# V2 adaptive trajectory benchmark; value-only; radial-only topology prebuilt; full-cold D14/topology per epoch; full-warm L2 D14 warm seed; repeats median; n_r=adaptive
case_id configuration_id profile d_bin_index epoch_index trajectory_id trajectory_pos target s q rho x y time u X reference topology_status topology_cells topology_events cold_ms warm_ms radial_ms cold_topology_ms warm_topology_ms radial_topology_ms cold_adaptive_ms warm_adaptive_ms radial_adaptive_ms cold_setup_ms warm_setup_ms radial_setup_ms cold_physical_ms warm_physical_ms radial_physical_ms cold_estimator_ms warm_estimator_ms radial_estimator_ms cold_scheduler_ms warm_scheduler_ms radial_scheduler_ms cold_mu warm_mu radial_mu cold_error warm_error radial_error cold_value_converged warm_value_converged radial_value_converged cold_stop warm_stop radial_stop cold_status warm_status radial_status cold_nodes warm_nodes radial_nodes cold_evaluations warm_evaluations radial_evaluations cold_panels warm_panels radial_panels cold_splits warm_splits radial_splits warm_l1 warm_l2 warm_l3 warm_rescreen_fail warm_seed_used
0 0 linear 0 0 0 0 0.001 0.2310772011499552 0.56332240832139935 0.00017266345397718498 1.1409911177008178 -4.0472265932659397 1.1409565850100225 0.5 -1.0576909932376057 7.037894869661673 OK 13 12 53.543574999999997 53.421154000000001 0.236785 53.252215 53.153646999999999 0 0.2913599999999974 0.26750700000000194 0.236785 0.011620999999999999 0.011582 0.016559000000000001 0.24758099999999988 0.22778000000000001 0.19640700000000003 0.0051470000000000005 0.0056220000000000003 0.0039280000000000001 0.0019170000000000001 0.00123 0.00088700000000000009 7.0379226907888537 7.0379226907888537 7.0379226907888537 0.006970917037953021 0.006970917037953021 0.006970917037953021 1 1 1 Converged Converged Converged OK OK OK 67 67 67 67 67 67 5 5 5 0 0 0 0 0 1 0 0
0 0 linear 0 7 0 1 0.001 0.2310772011499552 0.56332240832139935 0.00017266345397718498 1.1409911177008178 -4.0472265932659397 1.1409776049087674 0.5 -1.0577120131363507 7.1651902970737442 OK 13 12 53.600735 53.225199000000003 0.27638400000000002 53.243853000000001 52.827021000000002 0 0.35688199999999881 0.39817800000000148 0.27638400000000002 0.011524 0.010517 0.010536999999999999 0.31225499999999995 0.35725399999999996 0.24206099999999992 0.0067710000000000001 0.0068540000000000007 0.0047709999999999992 0.001926 0.0012360000000000001 0.00098299999999999993 7.1651756850427599 7.1651756850427599 7.1651756850427599 0.0042243841136262337 0.0042243841136262337 0.0042243841136262337 1 1 1 Converged Converged Converged OK OK OK 83 83 83 83 83 83 5 5 5 0 0 0 0 1 0 0 1
0 0 linear 0 15 0 2 0.001 0.2310772011499552 0.56332240832139935 0.00017266345397718498 1.1409911177008178 -4.0472265932659397 1.1410016276501904 0.5 -1.0577360358777737 7.2540663721087535 OK 13 12 53.659199999999998 53.663789000000001 0.31284099999999998 53.271296 53.201754999999999 0 0.38790399999999892 0.46203400000000272 0.31284099999999998 0.011761000000000001 0.010410000000000001 0.0091859999999999997 0.34327799999999997 0.41708799999999996 0.25764200000000009 0.0075040000000000003 0.0075420000000000001 0.0049269999999999991 0.001524 0.0021749999999999999 0.0011819999999999999 7.2540425509600803 7.2540425509600803 7.2540425509600803 0.0047351340955985475 0.0047351340955985475 0.0047351340955985475 1 1 1 Converged Converged Converged OK OK OK 91 91 91 91 91 91 5 5 5 0 0 0 0 1 0 0 1
0 0 linear 0 23 0 3 0.001 0.2310772011499552 0.56332240832139935 0.00017266345397718498 1.1409911177008178 -4.0472265932659397 1.1410256503916132 0.5 -1.0577600586191964 7.2792531935334868 OK 13 12 53.671613000000001 53.516421000000001 0.31436799999999998 53.263807999999997 53.114283999999998 0 0.4078050000000033 0.4021370000000033 0.31436799999999998 0.011591000000000001 0.010529999999999999 0.010229 0.36121099999999995 0.36151699999999981 0.28105900000000006 0.0098759999999999994 0.0079140000000000009 0.0044320000000000002 0.0015880000000000002 0.001596 0.0011029999999999998 7.2793514851610421 7.2793514851610421 7.2793514851610421 0.0045131773167325605 0.0045131773167325605 0.0045131773167325605 1 1 1 Converged Converged Converged OK OK OK 91 91 91 91 91 91 5 5 5 0 0 0 0 1 0 0 1
0 0 linear 0 0 0 0 0.0001 0.2310772011499552 0.56332240832139935 0.00017266345397718498 1.1409911177008178 -4.0472265932659397 1.1409565850100225 0.5 -1.0576909932376057 7.037894869661673 OK 13 12 53.640310999999997 53.726667999999997 0.35810999999999998 53.225862999999997 53.275753999999999 0 0.41444800000000015 0.45091399999999737 0.35810999999999998 0.011816 0.011924000000000001 0.011075 0.35188600000000009 0.38554800000000006 0.30795800000000018 0.0093400000000000011 0.011912000000000001 0.0067450000000000001 0.0021250000000000002 0.0022040000000000002 0.0014009999999999999 7.037916549943767 7.037916549943767 7.037916549943767 0.00061097229468238959 0.00061097229468238959 0.00061097229468238959 1 1 1 Converged Converged Converged OK OK OK 107 107 107 107 107 107 5 5 5 0 0 0 0 0 1 0 0
0 0 linear 0 7 0 1 0.0001 0.2310772011499552 0.56332240832139935 0.00017266345397718498 1.1409911177008178 -4.0472265932659397 1.1409776049087674 0.5 -1.0577120131363507 7.1651902970737442 OK 13 12 53.522528999999999 53.373320999999997 0.38398100000000002 53.105227999999997 52.789658000000003 0 0.41730100000000192 0.58366299999999427 0.38398100000000002 0.011665999999999999 0.010342 0.0093559999999999997 0.36231099999999999 0.51142100000000024 0.33365200000000006 0.01123 0.01242 0.0067259999999999993 0.0021419999999999998 0.0017200000000000002 0.00132 7.1651536136369565 7.1651536136369565 7.1651536136369565 0.00032612592464768391 0.00032612592464768391 0.00032612592464768391 1 1 1 Converged Converged Converged OK OK OK 123 123 123 123 123 123 5 5 5 0 0 0 0 1 0 0 1
0 0 linear 0 15 0 2 0.0001 0.2310772011499552 0.56332240832139935 0.00017266345397718498 1.1409911177008178 -4.0472265932659397 1.1410016276501904 0.5 -1.0577360358777737 7.2540663721087535 OK 13 12 53.711801000000001 53.804099999999998 0.37676999999999999 53.278415000000003 53.219849000000004 0 0.43338599999999872 0.58425099999999475 0.37676999999999999 0.012062 0.010518 0.0090589999999999993 0.37844300000000003 0.53010199999999996 0.33631299999999997 0.011478000000000002 0.010933999999999999 0.0064100000000000008 0.0024499999999999999 0.0037669999999999999 0.001392 7.2540771215429523 7.2540771215429523 7.2540771215429523 0.00044980356117641239 0.00044980356117641239 0.00044980356117641239 1 1 1 Converged Converged Converged OK OK OK 123 123 123 123 123 123 5 5 5 0 0 0 0 1 0 0 1
0 0 linear 0 23 0 3 0.0001 0.2310772011499552 0.56332240832139935 0.00017266345397718498 1.1409911177008178 -4.0472265932659397 1.1410256503916132 0.5 -1.0577600586191964 7.2792531935334868 OK 13 12 53.791854999999998 53.730334999999997 0.3836 53.339785999999997 53.111097000000001 0 0.45206900000000161 0.61923799999999574 0.3836 0.011616 0.010555 0.0092510000000000005 0.40020100000000008 0.56157999999999986 0.34373999999999993 0.010279000000000002 0.013036000000000001 0.0060899999999999999 0.0026760000000000004 0.0018960000000000001 0.0013060000000000001 7.2793538566257574 7.2793538566257574 7.2793538566257574 0.00042741280698348368 0.00042741280698348368 0.00042741280698348368 1 1 1 Converged Converged Converged OK OK OK 123 123 123 123 123 123 5 5 5 0 0 0 0 1 0 0 1
0 0 linear 1 0 1 0 0.001 0.2310772011499552 0.56332240832139935 0.00017266345397718498 -0.025946740223949404 -0.00013422659447861403 -0.025981272914744842 0.5 0.10924686468716169 589.76910771294774 OK 15 15 1.063253 1.04688 0.32850699999999999 0.72529999999999994 0.70996899999999996 0 0.33795300000000006 0.33691100000000007 0.32850699999999999 0.012149999999999999 0.011820000000000001 0.011495 0.28827299999999989 0.28981200000000007 0.28197099999999986 0.0050600000000000003 0.0048050000000000002 0.0049809999999999993 0.001341 0.0012340000000000001 0.0012990000000000002 589.76731831372365 589.76731831372365 589.76731831372365 0.37759342414534541 0.37759342414534541 0.37759342414534541 1 1 1 Converged Converged Converged OK OK OK 105 105 105 105 105 105 7 7 7 0 0 0 0 0 1 0 0
0 0 linear 1 7 1 1 0.001 0.2310772011499552 0.56332240832139935 0.00017266345397718498 -0.025946740223949404 -0.00013422659447861403 -0.025960253015999791 0.5 0.10922584478841664 593.08183624951698 OK 15 15 0.91452100000000003 0.82202600000000003 0.32146400000000003 0.59061399999999997 0.46318999999999999 0 0.32390700000000006 0.35883600000000004 0.32146400000000003 0.012539 0.012670000000000001 0.011730000000000001 0.28511300000000001 0.31935199999999986 0.28364199999999989 0.0051150000000000006 0.0056660000000000009 0.0052549999999999993 0.001255 0.0013110000000000001 0.0013680000000000001 593.09247526628167 593.09247526628167 593.09247526628167 0.32958847976937145 0.32958847976937145 0.32958847976937145 1 1 1 Converged Converged Converged OK OK OK 105 105 105 105 105 105 7 7 7 0 0 0 0 1 0 0 1
0 0 linear 1 15 1 2 0.001 0.2310772011499552 0.56332240832139935 0.00017266345397718498 -0.025946740223949404 -0.00013422659447861403 -0.02593623027457688 0.5 0.10920182204699373 596.52004720667082 OK 16 15 1.1488430000000001 1.047445 0.44472 0.70100600000000002 0.56858600000000004 0 0.44783700000000004 0.47885899999999992 0.44472 0.012455000000000001 0.012828000000000001 0.011587 0.40135399999999988 0.43069000000000002 0.39983200000000002 0.0060830000000000007 0.00679 0.006167999999999999 0.0014339999999999999 0.0015550000000000002 0.0014559999999999998 596.53003682974679 596.53003682974679 596.53003682974679 0.35116707200867475 0.35116707200867475 0.35116707200867475 1 1 1 Converged Converged Converged OK OK OK 128 128 128 128 128 128 8 8 8 0 0 0 0 1 0 0 1
0 0 linear 1 23 1 3 0.001 0.2310772011499552 0.56332240832139935 0.00017266345397718498 -0.025946740223949404 -0.00013422659447861403 -0.025912207533153965 0.5 0.10917779930557081 599.53614633227335 OK 16 15 0.95954700000000004 0.86546000000000001 0.45587800000000001 0.52279699999999996 0.39875100000000002 0 0.43675000000000008 0.46670899999999998 0.45587800000000001 0.012588999999999999 0.012761 0.011675 0.3936360000000001 0.42295199999999999 0.41218099999999996 0.0058630000000000002 0.0062629999999999995 0.0070240000000000007 0.0013940000000000003 0.0014239999999999997 0.0013909999999999999 599.54254534181996 599.54254534181996 599.54254534181996 0.3568022554357852 0.3568022554357852 0.3568022554357852 1 1 1 Converged Converged Converged OK OK OK 128 128 128 128 128 128 8 8 8 0 0 0 0 1 0 0 1
0 0 linear 1 0 1 0 0.0001 0.2310772011499552 0.56332240832139935 0.00017266345397718498 -0.025946740223949404 -0.00013422659447861403 -0.025981272914744842 0.5 0.10924686468716169 589.76910771294774 OK 15 15 1.2112830000000001 1.2243390000000001 0.497193 0.71624699999999997 0.70755800000000002 0 0.49503600000000014 0.51678100000000005 0.497193 0.011969 0.011826 0.011747 0.42991799999999986 0.44883499999999987 0.428423 0.0075319999999999996 0.00762 0.0084449999999999994 0.001709 0.0016790000000000002 0.0016929999999999998 589.77282612189231 589.77282612189231 589.77282612189231 0.052781350480709512 0.052781350480709512 0.052781350480709512 1 1 1 Converged Converged Converged OK OK OK 153 153 153 153 153 153 7 7 7 0 0 0 0 0 1 0 0
0 0 linear 1 7 1 1 0.0001 0.2310772011499552 0.56332240832139935 0.00017266345397718498 -0.025946740223949404 -0.00013422659447861403 -0.025960253015999791 0.5 0.10922584478841664 593.08183624951698 OK 15 15 1.011104 0.92774299999999998 0.41844700000000001 0.59221500000000005 0.46925699999999998 0 0.41888899999999996 0.458486 0.41844700000000001 0.012494 0.012774000000000001 0.012050999999999999 0.37176299999999995 0.40966400000000008 0.371666 0.0067569999999999991 0.0076470000000000002 0.0072739999999999992 0.0015779999999999998 0.0015589999999999998 0.0016859999999999998 593.08564034785877 593.08564034785877 593.08564034785877 0.039263553918066088 0.039263553918066088 0.039263553918066088 1 1 1 Converged Converged Converged OK OK OK 137 137 137 137 137 137 7 7 7 0 0 0 0 1 0 0 1
0 0 linear 1 15 1 2 0.0001 0.2310772011499552 0.56332240832139935 0.00017266345397718498 -0.025946740223949404 -0.00013422659447861403 -0.02593623027457688 0.5 0.10920182204699373 596.52004720667082 OK 16 15 1.3738699999999999 1.2734179999999999 0.67079200000000005 0.70527799999999996 0.56304299999999996 0 0.66859199999999996 0.71037499999999998 0.67079200000000005 0.012342000000000001 0.012758 0.01179 0.60496499999999986 0.64517199999999997 0.60811899999999974 0.010336 0.011387000000000001 0.010681 0.0018489999999999999 0.0018970000000000002 0.0019399999999999997 596.52485324238057 596.52485324238057 596.52485324238057 0.035895822013788832 0.035895822013788832 0.035895822013788832 1 1 1 Converged Converged Converged OK OK OK 192 192 192 192 192 192 8 8 8 0 0 0 0 1 0 0 1
0 0 linear 1 23 1 3 0.0001 0.2310772011499552 0.56332240832139935 0.00017266345397718498 -0.025946740223949404 -0.00013422659447861403 -0.025912207533153965 0.5 0.10917779930557081 599.53614633227335 OK 16 15 1.182734 1.0995459999999999 0.65341899999999997 0.52727800000000002 0.39794400000000002 0 0.65545599999999993 0.70160199999999984 0.65341899999999997 0.012335 0.020131 0.011771999999999999 0.59673199999999982 0.63229100000000038 0.59616399999999981 0.010172 0.012475 0.010265000000000002 0.0017570000000000001 0.001882 0.0017549999999999998 599.53810312492749 599.53810312492749 599.53810312492749 0.034717586447017973 0.034717586447017973 0.034717586447017973 1 1 1 Converged Converged Converged OK OK OK 192 192 192 192 192 192 8 8 8 0 0 0 0 1 0 0 1
0 0 linear 2 0 2 0 0.001 0.2310772011499552 0.56332240832139935 0.00017266345397718498 1.1410334214605786 -4.0468798240857806 1.1409988887697833 0.5 -1.0577332969973665 2.3667306603356812 OK 13 12 37.907134999999997 37.694867000000002 0.226991 37.666868999999998 37.457040999999997 0 0.24026599999999831 0.23782600000000542 0.226991 0.012319999999999999 0.011021 0.010423 0.19464799999999993 0.19076299999999999 0.18707400000000002 0.0072320000000000006 0.0078940000000000017 0.0051460000000000004 0.00095699999999999995 0.00094900000000000008 0.00081800000000000004 2.3667291596036724 2.3667291596036724 2.3667291596036724 0.0019344153205984014 0.0019344153205984014 0.0019344153205984014 1 1 1 Converged Converged Converged OK OK OK 61 61 61 61 61 61 3 3 3 0 0 0 0 0 1 0 0
0 0 linear 2 7 2 1 0.001 0.2310772011499552 0.56332240832139935 0.00017266345397718498 1.1410334214605786 -4.0468798240857806 1.1410199086685282 0.5 -1.0577543168961114 2.4102124914501046 OK 13 12 51.584954000000003 51.420687999999998 0.20114899999999999 51.359478000000003 51.095992000000003 0 0.22547600000000045 0.32469599999999588 0.20114899999999999 0.010928 0.010370000000000001 0.010591 0.18923200000000001 0.28635299999999991 0.16540199999999997 0.0056840000000000007 0.0071149999999999998 0.003676 0.00099399999999999987 0.00089899999999999995 0.00071300000000000009 2.4102109454225378 2.4102109454225378 2.4102109454225378 0.0019349087191439223 0.0019349087191439223 0.0019349087191439223 1 1 1 Converged Converged Converged OK OK OK 61 61 61 61 61 61 3 3 3 0 0 0 0 1 0 0 1
0 0 linear 2 15 2 2 0.001 0.2310772011499552 0.56332240832139935 0.00017266345397718498 1.1410334214605786 -4.0468798240857806 1.1410439314099512 0.5 -1.0577783396375344 2.4659820375089936 OK 13 12 51.665847999999997 51.684410999999997 0.189252 51.424585999999998 51.389353 0 0.24126199999999898 0.29505799999999738 0.189252 0.010395 0.010441000000000001 0.010352 0.20406200000000002 0.25877999999999995 0.15942300000000001 0.0067290000000000006 0.0060670000000000003 0.0035130000000000001 0.00096400000000000001 0.00095300000000000007 0.00068400000000000004 2.4659804224859272 2.4659804224859272 2.4659804224859272 0.0019354768813307362 0.0019354768813307362 0.0019354768813307362 1 1 1 Converged Converged Converged OK OK OK 61 61 61 61 61 61 3 3 3 0 0 0 0 1 0 0 1
0 0 linear 2 23 2 3 0.001 0.2310772011499552 0.56332240832139935 0.00017266345397718498 1.1410334214605786 -4.0468798240857806 1.141067954151374 0.5 -1.0578023623789572 2.5300573667300794 OK 13 12 53.767288000000001 53.626742 0.19781099999999999 53.503041000000003 53.290213000000001 0 0.26424699999999746 0.33652899999999875 0.19781099999999999 0.010711 0.010654 0.010614 0.22495699999999993 0.297346 0.16753800000000002 0.0071290000000000008 0.0075110000000000003 0.003565 0.0010790000000000001 0.00098499999999999998 0.00067900000000000002 2.5300557252343201 2.5300557252343201 2.5300557252343201 0.0019360507043538126 0.0019360507043538126 0.0019360507043538126 1 1 1 Converged Converged Converged OK OK OK 61 61 61 61 61 61 3 3 3 0 0 0 0 1 0 0 1
0 0 linear 2 0 2 0 0.0001 0.2310772011499552 0.56332240832139935 0.00017266345397718498 1.1410334214605786 -4.0468798240857806 1.1409988887697833 0.5 -1.0577332969973665 2.3667306603356812 OK 13 12 37.819276000000002 37.86186 0.28261999999999998 37.513480999999999 37.530771000000001 0 0.30579500000000337 0.33108899999999863 0.28261999999999998 0.012189 0.010938 0.010714 0.2484310000000001 0.26963500000000001 0.23343099999999994 0.008350999999999999 0.010978000000000002 0.0062620000000000002 0.0012550000000000003 0.0011529999999999999 0.0010499999999999999 2.366729160658418 2.366729160658418 2.366729160658418 5.1799598999516432e-08 5.1799598999516432e-08 5.1799598999516432e-08 1 1 1 Converged Converged Converged OK OK OK 93 93 93 93 93 93 3 3 3 0 0 0 0 0 1 0 0
0 0 linear 2 7 2 1 0.0001 0.2310772011499552 0.56332240832139935 0.00017266345397718498 1.1410334214605786 -4.0468798240857806 1.1410199086685282 0.5 -1.0577543168961114 2.4102124914501046 OK 13 12 51.603205000000003 51.470571999999997 0.23300599999999999 51.306294000000001 51.097115000000002 0 0.29691100000000148 0.37345699999999482 0.23300599999999999 0.010354 0.010484 0.0106 0.25288999999999995 0.32976299999999986 0.19710400000000008 0.0079620000000000003 0.0076010000000000001 0.0047080000000000004 0.0012080000000000001 0.0012389999999999999 0.00083500000000000002 2.4102109463500576 2.4102109463500576 2.4102109463500576 0.00024076789281731018 0.00024076789281731018 0.00024076789281731018 1 1 1 Converged Converged Converged OK OK OK 77 77 77 77 77 77 3 3 3 0 0 0 0 1 0 0 1
0 0 linear 2 15 2 2 0.0001 0.2310772011499552 0.56332240832139935 0.00017266345397718498 1.1410334214605786 -4.0468798240857806 1.1410439314099512 0.5 -1.0577783396375344 2.4659820375089936 OK 13 12 51.761009999999999 51.734299999999998 0.213565 51.477826999999998 51.383659999999999 0 0.28318300000000107 0.35063999999999851 0.213565 0.010376 0.010829 0.0095069999999999998 0.23880399999999996 0.30924400000000002 0.18013800000000005 0.0082039999999999995 0.0067079999999999996 0.0043619999999999996 0.00099400000000000009 0.00099100000000000013 0.00078800000000000007 2.4659804234077263 2.4659804234077263 2.4659804234077263 0.00024133606683887182 0.00024133606683887182 0.00024133606683887182 1 1 1 Converged Converged Converged OK OK OK 77 77 77 77 77 77 3 3 3 0 0 0 0 1 0 0 1
0 0 linear 2 23 2 3 0.0001 0.2310772011499552 0.56332240832139935 0.00017266345397718498 1.1410334214605786 -4.0468798240857806 1.141067954151374 0.5 -1.0578023623789572 2.5300573667300794 OK 13 12 53.705866999999998 53.576932999999997 0.22261400000000001 53.409005999999998 53.166127000000003 0 0.29686099999999982 0.41080599999999379 0.22261400000000001 0.010697999999999999 0.010606000000000001 0.0095860000000000008 0.25279500000000005 0.36420899999999995 0.18902100000000008 0.0083430000000000015 0.0089870000000000002 0.004261 0.0010220000000000001 0.001054 0.00079299999999999998 2.5300557261586096 2.5300557261586096 2.5300557261586096 0.00024190991475458033 0.00024190991475458033 0.00024190991475458033 1 1 1 Converged Converged Converged OK OK OK 77 77 77 77 77 77 3 3 3 0 0 0 0 1 0 0 1
0 0 linear 3 0 3 0 0.001 0.2310772011499552 0.56332240832139935 0.00017266345397718498 0.019011618393043918 -0.00044021513465950505 0.018977085702248479 0.5 0.064288506070168366 488.05744869038392 OK 15 14 0.72274000000000005 0.72083900000000001 0.17830699999999999 0.54023699999999997 0.54074199999999994 0 0.18250300000000008 0.18009700000000006 0.17830699999999999 0.015628 0.015778 0.015187000000000001 0.13523100000000005 0.13305899999999998 0.13199900000000001 0.0046030000000000003 0.0046429999999999996 0.0045260000000000005 0.00096699999999999998 0.00096499999999999993 0.00094199999999999991 488.05716329461848 488.05716329461848 488.05716329461848 0.47021223287290137 0.47021223287290137 0.47021223287290137 1 1 1 Converged Converged Converged OK OK OK 83 83 83 83 83 83 5 5 5 0 0 0 0 0 1 0 0
0 0 linear 3 7 3 1 0.001 0.2310772011499552 0.56332240832139935 0.00017266345397718498 0.019011618393043918 -0.00044021513465950505 0.01899810560099353 0.5 0.064267486171423319 497.79328032918818 OK 15 14 0.80702300000000005 0.78069699999999997 0.173869 0.62647299999999995 0.484321 0 0.1805500000000001 0.29637599999999997 0.173869 0.014801 0.014897000000000001 0.014056000000000001 0.13902499999999998 0.25523699999999999 0.13461000000000001 0.004738 0.0044900000000000001 0.0043049999999999998 0.001116 0.0010120000000000001 0.00098899999999999986 497.79296944733449 497.79296944733449 497.79296944733449 0.48479189166936987 0.48479189166936987 0.48479189166936987 1 1 1 Converged Converged Converged OK OK OK 83 83 83 83 83 83 5 5 5 0 0 0 0 1 0 0 1
0 0 linear 3 15 3 2 0.001 0.2310772011499552 0.56332240832139935 0.00017266345397718498 0.019011618393043918 -0.00044021513465950505 0.019022128342416442 0.5 0.064243463430000411 510.01613600715001 OK 15 14 0.82177 0.78652599999999995 0.17310500000000001 0.64293100000000003 0.49823699999999999 0 0.17883899999999997 0.28828899999999996 0.17310500000000001 0.014983 0.015041000000000001 0.014262 0.13794299999999993 0.24724400000000002 0.13373500000000002 0.0045279999999999999 0.0046170000000000004 0.004385 0.00093100000000000008 0.00094000000000000008 0.00091299999999999997 510.01575430523633 510.01575430523633 510.01575430523633 0.50466256529897469 0.50466256529897469 0.50466256529897469 1 1 1 Converged Converged Converged OK OK OK 83 83 83 83 83 83 5 5 5 0 0 0 0 1 0 0 1
0 0 linear 3 23 3 3 0.001 0.2310772011499552 0.56332240832139935 0.00017266345397718498 0.019011618393043918 -0.00044021513465950505 0.019046151083839356 0.5 0.064219440688577489 523.73830156079396 OK 15 14 0.75407500000000005 0.77054900000000004 0.19703599999999999 0.55115000000000003 0.418375 0 0.20292500000000002 0.35217400000000004 0.19703599999999999 0.014633 0.014649000000000001 0.013968 0.15573099999999998 0.3049170000000001 0.151561 0.0057809999999999997 0.0056499999999999996 0.0054090000000000006 0.001163 0.0011119999999999999 0.0010969999999999999 523.73782250076636 523.73782250076636 523.73782250076636 0.13634903681591559 0.13634903681591559 0.13634903681591559 1 1 1 Converged Converged Converged OK OK OK 99 99 99 99 99 99 5 5 5 0 0 0 0 1 0 0 1
0 0 linear 3 0 3 0 0.0001 0.2310772011499552 0.56332240832139935 0.00017266345397718498 0.019011618393043918 -0.00044021513465950505 0.018977085702248479 0.5 0.064288506070168366 488.05744869038392 OK 15 14 0.77338700000000005 0.77100500000000005 0.23085600000000001 0.54058300000000004 0.54182699999999995 0 0.23280400000000001 0.2291780000000001 0.23085600000000001 0.015703000000000002 0.015514999999999999 0.014945 0.17294999999999999 0.17016199999999995 0.17198499999999986 0.0064139999999999996 0.0062430000000000003 0.0062169999999999994 0.001232 0.0011960000000000002 0.0012030000000000001 488.05716442285001 488.05716442285001 488.05716442285001 0.017933015289309285 0.017933015289309285 0.017933015289309285 1 1 1 Converged Converged Converged OK OK OK 115 115 115 115 115 115 5 5 5 0 0 0 0 0 1 0 0
0 0 linear 3 7 3 1 0.0001 0.2310772011499552 0.56332240832139935 0.00017266345397718498 0.019011618393043918 -0.00044021513465950505 0.01899810560099353 0.5 0.064267486171423319 497.79328032918818 OK 15 14 0.85531100000000004 0.90300599999999998 0.22179199999999999 0.63128200000000001 0.486512 0 0.22402900000000003 0.41649399999999998 0.22179199999999999 0.014699 0.014759 0.014047 0.17368499999999998 0.36569699999999988 0.17224900000000004 0.0061479999999999998 0.0063409999999999994 0.0062820000000000003 0.0012620000000000001 0.001255 0.0012440000000000001 497.79297068544543 497.79297068544543 497.79297068544543 0.017993272831493139 0.017993272831493139 0.017993272831493139 1 1 1 Converged Converged Converged OK OK OK 115 115 115 115 115 115 5 5 5 0 0 0 0 1 0 0 1
0 0 linear 3 15 3 2 0.0001 0.2310772011499552 0.56332240832139935 0.00017266345397718498 0.019011618393043918 -0.00044021513465950505 0.019022128342416442 0.5 0.064243463430000411 510.01613600715001 OK 15 14 0.87154900000000002 0.91548300000000005 0.22065699999999999 0.64392700000000003 0.50124800000000003 0 0.22762199999999999 0.41423500000000002 0.22065699999999999 0.015041000000000001 0.015330999999999999 0.014267999999999999 0.17656000000000013 0.36280899999999999 0.17125000000000004 0.0064639999999999993 0.0063509999999999999 0.0061890000000000001 0.0012160000000000001 0.0012390000000000001 0.0012019999999999999 510.01575572599387 510.01575572599387 510.01575572599387 0.018092518073835002 0.018092518073835002 0.018092518073835002 1 1 1 Converged Converged Converged OK OK OK 115 115 115 115 115 115 5 5 5 0 0 0 0 1 0 0 1
0 0 linear 3 23 3 3 0.0001 0.2310772011499552 0.56332240832139935 0.00017266345397718498 0.019011618393043918 -0.00044021513465950505 0.019046151083839356 0.5 0.064219440688577489 523.73830156079396 OK 15 14 0.77665600000000001 0.82696800000000004 0.219525 0.55082100000000001 0.419653 0 0.22583500000000001 0.40731500000000004 0.219525 0.014664999999999999 0.014710000000000001 0.014005 0.17518299999999992 0.35635600000000012 0.17064899999999986 0.0065469999999999999 0.0065069999999999998 0.0062820000000000003 0.0012160000000000001 0.001204 0.0011829999999999998 523.73782257755784 523.73782257755784 523.73782257755784 0.018242409900326616 0.018242409900326616 0.018242409900326616 1 1 1 Converged Converged Converged OK OK OK 115 115 115 115 115 115 5 5 5 0 0 0 0 1 0 0 1
0 0 linear 4 0 4 0 0.001 0.2310772011499552 0.56332240832139935 0.00017266345397718498 1.1436514944760341 -4.0397331535590295 1.1436169617852388 0.5 -1.060351370012822 2.6196492485236935 OK 13 12 0.54303299999999999 0.54318 0.16203999999999999 0.37453599999999998 0.37962699999999999 0 0.16849700000000001 0.163553 0.16203999999999999 0.01146 0.011546000000000001 0.011247 0.13984099999999999 0.13498999999999994 0.13414699999999996 0.0024200000000000003 0.0024869999999999996 0.0022170000000000002 0.00064900000000000005 0.00067200000000000007 0.00061499999999999999 2.6196476657497758 2.6196476657497758 2.6196476657497758 0.0024769177507439986 0.0024769177507439986 0.0024769177507439986 1 1 1 Converged Converged Converged OK OK OK 52 52 52 52 52 52 4 4 4 0 0 0 0 0 1 0 0
0 0 linear 4 7 4 1 0.001 0.2310772011499552 0.56332240832139935 0.00017266345397718498 1.1436514944760341 -4.0397331535590295 1.1436379816839837 0.5 -1.0603723899115669 2.5174345319049873 OK 13 12 0.54593499999999995 0.45410099999999998 0.15265799999999999 0.39245400000000003 0.24201700000000001 0 0.15348099999999992 0.21208399999999997 0.15265799999999999 0.010755000000000001 0.010713 0.013195999999999999 0.12776500000000002 0.18685199999999999 0.12574799999999997 0.0028770000000000002 0.002627 0.0024400000000000003 0.00071699999999999997 0.00062600000000000004 0.00059899999999999992 2.5174331937772849 2.5174331937752905 2.5174331937772849 0.0023104947503747035 0.002310494750342429 0.0023104947503747035 1 1 1 Converged Converged Converged OK OK OK 52 52 52 52 52 52 4 4 4 0 0 0 0 1 0 0 1
0 0 linear 4 15 4 2 0.001 0.2310772011499552 0.56332240832139935 0.00017266345397718498 1.1436514944760341 -4.0397331535590295 1.1436620044254067 0.5 -1.0603964126529899 2.4212347726041608 OK 13 12 0.58483799999999997 0.53546300000000002 0.183336 0.39710499999999999 0.24751899999999999 0 0.18773299999999998 0.28794400000000003 0.183336 0.010122000000000001 0.010014 0.0095180000000000004 0.15853500000000009 0.25928599999999996 0.15615099999999993 0.0037170000000000007 0.0034260000000000002 0.0032709999999999996 0.00074599999999999992 0.00068199999999999999 0.00070300000000000007 2.4212389482947514 2.4212389482950818 2.4212389482947514 0.0021818637763978722 0.0021818637778224332 0.0021818637763978722 1 1 1 Converged Converged Converged OK OK OK 68 68 68 68 68 68 4 4 4 0 0 0 0 1 0 0 1
0 0 linear 4 23 4 3 0.001 0.2310772011499552 0.56332240832139935 0.00017266345397718498 1.1436514944760341 -4.0397331535590295 1.1436860271668294 0.5 -1.0604204353944127 2.3408523335578364 OK 13 12 0.54943600000000004 0.50578699999999999 0.16954 0.37510500000000002 0.24379600000000001 0 0.17433100000000001 0.26199099999999997 0.16954 0.010404 0.010392 0.0097959999999999992 0.14331699999999992 0.23167199999999996 0.14071200000000003 0.0037340000000000003 0.0035409999999999994 0.0033100000000000004 0.00080699999999999999 0.00077300000000000003 0.00075600000000000005 2.3408509317784856 2.3408509317784856 2.3408509317784856 0.0018757721577348225 0.0018757721577348225 0.0018757721577348225 1 1 1 Converged Converged Converged OK OK OK 61 61 61 61 61 61 3 3 3 0 0 0 0 1 0 0 1
0 0 linear 4 0 4 0 0.0001 0.2310772011499552 0.56332240832139935 0.00017266345397718498 1.1436514944760341 -4.0397331535590295 1.1436169617852388 0.5 -1.060351370012822 2.6196492485236935 OK 13 12 0.60220899999999999 0.59512200000000004 0.223608 0.37933299999999998 0.37440899999999999 0 0.22287600000000002 0.22071300000000005 0.223608 0.011282 0.011318999999999999 0.011057000000000001 0.18581999999999993 0.18378500000000003 0.18645400000000001 0.0035490000000000005 0.0036099999999999995 0.0037060000000000001 0.00086699999999999993 0.00087600000000000004 0.00091800000000000009 2.6196476074417663 2.6196476074417663 2.6196476074417663 0.00025851180376925721 0.00025851180376925721 0.00025851180376925721 1 1 1 Converged Converged Converged OK OK OK 76 76 76 76 76 76 4 4 4 0 0 0 0 0 1 0 0
0 0 linear 4 7 4 1 0.0001 0.2310772011499552 0.56332240832139935 0.00017266345397718498 1.1436514944760341 -4.0397331535590295 1.1436379816839837 0.5 -1.0603723899115669 2.5174345319049873 OK 13 12 0.67005499999999996 0.65382899999999999 0.26952599999999999 0.39253300000000002 0.24369199999999999 0 0.27752199999999994 0.41013699999999997 0.26952599999999999 0.010643 0.010777 0.010108000000000001 0.23658500000000005 0.368203 0.22970500000000002 0.0050229999999999997 0.0055799999999999999 0.0049889999999999995 0.00099500000000000001 0.001024 0.00099400000000000009 2.5174329294964881 2.5174329294955227 2.5174329294964881 0.00014827228788715345 0.00014827228719041803 0.00014827228788715345 1 1 1 Converged Converged Converged OK OK OK 100 100 100 100 100 100 4 4 4 0 0 0 0 1 0 0 1
0 0 linear 4 15 4 2 0.0001 0.2310772011499552 0.56332240832139935 0.00017266345397718498 1.1436514944760341 -4.0397331535590295 1.1436620044254067 0.5 -1.0603964126529899 2.4212347726041608 OK 13 12 0.69880299999999995 0.724109 0.29999999999999999 0.39401599999999998 0.24835199999999999 0 0.30478699999999997 0.47575699999999999 0.29999999999999999 0.0099799999999999993 0.010179000000000001 0.0094500000000000001 0.26341500000000007 0.43007600000000001 0.25944099999999998 0.0069709999999999998 0.0073640000000000008 0.006803 0.00095299999999999996 0.00092000000000000003 0.00092400000000000013 2.4212333290209549 2.421233329021919 2.4212333290209549 0.00019275359042609003 0.00019275359061126602 0.00019275359042609003 1 1 1 Converged Converged Converged OK OK OK 116 116 116 116 116 116 4 4 4 0 0 0 0 1 0 0 1
0 0 linear 4 23 4 3 0.0001 0.2310772011499552 0.56332240832139935 0.00017266345397718498 1.1436514944760341 -4.0397331535590295 1.1436860271668294 0.5 -1.0604204353944127 2.3408523335578364 OK 13 12 0.59289599999999998 0.56715599999999999 0.20868700000000001 0.38037900000000002 0.24537800000000001 0 0.21251699999999996 0.32177800000000001 0.20868700000000001 0.010390999999999999 0.010499 0.0098820000000000002 0.17760700000000001 0.28651799999999999 0.17480000000000012 0.0041799999999999997 0.0043779999999999999 0.0040689999999999997 0.00087600000000000004 0.00092800000000000001 0.0008740000000000001 2.3408509327007434 2.3408509327007434 2.3408509327007434 0.00018160801331078096 0.00018160801331078096 0.00018160801331078096 1 1 1 Converged Converged Converged OK OK OK 77 77 77 77 77 77 3 3 3 0 0 0 0 1 0 0 1
0 0 uniform 0 0 5 0 0.001 0.2310772011499552 0.56332240832139935 0.00017266345397718498 1.1409911177008178 -4.0472265932659397 1.1409565850100225 0 -1.0576909932376057 6.8139830013407305 OK 13 12 53.484513 53.485315999999997 0.26118999999999998 53.222830999999999 53.220607000000001 0 0.26168200000000041 0.26470899999999631 0.26118999999999998 0.011391 0.011759 0.010926999999999999 0.21907399999999996 0.22234799999999993 0.22542800000000005 0.0050949999999999997 0.0049359999999999994 0.0037200000000000002 0.0011609999999999999 0.0011430000000000001 0.0010009999999999999 6.8139867820913782 6.8139867820913782 6.8139867820913782 0.0057325322954999572 0.0057325322954999572 0.0057325322954999572 1 1 1 Converged Converged Converged OK OK OK 67 67 67 67 67 67 5 5 5 0 0 0 0 0 1 0 0
0 0 uniform 0 7 5 1 0.001 0.2310772011499552 0.56332240832139935 0.00017266345397718498 1.1409911177008178 -4.0472265932659397 1.1409776049087674 0 -1.0577120131363507 6.9223164812350113 OK 13 12 53.499169000000002 53.195368000000002 0.260905 53.166508999999998 52.798943999999999 0 0.33266000000000417 0.39642400000000322 0.260905 0.011610000000000001 0.010472 0.010543 0.28745799999999994 0.35589899999999997 0.22692900000000008 0.0067089999999999997 0.0060610000000000004 0.0041789999999999996 0.0022859999999999998 0.001189 0.00096500000000000015 6.9223389959685582 6.9223389959685582 6.9223389959685582 0.0035235967107937879 0.0035235967107937879 0.0035235967107937879 1 1 1 Converged Converged Converged OK OK OK 83 83 83 83 83 83 5 5 5 0 0 0 0 1 0 0 1
0 0 uniform 0 15 5 2 0.001 0.2310772011499552 0.56332240832139935 0.00017266345397718498 1.1409911177008178 -4.0472265932659397 1.1410016276501904 0 -1.0577360358777737 7.0045095553354182 OK 13 12 53.617888000000001 53.667605999999999 0.27575499999999997 53.250864999999997 53.289489000000003 0 0.36702300000000321 0.37811699999999604 0.27575499999999997 0.011521999999999999 0.010309 0.010382000000000001 0.32164999999999982 0.33682900000000005 0.24126600000000001 0.0071319999999999995 0.007219999999999999 0.0042430000000000002 0.0022130000000000001 0.0014069999999999998 0.0011489999999999998 7.0045054110051712 7.0045054110051712 7.0045054110051712 0.0035952617492556217 0.0035952617492556217 0.0035952617492556217 1 1 1 Converged Converged Converged OK OK OK 91 91 91 91 91 91 5 5 5 0 0 0 0 1 0 0 1
0 0 uniform 0 23 5 3 0.001 0.2310772011499552 0.56332240832139935 0.00017266345397718498 1.1409911177008178 -4.0472265932659397 1.1410256503916132 0 -1.0577600586191964 7.0403851828477153 OK 13 12 53.587719 53.560648999999998 0.272287 53.275463000000002 53.137982999999998 0 0.31225599999999787 0.42266599999999954 0.272287 0.011560000000000001 0.010661 0.010201999999999999 0.27168000000000003 0.37679200000000013 0.24007500000000004 0.0073590000000000001 0.0075059999999999997 0.0040270000000000002 0.001431 0.0019940000000000001 0.001052 7.0403829421848272 7.0403829421848272 7.0403829421848272 0.0030273162342181826 0.0030273162342181826 0.0030273162342181826 1 1 1 Converged Converged Converged OK OK OK 91 91 91 91 91 91 5 5 5 0 0 0 0 1 0 0 1
0 0 uniform 0 0 5 0 0.0001 0.2310772011499552 0.56332240832139935 0.00017266345397718498 1.1409911177008178 -4.0472265932659397 1.1409565850100225 0 -1.0576909932376057 6.8139830013407305 OK 13 12 53.702109 53.654465000000002 0.32925700000000002 53.259346999999998 53.253225999999998 0 0.44276200000000188 0.4012390000000039 0.32925700000000002 0.011745 0.011684999999999999 0.012331999999999999 0.38073899999999988 0.34404799999999996 0.281308 0.008402999999999999 0.0081899999999999994 0.006154999999999999 0.0023379999999999998 0.0016659999999999999 0.0014120000000000001 6.8139823806047159 6.8139823806047159 6.8139823806047159 0.00044937629663972052 0.00044937629663972052 0.00044937629663972052 1 1 1 Converged Converged Converged OK OK OK 107 107 107 107 107 107 5 5 5 0 0 0 0 0 1 0 0
0 0 uniform 0 7 5 1 0.0001 0.2310772011499552 0.56332240832139935 0.00017266345397718498 1.1409911177008178 -4.0472265932659397 1.1409776049087674 0 -1.0577120131363507 6.9223164812350113 OK 13 12 53.433249000000004 53.426900000000003 0.312583 53.003283000000003 53.026913999999998 0 0.42996600000000029 0.3999860000000055 0.312583 0.011690000000000001 0.010886 0.0092650000000000007 0.38192500000000001 0.35748600000000003 0.27698300000000009 0.0084349999999999998 0.0083960000000000007 0.0054640000000000001 0.0015500000000000002 0.001467 0.0011970000000000001 6.9223156672999036 6.9223156672999036 6.9223156672999036 0.00051972022107535344 0.00051972022107535344 0.00051972022107535344 1 1 1 Converged Converged Converged OK OK OK 107 107 107 107 107 107 5 5 5 0 0 0 0 1 0 0 1
0 0 uniform 0 15 5 2 0.0001 0.2310772011499552 0.56332240832139935 0.00017266345397718498 1.1409911177008178 -4.0472265932659397 1.1410016276501904 0 -1.0577360358777737 7.0045095553354182 OK 13 12 53.750219000000001 53.700425000000003 0.31019999999999998 53.316152000000002 53.296379999999999 0 0.43406699999999887 0.40404500000000354 0.31019999999999998 0.011559 0.010572 0.0092630000000000004 0.38697000000000004 0.35957400000000012 0.27553400000000006 0.0082039999999999995 0.0081449999999999995 0.0049880000000000002 0.0015440000000000002 0.00156 0.0012080000000000001 7.004508682479142 7.004508682479142 7.004508682479142 0.00068731929963308813 0.00068731929963308813 0.00068731929963308813 1 1 1 Converged Converged Converged OK OK OK 107 107 107 107 107 107 5 5 5 0 0 0 0 1 0 0 1
0 0 uniform 0 23 5 3 0.0001 0.2310772011499552 0.56332240832139935 0.00017266345397718498 1.1409911177008178 -4.0472265932659397 1.1410256503916132 0 -1.0577600586191964 7.0403851828477153 OK 13 12 53.736910999999999 53.641905999999999 0.30787199999999998 53.298586 53.164000999999999 0 0.43832499999999897 0.4779049999999998 0.30787199999999998 0.011728000000000001 0.01043 0.0088880000000000001 0.39028799999999991 0.43357500000000004 0.27405899999999989 0.0084180000000000019 0.0082029999999999985 0.0047999999999999996 0.0014609999999999998 0.0014570000000000002 0.001109 7.0403853999291792 7.0403853999291792 7.0403853999291792 0.00064662644413119642 0.00064662644413119642 0.00064662644413119642 1 1 1 Converged Converged Converged OK OK OK 107 107 107 107 107 107 5 5 5 0 0 0 0 1 0 0 1
0 0 uniform 1 0 6 0 0.001 0.2310772011499552 0.56332240832139935 0.00017266345397718498 -0.025946740223949404 -0.00013422659447861403 -0.025981272914744842 0 0.10924686468716169 627.73840599620598 OK 15 15 0.99549900000000002 0.99335200000000001 0.27788400000000002 0.71067400000000003 0.71324399999999999 0 0.28482499999999999 0.28010800000000002 0.27788400000000002 0.012255 0.012229 0.011615 0.23648000000000002 0.23219900000000007 0.23084599999999994 0.0048799999999999998 0.0049209999999999992 0.0050010000000000002 0.0014420000000000001 0.0013519999999999999 0.0013709999999999998 627.72831737403214 627.72831737403214 627.72831737403214 0.33097775621602127 0.33097775621602127 0.33097775621602127 1 1 1 Converged Converged Converged OK OK OK 105 105 105 105 105 105 7 7 7 0 0 0 0 0 1 0 0
0 0 uniform 1 7 6 1 0.001 0.2310772011499552 0.56332240832139935 0.00017266345397718498 -0.025946740223949404 -0.00013422659447861403 -0.025960253015999791 0 0.10922584478841664 631.60308179632364 OK 15 15 0.85005600000000003 0.754 0.25909500000000002 0.58921299999999999 0.45984000000000003 0 0.26084300000000005 0.29415999999999998 0.25909500000000002 0.012501999999999999 0.01268 0.011682 0.22296000000000005 0.25573400000000018 0.22197599999999987 0.0044659999999999995 0.0046990000000000001 0.0047689999999999998 0.0012540000000000001 0.0013600000000000001 0.0013470000000000001 631.61507920937345 631.61507920937345 631.61507920937345 0.30512260077362346 0.30512260077362346 0.30512260077362346 1 1 1 Converged Converged Converged OK OK OK 105 105 105 105 105 105 7 7 7 0 0 0 0 1 0 0 1
0 0 uniform 1 15 6 2 0.001 0.2310772011499552 0.56332240832139935 0.00017266345397718498 -0.025946740223949404 -0.00013422659447861403 -0.02593623027457688 0 0.10920182204699373 635.57229076759938 OK 16 15 1.061693 0.94684599999999997 0.35219099999999998 0.70345500000000005 0.55911999999999995 0 0.35823799999999995 0.38772600000000002 0.35219099999999998 0.012619999999999999 0.012482999999999999 0.011549 0.31115600000000004 0.34209300000000015 0.30861199999999994 0.0062050000000000004 0.0055979999999999997 0.0054140000000000004 0.001467 0.0013309999999999999 0.0012719999999999999 635.58150147374488 635.58150147374488 635.58150147374488 0.34247399305531978 0.34247399305531978 0.34247399305531978 1 1 1 Converged Converged Converged OK OK OK 128 128 128 128 128 128 8 8 8 0 0 0 0 1 0 0 1
0 0 uniform 1 23 6 3 0.001 0.2310772011499552 0.56332240832139935 0.00017266345397718498 -0.025946740223949404 -0.00013422659447861403 -0.025912207533153965 0 0.10917779930557081 638.98258495925404 OK 16 15 0.86783500000000002 0.77026300000000003 0.33840300000000001 0.52537900000000004 0.39439200000000002 0 0.34245599999999998 0.37587100000000001 0.33840300000000001 0.012456 0.015037 0.011568 0.30039699999999991 0.33118499999999973 0.29797900000000005 0.0055760000000000002 0.0057060000000000001 0.0053 0.001328 0.0012619999999999999 0.0012889999999999998 638.99054014712431 638.99054014712431 638.99054014712431 0.3526906336721693 0.3526906336721693 0.3526906336721693 1 1 1 Converged Converged Converged OK OK OK 128 128 128 128 128 128 8 8 8 0 0 0 0 1 0 0 1
0 0 uniform 1 0 6 0 0.0001 0.2310772011499552 0.56332240832139935 0.00017266345397718498 -0.025946740223949404 -0.00013422659447861403 -0.025981272914744842 0 0.10924686468716169 627.73840599620598 OK 15 15 1.125265 1.118595 0.404721 0.71445000000000003 0.70863900000000002 0 0.41081499999999993 0.40995599999999999 0.404721 0.012073 0.012156999999999999 0.011599 0.34670200000000007 0.34189099999999989 0.34096799999999999 0.0071139999999999997 0.007330999999999999 0.007417 0.001694 0.001743 0.0018010000000000001 627.73684679954829 627.73684679954829 627.73684679954829 0.051711675662637832 0.051711675662637832 0.051711675662637832 1 1 1 Converged Converged Converged OK OK OK 153 153 153 153 153 153 7 7 7 0 0 0 0 0 1 0 0
0 0 uniform 1 7 6 1 0.0001 0.2310772011499552 0.56332240832139935 0.00017266345397718498 -0.025946740223949404 -0.00013422659447861403 -0.025960253015999791 0 0.10922584478841664 631.60308179632364 OK 15 15 0.91845100000000002 0.82725700000000002 0.32825199999999999 0.58566799999999997 0.45798699999999998 0 0.33278300000000005 0.36927000000000004 0.32825199999999999 0.012544 0.012435999999999999 0.011646 0.28571599999999997 0.32156099999999976 0.28355199999999992 0.006657999999999999 0.0071989999999999997 0.0062639999999999996 0.0015709999999999999 0.0015980000000000002 0.0015009999999999997 631.60368782152511 631.60368782152511 631.60368782152511 0.03498063837041613 0.03498063837041613 0.03498063837041613 1 1 1 Converged Converged Converged OK OK OK 137 137 137 137 137 137 7 7 7 0 0 0 0 1 0 0 1
0 0 uniform 1 15 6 2 0.0001 0.2310772011499552 0.56332240832139935 0.00017266345397718498 -0.025946740223949404 -0.00013422659447861403 -0.02593623027457688 0 0.10920182204699373 635.57229076759938 OK 16 15 1.2398 1.1350229999999999 0.53650299999999995 0.70147899999999996 0.56106 0 0.53832100000000005 0.57396299999999989 0.53650299999999995 0.012529 0.012777999999999999 0.011781 0.47445699999999985 0.50924599999999998 0.4737920000000001 0.010181000000000001 0.010919000000000002 0.0098560000000000002 0.0018389999999999999 0.0019589999999999998 0.001879 635.57271866478163 635.57271866478163 635.57271866478163 0.033508778269954728 0.033508778269954728 0.033508778269954728 1 1 1 Converged Converged Converged OK OK OK 192 192 192 192 192 192 8 8 8 0 0 0 0 1 0 0 1
0 0 uniform 1 23 6 3 0.0001 0.2310772011499552 0.56332240832139935 0.00017266345397718498 -0.025946740223949404 -0.00013422659447861403 -0.025912207533153965 0 0.10917779930557081 638.98258495925404 OK 16 15 1.0433790000000001 0.95204299999999997 0.53506699999999996 0.52259900000000004 0.39491799999999999 0 0.52078000000000002 0.55712499999999998 0.53506699999999996 0.012598 0.012682000000000001 0.012900999999999999 0.4628830000000001 0.49840800000000007 0.47671199999999986 0.009947000000000001 0.010567 0.0098499999999999994 0.0017329999999999999 0.0017750000000000001 0.0017439999999999999 638.98292502131289 638.98292502131289 638.98292502131289 0.032275960907040338 0.032275960907040338 0.032275960907040338 1 1 1 Converged Converged Converged OK OK OK 192 192 192 192 192 192 8 8 8 0 0 0 0 1 0 0 1
0 0 uniform 2 0 7 0 0.001 0.2310772011499552 0.56332240832139935 0.00017266345397718498 1.1410334214605786 -4.0468798240857806 1.1409988887697833 0 -1.0577332969973665 2.3738777323473541 OK 13 12 37.625259999999997 37.730061999999997 0.14657000000000001 37.497214 37.580742000000001 0 0.12804599999999766 0.1493199999999959 0.14657000000000001 0.012201 0.010855 0.010486000000000001 0.096054999999999974 0.11856899999999999 0.11768799999999997 0.0030930000000000003 0.0031179999999999997 0.002369 0.00078400000000000008 0.00078800000000000007 0.00065000000000000008 2.3738776878589789 2.3738776878589789 2.3738776878589789 0.00086460125358772807 0.00086460125358772807 0.00086460125358772807 1 1 1 Converged Converged Converged OK OK OK 45 45 45 45 45 45 3 3 3 0 0 0 0 0 1 0 0
0 0 uniform 2 7 7 1 0.001 0.2310772011499552 0.56332240832139935 0.00017266345397718498 1.1410334214605786 -4.0468798240857806 1.1410199086685282 0 -1.0577543168961114 2.4185460257116032 OK 13 12 51.477910999999999 51.330364000000003 0.16129399999999999 51.312215000000002 51.111015000000002 0 0.16569599999999696 0.21934900000000113 0.16129399999999999 0.010495000000000001 0.010447 0.010521000000000001 0.13691200000000003 0.19041600000000003 0.13559199999999999 0.0032300000000000002 0.003313 0.0023699999999999997 0.00080299999999999989 0.00083000000000000001 0.00061399999999999996 2.4185459771569833 2.4185459771569833 2.4185459771569833 0.00089488081778836819 0.00089488081778836819 0.00089488081778836819 1 1 1 Converged Converged Converged OK OK OK 45 45 45 45 45 45 3 3 3 0 0 0 0 1 0 0 1
0 0 uniform 2 15 7 2 0.001 0.2310772011499552 0.56332240832139935 0.00017266345397718498 1.1410334214605786 -4.0468798240857806 1.1410439314099512 0 -1.0577783396375344 2.4760800674538403 OK 13 12 51.566721000000001 51.603445999999998 0.11862499999999999 51.413988000000003 51.380623 0 0.15273299999999779 0.22282299999999822 0.11862499999999999 0.010345 0.010322 0.010473 0.12376200000000002 0.19344999999999998 0.094137000000000026 0.003405 0.0033730000000000001 0.0023370000000000001 0.00076500000000000005 0.00084599999999999996 0.00056899999999999995 2.4760800094988884 2.4760800094988884 2.4760800094988884 0.00093944776514791242 0.00093944776514791242 0.00093944776514791242 1 1 1 Converged Converged Converged OK OK OK 45 45 45 45 45 45 3 3 3 0 0 0 0 1 0 0 1
0 0 uniform 2 23 7 3 0.001 0.2310772011499552 0.56332240832139935 0.00017266345397718498 1.1410334214605786 -4.0468798240857806 1.141067954151374 0 -1.0578023623789572 2.5425758621149392 OK 13 12 53.589520999999998 53.486584999999998 0.12128899999999999 53.426644000000003 53.248272 0 0.16287699999999461 0.238312999999998 0.12128899999999999 0.010675 0.010718999999999999 0.0093460000000000001 0.13387099999999999 0.20860499999999996 0.098302999999999988 0.003385 0.0034990000000000004 0.0022530000000000002 0.00082599999999999991 0.00087200000000000005 0.00054299999999999997 2.5425757937801223 2.5425757937801223 2.5425757937801223 0.0010007883713049146 0.0010007883713049146 0.0010007883713049146 1 1 1 Converged Converged Converged OK OK OK 45 45 45 45 45 45 3 3 3 0 0 0 0 1 0 0 1
0 0 uniform 2 0 7 0 0.0001 0.2310772011499552 0.56332240832139935 0.00017266345397718498 1.1410334214605786 -4.0468798240857806 1.1409988887697833 0 -1.0577332969973665 2.3738777323473541 OK 13 12 37.695858999999999 37.826062999999998 0.21560599999999999 37.479965 37.611868999999999 0 0.2158939999999987 0.21419399999999911 0.21560599999999999 0.012749 0.011018999999999999 0.01051 0.17070099999999996 0.16969000000000012 0.17426499999999992 0.0056229999999999995 0.0059329999999999999 0.0047000000000000002 0.001026 0.001026 0.00092500000000000004 2.3738776880919192 2.3738776880919192 2.3738776880919192 5.007925613879965e-05 5.007925613879965e-05 5.007925613879965e-05 1 1 1 Converged Converged Converged OK OK OK 77 77 77 77 77 77 3 3 3 0 0 0 0 0 1 0 0
0 0 uniform 2 7 7 1 0.0001 0.2310772011499552 0.56332240832139935 0.00017266345397718498 1.1410334214605786 -4.0468798240857806 1.1410199086685282 0 -1.0577543168961114 2.4185460257116032 OK 13 12 51.518225999999999 51.433861 0.19778799999999999 51.250191999999998 51.069222000000003 0 0.26803400000000011 0.36463899999999683 0.19778799999999999 0.011018999999999999 0.01048 0.010532 0.22362100000000004 0.32250299999999998 0.16248499999999999 0.0059290000000000002 0.0062480000000000001 0.0044229999999999998 0.001091 0.0015639999999999999 0.00078899999999999999 2.4185459772581588 2.4185459772581588 2.4185459772581588 5.0181473427566057e-05 5.0181473427566057e-05 5.0181473427566057e-05 1 1 1 Converged Converged Converged OK OK OK 77 77 77 77 77 77 3 3 3 0 0 0 0 1 0 0 1
0 0 uniform 2 15 7 2 0.0001 0.2310772011499552 0.56332240832139935 0.00017266345397718498 1.1410334214605786 -4.0468798240857806 1.1410439314099512 0 -1.0577783396375344 2.4760800674538403 OK 13 12 51.763551 51.727361000000002 0.188942 51.509523000000002 51.392812999999997 0 0.25402799999999814 0.33454800000000517 0.188942 0.010987 0.010456999999999999 0.010389000000000001 0.20984999999999995 0.29441599999999996 0.15443399999999996 0.0060869999999999987 0.0057819999999999998 0.0041910000000000003 0.0010290000000000002 0.0010810000000000001 0.00077500000000000008 2.4760800093259618 2.4760800093259618 2.4760800093259618 5.0298844474716621e-05 5.0298844474716621e-05 5.0298844474716621e-05 1 1 1 Converged Converged Converged OK OK OK 77 77 77 77 77 77 3 3 3 0 0 0 0 1 0 0 1
0 0 uniform 2 23 7 3 0.0001 0.2310772011499552 0.56332240832139935 0.00017266345397718498 1.1410334214605786 -4.0468798240857806 1.141067954151374 0 -1.0578023623789572 2.5425758621149392 OK 13 12 53.698743 53.604619 0.19767499999999999 53.444645000000001 53.229571999999997 0 0.25409799999999905 0.37504700000000213 0.19767499999999999 0.010711 0.010710000000000001 0.010533000000000001 0.21048000000000008 0.33270699999999986 0.16305599999999992 0.0063020000000000003 0.0063309999999999998 0.0041080000000000005 0.001049 0.0015249999999999999 0.00079500000000000003 2.5425757931777531 2.5425757931777531 2.5425757931777531 5.0416482740683602e-05 5.0416482740683602e-05 5.0416482740683602e-05 1 1 1 Converged Converged Converged OK OK OK 77 77 77 77 77 77 3 3 3 0 0 0 0 1 0 0 1
0 0 uniform 3 0 8 0 0.001 0.2310772011499552 0.56332240832139935 0.00017266345397718498 0.019011618393043918 -0.00044021513465950505 0.018977085702248479 0 0.064288506070168366 490.78850371277622 OK 15 14 0.67429799999999995 0.67304699999999995 0.13384599999999999 0.53903900000000005 0.53799200000000003 0 0.13525899999999991 0.13505499999999993 0.13384599999999999 0.015606 0.015758000000000001 0.015166000000000001 0.094722000000000042 0.094815000000000024 0.094309000000000018 0.0032490000000000002 0.0033029999999999999 0.0032049999999999995 0.00075200000000000006 0.00079299999999999987 0.00073499999999999998 490.78838121191183 490.78838121191183 490.78838121191183 0.38420432360842571 0.38420432360842571 0.38420432360842571 1 1 1 Converged Converged Converged OK OK OK 67 67 67 67 67 67 5 5 5 0 0 0 0 0 1 0 0
0 0 uniform 3 7 8 1 0.001 0.2310772011499552 0.56332240832139935 0.00017266345397718498 0.019011618393043918 -0.00044021513465950505 0.01899810560099353 0 0.064267486171423319 500.90260051403453 OK 15 14 0.75787000000000004 0.71497200000000005 0.12761400000000001 0.62861400000000001 0.48710599999999998 0 0.12925600000000004 0.22786600000000007 0.12761400000000001 0.014716 0.014692999999999999 0.013979999999999999 0.094093999999999997 0.19253399999999998 0.093725000000000017 0.0033000000000000004 0.0034150000000000001 0.0031839999999999998 0.00076099999999999996 0.00076500000000000005 0.00073700000000000002 500.90243914853698 500.90243914853698 500.90243914853698 0.39031587021738839 0.39031587021738839 0.39031587021738839 1 1 1 Converged Converged Converged OK OK OK 67 67 67 67 67 67 5 5 5 0 0 0 0 1 0 0 1
0 0 uniform 3 15 8 2 0.001 0.2310772011499552 0.56332240832139935 0.00017266345397718498 0.019011618393043918 -0.00044021513465950505 0.019022128342416442 0 0.064243463430000411 513.67490866235983 OK 15 14 0.77553000000000005 0.728715 0.130824 0.64320699999999997 0.50751500000000005 0 0.13232300000000008 0.22119999999999995 0.130824 0.015018 0.015044999999999999 0.014187 0.09708600000000002 0.185336 0.096770000000000037 0.0033 0.0034090000000000001 0.0032169999999999998 0.00076199999999999998 0.00077200000000000012 0.00071999999999999994 513.6746959875577 513.6746959875577 513.6746959875577 0.39756989938619697 0.39756989938619697 0.39756989938619697 1 1 1 Converged Converged Converged OK OK OK 67 67 67 67 67 67 5 5 5 0 0 0 0 1 0 0 1
0 0 uniform 3 23 8 3 0.001 0.2310772011499552 0.56332240832139935 0.00017266345397718498 0.019011618393043918 -0.00044021513465950505 0.019046151083839356 0 0.064219440688577489 528.13422424438477 OK 15 14 0.68492500000000001 0.64266800000000002 0.13248099999999999 0.54708900000000005 0.42258099999999998 0 0.13783599999999996 0.22008700000000003 0.13248099999999999 0.014671999999999999 0.014677000000000001 0.013952000000000001 0.099241999999999983 0.185001 0.098758000000000012 0.0032049999999999999 0.003248 0.003163 0.00076600000000000008 0.00076599999999999997 0.00072800000000000002 528.13394552202078 528.13394552202078 528.13394552202078 0.40502998508229898 0.40502998508229898 0.40502998508229898 1 1 1 Converged Converged Converged OK OK OK 67 67 67 67 67 67 5 5 5 0 0 0 0 1 0 0 1
0 0 uniform 3 0 8 0 0.0001 0.2310772011499552 0.56332240832139935 0.00017266345397718498 0.019011618393043918 -0.00044021513465950505 0.018977085702248479 0 0.064288506070168366 490.78850371277622 OK 15 14 0.718109 0.71437300000000004 0.17680999999999999 0.53587399999999996 0.53585300000000002 0 0.18223500000000004 0.17852000000000001 0.17680999999999999 0.015601 0.015571 0.015049 0.12575300000000006 0.12608399999999992 0.12505000000000008 0.0087080000000000005 0.0049049999999999996 0.0050220000000000004 0.0010449999999999999 0.0010489999999999998 0.0010330000000000001 490.78851745521473 490.78851745521473 490.78851745521473 0.02846599482140796 0.02846599482140796 0.02846599482140796 1 1 1 Converged Converged Converged OK OK OK 99 99 99 99 99 99 5 5 5 0 0 0 0 0 1 0 0
0 0 uniform 3 7 8 1 0.0001 0.2310772011499552 0.56332240832139935 0.00017266345397718498 0.019011618393043918 -0.00044021513465950505 0.01899810560099353 0 0.064267486171423319 500.90260051403453 OK 15 14 0.80024600000000001 0.82035400000000003 0.17266999999999999 0.629409 0.48755799999999999 0 0.17083700000000002 0.33279600000000004 0.17266999999999999 0.014645 0.014761 0.015383000000000001 0.12532699999999997 0.28735800000000006 0.12692499999999998 0.0053510000000000007 0.0050429999999999997 0.0049890000000000004 0.001047 0.001024 0.0010369999999999999 500.90260650061077 500.90260650061077 500.90260650061077 0.0286467848325789 0.0286467848325789 0.0286467848325789 1 1 1 Converged Converged Converged OK OK OK 99 99 99 99 99 99 5 5 5 0 0 0 0 1 0 0 1
0 0 uniform 3 15 8 2 0.0001 0.2310772011499552 0.56332240832139935 0.00017266345397718498 0.019011618393043918 -0.00044021513465950505 0.019022128342416442 0 0.064243463430000411 513.67490866235983 OK 15 14 0.81470200000000004 0.82439499999999999 0.17464199999999999 0.64246300000000001 0.50169399999999997 0 0.17223900000000003 0.32270100000000002 0.17464199999999999 0.01491 0.015069000000000001 0.014537 0.12687100000000007 0.27696799999999999 0.13002699999999998 0.005084 0.0053940000000000004 0.0049819999999999986 0.0010280000000000001 0.001041 0.001024 513.67490946180442 513.67490946180442 513.67490946180442 0.02887597231430105 0.02887597231430105 0.02887597231430105 1 1 1 Converged Converged Converged OK OK OK 99 99 99 99 99 99 5 5 5 0 0 0 0 1 0 0 1
0 0 uniform 3 23 8 3 0.0001 0.2310772011499552 0.56332240832139935 0.00017266345397718498 0.019011618393043918 -0.00044021513465950505 0.019046151083839356 0 0.064219440688577489 528.13422424438477 OK 15 14 0.72150999999999998 0.74458899999999995 0.17308899999999999 0.54615899999999995 0.419707 0 0.17535100000000003 0.32488199999999995 0.17308899999999999 0.014628 0.014641 0.01391 0.13030899999999995 0.27953499999999992 0.12653 0.0051080000000000006 0.005293 0.0048869999999999999 0.001049 0.001034 0.001013 528.13422251673751 528.13422251673751 528.13422251673751 0.029140620195888464 0.029140620195888464 0.029140620195888464 1 1 1 Converged Converged Converged OK OK OK 99 99 99 99 99 99 5 5 5 0 0 0 0 1 0 0 1
0 0 uniform 4 0 9 0 0.001 0.2310772011499552 0.56332240832139935 0.00017266345397718498 1.1436514944760341 -4.0397331535590295 1.1436169617852388 0 -1.060351370012822 2.6310460449919826 OK 13 12 0.522984 0.52142100000000002 0.144201 0.37786399999999998 0.37635000000000002 0 0.14512000000000003 0.14507100000000001 0.144201 0.01133 0.011387 0.011003000000000001 0.11692599999999997 0.11706899999999998 0.11684000000000003 0.0023400000000000001 0.0023040000000000001 0.0022650000000000001 0.00063999999999999994 0.00060499999999999996 0.00058200000000000005 2.6310460312299382 2.6310460312299382 2.6310460312299382 0.00065679093303158871 0.00065679093303158871 0.00065679093303158871 1 1 1 Converged Converged Converged OK OK OK 52 52 52 52 52 52 4 4 4 0 0 0 0 0 1 0 0
0 0 uniform 4 7 9 1 0.001 0.2310772011499552 0.56332240832139935 0.00017266345397718498 1.1436514944760341 -4.0397331535590295 1.1436379816839837 0 -1.0603723899115669 2.5259763672857281 OK 13 12 0.52969599999999994 0.43978400000000001 0.13197400000000001 0.39628600000000003 0.245619 0 0.13340999999999992 0.194165 0.13197400000000001 0.010603 0.010633 0.010063000000000001 0.108601 0.16961999999999999 0.10834599999999997 0.0023389999999999999 0.0022420000000000001 0.0022179999999999999 0.00060099999999999997 0.00058200000000000005 0.00057200000000000003 2.5259767679810499 2.5259767679796097 2.5259767679810499 0.00081589975216511245 0.00081589975357192202 0.00081589975216511245 1 1 1 Converged Converged Converged OK OK OK 52 52 52 52 52 52 4 4 4 0 0 0 0 1 0 0 1
0 0 uniform 4 15 9 2 0.001 0.2310772011499552 0.56332240832139935 0.00017266345397718498 1.1436514944760341 -4.0397331535590295 1.1436620044254067 0 -1.0603964126529899 2.4276430973484411 OK 13 12 0.55705800000000005 0.50948800000000005 0.16073000000000001 0.39273400000000003 0.24912699999999999 0 0.16432400000000003 0.26036100000000006 0.16073000000000001 0.010217 0.010102999999999999 0.0094979999999999995 0.13452800000000001 0.23164600000000005 0.13353000000000001 0.0039560000000000003 0.0034619999999999998 0.0031399999999999996 0.00072000000000000005 0.00069699999999999992 0.00070100000000000002 2.4276525037042571 2.4276525037044272 2.4276525037042571 0.0009012117739599833 0.00090121177507815385 0.0009012117739599833 1 1 1 Converged Converged Converged OK OK OK 68 68 68 68 68 68 4 4 4 0 0 0 0 1 0 0 1
0 0 uniform 4 23 9 3 0.001 0.2310772011499552 0.56332240832139935 0.00017266345397718498 1.1436514944760341 -4.0397331535590295 1.1436860271668294 0 -1.0604204353944127 2.3458220830768508 OK 13 12 0.493342 0.42677599999999999 0.11111799999999999 0.38020199999999998 0.249474 0 0.11314000000000002 0.17730199999999999 0.11111799999999999 0.010262 0.010335 0.0097549999999999998 0.088621000000000019 0.152832 0.087567999999999993 0.0022109999999999999 0.0022769999999999999 0.002212 0.0006330000000000001 0.0006150000000000001 0.00062600000000000004 2.3458220510894816 2.3458220510894816 2.3458220510894816 0.0011074039059687597 0.0011074039059687597 0.0011074039059687597 1 1 1 Converged Converged Converged OK OK OK 45 45 45 45 45 45 3 3 3 0 0 0 0 1 0 0 1
0 0 uniform 4 0 9 0 0.0001 0.2310772011499552 0.56332240832139935 0.00017266345397718498 1.1436514944760341 -4.0397331535590295 1.1436169617852388 0 -1.060351370012822 2.6310460449919826 OK 13 12 0.56790200000000002 0.57022099999999998 0.19006999999999999 0.37674800000000003 0.37914100000000001 0 0.19115399999999999 0.19107999999999997 0.19006999999999999 0.01162 0.011350000000000001 0.011039999999999999 0.15398000000000012 0.15423600000000007 0.15373300000000004 0.0035750000000000005 0.0035709999999999995 0.003686 0.00088500000000000004 0.00092800000000000001 0.00094199999999999991 2.6310460057582636 2.6310460057582636 2.6310460057582636 0.00011495007263687202 0.00011495007263687202 0.00011495007263687202 1 1 1 Converged Converged Converged OK OK OK 76 76 76 76 76 76 4 4 4 0 0 0 0 0 1 0 0
0 0 uniform 4 7 9 1 0.0001 0.2310772011499552 0.56332240832139935 0.00017266345397718498 1.1436514944760341 -4.0397331535590295 1.1436379816839837 0 -1.0603723899115669 2.5259763672857281 OK 13 12 0.59228800000000004 0.54852299999999998 0.19694300000000001 0.39284999999999998 0.24222299999999999 0 0.19943800000000006 0.30630000000000002 0.19694300000000001 0.010802000000000001 0.010706 0.010126 0.16425200000000004 0.27176899999999987 0.16377700000000009 0.0040799999999999994 0.0040140000000000002 0.0039379999999999997 0.00085800000000000004 0.00084999999999999995 0.00079799999999999988 2.5259763258240757 2.5259763258231995 2.5259763258240757 5.550221037004495e-05 5.5502211895023837e-05 5.550221037004495e-05 1 1 1 Converged Converged Converged OK OK OK 84 84 84 84 84 84 4 4 4 0 0 0 0 1 0 0 1
0 0 uniform 4 15 9 2 0.0001 0.2310772011499552 0.56332240832139935 0.00017266345397718498 1.1436514944760341 -4.0397331535590295 1.1436620044254067 0 -1.0603964126529899 2.4276430973484411 OK 13 12 0.65855399999999997 0.687612 0.26084299999999999 0.39592300000000002 0.25497399999999998 0 0.26263099999999995 0.43263800000000002 0.26084299999999999 0.010054 0.010148000000000001 0.0094780000000000003 0.21972100000000008 0.38898199999999999 0.21933900000000001 0.0069230000000000003 0.0071660000000000005 0.0067089999999999997 0.00096499999999999993 0.000959 0.00093600000000000009 2.4276431367186353 2.4276431367191882 2.4276431367186353 5.6529881112240868e-05 5.6529881563330588e-05 5.6529881112240868e-05 1 1 1 Converged Converged Converged OK OK OK 116 116 116 116 116 116 4 4 4 0 0 0 0 1 0 0 1
0 0 uniform 4 23 9 3 0.0001 0.2310772011499552 0.56332240832139935 0.00017266345397718498 1.1436514944760341 -4.0397331535590295 1.1436860271668294 0 -1.0604204353944127 2.3458220830768508 OK 13 12 0.55852800000000002 0.53937000000000002 0.178255 0.37542399999999998 0.24950600000000001 0 0.18310400000000004 0.28986400000000001 0.178255 0.010257 0.010362 0.0098279999999999999 0.14863600000000005 0.25575399999999998 0.14510599999999998 0.0040080000000000003 0.0039900000000000005 0.0038760000000000001 0.0008250000000000001 0.00081599999999999999 0.00079799999999999988 2.3458220547785125 2.3458220547785125 2.3458220547785125 3.7836512163058852e-05 3.7836512163058852e-05 3.7836512163058852e-05 1 1 1 Converged Converged Converged OK OK OK 77 77 77 77 77 77 3 3 3 0 0 0 0 1 0 0 1
1 1 linear 0 0 10 0 0.001 2.1336080847516863 0.0042828693196420133 4.9630676369625602e-05 -1.6612080518027779 -0.017635896530330094 -1.6612179779380518 0.5 1.6703169727387037 43.386794945871657 OK 14 13 0.4955 0.49470500000000001 0.12861400000000001 0.36185699999999998 0.35930800000000002 0 0.13364300000000001 0.13539699999999999 0.12861400000000001 0.0121 0.011886000000000001 0.011338000000000001 0.098649999999999988 0.102131 0.095936999999999995 0.0033890000000000001 0.0028660000000000005 0.0028109999999999997 0.000794 0.00076400000000000003 0.00072599999999999997 43.386473901256721 43.386473901256721 43.386473901256721 0.014511382294437568 0.014511382294437568 0.014511382294437568 1 1 1 Converged Converged Converged OK OK OK 67 67 67 67 67 67 5 5 5 0 0 0 0 0 1 0 0
1 1 linear 0 7 10 1 0.001 2.1336080847516863 0.0042828693196420133 4.9630676369625602e-05 -1.6612080518027779 -0.017635896530330094 -1.6612119359426676 0.5 1.6703109307433195 45.580707217466554 OK 14 13 0.46792800000000001 0.44084499999999999 0.124083 0.34049299999999999 0.21332599999999999 0 0.12743500000000002 0.227519 0.124083 0.010864 0.010851 0.010305999999999999 0.09894 0.19619700000000001 0.096499999999999989 0.0030870000000000003 0.0032240000000000003 0.0030470000000000002 0.00081400000000000005 0.00084999999999999995 0.00080600000000000008 45.580868130123235 45.580868130123235 45.580868130123235 0.015371530972038947 0.015371530972038947 0.015371530972038947 1 1 1 Converged Converged Converged OK OK OK 67 67 67 67 67 67 5 5 5 0 0 0 0 1 0 0 1
1 1 linear 0 15 10 2 0.001 2.1336080847516863 0.0042828693196420133 4.9630676369625602e-05 -1.6612080518027779 -0.017635896530330094 -1.6612050308050859 0.5 1.6703040256057378 47.481930950681516 OK 14 13 0.50534699999999999 0.46377499999999999 0.12553400000000001 0.37554399999999999 0.24121899999999999 0 0.129803 0.222556 0.12553400000000001 0.010935 0.010885000000000001 0.010134000000000001 0.10142299999999996 0.19411099999999989 0.098491999999999968 0.0028670000000000002 0.003058 0.002879 0.00077299999999999992 0.0007899999999999999 0.00073500000000000008 47.482169432048735 47.482169432048735 47.482169432048735 0.016451428504071657 0.016451428504071657 0.016451428504071657 1 1 1 Converged Converged Converged OK OK OK 67 67 67 67 67 67 5 5 5 0 0 0 0 1 0 0 1
1 1 linear 0 23 10 3 0.001 2.1336080847516863 0.0042828693196420133 4.9630676369625602e-05 -1.6612080518027779 -0.017635896530330094 -1.6611981256675039 0.5 1.6702971204681558 48.662925139508665 OK 14 13 0.49892999999999998 0.479792 0.12145599999999999 0.37406 0.24227699999999999 0 0.12486999999999998 0.237515 0.12145599999999999 0.010691000000000001 0.01091 0.010253999999999999 0.096840999999999941 0.20919600000000002 0.094370999999999969 0.0029290000000000002 0.003003 0.0028570000000000002 0.00075300000000000009 0.00076999999999999996 0.00075799999999999999 48.662953194529472 48.662953194529472 48.662953194529472 0.01756961039570706 0.01756961039570706 0.01756961039570706 1 1 1 Converged Converged Converged OK OK OK 67 67 67 67 67 67 5 5 5 0 0 0 0 1 0 0 1
1 1 linear 0 0 10 0 0.0001 2.1336080847516863 0.0042828693196420133 4.9630676369625602e-05 -1.6612080518027779 -0.017635896530330094 -1.6612179779380518 0.5 1.6703169727387037 43.386794945871657 OK 14 13 0.57555500000000004 0.57220899999999997 0.20857800000000001 0.36200599999999999 0.36246099999999998 0 0.21354900000000004 0.20974799999999999 0.20857800000000001 0.012002000000000001 0.012038999999999999 0.011387 0.16288599999999998 0.1593990000000001 0.15887599999999999 0.0054539999999999996 0.0052449999999999997 0.0055180000000000003 0.001199 0.0012019999999999997 0.001189 43.386516218008637 43.386516218008637 43.386516218008637 0.0035116029931000691 0.0035116029931000691 0.0035116029931000691 1 1 1 Converged Converged Converged OK OK OK 107 107 107 107 107 107 5 5 5 0 0 0 0 0 1 0 0
1 1 linear 0 7 10 1 0.0001 2.1336080847516863 0.0042828693196420133 4.9630676369625602e-05 -1.6612080518027779 -0.017635896530330094 -1.6612119359426676 0.5 1.6703109307433195 45.580707217466554 OK 14 13 0.54152599999999995 0.53563700000000003 0.18903500000000001 0.34331600000000001 0.21579300000000001 0 0.19820999999999994 0.31984400000000002 0.18903500000000001 0.011056 0.010891 0.010170999999999999 0.16003700000000007 0.28160599999999991 0.15255300000000002 0.005313 0.0052879999999999993 0.0050080000000000003 0.001199 0.0011439999999999998 0.0011469999999999998 45.580910430018307 45.580910430018307 45.580910430018307 0.003930664884076061 0.003930664884076061 0.003930664884076061 1 1 1 Converged Converged Converged OK OK OK 107 107 107 107 107 107 5 5 5 0 0 0 0 1 0 0 1
1 1 linear 0 15 10 2 0.0001 2.1336080847516863 0.0042828693196420133 4.9630676369625602e-05 -1.6612080518027779 -0.017635896530330094 -1.6612050308050859 0.5 1.6703040256057378 47.481930950681516 OK 14 13 0.57425499999999996 0.55522300000000002 0.191547 0.37326700000000002 0.241287 0 0.20098799999999994 0.31393599999999999 0.191547 0.010921 0.010951000000000001 0.010227999999999999 0.15906499999999996 0.27581899999999998 0.15509300000000004 0.0051970000000000002 0.0052859999999999999 0.0050869999999999995 0.001163 0.001152 0.0010989999999999999 47.482211748490101 47.482211748490101 47.482211748490101 0.0039320690226387484 0.0039320690226387484 0.0039320690226387484 1 1 1 Converged Converged Converged OK OK OK 107 107 107 107 107 107 5 5 5 0 0 0 0 1 0 0 1
1 1 linear 0 23 10 3 0.0001 2.1336080847516863 0.0042828693196420133 4.9630676369625602e-05 -1.6612080518027779 -0.017635896530330094 -1.6611981256675039 0.5 1.6702971204681558 48.662925139508665 OK 14 13 0.57303999999999999 0.57134300000000005 0.18729699999999999 0.38059500000000002 0.24316699999999999 0 0.19244499999999998 0.32817600000000002 0.18729699999999999 0.010987 0.010895999999999999 0.010240000000000001 0.15416300000000002 0.2904759999999999 0.150698 0.0053029999999999996 0.005078 0.0049870000000000001 0.001204 0.0011529999999999999 0.0011760000000000002 48.6629956337718 48.6629956337718 48.6629956337718 0.0039338558370312637 0.0039338558370312637 0.0039338558370312637 1 1 1 Converged Converged Converged OK OK OK 107 107 107 107 107 107 5 5 5 0 0 0 0 1 0 0 1
1 1 linear 1 0 11 0 0.001 2.1336080847516863 0.0042828693196420133 4.9630676369625602e-05 -1.6259738906568106 0.00026457903044116242 -1.6259838167920846 0.5 1.6350828115927365 85.389446953921791 OK 14 13 0.71670800000000001 0.72066600000000003 0.12839200000000001 0.58613400000000004 0.59239600000000003 0 0.13057399999999997 0.12827 0.12839200000000001 0.011653999999999999 0.011689 0.011341 0.10028000000000002 0.098313999999999985 0.098700999999999969 0.0026060000000000002 0.0024889999999999999 0.0026290000000000003 0.00061700000000000004 0.00062399999999999999 0.00063999999999999994 85.389445682910434 85.389445682910434 85.389445682910434 0.071734871228043715 0.071734871228043715 0.071734871228043715 1 1 1 Converged Converged Converged OK OK OK 59 59 59 59 59 59 5 5 5 0 0 0 0 0 1 0 0
1 1 linear 1 7 11 1 0.001 2.1336080847516863 0.0042828693196420133 4.9630676369625602e-05 -1.6259738906568106 0.00026457903044116242 -1.6259777747967004 0.5 1.6350767695973523 85.252027295269826 OK 14 13 0.69836100000000001 0.61787700000000001 0.12409100000000001 0.57061300000000004 0.44458300000000001 0 0.12774799999999997 0.173294 0.12409100000000001 0.010851 0.010938 0.010224 0.10140899999999997 0.14715700000000001 0.099251000000000006 0.002643 0.0026090000000000002 0.0025360000000000001 0.00063500000000000004 0.00061300000000000005 0.00061300000000000005 85.251867954852059 85.251867954852059 85.251867954852059 0.071112774370156076 0.071112774370156076 0.071112774370156076 1 1 1 Converged Converged Converged OK OK OK 59 59 59 59 59 59 5 5 5 0 0 0 0 1 0 0 1
1 1 linear 1 15 11 2 0.001 2.1336080847516863 0.0042828693196420133 4.9630676369625602e-05 -1.6259738906568106 0.00026457903044116242 -1.6259708696591186 0.5 1.6350698644597705 85.046526838454369 OK 14 13 0.71080500000000002 0.61847700000000005 0.12386900000000001 0.581789 0.449411 0 0.12901600000000002 0.16906600000000005 0.12386900000000001 0.010841999999999999 0.010789 0.010193000000000001 0.10274799999999999 0.14330199999999998 0.099270999999999998 0.0026860000000000005 0.0024779999999999997 0.0025430000000000001 0.000629 0.00065600000000000001 0.00061600000000000001 85.046616417401879 85.046616417401879 85.046616417401879 0.070446552270982302 0.070446552270982302 0.070446552270982302 1 1 1 Converged Converged Converged OK OK OK 59 59 59 59 59 59 5 5 5 0 0 0 0 1 0 0 1
1 1 linear 1 23 11 3 0.001 2.1336080847516863 0.0042828693196420133 4.9630676369625602e-05 -1.6259738906568106 0.00026457903044116242 -1.6259639645215367 0.5 1.6350629593221886 84.791249357079778 OK 14 13 0.64893999999999996 0.58959300000000003 0.12310500000000001 0.52191699999999996 0.41599599999999998 0 0.127023 0.17359700000000006 0.12310500000000001 0.010869999999999999 0.010874 0.010240000000000001 0.10097599999999997 0.14749399999999996 0.098408999999999996 0.0026419999999999998 0.002653 0.0025200000000000001 0.00063900000000000003 0.00064599999999999998 0.00060400000000000004 84.791391310569054 84.791391310569054 84.791391310569054 0.070006816712067543 0.070006816712067543 0.070006816712067543 1 1 1 Converged Converged Converged OK OK OK 59 59 59 59 59 59 5 5 5 0 0 0 0 1 0 0 1
1 1 linear 1 0 11 0 0.0001 2.1336080847516863 0.0042828693196420133 4.9630676369625602e-05 -1.6259738906568106 0.00026457903044116242 -1.6259838167920846 0.5 1.6350828115927365 85.389446953921791 OK 14 13 0.81677699999999998 0.81449199999999999 0.22845499999999999 0.58643800000000001 0.58685399999999999 0 0.23033899999999996 0.22763800000000001 0.22845499999999999 0.011712 0.011927 0.011473000000000001 0.182308 0.17897499999999997 0.18099599999999999 0.0049890000000000004 0.005156 0.0049959999999999996 0.001139 0.001121 0.0011170000000000002 85.389740653530993 85.389740653530993 85.389740653530993 0.0048180592445527396 0.0048180592445527396 0.0048180592445527396 1 1 1 Converged Converged Converged OK OK OK 107 107 107 107 107 107 5 5 5 0 0 0 0 0 1 0 0
1 1 linear 1 7 11 1 0.0001 2.1336080847516863 0.0042828693196420133 4.9630676369625602e-05 -1.6259738906568106 0.00026457903044116242 -1.6259777747967004 0.5 1.6350767695973523 85.252027295269826 OK 14 13 0.79475499999999999 0.75488500000000003 0.216005 0.57191899999999996 0.445108 0 0.22283600000000003 0.30977700000000002 0.216005 0.010855 0.010968 0.010302 0.18327800000000002 0.2698040000000001 0.17738999999999996 0.0051669999999999997 0.0053430000000000005 0.0053039999999999997 0.0011270000000000002 0.0011040000000000002 0.0011130000000000001 85.252162880468902 85.252162880468902 85.252162880468902 0.0044532940491981369 0.0044532940491981369 0.0044532940491981369 1 1 1 Converged Converged Converged OK OK OK 107 107 107 107 107 107 5 5 5 0 0 0 0 1 0 0 1
1 1 linear 1 15 11 2 0.0001 2.1336080847516863 0.0042828693196420133 4.9630676369625602e-05 -1.6259738906568106 0.00026457903044116242 -1.6259708696591186 0.5 1.6350698644597705 85.046526838454369 OK 14 13 0.80285799999999996 0.75700699999999999 0.21609999999999999 0.57746699999999995 0.44817200000000001 0 0.22539100000000001 0.30883499999999997 0.21609999999999999 0.010793000000000001 0.010899000000000001 0.010194 0.18603900000000007 0.26789900000000005 0.17766800000000002 0.0051779999999999994 0.0059340000000000009 0.0052519999999999989 0.001165 0.0012279999999999999 0.0011380000000000001 85.046911291895555 85.046911291895555 85.046911291895555 0.0040724326683329523 0.0040724326683329523 0.0040724326683329523 1 1 1 Converged Converged Converged OK OK OK 107 107 107 107 107 107 5 5 5 0 0 0 0 1 0 0 1
1 1 linear 1 23 11 3 0.0001 2.1336080847516863 0.0042828693196420133 4.9630676369625602e-05 -1.6259738906568106 0.00026457903044116242 -1.6259639645215367 0.5 1.6350629593221886 84.791249357079778 OK 14 13 0.74034100000000003 0.72162099999999996 0.21518799999999999 0.51895000000000002 0.41695900000000002 0 0.221391 0.30466199999999993 0.21518799999999999 0.010848 0.011115 0.010168 0.18212799999999996 0.26468500000000006 0.17700499999999988 0.0050699999999999999 0.0053610000000000003 0.0050989999999999994 0.0011329999999999999 0.001152 0.001122 84.791686133946442 84.791686133946442 84.791686133946442 0.0039088586409214421 0.0039088586409214421 0.0039088586409214421 1 1 1 Converged Converged Converged OK OK OK 107 107 107 107 107 107 5 5 5 0 0 0 0 1 0 0 1
1 1 linear 2 0 12 0 0.001 2.1336080847516863 0.0042828693196420133 4.9630676369625602e-05 -1.6582446788177632 -0.024701825376412103 -1.6582546049530371 0.5 1.667353599753689 68.84156868056256 OK 14 13 1.007336 0.99023799999999995 0.175926 0.81355100000000002 0.81167999999999996 0 0.19378499999999999 0.17855799999999999 0.175926 0.014064 0.012184 0.012244 0.14798400000000012 0.13679699999999997 0.134163 0.005313 0.0047019999999999996 0.0047780000000000001 0.0011200000000000001 0.0010219999999999999 0.001005 68.841396263097877 68.841396263097877 68.841396263097877 0.06750262158747003 0.06750262158747003 0.06750262158747003 1 1 1 Converged Converged Converged OK OK OK 90 90 90 90 90 90 6 6 6 0 0 0 0 0 1 0 0
1 1 linear 2 7 12 1 0.001 2.1336080847516863 0.0042828693196420133 4.9630676369625602e-05 -1.6582446788177632 -0.024701825376412103 -1.6582485629576529 0.5 1.6673475577583048 61.72693397452705 OK 15 14 1.1938709999999999 1.1555299999999999 0.19000900000000001 0.99242699999999995 0.84110600000000002 0 0.20144399999999996 0.31442399999999993 0.19000900000000001 0.015443999999999999 0.014297000000000001 0.013044999999999999 0.15556499999999998 0.26964900000000008 0.14836299999999999 0.0052780000000000006 0.0057480000000000005 0.0050389999999999992 0.00125 0.0013210000000000001 0.00114 61.726821096618707 61.726821096618707 61.726821096618707 0.051623539610188444 0.051623539610188444 0.051623539610188444 1 1 1 Converged Converged Converged OK OK OK 98 98 98 98 98 98 6 6 6 0 0 0 0 1 0 0 1
1 1 linear 2 15 12 2 0.001 2.1336080847516863 0.0042828693196420133 4.9630676369625602e-05 -1.6582446788177632 -0.024701825376412103 -1.6582416578200712 0.5 1.6673406526207231 57.528453387457361 OK 15 14 1.1746639999999999 1.194277 0.19392400000000001 0.97605900000000001 0.87680000000000002 0 0.19860499999999992 0.31747700000000001 0.19392400000000001 0.013594 0.014004000000000001 0.012907 0.15705899999999992 0.27466899999999994 0.15352899999999997 0.0050500000000000007 0.005422999999999999 0.0050939999999999996 0.0011180000000000001 0.0011999999999999999 0.0011490000000000001 57.52837415956558 57.52837415956558 57.52837415956558 0.033204618729018504 0.033204618729018504 0.033204618729018504 1 1 1 Converged Converged Converged OK OK OK 98 98 98 98 98 98 6 6 6 0 0 0 0 1 0 0 1
1 1 linear 2 23 12 3 0.001 2.1336080847516863 0.0042828693196420133 4.9630676369625602e-05 -1.6582446788177632 -0.024701825376412103 -1.6582347526824892 0.5 1.6673337474831411 54.636019956348512 OK 15 14 1.0454060000000001 1.0269440000000001 0.19451199999999999 0.84256299999999995 0.71082400000000001 0 0.20284300000000011 0.31612000000000007 0.19451199999999999 0.013844 0.01376 0.013102000000000001 0.16127999999999995 0.27070799999999995 0.15426399999999996 0.0049450000000000006 0.0092269999999999991 0.0049689999999999995 0.0011450000000000002 0.0011000000000000001 0.0011429999999999999 54.635942833419847 54.635942833419847 54.635942833419847 0.027738433790001692 0.027738433790001692 0.027738433790001692 1 1 1 Converged Converged Converged OK OK OK 98 98 98 98 98 98 6 6 6 0 0 0 0 1 0 0 1
1 1 linear 2 0 12 0 0.0001 2.1336080847516863 0.0042828693196420133 4.9630676369625602e-05 -1.6582446788177632 -0.024701825376412103 -1.6582546049530371 0.5 1.667353599753689 68.84156868056256 OK 14 13 1.083242 1.062622 0.24768499999999999 0.82103499999999996 0.81044499999999997 0 0.26220700000000008 0.25217699999999998 0.24768499999999999 0.013788999999999999 0.012352 0.011957000000000001 0.20347100000000001 0.19586299999999995 0.192188 0.0065250000000000004 0.0064310000000000001 0.0066810000000000003 0.001485 0.001511 0.0015420000000000002 68.841441177159354 68.841441177159354 68.841441177159354 0.0038135872734538665 0.0038135872734538665 0.0038135872734538665 1 1 1 Converged Converged Converged OK OK OK 122 122 122 122 122 122 6 6 6 0 0 0 0 0 1 0 0
1 1 linear 2 7 12 1 0.0001 2.1336080847516863 0.0042828693196420133 4.9630676369625602e-05 -1.6582446788177632 -0.024701825376412103 -1.6582485629576529 0.5 1.6673475577583048 61.72693397452705 OK 15 14 1.2525930000000001 1.278281 0.265378 0.98146100000000003 0.83862499999999995 0 0.27113200000000004 0.43965600000000005 0.265378 0.013847 0.014125 0.013125 0.21414399999999997 0.3817129999999998 0.2097980000000001 0.0071449999999999994 0.0075579999999999996 0.0072489999999999985 0.001575 0.0017170000000000002 0.0016469999999999998 61.726857169534448 61.726857169534448 61.726857169534448 0.0019812652722373861 0.0019812652722373861 0.0019812652722373861 1 1 1 Converged Converged Converged OK OK OK 138 138 138 138 138 138 6 6 6 0 0 0 0 1 0 0 1
1 1 linear 2 15 12 2 0.0001 2.1336080847516863 0.0042828693196420133 4.9630676369625602e-05 -1.6582446788177632 -0.024701825376412103 -1.6582416578200712 0.5 1.6673406526207231 57.528453387457361 OK 15 14 1.245719 1.3224389999999999 0.26702599999999999 0.97362099999999996 0.87722 0 0.27209800000000006 0.44521899999999992 0.26702599999999999 0.013672 0.013846000000000001 0.012883 0.22026099999999998 0.39239800000000002 0.21637600000000007 0.0068129999999999996 0.0072230000000000003 0.0068910000000000004 0.001555 0.001583 0.001549 57.528414687733452 57.528414687733452 57.528414687733452 0.0020102867687825324 0.0020102867687825324 0.0020102867687825324 1 1 1 Converged Converged Converged OK OK OK 138 138 138 138 138 138 6 6 6 0 0 0 0 1 0 0 1
1 1 linear 2 23 12 3 0.0001 2.1336080847516863 0.0042828693196420133 4.9630676369625602e-05 -1.6582446788177632 -0.024701825376412103 -1.6582347526824892 0.5 1.6673337474831411 54.636019956348512 OK 15 14 1.125909 1.1486289999999999 0.294377 0.84733000000000003 0.70881700000000003 0 0.27857900000000002 0.43981199999999987 0.294377 0.013636000000000001 0.013809 0.014052 0.22654999999999992 0.38574500000000006 0.2417659999999999 0.0068459999999999997 0.0079570000000000005 0.006999 0.0015499999999999999 0.001586 0.0016130000000000001 54.635984720021085 54.635984720021085 54.635984720021085 0.0020770808359890005 0.0020770808359890005 0.0020770808359890005 1 1 1 Converged Converged Converged OK OK OK 138 138 138 138 138 138 6 6 6 0 0 0 0 1 0 0 1
1 1 linear 3 0 13 0 0.001 2.1336080847516863 0.0042828693196420133 4.9630676369625602e-05 -1.6315105013818718 0.0015986042237884001 -1.6315204275171458 0.5 1.6406194223177977 39.628984737474326 OK 15 14 0.74030700000000005 0.740784 0.21759700000000001 0.52156199999999997 0.52508100000000002 0 0.21874500000000008 0.21570299999999998 0.21759700000000001 0.014456999999999999 0.014694 0.013925 0.16663700000000004 0.16348000000000001 0.16616099999999998 0.0053 0.0053569999999999998 0.0052549999999999993 0.0010830000000000002 0.0011360000000000001 0.001121 39.628916313831432 39.628916313831432 39.628916313831432 0.012391209945498667 0.012391209945498667 0.012391209945498667 1 1 1 Converged Converged Converged OK OK OK 99 99 99 99 99 99 5 5 5 0 0 0 0 0 1 0 0
1 1 linear 3 7 13 1 0.001 2.1336080847516863 0.0042828693196420133 4.9630676369625602e-05 -1.6315105013818718 0.0015986042237884001 -1.6315143855217615 0.5 1.6406133803224134 40.278061641616404 OK 15 14 0.71296800000000005 0.71372899999999995 0.19950300000000001 0.50813600000000003 0.37373899999999999 0 0.20483200000000001 0.33998999999999996 0.19950300000000001 0.013616 0.013552 0.012947999999999999 0.16080100000000006 0.29537700000000006 0.15643899999999997 0.0051860000000000005 0.0054099999999999999 0.0051589999999999995 0.001023 0.0010189999999999999 0.0010070000000000001 40.277993129560507 40.277993129560507 40.277993129560507 0.012392815395167405 0.012392815395167405 0.012392815395167405 1 1 1 Converged Converged Converged OK OK OK 99 99 99 99 99 99 5 5 5 0 0 0 0 1 0 0 1
1 1 linear 3 15 13 2 0.001 2.1336080847516863 0.0042828693196420133 4.9630676369625602e-05 -1.6315105013818718 0.0015986042237884001 -1.6315074803841798 0.5 1.6406064751848317 41.07410032076988 OK 15 14 0.71030199999999999 0.73321499999999995 0.20141500000000001 0.50216300000000003 0.38332300000000002 0 0.20813899999999996 0.34989199999999993 0.20141500000000001 0.013386 0.015136 0.012754 0.16385700000000009 0.30305599999999977 0.158582 0.0053829999999999998 0.0055069999999999989 0.0051630000000000001 0.0010639999999999998 0.0010870000000000001 0.0010249999999999999 41.074030933436454 41.074030933436454 41.074030933436454 0.012394709928835493 0.012394709928835493 0.012394709928835493 1 1 1 Converged Converged Converged OK OK OK 99 99 99 99 99 99 5 5 5 0 0 0 0 1 0 0 1
1 1 linear 3 23 13 3 0.001 2.1336080847516863 0.0042828693196420133 4.9630676369625602e-05 -1.6315105013818718 0.0015986042237884001 -1.6315005752465979 0.5 1.6405995700472498 41.937719089281615 OK 15 14 0.79453600000000002 0.80718900000000005 0.20098299999999999 0.58333000000000002 0.46445900000000001 0 0.211206 0.34273000000000003 0.20098299999999999 0.013582 0.013624000000000001 0.012760000000000001 0.16704099999999997 0.29777900000000002 0.15822499999999992 0.0052499999999999995 0.0055819999999999993 0.0051089999999999998 0.0010349999999999999 0.0010209999999999998 0.0010089999999999999 41.937646541494267 41.937646541494267 41.937646541494267 0.01239668734163602 0.01239668734163602 0.01239668734163602 1 1 1 Converged Converged Converged OK OK OK 99 99 99 99 99 99 5 5 5 0 0 0 0 1 0 0 1
1 1 linear 3 0 13 0 0.0001 2.1336080847516863 0.0042828693196420133 4.9630676369625602e-05 -1.6315105013818718 0.0015986042237884001 -1.6315204275171458 0.5 1.6406194223177977 39.628984737474326 OK 15 14 0.79427300000000001 0.791516 0.26904099999999997 0.52010800000000001 0.52527599999999997 0 0.27416499999999999 0.26624000000000003 0.26904099999999997 0.014383999999999999 0.014416999999999999 0.013872000000000001 0.21176899999999999 0.20366499999999998 0.207425 0.0065550000000000001 0.0066479999999999994 0.0064729999999999996 0.001354 0.001359 0.0013559999999999998 39.628960725662097 39.628960725662097 39.628960725662097 0.00069106879848777393 0.00069106879848777393 0.00069106879848777393 1 1 1 Converged Converged Converged OK OK OK 123 123 123 123 123 123 5 5 5 0 0 0 0 0 1 0 0
1 1 linear 3 7 13 1 0.0001 2.1336080847516863 0.0042828693196420133 4.9630676369625602e-05 -1.6315105013818718 0.0015986042237884001 -1.6315143855217615 0.5 1.6406133803224134 40.278061641616404 OK 15 14 0.76842100000000002 0.79474400000000001 0.248304 0.51129000000000002 0.367647 0 0.257131 0.427097 0.248304 0.014886999999999999 0.013721000000000001 0.012914 0.20416599999999996 0.37443500000000013 0.19788000000000003 0.0065690000000000002 0.0069490000000000003 0.0065540000000000008 0.001255 0.00133 0.001232 40.278037541826059 40.278037541826059 40.278037541826059 0.00069124018089876144 0.00069124018089876144 0.00069124018089876144 1 1 1 Converged Converged Converged OK OK OK 123 123 123 123 123 123 5 5 5 0 0 0 0 1 0 0 1
1 1 linear 3 15 13 2 0.0001 2.1336080847516863 0.0042828693196420133 4.9630676369625602e-05 -1.6315105013818718 0.0015986042237884001 -1.6315074803841798 0.5 1.6406064751848317 41.07410032076988 OK 15 14 0.76056299999999999 0.80138900000000002 0.250664 0.50308799999999998 0.36981799999999998 0 0.25747500000000001 0.43157100000000004 0.250664 0.013558000000000001 0.013545 0.012747 0.20563200000000006 0.3793399999999999 0.20004799999999998 0.0065389999999999997 0.0066449999999999999 0.0066769999999999998 0.001307 0.0013050000000000002 0.0013090000000000003 41.074075346204019 41.074075346204019 41.074075346204019 0.00069149460171499518 0.00069149460171499518 0.00069149460171499518 1 1 1 Converged Converged Converged OK OK OK 123 123 123 123 123 123 5 5 5 0 0 0 0 1 0 0 1
1 1 linear 3 23 13 3 0.0001 2.1336080847516863 0.0042828693196420133 4.9630676369625602e-05 -1.6315105013818718 0.0015986042237884001 -1.6315005752465979 0.5 1.6405995700472498 41.937719089281615 OK 15 14 0.84518400000000005 0.88803299999999996 0.25106099999999998 0.58623700000000001 0.46318599999999999 0 0.25894700000000004 0.42484699999999997 0.25106099999999998 0.013498 0.013578 0.012808999999999999 0.20718100000000009 0.37271599999999994 0.20074399999999992 0.0066230000000000004 0.0067330000000000003 0.0066500000000000005 0.001286 0.0012620000000000001 0.0012710000000000002 41.937690954761891 41.937690954761891 41.937690954761891 0.00069183061815042358 0.00069183061815042358 0.00069183061815042358 1 1 1 Converged Converged Converged OK OK OK 123 123 123 123 123 123 5 5 5 0 0 0 0 1 0 0 1
1 1 linear 4 0 14 0 0.001 2.1336080847516863 0.0042828693196420133 4.9630676369625602e-05 -1.6572205665868822 0.022790952304382966 -1.6572304927221562 0.5 1.6663294875228081 3.8620409058263752 OK 13 12 0.49225200000000002 0.48430400000000001 0.13404099999999999 0.35500700000000002 0.34891499999999998 0 0.13724500000000001 0.13538900000000004 0.13404099999999999 0.0089980000000000008 0.0089409999999999993 0.0086709999999999999 0.10616399999999999 0.10492600000000006 0.10400399999999997 0.0031840000000000002 0.0030569999999999998 0.0031049999999999997 0.00069000000000000008 0.00066399999999999999 0.00066700000000000006 3.862039645317104 3.862039645317104 3.862039645317104 0.0019535087003893603 0.0019535087003893603 0.0019535087003893603 1 1 1 Converged Converged Converged OK OK OK 61 61 61 61 61 61 3 3 3 0 0 0 0 0 1 0 0
1 1 linear 4 7 14 1 0.001 2.1336080847516863 0.0042828693196420133 4.9630676369625602e-05 -1.6572205665868822 0.022790952304382966 -1.6572244507267719 0.5 1.6663234455274238 3.855806930014642 OK 13 12 0.50926099999999996 0.46110400000000001 0.13291 0.37315799999999999 0.248332 0 0.13610299999999997 0.21277200000000002 0.13291 0.0082129999999999998 0.008234 0.007698 0.10832099999999999 0.18514700000000003 0.106254 0.0032690000000000002 0.00332 0.0033139999999999997 0.000727 0.00070899999999999999 0.00065099999999999999 3.8558056817096729 3.8558056817096729 3.8558056817096729 0.0019535012380718533 0.0019535012380718533 0.0019535012380718533 1 1 1 Converged Converged Converged OK OK OK 61 61 61 61 61 61 3 3 3 0 0 0 0 1 0 0 1
1 1 linear 4 15 14 2 0.001 2.1336080847516863 0.0042828693196420133 4.9630676369625602e-05 -1.6572205665868822 0.022790952304382966 -1.6572175455891902 0.5 1.6663165403898421 3.8487277016614478 OK 13 12 0.51703600000000005 0.459897 0.13306599999999999 0.37977 0.24706 0 0.13726600000000005 0.212837 0.13306599999999999 0.0082349999999999993 0.0082710000000000006 0.0076889999999999997 0.10961599999999999 0.185226 0.10670400000000002 0.0032960000000000003 0.0033940000000000003 0.0032130000000000001 0.00069000000000000008 0.00067400000000000001 0.00065300000000000004 3.8487264671009735 3.8487264671009735 3.8487264671009735 0.0019534927322242012 0.0019534927322242012 0.0019534927322242012 1 1 1 Converged Converged Converged OK OK OK 61 61 61 61 61 61 3 3 3 0 0 0 0 1 0 0 1
1 1 linear 4 23 14 3 0.001 2.1336080847516863 0.0042828693196420133 4.9630676369625602e-05 -1.6572205665868822 0.022790952304382966 -1.6572106404516083 0.5 1.6663096352522602 3.8416962953937599 OK 13 12 0.61590800000000001 0.56950800000000001 0.13403799999999999 0.47791899999999998 0.362485 0 0.13798900000000003 0.20702300000000001 0.13403799999999999 0.0082070000000000008 0.0082959999999999996 0.0076880000000000004 0.11035499999999999 0.179226 0.10775600000000003 0.0032399999999999998 0.0033709999999999999 0.0031130000000000003 0.00071900000000000002 0.00068700000000000011 0.00064399999999999993 3.8416950743619886 3.8416950743619886 3.8416950743619886 0.0019534842388396639 0.0019534842388396639 0.0019534842388396639 1 1 1 Converged Converged Converged OK OK OK 61 61 61 61 61 61 3 3 3 0 0 0 0 1 0 0 1
1 1 linear 4 0 14 0 0.0001 2.1336080847516863 0.0042828693196420133 4.9630676369625602e-05 -1.6572205665868822 0.022790952304382966 -1.6572304927221562 0.5 1.6663294875228081 3.8620409058263752 OK 13 12 0.515984 0.51227400000000001 0.16537099999999999 0.34863899999999998 0.35058699999999998 0 0.16734500000000002 0.16168700000000003 0.16537099999999999 0.008914 0.0088780000000000005 0.012425 0.13037700000000002 0.12507599999999996 0.12516300000000002 0.0040260000000000001 0.0040850000000000001 0.0040140000000000002 0.00082400000000000008 0.00083799999999999999 0.00080900000000000004 3.8620396463351687 3.8620396463351687 3.8620396463351687 8.5174636135704058e-05 8.5174636135704058e-05 8.5174636135704058e-05 1 1 1 Converged Converged Converged OK OK OK 77 77 77 77 77 77 3 3 3 0 0 0 0 0 1 0 0
1 1 linear 4 7 14 1 0.0001 2.1336080847516863 0.0042828693196420133 4.9630676369625602e-05 -1.6572205665868822 0.022790952304382966 -1.6572244507267719 0.5 1.6663234455274238 3.855806930014642 OK 13 12 0.53689900000000002 0.523482 0.15928899999999999 0.37328 0.24405299999999999 0 0.16361900000000001 0.27942900000000004 0.15928899999999999 0.0081440000000000002 0.0082380000000000005 0.0077099999999999998 0.13145600000000005 0.24688100000000002 0.12809200000000001 0.0039459999999999999 0.0041809999999999998 0.003934 0.00078200000000000003 0.00078600000000000002 0.0007629999999999999 3.8558056827270613 3.8558056827270613 3.8558056827270613 8.5175454086604239e-05 8.5175454086604239e-05 8.5175454086604239e-05 1 1 1 Converged Converged Converged OK OK OK 77 77 77 77 77 77 3 3 3 0 0 0 0 1 0 0 1
1 1 linear 4 15 14 2 0.0001 2.1336080847516863 0.0042828693196420133 4.9630676369625602e-05 -1.6572205665868822 0.022790952304382966 -1.6572175455891902 0.5 1.6663165403898421 3.8487277016614478 OK 13 12 0.543431 0.53002499999999997 0.157195 0.37759300000000001 0.25305899999999998 0 0.16583799999999999 0.27696599999999999 0.157195 0.0081429999999999992 0.008286 0.0076689999999999996 0.12952899999999995 0.24425600000000003 0.12594199999999997 0.0042460000000000006 0.0042989999999999999 0.0040439999999999999 0.00078100000000000001 0.00076900000000000004 0.000767 3.8487264681182585 3.8487264681182585 3.8487264681182585 8.51763948252425e-05 8.51763948252425e-05 8.51763948252425e-05 1 1 1 Converged Converged Converged OK OK OK 77 77 77 77 77 77 3 3 3 0 0 0 0 1 0 0 1
1 1 linear 4 23 14 3 0.0001 2.1336080847516863 0.0042828693196420133 4.9630676369625602e-05 -1.6572205665868822 0.022790952304382966 -1.6572106404516083 0.5 1.6663096352522602 3.8416962953937599 OK 13 12 0.64114099999999996 0.62816300000000003 0.15964999999999999 0.477632 0.36740899999999999 0 0.16350899999999996 0.26075400000000004 0.15964999999999999 0.0081609999999999999 0.008345 0.0076439999999999998 0.13136699999999998 0.22789200000000007 0.12859999999999994 0.003967 0.0042760000000000003 0.0039659999999999999 0.00076900000000000004 0.00080699999999999999 0.00076200000000000009 3.8416950753799952 3.8416950753799952 3.8416950753799952 8.5177329558843717e-05 8.5177329558843717e-05 8.5177329558843717e-05 1 1 1 Converged Converged Converged OK OK OK 77 77 77 77 77 77 3 3 3 0 0 0 0 1 0 0 1
1 1 uniform 0 0 15 0 0.001 2.1336080847516863 0.0042828693196420133 4.9630676369625602e-05 -1.6612080518027779 -0.017635896530330094 -1.6612179779380518 0 1.6703169727387037 41.922291611726415 OK 14 13 0.46964400000000001 0.46768399999999999 0.10617699999999999 0.36197600000000002 0.36039599999999999 0 0.10766799999999999 0.10728799999999999 0.10617699999999999 0.011783 0.011797 0.011309 0.074320999999999984 0.074516000000000013 0.073996000000000034 0.0026949999999999999 0.0026640000000000001 0.002647 0.000754 0.00075199999999999996 0.00072199999999999988 41.922282457400435 41.922282457400435 41.922282457400435 0.0097180175972286752 0.0097180175972286752 0.0097180175972286752 1 1 1 Converged Converged Converged OK OK OK 67 67 67 67 67 67 5 5 5 0 0 0 0 0 1 0 0
1 1 uniform 0 7 15 1 0.001 2.1336080847516863 0.0042828693196420133 4.9630676369625602e-05 -1.6612080518027779 -0.017635896530330094 -1.6612119359426676 0 1.6703109307433195 43.987614774812329 OK 14 13 0.44651800000000003 0.416958 0.101075 0.34337699999999999 0.21532899999999999 0 0.10314100000000004 0.201629 0.101075 0.010913000000000001 0.010917 0.010347 0.074990000000000015 0.17360899999999996 0.074286000000000033 0.0027990000000000003 0.002777 0.0026740000000000002 0.00074899999999999999 0.00078700000000000016 0.0007490000000000001 43.987607710301795 43.987607710301795 43.987607710301795 0.010315120580918494 0.010315120580918494 0.010315120580918494 1 1 1 Converged Converged Converged OK OK OK 67 67 67 67 67 67 5 5 5 0 0 0 0 1 0 0 1
1 1 uniform 0 15 15 2 0.001 2.1336080847516863 0.0042828693196420133 4.9630676369625602e-05 -1.6612080518027779 -0.017635896530330094 -1.6612050308050859 0 1.6703040256057378 45.910506501119002 OK 14 13 0.47644599999999998 0.439496 0.10286099999999999 0.37155100000000002 0.23944699999999999 0 0.10489499999999996 0.200049 0.10286099999999999 0.010907 0.010904 0.010186000000000001 0.07672000000000001 0.17171300000000003 0.076077999999999965 0.0027829999999999999 0.0028859999999999997 0.0026749999999999999 0.00071400000000000001 0.00071600000000000006 0.00069800000000000005 45.910498225245647 45.910498225245647 45.910498225245647 0.01111474930143804 0.01111474930143804 0.01111474930143804 1 1 1 Converged Converged Converged OK OK OK 67 67 67 67 67 67 5 5 5 0 0 0 0 1 0 0 1
1 1 uniform 0 23 15 3 0.001 2.1336080847516863 0.0042828693196420133 4.9630676369625602e-05 -1.6612080518027779 -0.017635896530330094 -1.6611981256675039 0 1.6702971204681558 47.308639293138114 OK 14 13 0.47754799999999997 0.458592 0.098784999999999998 0.37705300000000003 0.24009800000000001 0 0.10049499999999995 0.21849399999999999 0.098784999999999998 0.010725999999999999 0.010911000000000001 0.010199 0.072700000000000001 0.190278 0.071961000000000011 0.0027980000000000001 0.0028910000000000003 0.0027020000000000004 0.000718 0.00071300000000000009 0.00072400000000000003 47.308632444160537 47.308632444160537 47.308632444160537 0.011914750729729261 0.011914750729729261 0.011914750729729261 1 1 1 Converged Converged Converged OK OK OK 67 67 67 67 67 67 5 5 5 0 0 0 0 1 0 0 1
1 1 uniform 0 0 15 0 0.0001 2.1336080847516863 0.0042828693196420133 4.9630676369625602e-05 -1.6612080518027779 -0.017635896530330094 -1.6612179779380518 0 1.6703169727387037 41.922291611726415 OK 14 13 0.48382900000000001 0.47845700000000002 0.11737599999999999 0.36152499999999999 0.36037599999999997 0 0.12230400000000002 0.11808100000000005 0.11737599999999999 0.011953999999999999 0.011766 0.01145 0.085653999999999966 0.082032999999999995 0.081506999999999954 0.0031359999999999999 0.0031000000000000008 0.0030699999999999998 0.000843 0.00082600000000000002 0.000825 41.922291276800735 41.922291276800735 41.922291276800735 0.0026948458352841764 0.0026948458352841764 0.0026948458352841764 1 1 1 Converged Converged Converged OK OK OK 75 75 75 75 75 75 5 5 5 0 0 0 0 0 1 0 0
1 1 uniform 0 7 15 1 0.0001 2.1336080847516863 0.0042828693196420133 4.9630676369625602e-05 -1.6612080518027779 -0.017635896530330094 -1.6612119359426676 0 1.6703109307433195 43.987614774812329 OK 14 13 0.453735 0.42819200000000002 0.11129699999999999 0.33986899999999998 0.21151600000000001 0 0.11386600000000002 0.21667600000000001 0.11129699999999999 0.010991000000000001 0.010883 0.01026 0.082709000000000032 0.18609799999999999 0.08200700000000001 0.0033930000000000006 0.003212 0.0031019999999999997 0.0009320000000000001 0.00093100000000000008 0.00090299999999999994 43.987616529787864 43.987616529787864 43.987616529787864 0.003291880325993726 0.003291880325993726 0.003291880325993726 1 1 1 Converged Converged Converged OK OK OK 75 75 75 75 75 75 5 5 5 0 0 0 0 1 0 0 1
1 1 uniform 0 15 15 2 0.0001 2.1336080847516863 0.0042828693196420133 4.9630676369625602e-05 -1.6612080518027779 -0.017635896530330094 -1.6612050308050859 0 1.6703040256057378 45.910506501119002 OK 14 13 0.487456 0.45025399999999999 0.113315 0.372809 0.239514 0 0.114647 0.21073999999999998 0.113315 0.010874 0.010918000000000001 0.010458 0.084205999999999975 0.17987199999999995 0.083879000000000009 0.0031740000000000002 0.0033809999999999999 0.003156 0.000834 0.00089299999999999991 0.00082300000000000006 45.910507044830013 45.910507044830013 45.910507044830013 0.0040914307647334815 0.0040914307647334815 0.0040914307647334815 1 1 1 Converged Converged Converged OK OK OK 75 75 75 75 75 75 5 5 5 0 0 0 0 1 0 0 1
1 1 uniform 0 23 15 3 0.0001 2.1336080847516863 0.0042828693196420133 4.9630676369625602e-05 -1.6612080518027779 -0.017635896530330094 -1.6611981256675039 0 1.6702971204681558 47.308639293138114 OK 14 13 0.50866199999999995 0.50284200000000001 0.12925900000000001 0.37829000000000002 0.24121500000000001 0 0.13037199999999993 0.261627 0.12925900000000001 0.010872 0.010916 0.010295 0.095541000000000029 0.22665799999999997 0.095436999999999994 0.0040029999999999996 0.0042030000000000001 0.0039950000000000003 0.00097400000000000015 0.00097100000000000007 0.00097099999999999997 47.308641326105317 47.308641326105317 47.308641326105317 0.0027972028971429718 0.0027972028971429718 0.0027972028971429718 1 1 1 Converged Converged Converged OK OK OK 91 91 91 91 91 91 5 5 5 0 0 0 0 1 0 0 1
1 1 uniform 1 0 16 0 0.001 2.1336080847516863 0.0042828693196420133 4.9630676369625602e-05 -1.6259738906568106 0.00026457903044116242 -1.6259838167920846 0 1.6350828115927365 83.302759055623369 OK 14 13 0.69308999999999998 0.68842300000000001 0.104286 0.58770900000000004 0.58277900000000005 0 0.10538099999999995 0.10564399999999996 0.104286 0.011696 0.011780000000000001 0.011244000000000001 0.075489000000000001 0.075632999999999978 0.07488000000000003 0.0023470000000000001 0.0024770000000000005 0.0024690000000000003 0.00062800000000000009 0.00063199999999999997 0.00060599999999999998 83.302701421144761 83.302701421144761 83.302701421144761 0.057887914774640767 0.057887914774640767 0.057887914774640767 1 1 1 Converged Converged Converged OK OK OK 59 59 59 59 59 59 5 5 5 0 0 0 0 0 1 0 0
1 1 uniform 1 7 16 1 0.001 2.1336080847516863 0.0042828693196420133 4.9630676369625602e-05 -1.6259738906568106 0.00026457903044116242 -1.6259777747967004 0 1.6350767695973523 83.062765049902367 OK 14 13 0.67608999999999997 0.59301000000000004 0.100421 0.57409500000000002 0.44502799999999998 0 0.10199499999999995 0.14798200000000006 0.100421 0.011037999999999999 0.010925000000000001 0.010342 0.075899999999999967 0.12245600000000001 0.075639999999999957 0.0023959999999999997 0.0023799999999999997 0.0024099999999999998 0.000611 0.00059199999999999997 0.00056499999999999996 83.062707442079969 83.062707442079969 83.062707442079969 0.05738149353233802 0.05738149353233802 0.05738149353233802 1 1 1 Converged Converged Converged OK OK OK 59 59 59 59 59 59 5 5 5 0 0 0 0 1 0 0 1
1 1 uniform 1 15 16 2 0.001 2.1336080847516863 0.0042828693196420133 4.9630676369625602e-05 -1.6259738906568106 0.00026457903044116242 -1.6259708696591186 0 1.6350698644597705 82.752277476412431 OK 14 13 0.68061099999999997 0.59481799999999996 0.10062599999999999 0.57849300000000003 0.44967699999999999 0 0.10211799999999993 0.14514099999999996 0.10062599999999999 0.010725 0.010829 0.010187 0.076487000000000027 0.119757 0.076259999999999994 0.002287 0.0023280000000000002 0.0022649999999999997 0.00061299999999999994 0.00059900000000000003 0.00058900000000000001 82.752218227224901 82.752218227224901 82.752218227224901 0.056886251524189094 0.056886251524189094 0.056886251524189094 1 1 1 Converged Converged Converged OK OK OK 59 59 59 59 59 59 5 5 5 0 0 0 0 1 0 0 1
1 1 uniform 1 23 16 3 0.001 2.1336080847516863 0.0042828693196420133 4.9630676369625602e-05 -1.6259738906568106 0.00026457903044116242 -1.6259639645215367 0 1.6350629593221886 82.404432962833312 OK 14 13 0.62138700000000002 0.56837800000000005 0.099463999999999997 0.51966699999999999 0.41783399999999998 0 0.10172000000000003 0.15054400000000007 0.099463999999999997 0.010857 0.010985999999999999 0.010224 0.076070000000000013 0.12465099999999998 0.075261000000000008 0.0023380000000000002 0.0023400000000000001 0.0022560000000000002 0.00058200000000000005 0.00058200000000000005 0.00056999999999999998 82.404374867057825 82.404374867057825 82.404374867057825 0.056430544785213636 0.056430544785213636 0.056430544785213636 1 1 1 Converged Converged Converged OK OK OK 59 59 59 59 59 59 5 5 5 0 0 0 0 1 0 0 1
1 1 uniform 1 0 16 0 0.0001 2.1336080847516863 0.0042828693196420133 4.9630676369625602e-05 -1.6259738906568106 0.00026457903044116242 -1.6259838167920846 0 1.6350828115927365 83.302759055623369 OK 14 13 0.74822100000000002 0.74868599999999996 0.15881600000000001 0.58723499999999995 0.58740400000000004 0 0.16098600000000007 0.16128199999999993 0.15881600000000001 0.0118 0.011988 0.011391 0.11890399999999995 0.1190320000000001 0.117995 0.0043020000000000003 0.0042139999999999999 0.0039740000000000001 0.001026 0.0010169999999999999 0.0010000000000000002 83.302764592245282 83.302764592245282 83.302764592245282 0.0029719984075689803 0.0029719984075689803 0.0029719984075689803 1 1 1 Converged Converged Converged OK OK OK 91 91 91 91 91 91 5 5 5 0 0 0 0 0 1 0 0
1 1 uniform 1 7 16 1 0.0001 2.1336080847516863 0.0042828693196420133 4.9630676369625602e-05 -1.6259738906568106 0.00026457903044116242 -1.6259777747967004 0 1.6350767695973523 83.062765049902367 OK 14 13 0.72512299999999996 0.66556499999999996 0.15169099999999999 0.56870799999999999 0.44389099999999998 0 0.15641499999999997 0.22167399999999998 0.15169099999999999 0.010914 0.010909 0.010257 0.12279199999999994 0.18752199999999997 0.119128 0.0039850000000000007 0.0041280000000000006 0.0039220000000000001 0.00096000000000000002 0.00096199999999999996 0.00094200000000000013 83.062770336557577 83.062770336557577 83.062770336557577 0.0029783891154895681 0.0029783891154895681 0.0029783891154895681 1 1 1 Converged Converged Converged OK OK OK 91 91 91 91 91 91 5 5 5 0 0 0 0 1 0 0 1
1 1 uniform 1 15 16 2 0.0001 2.1336080847516863 0.0042828693196420133 4.9630676369625602e-05 -1.6259738906568106 0.00026457903044116242 -1.6259708696591186 0 1.6350698644597705 82.752277476412431 OK 14 13 0.71392199999999995 0.62636599999999998 0.133713 0.57834399999999997 0.44756200000000002 0 0.13557799999999998 0.17880399999999996 0.133713 0.010817 0.010862999999999999 0.010173 0.104819 0.14827499999999996 0.10450600000000002 0.0031689999999999999 0.0031459999999999999 0.003068 0.00090200000000000002 0.00089300000000000002 0.00087500000000000002 82.752279688067887 82.752279688067887 82.752279688067887 0.0079426048162141803 0.0079426048162141803 0.0079426048162141803 1 1 1 Converged Converged Converged OK OK OK 75 75 75 75 75 75 5 5 5 0 0 0 0 1 0 0 1
1 1 uniform 1 23 16 3 0.0001 2.1336080847516863 0.0042828693196420133 4.9630676369625602e-05 -1.6259738906568106 0.00026457903044116242 -1.6259639645215367 0 1.6350629593221886 82.404432962833312 OK 14 13 0.65827100000000005 0.60362300000000002 0.133048 0.52309300000000003 0.41610999999999998 0 0.13517800000000002 0.18751300000000004 0.133048 0.010718999999999999 0.010906000000000001 0.010152 0.10466399999999997 0.15696400000000008 0.10406999999999998 0.0033539999999999998 0.0033140000000000001 0.0031029999999999999 0.00083900000000000001 0.00082800000000000007 0.00082199999999999992 82.404436316570184 82.404436316570184 82.404436316570184 0.007495921151806282 0.007495921151806282 0.007495921151806282 1 1 1 Converged Converged Converged OK OK OK 75 75 75 75 75 75 5 5 5 0 0 0 0 1 0 0 1
1 1 uniform 2 0 17 0 0.001 2.1336080847516863 0.0042828693196420133 4.9630676369625602e-05 -1.6582446788177632 -0.024701825376412103 -1.6582546049530371 0 1.667353599753689 70.36736576534669 OK 14 13 0.96175100000000002 0.96455900000000006 0.14795 0.81242000000000003 0.81440900000000005 0 0.14933099999999999 0.15015000000000001 0.14795 0.012338999999999999 0.012348 0.012070000000000001 0.10757899999999998 0.10845999999999995 0.10727999999999999 0.0044399999999999995 0.0045790000000000006 0.0041859999999999996 0.0010269999999999999 0.001083 0.0010200000000000001 70.367357907743497 70.367357907743497 70.367357907743497 0.032414884072362066 0.032414884072362066 0.032414884072362066 1 1 1 Converged Converged Converged OK OK OK 90 90 90 90 90 90 6 6 6 0 0 0 0 0 1 0 0
1 1 uniform 2 7 17 1 0.001 2.1336080847516863 0.0042828693196420133 4.9630676369625602e-05 -1.6582446788177632 -0.024701825376412103 -1.6582485629576529 0 1.6673475577583048 62.370754271225572 OK 15 14 1.116444 1.076292 0.13622999999999999 0.97924599999999995 0.83778399999999997 0 0.13719800000000004 0.23850800000000005 0.13622999999999999 0.013650000000000001 0.014200000000000001 0.012971 0.101636 0.20148800000000003 0.10156500000000002 0.0035329999999999997 0.0040090000000000004 0.003637 0.00095399999999999999 0.0010319999999999999 0.00093500000000000007 62.370752456032321 62.370752456032321 62.370752456032321 0.051537507562998207 0.051537507562998207 0.051537507562998207 1 1 1 Converged Converged Converged OK OK OK 82 82 82 82 82 82 6 6 6 0 0 0 0 1 0 0 1
1 1 uniform 2 15 17 2 0.001 2.1336080847516863 0.0042828693196420133 4.9630676369625602e-05 -1.6582446788177632 -0.024701825376412103 -1.6582416578200712 0 1.6673406526207231 57.896245235044276 OK 15 14 1.1173489999999999 1.1205609999999999 0.140981 0.97375400000000001 0.87651900000000005 0 0.14359499999999992 0.24404199999999987 0.140981 0.013602 0.013797 0.012791 0.10795100000000006 0.2075250000000001 0.10678599999999999 0.0035890000000000002 0.0040200000000000001 0.003493 0.00089300000000000002 0.00099200000000000004 0.00092599999999999996 57.896237569335817 57.896237569335817 57.896237569335817 0.02958648320634991 0.02958648320634991 0.02958648320634991 1 1 1 Converged Converged Converged OK OK OK 82 82 82 82 82 82 6 6 6 0 0 0 0 1 0 0 1
1 1 uniform 2 23 17 3 0.001 2.1336080847516863 0.0042828693196420133 4.9630676369625602e-05 -1.6582446788177632 -0.024701825376412103 -1.6582347526824892 0 1.6673337474831411 54.883099812361266 OK 15 14 0.99079300000000003 0.95111000000000001 0.14244399999999999 0.84612100000000001 0.71155999999999997 0 0.14467200000000002 0.23955000000000004 0.14244399999999999 0.01366 0.013710999999999999 0.012905 0.10920799999999999 0.20390399999999997 0.10826700000000002 0.0036099999999999999 0.0036249999999999998 0.0035230000000000001 0.0009140000000000001 0.00091100000000000003 0.00084999999999999995 54.883089801390021 54.883089801390021 54.883089801390021 0.023089476336965866 0.023089476336965866 0.023089476336965866 1 1 1 Converged Converged Converged OK OK OK 82 82 82 82 82 82 6 6 6 0 0 0 0 1 0 0 1
1 1 uniform 2 0 17 0 0.0001 2.1336080847516863 0.0042828693196420133 4.9630676369625602e-05 -1.6582446788177632 -0.024701825376412103 -1.6582546049530371 0 1.667353599753689 70.36736576534669 OK 14 13 0.99304999999999999 0.995668 0.175841 0.81536399999999998 0.81894999999999996 0 0.17768600000000001 0.17671800000000004 0.175841 0.012648 0.012416 0.012265 0.128081 0.12793499999999997 0.12767099999999995 0.0050910000000000009 0.005097 0.0050419999999999996 0.0013699999999999999 0.0013330000000000002 0.0012639999999999999 70.367368666668611 70.367368666668611 70.367368666668611 0.0055186340177645881 0.0055186340177645881 0.0055186340177645881 1 1 1 Converged Converged Converged OK OK OK 106 106 106 106 106 106 6 6 6 0 0 0 0 0 1 0 0
1 1 uniform 2 7 17 1 0.0001 2.1336080847516863 0.0042828693196420133 4.9630676369625602e-05 -1.6582446788177632 -0.024701825376412103 -1.6582485629576529 0 1.6673475577583048 62.370754271225572 OK 15 14 1.1790989999999999 1.1868749999999999 0.19325700000000001 0.98312500000000003 0.84199999999999997 0 0.19597399999999987 0.34487499999999993 0.19325700000000001 0.013932 0.014303 0.013117 0.14500000000000002 0.29253299999999982 0.144482 0.0058519999999999996 0.0063550000000000004 0.0057099999999999998 0.0014300000000000001 0.0014190000000000001 0.001335 62.370753806276774 62.370753806276774 62.370753806276774 0.0031303898782807107 0.0031303898782807107 0.0031303898782807107 1 1 1 Converged Converged Converged OK OK OK 122 122 122 122 122 122 6 6 6 0 0 0 0 1 0 0 1
1 1 uniform 2 15 17 2 0.0001 2.1336080847516863 0.0042828693196420133 4.9630676369625602e-05 -1.6582446788177632 -0.024701825376412103 -1.6582416578200712 0 1.6673406526207231 57.896245235044276 OK 15 14 1.1760470000000001 1.2149289999999999 0.19634399999999999 0.97355199999999997 0.883575 0 0.20249500000000009 0.33135399999999993 0.19634399999999999 0.013531 0.01372 0.012912 0.15583700000000006 0.28462700000000007 0.15124700000000002 0.0058710000000000004 0.0057910000000000001 0.0056129999999999991 0.0013720000000000002 0.0013310000000000002 0.0013900000000000002 57.896244438376712 57.896244438376712 57.896244438376712 0.0031819579858140836 0.0031819579858140836 0.0031819579858140836 1 1 1 Converged Converged Converged OK OK OK 122 122 122 122 122 122 6 6 6 0 0 0 0 1 0 0 1
1 1 uniform 2 23 17 3 0.0001 2.1336080847516863 0.0042828693196420133 4.9630676369625602e-05 -1.6582446788177632 -0.024701825376412103 -1.6582347526824892 0 1.6673337474831411 54.883099812361266 OK 15 14 1.052681 1.040403 0.20094500000000001 0.84882000000000002 0.71194199999999996 0 0.20386099999999996 0.328461 0.20094500000000001 0.013691 0.013851 0.0129 0.15713299999999997 0.28143800000000002 0.15629099999999999 0.0058809999999999999 0.0059539999999999992 0.0055199999999999997 0.0013889999999999998 0.0014379999999999998 0.0013260000000000001 54.88309804783799 54.88309804783799 54.88309804783799 0.0032637729839363793 0.0032637729839363793 0.0032637729839363793 1 1 1 Converged Converged Converged OK OK OK 122 122 122 122 122 122 6 6 6 0 0 0 0 1 0 0 1
1 1 uniform 3 0 18 0 0.001 2.1336080847516863 0.0042828693196420133 4.9630676369625602e-05 -1.6315105013818718 0.0015986042237884001 -1.6315204275171458 0 1.6406194223177977 39.82385624119113 OK 15 14 0.66102700000000003 0.66386599999999996 0.13949800000000001 0.52076299999999998 0.52309300000000003 0 0.14026400000000006 0.14077299999999993 0.13949800000000001 0.01418 0.014474000000000001 0.013807 0.10149700000000005 0.10180899999999998 0.10129500000000001 0.0032230000000000002 0.0032060000000000001 0.0031879999999999999 0.00074199999999999993 0.000754 0.00076699999999999989 39.82384628362535 39.82384628362535 39.82384628362535 0.034155761336288767 0.034155761336288767 0.034155761336288767 1 1 1 Converged Converged Converged OK OK OK 67 67 67 67 67 67 5 5 5 0 0 0 0 0 1 0 0
1 1 uniform 3 7 18 1 0.001 2.1336080847516863 0.0042828693196420133 4.9630676369625602e-05 -1.6315105013818718 0.0015986042237884001 -1.6315143855217615 0 1.6406133803224134 40.492618673904261 OK 15 14 0.64107000000000003 0.58399100000000004 0.12769800000000001 0.51130399999999998 0.37055300000000002 0 0.12976600000000005 0.21343800000000002 0.12769800000000001 0.013596 0.013528999999999999 0.012884 0.095720000000000013 0.17945700000000001 0.094889000000000029 0.0032929999999999999 0.0033500000000000001 0.0032260000000000001 0.00074800000000000008 0.000718 0.00072899999999999994 40.492608631519126 40.492608631519126 40.492608631519126 0.035492576991945406 0.035492576991945406 0.035492576991945406 1 1 1 Converged Converged Converged OK OK OK 67 67 67 67 67 67 5 5 5 0 0 0 0 1 0 0 1
1 1 uniform 3 15 18 2 0.001 2.1336080847516863 0.0042828693196420133 4.9630676369625602e-05 -1.6315105013818718 0.0015986042237884001 -1.6315074803841798 0 1.6406064751848317 41.315262378972811 OK 15 14 0.64190100000000005 0.58318300000000001 0.129306 0.50572799999999996 0.36851 0 0.1361730000000001 0.214673 0.129306 0.014714 0.01355 0.012708000000000001 0.100548 0.18040899999999999 0.096695999999999949 0.0033709999999999999 0.0034159999999999998 0.003222 0.00085399999999999994 0.00080900000000000004 0.00081899999999999996 41.315252213603593 41.315252213603593 41.315252213603593 0.037241349729979313 0.037241349729979313 0.037241349729979313 1 1 1 Converged Converged Converged OK OK OK 67 67 67 67 67 67 5 5 5 0 0 0 0 1 0 0 1
1 1 uniform 3 23 18 3 0.001 2.1336080847516863 0.0042828693196420133 4.9630676369625602e-05 -1.6315105013818718 0.0015986042237884001 -1.6315005752465979 0 1.6405995700472498 42.211166017099927 OK 15 14 0.72126000000000001 0.68325199999999997 0.12931000000000001 0.59016599999999997 0.46554600000000002 0 0.13109400000000004 0.21770599999999996 0.12931000000000001 0.013459 0.013457999999999999 0.012814000000000001 0.097344 0.18386699999999997 0.096724999999999978 0.0032200000000000002 0.003297 0.003225 0.00076099999999999996 0.00077999999999999999 0.00071100000000000004 42.211155717813547 42.211155717813547 42.211155717813547 0.039383396366207545 0.039383396366207545 0.039383396366207545 1 1 1 Converged Converged Converged OK OK OK 67 67 67 67 67 67 5 5 5 0 0 0 0 1 0 0 1
1 1 uniform 3 0 18 0 0.0001 2.1336080847516863 0.0042828693196420133 4.9630676369625602e-05 -1.6315105013818718 0.0015986042237884001 -1.6315204275171458 0 1.6406194223177977 39.82385624119113 OK 15 14 0.71894899999999995 0.71373799999999998 0.19319 0.51922800000000002 0.51880199999999999 0 0.19972099999999993 0.194936 0.19319 0.014387 0.014673 0.013989 0.14391600000000007 0.13920800000000008 0.13883600000000004 0.0055469999999999998 0.0054289999999999998 0.0053500000000000006 0.0011719999999999999 0.001147 0.0011540000000000001 39.823855487856335 39.823855487856335 39.823855487856335 0.0010168316196409511 0.0010168316196409511 0.0010168316196409511 1 1 1 Converged Converged Converged OK OK OK 107 107 107 107 107 107 5 5 5 0 0 0 0 0 1 0 0
1 1 uniform 3 7 18 1 0.0001 2.1336080847516863 0.0042828693196420133 4.9630676369625602e-05 -1.6315105013818718 0.0015986042237884001 -1.6315143855217615 0 1.6406133803224134 40.492618673904261 OK 15 14 0.69420800000000005 0.68984500000000004 0.17802200000000001 0.51434999999999997 0.37193900000000002 0 0.17985800000000007 0.31790600000000002 0.17802200000000001 0.013783999999999999 0.013665999999999999 0.012888 0.133136 0.27126399999999995 0.13291799999999993 0.005424 0.0055459999999999997 0.0052979999999999998 0.0011300000000000001 0.0011349999999999999 0.0011039999999999999 40.49261783047573 40.49261783047573 40.49261783047573 0.0010171069855067034 0.0010171069855067034 0.0010171069855067034 1 1 1 Converged Converged Converged OK OK OK 107 107 107 107 107 107 5 5 5 0 0 0 0 1 0 0 1
1 1 uniform 3 15 18 2 0.0001 2.1336080847516863 0.0042828693196420133 4.9630676369625602e-05 -1.6315105013818718 0.0015986042237884001 -1.6315074803841798 0 1.6406064751848317 41.315262378972811 OK 15 14 0.69792299999999996 0.69523599999999997 0.18074200000000001 0.51127800000000001 0.368842 0 0.18664499999999995 0.32639399999999996 0.18074200000000001 0.013927999999999999 0.013446 0.012711 0.13924899999999993 0.28001000000000004 0.135796 0.0054409999999999997 0.0054619999999999998 0.0053319999999999991 0.0011829999999999998 0.0011689999999999999 0.0011620000000000001 41.315261405378905 41.315261405378905 41.315261405378905 0.0010174244855652979 0.0010174244855652979 0.0010174244855652979 1 1 1 Converged Converged Converged OK OK OK 107 107 107 107 107 107 5 5 5 0 0 0 0 1 0 0 1
1 1 uniform 3 23 18 3 0.0001 2.1336080847516863 0.0042828693196420133 4.9630676369625602e-05 -1.6315105013818718 0.0015986042237884001 -1.6315005752465979 0 1.6405995700472498 42.211166017099927 OK 15 14 0.771702 0.78307000000000004 0.179706 0.59078799999999998 0.46651700000000002 0 0.18091400000000002 0.31655300000000003 0.179706 0.013278 0.013491 0.012841 0.13517500000000002 0.27025400000000011 0.13506699999999999 0.0053689999999999996 0.0055570000000000003 0.0052569999999999995 0.001109 0.0011429999999999999 0.0011310000000000001 42.211164900914504 42.211164900914504 42.211164900914504 0.001017745011947138 0.001017745011947138 0.001017745011947138 1 1 1 Converged Converged Converged OK OK OK 107 107 107 107 107 107 5 5 5 0 0 0 0 1 0 0 1
1 1 uniform 4 0 19 0 0.001 2.1336080847516863 0.0042828693196420133 4.9630676369625602e-05 -1.6572205665868822 0.022790952304382966 -1.6572304927221562 0 1.6663294875228081 3.8620667748591222 OK 13 12 0.422176 0.42637199999999997 0.074495000000000006 0.34707700000000002 0.35125699999999999 0 0.075098999999999971 0.075114999999999987 0.074495000000000006 0.0089580000000000007 0.0089169999999999996 0.0086300000000000005 0.049732999999999999 0.050101000000000007 0.049839000000000015 0.0023169999999999996 0.002222 0.0021649999999999998 0.00053899999999999998 0.00055500000000000005 0.00053200000000000003 3.8620667486052338 3.8620667486052338 3.8620667486052338 0.0013594113566830995 0.0013594113566830995 0.0013594113566830995 1 1 1 Converged Converged Converged OK OK OK 45 45 45 45 45 45 3 3 3 0 0 0 0 0 1 0 0
1 1 uniform 4 7 19 1 0.001 2.1336080847516863 0.0042828693196420133 4.9630676369625602e-05 -1.6572205665868822 0.022790952304382966 -1.6572244507267719 0 1.6663234455274238 3.8558325439732508 OK 13 12 0.44857799999999998 0.37212000000000001 0.073659000000000002 0.37356699999999998 0.243669 0 0.075010999999999994 0.12845100000000001 0.073659000000000002 0.0082699999999999996 0.0082000000000000007 0.0076880000000000004 0.052746999999999988 0.10644599999999997 0.052317000000000009 0.0022279999999999999 0.002215 0.0022200000000000002 0.00054699999999999996 0.00053600000000000002 0.00051999999999999995 3.8558325177630759 3.8558325177630759 3.8558325177630759 0.0013572201062033839 0.0013572201062033839 0.0013572201062033839 1 1 1 Converged Converged Converged OK OK OK 45 45 45 45 45 45 3 3 3 0 0 0 0 1 0 0 1
1 1 uniform 4 15 19 2 0.001 2.1336080847516863 0.0042828693196420133 4.9630676369625602e-05 -1.6572205665868822 0.022790952304382966 -1.6572175455891902 0 1.6663165403898421 3.8487530283500067 OK 13 12 0.44999499999999998 0.38059999999999999 0.073747999999999994 0.37521399999999999 0.25187599999999999 0 0.074780999999999986 0.12872400000000001 0.073747999999999994 0.0082129999999999998 0.0081729999999999997 0.0076600000000000001 0.052598000000000013 0.10664599999999998 0.052519000000000017 0.002173 0.0022529999999999998 0.00216 0.00054500000000000002 0.00054500000000000002 0.00053400000000000008 3.8487530021871041 3.8487530021871041 3.8487530021871041 0.0013547317511445438 0.0013547317511445438 0.0013547317511445438 1 1 1 Converged Converged Converged OK OK OK 45 45 45 45 45 45 3 3 3 0 0 0 0 1 0 0 1
1 1 uniform 4 23 19 3 0.001 2.1336080847516863 0.0042828693196420133 4.9630676369625602e-05 -1.6572205665868822 0.022790952304382966 -1.6572106404516083 0 1.6663096352522602 3.8417213392492799 OK 13 12 0.55530299999999999 0.48599500000000001 0.073858999999999994 0.47985699999999998 0.36510700000000001 0 0.075446000000000013 0.120888 0.073858999999999994 0.0082400000000000008 0.0081890000000000001 0.0076439999999999998 0.053197999999999974 0.098706000000000016 0.052801999999999995 0.0021510000000000001 0.0022539999999999999 0.0021700000000000001 0.00053700000000000004 0.00054000000000000001 0.00052699999999999991 3.8417213131338919 3.8417213131338919 3.8417213131338919 0.0013522601935456919 0.0013522601935456919 0.0013522601935456919 1 1 1 Converged Converged Converged OK OK OK 45 45 45 45 45 45 3 3 3 0 0 0 0 1 0 0 1
1 1 uniform 4 0 19 0 0.0001 2.1336080847516863 0.0042828693196420133 4.9630676369625602e-05 -1.6572205665868822 0.022790952304382966 -1.6572304927221562 0 1.6663294875228081 3.8620667748591222 OK 13 12 0.47064099999999998 0.47265499999999999 0.11874 0.35129500000000002 0.35320299999999999 0 0.11934599999999995 0.119452 0.11874 0.0089849999999999999 0.009044 0.0086459999999999992 0.082581999999999975 0.083208999999999991 0.083084999999999978 0.003833 0.003895 0.0037769999999999995 0.00082800000000000007 0.00081499999999999997 0.00079700000000000007 3.8620667486264311 3.8620667486264311 3.8620667486264311 1.7751199338275504e-05 1.7751199338275504e-05 1.7751199338275504e-05 1 1 1 Converged Converged Converged OK OK OK 77 77 77 77 77 77 3 3 3 0 0 0 0 0 1 0 0
1 1 uniform 4 7 19 1 0.0001 2.1336080847516863 0.0042828693196420133 4.9630676369625602e-05 -1.6572205665868822 0.022790952304382966 -1.6572244507267719 0 1.6663234455274238 3.8558325439732508 OK 13 12 0.491066 0.48408600000000002 0.11697200000000001 0.37194199999999999 0.24686 0 0.11912400000000001 0.23722600000000002 0.11697200000000001 0.0083219999999999995 0.0081969999999999994 0.0076519999999999999 0.086721000000000006 0.20514100000000002 0.08600500000000004 0.0039160000000000002 0.0039050000000000001 0.0038159999999999999 0.00080400000000000003 0.00079500000000000003 0.00076499999999999995 3.8558325177842989 3.8558325177842989 3.8558325177842989 1.7751371700508585e-05 1.7751371700508585e-05 1.7751371700508585e-05 1 1 1 Converged Converged Converged OK OK OK 77 77 77 77 77 77 3 3 3 0 0 0 0 1 0 0 1
1 1 uniform 4 15 19 2 0.0001 2.1336080847516863 0.0042828693196420133 4.9630676369625602e-05 -1.6572205665868822 0.022790952304382966 -1.6572175455891902 0 1.6663165403898421 3.8487530283500067 OK 13 12 0.49849500000000002 0.48313699999999998 0.114594 0.38195299999999999 0.24861 0 0.11654200000000003 0.23452699999999999 0.114594 0.0083560000000000006 0.0083490000000000005 0.0076730000000000001 0.084065999999999988 0.20195399999999997 0.083742999999999998 0.0037989999999999999 0.003895 0.0037870000000000004 0.00080399999999999992 0.00079500000000000013 0.00077499999999999997 3.8487530022087659 3.8487530022087659 3.8487530022087659 1.7751572823776002e-05 1.7751572823776002e-05 1.7751572823776002e-05 1 1 1 Converged Converged Converged OK OK OK 77 77 77 77 77 77 3 3 3 0 0 0 0 1 0 0 1
1 1 uniform 4 23 19 3 0.0001 2.1336080847516863 0.0042828693196420133 4.9630676369625602e-05 -1.6572205665868822 0.022790952304382966 -1.6572106404516083 0 1.6663096352522602 3.8417213392492799 OK 13 12 0.59806099999999995 0.58292900000000003 0.117199 0.47949199999999997 0.36519299999999999 0 0.11856899999999998 0.21773600000000004 0.117199 0.0082830000000000004 0.0083730000000000002 0.0076600000000000001 0.08659600000000002 0.185473 0.086414999999999992 0.0038110000000000002 0.0039329999999999999 0.0037720000000000002 0.00079300000000000009 0.00079400000000000011 0.00077999999999999999 3.8417213131549812 3.8417213131549812 3.8417213131549812 1.7751766960784626e-05 1.7751766960784626e-05 1.7751766960784626e-05 1 1 1 Converged Converged Converged OK OK OK 77 77 77 77 77 77 3 3 3 0 0 0 0 1 0 0 1
2 2 linear 0 0 20 0 0.001 1.0835258487192334 0.0011934930867489777 0.0064377438689594306 -0.16008332749208662 -0.040867077745903112 -0.16137087626587851 0.5 0.16266251531336498 7.3041753419112512 OK 14 13 0.619699 0.61958400000000002 0.199823 0.414412 0.41771000000000003 0 0.205287 0.201874 0.199823 0.012217 0.012201 0.011594 0.15500800000000006 0.15178799999999998 0.15107999999999996 0.0053470000000000011 0.0053360000000000005 0.0053020000000000003 0.001132 0.0010950000000000001 0.0010200000000000001 7.3041468089428419 7.3041468089428419 7.3041468089428419 0.0053298482084369559 0.0053298482084369559 0.0053298482084369559 1 1 1 Converged Converged Converged OK OK OK 105 105 105 105 105 105 7 7 7 0 0 0 0 0 1 0 0
2 2 linear 0 7 20 1 0.001 1.0835258487192334 0.0011934930867489777 0.0064377438689594306 -0.16008332749208662 -0.040867077745903112 -0.16058715092530954 0.5 0.16187878997279601 7.3383054628708386 OK 14 13 0.57320899999999997 0.46758499999999997 0.191945 0.37516699999999997 0.233374 0 0.198042 0.23421099999999997 0.191945 0.011259 0.011172 0.010463 0.1571270000000001 0.193637 0.153082 0.005306 0.0052810000000000001 0.0050790000000000002 0.0010229999999999998 0.00097599999999999987 0.00096899999999999992 7.3382995943119358 7.3382995943119358 7.3382995943119358 0.0060689986521142696 0.0060689986521142696 0.0060689986521142696 1 1 1 Converged Converged Converged OK OK OK 105 105 105 105 105 105 7 7 7 0 0 0 0 1 0 0 1
2 2 linear 0 15 20 2 0.001 1.0835258487192334 0.0011934930867489777 0.0064377438689594306 -0.16008332749208662 -0.040867077745903112 -0.15969146482180213 0.5 0.1609831038692886 7.3461980917565866 OK 14 13 0.50778299999999998 0.41383999999999999 0.185055 0.31664500000000001 0.176204 0 0.19113799999999997 0.23763599999999999 0.185055 0.011287999999999999 0.011349 0.010422000000000001 0.15030200000000007 0.19700400000000001 0.14619099999999999 0.0053009999999999993 0.0052380000000000005 0.0050550000000000005 0.0010189999999999999 0.0010039999999999999 0.00099899999999999989 7.3462055723946298 7.3462055723946298 7.3462055723946298 0.0054143649773000686 0.0054143649773000686 0.0054143649773000686 1 1 1 Converged Converged Converged OK OK OK 105 105 105 105 105 105 7 7 7 0 0 0 0 1 0 0 1
2 2 linear 0 23 20 3 0.001 1.0835258487192334 0.0011934930867489777 0.0064377438689594306 -0.16008332749208662 -0.040867077745903112 -0.15879577871829473 0.5 0.1600874177657812 7.3204056335162262 OK 14 13 0.56126500000000001 0.45463500000000001 0.187831 0.37035699999999999 0.22378500000000001 0 0.19090800000000002 0.23085 0.187831 0.011232000000000001 0.011296 0.010381 0.14988200000000007 0.190189 0.14902800000000005 0.0052680000000000001 0.0052859999999999999 0.0050260000000000001 0.0011769999999999999 0.001188 0.001103 7.3204279612703047 7.3204279612703047 7.3204279612703047 0.0065196767358281782 0.0065196767358281782 0.0065196767358281782 1 1 1 Converged Converged Converged OK OK OK 105 105 105 105 105 105 7 7 7 0 0 0 0 1 0 0 1
2 2 linear 0 0 20 0 0.0001 1.0835258487192334 0.0011934930867489777 0.0064377438689594306 -0.16008332749208662 -0.040867077745903112 -0.16137087626587851 0.5 0.16266251531336498 7.3041753419112512 OK 14 13 0.66531099999999999 0.65979600000000005 0.23843200000000001 0.42343399999999998 0.41728999999999999 0 0.24187700000000001 0.24250600000000005 0.23843200000000001 0.011766 0.012226000000000001 0.011606999999999999 0.18480899999999997 0.18293900000000002 0.18171700000000005 0.005953 0.0080120000000000018 0.006326 0.0013630000000000001 0.0014480000000000001 0.0013860000000000001 7.3041460505422382 7.3041460505422382 7.3041460505422382 0.00053788411711307041 0.00053788411711307041 0.00053788411711307041 1 1 1 Converged Converged Converged OK OK OK 121 121 121 121 121 121 7 7 7 0 0 0 0 0 1 0 0
2 2 linear 0 7 20 1 0.0001 1.0835258487192334 0.0011934930867489777 0.0064377438689594306 -0.16008332749208662 -0.040867077745903112 -0.16058715092530954 0.5 0.16187878997279601 7.3383054628708386 OK 14 13 0.60675500000000004 0.51044100000000003 0.22669600000000001 0.37471399999999999 0.231021 0 0.23204100000000005 0.27942 0.22669600000000001 0.0112 0.011128000000000001 0.010441000000000001 0.18743100000000001 0.23397100000000004 0.18316900000000005 0.0059620000000000003 0.0064659999999999995 0.0061760000000000001 0.0012999999999999999 0.001333 0.0013219999999999998 7.3382972570882181 7.3382972570882181 7.3382972570882181 0.00012686155814430405 0.00012686155814430405 0.00012686155814430405 1 1 1 Converged Converged Converged OK OK OK 121 121 121 121 121 121 7 7 7 0 0 0 0 1 0 0 1
2 2 linear 0 15 20 2 0.0001 1.0835258487192334 0.0011934930867489777 0.0064377438689594306 -0.16008332749208662 -0.040867077745903112 -0.15969146482180213 0.5 0.1609831038692886 7.3461980917565866 OK 14 13 0.56348799999999999 0.46955400000000003 0.233042 0.31930799999999998 0.17407700000000001 0 0.24418000000000001 0.29547699999999999 0.233042 0.011109000000000001 0.011093 0.010422000000000001 0.19420299999999993 0.24655400000000008 0.18523200000000004 0.0065180000000000004 0.0064429999999999991 0.0063770000000000007 0.0014860000000000001 0.0014710000000000001 0.0014350000000000001 7.3462035878293959 7.3462035878293959 7.3462035878293959 4.8697716437754762e-05 4.8697716437754762e-05 4.8697716437754762e-05 1 1 1 Converged Converged Converged OK OK OK 129 129 129 129 129 129 7 7 7 0 0 0 0 1 0 0 1
2 2 linear 0 23 20 3 0.0001 1.0835258487192334 0.0011934930867489777 0.0064377438689594306 -0.16008332749208662 -0.040867077745903112 -0.15879577871829473 0.5 0.1600874177657812 7.3204056335162262 OK 14 13 0.60833700000000002 0.50494600000000001 0.229268 0.36768800000000001 0.218053 0 0.240649 0.28689300000000001 0.229268 0.011358999999999999 0.011088000000000001 0.010410000000000001 0.1923690000000001 0.23888299999999998 0.18332099999999998 0.0069969999999999989 0.0071310000000000002 0.0065680000000000001 0.001632 0.0016110000000000002 0.0015540000000000003 7.3204293821213167 7.3204293821213167 7.3204293821213167 4.2407959912583694e-05 4.2407959912583694e-05 4.2407959912583694e-05 1 1 1 Converged Converged Converged OK OK OK 129 129 129 129 129 129 7 7 7 0 0 0 0 1 0 0 1
2 2 linear 1 0 21 0 0.001 1.0835258487192334 0.0011934930867489777 0.0064377438689594306 -0.15745196855862689 -0.042159477332056591 -0.15873951733241878 0.5 0.16003115637990525 7.1618630089688695 OK 14 13 0.675064 0.67551000000000005 0.20754900000000001 0.46886800000000001 0.46971000000000002 0 0.20619599999999999 0.20580000000000004 0.20754900000000001 0.011849 0.012422000000000001 0.011861999999999999 0.15710800000000014 0.15518699999999996 0.15760900000000008 0.0049969999999999997 0.0054849999999999994 0.0056240000000000005 0.001073 0.001253 0.0011890000000000002 7.161870073062075 7.161870073062075 7.161870073062075 0.0047042676176577824 0.0047042676176577824 0.0047042676176577824 1 1 1 Converged Converged Converged OK OK OK 105 105 105 105 105 105 7 7 7 0 0 0 0 0 1 0 0
2 2 linear 1 7 21 1 0.001 1.0835258487192334 0.0011934930867489777 0.0064377438689594306 -0.15745196855862689 -0.042159477332056591 -0.15795579199184981 0.5 0.15924743103933628 7.1127190719054552 OK 14 13 0.54473499999999997 0.44014799999999998 0.18465999999999999 0.35261700000000001 0.21473999999999999 0 0.19211799999999996 0.225408 0.18465999999999999 0.011254 0.011261999999999999 0.010579 0.15402099999999999 0.18672099999999994 0.14719000000000002 0.0046629999999999996 0.0050699999999999999 0.005091 0.001114 0.0011069999999999999 0.0011350000000000002 7.1127253774513139 7.1127253774513139 7.1127253774513139 0.0051820875865944121 0.0051820875865944121 0.0051820875865944121 1 1 1 Converged Converged Converged OK OK OK 97 97 97 97 97 97 7 7 7 0 0 0 0 1 0 0 1
2 2 linear 1 15 21 2 0.001 1.0835258487192334 0.0011934930867489777 0.0064377438689594306 -0.15745196855862689 -0.042159477332056591 -0.15706010588834241 0.5 0.15835174493582888 7.0243983597318342 OK 14 13 0.670821 0.55615199999999998 0.18731 0.47753899999999999 0.329706 0 0.19328200000000001 0.22644599999999998 0.18731 0.011091999999999999 0.011316 0.010423 0.15511600000000003 0.18760100000000007 0.15067600000000009 0.0048930000000000006 0.0052269999999999999 0.0047019999999999996 0.0010380000000000001 0.0010790000000000001 0.001075 7.0244112343197251 7.0244112343197251 7.0244112343197251 0.0047142579516347496 0.0047142579516347496 0.0047142579516347496 1 1 1 Converged Converged Converged OK OK OK 97 97 97 97 97 97 7 7 7 0 0 0 0 1 0 0 1
2 2 linear 1 23 21 3 0.001 1.0835258487192334 0.0011934930867489777 0.0064377438689594306 -0.15745196855862689 -0.042159477332056591 -0.156164419784835 0.5 0.15745605883232147 6.8984602942088697 OK 14 13 0.52945200000000003 0.42048600000000003 0.17362900000000001 0.34685300000000002 0.204014 0 0.18259900000000001 0.21647200000000003 0.17362900000000001 0.011276 0.011253000000000001 0.010604000000000001 0.14432100000000006 0.17837800000000001 0.13874299999999998 0.0050889999999999998 0.0054939999999999998 0.0043909999999999999 0.00096799999999999989 0.0010500000000000002 0.00087700000000000018 6.8984647775525314 6.8984647775525314 6.8984647775525314 0.0065717177677946477 0.0065717177677946477 0.0065717177677946477 1 1 1 Converged Converged Converged OK OK OK 89 89 89 89 89 89 7 7 7 0 0 0 0 1 0 0 1
2 2 linear 1 0 21 0 0.0001 1.0835258487192334 0.0011934930867489777 0.0064377438689594306 -0.15745196855862689 -0.042159477332056591 -0.15873951733241878 0.5 0.16003115637990525 7.1618630089688695 OK 14 13 0.73036599999999996 0.72334600000000004 0.25481500000000001 0.46799099999999999 0.464613 0 0.26237499999999997 0.25873300000000005 0.25481500000000001 0.01193 0.015594 0.011783 0.20091900000000004 0.19341900000000001 0.19320300000000007 0.0065470000000000016 0.006699000000000001 0.0066669999999999993 0.0016500000000000002 0.0016709999999999997 0.0016459999999999999 7.1618738745720885 7.1618738745720885 7.1618738745720885 4.1987295002679202e-05 4.1987295002679202e-05 4.1987295002679202e-05 1 1 1 Converged Converged Converged OK OK OK 129 129 129 129 129 129 7 7 7 0 0 0 0 0 1 0 0
2 2 linear 1 7 21 1 0.0001 1.0835258487192334 0.0011934930867489777 0.0064377438689594306 -0.15745196855862689 -0.042159477332056591 -0.15795579199184981 0.5 0.15924743103933628 7.1127190719054552 OK 14 13 0.58838599999999996 0.48409099999999999 0.21341599999999999 0.35967900000000003 0.208538 0 0.22870699999999994 0.27555299999999999 0.21341599999999999 0.012511 0.013809 0.010553 0.18175399999999997 0.22819499999999998 0.16976400000000005 0.0062379999999999996 0.0061769999999999993 0.0060450000000000009 0.0013980000000000002 0.0014 0.001343 7.1127251326396044 7.1127251326396044 7.1127251326396044 0.0005239516491569871 0.0005239516491569871 0.0005239516491569871 1 1 1 Converged Converged Converged OK OK OK 121 121 121 121 121 121 7 7 7 0 0 0 0 1 0 0 1
2 2 linear 1 15 21 2 0.0001 1.0835258487192334 0.0011934930867489777 0.0064377438689594306 -0.15745196855862689 -0.042159477332056591 -0.15706010588834241 0.5 0.15835174493582888 7.0243983597318342 OK 14 13 0.69319600000000003 0.58344200000000002 0.20697199999999999 0.47780299999999998 0.32332899999999998 0 0.21539300000000006 0.26011300000000004 0.20697199999999999 0.011394 0.011268 0.010463999999999999 0.17090100000000003 0.21645699999999998 0.165351 0.0062200000000000007 0.0060060000000000009 0.0055869999999999991 0.001403 0.001299 0.001271 7.024411211663697 7.024411211663697 7.024411211663697 0.0006694188146677101 0.0006694188146677101 0.0006694188146677101 1 1 1 Converged Converged Converged OK OK OK 113 113 113 113 113 113 7 7 7 0 0 0 0 1 0 0 1
2 2 linear 1 23 21 3 0.0001 1.0835258487192334 0.0011934930867489777 0.0064377438689594306 -0.15745196855862689 -0.042159477332056591 -0.156164419784835 0.5 0.15745605883232147 6.8984602942088697 OK 14 13 0.57549700000000004 0.476661 0.215722 0.35139999999999999 0.20358799999999999 0 0.22409700000000005 0.27307300000000001 0.215722 0.011398999999999999 0.011228999999999999 0.010436000000000001 0.1798499999999999 0.22910300000000008 0.17445399999999994 0.006195 0.0061649999999999995 0.0056220000000000003 0.0012510000000000002 0.001219 0.0011279999999999999 6.8984681075218042 6.8984681075218042 6.8984681075218042 0.00040142333841602343 0.00040142333841602343 0.00040142333841602343 1 1 1 Converged Converged Converged OK OK OK 113 113 113 113 113 113 7 7 7 0 0 0 0 1 0 0 1
2 2 linear 2 0 22 0 0.001 1.0835258487192334 0.0011934930867489777 0.0064377438689594306 -0.12184570751683198 0.023984902945683999 -0.12313325629062387 0.5 0.12442489533811034 7.3873545662350999 OK 13 12 0.37082999999999999 0.37182199999999999 0.094666 0.27190199999999998 0.27565400000000001 0 0.098928000000000016 0.096167999999999976 0.094666 0.0087410000000000005 0.0088769999999999995 0.008626 0.067944999999999992 0.065527000000000002 0.064680999999999989 0.0032979999999999997 0.0033440000000000002 0.003153 0.00068800000000000003 0.00069999999999999999 0.00068199999999999999 7.3873581973896796 7.3873581973896796 7.3873581973896796 0.0047843745301377211 0.0047843745301377211 0.0047843745301377211 1 1 1 Converged Converged Converged OK OK OK 61 61 61 61 61 61 3 3 3 0 0 0 0 0 1 0 0
2 2 linear 2 7 22 1 0.001 1.0835258487192334 0.0011934930867489777 0.0064377438689594306 -0.12184570751683198 0.023984902945683999 -0.12234953095005489 0.5 0.12364116999754136 7.4330334314305277 OK 13 12 0.36991499999999999 0.26132699999999998 0.092878000000000002 0.27384500000000001 0.137187 0 0.096069999999999989 0.12413999999999997 0.092878000000000002 0.0082240000000000004 0.0082129999999999998 0.0076870000000000003 0.068578000000000014 0.096940999999999999 0.066574999999999981 0.003359 0.0033059999999999999 0.0032230000000000002 0.00067400000000000001 0.00066799999999999997 0.00067200000000000007 7.4330370798845244 7.4330370798845244 7.4330370798845244 0.0047855138829827667 0.0047855138829827667 0.0047855138829827667 1 1 1 Converged Converged Converged OK OK OK 61 61 61 61 61 61 3 3 3 0 0 0 0 1 0 0 1
2 2 linear 2 15 22 2 0.001 1.0835258487192334 0.0011934930867489777 0.0064377438689594306 -0.12184570751683198 0.023984902945683999 -0.12145384484654749 0.5 0.12274548389403396 7.4860013003449435 OK 13 12 0.37918400000000002 0.27030500000000002 0.091261999999999996 0.28333799999999998 0.147063 0 0.095846000000000042 0.12324200000000002 0.091261999999999996 0.0082120000000000005 0.0081379999999999994 0.0076480000000000003 0.067624000000000004 0.092085000000000014 0.065076000000000009 0.0035559999999999997 0.0032110000000000003 0.0031740000000000002 0.00070699999999999995 0.00069000000000000008 0.00065600000000000001 7.4860049670943276 7.4860049670943276 7.4860049670943276 0.0048557900225994705 0.0048557900225994705 0.0048557900225994705 1 1 1 Converged Converged Converged OK OK OK 61 61 61 61 61 61 3 3 3 0 0 0 0 1 0 0 1
2 2 linear 2 23 22 3 0.001 1.0835258487192334 0.0011934930867489777 0.0064377438689594306 -0.12184570751683198 0.023984902945683999 -0.12055815874304009 0.5 0.12184979779052656 7.5397952423090775 OK 13 12 0.38349100000000003 0.27668799999999999 0.092119999999999994 0.28758899999999998 0.15032799999999999 0 0.095902000000000043 0.12636 0.092119999999999994 0.0083009999999999994 0.00826 0.0076680000000000003 0.068077000000000026 0.099186000000000024 0.066053000000000001 0.0034250000000000005 0.003202 0.0031029999999999999 0.00070399999999999998 0.00070600000000000003 0.00065900000000000008 7.5397994573164535 7.5397994573164535 7.5397994573164535 0.0049268270611916706 0.0049268270611916706 0.0049268270611916706 1 1 1 Converged Converged Converged OK OK OK 61 61 61 61 61 61 3 3 3 0 0 0 0 1 0 0 1
2 2 linear 2 0 22 0 0.0001 1.0835258487192334 0.0011934930867489777 0.0064377438689594306 -0.12184570751683198 0.023984902945683999 -0.12313325629062387 0.5 0.12442489533811034 7.3873545662350999 OK 13 12 0.39510499999999998 0.39203900000000003 0.116901 0.27580500000000002 0.27440500000000001 0 0.11929999999999996 0.11763400000000002 0.116901 0.0086020000000000003 0.0089689999999999995 0.0086060000000000008 0.08275200000000002 0.080977000000000007 0.080670000000000006 0.0042050000000000004 0.0041979999999999995 0.0042249999999999996 0.00079799999999999999 0.00081300000000000003 0.00080900000000000004 7.3873579917251009 7.3873579917251009 7.3873579917251009 7.4528268246585767e-05 7.4528268246585767e-05 7.4528268246585767e-05 1 1 1 Converged Converged Converged OK OK OK 77 77 77 77 77 77 3 3 3 0 0 0 0 0 1 0 0
2 2 linear 2 7 22 1 0.0001 1.0835258487192334 0.0011934930867489777 0.0064377438689594306 -0.12184570751683198 0.023984902945683999 -0.12234953095005489 0.5 0.12364116999754136 7.4330334314305277 OK 13 12 0.38836300000000001 0.290738 0.11383 0.27126099999999997 0.136624 0 0.11710200000000004 0.154114 0.11383 0.0081410000000000007 0.0082140000000000008 0.0076210000000000002 0.084846999999999978 0.12183900000000002 0.082719000000000001 0.004117 0.004156 0.0040799999999999994 0.00078300000000000006 0.00080299999999999989 0.00077899999999999985 7.4330368698878972 7.4330368698878972 7.4330368698878972 7.2436581698661525e-05 7.2436581698661525e-05 7.2436581698661525e-05 1 1 1 Converged Converged Converged OK OK OK 77 77 77 77 77 77 3 3 3 0 0 0 0 1 0 0 1
2 2 linear 2 15 22 2 0.0001 1.0835258487192334 0.0011934930867489777 0.0064377438689594306 -0.12184570751683198 0.023984902945683999 -0.12145384484654749 0.5 0.12274548389403396 7.4860013003449435 OK 13 12 0.39999899999999999 0.29491299999999998 0.11163099999999999 0.28189599999999998 0.14740500000000001 0 0.11810300000000001 0.14750799999999997 0.11163099999999999 0.0081689999999999992 0.0082269999999999999 0.0076759999999999997 0.085796000000000039 0.11552 0.080548000000000036 0.0040559999999999997 0.0041119999999999993 0.0040359999999999997 0.00079900000000000001 0.00078699999999999994 0.00077799999999999994 7.4860047528049565 7.4860047528049565 7.4860047528049565 7.0128071040202167e-05 7.0128071040202167e-05 7.0128071040202167e-05 1 1 1 Converged Converged Converged OK OK OK 77 77 77 77 77 77 3 3 3 0 0 0 0 1 0 0 1
2 2 linear 2 23 22 3 0.0001 1.0835258487192334 0.0011934930867489777 0.0064377438689594306 -0.12184570751683198 0.023984902945683999 -0.12055815874304009 0.5 0.12184979779052656 7.5397952423090775 OK 13 12 0.400978 0.308693 0.11284 0.284835 0.14988199999999999 0 0.116143 0.15881100000000001 0.11284 0.008201 0.0082830000000000004 0.007646 0.084134999999999974 0.12605899999999998 0.081869000000000039 0.0040540000000000003 0.0043540000000000002 0.0039940000000000002 0.00078899999999999999 0.00083099999999999992 0.00077500000000000008 7.5397992394920657 7.5397992394920657 7.5397992394920657 6.7903294621256066e-05 6.7903294621256066e-05 6.7903294621256066e-05 1 1 1 Converged Converged Converged OK OK OK 77 77 77 77 77 77 3 3 3 0 0 0 0 1 0 0 1
2 2 linear 3 0 23 0 0.001 1.0835258487192334 0.0011934930867489777 0.0064377438689594306 0.008154717099486215 -0.016540575502439626 0.006867168325694329 0.5 -0.0055755292782078553 59.416234370833223 OK 13 12 0.54041300000000003 0.52981 0.11212800000000001 0.42430499999999999 0.41672799999999999 0 0.11610800000000004 0.11308200000000002 0.11212800000000001 0.010779 0.010885000000000001 0.010246999999999999 0.085737999999999981 0.083400999999999989 0.083401000000000003 0.0031179999999999997 0.002715 0.0027339999999999995 0.000812 0.00078200000000000003 0.00074399999999999998 59.416187030070056 59.416187030070056 59.416187030070056 0.053001044695320125 0.053001044695320125 0.053001044695320125 1 1 1 Converged Converged Converged OK OK OK 59 59 59 59 59 59 5 5 5 0 0 0 0 0 1 0 0
2 2 linear 3 7 23 1 0.001 1.0835258487192334 0.0011934930867489777 0.0064377438689594306 0.008154717099486215 -0.016540575502439626 0.007650893666263303 0.5 -0.0063592546187768292 58.641011168423873 OK 13 12 0.62899400000000005 0.61891300000000005 0.096018999999999993 0.52899099999999999 0.40153899999999998 0 0.10000300000000006 0.21737400000000007 0.096018999999999993 0.0095720000000000006 0.0095600000000000008 0.0089549999999999994 0.076998000000000011 0.19439900000000002 0.074271999999999977 0.002163 0.002431 0.0022650000000000001 0.00068999999999999997 0.00074899999999999999 0.000727 58.640973892528613 58.640973892528613 58.640973892528613 0.045360457640080572 0.045360457640080572 0.045360457640080572 1 1 1 Converged Converged Converged OK OK OK 52 52 52 52 52 52 4 4 4 0 0 0 0 1 0 0 1
2 2 linear 3 15 23 2 0.001 1.0835258487192334 0.0011934930867489777 0.0064377438689594306 0.008154717099486215 -0.016540575502439626 0.0085465797697707024 0.5 -0.0072549407222842286 57.667737790664539 OK 13 12 0.44786100000000001 0.41989900000000002 0.093175999999999995 0.35117199999999998 0.218829 0 0.096689000000000025 0.20107000000000003 0.093175999999999995 0.0095890000000000003 0.0097520000000000003 0.0089320000000000007 0.073684999999999987 0.17830799999999999 0.071458999999999981 0.0023450000000000003 0.0023510000000000002 0.0022550000000000001 0.00073300000000000004 0.00074600000000000003 0.00072400000000000003 57.667701378516625 57.667701378516625 57.667701378516625 0.044878377344774671 0.044878377344774671 0.044878377344774671 1 1 1 Converged Converged Converged OK OK OK 52 52 52 52 52 52 4 4 4 0 0 0 0 1 0 0 1
2 2 linear 3 23 23 3 0.001 1.0835258487192334 0.0011934930867489777 0.0064377438689594306 0.008154717099486215 -0.016540575502439626 0.0094422658732781009 0.5 -0.0081506268257916271 56.619651597903776 OK 13 12 0.40808499999999998 0.36910500000000002 0.099500000000000005 0.30882100000000001 0.17580599999999999 0 0.099263999999999963 0.19329900000000003 0.099500000000000005 0.0091730000000000006 0.0093530000000000002 0.0086199999999999992 0.076828999999999995 0.17066700000000004 0.078416000000000027 0.0023909999999999999 0.0023609999999999998 0.0021879999999999998 0.00068399999999999993 0.00069000000000000008 0.00059900000000000003 56.619616025230151 56.619616025230151 56.619616025230151 0.044310214313906575 0.044310214313906575 0.044310214313906575 1 1 1 Converged Converged Converged OK OK OK 52 52 52 52 52 52 4 4 4 0 0 0 0 1 0 0 1
2 2 linear 3 0 23 0 0.0001 1.0835258487192334 0.0011934930867489777 0.0064377438689594306 0.008154717099486215 -0.016540575502439626 0.006867168325694329 0.5 -0.0055755292782078553 59.416234370833223 OK 13 12 0.57640899999999995 0.569581 0.15190500000000001 0.418987 0.418074 0 0.15742199999999995 0.151507 0.15190500000000001 0.010988 0.010574999999999999 0.01047 0.11679500000000011 0.11319399999999999 0.11293499999999999 0.0045009999999999998 0.0040049999999999999 0.0043020000000000003 0.0011310000000000001 0.00099599999999999992 0.00098700000000000003 59.416195989466217 59.416195989466217 59.416195989466217 0.00069410028394555144 0.00069410028394555144 0.00069410028394555144 1 1 1 Converged Converged Converged OK OK OK 83 83 83 83 83 83 5 5 5 0 0 0 0 0 1 0 0
2 2 linear 3 7 23 1 0.0001 1.0835258487192334 0.0011934930867489777 0.0064377438689594306 0.008154717099486215 -0.016540575502439626 0.007650893666263303 0.5 -0.0063592546187768292 58.641011168423873 OK 13 12 0.64842999999999995 0.67613000000000001 0.114939 0.52886699999999998 0.40399600000000002 0 0.11956299999999997 0.27213399999999999 0.114939 0.0096089999999999995 0.0095739999999999992 0.0089720000000000008 0.090824000000000016 0.24438199999999999 0.088134999999999991 0.003431 0.0031349999999999998 0.0031960000000000001 0.00094600000000000001 0.00085899999999999995 0.00083599999999999994 58.640972948744484 58.640972948744484 58.640972948744484 0.00035173730629022839 0.00035173730629022839 0.00035173730629022839 1 1 1 Converged Converged Converged OK OK OK 68 68 68 68 68 68 4 4 4 0 0 0 0 1 0 0 1
2 2 linear 3 15 23 2 0.0001 1.0835258487192334 0.0011934930867489777 0.0064377438689594306 0.008154717099486215 -0.016540575502439626 0.0085465797697707024 0.5 -0.0072549407222842286 57.667737790664539 OK 13 12 0.46292899999999998 0.47948299999999999 0.112666 0.34640100000000001 0.217672 0 0.11652799999999996 0.26181100000000002 0.112666 0.0095449999999999997 0.0095619999999999993 0.0089449999999999998 0.089079000000000005 0.233123 0.086114000000000024 0.0030289999999999996 0.0036589999999999999 0.0030580000000000004 0.00081700000000000002 0.00087000000000000001 0.00081399999999999994 57.66769997609186 57.66769997609186 57.66769997609186 0.00040139148150050268 0.00040139148150050268 0.00040139148150050268 1 1 1 Converged Converged Converged OK OK OK 68 68 68 68 68 68 4 4 4 0 0 0 0 1 0 0 1
2 2 linear 3 23 23 3 0.0001 1.0835258487192334 0.0011934930867489777 0.0064377438689594306 0.008154717099486215 -0.016540575502439626 0.0094422658732781009 0.5 -0.0081506268257916271 56.619651597903776 OK 13 12 0.42994700000000002 0.42400399999999999 0.11661000000000001 0.30930000000000002 0.17418600000000001 0 0.120647 0.24981799999999998 0.11661000000000001 0.0092110000000000004 0.0093740000000000004 0.008796 0.093433000000000044 0.22162799999999996 0.090684000000000015 0.0032269999999999998 0.0035270000000000002 0.0029580000000000001 0.00075200000000000017 0.00081299999999999992 0.00071500000000000003 56.619614141132303 56.619614141132303 56.619614141132303 0.0005300702426923185 0.0005300702426923185 0.0005300702426923185 1 1 1 Converged Converged Converged OK OK OK 68 68 68 68 68 68 4 4 4 0 0 0 0 1 0 0 1
2 2 linear 4 0 24 0 0.001 1.0835258487192334 0.0011934930867489777 0.0064377438689594306 -0.20591222342624887 0.022094617205266859 -0.20719977220004077 0.5 0.20849141124752724 4.3845641833640938 OK 13 12 0.37140499999999999 0.36716399999999999 0.094362000000000001 0.27394499999999999 0.27088299999999998 0 0.097459999999999991 0.096281000000000005 0.094362000000000001 0.0089730000000000001 0.0092189999999999998 0.0084799999999999997 0.066873999999999989 0.065292999999999976 0.064534000000000022 0.0032270000000000003 0.0033649999999999999 0.0032360000000000002 0.00068000000000000005 0.00068599999999999998 0.00066999999999999991 4.384566320097977 4.384566320097977 4.384566320097977 0.0034622693090428061 0.0034622693090428061 0.0034622693090428061 1 1 1 Converged Converged Converged OK OK OK 61 61 61 61 61 61 3 3 3 0 0 0 0 0 1 0 0
2 2 linear 4 7 24 1 0.001 1.0835258487192334 0.0011934930867489777 0.0064377438689594306 -0.20591222342624887 0.022094617205266859 -0.20641604685947179 0.5 0.20770768590695826 4.4006257542331948 OK 13 12 0.36934299999999998 0.25662400000000002 0.093493000000000007 0.271032 0.13974600000000001 0 0.098310999999999982 0.11687800000000001 0.093493000000000007 0.0081939999999999999 0.0083499999999999998 0.0077060000000000002 0.070506999999999986 0.089804000000000037 0.067316000000000001 0.0036179999999999997 0.0032520000000000001 0.0032010000000000003 0.00067700000000000008 0.00066600000000000003 0.00066 4.4006279364392924 4.4006279364392924 4.4006279364392924 0.0034829390413358427 0.0034829390413358427 0.0034829390413358427 1 1 1 Converged Converged Converged OK OK OK 61 61 61 61 61 61 3 3 3 0 0 0 0 1 0 0 1
2 2 linear 4 15 24 2 0.001 1.0835258487192334 0.0011934930867489777 0.0064377438689594306 -0.20591222342624887 0.022094617205266859 -0.20552036075596439 0.5 0.20681199980345086 4.4192041977620491 OK 13 12 0.36540699999999998 0.25131300000000001 0.087304999999999994 0.270677 0.14052700000000001 0 0.094729999999999981 0.110786 0.087304999999999994 0.0082190000000000006 0.0083090000000000004 0.0076730000000000001 0.067084000000000019 0.083585000000000007 0.061274999999999989 0.0034300000000000003 0.0033020000000000002 0.0031640000000000001 0.00068399999999999993 0.00067400000000000001 0.0006559999999999999 4.4192064309925216 4.4192064309925216 4.4192064309925216 0.0035068648454252981 0.0035068648454252981 0.0035068648454252981 1 1 1 Converged Converged Converged OK OK OK 61 61 61 61 61 61 3 3 3 0 0 0 0 1 0 0 1
2 2 linear 4 23 24 3 0.001 1.0835258487192334 0.0011934930867489777 0.0064377438689594306 -0.20591222342624887 0.022094617205266859 -0.20462467465245698 0.5 0.20591631369994345 4.4380231229230969 OK 13 12 0.36843700000000001 0.25621500000000003 0.088839000000000001 0.27498400000000001 0.140294 0 0.093453000000000008 0.11592100000000002 0.088839000000000001 0.0081530000000000005 0.008352 0.0077169999999999999 0.065643000000000007 0.088550000000000045 0.062779000000000001 0.0035419999999999996 0.003349 0.0031570000000000001 0.00071100000000000004 0.00072500000000000006 0.00071500000000000003 4.438025406154841 4.438025406154841 4.438025406154841 0.0035311185745395034 0.0035311185745395034 0.0035311185745395034 1 1 1 Converged Converged Converged OK OK OK 61 61 61 61 61 61 3 3 3 0 0 0 0 1 0 0 1
2 2 linear 4 0 24 0 0.0001 1.0835258487192334 0.0011934930867489777 0.0064377438689594306 -0.20591222342624887 0.022094617205266859 -0.20719977220004077 0.5 0.20849141124752724 4.3845641833640938 OK 13 12 0.38789099999999999 0.38597300000000001 0.116023 0.26965699999999998 0.27018500000000001 0 0.11823400000000001 0.115788 0.116023 0.0086610000000000003 0.0089709999999999998 0.0087290000000000006 0.082663 0.08010699999999997 0.079894000000000007 0.0039480000000000001 0.0039710000000000006 0.004104 0.00080399999999999992 0.00078600000000000002 0.00078100000000000001 4.3845663279291802 4.3845663279291802 4.3845663279291802 5.1932172597070578e-05 5.1932172597070578e-05 5.1932172597070578e-05 1 1 1 Converged Converged Converged OK OK OK 77 77 77 77 77 77 3 3 3 0 0 0 0 0 1 0 0
2 2 linear 4 7 24 1 0.0001 1.0835258487192334 0.0011934930867489777 0.0064377438689594306 -0.20591222342624887 0.022094617205266859 -0.20641604685947179 0.5 0.20770768590695826 4.4006257542331948 OK 13 12 0.39023999999999998 0.285223 0.114498 0.27135700000000001 0.13930699999999999 0 0.11888299999999996 0.14591600000000002 0.114498 0.008208 0.0082570000000000005 0.0076540000000000002 0.086659 0.11403500000000001 0.08360999999999999 0.0041729999999999996 0.0041349999999999998 0.0040299999999999997 0.00077099999999999998 0.00077800000000000005 0.00076199999999999998 4.4006279445563479 4.4006279445563479 4.4006279445563479 5.3351150804664557e-05 5.3351150804664557e-05 5.3351150804664557e-05 1 1 1 Converged Converged Converged OK OK OK 77 77 77 77 77 77 3 3 3 0 0 0 0 1 0 0 1
2 2 linear 4 15 24 2 0.0001 1.0835258487192334 0.0011934930867489777 0.0064377438689594306 -0.20591222342624887 0.022094617205266859 -0.20552036075596439 0.5 0.20681199980345086 4.4192041977620491 OK 13 12 0.38206299999999999 0.27857100000000001 0.10826 0.269401 0.13886100000000001 0 0.11266199999999998 0.13971 0.10826 0.0081189999999999995 0.0083009999999999994 0.0076490000000000004 0.080533000000000021 0.10760100000000002 0.077246000000000051 0.0040920000000000002 0.0041349999999999998 0.0041110000000000001 0.00077499999999999997 0.00078100000000000012 0.00077899999999999996 4.419206439451357 4.419206439451357 4.419206439451357 5.5026688071094071e-05 5.5026688071094071e-05 5.5026688071094071e-05 1 1 1 Converged Converged Converged OK OK OK 77 77 77 77 77 77 3 3 3 0 0 0 0 1 0 0 1
2 2 linear 4 23 24 3 0.0001 1.0835258487192334 0.0011934930867489777 0.0064377438689594306 -0.20591222342624887 0.022094617205266859 -0.20462467465245698 0.5 0.20591631369994345 4.4380231229230969 OK 13 12 0.38994099999999998 0.28663300000000003 0.109225 0.27616800000000002 0.142543 0 0.11377299999999996 0.14409000000000002 0.109225 0.0083569999999999998 0.0082059999999999998 0.0076730000000000001 0.081536999999999971 0.11202000000000001 0.078269000000000005 0.0040309999999999999 0.0042110000000000003 0.0040850000000000001 0.00085300000000000003 0.00083900000000000012 0.00080599999999999997 4.4380254149721567 4.4380254149721567 4.4380254149721567 5.6761833190243877e-05 5.6761833190243877e-05 5.6761833190243877e-05 1 1 1 Converged Converged Converged OK OK OK 77 77 77 77 77 77 3 3 3 0 0 0 0 1 0 0 1
2 2 uniform 0 0 25 0 0.001 1.0835258487192334 0.0011934930867489777 0.0064377438689594306 -0.16008332749208662 -0.040867077745903112 -0.16137087626587851 0 0.16266251531336498 7.2317914197011035 OK 14 13 0.53905599999999998 0.52901600000000004 0.119964 0.42241200000000001 0.412522 0 0.11664399999999997 0.11649400000000004 0.119964 0.011963 0.012135999999999999 0.015278999999999999 0.080504999999999938 0.080313000000000009 0.080257000000000023 0.0030699999999999998 0.003039 0.0031219999999999998 0.00066900000000000011 0.00068099999999999996 0.00069300000000000004 7.2317910887922681 7.2317910887922681 7.2317910887922681 0.0065352367042482732 0.0065352367042482732 0.0065352367042482732 1 1 1 Converged Converged Converged OK OK OK 73 73 73 73 73 73 7 7 7 0 0 0 0 0 1 0 0
2 2 uniform 0 7 25 1 0.001 1.0835258487192334 0.0011934930867489777 0.0064377438689594306 -0.16008332749208662 -0.040867077745903112 -0.16058715092530954 0 0.16187878997279601 7.2644465975731922 OK 14 13 0.48305300000000001 0.36538700000000002 0.113327 0.37326100000000001 0.23508499999999999 0 0.109792 0.13030200000000003 0.113327 0.011001 0.011103999999999999 0.014611000000000001 0.080055999999999988 0.10045700000000006 0.080315999999999999 0.0030219999999999995 0.0029990000000000004 0.0030400000000000002 0.00065800000000000006 0.00070100000000000002 0.00066299999999999996 7.264449432491535 7.264449432491535 7.264449432491535 0.0068441438606987749 0.0068441438606987749 0.0068441438606987749 1 1 1 Converged Converged Converged OK OK OK 73 73 73 73 73 73 7 7 7 0 0 0 0 1 0 0 1
2 2 uniform 0 15 25 2 0.001 1.0835258487192334 0.0011934930867489777 0.0064377438689594306 -0.16008332749208662 -0.040867077745903112 -0.15969146482180213 0 0.1609831038692886 7.2800314882096355 OK 14 13 0.41741899999999998 0.30114400000000002 0.100199 0.315942 0.17251900000000001 0 0.10147699999999998 0.12862500000000002 0.100199 0.011148999999999999 0.011226999999999999 0.010434000000000001 0.071587999999999999 0.097866000000000009 0.071455000000000032 0.0028969999999999998 0.0033909999999999999 0.0028780000000000003 0.00068500000000000006 0.00074899999999999999 0.00064400000000000015 7.2800329531026371 7.2800329531026371 7.2800329531026371 0.0072439405201014046 0.0072439405201014046 0.0072439405201014046 1 1 1 Converged Converged Converged OK OK OK 73 73 73 73 73 73 7 7 7 0 0 0 0 1 0 0 1
2 2 uniform 0 23 25 3 0.001 1.0835258487192334 0.0011934930867489777 0.0064377438689594306 -0.16008332749208662 -0.040867077745903112 -0.15879577871829473 0 0.1600874177657812 7.2716090302734999 OK 14 13 0.478184 0.35441899999999998 0.11027099999999999 0.36609799999999998 0.21912200000000001 0 0.11208600000000002 0.13529699999999997 0.11027099999999999 0.011103 0.011244000000000001 0.010333 0.078403 0.10112600000000001 0.077883999999999981 0.0035500000000000002 0.0037590000000000002 0.0034829999999999996 0.00088900000000000003 0.00096799999999999989 0.00089799999999999993 7.2716104383850517 7.2716104383850517 7.2716104383850517 0.0051598378911603135 0.0051598378911603135 0.0051598378911603135 1 1 1 Converged Converged Converged OK OK OK 81 81 81 81 81 81 7 7 7 0 0 0 0 1 0 0 1
2 2 uniform 0 0 25 0 0.0001 1.0835258487192334 0.0011934930867489777 0.0064377438689594306 -0.16008332749208662 -0.040867077745903112 -0.16137087626587851 0 0.16266251531336498 7.2317914197011035 OK 14 13 0.61272499999999996 0.60724500000000003 0.19800300000000001 0.416269 0.414016 0 0.19645599999999996 0.19322900000000004 0.19800300000000001 0.012241 0.011998999999999999 0.011832000000000001 0.13442900000000005 0.13359600000000008 0.13730600000000001 0.0063820000000000005 0.0058069999999999997 0.0060390000000000001 0.001652 0.001467 0.001531 7.2317902015217932 7.2317902015217932 7.2317902015217932 3.8438025705194748e-05 3.8438025705194748e-05 3.8438025705194748e-05 1 1 1 Converged Converged Converged OK OK OK 129 129 129 129 129 129 7 7 7 0 0 0 0 0 1 0 0
2 2 uniform 0 7 25 1 0.0001 1.0835258487192334 0.0011934930867489777 0.0064377438689594306 -0.16008332749208662 -0.040867077745903112 -0.16058715092530954 0 0.16187878997279601 7.2644465975731922 OK 14 13 0.54585799999999995 0.45279000000000003 0.16806399999999999 0.37144700000000003 0.229188 0 0.17441099999999993 0.22360200000000002 0.16806399999999999 0.011301 0.01116 0.010461 0.12982299999999997 0.17807599999999998 0.12525199999999997 0.0056480000000000002 0.0064069999999999995 0.0054460000000000003 0.0012409999999999999 0.001387 0.001294 7.2644453039769941 7.2644453039769941 7.2644453039769941 0.0001542092609130176 0.0001542092609130176 0.0001542092609130176 1 1 1 Converged Converged Converged OK OK OK 121 121 121 121 121 121 7 7 7 0 0 0 0 1 0 0 1
2 2 uniform 0 15 25 2 0.0001 1.0835258487192334 0.0011934930867489777 0.0064377438689594306 -0.16008332749208662 -0.040867077745903112 -0.15969146482180213 0 0.1609831038692886 7.2800314882096355 OK 14 13 0.48913800000000002 0.40639700000000001 0.169962 0.31735400000000002 0.17499400000000001 0 0.17178399999999999 0.231403 0.169962 0.011030999999999999 0.011294 0.010416 0.125476 0.18384899999999996 0.12464999999999996 0.0058010000000000006 0.0063200000000000001 0.0057850000000000002 0.0014419999999999999 0.0015200000000000001 0.001413 7.2800304353694365 7.2800304353694365 7.2800304353694365 4.1011451319015923e-05 4.1011451319015923e-05 4.1011451319015923e-05 1 1 1 Converged Converged Converged OK OK OK 129 129 129 129 129 129 7 7 7 0 0 0 0 1 0 0 1
2 2 uniform 0 23 25 3 0.0001 1.0835258487192334 0.0011934930867489777 0.0064377438689594306 -0.16008332749208662 -0.040867077745903112 -0.15879577871829473 0 0.1600874177657812 7.2716090302734999 OK 14 13 0.538914 0.44513200000000003 0.16789999999999999 0.36330099999999999 0.21943799999999999 0 0.17561300000000002 0.22569400000000003 0.16789999999999999 0.011167 0.011179 0.010441000000000001 0.12395499999999997 0.17924599999999996 0.12280299999999997 0.0061010000000000005 0.005953 0.0059190000000000006 0.001469 0.001457 0.0015759999999999999 7.2716082935705151 7.2716082935705151 7.2716082935705151 3.4424505467112855e-05 3.4424505467112855e-05 3.4424505467112855e-05 1 1 1 Converged Converged Converged OK OK OK 129 129 129 129 129 129 7 7 7 0 0 0 0 1 0 0 1
2 2 uniform 1 0 26 0 0.001 1.0835258487192334 0.0011934930867489777 0.0064377438689594306 -0.15745196855862689 -0.042159477332056591 -0.15873951733241878 0 0.16003115637990525 7.124336322354913 OK 14 13 0.58857000000000004 0.58094400000000002 0.114269 0.47101700000000002 0.46569500000000003 0 0.11755300000000002 0.11524899999999999 0.114269 0.012226000000000001 0.012083 0.011736999999999999 0.079982999999999999 0.079392000000000018 0.078492999999999993 0.0030730000000000002 0.0029239999999999999 0.00297 0.00093700000000000012 0.00079299999999999998 0.00075500000000000003 7.1243343891940452 7.1243343891940452 7.1243343891940452 0.0070289758869962228 0.0070289758869962228 0.0070289758869962228 1 1 1 Converged Converged Converged OK OK OK 73 73 73 73 73 73 7 7 7 0 0 0 0 0 1 0 0
2 2 uniform 1 7 26 1 0.001 1.0835258487192334 0.0011934930867489777 0.0064377438689594306 -0.15745196855862689 -0.042159477332056591 -0.15795579199184981 0 0.15924743103933628 7.0957389194908718 OK 14 13 0.47501500000000002 0.35274299999999997 0.119607 0.35240899999999997 0.206955 0 0.12260600000000005 0.14578799999999997 0.119607 0.011159000000000001 0.011238 0.010404 0.088477000000000014 0.11202900000000002 0.087053000000000019 0.0035980000000000001 0.003542 0.0034889999999999999 0.00087200000000000005 0.00091600000000000004 0.00090099999999999989 7.0957384527357696 7.0957384527357696 7.0957384527357696 0.0029138983449154099 0.0029138983449154099 0.0029138983449154099 1 1 1 Converged Converged Converged OK OK OK 81 81 81 81 81 81 7 7 7 0 0 0 0 1 0 0 1
2 2 uniform 1 15 26 2 0.001 1.0835258487192334 0.0011934930867489777 0.0064377438689594306 -0.15745196855862689 -0.042159477332056591 -0.15706010588834241 0 0.15835174493582888 7.0363383891762252 OK 14 13 0.58836999999999995 0.46500900000000001 0.111612 0.47161500000000001 0.32589600000000002 0 0.11675499999999994 0.13911299999999999 0.111612 0.014567999999999999 0.011036000000000001 0.010389000000000001 0.082244999999999999 0.10848899999999996 0.081952999999999998 0.0032589999999999997 0.0032709999999999996 0.0031590000000000003 0.000736 0.00069700000000000014 0.000767 7.036330519372533 7.036330519372533 7.036330519372533 0.0065687151340147621 0.0065687151340147621 0.0065687151340147621 1 1 1 Converged Converged Converged OK OK OK 73 73 73 73 73 73 7 7 7 0 0 0 0 1 0 0 1
2 2 uniform 1 23 26 3 0.001 1.0835258487192334 0.0011934930867489777 0.0064377438689594306 -0.15745196855862689 -0.042159477332056591 -0.156164419784835 0 0.15745605883232147 6.9416499750369951 OK 14 13 0.46338600000000002 0.34142800000000001 0.119324 0.34476800000000002 0.20352899999999999 0 0.118618 0.13789900000000002 0.119324 0.011162999999999999 0.011246000000000001 0.010442 0.087700000000000014 0.10713999999999999 0.089734999999999954 0.003094 0.0032179999999999999 0.003173 0.00068400000000000004 0.000718 0.00066999999999999991 6.9416412572204331 6.9416412572204331 6.9416412572204331 0.0043147875671653959 0.0043147875671653959 0.0043147875671653959 1 1 1 Converged Converged Converged OK OK OK 73 73 73 73 73 73 7 7 7 0 0 0 0 1 0 0 1
2 2 uniform 1 0 26 0 0.0001 1.0835258487192334 0.0011934930867489777 0.0064377438689594306 -0.15745196855862689 -0.042159477332056591 -0.15873951733241878 0 0.16003115637990525 7.124336322354913 OK 14 13 0.647285 0.64706399999999997 0.18215200000000001 0.46460699999999999 0.46488099999999999 0 0.18267800000000001 0.18218299999999998 0.18215200000000001 0.012121 0.012088 0.011599 0.12556300000000004 0.12544200000000008 0.12560399999999997 0.0055660000000000006 0.005587 0.0056320000000000007 0.0013849999999999999 0.0013960000000000001 0.001431 7.1243359578526038 7.1243359578526038 7.1243359578526038 0.00044276821722741402 0.00044276821722741402 0.00044276821722741402 1 1 1 Converged Converged Converged OK OK OK 121 121 121 121 121 121 7 7 7 0 0 0 0 0 1 0 0
2 2 uniform 1 7 26 1 0.0001 1.0835258487192334 0.0011934930867489777 0.0064377438689594306 -0.15745196855862689 -0.042159477332056591 -0.15795579199184981 0 0.15924743103933628 7.0957389194908718 OK 14 13 0.52543700000000004 0.442606 0.169268 0.35408000000000001 0.21143700000000001 0 0.17135700000000004 0.23116899999999999 0.169268 0.0112 0.011266999999999999 0.010442 0.126417 0.18533999999999992 0.12580999999999995 0.0056470000000000001 0.0062339999999999991 0.0055930000000000007 0.0013890000000000003 0.0014289999999999999 0.0013390000000000001 7.0957384671065942 7.0957384671065942 7.0957384671065942 0.00040718759867495135 0.00040718759867495135 0.00040718759867495135 1 1 1 Converged Converged Converged OK OK OK 121 121 121 121 121 121 7 7 7 0 0 0 0 1 0 0 1
2 2 uniform 1 15 26 2 0.0001 1.0835258487192334 0.0011934930867489777 0.0064377438689594306 -0.15745196855862689 -0.042159477332056591 -0.15706010588834241 0 0.15835174493582888 7.0363383891762252 OK 14 13 0.62929000000000002 0.52810500000000005 0.154694 0.47221000000000002 0.32362400000000002 0 0.15708 0.20448100000000002 0.154694 0.011192000000000001 0.011358 0.010559000000000001 0.11476200000000002 0.16177900000000006 0.11336400000000001 0.0052269999999999999 0.0055010000000000007 0.0052690000000000002 0.0011460000000000001 0.001189 0.001186 7.0363375049607821 7.0363375049607821 7.0363375049607821 0.00049435593470965411 0.00049435593470965411 0.00049435593470965411 1 1 1 Converged Converged Converged OK OK OK 113 113 113 113 113 113 7 7 7 0 0 0 0 1 0 0 1
2 2 uniform 1 23 26 3 0.0001 1.0835258487192334 0.0011934930867489777 0.0064377438689594306 -0.15745196855862689 -0.042159477332056591 -0.156164419784835 0 0.15745605883232147 6.9416499750369951 OK 14 13 0.50989700000000004 0.41913699999999998 0.163191 0.34896100000000002 0.20422899999999999 0 0.16093600000000002 0.21490799999999999 0.163191 0.011155 0.011324000000000001 0.010408000000000001 0.11896700000000002 0.17231999999999995 0.12223800000000001 0.0051529999999999996 0.005437 0.0052099999999999994 0.001127 0.0011539999999999999 0.0011150000000000001 6.9416486469355076 6.9416486469355076 6.9416486469355076 0.00022038311902976247 0.00022038311902976247 0.00022038311902976247 1 1 1 Converged Converged Converged OK OK OK 113 113 113 113 113 113 7 7 7 0 0 0 0 1 0 0 1
2 2 uniform 2 0 27 0 0.001 1.0835258487192334 0.0011934930867489777 0.0064377438689594306 -0.12184570751683198 0.023984902945683999 -0.12313325629062387 0 0.12442489533811034 7.3868020669623586 OK 13 12 0.33988299999999999 0.34079199999999998 0.065778000000000003 0.27330700000000002 0.273789 0 0.066575999999999969 0.067002999999999979 0.065778000000000003 0.0087489999999999998 0.0089809999999999994 0.0086719999999999992 0.041750000000000009 0.042163000000000006 0.041484999999999973 0.0021730000000000005 0.0021869999999999997 0.0021359999999999999 0.00057899999999999998 0.00057700000000000004 0.00054699999999999996 7.3868021017409822 7.3868021017409822 7.3868021017409822 0.0032857262631842713 0.0032857262631842713 0.0032857262631842713 1 1 1 Converged Converged Converged OK OK OK 45 45 45 45 45 45 3 3 3 0 0 0 0 0 1 0 0
2 2 uniform 2 7 27 1 0.001 1.0835258487192334 0.0011934930867489777 0.0064377438689594306 -0.12184570751683198 0.023984902945683999 -0.12234953095005489 0 0.12364116999754136 7.4324788251653295 OK 13 12 0.33951500000000001 0.220301 0.063263 0.27451199999999998 0.13730300000000001 0 0.065003000000000033 0.082997999999999988 0.063263 0.0082170000000000003 0.0081510000000000003 0.0076800000000000002 0.042353000000000002 0.060947999999999988 0.042131999999999996 0.0022629999999999998 0.0021849999999999999 0.0021549999999999998 0.00054000000000000001 0.00054299999999999997 0.000531 7.4324788607833492 7.4324788607833492 7.4324788607833492 0.0033275098285058661 0.0033275098285058661 0.0033275098285058661 1 1 1 Converged Converged Converged OK OK OK 45 45 45 45 45 45 3 3 3 0 0 0 0 1 0 0 1
2 2 uniform 2 15 27 2 0.001 1.0835258487192334 0.0011934930867489777 0.0064377438689594306 -0.12184570751683198 0.023984902945683999 -0.12145384484654749 0 0.12274548389403396 7.4854444174755699 OK 13 12 0.35199799999999998 0.227243 0.061852999999999998 0.28864099999999998 0.14834 0 0.063356999999999997 0.078903000000000001 0.061852999999999998 0.0081399999999999997 0.0081349999999999999 0.0076889999999999997 0.041230000000000003 0.056885000000000019 0.040836000000000011 0.0021879999999999998 0.0022239999999999998 0.0021069999999999999 0.00058399999999999999 0.00056400000000000005 0.00053300000000000005 7.4854444536455977 7.4854444536455977 7.4854444536455977 0.0033755400588125059 0.0033755400588125059 0.0033755400588125059 1 1 1 Converged Converged Converged OK OK OK 45 45 45 45 45 45 3 3 3 0 0 0 0 1 0 0 1
2 2 uniform 2 23 27 3 0.001 1.0835258487192334 0.0011934930867489777 0.0064377438689594306 -0.12184570751683198 0.023984902945683999 -0.12055815874304009 0 0.12184979779052656 7.5392367502082402 OK 13 12 0.35048099999999999 0.235397 0.063479999999999995 0.285553 0.146425 0 0.064927999999999986 0.088971999999999996 0.063479999999999995 0.0082269999999999999 0.008175 0.0076090000000000003 0.042761 0.067052 0.042593000000000006 0.0021709999999999998 0.0022329999999999997 0.002134 0.00054000000000000001 0.00056399999999999994 0.00053600000000000002 7.5392367864670913 7.5392367864670913 7.5392367864670913 0.00342384672534009 0.00342384672534009 0.00342384672534009 1 1 1 Converged Converged Converged OK OK OK 45 45 45 45 45 45 3 3 3 0 0 0 0 1 0 0 1
2 2 uniform 2 0 27 0 0.0001 1.0835258487192334 0.0011934930867489777 0.0064377438689594306 -0.12184570751683198 0.023984902945683999 -0.12313325629062387 0 0.12442489533811034 7.3868020669623586 OK 13 12 0.37650800000000001 0.37701499999999999 0.101754 0.27272800000000003 0.274148 0 0.10377999999999998 0.10286699999999999 0.101754 0.0090010000000000003 0.0089160000000000003 0.0085509999999999996 0.066381000000000009 0.06654800000000001 0.066074999999999995 0.0040889999999999998 0.0038529999999999997 0.0038940000000000003 0.00087000000000000011 0.00084200000000000008 0.00081699999999999991 7.3868020222463997 7.3868020222463997 7.3868020222463997 1.519528020017283e-05 1.519528020017283e-05 1.519528020017283e-05 1 1 1 Converged Converged Converged OK OK OK 77 77 77 77 77 77 3 3 3 0 0 0 0 0 1 0 0
2 2 uniform 2 7 27 1 0.0001 1.0835258487192334 0.0011934930867489777 0.0064377438689594306 -0.12184570751683198 0.023984902945683999 -0.12234953095005489 0 0.12364116999754136 7.4324788251653295 OK 13 12 0.37621100000000002 0.27452599999999999 0.099085999999999994 0.27564899999999998 0.13596800000000001 0 0.10056200000000004 0.13855799999999999 0.099085999999999994 0.008175 0.0082760000000000004 0.0077250000000000001 0.068342000000000014 0.10628900000000002 0.067906000000000008 0.0040679999999999996 0.0040460000000000001 0.0039370000000000004 0.000794 0.00080299999999999989 0.00079600000000000005 7.4324787801814827 7.4324787801814827 7.4324787801814827 1.4792804881076949e-05 1.4792804881076949e-05 1.4792804881076949e-05 1 1 1 Converged Converged Converged OK OK OK 77 77 77 77 77 77 3 3 3 0 0 0 0 1 0 0 1
2 2 uniform 2 15 27 2 0.0001 1.0835258487192334 0.0011934930867489777 0.0064377438689594306 -0.12184570751683198 0.023984902945683999 -0.12145384484654749 0 0.12274548389403396 7.4854444174755699 OK 13 12 0.38390400000000002 0.28046300000000002 0.096432000000000004 0.28571600000000003 0.147234 0 0.098187999999999998 0.13322900000000001 0.096432000000000004 0.0081130000000000004 0.0083119999999999999 0.0075830000000000003 0.066392999999999994 0.10135699999999997 0.066020000000000009 0.0038309999999999998 0.0039099999999999994 0.0037850000000000002 0.00080400000000000003 0.00080099999999999995 0.00077500000000000008 7.4854443721814938 7.4854443721814938 7.4854443721814938 1.4346289374047912e-05 1.4346289374047912e-05 1.4346289374047912e-05 1 1 1 Converged Converged Converged OK OK OK 77 77 77 77 77 77 3 3 3 0 0 0 0 1 0 0 1
2 2 uniform 2 23 27 3 0.0001 1.0835258487192334 0.0011934930867489777 0.0064377438689594306 -0.12184570751683198 0.023984902945683999 -0.12055815874304009 0 0.12184979779052656 7.5392367502082402 OK 13 12 0.38308700000000001 0.29255199999999998 0.097764000000000004 0.28384999999999999 0.149615 0 0.09923700000000002 0.14293699999999998 0.097764000000000004 0.0081779999999999995 0.0082439999999999996 0.0076860000000000001 0.067473000000000005 0.11086700000000001 0.067108000000000001 0.0039779999999999998 0.0040379999999999999 0.0037750000000000001 0.00078500000000000011 0.00081599999999999989 0.00078700000000000005 7.5392367045994488 7.5392367045994488 7.5392367045994488 1.3913608909621527e-05 1.3913608909621527e-05 1.3913608909621527e-05 1 1 1 Converged Converged Converged OK OK OK 77 77 77 77 77 77 3 3 3 0 0 0 0 1 0 0 1
2 2 uniform 3 0 28 0 0.001 1.0835258487192334 0.0011934930867489777 0.0064377438689594306 0.008154717099486215 -0.016540575502439626 0.006867168325694329 0 -0.0055755292782078553 59.526134186245358 OK 13 12 0.52137599999999995 0.52186699999999997 0.098724999999999993 0.422259 0.42294399999999999 0 0.099116999999999955 0.098922999999999983 0.098724999999999993 0.010544 0.01074 0.010336 0.07002499999999999 0.070108000000000004 0.070161000000000029 0.0024529999999999999 0.002464 0.0024679999999999997 0.00068199999999999999 0.00069699999999999992 0.000727 59.526118812433559 59.526118812433559 59.526118812433559 0.044591319860129382 0.044591319860129382 0.044591319860129382 1 1 1 Converged Converged Converged OK OK OK 59 59 59 59 59 59 5 5 5 0 0 0 0 0 1 0 0
2 2 uniform 3 7 28 1 0.001 1.0835258487192334 0.0011934930867489777 0.0064377438689594306 0.008154717099486215 -0.016540575502439626 0.007650893666263303 0 -0.0063592546187768292 58.749740258989 OK 13 12 0.61578500000000003 0.60705299999999995 0.085123000000000004 0.52488599999999996 0.40029399999999998 0 0.090899000000000063 0.20675899999999997 0.085123000000000004 0.0096019999999999994 0.0095300000000000003 0.0089379999999999998 0.068238999999999994 0.18415799999999991 0.063888999999999974 0.0020109999999999998 0.002173 0.0019650000000000002 0.00069399999999999996 0.00068199999999999999 0.00067899999999999992 58.749739825192549 58.749739825192549 58.749739825192549 0.022664247258720616 0.022664247258720616 0.022664247258720616 1 1 1 Converged Converged Converged OK OK OK 52 52 52 52 52 52 4 4 4 0 0 0 0 1 0 0 1
2 2 uniform 3 15 28 2 0.001 1.0835258487192334 0.0011934930867489777 0.0064377438689594306 0.008154717099486215 -0.016540575502439626 0.0085465797697707024 0 -0.0072549407222842286 57.775010862222217 OK 13 12 0.42897200000000002 0.41251700000000002 0.082441 0.34539999999999998 0.21779200000000001 0 0.083572000000000035 0.19472500000000001 0.082441 0.0094540000000000006 0.0097020000000000006 0.0089739999999999993 0.061572999999999989 0.17195899999999997 0.061193000000000004 0.0019809999999999997 0.0021840000000000002 0.00198 0.0006739999999999999 0.00068099999999999996 0.00061700000000000004 57.775010692149635 57.775010692149635 57.775010692149635 0.023510445916875466 0.023510445916875466 0.023510445916875466 1 1 1 Converged Converged Converged OK OK OK 52 52 52 52 52 52 4 4 4 0 0 0 0 1 0 0 1
2 2 uniform 3 23 28 3 0.001 1.0835258487192334 0.0011934930867489777 0.0064377438689594306 0.008154717099486215 -0.016540575502439626 0.0094422658732781009 0 -0.0081506268257916271 56.725466780988505 OK 13 12 0.39193 0.35616199999999998 0.085123000000000004 0.30476999999999999 0.17464499999999999 0 0.087160000000000015 0.18151699999999998 0.085123000000000004 0.0091690000000000001 0.0092440000000000005 0.0085839999999999996 0.064880000000000007 0.15929499999999999 0.064274000000000012 0.0022179999999999999 0.0022779999999999996 0.0019880000000000002 0.00066099999999999991 0.00059500000000000004 0.00059500000000000004 56.725466765897608 56.725466765897608 56.725466765897608 0.024275234751861916 0.024275234751861916 0.024275234751861916 1 1 1 Converged Converged Converged OK OK OK 52 52 52 52 52 52 4 4 4 0 0 0 0 1 0 0 1
2 2 uniform 3 0 28 0 0.0001 1.0835258487192334 0.0011934930867489777 0.0064377438689594306 0.008154717099486215 -0.016540575502439626 0.006867168325694329 0 -0.0055755292782078553 59.526134186245358 OK 13 12 0.55702499999999999 0.55232199999999998 0.13122900000000001 0.42071199999999997 0.42049599999999998 0 0.13631300000000002 0.131826 0.13122900000000001 0.010649 0.010732 0.010326999999999999 0.097465999999999997 0.093382999999999994 0.09312299999999997 0.0038279999999999998 0.0037010000000000003 0.0038370000000000001 0.00095799999999999998 0.00095399999999999999 0.0010140000000000001 59.526131726110009 59.526131726110009 59.526131726110009 0.00094415787866835047 0.00094415787866835047 0.00094415787866835047 1 1 1 Converged Converged Converged OK OK OK 83 83 83 83 83 83 5 5 5 0 0 0 0 0 1 0 0
2 2 uniform 3 7 28 1 0.0001 1.0835258487192334 0.0011934930867489777 0.0064377438689594306 0.008154717099486215 -0.016540575502439626 0.007650893666263303 0 -0.0063592546187768292 58.749740258989 OK 13 12 0.63188900000000003 0.66062399999999999 0.100858 0.52970200000000001 0.402503 0 0.10218700000000003 0.25812099999999999 0.100858 0.0094409999999999997 0.0095289999999999993 0.0089899999999999997 0.074593000000000007 0.23047300000000001 0.074545000000000014 0.0030300000000000001 0.0029880000000000002 0.0029589999999999998 0.00085700000000000001 0.00083600000000000005 0.00079699999999999997 58.749737476411525 58.749737476411525 58.749737476411525 0.00035118435140678994 0.00035118435140678994 0.00035118435140678994 1 1 1 Converged Converged Converged OK OK OK 68 68 68 68 68 68 4 4 4 0 0 0 0 1 0 0 1
2 2 uniform 3 15 28 2 0.0001 1.0835258487192334 0.0011934930867489777 0.0064377438689594306 0.008154717099486215 -0.016540575502439626 0.0085465797697707024 0 -0.0072549407222842286 57.775010862222217 OK 13 12 0.44641900000000001 0.45814500000000002 0.098540000000000003 0.346225 0.21682599999999999 0 0.10019400000000001 0.24131900000000003 0.098540000000000003 0.0095010000000000008 0.0094009999999999996 0.008907 0.072937000000000016 0.21409500000000009 0.072639000000000009 0.0028899999999999998 0.0029590000000000007 0.0028969999999999998 0.00081400000000000005 0.00080699999999999999 0.00078399999999999997 57.775008044206821 57.775008044206821 57.775008044206821 0.00040194760164682019 0.00040194760164682019 0.00040194760164682019 1 1 1 Converged Converged Converged OK OK OK 68 68 68 68 68 68 4 4 4 0 0 0 0 1 0 0 1
2 2 uniform 3 23 28 3 0.0001 1.0835258487192334 0.0011934930867489777 0.0064377438689594306 0.008154717099486215 -0.016540575502439626 0.0094422658732781009 0 -0.0081506268257916271 56.725466780988505 OK 13 12 0.41384300000000002 0.41202499999999997 0.102733 0.30933899999999998 0.18080499999999999 0 0.10450400000000004 0.23121999999999998 0.102733 0.0092429999999999995 0.0092709999999999997 0.0086610000000000003 0.077380999999999978 0.20394399999999999 0.077139999999999986 0.0029839999999999997 0.0031450000000000002 0.0028570000000000002 0.00075600000000000005 0.00076199999999999998 0.00072499999999999995 56.725463847373355 56.725463847373355 56.725463847373355 0.00056821212921685392 0.00056821212921685392 0.00056821212921685392 1 1 1 Converged Converged Converged OK OK OK 68 68 68 68 68 68 4 4 4 0 0 0 0 1 0 0 1
2 2 uniform 4 0 29 0 0.001 1.0835258487192334 0.0011934930867489777 0.0064377438689594306 -0.20591222342624887 0.022094617205266859 -0.20719977220004077 0 0.20849141124752724 4.3843081063300842 OK 13 12 0.33169399999999999 0.336613 0.062418000000000001 0.26787 0.27292699999999998 0 0.063823999999999992 0.06368600000000002 0.062418000000000001 0.0090539999999999995 0.0090109999999999999 0.0087329999999999994 0.038741999999999999 0.038657999999999984 0.038310999999999998 0.0021879999999999998 0.0022650000000000001 0.0021680000000000002 0.00054800000000000009 0.00054699999999999996 0.000544 4.3843080754418171 4.3843080754418171 4.3843080754418171 0.0014470792515476811 0.0014470792515476811 0.0014470792515476811 1 1 1 Converged Converged Converged OK OK OK 45 45 45 45 45 45 3 3 3 0 0 0 0 0 1 0 0
2 2 uniform 4 7 29 1 0.001 1.0835258487192334 0.0011934930867489777 0.0064377438689594306 -0.20591222342624887 0.022094617205266859 -0.20641604685947179 0 0.20770768590695826 4.4003642597236405 OK 13 12 0.335671 0.217108 0.062357000000000003 0.27185799999999999 0.13700200000000001 0 0.063813000000000009 0.080105999999999983 0.062357000000000003 0.0082150000000000001 0.0083619999999999996 0.0076569999999999997 0.041577999999999997 0.057959000000000004 0.041167000000000009 0.0022299999999999998 0.002209 0.0021809999999999998 0.00054500000000000002 0.00054900000000000001 0.00053399999999999997 4.4003642286955795 4.4003642286955795 4.4003642286955795 0.0014563490472565448 0.0014563490472565448 0.0014563490472565448 1 1 1 Converged Converged Converged OK OK OK 45 45 45 45 45 45 3 3 3 0 0 0 0 1 0 0 1
2 2 uniform 4 15 29 2 0.001 1.0835258487192334 0.0011934930867489777 0.0064377438689594306 -0.20591222342624887 0.022094617205266859 -0.20552036075596439 0 0.20681199980345086 4.4189366214975916 OK 13 12 0.32619999999999999 0.21068500000000001 0.056996999999999999 0.26761200000000002 0.13614899999999999 0 0.058587999999999973 0.074536000000000019 0.056996999999999999 0.0082039999999999995 0.0083549999999999996 0.0076449999999999999 0.036565999999999994 0.052442999999999997 0.035907999999999995 0.0021810000000000002 0.0021900000000000001 0.0021940000000000002 0.00054100000000000003 0.000544 0.00052999999999999998 4.4189365903024749 4.4189365903024749 4.4189365903024749 0.001467087316268335 0.001467087316268335 0.001467087316268335 1 1 1 Converged Converged Converged OK OK OK 45 45 45 45 45 45 3 3 3 0 0 0 0 1 0 0 1
2 2 uniform 4 23 29 3 0.001 1.0835258487192334 0.0011934930867489777 0.0064377438689594306 -0.20591222342624887 0.022094617205266859 -0.20462467465245698 0 0.20591631369994345 4.4377495833862719 OK 13 12 0.33177800000000002 0.215888 0.057320999999999997 0.27294499999999999 0.13917499999999999 0 0.058833000000000024 0.076713000000000003 0.057320999999999997 0.0081530000000000005 0.0083320000000000009 0.007685 0.036699000000000002 0.054178999999999998 0.036397999999999993 0.002176 0.0025239999999999998 0.0020829999999999998 0.00054100000000000003 0.00057800000000000006 0.00052999999999999998 4.4377495520151085 4.4377495520151085 4.4377495520151085 0.0014779819418475459 0.0014779819418475459 0.0014779819418475459 1 1 1 Converged Converged Converged OK OK OK 45 45 45 45 45 45 3 3 3 0 0 0 0 1 0 0 1
2 2 uniform 4 0 29 0 0.0001 1.0835258487192334 0.0011934930867489777 0.0064377438689594306 -0.20591222342624887 0.022094617205266859 -0.20719977220004077 0 0.20849141124752724 4.3843081063300842 OK 13 12 0.36984800000000001 0.37298900000000001 0.104518 0.268511 0.27152100000000001 0 0.10133700000000001 0.101468 0.104518 0.0090220000000000005 0.0088749999999999992 0.0087279999999999996 0.065280000000000005 0.065689999999999985 0.068940000000000001 0.0039460000000000007 0.0039170000000000003 0.0039300000000000003 0.00079699999999999997 0.00081999999999999998 0.00081899999999999996 4.3843080777621042 4.3843080777621042 4.3843080777621042 1.0687462499755327e-05 1.0687462499755327e-05 1.0687462499755327e-05 1 1 1 Converged Converged Converged OK OK OK 77 77 77 77 77 77 3 3 3 0 0 0 0 0 1 0 0
2 2 uniform 4 7 29 1 0.0001 1.0835258487192334 0.0011934930867489777 0.0064377438689594306 -0.20591222342624887 0.022094617205266859 -0.20641604685947179 0 0.20770768590695826 4.4003642597236405 OK 13 12 0.37360100000000002 0.270542 0.099446999999999994 0.26932 0.13788 0 0.10428100000000001 0.132662 0.099446999999999994 0.0083610000000000004 0.0083210000000000003 0.0077730000000000004 0.072111000000000022 0.099694000000000005 0.068470000000000031 0.0040260000000000001 0.0044419999999999998 0.0039419999999999993 0.00081300000000000003 0.00081700000000000002 0.00079600000000000016 4.4003642310662583 4.4003642310662583 4.4003642310662583 1.0970275077444696e-05 1.0970275077444696e-05 1.0970275077444696e-05 1 1 1 Converged Converged Converged OK OK OK 77 77 77 77 77 77 3 3 3 0 0 0 0 1 0 0 1
2 2 uniform 4 15 29 2 0.0001 1.0835258487192334 0.0011934930867489777 0.0064377438689594306 -0.20591222342624887 0.022094617205266859 -0.20552036075596439 0 0.20681199980345086 4.4189366214975916 OK 13 12 0.36458699999999999 0.26254899999999998 0.093044000000000002 0.269924 0.13764499999999999 0 0.094662999999999997 0.12490399999999999 0.093044000000000002 0.0082389999999999998 0.0083300000000000006 0.0076860000000000001 0.062775999999999985 0.092675999999999981 0.062269999999999992 0.003885 0.0040210000000000003 0.0038930000000000006 0.00079300000000000009 0.00080699999999999999 0.00078500000000000011 4.4189365927368272 4.4189365927368272 4.4189365927368272 1.1303440705243036e-05 1.1303440705243036e-05 1.1303440705243036e-05 1 1 1 Converged Converged Converged OK OK OK 77 77 77 77 77 77 3 3 3 0 0 0 0 1 0 0 1
2 2 uniform 4 23 29 3 0.0001 1.0835258487192334 0.0011934930867489777 0.0064377438689594306 -0.20591222342624887 0.022094617205266859 -0.20462467465245698 0 0.20591631369994345 4.4377495833862719 OK 13 12 0.36677900000000002 0.27311099999999999 0.093823000000000004 0.271507 0.13902200000000001 0 0.095272000000000023 0.13408899999999999 0.093823000000000004 0.0082140000000000008 0.0084209999999999997 0.0077400000000000004 0.063558000000000017 0.10235100000000001 0.063217999999999996 0.003885 0.0038959999999999997 0.0037719999999999997 0.00079799999999999988 0.00081499999999999997 0.00077400000000000017 4.4377495545199901 4.4377495545199901 4.4377495545199901 1.1647552950905841e-05 1.1647552950905841e-05 1.1647552950905841e-05 1 1 1 Converged Converged Converged OK OK OK 77 77 77 77 77 77 3 3 3 0 0 0 0 1 0 0 1
3 3 linear 0 0 30 0 0.001 0.25775061677644395 0.515741804880267 0.025250544938634101 1.1656149153189421 3.5540813187979303 1.1605648063312153 0.5 -1.0728633469683615 1.3475250893528099 OK 13 12 0.57470100000000002 0.57306900000000005 0.22730500000000001 0.34366200000000002 0.34929500000000002 0 0.23103899999999999 0.22377400000000003 0.22730500000000001 0.010973999999999999 0.010796 0.010749999999999999 0.18669699999999989 0.18399600000000005 0.18696699999999983 0.0037929999999999999 0.0036800000000000001 0.0038730000000000001 0.00092400000000000013 0.00092699999999999998 0.00086800000000000006 1.347521458687613 1.347521458687613 1.347521458687613 0.0004024395402215276 0.0004024395402215276 0.0004024395402215276 1 1 1 Converged Converged Converged OK OK OK 89 89 89 89 89 89 7 7 7 0 0 0 0 0 1 0 0
3 3 linear 0 7 30 1 0.001 0.25775061677644395 0.515741804880267 0.025250544938634101 1.1656149153189421 3.5540813187979303 1.163638785715049 0.5 -1.0759373263521952 1.341065909833689 OK 13 12 0.58413400000000004 0.49607899999999999 0.20988399999999999 0.36970700000000001 0.24124999999999999 0 0.21442700000000003 0.25482899999999997 0.20988399999999999 0.0098080000000000007 0.010011000000000001 0.0093200000000000002 0.18186499999999994 0.22138800000000003 0.17799299999999998 0.0038929999999999998 0.0042470000000000008 0.0041640000000000002 0.00091399999999999999 0.00097599999999999998 0.00093600000000000009 1.3410654058650069 1.3410654058650069 1.3410654058650069 0.00042995340683850251 0.00042995340683850251 0.00042995340683850251 1 1 1 Converged Converged Converged OK OK OK 89 89 89 89 89 89 7 7 7 0 0 0 0 1 0 0 1
3 3 linear 0 15 30 2 0.001 0.25775061677644395 0.515741804880267 0.025250544938634101 1.1656149153189421 3.5540813187979303 1.167151905010859 0.5 -1.0794504456480052 1.3288137906694035 OK 13 12 0.54773099999999997 0.46710099999999999 0.20499400000000001 0.33774500000000002 0.224353 0 0.20998599999999995 0.24274799999999999 0.20499400000000001 0.0097839999999999993 0.0097909999999999994 0.0092610000000000001 0.177838 0.21081499999999997 0.17358099999999993 0.0036840000000000002 0.0037099999999999998 0.0039100000000000003 0.00082400000000000019 0.00084599999999999996 0.00088299999999999989 1.3288158882542218 1.3288158882542218 1.3288158882542218 0.0004948014269222596 0.0004948014269222596 0.0004948014269222596 1 1 1 Converged Converged Converged OK OK OK 89 89 89 89 89 89 7 7 7 0 0 0 0 1 0 0 1
3 3 linear 0 23 30 3 0.001 0.25775061677644395 0.515741804880267 0.025250544938634101 1.1656149153189421 3.5540813187979303 1.170665024306669 0.5 -1.0829635649438152 1.3110839032849007 OK 13 12 0.57421900000000003 0.50288900000000003 0.21679499999999999 0.35124499999999997 0.235927 0 0.22297400000000006 0.26696200000000003 0.21679499999999999 0.0098840000000000004 0.0099480000000000002 0.0091920000000000005 0.19056200000000001 0.23390100000000011 0.18564099999999997 0.0039110000000000004 0.0042730000000000008 0.0038520000000000004 0.00081499999999999997 0.00090199999999999992 0.00083999999999999993 1.311084982728296 1.311084982728296 1.311084982728296 0.0007206784019142575 0.0007206784019142575 0.0007206784019142575 1 1 1 Converged Converged Converged OK OK OK 89 89 89 89 89 89 7 7 7 0 0 0 0 1 0 0 1
3 3 linear 0 0 30 0 0.0001 0.25775061677644395 0.515741804880267 0.025250544938634101 1.1656149153189421 3.5540813187979303 1.1605648063312153 0.5 -1.0728633469683615 1.3475250893528099 OK 13 12 0.58981899999999998 0.58872500000000005 0.23916699999999999 0.34251900000000002 0.34970200000000001 0 0.24729999999999996 0.23902300000000004 0.23916699999999999 0.010899000000000001 0.010812 0.010518 0.20344999999999999 0.19570300000000007 0.19558600000000007 0.004274 0.0042789999999999998 0.0043790000000000009 0.001057 0.0010460000000000001 0.001116 1.3475229417177539 1.3475229417177539 1.3475229417177539 4.4441763980418259e-05 4.4441763980418259e-05 4.4441763980418259e-05 1 1 1 Converged Converged Converged OK OK OK 97 97 97 97 97 97 7 7 7 0 0 0 0 0 1 0 0
3 3 linear 0 7 30 1 0.0001 0.25775061677644395 0.515741804880267 0.025250544938634101 1.1656149153189421 3.5540813187979303 1.163638785715049 0.5 -1.0759373263521952 1.341065909833689 OK 13 12 0.59835899999999997 0.51559999999999995 0.228688 0.368869 0.238203 0 0.22948999999999997 0.27739699999999995 0.228688 0.0098519999999999996 0.0099310000000000006 0.0091699999999999993 0.19444199999999998 0.24227799999999994 0.19468500000000005 0.0042919999999999998 0.0043009999999999993 0.0043649999999999991 0.001075 0.0010640000000000001 0.0010790000000000001 1.341065659277616 1.341065659277616 1.341065659277616 0.00012582574796488313 0.00012582574796488313 0.00012582574796488313 1 1 1 Converged Converged Converged OK OK OK 97 97 97 97 97 97 7 7 7 0 0 0 0 1 0 0 1
3 3 linear 0 15 30 2 0.0001 0.25775061677644395 0.515741804880267 0.025250544938634101 1.1656149153189421 3.5540813187979303 1.167151905010859 0.5 -1.0794504456480052 1.3288137906694035 OK 13 12 0.59821199999999997 0.52460399999999996 0.25148500000000001 0.334285 0.222304 0 0.26392699999999997 0.30229999999999996 0.25148500000000001 0.0099089999999999994 0.0098969999999999995 0.0092680000000000002 0.22423499999999988 0.26262099999999994 0.21364499999999997 0.0047449999999999992 0.0049170000000000004 0.0046499999999999996 0.001245 0.001266 0.0011970000000000001 1.3288161856793628 1.3288161856793628 1.3288161856793628 1.8110448700695009e-05 1.8110448700695009e-05 1.8110448700695009e-05 1 1 1 Converged Converged Converged OK OK OK 105 105 105 105 105 105 7 7 7 0 0 0 0 1 0 0 1
3 3 linear 0 23 30 3 0.0001 0.25775061677644395 0.515741804880267 0.025250544938634101 1.1656149153189421 3.5540813187979303 1.170665024306669 0.5 -1.0829635649438152 1.3110839032849007 OK 13 12 0.60672099999999995 0.541736 0.25223299999999998 0.34899200000000002 0.235069 0 0.25772899999999993 0.30666700000000002 0.25223299999999998 0.0097680000000000006 0.0098890000000000002 0.0091509999999999994 0.2222630000000001 0.27113399999999999 0.21845000000000001 0.0046349999999999994 0.0047409999999999996 0.0043829999999999997 0.0010240000000000002 0.0010640000000000001 0.001044 1.3110861383098404 1.3110861383098404 1.3110861383098404 0.0001166756660363071 0.0001166756660363071 0.0001166756660363071 1 1 1 Converged Converged Converged OK OK OK 97 97 97 97 97 97 7 7 7 0 0 0 0 1 0 0 1
3 3 linear 1 0 31 0 0.001 0.25775061677644395 0.515741804880267 0.025250544938634101 1.1561230358091841 -3.5749067084135562 1.1510729268214572 0.5 -1.0633714674586034 1.2501790370261232 OK 12 11 0.42971500000000001 0.42765999999999998 0.13239200000000001 0.29771399999999998 0.29835400000000001 0 0.13200100000000003 0.12930599999999998 0.13239200000000001 0.0076150000000000002 0.0075170000000000002 0.0085159999999999993 0.10074299999999997 0.098863999999999966 0.10093199999999997 0.0036230000000000004 0.0034780000000000002 0.0032869999999999996 0.000892 0.00082799999999999996 0.00083700000000000007 1.2501800677649424 1.2501800677649424 1.2501800677649424 0.0001269257337639043 0.0001269257337639043 0.0001269257337639043 1 1 1 Converged Converged Converged OK OK OK 75 75 75 75 75 75 5 5 5 0 0 0 0 0 1 0 0
3 3 linear 1 7 31 1 0.001 0.25775061677644395 0.515741804880267 0.025250544938634101 1.1561230358091841 -3.5749067084135562 1.1541469062052909 0.5 -1.0664454468424371 1.2581984240183441 OK 12 11 0.43027300000000002 0.35599399999999998 0.118311 0.30893799999999999 0.19467400000000001 0 0.12133500000000003 0.16131999999999996 0.118311 0.0064999999999999997 0.0065290000000000001 0.0061469999999999997 0.096887000000000001 0.13689800000000002 0.094608999999999985 0.0030230000000000001 0.0029520000000000006 0.0028820000000000004 0.00070699999999999995 0.00068499999999999995 0.00073700000000000002 1.2582006336370577 1.2582006336370577 1.2582006336370577 0.00081481391472458455 0.00081481391472458455 0.00081481391472458455 1 1 1 Converged Converged Converged OK OK OK 74 74 74 74 74 74 6 6 6 0 0 0 0 1 0 0 1
3 3 linear 1 15 31 2 0.001 0.25775061677644395 0.515741804880267 0.025250544938634101 1.1561230358091841 -3.5749067084135562 1.1576600255011009 0.5 -1.0699585661382471 1.2614423279946287 OK 12 11 0.43739800000000001 0.354132 0.119695 0.31472499999999998 0.185558 0 0.12267300000000003 0.168574 0.119695 0.0064429999999999999 0.0064050000000000001 0.0059979999999999999 0.09847600000000005 0.14413899999999999 0.096283000000000007 0.002954 0.0031650000000000003 0.0031050000000000001 0.00063999999999999994 0.00067000000000000002 0.00063100000000000005 1.2614426697623236 1.2614426697623236 1.2614426697623236 0.00037342652328491713 0.00037342652328491713 0.00037342652328491713 1 1 1 Converged Converged Converged OK OK OK 74 74 74 74 74 74 6 6 6 0 0 0 0 1 0 0 1
3 3 linear 1 23 31 3 0.001 0.25775061677644395 0.515741804880267 0.025250544938634101 1.1561230358091841 -3.5749067084135562 1.1611731447969109 0.5 -1.0734716854340571 1.2586630555243814 OK 12 11 0.42796899999999999 0.35494199999999998 0.12325899999999999 0.30104999999999998 0.18240799999999999 0 0.126919 0.17253399999999999 0.12325899999999999 0.0065180000000000004 0.006476 0.0060769999999999999 0.101989 0.14821100000000001 0.099814000000000042 0.0032520000000000005 0.0032000000000000002 0.0029420000000000002 0.00066699999999999995 0.00069999999999999988 0.00066100000000000002 1.2586643412235601 1.2586643412235601 1.2586643412235601 0.00038084552986079678 0.00038084552986079678 0.00038084552986079678 1 1 1 Converged Converged Converged OK OK OK 74 74 74 74 74 74 6 6 6 0 0 0 0 1 0 0 1
3 3 linear 1 0 31 0 0.0001 0.25775061677644395 0.515741804880267 0.025250544938634101 1.1561230358091841 -3.5749067084135562 1.1510729268214572 0.5 -1.0633714674586034 1.2501790370261232 OK 12 11 0.45747399999999999 0.44666499999999998 0.15032599999999999 0.30091299999999999 0.29693799999999998 0 0.15656100000000001 0.149727 0.15032599999999999 0.0075880000000000001 0.007437 0.007404 0.12092600000000002 0.11499900000000002 0.11493400000000006 0.0042909999999999997 0.00398 0.0044800000000000005 0.00093700000000000012 0.0010059999999999999 0.00098999999999999999 1.2501800287762186 1.2501800287762186 1.2501800287762186 1.34859459868891e-05 1.34859459868891e-05 1.34859459868891e-05 1 1 1 Converged Converged Converged OK OK OK 91 91 91 91 91 91 5 5 5 0 0 0 0 0 1 0 0
3 3 linear 1 7 31 1 0.0001 0.25775061677644395 0.515741804880267 0.025250544938634101 1.1561230358091841 -3.5749067084135562 1.1541469062052909 0.5 -1.0664454468424371 1.2581984240183441 OK 12 11 0.44068000000000002 0.36566500000000002 0.12773100000000001 0.30978899999999998 0.19589300000000001 0 0.13089100000000004 0.16977200000000001 0.12773100000000001 0.006587 0.0064809999999999998 0.0062119999999999996 0.10431299999999999 0.14357399999999998 0.10189300000000001 0.0032649999999999997 0.0033189999999999999 0.0034759999999999999 0.00082799999999999996 0.00083100000000000014 0.00090499999999999999 1.2581997931121229 1.2581997931121229 1.2581997931121229 0.00011450582373985308 0.00011450582373985308 0.00011450582373985308 1 1 1 Converged Converged Converged OK OK OK 82 82 82 82 82 82 6 6 6 0 0 0 0 1 0 0 1
3 3 linear 1 15 31 2 0.0001 0.25775061677644395 0.515741804880267 0.025250544938634101 1.1561230358091841 -3.5749067084135562 1.1576600255011009 0.5 -1.0699585661382471 1.2614423279946287 OK 12 11 0.46493299999999999 0.387878 0.150785 0.310253 0.18546099999999999 0 0.15467999999999998 0.20241700000000001 0.150785 0.0064840000000000002 0.0064530000000000004 0.0061760000000000001 0.12374299999999994 0.17162599999999997 0.12070200000000002 0.0040559999999999997 0.0041200000000000004 0.0042900000000000004 0.00098299999999999993 0.00094399999999999996 0.00095599999999999993 1.2614438804566828 1.2614438804566828 1.2614438804566828 3.0420255766556727e-05 3.0420255766556727e-05 3.0420255766556727e-05 1 1 1 Converged Converged Converged OK OK OK 98 98 98 98 98 98 6 6 6 0 0 0 0 1 0 0 1
3 3 linear 1 23 31 3 0.0001 0.25775061677644395 0.515741804880267 0.025250544938634101 1.1561230358091841 -3.5749067084135562 1.1611731447969109 0.5 -1.0734716854340571 1.2586630555243814 OK 12 11 0.46726600000000001 0.40018799999999999 0.15715899999999999 0.306446 0.18257599999999999 0 0.16082000000000002 0.217612 0.15715899999999999 0.0064450000000000002 0.0064559999999999999 0.006058 0.13163800000000003 0.18835600000000008 0.12876399999999999 0.0040280000000000003 0.0041010000000000005 0.0040460000000000001 0.00094499999999999998 0.0009549999999999999 0.00094200000000000002 1.2586654162219906 1.2586654162219906 1.2586654162219906 7.7293235890476077e-05 7.7293235890476077e-05 7.7293235890476077e-05 1 1 1 Converged Converged Converged OK OK OK 98 98 98 98 98 98 6 6 6 0 0 0 0 1 0 0 1
3 3 linear 2 0 32 0 0.001 0.25775061677644395 0.515741804880267 0.025250544938634101 1.1836591551023081 -3.5431378515887921 1.1786090461145813 0.5 -1.0909075867517277 1.2180990249448249 OK 13 12 0.57204699999999997 0.57093400000000005 0.21248600000000001 0.35355199999999998 0.35644900000000002 0 0.21849499999999999 0.21448500000000004 0.21248600000000001 0.011183 0.010861000000000001 0.010612999999999999 0.17860599999999999 0.17555100000000001 0.17424400000000001 0.004104 0.0041440000000000001 0.0040069999999999993 0.0008699999999999999 0.00085300000000000003 0.000803 1.2180885785900795 1.2180885785900795 1.2180885785900795 0.0010455573946931884 0.0010455573946931884 0.0010455573946931884 1 1 1 Converged Converged Converged OK OK OK 81 81 81 81 81 81 7 7 7 0 0 0 0 0 1 0 0
3 3 linear 2 7 32 1 0.001 0.25775061677644395 0.515741804880267 0.025250544938634101 1.1836591551023081 -3.5431378515887921 1.181683025498415 0.5 -1.0939815661355614 1.1721301621608036 OK 13 12 0.56698099999999996 0.48597600000000002 0.16356599999999999 0.39808300000000002 0.26889000000000002 0 0.16889799999999994 0.217086 0.16356599999999999 0.010213 0.010172 0.0095890000000000003 0.137458 0.185863 0.13426700000000003 0.0038670000000000002 0.0037889999999999998 0.0034190000000000002 0.000825 0.00076300000000000001 0.00070600000000000003 1.1721285084304709 1.1721285084304709 1.1721285084304709 0.00046783669520250598 0.00046783669520250598 0.00046783669520250598 1 1 1 Converged Converged Converged OK OK OK 81 81 81 81 81 81 7 7 7 0 0 0 0 1 0 0 1
3 3 linear 2 15 32 2 0.001 0.25775061677644395 0.515741804880267 0.025250544938634101 1.1836591551023081 -3.5431378515887921 1.185196144794225 0.5 -1.0974946854313714 1.1427451699715652 OK 13 12 0.50568199999999996 0.42659599999999998 0.14948600000000001 0.35238799999999998 0.233018 0 0.15329399999999999 0.19357799999999997 0.14948600000000001 0.0098919999999999998 0.0099830000000000006 0.0093919999999999993 0.12346700000000004 0.16309899999999999 0.12073399999999999 0.0032750000000000001 0.0035959999999999998 0.0033430000000000001 0.00073399999999999995 0.00080100000000000006 0.00075699999999999997 1.1427433896897004 1.1427433896897004 1.1427433896897004 0.00082411011022336285 0.00082411011022336285 0.00082411011022336285 1 1 1 Converged Converged Converged OK OK OK 74 74 74 74 74 74 6 6 6 0 0 0 0 1 0 0 1
3 3 linear 2 23 32 3 0.001 0.25775061677644395 0.515741804880267 0.025250544938634101 1.1836591551023081 -3.5431378515887921 1.188709264090035 0.5 -1.1010078047271814 1.1247776498642672 OK 13 12 0.50834100000000004 0.43096800000000002 0.138046 0.36521500000000001 0.240147 0 0.14312600000000003 0.19082100000000002 0.138046 0.010142999999999999 0.010264000000000001 0.0094339999999999997 0.11350499999999997 0.16140500000000002 0.11025800000000004 0.0035149999999999999 0.0033800000000000002 0.0031770000000000001 0.00077700000000000002 0.00077499999999999997 0.00068899999999999994 1.1247766193248168 1.1247766193248168 1.1247766193248168 0.00020750756292755166 0.00020750756292755166 0.00020750756292755166 1 1 1 Converged Converged Converged OK OK OK 74 74 74 74 74 74 6 6 6 0 0 0 0 1 0 0 1
3 3 linear 2 0 32 0 0.0001 0.25775061677644395 0.515741804880267 0.025250544938634101 1.1836591551023081 -3.5431378515887921 1.1786090461145813 0.5 -1.0909075867517277 1.2180990249448249 OK 13 12 0.62921499999999997 0.62408399999999997 0.27067600000000003 0.35220800000000002 0.35562300000000002 0 0.27700699999999995 0.26846099999999995 0.27067600000000003 0.011132 0.01091 0.010487 0.22635699999999992 0.21911399999999992 0.22222199999999998 0.0057739999999999996 0.0054899999999999992 0.005254 0.0014009999999999999 0.0013189999999999999 0.001379 1.2180994659635831 1.2180994659635831 1.2180994659635831 9.4439413640609119e-05 9.4439413640609119e-05 9.4439413640609119e-05 1 1 1 Converged Converged Converged OK OK OK 105 105 105 105 105 105 7 7 7 0 0 0 0 0 1 0 0
3 3 linear 2 7 32 1 0.0001 0.25775061677644395 0.515741804880267 0.025250544938634101 1.1836591551023081 -3.5431378515887921 1.181683025498415 0.5 -1.0939815661355614 1.1721301621608036 OK 13 12 0.57562500000000005 0.50480599999999998 0.17580100000000001 0.39638200000000001 0.26546599999999998 0 0.17924300000000004 0.23934 0.17580100000000001 0.0099830000000000006 0.01018 0.0095790000000000007 0.14618299999999998 0.20296099999999997 0.14336599999999999 0.003882 0.0038549999999999999 0.0039430000000000003 0.00090699999999999982 0.00086899999999999998 0.00097799999999999992 1.1721291547217352 1.1721291547217352 1.1721291547217352 9.3297425593683774e-05 9.3297425593683774e-05 9.3297425593683774e-05 1 1 1 Converged Converged Converged OK OK OK 89 89 89 89 89 89 7 7 7 0 0 0 0 1 0 0 1
3 3 linear 2 15 32 2 0.0001 0.25775061677644395 0.515741804880267 0.025250544938634101 1.1836591551023081 -3.5431378515887921 1.185196144794225 0.5 -1.0974946854313714 1.1427451699715652 OK 13 12 0.53731399999999996 0.46341500000000002 0.17793400000000001 0.35403299999999999 0.232436 0 0.18328099999999997 0.23097900000000002 0.17793400000000001 0.0099819999999999996 0.0098799999999999999 0.0093069999999999993 0.14763399999999999 0.19548700000000002 0.14389499999999994 0.0046690000000000004 0.0046099999999999995 0.0043740000000000003 0.001054 0.0011099999999999999 0.00099200000000000026 1.1427444610442981 1.1427444610442981 1.1427444610442981 3.6813903758086354e-05 3.6813903758086354e-05 3.6813903758086354e-05 1 1 1 Converged Converged Converged OK OK OK 90 90 90 90 90 90 6 6 6 0 0 0 0 1 0 0 1
3 3 linear 2 23 32 3 0.0001 0.25775061677644395 0.515741804880267 0.025250544938634101 1.1836591551023081 -3.5431378515887921 1.188709264090035 0.5 -1.1010078047271814 1.1247776498642672 OK 13 12 0.51868199999999998 0.453822 0.154557 0.35975000000000001 0.243198 0 0.15893199999999996 0.21062400000000001 0.154557 0.0098499999999999994 0.0099559999999999996 0.0093019999999999995 0.12719299999999997 0.17898100000000003 0.12435300000000002 0.0037480000000000005 0.0037500000000000003 0.0035879999999999996 0.00091700000000000006 0.00086399999999999997 0.00081300000000000014 1.1247767757123899 1.1247767757123899 1.1247767757123899 6.2912189518794589e-05 6.2912189518794589e-05 6.2912189518794589e-05 1 1 1 Converged Converged Converged OK OK OK 82 82 82 82 82 82 6 6 6 0 0 0 0 1 0 0 1
3 3 linear 3 0 33 0 0.001 0.25775061677644395 0.515741804880267 0.025250544938634101 1.1819003160028148 3.5265525137502092 1.1768502070150879 0.5 -1.0891487476522341 1.1239860816571392 OK 13 12 0.501359 0.50089700000000004 0.15577199999999999 0.34181499999999998 0.34338099999999999 0 0.15954400000000002 0.15751600000000004 0.15577199999999999 0.010606000000000001 0.010666999999999999 0.010246 0.12024700000000001 0.11802500000000003 0.11689200000000001 0.0040159999999999996 0.0041790000000000004 0.0039169999999999995 0.00090700000000000004 0.00095199999999999994 0.00087799999999999987 1.123985243420403 1.123985243420403 1.123985243420403 0.00043007942894050826 0.00043007942894050826 0.00043007942894050826 1 1 1 Converged Converged Converged OK OK OK 82 82 82 82 82 82 6 6 6 0 0 0 0 0 1 0 0
3 3 linear 3 7 33 1 0.001 0.25775061677644395 0.515741804880267 0.025250544938634101 1.1819003160028148 3.5265525137502092 1.1799241863989216 0.5 -1.0922227270360678 1.1134591283310926 OK 13 12 0.50899399999999995 0.44053199999999998 0.14860200000000001 0.35586400000000001 0.23292299999999999 0 0.15312999999999993 0.20760899999999999 0.14860200000000001 0.0097730000000000004 0.0097579999999999993 0.0092020000000000001 0.11992599999999998 0.17480400000000007 0.11661799999999997 0.0040620000000000005 0.0040530000000000002 0.0039649999999999998 0.00086900000000000009 0.00085099999999999998 0.00083699999999999985 1.1134583966995462 1.1134583966995462 1.1134583966995462 0.00025077265652859886 0.00025077265652859886 0.00025077265652859886 1 1 1 Converged Converged Converged OK OK OK 82 82 82 82 82 82 6 6 6 0 0 0 0 1 0 0 1
3 3 linear 3 15 33 2 0.001 0.25775061677644395 0.515741804880267 0.025250544938634101 1.1819003160028148 3.5265525137502092 1.1834373056947316 0.5 -1.0957358463318778 1.1038905616697086 OK 13 12 0.49519600000000003 0.43603599999999998 0.148508 0.34456199999999998 0.22198799999999999 0 0.15063400000000005 0.21404799999999999 0.148508 0.0097289999999999998 0.0097900000000000001 0.0091699999999999993 0.11772100000000005 0.18139100000000005 0.11668299999999997 0.0039090000000000001 0.0038449999999999999 0.00382 0.00083200000000000006 0.00083100000000000003 0.00079199999999999995 1.1038898532937338 1.1038898532937338 1.1038898532937338 0.00014810088587357748 0.00014810088587357748 0.00014810088587357748 1 1 1 Converged Converged Converged OK OK OK 82 82 82 82 82 82 6 6 6 0 0 0 0 1 0 0 1
3 3 linear 3 23 33 3 0.001 0.25775061677644395 0.515741804880267 0.025250544938634101 1.1819003160028148 3.5265525137502092 1.1869504249905416 0.5 -1.0992489656276878 1.0961663680468925 OK 13 12 0.49542399999999998 0.43671900000000002 0.15153900000000001 0.33869100000000002 0.21679699999999999 0 0.15673299999999996 0.21992200000000003 0.15153900000000001 0.0098569999999999994 0.0098080000000000007 0.0091129999999999996 0.12329400000000007 0.18685800000000014 0.11951800000000001 0.0039119999999999997 0.003954 0.0039040000000000004 0.00093799999999999992 0.00093599999999999998 0.00090700000000000004 1.0961656933125996 1.0961656933125996 1.0961656933125996 9.2069163791218112e-05 9.2069163791218112e-05 9.2069163791218112e-05 1 1 1 Converged Converged Converged OK OK OK 82 82 82 82 82 82 6 6 6 0 0 0 0 1 0 0 1
3 3 linear 3 0 33 0 0.0001 0.25775061677644395 0.515741804880267 0.025250544938634101 1.1819003160028148 3.5265525137502092 1.1768502070150879 0.5 -1.0891487476522341 1.1239860816571392 OK 13 12 0.53067600000000004 0.52379900000000001 0.184362 0.34109899999999999 0.33912799999999999 0 0.18957700000000005 0.18467100000000003 0.184362 0.010829 0.010730999999999999 0.010233000000000001 0.14349899999999993 0.14004300000000003 0.13923199999999994 0.0048989999999999997 0.0046059999999999999 0.0049049999999999996 0.0012629999999999998 0.001168 0.0012459999999999999 1.1239852469994804 1.1239852469994804 1.1239852469994804 3.9648782373230346e-05 3.9648782373230346e-05 3.9648782373230346e-05 1 1 1 Converged Converged Converged OK OK OK 98 98 98 98 98 98 6 6 6 0 0 0 0 0 1 0 0
3 3 linear 3 7 33 1 0.0001 0.25775061677644395 0.515741804880267 0.025250544938634101 1.1819003160028148 3.5265525137502092 1.1799241863989216 0.5 -1.0922227270360678 1.1134591283310926 OK 13 12 0.53247100000000003 0.46640799999999999 0.17178399999999999 0.35629699999999997 0.235266 0 0.17617400000000005 0.23114199999999999 0.17178399999999999 0.0097959999999999992 0.0097000000000000003 0.0091409999999999998 0.139625 0.19480399999999995 0.13628899999999999 0.0046280000000000002 0.004607 0.0046370000000000005 0.001054 0.00107 0.0011039999999999999 1.1134583944067724 1.1134583944067724 1.1134583944067724 3.5316245210679519e-05 3.5316245210679519e-05 3.5316245210679519e-05 1 1 1 Converged Converged Converged OK OK OK 98 98 98 98 98 98 6 6 6 0 0 0 0 1 0 0 1
3 3 linear 3 15 33 2 0.0001 0.25775061677644395 0.515741804880267 0.025250544938634101 1.1819003160028148 3.5265525137502092 1.1834373056947316 0.5 -1.0957358463318778 1.1038905616697086 OK 13 12 0.501135 0.441492 0.155364 0.34071699999999999 0.22080900000000001 0 0.16041800000000001 0.22068299999999999 0.155364 0.0097429999999999999 0.0096900000000000007 0.0091629999999999993 0.12598499999999999 0.186223 0.12215799999999997 0.0042050000000000004 0.0041939999999999998 0.0040840000000000008 0.0009549999999999999 0.00094600000000000001 0.00095199999999999994 1.1038898515146853 1.1038898515146853 1.1038898515146853 8.5175589340699164e-05 8.5175589340699164e-05 8.5175589340699164e-05 1 1 1 Converged Converged Converged OK OK OK 90 90 90 90 90 90 6 6 6 0 0 0 0 1 0 0 1
3 3 linear 3 23 33 3 0.0001 0.25775061677644395 0.515741804880267 0.025250544938634101 1.1819003160028148 3.5265525137502092 1.1869504249905416 0.5 -1.0992489656276878 1.0961663680468925 OK 13 12 0.49723099999999998 0.436865 0.151612 0.33638699999999999 0.21645400000000001 0 0.16084399999999999 0.220411 0.151612 0.011138 0.0098689999999999993 0.0090849999999999993 0.12596399999999999 0.186587 0.11963900000000002 0.0040280000000000003 0.0042429999999999994 0.0039830000000000004 0.00088699999999999998 0.00099200000000000004 0.00095799999999999998 1.0961656933125996 1.0961656933125996 1.0961656933125996 9.2069163791218112e-05 9.2069163791218112e-05 9.2069163791218112e-05 1 1 1 Converged Converged Converged OK OK OK 82 82 82 82 82 82 6 6 6 0 0 0 0 1 0 0 1
3 3 linear 4 0 34 0 0.001 0.25775061677644395 0.515741804880267 0.025250544938634101 1.1806491418462766 -3.5949449477834814 1.1755990328585497 0.5 -1.0878975734956962 1.0958043934328738 OK 13 12 0.42714999999999997 0.42646499999999998 0.108196 0.31709999999999999 0.317137 0 0.11004999999999998 0.10932799999999998 0.108196 0.010123999999999999 0.010231000000000001 0.0099310000000000006 0.079949000000000048 0.078715999999999994 0.078037999999999969 0.002879 0.0031450000000000002 0.0031089999999999998 0.00070199999999999993 0.00071200000000000007 0.00073700000000000002 1.0958037900862585 1.0958037900862585 1.0958037900862585 0.00073346094793101516 0.00073346094793101516 0.00073346094793101516 1 1 1 Converged Converged Converged OK OK OK 60 60 60 60 60 60 4 4 4 0 0 0 0 0 1 0 0
3 3 linear 4 7 34 1 0.001 0.25775061677644395 0.515741804880267 0.025250544938634101 1.1806491418462766 -3.5949449477834814 1.1786730122423834 0.5 -1.0909715528795298 1.0938149458297035 OK 13 12 0.40909099999999998 0.34801799999999999 0.101286 0.304676 0.18492400000000001 0 0.10441499999999998 0.16309399999999999 0.101286 0.0094389999999999995 0.0094889999999999992 0.0089490000000000004 0.077653999999999987 0.13638600000000001 0.075772999999999979 0.0028890000000000001 0.0029199999999999999 0.0028400000000000001 0.00062100000000000002 0.00062100000000000002 0.00064900000000000005 1.0938144342842049 1.0938144342842049 1.0938144342842049 0.00082047994855840222 0.00082047994855840222 0.00082047994855840222 1 1 1 Converged Converged Converged OK OK OK 60 60 60 60 60 60 4 4 4 0 0 0 0 1 0 0 1
3 3 linear 4 15 34 2 0.001 0.25775061677644395 0.515741804880267 0.025250544938634101 1.1806491418462766 -3.5949449477834814 1.1821861315381934 0.5 -1.0944846721753398 1.0913518714734936 OK 13 12 0.42035 0.35367300000000002 0.114035 0.30298000000000003 0.183694 0 0.11736999999999997 0.16997900000000002 0.114035 0.0094870000000000006 0.0093849999999999992 0.0089739999999999993 0.087586999999999998 0.14054799999999998 0.085553999999999991 0.0032859999999999999 0.0032950000000000002 0.0032040000000000003 0.00078799999999999996 0.00075899999999999991 0.00074299999999999995 1.0913512366528857 1.0913512366528857 1.0913512366528857 0.00012054227921545285 0.00012054227921545285 0.00012054227921545285 1 1 1 Converged Converged Converged OK OK OK 68 68 68 68 68 68 4 4 4 0 0 0 0 1 0 0 1
3 3 linear 4 23 34 3 0.001 0.25775061677644395 0.515741804880267 0.025250544938634101 1.1806491418462766 -3.5949449477834814 1.1856992508340034 0.5 -1.0979977914711498 1.0887042370171969 OK 13 12 0.42031400000000002 0.35161399999999998 0.10829900000000001 0.30866300000000002 0.187107 0 0.111651 0.16450699999999999 0.10829900000000001 0.0090709999999999992 0.0092659999999999999 0.0086459999999999992 0.083492999999999998 0.13533699999999996 0.081260999999999958 0.0033040000000000005 0.0037630000000000003 0.0032190000000000001 0.00080699999999999999 0.00082800000000000007 0.00076300000000000011 1.0887036317441112 1.0887036317441112 1.0887036317441112 9.3106307834214593e-05 9.3106307834214593e-05 9.3106307834214593e-05 1 1 1 Converged Converged Converged OK OK OK 68 68 68 68 68 68 4 4 4 0 0 0 0 1 0 0 1
3 3 linear 4 0 34 0 0.0001 0.25775061677644395 0.515741804880267 0.025250544938634101 1.1806491418462766 -3.5949449477834814 1.1755990328585497 0.5 -1.0878975734956962 1.0958043934328738 OK 13 12 0.44548399999999999 0.448185 0.1293 0.31329600000000002 0.31342999999999999 0 0.13218799999999997 0.13475500000000001 0.1293 0.010135 0.010156999999999999 0.0098189999999999996 0.096591999999999983 0.099138999999999991 0.094571999999999962 0.0035620000000000001 0.0035710000000000004 0.0034870000000000001 0.0009810000000000001 0.00093099999999999997 0.00093799999999999992 1.0958037360310591 1.0958037360310591 1.0958037360310591 8.408170314889509e-05 8.408170314889509e-05 8.408170314889509e-05 1 1 1 Converged Converged Converged OK OK OK 76 76 76 76 76 76 4 4 4 0 0 0 0 0 1 0 0
3 3 linear 4 7 34 1 0.0001 0.25775061677644395 0.515741804880267 0.025250544938634101 1.1806491418462766 -3.5949449477834814 1.1786730122423834 0.5 -1.0909715528795298 1.0938149458297035 OK 13 12 0.42797099999999999 0.37343999999999999 0.119618 0.30483399999999999 0.18279200000000001 0 0.123137 0.19064799999999998 0.119618 0.0095169999999999994 0.0094409999999999997 0.0089359999999999995 0.092713000000000018 0.16024499999999994 0.090620000000000006 0.0035379999999999999 0.003558 0.0034830000000000004 0.00088500000000000015 0.00089099999999999987 0.00084300000000000022 1.0938142912494846 1.0938142912494846 1.0938142912494846 8.294191036176353e-05 8.294191036176353e-05 8.294191036176353e-05 1 1 1 Converged Converged Converged OK OK OK 76 76 76 76 76 76 4 4 4 0 0 0 0 1 0 0 1
3 3 linear 4 15 34 2 0.0001 0.25775061677644395 0.515741804880267 0.025250544938634101 1.1806491418462766 -3.5949449477834814 1.1821861315381934 0.5 -1.0944846721753398 1.0913518714734936 OK 13 12 0.44908799999999999 0.39022000000000001 0.139651 0.30583900000000003 0.18066499999999999 0 0.14324899999999996 0.20955500000000002 0.139651 0.0093089999999999996 0.014638 0.0089440000000000006 0.10885199999999998 0.16963299999999998 0.10632100000000001 0.0040590000000000001 0.0041250000000000002 0.0040829999999999998 0.00087100000000000003 0.00087299999999999997 0.00083500000000000002 1.0913512367928959 1.0913512367928959 1.0913512367928959 3.9662062734197883e-05 3.9662062734197883e-05 3.9662062734197883e-05 1 1 1 Converged Converged Converged OK OK OK 84 84 84 84 84 84 4 4 4 0 0 0 0 1 0 0 1
3 3 linear 4 23 34 3 0.0001 0.25775061677644395 0.515741804880267 0.025250544938634101 1.1806491418462766 -3.5949449477834814 1.1856992508340034 0.5 -1.0979977914711498 1.0887042370171969 OK 13 12 0.41648299999999999 0.35205599999999998 0.10817499999999999 0.30499700000000002 0.189001 0 0.11148599999999997 0.16305499999999998 0.10817499999999999 0.0092149999999999992 0.0092119999999999997 0.0085810000000000001 0.083311000000000038 0.13479499999999997 0.081204999999999999 0.0033240000000000001 0.0033430000000000001 0.0032030000000000001 0.00076300000000000001 0.00077300000000000003 0.00075000000000000002 1.0887036317441112 1.0887036317441112 1.0887036317441112 9.3106307834214593e-05 9.3106307834214593e-05 9.3106307834214593e-05 1 1 1 Converged Converged Converged OK OK OK 68 68 68 68 68 68 4 4 4 0 0 0 0 1 0 0 1
3 3 uniform 0 0 35 0 0.001 0.25775061677644395 0.515741804880267 0.025250544938634101 1.1656149153189421 3.5540813187979303 1.1605648063312153 0 -1.0728633469683615 1.325696589946822 OK 13 12 0.48469400000000001 0.48913499999999999 0.14414299999999999 0.34280300000000002 0.34632400000000002 0 0.14189099999999999 0.14281099999999997 0.14414299999999999 0.011086 0.011246000000000001 0.010676 0.10752700000000005 0.10784800000000001 0.11044 0.0029399999999999999 0.0031219999999999998 0.002947 0.00076300000000000001 0.00080000000000000004 0.00077800000000000005 1.3256950408422028 1.3256950408422028 1.3256950408422028 0.00077328985661911801 0.00077328985661911801 0.00077328985661911801 1 1 1 Converged Converged Converged OK OK OK 73 73 73 73 73 73 7 7 7 0 0 0 0 0 1 0 0
3 3 uniform 0 7 35 1 0.001 0.25775061677644395 0.515741804880267 0.025250544938634101 1.1656149153189421 3.5540813187979303 1.163638785715049 0 -1.0759373263521952 1.3213735326496301 OK 13 12 0.49951800000000002 0.397897 0.12528300000000001 0.37317299999999998 0.24443599999999999 0 0.12634500000000004 0.15346100000000001 0.12528300000000001 0.0097359999999999999 0.0099559999999999996 0.0092490000000000003 0.099480000000000054 0.12604900000000002 0.099047999999999997 0.0026919999999999999 0.0027630000000000003 0.0027009999999999998 0.00069999999999999999 0.00084899999999999993 0.00075300000000000009 1.3213733777694849 1.3213733777694849 1.3213733777694849 0.00090613260673267433 0.00090613260673267433 0.00090613260673267433 1 1 1 Converged Converged Converged OK OK OK 73 73 73 73 73 73 7 7 7 0 0 0 0 1 0 0 1
3 3 uniform 0 15 35 2 0.001 0.25775061677644395 0.515741804880267 0.025250544938634101 1.1656149153189421 3.5540813187979303 1.167151905010859 0 -1.0794504456480052 1.3130745633955572 OK 13 12 0.45888400000000001 0.36587999999999998 0.12182800000000001 0.33478799999999997 0.22228400000000001 0 0.12409600000000004 0.14359599999999997 0.12182800000000001 0.0098829999999999994 0.0099019999999999993 0.0091149999999999998 0.096585000000000004 0.116643 0.096158999999999994 0.0029140000000000004 0.0027810000000000001 0.002637 0.00077800000000000005 0.00070500000000000001 0.00067200000000000007 1.3130743355955563 1.3130743355955563 1.3130743355955563 0.00098332009186020649 0.00098332009186020649 0.00098332009186020649 1 1 1 Converged Converged Converged OK OK OK 73 73 73 73 73 73 7 7 7 0 0 0 0 1 0 0 1
3 3 uniform 0 23 35 3 0.001 0.25775061677644395 0.515741804880267 0.025250544938634101 1.1656149153189421 3.5540813187979303 1.170665024306669 0 -1.0829635649438152 1.3007094436091542 OK 13 12 0.47842200000000001 0.38508399999999998 0.12155100000000001 0.35422599999999999 0.23263800000000001 0 0.12419600000000003 0.15244599999999997 0.12155100000000001 0.0099220000000000003 0.0097990000000000004 0.0091680000000000008 0.096838999999999995 0.12574299999999999 0.095825999999999967 0.002823 0.0027199999999999993 0.0026090000000000002 0.00075200000000000006 0.00065600000000000001 0.00063899999999999992 1.3007089372723271 1.3007089372723271 1.3007089372723271 0.0011995380668809834 0.0011995380668809834 0.0011995380668809834 1 1 1 Converged Converged Converged OK OK OK 73 73 73 73 73 73 7 7 7 0 0 0 0 1 0 0 1
3 3 uniform 0 0 35 0 0.0001 0.25775061677644395 0.515741804880267 0.025250544938634101 1.1656149153189421 3.5540813187979303 1.1605648063312153 0 -1.0728633469683615 1.325696589946822 OK 13 12 0.51908699999999997 0.51896600000000004 0.176397 0.34467999999999999 0.34521400000000002 0 0.17440699999999998 0.17375200000000002 0.176397 0.011235 0.010911000000000001 0.010743000000000001 0.129859 0.12988899999999998 0.13275799999999999 0.0042320000000000005 0.0043040000000000005 0.0042789999999999998 0.0011349999999999999 0.001256 0.0011280000000000001 1.32569655200604 1.32569655200604 1.32569655200604 5.1149898993124146e-05 5.1149898993124146e-05 5.1149898993124146e-05 1 1 1 Converged Converged Converged OK OK OK 97 97 97 97 97 97 7 7 7 0 0 0 0 0 1 0 0
3 3 uniform 0 7 35 1 0.0001 0.25775061677644395 0.515741804880267 0.025250544938634101 1.1656149153189421 3.5540813187979303 1.163638785715049 0 -1.0759373263521952 1.3213735326496301 OK 13 12 0.55979199999999996 0.47772399999999998 0.18345900000000001 0.37060300000000002 0.239144 0 0.18918899999999994 0.23857999999999999 0.18345900000000001 0.0098169999999999993 0.009953 0.0091769999999999994 0.15002000000000001 0.19948899999999992 0.14543399999999998 0.0046099999999999995 0.0045790000000000006 0.0045029999999999992 0.0012229999999999999 0.0011899999999999999 0.0012309999999999999 1.3213734841085678 1.3213734841085678 1.3213734841085678 3.2764679011021394e-05 3.2764679011021394e-05 3.2764679011021394e-05 1 1 1 Converged Converged Converged OK OK OK 105 105 105 105 105 105 7 7 7 0 0 0 0 1 0 0 1
3 3 uniform 0 15 35 2 0.0001 0.25775061677644395 0.515741804880267 0.025250544938634101 1.1656149153189421 3.5540813187979303 1.167151905010859 0 -1.0794504456480052 1.3130745633955572 OK 13 12 0.50732200000000005 0.43646299999999999 0.17374999999999999 0.33567599999999997 0.219643 0 0.17164600000000008 0.21681999999999998 0.17374999999999999 0.0097560000000000008 0.0097900000000000001 0.0091809999999999999 0.13433599999999998 0.17969100000000013 0.137571 0.0045509999999999995 0.0044790000000000003 0.0044019999999999997 0.001188 0.0011930000000000003 0.0011489999999999998 1.3130745029476907 1.3130745029476907 1.3130745029476907 2.8535415709447538e-05 2.8535415709447538e-05 2.8535415709447538e-05 1 1 1 Converged Converged Converged OK OK OK 105 105 105 105 105 105 7 7 7 0 0 0 0 1 0 0 1
3 3 uniform 0 23 35 3 0.0001 0.25775061677644395 0.515741804880267 0.025250544938634101 1.1656149153189421 3.5540813187979303 1.170665024306669 0 -1.0829635649438152 1.3007094436091542 OK 13 12 0.53025900000000004 0.46495300000000001 0.175818 0.35267799999999999 0.23531299999999999 0 0.17758100000000004 0.22964000000000001 0.175818 0.0097699999999999992 0.0099030000000000003 0.0091929999999999998 0.140791 0.19242500000000001 0.14006500000000005 0.0043860000000000001 0.0044569999999999992 0.0043150000000000003 0.0011360000000000001 0.001165 0.0011290000000000002 1.3007096430964364 1.3007096430964364 1.3007096430964364 2.3862890239485194e-05 2.3862890239485194e-05 2.3862890239485194e-05 1 1 1 Converged Converged Converged OK OK OK 105 105 105 105 105 105 7 7 7 0 0 0 0 1 0 0 1
3 3 uniform 1 0 36 0 0.001 0.25775061677644395 0.515741804880267 0.025250544938634101 1.1561230358091841 -3.5749067084135562 1.1510729268214572 0 -1.0633714674586034 1.2539113823114227 OK 12 11 0.39204899999999998 0.38861400000000001 0.091922000000000004 0.29950700000000002 0.29618699999999998 0 0.092541999999999958 0.092427000000000037 0.091922000000000004 0.0074910000000000003 0.0075640000000000004 0.0074029999999999999 0.068438999999999986 0.068456000000000003 0.068064000000000013 0.0021910000000000002 0.002232 0.0022429999999999998 0.00063999999999999994 0.000696 0.00064400000000000004 1.2539118214705323 1.2539118214705323 1.2539118214705323 0.00053099265883598413 0.00053099265883598413 0.00053099265883598413 1 1 1 Converged Converged Converged OK OK OK 59 59 59 59 59 59 5 5 5 0 0 0 0 0 1 0 0
3 3 uniform 1 7 36 1 0.001 0.25775061677644395 0.515741804880267 0.025250544938634101 1.1561230358091841 -3.5749067084135562 1.1541469062052909 0 -1.0664454468424371 1.260933627086394 OK 12 11 0.40484500000000001 0.30788599999999999 0.094353999999999993 0.30548799999999998 0.189911 0 0.099357000000000029 0.117975 0.094353999999999993 0.0064720000000000003 0.0065110000000000003 0.0060660000000000002 0.077272000000000021 0.096178 0.073326999999999989 0.0022980000000000001 0.0023219999999999998 0.0022190000000000001 0.00070199999999999993 0.00067599999999999995 0.00071499999999999992 1.2609339510185988 1.2609339510185988 1.2609339510185988 0.00050352359195305653 0.00050352359195305653 0.00050352359195305653 1 1 1 Converged Converged Converged OK OK OK 66 66 66 66 66 66 6 6 6 0 0 0 0 1 0 0 1
3 3 uniform 1 15 36 2 0.001 0.25775061677644395 0.515741804880267 0.025250544938634101 1.1561230358091841 -3.5749067084135562 1.1576600255011009 0 -1.0699585661382471 1.263838977273869 OK 12 11 0.39691799999999999 0.29628700000000002 0.086453000000000002 0.30913000000000002 0.186448 0 0.087787999999999977 0.10983900000000002 0.086453000000000002 0.0064559999999999999 0.0064869999999999997 0.0060590000000000001 0.068817999999999963 0.090972000000000025 0.068125999999999992 0.0019230000000000002 0.0019350000000000001 0.001921 0.00053399999999999997 0.00053199999999999992 0.00051200000000000009 1.2638378216185213 1.2638378216185213 1.2638378216185213 0.00094542545290981074 0.00094542545290981074 0.00094542545290981074 1 1 1 Converged Converged Converged OK OK OK 58 58 58 58 58 58 6 6 6 0 0 0 0 1 0 0 1
3 3 uniform 1 23 36 3 0.001 0.25775061677644395 0.515741804880267 0.025250544938634101 1.1561230358091841 -3.5749067084135562 1.1611731447969109 0 -1.0734716854340571 1.2617650932792621 OK 12 11 0.388297 0.288887 0.083377999999999994 0.30374200000000001 0.18097199999999999 0 0.084554999999999991 0.10791500000000001 0.083377999999999994 0.0064980000000000003 0.0065560000000000002 0.0060549999999999996 0.065502999999999992 0.089122000000000021 0.065313999999999997 0.0019139999999999999 0.0019750000000000002 0.0018419999999999999 0.00054600000000000004 0.00054600000000000004 0.00051000000000000004 1.2617646604212351 1.2617646604212351 1.2617646604212351 0.00086456262224599251 0.00086456262224599251 0.00086456262224599251 1 1 1 Converged Converged Converged OK OK OK 58 58 58 58 58 58 6 6 6 0 0 0 0 1 0 0 1
3 3 uniform 1 0 36 0 0.0001 0.25775061677644395 0.515741804880267 0.025250544938634101 1.1561230358091841 -3.5749067084135562 1.1510729268214572 0 -1.0633714674586034 1.2539113823114227 OK 12 11 0.43235800000000002 0.42921300000000001 0.132102 0.29993399999999998 0.29738399999999998 0 0.13242400000000004 0.13182900000000003 0.132102 0.0075599999999999999 0.0075069999999999998 0.0073790000000000001 0.09756399999999997 0.096923999999999996 0.09704399999999995 0.0038869999999999998 0.0038430000000000005 0.0041180000000000001 0.001021 0.00095500000000000012 0.0010460000000000001 1.2539117476578419 1.2539117476578419 1.2539117476578419 1.4691221660189319e-05 1.4691221660189319e-05 1.4691221660189319e-05 1 1 1 Converged Converged Converged OK OK OK 91 91 91 91 91 91 5 5 5 0 0 0 0 0 1 0 0
3 3 uniform 1 7 36 1 0.0001 0.25775061677644395 0.515741804880267 0.025250544938634101 1.1561230358091841 -3.5749067084135562 1.1541469062052909 0 -1.0664454468424371 1.260933627086394 OK 12 11 0.43941000000000002 0.37595800000000001 0.129333 0.30913499999999999 0.19236600000000001 0 0.13027500000000003 0.18359200000000001 0.129333 0.0064850000000000003 0.0066179999999999998 0.0062430000000000003 0.099578000000000014 0.15251300000000001 0.099273 0.0038720000000000004 0.0039810000000000002 0.003954 0.0010300000000000001 0.001008 0.00099299999999999996 1.2609339707481146 1.2609339707481146 1.2609339707481146 1.3338274073865284e-05 1.3338274073865284e-05 1.3338274073865284e-05 1 1 1 Converged Converged Converged OK OK OK 98 98 98 98 98 98 6 6 6 0 0 0 0 1 0 0 1
3 3 uniform 1 15 36 2 0.0001 0.25775061677644395 0.515741804880267 0.025250544938634101 1.1561230358091841 -3.5749067084135562 1.1576600255011009 0 -1.0699585661382471 1.263838977273869 OK 12 11 0.44158500000000001 0.36982100000000001 0.128549 0.31152400000000002 0.18859999999999999 0 0.13006099999999998 0.18122100000000002 0.128549 0.0064609999999999997 0.0066990000000000001 0.0060410000000000004 0.10109800000000004 0.15098600000000001 0.10080000000000003 0.0038419999999999999 0.0043899999999999998 0.0037160000000000006 0.00094500000000000009 0.0010380000000000001 0.000959 1.2638393620046615 1.2638393620046615 1.2638393620046615 1.2844743867090932e-05 1.2844743867090932e-05 1.2844743867090932e-05 1 1 1 Converged Converged Converged OK OK OK 98 98 98 98 98 98 6 6 6 0 0 0 0 1 0 0 1
3 3 uniform 1 23 36 3 0.0001 0.25775061677644395 0.515741804880267 0.025250544938634101 1.1561230358091841 -3.5749067084135562 1.1611731447969109 0 -1.0734716854340571 1.2617650932792621 OK 12 11 0.42966500000000002 0.36496699999999999 0.123449 0.30513600000000002 0.18367700000000001 0 0.124529 0.18128999999999998 0.123449 0.0064640000000000001 0.0066429999999999996 0.0061919999999999996 0.095893999999999993 0.15173600000000004 0.095538000000000012 0.003882 0.0041939999999999998 0.0038220000000000003 0.00091300000000000007 0.00096199999999999996 0.00090900000000000009 1.2617660277942904 1.2617660277942904 1.2617660277942904 3.6474345108055282e-05 3.6474345108055282e-05 3.6474345108055282e-05 1 1 1 Converged Converged Converged OK OK OK 98 98 98 98 98 98 6 6 6 0 0 0 0 1 0 0 1
3 3 uniform 2 0 37 0 0.001 0.25775061677644395 0.515741804880267 0.025250544938634101 1.1836591551023081 -3.5431378515887921 1.1786090461145813 0 -1.0909075867517277 1.2281125147262288 OK 13 12 0.49717600000000001 0.49854399999999999 0.14447099999999999 0.35050199999999998 0.35314899999999999 0 0.14667400000000003 0.145395 0.14447099999999999 0.011143999999999999 0.011004999999999999 0.010481000000000001 0.10981999999999997 0.10965299999999997 0.10931100000000001 0.0032469999999999999 0.0032189999999999996 0.0031670000000000005 0.00078699999999999994 0.00077000000000000007 0.00082200000000000003 1.2280987658152431 1.2280987658152431 1.2280987658152431 0.0011017604657599395 0.0011017604657599395 0.0011017604657599395 1 1 1 Converged Converged Converged OK OK OK 73 73 73 73 73 73 7 7 7 0 0 0 0 0 1 0 0
3 3 uniform 2 7 37 1 0.001 0.25775061677644395 0.515741804880267 0.025250544938634101 1.1836591551023081 -3.5431378515887921 1.181683025498415 0 -1.0939815661355614 1.1781440250742932 OK 13 12 0.52192300000000003 0.42119499999999999 0.12302299999999999 0.39662799999999998 0.26500600000000002 0 0.12529500000000005 0.15618899999999997 0.12302299999999999 0.010059 0.010038 0.0094699999999999993 0.09979599999999994 0.13111399999999998 0.099012999999999976 0.002513 0.0023519999999999999 0.0022360000000000001 0.00059400000000000002 0.00056900000000000006 0.00059500000000000004 1.1781437642704 1.1781437642704 1.1781437642704 0.00094465726927466063 0.00094465726927466063 0.00094465726927466063 1 1 1 Converged Converged Converged OK OK OK 65 65 65 65 65 65 7 7 7 0 0 0 0 1 0 0 1
3 3 uniform 2 15 37 2 0.001 0.25775061677644395 0.515741804880267 0.025250544938634101 1.1836591551023081 -3.5431378515887921 1.185196144794225 0 -1.0974946854313714 1.1457671568713286 OK 13 12 0.47978999999999999 0.38326700000000002 0.124878 0.35330800000000001 0.229299 0 0.12648199999999998 0.15396800000000002 0.124878 0.0099439999999999997 0.0098219999999999991 0.0092569999999999996 0.099104999999999985 0.12695800000000004 0.099081000000000016 0.0029489999999999998 0.0029120000000000001 0.0026810000000000002 0.00074300000000000017 0.00073200000000000001 0.00071599999999999995 1.1457671985884506 1.1457671985884506 1.1457671985884506 0.0007273688768400739 0.0007273688768400739 0.0007273688768400739 1 1 1 Converged Converged Converged OK OK OK 66 66 66 66 66 66 6 6 6 0 0 0 0 1 0 0 1
3 3 uniform 2 23 37 3 0.001 0.25775061677644395 0.515741804880267 0.025250544938634101 1.1836591551023081 -3.5431378515887921 1.188709264090035 0 -1.1010078047271814 1.1265844296491798 OK 13 12 0.468366 0.37795600000000001 0.10181800000000001 0.36188399999999998 0.237285 0 0.10648200000000002 0.14067100000000002 0.10181800000000001 0.0099299999999999996 0.0099670000000000002 0.0092639999999999997 0.079900999999999986 0.11688799999999999 0.079466000000000009 0.002232 0.0021979999999999999 0.0020370000000000002 0.00052200000000000011 0.00057200000000000003 0.00051199999999999998 1.1265841638591854 1.1265841638591854 1.1265841638591854 0.00059996257894197162 0.00059996257894197162 0.00059996257894197162 1 1 1 Converged Converged Converged OK OK OK 58 58 58 58 58 58 6 6 6 0 0 0 0 1 0 0 1
3 3 uniform 2 0 37 0 0.0001 0.25775061677644395 0.515741804880267 0.025250544938634101 1.1836591551023081 -3.5431378515887921 1.1786090461145813 0 -1.0909075867517277 1.2281125147262288 OK 13 12 0.54825999999999997 0.54603900000000005 0.19021399999999999 0.35764400000000002 0.35516500000000001 0 0.19061599999999995 0.19087400000000004 0.19021399999999999 0.011103 0.011058999999999999 0.010633999999999999 0.14191000000000001 0.14249199999999995 0.14240800000000003 0.004744 0.0049529999999999991 0.0049970000000000006 0.001209 0.0012079999999999999 0.001276 1.2281126952097101 1.2281126952097101 1.2281126952097101 6.4412294048336847e-05 6.4412294048336847e-05 6.4412294048336847e-05 1 1 1 Converged Converged Converged OK OK OK 105 105 105 105 105 105 7 7 7 0 0 0 0 0 1 0 0
3 3 uniform 2 7 37 1 0.0001 0.25775061677644395 0.515741804880267 0.025250544938634101 1.1836591551023081 -3.5431378515887921 1.181683025498415 0 -1.0939815661355614 1.1781440250742932 OK 13 12 0.56150100000000003 0.49222900000000003 0.16027 0.39535900000000002 0.27130500000000002 0 0.16614200000000001 0.22092400000000001 0.16027 0.010066 0.010241 0.0096290000000000004 0.131525 0.18609799999999999 0.12650699999999998 0.0040089999999999995 0.0041630000000000009 0.0040620000000000005 0.00096500000000000004 0.001026 0.0010430000000000001 1.1781438046295603 1.1781438046295603 1.1781438046295603 2.6425529027462518e-05 2.6425529027462518e-05 2.6425529027462518e-05 1 1 1 Converged Converged Converged OK OK OK 97 97 97 97 97 97 7 7 7 0 0 0 0 1 0 0 1
3 3 uniform 2 15 37 2 0.0001 0.25775061677644395 0.515741804880267 0.025250544938634101 1.1836591551023081 -3.5431378515887921 1.185196144794225 0 -1.0974946854313714 1.1457671568713286 OK 13 12 0.50688500000000003 0.44056299999999998 0.15440699999999999 0.35062399999999999 0.233296 0 0.15626100000000004 0.20726699999999998 0.15440699999999999 0.0098490000000000001 0.010155000000000001 0.0092189999999999998 0.12138900000000001 0.17208699999999993 0.12080699999999998 0.0042989999999999999 0.0042429999999999994 0.0041970000000000002 0.00098400000000000007 0.0010559999999999999 0.001021 1.1457673750847244 1.1457673750847244 1.1457673750847244 5.78059507713927e-05 5.78059507713927e-05 5.78059507713927e-05 1 1 1 Converged Converged Converged OK OK OK 90 90 90 90 90 90 6 6 6 0 0 0 0 1 0 0 1
3 3 uniform 2 23 37 3 0.0001 0.25775061677644395 0.515741804880267 0.025250544938634101 1.1836591551023081 -3.5431378515887921 1.188709264090035 0 -1.1010078047271814 1.1265844296491798 OK 13 12 0.50153700000000001 0.43187599999999998 0.13361500000000001 0.36182500000000001 0.24063300000000001 0 0.139712 0.19124299999999997 0.13361500000000001 0.010002 0.010113 0.009299 0.10812799999999999 0.15925599999999995 0.103823 0.0035830000000000002 0.0037209999999999999 0.0034189999999999997 0.00085299999999999992 0.00088900000000000003 0.00083100000000000003 1.1265842626568694 1.1265842626568694 1.1265842626568694 5.2271902749220946e-05 5.2271902749220946e-05 5.2271902749220946e-05 1 1 1 Converged Converged Converged OK OK OK 82 82 82 82 82 82 6 6 6 0 0 0 0 1 0 0 1
3 3 uniform 3 0 38 0 0.001 0.25775061677644395 0.515741804880267 0.025250544938634101 1.1819003160028148 3.5265525137502092 1.1768502070150879 0 -1.0891487476522341 1.1258290096557324 OK 13 12 0.46166400000000002 0.45646999999999999 0.121155 0.34271299999999999 0.33861799999999997 0 0.11895100000000003 0.11785200000000001 0.121155 0.010867 0.010482999999999999 0.010279999999999999 0.085781999999999956 0.085466000000000028 0.089085999999999971 0.0028840000000000003 0.0028219999999999999 0.0027409999999999999 0.00068099999999999996 0.00068800000000000003 0.00070799999999999997 1.1258289097132876 1.1258289097132876 1.1258289097132876 0.00058719216755114575 0.00058719216755114575 0.00058719216755114575 1 1 1 Converged Converged Converged OK OK OK 66 66 66 66 66 66 6 6 6 0 0 0 0 0 1 0 0
3 3 uniform 3 7 38 1 0.001 0.25775061677644395 0.515741804880267 0.025250544938634101 1.1819003160028148 3.5265525137502092 1.1799241863989216 0 -1.0922227270360678 1.1148287807364599 OK 13 12 0.47143800000000002 0.38229200000000002 0.11226700000000001 0.357881 0.23328599999999999 0 0.11355700000000002 0.14900600000000003 0.11226700000000001 0.0096509999999999999 0.0098080000000000007 0.0092040000000000004 0.086229000000000014 0.12166200000000001 0.08583100000000006 0.0027670000000000004 0.0028049999999999998 0.002712 0.00065299999999999993 0.00065200000000000002 0.00061800000000000006 1.1148287722662029 1.1148287722662029 1.1148287722662029 0.00048882356711260557 0.00048882356711260557 0.00048882356711260557 1 1 1 Converged Converged Converged OK OK OK 66 66 66 66 66 66 6 6 6 0 0 0 0 1 0 0 1
3 3 uniform 3 15 38 2 0.001 0.25775061677644395 0.515741804880267 0.025250544938634101 1.1819003160028148 3.5265525137502092 1.1834373056947316 0 -1.0957358463318778 1.1048918031290764 OK 13 12 0.453928 0.37265500000000001 0.108559 0.34018999999999999 0.21992600000000001 0 0.11373800000000001 0.152729 0.108559 0.0097109999999999991 0.0097929999999999996 0.0091280000000000007 0.086249000000000034 0.124483 0.082394000000000023 0.0028650000000000004 0.0033959999999999997 0.0027679999999999996 0.00064199999999999999 0.00064900000000000005 0.00061899999999999998 1.1048917955940742 1.1048917955940742 1.1048917955940742 0.00043394274064847239 0.00043394274064847239 0.00043394274064847239 1 1 1 Converged Converged Converged OK OK OK 66 66 66 66 66 66 6 6 6 0 0 0 0 1 0 0 1
3 3 uniform 3 23 38 3 0.001 0.25775061677644395 0.515741804880267 0.025250544938634101 1.1819003160028148 3.5265525137502092 1.1869504249905416 0 -1.0992489656276878 1.0969231756194917 OK 13 12 0.45077099999999998 0.37093999999999999 0.112842 0.33606900000000001 0.21462999999999999 0 0.11470199999999997 0.15631 0.112842 0.0098790000000000006 0.0097610000000000006 0.0091190000000000004 0.08690100000000002 0.128826 0.086370000000000016 0.0028669999999999998 0.0028860000000000001 0.0027859999999999998 0.00071600000000000006 0.00071300000000000009 0.00072700000000000011 1.0969231649922568 1.0969231649922568 1.0969231649922568 0.00040374044348332952 0.00040374044348332952 0.00040374044348332952 1 1 1 Converged Converged Converged OK OK OK 66 66 66 66 66 66 6 6 6 0 0 0 0 1 0 0 1
3 3 uniform 3 0 38 0 0.0001 0.25775061677644395 0.515741804880267 0.025250544938634101 1.1819003160028148 3.5265525137502092 1.1768502070150879 0 -1.0891487476522341 1.1258290096557324 OK 13 12 0.49745699999999998 0.49363299999999999 0.15071100000000001 0.34597800000000001 0.34248600000000001 0 0.15147899999999997 0.15114699999999998 0.15071100000000001 0.010423 0.010598 0.010434000000000001 0.10986799999999999 0.10980599999999997 0.10939299999999992 0.0041209999999999997 0.0040749999999999996 0.004143 0.00093100000000000008 0.00094199999999999991 0.0009410000000000001 1.1258289131824368 1.1258289131824368 1.1258289131824368 0.00010579934869076346 0.00010579934869076346 0.00010579934869076346 1 1 1 Converged Converged Converged OK OK OK 90 90 90 90 90 90 6 6 6 0 0 0 0 0 1 0 0
3 3 uniform 3 7 38 1 0.0001 0.25775061677644395 0.515741804880267 0.025250544938634101 1.1819003160028148 3.5265525137502092 1.1799241863989216 0 -1.0922227270360678 1.1148287807364599 OK 13 12 0.49532300000000001 0.428786 0.138187 0.35550999999999999 0.23169699999999999 0 0.13981300000000002 0.19708900000000001 0.138187 0.0096729999999999993 0.0097730000000000004 0.0091430000000000001 0.105756 0.16307400000000002 0.10520800000000002 0.0039700000000000004 0.0040340000000000003 0.0039459999999999999 0.00094200000000000002 0.00091500000000000001 0.00087799999999999998 1.114828768424422 1.114828768424422 1.114828768424422 7.0161216152728537e-05 7.0161216152728537e-05 7.0161216152728537e-05 1 1 1 Converged Converged Converged OK OK OK 90 90 90 90 90 90 6 6 6 0 0 0 0 1 0 0 1
3 3 uniform 3 15 38 2 0.0001 0.25775061677644395 0.515741804880267 0.025250544938634101 1.1819003160028148 3.5265525137502092 1.1834373056947316 0 -1.0957358463318778 1.1048918031290764 OK 13 12 0.47359800000000002 0.41452600000000001 0.127054 0.34553499999999998 0.219994 0 0.12806300000000004 0.19453200000000001 0.127054 0.0097120000000000001 0.0099010000000000001 0.0091979999999999996 0.095628000000000005 0.16164199999999998 0.095610000000000001 0.0036370000000000005 0.0038319999999999999 0.0035899999999999999 0.00078100000000000001 0.00079199999999999995 0.00075900000000000013 1.1048917956014046 1.1048917956014046 1.1048917956014046 8.0318702489764316e-05 8.0318702489764316e-05 8.0318702489764316e-05 1 1 1 Converged Converged Converged OK OK OK 82 82 82 82 82 82 6 6 6 0 0 0 0 1 0 0 1
3 3 uniform 3 23 38 3 0.0001 0.25775061677644395 0.515741804880267 0.025250544938634101 1.1819003160028148 3.5265525137502092 1.1869504249905416 0 -1.0992489656276878 1.0969231756194917 OK 13 12 0.47128700000000001 0.41613699999999998 0.13192899999999999 0.33720299999999997 0.21612300000000001 0 0.13408400000000004 0.20001399999999997 0.13192899999999999 0.0098130000000000005 0.0098860000000000007 0.0090760000000000007 0.10146299999999997 0.16716300000000003 0.10062000000000003 0.0036210000000000001 0.0038430000000000001 0.0035489999999999996 0.00085500000000000007 0.00087600000000000004 0.00088000000000000003 1.0969231649995841 1.0969231649995841 1.0969231649995841 5.0117901211986732e-05 5.0117901211986732e-05 5.0117901211986732e-05 1 1 1 Converged Converged Converged OK OK OK 82 82 82 82 82 82 6 6 6 0 0 0 0 1 0 0 1
3 3 uniform 4 0 39 0 0.001 0.25775061677644395 0.515741804880267 0.025250544938634101 1.1806491418462766 -3.5949449477834814 1.1755990328585497 0 -1.0878975734956962 1.0962770981554673 OK 13 12 0.391434 0.38924700000000001 0.074739 0.31529499999999999 0.313776 0 0.076139000000000012 0.07547100000000001 0.074739 0.010215999999999999 0.010047 0.0097479999999999997 0.051463000000000002 0.051494000000000005 0.051278999999999998 0.0019009999999999999 0.0018609999999999998 0.001835 0.00053899999999999998 0.00055199999999999997 0.00053300000000000005 1.0962771717222961 1.0962771717222961 1.0962771717222961 0.00065282545008206992 0.00065282545008206992 0.00065282545008206992 1 1 1 Converged Converged Converged OK OK OK 44 44 44 44 44 44 4 4 4 0 0 0 0 0 1 0 0
3 3 uniform 4 7 39 1 0.001 0.25775061677644395 0.515741804880267 0.025250544938634101 1.1806491418462766 -3.5949449477834814 1.1786730122423834 0 -1.0909715528795298 1.0942311275855212 OK 13 12 0.37664799999999998 0.29378700000000002 0.072301000000000004 0.30478 0.18718499999999999 0 0.071867999999999987 0.10660200000000003 0.072301000000000004 0.0093380000000000008 0.0093629999999999998 0.009129 0.050314999999999999 0.085316999999999962 0.051435999999999982 0.0019059999999999999 0.0018900000000000002 0.0018700000000000001 0.00049100000000000001 0.00049399999999999997 0.00045300000000000001 1.0942313466900218 1.0942313466900218 1.0942313466900218 0.00071851904857456249 0.00071851904857456249 0.00071851904857456249 1 1 1 Converged Converged Converged OK OK OK 44 44 44 44 44 44 4 4 4 0 0 0 0 1 0 0 1
3 3 uniform 4 15 39 2 0.001 0.25775061677644395 0.515741804880267 0.025250544938634101 1.1806491418462766 -3.5949449477834814 1.1821861315381934 0 -1.0944846721753398 1.0917035183279997 OK 13 12 0.37785999999999997 0.29272599999999999 0.071865999999999999 0.30466399999999999 0.18259 0 0.073195999999999983 0.11013599999999998 0.071865999999999999 0.0092829999999999996 0.0094619999999999999 0.0089940000000000003 0.051845000000000009 0.088583999999999996 0.051344000000000008 0.001843 0.0018929999999999999 0.0018259999999999999 0.00044999999999999999 0.00045399999999999998 0.000437 1.0917047132862541 1.0917047132862541 1.0917047132862541 0.00098122453692051819 0.00098122453692051819 0.00098122453692051819 1 1 1 Converged Converged Converged OK OK OK 44 44 44 44 44 44 4 4 4 0 0 0 0 1 0 0 1
3 3 uniform 4 23 39 3 0.001 0.25775061677644395 0.515741804880267 0.025250544938634101 1.1806491418462766 -3.5949449477834814 1.1856992508340034 0 -1.0979977914711498 1.0889948452863443 OK 13 12 0.38446399999999997 0.29955199999999998 0.077941999999999997 0.30457000000000001 0.18552099999999999 0 0.079893999999999965 0.11403099999999999 0.077941999999999997 0.0091190000000000004 0.0090830000000000008 0.0085780000000000006 0.055728000000000014 0.090406999999999987 0.055361 0.0025149999999999999 0.0023820000000000004 0.00216 0.00063000000000000003 0.00061399999999999996 0.00057200000000000003 1.0889948504758387 1.0889948504758387 1.0889948504758387 0.00038696065205839767 0.00038696065205839767 0.00038696065205839767 1 1 1 Converged Converged Converged OK OK OK 52 52 52 52 52 52 4 4 4 0 0 0 0 1 0 0 1
3 3 uniform 4 0 39 0 0.0001 0.25775061677644395 0.515741804880267 0.025250544938634101 1.1806491418462766 -3.5949449477834814 1.1755990328585497 0 -1.0878975734956962 1.0962770981554673 OK 13 12 0.43190000000000001 0.42745 0.11483500000000001 0.316496 0.31296400000000002 0 0.11540400000000001 0.11448599999999998 0.11483500000000001 0.0099959999999999997 0.010108000000000001 0.010047 0.080001000000000003 0.079530999999999963 0.079617999999999953 0.003539 0.0034510000000000001 0.0033920000000000005 0.00099899999999999989 0.00090299999999999994 0.00093000000000000005 1.0962770860716027 1.0962770860716027 1.0962770860716027 1.7275960309042155e-05 1.7275960309042155e-05 1.7275960309042155e-05 1 1 1 Converged Converged Converged OK OK OK 76 76 76 76 76 76 4 4 4 0 0 0 0 0 1 0 0
3 3 uniform 4 7 39 1 0.0001 0.25775061677644395 0.515741804880267 0.025250544938634101 1.1806491418462766 -3.5949449477834814 1.1786730122423834 0 -1.0909715528795298 1.0942311275855212 OK 13 12 0.40288200000000002 0.34446900000000003 0.096586000000000005 0.30499999999999999 0.18532100000000001 0 0.097882000000000025 0.15914800000000001 0.096586000000000005 0.0094129999999999995 0.0095440000000000004 0.0089759999999999996 0.069924000000000014 0.13093399999999999 0.069617000000000012 0.0030529999999999997 0.0030890000000000002 0.0029490000000000002 0.00067499999999999993 0.00072300000000000001 0.00069499999999999998 1.094231121317111 1.094231121317111 1.094231121317111 7.6375083020874693e-05 7.6375083020874693e-05 7.6375083020874693e-05 1 1 1 Converged Converged Converged OK OK OK 68 68 68 68 68 68 4 4 4 0 0 0 0 1 0 0 1
3 3 uniform 4 15 39 2 0.0001 0.25775061677644395 0.515741804880267 0.025250544938634101 1.1806491418462766 -3.5949449477834814 1.1821861315381934 0 -1.0944846721753398 1.0917035183279997 OK 13 12 0.40765200000000001 0.33867599999999998 0.098900000000000002 0.30722300000000002 0.18364800000000001 0 0.10042899999999999 0.15502799999999997 0.098900000000000002 0.0094109999999999992 0.0094140000000000005 0.0089460000000000008 0.072382999999999989 0.12705100000000003 0.07195399999999999 0.0030299999999999997 0.0030109999999999998 0.0029840000000000001 0.00071899999999999991 0.00071699999999999997 0.00069500000000000009 1.0917035071100063 1.0917035071100063 1.0917035071100063 3.6169637687192946e-05 3.6169637687192946e-05 3.6169637687192946e-05 1 1 1 Converged Converged Converged OK OK OK 68 68 68 68 68 68 4 4 4 0 0 0 0 1 0 0 1
3 3 uniform 4 23 39 3 0.0001 0.25775061677644395 0.515741804880267 0.025250544938634101 1.1806491418462766 -3.5949449477834814 1.1856992508340034 0 -1.0979977914711498 1.0889948452863443 OK 13 12 0.40307100000000001 0.33690999999999999 0.094202999999999995 0.30392200000000003 0.18756400000000001 0 0.099148999999999987 0.14934599999999998 0.094202999999999995 0.0091000000000000004 0.0092589999999999999 0.0085330000000000007 0.071390999999999996 0.12139399999999997 0.067556999999999992 0.0029870000000000001 0.0030430000000000001 0.0029419999999999997 0.00075600000000000005 0.00073300000000000004 0.00074899999999999999 1.0889948504831615 1.0889948504831615 1.0889948504831615 3.3421034877154371e-05 3.3421034877154371e-05 3.3421034877154371e-05 1 1 1 Converged Converged Converged OK OK OK 68 68 68 68 68 68 4 4 4 0 0 0 0 1 0 0 1
4 4 linear 0 0 40 0 0.001 2.544013072897132 0.010721912733596711 0.00061425956590787029 0.024617351995774073 2.035776506987119e-05 0.024494500082592498 0.5 0.0024928302771102806 1410.8375122183993 OK 13 14 0.907748 0.88852299999999995 0.31634299999999999 0.57250699999999999 0.56780399999999998 0 0.33524100000000001 0.32071899999999998 0.31634299999999999 0.015055000000000001 0.013705999999999999 0.013287 0.27304300000000004 0.26048300000000008 0.25750699999999993 0.007123 0.0074120000000000011 0.0070999999999999995 0.0010330000000000001 0.0010740000000000001 0.0010369999999999999 1410.8352240004544 1410.8352240004544 1410.8352240004544 1.3332884720816607 1.3332884720816607 1.3332884720816607 1 1 1 Converged Converged Converged OK OK OK 121 121 121 121 121 121 7 7 7 0 0 0 0 0 1 0 0
4 4 linear 0 7 40 1 0.001 2.544013072897132 0.010721912733596711 0.00061425956590787029 0.024617351995774073 2.035776506987119e-05 0.024569279508007372 0.5 0.0024180508516954066 1366.2442979025279 OK 13 14 0.77320699999999998 0.75356699999999999 0.309444 0.45501399999999997 0.310581 0 0.318193 0.44298599999999999 0.309444 0.012867999999999999 0.013011999999999999 0.012167000000000001 0.26786399999999994 0.39197100000000018 0.26097200000000004 0.0069780000000000007 0.0073159999999999996 0.0068220000000000008 0.0010690000000000001 0.0010249999999999999 0.0010059999999999999 1366.2488262240736 1366.2488262240736 1366.2488262240736 1.3338849940599664 1.3338849940599664 1.3338849940599664 1 1 1 Converged Converged Converged OK OK OK 121 121 121 121 121 121 7 7 7 0 0 0 0 1 0 0 1
4 4 linear 0 15 40 2 0.001 2.544013072897132 0.010721912733596711 0.00061425956590787029 0.024617351995774073 2.035776506987119e-05 0.02465474170848151 0.5 0.0023325886512212679 1308.9799442537778 OK 13 14 0.88013300000000005 0.86949200000000004 0.32406200000000002 0.54615599999999997 0.40750700000000001 0 0.33397700000000008 0.46198500000000003 0.32406200000000002 0.012959 0.013013 0.012036 0.27785500000000013 0.40614199999999989 0.26988700000000004 0.0082510000000000014 0.008038 0.0072230000000000003 0.0012850000000000001 0.0011910000000000002 0.0011800000000000001 1308.9581729000367 1308.9581729000367 1308.9581729000367 0.09856539054803802 0.09856539054803802 0.09856539054803802 1 1 1 Converged Converged Converged OK OK OK 129 129 129 129 129 129 7 7 7 0 0 0 0 1 0 0 1
4 4 linear 0 23 40 3 0.001 2.544013072897132 0.010721912733596711 0.00061425956590787029 0.024617351995774073 2.035776506987119e-05 0.024740203908955649 0.5 0.0022471264507471292 1246.4261413689471 OK 13 14 0.94209900000000002 0.93036700000000006 0.321936 0.611012 0.47042099999999998 0 0.33108700000000002 0.45994600000000008 0.321936 0.013145 0.013048000000000001 0.012349000000000001 0.27739499999999984 0.40317000000000003 0.27088299999999998 0.0077530000000000003 0.0073810000000000004 0.007111000000000001 0.001227 0.0012030000000000001 0.0011789999999999999 1246.4112510275327 1246.4112510275327 1246.4112510275327 0.10074827928195715 0.10074827928195715 0.10074827928195715 1 1 1 Converged Converged Converged OK OK OK 129 129 129 129 129 129 7 7 7 0 0 0 0 1 0 0 1
4 4 linear 0 0 40 0 0.0001 2.544013072897132 0.010721912733596711 0.00061425956590787029 0.024617351995774073 2.035776506987119e-05 0.024494500082592498 0.5 0.0024928302771102806 1410.8375122183993 OK 13 14 0.91305099999999995 0.90740399999999999 0.33636899999999997 0.571523 0.56741299999999995 0 0.34152799999999994 0.33999100000000004 0.33636899999999997 0.013558000000000001 0.014151 0.013351 0.27819899999999992 0.27461099999999999 0.27316299999999993 0.0072499999999999995 0.0079360000000000003 0.0075700000000000003 0.0011799999999999998 0.0012040000000000002 0.0012110000000000001 1410.8379257669244 1410.8379257669244 1410.8379257669244 0.096227545772159445 0.096227545772159445 0.096227545772159445 1 1 1 Converged Converged Converged OK OK OK 129 129 129 129 129 129 7 7 7 0 0 0 0 0 1 0 0
4 4 linear 0 7 40 1 0.0001 2.544013072897132 0.010721912733596711 0.00061425956590787029 0.024617351995774073 2.035776506987119e-05 0.024569279508007372 0.5 0.0024180508516954066 1366.2442979025279 OK 13 14 0.78860300000000005 0.79966599999999999 0.32732099999999997 0.45428299999999999 0.31124299999999999 0 0.33432000000000006 0.488423 0.32732099999999997 0.012806 0.012895 0.012066 0.28186800000000006 0.43227300000000013 0.27630799999999978 0.0071590000000000004 0.0085539999999999991 0.0071570000000000002 0.0011699999999999998 0.0017110000000000001 0.0011839999999999999 1366.2515279643724 1366.2515279643724 1366.2515279643724 0.097072408654836226 0.097072408654836226 0.097072408654836226 1 1 1 Converged Converged Converged OK OK OK 129 129 129 129 129 129 7 7 7 0 0 0 0 1 0 0 1
4 4 linear 0 15 40 2 0.0001 2.544013072897132 0.010721912733596711 0.00061425956590787029 0.024617351995774073 2.035776506987119e-05 0.02465474170848151 0.5 0.0023325886512212679 1308.9799442537778 OK 13 14 0.87564900000000001 0.88499499999999998 0.32087100000000002 0.54731700000000005 0.41359200000000002 0 0.32833199999999996 0.47140299999999996 0.32087100000000002 0.012671 0.014135 0.012012999999999999 0.27582799999999991 0.41565199999999991 0.26990099999999989 0.0072560000000000003 0.0075820000000000002 0.0072629999999999995 0.001152 0.0012039999999999998 0.001163 1308.9581729000367 1308.9581729000367 1308.9581729000367 0.09856539054803802 0.09856539054803802 0.09856539054803802 1 1 1 Converged Converged Converged OK OK OK 129 129 129 129 129 129 7 7 7 0 0 0 0 1 0 0 1
4 4 linear 0 23 40 3 0.0001 2.544013072897132 0.010721912733596711 0.00061425956590787029 0.024617351995774073 2.035776506987119e-05 0.024740203908955649 0.5 0.0022471264507471292 1246.4261413689471 OK 13 14 0.94246300000000005 0.93519099999999999 0.32131300000000002 0.61111499999999996 0.47507300000000002 0 0.33134800000000009 0.46011799999999997 0.32131300000000002 0.013218000000000001 0.013122 0.012479000000000001 0.27769500000000014 0.40740200000000015 0.27012300000000006 0.0077130000000000002 0.0072930000000000009 0.0070750000000000006 0.00117 0.001225 0.0011490000000000001 1246.4112510275327 1246.4112510275327 1246.4112510275327 0.10074827928195715 0.10074827928195715 0.10074827928195715 1 1 1 Converged Converged Converged OK OK OK 129 129 129 129 129 129 7 7 7 0 0 0 0 1 0 0 1
4 4 linear 1 0 41 0 0.001 2.544013072897132 0.010721912733596711 0.00061425956590787029 0.02090118838774464 0.001115204510177972 0.020778336474563064 0.5 0.0062089938851397145 570.78124781769179 OK 14 13 0.66948099999999999 0.67072200000000004 0.15346199999999999 0.51052200000000003 0.51596399999999998 0 0.15895899999999996 0.15475800000000006 0.15346199999999999 0.011965999999999999 0.011887999999999999 0.011620999999999999 0.12034399999999995 0.116852 0.116434 0.004411 0.0041140000000000005 0.003967 0.00097100000000000007 0.00093399999999999993 0.0009279999999999999 570.78347362900888 570.78347362900888 570.78347362900888 0.42503592840531312 0.42503592840531312 0.42503592840531312 1 1 1 Converged Converged Converged OK OK OK 83 83 83 83 83 83 5 5 5 0 0 0 0 0 1 0 0
4 4 linear 1 7 41 1 0.001 2.544013072897132 0.010721912733596711 0.00061425956590787029 0.02090118838774464 0.001115204510177972 0.020853115899977938 0.5 0.0061342144597248405 575.96590252763531 OK 14 13 0.66240100000000002 0.68714200000000003 0.14133999999999999 0.51619700000000002 0.372776 0 0.146204 0.31436600000000003 0.14133999999999999 0.010571000000000001 0.010503 0.010168 0.11548500000000002 0.2826800000000001 0.11138300000000001 0.003741 0.0041320000000000003 0.0037010000000000003 0.00099799999999999997 0.00098400000000000007 0.00099599999999999992 575.96746568905621 575.96746568905621 575.96746568905621 0.43941750798454543 0.43941750798454543 0.43941750798454543 1 1 1 Converged Converged Converged OK OK OK 83 83 83 83 83 83 5 5 5 0 0 0 0 1 0 0 1
4 4 linear 1 15 41 2 0.001 2.544013072897132 0.010721912733596711 0.00061425956590787029 0.02090118838774464 0.001115204510177972 0.020938578100452077 0.5 0.0060487522592507018 580.37554042388274 OK 14 13 0.72054700000000005 0.73798399999999997 0.143872 0.57032400000000005 0.43265700000000001 0 0.150223 0.30532699999999996 0.143872 0.011142000000000001 0.011037 0.01047 0.11824900000000001 0.27359900000000004 0.11379499999999998 0.0041240000000000001 0.004006 0.0036830000000000005 0.00091700000000000006 0.00088900000000000014 0.00084699999999999988 580.37695510052163 580.37695510052163 580.37695510052163 0.45584608350669215 0.45584608350669215 0.45584608350669215 1 1 1 Converged Converged Converged OK OK OK 83 83 83 83 83 83 5 5 5 0 0 0 0 1 0 0 1
4 4 linear 1 23 41 3 0.001 2.544013072897132 0.010721912733596711 0.00061425956590787029 0.02090118838774464 0.001115204510177972 0.021024040300926215 0.5 0.005963290058776563 582.93828172992255 OK 14 13 0.72311700000000001 0.73740799999999995 0.14366200000000001 0.57294699999999998 0.433284 0 0.15017000000000003 0.30412399999999995 0.14366200000000001 0.012792 0.012625000000000001 0.012036 0.11601499999999998 0.26996400000000004 0.11154100000000002 0.0040639999999999999 0.0039459999999999999 0.003673 0.00085099999999999998 0.00083500000000000002 0.00080599999999999997 582.93840377802871 582.93840377802871 582.93840377802871 0.47210296546024361 0.47210296546024361 0.47210296546024361 1 1 1 Converged Converged Converged OK OK OK 83 83 83 83 83 83 5 5 5 0 0 0 0 1 0 0 1
4 4 linear 1 0 41 0 0.0001 2.544013072897132 0.010721912733596711 0.00061425956590787029 0.02090118838774464 0.001115204510177972 0.020778336474563064 0.5 0.0062089938851397145 570.78124781769179 OK 14 13 0.75613799999999998 0.74993200000000004 0.23441300000000001 0.51457900000000001 0.50952699999999995 0 0.24155899999999997 0.24040500000000009 0.23441300000000001 0.012149999999999999 0.011841000000000001 0.011611 0.18417 0.18458500000000008 0.17876800000000007 0.007365 0.006685 0.0068690000000000001 0.0013399999999999998 0.0013839999999999998 0.0013600000000000001 570.78370975580413 570.78370975580413 570.78370975580413 0.00089265202349038061 0.00089265202349038061 0.00089265202349038061 1 1 1 Converged Converged Converged OK OK OK 131 131 131 131 131 131 5 5 5 0 0 0 0 0 1 0 0
4 4 linear 1 7 41 1 0.0001 2.544013072897132 0.010721912733596711 0.00061425956590787029 0.02090118838774464 0.001115204510177972 0.020853115899977938 0.5 0.0061342144597248405 575.96590252763531 OK 14 13 0.73720600000000003 0.84123599999999998 0.21734300000000001 0.51547500000000002 0.37005100000000002 0 0.22173100000000001 0.47118499999999996 0.21734300000000001 0.010645 0.010456999999999999 0.010070000000000001 0.17567299999999991 0.42628200000000005 0.17028699999999988 0.0071900000000000002 0.006489 0.0066210000000000001 0.001469 0.001372 0.001456 575.96771114203807 575.96771114203807 575.96771114203807 0.00098302955153282945 0.00098302955153282945 0.00098302955153282945 1 1 1 Converged Converged Converged OK OK OK 131 131 131 131 131 131 5 5 5 0 0 0 0 1 0 0 1
4 4 linear 1 15 41 2 0.0001 2.544013072897132 0.010721912733596711 0.00061425956590787029 0.02090118838774464 0.001115204510177972 0.020938578100452077 0.5 0.0060487522592507018 580.37554042388274 OK 14 13 0.79266499999999995 0.89546700000000001 0.21313699999999999 0.57379899999999995 0.42857699999999999 0 0.218866 0.46689000000000003 0.21313699999999999 0.011046 0.011299999999999999 0.010573000000000001 0.17417100000000005 0.41715699999999978 0.16960999999999998 0.0062850000000000007 0.0068139999999999997 0.0063969999999999999 0.0012469999999999998 0.0013519999999999999 0.0012869999999999999 580.37721671496047 580.37721671496047 580.37721671496047 0.0011598661246235388 0.0011598661246235388 0.0011598661246235388 1 1 1 Converged Converged Converged OK OK OK 131 131 131 131 131 131 5 5 5 0 0 0 0 1 0 0 1
4 4 linear 1 23 41 3 0.0001 2.544013072897132 0.010721912733596711 0.00061425956590787029 0.02090118838774464 0.001115204510177972 0.021024040300926215 0.5 0.005963290058776563 582.93828172992255 OK 14 13 0.79542900000000005 0.90068800000000004 0.21474799999999999 0.57461399999999996 0.43909100000000001 0 0.22081500000000009 0.46159700000000004 0.21474799999999999 0.012669 0.012924 0.012104 0.1736140000000001 0.41243000000000002 0.16872099999999995 0.0064690000000000008 0.0073639999999999999 0.0066800000000000002 0.001242 0.0012949999999999999 0.001219 582.93868917682619 582.93868917682619 582.93868917682619 0.0014642948134317262 0.0014642948134317262 0.0014642948134317262 1 1 1 Converged Converged Converged OK OK OK 131 131 131 131 131 131 5 5 5 0 0 0 0 1 0 0 1
4 4 linear 2 0 42 0 0.001 2.544013072897132 0.010721912733596711 0.00061425956590787029 -2.1593679391110152 -0.00056149458723980404 -2.1594907910241967 0.5 2.1864781213838995 21.54553176799406 OK 16 15 0.98610699999999996 0.97356500000000001 0.35237000000000002 0.62502000000000002 0.61729699999999998 0 0.36108699999999994 0.35626800000000003 0.35237000000000002 0.013579000000000001 0.013467 0.012945 0.30803000000000019 0.30435699999999999 0.3025770000000001 0.0061789999999999996 0.0056419999999999994 0.0050540000000000003 0.0012999999999999999 0.0011490000000000001 0.0011279999999999999 21.5454328551156 21.5454328551156 21.5454328551156 0.015532720537724056 0.015532720537724056 0.015532720537724056 1 1 1 Converged Converged Converged OK OK OK 112 112 112 112 112 112 8 8 8 0 0 0 0 0 1 0 0
4 4 linear 2 7 42 1 0.001 2.544013072897132 0.010721912733596711 0.00061425956590787029 -2.1593679391110152 -0.00056149458723980404 -2.1594160115987817 0.5 2.1864033419584845 21.603905197430727 OK 16 15 0.94978899999999999 0.839503 0.32777699999999999 0.60802199999999995 0.47733500000000001 0 0.34176700000000004 0.36216799999999999 0.32777699999999999 0.011953999999999999 0.013343000000000001 0.011247 0.29974699999999999 0.31903900000000007 0.288221 0.0061969999999999994 0.0054999999999999997 0.0054099999999999999 0.001108 0.0011350000000000002 0.0010759999999999999 21.603951417147105 21.603951417147105 21.603951417147105 0.016856282886379886 0.016856282886379886 0.016856282886379886 1 1 1 Converged Converged Converged OK OK OK 112 112 112 112 112 112 8 8 8 0 0 0 0 1 0 0 1
4 4 linear 2 15 42 2 0.001 2.544013072897132 0.010721912733596711 0.00061425956590787029 -2.1593679391110152 -0.00056149458723980404 -2.1593305493983079 0.5 2.1863178797580107 21.608901847843526 OK 16 15 1.0441400000000001 0.90864299999999998 0.37702599999999997 0.64963099999999996 0.51293299999999997 0 0.39450900000000011 0.39571000000000001 0.37702599999999997 0.012475999999999999 0.012532 0.011505 0.34861199999999998 0.35017800000000032 0.33437599999999995 0.0064340000000000005 0.0062900000000000005 0.0055720000000000006 0.0012530000000000002 0.001353 0.001199 21.608783546860188 21.608783546860188 21.608783546860188 0.006935976629436829 0.006935976629436829 0.006935976629436829 1 1 1 Converged Converged Converged OK OK OK 120 120 120 120 120 120 8 8 8 0 0 0 0 1 0 0 1
4 4 linear 2 23 42 3 0.001 2.544013072897132 0.010721912733596711 0.00061425956590787029 -2.1593679391110152 -0.00056149458723980404 -2.1592450871978337 0.5 2.1862324175575365 21.460410053293099 OK 16 15 0.94576899999999997 0.81925099999999995 0.30694399999999999 0.63485400000000003 0.50099400000000005 0 0.31091499999999994 0.3182569999999999 0.30694399999999999 0.012012 0.01214 0.011157 0.27106500000000017 0.27706900000000001 0.26899300000000009 0.0053220000000000003 0.0058720000000000005 0.0047470000000000004 0.001155 0.0011539999999999999 0.0011310000000000001 21.460337777587114 21.460337777587114 21.460337777587114 0.014137710874762031 0.014137710874762031 0.014137710874762031 1 1 1 Converged Converged Converged OK OK OK 104 104 104 104 104 104 8 8 8 0 0 0 0 1 0 0 1
4 4 linear 2 0 42 0 0.0001 2.544013072897132 0.010721912733596711 0.00061425956590787029 -2.1593679391110152 -0.00056149458723980404 -2.1594907910241967 0.5 2.1864781213838995 21.54553176799406 OK 16 15 1.087496 1.0621609999999999 0.43978099999999998 0.63509899999999997 0.61823600000000001 0 0.45239700000000005 0.4439249999999999 0.43978099999999998 0.013277000000000001 0.01325 0.013025 0.38923999999999981 0.38117499999999993 0.37734300000000004 0.0065310000000000003 0.0063440000000000015 0.0068319999999999987 0.0016179999999999999 0.001523 0.0017210000000000003 21.545378345476706 21.545378345476706 21.545378345476706 0.0020690908180183917 0.0020690908180183917 0.0020690908180183917 1 1 1 Converged Converged Converged OK OK OK 136 136 136 136 136 136 8 8 8 0 0 0 0 0 1 0 0
4 4 linear 2 7 42 1 0.0001 2.544013072897132 0.010721912733596711 0.00061425956590787029 -2.1593679391110152 -0.00056149458723980404 -2.1594160115987817 0.5 2.1864033419584845 21.603905197430727 OK 16 15 1.0124839999999999 0.90338399999999996 0.39734599999999998 0.60440700000000003 0.46941699999999997 0 0.40807699999999991 0.43396699999999999 0.39734599999999998 0.012014 0.011715 0.011188999999999999 0.35599999999999987 0.38213300000000011 0.34657199999999994 0.0069710000000000015 0.0071050000000000002 0.0071459999999999996 0.001518 0.0015210000000000002 0.0015950000000000001 21.60388554868522 21.60388554868522 21.60388554868522 0.0012945558744169902 0.0012945558744169902 0.0012945558744169902 1 1 1 Converged Converged Converged OK OK OK 144 144 144 144 144 144 8 8 8 0 0 0 0 1 0 0 1
4 4 linear 2 15 42 2 0.0001 2.544013072897132 0.010721912733596711 0.00061425956590787029 -2.1593679391110152 -0.00056149458723980404 -2.1593305493983079 0.5 2.1863178797580107 21.608901847843526 OK 16 15 1.1212070000000001 0.98646400000000001 0.464756 0.64970300000000003 0.505216 0 0.47150400000000003 0.48124800000000001 0.464756 0.012441000000000001 0.012314 0.011472 0.42193999999999998 0.4319150000000001 0.41682000000000008 0.007193999999999999 0.0073730000000000002 0.007170000000000001 0.0015190000000000002 0.0016659999999999999 0.001588 21.60879704168886 21.60879704168886 21.60879704168886 0.0016748191936691646 0.0016748191936691646 0.0016748191936691646 1 1 1 Converged Converged Converged OK OK OK 144 144 144 144 144 144 8 8 8 0 0 0 0 1 0 0 1
4 4 linear 2 23 42 3 0.0001 2.544013072897132 0.010721912733596711 0.00061425956590787029 -2.1593679391110152 -0.00056149458723980404 -2.1592450871978337 0.5 2.1862324175575365 21.460410053293099 OK 16 15 1.077267 0.95374400000000004 0.43543399999999999 0.63426700000000003 0.50255499999999997 0 0.44299999999999995 0.45118900000000006 0.43543399999999999 0.011799 0.012156 0.012395 0.39499000000000006 0.4020510000000001 0.38688 0.0067540000000000013 0.0076890000000000005 0.0068520000000000005 0.001596 0.0015120000000000001 0.001555 21.460395222158656 21.460395222158656 21.460395222158656 0.0012218493400113794 0.0012218493400113794 0.0012218493400113794 1 1 1 Converged Converged Converged OK OK OK 144 144 144 144 144 144 8 8 8 0 0 0 0 1 0 0 1
4 4 linear 3 0 43 0 0.001 2.544013072897132 0.010721912733596711 0.00061425956590787029 -2.1267489880773947 -0.025987646168489538 -2.1268718399905762 0.5 2.153859170350279 4.7493134462218087 OK 13 12 0.477128 0.47518100000000002 0.117872 0.35630400000000001 0.35566700000000001 0 0.12082399999999999 0.11951400000000001 0.117872 0.0090340000000000004 0.0090170000000000007 0.0085310000000000004 0.089738000000000012 0.088322000000000012 0.087909000000000001 0.0031520000000000003 0.0035010000000000002 0.0031270000000000004 0.0007310000000000001 0.00068099999999999996 0.00065299999999999993 4.7493106634828992 4.7493106634828992 4.7493106634828992 0.0022668159158696077 0.0022668159158696077 0.0022668159158696077 1 1 1 Converged Converged Converged OK OK OK 61 61 61 61 61 61 3 3 3 0 0 0 0 0 1 0 0
4 4 linear 3 7 43 1 0.001 2.544013072897132 0.010721912733596711 0.00061425956590787029 -2.1267489880773947 -0.025987646168489538 -2.1267970605651612 0.5 2.153784390924864 4.6851238536446695 OK 13 12 0.450293 0.37148100000000001 0.115977 0.335559 0.21104600000000001 0 0.114734 0.16043499999999999 0.115977 0.0081840000000000003 0.0082260000000000007 0.0077120000000000001 0.087436000000000014 0.13290700000000003 0.089624999999999996 0.0031610000000000002 0.0034099999999999998 0.0031199999999999999 0.00067900000000000002 0.00069300000000000004 0.00066200000000000005 4.6851211014841123 4.6851211014841123 4.6851211014841123 0.0022666636545394998 0.0022666636545394998 0.0022666636545394998 1 1 1 Converged Converged Converged OK OK OK 61 61 61 61 61 61 3 3 3 0 0 0 0 1 0 0 1
4 4 linear 3 15 43 2 0.001 2.544013072897132 0.010721912733596711 0.00061425956590787029 -2.1267489880773947 -0.025987646168489538 -2.1267115983646874 0.5 2.1536989287243902 4.6155532388334937 OK 13 12 0.45232800000000001 0.363931 0.114993 0.33687 0.20918999999999999 0 0.11545800000000001 0.15474100000000002 0.114993 0.0082410000000000001 0.0083049999999999999 0.0089020000000000002 0.088124999999999967 0.12722999999999995 0.087571000000000052 0.0031359999999999995 0.0033599999999999993 0.0031129999999999999 0.00066700000000000006 0.00067699999999999998 0.00066299999999999996 4.6155505509805606 4.6155505509805606 4.6155505509805606 0.002266492609223552 0.002266492609223552 0.002266492609223552 1 1 1 Converged Converged Converged OK OK OK 61 61 61 61 61 61 3 3 3 0 0 0 0 1 0 0 1
4 4 linear 3 23 43 3 0.001 2.544013072897132 0.010721912733596711 0.00061425956590787029 -2.1267489880773947 -0.025987646168489538 -2.1266261361642131 0.5 2.1536134665239159 4.5496804498300474 OK 13 12 0.49196899999999999 0.37763400000000003 0.113582 0.37468800000000002 0.231157 0 0.11728099999999997 0.14647700000000002 0.113582 0.0083099999999999997 0.0083219999999999995 0.0076769999999999998 0.089883999999999978 0.11910999999999999 0.087571000000000024 0.0031430000000000004 0.0032349999999999996 0.0030889999999999997 0.000696 0.0006730000000000001 0.00065400000000000007 4.5496778749364095 4.5496778749364095 4.5496778749364095 0.0022663247146053203 0.0022663247146053203 0.0022663247146053203 1 1 1 Converged Converged Converged OK OK OK 61 61 61 61 61 61 3 3 3 0 0 0 0 1 0 0 1
4 4 linear 3 0 43 0 0.0001 2.544013072897132 0.010721912733596711 0.00061425956590787029 -2.1267489880773947 -0.025987646168489538 -2.1268718399905762 0.5 2.153859170350279 4.7493134462218087 OK 13 12 0.50708900000000001 0.50000299999999998 0.14207800000000001 0.355601 0.35741499999999998 0 0.15148800000000001 0.14258799999999999 0.14207800000000001 0.0090279999999999996 0.0089320000000000007 0.0087309999999999992 0.114511 0.10607099999999997 0.10582299999999999 0.0041209999999999997 0.0039260000000000007 0.0039290000000000002 0.00079500000000000013 0.00077899999999999996 0.00076300000000000001 4.7493106646255177 4.7493106646255177 4.7493106646255177 4.0696436640111164e-05 4.0696436640111164e-05 4.0696436640111164e-05 1 1 1 Converged Converged Converged OK OK OK 77 77 77 77 77 77 3 3 3 0 0 0 0 0 1 0 0
4 4 linear 3 7 43 1 0.0001 2.544013072897132 0.010721912733596711 0.00061425956590787029 -2.1267489880773947 -0.025987646168489538 -2.1267970605651612 0.5 2.153784390924864 4.6851238536446695 OK 13 12 0.47048899999999999 0.40590300000000001 0.138576 0.332206 0.21070700000000001 0 0.13828299999999999 0.19519600000000001 0.138576 0.0082590000000000007 0.0081250000000000003 0.0077679999999999997 0.10576400000000001 0.16306800000000005 0.10317499999999999 0.0040949999999999997 0.004091 0.0040439999999999999 0.00078400000000000008 0.00077800000000000005 0.00077099999999999998 4.6851211026266553 4.6851211026266553 4.6851211026266553 4.0700606290791247e-05 4.0700606290791247e-05 4.0700606290791247e-05 1 1 1 Converged Converged Converged OK OK OK 77 77 77 77 77 77 3 3 3 0 0 0 0 1 0 0 1
4 4 linear 3 15 43 2 0.0001 2.544013072897132 0.010721912733596711 0.00061425956590787029 -2.1267489880773947 -0.025987646168489538 -2.1267115983646874 0.5 2.1536989287243902 4.6155532388334937 OK 13 12 0.47910999999999998 0.40046700000000002 0.134552 0.34084900000000001 0.211284 0 0.13826099999999997 0.18918300000000002 0.134552 0.008149 0.0082410000000000001 0.0076909999999999999 0.10608700000000003 0.15722700000000006 0.10350699999999999 0.0040759999999999998 0.0041029999999999999 0.004045 0.00077000000000000007 0.00076300000000000001 0.00075400000000000011 4.6155505521230511 4.6155505521230511 4.6155505521230511 4.0705412118952589e-05 4.0705412118952589e-05 4.0705412118952589e-05 1 1 1 Converged Converged Converged OK OK OK 77 77 77 77 77 77 3 3 3 0 0 0 0 1 0 0 1
4 4 linear 3 23 43 3 0.0001 2.544013072897132 0.010721912733596711 0.00061425956590787029 -2.1267489880773947 -0.025987646168489538 -2.1266261361642131 0.5 2.1536134665239159 4.5496804498300474 OK 13 12 0.51463400000000004 0.41192000000000001 0.13487099999999999 0.37553900000000001 0.22960700000000001 0 0.13909500000000002 0.182313 0.13487099999999999 0.0082570000000000005 0.0082480000000000001 0.0077000000000000002 0.10688500000000005 0.15007599999999996 0.10393000000000006 0.0040689999999999997 0.0041120000000000002 0.0040109999999999998 0.00076199999999999987 0.00075699999999999997 0.00074599999999999992 4.5496778760787651 4.5496778760787651 4.5496778760787651 4.0710247450451122e-05 4.0710247450451122e-05 4.0710247450451122e-05 1 1 1 Converged Converged Converged OK OK OK 77 77 77 77 77 77 3 3 3 0 0 0 0 1 0 0 1
4 4 linear 4 0 44 0 0.001 2.544013072897132 0.010721912733596711 0.00061425956590787029 -2.1298463740499725 -0.027777152321689088 -2.129969225963154 0.5 2.1569565563228568 5.6414439414388724 OK 13 12 0.55686999999999998 0.55191299999999999 0.12245399999999999 0.43604900000000002 0.43314900000000001 0 0.12082099999999996 0.11876399999999998 0.12245399999999999 0.0090469999999999995 0.0090170000000000007 0.0098320000000000005 0.089131999999999975 0.087819000000000022 0.090605000000000005 0.0032709999999999996 0.0031910000000000003 0.0032160000000000001 0.00072300000000000001 0.00071600000000000006 0.00072600000000000008 5.6414406049064949 5.6414406049064949 5.6414406049064949 0.002241373278879643 0.002241373278879643 0.002241373278879643 1 1 1 Converged Converged Converged OK OK OK 61 61 61 61 61 61 3 3 3 0 0 0 0 0 1 0 0
4 4 linear 4 7 44 1 0.001 2.544013072897132 0.010721912733596711 0.00061425956590787029 -2.1298463740499725 -0.027777152321689088 -2.129894446537739 0.5 2.1568817768974418 5.7775490581824158 OK 13 12 0.49959900000000002 0.38822299999999998 0.095316999999999999 0.40087400000000001 0.25971499999999997 0 0.098725000000000007 0.12850800000000001 0.095316999999999999 0.0083009999999999994 0.0083619999999999996 0.0076839999999999999 0.073192999999999994 0.10370300000000005 0.071498000000000006 0.0032529999999999998 0.0027229999999999997 0.0027959999999999999 0.00058200000000000005 0.00055099999999999995 0.000531 5.7775253654549621 5.7775253654549621 5.7775253654549621 0.0056662542145999462 0.0056662542145999462 0.0056662542145999462 1 1 1 Converged Converged Converged OK OK OK 53 53 53 53 53 53 3 3 3 0 0 0 0 1 0 0 1
4 4 linear 4 15 44 2 0.001 2.544013072897132 0.010721912733596711 0.00061425956590787029 -2.1298463740499725 -0.027777152321689088 -2.1298089843372652 0.5 2.156796314696968 5.9481770249813382 OK 13 12 0.57159300000000002 0.50254799999999999 0.097372 0.46823799999999999 0.36901099999999998 0 0.10335500000000003 0.13353700000000002 0.097372 0.0081740000000000007 0.0081700000000000002 0.0076429999999999996 0.07820100000000002 0.10860900000000005 0.073658999999999974 0.0029389999999999998 0.0028580000000000003 0.0027209999999999999 0.00056099999999999998 0.00056100000000000008 0.00052700000000000002 5.9481532707216491 5.9481532707216491 5.9481532707216491 0.0056664050912434167 0.0056664050912434167 0.0056664050912434167 1 1 1 Converged Converged Converged OK OK OK 53 53 53 53 53 53 3 3 3 0 0 0 0 1 0 0 1
4 4 linear 4 23 44 3 0.001 2.544013072897132 0.010721912733596711 0.00061425956590787029 -2.1298463740499725 -0.027777152321689088 -2.1297235221367909 0.5 2.1567108524964937 6.1378132779647698 OK 13 12 0.60167800000000005 0.48176099999999999 0.093969999999999998 0.50528799999999996 0.35370099999999999 0 0.096390000000000087 0.12806000000000001 0.093969999999999998 0.0081930000000000006 0.0082229999999999994 0.0077479999999999997 0.071542999999999995 0.10301300000000002 0.070348999999999995 0.0027599999999999999 0.0030000000000000001 0.0026930000000000001 0.00054299999999999997 0.00054200000000000006 0.00052999999999999998 6.1377894174792749 6.1377894174792749 6.1377894174792749 0.0056665596319942927 0.0056665596319942927 0.0056665596319942927 1 1 1 Converged Converged Converged OK OK OK 53 53 53 53 53 53 3 3 3 0 0 0 0 1 0 0 1
4 4 linear 4 0 44 0 0.0001 2.544013072897132 0.010721912733596711 0.00061425956590787029 -2.1298463740499725 -0.027777152321689088 -2.129969225963154 0.5 2.1569565563228568 5.6414439414388724 OK 13 12 0.58203199999999999 0.57725700000000002 0.142487 0.43633 0.43352000000000002 0 0.145702 0.143737 0.142487 0.0090410000000000004 0.0089870000000000002 0.0085929999999999999 0.10890700000000003 0.107195 0.10649899999999997 0.0040360000000000005 0.003986 0.004006 0.00080600000000000008 0.00077700000000000002 0.00076000000000000004 5.6414406060413951 5.6414406060413951 5.6414406060413951 4.0526175196348847e-05 4.0526175196348847e-05 4.0526175196348847e-05 1 1 1 Converged Converged Converged OK OK OK 77 77 77 77 77 77 3 3 3 0 0 0 0 0 1 0 0
4 4 linear 4 7 44 1 0.0001 2.544013072897132 0.010721912733596711 0.00061425956590787029 -2.1298463740499725 -0.027777152321689088 -2.129894446537739 0.5 2.1568817768974418 5.7775490581824158 OK 13 12 0.532914 0.44458799999999998 0.133821 0.39568500000000001 0.26327299999999998 0 0.13722899999999999 0.181315 0.133821 0.008234 0.0083059999999999991 0.0077549999999999997 0.10505099999999999 0.14878399999999994 0.10265300000000001 0.0040420000000000005 0.0042260000000000006 0.004071 0.00078100000000000001 0.00076799999999999991 0.00075299999999999998 5.7775456230008126 5.7775456230008126 5.7775456230008126 4.0532680112481419e-05 4.0532680112481419e-05 4.0532680112481419e-05 1 1 1 Converged Converged Converged OK OK OK 77 77 77 77 77 77 3 3 3 0 0 0 0 1 0 0 1
4 4 linear 4 15 44 2 0.0001 2.544013072897132 0.010721912733596711 0.00061425956590787029 -2.1298463740499725 -0.027777152321689088 -2.1298089843372652 0.5 2.156796314696968 5.9481770249813382 OK 13 12 0.61045899999999997 0.55236499999999999 0.13588900000000001 0.47152500000000003 0.36915999999999999 0 0.13893399999999995 0.18320500000000001 0.13588900000000001 0.0083009999999999994 0.008234 0.0076410000000000002 0.10666800000000005 0.15072399999999997 0.10477699999999997 0.0040769999999999999 0.004084 0.0040280000000000003 0.00078200000000000003 0.00077500000000000008 0.00075600000000000005 5.9481735306851924 5.9481735306851924 5.9481735306851924 4.0540760493038628e-05 4.0540760493038628e-05 4.0540760493038628e-05 1 1 1 Converged Converged Converged OK OK OK 77 77 77 77 77 77 3 3 3 0 0 0 0 1 0 0 1
4 4 linear 4 23 44 3 0.0001 2.544013072897132 0.010721912733596711 0.00061425956590787029 -2.1298463740499725 -0.027777152321689088 -2.1297235221367909 0.5 2.1567108524964937 6.1378132779647698 OK 13 12 0.64195800000000003 0.54475399999999996 0.13225799999999999 0.506579 0.35631099999999999 0 0.13537900000000003 0.18844299999999997 0.13225799999999999 0.0082450000000000006 0.0082369999999999995 0.0076540000000000002 0.10333100000000001 0.15626599999999999 0.10147000000000002 0.0039680000000000002 0.0041660000000000004 0.004006 0.00077800000000000005 0.00076999999999999996 0.00074799999999999997 6.1378096798608226 6.1378096798608226 6.1378096798608226 4.0549690057949327e-05 4.0549690057949327e-05 4.0549690057949327e-05 1 1 1 Converged Converged Converged OK OK OK 77 77 77 77 77 77 3 3 3 0 0 0 0 1 0 0 1
4 4 uniform 0 0 45 0 0.001 2.544013072897132 0.010721912733596711 0.00061425956590787029 0.024617351995774073 2.035776506987119e-05 0.024494500082592498 0 0.0024928302771102806 1345.3071782185129 OK 13 14 0.82289599999999996 0.82341799999999998 0.25050699999999998 0.56928000000000001 0.56479100000000004 0 0.25361599999999995 0.25862699999999994 0.25050699999999998 0.014102 0.013729 0.013193 0.19259599999999993 0.19775099999999995 0.19206999999999994 0.0069579999999999998 0.0077670000000000005 0.0068459999999999997 0.001059 0.001052 0.00099500000000000001 1345.3069910992315 1345.3069910992315 1345.3069910992315 1.0080780076358076 1.0080780076358076 1.0080780076358076 1 1 1 Converged Converged Converged OK OK OK 121 121 121 121 121 121 7 7 7 0 0 0 0 0 1 0 0
4 4 uniform 0 7 45 1 0.001 2.544013072897132 0.010721912733596711 0.00061425956590787029 0.024617351995774073 2.035776506987119e-05 0.024569279508007372 0 0.0024180508516954066 1303.2936209863133 OK 13 14 0.70161099999999998 0.68389900000000003 0.242782 0.45522699999999999 0.30978899999999998 0 0.24638399999999999 0.37411000000000005 0.242782 0.012933 0.012985 0.011998999999999999 0.19651199999999991 0.32290999999999997 0.19461599999999993 0.0066589999999999991 0.0073529999999999993 0.0066319999999999999 0.00096400000000000001 0.0010350000000000001 0.00097599999999999987 1303.2934238844396 1303.2934238844396 1303.2934238844396 1.0114422453149556 1.0114422453149556 1.0114422453149556 1 1 1 Converged Converged Converged OK OK OK 121 121 121 121 121 121 7 7 7 0 0 0 0 1 0 0 1
4 4 uniform 0 15 45 2 0.001 2.544013072897132 0.010721912733596711 0.00061425956590787029 0.024617351995774073 2.035776506987119e-05 0.02465474170848151 0 0.0023325886512212679 1250.5662237252786 OK 13 14 0.787601 0.77898500000000004 0.236091 0.546871 0.41070200000000001 0 0.24073 0.36828300000000003 0.236091 0.012838 0.012841999999999999 0.012123999999999999 0.19088699999999992 0.31828400000000001 0.18802100000000013 0.0065970000000000004 0.0070759999999999998 0.0064839999999999993 0.001016 0.0010539999999999998 0.00096000000000000002 1250.5660729010162 1250.5660729010162 1250.5660729010162 1.0162599848004907 1.0162599848004907 1.0162599848004907 1 1 1 Converged Converged Converged OK OK OK 121 121 121 121 121 121 7 7 7 0 0 0 0 1 0 0 1
4 4 uniform 0 23 45 3 0.001 2.544013072897132 0.010721912733596711 0.00061425956590787029 0.024617351995774073 2.035776506987119e-05 0.024740203908955649 0 0.0022471264507471292 1193.8120252778369 OK 13 14 0.85130300000000003 0.84257800000000005 0.23697099999999999 0.60784700000000003 0.47136499999999998 0 0.24345600000000001 0.37121300000000007 0.23697099999999999 0.013181 0.013233 0.012307 0.19341300000000003 0.32045800000000002 0.18894099999999997 0.0066950000000000004 0.0071809999999999999 0.0065539999999999999 0.001013 0.00098899999999999986 0.00094499999999999998 1193.8119182190669 1193.8119182190669 1193.8119182190669 1.0222139778445556 1.0222139778445556 1.0222139778445556 1 1 1 Converged Converged Converged OK OK OK 121 121 121 121 121 121 7 7 7 0 0 0 0 1 0 0 1
4 4 uniform 0 0 45 0 0.0001 2.544013072897132 0.010721912733596711 0.00061425956590787029 0.024617351995774073 2.035776506987119e-05 0.024494500082592498 0 0.0024928302771102806 1345.3071782185129 OK 13 14 0.83745800000000004 0.82993499999999998 0.26485500000000001 0.57164000000000004 0.56423599999999996 0 0.265818 0.26569900000000002 0.26485500000000001 0.013934 0.013906 0.013287 0.19827200000000003 0.20176699999999995 0.19993300000000006 0.006979 0.0070749999999999997 0.0075480000000000009 0.001191 0.0011559999999999999 0.0012330000000000002 1345.3073000116024 1345.3073000116024 1345.3073000116024 0.067265623714935593 0.067265623714935593 0.067265623714935593 1 1 1 Converged Converged Converged OK OK OK 129 129 129 129 129 129 7 7 7 0 0 0 0 0 1 0 0
4 4 uniform 0 7 45 1 0.0001 2.544013072897132 0.010721912733596711 0.00061425956590787029 0.024617351995774073 2.035776506987119e-05 0.024569279508007372 0 0.0024180508516954066 1303.2936209863133 OK 13 14 0.71029399999999998 0.69588499999999998 0.25503199999999998 0.453515 0.31036999999999998 0 0.25677899999999998 0.385515 0.25503199999999998 0.012806 0.012888999999999999 0.012024999999999999 0.20414100000000002 0.33321699999999999 0.201463 0.0072069999999999999 0.0069980000000000007 0.0068839999999999995 0.0011580000000000002 0.001111 0.0010920000000000001 1303.2937327868206 1303.2937327868206 1303.2937327868206 0.070970358214717033 0.070970358214717033 0.070970358214717033 1 1 1 Converged Converged Converged OK OK OK 129 129 129 129 129 129 7 7 7 0 0 0 0 1 0 0 1
4 4 uniform 0 15 45 2 0.0001 2.544013072897132 0.010721912733596711 0.00061425956590787029 0.024617351995774073 2.035776506987119e-05 0.02465474170848151 0 0.0023325886512212679 1250.5662237252786 OK 13 14 0.79485099999999997 0.78989900000000002 0.245667 0.54242699999999999 0.40804000000000001 0 0.25242399999999998 0.381859 0.245667 0.012671 0.012781000000000001 0.011989 0.20014899999999994 0.32998300000000003 0.19517599999999993 0.0071490000000000008 0.0070020000000000004 0.0068500000000000002 0.0011769999999999999 0.0011669999999999999 0.001111 1250.5663817947307 1250.5663817947307 1250.5663817947307 0.076179780282791695 0.076179780282791695 0.076179780282791695 1 1 1 Converged Converged Converged OK OK OK 129 129 129 129 129 129 7 7 7 0 0 0 0 1 0 0 1
4 4 uniform 0 23 45 3 0.0001 2.544013072897132 0.010721912733596711 0.00061425956590787029 0.024617351995774073 2.035776506987119e-05 0.024740203908955649 0 0.0022471264507471292 1193.8120252778369 OK 13 14 0.85940000000000005 0.85445700000000002 0.246611 0.61108700000000005 0.47381200000000001 0 0.24831300000000001 0.38064500000000001 0.246611 0.013030999999999999 0.013047 0.012309 0.1963100000000001 0.32815700000000003 0.19590699999999994 0.0071189999999999995 0.0071609999999999998 0.0069239999999999996 0.0011150000000000001 0.001142 0.0011109999999999998 1193.81222710714 1193.81222710714 1193.81222710714 0.082528154345072449 0.082528154345072449 0.082528154345072449 1 1 1 Converged Converged Converged OK OK OK 129 129 129 129 129 129 7 7 7 0 0 0 0 1 0 0 1
4 4 uniform 1 0 46 0 0.001 2.544013072897132 0.010721912733596711 0.00061425956590787029 0.02090118838774464 0.001115204510177972 0.020778336474563064 0 0.0062089938851397145 563.10928605571485 OK 14 13 0.62910900000000003 0.63166599999999995 0.11587799999999999 0.511938 0.50959100000000002 0 0.11717100000000003 0.12207499999999993 0.11587799999999999 0.011991 0.012288 0.011631000000000001 0.083675999999999987 0.087903999999999941 0.083215999999999957 0.0028850000000000004 0.0029379999999999996 0.0028400000000000005 0.00077800000000000005 0.00082900000000000009 0.00077999999999999999 563.10888610001086 563.10888610001086 563.10888610001086 0.43901555064718273 0.43901555064718273 0.43901555064718273 1 1 1 Converged Converged Converged OK OK OK 67 67 67 67 67 67 5 5 5 0 0 0 0 0 1 0 0
4 4 uniform 1 7 46 1 0.001 2.544013072897132 0.010721912733596711 0.00061425956590787029 0.02090118838774464 0.001115204510177972 0.020853115899977938 0 0.0061342144597248405 569.91575298383759 OK 14 13 0.61761999999999995 0.60139200000000004 0.104809 0.50802099999999994 0.37066100000000002 0 0.109599 0.23073100000000002 0.104809 0.010423999999999999 0.010578000000000001 0.010007 0.078857999999999998 0.20255499999999993 0.07861700000000002 0.0027559999999999998 0.0028809999999999999 0.0026870000000000002 0.00081700000000000002 0.00086600000000000002 0.00079900000000000001 569.91535327995848 569.91535327995848 569.91535327995848 0.47736512284779331 0.47736512284779331 0.47736512284779331 1 1 1 Converged Converged Converged OK OK OK 67 67 67 67 67 67 5 5 5 0 0 0 0 1 0 0 1
4 4 uniform 1 15 46 2 0.001 2.544013072897132 0.010721912733596711 0.00061425956590787029 0.02090118838774464 0.001115204510177972 0.020938578100452077 0 0.0060487522592507018 576.54975645033346 OK 14 13 0.67707799999999996 0.65472300000000005 0.113563 0.56635199999999997 0.43407800000000002 0 0.11072599999999999 0.22064500000000004 0.113563 0.011185 0.011094 0.011719 0.082501000000000005 0.19247100000000003 0.084170000000000036 0.0026519999999999998 0.0027060000000000001 0.0027980000000000001 0.00077500000000000008 0.00078800000000000007 0.00077700000000000002 576.54936753739116 576.54936753739116 576.54936753739116 0.53855738770756156 0.53855738770756156 0.53855738770756156 1 1 1 Converged Converged Converged OK OK OK 67 67 67 67 67 67 5 5 5 0 0 0 0 1 0 0 1
4 4 uniform 1 23 46 3 0.001 2.544013072897132 0.010721912733596711 0.00061425956590787029 0.02090118838774464 0.001115204510177972 0.021024040300926215 0 0.005963290058776563 581.69093006910089 OK 14 13 0.70159099999999996 0.72129299999999996 0.12692899999999999 0.57234799999999997 0.434446 0 0.129243 0.28684699999999996 0.12692899999999999 0.012619999999999999 0.012844 0.012016000000000001 0.094106999999999996 0.25118799999999997 0.093601000000000004 0.0041279999999999997 0.0040790000000000002 0.003614 0.000919 0.00090400000000000007 0.00089600000000000009 581.69047122149288 581.69047122149288 581.69047122149288 0.24956469736414513 0.24956469736414513 0.24956469736414513 1 1 1 Converged Converged Converged OK OK OK 83 83 83 83 83 83 5 5 5 0 0 0 0 1 0 0 1
4 4 uniform 1 0 46 0 0.0001 2.544013072897132 0.010721912733596711 0.00061425956590787029 0.02090118838774464 0.001115204510177972 0.020778336474563064 0 0.0062089938851397145 563.10928605571485 OK 14 13 0.69052899999999995 0.68690600000000002 0.177588 0.51213500000000001 0.51180599999999998 0 0.17839399999999994 0.17510000000000003 0.177588 0.011879000000000001 0.01218 0.011488 0.129855 0.12653599999999995 0.12622599999999998 0.0053120000000000007 0.0052620000000000002 0.0052090000000000001 0.0011059999999999998 0.0011299999999999999 0.005071 563.10928094978124 563.10928094978124 563.10928094978124 0.030338203787276408 0.030338203787276408 0.030338203787276408 1 1 1 Converged Converged Converged OK OK OK 115 115 115 115 115 115 5 5 5 0 0 0 0 0 1 0 0
4 4 uniform 1 7 46 1 0.0001 2.544013072897132 0.010721912733596711 0.00061425956590787029 0.02090118838774464 0.001115204510177972 0.020853115899977938 0 0.0061342144597248405 569.91575298383759 OK 14 13 0.66915400000000003 0.75388100000000002 0.16062399999999999 0.51098900000000003 0.37240200000000001 0 0.158165 0.38147900000000001 0.16062399999999999 0.010511 0.010697999999999999 0.010097 0.11933400000000001 0.34198399999999995 0.12273400000000002 0.0050140000000000002 0.005202 0.0050199999999999993 0.0011800000000000001 0.0012419999999999998 0.0012899999999999999 569.91575294474671 569.91575294474671 569.91575294474671 0.030694836358919498 0.030694836358919498 0.030694836358919498 1 1 1 Converged Converged Converged OK OK OK 115 115 115 115 115 115 5 5 5 0 0 0 0 1 0 0 1
4 4 uniform 1 15 46 2 0.0001 2.544013072897132 0.010721912733596711 0.00061425956590787029 0.02090118838774464 0.001115204510177972 0.020938578100452077 0 0.0060487522592507018 576.54975645033346 OK 14 13 0.73233199999999998 0.80292699999999995 0.15840799999999999 0.57092900000000002 0.42960199999999998 0 0.16140299999999996 0.37332499999999996 0.15840799999999999 0.011094 0.010899000000000001 0.010513 0.12176999999999998 0.32968499999999989 0.12046500000000004 0.0050639999999999991 0.0050409999999999995 0.0049550000000000002 0.0011199999999999999 0.001147 0.001101 576.54973954306399 576.54973954306399 576.54973954306399 0.031225331689815037 0.031225331689815037 0.031225331689815037 1 1 1 Converged Converged Converged OK OK OK 115 115 115 115 115 115 5 5 5 0 0 0 0 1 0 0 1
4 4 uniform 1 23 46 3 0.0001 2.544013072897132 0.010721912733596711 0.00061425956590787029 0.02090118838774464 0.001115204510177972 0.021024040300926215 0 0.005963290058776563 581.69093006910089 OK 14 13 0.73592100000000005 0.80651799999999996 0.159696 0.57383700000000004 0.43482700000000002 0 0.16208400000000001 0.37169099999999994 0.159696 0.012621 0.012789999999999999 0.012017999999999999 0.12035900000000002 0.32921099999999998 0.119434 0.0051839999999999994 0.00545 0.0051069999999999996 0.0011609999999999999 0.0011199999999999999 0.0011209999999999998 581.69090462677605 581.69090462677605 581.69090462677605 0.031961271227101039 0.031961271227101039 0.031961271227101039 1 1 1 Converged Converged Converged OK OK OK 115 115 115 115 115 115 5 5 5 0 0 0 0 1 0 0 1
4 4 uniform 2 0 47 0 0.001 2.544013072897132 0.010721912733596711 0.00061425956590787029 -2.1593679391110152 -0.00056149458723980404 -2.1594907910241967 0 2.1864781213838995 23.653489804319623 OK 16 15 0.89638799999999996 0.89463400000000004 0.27345199999999997 0.62288900000000003 0.61934299999999998 0 0.27349899999999994 0.27529100000000006 0.27345199999999997 0.013074000000000001 0.012912 0.013042 0.2270309999999999 0.22864100000000012 0.22675400000000007 0.0042120000000000005 0.0045920000000000006 0.0044980000000000003 0.0010479999999999999 0.001098 0.001158 23.653467080721356 23.653467080721356 23.653467080721356 0.01008297017597448 0.01008297017597448 0.01008297017597448 1 1 1 Converged Converged Converged OK OK OK 104 104 104 104 104 104 8 8 8 0 0 0 0 0 1 0 0
4 4 uniform 2 7 47 1 0.001 2.544013072897132 0.010721912733596711 0.00061425956590787029 -2.1593679391110152 -0.00056149458723980404 -2.1594160115987817 0 2.1864033419584845 23.755192341520249 OK 16 15 0.86602000000000001 0.74724900000000005 0.27108199999999999 0.60593200000000003 0.47206999999999999 0 0.26008799999999999 0.27517900000000006 0.27108199999999999 0.011922 0.011993 0.012475 0.22278000000000001 0.23801900000000004 0.23379100000000008 0.0045560000000000002 0.004496 0.0041660000000000004 0.0010610000000000001 0.0010460000000000001 0.0010140000000000001 23.755180581913823 23.755180581913823 23.755180581913823 0.0085797335828622506 0.0085797335828622506 0.0085797335828622506 1 1 1 Converged Converged Converged OK OK OK 104 104 104 104 104 104 8 8 8 0 0 0 0 1 0 0 1
4 4 uniform 2 15 47 2 0.001 2.544013072897132 0.010721912733596711 0.00061425956590787029 -2.1593679391110152 -0.00056149458723980404 -2.1593305493983079 0 2.1863178797580107 23.770829784405237 OK 16 15 0.92061899999999997 0.78925999999999996 0.27535799999999999 0.65315699999999999 0.50771900000000003 0 0.26746199999999998 0.28154099999999993 0.27535799999999999 0.012255 0.012375000000000001 0.012671 0.23044499999999996 0.24433400000000005 0.23838400000000001 0.0043200000000000001 0.0045449999999999996 0.0043380000000000007 0.001109 0.001217 0.001129 23.770830920692894 23.770830920692894 23.770830920692894 0.01072635677293887 0.01072635677293887 0.01072635677293887 1 1 1 Converged Converged Converged OK OK OK 104 104 104 104 104 104 8 8 8 0 0 0 0 1 0 0 1
4 4 uniform 2 23 47 3 0.001 2.544013072897132 0.010721912733596711 0.00061425956590787029 -2.1593679391110152 -0.00056149458723980404 -2.1592450871978337 0 2.1862324175575365 23.535316713183875 OK 16 15 0.89969100000000002 0.78064599999999995 0.26755299999999999 0.63751999999999998 0.50617100000000004 0 0.26217100000000004 0.27447499999999991 0.26755299999999999 0.011878 0.011939999999999999 0.012462000000000001 0.22605500000000012 0.23806300000000002 0.23096099999999992 0.0042309999999999995 0.0043319999999999999 0.0041399999999999996 0.0011000000000000001 0.001157 0.001158 23.535318834211658 23.535318834211658 23.535318834211658 0.0090193855346589087 0.0090193855346589087 0.0090193855346589087 1 1 1 Converged Converged Converged OK OK OK 104 104 104 104 104 104 8 8 8 0 0 0 0 1 0 0 1
4 4 uniform 2 0 47 0 0.0001 2.544013072897132 0.010721912733596711 0.00061425956590787029 -2.1593679391110152 -0.00056149458723980404 -2.1594907910241967 0 2.1864781213838995 23.653489804319623 OK 16 15 1.044762 1.0241690000000001 0.40392899999999998 0.62769699999999995 0.62304199999999998 0 0.41706500000000002 0.40112700000000012 0.40392899999999998 0.014484 0.013091999999999999 0.012429000000000001 0.34702099999999997 0.33420700000000003 0.33770500000000009 0.0084169999999999991 0.008293 0.0083660000000000002 0.0015679999999999999 0.0015560000000000001 0.0014890000000000001 23.653489033342936 23.653489033342936 23.653489033342936 0.0017017412871641196 0.0017017412871641196 0.0017017412871641196 1 1 1 Converged Converged Converged OK OK OK 160 160 160 160 160 160 8 8 8 0 0 0 0 0 1 0 0
4 4 uniform 2 7 47 1 0.0001 2.544013072897132 0.010721912733596711 0.00061425956590787029 -2.1593679391110152 -0.00056149458723980404 -2.1594160115987817 0 2.1864033419584845 23.755192341520249 OK 16 15 0.89752500000000002 0.78500499999999995 0.28789399999999998 0.60352600000000001 0.46754400000000002 0 0.29399900000000001 0.31746099999999994 0.28789399999999998 0.011835999999999999 0.011733 0.011047 0.25009399999999998 0.27342599999999989 0.245306 0.0055179999999999995 0.0054689999999999999 0.0055829999999999994 0.001289 0.0013680000000000001 0.0013700000000000001 23.755184928401974 23.755184928401974 23.755184928401974 0.0019764695475234175 0.0019764695475234175 0.0019764695475234175 1 1 1 Converged Converged Converged OK OK OK 128 128 128 128 128 128 8 8 8 0 0 0 0 1 0 0 1
4 4 uniform 2 15 47 2 0.0001 2.544013072897132 0.010721912733596711 0.00061425956590787029 -2.1593679391110152 -0.00056149458723980404 -2.1593305493983079 0 2.1863178797580107 23.770829784405237 OK 16 15 0.99348499999999995 0.86989000000000005 0.33832200000000001 0.65182799999999996 0.50600100000000003 0 0.34165699999999999 0.36388900000000002 0.33832200000000001 0.012182999999999999 0.012319999999999999 0.011415 0.29403900000000011 0.31580300000000017 0.29210599999999992 0.0063670000000000011 0.0064859999999999996 0.0063459999999999992 0.00158 0.00167 0.0015989999999999999 23.770825199864525 23.770825199864525 23.770825199864525 0.0011944724013430994 0.0011944724013430994 0.0011944724013430994 1 1 1 Converged Converged Converged OK OK OK 144 144 144 144 144 144 8 8 8 0 0 0 0 1 0 0 1
4 4 uniform 2 23 47 3 0.0001 2.544013072897132 0.010721912733596711 0.00061425956590787029 -2.1593679391110152 -0.00056149458723980404 -2.1592450871978337 0 2.1862324175575365 23.535316713183875 OK 16 15 0.97255599999999998 0.86031999999999997 0.34687200000000001 0.63741899999999996 0.50427599999999995 0 0.33513700000000002 0.35604400000000003 0.34687200000000001 0.011694 0.011743 0.010951000000000001 0.28814499999999993 0.30882700000000002 0.30088200000000004 0.0064249999999999993 0.0063439999999999998 0.0062049999999999996 0.0015970000000000001 0.0015700000000000004 0.0015860000000000002 23.535316871993572 23.535316871993572 23.535316871993572 0.00047506283667292268 0.00047506283667292268 0.00047506283667292268 1 1 1 Converged Converged Converged OK OK OK 144 144 144 144 144 144 8 8 8 0 0 0 0 1 0 0 1
4 4 uniform 3 0 48 0 0.001 2.544013072897132 0.010721912733596711 0.00061425956590787029 -2.1267489880773947 -0.025987646168489538 -2.1268718399905762 0 2.153859170350279 4.7516153430810988 OK 13 12 0.43093500000000001 0.42822100000000002 0.072395000000000001 0.35711500000000002 0.355128 0 0.073819999999999997 0.073093000000000019 0.072395000000000001 0.0091020000000000007 0.0090320000000000001 0.0086390000000000008 0.048689000000000003 0.048440000000000004 0.048202999999999996 0.002166 0.0021289999999999998 0.0020950000000000001 0.00055599999999999996 0.00055199999999999997 0.00055900000000000004 4.7516153121850229 4.7516153121850229 4.7516153121850229 0.0015820622260532366 0.0015820622260532366 0.0015820622260532366 1 1 1 Converged Converged Converged OK OK OK 45 45 45 45 45 45 3 3 3 0 0 0 0 0 1 0 0
4 4 uniform 3 7 48 1 0.001 2.544013072897132 0.010721912733596711 0.00061425956590787029 -2.1267489880773947 -0.025987646168489538 -2.1267970605651612 0 2.153784390924864 4.6872420696593151 OK 13 12 0.40057199999999998 0.31355 0.067210000000000006 0.332339 0.21201900000000001 0 0.068232999999999988 0.10153099999999998 0.067210000000000006 0.0081869999999999998 0.0083129999999999992 0.0077429999999999999 0.046062000000000013 0.079304000000000013 0.045935000000000004 0.002117 0.0021789999999999999 0.0021569999999999996 0.00052800000000000004 0.00055499999999999994 0.00052000000000000006 4.6872420396769368 4.6872420396769368 4.6872420396769368 0.0015645714340157056 0.0015645714340157056 0.0015645714340157056 1 1 1 Converged Converged Converged OK OK OK 45 45 45 45 45 45 3 3 3 0 0 0 0 1 0 0 1
4 4 uniform 3 15 48 2 0.001 2.544013072897132 0.010721912733596711 0.00061425956590787029 -2.1267489880773947 -0.025987646168489538 -2.1267115983646874 0 2.1536989287243902 4.6174856513039968 OK 13 12 0.412721 0.31125199999999997 0.06812 0.34303600000000001 0.20893500000000001 0 0.069684999999999997 0.10231699999999996 0.06812 0.0081880000000000008 0.0082489999999999994 0.0076420000000000004 0.047215000000000014 0.080101999999999993 0.047023000000000002 0.002258 0.0022529999999999998 0.002186 0.00052700000000000002 0.00053700000000000004 0.00051499999999999994 4.6174856222440752 4.6174856222440752 4.6174856222440752 0.0015454450577321397 0.0015454450577321397 0.0015454450577321397 1 1 1 Converged Converged Converged OK OK OK 45 45 45 45 45 45 3 3 3 0 0 0 0 1 0 0 1
4 4 uniform 3 23 48 3 0.001 2.544013072897132 0.010721912733596711 0.00061425956590787029 -2.1267489880773947 -0.025987646168489538 -2.1266261361642131 0 2.1536134665239159 4.551449053037004 OK 13 12 0.44263000000000002 0.32647599999999999 0.069654999999999995 0.37149100000000002 0.23035700000000001 0 0.071139000000000008 0.096118999999999982 0.069654999999999995 0.0081530000000000005 0.008319 0.0077089999999999997 0.048966999999999997 0.073734999999999995 0.048641999999999998 0.0021849999999999999 0.0022540000000000004 0.0021540000000000001 0.00052800000000000004 0.00056499999999999996 0.00051199999999999998 4.5514490238663114 4.5514490238663114 4.5514490238663114 0.0015271663921108966 0.0015271663921108966 0.0015271663921108966 1 1 1 Converged Converged Converged OK OK OK 45 45 45 45 45 45 3 3 3 0 0 0 0 1 0 0 1
4 4 uniform 3 0 48 0 0.0001 2.544013072897132 0.010721912733596711 0.00061425956590787029 -2.1267489880773947 -0.025987646168489538 -2.1268718399905762 0 2.153859170350279 4.7516153430810988 OK 13 12 0.45677200000000001 0.45636100000000002 0.095443 0.360875 0.36054199999999997 0 0.09589700000000001 0.095819000000000043 0.095443 0.0088179999999999994 0.0090379999999999992 0.0085299999999999994 0.065458000000000002 0.065630999999999981 0.065676999999999985 0.0030149999999999999 0.0030969999999999999 0.0029819999999999998 0.000696 0.00068599999999999998 0.00069200000000000002 4.7516153120216664 4.7516153120216664 4.7516153120216664 0.00047166156592565211 0.00047166156592565211 0.00047166156592565211 1 1 1 Converged Converged Converged OK OK OK 61 61 61 61 61 61 3 3 3 0 0 0 0 0 1 0 0
4 4 uniform 3 7 48 1 0.0001 2.544013072897132 0.010721912733596711 0.00061425956590787029 -2.1267489880773947 -0.025987646168489538 -2.1267970605651612 0 2.153784390924864 4.6872420696593151 OK 13 12 0.44397300000000001 0.38064599999999998 0.109738 0.333146 0.20954800000000001 0 0.11082700000000001 0.17109799999999997 0.109738 0.0081499999999999993 0.0082869999999999992 0.0077060000000000002 0.077903999999999959 0.13785699999999995 0.077831000000000011 0.0038669999999999998 0.0039240000000000004 0.003774 0.00077300000000000003 0.00077399999999999995 0.000745 4.6872420394941559 4.6872420394941559 4.6872420394941559 8.4820959516699725e-06 8.4820959516699725e-06 8.4820959516699725e-06 1 1 1 Converged Converged Converged OK OK OK 77 77 77 77 77 77 3 3 3 0 0 0 0 1 0 0 1
4 4 uniform 3 15 48 2 0.0001 2.544013072897132 0.010721912733596711 0.00061425956590787029 -2.1267489880773947 -0.025987646168489538 -2.1267115983646874 0 2.1536989287243902 4.6174856513039968 OK 13 12 0.45222000000000001 0.373388 0.109163 0.34170699999999998 0.20602400000000001 0 0.11051300000000003 0.16736399999999999 0.109163 0.0081860000000000006 0.0082660000000000008 0.007705 0.078515000000000043 0.13538999999999995 0.078196000000000043 0.0039119999999999997 0.0039589999999999998 0.0038500000000000001 0.00077700000000000002 0.00076000000000000004 0.00077200000000000001 4.6174856220447786 4.6174856220447786 4.6174856220447786 8.4829331685151991e-06 8.4829331685151991e-06 8.4829331685151991e-06 1 1 1 Converged Converged Converged OK OK OK 77 77 77 77 77 77 3 3 3 0 0 0 0 1 0 0 1
4 4 uniform 3 23 48 3 0.0001 2.544013072897132 0.010721912733596711 0.00061425956590787029 -2.1267489880773947 -0.025987646168489538 -2.1266261361642131 0 2.1536134665239159 4.551449053037004 OK 13 12 0.48224800000000001 0.39255600000000002 0.109627 0.37134099999999998 0.23658299999999999 0 0.11090700000000003 0.15597300000000003 0.109627 0.0083020000000000004 0.0083309999999999999 0.0076899999999999998 0.078913999999999998 0.12418699999999999 0.078835999999999989 0.0039319999999999997 0.0039439999999999996 0.00382 0.00076400000000000014 0.00076100000000000007 0.00073899999999999997 4.5514490236550751 4.5514490236550751 4.5514490236550751 8.4837934176735751e-06 8.4837934176735751e-06 8.4837934176735751e-06 1 1 1 Converged Converged Converged OK OK OK 77 77 77 77 77 77 3 3 3 0 0 0 0 1 0 0 1
4 4 uniform 4 0 49 0 0.001 2.544013072897132 0.010721912733596711 0.00061425956590787029 -2.1298463740499725 -0.027777152321689088 -2.129969225963154 0 2.1569565563228568 5.6484803594925408 OK 13 12 0.496 0.49924400000000002 0.062534999999999993 0.43270599999999998 0.43499100000000002 0 0.063294000000000017 0.064253000000000005 0.062534999999999993 0.0088439999999999994 0.0089770000000000006 0.0085360000000000002 0.041479000000000002 0.042300999999999984 0.041365999999999993 0.0017279999999999999 0.0018819999999999998 0.0017179999999999999 0.00044200000000000001 0.00045700000000000005 0.00041199999999999993 5.648476108101228 5.648476108101228 5.648476108101228 0.0050812943179403677 0.0050812943179403677 0.0050812943179403677 1 1 1 Converged Converged Converged OK OK OK 37 37 37 37 37 37 3 3 3 0 0 0 0 0 1 0 0
4 4 uniform 4 7 49 1 0.001 2.544013072897132 0.010721912733596711 0.00061425956590787029 -2.1298463740499725 -0.027777152321689088 -2.129894446537739 0 2.1568817768974418 5.7855870794340927 OK 13 12 0.45463599999999998 0.34393000000000001 0.058277000000000002 0.39511400000000002 0.259073 0 0.059521999999999964 0.084857000000000016 0.058277000000000002 0.00826 0.0082539999999999992 0.007633 0.039570000000000008 0.065227999999999994 0.039393999999999998 0.001823 0.001769 0.001743 0.00041700000000000005 0.00042000000000000002 0.000406 5.7855828300166543 5.7855828300166543 5.7855828300166543 0.0051008552675864075 0.0051008552675864075 0.0051008552675864075 1 1 1 Converged Converged Converged OK OK OK 37 37 37 37 37 37 3 3 3 0 0 0 0 1 0 0 1
4 4 uniform 4 15 49 2 0.001 2.544013072897132 0.010721912733596711 0.00061425956590787029 -2.1298463740499725 -0.027777152321689088 -2.1298089843372652 0 2.156796314696968 5.9576260332666706 OK 13 12 0.53441300000000003 0.46566600000000002 0.060671999999999997 0.47237299999999999 0.375166 0 0.06204000000000004 0.090500000000000025 0.060671999999999997 0.0082660000000000008 0.0082780000000000006 0.0076119999999999998 0.042259000000000005 0.070796999999999999 0.041919999999999992 0.0017929999999999999 0.0018499999999999999 0.0017720000000000001 0.00043399999999999998 0.00041699999999999994 0.00040700000000000003 5.9576217895919239 5.9576217895919239 5.9576217895919239 0.0051231426549329245 0.0051231426549329245 0.0051231426549329245 1 1 1 Converged Converged Converged OK OK OK 37 37 37 37 37 37 3 3 3 0 0 0 0 1 0 0 1
4 4 uniform 4 23 49 3 0.001 2.544013072897132 0.010721912733596711 0.00061425956590787029 -2.1298463740499725 -0.027777152321689088 -2.1297235221367909 0 2.1567108524964937 6.1490533375920116 OK 13 12 0.55999399999999999 0.43573800000000001 0.056277000000000001 0.50240499999999999 0.35204000000000002 0 0.057589000000000001 0.083697999999999995 0.056277000000000001 0.0082019999999999992 0.0082140000000000008 0.0076340000000000002 0.037967000000000001 0.064133999999999983 0.037608000000000009 0.0017359999999999999 0.001846 0.0017439999999999999 0.00042599999999999995 0.00041999999999999996 0.00041199999999999993 6.1490491003463044 6.1490491003463044 6.1490491003463044 0.0051452192038974462 0.0051452192038974462 0.0051452192038974462 1 1 1 Converged Converged Converged OK OK OK 37 37 37 37 37 37 3 3 3 0 0 0 0 1 0 0 1
4 4 uniform 4 0 49 0 0.0001 2.544013072897132 0.010721912733596711 0.00061425956590787029 -2.1298463740499725 -0.027777152321689088 -2.129969225963154 0 2.1569565563228568 5.6484803594925408 OK 13 12 0.52734899999999996 0.53308 0.094712000000000005 0.43104599999999998 0.43311500000000003 0 0.096302999999999972 0.099964999999999971 0.094712000000000005 0.0091640000000000003 0.0089859999999999992 0.0085380000000000005 0.065661999999999998 0.069642000000000023 0.064955999999999986 0.0030720000000000001 0.0030850000000000001 0.0030050000000000003 0.00067100000000000005 0.00069700000000000003 0.00068000000000000005 5.6484803310603127 5.6484803310603127 5.6484803310603127 0.00046643639571885431 0.00046643639571885431 0.00046643639571885431 1 1 1 Converged Converged Converged OK OK OK 61 61 61 61 61 61 3 3 3 0 0 0 0 0 1 0 0
4 4 uniform 4 7 49 1 0.0001 2.544013072897132 0.010721912733596711 0.00061425956590787029 -2.1298463740499725 -0.027777152321689088 -2.129894446537739 0 2.1568817768974418 5.7855870794340927 OK 13 12 0.49007000000000001 0.384378 0.088899000000000006 0.39962799999999998 0.25671100000000002 0 0.090442000000000022 0.12766699999999997 0.088899000000000006 0.0082629999999999995 0.0082710000000000006 0.0076620000000000004 0.063314999999999996 0.100482 0.062908000000000006 0.003081 0.0031280000000000001 0.0030179999999999998 0.00065300000000000004 0.00069300000000000004 0.000638 5.7855870539050436 5.7855870539050436 5.7855870539050436 0.00046638943970256651 0.00046638943970256651 0.00046638943970256651 1 1 1 Converged Converged Converged OK OK OK 61 61 61 61 61 61 3 3 3 0 0 0 0 1 0 0 1
4 4 uniform 4 15 49 2 0.0001 2.544013072897132 0.010721912733596711 0.00061425956590787029 -2.1298463740499725 -0.027777152321689088 -2.1298089843372652 0 2.156796314696968 5.9576260332666706 OK 13 12 0.56257800000000002 0.50168500000000005 0.090704999999999994 0.47079700000000002 0.366151 0 0.091781000000000001 0.13553400000000004 0.090704999999999994 0.0080990000000000003 0.0081630000000000001 0.0076779999999999999 0.065011999999999986 0.10845 0.064690000000000011 0.0030130000000000001 0.0031459999999999999 0.0029720000000000002 0.00067699999999999998 0.000696 0.00064300000000000013 5.9576260146922602 5.9576260146922602 5.9576260146922602 0.00046633627217698725 0.00046633627217698725 0.00046633627217698725 1 1 1 Converged Converged Converged OK OK OK 61 61 61 61 61 61 3 3 3 0 0 0 0 1 0 0 1
4 4 uniform 4 23 49 3 0.0001 2.544013072897132 0.010721912733596711 0.00061425956590787029 -2.1298463740499725 -0.027777152321689088 -2.1297235221367909 0 2.1567108524964937 6.1490533375920116 OK 13 12 0.59452300000000002 0.48099700000000001 0.087326000000000001 0.50104700000000002 0.35437800000000003 0 0.093476000000000004 0.12661899999999998 0.087326000000000001 0.0081860000000000006 0.0082459999999999999 0.0076769999999999998 0.06621500000000001 0.099680000000000032 0.061510999999999989 0.0030590000000000001 0.003163 0.002954 0.00067099999999999994 0.000669 0.00065700000000000003 6.1490533268467038 6.1490533268467038 6.1490533268467038 0.0004662834821421069 0.0004662834821421069 0.0004662834821421069 1 1 1 Converged Converged Converged OK OK OK 61 61 61 61 61 61 3 3 3 0 0 0 0 1 0 0 1
5 5 linear 0 0 50 0 0.001 3.8660132873016897 0.049609788581782326 0.55846347138675911 -3.4782318818334228 -0.061438655056329353 -3.5899245761107745 0.5 3.7726516275577175 1.3033867561632548 OK 15 14 0.46527099999999999 0.45685500000000001 0.22120999999999999 0.241068 0.23286699999999999 0 0.22420299999999999 0.22398800000000002 0.22120999999999999 0.011802999999999999 0.01179 0.011200999999999999 0.18641300000000005 0.18597999999999995 0.1842349999999999 0.0032089999999999996 0.0036300000000000004 0.0035140000000000002 0.00101 0.00099899999999999989 0.00088999999999999995 1.3033821234072416 1.3033821234072416 1.3033821234072416 0.00087917659356964131 0.00087917659356964131 0.00087917659356964131 1 1 1 Converged Converged Converged OK OK OK 86 86 86 86 86 86 10 10 10 0 0 0 0 0 1 0 0
5 5 linear 0 7 50 1 0.001 3.8660132873016897 0.049609788581782326 0.55846347138675911 -3.4782318818334228 -0.061438655056329353 -3.5219377187245606 0.5 3.7046647701715036 1.3101297305520578 OK 15 14 0.49984499999999998 0.39125199999999999 0.24898100000000001 0.25023299999999998 0.142458 0 0.249612 0.24879399999999999 0.24898100000000001 0.010024999999999999 0.010120000000000001 0.0096410000000000003 0.22146000000000002 0.22125200000000003 0.22197499999999998 0.0032020000000000004 0.0032339999999999999 0.0032190000000000001 0.00077099999999999998 0.00069999999999999999 0.00077400000000000006 1.3101257851758634 1.3101257851758634 1.3101257851758634 0.0012746565783816053 0.0012746565783816053 0.0012746565783816053 1 1 1 Converged Converged Converged OK OK OK 86 86 86 86 86 86 10 10 10 0 0 0 0 1 0 0 1
5 5 linear 0 15 50 2 0.001 3.8660132873016897 0.049609788581782326 0.55846347138675911 -3.4782318818334228 -0.061438655056329353 -3.4442384531403158 0.5 3.6269655045872589 1.313461481341154 OK 16 15 0.57439700000000005 0.46957199999999999 0.30088399999999998 0.25986700000000001 0.15678700000000001 0 0.31453000000000003 0.31278499999999998 0.30088399999999998 0.013308 0.013679999999999999 0.012885000000000001 0.27462899999999996 0.27382000000000001 0.26321000000000006 0.0048370000000000002 0.0042360000000000002 0.0044250000000000001 0.0011280000000000001 0.0012230000000000001 0.001073 1.3134516478243277 1.3134516478243277 1.3134516478243277 0.0010992205024103207 0.0010992205024103207 0.0010992205024103207 1 1 1 Converged Converged Converged OK OK OK 94 94 94 94 94 94 10 10 10 0 0 0 0 1 0 0 1
5 5 linear 0 23 50 3 0.001 3.8660132873016897 0.049609788581782326 0.55846347138675911 -3.4782318818334228 -0.061438655056329353 -3.3665391875560711 0.5 3.5492662390030141 1.3122972003232878 OK 16 15 0.56068899999999999 0.46390700000000001 0.29224800000000001 0.25960899999999998 0.16256200000000001 0 0.30108000000000001 0.30134499999999997 0.29224800000000001 0.012695 0.012949 0.011863 0.26188399999999995 0.26216000000000012 0.25559300000000007 0.0048650000000000004 0.0049320000000000006 0.0042339999999999999 0.0011619999999999998 0.001132 0.0010640000000000001 1.3122944599934629 1.3122944599934629 1.3122944599934629 0.0012428420884168286 0.0012428420884168286 0.0012428420884168286 1 1 1 Converged Converged Converged OK OK OK 101 101 101 101 101 101 11 11 11 0 0 0 0 1 0 0 1
5 5 linear 0 0 50 0 0.0001 3.8660132873016897 0.049609788581782326 0.55846347138675911 -3.4782318818334228 -0.061438655056329353 -3.5899245761107745 0.5 3.7726516275577175 1.3033867561632548 OK 15 14 0.49706699999999998 0.49466900000000003 0.25501299999999999 0.24044299999999999 0.233516 0 0.25662399999999996 0.26115300000000002 0.25501299999999999 0.01124 0.011601 0.011084999999999999 0.21213899999999999 0.21362699999999996 0.21069800000000002 0.0042630000000000003 0.0053810000000000004 0.0045339999999999998 0.0012459999999999999 0.0015049999999999998 0.00124 1.3033891233177999 1.3033891233177999 1.3033891233177999 9.5440883807106582e-05 9.5440883807106582e-05 9.5440883807106582e-05 1 1 1 Converged Converged Converged OK OK OK 102 102 102 102 102 102 10 10 10 0 0 0 0 0 1 0 0
5 5 linear 0 7 50 1 0.0001 3.8660132873016897 0.049609788581782326 0.55846347138675911 -3.4782318818334228 -0.061438655056329353 -3.5219377187245606 0.5 3.7046647701715036 1.3101297305520578 OK 15 14 0.56131900000000001 0.44818000000000002 0.29315099999999999 0.260606 0.14230999999999999 0 0.30071300000000001 0.30587000000000003 0.29315099999999999 0.011185 0.010130999999999999 0.0094149999999999998 0.26280300000000001 0.26800400000000002 0.25782199999999983 0.0047030000000000006 0.0060039999999999989 0.005111000000000001 0.0013859999999999996 0.001354 0.0012920000000000002 1.310128890499449 1.310128890499449 1.310128890499449 0.00012366174662418222 0.00012366174662418222 0.00012366174662418222 1 1 1 Converged Converged Converged OK OK OK 110 110 110 110 110 110 10 10 10 0 0 0 0 1 0 0 1
5 5 linear 0 15 50 2 0.0001 3.8660132873016897 0.049609788581782326 0.55846347138675911 -3.4782318818334228 -0.061438655056329353 -3.4442384531403158 0.5 3.6269655045872589 1.313461481341154 OK 16 15 0.61188399999999998 0.49987700000000002 0.32627299999999998 0.27046599999999998 0.156329 0 0.341418 0.34354800000000002 0.32627299999999998 0.01448 0.013310000000000001 0.012826000000000001 0.29596100000000003 0.30098199999999997 0.28582299999999994 0.0062839999999999997 0.0057549999999999997 0.0052570000000000004 0.0017150000000000002 0.0016109999999999998 0.0014199999999999998 1.3134545795116805 1.3134545795116805 1.3134545795116805 4.9552669608173226e-05 4.9552669608173226e-05 4.9552669608173226e-05 1 1 1 Converged Converged Converged OK OK OK 110 110 110 110 110 110 10 10 10 0 0 0 0 1 0 0 1
5 5 linear 0 23 50 3 0.0001 3.8660132873016897 0.049609788581782326 0.55846347138675911 -3.4782318818334228 -0.061438655056329353 -3.3665391875560711 0.5 3.5492662390030141 1.3122972003232878 OK 16 15 0.63231199999999999 0.53634700000000002 0.35489999999999999 0.26355899999999999 0.16042600000000001 0 0.368753 0.37592100000000001 0.35489999999999999 0.013027 0.013077999999999999 0.012078 0.31992299999999985 0.32685700000000012 0.30929199999999996 0.0064989999999999996 0.0065529999999999998 0.0054999999999999988 0.0018269999999999998 0.0017740000000000002 0.0016250000000000001 1.3122977472472708 1.3122977472472708 1.3122977472472708 8.4481027473345315e-05 8.4481027473345315e-05 8.4481027473345315e-05 1 1 1 Converged Converged Converged OK OK OK 125 125 125 125 125 125 11 11 11 0 0 0 0 1 0 0 1
5 5 linear 1 0 51 0 0.001 3.8660132873016897 0.049609788581782326 0.55846347138675911 -3.6465526278612241 -0.35807708582380177 -3.7582453221385759 0.5 3.9409723735855189 1.1938195584308293 OK 14 13 0.44126599999999999 0.434228 0.214976 0.22184100000000001 0.216811 0 0.21942499999999998 0.217417 0.214976 0.010689000000000001 0.010178 0.0098989999999999998 0.18211099999999986 0.18163699999999997 0.17876099999999992 0.0037880000000000006 0.0034250000000000001 0.0037889999999999998 0.00097000000000000005 0.00085999999999999987 0.00098499999999999998 1.1938191585626299 1.1938191585626299 1.1938191585626299 0.00055047747637742899 0.00055047747637742899 0.00055047747637742899 1 1 1 Converged Converged Converged OK OK OK 87 87 87 87 87 87 9 9 9 0 0 0 0 0 1 0 0
5 5 linear 1 7 51 1 0.001 3.8660132873016897 0.049609788581782326 0.55846347138675911 -3.6465526278612241 -0.35807708582380177 -3.690258464752362 0.5 3.872985516199305 1.2194685477922884 OK 14 13 0.43471900000000002 0.35145199999999999 0.21249599999999999 0.21582399999999999 0.134968 0 0.21889500000000003 0.21648399999999998 0.21249599999999999 0.0092650000000000007 0.0091249999999999994 0.0085450000000000005 0.19103900000000001 0.18967900000000004 0.18641100000000008 0.0034710000000000001 0.0032979999999999997 0.0033110000000000001 0.00099199999999999983 0.00091 0.00088199999999999997 1.2194675490917914 1.2194675490917914 1.2194675490917914 0.00061241555959852816 0.00061241555959852816 0.00061241555959852816 1 1 1 Converged Converged Converged OK OK OK 87 87 87 87 87 87 9 9 9 0 0 0 0 1 0 0 1
5 5 linear 1 15 51 2 0.001 3.8660132873016897 0.049609788581782326 0.55846347138675911 -3.6465526278612241 -0.35807708582380177 -3.6125591991681172 0.5 3.7952862506150602 1.2390301675040671 OK 14 13 0.41372199999999998 0.338314 0.19273799999999999 0.211617 0.13514699999999999 0 0.20210499999999998 0.20316700000000001 0.19273799999999999 0.009162 0.0093189999999999992 0.0083000000000000001 0.17624699999999999 0.17643400000000001 0.169151 0.0030790000000000001 0.0037720000000000002 0.0026440000000000001 0.00078899999999999999 0.00088100000000000006 0.00070100000000000002 1.2390298524388363 1.2390298524388363 1.2390298524388363 0.00097835541395075885 0.00097835541395075885 0.00097835541395075885 1 1 1 Converged Converged Converged OK OK OK 79 79 79 79 79 79 9 9 9 0 0 0 0 1 0 0 1
5 5 linear 1 23 51 3 0.001 3.8660132873016897 0.049609788581782326 0.55846347138675911 -3.6465526278612241 -0.35807708582380177 -3.5348599335838724 0.5 3.7175869850308154 1.2507824184011105 OK 14 13 0.41892299999999999 0.34934799999999999 0.20089199999999999 0.211844 0.13550300000000001 0 0.20707899999999999 0.21384499999999998 0.20089199999999999 0.0089519999999999999 0.0092219999999999993 0.0083560000000000006 0.18131900000000001 0.18735399999999999 0.17718499999999995 0.00315 0.0035609999999999999 0.0027949999999999997 0.00086300000000000005 0.0008160000000000001 0.00074100000000000001 1.2507810595154629 1.2507810595154629 1.2507810595154629 0.00089431549126630012 0.00089431549126630012 0.00089431549126630012 1 1 1 Converged Converged Converged OK OK OK 79 79 79 79 79 79 9 9 9 0 0 0 0 1 0 0 1
5 5 linear 1 0 51 0 0.0001 3.8660132873016897 0.049609788581782326 0.55846347138675911 -3.6465526278612241 -0.35807708582380177 -3.7582453221385759 0.5 3.9409723735855189 1.1938195584308293 OK 14 13 0.45571499999999998 0.44862800000000003 0.22604099999999999 0.22872100000000001 0.21986800000000001 0 0.22699399999999997 0.22876000000000002 0.22604099999999999 0.010231000000000001 0.01052 0.010045999999999999 0.18711199999999995 0.18710699999999991 0.185531 0.0036970000000000002 0.0041939999999999998 0.0042570000000000004 0.00089900000000000006 0.0012049999999999999 0.001049 1.193821583674787 1.193821583674787 1.193821583674787 0.00010606487170665274 0.00010606487170665274 0.00010606487170665274 1 1 1 Converged Converged Converged OK OK OK 95 95 95 95 95 95 9 9 9 0 0 0 0 0 1 0 0
5 5 linear 1 7 51 1 0.0001 3.8660132873016897 0.049609788581782326 0.55846347138675911 -3.6465526278612241 -0.35807708582380177 -3.690258464752362 0.5 3.872985516199305 1.2194685477922884 OK 14 13 0.464088 0.392845 0.24096100000000001 0.21798000000000001 0.134934 0 0.24610799999999999 0.257911 0.24096100000000001 0.0089589999999999999 0.0093340000000000003 0.0085699999999999995 0.21280599999999997 0.2245350000000001 0.20898299999999997 0.0043159999999999995 0.0042339999999999999 0.0043579999999999999 0.0011840000000000002 0.001305 0.0011659999999999999 1.2194701119048887 1.2194701119048887 1.2194701119048887 7.9570647167586121e-05 7.9570647167586121e-05 7.9570647167586121e-05 1 1 1 Converged Converged Converged OK OK OK 103 103 103 103 103 103 9 9 9 0 0 0 0 1 0 0 1
5 5 linear 1 15 51 2 0.0001 3.8660132873016897 0.049609788581782326 0.55846347138675911 -3.6465526278612241 -0.35807708582380177 -3.6125591991681172 0.5 3.7952862506150602 1.2390301675040671 OK 14 13 0.46266800000000002 0.387216 0.24185799999999999 0.216749 0.13275600000000001 0 0.24591900000000003 0.25446000000000002 0.24185799999999999 0.0087589999999999994 0.0092689999999999995 0.0083809999999999996 0.21508500000000008 0.22273399999999999 0.21190799999999993 0.0039680000000000002 0.004411 0.0041349999999999998 0.001222 0.0012489999999999999 0.001242 1.2390332176548722 1.2390332176548722 1.2390332176548722 0.00011171269146408204 0.00011171269146408204 0.00011171269146408204 1 1 1 Converged Converged Converged OK OK OK 103 103 103 103 103 103 9 9 9 0 0 0 0 1 0 0 1
5 5 linear 1 23 51 3 0.0001 3.8660132873016897 0.049609788581782326 0.55846347138675911 -3.6465526278612241 -0.35807708582380177 -3.5348599335838724 0.5 3.7175869850308154 1.2507824184011105 OK 14 13 0.47714299999999998 0.40015200000000001 0.25145899999999999 0.21538099999999999 0.133663 0 0.26176199999999999 0.26648899999999998 0.25145899999999999 0.0090659999999999994 0.0089239999999999996 0.0083990000000000002 0.22814099999999998 0.23473199999999994 0.22166100000000002 0.0053109999999999997 0.0045540000000000008 0.0039749999999999994 0.00149 0.0012689999999999999 0.001186 1.2507841012221861 1.2507841012221861 1.2507841012221861 0.00011956038610019338 0.00011956038610019338 0.00011956038610019338 1 1 1 Converged Converged Converged OK OK OK 103 103 103 103 103 103 9 9 9 0 0 0 0 1 0 0 1
5 5 linear 2 0 52 0 0.001 3.8660132873016897 0.049609788581782326 0.55846347138675911 -3.814223756889366 0.53264797522503493 -3.9259164511667177 0.5 4.1086435026136607 1.0339310205560699 OK 14 13 0.34182299999999999 0.33467400000000003 0.10459400000000001 0.234019 0.22856899999999999 0 0.10780399999999998 0.10610500000000003 0.10459400000000001 0.0095350000000000001 0.0095160000000000002 0.0090259999999999993 0.082536000000000012 0.080911000000000011 0.079825000000000049 0.0021080000000000001 0.0022130000000000001 0.002418 0.00058299999999999997 0.00063900000000000003 0.00062099999999999992 1.0339282241875576 1.0339282241875576 1.0339282241875576 0.00053337544791033349 0.00053337544791033349 0.00053337544791033349 1 1 1 Converged Converged Converged OK OK OK 51 51 51 51 51 51 5 5 5 0 0 0 0 0 1 0 0
5 5 linear 2 7 52 1 0.001 3.8660132873016897 0.049609788581782326 0.55846347138675911 -3.814223756889366 0.53264797522503493 -3.8579295937805038 0.5 4.0406566452274468 1.0429966979865104 OK 14 13 0.32701599999999997 0.23612 0.099509 0.22412399999999999 0.12809799999999999 0 0.10289199999999998 0.10802200000000001 0.099509 0.0085260000000000006 0.008567 0.0079799999999999992 0.08158 0.084135000000000043 0.079068999999999987 0.0020429999999999997 0.0021440000000000001 0.0021780000000000002 0.00054900000000000001 0.00060399999999999994 0.00063100000000000005 1.0429938414248008 1.0429938414248008 1.0429938414248008 0.00060892491841223933 0.00060892491841223933 0.00060892491841223933 1 1 1 Converged Converged Converged OK OK OK 51 51 51 51 51 51 5 5 5 0 0 0 0 1 0 0 1
5 5 linear 2 15 52 2 0.001 3.8660132873016897 0.049609788581782326 0.55846347138675911 -3.814223756889366 0.53264797522503493 -3.780230328196259 0.5 3.962957379643202 1.0570727495161898 OK 14 13 0.34426299999999999 0.25574200000000002 0.114367 0.22164500000000001 0.13703099999999999 0 0.12261799999999998 0.11871100000000004 0.114367 0.0088129999999999997 0.0085660000000000007 0.0079439999999999997 0.10050699999999999 0.097377999999999951 0.094186999999999979 0.002235 0.0021459999999999999 0.002101 0.00063800000000000011 0.00062299999999999996 0.00058500000000000002 1.0570702986907741 1.0570702986907741 1.0570702986907741 0.00078732346249714641 0.00078732346249714641 0.00078732346249714641 1 1 1 Converged Converged Converged OK OK OK 51 51 51 51 51 51 5 5 5 0 0 0 0 1 0 0 1
5 5 linear 2 23 52 3 0.001 3.8660132873016897 0.049609788581782326 0.55846347138675911 -3.814223756889366 0.53264797522503493 -3.7025310626120143 0.5 3.8852581140589573 1.0763327420866746 OK 14 13 0.39898800000000001 0.30294500000000002 0.15770100000000001 0.237291 0.140016 0 0.16169700000000001 0.16292900000000002 0.15770100000000001 0.0084329999999999995 0.0086899999999999998 0.007809 0.137131 0.13799299999999998 0.13284500000000002 0.002787 0.0032020000000000004 0.0024459999999999998 0.00080499999999999994 0.000718 0.00065500000000000009 1.076328976260464 1.076328976260464 1.076328976260464 0.0005266703722580277 0.0005266703722580277 0.0005266703722580277 1 1 1 Converged Converged Converged OK OK OK 59 59 59 59 59 59 5 5 5 0 0 0 0 1 0 0 1
5 5 linear 2 0 52 0 0.0001 3.8660132873016897 0.049609788581782326 0.55846347138675911 -3.814223756889366 0.53264797522503493 -3.9259164511667177 0.5 4.1086435026136607 1.0339310205560699 OK 14 13 0.37013400000000002 0.36889699999999997 0.13669600000000001 0.22713900000000001 0.2296 0 0.14299500000000001 0.13929699999999998 0.13669600000000001 0.0096349999999999995 0.0095790000000000007 0.0090609999999999996 0.11037299999999999 0.10729099999999997 0.10639999999999999 0.0036769999999999997 0.0033219999999999994 0.0029719999999999998 0.0010630000000000001 0.0010399999999999999 0.00094299999999999983 1.0339301993073111 1.0339301993073111 1.0339301993073111 5.8296933387723163e-05 5.8296933387723163e-05 5.8296933387723163e-05 1 1 1 Converged Converged Converged OK OK OK 67 67 67 67 67 67 5 5 5 0 0 0 0 0 1 0 0
5 5 linear 2 7 52 1 0.0001 3.8660132873016897 0.049609788581782326 0.55846347138675911 -3.814223756889366 0.53264797522503493 -3.8579295937805038 0.5 4.0406566452274468 1.0429966979865104 OK 14 13 0.35791800000000001 0.27610499999999999 0.12947700000000001 0.223441 0.13239799999999999 0 0.13447700000000001 0.143707 0.12947700000000001 0.0086239999999999997 0.0084919999999999995 0.0078569999999999994 0.10828699999999998 0.117605 0.104906 0.003173 0.0032689999999999998 0.002993 0.0009329999999999998 0.0010020000000000001 0.00092700000000000009 1.0429958040885645 1.0429958040885645 1.0429958040885645 5.1986020635467259e-05 5.1986020635467259e-05 5.1986020635467259e-05 1 1 1 Converged Converged Converged OK OK OK 67 67 67 67 67 67 5 5 5 0 0 0 0 1 0 0 1
5 5 linear 2 15 52 2 0.0001 3.8660132873016897 0.049609788581782326 0.55846347138675911 -3.814223756889366 0.53264797522503493 -3.780230328196259 0.5 3.962957379643202 1.0570727495161898 OK 14 13 0.38106200000000001 0.30102099999999998 0.15384700000000001 0.22128400000000001 0.13542299999999999 0 0.159778 0.165598 0.15384700000000001 0.0086409999999999994 0.0087180000000000001 0.0080289999999999997 0.13326200000000005 0.13935700000000001 0.12963100000000002 0.0032520000000000001 0.0034389999999999998 0.0028730000000000001 0.0010399999999999999 0.00099700000000000006 0.00081400000000000005 1.0570717287167422 1.0570717287167422 1.0570717287167422 5.3461677736738003e-05 5.3461677736738003e-05 5.3461677736738003e-05 1 1 1 Converged Converged Converged OK OK OK 67 67 67 67 67 67 5 5 5 0 0 0 0 1 0 0 1
5 5 linear 2 23 52 3 0.0001 3.8660132873016897 0.049609788581782326 0.55846347138675911 -3.814223756889366 0.53264797522503493 -3.7025310626120143 0.5 3.8852581140589573 1.0763327420866746 OK 14 13 0.407806 0.31736300000000001 0.16361800000000001 0.232518 0.142313 0 0.175288 0.17505000000000001 0.16361800000000001 0.0086619999999999996 0.0084659999999999996 0.007901 0.14798 0.14938299999999999 0.13928199999999999 0.0037230000000000002 0.003372 0.0030920000000000001 0.00095399999999999999 0.00089400000000000005 0.00086499999999999999 1.0763314846812964 1.0763314846812964 1.0763314846812964 6.7420341475552941e-05 6.7420341475552941e-05 6.7420341475552941e-05 1 1 1 Converged Converged Converged OK OK OK 67 67 67 67 67 67 5 5 5 0 0 0 0 1 0 0 1
5 5 linear 3 0 53 0 0.001 3.8660132873016897 0.049609788581782326 0.55846347138675911 -4.2786961777867534 -0.018305795728152274 -4.3903888720641051 0.5 4.5731159235110477 1.0163707700205331 OK 13 12 0.390324 0.38591199999999998 0.13761300000000001 0.246388 0.24654799999999999 0 0.14393600000000001 0.13936399999999999 0.13761300000000001 0.0099760000000000005 0.0098740000000000008 0.0096170000000000005 0.11415400000000001 0.11018000000000003 0.10927700000000003 0.0030530000000000002 0.0030350000000000004 0.0028380000000000002 0.00066700000000000006 0.00060800000000000003 0.00058399999999999988 1.0163865193137407 1.0163865193137407 1.0163865193137407 0.00060641946828104629 0.00060641946828104629 0.00060641946828104629 1 1 1 Converged Converged Converged OK OK OK 67 67 67 67 67 67 5 5 5 0 0 0 0 0 1 0 0
5 5 linear 3 7 53 1 0.001 3.8660132873016897 0.049609788581782326 0.55846347138675911 -4.2786961777867534 -0.018305795728152274 -4.3224020146778912 0.5 4.5051290661248338 1.0206320414782359 OK 13 12 0.386847 0.29029100000000002 0.12989899999999999 0.250745 0.15209700000000001 0 0.136102 0.13819400000000001 0.12989899999999999 0.0089210000000000001 0.0089420000000000003 0.0084360000000000008 0.11079400000000003 0.11336800000000005 0.10613000000000003 0.0031580000000000002 0.0029710000000000001 0.0028439999999999997 0.00061699999999999993 0.00059899999999999992 0.00056800000000000004 1.0206479325254407 1.0206479325254407 1.0206479325254407 0.00062563472576215341 0.00062563472576215341 0.00062563472576215341 1 1 1 Converged Converged Converged OK OK OK 67 67 67 67 67 67 5 5 5 0 0 0 0 1 0 0 1
5 5 linear 3 15 53 2 0.001 3.8660132873016897 0.049609788581782326 0.55846347138675911 -4.2786961777867534 -0.018305795728152274 -4.244702749093646 0.5 4.4274298005405885 1.0279630015677221 OK 13 12 0.38114100000000001 0.29241099999999998 0.13356000000000001 0.24393899999999999 0.15107699999999999 0 0.13720200000000002 0.14133399999999999 0.13356000000000001 0.0088880000000000001 0.0090819999999999998 0.008319 0.11207800000000001 0.11641199999999996 0.11005699999999996 0.00314 0.0029460000000000003 0.002794 0.00060800000000000003 0.00059699999999999998 0.0005840000000000001 1.0279791392701163 1.0279791392701163 1.0279791392701163 0.00065242776363379912 0.00065242776363379912 0.00065242776363379912 1 1 1 Converged Converged Converged OK OK OK 67 67 67 67 67 67 5 5 5 0 0 0 0 1 0 0 1
5 5 linear 3 23 53 3 0.001 3.8660132873016897 0.049609788581782326 0.55846347138675911 -4.2786961777867534 -0.018305795728152274 -4.1670034835094016 0.5 4.3497305349563442 1.039924044044501 OK 13 12 0.38887100000000002 0.28752299999999997 0.13086300000000001 0.251716 0.15029999999999999 0 0.13715500000000003 0.13722299999999998 0.13086300000000001 0.0090469999999999995 0.0089610000000000002 0.0083630000000000006 0.11190400000000005 0.11272599999999997 0.10748100000000002 0.0032329999999999998 0.0029310000000000004 0.0027760000000000003 0.00065900000000000008 0.00062500000000000012 0.00060599999999999998 1.0399410406901712 1.0399410406901712 1.0399410406901712 0.00069271199609635074 0.00069271199609635074 0.00069271199609635074 1 1 1 Converged Converged Converged OK OK OK 67 67 67 67 67 67 5 5 5 0 0 0 0 1 0 0 1
5 5 linear 3 0 53 0 0.0001 3.8660132873016897 0.049609788581782326 0.55846347138675911 -4.2786961777867534 -0.018305795728152274 -4.3903888720641051 0.5 4.5731159235110477 1.0163707700205331 OK 13 12 0.44979599999999997 0.44655699999999998 0.19802400000000001 0.24526200000000001 0.24571599999999999 0 0.20453399999999997 0.20084099999999999 0.19802400000000001 0.0098499999999999994 0.010011000000000001 0.0095049999999999996 0.16381700000000005 0.15860899999999992 0.15731600000000007 0.0055409999999999999 0.0065109999999999994 0.005855 0.00083599999999999994 0.00090899999999999998 0.00082600000000000002 1.0163713389269113 1.0163713389269113 1.0163713389269113 4.047534717084806e-05 4.047534717084806e-05 4.047534717084806e-05 1 1 1 Converged Converged Converged OK OK OK 107 107 107 107 107 107 5 5 5 0 0 0 0 0 1 0 0
5 5 linear 3 7 53 1 0.0001 3.8660132873016897 0.049609788581782326 0.55846347138675911 -4.2786961777867534 -0.018305795728152274 -4.3224020146778912 0.5 4.5051290661248338 1.0206320414782359 OK 13 12 0.45064500000000002 0.36343799999999998 0.19101399999999999 0.25561499999999998 0.153224 0 0.19503000000000004 0.21021399999999998 0.19101399999999999 0.0090570000000000008 0.0089739999999999993 0.0084460000000000004 0.16037199999999993 0.17604599999999995 0.15746399999999997 0.0058269999999999997 0.0056449999999999998 0.0058989999999999997 0.00087200000000000016 0.00085099999999999998 0.00082400000000000008 1.0206326987403926 1.0206326987403926 1.0206326987403926 4.2026529717377249e-05 4.2026529717377249e-05 4.2026529717377249e-05 1 1 1 Converged Converged Converged OK OK OK 107 107 107 107 107 107 5 5 5 0 0 0 0 1 0 0 1
5 5 linear 3 15 53 2 0.0001 3.8660132873016897 0.049609788581782326 0.55846347138675911 -4.2786961777867534 -0.018305795728152274 -4.244702749093646 0.5 4.4274298005405885 1.0279630015677221 OK 13 12 0.43459399999999998 0.35775299999999999 0.18570500000000001 0.23996799999999999 0.15484600000000001 0 0.19462599999999999 0.20290699999999998 0.18570500000000001 0.0090819999999999998 0.0090360000000000006 0.0084139999999999996 0.15952800000000017 0.16770299999999996 0.15262899999999993 0.0058650000000000004 0.0063010000000000002 0.0057909999999999993 0.00081700000000000002 0.00089300000000000002 0.00081999999999999998 1.027963655372985 1.027963655372985 1.027963655372985 4.4079209670401032e-05 4.4079209670401032e-05 4.4079209670401032e-05 1 1 1 Converged Converged Converged OK OK OK 107 107 107 107 107 107 5 5 5 0 0 0 0 1 0 0 1
5 5 linear 3 23 53 3 0.0001 3.8660132873016897 0.049609788581782326 0.55846347138675911 -4.2786961777867534 -0.018305795728152274 -4.1670034835094016 0.5 4.3497305349563442 1.039924044044501 OK 13 12 0.44973600000000002 0.35016199999999997 0.18626100000000001 0.254834 0.14917800000000001 0 0.19490200000000002 0.20098399999999997 0.18626100000000001 0.0088819999999999993 0.0091450000000000004 0.0084379999999999993 0.16056499999999999 0.16598999999999994 0.15304399999999999 0.0057940000000000005 0.0059359999999999994 0.0057019999999999996 0.00088999999999999995 0.00089900000000000006 0.00087900000000000001 1.0399248249567277 1.0399248249567277 1.0399248249567277 4.9787026193078559e-05 4.9787026193078559e-05 4.9787026193078559e-05 1 1 1 Converged Converged Converged OK OK OK 107 107 107 107 107 107 5 5 5 0 0 0 0 1 0 0 1
5 5 linear 4 0 54 0 0.001 3.8660132873016897 0.049609788581782326 0.55846347138675911 -2.9007460554741771 -0.75026786649922794 -3.0124387497515288 0.5 3.1951658011984718 1.0180733712842089 OK 13 12 0.301396 0.29965999999999998 0.077257999999999993 0.221472 0.22109400000000001 0 0.079923999999999995 0.078565999999999969 0.077257999999999993 0.0091889999999999993 0.008822 0.0086920000000000001 0.054044999999999996 0.053081000000000003 0.052054999999999997 0.0023990000000000001 0.002493 0.002444 0.000669 0.00068300000000000001 0.00067199999999999996 1.0180728449248453 1.0180728449248453 1.0180728449248453 0.00027130429357508974 0.00027130429357508974 0.00027130429357508974 1 1 1 Converged Converged Converged OK OK OK 52 52 52 52 52 52 4 4 4 0 0 0 0 0 1 0 0
5 5 linear 4 7 54 1 0.001 3.8660132873016897 0.049609788581782326 0.55846347138675911 -2.9007460554741771 -0.75026786649922794 -2.9444518923653149 0.5 3.1271789438122579 1.0176869609328445 OK 13 12 0.30134699999999998 0.212309 0.076454999999999995 0.22098200000000001 0.12564700000000001 0 0.080364999999999964 0.086661999999999989 0.076454999999999995 0.0085000000000000006 0.008404 0.0077000000000000002 0.057617000000000002 0.064097999999999988 0.055300999999999989 0.0025439999999999998 0.0025970000000000003 0.0023189999999999999 0.000638 0.00065900000000000008 0.00063400000000000001 1.0176862584372075 1.0176862584372075 1.0176862584372075 0.00066316951715277852 0.00066316951715277852 0.00066316951715277852 1 1 1 Converged Converged Converged OK OK OK 52 52 52 52 52 52 4 4 4 0 0 0 0 1 0 0 1
5 5 linear 4 15 54 2 0.001 3.8660132873016897 0.049609788581782326 0.55846347138675911 -2.9007460554741771 -0.75026786649922794 -2.8667526267810701 0.5 3.0494796782280131 1.0176406702763434 OK 13 12 0.29622900000000002 0.20678299999999999 0.070476999999999998 0.22217799999999999 0.126331 0 0.074051000000000033 0.080451999999999996 0.070476999999999998 0.0083630000000000006 0.0083990000000000002 0.0077850000000000003 0.052246000000000015 0.058726999999999988 0.050144999999999995 0.0025010000000000002 0.0025109999999999998 0.0022439999999999999 0.00067100000000000005 0.000696 0.00066400000000000009 1.0176376969069971 1.0176376969069971 1.0176376969069971 0.00064252765492298232 0.00064252765492298232 0.00064252765492298232 1 1 1 Converged Converged Converged OK OK OK 52 52 52 52 52 52 4 4 4 0 0 0 0 1 0 0 1
5 5 linear 4 23 54 3 0.001 3.8660132873016897 0.049609788581782326 0.55846347138675911 -2.9007460554741771 -0.75026786649922794 -2.7890533611968253 0.5 2.9717804126437684 1.0179987610538264 OK 13 12 0.30199300000000001 0.209455 0.069976999999999998 0.227626 0.12607099999999999 0 0.074367000000000016 0.083384000000000014 0.069976999999999998 0.0083009999999999994 0.0083020000000000004 0.0077910000000000002 0.052331000000000003 0.06194800000000001 0.049765000000000004 0.0025370000000000002 0.0022949999999999997 0.002166 0.00078899999999999999 0.00073500000000000008 0.00068099999999999996 1.0179961996799824 1.0179961996799824 1.0179961996799824 0.00051230095877661294 0.00051230095877661294 0.00051230095877661294 1 1 1 Converged Converged Converged OK OK OK 52 52 52 52 52 52 4 4 4 0 0 0 0 1 0 0 1
5 5 linear 4 0 54 0 0.0001 3.8660132873016897 0.049609788581782326 0.55846347138675911 -2.9007460554741771 -0.75026786649922794 -3.0124387497515288 0.5 3.1951658011984718 1.0180733712842089 OK 13 12 0.33045000000000002 0.33484000000000003 0.105892 0.220748 0.226387 0 0.10970200000000002 0.10845300000000002 0.105892 0.0091559999999999992 0.0092499999999999995 0.0087060000000000002 0.076439000000000021 0.074535000000000018 0.073686000000000015 0.0039709999999999997 0.0042099999999999993 0.0038940000000000003 0.00094200000000000002 0.00101 0.00090600000000000001 1.0180727237197151 1.0180727237197151 1.0180727237197151 1.5774784383797066e-05 1.5774784383797066e-05 1.5774784383797066e-05 1 1 1 Converged Converged Converged OK OK OK 76 76 76 76 76 76 4 4 4 0 0 0 0 0 1 0 0
5 5 linear 4 7 54 1 0.0001 3.8660132873016897 0.049609788581782326 0.55846347138675911 -2.9007460554741771 -0.75026786649922794 -2.9444518923653149 0.5 3.1271789438122579 1.0176869609328445 OK 13 12 0.31299199999999999 0.22029399999999999 0.084819000000000006 0.22473299999999999 0.124904 0 0.088259000000000004 0.095389999999999989 0.084819000000000006 0.0084130000000000003 0.0084379999999999993 0.0077429999999999999 0.064257000000000009 0.070920999999999998 0.061845000000000004 0.0026940000000000002 0.003088 0.0027009999999999998 0.00075999999999999993 0.00070700000000000005 0.00076000000000000004 1.0176863345379787 1.0176863345379787 1.0176863345379787 1.9989539755295419e-05 1.9989539755295419e-05 1.9989539755295419e-05 1 1 1 Converged Converged Converged OK OK OK 60 60 60 60 60 60 4 4 4 0 0 0 0 1 0 0 1
5 5 linear 4 15 54 2 0.0001 3.8660132873016897 0.049609788581782326 0.55846347138675911 -2.9007460554741771 -0.75026786649922794 -2.8667526267810701 0.5 3.0494796782280131 1.0176406702763434 OK 13 12 0.312859 0.21571000000000001 0.083340999999999998 0.22400400000000001 0.122922 0 0.08885499999999999 0.092788000000000009 0.083340999999999998 0.0084530000000000004 0.0083630000000000006 0.0077600000000000004 0.063671000000000005 0.069141999999999995 0.060569999999999985 0.0031129999999999999 0.0025870000000000003 0.0026499999999999996 0.00087000000000000011 0.00079000000000000001 0.00077799999999999994 1.0176400214206216 1.0176400214206216 1.0176400214206216 2.8388708995146877e-05 2.8388708995146877e-05 2.8388708995146877e-05 1 1 1 Converged Converged Converged OK OK OK 60 60 60 60 60 60 4 4 4 0 0 0 0 1 0 0 1
5 5 linear 4 23 54 3 0.0001 3.8660132873016897 0.049609788581782326 0.55846347138675911 -2.9007460554741771 -0.75026786649922794 -2.7890533611968253 0.5 2.9717804126437684 1.0179987610538264 OK 13 12 0.31368699999999999 0.21551300000000001 0.083402000000000004 0.22647999999999999 0.122762 0 0.087207000000000007 0.092751000000000014 0.083402000000000004 0.0084200000000000004 0.0083409999999999995 0.0077149999999999996 0.063100000000000003 0.069026000000000018 0.060974000000000014 0.0027539999999999999 0.0026919999999999999 0.0025599999999999998 0.00086399999999999997 0.00083799999999999999 0.00081099999999999987 1.017998143790265 1.017998143790265 1.017998143790265 2.9089859336272817e-05 2.9089859336272817e-05 2.9089859336272817e-05 1 1 1 Converged Converged Converged OK OK OK 60 60 60 60 60 60 4 4 4 0 0 0 0 1 0 0 1
5 5 uniform 0 0 55 0 0.001 3.8660132873016897 0.049609788581782326 0.55846347138675911 -3.4782318818334228 -0.061438655056329353 -3.5899245761107745 0 3.7726516275577175 1.2705432920063231 OK 15 14 0.33716299999999999 0.33939999999999998 0.108422 0.22883899999999999 0.23016500000000001 0 0.108324 0.10923499999999997 0.108422 0.010925000000000001 0.011266999999999999 0.011006 0.07263399999999999 0.073115999999999973 0.072901999999999995 0.0027160000000000001 0.0027539999999999995 0.0027340000000000003 0.00074200000000000004 0.000883 0.00081599999999999999 1.2705368448402961 1.2705368448402961 1.2705368448402961 0.00089992079848049615 0.00089992079848049615 0.00089992079848049615 1 1 1 Converged Converged Converged OK OK OK 86 86 86 86 86 86 10 10 10 0 0 0 0 0 1 0 0
5 5 uniform 0 7 55 1 0.001 3.8660132873016897 0.049609788581782326 0.55846347138675911 -3.4782318818334228 -0.061438655056329353 -3.5219377187245606 0 3.7046647701715036 1.2735764097459048 OK 15 14 0.36486600000000002 0.27278000000000002 0.122923 0.24055299999999999 0.13852500000000001 0 0.12431300000000003 0.13425500000000001 0.122923 0.0097199999999999995 0.010067 0.0092879999999999994 0.093311000000000005 0.10342500000000002 0.092911999999999967 0.0032620000000000001 0.0032899999999999995 0.0032590000000000002 0.00089900000000000006 0.00091799999999999998 0.00089799999999999993 1.2735751224116034 1.2735751224116034 1.2735751224116034 0.00081141824616082366 0.00081141824616082366 0.00081141824616082366 1 1 1 Converged Converged Converged OK OK OK 94 94 94 94 94 94 10 10 10 0 0 0 0 1 0 0 1
5 5 uniform 0 15 55 2 0.001 3.8660132873016897 0.049609788581782326 0.55846347138675911 -3.4782318818334228 -0.061438655056329353 -3.4442384531403158 0 3.6269655045872589 1.2752603728123326 OK 16 15 0.40458 0.300288 0.140323 0.26077800000000001 0.155082 0 0.14380199999999999 0.145206 0.140323 0.013035 0.012975 0.012097 0.10767499999999995 0.10959999999999993 0.10648100000000002 0.0037830000000000003 0.0039849999999999998 0.003637 0.0011020000000000001 0.00097199999999999999 0.00094500000000000009 1.2752596778590524 1.2752596778590524 1.2752596778590524 0.0010913799449423674 0.0010913799449423674 0.0010913799449423674 1 1 1 Converged Converged Converged OK OK OK 94 94 94 94 94 94 10 10 10 0 0 0 0 1 0 0 1
5 5 uniform 0 23 55 3 0.001 3.8660132873016897 0.049609788581782326 0.55846347138675911 -3.4782318818334228 -0.061438655056329353 -3.3665391875560711 0 3.5492662390030141 1.2752277558838852 OK 16 15 0.403225 0.30719099999999999 0.13853099999999999 0.26041599999999998 0.163461 0 0.14280900000000002 0.14373 0.13853099999999999 0.012371 0.012666999999999999 0.011533 0.10664399999999999 0.106908 0.10372699999999996 0.0036249999999999998 0.0039330000000000007 0.0036810000000000002 0.00089499999999999996 0.00098700000000000003 0.00094699999999999993 1.275226568995284 1.275226568995284 1.275226568995284 0.0012653305609130177 0.0012653305609130177 0.0012653305609130177 1 1 1 Converged Converged Converged OK OK OK 101 101 101 101 101 101 11 11 11 0 0 0 0 1 0 0 1
5 5 uniform 0 0 55 0 0.0001 3.8660132873016897 0.049609788581782326 0.55846347138675911 -3.4782318818334228 -0.061438655056329353 -3.5899245761107745 0 3.7726516275577175 1.2705432920063231 OK 15 14 0.36216300000000001 0.35908299999999999 0.12836 0.234097 0.22866500000000001 0 0.12806600000000001 0.13041799999999998 0.12836 0.011153 0.011259999999999999 0.011030999999999999 0.084770000000000012 0.086744999999999989 0.085428999999999991 0.0035830000000000002 0.0039519999999999998 0.0037269999999999998 0.001103 0.0011710000000000002 0.0013570000000000001 1.270543243089526 1.270543243089526 1.270543243089526 7.3150464103548767e-05 7.3150464103548767e-05 7.3150464103548767e-05 1 1 1 Converged Converged Converged OK OK OK 102 102 102 102 102 102 10 10 10 0 0 0 0 0 1 0 0
5 5 uniform 0 7 55 1 0.0001 3.8660132873016897 0.049609788581782326 0.55846347138675911 -3.4782318818334228 -0.061438655056329353 -3.5219377187245606 0 3.7046647701715036 1.2735764097459048 OK 15 14 0.39742499999999997 0.30091099999999998 0.14926700000000001 0.24551600000000001 0.13871900000000001 0 0.15190899999999996 0.16219199999999998 0.14926700000000001 0.0096319999999999999 0.0097879999999999998 0.0091599999999999997 0.11357799999999998 0.12352099999999998 0.11253799999999997 0.0045009999999999998 0.0047189999999999992 0.0042880000000000001 0.0014269999999999999 0.0014420000000000001 0.0014479999999999999 1.273576113182517 1.273576113182517 1.273576113182517 6.615133843220992e-05 6.615133843220992e-05 6.615133843220992e-05 1 1 1 Converged Converged Converged OK OK OK 118 118 118 118 118 118 10 10 10 0 0 0 0 1 0 0 1
5 5 uniform 0 15 55 2 0.0001 3.8660132873016897 0.049609788581782326 0.55846347138675911 -3.4782318818334228 -0.061438655056329353 -3.4442384531403158 0 3.6269655045872589 1.2752603728123326 OK 16 15 0.41301199999999999 0.32027699999999998 0.15505099999999999 0.26057900000000001 0.15601599999999999 0 0.15243299999999999 0.16426099999999999 0.15505099999999999 0.012676 0.013263 0.012385 0.11286399999999999 0.123278 0.11244799999999996 0.0044760000000000008 0.0049650000000000007 0.0085140000000000007 0.0013410000000000002 0.001456 0.001317 1.2752604244113912 1.2752604244113912 1.2752604244113912 5.0464767806222678e-05 5.0464767806222678e-05 5.0464767806222678e-05 1 1 1 Converged Converged Converged OK OK OK 110 110 110 110 110 110 10 10 10 0 0 0 0 1 0 0 1
5 5 uniform 0 23 55 3 0.0001 3.8660132873016897 0.049609788581782326 0.55846347138675911 -3.4782318818334228 -0.061438655056329353 -3.3665391875560711 0 3.5492662390030141 1.2752277558838852 OK 16 15 0.431226 0.344692 0.168683 0.26197399999999998 0.158832 0 0.16925200000000001 0.18586 0.168683 0.012357 0.012428 0.011674 0.12468399999999995 0.141517 0.12555899999999998 0.0054320000000000002 0.0055770000000000004 0.0056369999999999996 0.001446 0.0015460000000000001 0.0014829999999999999 1.2752277780936028 1.2752277780936028 1.2752277780936028 0.00010347464955669904 0.00010347464955669904 0.00010347464955669904 1 1 1 Converged Converged Converged OK OK OK 133 133 133 133 133 133 11 11 11 0 0 0 0 1 0 0 1
5 5 uniform 1 0 56 0 0.001 3.8660132873016897 0.049609788581782326 0.55846347138675911 -3.6465526278612241 -0.35807708582380177 -3.7582453221385759 0 3.9409723735855189 1.2057256437639456 OK 14 13 0.32356800000000002 0.32761899999999999 0.10506500000000001 0.21606900000000001 0.220272 0 0.10749900000000001 0.107347 0.10506500000000001 0.01014 0.010290000000000001 0.0098740000000000008 0.071883999999999976 0.071625000000000008 0.070558000000000023 0.0031670000000000005 0.0032139999999999998 0.0029639999999999996 0.0008969999999999999 0.00086900000000000009 0.00089800000000000004 1.2057251243233724 1.2057251243233724 1.2057251243233724 0.00054153275533384598 0.00054153275533384598 0.00054153275533384598 1 1 1 Converged Converged Converged OK OK OK 87 87 87 87 87 87 9 9 9 0 0 0 0 0 1 0 0
5 5 uniform 1 7 56 1 0.001 3.8660132873016897 0.049609788581782326 0.55846347138675911 -3.6465526278612241 -0.35807708582380177 -3.690258464752362 0 3.872985516199305 1.2246975651621461 OK 14 13 0.31467899999999999 0.23605599999999999 0.100311 0.21431900000000001 0.131795 0 0.10035999999999998 0.10426099999999999 0.100311 0.0088520000000000005 0.0089169999999999996 0.0084150000000000006 0.074679000000000009 0.078060000000000004 0.07511000000000001 0.0026320000000000002 0.0028159999999999999 0.0029049999999999996 0.00083500000000000002 0.00087299999999999986 0.00089400000000000005 1.2246969973086064 1.2246969973086064 1.2246969973086064 0.00060132527198445492 0.00060132527198445492 0.00060132527198445492 1 1 1 Converged Converged Converged OK OK OK 87 87 87 87 87 87 9 9 9 0 0 0 0 1 0 0 1
5 5 uniform 1 15 56 2 0.001 3.8660132873016897 0.049609788581782326 0.55846347138675911 -3.6465526278612241 -0.35807708582380177 -3.6125591991681172 0 3.7952862506150602 1.2377032867074 OK 14 13 0.298184 0.223935 0.084740999999999997 0.21065200000000001 0.134987 0 0.087531999999999999 0.088947999999999999 0.084740999999999997 0.0090570000000000008 0.0089549999999999994 0.008293 0.062890999999999975 0.064786999999999983 0.061697999999999961 0.0025490000000000001 0.002477 0.0023119999999999998 0.00080199999999999998 0.00069399999999999996 0.00070500000000000001 1.2377018183915127 1.2377018183915127 1.2377018183915127 0.0010741230550585855 0.0010741230550585855 0.0010741230550585855 1 1 1 Converged Converged Converged OK OK OK 79 79 79 79 79 79 9 9 9 0 0 0 0 1 0 0 1
5 5 uniform 1 23 56 3 0.001 3.8660132873016897 0.049609788581782326 0.55846347138675911 -3.6465526278612241 -0.35807708582380177 -3.5348599335838724 0 3.7175869850308154 1.2450288599621486 OK 14 13 0.30321999999999999 0.22992399999999999 0.088908000000000001 0.21123400000000001 0.135716 0 0.091985999999999984 0.094207999999999986 0.088908000000000001 0.0089779999999999999 0.0089269999999999992 0.0082539999999999992 0.067412999999999973 0.069694999999999979 0.066206999999999988 0.0025420000000000004 0.0026199999999999999 0.0023709999999999998 0.000794 0.00086399999999999997 0.00067199999999999996 1.2450280075840525 1.2450280075840525 1.2450280075840525 0.00092959819634204355 0.00092959819634204355 0.00092959819634204355 1 1 1 Converged Converged Converged OK OK OK 79 79 79 79 79 79 9 9 9 0 0 0 0 1 0 0 1
5 5 uniform 1 0 56 0 0.0001 3.8660132873016897 0.049609788581782326 0.55846347138675911 -3.6465526278612241 -0.35807708582380177 -3.7582453221385759 0 3.9409723735855189 1.2057256437639456 OK 14 13 0.33376 0.32991799999999999 0.113658 0.21479799999999999 0.21517700000000001 0 0.11896200000000001 0.11474099999999998 0.113658 0.010319 0.010343 0.0097649999999999994 0.079141000000000017 0.075483000000000022 0.075286999999999993 0.0035380000000000003 0.0036390000000000003 0.0033019999999999994 0.001114 0.00098799999999999995 0.001062 1.2057256689823332 1.2057256689823332 1.2057256689823332 0.00010786436637588699 0.00010786436637588699 0.00010786436637588699 1 1 1 Converged Converged Converged OK OK OK 95 95 95 95 95 95 9 9 9 0 0 0 0 0 1 0 0
5 5 uniform 1 7 56 1 0.0001 3.8660132873016897 0.049609788581782326 0.55846347138675911 -3.6465526278612241 -0.35807708582380177 -3.690258464752362 0 3.872985516199305 1.2246975651621461 OK 14 13 0.32637300000000002 0.25453500000000001 0.112736 0.208981 0.132714 0 0.11739200000000002 0.12182100000000001 0.112736 0.0087869999999999997 0.0090469999999999995 0.0083330000000000001 0.086016999999999968 0.089747000000000035 0.081871999999999973 0.0034099999999999994 0.0036249999999999998 0.0034870000000000001 0.0011640000000000001 0.0012560000000000002 0.001196 1.224697577351062 1.224697577351062 1.224697577351062 8.3272794026738794e-05 8.3272794026738794e-05 8.3272794026738794e-05 1 1 1 Converged Converged Converged OK OK OK 103 103 103 103 103 103 9 9 9 0 0 0 0 1 0 0 1
5 5 uniform 1 15 56 2 0.0001 3.8660132873016897 0.049609788581782326 0.55846347138675911 -3.6465526278612241 -0.35807708582380177 -3.6125591991681172 0 3.7952862506150602 1.2377032867074 OK 14 13 0.31244699999999997 0.247138 0.10588400000000001 0.20422999999999999 0.12956899999999999 0 0.10821699999999998 0.11756900000000001 0.10588400000000001 0.0087690000000000008 0.0090609999999999996 0.0082780000000000006 0.078100000000000003 0.087178000000000033 0.077163999999999996 0.0035260000000000005 0.0036030000000000007 0.0033209999999999997 0.0011739999999999999 0.00131 0.001176 1.2377031886717229 1.2377031886717229 1.2377031886717229 9.8806651269924006e-05 9.8806651269924006e-05 9.8806651269924006e-05 1 1 1 Converged Converged Converged OK OK OK 103 103 103 103 103 103 9 9 9 0 0 0 0 1 0 0 1
5 5 uniform 1 23 56 3 0.0001 3.8660132873016897 0.049609788581782326 0.55846347138675911 -3.6465526278612241 -0.35807708582380177 -3.5348599335838724 0 3.7175869850308154 1.2450288599621486 OK 14 13 0.32332899999999998 0.254606 0.111119 0.20795 0.13236999999999999 0 0.11537899999999998 0.12223600000000001 0.111119 0.0090670000000000004 0.0089049999999999997 0.0082360000000000003 0.084179000000000018 0.092416999999999985 0.082548999999999956 0.0041400000000000005 0.0036219999999999998 0.0034640000000000001 0.001235 0.0012539999999999999 0.0011739999999999999 1.2450287994357221 1.2450287994357221 1.2450287994357221 0.00010794655969143443 0.00010794655969143443 0.00010794655969143443 1 1 1 Converged Converged Converged OK OK OK 103 103 103 103 103 103 9 9 9 0 0 0 0 1 0 0 1
5 5 uniform 2 0 57 0 0.001 3.8660132873016897 0.049609788581782326 0.55846347138675911 -3.814223756889366 0.53264797522503493 -3.9259164511667177 0 4.1086435026136607 1.0359666456633014 OK 14 13 0.32383699999999999 0.32443899999999998 0.092829999999999996 0.228741 0.23135 0 0.095095999999999986 0.093088999999999977 0.092829999999999996 0.0095250000000000005 0.0094129999999999995 0.0092409999999999992 0.069650999999999991 0.068768000000000024 0.068391999999999994 0.0022400000000000002 0.0020369999999999997 0.0020169999999999997 0.00059900000000000003 0.00056400000000000005 0.00054799999999999998 1.0359662360534356 1.0359662360534356 1.0359662360534356 0.00056023398157565229 0.00056023398157565229 0.00056023398157565229 1 1 1 Converged Converged Converged OK OK OK 51 51 51 51 51 51 5 5 5 0 0 0 0 0 1 0 0
5 5 uniform 2 7 57 1 0.001 3.8660132873016897 0.049609788581782326 0.55846347138675911 -3.814223756889366 0.53264797522503493 -3.8579295937805038 0 4.0406566452274468 1.0460366816677249 OK 14 13 0.314197 0.223298 0.086859000000000006 0.22464899999999999 0.130053 0 0.089548000000000016 0.093244999999999995 0.086859000000000006 0.0083999999999999995 0.0086130000000000009 0.0078639999999999995 0.068060999999999997 0.072404999999999983 0.067089999999999997 0.00215 0.0020070000000000001 0.0019 0.00055600000000000007 0.00055800000000000001 0.00052599999999999999 1.0460364282355263 1.0460364282355263 1.0460364282355263 0.00066505369504624699 0.00066505369504624699 0.00066505369504624699 1 1 1 Converged Converged Converged OK OK OK 51 51 51 51 51 51 5 5 5 0 0 0 0 1 0 0 1
5 5 uniform 2 15 57 2 0.001 3.8660132873016897 0.049609788581782326 0.55846347138675911 -3.814223756889366 0.53264797522503493 -3.780230328196259 0 3.962957379643202 1.0619032234284702 OK 14 13 0.311832 0.22665299999999999 0.085332000000000005 0.224472 0.130967 0 0.087359999999999993 0.095685999999999993 0.085332000000000005 0.0085389999999999997 0.0085059999999999997 0.007901 0.066324999999999995 0.074793000000000012 0.065597000000000016 0.0019580000000000001 0.0019940000000000001 0.001951 0.00065899999999999997 0.00063600000000000006 0.00058200000000000005 1.061903881546796 1.061903881546796 1.061903881546796 0.00087500994275624346 0.00087500994275624346 0.00087500994275624346 1 1 1 Converged Converged Converged OK OK OK 51 51 51 51 51 51 5 5 5 0 0 0 0 1 0 0 1
5 5 uniform 2 23 57 3 0.001 3.8660132873016897 0.049609788581782326 0.55846347138675911 -3.814223756889366 0.53264797522503493 -3.7025310626120143 0 3.8852581140589573 1.0840810580806375 OK 14 13 0.34055400000000002 0.24731900000000001 0.103601 0.23378599999999999 0.139233 0 0.10676800000000003 0.10808600000000002 0.103601 0.0085330000000000007 0.0085520000000000006 0.0079279999999999993 0.082494000000000012 0.08448700000000002 0.081194000000000044 0.0025589999999999996 0.0025669999999999998 0.0023389999999999999 0.00071699999999999997 0.00073499999999999998 0.00069299999999999993 1.0840802817877244 1.0840802817877244 1.0840802817877244 0.00054033992033132182 0.00054033992033132182 0.00054033992033132182 1 1 1 Converged Converged Converged OK OK OK 59 59 59 59 59 59 5 5 5 0 0 0 0 1 0 0 1
5 5 uniform 2 0 57 0 0.0001 3.8660132873016897 0.049609788581782326 0.55846347138675911 -3.814223756889366 0.53264797522503493 -3.9259164511667177 0 4.1086435026136607 1.0359666456633014 OK 14 13 0.34934900000000002 0.34982400000000002 0.12053700000000001 0.22684599999999999 0.227941 0 0.12250300000000003 0.12188300000000002 0.12053700000000001 0.0094439999999999993 0.0093489999999999997 0.0090659999999999994 0.091708000000000012 0.091336000000000001 0.090706999999999968 0.002826 0.0027830000000000003 0.0027230000000000002 0.00080399999999999992 0.00083700000000000007 0.00083400000000000011 1.0359665620668286 1.0359665620668286 1.0359665620668286 6.1179436044785625e-05 6.1179436044785625e-05 6.1179436044785625e-05 1 1 1 Converged Converged Converged OK OK OK 67 67 67 67 67 67 5 5 5 0 0 0 0 0 1 0 0
5 5 uniform 2 7 57 1 0.0001 3.8660132873016897 0.049609788581782326 0.55846347138675911 -3.814223756889366 0.53264797522503493 -3.8579295937805038 0 4.0406566452274468 1.0460366816677249 OK 14 13 0.33741700000000002 0.26040799999999997 0.113702 0.221083 0.130194 0 0.11633400000000002 0.13021399999999997 0.113702 0.0085810000000000001 0.0084679999999999998 0.0078309999999999994 0.090756000000000017 0.10501799999999997 0.089906 0.0028379999999999998 0.0027929999999999999 0.0027150000000000004 0.000736 0.00080100000000000006 0.00072300000000000001 1.0460365816546917 1.0460365816546917 1.0460365816546917 7.4068804717161555e-05 7.4068804717161555e-05 7.4068804717161555e-05 1 1 1 Converged Converged Converged OK OK OK 67 67 67 67 67 67 5 5 5 0 0 0 0 1 0 0 1
5 5 uniform 2 15 57 2 0.0001 3.8660132873016897 0.049609788581782326 0.55846347138675911 -3.814223756889366 0.53264797522503493 -3.780230328196259 0 3.962957379643202 1.0619032234284702 OK 14 13 0.33939999999999998 0.25847399999999998 0.11063099999999999 0.222967 0.13717099999999999 0 0.11643299999999998 0.12130299999999999 0.11063099999999999 0.0085579999999999996 0.0084939999999999998 0.0079260000000000008 0.090721000000000038 0.096289999999999987 0.086938999999999989 0.0028420000000000003 0.002794 0.0026359999999999999 0.00094799999999999995 0.00085899999999999995 0.00083200000000000006 1.0619030753764314 1.0619030753764314 1.0619030753764314 8.0794653796604623e-05 8.0794653796604623e-05 8.0794653796604623e-05 1 1 1 Converged Converged Converged OK OK OK 67 67 67 67 67 67 5 5 5 0 0 0 0 1 0 0 1
5 5 uniform 2 23 57 3 0.0001 3.8660132873016897 0.049609788581782326 0.55846347138675911 -3.814223756889366 0.53264797522503493 -3.7025310626120143 0 3.8852581140589573 1.0840810580806375 OK 14 13 0.34361900000000001 0.25769900000000001 0.109608 0.23102200000000001 0.13683100000000001 0 0.112597 0.120868 0.109608 0.0085900000000000004 0.0084349999999999998 0.0079310000000000005 0.087254000000000012 0.09578399999999998 0.085811999999999999 0.0029179999999999996 0.0029460000000000003 0.0027680000000000001 0.00084099999999999995 0.00079100000000000004 0.00081000000000000006 1.084080844709699 1.084080844709699 1.084080844709699 9.2143013505064826e-05 9.2143013505064826e-05 9.2143013505064826e-05 1 1 1 Converged Converged Converged OK OK OK 67 67 67 67 67 67 5 5 5 0 0 0 0 1 0 0 1
5 5 uniform 3 0 58 0 0.001 3.8660132873016897 0.049609788581782326 0.55846347138675911 -4.2786961777867534 -0.018305795728152274 -4.3903888720641051 0 4.5731159235110477 1.0167669943029374 OK 13 12 0.40884500000000001 0.40217700000000001 0.157639 0.249362 0.24377499999999999 0 0.15948300000000001 0.15840200000000002 0.157639 0.0098930000000000008 0.010000999999999999 0.0096410000000000003 0.12502099999999994 0.124861 0.12412199999999997 0.0051199999999999996 0.0047340000000000004 0.0050819999999999997 0.00069099999999999999 0.00067299999999999999 0.00070699999999999995 1.0167678467294721 1.0167678467294721 1.0167678467294721 0.00086726037233256334 0.00086726037233256334 0.00086726037233256334 1 1 1 Converged Converged Converged OK OK OK 91 91 91 91 91 91 5 5 5 0 0 0 0 0 1 0 0
5 5 uniform 3 7 58 1 0.001 3.8660132873016897 0.049609788581782326 0.55846347138675911 -4.2786961777867534 -0.018305795728152274 -4.3224020146778912 0 4.5051290661248338 1.0212374593825038 OK 13 12 0.37244300000000002 0.27736300000000003 0.11523 0.25260500000000002 0.15432599999999999 0 0.119838 0.12303700000000004 0.11523 0.0089709999999999998 0.0089859999999999992 0.0085190000000000005 0.094924999999999968 0.098180000000000031 0.091601999999999975 0.0027940000000000005 0.0029629999999999999 0.002712 0.00064999999999999997 0.00063199999999999997 0.00061000000000000008 1.0212671713979682 1.0212671713979682 1.0212671713979682 0.00084498043401924215 0.00084498043401924215 0.00084498043401924215 1 1 1 Converged Converged Converged OK OK OK 67 67 67 67 67 67 5 5 5 0 0 0 0 1 0 0 1
5 5 uniform 3 15 58 2 0.001 3.8660132873016897 0.049609788581782326 0.55846347138675911 -4.2786961777867534 -0.018305795728152274 -4.244702749093646 0 4.4274298005405885 1.028990278886085 OK 13 12 0.35644199999999998 0.273698 0.11587600000000001 0.23927899999999999 0.15140500000000001 0 0.11716299999999999 0.12229299999999999 0.11587600000000001 0.0088909999999999996 0.0089879999999999995 0.0084290000000000007 0.092913999999999983 0.097725000000000006 0.092554999999999998 0.0026129999999999999 0.002921 0.002643 0.00058700000000000007 0.00060999999999999997 0.00058500000000000002 1.0290206510610449 1.0290206510610449 1.0290206510610449 0.00087841113325775363 0.00087841113325775363 0.00087841113325775363 1 1 1 Converged Converged Converged OK OK OK 67 67 67 67 67 67 5 5 5 0 0 0 0 1 0 0 1
5 5 uniform 3 23 58 3 0.001 3.8660132873016897 0.049609788581782326 0.55846347138675911 -4.2786961777867534 -0.018305795728152274 -4.1670034835094016 0 4.3497305349563442 1.0417702163957969 OK 13 12 0.370896 0.27337400000000001 0.119903 0.25317200000000001 0.149363 0 0.117724 0.12401100000000001 0.119903 0.0089549999999999994 0.0090760000000000007 0.0082819999999999994 0.093280000000000016 0.098531000000000007 0.09670800000000003 0.0026830000000000001 0.0031739999999999997 0.0026570000000000001 0.00063600000000000006 0.00063899999999999992 0.00061400000000000007 1.0418022682195012 1.0418022682195012 1.0418022682195012 0.00093153814894507382 0.00093153814894507382 0.00093153814894507382 1 1 1 Converged Converged Converged OK OK OK 67 67 67 67 67 67 5 5 5 0 0 0 0 1 0 0 1
5 5 uniform 3 0 58 0 0.0001 3.8660132873016897 0.049609788581782326 0.55846347138675911 -4.2786961777867534 -0.018305795728152274 -4.3903888720641051 0 4.5731159235110477 1.0167669943029374 OK 13 12 0.42341600000000001 0.420072 0.17768999999999999 0.24469399999999999 0.245532 0 0.17872200000000002 0.17454 0.17768999999999999 0.0096629999999999997 0.0096880000000000004 0.0097090000000000006 0.13790800000000003 0.13370800000000005 0.13569699999999998 0.0052950000000000002 0.0053 0.0059070000000000008 0.0008470000000000001 0.00086200000000000003 0.00094600000000000001 1.0167689714260164 1.0167689714260164 1.0167689714260164 5.9719086873911577e-05 5.9719086873911577e-05 5.9719086873911577e-05 1 1 1 Converged Converged Converged OK OK OK 107 107 107 107 107 107 5 5 5 0 0 0 0 0 1 0 0
5 5 uniform 3 7 58 1 0.0001 3.8660132873016897 0.049609788581782326 0.55846347138675911 -4.2786961777867534 -0.018305795728152274 -4.3224020146778912 0 4.5051290661248338 1.0212374593825038 OK 13 12 0.41742899999999999 0.33591100000000002 0.16628599999999999 0.25238300000000002 0.155363 0 0.16504599999999997 0.18054800000000001 0.16628599999999999 0.0091059999999999995 0.0089420000000000003 0.0083700000000000007 0.13024500000000003 0.14662400000000003 0.13344999999999999 0.0058209999999999998 0.0053649999999999991 0.0053289999999999995 0.00087499999999999991 0.00090399999999999996 0.00082700000000000004 1.0212395804227361 1.0212395804227361 1.0212395804227361 6.2111604126354535e-05 6.2111604126354535e-05 6.2111604126354535e-05 1 1 1 Converged Converged Converged OK OK OK 107 107 107 107 107 107 5 5 5 0 0 0 0 1 0 0 1
5 5 uniform 3 15 58 2 0.0001 3.8660132873016897 0.049609788581782326 0.55846347138675911 -4.2786961777867534 -0.018305795728152274 -4.244702749093646 0 4.4274298005405885 1.028990278886085 OK 13 12 0.40601999999999999 0.331453 0.16176399999999999 0.24093700000000001 0.15337999999999999 0 0.16508299999999998 0.17807300000000001 0.16176399999999999 0.0091249999999999994 0.0089949999999999995 0.0085009999999999999 0.12999200000000002 0.14379799999999995 0.12906500000000004 0.0058980000000000005 0.0055659999999999998 0.0052620000000000002 0.00086499999999999988 0.00083900000000000001 0.00081800000000000004 1.0289925008731426 1.0289925008731426 1.0289925008731426 6.7097622761802127e-05 6.7097622761802127e-05 6.7097622761802127e-05 1 1 1 Converged Converged Converged OK OK OK 107 107 107 107 107 107 5 5 5 0 0 0 0 1 0 0 1
5 5 uniform 3 23 58 3 0.0001 3.8660132873016897 0.049609788581782326 0.55846347138675911 -4.2786961777867534 -0.018305795728152274 -4.1670034835094016 0 4.3497305349563442 1.0417702163957969 OK 13 12 0.41857299999999997 0.32794699999999999 0.16251099999999999 0.249638 0.151445 0 0.16893499999999997 0.17650199999999999 0.16251099999999999 0.0090500000000000008 0.0090379999999999992 0.0084480000000000006 0.13059999999999999 0.14242500000000002 0.12979400000000002 0.0057229999999999998 0.005555 0.0053630000000000006 0.00093099999999999997 0.00090399999999999996 0.00085400000000000005 1.0417727444983162 1.0417727444983162 1.0417727444983162 7.6657452710427327e-05 7.6657452710427327e-05 7.6657452710427327e-05 1 1 1 Converged Converged Converged OK OK OK 107 107 107 107 107 107 5 5 5 0 0 0 0 1 0 0 1
5 5 uniform 4 0 59 0 0.001 3.8660132873016897 0.049609788581782326 0.55846347138675911 -2.9007460554741771 -0.75026786649922794 -3.0124387497515288 0 3.1951658011984718 1.0189320443201344 OK 13 12 0.28950199999999998 0.29266500000000001 0.066003000000000006 0.22273799999999999 0.224888 0 0.06676399999999999 0.067777000000000004 0.066003000000000006 0.0089479999999999994 0.0092709999999999997 0.0087130000000000003 0.041410000000000009 0.041856999999999991 0.041216000000000003 0.0023519999999999999 0.002346 0.0022729999999999998 0.00063599999999999996 0.00071400000000000001 0.00067900000000000002 1.0189322849843194 1.0189322849843194 1.0189322849843194 0.00024132235180357719 0.00024132235180357719 0.00024132235180357719 1 1 1 Converged Converged Converged OK OK OK 52 52 52 52 52 52 4 4 4 0 0 0 0 0 1 0 0
5 5 uniform 4 7 59 1 0.001 3.8660132873016897 0.049609788581782326 0.55846347138675911 -2.9007460554741771 -0.75026786649922794 -2.9444518923653149 0 3.1271789438122579 1.0184032673350785 OK 13 12 0.28809800000000002 0.20306299999999999 0.065502000000000005 0.22146299999999999 0.12770300000000001 0 0.066635000000000028 0.075359999999999983 0.065502000000000005 0.008293 0.0083630000000000006 0.0078670000000000007 0.044593999999999995 0.05296099999999998 0.04425599999999999 0.0021710000000000002 0.0022669999999999999 0.002183 0.00067000000000000002 0.00069800000000000005 0.00065300000000000004 1.0184032817917903 1.0184032817917903 1.0184032817917903 0.00029194769126237029 0.00029194769126237029 0.00029194769126237029 1 1 1 Converged Converged Converged OK OK OK 52 52 52 52 52 52 4 4 4 0 0 0 0 1 0 0 1
5 5 uniform 4 15 59 2 0.001 3.8660132873016897 0.049609788581782326 0.55846347138675911 -2.9007460554741771 -0.75026786649922794 -2.8667526267810701 0 3.0494796782280131 1.0182231820606635 OK 13 12 0.28447699999999998 0.19434599999999999 0.059392 0.223606 0.125081 0 0.060870999999999981 0.069264999999999993 0.059392 0.0083370000000000007 0.0083999999999999995 0.0077850000000000003 0.039867000000000007 0.048070000000000009 0.039298000000000013 0.001964 0.0020820000000000001 0.0019959999999999999 0.00056899999999999995 0.000602 0.00060400000000000015 1.0182223277174189 1.0182223277174189 1.0182223277174189 0.00062491874018321856 0.00062491874018321856 0.00062491874018321856 1 1 1 Converged Converged Converged OK OK OK 52 52 52 52 52 52 4 4 4 0 0 0 0 1 0 0 1
5 5 uniform 4 23 59 3 0.001 3.8660132873016897 0.049609788581782326 0.55846347138675911 -2.9007460554741771 -0.75026786649922794 -2.7890533611968253 0 2.9717804126437684 1.0184770638134184 OK 13 12 0.28774 0.196244 0.058908000000000002 0.226046 0.12778500000000001 0 0.061693999999999999 0.068458999999999992 0.058908000000000002 0.0083009999999999994 0.0082909999999999998 0.0077089999999999997 0.039946000000000002 0.04735300000000002 0.039060000000000011 0.0022729999999999998 0.0021310000000000001 0.002026 0.00061499999999999999 0.00058799999999999998 0.00057499999999999999 1.01847629937344 1.01847629937344 1.01847629937344 0.00048902755926102188 0.00048902755926102188 0.00048902755926102188 1 1 1 Converged Converged Converged OK OK OK 52 52 52 52 52 52 4 4 4 0 0 0 0 1 0 0 1
5 5 uniform 4 0 59 0 0.0001 3.8660132873016897 0.049609788581782326 0.55846347138675911 -2.9007460554741771 -0.75026786649922794 -3.0124387497515288 0 3.1951658011984718 1.0189320443201344 OK 13 12 0.30753799999999998 0.30616700000000002 0.081725999999999993 0.22379299999999999 0.222831 0 0.083744999999999986 0.083336000000000021 0.081725999999999993 0.0091509999999999994 0.0092239999999999996 0.0087200000000000003 0.053194999999999985 0.052864999999999988 0.052357999999999967 0.0035570000000000003 0.0036249999999999998 0.0032589999999999997 0.0008470000000000001 0.00080600000000000008 0.00080699999999999999 1.0189320686721126 1.0189320686721126 1.0189320686721126 4.9897167158168817e-05 4.9897167158168817e-05 4.9897167158168817e-05 1 1 1 Converged Converged Converged OK OK OK 68 68 68 68 68 68 4 4 4 0 0 0 0 0 1 0 0
5 5 uniform 4 7 59 1 0.0001 3.8660132873016897 0.049609788581782326 0.55846347138675911 -2.9007460554741771 -0.75026786649922794 -2.9444518923653149 0 3.1271789438122579 1.0184032673350785 OK 13 12 0.29965700000000001 0.20747299999999999 0.072104000000000001 0.22644800000000001 0.12501300000000001 0 0.073208999999999996 0.082459999999999978 0.072104000000000001 0.0083250000000000008 0.0085229999999999993 0.0078580000000000004 0.049463999999999994 0.058158000000000029 0.049145000000000008 0.0024659999999999999 0.002777 0.0025790000000000001 0.00076800000000000002 0.00079000000000000001 0.00074699999999999994 1.0184033309145069 1.0184033309145069 1.0184033309145069 4.6434216608918366e-05 4.6434216608918366e-05 4.6434216608918366e-05 1 1 1 Converged Converged Converged OK OK OK 60 60 60 60 60 60 4 4 4 0 0 0 0 1 0 0 1
5 5 uniform 4 15 59 2 0.0001 3.8660132873016897 0.049609788581782326 0.55846347138675911 -2.9007460554741771 -0.75026786649922794 -2.8667526267810701 0 3.0494796782280131 1.0182231820606635 OK 13 12 0.294599 0.206257 0.070263999999999993 0.223049 0.126218 0 0.071550000000000002 0.080038999999999999 0.070263999999999993 0.0083269999999999993 0.0084110000000000001 0.0078120000000000004 0.048273999999999997 0.056408000000000014 0.047744000000000002 0.0024250000000000001 0.002503 0.0024800000000000004 0.00071000000000000002 0.000727 0.00075500000000000003 1.0182231859551183 1.0182231859551183 1.0182231859551183 1.6756207337368638e-05 1.6756207337368638e-05 1.6756207337368638e-05 1 1 1 Converged Converged Converged OK OK OK 60 60 60 60 60 60 4 4 4 0 0 0 0 1 0 0 1
5 5 uniform 4 23 59 3 0.0001 3.8660132873016897 0.049609788581782326 0.55846347138675911 -2.9007460554741771 -0.75026786649922794 -2.7890533611968253 0 2.9717804126437684 1.0184770638134184 OK 13 12 0.299039 0.20527000000000001 0.069913000000000003 0.22681999999999999 0.125969 0 0.072219000000000005 0.07930100000000001 0.069913000000000003 0.0083990000000000002 0.0083129999999999992 0.007744 0.048094999999999999 0.05590299999999998 0.047502000000000003 0.0026910000000000002 0.0025620000000000005 0.002529 0.00079599999999999994 0.00073399999999999995 0.00072799999999999991 1.0184770554461802 1.0184770554461802 1.0184770554461802 1.1548755768046456e-05 1.1548755768046456e-05 1.1548755768046456e-05 1 1 1 Converged Converged Converged OK OK OK 60 60 60 60 60 60 4 4 4 0 0 0 0 1 0 0 1
6 6 linear 0 0 60 0 0.001 2.9086634667611073 0.00034997931344948061 0.32822578487891141 -2.6327910717613539 0.052820750041641946 -2.698436228737136 0.5 2.6994538446357752 1.0317423564416084 OK 15 14 0.56302600000000003 0.56610799999999994 0.23102500000000001 0.32619999999999999 0.33321000000000001 0 0.23682600000000004 0.23289799999999994 0.23102500000000001 0.011233999999999999 0.011141 0.010730999999999999 0.1945319999999999 0.19181199999999995 0.19000599999999998 0.0044420000000000006 0.0040230000000000005 0.0038939999999999999 0.0011169999999999999 0.0011900000000000001 0.001291 1.0317422327347046 1.0317422327347046 1.0317422327347046 0.00023293723158636162 0.00023293723158636162 0.00023293723158636162 1 1 1 Converged Converged Converged OK OK OK 94 94 94 94 94 94 10 10 10 0 0 0 0 0 1 0 0
6 6 linear 0 7 60 1 0.001 2.9086634667611073 0.00034997931344948061 0.32822578487891141 -2.6327910717613539 0.052820750041641946 -2.6584783070997036 0.5 2.6594959229983428 1.033134736398494 OK 15 14 0.55577699999999997 0.37645099999999998 0.22529399999999999 0.33168599999999998 0.144097 0 0.22409099999999998 0.23235399999999998 0.22529399999999999 0.0093439999999999999 0.0096489999999999996 0.0088850000000000005 0.19432499999999997 0.20152199999999981 0.19636200000000004 0.0035669999999999999 0.0043629999999999997 0.0037130000000000002 0.00090899999999999998 0.0010269999999999999 0.00095699999999999995 1.0331329010860286 1.0331329010860286 1.0331329010860286 0.00045812327411766835 0.00045812327411766835 0.00045812327411766835 1 1 1 Converged Converged Converged OK OK OK 94 94 94 94 94 94 10 10 10 0 0 0 0 1 0 0 1
6 6 linear 0 15 60 2 0.001 2.9086634667611073 0.00034997931344948061 0.32822578487891141 -2.6327910717613539 0.052820750041641946 -2.6128121109426377 0.5 2.6138297268412769 1.0347362182400024 OK 14 13 0.60080999999999996 0.39944200000000002 0.22669300000000001 0.361398 0.15386 0 0.23941199999999996 0.24558200000000002 0.22669300000000001 0.0099539999999999993 0.0099909999999999999 0.0094219999999999998 0.20070000000000005 0.2111559999999999 0.19575499999999996 0.0043880000000000004 0.0050880000000000005 0.0039519999999999998 0.001292 0.0012490000000000001 0.001116 1.0347621184299194 1.0347621184299194 1.0347621184299194 0.00058999916186299492 0.00058999916186299492 0.00058999916186299492 1 1 1 Converged Converged Converged OK OK OK 95 95 95 95 95 95 9 9 9 0 0 0 0 1 0 0 1
6 6 linear 0 23 60 3 0.001 2.9086634667611073 0.00034997931344948061 0.32822578487891141 -2.6327910717613539 0.052820750041641946 -2.5671459147855717 0.5 2.568163530684211 1.0363654290645234 OK 15 14 0.74897499999999995 0.47477999999999998 0.26436999999999999 0.47510000000000002 0.195829 0 0.27387499999999992 0.27895099999999995 0.26436999999999999 0.012753 0.013162 0.012063000000000001 0.23664300000000005 0.24154799999999998 0.2298019999999999 0.0047849999999999993 0.0047539999999999995 0.004241 0.0011429999999999999 0.0010740000000000001 0.0009230000000000001 1.0363655712465891 1.0363655712465891 1.0363655712465891 0.00085366570086200535 0.00085366570086200535 0.00085366570086200535 1 1 1 Converged Converged Converged OK OK OK 94 94 94 94 94 94 10 10 10 0 0 0 0 1 0 0 1
6 6 linear 0 0 60 0 0.0001 2.9086634667611073 0.00034997931344948061 0.32822578487891141 -2.6327910717613539 0.052820750041641946 -2.698436228737136 0.5 2.6994538446357752 1.0317423564416084 OK 15 14 0.66051899999999997 0.63691399999999998 0.30543700000000001 0.34105099999999999 0.329208 0 0.31946799999999997 0.30770599999999998 0.30543700000000001 0.012292000000000001 0.011245 0.010703000000000001 0.26364399999999993 0.25697299999999995 0.25521999999999995 0.005267 0.0058370000000000002 0.006071 0.0015899999999999998 0.0015580000000000001 0.001586 1.0317423787906503 1.0317423787906503 1.0317423787906503 3.0261191407769816e-05 3.0261191407769816e-05 3.0261191407769816e-05 1 1 1 Converged Converged Converged OK OK OK 118 118 118 118 118 118 10 10 10 0 0 0 0 0 1 0 0
6 6 linear 0 7 60 1 0.0001 2.9086634667611073 0.00034997931344948061 0.32822578487891141 -2.6327910717613539 0.052820750041641946 -2.6584783070997036 0.5 2.6594959229983428 1.033134736398494 OK 15 14 0.63842200000000005 0.45104 0.29828300000000002 0.33685199999999998 0.14802499999999999 0 0.30157000000000006 0.30301500000000003 0.29828300000000002 0.0097549999999999998 0.0097380000000000001 0.008848 0.26560100000000003 0.26673299999999983 0.26269500000000007 0.0050819999999999997 0.0058349999999999999 0.0058239999999999993 0.0014109999999999999 0.0014060000000000001 0.0013849999999999999 1.0331347762674472 1.0331347762674472 1.0331347762674472 3.8718914566151013e-05 3.8718914566151013e-05 3.8718914566151013e-05 1 1 1 Converged Converged Converged OK OK OK 118 118 118 118 118 118 10 10 10 0 0 0 0 1 0 0 1
6 6 linear 0 15 60 2 0.0001 2.9086634667611073 0.00034997931344948061 0.32822578487891141 -2.6327910717613539 0.052820750041641946 -2.6128121109426377 0.5 2.6138297268412769 1.0347362182400024 OK 14 13 0.799203 0.595997 0.42673800000000001 0.36799500000000002 0.15320700000000001 0 0.43120799999999998 0.44279000000000002 0.42673800000000001 0.010120000000000001 0.0098659999999999998 0.0095659999999999999 0.38317600000000007 0.39133399999999985 0.37878200000000012 0.0081080000000000006 0.010624 0.0087329999999999994 0.0015889999999999999 0.0016770000000000001 0.001691 1.0347366080129445 1.0347366080129445 1.0347366080129445 8.5905060670935166e-05 8.5905060670935166e-05 8.5905060670935166e-05 1 1 1 Converged Converged Converged OK OK OK 151 151 151 151 151 151 9 9 9 0 0 0 0 1 0 0 1
6 6 linear 0 23 60 3 0.0001 2.9086634667611073 0.00034997931344948061 0.32822578487891141 -2.6327910717613539 0.052820750041641946 -2.5671459147855717 0.5 2.568163530684211 1.0363654290645234 OK 15 14 0.81142000000000003 0.54024700000000003 0.33424199999999998 0.47217700000000001 0.193187 0 0.33924300000000002 0.34706000000000004 0.33424199999999998 0.012991000000000001 0.013259999999999999 0.01223 0.29757199999999995 0.30406799999999989 0.29368699999999992 0.005607 0.0061929999999999997 0.0057689999999999998 0.001379 0.0014599999999999999 0.001464 1.0363657289473704 1.0363657289473704 1.0363657289473704 8.0536875848716987e-05 8.0536875848716987e-05 8.0536875848716987e-05 1 1 1 Converged Converged Converged OK OK OK 110 110 110 110 110 110 10 10 10 0 0 0 0 1 0 0 1
6 6 linear 1 0 61 0 0.001 2.9086634667611073 0.00034997931344948061 0.32822578487891141 -0.20538527188593636 -0.03349532157087752 -0.27103042886171863 0.5 0.27204804476035771 4.8838964449360605 OK 15 14 2.5745879999999999 2.5963219999999998 0.242088 2.317402 2.3234159999999999 0 0.25718599999999991 0.27290599999999987 0.242088 0.011192000000000001 0.013358 0.010447 0.2101059999999999 0.22119800000000001 0.19946000000000005 0.0060150000000000004 0.0066959999999999997 0.0048140000000000006 0.001235 0.0014339999999999999 0.001029 4.8839085737291601 4.8839085737291601 4.8839085737291601 0.00099705084205911837 0.00099705084205911837 0.00099705084205911837 1 1 1 Converged Converged Converged OK OK OK 95 95 95 95 95 95 9 9 9 0 0 0 0 0 1 0 0
6 6 linear 1 7 61 1 0.001 2.9086634667611073 0.00034997931344948061 0.32822578487891141 -0.20538527188593636 -0.03349532157087752 -0.23107250722428596 0.5 0.23209012312292504 5.3791833017150559 OK 15 14 2.6608329999999998 0.622471 0.21038499999999999 2.3726500000000001 0.40414600000000001 0 0.28818299999999963 0.21832499999999999 0.21038499999999999 0.011285 0.0096740000000000003 0.008482 0.23659599999999995 0.18589300000000003 0.18158000000000002 0.0078299999999999984 0.0048469999999999997 0.0036610000000000002 0.001121 0.00096899999999999992 0.000825 5.3791979598811031 5.3791979598811031 5.3791979598811031 0.0035117237608274067 0.0035117237608274067 0.0035117237608274067 1 1 1 Converged Converged Converged OK OK OK 87 87 87 87 87 87 9 9 9 0 0 0 0 1 0 0 1
6 6 linear 1 15 61 2 0.001 2.9086634667611073 0.00034997931344948061 0.32822578487891141 -0.20538527188593636 -0.03349532157087752 -0.18540631106722 0.5 0.18642392696585908 5.821114305997189 OK 15 14 2.6752250000000002 0.62932600000000005 0.21099799999999999 2.4466399999999999 0.40839500000000001 0 0.22858500000000026 0.22093100000000004 0.21099799999999999 0.0099050000000000006 0.0093480000000000004 0.0084399999999999996 0.19407000000000005 0.18664200000000003 0.18294000000000007 0.0055430000000000011 0.004326 0.0035379999999999999 0.0011719999999999999 0.00087900000000000001 0.00078199999999999993 5.8211227993687871 5.8211227993687871 5.8211227993687871 0.0035507924036137215 0.0035507924036137215 0.0035507924036137215 1 1 1 Converged Converged Converged OK OK OK 87 87 87 87 87 87 9 9 9 0 0 0 0 1 0 0 1
6 6 linear 1 23 61 3 0.001 2.9086634667611073 0.00034997931344948061 0.32822578487891141 -0.20538527188593636 -0.03349532157087752 -0.13974011491015409 0.5 0.14075773080879317 6.1534297468672099 OK 15 14 2.9939100000000001 0.62420900000000001 0.232155 2.675951 0.384015 0 0.3179590000000001 0.24019400000000002 0.232155 0.011384999999999999 0.0096360000000000005 0.0085769999999999996 0.26730099999999996 0.20845 0.203514 0.0092880000000000011 0.0048190000000000004 0.0037540000000000004 0.0013679999999999999 0.0011359999999999999 0.0010190000000000002 6.153446402386157 6.153446402386157 6.153446402386157 0.0010376361249038247 0.0010376361249038247 0.0010376361249038247 1 1 1 Converged Converged Converged OK OK OK 95 95 95 95 95 95 9 9 9 0 0 0 0 1 0 0 1
6 6 linear 1 0 61 0 0.0001 2.9086634667611073 0.00034997931344948061 0.32822578487891141 -0.20538527188593636 -0.03349532157087752 -0.27103042886171863 0.5 0.27204804476035771 4.8838964449360605 OK 15 14 2.7419859999999998 2.685162 0.312865 2.319321 2.330927 0 0.42266499999999985 0.35423500000000008 0.312865 0.012429000000000001 0.013498 0.010290000000000001 0.32314299999999985 0.28624999999999989 0.25699299999999992 0.013277000000000002 0.010149999999999999 0.0067720000000000002 0.0022720000000000001 0.0018580000000000001 0.0013499999999999999 4.8839084512854622 4.8839084512854622 4.8839084512854622 0.00017864084469328362 0.00017864084469328362 0.00017864084469328362 1 1 1 Converged Converged Converged OK OK OK 127 127 127 127 127 127 9 9 9 0 0 0 0 0 1 0 0
6 6 linear 1 7 61 1 0.0001 2.9086634667611073 0.00034997931344948061 0.32822578487891141 -0.20538527188593636 -0.03349532157087752 -0.23107250722428596 0.5 0.23209012312292504 5.3791833017150559 OK 15 14 2.7303000000000002 0.71684199999999998 0.29542600000000002 2.3820589999999999 0.40942699999999999 0 0.34824100000000024 0.30741499999999999 0.29542600000000002 0.011715 0.0099249999999999998 0.0086449999999999999 0.29091299999999998 0.26165500000000003 0.25407800000000008 0.012348 0.0079119999999999989 0.0063639999999999999 0.0018410000000000002 0.0014330000000000002 0.0013390000000000001 5.3792022473415946 5.3792022473415946 5.3792022473415946 0.00024991702980581716 0.00024991702980581716 0.00024991702980581716 1 1 1 Converged Converged Converged OK OK OK 127 127 127 127 127 127 9 9 9 0 0 0 0 1 0 0 1
6 6 linear 1 15 61 2 0.0001 2.9086634667611073 0.00034997931344948061 0.32822578487891141 -0.20538527188593636 -0.03349532157087752 -0.18540631106722 0.5 0.18642392696585908 5.821114305997189 OK 15 14 2.7988960000000001 0.69831399999999999 0.28161599999999998 2.4689559999999999 0.41133700000000001 0 0.32994000000000012 0.28697699999999998 0.28161599999999998 0.011693 0.0093640000000000008 0.0084480000000000006 0.27727099999999999 0.24673199999999995 0.24118200000000004 0.011037 0.0063370000000000006 0.0055170000000000011 0.00166 0.0013559999999999998 0.001333 5.8211260535533329 5.8211260535533329 5.8211260535533329 0.00048164982049351813 0.00048164982049351813 0.00048164982049351813 1 1 1 Converged Converged Converged OK OK OK 119 119 119 119 119 119 9 9 9 0 0 0 0 1 0 0 1
6 6 linear 1 23 61 3 0.0001 2.9086634667611073 0.00034997931344948061 0.32822578487891141 -0.20538527188593636 -0.03349532157087752 -0.13974011491015409 0.5 0.14075773080879317 6.1534297468672099 OK 15 14 3.0394049999999999 0.65127999999999997 0.25551699999999999 2.6878630000000001 0.38886399999999999 0 0.3515419999999998 0.26241599999999998 0.25551699999999999 0.011412 0.009528 0.0087100000000000007 0.29494100000000001 0.22884999999999997 0.22466399999999997 0.010984000000000001 0.005143 0.0042460000000000006 0.001449 0.001273 0.0011540000000000001 6.15344620974503 6.15344620974503 6.15344620974503 0.00059781651951855538 0.00059781651951855538 0.00059781651951855538 1 1 1 Converged Converged Converged OK OK OK 103 103 103 103 103 103 9 9 9 0 0 0 0 1 0 0 1
6 6 linear 2 0 62 0 0.001 2.9086634667611073 0.00034997931344948061 0.32822578487891141 0.18343170649279605 -0.29572518963135319 0.11778654951701377 0.5 -0.11676893361837469 4.1486115615715198 OK 13 12 2.3070560000000002 2.2725719999999998 0.224302 2.0426129999999998 2.042243 0 0.26444300000000043 0.23032899999999978 0.224302 0.011181 0.011053 0.010319999999999999 0.216145 0.18873899999999996 0.18611100000000005 0.0074910000000000003 0.0052359999999999993 0.0039919999999999999 0.001395 0.001281 0.0011039999999999999 4.1485778170671406 4.1485778170671406 4.1485778170671406 0.0030688549316937905 0.0030688549316937905 0.0030688549316937905 1 1 1 Converged Converged Converged OK OK OK 87 87 87 87 87 87 9 9 9 0 0 0 0 0 1 0 0
6 6 linear 2 7 62 1 0.001 2.9086634667611073 0.00034997931344948061 0.32822578487891141 0.18343170649279605 -0.29572518963135319 0.15774447115444645 0.5 -0.15672685525580737 3.7366714620445491 OK 14 13 2.4403169999999998 0.52182099999999998 0.230541 2.1368659999999999 0.27568900000000002 0 0.30345099999999992 0.24613199999999996 0.230541 0.014636 0.013258000000000001 0.012772 0.24037999999999995 0.19873799999999989 0.18596500000000002 0.0098150000000000008 0.0065130000000000006 0.0059339999999999992 0.0016739999999999999 0.001683 0.0013799999999999999 3.7366415265093034 3.7366415265093034 3.7366415265093034 0.0028727122945561958 0.0028727122945561958 0.0028727122945561958 1 1 1 Converged Converged Converged OK OK OK 110 110 110 110 110 110 10 10 10 0 0 0 0 1 0 0 1
6 6 linear 2 15 62 2 0.001 2.9086634667611073 0.00034997931344948061 0.32822578487891141 0.18343170649279605 -0.29572518963135319 0.20341066731151242 0.5 -0.20239305141287334 3.3603432720614426 OK 13 12 2.861437 0.51010699999999998 0.216555 2.570732 0.27995999999999999 0 0.29070499999999999 0.23014699999999999 0.216555 0.011955 0.010052999999999999 0.0089060000000000007 0.23795600000000011 0.1874049999999999 0.177785 0.010409000000000002 0.007842 0.0064790000000000004 0.0019329999999999998 0.0016699999999999998 0.001506 3.3603699214791023 3.3603699214791023 3.3603699214791023 0.0021486118576092028 0.0021486118576092028 0.0021486118576092028 1 1 1 Converged Converged Converged OK OK OK 127 127 127 127 127 127 9 9 9 0 0 0 0 1 0 0 1
6 6 linear 2 23 62 3 0.001 2.9086634667611073 0.00034997931344948061 0.32822578487891141 0.18343170649279605 -0.29572518963135319 0.24907686346857832 0.5 -0.24805924756993925 3.051855461307627 OK 13 12 3.1990799999999999 0.597611 0.18437200000000001 2.956502 0.40471400000000002 0 0.24257799999999996 0.19289699999999999 0.18437200000000001 0.011207 0.0092630000000000004 0.0084349999999999998 0.20016199999999998 0.16014199999999995 0.1542950000000001 0.0088430000000000002 0.0052090000000000001 0.0043189999999999999 0.001714 0.0013089999999999998 0.0011820000000000001 3.051902227260479 3.051902227260479 3.051902227260479 0.0028259383896023821 0.0028259383896023821 0.0028259383896023821 1 1 1 Converged Converged Converged OK OK OK 111 111 111 111 111 111 9 9 9 0 0 0 0 1 0 0 1
6 6 linear 2 0 62 0 0.0001 2.9086634667611073 0.00034997931344948061 0.32822578487891141 0.18343170649279605 -0.29572518963135319 0.11778654951701377 0.5 -0.11676893361837469 4.1486115615715198 OK 13 12 2.411572 2.3342839999999998 0.27545399999999998 2.0479850000000002 2.0525169999999999 0 0.36358699999999988 0.28176699999999988 0.27545399999999998 0.012397 0.011051999999999999 0.01042 0.29622100000000012 0.23104099999999991 0.22740299999999986 0.011835 0.0072419999999999993 0.0056959999999999997 0.0017870000000000002 0.0017899999999999999 0.0014639999999999998 4.1485977612755196 4.1485977612755196 4.1485977612755196 0.00039266259796164439 0.00039266259796164439 0.00039266259796164439 1 1 1 Converged Converged Converged OK OK OK 111 111 111 111 111 111 9 9 9 0 0 0 0 0 1 0 0
6 6 linear 2 7 62 1 0.0001 2.9086634667611073 0.00034997931344948061 0.32822578487891141 0.18343170649279605 -0.29572518963135319 0.15774447115444645 0.5 -0.15672685525580737 3.7366714620445491 OK 14 13 2.4647950000000001 0.61454200000000003 0.31126599999999999 2.1375229999999998 0.27333099999999999 0 0.32727200000000023 0.34121100000000004 0.31126599999999999 0.013344 0.013401 0.012787 0.26273899999999994 0.2776610000000001 0.25131000000000009 0.010983 0.010566000000000001 0.0087389999999999985 0.0025079999999999998 0.0021120000000000002 0.0021549999999999998 3.7366589551807805 3.7366589551807805 3.7366589551807805 0.00023828595825798015 0.00023828595825798015 0.00023828595825798015 1 1 1 Converged Converged Converged OK OK OK 158 158 158 158 158 158 10 10 10 0 0 0 0 1 0 0 1
6 6 linear 2 15 62 2 0.0001 2.9086634667611073 0.00034997931344948061 0.32822578487891141 0.18343170649279605 -0.29572518963135319 0.20341066731151242 0.5 -0.20239305141287334 3.3603432720614426 OK 13 12 2.9479639999999998 0.59204599999999996 0.28261700000000001 2.584822 0.28174399999999999 0 0.36314199999999985 0.31030199999999997 0.28261700000000001 0.012045 0.010153000000000001 0.0091280000000000007 0.29050900000000013 0.24170099999999986 0.22610100000000002 0.017121000000000004 0.011841000000000001 0.010029 0.0024809999999999997 0.0023419999999999995 0.0020820000000000001 3.3603359301982532 3.3603359301982532 3.3603359301982532 0.00023671604452863744 0.00023671604452863744 0.00023671604452863744 1 1 1 Converged Converged Converged OK OK OK 183 183 183 183 183 183 9 9 9 0 0 0 0 1 0 0 1
6 6 linear 2 23 62 3 0.0001 2.9086634667611073 0.00034997931344948061 0.32822578487891141 0.18343170649279605 -0.29572518963135319 0.24907686346857832 0.5 -0.24805924756993925 3.051855461307627 OK 13 12 3.2131240000000001 0.65824300000000002 0.228407 2.9489559999999999 0.40944799999999998 0 0.26416800000000018 0.24879500000000004 0.228407 0.011391 0.0094959999999999992 0.0084399999999999996 0.21194700000000002 0.20618799999999993 0.18964800000000007 0.010745000000000001 0.0082440000000000013 0.0067419999999999997 0.00232 0.001768 0.0016919999999999997 3.0518545148397722 3.0518545148397722 3.0518545148397722 0.00022719276613534121 0.00022719276613534121 0.00022719276613534121 1 1 1 Converged Converged Converged OK OK OK 151 151 151 151 151 151 9 9 9 0 0 0 0 1 0 0 1
6 6 linear 3 0 63 0 0.001 2.9086634667611073 0.00034997931344948061 0.32822578487891141 0.46206451519941144 0.12018504839133567 0.39641935822362917 0.5 -0.39540174232499009 2.8164985825934483 OK 15 14 3.4054199999999999 3.356122 0.24932499999999999 3.1108989999999999 3.083612 0 0.29452100000000003 0.27251000000000003 0.24932499999999999 0.017947999999999999 0.018606999999999999 0.016084000000000001 0.22670800000000002 0.20738300000000015 0.19099299999999991 0.007636999999999998 0.0081019999999999998 0.0064280000000000006 0.0016760000000000002 0.0016259999999999998 0.00133 2.8164960044206651 2.8164960044206651 2.8164960044206651 0.0023701968355572998 0.0023701968355572998 0.0023701968355572998 1 1 1 Converged Converged Converged OK OK OK 103 103 103 103 103 103 9 9 9 0 0 0 0 0 1 0 0
6 6 linear 3 7 63 1 0.001 2.9086634667611073 0.00034997931344948061 0.32822578487891141 0.46206451519941144 0.12018504839133567 0.43637727986106184 0.5 -0.43535966396242276 2.5575028670181141 OK 15 14 3.5295809999999999 0.67010800000000004 0.23377300000000001 3.2129629999999998 0.41614299999999999 0 0.31661800000000007 0.25396500000000005 0.23377300000000001 0.016961 0.015398999999999999 0.013797 0.25023299999999998 0.20576299999999992 0.18987199999999993 0.0097610000000000006 0.0067559999999999999 0.0055790000000000006 0.001606 0.0015590000000000001 0.0013500000000000001 2.55750135784821 2.55750135784821 2.55750135784821 0.0016681227958757633 0.0016681227958757633 0.0016681227958757633 1 1 1 Converged Converged Converged OK OK OK 103 103 103 103 103 103 9 9 9 0 0 0 0 1 0 0 1
6 6 linear 3 15 63 2 0.001 2.9086634667611073 0.00034997931344948061 0.32822578487891141 0.46206451519941144 0.12018504839133567 0.4820434760181278 0.5 -0.48102586011948872 2.3273099571743545 OK 15 14 3.700993 0.67301 0.21851999999999999 3.4073359999999999 0.43570799999999998 0 0.29365700000000006 0.23730200000000001 0.21851999999999999 0.016754999999999999 0.014555 0.013413 0.23488099999999998 0.193575 0.17827499999999991 0.0091959999999999993 0.0058779999999999995 0.0049719999999999999 0.0014430000000000001 0.001165 0.001057 2.3273090826899083 2.3273090826899083 2.3273090826899083 0.0021270252063956764 0.0021270252063956764 0.0021270252063956764 1 1 1 Converged Converged Converged OK OK OK 95 95 95 95 95 95 9 9 9 0 0 0 0 1 0 0 1
6 6 linear 3 23 63 3 0.001 2.9086634667611073 0.00034997931344948061 0.32822578487891141 0.46206451519941144 0.12018504839133567 0.52770967217519371 0.5 -0.52669205627655469 2.1451255723368123 OK 14 13 3.8609330000000002 0.56817899999999999 0.23591999999999999 3.5436100000000001 0.31274400000000002 0 0.31732300000000002 0.25543499999999997 0.23591999999999999 0.014063000000000001 0.012656000000000001 0.011511 0.253687 0.20726299999999995 0.191806 0.011713000000000001 0.0082579999999999997 0.0064689999999999999 0.0024320000000000001 0.0016109999999999998 0.0013479999999999998 2.1451244364284281 2.1451244364284281 2.1451244364284281 0.001272293294093553 0.001272293294093553 0.001272293294093553 1 1 1 Converged Converged Converged OK OK OK 120 120 120 120 120 120 8 8 8 0 0 0 0 1 0 0 1
6 6 linear 3 0 63 0 0.0001 2.9086634667611073 0.00034997931344948061 0.32822578487891141 0.46206451519941144 0.12018504839133567 0.39641935822362917 0.5 -0.39540174232499009 2.8164985825934483 OK 15 14 3.4710480000000001 3.4486490000000001 0.34173399999999998 3.1089720000000001 3.0728110000000002 0 0.36207600000000006 0.37583799999999989 0.34173399999999998 0.017337000000000002 0.021505 0.016375000000000001 0.27928799999999993 0.28467399999999993 0.2640779999999997 0.011434999999999999 0.012366 0.0095010000000000008 0.0020840000000000003 0.0022780000000000001 0.0018770000000000002 2.8164958749099078 2.8164958749099078 2.8164958749099078 0.00010298197217408664 0.00010298197217408664 0.00010298197217408664 1 1 1 Converged Converged Converged OK OK OK 143 143 143 143 143 143 9 9 9 0 0 0 0 0 1 0 0
6 6 linear 3 7 63 1 0.0001 2.9086634667611073 0.00034997931344948061 0.32822578487891141 0.46206451519941144 0.12018504839133567 0.43637727986106184 0.5 -0.43535966396242276 2.5575028670181141 OK 15 14 3.5877829999999999 0.76318399999999997 0.32076700000000002 3.2267260000000002 0.41543000000000002 0 0.36105699999999974 0.34775399999999995 0.32076700000000002 0.016784 0.015427 0.017167000000000002 0.29094400000000004 0.28573500000000002 0.26046799999999992 0.013192999999999998 0.0099869999999999994 0.0082810000000000002 0.0022569999999999999 0.0019750000000000002 0.0017379999999999997 2.5575010579765034 2.5575010579765034 2.5575010579765034 0.00012852039772958678 0.00012852039772958678 0.00012852039772958678 1 1 1 Converged Converged Converged OK OK OK 143 143 143 143 143 143 9 9 9 0 0 0 0 1 0 0 1
6 6 linear 3 15 63 2 0.0001 2.9086634667611073 0.00034997931344948061 0.32822578487891141 0.46206451519941144 0.12018504839133567 0.4820434760181278 0.5 -0.48102586011948872 2.3273099571743545 OK 15 14 3.8447900000000002 0.79195499999999996 0.32683699999999999 3.4134180000000001 0.44050899999999998 0 0.43137200000000009 0.35144599999999998 0.32683699999999999 0.016981 0.015025999999999999 0.013381000000000001 0.34867599999999987 0.29104499999999994 0.27128600000000008 0.014952 0.0093200000000000002 0.0080670000000000013 0.0021329999999999999 0.00174 0.0015950000000000001 2.3273088027175395 2.3273088027175395 2.3273088027175395 0.00015197800811538197 0.00015197800811538197 0.00015197800811538197 1 1 1 Converged Converged Converged OK OK OK 143 143 143 143 143 143 9 9 9 0 0 0 0 1 0 0 1
6 6 linear 3 23 63 3 0.0001 2.9086634667611073 0.00034997931344948061 0.32822578487891141 0.46206451519941144 0.12018504839133567 0.52770967217519371 0.5 -0.52669205627655469 2.1451255723368123 OK 14 13 4.0906070000000003 0.73677999999999999 0.390287 3.5922939999999999 0.31662699999999999 0 0.49831300000000045 0.420153 0.390287 0.01406 0.012596 0.011778 0.39459999999999995 0.34374599999999994 0.31180599999999992 0.023196000000000001 0.016067999999999999 0.016083 0.0024619999999999998 0.0022349999999999996 0.0020439999999999998 2.1451245220652222 2.1451245220652222 2.1451245220652222 6.7863744021926206e-05 6.7863744021926206e-05 6.7863744021926206e-05 1 1 1 Converged Converged Converged OK OK OK 208 208 208 208 208 208 8 8 8 0 0 0 0 1 0 0 1
6 6 linear 4 0 64 0 0.001 2.9086634667611073 0.00034997931344948061 0.32822578487891141 -0.17442926526199976 0.54177895374675877 -0.24007442223778203 0.5 0.24109203813642111 1.9736233200377311 OK 13 12 3.1469490000000002 3.157038 0.107825 3.0082110000000002 3.0217800000000001 0 0.13873800000000003 0.13525799999999988 0.107825 0.011616 0.0104 0.0093109999999999998 0.10130900000000004 0.098963999999999969 0.078341999999999981 0.0045539999999999999 0.0046210000000000001 0.0033640000000000002 0.00089700000000000001 0.00098700000000000003 0.00072199999999999999 1.9736233249730171 1.9736233249730171 1.9736233249730171 0.00041475809075451424 0.00041475809075451424 0.00041475809075451424 1 1 1 Converged Converged Converged OK OK OK 59 59 59 59 59 59 5 5 5 0 0 0 0 0 1 0 0
6 6 linear 4 7 64 1 0.001 2.9086634667611073 0.00034997931344948061 0.32822578487891141 -0.17442926526199976 0.54177895374675877 -0.20011650060034936 0.5 0.20113411649898844 2.0187166605214371 OK 13 12 3.2720500000000001 0.42331400000000002 0.10145899999999999 3.136136 0.28251399999999999 0 0.13591400000000009 0.14080000000000004 0.10145899999999999 0.01065 0.0091199999999999996 0.0079769999999999997 0.101387 0.108582 0.07722699999999999 0.0048659999999999988 0.0040829999999999998 0.0031079999999999997 0.00092100000000000005 0.004849 0.00068599999999999998 2.0187155022268133 2.0187155022268133 2.0187155022268133 0.00018805969802126565 0.00018805969802126565 0.00018805969802126565 1 1 1 Converged Converged Converged OK OK OK 59 59 59 59 59 59 5 5 5 0 0 0 0 1 0 0 1
6 6 linear 4 15 64 2 0.001 2.9086634667611073 0.00034997931344948061 0.32822578487891141 -0.17442926526199976 0.54177895374675877 -0.15445030444328339 0.5 0.15546792034192247 2.064178284222185 OK 13 12 3.2271369999999999 0.39067200000000002 0.090970999999999996 3.1051220000000002 0.28300399999999998 0 0.12201499999999976 0.10766800000000004 0.090970999999999996 0.010730999999999999 0.0099640000000000006 0.0079369999999999996 0.091646999999999992 0.082092999999999985 0.069736000000000006 0.0040769999999999999 0.0030249999999999999 0.0023959999999999997 0.00091699999999999985 0.00081500000000000008 0.00061999999999999989 2.0641768031569669 2.0641768031569669 2.0641768031569669 0.00069683058602189405 0.00069683058602189405 0.00069683058602189405 1 1 1 Converged Converged Converged OK OK OK 51 51 51 51 51 51 5 5 5 0 0 0 0 1 0 0 1
6 6 linear 4 23 64 3 0.001 2.9086634667611073 0.00034997931344948061 0.32822578487891141 -0.17442926526199976 0.54177895374675877 -0.10878410828621747 0.5 0.10980172418485655 2.1007699342274839 OK 13 12 3.1692170000000002 0.28007399999999999 0.096895999999999996 3.04501 0.17228199999999999 0 0.12420700000000018 0.107792 0.096895999999999996 0.010544 0.0086759999999999997 0.0078840000000000004 0.092404000000000028 0.082087999999999994 0.073059000000000013 0.0048180000000000002 0.0034359999999999998 0.0029039999999999999 0.0010139999999999999 0.00082799999999999996 0.00077200000000000001 2.1007688003642313 2.1007688003642313 2.1007688003642313 0.00066180634246391055 0.00066180634246391055 0.00066180634246391055 1 1 1 Converged Converged Converged OK OK OK 59 59 59 59 59 59 5 5 5 0 0 0 0 1 0 0 1
6 6 linear 4 0 64 0 0.0001 2.9086634667611073 0.00034997931344948061 0.32822578487891141 -0.17442926526199976 0.54177895374675877 -0.24007442223778203 0.5 0.24109203813642111 1.9736233200377311 OK 13 12 3.1929400000000001 3.2449119999999998 0.15348899999999999 2.9995059999999998 3.0504850000000001 0 0.19343400000000033 0.19442699999999968 0.15348899999999999 0.011705999999999999 0.010251 0.0094199999999999996 0.13866599999999993 0.13586699999999999 0.11229700000000004 0.007813999999999998 0.0078279999999999999 0.0058740000000000007 0.0030340000000000002 0.0023920000000000005 0.0010689999999999999 1.9736221314213911 1.9736221314213911 1.9736221314213911 5.7251772461371097e-05 5.7251772461371097e-05 5.7251772461371097e-05 1 1 1 Converged Converged Converged OK OK OK 91 91 91 91 91 91 5 5 5 0 0 0 0 0 1 0 0
6 6 linear 4 7 64 1 0.0001 2.9086634667611073 0.00034997931344948061 0.32822578487891141 -0.17442926526199976 0.54177895374675877 -0.20011650060034936 0.5 0.20113411649898844 2.0187166605214371 OK 13 12 3.2317230000000001 0.41931800000000002 0.10168000000000001 3.0944560000000001 0.28167599999999998 0 0.13726700000000003 0.13764200000000004 0.10168000000000001 0.010815 0.0090220000000000005 0.0080129999999999993 0.10462200000000001 0.10936499999999993 0.077165000000000025 0.0047949999999999998 0.0042950000000000002 0.0032830000000000003 0.00087000000000000001 0.000776 0.00069099999999999999 2.0187155022268133 2.0187155022268133 2.0187155022268133 0.00018805969802126565 0.00018805969802126565 0.00018805969802126565 1 1 1 Converged Converged Converged OK OK OK 59 59 59 59 59 59 5 5 5 0 0 0 0 1 0 0 1
6 6 linear 4 15 64 2 0.0001 2.9086634667611073 0.00034997931344948061 0.32822578487891141 -0.17442926526199976 0.54177895374675877 -0.15445030444328339 0.5 0.15546792034192247 2.064178284222185 OK 13 12 3.2796889999999999 0.42143799999999998 0.112661 3.1289750000000001 0.28591 0 0.15071399999999979 0.13552799999999998 0.112661 0.010763999999999999 0.010178 0.0079380000000000006 0.11404200000000002 0.10535000000000003 0.086954999999999991 0.0055619999999999992 0.0042599999999999999 0.0034020000000000001 0.001206 0.0010990000000000002 0.00090400000000000007 2.0641770980210108 2.0641770980210108 2.0641770980210108 6.4290758687150291e-05 6.4290758687150291e-05 6.4290758687150291e-05 1 1 1 Converged Converged Converged OK OK OK 67 67 67 67 67 67 5 5 5 0 0 0 0 1 0 0 1
6 6 linear 4 23 64 3 0.0001 2.9086634667611073 0.00034997931344948061 0.32822578487891141 -0.17442926526199976 0.54177895374675877 -0.10878410828621747 0.5 0.10980172418485655 2.1007699342274839 OK 13 12 3.160866 0.29384300000000002 0.108406 3.013979 0.16825699999999999 0 0.14688699999999999 0.12558600000000003 0.108406 0.011186 0.0088319999999999996 0.0079220000000000002 0.10941899999999997 0.097781999999999994 0.083145000000000011 0.0057260000000000002 0.0039570000000000004 0.0032190000000000001 0.001261 0.00098799999999999995 0.00083999999999999993 2.1007687600216292 2.1007687600216292 2.1007687600216292 4.5060089152700148e-05 4.5060089152700148e-05 4.5060089152700148e-05 1 1 1 Converged Converged Converged OK OK OK 67 67 67 67 67 67 5 5 5 0 0 0 0 1 0 0 1
6 6 uniform 0 0 65 0 0.001 2.9086634667611073 0.00034997931344948061 0.32822578487891141 -2.6327910717613539 0.052820750041641946 -2.698436228737136 0 2.6994538446357752 1.0308933909120461 OK 15 14 0.44491900000000001 0.44030200000000003 0.11415 0.32871699999999998 0.32243500000000003 0 0.11620200000000003 0.117867 0.11415 0.01089 0.010772 0.010299000000000001 0.076054000000000024 0.075638999999999942 0.075439999999999993 0.0035009999999999998 0.0031809999999999998 0.0032269999999999998 0.0010580000000000001 0.00089300000000000002 0.001062 1.0308929896597014 1.0308929896597014 1.0308929896597014 0.00026011264280014921 0.00026011264280014921 0.00026011264280014921 1 1 1 Converged Converged Converged OK OK OK 94 94 94 94 94 94 10 10 10 0 0 0 0 0 1 0 0
6 6 uniform 0 7 65 1 0.001 2.9086634667611073 0.00034997931344948061 0.32822578487891141 -2.6327910717613539 0.052820750041641946 -2.6584783070997036 0 2.6594959229983428 1.0321183358257426 OK 15 14 0.42493599999999998 0.249865 0.097452999999999998 0.324851 0.14152699999999999 0 0.10008499999999998 0.10833800000000002 0.097452999999999998 0.0094140000000000005 0.0095720000000000006 0.0087180000000000001 0.070692000000000005 0.078403000000000014 0.070107999999999962 0.0034230000000000003 0.003947 0.0030730000000000002 0.00088500000000000004 0.00098700000000000003 0.00088999999999999995 1.0321154664142196 1.0321154664142196 1.0321154664142196 0.0007007378402350237 0.0007007378402350237 0.0007007378402350237 1 1 1 Converged Converged Converged OK OK OK 94 94 94 94 94 94 10 10 10 0 0 0 0 1 0 0 1
6 6 uniform 0 15 65 2 0.001 2.9086634667611073 0.00034997931344948061 0.32822578487891141 -2.6327910717613539 0.052820750041641946 -2.6128121109426377 0 2.6138297268412769 1.0336063680747971 OK 14 13 0.47632400000000003 0.26821099999999998 0.107292 0.36675099999999999 0.15053900000000001 0 0.10957300000000003 0.11767199999999997 0.107292 0.0097929999999999996 0.0099869999999999994 0.0092560000000000003 0.07806699999999997 0.085395999999999986 0.077121999999999982 0.0036600000000000005 0.003954 0.0034230000000000003 0.00101 0.0010269999999999999 0.00099700000000000006 1.0336479309960342 1.0336479309960342 1.0336479309960342 0.00082004744201037629 0.00082004744201037629 0.00082004744201037629 1 1 1 Converged Converged Converged OK OK OK 95 95 95 95 95 95 9 9 9 0 0 0 0 1 0 0 1
6 6 uniform 0 23 65 3 0.001 2.9086634667611073 0.00034997931344948061 0.32822578487891141 -2.6327910717613539 0.052820750041641946 -2.5671459147855717 0 2.568163530684211 1.0351974364244203 OK 15 14 0.59021400000000002 0.32040600000000002 0.12234399999999999 0.46499699999999999 0.18695200000000001 0 0.12521700000000002 0.13345400000000002 0.12234399999999999 0.012815 0.012815 0.011658 0.090233999999999953 0.097784999999999969 0.089285999999999949 0.0036819999999999999 0.004084 0.0035299999999999997 0.00091799999999999998 0.0010430000000000001 0.00088999999999999995 1.0351972410337558 1.0351972410337558 1.0351972410337558 0.00092686324937865465 0.00092686324937865465 0.00092686324937865465 1 1 1 Converged Converged Converged OK OK OK 94 94 94 94 94 94 10 10 10 0 0 0 0 1 0 0 1
6 6 uniform 0 0 65 0 0.0001 2.9086634667611073 0.00034997931344948061 0.32822578487891141 -2.6327910717613539 0.052820750041641946 -2.698436228737136 0 2.6994538446357752 1.0308933909120461 OK 15 14 0.46821699999999999 0.46250799999999997 0.135517 0.32971299999999998 0.32323099999999999 0 0.13850400000000002 0.13927699999999998 0.135517 0.010919999999999999 0.010619 0.010153000000000001 0.092870999999999954 0.091802999999999954 0.091961999999999974 0.0045209999999999998 0.0038549999999999999 0.0041920000000000004 0.0012689999999999999 0.0011149999999999999 0.001101 1.0308934355873192 1.0308934355873192 1.0308934355873192 8.5949368180995687e-05 8.5949368180995687e-05 8.5949368180995687e-05 1 1 1 Converged Converged Converged OK OK OK 110 110 110 110 110 110 10 10 10 0 0 0 0 0 1 0 0
6 6 uniform 0 7 65 1 0.0001 2.9086634667611073 0.00034997931344948061 0.32822578487891141 -2.6327910717613539 0.052820750041641946 -2.6584783070997036 0 2.6594959229983428 1.0321183358257426 OK 15 14 0.45979599999999998 0.28347800000000001 0.13064400000000001 0.32877499999999998 0.13948199999999999 0 0.131021 0.14399600000000001 0.13064400000000001 0.009162 0.0092890000000000004 0.0086219999999999995 0.095903000000000002 0.10853400000000001 0.096234 0.0042619999999999993 0.004496 0.004457 0.0011670000000000001 0.001279 0.0012269999999999998 1.0321183008370014 1.0321183008370014 1.0321183008370014 2.7676372097656754e-05 2.7676372097656754e-05 2.7676372097656754e-05 1 1 1 Converged Converged Converged OK OK OK 118 118 118 118 118 118 10 10 10 0 0 0 0 1 0 0 1
6 6 uniform 0 15 65 2 0.0001 2.9086634667611073 0.00034997931344948061 0.32822578487891141 -2.6327910717613539 0.052820750041641946 -2.6128121109426377 0 2.6138297268412769 1.0336063680747971 OK 14 13 0.55617399999999995 0.35228399999999999 0.18989200000000001 0.36246299999999998 0.14948800000000001 0 0.19371099999999997 0.20279599999999998 0.18989200000000001 0.0097689999999999999 0.0097310000000000001 0.0092860000000000009 0.14641199999999999 0.1547950000000001 0.14507199999999995 0.0081579999999999986 0.008397 0.0073509999999999999 0.0014329999999999998 0.0015139999999999999 0.0014350000000000001 1.0336064388730841 1.0336064388730841 1.0336064388730841 7.9683493223930328e-05 7.9683493223930328e-05 7.9683493223930328e-05 1 1 1 Converged Converged Converged OK OK OK 151 151 151 151 151 151 9 9 9 0 0 0 0 1 0 0 1
6 6 uniform 0 23 65 3 0.0001 2.9086634667611073 0.00034997931344948061 0.32822578487891141 -2.6327910717613539 0.052820750041641946 -2.5671459147855717 0 2.568163530684211 1.0351974364244203 OK 15 14 0.62502999999999997 0.35700700000000002 0.15295600000000001 0.47055399999999997 0.18862899999999999 0 0.154476 0.16837800000000003 0.15295600000000001 0.012488000000000001 0.012784 0.011847999999999999 0.11549300000000001 0.12437100000000002 0.11483600000000001 0.004516 0.0050040000000000006 0.0047220000000000005 0.00125 0.0013619999999999999 0.0012209999999999999 1.0351974199372316 1.0351974199372316 1.0351974199372316 4.6272837396712017e-05 4.6272837396712017e-05 4.6272837396712017e-05 1 1 1 Converged Converged Converged OK OK OK 110 110 110 110 110 110 10 10 10 0 0 0 0 1 0 0 1
6 6 uniform 1 0 66 0 0.001 2.9086634667611073 0.00034997931344948061 0.32822578487891141 -0.20538527188593636 -0.03349532157087752 -0.27103042886171863 0 0.27204804476035771 4.9440692031327593 OK 15 14 2.4725389999999998 2.5035880000000001 0.15828 2.305561 2.3203320000000001 0 0.16697799999999985 0.18325600000000009 0.15828 0.011256 0.013174999999999999 0.010257 0.123656 0.13572499999999998 0.11976200000000001 0.0050930000000000003 0.0055369999999999994 0.0035669999999999994 0.0012039999999999998 0.001178 0.00083700000000000007 4.9440694278646937 4.9440694278646937 4.9440694278646937 0.0039031428719102533 0.0039031428719102533 0.0039031428719102533 1 1 1 Converged Converged Converged OK OK OK 87 87 87 87 87 87 9 9 9 0 0 0 0 0 1 0 0
6 6 uniform 1 7 66 1 0.001 2.9086634667611073 0.00034997931344948061 0.32822578487891141 -0.20538527188593636 -0.03349532157087752 -0.23107250722428596 0 0.23209012312292504 5.3298293581054335 OK 15 14 2.5321180000000001 0.563832 0.14410500000000001 2.3694820000000001 0.41171999999999997 0 0.162636 0.15211200000000002 0.14410500000000001 0.011339 0.0096500000000000006 0.0086280000000000003 0.12677000000000002 0.119975 0.11593300000000004 0.0049840000000000006 0.0044260000000000002 0.0031360000000000003 0.001124 0.00088299999999999989 0.00079600000000000005 5.3298293265038712 5.3298293265038712 5.3298293265038712 0.0026731370650240286 0.0026731370650240286 0.0026731370650240286 1 1 1 Converged Converged Converged OK OK OK 87 87 87 87 87 87 9 9 9 0 0 0 0 1 0 0 1
6 6 uniform 1 15 66 2 0.001 2.9086634667611073 0.00034997931344948061 0.32822578487891141 -0.20538527188593636 -0.03349532157087752 -0.18540631106722 0 0.18642392696585908 5.6496209702637534 OK 15 14 2.5877590000000001 0.56403899999999996 0.144423 2.433729 0.41221999999999998 0 0.15403000000000011 0.15181899999999998 0.144423 0.0099520000000000008 0.0093539999999999995 0.0083730000000000002 0.120669 0.12128399999999998 0.11702200000000003 0.0046610000000000002 0.003803 0.0029789999999999999 0.0010379999999999999 0.0008479999999999999 0.00078300000000000006 5.649618790137418 5.649618790137418 5.649618790137418 0.0027691124606076326 0.0027691124606076326 0.0027691124606076326 1 1 1 Converged Converged Converged OK OK OK 87 87 87 87 87 87 9 9 9 0 0 0 0 1 0 0 1
6 6 uniform 1 23 66 3 0.001 2.9086634667611073 0.00034997931344948061 0.32822578487891141 -0.20538527188593636 -0.03349532157087752 -0.13974011491015409 0 0.14075773080879317 5.8780144480146053 OK 15 14 2.8747340000000001 0.53913100000000003 0.146037 2.7085900000000001 0.38746999999999998 0 0.16614400000000007 0.15166100000000005 0.146037 0.011376000000000001 0.0095200000000000007 0.008574 0.13174000000000005 0.12283200000000004 0.11950299999999998 0.0046189999999999998 0.0035990000000000002 0.0029729999999999999 0.001178 0.00099599999999999992 0.00085400000000000005 5.8780143880080011 5.8780143880080011 5.8780143880080011 0.0011087837619936992 0.0011087837619936992 0.0011087837619936992 1 1 1 Converged Converged Converged OK OK OK 87 87 87 87 87 87 9 9 9 0 0 0 0 1 0 0 1
6 6 uniform 1 0 66 0 0.0001 2.9086634667611073 0.00034997931344948061 0.32822578487891141 -0.20538527188593636 -0.03349532157087752 -0.27103042886171863 0 0.27204804476035771 4.9440692031327593 OK 15 14 2.4891909999999999 2.5111219999999999 0.16963800000000001 2.3109380000000002 2.3143400000000001 0 0.17825299999999977 0.19678199999999979 0.16963800000000001 0.011074000000000001 0.013235 0.010231000000000001 0.13198400000000005 0.14557500000000004 0.12841900000000003 0.0057299999999999999 0.0059769999999999997 0.0038079999999999998 0.001242 0.0013190000000000001 0.00098200000000000002 4.944069323522406 4.944069323522406 4.944069323522406 0.00025737405913359233 0.00025737405913359233 0.00025737405913359233 1 1 1 Converged Converged Converged OK OK OK 95 95 95 95 95 95 9 9 9 0 0 0 0 0 1 0 0
6 6 uniform 1 7 66 1 0.0001 2.9086634667611073 0.00034997931344948061 0.32822578487891141 -0.20538527188593636 -0.03349532157087752 -0.23107250722428596 0 0.23209012312292504 5.3298293581054335 OK 15 14 2.5635020000000002 0.57499699999999998 0.15495100000000001 2.38998 0.40964800000000001 0 0.17352200000000018 0.16534899999999997 0.15495100000000001 0.011439 0.0096699999999999998 0.0086309999999999998 0.13501499999999994 0.13205200000000009 0.12494000000000001 0.0056839999999999998 0.0045449999999999996 0.0036800000000000001 0.0013080000000000001 0.00097900000000000005 0.00088900000000000003 5.3298293112857502 5.3298293112857502 5.3298293112857502 0.00032064732663471647 0.00032064732663471647 0.00032064732663471647 1 1 1 Converged Converged Converged OK OK OK 95 95 95 95 95 95 9 9 9 0 0 0 0 1 0 0 1
6 6 uniform 1 15 66 2 0.0001 2.9086634667611073 0.00034997931344948061 0.32822578487891141 -0.20538527188593636 -0.03349532157087752 -0.18540631106722 0 0.18642392696585908 5.6496209702637534 OK 15 14 2.621327 0.58129500000000001 0.16547999999999999 2.4432520000000002 0.40896100000000002 0 0.17807499999999976 0.17233399999999999 0.16547999999999999 0.010012 0.0094490000000000008 0.0084060000000000003 0.13912200000000002 0.13698399999999994 0.13288499999999992 0.0055339999999999999 0.0044530000000000004 0.0038319999999999999 0.0013649999999999999 0.00114 0.001049 5.6496208632578799 5.6496208632578799 5.6496208632578799 0.0001926282975991472 0.0001926282975991472 0.0001926282975991472 1 1 1 Converged Converged Converged OK OK OK 103 103 103 103 103 103 9 9 9 0 0 0 0 1 0 0 1
6 6 uniform 1 23 66 3 0.0001 2.9086634667611073 0.00034997931344948061 0.32822578487891141 -0.20538527188593636 -0.03349532157087752 -0.13974011491015409 0 0.14075773080879317 5.8780144480146053 OK 15 14 2.8961130000000002 0.54669299999999998 0.15341399999999999 2.6910699999999999 0.38638699999999998 0 0.20504300000000031 0.160306 0.15341399999999999 0.011370999999999999 0.0096100000000000005 0.0087100000000000007 0.162581 0.12970799999999999 0.12488100000000008 0.0052659999999999998 0.0040540000000000003 0.0034580000000000001 0.001238 0.0011169999999999999 0.00098200000000000002 5.8780143875841588 5.8780143875841588 5.8780143875841588 0.00030162777343622696 0.00030162777343622696 0.00030162777343622696 1 1 1 Converged Converged Converged OK OK OK 95 95 95 95 95 95 9 9 9 0 0 0 0 1 0 0 1
6 6 uniform 2 0 67 0 0.001 2.9086634667611073 0.00034997931344948061 0.32822578487891141 0.18343170649279605 -0.29572518963135319 0.11778654951701377 0 -0.11676893361837469 4.2882295930733534 OK 13 12 2.2148379999999999 2.2165699999999999 0.161272 2.0453610000000002 2.0532219999999999 0 0.16947699999999966 0.16334800000000005 0.161272 0.011018 0.011115999999999999 0.010232 0.125558 0.12260700000000006 0.11972600000000004 0.0048139999999999997 0.0047990000000000003 0.0037240000000000003 0.0012810000000000002 0.001217 0.001008 4.2882024496386881 4.2882024496386881 4.2882024496386881 0.003675940143496371 0.003675940143496371 0.003675940143496371 1 1 1 Converged Converged Converged OK OK OK 87 87 87 87 87 87 9 9 9 0 0 0 0 0 1 0 0
6 6 uniform 2 7 67 1 0.001 2.9086634667611073 0.00034997931344948061 0.32822578487891141 0.18343170649279605 -0.29572518963135319 0.15774447115444645 0 -0.15672685525580737 3.8249159270848838 OK 14 13 2.3778009999999998 0.47872599999999998 0.18680099999999999 2.1368170000000002 0.27245399999999997 0 0.24098399999999964 0.20627200000000001 0.18680099999999999 0.014302 0.013188 0.012702 0.18264799999999992 0.15707399999999996 0.13983499999999996 0.006788999999999999 0.0061159999999999999 0.00528 0.0017270000000000002 0.0015520000000000002 0.0014660000000000001 3.8248883831823282 3.8248883831823282 3.8248883831823282 0.0024594237283502955 0.0024594237283502955 0.0024594237283502955 1 1 1 Converged Converged Converged OK OK OK 118 118 118 118 118 118 10 10 10 0 0 0 0 1 0 0 1
6 6 uniform 2 15 67 2 0.001 2.9086634667611073 0.00034997931344948061 0.32822578487891141 0.18343170649279605 -0.29572518963135319 0.20341066731151242 0 -0.20239305141287334 3.4134351860890231 OK 13 12 2.7704520000000001 0.47043800000000002 0.16975499999999999 2.5732309999999998 0.28411999999999998 0 0.19722100000000031 0.18631800000000004 0.16975499999999999 0.012031999999999999 0.0099109999999999997 0.0089359999999999995 0.15139200000000005 0.1473269999999999 0.13387999999999997 0.0084120000000000011 0.0064210000000000005 0.0051960000000000001 0.0018209999999999999 0.0015319999999999999 0.0013829999999999999 3.4134779982770174 3.4134779982770174 3.4134779982770174 0.0032614371925028872 0.0032614371925028872 0.0032614371925028872 1 1 1 Converged Converged Converged OK OK OK 127 127 127 127 127 127 9 9 9 0 0 0 0 1 0 0 1
6 6 uniform 2 23 67 3 0.001 2.9086634667611073 0.00034997931344948061 0.32822578487891141 0.18343170649279605 -0.29572518963135319 0.24907686346857832 0 -0.24805924756993925 3.0874987857703871 OK 13 12 3.1821329999999999 0.58521400000000001 0.167293 2.9616989999999999 0.40108899999999997 0 0.22043400000000002 0.18412500000000004 0.167293 0.011146 0.0091369999999999993 0.0083169999999999997 0.17812900000000007 0.14895700000000001 0.13473600000000005 0.0080000000000000002 0.0058690000000000001 0.0047819999999999998 0.0017619999999999999 0.001392 0.001364 3.087566956151127 3.087566956151127 3.087566956151127 0.0017768671822008324 0.0017768671822008324 0.0017768671822008324 1 1 1 Converged Converged Converged OK OK OK 127 127 127 127 127 127 9 9 9 0 0 0 0 1 0 0 1
6 6 uniform 2 0 67 0 0.0001 2.9086634667611073 0.00034997931344948061 0.32822578487891141 0.18343170649279605 -0.29572518963135319 0.11778654951701377 0 -0.11676893361837469 4.2882295930733534 OK 13 12 2.2579379999999998 2.226728 0.17710400000000001 2.0362559999999998 2.0457299999999998 0 0.22168199999999993 0.18099800000000021 0.17710400000000001 0.010741000000000001 0.01119 0.010540000000000001 0.168494 0.13492800000000008 0.13376200000000002 0.0064610000000000006 0.0059050000000000005 0.0048439999999999993 0.0013359999999999999 0.0013910000000000001 0.00116 4.2882300732076235 4.2882300732076235 4.2882300732076235 0.0003570483695498715 0.0003570483695498715 0.0003570483695498715 1 1 1 Converged Converged Converged OK OK OK 103 103 103 103 103 103 9 9 9 0 0 0 0 0 1 0 0
6 6 uniform 2 7 67 1 0.0001 2.9086634667611073 0.00034997931344948061 0.32822578487891141 0.18343170649279605 -0.29572518963135319 0.15774447115444645 0 -0.15672685525580737 3.8249159270848838 OK 14 13 2.386282 0.52715100000000004 0.23039399999999999 2.1367099999999999 0.27214500000000003 0 0.24957200000000013 0.25500600000000001 0.23039399999999999 0.014564000000000001 0.013035 0.012792 0.17987800000000007 0.19117900000000004 0.17012200000000013 0.010337000000000001 0.0093659999999999993 0.0078809999999999991 0.0023800000000000002 0.002006 0.002029 3.8249168871171171 3.8249168871171171 3.8249168871171171 0.00015786408663582511 0.00015786408663582511 0.00015786408663582511 1 1 1 Converged Converged Converged OK OK OK 158 158 158 158 158 158 10 10 10 0 0 0 0 1 0 0 1
6 6 uniform 2 15 67 2 0.0001 2.9086634667611073 0.00034997931344948061 0.32822578487891141 0.18343170649279605 -0.29572518963135319 0.20341066731151242 0 -0.20239305141287334 3.4134351860890231 OK 13 12 2.892833 0.55641399999999996 0.24948400000000001 2.574373 0.28379599999999999 0 0.31845999999999997 0.27261799999999997 0.24948400000000001 0.011804 0.010123999999999999 0.0089980000000000008 0.23649799999999993 0.20665200000000011 0.1873420000000002 0.020143000000000001 0.014168 0.012066 0.0025000000000000001 0.0021849999999999999 0.0021210000000000001 3.413434831276406 3.413434831276406 3.413434831276406 0.00024757322786169052 0.00024757322786169052 0.00024757322786169052 1 1 1 Converged Converged Converged OK OK OK 215 215 215 215 215 215 9 9 9 0 0 0 0 1 0 0 1
6 6 uniform 2 23 67 3 0.0001 2.9086634667611073 0.00034997931344948061 0.32822578487891141 0.18343170649279605 -0.29572518963135319 0.24907686346857832 0 -0.24805924756993925 3.0874987857703871 OK 13 12 3.1910599999999998 0.63788 0.21135499999999999 2.955098 0.40515499999999999 0 0.23596199999999978 0.23272500000000002 0.21135499999999999 0.011316 0.0092929999999999992 0.008319 0.18018100000000006 0.18289899999999995 0.16608000000000009 0.013193000000000002 0.010792 0.0086019999999999985 0.0021580000000000002 0.0019439999999999998 0.001936 3.0875032321450133 3.0875032321450133 3.0875032321450133 0.00019837653003854992 0.00019837653003854992 0.00019837653003854992 1 1 1 Converged Converged Converged OK OK OK 183 183 183 183 183 183 9 9 9 0 0 0 0 1 0 0 1
6 6 uniform 3 0 68 0 0.001 2.9086634667611073 0.00034997931344948061 0.32822578487891141 0.46206451519941144 0.12018504839133567 0.39641935822362917 0 -0.39540174232499009 2.8425707090263113 OK 15 14 3.3080759999999998 3.2873559999999999 0.18279500000000001 3.0725340000000001 3.097108 0 0.2355419999999997 0.19024799999999997 0.18279500000000001 0.018076999999999999 0.017368000000000001 0.015785 0.16439600000000001 0.12939000000000006 0.12594300000000003 0.0067480000000000014 0.006633 0.0054530000000000004 0.0015840000000000001 0.0015200000000000001 0.001392 2.8425709152467169 2.8425709152467169 2.8425709152467169 0.0019339964159178083 0.0019339964159178083 0.0019339964159178083 1 1 1 Converged Converged Converged OK OK OK 103 103 103 103 103 103 9 9 9 0 0 0 0 0 1 0 0
6 6 uniform 3 7 68 1 0.001 2.9086634667611073 0.00034997931344948061 0.32822578487891141 0.46206451519941144 0.12018504839133567 0.43637727986106184 0 -0.43535966396242276 2.575598753712331 OK 15 14 3.4495879999999999 0.60696600000000001 0.16875799999999999 3.2262849999999998 0.41386200000000001 0 0.22330300000000003 0.193104 0.16875799999999999 0.016943 0.016910000000000001 0.013608 0.16946900000000006 0.14443800000000001 0.12580799999999995 0.0070469999999999994 0.0058849999999999996 0.0049290000000000002 0.0016109999999999998 0.0014329999999999998 0.001237 2.5755988092900948 2.5755988092900948 2.5755988092900948 0.0011288483261775366 0.0011288483261775366 0.0011288483261775366 1 1 1 Converged Converged Converged OK OK OK 103 103 103 103 103 103 9 9 9 0 0 0 0 1 0 0 1
6 6 uniform 3 15 68 2 0.001 2.9086634667611073 0.00034997931344948061 0.32822578487891141 0.46206451519941144 0.12018504839133567 0.4820434760181278 0 -0.48102586011948872 2.340034753646302 OK 15 14 3.6270039999999999 0.62024900000000005 0.161416 3.408941 0.44259900000000002 0 0.2180629999999999 0.17765000000000003 0.161416 0.017069999999999998 0.015897000000000001 0.013442000000000001 0.16522900000000001 0.13399699999999998 0.12189599999999999 0.0062590000000000007 0.0048069999999999996 0.0043039999999999997 0.0014059999999999999 0.0011980000000000001 0.0010660000000000001 2.3400349564321434 2.3400349564321434 2.3400349564321434 0.0016421365339909354 0.0016421365339909354 0.0016421365339909354 1 1 1 Converged Converged Converged OK OK OK 95 95 95 95 95 95 9 9 9 0 0 0 0 1 0 0 1
6 6 uniform 3 23 68 3 0.001 2.9086634667611073 0.00034997931344948061 0.32822578487891141 0.46206451519941144 0.12018504839133567 0.52770967217519371 0 -0.52669205627655469 2.1545065485707391 OK 14 13 3.766797 0.50887400000000005 0.17625099999999999 3.53721 0.31385600000000002 0 0.22958699999999999 0.19501800000000002 0.17625099999999999 0.013998 0.012675000000000001 0.011417999999999999 0.17304599999999989 0.14849499999999999 0.13337600000000008 0.0082979999999999998 0.0072449999999999997 0.0059499999999999996 0.0015430000000000001 0.0013649999999999999 0.0013700000000000001 2.154507083924027 2.154507083924027 2.154507083924027 0.0010733686111977757 0.0010733686111977757 0.0010733686111977757 1 1 1 Converged Converged Converged OK OK OK 120 120 120 120 120 120 8 8 8 0 0 0 0 1 0 0 1
6 6 uniform 3 0 68 0 0.0001 2.9086634667611073 0.00034997931344948061 0.32822578487891141 0.46206451519941144 0.12018504839133567 0.39641935822362917 0 -0.39540174232499009 2.8425707090263113 OK 15 14 3.3269389999999999 3.3198120000000002 0.198049 3.0732270000000002 3.1140599999999998 0 0.25371199999999972 0.20575200000000038 0.198049 0.018138000000000001 0.017121999999999998 0.016393999999999999 0.17735899999999999 0.14032699999999998 0.13581100000000002 0.0074960000000000001 0.0073509999999999999 0.0062060000000000014 0.0018140000000000001 0.0017009999999999998 0.0015939999999999997 2.8425705544243329 2.8425705544243329 2.8425705544243329 0.00027948232167867703 0.00027948232167867703 0.00027948232167867703 1 1 1 Converged Converged Converged OK OK OK 111 111 111 111 111 111 9 9 9 0 0 0 0 0 1 0 0
6 6 uniform 3 7 68 1 0.0001 2.9086634667611073 0.00034997931344948061 0.32822578487891141 0.46206451519941144 0.12018504839133567 0.43637727986106184 0 -0.43535966396242276 2.575598753712331 OK 15 14 3.485652 0.63374699999999995 0.1991 3.2575129999999999 0.411742 0 0.22813900000000009 0.22200499999999995 0.1991 0.017683000000000001 0.015113 0.014057999999999999 0.16437499999999991 0.16492699999999991 0.14572099999999996 0.0092379999999999997 0.0081299999999999983 0.0067209999999999987 0.001954 0.00174 0.00165 2.5755986504153632 2.5755986504153632 2.5755986504153632 0.00019757139787412528 0.00019757139787412528 0.00019757139787412528 1 1 1 Converged Converged Converged OK OK OK 127 127 127 127 127 127 9 9 9 0 0 0 0 1 0 0 1
6 6 uniform 3 15 68 2 0.0001 2.9086634667611073 0.00034997931344948061 0.32822578487891141 0.46206451519941144 0.12018504839133567 0.4820434760181278 0 -0.48102586011948872 2.340034753646302 OK 15 14 3.6817129999999998 0.665412 0.202681 3.4116490000000002 0.43871399999999999 0 0.27006399999999964 0.22669800000000001 0.202681 0.017014999999999999 0.014714 0.013332999999999999 0.20295099999999994 0.17304600000000009 0.15239900000000001 0.0097159999999999989 0.007435999999999999 0.0065609999999999991 0.0023760000000000001 0.0018320000000000001 0.001632 2.340034620836918 2.340034620836918 2.340034620836918 0.00016196904738685763 0.00016196904738685763 0.00016196904738685763 1 1 1 Converged Converged Converged OK OK OK 127 127 127 127 127 127 9 9 9 0 0 0 0 1 0 0 1
6 6 uniform 3 23 68 3 0.0001 2.9086634667611073 0.00034997931344948061 0.32822578487891141 0.46206451519941144 0.12018504839133567 0.52770967217519371 0 -0.52669205627655469 2.1545065485707391 OK 14 13 3.8559540000000001 0.60000900000000001 0.25027899999999997 3.5427279999999999 0.30932599999999999 0 0.31322600000000023 0.29068300000000002 0.25027899999999997 0.014175999999999999 0.012744999999999999 0.011454000000000001 0.23137699999999989 0.21825900000000009 0.18629199999999999 0.019380000000000001 0.014612000000000002 0.011705999999999999 0.0020629999999999997 0.0018650000000000001 0.0017690000000000002 2.1545065653941715 2.1545065653941715 2.1545065653941715 0.00015037021534197311 0.00015037021534197311 0.00015037021534197311 1 1 1 Converged Converged Converged OK OK OK 192 192 192 192 192 192 8 8 8 0 0 0 0 1 0 0 1
6 6 uniform 4 0 69 0 0.001 2.9086634667611073 0.00034997931344948061 0.32822578487891141 -0.17442926526199976 0.54177895374675877 -0.24007442223778203 0 0.24109203813642111 1.9804647144483674 OK 13 12 3.1280209999999999 3.1334939999999998 0.091141 3.0114049999999999 3.0185960000000001 0 0.11661600000000005 0.11489799999999972 0.091141 0.011686999999999999 0.010330000000000001 0.0091920000000000005 0.078885000000000025 0.079643999999999993 0.062223999999999988 0.0046030000000000003 0.0043100000000000005 0.0029070000000000003 0.00086800000000000006 0.00085500000000000007 0.00080300000000000011 1.9804666558253863 1.9804666558253863 1.9804666558253863 0.00076546583756643884 0.00076546583756643884 0.00076546583756643884 1 1 1 Converged Converged Converged OK OK OK 59 59 59 59 59 59 5 5 5 0 0 0 0 0 1 0 0
6 6 uniform 4 7 69 1 0.001 2.9086634667611073 0.00034997931344948061 0.32822578487891141 -0.17442926526199976 0.54177895374675877 -0.20011650060034936 0 0.20113411649898844 2.0261745518905694 OK 13 12 3.2341769999999999 0.404111 0.084920999999999996 3.1214439999999999 0.28586299999999998 0 0.11273299999999997 0.11824800000000002 0.084920999999999996 0.010711 0.0091199999999999996 0.0080669999999999995 0.080141999999999977 0.088621999999999965 0.061058000000000008 0.0044559999999999999 0.0037550000000000001 0.0027009999999999998 0.00088199999999999997 0.00078100000000000001 0.00062600000000000004 2.0261746121787541 2.0261746121787541 2.0261746121787541 0.00036501625186457782 0.00036501625186457782 0.00036501625186457782 1 1 1 Converged Converged Converged OK OK OK 59 59 59 59 59 59 5 5 5 0 0 0 0 1 0 0 1
6 6 uniform 4 15 69 2 0.001 2.9086634667611073 0.00034997931344948061 0.32822578487891141 -0.17442926526199976 0.54177895374675877 -0.15445030444328339 0 0.15546792034192247 2.0722938544841316 OK 13 12 3.208691 0.38078299999999998 0.076249999999999998 3.1076000000000001 0.28855599999999998 0 0.10109099999999982 0.092227000000000003 0.076249999999999998 0.010736000000000001 0.010097 0.0078890000000000002 0.071400000000000005 0.067552000000000001 0.055250000000000007 0.0036369999999999996 0.0026159999999999998 0.0021770000000000001 0.00070399999999999998 0.00069400000000000006 0.00060000000000000006 2.0722934969654965 2.0722934969654965 2.0722934969654965 0.00090348257550727936 0.00090348257550727936 0.00090348257550727936 1 1 1 Converged Converged Converged OK OK OK 51 51 51 51 51 51 5 5 5 0 0 0 0 1 0 0 1
6 6 uniform 4 23 69 3 0.001 2.9086634667611073 0.00034997931344948061 0.32822578487891141 -0.17442926526199976 0.54177895374675877 -0.10878410828621747 0 0.10980172418485655 2.1094421791571141 OK 13 12 3.1592389999999999 0.26483099999999998 0.080256999999999995 3.0572509999999999 0.16939899999999999 0 0.10198799999999997 0.095431999999999989 0.080256999999999995 0.010522 0.010208999999999999 0.0079100000000000004 0.070876000000000008 0.068118000000000012 0.057026999999999994 0.0044380000000000001 0.0032059999999999996 0.002555 0.00098400000000000007 0.00084000000000000003 0.00068099999999999996 2.1094421700365822 2.1094421700365822 2.1094421700365822 0.0003318667752340961 0.0003318667752340961 0.0003318667752340961 1 1 1 Converged Converged Converged OK OK OK 59 59 59 59 59 59 5 5 5 0 0 0 0 1 0 0 1
6 6 uniform 4 0 69 0 0.0001 2.9086634667611073 0.00034997931344948061 0.32822578487891141 -0.17442926526199976 0.54177895374675877 -0.24007442223778203 0 0.24109203813642111 1.9804647144483674 OK 13 12 3.1558519999999999 3.175198 0.12693599999999999 2.9974590000000001 3.019091 0 0.15839299999999978 0.156107 0.12693599999999999 0.011719 0.010567 0.0092010000000000008 0.10793200000000001 0.10752199999999996 0.086725000000000024 0.0071010000000000005 0.0072099999999999994 0.0049960000000000004 0.0011730000000000002 0.001485 0.0010480000000000001 1.9804646492220146 1.9804646492220146 1.9804646492220146 4.4116121390623813e-05 4.4116121390623813e-05 4.4116121390623813e-05 1 1 1 Converged Converged Converged OK OK OK 91 91 91 91 91 91 5 5 5 0 0 0 0 0 1 0 0
6 6 uniform 4 7 69 1 0.0001 2.9086634667611073 0.00034997931344948061 0.32822578487891141 -0.17442926526199976 0.54177895374675877 -0.20011650060034936 0 0.20113411649898844 2.0261745518905694 OK 13 12 3.2488929999999998 0.40519899999999998 0.100354 3.1160709999999998 0.28073199999999998 0 0.132822 0.12446699999999999 0.100354 0.010683 0.010586999999999999 0.0080850000000000002 0.092655000000000043 0.089932000000000026 0.071358000000000005 0.0058230000000000001 0.0046820000000000004 0.003614 0.0021059999999999998 0.00091500000000000001 0.00080100000000000006 2.0261745838954064 2.0261745838954064 2.0261745838954064 0.00011915060505513673 0.00011915060505513673 0.00011915060505513673 1 1 1 Converged Converged Converged OK OK OK 75 75 75 75 75 75 5 5 5 0 0 0 0 1 0 0 1
6 6 uniform 4 15 69 2 0.0001 2.9086634667611073 0.00034997931344948061 0.32822578487891141 -0.17442926526199976 0.54177895374675877 -0.15445030444328339 0 0.15546792034192247 2.0722938544841316 OK 13 12 3.228904 0.40840900000000002 0.098792000000000005 3.0955140000000001 0.28424199999999999 0 0.1333899999999999 0.12416700000000003 0.098792000000000005 0.011204 0.010251 0.0079670000000000001 0.092056000000000013 0.090743999999999991 0.07014999999999999 0.0076089999999999994 0.0045339999999999998 0.00363 0.001214 0.0010270000000000001 0.00089299999999999991 2.0722938305031562 2.0722938305031562 2.0722938305031562 0.00014401977653406186 0.00014401977653406186 0.00014401977653406186 1 1 1 Converged Converged Converged OK OK OK 75 75 75 75 75 75 5 5 5 0 0 0 0 1 0 0 1
6 6 uniform 4 23 69 3 0.0001 2.9086634667611073 0.00034997931344948061 0.32822578487891141 -0.17442926526199976 0.54177895374675877 -0.10878410828621747 0 0.10980172418485655 2.1094421791571141 OK 13 12 3.1561309999999998 0.27059699999999998 0.089205999999999994 3.0399590000000001 0.16447899999999999 0 0.11617199999999972 0.10611799999999999 0.089205999999999994 0.010777999999999999 0.0087539999999999996 0.007979 0.082741999999999968 0.07843300000000003 0.064154000000000003 0.0050629999999999998 0.0037300000000000007 0.0029269999999999999 0.0010650000000000002 0.00086600000000000002 0.00081999999999999998 2.1094421408386625 2.1094421408386625 2.1094421408386625 5.5137311655152427e-05 5.5137311655152427e-05 5.5137311655152427e-05 1 1 1 Converged Converged Converged OK OK OK 67 67 67 67 67 67 5 5 5 0 0 0 0 1 0 0 1
7 7 linear 0 0 70 0 0.001 0.33630813599839959 0.0038116031987008385 0.0011262887858777108 0.00041214747181102067 -0.00017835366620584425 0.00018688971463547849 0.5 0.0010901160131682819 1749.6141532458228 OK 12 13 0.80153700000000005 0.79873499999999997 0.25924700000000001 0.53955399999999998 0.54286299999999998 0 0.26198300000000008 0.25587199999999999 0.25924700000000001 0.0089949999999999995 0.0094479999999999998 0.010383999999999999 0.21839199999999989 0.21108899999999994 0.21420999999999996 0.0048769999999999994 0.0054159999999999989 0.0049419999999999993 0.0013900000000000002 0.0014270000000000001 0.00139 1749.5972217062131 1749.5972217062131 1749.5972217062131 1.7171646145927841 1.7171646145927841 1.7171646145927841 1 1 1 Converged Converged Converged OK OK OK 105 105 105 105 105 105 7 7 7 0 0 0 0 0 1 0 0
7 7 linear 0 7 70 1 0.001 0.33630813599839959 0.0038116031987008385 0.0011262887858777108 0.00041214747181102067 -0.00017835366620584425 0.00032400313204667807 0.5 0.00095300259575708244 1707.9211839243565 OK 12 13 0.84952899999999998 0.79167200000000004 0.26656299999999999 0.58118000000000003 0.43886700000000001 0 0.26834899999999995 0.35280500000000004 0.26656299999999999 0.0063369999999999998 0.0065339999999999999 0.0061180000000000002 0.23467999999999989 0.31781799999999993 0.23328099999999999 0.0050230000000000006 0.0056759999999999996 0.0052499999999999995 0.001302 0.0013410000000000002 0.0012639999999999999 1708.0104545896929 1708.0104545896929 1708.0104545896929 1.093495435035402 1.093495435035402 1.093495435035402 1 1 1 Converged Converged Converged OK OK OK 113 113 113 113 113 113 7 7 7 0 0 0 0 1 0 0 1
7 7 linear 0 15 70 2 0.001 0.33630813599839959 0.0038116031987008385 0.0011262887858777108 0.00041214747181102067 -0.00017835366620584425 0.00048070418051662046 0.5 0.00079630154728714 1631.7673163910065 OK 11 12 0.86071500000000001 0.78580700000000003 0.31679099999999999 0.54326200000000002 0.41137800000000002 0 0.31745299999999999 0.37442900000000001 0.31679099999999999 0.0062719999999999998 0.0065539999999999999 0.0060229999999999997 0.27951100000000018 0.33524200000000004 0.27825600000000006 0.006888 0.0076969999999999998 0.0074109999999999992 0.001204 0.001338 0.0012809999999999998 1631.7932599194351 1631.7932599194351 1631.7932599194351 0.60879443931212984 0.60879443931212984 0.60879443931212984 1 1 1 Converged Converged Converged OK OK OK 130 130 130 130 130 130 6 6 6 0 0 0 0 1 0 0 1
7 7 linear 0 23 70 3 0.001 0.33630813599839959 0.0038116031987008385 0.0011262887858777108 0.00041214747181102067 -0.00017835366620584425 0.00063740522898656285 0.5 0.00063960049881719766 1519.6008663713758 OK 12 12 0.909829 0.86917100000000003 0.34110499999999999 0.56462199999999996 0.42434300000000003 0 0.34520700000000004 0.444828 0.34110499999999999 0.0065250000000000004 0.0065640000000000004 0.007097 0.30427500000000002 0.40400499999999989 0.30036399999999996 0.0078440000000000003 0.0077130000000000002 0.0073649999999999992 0.0013239999999999999 0.0014420000000000001 0.0013650000000000001 1519.6034532661488 1519.6034532661488 1519.6034532661488 0.73572934409957924 0.73572934409957924 0.73572934409957924 1 1 1 Converged Converged Converged OK OK OK 137 137 137 137 137 137 7 7 7 0 0 0 0 1 0 0 1
7 7 linear 0 0 70 0 0.0001 0.33630813599839959 0.0038116031987008385 0.0011262887858777108 0.00041214747181102067 -0.00017835366620584425 0.00018688971463547849 0.5 0.0010901160131682819 1749.6141532458228 OK 12 13 0.92432599999999998 0.91544099999999995 0.36988599999999999 0.54716699999999996 0.54458399999999996 0 0.37715900000000002 0.37085699999999999 0.36988599999999999 0.0090399999999999994 0.0093489999999999997 0.0092399999999999999 0.31923000000000001 0.31181599999999993 0.31128300000000014 0.0072819999999999994 0.0078569999999999994 0.0078750000000000001 0.001786 0.0018470000000000001 0.001882 1749.6158482956125 1749.6158482956125 1749.6158482956125 0.11824220899755987 0.11824220899755987 0.11824220899755987 1 1 1 Converged Converged Converged OK OK OK 145 145 145 145 145 145 7 7 7 0 0 0 0 0 1 0 0
7 7 linear 0 7 70 1 0.0001 0.33630813599839959 0.0038116031987008385 0.0011262887858777108 0.00041214747181102067 -0.00017835366620584425 0.00032400313204667807 0.5 0.00095300259575708244 1707.9211839243565 OK 12 13 1.029352 1.048116 0.43820300000000001 0.58243699999999998 0.44338100000000003 0 0.44691500000000006 0.60473500000000002 0.43820300000000001 0.00643 0.0065919999999999998 0.0060639999999999999 0.38928699999999983 0.54612399999999994 0.38162599999999974 0.010372000000000001 0.011258999999999998 0.010821000000000001 0.0017990000000000003 0.0019219999999999999 0.0018270000000000001 1708.0204274464554 1708.0204274464554 1708.0204274464554 0.12025205869656209 0.12025205869656209 0.12025205869656209 1 1 1 Converged Converged Converged OK OK OK 193 193 193 193 193 193 7 7 7 0 0 0 0 1 0 0 1
7 7 linear 0 15 70 2 0.0001 0.33630813599839959 0.0038116031987008385 0.0011262887858777108 0.00041214747181102067 -0.00017835366620584425 0.00048070418051662046 0.5 0.00079630154728714 1631.7673163910065 OK 11 12 1.102792 1.087925 0.54270200000000002 0.54496900000000004 0.411138 0 0.55782299999999996 0.67678700000000003 0.54270200000000002 0.0063080000000000002 0.0064029999999999998 0.005973 0.48983099999999991 0.60687400000000036 0.46990000000000032 0.018041999999999999 0.018632000000000003 0.018224000000000001 0.0016360000000000001 0.002464 0.0016229999999999999 1631.7875236906509 1631.7875236906509 1631.7875236906509 0.064778695312689497 0.064778695312689497 0.064778695312689497 1 1 1 Converged Converged Converged OK OK OK 234 234 234 234 234 234 6 6 6 0 0 0 0 1 0 0 1
7 7 linear 0 23 70 3 0.0001 0.33630813599839959 0.0038116031987008385 0.0011262887858777108 0.00041214747181102067 -0.00017835366620584425 0.00063740522898656285 0.5 0.00063960049881719766 1519.6008663713758 OK 12 12 1.142358 1.187114 0.56066300000000002 0.56108800000000003 0.43183700000000003 0 0.58126999999999995 0.75527699999999998 0.56066300000000002 0.0063239999999999998 0.0066800000000000002 0.0057390000000000002 0.5107750000000002 0.68420700000000012 0.49266799999999999 0.019002000000000002 0.019089999999999999 0.018608 0.0018580000000000001 0.001805 0.0016950000000000001 1519.6056942644882 1519.6056942644882 1519.6056942644882 0.073904337298765194 0.073904337298765194 0.073904337298765194 1 1 1 Converged Converged Converged OK OK OK 241 241 241 241 241 241 7 7 7 0 0 0 0 1 0 0 1
7 7 linear 1 0 71 0 0.001 0.33630813599839959 0.0038116031987008385 0.0011262887858777108 2.6183914635561849 -0.34378415769985599 2.6181662057990094 0.5 -2.6168892000712054 1.9662536291986568 OK 13 12 0.80013199999999995 0.79700700000000002 0.20238600000000001 0.58935499999999996 0.59367300000000001 0 0.21077699999999999 0.20333400000000001 0.20238600000000001 0.0096489999999999996 0.0095989999999999999 0.0092750000000000003 0.16652600000000004 0.16016699999999998 0.15969799999999995 0.0045709999999999995 0.0043369999999999997 0.0044019999999999997 0.00109 0.0010689999999999999 0.0011020000000000001 1.9662686061620949 1.9662686061620949 1.9662686061620949 0.0012341168967242666 0.0012341168967242666 0.0012341168967242666 1 1 1 Converged Converged Converged OK OK OK 97 97 97 97 97 97 7 7 7 0 0 0 0 0 1 0 0
7 7 linear 1 7 71 1 0.001 0.33630813599839959 0.0038116031987008385 0.0011262887858777108 2.6183914635561849 -0.34378415769985599 2.6183033192164205 0.5 -2.6170263134886165 1.9648212625334662 OK 13 12 0.98259700000000005 0.90126799999999996 0.20752100000000001 0.76597999999999999 0.62906200000000001 0 0.21661700000000006 0.27220599999999995 0.20752100000000001 0.0085529999999999998 0.0088000000000000005 0.0080990000000000003 0.18188699999999994 0.23760599999999996 0.17400400000000002 0.0044120000000000001 0.0042910000000000005 0.0043150000000000003 0.001059 0.0010690000000000001 0.001098 1.9648346329661539 1.9648346329661539 1.9648346329661539 0.0010634138507541564 0.0010634138507541564 0.0010634138507541564 1 1 1 Converged Converged Converged OK OK OK 97 97 97 97 97 97 7 7 7 0 0 0 0 1 0 0 1
7 7 linear 1 15 71 2 0.001 0.33630813599839959 0.0038116031987008385 0.0011262887858777108 2.6183914635561849 -0.34378415769985599 2.6184600202648904 0.5 -2.6171830145370865 1.9574973550944703 OK 13 12 0.81407399999999996 0.73242600000000002 0.18531500000000001 0.62469600000000003 0.47596100000000002 0 0.18937799999999994 0.256465 0.18531500000000001 0.0087410000000000005 0.012919999999999999 0.0080070000000000002 0.15728200000000001 0.21939499999999995 0.15453900000000007 0.0038019999999999998 0.0041990000000000005 0.003764 0.00088400000000000013 0.000977 0.00088499999999999994 1.957509587872285 1.957509587872285 1.957509587872285 0.00092556658150547513 0.00092556658150547513 0.00092556658150547513 1 1 1 Converged Converged Converged OK OK OK 89 89 89 89 89 89 7 7 7 0 0 0 0 1 0 0 1
7 7 linear 1 23 71 3 0.001 0.33630813599839959 0.0038116031987008385 0.0011262887858777108 2.6183914635561849 -0.34378415769985599 2.6186167213133604 0.5 -2.6173397155855564 1.944968092904676 OK 13 12 0.90945299999999996 0.83672100000000005 0.162466 0.74382300000000001 0.60438999999999998 0 0.16562999999999994 0.23233100000000007 0.162466 0.0083979999999999992 0.0086689999999999996 0.0079279999999999993 0.13597800000000007 0.201961 0.13410199999999997 0.0035739999999999995 0.0037079999999999999 0.003431 0.00088699999999999998 0.00092899999999999992 0.00085699999999999991 1.944972401768553 1.944972401768553 1.944972401768553 0.00072909633596654922 0.00072909633596654922 0.00072909633596654922 1 1 1 Converged Converged Converged OK OK OK 82 82 82 82 82 82 6 6 6 0 0 0 0 1 0 0 1
7 7 linear 1 0 71 0 0.0001 0.33630813599839959 0.0038116031987008385 0.0011262887858777108 2.6183914635561849 -0.34378415769985599 2.6181662057990094 0.5 -2.6168892000712054 1.9662536291986568 OK 13 12 0.82435199999999997 0.82408000000000003 0.22720199999999999 0.59024500000000002 0.59477000000000002 0 0.23410699999999995 0.22931000000000001 0.22720199999999999 0.0093629999999999998 0.0098289999999999992 0.0094929999999999997 0.18461700000000006 0.17809899999999992 0.17749700000000002 0.0050390000000000001 0.0056990000000000001 0.0053269999999999993 0.001405 0.00156 0.0014399999999999999 1.9662648916732213 1.9662648916732213 1.9662648916732213 0.00015019179618136298 0.00015019179618136298 0.00015019179618136298 1 1 1 Converged Converged Converged OK OK OK 113 113 113 113 113 113 7 7 7 0 0 0 0 0 1 0 0
7 7 linear 1 7 71 1 0.0001 0.33630813599839959 0.0038116031987008385 0.0011262887858777108 2.6183914635561849 -0.34378415769985599 2.6183033192164205 0.5 -2.6170263134886165 1.9648212625334662 OK 13 12 1.0177780000000001 0.95496300000000001 0.245867 0.76576500000000003 0.63154699999999997 0 0.25201300000000004 0.32341600000000004 0.245867 0.0086280000000000003 0.0086560000000000005 0.0080909999999999992 0.20841299999999993 0.28001799999999993 0.20396599999999998 0.0056779999999999999 0.0057110000000000008 0.0056959999999999997 0.0014239999999999999 0.0014480000000000001 0.0013439999999999999 1.9648316576105489 1.9648316576105489 1.9648316576105489 0.00016675532900620817 0.00016675532900620817 0.00016675532900620817 1 1 1 Converged Converged Converged OK OK OK 121 121 121 121 121 121 7 7 7 0 0 0 0 1 0 0 1
7 7 linear 1 15 71 2 0.0001 0.33630813599839959 0.0038116031987008385 0.0011262887858777108 2.6183914635561849 -0.34378415769985599 2.6184600202648904 0.5 -2.6171830145370865 1.9574973550944703 OK 13 12 0.85151299999999996 0.77774699999999997 0.22706299999999999 0.61823600000000001 0.47818100000000002 0 0.23327699999999996 0.29956599999999994 0.22706299999999999 0.0086960000000000006 0.0087220000000000006 0.0079839999999999998 0.19314499999999996 0.26047300000000001 0.18956000000000006 0.0059029999999999994 0.0051149999999999998 0.0051120000000000002 0.001147 0.001147 0.0012040000000000002 1.9575069701030088 1.9575069701030088 1.9575069701030088 0.00013404832641307355 0.00013404832641307355 0.00013404832641307355 1 1 1 Converged Converged Converged OK OK OK 113 113 113 113 113 113 7 7 7 0 0 0 0 1 0 0 1
7 7 linear 1 23 71 3 0.0001 0.33630813599839959 0.0038116031987008385 0.0011262887858777108 2.6183914635561849 -0.34378415769985599 2.6186167213133604 0.5 -2.6173397155855564 1.944968092904676 OK 13 12 0.95451299999999994 0.88437600000000005 0.20929 0.74376900000000001 0.602823 0 0.21074399999999993 0.28155300000000005 0.20929 0.0085339999999999999 0.0083630000000000006 0.0079050000000000006 0.17312500000000003 0.24248000000000003 0.17415199999999986 0.0051079999999999997 0.004816 0.0046340000000000001 0.00116 0.0011789999999999999 0.001137 1.9449698276123633 1.9449698276123633 1.9449698276123633 4.6296353679599752e-05 4.6296353679599752e-05 4.6296353679599752e-05 1 1 1 Converged Converged Converged OK OK OK 106 106 106 106 106 106 6 6 6 0 0 0 0 1 0 0 1
7 7 linear 2 0 72 0 0.001 0.33630813599839959 0.0038116031987008385 0.0011262887858777108 -0.0013335954271823244 -0.0013301069045035324 -0.0015588531843578664 0.5 0.0028358589121616267 416.0989215603887 OK 13 12 0.41665200000000002 0.41842699999999999 0.086301000000000003 0.32886100000000001 0.32993899999999998 0 0.087791000000000008 0.088488000000000011 0.086301000000000003 0.0097249999999999993 0.0097490000000000007 0.0096249999999999999 0.059678999999999982 0.059535000000000018 0.058422999999999996 0.002836 0.0032030000000000001 0.0027819999999999998 0.00055500000000000005 0.00059299999999999999 0.00055600000000000007 416.09863466661665 416.09863466661665 416.09863466661665 0.21588196570193394 0.21588196570193394 0.21588196570193394 1 1 1 Converged Converged Converged OK OK OK 53 53 53 53 53 53 3 3 3 0 0 0 0 0 1 0 0
7 7 linear 2 7 72 1 0.001 0.33630813599839959 0.0038116031987008385 0.0011262887858777108 -0.0013335954271823244 -0.0013301069045035324 -0.001421739766946667 0.5 0.0026987454947504275 433.46322480186478 OK 13 12 0.40949600000000003 0.36519000000000001 0.082788 0.32100899999999999 0.184836 0 0.088487000000000038 0.18035400000000001 0.082788 0.0091120000000000003 0.0090679999999999997 0.0086199999999999992 0.062738000000000002 0.15454799999999996 0.057918000000000011 0.0028640000000000002 0.0029789999999999999 0.0028999999999999998 0.00060099999999999997 0.00061700000000000004 0.00057499999999999999 433.46294133393371 433.46294133393371 433.46294133393371 0.23101509170866782 0.23101509170866782 0.23101509170866782 1 1 1 Converged Converged Converged OK OK OK 53 53 53 53 53 53 3 3 3 0 0 0 0 1 0 0 1
7 7 linear 2 15 72 2 0.001 0.33630813599839959 0.0038116031987008385 0.0011262887858777108 -0.0013335954271823244 -0.0013301069045035324 -0.0012650387184767245 0.5 0.002542044446280485 456.79344826716527 OK 13 12 0.40898299999999999 0.37102800000000002 0.080030000000000004 0.32624500000000001 0.19641 0 0.082737999999999978 0.17461800000000002 0.080030000000000004 0.0090299999999999998 0.0092449999999999997 0.0085509999999999996 0.057208000000000002 0.14814899999999998 0.055451999999999994 0.0028250000000000003 0.0030980000000000001 0.0027550000000000001 0.00056599999999999999 0.00060099999999999997 0.00059299999999999999 456.79314675932352 456.79314675932352 456.79314675932352 0.2495448886994725 0.2495448886994725 0.2495448886994725 1 1 1 Converged Converged Converged OK OK OK 53 53 53 53 53 53 3 3 3 0 0 0 0 1 0 0 1
7 7 linear 2 23 72 3 0.001 0.33630813599839959 0.0038116031987008385 0.0011262887858777108 -0.0013335954271823244 -0.0013301069045035324 -0.0011083376700067823 0.5 0.002385343397810543 485.6159228073202 OK 13 12 0.39981800000000001 0.357767 0.080310000000000006 0.31692999999999999 0.17960300000000001 0 0.082888000000000017 0.17816399999999999 0.080310000000000006 0.0089800000000000001 0.0091909999999999995 0.0086110000000000006 0.057427000000000006 0.152028 0.055750000000000008 0.0028250000000000003 0.003124 0.0028479999999999998 0.00056400000000000005 0.00056099999999999998 0.00053200000000000003 485.61553966594573 485.61553966594573 485.61553966594573 0.26799699760814927 0.26799699760814927 0.26799699760814927 1 1 1 Converged Converged Converged OK OK OK 53 53 53 53 53 53 3 3 3 0 0 0 0 1 0 0 1
7 7 linear 2 0 72 0 0.0001 0.33630813599839959 0.0038116031987008385 0.0011262887858777108 -0.0013335954271823244 -0.0013301069045035324 -0.0015588531843578664 0.5 0.0028358589121616267 416.0989215603887 OK 13 12 0.44075799999999998 0.43725199999999997 0.11253199999999999 0.32920899999999997 0.32670700000000003 0 0.11154900000000001 0.11054499999999995 0.11253199999999999 0.009587 0.0098890000000000002 0.01001 0.07766900000000003 0.076566999999999996 0.077962999999999991 0.0037090000000000001 0.0037560000000000002 0.0039000000000000003 0.00070399999999999998 0.00069499999999999998 0.00068599999999999998 416.09864783579997 416.09864783579997 416.09864783579997 0.017455101310677946 0.017455101310677946 0.017455101310677946 1 1 1 Converged Converged Converged OK OK OK 69 69 69 69 69 69 3 3 3 0 0 0 0 0 1 0 0
7 7 linear 2 7 72 1 0.0001 0.33630813599839959 0.0038116031987008385 0.0011262887858777108 -0.0013335954271823244 -0.0013301069045035324 -0.001421739766946667 0.5 0.0026987454947504275 433.46322480186478 OK 13 12 0.43326700000000001 0.42341600000000001 0.104976 0.32568599999999998 0.18396699999999999 0 0.10758100000000004 0.23944900000000002 0.104976 0.0091050000000000002 0.0090559999999999998 0.0086739999999999994 0.076992000000000005 0.20885899999999999 0.07515800000000003 0.0038020000000000003 0.0038109999999999997 0.0038399999999999997 0.00071199999999999996 0.000718 0.00073300000000000004 433.4629383509772 433.4629383509772 433.4629383509772 0.018364061411425589 0.018364061411425589 0.018364061411425589 1 1 1 Converged Converged Converged OK OK OK 69 69 69 69 69 69 3 3 3 0 0 0 0 1 0 0 1
7 7 linear 2 15 72 2 0.0001 0.33630813599839959 0.0038116031987008385 0.0011262887858777108 -0.0013335954271823244 -0.0013301069045035324 -0.0012650387184767245 0.5 0.002542044446280485 456.79344826716527 OK 13 12 0.43426999999999999 0.422705 0.102271 0.32862200000000003 0.19580700000000001 0 0.10564799999999996 0.22689799999999999 0.102271 0.0091350000000000008 0.0091889999999999993 0.0085599999999999999 0.074919000000000013 0.19600400000000001 0.072735000000000008 0.0036709999999999998 0.0038010000000000001 0.0037170000000000003 0.00071699999999999997 0.00075300000000000009 0.000718 456.79313687942152 456.79313687942152 456.79313687942152 0.019709463155617092 0.019709463155617092 0.019709463155617092 1 1 1 Converged Converged Converged OK OK OK 69 69 69 69 69 69 3 3 3 0 0 0 0 1 0 0 1
7 7 linear 2 23 72 3 0.0001 0.33630813599839959 0.0038116031987008385 0.0011262887858777108 -0.0013335954271823244 -0.0013301069045035324 -0.0011083376700067823 0.5 0.002385343397810543 485.6159228073202 OK 13 12 0.421765 0.41514200000000001 0.103309 0.31523299999999999 0.178978 0 0.10653200000000002 0.23616400000000001 0.103309 0.0091319999999999995 0.0091859999999999997 0.0085450000000000005 0.075963000000000017 0.20487099999999994 0.074170999999999987 0.0036670000000000001 0.0041510000000000002 0.003565 0.00069999999999999988 0.00069999999999999999 0.00066399999999999999 485.61552900075583 485.61552900075583 485.61552900075583 0.02152747720081041 0.02152747720081041 0.02152747720081041 1 1 1 Converged Converged Converged OK OK OK 69 69 69 69 69 69 3 3 3 0 0 0 0 1 0 0 1
7 7 linear 3 0 73 0 0.001 0.33630813599839959 0.0038116031987008385 0.0011262887858777108 -0.0014129703103382015 -0.0016329045277096736 -0.0016382280675137435 0.5 0.0029152337953175043 371.49274552234385 OK 13 12 0.40843299999999999 0.410107 0.085514000000000007 0.321023 0.32417699999999999 0 0.087409999999999988 0.085930000000000006 0.085514000000000007 0.0099489999999999995 0.0098759999999999994 0.0095359999999999993 0.058739000000000013 0.057700999999999988 0.057593000000000005 0.0028730000000000006 0.0028999999999999998 0.002934 0.00062300000000000007 0.00061900000000000008 0.00060700000000000001 371.49251690834268 371.49251690834268 371.49251690834268 0.15922576831553734 0.15922576831553734 0.15922576831553734 1 1 1 Converged Converged Converged OK OK OK 53 53 53 53 53 53 3 3 3 0 0 0 0 0 1 0 0
7 7 linear 3 7 73 1 0.001 0.33630813599839959 0.0038116031987008385 0.0011262887858777108 -0.0014129703103382015 -0.0016329045277096736 -0.0015011146501025441 0.5 0.0027781203779063046 385.85023473785753 OK 13 12 0.41598000000000002 0.383129 0.077852000000000005 0.33112200000000003 0.197764 0 0.084857999999999989 0.185365 0.077852000000000005 0.0090369999999999999 0.0092860000000000009 0.008548 0.059204000000000007 0.15848299999999993 0.053556000000000006 0.002869 0.0031150000000000001 0.0026849999999999999 0.00058500000000000002 0.00063000000000000003 0.00058200000000000005 385.84999918185468 385.84999918185468 385.84999918185468 0.17522840265172515 0.17522840265172515 0.17522840265172515 1 1 1 Converged Converged Converged OK OK OK 53 53 53 53 53 53 3 3 3 0 0 0 0 1 0 0 1
7 7 linear 3 15 73 2 0.001 0.33630813599839959 0.0038116031987008385 0.0011262887858777108 -0.0014129703103382015 -0.0016329045277096736 -0.0013444136016326016 0.5 0.0026214193294363621 404.42645593629999 OK 13 12 0.39457599999999998 0.37879499999999999 0.078091999999999995 0.313666 0.17851300000000001 0 0.080909999999999982 0.20028199999999999 0.078091999999999995 0.0090869999999999996 0.0090609999999999996 0.0085929999999999999 0.055178000000000012 0.17447000000000004 0.053568999999999999 0.0028060000000000003 0.002862 0.0027400000000000002 0.00057200000000000003 0.00059999999999999995 0.00054299999999999997 404.42621472999781 404.42621472999781 404.42621472999781 0.19228146278208508 0.19228146278208508 0.19228146278208508 1 1 1 Converged Converged Converged OK OK OK 53 53 53 53 53 53 3 3 3 0 0 0 0 1 0 0 1
7 7 linear 3 23 73 3 0.001 0.33630813599839959 0.0038116031987008385 0.0011262887858777108 -0.0014129703103382015 -0.0016329045277096736 -0.0011877125531626594 0.5 0.0024647182809664197 426.03517145280125 OK 13 12 0.40867100000000001 0.39075300000000002 0.081380999999999995 0.32446900000000001 0.18906700000000001 0 0.084201999999999999 0.201686 0.081380999999999995 0.0090779999999999993 0.0091470000000000006 0.0085400000000000007 0.058517999999999987 0.17584000000000005 0.05692800000000002 0.002905 0.0028899999999999998 0.0027270000000000003 0.00056599999999999999 0.00057399999999999997 0.00053200000000000003 426.03491487752547 426.03491487752547 426.03491487752547 0.20776002559162607 0.20776002559162607 0.20776002559162607 1 1 1 Converged Converged Converged OK OK OK 53 53 53 53 53 53 3 3 3 0 0 0 0 1 0 0 1
7 7 linear 3 0 73 0 0.0001 0.33630813599839959 0.0038116031987008385 0.0011262887858777108 -0.0014129703103382015 -0.0016329045277096736 -0.0016382280675137435 0.5 0.0029152337953175043 371.49274552234385 OK 13 12 0.437303 0.43464599999999998 0.107865 0.32678200000000002 0.32523299999999999 0 0.11052099999999998 0.10941299999999998 0.107865 0.0097429999999999999 0.0099389999999999999 0.0093509999999999999 0.07645400000000005 0.074806999999999971 0.074423999999999962 0.0037429999999999998 0.0039410000000000001 0.0037650000000000001 0.00071100000000000004 0.00072900000000000005 0.00071299999999999998 371.4925052709342 371.4925052709342 371.4925052709342 0.0016555148664384347 0.0016555148664384347 0.0016555148664384347 1 1 1 Converged Converged Converged OK OK OK 69 69 69 69 69 69 3 3 3 0 0 0 0 0 1 0 0
7 7 linear 3 7 73 1 0.0001 0.33630813599839959 0.0038116031987008385 0.0011262887858777108 -0.0014129703103382015 -0.0016329045277096736 -0.0015011146501025441 0.5 0.0027781203779063046 385.85023473785753 OK 13 12 0.43535299999999999 0.45003199999999999 0.100372 0.33114100000000002 0.20375499999999999 0 0.10421199999999997 0.246277 0.100372 0.0091079999999999998 0.0091809999999999999 0.0086359999999999996 0.073366000000000028 0.21486900000000009 0.070846999999999993 0.0037200000000000002 0.0042399999999999998 0.0037070000000000002 0.00071700000000000008 0.00070200000000000015 0.00067299999999999999 385.84999011279865 385.84999011279865 385.84999011279865 0.0017314653445899156 0.0017314653445899156 0.0017314653445899156 1 1 1 Converged Converged Converged OK OK OK 69 69 69 69 69 69 3 3 3 0 0 0 0 1 0 0 1
7 7 linear 3 15 73 2 0.0001 0.33630813599839959 0.0038116031987008385 0.0011262887858777108 -0.0014129703103382015 -0.0016329045277096736 -0.0013444136016326016 0.5 0.0026214193294363621 404.42645593629999 OK 13 12 0.41860700000000001 0.428342 0.099426 0.31161800000000001 0.17965900000000001 0 0.106989 0.24868299999999999 0.099426 0.0090690000000000007 0.0092029999999999994 0.0085810000000000001 0.072728000000000001 0.21768800000000002 0.070018000000000011 0.0039280000000000001 0.003718 0.003643 0.00074699999999999994 0.00070799999999999997 0.000678 404.42620819557487 404.42620819557487 404.42620819557487 0.0018433619625481163 0.0018433619625481163 0.0018433619625481163 1 1 1 Converged Converged Converged OK OK OK 69 69 69 69 69 69 3 3 3 0 0 0 0 1 0 0 1
7 7 linear 3 23 73 3 0.0001 0.33630813599839959 0.0038116031987008385 0.0011262887858777108 -0.0014129703103382015 -0.0016329045277096736 -0.0011877125531626594 0.5 0.0024647182809664197 426.03517145280125 OK 13 12 0.43664900000000001 0.45747199999999999 0.104033 0.32882899999999998 0.19151399999999999 0 0.10782000000000003 0.26595800000000003 0.104033 0.0091649999999999995 0.0092069999999999999 0.0085269999999999999 0.077316999999999983 0.23490699999999992 0.07478499999999999 0.0036510000000000002 0.0039839999999999997 0.003565 0.00066700000000000006 0.00069700000000000003 0.00065399999999999996 426.0349103716685 426.0349103716685 426.0349103716685 0.0020050504524754525 0.0020050504524754525 0.0020050504524754525 1 1 1 Converged Converged Converged OK OK OK 69 69 69 69 69 69 3 3 3 0 0 0 0 1 0 0 1
7 7 linear 4 0 74 0 0.001 0.33630813599839959 0.0038116031987008385 0.0011262887858777108 2.6146070931343615 -0.34596232427785872 2.6143818353771859 0.5 -2.613104829649382 1.3050702723239749 OK 13 12 0.50144599999999995 0.49959300000000001 0.112374 0.38640099999999999 0.38638499999999998 0 0.11504499999999995 0.11320800000000003 0.112374 0.0090480000000000005 0.0088920000000000006 0.0086239999999999997 0.08355700000000002 0.082565 0.081887999999999975 0.0033340000000000002 0.0032129999999999997 0.0034210000000000004 0.00069200000000000002 0.00072199999999999999 0.000736 1.3050694737776485 1.3050694737776485 1.3050694737776485 0.000493826565547717 0.000493826565547717 0.000493826565547717 1 1 1 Converged Converged Converged OK OK OK 61 61 61 61 61 61 3 3 3 0 0 0 0 0 1 0 0
7 7 linear 4 7 74 1 0.001 0.33630813599839959 0.0038116031987008385 0.0011262887858777108 2.6146070931343615 -0.34596232427785872 2.614518948794597 0.5 -2.613241943066793 1.3123702896502201 OK 13 12 0.46727999999999997 0.40240599999999999 0.110272 0.35424600000000001 0.20691399999999999 0 0.11303399999999997 0.195492 0.110272 0.0081849999999999996 0.0082310000000000005 0.0076689999999999996 0.085760999999999976 0.16795200000000002 0.083952000000000027 0.0032230000000000002 0.0033700000000000002 0.0032579999999999996 0.00068600000000000009 0.00069300000000000004 0.00067400000000000001 1.3123695160039222 1.3123695160039222 1.3123695160039222 0.00050615672490073916 0.00050615672490073916 0.00050615672490073916 1 1 1 Converged Converged Converged OK OK OK 61 61 61 61 61 61 3 3 3 0 0 0 0 1 0 0 1
7 7 linear 4 15 74 2 0.001 0.33630813599839959 0.0038116031987008385 0.0011262887858777108 2.6146070931343615 -0.34596232427785872 2.614675649843067 0.5 -2.613398644115263 1.3213169996874186 OK 13 12 0.47362799999999999 0.40753800000000001 0.109933 0.36073300000000003 0.21646499999999999 0 0.11289499999999997 0.19107300000000002 0.109933 0.0081939999999999999 0.0082450000000000006 0.0076449999999999999 0.085543000000000008 0.16362899999999997 0.083576999999999985 0.003235 0.0032599999999999999 0.003225 0.00068300000000000001 0.00068800000000000003 0.00066399999999999999 1.3213161917355329 1.3213161917355329 1.3213161917355329 0.00052117648165811512 0.00052117648165811512 0.00052117648165811512 1 1 1 Converged Converged Converged OK OK OK 61 61 61 61 61 61 3 3 3 0 0 0 0 1 0 0 1
7 7 linear 4 23 74 3 0.001 0.33630813599839959 0.0038116031987008385 0.0011262887858777108 2.6146070931343615 -0.34596232427785872 2.614832350891537 0.5 -2.613555345163733 1.3310236496788344 OK 13 12 0.47859299999999999 0.41013100000000002 0.114429 0.360844 0.22043399999999999 0 0.11774899999999999 0.18969700000000003 0.114429 0.0082539999999999992 0.008267 0.0076940000000000003 0.090230999999999992 0.16236400000000001 0.088215000000000016 0.0032029999999999997 0.0032049999999999999 0.0030999999999999999 0.00070500000000000001 0.00067799999999999989 0.00065899999999999997 1.3310228394511374 1.3310228394511374 1.3310228394511374 0.00053732308758613651 0.00053732308758613651 0.00053732308758613651 1 1 1 Converged Converged Converged OK OK OK 61 61 61 61 61 61 3 3 3 0 0 0 0 1 0 0 1
7 7 linear 4 0 74 0 0.0001 0.33630813599839959 0.0038116031987008385 0.0011262887858777108 2.6146070931343615 -0.34596232427785872 2.6143818353771859 0.5 -2.613104829649382 1.3050702723239749 OK 13 12 0.56195799999999996 0.55727099999999996 0.16808899999999999 0.38653100000000001 0.38809900000000003 0 0.17542699999999994 0.16917199999999993 0.16808899999999999 0.0090089999999999996 0.0089890000000000005 0.0086610000000000003 0.1321 0.12657499999999999 0.12585199999999996 0.0049509999999999997 0.0048679999999999999 0.0048799999999999998 0.00097799999999999992 0.00098700000000000003 0.00092699999999999998 1.3050694741579822 1.3050694741579822 1.3050694741579822 9.9324756816622581e-09 9.9324756816622581e-09 9.9324756816622581e-09 1 1 1 Converged Converged Converged OK OK OK 93 93 93 93 93 93 3 3 3 0 0 0 0 0 1 0 0
7 7 linear 4 7 74 1 0.0001 0.33630813599839959 0.0038116031987008385 0.0011262887858777108 2.6146070931343615 -0.34596232427785872 2.614518948794597 0.5 -2.613241943066793 1.3123702896502201 OK 13 12 0.51780400000000004 0.47251799999999999 0.16032099999999999 0.35392699999999999 0.20679400000000001 0 0.16387700000000005 0.26572399999999996 0.16032099999999999 0.0083110000000000007 0.0082660000000000008 0.0076249999999999998 0.12656900000000001 0.22823399999999996 0.12417200000000002 0.0049540000000000001 0.0051580000000000003 0.0050150000000000004 0.00090300000000000005 0.00092299999999999999 0.00089300000000000002 1.3123695164040967 1.3123695164040967 1.3123695164040967 1.0386423893731872e-08 1.0386423893731872e-08 1.0386423893731872e-08 1 1 1 Converged Converged Converged OK OK OK 93 93 93 93 93 93 3 3 3 0 0 0 0 1 0 0 1
7 7 linear 4 15 74 2 0.0001 0.33630813599839959 0.0038116031987008385 0.0011262887858777108 2.6146070931343615 -0.34596232427785872 2.614675649843067 0.5 -2.613398644115263 1.3213169996874186 OK 13 12 0.52670600000000001 0.48396400000000001 0.161464 0.358066 0.215915 0 0.16864000000000001 0.26804899999999998 0.161464 0.0083000000000000001 0.0082629999999999995 0.0076499999999999997 0.13121000000000002 0.23057300000000008 0.12518500000000002 0.0049410000000000001 0.0050610000000000004 0.005006 0.00091399999999999999 0.00089599999999999999 0.00088400000000000002 1.3213161921627392 1.3213161921627392 1.3213161921627392 1.0959214718481923e-08 1.0959214718481923e-08 1.0959214718481923e-08 1 1 1 Converged Converged Converged OK OK OK 93 93 93 93 93 93 3 3 3 0 0 0 0 1 0 0 1
7 7 linear 4 23 74 3 0.0001 0.33630813599839959 0.0038116031987008385 0.0011262887858777108 2.6146070931343615 -0.34596232427785872 2.614832350891537 0.5 -2.613555345163733 1.3310236496788344 OK 13 12 0.531636 0.47534199999999999 0.17283299999999999 0.357935 0.218886 0 0.17370099999999999 0.25645600000000002 0.17283299999999999 0.0083239999999999998 0.0082260000000000007 0.0077169999999999999 0.13599499999999992 0.21965299999999999 0.13625200000000004 0.0050509999999999999 0.0048219999999999999 0.0048430000000000001 0.00092500000000000004 0.00090000000000000008 0.00090200000000000002 1.3310228399136297 1.3310228399136297 1.3310228399136297 1.1601988805329412e-08 1.1601988805329412e-08 1.1601988805329412e-08 1 1 1 Converged Converged Converged OK OK OK 93 93 93 93 93 93 3 3 3 0 0 0 0 1 0 0 1
7 7 uniform 0 0 75 0 0.001 0.33630813599839959 0.0038116031987008385 0.0011262887858777108 0.00041214747181102067 -0.00017835366620584425 0.00018688971463547849 0 0.0010901160131682819 1671.3052329150528 OK 12 13 0.74757600000000002 0.73921800000000004 0.19530700000000001 0.54735299999999998 0.54312899999999997 0 0.20022300000000004 0.19608900000000007 0.19530700000000001 0.0091920000000000005 0.0093050000000000008 0.0090329999999999994 0.15671900000000002 0.15284299999999992 0.15226299999999993 0.0044749999999999998 0.0046809999999999994 0.0047750000000000006 0.0014290000000000001 0.0014629999999999999 0.0013570000000000001 1671.2623387420419 1671.2623387420419 1671.2623387420419 1.047659847511037 1.047659847511037 1.047659847511037 1 1 1 Converged Converged Converged OK OK OK 105 105 105 105 105 105 7 7 7 0 0 0 0 0 1 0 0
7 7 uniform 0 7 75 1 0.001 0.33630813599839959 0.0038116031987008385 0.0011262887858777108 0.00041214747181102067 -0.00017835366620584425 0.00032400313204667807 0 0.00095300259575708244 1640.5106640024323 OK 12 13 0.775779 0.72018800000000005 0.19544300000000001 0.57866300000000004 0.43709999999999999 0 0.19711599999999996 0.28308800000000006 0.19544300000000001 0.0066239999999999997 0.0066909999999999999 0.0062119999999999996 0.16348300000000002 0.24898400000000001 0.16273100000000007 0.0048409999999999998 0.0051190000000000003 0.0050040000000000006 0.001245 0.001273 0.001294 1640.4967274363025 1640.4967274363025 1640.4967274363025 1.1203364401685203 1.1203364401685203 1.1203364401685203 1 1 1 Converged Converged Converged OK OK OK 113 113 113 113 113 113 7 7 7 0 0 0 0 1 0 0 1
7 7 uniform 0 15 75 2 0.001 0.33630813599839959 0.0038116031987008385 0.0011262887858777108 0.00041214747181102067 -0.00017835366620584425 0.00048070418051662046 0 0.00079630154728714 1582.8089350139198 OK 11 12 0.78171100000000004 0.70839300000000005 0.239728 0.54416600000000004 0.41187200000000002 0 0.23754500000000001 0.29652100000000003 0.239728 0.0062440000000000004 0.0063969999999999999 0.0058060000000000004 0.20036999999999991 0.25882100000000002 0.20316000000000006 0.0066 0.0070400000000000011 0.0069390000000000007 0.0011489999999999998 0.0012560000000000002 0.001204 1582.8181694440561 1582.8181694440561 1582.8181694440561 0.65030855180403968 0.65030855180403968 0.65030855180403968 1 1 1 Converged Converged Converged OK OK OK 130 130 130 130 130 130 6 6 6 0 0 0 0 1 0 0 1
7 7 uniform 0 23 75 3 0.001 0.33630813599839959 0.0038116031987008385 0.0011262887858777108 0.00041214747181102067 -0.00017835366620584425 0.00063740522898656285 0 0.00063960049881719766 1492.2020190700828 OK 12 12 0.82816800000000002 0.79921500000000001 0.25915300000000002 0.56483499999999998 0.42558499999999999 0 0.26333300000000004 0.37363000000000002 0.25915300000000002 0.0063969999999999999 0.0063810000000000004 0.0058809999999999999 0.22294999999999993 0.33209599999999989 0.220859 0.0073480000000000004 0.0080689999999999998 0.0067089999999999997 0.0012769999999999999 0.001294 0.0012179999999999999 1492.200370581515 1492.200370581515 1492.200370581515 0.79450660329307821 0.79450660329307821 0.79450660329307821 1 1 1 Converged Converged Converged OK OK OK 137 137 137 137 137 137 7 7 7 0 0 0 0 1 0 0 1
7 7 uniform 0 0 75 0 0.0001 0.33630813599839959 0.0038116031987008385 0.0011262887858777108 0.00041214747181102067 -0.00017835366620584425 0.00018688971463547849 0 0.0010901160131682819 1671.3052329150528 OK 12 13 0.80961300000000003 0.80072900000000002 0.26328699999999999 0.54581199999999996 0.54049400000000003 0 0.26380100000000006 0.26023499999999999 0.26328699999999999 0.0087910000000000002 0.0092510000000000005 0.0088970000000000004 0.21097800000000003 0.20696699999999987 0.20626600000000009 0.0060449999999999992 0.006306 0.006412000000000001 0.0016199999999999999 0.0016120000000000002 0.0015930000000000002 1671.3002430714753 1671.3002430714753 1671.3002430714753 0.096645127840252393 0.096645127840252393 0.096645127840252393 1 1 1 Converged Converged Converged OK OK OK 137 137 137 137 137 137 7 7 7 0 0 0 0 0 1 0 0
7 7 uniform 0 7 75 1 0.0001 0.33630813599839959 0.0038116031987008385 0.0011262887858777108 0.00041214747181102067 -0.00017835366620584425 0.00032400313204667807 0 0.00095300259575708244 1640.5106640024323 OK 12 13 1.025169 1.087801 0.44639000000000001 0.57886899999999997 0.46226099999999998 0 0.44630000000000003 0.62553999999999998 0.44639000000000001 0.0065779999999999996 0.0065830000000000003 0.0060000000000000001 0.37000999999999989 0.54641300000000015 0.37158500000000005 0.018553 0.019899 0.018501000000000004 0.0019220000000000001 0.0020040000000000001 0.0018789999999999998 1640.5130559164907 1640.5130559164907 1640.5130559164907 0.12658842077278867 0.12658842077278867 0.12658842077278867 1 1 1 Converged Converged Converged OK OK OK 249 249 249 249 249 249 7 7 7 0 0 0 0 1 0 0 1
7 7 uniform 0 15 75 2 0.0001 0.33630813599839959 0.0038116031987008385 0.0011262887858777108 0.00041214747181102067 -0.00017835366620584425 0.00048070418051662046 0 0.00079630154728714 1582.8089350139198 OK 11 12 0.956542 0.95491599999999999 0.41174500000000003 0.53891299999999998 0.41203400000000001 0 0.41762900000000003 0.54288199999999998 0.41174500000000003 0.006136 0.0064580000000000002 0.0057970000000000001 0.35365999999999997 0.47774900000000009 0.34945600000000004 0.017683999999999998 0.018343999999999999 0.017863 0.0015529999999999999 0.0015820000000000003 0.0015430000000000001 1582.8103616836333 1582.8103616836333 1582.8103616836333 0.066225105176641388 0.066225105176641388 0.066225105176641388 1 1 1 Converged Converged Converged OK OK OK 234 234 234 234 234 234 6 6 6 0 0 0 0 1 0 0 1
7 7 uniform 0 23 75 3 0.0001 0.33630813599839959 0.0038116031987008385 0.0011262887858777108 0.00041214747181102067 -0.00017835366620584425 0.00063740522898656285 0 0.00063960049881719766 1492.2020190700828 OK 12 12 0.99864699999999995 1.053132 0.434226 0.56278399999999995 0.42144799999999999 0 0.435863 0.63168399999999991 0.434226 0.0062639999999999996 0.0064079999999999996 0.0058180000000000003 0.37102399999999974 0.56493700000000013 0.37017899999999987 0.017850000000000001 0.018734000000000001 0.018176999999999999 0.0017019999999999995 0.0018209999999999997 0.0017269999999999998 1492.2029355981547 1492.2029355981547 1492.2029355981547 0.080487588685175609 0.080487588685175609 0.080487588685175609 1 1 1 Converged Converged Converged OK OK OK 241 241 241 241 241 241 7 7 7 0 0 0 0 1 0 0 1
7 7 uniform 1 0 76 0 0.001 0.33630813599839959 0.0038116031987008385 0.0011262887858777108 2.6183914635561849 -0.34378415769985599 2.6181662057990094 0 -2.6168892000712054 1.9897163446436816 OK 13 12 0.75300800000000001 0.75430299999999995 0.15628900000000001 0.59254399999999996 0.59682999999999997 0 0.16046400000000005 0.15747299999999997 0.15628900000000001 0.0093830000000000007 0.0096279999999999994 0.0091979999999999996 0.12402600000000001 0.12068800000000003 0.12015599999999993 0.0034480000000000001 0.0035230000000000001 0.0034979999999999998 0.00091700000000000006 0.00092299999999999999 0.000941 1.9897194968836516 1.9897194968836516 1.9897194968836516 0.0011688363757321085 0.0011688363757321085 0.0011688363757321085 1 1 1 Converged Converged Converged OK OK OK 81 81 81 81 81 81 7 7 7 0 0 0 0 0 1 0 0
7 7 uniform 1 7 76 1 0.001 0.33630813599839959 0.0038116031987008385 0.0011262887858777108 2.6183914635561849 -0.34378415769985599 2.6183033192164205 0 -2.6170263134886165 1.9793453435875765 OK 13 12 0.92882200000000004 0.83042199999999999 0.164299 0.76230699999999996 0.62866299999999997 0 0.16651500000000008 0.20175900000000002 0.164299 0.0086529999999999992 0.0087360000000000007 0.0080599999999999995 0.13718999999999998 0.17238299999999993 0.13619500000000001 0.0033340000000000006 0.0034649999999999998 0.0032220000000000005 0.00089499999999999996 0.00086099999999999989 0.00086299999999999994 1.9793480621202104 1.9793480621202104 1.9793480621202104 0.0011953091422697601 0.0011953091422697601 0.0011953091422697601 1 1 1 Converged Converged Converged OK OK OK 81 81 81 81 81 81 7 7 7 0 0 0 0 1 0 0 1
7 7 uniform 1 15 76 2 0.001 0.33630813599839959 0.0038116031987008385 0.0011262887858777108 2.6183914635561849 -0.34378415769985599 2.6184600202648904 0 -2.6171830145370865 1.9632944950210822 OK 13 12 0.76536899999999997 0.654192 0.14149800000000001 0.62191799999999997 0.47416000000000003 0 0.143451 0.18003199999999997 0.14149800000000001 0.0086840000000000007 0.0086099999999999996 0.0080090000000000005 0.11682000000000002 0.15328599999999998 0.11593200000000002 0.0028570000000000002 0.00296 0.0028140000000000001 0.0007229999999999999 0.00075000000000000002 0.00070400000000000009 1.9632969491417562 1.9632969491417562 1.9632969491417562 0.0012903048948397469 0.0012903048948397469 0.0012903048948397469 1 1 1 Converged Converged Converged OK OK OK 73 73 73 73 73 73 7 7 7 0 0 0 0 1 0 0 1
7 7 uniform 1 23 76 3 0.001 0.33630813599839959 0.0038116031987008385 0.0011262887858777108 2.6183914635561849 -0.34378415769985599 2.6186167213133604 0 -2.6173397155855564 1.9436960570599489 OK 13 12 0.86918200000000001 0.76202400000000003 0.122423 0.74437200000000003 0.60567800000000005 0 0.12480999999999998 0.15634599999999998 0.122423 0.0085470000000000008 0.0085439999999999995 0.0078989999999999998 0.099927999999999975 0.13161300000000001 0.099148000000000014 0.0026030000000000003 0.0026609999999999997 0.002454 0.00076199999999999998 0.00075599999999999994 0.00067000000000000002 1.9436985703756435 1.9436985703756435 1.9436985703756435 0.0012971948425811977 0.0012971948425811977 0.0012971948425811977 1 1 1 Converged Converged Converged OK OK OK 66 66 66 66 66 66 6 6 6 0 0 0 0 1 0 0 1
7 7 uniform 1 0 76 0 0.0001 0.33630813599839959 0.0038116031987008385 0.0011262887858777108 2.6183914635561849 -0.34378415769985599 2.6181662057990094 0 -2.6168892000712054 1.9897163446436816 OK 13 12 0.77988400000000002 0.77935100000000002 0.18518599999999999 0.59056600000000004 0.59414299999999998 0 0.18931799999999999 0.18520800000000004 0.18518599999999999 0.0095750000000000002 0.0096249999999999999 0.0093570000000000007 0.14339099999999996 0.139436 0.1392999999999999 0.0046769999999999997 0.004516 0.0046909999999999999 0.0012129999999999999 0.0012829999999999999 0.0012839999999999998 1.9897168675748469 1.9897168675748469 1.9897168675748469 0.00016361527944915656 0.00016361527944915656 0.00016361527944915656 1 1 1 Converged Converged Converged OK OK OK 105 105 105 105 105 105 7 7 7 0 0 0 0 0 1 0 0
7 7 uniform 1 7 76 1 0.0001 0.33630813599839959 0.0038116031987008385 0.0011262887858777108 2.6183914635561849 -0.34378415769985599 2.6183033192164205 0 -2.6170263134886165 1.9793453435875765 OK 13 12 0.95730400000000004 0.89032800000000001 0.19072700000000001 0.76723399999999997 0.62693600000000005 0 0.19007000000000007 0.26339199999999996 0.19072700000000001 0.0089079999999999993 0.0087030000000000007 0.0080000000000000002 0.15382499999999993 0.22780399999999987 0.15616699999999997 0.0045320000000000004 0.0044070000000000003 0.0044389999999999994 0.0011530000000000002 0.001121 0.0011400000000000002 1.9793455951312717 1.9793455951312717 1.9793455951312717 0.00012269893956576728 0.00012269893956576728 0.00012269893956576728 1 1 1 Converged Converged Converged OK OK OK 105 105 105 105 105 105 7 7 7 0 0 0 0 1 0 0 1
7 7 uniform 1 15 76 2 0.0001 0.33630813599839959 0.0038116031987008385 0.0011262887858777108 2.6183914635561849 -0.34378415769985599 2.6184600202648904 0 -2.6171830145370865 1.9632944950210822 OK 13 12 0.791269 0.71704900000000005 0.16889399999999999 0.62034199999999995 0.47558800000000001 0 0.17092700000000005 0.24146100000000004 0.16889399999999999 0.0085120000000000005 0.0087150000000000005 0.0079419999999999994 0.13762799999999997 0.20797300000000005 0.13700300000000001 0.0039550000000000002 0.0040690000000000006 0.0038990000000000001 0.0011900000000000001 0.0010739999999999999 0.0010660000000000001 1.9632945181245418 1.9632945181245418 1.9632945181245418 0.00014220042179417442 0.00014220042179417442 0.00014220042179417442 1 1 1 Converged Converged Converged OK OK OK 97 97 97 97 97 97 7 7 7 0 0 0 0 1 0 0 1
7 7 uniform 1 23 76 3 0.0001 0.33630813599839959 0.0038116031987008385 0.0011262887858777108 2.6183914635561849 -0.34378415769985599 2.6186167213133604 0 -2.6173397155855564 1.9436960570599489 OK 13 12 0.893347 0.830542 0.148309 0.73981799999999998 0.60749699999999995 0 0.15352900000000003 0.22304500000000005 0.148309 0.0084609999999999998 0.0086029999999999995 0.0078259999999999996 0.11891899999999998 0.19155599999999995 0.11854599999999993 0.007023999999999999 0.0038459999999999996 0.0036319999999999998 0.0010200000000000001 0.0010350000000000001 0.0010349999999999999 1.9436959901228721 1.9436959901228721 1.9436959901228721 8.7286338814510889e-05 8.7286338814510889e-05 8.7286338814510889e-05 1 1 1 Converged Converged Converged OK OK OK 90 90 90 90 90 90 6 6 6 0 0 0 0 1 0 0 1
7 7 uniform 2 0 77 0 0.001 0.33630813599839959 0.0038116031987008385 0.0011262887858777108 -0.0013335954271823244 -0.0013301069045035324 -0.0015588531843578664 0 0.0028358589121616267 418.67440991748208 OK 13 12 0.40603299999999998 0.40473900000000002 0.075792999999999999 0.32946399999999998 0.32861099999999999 0 0.076568999999999998 0.076128000000000029 0.075792999999999999 0.0098309999999999995 0.0098099999999999993 0.009443 0.048407000000000019 0.048213999999999993 0.048077999999999996 0.0026619999999999999 0.0026909999999999998 0.0026549999999999998 0.00054199999999999995 0.00053899999999999998 0.00053300000000000005 418.6743354803927 418.6743354803927 418.6743354803927 0.053033164270251322 0.053033164270251322 0.053033164270251322 1 1 1 Converged Converged Converged OK OK OK 53 53 53 53 53 53 3 3 3 0 0 0 0 0 1 0 0
7 7 uniform 2 7 77 1 0.001 0.33630813599839959 0.0038116031987008385 0.0011262887858777108 -0.0013335954271823244 -0.0013301069045035324 -0.001421739766946667 0 0.0026987454947504275 436.21267470256316 OK 13 12 0.39438499999999999 0.35409499999999999 0.072109999999999994 0.32132100000000002 0.184086 0 0.073063999999999962 0.17000899999999999 0.072109999999999994 0.0089990000000000001 0.0090919999999999994 0.0085719999999999998 0.047815000000000003 0.14423699999999998 0.047622999999999999 0.0025930000000000003 0.0027230000000000002 0.0026420000000000003 0.00053499999999999999 0.00053800000000000007 0.00053299999999999995 436.21263268561404 436.21263268561404 436.21263268561404 0.041546234471060275 0.041546234471060275 0.041546234471060275 1 1 1 Converged Converged Converged OK OK OK 53 53 53 53 53 53 3 3 3 0 0 0 0 1 0 0 1
7 7 uniform 2 15 77 2 0.001 0.33630813599839959 0.0038116031987008385 0.0011262887858777108 -0.0013335954271823244 -0.0013301069045035324 -0.0012650387184767245 0 0.002542044446280485 459.90196882445059 OK 13 12 0.403613 0.356624 0.069482000000000002 0.33250000000000002 0.19337699999999999 0 0.071112999999999982 0.163247 0.069482000000000002 0.0090699999999999999 0.0091190000000000004 0.0085380000000000005 0.045832999999999999 0.13718200000000003 0.045212999999999996 0.0026389999999999999 0.0028289999999999999 0.0025929999999999998 0.0005350000000000001 0.00055400000000000002 0.00052300000000000003 459.90195614565442 459.90195614565442 459.90195614565442 0.044567583715247688 0.044567583715247688 0.044567583715247688 1 1 1 Converged Converged Converged OK OK OK 53 53 53 53 53 53 3 3 3 0 0 0 0 1 0 0 1
7 7 uniform 2 23 77 3 0.001 0.33630813599839959 0.0038116031987008385 0.0011262887858777108 -0.0013335954271823244 -0.0013301069045035324 -0.0011083376700067823 0 0.002385343397810543 489.45800499732286 OK 13 12 0.38627299999999998 0.34483599999999998 0.069742999999999999 0.31312400000000001 0.177035 0 0.073148999999999964 0.16780099999999998 0.069742999999999999 0.0092339999999999992 0.0091330000000000005 0.0086079999999999993 0.04651700000000001 0.14201 0.045423000000000005 0.0029620000000000002 0.0027060000000000001 0.0026340000000000001 0.00059900000000000003 0.00055199999999999997 0.00052400000000000005 489.45800042098671 489.45800042098671 489.45800042098671 0.049348249581081978 0.049348249581081978 0.049348249581081978 1 1 1 Converged Converged Converged OK OK OK 53 53 53 53 53 53 3 3 3 0 0 0 0 1 0 0 1
7 7 uniform 2 0 77 0 0.0001 0.33630813599839959 0.0038116031987008385 0.0011262887858777108 -0.0013335954271823244 -0.0013301069045035324 -0.0015588531843578664 0 0.0028358589121616267 418.67440991748208 OK 13 12 0.42697800000000002 0.42574899999999999 0.095180000000000001 0.32688099999999998 0.32967999999999997 0 0.10009700000000005 0.096069000000000015 0.095180000000000001 0.0096629999999999997 0.0097140000000000004 0.0093970000000000008 0.062591999999999995 0.062167000000000021 0.062075000000000012 0.0035989999999999998 0.0036089999999999998 0.0035460000000000001 0.00068899999999999994 0.00068900000000000005 0.00066500000000000001 418.67438457126025 418.67438457126025 418.67438457126025 0.013659938132948834 0.013659938132948834 0.013659938132948834 1 1 1 Converged Converged Converged OK OK OK 69 69 69 69 69 69 3 3 3 0 0 0 0 0 1 0 0
7 7 uniform 2 7 77 1 0.0001 0.33630813599839959 0.0038116031987008385 0.0011262887858777108 -0.0013335954271823244 -0.0013301069045035324 -0.001421739766946667 0 0.0026987454947504275 436.21267470256316 OK 13 12 0.39613300000000001 0.35370699999999999 0.071981000000000003 0.32244099999999998 0.18388399999999999 0 0.073692000000000035 0.169823 0.071981000000000003 0.0091330000000000005 0.0091750000000000009 0.0085330000000000007 0.048152000000000007 0.14412 0.047600000000000003 0.002663 0.0027620000000000001 0.0026329999999999999 0.00053800000000000007 0.00054799999999999998 0.00053399999999999997 436.21263268561404 436.21263268561404 436.21263268561404 0.041546234471060275 0.041546234471060275 0.041546234471060275 1 1 1 Converged Converged Converged OK OK OK 53 53 53 53 53 53 3 3 3 0 0 0 0 1 0 0 1
7 7 uniform 2 15 77 2 0.0001 0.33630813599839959 0.0038116031987008385 0.0011262887858777108 -0.0013335954271823244 -0.0013301069045035324 -0.0012650387184767245 0 0.002542044446280485 459.90196882445059 OK 13 12 0.400949 0.35344300000000001 0.069528999999999994 0.32978299999999999 0.19026499999999999 0 0.071166000000000007 0.16317800000000002 0.069528999999999994 0.0092659999999999999 0.0091889999999999993 0.0085800000000000008 0.045671000000000003 0.13745000000000002 0.045263000000000005 0.0026180000000000001 0.0026969999999999997 0.0025660000000000001 0.00052999999999999998 0.0005489999999999999 0.00052399999999999994 459.90195614565442 459.90195614565442 459.90195614565442 0.044567583715247688 0.044567583715247688 0.044567583715247688 1 1 1 Converged Converged Converged OK OK OK 53 53 53 53 53 53 3 3 3 0 0 0 0 1 0 0 1
7 7 uniform 2 23 77 3 0.0001 0.33630813599839959 0.0038116031987008385 0.0011262887858777108 -0.0013335954271823244 -0.0013301069045035324 -0.0011083376700067823 0 0.002385343397810543 489.45800499732286 OK 13 12 0.40191399999999999 0.39985599999999999 0.089440000000000006 0.31041400000000002 0.17841899999999999 0 0.09149999999999997 0.22143699999999999 0.089440000000000006 0.0089809999999999994 0.0090189999999999992 0.0084620000000000008 0.061217999999999974 0.19076399999999996 0.060455999999999989 0.0036379999999999997 0.0036249999999999998 0.003473 0.00069399999999999996 0.00066800000000000008 0.00066999999999999991 489.45799391461918 489.45799391461918 489.45799391461918 0.017096955625218815 0.017096955625218815 0.017096955625218815 1 1 1 Converged Converged Converged OK OK OK 69 69 69 69 69 69 3 3 3 0 0 0 0 1 0 0 1
7 7 uniform 3 0 78 0 0.001 0.33630813599839959 0.0038116031987008385 0.0011262887858777108 -0.0014129703103382015 -0.0016329045277096736 -0.0016382280675137435 0 0.0029152337953175043 372.94630062115493 OK 13 12 0.39878999999999998 0.398891 0.077133999999999994 0.32184699999999999 0.32322200000000001 0 0.076942999999999984 0.075668999999999986 0.077133999999999994 0.010114 0.0097789999999999995 0.010664 0.047916000000000007 0.047473999999999995 0.048160999999999989 0.0028020000000000002 0.0026479999999999997 0.0025570000000000002 0.00058299999999999997 0.00055800000000000001 0.00054299999999999997 372.94628588604178 372.94628588604178 372.94628588604178 0.041170089586254385 0.041170089586254385 0.041170089586254385 1 1 1 Converged Converged Converged OK OK OK 53 53 53 53 53 53 3 3 3 0 0 0 0 0 1 0 0
7 7 uniform 3 7 78 1 0.001 0.33630813599839959 0.0038116031987008385 0.0011262887858777108 -0.0014129703103382015 -0.0016329045277096736 -0.0015011146501025441 0 0.0027781203779063046 387.4475157658361 OK 13 12 0.403914 0.37261899999999998 0.067483000000000001 0.33418199999999998 0.19877800000000001 0 0.069732000000000016 0.17384099999999997 0.067483000000000001 0.0091450000000000004 0.0091470000000000006 0.0086219999999999995 0.043781999999999995 0.14815700000000001 0.043126999999999999 0.002833 0.0027209999999999995 0.002598 0.00053399999999999997 0.00056399999999999994 0.00052300000000000003 387.44750165605024 387.44750165605024 387.44750165605024 0.038019290187282478 0.038019290187282478 0.038019290187282478 1 1 1 Converged Converged Converged OK OK OK 53 53 53 53 53 53 3 3 3 0 0 0 0 1 0 0 1
7 7 uniform 3 15 78 2 0.001 0.33630813599839959 0.0038116031987008385 0.0011262887858777108 -0.0014129703103382015 -0.0016329045277096736 -0.0013444136016326016 0 0.0026214193294363621 406.26218874099573 OK 13 12 0.38386900000000002 0.36568000000000001 0.067822999999999994 0.31432300000000002 0.18149699999999999 0 0.069545999999999997 0.18418300000000001 0.067822999999999994 0.0090670000000000004 0.0090469999999999995 0.0085039999999999994 0.04381400000000002 0.15867600000000007 0.043428999999999988 0.0026640000000000001 0.0026540000000000001 0.002552 0.00056499999999999996 0.000544 0.00052900000000000006 406.26217790051072 406.26217790051072 406.26217790051072 0.034440269186737718 0.034440269186737718 0.034440269186737718 1 1 1 Converged Converged Converged OK OK OK 53 53 53 53 53 53 3 3 3 0 0 0 0 1 0 0 1
7 7 uniform 3 23 78 3 0.001 0.33630813599839959 0.0038116031987008385 0.0011262887858777108 -0.0014129703103382015 -0.0016329045277096736 -0.0011877125531626594 0 0.0024647182809664197 428.24755464953961 OK 13 12 0.399501 0.380278 0.070927000000000004 0.32640599999999997 0.18901599999999999 0 0.073095000000000021 0.19126200000000002 0.070927000000000004 0.0092659999999999999 0.0091489999999999991 0.0084989999999999996 0.047305999999999987 0.16554499999999997 0.046551000000000009 0.0027570000000000003 0.0026919999999999999 0.0026069999999999999 0.00053499999999999999 0.000562 0.00052000000000000006 428.24754757299758 428.24754757299758 428.24754757299758 0.031400761486603715 0.031400761486603715 0.031400761486603715 1 1 1 Converged Converged Converged OK OK OK 53 53 53 53 53 53 3 3 3 0 0 0 0 1 0 0 1
7 7 uniform 3 0 78 0 0.0001 0.33630813599839959 0.0038116031987008385 0.0011262887858777108 -0.0014129703103382015 -0.0016329045277096736 -0.0016382280675137435 0 0.0029152337953175043 372.94630062115493 OK 13 12 0.41737400000000002 0.42123699999999997 0.093599000000000002 0.32098700000000002 0.32695600000000002 0 0.096387 0.094280999999999948 0.093599000000000002 0.0098289999999999992 0.0097280000000000005 0.0094660000000000005 0.061745999999999995 0.060944999999999999 0.060687999999999992 0.0041340000000000005 0.0035580000000000004 0.0034460000000000003 0.00071700000000000008 0.00076699999999999989 0.00068900000000000005 372.9462754208364 372.9462754208364 372.9462754208364 0.003729521153140273 0.003729521153140273 0.003729521153140273 1 1 1 Converged Converged Converged OK OK OK 69 69 69 69 69 69 3 3 3 0 0 0 0 0 1 0 0
7 7 uniform 3 7 78 1 0.0001 0.33630813599839959 0.0038116031987008385 0.0011262887858777108 -0.0014129703103382015 -0.0016329045277096736 -0.0015011146501025441 0 0.0027781203779063046 387.4475157658361 OK 13 12 0.400895 0.374251 0.067537 0.331841 0.200512 0 0.069054000000000004 0.173739 0.067537 0.0091269999999999997 0.0091629999999999993 0.0086409999999999994 0.043707999999999997 0.148316 0.043238000000000006 0.002686 0.002676 0.002575 0.00053600000000000002 0.00058300000000000008 0.00052900000000000006 387.44750165605024 387.44750165605024 387.44750165605024 0.038019290187282478 0.038019290187282478 0.038019290187282478 1 1 1 Converged Converged Converged OK OK OK 53 53 53 53 53 53 3 3 3 0 0 0 0 1 0 0 1
7 7 uniform 3 15 78 2 0.0001 0.33630813599839959 0.0038116031987008385 0.0011262887858777108 -0.0014129703103382015 -0.0016329045277096736 -0.0013444136016326016 0 0.0026214193294363621 406.26218874099573 OK 13 12 0.38616 0.36383199999999999 0.067638000000000004 0.31695699999999999 0.17943999999999999 0 0.069203000000000015 0.184392 0.067638000000000004 0.0090379999999999992 0.0091660000000000005 0.0084759999999999992 0.043945999999999999 0.15853400000000006 0.043341000000000005 0.002614 0.0026930000000000001 0.002562 0.00053799999999999996 0.00055699999999999999 0.00052599999999999999 406.26217790051072 406.26217790051072 406.26217790051072 0.034440269186737718 0.034440269186737718 0.034440269186737718 1 1 1 Converged Converged Converged OK OK OK 53 53 53 53 53 53 3 3 3 0 0 0 0 1 0 0 1
7 7 uniform 3 23 78 3 0.0001 0.33630813599839959 0.0038116031987008385 0.0011262887858777108 -0.0014129703103382015 -0.0016329045277096736 -0.0011877125531626594 0 0.0024647182809664197 428.24755464953961 OK 13 12 0.39849600000000002 0.38287199999999999 0.071160000000000001 0.32616200000000001 0.19132399999999999 0 0.072334000000000009 0.191548 0.071160000000000001 0.0090830000000000008 0.0092090000000000002 0.0085450000000000005 0.046935999999999999 0.16563199999999995 0.046876999999999995 0.0026389999999999999 0.0027660000000000002 0.0026320000000000002 0.000553 0.00054299999999999997 0.00052399999999999994 428.24754757299758 428.24754757299758 428.24754757299758 0.031400761486603715 0.031400761486603715 0.031400761486603715 1 1 1 Converged Converged Converged OK OK OK 53 53 53 53 53 53 3 3 3 0 0 0 0 1 0 0 1
7 7 uniform 4 0 79 0 0.001 0.33630813599839959 0.0038116031987008385 0.0011262887858777108 2.6146070931343615 -0.34596232427785872 2.6143818353771859 0 -2.613104829649382 1.3058752746224129 OK 13 12 0.465588 0.46520099999999998 0.076613000000000001 0.38795800000000003 0.38779999999999998 0 0.077629999999999977 0.077400999999999998 0.076613000000000001 0.0087950000000000007 0.0089049999999999997 0.0085929999999999999 0.052594000000000002 0.052772999999999994 0.052458000000000019 0.0022010000000000003 0.0021819999999999999 0.002124 0.00055500000000000005 0.00055899999999999993 0.00055199999999999997 1.305875260903 1.305875260903 1.305875260903 0.00046227758417267207 0.00046227758417267207 0.00046227758417267207 1 1 1 Converged Converged Converged OK OK OK 45 45 45 45 45 45 3 3 3 0 0 0 0 0 1 0 0
7 7 uniform 4 7 79 1 0.001 0.33630813599839959 0.0038116031987008385 0.0011262887858777108 2.6146070931343615 -0.34596232427785872 2.614518948794597 0 -2.613241943066793 1.313256817782237 OK 13 12 0.42922900000000003 0.34035700000000002 0.075467999999999993 0.35222199999999998 0.20913100000000001 0 0.077007000000000048 0.13122600000000001 0.075467999999999993 0.0081200000000000005 0.0081620000000000009 0.0075989999999999999 0.054856999999999982 0.10920000000000001 0.054333000000000006 0.002199 0.002281 0.0021649999999999998 0.00054799999999999998 0.00057699999999999993 0.00053499999999999999 1.3132568039453867 1.3132568039453867 1.3132568039453867 0.00046492882126249153 0.00046492882126249153 0.00046492882126249153 1 1 1 Converged Converged Converged OK OK OK 45 45 45 45 45 45 3 3 3 0 0 0 0 1 0 0 1
7 7 uniform 4 15 79 2 0.001 0.33630813599839959 0.0038116031987008385 0.0011262887858777108 2.6146070931343615 -0.34596232427785872 2.614675649843067 0 -2.613398644115263 1.3223118614006804 OK 13 12 0.43974299999999999 0.33411000000000002 0.074921000000000001 0.36321799999999999 0.216333 0 0.07652500000000001 0.11777700000000002 0.074921000000000001 0.0081869999999999998 0.0081630000000000001 0.007561 0.054318999999999992 0.095735000000000015 0.053880999999999984 0.002186 0.0022499999999999998 0.0021180000000000001 0.00055699999999999999 0.00054799999999999998 0.00053600000000000002 1.3223118502197446 1.3223118502197446 1.3223118502197446 0.00046804754751427044 0.00046804754751427044 0.00046804754751427044 1 1 1 Converged Converged Converged OK OK OK 45 45 45 45 45 45 3 3 3 0 0 0 0 1 0 0 1
7 7 uniform 4 23 79 3 0.001 0.33630813599839959 0.0038116031987008385 0.0011262887858777108 2.6146070931343615 -0.34596232427785872 2.614832350891537 0 -2.613555345163733 1.3321479424467075 OK 13 12 0.43532399999999999 0.34468700000000002 0.078314999999999996 0.35545900000000002 0.22634499999999999 0 0.079864999999999964 0.11834200000000003 0.078314999999999996 0.0083899999999999999 0.0082439999999999996 0.007685 0.057553999999999994 0.096198000000000006 0.057199000000000007 0.002173 0.002222 0.0021210000000000001 0.00055600000000000007 0.00057300000000000005 0.00053499999999999999 1.3321479311144431 1.3321479311144431 1.3321479311144431 0.00047121608811765249 0.00047121608811765249 0.00047121608811765249 1 1 1 Converged Converged Converged OK OK OK 45 45 45 45 45 45 3 3 3 0 0 0 0 1 0 0 1
7 7 uniform 4 0 79 0 0.0001 0.33630813599839959 0.0038116031987008385 0.0011262887858777108 2.6146070931343615 -0.34596232427785872 2.6143818353771859 0 -2.613104829649382 1.3058752746224129 OK 13 12 0.47984900000000003 0.47905500000000001 0.093553999999999998 0.38528499999999999 0.38444600000000001 0 0.094564000000000037 0.094608999999999999 0.093553999999999998 0.0089980000000000008 0.0089060000000000007 0.0085780000000000006 0.063966000000000037 0.064070000000000002 0.063692999999999986 0.0029860000000000004 0.0031449999999999998 0.002944 0.00067999999999999994 0.00072099999999999996 0.00067800000000000011 1.3058752609104483 1.3058752609104483 1.3058752609104483 0.00010552648096023402 0.00010552648096023402 0.00010552648096023402 1 1 1 Converged Converged Converged OK OK OK 61 61 61 61 61 61 3 3 3 0 0 0 0 0 1 0 0
7 7 uniform 4 7 79 1 0.0001 0.33630813599839959 0.0038116031987008385 0.0011262887858777108 2.6146070931343615 -0.34596232427785872 2.614518948794597 0 -2.613241943066793 1.313256817782237 OK 13 12 0.446268 0.38237700000000002 0.095241999999999993 0.35260999999999998 0.20647799999999999 0 0.093658000000000019 0.17589900000000003 0.095241999999999993 0.008201 0.0082319999999999997 0.0089049999999999997 0.066318999999999989 0.14832700000000001 0.067452999999999999 0.0029949999999999998 0.0032110000000000003 0.0030739999999999999 0.00069800000000000005 0.00067199999999999996 0.00067000000000000002 1.3132568039525843 1.3132568039525843 1.3132568039525843 0.00010817847644204915 0.00010817847644204915 0.00010817847644204915 1 1 1 Converged Converged Converged OK OK OK 61 61 61 61 61 61 3 3 3 0 0 0 0 1 0 0 1
7 7 uniform 4 15 79 2 0.0001 0.33630813599839959 0.0038116031987008385 0.0011262887858777108 2.6146070931343615 -0.34596232427785872 2.614675649843067 0 -2.613398644115263 1.3223118614006804 OK 13 12 0.451345 0.38871299999999998 0.091633999999999993 0.35849999999999999 0.215644 0 0.092845000000000011 0.17306899999999997 0.091633999999999993 0.0081560000000000001 0.00826 0.0076620000000000004 0.065841999999999998 0.14585199999999995 0.065560000000000007 0.0030070000000000001 0.0030969999999999999 0.0029859999999999999 0.00065600000000000001 0.00066 0.0006469999999999999 1.322311850227057 1.322311850227057 1.322311850227057 0.00011129807166920414 0.00011129807166920414 0.00011129807166920414 1 1 1 Converged Converged Converged OK OK OK 61 61 61 61 61 61 3 3 3 0 0 0 0 1 0 0 1
7 7 uniform 4 23 79 3 0.0001 0.33630813599839959 0.0038116031987008385 0.0011262887858777108 2.6146070931343615 -0.34596232427785872 2.614832350891537 0 -2.613555345163733 1.3321479424467075 OK 13 12 0.45539600000000002 0.39089499999999999 0.098893999999999996 0.35770200000000002 0.21938199999999999 0 0.097694000000000003 0.171513 0.098893999999999996 0.0081779999999999995 0.0081989999999999997 0.0076969999999999998 0.070809999999999998 0.14426000000000008 0.072752999999999984 0.0030599999999999998 0.0031020000000000002 0.0029360000000000002 0.000687 0.00066100000000000002 0.00065299999999999993 1.3321479311219224 1.3321479311219224 1.3321479311219224 0.00011446747919740309 0.00011446747919740309 0.00011446747919740309 1 1 1 Converged Converged Converged OK OK OK 61 61 61 61 61 61 3 3 3 0 0 0 0 1 0 0 1
8 8 linear 0 0 80 0 0.001 1.0591431915742986 0.090057087844309255 0.0046126106867687023 -0.13960540026925761 0.34598276440599413 -0.14052792240661136 0.5 0.22803100138015231 10.610698557921399 OK 14 13 0.57767500000000005 0.56592900000000002 0.190802 0.37808900000000001 0.37287300000000001 0 0.19958600000000004 0.19305600000000001 0.190802 0.013772 0.013695000000000001 0.012806 0.15533099999999997 0.150313 0.14938999999999994 0.0041549999999999998 0.0038020000000000003 0.0035900000000000003 0.00089899999999999995 0.00088800000000000001 0.00083299999999999997 10.610634500891292 10.610634500891292 10.610634500891292 0.0091582118271435666 0.0091582118271435666 0.0091582118271435666 1 1 1 Converged Converged Converged OK OK OK 81 81 81 81 81 81 7 7 7 0 0 0 0 0 1 0 0
8 8 linear 0 7 80 1 0.001 1.0591431915742986 0.090057087844309255 0.0046126106867687023 -0.13960540026925761 0.34598276440599413 -0.13996638719256993 0.5 0.22746946616611091 10.847296729372221 OK 14 13 0.55530100000000004 0.52303200000000005 0.18067 0.36709799999999998 0.25939800000000002 0 0.18820300000000006 0.26363400000000003 0.18067 0.012489 0.012517 0.011639 0.15238400000000002 0.22813900000000004 0.14690199999999998 0.0040509999999999999 0.0039199999999999999 0.0037000000000000006 0.00084400000000000002 0.00082799999999999996 0.00083699999999999985 10.847328440263214 10.847328440263214 10.847328440263214 0.0092953333839180651 0.0092953333839180651 0.0092953333839180651 1 1 1 Converged Converged Converged OK OK OK 81 81 81 81 81 81 7 7 7 0 0 0 0 1 0 0 1
8 8 linear 0 15 80 2 0.001 1.0591431915742986 0.090057087844309255 0.0046126106867687023 -0.13960540026925761 0.34598276440599413 -0.13932463266223691 0.5 0.22682771163577786 10.940321316182033 OK 14 13 0.55663700000000005 0.53784200000000004 0.18432399999999999 0.36629299999999998 0.248616 0 0.19034400000000007 0.28922600000000004 0.18432399999999999 0.012359999999999999 0.012356000000000001 0.011646 0.15538200000000002 0.25428099999999998 0.15066499999999997 0.0037470000000000003 0.0038580000000000003 0.0036900000000000001 0.00081100000000000009 0.00082700000000000004 0.00079899999999999991 10.940334910687673 10.940334910687673 10.940334910687673 0.010243300636890985 0.010243300636890985 0.010243300636890985 1 1 1 Converged Converged Converged OK OK OK 81 81 81 81 81 81 7 7 7 0 0 0 0 1 0 0 1
8 8 linear 0 23 80 3 0.001 1.0591431915742986 0.090057087844309255 0.0046126106867687023 -0.13960540026925761 0.34598276440599413 -0.13868287813190386 0.5 0.22618595710544481 10.84010678556413 OK 14 13 0.55752400000000002 0.53046499999999996 0.21846599999999999 0.33571000000000001 0.231851 0 0.22181400000000001 0.29861399999999994 0.21846599999999999 0.012341 0.012244 0.011516 0.18371999999999997 0.26060400000000011 0.18206800000000001 0.0042120000000000005 0.0043920000000000001 0.0040870000000000004 0.0010400000000000001 0.00098999999999999999 0.00098200000000000002 10.840103556649394 10.840103556649394 10.840103556649394 0.0082859286676855385 0.0082859286676855385 0.0082859286676855385 1 1 1 Converged Converged Converged OK OK OK 89 89 89 89 89 89 7 7 7 0 0 0 0 1 0 0 1
8 8 linear 0 0 80 0 0.0001 1.0591431915742986 0.090057087844309255 0.0046126106867687023 -0.13960540026925761 0.34598276440599413 -0.14052792240661136 0.5 0.22803100138015231 10.610698557921399 OK 14 13 0.68778799999999995 0.66634099999999996 0.29493399999999997 0.38921 0.37431399999999998 0 0.29857799999999995 0.29202699999999998 0.29493399999999997 0.013252 0.013221 0.012845000000000001 0.23307799999999998 0.22638599999999995 0.22586700000000001 0.0065469999999999999 0.0065209999999999999 0.0066280000000000002 0.0016069999999999999 0.001601 0.001575 10.610632029224334 10.610632029224334 10.610632029224334 0.0010078534039565767 0.0010078534039565767 0.0010078534039565767 1 1 1 Converged Converged Converged OK OK OK 137 137 137 137 137 137 7 7 7 0 0 0 0 0 1 0 0
8 8 linear 0 7 80 1 0.0001 1.0591431915742986 0.090057087844309255 0.0046126106867687023 -0.13960540026925761 0.34598276440599413 -0.13996638719256993 0.5 0.22746946616611091 10.847296729372221 OK 14 13 0.69315899999999997 0.73702800000000002 0.30959500000000001 0.37280400000000002 0.26239200000000001 0 0.32035499999999995 0.474636 0.30959500000000001 0.012393 0.012448000000000001 0.011701 0.26354299999999992 0.41822600000000015 0.25521600000000005 0.0079630000000000013 0.0075690000000000002 0.007228 0.0014980000000000002 0.0015119999999999997 0.001493 10.847327652730872 10.847327652730872 10.847327652730872 0.0009930416986222196 0.0009930416986222196 0.0009930416986222196 1 1 1 Converged Converged Converged OK OK OK 145 145 145 145 145 145 7 7 7 0 0 0 0 1 0 0 1
8 8 linear 0 15 80 2 0.0001 1.0591431915742986 0.090057087844309255 0.0046126106867687023 -0.13960540026925761 0.34598276440599413 -0.13932463266223691 0.5 0.22682771163577786 10.940321316182033 OK 14 13 0.694747 0.76681100000000002 0.310284 0.37418600000000002 0.25327100000000002 0 0.32056099999999998 0.51354 0.310284 0.012559000000000001 0.012307 0.011663 0.26616599999999985 0.46035500000000007 0.25831499999999991 0.0075689999999999993 0.0070860000000000003 0.0071269999999999997 0.001552 0.001521 0.0014930000000000002 10.940334033251339 10.940334033251339 10.940334033251339 0.00038096137551645823 0.00038096137551645823 0.00038096137551645823 1 1 1 Converged Converged Converged OK OK OK 145 145 145 145 145 145 7 7 7 0 0 0 0 1 0 0 1
8 8 linear 0 23 80 3 0.0001 1.0591431915742986 0.090057087844309255 0.0046126106867687023 -0.13960540026925761 0.34598276440599413 -0.13868287813190386 0.5 0.22618595710544481 10.84010678556413 OK 14 13 0.65991999999999995 0.70801400000000003 0.318438 0.33541399999999999 0.23284099999999999 0 0.32450599999999996 0.47517300000000007 0.318438 0.012343 0.012427000000000001 0.011651 0.27068800000000004 0.42196800000000007 0.26622799999999996 0.0075549999999999992 0.0071300000000000001 0.0072730000000000017 0.001555 0.0015579999999999999 0.001531 10.840103533794403 10.840103533794403 10.840103533794403 0.00013099996957261005 0.00013099996957261005 0.00013099996957261005 1 1 1 Converged Converged Converged OK OK OK 145 145 145 145 145 145 7 7 7 0 0 0 0 1 0 0 1
8 8 linear 1 0 81 0 0.001 1.0591431915742986 0.090057087844309255 0.0046126106867687023 -0.14623113908594873 -0.31802297628987392 -0.14715366122330248 0.5 0.23465674019684346 3.4295655531830409 OK 14 13 0.47200599999999998 0.46633000000000002 0.15457000000000001 0.31386199999999997 0.30996699999999999 0 0.15814400000000001 0.15636300000000003 0.15457000000000001 0.012638999999999999 0.012711 0.012112 0.11426799999999998 0.11217099999999999 0.11166299999999997 0.0042220000000000001 0.0043970000000000007 0.0043509999999999998 0.001041 0.0011789999999999999 0.001016 3.429555568037614 3.429555568037614 3.429555568037614 0.0025002841201420627 0.0025002841201420627 0.0025002841201420627 1 1 1 Converged Converged Converged OK OK OK 90 90 90 90 90 90 6 6 6 0 0 0 0 0 1 0 0
8 8 linear 1 7 81 1 0.001 1.0591431915742986 0.090057087844309255 0.0046126106867687023 -0.14623113908594873 -0.31802297628987392 -0.14659212600926105 0.5 0.23409520498280201 3.9936765102874938 OK 14 13 0.46517500000000001 0.48738500000000001 0.143951 0.31608199999999997 0.20857400000000001 0 0.14909300000000003 0.27881100000000003 0.143951 0.011606999999999999 0.011546000000000001 0.010854000000000001 0.11226200000000003 0.24214699999999997 0.10876699999999999 0.0042750000000000002 0.004241 0.0042100000000000002 0.0011359999999999999 0.0010999999999999998 0.0010870000000000001 3.9936770102394235 3.9936770102394235 3.9936770102394235 0.0038067050369680372 0.0038067050369680372 0.0038067050369680372 1 1 1 Converged Converged Converged OK OK OK 90 90 90 90 90 90 6 6 6 0 0 0 0 1 0 0 1
8 8 linear 1 15 81 2 0.001 1.0591431915742986 0.090057087844309255 0.0046126106867687023 -0.14623113908594873 -0.31802297628987392 -0.14595037147892803 0.5 0.23345345045246901 4.6609081855194665 OK 14 13 0.46300599999999997 0.49408299999999999 0.151001 0.30798999999999999 0.19866200000000001 0 0.15501599999999999 0.29542099999999999 0.151001 0.011748 0.011924000000000001 0.011289 0.11555000000000003 0.25544399999999989 0.11247399999999999 0.0046470000000000001 0.0047879999999999997 0.0047010000000000003 0.0010890000000000001 0.0011180000000000001 0.0010809999999999999 4.6609192965012527 4.6609192965012527 4.6609192965012527 0.002357003009508181 0.002357003009508181 0.002357003009508181 1 1 1 Converged Converged Converged OK OK OK 98 98 98 98 98 98 6 6 6 0 0 0 0 1 0 0 1
8 8 linear 1 23 81 3 0.001 1.0591431915742986 0.090057087844309255 0.0046126106867687023 -0.14623113908594873 -0.31802297628987392 -0.14530861694859498 0.5 0.23281169592213596 5.3227967354878096 OK 14 13 0.43463800000000002 0.40174700000000002 0.136049 0.29433100000000001 0.184141 0 0.14030700000000002 0.21760600000000002 0.136049 0.011246000000000001 0.011233 0.010557 0.10758800000000006 0.18520199999999998 0.104882 0.0037899999999999995 0.0037500000000000007 0.0036049999999999997 0.00093999999999999997 0.00096100000000000005 0.00093599999999999998 5.3228073450428468 5.3228073450428468 5.3228073450428468 0.0052084158587775266 0.0052084158587775266 0.0052084158587775266 1 1 1 Converged Converged Converged OK OK OK 82 82 82 82 82 82 6 6 6 0 0 0 0 1 0 0 1
8 8 linear 1 0 81 0 0.0001 1.0591431915742986 0.090057087844309255 0.0046126106867687023 -0.14623113908594873 -0.31802297628987392 -0.14715366122330248 0.5 0.23465674019684346 3.4295655531830409 OK 14 13 0.51556400000000002 0.51103600000000005 0.20038600000000001 0.31162000000000001 0.31077100000000002 0 0.20394400000000001 0.20026500000000003 0.20038600000000001 0.012369 0.012429000000000001 0.012142999999999999 0.14743300000000004 0.14422499999999991 0.14435899999999999 0.0060810000000000005 0.0059769999999999997 0.006019 0.0012950000000000001 0.001322 0.0013419999999999999 3.4295555693408248 3.4295555693408248 3.4295555693408248 0.00025789612960228287 0.00025789612960228287 0.00025789612960228287 1 1 1 Converged Converged Converged OK OK OK 122 122 122 122 122 122 6 6 6 0 0 0 0 0 1 0 0
8 8 linear 1 7 81 1 0.0001 1.0591431915742986 0.090057087844309255 0.0046126106867687023 -0.14623113908594873 -0.31802297628987392 -0.14659212600926105 0.5 0.23409520498280201 3.9936765102874938 OK 14 13 0.51660499999999998 0.58728199999999997 0.198964 0.31324800000000003 0.20629700000000001 0 0.20335699999999995 0.38098499999999996 0.198964 0.011566 0.011677 0.010928999999999999 0.15399500000000008 0.33032100000000009 0.15072099999999988 0.0060719999999999993 0.0064780000000000003 0.0060950000000000006 0.0014839999999999999 0.0016170000000000002 0.0014450000000000001 3.993677020952576 3.993677020952576 3.993677020952576 4.6772475559367004e-05 4.6772475559367004e-05 4.6772475559367004e-05 1 1 1 Converged Converged Converged OK OK OK 130 130 130 130 130 130 6 6 6 0 0 0 0 1 0 0 1
8 8 linear 1 15 81 2 0.0001 1.0591431915742986 0.090057087844309255 0.0046126106867687023 -0.14623113908594873 -0.31802297628987392 -0.14595037147892803 0.5 0.23345345045246901 4.6609081855194665 OK 14 13 0.50457300000000005 0.58159499999999997 0.193048 0.30637300000000001 0.20266400000000001 0 0.19820000000000004 0.37893099999999996 0.193048 0.011782000000000001 0.011852 0.011188 0.15061400000000008 0.3301329999999999 0.14680500000000005 0.0062490000000000002 0.0064050000000000001 0.0062220000000000001 0.001322 0.0013970000000000002 0.0013110000000000001 4.6609192978432228 4.6609192978432228 4.6609192978432228 8.7554386275775061e-05 8.7554386275775061e-05 8.7554386275775061e-05 1 1 1 Converged Converged Converged OK OK OK 130 130 130 130 130 130 6 6 6 0 0 0 0 1 0 0 1
8 8 linear 1 23 81 3 0.0001 1.0591431915742986 0.090057087844309255 0.0046126106867687023 -0.14623113908594873 -0.31802297628987392 -0.14530861694859498 0.5 0.23281169592213596 5.3227967354878096 OK 14 13 0.49558099999999999 0.583291 0.197461 0.29319299999999998 0.18496899999999999 0 0.20238800000000001 0.39832200000000001 0.197461 0.01107 0.011148999999999999 0.010576 0.15544199999999997 0.3507409999999998 0.15169600000000008 0.0062889999999999995 0.0064970000000000002 0.0064189999999999994 0.001302 0.0013030000000000001 0.0012779999999999998 5.3228073478716862 5.3228073478716862 5.3228073478716862 0.00015297821094919405 0.00015297821094919405 0.00015297821094919405 1 1 1 Converged Converged Converged OK OK OK 130 130 130 130 130 130 6 6 6 0 0 0 0 1 0 0 1
8 8 linear 2 0 82 0 0.001 1.0591431915742986 0.090057087844309255 0.0046126106867687023 0.058242364702311256 0.012461739041868916 0.057319842564957514 0.5 0.030183236408583454 13.804577083705274 OK 13 12 0.41911300000000001 0.41272700000000001 0.12024 0.29422100000000001 0.291045 0 0.124892 0.12168200000000001 0.12024 0.010277 0.010135 0.0097990000000000004 0.091771999999999992 0.089547000000000002 0.088850999999999986 0.0036050000000000001 0.0031589999999999999 0.0031490000000000003 0.00074200000000000004 0.00072099999999999985 0.00070699999999999995 13.804570860657101 13.804570860657101 13.804570860657101 0.00043404842656413561 0.00043404842656413561 0.00043404842656413561 1 1 1 Converged Converged Converged OK OK OK 61 61 61 61 61 61 3 3 3 0 0 0 0 0 1 0 0
8 8 linear 2 7 82 1 0.001 1.0591431915742986 0.090057087844309255 0.0046126106867687023 0.058242364702311256 0.012461739041868916 0.057881377778998926 0.5 0.029621701194542042 14.051321314091551 OK 13 12 0.41767599999999999 0.37300800000000001 0.119061 0.29435099999999997 0.16966600000000001 0 0.12332500000000002 0.20334199999999999 0.119061 0.0093939999999999996 0.0094350000000000007 0.0088459999999999997 0.094819000000000001 0.17493199999999995 0.091577000000000006 0.0031350000000000002 0.0032450000000000001 0.0031020000000000002 0.00069899999999999997 0.00069400000000000006 0.00067699999999999998 14.051314854791537 14.051314854791537 14.051314854791537 0.00043380167479527547 0.00043380167479527547 0.00043380167479527547 1 1 1 Converged Converged Converged OK OK OK 61 61 61 61 61 61 3 3 3 0 0 0 0 1 0 0 1
8 8 linear 2 15 82 2 0.001 1.0591431915742986 0.090057087844309255 0.0046126106867687023 0.058242364702311256 0.012461739041868916 0.058523132309331961 0.5 0.028979946664209007 14.338810243283945 OK 13 12 0.41256799999999999 0.38963799999999998 0.117204 0.28517100000000001 0.16791300000000001 0 0.12739699999999998 0.22172499999999998 0.117204 0.009391 0.0094540000000000006 0.0088880000000000001 0.098472999999999949 0.19296200000000005 0.089605000000000046 0.003346 0.003333 0.0032330000000000002 0.00071899999999999991 0.00070100000000000002 0.00067599999999999995 14.338803328532064 14.338803328532064 14.338803328532064 0.00043352229652592939 0.00043352229652592939 0.00043352229652592939 1 1 1 Converged Converged Converged OK OK OK 61 61 61 61 61 61 3 3 3 0 0 0 0 1 0 0 1
8 8 linear 2 23 82 3 0.001 1.0591431915742986 0.090057087844309255 0.0046126106867687023 0.058242364702311256 0.012461739041868916 0.059164886839664997 0.5 0.028338192133875971 14.631811559903699 OK 13 12 0.404839 0.38832299999999997 0.11713800000000001 0.28401500000000002 0.171904 0 0.12082399999999999 0.21641899999999997 0.11713800000000001 0.0094959999999999992 0.0094400000000000005 0.0087860000000000004 0.092307999999999987 0.18460699999999997 0.089828000000000033 0.0032429999999999998 0.0033810000000000003 0.0031869999999999997 0.00068500000000000006 0.00071899999999999991 0.00067000000000000002 14.631804621855469 14.631804621855469 14.631804621855469 0.00043324592541072761 0.00043324592541072761 0.00043324592541072761 1 1 1 Converged Converged Converged OK OK OK 61 61 61 61 61 61 3 3 3 0 0 0 0 1 0 0 1
8 8 linear 2 0 82 0 0.0001 1.0591431915742986 0.090057087844309255 0.0046126106867687023 0.058242364702311256 0.012461739041868916 0.057319842564957514 0.5 0.030183236408583454 13.804577083705274 OK 13 12 0.41364699999999999 0.41020099999999998 0.12554299999999999 0.28975000000000001 0.28891899999999998 0 0.12389699999999998 0.121282 0.12554299999999999 0.01001 0.010085999999999999 0.010961 0.091623999999999983 0.089421999999999988 0.092343999999999996 0.0032799999999999999 0.0030860000000000002 0.0031849999999999995 0.00071500000000000003 0.00073000000000000007 0.00068999999999999997 13.804570860657101 13.804570860657101 13.804570860657101 0.00043404842656413561 0.00043404842656413561 0.00043404842656413561 1 1 1 Converged Converged Converged OK OK OK 61 61 61 61 61 61 3 3 3 0 0 0 0 0 1 0 0
8 8 linear 2 7 82 1 0.0001 1.0591431915742986 0.090057087844309255 0.0046126106867687023 0.058242364702311256 0.012461739041868916 0.057881377778998926 0.5 0.029621701194542042 14.051321314091551 OK 13 12 0.41272900000000001 0.374473 0.119338 0.28965600000000002 0.171435 0 0.12307299999999999 0.203038 0.119338 0.0094350000000000007 0.0093939999999999996 0.0089219999999999994 0.09461399999999999 0.174707 0.091921999999999976 0.0030209999999999998 0.003081 0.0031049999999999997 0.00068300000000000001 0.00068500000000000006 0.00067900000000000002 14.051314854791537 14.051314854791537 14.051314854791537 0.00043380167479527547 0.00043380167479527547 0.00043380167479527547 1 1 1 Converged Converged Converged OK OK OK 61 61 61 61 61 61 3 3 3 0 0 0 0 1 0 0 1
8 8 linear 2 15 82 2 0.0001 1.0591431915742986 0.090057087844309255 0.0046126106867687023 0.058242364702311256 0.012461739041868916 0.058523132309331961 0.5 0.028979946664209007 14.338810243283945 OK 13 12 0.40408899999999998 0.38950099999999999 0.117157 0.28337000000000001 0.168022 0 0.12071899999999997 0.22147899999999998 0.117157 0.0093139999999999994 0.0094160000000000008 0.0087969999999999993 0.092407000000000017 0.19285099999999999 0.089726999999999987 0.0031479999999999998 0.0032159999999999997 0.0031899999999999997 0.00067499999999999993 0.00067500000000000004 0.00067400000000000001 14.338803328532064 14.338803328532064 14.338803328532064 0.00043352229652592939 0.00043352229652592939 0.00043352229652592939 1 1 1 Converged Converged Converged OK OK OK 61 61 61 61 61 61 3 3 3 0 0 0 0 1 0 0 1
8 8 linear 2 23 82 3 0.0001 1.0591431915742986 0.090057087844309255 0.0046126106867687023 0.058242364702311256 0.012461739041868916 0.059164886839664997 0.5 0.028338192133875971 14.631811559903699 OK 13 12 0.40612599999999999 0.38824399999999998 0.11729000000000001 0.28195599999999998 0.17512900000000001 0 0.12417 0.21311499999999997 0.11729000000000001 0.0092890000000000004 0.0093480000000000004 0.0088559999999999993 0.093097999999999986 0.18462099999999995 0.089943999999999996 0.0031330000000000004 0.0032469999999999999 0.0032090000000000005 0.000687 0.00069499999999999998 0.0006559999999999999 14.631804621855469 14.631804621855469 14.631804621855469 0.00043324592541072761 0.00043324592541072761 0.00043324592541072761 1 1 1 Converged Converged Converged OK OK OK 61 61 61 61 61 61 3 3 3 0 0 0 0 1 0 0 1
8 8 linear 3 0 83 0 0.001 1.0591431915742986 0.090057087844309255 0.0046126106867687023 0.11129207656912495 -0.18385800770669031 0.11036955443177121 0.5 -0.022866475458230243 14.764104547950771 OK 15 14 0.393368 0.385046 0.151645 0.23558599999999999 0.23313 0 0.15778200000000001 0.151916 0.151645 0.014626999999999999 0.014489999999999999 0.014156 0.10645499999999994 0.10287700000000002 0.10274200000000001 0.0055610000000000008 0.0047419999999999997 0.0048440000000000002 0.0013169999999999998 0.00116 0.00116 14.764095840307574 14.764095840307574 14.764095840307574 0.014084236804987741 0.014084236804987741 0.014084236804987741 1 1 1 Converged Converged Converged OK OK OK 91 91 91 91 91 91 5 5 5 0 0 0 0 0 1 0 0
8 8 linear 3 7 83 1 0.001 1.0591431915742986 0.090057087844309255 0.0046126106867687023 0.11129207656912495 -0.18385800770669031 0.11093108964581261 0.5 -0.02342801067227164 15.102520063553825 OK 15 14 0.40079999999999999 0.49338399999999999 0.14121800000000001 0.25500200000000001 0.17988199999999999 0 0.14579799999999998 0.313502 0.14121800000000001 0.013629 0.013504 0.012763 0.10371299999999999 0.27150900000000011 0.10082100000000005 0.0047959999999999999 0.0048520000000000004 0.0047749999999999997 0.0010689999999999999 0.0010740000000000001 0.0010380000000000001 15.102510868822513 15.102510868822513 15.102510868822513 0.014852411892828109 0.014852411892828109 0.014852411892828109 1 1 1 Converged Converged Converged OK OK OK 91 91 91 91 91 91 5 5 5 0 0 0 0 1 0 0 1
8 8 linear 3 15 83 2 0.001 1.0591431915742986 0.090057087844309255 0.0046126106867687023 0.11129207656912495 -0.18385800770669031 0.11157284417614564 0.5 -0.024069765202604676 15.537587708350282 OK 15 14 0.38849 0.52200400000000002 0.15942500000000001 0.22497700000000001 0.14760999999999999 0 0.16351299999999999 0.374394 0.15942500000000001 0.013405 0.013671000000000001 0.012864 0.11539399999999993 0.32468000000000008 0.11254999999999998 0.0058360000000000009 0.0063330000000000001 0.0057469999999999995 0.0011800000000000001 0.0012390000000000001 0.0011779999999999998 15.537577977250416 15.537577977250416 15.537577977250416 0.0054557350289534158 0.0054557350289534158 0.0054557350289534158 1 1 1 Converged Converged Converged OK OK OK 107 107 107 107 107 107 5 5 5 0 0 0 0 1 0 0 1
8 8 linear 3 23 83 3 0.001 1.0591431915742986 0.090057087844309255 0.0046126106867687023 0.11129207656912495 -0.18385800770669031 0.11221459870647868 0.5 -0.024711519732937712 16.038280079796845 OK 15 14 0.40427600000000002 0.52825599999999995 0.16191 0.23436399999999999 0.162303 0 0.16991200000000004 0.36595299999999997 0.16191 0.013502999999999999 0.013509999999999999 0.012744 0.12312200000000006 0.31895099999999993 0.11651200000000003 0.0057580000000000001 0.0057289999999999997 0.0057129999999999993 0.0011869999999999999 0.0011829999999999998 0.001165 16.038270241399328 16.038270241399328 16.038270241399328 0.0054556739978683802 0.0054556739978683802 0.0054556739978683802 1 1 1 Converged Converged Converged OK OK OK 107 107 107 107 107 107 5 5 5 0 0 0 0 1 0 0 1
8 8 linear 3 0 83 0 0.0001 1.0591431915742986 0.090057087844309255 0.0046126106867687023 0.11129207656912495 -0.18385800770669031 0.11036955443177121 0.5 -0.022866475458230243 14.764104547950771 OK 15 14 0.43191499999999999 0.42927100000000001 0.19297700000000001 0.23518600000000001 0.236454 0 0.19672899999999999 0.19281700000000002 0.19297700000000001 0.014172000000000001 0.014233000000000001 0.013918 0.13473600000000002 0.13129500000000002 0.13144600000000001 0.0065570000000000003 0.0065170000000000002 0.0067499999999999991 0.0013669999999999999 0.0013950000000000002 0.0013849999999999999 14.764095728443111 14.764095728443111 14.764095728443111 0.00073997283222292727 0.00073997283222292727 0.00073997283222292727 1 1 1 Converged Converged Converged OK OK OK 123 123 123 123 123 123 5 5 5 0 0 0 0 0 1 0 0
8 8 linear 3 7 83 1 0.0001 1.0591431915742986 0.090057087844309255 0.0046126106867687023 0.11129207656912495 -0.18385800770669031 0.11093108964581261 0.5 -0.02342801067227164 15.102520063553825 OK 15 14 0.43621900000000002 0.62907299999999999 0.179951 0.25174999999999997 0.18085599999999999 0 0.18446900000000005 0.44821699999999998 0.179951 0.013642 0.013389 0.012935 0.13258200000000003 0.39605200000000002 0.12925199999999998 0.0065710000000000005 0.0066949999999999987 0.0065619999999999993 0.0013790000000000002 0.0013780000000000001 0.0013370000000000001 15.102510741373655 15.102510741373655 15.102510741373655 0.00074044960702391064 0.00074044960702391064 0.00074044960702391064 1 1 1 Converged Converged Converged OK OK OK 123 123 123 123 123 123 5 5 5 0 0 0 0 1 0 0 1
8 8 linear 3 15 83 2 0.0001 1.0591431915742986 0.090057087844309255 0.0046126106867687023 0.11129207656912495 -0.18385800770669031 0.11157284417614564 0.5 -0.024069765202604676 15.537587708350282 OK 15 14 0.40692299999999998 0.58525199999999999 0.177393 0.22444900000000001 0.14710100000000001 0 0.18247399999999997 0.43815099999999996 0.177393 0.013559999999999999 0.013504 0.012786 0.13072300000000006 0.38585599999999998 0.12703999999999996 0.0065299999999999993 0.0066979999999999991 0.0064680000000000007 0.001315 0.0013090000000000001 0.0012849999999999999 15.537577978715261 15.537577978715261 15.537577978715261 0.00074101656674976284 0.00074101656674976284 0.00074101656674976284 1 1 1 Converged Converged Converged OK OK OK 123 123 123 123 123 123 5 5 5 0 0 0 0 1 0 0 1
8 8 linear 3 23 83 3 0.0001 1.0591431915742986 0.090057087844309255 0.0046126106867687023 0.11129207656912495 -0.18385800770669031 0.11221459870647868 0.5 -0.024711519732937712 16.038280079796845 OK 15 14 0.41905700000000001 0.59857700000000003 0.18096999999999999 0.23325599999999999 0.16839699999999999 0 0.18580100000000002 0.43018000000000001 0.18096999999999999 0.013417 0.013644999999999999 0.012775 0.13433000000000003 0.37712799999999996 0.13084899999999994 0.0065100000000000002 0.0071389999999999995 0.0064779999999999994 0.0013049999999999997 0.001343 0.0012740000000000002 16.038270242856939 16.038270242856939 16.038270242856939 0.00074161998562654642 0.00074161998562654642 0.00074161998562654642 1 1 1 Converged Converged Converged OK OK OK 123 123 123 123 123 123 5 5 5 0 0 0 0 1 0 0 1
8 8 linear 4 0 84 0 0.001 1.0591431915742986 0.090057087844309255 0.0046126106867687023 0.16901105009340453 0.21262617219276847 0.16808852795605078 0.5 -0.080585448982509814 3.2122440019448972 OK 13 12 0.31876500000000002 0.31146200000000002 0.096485000000000001 0.21435100000000001 0.2135 0 0.10441400000000001 0.097962000000000021 0.096485000000000001 0.0087980000000000003 0.0090150000000000004 0.008633 0.073828000000000005 0.066749000000000017 0.066366000000000008 0.003163 0.0034800000000000005 0.0032469999999999999 0.00068099999999999996 0.00075999999999999993 0.000669 3.212242293692988 3.212242293692988 3.212242293692988 0.0012398576538388648 0.0012398576538388648 0.0012398576538388648 1 1 1 Converged Converged Converged OK OK OK 61 61 61 61 61 61 3 3 3 0 0 0 0 0 1 0 0
8 8 linear 4 7 84 1 0.001 1.0591431915742986 0.090057087844309255 0.0046126106867687023 0.16901105009340453 0.21262617219276847 0.16865006317009221 0.5 -0.081146984196551239 3.2107502858711201 OK 13 12 0.31641799999999998 0.34579500000000002 0.092325000000000004 0.221299 0.149867 0 0.095118999999999981 0.19592800000000002 0.092325000000000004 0.0080490000000000006 0.0081779999999999995 0.0076449999999999999 0.06807199999999998 0.16840699999999997 0.066080000000000014 0.003163 0.003385 0.0031859999999999996 0.00068900000000000005 0.00071199999999999996 0.00067999999999999994 3.2107485843377113 3.2107485843377113 3.2107485843377113 0.0012393949343105215 0.0012393949343105215 0.0012393949343105215 1 1 1 Converged Converged Converged OK OK OK 61 61 61 61 61 61 3 3 3 0 0 0 0 1 0 0 1
8 8 linear 4 15 84 2 0.001 1.0591431915742986 0.090057087844309255 0.0046126106867687023 0.16901105009340453 0.21262617219276847 0.16929181770042523 0.5 -0.081788738726884261 3.2090197657019246 OK 13 12 0.33186500000000002 0.371195 0.094007999999999994 0.23465 0.15886500000000001 0 0.097215000000000024 0.21232999999999999 0.094007999999999994 0.0081270000000000005 0.0083269999999999993 0.0076550000000000003 0.069631000000000012 0.18390899999999999 0.067624000000000017 0.003228 0.0034099999999999998 0.0032100000000000002 0.00074100000000000012 0.0007400000000000001 0.00073099999999999999 3.2090180719630355 3.2090180719630355 3.2090180719630355 0.0012388472069533966 0.0012388472069533966 0.0012388472069533966 1 1 1 Converged Converged Converged OK OK OK 61 61 61 61 61 61 3 3 3 0 0 0 0 1 0 0 1
8 8 linear 4 23 84 3 0.001 1.0591431915742986 0.090057087844309255 0.0046126106867687023 0.16901105009340453 0.21262617219276847 0.16993357223075828 0.5 -0.08243049325721731 3.2072644528892655 OK 13 12 0.29741400000000001 0.31998399999999999 0.095218999999999998 0.19462499999999999 0.129218 0 0.10278900000000002 0.19076599999999999 0.095218999999999998 0.0081930000000000006 0.0083250000000000008 0.0077409999999999996 0.075488000000000027 0.16285700000000009 0.068925999999999987 0.0031089999999999998 0.0033660000000000001 0.003124 0.00069700000000000003 0.00068400000000000004 0.00068399999999999993 3.2072627670294098 3.2072627670294098 3.2072627670294098 0.0012382794403050098 0.0012382794403050098 0.0012382794403050098 1 1 1 Converged Converged Converged OK OK OK 61 61 61 61 61 61 3 3 3 0 0 0 0 1 0 0 1
8 8 linear 4 0 84 0 0.0001 1.0591431915742986 0.090057087844309255 0.0046126106867687023 0.16901105009340453 0.21262617219276847 0.16808852795605078 0.5 -0.080585448982509814 3.2122440019448972 OK 13 12 0.33812599999999998 0.337391 0.119862 0.215061 0.21698700000000001 0 0.12306499999999998 0.12040399999999998 0.119862 0.0088640000000000004 0.0089149999999999993 0.0086370000000000006 0.086454000000000003 0.083953999999999987 0.084020000000000011 0.0040670000000000003 0.0040379999999999999 0.0040379999999999999 0.00083300000000000008 0.00082800000000000007 0.0008070000000000001 3.2122422926261409 3.2122422926261409 3.2122422926261409 9.8169534337674396e-05 9.8169534337674396e-05 9.8169534337674396e-05 1 1 1 Converged Converged Converged OK OK OK 77 77 77 77 77 77 3 3 3 0 0 0 0 0 1 0 0
8 8 linear 4 7 84 1 0.0001 1.0591431915742986 0.090057087844309255 0.0046126106867687023 0.16901105009340453 0.21262617219276847 0.16865006317009221 0.5 -0.081146984196551239 3.2107502858711201 OK 13 12 0.339889 0.38203900000000002 0.115926 0.22026799999999999 0.15088399999999999 0 0.11962100000000001 0.23115500000000003 0.115926 0.0081099999999999992 0.0082360000000000003 0.0076880000000000004 0.087150999999999992 0.19849200000000009 0.084734999999999963 0.0042649999999999997 0.0043550000000000004 0.0040460000000000001 0.00080599999999999997 0.00081899999999999996 0.00078300000000000006 3.2107485832695843 3.2107485832695843 3.2107485832695843 9.7901939695122208e-05 9.7901939695122208e-05 9.7901939695122208e-05 1 1 1 Converged Converged Converged OK OK OK 77 77 77 77 77 77 3 3 3 0 0 0 0 1 0 0 1
8 8 linear 4 15 84 2 0.0001 1.0591431915742986 0.090057087844309255 0.0046126106867687023 0.16901105009340453 0.21262617219276847 0.16929181770042523 0.5 -0.081788738726884261 3.2090197657019246 OK 13 12 0.35498200000000002 0.40788200000000002 0.11656 0.23486499999999999 0.158752 0 0.12011700000000003 0.24913000000000002 0.11656 0.0081689999999999992 0.0084150000000000006 0.0076499999999999997 0.08806300000000003 0.21537999999999996 0.085417000000000021 0.0039480000000000001 0.0045199999999999997 0.0040920000000000002 0.00090700000000000015 0.00093399999999999993 0.00083500000000000013 3.2090180708937042 3.2090180708937042 3.2090180708937042 9.7597181595940821e-05 9.7597181595940821e-05 9.7597181595940821e-05 1 1 1 Converged Converged Converged OK OK OK 77 77 77 77 77 77 3 3 3 0 0 0 0 1 0 0 1
8 8 linear 4 23 84 3 0.0001 1.0591431915742986 0.090057087844309255 0.0046126106867687023 0.16901105009340453 0.21262617219276847 0.16993357223075828 0.5 -0.08243049325721731 3.2072644528892655 OK 13 12 0.31668600000000002 0.35694399999999998 0.119418 0.19601399999999999 0.129382 0 0.12067200000000003 0.22756199999999999 0.119418 0.0082129999999999998 0.008267 0.010655 0.088171999999999945 0.19507400000000008 0.085535 0.0041789999999999996 0.0042110000000000003 0.003921 0.00084399999999999992 0.00081499999999999997 0.00079200000000000006 3.2072627659591011 3.2072627659591011 3.2072627659591011 9.729355378338096e-05 9.729355378338096e-05 9.729355378338096e-05 1 1 1 Converged Converged Converged OK OK OK 77 77 77 77 77 77 3 3 3 0 0 0 0 1 0 0 1
8 8 uniform 0 0 85 0 0.001 1.0591431915742986 0.090057087844309255 0.0046126106867687023 -0.13960540026925761 0.34598276440599413 -0.14052792240661136 0 0.22803100138015231 10.265378173571646 OK 14 13 0.52190000000000003 0.51732299999999998 0.14431099999999999 0.37595800000000001 0.372228 0 0.14594200000000002 0.14509499999999997 0.14431099999999999 0.013309 0.013280999999999999 0.012880000000000001 0.10359300000000002 0.10315000000000001 0.10301200000000001 0.0035179999999999999 0.0034770000000000001 0.0035370000000000002 0.00088099999999999995 0.000901 0.00086700000000000004 10.26538127057683 10.26538127057683 10.26538127057683 0.0038016778872821495 0.0038016778872821495 0.0038016778872821495 1 1 1 Converged Converged Converged OK OK OK 81 81 81 81 81 81 7 7 7 0 0 0 0 0 1 0 0
8 8 uniform 0 7 85 1 0.001 1.0591431915742986 0.090057087844309255 0.0046126106867687023 -0.13960540026925761 0.34598276440599413 -0.13996638719256993 0 0.22746946616611091 10.445006380352769 OK 14 13 0.50638399999999995 0.47125400000000001 0.13237599999999999 0.37241999999999997 0.257496 0 0.13396399999999997 0.213758 0.13237599999999999 0.012331 0.012498 0.011708 0.099573999999999982 0.17871899999999999 0.099015000000000034 0.0034419999999999997 0.0036429999999999995 0.003424 0.00078199999999999993 0.00082700000000000004 0.00079499999999999992 10.445007569882444 10.445007569882444 10.445007569882444 0.0031767486508791349 0.0031767486508791349 0.0031767486508791349 1 1 1 Converged Converged Converged OK OK OK 81 81 81 81 81 81 7 7 7 0 0 0 0 1 0 0 1
8 8 uniform 0 15 85 2 0.001 1.0591431915742986 0.090057087844309255 0.0046126106867687023 -0.13960540026925761 0.34598276440599413 -0.13932463266223691 0 0.22682771163577786 10.526417728563162 OK 14 13 0.50837200000000005 0.49415199999999998 0.14150099999999999 0.36869299999999999 0.25144100000000003 0 0.13967900000000005 0.24271099999999995 0.14150099999999999 0.012338 0.012277 0.011835999999999999 0.10526999999999997 0.20812599999999992 0.10754999999999998 0.00347 0.0035190000000000004 0.0034889999999999999 0.00080100000000000006 0.00082399999999999997 0.00079699999999999986 10.526418408228791 10.526418408228791 10.526418408228791 0.0033785781628895345 0.0033785781628895345 0.0033785781628895345 1 1 1 Converged Converged Converged OK OK OK 81 81 81 81 81 81 7 7 7 0 0 0 0 1 0 0 1
8 8 uniform 0 23 85 3 0.001 1.0591431915742986 0.090057087844309255 0.0046126106867687023 -0.13960540026925761 0.34598276440599413 -0.13868287813190386 0 0.22618595710544481 10.473315572646683 OK 14 13 0.47810799999999998 0.45374799999999998 0.13925599999999999 0.33690900000000001 0.23008600000000001 0 0.14119899999999996 0.22366199999999997 0.13925599999999999 0.012312 0.012525 0.011617000000000001 0.10666000000000003 0.18893100000000002 0.10611899999999995 0.003529 0.0036469999999999996 0.003444 0.00082599999999999991 0.00080699999999999999 0.00077900000000000007 10.473316319465097 10.473316319465097 10.473316319465097 0.0039989649945528479 0.0039989649945528479 0.0039989649945528479 1 1 1 Converged Converged Converged OK OK OK 81 81 81 81 81 81 7 7 7 0 0 0 0 1 0 0 1
8 8 uniform 0 0 85 0 0.0001 1.0591431915742986 0.090057087844309255 0.0046126106867687023 -0.13960540026925761 0.34598276440599413 -0.14052792240661136 0 0.22803100138015231 10.265378173571646 OK 14 13 0.55105499999999996 0.55378099999999997 0.179947 0.37071500000000002 0.372081 0 0.18033999999999994 0.18169999999999997 0.179947 0.013407000000000001 0.013349 0.012701 0.12558600000000006 0.12620799999999993 0.12572799999999998 0.0050529999999999993 0.0052960000000000004 0.0051900000000000002 0.001304 0.001328 0.001333 10.265378971025182 10.265378971025182 10.265378971025182 0.00072539079692623184 0.00072539079692623184 0.00072539079692623184 1 1 1 Converged Converged Converged OK OK OK 113 113 113 113 113 113 7 7 7 0 0 0 0 0 1 0 0
8 8 uniform 0 7 85 1 0.0001 1.0591431915742986 0.090057087844309255 0.0046126106867687023 -0.13960540026925761 0.34598276440599413 -0.13996638719256993 0 0.22746946616611091 10.445006380352769 OK 14 13 0.53694500000000001 0.56624099999999999 0.16259899999999999 0.36736200000000002 0.25973499999999999 0 0.16958299999999998 0.306506 0.16259899999999999 0.012518 0.012307999999999999 0.011585 0.12565599999999993 0.25765599999999994 0.12112699999999996 0.0053 0.006594 0.0050610000000000004 0.0012789999999999998 0.0012460000000000001 0.0012409999999999999 10.445007182446432 10.445007182446432 10.445007182446432 0.00084355197858405927 0.00084355197858405927 0.00084355197858405927 1 1 1 Converged Converged Converged OK OK OK 113 113 113 113 113 113 7 7 7 0 0 0 0 1 0 0 1
8 8 uniform 0 15 85 2 0.0001 1.0591431915742986 0.090057087844309255 0.0046126106867687023 -0.13960540026925761 0.34598276440599413 -0.13932463266223691 0 0.22682771163577786 10.526417728563162 OK 14 13 0.56843299999999997 0.61822600000000005 0.197023 0.36823099999999998 0.25435200000000002 0 0.20020199999999999 0.36387400000000003 0.197023 0.012475999999999999 0.012487 0.011620999999999999 0.15161699999999995 0.31473900000000005 0.15037000000000003 0.0057590000000000002 0.0062290000000000002 0.0056350000000000003 0.0012470000000000001 0.0012830000000000001 0.0012419999999999998 10.5264183879525 10.5264183879525 10.5264183879525 0.00088086047593004344 0.00088086047593004344 0.00088086047593004344 1 1 1 Converged Converged Converged OK OK OK 121 121 121 121 121 121 7 7 7 0 0 0 0 1 0 0 1
8 8 uniform 0 23 85 3 0.0001 1.0591431915742986 0.090057087844309255 0.0046126106867687023 -0.13960540026925761 0.34598276440599413 -0.13868287813190386 0 0.22618595710544481 10.473315572646683 OK 14 13 0.52949500000000005 0.51289899999999999 0.188744 0.33806599999999998 0.23383899999999999 0 0.19142900000000007 0.27905999999999997 0.188744 0.012345999999999999 0.012531 0.011664000000000001 0.14837599999999998 0.23554700000000001 0.14686399999999997 0.0053330000000000001 0.0054749999999999998 0.0050959999999999998 0.001235 0.0012569999999999999 0.0012070000000000002 10.473316191214096 10.473316191214096 10.473316191214096 0.00091962431898441534 0.00091962431898441534 0.00091962431898441534 1 1 1 Converged Converged Converged OK OK OK 113 113 113 113 113 113 7 7 7 0 0 0 0 1 0 0 1
8 8 uniform 1 0 86 0 0.001 1.0591431915742986 0.090057087844309255 0.0046126106867687023 -0.14623113908594873 -0.31802297628987392 -0.14715366122330248 0 0.23465674019684346 3.5566386734392132 OK 14 13 0.43136000000000002 0.429423 0.11926100000000001 0.31054500000000002 0.309091 0 0.12081500000000001 0.12033199999999999 0.11926100000000001 0.012617 0.012335 0.011972 0.083380999999999955 0.083534999999999984 0.082962000000000008 0.003156 0.0030929999999999998 0.0030589999999999997 0.00090700000000000004 0.00086399999999999997 0.0008879999999999999 3.5566378231280682 3.5566378231280682 3.5566378231280682 0.0012801302593803414 0.0012801302593803414 0.0012801302593803414 1 1 1 Converged Converged Converged OK OK OK 74 74 74 74 74 74 6 6 6 0 0 0 0 0 1 0 0
8 8 uniform 1 7 86 1 0.001 1.0591431915742986 0.090057087844309255 0.0046126106867687023 -0.14623113908594873 -0.31802297628987392 -0.14659212600926105 0 0.23409520498280201 4.1617421186314871 OK 14 13 0.43086400000000002 0.40406700000000001 0.11057 0.31884699999999999 0.20535300000000001 0 0.11201700000000003 0.198714 0.11057 0.011478 0.011348 0.010978 0.081288000000000027 0.16823299999999999 0.081066999999999986 0.003052 0.0030340000000000002 0.0029620000000000002 0.0008209999999999999 0.00086699999999999993 0.00079999999999999993 4.1617415534496009 4.1617415534496009 4.1617415534496009 0.0019938103803951199 0.0019938103803951199 0.0019938103803951199 1 1 1 Converged Converged Converged OK OK OK 74 74 74 74 74 74 6 6 6 0 0 0 0 1 0 0 1
8 8 uniform 1 15 86 2 0.001 1.0591431915742986 0.090057087844309255 0.0046126106867687023 -0.14623113908594873 -0.31802297628987392 -0.14595037147892803 0 0.23345345045246901 4.8164638765081049 OK 14 13 0.411686 0.402532 0.105556 0.30469200000000002 0.20233699999999999 0 0.10699399999999998 0.20019500000000001 0.105556 0.011804 0.011823 0.011240999999999999 0.076006999999999977 0.169153 0.07571 0.0030780000000000004 0.0031199999999999999 0.0030609999999999999 0.00078500000000000011 0.00082100000000000012 0.00078700000000000005 4.8164634229801733 4.8164634229801733 4.8164634229801733 0.0033520513181853734 0.0033520513181853734 0.0033520513181853734 1 1 1 Converged Converged Converged OK OK OK 74 74 74 74 74 74 6 6 6 0 0 0 0 1 0 0 1
8 8 uniform 1 23 86 3 0.001 1.0591431915742986 0.090057087844309255 0.0046126106867687023 -0.14623113908594873 -0.31802297628987392 -0.14530861694859498 0 0.23281169592213596 5.429927812982112 OK 14 13 0.41150700000000001 0.37201600000000001 0.11132499999999999 0.29875699999999999 0.18326300000000001 0 0.11275000000000002 0.188753 0.11132499999999999 0.011134 0.011349 0.010540000000000001 0.082765000000000019 0.15787299999999993 0.082302000000000014 0.0030000000000000001 0.0032920000000000002 0.0030540000000000003 0.00077100000000000009 0.00084699999999999999 0.00078600000000000002 5.4299267440685011 5.4299267440685011 5.4299267440685011 0.0051809488578373718 0.0051809488578373718 0.0051809488578373718 1 1 1 Converged Converged Converged OK OK OK 74 74 74 74 74 74 6 6 6 0 0 0 0 1 0 0 1
8 8 uniform 1 0 86 0 0.0001 1.0591431915742986 0.090057087844309255 0.0046126106867687023 -0.14623113908594873 -0.31802297628987392 -0.14715366122330248 0 0.23465674019684346 3.5566386734392132 OK 14 13 0.47506700000000002 0.47508899999999998 0.164879 0.30929699999999999 0.30867600000000001 0 0.16577000000000003 0.16641299999999998 0.164879 0.012485 0.012473 0.012038 0.11306299999999996 0.11358999999999997 0.11277700000000002 0.0051230000000000008 0.0051740000000000006 0.0049940000000000002 0.0012509999999999999 0.0013190000000000001 0.0012359999999999999 3.5566378227375668 3.5566378227375668 3.5566378227375668 0.00023642191443194212 0.00023642191443194212 0.00023642191443194212 1 1 1 Converged Converged Converged OK OK OK 114 114 114 114 114 114 6 6 6 0 0 0 0 0 1 0 0
8 8 uniform 1 7 86 1 0.0001 1.0591431915742986 0.090057087844309255 0.0046126106867687023 -0.14623113908594873 -0.31802297628987392 -0.14659212600926105 0 0.23409520498280201 4.1617421186314871 OK 14 13 0.46846700000000002 0.51998299999999997 0.15134 0.31492599999999998 0.20385 0 0.15354100000000004 0.316133 0.15134 0.011547 0.011695000000000001 0.010935 0.111224 0.27286799999999994 0.11040600000000006 0.0049979999999999998 0.0051770000000000002 0.0049990000000000008 0.001225 0.0012440000000000001 0.0011929999999999998 4.1617415640963813 4.1617415640963813 4.1617415640963813 0.00020268246019875821 0.00020268246019875821 0.00020268246019875821 1 1 1 Converged Converged Converged OK OK OK 114 114 114 114 114 114 6 6 6 0 0 0 0 1 0 0 1
8 8 uniform 1 15 86 2 0.0001 1.0591431915742986 0.090057087844309255 0.0046126106867687023 -0.14623113908594873 -0.31802297628987392 -0.14595037147892803 0 0.23345345045246901 4.8164638765081049 OK 14 13 0.455119 0.51487099999999997 0.14733299999999999 0.30575000000000002 0.197685 0 0.14936899999999997 0.31718599999999997 0.14733299999999999 0.011752 0.011955 0.011159000000000001 0.10705599999999998 0.2743870000000001 0.10601699999999997 0.0049979999999999998 0.0051919999999999996 0.0049629999999999995 0.0012140000000000002 0.0012099999999999999 0.0012100000000000001 4.8164636045868212 4.8164636045868212 4.8164636045868212 0.00022918698399206262 0.00022918698399206262 0.00022918698399206262 1 1 1 Converged Converged Converged OK OK OK 114 114 114 114 114 114 6 6 6 0 0 0 0 1 0 0 1
8 8 uniform 1 23 86 3 0.0001 1.0591431915742986 0.090057087844309255 0.0046126106867687023 -0.14623113908594873 -0.31802297628987392 -0.14530861694859498 0 0.23281169592213596 5.429927812982112 OK 14 13 0.44947100000000001 0.51788599999999996 0.15443799999999999 0.296543 0.18512600000000001 0 0.15292800000000001 0.33275999999999994 0.15443799999999999 0.011209 0.011276 0.01064 0.11106900000000003 0.29064599999999996 0.11381699999999995 0.0051019999999999998 0.0050520000000000001 0.0049559999999999995 0.0011640000000000001 0.0012099999999999999 0.0011849999999999999 5.4299276713057605 5.4299276713057605 5.4299276713057605 0.00027594114537871729 0.00027594114537871729 0.00027594114537871729 1 1 1 Converged Converged Converged OK OK OK 114 114 114 114 114 114 6 6 6 0 0 0 0 1 0 0 1
8 8 uniform 2 0 87 0 0.001 1.0591431915742986 0.090057087844309255 0.0046126106867687023 0.058242364702311256 0.012461739041868916 0.057319842564957514 0 0.030183236408583454 13.817094259511293 OK 13 12 0.38242399999999999 0.37990299999999999 0.089617000000000002 0.291408 0.289385 0 0.091015999999999986 0.090517999999999987 0.089617000000000002 0.010028 0.010099 0.0096830000000000006 0.064694999999999975 0.064520999999999981 0.064278999999999989 0.0021690000000000004 0.0021460000000000003 0.0021029999999999998 0.00057300000000000005 0.00058599999999999993 0.00055099999999999995 13.817096026743815 13.817096026743815 13.817096026743815 0.004029523349293589 0.004029523349293589 0.004029523349293589 1 1 1 Converged Converged Converged OK OK OK 45 45 45 45 45 45 3 3 3 0 0 0 0 0 1 0 0
8 8 uniform 2 7 87 1 0.001 1.0591431915742986 0.090057087844309255 0.0046126106867687023 0.058242364702311256 0.012461739041868916 0.057881377778998926 0 0.029621701194542042 14.064534187537593 OK 13 12 0.37835400000000002 0.30614200000000003 0.089538000000000006 0.28733300000000001 0.16955200000000001 0 0.091021000000000019 0.13659000000000002 0.089538000000000006 0.0092680000000000002 0.009476 0.0088360000000000001 0.067798000000000011 0.11339999999999999 0.067230999999999999 0.0021220000000000002 0.0022060000000000001 0.0021229999999999999 0.00057499999999999999 0.00055400000000000002 0.00053799999999999996 14.064535640604317 14.064535640604317 14.064535640604317 0.0040328873183513884 0.0040328873183513884 0.0040328873183513884 1 1 1 Converged Converged Converged OK OK OK 45 45 45 45 45 45 3 3 3 0 0 0 0 1 0 0 1
8 8 uniform 2 15 87 2 0.001 1.0591431915742986 0.090057087844309255 0.0046126106867687023 0.058242364702311256 0.012461739041868916 0.058523132309331961 0 0.028979946664209007 14.352853804012236 OK 13 12 0.37368499999999999 0.30938500000000002 0.088820999999999997 0.280584 0.165882 0 0.093100999999999989 0.14350300000000002 0.088820999999999997 0.0092680000000000002 0.0093550000000000005 0.0087889999999999999 0.06978899999999999 0.12019099999999998 0.066586000000000006 0.0021540000000000001 0.002235 0.0021380000000000001 0.00055000000000000003 0.00057600000000000001 0.00054200000000000006 14.352855349223768 14.352855349223768 14.352855349223768 0.0040265294992911224 0.0040265294992911224 0.0040265294992911224 1 1 1 Converged Converged Converged OK OK OK 45 45 45 45 45 45 3 3 3 0 0 0 0 1 0 0 1
8 8 uniform 2 23 87 3 0.001 1.0591431915742986 0.090057087844309255 0.0046126106867687023 0.058242364702311256 0.012461739041868916 0.059164886839664997 0 0.028338192133875971 14.646723126970125 OK 13 12 0.37520599999999998 0.30249500000000001 0.087318000000000007 0.28109600000000001 0.16989699999999999 0 0.094109999999999971 0.13259800000000002 0.087318000000000007 0.0093880000000000005 0.0093970000000000008 0.0087740000000000005 0.070466000000000015 0.10937400000000001 0.065127999999999991 0.0021530000000000004 0.0021590000000000003 0.0021449999999999998 0.00057399999999999997 0.00055800000000000001 0.00054100000000000003 14.646724762695673 14.646724762695673 14.646724762695673 0.0040074635469391868 0.0040074635469391868 0.0040074635469391868 1 1 1 Converged Converged Converged OK OK OK 45 45 45 45 45 45 3 3 3 0 0 0 0 1 0 0 1
8 8 uniform 2 0 87 0 0.0001 1.0591431915742986 0.090057087844309255 0.0046126106867687023 0.058242364702311256 0.012461739041868916 0.057319842564957514 0 0.030183236408583454 13.817094259511293 OK 13 12 0.40141399999999999 0.397287 0.107808 0.287601 0.288831 0 0.113813 0.108456 0.107808 0.010187999999999999 0.010059 0.0099030000000000003 0.081495000000000012 0.076806999999999973 0.07664399999999999 0.0030470000000000002 0.0030469999999999998 0.0029620000000000002 0.00067099999999999994 0.00066100000000000002 0.00066200000000000005 13.817096029641377 13.817096029641377 13.817096029641377 9.033950393903669e-05 9.033950393903669e-05 9.033950393903669e-05 1 1 1 Converged Converged Converged OK OK OK 61 61 61 61 61 61 3 3 3 0 0 0 0 0 1 0 0
8 8 uniform 2 7 87 1 0.0001 1.0591431915742986 0.090057087844309255 0.0046126106867687023 0.058242364702311256 0.012461739041868916 0.057881377778998926 0 0.029621701194542042 14.064534187537593 OK 13 12 0.396532 0.360126 0.10664899999999999 0.288356 0.16938300000000001 0 0.10817599999999999 0.190743 0.10664899999999999 0.0093989999999999994 0.0094439999999999993 0.0088710000000000004 0.079877000000000017 0.16239000000000001 0.079415999999999973 0.0029550000000000002 0.0030490000000000001 0.0029390000000000002 0.00067699999999999998 0.00069000000000000008 0.00065200000000000002 14.064535644394018 14.064535644394018 14.064535644394018 9.0290115290988024e-05 9.0290115290988024e-05 9.0290115290988024e-05 1 1 1 Converged Converged Converged OK OK OK 61 61 61 61 61 61 3 3 3 0 0 0 0 1 0 0 1
8 8 uniform 2 15 87 2 0.0001 1.0591431915742986 0.090057087844309255 0.0046126106867687023 0.058242364702311256 0.012461739041868916 0.058523132309331961 0 0.028979946664209007 14.352853804012236 OK 13 12 0.38825500000000002 0.375973 0.107251 0.282418 0.16741500000000001 0 0.10583700000000001 0.20855799999999999 0.107251 0.0094319999999999994 0.0094409999999999997 0.0088610000000000008 0.077476000000000031 0.18015199999999998 0.079806999999999989 0.0029589999999999998 0.003065 0.002967 0.00066500000000000001 0.00067400000000000001 0.00066299999999999996 14.352855354254308 14.352855354254308 14.352855354254308 9.0234353330383306e-05 9.0234353330383306e-05 9.0234353330383306e-05 1 1 1 Converged Converged Converged OK OK OK 61 61 61 61 61 61 3 3 3 0 0 0 0 1 0 0 1
8 8 uniform 2 23 87 3 0.0001 1.0591431915742986 0.090057087844309255 0.0046126106867687023 0.058242364702311256 0.012461739041868916 0.059164886839664997 0 0.028338192133875971 14.646723126970125 OK 13 12 0.39049800000000001 0.37038300000000002 0.10448200000000001 0.28430800000000001 0.170512 0 0.10619000000000001 0.19987100000000002 0.10448200000000001 0.0092359999999999994 0.0094629999999999992 0.0088179999999999994 0.078096000000000013 0.17158999999999996 0.077498999999999985 0.0029870000000000001 0.003009 0.0029510000000000005 0.00066800000000000008 0.00067100000000000005 0.00065199999999999991 14.646724769245685 14.646724769245685 14.646724769245685 9.0179303892855153e-05 9.0179303892855153e-05 9.0179303892855153e-05 1 1 1 Converged Converged Converged OK OK OK 61 61 61 61 61 61 3 3 3 0 0 0 0 1 0 0 1
8 8 uniform 3 0 88 0 0.001 1.0591431915742986 0.090057087844309255 0.0046126106867687023 0.11129207656912495 -0.18385800770669031 0.11036955443177121 0 -0.022866475458230243 14.800359676323479 OK 15 14 0.35049999999999998 0.35480600000000001 0.116759 0.23269000000000001 0.237042 0 0.11780999999999997 0.11776400000000001 0.116759 0.014362 0.01453 0.01383 0.075059000000000001 0.075136999999999995 0.074822 0.0037140000000000003 0.0036479999999999998 0.0036420000000000003 0.00091999999999999992 0.00091600000000000015 0.00092299999999999999 14.800359496523383 14.800359496523383 14.800359496523383 0.0073713424382564272 0.0073713424382564272 0.0073713424382564272 1 1 1 Converged Converged Converged OK OK OK 75 75 75 75 75 75 5 5 5 0 0 0 0 0 1 0 0
8 8 uniform 3 7 88 1 0.001 1.0591431915742986 0.090057087844309255 0.0046126106867687023 0.11129207656912495 -0.18385800770669031 0.11093108964581261 0 -0.02342801067227164 15.145113730016124 OK 15 14 0.36155599999999999 0.41610200000000003 0.108183 0.25124299999999999 0.18199199999999999 0 0.11031299999999999 0.23411000000000004 0.108183 0.013632999999999999 0.013461000000000001 0.012782 0.073701000000000016 0.19770199999999996 0.073028000000000037 0.0036669999999999997 0.0037420000000000001 0.0036160000000000003 0.00091800000000000009 0.00090600000000000001 0.00087800000000000009 15.145113556667221 15.145113556667221 15.145113556667221 0.0079632214363727066 0.0079632214363727066 0.0079632214363727066 1 1 1 Converged Converged Converged OK OK OK 75 75 75 75 75 75 5 5 5 0 0 0 0 1 0 0 1
8 8 uniform 3 15 88 2 0.001 1.0591431915742986 0.090057087844309255 0.0046126106867687023 0.11129207656912495 -0.18385800770669031 0.11157284417614564 0 -0.024069765202604676 15.589705186919304 OK 15 14 0.33205099999999999 0.38877600000000001 0.105549 0.224888 0.145957 0 0.10716299999999998 0.24281900000000001 0.105549 0.013481999999999999 0.013499000000000001 0.012727 0.070815999999999976 0.205986 0.070594000000000018 0.0036059999999999998 0.0037549999999999997 0.0036360000000000003 0.00088200000000000008 0.00090499999999999999 0.00088100000000000006 15.589704991792408 15.589704991792408 15.589704991792408 0.008797618032215614 0.008797618032215614 0.008797618032215614 1 1 1 Converged Converged Converged OK OK OK 75 75 75 75 75 75 5 5 5 0 0 0 0 1 0 0 1
8 8 uniform 3 23 88 3 0.001 1.0591431915742986 0.090057087844309255 0.0046126106867687023 0.11129207656912495 -0.18385800770669031 0.11221459870647868 0 -0.024711519732937712 16.103601316106804 OK 15 14 0.34384500000000001 0.40251900000000002 0.107915 0.234545 0.16906499999999999 0 0.10930000000000001 0.23345400000000002 0.107915 0.013448 0.013491 0.012694 0.073152999999999996 0.19711999999999991 0.072857000000000019 0.0035739999999999995 0.003784 0.0035529999999999997 0.00090600000000000012 0.00091999999999999992 0.00087100000000000003 16.103601100808781 16.103601100808781 16.103601100808781 0.0098732226011395818 0.0098732226011395818 0.0098732226011395818 1 1 1 Converged Converged Converged OK OK OK 75 75 75 75 75 75 5 5 5 0 0 0 0 1 0 0 1
8 8 uniform 3 0 88 0 0.0001 1.0591431915742986 0.090057087844309255 0.0046126106867687023 0.11129207656912495 -0.18385800770669031 0.11036955443177121 0 -0.022866475458230243 14.800359676323479 OK 15 14 0.386542 0.387013 0.15045600000000001 0.23521 0.23135900000000001 0 0.15133199999999999 0.15565399999999999 0.15045600000000001 0.014423999999999999 0.014383 0.013842 0.096350000000000019 0.10036500000000001 0.096073999999999965 0.0052759999999999994 0.0054289999999999998 0.0052610000000000001 0.0011459999999999999 0.0011980000000000001 0.0011609999999999999 14.800359494523939 14.800359494523939 14.800359494523939 0.0011277584439350341 0.0011277584439350341 0.0011277584439350341 1 1 1 Converged Converged Converged OK OK OK 107 107 107 107 107 107 5 5 5 0 0 0 0 0 1 0 0
8 8 uniform 3 7 88 1 0.0001 1.0591431915742986 0.090057087844309255 0.0046126106867687023 0.11129207656912495 -0.18385800770669031 0.11093108964581261 0 -0.02342801067227164 15.145113730016124 OK 15 14 0.39221099999999998 0.53842299999999998 0.13900100000000001 0.251357 0.180644 0 0.14085399999999998 0.35777899999999996 0.13900100000000001 0.013491 0.013465 0.01277 0.094636999999999957 0.311247 0.094027999999999959 0.0053909999999999991 0.0054390000000000003 0.0052890000000000003 0.0011369999999999998 0.0011530000000000002 0.0011259999999999998 15.145113554504931 15.145113554504931 15.145113554504931 0.0011276948335305116 0.0011276948335305116 0.0011276948335305116 1 1 1 Converged Converged Converged OK OK OK 107 107 107 107 107 107 5 5 5 0 0 0 0 1 0 0 1
8 8 uniform 3 15 88 2 0.0001 1.0591431915742986 0.090057087844309255 0.0046126106867687023 0.11129207656912495 -0.18385800770669031 0.11157284417614564 0 -0.024069765202604676 15.589705186919304 OK 15 14 0.36582799999999999 0.50030600000000003 0.14047899999999999 0.22722899999999999 0.147038 0 0.138599 0.35326800000000003 0.14047899999999999 0.013538 0.013459 0.012806 0.092289999999999983 0.306556 0.091983999999999969 0.0053860000000000002 0.0054620000000000007 0.0053169999999999997 0.0011409999999999999 0.0011560000000000001 0.001116 15.589704989338854 15.589704989338854 15.589704989338854 0.0011276142698545166 0.0011276142698545166 0.0011276142698545166 1 1 1 Converged Converged Converged OK OK OK 107 107 107 107 107 107 5 5 5 0 0 0 0 1 0 0 1
8 8 uniform 3 23 88 3 0.0001 1.0591431915742986 0.090057087844309255 0.0046126106867687023 0.11129207656912495 -0.18385800770669031 0.11221459870647868 0 -0.024711519732937712 16.103601316106804 OK 15 14 0.37589699999999998 0.50722500000000004 0.14035800000000001 0.23400599999999999 0.165715 0 0.14189099999999999 0.34151000000000004 0.14035800000000001 0.013376000000000001 0.013559999999999999 0.012775 0.096009999999999956 0.29490899999999998 0.095638000000000056 0.0053730000000000002 0.0055980000000000005 0.0052620000000000002 0.0011369999999999998 0.0011590000000000001 0.001132 16.103601097849399 16.103601097849399 16.103601097849399 0.0011275276462152138 0.0011275276462152138 0.0011275276462152138 1 1 1 Converged Converged Converged OK OK OK 107 107 107 107 107 107 5 5 5 0 0 0 0 1 0 0 1
8 8 uniform 4 0 89 0 0.001 1.0591431915742986 0.090057087844309255 0.0046126106867687023 0.16901105009340453 0.21262617219276847 0.16808852795605078 0 -0.080585448982509814 3.2125424329626022 OK 13 12 0.283277 0.28760400000000003 0.068763000000000005 0.21284700000000001 0.21793999999999999 0 0.070429999999999993 0.069664000000000031 0.068763000000000005 0.0091979999999999996 0.0088850000000000005 0.0086789999999999992 0.044839999999999991 0.044681999999999993 0.044327999999999979 0.0022690000000000002 0.0022230000000000001 0.0021259999999999999 0.00056099999999999998 0.00056700000000000001 0.00056099999999999998 3.2125424119184931 3.2125424119184931 3.2125424119184931 0.0011184932734518149 0.0011184932734518149 0.0011184932734518149 1 1 1 Converged Converged Converged OK OK OK 45 45 45 45 45 45 3 3 3 0 0 0 0 0 1 0 0
8 8 uniform 4 7 89 1 0.001 1.0591431915742986 0.090057087844309255 0.0046126106867687023 0.16901105009340453 0.21262617219276847 0.16865006317009221 0 -0.081146984196551239 3.2110475220817074 OK 13 12 0.28778900000000002 0.27551999999999999 0.065513000000000002 0.22072 0.15002699999999999 0 0.067069000000000017 0.12549299999999999 0.065513000000000002 0.008182 0.0083359999999999997 0.0076569999999999997 0.044785999999999992 0.10314499999999997 0.044243999999999999 0.0022160000000000001 0.002215 0.0021699999999999996 0.00056599999999999999 0.00057899999999999998 0.00054299999999999997 3.2110475010508899 3.2110475010508899 3.2110475010508899 0.0011178750016704302 0.0011178750016704302 0.0011178750016704302 1 1 1 Converged Converged Converged OK OK OK 45 45 45 45 45 45 3 3 3 0 0 0 0 1 0 0 1
8 8 uniform 4 15 89 2 0.001 1.0591431915742986 0.090057087844309255 0.0046126106867687023 0.16901105009340453 0.21262617219276847 0.16929181770042523 0 -0.081788738726884261 3.2093156193882626 OK 13 12 0.30367 0.28485500000000002 0.066736000000000004 0.23516000000000001 0.16202 0 0.068509999999999988 0.12283500000000003 0.066736000000000004 0.0081729999999999997 0.0081919999999999996 0.0076410000000000002 0.046121999999999989 0.10069799999999998 0.045685000000000003 0.002235 0.0022260000000000001 0.0021380000000000001 0.00054900000000000001 0.00054800000000000009 0.00055100000000000006 3.2093155983725969 3.2093155983725969 3.2093155983725969 0.0011171614963641444 0.0011171614963641444 0.0011171614963641444 1 1 1 Converged Converged Converged OK OK OK 45 45 45 45 45 45 3 3 3 0 0 0 0 1 0 0 1
8 8 uniform 4 23 89 3 0.001 1.0591431915742986 0.090057087844309255 0.0046126106867687023 0.16901105009340453 0.21262617219276847 0.16993357223075828 0 -0.08243049325721731 3.2075589063545484 OK 13 12 0.265737 0.260015 0.067494999999999999 0.19696900000000001 0.130602 0 0.068767999999999996 0.129413 0.067494999999999999 0.0082559999999999995 0.0082970000000000006 0.00762 0.046655000000000002 0.10701999999999996 0.046436999999999999 0.0021590000000000003 0.0022439999999999999 0.0021359999999999999 0.00055699999999999999 0.00055199999999999997 0.00055000000000000003 3.2075588853217174 3.2075588853217174 3.2075588853217174 0.0011164406969994538 0.0011164406969994538 0.0011164406969994538 1 1 1 Converged Converged Converged OK OK OK 45 45 45 45 45 45 3 3 3 0 0 0 0 1 0 0 1
8 8 uniform 4 0 89 0 0.0001 1.0591431915742986 0.090057087844309255 0.0046126106867687023 0.16901105009340453 0.21262617219276847 0.16808852795605078 0 -0.080585448982509814 3.2125424329626022 OK 13 12 0.29987799999999998 0.29908699999999999 0.083963999999999997 0.213778 0.21404500000000001 0 0.086099999999999982 0.085041999999999979 0.083963999999999997 0.0091170000000000001 0.0088199999999999997 0.0086289999999999995 0.054944000000000014 0.054557000000000001 0.054076000000000027 0.0031329999999999999 0.003065 0.0029940000000000001 0.00069300000000000004 0.00068099999999999996 0.0006730000000000001 3.2125424118188435 3.2125424118188435 3.2125424118188435 0.00026562454673300924 0.00026562454673300924 0.00026562454673300924 1 1 1 Converged Converged Converged OK OK OK 61 61 61 61 61 61 3 3 3 0 0 0 0 0 1 0 0
8 8 uniform 4 7 89 1 0.0001 1.0591431915742986 0.090057087844309255 0.0046126106867687023 0.16901105009340453 0.21262617219276847 0.16865006317009221 0 -0.081146984196551239 3.2110475220817074 OK 13 12 0.30139199999999999 0.333123 0.079880000000000007 0.21973500000000001 0.14996000000000001 0 0.08165699999999998 0.18316299999999999 0.079880000000000007 0.0082690000000000003 0.0081969999999999994 0.0076909999999999999 0.054505999999999992 0.15565900000000002 0.053866999999999991 0.0030280000000000003 0.0033220000000000003 0.0030279999999999999 0.00067699999999999998 0.00069200000000000002 0.00066100000000000002 3.2110475009510511 3.2110475009510511 3.2110475009510511 0.00026547399368428558 0.00026547399368428558 0.00026547399368428558 1 1 1 Converged Converged Converged OK OK OK 61 61 61 61 61 61 3 3 3 0 0 0 0 1 0 0 1
8 8 uniform 4 15 89 2 0.0001 1.0591431915742986 0.090057087844309255 0.0046126106867687023 0.16901105009340453 0.21262617219276847 0.16929181770042523 0 -0.081788738726884261 3.2093156193882626 OK 13 12 0.31706000000000001 0.35406300000000002 0.081724000000000005 0.23411100000000001 0.15642800000000001 0 0.082948999999999995 0.19763500000000001 0.081724000000000005 0.0081989999999999997 0.0082089999999999993 0.007633 0.055981999999999983 0.170019 0.055572000000000003 0.0030249999999999999 0.0030699999999999998 0.002996 0.00067100000000000005 0.00070100000000000002 0.00066 3.2093155982725006 3.2093155982725006 3.2093155982725006 0.00026529813126852049 0.00026529813126852049 0.00026529813126852049 1 1 1 Converged Converged Converged OK OK OK 61 61 61 61 61 61 3 3 3 0 0 0 0 1 0 0 1
8 8 uniform 4 23 89 3 0.0001 1.0591431915742986 0.090057087844309255 0.0046126106867687023 0.16901105009340453 0.21262617219276847 0.16993357223075828 0 -0.08243049325721731 3.2075589063545484 OK 13 12 0.28294799999999998 0.30319099999999999 0.082687999999999998 0.19556899999999999 0.12445299999999999 0 0.087378999999999984 0.17873800000000001 0.082687999999999998 0.0081910000000000004 0.0083020000000000004 0.0076169999999999996 0.060208000000000005 0.151223 0.056611000000000002 0.002996 0.003202 0.002947 0.000696 0.00068099999999999996 0.00066600000000000003 3.2075588852213608 3.2075588852213608 3.2075588852213608 0.00026511825276355396 0.00026511825276355396 0.00026511825276355396 1 1 1 Converged Converged Converged OK OK OK 61 61 61 61 61 61 3 3 3 0 0 0 0 1 0 0 1
9 9 linear 0 0 90 0 0.001 0.57986328980431667 0.0010079841577647793 5.470597280025246e-05 0.00034011061164707996 -1.4627614881075637e-05 0.00032916941708702944 0.5 0.00025473502627652985 12357.078591858435 OK 15 14 1.3120559999999999 1.3060240000000001 0.466748 0.83562400000000003 0.83224699999999996 0 0.47643199999999986 0.47377700000000011 0.466748 0.017302000000000001 0.017689 0.016840999999999998 0.40846199999999999 0.40401900000000002 0.39852500000000024 0.0073480000000000012 0.0078729999999999998 0.0077499999999999991 0.00125 0.0012409999999999999 0.0012410000000000001 12356.217312071116 12356.217312071116 12356.217312071116 10.21391272680123 10.21391272680123 10.21391272680123 1 1 1 Converged Converged Converged OK OK OK 135 135 135 135 135 135 9 9 9 0 0 0 0 0 1 0 0
9 9 linear 0 7 90 1 0.001 0.57986328980431667 0.0010079841577647793 5.470597280025246e-05 0.00034011061164707996 -1.4627614881075637e-05 0.00033582927464532108 0.5 0.00024807516871823822 11900.736181149905 OK 15 14 0.98696700000000004 0.95721100000000003 0.44925599999999999 0.52562900000000001 0.39111699999999999 0 0.46133800000000003 0.5660940000000001 0.44925599999999999 0.016126000000000001 0.015810000000000001 0.015032 0.40393400000000018 0.50951300000000022 0.39544599999999996 0.0085070000000000007 0.0079869999999999993 0.0074329999999999995 0.00132 0.0012900000000000001 0.001212 11900.512501888923 11900.512501888923 11900.512501888923 10.008152965578562 10.008152965578562 10.008152965578562 1 1 1 Converged Converged Converged OK OK OK 135 135 135 135 135 135 9 9 9 0 0 0 0 1 0 0 1
9 9 linear 0 15 90 2 0.001 0.57986328980431667 0.0010079841577647793 5.470597280025246e-05 0.00034011061164707996 -1.4627614881075637e-05 0.00034344054042622578 0.5 0.00024046390293733352 11346.750582317942 OK 15 14 1.0290220000000001 0.98618300000000003 0.44320399999999999 0.57443200000000005 0.42660900000000002 0 0.45459000000000005 0.55957400000000002 0.44320399999999999 0.015959000000000001 0.016229 0.015140000000000001 0.39931899999999998 0.50163800000000003 0.38949400000000006 0.0073340000000000002 0.0087390000000000002 0.0073119999999999999 0.001219 0.0013570000000000001 0.0012079999999999999 11346.566927228521 11346.566927228521 11346.566927228521 9.7837239453033416 9.7837239453033416 9.7837239453033416 1 1 1 Converged Converged Converged OK OK OK 135 135 135 135 135 135 9 9 9 0 0 0 0 1 0 0 1
9 9 linear 0 23 90 3 0.001 0.57986328980431667 0.0010079841577647793 5.470597280025246e-05 0.00034011061164707996 -1.4627614881075637e-05 0.00035105180620713047 0.5 0.00023285263715642883 10768.730810894915 OK 15 14 1.2492350000000001 1.2175260000000001 0.44687900000000003 0.79219799999999996 0.64749800000000002 0 0.45703700000000014 0.57002800000000009 0.44687900000000003 0.016253 0.016285000000000001 0.015421000000000001 0.40078600000000003 0.51323700000000005 0.3927270000000001 0.0079120000000000006 0.0080219999999999996 0.0073340000000000002 0.001256 0.0012879999999999999 0.0011220000000000002 10768.602424849085 10768.602424849085 10768.602424849085 9.5743517595137728 9.5743517595137728 9.5743517595137728 1 1 1 Converged Converged Converged OK OK OK 135 135 135 135 135 135 9 9 9 0 0 0 0 1 0 0 1
9 9 linear 0 0 90 0 0.0001 0.57986328980431667 0.0010079841577647793 5.470597280025246e-05 0.00034011061164707996 -1.4627614881075637e-05 0.00032916941708702944 0.5 0.00025473502627652985 12357.078591858435 OK 15 14 1.5970219999999999 1.582822 0.74276900000000001 0.83391000000000004 0.83441200000000004 0 0.7631119999999999 0.74840999999999991 0.74276900000000001 0.017536 0.017462999999999999 0.016951999999999998 0.65233599999999936 0.63531799999999994 0.63352299999999973 0.018096000000000001 0.019455 0.018023000000000001 0.0019260000000000004 0.0019580000000000001 0.001916 12356.42944168897 12356.42944168897 12356.42944168897 0.82284646819615936 0.82284646819615936 0.82284646819615936 1 1 1 Converged Converged Converged OK OK OK 223 223 223 223 223 223 9 9 9 0 0 0 0 0 1 0 0
9 9 linear 0 7 90 1 0.0001 0.57986328980431667 0.0010079841577647793 5.470597280025246e-05 0.00034011061164707996 -1.4627614881075637e-05 0.00033582927464532108 0.5 0.00024807516871823822 11900.736181149905 OK 15 14 1.2543169999999999 1.3141130000000001 0.71508799999999995 0.52502499999999996 0.38650800000000002 0 0.72929199999999994 0.92760500000000001 0.71508799999999995 0.015935000000000001 0.016218 0.015324000000000001 0.64270599999999989 0.83776100000000009 0.62817299999999976 0.016927000000000001 0.018450000000000001 0.017620999999999998 0.0018320000000000001 0.001939 0.0018390000000000001 11900.721683069454 11900.721683069454 11900.721683069454 0.82015400285417872 0.82015400285417872 0.82015400285417872 1 1 1 Converged Converged Converged OK OK OK 223 223 223 223 223 223 9 9 9 0 0 0 0 1 0 0 1
9 9 linear 0 15 90 2 0.0001 0.57986328980431667 0.0010079841577647793 5.470597280025246e-05 0.00034011061164707996 -1.4627614881075637e-05 0.00034344054042622578 0.5 0.00024046390293733352 11346.750582317942 OK 15 14 1.2994490000000001 1.354193 0.70903400000000005 0.56865699999999997 0.426348 0 0.73079200000000011 0.92784500000000003 0.70903400000000005 0.015885 0.016046999999999999 0.015143 0.64338599999999924 0.83858599999999939 0.62304800000000016 0.016926 0.018223000000000003 0.017204999999999998 0.001779 0.0019970000000000001 0.0018300000000000002 11346.772844122899 11346.772844122899 11346.772844122899 0.81812009004428288 0.81812009004428288 0.81812009004428288 1 1 1 Converged Converged Converged OK OK OK 223 223 223 223 223 223 9 9 9 0 0 0 0 1 0 0 1
9 9 linear 0 23 90 3 0.0001 0.57986328980431667 0.0010079841577647793 5.470597280025246e-05 0.00034011061164707996 -1.4627614881075637e-05 0.00035105180620713047 0.5 0.00023285263715642883 10768.730810894915 OK 15 14 1.5235430000000001 1.5909089999999999 0.70895900000000001 0.79629799999999995 0.65333200000000002 0 0.72724500000000014 0.93757699999999988 0.70895900000000001 0.016305 0.016382000000000001 0.015375 0.64006799999999975 0.8443959999999997 0.62349599999999994 0.017042000000000002 0.018043 0.017085999999999997 0.0017740000000000002 0.0018119999999999998 0.0017390000000000001 10768.805186014584 10768.805186014584 10768.805186014584 0.81723839181213476 0.81723839181213476 0.81723839181213476 1 1 1 Converged Converged Converged OK OK OK 223 223 223 223 223 223 9 9 9 0 0 0 0 1 0 0 1
9 9 linear 1 0 91 0 0.001 0.57986328980431667 0.0010079841577647793 5.470597280025246e-05 1.1421851550572601 -0.094480971613871104 1.1421742138627 0.5 -1.1415903094193365 5.2914640945970781 OK 14 13 0.88764699999999996 0.86434500000000003 0.31693199999999999 0.54910999999999999 0.53486699999999998 0 0.33853699999999998 0.32947800000000005 0.31693199999999999 0.068584999999999993 0.068156999999999995 0.066558000000000006 0.23542299999999997 0.2269209999999999 0.21760900000000005 0.005143 0.0053330000000000009 0.0048310000000000002 0.0012890000000000002 0.0013250000000000002 0.001255 5.2914668945063159 5.2914668945063159 5.2914668945063159 0.0043575553759452349 0.0043575553759452349 0.0043575553759452349 1 1 1 Converged Converged Converged OK OK OK 91 91 91 91 91 91 5 5 5 0 0 0 0 0 1 0 0
9 9 linear 1 7 91 1 0.001 0.57986328980431667 0.0010079841577647793 5.470597280025246e-05 1.1421851550572601 -0.094480971613871104 1.1421808737202583 0.5 -1.1415969692768948 6.8129607443341467 OK 14 13 1.1323639999999999 1.0747139999999999 0.321106 0.80300300000000002 0.657169 0 0.3293609999999999 0.41754499999999994 0.321106 0.068906999999999996 0.071845000000000006 0.067031999999999994 0.23360400000000001 0.3185929999999999 0.227547 0.005059000000000001 0.0052089999999999992 0.0052239999999999995 0.0012159999999999999 0.001261 0.001204 6.8129676129205086 6.8129676129066192 6.8129676129205086 0.0065769106623431691 0.0065769106634174963 0.0065769106623431691 1 1 1 Converged Converged Converged OK OK OK 91 91 91 91 91 91 5 5 5 0 0 0 0 1 0 0 1
9 9 linear 1 15 91 2 0.001 0.57986328980431667 0.0010079841577647793 5.470597280025246e-05 1.1421851550572601 -0.094480971613871104 1.1421884849860393 0.5 -1.1416045805426758 8.8238656597605534 OK 14 13 1.1239110000000001 1.1081490000000001 0.46901700000000002 0.65116700000000005 0.58396199999999998 0 0.47274400000000005 0.52418700000000007 0.46901700000000002 0.070539000000000004 0.070693000000000006 0.065894999999999995 0.36371599999999998 0.41501999999999989 0.36594600000000005 0.0079570000000000005 0.0082290000000000002 0.0075449999999999996 0.0015849999999999998 0.0017080000000000001 0.0015299999999999999 8.8238829045514979 8.8238829045550506 8.8238829045514979 0.008002569022102007 0.0080025690036433453 0.008002569022102007 1 1 1 Converged Converged Converged OK OK OK 122 122 122 122 122 122 6 6 6 0 0 0 0 1 0 0 1
9 9 linear 1 23 91 3 0.001 0.57986328980431667 0.0010079841577647793 5.470597280025246e-05 1.1421851550572601 -0.094480971613871104 1.1421960962518203 0.5 -1.1416121918084567 11.436947156802633 OK 14 13 0.91064699999999998 0.91540299999999997 0.32793699999999998 0.58407299999999995 0.51700299999999999 0 0.32657400000000003 0.39839999999999998 0.32793699999999998 0.067634 0.07102 0.064016000000000003 0.23396199999999995 0.30299999999999988 0.23935900000000002 0.0047780000000000001 0.004627 0.0045900000000000003 0.001194 0.0012599999999999998 0.0011839999999999999 11.436977163885159 11.43697716388581 11.436977163885159 0.0102539003197389 0.010253900322987668 0.0102539003197389 1 1 1 Converged Converged Converged OK OK OK 82 82 82 82 82 82 6 6 6 0 0 0 0 1 0 0 1
9 9 linear 1 0 91 0 0.0001 0.57986328980431667 0.0010079841577647793 5.470597280025246e-05 1.1421851550572601 -0.094480971613871104 1.1421742138627 0.5 -1.1415903094193365 5.2914640945970781 OK 14 13 0.99835499999999999 0.99238999999999999 0.44508700000000001 0.54713500000000004 0.53866199999999997 0 0.45121999999999995 0.45372800000000002 0.44508700000000001 0.068904000000000007 0.074564000000000005 0.067199999999999996 0.33032499999999992 0.32657699999999995 0.32595399999999991 0.0077020000000000005 0.0082229999999999994 0.0079759999999999987 0.0017420000000000001 0.0018250000000000002 0.0017389999999999999 5.2914684344973768 5.2914684344973768 5.2914684344973768 6.1840819447452886e-06 6.1840819447452886e-06 6.1840819447452886e-06 1 1 1 Converged Converged Converged OK OK OK 139 139 139 139 139 139 5 5 5 0 0 0 0 0 1 0 0
9 9 linear 1 7 91 1 0.0001 0.57986328980431667 0.0010079841577647793 5.470597280025246e-05 1.1421851550572601 -0.094480971613871104 1.1421808737202583 0.5 -1.1415969692768948 6.8129607443341467 OK 14 13 1.255231 1.2516659999999999 0.44755800000000001 0.80211100000000002 0.66347800000000001 0 0.45311999999999997 0.58818799999999993 0.44755800000000001 0.069891999999999996 0.070690000000000003 0.066378000000000006 0.34276499999999999 0.47678300000000012 0.34146699999999996 0.0079629999999999996 0.0077790000000000003 0.0075470000000000008 0.0017569999999999999 0.001701 0.0016380000000000003 6.8129573647994386 6.8129573647882475 6.8129573647994386 0.00013861908753545434 0.0001386190668806245 0.00013861908753545434 1 1 1 Converged Converged Converged OK OK OK 139 139 139 139 139 139 5 5 5 0 0 0 0 1 0 0 1
9 9 linear 1 15 91 2 0.0001 0.57986328980431667 0.0010079841577647793 5.470597280025246e-05 1.1421851550572601 -0.094480971613871104 1.1421884849860393 0.5 -1.1416045805426758 8.8238656597605534 OK 14 13 1.4559340000000001 1.4467719999999999 0.78347299999999997 0.65054599999999996 0.59113300000000002 0 0.8053880000000001 0.85563899999999993 0.78347299999999997 0.070778999999999995 0.070442000000000005 0.066353999999999996 0.66478600000000032 0.71628300000000067 0.65053300000000036 0.016174999999999998 0.015970000000000002 0.015104999999999999 0.0023509999999999998 0.0022760000000000002 0.0020690000000000001 8.823881577897172 8.8238815778971968 8.823881577897172 0.00064385726480719154 0.00064385726758921095 0.00064385726480719154 1 1 1 Converged Converged Converged OK OK OK 218 218 218 218 218 218 6 6 6 0 0 0 0 1 0 0 1
9 9 linear 1 23 91 3 0.0001 0.57986328980431667 0.0010079841577647793 5.470597280025246e-05 1.1421851550572601 -0.094480971613871104 1.1421960962518203 0.5 -1.1416121918084567 11.436947156802633 OK 14 13 1.1279589999999999 1.1618630000000001 0.53448499999999999 0.58032300000000003 0.51644999999999996 0 0.5476359999999999 0.64541300000000013 0.53448499999999999 0.069539000000000004 0.073707999999999996 0.065031000000000005 0.43309400000000015 0.52634199999999998 0.42282499999999984 0.0093310000000000008 0.0097669999999999996 0.011899 0.0019190000000000001 0.001835 0.0017140000000000002 11.436983235841073 11.436983235842444 11.436983235841073 0.00093796634489915084 0.00093796634150225555 0.00093796634489915084 1 1 1 Converged Converged Converged OK OK OK 146 146 146 146 146 146 6 6 6 0 0 0 0 1 0 0 1
9 9 linear 2 0 92 0 0.001 0.57986328980431667 0.0010079841577647793 5.470597280025246e-05 1.1422862733622734 0.09455346559252209 1.1422753321677133 0.5 -1.1416914277243497 9.5214107015639549 OK 14 13 1.160984 1.146118 0.344532 0.81364899999999996 0.79636099999999999 0 0.34733500000000006 0.34975699999999998 0.344532 0.071040000000000006 0.072442999999999994 0.070935999999999999 0.24482299999999993 0.245893 0.24160999999999994 0.0047100000000000006 0.0048089999999999999 0.0049620000000000003 0.001224 0.0012389999999999999 0.0013320000000000001 9.5214783592397438 9.5214783592397438 9.5214783592397438 0.0073592710335925095 0.0073592710335925095 0.0073592710335925095 1 1 1 Converged Converged Converged OK OK OK 82 82 82 82 82 82 6 6 6 0 0 0 0 0 1 0 0
9 9 linear 2 7 92 1 0.001 0.57986328980431667 0.0010079841577647793 5.470597280025246e-05 1.1422862733622734 0.09455346559252209 1.1422819920252716 0.5 -1.141698087581908 7.2113027691376885 OK 15 14 1.5611520000000001 3.5179119999999999 0.46077299999999999 1.0958019999999999 2.8850530000000001 0 0.46535000000000015 0.63285899999999984 0.46077299999999999 0.116221 0.12928300000000001 0.11278000000000001 0.31433100000000008 0.46120000000000028 0.31352000000000013 0.006019 0.0091270000000000014 0.0061790000000000005 0.001438 0.0026230000000000003 0.0013399999999999996 7.2113120321213202 7.2113120321213202 7.2113120321213202 0.0061893823359879035 0.0061893823359879035 0.0061893823359879035 1 1 1 Converged Converged Converged OK OK OK 97 97 97 97 97 97 7 7 7 0 0 0 0 1 0 0 1
9 9 linear 2 15 92 2 0.001 0.57986328980431667 0.0010079841577647793 5.470597280025246e-05 1.1422862733622734 0.09455346559252209 1.1422896032910526 0.5 -1.141705698847689 4.9262246114946686 OK 14 13 1.114087 1.0473399999999999 0.28958200000000001 0.81355100000000002 0.68700300000000003 0 0.30053600000000003 0.36033699999999991 0.28958200000000001 0.070773000000000003 0.073296 0.067240999999999995 0.20341599999999996 0.25997199999999993 0.19748599999999997 0.0053939999999999995 0.006038 0.004860999999999999 0.001075 0.0011699999999999998 0.001088 4.9261882590599315 4.9261882590526449 4.9261882590599315 0.0033932784387365913 0.0033932784265662936 0.0033932784387365913 1 1 1 Converged Converged Converged OK OK OK 83 83 83 83 83 83 5 5 5 0 0 0 0 1 0 0 1
9 9 linear 2 23 92 3 0.001 0.57986328980431667 0.0010079841577647793 5.470597280025246e-05 1.1422862733622734 0.09455346559252209 1.1422972145568335 0.5 -1.14171331011347 4.1949812819344476 OK 13 12 0.859128 0.77972799999999998 0.19636000000000001 0.65499300000000005 0.51389399999999996 0 0.20413499999999996 0.26583400000000001 0.19636000000000001 0.038893999999999998 0.039689000000000002 0.035153999999999998 0.14421 0.20493199999999998 0.14172299999999996 0.0038739999999999998 0.0042379999999999996 0.0035859999999999998 0.00090200000000000002 0.00084600000000000007 0.00083299999999999997 4.1949786370001716 4.1949786370001716 4.1949786370001716 0.0024759681716171366 0.0024759681716171366 0.0024759681716171366 1 1 1 Converged Converged Converged OK OK OK 61 61 61 61 61 61 3 3 3 0 0 0 0 1 0 0 1
9 9 linear 2 0 92 0 0.0001 0.57986328980431667 0.0010079841577647793 5.470597280025246e-05 1.1422862733622734 0.09455346559252209 1.1422753321677133 0.5 -1.1416914277243497 9.5214107015639549 OK 14 13 1.3797729999999999 1.3853770000000001 0.56391999999999998 0.80919399999999997 0.81267100000000003 0 0.57057899999999995 0.57270600000000005 0.56391999999999998 0.072382000000000002 0.075757000000000005 0.070916000000000007 0.44232000000000021 0.44004500000000007 0.43498699999999996 0.0086049999999999998 0.0096380000000000007 0.0088369999999999994 0.001794 0.0018530000000000003 0.0018859999999999999 9.5214779142052741 9.5214779142052741 9.5214779142052741 0.00058441736958086119 0.00058441736958086119 0.00058441736958086119 1 1 1 Converged Converged Converged OK OK OK 138 138 138 138 138 138 6 6 6 0 0 0 0 0 1 0 0
9 9 linear 2 7 92 1 0.0001 0.57986328980431667 0.0010079841577647793 5.470597280025246e-05 1.1422862733622734 0.09455346559252209 1.1422819920252716 0.5 -1.141698087581908 7.2113027691376885 OK 15 14 1.6830940000000001 3.6609959999999999 0.59001000000000003 1.0887610000000001 2.888709 0 0.594333 0.77228699999999995 0.59001000000000003 0.116734 0.13337199999999999 0.114595 0.42722100000000007 0.58227400000000029 0.42556400000000005 0.0093980000000000018 0.011836999999999999 0.0091629999999999993 0.0019380000000000001 0.002124 0.0019649999999999997 7.2113120430568758 7.2113120430568758 7.2113120430568758 0.00051447923468974787 0.00051447923468974787 0.00051447923468974787 1 1 1 Converged Converged Converged OK OK OK 145 145 145 145 145 145 7 7 7 0 0 0 0 1 0 0 1
9 9 linear 2 15 92 2 0.0001 0.57986328980431667 0.0010079841577647793 5.470597280025246e-05 1.1422862733622734 0.09455346559252209 1.1422896032910526 0.5 -1.141705698847689 4.9262246114946686 OK 14 13 1.2436499999999999 1.199824 0.42056199999999999 0.81664800000000004 0.67570600000000003 0 0.42700199999999988 0.52411799999999997 0.42056199999999999 0.074978000000000003 0.072397000000000003 0.068703 0.31215000000000004 0.41103499999999993 0.31272600000000006 0.0079350000000000011 0.0089110000000000005 0.0076570000000000006 0.0015560000000000001 0.0016450000000000002 0.001619 4.926186929307435 4.9261869292966756 4.926186929307435 6.0785637141077936e-05 6.0785635053652685e-05 6.0785637141077936e-05 1 1 1 Converged Converged Converged OK OK OK 131 131 131 131 131 131 5 5 5 0 0 0 0 1 0 0 1
9 9 linear 2 23 92 3 0.0001 0.57986328980431667 0.0010079841577647793 5.470597280025246e-05 1.1422862733622734 0.09455346559252209 1.1422972145568335 0.5 -1.14171331011347 4.1949812819344476 OK 13 12 0.93645100000000003 0.90979600000000005 0.27719300000000002 0.65468800000000005 0.51622400000000002 0 0.28176299999999999 0.39357200000000003 0.27719300000000002 0.038746999999999997 0.039244000000000001 0.036386000000000002 0.21294999999999989 0.32377899999999987 0.21054300000000001 0.0054249999999999993 0.0057449999999999992 0.0053489999999999996 0.0010919999999999999 0.0011000000000000001 0.001111 4.1949786383516967 4.1949786383516967 4.1949786383516967 7.8387148178663144e-08 7.8387148178663144e-08 7.8387148178663144e-08 1 1 1 Converged Converged Converged OK OK OK 93 93 93 93 93 93 3 3 3 0 0 0 0 1 0 0 1
9 9 linear 3 0 93 0 0.001 0.57986328980431667 0.0010079841577647793 5.470597280025246e-05 1.1473257552380596 0.088664472433862912 1.1473148140434994 0.5 -1.1467309096001359 4.4646232069024654 OK 13 12 0.60971399999999998 0.60604100000000005 0.154641 0.44859599999999999 0.44845400000000002 0 0.16111799999999998 0.15758700000000003 0.154641 0.036273 0.034950000000000002 0.032932000000000003 0.10221400000000003 0.10072400000000001 0.099996000000000002 0.00348 0.0033210000000000002 0.0033290000000000004 0.00071300000000000009 0.000696 0.00068300000000000001 4.4646205997231379 4.4646205997231379 4.4646205997231379 0.002041027035121041 0.002041027035121041 0.002041027035121041 1 1 1 Converged Converged Converged OK OK OK 61 61 61 61 61 61 3 3 3 0 0 0 0 0 1 0 0
9 9 linear 3 7 93 1 0.001 0.57986328980431667 0.0010079841577647793 5.470597280025246e-05 1.1473257552380596 0.088664472433862912 1.1473214739010578 0.5 -1.1467375694576942 4.5644730257470085 OK 13 12 0.49027300000000001 0.49223299999999998 0.14678099999999999 0.336063 0.193245 0 0.15421000000000001 0.29898799999999998 0.14678099999999999 0.034972000000000003 0.034699000000000001 0.031283999999999999 0.09965099999999999 0.244784 0.096915999999999974 0.003287 0.003431 0.0031580000000000002 0.00069800000000000005 0.00070700000000000005 0.00066100000000000002 4.5644703446125243 4.5644703446125243 4.5644703446125243 0.0020410060056745153 0.0020410060056745153 0.0020410060056745153 1 1 1 Converged Converged Converged OK OK OK 61 61 61 61 61 61 3 3 3 0 0 0 0 1 0 0 1
9 9 linear 3 15 93 2 0.001 0.57986328980431667 0.0010079841577647793 5.470597280025246e-05 1.1473257552380596 0.088664472433862912 1.1473290851668387 0.5 -1.1467451807234752 4.6884227258338207 OK 13 12 0.49768200000000001 0.48850700000000002 0.14870700000000001 0.34128999999999998 0.20164000000000001 0 0.15639200000000003 0.28686699999999998 0.14870700000000001 0.034320999999999997 0.034127999999999999 0.030698 0.10239400000000001 0.23310699999999993 0.099317999999999976 0.0033709999999999999 0.0033470000000000001 0.0032089999999999996 0.00068300000000000001 0.00072500000000000006 0.00065700000000000003 4.6884198291479304 4.6884198291479304 4.6884198291479304 0.002041019968838465 0.002041019968838465 0.002041019968838465 1 1 1 Converged Converged Converged OK OK OK 61 61 61 61 61 61 3 3 3 0 0 0 0 1 0 0 1
9 9 linear 3 23 93 3 0.001 0.57986328980431667 0.0010079841577647793 5.470597280025246e-05 1.1473257552380596 0.088664472433862912 1.1473366964326197 0.5 -1.1467527919892562 4.824667259468205 OK 13 12 0.49096099999999998 0.48879400000000001 0.148587 0.33138099999999998 0.19358700000000001 0 0.15958 0.295207 0.148587 0.034776000000000001 0.034875999999999997 0.030724999999999999 0.10513000000000003 0.2408279999999999 0.099298000000000025 0.0034529999999999999 0.0034950000000000003 0.003261 0.00072099999999999996 0.00068199999999999999 0.00065399999999999996 4.8246638616390953 4.8246638616390953 4.8246638616390953 0.0020410912159036492 0.0020410912159036492 0.0020410912159036492 1 1 1 Converged Converged Converged OK OK OK 61 61 61 61 61 61 3 3 3 0 0 0 0 1 0 0 1
9 9 linear 3 0 93 0 0.0001 0.57986328980431667 0.0010079841577647793 5.470597280025246e-05 1.1473257552380596 0.088664472433862912 1.1473148140434994 0.5 -1.1467309096001359 4.4646232069024654 OK 13 12 0.65571699999999999 0.65757600000000005 0.20264199999999999 0.445768 0.446712 0 0.209949 0.21086400000000005 0.20264199999999999 0.035646999999999998 0.035250999999999998 0.032688000000000002 0.14549299999999996 0.14762300000000003 0.14263800000000001 0.0044519999999999994 0.004248 0.0041240000000000001 0.00084199999999999998 0.00080200000000000009 0.0007899999999999999 4.4646206007611822 4.4646206007611822 4.4646206007611822 0.00013832029640459346 0.00013832029640459346 0.00013832029640459346 1 1 1 Converged Converged Converged OK OK OK 77 77 77 77 77 77 3 3 3 0 0 0 0 0 1 0 0
9 9 linear 3 7 93 1 0.0001 0.57986328980431667 0.0010079841577647793 5.470597280025246e-05 1.1473257552380596 0.088664472433862912 1.1473214739010578 0.5 -1.1467375694576942 4.5644730257470085 OK 13 12 0.53080499999999997 0.55441700000000005 0.19578899999999999 0.33315600000000001 0.19501399999999999 0 0.19764899999999996 0.35940300000000003 0.19578899999999999 0.034054000000000001 0.034798000000000003 0.034851 0.13935000000000003 0.29986099999999993 0.13730099999999998 0.0041609999999999998 0.0043160000000000004 0.0040530000000000002 0.00080499999999999994 0.00083599999999999994 0.000812 4.5644703456490063 4.5644703456490063 4.5644703456490063 0.00013830202966829601 0.00013830202966829601 0.00013830202966829601 1 1 1 Converged Converged Converged OK OK OK 77 77 77 77 77 77 3 3 3 0 0 0 0 1 0 0 1
9 9 linear 3 15 93 2 0.0001 0.57986328980431667 0.0010079841577647793 5.470597280025246e-05 1.1473257552380596 0.088664472433862912 1.1473290851668387 0.5 -1.1467451807234752 4.6884227258338207 OK 13 12 0.53984699999999997 0.56033900000000003 0.194023 0.33872600000000003 0.202407 0 0.20112099999999994 0.35793200000000003 0.194023 0.034012000000000001 0.034818000000000002 0.030530000000000002 0.14240199999999997 0.29862199999999994 0.13992299999999996 0.0042859999999999999 0.0042500000000000003 0.0040790000000000002 0.00084999999999999995 0.00078299999999999995 0.00077499999999999997 4.6884198301847633 4.6884198301847633 4.6884198301847633 0.00013831914353842049 0.00013831914353842049 0.00013831914353842049 1 1 1 Converged Converged Converged OK OK OK 77 77 77 77 77 77 3 3 3 0 0 0 0 1 0 0 1
9 9 linear 3 23 93 3 0.0001 0.57986328980431667 0.0010079841577647793 5.470597280025246e-05 1.1473257552380596 0.088664472433862912 1.1473366964326197 0.5 -1.1467527919892562 4.824667259468205 OK 13 12 0.53642800000000002 0.55481000000000003 0.195855 0.334094 0.189836 0 0.20233400000000001 0.36497400000000002 0.195855 0.034206 0.034939999999999999 0.030908999999999999 0.14384999999999995 0.30562399999999984 0.14133200000000004 0.0042420000000000001 0.0043140000000000001 0.0041469999999999996 0.00080800000000000002 0.00080599999999999986 0.00077099999999999998 4.8246638626761236 4.8246638626761236 4.8246638626761236 0.0001383935449253675 0.0001383935449253675 0.0001383935449253675 1 1 1 Converged Converged Converged OK OK OK 77 77 77 77 77 77 3 3 3 0 0 0 0 1 0 0 1
9 9 linear 4 0 94 0 0.001 0.57986328980431667 0.0010079841577647793 5.470597280025246e-05 1.1423293495331222 -0.094601167262260435 1.142318408338562 0.5 -1.1417345038951985 3.7740562251363383 OK 13 12 0.69722600000000001 0.69832099999999997 0.18790100000000001 0.50267799999999996 0.505077 0 0.19454800000000005 0.19324399999999997 0.18790100000000001 0.035174999999999998 0.035485000000000003 0.032516000000000003 0.13663400000000001 0.13511099999999998 0.13378599999999999 0.0033309999999999998 0.0033349999999999999 0.0031859999999999996 0.000696 0.00069000000000000008 0.00066400000000000009 3.7740538906127115 3.7740538906127115 3.7740538906127115 0.002473667171460428 0.002473667171460428 0.002473667171460428 1 1 1 Converged Converged Converged OK OK OK 61 61 61 61 61 61 3 3 3 0 0 0 0 0 1 0 0
9 9 linear 4 7 94 1 0.001 0.57986328980431667 0.0010079841577647793 5.470597280025246e-05 1.1423293495331222 -0.094601167262260435 1.1423250681961203 0.5 -1.1417411637527568 3.6480282723786317 OK 13 12 0.70037499999999997 0.650945 0.16988300000000001 0.52189200000000002 0.39651199999999998 0 0.17848299999999995 0.25443300000000002 0.16988300000000001 0.035416999999999997 0.035048000000000003 0.031510000000000003 0.12317200000000003 0.19961199999999993 0.11946700000000003 0.0034060000000000002 0.0034489999999999998 0.0031909999999999998 0.00070100000000000002 0.00069400000000000006 0.00066599999999999993 3.6480260712740322 3.6480260712740322 3.6480260712740322 0.0024736769131409337 0.0024736769131409337 0.0024736769131409337 1 1 1 Converged Converged Converged OK OK OK 61 61 61 61 61 61 3 3 3 0 0 0 0 1 0 0 1
9 9 linear 4 15 94 2 0.001 0.57986328980431667 0.0010079841577647793 5.470597280025246e-05 1.1423293495331222 -0.094601167262260435 1.1423326794619013 0.5 -1.1417487750185378 3.5245013041629707 OK 13 12 0.573851 0.494338 0.172074 0.38849899999999998 0.249808 0 0.18535200000000002 0.24453 0.172074 0.034506000000000002 0.034756000000000002 0.030723 0.13082799999999997 0.18999299999999997 0.12229199999999997 0.003336 0.0035169999999999997 0.003215 0.00067200000000000007 0.00071000000000000013 0.00067199999999999996 3.5244991628244522 3.5244991628244522 3.5244991628244522 0.0024736816820297132 0.0024736816820297132 0.0024736816820297132 1 1 1 Converged Converged Converged OK OK OK 61 61 61 61 61 61 3 3 3 0 0 0 0 1 0 0 1
9 9 linear 4 23 94 3 0.001 0.57986328980431667 0.0010079841577647793 5.470597280025246e-05 1.1423293495331222 -0.094601167262260435 1.1423402907276823 0.5 -1.1417563862843187 3.4178504804298817 OK 13 12 0.70052000000000003 0.60747399999999996 0.17720900000000001 0.51606600000000002 0.36943900000000002 0 0.18445400000000001 0.23803499999999994 0.17720900000000001 0.034086999999999999 0.034639000000000003 0.030554000000000001 0.13079099999999999 0.18409 0.127605 0.0032680000000000001 0.0033329999999999996 0.003284 0.00066 0.00068999999999999997 0.00066099999999999991 3.4178484173068382 3.4178484173068382 3.4178484173068382 0.0024736835003283009 0.0024736835003283009 0.0024736835003283009 1 1 1 Converged Converged Converged OK OK OK 61 61 61 61 61 61 3 3 3 0 0 0 0 1 0 0 1
9 9 linear 4 0 94 0 0.0001 0.57986328980431667 0.0010079841577647793 5.470597280025246e-05 1.1423293495331222 -0.094601167262260435 1.142318408338562 0.5 -1.1417345038951985 3.7740562251363383 OK 13 12 0.77396799999999999 0.76828300000000005 0.25992399999999999 0.50836300000000001 0.50532500000000002 0 0.26560499999999998 0.26295800000000003 0.25992399999999999 0.034813999999999998 0.034467999999999999 0.032828000000000003 0.19614399999999996 0.19410100000000002 0.19317099999999998 0.0049619999999999994 0.00496 0.0050369999999999998 0.00092199999999999997 0.00089899999999999995 0.00089900000000000006 3.7740538919570108 3.7740538919570108 3.7740538919570108 3.9572892060918178e-08 3.9572892060918178e-08 3.9572892060918178e-08 1 1 1 Converged Converged Converged OK OK OK 93 93 93 93 93 93 3 3 3 0 0 0 0 0 1 0 0
9 9 linear 4 7 94 1 0.0001 0.57986328980431667 0.0010079841577647793 5.470597280025246e-05 1.1423293495331222 -0.094601167262260435 1.1423250681961203 0.5 -1.1417411637527568 3.6480282723786317 OK 13 12 0.77471699999999999 0.77964900000000004 0.252 0.52413600000000005 0.393563 0 0.25058099999999994 0.38608600000000004 0.252 0.034209000000000003 0.035881999999999997 0.035686000000000002 0.18668799999999997 0.31940399999999997 0.18708700000000003 0.0049960000000000004 0.0057529999999999994 0.0049970000000000006 0.00094200000000000013 0.00093799999999999992 0.00090299999999999994 3.6480260726274305 3.6480260726274305 3.6480260726274305 4.4086453360260117e-08 4.4086453360260117e-08 4.4086453360260117e-08 1 1 1 Converged Converged Converged OK OK OK 93 93 93 93 93 93 3 3 3 0 0 0 0 1 0 0 1
9 9 linear 4 15 94 2 0.0001 0.57986328980431667 0.0010079841577647793 5.470597280025246e-05 1.1423293495331222 -0.094601167262260435 1.1423326794619013 0.5 -1.1417487750185378 3.5245013041629707 OK 13 12 0.64268999999999998 0.62220699999999995 0.24700900000000001 0.388293 0.24890000000000001 0 0.25439699999999998 0.37330699999999994 0.24700900000000001 0.033711999999999999 0.034997 0.031267999999999997 0.19133200000000003 0.30826999999999993 0.18685400000000005 0.0049779999999999998 0.0053929999999999994 0.0049849999999999998 0.00090899999999999998 0.00098600000000000011 0.0008740000000000001 3.5244991641707486 3.5244991641707486 3.5244991641707486 4.2882309938780078e-08 4.2882309938780078e-08 4.2882309938780078e-08 1 1 1 Converged Converged Converged OK OK OK 93 93 93 93 93 93 3 3 3 0 0 0 0 1 0 0 1
9 9 linear 4 23 94 3 0.0001 0.57986328980431667 0.0010079841577647793 5.470597280025246e-05 1.1423293495331222 -0.094601167262260435 1.1423402907276823 0.5 -1.1417563862843187 3.4178504804298817 OK 13 12 0.77222999999999997 0.72081799999999996 0.24749099999999999 0.51747399999999999 0.36757099999999998 0 0.25475599999999998 0.35324699999999998 0.24749099999999999 0.034384999999999999 0.034862999999999998 0.030587 0.19125400000000001 0.28932300000000005 0.18851400000000004 0.0049500000000000004 0.0049639999999999997 0.004914 0.00092500000000000004 0.00088800000000000001 0.00087399999999999999 3.4178484186569076 3.4178484186569076 3.4178484186569076 3.8805563618936351e-08 3.8805563618936351e-08 3.8805563618936351e-08 1 1 1 Converged Converged Converged OK OK OK 93 93 93 93 93 93 3 3 3 0 0 0 0 1 0 0 1
9 9 uniform 0 0 95 0 0.001 0.57986328980431667 0.0010079841577647793 5.470597280025246e-05 0.00034011061164707996 -1.4627614881075637e-05 0.00032916941708702944 0 0.00025473502627652985 11891.069225240022 OK 15 14 1.201614 1.1944779999999999 0.35953000000000002 0.84152800000000005 0.83204999999999996 0 0.36008599999999991 0.36242799999999997 0.35953000000000002 0.017357000000000001 0.017492000000000001 0.01653 0.29182300000000005 0.29434099999999996 0.29289899999999991 0.0069709999999999998 0.0071670000000000006 0.0072030000000000002 0.0010839999999999999 0.0010880000000000002 0.0011050000000000001 11890.830413551956 11890.830413551956 11890.830413551956 10.412405890200196 10.412405890200196 10.412405890200196 1 1 1 Converged Converged Converged OK OK OK 135 135 135 135 135 135 9 9 9 0 0 0 0 0 1 0 0
9 9 uniform 0 7 95 1 0.001 0.57986328980431667 0.0010079841577647793 5.470597280025246e-05 0.00034011061164707996 -1.4627614881075637e-05 0.00033582927464532108 0 0.00024807516871823822 11471.191746674644 OK 15 14 0.86714100000000005 0.83810799999999996 0.34088000000000002 0.521262 0.38288699999999998 0 0.34587900000000005 0.45522099999999999 0.34088000000000002 0.015910000000000001 0.015996 0.015074000000000001 0.29140800000000006 0.39948699999999993 0.28750199999999992 0.0069150000000000001 0.0074120000000000002 0.0069569999999999996 0.0010769999999999998 0.001106 0.0010640000000000001 11470.971551496921 11470.971551496921 11470.971551496921 10.211829451152582 10.211829451152582 10.211829451152582 1 1 1 Converged Converged Converged OK OK OK 135 135 135 135 135 135 9 9 9 0 0 0 0 1 0 0 1
9 9 uniform 0 15 95 2 0.001 0.57986328980431667 0.0010079841577647793 5.470597280025246e-05 0.00034011061164707996 -1.4627614881075637e-05 0.00034344054042622578 0 0.00024046390293733352 10964.140774203048 OK 15 14 0.91757299999999997 0.87777499999999997 0.34758 0.57057000000000002 0.42432799999999998 0 0.34700299999999995 0.45344699999999999 0.34758 0.016095000000000002 0.016195999999999999 0.015006 0.28912599999999999 0.39734799999999998 0.29350100000000007 0.0086979999999999991 0.0077399999999999995 0.0070609999999999996 0.0012030000000000001 0.0011579999999999997 0.0011090000000000002 10963.909136534661 10963.909136534661 10963.909136534661 9.9909791013294917 9.9909791013294917 9.9909791013294917 1 1 1 Converged Converged Converged OK OK OK 135 135 135 135 135 135 9 9 9 0 0 0 0 1 0 0 1
9 9 uniform 0 23 95 3 0.001 0.57986328980431667 0.0010079841577647793 5.470597280025246e-05 0.00034011061164707996 -1.4627614881075637e-05 0.00035105180620713047 0 0.00023285263715642883 10436.029431402279 OK 15 14 1.137888 1.1128819999999999 0.35253499999999999 0.78891 0.65003599999999995 0 0.34897800000000001 0.46284599999999998 0.35253499999999999 0.016462999999999998 0.016522999999999999 0.016525999999999999 0.29355199999999998 0.40603900000000009 0.29713000000000001 0.0071289999999999999 0.0078650000000000005 0.0070759999999999998 0.001101 0.001158 0.0010979999999999998 10435.814843000742 10435.814843000742 10435.814843000742 9.7819864514227231 9.7819864514227231 9.7819864514227231 1 1 1 Converged Converged Converged OK OK OK 135 135 135 135 135 135 9 9 9 0 0 0 0 1 0 0 1
9 9 uniform 0 0 95 0 0.0001 0.57986328980431667 0.0010079841577647793 5.470597280025246e-05 0.00034011061164707996 -1.4627614881075637e-05 0.00032916941708702944 0 0.00025473502627652985 11891.069225240022 OK 15 14 1.420836 1.4119839999999999 0.57858399999999999 0.83989100000000005 0.83008400000000004 0 0.58094499999999993 0.58189999999999986 0.57858399999999999 0.017507000000000002 0.017075 0.016666 0.47184300000000018 0.47151300000000013 0.46958000000000011 0.016615000000000001 0.017989000000000002 0.017030000000000003 0.0016870000000000001 0.0016980000000000001 0.0017489999999999999 11891.038740143726 11891.038740143726 11891.038740143726 0.96684111633573788 0.96684111633573788 0.96684111633573788 1 1 1 Converged Converged Converged OK OK OK 223 223 223 223 223 223 9 9 9 0 0 0 0 0 1 0 0
9 9 uniform 0 7 95 1 0.0001 0.57986328980431667 0.0010079841577647793 5.470597280025246e-05 0.00034011061164707996 -1.4627614881075637e-05 0.00033582927464532108 0 0.00024807516871823822 11471.191746674644 OK 15 14 1.0811820000000001 1.1668270000000001 0.55613800000000002 0.52893999999999997 0.38334099999999999 0 0.55224200000000012 0.78348600000000013 0.55613800000000002 0.015931000000000001 0.016213999999999999 0.015177 0.46605100000000016 0.6918380000000004 0.46517900000000006 0.016458 0.018626 0.016961999999999998 0.001663 0.0017479999999999998 0.0016649999999999996 11471.177049906415 11471.177049906415 11471.177049906415 0.96240858088973513 0.96240858088973513 0.96240858088973513 1 1 1 Converged Converged Converged OK OK OK 223 223 223 223 223 223 9 9 9 0 0 0 0 1 0 0 1
9 9 uniform 0 15 95 2 0.0001 0.57986328980431667 0.0010079841577647793 5.470597280025246e-05 0.00034011061164707996 -1.4627614881075637e-05 0.00034344054042622578 0 0.00024046390293733352 10964.140774203048 OK 15 14 1.124541 1.2034990000000001 0.54947500000000005 0.56849899999999998 0.43624499999999999 0 0.55604200000000004 0.7672540000000001 0.54947500000000005 0.015910000000000001 0.015906 0.015145 0.46959800000000007 0.67587599999999992 0.46357999999999966 0.016586000000000004 0.021247000000000002 0.016740999999999999 0.0016509999999999997 0.0016529999999999997 0.0016399999999999997 10964.111469717114 10964.111469717114 10964.111469717114 0.95784360650178157 0.95784360650178157 0.95784360650178157 1 1 1 Converged Converged Converged OK OK OK 223 223 223 223 223 223 9 9 9 0 0 0 0 1 0 0 1
9 9 uniform 0 23 95 3 0.0001 0.57986328980431667 0.0010079841577647793 5.470597280025246e-05 0.00034011061164707996 -1.4627614881075637e-05 0.00035105180620713047 0 0.00023285263715642883 10436.029431402279 OK 15 14 1.2766519999999999 1.2516659999999999 0.477551 0.792991 0.64769699999999997 0 0.4836609999999999 0.60396899999999998 0.477551 0.016164999999999999 0.016271999999999998 0.015341 0.41572300000000012 0.53811999999999971 0.41501900000000008 0.0090179999999999982 0.0096679999999999978 0.0089149999999999993 0.0017000000000000001 0.001668 0.0016950000000000001 10436.051371628209 10436.051371628209 10436.051371628209 0.98887849537112471 0.98887849537112471 0.98887849537112471 1 1 1 Converged Converged Converged OK OK OK 175 175 175 175 175 175 9 9 9 0 0 0 0 1 0 0 1
9 9 uniform 1 0 96 0 0.001 0.57986328980431667 0.0010079841577647793 5.470597280025246e-05 1.1421851550572601 -0.094480971613871104 1.1421742138627 0 -1.1415903094193365 5.6250389750131848 OK 14 13 0.77190800000000004 0.76261400000000001 0.22417200000000001 0.54063700000000003 0.53644199999999997 0 0.231271 0.22617200000000004 0.22417200000000001 0.072475999999999999 0.068568000000000004 0.065641000000000005 0.13446800000000003 0.13419299999999998 0.13503399999999999 0.0034239999999999995 0.0033449999999999999 0.0032989999999999998 0.00096499999999999993 0.00094499999999999998 0.00097100000000000007 5.6250353441042273 5.6250353441042273 5.6250353441042273 0.0052005993796504424 0.0052005993796504424 0.0052005993796504424 1 1 1 Converged Converged Converged OK OK OK 67 67 67 67 67 67 5 5 5 0 0 0 0 0 1 0 0
9 9 uniform 1 7 96 1 0.001 0.57986328980431667 0.0010079841577647793 5.470597280025246e-05 1.1421851550572601 -0.094480971613871104 1.1421808737202583 0 -1.1415969692768948 7.2293309749374304 OK 14 13 1.0492859999999999 0.98714299999999999 0.24328 0.80024799999999996 0.65453099999999997 0 0.24903799999999998 0.33261200000000002 0.24328 0.069388000000000005 0.069337999999999997 0.065594 0.15728200000000003 0.24075199999999997 0.15642399999999995 0.0037920000000000002 0.0037650000000000001 0.0034750000000000002 0.0010660000000000001 0.0010380000000000001 0.00092999999999999995 7.229345493279113 7.2293454932639865 7.229345493279113 0.0056352999419271403 0.0056352999365932698 0.0056352999419271403 1 1 1 Converged Converged Converged OK OK OK 75 75 75 75 75 75 5 5 5 0 0 0 0 1 0 0 1
9 9 uniform 1 15 96 2 0.001 0.57986328980431667 0.0010079841577647793 5.470597280025246e-05 1.1421851550572601 -0.094480971613871104 1.1421884849860393 0 -1.1416045805426758 9.25245409469699 OK 14 13 1.0660019999999999 1.0554239999999999 0.411802 0.65176199999999995 0.58135199999999998 0 0.41423999999999994 0.47407199999999994 0.411802 0.068484000000000003 0.074715000000000004 0.068887000000000004 0.30759400000000031 0.35845699999999997 0.30500500000000003 0.006326 0.0080549999999999997 0.0066119999999999998 0.0014120000000000003 0.001573 0.0014269999999999999 9.252457768696468 9.252457768699335 9.252457768696468 0.0043812683507393644 0.004381268322088603 0.0043812683507393644 1 1 1 Converged Converged Converged OK OK OK 122 122 122 122 122 122 6 6 6 0 0 0 0 1 0 0 1
9 9 uniform 1 23 96 3 0.001 0.57986328980431667 0.0010079841577647793 5.470597280025246e-05 1.1421851550572601 -0.094480971613871104 1.1421960962518203 0 -1.1416121918084567 11.871645291942018 OK 14 13 0.86055300000000001 0.86810200000000004 0.26921499999999998 0.58011900000000005 0.51507000000000003 0 0.28043399999999996 0.35303200000000001 0.26921499999999998 0.072147000000000003 0.074489 0.062428999999999998 0.18367699999999998 0.25378400000000001 0.183092 0.0046939999999999994 0.0045199999999999997 0.0041349999999999998 0.001049 0.0011689999999999999 0.0010470000000000002 11.871637759934693 11.871637759935748 11.871637759934693 0.0068301205563657905 0.0068301205600136338 0.0068301205563657905 1 1 1 Converged Converged Converged OK OK OK 82 82 82 82 82 82 6 6 6 0 0 0 0 1 0 0 1
9 9 uniform 1 0 96 0 0.0001 0.57986328980431667 0.0010079841577647793 5.470597280025246e-05 1.1421851550572601 -0.094480971613871104 1.1421742138627 0 -1.1415903094193365 5.6250389750131848 OK 14 13 0.89146999999999998 0.88132900000000003 0.33467200000000003 0.55185099999999998 0.54354400000000003 0 0.339619 0.337785 0.33467200000000003 0.070816000000000004 0.067961999999999995 0.065653000000000003 0.23112899999999995 0.23158100000000001 0.23100100000000001 0.0053870000000000003 0.0058640000000000003 0.0060759999999999998 0.001304 0.0014890000000000001 0.0013730000000000001 5.6250384716754889 5.6250384716754889 5.6250384716754889 0.00052413603786814376 0.00052413603786814376 0.00052413603786814376 1 1 1 Converged Converged Converged OK OK OK 107 107 107 107 107 107 5 5 5 0 0 0 0 0 1 0 0
9 9 uniform 1 7 96 1 0.0001 0.57986328980431667 0.0010079841577647793 5.470597280025246e-05 1.1421851550572601 -0.094480971613871104 1.1421808737202583 0 -1.1415969692768948 7.2293309749374304 OK 14 13 1.1421570000000001 1.0905119999999999 0.34045500000000001 0.80191699999999999 0.64956100000000006 0 0.3402400000000001 0.44095099999999987 0.34045500000000001 0.068807999999999994 0.072996000000000005 0.069897000000000001 0.24189499999999994 0.33769199999999988 0.24116099999999996 0.0053639999999999998 0.0061139999999999996 0.0057670000000000004 0.0012179999999999999 0.0012899999999999999 0.001189 7.2293307472280368 7.2293307472159265 7.2293307472280368 0.00066779730878146907 0.00066779728687600009 0.00066779730878146907 1 1 1 Converged Converged Converged OK OK OK 107 107 107 107 107 107 5 5 5 0 0 0 0 1 0 0 1
9 9 uniform 1 15 96 2 0.0001 0.57986328980431667 0.0010079841577647793 5.470597280025246e-05 1.1421851550572601 -0.094480971613871104 1.1421884849860393 0 -1.1416045805426758 9.25245409469699 OK 14 13 1.309852 1.293274 0.67973600000000001 0.65095400000000003 0.58319500000000002 0 0.65889799999999998 0.71007900000000002 0.67973600000000001 0.069391999999999995 0.070071999999999995 0.065346000000000001 0.52687799999999974 0.57689599999999985 0.55013500000000004 0.013215999999999999 0.013937000000000001 0.012595 0.0019869999999999996 0.0019719999999999998 0.00191 9.2524541516719001 9.252454151673545 9.2524541516719001 0.00059759980288152015 0.00059759980529658081 0.00059759980288152015 1 1 1 Converged Converged Converged OK OK OK 202 202 202 202 202 202 6 6 6 0 0 0 0 1 0 0 1
9 9 uniform 1 23 96 3 0.0001 0.57986328980431667 0.0010079841577647793 5.470597280025246e-05 1.1421851550572601 -0.094480971613871104 1.1421960962518203 0 -1.1416121918084567 11.871645291942018 OK 14 13 0.98536000000000001 0.99627200000000005 0.48691400000000001 0.58763100000000001 0.51598999999999995 0 0.397729 0.4802820000000001 0.48691400000000001 0.067650000000000002 0.071565000000000004 0.064682000000000003 0.29426899999999995 0.36999100000000007 0.38553000000000004 0.0071449999999999994 0.010536 0.0068439999999999994 0.0017179999999999997 0.0016300000000000002 0.0016769999999999997 11.871645685893567 11.871645685895006 11.871645685893567 0.00074327136670002494 0.00074327136323309355 0.00074327136670002494 1 1 1 Converged Converged Converged OK OK OK 122 122 122 122 122 122 6 6 6 0 0 0 0 1 0 0 1
9 9 uniform 2 0 97 0 0.001 0.57986328980431667 0.0010079841577647793 5.470597280025246e-05 1.1422862733622734 0.09455346559252209 1.1422753321677133 0 -1.1416914277243497 10.095440063549839 OK 14 13 1.0735159999999999 1.0676060000000001 0.26689499999999999 0.80530999999999997 0.80098800000000003 0 0.26820599999999994 0.26661800000000002 0.26689499999999999 0.072714000000000001 0.072861999999999996 0.070028000000000007 0.16750299999999996 0.16591999999999998 0.16925599999999996 0.003908 0.0038539999999999998 0.0039220000000000001 0.001026 0.001062 0.0010090000000000001 10.095441926136997 10.095441926136997 10.095441926136997 0.0044933244650338074 0.0044933244650338074 0.0044933244650338074 1 1 1 Converged Converged Converged OK OK OK 74 74 74 74 74 74 6 6 6 0 0 0 0 0 1 0 0
9 9 uniform 2 7 97 1 0.001 0.57986328980431667 0.0010079841577647793 5.470597280025246e-05 1.1422862733622734 0.09455346559252209 1.1422819920252716 0 -1.141698087581908 7.7778861399901871 OK 15 14 1.471522 3.3810220000000002 0.373691 1.088516 2.919648 0 0.38300599999999996 0.46137400000000017 0.373691 0.11934500000000001 0.133663 0.113126 0.2325889999999998 0.29002300000000003 0.22983200000000001 0.0048560000000000001 0.0060020000000000013 0.0048989999999999997 0.001158 0.0013569999999999999 0.0012639999999999999 7.7778641651675526 7.7778641651675526 7.7778641651675526 0.0055835944543509222 0.0055835944543509222 0.0055835944543509222 1 1 1 Converged Converged Converged OK OK OK 89 89 89 89 89 89 7 7 7 0 0 0 0 1 0 0 1
9 9 uniform 2 15 97 2 0.001 0.57986328980431667 0.0010079841577647793 5.470597280025246e-05 1.1422862733622734 0.09455346559252209 1.1422896032910526 0 -1.141705698847689 5.1332025059639967 OK 14 13 1.0336590000000001 0.96223800000000004 0.21488499999999999 0.81494200000000006 0.68544700000000003 0 0.21871700000000005 0.27679100000000001 0.21488499999999999 0.069827 0.072262999999999994 0.067373000000000002 0.12900200000000003 0.18447600000000003 0.128748 0.0035559999999999997 0.0039029999999999998 0.0033090000000000003 0.00093199999999999999 0.00093700000000000001 0.00095199999999999994 5.1332043274647221 5.1332043274551786 5.1332043274647221 0.0022456723324460717 0.002245672318509695 0.0022456723324460717 1 1 1 Converged Converged Converged OK OK OK 67 67 67 67 67 67 5 5 5 0 0 0 0 1 0 0 1
9 9 uniform 2 23 97 3 0.001 0.57986328980431667 0.0010079841577647793 5.470597280025246e-05 1.1422862733622734 0.09455346559252209 1.1422972145568335 0 -1.14171331011347 4.2205520330883575 OK 13 12 0.79412799999999995 0.70511800000000002 0.129747 0.65767500000000001 0.511382 0 0.13645299999999994 0.19373600000000002 0.129747 0.039093999999999997 0.039405000000000003 0.035160999999999998 0.082022000000000012 0.13948099999999999 0.080491000000000007 0.0023749999999999995 0.0024040000000000003 0.0022589999999999997 0.00075699999999999997 0.00076199999999999998 0.00066799999999999997 4.2205519523514639 4.2205519523514639 4.2205519523514639 0.00096050974156722832 0.00096050974156722832 0.00096050974156722832 1 1 1 Converged Converged Converged OK OK OK 45 45 45 45 45 45 3 3 3 0 0 0 0 1 0 0 1
9 9 uniform 2 0 97 0 0.0001 0.57986328980431667 0.0010079841577647793 5.470597280025246e-05 1.1422862733622734 0.09455346559252209 1.1422753321677133 0 -1.1416914277243497 10.095440063549839 OK 14 13 1.2676259999999999 1.22858 0.42538199999999998 0.81876899999999997 0.80358300000000005 0 0.44885699999999995 0.42499699999999996 0.42538199999999998 0.073775999999999994 0.072316000000000005 0.071385000000000004 0.32616600000000012 0.30555499999999985 0.30580700000000005 0.00726 0.0068760000000000002 0.0074429999999999991 0.0014619999999999998 0.001549 0.001709 10.0954408342338 10.0954408342338 10.0954408342338 0.00051888675078616163 0.00051888675078616163 0.00051888675078616163 1 1 1 Converged Converged Converged OK OK OK 122 122 122 122 122 122 6 6 6 0 0 0 0 0 1 0 0
9 9 uniform 2 7 97 1 0.0001 0.57986328980431667 0.0010079841577647793 5.470597280025246e-05 1.1422862733622734 0.09455346559252209 1.1422819920252716 0 -1.141698087581908 7.7778861399901871 OK 15 14 1.5724469999999999 3.4954390000000002 0.48219299999999998 1.0894600000000001 2.915673 0 0.48298699999999983 0.57976600000000023 0.48219299999999998 0.11626 0.13317599999999999 0.113382 0.32247300000000007 0.39902300000000018 0.32586999999999999 0.0076469999999999993 0.0098370000000000003 0.0077190000000000002 0.0017859999999999998 0.0018319999999999996 0.0018790000000000005 7.7778864349990595 7.7778864349990595 7.7778864349990595 0.00047227697589195664 0.00047227697589195664 0.00047227697589195664 1 1 1 Converged Converged Converged OK OK OK 129 129 129 129 129 129 7 7 7 0 0 0 0 1 0 0 1
9 9 uniform 2 15 97 2 0.0001 0.57986328980431667 0.0010079841577647793 5.470597280025246e-05 1.1422862733622734 0.09455346559252209 1.1422896032910526 0 -1.141705698847689 5.1332025059639967 OK 14 13 1.159454 1.0897159999999999 0.34017900000000001 0.81855199999999995 0.68068899999999999 0 0.34090200000000004 0.40902699999999992 0.34017900000000001 0.070556999999999995 0.071984999999999993 0.066824999999999996 0.23684099999999997 0.30242099999999994 0.23998899999999992 0.0064879999999999998 0.0075119999999999987 0.0067209999999999995 0.001384 0.0014859999999999999 0.001372 5.1332020164357104 5.1332020164221257 5.1332020164357104 0.00018686159309570381 0.00018686159026352705 0.00018686159309570381 1 1 1 Converged Converged Converged OK OK OK 115 115 115 115 115 115 5 5 5 0 0 0 0 1 0 0 1
9 9 uniform 2 23 97 3 0.0001 0.57986328980431667 0.0010079841577647793 5.470597280025246e-05 1.1422862733622734 0.09455346559252209 1.1422972145568335 0 -1.14171331011347 4.2205520330883575 OK 13 12 0.86545000000000005 0.80130900000000005 0.247118 0.65781900000000004 0.51398699999999997 0 0.20763100000000001 0.28732200000000008 0.247118 0.039017000000000003 0.040240999999999999 0.036324000000000002 0.14353299999999999 0.22171700000000003 0.18552399999999997 0.0042300000000000003 0.0045319999999999996 0.0041409999999999997 0.00094199999999999991 0.001026 0.00095500000000000001 4.2205519184224487 4.2205519184224487 4.2205519184224487 0.00011922201967496864 0.00011922201967496864 0.00011922201967496864 1 1 1 Converged Converged Converged OK OK OK 77 77 77 77 77 77 3 3 3 0 0 0 0 1 0 0 1
9 9 uniform 3 0 98 0 0.001 0.57986328980431667 0.0010079841577647793 5.470597280025246e-05 1.1473257552380596 0.088664472433862912 1.1473148140434994 0 -1.1467309096001359 4.4869226587996227 OK 13 12 0.56135400000000002 0.56176300000000001 0.10950600000000001 0.44912600000000003 0.44922400000000001 0 0.11222799999999999 0.112539 0.10950600000000001 0.035032000000000001 0.035083999999999997 0.032503999999999998 0.061030000000000001 0.061526000000000011 0.061078000000000007 0.0021969999999999997 0.0022030000000000001 0.002114 0.00054900000000000001 0.00061800000000000006 0.00056900000000000006 4.4869225676356548 4.4869225676356548 4.4869225676356548 0.0032829721605511105 0.0032829721605511105 0.0032829721605511105 1 1 1 Converged Converged Converged OK OK OK 45 45 45 45 45 45 3 3 3 0 0 0 0 0 1 0 0
9 9 uniform 3 7 98 1 0.001 0.57986328980431667 0.0010079841577647793 5.470597280025246e-05 1.1473257552380596 0.088664472433862912 1.1473214739010578 0 -1.1467375694576942 4.5894975484869667 OK 13 12 0.43595800000000001 0.404277 0.103825 0.32919500000000002 0.188587 0 0.106763 0.21568999999999999 0.103825 0.033383999999999997 0.034537999999999999 0.031308999999999997 0.059229000000000004 0.166931 0.058876999999999999 0.0021549999999999998 0.002238 0.0021609999999999997 0.00053800000000000007 0.00055500000000000005 0.00052499999999999997 4.5894974419561123 4.5894974419561123 4.5894974419561123 0.0035156589194408447 0.0035156589194408447 0.0035156589194408447 1 1 1 Converged Converged Converged OK OK OK 45 45 45 45 45 45 3 3 3 0 0 0 0 1 0 0 1
9 9 uniform 3 15 98 2 0.001 0.57986328980431667 0.0010079841577647793 5.470597280025246e-05 1.1473257552380596 0.088664472433862912 1.1473290851668387 0 -1.1467451807234752 4.7171858263189428 OK 13 12 0.45143699999999998 0.41362399999999999 0.103979 0.34283599999999997 0.20092099999999999 0 0.108601 0.212703 0.103979 0.033527000000000001 0.033757000000000002 0.030477000000000001 0.060925000000000007 0.16486999999999996 0.060134 0.0021819999999999999 0.002281 0.0021559999999999999 0.00057700000000000004 0.000553 0.00052599999999999999 4.717185710620293 4.717185710620293 4.717185710620293 0.0038235587143126753 0.0038235587143126753 0.0038235587143126753 1 1 1 Converged Converged Converged OK OK OK 45 45 45 45 45 45 3 3 3 0 0 0 0 1 0 0 1
9 9 uniform 3 23 98 3 0.001 0.57986328980431667 0.0010079841577647793 5.470597280025246e-05 1.1473257552380596 0.088664472433862912 1.1473366964326197 0 -1.1467527919892562 4.8580354786948856 OK 13 12 0.43779600000000002 0.40462399999999998 0.10538500000000001 0.32785500000000001 0.19388 0 0.10994100000000001 0.21074399999999999 0.10538500000000001 0.034097000000000002 0.035055000000000003 0.030724000000000001 0.061675000000000008 0.16150800000000001 0.06116899999999998 0.0022030000000000001 0.0022620000000000001 0.0021770000000000001 0.00054500000000000002 0.00054900000000000001 0.00052399999999999994 4.8580353550966029 4.8580353550966029 4.8580353550966029 0.0041881127570218496 0.0041881127570218496 0.0041881127570218496 1 1 1 Converged Converged Converged OK OK OK 45 45 45 45 45 45 3 3 3 0 0 0 0 1 0 0 1
9 9 uniform 3 0 98 0 0.0001 0.57986328980431667 0.0010079841577647793 5.470597280025246e-05 1.1473257552380596 0.088664472433862912 1.1473148140434994 0 -1.1467309096001359 4.4869226587996227 OK 13 12 0.58601000000000003 0.58496599999999999 0.13176199999999999 0.45150200000000001 0.44906699999999999 0 0.13450800000000002 0.13589899999999999 0.13176199999999999 0.034472000000000003 0.035110000000000002 0.032719999999999999 0.078023000000000023 0.078081999999999999 0.077662999999999982 0.003068 0.0036459999999999999 0.0031019999999999997 0.00072499999999999995 0.00078600000000000002 0.00067400000000000012 4.4869225541895634 4.4869225541895634 4.4869225541895634 0.00042534289119745513 0.00042534289119745513 0.00042534289119745513 1 1 1 Converged Converged Converged OK OK OK 61 61 61 61 61 61 3 3 3 0 0 0 0 0 1 0 0
9 9 uniform 3 7 98 1 0.0001 0.57986328980431667 0.0010079841577647793 5.470597280025246e-05 1.1473257552380596 0.088664472433862912 1.1473214739010578 0 -1.1467375694576942 4.5894975484869667 OK 13 12 0.45964699999999997 0.47098600000000002 0.12418700000000001 0.33059100000000002 0.19101599999999999 0 0.12905599999999995 0.27997000000000005 0.12418700000000001 0.034546 0.034608 0.031040999999999999 0.07536699999999999 0.22207699999999997 0.07467399999999999 0.0030949999999999997 0.0032040000000000003 0.0029729999999999999 0.00070100000000000002 0.00069799999999999994 0.00066199999999999994 4.5894974262782222 4.5894974262782222 4.5894974262782222 0.00042532402207560765 0.00042532402207560765 0.00042532402207560765 1 1 1 Converged Converged Converged OK OK OK 61 61 61 61 61 61 3 3 3 0 0 0 0 1 0 0 1
9 9 uniform 3 15 98 2 0.0001 0.57986328980431667 0.0010079841577647793 5.470597280025246e-05 1.1473257552380596 0.088664472433862912 1.1473290851668387 0 -1.1467451807234752 4.7171858263189428 OK 13 12 0.47195999999999999 0.46789999999999998 0.12606999999999999 0.338563 0.199574 0 0.13339699999999999 0.26832599999999995 0.12606999999999999 0.036665999999999997 0.034395000000000002 0.030726 0.077696999999999974 0.21415800000000004 0.076877000000000015 0.0030620000000000001 0.0034510000000000001 0.0030270000000000002 0.00069899999999999997 0.00068800000000000003 0.00063999999999999994 4.7171856917595845 4.7171856917595845 4.7171856917595845 0.00042530376024297239 0.00042530376024297239 0.00042530376024297239 1 1 1 Converged Converged Converged OK OK OK 61 61 61 61 61 61 3 3 3 0 0 0 0 1 0 0 1
9 9 uniform 3 23 98 3 0.0001 0.57986328980431667 0.0010079841577647793 5.470597280025246e-05 1.1473257552380596 0.088664472433862912 1.1473366964326197 0 -1.1467527919892562 4.8580354786948856 OK 13 12 0.46067900000000001 0.46621000000000001 0.130242 0.32862400000000003 0.190387 0 0.13205499999999998 0.27582300000000004 0.130242 0.034969 0.034791000000000002 0.030762999999999999 0.077749999999999986 0.22148400000000007 0.081064000000000039 0.0031250000000000002 0.0032499999999999999 0.0031259999999999999 0.00066199999999999994 0.00070200000000000004 0.00065000000000000008 4.8580353321550032 4.8580353321550032 4.8580353321550032 0.0004252853318028343 0.0004252853318028343 0.0004252853318028343 1 1 1 Converged Converged Converged OK OK OK 61 61 61 61 61 61 3 3 3 0 0 0 0 1 0 0 1
9 9 uniform 4 0 99 0 0.001 0.57986328980431667 0.0010079841577647793 5.470597280025246e-05 1.1423293495331222 -0.094601167262260435 1.142318408338562 0 -1.1417345038951985 3.7857435340402357 OK 13 12 0.62660199999999999 0.63031700000000002 0.120236 0.50239500000000004 0.50642200000000004 0 0.12420699999999996 0.12389499999999998 0.120236 0.034952999999999998 0.034477000000000001 0.032086000000000003 0.072503000000000012 0.073017000000000012 0.072269000000000014 0.0022420000000000001 0.0022359999999999997 0.0021150000000000001 0.00055999999999999995 0.00056300000000000002 0.00055800000000000001 3.7857434659066622 3.7857434659066622 3.7857434659066622 0.0010007796058174097 0.0010007796058174097 0.0010007796058174097 1 1 1 Converged Converged Converged OK OK OK 45 45 45 45 45 45 3 3 3 0 0 0 0 0 1 0 0
9 9 uniform 4 7 99 1 0.001 0.57986328980431667 0.0010079841577647793 5.470597280025246e-05 1.1423293495331222 -0.094601167262260435 1.1423250681961203 0 -1.1417411637527568 3.6573081720180305 OK 13 12 0.63846999999999998 0.56870699999999996 0.112756 0.52511200000000002 0.38815699999999997 0 0.11335799999999996 0.18054999999999999 0.112756 0.034616000000000001 0.034358 0.031747999999999998 0.064493999999999996 0.132136 0.067254999999999981 0.0021679999999999998 0.0021140000000000004 0.0021549999999999998 0.00055599999999999996 0.00054900000000000001 0.000531 3.6573081134283782 3.6573081134283782 3.6573081134283782 0.00097223262259068697 0.00097223262259068697 0.00097223262259068697 1 1 1 Converged Converged Converged OK OK OK 45 45 45 45 45 45 3 3 3 0 0 0 0 1 0 0 1
9 9 uniform 4 15 99 2 0.001 0.57986328980431667 0.0010079841577647793 5.470597280025246e-05 1.1423293495331222 -0.094601167262260435 1.1423326794619013 0 -1.1417487750185378 3.5318223648713531 OK 13 12 0.507795 0.41972599999999999 0.108672 0.39075500000000002 0.25209300000000001 0 0.11703999999999998 0.16763299999999998 0.108672 0.033984 0.034334999999999997 0.030898999999999999 0.068559000000000023 0.119201 0.064218999999999998 0.0021700000000000001 0.002248 0.0021789999999999999 0.00055699999999999999 0.00056300000000000002 0.00052599999999999999 3.5318223147221803 3.5318223147221803 3.5318223147221803 0.00094000506770562132 0.00094000506770562132 0.00094000506770562132 1 1 1 Converged Converged Converged OK OK OK 45 45 45 45 45 45 3 3 3 0 0 0 0 1 0 0 1
9 9 uniform 4 23 99 3 0.001 0.57986328980431667 0.0010079841577647793 5.470597280025246e-05 1.1423293495331222 -0.094601167262260435 1.1423402907276823 0 -1.1417563862843187 3.4237569875589737 OK 13 12 0.63825900000000002 0.53357900000000003 0.113859 0.51922199999999996 0.36313600000000001 0 0.11903700000000006 0.17044300000000001 0.113859 0.034603000000000002 0.034384999999999999 0.030610999999999999 0.070202000000000001 0.12187000000000002 0.069766999999999996 0.0022780000000000001 0.002222 0.0021870000000000001 0.00053200000000000003 0.00058800000000000009 0.00052899999999999996 3.4237569430903205 3.4237569430903205 3.4237569430903205 0.00091023749670284893 0.00091023749670284893 0.00091023749670284893 1 1 1 Converged Converged Converged OK OK OK 45 45 45 45 45 45 3 3 3 0 0 0 0 1 0 0 1
9 9 uniform 4 0 99 0 0.0001 0.57986328980431667 0.0010079841577647793 5.470597280025246e-05 1.1423293495331222 -0.094601167262260435 1.142318408338562 0 -1.1417345038951985 3.7857435340402357 OK 13 12 0.69434600000000002 0.70076099999999997 0.18886 0.50077799999999995 0.50831000000000004 0 0.19356800000000007 0.19245099999999993 0.18886 0.034945999999999998 0.034646000000000003 0.032625000000000001 0.12984800000000005 0.13013299999999997 0.12866900000000003 0.0041579999999999994 0.0039239999999999995 0.0038819999999999996 0.0008560000000000001 0.00081499999999999997 0.00077700000000000002 3.7857434724114931 3.7857434724114931 3.7857434724114931 0.00011864058468703337 0.00011864058468703337 0.00011864058468703337 1 1 1 Converged Converged Converged OK OK OK 77 77 77 77 77 77 3 3 3 0 0 0 0 0 1 0 0
9 9 uniform 4 7 99 1 0.0001 0.57986328980431667 0.0010079841577647793 5.470597280025246e-05 1.1423293495331222 -0.094601167262260435 1.1423250681961203 0 -1.1417411637527568 3.6573081720180305 OK 13 12 0.70071300000000003 0.67167200000000005 0.17222999999999999 0.523868 0.39064300000000002 0 0.17684500000000003 0.28102900000000003 0.17222999999999999 0.034277000000000002 0.033848999999999997 0.031482999999999997 0.11827400000000005 0.22283399999999995 0.11731600000000002 0.0038710000000000003 0.0039710000000000006 0.0038530000000000001 0.00079400000000000011 0.00081900000000000007 0.00075500000000000003 3.6573081208263427 3.6573081208263427 3.6573081208263427 0.0001186234126002169 0.0001186234126002169 0.0001186234126002169 1 1 1 Converged Converged Converged OK OK OK 77 77 77 77 77 77 3 3 3 0 0 0 0 1 0 0 1
9 9 uniform 4 15 99 2 0.0001 0.57986328980431667 0.0010079841577647793 5.470597280025246e-05 1.1423293495331222 -0.094601167262260435 1.1423326794619013 0 -1.1417487750185378 3.5318223648713531 OK 13 12 0.57404699999999997 0.51212999999999997 0.17544199999999999 0.38946700000000001 0.248389 0 0.18457999999999997 0.263741 0.17544199999999999 0.034311000000000001 0.034664 0.031296999999999998 0.123205 0.20487299999999992 0.120728 0.0039119999999999997 0.0039569999999999996 0.0038699999999999997 0.00081100000000000009 0.0008160000000000001 0.00077599999999999989 3.5318223211244839 3.5318223211244839 3.5318223211244839 0.00011862034918245374 0.00011862034918245374 0.00011862034918245374 1 1 1 Converged Converged Converged OK OK OK 77 77 77 77 77 77 3 3 3 0 0 0 0 1 0 0 1
9 9 uniform 4 23 99 3 0.0001 0.57986328980431667 0.0010079841577647793 5.470597280025246e-05 1.1423293495331222 -0.094601167262260435 1.1423402907276823 0 -1.1417563862843187 3.4237569875589737 OK 13 12 0.69958699999999996 0.61792400000000003 0.180177 0.51618200000000003 0.36122500000000002 0 0.18340499999999993 0.25669900000000001 0.180177 0.034487999999999998 0.0385 0.030771 0.12475499999999999 0.19400500000000007 0.12606400000000001 0.00396 0.0040260000000000001 0.0038830000000000002 0.000785 0.00078600000000000013 0.00077700000000000002 3.4237569481024663 3.4237569481024663 3.4237569481024663 0.00011861946161213777 0.00011861946161213777 0.00011861946161213777 1 1 1 Converged Converged Converged OK OK OK 77 77 77 77 77 77 3 3 3 0 0 0 0 1 0 0 1
10 10 linear 0 0 100 0 0.001 1.6869965260211353 0.00017213162835819022 8.1133264861482082e-05 -1.1049483822203647 -3.5241517475487055e-06 -1.1049646088733371 0.5 1.1052549443564763 43.931896542972467 OK 15 15 1.0761579999999999 1.0541290000000001 0.414933 0.654559 0.64117500000000005 0 0.42159899999999995 0.41295400000000004 0.414933 0.0097789999999999995 0.0095519999999999997 0.0093819999999999997 0.3730069999999997 0.36507099999999981 0.36690900000000004 0.0060690000000000006 0.0061590000000000004 0.0063500000000000006 0.0010220000000000001 0.0010139999999999999 0.0010769999999999998 43.932612852351802 43.932612852351802 43.932612852351802 0.038815941266354015 0.038815941266354015 0.038815941266354015 1 1 1 Converged Converged Converged OK OK OK 128 128 128 128 128 128 8 8 8 0 0 0 0 0 1 0 0
10 10 linear 0 7 100 1 0.001 1.6869965260211353 0.00017213162835819022 8.1133264861482082e-05 -1.1049483822203647 -3.5241517475487055e-06 -1.1049547317802235 0.5 1.1052450672633627 44.168978018050545 OK 15 15 1.0216069999999999 0.89647100000000002 0.39997300000000002 0.60447899999999999 0.47861700000000001 0 0.41712799999999994 0.417854 0.39997300000000002 0.0089809999999999994 0.0089339999999999992 0.0083119999999999999 0.37397399999999992 0.37919999999999987 0.36291699999999988 0.0068509999999999995 0.0063599999999999993 0.0062590000000000007 0.0010609999999999999 0.0010549999999999999 0.001013 44.169534111914643 44.169534111914643 44.169534111914643 0.041620292588383095 0.041620292588383095 0.041620292588383095 1 1 1 Converged Converged Converged OK OK OK 128 128 128 128 128 128 8 8 8 0 0 0 0 1 0 0 1
10 10 linear 0 15 100 2 0.001 1.6869965260211353 0.00017213162835819022 8.1133264861482082e-05 -1.1049483822203647 -3.5241517475487055e-06 -1.1049434436738079 0.5 1.1052337791569471 44.430846422790516 OK 15 15 1.0211969999999999 0.89671900000000004 0.43658200000000003 0.58021100000000003 0.45397399999999999 0 0.44098599999999988 0.44274500000000006 0.43658200000000003 0.008848 0.0089289999999999994 0.0083269999999999993 0.39820699999999987 0.40030600000000011 0.39556799999999992 0.0071369999999999992 0.0070889999999999998 0.0065910000000000005 0.0012750000000000001 0.0012509999999999999 0.0011779999999999998 44.430734757844085 44.430734757844085 44.430734757844085 0.029353113635993355 0.029353113635993355 0.029353113635993355 1 1 1 Converged Converged Converged OK OK OK 136 136 136 136 136 136 8 8 8 0 0 0 0 1 0 0 1
10 10 linear 0 23 100 3 0.001 1.6869965260211353 0.00017213162835819022 8.1133264861482082e-05 -1.1049483822203647 -3.5241517475487055e-06 -1.1049321555673923 0.5 1.1052224910505315 44.683673796512565 OK 15 15 1.053671 0.91287399999999996 0.44144600000000001 0.61744100000000002 0.472443 0 0.43623000000000001 0.44043099999999996 0.44144600000000001 0.0086700000000000006 0.0088599999999999998 0.008463 0.39723900000000001 0.39982699999999993 0.40101299999999968 0.006389999999999999 0.0072129999999999998 0.0066810000000000003 0.001207 0.001281 0.001201 44.683323918195953 44.683323918195953 44.683323918195953 0.029759227285822847 0.029759227285822847 0.029759227285822847 1 1 1 Converged Converged Converged OK OK OK 136 136 136 136 136 136 8 8 8 0 0 0 0 1 0 0 1
10 10 linear 0 0 100 0 0.0001 1.6869965260211353 0.00017213162835819022 8.1133264861482082e-05 -1.1049483822203647 -3.5241517475487055e-06 -1.1049646088733371 0.5 1.1052549443564763 43.931896542972467 OK 15 15 1.3542050000000001 1.3049500000000001 0.66152699999999998 0.65767299999999995 0.64229899999999995 0 0.69653200000000015 0.6626510000000001 0.66152699999999998 0.011339 0.0096749999999999996 0.0094190000000000003 0.60904600000000009 0.57859400000000016 0.57797499999999991 0.016153000000000001 0.015970999999999999 0.016050999999999999 0.0017570000000000001 0.001712 0.0016949999999999999 43.932277206142651 43.932277206142651 43.932277206142651 0.0038472683972772658 0.0038472683972772658 0.0038472683972772658 1 1 1 Converged Converged Converged OK OK OK 216 216 216 216 216 216 8 8 8 0 0 0 0 0 1 0 0
10 10 linear 0 7 100 1 0.0001 1.6869965260211353 0.00017213162835819022 8.1133264861482082e-05 -1.1049483822203647 -3.5241517475487055e-06 -1.1049547317802235 0.5 1.1052450672633627 44.168978018050545 OK 15 15 1.2669269999999999 1.160704 0.63668999999999998 0.60994000000000004 0.47719099999999998 0 0.65698699999999988 0.68351300000000004 0.63668999999999998 0.0088819999999999993 0.0088789999999999997 0.0082909999999999998 0.58841800000000033 0.61645099999999997 0.57359300000000035 0.015820999999999998 0.017986000000000002 0.015928000000000001 0.0016599999999999998 0.0017510000000000002 0.001696 44.1690294696512 44.1690294696512 44.1690294696512 0.0040475912719228459 0.0040475912719228459 0.0040475912719228459 1 1 1 Converged Converged Converged OK OK OK 216 216 216 216 216 216 8 8 8 0 0 0 0 1 0 0 1
10 10 linear 0 15 100 2 0.0001 1.6869965260211353 0.00017213162835819022 8.1133264861482082e-05 -1.1049483822203647 -3.5241517475487055e-06 -1.1049434436738079 0.5 1.1052337791569471 44.430846422790516 OK 15 15 1.2386649999999999 1.1333279999999999 0.63755700000000004 0.58295699999999995 0.452073 0 0.65570799999999996 0.68125499999999994 0.63755700000000004 0.0088439999999999994 0.0089499999999999996 0.0083180000000000007 0.59077799999999969 0.61415400000000031 0.57461300000000037 0.015927 0.017503999999999999 0.015535 0.001665 0.0018570000000000001 0.0016949999999999999 44.431109624268935 44.431109624268935 44.431109624268935 0.0043176267207312193 0.0043176267207312193 0.0043176267207312193 1 1 1 Converged Converged Converged OK OK OK 216 216 216 216 216 216 8 8 8 0 0 0 0 1 0 0 1
10 10 linear 0 23 100 3 0.0001 1.6869965260211353 0.00017213162835819022 8.1133264861482082e-05 -1.1049483822203647 -3.5241517475487055e-06 -1.1049321555673923 0.5 1.1052224910505315 44.683673796512565 OK 15 15 1.328282 1.2011160000000001 0.691469 0.61905200000000005 0.47522799999999998 0 0.70922999999999992 0.72588800000000009 0.691469 0.0087299999999999999 0.0088599999999999998 0.0081639999999999994 0.63886599999999971 0.65468200000000032 0.62315700000000052 0.01678 0.017261999999999996 0.016298 0.0018259999999999999 0.0018340000000000001 0.0017650000000000001 44.683546033509117 44.683546033509117 44.683546033509117 0.0023181417170523868 0.0023181417170523868 0.0023181417170523868 1 1 1 Converged Converged Converged OK OK OK 232 232 232 232 232 232 8 8 8 0 0 0 0 1 0 0 1
10 10 linear 1 0 101 0 0.001 1.6869965260211353 0.00017213162835819022 8.1133264861482082e-05 0.00028383060944670843 4.3678813767388989e-05 0.00026760395647441203 0.5 2.2731526664733102e-05 13510.104618232375 OK 14 13 1.256097 1.2344820000000001 0.60627699999999995 0.62452600000000003 0.62858700000000001 0 0.63157099999999999 0.60589500000000007 0.60627699999999995 0.015537 0.015068 0.014748000000000001 0.53395899999999996 0.51041599999999987 0.5105949999999998 0.018374000000000001 0.017238999999999997 0.017583000000000001 0.0014329999999999998 0.001575 0.0014350000000000001 13509.211334615109 13509.211334615109 13509.211334615109 12.342872618830246 12.342872618830246 12.342872618830246 1 1 1 Converged Converged Converged OK OK OK 199 199 199 199 199 199 9 9 9 0 0 0 0 0 1 0 0
10 10 linear 1 7 101 1 0.001 1.6869965260211353 0.00017213162835819022 8.1133264861482082e-05 0.00028383060944670843 4.3678813767388989e-05 0.00027748104958798373 0.5 1.2854433551161412e-05 12151.945044536853 OK 14 13 1.1699580000000001 1.189203 0.58882100000000004 0.56221100000000002 0.402972 0 0.60774700000000004 0.78623100000000001 0.58882100000000004 0.014057999999999999 0.014171 0.012952 0.52430000000000032 0.69577899999999981 0.5101319999999997 0.018422000000000001 0.024277 0.016636999999999999 0.0013849999999999999 0.001578 0.0013059999999999999 12152.891311580668 12152.891311580668 12152.891311580668 11.63188146924273 11.63188146924273 11.63188146924273 1 1 1 Converged Converged Converged OK OK OK 199 199 199 199 199 199 9 9 9 0 0 0 0 1 0 0 1
10 10 linear 1 15 101 2 0.001 1.6869965260211353 0.00017213162835819022 8.1133264861482082e-05 0.00028383060944670843 4.3678813767388989e-05 0.00028876915600349427 0.5 1.5663271356508622e-06 10448.768951243697 OK 14 13 1.063699 1.0083880000000001 0.44156600000000001 0.60701700000000003 0.44449300000000003 0 0.45668199999999992 0.56389500000000004 0.44156600000000001 0.013081000000000001 0.013814999999999999 0.012298 0.39601200000000014 0.50343199999999977 0.3846929999999999 0.010108999999999998 0.0096810000000000004 0.0087080000000000005 0.001573 0.0016010000000000002 0.0015360000000000003 10446.828153854129 10446.828153854129 10446.828153854129 10.439395258284851 10.439395258284851 10.439395258284851 1 1 1 Converged Converged Converged OK OK OK 144 144 144 144 144 144 8 8 8 0 0 0 0 1 0 0 1
10 10 linear 1 23 101 3 0.001 1.6869965260211353 0.00017213162835819022 8.1133264861482082e-05 0.00028383060944670843 4.3678813767388989e-05 0.00030005726241900482 0.5 -9.7217792798596873e-06 8711.6570045095923 OK 15 14 1.0823830000000001 1.0564899999999999 0.46054 0.60926599999999997 0.44442199999999998 0 0.47311700000000012 0.61206799999999995 0.46054 0.014017 0.014112 0.012881 0.41615899999999983 0.55463200000000024 0.40660900000000005 0.0096279999999999994 0.010219000000000001 0.0090760000000000007 0.001838 0.0019120000000000001 0.0016809999999999998 8711.2306804381969 8711.2306804381969 8711.2306804381969 6.6654456407088922 6.6654456407088922 6.6654456407088922 1 1 1 Converged Converged Converged OK OK OK 159 159 159 159 159 159 9 9 9 0 0 0 0 1 0 0 1
10 10 linear 1 0 101 0 0.0001 1.6869965260211353 0.00017213162835819022 8.1133264861482082e-05 0.00028383060944670843 4.3678813767388989e-05 0.00026760395647441203 0.5 2.2731526664733102e-05 13510.104618232375 OK 14 13 1.379338 1.367915 0.730827 0.63008500000000001 0.63338799999999995 0 0.74925299999999995 0.73452700000000004 0.730827 0.015518000000000001 0.015476999999999999 0.015141999999999999 0.62120099999999956 0.60501200000000066 0.60260400000000014 0.022039999999999997 0.022734000000000001 0.021340000000000001 0.0022569999999999999 0.0023600000000000006 0.0021289999999999998 13509.238146309544 13509.238146309544 13509.238146309544 1.1608419411094759 1.1608419411094759 1.1608419411094759 1 1 1 Converged Converged Converged OK OK OK 247 247 247 247 247 247 9 9 9 0 0 0 0 0 1 0 0
10 10 linear 1 7 101 1 0.0001 1.6869965260211353 0.00017213162835819022 8.1133264861482082e-05 0.00028383060944670843 4.3678813767388989e-05 0.00027748104958798373 0.5 1.2854433551161412e-05 12151.945044536853 OK 14 13 1.2804420000000001 1.360633 0.69528100000000004 0.56582600000000005 0.404999 0 0.71461600000000003 0.95563399999999998 0.69528100000000004 0.013885 0.0144 0.013010000000000001 0.61289600000000033 0.8557549999999996 0.59970999999999985 0.02027 0.021398999999999998 0.020480999999999996 0.0020770000000000003 0.002111 0.0020309999999999998 12152.917837675817 12152.917837675817 12152.917837675817 0.71155990528964419 0.71155990528964419 0.71155990528964419 1 1 1 Converged Converged Converged OK OK OK 247 247 247 247 247 247 9 9 9 0 0 0 0 1 0 0 1
10 10 linear 1 15 101 2 0.0001 1.6869965260211353 0.00017213162835819022 8.1133264861482082e-05 0.00028383060944670843 4.3678813767388989e-05 0.00028876915600349427 0.5 1.5663271356508622e-06 10448.768951243697 OK 14 13 1.3575200000000001 1.4070069999999999 0.73035600000000001 0.60921700000000001 0.44220700000000002 0 0.74830300000000005 0.96479999999999988 0.73035600000000001 0.013469 0.014012 0.012252000000000001 0.64357599999999959 0.85284400000000049 0.63138500000000064 0.022225000000000002 0.021298999999999998 0.019879999999999998 0.0023810000000000003 0.002248 0.002215 10446.86286303879 10446.86286303879 10446.86286303879 0.13117321511078317 0.13117321511078317 0.13117321511078317 1 1 1 Converged Converged Converged OK OK OK 248 248 248 248 248 248 8 8 8 0 0 0 0 1 0 0 1
10 10 linear 1 23 101 3 0.0001 1.6869965260211353 0.00017213162835819022 8.1133264861482082e-05 0.00028383060944670843 4.3678813767388989e-05 0.00030005726241900482 0.5 -9.7217792798596873e-06 8711.6570045095923 OK 15 14 1.1688940000000001 1.213695 0.54936099999999999 0.60686499999999999 0.44895400000000002 0 0.56202900000000011 0.76474099999999989 0.54936099999999999 0.013958 0.014271000000000001 0.013029000000000001 0.49238099999999985 0.6912269999999997 0.4824480000000001 0.012057000000000002 0.014195000000000001 0.011423999999999998 0.0023040000000000001 0.0024009999999999999 0.0021250000000000002 8711.2483464488105 8711.2483464488105 8711.2483464488105 0.23734013798828468 0.23734013798828468 0.23734013798828468 1 1 1 Converged Converged Converged OK OK OK 199 199 199 199 199 199 9 9 9 0 0 0 0 1 0 0 1
10 10 linear 2 0 102 0 0.001 1.6869965260211353 0.00017213162835819022 8.1133264861482082e-05 -1.098034710013488 -0.0028197008899247468 -1.0980509366664604 0.5 1.0983412721495995 1.5080495614059628 OK 13 12 0.45085399999999998 0.448629 0.12651899999999999 0.318413 0.317882 0 0.13244099999999998 0.130747 0.12651899999999999 0.012293 0.0089960000000000005 0.0085990000000000007 0.098213000000000009 0.10015199999999999 0.09630200000000004 0.0030990000000000002 0.0031149999999999997 0.0032319999999999996 0.00071900000000000002 0.00069700000000000003 0.00070599999999999992 1.5080492840038666 1.5080492840038666 1.5080492840038666 0.00073716070308512229 0.00073716070308512229 0.00073716070308512229 1 1 1 Converged Converged Converged OK OK OK 61 61 61 61 61 61 3 3 3 0 0 0 0 0 1 0 0
10 10 linear 2 7 102 1 0.001 1.6869965260211353 0.00017213162835819022 8.1133264861482082e-05 -1.098034710013488 -0.0028197008899247468 -1.0980410595733467 0.5 1.0983313950564859 1.5082537917047421 OK 13 12 0.45062200000000002 0.35542499999999999 0.120738 0.32643800000000001 0.181646 0 0.12418400000000002 0.17377899999999999 0.120738 0.0083660000000000002 0.0083549999999999996 0.0076909999999999999 0.096737000000000031 0.14603799999999995 0.094297999999999993 0.0031190000000000002 0.003418 0.0031779999999999998 0.00068800000000000003 0.00071900000000000002 0.00068800000000000003 1.5082535143633489 1.5082535143633489 1.5082535143633489 0.00073791338511559142 0.00073791338511559142 0.00073791338511559142 1 1 1 Converged Converged Converged OK OK OK 61 61 61 61 61 61 3 3 3 0 0 0 0 1 0 0 1
10 10 linear 2 15 102 2 0.001 1.6869965260211353 0.00017213162835819022 8.1133264861482082e-05 -1.098034710013488 -0.0028197008899247468 -1.0980297714669311 0.5 1.0983201069500703 1.5084890133335729 OK 13 12 0.442494 0.34201500000000001 0.124528 0.309894 0.17000799999999999 0 0.1326 0.17200700000000002 0.124528 0.0082550000000000002 0.0082649999999999998 0.0076550000000000003 0.10452500000000003 0.14469399999999999 0.098254000000000008 0.0034930000000000004 0.0032850000000000002 0.0031949999999999999 0.0007490000000000001 0.00068999999999999997 0.00067199999999999996 1.5084887360567376 1.5084887360567376 1.5084887360567376 0.00073877539503915872 0.00073877539503915872 0.00073877539503915872 1 1 1 Converged Converged Converged OK OK OK 61 61 61 61 61 61 3 3 3 0 0 0 0 1 0 0 1
10 10 linear 2 23 102 3 0.001 1.6869965260211353 0.00017213162835819022 8.1133264861482082e-05 -1.098034710013488 -0.0028197008899247468 -1.0980184833605156 0.5 1.0983088188436547 1.5087261747724543 OK 13 12 0.45764199999999999 0.35976399999999997 0.122255 0.33198899999999998 0.18452499999999999 0 0.12565300000000001 0.17523899999999998 0.122255 0.0081790000000000005 0.0084600000000000005 0.0077910000000000002 0.097890000000000046 0.14688299999999996 0.095823000000000005 0.0034019999999999996 0.0034150000000000001 0.0031479999999999998 0.00072000000000000005 0.00071200000000000007 0.000678 1.508725897557301 1.508725897557301 1.508725897557301 0.00073963932801112461 0.00073963932801112461 0.00073963932801112461 1 1 1 Converged Converged Converged OK OK OK 61 61 61 61 61 61 3 3 3 0 0 0 0 1 0 0 1
10 10 linear 2 0 102 0 0.0001 1.6869965260211353 0.00017213162835819022 8.1133264861482082e-05 -1.098034710013488 -0.0028197008899247468 -1.0980509366664604 0.5 1.0983412721495995 1.5080495614059628 OK 13 12 0.51382700000000003 0.51405900000000004 0.19501599999999999 0.31569199999999997 0.31718099999999999 0 0.19813500000000006 0.19687800000000005 0.19501599999999999 0.0088520000000000005 0.0090830000000000008 0.0086070000000000001 0.15523899999999993 0.154304 0.15322899999999995 0.0049090000000000002 0.0048400000000000006 0.0047539999999999995 0.00094400000000000018 0.00093800000000000003 0.00090300000000000005 1.5080492844018749 1.5080492844018749 1.5080492844018749 2.9970499923152499e-09 2.9970499923152499e-09 2.9970499923152499e-09 1 1 1 Converged Converged Converged OK OK OK 93 93 93 93 93 93 3 3 3 0 0 0 0 0 1 0 0
10 10 linear 2 7 102 1 0.0001 1.6869965260211353 0.00017213162835819022 8.1133264861482082e-05 -1.098034710013488 -0.0028197008899247468 -1.0980410595733467 0.5 1.0983313950564859 1.5082537917047421 OK 13 12 0.51897499999999996 0.43503199999999997 0.18568100000000001 0.32623400000000002 0.17959700000000001 0 0.19274099999999994 0.25543499999999997 0.18568100000000001 0.0082470000000000009 0.0082229999999999994 0.0077840000000000001 0.15508900000000003 0.21808100000000008 0.14951000000000003 0.0050589999999999993 0.0050470000000000003 0.0048820000000000001 0.00092000000000000014 0.00090300000000000005 0.00091700000000000006 1.5082535147620804 1.5082535147620804 1.5082535147620804 2.9980633047870457e-09 2.9980633047870457e-09 2.9980633047870457e-09 1 1 1 Converged Converged Converged OK OK OK 93 93 93 93 93 93 3 3 3 0 0 0 0 1 0 0 1
10 10 linear 2 15 102 2 0.0001 1.6869965260211353 0.00017213162835819022 8.1133264861482082e-05 -1.098034710013488 -0.0028197008899247468 -1.0980297714669311 0.5 1.0983201069500703 1.5084890133335729 OK 13 12 0.50646100000000005 0.43154999999999999 0.19556399999999999 0.31046899999999999 0.169988 0 0.19599200000000006 0.26156199999999996 0.19556399999999999 0.0082310000000000005 0.0082529999999999999 0.0076249999999999998 0.15855999999999995 0.22440700000000005 0.15958799999999998 0.0049959999999999996 0.0049090000000000002 0.0048270000000000006 0.00093300000000000002 0.00092099999999999994 0.00089800000000000004 1.5084887364559734 1.5084887364559734 1.5084887364559734 2.9986976108721171e-09 2.9986976108721171e-09 2.9986976108721171e-09 1 1 1 Converged Converged Converged OK OK OK 93 93 93 93 93 93 3 3 3 0 0 0 0 1 0 0 1
10 10 linear 2 23 102 3 0.0001 1.6869965260211353 0.00017213162835819022 8.1133264861482082e-05 -1.098034710013488 -0.0028197008899247468 -1.0980184833605156 0.5 1.0983088188436547 1.5087261747724543 OK 13 12 0.52585999999999999 0.44842100000000001 0.19067500000000001 0.33100800000000002 0.184332 0 0.19485199999999997 0.26408900000000002 0.19067500000000001 0.0081890000000000001 0.0082979999999999998 0.0076559999999999996 0.15733900000000009 0.22670399999999996 0.15048999999999996 0.0051150000000000006 0.0050639999999999999 0.0049659999999999999 0.000919 0.00090499999999999999 0.00091200000000000005 1.5087258979566849 1.5087258979566849 1.5087258979566849 2.9983837626200193e-09 2.9983837626200193e-09 2.9983837626200193e-09 1 1 1 Converged Converged Converged OK OK OK 93 93 93 93 93 93 3 3 3 0 0 0 0 1 0 0 1
10 10 linear 3 0 103 0 0.001 1.6869965260211353 0.00017213162835819022 8.1133264861482082e-05 -1.0926889698532432 -0.0049702479106527968 -1.0927051965062156 0.5 1.0929955319893547 8.5807751910022283 OK 15 14 0.61890500000000004 0.61921499999999996 0.24079400000000001 0.37330799999999997 0.37491600000000003 0 0.24559700000000007 0.24429899999999993 0.24079400000000001 0.060088999999999997 0.061435999999999998 0.058748000000000002 0.14967900000000001 0.14704800000000004 0.14647500000000008 0.0050429999999999997 0.0051120000000000011 0.0051310000000000001 0.0011350000000000002 0.001157 0.0011530000000000002 8.5807700623788996 8.5807700623788996 8.5807700623788996 0.0085341029397042901 0.0085341029397042901 0.0085341029397042901 1 1 1 Converged Converged Converged OK OK OK 91 91 91 91 91 91 5 5 5 0 0 0 0 0 1 0 0
10 10 linear 3 7 103 1 0.001 1.6869965260211353 0.00017213162835819022 8.1133264861482082e-05 -1.0926889698532432 -0.0049702479106527968 -1.0926953194131019 0.5 1.0929856548962411 8.7967109895641276 OK 15 14 0.60433800000000004 0.51212299999999999 0.22986500000000001 0.36419800000000002 0.21401700000000001 0 0.24014000000000002 0.29810599999999998 0.22986500000000001 0.061842000000000001 0.061066000000000002 0.056799000000000002 0.14778799999999992 0.20793000000000003 0.1446940000000001 0.0057499999999999999 0.0051029999999999999 0.0049499999999999995 0.0012860000000000003 0.001214 0.0011870000000000001 8.7967055417650553 8.7967055417650553 8.7967055417650553 0.0087628642403819266 0.0087628642403819266 0.0087628642403819266 1 1 1 Converged Converged Converged OK OK OK 91 91 91 91 91 91 5 5 5 0 0 0 0 1 0 0 1
10 10 linear 3 15 103 2 0.001 1.6869965260211353 0.00017213162835819022 8.1133264861482082e-05 -1.0926889698532432 -0.0049702479106527968 -1.0926840313066863 0.5 1.0929743667898255 9.0757386072904627 OK 15 14 0.611599 0.51966299999999999 0.22878100000000001 0.36829800000000001 0.22173000000000001 0 0.24330099999999999 0.297933 0.22878100000000001 0.060666999999999999 0.061015 0.056176999999999998 0.15320299999999995 0.20687599999999989 0.14453399999999997 0.0050669999999999995 0.0055729999999999998 0.0048529999999999997 0.0011119999999999999 0.0012359999999999999 0.001078 9.0757328554623591 9.0757328554623591 9.0757328554623591 0.0090590745103489873 0.0090590745103489873 0.0090590745103489873 1 1 1 Converged Converged Converged OK OK OK 91 91 91 91 91 91 5 5 5 0 0 0 0 1 0 0 1
10 10 linear 3 23 103 3 0.001 1.6869965260211353 0.00017213162835819022 8.1133264861482082e-05 -1.0926889698532432 -0.0049702479106527968 -1.0926727432002707 0.5 1.0929630786834099 9.3988972013500636 OK 15 14 0.62284399999999995 0.53902499999999998 0.255249 0.353829 0.204595 0 0.26901499999999995 0.33443000000000001 0.255249 0.062945000000000001 0.061476999999999997 0.058068000000000002 0.16537700000000002 0.23683300000000007 0.16233800000000001 0.010790999999999999 0.006487999999999999 0.006019 0.0013849999999999999 0.001284 0.0012700000000000001 9.3988912935083846 9.3988912935083846 9.3988912935083846 0.0028726299593912893 0.0028726299593912893 0.0028726299593912893 1 1 1 Converged Converged Converged OK OK OK 107 107 107 107 107 107 5 5 5 0 0 0 0 1 0 0 1
10 10 linear 3 0 103 0 0.0001 1.6869965260211353 0.00017213162835819022 8.1133264861482082e-05 -1.0926889698532432 -0.0049702479106527968 -1.0927051965062156 0.5 1.0929955319893547 8.5807751910022283 OK 15 14 0.70631100000000002 0.69818899999999995 0.32188 0.377604 0.36979099999999998 0 0.32870700000000003 0.32839799999999997 0.32188 0.060741000000000003 0.060642000000000001 0.058618000000000003 0.21194199999999999 0.21246300000000004 0.20743300000000006 0.0078759999999999993 0.0077480000000000005 0.0079660000000000009 0.0014419999999999999 0.001519 0.0015010000000000004 8.5807700905631066 8.5807700905631066 8.5807700905631066 0.00023903775679907276 0.00023903775679907276 0.00023903775679907276 1 1 1 Converged Converged Converged OK OK OK 139 139 139 139 139 139 5 5 5 0 0 0 0 0 1 0 0
10 10 linear 3 7 103 1 0.0001 1.6869965260211353 0.00017213162835819022 8.1133264861482082e-05 -1.0926889698532432 -0.0049702479106527968 -1.0926953194131019 0.5 1.0929856548962411 8.7967109895641276 OK 15 14 0.68094399999999999 0.63774399999999998 0.30821199999999999 0.36074299999999998 0.21026500000000001 0 0.32020100000000001 0.42747899999999994 0.30821199999999999 0.059952999999999999 0.060773000000000001 0.056689000000000003 0.21579800000000005 0.32215600000000011 0.20781500000000006 0.007809 0.0079179999999999997 0.00762 0.00167 0.001634 0.0016350000000000002 8.7967055737668503 8.7967055737668503 8.7967055737668503 0.00023914521777878742 0.00023914521777878742 0.00023914521777878742 1 1 1 Converged Converged Converged OK OK OK 139 139 139 139 139 139 5 5 5 0 0 0 0 1 0 0 1
10 10 linear 3 15 103 2 0.0001 1.6869965260211353 0.00017213162835819022 8.1133264861482082e-05 -1.0926889698532432 -0.0049702479106527968 -1.0926840313066863 0.5 1.0929743667898255 9.0757386072904627 OK 15 14 0.68532400000000004 0.64873499999999995 0.30734600000000001 0.368952 0.21932299999999999 0 0.31637200000000004 0.42941199999999996 0.30734600000000001 0.060650000000000003 0.057575000000000001 0.055988999999999997 0.21246499999999993 0.32805699999999993 0.20833199999999996 0.0075840000000000005 0.007757 0.0077460000000000003 0.0014949999999999998 0.0014859999999999999 0.0014859999999999999 9.0757328931125532 9.0757328931125532 9.0757328931125532 0.00023931408519759826 0.00023931408519759826 0.00023931408519759826 1 1 1 Converged Converged Converged OK OK OK 139 139 139 139 139 139 5 5 5 0 0 0 0 1 0 0 1
10 10 linear 3 23 103 3 0.0001 1.6869965260211353 0.00017213162835819022 8.1133264861482082e-05 -1.0926889698532432 -0.0049702479106527968 -1.0926727432002707 0.5 1.0929630786834099 9.3988972013500636 OK 15 14 0.67143299999999995 0.626413 0.30670199999999997 0.358151 0.208145 0 0.31328199999999995 0.41826799999999997 0.30670199999999997 0.061402999999999999 0.060877000000000001 0.057903999999999997 0.20823600000000003 0.31330400000000014 0.20492699999999994 0.0077139999999999995 0.0079539999999999993 0.0079690000000000004 0.001456 0.0014730000000000001 0.001508 9.3988912949088927 9.3988912949088927 9.3988912949088927 0.0002395631424854208 0.0002395631424854208 0.0002395631424854208 1 1 1 Converged Converged Converged OK OK OK 139 139 139 139 139 139 5 5 5 0 0 0 0 1 0 0 1
10 10 linear 4 0 104 0 0.001 1.6869965260211353 0.00017213162835819022 8.1133264861482082e-05 -1.0950010129531382 -0.0054115187600874077 -1.0950172396061106 0.5 1.0953075750892498 8.6914484550610513 OK 15 14 0.57017200000000001 0.564299 0.19352900000000001 0.37239499999999998 0.37426399999999999 0 0.19777700000000004 0.19003500000000001 0.19352900000000001 0.014707 0.014482999999999999 0.013942 0.14747299999999999 0.14100400000000002 0.145315 0.0050200000000000002 0.0047599999999999995 0.0045990000000000007 0.0011689999999999999 0.0010990000000000002 0.001077 8.6914431237434293 8.6914431237434293 8.6914431237434293 0.0086444748036992817 0.0086444748036992817 0.0086444748036992817 1 1 1 Converged Converged Converged OK OK OK 91 91 91 91 91 91 5 5 5 0 0 0 0 0 1 0 0
10 10 linear 4 7 104 1 0.001 1.6869965260211353 0.00017213162835819022 8.1133264861482082e-05 -1.0950010129531382 -0.0054115187600874077 -1.095007362512997 0.5 1.0952976979961362 8.4950833381691133 OK 15 14 0.56095600000000001 0.47434500000000002 0.18485399999999999 0.37118400000000001 0.221529 0 0.189772 0.25281600000000004 0.18485399999999999 0.01367 0.013487000000000001 0.012773 0.14749900000000005 0.21061199999999997 0.14403700000000003 0.0049910000000000006 0.0049020000000000001 0.0047520000000000001 0.001173 0.0011929999999999998 0.0011459999999999999 8.4950781016619956 8.4950781016619956 8.4950781016619956 0.0084256522171749816 0.0084256522171749816 0.0084256522171749816 1 1 1 Converged Converged Converged OK OK OK 91 91 91 91 91 91 5 5 5 0 0 0 0 1 0 0 1
10 10 linear 4 15 104 2 0.001 1.6869965260211353 0.00017213162835819022 8.1133264861482082e-05 -1.0950010129531382 -0.0054115187600874077 -1.0949960744065814 0.5 1.0952864098897206 8.2930276427674503 OK 15 14 0.56661399999999995 0.48777500000000001 0.181649 0.38085000000000002 0.23878099999999999 0 0.18576399999999993 0.24899400000000002 0.181649 0.013514999999999999 0.013688000000000001 0.012744999999999999 0.14388800000000002 0.20685499999999993 0.14100000000000004 0.0047679999999999997 0.004888 0.0047569999999999999 0.001091 0.001052 0.001057 8.2930225590066868 8.2930225590066868 8.2930225590066868 0.0082042785423142861 0.0082042785423142861 0.0082042785423142861 1 1 1 Converged Converged Converged OK OK OK 91 91 91 91 91 91 5 5 5 0 0 0 0 1 0 0 1
10 10 linear 4 23 104 3 0.001 1.6869965260211353 0.00017213162835819022 8.1133264861482082e-05 -1.0950010129531382 -0.0054115187600874077 -1.0949847863001658 0.5 1.095275121783305 8.1109003672476483 OK 15 14 0.54733600000000004 0.46517399999999998 0.18065600000000001 0.360259 0.21657499999999999 0 0.18707700000000005 0.24859899999999999 0.18065600000000001 0.013480000000000001 0.013549 0.012789999999999999 0.14501199999999997 0.20642699999999997 0.14006799999999991 0.004797 0.0050659999999999993 0.0047589999999999993 0.00106 0.0011119999999999999 0.0010049999999999998 8.1108955578870283 8.1108955578870283 8.1108955578870283 0.0080080214274932098 0.0080080214274932098 0.0080080214274932098 1 1 1 Converged Converged Converged OK OK OK 91 91 91 91 91 91 5 5 5 0 0 0 0 1 0 0 1
10 10 linear 4 0 104 0 0.0001 1.6869965260211353 0.00017213162835819022 8.1133264861482082e-05 -1.0950010129531382 -0.0054115187600874077 -1.0950172396061106 0.5 1.0953075750892498 8.6914484550610513 OK 15 14 0.66227599999999998 0.63804000000000005 0.267648 0.382158 0.36936600000000003 0 0.28011799999999998 0.26867400000000002 0.267648 0.014756 0.014579999999999999 0.014024999999999999 0.20914200000000008 0.19955500000000007 0.19922399999999993 0.0077619999999999998 0.0075150000000000008 0.007529000000000001 0.0015310000000000002 0.0014749999999999997 0.001505 8.6914431510933383 8.6914431510933383 8.6914431510933383 0.00023789370977210723 0.00023789370977210723 0.00023789370977210723 1 1 1 Converged Converged Converged OK OK OK 139 139 139 139 139 139 5 5 5 0 0 0 0 0 1 0 0
10 10 linear 4 7 104 1 0.0001 1.6869965260211353 0.00017213162835819022 8.1133264861482082e-05 -1.0950010129531382 -0.0054115187600874077 -1.095007362512997 0.5 1.0952976979961362 8.4950833381691133 OK 15 14 0.639795 0.58985100000000001 0.26371800000000001 0.37120599999999998 0.22280900000000001 0 0.26858900000000002 0.36704199999999998 0.26371800000000001 0.013655 0.013523 0.012838 0.20876900000000007 0.30960100000000002 0.20793600000000009 0.010336000000000001 0.0077130000000000002 0.0073980000000000001 0.0015639999999999996 0.0016069999999999999 0.0015820000000000001 8.4950781257082628 8.4950781257082628 8.4950781257082628 0.00023781971197077317 0.00023781971197077317 0.00023781971197077317 1 1 1 Converged Converged Converged OK OK OK 139 139 139 139 139 139 5 5 5 0 0 0 0 1 0 0 1
10 10 linear 4 15 104 2 0.0001 1.6869965260211353 0.00017213162835819022 8.1133264861482082e-05 -1.0950010129531382 -0.0054115187600874077 -1.0949960744065814 0.5 1.0952864098897206 8.2930276427674503 OK 15 14 0.64557500000000001 0.60891899999999999 0.25876399999999999 0.38065900000000003 0.23741000000000001 0 0.26491599999999998 0.37150899999999998 0.25876399999999999 0.013502 0.01346 0.012758 0.20767099999999999 0.31416500000000008 0.20338799999999987 0.007588000000000001 0.0076410000000000002 0.007489 0.0014640000000000002 0.0015280000000000003 0.0014599999999999999 8.2930225800623312 8.2930225800623312 8.2930225800623312 0.00023775834100346217 0.00023775834100346217 0.00023775834100346217 1 1 1 Converged Converged Converged OK OK OK 139 139 139 139 139 139 5 5 5 0 0 0 0 1 0 0 1
10 10 linear 4 23 104 3 0.0001 1.6869965260211353 0.00017213162835819022 8.1133264861482082e-05 -1.0950010129531382 -0.0054115187600874077 -1.0949847863001658 0.5 1.095275121783305 8.1109003672476483 OK 15 14 0.62761 0.59065599999999996 0.256216 0.361232 0.217753 0 0.266378 0.37290299999999998 0.256216 0.017340000000000001 0.013521999999999999 0.012765 0.20560100000000001 0.31581299999999995 0.20094499999999993 0.0075780000000000005 0.0077770000000000001 0.0074689999999999999 0.0014350000000000001 0.0014780000000000001 0.001408 8.1108955765605888 8.1108955765605888 8.1108955765605888 0.00023771427718737728 0.00023771427718737728 0.00023771427718737728 1 1 1 Converged Converged Converged OK OK OK 139 139 139 139 139 139 5 5 5 0 0 0 0 1 0 0 1
10 10 uniform 0 0 105 0 0.001 1.6869965260211353 0.00017213162835819022 8.1133264861482082e-05 -1.1049483822203647 -3.5241517475487055e-06 -1.1049646088733371 0 1.1052549443564763 41.824875436801825 OK 15 15 0.97636900000000004 0.97282500000000005 0.33144899999999999 0.64085000000000003 0.64049699999999998 0 0.33551900000000001 0.33232800000000007 0.33144899999999999 0.010064999999999999 0.010023000000000001 0.0091889999999999993 0.28450299999999984 0.28359899999999999 0.28484700000000007 0.007234 0.0061259999999999995 0.0058440000000000002 0.0011510000000000001 0.0010859999999999999 0.0010099999999999998 41.82455013832687 41.82455013832687 41.82455013832687 0.034311273370918806 0.034311273370918806 0.034311273370918806 1 1 1 Converged Converged Converged OK OK OK 128 128 128 128 128 128 8 8 8 0 0 0 0 0 1 0 0
10 10 uniform 0 7 105 1 0.001 1.6869965260211353 0.00017213162835819022 8.1133264861482082e-05 -1.1049483822203647 -3.5241517475487055e-06 -1.1049547317802235 0 1.1052450672633627 42.058531627939473 OK 15 15 0.92938699999999996 0.80771599999999999 0.31426100000000001 0.60988500000000001 0.47547600000000001 0 0.31950199999999995 0.33223999999999998 0.31426100000000001 0.0089320000000000007 0.0088889999999999993 0.0082100000000000003 0.28067899999999996 0.2946740000000001 0.27838500000000005 0.0066210000000000001 0.0060350000000000004 0.0058019999999999999 0.001042 0.001031 0.00098700000000000003 42.058234824374544 42.058234824374544 42.058234824374544 0.034015797686193595 0.034015797686193595 0.034015797686193595 1 1 1 Converged Converged Converged OK OK OK 128 128 128 128 128 128 8 8 8 0 0 0 0 1 0 0 1
10 10 uniform 0 15 105 2 0.001 1.6869965260211353 0.00017213162835819022 8.1133264861482082e-05 -1.1049483822203647 -3.5241517475487055e-06 -1.1049434436738079 0 1.1052337791569471 42.319667067061374 OK 15 15 0.89702099999999996 0.77967900000000001 0.30943399999999999 0.58073200000000003 0.452872 0 0.31628899999999993 0.32680700000000001 0.30943399999999999 0.0089110000000000005 0.0088900000000000003 0.0082389999999999998 0.27804599999999979 0.28992100000000004 0.27381099999999986 0.0063569999999999998 0.0059110000000000013 0.0057479999999999996 0.001008 0.00096900000000000013 0.00095500000000000012 42.319406151585696 42.319406151585696 42.319406151585696 0.034139293659017439 0.034139293659017439 0.034139293659017439 1 1 1 Converged Converged Converged OK OK OK 128 128 128 128 128 128 8 8 8 0 0 0 0 1 0 0 1
10 10 uniform 0 23 105 3 0.001 1.6869965260211353 0.00017213162835819022 8.1133264861482082e-05 -1.1049483822203647 -3.5241517475487055e-06 -1.1049321555673923 0 1.1052224910505315 42.57420502313397 OK 15 15 0.93253200000000003 0.80340900000000004 0.31597599999999998 0.61727799999999999 0.47577900000000001 0 0.31525400000000003 0.32763000000000003 0.31597599999999998 0.0087980000000000003 0.0088859999999999998 0.008182 0.2784910000000001 0.29096200000000011 0.28060000000000007 0.0058840000000000012 0.005862 0.0058220000000000008 0.00094000000000000008 0.00095100000000000013 0.00095000000000000011 42.573985772848424 42.573985772848424 42.573985772848424 0.03458957981253568 0.03458957981253568 0.03458957981253568 1 1 1 Converged Converged Converged OK OK OK 128 128 128 128 128 128 8 8 8 0 0 0 0 1 0 0 1
10 10 uniform 0 0 105 0 0.0001 1.6869965260211353 0.00017213162835819022 8.1133264861482082e-05 -1.1049483822203647 -3.5241517475487055e-06 -1.1049646088733371 0 1.1052549443564763 41.824875436801825 OK 15 15 1.1795500000000001 1.1849810000000001 0.54237299999999999 0.64073000000000002 0.64023300000000005 0 0.53882000000000008 0.54474800000000001 0.54237299999999999 0.0099539999999999993 0.0098189999999999996 0.0094680000000000007 0.45507900000000001 0.46014899999999975 0.45748400000000033 0.015261 0.015873999999999999 0.016194999999999998 0.0016430000000000004 0.0017139999999999998 0.001678 41.824974166731067 41.824974166731067 41.824974166731067 0.0032340990188139073 0.0032340990188139073 0.0032340990188139073 1 1 1 Converged Converged Converged OK OK OK 216 216 216 216 216 216 8 8 8 0 0 0 0 0 1 0 0
10 10 uniform 0 7 105 1 0.0001 1.6869965260211353 0.00017213162835819022 8.1133264861482082e-05 -1.1049483822203647 -3.5241517475487055e-06 -1.1049547317802235 0 1.1052450672633627 42.058531627939473 OK 15 15 1.155872 1.062376 0.54093100000000005 0.61351299999999998 0.48014200000000001 0 0.54235900000000004 0.58223399999999992 0.54093100000000005 0.0088520000000000005 0.0091710000000000003 0.0083490000000000005 0.47492200000000018 0.51092799999999972 0.47418600000000011 0.015487000000000001 0.018318000000000001 0.016068000000000002 0.0016059999999999996 0.0016989999999999996 0.00164 42.058492992777161 42.058492992777161 42.058492992777161 0.0030981212538221808 0.0030981212538221808 0.0030981212538221808 1 1 1 Converged Converged Converged OK OK OK 224 224 224 224 224 224 8 8 8 0 0 0 0 1 0 0 1
10 10 uniform 0 15 105 2 0.0001 1.6869965260211353 0.00017213162835819022 8.1133264861482082e-05 -1.1049483822203647 -3.5241517475487055e-06 -1.1049434436738079 0 1.1052337791569471 42.319667067061374 OK 15 15 1.1257870000000001 1.031541 0.54113699999999998 0.587615 0.45391300000000001 0 0.53817200000000009 0.57762800000000003 0.54113699999999998 0.0088540000000000008 0.0089849999999999999 0.0082470000000000009 0.4739029999999998 0.51123200000000002 0.47204099999999982 0.015670000000000003 0.016885000000000001 0.015840999999999997 0.0016050000000000001 0.0016590000000000001 0.0015399999999999997 42.319630783861754 42.319630783861754 42.319630783861754 0.0024825750706621089 0.0024825750706621089 0.0024825750706621089 1 1 1 Converged Converged Converged OK OK OK 224 224 224 224 224 224 8 8 8 0 0 0 0 1 0 0 1
10 10 uniform 0 23 105 3 0.0001 1.6869965260211353 0.00017213162835819022 8.1133264861482082e-05 -1.1049483822203647 -3.5241517475487055e-06 -1.1049321555673923 0 1.1052224910505315 42.57420502313397 OK 15 15 1.1602889999999999 1.049892 0.53466499999999995 0.61812199999999995 0.47270499999999999 0 0.54216699999999995 0.57718700000000012 0.53466499999999995 0.0088109999999999994 0.0088570000000000003 0.0082660000000000008 0.47578100000000006 0.509158 0.47242399999999984 0.017549000000000002 0.018841 0.015559 0.0015800000000000002 0.0017549999999999998 0.001534 42.574174184459523 42.574174184459523 42.574174184459523 0.0021502891786809165 0.0021502891786809165 0.0021502891786809165 1 1 1 Converged Converged Converged OK OK OK 224 224 224 224 224 224 8 8 8 0 0 0 0 1 0 0 1
10 10 uniform 1 0 106 0 0.001 1.6869965260211353 0.00017213162835819022 8.1133264861482082e-05 0.00028383060944670843 4.3678813767388989e-05 0.00026760395647441203 0 2.2731526664733102e-05 13590.095635668893 OK 14 13 1.128803 1.1285609999999999 0.49374699999999999 0.63392199999999999 0.62963999999999998 0 0.49488100000000002 0.49892099999999995 0.49374699999999999 0.015102000000000001 0.015602 0.015205 0.40110200000000007 0.40137799999999985 0.39882100000000004 0.015472000000000001 0.018270999999999999 0.016641000000000003 0.001361 0.001446 0.001444 13590.986787974407 13590.986787974407 13590.986787974407 11.004678446029319 11.004678446029319 11.004678446029319 1 1 1 Converged Converged Converged OK OK OK 199 199 199 199 199 199 9 9 9 0 0 0 0 0 1 0 0
10 10 uniform 1 7 106 1 0.001 1.6869965260211353 0.00017213162835819022 8.1133264861482082e-05 0.00028383060944670843 4.3678813767388989e-05 0.00027748104958798373 0 1.2854433551161412e-05 12366.749802686156 OK 14 13 1.0421769999999999 1.075043 0.47791299999999998 0.56740199999999996 0.397507 0 0.47477499999999995 0.67753599999999992 0.47791299999999998 0.013573 0.014239 0.016840999999999998 0.39563399999999999 0.59508700000000003 0.39587599999999995 0.015583999999999999 0.017543000000000003 0.016104 0.0013020000000000002 0.0013760000000000001 0.0013160000000000001 12363.396058161597 12363.396058161597 12363.396058161597 10.618562162020499 10.618562162020499 10.618562162020499 1 1 1 Converged Converged Converged OK OK OK 199 199 199 199 199 199 9 9 9 0 0 0 0 1 0 0 1
10 10 uniform 1 15 106 2 0.001 1.6869965260211353 0.00017213162835819022 8.1133264861482082e-05 0.00028383060944670843 4.3678813767388989e-05 0.00028876915600349427 0 1.5663271356508622e-06 10730.817685426879 OK 14 13 1.1177060000000001 1.1153249999999999 0.51916099999999998 0.60436299999999998 0.442189 0 0.5133430000000001 0.67313599999999996 0.51916099999999998 0.013297 0.014095999999999999 0.012295 0.42355500000000007 0.58616499999999983 0.43497400000000014 0.021346999999999998 0.017686 0.017922 0.0015280000000000003 0.0015460000000000001 0.0015399999999999999 10731.385880866532 10731.385880866532 10731.385880866532 9.8385468991616101 9.8385468991616101 9.8385468991616101 1 1 1 Converged Converged Converged OK OK OK 200 200 200 200 200 200 8 8 8 0 0 0 0 1 0 0 1
10 10 uniform 1 23 106 3 0.001 1.6869965260211353 0.00017213162835819022 8.1133264861482082e-05 0.00028383060944670843 4.3678813767388989e-05 0.00030005726241900482 0 -9.7217792798596873e-06 8914.5526715762917 OK 15 14 1.003379 0.98877599999999999 0.39542699999999997 0.60791700000000004 0.441029 0 0.39546199999999998 0.54774699999999998 0.39542699999999997 0.013906999999999999 0.014251 0.012966 0.33449300000000004 0.48712299999999981 0.33821000000000001 0.011006999999999999 0.010756000000000002 0.0092000000000000016 0.0018379999999999998 0.001951 0.0017000000000000001 8913.7279116407717 8913.7279116407717 8913.7279116407717 6.0924009912467039 6.0924009912467039 6.0924009912467039 1 1 1 Converged Converged Converged OK OK OK 167 167 167 167 167 167 9 9 9 0 0 0 0 1 0 0 1
10 10 uniform 1 0 106 0 0.0001 1.6869965260211353 0.00017213162835819022 8.1133264861482082e-05 0.00028383060944670843 4.3678813767388989e-05 0.00026760395647441203 0 2.2731526664733102e-05 13590.095635668893 OK 14 13 1.215651 1.2107669999999999 0.58353500000000003 0.62612599999999996 0.62894499999999998 0 0.58952500000000008 0.58182199999999995 0.58353500000000003 0.014914999999999999 0.015415999999999999 0.015375 0.46235899999999985 0.45736599999999999 0.45929999999999999 0.021803999999999997 0.020059000000000004 0.020369999999999999 0.0022890000000000002 0.0021220000000000002 0.0021150000000000001 13590.992769605617 13590.992769605617 13590.992769605617 0.69039726282359737 0.69039726282359737 0.69039726282359737 1 1 1 Converged Converged Converged OK OK OK 247 247 247 247 247 247 9 9 9 0 0 0 0 0 1 0 0
10 10 uniform 1 7 106 1 0.0001 1.6869965260211353 0.00017213162835819022 8.1133264861482082e-05 0.00028383060944670843 4.3678813767388989e-05 0.00027748104958798373 0 1.2854433551161412e-05 12366.749802686156 OK 14 13 1.112609 1.2178610000000001 0.548288 0.56124099999999999 0.39703699999999997 0 0.55136799999999997 0.82082400000000011 0.548288 0.013707 0.014174000000000001 0.013013 0.45501700000000012 0.71754200000000012 0.45426499999999997 0.019568000000000002 0.019404999999999999 0.018956999999999998 0.0020089999999999999 0.0021210000000000001 0.002013 12363.402251262278 12363.402251262278 12363.402251262278 0.5623121872858815 0.5623121872858815 0.5623121872858815 1 1 1 Converged Converged Converged OK OK OK 247 247 247 247 247 247 9 9 9 0 0 0 0 1 0 0 1
10 10 uniform 1 15 106 2 0.0001 1.6869965260211353 0.00017213162835819022 8.1133264861482082e-05 0.00028383060944670843 4.3678813767388989e-05 0.00028876915600349427 0 1.5663271356508622e-06 10730.817685426879 OK 14 13 1.1585430000000001 1.1996990000000001 0.54757199999999995 0.60323800000000005 0.44823400000000002 0 0.55530500000000005 0.75146500000000005 0.54757199999999995 0.012997 0.014156999999999999 0.012120000000000001 0.46348200000000017 0.65365000000000029 0.45856199999999997 0.018600999999999999 0.019562999999999997 0.017924999999999996 0.0020080000000000002 0.0020279999999999999 0.0020170000000000006 10731.39325678623 10731.39325678623 10731.39325678623 1.0634661203645168 1.0634661203645168 1.0634661203645168 1 1 1 Converged Converged Converged OK OK OK 232 232 232 232 232 232 8 8 8 0 0 0 0 1 0 0 1
10 10 uniform 1 23 106 3 0.0001 1.6869965260211353 0.00017213162835819022 8.1133264861482082e-05 0.00028383060944670843 4.3678813767388989e-05 0.00030005726241900482 0 -9.7217792798596873e-06 8914.5526715762917 OK 15 14 1.043676 1.08535 0.43229899999999999 0.60663400000000001 0.44653399999999999 0 0.43704200000000004 0.63881600000000005 0.43229899999999999 0.013990000000000001 0.014112 0.013313999999999999 0.36734199999999989 0.56864899999999985 0.36552499999999977 0.012113000000000002 0.012215 0.011016999999999999 0.0023830000000000001 0.0022589999999999997 0.0022749999999999997 8913.7286493802512 8913.7286493802512 8913.7286493802512 0.13674095022725388 0.13674095022725388 0.13674095022725388 1 1 1 Converged Converged Converged OK OK OK 199 199 199 199 199 199 9 9 9 0 0 0 0 1 0 0 1
10 10 uniform 2 0 107 0 0.001 1.6869965260211353 0.00017213162835819022 8.1133264861482082e-05 -1.098034710013488 -0.0028197008899247468 -1.0980509366664604 0 1.0983412721495995 1.5080513554838222 OK 13 12 0.39332699999999998 0.38805099999999998 0.071446999999999997 0.32095800000000002 0.31606099999999998 0 0.072368999999999961 0.071989999999999998 0.071446999999999997 0.0086759999999999997 0.0090080000000000004 0.0085660000000000007 0.04756100000000002 0.047319 0.047220999999999985 0.002215 0.0021900000000000001 0.002176 0.00055199999999999997 0.00054600000000000004 0.00053600000000000002 1.5080513433169036 1.5080513433169036 1.5080513433169036 0.00053043458687786356 0.00053043458687786356 0.00053043458687786356 1 1 1 Converged Converged Converged OK OK OK 45 45 45 45 45 45 3 3 3 0 0 0 0 0 1 0 0
10 10 uniform 2 7 107 1 0.001 1.6869965260211353 0.00017213162835819022 8.1133264861482082e-05 -1.098034710013488 -0.0028197008899247468 -1.0980410595733467 0 1.0983313950564859 1.5082555853615764 OK 13 12 0.392459 0.291242 0.065033999999999995 0.3256 0.18446799999999999 0 0.066859000000000002 0.10677400000000001 0.065033999999999995 0.0081589999999999996 0.0082489999999999994 0.0076610000000000003 0.044695000000000006 0.084746000000000016 0.043889999999999992 0.002222 0.0022460000000000002 0.0021649999999999998 0.00053900000000000009 0.00054799999999999998 0.00052499999999999997 1.5082555731931508 1.5082555731931508 1.5082555731931508 0.00053050654763671693 0.00053050654763671693 0.00053050654763671693 1 1 1 Converged Converged Converged OK OK OK 45 45 45 45 45 45 3 3 3 0 0 0 0 1 0 0 1
10 10 uniform 2 15 107 2 0.001 1.6869965260211353 0.00017213162835819022 8.1133264861482082e-05 -1.098034710013488 -0.0028197008899247468 -1.0980297714669311 0 1.0983201069500703 1.5084908065333456 OK 13 12 0.38326399999999999 0.26837699999999998 0.069033999999999998 0.30926999999999999 0.16820199999999999 0 0.073994000000000004 0.10017499999999999 0.069033999999999998 0.0080289999999999997 0.0082730000000000008 0.0076179999999999998 0.052032999999999989 0.078117999999999993 0.04797000000000002 0.00215 0.002163 0.002153 0.00054900000000000001 0.00054099999999999992 0.00053200000000000003 1.5084907943621457 1.5084907943621457 1.5084907943621457 0.00053058942585990933 0.00053058942585990933 0.00053058942585990933 1 1 1 Converged Converged Converged OK OK OK 45 45 45 45 45 45 3 3 3 0 0 0 0 1 0 0 1
10 10 uniform 2 23 107 3 0.001 1.6869965260211353 0.00017213162835819022 8.1133264861482082e-05 -1.098034710013488 -0.0028197008899247468 -1.0980184833605156 0 1.0983088188436547 1.5087279675409284 OK 13 12 0.401756 0.291686 0.068673999999999999 0.33182499999999998 0.184224 0 0.069931000000000021 0.107462 0.068673999999999999 0.0082509999999999997 0.0082489999999999994 0.0076620000000000004 0.047860999999999994 0.085370999999999989 0.047617999999999987 0.00216 0.002271 0.002134 0.000544 0.00054800000000000009 0.00053300000000000005 1.5087279553692443 1.5087279553692443 1.5087279553692443 0.00053067298060009932 0.00053067298060009932 0.00053067298060009932 1 1 1 Converged Converged Converged OK OK OK 45 45 45 45 45 45 3 3 3 0 0 0 0 1 0 0 1
10 10 uniform 2 0 107 0 0.0001 1.6869965260211353 0.00017213162835819022 8.1133264861482082e-05 -1.098034710013488 -0.0028197008899247468 -1.0980509366664604 0 1.0983412721495995 1.5080513554838222 OK 13 12 0.43259199999999998 0.43513600000000002 0.114435 0.31717299999999998 0.31933400000000001 0 0.11541899999999999 0.11580200000000002 0.114435 0.0090130000000000002 0.0090489999999999998 0.0086040000000000005 0.079481999999999983 0.079597999999999988 0.079324999999999979 0.0038449999999999995 0.0038800000000000002 0.0038400000000000005 0.00081100000000000009 0.00083199999999999995 0.00078499999999999989 1.5080513433210776 1.5080513433210776 1.5080513433210776 4.9197556212328091e-05 4.9197556212328091e-05 4.9197556212328091e-05 1 1 1 Converged Converged Converged OK OK OK 77 77 77 77 77 77 3 3 3 0 0 0 0 0 1 0 0
10 10 uniform 2 7 107 1 0.0001 1.6869965260211353 0.00017213162835819022 8.1133264861482082e-05 -1.098034710013488 -0.0028197008899247468 -1.0980410595733467 0 1.0983313950564859 1.5082555853615764 OK 13 12 0.434975 0.35372900000000002 0.10696799999999999 0.326596 0.18074699999999999 0 0.108379 0.17298200000000002 0.10696799999999999 0.00826 0.0083099999999999997 0.0076689999999999996 0.076340000000000005 0.14100600000000002 0.075963000000000017 0.0038740000000000003 0.0037979999999999997 0.0038 0.00082400000000000008 0.00078299999999999995 0.00075499999999999992 1.5082555731974963 1.5082555731974963 1.5082555731974963 4.919852693405858e-05 4.919852693405858e-05 4.919852693405858e-05 1 1 1 Converged Converged Converged OK OK OK 77 77 77 77 77 77 3 3 3 0 0 0 0 1 0 0 1
10 10 uniform 2 15 107 2 0.0001 1.6869965260211353 0.00017213162835819022 8.1133264861482082e-05 -1.098034710013488 -0.0028197008899247468 -1.0980297714669311 0 1.0983201069500703 1.5084908065333456 OK 13 12 0.42463600000000001 0.35108600000000001 0.113552 0.310307 0.16831399999999999 0 0.11432900000000001 0.18277200000000002 0.113552 0.0081119999999999994 0.0082369999999999995 0.0076969999999999998 0.082672999999999996 0.15055799999999994 0.08277499999999996 0.0037879999999999997 0.0039249999999999997 0.0037460000000000002 0.00079999999999999993 0.00078899999999999999 0.00076300000000000001 1.50849079436683 1.50849079436683 1.50849079436683 4.9199637451769166e-05 4.9199637451769166e-05 4.9199637451769166e-05 1 1 1 Converged Converged Converged OK OK OK 77 77 77 77 77 77 3 3 3 0 0 0 0 1 0 0 1
10 10 uniform 2 23 107 3 0.0001 1.6869965260211353 0.00017213162835819022 8.1133264861482082e-05 -1.098034710013488 -0.0028197008899247468 -1.0980184833605156 0 1.0983088188436547 1.5087279675409284 OK 13 12 0.440077 0.37003999999999998 0.10804999999999999 0.33071299999999998 0.18551300000000001 0 0.10936400000000002 0.18452699999999997 0.10804999999999999 0.0081989999999999997 0.0082240000000000004 0.0076930000000000002 0.07757600000000002 0.152027 0.077333000000000041 0.0038500000000000001 0.0040569999999999998 0.003754 0.00081700000000000002 0.000785 0.00076300000000000001 1.5087279553733031 1.5087279553733031 1.5087279553733031 4.9200746802717224e-05 4.9200746802717224e-05 4.9200746802717224e-05 1 1 1 Converged Converged Converged OK OK OK 77 77 77 77 77 77 3 3 3 0 0 0 0 1 0 0 1
10 10 uniform 3 0 108 0 0.001 1.6869965260211353 0.00017213162835819022 8.1133264861482082e-05 -1.0926889698532432 -0.0049702479106527968 -1.0927051965062156 0 1.0929955319893547 8.6009550651920961 OK 15 14 0.55341600000000002 0.56011299999999997 0.176952 0.37096800000000002 0.370585 0 0.182448 0.18952799999999997 0.176952 0.061995000000000001 0.062429999999999999 0.058427 0.091197 0.091578000000000034 0.090363999999999986 0.0036459999999999995 0.0037550000000000001 0.0036360000000000003 0.00096600000000000006 0.00094800000000000006 0.00095100000000000002 8.6009549250954223 8.6009549250954223 8.6009549250954223 0.0042628569261509795 0.0042628569261509795 0.0042628569261509795 1 1 1 Converged Converged Converged OK OK OK 75 75 75 75 75 75 5 5 5 0 0 0 0 0 1 0 0
10 10 uniform 3 7 108 1 0.001 1.6869965260211353 0.00017213162835819022 8.1133264861482082e-05 -1.0926889698532432 -0.0049702479106527968 -1.0926953194131019 0 1.0929856548962411 8.820619483214136 OK 15 14 0.53692399999999996 0.43376100000000001 0.16900200000000001 0.36240899999999998 0.20986199999999999 0 0.17451499999999998 0.22389900000000001 0.16900200000000001 0.060762999999999998 0.061903 0.056370000000000003 0.089877000000000012 0.13844300000000001 0.089305999999999996 0.003738 0.0038300000000000001 0.0039060000000000002 0.0010319999999999999 0.001052 0.0010430000000000001 8.8206193154441568 8.8206193154441568 8.8206193154441568 0.0045192997366620856 0.0045192997366620856 0.0045192997366620856 1 1 1 Converged Converged Converged OK OK OK 75 75 75 75 75 75 5 5 5 0 0 0 0 1 0 0 1
10 10 uniform 3 15 108 2 0.001 1.6869965260211353 0.00017213162835819022 8.1133264861482082e-05 -1.0926889698532432 -0.0049702479106527968 -1.0926840313066863 0 1.0929743667898255 9.1053177120595379 OK 15 14 0.53865799999999997 0.44106699999999999 0.167347 0.36466999999999999 0.22157399999999999 0 0.17398799999999998 0.21949299999999999 0.167347 0.059490000000000001 0.059216999999999999 0.056135999999999998 0.091177999999999967 0.13674900000000004 0.088624999999999995 0.0037499999999999999 0.0039120000000000005 0.0036840000000000002 0.00093000000000000005 0.0010139999999999999 0.00091699999999999995 9.1053175183939103 9.1053175183939103 9.1053175183939103 0.0048803237312557779 0.0048803237312557779 0.0048803237312557779 1 1 1 Converged Converged Converged OK OK OK 75 75 75 75 75 75 5 5 5 0 0 0 0 1 0 0 1
10 10 uniform 3 23 108 3 0.001 1.6869965260211353 0.00017213162835819022 8.1133264861482082e-05 -1.0926889698532432 -0.0049702479106527968 -1.0926727432002707 0 1.0929630786834099 9.4364604366421059 OK 15 14 0.54026200000000002 0.43214000000000002 0.16814899999999999 0.36174299999999998 0.20569200000000001 0 0.17851900000000004 0.22644800000000001 0.16814899999999999 0.065438999999999997 0.060832999999999998 0.058106999999999999 0.088892000000000054 0.142369 0.087312999999999974 0.0038670000000000002 0.0038529999999999997 0.0036300000000000004 0.00094000000000000008 0.00091200000000000005 0.00091099999999999992 9.4364601926092462 9.4364601926092462 9.4364601926092462 0.0053474217667102844 0.0053474217667102844 0.0053474217667102844 1 1 1 Converged Converged Converged OK OK OK 75 75 75 75 75 75 5 5 5 0 0 0 0 1 0 0 1
10 10 uniform 3 0 108 0 0.0001 1.6869965260211353 0.00017213162835819022 8.1133264861482082e-05 -1.0926889698532432 -0.0049702479106527968 -1.0927051965062156 0 1.0929955319893547 8.6009550651920961 OK 15 14 0.59965000000000002 0.60119500000000003 0.22617699999999999 0.37314700000000001 0.371693 0 0.22650300000000001 0.22950200000000004 0.22617699999999999 0.059664000000000002 0.061781999999999997 0.059083999999999998 0.12573100000000004 0.12637600000000002 0.125746 0.0054040000000000008 0.005587 0.0055430000000000002 0.0011510000000000001 0.0011900000000000001 0.0012049999999999999 8.6009549420731322 8.6009549420731322 8.6009549420731322 0.00059967277612346616 0.00059967277612346616 0.00059967277612346616 1 1 1 Converged Converged Converged OK OK OK 107 107 107 107 107 107 5 5 5 0 0 0 0 0 1 0 0
10 10 uniform 3 7 108 1 0.0001 1.6869965260211353 0.00017213162835819022 8.1133264861482082e-05 -1.0926889698532432 -0.0049702479106527968 -1.0926953194131019 0 1.0929856548962411 8.820619483214136 OK 15 14 0.58076700000000003 0.50874799999999998 0.212784 0.36316900000000002 0.21626799999999999 0 0.21759800000000001 0.29247999999999996 0.212784 0.059109000000000002 0.061134000000000001 0.056133000000000002 0.12486299999999996 0.19794999999999996 0.12393599999999999 0.0054990000000000004 0.0056379999999999998 0.0054490000000000007 0.001217 0.001238 0.001273 8.8206193368047696 8.8206193368047696 8.8206193368047696 0.00059917853312553137 0.00059917853312553137 0.00059917853312553137 1 1 1 Converged Converged Converged OK OK OK 107 107 107 107 107 107 5 5 5 0 0 0 0 1 0 0 1
10 10 uniform 3 15 108 2 0.0001 1.6869965260211353 0.00017213162835819022 8.1133264861482082e-05 -1.0926889698532432 -0.0049702479106527968 -1.0926840313066863 0 1.0929743667898255 9.1053177120595379 OK 15 14 0.58790200000000004 0.51377200000000001 0.21315700000000001 0.36563099999999998 0.220885 0 0.22227100000000005 0.29288700000000001 0.21315700000000001 0.062704999999999997 0.058708999999999997 0.055905999999999997 0.126024 0.20108700000000002 0.12501599999999999 0.005764 0.0056109999999999997 0.0054310000000000001 0.0012290000000000001 0.0011970000000000001 0.001168 9.1053175467795207 9.1053175467795207 9.1053175467795207 0.00059862038463761973 0.00059862038463761973 0.00059862038463761973 1 1 1 Converged Converged Converged OK OK OK 107 107 107 107 107 107 5 5 5 0 0 0 0 1 0 0 1
10 10 uniform 3 23 108 3 0.0001 1.6869965260211353 0.00017213162835819022 8.1133264861482082e-05 -1.0926889698532432 -0.0049702479106527968 -1.0926727432002707 0 1.0929630786834099 9.4364604366421059 OK 15 14 0.57553200000000004 0.50010299999999996 0.21244499999999999 0.353128 0.20951800000000001 0 0.22240400000000005 0.29058499999999998 0.21244499999999999 0.062467000000000002 0.060717 0.057985000000000002 0.12238599999999995 0.19652200000000006 0.12193200000000005 0.0058070000000000005 0.0055429999999999993 0.0053879999999999996 0.0012079999999999999 0.0012470000000000001 0.001142 9.4364602315298924 9.4364602315298924 9.4364602315298924 0.00059807164466339541 0.00059807164466339541 0.00059807164466339541 1 1 1 Converged Converged Converged OK OK OK 107 107 107 107 107 107 5 5 5 0 0 0 0 1 0 0 1
10 10 uniform 4 0 109 0 0.001 1.6869965260211353 0.00017213162835819022 8.1133264861482082e-05 -1.0950010129531382 -0.0054115187600874077 -1.0950172396061106 0 1.0953075750892498 8.7102036160266216 OK 15 14 0.498504 0.49816700000000003 0.126828 0.37087599999999998 0.370139 0 0.12762800000000002 0.12802800000000003 0.126828 0.014524 0.014454 0.014071 0.084843000000000002 0.085425999999999988 0.084882000000000027 0.0036900000000000001 0.0038240000000000001 0.0036229999999999999 0.00093299999999999991 0.00095999999999999992 0.00092200000000000008 8.7102034772559076 8.7102034772559076 8.7102034772559076 0.0043803125336506306 0.0043803125336506306 0.0043803125336506306 1 1 1 Converged Converged Converged OK OK OK 75 75 75 75 75 75 5 5 5 0 0 0 0 0 1 0 0
10 10 uniform 4 7 109 1 0.001 1.6869965260211353 0.00017213162835819022 8.1133264861482082e-05 -1.0950010129531382 -0.0054115187600874077 -1.095007362512997 0 1.0952976979961362 8.5110734944944344 OK 15 14 0.497334 0.407891 0.12783800000000001 0.37137399999999998 0.22389500000000001 0 0.12596000000000002 0.18399599999999999 0.12783800000000001 0.013417 0.013825 0.01273 0.089381999999999989 0.14695900000000006 0.092568999999999999 0.0036539999999999997 0.0037290000000000001 0.003656 0.00098099999999999988 0.00096400000000000001 0.00097100000000000007 8.5110733691593197 8.5110733691593197 8.5110733691593197 0.0041533020972079494 0.0041533020972079494 0.0041533020972079494 1 1 1 Converged Converged Converged OK OK OK 75 75 75 75 75 75 5 5 5 0 0 0 0 1 0 0 1
10 10 uniform 4 15 109 2 0.001 1.6869965260211353 0.00017213162835819022 8.1133264861482082e-05 -1.0950010129531382 -0.0054115187600874077 -1.0949960744065814 0 1.0952864098897206 8.3065317051200704 OK 15 14 0.50206799999999996 0.42377999999999999 0.121626 0.37909599999999999 0.24073800000000001 0 0.12297199999999997 0.18304199999999998 0.121626 0.013488 0.013602 0.012784 0.086772000000000002 0.14630100000000001 0.086422999999999986 0.00363 0.0037329999999999998 0.0036589999999999999 0.00089999999999999998 0.00093300000000000002 0.00089999999999999998 8.3065315941377609 8.3065315941377609 8.3065315941377609 0.0039333692079143532 0.0039333692079143532 0.0039333692079143532 1 1 1 Converged Converged Converged OK OK OK 75 75 75 75 75 75 5 5 5 0 0 0 0 1 0 0 1
10 10 uniform 4 23 109 3 0.001 1.6869965260211353 0.00017213162835819022 8.1133264861482082e-05 -1.0950010129531382 -0.0054115187600874077 -1.0949847863001658 0 1.095275121783305 8.1224427121748715 OK 15 14 0.487427 0.39619500000000002 0.12066399999999999 0.36246699999999998 0.216867 0 0.12496000000000002 0.17932800000000002 0.12066399999999999 0.013516 0.013429999999999999 0.012747 0.086086999999999983 0.14323700000000003 0.085785999999999973 0.0063459999999999983 0.0036909999999999998 0.0036139999999999996 0.00086600000000000002 0.00092000000000000003 0.00089499999999999996 8.1224426172034736 8.1224426172034736 8.1224426172034736 0.0037460692369274506 0.0037460692369274506 0.0037460692369274506 1 1 1 Converged Converged Converged OK OK OK 75 75 75 75 75 75 5 5 5 0 0 0 0 1 0 0 1
10 10 uniform 4 0 109 0 0.0001 1.6869965260211353 0.00017213162835819022 8.1133264861482082e-05 -1.0950010129531382 -0.0054115187600874077 -1.0950172396061106 0 1.0953075750892498 8.7102036160266216 OK 15 14 0.54454400000000003 0.54808299999999999 0.17390800000000001 0.36935499999999999 0.36898300000000001 0 0.17518900000000004 0.17909999999999998 0.17390800000000001 0.014411 0.014315 0.013828 0.12040800000000002 0.12440399999999993 0.11998199999999999 0.0052659999999999998 0.0053200000000000001 0.0052519999999999997 0.001225 0.0012390000000000003 0.0011960000000000002 8.7102034984838479 8.7102034984838479 8.7102034984838479 0.00063120607904525942 0.00063120607904525942 0.00063120607904525942 1 1 1 Converged Converged Converged OK OK OK 107 107 107 107 107 107 5 5 5 0 0 0 0 0 1 0 0
10 10 uniform 4 7 109 1 0.0001 1.6869965260211353 0.00017213162835819022 8.1133264861482082e-05 -1.0950010129531382 -0.0054115187600874077 -1.095007362512997 0 1.0952976979961362 8.5110734944944344 OK 15 14 0.54462600000000005 0.46714899999999998 0.169374 0.37307699999999999 0.22425999999999999 0 0.17154900000000006 0.24288899999999999 0.169374 0.01359 0.01341 0.012907 0.12516200000000002 0.19602199999999997 0.12453799999999997 0.005203000000000001 0.0057959999999999999 0.0051700000000000001 0.001209 0.0012110000000000001 0.0011789999999999999 8.5110733857227956 8.5110733857227956 8.5110733857227956 0.00063193841486133351 0.00063193841486133351 0.00063193841486133351 1 1 1 Converged Converged Converged OK OK OK 107 107 107 107 107 107 5 5 5 0 0 0 0 1 0 0 1
10 10 uniform 4 15 109 2 0.0001 1.6869965260211353 0.00017213162835819022 8.1133264861482082e-05 -1.0950010129531382 -0.0054115187600874077 -1.0949960744065814 0 1.0952864098897206 8.3065317051200704 OK 15 14 0.55330400000000002 0.47928100000000001 0.16649 0.37952799999999998 0.236738 0 0.17377600000000004 0.24254300000000001 0.16649 0.013481 0.013454000000000001 0.012671 0.12753099999999995 0.19581800000000008 0.12188199999999999 0.0053040000000000006 0.0054409999999999997 0.0052680000000000001 0.001157 0.0012170000000000002 0.0011619999999999998 8.3065316067129213 8.3065316067129213 8.3065316067129213 0.000632783798373592 0.000632783798373592 0.000632783798373592 1 1 1 Converged Converged Converged OK OK OK 107 107 107 107 107 107 5 5 5 0 0 0 0 1 0 0 1
10 10 uniform 4 23 109 3 0.0001 1.6869965260211353 0.00017213162835819022 8.1133264861482082e-05 -1.0950010129531382 -0.0054115187600874077 -1.0949847863001658 0 1.095275121783305 8.1224427121748715 OK 15 14 0.53404600000000002 0.46100099999999999 0.16555 0.36735099999999998 0.220023 0 0.16669500000000004 0.240978 0.16555 0.013450999999999999 0.013733 0.012898 0.12082700000000005 0.19475500000000009 0.12091499999999999 0.0053220000000000003 0.0054359999999999999 0.0051959999999999992 0.0011460000000000001 0.0011329999999999999 0.0011150000000000001 8.1224426268041903 8.1224426268041903 8.1224426268041903 0.00063363769827360131 0.00063363769827360131 0.00063363769827360131 1 1 1 Converged Converged Converged OK OK OK 107 107 107 107 107 107 5 5 5 0 0 0 0 1 0 0 1
11 11 linear 0 0 110 0 0.001 0.52646001426312516 0.0088934560449414734 0.87987490973474936 1.07642324403512 -0.32492085109414814 0.90044826208817019 0.5 -0.89580748563331747 1.553674416129726 OK 17 16 0.72216999999999998 0.71006400000000003 0.38583099999999998 0.323189 0.32453300000000002 0 0.39898099999999997 0.38553100000000001 0.38583099999999998 0.018776999999999999 0.018551999999999999 0.018145000000000001 0.32707100000000011 0.31508799999999992 0.31572899999999998 0.0072060000000000006 0.0068349999999999999 0.0069850000000000008 0.0016659999999999999 0.0016619999999999998 0.0018569999999999999 1.5536623901866733 1.5536623901866733 1.5536623901866733 0.0014800619474345817 0.0014800619474345817 0.0014800619474345817 1 1 1 Converged Converged Converged OK OK OK 130 130 130 130 130 130 14 14 14 0 0 0 0 0 1 0 0
11 11 linear 0 7 110 1 0.001 0.52646001426312516 0.0088934560449414734 0.87987490973474936 1.07642324403512 -0.32492085109414814 1.0075634684906614 0.5 -1.0029226920358085 1.4209014774377102 OK 16 15 0.69529300000000005 0.55501999999999996 0.348497 0.33683299999999999 0.20108200000000001 0 0.35846000000000006 0.35393799999999997 0.348497 0.013466000000000001 0.013613 0.012666999999999999 0.30879199999999996 0.30498500000000017 0.30129099999999998 0.0072640000000000005 0.0071469999999999997 0.0067510000000000009 0.001542 0.0015200000000000001 0.0015220000000000001 1.4209262077672635 1.4209262077672635 1.4209262077672635 0.0010041906411773723 0.0010041906411773723 0.0010041906411773723 1 1 1 Converged Converged Converged OK OK OK 139 139 139 139 139 139 13 13 13 0 0 0 0 1 0 0 1
11 11 linear 0 15 110 2 0.001 0.52646001426312516 0.0088934560449414734 0.87987490973474936 1.07642324403512 -0.32492085109414814 1.1299808472363657 0.5 -1.1253400707815129 1.3195660243246363 OK 16 15 0.62722599999999995 0.48577500000000001 0.31161 0.30097600000000002 0.16056899999999999 0 0.32624999999999993 0.325206 0.31161 0.013238 0.012996000000000001 0.011629 0.28213499999999991 0.28228199999999992 0.27226600000000006 0.0071460000000000004 0.0067600000000000004 0.0059009999999999991 0.0015040000000000001 0.0013010000000000001 0.00131 1.319556978364085 1.319556978364085 1.319556978364085 0.00067222276478581811 0.00067222276478581811 0.00067222276478581811 1 1 1 Converged Converged Converged OK OK OK 131 131 131 131 131 131 13 13 13 0 0 0 0 1 0 0 1
11 11 linear 0 23 110 3 0.001 0.52646001426312516 0.0088934560449414734 0.87987490973474936 1.07642324403512 -0.32492085109414814 1.2523982259820698 0.5 -1.247757449527217 1.248238526692425 OK 16 15 0.60727900000000001 0.45923700000000001 0.290468 0.30245699999999998 0.16182099999999999 0 0.30482200000000004 0.29741600000000001 0.290468 0.013245 0.013122 0.011878 0.26510299999999992 0.25830400000000003 0.25427800000000006 0.0058109999999999985 0.0056389999999999999 0.0052339999999999999 0.0010589999999999998 0.0011180000000000001 0.0010059999999999999 1.2482364050519399 1.2482364050519399 1.2482364050519399 0.00054650774400729241 0.00054650774400729241 0.00054650774400729241 1 1 1 Converged Converged Converged OK OK OK 116 116 116 116 116 116 12 12 12 0 0 0 0 1 0 0 1
11 11 linear 0 0 110 0 0.0001 0.52646001426312516 0.0088934560449414734 0.87987490973474936 1.07642324403512 -0.32492085109414814 0.90044826208817019 0.5 -0.89580748563331747 1.553674416129726 OK 17 16 0.81085200000000002 0.79833900000000002 0.47499999999999998 0.32674199999999998 0.32314799999999999 0 0.48411000000000004 0.47519100000000003 0.47499999999999998 0.018426000000000001 0.018103999999999999 0.018006999999999999 0.39545800000000009 0.38741300000000001 0.38790200000000002 0.0098670000000000008 0.0098479999999999991 0.0096150000000000003 0.0023739999999999998 0.0023149999999999998 0.0022850000000000001 1.553669746252633 1.553669746252633 1.553669746252633 0.00014856513958019275 0.00014856513958019275 0.00014856513958019275 1 1 1 Converged Converged Converged OK OK OK 162 162 162 162 162 162 14 14 14 0 0 0 0 0 1 0 0
11 11 linear 0 7 110 1 0.0001 0.52646001426312516 0.0088934560449414734 0.87987490973474936 1.07642324403512 -0.32492085109414814 1.0075634684906614 0.5 -1.0029226920358085 1.4209014774377102 OK 16 15 0.93472999999999995 0.81390399999999996 0.60005600000000003 0.33572600000000002 0.20494799999999999 0 0.59900399999999987 0.60895599999999994 0.60005600000000003 0.013986 0.013620999999999999 0.014116999999999999 0.4968760000000001 0.50813100000000033 0.49964100000000022 0.024592999999999997 0.023829000000000003 0.023462000000000004 0.0025349999999999999 0.0025009999999999998 0.002372 1.4208991107596651 1.4208991107596651 1.4208991107596651 0.00011421581195806696 0.00011421581195806696 0.00011421581195806696 1 1 1 Converged Converged Converged OK OK OK 275 275 275 275 275 275 13 13 13 0 0 0 0 1 0 0 1
11 11 linear 0 15 110 2 0.0001 0.52646001426312516 0.0088934560449414734 0.87987490973474936 1.07642324403512 -0.32492085109414814 1.1299808472363657 0.5 -1.1253400707815129 1.3195660243246363 OK 16 15 0.70013300000000001 0.55677299999999996 0.38430500000000001 0.30638599999999999 0.16236900000000001 0 0.39374700000000001 0.39440399999999998 0.38430500000000001 0.013242 0.013187000000000001 0.011776 0.33756999999999993 0.33816799999999997 0.33227299999999976 0.011128000000000001 0.011530000000000002 0.010070000000000001 0.0019970000000000001 0.002032 0.0019469999999999997 1.3195645931901632 1.3195645931901632 1.3195645931901632 0.00010965336204839645 0.00010965336204839645 0.00010965336204839645 1 1 1 Converged Converged Converged OK OK OK 179 179 179 179 179 179 13 13 13 0 0 0 0 1 0 0 1
11 11 linear 0 23 110 3 0.0001 0.52646001426312516 0.0088934560449414734 0.87987490973474936 1.07642324403512 -0.32492085109414814 1.2523982259820698 0.5 -1.247757449527217 1.248238526692425 OK 16 15 0.665551 0.53328399999999998 0.35053600000000001 0.30550699999999997 0.167181 0 0.36004400000000003 0.36610299999999996 0.35053600000000001 0.013013 0.013244000000000001 0.011915 0.30867700000000003 0.31464500000000006 0.30306000000000016 0.009979 0.010107 0.0084880000000000008 0.00167 0.0016250000000000001 0.0015429999999999999 1.2482365983962498 1.2482365983962498 1.2482365983962498 0.00011765036034568049 0.00011765036034568049 0.00011765036034568049 1 1 1 Converged Converged Converged OK OK OK 164 164 164 164 164 164 12 12 12 0 0 0 0 1 0 0 1
11 11 linear 1 0 111 0 0.001 0.52646001426312516 0.0088934560449414734 0.87987490973474936 0.93757131321940168 0.13946372568081128 0.76159633127245185 0.5 -0.75695555481759913 1.9994995033565197 OK 15 14 0.67400800000000005 0.66819099999999998 0.37316100000000002 0.29289799999999999 0.28986000000000001 0 0.38111000000000006 0.37833099999999997 0.37316100000000002 0.012462000000000001 0.012444999999999999 0.012407 0.3297130000000002 0.32221099999999997 0.32131100000000012 0.0048349999999999999 0.0091319999999999995 0.0053820000000000005 0.0012380000000000002 0.001248 0.001219 1.9994908206572375 1.9994908206572375 1.9994908206572375 0.0014119329894870573 0.0014119329894870573 0.0014119329894870573 1 1 1 Converged Converged Converged OK OK OK 115 115 115 115 115 115 13 13 13 0 0 0 0 0 1 0 0
11 11 linear 1 7 111 1 0.001 0.52646001426312516 0.0088934560449414734 0.87987490973474936 0.93757131321940168 0.13946372568081128 0.86871153767494302 0.5 -0.8640707612200903 1.7362957572025477 OK 15 14 0.72027600000000003 0.56764899999999996 0.38272 0.33045200000000002 0.18143100000000001 0 0.389824 0.38621799999999995 0.38272 0.011158 0.011331000000000001 0.010475999999999999 0.34912100000000024 0.3446860000000001 0.34365799999999985 0.0056739999999999994 0.0062490000000000011 0.0055460000000000006 0.0014629999999999999 0.0016099999999999999 0.0013860000000000001 1.7362739460861099 1.7362739460861099 1.7362739460861099 0.0012438936556187752 0.0012438936556187752 0.0012438936556187752 1 1 1 Converged Converged Converged OK OK OK 123 123 123 123 123 123 13 13 13 0 0 0 0 1 0 0 1
11 11 linear 1 15 111 2 0.001 0.52646001426312516 0.0088934560449414734 0.87987490973474936 0.93757131321940168 0.13946372568081128 0.99112891642064727 0.5 -0.98648813996579454 1.4894844602714885 OK 17 16 0.71836199999999995 0.58526400000000001 0.38305 0.32740000000000002 0.19403999999999999 0 0.39096199999999992 0.39122400000000002 0.38305 0.016774000000000001 0.017165 0.016067000000000001 0.3315519999999999 0.32830300000000001 0.32665999999999995 0.0079439999999999997 0.010862999999999999 0.0071330000000000005 0.0014060000000000001 0.001531 0.0014000000000000002 1.4894701938389749 1.4894701938389749 1.4894701938389749 0.0011843590427298553 0.0011843590427298553 0.0011843590427298553 1 1 1 Converged Converged Converged OK OK OK 138 138 138 138 138 138 14 14 14 0 0 0 0 1 0 0 1
11 11 linear 1 23 111 3 0.001 0.52646001426312516 0.0088934560449414734 0.87987490973474936 0.93757131321940168 0.13946372568081128 1.1135462951663515 0.5 -1.1089055187114987 1.3611746688933757 OK 17 16 0.72134500000000001 0.58063799999999999 0.38053100000000001 0.334426 0.19394800000000001 0 0.38691900000000001 0.38668999999999998 0.38053100000000001 0.016461 0.016354 0.015181 0.33379599999999976 0.33448200000000006 0.330816 0.0074980000000000003 0.006966 0.0065519999999999997 0.001371 0.0013619999999999999 0.0013870000000000002 1.3611663414681423 1.3611663414681423 1.3611663414681423 0.00057248413507468565 0.00057248413507468565 0.00057248413507468565 1 1 1 Converged Converged Converged OK OK OK 138 138 138 138 138 138 14 14 14 0 0 0 0 1 0 0 1
11 11 linear 1 0 111 0 0.0001 0.52646001426312516 0.0088934560449414734 0.87987490973474936 0.93757131321940168 0.13946372568081128 0.76159633127245185 0.5 -0.75695555481759913 1.9994995033565197 OK 15 14 0.79078899999999996 0.76457600000000003 0.47191699999999998 0.30039100000000002 0.28943000000000002 0 0.49039799999999995 0.47514600000000001 0.47191699999999998 0.013795 0.012394000000000001 0.012345 0.4188530000000002 0.40277799999999986 0.4029769999999997 0.0076839999999999999 0.0080270000000000011 0.008565999999999999 0.0019550000000000001 0.0019740000000000001 0.001887 1.999501906350839 1.999501906350839 1.999501906350839 7.8833177428416478e-05 7.8833177428416478e-05 7.8833177428416478e-05 1 1 1 Converged Converged Converged OK OK OK 155 155 155 155 155 155 13 13 13 0 0 0 0 0 1 0 0
11 11 linear 1 7 111 1 0.0001 0.52646001426312516 0.0088934560449414734 0.87987490973474936 0.93757131321940168 0.13946372568081128 0.86871153767494302 0.5 -0.8640707612200903 1.7362957572025477 OK 15 14 0.83216900000000005 0.68845500000000004 0.49664599999999998 0.32915 0.18649199999999999 0 0.5030190000000001 0.50196300000000005 0.49664599999999998 0.011110999999999999 0.011275 0.010371 0.45130299999999995 0.44924899999999995 0.44525099999999995 0.0078720000000000005 0.0084339999999999988 0.0086 0.0019589999999999998 0.002147 0.00199 1.7362805473400567 1.7362805473400567 1.7362805473400567 0.00017071617183253953 0.00017071617183253953 0.00017071617183253953 1 1 1 Converged Converged Converged OK OK OK 163 163 163 163 163 163 13 13 13 0 0 0 0 1 0 0 1
11 11 linear 1 15 111 2 0.0001 0.52646001426312516 0.0088934560449414734 0.87987490973474936 0.93757131321940168 0.13946372568081128 0.99112891642064727 0.5 -0.98648813996579454 1.4894844602714885 OK 17 16 0.79157500000000003 0.66514300000000004 0.44687700000000002 0.33412900000000001 0.20160500000000001 0 0.45744600000000002 0.46353800000000001 0.44687700000000002 0.017054 0.017183 0.016028000000000001 0.3903029999999999 0.39674999999999999 0.38185299999999978 0.0093950000000000006 0.0092309999999999996 0.0092370000000000004 0.0023610000000000003 0.0023599999999999997 0.0022079999999999999 1.4894802723374616 1.4894802723374616 1.4894802723374616 0.00010864747662909255 0.00010864747662909255 0.00010864747662909255 1 1 1 Converged Converged Converged OK OK OK 170 170 170 170 170 170 14 14 14 0 0 0 0 1 0 0 1
11 11 linear 1 23 111 3 0.0001 0.52646001426312516 0.0088934560449414734 0.87987490973474936 0.93757131321940168 0.13946372568081128 1.1135462951663515 0.5 -1.1089055187114987 1.3611746688933757 OK 17 16 0.78869299999999998 0.66264100000000004 0.441861 0.33262700000000001 0.19800200000000001 0 0.45606599999999997 0.46463900000000002 0.441861 0.016379000000000001 0.016459000000000001 0.015554 0.39434600000000003 0.40163100000000002 0.3836699999999999 0.0095939999999999984 0.010855 0.0088149999999999999 0.0020579999999999999 0.0019710000000000001 0.0018580000000000001 1.3611724875038584 1.3611724875038584 1.3611724875038584 9.5074457825842143e-05 9.5074457825842143e-05 9.5074457825842143e-05 1 1 1 Converged Converged Converged OK OK OK 170 170 170 170 170 170 14 14 14 0 0 0 0 1 0 0 1
11 11 linear 2 0 112 0 0.001 0.52646001426312516 0.0088934560449414734 0.87987490973474936 2.2145148006562163 -0.84242071493257975 2.0385398187092663 0.5 -2.0338990422544136 1.053350696088756 OK 13 12 0.40664499999999998 0.40757900000000002 0.14521300000000001 0.25908100000000001 0.26001000000000002 0 0.14756399999999997 0.14756900000000001 0.14521300000000001 0.0077609999999999997 0.0074989999999999996 0.0074679999999999998 0.11272500000000003 0.11126000000000007 0.11038200000000001 0.0036009999999999996 0.0045580000000000004 0.0039849999999999998 0.000892 0.00094600000000000001 0.00093500000000000007 1.0533502384273685 1.0533502384273685 1.0533502384273685 1.9647273046081974e-05 1.9647273046081974e-05 1.9647273046081974e-05 1 1 1 Converged Converged Converged OK OK OK 88 88 88 88 88 88 8 8 8 0 0 0 0 0 1 0 0
11 11 linear 2 7 112 1 0.001 0.52646001426312516 0.0088934560449414734 0.87987490973474936 2.2145148006562163 -0.84242071493257975 2.1456550251117577 0.5 -2.141014248656905 1.0456124200617487 OK 14 13 0.38534800000000002 0.27001500000000001 0.123282 0.25900899999999999 0.13574900000000001 0 0.12633900000000003 0.134266 0.123282 0.0088830000000000003 0.0091690000000000001 0.0085730000000000008 0.099709000000000048 0.10683599999999999 0.097232000000000013 0.0029979999999999998 0.003555 0.0031320000000000002 0.00069499999999999987 0.000736 0.00066 1.0456109145264336 1.0456109145264336 1.0456109145264336 0.00098213498711208365 0.00098213498711208365 0.00098213498711208365 1 1 1 Converged Converged Converged OK OK OK 73 73 73 73 73 73 7 7 7 0 0 0 0 1 0 0 1
11 11 linear 2 15 112 2 0.001 0.52646001426312516 0.0088934560449414734 0.87987490973474936 2.2145148006562163 -0.84242071493257975 2.2680724038574618 0.5 -2.2634316274026092 1.0386135760121471 OK 14 13 0.39806000000000002 0.27384199999999997 0.117344 0.27662700000000001 0.15094099999999999 0 0.12143300000000001 0.12290099999999998 0.117344 0.0085290000000000001 0.0088229999999999992 0.008175 0.095476999999999992 0.095933000000000004 0.091863 0.0028709999999999999 0.003496 0.0030230000000000001 0.00058399999999999999 0.0007980000000000001 0.00073600000000000011 1.0386128255421514 1.0386128255421514 1.0386128255421514 0.00060078812747819661 0.00060078812747819661 0.00060078812747819661 1 1 1 Converged Converged Converged OK OK OK 73 73 73 73 73 73 7 7 7 0 0 0 0 1 0 0 1
11 11 linear 2 23 112 3 0.001 0.52646001426312516 0.0088934560449414734 0.87987490973474936 2.2145148006562163 -0.84242071493257975 2.3904897826031664 0.5 -2.3858490061483137 1.032918084598115 OK 14 13 0.39179399999999998 0.261264 0.118877 0.26607500000000001 0.13789999999999999 0 0.12571899999999997 0.123364 0.118877 0.0088979999999999997 0.0087709999999999993 0.0082909999999999998 0.098788000000000015 0.09808000000000007 0.094736999999999988 0.003673 0.0029020000000000001 0.0028269999999999997 0.00069799999999999994 0.000727 0.00061299999999999994 1.0329174253782381 1.0329174253782381 1.0329174253782381 0.0003878415807438903 0.0003878415807438903 0.0003878415807438903 1 1 1 Converged Converged Converged OK OK OK 66 66 66 66 66 66 6 6 6 0 0 0 0 1 0 0 1
11 11 linear 2 0 112 0 0.0001 0.52646001426312516 0.0088934560449414734 0.87987490973474936 2.2145148006562163 -0.84242071493257975 2.0385398187092663 0.5 -2.0338990422544136 1.053350696088756 OK 13 12 0.40383799999999997 0.40465299999999998 0.14486599999999999 0.25683899999999998 0.25696400000000003 0 0.14699899999999999 0.14768899999999996 0.14486599999999999 0.0075760000000000003 0.0077629999999999999 0.0075630000000000003 0.11263100000000004 0.111846 0.110198 0.003392 0.0038960000000000002 0.0036699999999999997 0.00081700000000000002 0.00090899999999999998 0.00083200000000000006 1.0533502384273685 1.0533502384273685 1.0533502384273685 1.9647273046081974e-05 1.9647273046081974e-05 1.9647273046081974e-05 1 1 1 Converged Converged Converged OK OK OK 88 88 88 88 88 88 8 8 8 0 0 0 0 0 1 0 0
11 11 linear 2 7 112 1 0.0001 0.52646001426312516 0.0088934560449414734 0.87987490973474936 2.2145148006562163 -0.84242071493257975 2.1456550251117577 0.5 -2.141014248656905 1.0456124200617487 OK 14 13 0.393125 0.27607399999999999 0.13064100000000001 0.25875799999999999 0.13477700000000001 0 0.13436700000000001 0.14129699999999998 0.13064100000000001 0.0087089999999999997 0.0088880000000000001 0.0085179999999999995 0.10646799999999997 0.11315299999999999 0.10327799999999998 0.0032649999999999997 0.0033970000000000003 0.0034019999999999996 0.00079600000000000005 0.00080100000000000006 0.00082300000000000006 1.0456117444307476 1.0456117444307476 1.0456117444307476 6.0904030135069187e-06 6.0904030135069187e-06 6.0904030135069187e-06 1 1 1 Converged Converged Converged OK OK OK 81 81 81 81 81 81 7 7 7 0 0 0 0 1 0 0 1
11 11 linear 2 15 112 2 0.0001 0.52646001426312516 0.0088934560449414734 0.87987490973474936 2.2145148006562163 -0.84242071493257975 2.2680724038574618 0.5 -2.2634316274026092 1.0386135760121471 OK 14 13 0.41126400000000002 0.27966600000000003 0.12551599999999999 0.27962500000000001 0.14874699999999999 0 0.13163900000000001 0.13091900000000004 0.12551599999999999 0.0087229999999999999 0.0088640000000000004 0.0080649999999999993 0.10267999999999998 0.102163 0.098736999999999978 0.0038189999999999999 0.003715 0.0033790000000000001 0.00092000000000000003 0.00092699999999999998 0.00081999999999999987 1.0386130301838115 1.0386130301838115 1.0386130301838115 8.9654621981820166e-06 8.9654621981820166e-06 8.9654621981820166e-06 1 1 1 Converged Converged Converged OK OK OK 81 81 81 81 81 81 7 7 7 0 0 0 0 1 0 0 1
11 11 linear 2 23 112 3 0.0001 0.52646001426312516 0.0088934560449414734 0.87987490973474936 2.2145148006562163 -0.84242071493257975 2.3904897826031664 0.5 -2.3858490061483137 1.032918084598115 OK 14 13 0.39852100000000001 0.26785599999999998 0.126832 0.26561499999999999 0.134549 0 0.13290600000000002 0.13330699999999998 0.126832 0.0087790000000000003 0.0088240000000000002 0.0081779999999999995 0.10510600000000005 0.10604100000000001 0.10118600000000001 0.0034480000000000001 0.003444 0.0031060000000000003 0.00081999999999999998 0.00087100000000000003 0.000754 1.0329174673714296 1.0329174673714296 1.0329174673714296 5.3382154580274909e-05 5.3382154580274909e-05 5.3382154580274909e-05 1 1 1 Converged Converged Converged OK OK OK 74 74 74 74 74 74 6 6 6 0 0 0 0 1 0 0 1
11 11 linear 3 0 113 0 0.001 0.52646001426312516 0.0088934560449414734 0.87987490973474936 -0.52675366357869136 1.2734854760779748 -0.70272864552564118 0.5 0.70736942198049391 1.1803091749221104 OK 13 12 0.36516100000000001 0.36499199999999998 0.092137999999999998 0.26940500000000001 0.270403 0 0.095756000000000008 0.094588999999999979 0.092137999999999998 0.0094850000000000004 0.0096889999999999997 0.0090600000000000003 0.066817999999999989 0.064891000000000004 0.063858000000000012 0.0026220000000000002 0.0028549999999999999 0.002627 0.00063700000000000009 0.00070299999999999996 0.00064300000000000002 1.1803083770198022 1.1803083770198022 1.1803083770198022 0.00059817582086362355 0.00059817582086362355 0.00059817582086362355 1 1 1 Converged Converged Converged OK OK OK 59 59 59 59 59 59 5 5 5 0 0 0 0 0 1 0 0
11 11 linear 3 7 113 1 0.001 0.52646001426312516 0.0088934560449414734 0.87987490973474936 -0.52675366357869136 1.2734854760779748 -0.59561343912315001 0.5 0.60025421557800274 1.1979223051382624 OK 13 12 0.36019499999999999 0.22071199999999999 0.088224999999999998 0.26750699999999999 0.127999 0 0.092687999999999993 0.09271299999999999 0.088224999999999998 0.0085920000000000007 0.0086250000000000007 0.0079459999999999999 0.06825299999999998 0.068231999999999973 0.064781000000000005 0.0025509999999999999 0.0027330000000000002 0.002624 0.00062500000000000001 0.00064399999999999993 0.00062100000000000002 1.1979214780441467 1.1979214780441467 1.1979214780441467 0.00070016917374081389 0.00070016917374081389 0.00070016917374081389 1 1 1 Converged Converged Converged OK OK OK 59 59 59 59 59 59 5 5 5 0 0 0 0 1 0 0 1
11 11 linear 3 15 113 2 0.001 0.52646001426312516 0.0088934560449414734 0.87987490973474936 -0.52675366357869136 1.2734854760779748 -0.47319606037744572 0.5 0.47783683683229844 1.21723510034021 OK 13 12 0.353767 0.20935300000000001 0.086403999999999995 0.263519 0.119896 0 0.090247999999999995 0.089457000000000009 0.086403999999999995 0.0085509999999999996 0.0085710000000000005 0.0079209999999999992 0.065820000000000004 0.065069999999999989 0.063007000000000007 0.0026710000000000002 0.0028180000000000002 0.0027070000000000002 0.00065399999999999996 0.00066099999999999991 0.00060900000000000006 1.2172342666386291 1.2172342666386291 1.2172342666386291 0.00085147036392576442 0.00085147036392576442 0.00085147036392576442 1 1 1 Converged Converged Converged OK OK OK 59 59 59 59 59 59 5 5 5 0 0 0 0 1 0 0 1
11 11 linear 3 23 113 3 0.001 0.52646001426312516 0.0088934560449414734 0.87987490973474936 -0.52675366357869136 1.2734854760779748 -0.35077868163174147 0.5 0.3554194580865942 1.2343935595568831 OK 13 12 0.35229700000000003 0.223659 0.088348999999999997 0.25861400000000001 0.128889 0 0.093683000000000016 0.094769999999999993 0.088348999999999997 0.0086669999999999994 0.0086199999999999992 0.0079600000000000001 0.068531999999999996 0.070289000000000004 0.064892999999999992 0.0029210000000000004 0.0028549999999999999 0.0026679999999999998 0.00079600000000000005 0.00073300000000000004 0.00073999999999999999 1.2343927783977169 1.2343927783977169 1.2343927783977169 0.0010424234358214024 0.0010424234358214024 0.0010424234358214024 1 1 1 Converged Converged Converged OK OK OK 59 59 59 59 59 59 5 5 5 0 0 0 0 1 0 0 1
11 11 linear 3 0 113 0 0.0001 0.52646001426312516 0.0088934560449414734 0.87987490973474936 -0.52675366357869136 1.2734854760779748 -0.70272864552564118 0.5 0.70736942198049391 1.1803091749221104 OK 13 12 0.40098899999999998 0.39392100000000002 0.122031 0.26977899999999999 0.26903700000000003 0 0.13120999999999999 0.124884 0.122031 0.0096970000000000008 0.0096589999999999992 0.0089800000000000001 0.092536000000000035 0.088089999999999988 0.087275000000000005 0.0049879999999999994 0.0042599999999999999 0.0037359999999999997 0.00096500000000000015 0.00094699999999999993 0.00097100000000000007 1.1803084165609805 1.1803084165609805 1.1803084165609805 7.4404394658839329e-05 7.4404394658839329e-05 7.4404394658839329e-05 1 1 1 Converged Converged Converged OK OK OK 83 83 83 83 83 83 5 5 5 0 0 0 0 0 1 0 0
11 11 linear 3 7 113 1 0.0001 0.52646001426312516 0.0088934560449414734 0.87987490973474936 -0.52675366357869136 1.2734854760779748 -0.59561343912315001 0.5 0.60025421557800274 1.1979223051382624 OK 13 12 0.39021499999999998 0.25121199999999999 0.116009 0.26713399999999998 0.12581000000000001 0 0.123081 0.12540199999999999 0.116009 0.0086569999999999998 0.0085869999999999991 0.0079089999999999994 0.092294999999999974 0.095639000000000002 0.087579999999999977 0.0045409999999999999 0.00396 0.0037750000000000001 0.00096299999999999988 0.0008879999999999999 0.00087900000000000001 1.1979215155996521 1.1979215155996521 1.1979215155996521 7.7898272365440279e-05 7.7898272365440279e-05 7.7898272365440279e-05 1 1 1 Converged Converged Converged OK OK OK 83 83 83 83 83 83 5 5 5 0 0 0 0 1 0 0 1
11 11 linear 3 15 113 2 0.0001 0.52646001426312516 0.0088934560449414734 0.87987490973474936 -0.52675366357869136 1.2734854760779748 -0.47319606037744572 0.5 0.47783683683229844 1.21723510034021 OK 13 12 0.38524199999999997 0.23838500000000001 0.11264399999999999 0.26480799999999999 0.115616 0 0.12043399999999999 0.12276900000000002 0.11264399999999999 0.0087449999999999993 0.0085690000000000002 0.0078259999999999996 0.089402000000000009 0.088228999999999974 0.084518999999999983 0.0048669999999999998 0.0041470000000000005 0.0039110000000000004 0.0009320000000000001 0.0056509999999999998 0.00083600000000000005 1.2172343023569556 1.2172343023569556 1.2172343023569556 8.7915581770062274e-05 8.7915581770062274e-05 8.7915581770062274e-05 1 1 1 Converged Converged Converged OK OK OK 83 83 83 83 83 83 5 5 5 0 0 0 0 1 0 0 1
11 11 linear 3 23 113 3 0.0001 0.52646001426312516 0.0088934560449414734 0.87987490973474936 -0.52675366357869136 1.2734854760779748 -0.35077868163174147 0.5 0.3554194580865942 1.2343935595568831 OK 13 12 0.37550600000000001 0.25209100000000001 0.11257 0.25669199999999998 0.128779 0 0.11881400000000003 0.123312 0.11257 0.008711 0.0083639999999999999 0.0078919999999999997 0.088399000000000033 0.094056000000000001 0.084377000000000008 0.0044819999999999999 0.0040509999999999999 0.0037830000000000003 0.0010379999999999999 0.0010090000000000001 0.00099500000000000001 1.2343927887070216 1.2343927887070216 1.2343927887070216 0.00010717796307800266 0.00010717796307800266 0.00010717796307800266 1 1 1 Converged Converged Converged OK OK OK 83 83 83 83 83 83 5 5 5 0 0 0 0 1 0 0 1
11 11 linear 4 0 114 0 0.001 0.52646001426312516 0.0088934560449414734 0.87987490973474936 2.8773203037093253 -0.17768840606367675 2.7013453217623753 0.5 -2.6967045453075227 1.0254514317106906 OK 13 12 0.52949299999999999 0.52885800000000005 0.12674199999999999 0.399893 0.398808 0 0.12959999999999999 0.13005000000000005 0.12674199999999999 0.0092060000000000006 0.0095499999999999995 0.0092099999999999994 0.098491999999999968 0.09692499999999997 0.09532600000000005 0.0032160000000000001 0.0042519999999999997 0.0034250000000000001 0.00064900000000000005 0.00072499999999999995 0.00064000000000000005 1.0254508924817567 1.0254508924817567 1.0254508924817567 2.3815812264152367e-05 2.3815812264152367e-05 2.3815812264152367e-05 1 1 1 Converged Converged Converged OK OK OK 67 67 67 67 67 67 5 5 5 0 0 0 0 0 1 0 0
11 11 linear 4 7 114 1 0.001 0.52646001426312516 0.0088934560449414734 0.87987490973474936 2.8773203037093253 -0.17768840606367675 2.8084605281648667 0.5 -2.8038197517100141 1.0223829625360681 OK 13 12 0.49448599999999998 0.36178700000000003 0.120184 0.36861500000000003 0.23491400000000001 0 0.12587099999999996 0.12687300000000001 0.120184 0.0084790000000000004 0.0086779999999999999 0.0078490000000000001 0.098645000000000038 0.098591999999999999 0.094366000000000005 0.0033660000000000001 0.0038649999999999995 0.003264 0.00070200000000000004 0.000745 0.0006330000000000001 1.0223824149969545 1.0223824149969545 1.0223824149969545 1.9858061600485277e-05 1.9858061600485277e-05 1.9858061600485277e-05 1 1 1 Converged Converged Converged OK OK OK 67 67 67 67 67 67 5 5 5 0 0 0 0 1 0 0 1
11 11 linear 4 15 114 2 0.001 0.52646001426312516 0.0088934560449414734 0.87987490973474936 2.8773203037093253 -0.17768840606367675 2.9308779069105708 0.5 -2.9262371304557182 1.0194034019062947 OK 13 12 0.57725400000000004 0.43878400000000001 0.121397 0.44913700000000001 0.31244699999999997 0 0.12811700000000004 0.12633700000000003 0.121397 0.0085640000000000004 0.0084580000000000002 0.007868 0.099804999999999991 0.099067000000000002 0.095672999999999994 0.0037139999999999994 0.0034559999999999999 0.0031579999999999998 0.000736 0.00064400000000000004 0.00061499999999999999 1.0194028222332487 1.0194028222332487 1.0194028222332487 1.6258745370201906e-05 1.6258745370201906e-05 1.6258745370201906e-05 1 1 1 Converged Converged Converged OK OK OK 67 67 67 67 67 67 5 5 5 0 0 0 0 1 0 0 1
11 11 linear 4 23 114 3 0.001 0.52646001426312516 0.0088934560449414734 0.87987490973474936 2.8773203037093253 -0.17768840606367675 3.0532952856562754 0.5 -3.0486545092014228 1.0168874045604794 OK 13 12 0.63947299999999996 0.49432199999999998 0.12042700000000001 0.51256999999999997 0.36902099999999999 0 0.12690299999999999 0.125301 0.12042700000000001 0.0083389999999999992 0.0084779999999999994 0.0077999999999999996 0.099161000000000013 0.098294000000000048 0.094903999999999961 0.0035479999999999999 0.0034380000000000001 0.0030619999999999996 0.00069900000000000008 0.00064300000000000013 0.00061200000000000002 1.0168868675657698 1.0168868675657698 1.0168868675657698 1.3395601074150982e-05 1.3395601074150982e-05 1.3395601074150982e-05 1 1 1 Converged Converged Converged OK OK OK 67 67 67 67 67 67 5 5 5 0 0 0 0 1 0 0 1
11 11 linear 4 0 114 0 0.0001 0.52646001426312516 0.0088934560449414734 0.87987490973474936 2.8773203037093253 -0.17768840606367675 2.7013453217623753 0.5 -2.6967045453075227 1.0254514317106906 OK 13 12 0.53054000000000001 0.52188100000000004 0.12922500000000001 0.39877499999999999 0.39466099999999998 0 0.13176500000000002 0.12722000000000006 0.12922500000000001 0.0092960000000000004 0.0092079999999999992 0.0090930000000000004 0.099107999999999988 0.096034000000000022 0.095506000000000021 0.0038850000000000004 0.0033189999999999999 0.0033739999999999994 0.000736 0.0006829999999999999 0.00064199999999999999 1.0254508924817567 1.0254508924817567 1.0254508924817567 2.3815812264152367e-05 2.3815812264152367e-05 2.3815812264152367e-05 1 1 1 Converged Converged Converged OK OK OK 67 67 67 67 67 67 5 5 5 0 0 0 0 0 1 0 0
11 11 linear 4 7 114 1 0.0001 0.52646001426312516 0.0088934560449414734 0.87987490973474936 2.8773203037093253 -0.17768840606367675 2.8084605281648667 0.5 -2.8038197517100141 1.0223829625360681 OK 13 12 0.49389699999999997 0.360817 0.120586 0.36850699999999997 0.232237 0 0.12539 0.12858 0.120586 0.0083079999999999994 0.0083440000000000007 0.0078890000000000002 0.098387999999999934 0.10193900000000003 0.094578999999999969 0.0033319999999999999 0.0032569999999999999 0.003209 0.000638 0.00065300000000000004 0.00064499999999999996 1.0223824149969545 1.0223824149969545 1.0223824149969545 1.9858061600485277e-05 1.9858061600485277e-05 1.9858061600485277e-05 1 1 1 Converged Converged Converged OK OK OK 67 67 67 67 67 67 5 5 5 0 0 0 0 1 0 0 1
11 11 linear 4 15 114 2 0.0001 0.52646001426312516 0.0088934560449414734 0.87987490973474936 2.8773203037093253 -0.17768840606367675 2.9308779069105708 0.5 -2.9262371304557182 1.0194034019062947 OK 13 12 0.57520000000000004 0.43854399999999999 0.121171 0.44985199999999997 0.30950299999999997 0 0.12534800000000007 0.12904100000000002 0.121171 0.0083129999999999992 0.0085220000000000001 0.0078440000000000003 0.09869 0.10158200000000002 0.09549100000000002 0.0031200000000000004 0.0032439999999999999 0.0031580000000000002 0.00069299999999999993 0.00064199999999999999 0.00063100000000000005 1.0194028222332487 1.0194028222332487 1.0194028222332487 1.6258745370201906e-05 1.6258745370201906e-05 1.6258745370201906e-05 1 1 1 Converged Converged Converged OK OK OK 67 67 67 67 67 67 5 5 5 0 0 0 0 1 0 0 1
11 11 linear 4 23 114 3 0.0001 0.52646001426312516 0.0088934560449414734 0.87987490973474936 2.8773203037093253 -0.17768840606367675 3.0532952856562754 0.5 -3.0486545092014228 1.0168874045604794 OK 13 12 0.63782000000000005 0.49852299999999999 0.12003900000000001 0.511436 0.36831900000000001 0 0.12638400000000005 0.13020399999999999 0.12003900000000001 0.0082909999999999998 0.0083639999999999999 0.0077920000000000003 0.09907100000000002 0.098364999999999994 0.094649999999999956 0.003431 0.0030780000000000004 0.0030219999999999999 0.00066500000000000001 0.00064900000000000005 0.00064199999999999999 1.0168868675657698 1.0168868675657698 1.0168868675657698 1.3395601074150982e-05 1.3395601074150982e-05 1.3395601074150982e-05 1 1 1 Converged Converged Converged OK OK OK 67 67 67 67 67 67 5 5 5 0 0 0 0 1 0 0 1
11 11 uniform 0 0 115 0 0.001 0.52646001426312516 0.0088934560449414734 0.87987490973474936 1.07642324403512 -0.32492085109414814 0.90044826208817019 0 -0.89580748563331747 1.5755701192095888 OK 17 16 0.53385099999999996 0.527698 0.20832700000000001 0.326569 0.32164500000000001 0 0.20728199999999997 0.20605299999999999 0.20832700000000001 0.017849 0.017495 0.018255 0.14056800000000003 0.14057199999999989 0.14132899999999995 0.0053880000000000004 0.0054629999999999991 0.0057250000000000009 0.0013489999999999999 0.001305 0.001454 1.5755566156957705 1.5755566156957705 1.5755566156957705 0.0010344524197407818 0.0010344524197407818 0.0010344524197407818 1 1 1 Converged Converged Converged OK OK OK 130 130 130 130 130 130 14 14 14 0 0 0 0 0 1 0 0
11 11 uniform 0 7 115 1 0.001 0.52646001426312516 0.0088934560449414734 0.87987490973474936 1.07642324403512 -0.32492085109414814 1.0075634684906614 0 -1.0029226920358085 1.4339533705173886 OK 16 15 0.518845 0.38500299999999998 0.18123500000000001 0.337615 0.19509799999999999 0 0.18123 0.18990499999999999 0.18123500000000001 0.012836 0.013200999999999999 0.012617 0.13566000000000003 0.14204299999999997 0.13607299999999997 0.0050999999999999986 0.0065599999999999999 0.0056979999999999999 0.0013620000000000004 0.0015400000000000001 0.0013929999999999999 1.4339954116060876 1.4339954116060876 1.4339954116060876 0.0013016782590632304 0.0013016782590632304 0.0013016782590632304 1 1 1 Converged Converged Converged OK OK OK 139 139 139 139 139 139 13 13 13 0 0 0 0 1 0 0 1
11 11 uniform 0 15 115 2 0.001 0.52646001426312516 0.0088934560449414734 0.87987490973474936 1.07642324403512 -0.32492085109414814 1.1299808472363657 0 -1.1253400707815129 1.3278654107984353 OK 16 15 0.46632600000000002 0.33847699999999997 0.16892399999999999 0.29542099999999999 0.15912100000000001 0 0.17090500000000003 0.17935599999999996 0.16892399999999999 0.012231000000000001 0.012565 0.01167 0.13225100000000001 0.13951800000000003 0.13138499999999997 0.0044619999999999998 0.0053150000000000003 0.0046579999999999998 0.0012600000000000001 0.0012520000000000001 0.0012080000000000001 1.3278542993564428 1.3278542993564428 1.3278542993564428 0.00093961284936859243 0.00093961284936859243 0.00093961284936859243 1 1 1 Converged Converged Converged OK OK OK 131 131 131 131 131 131 13 13 13 0 0 0 0 1 0 0 1
11 11 uniform 0 23 115 3 0.001 0.52646001426312516 0.0088934560449414734 0.87987490973474936 1.07642324403512 -0.32492085109414814 1.2523982259820698 0 -1.247757449527217 1.2539165146830946 OK 16 15 0.45845799999999998 0.31669700000000001 0.15083099999999999 0.305031 0.160941 0 0.15342699999999998 0.15575600000000001 0.15083099999999999 0.012695 0.01277 0.011676000000000001 0.11713799999999999 0.11912900000000005 0.11636699999999997 0.0041959999999999992 0.0044599999999999996 0.0042059999999999997 0.00098399999999999985 0.0010840000000000001 0.0010120000000000001 1.2539154564567287 1.2539154564567287 1.2539154564567287 0.00077452138064641946 0.00077452138064641946 0.00077452138064641946 1 1 1 Converged Converged Converged OK OK OK 116 116 116 116 116 116 12 12 12 0 0 0 0 1 0 0 1
11 11 uniform 0 0 115 0 0.0001 0.52646001426312516 0.0088934560449414734 0.87987490973474936 1.07642324403512 -0.32492085109414814 0.90044826208817019 0 -0.89580748563331747 1.5755701192095888 OK 17 16 0.61007100000000003 0.60933599999999999 0.28360800000000003 0.32759100000000002 0.32189200000000001 0 0.28248000000000001 0.28744399999999998 0.28360800000000003 0.018287999999999999 0.018678 0.018343000000000002 0.19292600000000004 0.19576400000000002 0.19219999999999998 0.0085509999999999996 0.0091989999999999988 0.0093800000000000012 0.0021209999999999996 0.002369 0.0023579999999999994 1.5755689531281889 1.5755689531281889 1.5755689531281889 9.9281208966821495e-05 9.9281208966821495e-05 9.9281208966821495e-05 1 1 1 Converged Converged Converged OK OK OK 178 178 178 178 178 178 14 14 14 0 0 0 0 0 1 0 0
11 11 uniform 0 7 115 1 0.0001 0.52646001426312516 0.0088934560449414734 0.87987490973474936 1.07642324403512 -0.32492085109414814 1.0075634684906614 0 -1.0029226920358085 1.4339533705173886 OK 16 15 0.66034899999999996 0.552674 0.32633899999999999 0.33183099999999999 0.19992499999999999 0 0.32851799999999998 0.35274899999999998 0.32633899999999999 0.012880000000000001 0.013871 0.012761 0.23744099999999985 0.25743699999999986 0.23468899999999998 0.019273000000000002 0.021842 0.020711 0.0022629999999999998 0.0024380000000000001 0.0022240000000000003 1.4339529399137352 1.4339529399137352 1.4339529399137352 0.00012300560545484282 0.00012300560545484282 0.00012300560545484282 1 1 1 Converged Converged Converged OK OK OK 275 275 275 275 275 275 13 13 13 0 0 0 0 1 0 0 1
11 11 uniform 0 15 115 2 0.0001 0.52646001426312516 0.0088934560449414734 0.87987490973474936 1.07642324403512 -0.32492085109414814 1.1299808472363657 0 -1.1253400707815129 1.3278654107984353 OK 16 15 0.51637699999999997 0.39615099999999998 0.216448 0.294877 0.16166800000000001 0 0.22149999999999997 0.23448299999999997 0.216448 0.013008 0.012918000000000001 0.011537 0.16903199999999993 0.18048899999999996 0.16703799999999999 0.0086039999999999988 0.010115000000000002 0.0084510000000000002 0.0020070000000000001 0.0018919999999999998 0.0018780000000000001 1.3278652022259048 1.3278652022259048 1.3278652022259048 0.0001013186591134481 0.0001013186591134481 0.0001013186591134481 1 1 1 Converged Converged Converged OK OK OK 179 179 179 179 179 179 13 13 13 0 0 0 0 1 0 0 1
11 11 uniform 0 23 115 3 0.0001 0.52646001426312516 0.0088934560449414734 0.87987490973474936 1.07642324403512 -0.32492085109414814 1.2523982259820698 0 -1.247757449527217 1.2539165146830946 OK 16 15 0.51725100000000002 0.39097999999999999 0.20772199999999999 0.30086000000000002 0.16081200000000001 0 0.216391 0.23016799999999998 0.20772199999999999 0.01323 0.013122 0.011769 0.16342899999999996 0.17905400000000013 0.16044899999999995 0.0099040000000000013 0.0087279999999999996 0.0077739999999999997 0.001885 0.0018090000000000001 0.0017189999999999998 1.2539164812733314 1.2539164812733314 1.2539164812733314 7.5501650116162734e-05 7.5501650116162734e-05 7.5501650116162734e-05 1 1 1 Converged Converged Converged OK OK OK 172 172 172 172 172 172 12 12 12 0 0 0 0 1 0 0 1
11 11 uniform 1 0 116 0 0.001 0.52646001426312516 0.0088934560449414734 0.87987490973474936 0.93757131321940168 0.13946372568081128 0.76159633127245185 0 -0.75695555481759913 2.0384208062886096 OK 15 14 0.466671 0.46921400000000002 0.17858099999999999 0.28867399999999999 0.28722300000000001 0 0.17799700000000002 0.18199100000000001 0.17858099999999999 0.011469 0.012319999999999999 0.011696 0.13291399999999998 0.13547399999999998 0.13329300000000002 0.0035079999999999998 0.0040250000000000008 0.0038119999999999999 0.00085599999999999999 0.00091500000000000001 0.00086399999999999997 2.0383921457486531 2.0383921457486531 2.0383921457486531 0.0015441612043489673 0.0015441612043489673 0.0015441612043489673 1 1 1 Converged Converged Converged OK OK OK 107 107 107 107 107 107 13 13 13 0 0 0 0 0 1 0 0
11 11 uniform 1 7 116 1 0.001 0.52646001426312516 0.0088934560449414734 0.87987490973474936 0.93757131321940168 0.13946372568081128 0.86871153767494302 0 -0.8640707612200903 1.7835303334917725 OK 15 14 0.52066400000000002 0.38610800000000001 0.20071900000000001 0.31884099999999999 0.18598799999999999 0 0.20182300000000003 0.20012000000000002 0.20071900000000001 0.010659 0.010776000000000001 0.010352999999999999 0.16220299999999993 0.15977599999999992 0.16204099999999996 0.004444 0.004764 0.0044190000000000002 0.0012390000000000001 0.0013959999999999999 0.0012829999999999999 1.7835204345626405 1.7835204345626405 1.7835204345626405 0.00080915770494682641 0.00080915770494682641 0.00080915770494682641 1 1 1 Converged Converged Converged OK OK OK 123 123 123 123 123 123 13 13 13 0 0 0 0 1 0 0 1
11 11 uniform 1 15 116 2 0.001 0.52646001426312516 0.0088934560449414734 0.87987490973474936 0.93757131321940168 0.13946372568081128 0.99112891642064727 0 -0.98648813996579454 1.5067960431318712 OK 17 16 0.51428600000000002 0.39322699999999999 0.19064 0.32283499999999998 0.19076699999999999 0 0.19145100000000004 0.20246 0.19064 0.015879999999999998 0.017097999999999999 0.01558 0.14154700000000001 0.15009600000000001 0.14114099999999999 0.0051590000000000004 0.0058150000000000007 0.005509 0.001289 0.0014600000000000004 0.0011979999999999998 1.5067767881573784 1.5067767881573784 1.5067767881573784 0.0011156025885787175 0.0011156025885787175 0.0011156025885787175 1 1 1 Converged Converged Converged OK OK OK 130 130 130 130 130 130 14 14 14 0 0 0 0 1 0 0 1
11 11 uniform 1 23 116 3 0.001 0.52646001426312516 0.0088934560449414734 0.87987490973474936 0.93757131321940168 0.13946372568081128 1.1135462951663515 0 -1.1089055187114987 1.3714047683972925 OK 17 16 0.51893199999999995 0.38020799999999999 0.18043200000000001 0.33097700000000002 0.18937799999999999 0 0.18795499999999993 0.19083 0.18043200000000001 0.015755000000000002 0.016216999999999999 0.014784 0.14238799999999999 0.14282400000000001 0.13836399999999993 0.0054709999999999993 0.0050950000000000006 0.0044999999999999997 0.0010930000000000002 0.0011179999999999999 0.001023 1.3713957918041715 1.3713957918041715 1.3713957918041715 0.00097456631519858691 0.00097456631519858691 0.00097456631519858691 1 1 1 Converged Converged Converged OK OK OK 122 122 122 122 122 122 14 14 14 0 0 0 0 1 0 0 1
11 11 uniform 1 0 116 0 0.0001 0.52646001426312516 0.0088934560449414734 0.87987490973474936 0.93757131321940168 0.13946372568081128 0.76159633127245185 0 -0.75695555481759913 2.0384208062886096 OK 15 14 0.53265899999999999 0.53532199999999996 0.242566 0.286694 0.28700900000000001 0 0.24596499999999999 0.24831299999999995 0.242566 0.012496 0.012529999999999999 0.012104999999999999 0.17789700000000014 0.17729000000000014 0.17614099999999988 0.0070820000000000006 0.0069899999999999997 0.0067270000000000003 0.0018399999999999998 0.0017690000000000002 0.0017060000000000001 2.0384181936197376 2.0384181936197376 2.0384181936197376 0.00010492159454234111 0.00010492159454234111 0.00010492159454234111 1 1 1 Converged Converged Converged OK OK OK 155 155 155 155 155 155 13 13 13 0 0 0 0 0 1 0 0
11 11 uniform 1 7 116 1 0.0001 0.52646001426312516 0.0088934560449414734 0.87987490973474936 0.93757131321940168 0.13946372568081128 0.86871153767494302 0 -0.8640707612200903 1.7835303334917725 OK 15 14 0.58693099999999998 0.44170700000000002 0.26103300000000002 0.32509399999999999 0.17806 0 0.26183699999999999 0.26364700000000002 0.26103300000000002 0.011254999999999999 0.010919999999999999 0.010255 0.20717400000000005 0.20852300000000001 0.20492899999999994 0.0074790000000000013 0.0077200000000000003 0.0074769999999999993 0.0020739999999999999 0.002215 0.002062 1.7835299506829587 1.7835299506829587 1.7835299506829587 0.00016199547286596799 0.00016199547286596799 0.00016199547286596799 1 1 1 Converged Converged Converged OK OK OK 171 171 171 171 171 171 13 13 13 0 0 0 0 1 0 0 1
11 11 uniform 1 15 116 2 0.0001 0.52646001426312516 0.0088934560449414734 0.87987490973474936 0.93757131321940168 0.13946372568081128 0.99112891642064727 0 -0.98648813996579454 1.5067960431318712 OK 17 16 0.56512200000000001 0.44246200000000002 0.22941600000000001 0.32969799999999999 0.19112799999999999 0 0.23542400000000002 0.25133400000000006 0.22941600000000001 0.017108000000000002 0.017402000000000001 0.015597 0.17457699999999987 0.18481799999999982 0.172295 0.0078560000000000001 0.0087009999999999987 0.0070880000000000006 0.0019809999999999997 0.0019939999999999997 0.0018530000000000003 1.5067937300657197 1.5067937300657197 1.5067937300657197 0.00014743533437618352 0.00014743533437618352 0.00014743533437618352 1 1 1 Converged Converged Converged OK OK OK 162 162 162 162 162 162 14 14 14 0 0 0 0 1 0 0 1
11 11 uniform 1 23 116 3 0.0001 0.52646001426312516 0.0088934560449414734 0.87987490973474936 0.93757131321940168 0.13946372568081128 1.1135462951663515 0 -1.1089055187114987 1.3714047683972925 OK 17 16 0.56695300000000004 0.43883299999999997 0.22850500000000001 0.33354600000000001 0.192747 0 0.23340700000000003 0.24608599999999997 0.22850500000000001 0.016136000000000001 0.016133000000000002 0.014723999999999999 0.17678099999999999 0.18940899999999999 0.17506199999999988 0.0076889999999999997 0.007696999999999999 0.0069809999999999994 0.0016709999999999997 0.001629 0.0015560000000000001 1.3714039549302188 1.3714039549302188 1.3714039549302188 0.0001289511628074354 0.0001289511628074354 0.0001289511628074354 1 1 1 Converged Converged Converged OK OK OK 162 162 162 162 162 162 14 14 14 0 0 0 0 1 0 0 1
11 11 uniform 2 0 117 0 0.001 0.52646001426312516 0.0088934560449414734 0.87987490973474936 2.2145148006562163 -0.84242071493257975 2.0385398187092663 0 -2.0338990422544136 1.0541988267918443 OK 13 12 0.36076900000000001 0.36870700000000001 0.107622 0.253243 0.25908799999999998 0 0.10752600000000001 0.10961900000000002 0.107622 0.0073810000000000004 0.0076229999999999996 0.0073839999999999999 0.07983599999999999 0.080944999999999989 0.079870999999999998 0.002385 0.0026359999999999999 0.0025219999999999999 0.00068000000000000005 0.00076400000000000003 0.00070899999999999989 1.0541988453768174 1.0541988453768174 1.0541988453768174 0.00022546371927435776 0.00022546371927435776 0.00022546371927435776 1 1 1 Converged Converged Converged OK OK OK 72 72 72 72 72 72 8 8 8 0 0 0 0 0 1 0 0
11 11 uniform 2 7 117 1 0.001 0.52646001426312516 0.0088934560449414734 0.87987490973474936 2.2145148006562163 -0.84242071493257975 2.1456550251117577 0 -2.141014248656905 1.0462067683781118 OK 14 13 0.35061199999999998 0.22661600000000001 0.090056999999999998 0.25911299999999998 0.13366600000000001 0 0.091498999999999997 0.092950000000000005 0.090056999999999998 0.0085970000000000005 0.0090709999999999992 0.0082719999999999998 0.070565000000000017 0.071105000000000015 0.069739999999999996 0.00192 0.001892 0.0018730000000000001 0.00048000000000000001 0.00053300000000000005 0.00052900000000000006 1.0462062092494453 1.0462062092494453 1.0462062092494453 0.00087321744533164973 0.00087321744533164973 0.00087321744533164973 1 1 1 Converged Converged Converged OK OK OK 57 57 57 57 57 57 7 7 7 0 0 0 0 1 0 0 1
11 11 uniform 2 15 117 2 0.001 0.52646001426312516 0.0088934560449414734 0.87987490973474936 2.2145148006562163 -0.84242071493257975 2.2680724038574618 0 -2.2634316274026092 1.0390742440830845 OK 14 13 0.36025800000000002 0.23399600000000001 0.084944000000000006 0.272509 0.146873 0 0.087749000000000021 0.087123000000000006 0.084944000000000006 0.0087530000000000004 0.0087480000000000006 0.008123 0.066142000000000006 0.066006000000000009 0.065045999999999979 0.0018450000000000001 0.0018699999999999999 0.0017790000000000002 0.00053700000000000004 0.00053600000000000002 0.00046200000000000001 1.039074193650996 1.039074193650996 1.039074193650996 0.0006015055662035644 0.0006015055662035644 0.0006015055662035644 1 1 1 Converged Converged Converged OK OK OK 57 57 57 57 57 57 7 7 7 0 0 0 0 1 0 0 1
11 11 uniform 2 23 117 3 0.001 0.52646001426312516 0.0088934560449414734 0.87987490973474936 2.2145148006562163 -0.84242071493257975 2.3904897826031664 0 -2.3858490061483137 1.0332852013491096 OK 14 13 0.35608899999999999 0.22542799999999999 0.087566000000000005 0.26589400000000002 0.135796 0 0.09019499999999997 0.089631999999999989 0.087566000000000005 0.0087720000000000003 0.0087899999999999992 0.0082509999999999997 0.069741000000000025 0.069694000000000006 0.068632000000000012 0.0017580000000000002 0.001683 0.0016530000000000002 0.00047000000000000004 0.000457 0.00043300000000000001 1.0332851680996242 1.0332851680996242 1.0332851680996242 0.00046668318667933602 0.00046668318667933602 0.00046668318667933602 1 1 1 Converged Converged Converged OK OK OK 50 50 50 50 50 50 6 6 6 0 0 0 0 1 0 0 1
11 11 uniform 2 0 117 0 0.0001 0.52646001426312516 0.0088934560449414734 0.87987490973474936 2.2145148006562163 -0.84242071493257975 2.0385398187092663 0 -2.0338990422544136 1.0541988267918443 OK 13 12 0.38325300000000001 0.38149499999999997 0.124194 0.25571899999999997 0.256853 0 0.12753400000000004 0.12464199999999998 0.124194 0.007685 0.0074419999999999998 0.0074960000000000001 0.092144000000000018 0.091264000000000012 0.090590000000000045 0.0036670000000000001 0.0031979999999999999 0.0031580000000000002 0.00098900000000000008 0.00078799999999999996 0.00076300000000000001 1.0541988008768344 1.0541988008768344 1.0541988008768344 2.2115613886513849e-05 2.2115613886513849e-05 2.2115613886513849e-05 1 1 1 Converged Converged Converged OK OK OK 88 88 88 88 88 88 8 8 8 0 0 0 0 0 1 0 0
11 11 uniform 2 7 117 1 0.0001 0.52646001426312516 0.0088934560449414734 0.87987490973474936 2.2145148006562163 -0.84242071493257975 2.1456550251117577 0 -2.141014248656905 1.0462067683781118 OK 14 13 0.37220399999999998 0.257548 0.112844 0.256963 0.13066 0 0.11524099999999998 0.126888 0.112844 0.0088500000000000002 0.0090340000000000004 0.0082489999999999994 0.087134000000000045 0.095795999999999992 0.086238999999999927 0.0031340000000000001 0.0031150000000000001 0.0030509999999999999 0.0007629999999999999 0.00087399999999999989 0.000794 1.0462067205498706 1.0462067205498706 1.0462067205498706 3.7893455988748003e-06 3.7893455988748003e-06 3.7893455988748003e-06 1 1 1 Converged Converged Converged OK OK OK 81 81 81 81 81 81 7 7 7 0 0 0 0 1 0 0 1
11 11 uniform 2 15 117 2 0.0001 0.52646001426312516 0.0088934560449414734 0.87987490973474936 2.2145148006562163 -0.84242071493257975 2.2680724038574618 0 -2.2634316274026092 1.0390742440830845 OK 14 13 0.38293899999999997 0.26190099999999999 0.107269 0.272117 0.14707500000000001 0 0.11082199999999998 0.11482599999999998 0.107269 0.0089099999999999995 0.0088970000000000004 0.0079930000000000001 0.082223000000000004 0.085771999999999987 0.081191000000000055 0.0032909999999999997 0.0038089999999999999 0.0030109999999999998 0.00092500000000000004 0.00082800000000000007 0.00076500000000000005 1.0390743246860659 1.0390743246860659 1.0390743246860659 1.2641422816262816e-05 1.2641422816262816e-05 1.2641422816262816e-05 1 1 1 Converged Converged Converged OK OK OK 81 81 81 81 81 81 7 7 7 0 0 0 0 1 0 0 1
11 11 uniform 2 23 117 3 0.0001 0.52646001426312516 0.0088934560449414734 0.87987490973474936 2.2145148006562163 -0.84242071493257975 2.3904897826031664 0 -2.3858490061483137 1.0332852013491096 OK 14 13 0.379969 0.256054 0.110764 0.26235799999999998 0.140352 0 0.11761100000000002 0.115702 0.110764 0.0087309999999999992 0.0086309999999999998 0.0082260000000000007 0.086318999999999979 0.089663000000000007 0.085492999999999972 0.0072849999999999998 0.0028909999999999999 0.0027850000000000001 0.00078500000000000011 0.00077100000000000009 0.00079600000000000005 1.0332851932449449 1.0332851932449449 1.0332851932449449 3.4885065484930198e-05 3.4885065484930198e-05 3.4885065484930198e-05 1 1 1 Converged Converged Converged OK OK OK 74 74 74 74 74 74 6 6 6 0 0 0 0 1 0 0 1
11 11 uniform 3 0 118 0 0.001 0.52646001426312516 0.0088934560449414734 0.87987490973474936 -0.52675366357869136 1.2734854760779748 -0.70272864552564118 0 0.70736942198049391 1.1838447352082948 OK 13 12 0.34607500000000002 0.34359299999999998 0.076474 0.26763100000000001 0.266432 0 0.078444000000000014 0.07716099999999998 0.076474 0.0095010000000000008 0.0093880000000000005 0.0091889999999999993 0.049133000000000003 0.048586999999999991 0.048038999999999998 0.0029579999999999997 0.0026170000000000004 0.0026830000000000001 0.00064799999999999992 0.00067000000000000002 0.00077499999999999997 1.1838446282591628 1.1838446282591628 1.1838446282591628 0.00047618591333727154 0.00047618591333727154 0.00047618591333727154 1 1 1 Converged Converged Converged OK OK OK 59 59 59 59 59 59 5 5 5 0 0 0 0 0 1 0 0
11 11 uniform 3 7 118 1 0.001 0.52646001426312516 0.0088934560449414734 0.87987490973474936 -0.52675366357869136 1.2734854760779748 -0.59561343912315001 0 0.60025421557800274 1.2019502719782704 OK 13 12 0.34323700000000001 0.20252600000000001 0.072616 0.26778999999999997 0.12589700000000001 0 0.075447000000000042 0.076629000000000003 0.072616 0.0087709999999999993 0.0086099999999999996 0.0078729999999999998 0.050512999999999988 0.052287000000000007 0.049559000000000006 0.0026640000000000001 0.0025339999999999998 0.0024919999999999999 0.00072799999999999991 0.00064400000000000004 0.00061300000000000005 1.2019501666164913 1.2019501666164913 1.2019501666164913 0.00055463684217827553 0.00055463684217827553 0.00055463684217827553 1 1 1 Converged Converged Converged OK OK OK 59 59 59 59 59 59 5 5 5 0 0 0 0 1 0 0 1
11 11 uniform 3 15 118 2 0.001 0.52646001426312516 0.0088934560449414734 0.87987490973474936 -0.52675366357869136 1.2734854760779748 -0.47319606037744572 0 0.47783683683229844 1.2218318599230591 OK 13 12 0.33938200000000002 0.195134 0.071925000000000003 0.26480500000000001 0.119785 0 0.074577000000000004 0.075348999999999999 0.071925000000000003 0.0087639999999999992 0.0085769999999999996 0.0078639999999999995 0.049368000000000016 0.050979000000000003 0.048776000000000014 0.002715 0.0026439999999999996 0.0025040000000000001 0.00064300000000000002 0.00062800000000000009 0.00060899999999999995 1.2218317657989395 1.2218317657989395 1.2218317657989395 0.00067043166214328289 0.00067043166214328289 0.00067043166214328289 1 1 1 Converged Converged Converged OK OK OK 59 59 59 59 59 59 5 5 5 0 0 0 0 1 0 0 1
11 11 uniform 3 23 118 3 0.001 0.52646001426312516 0.0088934560449414734 0.87987490973474936 -0.52675366357869136 1.2734854760779748 -0.35077868163174147 0 0.3554194580865942 1.2395221060748745 OK 13 12 0.332534 0.213419 0.073450000000000001 0.256743 0.13231200000000001 0 0.075790999999999997 0.081106999999999985 0.073450000000000001 0.0086879999999999995 0.0089130000000000008 0.0079129999999999999 0.051129999999999981 0.05596099999999999 0.050390000000000004 0.0026359999999999999 0.0027470000000000003 0.0024309999999999996 0.00067599999999999995 0.00081700000000000002 0.00066399999999999999 1.2395220504896056 1.2395220504896056 1.2395220504896056 0.00081775312663659363 0.00081775312663659363 0.00081775312663659363 1 1 1 Converged Converged Converged OK OK OK 59 59 59 59 59 59 5 5 5 0 0 0 0 1 0 0 1
11 11 uniform 3 0 118 0 0.0001 0.52646001426312516 0.0088934560449414734 0.87987490973474936 -0.52675366357869136 1.2734854760779748 -0.70272864552564118 0 0.70736942198049391 1.1838447352082948 OK 13 12 0.351609 0.35850599999999999 0.082951999999999998 0.26588400000000001 0.273262 0 0.085724999999999996 0.085243999999999986 0.082951999999999998 0.0097169999999999999 0.0096810000000000004 0.0089879999999999995 0.053549999999999993 0.053483000000000003 0.052695000000000006 0.003215 0.0030950000000000001 0.0027980000000000001 0.00078100000000000012 0.00082400000000000008 0.0007980000000000001 1.1838446784636238 1.1838446784636238 1.1838446784636238 0.00010487714746745026 0.00010487714746745026 0.00010487714746745026 1 1 1 Converged Converged Converged OK OK OK 67 67 67 67 67 67 5 5 5 0 0 0 0 0 1 0 0
11 11 uniform 3 7 118 1 0.0001 0.52646001426312516 0.0088934560449414734 0.87987490973474936 -0.52675366357869136 1.2734854760779748 -0.59561343912315001 0 0.60025421557800274 1.2019502719782704 OK 13 12 0.359043 0.20949400000000001 0.078729999999999994 0.27312799999999998 0.127002 0 0.085915000000000019 0.08249200000000001 0.078729999999999994 0.0088450000000000004 0.0087270000000000004 0.0079299999999999995 0.057888000000000016 0.056682000000000003 0.054041999999999986 0.0036359999999999995 0.0028540000000000002 0.0027049999999999999 0.00081800000000000004 0.00080600000000000018 0.000754 1.2019502200258232 1.2019502200258232 1.2019502200258232 0.00011460846577388639 0.00011460846577388639 0.00011460846577388639 1 1 1 Converged Converged Converged OK OK OK 67 67 67 67 67 67 5 5 5 0 0 0 0 1 0 0 1
11 11 uniform 3 15 118 2 0.0001 0.52646001426312516 0.0088934560449414734 0.87987490973474936 -0.52675366357869136 1.2734854760779748 -0.47319606037744572 0 0.47783683683229844 1.2218318599230591 OK 13 12 0.364566 0.21590599999999999 0.093998999999999999 0.26583299999999999 0.116788 0 0.098733000000000015 0.099117999999999984 0.093998999999999999 0.0086700000000000006 0.0085089999999999992 0.0078100000000000001 0.066647000000000026 0.06852700000000006 0.064776000000000028 0.0046689999999999995 0.0039230000000000003 0.0037409999999999995 0.00092000000000000003 0.00093599999999999998 0.00087200000000000005 1.221831798151201 1.221831798151201 1.221831798151201 3.2335871220712097e-05 3.2335871220712097e-05 3.2335871220712097e-05 1 1 1 Converged Converged Converged OK OK OK 83 83 83 83 83 83 5 5 5 0 0 0 0 1 0 0 1
11 11 uniform 3 23 118 3 0.0001 0.52646001426312516 0.0088934560449414734 0.87987490973474936 -0.52675366357869136 1.2734854760779748 -0.35077868163174147 0 0.3554194580865942 1.2395221060748745 OK 13 12 0.35297000000000001 0.230411 0.092547000000000004 0.257023 0.126996 0 0.095947000000000005 0.10341500000000001 0.092547000000000004 0.0086540000000000002 0.0086960000000000006 0.0078840000000000004 0.06583799999999998 0.074463000000000015 0.064845999999999973 0.004267 0.0036800000000000005 0.0035209999999999998 0.0010190000000000002 0.0009639999999999999 0.00097299999999999991 1.2395220573254979 1.2395220573254979 1.2395220573254979 3.6487201194760042e-05 3.6487201194760042e-05 3.6487201194760042e-05 1 1 1 Converged Converged Converged OK OK OK 83 83 83 83 83 83 5 5 5 0 0 0 0 1 0 0 1
11 11 uniform 4 0 119 0 0.001 0.52646001426312516 0.0088934560449414734 0.87987490973474936 2.8773203037093253 -0.17768840606367675 2.7013453217623753 0 -2.6967045453075227 1.0257050382904995 OK 13 12 0.49776399999999998 0.49129499999999998 0.098285999999999998 0.40103699999999998 0.39538699999999999 0 0.096727000000000007 0.095907999999999993 0.098285999999999998 0.0094680000000000007 0.0094020000000000006 0.0089149999999999993 0.070771000000000001 0.070644999999999999 0.073842000000000005 0.0022040000000000002 0.0021099999999999999 0.0020150000000000003 0.00050200000000000006 0.00051400000000000003 0.00049600000000000002 1.0257050955722151 1.0257050955722151 1.0257050955722151 0.00028481857626755272 0.00028481857626755272 0.00028481857626755272 1 1 1 Converged Converged Converged OK OK OK 51 51 51 51 51 51 5 5 5 0 0 0 0 0 1 0 0
11 11 uniform 4 7 119 1 0.001 0.52646001426312516 0.0088934560449414734 0.87987490973474936 2.8773203037093253 -0.17768840606367675 2.8084605281648667 0 -2.8038197517100141 1.0225943040830072 OK 13 12 0.46462900000000001 0.32911499999999999 0.090247999999999995 0.37166700000000003 0.237622 0 0.092961999999999989 0.091492999999999991 0.090247999999999995 0.0085470000000000008 0.0084539999999999997 0.0078279999999999999 0.070430999999999966 0.069865999999999984 0.069634000000000015 0.0023349999999999998 0.0020410000000000003 0.0020530000000000001 0.000513 0.00050199999999999995 0.00048400000000000006 1.0225943397618256 1.0225943397618256 1.0225943397618256 0.00029631315961018459 0.00029631315961018459 0.00029631315961018459 1 1 1 Converged Converged Converged OK OK OK 51 51 51 51 51 51 5 5 5 0 0 0 0 1 0 0 1
11 11 uniform 4 15 119 2 0.001 0.52646001426312516 0.0088934560449414734 0.87987490973474936 2.8773203037093253 -0.17768840606367675 2.9308779069105708 0 -2.9262371304557182 1.0195765516429982 OK 13 12 0.54037400000000002 0.40345500000000001 0.091187000000000004 0.44735799999999998 0.310747 0 0.093016000000000043 0.092708000000000013 0.091187000000000004 0.0084360000000000008 0.0084419999999999999 0.0077530000000000003 0.071147000000000002 0.071208999999999995 0.070934000000000011 0.0021980000000000003 0.0021129999999999999 0.0019369999999999999 0.00051899999999999993 0.00053300000000000005 0.00048000000000000001 1.0195765722302093 1.0195765722302093 1.0195765722302093 0.00030804832751116961 0.00030804832751116961 0.00030804832751116961 1 1 1 Converged Converged Converged OK OK OK 51 51 51 51 51 51 5 5 5 0 0 0 0 1 0 0 1
11 11 uniform 4 23 119 3 0.001 0.52646001426312516 0.0088934560449414734 0.87987490973474936 2.8773203037093253 -0.17768840606367675 3.0532952856562754 0 -3.0486545092014228 1.0170303317343095 OK 13 12 0.60138000000000003 0.45983400000000002 0.090426999999999993 0.50940099999999999 0.36744300000000002 0 0.091979000000000033 0.092391000000000001 0.090426999999999993 0.0083269999999999993 0.0085129999999999997 0.0077840000000000001 0.070257000000000014 0.070699000000000012 0.070011999999999977 0.002284 0.0021489999999999999 0.002016 0.00050200000000000006 0.00049900000000000009 0.00048899999999999996 1.0170303381396102 1.0170303381396102 1.0170303381396102 0.00031824299784146386 0.00031824299784146386 0.00031824299784146386 1 1 1 Converged Converged Converged OK OK OK 51 51 51 51 51 51 5 5 5 0 0 0 0 1 0 0 1
11 11 uniform 4 0 119 0 0.0001 0.52646001426312516 0.0088934560449414734 0.87987490973474936 2.8773203037093253 -0.17768840606367675 2.7013453217623753 0 -2.6967045453075227 1.0257050382904995 OK 13 12 0.51201200000000002 0.50947799999999999 0.114818 0.39916600000000002 0.39681 0 0.112846 0.11266799999999999 0.114818 0.0091819999999999992 0.0092530000000000008 0.0089730000000000001 0.081765999999999991 0.081988000000000005 0.084508999999999987 0.0029640000000000001 0.0029350000000000001 0.0029660000000000003 0.00066800000000000008 0.00066700000000000006 0.00063699999999999998 1.0257050890804682 1.0257050890804682 1.0257050890804682 1.1282067673115533e-05 1.1282067673115533e-05 1.1282067673115533e-05 1 1 1 Converged Converged Converged OK OK OK 67 67 67 67 67 67 5 5 5 0 0 0 0 0 1 0 0
11 11 uniform 4 7 119 1 0.0001 0.52646001426312516 0.0088934560449414734 0.87987490973474936 2.8773203037093253 -0.17768840606367675 2.8084605281648667 0 -2.8038197517100141 1.0225943040830072 OK 13 12 0.479518 0.344723 0.106144 0.37193199999999998 0.23346500000000001 0 0.10758600000000001 0.111258 0.106144 0.0083389999999999992 0.008541 0.0078239999999999994 0.080991999999999995 0.084205999999999989 0.080559999999999993 0.0028789999999999996 0.0032200000000000002 0.0029589999999999998 0.00065900000000000008 0.00064499999999999996 0.00062999999999999992 1.022594335451094 1.022594335451094 1.022594335451094 9.0640498698505993e-06 9.0640498698505993e-06 9.0640498698505993e-06 1 1 1 Converged Converged Converged OK OK OK 67 67 67 67 67 67 5 5 5 0 0 0 0 1 0 0 1
11 11 uniform 4 15 119 2 0.0001 0.52646001426312516 0.0088934560449414734 0.87987490973474936 2.8773203037093253 -0.17768840606367675 2.9308779069105708 0 -2.9262371304557182 1.0195765516429982 OK 13 12 0.55545199999999995 0.42338599999999998 0.106918 0.44679999999999997 0.31181799999999998 0 0.10865199999999997 0.111568 0.106918 0.0082959999999999996 0.0085470000000000008 0.0078189999999999996 0.082365999999999995 0.084778000000000006 0.081516000000000005 0.0029919999999999999 0.0031200000000000004 0.0028990000000000005 0.00066899999999999989 0.00064299999999999991 0.00061700000000000004 1.0195765697167336 1.0195765697167336 1.0195765697167336 7.1352243239701857e-06 7.1352243239701857e-06 7.1352243239701857e-06 1 1 1 Converged Converged Converged OK OK OK 67 67 67 67 67 67 5 5 5 0 0 0 0 1 0 0 1
11 11 uniform 4 23 119 3 0.0001 0.52646001426312516 0.0088934560449414734 0.87987490973474936 2.8773203037093253 -0.17768840606367675 3.0532952856562754 0 -3.0486545092014228 1.0170303317343095 OK 13 12 0.61663100000000004 0.48430400000000001 0.106027 0.50897000000000003 0.36845299999999997 0 0.10766100000000001 0.11585100000000004 0.106027 0.0083420000000000005 0.0095670000000000009 0.0077580000000000001 0.081241000000000022 0.087332000000000007 0.080634999999999984 0.0029130000000000002 0.0033570000000000002 0.0030109999999999998 0.00062199999999999994 0.00069300000000000004 0.00060799999999999993 1.0170303368437934 1.0170303368437934 1.0170303368437934 5.6509183139496317e-06 5.6509183139496317e-06 5.6509183139496317e-06 1 1 1 Converged Converged Converged OK OK OK 67 67 67 67 67 67 5 5 5 0 0 0 0 1 0 0 1
12 12 linear 0 0 120 0 0.001 0.73879939388060123 0.57406465180346955 5.6396925449333635e-05 0.058843722228708074 0.14184304716413698 0.058832442843618209 0.5 0.21060923244891305 218.56849067070934 OK 14 13 0.62292099999999995 0.61817500000000003 0.17638599999999999 0.44149699999999997 0.44058999999999998 0 0.18142399999999997 0.17758500000000005 0.17638599999999999 0.013667 0.01362 0.013374 0.142926 0.13943999999999993 0.13880299999999993 0.0033960000000000001 0.0034070000000000003 0.0032300000000000002 0.00081099999999999998 0.00079899999999999991 0.00079099999999999993 218.56851414669268 218.56851414669268 218.56851414669268 0.17405953135012214 0.17405953135012214 0.17405953135012214 1 1 1 Converged Converged Converged OK OK OK 74 74 74 74 74 74 6 6 6 0 0 0 0 0 1 0 0
12 12 linear 0 7 120 1 0.001 0.73879939388060123 0.57406465180346955 5.6396925449333635e-05 0.058843722228708074 0.14184304716413698 0.058839308556281604 0.5 0.21060236673624966 212.95981875787319 OK 14 13 0.62008399999999997 0.64884699999999995 0.16965 0.44908500000000001 0.31145699999999998 0 0.17099899999999996 0.33738999999999997 0.16965 0.012744999999999999 0.012897 0.012132 0.13844900000000002 0.304537 0.13838199999999998 0.0033779999999999999 0.0035240000000000007 0.0032980000000000002 0.00077800000000000005 0.00082899999999999998 0.00078399999999999997 212.96041975094732 212.96041975094732 212.96041975094732 0.1675009191778436 0.1675009191778436 0.1675009191778436 1 1 1 Converged Converged Converged OK OK OK 74 74 74 74 74 74 6 6 6 0 0 0 0 1 0 0 1
12 12 linear 0 15 120 2 0.001 0.73879939388060123 0.57406465180346955 5.6396925449333635e-05 0.058843722228708074 0.14184304716413698 0.058847155085039772 0.5 0.2105945202074915 202.51249435960662 OK 14 13 0.58106899999999995 0.60739299999999996 0.177005 0.39590500000000001 0.25930999999999998 0 0.18516399999999994 0.34808299999999998 0.177005 0.012803999999999999 0.012969 0.012231000000000001 0.15259700000000001 0.312222 0.14577799999999996 0.0033160000000000004 0.0034920000000000003 0.0033020000000000002 0.00076300000000000001 0.00084800000000000001 0.00078600000000000002 202.51214256068738 202.51214256068738 202.51214256068738 0.16152899098898996 0.16152899098898996 0.16152899098898996 1 1 1 Converged Converged Converged OK OK OK 74 74 74 74 74 74 6 6 6 0 0 0 0 1 0 0 1
12 12 linear 0 23 120 3 0.001 0.73879939388060123 0.57406465180346955 5.6396925449333635e-05 0.058843722228708074 0.14184304716413698 0.05885500161379794 0.5 0.21058667367873332 188.2535369734843 OK 14 13 0.58757099999999995 0.589646 0.18374399999999999 0.39761999999999997 0.25460700000000003 0 0.18995099999999998 0.33503899999999998 0.18374399999999999 0.012841999999999999 0.012929 0.012151 0.15731900000000004 0.30211200000000016 0.15257800000000005 0.0036290000000000003 0.0034469999999999995 0.0032620000000000001 0.0007980000000000001 0.00080400000000000003 0.00081699999999999991 188.25134831717196 188.25134831717196 188.25134831717196 0.15711261733562498 0.15711261733562498 0.15711261733562498 1 1 1 Converged Converged Converged OK OK OK 74 74 74 74 74 74 6 6 6 0 0 0 0 1 0 0 1
12 12 linear 0 0 120 0 0.0001 0.73879939388060123 0.57406465180346955 5.6396925449333635e-05 0.058843722228708074 0.14184304716413698 0.058832442843618209 0.5 0.21060923244891305 218.56849067070934 OK 14 13 0.70659000000000005 0.69398899999999997 0.25026900000000002 0.44835700000000001 0.43845800000000001 0 0.25823300000000005 0.25553099999999995 0.25026900000000002 0.01387 0.013809999999999999 0.013354 0.20332799999999995 0.20210399999999995 0.19719200000000003 0.0061680000000000007 0.0056970000000000007 0.0055529999999999998 0.001343 0.0012720000000000001 0.0012230000000000001 218.56933160361203 218.56933160361203 218.56933160361203 0.0097293711108099624 0.0097293711108099624 0.0097293711108099624 1 1 1 Converged Converged Converged OK OK OK 114 114 114 114 114 114 6 6 6 0 0 0 0 0 1 0 0
12 12 linear 0 7 120 1 0.0001 0.73879939388060123 0.57406465180346955 5.6396925449333635e-05 0.058843722228708074 0.14184304716413698 0.058839308556281604 0.5 0.21060236673624966 212.95981875787319 OK 14 13 0.66158300000000003 0.74892000000000003 0.20188900000000001 0.45147700000000002 0.31343799999999999 0 0.21010600000000001 0.43548200000000004 0.20188900000000001 0.013124 0.01308 0.012198000000000001 0.17032199999999997 0.39602200000000004 0.16455 0.0049510000000000005 0.0050509999999999999 0.0046290000000000003 0.0011510000000000001 0.0011299999999999999 0.0010400000000000001 212.96123695097828 212.96123695097828 212.96123695097828 0.018258564389251858 0.018258564389251858 0.018258564389251858 1 1 1 Converged Converged Converged OK OK OK 98 98 98 98 98 98 6 6 6 0 0 0 0 1 0 0 1
12 12 linear 0 15 120 2 0.0001 0.73879939388060123 0.57406465180346955 5.6396925449333635e-05 0.058843722228708074 0.14184304716413698 0.058847155085039772 0.5 0.2105945202074915 202.51249435960662 OK 14 13 0.61860199999999999 0.70840999999999998 0.21288799999999999 0.39824900000000002 0.26396900000000001 0 0.22035299999999997 0.44444099999999997 0.21288799999999999 0.012976 0.012949 0.012229 0.18135900000000002 0.40543099999999999 0.17589600000000008 0.0048199999999999996 0.0046979999999999999 0.0046100000000000004 0.001175 0.001078 0.001039 202.51295969543673 202.51295969543673 202.51295969543673 0.014811795976268249 0.014811795976268249 0.014811795976268249 1 1 1 Converged Converged Converged OK OK OK 98 98 98 98 98 98 6 6 6 0 0 0 0 1 0 0 1
12 12 linear 0 23 120 3 0.0001 0.73879939388060123 0.57406465180346955 5.6396925449333635e-05 0.058843722228708074 0.14184304716413698 0.05885500161379794 0.5 0.21058667367873332 188.2535369734843 OK 14 13 0.62505200000000005 0.69140800000000002 0.22670299999999999 0.39538400000000001 0.25304100000000002 0 0.22966800000000004 0.43836700000000001 0.22670299999999999 0.012883 0.013186 0.013422999999999999 0.19124199999999991 0.3988549999999999 0.18778399999999998 0.0046839999999999998 0.0051929999999999997 0.0047710000000000001 0.001077 0.0010840000000000001 0.001052 188.25216542950912 188.25216542950912 188.25216542950912 0.012361172110832494 0.012361172110832494 0.012361172110832494 1 1 1 Converged Converged Converged OK OK OK 98 98 98 98 98 98 6 6 6 0 0 0 0 1 0 0 1
12 12 linear 1 0 121 0 0.001 0.73879939388060123 0.57406465180346955 5.6396925449333635e-05 0.26906511811885864 0.98693545899075508 0.26905383873376876 0.5 0.000387836558762511 59.851311924379679 OK 14 13 0.49668499999999999 0.49767099999999997 0.152083 0.34148400000000001 0.34420200000000001 0 0.15520099999999998 0.15346899999999997 0.152083 0.013027 0.013332999999999999 0.012867999999999999 0.12039200000000001 0.11812000000000003 0.11756499999999999 0.0029399999999999999 0.00296 0.002928 0.00080099999999999985 0.00084099999999999995 0.00081200000000000011 59.851223967019017 59.851223967019017 59.851223967019017 0.033355777820781266 0.033355777820781266 0.033355777820781266 1 1 1 Converged Converged Converged OK OK OK 67 67 67 67 67 67 5 5 5 0 0 0 0 0 1 0 0
12 12 linear 1 7 121 1 0.001 0.73879939388060123 0.57406465180346955 5.6396925449333635e-05 0.26906511811885864 0.98693545899075508 0.26906070444643215 0.5 0.00038097084609911569 61.587200339753522 OK 14 13 0.47623900000000002 0.50277099999999997 0.14724200000000001 0.32725199999999999 0.20865800000000001 0 0.14898700000000004 0.29411299999999996 0.14724200000000001 0.011975 0.012137 0.011449000000000001 0.11906100000000001 0.26410899999999998 0.11829000000000002 0.0030230000000000001 0.0030390000000000005 0.0030469999999999994 0.00076100000000000007 0.00076199999999999998 0.00076000000000000004 61.587044352349523 61.587044352349523 61.587044352349523 0.038223195209993413 0.038223195209993413 0.038223195209993413 1 1 1 Converged Converged Converged OK OK OK 67 67 67 67 67 67 5 5 5 0 0 0 0 1 0 0 1
12 12 linear 1 15 121 2 0.001 0.73879939388060123 0.57406465180346955 5.6396925449333635e-05 0.26906511811885864 0.98693545899075508 0.26906855097519033 0.5 0.00037312431734093376 62.623429384615129 OK 14 13 0.45752900000000002 0.49724299999999999 0.13986299999999999 0.31362200000000001 0.206455 0 0.14390700000000001 0.29078799999999999 0.13986299999999999 0.011815000000000001 0.011861999999999999 0.011039999999999999 0.11453599999999996 0.26072299999999998 0.11182599999999995 0.0027789999999999998 0.0030170000000000002 0.0028250000000000003 0.00074200000000000004 0.000754 0.00074600000000000003 62.62340051451897 62.62340051451897 62.62340051451897 0.039177441898743191 0.039177441898743191 0.039177441898743191 1 1 1 Converged Converged Converged OK OK OK 67 67 67 67 67 67 5 5 5 0 0 0 0 1 0 0 1
12 12 linear 1 23 121 3 0.001 0.73879939388060123 0.57406465180346955 5.6396925449333635e-05 0.26906511811885864 0.98693545899075508 0.26907639750394852 0.5 0.00036527778858275184 62.795661472860907 OK 14 13 0.47107700000000002 0.48964400000000002 0.141705 0.325098 0.20225599999999999 0 0.14597900000000003 0.28738800000000003 0.141705 0.012156999999999999 0.012179000000000001 0.011421000000000001 0.11633200000000003 0.25735000000000002 0.11343199999999996 0.0028600000000000001 0.0029290000000000002 0.0027550000000000001 0.00074799999999999997 0.00076000000000000004 0.00072300000000000001 62.79551993085564 62.79551993085564 62.79551993085564 0.038508888691116787 0.038508888691116787 0.038508888691116787 1 1 1 Converged Converged Converged OK OK OK 67 67 67 67 67 67 5 5 5 0 0 0 0 1 0 0 1
12 12 linear 1 0 121 0 0.0001 0.73879939388060123 0.57406465180346955 5.6396925449333635e-05 0.26906511811885864 0.98693545899075508 0.26905383873376876 0.5 0.000387836558762511 59.851311924379679 OK 14 13 0.56056399999999995 0.55341200000000002 0.20895 0.34199499999999999 0.343947 0 0.21856899999999996 0.20946500000000001 0.20895 0.013181 0.013342 0.012855999999999999 0.17322699999999996 0.16462999999999992 0.16432499999999997 0.0042839999999999996 0.0041929999999999997 0.0042779999999999997 0.0011229999999999999 0.00107 0.0010839999999999999 59.8513759629476 59.8513759629476 59.8513759629476 0.0057406963488849791 0.0057406963488849791 0.0057406963488849791 1 1 1 Converged Converged Converged OK OK OK 91 91 91 91 91 91 5 5 5 0 0 0 0 0 1 0 0
12 12 linear 1 7 121 1 0.0001 0.73879939388060123 0.57406465180346955 5.6396925449333635e-05 0.26906511811885864 0.98693545899075508 0.26906070444643215 0.5 0.00038097084609911569 61.587200339753522 OK 14 13 0.54885099999999998 0.66338799999999998 0.212397 0.329928 0.215921 0 0.21892299999999998 0.44746699999999995 0.212397 0.012108000000000001 0.012147 0.011554 0.17835600000000001 0.40660499999999983 0.17296299999999992 0.0049839999999999997 0.0049849999999999998 0.0052189999999999997 0.001132 0.00117 0.0011800000000000001 61.587201008542081 61.587201008542081 61.587201008542081 0.0041175452033140403 0.0041175452033140403 0.0041175452033140403 1 1 1 Converged Converged Converged OK OK OK 107 107 107 107 107 107 5 5 5 0 0 0 0 1 0 0 1
12 12 linear 1 15 121 2 0.0001 0.73879939388060123 0.57406465180346955 5.6396925449333635e-05 0.26906511811885864 0.98693545899075508 0.26906855097519033 0.5 0.00037312431734093376 62.623429384615129 OK 14 13 0.52760200000000002 0.65303299999999997 0.205371 0.31650299999999998 0.20582900000000001 0 0.21109900000000004 0.44720399999999993 0.205371 0.011705 0.011721000000000001 0.011098 0.17267999999999994 0.40773400000000015 0.16799500000000006 0.0047730000000000003 0.0049680000000000002 0.004860999999999999 0.0012260000000000001 0.0012179999999999999 0.0012489999999999999 62.623554164629269 62.623554164629269 62.623554164629269 0.0041124413706446414 0.0041124413706446414 0.0041124413706446414 1 1 1 Converged Converged Converged OK OK OK 107 107 107 107 107 107 5 5 5 0 0 0 0 1 0 0 1
12 12 linear 1 23 121 3 0.0001 0.73879939388060123 0.57406465180346955 5.6396925449333635e-05 0.26906511811885864 0.98693545899075508 0.26907639750394852 0.5 0.00036527778858275184 62.795661472860907 OK 14 13 0.54184100000000002 0.66548200000000002 0.21141399999999999 0.32134800000000002 0.20361799999999999 0 0.22049299999999999 0.46186400000000005 0.21141399999999999 0.011986 0.011996 0.011414000000000001 0.18154800000000001 0.42214400000000013 0.17350799999999994 0.0048450000000000003 0.0051790000000000004 0.0049849999999999998 0.001206 0.001165 0.0011689999999999999 62.795672399071044 62.795672399071044 62.795672399071044 0.0041093121562858076 0.0041093121562858076 0.0041093121562858076 1 1 1 Converged Converged Converged OK OK OK 107 107 107 107 107 107 5 5 5 0 0 0 0 1 0 0 1
12 12 linear 2 0 122 0 0.001 0.73879939388060123 0.57406465180346955 5.6396925449333635e-05 -0.20737469352900462 -0.01367383042195095 -0.2073859729140945 0.5 0.47682764820662576 227.19997561959701 OK 14 13 0.52013799999999999 0.52062699999999995 0.15229300000000001 0.359846 0.36790099999999998 0 0.16029199999999999 0.15272599999999997 0.15229300000000001 0.012529999999999999 0.012470999999999999 0.012205000000000001 0.11951500000000005 0.11286599999999999 0.11196900000000003 0.0047039999999999998 0.0043690000000000005 0.004646 0.00097999999999999997 0.00092899999999999992 0.00096400000000000001 227.19866067928982 227.19866067928982 227.19866067928982 0.12736159419279861 0.12736159419279861 0.12736159419279861 1 1 1 Converged Converged Converged OK OK OK 91 91 91 91 91 91 5 5 5 0 0 0 0 0 1 0 0
12 12 linear 2 7 122 1 0.001 0.73879939388060123 0.57406465180346955 5.6396925449333635e-05 -0.20737469352900462 -0.01367383042195095 -0.20737910720143107 0.5 0.47682078249396231 211.27813688328331 OK 15 14 0.54160399999999997 0.60192800000000002 0.16373699999999999 0.37270999999999999 0.25231199999999998 0 0.16889399999999999 0.34961600000000004 0.16373699999999999 0.013828 0.013745 0.013112 0.12581600000000007 0.30729300000000004 0.12255600000000005 0.005006 0.0047829999999999999 0.0049110000000000004 0.001029 0.00096099999999999994 0.00097400000000000004 211.27699876414292 211.27699876414292 211.27699876414292 0.12535054501418622 0.12535054501418622 0.12535054501418622 1 1 1 Converged Converged Converged OK OK OK 91 91 91 91 91 91 5 5 5 0 0 0 0 1 0 0 1
12 12 linear 2 15 122 2 0.001 0.73879939388060123 0.57406465180346955 5.6396925449333635e-05 -0.20737469352900462 -0.01367383042195095 -0.20737126067267292 0.5 0.47681293596520419 200.13778890848366 OK 15 14 0.53500800000000004 0.60144900000000001 0.16208600000000001 0.36430699999999999 0.236649 0 0.17070100000000005 0.36480000000000001 0.16208600000000001 0.013627999999999999 0.013565000000000001 0.012937000000000001 0.12785600000000008 0.32256499999999999 0.12104800000000002 0.0052009999999999999 0.0049629999999999995 0.0049720000000000007 0.0010690000000000001 0.001008 0.001052 200.13683016879426 200.13683016879426 200.13683016879426 0.12533936743414142 0.12533936743414142 0.12533936743414142 1 1 1 Converged Converged Converged OK OK OK 91 91 91 91 91 91 5 5 5 0 0 0 0 1 0 0 1
12 12 linear 2 23 122 3 0.001 0.73879939388060123 0.57406465180346955 5.6396925449333635e-05 -0.20737469352900462 -0.01367383042195095 -0.20736341414391474 0.5 0.47680508943644601 191.57039742165156 OK 15 14 0.560701 0.62713699999999994 0.16036600000000001 0.39099299999999998 0.263714 0 0.16970800000000003 0.36342299999999994 0.16036600000000001 0.013587 0.01366 0.013018 0.12771799999999997 0.32126199999999999 0.11950800000000003 0.005097 0.0049959999999999996 0.0049890000000000004 0.001044 0.00097199999999999999 0.000959 191.56951624634269 191.56951624634269 191.56951624634269 0.12533512334514085 0.12533512334514085 0.12533512334514085 1 1 1 Converged Converged Converged OK OK OK 91 91 91 91 91 91 5 5 5 0 0 0 0 1 0 0 1
12 12 linear 2 0 122 0 0.0001 0.73879939388060123 0.57406465180346955 5.6396925449333635e-05 -0.20737469352900462 -0.01367383042195095 -0.2073859729140945 0.5 0.47682764820662576 227.19997561959701 OK 14 13 0.53571899999999995 0.53001799999999999 0.167381 0.36146299999999998 0.36102299999999998 0 0.17425599999999997 0.16899500000000001 0.167381 0.012132 0.012007 0.011938000000000001 0.130748 0.12441599999999997 0.12390100000000001 0.0045829999999999994 0.0046150000000000002 0.0049800000000000001 0.00107 0.0011000000000000001 0.001134 227.1993393039609 227.1993393039609 227.1993393039609 0.012614532871925984 0.012614532871925984 0.012614532871925984 1 1 1 Converged Converged Converged OK OK OK 99 99 99 99 99 99 5 5 5 0 0 0 0 0 1 0 0
12 12 linear 2 7 122 1 0.0001 0.73879939388060123 0.57406465180346955 5.6396925449333635e-05 -0.20737469352900462 -0.01367383042195095 -0.20737910720143107 0.5 0.47682078249396231 211.27813688328331 OK 15 14 0.55505000000000004 0.62021700000000002 0.175568 0.375249 0.25084600000000001 0 0.17980100000000004 0.369371 0.175568 0.013454000000000001 0.013705999999999999 0.012878000000000001 0.13576899999999992 0.3243359999999999 0.132683 0.0050819999999999997 0.0053800000000000002 0.0051200000000000004 0.0010949999999999998 0.0011059999999999998 0.001088 211.27767740702265 211.27767740702265 211.27767740702265 0.010600405160410997 0.010600405160410997 0.010600405160410997 1 1 1 Converged Converged Converged OK OK OK 99 99 99 99 99 99 5 5 5 0 0 0 0 1 0 0 1
12 12 linear 2 15 122 2 0.0001 0.73879939388060123 0.57406465180346955 5.6396925449333635e-05 -0.20737469352900462 -0.01367383042195095 -0.20737126067267292 0.5 0.47681293596520419 200.13778890848366 OK 15 14 0.55125599999999997 0.62937600000000005 0.17721500000000001 0.36527599999999999 0.23630599999999999 0 0.18597999999999998 0.39307000000000003 0.17721500000000001 0.013563 0.013714 0.01282 0.14166100000000001 0.34799600000000008 0.13416499999999995 0.0052829999999999995 0.0053930000000000002 0.0052230000000000002 0.001126 0.0010920000000000001 0.001126 200.13750883247928 200.13750883247928 200.13750883247928 0.01058570909177748 0.01058570909177748 0.01058570909177748 1 1 1 Converged Converged Converged OK OK OK 99 99 99 99 99 99 5 5 5 0 0 0 0 1 0 0 1
12 12 linear 2 23 122 3 0.0001 0.73879939388060123 0.57406465180346955 5.6396925449333635e-05 -0.20737469352900462 -0.01367383042195095 -0.20736341414391474 0.5 0.47680508943644601 191.57039742165156 OK 15 14 0.57394400000000001 0.64864699999999997 0.17380599999999999 0.39540700000000001 0.26650000000000001 0 0.178537 0.38214699999999996 0.17380599999999999 0.013672999999999999 0.013849 0.012803999999999999 0.13427699999999998 0.33724599999999993 0.13096399999999994 0.0052680000000000001 0.0054280000000000005 0.0052379999999999996 0.0011040000000000002 0.0010969999999999999 0.0010989999999999999 191.57019493083979 191.57019493083979 191.57019493083979 0.010577946366697554 0.010577946366697554 0.010577946366697554 1 1 1 Converged Converged Converged OK OK OK 99 99 99 99 99 99 5 5 5 0 0 0 0 1 0 0 1
12 12 linear 3 0 123 0 0.001 0.73879939388060123 0.57406465180346955 5.6396925449333635e-05 0.11809040348248863 -0.027089012249743503 0.11807912409739876 0.5 0.15136255119513251 4.6474157724671779 OK 13 12 0.47597600000000001 0.475719 0.15008199999999999 0.322301 0.32472499999999999 0 0.15367500000000001 0.15099400000000002 0.15008199999999999 0.0098809999999999992 0.0098530000000000006 0.009554 0.12503500000000001 0.12268699999999999 0.12208199999999998 0.0027129999999999997 0.0027029999999999997 0.0027340000000000003 0.00058699999999999996 0.00057399999999999997 0.00054599999999999994 4.6473994275359978 4.6473994275359978 4.6473994275359978 0.003980286653296897 0.003980286653296897 0.003980286653296897 1 1 1 Converged Converged Converged OK OK OK 53 53 53 53 53 53 3 3 3 0 0 0 0 0 1 0 0
12 12 linear 3 7 123 1 0.001 0.73879939388060123 0.57406465180346955 5.6396925449333635e-05 0.11809040348248863 -0.027089012249743503 0.11808598981006216 0.5 0.15135568548246911 4.6476328649355061 OK 13 12 0.47731699999999999 0.38866000000000001 0.139986 0.32955800000000002 0.198576 0 0.14775899999999997 0.190084 0.139986 0.0087869999999999997 0.0089200000000000008 0.0082000000000000007 0.12219999999999999 0.16473400000000005 0.11572700000000001 0.002699 0.0026150000000000001 0.0025730000000000002 0.00060899999999999995 0.00063600000000000006 0.00056999999999999998 4.6476165199394543 4.6476165199394543 4.6476165199394543 0.0039802586807415946 0.0039802586807415946 0.0039802586807415946 1 1 1 Converged Converged Converged OK OK OK 53 53 53 53 53 53 3 3 3 0 0 0 0 1 0 0 1
12 12 linear 3 15 123 2 0.001 0.73879939388060123 0.57406465180346955 5.6396925449333635e-05 0.11809040348248863 -0.027089012249743503 0.11809383633882033 0.5 0.15134783895371096 4.6478810069278405 OK 13 12 0.46580500000000002 0.37098199999999998 0.137068 0.32453300000000002 0.18946399999999999 0 0.14127200000000001 0.18151799999999998 0.137068 0.009044 0.0092339999999999992 0.0085280000000000009 0.11564099999999998 0.155801 0.11250400000000002 0.0026699999999999996 0.0026979999999999999 0.0025999999999999999 0.00056399999999999994 0.00057700000000000004 0.00054299999999999997 4.6478646618736166 4.6478646618736166 4.6478646618736166 0.0039802266891197759 0.0039802266891197759 0.0039802266891197759 1 1 1 Converged Converged Converged OK OK OK 53 53 53 53 53 53 3 3 3 0 0 0 0 1 0 0 1
12 12 linear 3 23 123 3 0.001 0.73879939388060123 0.57406465180346955 5.6396925449333635e-05 0.11809040348248863 -0.027089012249743503 0.11810168286757849 0.5 0.15133999242495277 4.6481291876482187 OK 13 12 0.46810000000000002 0.39025500000000002 0.141955 0.31766299999999997 0.19745499999999999 0 0.15043700000000004 0.19280000000000003 0.141955 0.0087580000000000002 0.0088889999999999993 0.0082389999999999998 0.12491599999999999 0.16746600000000003 0.11783699999999998 0.0026719999999999999 0.0025799999999999998 0.0026029999999999998 0.00056800000000000004 0.00056800000000000004 0.00054700000000000007 4.6481128425354337 4.6481128425354337 4.6481128425354337 0.0039801947316617471 0.0039801947316617471 0.0039801947316617471 1 1 1 Converged Converged Converged OK OK OK 53 53 53 53 53 53 3 3 3 0 0 0 0 1 0 0 1
12 12 linear 3 0 123 0 0.0001 0.73879939388060123 0.57406465180346955 5.6396925449333635e-05 0.11809040348248863 -0.027089012249743503 0.11807912409739876 0.5 0.15136255119513251 4.6474157724671779 OK 13 12 0.56263700000000005 0.5575 0.235789 0.32522699999999999 0.324239 0 0.23741000000000007 0.233261 0.235789 0.0097450000000000002 0.0098270000000000007 0.0094000000000000004 0.19980200000000004 0.19550800000000002 0.19874599999999998 0.0039849999999999998 0.0039629999999999995 0.0039579999999999997 0.00080200000000000009 0.00081900000000000007 0.00080199999999999998 4.6474156895992689 4.6474156895992689 4.6474156895992689 3.2531593750937459e-05 3.2531593750937459e-05 3.2531593750937459e-05 1 1 1 Converged Converged Converged OK OK OK 77 77 77 77 77 77 3 3 3 0 0 0 0 0 1 0 0
12 12 linear 3 7 123 1 0.0001 0.73879939388060123 0.57406465180346955 5.6396925449333635e-05 0.11809040348248863 -0.027089012249743503 0.11808598981006216 0.5 0.15135568548246911 4.6476328649355061 OK 13 12 0.556751 0.47312500000000002 0.21868099999999999 0.33207900000000001 0.200401 0 0.22467199999999998 0.27272400000000002 0.21868099999999999 0.0087569999999999992 0.0087720000000000003 0.0082170000000000003 0.19192099999999995 0.23988199999999998 0.18725499999999995 0.0038899999999999998 0.0041110000000000001 0.0038309999999999998 0.00080399999999999992 0.00080899999999999993 0.00079200000000000017 4.6476327820395111 4.6476327820395111 4.6476327820395111 3.2531675372633806e-05 3.2531675372633806e-05 3.2531675372633806e-05 1 1 1 Converged Converged Converged OK OK OK 77 77 77 77 77 77 3 3 3 0 0 0 0 1 0 0 1
12 12 linear 3 15 123 2 0.0001 0.73879939388060123 0.57406465180346955 5.6396925449333635e-05 0.11809040348248863 -0.027089012249743503 0.11809383633882033 0.5 0.15134783895371096 4.6478810069278405 OK 13 12 0.55098100000000005 0.45653100000000002 0.21590899999999999 0.32911000000000001 0.192715 0 0.22187100000000004 0.26381600000000005 0.21590899999999999 0.0089720000000000008 0.0091649999999999995 0.0084659999999999996 0.18889500000000001 0.23047400000000004 0.18415000000000004 0.0039740000000000001 0.0041370000000000001 0.0038379999999999998 0.00078899999999999999 0.00078299999999999995 0.00078399999999999997 4.6478809240141326 4.6478809240141326 4.6478809240141326 3.2531737595768118e-05 3.2531737595768118e-05 3.2531737595768118e-05 1 1 1 Converged Converged Converged OK OK OK 77 77 77 77 77 77 3 3 3 0 0 0 0 1 0 0 1
12 12 linear 3 23 123 3 0.0001 0.73879939388060123 0.57406465180346955 5.6396925449333635e-05 0.11809040348248863 -0.027089012249743503 0.11810168286757849 0.5 0.15133999242495277 4.6481291876482187 OK 13 12 0.544987 0.47587000000000002 0.22233900000000001 0.31631999999999999 0.200292 0 0.22866700000000001 0.27557799999999999 0.22233900000000001 0.0087740000000000005 0.0087209999999999996 0.0082220000000000001 0.19594600000000004 0.24301300000000006 0.19073899999999994 0.0039200000000000007 0.0039550000000000002 0.0038599999999999997 0.00077900000000000007 0.00078300000000000006 0.0007809999999999999 4.6481291047170634 4.6481291047170634 4.6481291047170634 3.253183744108696e-05 3.253183744108696e-05 3.253183744108696e-05 1 1 1 Converged Converged Converged OK OK OK 77 77 77 77 77 77 3 3 3 0 0 0 0 1 0 0 1
12 12 linear 4 0 124 0 0.001 0.73879939388060123 0.57406465180346955 5.6396925449333635e-05 0.14550231242671702 0.0061483234997830056 0.14549103304162714 0.5 0.12395064225090413 243.25051766564607 OK 15 14 0.534493 0.52883500000000006 0.20274800000000001 0.32684400000000002 0.32764300000000002 0 0.20764899999999997 0.20119200000000004 0.20274800000000001 0.015897000000000001 0.016327000000000001 0.015730999999999998 0.15816700000000009 0.15112199999999998 0.15386699999999998 0.0048130000000000004 0.0047720000000000002 0.0047209999999999995 0.00096500000000000004 0.00092599999999999996 0.0008969999999999999 243.24982315744285 243.24982315744285 243.24982315744285 0.10945459700766157 0.10945459700766157 0.10945459700766157 1 1 1 Converged Converged Converged OK OK OK 91 91 91 91 91 91 5 5 5 0 0 0 0 0 1 0 0
12 12 linear 4 7 124 1 0.001 0.73879939388060123 0.57406465180346955 5.6396925449333635e-05 0.14550231242671702 0.0061483234997830056 0.14549789875429056 0.5 0.12394377653824071 247.64042339892615 OK 15 14 0.55318699999999998 0.54549499999999995 0.19959299999999999 0.34787899999999999 0.20646500000000001 0 0.20530799999999999 0.33902999999999994 0.19959299999999999 0.015443999999999999 0.015507999999999999 0.014937000000000001 0.16174199999999997 0.29516199999999998 0.15715099999999999 0.0045799999999999999 0.0047730000000000003 0.0046769999999999997 0.00094900000000000008 0.00097199999999999988 0.000941 247.63972938979424 247.63972938979424 247.63972938979424 0.10945566394544626 0.10945566394544626 0.10945566394544626 1 1 1 Converged Converged Converged OK OK OK 91 91 91 91 91 91 5 5 5 0 0 0 0 1 0 0 1
12 12 linear 4 15 124 2 0.001 0.73879939388060123 0.57406465180346955 5.6396925449333635e-05 0.14550231242671702 0.0061483234997830056 0.14550574528304872 0.5 0.12393593000948255 253.00897648212467 OK 15 14 0.54183599999999998 0.55440199999999995 0.195996 0.34029399999999999 0.222611 0 0.201542 0.33179099999999995 0.195996 0.015202 0.015298000000000001 0.01455 0.15824500000000002 0.28821200000000008 0.15394300000000005 0.0046929999999999993 0.0048200000000000005 0.0047530000000000003 0.00093700000000000001 0.00093500000000000007 0.00093900000000000006 253.00827796524487 253.00827796524487 253.00827796524487 0.10945700686500469 0.10945700686500469 0.10945700686500469 1 1 1 Converged Converged Converged OK OK OK 91 91 91 91 91 91 5 5 5 0 0 0 0 1 0 0 1
12 12 linear 4 23 124 3 0.001 0.73879939388060123 0.57406465180346955 5.6396925449333635e-05 0.14550231242671702 0.0061483234997830056 0.1455135918118069 0.5 0.12392808348072437 258.80571193073899 OK 15 14 0.53088900000000006 0.52666500000000005 0.188169 0.336698 0.21229100000000001 0 0.19419100000000006 0.31437400000000004 0.188169 0.015622 0.015518000000000001 0.014784 0.15054700000000004 0.27040299999999995 0.14576500000000003 0.0047239999999999999 0.00479 0.0046239999999999996 0.00095500000000000001 0.00093499999999999985 0.000919 258.80500692953149 258.80500692953149 258.80500692953149 0.1094585148494832 0.1094585148494832 0.1094585148494832 1 1 1 Converged Converged Converged OK OK OK 91 91 91 91 91 91 5 5 5 0 0 0 0 1 0 0 1
12 12 linear 4 0 124 0 0.0001 0.73879939388060123 0.57406465180346955 5.6396925449333635e-05 0.14550231242671702 0.0061483234997830056 0.14549103304162714 0.5 0.12395064225090413 243.25051766564607 OK 15 14 0.56262599999999996 0.56151499999999999 0.22900999999999999 0.327455 0.32925100000000002 0 0.23517099999999996 0.23226399999999997 0.22900999999999999 0.016178999999999999 0.016296000000000001 0.015573999999999999 0.18163300000000002 0.17783099999999999 0.17662700000000009 0.0052090000000000001 0.0052430000000000003 0.0050939999999999996 0.0010430000000000001 0.0010840000000000001 0.001041 243.25035907798863 243.25035907798863 243.25035907798863 0.018837042179017612 0.018837042179017612 0.018837042179017612 1 1 1 Converged Converged Converged OK OK OK 99 99 99 99 99 99 5 5 5 0 0 0 0 0 1 0 0
12 12 linear 4 7 124 1 0.0001 0.73879939388060123 0.57406465180346955 5.6396925449333635e-05 0.14550231242671702 0.0061483234997830056 0.14549789875429056 0.5 0.12394377653824071 247.64042339892615 OK 15 14 0.58269400000000005 0.57518899999999995 0.22777800000000001 0.34460600000000002 0.20753099999999999 0 0.23808800000000002 0.36765799999999993 0.22777800000000001 0.015540999999999999 0.015701 0.014801 0.192049 0.32110900000000009 0.18272099999999994 0.0051139999999999996 0.0052190000000000005 0.0051539999999999997 0.0010739999999999999 0.0010689999999999999 0.0010790000000000001 247.64026529577242 247.64026529577242 247.64026529577242 0.018840572344340858 0.018840572344340858 0.018840572344340858 1 1 1 Converged Converged Converged OK OK OK 99 99 99 99 99 99 5 5 5 0 0 0 0 1 0 0 1
12 12 linear 4 15 124 2 0.0001 0.73879939388060123 0.57406465180346955 5.6396925449333635e-05 0.14550231242671702 0.0061483234997830056 0.14550574528304872 0.5 0.12393593000948255 253.00897648212467 OK 15 14 0.57095300000000004 0.583569 0.22403500000000001 0.33693000000000001 0.22200900000000001 0 0.23402300000000004 0.36155999999999999 0.22403500000000001 0.015318999999999999 0.015480000000000001 0.014631 0.18801800000000005 0.31522900000000004 0.17948300000000003 0.005082999999999999 0.0051919999999999996 0.0050360000000000005 0.0011169999999999999 0.0010739999999999999 0.0010460000000000001 253.00881385457436 253.00881385457436 253.00881385457436 0.018844730263003488 0.018844730263003488 0.018844730263003488 1 1 1 Converged Converged Converged OK OK OK 99 99 99 99 99 99 5 5 5 0 0 0 0 1 0 0 1
12 12 linear 4 23 124 3 0.0001 0.73879939388060123 0.57406465180346955 5.6396925449333635e-05 0.14550231242671702 0.0061483234997830056 0.1455135918118069 0.5 0.12392808348072437 258.80571193073899 OK 15 14 0.56247400000000003 0.55713199999999996 0.21676200000000001 0.33888099999999999 0.21270800000000001 0 0.22359300000000004 0.34442399999999995 0.21676200000000001 0.015592 0.015533999999999999 0.014784 0.17754400000000004 0.29793600000000003 0.17208800000000002 0.0051259999999999995 0.0052259999999999989 0.0050030000000000005 0.0010349999999999999 0.0010730000000000002 0.001021 258.80554280221406 258.80554280221406 258.80554280221406 0.018849053125121057 0.018849053125121057 0.018849053125121057 1 1 1 Converged Converged Converged OK OK OK 99 99 99 99 99 99 5 5 5 0 0 0 0 1 0 0 1
12 12 uniform 0 0 125 0 0.001 0.73879939388060123 0.57406465180346955 5.6396925449333635e-05 0.058843722228708074 0.14184304716413698 0.058832442843618209 0 0.21060923244891305 212.19137353668222 OK 14 13 0.58630099999999996 0.58966099999999999 0.14519199999999999 0.43914500000000001 0.44286500000000001 0 0.14715599999999995 0.14679599999999998 0.14519199999999999 0.013648 0.013776999999999999 0.013191 0.10884300000000001 0.10825000000000005 0.10778699999999999 0.0031679999999999998 0.0033709999999999999 0.0031189999999999998 0.000803 0.00088899999999999992 0.00075699999999999997 212.19120178697295 212.19120178697295 212.19120178697295 0.15401756093437499 0.15401756093437499 0.15401756093437499 1 1 1 Converged Converged Converged OK OK OK 74 74 74 74 74 74 6 6 6 0 0 0 0 0 1 0 0
12 12 uniform 0 7 125 1 0.001 0.73879939388060123 0.57406465180346955 5.6396925449333635e-05 0.058843722228708074 0.14184304716413698 0.058839308556281604 0 0.21060236673624966 205.61390106968261 OK 14 13 0.58694900000000005 0.61916400000000005 0.13444300000000001 0.45041300000000001 0.31439400000000001 0 0.13653600000000005 0.30477000000000004 0.13444300000000001 0.012885000000000001 0.013004999999999999 0.01217 0.10434599999999998 0.27188899999999999 0.10340200000000001 0.0030489999999999996 0.003274 0.0030799999999999998 0.00076899999999999994 0.00079500000000000003 0.00076599999999999997 205.61372950952344 205.61372950952344 205.61372950952344 0.1506761039835372 0.1506761039835372 0.1506761039835372 1 1 1 Converged Converged Converged OK OK OK 74 74 74 74 74 74 6 6 6 0 0 0 0 1 0 0 1
12 12 uniform 0 15 125 2 0.001 0.73879939388060123 0.57406465180346955 5.6396925449333635e-05 0.058843722228708074 0.14184304716413698 0.058847155085039772 0 0.2105945202074915 195.15909290350152 OK 14 13 0.54743399999999998 0.57758299999999996 0.14569199999999999 0.39551999999999998 0.26044400000000001 0 0.15191399999999999 0.31713899999999995 0.14569199999999999 0.013001 0.012866000000000001 0.012203 0.11936900000000002 0.28454199999999996 0.11483899999999998 0.0031590000000000003 0.0031960000000000001 0.0029910000000000002 0.00081999999999999998 0.00079499999999999992 0.000785 195.15892470716443 195.15892470716443 195.15892470716443 0.14765132007058859 0.14765132007058859 0.14765132007058859 1 1 1 Converged Converged Converged OK OK OK 74 74 74 74 74 74 6 6 6 0 0 0 0 1 0 0 1
12 12 uniform 0 23 125 3 0.001 0.73879939388060123 0.57406465180346955 5.6396925449333635e-05 0.058843722228708074 0.14184304716413698 0.05885500161379794 0 0.21058667367873332 181.94963965203078 OK 14 13 0.55271400000000004 0.56517899999999999 0.15009500000000001 0.40096100000000001 0.25756400000000002 0 0.15175300000000003 0.30761499999999997 0.15009500000000001 0.012886 0.013017000000000001 0.012163999999999999 0.11873300000000001 0.27401899999999996 0.11838000000000001 0.0032470000000000003 0.0034229999999999994 0.003137 0.00078100000000000001 0.00084999999999999995 0.00076800000000000002 181.94994740076632 181.94994740076632 181.94994740076632 0.13272611031431816 0.13272611031431816 0.13272611031431816 1 1 1 Converged Converged Converged OK OK OK 74 74 74 74 74 74 6 6 6 0 0 0 0 1 0 0 1
12 12 uniform 0 0 125 0 0.0001 0.73879939388060123 0.57406465180346955 5.6396925449333635e-05 0.058843722228708074 0.14184304716413698 0.058832442843618209 0 0.21060923244891305 212.19137353668222 OK 14 13 0.59867000000000004 0.59924200000000005 0.15548400000000001 0.44230199999999997 0.44281700000000002 0 0.15636800000000006 0.15642500000000004 0.15548400000000001 0.013629 0.013705 0.013265000000000001 0.11471600000000001 0.11479200000000003 0.11427800000000002 0.00365 0.0036599999999999996 0.0035860000000000002 0.00090499999999999999 0.000883 0.00088100000000000006 212.19137211846098 212.19137211846098 212.19137211846098 0.018377095052042408 0.018377095052042408 0.018377095052042408 1 1 1 Converged Converged Converged OK OK OK 82 82 82 82 82 82 6 6 6 0 0 0 0 0 1 0 0
12 12 uniform 0 7 125 1 0.0001 0.73879939388060123 0.57406465180346955 5.6396925449333635e-05 0.058843722228708074 0.14184304716413698 0.058839308556281604 0 0.21060236673624966 205.61390106968261 OK 14 13 0.59245099999999995 0.65376400000000001 0.14410200000000001 0.44442700000000002 0.31126300000000001 0 0.14802399999999993 0.342501 0.14410200000000001 0.012828000000000001 0.012907 0.012333999999999999 0.11037299999999992 0.30700999999999995 0.10989999999999998 0.003496 0.0037790000000000002 0.0035429999999999997 0.00088000000000000003 0.00089599999999999999 0.00091700000000000006 205.61389983445122 205.61389983445122 205.61389983445122 0.015040863344493654 0.015040863344493654 0.015040863344493654 1 1 1 Converged Converged Converged OK OK OK 82 82 82 82 82 82 6 6 6 0 0 0 0 1 0 0 1
12 12 uniform 0 15 125 2 0.0001 0.73879939388060123 0.57406465180346955 5.6396925449333635e-05 0.058843722228708074 0.14184304716413698 0.058847155085039772 0 0.2105945202074915 195.15909290350152 OK 14 13 0.55478400000000005 0.61629500000000004 0.15447900000000001 0.39900600000000003 0.25991199999999998 0 0.15577800000000003 0.35638300000000006 0.15447900000000001 0.012754 0.012937000000000001 0.012248999999999999 0.12140700000000004 0.31753399999999987 0.12099100000000002 0.0035330000000000005 0.0038119999999999999 0.0034930000000000004 0.00088200000000000008 0.00090400000000000007 0.00088999999999999995 195.15909502459255 195.15909502459255 195.15909502459255 0.012022050676580546 0.012022050676580546 0.012022050676580546 1 1 1 Converged Converged Converged OK OK OK 82 82 82 82 82 82 6 6 6 0 0 0 0 1 0 0 1
12 12 uniform 0 23 125 3 0.0001 0.73879939388060123 0.57406465180346955 5.6396925449333635e-05 0.058843722228708074 0.14184304716413698 0.05885500161379794 0 0.21058667367873332 181.94963965203078 OK 14 13 0.56105499999999997 0.59439600000000004 0.15937200000000001 0.39430599999999999 0.25168200000000002 0 0.16674899999999998 0.34271400000000002 0.15937200000000001 0.012727 0.012976 0.012233000000000001 0.13199899999999998 0.30735299999999993 0.12595899999999999 0.0035990000000000002 0.0037699999999999999 0.0034529999999999999 0.00094299999999999994 0.00094800000000000006 0.00093300000000000002 181.94965018008654 181.94965018008654 181.94965018008654 0.0096335900551911165 0.0096335900551911165 0.0096335900551911165 1 1 1 Converged Converged Converged OK OK OK 82 82 82 82 82 82 6 6 6 0 0 0 0 1 0 0 1
12 12 uniform 1 0 126 0 0.001 0.73879939388060123 0.57406465180346955 5.6396925449333635e-05 0.26906511811885864 0.98693545899075508 0.26905383873376876 0 0.000387836558762511 60.379761249642414 OK 14 13 0.46862399999999999 0.46865800000000002 0.12489699999999999 0.34226499999999999 0.33765800000000001 0 0.126359 0.13100000000000001 0.12489699999999999 0.013259999999999999 0.013148 0.012669 0.091329000000000035 0.09632899999999997 0.090937999999999991 0.0028540000000000002 0.0027939999999999996 0.0027300000000000002 0.00072099999999999996 0.00073599999999999989 0.00071099999999999994 60.379724749363753 60.379724749363753 60.379724749363753 0.042908099979222257 0.042908099979222257 0.042908099979222257 1 1 1 Converged Converged Converged OK OK OK 67 67 67 67 67 67 5 5 5 0 0 0 0 0 1 0 0
12 12 uniform 1 7 126 1 0.001 0.73879939388060123 0.57406465180346955 5.6396925449333635e-05 0.26906511811885864 0.98693545899075508 0.26906070444643215 0 0.00038097084609911569 61.438426621736667 OK 14 13 0.45226300000000003 0.47469499999999998 0.12134 0.32655699999999999 0.208318 0 0.12570600000000004 0.26637699999999997 0.12134 0.012052 0.012067 0.012775 0.096270999999999968 0.23712500000000009 0.091087000000000029 0.0027960000000000003 0.0027750000000000006 0.0028069999999999996 0.00072199999999999999 0.00069899999999999997 0.00072399999999999993 61.438391926250048 61.438391926250048 61.438391926250048 0.034694408305008528 0.034694408305008528 0.034694408305008528 1 1 1 Converged Converged Converged OK OK OK 67 67 67 67 67 67 5 5 5 0 0 0 0 1 0 0 1
12 12 uniform 1 15 126 2 0.001 0.73879939388060123 0.57406465180346955 5.6396925449333635e-05 0.26906511811885864 0.98693545899075508 0.26906855097519033 0 0.00037312431734093376 61.774950901263338 OK 14 13 0.42952000000000001 0.46803499999999998 0.11627800000000001 0.31478200000000001 0.201489 0 0.11473800000000001 0.26654599999999995 0.11627800000000001 0.011627 0.011918 0.011106 0.085764000000000007 0.23663499999999998 0.088193999999999953 0.0028790000000000005 0.0030249999999999999 0.0028309999999999997 0.00069800000000000005 0.00073799999999999994 0.00069000000000000008 61.774917797890559 61.774917797890559 61.774917797890559 0.031232230360818868 0.031232230360818868 0.031232230360818868 1 1 1 Converged Converged Converged OK OK OK 67 67 67 67 67 67 5 5 5 0 0 0 0 1 0 0 1
12 12 uniform 1 23 126 3 0.001 0.73879939388060123 0.57406465180346955 5.6396925449333635e-05 0.26906511811885864 0.98693545899075508 0.26907639750394852 0 0.00036527778858275184 61.386648589012971 OK 14 13 0.43775399999999998 0.46241399999999999 0.114842 0.32128699999999999 0.20325499999999999 0 0.11646699999999999 0.25915900000000003 0.114842 0.012062 0.012135999999999999 0.011354 0.087416000000000021 0.22989899999999996 0.086850000000000011 0.0027780000000000001 0.002761 0.0026770000000000001 0.00069999999999999999 0.00071499999999999992 0.00068499999999999995 61.386618348092874 61.386618348092874 61.386618348092874 0.031602303476015697 0.031602303476015697 0.031602303476015697 1 1 1 Converged Converged Converged OK OK OK 67 67 67 67 67 67 5 5 5 0 0 0 0 1 0 0 1
12 12 uniform 1 0 126 0 0.0001 0.73879939388060123 0.57406465180346955 5.6396925449333635e-05 0.26906511811885864 0.98693545899075508 0.26905383873376876 0 0.000387836558762511 60.379761249642414 OK 14 13 0.520841 0.524613 0.18423400000000001 0.33983400000000002 0.34235199999999999 0 0.18100699999999997 0.18226100000000001 0.18423400000000001 0.012975 0.013261999999999999 0.012702 0.13425800000000002 0.13475200000000001 0.13731400000000005 0.0047729999999999995 0.0048140000000000006 0.0050039999999999998 0.001126 0.0011280000000000001 0.0011480000000000001 60.379769044250281 60.379769044250281 60.379769044250281 0.000881588193957393 0.000881588193957393 0.000881588193957393 1 1 1 Converged Converged Converged OK OK OK 107 107 107 107 107 107 5 5 5 0 0 0 0 0 1 0 0
12 12 uniform 1 7 126 1 0.0001 0.73879939388060123 0.57406465180346955 5.6396925449333635e-05 0.26906511811885864 0.98693545899075508 0.26906070444643215 0 0.00038097084609911569 61.438426621736667 OK 14 13 0.479852 0.56571400000000005 0.14910999999999999 0.32888299999999998 0.21226999999999999 0 0.15096900000000002 0.35344400000000009 0.14910999999999999 0.012130999999999999 0.012049000000000001 0.011414000000000001 0.11581000000000002 0.31824400000000014 0.11522099999999995 0.0038529999999999997 0.0040280000000000003 0.0038560000000000001 0.000968 0.00097300000000000012 0.00094600000000000001 61.438427698227478 61.438427698227478 61.438427698227478 0.0049459156273415619 0.0049459156273415619 0.0049459156273415619 1 1 1 Converged Converged Converged OK OK OK 91 91 91 91 91 91 5 5 5 0 0 0 0 1 0 0 1
12 12 uniform 1 15 126 2 0.0001 0.73879939388060123 0.57406465180346955 5.6396925449333635e-05 0.26906511811885864 0.98693545899075508 0.26906855097519033 0 0.00037312431734093376 61.774950901263338 OK 14 13 0.43832599999999999 0.50753700000000002 0.12559699999999999 0.31133699999999997 0.202656 0 0.12698900000000002 0.30488100000000001 0.12559699999999999 0.011644 0.016913999999999998 0.011030999999999999 0.09538000000000002 0.2676 0.095289999999999986 0.0031769999999999997 0.003339 0.0032109999999999994 0.00086699999999999993 0.00088600000000000007 0.00085200000000000011 61.774949475257621 61.774949475257621 61.774949475257621 0.0060065216494575085 0.0060065216494575085 0.0060065216494575085 1 1 1 Converged Converged Converged OK OK OK 75 75 75 75 75 75 5 5 5 0 0 0 0 1 0 0 1
12 12 uniform 1 23 126 3 0.0001 0.73879939388060123 0.57406465180346955 5.6396925449333635e-05 0.26906511811885864 0.98693545899075508 0.26907639750394852 0 0.00036527778858275184 61.386648589012971 OK 14 13 0.47191300000000003 0.56060600000000005 0.14643400000000001 0.32388299999999998 0.203344 0 0.14803000000000005 0.35726200000000008 0.14643400000000001 0.012078999999999999 0.012139 0.011423000000000001 0.11295699999999996 0.32182699999999997 0.11262200000000004 0.0039319999999999997 0.0040070000000000001 0.0038419999999999999 0.000977 0.00093599999999999998 0.00094200000000000002 61.386650482357531 61.386650482357531 61.386650482357531 0.0035684955375726982 0.0035684955375726982 0.0035684955375726982 1 1 1 Converged Converged Converged OK OK OK 91 91 91 91 91 91 5 5 5 0 0 0 0 1 0 0 1
12 12 uniform 2 0 127 0 0.001 0.73879939388060123 0.57406465180346955 5.6396925449333635e-05 -0.20737469352900462 -0.01367383042195095 -0.2073859729140945 0 0.47682764820662576 233.11817032920035 OK 14 13 0.48903400000000002 0.49116500000000002 0.12510399999999999 0.36318600000000001 0.36570999999999998 0 0.12584800000000002 0.12545500000000004 0.12510399999999999 0.011955 0.011832000000000001 0.011917000000000001 0.086779999999999968 0.086877000000000038 0.086163000000000003 0.0041480000000000006 0.0040499999999999998 0.0042950000000000002 0.00089999999999999998 0.00087500000000000002 0.00093499999999999996 233.11803606600958 233.11803606600958 233.11803606600958 0.12005277519583785 0.12005277519583785 0.12005277519583785 1 1 1 Converged Converged Converged OK OK OK 91 91 91 91 91 91 5 5 5 0 0 0 0 0 1 0 0
12 12 uniform 2 7 127 1 0.001 0.73879939388060123 0.57406465180346955 5.6396925449333635e-05 -0.20737469352900462 -0.01367383042195095 -0.20737910720143107 0 0.47682078249396231 214.6315676267545 OK 15 14 0.51493699999999998 0.57326299999999997 0.13714899999999999 0.37595899999999999 0.25461899999999998 0 0.13897799999999999 0.31864399999999998 0.13714899999999999 0.013655 0.01393 0.012928 0.096919999999999992 0.27600499999999989 0.096576000000000023 0.0048640000000000003 0.0049250000000000006 0.004627 0.0009990000000000001 0.00095799999999999998 0.00093900000000000006 214.63142151856144 214.63142151856144 214.63142151856144 0.11662701914125885 0.11662701914125885 0.11662701914125885 1 1 1 Converged Converged Converged OK OK OK 91 91 91 91 91 91 5 5 5 0 0 0 0 1 0 0 1
12 12 uniform 2 15 127 2 0.001 0.73879939388060123 0.57406465180346955 5.6396925449333635e-05 -0.20737469352900462 -0.01367383042195095 -0.20737126067267292 0 0.47681293596520419 202.4497855008222 OK 15 14 0.49606699999999998 0.531443 0.129048 0.36498000000000003 0.24260899999999999 0 0.13108699999999995 0.28883400000000004 0.129048 0.013731999999999999 0.013611 0.012866000000000001 0.091717999999999938 0.24938700000000003 0.091156000000000001 0.0042309999999999995 0.0042490000000000002 0.0041059999999999994 0.00090300000000000016 0.00097199999999999999 0.00092699999999999998 202.4497824707509 202.4497824707509 202.4497824707509 0.095752791877488308 0.095752791877488308 0.095752791877488308 1 1 1 Converged Converged Converged OK OK OK 83 83 83 83 83 83 5 5 5 0 0 0 0 1 0 0 1
12 12 uniform 2 23 127 3 0.001 0.73879939388060123 0.57406465180346955 5.6396925449333635e-05 -0.20737469352900462 -0.01367383042195095 -0.20736341414391474 0 0.47680508943644601 193.32783708979593 OK 15 14 0.50515600000000005 0.49424899999999999 0.10702399999999999 0.39676499999999998 0.265602 0 0.10839100000000007 0.22864699999999999 0.10702399999999999 0.01342 0.013465 0.012813 0.074529000000000012 0.19454299999999999 0.074316000000000007 0.0032759999999999994 0.0033970000000000003 0.0032499999999999999 0.00076099999999999985 0.00079300000000000009 0.00076100000000000007 193.32783298935476 193.32783298935476 193.32783298935476 0.17768618504707964 0.17768618504707964 0.17768618504707964 1 1 1 Converged Converged Converged OK OK OK 67 67 67 67 67 67 5 5 5 0 0 0 0 1 0 0 1
12 12 uniform 2 0 127 0 0.0001 0.73879939388060123 0.57406465180346955 5.6396925449333635e-05 -0.20737469352900462 -0.01367383042195095 -0.2073859729140945 0 0.47682764820662576 233.11817032920035 OK 14 13 0.498359 0.49729200000000001 0.13711200000000001 0.36097099999999999 0.359541 0 0.13738800000000001 0.13775100000000001 0.13711200000000001 0.012114 0.012185 0.011743999999999999 0.094359000000000026 0.094322999999999921 0.093924000000000021 0.0045169999999999993 0.0047589999999999993 0.0045490000000000001 0.0010719999999999998 0.0011020000000000001 0.001047 233.11817750778297 233.11817750778297 233.11817750778297 0.0074180866890953398 0.0074180866890953398 0.0074180866890953398 1 1 1 Converged Converged Converged OK OK OK 99 99 99 99 99 99 5 5 5 0 0 0 0 0 1 0 0
12 12 uniform 2 7 127 1 0.0001 0.73879939388060123 0.57406465180346955 5.6396925449333635e-05 -0.20737469352900462 -0.01367383042195095 -0.20737910720143107 0 0.47682078249396231 214.6315676267545 OK 15 14 0.52419899999999997 0.59214599999999995 0.14613100000000001 0.376469 0.25627899999999998 0 0.14772999999999997 0.33586699999999997 0.14613100000000001 0.013762999999999999 0.013755 0.012992999999999999 0.10356100000000003 0.29104199999999997 0.10282900000000002 0.0050559999999999997 0.0053500000000000006 0.0051630000000000001 0.001103 0.00108 0.0010870000000000001 214.63156296413104 214.63156296413104 214.63156296413104 0.0039893087716024976 0.0039893087716024976 0.0039893087716024976 1 1 1 Converged Converged Converged OK OK OK 99 99 99 99 99 99 5 5 5 0 0 0 0 1 0 0 1
12 12 uniform 2 15 127 2 0.0001 0.73879939388060123 0.57406465180346955 5.6396925449333635e-05 -0.20737469352900462 -0.01367383042195095 -0.20737126067267292 0 0.47681293596520419 202.4497855008222 OK 15 14 0.513567 0.60008300000000003 0.150667 0.36504199999999998 0.23502899999999999 0 0.14852500000000002 0.36505400000000005 0.150667 0.013596 0.013753 0.012843 0.104756 0.31975999999999982 0.10779400000000004 0.0048769999999999994 0.0052919999999999998 0.0049190000000000006 0.0010790000000000001 0.0011230000000000001 0.0010820000000000001 202.44978258080909 202.44978258080909 202.44978258080909 0.0039867683377284423 0.0039867683377284423 0.0039867683377284423 1 1 1 Converged Converged Converged OK OK OK 99 99 99 99 99 99 5 5 5 0 0 0 0 1 0 0 1
12 12 uniform 2 23 127 3 0.0001 0.73879939388060123 0.57406465180346955 5.6396925449333635e-05 -0.20737469352900462 -0.01367383042195095 -0.20736341414391474 0 0.47680508943644601 193.32783708979593 OK 15 14 0.53975399999999996 0.61385800000000001 0.143433 0.39429399999999998 0.26219399999999998 0 0.14545999999999998 0.35166400000000003 0.143433 0.013566 0.013578 0.012775999999999999 0.10179600000000003 0.307425 0.10129799999999999 0.0049940000000000002 0.0051339999999999997 0.0048570000000000002 0.0010229999999999998 0.001065 0.0010400000000000001 193.32783289029285 193.32783289029285 193.32783289029285 0.0039860694550188118 0.0039860694550188118 0.0039860694550188118 1 1 1 Converged Converged Converged OK OK OK 99 99 99 99 99 99 5 5 5 0 0 0 0 1 0 0 1
12 12 uniform 3 0 128 0 0.001 0.73879939388060123 0.57406465180346955 5.6396925449333635e-05 0.11809040348248863 -0.027089012249743503 0.11807912409739876 0 0.15136255119513251 4.6474157724551821 OK 13 12 0.42521900000000001 0.42279499999999998 0.097742999999999997 0.325544 0.31978600000000001 0 0.099675000000000014 0.10300899999999996 0.097742999999999997 0.0098440000000000003 0.0097750000000000007 0.0093629999999999998 0.076654999999999987 0.080214999999999995 0.075996999999999981 0.0018079999999999999 0.001763 0.0017719999999999999 0.00045899999999999999 0.00043999999999999996 0.00043899999999999999 4.6474123541868799 4.6474123541868799 4.6474123541868799 0.0043357415233861449 0.0043357415233861449 0.0043357415233861449 1 1 1 Converged Converged Converged OK OK OK 37 37 37 37 37 37 3 3 3 0 0 0 0 0 1 0 0
12 12 uniform 3 7 128 1 0.001 0.73879939388060123 0.57406465180346955 5.6396925449333635e-05 0.11809040348248863 -0.027089012249743503 0.11808598981006216 0 0.15135568548246911 4.6476328649396175 OK 13 12 0.42489199999999999 0.30913200000000002 0.088875999999999997 0.33443899999999999 0.19789200000000001 0 0.090453000000000006 0.11124000000000001 0.088875999999999997 0.0087159999999999998 0.0086979999999999991 0.0082400000000000008 0.070199999999999999 0.091206999999999983 0.069582000000000005 0.0018430000000000002 0.0017620000000000001 0.0017269999999999998 0.00042900000000000002 0.000444 0.000417 4.6476294466329913 4.6476294466329913 4.6476294466329913 0.0043358239983076535 0.0043358239983076535 0.0043358239983076535 1 1 1 Converged Converged Converged OK OK OK 37 37 37 37 37 37 3 3 3 0 0 0 0 1 0 0 1
12 12 uniform 3 15 128 2 0.001 0.73879939388060123 0.57406465180346955 5.6396925449333635e-05 0.11809040348248863 -0.027089012249743503 0.11809383633882033 0 0.15134783895371096 4.6478810069140231 OK 13 12 0.41938999999999999 0.29531000000000002 0.087894 0.330098 0.19098799999999999 0 0.089291999999999982 0.10432200000000003 0.087894 0.0090229999999999998 0.0090629999999999999 0.0085810000000000001 0.068615000000000009 0.083930000000000018 0.068358000000000002 0.0018 0.001789 0.0017070000000000002 0.00043100000000000001 0.00044899999999999996 0.00042000000000000002 4.6478775886178738 4.6478775886178738 4.6478775886178738 0.0043359182222212972 0.0043359182222212972 0.0043359182222212972 1 1 1 Converged Converged Converged OK OK OK 37 37 37 37 37 37 3 3 3 0 0 0 0 1 0 0 1
12 12 uniform 3 23 128 3 0.001 0.73879939388060123 0.57406465180346955 5.6396925449333635e-05 0.11809040348248863 -0.027089012249743503 0.11810168286757849 0 0.15133999242495277 4.6481291876435984 OK 13 12 0.41011799999999998 0.31686700000000001 0.091319999999999998 0.317438 0.20019100000000001 0 0.092679999999999985 0.116676 0.091319999999999998 0.0087170000000000008 0.0087189999999999993 0.0081650000000000004 0.072440000000000004 0.096608999999999959 0.072198999999999985 0.0017270000000000002 0.001768 0.0016820000000000001 0.00041799999999999997 0.000437 0.00042000000000000002 4.6481257693224389 4.6481257693224389 4.6481257693224389 0.0043360124822962275 0.0043360124822962275 0.0043360124822962275 1 1 1 Converged Converged Converged OK OK OK 37 37 37 37 37 37 3 3 3 0 0 0 0 1 0 0 1
12 12 uniform 3 0 128 0 0.0001 0.73879939388060123 0.57406465180346955 5.6396925449333635e-05 0.11809040348248863 -0.027089012249743503 0.11807912409739876 0 0.15136255119513251 4.6474157724551821 OK 13 12 0.45696900000000001 0.45890500000000001 0.13633999999999999 0.31967400000000001 0.32176100000000002 0 0.137295 0.13714399999999999 0.13633999999999999 0.0097129999999999994 0.0097129999999999994 0.0093460000000000001 0.10597399999999998 0.10610299999999999 0.105805 0.0029719999999999998 0.0030350000000000004 0.0029689999999999999 0.00068800000000000003 0.00067100000000000005 0.0006730000000000001 4.6474157434898657 4.6474157434898657 4.6474157434898657 0.00025650275231816889 0.00025650275231816889 0.00025650275231816889 1 1 1 Converged Converged Converged OK OK OK 61 61 61 61 61 61 3 3 3 0 0 0 0 0 1 0 0
12 12 uniform 3 7 128 1 0.0001 0.73879939388060123 0.57406465180346955 5.6396925449333635e-05 0.11809040348248863 -0.027089012249743503 0.11808598981006216 0 0.15135568548246911 4.6476328649396175 OK 13 12 0.45923000000000003 0.377054 0.128028 0.33338000000000001 0.194491 0 0.12585000000000002 0.182563 0.128028 0.0087530000000000004 0.0087919999999999995 0.0081860000000000006 0.098391000000000006 0.15472599999999992 0.098269000000000009 0.003029 0.003052 0.0030310000000000003 0.00067100000000000005 0.00067899999999999992 0.00066299999999999996 4.6476328359480341 4.6476328359480341 4.6476328359480341 0.00025649565386991359 0.00025649565386991359 0.00025649565386991359 1 1 1 Converged Converged Converged OK OK OK 61 61 61 61 61 61 3 3 3 0 0 0 0 1 0 0 1
12 12 uniform 3 15 128 2 0.0001 0.73879939388060123 0.57406465180346955 5.6396925449333635e-05 0.11809040348248863 -0.027089012249743503 0.11809383633882033 0 0.15134783895371096 4.6478810069140231 OK 13 12 0.44759500000000002 0.35489999999999999 0.122035 0.32380199999999998 0.186055 0 0.12379300000000004 0.168845 0.122035 0.0090240000000000008 0.0090849999999999993 0.0085280000000000009 0.096005999999999994 0.14101799999999992 0.095158999999999994 0.003052 0.0030649999999999996 0.0029899999999999996 0.00069000000000000008 0.00067099999999999994 0.00064999999999999997 4.6478809779346708 4.6478809779346708 4.6478809779346708 0.00025648752354748945 0.00025648752354748945 0.00025648752354748945 1 1 1 Converged Converged Converged OK OK OK 61 61 61 61 61 61 3 3 3 0 0 0 0 1 0 0 1
12 12 uniform 3 23 128 3 0.0001 0.73879939388060123 0.57406465180346955 5.6396925449333635e-05 0.11809040348248863 -0.027089012249743503 0.11810168286757849 0 0.15133999242495277 4.6481291876435984 OK 13 12 0.44984299999999999 0.37858799999999998 0.128272 0.32012000000000002 0.196828 0 0.12972299999999998 0.18175999999999998 0.128272 0.0088199999999999997 0.0087559999999999999 0.0082389999999999998 0.10217599999999999 0.15418399999999999 0.101816 0.0030369999999999998 0.002983 0.0029030000000000002 0.00068600000000000009 0.00067800000000000011 0.00064800000000000003 4.6481291586504474 4.6481291586504474 4.6481291586504474 0.00025647942019385339 0.00025647942019385339 0.00025647942019385339 1 1 1 Converged Converged Converged OK OK OK 61 61 61 61 61 61 3 3 3 0 0 0 0 1 0 0 1
12 12 uniform 4 0 129 0 0.001 0.73879939388060123 0.57406465180346955 5.6396925449333635e-05 0.14550231242671702 0.0061483234997830056 0.14549103304162714 0 0.12395064225090413 243.91808370329585 OK 15 14 0.45194800000000002 0.45227899999999999 0.12334100000000001 0.32713300000000001 0.32441900000000001 0 0.12481500000000001 0.12785999999999997 0.12334100000000001 0.016086 0.016396999999999998 0.015637999999999999 0.087207000000000007 0.087223999999999982 0.086728000000000013 0.0029030000000000002 0.0028570000000000002 0.002748 0.00064999999999999997 0.000638 0.00063200000000000007 243.9179726589833 243.9179726589833 243.9179726589833 0.21360350923796398 0.21360350923796398 0.21360350923796398 1 1 1 Converged Converged Converged OK OK OK 59 59 59 59 59 59 5 5 5 0 0 0 0 0 1 0 0
12 12 uniform 4 7 129 1 0.001 0.73879939388060123 0.57406465180346955 5.6396925449333635e-05 0.14550231242671702 0.0061483234997830056 0.14549789875429056 0 0.12394377653824071 248.37641697145011 OK 15 14 0.47106700000000001 0.40671099999999999 0.123295 0.345777 0.207314 0 0.12529000000000001 0.19939699999999999 0.123295 0.015591000000000001 0.015438 0.014770999999999999 0.09161100000000004 0.16624199999999997 0.091090000000000004 0.00281 0.0028419999999999999 0.0027749999999999997 0.00067899999999999992 0.00063699999999999998 0.00064700000000000001 248.37630537593822 248.37630537593822 248.37630537593822 0.22039275659199223 0.22039275659199223 0.22039275659199223 1 1 1 Converged Converged Converged OK OK OK 59 59 59 59 59 59 5 5 5 0 0 0 0 1 0 0 1
12 12 uniform 4 15 129 2 0.001 0.73879939388060123 0.57406465180346955 5.6396925449333635e-05 0.14550231242671702 0.0061483234997830056 0.14550574528304872 0 0.12393593000948255 253.83669762653616 OK 15 14 0.46387699999999998 0.41597000000000001 0.119752 0.336482 0.21682999999999999 0 0.12739499999999998 0.19914000000000001 0.119752 0.015205 0.015252 0.014545000000000001 0.093969000000000011 0.16591700000000001 0.087902999999999995 0.0028349999999999998 0.0028740000000000003 0.0027369999999999998 0.00065299999999999993 0.00061200000000000013 0.00060999999999999997 253.83658510232993 253.83658510232993 253.83658510232993 0.2291590641355882 0.2291590641355882 0.2291590641355882 1 1 1 Converged Converged Converged OK OK OK 59 59 59 59 59 59 5 5 5 0 0 0 0 1 0 0 1
12 12 uniform 4 23 129 3 0.001 0.73879939388060123 0.57406465180346955 5.6396925449333635e-05 0.14550231242671702 0.0061483234997830056 0.1455135918118069 0 0.12392808348072437 259.74333008349703 OK 15 14 0.45410299999999998 0.41079100000000002 0.11514099999999999 0.33740599999999998 0.21624599999999999 0 0.116697 0.19454500000000002 0.11514099999999999 0.015476999999999999 0.015656 0.014723 0.083474999999999994 0.16095199999999998 0.082974999999999993 0.0027889999999999998 0.0029069999999999999 0.0027559999999999998 0.00062800000000000009 0.00063900000000000003 0.00060400000000000015 259.74321605979503 259.74321605979503 259.74321605979503 0.23923341174733376 0.23923341174733376 0.23923341174733376 1 1 1 Converged Converged Converged OK OK OK 59 59 59 59 59 59 5 5 5 0 0 0 0 1 0 0 1
12 12 uniform 4 0 129 0 0.0001 0.73879939388060123 0.57406465180346955 5.6396925449333635e-05 0.14550231242671702 0.0061483234997830056 0.14549103304162714 0 0.12395064225090413 243.91808370329585 OK 15 14 0.5302 0.52549599999999996 0.19811999999999999 0.32989800000000002 0.32651799999999997 0 0.20030199999999998 0.19897799999999999 0.19811999999999999 0.015834000000000001 0.016160999999999998 0.015481999999999999 0.14725100000000008 0.14609 0.14606600000000003 0.0050350000000000004 0.0049519999999999998 0.0049589999999999999 0.001091 0.0010420000000000002 0.0010549999999999999 243.91808431889839 243.91808431889839 243.91808431889839 0.0060655077587988843 0.0060655077587988843 0.0060655077587988843 1 1 1 Converged Converged Converged OK OK OK 99 99 99 99 99 99 5 5 5 0 0 0 0 0 1 0 0
12 12 uniform 4 7 129 1 0.0001 0.73879939388060123 0.57406465180346955 5.6396925449333635e-05 0.14550231242671702 0.0061483234997830056 0.14549789875429056 0 0.12394377653824071 248.37641697145011 OK 15 14 0.55069999999999997 0.54773899999999998 0.19722000000000001 0.34822500000000001 0.20910200000000001 0 0.20247499999999996 0.33863699999999997 0.19722000000000001 0.015478 0.015362000000000001 0.014801999999999999 0.15315099999999998 0.29234900000000008 0.152479 0.0049349999999999993 0.0049909999999999998 0.0049509999999999997 0.0010790000000000001 0.001044 0.0010460000000000001 248.37641703045526 248.37641703045526 248.37641703045526 0.0060660951438772925 0.0060660951438772925 0.0060660951438772925 1 1 1 Converged Converged Converged OK OK OK 99 99 99 99 99 99 5 5 5 0 0 0 0 1 0 0 1
12 12 uniform 4 15 129 2 0.0001 0.73879939388060123 0.57406465180346955 5.6396925449333635e-05 0.14550231242671702 0.0061483234997830056 0.14550574528304872 0 0.12393593000948255 253.83669762653616 OK 15 14 0.53341099999999997 0.54649300000000001 0.19419800000000001 0.33863500000000002 0.21775700000000001 0 0.19477599999999995 0.32873600000000003 0.19419800000000001 0.015233 0.015236 0.014599000000000001 0.14930299999999999 0.28326499999999982 0.14997800000000003 0.0049550000000000002 0.005091 0.0049300000000000004 0.0010710000000000001 0.0010509999999999999 0.0010319999999999999 253.83669674910357 253.83669674910357 253.83669674910357 0.0060667687186714524 0.0060667687186714524 0.0060667687186714524 1 1 1 Converged Converged Converged OK OK OK 99 99 99 99 99 99 5 5 5 0 0 0 0 1 0 0 1
12 12 uniform 4 23 129 3 0.0001 0.73879939388060123 0.57406465180346955 5.6396925449333635e-05 0.14550231242671702 0.0061483234997830056 0.1455135918118069 0 0.12392808348072437 259.74333008349703 OK 15 14 0.52911900000000001 0.52498699999999998 0.18969 0.341256 0.212612 0 0.187863 0.31237499999999996 0.18969 0.015611999999999999 0.015459000000000001 0.014768999999999999 0.14217200000000002 0.26643800000000012 0.14528000000000005 0.0049189999999999998 0.0051489999999999999 0.0048709999999999995 0.001021 0.001052 0.001003 259.74332769841004 259.74332769841004 259.74332769841004 0.0060674427212318634 0.0060674427212318634 0.0060674427212318634 1 1 1 Converged Converged Converged OK OK OK 99 99 99 99 99 99 5 5 5 0 0 0 0 1 0 0 1
13 13 linear 0 0 130 0 0.001 0.6889431279445748 0.00022244824960620147 0.12221643747177335 0.79347866259691469 -0.042448664616970944 0.76903537510256004 0.5 -0.76888215499321566 1.5745953960082619 OK 16 15 0.77279900000000001 0.76896299999999995 0.302952 0.46917199999999998 0.46366400000000002 0 0.30362700000000004 0.30529899999999993 0.302952 0.013065999999999999 0.013372999999999999 0.012911000000000001 0.25091199999999997 0.25142600000000004 0.25000900000000004 0.005117 0.0055820000000000002 0.0056979999999999991 0.001158 0.0011689999999999999 0.00124 1.5745948602140172 1.5745948602140172 1.5745948602140172 0.00054202021630199969 0.00054202021630199969 0.00054202021630199969 1 1 1 Converged Converged Converged OK OK OK 110 110 110 110 110 110 10 10 10 0 0 0 0 0 1 0 0
13 13 linear 0 7 130 1 0.001 0.6889431279445748 0.00022244824960620147 0.12221643747177335 0.79347866259691469 -0.042448664616970944 0.78391389792521071 0.5 -0.78376067781586634 1.5543723732178849 OK 16 15 0.76080999999999999 0.59227700000000005 0.27306000000000002 0.47927399999999998 0.31037599999999999 0 0.28153600000000001 0.28190100000000007 0.27306000000000002 0.012132 0.012267 0.011398 0.23893199999999995 0.24030399999999999 0.23372999999999991 0.0059349999999999993 0.0055959999999999994 0.0051650000000000003 0.001129 0.0011119999999999999 0.0010500000000000002 1.554367858951976 1.554367858951976 1.554367858951976 0.00048964494709667129 0.00048964494709667129 0.00048964494709667129 1 1 1 Converged Converged Converged OK OK OK 110 110 110 110 110 110 10 10 10 0 0 0 0 1 0 0 1
13 13 linear 0 15 130 2 0.001 0.6889431279445748 0.00022244824960620147 0.12221643747177335 0.79347866259691469 -0.042448664616970944 0.80091792400824002 0.5 -0.80076470389889565 1.5322306909628578 OK 16 15 0.72504100000000005 0.55358399999999996 0.25792500000000002 0.45596100000000001 0.28497800000000001 0 0.26908000000000004 0.26860599999999996 0.25792500000000002 0.012178 0.012349000000000001 0.011464999999999999 0.22865599999999997 0.22803399999999996 0.22013899999999995 0.0052209999999999999 0.0053600000000000002 0.0046089999999999994 0.001054 0.001111 0.0010170000000000001 1.5322109758243059 1.5322109758243059 1.5322109758243059 0.0014924232575196416 0.0014924232575196416 0.0014924232575196416 1 1 1 Converged Converged Converged OK OK OK 109 109 109 109 109 109 11 11 11 0 0 0 0 1 0 0 1
13 13 linear 0 23 130 3 0.001 0.6889431279445748 0.00022244824960620147 0.12221643747177335 0.79347866259691469 -0.042448664616970944 0.81792195009126933 0.5 -0.81776872998192496 1.511014947054933 OK 16 15 0.61174399999999995 0.44635900000000001 0.25766 0.338447 0.177291 0 0.27329699999999996 0.26906799999999997 0.25766 0.012220999999999999 0.012281 0.011140000000000001 0.23146600000000003 0.22919800000000018 0.220112 0.0056840000000000007 0.0052130000000000006 0.0048139999999999997 0.001163 0.001126 0.00099100000000000013 1.5109759194838248 1.5109759194838248 1.5109759194838248 0.0013114230995435448 0.0013114230995435448 0.0013114230995435448 1 1 1 Converged Converged Converged OK OK OK 109 109 109 109 109 109 11 11 11 0 0 0 0 1 0 0 1
13 13 linear 0 0 130 0 0.0001 0.6889431279445748 0.00022244824960620147 0.12221643747177335 0.79347866259691469 -0.042448664616970944 0.76903537510256004 0.5 -0.76888215499321566 1.5745953960082619 OK 16 15 0.80116699999999996 0.79352100000000003 0.32931300000000002 0.47405199999999997 0.46543099999999998 0 0.32711499999999999 0.32809000000000005 0.32931300000000002 0.013252999999999999 0.013141 0.012973999999999999 0.27051300000000006 0.27027299999999993 0.27324199999999993 0.0056369999999999996 0.0065040000000000002 0.0059789999999999999 0.0013059999999999999 0.0014500000000000001 0.0013409999999999997 1.5745948231279696 1.5745948231279696 1.5745948231279696 0.00013266171722946368 0.00013266171722946368 0.00013266171722946368 1 1 1 Converged Converged Converged OK OK OK 118 118 118 118 118 118 10 10 10 0 0 0 0 0 1 0 0
13 13 linear 0 7 130 1 0.0001 0.6889431279445748 0.00022244824960620147 0.12221643747177335 0.79347866259691469 -0.042448664616970944 0.78391389792521071 0.5 -0.78376067781586634 1.5543723732178849 OK 16 15 0.81658699999999995 0.65020500000000003 0.32592300000000002 0.48475299999999999 0.31000899999999998 0 0.33183399999999996 0.34019600000000005 0.32592300000000002 0.012645999999999999 0.012413 0.011806000000000001 0.28385199999999994 0.29155500000000001 0.28054099999999998 0.0064080000000000005 0.0072559999999999986 0.0059849999999999999 0.001498 0.001516 0.0014450000000000001 1.5543716051129997 1.5543716051129997 1.5543716051129997 0.00012404115271027731 0.00012404115271027731 0.00012404115271027731 1 1 1 Converged Converged Converged OK OK OK 126 126 126 126 126 126 10 10 10 0 0 0 0 1 0 0 1
13 13 linear 0 15 130 2 0.0001 0.6889431279445748 0.00022244824960620147 0.12221643747177335 0.79347866259691469 -0.042448664616970944 0.80091792400824002 0.5 -0.80076470389889565 1.5322306909628578 OK 16 15 0.80158300000000005 0.63812500000000005 0.33538499999999999 0.45294299999999998 0.28729100000000002 0 0.34864000000000006 0.35083400000000003 0.33538499999999999 0.012500000000000001 0.012367 0.011228 0.296184 0.30187299999999995 0.28949600000000014 0.0064230000000000008 0.0068479999999999991 0.0059189999999999989 0.0017499999999999998 0.0016819999999999999 0.0015769999999999998 1.5322297864039542 1.5322297864039542 1.5322297864039542 0.00014203776928958754 0.00014203776928958754 0.00014203776928958754 1 1 1 Converged Converged Converged OK OK OK 133 133 133 133 133 133 11 11 11 0 0 0 0 1 0 0 1
13 13 linear 0 23 130 3 0.0001 0.6889431279445748 0.00022244824960620147 0.12221643747177335 0.79347866259691469 -0.042448664616970944 0.81792195009126933 0.5 -0.81776872998192496 1.511014947054933 OK 16 15 0.72405799999999998 0.55945500000000004 0.372442 0.34142299999999998 0.17916799999999999 0 0.382635 0.38028700000000004 0.372442 0.012311000000000001 0.012171 0.011054 0.33177500000000004 0.33014999999999994 0.3251679999999999 0.007536000000000001 0.0072979999999999998 0.0066569999999999997 0.0017979999999999999 0.0017649999999999999 0.0015599999999999998 1.5110148085110304 1.5110148085110304 1.5110148085110304 0.00012632316832408919 0.00012632316832408919 0.00012632316832408919 1 1 1 Converged Converged Converged OK OK OK 141 141 141 141 141 141 11 11 11 0 0 0 0 1 0 0 1
13 13 linear 1 0 131 0 0.001 0.6889431279445748 0.00022244824960620147 0.12221643747177335 -0.012915848181065221 -0.050878875766870155 -0.037359135675419895 0.5 0.037512355784764258 15.845391985147621 OK 13 12 0.673871 0.66532999999999998 0.242508 0.424286 0.41778399999999999 0 0.249585 0.24754599999999999 0.242508 0.010435 0.013943000000000001 0.01008 0.21328299999999997 0.20813400000000004 0.20686099999999999 0.0033059999999999999 0.0032210000000000003 0.0034600000000000004 0.00093100000000000008 0.00085200000000000011 0.00086100000000000011 15.845324283225949 15.845324283225949 15.845324283225949 0.010728733742726544 0.010728733742726544 0.010728733742726544 1 1 1 Converged Converged Converged OK OK OK 81 81 81 81 81 81 7 7 7 0 0 0 0 0 1 0 0
13 13 linear 1 7 131 1 0.001 0.6889431279445748 0.00022244824960620147 0.12221643747177335 -0.012915848181065221 -0.050878875766870155 -0.02248061285276922 0.5 0.022633832962113583 16.235466419482325 OK 13 12 0.68130000000000002 0.41175899999999999 0.23780599999999999 0.43202400000000002 0.16921600000000001 0 0.249276 0.24254299999999998 0.23780599999999999 0.0094289999999999999 0.0095149999999999992 0.0087650000000000002 0.22110299999999997 0.21413100000000004 0.21077800000000002 0.003359 0.0033769999999999998 0.0032270000000000003 0.00090900000000000009 0.0009459999999999999 0.00083500000000000002 16.235398709604077 16.235398709604077 16.235398709604077 0.010876653711531275 0.010876653711531275 0.010876653711531275 1 1 1 Converged Converged Converged OK OK OK 81 81 81 81 81 81 7 7 7 0 0 0 0 1 0 0 1
13 13 linear 1 15 131 2 0.001 0.6889431279445748 0.00022244824960620147 0.12221643747177335 -0.012915848181065221 -0.050878875766870155 -0.005476586769739885 0.5 0.0056298068790842492 16.441882149982401 OK 13 12 0.69412499999999999 0.416742 0.23717199999999999 0.44592300000000001 0.175814 0 0.24820199999999998 0.240928 0.23717199999999999 0.0095099999999999994 0.0093720000000000001 0.0085970000000000005 0.21834799999999999 0.21323199999999995 0.21072800000000003 0.0039639999999999996 0.0033700000000000002 0.003186 0.001042 0.00081399999999999994 0.00080699999999999999 16.441816518038362 16.441816518038362 16.441816518038362 0.011030039834349125 0.011030039834349125 0.011030039834349125 1 1 1 Converged Converged Converged OK OK OK 81 81 81 81 81 81 7 7 7 0 0 0 0 1 0 0 1
13 13 linear 1 23 131 3 0.001 0.6889431279445748 0.00022244824960620147 0.12221643747177335 -0.012915848181065221 -0.050878875766870155 0.011527439313289452 0.5 -0.011374219203945088 16.397320257437503 OK 13 12 0.67325299999999999 0.39305000000000001 0.23436699999999999 0.42669499999999999 0.15285399999999999 0 0.246558 0.24019600000000002 0.23436699999999999 0.0093570000000000007 0.0094269999999999996 0.0087309999999999992 0.21799800000000003 0.21122899999999994 0.20796300000000001 0.0035509999999999999 0.0038159999999999999 0.0031230000000000003 0.0010020000000000001 0.001029 0.00088899999999999992 16.397157620900842 16.397157620900842 16.397157620900842 0.011167175541197588 0.011167175541197588 0.011167175541197588 1 1 1 Converged Converged Converged OK OK OK 81 81 81 81 81 81 7 7 7 0 0 0 0 1 0 0 1
13 13 linear 1 0 131 0 0.0001 0.6889431279445748 0.00022244824960620147 0.12221643747177335 -0.012915848181065221 -0.050878875766870155 -0.037359135675419895 0.5 0.037512355784764258 15.845391985147621 OK 13 12 0.79756400000000005 0.78603800000000001 0.36067500000000002 0.427732 0.41921999999999998 0 0.36983200000000005 0.36681800000000003 0.36067500000000002 0.010462000000000001 0.010606000000000001 0.010056000000000001 0.31953600000000004 0.31588699999999992 0.3104329999999999 0.005657999999999999 0.0060980000000000001 0.0061900000000000002 0.001454 0.001423 0.0013680000000000001 15.845430918253633 15.845430918253633 15.845430918253633 0.0015531802174993728 0.0015531802174993728 0.0015531802174993728 1 1 1 Converged Converged Converged OK OK OK 129 129 129 129 129 129 7 7 7 0 0 0 0 0 1 0 0
13 13 linear 1 7 131 1 0.0001 0.6889431279445748 0.00022244824960620147 0.12221643747177335 -0.012915848181065221 -0.050878875766870155 -0.02248061285276922 0.5 0.022633832962113583 16.235466419482325 OK 13 12 0.80197499999999999 0.525814 0.353825 0.43154700000000001 0.172572 0 0.37042799999999998 0.353242 0.353825 0.0094830000000000001 0.0095580000000000005 0.0088100000000000001 0.33017199999999991 0.31474999999999997 0.3164720000000002 0.0065870000000000008 0.0059319999999999998 0.005958999999999999 0.0013309999999999999 0.0013240000000000001 0.0012440000000000001 16.235536858261966 16.235536858261966 16.235536858261966 0.0016005817528936292 0.0016005817528936292 0.0016005817528936292 1 1 1 Converged Converged Converged OK OK OK 129 129 129 129 129 129 7 7 7 0 0 0 0 1 0 0 1
13 13 linear 1 15 131 2 0.0001 0.6889431279445748 0.00022244824960620147 0.12221643747177335 -0.012915848181065221 -0.050878875766870155 -0.005476586769739885 0.5 0.0056298068790842492 16.441882149982401 OK 13 12 0.85462300000000002 0.57677800000000001 0.38340999999999997 0.45078499999999999 0.180342 0 0.40383800000000003 0.39643600000000001 0.38340999999999997 0.0095219999999999992 0.0096399999999999993 0.0087150000000000005 0.35629700000000003 0.347304 0.33978200000000003 0.0080940000000000005 0.0090140000000000012 0.0069199999999999999 0.0015079999999999998 0.0016440000000000001 0.0013880000000000001 16.441989366626515 16.441989366626515 16.441989366626515 0.00083117753679980231 0.00083117753679980231 0.00083117753679980231 1 1 1 Converged Converged Converged OK OK OK 145 145 145 145 145 145 7 7 7 0 0 0 0 1 0 0 1
13 13 linear 1 23 131 3 0.0001 0.6889431279445748 0.00022244824960620147 0.12221643747177335 -0.012915848181065221 -0.050878875766870155 0.011527439313289452 0.5 -0.011374219203945088 16.397320257437503 OK 13 12 0.82995099999999999 0.54154000000000002 0.38404700000000003 0.43017100000000003 0.155366 0 0.39977999999999997 0.38617400000000002 0.38404700000000003 0.0093419999999999996 0.0095309999999999995 0.008659 0.35529300000000019 0.34184699999999996 0.34224300000000019 0.0076099999999999996 0.0075209999999999999 0.006672 0.0016119999999999997 0.0016450000000000002 0.0014980000000000002 16.397363502534397 16.397363502534397 16.397363502534397 0.00086086691936610154 0.00086086691936610154 0.00086086691936610154 1 1 1 Converged Converged Converged OK OK OK 145 145 145 145 145 145 7 7 7 0 0 0 0 1 0 0 1
13 13 linear 2 0 132 0 0.001 0.6889431279445748 0.00022244824960620147 0.12221643747177335 0.69071640528497746 0.11895095930821055 0.66627311779062282 0.5 -0.66611989768127844 1.7314306092298266 OK 14 13 0.49494300000000002 0.49289899999999998 0.15998499999999999 0.33240500000000001 0.33046500000000001 0 0.16253800000000002 0.16243399999999997 0.15998499999999999 0.010411999999999999 0.010456999999999999 0.010248 0.12539600000000004 0.12397100000000003 0.12288399999999997 0.004104 0.0046989999999999992 0.0041080000000000005 0.00080899999999999993 0.00089400000000000005 0.00088000000000000003 1.7314321333948217 1.7314321333948217 1.7314321333948217 0.0010098798917116197 0.0010098798917116197 0.0010098798917116197 1 1 1 Converged Converged Converged OK OK OK 81 81 81 81 81 81 7 7 7 0 0 0 0 0 1 0 0
13 13 linear 2 7 132 1 0.001 0.6889431279445748 0.00022244824960620147 0.12221643747177335 0.69071640528497746 0.11895095930821055 0.68115164061327349 0.5 -0.68099842050392911 1.7067911725047809 OK 13 12 0.49576300000000001 0.33995799999999998 0.16753100000000001 0.32000699999999999 0.158549 0 0.17575600000000002 0.18140899999999999 0.16753100000000001 0.0067850000000000002 0.0066280000000000002 0.006306 0.14488799999999999 0.15188400000000005 0.13928700000000005 0.0044920000000000003 0.0039129999999999998 0.0038860000000000006 0.00086799999999999996 0.00094299999999999994 0.00085299999999999992 1.7067934990845568 1.7067934990845568 1.7067934990845568 0.00084665686530158407 0.00084665686530158407 0.00084665686530158407 1 1 1 Converged Converged Converged OK OK OK 88 88 88 88 88 88 8 8 8 0 0 0 0 1 0 0 1
13 13 linear 2 15 132 2 0.001 0.6889431279445748 0.00022244824960620147 0.12221643747177335 0.69071640528497746 0.11895095930821055 0.6981556666963028 0.5 -0.69800244658695842 1.6786607371500764 OK 13 12 0.55715999999999999 0.40831400000000001 0.219139 0.329706 0.17035600000000001 0 0.22745399999999999 0.237958 0.219139 0.0062310000000000004 0.0065669999999999999 0.005764 0.1991130000000001 0.20889200000000016 0.19318399999999999 0.0041989999999999996 0.0047469999999999995 0.0037999999999999996 0.00089799999999999993 0.00097099999999999997 0.00088699999999999998 1.678663201875408 1.678663201875408 1.678663201875408 0.00072593843361759862 0.00072593843361759862 0.00072593843361759862 1 1 1 Converged Converged Converged OK OK OK 88 88 88 88 88 88 8 8 8 0 0 0 0 1 0 0 1
13 13 linear 2 23 132 3 0.001 0.6889431279445748 0.00022244824960620147 0.12221643747177335 0.69071640528497746 0.11895095930821055 0.71515969277933211 0.5 -0.71500647266998774 1.6512835648046589 OK 12 11 0.56157500000000005 0.40349000000000002 0.22217300000000001 0.33009899999999998 0.16506699999999999 0 0.23147600000000007 0.23842300000000002 0.22217300000000001 0.0069329999999999999 0.0066140000000000001 0.0061890000000000001 0.20295700000000003 0.21174499999999993 0.19705599999999993 0.0046519999999999999 0.0037780000000000001 0.0034250000000000001 0.0008650000000000001 0.00082399999999999997 0.00078600000000000002 1.6512866805401152 1.6512866805401152 1.6512866805401152 0.00061884841427680738 0.00061884841427680738 0.00061884841427680738 1 1 1 Converged Converged Converged OK OK OK 81 81 81 81 81 81 7 7 7 0 0 0 0 1 0 0 1
13 13 linear 2 0 132 0 0.0001 0.6889431279445748 0.00022244824960620147 0.12221643747177335 0.69071640528497746 0.11895095930821055 0.66627311779062282 0.5 -0.66611989768127844 1.7314306092298266 OK 14 13 0.52249199999999996 0.52132400000000001 0.18430199999999999 0.33313500000000001 0.33794099999999999 0 0.18935699999999994 0.18338300000000002 0.18430199999999999 0.010278000000000001 0.01022 0.010130999999999999 0.14584100000000003 0.14168399999999998 0.14208699999999999 0.0057800000000000004 0.0049449999999999997 0.0055089999999999991 0.0011379999999999999 0.0012099999999999999 0.001088 1.7314305298678869 1.7314305298678869 1.7314305298678869 0.00011300889840435769 0.00011300889840435769 0.00011300889840435769 1 1 1 Converged Converged Converged OK OK OK 97 97 97 97 97 97 7 7 7 0 0 0 0 0 1 0 0
13 13 linear 2 7 132 1 0.0001 0.6889431279445748 0.00022244824960620147 0.12221643747177335 0.69071640528497746 0.11895095930821055 0.68115164061327349 0.5 -0.68099842050392911 1.7067911725047809 OK 13 12 0.51544000000000001 0.36447600000000002 0.191996 0.31914700000000001 0.15778200000000001 0 0.196293 0.20669400000000002 0.191996 0.00645 0.0066410000000000002 0.0064469999999999996 0.16383500000000001 0.17403599999999997 0.15947100000000003 0.0046470000000000001 0.0047109999999999999 0.0051900000000000002 0.000959 0.001096 0.0010809999999999999 1.7067916586561913 1.7067916586561913 1.7067916586561913 3.5962878240476625e-05 3.5962878240476625e-05 3.5962878240476625e-05 1 1 1 Converged Converged Converged OK OK OK 104 104 104 104 104 104 8 8 8 0 0 0 0 1 0 0 1
13 13 linear 2 15 132 2 0.0001 0.6889431279445748 0.00022244824960620147 0.12221643747177335 0.69071640528497746 0.11895095930821055 0.6981556666963028 0.5 -0.69800244658695842 1.6786607371500764 OK 13 12 0.582457 0.43573000000000001 0.24259800000000001 0.33202300000000001 0.170102 0 0.25043399999999999 0.26562799999999998 0.24259800000000001 0.0066140000000000001 0.0066119999999999998 0.0058760000000000001 0.21885100000000005 0.23257999999999987 0.21298700000000007 0.0050880000000000005 0.0061080000000000006 0.0048599999999999997 0.001049 0.001127 0.00098999999999999999 1.6786609965627086 1.6786609965627086 1.6786609965627086 1.6151488382218467e-05 1.6151488382218467e-05 1.6151488382218467e-05 1 1 1 Converged Converged Converged OK OK OK 104 104 104 104 104 104 8 8 8 0 0 0 0 1 0 0 1
13 13 linear 2 23 132 3 0.0001 0.6889431279445748 0.00022244824960620147 0.12221643747177335 0.69071640528497746 0.11895095930821055 0.71515969277933211 0.5 -0.71500647266998774 1.6512835648046589 OK 12 11 0.58404699999999998 0.432531 0.24794099999999999 0.33011400000000002 0.16877300000000001 0 0.25393299999999996 0.26375799999999999 0.24794099999999999 0.0065669999999999999 0.0066559999999999996 0.0062630000000000003 0.22392799999999993 0.23378200000000002 0.21913600000000005 0.0046160000000000003 0.0049059999999999989 0.0044530000000000004 0.001008 0.00106 0.00097999999999999997 1.6512839323868269 1.6512839323868269 1.6512839323868269 1.8835779928457661e-05 1.8835779928457661e-05 1.8835779928457661e-05 1 1 1 Converged Converged Converged OK OK OK 97 97 97 97 97 97 7 7 7 0 0 0 0 1 0 0 1
13 13 linear 3 0 133 0 0.001 0.6889431279445748 0.00022244824960620147 0.12221643747177335 -0.0068728341514819255 0.18066508713672702 -0.031316121645836595 0.5 0.031469341755180957 5.8607723808733914 OK 13 12 0.47956100000000002 0.47317999999999999 0.10614 0.36485800000000002 0.36343599999999998 0 0.114703 0.10974400000000001 0.10614 0.0098630000000000002 0.0097140000000000004 0.0091430000000000001 0.080004999999999993 0.080530000000000018 0.077217999999999981 0.0030019999999999999 0.0028659999999999996 0.0033379999999999998 0.00054900000000000001 0.00055999999999999995 0.00059500000000000004 5.8608219573458618 5.8608219573458618 5.8608219573458618 0.0042000421871654162 0.0042000421871654162 0.0042000421871654162 1 1 1 Converged Converged Converged OK OK OK 59 59 59 59 59 59 5 5 5 0 0 0 0 0 1 0 0
13 13 linear 3 7 133 1 0.001 0.6889431279445748 0.00022244824960620147 0.12221643747177335 -0.0068728341514819255 0.18066508713672702 -0.016437598823185927 0.5 0.016590818932530289 5.931980220402294 OK 13 12 0.48530800000000002 0.27651799999999999 0.10144400000000001 0.377469 0.15606999999999999 0 0.10783900000000002 0.120448 0.10144400000000001 0.0086070000000000001 0.0086300000000000005 0.0082039999999999995 0.079356999999999997 0.091571999999999987 0.073529999999999998 0.0033369999999999997 0.0036489999999999995 0.0036139999999999996 0.00067299999999999999 0.00068500000000000006 0.00066200000000000005 5.9319765980467505 5.9319765980467505 5.9319765980467505 0.00069215099830009644 0.00069215099830009644 0.00069215099830009644 1 1 1 Converged Converged Converged OK OK OK 60 60 60 60 60 60 4 4 4 0 0 0 0 1 0 0 1
13 13 linear 3 15 133 2 0.001 0.6889431279445748 0.00022244824960620147 0.12221643747177335 -0.0068728341514819255 0.18066508713672702 0.00056642725984341023 0.5 -0.0004132071504990464 5.9603269143159947 OK 13 12 0.47739999999999999 0.289572 0.11366900000000001 0.35930899999999999 0.15090700000000001 0 0.118091 0.13866499999999998 0.11366900000000001 0.0086789999999999992 0.0087159999999999998 0.0080140000000000003 0.088743999999999976 0.10904199999999999 0.08580299999999999 0.0034850000000000003 0.0039009999999999991 0.003437 0.00065299999999999993 0.00071999999999999994 0.00068099999999999996 5.9604329622698842 5.9604329622698842 5.9604329622698842 0.003031411257767735 0.003031411257767735 0.003031411257767735 1 1 1 Converged Converged Converged OK OK OK 67 67 67 67 67 67 5 5 5 0 0 0 0 1 0 0 1
13 13 linear 3 23 133 3 0.001 0.6889431279445748 0.00022244824960620147 0.12221643747177335 -0.0068728341514819255 0.18066508713672702 0.017570453342872747 0.5 -0.017417233233528385 5.9297823570412245 OK 13 12 0.42686299999999999 0.238651 0.079888000000000001 0.34263900000000003 0.14328299999999999 0 0.084223999999999966 0.095368000000000008 0.079888000000000001 0.0085710000000000005 0.0087010000000000004 0.0079109999999999996 0.060921000000000003 0.070988999999999997 0.058271999999999997 0.0025699999999999998 0.0031359999999999999 0.0023159999999999999 0.00055500000000000005 0.00064900000000000005 0.00056999999999999998 5.9297827788608357 5.9297827788608357 5.9297827788608357 0.0052654940531795744 0.0052654940531795744 0.0052654940531795744 1 1 1 Converged Converged Converged OK OK OK 51 51 51 51 51 51 5 5 5 0 0 0 0 1 0 0 1
13 13 linear 3 0 133 0 0.0001 0.6889431279445748 0.00022244824960620147 0.12221643747177335 -0.0068728341514819255 0.18066508713672702 -0.031316121645836595 0.5 0.031469341755180957 5.8607723808733914 OK 13 12 0.49738900000000003 0.49675000000000002 0.123525 0.36961100000000002 0.37027199999999999 0 0.127778 0.12647800000000003 0.123525 0.0096209999999999993 0.0097380000000000001 0.0091179999999999994 0.092218000000000008 0.090329999999999994 0.088708000000000023 0.0038019999999999998 0.0040039999999999997 0.0038310000000000002 0.00083799999999999999 0.00088199999999999997 0.000812 5.860769523244505 5.860769523244505 5.860769523244505 0.00011088637512314321 0.00011088637512314321 0.00011088637512314321 1 1 1 Converged Converged Converged OK OK OK 75 75 75 75 75 75 5 5 5 0 0 0 0 0 1 0 0
13 13 linear 3 7 133 1 0.0001 0.6889431279445748 0.00022244824960620147 0.12221643747177335 -0.0068728341514819255 0.18066508713672702 -0.016437598823185927 0.5 0.016590818932530289 5.931980220402294 OK 13 12 0.49079899999999999 0.28999900000000001 0.109278 0.37643900000000002 0.15726799999999999 0 0.11435999999999996 0.13273100000000002 0.109278 0.0086189999999999999 0.0089259999999999999 0.0081189999999999995 0.083978999999999998 0.10095000000000001 0.080197999999999964 0.003715 0.004666 0.003725 0.00081799999999999993 0.00082400000000000008 0.00083199999999999995 5.931976800725602 5.931976800725602 5.931976800725602 3.1086868907819536e-05 3.1086868907819536e-05 3.1086868907819536e-05 1 1 1 Converged Converged Converged OK OK OK 68 68 68 68 68 68 4 4 4 0 0 0 0 1 0 0 1
13 13 linear 3 15 133 2 0.0001 0.6889431279445748 0.00022244824960620147 0.12221643747177335 -0.0068728341514819255 0.18066508713672702 0.00056642725984341023 0.5 -0.0004132071504990464 5.9603269143159947 OK 13 12 0.48602600000000001 0.30151899999999998 0.119904 0.36133500000000002 0.15382899999999999 0 0.124691 0.14768999999999999 0.119904 0.0085030000000000001 0.0089479999999999994 0.0079480000000000002 0.094848999999999947 0.116588 0.09152200000000002 0.0037330000000000002 0.0043819999999999996 0.0036670000000000001 0.00082699999999999994 0.00086600000000000002 0.00081399999999999994 5.96032769509634 5.96032769509634 5.96032769509634 0.00033036335239200785 0.00033036335239200785 0.00033036335239200785 1 1 1 Converged Converged Converged OK OK OK 75 75 75 75 75 75 5 5 5 0 0 0 0 1 0 0 1
13 13 linear 3 23 133 3 0.0001 0.6889431279445748 0.00022244824960620147 0.12221643747177335 -0.0068728341514819255 0.18066508713672702 0.017570453342872747 0.5 -0.017417233233528385 5.9297823570412245 OK 13 12 0.46526699999999999 0.28455900000000001 0.116282 0.33917199999999997 0.14615700000000001 0 0.12609500000000001 0.138402 0.116282 0.0085789999999999998 0.0086210000000000002 0.0079399999999999991 0.096148999999999971 0.10874599999999997 0.088000999999999982 0.003888 0.0038090000000000003 0.0035739999999999999 0.0008789999999999999 0.00083600000000000005 0.00081500000000000008 5.9297789062782185 5.9297789062782185 5.9297789062782185 0.00053538914102203969 0.00053538914102203969 0.00053538914102203969 1 1 1 Converged Converged Converged OK OK OK 75 75 75 75 75 75 5 5 5 0 0 0 0 1 0 0 1
13 13 linear 4 0 134 0 0.001 0.6889431279445748 0.00022244824960620147 0.12221643747177335 0.20914024177633328 0.096215848916315891 0.1846969542819786 0.5 -0.18454373417263423 5.10122167713173 OK 15 14 0.59756600000000004 0.598082 0.24309900000000001 0.34973500000000002 0.346829 0 0.24783100000000002 0.251253 0.24309900000000001 0.013218000000000001 0.013653 0.013159000000000001 0.20111799999999991 0.20180300000000004 0.19565700000000005 0.0044350000000000006 0.0054780000000000002 0.0052360000000000002 0.001235 0.001343 0.001307 5.1012092928870461 5.1012092928870461 5.1012092928870461 0.0029701638099778817 0.0029701638099778817 0.0029701638099778817 1 1 1 Converged Converged Converged OK OK OK 111 111 111 111 111 111 9 9 9 0 0 0 0 0 1 0 0
13 13 linear 4 7 134 1 0.001 0.6889431279445748 0.00022244824960620147 0.12221643747177335 0.20914024177633328 0.096215848916315891 0.19957547710462928 0.5 -0.1994222569952849 4.7770686601530157 OK 15 14 0.619367 0.44839800000000002 0.22412199999999999 0.38829900000000001 0.21443200000000001 0 0.231068 0.23396600000000001 0.22412199999999999 0.011879000000000001 0.012104 0.011172 0.19946600000000006 0.20078000000000004 0.19356900000000005 0.0035560000000000006 0.0041529999999999996 0.0038269999999999997 0.00099299999999999996 0.0010300000000000001 0.00098900000000000008 4.7771466079457632 4.7771466079457632 4.7771466079457632 0.0042409363940942562 0.0042409363940942562 0.0042409363940942562 1 1 1 Converged Converged Converged OK OK OK 95 95 95 95 95 95 9 9 9 0 0 0 0 1 0 0 1
13 13 linear 4 15 134 2 0.001 0.6889431279445748 0.00022244824960620147 0.12221643747177335 0.20914024177633328 0.096215848916315891 0.21657950318765862 0.5 -0.21642628307831424 4.4533847967308748 OK 15 14 0.59275500000000003 0.427838 0.226689 0.35904999999999998 0.19170400000000001 0 0.23370500000000005 0.23613399999999998 0.226689 0.011858 0.0123 0.011304 0.19792599999999996 0.19902799999999995 0.19135800000000003 0.0046160000000000003 0.0051839999999999994 0.0047899999999999991 0.001139 0.0012340000000000001 0.001193 4.4534072492229422 4.4534072492229422 4.4534072492229422 0.0019025901141025857 0.0019025901141025857 0.0019025901141025857 1 1 1 Converged Converged Converged OK OK OK 111 111 111 111 111 111 9 9 9 0 0 0 0 1 0 0 1
13 13 linear 4 23 134 3 0.001 0.6889431279445748 0.00022244824960620147 0.12221643747177335 0.20914024177633328 0.096215848916315891 0.23358352927068796 0.5 -0.23343030916134358 4.171052069155146 OK 14 13 0.52249999999999996 0.35845700000000003 0.18448500000000001 0.328787 0.163325 0 0.19371299999999997 0.19513200000000003 0.18448500000000001 0.0094560000000000009 0.0097870000000000006 0.008737 0.16107500000000002 0.16246200000000002 0.15462400000000012 0.0049720000000000007 0.0050140000000000002 0.0042910000000000005 0.0012179999999999999 0.0012649999999999998 0.001173 4.1710707404557548 4.1710707404557548 4.1710707404557548 0.0019905614244858103 0.0019905614244858103 0.0019905614244858103 1 1 1 Converged Converged Converged OK OK OK 104 104 104 104 104 104 8 8 8 0 0 0 0 1 0 0 1
13 13 linear 4 0 134 0 0.0001 0.6889431279445748 0.00022244824960620147 0.12221643747177335 0.20914024177633328 0.096215848916315891 0.1846969542819786 0.5 -0.18454373417263423 5.10122167713173 OK 15 14 0.68942899999999996 0.66721399999999997 0.31383499999999998 0.367531 0.34991299999999997 0 0.32189799999999996 0.317301 0.31383499999999998 0.013558000000000001 0.013672999999999999 0.013472 0.25508899999999995 0.25003799999999998 0.24316600000000002 0.0083280000000000021 0.009326000000000001 0.0088430000000000002 0.0016739999999999999 0.0018090000000000001 0.0017700000000000001 5.1012206085012863 5.1012206085012863 5.1012206085012863 0.00049805376675165656 0.00049805376675165656 0.00049805376675165656 1 1 1 Converged Converged Converged OK OK OK 167 167 167 167 167 167 9 9 9 0 0 0 0 0 1 0 0
13 13 linear 4 7 134 1 0.0001 0.6889431279445748 0.00022244824960620147 0.12221643747177335 0.20914024177633328 0.096215848916315891 0.19957547710462928 0.5 -0.1994222569952849 4.7770686601530157 OK 15 14 0.71793600000000002 0.54663799999999996 0.31664500000000001 0.38659100000000002 0.21392800000000001 0 0.331345 0.33270999999999995 0.31664500000000001 0.012029 0.011841000000000001 0.011133000000000001 0.28579599999999994 0.28688599999999986 0.27318200000000009 0.0072940000000000001 0.0086470000000000002 0.007417 0.0016540000000000001 0.0016480000000000002 0.0016989999999999998 4.7770658033531088 4.7770658033531088 4.7770658033531088 0.00031906570774767692 0.00031906570774767692 0.00031906570774767692 1 1 1 Converged Converged Converged OK OK OK 151 151 151 151 151 151 9 9 9 0 0 0 0 1 0 0 1
13 13 linear 4 15 134 2 0.0001 0.6889431279445748 0.00022244824960620147 0.12221643747177335 0.20914024177633328 0.096215848916315891 0.21657950318765862 0.5 -0.21642628307831424 4.4533847967308748 OK 15 14 0.72344900000000001 0.56552999999999998 0.34825699999999998 0.36299500000000001 0.200873 0 0.360454 0.36465700000000001 0.34825699999999998 0.012167000000000001 0.012208999999999999 0.011285 0.30271100000000012 0.30559800000000004 0.29284200000000027 0.01069 0.011912999999999998 0.010546999999999999 0.0020470000000000002 0.0019749999999999998 0.0018289999999999999 4.4533821819709907 4.4533821819709907 4.4533821819709907 0.00027733968966153825 0.00027733968966153825 0.00027733968966153825 1 1 1 Converged Converged Converged OK OK OK 191 191 191 191 191 191 9 9 9 0 0 0 0 1 0 0 1
13 13 linear 4 23 134 3 0.0001 0.6889431279445748 0.00022244824960620147 0.12221643747177335 0.20914024177633328 0.096215848916315891 0.23358352927068796 0.5 -0.23343030916134358 4.171052069155146 OK 14 13 0.60239200000000004 0.44204300000000002 0.26112999999999997 0.33376899999999998 0.16747500000000001 0 0.26862300000000006 0.27456800000000003 0.26112999999999997 0.009861 0.0097699999999999992 0.008933 0.22523700000000008 0.231595 0.2205339999999999 0.0078560000000000001 0.0076749999999999995 0.0071050000000000002 0.0017740000000000002 0.001725 0.0016509999999999999 4.1710495979385511 4.1710495979385511 4.1710495979385511 0.00027928823288413915 0.00027928823288413915 0.00027928823288413915 1 1 1 Converged Converged Converged OK OK OK 152 152 152 152 152 152 8 8 8 0 0 0 0 1 0 0 1
13 13 uniform 0 0 135 0 0.001 0.6889431279445748 0.00022244824960620147 0.12221643747177335 0.79347866259691469 -0.042448664616970944 0.76903537510256004 0 -0.76888215499321566 1.5751706585403364 OK 16 15 0.62736999999999998 0.62306499999999998 0.157359 0.46518300000000001 0.46152300000000002 0 0.16218699999999997 0.16154199999999996 0.157359 0.013313999999999999 0.013481999999999999 0.012572 0.11564500000000001 0.11567899999999998 0.11349500000000003 0.0043909999999999999 0.0039030000000000002 0.003601 0.0010760000000000001 0.00096700000000000009 0.0009059999999999999 1.5751706630826425 1.5751706630826425 1.5751706630826425 0.00068805168780106194 0.00068805168780106194 0.00068805168780106194 1 1 1 Converged Converged Converged OK OK OK 94 94 94 94 94 94 10 10 10 0 0 0 0 0 1 0 0
13 13 uniform 0 7 135 1 0.001 0.6889431279445748 0.00022244824960620147 0.12221643747177335 0.79347866259691469 -0.042448664616970944 0.78391389792521071 0 -0.78376067781586634 1.5549873319929848 OK 16 15 0.61769499999999999 0.45672200000000002 0.13994100000000001 0.47418100000000002 0.30694199999999999 0 0.14351399999999997 0.14978000000000002 0.13994100000000001 0.012052999999999999 0.012102 0.011070999999999999 0.10790500000000001 0.11468200000000001 0.10647899999999996 0.0038230000000000004 0.0037420000000000005 0.0035560000000000001 0.00094399999999999996 0.00094200000000000002 0.000901 1.5549817873015985 1.5549817873015985 1.5549817873015985 0.00077331604247943958 0.00077331604247943958 0.00077331604247943958 1 1 1 Converged Converged Converged OK OK OK 94 94 94 94 94 94 10 10 10 0 0 0 0 1 0 0 1
13 13 uniform 0 15 135 2 0.001 0.6889431279445748 0.00022244824960620147 0.12221643747177335 0.79347866259691469 -0.042448664616970944 0.80091792400824002 0 -0.80076470389889565 1.5329653269015324 OK 16 15 0.60546900000000003 0.43834800000000002 0.15005099999999999 0.44873000000000002 0.28185500000000002 0 0.15673900000000002 0.15649299999999999 0.15005099999999999 0.012433 0.012253 0.011017000000000001 0.11686300000000006 0.11851899999999999 0.114116 0.0046380000000000006 0.0038279999999999998 0.0037339999999999999 0.0010319999999999999 0.00094300000000000004 0.00093099999999999997 1.5329397661054167 1.5329397661054167 1.5329397661054167 0.0010574131086314234 0.0010574131086314234 0.0010574131086314234 1 1 1 Converged Converged Converged OK OK OK 101 101 101 101 101 101 11 11 11 0 0 0 0 1 0 0 1
13 13 uniform 0 23 135 3 0.001 0.6889431279445748 0.00022244824960620147 0.12221643747177335 0.79347866259691469 -0.042448664616970944 0.81792195009126933 0 -0.81776872998192496 1.5119454959950047 OK 16 15 0.484045 0.321183 0.14501500000000001 0.33507399999999998 0.17080899999999999 0 0.14897100000000002 0.15037400000000001 0.14501500000000001 0.011975 0.012102999999999999 0.011016 0.11333399999999999 0.11530299999999995 0.11154400000000003 0.0037960000000000008 0.003673 0.003614 0.001041 0.001093 0.00092499999999999993 1.5119431164195618 1.5119431164195618 1.5119431164195618 0.0011782989042376135 0.0011782989042376135 0.0011782989042376135 1 1 1 Converged Converged Converged OK OK OK 101 101 101 101 101 101 11 11 11 0 0 0 0 1 0 0 1
13 13 uniform 0 0 135 0 0.0001 0.6889431279445748 0.00022244824960620147 0.12221643747177335 0.79347866259691469 -0.042448664616970944 0.76903537510256004 0 -0.76888215499321566 1.5751706585403364 OK 16 15 0.65143200000000001 0.64734199999999997 0.18221200000000001 0.46069900000000003 0.46262399999999998 0 0.19073299999999999 0.18471799999999999 0.18221200000000001 0.013559999999999999 0.013434 0.012808999999999999 0.13399000000000005 0.128611 0.12758199999999997 0.0055030000000000001 0.0052860000000000008 0.0051249999999999993 0.0013020000000000002 0.001315 0.001256 1.5751706605990334 1.5751706605990334 1.5751706605990334 0.00011477017321263257 0.00011477017321263257 0.00011477017321263257 1 1 1 Converged Converged Converged OK OK OK 118 118 118 118 118 118 10 10 10 0 0 0 0 0 1 0 0
13 13 uniform 0 7 135 1 0.0001 0.6889431279445748 0.00022244824960620147 0.12221643747177335 0.79347866259691469 -0.042448664616970944 0.78391389792521071 0 -0.78376067781586634 1.5549873319929848 OK 16 15 0.65405599999999997 0.49207200000000001 0.171429 0.480715 0.31161899999999998 0 0.17334099999999997 0.18045300000000003 0.171429 0.012116 0.012106 0.011110999999999999 0.12816500000000008 0.13467000000000007 0.1276230000000001 0.005228 0.0055979999999999997 0.005339 0.0013929999999999999 0.001523 0.001402 1.5549872539224818 1.5549872539224818 1.5549872539224818 0.00010970457639059326 0.00010970457639059326 0.00010970457639059326 1 1 1 Converged Converged Converged OK OK OK 126 126 126 126 126 126 10 10 10 0 0 0 0 1 0 0 1
13 13 uniform 0 15 135 2 0.0001 0.6889431279445748 0.00022244824960620147 0.12221643747177335 0.79347866259691469 -0.042448664616970944 0.80091792400824002 0 -0.80076470389889565 1.5329653269015324 OK 16 15 0.63645499999999999 0.47214800000000001 0.181451 0.44935399999999998 0.283362 0 0.18710100000000002 0.18878600000000001 0.181451 0.012297000000000001 0.012139 0.011179 0.13868800000000003 0.14267900000000006 0.13655700000000001 0.0061859999999999997 0.0053880000000000004 0.0052599999999999999 0.0016670000000000001 0.0015579999999999999 0.001539 1.5329645438279247 1.5329645438279247 1.5329645438279247 0.00014283329356999059 0.00014283329356999059 0.00014283329356999059 1 1 1 Converged Converged Converged OK OK OK 133 133 133 133 133 133 11 11 11 0 0 0 0 1 0 0 1
13 13 uniform 0 23 135 3 0.0001 0.6889431279445748 0.00022244824960620147 0.12221643747177335 0.79347866259691469 -0.042448664616970944 0.81792195009126933 0 -0.81776872998192496 1.5119454959950047 OK 16 15 0.54257599999999995 0.37796000000000002 0.196965 0.34042600000000001 0.17058599999999999 0 0.20214999999999994 0.20737400000000003 0.196965 0.012106 0.011990000000000001 0.010996000000000001 0.15281599999999998 0.15945900000000005 0.15083700000000003 0.006422999999999999 0.00613 0.0058450000000000012 0.0017210000000000001 0.0015890000000000001 0.001433 1.5119455499874646 1.5119455499874646 1.5119455499874646 0.00011524256142657356 0.00011524256142657356 0.00011524256142657356 1 1 1 Converged Converged Converged OK OK OK 141 141 141 141 141 141 11 11 11 0 0 0 0 1 0 0 1
13 13 uniform 1 0 136 0 0.001 0.6889431279445748 0.00022244824960620147 0.12221643747177335 -0.012915848181065221 -0.050878875766870155 -0.037359135675419895 0 0.037512355784764258 15.248030189918534 OK 13 12 0.576874 0.57429699999999995 0.155721 0.41743400000000003 0.42036499999999999 0 0.15943999999999997 0.15393199999999996 0.155721 0.010578000000000001 0.010466 0.0098630000000000002 0.12295499999999997 0.11828499999999997 0.121586 0.0032069999999999998 0.0029949999999999998 0.0030010000000000002 0.00091299999999999997 0.00084500000000000005 0.00082600000000000013 15.247921507054421 15.247921507054421 15.247921507054421 0.011993776664117498 0.011993776664117498 0.011993776664117498 1 1 1 Converged Converged Converged OK OK OK 81 81 81 81 81 81 7 7 7 0 0 0 0 0 1 0 0
13 13 uniform 1 7 136 1 0.001 0.6889431279445748 0.00022244824960620147 0.12221643747177335 -0.012915848181065221 -0.050878875766870155 -0.02248061285276922 0 0.022633832962113583 15.516144688057489 OK 13 12 0.58271899999999999 0.3211 0.148119 0.43126199999999998 0.16875999999999999 0 0.15145700000000001 0.15234 0.148119 0.0092599999999999991 0.0094669999999999997 0.008737 0.123574 0.12407299999999999 0.122072 0.0031180000000000001 0.0031760000000000004 0.0028389999999999999 0.00082000000000000009 0.00087699999999999996 0.00079000000000000001 15.515980965132723 15.515980965132723 15.515980965132723 0.012117060148712187 0.012117060148712187 0.012117060148712187 1 1 1 Converged Converged Converged OK OK OK 81 81 81 81 81 81 7 7 7 0 0 0 0 1 0 0 1
13 13 uniform 1 15 136 2 0.001 0.6889431279445748 0.00022244824960620147 0.12221643747177335 -0.012915848181065221 -0.050878875766870155 -0.005476586769739885 0 0.0056298068790842492 15.656244050864338 OK 13 12 0.59740800000000005 0.325378 0.14518700000000001 0.44917200000000002 0.17374600000000001 0 0.14823600000000003 0.15163199999999999 0.14518700000000001 0.0093769999999999999 0.0094029999999999999 0.0087240000000000009 0.12042399999999995 0.124374 0.11915599999999997 0.0031419999999999998 0.0030500000000000002 0.0029750000000000002 0.00084400000000000002 0.00080900000000000004 0.00077300000000000003 15.656018663991066 15.656018663991066 15.656018663991066 0.012226806809842746 0.012226806809842746 0.012226806809842746 1 1 1 Converged Converged Converged OK OK OK 81 81 81 81 81 81 7 7 7 0 0 0 0 1 0 0 1
13 13 uniform 1 23 136 3 0.001 0.6889431279445748 0.00022244824960620147 0.12221643747177335 -0.012915848181065221 -0.050878875766870155 0.011527439313289452 0 -0.011374219203945088 15.626029640927568 OK 13 12 0.57328199999999996 0.29844999999999999 0.14464199999999999 0.42526599999999998 0.15040000000000001 0 0.14801599999999998 0.14804999999999999 0.14464199999999999 0.0093480000000000004 0.0093959999999999998 0.0086820000000000005 0.12053299999999993 0.12060700000000003 0.11877000000000003 0.0029810000000000001 0.0030250000000000003 0.0028890000000000001 0.00082699999999999994 0.00086699999999999993 0.00077700000000000002 15.625745106184466 15.625745106184466 15.625745106184466 0.012309506154745135 0.012309506154745135 0.012309506154745135 1 1 1 Converged Converged Converged OK OK OK 81 81 81 81 81 81 7 7 7 0 0 0 0 1 0 0 1
13 13 uniform 1 0 136 0 0.0001 0.6889431279445748 0.00022244824960620147 0.12221643747177335 -0.012915848181065221 -0.050878875766870155 -0.037359135675419895 0 0.037512355784764258 15.248030189918534 OK 13 12 0.64661299999999999 0.65030500000000002 0.22309399999999999 0.41419600000000001 0.41514899999999999 0 0.23241699999999998 0.23515600000000003 0.22309399999999999 0.015969000000000001 0.010425 0.0098189999999999996 0.17648599999999992 0.18430000000000007 0.17446599999999998 0.0059160000000000011 0.005337999999999999 0.0052720000000000006 0.0012710000000000002 0.001263 0.001204 15.248033998762198 15.248033998762198 15.248033998762198 0.001257886863627266 0.001257886863627266 0.001257886863627266 1 1 1 Converged Converged Converged OK OK OK 129 129 129 129 129 129 7 7 7 0 0 0 0 0 1 0 0
13 13 uniform 1 7 136 1 0.0001 0.6889431279445748 0.00022244824960620147 0.12221643747177335 -0.012915848181065221 -0.050878875766870155 -0.02248061285276922 0 0.022633832962113583 15.516144688057489 OK 13 12 0.64784299999999995 0.38740999999999998 0.21372099999999999 0.42832700000000001 0.168159 0 0.21951599999999993 0.21925099999999997 0.21372099999999999 0.009325 0.0094839999999999994 0.0086920000000000001 0.18256 0.18078900000000001 0.17822600000000008 0.0052440000000000004 0.0056870000000000011 0.0051390000000000003 0.0012000000000000001 0.0012669999999999999 0.0011789999999999999 15.516139614111598 15.516139614111598 15.516139614111598 0.0013026517937005802 0.0013026517937005802 0.0013026517937005802 1 1 1 Converged Converged Converged OK OK OK 129 129 129 129 129 129 7 7 7 0 0 0 0 1 0 0 1
13 13 uniform 1 15 136 2 0.0001 0.6889431279445748 0.00022244824960620147 0.12221643747177335 -0.012915848181065221 -0.050878875766870155 -0.005476586769739885 0 0.0056298068790842492 15.656244050864338 OK 13 12 0.66369800000000001 0.40027600000000002 0.21209500000000001 0.44737399999999999 0.184641 0 0.21632400000000002 0.21563500000000002 0.21209500000000001 0.0094870000000000006 0.0093290000000000005 0.0086409999999999994 0.17850199999999994 0.17848799999999998 0.17671199999999995 0.0054369999999999991 0.0054890000000000008 0.0051250000000000011 0.0012319999999999998 0.0012149999999999999 0.0011849999999999999 15.656228326324651 15.656228326324651 15.656228326324651 0.0013491682396649155 0.0013491682396649155 0.0013491682396649155 1 1 1 Converged Converged Converged OK OK OK 129 129 129 129 129 129 7 7 7 0 0 0 0 1 0 0 1
13 13 uniform 1 23 136 3 0.0001 0.6889431279445748 0.00022244824960620147 0.12221643747177335 -0.012915848181065221 -0.050878875766870155 0.011527439313289452 0 -0.011374219203945088 15.626029640927568 OK 13 12 0.63928300000000005 0.36747000000000002 0.208541 0.42653200000000002 0.15529399999999999 0 0.21275100000000002 0.21217600000000003 0.208541 0.0093530000000000002 0.0093139999999999994 0.0086739999999999994 0.17544899999999988 0.17548800000000009 0.17338399999999998 0.0054559999999999999 0.0054169999999999999 0.0050279999999999995 0.0012889999999999998 0.001186 0.0011719999999999999 15.626002877005124 15.626002877005124 15.626002877005124 0.0013901862580682936 0.0013901862580682936 0.0013901862580682936 1 1 1 Converged Converged Converged OK OK OK 129 129 129 129 129 129 7 7 7 0 0 0 0 1 0 0 1
13 13 uniform 2 0 137 0 0.001 0.6889431279445748 0.00022244824960620147 0.12221643747177335 0.69071640528497746 0.11895095930821055 0.66627311779062282 0 -0.66611989768127844 1.7314377270493262 OK 14 13 0.45671200000000001 0.45031300000000002 0.122442 0.33390700000000001 0.32819500000000001 0 0.122805 0.122118 0.122442 0.010316000000000001 0.010317 0.0098549999999999992 0.092573999999999976 0.092752999999999988 0.093017000000000002 0.0025830000000000002 0.002395 0.0026500000000000004 0.00065799999999999995 0.000638 0.0006420000000000001 1.7314408546263997 1.7314408546263997 1.7314408546263997 0.0015238589117906535 0.0015238589117906535 0.0015238589117906535 1 1 1 Converged Converged Converged OK OK OK 65 65 65 65 65 65 7 7 7 0 0 0 0 0 1 0 0
13 13 uniform 2 7 137 1 0.001 0.6889431279445748 0.00022244824960620147 0.12221643747177335 0.69071640528497746 0.11895095930821055 0.68115164061327349 0 -0.68099842050392911 1.7069836939955547 OK 13 12 0.446662 0.29074699999999998 0.12645700000000001 0.31937399999999999 0.155028 0 0.12728800000000001 0.13571899999999998 0.12645700000000001 0.0064099999999999999 0.0068510000000000003 0.006208 0.104392 0.11210799999999999 0.10438599999999998 0.00231 0.0026150000000000006 0.0024389999999999998 0.00067799999999999989 0.00079199999999999995 0.00066600000000000003 1.7069863399658158 1.7069863399658158 1.7069863399658158 0.0013447763857926396 0.0013447763857926396 0.0013447763857926396 1 1 1 Converged Converged Converged OK OK OK 72 72 72 72 72 72 8 8 8 0 0 0 0 1 0 0 1
13 13 uniform 2 15 137 2 0.001 0.6889431279445748 0.00022244824960620147 0.12221643747177335 0.69071640528497746 0.11895095930821055 0.6981556666963028 0 -0.69800244658695842 1.678291745037187 OK 13 12 0.45622299999999999 0.30065599999999998 0.122686 0.33227200000000001 0.167957 0 0.12395099999999998 0.13269899999999998 0.122686 0.0062119999999999996 0.0064640000000000001 0.005999 0.102585 0.11031299999999994 0.102197 0.0023379999999999998 0.0026909999999999998 0.0023519999999999999 0.00067000000000000002 0.00071999999999999994 0.00064199999999999999 1.6782949146337369 1.6782949146337369 1.6782949146337369 0.0012089487984246285 0.0012089487984246285 0.0012089487984246285 1 1 1 Converged Converged Converged OK OK OK 72 72 72 72 72 72 8 8 8 0 0 0 0 1 0 0 1
13 13 uniform 2 23 137 3 0.001 0.6889431279445748 0.00022244824960620147 0.12221643747177335 0.69071640528497746 0.11895095930821055 0.71515969277933211 0 -0.71500647266998774 1.6503379115919945 OK 12 11 0.45075700000000002 0.29660900000000001 0.12139800000000001 0.32728000000000002 0.16589799999999999 0 0.123477 0.13071100000000002 0.12139800000000001 0.0063489999999999996 0.0065209999999999999 0.0060699999999999999 0.103104 0.11002399999999997 0.10214499999999997 0.0022100000000000002 0.0023869999999999998 0.0021209999999999996 0.000611 0.00067000000000000002 0.00061799999999999995 1.6503416404466449 1.6503416404466449 1.6503416404466449 0.001113605311968276 0.001113605311968276 0.001113605311968276 1 1 1 Converged Converged Converged OK OK OK 65 65 65 65 65 65 7 7 7 0 0 0 0 1 0 0 1
13 13 uniform 2 0 137 0 0.0001 0.6889431279445748 0.00022244824960620147 0.12221643747177335 0.69071640528497746 0.11895095930821055 0.66627311779062282 0 -0.66611989768127844 1.7314377270493262 OK 14 13 0.49089100000000002 0.49372700000000003 0.16084899999999999 0.32821600000000001 0.33113500000000001 0 0.16267500000000001 0.16259200000000001 0.16084899999999999 0.010505 0.010739 0.010047 0.12010900000000001 0.12031400000000005 0.12076800000000001 0.0047140000000000003 0.0047590000000000002 0.0042450000000000005 0.001049 0.0010820000000000001 0.00097100000000000007 1.7314384480873393 1.7314384480873393 1.7314384480873393 0.00013546519871486152 0.00013546519871486152 0.00013546519871486152 1 1 1 Converged Converged Converged OK OK OK 97 97 97 97 97 97 7 7 7 0 0 0 0 0 1 0 0
13 13 uniform 2 7 137 1 0.0001 0.6889431279445748 0.00022244824960620147 0.12221643747177335 0.69071640528497746 0.11895095930821055 0.68115164061327349 0 -0.68099842050392911 1.7069836939955547 OK 13 12 0.48371599999999998 0.33827800000000002 0.16089200000000001 0.31916800000000001 0.15754399999999999 0 0.16454799999999997 0.18073400000000003 0.16089200000000001 0.0066990000000000001 0.0066480000000000003 0.006117 0.13163499999999995 0.14888299999999999 0.13075500000000004 0.0044580000000000002 0.0043070000000000009 0.0041610000000000006 0.0010710000000000001 0.00101 0.00093599999999999998 1.7069836720229177 1.7069836720229177 1.7069836720229177 5.130173666901833e-05 5.130173666901833e-05 5.130173666901833e-05 1 1 1 Converged Converged Converged OK OK OK 104 104 104 104 104 104 8 8 8 0 0 0 0 1 0 0 1
13 13 uniform 2 15 137 2 0.0001 0.6889431279445748 0.00022244824960620147 0.12221643747177335 0.69071640528497746 0.11895095930821055 0.6981556666963028 0 -0.69800244658695842 1.678291745037187 OK 13 12 0.493253 0.34169899999999997 0.15743099999999999 0.33053700000000003 0.16770499999999999 0 0.16271599999999997 0.17399399999999998 0.15743099999999999 0.0065310000000000003 0.0064599999999999996 0.0057819999999999998 0.13091400000000006 0.14348199999999994 0.12910099999999997 0.004860999999999999 0.0044320000000000002 0.0040940000000000004 0.001077 0.001029 0.00095500000000000001 1.6782918361602028 1.6782918361602028 1.6782918361602028 1.9078992447178881e-05 1.9078992447178881e-05 1.9078992447178881e-05 1 1 1 Converged Converged Converged OK OK OK 104 104 104 104 104 104 8 8 8 0 0 0 0 1 0 0 1
13 13 uniform 2 23 137 3 0.0001 0.6889431279445748 0.00022244824960620147 0.12221643747177335 0.69071640528497746 0.11895095930821055 0.71515969277933211 0 -0.71500647266998774 1.6503379115919945 OK 12 11 0.490541 0.34306199999999998 0.15651000000000001 0.33023999999999998 0.17074 0 0.16030100000000003 0.17232199999999998 0.15651000000000001 0.0066299999999999996 0.0066740000000000002 0.006195 0.13014299999999998 0.14319799999999994 0.12898000000000007 0.0044719999999999994 0.0043119999999999999 0.0038299999999999996 0.00099299999999999996 0.00087599999999999993 0.00087600000000000004 1.650337925965417 1.650337925965417 1.650337925965417 2.6787238681450777e-05 2.6787238681450777e-05 2.6787238681450777e-05 1 1 1 Converged Converged Converged OK OK OK 97 97 97 97 97 97 7 7 7 0 0 0 0 1 0 0 1
13 13 uniform 3 0 138 0 0.001 0.6889431279445748 0.00022244824960620147 0.12221643747177335 -0.0068728341514819255 0.18066508713672702 -0.031316121645836595 0 0.031469341755180957 5.8943039462081916 OK 13 12 0.47153699999999998 0.45996399999999998 0.096496999999999999 0.36938599999999999 0.36449999999999999 0 0.10215099999999999 0.095463999999999993 0.096496999999999999 0.0097190000000000002 0.0095879999999999993 0.0088889999999999993 0.068894999999999998 0.063478000000000021 0.063147999999999982 0.0037060000000000001 0.0032299999999999998 0.0030980000000000001 0.00073099999999999999 0.00068400000000000004 0.00064900000000000005 5.8943038310976004 5.8943038310976004 5.8943038310976004 0.001561865876575208 0.001561865876575208 0.001561865876575208 1 1 1 Converged Converged Converged OK OK OK 67 67 67 67 67 67 5 5 5 0 0 0 0 0 1 0 0
13 13 uniform 3 7 138 1 0.001 0.6889431279445748 0.00022244824960620147 0.12221643747177335 -0.0068728341514819255 0.18066508713672702 -0.016437598823185927 0 0.016590818932530289 5.9669048598508478 OK 13 12 0.43876999999999999 0.23250199999999999 0.059246 0.37825300000000001 0.15664 0 0.060516999999999987 0.075861999999999985 0.059246 0.0086379999999999998 0.0086750000000000004 0.0080719999999999993 0.03834400000000001 0.053403999999999986 0.037903000000000006 0.0022070000000000002 0.002287 0.002209 0.000513 0.00055999999999999995 0.00052000000000000006 5.966904945345493 5.966904945345493 5.966904945345493 0.00586149978818619 0.00586149978818619 0.00586149978818619 1 1 1 Converged Converged Converged OK OK OK 44 44 44 44 44 44 4 4 4 0 0 0 0 1 0 0 1
13 13 uniform 3 15 138 2 0.001 0.6889431279445748 0.00022244824960620147 0.12221643747177335 -0.0068728341514819255 0.18066508713672702 0.00056642725984341023 0 -0.0004132071504990464 5.9958218058980997 OK 13 12 0.44188 0.242479 0.077143000000000003 0.363425 0.147148 0 0.078454999999999997 0.095330999999999999 0.077143000000000003 0.0085590000000000006 0.0086390000000000008 0.0078379999999999995 0.054321999999999995 0.070963999999999999 0.053937999999999993 0.0026359999999999999 0.002696 0.0026870000000000002 0.00066199999999999994 0.00071400000000000001 0.00067699999999999998 5.9958293272295426 5.9958293272295426 5.9958293272295426 0.0028471388266965571 0.0028471388266965571 0.0028471388266965571 1 1 1 Converged Converged Converged OK OK OK 59 59 59 59 59 59 5 5 5 0 0 0 0 1 0 0 1
13 13 uniform 3 23 138 3 0.001 0.6889431279445748 0.00022244824960620147 0.12221643747177335 -0.0068728341514819255 0.18066508713672702 0.017570453342872747 0 -0.017417233233528385 5.9646729969584431 OK 13 12 0.40741100000000002 0.220552 0.066733000000000001 0.33862500000000001 0.14081199999999999 0 0.068786000000000014 0.079740000000000005 0.066733000000000001 0.0086029999999999995 0.0086899999999999998 0.0079480000000000002 0.046053999999999991 0.057039999999999993 0.045136000000000003 0.0022770000000000004 0.0023800000000000002 0.0022820000000000002 0.00056099999999999998 0.00054299999999999997 0.00054799999999999998 5.9646792686408947 5.9646792686408947 5.9646792686408947 0.0043889345819277175 0.0043889345819277175 0.0043889345819277175 1 1 1 Converged Converged Converged OK OK OK 51 51 51 51 51 51 5 5 5 0 0 0 0 1 0 0 1
13 13 uniform 3 0 138 0 0.0001 0.6889431279445748 0.00022244824960620147 0.12221643747177335 -0.0068728341514819255 0.18066508713672702 -0.031316121645836595 0 0.031469341755180957 5.8943039462081916 OK 13 12 0.47231400000000001 0.47284100000000001 0.102435 0.36890400000000001 0.36860199999999999 0 0.10341 0.10423900000000003 0.102435 0.0095440000000000004 0.0096699999999999998 0.0090699999999999999 0.068224000000000007 0.068604000000000026 0.06844699999999998 0.0035709999999999995 0.0039670000000000009 0.0034020000000000001 0.00086600000000000002 0.00085700000000000001 0.00082200000000000014 5.894304495423131 5.894304495423131 5.894304495423131 0.00018297923450463581 0.00018297923450463581 0.00018297923450463581 1 1 1 Converged Converged Converged OK OK OK 75 75 75 75 75 75 5 5 5 0 0 0 0 0 1 0 0
13 13 uniform 3 7 138 1 0.0001 0.6889431279445748 0.00022244824960620147 0.12221643747177335 -0.0068728341514819255 0.18066508713672702 -0.016437598823185927 0 0.016590818932530289 5.9669048598508478 OK 13 12 0.46989500000000001 0.27074900000000002 0.089654999999999999 0.37821900000000003 0.15972800000000001 0 0.09167599999999998 0.11102100000000001 0.089654999999999999 0.0085920000000000007 0.0088149999999999999 0.0080780000000000001 0.061422999999999998 0.080326000000000022 0.060834000000000006 0.0036560000000000004 0.0038970000000000003 0.0036189999999999998 0.00083799999999999999 0.00080599999999999997 0.00078800000000000007 5.9669047076801425 5.9669047076801425 5.9669047076801425 2.5846175973168647e-05 2.5846175973168647e-05 2.5846175973168647e-05 1 1 1 Converged Converged Converged OK OK OK 68 68 68 68 68 68 4 4 4 0 0 0 0 1 0 0 1
13 13 uniform 3 15 138 2 0.0001 0.6889431279445748 0.00022244824960620147 0.12221643747177335 -0.0068728341514819255 0.18066508713672702 0.00056642725984341023 0 -0.0004132071504990464 5.9958218058980997 OK 13 12 0.46297199999999999 0.27449400000000002 0.098816000000000001 0.36169600000000002 0.15027399999999999 0 0.10127599999999998 0.12422000000000002 0.098816000000000001 0.0086289999999999995 0.0086269999999999993 0.0078270000000000006 0.07182100000000001 0.094271999999999953 0.070869000000000015 0.0035659999999999997 0.0037799999999999999 0.0034289999999999998 0.00096799999999999989 0.00088699999999999998 0.00090399999999999996 5.9958287519870153 5.9958287519870153 5.9958287519870153 0.0005092189466295474 0.0005092189466295474 0.0005092189466295474 1 1 1 Converged Converged Converged OK OK OK 75 75 75 75 75 75 5 5 5 0 0 0 0 1 0 0 1
13 13 uniform 3 23 138 3 0.0001 0.6889431279445748 0.00022244824960620147 0.12221643747177335 -0.0068728341514819255 0.18066508713672702 0.017570453342872747 0 -0.017417233233528385 5.9646729969584431 OK 13 12 0.437971 0.26182699999999998 0.095338000000000006 0.33995300000000001 0.142322 0 0.098017999999999994 0.11950499999999997 0.095338000000000006 0.0086379999999999998 0.0084349999999999998 0.0079679999999999994 0.068529999999999994 0.087655000000000011 0.067566000000000001 0.0034390000000000002 0.0034529999999999999 0.0033189999999999999 0.00084999999999999995 0.00081999999999999998 0.00077800000000000005 5.9646728403214784 5.9646728403214784 5.9646728403214784 0.00051922985390899501 0.00051922985390899501 0.00051922985390899501 1 1 1 Converged Converged Converged OK OK OK 75 75 75 75 75 75 5 5 5 0 0 0 0 1 0 0 1
13 13 uniform 4 0 139 0 0.001 0.6889431279445748 0.00022244824960620147 0.12221643747177335 0.20914024177633328 0.096215848916315891 0.1846969542819786 0 -0.18454373417263423 5.1217779915542421 OK 15 14 0.530026 0.53702399999999995 0.18454200000000001 0.34643699999999999 0.34562999999999999 0 0.183589 0.19139399999999995 0.18454200000000001 0.012898 0.013483 0.012907999999999999 0.13800300000000001 0.139595 0.138624 0.0039410000000000009 0.0045859999999999998 0.0042189999999999997 0.0010989999999999999 0.0012409999999999999 0.001181 5.1217652186265514 5.1217652186265514 5.1217652186265514 0.0035705235415190266 0.0035705235415190266 0.0035705235415190266 1 1 1 Converged Converged Converged OK OK OK 111 111 111 111 111 111 9 9 9 0 0 0 0 0 1 0 0
13 13 uniform 4 7 139 1 0.001 0.6889431279445748 0.00022244824960620147 0.12221643747177335 0.20914024177633328 0.096215848916315891 0.19957547710462928 0 -0.1994222569952849 4.7935919000570006 OK 15 14 0.57291499999999995 0.40534300000000001 0.184448 0.38298599999999999 0.21042 0 0.18992899999999996 0.19492300000000001 0.184448 0.011436 0.011986999999999999 0.011004999999999999 0.15626700000000004 0.160137 0.15157300000000004 0.0039480000000000001 0.0042559999999999994 0.0040550000000000004 0.001062 0.001126 0.00109 4.7935844843092124 4.7935844843092124 4.7935844843092124 0.0023629200971376084 0.0023629200971376084 0.0023629200971376084 1 1 1 Converged Converged Converged OK OK OK 111 111 111 111 111 111 9 9 9 0 0 0 0 1 0 0 1
13 13 uniform 4 15 139 2 0.001 0.6889431279445748 0.00022244824960620147 0.12221643747177335 0.20914024177633328 0.096215848916315891 0.21657950318765862 0 -0.21642628307831424 4.4664792419357688 OK 15 14 0.540238 0.37199399999999999 0.172901 0.35905199999999998 0.18950600000000001 0 0.18118600000000001 0.18248799999999998 0.172901 0.012005999999999999 0.012246 0.011332999999999999 0.14449500000000007 0.146566 0.13867200000000007 0.004875 0.0044039999999999999 0.0042699999999999995 0.001258 0.0012070000000000002 0.0012019999999999999 4.4665098179278662 4.4665098179278662 4.4665098179278662 0.0027787107397145103 0.0027787107397145103 0.0027787107397145103 1 1 1 Converged Converged Converged OK OK OK 111 111 111 111 111 111 9 9 9 0 0 0 0 1 0 0 1
13 13 uniform 4 23 139 3 0.001 0.6889431279445748 0.00022244824960620147 0.12221643747177335 0.20914024177633328 0.096215848916315891 0.23358352927068796 0 -0.23343030916134358 4.18159284137952 OK 14 13 0.480099 0.322216 0.14575299999999999 0.32923000000000002 0.167099 0 0.15086899999999998 0.155117 0.14575299999999999 0.0093439999999999999 0.0096819999999999996 0.0086940000000000003 0.12046799999999999 0.12396700000000001 0.11645300000000004 0.0038270000000000005 0.0041910000000000003 0.0038570000000000002 0.0011650000000000002 0.001212 0.001121 4.181622547671294 4.181622547671294 4.181622547671294 0.0025110793697248205 0.0025110793697248205 0.0025110793697248205 1 1 1 Converged Converged Converged OK OK OK 104 104 104 104 104 104 8 8 8 0 0 0 0 1 0 0 1
13 13 uniform 4 0 139 0 0.0001 0.6889431279445748 0.00022244824960620147 0.12221643747177335 0.20914024177633328 0.096215848916315891 0.1846969542819786 0 -0.18454373417263423 5.1217779915542421 OK 15 14 0.62183999999999995 0.62180000000000002 0.27115800000000001 0.34858899999999998 0.35041600000000001 0 0.27325099999999997 0.27138400000000001 0.27115800000000001 0.013650000000000001 0.013820000000000001 0.013457999999999999 0.20127200000000001 0.19975900000000002 0.19956799999999994 0.0097029999999999998 0.0092889999999999986 0.0096780000000000008 0.0019509999999999998 0.0019650000000000002 0.0019529999999999999 5.1217777108721521 5.1217777108721521 5.1217777108721521 0.00028843823998525066 0.00028843823998525066 0.00028843823998525066 1 1 1 Converged Converged Converged OK OK OK 183 183 183 183 183 183 9 9 9 0 0 0 0 0 1 0 0
13 13 uniform 4 7 139 1 0.0001 0.6889431279445748 0.00022244824960620147 0.12221643747177335 0.20914024177633328 0.096215848916315891 0.19957547710462928 0 -0.1994222569952849 4.7935919000570006 OK 15 14 0.63901200000000002 0.49415100000000001 0.24998899999999999 0.38530999999999999 0.21940299999999999 0 0.25370200000000004 0.27474799999999999 0.24998899999999999 0.011554 0.01184 0.011046 0.20208899999999988 0.22599900000000006 0.20203799999999991 0.0079830000000000005 0.0087150000000000005 0.0086669999999999994 0.00158 0.0016799999999999999 0.0016769999999999999 4.7935921990209813 4.7935921990209813 4.7935921990209813 0.00035355959981925165 0.00035355959981925165 0.00035355959981925165 1 1 1 Converged Converged Converged OK OK OK 175 175 175 175 175 175 9 9 9 0 0 0 0 1 0 0 1
13 13 uniform 4 15 139 2 0.0001 0.6889431279445748 0.00022244824960620147 0.12221643747177335 0.20914024177633328 0.096215848916315891 0.21657950318765862 0 -0.21642628307831424 4.4664792419357688 OK 15 14 0.62717500000000004 0.47011500000000001 0.26039200000000001 0.36101299999999997 0.19279099999999999 0 0.26616200000000007 0.27732400000000001 0.26039200000000001 0.012066 0.01206 0.011224 0.21034300000000011 0.220803 0.20594500000000016 0.0091520000000000004 0.0095830000000000012 0.0091599999999999997 0.001763 0.0019109999999999999 0.0018679999999999997 4.4664791919753499 4.4664791919753499 4.4664791919753499 0.00026986777932130895 0.00026986777932130895 0.00026986777932130895 1 1 1 Converged Converged Converged OK OK OK 191 191 191 191 191 191 9 9 9 0 0 0 0 1 0 0 1
13 13 uniform 4 23 139 3 0.0001 0.6889431279445748 0.00022244824960620147 0.12221643747177335 0.20914024177633328 0.096215848916315891 0.23358352927068796 0 -0.23343030916134358 4.18159284137952 OK 14 13 0.53243300000000005 0.388326 0.19899700000000001 0.33030100000000001 0.16977300000000001 0 0.20213200000000003 0.218553 0.19899700000000001 0.0097149999999999997 0.0097249999999999993 0.0087679999999999998 0.15901399999999988 0.17189499999999999 0.15948700000000013 0.0076279999999999994 0.0078269999999999989 0.0063350000000000004 0.0018889999999999998 0.0017000000000000001 0.0016779999999999996 4.1815929571001522 4.1815929571001522 4.1815929571001522 0.00037410528184018363 0.00037410528184018363 0.00037410528184018363 1 1 1 Converged Converged Converged OK OK OK 152 152 152 152 152 152 8 8 8 0 0 0 0 1 0 0 1
14 14 linear 0 0 140 0 0.001 0.94925695260703991 0.026603471879896881 0.00063489985240220012 0.017087051342370235 -0.032726768855008005 0.016960071371889797 0.5 0.0076390375705670255 157.18402163009955 OK 14 13 0.51201300000000005 0.51055700000000004 0.119627 0.386189 0.38972400000000001 0 0.12582400000000005 0.12083300000000002 0.119627 0.012918000000000001 0.013154000000000001 0.012566000000000001 0.092232999999999996 0.086944999999999995 0.086601000000000025 0.0029189999999999997 0.0029719999999999998 0.0029249999999999996 0.00072300000000000001 0.000776 0.000718 157.18455211041817 157.18455211041817 157.18455211041817 0.080887284406674781 0.080887284406674781 0.080887284406674781 1 1 1 Converged Converged Converged OK OK OK 66 66 66 66 66 66 6 6 6 0 0 0 0 0 1 0 0
14 14 linear 0 7 140 1 0.001 0.94925695260703991 0.026603471879896881 0.00063489985240220012 0.017087051342370235 -0.032726768855008005 0.017037363527834411 0.5 0.007561745414622411 150.00952649298884 OK 14 13 0.56547800000000004 0.59296000000000004 0.10945100000000001 0.45306099999999999 0.34984500000000002 0 0.11241700000000004 0.24311500000000003 0.10945100000000001 0.011932999999999999 0.012064 0.011414000000000001 0.084290000000000004 0.21430399999999991 0.082239999999999994 0.0026809999999999998 0.0030180000000000003 0.0027229999999999997 0.000678 0.00065700000000000003 0.00064199999999999999 150.00920362955503 150.00920362955503 150.00920362955503 0.078916886718954415 0.078916886718954415 0.078916886718954415 1 1 1 Converged Converged Converged OK OK OK 66 66 66 66 66 66 6 6 6 0 0 0 0 1 0 0 1
14 14 linear 0 15 140 2 0.001 0.94925695260703991 0.026603471879896881 0.00063489985240220012 0.017087051342370235 -0.032726768855008005 0.017125697420342544 0.5 0.0074734115221142781 139.84819574494261 OK 14 13 0.49250699999999997 0.53345200000000004 0.10856399999999999 0.38004900000000003 0.284522 0 0.11245799999999995 0.24893000000000004 0.10856399999999999 0.011651999999999999 0.011705 0.011084 0.084135999999999947 0.22056200000000001 0.08172500000000002 0.0029770000000000005 0.0029250000000000001 0.0027720000000000002 0.00070699999999999995 0.00070500000000000001 0.00066799999999999997 139.84515009244825 139.84515009244825 139.84515009244825 0.077272284199815799 0.077272284199815799 0.077272284199815799 1 1 1 Converged Converged Converged OK OK OK 66 66 66 66 66 66 6 6 6 0 0 0 0 1 0 0 1
14 14 linear 0 23 140 3 0.001 0.94925695260703991 0.026603471879896881 0.00063489985240220012 0.017087051342370235 -0.032726768855008005 0.017214031312850674 0.5 0.0073850776296061488 127.83142691018833 OK 14 13 0.47700999999999999 0.49978899999999998 0.109319 0.36475600000000002 0.27391500000000002 0 0.11225399999999996 0.22587399999999996 0.109319 0.012149 0.012092 0.011483 0.083843000000000001 0.197133 0.082032000000000022 0.0027130000000000001 0.00296 0.0027329999999999998 0.00071300000000000009 0.00068800000000000003 0.00069199999999999991 127.83168547226578 127.83168547226578 127.83168547226578 0.075706834282301308 0.075706834282301308 0.075706834282301308 1 1 1 Converged Converged Converged OK OK OK 66 66 66 66 66 66 6 6 6 0 0 0 0 1 0 0 1
14 14 linear 0 0 140 0 0.0001 0.94925695260703991 0.026603471879896881 0.00063489985240220012 0.017087051342370235 -0.032726768855008005 0.016960071371889797 0.5 0.0076390375705670255 157.18402163009955 OK 14 13 0.57469800000000004 0.56883399999999995 0.17832000000000001 0.391594 0.38865300000000003 0 0.18310400000000004 0.18018099999999992 0.17832000000000001 0.012918000000000001 0.012956000000000001 0.01248 0.13481499999999999 0.132082 0.13116500000000003 0.0050959999999999998 0.0051479999999999998 0.005025 0.0011530000000000002 0.0011450000000000002 0.001122 157.18479262225227 157.18479262225227 157.18479262225227 0.0094758286248097703 0.0094758286248097703 0.0094758286248097703 1 1 1 Converged Converged Converged OK OK OK 106 106 106 106 106 106 6 6 6 0 0 0 0 0 1 0 0
14 14 linear 0 7 140 1 0.0001 0.94925695260703991 0.026603471879896881 0.00063489985240220012 0.017087051342370235 -0.032726768855008005 0.017037363527834411 0.5 0.007561745414622411 150.00952649298884 OK 14 13 0.62503299999999995 0.71850400000000003 0.163656 0.45381300000000002 0.35342299999999999 0 0.17121999999999993 0.36508100000000004 0.163656 0.011839000000000001 0.012112 0.011402000000000001 0.13211399999999998 0.324291 0.12535300000000002 0.0049869999999999992 0.0053090000000000004 0.005104 0.001049 0.001134 0.001108 150.009444006774 150.009444006774 150.009444006774 0.0092221365280082783 0.0092221365280082783 0.0092221365280082783 1 1 1 Converged Converged Converged OK OK OK 106 106 106 106 106 106 6 6 6 0 0 0 0 1 0 0 1
14 14 linear 0 15 140 2 0.0001 0.94925695260703991 0.026603471879896881 0.00063489985240220012 0.017087051342370235 -0.032726768855008005 0.017125697420342544 0.5 0.0074734115221142781 139.84819574494261 OK 14 13 0.53398599999999996 0.63852699999999996 0.15368499999999999 0.37299399999999999 0.28550500000000001 0 0.16099199999999997 0.35302199999999995 0.15368499999999999 0.011696 0.011847999999999999 0.011183999999999999 0.12251700000000004 0.313832 0.11657499999999997 0.0046110000000000005 0.0048320000000000004 0.0045389999999999996 0.0011559999999999999 0.0011919999999999999 0.0011660000000000004 139.84543591575618 139.84543591575618 139.84543591575618 0.0086617002441106671 0.0086617002441106671 0.0086617002441106671 1 1 1 Converged Converged Converged OK OK OK 98 98 98 98 98 98 6 6 6 0 0 0 0 1 0 0 1
14 14 linear 0 23 140 3 0.0001 0.94925695260703991 0.026603471879896881 0.00063489985240220012 0.017087051342370235 -0.032726768855008005 0.017214031312850674 0.5 0.0073850776296061488 127.83142691018833 OK 14 13 0.52332199999999995 0.59861399999999998 0.154337 0.36138599999999999 0.27431299999999997 0 0.16193599999999997 0.32430100000000001 0.154337 0.011984 0.012205000000000001 0.011426 0.12334900000000004 0.28470600000000007 0.11694299999999999 0.0045820000000000001 0.0047330000000000002 0.0045909999999999996 0.0011920000000000001 0.0012390000000000001 0.001181 127.83197114481111 127.83197114481111 127.83197114481111 0.0071069933930049929 0.0071069933930049929 0.0071069933930049929 1 1 1 Converged Converged Converged OK OK OK 98 98 98 98 98 98 6 6 6 0 0 0 0 1 0 0 1
14 14 linear 1 0 141 0 0.001 0.94925695260703991 0.026603471879896881 0.00063489985240220012 0.01416237761262544 -0.0035467040363782189 0.014035397642145 0.5 0.010563711300311822 263.69015328925377 OK 14 13 0.55758600000000003 0.559585 0.113597 0.44142799999999999 0.44383099999999998 0 0.11615800000000004 0.11575400000000002 0.113597 0.012881 0.013278 0.012533000000000001 0.084517000000000023 0.083334000000000047 0.082827000000000012 0.0024360000000000002 0.0026349999999999998 0.0023870000000000002 0.0006820000000000001 0.0006910000000000001 0.00065099999999999999 263.69041276738204 263.69041276738204 263.69041276738204 0.12385624208243287 0.12385624208243287 0.12385624208243287 1 1 1 Converged Converged Converged OK OK OK 59 59 59 59 59 59 5 5 5 0 0 0 0 0 1 0 0
14 14 linear 1 7 141 1 0.001 0.94925695260703991 0.026603471879896881 0.00063489985240220012 0.01416237761262544 -0.0035467040363782189 0.014112689798089616 0.5 0.010486419144367206 234.32148851204403 OK 14 13 0.65654999999999997 0.64002000000000003 0.109749 0.54352599999999995 0.41739999999999999 0 0.11302400000000001 0.22262000000000004 0.109749 0.01209 0.012075000000000001 0.011452 0.086016999999999996 0.19540200000000002 0.083739000000000008 0.0024159999999999997 0.0025229999999999996 0.002408 0.00067400000000000001 0.00065900000000000008 0.00063500000000000004 234.32435086521392 234.32435086521392 234.32435086521392 0.12175575319474882 0.12175575319474882 0.12175575319474882 1 1 1 Converged Converged Converged OK OK OK 59 59 59 59 59 59 5 5 5 0 0 0 0 1 0 0 1
14 14 linear 1 15 141 2 0.001 0.94925695260703991 0.026603471879896881 0.00063489985240220012 0.01416237761262544 -0.0035467040363782189 0.014201023690597748 0.5 0.010398085251859075 198.59842410384817 OK 14 13 0.66136600000000001 0.643235 0.113498 0.54465200000000003 0.41878500000000002 0 0.11671399999999998 0.22444999999999998 0.113498 0.011988 0.012219000000000001 0.011393 0.089636000000000035 0.19684599999999999 0.08754600000000004 0.0025209999999999998 0.0026050000000000001 0.0024779999999999997 0.00065400000000000007 0.00069200000000000002 0.00063400000000000001 198.59870528936378 198.59870528936378 198.59870528936378 0.11980078646896919 0.11980078646896919 0.11980078646896919 1 1 1 Converged Converged Converged OK OK OK 59 59 59 59 59 59 5 5 5 0 0 0 0 1 0 0 1
14 14 linear 1 23 141 3 0.001 0.94925695260703991 0.026603471879896881 0.00063489985240220012 0.01416237761262544 -0.0035467040363782189 0.01428935758310588 0.5 0.010309751359350942 161.23863214036865 OK 14 13 0.54329099999999997 0.53155799999999997 0.111304 0.42891499999999999 0.30044500000000002 0 0.11437599999999998 0.23111299999999996 0.111304 0.012024999999999999 0.012186000000000001 0.011369000000000001 0.087085000000000024 0.20347300000000004 0.085289000000000004 0.0026160000000000003 0.0026980000000000003 0.0024429999999999999 0.00067400000000000001 0.00070200000000000004 0.00067600000000000006 161.2397220918761 161.2397220918761 161.2397220918761 0.11838243821735644 0.11838243821735644 0.11838243821735644 1 1 1 Converged Converged Converged OK OK OK 59 59 59 59 59 59 5 5 5 0 0 0 0 1 0 0 1
14 14 linear 1 0 141 0 0.0001 0.94925695260703991 0.026603471879896881 0.00063489985240220012 0.01416237761262544 -0.0035467040363782189 0.014035397642145 0.5 0.010563711300311822 263.69015328925377 OK 14 13 0.61606899999999998 0.606433 0.16534799999999999 0.44192300000000001 0.43752799999999997 0 0.17414599999999997 0.16890500000000003 0.16534799999999999 0.013174 0.015813000000000001 0.012537 0.13179199999999996 0.12509000000000001 0.124804 0.0038700000000000002 0.0038849999999999996 0.0037369999999999999 0.00096199999999999996 0.00093399999999999993 0.00091299999999999997 263.69064925987794 263.69064925987794 263.69064925987794 0.018140108455024184 0.018140108455024184 0.018140108455024184 1 1 1 Converged Converged Converged OK OK OK 83 83 83 83 83 83 5 5 5 0 0 0 0 0 1 0 0
14 14 linear 1 7 141 1 0.0001 0.94925695260703991 0.026603471879896881 0.00063489985240220012 0.01416237761262544 -0.0035467040363782189 0.014112689798089616 0.5 0.010486419144367206 234.32148851204403 OK 14 13 0.71185799999999999 0.72577899999999995 0.15493899999999999 0.55099799999999999 0.41543099999999999 0 0.16086 0.31034799999999996 0.15493899999999999 0.012194 0.012119 0.011461000000000001 0.12573000000000004 0.27541599999999994 0.12137100000000001 0.0039090000000000001 0.0037659999999999998 0.0037719999999999997 0.00092199999999999997 0.00092499999999999993 0.00091600000000000015 234.32458721620449 234.32458721620449 234.32458721620449 0.015522954066145614 0.015522954066145614 0.015522954066145614 1 1 1 Converged Converged Converged OK OK OK 83 83 83 83 83 83 5 5 5 0 0 0 0 1 0 0 1
14 14 linear 1 15 141 2 0.0001 0.94925695260703991 0.026603471879896881 0.00063489985240220012 0.01416237761262544 -0.0035467040363782189 0.014201023690597748 0.5 0.010398085251859075 198.59842410384817 OK 14 13 0.70638900000000004 0.72751399999999999 0.159775 0.54083499999999995 0.41885600000000001 0 0.16555400000000009 0.30865799999999999 0.159775 0.012038999999999999 0.012141000000000001 0.011302 0.130663 0.27307199999999998 0.12632999999999997 0.0038620000000000008 0.0039629999999999995 0.0038379999999999998 0.00090099999999999989 0.00091700000000000006 0.00086699999999999993 198.59894147870696 198.59894147870696 198.59894147870696 0.012970397531172927 0.012970397531172927 0.012970397531172927 1 1 1 Converged Converged Converged OK OK OK 83 83 83 83 83 83 5 5 5 0 0 0 0 1 0 0 1
14 14 linear 1 23 141 3 0.0001 0.94925695260703991 0.026603471879896881 0.00063489985240220012 0.01416237761262544 -0.0035467040363782189 0.01428935758310588 0.5 0.010309751359350942 161.23863214036865 OK 14 13 0.59220300000000003 0.62440700000000005 0.15642400000000001 0.42982199999999998 0.301535 0 0.16238100000000005 0.32287200000000005 0.15642400000000001 0.01209 0.012130999999999999 0.011409000000000001 0.12698099999999998 0.28747400000000001 0.12313299999999999 0.0041180000000000001 0.0040729999999999994 0.0037910000000000001 0.00098299999999999993 0.00097599999999999998 0.00094600000000000001 161.2399581196739 161.2399581196739 161.2399581196739 0.01094688339916321 0.01094688339916321 0.01094688339916321 1 1 1 Converged Converged Converged OK OK OK 83 83 83 83 83 83 5 5 5 0 0 0 0 1 0 0 1
14 14 linear 2 0 142 0 0.001 0.94925695260703991 0.026603471879896881 0.00063489985240220012 0.057268366963398536 0.076044384886397573 0.057141386992918097 0.5 -0.032542278050461275 55.942305266027276 OK 15 14 0.46230199999999999 0.45956799999999998 0.167549 0.29099900000000001 0.28631099999999998 0 0.17130299999999998 0.17325699999999999 0.167549 0.014881 0.014814000000000001 0.014482999999999999 0.12273600000000001 0.12468000000000001 0.11976400000000002 0.004764 0.0049940000000000002 0.0047540000000000004 0.00089000000000000006 0.00093099999999999997 0.00089599999999999999 55.942013369984011 55.942013369984011 55.942013369984011 0.054177595725278124 0.054177595725278124 0.054177595725278124 1 1 1 Converged Converged Converged OK OK OK 91 91 91 91 91 91 5 5 5 0 0 0 0 0 1 0 0
14 14 linear 2 7 142 1 0.001 0.94925695260703991 0.026603471879896881 0.00063489985240220012 0.057268366963398536 0.076044384886397573 0.057218679148862708 0.5 -0.032619570206405886 57.932046202489246 OK 15 14 0.44909300000000002 0.51538200000000001 0.16415399999999999 0.28008499999999997 0.19010199999999999 0 0.16900800000000005 0.32528000000000001 0.16415399999999999 0.013816999999999999 0.013668 0.01307 0.12686099999999997 0.28326299999999993 0.12353599999999997 0.0048050000000000002 0.0047650000000000001 0.0046779999999999999 0.00088400000000000002 0.00088399999999999991 0.00089900000000000006 57.931745651245812 57.931745651245812 57.931745651245812 0.05415595046298384 0.05415595046298384 0.05415595046298384 1 1 1 Converged Converged Converged OK OK OK 91 91 91 91 91 91 5 5 5 0 0 0 0 1 0 0 1
14 14 linear 2 15 142 2 0.001 0.94925695260703991 0.026603471879896881 0.00063489985240220012 0.057268366963398536 0.076044384886397573 0.057307013041370841 0.5 -0.032707904098914019 60.685496885540907 OK 15 14 0.44616499999999998 0.52529899999999996 0.16230700000000001 0.27627299999999999 0.16894000000000001 0 0.16989199999999999 0.35635899999999998 0.16230700000000001 0.014359 0.014295 0.013578 0.12748000000000001 0.30963800000000002 0.12079899999999999 0.0047720000000000002 0.0051129999999999995 0.0048649999999999995 0.00087100000000000003 0.00087799999999999998 0.00086799999999999996 60.685178482122865 60.685178482122865 60.685178482122865 0.054131937076342118 0.054131937076342118 0.054131937076342118 1 1 1 Converged Converged Converged OK OK OK 91 91 91 91 91 91 5 5 5 0 0 0 0 1 0 0 1
14 14 linear 2 23 142 3 0.001 0.94925695260703991 0.026603471879896881 0.00063489985240220012 0.057268366963398536 0.076044384886397573 0.057395346933878974 0.5 -0.032796237991422152 64.32781097434183 OK 15 14 0.47484799999999999 0.55807899999999999 0.163128 0.30390099999999998 0.210509 0 0.17094700000000002 0.34756999999999999 0.163128 0.014234999999999999 0.014459 0.013746 0.12854699999999999 0.30432599999999999 0.121617 0.0047610000000000005 0.0052310000000000004 0.0047530000000000003 0.00097199999999999999 0.00096600000000000006 0.00097300000000000012 64.327449324639133 64.327449324639133 64.327449324639133 0.054109889923336978 0.054109889923336978 0.054109889923336978 1 1 1 Converged Converged Converged OK OK OK 91 91 91 91 91 91 5 5 5 0 0 0 0 1 0 0 1
14 14 linear 2 0 142 0 0.0001 0.94925695260703991 0.026603471879896881 0.00063489985240220012 0.057268366963398536 0.076044384886397573 0.057141386992918097 0.5 -0.032542278050461275 55.942305266027276 OK 15 14 0.50860000000000005 0.50444900000000004 0.215364 0.28800599999999998 0.28872900000000001 0 0.22059400000000007 0.21572000000000002 0.215364 0.014962 0.014912 0.014411 0.15692799999999993 0.15295500000000004 0.15270299999999998 0.0066850000000000008 0.006483 0.0067649999999999993 0.001325 0.001333 0.0013579999999999998 55.942271126857754 55.942271126857754 55.942271126857754 0.00052035354826497247 0.00052035354826497247 0.00052035354826497247 1 1 1 Converged Converged Converged OK OK OK 123 123 123 123 123 123 5 5 5 0 0 0 0 0 1 0 0
14 14 linear 2 7 142 1 0.0001 0.94925695260703991 0.026603471879896881 0.00063489985240220012 0.057268366963398536 0.076044384886397573 0.057218679148862708 0.5 -0.032619570206405886 57.932046202489246 OK 15 14 0.49743100000000001 0.62487899999999996 0.206376 0.28517300000000001 0.18984400000000001 0 0.212258 0.43503499999999995 0.206376 0.013934 0.013780000000000001 0.013141 0.160048 0.382712 0.15552400000000005 0.0066820000000000013 0.0065610000000000009 0.0065539999999999999 0.0013129999999999999 0.0013179999999999999 0.0012959999999999998 57.932003291633251 57.932003291633251 57.932003291633251 0.00052115779675596975 0.00052115779675596975 0.00052115779675596975 1 1 1 Converged Converged Converged OK OK OK 123 123 123 123 123 123 5 5 5 0 0 0 0 1 0 0 1
14 14 linear 2 15 142 2 0.0001 0.94925695260703991 0.026603471879896881 0.00063489985240220012 0.057268366963398536 0.076044384886397573 0.057307013041370841 0.5 -0.032707904098914019 60.685496885540907 OK 15 14 0.48830899999999999 0.63474200000000003 0.20727799999999999 0.27933200000000002 0.16850999999999999 0 0.20897699999999997 0.46623200000000004 0.20727799999999999 0.014194999999999999 0.014422000000000001 0.013658999999999999 0.15665499999999993 0.4127829999999999 0.15609300000000004 0.0065680000000000001 0.0067720000000000002 0.0064209999999999996 0.0013049999999999997 0.0012940000000000002 0.001304 60.685435989566415 60.685435989566415 60.685435989566415 0.00052277609648655873 0.00052277609648655873 0.00052277609648655873 1 1 1 Converged Converged Converged OK OK OK 123 123 123 123 123 123 5 5 5 0 0 0 0 1 0 0 1
14 14 linear 2 23 142 3 0.0001 0.94925695260703991 0.026603471879896881 0.00063489985240220012 0.057268366963398536 0.076044384886397573 0.057395346933878974 0.5 -0.032796237991422152 64.32781097434183 OK 15 14 0.51926099999999997 0.67466099999999996 0.20987900000000001 0.30594700000000002 0.21660199999999999 0 0.21331399999999995 0.45805899999999999 0.20987900000000001 0.014425 0.014323000000000001 0.013733 0.16006100000000009 0.40488400000000002 0.15837299999999999 0.007045 0.0067539999999999996 0.0065849999999999997 0.0014519999999999997 0.0014330000000000002 0.0014340000000000002 64.327706699336957 64.327706699336957 64.327706699336957 0.00052633407707402408 0.00052633407707402408 0.00052633407707402408 1 1 1 Converged Converged Converged OK OK OK 123 123 123 123 123 123 5 5 5 0 0 0 0 1 0 0 1
14 14 linear 3 0 143 0 0.001 0.94925695260703991 0.026603471879896881 0.00063489985240220012 0.23892868246480936 0.16205461705524926 0.23880170249432892 0.5 -0.2142025935518721 26.1414585567838 OK 15 14 0.45075100000000001 0.44642599999999999 0.165821 0.27968399999999999 0.27989700000000001 0 0.17106700000000002 0.16652899999999998 0.165821 0.014645 0.014024 0.013646999999999999 0.11885900000000002 0.11555500000000003 0.11518699999999998 0.0052509999999999996 0.0052270000000000007 0.0053800000000000002 0.0010350000000000001 0.0010710000000000001 0.0010300000000000001 26.141401119264039 26.141401119264039 26.141401119264039 0.020113293697723286 0.020113293697723286 0.020113293697723286 1 1 1 Converged Converged Converged OK OK OK 99 99 99 99 99 99 5 5 5 0 0 0 0 0 1 0 0
14 14 linear 3 7 143 1 0.001 0.94925695260703991 0.026603471879896881 0.00063489985240220012 0.23892868246480936 0.16205461705524926 0.23887899465027354 0.5 -0.21427988570781673 26.276058786008853 OK 15 14 0.48896099999999998 0.57453600000000005 0.16448399999999999 0.31534600000000002 0.21573400000000001 0 0.17361499999999996 0.35880200000000007 0.16448399999999999 0.013662000000000001 0.013376000000000001 0.012864 0.129218 0.314301 0.12153699999999998 0.0051929999999999997 0.0053550000000000004 0.0051390000000000003 0.0010220000000000001 0.0010330000000000001 0.00101 26.276001080065704 26.276001080065704 26.276001080065704 0.020149664729050311 0.020149664729050311 0.020149664729050311 1 1 1 Converged Converged Converged OK OK OK 99 99 99 99 99 99 5 5 5 0 0 0 0 1 0 0 1
14 14 linear 3 15 143 2 0.001 0.94925695260703991 0.026603471879896881 0.00063489985240220012 0.23892868246480936 0.16205461705524926 0.23896732854278166 0.5 -0.21436821960032484 26.432859229239185 OK 15 14 0.44655 0.52228300000000005 0.16051000000000001 0.28106700000000001 0.17450399999999999 0 0.16548299999999999 0.34777900000000006 0.16051000000000001 0.013495 0.013452 0.012855999999999999 0.121018 0.303035 0.11744499999999997 0.0054599999999999996 0.005365 0.0053660000000000001 0.0011000000000000001 0.0010910000000000002 0.001093 26.432801621279676 26.432801621279676 26.432801621279676 0.02019097261499795 0.02019097261499795 0.02019097261499795 1 1 1 Converged Converged Converged OK OK OK 99 99 99 99 99 99 5 5 5 0 0 0 0 1 0 0 1
14 14 linear 3 23 143 3 0.001 0.94925695260703991 0.026603471879896881 0.00063489985240220012 0.23892868246480936 0.16205461705524926 0.23905566243528981 0.5 -0.21445655349283299 26.592968824441861 OK 15 14 0.441465 0.54533799999999999 0.15944 0.27738200000000002 0.17863499999999999 0 0.16408299999999998 0.366703 0.15944 0.013509 0.013521 0.012714 0.12010799999999996 0.32178499999999999 0.11668199999999995 0.0052420000000000001 0.0054809999999999998 0.0051479999999999998 0.001026 0.0010460000000000001 0.0010040000000000001 26.592910887639459 26.592910887639459 26.592910887639459 0.020231990180892948 0.020231990180892948 0.020231990180892948 1 1 1 Converged Converged Converged OK OK OK 99 99 99 99 99 99 5 5 5 0 0 0 0 1 0 0 1
14 14 linear 3 0 143 0 0.0001 0.94925695260703991 0.026603471879896881 0.00063489985240220012 0.23892868246480936 0.16205461705524926 0.23880170249432892 0.5 -0.2142025935518721 26.1414585567838 OK 15 14 0.50980700000000001 0.50755499999999998 0.22408600000000001 0.27984700000000001 0.28349800000000003 0 0.22996 0.22405699999999995 0.22408600000000001 0.014664 0.014404999999999999 0.0138 0.16022099999999995 0.15496699999999999 0.15548200000000018 0.0076040000000000005 0.0074509999999999993 0.0076499999999999997 0.0014710000000000001 0.0014499999999999997 0.001475 26.141442880113669 26.141442880113669 26.141442880113669 8.7910065350133444e-05 8.7910065350133444e-05 8.7910065350133444e-05 1 1 1 Converged Converged Converged OK OK OK 139 139 139 139 139 139 5 5 5 0 0 0 0 0 1 0 0
14 14 linear 3 7 143 1 0.0001 0.94925695260703991 0.026603471879896881 0.00063489985240220012 0.23892868246480936 0.16205461705524926 0.23887899465027354 0.5 -0.21427988570781673 26.276058786008853 OK 15 14 0.538933 0.71238699999999999 0.21657799999999999 0.31559399999999999 0.21587300000000001 0 0.22333900000000001 0.49651400000000001 0.21657799999999999 0.013545 0.013637 0.012862 0.166327 0.43882499999999991 0.161053 0.0075769999999999995 0.0077760000000000008 0.00745 0.0014550000000000001 0.0014350000000000001 0.0014020000000000003 26.276042812643521 26.276042812643521 26.276042812643521 8.7969815693692195e-05 8.7969815693692195e-05 8.7969815693692195e-05 1 1 1 Converged Converged Converged OK OK OK 139 139 139 139 139 139 5 5 5 0 0 0 0 1 0 0 1
14 14 linear 3 15 143 2 0.0001 0.94925695260703991 0.026603471879896881 0.00063489985240220012 0.23892868246480936 0.16205461705524926 0.23896732854278166 0.5 -0.21436821960032484 26.432859229239185 OK 15 14 0.50214300000000001 0.66242599999999996 0.21829899999999999 0.280331 0.17727899999999999 0 0.22181200000000001 0.48514699999999999 0.21829899999999999 0.013443999999999999 0.013491 0.012808 0.16520700000000005 0.42748999999999993 0.15972800000000009 0.0075049999999999987 0.0077960000000000008 0.010581999999999999 0.0014989999999999997 0.0015289999999999998 0.001485 26.432843321583771 26.432843321583771 26.432843321583771 8.8043902346917114e-05 8.8043902346917114e-05 8.8043902346917114e-05 1 1 1 Converged Converged Converged OK OK OK 139 139 139 139 139 139 5 5 5 0 0 0 0 1 0 0 1
14 14 linear 3 23 143 3 0.0001 0.94925695260703991 0.026603471879896881 0.00063489985240220012 0.23892868246480936 0.16205461705524926 0.23905566243528981 0.5 -0.21445655349283299 26.592968824441861 OK 15 14 0.49458099999999999 0.69231100000000001 0.21346300000000001 0.27503899999999998 0.185002 0 0.21954200000000001 0.50730900000000001 0.21346300000000001 0.013506000000000001 0.013672 0.012818 0.16303399999999998 0.44930999999999988 0.15838299999999997 0.0074590000000000012 0.0077780000000000011 0.0072789999999999999 0.0014279999999999996 0.0014549999999999999 0.0014140000000000001 26.59295255571018 26.59295255571018 26.59295255571018 8.812457493966635e-05 8.812457493966635e-05 8.812457493966635e-05 1 1 1 Converged Converged Converged OK OK OK 139 139 139 139 139 139 5 5 5 0 0 0 0 1 0 0 1
14 14 linear 4 0 144 0 0.001 0.94925695260703991 0.026603471879896881 0.00063489985240220012 0.016447014569528965 0.002121253254330989 0.016320034599048527 0.5 0.0082790743434082957 65.333645083982461 OK 13 12 0.58747499999999997 0.582036 0.085718000000000003 0.49863200000000002 0.495336 0 0.08884299999999995 0.086699999999999999 0.085718000000000003 0.0096439999999999998 0.0094999999999999998 0.0090740000000000005 0.06338000000000002 0.061843999999999996 0.061486000000000013 0.0023990000000000001 0.0023380000000000002 0.0022170000000000002 0.00044799999999999999 0.00048300000000000003 0.00043399999999999998 65.33333687719157 65.33333687719157 65.33333687719157 0.047412061549540967 0.047412061549540967 0.047412061549540967 1 1 1 Converged Converged Converged OK OK OK 45 45 45 45 45 45 3 3 3 0 0 0 0 0 1 0 0
14 14 linear 4 7 144 1 0.001 0.94925695260703991 0.026603471879896881 0.00063489985240220012 0.016447014569528965 0.002121253254330989 0.016397326754993141 0.5 0.0082017821874636812 66.171531565167896 OK 13 12 0.63507599999999997 0.59544399999999997 0.087939000000000003 0.54418800000000001 0.41897600000000002 0 0.090887999999999969 0.17646799999999996 0.087939000000000003 0.0087799999999999996 0.0088850000000000005 0.0083759999999999998 0.067986000000000019 0.15329500000000001 0.065923000000000023 0.0023 0.0022309999999999999 0.0022160000000000001 0.00044999999999999999 0.00044599999999999994 0.00043199999999999998 66.171225195283895 66.171225195283895 66.171225195283895 0.047391690347014147 0.047391690347014147 0.047391690347014147 1 1 1 Converged Converged Converged OK OK OK 45 45 45 45 45 45 3 3 3 0 0 0 0 1 0 0 1
14 14 linear 4 15 144 2 0.001 0.94925695260703991 0.026603471879896881 0.00063489985240220012 0.016447014569528965 0.002121253254330989 0.016485660647501274 0.5 0.0081134482949555484 67.143386974045498 OK 13 12 0.58510200000000001 0.53871599999999997 0.084949999999999998 0.49709900000000001 0.37541000000000002 0 0.088002999999999998 0.16330599999999995 0.084949999999999998 0.0087980000000000003 0.0089320000000000007 0.0083040000000000006 0.064924999999999997 0.13979800000000001 0.063104999999999994 0.0022960000000000003 0.0024889999999999999 0.002183 0.00046900000000000002 0.000486 0.00043300000000000001 67.14307866387189 67.14307866387189 67.14307866387189 0.047368429390024593 0.047368429390024593 0.047368429390024593 1 1 1 Converged Converged Converged OK OK OK 45 45 45 45 45 45 3 3 3 0 0 0 0 1 0 0 1
14 14 linear 4 23 144 3 0.001 0.94925695260703991 0.026603471879896881 0.00063489985240220012 0.016447014569528965 0.002121253254330989 0.016573994540009403 0.5 0.008025114402447419 68.130081467806249 OK 13 12 0.63068400000000002 0.57875900000000002 0.086958999999999995 0.54119700000000004 0.41476200000000002 0 0.089486999999999983 0.163997 0.086958999999999995 0.0088109999999999994 0.0088719999999999997 0.0082410000000000001 0.066700000000000023 0.14089399999999996 0.065180999999999989 0.0022409999999999999 0.002349 0.0021640000000000001 0.00044900000000000002 0.00044799999999999999 0.00044399999999999995 68.129774815601237 68.129774815601237 68.129774815601237 0.047345190358516039 0.047345190358516039 0.047345190358516039 1 1 1 Converged Converged Converged OK OK OK 45 45 45 45 45 45 3 3 3 0 0 0 0 1 0 0 1
14 14 linear 4 0 144 0 0.0001 0.94925695260703991 0.026603471879896881 0.00063489985240220012 0.016447014569528965 0.002121253254330989 0.016320034599048527 0.5 0.0082790743434082957 65.333645083982461 OK 13 12 0.62392300000000001 0.61799999999999999 0.121227 0.49850499999999998 0.49538900000000002 0 0.12541800000000003 0.12261099999999997 0.121227 0.0097370000000000009 0.0094889999999999992 0.0091540000000000007 0.093239000000000002 0.091267000000000043 0.09055500000000001 0.0031899999999999997 0.0031559999999999995 0.0031199999999999999 0.00073900000000000007 0.00068800000000000003 0.00068199999999999999 65.333613973131975 65.333613973131975 65.333613973131975 0.00055460899053792637 0.00055460899053792637 0.00055460899053792637 1 1 1 Converged Converged Converged OK OK OK 61 61 61 61 61 61 3 3 3 0 0 0 0 0 1 0 0
14 14 linear 4 7 144 1 0.0001 0.94925695260703991 0.026603471879896881 0.00063489985240220012 0.016447014569528965 0.002121253254330989 0.016397326754993141 0.5 0.0082017821874636812 66.171531565167896 OK 13 12 0.66809499999999999 0.63884600000000002 0.12622 0.54161300000000001 0.41696499999999997 0 0.12648199999999998 0.22188100000000005 0.12622 0.0088369999999999994 0.0088360000000000001 0.0084279999999999997 0.098467000000000013 0.19361600000000001 0.097596000000000016 0.003117 0.0032519999999999997 0.0032539999999999999 0.00069700000000000014 0.000687 0.00068000000000000005 66.17150217216097 66.17150217216097 66.17150217216097 0.00055437663540416719 0.00055437663540416719 0.00055437663540416719 1 1 1 Converged Converged Converged OK OK OK 61 61 61 61 61 61 3 3 3 0 0 0 0 1 0 0 1
14 14 linear 4 15 144 2 0.0001 0.94925695260703991 0.026603471879896881 0.00063489985240220012 0.016447014569528965 0.002121253254330989 0.016485660647501274 0.5 0.0081134482949555484 67.143386974045498 OK 13 12 0.61607100000000004 0.58740300000000001 0.12131500000000001 0.49404300000000001 0.37309100000000001 0 0.12202800000000003 0.214312 0.12131500000000001 0.0088070000000000006 0.0087980000000000003 0.0082400000000000008 0.09417799999999997 0.18624899999999997 0.094609999999999972 0.003143 0.0031939999999999998 0.0030129999999999996 0.00068900000000000005 0.00070399999999999998 0.00067600000000000006 67.143355504791828 67.143355504791828 67.143355504791828 0.00055411200267207724 0.00055411200267207724 0.00055411200267207724 1 1 1 Converged Converged Converged OK OK OK 61 61 61 61 61 61 3 3 3 0 0 0 0 1 0 0 1
14 14 linear 4 23 144 3 0.0001 0.94925695260703991 0.026603471879896881 0.00063489985240220012 0.016447014569528965 0.002121253254330989 0.016573994540009403 0.5 0.008025114402447419 68.130081467806249 OK 13 12 0.66361499999999995 0.62163800000000002 0.119864 0.540377 0.41334700000000002 0 0.12323799999999996 0.208291 0.119864 0.0087299999999999999 0.0089110000000000005 0.0082179999999999996 0.095605999999999997 0.18006499999999992 0.093050000000000008 0.0031359999999999999 0.0032020000000000004 0.0031159999999999998 0.00068800000000000003 0.00071000000000000013 0.000669 68.130051520686862 68.130051520686862 68.130051520686862 0.00055384850886029181 0.00055384850886029181 0.00055384850886029181 1 1 1 Converged Converged Converged OK OK OK 61 61 61 61 61 61 3 3 3 0 0 0 0 1 0 0 1
14 14 uniform 0 0 145 0 0.001 0.94925695260703991 0.026603471879896881 0.00063489985240220012 0.017087051342370235 -0.032726768855008005 0.016960071371889797 0 0.0076390375705670255 151.87322541618241 OK 14 13 0.49677500000000002 0.49183500000000002 0.106116 0.39003199999999999 0.38494499999999998 0 0.10674300000000003 0.10689000000000004 0.106116 0.013024000000000001 0.012916 0.012581999999999999 0.073631000000000016 0.07388699999999998 0.073230000000000031 0.0025759999999999997 0.0025929999999999998 0.0026300000000000004 0.00066 0.00066299999999999996 0.00066200000000000005 151.87316682451629 151.87316682451629 151.87316682451629 0.059229740733071939 0.059229740733071939 0.059229740733071939 1 1 1 Converged Converged Converged OK OK OK 66 66 66 66 66 66 6 6 6 0 0 0 0 0 1 0 0
14 14 uniform 0 7 145 1 0.001 0.94925695260703991 0.026603471879896881 0.00063489985240220012 0.017087051342370235 -0.032726768855008005 0.017037363527834411 0 0.007561745414622411 145.03739917907504 OK 14 13 0.55316699999999996 0.57722799999999996 0.096153000000000002 0.454152 0.35139900000000002 0 0.099014999999999964 0.22582899999999995 0.096153000000000002 0.012153000000000001 0.011982 0.011439 0.070169000000000009 0.19791800000000001 0.069227999999999984 0.0028800000000000002 0.0026629999999999996 0.0025659999999999997 0.00063299999999999999 0.00064700000000000001 0.00063200000000000007 145.03734020541546 145.03734020541546 145.03734020541546 0.057778076159120742 0.057778076159120742 0.057778076159120742 1 1 1 Converged Converged Converged OK OK OK 66 66 66 66 66 66 6 6 6 0 0 0 0 1 0 0 1
14 14 uniform 0 15 145 2 0.001 0.94925695260703991 0.026603471879896881 0.00063489985240220012 0.017087051342370235 -0.032726768855008005 0.017125697420342544 0 0.0074734115221142781 135.79818694937765 OK 14 13 0.47680600000000001 0.52038300000000004 0.095417000000000002 0.38004300000000002 0.284244 0 0.096762999999999988 0.23613900000000004 0.095417000000000002 0.01167 0.011707 0.01116 0.069170000000000023 0.20811399999999999 0.068852999999999998 0.0025349999999999999 0.0026710000000000002 0.0024879999999999998 0.00069299999999999993 0.00071400000000000001 0.00065499999999999998 135.79812415425988 135.79812415425988 135.79812415425988 0.05635608202765377 0.05635608202765377 0.05635608202765377 1 1 1 Converged Converged Converged OK OK OK 66 66 66 66 66 66 6 6 6 0 0 0 0 1 0 0 1
14 14 uniform 0 23 145 3 0.001 0.94925695260703991 0.026603471879896881 0.00063489985240220012 0.017087051342370235 -0.032726768855008005 0.017214031312850674 0 0.0073850776296061488 125.17045046897857 OK 14 13 0.46154200000000001 0.48859599999999997 0.095765000000000003 0.36396600000000001 0.275557 0 0.097575999999999996 0.21303899999999998 0.095765000000000003 0.011965 0.012141000000000001 0.011354 0.069589000000000012 0.18465400000000001 0.069184999999999983 0.0026019999999999997 0.0026949999999999999 0.0024300000000000003 0.00066399999999999999 0.00070500000000000011 0.00061700000000000004 125.17038808249985 125.17038808249985 125.17038808249985 0.055220981939127695 0.055220981939127695 0.055220981939127695 1 1 1 Converged Converged Converged OK OK OK 66 66 66 66 66 66 6 6 6 0 0 0 0 1 0 0 1
14 14 uniform 0 0 145 0 0.0001 0.94925695260703991 0.026603471879896881 0.00063489985240220012 0.017087051342370235 -0.032726768855008005 0.016960071371889797 0 0.0076390375705670255 151.87322541618241 OK 14 13 0.51422199999999996 0.51632500000000003 0.12520200000000001 0.38839000000000001 0.391185 0 0.12583199999999994 0.12514000000000003 0.12520200000000001 0.012991000000000001 0.012860999999999999 0.012645999999999999 0.085147 0.08525099999999998 0.085213999999999984 0.0035030000000000005 0.0034449999999999997 0.0034220000000000001 0.00094499999999999998 0.00097300000000000002 0.00097400000000000004 151.87322644203411 151.87322644203411 151.87322644203411 0.011741496012126588 0.011741496012126588 0.011741496012126588 1 1 1 Converged Converged Converged OK OK OK 82 82 82 82 82 82 6 6 6 0 0 0 0 0 1 0 0
14 14 uniform 0 7 145 1 0.0001 0.94925695260703991 0.026603471879896881 0.00063489985240220012 0.017087051342370235 -0.032726768855008005 0.017037363527834411 0 0.007561745414622411 145.03739917907504 OK 14 13 0.568079 0.60920600000000003 0.11221399999999999 0.454482 0.35400700000000002 0 0.113597 0.25519900000000001 0.11221399999999999 0.011957000000000001 0.011965999999999999 0.011455999999999999 0.080677999999999986 0.22219399999999995 0.080452999999999997 0.0033810000000000003 0.0034949999999999998 0.003336 0.00088000000000000014 0.00088800000000000012 0.0009059999999999999 145.03739979540185 145.03739979540185 145.03739979540185 0.010311774808663189 0.010311774808663189 0.010311774808663189 1 1 1 Converged Converged Converged OK OK OK 82 82 82 82 82 82 6 6 6 0 0 0 0 1 0 0 1
14 14 uniform 0 15 145 2 0.0001 0.94925695260703991 0.026603471879896881 0.00063489985240220012 0.017087051342370235 -0.032726768855008005 0.017125697420342544 0 0.0074734115221142781 135.79818694937765 OK 14 13 0.48604999999999998 0.55030999999999997 0.111439 0.37269600000000003 0.28926800000000003 0 0.11335399999999995 0.26104199999999994 0.111439 0.01174 0.011721000000000001 0.011157 0.080621000000000026 0.228299 0.079968999999999985 0.0033760000000000001 0.0035479999999999999 0.003271 0.00096700000000000009 0.00096299999999999999 0.00096500000000000004 135.79818371281152 135.79818371281152 135.79818371281152 0.0089148351034653833 0.0089148351034653833 0.0089148351034653833 1 1 1 Converged Converged Converged OK OK OK 82 82 82 82 82 82 6 6 6 0 0 0 0 1 0 0 1
14 14 uniform 0 23 145 3 0.0001 0.94925695260703991 0.026603471879896881 0.00063489985240220012 0.017087051342370235 -0.032726768855008005 0.017214031312850674 0 0.0073850776296061488 125.17045046897857 OK 14 13 0.479852 0.51787300000000003 0.112592 0.36417300000000002 0.27506199999999997 0 0.11567899999999998 0.24281100000000005 0.112592 0.011955 0.012246999999999999 0.011483999999999999 0.082630999999999968 0.20914499999999997 0.081000000000000044 0.003431 0.0035589999999999997 0.0032810000000000001 0.00095399999999999999 0.00095300000000000007 0.00090999999999999989 125.17044760964843 125.17044760964843 125.17044760964843 0.007804764172233844 0.007804764172233844 0.007804764172233844 1 1 1 Converged Converged Converged OK OK OK 82 82 82 82 82 82 6 6 6 0 0 0 0 1 0 0 1
14 14 uniform 1 0 146 0 0.001 0.94925695260703991 0.026603471879896881 0.00063489985240220012 0.01416237761262544 -0.0035467040363782189 0.014035397642145 0 0.010563711300311822 263.53436324540928 OK 14 13 0.53872500000000001 0.540377 0.10077800000000001 0.43724000000000002 0.43859500000000001 0 0.10148499999999999 0.10178199999999998 0.10077800000000001 0.012935 0.012905 0.012522999999999999 0.070697999999999983 0.07098199999999999 0.070349000000000009 0.0023180000000000002 0.0023230000000000004 0.0023079999999999997 0.00059199999999999997 0.00059099999999999995 0.00059299999999999999 263.5343085833581 263.5343085833581 263.5343085833581 0.064108904404128988 0.064108904404128988 0.064108904404128988 1 1 1 Converged Converged Converged OK OK OK 59 59 59 59 59 59 5 5 5 0 0 0 0 0 1 0 0
14 14 uniform 1 7 146 1 0.001 0.94925695260703991 0.026603471879896881 0.00063489985240220012 0.01416237761262544 -0.0035467040363782189 0.014112689798089616 0 0.010486419144367206 237.83024745272317 OK 14 13 0.64120299999999997 0.625386 0.097209000000000004 0.54213999999999996 0.41681000000000001 0 0.099063000000000012 0.20857599999999998 0.097209000000000004 0.012107 0.01206 0.011370999999999999 0.072255000000000014 0.18190499999999993 0.071629999999999985 0.0023479999999999998 0.0023439999999999997 0.0022889999999999998 0.00059400000000000002 0.00058500000000000002 0.00059299999999999999 237.83019050326556 237.83019050326556 237.83019050326556 0.063503157554339371 0.063503157554339371 0.063503157554339371 1 1 1 Converged Converged Converged OK OK OK 59 59 59 59 59 59 5 5 5 0 0 0 0 1 0 0 1
14 14 uniform 1 15 146 2 0.001 0.94925695260703991 0.026603471879896881 0.00063489985240220012 0.01416237761262544 -0.0035467040363782189 0.014201023690597748 0 0.010398085251859075 205.99941405601018 OK 14 13 0.64477499999999999 0.62915699999999997 0.101185 0.54159299999999999 0.41823500000000002 0 0.103182 0.21092199999999994 0.101185 0.012019999999999999 0.012153000000000001 0.011301 0.076076999999999992 0.18357599999999999 0.075749000000000039 0.0024610000000000001 0.0025210000000000007 0.002359 0.00058599999999999993 0.000602 0.00057499999999999999 205.99935457796951 205.99935457796951 205.99935457796951 0.062833837501233739 0.062833837501233739 0.062833837501233739 1 1 1 Converged Converged Converged OK OK OK 59 59 59 59 59 59 5 5 5 0 0 0 0 1 0 0 1
14 14 uniform 1 23 146 3 0.001 0.94925695260703991 0.026603471879896881 0.00063489985240220012 0.01416237761262544 -0.0035467040363782189 0.01428935758310588 0 0.010309751359350942 171.64649267677302 OK 14 13 0.53126600000000002 0.51414400000000005 0.098757999999999999 0.430176 0.29972199999999999 0 0.10109000000000001 0.21442200000000006 0.098757999999999999 0.012037000000000001 0.012093 0.011436 0.074275999999999967 0.18754199999999996 0.07340300000000001 0.0023760000000000001 0.0024400000000000003 0.0022550000000000001 0.00058799999999999998 0.000602 0.00057799999999999995 171.64643826932027 171.64643826932027 171.64643826932027 0.062212109410107283 0.062212109410107283 0.062212109410107283 1 1 1 Converged Converged Converged OK OK OK 59 59 59 59 59 59 5 5 5 0 0 0 0 1 0 0 1
14 14 uniform 1 0 146 0 0.0001 0.94925695260703991 0.026603471879896881 0.00063489985240220012 0.01416237761262544 -0.0035467040363782189 0.014035397642145 0 0.010563711300311822 263.53436324540928 OK 14 13 0.56580699999999995 0.56718000000000002 0.125273 0.438475 0.44126900000000002 0 0.12733199999999995 0.125911 0.125273 0.012872 0.012928 0.012643 0.092522999999999966 0.091597000000000026 0.091179999999999997 0.0028359999999999995 0.0027629999999999998 0.0027499999999999998 0.00079400000000000011 0.00076400000000000003 0.000767 263.53435785613914 263.53435785613914 263.53435785613914 0.024857510946555004 0.024857510946555004 0.024857510946555004 1 1 1 Converged Converged Converged OK OK OK 67 67 67 67 67 67 5 5 5 0 0 0 0 0 1 0 0
14 14 uniform 1 7 146 1 0.0001 0.94925695260703991 0.026603471879896881 0.00063489985240220012 0.01416237761262544 -0.0035467040363782189 0.014112689798089616 0 0.010486419144367206 237.83024745272317 OK 14 13 0.68141700000000005 0.71588200000000002 0.138847 0.54110800000000003 0.41258099999999998 0 0.14030900000000002 0.30330100000000004 0.138847 0.012104 0.012182999999999999 0.011448 0.105045 0.26744400000000007 0.10486600000000001 0.003604 0.0036870000000000002 0.0035240000000000002 0.00083700000000000007 0.00087900000000000012 0.0008740000000000001 237.83023974500006 237.83023974500006 237.83023974500006 0.010682125555635082 0.010682125555635082 0.010682125555635082 1 1 1 Converged Converged Converged OK OK OK 83 83 83 83 83 83 5 5 5 0 0 0 0 1 0 0 1
14 14 uniform 1 15 146 2 0.0001 0.94925695260703991 0.026603471879896881 0.00063489985240220012 0.01416237761262544 -0.0035467040363782189 0.014201023690597748 0 0.010398085251859075 205.99941405601018 OK 14 13 0.68781099999999995 0.71704500000000004 0.14247199999999999 0.54299200000000003 0.427124 0 0.14481899999999992 0.28992100000000004 0.14247199999999999 0.011969 0.012061000000000001 0.011472 0.11078300000000001 0.25500399999999995 0.10958899999999999 0.0036930000000000001 0.0037790000000000002 0.0036160000000000003 0.00085800000000000004 0.00086000000000000009 0.00082799999999999996 205.99940378596438 205.99940378596438 205.99940378596438 0.009919861992299963 0.009919861992299963 0.009919861992299963 1 1 1 Converged Converged Converged OK OK OK 83 83 83 83 83 83 5 5 5 0 0 0 0 1 0 0 1
14 14 uniform 1 23 146 3 0.0001 0.94925695260703991 0.026603471879896881 0.00063489985240220012 0.01416237761262544 -0.0035467040363782189 0.01428935758310588 0 0.010309751359350942 171.64649267677302 OK 14 13 0.57061099999999998 0.60498799999999997 0.138817 0.43011300000000002 0.300288 0 0.14049799999999996 0.30469999999999997 0.138817 0.012043999999999999 0.012120000000000001 0.011342 0.10640700000000004 0.26990400000000003 0.10600699999999998 0.0035510000000000003 0.003833 0.0035269999999999998 0.00085700000000000001 0.00085500000000000007 0.00082599999999999991 171.64648744359761 171.64648744359761 171.64648744359761 0.0092042020595808974 0.0092042020595808974 0.0092042020595808974 1 1 1 Converged Converged Converged OK OK OK 83 83 83 83 83 83 5 5 5 0 0 0 0 1 0 0 1
14 14 uniform 2 0 147 0 0.001 0.94925695260703991 0.026603471879896881 0.00063489985240220012 0.057268366963398536 0.076044384886397573 0.057141386992918097 0 -0.032542278050461275 56.265453441450482 OK 15 14 0.40171800000000002 0.40458300000000003 0.113278 0.28728900000000002 0.29048499999999999 0 0.114429 0.11409800000000003 0.113278 0.015177 0.014808 0.014473 0.074339000000000016 0.07447200000000001 0.074244999999999978 0.0032760000000000003 0.0033010000000000001 0.0032209999999999999 0.00077200000000000012 0.00078100000000000001 0.00078200000000000014 56.2654395302254 56.2654395302254 56.2654395302254 0.049834628590088748 0.049834628590088748 0.049834628590088748 1 1 1 Converged Converged Converged OK OK OK 67 67 67 67 67 67 5 5 5 0 0 0 0 0 1 0 0
14 14 uniform 2 7 147 1 0.001 0.94925695260703991 0.026603471879896881 0.00063489985240220012 0.057268366963398536 0.076044384886397573 0.057218679148862708 0 -0.032619570206405886 58.337323434002236 OK 15 14 0.39412799999999998 0.395264 0.109317 0.27998800000000001 0.189197 0 0.11413999999999996 0.206067 0.109317 0.013849 0.013816999999999999 0.013143999999999999 0.079623999999999986 0.17160300000000003 0.076081999999999997 0.0032799999999999999 0.0032420000000000001 0.0031459999999999999 0.00078100000000000001 0.00075299999999999998 0.00077099999999999998 58.337309019099621 58.337309019099621 58.337309019099621 0.055568948573393173 0.055568948573393173 0.055568948573393173 1 1 1 Converged Converged Converged OK OK OK 67 67 67 67 67 67 5 5 5 0 0 0 0 1 0 0 1
14 14 uniform 2 15 147 2 0.001 0.94925695260703991 0.026603471879896881 0.00063489985240220012 0.057268366963398536 0.076044384886397573 0.057307013041370841 0 -0.032707904098914019 61.238296881778069 OK 15 14 0.40609200000000001 0.470688 0.13059699999999999 0.27750999999999998 0.166686 0 0.12858200000000003 0.30400199999999999 0.13059699999999999 0.014203 0.014283000000000001 0.013554 0.088057000000000024 0.26249800000000001 0.087894 0.004071 0.0042299999999999994 0.0040639999999999999 0.00090499999999999999 0.00089499999999999996 0.00091700000000000006 61.238283394715715 61.238283394715715 61.238283394715715 0.038288301375870769 0.038288301375870769 0.038288301375870769 1 1 1 Converged Converged Converged OK OK OK 83 83 83 83 83 83 5 5 5 0 0 0 0 1 0 0 1
14 14 uniform 2 23 147 3 0.001 0.94925695260703991 0.026603471879896881 0.00063489985240220012 0.057268366963398536 0.076044384886397573 0.057395346933878974 0 -0.032796237991422152 65.167853758431406 OK 15 14 0.44366499999999998 0.534219 0.138431 0.30280000000000001 0.20988200000000001 0 0.14086499999999996 0.32433699999999999 0.138431 0.014246 0.014551 0.013661 0.097226000000000035 0.27975699999999998 0.096292000000000016 0.004823 0.0048479999999999999 0.0044889999999999999 0.000901 0.00087900000000000001 0.00088600000000000007 65.167799742816527 65.167799742816527 65.167799742816527 0.04492042234663822 0.04492042234663822 0.04492042234663822 1 1 1 Converged Converged Converged OK OK OK 91 91 91 91 91 91 5 5 5 0 0 0 0 1 0 0 1
14 14 uniform 2 0 147 0 0.0001 0.94925695260703991 0.026603471879896881 0.00063489985240220012 0.057268366963398536 0.076044384886397573 0.057141386992918097 0 -0.032542278050461275 56.265453441450482 OK 15 14 0.45815699999999998 0.45124199999999998 0.16239600000000001 0.28971200000000003 0.28847099999999998 0 0.16844499999999996 0.162771 0.16239600000000001 0.016414000000000002 0.014768 0.014397 0.11058300000000001 0.10756099999999999 0.10762099999999997 0.0055130000000000005 0.0053559999999999997 0.0053629999999999997 0.0011649999999999998 0.001183 0.0011710000000000002 56.265452305974122 56.265452305974122 56.265452305974122 0.0022035008986740624 0.0022035008986740624 0.0022035008986740624 1 1 1 Converged Converged Converged OK OK OK 107 107 107 107 107 107 5 5 5 0 0 0 0 0 1 0 0
14 14 uniform 2 7 147 1 0.0001 0.94925695260703991 0.026603471879896881 0.00063489985240220012 0.057268366963398536 0.076044384886397573 0.057218679148862708 0 -0.032619570206405886 58.337323434002236 OK 15 14 0.441861 0.53602099999999997 0.15773000000000001 0.283945 0.19075800000000001 0 0.157916 0.34526299999999999 0.15773000000000001 0.013788999999999999 0.013927999999999999 0.013034 0.111128 0.29829899999999993 0.11201399999999996 0.0054280000000000005 0.0053790000000000001 0.0054390000000000003 0.0011540000000000001 0.001157 0.0011810000000000002 58.337321795128958 58.337321795128958 58.337321795128958 0.0022028999323524504 0.0022028999323524504 0.0022028999323524504 1 1 1 Converged Converged Converged OK OK OK 107 107 107 107 107 107 5 5 5 0 0 0 0 1 0 0 1
14 14 uniform 2 15 147 2 0.0001 0.94925695260703991 0.026603471879896881 0.00063489985240220012 0.057268366963398536 0.076044384886397573 0.057307013041370841 0 -0.032707904098914019 61.238296881778069 OK 15 14 0.43862600000000002 0.54407000000000005 0.15348899999999999 0.28013500000000002 0.16591700000000001 0 0.15849099999999999 0.37815300000000007 0.15348899999999999 0.014566000000000001 0.0144 0.013683000000000001 0.110608 0.33006299999999977 0.10749500000000001 0.0055209999999999999 0.0055200000000000006 0.0052980000000000006 0.0011890000000000002 0.0011440000000000001 0.0011329999999999999 61.238296165711105 61.238296165711105 61.238296165711105 0.0022022659882929528 0.0022022659882929528 0.0022022659882929528 1 1 1 Converged Converged Converged OK OK OK 107 107 107 107 107 107 5 5 5 0 0 0 0 1 0 0 1
14 14 uniform 2 23 147 3 0.0001 0.94925695260703991 0.026603471879896881 0.00063489985240220012 0.057268366963398536 0.076044384886397573 0.057395346933878974 0 -0.032796237991422152 65.167853758431406 OK 15 14 0.46176699999999998 0.57930300000000001 0.15523000000000001 0.30466900000000002 0.211255 0 0.15709799999999996 0.36804800000000004 0.15523000000000001 0.014416 0.014361000000000001 0.013754000000000001 0.10984800000000002 0.32025300000000007 0.10938799999999997 0.0054859999999999996 0.0055840000000000004 0.0052899999999999996 0.0011429999999999999 0.0011769999999999999 0.001111 65.167853378702418 65.167853378702418 65.167853378702418 0.0022020249416498361 0.0022020249416498361 0.0022020249416498361 1 1 1 Converged Converged Converged OK OK OK 107 107 107 107 107 107 5 5 5 0 0 0 0 1 0 0 1
14 14 uniform 3 0 148 0 0.001 0.94925695260703991 0.026603471879896881 0.00063489985240220012 0.23892868246480936 0.16205461705524926 0.23880170249432892 0 -0.2142025935518721 26.212063675843485 OK 15 14 0.385077 0.38462400000000002 0.107986 0.27931800000000001 0.27845399999999998 0 0.10575899999999999 0.10617000000000004 0.107986 0.014479000000000001 0.014626999999999999 0.014252000000000001 0.066663000000000014 0.066719000000000014 0.068891000000000008 0.0032989999999999998 0.0032820000000000002 0.0032979999999999997 0.00075799999999999999 0.00077099999999999988 0.00078399999999999997 26.212054712252154 26.212054712252154 26.212054712252154 0.023010937675828839 0.023010937675828839 0.023010937675828839 1 1 1 Converged Converged Converged OK OK OK 67 67 67 67 67 67 5 5 5 0 0 0 0 0 1 0 0
14 14 uniform 3 7 148 1 0.001 0.94925695260703991 0.026603471879896881 0.00063489985240220012 0.23892868246480936 0.16205461705524926 0.23887899465027354 0 -0.21427988570781673 26.347987859954397 OK 15 14 0.42270799999999997 0.45264199999999999 0.104758 0.31592199999999998 0.212564 0 0.10678599999999999 0.24007799999999999 0.104758 0.013776999999999999 0.013552 0.012808 0.07272499999999997 0.20562100000000005 0.072161999999999976 0.0031819999999999999 0.0033519999999999999 0.0031720000000000003 0.00077099999999999998 0.00076199999999999998 0.00073200000000000001 26.347978899394874 26.347978899394874 26.347978899394874 0.023154958922360663 0.023154958922360663 0.023154958922360663 1 1 1 Converged Converged Converged OK OK OK 67 67 67 67 67 67 5 5 5 0 0 0 0 1 0 0 1
14 14 uniform 3 15 148 2 0.001 0.94925695260703991 0.026603471879896881 0.00063489985240220012 0.23892868246480936 0.16205461705524926 0.23896732854278166 0 -0.21436821960032484 26.506365997018658 OK 15 14 0.384328 0.405721 0.10328 0.27943400000000002 0.17538000000000001 0 0.10489399999999999 0.23034099999999999 0.10328 0.013528999999999999 0.013473000000000001 0.012862 0.07117699999999999 0.19612700000000005 0.070701999999999987 0.0032250000000000004 0.0033370000000000001 0.003153 0.00073400000000000006 0.00077300000000000003 0.00073299999999999993 26.506357039800498 26.506357039800498 26.506357039800498 0.023323536638460898 0.023323536638460898 0.023323536638460898 1 1 1 Converged Converged Converged OK OK OK 67 67 67 67 67 67 5 5 5 0 0 0 0 1 0 0 1
14 14 uniform 3 23 148 3 0.001 0.94925695260703991 0.026603471879896881 0.00063489985240220012 0.23892868246480936 0.16205461705524926 0.23905566243528981 0 -0.21445655349283299 26.668126698092031 OK 15 14 0.38092500000000001 0.40789399999999998 0.10251200000000001 0.276808 0.18257300000000001 0 0.10411700000000002 0.22532099999999997 0.10251200000000001 0.013545 0.013634 0.012793000000000001 0.070289000000000004 0.19089899999999999 0.069848000000000007 0.0032400000000000003 0.0034039999999999999 0.0032739999999999996 0.0007490000000000001 0.00076699999999999989 0.00075699999999999997 26.668117744060556 26.668117744060556 26.668117744060556 0.023496585329606745 0.023496585329606745 0.023496585329606745 1 1 1 Converged Converged Converged OK OK OK 67 67 67 67 67 67 5 5 5 0 0 0 0 1 0 0 1
14 14 uniform 3 0 148 0 0.0001 0.94925695260703991 0.026603471879896881 0.00063489985240220012 0.23892868246480936 0.16205461705524926 0.23880170249432892 0 -0.2142025935518721 26.212063675843485 OK 15 14 0.45730399999999999 0.45882499999999998 0.174707 0.28198699999999999 0.28336800000000001 0 0.175317 0.17545699999999997 0.174707 0.014204 0.014338 0.013729 0.11385099999999999 0.11412600000000001 0.114082 0.0061979999999999995 0.0061590000000000004 0.0062700000000000004 0.0013030000000000001 0.001315 0.0012820000000000002 26.212063379632593 26.212063379632593 26.212063379632593 0.00084650895010481594 0.00084650895010481594 0.00084650895010481594 1 1 1 Converged Converged Converged OK OK OK 123 123 123 123 123 123 5 5 5 0 0 0 0 0 1 0 0
14 14 uniform 3 7 148 1 0.0001 0.94925695260703991 0.026603471879896881 0.00063489985240220012 0.23892868246480936 0.16205461705524926 0.23887899465027354 0 -0.21427988570781673 26.347987859954397 OK 15 14 0.49130400000000002 0.62890500000000005 0.169905 0.31665399999999999 0.21426400000000001 0 0.17465000000000003 0.41464100000000004 0.169905 0.013566 0.013435000000000001 0.012853 0.12334100000000005 0.35945899999999986 0.12020300000000007 0.0061659999999999996 0.0063049999999999998 0.0061069999999999996 0.0012809999999999998 0.0012869999999999999 0.0012779999999999998 26.347987558921115 26.347987558921115 26.347987558921115 0.00084636818255032806 0.00084636818255032806 0.00084636818255032806 1 1 1 Converged Converged Converged OK OK OK 123 123 123 123 123 123 5 5 5 0 0 0 0 1 0 0 1
14 14 uniform 3 15 148 2 0.0001 0.94925695260703991 0.026603471879896881 0.00063489985240220012 0.23892868246480936 0.16205461705524926 0.23896732854278166 0 -0.21436821960032484 26.506365997018658 OK 15 14 0.44855099999999998 0.57373300000000005 0.16667799999999999 0.28052100000000002 0.175457 0 0.16802999999999996 0.39827600000000007 0.16667799999999999 0.013389 0.013520000000000001 0.012843 0.11735499999999995 0.34664600000000007 0.11703999999999999 0.0060880000000000005 0.006215 0.0060499999999999998 0.0012819999999999999 0.0012949999999999999 0.0012670000000000001 26.506365690250298 26.506365690250298 26.506365690250298 0.00084620759840211938 0.00084620759840211938 0.00084620759840211938 1 1 1 Converged Converged Converged OK OK OK 123 123 123 123 123 123 5 5 5 0 0 0 0 1 0 0 1
14 14 uniform 3 23 148 3 0.0001 0.94925695260703991 0.026603471879896881 0.00063489985240220012 0.23892868246480936 0.16205461705524926 0.23905566243528981 0 -0.21445655349283299 26.668126698092031 OK 15 14 0.44310899999999998 0.60169600000000001 0.16667199999999999 0.27506799999999998 0.18077799999999999 0 0.168041 0.42091800000000001 0.16667199999999999 0.013407000000000001 0.013431 0.012822 0.11726499999999997 0.36902499999999999 0.11717300000000001 0.0062270000000000008 0.0064389999999999985 0.0060770000000000008 0.0012779999999999998 0.001284 0.0012519999999999999 26.668126385318438 26.668126385318438 26.668126385318438 0.00084604733856473836 0.00084604733856473836 0.00084604733856473836 1 1 1 Converged Converged Converged OK OK OK 123 123 123 123 123 123 5 5 5 0 0 0 0 1 0 0 1
14 14 uniform 4 0 149 0 0.001 0.94925695260703991 0.026603471879896881 0.00063489985240220012 0.016447014569528965 0.002121253254330989 0.016320034599048527 0 0.0082790743434082957 65.372957562401126 OK 13 12 0.58433299999999999 0.57971499999999998 0.084142999999999996 0.50031800000000004 0.49565399999999998 0 0.084014999999999951 0.084060999999999997 0.084142999999999996 0.0095289999999999993 0.0093869999999999995 0.0093600000000000003 0.061551000000000008 0.06212199999999999 0.062171000000000011 0.001748 0.0017309999999999999 0.001691 0.00044399999999999995 0.00043599999999999997 0.00044000000000000002 65.372954760291506 65.372954760291506 65.372954760291506 0.028460146121805707 0.028460146121805707 0.028460146121805707 1 1 1 Converged Converged Converged OK OK OK 37 37 37 37 37 37 3 3 3 0 0 0 0 0 1 0 0
14 14 uniform 4 7 149 1 0.001 0.94925695260703991 0.026603471879896881 0.00063489985240220012 0.016447014569528965 0.002121253254330989 0.016397326754993141 0 0.0082017821874636812 66.21242591894061 OK 13 12 0.62407800000000002 0.54431499999999999 0.084056000000000006 0.53883199999999998 0.417271 0 0.085246000000000044 0.12704399999999999 0.084056000000000006 0.0087189999999999993 0.0089149999999999993 0.0082760000000000004 0.065079999999999985 0.10674300000000003 0.064731999999999998 0.0016969999999999999 0.0018350000000000003 0.001712 0.00043599999999999997 0.00044200000000000001 0.00042200000000000001 66.212423783177755 66.212423783177755 66.212423783177755 0.028612133927552619 0.028612133927552619 0.028612133927552619 1 1 1 Converged Converged Converged OK OK OK 37 37 37 37 37 37 3 3 3 0 0 0 0 1 0 0 1
14 14 uniform 4 15 149 2 0.001 0.94925695260703991 0.026603471879896881 0.00063489985240220012 0.016447014569528965 0.002121253254330989 0.016485660647501274 0 0.0081134482949555484 67.186152832584753 OK 13 12 0.57504599999999995 0.49169499999999999 0.079358999999999999 0.49396200000000001 0.37279800000000002 0 0.081083999999999934 0.11889699999999997 0.079358999999999999 0.0087690000000000008 0.0088339999999999998 0.0081429999999999992 0.060744000000000006 0.098750999999999978 0.060192000000000023 0.0017470000000000003 0.0017220000000000002 0.001719 0.00046299999999999998 0.000455 0.00042299999999999998 67.186149897668002 67.186149897668002 67.186149897668002 0.028775808769648775 0.028775808769648775 0.028775808769648775 1 1 1 Converged Converged Converged OK OK OK 37 37 37 37 37 37 3 3 3 0 0 0 0 1 0 0 1
14 14 uniform 4 23 149 3 0.001 0.94925695260703991 0.026603471879896881 0.00063489985240220012 0.016447014569528965 0.002121253254330989 0.016573994540009403 0 0.008025114402447419 68.174791496063676 OK 13 12 0.600074 0.51583900000000005 0.058540000000000002 0.53985499999999997 0.41501500000000002 0 0.060219000000000023 0.10082400000000002 0.058540000000000002 0.0088830000000000003 0.0089650000000000007 0.0081550000000000008 0.042250999999999997 0.082778000000000018 0.041791000000000002 0.001343 0.0013599999999999999 0.001284 0.000348 0.00035 0.00032000000000000003 68.174740579925839 68.174740579925839 68.174740579925839 0.067402914672725203 0.067402914672725203 0.067402914672725203 1 1 1 Converged Converged Converged OK OK OK 29 29 29 29 29 29 3 3 3 0 0 0 0 1 0 0 1
14 14 uniform 4 0 149 0 0.0001 0.94925695260703991 0.026603471879896881 0.00063489985240220012 0.016447014569528965 0.002121253254330989 0.016320034599048527 0 0.0082790743434082957 65.372957562401126 OK 13 12 0.60958800000000002 0.60592000000000001 0.108128 0.50042299999999995 0.49618800000000002 0 0.10916500000000007 0.109732 0.108128 0.0093229999999999997 0.0095300000000000003 0.0091129999999999996 0.078178000000000011 0.078855000000000022 0.077807000000000015 0.0030180000000000003 0.0029289999999999997 0.0029840000000000005 0.000687 0.00067799999999999989 0.00068100000000000007 65.372964106276967 65.372964106276967 65.372964106276967 0.00011554263545824414 0.00011554263545824414 0.00011554263545824414 1 1 1 Converged Converged Converged OK OK OK 61 61 61 61 61 61 3 3 3 0 0 0 0 0 1 0 0
14 14 uniform 4 7 149 1 0.0001 0.94925695260703991 0.026603471879896881 0.00063489985240220012 0.016447014569528965 0.002121253254330989 0.016397326754993141 0 0.0082017821874636812 66.21242591894061 OK 13 12 0.65199600000000002 0.62827900000000003 0.109135 0.54101900000000003 0.41918299999999997 0 0.11097699999999999 0.20909600000000006 0.109135 0.0088620000000000001 0.0088299999999999993 0.0082500000000000004 0.08334999999999998 0.18128899999999998 0.082732999999999987 0.002996 0.0030209999999999998 0.0028919999999999996 0.00068600000000000009 0.00068899999999999994 0.00065700000000000003 66.212433133898912 66.212433133898912 66.212433133898912 0.00011549874147691924 0.00011549874147691924 0.00011549874147691924 1 1 1 Converged Converged Converged OK OK OK 61 61 61 61 61 61 3 3 3 0 0 0 0 1 0 0 1
14 14 uniform 4 15 149 2 0.0001 0.94925695260703991 0.026603471879896881 0.00063489985240220012 0.016447014569528965 0.002121253254330989 0.016485660647501274 0 0.0081134482949555484 67.186152832584753 OK 13 12 0.60304199999999997 0.56948600000000005 0.105867 0.49061199999999999 0.37194300000000002 0 0.11242999999999997 0.19754300000000002 0.105867 0.0087539999999999996 0.0089090000000000003 0.0082369999999999995 0.084829999999999975 0.1695529999999999 0.079309000000000046 0.003045 0.0031020000000000002 0.0029369999999999995 0.00068899999999999994 0.000727 0.00066399999999999999 67.18615925396557 67.18615925396557 67.18615925396557 0.00011544929549012802 0.00011544929549012802 0.00011544929549012802 1 1 1 Converged Converged Converged OK OK OK 61 61 61 61 61 61 3 3 3 0 0 0 0 1 0 0 1
14 14 uniform 4 23 149 3 0.0001 0.94925695260703991 0.026603471879896881 0.00063489985240220012 0.016447014569528965 0.002121253254330989 0.016573994540009403 0 0.008025114402447419 68.174791496063676 OK 13 12 0.652142 0.61052499999999998 0.10702399999999999 0.54346799999999995 0.41508499999999998 0 0.10867400000000005 0.19544 0.10702399999999999 0.0087690000000000008 0.0088730000000000007 0.0082830000000000004 0.080998000000000001 0.16750199999999993 0.080436999999999925 0.0030719999999999996 0.0030800000000000003 0.0029729999999999999 0.00069799999999999994 0.0006739999999999999 0.00068099999999999996 68.174798241768855 68.174798241768855 68.174798241768855 0.00011540067762593799 0.00011540067762593799 0.00011540067762593799 1 1 1 Converged Converged Converged OK OK OK 61 61 61 61 61 61 3 3 3 0 0 0 0 1 0 0 1
15 15 linear 0 0 150 0 0.001 0.29716123773913461 0.00027389503650324641 0.0061289079427950593 3.0651921784772451 -0.10726029406646323 3.0639663968886861 0.5 -3.0638850281871117 1.0842392891029309 OK 12 11 0.57223800000000002 0.56877900000000003 0.130714 0.43493500000000002 0.43550499999999998 0 0.13730300000000001 0.13327400000000006 0.130714 0.022058999999999999 0.021627 0.019354 0.093744000000000022 0.091738000000000014 0.091150999999999982 0.0031870000000000006 0.0028570000000000002 0.0028879999999999999 0.00068399999999999993 0.00066200000000000005 0.00063000000000000003 1.0842465224172495 1.0842465224172495 1.0842465224172495 0.00030603743711551712 0.00030603743711551712 0.00030603743711551712 1 1 1 Converged Converged Converged OK OK OK 66 66 66 66 66 66 6 6 6 0 0 0 0 0 1 0 0
15 15 linear 0 7 150 1 0.001 0.29716123773913461 0.00027389503650324641 0.0061289079427950593 3.0651921784772451 -0.10726029406646323 3.0647125248121569 0.5 -3.0646311561105826 1.0862580547229226 OK 12 11 0.59290900000000002 0.34147 0.12076099999999999 0.46492299999999998 0.176735 0 0.12798600000000004 0.16473499999999999 0.12076099999999999 0.021499999999999998 0.022123 0.018201999999999999 0.088846999999999995 0.12489100000000002 0.086618000000000056 0.0030790000000000001 0.0033570000000000002 0.002715 0.00066999999999999991 0.00067699999999999998 0.00059800000000000001 1.0862656557063031 1.0862656557063031 1.0862656557063031 0.0002608755256369852 0.0002608755256369852 0.0002608755256369852 1 1 1 Converged Converged Converged OK OK OK 66 66 66 66 66 66 6 6 6 0 0 0 0 1 0 0 1
15 15 linear 0 15 150 2 0.001 0.29716123773913461 0.00027389503650324641 0.0061289079427950593 3.0651921784772451 -0.10726029406646323 3.0655652424389803 0.5 -3.0654838737374059 1.0876003093102353 OK 12 11 0.58705300000000005 0.31161699999999998 0.11143699999999999 0.47044999999999998 0.160916 0 0.11660300000000007 0.15070099999999997 0.11143699999999999 0.020209000000000001 0.021624999999999998 0.017902999999999999 0.081040000000000001 0.112625 0.078808999999999976 0.002428 0.0031780000000000003 0.0024230000000000002 0.00052700000000000002 0.00061600000000000001 0.00054699999999999996 1.0876066762115426 1.0876066762115426 1.0876066762115426 0.00045183457088078261 0.00045183457088078261 0.00045183457088078261 1 1 1 Converged Converged Converged OK OK OK 59 59 59 59 59 59 5 5 5 0 0 0 0 1 0 0 1
15 15 linear 0 23 150 3 0.001 0.29716123773913461 0.00027389503650324641 0.0061289079427950593 3.0651921784772451 -0.10726029406646323 3.0664179600658041 0.5 -3.0663365913642298 1.0879382818316141 OK 12 11 0.61235799999999996 0.33569100000000002 0.10753 0.49971500000000002 0.190966 0 0.11264299999999994 0.14472500000000002 0.10753 0.019765000000000001 0.020514999999999999 0.017337999999999999 0.077685000000000004 0.10894299999999996 0.075687999999999991 0.0024870000000000001 0.0025279999999999999 0.0023890000000000001 0.00054100000000000003 0.00054600000000000004 0.00051000000000000004 1.0879447854773949 1.0879447854773949 1.0879447854773949 0.00041591434446084101 0.00041591434446084101 0.00041591434446084101 1 1 1 Converged Converged Converged OK OK OK 59 59 59 59 59 59 5 5 5 0 0 0 0 1 0 0 1
15 15 linear 0 0 150 0 0.0001 0.29716123773913461 0.00027389503650324641 0.0061289079427950593 3.0651921784772451 -0.10726029406646323 3.0639663968886861 0.5 -3.0638850281871117 1.0842392891029309 OK 12 11 0.58539200000000002 0.576044 0.141985 0.43699300000000002 0.43209399999999998 0 0.148399 0.14395000000000002 0.141985 0.021666000000000001 0.021228 0.019668000000000001 0.102589 0.099937000000000026 0.099753999999999995 0.0038319999999999999 0.0031960000000000001 0.0032779999999999997 0.00084199999999999998 0.00081800000000000004 0.000803 1.0842396141494104 1.0842396141494104 1.0842396141494104 2.562625359343704e-05 2.562625359343704e-05 2.562625359343704e-05 1 1 1 Converged Converged Converged OK OK OK 74 74 74 74 74 74 6 6 6 0 0 0 0 0 1 0 0
15 15 linear 0 7 150 1 0.0001 0.29716123773913461 0.00027389503650324641 0.0061289079427950593 3.0651921784772451 -0.10726029406646323 3.0647125248121569 0.5 -3.0646311561105826 1.0862580547229226 OK 12 11 0.60312600000000005 0.349717 0.13086400000000001 0.46623999999999999 0.18010000000000001 0 0.13688600000000006 0.16961699999999999 0.13086400000000001 0.020944000000000001 0.020754999999999999 0.017985999999999999 0.097251000000000004 0.13059799999999999 0.094767999999999991 0.0032720000000000002 0.0033379999999999998 0.0032469999999999999 0.00075799999999999999 0.00075100000000000004 0.00076099999999999996 1.0862591172837246 1.0862591172837246 1.0862591172837246 5.9599100758877441e-05 5.9599100758877441e-05 5.9599100758877441e-05 1 1 1 Converged Converged Converged OK OK OK 74 74 74 74 74 74 6 6 6 0 0 0 0 1 0 0 1
15 15 linear 0 15 150 2 0.0001 0.29716123773913461 0.00027389503650324641 0.0061289079427950593 3.0651921784772451 -0.10726029406646323 3.0655652424389803 0.5 -3.0654838737374059 1.0876003093102353 OK 12 11 0.61643899999999996 0.34542200000000001 0.13625999999999999 0.47299400000000003 0.16134100000000001 0 0.14344499999999993 0.18408099999999999 0.13625999999999999 0.020896000000000001 0.020983999999999999 0.017871000000000001 0.101683 0.141379 0.098891999999999994 0.0037190000000000001 0.0039059999999999997 0.0033640000000000002 0.00095299999999999985 0.00099099999999999991 0.00081099999999999998 1.0876005826871729 1.0876005826871729 1.0876005826871729 1.3219335737800633e-05 1.3219335737800633e-05 1.3219335737800633e-05 1 1 1 Converged Converged Converged OK OK OK 75 75 75 75 75 75 5 5 5 0 0 0 0 1 0 0 1
15 15 linear 0 23 150 3 0.0001 0.29716123773913461 0.00027389503650324641 0.0061289079427950593 3.0651921784772451 -0.10726029406646323 3.0664179600658041 0.5 -3.0663365913642298 1.0879382818316141 OK 12 11 0.63572099999999998 0.36250199999999999 0.12819 0.49685800000000002 0.191715 0 0.13886299999999996 0.17078699999999999 0.12819 0.020877 0.020761999999999999 0.017253999999999999 0.095433999999999991 0.13042899999999993 0.092742000000000019 0.0036419999999999998 0.003712 0.00316 0.0037810000000000001 0.00077800000000000005 0.000754 1.0879386290808071 1.0879386290808071 1.0879386290808071 1.3048329097245187e-05 1.3048329097245187e-05 1.3048329097245187e-05 1 1 1 Converged Converged Converged OK OK OK 75 75 75 75 75 75 5 5 5 0 0 0 0 1 0 0 1
15 15 linear 1 0 151 0 0.001 0.29716123773913461 0.00027389503650324641 0.0061289079427950593 3.0677455939036338 0.10878656990157437 3.0665198123150748 0.5 -3.0664384436135004 1.0848738691615458 OK 12 11 0.60447399999999996 0.60229900000000003 0.12497 0.47511199999999998 0.47393099999999999 0 0.12936199999999998 0.12836800000000004 0.12497 0.022252999999999998 0.022075999999999998 0.020253 0.085900000000000018 0.085195999999999994 0.084189000000000014 0.0029709999999999997 0.0033970000000000003 0.0029290000000000002 0.00064300000000000013 0.000629 0.00066299999999999996 1.0848743601041742 1.0848743601041742 1.0848743601041742 0.00036617710042776124 0.00036617710042776124 0.00036617710042776124 1 1 1 Converged Converged Converged OK OK OK 67 67 67 67 67 67 5 5 5 0 0 0 0 0 1 0 0
15 15 linear 1 7 151 1 0.001 0.29716123773913461 0.00027389503650324641 0.0061289079427950593 3.0677455939036338 0.10878656990157437 3.0672659402385456 0.5 -3.0671845715369712 1.0842421391956942 OK 12 11 0.58043599999999995 0.32486799999999999 0.114914 0.46066800000000002 0.168406 0 0.11976799999999993 0.15646199999999999 0.114914 0.019821999999999999 0.020625999999999999 0.017756000000000001 0.082972999999999977 0.118621 0.080879000000000006 0.002882 0.003166 0.0028209999999999997 0.00061899999999999998 0.00062700000000000006 0.00061499999999999999 1.084242571075041 1.084242571075041 1.084242571075041 0.00037258407129487064 0.00037258407129487064 0.00037258407129487064 1 1 1 Converged Converged Converged OK OK OK 67 67 67 67 67 67 5 5 5 0 0 0 0 1 0 0 1
15 15 linear 1 15 151 2 0.001 0.29716123773913461 0.00027389503650324641 0.0061289079427950593 3.0677455939036338 0.10878656990157437 3.068118657865369 0.5 -3.0680372891637946 1.0825508127625167 OK 12 11 0.58641699999999997 0.31152800000000003 0.116935 0.46124999999999999 0.151671 0 0.12516699999999997 0.15985700000000003 0.116935 0.021274999999999999 0.020795000000000001 0.017444999999999999 0.08584600000000002 0.12159600000000004 0.083425000000000027 0.0034530000000000003 0.0032789999999999998 0.0027690000000000002 0.00069699999999999992 0.00064499999999999996 0.00058299999999999997 1.0825509615635174 1.0825509615635174 1.0825509615635174 0.00037932776861420483 0.00037932776861420483 0.00037932776861420483 1 1 1 Converged Converged Converged OK OK OK 67 67 67 67 67 67 5 5 5 0 0 0 0 1 0 0 1
15 15 linear 1 23 151 3 0.001 0.29716123773913461 0.00027389503650324641 0.0061289079427950593 3.0677455939036338 0.10878656990157437 3.0689713754921928 0.5 -3.0688900067906184 1.079789803193981 OK 12 11 0.59450800000000004 0.32453700000000002 0.122282 0.46511599999999997 0.16524900000000001 0 0.12939200000000006 0.15928800000000001 0.122282 0.020969999999999999 0.020524000000000001 0.017552000000000002 0.091283999999999962 0.12201200000000001 0.089037000000000005 0.0031479999999999998 0.002944 0.0026389999999999999 0.00064899999999999995 0.00070100000000000002 0.000611 1.079798287658615 1.079798287658615 1.079798287658615 0.0010509778232985711 0.0010509778232985711 0.0010509778232985711 1 1 1 Converged Converged Converged OK OK OK 66 66 66 66 66 66 6 6 6 0 0 0 0 1 0 0 1
15 15 linear 1 0 151 0 0.0001 0.29716123773913461 0.00027389503650324641 0.0061289079427950593 3.0677455939036338 0.10878656990157437 3.0665198123150748 0.5 -3.0664384436135004 1.0848738691615458 OK 12 11 0.61855800000000005 0.61341699999999999 0.137071 0.47441499999999998 0.47072999999999998 0 0.14414300000000008 0.14268700000000001 0.137071 0.022190999999999999 0.021787000000000001 0.020299999999999999 0.097920999999999994 0.096825000000000036 0.093750000000000056 0.0033319999999999999 0.0035799999999999998 0.0034299999999999999 0.00078299999999999995 0.00080199999999999998 0.00078399999999999997 1.0848743805288517 1.0848743805288517 1.0848743805288517 2.8471356299489714e-05 2.8471356299489714e-05 2.8471356299489714e-05 1 1 1 Converged Converged Converged OK OK OK 75 75 75 75 75 75 5 5 5 0 0 0 0 0 1 0 0
15 15 linear 1 7 151 1 0.0001 0.29716123773913461 0.00027389503650324641 0.0061289079427950593 3.0677455939036338 0.10878656990157437 3.0672659402385456 0.5 -3.0671845715369712 1.0842421391956942 OK 12 11 0.59021699999999999 0.33287299999999997 0.12623699999999999 0.46003699999999997 0.16442999999999999 0 0.13018000000000002 0.16844299999999998 0.12623699999999999 0.019796000000000001 0.021242 0.017975999999999999 0.091956000000000038 0.127471 0.08994599999999997 0.0032799999999999999 0.0038310000000000002 0.003287 0.00071000000000000002 0.00077300000000000003 0.00070199999999999993 1.0842426255975557 1.0842426255975557 1.0842426255975557 2.6484052021747176e-05 2.6484052021747176e-05 2.6484052021747176e-05 1 1 1 Converged Converged Converged OK OK OK 75 75 75 75 75 75 5 5 5 0 0 0 0 1 0 0 1
15 15 linear 1 15 151 2 0.0001 0.29716123773913461 0.00027389503650324641 0.0061289079427950593 3.0677455939036338 0.10878656990157437 3.068118657865369 0.5 -3.0680372891637946 1.0825508127625167 OK 12 11 0.59662499999999996 0.3221 0.12784699999999999 0.46321299999999999 0.153756 0 0.13341199999999998 0.16834399999999999 0.12784699999999999 0.019758999999999999 0.021312999999999999 0.017680000000000001 0.095092000000000038 0.12752399999999997 0.092555000000000012 0.003228 0.0035930000000000003 0.0030619999999999996 0.00070899999999999999 0.00071900000000000002 0.00070200000000000004 1.0825510482142902 1.0825510482142902 1.0825510482142902 2.3514635614458451e-05 2.3514635614458451e-05 2.3514635614458451e-05 1 1 1 Converged Converged Converged OK OK OK 75 75 75 75 75 75 5 5 5 0 0 0 0 1 0 0 1
15 15 linear 1 23 151 3 0.0001 0.29716123773913461 0.00027389503650324641 0.0061289079427950593 3.0677455939036338 0.10878656990157437 3.0689713754921928 0.5 -3.0688900067906184 1.079789803193981 OK 12 11 0.60312600000000005 0.33952500000000002 0.13303999999999999 0.459121 0.16492999999999999 0 0.14400500000000005 0.17459500000000003 0.13303999999999999 0.019878 0.020541 0.017443 0.10599 0.13538199999999997 0.098142000000000035 0.0030410000000000003 0.003339 0.003026 0.000727 0.00081299999999999992 0.00077400000000000006 1.079790189855774 1.079790189855774 1.079790189855774 3.4271743434872797e-05 3.4271743434872797e-05 3.4271743434872797e-05 1 1 1 Converged Converged Converged OK OK OK 74 74 74 74 74 74 6 6 6 0 0 0 0 1 0 0 1
15 15 linear 2 0 152 0 0.001 0.29716123773913461 0.00027389503650324641 0.0061289079427950593 3.0679430040954241 -0.10010332524158158 3.0667172225068651 0.5 -3.0666358538052907 1.0474639953946516 OK 13 12 0.98737200000000003 0.99044399999999999 0.163966 0.82093400000000005 0.81842599999999999 0 0.16643799999999997 0.172018 0.163966 0.049612999999999997 0.054769999999999999 0.049701000000000002 0.096455000000000027 0.095099999999999962 0.094160000000000008 0.0028629999999999997 0.0042890000000000003 0.0032459999999999998 0.00059800000000000001 0.00070800000000000008 0.00058 1.0474651619586395 1.0474651619586395 1.0474651619586395 0.00095488684009020265 0.00095488684009020265 0.00095488684009020265 1 1 1 Converged Converged Converged OK OK OK 59 59 59 59 59 59 5 5 5 0 0 0 0 0 1 0 0
15 15 linear 2 7 152 1 0.001 0.29716123773913461 0.00027389503650324641 0.0061289079427950593 3.0679430040954241 -0.10010332524158158 3.0674633504303359 0.5 -3.0673819817287615 1.0463901379702412 OK 13 12 0.87890500000000005 0.64407800000000004 0.15856999999999999 0.71868699999999996 0.44772299999999998 0 0.16021800000000008 0.19635500000000006 0.15856999999999999 0.048918000000000003 0.051776999999999997 0.047232000000000003 0.093721999999999972 0.12638800000000003 0.093704999999999983 0.0029139999999999999 0.00347 0.0031519999999999999 0.00051399999999999992 0.00055300000000000011 0.00057599999999999991 1.0463896837619946 1.0463896837619946 1.0463896837619946 0.00090170084591126949 0.00090170084591126949 0.00090170084591126949 1 1 1 Converged Converged Converged OK OK OK 59 59 59 59 59 59 5 5 5 0 0 0 0 1 0 0 1
15 15 linear 2 15 152 2 0.001 0.29716123773913461 0.00027389503650324641 0.0061289079427950593 3.0679430040954241 -0.10010332524158158 3.0683160680571593 0.5 -3.0682346993555849 1.0446160261268367 OK 13 12 0.81339300000000003 0.60220499999999999 0.14633699999999999 0.66398699999999999 0.41940699999999997 0 0.14940600000000004 0.18279800000000002 0.14633699999999999 0.037085 0.039111 0.034785999999999997 0.094906000000000004 0.12592600000000001 0.094076999999999952 0.003029 0.0035539999999999999 0.0030170000000000006 0.00051900000000000004 0.00054499999999999991 0.000495 1.0446144583854682 1.0446144583854682 1.0446144583854682 0.00094441915792116979 0.00094441915792116979 0.00094441915792116979 1 1 1 Converged Converged Converged OK OK OK 59 59 59 59 59 59 5 5 5 0 0 0 0 1 0 0 1
15 15 linear 2 23 152 3 0.001 0.29716123773913461 0.00027389503650324641 0.0061289079427950593 3.0679430040954241 -0.10010332524158158 3.0691687856839831 0.5 -3.0690874169824087 1.0426995971994595 OK 13 12 0.76719599999999999 0.53198199999999995 0.151783 0.59966799999999998 0.33595900000000001 0 0.16752800000000001 0.19602299999999995 0.151783 0.039556000000000001 0.037615000000000003 0.0339 0.10454799999999999 0.13659400000000002 0.097635 0.0046300000000000004 0.0039660000000000008 0.0034080000000000004 0.00080100000000000006 0.00071899999999999991 0.00067500000000000004 1.0426986162131224 1.0426986162131224 1.0426986162131224 0.0005099467662649541 0.0005099467662649541 0.0005099467662649541 1 1 1 Converged Converged Converged OK OK OK 67 67 67 67 67 67 5 5 5 0 0 0 0 1 0 0 1
15 15 linear 2 0 152 0 0.0001 0.29716123773913461 0.00027389503650324641 0.0061289079427950593 3.0679430040954241 -0.10010332524158158 3.0667172225068651 0.5 -3.0666358538052907 1.0474639953946516 OK 13 12 1.028106 1.0260149999999999 0.201238 0.81797799999999998 0.81800200000000001 0 0.21012799999999998 0.20801299999999989 0.201238 0.053442999999999997 0.054074999999999998 0.049730999999999997 0.12848899999999996 0.12624900000000003 0.12531199999999995 0.0050559999999999997 0.0048920000000000005 0.004235 0.00098099999999999988 0.001047 0.00094399999999999996 1.0474627336325029 1.0474627336325029 1.0474627336325029 1.7942930974793819e-05 1.7942930974793819e-05 1.7942930974793819e-05 1 1 1 Converged Converged Converged OK OK OK 75 75 75 75 75 75 5 5 5 0 0 0 0 0 1 0 0
15 15 linear 2 7 152 1 0.0001 0.29716123773913461 0.00027389503650324641 0.0061289079427950593 3.0679430040954241 -0.10010332524158158 3.0674633504303359 0.5 -3.0673819817287615 1.0463901379702412 OK 13 12 0.90927899999999995 0.68426200000000004 0.18285000000000001 0.71460299999999999 0.45297399999999999 0 0.19467599999999996 0.23128800000000005 0.18285000000000001 0.052509 0.050938999999999998 0.046245000000000001 0.11891700000000001 0.15701999999999994 0.11499300000000005 0.0046540000000000002 0.0046499999999999996 0.0041210000000000005 0.00087300000000000008 0.0009859999999999999 0.00085499999999999997 1.0463890157685942 1.0463890157685942 1.0463890157685942 8.4024896960560602e-05 8.4024896960560602e-05 8.4024896960560602e-05 1 1 1 Converged Converged Converged OK OK OK 75 75 75 75 75 75 5 5 5 0 0 0 0 1 0 0 1
15 15 linear 2 15 152 2 0.0001 0.29716123773913461 0.00027389503650324641 0.0061289079427950593 3.0679430040954241 -0.10010332524158158 3.0683160680571593 0.5 -3.0682346993555849 1.0446160261268367 OK 13 12 0.85589999999999999 0.65132299999999999 0.18178800000000001 0.66254900000000005 0.418269 0 0.19335099999999994 0.23305399999999998 0.18178800000000001 0.038046000000000003 0.039835000000000002 0.033451000000000002 0.12828499999999995 0.16611599999999993 0.12315800000000002 0.0051840000000000002 0.0054119999999999993 0.0045529999999999998 0.00097900000000000005 0.001016 0.0010380000000000001 1.0446150992876193 1.0446150992876193 1.0446150992876193 1.9154055564598715e-05 1.9154055564598715e-05 1.9154055564598715e-05 1 1 1 Converged Converged Converged OK OK OK 83 83 83 83 83 83 5 5 5 0 0 0 0 1 0 0 1
15 15 linear 2 23 152 3 0.0001 0.29716123773913461 0.00027389503650324641 0.0061289079427950593 3.0679430040954241 -0.10010332524158158 3.0691687856839831 0.5 -3.0690874169824087 1.0426995971994595 OK 13 12 0.79153799999999996 0.562357 0.17757400000000001 0.60372400000000004 0.33549200000000001 0 0.18781399999999993 0.22686499999999998 0.17757400000000001 0.038491999999999998 0.040631 0.033893 0.12397500000000003 0.16097300000000003 0.120029 0.0049620000000000003 0.0049670000000000001 0.0044809999999999997 0.001011 0.0010140000000000001 0.00096099999999999994 1.0426987885074792 1.0426987885074792 1.0426987885074792 1.0855447333352323e-05 1.0855447333352323e-05 1.0855447333352323e-05 1 1 1 Converged Converged Converged OK OK OK 83 83 83 83 83 83 5 5 5 0 0 0 0 1 0 0 1
15 15 linear 3 0 153 0 0.001 0.29716123773913461 0.00027389503650324641 0.0061289079427950593 3.0587083125028571 -0.1013113196618112 3.0574825309142981 0.5 -3.0574011622127237 1.0349618583927034 OK 13 12 0.69000099999999998 0.68636200000000003 0.12956899999999999 0.55137100000000006 0.55320400000000003 0 0.13862999999999992 0.133158 0.12956899999999999 0.039017999999999997 0.037982000000000002 0.035942000000000002 0.077718999999999983 0.073873000000000036 0.073014000000000009 0.0032969999999999996 0.0035339999999999998 0.0031830000000000001 0.00078300000000000006 0.00075600000000000005 0.00073399999999999995 1.0349613589615063 1.0349613589615063 1.0349613589615063 0.00015540524332986576 0.00015540524332986576 0.00015540524332986576 1 1 1 Converged Converged Converged OK OK OK 60 60 60 60 60 60 4 4 4 0 0 0 0 0 1 0 0
15 15 linear 3 7 153 1 0.001 0.29716123773913461 0.00027389503650324641 0.0061289079427950593 3.0587083125028571 -0.1013113196618112 3.058228658837769 0.5 -3.0581472901361946 1.0364250835320092 OK 13 12 0.55153399999999997 0.32819500000000001 0.122156 0.41652499999999998 0.16518099999999999 0 0.13500899999999999 0.16301400000000002 0.122156 0.043258999999999999 0.038685999999999998 0.033619999999999997 0.073541000000000009 0.10540099999999997 0.071278000000000008 0.0031160000000000003 0.0035270000000000002 0.0031020000000000002 0.00072000000000000005 0.00077999999999999999 0.00070699999999999995 1.0364245787939632 1.0364245787939632 1.0364245787939632 0.00017878426253981826 0.00017878426253981826 0.00017878426253981826 1 1 1 Converged Converged Converged OK OK OK 60 60 60 60 60 60 4 4 4 0 0 0 0 1 0 0 1
15 15 linear 3 15 153 2 0.001 0.29716123773913461 0.00027389503650324641 0.0061289079427950593 3.0587083125028571 -0.1013113196618112 3.0590813764645923 0.5 -3.0590000077630179 1.0383123657197011 OK 13 12 0.64362600000000003 0.38495699999999999 0.12639300000000001 0.50575400000000004 0.215334 0 0.13787199999999999 0.169623 0.12639300000000001 0.036365000000000001 0.038144999999999998 0.030238000000000001 0.082148999999999986 0.11319499999999996 0.079246000000000011 0.0037599999999999999 0.0033909999999999999 0.0029369999999999999 0.00070399999999999998 0.00070200000000000004 0.00064799999999999992 1.0383118102568794 1.0383118102568794 1.0383118102568794 0.0002150596649292554 0.0002150596649292554 0.0002150596649292554 1 1 1 Converged Converged Converged OK OK OK 60 60 60 60 60 60 4 4 4 0 0 0 0 1 0 0 1
15 15 linear 3 23 153 3 0.001 0.29716123773913461 0.00027389503650324641 0.0061289079427950593 3.0587083125028571 -0.1013113196618112 3.0599340940914161 0.5 -3.0598527253898418 1.0404742564456353 OK 13 12 0.72368399999999999 0.47465600000000002 0.132885 0.58041799999999999 0.30092000000000002 0 0.143266 0.173736 0.132885 0.036364 0.035519000000000002 0.030633000000000001 0.087143999999999999 0.11885899999999999 0.084575000000000011 0.0038790000000000001 0.0035479999999999999 0.0030279999999999999 0.000803 0.00091199999999999994 0.00071900000000000002 1.040474110425583 1.040474110425583 1.040474110425583 0.00026650333207386094 0.00026650333207386094 0.00026650333207386094 1 1 1 Converged Converged Converged OK OK OK 67 67 67 67 67 67 5 5 5 0 0 0 0 1 0 0 1
15 15 linear 3 0 153 0 0.0001 0.29716123773913461 0.00027389503650324641 0.0061289079427950593 3.0587083125028571 -0.1013113196618112 3.0574825309142981 0.5 -3.0574011622127237 1.0349618583927034 OK 13 12 0.69461499999999998 0.697716 0.139602 0.54918599999999995 0.55381999999999998 0 0.14542900000000003 0.14389600000000002 0.139602 0.037923999999999999 0.037810000000000003 0.034582000000000002 0.083510000000000056 0.08233299999999999 0.081578999999999985 0.0036319999999999998 0.0036520000000000003 0.0036589999999999999 0.00086299999999999994 0.00092599999999999996 0.00091099999999999992 1.0349613382746057 1.0349613382746057 1.0349613382746057 5.6941347355928718e-05 5.6941347355928718e-05 5.6941347355928718e-05 1 1 1 Converged Converged Converged OK OK OK 68 68 68 68 68 68 4 4 4 0 0 0 0 0 1 0 0
15 15 linear 3 7 153 1 0.0001 0.29716123773913461 0.00027389503650324641 0.0061289079427950593 3.0587083125028571 -0.1013113196618112 3.058228658837769 0.5 -3.0581472901361946 1.0364250835320092 OK 13 12 0.56365100000000001 0.33228099999999999 0.13631299999999999 0.42017399999999999 0.16055800000000001 0 0.14347700000000002 0.17172299999999999 0.13631299999999999 0.039592000000000002 0.035411999999999999 0.033183999999999998 0.082177 0.11549800000000002 0.07961 0.0045770000000000003 0.0042030000000000001 0.003437 0.00086799999999999996 0.00086700000000000004 0.0053639999999999998 1.0364245459720767 1.0364245459720767 1.0364245459720767 5.5214251823607394e-05 5.5214251823607394e-05 5.5214251823607394e-05 1 1 1 Converged Converged Converged OK OK OK 68 68 68 68 68 68 4 4 4 0 0 0 0 1 0 0 1
15 15 linear 3 15 153 2 0.0001 0.29716123773913461 0.00027389503650324641 0.0061289079427950593 3.0587083125028571 -0.1013113196618112 3.0590813764645923 0.5 -3.0590000077630179 1.0383123657197011 OK 13 12 0.653111 0.39714899999999997 0.13694600000000001 0.50998500000000002 0.21704200000000001 0 0.14312599999999998 0.18010699999999996 0.13694600000000001 0.033459000000000003 0.037263999999999999 0.030176999999999999 0.090068999999999969 0.12283899999999998 0.087324999999999972 0.0034559999999999999 0.003908 0.003826 0.00075699999999999997 0.00079799999999999999 0.00079300000000000009 1.038311752691855 1.038311752691855 1.038311752691855 5.306962261479751e-05 5.306962261479751e-05 5.306962261479751e-05 1 1 1 Converged Converged Converged OK OK OK 68 68 68 68 68 68 4 4 4 0 0 0 0 1 0 0 1
15 15 linear 3 23 153 3 0.0001 0.29716123773913461 0.00027389503650324641 0.0061289079427950593 3.0587083125028571 -0.1013113196618112 3.0599340940914161 0.5 -3.0598527253898418 1.0404742564456353 OK 13 12 0.72575400000000001 0.482076 0.14353299999999999 0.57538 0.29748999999999998 0 0.15037400000000001 0.18458600000000003 0.14353299999999999 0.034174000000000003 0.035646999999999998 0.030877000000000002 0.095118999999999967 0.12845400000000001 0.092762000000000011 0.0037130000000000002 0.0035569999999999998 0.0036940000000000002 0.00090800000000000017 0.00090799999999999995 0.0009320000000000001 1.0404740056917738 1.0404740056917738 1.0404740056917738 5.1725910494351487e-05 5.1725910494351487e-05 5.1725910494351487e-05 1 1 1 Converged Converged Converged OK OK OK 75 75 75 75 75 75 5 5 5 0 0 0 0 1 0 0 1
15 15 linear 4 0 154 0 0.001 0.29716123773913461 0.00027389503650324641 0.0061289079427950593 3.076668764184932 -0.10286936280718616 3.0754429825963729 0.5 -3.0753616138947986 1.0360605717412477 OK 13 12 0.56291400000000003 0.55862299999999998 0.11992899999999999 0.44238499999999997 0.44073299999999999 0 0.12052900000000005 0.11788999999999999 0.11992899999999999 0.024257999999999998 0.024306999999999999 0.023609000000000002 0.077359000000000025 0.075431000000000026 0.078092000000000009 0.0029699999999999996 0.0026930000000000001 0.0026930000000000001 0.00063100000000000005 0.00060399999999999994 0.00059800000000000001 1.0360604594556933 1.0360604594556933 1.0360604594556933 0.00078406966202602512 0.00078406966202602512 0.00078406966202602512 1 1 1 Converged Converged Converged OK OK OK 59 59 59 59 59 59 5 5 5 0 0 0 0 0 1 0 0
15 15 linear 4 7 154 1 0.001 0.29716123773913461 0.00027389503650324641 0.0061289079427950593 3.076668764184932 -0.10286936280718616 3.0761891105198438 0.5 -3.0761077418182694 1.0343585128603081 OK 13 12 0.63269200000000003 0.40519300000000003 0.113424 0.51320299999999996 0.25925399999999998 0 0.11948900000000007 0.14593900000000004 0.113424 0.027310000000000001 0.023545 0.021760999999999999 0.075819999999999985 0.10705100000000004 0.076604999999999993 0.002911 0.0025659999999999997 0.0024919999999999999 0.00068599999999999998 0.00061300000000000005 0.00059899999999999992 1.0343583437570874 1.0343583437570874 1.0343583437570874 0.00069483795823377999 0.00069483795823377999 0.00069483795823377999 1 1 1 Converged Converged Converged OK OK OK 59 59 59 59 59 59 5 5 5 0 0 0 0 1 0 0 1
15 15 linear 4 15 154 2 0.001 0.29716123773913461 0.00027389503650324641 0.0061289079427950593 3.076668764184932 -0.10286936280718616 3.0770418281466672 0.5 -3.0769604594450928 1.0326729892621407 OK 13 12 0.51068100000000005 0.28462500000000002 0.095665 0.410771 0.15365999999999999 0 0.099910000000000054 0.13096500000000003 0.095665 0.0084740000000000006 0.0084080000000000005 0.0078549999999999991 0.075719999999999996 0.10738799999999998 0.073218999999999992 0.0026589999999999999 0.0026150000000000001 0.0024499999999999999 0.00060999999999999997 0.00059099999999999995 0.00057800000000000006 1.0326727664775626 1.0326727664775626 1.0326727664775626 0.00060949136942417656 0.00060949136942417656 0.00060949136942417656 1 1 1 Converged Converged Converged OK OK OK 59 59 59 59 59 59 5 5 5 0 0 0 0 1 0 0 1
15 15 linear 4 23 154 3 0.001 0.29716123773913461 0.00027389503650324641 0.0061289079427950593 3.076668764184932 -0.10286936280718616 3.077894545773491 0.5 -3.0778131770719166 1.0312118306940956 OK 13 12 0.65915999999999997 0.40977799999999998 0.095310000000000006 0.55999900000000002 0.27926600000000001 0 0.099160999999999944 0.13051199999999996 0.095310000000000006 0.0085229999999999993 0.0086149999999999994 0.0078279999999999999 0.075019999999999989 0.10614199999999996 0.072939000000000004 0.0026420000000000003 0.0028919999999999996 0.002483 0.00065600000000000001 0.000638 0.00053700000000000004 1.0312115763959868 1.0312115763959868 1.0312115763959868 0.00053964646450036619 0.00053964646450036619 0.00053964646450036619 1 1 1 Converged Converged Converged OK OK OK 59 59 59 59 59 59 5 5 5 0 0 0 0 1 0 0 1
15 15 linear 4 0 154 0 0.0001 0.29716123773913461 0.00027389503650324641 0.0061289079427950593 3.076668764184932 -0.10286936280718616 3.0754429825963729 0.5 -3.0753616138947986 1.0360605717412477 OK 13 12 0.58590799999999998 0.57955100000000004 0.138544 0.442832 0.440363 0 0.14307599999999998 0.13918800000000003 0.138544 0.024601999999999999 0.023907999999999999 0.024157000000000001 0.093685000000000032 0.09197200000000004 0.091198999999999988 0.0040850000000000001 0.0033429999999999996 0.0034690000000000003 0.00088000000000000003 0.00084699999999999988 0.00085999999999999998 1.0360600497880177 1.0360600497880177 1.0360600497880177 7.7135859451577085e-05 7.7135859451577085e-05 7.7135859451577085e-05 1 1 1 Converged Converged Converged OK OK OK 75 75 75 75 75 75 5 5 5 0 0 0 0 0 1 0 0
15 15 linear 4 7 154 1 0.0001 0.29716123773913461 0.00027389503650324641 0.0061289079427950593 3.076668764184932 -0.10286936280718616 3.0761891105198438 0.5 -3.0761077418182694 1.0343585128603081 OK 13 12 0.64995499999999995 0.43624800000000002 0.130278 0.51427599999999996 0.26032 0 0.13567899999999999 0.17592800000000003 0.130278 0.023503 0.023592999999999999 0.021687000000000001 0.093089999999999992 0.133017 0.090287999999999979 0.0033289999999999999 0.003509 0.0033199999999999996 0.00089099999999999987 0.00083299999999999997 0.00081899999999999996 1.0343580461487969 1.0343580461487969 1.0343580461487969 7.1626309949162427e-05 7.1626309949162427e-05 7.1626309949162427e-05 1 1 1 Converged Converged Converged OK OK OK 75 75 75 75 75 75 5 5 5 0 0 0 0 1 0 0 1
15 15 linear 4 15 154 2 0.0001 0.29716123773913461 0.00027389503650324641 0.0061289079427950593 3.076668764184932 -0.10286936280718616 3.0770418281466672 0.5 -3.0769604594450928 1.0326729892621407 OK 13 12 0.53047800000000001 0.313747 0.115491 0.410084 0.15407000000000001 0 0.120394 0.15967699999999999 0.115491 0.0084880000000000008 0.0086169999999999997 0.0078670000000000007 0.092243000000000006 0.13145199999999996 0.089540000000000022 0.0035749999999999996 0.0039369999999999995 0.0033279999999999998 0.00085199999999999989 0.00086699999999999993 0.00084000000000000003 1.0326725579635165 1.0326725579635165 1.0326725579635165 6.9172966681878704e-05 6.9172966681878704e-05 6.9172966681878704e-05 1 1 1 Converged Converged Converged OK OK OK 75 75 75 75 75 75 5 5 5 0 0 0 0 1 0 0 1
15 15 linear 4 23 154 3 0.0001 0.29716123773913461 0.00027389503650324641 0.0061289079427950593 3.076668764184932 -0.10286936280718616 3.077894545773491 0.5 -3.0778131770719166 1.0312118306940956 OK 13 12 0.68048500000000001 0.44080200000000003 0.115342 0.555122 0.278032 0 0.125363 0.16277000000000003 0.115342 0.0083940000000000004 0.0083619999999999996 0.0078150000000000008 0.098075999999999969 0.13563500000000003 0.089639999999999984 0.003326 0.0034339999999999996 0.0031669999999999997 0.00083300000000000008 0.00090300000000000005 0.00082000000000000009 1.0312114274957271 1.0312114274957271 1.0312114274957271 6.9659810077178899e-05 6.9659810077178899e-05 6.9659810077178899e-05 1 1 1 Converged Converged Converged OK OK OK 75 75 75 75 75 75 5 5 5 0 0 0 0 1 0 0 1
15 15 uniform 0 0 155 0 0.001 0.29716123773913461 0.00027389503650324641 0.0061289079427950593 3.0651921784772451 -0.10726029406646323 3.0639663968886861 0 -3.0638850281871117 1.0806425735259457 OK 12 11 0.53410400000000002 0.52819300000000002 0.094424999999999995 0.43634299999999998 0.43072700000000003 0 0.097761000000000042 0.097465999999999997 0.094424999999999995 0.021003000000000001 0.021153999999999999 0.019227999999999999 0.062580999999999998 0.062630000000000019 0.061772000000000007 0.0017830000000000001 0.0016919999999999999 0.0016840000000000002 0.00044099999999999999 0.00040499999999999998 0.000377 1.0806499827578011 1.0806499827578011 1.0806499827578011 0.00079637623015891938 0.00079637623015891938 0.00079637623015891938 1 1 1 Converged Converged Converged OK OK OK 50 50 50 50 50 50 6 6 6 0 0 0 0 0 1 0 0
15 15 uniform 0 7 155 1 0.001 0.29716123773913461 0.00027389503650324641 0.0061289079427950593 3.0651921784772451 -0.10726029406646323 3.0647125248121569 0 -3.0646311561105826 1.0819727988570051 OK 12 11 0.55615099999999995 0.28326499999999999 0.085000000000000006 0.46643899999999999 0.17463799999999999 0 0.089711999999999958 0.108627 0.085000000000000006 0.020535000000000001 0.024288000000000001 0.017420000000000001 0.057842000000000005 0.073516999999999985 0.056983999999999979 0.001774 0.0016820000000000001 0.0016429999999999999 0.00040400000000000006 0.00039199999999999999 0.00038299999999999999 1.0819797452101798 1.0819797452101798 1.0819797452101798 0.00074604055474271726 0.00074604055474271726 0.00074604055474271726 1 1 1 Converged Converged Converged OK OK OK 50 50 50 50 50 50 6 6 6 0 0 0 0 1 0 0 1
15 15 uniform 0 15 155 2 0.001 0.29716123773913461 0.00027389503650324641 0.0061289079427950593 3.0651921784772451 -0.10726029406646323 3.0655652424389803 0 -3.0654838737374059 1.0828342057635889 OK 12 11 0.54936300000000005 0.25415199999999999 0.078032000000000004 0.46697300000000003 0.156607 0 0.082390000000000019 0.097544999999999993 0.078032000000000004 0.020032000000000001 0.020105000000000001 0.017382000000000002 0.052064000000000013 0.067631000000000011 0.051359999999999996 0.001647 0.0015630000000000002 0.0014840000000000001 0.00043499999999999995 0.00038299999999999999 0.00036600000000000001 1.0828391245459039 1.0828391245459039 1.0828391245459039 0.00067857041760324482 0.00067857041760324482 0.00067857041760324482 1 1 1 Converged Converged Converged OK OK OK 43 43 43 43 43 43 5 5 5 0 0 0 0 1 0 0 1
15 15 uniform 0 23 155 3 0.001 0.29716123773913461 0.00027389503650324641 0.0061289079427950593 3.0651921784772451 -0.10726029406646323 3.0664179600658041 0 -3.0663365913642298 1.0830344200800663 OK 12 11 0.57930599999999999 0.28040700000000002 0.075450000000000003 0.50005500000000003 0.185747 0 0.07925099999999996 0.094660000000000022 0.075450000000000003 0.019907000000000001 0.020202000000000001 0.017354000000000001 0.049175999999999997 0.064791999999999988 0.048638000000000008 0.0015470000000000002 0.0015119999999999999 0.0014599999999999999 0.00039100000000000002 0.000386 0.000357 1.0830393094477424 1.0830393094477424 1.0830393094477424 0.00063704802959479588 0.00063704802959479588 0.00063704802959479588 1 1 1 Converged Converged Converged OK OK OK 43 43 43 43 43 43 5 5 5 0 0 0 0 1 0 0 1
15 15 uniform 0 0 155 0 0.0001 0.29716123773913461 0.00027389503650324641 0.0061289079427950593 3.0651921784772451 -0.10726029406646323 3.0639663968886861 0 -3.0638850281871117 1.0806425735259457 OK 12 11 0.56173399999999996 0.56084000000000001 0.121555 0.43348300000000001 0.43607699999999999 0 0.12825099999999995 0.12476300000000001 0.121555 0.021198000000000002 0.021128999999999998 0.019602000000000001 0.084524000000000002 0.0809 0.079851000000000033 0.00298 0.0031949999999999999 0.0028159999999999999 0.00075200000000000006 0.00072400000000000003 0.00071199999999999996 1.0806425682641785 1.0806425682641785 1.0806425682641785 2.1713630077978595e-05 2.1713630077978595e-05 2.1713630077978595e-05 1 1 1 Converged Converged Converged OK OK OK 74 74 74 74 74 74 6 6 6 0 0 0 0 0 1 0 0
15 15 uniform 0 7 155 1 0.0001 0.29716123773913461 0.00027389503650324641 0.0061289079427950593 3.0651921784772451 -0.10726029406646323 3.0647125248121569 0 -3.0646311561105826 1.0819727988570051 OK 12 11 0.57554700000000003 0.330428 0.110956 0.46104299999999998 0.180816 0 0.11450400000000005 0.14961199999999999 0.110956 0.020294 0.020794 0.018474000000000001 0.076090999999999978 0.11056499999999998 0.075227999999999962 0.0028930000000000002 0.0031000000000000003 0.0028289999999999995 0.00067699999999999998 0.00069999999999999999 0.00067000000000000002 1.081973751113305 1.081973751113305 1.081973751113305 0.00010033963292293625 0.00010033963292293625 0.00010033963292293625 1 1 1 Converged Converged Converged OK OK OK 74 74 74 74 74 74 6 6 6 0 0 0 0 1 0 0 1
15 15 uniform 0 15 155 2 0.0001 0.29716123773913461 0.00027389503650324641 0.0061289079427950593 3.0651921784772451 -0.10726029406646323 3.0655652424389803 0 -3.0654838737374059 1.0828342057635889 OK 12 11 0.58897699999999997 0.314193 0.113163 0.47164699999999998 0.159223 0 0.11732999999999999 0.15497 0.113163 0.020091000000000001 0.020546999999999999 0.017609 0.07719899999999999 0.11423200000000003 0.076581999999999942 0.0032209999999999999 0.0033080000000000002 0.0030709999999999999 0.00085500000000000007 0.00090000000000000008 0.00079900000000000001 1.0828341943308832 1.0828341943308832 1.0828341943308832 1.0793126414204947e-05 1.0793126414204947e-05 1.0793126414204947e-05 1 1 1 Converged Converged Converged OK OK OK 75 75 75 75 75 75 5 5 5 0 0 0 0 1 0 0 1
15 15 uniform 0 23 155 3 0.0001 0.29716123773913461 0.00027389503650324641 0.0061289079427950593 3.0651921784772451 -0.10726029406646323 3.0664179600658041 0 -3.0663365913642298 1.0830344200800663 OK 12 11 0.60192999999999997 0.33334999999999998 0.100997 0.496444 0.19074199999999999 0 0.10548599999999997 0.14260799999999998 0.100997 0.020138 0.02034 0.017204000000000001 0.068440000000000001 0.10538900000000004 0.067937999999999998 0.0027529999999999998 0.0027560000000000002 0.0026180000000000001 0.00069399999999999996 0.00066500000000000001 0.00063500000000000004 1.0830344526578917 1.0830344526578917 1.0830344526578917 9.8219408909650446e-05 9.8219408909650446e-05 9.8219408909650446e-05 1 1 1 Converged Converged Converged OK OK OK 67 67 67 67 67 67 5 5 5 0 0 0 0 1 0 0 1
15 15 uniform 1 0 156 0 0.001 0.29716123773913461 0.00027389503650324641 0.0061289079427950593 3.0677455939036338 0.10878656990157437 3.0665198123150748 0 -3.0664384436135004 1.081227987120029 OK 12 11 0.570357 0.57186700000000001 0.092376 0.47390399999999999 0.47603699999999999 0 0.096453000000000011 0.095830000000000026 0.092376 0.022515 0.022206 0.019875 0.05883300000000001 0.059154000000000005 0.058363999999999992 0.0019740000000000001 0.0019299999999999999 0.0017519999999999999 0.00054699999999999996 0.000513 0.00050199999999999995 1.0812276718417904 1.0812276718417904 1.0812276718417904 0.00057302255563546241 0.00057302255563546241 0.00057302255563546241 1 1 1 Converged Converged Converged OK OK OK 51 51 51 51 51 51 5 5 5 0 0 0 0 0 1 0 0
15 15 uniform 1 7 156 1 0.001 0.29716123773913461 0.00027389503650324641 0.0061289079427950593 3.0677455939036338 0.10878656990157437 3.0672659402385456 0 -3.0671845715369712 1.0807867847181463 OK 12 11 0.54533799999999999 0.27175199999999999 0.083977999999999997 0.45748 0.16368199999999999 0 0.087857999999999992 0.10807 0.083977999999999997 0.020618999999999998 0.020920000000000001 0.018053 0.055305000000000007 0.075569999999999957 0.054863000000000023 0.0019199999999999998 0.0018510000000000002 0.0018050000000000002 0.00050500000000000002 0.00047200000000000003 0.00048200000000000001 1.0807864310544528 1.0807864310544528 1.0807864310544528 0.00058566342215631223 0.00058566342215631223 0.00058566342215631223 1 1 1 Converged Converged Converged OK OK OK 51 51 51 51 51 51 5 5 5 0 0 0 0 1 0 0 1
15 15 uniform 1 15 156 2 0.001 0.29716123773913461 0.00027389503650324641 0.0061289079427950593 3.0677455939036338 0.10878656990157437 3.068118657865369 0 -3.0680372891637946 1.0796184333191619 OK 12 11 0.55111600000000005 0.256741 0.084583000000000005 0.46179100000000001 0.15090700000000001 0 0.089325000000000043 0.10583399999999998 0.084583000000000005 0.020369000000000002 0.02018 0.017454999999999998 0.056862000000000003 0.074026000000000008 0.056305000000000001 0.0020560000000000001 0.0018010000000000001 0.0017360000000000001 0.00054199999999999995 0.00046300000000000003 0.00045199999999999998 1.0796180930858845 1.0796180930858845 1.0796180930858845 0.00060908100799176017 0.00060908100799176017 0.00060908100799176017 1 1 1 Converged Converged Converged OK OK OK 51 51 51 51 51 51 5 5 5 0 0 0 0 1 0 0 1
15 15 uniform 1 23 156 3 0.001 0.29716123773913461 0.00027389503650324641 0.0061289079427950593 3.0677455939036338 0.10878656990157437 3.0689713754921928 0 -3.0688900067906184 1.0776822170437685 OK 12 11 0.56501400000000002 0.29011999999999999 0.100007 0.45983099999999999 0.16561699999999999 0 0.10518300000000003 0.124503 0.100007 0.020747999999999999 0.020580999999999999 0.017526 0.070243 0.090150999999999967 0.069406000000000023 0.0021480000000000002 0.0020590000000000001 0.0019680000000000001 0.0006559999999999999 0.00061899999999999998 0.00059099999999999995 1.0776821821511409 1.0776821821511409 1.0776821821511409 0.00038850836742738672 0.00038850836742738672 0.00038850836742738672 1 1 1 Converged Converged Converged OK OK OK 58 58 58 58 58 58 6 6 6 0 0 0 0 1 0 0 1
15 15 uniform 1 0 156 0 0.0001 0.29716123773913461 0.00027389503650324641 0.0061289079427950593 3.0677455939036338 0.10878656990157437 3.0665198123150748 0 -3.0664384436135004 1.081227987120029 OK 12 11 0.59082000000000001 0.59530300000000003 0.118325 0.46870299999999998 0.47306700000000002 0 0.12211700000000003 0.12223600000000001 0.118325 0.021780000000000001 0.022304999999999998 0.019529999999999999 0.077092000000000008 0.076995999999999981 0.076412000000000008 0.0030869999999999999 0.0031779999999999994 0.0029589999999999998 0.00080900000000000004 0.00075100000000000015 0.00072400000000000003 1.0812279696869369 1.0812279696869369 1.0812279696869369 2.4017322286641341e-05 2.4017322286641341e-05 2.4017322286641341e-05 1 1 1 Converged Converged Converged OK OK OK 75 75 75 75 75 75 5 5 5 0 0 0 0 0 1 0 0
15 15 uniform 1 7 156 1 0.0001 0.29716123773913461 0.00027389503650324641 0.0061289079427950593 3.0677455939036338 0.10878656990157437 3.0672659402385456 0 -3.0671845715369712 1.0807867847181463 OK 12 11 0.57473700000000005 0.31674000000000002 0.10853400000000001 0.46259800000000001 0.164683 0 0.11213900000000004 0.15205700000000003 0.10853400000000001 0.020393999999999999 0.021128999999999998 0.017818000000000001 0.072981999999999991 0.11089199999999996 0.072915999999999995 0.003209 0.0038510000000000003 0.0029860000000000004 0.00073900000000000007 0.00077500000000000008 0.00070100000000000002 1.0807867609039583 1.0807867609039583 1.0807867609039583 2.3427085088408434e-05 2.3427085088408434e-05 2.3427085088408434e-05 1 1 1 Converged Converged Converged OK OK OK 75 75 75 75 75 75 5 5 5 0 0 0 0 1 0 0 1
15 15 uniform 1 15 156 2 0.0001 0.29716123773913461 0.00027389503650324641 0.0061289079427950593 3.0677455939036338 0.10878656990157437 3.068118657865369 0 -3.0680372891637946 1.0796184333191619 OK 12 11 0.57559499999999997 0.30199599999999999 0.110332 0.45675900000000003 0.15306800000000001 0 0.11883599999999994 0.14892799999999998 0.110332 0.019788 0.020504999999999999 0.017375999999999999 0.080447000000000018 0.11006400000000002 0.075410999999999992 0.0030279999999999999 0.0031229999999999999 0.0028969999999999998 0.00074499999999999989 0.00075899999999999991 0.00069200000000000002 1.0796183926214866 1.0796183926214866 1.0796183926214866 2.3193207261936888e-05 2.3193207261936888e-05 2.3193207261936888e-05 1 1 1 Converged Converged Converged OK OK OK 75 75 75 75 75 75 5 5 5 0 0 0 0 1 0 0 1
15 15 uniform 1 23 156 3 0.0001 0.29716123773913461 0.00027389503650324641 0.0061289079427950593 3.0677455939036338 0.10878656990157437 3.0689713754921928 0 -3.0688900067906184 1.0776822170437685 OK 12 11 0.58200099999999999 0.32203500000000002 0.11885900000000001 0.45888499999999999 0.16517299999999999 0 0.123116 0.15686200000000003 0.11885900000000001 0.020197 0.020367 0.017409999999999998 0.085235999999999951 0.11858499999999995 0.080973000000000017 0.0028709999999999999 0.0029510000000000005 0.0028279999999999998 0.00074400000000000009 0.00071099999999999994 0.00068899999999999994 1.0776821821583054 1.0776821821583054 1.0776821821583054 3.3564024565418377e-05 3.3564024565418377e-05 3.3564024565418377e-05 1 1 1 Converged Converged Converged OK OK OK 74 74 74 74 74 74 6 6 6 0 0 0 0 1 0 0 1
15 15 uniform 2 0 157 0 0.001 0.29716123773913461 0.00027389503650324641 0.0061289079427950593 3.0679430040954241 -0.10010332524158158 3.0667172225068651 0 -3.0666358538052907 1.0488908714489764 OK 13 12 0.95006999999999997 0.95141100000000001 0.12897600000000001 0.81894199999999995 0.81858799999999998 0 0.13112800000000002 0.13282300000000002 0.12897600000000001 0.050631000000000002 0.052026000000000003 0.049292000000000002 0.065995999999999971 0.066438000000000011 0.06606200000000001 0.0019779999999999997 0.0019589999999999998 0.0018449999999999999 0.00044200000000000001 0.00043300000000000001 0.00042000000000000002 1.0488941838513348 1.0488941838513348 1.0488941838513348 0.00096033337066601737 0.00096033337066601737 0.00096033337066601737 1 1 1 Converged Converged Converged OK OK OK 43 43 43 43 43 43 5 5 5 0 0 0 0 0 1 0 0
15 15 uniform 2 7 157 1 0.001 0.29716123773913461 0.00027389503650324641 0.0061289079427950593 3.0679430040954241 -0.10010332524158158 3.0674633504303359 0 -3.0673819817287615 1.0476086159774436 OK 13 12 0.85513499999999998 0.61218899999999998 0.13627500000000001 0.71179199999999998 0.450322 0 0.143343 0.16186699999999998 0.13627500000000001 0.049859000000000001 0.050698 0.046945000000000001 0.075355999999999992 0.096204000000000012 0.074919999999999987 0.002251 0.0023820000000000004 0.0023700000000000001 0.00054199999999999995 0.00063400000000000001 0.00054700000000000007 1.0476082320575777 1.0476082320575777 1.0476082320575777 0.00061115160097212535 0.00061115160097212535 0.00061115160097212535 1 1 1 Converged Converged Converged OK OK OK 51 51 51 51 51 51 5 5 5 0 0 0 0 1 0 0 1
15 15 uniform 2 15 157 2 0.001 0.29716123773913461 0.00027389503650324641 0.0061289079427950593 3.0679430040954241 -0.10010332524158158 3.0683160680571593 0 -3.0682346993555849 1.0455408100249604 OK 13 12 0.78849800000000003 0.56330199999999997 0.118426 0.663659 0.41647800000000001 0 0.12483900000000003 0.14682399999999995 0.118426 0.038122999999999997 0.039862000000000002 0.033804000000000001 0.071962999999999999 0.09214399999999999 0.070843999999999963 0.0023960000000000001 0.0024920000000000003 0.0022520000000000001 0.00050699999999999996 0.000504 0.0005089999999999999 1.0455411244300925 1.0455411244300925 1.0455411244300925 0.00083739224851994568 0.00083739224851994568 0.00083739224851994568 1 1 1 Converged Converged Converged OK OK OK 51 51 51 51 51 51 5 5 5 0 0 0 0 1 0 0 1
15 15 uniform 2 23 157 3 0.001 0.29716123773913461 0.00027389503650324641 0.0061289079427950593 3.0679430040954241 -0.10010332524158158 3.0691687856839831 0 -3.0690874169824087 1.0433769002235174 OK 13 12 0.72338599999999997 0.477879 0.112362 0.60223599999999999 0.34030899999999997 0 0.12114999999999998 0.13757000000000003 0.112362 0.038434000000000003 0.038012999999999998 0.033595 0.066719000000000014 0.084560000000000024 0.065083999999999989 0.0028629999999999997 0.0025590000000000001 0.0022919999999999998 0.00063599999999999996 0.00058199999999999994 0.000513 1.0433771714469704 1.0433771714469704 1.0433771714469704 0.00081530871138003782 0.00081530871138003782 0.00081530871138003782 1 1 1 Converged Converged Converged OK OK OK 51 51 51 51 51 51 5 5 5 0 0 0 0 1 0 0 1
15 15 uniform 2 0 157 0 0.0001 0.29716123773913461 0.00027389503650324641 0.0061289079427950593 3.0679430040954241 -0.10010332524158158 3.0667172225068651 0 -3.0666358538052907 1.0488908714489764 OK 13 12 0.99695699999999998 1.0002070000000001 0.17751700000000001 0.82021200000000005 0.81662400000000002 0 0.17674499999999993 0.18358300000000005 0.17751700000000001 0.049957000000000001 0.054428999999999998 0.050979999999999998 0.101619 0.103103 0.10133500000000001 0.0035789999999999997 0.0041060000000000003 0.0037919999999999998 0.00088200000000000008 0.00094199999999999991 0.00093799999999999992 1.0488905610369204 1.0488905610369204 1.0488905610369204 2.7312515771246434e-05 2.7312515771246434e-05 2.7312515771246434e-05 1 1 1 Converged Converged Converged OK OK OK 75 75 75 75 75 75 5 5 5 0 0 0 0 0 1 0 0
15 15 uniform 2 7 157 1 0.0001 0.29716123773913461 0.00027389503650324641 0.0061289079427950593 3.0679430040954241 -0.10010332524158158 3.0674633504303359 0 -3.0673819817287615 1.0476086159774436 OK 13 12 0.88119999999999998 0.65540600000000004 0.16034699999999999 0.71426100000000003 0.44723299999999999 0 0.16693899999999995 0.20817300000000005 0.16034699999999999 0.050737999999999998 0.050784000000000003 0.046688 0.094030000000000044 0.13531399999999996 0.092849000000000015 0.003823 0.0038730000000000001 0.003643 0.00085500000000000007 0.00089900000000000006 0.00087000000000000001 1.0476083478647329 1.0476083478647329 1.0476083478647329 8.7795694396086891e-05 8.7795694396086891e-05 8.7795694396086891e-05 1 1 1 Converged Converged Converged OK OK OK 75 75 75 75 75 75 5 5 5 0 0 0 0 1 0 0 1
15 15 uniform 2 15 157 2 0.0001 0.29716123773913461 0.00027389503650324641 0.0061289079427950593 3.0679430040954241 -0.10010332524158158 3.0683160680571593 0 -3.0682346993555849 1.0455408100249604 OK 13 12 0.83451399999999998 0.62509999999999999 0.156912 0.66747199999999995 0.41799199999999997 0 0.16704200000000002 0.20710800000000001 0.156912 0.038024000000000002 0.037839999999999999 0.033491 0.10134600000000002 0.14279999999999998 0.099346000000000032 0.0051349999999999998 0.0049210000000000009 0.0039119999999999997 0.00097900000000000005 0.00096699999999999998 0.00087199999999999995 1.0455406449614595 1.0455406449614595 1.0455406449614595 1.4501200926631472e-05 1.4501200926631472e-05 1.4501200926631472e-05 1 1 1 Converged Converged Converged OK OK OK 83 83 83 83 83 83 5 5 5 0 0 0 0 1 0 0 1
15 15 uniform 2 23 157 3 0.0001 0.29716123773913461 0.00027389503650324641 0.0061289079427950593 3.0679430040954241 -0.10010332524158158 3.0691687856839831 0 -3.0690874169824087 1.0433769002235174 OK 13 12 0.76826399999999995 0.53484100000000001 0.15268599999999999 0.602217 0.33633999999999997 0 0.16604699999999994 0.19850100000000004 0.15268599999999999 0.043408000000000002 0.037242999999999998 0.033538999999999999 0.097774999999999987 0.13691899999999999 0.096163999999999986 0.0046189999999999998 0.0046340000000000001 0.0040039999999999997 0.00090499999999999999 0.00092100000000000005 0.00093599999999999987 1.0433767647694061 1.0433767647694061 1.0433767647694061 7.1819047203276476e-06 7.1819047203276476e-06 7.1819047203276476e-06 1 1 1 Converged Converged Converged OK OK OK 83 83 83 83 83 83 5 5 5 0 0 0 0 1 0 0 1
15 15 uniform 3 0 158 0 0.001 0.29716123773913461 0.00027389503650324641 0.0061289079427950593 3.0587083125028571 -0.1013113196618112 3.0574825309142981 0 -3.0574011622127237 1.0350327311783702 OK 13 12 0.64954900000000004 0.64747600000000005 0.097452999999999998 0.54767999999999994 0.54845900000000003 0 0.1018690000000001 0.099017000000000022 0.097452999999999998 0.039674000000000001 0.037116999999999997 0.036098999999999999 0.047660000000000001 0.047323999999999991 0.047031999999999997 0.0018730000000000001 0.0019219999999999999 0.001828 0.00052000000000000006 0.00050099999999999993 0.00053800000000000007 1.0350327531978314 1.0350327531978314 1.0350327531978314 0.00041682375022678594 0.00041682375022678594 0.00041682375022678594 1 1 1 Converged Converged Converged OK OK OK 44 44 44 44 44 44 4 4 4 0 0 0 0 0 1 0 0
15 15 uniform 3 7 158 1 0.001 0.29716123773913461 0.00027389503650324641 0.0061289079427950593 3.0587083125028571 -0.1013113196618112 3.058228658837769 0 -3.0581472901361946 1.0365193458064947 OK 13 12 0.51422599999999996 0.27113100000000001 0.090438000000000004 0.41773500000000002 0.16121099999999999 0 0.096490999999999938 0.10992000000000002 0.090438000000000004 0.037969000000000003 0.035325000000000002 0.033189999999999997 0.046001999999999994 0.062111000000000006 0.045437999999999978 0.001874 0.0019620000000000002 0.0018779999999999999 0.00049100000000000001 0.00052899999999999996 0.00046499999999999997 1.0365193859328954 1.0365193859328954 1.0365193859328954 0.00042775421861659794 0.00042775421861659794 0.00042775421861659794 1 1 1 Converged Converged Converged OK OK OK 44 44 44 44 44 44 4 4 4 0 0 0 0 1 0 0 1
15 15 uniform 3 15 158 2 0.001 0.29716123773913461 0.00027389503650324641 0.0061289079427950593 3.0587083125028571 -0.1013113196618112 3.0590813764645923 0 -3.0590000077630179 1.0384463948150864 OK 13 12 0.60476799999999997 0.33968399999999999 0.093552999999999997 0.50580599999999998 0.21801300000000001 0 0.098961999999999994 0.12167099999999997 0.093552999999999997 0.034375999999999997 0.039837999999999998 0.030120999999999998 0.052302999999999995 0.068519999999999998 0.05163199999999999 0.0019320000000000001 0.0023749999999999999 0.0018419999999999999 0.00047000000000000004 0.00055699999999999999 0.00046600000000000005 1.0384464721750202 1.0384464721750202 1.0384464721750202 0.00044498702548912398 0.00044498702548912398 0.00044498702548912398 1 1 1 Converged Converged Converged OK OK OK 44 44 44 44 44 44 4 4 4 0 0 0 0 1 0 0 1
15 15 uniform 3 23 158 3 0.001 0.29716123773913461 0.00027389503650324641 0.0061289079427950593 3.0587083125028571 -0.1013113196618112 3.0599340940914161 0 -3.0598527253898418 1.0406710103262182 OK 13 12 0.68107899999999999 0.41981600000000002 0.099089999999999998 0.57613899999999996 0.29782599999999998 0 0.10494000000000003 0.12199000000000004 0.099089999999999998 0.034972000000000003 0.035790000000000002 0.030512999999999998 0.056718999999999992 0.072635999999999978 0.056328999999999997 0.002117 0.0023010000000000001 0.0018649999999999999 0.00062599999999999993 0.00070099999999999991 0.00059000000000000003 1.0406717667140994 1.0406717667140994 1.0406717667140994 0.00052445704705586136 0.00052445704705586136 0.00052445704705586136 1 1 1 Converged Converged Converged OK OK OK 51 51 51 51 51 51 5 5 5 0 0 0 0 1 0 0 1
15 15 uniform 3 0 158 0 0.0001 0.29716123773913461 0.00027389503650324641 0.0061289079427950593 3.0587083125028571 -0.1013113196618112 3.0574825309142981 0 -3.0574011622127237 1.0350327311783702 OK 13 12 0.66565099999999999 0.66411299999999995 0.113679 0.55078000000000005 0.54757199999999995 0 0.11487099999999995 0.11654100000000001 0.113679 0.035955000000000001 0.037555999999999999 0.035584999999999999 0.058404999999999999 0.058667999999999998 0.058032999999999987 0.0028809999999999999 0.0028279999999999998 0.0028270000000000001 0.000678 0.0006150000000000001 0.000696 1.0350327532050154 1.0350327532050154 1.0350327532050154 6.1843553845655221e-05 6.1843553845655221e-05 6.1843553845655221e-05 1 1 1 Converged Converged Converged OK OK OK 60 60 60 60 60 60 4 4 4 0 0 0 0 0 1 0 0
15 15 uniform 3 7 158 1 0.0001 0.29716123773913461 0.00027389503650324641 0.0061289079427950593 3.0587083125028571 -0.1013113196618112 3.058228658837769 0 -3.0581472901361946 1.0365193458064947 OK 13 12 0.527339 0.30681999999999998 0.106471 0.41712900000000003 0.16039400000000001 0 0.11020999999999997 0.14642599999999997 0.106471 0.035911999999999999 0.038102999999999998 0.033079999999999998 0.056777999999999967 0.090915999999999997 0.056544999999999991 0.0027890000000000002 0.0028970000000000003 0.0027689999999999998 0.00060300000000000002 0.00058900000000000001 0.0005840000000000001 1.0365193859400412 1.0365193859400412 1.0365193859400412 7.277631668027709e-05 7.277631668027709e-05 7.277631668027709e-05 1 1 1 Converged Converged Converged OK OK OK 60 60 60 60 60 60 4 4 4 0 0 0 0 1 0 0 1
15 15 uniform 3 15 158 2 0.0001 0.29716123773913461 0.00027389503650324641 0.0061289079427950593 3.0587083125028571 -0.1013113196618112 3.0590813764645923 0 -3.0590000077630179 1.0384463948150864 OK 13 12 0.62156100000000003 0.36646200000000001 0.110845 0.50459900000000002 0.21194399999999999 0 0.11696200000000001 0.15451800000000002 0.110845 0.033576000000000002 0.038278 0.029832999999999998 0.065534999999999982 0.097989000000000021 0.064472000000000002 0.0028679999999999999 0.0032239999999999999 0.002699 0.00061299999999999994 0.00070799999999999997 0.00060300000000000002 1.0384464721821409 1.0384464721821409 1.0384464721821409 9.0011743215386697e-05 9.0011743215386697e-05 9.0011743215386697e-05 1 1 1 Converged Converged Converged OK OK OK 60 60 60 60 60 60 4 4 4 0 0 0 0 1 0 0 1
15 15 uniform 3 23 158 3 0.0001 0.29716123773913461 0.00027389503650324641 0.0061289079427950593 3.0587083125028571 -0.1013113196618112 3.0599340940914161 0 -3.0598527253898418 1.0406710103262182 OK 13 12 0.71303399999999995 0.46301999999999999 0.12537200000000001 0.58205799999999996 0.29687200000000002 0 0.13097599999999998 0.16614799999999996 0.12537200000000001 0.035119999999999998 0.035179000000000002 0.030599000000000001 0.074616999999999975 0.10963500000000002 0.074630999999999975 0.00364 0.0035890000000000002 0.0030889999999999997 0.00094799999999999995 0.00094200000000000002 0.00084999999999999995 1.0406716027196647 1.0406716027196647 1.0406716027196647 6.8774164022732749e-05 6.8774164022732749e-05 6.8774164022732749e-05 1 1 1 Converged Converged Converged OK OK OK 75 75 75 75 75 75 5 5 5 0 0 0 0 1 0 0 1
15 15 uniform 4 0 159 0 0.001 0.29716123773913461 0.00027389503650324641 0.0061289079427950593 3.076668764184932 -0.10286936280718616 3.0754429825963729 0 -3.0753616138947986 1.0361325880983332 OK 13 12 0.52312599999999998 0.53311900000000001 0.086915999999999993 0.43801499999999999 0.44163599999999997 0 0.085110999999999992 0.091483000000000037 0.086915999999999993 0.023661999999999999 0.026165000000000001 0.024797 0.049477999999999994 0.052811999999999998 0.050350999999999993 0.0014549999999999999 0.001727 0.001449 0.00042500000000000003 0.00046899999999999996 0.00043399999999999998 1.0361332700667139 1.0361332700667139 1.0361332700667139 0.00077023101290063717 0.00077023101290063717 0.00077023101290063717 1 1 1 Converged Converged Converged OK OK OK 43 43 43 43 43 43 5 5 5 0 0 0 0 0 1 0 0
15 15 uniform 4 7 159 1 0.001 0.29716123773913461 0.00027389503650324641 0.0061289079427950593 3.076668764184932 -0.10286936280718616 3.0761891105198438 0 -3.0761077418182694 1.0344134914750642 OK 13 12 0.59571300000000005 0.35653099999999999 0.078782000000000005 0.51379200000000003 0.25802599999999998 0 0.081921000000000022 0.098505000000000009 0.078782000000000005 0.023192000000000001 0.023906 0.021197000000000001 0.048191999999999999 0.064495999999999998 0.048063999999999989 0.0016190000000000002 0.0015500000000000002 0.001407 0.00042000000000000002 0.00039799999999999997 0.00040999999999999999 1.03441398352182 1.03441398352182 1.03441398352182 0.00071469462908098531 0.00071469462908098531 0.00071469462908098531 1 1 1 Converged Converged Converged OK OK OK 43 43 43 43 43 43 5 5 5 0 0 0 0 1 0 0 1
15 15 uniform 4 15 159 2 0.001 0.29716123773913461 0.00027389503650324641 0.0061289079427950593 3.076668764184932 -0.10286936280718616 3.0770418281466672 0 -3.0769604594450928 1.0327145930316615 OK 13 12 0.47593200000000002 0.23633899999999999 0.064494999999999997 0.41003699999999998 0.154389 0 0.065895000000000037 0.081949999999999995 0.064494999999999997 0.0084010000000000005 0.0085000000000000006 0.0078250000000000004 0.047514000000000008 0.063543999999999989 0.047305000000000007 0.0015119999999999999 0.0014850000000000002 0.0014459999999999998 0.000388 0.00038900000000000002 0.000359 1.0327149348174889 1.0327149348174889 1.0327149348174889 0.00066285472833338226 0.00066285472833338226 0.00066285472833338226 1 1 1 Converged Converged Converged OK OK OK 43 43 43 43 43 43 5 5 5 0 0 0 0 1 0 0 1
15 15 uniform 4 23 159 3 0.001 0.29716123773913461 0.00027389503650324641 0.0061289079427950593 3.076668764184932 -0.10286936280718616 3.077894545773491 0 -3.0778131770719166 1.0312441495747411 OK 13 12 0.62503900000000001 0.36507899999999999 0.064209000000000002 0.55891599999999997 0.278783 0 0.066123000000000043 0.086295999999999984 0.064209000000000002 0.008456 0.0084779999999999994 0.007835 0.047449000000000005 0.067920000000000008 0.047043000000000001 0.0016410000000000001 0.0015690000000000001 0.0014339999999999999 0.00039499999999999995 0.00037399999999999998 0.00034500000000000004 1.0312443911512905 1.0312443911512905 1.0312443911512905 0.0006215402121896084 0.0006215402121896084 0.0006215402121896084 1 1 1 Converged Converged Converged OK OK OK 43 43 43 43 43 43 5 5 5 0 0 0 0 1 0 0 1
15 15 uniform 4 0 159 0 0.0001 0.29716123773913461 0.00027389503650324641 0.0061289079427950593 3.076668764184932 -0.10286936280718616 3.0754429825963729 0 -3.0753616138947986 1.0361325880983332 OK 13 12 0.55572100000000002 0.55318199999999995 0.110123 0.44364199999999998 0.438139 0 0.11207900000000004 0.11504299999999995 0.110123 0.024008999999999999 0.027319 0.023089999999999999 0.067853999999999984 0.067834000000000005 0.06749899999999999 0.0026260000000000003 0.0026689999999999999 0.0025569999999999998 0.00069199999999999991 0.00071200000000000007 0.00071200000000000007 1.0361325914264186 1.0361325914264186 1.0361325914264186 5.8257789721204583e-05 5.8257789721204583e-05 5.8257789721204583e-05 1 1 1 Converged Converged Converged OK OK OK 67 67 67 67 67 67 5 5 5 0 0 0 0 0 1 0 0
15 15 uniform 4 7 159 1 0.0001 0.29716123773913461 0.00027389503650324641 0.0061289079427950593 3.076668764184932 -0.10286936280718616 3.0761891105198438 0 -3.0761077418182694 1.0344134914750642 OK 13 12 0.617564 0.39962300000000001 0.102766 0.51191699999999996 0.25587900000000002 0 0.10564700000000005 0.14374399999999998 0.102766 0.022429999999999999 0.023272000000000001 0.020424000000000001 0.066664999999999988 0.104009 0.066435999999999995 0.0026610000000000002 0.0026540000000000001 0.0025870000000000003 0.00060400000000000004 0.00059599999999999996 0.00061300000000000005 1.0344134952213673 1.0344134952213673 1.0344134952213673 5.7099229362993499e-05 5.7099229362993499e-05 5.7099229362993499e-05 1 1 1 Converged Converged Converged OK OK OK 67 67 67 67 67 67 5 5 5 0 0 0 0 1 0 0 1
15 15 uniform 4 15 159 2 0.0001 0.29716123773913461 0.00027389503650324641 0.0061289079427950593 3.076668764184932 -0.10286936280718616 3.0770418281466672 0 -3.0769604594450928 1.0327145930316615 OK 13 12 0.50434500000000004 0.28356599999999998 0.088636999999999994 0.41373799999999999 0.15637999999999999 0 0.090607000000000049 0.12718599999999999 0.088636999999999994 0.0084550000000000007 0.0083859999999999994 0.0078059999999999996 0.065248 0.10243300000000002 0.06510500000000001 0.0027060000000000001 0.0027130000000000001 0.0026300000000000004 0.00063999999999999994 0.00060900000000000006 0.00060899999999999995 1.0327145982758648 1.0327145982758648 1.0327145982758648 5.7133662040966363e-05 5.7133662040966363e-05 5.7133662040966363e-05 1 1 1 Converged Converged Converged OK OK OK 67 67 67 67 67 67 5 5 5 0 0 0 0 1 0 0 1
15 15 uniform 4 23 159 3 0.0001 0.29716123773913461 0.00027389503650324641 0.0061289079427950593 3.076668764184932 -0.10286936280718616 3.077894545773491 0 -3.0778131770719166 1.0312441495747411 OK 13 12 0.64725100000000002 0.40806799999999999 0.088829000000000005 0.55661099999999997 0.28127000000000002 0 0.090640000000000054 0.12679799999999997 0.088829000000000005 0.0084019999999999997 0.0084209999999999997 0.0078799999999999999 0.065589999999999996 0.10216200000000003 0.06523799999999999 0.0025880000000000005 0.002604 0.0025409999999999999 0.00062799999999999998 0.00061800000000000006 0.00059400000000000002 1.0312441569316422 1.0312441569316422 1.0312441569316422 5.809334102111536e-05 5.809334102111536e-05 5.809334102111536e-05 1 1 1 Converged Converged Converged OK OK OK 67 67 67 67 67 67 5 5 5 0 0 0 0 1 0 0 1
16 16 linear 0 0 160 0 0.001 3.2768037252864608 0.37005264934700166 0.00026184353749849975 -2.1763998746246109 0.050666456583377706 -2.1764522433321107 0.5 3.0615203467442877 113.38096243788077 OK 14 13 0.53932899999999995 0.53828699999999996 0.13863500000000001 0.40079199999999998 0.40176499999999998 0 0.13853699999999997 0.13652199999999998 0.13863500000000001 0.012218 0.012474000000000001 0.012 0.10458999999999999 0.10227500000000005 0.10495599999999998 0.0030470000000000002 0.0032269999999999998 0.003058 0.00081400000000000005 0.00077899999999999996 0.0007980000000000001 113.38071320386936 113.38071320386936 113.38071320386936 0.024321647211182445 0.024321647211182445 0.024321647211182445 1 1 1 Converged Converged Converged OK OK OK 67 67 67 67 67 67 5 5 5 0 0 0 0 0 1 0 0
16 16 linear 0 7 160 1 0.001 3.2768037252864608 0.37005264934700166 0.00026184353749849975 -2.1763998746246109 0.050666456583377706 -2.1764203667275455 0.5 3.0614884701397225 118.54959169249375 OK 14 13 0.570635 0.52380000000000004 0.130443 0.43510700000000002 0.28737400000000002 0 0.13552799999999998 0.23642600000000003 0.130443 0.011709000000000001 0.011672 0.010845 0.10555400000000002 0.20685500000000004 0.10245399999999999 0.0030890000000000002 0.0030730000000000002 0.002921 0.00086600000000000002 0.00081100000000000009 0.00083900000000000001 118.55023201565533 118.55023201565533 118.55023201565533 0.027304942754417375 0.027304942754417375 0.027304942754417375 1 1 1 Converged Converged Converged OK OK OK 67 67 67 67 67 67 5 5 5 0 0 0 0 1 0 0 1
16 16 linear 0 15 160 2 0.001 3.2768037252864608 0.37005264934700166 0.00026184353749849975 -2.1763998746246109 0.050666456583377706 -2.1763839363223285 0.5 3.0614520397345055 122.38151006060347 OK 14 13 0.55778700000000003 0.52198299999999997 0.12737100000000001 0.42213699999999998 0.29765799999999998 0 0.13565000000000005 0.224325 0.12737100000000001 0.011443999999999999 0.011643000000000001 0.010822999999999999 0.10644400000000002 0.19449599999999997 0.099297000000000024 0.003055 0.0032709999999999996 0.0030630000000000002 0.00071199999999999996 0.00078699999999999994 0.00071499999999999992 122.38189265148563 122.38189265148563 122.38189265148563 0.03078657565141403 0.03078657565141403 0.03078657565141403 1 1 1 Converged Converged Converged OK OK OK 67 67 67 67 67 67 5 5 5 0 0 0 0 1 0 0 1
16 16 linear 0 23 160 3 0.001 3.2768037252864608 0.37005264934700166 0.00026184353749849975 -2.1763998746246109 0.050666456583377706 -2.1763475059171111 0.5 3.0614156093292881 123.70600189818265 OK 14 13 0.53183000000000002 0.48335299999999998 0.12990099999999999 0.39793899999999999 0.257691 0 0.13389100000000004 0.22566199999999997 0.12990099999999999 0.011292 0.011501000000000001 0.010864 0.10492200000000002 0.19656399999999999 0.10196800000000002 0.0030430000000000001 0.0031310000000000005 0.0030660000000000001 0.00073699999999999992 0.00070399999999999998 0.00069700000000000003 123.70609911859802 123.70609911859802 123.70609911859802 0.033383765331497992 0.033383765331497992 0.033383765331497992 1 1 1 Converged Converged Converged OK OK OK 67 67 67 67 67 67 5 5 5 0 0 0 0 1 0 0 1
16 16 linear 0 0 160 0 0.0001 3.2768037252864608 0.37005264934700166 0.00026184353749849975 -2.1763998746246109 0.050666456583377706 -2.1764522433321107 0.5 3.0615203467442877 113.38096243788077 OK 14 13 0.59534500000000001 0.59318800000000005 0.182558 0.408584 0.40173300000000001 0 0.18676100000000001 0.19145500000000004 0.182558 0.012442 0.012418999999999999 0.011889 0.14147900000000008 0.14490599999999998 0.13777400000000006 0.0049100000000000003 0.0057129999999999993 0.005176 0.0010769999999999998 0.001225 0.001145 113.38071320620602 113.38071320620602 113.38071320620602 0.010254503222214042 0.010254503222214042 0.010254503222214042 1 1 1 Converged Converged Converged OK OK OK 99 99 99 99 99 99 5 5 5 0 0 0 0 0 1 0 0
16 16 linear 0 7 160 1 0.0001 3.2768037252864608 0.37005264934700166 0.00026184353749849975 -2.1763998746246109 0.050666456583377706 -2.1764203667275455 0.5 3.0614884701397225 118.54959169249375 OK 14 13 0.64234400000000003 0.66141000000000005 0.20114000000000001 0.43586200000000003 0.28834900000000002 0 0.206482 0.37306100000000003 0.20114000000000001 0.011523 0.011495999999999999 0.010907999999999999 0.16404100000000002 0.33021499999999998 0.15965199999999999 0.0054750000000000007 0.0056019999999999993 0.0055740000000000008 0.0012110000000000001 0.0012099999999999999 0.0012639999999999999 118.55023206133336 118.55023206133336 118.55023206133336 0.0050968576425455521 0.0050968576425455521 0.0050968576425455521 1 1 1 Converged Converged Converged OK OK OK 115 115 115 115 115 115 5 5 5 0 0 0 0 1 0 0 1
16 16 linear 0 15 160 2 0.0001 3.2768037252864608 0.37005264934700166 0.00026184353749849975 -2.1763998746246109 0.050666456583377706 -2.1763839363223285 0.5 3.0614520397345055 122.38151006060347 OK 14 13 0.63647799999999999 0.64258400000000004 0.19429299999999999 0.43532100000000001 0.29624099999999998 0 0.20115699999999997 0.34634300000000007 0.19429299999999999 0.011558000000000001 0.011533 0.010893999999999999 0.15944999999999995 0.30459499999999995 0.15443899999999999 0.005840999999999999 0.0059119999999999997 0.0056490000000000004 0.0011390000000000003 0.001207 0.001142 122.38189306926317 122.38189306926317 122.38189306926317 0.0050979374689083673 0.0050979374689083673 0.0050979374689083673 1 1 1 Converged Converged Converged OK OK OK 115 115 115 115 115 115 5 5 5 0 0 0 0 1 0 0 1
16 16 linear 0 23 160 3 0.0001 3.2768037252864608 0.37005264934700166 0.00026184353749849975 -2.1763998746246109 0.050666456583377706 -2.1763475059171111 0.5 3.0614156093292881 123.70600189818265 OK 14 13 0.60576099999999999 0.60588799999999998 0.19680800000000001 0.402061 0.25971699999999998 0 0.20369999999999999 0.34617100000000001 0.19680800000000001 0.011501000000000001 0.011520000000000001 0.010763 0.16284400000000002 0.30445199999999989 0.15720800000000004 0.0055640000000000004 0.0058890000000000001 0.005594 0.0010970000000000001 0.0011529999999999999 0.0011159999999999998 123.70610117823401 123.70610117823401 123.70610117823401 0.0051017559389532913 0.0051017559389532913 0.0051017559389532913 1 1 1 Converged Converged Converged OK OK OK 115 115 115 115 115 115 5 5 5 0 0 0 0 1 0 0 1
16 16 linear 1 0 161 0 0.001 3.2768037252864608 0.37005264934700166 0.00026184353749849975 0.81532876868699911 0.013160111243465347 0.81527639997949941 0.5 0.06979170343267771 249.61608551835226 OK 14 13 0.49731900000000001 0.49582700000000002 0.15335399999999999 0.33980500000000002 0.33920899999999998 0 0.15751399999999999 0.15661800000000003 0.15335399999999999 0.013632999999999999 0.01345 0.013278 0.12180299999999998 0.11905999999999997 0.11853700000000002 0.0029329999999999998 0.0028760000000000001 0.0028940000000000003 0.00080999999999999996 0.00077399999999999995 0.00079699999999999997 249.61619879656556 249.61619879656556 249.61619879656556 0.085622477460220225 0.085622477460220225 0.085622477460220225 1 1 1 Converged Converged Converged OK OK OK 67 67 67 67 67 67 5 5 5 0 0 0 0 0 1 0 0
16 16 linear 1 7 161 1 0.001 3.2768037252864608 0.37005264934700166 0.00026184353749849975 0.81532876868699911 0.013160111243465347 0.81530827658406446 0.5 0.069759826828112659 262.15726815397977 OK 14 13 0.49677700000000002 0.45299099999999998 0.14529900000000001 0.34650300000000001 0.212065 0 0.15027400000000002 0.24092599999999997 0.14529900000000001 0.012688 0.012805 0.012116 0.11986400000000003 0.21073199999999997 0.11640499999999997 0.0029240000000000004 0.0028639999999999998 0.002761 0.0007490000000000001 0.00074200000000000004 0.00072800000000000002 262.15743968060241 262.15743968060241 262.15743968060241 0.05287259705115667 0.05287259705115667 0.05287259705115667 1 1 1 Converged Converged Converged OK OK OK 67 67 67 67 67 67 5 5 5 0 0 0 0 1 0 0 1
16 16 linear 1 15 161 2 0.001 3.2768037252864608 0.37005264934700166 0.00026184353749849975 0.81532876868699911 0.013160111243465347 0.81534470698928163 0.5 0.069723396422895489 269.95663154357209 OK 14 13 0.48017900000000002 0.43977300000000003 0.14191100000000001 0.33368999999999999 0.20286599999999999 0 0.14648900000000004 0.23690700000000003 0.14191100000000001 0.012586999999999999 0.012612 0.012145 0.11638400000000006 0.20689000000000007 0.11284699999999998 0.0028840000000000007 0.0029549999999999997 0.0028809999999999999 0.00076099999999999996 0.00075900000000000002 0.00079100000000000004 269.95768187425824 269.95768187425824 269.95768187425824 0.064619763866001753 0.064619763866001753 0.064619763866001753 1 1 1 Converged Converged Converged OK OK OK 67 67 67 67 67 67 5 5 5 0 0 0 0 1 0 0 1
16 16 linear 1 23 161 3 0.001 3.2768037252864608 0.37005264934700166 0.00026184353749849975 0.81532876868699911 0.013160111243465347 0.8153811373944988 0.5 0.06968696601767832 272.2631382507073 OK 14 13 0.49104199999999998 0.454789 0.15112400000000001 0.33172400000000002 0.20718200000000001 0 0.15931799999999996 0.24760699999999999 0.15112400000000001 0.016022999999999999 0.012786 0.012036 0.12556600000000001 0.21716399999999994 0.12217299999999998 0.0030959999999999998 0.0029979999999999998 0.0029239999999999999 0.00079699999999999997 0.00080400000000000003 0.00079100000000000004 272.2648081255814 272.2648081255814 272.2648081255814 0.065446611899489943 0.065446611899489943 0.065446611899489943 1 1 1 Converged Converged Converged OK OK OK 67 67 67 67 67 67 5 5 5 0 0 0 0 1 0 0 1
16 16 linear 1 0 161 0 0.0001 3.2768037252864608 0.37005264934700166 0.00026184353749849975 0.81532876868699911 0.013160111243465347 0.81527639997949941 0.5 0.06979170343267771 249.61608551835226 OK 14 13 0.58578300000000005 0.583727 0.23922199999999999 0.34064899999999998 0.342783 0 0.24513400000000007 0.24094399999999999 0.23922199999999999 0.013505 0.01359 0.013322000000000001 0.19423100000000004 0.18926899999999994 0.18861800000000004 0.005476 0.0061270000000000005 0.0057020000000000005 0.0011789999999999999 0.0012390000000000001 0.0012029999999999999 249.61612479283232 249.61612479283232 249.61612479283232 0.0094938135983358082 0.0094938135983358082 0.0094938135983358082 1 1 1 Converged Converged Converged OK OK OK 115 115 115 115 115 115 5 5 5 0 0 0 0 0 1 0 0
16 16 linear 1 7 161 1 0.0001 3.2768037252864608 0.37005264934700166 0.00026184353749849975 0.81532876868699911 0.013160111243465347 0.81530827658406446 0.5 0.069759826828112659 262.15726815397977 OK 14 13 0.55822799999999995 0.57045199999999996 0.20480400000000001 0.34659699999999999 0.21340100000000001 0 0.21163099999999996 0.35705099999999995 0.20480400000000001 0.012645999999999999 0.012762000000000001 0.012087000000000001 0.17344999999999997 0.31743899999999997 0.16767999999999997 0.0044949999999999999 0.0050699999999999999 0.0044869999999999997 0.0010209999999999998 0.0011190000000000002 0.001008 262.15745248552707 262.15745248552707 262.15745248552707 0.019129909872114229 0.019129909872114229 0.019129909872114229 1 1 1 Converged Converged Converged OK OK OK 99 99 99 99 99 99 5 5 5 0 0 0 0 1 0 0 1
16 16 linear 1 15 161 2 0.0001 3.2768037252864608 0.37005264934700166 0.00026184353749849975 0.81532876868699911 0.013160111243465347 0.81534470698928163 0.5 0.069723396422895489 269.95663154357209 OK 14 13 0.53656700000000002 0.56826200000000004 0.19636500000000001 0.33416299999999999 0.20436599999999999 0 0.20240400000000003 0.36389600000000005 0.19636500000000001 0.012718999999999999 0.012899000000000001 0.01204 0.1653140000000001 0.326206 0.16095699999999996 0.0044819999999999999 0.0046540000000000002 0.0044069999999999995 0.0010639999999999998 0.001042 0.0010149999999999998 269.95769311716498 269.95769311716498 269.95769311716498 0.025730091958043891 0.025730091958043891 0.025730091958043891 1 1 1 Converged Converged Converged OK OK OK 99 99 99 99 99 99 5 5 5 0 0 0 0 1 0 0 1
16 16 linear 1 23 161 3 0.0001 3.2768037252864608 0.37005264934700166 0.00026184353749849975 0.81532876868699911 0.013160111243465347 0.8153811373944988 0.5 0.06968696601767832 272.2631382507073 OK 14 13 0.547987 0.57128999999999996 0.20530300000000001 0.33604800000000001 0.20319899999999999 0 0.21193899999999999 0.36809099999999995 0.20530300000000001 0.012699999999999999 0.012664 0.012073 0.17502900000000016 0.33075599999999999 0.16972400000000004 0.0044900000000000001 0.0048019999999999998 0.0045110000000000003 0.0010660000000000001 0.001114 0.0010330000000000001 272.26481121398575 272.26481121398575 272.26481121398575 0.025720370260802972 0.025720370260802972 0.025720370260802972 1 1 1 Converged Converged Converged OK OK OK 99 99 99 99 99 99 5 5 5 0 0 0 0 1 0 0 1
16 16 linear 2 0 162 0 0.001 3.2768037252864608 0.37005264934700166 0.00026184353749849975 0.80762192002776756 -0.039498983166467598 0.80756955132026786 0.5 0.077498552091909256 269.35999517556502 OK 15 14 0.67782100000000001 0.67268700000000003 0.225774 0.44780900000000001 0.44648199999999999 0 0.23001199999999999 0.22620500000000004 0.225774 0.018865 0.018256000000000001 0.018595 0.17754799999999996 0.175369 0.17379800000000001 0.0043899999999999998 0.0042909999999999997 0.0043920000000000009 0.001031 0.001039 0.001085 269.35953783420814 269.35953783420814 269.35953783420814 0.25512822591827317 0.25512822591827317 0.25512822591827317 1 1 1 Converged Converged Converged OK OK OK 89 89 89 89 89 89 7 7 7 0 0 0 0 0 1 0 0
16 16 linear 2 7 162 1 0.001 3.2768037252864608 0.37005264934700166 0.00026184353749849975 0.80762192002776756 -0.039498983166467598 0.80760142792483292 0.5 0.077466675487344205 301.92547631188921 OK 14 13 0.58404199999999995 0.59122799999999998 0.201402 0.37740200000000002 0.24218100000000001 0 0.20663999999999993 0.349047 0.201402 0.014089000000000001 0.014375000000000001 0.013494000000000001 0.16877600000000004 0.31084099999999998 0.16447999999999999 0.0040670000000000003 0.0041100000000000008 0.0041229999999999999 0.000977 0.00099700000000000006 0.001029 301.92567635788492 301.92567635788492 301.92567635788492 0.19805212409175124 0.19805212409175124 0.19805212409175124 1 1 1 Converged Converged Converged OK OK OK 89 89 89 89 89 89 7 7 7 0 0 0 0 1 0 0 1
16 16 linear 2 15 162 2 0.001 3.2768037252864608 0.37005264934700166 0.00026184353749849975 0.80762192002776756 -0.039498983166467598 0.80763785833005008 0.5 0.077430245082127036 320.70088401678396 OK 14 13 0.564724 0.57384800000000002 0.18614700000000001 0.37457099999999999 0.22792399999999999 0 0.19015300000000002 0.34592400000000001 0.18614700000000001 0.013809 0.014147 0.013136 0.15288199999999999 0.30740500000000004 0.14988499999999996 0.0040409999999999995 0.0041960000000000001 0.004176 0.001003 0.0010140000000000001 0.0010059999999999999 320.7013666132267 320.7013666132267 320.7013666132267 0.15960208042633564 0.15960208042633564 0.15960208042633564 1 1 1 Converged Converged Converged OK OK OK 89 89 89 89 89 89 7 7 7 0 0 0 0 1 0 0 1
16 16 linear 2 23 162 3 0.001 3.2768037252864608 0.37005264934700166 0.00026184353749849975 0.80762192002776756 -0.039498983166467598 0.80767428873526725 0.5 0.077393814676909867 328.21732476262838 OK 14 13 0.53501299999999996 0.56673499999999999 0.187724 0.34414800000000001 0.211448 0 0.19086499999999995 0.35528700000000002 0.187724 0.013849999999999999 0.013968 0.014527 0.15371499999999999 0.31740400000000002 0.15035199999999993 0.0039820000000000003 0.0042709999999999996 0.0038270000000000001 0.0010070000000000001 0.001011 0.00099899999999999989 328.21716605167359 328.21716605167359 328.21716605167359 0.13261959222547337 0.13261959222547337 0.13261959222547337 1 1 1 Converged Converged Converged OK OK OK 89 89 89 89 89 89 7 7 7 0 0 0 0 1 0 0 1
16 16 linear 2 0 162 0 0.0001 3.2768037252864608 0.37005264934700166 0.00026184353749849975 0.80762192002776756 -0.039498983166467598 0.80756955132026786 0.5 0.077498552091909256 269.35999517556502 OK 15 14 0.760216 0.75310999999999995 0.30782599999999999 0.44652999999999998 0.44854699999999997 0 0.31368600000000002 0.30456299999999997 0.30782599999999999 0.018460000000000001 0.018492999999999999 0.018265 0.24489800000000006 0.2366339999999999 0.23464199999999993 0.0064619999999999999 0.0064049999999999992 0.0065349999999999991 0.0014970000000000001 0.001449 0.0014519999999999999 269.35953174643902 269.35953174643902 269.35953174643902 0.018408263028827886 0.018408263028827886 0.018408263028827886 1 1 1 Converged Converged Converged OK OK OK 129 129 129 129 129 129 7 7 7 0 0 0 0 0 1 0 0
16 16 linear 2 7 162 1 0.0001 3.2768037252864608 0.37005264934700166 0.00026184353749849975 0.80762192002776756 -0.039498983166467598 0.80760142792483292 0.5 0.077466675487344205 301.92547631188921 OK 14 13 0.65682799999999997 0.73045899999999997 0.269959 0.38116899999999998 0.24559600000000001 0 0.27565899999999999 0.48486299999999993 0.269959 0.014323000000000001 0.014354 0.013417 0.22582800000000003 0.43423600000000007 0.22154699999999994 0.0063570000000000007 0.0065909999999999996 0.0062760000000000012 0.0013999999999999998 0.0013960000000000001 0.0014 301.92566925208251 301.92566925208251 301.92566925208251 0.01441980497973046 0.01441980497973046 0.01441980497973046 1 1 1 Converged Converged Converged OK OK OK 129 129 129 129 129 129 7 7 7 0 0 0 0 1 0 0 1
16 16 linear 2 15 162 2 0.0001 3.2768037252864608 0.37005264934700166 0.00026184353749849975 0.80762192002776756 -0.039498983166467598 0.80763785833005008 0.5 0.077430245082127036 320.70088401678396 OK 14 13 0.62631300000000001 0.71176200000000001 0.25366300000000003 0.37384099999999998 0.229209 0 0.25247200000000003 0.48255300000000001 0.25366300000000003 0.013950000000000001 0.013927 0.019001000000000001 0.203267 0.43259199999999987 0.20007500000000003 0.0063229999999999996 0.0066630000000000005 0.00643 0.001356 0.0013439999999999999 0.001387 320.70136863706296 320.70136863706296 320.70136863706296 0.013355630362829246 0.013355630362829246 0.013355630362829246 1 1 1 Converged Converged Converged OK OK OK 129 129 129 129 129 129 7 7 7 0 0 0 0 1 0 0 1
16 16 linear 2 23 162 3 0.0001 3.2768037252864608 0.37005264934700166 0.00026184353749849975 0.80762192002776756 -0.039498983166467598 0.80767428873526725 0.5 0.077393814676909867 328.21732476262838 OK 14 13 0.60116899999999995 0.69533999999999996 0.24884899999999999 0.34103800000000001 0.21224899999999999 0 0.26013099999999995 0.48309099999999994 0.24884899999999999 0.013925 0.014175999999999999 0.013285 0.20527399999999996 0.43274499999999971 0.20088899999999987 0.0062569999999999995 0.0066800000000000002 0.0062379999999999988 0.0014059999999999999 0.0014260000000000002 0.0014 328.21716633399063 328.21716633399063 328.21716633399063 0.012404912090945103 0.012404912090945103 0.012404912090945103 1 1 1 Converged Converged Converged OK OK OK 129 129 129 129 129 129 7 7 7 0 0 0 0 1 0 0 1
16 16 linear 3 0 163 0 0.001 3.2768037252864608 0.37005264934700166 0.00026184353749849975 0.82030377824559986 -0.0069410148522308264 0.82025140953810016 0.5 0.064816693874076958 186.2193838707469 OK 15 14 0.55900799999999995 0.55713000000000001 0.20005800000000001 0.35176299999999999 0.35620499999999999 0 0.20724499999999996 0.20092500000000002 0.20005800000000001 0.016670000000000001 0.016667000000000001 0.016330999999999998 0.15947899999999998 0.15369700000000008 0.15335799999999997 0.0043949999999999996 0.0043440000000000006 0.0041019999999999997 0.00092700000000000009 0.000919 0.0009230000000000001 186.2192810683795 186.2192810683795 186.2192810683795 0.16728047736886661 0.16728047736886661 0.16728047736886661 1 1 1 Converged Converged Converged OK OK OK 83 83 83 83 83 83 5 5 5 0 0 0 0 0 1 0 0
16 16 linear 3 7 163 1 0.001 3.2768037252864608 0.37005264934700166 0.00026184353749849975 0.82030377824559986 -0.0069410148522308264 0.82028328614266521 0.5 0.064784817269511907 192.34424290423135 OK 15 14 0.55792900000000001 0.51317100000000004 0.19369500000000001 0.355157 0.220721 0 0.20277200000000001 0.29245000000000004 0.19369500000000001 0.015924000000000001 0.016059 0.015167 0.16092100000000004 0.25077099999999997 0.15351800000000002 0.0045839999999999995 0.0042490000000000002 0.0041250000000000002 0.00098200000000000002 0.00091200000000000005 0.00090900000000000009 192.34413935538919 192.34413935538919 192.34413935538919 0.17223181262030215 0.17223181262030215 0.17223181262030215 1 1 1 Converged Converged Converged OK OK OK 83 83 83 83 83 83 5 5 5 0 0 0 0 1 0 0 1
16 16 linear 3 15 163 2 0.001 3.2768037252864608 0.37005264934700166 0.00026184353749849975 0.82030377824559986 -0.0069410148522308264 0.82031971654788238 0.5 0.064748386864294738 200.42800748279899 OK 15 14 0.55962299999999998 0.51429899999999995 0.19984499999999999 0.35211799999999999 0.21884999999999999 0 0.207505 0.29544899999999996 0.19984499999999999 0.015906 0.015864 0.015063999999999999 0.16591600000000004 0.25397700000000001 0.15978500000000004 0.0043890000000000005 0.0044100000000000007 0.0042880000000000001 0.00093800000000000003 0.00096999999999999994 0.00093900000000000016 200.42790108585839 200.42790108585839 200.42790108585839 0.1789583438157718 0.1789583438157718 0.1789583438157718 1 1 1 Converged Converged Converged OK OK OK 83 83 83 83 83 83 5 5 5 0 0 0 0 1 0 0 1
16 16 linear 3 23 163 3 0.001 3.2768037252864608 0.37005264934700166 0.00026184353749849975 0.82030377824559986 -0.0069410148522308264 0.82035614695309955 0.5 0.064711956459077569 210.11612228979692 OK 15 14 0.56702699999999995 0.52601299999999995 0.202933 0.35063699999999998 0.21734700000000001 0 0.21638999999999997 0.30866599999999994 0.202933 0.015716999999999998 0.01592 0.015151 0.174734 0.26714399999999994 0.16262600000000002 0.0045209999999999998 0.0044159999999999998 0.0043140000000000001 0.000959 0.00096699999999999998 0.00096499999999999993 210.11598200194905 210.11598200194905 210.11598200194905 0.20817432005089986 0.20817432005089986 0.20817432005089986 1 1 1 Converged Converged Converged OK OK OK 83 83 83 83 83 83 5 5 5 0 0 0 0 1 0 0 1
16 16 linear 3 0 163 0 0.0001 3.2768037252864608 0.37005264934700166 0.00026184353749849975 0.82030377824559986 -0.0069410148522308264 0.82025140953810016 0.5 0.064816693874076958 186.2193838707469 OK 15 14 0.61468699999999998 0.61450700000000003 0.25742599999999999 0.351962 0.350995 0 0.26272499999999999 0.26351200000000002 0.25742599999999999 0.016732 0.016759 0.016313999999999999 0.20217200000000002 0.20309100000000008 0.19780500000000001 0.006319 0.0059479999999999993 0.006038 0.0012149999999999997 0.0011949999999999999 0.0011860000000000002 186.21928105261452 186.21928105261452 186.21928105261452 0.0081791752812725282 0.0081791752812725282 0.0081791752812725282 1 1 1 Converged Converged Converged OK OK OK 115 115 115 115 115 115 5 5 5 0 0 0 0 0 1 0 0
16 16 linear 3 7 163 1 0.0001 3.2768037252864608 0.37005264934700166 0.00026184353749849975 0.82030377824559986 -0.0069410148522308264 0.82028328614266521 0.5 0.064784817269511907 192.34424290423135 OK 15 14 0.61338599999999999 0.616309 0.249332 0.35859099999999999 0.222083 0 0.25479499999999999 0.39422599999999997 0.249332 0.015969000000000001 0.015771 0.015154000000000001 0.20361300000000004 0.34292100000000009 0.19949200000000003 0.0060049999999999991 0.006136 0.0059419999999999994 0.0011850000000000001 0.001188 0.0011519999999999998 192.34413930446962 192.34413930446962 192.34413930446962 0.0081788752920220528 0.0081788752920220528 0.0081788752920220528 1 1 1 Converged Converged Converged OK OK OK 115 115 115 115 115 115 5 5 5 0 0 0 0 1 0 0 1
16 16 linear 3 15 163 2 0.0001 3.2768037252864608 0.37005264934700166 0.00026184353749849975 0.82030377824559986 -0.0069410148522308264 0.82031971654788238 0.5 0.064748386864294738 200.42800748279899 OK 15 14 0.61354200000000003 0.61289400000000005 0.25717299999999998 0.35073799999999999 0.22089600000000001 0 0.26280400000000004 0.39199800000000007 0.25717299999999998 0.015835999999999999 0.016038 0.015129999999999999 0.21142300000000003 0.34027000000000002 0.20738600000000004 0.0063110000000000006 0.0062170000000000003 0.0059509999999999997 0.0012030000000000001 0.001189 0.001189 200.42790097552597 200.42790097552597 200.42790097552597 0.0081799905077156974 0.0081799905077156974 0.0081799905077156974 1 1 1 Converged Converged Converged OK OK OK 115 115 115 115 115 115 5 5 5 0 0 0 0 1 0 0 1
16 16 linear 3 23 163 3 0.0001 3.2768037252864608 0.37005264934700166 0.00026184353749849975 0.82030377824559986 -0.0069410148522308264 0.82035614695309955 0.5 0.064711956459077569 210.11612228979692 OK 15 14 0.62304300000000001 0.63317500000000004 0.26625799999999999 0.35447699999999999 0.21760499999999999 0 0.26856600000000003 0.41557000000000005 0.26625799999999999 0.015821000000000002 0.015897999999999999 0.015128000000000001 0.21702199999999988 0.36378699999999986 0.21629799999999999 0.0063400000000000001 0.0063920000000000001 0.006136 0.0011819999999999999 0.0012009999999999998 0.001168 210.11598180052059 210.11598180052059 210.11598180052059 0.0081839090945580763 0.0081839090945580763 0.0081839090945580763 1 1 1 Converged Converged Converged OK OK OK 115 115 115 115 115 115 5 5 5 0 0 0 0 1 0 0 1
16 16 linear 4 0 164 0 0.001 3.2768037252864608 0.37005264934700166 0.00026184353749849975 -2.2268039359993792 0.00047917493562033703 -2.226856304706879 0.5 3.111924408119056 57.777218234452427 OK 13 12 0.51634400000000003 0.51763899999999996 0.10570400000000001 0.40820499999999998 0.410667 0 0.10813900000000004 0.10697199999999996 0.10570400000000001 0.0089029999999999995 0.0090720000000000002 0.0086940000000000003 0.080086999999999992 0.078624999999999987 0.078120000000000009 0.0028370000000000001 0.0029399999999999999 0.0028630000000000001 0.00056999999999999998 0.00057899999999999998 0.00055800000000000001 57.777182083669992 57.777182083669992 57.777182083669992 0.0031859873677375825 0.0031859873677375825 0.0031859873677375825 1 1 1 Converged Converged Converged OK OK OK 53 53 53 53 53 53 3 3 3 0 0 0 0 0 1 0 0
16 16 linear 4 7 164 1 0.001 3.2768037252864608 0.37005264934700166 0.00026184353749849975 -2.2268039359993792 0.00047917493562033703 -2.2268244281023137 0.5 3.1118925315144907 57.403408340338373 OK 13 12 0.52923900000000001 0.41343000000000002 0.101506 0.42482300000000001 0.28784500000000002 0 0.10441600000000001 0.125585 0.101506 0.008175 0.0084860000000000005 0.0078209999999999998 0.079298000000000007 0.09958599999999998 0.077236000000000013 0.002764 0.0031059999999999998 0.002823 0.00055900000000000004 0.00060500000000000007 0.00055099999999999995 57.40337321768267 57.40337321768267 57.40337321768267 0.0031866621968968836 0.0031866621968968836 0.0031866621968968836 1 1 1 Converged Converged Converged OK OK OK 53 53 53 53 53 53 3 3 3 0 0 0 0 1 0 0 1
16 16 linear 4 15 164 2 0.001 3.2768037252864608 0.37005264934700166 0.00026184353749849975 -2.2268039359993792 0.00047917493562033703 -2.2267879976970968 0.5 3.1118561011092738 56.976973804147995 OK 13 12 0.51703200000000005 0.40389000000000003 0.097659999999999997 0.41561900000000002 0.285607 0 0.10141300000000003 0.11828300000000003 0.097659999999999997 0.0082500000000000004 0.0083140000000000002 0.0076829999999999997 0.076209000000000027 0.093231000000000008 0.073794999999999999 0.0028240000000000001 0.0028580000000000003 0.0027820000000000002 0.00061799999999999995 0.00056300000000000002 0.00053799999999999996 56.976938705190477 56.976938705190477 56.976938705190477 0.0031874333276440902 0.0031874333276440902 0.0031874333276440902 1 1 1 Converged Converged Converged OK OK OK 53 53 53 53 53 53 3 3 3 0 0 0 0 1 0 0 1
16 16 linear 4 23 164 3 0.001 3.2768037252864608 0.37005264934700166 0.00026184353749849975 -2.2268039359993792 0.00047917493562033703 -2.2267515672918794 0.5 3.1118196707040564 56.55158640065104 OK 13 12 0.527223 0.41850799999999999 0.10174900000000001 0.42281099999999999 0.293402 0 0.104412 0.12510599999999999 0.10174900000000001 0.0081419999999999999 0.0082690000000000003 0.0079220000000000002 0.079326999999999967 0.097060000000000007 0.077145000000000005 0.0028240000000000001 0.0057819999999999998 0.0026980000000000003 0.00055199999999999997 0.00062099999999999992 0.00053299999999999995 56.55155212384912 56.55155212384912 56.55155212384912 0.0031882043983851604 0.0031882043983851604 0.0031882043983851604 1 1 1 Converged Converged Converged OK OK OK 53 53 53 53 53 53 3 3 3 0 0 0 0 1 0 0 1
16 16 linear 4 0 164 0 0.0001 3.2768037252864608 0.37005264934700166 0.00026184353749849975 -2.2268039359993792 0.00047917493562033703 -2.226856304706879 0.5 3.111924408119056 57.777218234452427 OK 13 12 0.51830100000000001 0.51682300000000003 0.105203 0.41019899999999998 0.41036600000000001 0 0.10810200000000003 0.10645700000000002 0.105203 0.0091719999999999996 0.0090069999999999994 0.0085760000000000003 0.080034999999999981 0.078873000000000013 0.077916999999999972 0.0028250000000000003 0.0027720000000000002 0.0028029999999999999 0.000562 0.00056800000000000004 0.00054100000000000003 57.777182083669992 57.777182083669992 57.777182083669992 0.0031859873677375825 0.0031859873677375825 0.0031859873677375825 1 1 1 Converged Converged Converged OK OK OK 53 53 53 53 53 53 3 3 3 0 0 0 0 0 1 0 0
16 16 linear 4 7 164 1 0.0001 3.2768037252864608 0.37005264934700166 0.00026184353749849975 -2.2268039359993792 0.00047917493562033703 -2.2268244281023137 0.5 3.1118925315144907 57.403408340338373 OK 13 12 0.52646099999999996 0.40795999999999999 0.101158 0.42213099999999998 0.28320000000000001 0 0.10432999999999998 0.12475999999999998 0.101158 0.0082369999999999995 0.0083739999999999995 0.0076909999999999999 0.079259999999999997 0.099173999999999984 0.077079999999999982 0.0027799999999999999 0.0030839999999999999 0.0027600000000000003 0.000571 0.00058900000000000001 0.00053700000000000004 57.40337321768267 57.40337321768267 57.40337321768267 0.0031866621968968836 0.0031866621968968836 0.0031866621968968836 1 1 1 Converged Converged Converged OK OK OK 53 53 53 53 53 53 3 3 3 0 0 0 0 1 0 0 1
16 16 linear 4 15 164 2 0.0001 3.2768037252864608 0.37005264934700166 0.00026184353749849975 -2.2268039359993792 0.00047917493562033703 -2.2267879976970968 0.5 3.1118561011092738 56.976973804147995 OK 13 12 0.516459 0.40517199999999998 0.097696000000000005 0.415462 0.28234999999999999 0 0.100997 0.12282199999999999 0.097696000000000005 0.0083180000000000007 0.0083529999999999993 0.0076940000000000003 0.075763000000000011 0.097460999999999964 0.073766999999999985 0.002787 0.0029849999999999998 0.0027469999999999999 0.00055400000000000002 0.00055800000000000001 0.00053300000000000005 56.976938705190477 56.976938705190477 56.976938705190477 0.0031874333276440902 0.0031874333276440902 0.0031874333276440902 1 1 1 Converged Converged Converged OK OK OK 53 53 53 53 53 53 3 3 3 0 0 0 0 1 0 0 1
16 16 linear 4 23 164 3 0.0001 3.2768037252864608 0.37005264934700166 0.00026184353749849975 -2.2268039359993792 0.00047917493562033703 -2.2267515672918794 0.5 3.1118196707040564 56.55158640065104 OK 13 12 0.52351899999999996 0.41491499999999998 0.10002 0.41916900000000001 0.294043 0 0.10434999999999994 0.12087199999999998 0.10002 0.0082170000000000003 0.008286 0.0076280000000000002 0.079025999999999985 0.096024999999999999 0.076440000000000008 0.0027850000000000001 0.0028379999999999998 0.0026480000000000002 0.00055699999999999999 0.000544 0.00055699999999999999 56.55155212384912 56.55155212384912 56.55155212384912 0.0031882043983851604 0.0031882043983851604 0.0031882043983851604 1 1 1 Converged Converged Converged OK OK OK 53 53 53 53 53 53 3 3 3 0 0 0 0 1 0 0 1
16 16 uniform 0 0 165 0 0.001 3.2768037252864608 0.37005264934700166 0.00026184353749849975 -2.1763998746246109 0.050666456583377706 -2.1764522433321107 0 3.0615203467442877 109.47806536388715 OK 14 13 0.52194099999999999 0.51519999999999999 0.11141 0.409939 0.40336300000000003 0 0.11200199999999999 0.11183699999999996 0.11141 0.01255 0.012624 0.011984 0.077198000000000017 0.077493000000000006 0.077335999999999988 0.0030479999999999999 0.0028589999999999996 0.0030249999999999999 0.000745 0.00075199999999999996 0.00079899999999999991 109.47806696330653 109.47806696330653 109.47806696330653 0.0092135296414523477 0.0092135296414523477 0.0092135296414523477 1 1 1 Converged Converged Converged OK OK OK 67 67 67 67 67 67 5 5 5 0 0 0 0 0 1 0 0
16 16 uniform 0 7 165 1 0.001 3.2768037252864608 0.37005264934700166 0.00026184353749849975 -2.1763998746246109 0.050666456583377706 -2.1764203667275455 0 3.0614884701397225 114.56636930746724 OK 14 13 0.54489900000000002 0.497778 0.10573299999999999 0.43738500000000002 0.28529500000000002 0 0.107514 0.21248299999999998 0.10573299999999999 0.011476999999999999 0.011523 0.010916 0.078306999999999988 0.18285999999999999 0.078124000000000027 0.0029009999999999999 0.0031119999999999997 0.002748 0.00073200000000000001 0.00076400000000000003 0.00070799999999999997 114.56637528887957 114.56637528887957 114.56637528887957 0.010954975136123172 0.010954975136123172 0.010954975136123172 1 1 1 Converged Converged Converged OK OK OK 67 67 67 67 67 67 5 5 5 0 0 0 0 1 0 0 1
16 16 uniform 0 15 165 2 0.001 3.2768037252864608 0.37005264934700166 0.00026184353749849975 -2.1763998746246109 0.050666456583377706 -2.1763839363223285 0 3.0614520397345055 118.87592732458023 OK 14 13 0.53261000000000003 0.49676900000000002 0.10223500000000001 0.42852400000000002 0.29890899999999998 0 0.10408600000000001 0.19786000000000004 0.10223500000000001 0.011382 0.011511 0.010798 0.075548000000000004 0.16839200000000004 0.074852000000000002 0.0028239999999999997 0.0031199999999999995 0.0027920000000000002 0.00070800000000000008 0.00075899999999999991 0.00067900000000000002 118.87593002248494 118.87593002248494 118.87593002248494 0.012881323698272574 0.012881323698272574 0.012881323698272574 1 1 1 Converged Converged Converged OK OK OK 67 67 67 67 67 67 5 5 5 0 0 0 0 1 0 0 1
16 16 uniform 0 23 165 3 0.001 3.2768037252864608 0.37005264934700166 0.00026184353749849975 -2.1763998746246109 0.050666456583377706 -2.1763475059171111 0 3.0614156093292881 121.30884479159383 OK 14 13 0.50282199999999999 0.45759 0.10495400000000001 0.39581100000000002 0.255633 0 0.10701099999999997 0.201957 0.10495400000000001 0.011483999999999999 0.011526 0.010744 0.078252999999999989 0.17270400000000005 0.07765900000000002 0.0028059999999999999 0.0029539999999999996 0.002794 0.00070899999999999999 0.00075900000000000002 0.00068199999999999999 121.30884552453452 121.30884552453452 121.30884552453452 0.016136158704124458 0.016136158704124458 0.016136158704124458 1 1 1 Converged Converged Converged OK OK OK 67 67 67 67 67 67 5 5 5 0 0 0 0 1 0 0 1
16 16 uniform 0 0 165 0 0.0001 3.2768037252864608 0.37005264934700166 0.00026184353749849975 -2.1763998746246109 0.050666456583377706 -2.1764522433321107 0 3.0615203467442877 109.47806536388715 OK 14 13 0.51478500000000005 0.51337100000000002 0.110833 0.40349800000000002 0.40037200000000001 0 0.11128700000000002 0.11299900000000002 0.110833 0.012318000000000001 0.012715000000000001 0.011847999999999999 0.077273999999999995 0.077900000000000011 0.077267999999999989 0.0029509999999999996 0.0031410000000000001 0.0028549999999999999 0.00078700000000000005 0.00081700000000000002 0.00078399999999999997 109.47806696330653 109.47806696330653 109.47806696330653 0.0092135296414523477 0.0092135296414523477 0.0092135296414523477 1 1 1 Converged Converged Converged OK OK OK 67 67 67 67 67 67 5 5 5 0 0 0 0 0 1 0 0
16 16 uniform 0 7 165 1 0.0001 3.2768037252864608 0.37005264934700166 0.00026184353749849975 -2.1763998746246109 0.050666456583377706 -2.1764203667275455 0 3.0614884701397225 114.56636930746724 OK 14 13 0.54181000000000001 0.49952999999999997 0.10581500000000001 0.43313499999999999 0.28739199999999998 0 0.10867500000000002 0.21213799999999999 0.10581500000000001 0.011690000000000001 0.011512 0.010819 0.078980999999999996 0.182897 0.078124000000000013 0.0030980000000000001 0.0029640000000000001 0.0027889999999999998 0.00073699999999999992 0.00078100000000000001 0.00072699999999999989 114.56637528887957 114.56637528887957 114.56637528887957 0.010954975136123172 0.010954975136123172 0.010954975136123172 1 1 1 Converged Converged Converged OK OK OK 67 67 67 67 67 67 5 5 5 0 0 0 0 1 0 0 1
16 16 uniform 0 15 165 2 0.0001 3.2768037252864608 0.37005264934700166 0.00026184353749849975 -2.1763998746246109 0.050666456583377706 -2.1763839363223285 0 3.0614520397345055 118.87592732458023 OK 14 13 0.553566 0.521343 0.12360400000000001 0.42864000000000002 0.29654199999999997 0 0.12492599999999998 0.22480100000000003 0.12360400000000001 0.011450999999999999 0.011646 0.010741000000000001 0.091875999999999999 0.19095400000000001 0.091764999999999999 0.0035029999999999996 0.0037080000000000004 0.003594 0.00087100000000000003 0.00089400000000000005 0.00084999999999999995 118.87593001825157 118.87593001825157 118.87593001825157 0.0079699435934404289 0.0079699435934404289 0.0079699435934404289 1 1 1 Converged Converged Converged OK OK OK 83 83 83 83 83 83 5 5 5 0 0 0 0 1 0 0 1
16 16 uniform 0 23 165 3 0.0001 3.2768037252864608 0.37005264934700166 0.00026184353749849975 -2.1763998746246109 0.050666456583377706 -2.1763475059171111 0 3.0614156093292881 121.30884479159383 OK 14 13 0.52393900000000004 0.49075800000000003 0.124614 0.39505099999999999 0.25475700000000001 0 0.12888800000000006 0.23600100000000002 0.124614 0.011391 0.011443 0.010792 0.096965999999999969 0.20334500000000003 0.09413199999999998 0.00364 0.0039550000000000002 0.0034589999999999998 0.00084699999999999988 0.00085900000000000006 0.00080499999999999994 121.3088460781215 121.3088460781215 121.3088460781215 0.0095708270634521711 0.0095708270634521711 0.0095708270634521711 1 1 1 Converged Converged Converged OK OK OK 83 83 83 83 83 83 5 5 5 0 0 0 0 1 0 0 1
16 16 uniform 1 0 166 0 0.001 3.2768037252864608 0.37005264934700166 0.00026184353749849975 0.81532876868699911 0.013160111243465347 0.81527639997949941 0 0.06979170343267771 254.2275405275584 OK 14 13 0.46904099999999999 0.47406999999999999 0.127664 0.33971899999999999 0.34506500000000001 0 0.12932199999999999 0.12900499999999998 0.127664 0.013575 0.013429 0.013164 0.093899000000000024 0.093853999999999979 0.093144000000000005 0.0029069999999999999 0.0029480000000000001 0.0027829999999999999 0.00075000000000000002 0.00074700000000000005 0.00075199999999999996 254.22766708868025 254.22766708868025 254.22766708868025 0.15470726411965785 0.15470726411965785 0.15470726411965785 1 1 1 Converged Converged Converged OK OK OK 67 67 67 67 67 67 5 5 5 0 0 0 0 0 1 0 0
16 16 uniform 1 7 166 1 0.001 3.2768037252864608 0.37005264934700166 0.00026184353749849975 0.81532876868699911 0.013160111243465347 0.81530827658406446 0 0.069759826828112659 263.50009035051193 OK 14 13 0.46653600000000001 0.42727999999999999 0.119496 0.34214899999999998 0.21179400000000001 0 0.12438700000000003 0.21548599999999998 0.119496 0.012612 0.012663000000000001 0.012012 0.094616999999999993 0.18557899999999997 0.090794000000000014 0.002764 0.0027870000000000004 0.0027110000000000003 0.00071400000000000001 0.00072399999999999993 0.00069900000000000008 263.50004759303516 263.50004759303516 263.50004759303516 0.065044267646585566 0.065044267646585566 0.065044267646585566 1 1 1 Converged Converged Converged OK OK OK 67 67 67 67 67 67 5 5 5 0 0 0 0 1 0 0 1
16 16 uniform 1 15 166 2 0.001 3.2768037252864608 0.37005264934700166 0.00026184353749849975 0.81532876868699911 0.013160111243465347 0.81534470698928163 0 0.069723396422895489 267.53518292094697 OK 14 13 0.45042399999999999 0.41983700000000002 0.11619 0.33259 0.20746800000000001 0 0.11783399999999999 0.212369 0.11619 0.012517 0.013942 0.012043 0.088173000000000029 0.18115999999999996 0.087532000000000013 0.0026879999999999999 0.0027879999999999997 0.0026690000000000004 0.00071699999999999997 0.00071100000000000004 0.00070100000000000002 267.53516491528529 267.53516491528529 267.53516491528529 0.036535299224523934 0.036535299224523934 0.036535299224523934 1 1 1 Converged Converged Converged OK OK OK 67 67 67 67 67 67 5 5 5 0 0 0 0 1 0 0 1
16 16 uniform 1 23 166 3 0.001 3.2768037252864608 0.37005264934700166 0.00026184353749849975 0.81532876868699911 0.013160111243465347 0.8153811373944988 0 0.06968696601767832 266.77343047239674 OK 14 13 0.46127899999999999 0.418659 0.123249 0.33233200000000002 0.199577 0 0.12894699999999998 0.219082 0.123249 0.012656000000000001 0.012648 0.012074 0.095542000000000016 0.18937200000000001 0.094617999999999994 0.002745 0.0027850000000000001 0.002715 0.00071999999999999994 0.00070699999999999995 0.00070899999999999999 266.77342405821196 266.77342405821196 266.77342405821196 0.02614509589386918 0.02614509589386918 0.02614509589386918 1 1 1 Converged Converged Converged OK OK OK 67 67 67 67 67 67 5 5 5 0 0 0 0 1 0 0 1
16 16 uniform 1 0 166 0 0.0001 3.2768037252864608 0.37005264934700166 0.00026184353749849975 0.81532876868699911 0.013160111243465347 0.81527639997949941 0 0.06979170343267771 254.2275405275584 OK 14 13 0.51443700000000003 0.517957 0.17130899999999999 0.34292899999999998 0.34353 0 0.17150800000000005 0.174427 0.17130899999999999 0.013214999999999999 0.013469 0.013158 0.12851700000000002 0.12979299999999991 0.128528 0.004339 0.0048460000000000005 0.0043239999999999997 0.001005 0.001124 0.0010139999999999999 254.22754373792773 254.22754373792773 254.22754373792773 0.005988610163511837 0.005988610163511837 0.005988610163511837 1 1 1 Converged Converged Converged OK OK OK 99 99 99 99 99 99 5 5 5 0 0 0 0 0 1 0 0
16 16 uniform 1 7 166 1 0.0001 3.2768037252864608 0.37005264934700166 0.00026184353749849975 0.81532876868699911 0.013160111243465347 0.81530827658406446 0 0.069759826828112659 263.50009035051193 OK 14 13 0.48458400000000001 0.48814600000000002 0.13950199999999999 0.34404800000000002 0.20932700000000001 0 0.14053599999999999 0.27881900000000004 0.13950199999999999 0.01274 0.012586999999999999 0.011986999999999999 0.10746000000000003 0.24539100000000011 0.10755100000000001 0.0034099999999999998 0.0035180000000000003 0.003437 0.00084200000000000008 0.00085300000000000003 0.00083500000000000002 263.50007349978779 263.50007349978779 263.50007349978779 0.023393997567052134 0.023393997567052134 0.023393997567052134 1 1 1 Converged Converged Converged OK OK OK 83 83 83 83 83 83 5 5 5 0 0 0 0 1 0 0 1
16 16 uniform 1 15 166 2 0.0001 3.2768037252864608 0.37005264934700166 0.00026184353749849975 0.81532876868699911 0.013160111243465347 0.81534470698928163 0 0.069723396422895489 267.53518292094697 OK 14 13 0.47315400000000002 0.46372200000000002 0.13453599999999999 0.33732000000000001 0.200993 0 0.13583400000000001 0.26272899999999999 0.13453599999999999 0.012475999999999999 0.012709 0.012014 0.10299200000000001 0.22933399999999995 0.10261200000000001 0.0034840000000000001 0.0035500000000000002 0.0034510000000000001 0.00084100000000000006 0.00088100000000000006 0.00083600000000000005 267.53517794225888 267.53517794225888 267.53517794225888 0.016672028641995681 0.016672028641995681 0.016672028641995681 1 1 1 Converged Converged Converged OK OK OK 83 83 83 83 83 83 5 5 5 0 0 0 0 1 0 0 1
16 16 uniform 1 23 166 3 0.0001 3.2768037252864608 0.37005264934700166 0.00026184353749849975 0.81532876868699911 0.013160111243465347 0.8153811373944988 0 0.06968696601767832 266.77343047239674 OK 14 13 0.458395 0.42090699999999998 0.12354999999999999 0.33346300000000001 0.20096900000000001 0 0.12493199999999999 0.21993799999999997 0.12354999999999999 0.012617 0.012822999999999999 0.012128 0.095182000000000003 0.18982900000000003 0.094731000000000024 0.0027539999999999999 0.0028530000000000005 0.0026940000000000002 0.00076099999999999996 0.00076899999999999994 0.00073999999999999999 266.77342405821196 266.77342405821196 266.77342405821196 0.02614509589386918 0.02614509589386918 0.02614509589386918 1 1 1 Converged Converged Converged OK OK OK 67 67 67 67 67 67 5 5 5 0 0 0 0 1 0 0 1
16 16 uniform 2 0 167 0 0.001 3.2768037252864608 0.37005264934700166 0.00026184353749849975 0.80762192002776756 -0.039498983166467598 0.80756955132026786 0 0.077498552091909256 272.93107904930861 OK 15 14 0.64856100000000005 0.64931000000000005 0.19959399999999999 0.448245 0.44850299999999999 0 0.20031600000000005 0.20080700000000007 0.19959399999999999 0.018877000000000001 0.018603000000000001 0.018599999999999998 0.14816699999999994 0.14951100000000003 0.14784000000000003 0.0041549999999999998 0.0041230000000000008 0.0043509999999999998 0.00101 0.00099500000000000001 0.001044 272.93107875854531 272.93107875854531 272.93107875854531 0.1015984255166326 0.1015984255166326 0.1015984255166326 1 1 1 Converged Converged Converged OK OK OK 89 89 89 89 89 89 7 7 7 0 0 0 0 0 1 0 0
16 16 uniform 2 7 167 1 0.001 3.2768037252864608 0.37005264934700166 0.00026184353749849975 0.80762192002776756 -0.039498983166467598 0.80760142792483292 0 0.077466675487344205 307.71874968148046 OK 14 13 0.56068600000000002 0.56212399999999996 0.176035 0.38181799999999999 0.24010999999999999 0 0.17886800000000003 0.32201399999999997 0.176035 0.014288 0.014223 0.01349 0.14116700000000007 0.28428499999999995 0.1397729999999999 0.0037150000000000004 0.0038449999999999999 0.003705 0.00096599999999999995 0.00095800000000000008 0.00096299999999999999 307.7187726455013 307.7187726455013 307.7187726455013 0.10851385440917281 0.10851385440917281 0.10851385440917281 1 1 1 Converged Converged Converged OK OK OK 89 89 89 89 89 89 7 7 7 0 0 0 0 1 0 0 1
16 16 uniform 2 15 167 2 0.001 3.2768037252864608 0.37005264934700166 0.00026184353749849975 0.80762192002776756 -0.039498983166467598 0.80763785833005008 0 0.077430245082127036 321.48139865960445 OK 14 13 0.53613599999999995 0.54954099999999995 0.16050900000000001 0.37034499999999998 0.23136499999999999 0 0.16579099999999997 0.31817599999999996 0.16050900000000001 0.013788 0.01391 0.013183 0.12860999999999995 0.28055099999999999 0.12465699999999996 0.0037380000000000004 0.0038139999999999997 0.0036360000000000003 0.00094300000000000004 0.00097500000000000006 0.00093799999999999992 321.48139553499686 321.48139553499686 321.48139553499686 0.0787475841709466 0.0787475841709466 0.0787475841709466 1 1 1 Converged Converged Converged OK OK OK 89 89 89 89 89 89 7 7 7 0 0 0 0 1 0 0 1
16 16 uniform 2 23 167 3 0.001 3.2768037252864608 0.37005264934700166 0.00026184353749849975 0.80762192002776756 -0.039498983166467598 0.80767428873526725 0 0.077393814676909867 324.05658499842116 OK 14 13 0.4975 0.51334999999999997 0.154305 0.341252 0.20840700000000001 0 0.156248 0.30494299999999996 0.154305 0.013712 0.014019999999999999 0.013143 0.12122399999999994 0.26922200000000002 0.12035899999999999 0.0033610000000000003 0.0035039999999999997 0.0032929999999999999 0.00087999999999999992 0.00088599999999999985 0.00088400000000000002 324.05677443460559 324.05677443460559 324.05677443460559 0.32010520724680541 0.32010520724680541 0.32010520724680541 1 1 1 Converged Converged Converged OK OK OK 81 81 81 81 81 81 7 7 7 0 0 0 0 1 0 0 1
16 16 uniform 2 0 167 0 0.0001 3.2768037252864608 0.37005264934700166 0.00026184353749849975 0.80762192002776756 -0.039498983166467598 0.80756955132026786 0 0.077498552091909256 272.93107904930861 OK 15 14 0.69234399999999996 0.69262400000000002 0.24127499999999999 0.448853 0.45181700000000002 0 0.24349099999999996 0.24080699999999999 0.24127499999999999 0.018766999999999999 0.018412999999999999 0.018464999999999999 0.18102500000000007 0.18037800000000015 0.18026299999999998 0.0059279999999999992 0.0053299999999999997 0.0055389999999999988 0.0013490000000000002 0.0012310000000000001 0.0012600000000000001 272.93107591814811 272.93107591814811 272.93107591814811 0.01785460276124513 0.01785460276124513 0.01785460276124513 1 1 1 Converged Converged Converged OK OK OK 113 113 113 113 113 113 7 7 7 0 0 0 0 0 1 0 0
16 16 uniform 2 7 167 1 0.0001 3.2768037252864608 0.37005264934700166 0.00026184353749849975 0.80762192002776756 -0.039498983166467598 0.80760142792483292 0 0.077466675487344205 307.71874968148046 OK 14 13 0.588032 0.63709499999999997 0.210005 0.37548700000000002 0.24179800000000001 0 0.21254499999999998 0.39529699999999995 0.210005 0.014219000000000001 0.014344000000000001 0.013442000000000001 0.167791 0.34716500000000006 0.16717899999999997 0.0054539999999999988 0.0052450000000000005 0.0049130000000000007 0.00124 0.0012280000000000001 0.0011840000000000002 307.71876337619523 307.71876337619523 307.71876337619523 0.015699737028454022 0.015699737028454022 0.015699737028454022 1 1 1 Converged Converged Converged OK OK OK 113 113 113 113 113 113 7 7 7 0 0 0 0 1 0 0 1
16 16 uniform 2 15 167 2 0.0001 3.2768037252864608 0.37005264934700166 0.00026184353749849975 0.80762192002776756 -0.039498983166467598 0.80763785833005008 0 0.077430245082127036 321.48139865960445 OK 14 13 0.56672199999999995 0.62088600000000005 0.18701300000000001 0.37233100000000002 0.231739 0 0.19439099999999992 0.38914700000000002 0.18701300000000001 0.013925999999999999 0.013889 0.013095000000000001 0.14550600000000002 0.34488000000000013 0.14473699999999995 0.010133000000000001 0.005104 0.0048459999999999996 0.0011909999999999998 0.0012129999999999999 0.0012030000000000001 321.48140074844321 321.48140074844321 321.48140074844321 0.01445448870908434 0.01445448870908434 0.01445448870908434 1 1 1 Converged Converged Converged OK OK OK 113 113 113 113 113 113 7 7 7 0 0 0 0 1 0 0 1
16 16 uniform 2 23 167 3 0.0001 3.2768037252864608 0.37005264934700166 0.00026184353749849975 0.80762192002776756 -0.039498983166467598 0.80767428873526725 0 0.077393814676909867 324.05658499842116 OK 14 13 0.526752 0.58528400000000003 0.18243899999999999 0.34228399999999998 0.20845 0 0.18446800000000002 0.376834 0.18243899999999999 0.013877 0.013916 0.013124 0.14258799999999996 0.3341490000000002 0.14192599999999994 0.0045969999999999995 0.0047210000000000004 0.0044640000000000001 0.0011490000000000001 0.0011540000000000001 0.0011479999999999999 324.05658663544455 324.05658663544455 324.05658663544455 0.031776561696957674 0.031776561696957674 0.031776561696957674 1 1 1 Converged Converged Converged OK OK OK 105 105 105 105 105 105 7 7 7 0 0 0 0 1 0 0 1
16 16 uniform 3 0 168 0 0.001 3.2768037252864608 0.37005264934700166 0.00026184353749849975 0.82030377824559986 -0.0069410148522308264 0.82025140953810016 0 0.064816693874076958 186.92805138275611 OK 15 14 0.49229299999999998 0.49308600000000002 0.136189 0.35499799999999998 0.35507100000000003 0 0.137295 0.138015 0.136189 0.016621 0.017006 0.016424000000000001 0.095611000000000015 0.096242999999999995 0.095106999999999942 0.0033699999999999997 0.0033219999999999999 0.0032249999999999996 0.00076100000000000007 0.00077000000000000007 0.00078299999999999995 186.92806397071436 186.92806397071436 186.92806397071436 0.11761801179012134 0.11761801179012134 0.11761801179012134 1 1 1 Converged Converged Converged OK OK OK 67 67 67 67 67 67 5 5 5 0 0 0 0 0 1 0 0
16 16 uniform 3 7 168 1 0.001 3.2768037252864608 0.37005264934700166 0.00026184353749849975 0.82030377824559986 -0.0069410148522308264 0.82028328614266521 0 0.064784817269511907 193.20430810007463 OK 15 14 0.48550599999999999 0.42414400000000002 0.13033600000000001 0.35336499999999998 0.221635 0 0.13214100000000001 0.20250900000000002 0.13033600000000001 0.015897000000000001 0.015873999999999999 0.015209 0.095767000000000005 0.16616 0.095087000000000019 0.0031900000000000001 0.003225 0.0032019999999999996 0.00075100000000000004 0.00076499999999999995 0.00074799999999999997 193.20432048183295 193.20432048183295 193.20432048183295 0.12824071163264339 0.12824071163264339 0.12824071163264339 1 1 1 Converged Converged Converged OK OK OK 67 67 67 67 67 67 5 5 5 0 0 0 0 1 0 0 1
16 16 uniform 3 15 168 2 0.001 3.2768037252864608 0.37005264934700166 0.00026184353749849975 0.82030377824559986 -0.0069410148522308264 0.82031971654788238 0 0.064748386864294738 201.53189235893944 OK 15 14 0.48890699999999998 0.43448999999999999 0.133325 0.35397000000000001 0.22074299999999999 0 0.13493699999999997 0.21374699999999999 0.133325 0.015768999999999998 0.016032999999999999 0.015077999999999999 0.098703999999999972 0.17719800000000005 0.098351999999999995 0.0032629999999999998 0.003251 0.0031830000000000001 0.00075199999999999996 0.00076400000000000003 0.00073500000000000008 201.53190437098513 201.53190437098513 201.53190437098513 0.14656913350401576 0.14656913350401576 0.14656913350401576 1 1 1 Converged Converged Converged OK OK OK 67 67 67 67 67 67 5 5 5 0 0 0 0 1 0 0 1
16 16 uniform 3 23 168 3 0.001 3.2768037252864608 0.37005264934700166 0.00026184353749849975 0.82030377824559986 -0.0069410148522308264 0.82035614695309955 0 0.064711956459077569 211.595327258254 OK 15 14 0.48538799999999999 0.42818099999999998 0.13803099999999999 0.35007500000000003 0.21568799999999999 0 0.13531299999999996 0.21249299999999999 0.13803099999999999 0.015668999999999999 0.015814999999999999 0.015143 0.099174999999999985 0.17628700000000003 0.10271799999999999 0.0032369999999999999 0.0033490000000000004 0.0032620000000000001 0.00076200000000000009 0.00075799999999999999 0.00074700000000000005 211.59533745037527 211.59533745037527 211.59533745037527 0.17259143407274111 0.17259143407274111 0.17259143407274111 1 1 1 Converged Converged Converged OK OK OK 67 67 67 67 67 67 5 5 5 0 0 0 0 1 0 0 1
16 16 uniform 3 0 168 0 0.0001 3.2768037252864608 0.37005264934700166 0.00026184353749849975 0.82030377824559986 -0.0069410148522308264 0.82025140953810016 0 0.064816693874076958 186.92805138275611 OK 15 14 0.54421399999999998 0.54372900000000002 0.19080800000000001 0.355711 0.35288199999999997 0 0.18850299999999998 0.19084700000000004 0.19080800000000001 0.016487000000000002 0.016667999999999999 0.016490000000000001 0.13519099999999992 0.136848 0.13730499999999993 0.0050500000000000007 0.0050819999999999997 0.0049550000000000002 0.001049 0.00108 0.001 186.9280640797177 186.9280640797177 186.9280640797177 0.006427110676820242 0.006427110676820242 0.006427110676820242 1 1 1 Converged Converged Converged OK OK OK 99 99 99 99 99 99 5 5 5 0 0 0 0 0 1 0 0
16 16 uniform 3 7 168 1 0.0001 3.2768037252864608 0.37005264934700166 0.00026184353749849975 0.82030377824559986 -0.0069410148522308264 0.82028328614266521 0 0.064784817269511907 193.20430810007463 OK 15 14 0.53578099999999995 0.52637400000000001 0.18126 0.35222999999999999 0.22278200000000001 0 0.18355099999999996 0.30359199999999997 0.18126 0.015624000000000001 0.015970999999999999 0.015177 0.13779599999999989 0.25719799999999998 0.13640100000000005 0.0049789999999999999 0.0051460000000000004 0.0048409999999999998 0.0010019999999999999 0.001026 0.00098099999999999988 193.20432061714331 193.20432061714331 193.20432061714331 0.0064312150451451217 0.0064312150451451217 0.0064312150451451217 1 1 1 Converged Converged Converged OK OK OK 99 99 99 99 99 99 5 5 5 0 0 0 0 1 0 0 1
16 16 uniform 3 15 168 2 0.0001 3.2768037252864608 0.37005264934700166 0.00026184353749849975 0.82030377824559986 -0.0069410148522308264 0.82031971654788238 0 0.064748386864294738 201.53189235893944 OK 15 14 0.53694799999999998 0.519567 0.18176899999999999 0.35303899999999999 0.22356899999999999 0 0.18390899999999999 0.29599799999999998 0.18176899999999999 0.015833 0.015782999999999998 0.015140000000000001 0.13756599999999999 0.24974700000000002 0.13730600000000001 0.0049479999999999993 0.0050430000000000006 0.0048729999999999997 0.0010170000000000001 0.0010269999999999997 0.00097799999999999992 201.53190454599584 201.53190454599584 201.53190454599584 0.0064359947922143172 0.0064359947922143172 0.0064359947922143172 1 1 1 Converged Converged Converged OK OK OK 99 99 99 99 99 99 5 5 5 0 0 0 0 1 0 0 1
16 16 uniform 3 23 168 3 0.0001 3.2768037252864608 0.37005264934700166 0.00026184353749849975 0.82030377824559986 -0.0069410148522308264 0.82035614695309955 0 0.064711956459077569 211.595327258254 OK 15 14 0.53098599999999996 0.52666199999999996 0.180642 0.34877900000000001 0.21734800000000001 0 0.18220699999999995 0.30931399999999998 0.180642 0.015767 0.015789999999999998 0.015148 0.13623299999999997 0.26292300000000002 0.13597799999999993 0.0050659999999999993 0.0050799999999999994 0.0048959999999999993 0.0010039999999999999 0.001054 0.00098400000000000007 211.59533768529576 211.59533768529576 211.59533768529576 0.0064408771810086137 0.0064408771810086137 0.0064408771810086137 1 1 1 Converged Converged Converged OK OK OK 99 99 99 99 99 99 5 5 5 0 0 0 0 1 0 0 1
16 16 uniform 4 0 169 0 0.001 3.2768037252864608 0.37005264934700166 0.00026184353749849975 -2.2268039359993792 0.00047917493562033703 -2.226856304706879 0 3.111924408119056 57.985480480395879 OK 13 12 0.46858100000000003 0.46687200000000001 0.058456000000000001 0.40798800000000002 0.407057 0 0.060593000000000008 0.059815000000000007 0.058456000000000001 0.0092530000000000008 0.0090410000000000004 0.0085929999999999999 0.037853999999999999 0.037808000000000008 0.037256999999999998 0.0018279999999999998 0.001805 0.001714 0.00042899999999999997 0.00045100000000000001 0.00042200000000000001 57.985480368449181 57.985480368449181 57.985480368449181 0.013757270320405397 0.013757270320405397 0.013757270320405397 1 1 1 Converged Converged Converged OK OK OK 37 37 37 37 37 37 3 3 3 0 0 0 0 0 1 0 0
16 16 uniform 4 7 169 1 0.001 3.2768037252864608 0.37005264934700166 0.00026184353749849975 -2.2268039359993792 0.00047917493562033703 -2.2268244281023137 0 3.1118925315144907 57.607498671602379 OK 13 12 0.484709 0.35817199999999999 0.056547 0.42578300000000002 0.282329 0 0.058925999999999978 0.075842999999999994 0.056547 0.0082780000000000006 0.0082679999999999993 0.0076340000000000002 0.038698000000000003 0.055896000000000008 0.037843000000000009 0.001766 0.0018 0.0017329999999999999 0.00046699999999999997 0.00044999999999999999 0.00041599999999999997 57.607499051593663 57.607499051593663 57.607499051593663 0.013536127503195992 0.013536127503195992 0.013536127503195992 1 1 1 Converged Converged Converged OK OK OK 37 37 37 37 37 37 3 3 3 0 0 0 0 1 0 0 1
16 16 uniform 4 15 169 2 0.001 3.2768037252864608 0.37005264934700166 0.00026184353749849975 -2.2268039359993792 0.00047917493562033703 -2.2267879976970968 0 3.1118561011092738 57.176322244327672 OK 13 12 0.472329 0.35317399999999999 0.054413000000000003 0.41628399999999999 0.28016600000000003 0 0.056045000000000011 0.073007999999999962 0.054413000000000003 0.0081410000000000007 0.0082629999999999995 0.0076889999999999997 0.035989 0.053420000000000009 0.035557000000000012 0.0018130000000000002 0.001725 0.0017639999999999999 0.00046100000000000004 0.00043800000000000002 0.00042699999999999997 57.176323056958502 57.176323056958502 57.176323056958502 0.013289819145933907 0.013289819145933907 0.013289819145933907 1 1 1 Converged Converged Converged OK OK OK 37 37 37 37 37 37 3 3 3 0 0 0 0 1 0 0 1
16 16 uniform 4 23 169 3 0.001 3.2768037252864608 0.37005264934700166 0.00026184353749849975 -2.2268039359993792 0.00047917493562033703 -2.2267515672918794 0 3.1118196707040564 56.746230005704554 OK 13 12 0.47991400000000001 0.36912 0.055236 0.42256500000000002 0.29524899999999998 0 0.057348999999999983 0.07387100000000002 0.055236 0.0083389999999999992 0.0081829999999999993 0.0076280000000000002 0.037166000000000005 0.054248999999999985 0.036615000000000009 0.00182 0.001789 0.0017180000000000001 0.000435 0.00042899999999999997 0.00042900000000000002 56.746230850380066 56.746230850380066 56.746230850380066 0.01305032610986879 0.01305032610986879 0.01305032610986879 1 1 1 Converged Converged Converged OK OK OK 37 37 37 37 37 37 3 3 3 0 0 0 0 1 0 0 1
16 16 uniform 4 0 169 0 0.0001 3.2768037252864608 0.37005264934700166 0.00026184353749849975 -2.2268039359993792 0.00047917493562033703 -2.226856304706879 0 3.111924408119056 57.985480480395879 OK 13 12 0.49023600000000001 0.49144900000000002 0.086127999999999996 0.40595799999999999 0.40692200000000001 0 0.08427800000000002 0.084527000000000019 0.086127999999999996 0.0087709999999999993 0.0090489999999999998 0.0086759999999999997 0.056766000000000018 0.056883000000000003 0.059132999999999998 0.0026129999999999999 0.0026250000000000002 0.0026559999999999999 0.00054800000000000009 0.00054299999999999997 0.00053899999999999998 57.98548052566921 57.98548052566921 57.98548052566921 0.0011869840614004217 0.0011869840614004217 0.0011869840614004217 1 1 1 Converged Converged Converged OK OK OK 53 53 53 53 53 53 3 3 3 0 0 0 0 0 1 0 0
16 16 uniform 4 7 169 1 0.0001 3.2768037252864608 0.37005264934700166 0.00026184353749849975 -2.2268039359993792 0.00047917493562033703 -2.2268244281023137 0 3.1118925315144907 57.607498671602379 OK 13 12 0.50378000000000001 0.38886199999999999 0.079294000000000003 0.42338300000000001 0.28538200000000002 0 0.080396999999999996 0.10347999999999996 0.079294000000000003 0.0081939999999999999 0.0083879999999999996 0.0076610000000000003 0.055771000000000015 0.077768000000000004 0.055580999999999998 0.0027029999999999997 0.0032269999999999998 0.0025839999999999999 0.000544 0.00057900000000000009 0.00053300000000000005 57.607499205731564 57.607499205731564 57.607499205731564 0.0011870993822838184 0.0011870993822838184 0.0011870993822838184 1 1 1 Converged Converged Converged OK OK OK 53 53 53 53 53 53 3 3 3 0 0 0 0 1 0 0 1
16 16 uniform 4 15 169 2 0.0001 3.2768037252864608 0.37005264934700166 0.00026184353749849975 -2.2268039359993792 0.00047917493562033703 -2.2267879976970968 0 3.1118561011092738 57.176322244327672 OK 13 12 0.49363200000000002 0.37740600000000002 0.075889999999999999 0.41602 0.27990199999999998 0 0.077612000000000014 0.097504000000000035 0.075889999999999999 0.0082310000000000005 0.0083370000000000007 0.007724 0.052694000000000019 0.072009000000000004 0.052247000000000016 0.0026099999999999999 0.0029870000000000001 0.0025570000000000002 0.00053200000000000003 0.00056599999999999999 0.00052599999999999999 57.176323207062097 57.176323207062097 57.176323207062097 0.0011872376236094918 0.0011872376236094918 0.0011872376236094918 1 1 1 Converged Converged Converged OK OK OK 53 53 53 53 53 53 3 3 3 0 0 0 0 1 0 0 1
16 16 uniform 4 23 169 3 0.0001 3.2768037252864608 0.37005264934700166 0.00026184353749849975 -2.2268039359993792 0.00047917493562033703 -2.2267515672918794 0 3.1118196707040564 56.746230005704554 OK 13 12 0.504409 0.39108399999999999 0.078633999999999996 0.42398799999999998 0.29177599999999998 0 0.08042100000000002 0.099308000000000007 0.078633999999999996 0.0082240000000000004 0.0082030000000000002 0.0076769999999999998 0.055633999999999996 0.074561999999999989 0.055105000000000008 0.002611 0.002751 0.0025609999999999999 0.00055500000000000005 0.00054799999999999998 0.00052799999999999993 56.746230996013573 56.746230996013573 56.746230996013573 0.0011873822475176787 0.0011873822475176787 0.0011873822475176787 1 1 1 Converged Converged Converged OK OK OK 53 53 53 53 53 53 3 3 3 0 0 0 0 1 0 0 1
17 17 linear 0 0 170 0 0.001 0.31068804940513184 0.35804837615585899 0.090489405150557992 1.3441228163017673 2.7011290188478272 1.3260249352716558 0.5 -1.2441122777156544 1.1552833541839034 OK 12 11 0.41086299999999998 0.40942600000000001 0.12056600000000001 0.28726600000000002 0.28716199999999997 0 0.12359699999999996 0.12226400000000004 0.12056600000000001 0.0069639999999999997 0.0071939999999999999 0.0067739999999999996 0.094551999999999997 0.092332999999999985 0.092023999999999981 0.0030070000000000001 0.003153 0.0030020000000000003 0.000696 0.00075999999999999993 0.00072900000000000005 1.1552839427277464 1.1552839427277464 1.1552839427277464 7.4739213667087852e-05 7.4739213667087852e-05 7.4739213667087852e-05 1 1 1 Converged Converged Converged OK OK OK 74 74 74 74 74 74 6 6 6 0 0 0 0 0 1 0 0
17 17 linear 0 7 170 1 0.001 0.31068804940513184 0.35804837615585899 0.090489405150557992 1.3441228163017673 2.7011290188478272 1.3370410367682455 0.5 -1.2551283792122441 1.1616690322017313 OK 12 11 0.40474300000000002 0.29354599999999997 0.102301 0.29594399999999998 0.17963499999999999 0 0.10879900000000003 0.11391099999999998 0.102301 0.0063899999999999998 0.006208 0.0057689999999999998 0.085351999999999997 0.091674999999999951 0.081079999999999972 0.0029269999999999999 0.0026809999999999998 0.0026350000000000002 0.000611 0.00055800000000000012 0.00053200000000000003 1.1616758846105646 1.1616758846105646 1.1616758846105646 0.00088282081567244352 0.00088282081567244352 0.00088282081567244352 1 1 1 Converged Converged Converged OK OK OK 66 66 66 66 66 66 6 6 6 0 0 0 0 1 0 0 1
17 17 linear 0 15 170 2 0.001 0.31068804940513184 0.35804837615585899 0.090489405150557992 1.3441228163017673 2.7011290188478272 1.3496308670500621 0.5 -1.2677182094940607 1.1665864032226254 OK 12 11 0.41984199999999999 0.318249 0.105195 0.30683199999999999 0.18928800000000001 0 0.11301 0.12896099999999999 0.105195 0.0061749999999999999 0.0063449999999999999 0.005757 0.090802000000000022 0.10658099999999997 0.083940999999999974 0.0024909999999999997 0.0026510000000000001 0.0025440000000000003 0.00055499999999999994 0.00056999999999999998 0.00050599999999999994 1.1665931075043245 1.1665931075043245 1.1665931075043245 0.00071942212355803592 0.00071942212355803592 0.00071942212355803592 1 1 1 Converged Converged Converged OK OK OK 66 66 66 66 66 66 6 6 6 0 0 0 0 1 0 0 1
17 17 linear 0 23 170 3 0.001 0.31068804940513184 0.35804837615585899 0.090489405150557992 1.3441228163017673 2.7011290188478272 1.3622206973318789 0.5 -1.2803080397758775 1.1691026791845367 OK 12 11 0.41178700000000001 0.30774899999999999 0.107892 0.296684 0.18382599999999999 0 0.11510300000000001 0.12392300000000001 0.107892 0.0060679999999999996 0.0061789999999999996 0.0057800000000000004 0.092847999999999986 0.10160899999999999 0.08674999999999998 0.0026570000000000001 0.0028110000000000001 0.0025800000000000003 0.00055100000000000006 0.00056099999999999998 0.00050400000000000011 1.1691093554751955 1.1691093554751955 1.1691093554751955 0.00077986749198997345 0.00077986749198997345 0.00077986749198997345 1 1 1 Converged Converged Converged OK OK OK 66 66 66 66 66 66 6 6 6 0 0 0 0 1 0 0 1
17 17 linear 0 0 170 0 0.0001 0.31068804940513184 0.35804837615585899 0.090489405150557992 1.3441228163017673 2.7011290188478272 1.3260249352716558 0.5 -1.2441122777156544 1.1552833541839034 OK 12 11 0.41232600000000003 0.40564499999999998 0.120924 0.289325 0.284327 0 0.12300100000000003 0.12131799999999998 0.120924 0.006783 0.0070349999999999996 0.006842 0.094148999999999969 0.092163000000000009 0.092384999999999981 0.0028760000000000001 0.0028939999999999999 0.003003 0.00073899999999999986 0.00078600000000000002 0.00071299999999999988 1.1552839427277464 1.1552839427277464 1.1552839427277464 7.4739213667087852e-05 7.4739213667087852e-05 7.4739213667087852e-05 1 1 1 Converged Converged Converged OK OK OK 74 74 74 74 74 74 6 6 6 0 0 0 0 0 1 0 0
17 17 linear 0 7 170 1 0.0001 0.31068804940513184 0.35804837615585899 0.090489405150557992 1.3441228163017673 2.7011290188478272 1.3370410367682455 0.5 -1.2551283792122441 1.1616690322017313 OK 12 11 0.41687200000000002 0.30579699999999999 0.11122799999999999 0.30227399999999999 0.178617 0 0.11459800000000003 0.12717999999999999 0.11122799999999999 0.0061919999999999996 0.0062110000000000004 0.0057539999999999996 0.090717999999999979 0.10309499999999999 0.088241999999999987 0.0028870000000000002 0.0030129999999999996 0.0028960000000000001 0.00065399999999999996 0.00071000000000000002 0.000669 1.1616701396641045 1.1616701396641045 1.1616701396641045 7.3661001767475541e-05 7.3661001767475541e-05 7.3661001767475541e-05 1 1 1 Converged Converged Converged OK OK OK 74 74 74 74 74 74 6 6 6 0 0 0 0 1 0 0 1
17 17 linear 0 15 170 2 0.0001 0.31068804940513184 0.35804837615585899 0.090489405150557992 1.3441228163017673 2.7011290188478272 1.3496308670500621 0.5 -1.2677182094940607 1.1665864032226254 OK 12 11 0.42552699999999999 0.32821699999999998 0.114313 0.30752800000000002 0.188859 0 0.11799899999999997 0.13935799999999998 0.114313 0.0060629999999999998 0.0063 0.0058209999999999998 0.094074999999999992 0.11520899999999999 0.09135200000000003 0.0030459999999999997 0.0031400000000000004 0.0029390000000000002 0.00066500000000000001 0.00065499999999999998 0.00064100000000000008 1.1665879274294353 1.1665879274294353 1.1665879274294353 0.00010324483411926772 0.00010324483411926772 0.00010324483411926772 1 1 1 Converged Converged Converged OK OK OK 74 74 74 74 74 74 6 6 6 0 0 0 0 1 0 0 1
17 17 linear 0 23 170 3 0.0001 0.31068804940513184 0.35804837615585899 0.090489405150557992 1.3441228163017673 2.7011290188478272 1.3622206973318789 0.5 -1.2803080397758775 1.1691026791845367 OK 12 11 0.43159999999999998 0.33704499999999998 0.131412 0.295298 0.18598799999999999 0 0.13630199999999998 0.151057 0.131412 0.006156 0.0062389999999999998 0.0058240000000000002 0.10897199999999996 0.12425800000000002 0.105682 0.00346 0.0034660000000000003 0.0032330000000000002 0.00078400000000000008 0.00079900000000000001 0.00077000000000000007 1.1691063905212158 1.1691063905212158 1.1691063905212158 1.925716921518018e-05 1.925716921518018e-05 1.925716921518018e-05 1 1 1 Converged Converged Converged OK OK OK 82 82 82 82 82 82 6 6 6 0 0 0 0 1 0 0 1
17 17 linear 1 0 171 0 0.001 0.31068804940513184 0.35804837615585899 0.090489405150557992 1.3893773351101633 2.6505478156721591 1.3712794540800517 0.5 -1.2893667965240503 1.15810281092337 OK 12 11 0.42977799999999999 0.42746200000000001 0.14211799999999999 0.28410299999999999 0.28523900000000002 0 0.145675 0.14222299999999999 0.14211799999999999 0.0073509999999999999 0.0071910000000000003 0.0072030000000000002 0.11835000000000002 0.11555099999999999 0.11538100000000003 0.0027650000000000001 0.0027179999999999999 0.0028919999999999996 0.00061699999999999993 0.00062 0.00056400000000000005 1.158083621492491 1.158083621492491 1.158083621492491 0.0006196062822221136 0.0006196062822221136 0.0006196062822221136 1 1 1 Converged Converged Converged OK OK OK 66 66 66 66 66 66 6 6 6 0 0 0 0 0 1 0 0
17 17 linear 1 7 171 1 0.001 0.31068804940513184 0.35804837615585899 0.090489405150557992 1.3893773351101633 2.6505478156721591 1.3822955555766414 0.5 -1.30038289802064 1.1564700499574458 OK 12 11 0.423734 0.33421299999999998 0.13835600000000001 0.27736300000000003 0.174929 0 0.14637099999999997 0.15928399999999998 0.13835600000000001 0.0063200000000000001 0.0064450000000000002 0.0059709999999999997 0.11945699999999994 0.13552799999999998 0.11638600000000002 0.006966 0.0033380000000000007 0.0028150000000000002 0.00054699999999999996 0.00050599999999999994 0.000513 1.1564580115656513 1.1564580115656513 1.1564580115656513 0.00045855019170266612 0.00045855019170266612 0.00045855019170266612 1 1 1 Converged Converged Converged OK OK OK 66 66 66 66 66 66 6 6 6 0 0 0 0 1 0 0 1
17 17 linear 1 15 171 2 0.001 0.31068804940513184 0.35804837615585899 0.090489405150557992 1.3893773351101633 2.6505478156721591 1.394885385858458 0.5 -1.3129727283024566 1.1523361204409612 OK 13 12 0.51722299999999999 0.42205100000000001 0.179481 0.335976 0.22122 0 0.18124699999999999 0.20083100000000001 0.179481 0.010008 0.010279 0.0094730000000000005 0.15085999999999999 0.16926299999999997 0.15032400000000001 0.0031020000000000002 0.0035750000000000001 0.0030500000000000002 0.00062500000000000012 0.00067099999999999994 0.00063699999999999998 1.1523355060295677 1.1523355060295677 1.1523355060295677 0.00059165625793131474 0.00059165625793131474 0.00059165625793131474 1 1 1 Converged Converged Converged OK OK OK 73 73 73 73 73 73 7 7 7 0 0 0 0 1 0 0 1
17 17 linear 1 23 171 3 0.001 0.31068804940513184 0.35804837615585899 0.090489405150557992 1.3893773351101633 2.6505478156721591 1.4074752161402748 0.5 -1.3255625585842734 1.1457251603142478 OK 13 12 0.52251899999999996 0.41957699999999998 0.17064699999999999 0.34678599999999998 0.23295199999999999 0 0.17573299999999997 0.18662499999999999 0.17064699999999999 0.0098849999999999997 0.010179000000000001 0.0092099999999999994 0.14656200000000005 0.156526 0.14268300000000003 0.0031540000000000001 0.0034859999999999999 0.0030730000000000002 0.000638 0.00069999999999999999 0.00060800000000000003 1.1457253384666979 1.1457253384666979 1.1457253384666979 0.00053150067859891867 0.00053150067859891867 0.00053150067859891867 1 1 1 Converged Converged Converged OK OK OK 73 73 73 73 73 73 7 7 7 0 0 0 0 1 0 0 1
17 17 linear 1 0 171 0 0.0001 0.31068804940513184 0.35804837615585899 0.090489405150557992 1.3893773351101633 2.6505478156721591 1.3712794540800517 0.5 -1.2893667965240503 1.15810281092337 OK 12 11 0.48017100000000001 0.47786099999999998 0.19286700000000001 0.286472 0.28670200000000001 0 0.19369900000000001 0.19115899999999997 0.19286700000000001 0.0071120000000000003 0.0072919999999999999 0.0070759999999999998 0.15840399999999999 0.15489000000000003 0.15741199999999994 0.003833 0.0042079999999999999 0.0038660000000000001 0.00095399999999999988 0.0010920000000000001 0.00096400000000000001 1.1581039205608052 1.1581039205608052 1.1581039205608052 5.9315728501163044e-05 5.9315728501163044e-05 5.9315728501163044e-05 1 1 1 Converged Converged Converged OK OK OK 90 90 90 90 90 90 6 6 6 0 0 0 0 0 1 0 0
17 17 linear 1 7 171 1 0.0001 0.31068804940513184 0.35804837615585899 0.090489405150557992 1.3893773351101633 2.6505478156721591 1.3822955555766414 0.5 -1.30038289802064 1.1564700499574458 OK 12 11 0.471557 0.39073999999999998 0.18332499999999999 0.27679199999999998 0.17735699999999999 0 0.19476500000000002 0.21338299999999999 0.18332499999999999 0.0063020000000000003 0.0064949999999999999 0.0059170000000000004 0.16619799999999998 0.18413400000000002 0.15602499999999997 0.0040340000000000003 0.0045059999999999996 0.0041489999999999999 0.0010049999999999998 0.00099700000000000006 0.00093399999999999993 1.1564684142519679 1.1564684142519679 1.1564684142519679 7.6770605777193312e-05 7.6770605777193312e-05 7.6770605777193312e-05 1 1 1 Converged Converged Converged OK OK OK 90 90 90 90 90 90 6 6 6 0 0 0 0 1 0 0 1
17 17 linear 1 15 171 2 0.0001 0.31068804940513184 0.35804837615585899 0.090489405150557992 1.3893773351101633 2.6505478156721591 1.394885385858458 0.5 -1.3129727283024566 1.1523361204409612 OK 13 12 0.55659899999999995 0.46198 0.213002 0.338781 0.22642599999999999 0 0.21781799999999996 0.23555400000000001 0.213002 0.0098460000000000006 0.010311000000000001 0.0095189999999999997 0.184248 0.20000899999999996 0.17971300000000007 0.003993 0.0046900000000000006 0.004182 0.00093599999999999998 0.0011280000000000001 0.001049 1.1523366819857643 1.1523366819857643 1.1523366819857643 8.8622025907909694e-05 8.8622025907909694e-05 8.8622025907909694e-05 1 1 1 Converged Converged Converged OK OK OK 89 89 89 89 89 89 7 7 7 0 0 0 0 1 0 0 1
17 17 linear 1 23 171 3 0.0001 0.31068804940513184 0.35804837615585899 0.090489405150557992 1.3893773351101633 2.6505478156721591 1.4074752161402748 0.5 -1.3255625585842734 1.1457251603142478 OK 13 12 0.59529600000000005 0.50230600000000003 0.23997399999999999 0.34818100000000002 0.24046699999999999 0 0.24711500000000003 0.26183900000000004 0.23997399999999999 0.0099690000000000004 0.010049000000000001 0.010437999999999999 0.20867200000000002 0.22279900000000011 0.20264299999999999 0.004836 0.0051570000000000001 0.0044849999999999994 0.001175 0.001364 0.0010329999999999998 1.1457258557272245 1.1457258557272245 1.1457258557272245 3.9820778070612471e-05 3.9820778070612471e-05 3.9820778070612471e-05 1 1 1 Converged Converged Converged OK OK OK 97 97 97 97 97 97 7 7 7 0 0 0 0 1 0 0 1
17 17 linear 2 0 172 0 0.001 0.31068804940513184 0.35804837615585899 0.090489405150557992 1.2804379896707121 2.6735601219170531 1.2623401086406005 0.5 -1.1804274510845991 1.0792225349832287 OK 13 12 0.360765 0.36124299999999998 0.099371000000000001 0.26023200000000002 0.26222200000000001 0 0.10053299999999998 0.09902099999999997 0.099371000000000001 0.0092689999999999995 0.0092820000000000003 0.0092709999999999997 0.06939099999999998 0.067781999999999995 0.067809999999999995 0.003225 0.003261 0.0035699999999999998 0.00077000000000000007 0.00075700000000000008 0.0008479999999999999 1.0792217858815518 1.0792217858815518 1.0792217858815518 0.00012785882851378694 0.00012785882851378694 0.00012785882851378694 1 1 1 Converged Converged Converged OK OK OK 61 61 61 61 61 61 3 3 3 0 0 0 0 0 1 0 0
17 17 linear 2 7 172 1 0.001 0.31068804940513184 0.35804837615585899 0.090489405150557992 1.2804379896707121 2.6735601219170531 1.2733562101371902 0.5 -1.1914435525811888 1.0884961100027504 OK 13 12 0.37408200000000003 0.30887199999999998 0.101924 0.26890599999999998 0.17072799999999999 0 0.10517600000000005 0.13814399999999999 0.101924 0.0089650000000000007 0.0090010000000000003 0.0084119999999999993 0.076848000000000014 0.10979199999999995 0.074607000000000021 0.0033899999999999998 0.0033 0.0032420000000000001 0.00074100000000000001 0.00076400000000000003 0.00076099999999999996 1.0884952107383821 1.0884952107383821 1.0884952107383821 0.00014799711093679111 0.00014799711093679111 0.00014799711093679111 1 1 1 Converged Converged Converged OK OK OK 61 61 61 61 61 61 3 3 3 0 0 0 0 1 0 0 1
17 17 linear 2 15 172 2 0.001 0.31068804940513184 0.35804837615585899 0.090489405150557992 1.2804379896707121 2.6735601219170531 1.2859460404190068 0.5 -1.2040333828630054 1.1085021075787691 OK 12 11 0.39573799999999998 0.316917 0.128108 0.263519 0.16182199999999999 0 0.13221899999999998 0.15509500000000001 0.128108 0.0063540000000000003 0.0065820000000000002 0.005803 0.10359300000000003 0.125501 0.10062199999999999 0.003532 0.0041649999999999994 0.003447 0.000852 0.00089899999999999995 0.000852 1.1085013516923432 1.1085013516923432 1.1085013516923432 4.9278443508018388e-05 4.9278443508018388e-05 4.9278443508018388e-05 1 1 1 Converged Converged Converged OK OK OK 82 82 82 82 82 82 6 6 6 0 0 0 0 1 0 0 1
17 17 linear 2 23 172 3 0.001 0.31068804940513184 0.35804837615585899 0.090489405150557992 1.2804379896707121 2.6735601219170531 1.2985358707008237 0.5 -1.2166232131448222 1.1284788889794497 OK 12 11 0.40388099999999999 0.30551499999999998 0.112112 0.28740599999999999 0.17261299999999999 0 0.116475 0.13290199999999999 0.112112 0.0063220000000000004 0.0063930000000000002 0.0058849999999999996 0.091169999999999987 0.10832599999999996 0.088476999999999986 0.003539 0.0032770000000000004 0.0030709999999999999 0.00086199999999999992 0.00074299999999999995 0.00073799999999999994 1.1284789356732332 1.1284789356732332 1.1284789356732332 0.00045689354102788611 0.00045689354102788611 0.00045689354102788611 1 1 1 Converged Converged Converged OK OK OK 74 74 74 74 74 74 6 6 6 0 0 0 0 1 0 0 1
17 17 linear 2 0 172 0 0.0001 0.31068804940513184 0.35804837615585899 0.090489405150557992 1.2804379896707121 2.6735601219170531 1.2623401086406005 0.5 -1.1804274510845991 1.0792225349832287 OK 13 12 0.38898500000000003 0.387409 0.122055 0.263627 0.261264 0 0.12535800000000002 0.12614500000000001 0.122055 0.0092879999999999994 0.0092929999999999992 0.0092399999999999999 0.087994000000000003 0.085432000000000008 0.085038999999999976 0.0042050000000000004 0.0042060000000000005 0.0043350000000000003 0.00090799999999999995 0.0009059999999999999 0.00091699999999999995 1.0792217862944775 1.0792217862944775 1.0792217862944775 3.1938356206226846e-05 3.1938356206226846e-05 3.1938356206226846e-05 1 1 1 Converged Converged Converged OK OK OK 77 77 77 77 77 77 3 3 3 0 0 0 0 0 1 0 0
17 17 linear 2 7 172 1 0.0001 0.31068804940513184 0.35804837615585899 0.090489405150557992 1.2804379896707121 2.6735601219170531 1.2733562101371902 0.5 -1.1914435525811888 1.0884961100027504 OK 13 12 0.39802900000000002 0.332563 0.12486999999999999 0.26885100000000001 0.17236599999999999 0 0.12917800000000002 0.16019700000000001 0.12486999999999999 0.0089569999999999997 0.0089990000000000001 0.0083979999999999992 0.095321999999999976 0.12713700000000003 0.092761999999999983 0.0045500000000000002 0.0041949999999999999 0.0041610000000000006 0.00086000000000000009 0.00084899999999999993 0.00081999999999999998 1.0884952112321122 1.0884952112321122 1.0884952112321122 3.9181695964872589e-05 3.9181695964872589e-05 3.9181695964872589e-05 1 1 1 Converged Converged Converged OK OK OK 77 77 77 77 77 77 3 3 3 0 0 0 0 1 0 0 1
17 17 linear 2 15 172 2 0.0001 0.31068804940513184 0.35804837615585899 0.090489405150557992 1.2804379896707121 2.6735601219170531 1.2859460404190068 0.5 -1.2040333828630054 1.1085021075787691 OK 12 11 0.39729700000000001 0.31797300000000001 0.12751000000000001 0.26442300000000002 0.16797599999999999 0 0.13287399999999999 0.14999700000000002 0.12751000000000001 0.0065630000000000003 0.0064840000000000002 0.0058370000000000002 0.10366800000000001 0.122006 0.10096400000000003 0.0040690000000000006 0.0037100000000000002 0.0034800000000000005 0.00094199999999999991 0.00092200000000000008 0.00082499999999999989 1.1085013516923432 1.1085013516923432 1.1085013516923432 4.9278443508018388e-05 4.9278443508018388e-05 4.9278443508018388e-05 1 1 1 Converged Converged Converged OK OK OK 82 82 82 82 82 82 6 6 6 0 0 0 0 1 0 0 1
17 17 linear 2 23 172 3 0.0001 0.31068804940513184 0.35804837615585899 0.090489405150557992 1.2804379896707121 2.6735601219170531 1.2985358707008237 0.5 -1.2166232131448222 1.1284788889794497 OK 12 11 0.418875 0.31736199999999998 0.12504100000000001 0.29246 0.17049900000000001 0 0.126415 0.14686299999999997 0.12504100000000001 0.0065560000000000002 0.0063439999999999998 0.0058630000000000002 0.09894799999999998 0.12004399999999998 0.099750999999999992 0.0040149999999999995 0.0038219999999999999 0.0034720000000000007 0.00089599999999999999 0.00094300000000000004 0.00084199999999999998 1.1284796419592302 1.1284796419592302 1.1284796419592302 1.3171557646174381e-05 1.3171557646174381e-05 1.3171557646174381e-05 1 1 1 Converged Converged Converged OK OK OK 82 82 82 82 82 82 6 6 6 0 0 0 0 1 0 0 1
17 17 linear 3 0 173 0 0.001 0.31068804940513184 0.35804837615585899 0.090489405150557992 1.2658592030851583 2.6568884033219979 1.2477613220550468 0.5 -1.1658486644990453 1.071460738817694 OK 13 12 0.35189999999999999 0.34998099999999999 0.100297 0.24896599999999999 0.24834500000000001 0 0.102934 0.10163599999999998 0.100297 0.0096340000000000002 0.0098899999999999995 0.0093550000000000005 0.071645999999999987 0.069893000000000011 0.069510999999999989 0.0031680000000000002 0.003258 0.0031780000000000003 0.00071299999999999998 0.00073499999999999998 0.000696 1.0714600686892057 1.0714600686892057 1.0714600686892057 0.00010907647108413036 0.00010907647108413036 0.00010907647108413036 1 1 1 Converged Converged Converged OK OK OK 61 61 61 61 61 61 3 3 3 0 0 0 0 0 1 0 0
17 17 linear 3 7 173 1 0.001 0.31068804940513184 0.35804837615585899 0.090489405150557992 1.2658592030851583 2.6568884033219979 1.2587774235516365 0.5 -1.1768647659956351 1.0771359243821867 OK 13 12 0.35251500000000002 0.27650599999999997 0.099787000000000001 0.24986 0.14913399999999999 0 0.10265500000000002 0.12737199999999999 0.099787000000000001 0.008685 0.0087869999999999997 0.0082880000000000002 0.074759999999999993 0.099595999999999976 0.072998999999999994 0.003225 0.0033110000000000001 0.0031420000000000003 0.00067599999999999995 0.0007049999999999999 0.00067699999999999998 1.0771352598582395 1.0771352598582395 1.0771352598582395 0.00011839030907127021 0.00011839030907127021 0.00011839030907127021 1 1 1 Converged Converged Converged OK OK OK 61 61 61 61 61 61 3 3 3 0 0 0 0 1 0 0 1
17 17 linear 3 15 173 2 0.001 0.31068804940513184 0.35804837615585899 0.090489405150557992 1.2658592030851583 2.6568884033219979 1.2713672538334531 0.5 -1.1894545962774516 1.0856605476425685 OK 13 12 0.35889799999999999 0.28226200000000001 0.094828999999999997 0.26086599999999999 0.156636 0 0.098032000000000008 0.12562600000000002 0.094828999999999997 0.0087760000000000008 0.0088100000000000001 0.0082070000000000008 0.070189000000000001 0.097898000000000027 0.068116999999999969 0.0032570000000000003 0.003346 0.003202 0.00070099999999999991 0.00070699999999999995 0.00066200000000000005 1.0856597499621243 1.0856597499621243 1.0856597499621243 0.00012997812704423854 0.00012997812704423854 0.00012997812704423854 1 1 1 Converged Converged Converged OK OK OK 61 61 61 61 61 61 3 3 3 0 0 0 0 1 0 0 1
17 17 linear 3 23 173 3 0.001 0.31068804940513184 0.35804837615585899 0.090489405150557992 1.2658592030851583 2.6568884033219979 1.2839570841152699 0.5 -1.2020444265592685 1.0977338849172806 OK 13 12 0.39844400000000002 0.34185100000000002 0.115649 0.27897100000000002 0.17480799999999999 0 0.119473 0.16704300000000002 0.115649 0.0091400000000000006 0.0090469999999999995 0.0084220000000000007 0.090629999999999974 0.138263 0.088259999999999977 0.003042 0.003228 0.0030359999999999996 0.0007670000000000001 0.00078100000000000001 0.00074099999999999991 1.0977500986223085 1.0977500986223085 1.0977500986223085 0.0003390489653198508 0.0003390489653198508 0.0003390489653198508 1 1 1 Converged Converged Converged OK OK OK 68 68 68 68 68 68 4 4 4 0 0 0 0 1 0 0 1
17 17 linear 3 0 173 0 0.0001 0.31068804940513184 0.35804837615585899 0.090489405150557992 1.2658592030851583 2.6568884033219979 1.2477613220550468 0.5 -1.1658486644990453 1.071460738817694 OK 13 12 0.38065199999999999 0.37233899999999998 0.12485599999999999 0.24779100000000001 0.24657299999999999 0 0.13286099999999998 0.12576599999999999 0.12485599999999999 0.0096399999999999993 0.0096640000000000007 0.0092650000000000007 0.094206000000000026 0.08826500000000001 0.087985999999999939 0.004516 0.0041879999999999999 0.0040460000000000001 0.00085400000000000005 0.00083000000000000001 0.00081099999999999998 1.0714600690132747 1.0714600690132747 1.0714600690132747 2.3730146524004167e-05 2.3730146524004167e-05 2.3730146524004167e-05 1 1 1 Converged Converged Converged OK OK OK 77 77 77 77 77 77 3 3 3 0 0 0 0 0 1 0 0
17 17 linear 3 7 173 1 0.0001 0.31068804940513184 0.35804837615585899 0.090489405150557992 1.2658592030851583 2.6568884033219979 1.2587774235516365 0.5 -1.1768647659956351 1.0771359243821867 OK 13 12 0.37400699999999998 0.30661899999999997 0.124042 0.245591 0.14918300000000001 0 0.12841599999999997 0.15743599999999996 0.124042 0.0089029999999999995 0.0088210000000000007 0.0083330000000000001 0.094863000000000058 0.124643 0.09211500000000003 0.0042839999999999996 0.0042110000000000003 0.0041120000000000002 0.00083700000000000007 0.00081999999999999987 0.00077399999999999995 1.0771352601962103 1.0771352601962103 1.0771352601962103 2.6358152967072e-05 2.6358152967072e-05 2.6358152967072e-05 1 1 1 Converged Converged Converged OK OK OK 77 77 77 77 77 77 3 3 3 0 0 0 0 1 0 0 1
17 17 linear 3 15 173 2 0.0001 0.31068804940513184 0.35804837615585899 0.090489405150557992 1.2658592030851583 2.6568884033219979 1.2713672538334531 0.5 -1.1894545962774516 1.0856605476425685 OK 13 12 0.384571 0.31365999999999999 0.117906 0.262154 0.15634500000000001 0 0.122417 0.15731499999999998 0.117906 0.0088059999999999996 0.008737 0.0082330000000000007 0.08911100000000001 0.124456 0.08619099999999999 0.0042630000000000003 0.004189 0.004052 0.00084699999999999999 0.00082900000000000009 0.00077800000000000005 1.0856597502749488 1.0856597502749488 1.0856597502749488 3.0388503309015526e-05 3.0388503309015526e-05 3.0388503309015526e-05 1 1 1 Converged Converged Converged OK OK OK 77 77 77 77 77 77 3 3 3 0 0 0 0 1 0 0 1
17 17 linear 3 23 173 3 0.0001 0.31068804940513184 0.35804837615585899 0.090489405150557992 1.2658592030851583 2.6568884033219979 1.2839570841152699 0.5 -1.2020444265592685 1.0977338849172806 OK 13 12 0.41805599999999998 0.36634499999999998 0.137185 0.27696500000000002 0.17069599999999999 0 0.14109099999999997 0.19564899999999999 0.137185 0.0091190000000000004 0.0091179999999999994 0.0084430000000000009 0.108376 0.16308400000000012 0.10557699999999999 0.0041360000000000008 0.0041780000000000003 0.0040739999999999995 0.00091 0.00087099999999999992 0.00087800000000000009 1.0977343936563364 1.0977343936563364 1.0977343936563364 6.8882009661462991e-05 6.8882009661462991e-05 6.8882009661462991e-05 1 1 1 Converged Converged Converged OK OK OK 84 84 84 84 84 84 4 4 4 0 0 0 0 1 0 0 1
17 17 linear 4 0 174 0 0.001 0.31068804940513184 0.35804837615585899 0.090489405150557992 1.250434821012367 2.5944163715090918 1.2323369399822555 0.5 -1.1504242824262541 1.065431194170255 OK 13 12 0.32459700000000002 0.325795 0.102064 0.219726 0.222881 0 0.10487100000000002 0.10291400000000001 0.102064 0.0091059999999999995 0.0090069999999999994 0.0088540000000000008 0.073499999999999996 0.071847999999999981 0.071552000000000018 0.0032300000000000002 0.0032849999999999997 0.0031250000000000002 0.00075699999999999997 0.00075500000000000003 0.00073800000000000005 1.0654306332241672 1.0654306332241672 1.0654306332241672 9.3458713768623171e-05 9.3458713768623171e-05 9.3458713768623171e-05 1 1 1 Converged Converged Converged OK OK OK 61 61 61 61 61 61 3 3 3 0 0 0 0 0 1 0 0
17 17 linear 4 7 174 1 0.001 0.31068804940513184 0.35804837615585899 0.090489405150557992 1.250434821012367 2.5944163715090918 1.2433530414788452 0.5 -1.1614403839228438 1.0683288703448155 OK 13 12 0.32322000000000001 0.26900400000000002 0.097350999999999993 0.22323899999999999 0.141432 0 0.099981000000000014 0.12757200000000002 0.097350999999999993 0.0082439999999999996 0.0081770000000000002 0.0077660000000000003 0.072578000000000004 0.10052999999999999 0.070846000000000006 0.00329 0.0033079999999999997 0.003264 0.00072000000000000005 0.00071599999999999984 0.00072000000000000005 1.0683282762100144 1.0683282762100144 1.0683282762100144 9.7011284442529165e-05 9.7011284442529165e-05 9.7011284442529165e-05 1 1 1 Converged Converged Converged OK OK OK 61 61 61 61 61 61 3 3 3 0 0 0 0 1 0 0 1
17 17 linear 4 15 174 2 0.001 0.31068804940513184 0.35804837615585899 0.090489405150557992 1.250434821012367 2.5944163715090918 1.2559428717606618 0.5 -1.1740302142046604 1.0719939396797962 OK 13 12 0.33048100000000002 0.26062800000000003 0.091700000000000004 0.235931 0.14329700000000001 0 0.094550000000000023 0.11733100000000002 0.091700000000000004 0.0084580000000000002 0.0086029999999999995 0.007953 0.067231000000000013 0.089476000000000028 0.065119999999999997 0.003176 0.0033800000000000002 0.0032969999999999996 0.00070799999999999997 0.00072599999999999997 0.00069200000000000002 1.0719933387009364 1.0719933387009364 1.0719933387009364 0.00010067919532109911 0.00010067919532109911 0.00010067919532109911 1 1 1 Converged Converged Converged OK OK OK 61 61 61 61 61 61 3 3 3 0 0 0 0 1 0 0 1
17 17 linear 4 23 174 3 0.001 0.31068804940513184 0.35804837615585899 0.090489405150557992 1.250434821012367 2.5944163715090918 1.2685327020424786 0.5 -1.1866200444864772 1.0760116303843787 OK 13 12 0.35479899999999998 0.27854200000000001 0.104792 0.24637000000000001 0.14549400000000001 0 0.10842899999999997 0.133048 0.104792 0.0091109999999999993 0.0090860000000000003 0.0084580000000000002 0.078924999999999981 0.10377300000000005 0.076781999999999989 0.0034230000000000003 0.003424 0.0032719999999999997 0.00080199999999999998 0.00081999999999999998 0.00076900000000000004 1.0760110235993114 1.0760110235993114 1.0760110235993114 4.3415520299587923e-05 4.3415520299587923e-05 4.3415520299587923e-05 1 1 1 Converged Converged Converged OK OK OK 68 68 68 68 68 68 4 4 4 0 0 0 0 1 0 0 1
17 17 linear 4 0 174 0 0.0001 0.31068804940513184 0.35804837615585899 0.090489405150557992 1.250434821012367 2.5944163715090918 1.2323369399822555 0.5 -1.1504242824262541 1.065431194170255 OK 13 12 0.32770700000000003 0.32366600000000001 0.102005 0.22339000000000001 0.22159599999999999 0 0.10431700000000002 0.10207000000000002 0.102005 0.008933 0.0089049999999999997 0.0087449999999999993 0.073290999999999981 0.071512999999999993 0.071484999999999993 0.0031350000000000002 0.0031289999999999998 0.0031520000000000003 0.00071600000000000006 0.00070800000000000008 0.00070100000000000002 1.0654306332241672 1.0654306332241672 1.0654306332241672 9.3458713768623171e-05 9.3458713768623171e-05 9.3458713768623171e-05 1 1 1 Converged Converged Converged OK OK OK 61 61 61 61 61 61 3 3 3 0 0 0 0 0 1 0 0
17 17 linear 4 7 174 1 0.0001 0.31068804940513184 0.35804837615585899 0.090489405150557992 1.250434821012367 2.5944163715090918 1.2433530414788452 0.5 -1.1614403839228438 1.0683288703448155 OK 13 12 0.32126199999999999 0.26770500000000003 0.096848000000000004 0.22120799999999999 0.139736 0 0.100054 0.12796900000000003 0.096848000000000004 0.0081169999999999992 0.0083219999999999995 0.0075989999999999999 0.072877999999999984 0.10037799999999997 0.070495999999999975 0.003238 0.0034759999999999999 0.0032659999999999998 0.00069500000000000009 0.00071899999999999991 0.00066799999999999997 1.0683282762100144 1.0683282762100144 1.0683282762100144 9.7011284442529165e-05 9.7011284442529165e-05 9.7011284442529165e-05 1 1 1 Converged Converged Converged OK OK OK 61 61 61 61 61 61 3 3 3 0 0 0 0 1 0 0 1
17 17 linear 4 15 174 2 0.0001 0.31068804940513184 0.35804837615585899 0.090489405150557992 1.250434821012367 2.5944163715090918 1.2559428717606618 0.5 -1.1740302142046604 1.0719939396797962 OK 13 12 0.33120100000000002 0.26640000000000003 0.091439000000000006 0.23685 0.14272499999999999 0 0.094351000000000018 0.12367500000000003 0.091439000000000006 0.0083649999999999992 0.0085819999999999994 0.0079159999999999994 0.067006000000000052 0.089592999999999978 0.065094000000000027 0.0031780000000000003 0.003398 0.0031780000000000003 0.00070699999999999995 0.00073599999999999989 0.00067199999999999996 1.0719933387009364 1.0719933387009364 1.0719933387009364 0.00010067919532109911 0.00010067919532109911 0.00010067919532109911 1 1 1 Converged Converged Converged OK OK OK 61 61 61 61 61 61 3 3 3 0 0 0 0 1 0 0 1
17 17 linear 4 23 174 3 0.0001 0.31068804940513184 0.35804837615585899 0.090489405150557992 1.250434821012367 2.5944163715090918 1.2685327020424786 0.5 -1.1866200444864772 1.0760116303843787 OK 13 12 0.359989 0.27696500000000002 0.104738 0.25186599999999998 0.14407600000000001 0 0.10812300000000002 0.13288900000000001 0.104738 0.0090410000000000004 0.0090740000000000005 0.0084279999999999997 0.079308999999999977 0.10385900000000005 0.076894000000000018 0.003176 0.0033479999999999998 0.0031570000000000001 0.00076400000000000014 0.00077500000000000008 0.00076600000000000008 1.0760110235993114 1.0760110235993114 1.0760110235993114 4.3415520299587923e-05 4.3415520299587923e-05 4.3415520299587923e-05 1 1 1 Converged Converged Converged OK OK OK 68 68 68 68 68 68 4 4 4 0 0 0 0 1 0 0 1
17 17 uniform 0 0 175 0 0.001 0.31068804940513184 0.35804837615585899 0.090489405150557992 1.3441228163017673 2.7011290188478272 1.3260249352716558 0 -1.2441122777156544 1.1504573110792087 OK 12 11 0.37030099999999999 0.37599300000000002 0.088113999999999998 0.28133999999999998 0.283966 0 0.088961000000000012 0.092027000000000025 0.088113999999999998 0.007273 0.0070619999999999997 0.0069150000000000001 0.065267999999999979 0.065134999999999985 0.065137999999999988 0.0020010000000000002 0.0020369999999999997 0.0018459999999999996 0.00062199999999999994 0.00061600000000000001 0.00058399999999999999 1.1504573590580642 1.1504573590580642 1.1504573590580642 0.00038602329486037905 0.00038602329486037905 0.00038602329486037905 1 1 1 Converged Converged Converged OK OK OK 58 58 58 58 58 58 6 6 6 0 0 0 0 0 1 0 0
17 17 uniform 0 7 175 1 0.001 0.31068804940513184 0.35804837615585899 0.090489405150557992 1.3441228163017673 2.7011290188478272 1.3370410367682455 0 -1.2551283792122441 1.1546286866694906 OK 12 11 0.37191299999999999 0.26482 0.080064999999999997 0.29364400000000002 0.17821699999999999 0 0.078268999999999977 0.086603000000000013 0.080064999999999997 0.0061139999999999996 0.0061460000000000004 0.0057840000000000001 0.059458999999999991 0.068175000000000013 0.062283000000000005 0.0019559999999999998 0.0019329999999999998 0.001934 0.00052099999999999998 0.00051000000000000004 0.00051699999999999999 1.1546287818471046 1.1546287818471046 1.1546287818471046 0.00040467224932109466 0.00040467224932109466 0.00040467224932109466 1 1 1 Converged Converged Converged OK OK OK 58 58 58 58 58 58 6 6 6 0 0 0 0 1 0 0 1
17 17 uniform 0 15 175 2 0.001 0.31068804940513184 0.35804837615585899 0.090489405150557992 1.3441228163017673 2.7011290188478272 1.3496308670500621 0 -1.2677182094940607 1.1576579794751198 OK 12 11 0.38895099999999999 0.28731299999999999 0.080445000000000003 0.30730299999999999 0.18978400000000001 0 0.081647999999999998 0.097528999999999977 0.080445000000000003 0.0061440000000000002 0.0062750000000000002 0.0057939999999999997 0.062965000000000007 0.078506999999999993 0.062537999999999982 0.0019419999999999999 0.0019550000000000001 0.00199 0.00048999999999999998 0.000522 0.00049399999999999997 1.1576575877135913 1.1576575877135913 1.1576575877135913 0.00048913014237318231 0.00048913014237318231 0.00048913014237318231 1 1 1 Converged Converged Converged OK OK OK 58 58 58 58 58 58 6 6 6 0 0 0 0 1 0 0 1
17 17 uniform 0 23 175 3 0.001 0.31068804940513184 0.35804837615585899 0.090489405150557992 1.3441228163017673 2.7011290188478272 1.3622206973318789 0 -1.2803080397758775 1.1590453118226154 OK 12 11 0.37418699999999999 0.27691399999999999 0.078987000000000002 0.29418699999999998 0.18398400000000001 0 0.080000000000000016 0.092929999999999985 0.078987000000000002 0.0060639999999999999 0.0061859999999999997 0.0057099999999999998 0.061527999999999985 0.074386000000000022 0.061328000000000008 0.001882 0.0019509999999999998 0.0018390000000000001 0.0005170000000000001 0.00053800000000000007 0.00050000000000000001 1.1590437329374899 1.1590437329374899 1.1590437329374899 0.00077946621547622175 0.00077946621547622175 0.00077946621547622175 1 1 1 Converged Converged Converged OK OK OK 58 58 58 58 58 58 6 6 6 0 0 0 0 1 0 0 1
17 17 uniform 0 0 175 0 0.0001 0.31068804940513184 0.35804837615585899 0.090489405150557992 1.3441228163017673 2.7011290188478272 1.3260249352716558 0 -1.2441122777156544 1.1504573110792087 OK 12 11 0.39186300000000002 0.39246700000000001 0.106285 0.28140300000000001 0.28275099999999997 0 0.11046 0.10971600000000004 0.106285 0.0069589999999999999 0.0071310000000000002 0.0069090000000000002 0.081154000000000032 0.080898999999999985 0.077451999999999979 0.002794 0.0027819999999999998 0.0028679999999999999 0.00077500000000000008 0.00075900000000000002 0.00072900000000000005 1.1504573590660283 1.1504573590660283 1.1504573590660283 3.0820334088265685e-05 3.0820334088265685e-05 3.0820334088265685e-05 1 1 1 Converged Converged Converged OK OK OK 74 74 74 74 74 74 6 6 6 0 0 0 0 0 1 0 0
17 17 uniform 0 7 175 1 0.0001 0.31068804940513184 0.35804837615585899 0.090489405150557992 1.3441228163017673 2.7011290188478272 1.3370410367682455 0 -1.2551283792122441 1.1546286866694906 OK 12 11 0.39672800000000003 0.29038399999999998 0.096209000000000003 0.29935899999999999 0.17812500000000001 0 0.097369000000000039 0.11225899999999997 0.096209000000000003 0.0061760000000000001 0.006202 0.0058009999999999997 0.073700999999999975 0.088543000000000011 0.073574999999999974 0.0027520000000000001 0.0027889999999999998 0.0028020000000000002 0.00070300000000000007 0.00072999999999999996 0.00068099999999999996 1.1546287818550731 1.1546287818550731 1.1546287818550731 4.9484353962208992e-05 4.9484353962208992e-05 4.9484353962208992e-05 1 1 1 Converged Converged Converged OK OK OK 74 74 74 74 74 74 6 6 6 0 0 0 0 1 0 0 1
17 17 uniform 0 15 175 2 0.0001 0.31068804940513184 0.35804837615585899 0.090489405150557992 1.3441228163017673 2.7011290188478272 1.3496308670500621 0 -1.2677182094940607 1.1576579794751198 OK 12 11 0.416661 0.32408500000000001 0.10789899999999999 0.30734 0.19122500000000001 0 0.109321 0.13286000000000001 0.10789899999999999 0.0061830000000000001 0.0061110000000000001 0.00577 0.082502999999999993 0.10629400000000001 0.082459999999999978 0.0030900000000000003 0.0031780000000000003 0.0030670000000000003 0.0008160000000000001 0.00080300000000000011 0.00078199999999999993 1.1576579712207662 1.1576579712207662 1.1576579712207662 1.2492637869949411e-05 1.2492637869949411e-05 1.2492637869949411e-05 1 1 1 Converged Converged Converged OK OK OK 82 82 82 82 82 82 6 6 6 0 0 0 0 1 0 0 1
17 17 uniform 0 23 175 3 0.0001 0.31068804940513184 0.35804837615585899 0.090489405150557992 1.3441228163017673 2.7011290188478272 1.3622206973318789 0 -1.2803080397758775 1.1590453118226154 OK 12 11 0.40075699999999997 0.306336 0.10260900000000001 0.296516 0.18417600000000001 0 0.10424099999999997 0.12215999999999999 0.10260900000000001 0.0061549999999999999 0.0062740000000000001 0.0057140000000000003 0.078752000000000016 0.097134000000000012 0.078473999999999974 0.0030430000000000001 0.0030929999999999998 0.0030219999999999999 0.00082100000000000001 0.00081700000000000002 0.00081999999999999998 1.1590453187036442 1.1590453187036442 1.1590453187036442 1.5349825684395654e-05 1.5349825684395654e-05 1.5349825684395654e-05 1 1 1 Converged Converged Converged OK OK OK 82 82 82 82 82 82 6 6 6 0 0 0 0 1 0 0 1
17 17 uniform 1 0 176 0 0.001 0.31068804940513184 0.35804837615585899 0.090489405150557992 1.3893773351101633 2.6505478156721591 1.3712794540800517 0 -1.2893667965240503 1.1527172737539413 OK 12 11 0.37281700000000001 0.37442599999999998 0.086993000000000001 0.283916 0.28682999999999997 0 0.088901000000000008 0.087596000000000007 0.086993000000000001 0.0075630000000000003 0.0072529999999999999 0.0073429999999999997 0.064299000000000009 0.063966000000000009 0.063858999999999985 0.0022439999999999999 0.0019979999999999998 0.001964 0.0006150000000000001 0.00064999999999999997 0.00057899999999999998 1.152722824963734 1.152722824963734 1.152722824963734 0.00070959143743575177 0.00070959143743575177 0.00070959143743575177 1 1 1 Converged Converged Converged OK OK OK 58 58 58 58 58 58 6 6 6 0 0 0 0 0 1 0 0
17 17 uniform 1 7 176 1 0.001 0.31068804940513184 0.35804837615585899 0.090489405150557992 1.3893773351101633 2.6505478156721591 1.3822955555766414 0 -1.30038289802064 1.1514028488876051 OK 12 11 0.35227700000000001 0.27346300000000001 0.074596999999999997 0.27602599999999999 0.184609 0 0.076251000000000013 0.088854000000000016 0.074596999999999997 0.0062550000000000001 0.0062859999999999999 0.0059059999999999998 0.058609999999999988 0.071577000000000002 0.058186999999999989 0.0017439999999999999 0.0016930000000000003 0.001573 0.00039300000000000001 0.00044099999999999999 0.00040099999999999999 1.1513850943592949 1.1513850943592949 1.1513850943592949 0.00096855153023434808 0.00096855153023434808 0.00096855153023434808 1 1 1 Converged Converged Converged OK OK OK 50 50 50 50 50 50 6 6 6 0 0 0 0 1 0 0 1
17 17 uniform 1 15 176 2 0.001 0.31068804940513184 0.35804837615585899 0.090489405150557992 1.3893773351101633 2.6505478156721591 1.394885385858458 0 -1.3129727283024566 1.1483072475839202 OK 13 12 0.442162 0.34055400000000002 0.10066700000000001 0.33607300000000001 0.22725600000000001 0 0.10608899999999999 0.11329800000000001 0.10066700000000001 0.011384 0.010057999999999999 0.0093620000000000005 0.080278999999999989 0.089575000000000016 0.077829999999999941 0.0021939999999999998 0.0021089999999999998 0.0021289999999999998 0.000486 0.00041399999999999998 0.00042499999999999998 1.1483066060160139 1.1483066060160139 1.1483066060160139 0.00088978545160319227 0.00088978545160319227 0.00088978545160319227 1 1 1 Converged Converged Converged OK OK OK 57 57 57 57 57 57 7 7 7 0 0 0 0 1 0 0 1
17 17 uniform 1 23 176 3 0.001 0.31068804940513184 0.35804837615585899 0.090489405150557992 1.3893773351101633 2.6505478156721591 1.4074752161402748 0 -1.3255625585842734 1.1433940869595243 OK 13 12 0.44724900000000001 0.34152700000000003 0.098497000000000001 0.34664800000000001 0.23422599999999999 0 0.100601 0.10730100000000004 0.098497000000000001 0.010081 0.0098469999999999999 0.0091470000000000006 0.076496999999999982 0.083841000000000027 0.076042000000000026 0.0021199999999999999 0.002052 0.002075 0.00055400000000000002 0.00044999999999999999 0.00045300000000000001 1.1433941177315283 1.1433941177315283 1.1433941177315283 0.00088226678057326188 0.00088226678057326188 0.00088226678057326188 1 1 1 Converged Converged Converged OK OK OK 57 57 57 57 57 57 7 7 7 0 0 0 0 1 0 0 1
17 17 uniform 1 0 176 0 0.0001 0.31068804940513184 0.35804837615585899 0.090489405150557992 1.3893773351101633 2.6505478156721591 1.3712794540800517 0 -1.2893667965240503 1.1527172737539413 OK 12 11 0.40743299999999999 0.40238400000000002 0.114214 0.29291200000000001 0.28733900000000001 0 0.11452099999999998 0.11504500000000001 0.114214 0.0071349999999999998 0.0073140000000000002 0.0074130000000000003 0.082012999999999961 0.082081999999999974 0.08208 0.0032260000000000001 0.0034260000000000002 0.0032299999999999998 0.00091399999999999988 0.00092800000000000001 0.00084599999999999996 1.1527174821874884 1.1527174821874884 1.1527174821874884 9.6222579915612386e-05 9.6222579915612386e-05 9.6222579915612386e-05 1 1 1 Converged Converged Converged OK OK OK 82 82 82 82 82 82 6 6 6 0 0 0 0 0 1 0 0
17 17 uniform 1 7 176 1 0.0001 0.31068804940513184 0.35804837615585899 0.090489405150557992 1.3893773351101633 2.6505478156721591 1.3822955555766414 0 -1.30038289802064 1.1514028488876051 OK 12 11 0.40838999999999998 0.32916499999999999 0.12698100000000001 0.27950399999999997 0.17571500000000001 0 0.128886 0.15344999999999998 0.12698100000000001 0.0064440000000000001 0.0064879999999999998 0.0059639999999999997 0.09798399999999996 0.12235699999999999 0.09736199999999999 0.0040879999999999996 0.004182 0.0039679999999999993 0.00093800000000000003 0.00094899999999999997 0.00096500000000000004 1.1514054267635256 1.1514054267635256 1.1514054267635256 7.4618995330522696e-05 7.4618995330522696e-05 7.4618995330522696e-05 1 1 1 Converged Converged Converged OK OK OK 98 98 98 98 98 98 6 6 6 0 0 0 0 1 0 0 1
17 17 uniform 1 15 176 2 0.0001 0.31068804940513184 0.35804837615585899 0.090489405150557992 1.3893773351101633 2.6505478156721591 1.394885385858458 0 -1.3129727283024566 1.1483072475839202 OK 13 12 0.47616599999999998 0.38209700000000002 0.13508600000000001 0.33973199999999998 0.222492 0 0.136434 0.15960500000000002 0.13508600000000001 0.0097730000000000004 0.010031 0.0093179999999999999 0.10332200000000001 0.125496 0.10294800000000003 0.0037159999999999997 0.0039560000000000003 0.0037200000000000002 0.00092099999999999984 0.0011619999999999998 0.00096899999999999992 1.1483072482662053 1.1483072482662053 1.1483072482662053 6.7212618653199639e-05 6.7212618653199639e-05 6.7212618653199639e-05 1 1 1 Converged Converged Converged OK OK OK 89 89 89 89 89 89 7 7 7 0 0 0 0 1 0 0 1
17 17 uniform 1 23 176 3 0.0001 0.31068804940513184 0.35804837615585899 0.090489405150557992 1.3893773351101633 2.6505478156721591 1.4074752161402748 0 -1.3255625585842734 1.1433940869595243 OK 13 12 0.48736600000000002 0.400669 0.144347 0.341615 0.231572 0 0.14575100000000002 0.169097 0.144347 0.0099889999999999996 0.009894 0.0091859999999999997 0.11164699999999997 0.13541000000000003 0.11172099999999996 0.0037989999999999999 0.0038579999999999999 0.0038059999999999995 0.000941 0.0009140000000000001 0.00087399999999999989 1.1433942575304514 1.1433942575304514 1.1433942575304514 6.7801338994355573e-05 6.7801338994355573e-05 6.7801338994355573e-05 1 1 1 Converged Converged Converged OK OK OK 89 89 89 89 89 89 7 7 7 0 0 0 0 1 0 0 1
17 17 uniform 2 0 177 0 0.001 0.31068804940513184 0.35804837615585899 0.090489405150557992 1.2804379896707121 2.6735601219170531 1.2623401086406005 0 -1.1804274510845991 1.0800748220162166 OK 13 12 0.33368599999999998 0.332343 0.067471000000000003 0.26425199999999999 0.26409300000000002 0 0.069433999999999996 0.068249999999999977 0.067471000000000003 0.0094719999999999995 0.0093519999999999992 0.0091430000000000001 0.042696999999999992 0.042513999999999996 0.042388000000000002 0.0024400000000000003 0.002238 0.0021289999999999998 0.00066200000000000005 0.00063899999999999992 0.00062600000000000004 1.0800747934838915 1.0800747934838915 1.0800747934838915 0.00038731542785673019 0.00038731542785673019 0.00038731542785673019 1 1 1 Converged Converged Converged OK OK OK 45 45 45 45 45 45 3 3 3 0 0 0 0 0 1 0 0
17 17 uniform 2 7 177 1 0.001 0.31068804940513184 0.35804837615585899 0.090489405150557992 1.2804379896707121 2.6735601219170531 1.2733562101371902 0 -1.1914435525811888 1.089901331112147 OK 13 12 0.34090700000000002 0.26745200000000002 0.070507 0.26875700000000002 0.17139699999999999 0 0.072149999999999992 0.096055000000000029 0.070507 0.0088629999999999994 0.0090830000000000008 0.0083949999999999997 0.048901999999999987 0.072739000000000012 0.048361000000000001 0.0022429999999999998 0.0023120000000000003 0.0022000000000000001 0.00063399999999999991 0.00061600000000000001 0.00056599999999999999 1.0899011821513849 1.0899011821513849 1.0899011821513849 0.00039866888197705852 0.00039866888197705852 0.00039866888197705852 1 1 1 Converged Converged Converged OK OK OK 45 45 45 45 45 45 3 3 3 0 0 0 0 1 0 0 1
17 17 uniform 2 15 177 2 0.001 0.31068804940513184 0.35804837615585899 0.090489405150557992 1.2804379896707121 2.6735601219170531 1.2859460404190068 0 -1.2040333828630054 1.1124544146050566 OK 12 11 0.35876799999999998 0.27310099999999998 0.094920000000000004 0.262235 0.16393099999999999 0 0.09653299999999998 0.10916999999999999 0.094920000000000004 0.0063790000000000001 0.0064590000000000003 0.0057679999999999997 0.072838 0.085297999999999985 0.072444000000000022 0.0025219999999999999 0.0026719999999999999 0.0024619999999999998 0.00072799999999999991 0.00071900000000000002 0.00067299999999999999 1.1124545852458472 1.1124545852458472 1.1124545852458472 0.00041747099079083905 0.00041747099079083905 0.00041747099079083905 1 1 1 Converged Converged Converged OK OK OK 66 66 66 66 66 66 6 6 6 0 0 0 0 1 0 0 1
17 17 uniform 2 23 177 3 0.001 0.31068804940513184 0.35804837615585899 0.090489405150557992 1.2804379896707121 2.6735601219170531 1.2985358707008237 0 -1.2166232131448222 1.1309943285794184 OK 12 11 0.37012299999999998 0.26977099999999998 0.079832 0.28849200000000003 0.17164399999999999 0 0.081630999999999954 0.098126999999999992 0.079832 0.0063340000000000002 0.0063150000000000003 0.0058710000000000004 0.062081999999999998 0.078951000000000007 0.061640999999999994 0.0021190000000000002 0.002137 0.0019599999999999999 0.00058100000000000003 0.00056599999999999999 0.00053199999999999992 1.1309945155222521 1.1309945155222521 1.1309945155222521 0.00070608149712075548 0.00070608149712075548 0.00070608149712075548 1 1 1 Converged Converged Converged OK OK OK 58 58 58 58 58 58 6 6 6 0 0 0 0 1 0 0 1
17 17 uniform 2 0 177 0 0.0001 0.31068804940513184 0.35804837615585899 0.090489405150557992 1.2804379896707121 2.6735601219170531 1.2623401086406005 0 -1.1804274510845991 1.0800748220162166 OK 13 12 0.35122999999999999 0.34843499999999999 0.086907999999999999 0.262768 0.26146900000000001 0 0.088461999999999985 0.086965999999999988 0.086907999999999999 0.0097490000000000007 0.0092379999999999997 0.0093449999999999991 0.055951000000000008 0.055879999999999985 0.055556000000000015 0.0031289999999999998 0.0030930000000000003 0.0030749999999999996 0.00078600000000000002 0.000776 0.00077100000000000009 1.0800747934917123 1.0800747934917123 1.0800747934917123 3.19531174257099e-05 3.19531174257099e-05 3.19531174257099e-05 1 1 1 Converged Converged Converged OK OK OK 61 61 61 61 61 61 3 3 3 0 0 0 0 0 1 0 0
17 17 uniform 2 7 177 1 0.0001 0.31068804940513184 0.35804837615585899 0.090489405150557992 1.2804379896707121 2.6735601219170531 1.2733562101371902 0 -1.1914435525811888 1.089901331112147 OK 13 12 0.35986000000000001 0.29183100000000001 0.089902999999999997 0.26814500000000002 0.17094100000000001 0 0.091714999999999991 0.12089 0.089902999999999997 0.0088999999999999999 0.0089639999999999997 0.0085579999999999996 0.062903000000000028 0.092696000000000001 0.062519999999999992 0.0033400000000000001 0.0031120000000000002 0.003039 0.00069800000000000005 0.00073099999999999999 0.00071699999999999997 1.0899011821592131 1.0899011821592131 1.0899011821592131 4.3322335058114313e-05 4.3322335058114313e-05 4.3322335058114313e-05 1 1 1 Converged Converged Converged OK OK OK 61 61 61 61 61 61 3 3 3 0 0 0 0 1 0 0 1
17 17 uniform 2 15 177 2 0.0001 0.31068804940513184 0.35804837615585899 0.090489405150557992 1.2804379896707121 2.6735601219170531 1.2859460404190068 0 -1.2040333828630054 1.1124544146050566 OK 12 11 0.374859 0.29668600000000001 0.11144800000000001 0.26139400000000002 0.163053 0 0.11346499999999998 0.133633 0.11144800000000001 0.0064060000000000002 0.0063010000000000002 0.0058659999999999997 0.084922000000000039 0.10565499999999999 0.084352000000000038 0.0033149999999999998 0.003392 0.0032399999999999998 0.00083700000000000007 0.00084000000000000003 0.000803 1.1124545852536813 1.1124545852536813 1.1124545852536813 6.2142443329856484e-05 6.2142443329856484e-05 6.2142443329856484e-05 1 1 1 Converged Converged Converged OK OK OK 82 82 82 82 82 82 6 6 6 0 0 0 0 1 0 0 1
17 17 uniform 2 23 177 3 0.0001 0.31068804940513184 0.35804837615585899 0.090489405150557992 1.2804379896707121 2.6735601219170531 1.2985358707008237 0 -1.2166232131448222 1.1309943285794184 OK 12 11 0.395175 0.30372700000000002 0.104472 0.284744 0.173428 0 0.110431 0.13029900000000003 0.104472 0.0062919999999999998 0.0064330000000000003 0.005953 0.080378999999999992 0.104267 0.079785999999999982 0.0033250000000000003 0.0034629999999999999 0.0030819999999999997 0.00083200000000000006 0.00083599999999999994 0.00077499999999999997 1.1309946734829801 1.1309946734829801 1.1309946734829801 2.3468910866235488e-05 2.3468910866235488e-05 2.3468910866235488e-05 1 1 1 Converged Converged Converged OK OK OK 82 82 82 82 82 82 6 6 6 0 0 0 0 1 0 0 1
17 17 uniform 3 0 178 0 0.001 0.31068804940513184 0.35804837615585899 0.090489405150557992 1.2658592030851583 2.6568884033219979 1.2477613220550468 0 -1.1658486644990453 1.0719084990680092 OK 13 12 0.31654700000000002 0.31515900000000002 0.070091000000000001 0.246588 0.24490400000000001 0 0.069959000000000021 0.070255000000000012 0.070091000000000001 0.0093620000000000005 0.0096329999999999992 0.0096760000000000006 0.044599000000000014 0.044786000000000006 0.044653999999999999 0.002196 0.0021739999999999997 0.0021289999999999998 0.00055599999999999996 0.00056900000000000006 0.00056399999999999994 1.0719084867733206 1.0719084867733206 1.0719084867733206 0.00037986026689768102 0.00037986026689768102 0.00037986026689768102 1 1 1 Converged Converged Converged OK OK OK 45 45 45 45 45 45 3 3 3 0 0 0 0 0 1 0 0
17 17 uniform 3 7 178 1 0.001 0.31068804940513184 0.35804837615585899 0.090489405150557992 1.2658592030851583 2.6568884033219979 1.2587774235516365 0 -1.1768647659956351 1.0777542170861278 OK 13 12 0.31435400000000002 0.24290300000000001 0.068498000000000003 0.24445 0.149919 0 0.069904000000000022 0.092984000000000011 0.068498000000000003 0.0088050000000000003 0.0088210000000000007 0.0082740000000000001 0.046833000000000007 0.070272999999999988 0.046624000000000006 0.0022209999999999999 0.002232 0.0021970000000000002 0.00058 0.00055499999999999994 0.00053799999999999996 1.0777542065344705 1.0777542065344705 1.0777542065344705 0.00038290273502897585 0.00038290273502897585 0.00038290273502897585 1 1 1 Converged Converged Converged OK OK OK 45 45 45 45 45 45 3 3 3 0 0 0 0 1 0 0 1
17 17 uniform 3 15 178 2 0.001 0.31068804940513184 0.35804837615585899 0.090489405150557992 1.2658592030851583 2.6568884033219979 1.2713672538334531 0 -1.1894545962774516 1.0866033743567503 OK 13 12 0.32597999999999999 0.24426100000000001 0.064768000000000006 0.25952900000000001 0.15703300000000001 0 0.066450999999999982 0.087228 0.064768000000000006 0.0087980000000000003 0.0087950000000000007 0.0082360000000000003 0.043462999999999988 0.064456999999999987 0.043122000000000001 0.002307 0.0022730000000000003 0.0021540000000000001 0.00055599999999999996 0.00056400000000000005 0.00055099999999999995 1.086603268437095 1.086603268437095 1.086603268437095 0.00038801517060565186 0.00038801517060565186 0.00038801517060565186 1 1 1 Converged Converged Converged OK OK OK 45 45 45 45 45 45 3 3 3 0 0 0 0 1 0 0 1
17 17 uniform 3 23 178 3 0.001 0.31068804940513184 0.35804837615585899 0.090489405150557992 1.2658592030851583 2.6568884033219979 1.2839570841152699 0 -1.2020444265592685 1.0992981659267458 OK 13 12 0.36261399999999999 0.30063000000000001 0.084172999999999998 0.27702300000000002 0.17388200000000001 0 0.085590999999999973 0.126748 0.084172999999999998 0.0089680000000000003 0.0090109999999999999 0.0083920000000000002 0.061928999999999991 0.10304699999999996 0.06171999999999999 0.0022600000000000003 0.002313 0.0021649999999999998 0.00061899999999999998 0.00062900000000000011 0.00059400000000000002 1.0993266114059141 1.0993266114059141 1.0993266114059141 0.0008491782640951492 0.0008491782640951492 0.0008491782640951492 1 1 1 Converged Converged Converged OK OK OK 52 52 52 52 52 52 4 4 4 0 0 0 0 1 0 0 1
17 17 uniform 3 0 178 0 0.0001 0.31068804940513184 0.35804837615585899 0.090489405150557992 1.2658592030851583 2.6568884033219979 1.2477613220550468 0 -1.1658486644990453 1.0719084990680092 OK 13 12 0.33463100000000001 0.33710600000000002 0.088400000000000006 0.24524499999999999 0.24752299999999999 0 0.089386000000000021 0.089583000000000024 0.088400000000000006 0.0094909999999999994 0.0097230000000000007 0.0091979999999999996 0.057894999999999981 0.057976 0.057775000000000007 0.0030790000000000001 0.0032039999999999998 0.003052 0.00070700000000000005 0.00072600000000000008 0.000718 1.071908486781066 1.071908486781066 1.071908486781066 2.4432020938144091e-05 2.4432020938144091e-05 2.4432020938144091e-05 1 1 1 Converged Converged Converged OK OK OK 61 61 61 61 61 61 3 3 3 0 0 0 0 0 1 0 0
17 17 uniform 3 7 178 1 0.0001 0.31068804940513184 0.35804837615585899 0.090489405150557992 1.2658592030851583 2.6568884033219979 1.2587774235516365 0 -1.1768647659956351 1.0777542170861278 OK 13 12 0.33302199999999998 0.27017999999999998 0.087797 0.24439900000000001 0.15029899999999999 0 0.08862299999999998 0.11988099999999999 0.087797 0.0088039999999999993 0.0088749999999999992 0.0083409999999999995 0.060950999999999998 0.091724000000000028 0.060915999999999998 0.0030220000000000004 0.0031310000000000001 0.0029710000000000001 0.00068099999999999996 0.00069299999999999993 0.00069300000000000004 1.0777542065422223 1.0777542065422223 1.0777542065422223 2.7490657169826501e-05 2.7490657169826501e-05 2.7490657169826501e-05 1 1 1 Converged Converged Converged OK OK OK 61 61 61 61 61 61 3 3 3 0 0 0 0 1 0 0 1
17 17 uniform 3 15 178 2 0.0001 0.31068804940513184 0.35804837615585899 0.090489405150557992 1.2658592030851583 2.6568884033219979 1.2713672538334531 0 -1.1894545962774516 1.0866033743567503 OK 13 12 0.34711700000000001 0.27102799999999999 0.082850999999999994 0.26297300000000001 0.157254 0 0.084143999999999997 0.11377399999999999 0.082850999999999994 0.0087360000000000007 0.0089960000000000005 0.0082190000000000006 0.056604000000000002 0.085809000000000024 0.056190999999999984 0.0030509999999999999 0.0033010000000000001 0.0029690000000000003 0.00066299999999999996 0.00070899999999999999 0.00065600000000000001 1.0866032684448526 1.0866032684448526 1.0866032684448526 3.2621555132543122e-05 3.2621555132543122e-05 3.2621555132543122e-05 1 1 1 Converged Converged Converged OK OK OK 61 61 61 61 61 61 3 3 3 0 0 0 0 1 0 0 1
17 17 uniform 3 23 178 3 0.0001 0.31068804940513184 0.35804837615585899 0.090489405150557992 1.2658592030851583 2.6568884033219979 1.2839570841152699 0 -1.2020444265592685 1.0992981659267458 OK 13 12 0.401032 0.349719 0.120979 0.27722000000000002 0.17307700000000001 0 0.12381199999999998 0.17664199999999999 0.120979 0.0090460000000000002 0.0092029999999999994 0.0084939999999999998 0.089618000000000031 0.14294000000000004 0.089062999999999976 0.0045999999999999999 0.0043570000000000006 0.0038189999999999995 0.00088500000000000004 0.00088399999999999991 0.00084499999999999994 1.0993004280979106 1.0993004280979106 1.0993004280979106 5.9028701354876172e-05 5.9028701354876172e-05 5.9028701354876172e-05 1 1 1 Converged Converged Converged OK OK OK 84 84 84 84 84 84 4 4 4 0 0 0 0 1 0 0 1
17 17 uniform 4 0 179 0 0.001 0.31068804940513184 0.35804837615585899 0.090489405150557992 1.250434821012367 2.5944163715090918 1.2323369399822555 0 -1.1504242824262541 1.0655432737939137 OK 13 12 0.29547000000000001 0.29614499999999999 0.072487999999999997 0.22197 0.223023 0 0.07350000000000001 0.073121999999999993 0.072487999999999997 0.0088310000000000003 0.0088850000000000005 0.0086929999999999993 0.048411000000000003 0.048385999999999992 0.048158999999999987 0.002114 0.0021440000000000001 0.0021329999999999999 0.00057899999999999998 0.00059700000000000009 0.00055999999999999995 1.065543262113043 1.065543262113043 1.065543262113043 0.00037546097473013633 0.00037546097473013633 0.00037546097473013633 1 1 1 Converged Converged Converged OK OK OK 45 45 45 45 45 45 3 3 3 0 0 0 0 0 1 0 0
17 17 uniform 4 7 179 1 0.001 0.31068804940513184 0.35804837615585899 0.090489405150557992 1.250434821012367 2.5944163715090918 1.2433530414788452 0 -1.1614403839228438 1.0684471584799959 OK 13 12 0.28623900000000002 0.23025100000000001 0.065671999999999994 0.21937499999999999 0.13961399999999999 0 0.066864000000000035 0.090637000000000023 0.065671999999999994 0.0081080000000000006 0.0081359999999999991 0.0077359999999999998 0.04477600000000001 0.068657999999999997 0.044436999999999997 0.0022139999999999998 0.0021949999999999999 0.0021489999999999999 0.00057399999999999997 0.00056700000000000001 0.00053399999999999997 1.0684471466686993 1.0684471466686993 1.0684471466686993 0.00037608940907464349 0.00037608940907464349 0.00037608940907464349 1 1 1 Converged Converged Converged OK OK OK 45 45 45 45 45 45 3 3 3 0 0 0 0 1 0 0 1
17 17 uniform 4 15 179 2 0.001 0.31068804940513184 0.35804837615585899 0.090489405150557992 1.250434821012367 2.5944163715090918 1.2559428717606618 0 -1.1740302142046604 1.0721123427066404 OK 13 12 0.29834699999999997 0.22409200000000001 0.062672000000000005 0.234376 0.14443900000000001 0 0.063970999999999972 0.079653000000000002 0.062672000000000005 0.0085430000000000002 0.008482 0.0079310000000000005 0.041414999999999993 0.057528999999999997 0.041287000000000004 0.0021540000000000001 0.0021670000000000001 0.0021260000000000003 0.00055900000000000004 0.00055400000000000002 0.00053899999999999998 1.0721123306093074 1.0721123306093074 1.0721123306093074 0.00037658782659806105 0.00037658782659806105 0.00037658782659806105 1 1 1 Converged Converged Converged OK OK OK 45 45 45 45 45 45 3 3 3 0 0 0 0 1 0 0 1
17 17 uniform 4 23 179 3 0.001 0.31068804940513184 0.35804837615585899 0.090489405150557992 1.250434821012367 2.5944163715090918 1.2685327020424786 0 -1.1866200444864772 1.0761169809991764 OK 13 12 0.32084099999999999 0.24057600000000001 0.072978000000000001 0.24662700000000001 0.14552799999999999 0 0.074213999999999974 0.095048000000000021 0.072978000000000001 0.0089929999999999993 0.0090559999999999998 0.0084849999999999995 0.05084799999999999 0.071689000000000003 0.050410999999999977 0.0021579999999999998 0.0022000000000000001 0.0021640000000000001 0.00060299999999999991 0.00060999999999999997 0.00063099999999999994 1.0761170107995106 1.0761170107995106 1.0761170107995106 0.00039387780696319597 0.00039387780696319597 0.00039387780696319597 1 1 1 Converged Converged Converged OK OK OK 52 52 52 52 52 52 4 4 4 0 0 0 0 1 0 0 1
17 17 uniform 4 0 179 0 0.0001 0.31068804940513184 0.35804837615585899 0.090489405150557992 1.250434821012367 2.5944163715090918 1.2323369399822555 0 -1.1504242824262541 1.0655432737939137 OK 13 12 0.31141999999999997 0.310581 0.089013999999999996 0.22186600000000001 0.220802 0 0.089553999999999967 0.089778999999999998 0.089013999999999996 0.0089110000000000005 0.008907 0.0085179999999999995 0.059278999999999991 0.059540999999999976 0.059461 0.0029729999999999999 0.0029499999999999999 0.0029329999999999998 0.00068799999999999992 0.00070600000000000014 0.00067699999999999998 1.0655432621205008 1.0655432621205008 1.0655432621205008 1.9831748217702666e-05 1.9831748217702666e-05 1.9831748217702666e-05 1 1 1 Converged Converged Converged OK OK OK 61 61 61 61 61 61 3 3 3 0 0 0 0 0 1 0 0
17 17 uniform 4 7 179 1 0.0001 0.31068804940513184 0.35804837615585899 0.090489405150557992 1.250434821012367 2.5944163715090918 1.2433530414788452 0 -1.1614403839228438 1.0684471584799959 OK 13 12 0.31012600000000001 0.25529400000000002 0.084653000000000006 0.21963199999999999 0.139735 0 0.090494000000000019 0.11555900000000002 0.084653000000000006 0.0081860000000000006 0.0081779999999999995 0.0076629999999999997 0.063228000000000006 0.088790000000000022 0.058559 0.0030560000000000001 0.0031060000000000003 0.002954 0.000669 0.00067100000000000005 0.0006739999999999999 1.0684471466761656 1.0684471466761656 1.0684471466761656 2.0477937215610265e-05 2.0477937215610265e-05 2.0477937215610265e-05 1 1 1 Converged Converged Converged OK OK OK 61 61 61 61 61 61 3 3 3 0 0 0 0 1 0 0 1
17 17 uniform 4 15 179 2 0.0001 0.31068804940513184 0.35804837615585899 0.090489405150557992 1.250434821012367 2.5944163715090918 1.2559428717606618 0 -1.1740302142046604 1.0721123427066404 OK 13 12 0.31495000000000001 0.25050499999999998 0.079320000000000002 0.234295 0.14560600000000001 0 0.080655000000000004 0.10489899999999996 0.079320000000000002 0.0084489999999999999 0.0086040000000000005 0.0079900000000000006 0.053395999999999992 0.077546000000000004 0.052826000000000012 0.0030040000000000002 0.003101 0.003019 0.00067199999999999996 0.00071900000000000002 0.00066199999999999994 1.0721123306167819 1.0721123306167819 1.0721123306167819 2.0996624592254924e-05 2.0996624592254924e-05 2.0996624592254924e-05 1 1 1 Converged Converged Converged OK OK OK 61 61 61 61 61 61 3 3 3 0 0 0 0 1 0 0 1
17 17 uniform 4 23 179 3 0.0001 0.31068804940513184 0.35804837615585899 0.090489405150557992 1.250434821012367 2.5944163715090918 1.2685327020424786 0 -1.1866200444864772 1.0761169809991764 OK 13 12 0.34176499999999999 0.26380100000000001 0.090814000000000006 0.24831800000000001 0.145203 0 0.093446999999999975 0.11859800000000001 0.090814000000000006 0.0090430000000000007 0.0090460000000000002 0.0084790000000000004 0.064099999999999976 0.090048000000000003 0.063397999999999996 0.0033990000000000001 0.0031139999999999996 0.0030200000000000001 0.000727 0.00081400000000000005 0.00076500000000000005 1.0761170108069951 1.0761170108069951 1.0761170108069951 3.8306849562424623e-05 3.8306849562424623e-05 3.8306849562424623e-05 1 1 1 Converged Converged Converged OK OK OK 68 68 68 68 68 68 4 4 4 0 0 0 0 1 0 0 1
18 18 linear 0 0 180 0 0.001 2.3418826235805925 0.002883404936862509 0.0037394036436827192 -1.907985156720496 -0.014369877510062566 -1.9087330374492324 0.5 1.9154662188790417 8.9727724181627266 OK 14 13 0.51617400000000002 0.51613500000000001 0.19028700000000001 0.32072899999999999 0.32275900000000002 0 0.19544500000000004 0.19337599999999999 0.19028700000000001 0.012215999999999999 0.012219000000000001 0.011771999999999999 0.15121899999999996 0.148953 0.14727100000000007 0.0042220000000000001 0.0044070000000000003 0.0040409999999999995 0.001101 0.00117 0.001111 8.9727093892403822 8.9727093892403822 8.9727093892403822 0.0074587784684165929 0.0074587784684165929 0.0074587784684165929 1 1 1 Converged Converged Converged OK OK OK 89 89 89 89 89 89 7 7 7 0 0 0 0 0 1 0 0
18 18 linear 0 7 180 1 0.001 2.3418826235805925 0.002883404936862509 0.0037394036436827192 -1.907985156720496 -0.014369877510062566 -1.9082778057013059 0.5 1.9150109871311152 8.7105068676036961 OK 14 13 0.51173299999999999 0.400586 0.194163 0.312556 0.185949 0 0.19917699999999999 0.21463699999999999 0.194163 0.011117 0.011276 0.01047 0.16441600000000001 0.17904199999999998 0.16059700000000005 0.0041460000000000004 0.0044460000000000003 0.0040619999999999996 0.0010500000000000002 0.0011479999999999997 0.0010219999999999999 8.7105155010137665 8.7105155010137665 8.7105155010137665 0.0073478908868434435 0.0073478908868434435 0.0073478908868434435 1 1 1 Converged Converged Converged OK OK OK 89 89 89 89 89 89 7 7 7 0 0 0 0 1 0 0 1
18 18 linear 0 15 180 2 0.001 2.3418826235805925 0.002883404936862509 0.0037394036436827192 -1.907985156720496 -0.014369877510062566 -1.9077575408465326 0.5 1.9144907222763419 8.2462080291012718 OK 14 13 0.50257200000000002 0.404026 0.19167500000000001 0.30195300000000003 0.18157799999999999 0 0.20061899999999999 0.22244800000000001 0.19167500000000001 0.011213000000000001 0.011342 0.010421 0.16504299999999997 0.18656900000000001 0.15767199999999998 0.0041139999999999996 0.0043109999999999997 0.0040409999999999995 0.0011350000000000002 0.0010579999999999999 0.0010249999999999999 8.2462287888279722 8.2462287888279722 8.2462287888279722 0.0064203710294849755 0.0064203710294849755 0.0064203710294849755 1 1 1 Converged Converged Converged OK OK OK 89 89 89 89 89 89 7 7 7 0 0 0 0 1 0 0 1
18 18 linear 0 23 180 3 0.001 2.3418826235805925 0.002883404936862509 0.0037394036436827192 -1.907985156720496 -0.014369877510062566 -1.9072372759917595 0.5 1.9139704574215688 7.5884192742272214 OK 14 13 0.54960299999999995 0.44382300000000002 0.18728800000000001 0.356769 0.230682 0 0.19283399999999995 0.21314100000000002 0.18728800000000001 0.011207999999999999 0.011304 0.010475999999999999 0.15757700000000002 0.17741599999999999 0.15319600000000003 0.0040279999999999995 0.0042839999999999996 0.0040089999999999995 0.001044 0.0010349999999999999 0.001023 7.5884441383843377 7.5884441383843377 7.5884441383843377 0.0052138495155244343 0.0052138495155244343 0.0052138495155244343 1 1 1 Converged Converged Converged OK OK OK 89 89 89 89 89 89 7 7 7 0 0 0 0 1 0 0 1
18 18 linear 0 0 180 0 0.0001 2.3418826235805925 0.002883404936862509 0.0037394036436827192 -1.907985156720496 -0.014369877510062566 -1.9087330374492324 0.5 1.9154662188790417 8.9727724181627266 OK 14 13 0.55821600000000005 0.55626200000000003 0.230985 0.32372499999999998 0.32211800000000002 0 0.23449100000000006 0.23414400000000002 0.230985 0.012115000000000001 0.012344000000000001 0.011707 0.18052099999999999 0.17829799999999998 0.17687400000000003 0.0054299999999999991 0.0065900000000000004 0.0058969999999999995 0.0014080000000000002 0.0014250000000000001 0.001474 8.972738334648291 8.972738334648291 8.972738334648291 0.00067058241426296494 0.00067058241426296494 0.00067058241426296494 1 1 1 Converged Converged Converged OK OK OK 113 113 113 113 113 113 7 7 7 0 0 0 0 0 1 0 0
18 18 linear 0 7 180 1 0.0001 2.3418826235805925 0.002883404936862509 0.0037394036436827192 -1.907985156720496 -0.014369877510062566 -1.9082778057013059 0.5 1.9150109871311152 8.7105068676036961 OK 14 13 0.55088400000000004 0.44771699999999998 0.22958000000000001 0.31499300000000002 0.182059 0 0.23589100000000002 0.26565799999999995 0.22958000000000001 0.011256 0.011209999999999999 0.010468 0.19335499999999992 0.22299799999999992 0.188363 0.0055489999999999992 0.005836 0.0057260000000000002 0.0013009999999999999 0.0012700000000000001 0.0012950000000000001 8.7105444661341433 8.7105444661341433 8.7105444661341433 0.00055680858329212304 0.00055680858329212304 0.00055680858329212304 1 1 1 Converged Converged Converged OK OK OK 113 113 113 113 113 113 7 7 7 0 0 0 0 1 0 0 1
18 18 linear 0 15 180 2 0.0001 2.3418826235805925 0.002883404936862509 0.0037394036436827192 -1.907985156720496 -0.014369877510062566 -1.9077575408465326 0.5 1.9144907222763419 8.2462080291012718 OK 14 13 0.53892300000000004 0.44986799999999999 0.22448199999999999 0.30930600000000003 0.187475 0 0.22961700000000002 0.26239299999999999 0.22448199999999999 0.011187000000000001 0.011268 0.010475 0.18726899999999999 0.21956399999999993 0.18308800000000006 0.0055370000000000003 0.0059480000000000002 0.005692 0.001338 0.0013450000000000001 0.0013240000000000001 8.2462296886390138 8.2462296886390138 8.2462296886390138 0.0005837438561018569 0.0005837438561018569 0.0005837438561018569 1 1 1 Converged Converged Converged OK OK OK 113 113 113 113 113 113 7 7 7 0 0 0 0 1 0 0 1
18 18 linear 0 23 180 3 0.0001 2.3418826235805925 0.002883404936862509 0.0037394036436827192 -1.907985156720496 -0.014369877510062566 -1.9072372759917595 0.5 1.9139704574215688 7.5884192742272214 OK 14 13 0.61341000000000001 0.51091799999999998 0.24535499999999999 0.35623500000000002 0.227216 0 0.25717499999999999 0.28370200000000001 0.24535499999999999 0.011238 0.01157 0.010522 0.20781300000000005 0.23225800000000002 0.19753400000000002 0.0065179999999999995 0.0075030000000000001 0.0065640000000000004 0.001493 0.0015039999999999999 0.0014830000000000002 7.5884446765374172 7.5884446765374172 7.5884446765374172 0.00045230436920952639 0.00045230436920952639 0.00045230436920952639 1 1 1 Converged Converged Converged OK OK OK 129 129 129 129 129 129 7 7 7 0 0 0 0 1 0 0 1
18 18 linear 1 0 181 0 0.001 2.3418826235805925 0.002883404936862509 0.0037394036436827192 -1.9081175331628433 0.018347221722328985 -1.9088654138915797 0.5 1.915598595321389 6.5788088001996998 OK 14 13 0.66366000000000003 0.658555 0.20718500000000001 0.450465 0.44674000000000003 0 0.21319500000000002 0.21181499999999998 0.20718500000000001 0.012345999999999999 0.01187 0.01188 0.16808499999999998 0.16846699999999995 0.16346899999999998 0.0044260000000000002 0.0040460000000000001 0.0042729999999999999 0.0010990000000000002 0.0010690000000000001 0.0010430000000000001 6.5788288723011075 6.5788288723011075 6.5788288723011075 0.0023244051774794733 0.0023244051774794733 0.0023244051774794733 1 1 1 Converged Converged Converged OK OK OK 89 89 89 89 89 89 7 7 7 0 0 0 0 0 1 0 0
18 18 linear 1 7 181 1 0.001 2.3418826235805925 0.002883404936862509 0.0037394036436827192 -1.9081175331628433 0.018347221722328985 -1.9084101821436532 0.5 1.9151433635734625 6.3946252427013892 OK 14 13 0.70213899999999996 0.58885900000000002 0.19209000000000001 0.50364900000000001 0.36713000000000001 0 0.19848999999999994 0.22172900000000001 0.19209000000000001 0.011442000000000001 0.011372 0.01051 0.16255600000000003 0.18610499999999999 0.15760399999999999 0.0040980000000000001 0.0040610000000000004 0.0042160000000000001 0.0010610000000000001 0.001059 0.0010690000000000001 6.3946490842183277 6.3946490842183277 6.3946490842183277 0.0022175644746510424 0.0022175644746510424 0.0022175644746510424 1 1 1 Converged Converged Converged OK OK OK 89 89 89 89 89 89 7 7 7 0 0 0 0 1 0 0 1
18 18 linear 1 15 181 2 0.001 2.3418826235805925 0.002883404936862509 0.0037394036436827192 -1.9081175331628433 0.018347221722328985 -1.9078899172888799 0.5 1.9146230987186892 6.064973178508887 OK 14 13 0.49016900000000002 0.37257699999999999 0.16580300000000001 0.318185 0.18441199999999999 0 0.17198400000000003 0.188165 0.16580300000000001 0.011247999999999999 0.011088000000000001 0.010547000000000001 0.139516 0.15284799999999993 0.13506500000000005 0.0037100000000000002 0.0034140000000000004 0.003467 0.00093900000000000016 0.00089499999999999985 0.00088299999999999989 6.0649919828645569 6.0649919828645569 6.0649919828645569 0.0052124602987057029 0.0052124602987057029 0.0052124602987057029 1 1 1 Converged Converged Converged OK OK OK 74 74 74 74 74 74 6 6 6 0 0 0 0 1 0 0 1
18 18 linear 1 23 181 3 0.001 2.3418826235805925 0.002883404936862509 0.0037394036436827192 -1.9081175331628433 0.018347221722328985 -1.9073696524341068 0.5 1.9141028338639161 5.6041737923481127 OK 14 13 0.51947900000000002 0.40110499999999999 0.173571 0.343329 0.20494799999999999 0 0.17615000000000003 0.196157 0.173571 0.011072 0.011429999999999999 0.010435 0.14442700000000003 0.163356 0.14317400000000002 0.0036209999999999997 0.0039550000000000002 0.0035139999999999998 0.00086799999999999996 0.00084899999999999993 0.00088100000000000006 5.6041935215034497 5.6041935215034497 5.6041935215034497 0.0035612471032050248 0.0035612471032050248 0.0035612471032050248 1 1 1 Converged Converged Converged OK OK OK 74 74 74 74 74 74 6 6 6 0 0 0 0 1 0 0 1
18 18 linear 1 0 181 0 0.0001 2.3418826235805925 0.002883404936862509 0.0037394036436827192 -1.9081175331628433 0.018347221722328985 -1.9088654138915797 0.5 1.915598595321389 6.5788088001996998 OK 14 13 0.68812600000000002 0.68954099999999996 0.230875 0.44824399999999998 0.455646 0 0.23988200000000004 0.23389499999999996 0.230875 0.012064999999999999 0.012252000000000001 0.011771 0.18915399999999993 0.18158699999999992 0.18007500000000004 0.0051140000000000005 0.0056280000000000002 0.0054929999999999996 0.0012459999999999999 0.0012589999999999999 0.0012419999999999998 6.5788288700112307 6.5788288700112307 6.5788288700112307 0.00047238391268965741 0.00047238391268965741 0.00047238391268965741 1 1 1 Converged Converged Converged OK OK OK 105 105 105 105 105 105 7 7 7 0 0 0 0 0 1 0 0
18 18 linear 1 7 181 1 0.0001 2.3418826235805925 0.002883404936862509 0.0037394036436827192 -1.9081175331628433 0.018347221722328985 -1.9084101821436532 0.5 1.9151433635734625 6.3946252427013892 OK 14 13 0.72102999999999995 0.61717500000000003 0.212646 0.49676100000000001 0.36673299999999998 0 0.22426899999999994 0.25044200000000005 0.212646 0.011276 0.011509 0.010636 0.18322399999999997 0.20881099999999991 0.17292999999999994 0.0051419999999999999 0.0054440000000000009 0.0051050000000000002 0.0012080000000000001 0.001274 0.0012729999999999998 6.3946490819293906 6.3946490819293906 6.3946490819293906 0.00036602100242453877 0.00036602100242453877 0.00036602100242453877 1 1 1 Converged Converged Converged OK OK OK 105 105 105 105 105 105 7 7 7 0 0 0 0 1 0 0 1
18 18 linear 1 15 181 2 0.0001 2.3418826235805925 0.002883404936862509 0.0037394036436827192 -1.9081175331628433 0.018347221722328985 -1.9078899172888799 0.5 1.9146230987186892 6.064973178508887 OK 14 13 0.55946499999999999 0.43978299999999998 0.228302 0.32306800000000002 0.18374299999999999 0 0.23639699999999997 0.25603999999999999 0.228302 0.011303000000000001 0.011243 0.010577 0.19278899999999999 0.21315200000000006 0.18668600000000002 0.0057400000000000003 0.005476 0.0054030000000000007 0.0014119999999999998 0.0012469999999999998 0.0012529999999999998 6.064991906187597 6.064991906187597 6.064991906187597 0.00038374510785928157 0.00038374510785928157 0.00038374510785928157 1 1 1 Converged Converged Converged OK OK OK 106 106 106 106 106 106 6 6 6 0 0 0 0 1 0 0 1
18 18 linear 1 23 181 3 0.0001 2.3418826235805925 0.002883404936862509 0.0037394036436827192 -1.9081175331628433 0.018347221722328985 -1.9073696524341068 0.5 1.9141028338639161 5.6041737923481127 OK 14 13 0.58587699999999998 0.46995900000000002 0.23058500000000001 0.34206300000000001 0.205544 0 0.24381399999999998 0.26441500000000001 0.23058500000000001 0.011253000000000001 0.011266 0.010446 0.19712600000000005 0.21853799999999998 0.18673899999999991 0.0066189999999999999 0.0063449999999999999 0.0060730000000000003 0.0013310000000000002 0.001323 0.0012490000000000001 5.6041949484428892 5.6041949484428892 5.6041949484428892 0.00020656454734558667 0.00020656454734558667 0.00020656454734558667 1 1 1 Converged Converged Converged OK OK OK 114 114 114 114 114 114 6 6 6 0 0 0 0 1 0 0 1
18 18 linear 2 0 182 0 0.001 2.3418826235805925 0.002883404936862509 0.0037394036436827192 -1.9055508116078181 -0.01742508351026438 -1.9062986923365546 0.5 1.9130318737663639 4.5812508057563202 OK 14 13 0.78524099999999997 0.778389 0.187858 0.59364700000000004 0.58693399999999996 0 0.19159399999999993 0.19145500000000004 0.187858 0.012481000000000001 0.012211 0.01209 0.14931200000000003 0.149976 0.14648799999999995 0.0044070000000000003 0.0042940000000000001 0.0043509999999999998 0.00106 0.0010509999999999999 0.00098799999999999995 4.5812862766705065 4.5812862766705065 4.5812862766705065 0.0044658085434876385 0.0044658085434876385 0.0044658085434876385 1 1 1 Converged Converged Converged OK OK OK 82 82 82 82 82 82 6 6 6 0 0 0 0 0 1 0 0
18 18 linear 2 7 182 1 0.001 2.3418826235805925 0.002883404936862509 0.0037394036436827192 -1.9055508116078181 -0.01742508351026438 -1.9058434605886281 0.5 1.9125766420184374 3.5246466408287764 OK 14 13 0.754494 0.63748400000000005 0.202768 0.54583000000000004 0.40273300000000001 0 0.20866399999999996 0.23475100000000004 0.202768 0.011369000000000001 0.011336000000000001 0.010767000000000001 0.16308300000000003 0.18917399999999998 0.15866799999999998 0.0057780000000000001 0.0061529999999999996 0.0058440000000000002 0.0011460000000000001 0.001217 0.0011639999999999999 3.5244933266611369 3.5244933266611369 3.5244933266611369 0.002135177682459305 0.002135177682459305 0.002135177682459305 1 1 1 Converged Converged Converged OK OK OK 106 106 106 106 106 106 6 6 6 0 0 0 0 1 0 0 1
18 18 linear 2 15 182 2 0.001 2.3418826235805925 0.002883404936862509 0.0037394036436827192 -1.9055508116078181 -0.01742508351026438 -1.9053231957338548 0.5 1.9120563771636641 2.8248117277597506 OK 13 12 0.404889 0.28876600000000002 0.097503999999999993 0.30422700000000003 0.16974800000000001 0 0.10066199999999997 0.11901800000000001 0.097503999999999993 0.0085260000000000006 0.0084639999999999993 0.0079229999999999995 0.072650999999999993 0.091018999999999989 0.070537000000000002 0.0032929999999999999 0.003369 0.0034159999999999998 0.000812 0.00075199999999999996 0.00073700000000000013 2.8248090501350287 2.8248090501350287 2.8248090501350287 0.0018192509825335674 0.0018192509825335674 0.0018192509825335674 1 1 1 Converged Converged Converged OK OK OK 61 61 61 61 61 61 3 3 3 0 0 0 0 1 0 0 1
18 18 linear 2 23 182 3 0.001 2.3418826235805925 0.002883404936862509 0.0037394036436827192 -1.9055508116078181 -0.01742508351026438 -1.9048029308790817 0.5 1.911536112308891 2.6516672220497908 OK 13 12 0.40257199999999999 0.296068 0.096277000000000001 0.30233300000000002 0.168125 0 0.10023899999999997 0.127943 0.096277000000000001 0.0082719999999999998 0.0085120000000000005 0.0077980000000000002 0.072656000000000012 0.099384000000000014 0.069856000000000015 0.0032060000000000001 0.0037669999999999999 0.0032040000000000003 0.00077999999999999988 0.00075100000000000004 0.000687 2.6516653952944429 2.6516653952944429 2.6516653952944429 0.0017344817053807685 0.0017344817053807685 0.0017344817053807685 1 1 1 Converged Converged Converged OK OK OK 61 61 61 61 61 61 3 3 3 0 0 0 0 1 0 0 1
18 18 linear 2 0 182 0 0.0001 2.3418826235805925 0.002883404936862509 0.0037394036436827192 -1.9055508116078181 -0.01742508351026438 -1.9062986923365546 0.5 1.9130318737663639 4.5812508057563202 OK 14 13 0.87538899999999997 0.86598799999999998 0.27198 0.59465500000000004 0.58872199999999997 0 0.28073399999999993 0.27726600000000001 0.27198 0.012945 0.012707 0.012284 0.2188180000000001 0.21663000000000002 0.21307600000000004 0.0076179999999999989 0.0074420000000000007 0.0070360000000000006 0.001663 0.001506 0.0014519999999999999 4.5812863928718102 4.5812863928718102 4.5812863928718102 0.00014209768624479433 0.00014209768624479433 0.00014209768624479433 1 1 1 Converged Converged Converged OK OK OK 122 122 122 122 122 122 6 6 6 0 0 0 0 0 1 0 0
18 18 linear 2 7 182 1 0.0001 2.3418826235805925 0.002883404936862509 0.0037394036436827192 -1.9055508116078181 -0.01742508351026438 -1.9058434605886281 0.5 1.9125766420184374 3.5246466408287764 OK 14 13 0.86517699999999997 0.75707000000000002 0.30906600000000001 0.54528299999999996 0.40648400000000001 0 0.31989400000000001 0.35058600000000001 0.30906600000000001 0.011305000000000001 0.011398999999999999 0.010887000000000001 0.25640799999999997 0.28990800000000011 0.24971900000000005 0.010345999999999999 0.010253 0.010288 0.001588 0.0015770000000000003 0.0015750000000000002 3.5246059940169814 3.5246059940169814 3.5246059940169814 0.00027202340929920535 0.00027202340929920535 0.00027202340929920535 1 1 1 Converged Converged Converged OK OK OK 162 162 162 162 162 162 6 6 6 0 0 0 0 1 0 0 1
18 18 linear 2 15 182 2 0.0001 2.3418826235805925 0.002883404936862509 0.0037394036436827192 -1.9055508116078181 -0.01742508351026438 -1.9053231957338548 0.5 1.9120563771636641 2.8248117277597506 OK 13 12 0.43464700000000001 0.31849100000000002 0.123616 0.307064 0.173182 0 0.127583 0.14530900000000002 0.123616 0.0083770000000000008 0.0086960000000000006 0.0079360000000000003 0.094774000000000011 0.11217000000000001 0.09165700000000003 0.0042589999999999998 0.0043949999999999996 0.0042049999999999995 0.00088000000000000014 0.00096100000000000005 0.00091399999999999988 2.8248089496660911 2.8248089496660911 2.8248089496660911 5.8458232515781235e-05 5.8458232515781235e-05 5.8458232515781235e-05 1 1 1 Converged Converged Converged OK OK OK 77 77 77 77 77 77 3 3 3 0 0 0 0 1 0 0 1
18 18 linear 2 23 182 3 0.0001 2.3418826235805925 0.002883404936862509 0.0037394036436827192 -1.9055508116078181 -0.01742508351026438 -1.9048029308790817 0.5 1.911536112308891 2.6516672220497908 OK 13 12 0.436778 0.31707800000000003 0.121799 0.300954 0.16484499999999999 0 0.135824 0.15223300000000003 0.121799 0.0094009999999999996 0.0085590000000000006 0.0078139999999999998 0.10175499999999998 0.11915500000000001 0.090366999999999975 0.0042519999999999997 0.0044229999999999998 0.004163 0.00083500000000000002 0.00086399999999999997 0.00086899999999999998 2.6516653950857338 2.6516653950857338 2.6516653950857338 5.831617378926705e-05 5.831617378926705e-05 5.831617378926705e-05 1 1 1 Converged Converged Converged OK OK OK 77 77 77 77 77 77 3 3 3 0 0 0 0 1 0 0 1
18 18 linear 3 0 183 0 0.001 2.3418826235805925 0.002883404936862509 0.0037394036436827192 0.0029505341497892161 -0.0056280679575821998 0.0022026534210526721 0.5 0.0045305280087566315 148.42804486359563 OK 13 12 0.67168099999999997 0.66964299999999999 0.12490800000000001 0.54647999999999997 0.54849700000000001 0 0.12520100000000001 0.12114599999999998 0.12490800000000001 0.010515 0.010185 0.011542999999999999 0.094210999999999975 0.09172799999999999 0.093534999999999965 0.0031090000000000002 0.0026540000000000001 0.0026440000000000001 0.000825 0.0007229999999999999 0.00071199999999999996 148.42775852099157 148.42775852099157 148.42775852099157 0.11313263699882589 0.11313263699882589 0.11313263699882589 1 1 1 Converged Converged Converged OK OK OK 59 59 59 59 59 59 5 5 5 0 0 0 0 0 1 0 0
18 18 linear 3 7 183 1 0.001 2.3418826235805925 0.002883404936862509 0.0037394036436827192 0.0029505341497892161 -0.0056280679575821998 0.0026578851689792642 0.5 0.0040752962608300389 154.8497811564244 OK 13 12 0.54309300000000005 0.54198400000000002 0.11795799999999999 0.42401899999999998 0.285466 0 0.11907400000000007 0.25651800000000002 0.11795799999999999 0.0094319999999999994 0.0094020000000000006 0.010158 0.093259999999999996 0.231041 0.092062999999999978 0.0027530000000000002 0.0026199999999999995 0.0026119999999999997 0.00069700000000000003 0.0006739999999999999 0.00066500000000000001 154.84961208778194 154.84961208778194 154.84961208778194 0.079622474256851636 0.079622474256851636 0.079622474256851636 1 1 1 Converged Converged Converged OK OK OK 59 59 59 59 59 59 5 5 5 0 0 0 0 1 0 0 1
18 18 linear 3 15 183 2 0.001 2.3418826235805925 0.002883404936862509 0.0037394036436827192 0.0029505341497892161 -0.0056280679575821998 0.0031781500237525119 0.5 0.0035550314060567912 162.49050496217123 OK 13 12 0.65157200000000004 0.63761599999999996 0.11808399999999999 0.52608900000000003 0.39574500000000001 0 0.12548300000000001 0.24187099999999995 0.11808399999999999 0.0094660000000000005 0.0096880000000000004 0.0089160000000000003 0.099481000000000042 0.21465099999999995 0.093179999999999999 0.0027919999999999998 0.00329 0.0027950000000000002 0.00071699999999999997 0.00093099999999999997 0.00078199999999999993 162.49040671543236 162.49040671543236 162.49040671543236 0.07434324621714114 0.07434324621714114 0.07434324621714114 1 1 1 Converged Converged Converged OK OK OK 59 59 59 59 59 59 5 5 5 0 0 0 0 1 0 0 1
18 18 linear 3 23 183 3 0.001 2.3418826235805925 0.002883404936862509 0.0037394036436827192 0.0029505341497892161 -0.0056280679575821998 0.0036984148785257601 0.5 0.0030347665512835431 170.31220951409 OK 13 12 0.51919899999999997 0.52470000000000006 0.116919 0.39876499999999998 0.26659100000000002 0 0.12043399999999999 0.25810900000000003 0.116919 0.0097120000000000001 0.0099850000000000008 0.0091900000000000003 0.094714999999999952 0.23113199999999998 0.091990999999999989 0.0025990000000000002 0.0030569999999999998 0.0027419999999999996 0.00069300000000000004 0.00084400000000000013 0.00072799999999999991 170.31211190175009 170.31211190175009 170.31211190175009 0.069897624510745243 0.069897624510745243 0.069897624510745243 1 1 1 Converged Converged Converged OK OK OK 59 59 59 59 59 59 5 5 5 0 0 0 0 1 0 0 1
18 18 linear 3 0 183 0 0.0001 2.3418826235805925 0.002883404936862509 0.0037394036436827192 0.0029505341497892161 -0.0056280679575821998 0.0022026534210526721 0.5 0.0045305280087566315 148.42804486359563 OK 13 12 0.70007900000000001 0.69748500000000002 0.14885899999999999 0.54650799999999999 0.54608199999999996 0 0.15357100000000001 0.15140300000000007 0.14885899999999999 0.010397999999999999 0.010647999999999999 0.010130999999999999 0.11399699999999999 0.11151199999999996 0.11023899999999998 0.0044900000000000001 0.0047080000000000004 0.0039919999999999999 0.0010429999999999999 0.0010220000000000001 0.0010319999999999999 148.42795106066527 148.42795106066527 148.42795106066527 0.0041732493171757678 0.0041732493171757678 0.0041732493171757678 1 1 1 Converged Converged Converged OK OK OK 83 83 83 83 83 83 5 5 5 0 0 0 0 0 1 0 0
18 18 linear 3 7 183 1 0.0001 2.3418826235805925 0.002883404936862509 0.0037394036436827192 0.0029505341497892161 -0.0056280679575821998 0.0026578851689792642 0.5 0.0040752962608300389 154.8497811564244 OK 13 12 0.56606299999999998 0.59923499999999996 0.13602800000000001 0.42458499999999999 0.287215 0 0.14147799999999999 0.31201999999999996 0.13602800000000001 0.0096790000000000001 0.012626999999999999 0.0088900000000000003 0.10975400000000002 0.27718000000000004 0.10637899999999997 0.003986 0.0041099999999999999 0.0037460000000000002 0.00081899999999999996 0.00082700000000000004 0.00080399999999999992 154.84968382643936 154.84968382643936 154.84968382643936 0.0051052565746554082 0.0051052565746554082 0.0051052565746554082 1 1 1 Converged Converged Converged OK OK OK 75 75 75 75 75 75 5 5 5 0 0 0 0 1 0 0 1
18 18 linear 3 15 183 2 0.0001 2.3418826235805925 0.002883404936862509 0.0037394036436827192 0.0029505341497892161 -0.0056280679575821998 0.0031781500237525119 0.5 0.0035550314060567912 162.49050496217123 OK 13 12 0.69502799999999998 0.76187000000000005 0.16395499999999999 0.52927500000000005 0.39282 0 0.16575299999999993 0.36905000000000004 0.16395499999999999 0.0094929999999999997 0.0096900000000000007 0.0089960000000000005 0.12822900000000004 0.33000399999999996 0.12752299999999994 0.0046670000000000001 0.005306 0.0047440000000000008 0.0010200000000000001 0.0011169999999999999 0.001049 162.49040948361591 162.49040948361591 162.49040948361591 0.0036459339365184072 0.0036459339365184072 0.0036459339365184072 1 1 1 Converged Converged Converged OK OK OK 91 91 91 91 91 91 5 5 5 0 0 0 0 1 0 0 1
18 18 linear 3 23 183 3 0.0001 2.3418826235805925 0.002883404936862509 0.0037394036436827192 0.0029505341497892161 -0.0056280679575821998 0.0036984148785257601 0.5 0.0030347665512835431 170.31220951409 OK 13 12 0.56034899999999999 0.61585100000000004 0.15606500000000001 0.39695399999999997 0.26829900000000001 0 0.16339500000000001 0.34755200000000003 0.15606500000000001 0.0098689999999999993 0.0099190000000000007 0.0091199999999999996 0.12431599999999993 0.31342900000000001 0.12424800000000005 0.0041110000000000001 0.0047959999999999999 0.0040820000000000006 0.0010199999999999999 0.0011730000000000002 0.0010070000000000001 170.31210164681096 170.31210164681096 170.31210164681096 0.0059475183770845109 0.0059475183770845109 0.0059475183770845109 1 1 1 Converged Converged Converged OK OK OK 83 83 83 83 83 83 5 5 5 0 0 0 0 1 0 0 1
18 18 linear 4 0 184 0 0.001 2.3418826235805925 0.002883404936862509 0.0037394036436827192 0.0023820546279348358 0.0068935333832549376 0.0016341738991982918 0.5 0.0050990075306110109 122.12987046218642 OK 13 12 0.62048700000000001 0.60911400000000004 0.108464 0.50944599999999995 0.50036700000000001 0 0.11104100000000006 0.10874700000000004 0.108464 0.010127000000000001 0.010166 0.010015 0.08165 0.079989999999999978 0.079262000000000013 0.0028469999999999997 0.0026770000000000006 0.0029919999999999999 0.00069299999999999993 0.00067000000000000002 0.00068000000000000005 122.12979975915523 122.12979975915523 122.12979975915523 0.035273824949396335 0.035273824949396335 0.035273824949396335 1 1 1 Converged Converged Converged OK OK OK 60 60 60 60 60 60 4 4 4 0 0 0 0 0 1 0 0
18 18 linear 4 7 184 1 0.001 2.3418826235805925 0.002883404936862509 0.0037394036436827192 0.0023820546279348358 0.0068935333832549376 0.002089405647124884 0.5 0.0046437757826844192 126.13942155634247 OK 13 12 0.64559999999999995 0.65944899999999995 0.122597 0.51811600000000002 0.383324 0 0.12748399999999993 0.27612499999999995 0.122597 0.010064999999999999 0.010099 0.0093799999999999994 0.097306000000000017 0.24652900000000003 0.094152999999999987 0.0035080000000000007 0.003127 0.0032569999999999995 0.00087000000000000011 0.00070500000000000011 0.00076500000000000005 126.13929860976967 126.13929860976967 126.13929860976967 0.12525325757125572 0.12525325757125572 0.12525325757125572 1 1 1 Converged Converged Converged OK OK OK 67 67 67 67 67 67 5 5 5 0 0 0 0 1 0 0 1
18 18 linear 4 15 184 2 0.001 2.3418826235805925 0.002883404936862509 0.0037394036436827192 0.0023820546279348358 0.0068935333832549376 0.0026096705018981317 0.5 0.0041235109279111719 130.77272797224285 OK 13 12 0.63100100000000003 0.61712 0.122431 0.508212 0.37395099999999998 0 0.12278900000000004 0.24316900000000002 0.122431 0.0095630000000000003 0.0096860000000000002 0.0091190000000000004 0.097275999999999974 0.21318499999999996 0.097849000000000019 0.0026050000000000001 0.006829 0.0025829999999999998 0.00067400000000000001 0.00068099999999999996 0.00064999999999999997 130.77265860415721 130.77265860415721 130.77265860415721 0.074543553845206431 0.074543553845206431 0.074543553845206431 1 1 1 Converged Converged Converged OK OK OK 59 59 59 59 59 59 5 5 5 0 0 0 0 1 0 0 1
18 18 linear 4 23 184 3 0.001 2.3418826235805925 0.002883404936862509 0.0037394036436827192 0.0023820546279348358 0.0068935333832549376 0.0031299353566713799 0.5 0.0036032460731379233 135.38310749544982 OK 13 12 0.62788200000000005 0.58828400000000003 0.11604399999999999 0.50744800000000001 0.35664499999999999 0 0.12043400000000004 0.23163900000000004 0.11604399999999999 0.0097769999999999992 0.0098460000000000006 0.0090740000000000005 0.094299999999999995 0.20552299999999996 0.091604000000000005 0.0028000000000000004 0.0028350000000000003 0.0025309999999999998 0.00073700000000000002 0.00072599999999999997 0.00068400000000000004 135.3830223539272 135.3830223539272 135.3830223539272 0.051979304289283178 0.051979304289283178 0.051979304289283178 1 1 1 Converged Converged Converged OK OK OK 59 59 59 59 59 59 5 5 5 0 0 0 0 1 0 0 1
18 18 linear 4 0 184 0 0.0001 2.3418826235805925 0.002883404936862509 0.0037394036436827192 0.0023820546279348358 0.0068935333832549376 0.0016341738991982918 0.5 0.0050990075306110109 122.12987046218642 OK 13 12 0.62617100000000003 0.62430799999999997 0.118996 0.50446400000000002 0.50512999999999997 0 0.12170700000000001 0.11917800000000001 0.118996 0.010278000000000001 0.010259000000000001 0.0099279999999999993 0.089014999999999997 0.087046999999999972 0.086958000000000008 0.0032500000000000003 0.0034380000000000001 0.0035509999999999999 0.00083699999999999996 0.00084899999999999993 0.00091500000000000001 122.12979944928068 122.12979944928068 122.12979944928068 0.0053176280216297288 0.0053176280216297288 0.0053176280216297288 1 1 1 Converged Converged Converged OK OK OK 68 68 68 68 68 68 4 4 4 0 0 0 0 0 1 0 0
18 18 linear 4 7 184 1 0.0001 2.3418826235805925 0.002883404936862509 0.0037394036436827192 0.0023820546279348358 0.0068935333832549376 0.002089405647124884 0.5 0.0046437757826844192 126.13942155634247 OK 13 12 0.67662299999999997 0.73446 0.14990800000000001 0.52231799999999995 0.38467800000000002 0 0.15430500000000003 0.34978199999999998 0.14990800000000001 0.010099 0.010139 0.0094020000000000006 0.119112 0.31428500000000004 0.11550000000000003 0.0040130000000000001 0.0041549999999999998 0.0041899999999999993 0.00098499999999999998 0.00099100000000000013 0.001075 126.13934289167393 126.13934289167393 126.13934289167393 0.0025642901789416656 0.0025642901789416656 0.0025642901789416656 1 1 1 Converged Converged Converged OK OK OK 83 83 83 83 83 83 5 5 5 0 0 0 0 1 0 0 1
18 18 linear 4 15 184 2 0.0001 2.3418826235805925 0.002883404936862509 0.0037394036436827192 0.0023820546279348358 0.0068935333832549376 0.0026096705018981317 0.5 0.0041235109279111719 130.77272797224285 OK 13 12 0.65019800000000005 0.67641300000000004 0.13960800000000001 0.50444199999999995 0.37842399999999998 0 0.14575600000000011 0.29798900000000006 0.13960800000000001 0.0096970000000000008 0.0098370000000000003 0.0090650000000000001 0.11455899999999994 0.26668599999999998 0.10980699999999996 0.0036160000000000003 0.0036439999999999997 0.0037009999999999994 0.00090400000000000007 0.00084600000000000007 0.00083800000000000009 130.77264241921296 130.77264241921296 130.77264241921296 0.010608337420280776 0.010608337420280776 0.010608337420280776 1 1 1 Converged Converged Converged OK OK OK 75 75 75 75 75 75 5 5 5 0 0 0 0 1 0 0 1
18 18 linear 4 23 184 3 0.0001 2.3418826235805925 0.002883404936862509 0.0037394036436827192 0.0023820546279348358 0.0068935333832549376 0.0031299353566713799 0.5 0.0036032460731379233 135.38310749544982 OK 13 12 0.64677300000000004 0.64838399999999996 0.13572100000000001 0.50624400000000003 0.35919200000000001 0 0.14052900000000002 0.28919199999999995 0.13572100000000001 0.0096249999999999999 0.0097850000000000003 0.0090819999999999998 0.10974599999999997 0.257133 0.10620600000000002 0.0035529999999999997 0.0040549999999999996 0.0033790000000000001 0.00085999999999999998 0.00084900000000000004 0.00081099999999999998 135.38301575458865 135.38301575458865 135.38301575458865 0.0081191377617796396 0.0081191377617796396 0.0081191377617796396 1 1 1 Converged Converged Converged OK OK OK 75 75 75 75 75 75 5 5 5 0 0 0 0 1 0 0 1
18 18 uniform 0 0 185 0 0.001 2.3418826235805925 0.002883404936862509 0.0037394036436827192 -1.907985156720496 -0.014369877510062566 -1.9087330374492324 0 1.9154662188790417 8.6520895173070738 OK 14 13 0.45949000000000001 0.46056900000000001 0.13813900000000001 0.32181500000000002 0.31901099999999999 0 0.13767499999999999 0.14155800000000002 0.13813900000000001 0.012257000000000001 0.011946 0.011757999999999999 0.094395000000000021 0.09905300000000003 0.095131000000000007 0.0038199999999999996 0.0037630000000000003 0.0041069999999999995 0.001018 0.001008 0.0010720000000000003 8.6520849177345074 8.6520849177345074 8.6520849177345074 0.0054371517789693329 0.0054371517789693329 0.0054371517789693329 1 1 1 Converged Converged Converged OK OK OK 89 89 89 89 89 89 7 7 7 0 0 0 0 0 1 0 0
18 18 uniform 0 7 185 1 0.001 2.3418826235805925 0.002883404936862509 0.0037394036436827192 -1.907985156720496 -0.014369877510062566 -1.9082778057013059 0 1.9150109871311152 8.4679594008637551 OK 14 13 0.446104 0.33044000000000001 0.13426399999999999 0.310448 0.17693800000000001 0 0.135656 0.153502 0.13426399999999999 0.011091 0.011212 0.010455000000000001 0.10135099999999996 0.11896199999999997 0.10103899999999996 0.003826 0.0038610000000000003 0.003764 0.00094500000000000009 0.00096900000000000003 0.00093300000000000002 8.4679547651193694 8.4679547651193694 8.4679547651193694 0.0053787688004809462 0.0053787688004809462 0.0053787688004809462 1 1 1 Converged Converged Converged OK OK OK 89 89 89 89 89 89 7 7 7 0 0 0 0 1 0 0 1
18 18 uniform 0 15 185 2 0.001 2.3418826235805925 0.002883404936862509 0.0037394036436827192 -1.907985156720496 -0.014369877510062566 -1.9077575408465326 0 1.9144907222763419 8.131485699462921 OK 14 13 0.43374600000000002 0.33488499999999999 0.124015 0.30812499999999998 0.18102099999999999 0 0.12562100000000004 0.153864 0.124015 0.011171 0.011315 0.010397 0.092244000000000007 0.12035300000000006 0.091962999999999975 0.0036540000000000001 0.0036209999999999997 0.0035140000000000006 0.00085099999999999998 0.00087100000000000003 0.00086600000000000002 8.1314786807060866 8.1314786807060866 8.1314786807060866 0.0080755473780290687 0.0080755473780290687 0.0080755473780290687 1 1 1 Converged Converged Converged OK OK OK 81 81 81 81 81 81 7 7 7 0 0 0 0 1 0 0 1
18 18 uniform 0 23 185 3 0.001 2.3418826235805925 0.002883404936862509 0.0037394036436827192 -1.907985156720496 -0.014369877510062566 -1.9072372759917595 0 1.9139704574215688 7.6297644217133076 OK 14 13 0.47922900000000002 0.376938 0.120075 0.35732399999999997 0.22441 0 0.12190500000000004 0.152528 0.120075 0.011180000000000001 0.011445 0.010449999999999999 0.088296999999999973 0.11867799999999996 0.088170999999999999 0.0037340000000000003 0.0037950000000000002 0.0034729999999999995 0.00085700000000000001 0.00087699999999999996 0.00084399999999999992 7.6297604179511023 7.6297604179511023 7.6297604179511023 0.0042360327163680715 0.0042360327163680715 0.0042360327163680715 1 1 1 Converged Converged Converged OK OK OK 81 81 81 81 81 81 7 7 7 0 0 0 0 1 0 0 1
18 18 uniform 0 0 185 0 0.0001 2.3418826235805925 0.002883404936862509 0.0037394036436827192 -1.907985156720496 -0.014369877510062566 -1.9087330374492324 0 1.9154662188790417 8.6520895173070738 OK 14 13 0.47367799999999999 0.47148499999999999 0.14715800000000001 0.32402999999999998 0.31857000000000002 0 0.149648 0.15291499999999997 0.14715800000000001 0.012293999999999999 0.012203 0.011571 0.101577 0.10560400000000002 0.10051999999999997 0.0046899999999999997 0.0044119999999999993 0.0044590000000000003 0.001194 0.0011900000000000001 0.0011789999999999999 8.6520909512808526 8.6520909512808526 8.6520909512808526 0.00063244039744850484 0.00063244039744850484 0.00063244039744850484 1 1 1 Converged Converged Converged OK OK OK 97 97 97 97 97 97 7 7 7 0 0 0 0 0 1 0 0
18 18 uniform 0 7 185 1 0.0001 2.3418826235805925 0.002883404936862509 0.0037394036436827192 -1.907985156720496 -0.014369877510062566 -1.9082778057013059 0 1.9150109871311152 8.4679594008637551 OK 14 13 0.45918500000000001 0.34891100000000003 0.142258 0.313529 0.17743 0 0.14565600000000001 0.17148100000000002 0.142258 0.011244000000000001 0.011364000000000001 0.010522 0.10777900000000006 0.13346300000000005 0.10682500000000002 0.0044939999999999997 0.0045920000000000006 0.0041990000000000005 0.0012000000000000001 0.0011619999999999998 0.0010950000000000001 8.4679608027741278 8.4679608027741278 8.4679608027741278 0.0005707857478193251 0.0005707857478193251 0.0005707857478193251 1 1 1 Converged Converged Converged OK OK OK 97 97 97 97 97 97 7 7 7 0 0 0 0 1 0 0 1
18 18 uniform 0 15 185 2 0.0001 2.3418826235805925 0.002883404936862509 0.0037394036436827192 -1.907985156720496 -0.014369877510062566 -1.9077575408465326 0 1.9144907222763419 8.131485699462921 OK 14 13 0.44906800000000002 0.35226400000000002 0.139346 0.302589 0.18304100000000001 0 0.14647900000000003 0.16922300000000001 0.139346 0.011239000000000001 0.011223 0.010425 0.10924499999999999 0.13218000000000005 0.10402700000000001 0.0044250000000000001 0.0044450000000000002 0.0042499999999999994 0.0012200000000000002 0.0011880000000000003 0.00115 8.1314865865388608 8.1314865865388608 8.1314865865388608 0.00061560885954956457 0.00061560885954956457 0.00061560885954956457 1 1 1 Converged Converged Converged OK OK OK 97 97 97 97 97 97 7 7 7 0 0 0 0 1 0 0 1
18 18 uniform 0 23 185 3 0.0001 2.3418826235805925 0.002883404936862509 0.0037394036436827192 -1.907985156720496 -0.014369877510062566 -1.9072372759917595 0 1.9139704574215688 7.6297644217133076 OK 14 13 0.51644400000000001 0.42145300000000002 0.15701699999999999 0.35638700000000001 0.22683500000000001 0 0.160057 0.19461800000000001 0.15701699999999999 0.01125 0.011145 0.010432 0.11624500000000003 0.15093900000000005 0.11508000000000002 0.0055110000000000011 0.0055259999999999997 0.0052209999999999999 0.0013129999999999999 0.001258 0.001305 7.6297646251182147 7.6297646251182147 7.6297646251182147 0.00049901852411474211 0.00049901852411474211 0.00049901852411474211 1 1 1 Converged Converged Converged OK OK OK 113 113 113 113 113 113 7 7 7 0 0 0 0 1 0 0 1
18 18 uniform 1 0 186 0 0.001 2.3418826235805925 0.002883404936862509 0.0037394036436827192 -1.9081175331628433 0.018347221722328985 -1.9088654138915797 0 1.915598595321389 6.3961643141007967 OK 14 13 0.59418199999999999 0.59605200000000003 0.14006299999999999 0.45402500000000001 0.45547900000000002 0 0.14015699999999998 0.140573 0.14006299999999999 0.011811 0.012042000000000001 0.011731 0.100491 0.10055700000000004 0.100429 0.0034970000000000005 0.0034859999999999999 0.0036219999999999998 0.00091600000000000004 0.00091200000000000005 0.00092099999999999994 6.39615785817002 6.39615785817002 6.39615785817002 0.0055235034720754151 0.0055235034720754151 0.0055235034720754151 1 1 1 Converged Converged Converged OK OK OK 81 81 81 81 81 81 7 7 7 0 0 0 0 0 1 0 0
18 18 uniform 1 7 186 1 0.001 2.3418826235805925 0.002883404936862509 0.0037394036436827192 -1.9081175331628433 0.018347221722328985 -1.9084101821436532 0 1.9151433635734625 6.260002879646847 OK 14 13 0.61669099999999999 0.50877099999999997 0.113678 0.49751299999999998 0.36525999999999997 0 0.11917800000000001 0.143511 0.113678 0.011166000000000001 0.011332999999999999 0.010583 0.086682999999999996 0.11053999999999997 0.082073000000000007 0.0033489999999999995 0.0035040000000000002 0.003385 0.00087500000000000002 0.00094299999999999994 0.00089799999999999993 6.2600022510862647 6.2600022510862647 6.2600022510862647 0.0053748338752084958 0.0053748338752084958 0.0053748338752084958 1 1 1 Converged Converged Converged OK OK OK 81 81 81 81 81 81 7 7 7 0 0 0 0 1 0 0 1
18 18 uniform 1 15 186 2 0.001 2.3418826235805925 0.002883404936862509 0.0037394036436827192 -1.9081175331628433 0.018347221722328985 -1.9078899172888799 0 1.9146230987186892 6.0096495819483291 OK 14 13 0.43756200000000001 0.31805099999999997 0.117919 0.317222 0.18246299999999999 0 0.12034 0.13558799999999999 0.117919 0.011119 0.011141 0.010654 0.088542999999999983 0.10452499999999999 0.087381999999999987 0.0035240000000000002 0.003261 0.0033279999999999998 0.00080000000000000004 0.00080200000000000009 0.00082600000000000013 6.0096487961483485 6.0096487961483485 6.0096487961483485 0.0027716479200296735 0.0027716479200296735 0.0027716479200296735 1 1 1 Converged Converged Converged OK OK OK 74 74 74 74 74 74 6 6 6 0 0 0 0 1 0 0 1
18 18 uniform 1 23 186 3 0.001 2.3418826235805925 0.002883404936862509 0.0037394036436827192 -1.9081175331628433 0.018347221722328985 -1.9073696524341068 0 1.9141028338639161 5.6456951585811668 OK 14 13 0.45946500000000001 0.34755799999999998 0.117409 0.34060200000000002 0.204513 0 0.118863 0.14304499999999998 0.117409 0.011148 0.011442000000000001 0.010404 0.087809999999999999 0.11014700000000004 0.087593000000000004 0.0033259999999999995 0.0039300000000000003 0.0031969999999999998 0.00082100000000000001 0.00090399999999999996 0.00076300000000000011 5.6456922241695917 5.6456922241695917 5.6456922241695917 0.00091015172313354674 0.00091015172313354674 0.00091015172313354674 1 1 1 Converged Converged Converged OK OK OK 74 74 74 74 74 74 6 6 6 0 0 0 0 1 0 0 1
18 18 uniform 1 0 186 0 0.0001 2.3418826235805925 0.002883404936862509 0.0037394036436827192 -1.9081175331628433 0.018347221722328985 -1.9088654138915797 0 1.915598595321389 6.3961643141007967 OK 14 13 0.62894399999999995 0.61929699999999999 0.17393 0.45707999999999999 0.44811600000000001 0 0.17186399999999996 0.17118099999999997 0.17393 0.012208 0.012161999999999999 0.011809 0.12116399999999998 0.121017 0.12345300000000001 0.0047109999999999999 0.0046959999999999997 0.0050069999999999993 0.001286 0.001206 0.001175 6.3961638902494418 6.3961638902494418 6.3961638902494418 0.00039093075629679868 0.00039093075629679868 0.00039093075629679868 1 1 1 Converged Converged Converged OK OK OK 105 105 105 105 105 105 7 7 7 0 0 0 0 0 1 0 0
18 18 uniform 1 7 186 1 0.0001 2.3418826235805925 0.002883404936862509 0.0037394036436827192 -1.9081175331628433 0.018347221722328985 -1.9084101821436532 0 1.9151433635734625 6.260002879646847 OK 14 13 0.65599499999999999 0.55293199999999998 0.15096100000000001 0.49786200000000003 0.36753400000000003 0 0.15813299999999997 0.18539799999999995 0.15096100000000001 0.011388000000000001 0.011325 0.010607 0.112248 0.14521300000000004 0.11142499999999997 0.0050949999999999997 0.0047669999999999995 0.0046899999999999997 0.0012780000000000001 0.0012369999999999998 0.001242 6.2600024516729853 6.2600024516729853 6.2600024516729853 0.00035948819481301775 0.00035948819481301775 0.00035948819481301775 1 1 1 Converged Converged Converged OK OK OK 105 105 105 105 105 105 7 7 7 0 0 0 0 1 0 0 1
18 18 uniform 1 15 186 2 0.0001 2.3418826235805925 0.002883404936862509 0.0037394036436827192 -1.9081175331628433 0.018347221722328985 -1.9078899172888799 0 1.9146230987186892 6.0096495819483291 OK 14 13 0.473385 0.36186600000000002 0.15379599999999999 0.317909 0.18212600000000001 0 0.155476 0.17974000000000001 0.15379599999999999 0.011183999999999999 0.011178 0.010462000000000001 0.11695000000000003 0.14112300000000003 0.11629300000000006 0.0044359999999999998 0.0045529999999999998 0.0044900000000000001 0.0010899999999999998 0.0011299999999999999 0.0011259999999999998 6.009648849435596 6.009648849435596 6.009648849435596 0.00045240840160916547 0.00045240840160916547 0.00045240840160916547 1 1 1 Converged Converged Converged OK OK OK 98 98 98 98 98 98 6 6 6 0 0 0 0 1 0 0 1
18 18 uniform 1 23 186 3 0.0001 2.3418826235805925 0.002883404936862509 0.0037394036436827192 -1.9081175331628433 0.018347221722328985 -1.9073696524341068 0 1.9141028338639161 5.6456951585811668 OK 14 13 0.49264000000000002 0.38768999999999998 0.146232 0.33870699999999998 0.206174 0 0.15393300000000004 0.18151599999999998 0.146232 0.011224 0.011324000000000001 0.010304000000000001 0.11047499999999995 0.141787 0.10982600000000002 0.0047719999999999993 0.0052509999999999996 0.0045309999999999994 0.0010790000000000001 0.0011619999999999998 0.0010150000000000001 5.645691955674943 5.645691955674943 5.645691955674943 0.00025797335976484264 0.00025797335976484264 0.00025797335976484264 1 1 1 Converged Converged Converged OK OK OK 98 98 98 98 98 98 6 6 6 0 0 0 0 1 0 0 1
18 18 uniform 2 0 187 0 0.001 2.3418826235805925 0.002883404936862509 0.0037394036436827192 -1.9055508116078181 -0.01742508351026438 -1.9062986923365546 0 1.9130318737663639 4.8489670380016934 OK 14 13 0.72601000000000004 0.72911000000000004 0.135156 0.58915399999999996 0.58722600000000003 0 0.13685600000000009 0.14188400000000001 0.135156 0.012226000000000001 0.012154 0.011908 0.095417999999999961 0.10099 0.094807000000000016 0.0038600000000000001 0.0038269999999999997 0.0038649999999999995 0.0010830000000000002 0.0010119999999999999 0.00098800000000000016 4.8489663463557742 4.8489663463557742 4.8489663463557742 0.001880311144192941 0.001880311144192941 0.001880311144192941 1 1 1 Converged Converged Converged OK OK OK 82 82 82 82 82 82 6 6 6 0 0 0 0 0 1 0 0
18 18 uniform 2 7 187 1 0.001 2.3418826235805925 0.002883404936862509 0.0037394036436827192 -1.9055508116078181 -0.01742508351026438 -1.9058434605886281 0 1.9125766420184374 3.7315473700369508 OK 14 13 0.68945699999999999 0.57088700000000003 0.139345 0.54819499999999999 0.40123900000000001 0 0.141262 0.16964800000000002 0.139345 0.011220000000000001 0.01123 0.010574 0.10711 0.13546700000000006 0.10649399999999998 0.0038530000000000001 0.0038860000000000001 0.0037439999999999999 0.00095799999999999998 0.00097799999999999992 0.00094500000000000009 3.7313667470734844 3.7313667470734844 3.7313667470734844 0.0025061172279034543 0.0025061172279034543 0.0025061172279034543 1 1 1 Converged Converged Converged OK OK OK 82 82 82 82 82 82 6 6 6 0 0 0 0 1 0 0 1
18 18 uniform 2 15 187 2 0.001 2.3418826235805925 0.002883404936862509 0.0037394036436827192 -1.9055508116078181 -0.01742508351026438 -1.9053231957338548 0 1.9120563771636641 2.8476346645916819 OK 13 12 0.37220900000000001 0.252382 0.062694 0.30732799999999999 0.170988 0 0.064881000000000022 0.081393999999999994 0.062694 0.0086420000000000004 0.0084480000000000006 0.0079520000000000007 0.041939000000000011 0.05903000000000002 0.041216999999999997 0.0023410000000000002 0.0022390000000000001 0.002196 0.00066500000000000001 0.00061000000000000008 0.0005930000000000001 2.8476344973724821 2.8476344973724821 2.8476344973724821 0.0010313517587791634 0.0010313517587791634 0.0010313517587791634 1 1 1 Converged Converged Converged OK OK OK 45 45 45 45 45 45 3 3 3 0 0 0 0 1 0 0 1
18 18 uniform 2 23 187 3 0.001 2.3418826235805925 0.002883404936862509 0.0037394036436827192 -1.9055508116078181 -0.01742508351026438 -1.9048029308790817 0 1.911536112308891 2.6652349608384269 OK 13 12 0.36679 0.24549599999999999 0.061572000000000002 0.30356499999999997 0.16242000000000001 0 0.063225000000000031 0.083075999999999983 0.061572000000000002 0.0082070000000000008 0.008267 0.0077429999999999999 0.040934000000000019 0.060881000000000011 0.040138000000000007 0.0022599999999999999 0.0022809999999999996 0.0022239999999999998 0.00065099999999999999 0.00064600000000000009 0.00061899999999999998 2.6652347965242629 2.6652347965242629 2.6652347965242629 0.0010402593954378016 0.0010402593954378016 0.0010402593954378016 1 1 1 Converged Converged Converged OK OK OK 45 45 45 45 45 45 3 3 3 0 0 0 0 1 0 0 1
18 18 uniform 2 0 187 0 0.0001 2.3418826235805925 0.002883404936862509 0.0037394036436827192 -1.9055508116078181 -0.01742508351026438 -1.9062986923365546 0 1.9130318737663639 4.8489670380016934 OK 14 13 0.77181900000000003 0.77607400000000004 0.18062 0.58750899999999995 0.59338000000000002 0 0.18431000000000008 0.18269400000000002 0.18062 0.012114 0.012593999999999999 0.012199 0.132523 0.12975800000000007 0.12884400000000001 0.0052250000000000005 0.005762999999999999 0.0055030000000000009 0.0012260000000000001 0.0013570000000000001 0.0014140000000000001 4.8489666666991589 4.8489666666991589 4.8489666666991589 0.00046572312817392744 0.00046572312817392744 0.00046572312817392744 1 1 1 Converged Converged Converged OK OK OK 106 106 106 106 106 106 6 6 6 0 0 0 0 0 1 0 0
18 18 uniform 2 7 187 1 0.0001 2.3418826235805925 0.002883404936862509 0.0037394036436827192 -1.9055508116078181 -0.01742508351026438 -1.9058434605886281 0 1.9125766420184374 3.7315473700369508 OK 14 13 0.79513900000000004 0.69485300000000005 0.250193 0.54831099999999999 0.40496399999999999 0 0.24682800000000005 0.28988900000000006 0.250193 0.011272000000000001 0.011658 0.010855999999999999 0.18573200000000004 0.22637300000000013 0.18526999999999993 0.0095589999999999998 0.010738999999999999 0.010681 0.0016310000000000001 0.0016459999999999999 0.0016919999999999999 3.7315506622833077 3.7315506622833077 3.7315506622833077 0.00036832941364120481 0.00036832941364120481 0.00036832941364120481 1 1 1 Converged Converged Converged OK OK OK 162 162 162 162 162 162 6 6 6 0 0 0 0 1 0 0 1
18 18 uniform 2 15 187 2 0.0001 2.3418826235805925 0.002883404936862509 0.0037394036436827192 -1.9055508116078181 -0.01742508351026438 -1.9053231957338548 0 1.9120563771636641 2.8476346645916819 OK 13 12 0.41559099999999999 0.30307200000000001 0.10516200000000001 0.308672 0.175843 0 0.10691899999999999 0.12722900000000001 0.10516200000000001 0.0085210000000000008 0.0088149999999999999 0.0079760000000000005 0.074383999999999978 0.094051999999999955 0.073747999999999994 0.0041399999999999996 0.0042209999999999999 0.0040149999999999995 0.00093800000000000014 0.0010170000000000001 0.00094499999999999998 2.8476343716680979 2.8476343716680979 2.8476343716680979 1.2423565894869714e-05 1.2423565894869714e-05 1.2423565894869714e-05 1 1 1 Converged Converged Converged OK OK OK 77 77 77 77 77 77 3 3 3 0 0 0 0 1 0 0 1
18 18 uniform 2 23 187 3 0.0001 2.3418826235805925 0.002883404936862509 0.0037394036436827192 -1.9055508116078181 -0.01742508351026438 -1.9048029308790817 0 1.911536112308891 2.6652349608384269 OK 13 12 0.40664099999999997 0.29786499999999999 0.103824 0.30049300000000001 0.16370100000000001 0 0.10614799999999996 0.13416399999999998 0.103824 0.0084530000000000004 0.0085290000000000001 0.0077400000000000004 0.073594999999999952 0.10144400000000002 0.072745000000000004 0.0041029999999999999 0.0042300000000000003 0.0039290000000000002 0.00087799999999999998 0.00088100000000000006 0.00089999999999999998 2.6652347924225599 2.6652347924225599 2.6652347924225599 1.2245600799956255e-05 1.2245600799956255e-05 1.2245600799956255e-05 1 1 1 Converged Converged Converged OK OK OK 77 77 77 77 77 77 3 3 3 0 0 0 0 1 0 0 1
18 18 uniform 3 0 188 0 0.001 2.3418826235805925 0.002883404936862509 0.0037394036436827192 0.0029505341497892161 -0.0056280679575821998 0.0022026534210526721 0 0.0045305280087566315 149.11542544045295 OK 13 12 0.65343700000000005 0.65208200000000005 0.10538400000000001 0.54697899999999999 0.54575300000000004 0 0.10645800000000005 0.10632900000000001 0.10538400000000001 0.010411999999999999 0.01026 0.010189999999999999 0.076202000000000006 0.076428999999999997 0.075954999999999981 0.0026710000000000002 0.0027360000000000002 0.0025300000000000001 0.000767 0.00082400000000000008 0.00067999999999999994 149.11521300013609 149.11521300013609 149.11521300013609 0.12029830573412689 0.12029830573412689 0.12029830573412689 1 1 1 Converged Converged Converged OK OK OK 59 59 59 59 59 59 5 5 5 0 0 0 0 0 1 0 0
18 18 uniform 3 7 188 1 0.001 2.3418826235805925 0.002883404936862509 0.0037394036436827192 0.0029505341497892161 -0.0056280679575821998 0.0026578851689792642 0 0.0040752962608300389 155.62749088473299 OK 13 12 0.52211700000000005 0.52693000000000001 0.099678000000000003 0.42080000000000001 0.28783599999999998 0 0.10131700000000005 0.23909400000000003 0.099678000000000003 0.0094219999999999998 0.0095989999999999999 0.0088920000000000006 0.075858999999999982 0.21301600000000001 0.075177999999999995 0.002529 0.0026779999999999998 0.0026189999999999998 0.00066500000000000012 0.00073299999999999993 0.00072999999999999996 155.62736199084497 155.62736199084497 155.62736199084497 0.056562054208492626 0.056562054208492626 0.056562054208492626 1 1 1 Converged Converged Converged OK OK OK 59 59 59 59 59 59 5 5 5 0 0 0 0 1 0 0 1
18 18 uniform 3 15 188 2 0.001 2.3418826235805925 0.002883404936862509 0.0037394036436827192 0.0029505341497892161 -0.0056280679575821998 0.0031781500237525119 0 0.0035550314060567912 163.39283837569636 OK 13 12 0.63509800000000005 0.617981 0.101258 0.529914 0.39321299999999998 0 0.10518400000000006 0.22476800000000002 0.101258 0.0098340000000000007 0.0097289999999999998 0.0088950000000000001 0.077801999999999955 0.19857600000000003 0.076747999999999997 0.0031260000000000003 0.0027210000000000003 0.0025969999999999999 0.00085599999999999999 0.000678 0.000669 163.39280329616858 163.39280329616858 163.39280329616858 0.034354027220047947 0.034354027220047947 0.034354027220047947 1 1 1 Converged Converged Converged OK OK OK 59 59 59 59 59 59 5 5 5 0 0 0 0 1 0 0 1
18 18 uniform 3 23 188 3 0.001 2.3418826235805925 0.002883404936862509 0.0037394036436827192 0.0029505341497892161 -0.0056280679575821998 0.0036984148785257601 0 0.0030347665512835431 171.36197722197909 OK 13 12 0.502112 0.51015999999999995 0.100385 0.39935700000000002 0.26957300000000001 0 0.10275499999999999 0.24058699999999994 0.100385 0.0098539999999999999 0.010059 0.0091420000000000008 0.076303999999999997 0.21406100000000006 0.075905999999999987 0.0027540000000000004 0.0027629999999999998 0.0024529999999999999 0.00073999999999999999 0.00073499999999999998 0.00064800000000000003 171.36197420658374 171.36197420658374 171.36197420658374 0.048750845494071986 0.048750845494071986 0.048750845494071986 1 1 1 Converged Converged Converged OK OK OK 59 59 59 59 59 59 5 5 5 0 0 0 0 1 0 0 1
18 18 uniform 3 0 188 0 0.0001 2.3418826235805925 0.002883404936862509 0.0037394036436827192 0.0029505341497892161 -0.0056280679575821998 0.0022026534210526721 0 0.0045305280087566315 149.11542544045295 OK 13 12 0.67483099999999996 0.68053399999999997 0.130603 0.54368000000000005 0.54943600000000004 0 0.13115099999999991 0.13109799999999994 0.130603 0.010532 0.010388 0.010203 0.091659999999999991 0.092042999999999986 0.091493999999999964 0.0042209999999999999 0.0043710000000000008 0.0043899999999999998 0.0011169999999999999 0.0010859999999999999 0.0011240000000000002 149.11541424714312 149.11541424714312 149.11541424714312 0.0071067560996504239 0.0071067560996504239 0.0071067560996504239 1 1 1 Converged Converged Converged OK OK OK 83 83 83 83 83 83 5 5 5 0 0 0 0 0 1 0 0
18 18 uniform 3 7 188 1 0.0001 2.3418826235805925 0.002883404936862509 0.0037394036436827192 0.0029505341497892161 -0.0056280679575821998 0.0026578851689792642 0 0.0040752962608300389 155.62749088473299 OK 13 12 0.54317400000000005 0.57850800000000002 0.116454 0.42471199999999998 0.28934500000000002 0 0.11846200000000007 0.289163 0.116454 0.0097219999999999997 0.0095709999999999996 0.0089840000000000007 0.087624999999999981 0.25814900000000007 0.086836999999999998 0.0035929999999999998 0.003604 0.003558 0.00084800000000000001 0.00083500000000000002 0.00084599999999999996 155.62748054891995 155.62748054891995 155.62748054891995 0.0057986930041463505 0.0057986930041463505 0.0057986930041463505 1 1 1 Converged Converged Converged OK OK OK 75 75 75 75 75 75 5 5 5 0 0 0 0 1 0 0 1
18 18 uniform 3 15 188 2 0.0001 2.3418826235805925 0.002883404936862509 0.0037394036436827192 0.0029505341497892161 -0.0056280679575821998 0.0031781500237525119 0 0.0035550314060567912 163.39283837569636 OK 13 12 0.647899 0.66584100000000002 0.118076 0.52759400000000001 0.39530799999999999 0 0.120305 0.27053300000000002 0.118076 0.0096919999999999992 0.0096089999999999995 0.0089390000000000008 0.089170000000000041 0.23873799999999992 0.088384999999999977 0.0037100000000000002 0.0038510000000000003 0.0035589999999999997 0.00084999999999999995 0.00087000000000000001 0.00083799999999999999 163.39283567204592 163.39283567204592 163.39283567204592 0.0084878075647283249 0.0084878075647283249 0.0084878075647283249 1 1 1 Converged Converged Converged OK OK OK 75 75 75 75 75 75 5 5 5 0 0 0 0 1 0 0 1
18 18 uniform 3 23 188 3 0.0001 2.3418826235805925 0.002883404936862509 0.0037394036436827192 0.0029505341497892161 -0.0056280679575821998 0.0036984148785257601 0 0.0030347665512835431 171.36197722197909 OK 13 12 0.53259400000000001 0.594163 0.13186800000000001 0.39877899999999999 0.26618399999999998 0 0.13381500000000002 0.32797900000000002 0.13186800000000001 0.0097429999999999999 0.0098770000000000004 0.009162 0.10124200000000004 0.29380700000000004 0.10021200000000004 0.0038520000000000004 0.0046480000000000002 0.0038649999999999995 0.0009230000000000001 0.00092200000000000008 0.00099399999999999987 171.36197047762164 171.36197047762164 171.36197047762164 0.0025946366021581606 0.0025946366021581606 0.0025946366021581606 1 1 1 Converged Converged Converged OK OK OK 83 83 83 83 83 83 5 5 5 0 0 0 0 1 0 0 1
18 18 uniform 4 0 189 0 0.001 2.3418826235805925 0.002883404936862509 0.0037394036436827192 0.0023820546279348358 0.0068935333832549376 0.0016341738991982918 0 0.0050990075306110109 122.47691445238988 OK 13 12 0.57829600000000003 0.57628699999999999 0.074995000000000006 0.50193699999999997 0.50068800000000002 0 0.076359000000000066 0.075598999999999972 0.074995000000000006 0.01042 0.010226000000000001 0.010016000000000001 0.052320000000000005 0.05203099999999998 0.051911999999999986 0.001787 0.0017409999999999997 0.0017280000000000002 0.00056899999999999995 0.00055499999999999994 0.00050900000000000001 122.47687837866768 122.47687837866768 122.47687837866768 0.069278884516141837 0.069278884516141837 0.069278884516141837 1 1 1 Converged Converged Converged OK OK OK 44 44 44 44 44 44 4 4 4 0 0 0 0 0 1 0 0
18 18 uniform 4 7 189 1 0.001 2.3418826235805925 0.002883404936862509 0.0037394036436827192 0.0023820546279348358 0.0068935333832549376 0.002089405647124884 0 0.0046437757826844192 126.5184109841085 OK 13 12 0.62338800000000005 0.62256999999999996 0.106932 0.51832900000000004 0.38208399999999998 0 0.10505900000000001 0.24048599999999998 0.106932 0.0098659999999999998 0.010009000000000001 0.0093139999999999994 0.077962000000000004 0.21277999999999997 0.080819999999999989 0.0024259999999999998 0.0025369999999999998 0.002418 0.00068000000000000005 0.00071600000000000006 0.000678 126.51835358339338 126.51835358339338 126.51835358339338 0.11176514112691521 0.11176514112691521 0.11176514112691521 1 1 1 Converged Converged Converged OK OK OK 59 59 59 59 59 59 5 5 5 0 0 0 0 1 0 0 1
18 18 uniform 4 15 189 2 0.001 2.3418826235805925 0.002883404936862509 0.0037394036436827192 0.0023820546279348358 0.0068935333832549376 0.0026096705018981317 0 0.0041235109279111719 131.19190801111949 OK 13 12 0.608263 0.604047 0.10395 0.50259799999999999 0.37936300000000001 0 0.10566500000000001 0.22468399999999999 0.10395 0.0097020000000000006 0.0098139999999999998 0.0089949999999999995 0.080119999999999997 0.19875699999999993 0.079743999999999995 0.0024299999999999999 0.002506 0.0023760000000000001 0.00071699999999999997 0.00071100000000000004 0.000678 131.1919003395254 131.1919003395254 131.1919003395254 0.053880624357508615 0.053880624357508615 0.053880624357508615 1 1 1 Converged Converged Converged OK OK OK 59 59 59 59 59 59 5 5 5 0 0 0 0 1 0 0 1
18 18 uniform 4 23 189 3 0.001 2.3418826235805925 0.002883404936862509 0.0037394036436827192 0.0023820546279348358 0.0068935333832549376 0.0031299353566713799 0 0.0036032460731379233 135.84576928580813 OK 13 12 0.60716199999999998 0.57501199999999997 0.10112 0.50380000000000003 0.35614499999999999 0 0.10336199999999995 0.21886699999999998 0.10112 0.0097389999999999994 0.0096530000000000001 0.0090720000000000002 0.077762000000000012 0.19316 0.076788999999999982 0.0025630000000000002 0.002666 0.0024960000000000004 0.00071699999999999997 0.00071599999999999995 0.00065200000000000002 135.84576047967138 135.84576047967138 135.84576047967138 0.039349092735920806 0.039349092735920806 0.039349092735920806 1 1 1 Converged Converged Converged OK OK OK 59 59 59 59 59 59 5 5 5 0 0 0 0 1 0 0 1
18 18 uniform 4 0 189 0 0.0001 2.3418826235805925 0.002883404936862509 0.0037394036436827192 0.0023820546279348358 0.0068935333832549376 0.0016341738991982918 0 0.0050990075306110109 122.47691445238988 OK 13 12 0.60465100000000005 0.60969499999999999 0.10213899999999999 0.49805500000000003 0.501386 0 0.10659600000000002 0.10830899999999999 0.10213899999999999 0.010286 0.011589 0.0098399999999999998 0.074313000000000004 0.073739000000000013 0.070832999999999993 0.0030609999999999999 0.0035200000000000001 0.003094 0.00079000000000000001 0.00088900000000000003 0.00077300000000000003 122.47691441260497 122.47691441260497 122.47691441260497 0.0090947664100004162 0.0090947664100004162 0.0090947664100004162 1 1 1 Converged Converged Converged OK OK OK 68 68 68 68 68 68 4 4 4 0 0 0 0 0 1 0 0
18 18 uniform 4 7 189 1 0.0001 2.3418826235805925 0.002883404936862509 0.0037394036436827192 0.0023820546279348358 0.0068935333832549376 0.002089405647124884 0 0.0046437757826844192 126.5184109841085 OK 13 12 0.64904700000000004 0.71785200000000005 0.12768399999999999 0.51546899999999996 0.38678899999999999 0 0.13357800000000009 0.33106300000000005 0.12768399999999999 0.010074 0.0101 0.0093900000000000008 0.098712000000000036 0.29508100000000009 0.093989000000000031 0.0037940000000000001 0.0042890000000000003 0.0038210000000000002 0.001011 0.0010740000000000001 0.00099299999999999996 126.51840459131192 126.51840459131192 126.51840459131192 0.0043296905337200818 0.0043296905337200818 0.0043296905337200818 1 1 1 Converged Converged Converged OK OK OK 83 83 83 83 83 83 5 5 5 0 0 0 0 1 0 0 1
18 18 uniform 4 15 189 2 0.0001 2.3418826235805925 0.002883404936862509 0.0037394036436827192 0.0023820546279348358 0.0068935333832549376 0.0026096705018981317 0 0.0041235109279111719 131.19190801111949 OK 13 12 0.63067700000000004 0.65903 0.12131599999999999 0.50762700000000005 0.37929600000000002 0 0.12304999999999999 0.27973399999999998 0.12131599999999999 0.0097289999999999998 0.0099509999999999998 0.0090939999999999997 0.092468999999999996 0.24791499999999997 0.092052999999999996 0.0033449999999999999 0.0036480000000000002 0.0033530000000000001 0.00082200000000000003 0.00099500000000000001 0.00076000000000000004 131.19189678194553 131.19189678194553 131.19189678194553 0.0083744961417361024 0.0083744961417361024 0.0083744961417361024 1 1 1 Converged Converged Converged OK OK OK 75 75 75 75 75 75 5 5 5 0 0 0 0 1 0 0 1
18 18 uniform 4 23 189 3 0.0001 2.3418826235805925 0.002883404936862509 0.0037394036436827192 0.0023820546279348358 0.0068935333832549376 0.0031299353566713799 0 0.0036032460731379233 135.84576928580813 OK 13 12 0.62104499999999996 0.62953300000000001 0.117104 0.50209599999999999 0.36247800000000002 0 0.11894899999999997 0.26705499999999999 0.117104 0.0097129999999999994 0.0099279999999999993 0.0091489999999999991 0.088494000000000003 0.23542200000000002 0.087874000000000022 0.0035330000000000001 0.0038349999999999999 0.0033159999999999999 0.00083299999999999997 0.00092800000000000011 0.00080499999999999994 135.84575479066982 135.84575479066982 135.84575479066982 0.0050031495587246596 0.0050031495587246596 0.0050031495587246596 1 1 1 Converged Converged Converged OK OK OK 75 75 75 75 75 75 5 5 5 0 0 0 0 1 0 0 1
19 19 linear 0 0 190 0 0.001 0.42769527119272027 0.70023884090048083 0.018344348681880077 0.3230318679443468 -2.1067979401266452 0.31936299820797076 0.5 -0.14321783921372505 2.2003446261603572 OK 14 13 0.56971400000000005 0.56227899999999997 0.22101599999999999 0.343412 0.33971000000000001 0 0.22630200000000006 0.22256899999999996 0.22101599999999999 0.013677 0.013635 0.013065 0.17683300000000002 0.17385199999999998 0.17347000000000001 0.0050140000000000002 0.0048030000000000008 0.0045209999999999998 0.001176 0.0011380000000000001 0.0010399999999999999 2.2003585356463606 2.2003585356463606 2.2003585356463606 0.00090285444287282795 0.00090285444287282795 0.00090285444287282795 1 1 1 Converged Converged Converged OK OK OK 97 97 97 97 97 97 7 7 7 0 0 0 0 0 1 0 0
19 19 linear 0 7 190 1 0.001 0.42769527119272027 0.70023884090048083 0.018344348681880077 0.3230318679443468 -2.1067979401266452 0.32159622326489529 0.5 -0.14545106427064958 2.2437729676616049 OK 14 13 0.56961799999999996 0.52384600000000003 0.20444599999999999 0.35959200000000002 0.252967 0 0.21002599999999993 0.27087900000000004 0.20444599999999999 0.012647 0.012567999999999999 0.011962 0.17001899999999992 0.22870799999999999 0.16619399999999995 0.0049489999999999994 0.0045469999999999998 0.0044729999999999995 0.0010089999999999999 0.0010170000000000001 0.00095399999999999988 2.2437683728765347 2.2437683728765347 2.2437683728765347 0.0015280019776124578 0.0015280019776124578 0.0015280019776124578 1 1 1 Converged Converged Converged OK OK OK 97 97 97 97 97 97 7 7 7 0 0 0 0 1 0 0 1
19 19 linear 0 15 190 2 0.001 0.42769527119272027 0.70023884090048083 0.018344348681880077 0.3230318679443468 -2.1067979401266452 0.32414848047280909 0.5 -0.14800332147856338 2.2848839765549456 OK 14 13 0.60100399999999998 0.54627700000000001 0.24529300000000001 0.35525200000000001 0.239565 0 0.24575199999999997 0.30671199999999998 0.24529300000000001 0.012781000000000001 0.012616 0.011847 0.20193900000000001 0.26295799999999997 0.19796100000000003 0.0050399999999999993 0.0051669999999999997 0.010165 0.001243 0.0012479999999999998 0.001212 2.2848910973160366 2.2848910973160366 2.2848910973160366 0.0016468112160845693 0.0016468112160845693 0.0016468112160845693 1 1 1 Converged Converged Converged OK OK OK 105 105 105 105 105 105 7 7 7 0 0 0 0 1 0 0 1
19 19 linear 0 23 190 3 0.001 0.42769527119272027 0.70023884090048083 0.018344348681880077 0.3230318679443468 -2.1067979401266452 0.32670073768072283 0.5 -0.15055557868647712 2.3160187581617153 OK 14 13 0.57979599999999998 0.526756 0.227439 0.35128799999999999 0.23879900000000001 0 0.22850799999999999 0.28795700000000002 0.227439 0.012508999999999999 0.012596 0.011944 0.18915000000000001 0.249392 0.19000699999999995 0.005012 0.00462 0.0045099999999999993 0.0012600000000000001 0.0011999999999999999 0.0012080000000000001 2.316024192868209 2.316024192868209 2.316024192868209 0.0022438530028697687 0.0022438530028697687 0.0022438530028697687 1 1 1 Converged Converged Converged OK OK OK 97 97 97 97 97 97 7 7 7 0 0 0 0 1 0 0 1
19 19 linear 0 0 190 0 0.0001 0.42769527119272027 0.70023884090048083 0.018344348681880077 0.3230318679443468 -2.1067979401266452 0.31936299820797076 0.5 -0.14321783921372505 2.2003446261603572 OK 14 13 0.65200800000000003 0.64154999999999995 0.30020599999999997 0.33899000000000001 0.33929799999999999 0 0.31301800000000002 0.30225199999999997 0.30020599999999997 0.013766 0.013717999999999999 0.013077 0.24734499999999998 0.23823500000000006 0.23742500000000002 0.007255000000000001 0.0070920000000000002 0.0067229999999999998 0.001616 0.0016790000000000002 0.0014789999999999998 2.2003584460902217 2.2003584460902217 2.2003584460902217 0.00014097410144374819 0.00014097410144374819 0.00014097410144374819 1 1 1 Converged Converged Converged OK OK OK 129 129 129 129 129 129 7 7 7 0 0 0 0 0 1 0 0
19 19 linear 0 7 190 1 0.0001 0.42769527119272027 0.70023884090048083 0.018344348681880077 0.3230318679443468 -2.1067979401266452 0.32159622326489529 0.5 -0.14545106427064958 2.2437729676616049 OK 14 13 0.64864699999999997 0.61685500000000004 0.27057500000000001 0.36682199999999998 0.25756600000000002 0 0.28182499999999999 0.35928900000000003 0.27057500000000001 0.013093 0.012702 0.01191 0.230492 0.30996800000000002 0.22297599999999992 0.0070869999999999995 0.0064929999999999988 0.0062970000000000005 0.0015729999999999997 0.001526 0.0014099999999999998 2.2437678026159906 2.2437678026159906 2.2437678026159906 0.00011686595083013309 0.00011686595083013309 0.00011686595083013309 1 1 1 Converged Converged Converged OK OK OK 129 129 129 129 129 129 7 7 7 0 0 0 0 1 0 0 1
19 19 linear 0 15 190 2 0.0001 0.42769527119272027 0.70023884090048083 0.018344348681880077 0.3230318679443468 -2.1067979401266452 0.32414848047280909 0.5 -0.14800332147856338 2.2848839765549456 OK 14 13 0.645648 0.60129100000000002 0.274335 0.36462600000000001 0.238896 0 0.28102199999999999 0.36239500000000002 0.274335 0.012657 0.012865 0.011835 0.23129499999999989 0.31213400000000002 0.22684199999999999 0.0068850000000000005 0.006973 0.0063350000000000004 0.0015679999999999999 0.0016209999999999998 0.0015510000000000003 2.2848878630658822 2.2848878630658822 2.2848878630658822 0.00012211610040319676 0.00012211610040319676 0.00012211610040319676 1 1 1 Converged Converged Converged OK OK OK 129 129 129 129 129 129 7 7 7 0 0 0 0 1 0 0 1
19 19 linear 0 23 190 3 0.0001 0.42769527119272027 0.70023884090048083 0.018344348681880077 0.3230318679443468 -2.1067979401266452 0.32670073768072283 0.5 -0.15055557868647712 2.3160187581617153 OK 14 13 0.624973 0.59385699999999997 0.267598 0.34736699999999998 0.24151700000000001 0 0.27760600000000002 0.35233999999999999 0.267598 0.012527 0.012583 0.011815000000000001 0.22818200000000002 0.30324600000000002 0.22007100000000004 0.0068270000000000006 0.0066360000000000004 0.0066049999999999998 0.001614 0.0015919999999999999 0.001534 2.3160241941243624 2.3160241941243624 2.3160241941243624 0.00014545801864576706 0.00014545801864576706 0.00014545801864576706 1 1 1 Converged Converged Converged OK OK OK 129 129 129 129 129 129 7 7 7 0 0 0 0 1 0 0 1
19 19 linear 1 0 191 0 0.001 0.42769527119272027 0.70023884090048083 0.018344348681880077 0.34266330958813296 -2.0605644099623159 0.33899443985175692 0.5 -0.16284928085751121 2.2680190511895328 OK 13 12 0.43828699999999998 0.43702299999999999 0.12418800000000001 0.311803 0.30773400000000001 0 0.12648399999999999 0.12928899999999999 0.12418800000000001 0.010571000000000001 0.010508999999999999 0.01031 0.091970999999999983 0.090987999999999999 0.090584000000000039 0.0031329999999999999 0.0076040000000000005 0.0031480000000000006 0.00089900000000000006 0.00085700000000000001 0.00086499999999999999 2.2680279921391686 2.2680279921391686 2.2680279921391686 0.0020723757499272236 0.0020723757499272236 0.0020723757499272236 1 1 1 Converged Converged Converged OK OK OK 74 74 74 74 74 74 6 6 6 0 0 0 0 0 1 0 0
19 19 linear 1 7 191 1 0.001 0.42769527119272027 0.70023884090048083 0.018344348681880077 0.34266330958813296 -2.0605644099623159 0.34122766490868145 0.5 -0.16508250591443574 2.2044532267878019 OK 13 12 0.43432100000000001 0.35724600000000001 0.119841 0.31195600000000001 0.19820199999999999 0 0.122365 0.15904400000000002 0.119841 0.0092149999999999992 0.0092560000000000003 0.0088620000000000001 0.095203999999999997 0.13195399999999999 0.093492000000000033 0.0030000000000000001 0.0031190000000000002 0.0030310000000000003 0.00079100000000000004 0.00079199999999999995 0.00080800000000000012 2.2044619979128943 2.2044619979128943 2.2044619979128943 0.0020477354179139328 0.0020477354179139328 0.0020477354179139328 1 1 1 Converged Converged Converged OK OK OK 74 74 74 74 74 74 6 6 6 0 0 0 0 1 0 0 1
19 19 linear 1 15 191 2 0.001 0.42769527119272027 0.70023884090048083 0.018344348681880077 0.34266330958813296 -2.0605644099623159 0.34377992211659525 0.5 -0.16763476312234954 2.1032586170408134 OK 13 12 0.45403500000000002 0.39311400000000002 0.13395399999999999 0.316523 0.20555899999999999 0 0.13751200000000002 0.18755500000000003 0.13395399999999999 0.0091570000000000002 0.0092519999999999998 0.0087299999999999999 0.10607500000000002 0.155722 0.10329099999999997 0.0035349999999999999 0.0036589999999999999 0.0035989999999999998 0.00079000000000000001 0.00078399999999999997 0.00080999999999999996 2.1032611270260997 2.1032611270260997 2.1032611270260997 0.0016900817552687405 0.0016900817552687405 0.0016900817552687405 1 1 1 Converged Converged Converged OK OK OK 82 82 82 82 82 82 6 6 6 0 0 0 0 1 0 0 1
19 19 linear 1 23 191 3 0.001 0.42769527119272027 0.70023884090048083 0.018344348681880077 0.34266330958813296 -2.0605644099623159 0.34633217932450899 0.5 -0.17018702033026328 1.9688362661805079 OK 13 12 0.445992 0.38086300000000001 0.133045 0.30885899999999999 0.189079 0 0.137133 0.19178400000000001 0.133045 0.0093810000000000004 0.0093170000000000006 0.0086969999999999999 0.10641300000000002 0.161075 0.10368500000000004 0.0035999999999999999 0.0036600000000000001 0.0035479999999999999 0.00086499999999999999 0.000883 0.00086700000000000004 1.9688473339398813 1.9688473339398813 1.9688473339398813 0.00035222451817276917 0.00035222451817276917 0.00035222451817276917 1 1 1 Converged Converged Converged OK OK OK 82 82 82 82 82 82 6 6 6 0 0 0 0 1 0 0 1
19 19 linear 1 0 191 0 0.0001 0.42769527119272027 0.70023884090048083 0.018344348681880077 0.34266330958813296 -2.0605644099623159 0.33899443985175692 0.5 -0.16284928085751121 2.2680190511895328 OK 13 12 0.47212399999999999 0.472279 0.15836600000000001 0.31030000000000002 0.31266699999999997 0 0.16182399999999997 0.15961200000000003 0.15836600000000001 0.010527999999999999 0.010694 0.010286 0.11820199999999999 0.11574299999999998 0.11550199999999998 0.0042989999999999999 0.0046990000000000001 0.0042030000000000001 0.0011949999999999999 0.0012390000000000001 0.0011910000000000002 2.2680280492309279 2.2680280492309279 2.2680280492309279 0.00018396731933005344 0.00018396731933005344 0.00018396731933005344 1 1 1 Converged Converged Converged OK OK OK 98 98 98 98 98 98 6 6 6 0 0 0 0 0 1 0 0
19 19 linear 1 7 191 1 0.0001 0.42769527119272027 0.70023884090048083 0.018344348681880077 0.34266330958813296 -2.0605644099623159 0.34122766490868145 0.5 -0.16508250591443574 2.2044532267878019 OK 13 12 0.48100999999999999 0.43822 0.16575799999999999 0.31153599999999998 0.19619900000000001 0 0.16947400000000001 0.24202099999999999 0.16575799999999999 0.0092160000000000002 0.0093179999999999999 0.0088699999999999994 0.13093400000000005 0.20263900000000001 0.12804699999999997 0.0047570000000000008 0.005019 0.0047489999999999997 0.001091 0.0011049999999999999 0.001067 2.2044619990293821 2.2044619990293821 2.2044619990293821 0.00016482374024051478 0.00016482374024051478 0.00016482374024051478 1 1 1 Converged Converged Converged OK OK OK 106 106 106 106 106 106 6 6 6 0 0 0 0 1 0 0 1
19 19 linear 1 15 191 2 0.0001 0.42769527119272027 0.70023884090048083 0.018344348681880077 0.34266330958813296 -2.0605644099623159 0.34377992211659525 0.5 -0.16763476312234954 2.1032586170408134 OK 13 12 0.48358099999999998 0.44450400000000001 0.163851 0.31614999999999999 0.20919299999999999 0 0.167431 0.23531100000000002 0.163851 0.0093279999999999995 0.0093120000000000008 0.0088009999999999998 0.13069199999999995 0.19765499999999991 0.12806699999999999 0.0045839999999999995 0.004973 0.0046479999999999994 0.001072 0.001132 0.0010730000000000002 2.1032642479449417 2.1032642479449417 2.1032642479449417 0.00013590434618833245 0.00013590434618833245 0.00013590434618833245 1 1 1 Converged Converged Converged OK OK OK 106 106 106 106 106 106 6 6 6 0 0 0 0 1 0 0 1
19 19 linear 1 23 191 3 0.0001 0.42769527119272027 0.70023884090048083 0.018344348681880077 0.34266330958813296 -2.0605644099623159 0.34633217932450899 0.5 -0.17018702033026328 1.9688362661805079 OK 13 12 0.48055999999999999 0.43289299999999997 0.16547300000000001 0.30982100000000001 0.19001000000000001 0 0.17073899999999997 0.24288299999999996 0.16547300000000001 0.0093640000000000008 0.0093620000000000005 0.0087320000000000002 0.13274699999999995 0.205404 0.12942099999999998 0.005156 0.0049610000000000001 0.0048719999999999996 0.0012230000000000001 0.0011819999999999999 0.0011500000000000002 1.9688492896229981 1.9688492896229981 1.9688492896229981 6.856682617319509e-05 6.856682617319509e-05 6.856682617319509e-05 1 1 1 Converged Converged Converged OK OK OK 106 106 106 106 106 106 6 6 6 0 0 0 0 1 0 0 1
19 19 linear 2 0 192 0 0.001 0.42769527119272027 0.70023884090048083 0.018344348681880077 0.31099815918437013 -2.0867652697735775 0.30732928944799409 0.5 -0.13118413045374838 1.3870116171438966 OK 13 12 0.43037199999999998 0.428535 0.10388500000000001 0.32384200000000002 0.31950699999999999 0 0.10652999999999996 0.10902800000000001 0.10388500000000001 0.010076 0.0096950000000000005 0.0095160000000000002 0.074057000000000012 0.072391000000000011 0.072596000000000008 0.0033540000000000002 0.0032970000000000005 0.0032209999999999999 0.000861 0.00080099999999999995 0.00079100000000000004 1.3870106513798706 1.3870106513798706 1.3870106513798706 0.00061955073125144272 0.00061955073125144272 0.00061955073125144272 1 1 1 Converged Converged Converged OK OK OK 61 61 61 61 61 61 3 3 3 0 0 0 0 0 1 0 0
19 19 linear 2 7 192 1 0.001 0.42769527119272027 0.70023884090048083 0.018344348681880077 0.31099815918437013 -2.0867652697735775 0.30956251450491862 0.5 -0.13341735551067291 1.4840108371176173 OK 14 13 0.47750799999999999 0.41271000000000002 0.13206899999999999 0.34170600000000001 0.21345800000000001 0 0.13580199999999998 0.19925200000000001 0.13206899999999999 0.012418999999999999 0.012600999999999999 0.012056000000000001 0.098538000000000001 0.16165199999999993 0.095885999999999999 0.0039779999999999998 0.0042120000000000005 0.0039199999999999999 0.00088800000000000001 0.00098300000000000015 0.00091799999999999998 1.4840079468804448 1.4840079468804448 1.4840079468804448 0.00071570684959746712 0.00071570684959746712 0.00071570684959746712 1 1 1 Converged Converged Converged OK OK OK 76 76 76 76 76 76 4 4 4 0 0 0 0 1 0 0 1
19 19 linear 2 15 192 2 0.001 0.42769527119272027 0.70023884090048083 0.018344348681880077 0.31099815918437013 -2.0867652697735775 0.31211477171283242 0.5 -0.13596961271858671 1.6470430191866505 OK 14 13 0.49734699999999998 0.46035799999999999 0.147844 0.34498800000000002 0.25317600000000001 0 0.15235899999999997 0.20718199999999998 0.147844 0.012852000000000001 0.012847000000000001 0.012151 0.11363200000000002 0.16898999999999995 0.111001 0.0045800000000000007 0.0043689999999999996 0.0041580000000000002 0.0010679999999999999 0.0010609999999999999 0.000941 1.6470442488167734 1.6470442488167734 1.6470442488167734 0.00079915279076178051 0.00079915279076178051 0.00079915279076178051 1 1 1 Converged Converged Converged OK OK OK 83 83 83 83 83 83 5 5 5 0 0 0 0 1 0 0 1
19 19 linear 2 23 192 3 0.001 0.42769527119272027 0.70023884090048083 0.018344348681880077 0.31099815918437013 -2.0867652697735775 0.31466702892074616 0.5 -0.13852186992650045 1.8291697819638091 OK 14 13 0.55617499999999997 0.498112 0.17224500000000001 0.37873099999999998 0.26176100000000002 0 0.17744399999999999 0.23635099999999998 0.17224500000000001 0.012618000000000001 0.012756999999999999 0.011863 0.13741199999999998 0.19655099999999998 0.13442899999999999 0.0049950000000000003 0.0048930000000000006 0.0044900000000000001 0.001052 0.00099700000000000006 0.001016 1.8292272365004265 1.8292272365004265 1.8292272365004265 0.0017340379459576496 0.0017340379459576496 0.0017340379459576496 1 1 1 Converged Converged Converged OK OK OK 90 90 90 90 90 90 6 6 6 0 0 0 0 1 0 0 1
19 19 linear 2 0 192 0 0.0001 0.42769527119272027 0.70023884090048083 0.018344348681880077 0.31099815918437013 -2.0867652697735775 0.30732928944799409 0.5 -0.13118413045374838 1.3870116171438966 OK 13 12 0.482518 0.47783900000000001 0.15412799999999999 0.32011299999999998 0.319332 0 0.16240500000000002 0.15850700000000001 0.15412799999999999 0.0099860000000000001 0.0099590000000000008 0.0095729999999999999 0.11358999999999997 0.11452799999999998 0.11096399999999999 0.0051539999999999997 0.0051420000000000007 0.0050740000000000004 0.0011130000000000001 0.0010560000000000001 0.001075 1.3870106521180676 1.3870106521180676 1.3870106521180676 1.4197954777216992e-08 1.4197954777216992e-08 1.4197954777216992e-08 1 1 1 Converged Converged Converged OK OK OK 93 93 93 93 93 93 3 3 3 0 0 0 0 0 1 0 0
19 19 linear 2 7 192 1 0.0001 0.42769527119272027 0.70023884090048083 0.018344348681880077 0.31099815918437013 -2.0867652697735775 0.30956251450491862 0.5 -0.13341735551067291 1.4840108371176173 OK 14 13 0.52474500000000002 0.48114400000000002 0.17863999999999999 0.341553 0.21265300000000001 0 0.18319200000000002 0.26849100000000004 0.17863999999999999 0.012518 0.012429000000000001 0.011972999999999999 0.13532899999999995 0.22082199999999999 0.13199199999999994 0.0058700000000000002 0.0058709999999999995 0.0058209999999999998 0.0012120000000000002 0.0011720000000000001 0.001098 1.48400794740117 1.48400794740117 1.48400794740117 5.7326335465499949e-05 5.7326335465499949e-05 5.7326335465499949e-05 1 1 1 Converged Converged Converged OK OK OK 108 108 108 108 108 108 4 4 4 0 0 0 0 1 0 0 1
19 19 linear 2 15 192 2 0.0001 0.42769527119272027 0.70023884090048083 0.018344348681880077 0.31099815918437013 -2.0867652697735775 0.31211477171283242 0.5 -0.13596961271858671 1.6470430191866505 OK 14 13 0.54513999999999996 0.52853000000000006 0.19656899999999999 0.340727 0.25213200000000002 0 0.20441299999999996 0.27639800000000003 0.19656899999999999 0.01272 0.012862999999999999 0.012054 0.15620900000000004 0.22798400000000002 0.14975899999999998 0.0059059999999999998 0.0060939999999999996 0.0059379999999999997 0.0012770000000000001 0.0012699999999999999 0.001291 1.6470442495753037 1.6470442495753037 1.6470442495753037 7.9471731942924549e-05 7.9471731942924549e-05 7.9471731942924549e-05 1 1 1 Converged Converged Converged OK OK OK 115 115 115 115 115 115 5 5 5 0 0 0 0 1 0 0 1
19 19 linear 2 23 192 3 0.0001 0.42769527119272027 0.70023884090048083 0.018344348681880077 0.31099815918437013 -2.0867652697735775 0.31466702892074616 0.5 -0.13852186992650045 1.8291697819638091 OK 14 13 0.70296800000000004 0.67241799999999996 0.31402799999999997 0.382884 0.26210899999999998 0 0.32008400000000004 0.41030899999999998 0.31402799999999997 0.012648 0.012552000000000001 0.012029 0.25044199999999994 0.34184099999999995 0.24632799999999996 0.010881 0.010084000000000001 0.010761 0.0018209999999999999 0.0017550000000000003 0.001732 1.829167678651096 1.829167678651096 1.829167678651096 0.00011313011311751395 0.00011313011311751395 0.00011313011311751395 1 1 1 Converged Converged Converged OK OK OK 178 178 178 178 178 178 6 6 6 0 0 0 0 1 0 0 1
19 19 linear 3 0 193 0 0.001 0.42769527119272027 0.70023884090048083 0.018344348681880077 0.31045173951275146 2.0561544312380402 0.30678286977637542 0.5 -0.13063771078212971 1.3773240810408462 OK 13 12 0.40450599999999998 0.40343200000000001 0.100109 0.30188100000000001 0.297817 0 0.10262499999999997 0.10561500000000001 0.100109 0.0096690000000000005 0.0099749999999999995 0.0094769999999999993 0.070832000000000006 0.073845000000000008 0.069004000000000024 0.003307 0.0033630000000000005 0.0032269999999999998 0.00071499999999999992 0.00072700000000000011 0.00070600000000000003 1.3773231738598388 1.3773231738598388 1.3773231738598388 0.00059118563521341283 0.00059118563521341283 0.00059118563521341283 1 1 1 Converged Converged Converged OK OK OK 61 61 61 61 61 61 3 3 3 0 0 0 0 0 1 0 0
19 19 linear 3 7 193 1 0.001 0.42769527119272027 0.70023884090048083 0.018344348681880077 0.31045173951275146 2.0561544312380402 0.30901609483329995 0.5 -0.13287093583905424 1.4025995596856569 OK 13 12 0.40204800000000002 0.35014200000000001 0.10249 0.29672599999999999 0.180733 0 0.10532200000000003 0.169409 0.10249 0.0086370000000000006 0.0089460000000000008 0.0081860000000000006 0.077674999999999952 0.14131100000000008 0.075483999999999982 0.003222 0.0033249999999999998 0.0032159999999999997 0.00069099999999999999 0.00069200000000000002 0.00067500000000000004 1.4025985878140876 1.4025985878140876 1.4025985878140876 0.00063176776776192639 0.00063176776776192639 0.00063176776776192639 1 1 1 Converged Converged Converged OK OK OK 61 61 61 61 61 61 3 3 3 0 0 0 0 1 0 0 1
19 19 linear 3 15 193 2 0.001 0.42769527119272027 0.70023884090048083 0.018344348681880077 0.31045173951275146 2.0561544312380402 0.31156835204121375 0.5 -0.13542319304696804 1.4427934703351317 OK 13 12 0.39863500000000002 0.33823599999999998 0.099214999999999998 0.296213 0.17505699999999999 0 0.10242200000000001 0.16317899999999999 0.099214999999999998 0.0088079999999999999 0.0087609999999999997 0.0081919999999999996 0.074482999999999994 0.135154 0.07243400000000004 0.0032260000000000001 0.0033889999999999997 0.0032139999999999998 0.00071199999999999996 0.00071000000000000002 0.000687 1.4427922631833545 1.4427922631833545 1.4427922631833545 0.00081895295117899978 0.00081895295117899978 0.00081895295117899978 1 1 1 Converged Converged Converged OK OK OK 61 61 61 61 61 61 3 3 3 0 0 0 0 1 0 0 1
19 19 linear 3 23 193 3 0.001 0.42769527119272027 0.70023884090048083 0.018344348681880077 0.31045173951275146 2.0561544312380402 0.31412060924912749 0.5 -0.13797545025488178 1.5249747928490187 OK 13 12 0.42996099999999998 0.38048700000000002 0.12599099999999999 0.29962100000000003 0.17909600000000001 0 0.13033999999999996 0.20139100000000001 0.12599099999999999 0.0091179999999999994 0.0091299999999999992 0.0085599999999999999 0.095554999999999946 0.16660099999999997 0.092762000000000011 0.0044090000000000006 0.0044019999999999997 0.0040999999999999995 0.00091299999999999997 0.00089999999999999998 0.00087799999999999998 1.5249709880307913 1.5249709880307913 1.5249709880307913 0.00012442498334556799 0.00012442498334556799 0.00012442498334556799 1 1 1 Converged Converged Converged OK OK OK 77 77 77 77 77 77 3 3 3 0 0 0 0 1 0 0 1
19 19 linear 3 0 193 0 0.0001 0.42769527119272027 0.70023884090048083 0.018344348681880077 0.31045173951275146 2.0561544312380402 0.30678286977637542 0.5 -0.13063771078212971 1.3773240810408462 OK 13 12 0.42462699999999998 0.42713099999999998 0.124417 0.29741099999999998 0.30202099999999998 0 0.127216 0.12511 0.124417 0.0098490000000000001 0.0097739999999999997 0.0095149999999999992 0.08961100000000001 0.087741999999999987 0.087420999999999999 0.0040690000000000006 0.0041000000000000003 0.0040659999999999993 0.000803 0.00082400000000000008 0.00085699999999999991 1.3773231743675372 1.3773231743675372 1.3773231743675372 0.0001188627149103489 0.0001188627149103489 0.0001188627149103489 1 1 1 Converged Converged Converged OK OK OK 77 77 77 77 77 77 3 3 3 0 0 0 0 0 1 0 0
19 19 linear 3 7 193 1 0.0001 0.42769527119272027 0.70023884090048083 0.018344348681880077 0.31045173951275146 2.0561544312380402 0.30901609483329995 0.5 -0.13287093583905424 1.4025995596856569 OK 13 12 0.42899399999999999 0.39295999999999998 0.13037299999999999 0.29566999999999999 0.183339 0 0.133324 0.20962099999999997 0.13037299999999999 0.0087840000000000001 0.0087899999999999992 0.0082400000000000008 0.100465 0.17650399999999999 0.098409999999999956 0.0041619999999999999 0.0044149999999999997 0.0040990000000000002 0.00081700000000000002 0.00081000000000000006 0.00079299999999999998 1.4025985884470968 1.4025985884470968 1.4025985884470968 0.00012027829104057287 0.00012027829104057287 0.00012027829104057287 1 1 1 Converged Converged Converged OK OK OK 77 77 77 77 77 77 3 3 3 0 0 0 0 1 0 0 1
19 19 linear 3 15 193 2 0.0001 0.42769527119272027 0.70023884090048083 0.018344348681880077 0.31045173951275146 2.0561544312380402 0.31156835204121375 0.5 -0.13542319304696804 1.4427934703351317 OK 13 12 0.42126200000000003 0.38116 0.126911 0.29393799999999998 0.176702 0 0.12732400000000005 0.204458 0.126911 0.0087919999999999995 0.0088839999999999995 0.0082299999999999995 0.094500000000000001 0.17130100000000004 0.092060999999999948 0.0041070000000000004 0.0044139999999999995 0.0041349999999999998 0.0008299999999999999 0.00086300000000000005 0.00081700000000000002 1.4427922637914774 1.4427922637914774 1.4427922637914774 0.00012186958779715117 0.00012186958779715117 0.00012186958779715117 1 1 1 Converged Converged Converged OK OK OK 77 77 77 77 77 77 3 3 3 0 0 0 0 1 0 0 1
19 19 linear 3 23 193 3 0.0001 0.42769527119272027 0.70023884090048083 0.018344348681880077 0.31045173951275146 2.0561544312380402 0.31412060924912749 0.5 -0.13797545025488178 1.5249747928490187 OK 13 12 0.427757 0.37865500000000002 0.12496400000000001 0.29952800000000002 0.18154100000000001 0 0.12822899999999998 0.19711400000000001 0.12496400000000001 0.0090919999999999994 0.0091310000000000002 0.0085290000000000001 0.095065999999999984 0.163323 0.092674000000000006 0.0041189999999999994 0.0044869999999999997 0.0041599999999999996 0.00084099999999999995 0.0008650000000000001 0.00080100000000000006 1.5249709880307913 1.5249709880307913 1.5249709880307913 0.00012442498334556799 0.00012442498334556799 0.00012442498334556799 1 1 1 Converged Converged Converged OK OK OK 77 77 77 77 77 77 3 3 3 0 0 0 0 1 0 0 1
19 19 linear 4 0 194 0 0.001 0.42769527119272027 0.70023884090048083 0.018344348681880077 0.30298872927848702 2.0620839407459601 0.29931985954211099 0.5 -0.12317470054786528 1.3165127381301061 OK 13 12 0.39767400000000003 0.39562900000000001 0.100186 0.29183799999999999 0.29456100000000002 0 0.10583600000000004 0.10106799999999999 0.100186 0.012761 0.0096690000000000005 0.0093620000000000005 0.071171999999999999 0.069639000000000006 0.069548000000000013 0.0031919999999999995 0.0030980000000000001 0.0030959999999999998 0.00069700000000000003 0.00071300000000000009 0.00068899999999999994 1.3165119385394031 1.3165119385394031 1.3165119385394031 0.00049231993497556926 0.00049231993497556926 0.00049231993497556926 1 1 1 Converged Converged Converged OK OK OK 61 61 61 61 61 61 3 3 3 0 0 0 0 0 1 0 0
19 19 linear 4 7 194 1 0.001 0.42769527119272027 0.70023884090048083 0.018344348681880077 0.30298872927848702 2.0620839407459601 0.30155308459903551 0.5 -0.1254079256047898 1.3286380227589556 OK 13 12 0.402227 0.33615699999999998 0.10236199999999999 0.29661199999999999 0.17506099999999999 0 0.10561500000000001 0.16109599999999999 0.10236199999999999 0.0090310000000000008 0.0090349999999999996 0.0084720000000000004 0.077307000000000001 0.13293300000000002 0.075377000000000013 0.0031750000000000003 0.0032139999999999998 0.0031629999999999996 0.00068300000000000001 0.00073300000000000014 0.00068500000000000006 1.3286372050386355 1.3286372050386355 1.3286372050386355 0.00051308099678126534 0.00051308099678126534 0.00051308099678126534 1 1 1 Converged Converged Converged OK OK OK 61 61 61 61 61 61 3 3 3 0 0 0 0 1 0 0 1
19 19 linear 4 15 194 2 0.001 0.42769527119272027 0.70023884090048083 0.018344348681880077 0.30298872927848702 2.0620839407459601 0.30410534180694931 0.5 -0.1279601828127036 1.344660739944973 OK 13 12 0.40441700000000003 0.33538400000000002 0.097608 0.30354900000000001 0.18294099999999999 0 0.10086800000000001 0.15244300000000002 0.097608 0.0089890000000000005 0.0091640000000000003 0.0084609999999999998 0.072707000000000022 0.124113 0.070610999999999993 0.0031920000000000004 0.0033309999999999998 0.0031409999999999997 0.00069099999999999999 0.00070100000000000002 0.00068199999999999999 1.3446599146042637 1.3446599146042637 1.3446599146042637 0.00054061308778583601 0.00054061308778583601 0.00054061308778583601 1 1 1 Converged Converged Converged OK OK OK 61 61 61 61 61 61 3 3 3 0 0 0 0 1 0 0 1
19 19 linear 4 23 194 3 0.001 0.42769527119272027 0.70023884090048083 0.018344348681880077 0.30298872927848702 2.0620839407459601 0.30665759901486306 0.5 -0.13051244002061735 1.3638479224387814 OK 13 12 0.41886000000000001 0.35069 0.099454000000000001 0.31613000000000002 0.193853 0 0.10272999999999999 0.156837 0.099454000000000001 0.0087770000000000001 0.0088400000000000006 0.0082199999999999999 0.074672000000000016 0.12876899999999999 0.072647000000000031 0.0032289999999999997 0.0033119999999999998 0.0031229999999999999 0.00074600000000000003 0.00075199999999999996 0.00069899999999999997 1.3638470580845929 1.3638470580845929 1.3638470580845929 0.00057379683549926115 0.00057379683549926115 0.00057379683549926115 1 1 1 Converged Converged Converged OK OK OK 61 61 61 61 61 61 3 3 3 0 0 0 0 1 0 0 1
19 19 linear 4 0 194 0 0.0001 0.42769527119272027 0.70023884090048083 0.018344348681880077 0.30298872927848702 2.0620839407459601 0.29931985954211099 0.5 -0.12317470054786528 1.3165127381301061 OK 13 12 0.42520599999999997 0.42077900000000001 0.12534600000000001 0.29161900000000002 0.2908 0 0.13358699999999996 0.12997900000000001 0.12534600000000001 0.0099480000000000002 0.0099919999999999991 0.009384 0.095502000000000017 0.092474999999999988 0.088685 0.0040939999999999995 0.0041640000000000002 0.0040730000000000002 0.00082799999999999996 0.00081299999999999992 0.0008209999999999999 1.3165119388544073 1.3165119388544073 1.3165119388544073 0.00012695656229621608 0.00012695656229621608 0.00012695656229621608 1 1 1 Converged Converged Converged OK OK OK 77 77 77 77 77 77 3 3 3 0 0 0 0 0 1 0 0
19 19 linear 4 7 194 1 0.0001 0.42769527119272027 0.70023884090048083 0.018344348681880077 0.30298872927848702 2.0620839407459601 0.30155308459903551 0.5 -0.1254079256047898 1.3286380227589556 OK 13 12 0.42742999999999998 0.38183899999999998 0.12721299999999999 0.29617199999999999 0.175319 0 0.13125799999999999 0.20651999999999998 0.12721299999999999 0.0091369999999999993 0.0090699999999999999 0.0086619999999999996 0.097806999999999991 0.17332800000000001 0.09499100000000002 0.0041310000000000001 0.0042499999999999994 0.0040479999999999995 0.00081000000000000006 0.00080799999999999991 0.00078899999999999999 1.3286372053756665 1.3286372053756665 1.3286372053756665 0.0001288877236797475 0.0001288877236797475 0.0001288877236797475 1 1 1 Converged Converged Converged OK OK OK 77 77 77 77 77 77 3 3 3 0 0 0 0 1 0 0 1
19 19 linear 4 15 194 2 0.0001 0.42769527119272027 0.70023884090048083 0.018344348681880077 0.30298872927848702 2.0620839407459601 0.30410534180694931 0.5 -0.1279601828127036 1.344660739944973 OK 13 12 0.42611900000000003 0.37146099999999999 0.12074799999999999 0.301566 0.181453 0 0.12455300000000002 0.19000799999999998 0.12074799999999999 0.0089339999999999992 0.009077 0.0084950000000000008 0.091490000000000044 0.1569870000000001 0.088772000000000004 0.0041589999999999995 0.0041489999999999999 0.0039969999999999997 0.00080599999999999997 0.00081699999999999991 0.00080899999999999993 1.3446599149707583 1.3446599149707583 1.3446599149707583 0.00013108440775918512 0.00013108440775918512 0.00013108440775918512 1 1 1 Converged Converged Converged OK OK OK 77 77 77 77 77 77 3 3 3 0 0 0 0 1 0 0 1
19 19 linear 4 23 194 3 0.0001 0.42769527119272027 0.70023884090048083 0.018344348681880077 0.30298872927848702 2.0620839407459601 0.30665759901486306 0.5 -0.13051244002061735 1.3638479224387814 OK 13 12 0.43863600000000003 0.385963 0.12186 0.31338899999999997 0.19297 0 0.12524700000000005 0.192993 0.12186 0.008711 0.0088330000000000006 0.0081860000000000006 0.092735999999999971 0.16016000000000002 0.090372000000000022 0.0040000000000000001 0.0041369999999999992 0.0039370000000000004 0.00080999999999999996 0.000825 0.00080600000000000008 1.3638470584850708 1.3638470584850708 1.3638470584850708 0.00013326327903954749 0.00013326327903954749 0.00013326327903954749 1 1 1 Converged Converged Converged OK OK OK 77 77 77 77 77 77 3 3 3 0 0 0 0 1 0 0 1
19 19 uniform 0 0 195 0 0.001 0.42769527119272027 0.70023884090048083 0.018344348681880077 0.3230318679443468 -2.1067979401266452 0.31936299820797076 0 -0.14321783921372505 2.1589257711565861 OK 14 13 0.48014699999999999 0.48008000000000001 0.13930500000000001 0.33598699999999998 0.34014899999999998 0 0.14416000000000001 0.13993100000000003 0.13930500000000001 0.013428000000000001 0.013580999999999999 0.013076000000000001 0.10141100000000003 0.10119100000000003 0.10104700000000001 0.0031679999999999998 0.0030490000000000001 0.003075 0.00070399999999999998 0.00076599999999999997 0.00072999999999999996 2.1589289561949783 2.1589289561949783 2.1589289561949783 0.0020297167621625128 0.0020297167621625128 0.0020297167621625128 1 1 1 Converged Converged Converged OK OK OK 73 73 73 73 73 73 7 7 7 0 0 0 0 0 1 0 0
19 19 uniform 0 7 195 1 0.001 0.42769527119272027 0.70023884090048083 0.018344348681880077 0.3230318679443468 -2.1067979401266452 0.32159622326489529 0 -0.14545106427064958 2.2026641794999882 OK 14 13 0.488207 0.43665300000000001 0.133239 0.35386200000000001 0.252639 0 0.13434499999999999 0.18401400000000001 0.133239 0.012564000000000001 0.012611000000000001 0.012002000000000001 0.099224999999999966 0.14838199999999999 0.098807000000000048 0.003346 0.003529 0.0033090000000000003 0.00084499999999999994 0.00084999999999999995 0.00084299999999999989 2.2026647362093139 2.2026647362093139 2.2026647362093139 0.001499799273003961 0.001499799273003961 0.001499799273003961 1 1 1 Converged Converged Converged OK OK OK 81 81 81 81 81 81 7 7 7 0 0 0 0 1 0 0 1
19 19 uniform 0 15 195 2 0.001 0.42769527119272027 0.70023884090048083 0.018344348681880077 0.3230318679443468 -2.1067979401266452 0.32414848047280909 0 -0.14800332147856338 2.2475993684239413 OK 14 13 0.50867899999999999 0.44193399999999999 0.15334 0.34953499999999998 0.24137800000000001 0 0.15914400000000001 0.20055599999999998 0.15334 0.012538000000000001 0.012756 0.011916 0.12112499999999995 0.16201799999999997 0.11646499999999999 0.0039679999999999993 0.004084 0.0038510000000000003 0.001042 0.0011130000000000001 0.001049 2.2476031711553626 2.2476031711553626 2.2476031711553626 0.0015347859632145035 0.0015347859632145035 0.0015347859632145035 1 1 1 Converged Converged Converged OK OK OK 89 89 89 89 89 89 7 7 7 0 0 0 0 1 0 0 1
19 19 uniform 0 23 195 3 0.001 0.42769527119272027 0.70023884090048083 0.018344348681880077 0.3230318679443468 -2.1067979401266452 0.32670073768072283 0 -0.15055557868647712 2.2865902438390631 OK 14 13 0.49625799999999998 0.44681700000000002 0.14730099999999999 0.34721400000000002 0.23782700000000001 0 0.14904399999999995 0.20899000000000001 0.14730099999999999 0.012525 0.012652999999999999 0.011889 0.11250799999999994 0.171989 0.11190099999999999 0.0039560000000000003 0.0041850000000000004 0.003839 0.001021 0.0011040000000000002 0.0010579999999999999 2.2865909027690945 2.2865909027690945 2.2865909027690945 0.0015979817198601277 0.0015979817198601277 0.0015979817198601277 1 1 1 Converged Converged Converged OK OK OK 89 89 89 89 89 89 7 7 7 0 0 0 0 1 0 0 1
19 19 uniform 0 0 195 0 0.0001 0.42769527119272027 0.70023884090048083 0.018344348681880077 0.3230318679443468 -2.1067979401266452 0.31936299820797076 0 -0.14321783921372505 2.1589257711565861 OK 14 13 0.54994799999999999 0.55339099999999997 0.211169 0.33720800000000001 0.33788699999999999 0 0.21273999999999998 0.21550399999999997 0.211169 0.013609 0.013554 0.013121000000000001 0.156309 0.16053000000000009 0.15596600000000002 0.0051380000000000002 0.0050540000000000003 0.0050710000000000009 0.0014729999999999997 0.0012959999999999998 0.0014139999999999999 2.1589257633733707 2.1589257633733707 2.1589257633733707 0.00017930520869975666 0.00017930520869975666 0.00017930520869975666 1 1 1 Converged Converged Converged OK OK OK 113 113 113 113 113 113 7 7 7 0 0 0 0 0 1 0 0
19 19 uniform 0 7 195 1 0.0001 0.42769527119272027 0.70023884090048083 0.018344348681880077 0.3230318679443468 -2.1067979401266452 0.32159622326489529 0 -0.14545106427064958 2.2026641794999882 OK 14 13 0.53643600000000002 0.50808299999999995 0.180837 0.35683500000000001 0.25522400000000001 0 0.17960100000000001 0.25285899999999994 0.180837 0.012507000000000001 0.012631 0.011854 0.13633199999999995 0.20925500000000008 0.13609600000000008 0.0049039999999999995 0.005025 0.0049319999999999998 0.001186 0.001312 0.001232 2.2026642034422523 2.2026642034422523 2.2026642034422523 0.00018576253222062696 0.00018576253222062696 0.00018576253222062696 1 1 1 Converged Converged Converged OK OK OK 113 113 113 113 113 113 7 7 7 0 0 0 0 1 0 0 1
19 19 uniform 0 15 195 2 0.0001 0.42769527119272027 0.70023884090048083 0.018344348681880077 0.3230318679443468 -2.1067979401266452 0.32414848047280909 0 -0.14800332147856338 2.2475993684239413 OK 14 13 0.53749800000000003 0.49643799999999999 0.182285 0.349916 0.24040700000000001 0 0.18758200000000003 0.25603100000000001 0.182285 0.012605999999999999 0.01259 0.011934 0.14079400000000009 0.21264000000000002 0.14034199999999997 0.005097 0.0052430000000000003 0.0051180000000000002 0.0013109999999999999 0.0013839999999999998 0.00132 2.2475995271550184 2.2475995271550184 2.2475995271550184 0.00020680446188862971 0.00020680446188862971 0.00020680446188862971 1 1 1 Converged Converged Converged OK OK OK 113 113 113 113 113 113 7 7 7 0 0 0 0 1 0 0 1
19 19 uniform 0 23 195 3 0.0001 0.42769527119272027 0.70023884090048083 0.018344348681880077 0.3230318679443468 -2.1067979401266452 0.32670073768072283 0 -0.15055557868647712 2.2865902438390631 OK 14 13 0.53264 0.49352699999999999 0.18257999999999999 0.34851599999999999 0.238816 0 0.18412400000000001 0.25471100000000002 0.18257999999999999 0.012588 0.012683 0.011934999999999999 0.13766600000000001 0.20776 0.13712699999999994 0.0053519999999999991 0.0054509999999999992 0.0052839999999999996 0.0014789999999999998 0.0015690000000000001 0.0015299999999999999 2.2865905927739685 2.2865905927739685 2.2865905927739685 0.00012086378782190583 0.00012086378782190583 0.00012086378782190583 1 1 1 Converged Converged Converged OK OK OK 121 121 121 121 121 121 7 7 7 0 0 0 0 1 0 0 1
19 19 uniform 1 0 196 0 0.001 0.42769527119272027 0.70023884090048083 0.018344348681880077 0.34266330958813296 -2.0605644099623159 0.33899443985175692 0 -0.16284928085751121 2.2343376439725198 OK 13 12 0.41187600000000002 0.41034100000000001 0.10036399999999999 0.30839100000000003 0.30899399999999999 0 0.10348499999999999 0.10134700000000002 0.10036399999999999 0.010711999999999999 0.010673 0.010259000000000001 0.071175999999999975 0.070219999999999991 0.069888999999999993 0.0027790000000000002 0.0029009999999999999 0.0025120000000000003 0.00081899999999999985 0.00072900000000000005 0.00072900000000000005 2.2343402072938363 2.2343402072938363 2.2343402072938363 0.0018822458375652648 0.0018822458375652648 0.0018822458375652648 1 1 1 Converged Converged Converged OK OK OK 66 66 66 66 66 66 6 6 6 0 0 0 0 0 1 0 0
19 19 uniform 1 7 196 1 0.001 0.42769527119272027 0.70023884090048083 0.018344348681880077 0.34266330958813296 -2.0605644099623159 0.34122766490868145 0 -0.16508250591443574 2.1880950081544075 OK 13 12 0.42429499999999998 0.338584 0.105792 0.316498 0.19314300000000001 0 0.10779699999999998 0.14544099999999999 0.105792 0.0094750000000000008 0.0094020000000000006 0.0088070000000000006 0.079143000000000005 0.11720200000000001 0.078729000000000049 0.0029849999999999998 0.002947 0.0028189999999999999 0.00080599999999999986 0.00077699999999999991 0.00075799999999999988 2.1880951217887348 2.1880951217887348 2.1880951217887348 0.00059450182398462965 0.00059450182398462965 0.00059450182398462965 1 1 1 Converged Converged Converged OK OK OK 74 74 74 74 74 74 6 6 6 0 0 0 0 1 0 0 1
19 19 uniform 1 15 196 2 0.001 0.42769527119272027 0.70023884090048083 0.018344348681880077 0.34266330958813296 -2.0605644099623159 0.34377992211659525 0 -0.16763476312234954 2.1115639041324572 OK 13 12 0.42425400000000002 0.35481499999999999 0.104722 0.31423800000000002 0.206456 0 0.110016 0.14835899999999999 0.104722 0.012614999999999999 0.0093290000000000005 0.0086840000000000007 0.079602000000000034 0.12132200000000004 0.078974000000000016 0.0029239999999999999 0.0029910000000000002 0.002859 0.00075899999999999991 0.00076000000000000004 0.00075699999999999986 2.111564078005546 2.111564078005546 2.111564078005546 0.00059541823988445595 0.00059541823988445595 0.00059541823988445595 1 1 1 Converged Converged Converged OK OK OK 74 74 74 74 74 74 6 6 6 0 0 0 0 1 0 0 1
19 19 uniform 1 23 196 3 0.001 0.42769527119272027 0.70023884090048083 0.018344348681880077 0.34266330958813296 -2.0605644099623159 0.34633217932450899 0 -0.17018702033026328 2.0040088823266551 OK 13 12 0.42050199999999999 0.33399099999999998 0.104958 0.31007099999999999 0.18715300000000001 0 0.110431 0.14683799999999997 0.104958 0.0093679999999999996 0.0093390000000000001 0.0087170000000000008 0.083065999999999973 0.11961100000000001 0.079131999999999994 0.0029329999999999998 0.0029859999999999995 0.0028760000000000001 0.00086800000000000006 0.00087299999999999997 0.00082900000000000009 2.0040088222124952 2.0040088222124952 2.0040088222124952 0.0005665829358781361 0.0005665829358781361 0.0005665829358781361 1 1 1 Converged Converged Converged OK OK OK 74 74 74 74 74 74 6 6 6 0 0 0 0 1 0 0 1
19 19 uniform 1 0 196 0 0.0001 0.42769527119272027 0.70023884090048083 0.018344348681880077 0.34266330958813296 -2.0605644099623159 0.33899443985175692 0 -0.16284928085751121 2.2343376439725198 OK 13 12 0.44963599999999998 0.44975100000000001 0.139128 0.31128299999999998 0.31071500000000002 0 0.138353 0.13903599999999999 0.139128 0.010422000000000001 0.010514000000000001 0.010312 0.095932000000000017 0.096340000000000037 0.096076000000000022 0.0040220000000000004 0.0040410000000000003 0.0043099999999999996 0.0011249999999999999 0.0011130000000000001 0.0012099999999999999 2.2343376733152356 2.2343376733152356 2.2343376733152356 7.2350148746743584e-05 7.2350148746743584e-05 7.2350148746743584e-05 1 1 1 Converged Converged Converged OK OK OK 98 98 98 98 98 98 6 6 6 0 0 0 0 0 1 0 0
19 19 uniform 1 7 196 1 0.0001 0.42769527119272027 0.70023884090048083 0.018344348681880077 0.34266330958813296 -2.0605644099623159 0.34122766490868145 0 -0.16508250591443574 2.1880950081544075 OK 13 12 0.44112699999999999 0.38194 0.13056499999999999 0.30979099999999998 0.192741 0 0.13133600000000001 0.18919900000000001 0.13056499999999999 0.0092849999999999999 0.0093050000000000008 0.0087930000000000005 0.098018999999999995 0.15547499999999997 0.097818999999999989 0.0039859999999999991 0.0041029999999999999 0.003993 0.00099099999999999991 0.001049 0.001122 2.1880952025843077 2.1880952025843077 2.1880952025843077 6.9027585566963491e-05 6.9027585566963491e-05 6.9027585566963491e-05 1 1 1 Converged Converged Converged OK OK OK 98 98 98 98 98 98 6 6 6 0 0 0 0 1 0 0 1
19 19 uniform 1 15 196 2 0.0001 0.42769527119272027 0.70023884090048083 0.018344348681880077 0.34266330958813296 -2.0605644099623159 0.34377992211659525 0 -0.16763476312234954 2.1115639041324572 OK 13 12 0.44886799999999999 0.39271600000000001 0.13084499999999999 0.31681900000000002 0.204683 0 0.13204899999999997 0.18803300000000001 0.13084499999999999 0.0093629999999999998 0.0093449999999999991 0.008763 0.098629000000000022 0.1541620000000001 0.098469999999999988 0.0040829999999999998 0.0041859999999999996 0.0040510000000000008 0.00098099999999999988 0.0010550000000000002 0.0009810000000000001 2.1115642086884003 2.1115642086884003 2.1115642086884003 7.476408424297828e-05 7.476408424297828e-05 7.476408424297828e-05 1 1 1 Converged Converged Converged OK OK OK 98 98 98 98 98 98 6 6 6 0 0 0 0 1 0 0 1
19 19 uniform 1 23 196 3 0.0001 0.42769527119272027 0.70023884090048083 0.018344348681880077 0.34266330958813296 -2.0605644099623159 0.34633217932450899 0 -0.17018702033026328 2.0040088823266551 OK 13 12 0.44027899999999998 0.38763599999999998 0.13120499999999999 0.30709500000000001 0.19381100000000001 0 0.13318399999999997 0.19382499999999997 0.13120499999999999 0.0092829999999999996 0.009476 0.0087180000000000001 0.099574999999999983 0.15901900000000002 0.098988000000000048 0.0040139999999999993 0.0046909999999999999 0.003846 0.0011389999999999998 0.001139 0.001122 2.0040090314560621 2.0040090314560621 2.0040090314560621 7.5453630237264338e-05 7.5453630237264338e-05 7.5453630237264338e-05 1 1 1 Converged Converged Converged OK OK OK 98 98 98 98 98 98 6 6 6 0 0 0 0 1 0 0 1
19 19 uniform 2 0 197 0 0.001 0.42769527119272027 0.70023884090048083 0.018344348681880077 0.31099815918437013 -2.0867652697735775 0.30732928944799409 0 -0.13118413045374838 1.3901668681657322 OK 13 12 0.39455400000000002 0.39236799999999999 0.072026000000000007 0.32207200000000002 0.31687599999999999 0 0.072481999999999991 0.075492000000000004 0.072026000000000007 0.0098689999999999993 0.0097859999999999996 0.0099209999999999993 0.046243000000000006 0.049834000000000003 0.046136999999999991 0.0022000000000000001 0.0022100000000000002 0.0021610000000000002 0.00066 0.00065399999999999996 0.00069499999999999998 1.3901668467513306 1.3901668467513306 1.3901668467513306 0.00048733509211565309 0.00048733509211565309 0.00048733509211565309 1 1 1 Converged Converged Converged OK OK OK 45 45 45 45 45 45 3 3 3 0 0 0 0 0 1 0 0
19 19 uniform 2 7 197 1 0.001 0.42769527119272027 0.70023884090048083 0.018344348681880077 0.31099815918437013 -2.0867652697735775 0.30956251450491862 0 -0.13341735551067291 1.5131108715083914 OK 14 13 0.44268400000000002 0.36351299999999998 0.100453 0.34113199999999999 0.20971000000000001 0 0.10155200000000003 0.15380299999999997 0.100453 0.012584 0.012333 0.012047 0.06850599999999997 0.120709 0.068544999999999995 0.0030239999999999993 0.0030540000000000003 0.0029260000000000002 0.00078600000000000002 0.00088099999999999984 0.00081900000000000007 1.513110553284402 1.513110553284402 1.513110553284402 0.00053408465413726735 0.00053408465413726735 0.00053408465413726735 1 1 1 Converged Converged Converged OK OK OK 60 60 60 60 60 60 4 4 4 0 0 0 0 1 0 0 1
19 19 uniform 2 15 197 2 0.001 0.42769527119272027 0.70023884090048083 0.018344348681880077 0.31099815918437013 -2.0867652697735775 0.31211477171283242 0 -0.13596961271858671 1.6930136578518382 OK 14 13 0.460036 0.41821599999999998 0.113325 0.34486600000000001 0.25202000000000002 0 0.11516999999999999 0.16619599999999995 0.113325 0.012891 0.014147 0.01201 0.082867999999999997 0.13214800000000002 0.082429999999999976 0.0030199999999999997 0.0030859999999999998 0.0029429999999999999 0.00091300000000000007 0.000843 0.0007980000000000001 1.6930134454844505 1.6930134454844505 1.6930134454844505 0.00063281135527263363 0.00063281135527263363 0.00063281135527263363 1 1 1 Converged Converged Converged OK OK OK 67 67 67 67 67 67 5 5 5 0 0 0 0 1 0 0 1
19 19 uniform 2 23 197 3 0.001 0.42769527119272027 0.70023884090048083 0.018344348681880077 0.31099815918437013 -2.0867652697735775 0.31466702892074616 0 -0.13852186992650045 1.880507841360646 OK 14 13 0.50984499999999999 0.43835299999999999 0.13140399999999999 0.37701200000000001 0.265067 0 0.13283299999999998 0.173286 0.13140399999999999 0.012576 0.012658000000000001 0.011989 0.09963899999999995 0.13940099999999997 0.09914600000000004 0.0031729999999999996 0.0034789999999999999 0.0032239999999999999 0.00084099999999999995 0.0009810000000000001 0.00081700000000000002 1.8805882958682048 1.8805882958682048 1.8805882958682048 0.0016629725110850653 0.0016629725110850653 0.0016629725110850653 1 1 1 Converged Converged Converged OK OK OK 74 74 74 74 74 74 6 6 6 0 0 0 0 1 0 0 1
19 19 uniform 2 0 197 0 0.0001 0.42769527119272027 0.70023884090048083 0.018344348681880077 0.31099815918437013 -2.0867652697735775 0.30732928944799409 0 -0.13118413045374838 1.3901668681657322 OK 13 12 0.41231800000000002 0.41016000000000002 0.091758000000000006 0.31957999999999998 0.31804199999999999 0 0.092738000000000043 0.092118000000000033 0.091758000000000006 0.0099039999999999996 0.0098480000000000009 0.0095940000000000001 0.060668999999999994 0.060704000000000022 0.060427999999999996 0.0030689999999999997 0.0030300000000000001 0.0030300000000000001 0.00081999999999999998 0.00081700000000000002 0.00083900000000000001 1.3901668467586807 1.3901668467586807 1.3901668467586807 0.00012634021404503643 0.00012634021404503643 0.00012634021404503643 1 1 1 Converged Converged Converged OK OK OK 61 61 61 61 61 61 3 3 3 0 0 0 0 0 1 0 0
19 19 uniform 2 7 197 1 0.0001 0.42769527119272027 0.70023884090048083 0.018344348681880077 0.31099815918437013 -2.0867652697735775 0.30956251450491862 0 -0.13341735551067291 1.5131108715083914 OK 14 13 0.48311700000000002 0.43171100000000001 0.137105 0.341003 0.211538 0 0.14211400000000002 0.22017300000000001 0.137105 0.012607999999999999 0.012541 0.011993 0.09872400000000002 0.17600299999999997 0.094718999999999998 0.0046719999999999999 0.0048640000000000003 0.0046309999999999997 0.0011069999999999999 0.001077 0.0010560000000000001 1.5131105532829776 1.5131105532829776 1.5131105532829776 9.4414658873423452e-05 9.4414658873423452e-05 9.4414658873423452e-05 1 1 1 Converged Converged Converged OK OK OK 92 92 92 92 92 92 4 4 4 0 0 0 0 1 0 0 1
19 19 uniform 2 15 197 2 0.0001 0.42769527119272027 0.70023884090048083 0.018344348681880077 0.31099815918437013 -2.0867652697735775 0.31211477171283242 0 -0.13596961271858671 1.6930136578518382 OK 14 13 0.500278 0.47180499999999997 0.157633 0.34075 0.255527 0 0.159528 0.21627799999999997 0.157633 0.01294 0.012707 0.012012999999999999 0.11854099999999998 0.17529900000000001 0.11803799999999996 0.0046619999999999995 0.0048640000000000003 0.0045849999999999997 0.001145 0.0010950000000000001 0.0011429999999999999 1.6930132494521719 1.6930132494521719 1.6930132494521719 0.00016500786749043406 0.00016500786749043406 0.00016500786749043406 1 1 1 Converged Converged Converged OK OK OK 99 99 99 99 99 99 5 5 5 0 0 0 0 1 0 0 1
19 19 uniform 2 23 197 3 0.0001 0.42769527119272027 0.70023884090048083 0.018344348681880077 0.31099815918437013 -2.0867652697735775 0.31466702892074616 0 -0.13852186992650045 1.880507841360646 OK 14 13 0.66285099999999997 0.62993500000000002 0.279144 0.37788699999999997 0.26236300000000001 0 0.284964 0.36757200000000001 0.279144 0.012569 0.012508999999999999 0.011873 0.21588999999999986 0.29706099999999985 0.21107000000000001 0.0094699999999999993 0.0096900000000000007 0.0095629999999999986 0.0016270000000000002 0.0016409999999999999 0.0016070000000000001 1.8805081942667505 1.8805081942667505 1.8805081942667505 0.00010622508778397048 0.00010622508778397048 0.00010622508778397048 1 1 1 Converged Converged Converged OK OK OK 178 178 178 178 178 178 6 6 6 0 0 0 0 1 0 0 1
19 19 uniform 3 0 198 0 0.001 0.42769527119272027 0.70023884090048083 0.018344348681880077 0.31045173951275146 2.0561544312380402 0.30678286977637542 0 -0.13063771078212971 1.37980490094412 OK 13 12 0.37298399999999998 0.369037 0.070239999999999997 0.30247099999999999 0.29810399999999998 0 0.070512999999999992 0.070933000000000024 0.070239999999999997 0.0094830000000000001 0.0096729999999999993 0.0094459999999999995 0.045168999999999994 0.045642000000000016 0.045276999999999998 0.0021819999999999999 0.0021710000000000002 0.0021150000000000001 0.00055199999999999997 0.00055199999999999997 0.00055400000000000002 1.3798048868259827 1.3798048868259827 1.3798048868259827 0.00050488148418864978 0.00050488148418864978 0.00050488148418864978 1 1 1 Converged Converged Converged OK OK OK 45 45 45 45 45 45 3 3 3 0 0 0 0 0 1 0 0
19 19 uniform 3 7 198 1 0.001 0.42769527119272027 0.70023884090048083 0.018344348681880077 0.31045173951275146 2.0561544312380402 0.30901609483329995 0 -0.13287093583905424 1.4061210133606097 OK 13 12 0.36451 0.30464000000000002 0.070296999999999998 0.29286899999999999 0.18177699999999999 0 0.07164100000000001 0.12286300000000003 0.070296999999999998 0.0087659999999999995 0.0087749999999999998 0.0082590000000000007 0.048897000000000017 0.10018000000000001 0.048485999999999987 0.0021649999999999998 0.0022369999999999998 0.002153 0.00057399999999999997 0.0005660000000000001 0.00053600000000000002 1.406120991759523 1.406120991759523 1.406120991759523 0.00052814238401492197 0.00052814238401492197 0.00052814238401492197 1 1 1 Converged Converged Converged OK OK OK 45 45 45 45 45 45 3 3 3 0 0 0 0 1 0 0 1
19 19 uniform 3 15 198 2 0.001 0.42769527119272027 0.70023884090048083 0.018344348681880077 0.31045173951275146 2.0561544312380402 0.31156835204121375 0 -0.13542319304696804 1.448809610530204 OK 13 12 0.36514000000000002 0.29197600000000001 0.070491999999999999 0.288968 0.17439199999999999 0 0.076172000000000017 0.11758400000000002 0.070491999999999999 0.0086540000000000002 0.0087840000000000001 0.0082229999999999994 0.053418999999999994 0.094766000000000003 0.048845999999999994 0.0022009999999999998 0.0022799999999999999 0.0021429999999999999 0.00056700000000000001 0.00057200000000000003 0.00053600000000000002 1.4488095548081825 1.4488095548081825 1.4488095548081825 0.00058712388589377126 0.00058712388589377126 0.00058712388589377126 1 1 1 Converged Converged Converged OK OK OK 45 45 45 45 45 45 3 3 3 0 0 0 0 1 0 0 1
19 19 uniform 3 23 198 3 0.001 0.42769527119272027 0.70023884090048083 0.018344348681880077 0.31045173951275146 2.0561544312380402 0.31412060924912749 0 -0.13797545025488178 1.5434242745266906 OK 13 12 0.36674800000000002 0.28890700000000002 0.067856 0.29747200000000001 0.17902999999999999 0 0.069276000000000004 0.10987700000000003 0.067856 0.0090550000000000005 0.0089700000000000005 0.0084690000000000008 0.046232999999999982 0.086802000000000018 0.04587200000000001 0.0022230000000000001 0.002284 0.0021689999999999999 0.00056599999999999999 0.00056599999999999999 0.00055600000000000007 1.5434238832077385 1.5434238832077385 1.5434238832077385 0.0013189479227870894 0.0013189479227870894 0.0013189479227870894 1 1 1 Converged Converged Converged OK OK OK 45 45 45 45 45 45 3 3 3 0 0 0 0 1 0 0 1
19 19 uniform 3 0 198 0 0.0001 0.42769527119272027 0.70023884090048083 0.018344348681880077 0.31045173951275146 2.0561544312380402 0.30678286977637542 0 -0.13063771078212971 1.37980490094412 OK 13 12 0.40999999999999998 0.40864299999999998 0.109043 0.30056500000000003 0.299591 0 0.10943499999999995 0.10905199999999998 0.109043 0.0098049999999999995 0.009835 0.0095530000000000007 0.072162999999999977 0.072204999999999991 0.072096000000000007 0.0038300000000000005 0.0038019999999999998 0.0037569999999999999 0.0008070000000000001 0.00080300000000000011 0.00078400000000000008 1.3798048867725194 1.3798048867725194 1.3798048867725194 2.4322531897588923e-05 2.4322531897588923e-05 2.4322531897588923e-05 1 1 1 Converged Converged Converged OK OK OK 77 77 77 77 77 77 3 3 3 0 0 0 0 0 1 0 0
19 19 uniform 3 7 198 1 0.0001 0.42769527119272027 0.70023884090048083 0.018344348681880077 0.31045173951275146 2.0561544312380402 0.30901609483329995 0 -0.13287093583905424 1.4061210133606097 OK 13 12 0.405806 0.37769200000000003 0.111265 0.29303800000000002 0.182888 0 0.11276799999999998 0.19480400000000003 0.111265 0.0087899999999999992 0.0088280000000000008 0.0082880000000000002 0.080209000000000016 0.16190500000000002 0.079691999999999985 0.0038139999999999997 0.0039090000000000001 0.0037979999999999997 0.00078700000000000005 0.00081599999999999999 0.00076800000000000002 1.4061209913850701 1.4061209913850701 1.4061209913850701 2.4618990693802863e-05 2.4618990693802863e-05 2.4618990693802863e-05 1 1 1 Converged Converged Converged OK OK OK 77 77 77 77 77 77 3 3 3 0 0 0 0 1 0 0 1
19 19 uniform 3 15 198 2 0.0001 0.42769527119272027 0.70023884090048083 0.018344348681880077 0.31045173951275146 2.0561544312380402 0.31156835204121375 0 -0.13542319304696804 1.448809610530204 OK 13 12 0.40328000000000003 0.36489899999999997 0.112205 0.28962500000000002 0.176756 0 0.11365500000000001 0.18814299999999998 0.112205 0.0088470000000000007 0.0088739999999999999 0.0082780000000000006 0.081013000000000002 0.15527599999999997 0.080602000000000007 0.0038930000000000002 0.00398 0.0039909999999999998 0.00080899999999999993 0.00078399999999999997 0.00078800000000000007 1.4488095522240398 1.4488095522240398 1.4488095522240398 2.4957378914166752e-05 2.4957378914166752e-05 2.4957378914166752e-05 1 1 1 Converged Converged Converged OK OK OK 77 77 77 77 77 77 3 3 3 0 0 0 0 1 0 0 1
19 19 uniform 3 23 198 3 0.0001 0.42769527119272027 0.70023884090048083 0.018344348681880077 0.31045173951275146 2.0561544312380402 0.31412060924912749 0 -0.13797545025488178 1.5434242745266906 OK 13 12 0.41002100000000002 0.36271900000000001 0.109543 0.29910900000000001 0.181893 0 0.11091200000000001 0.18082600000000001 0.109543 0.0091439999999999994 0.0091190000000000004 0.0085009999999999999 0.077713999999999991 0.14782000000000003 0.077739000000000016 0.0039060000000000002 0.0039459999999999999 0.0038560000000000001 0.00082600000000000002 0.00080799999999999991 0.00079000000000000001 1.5434239593127153 1.5434239593127153 1.5434239593127153 2.7033246906102023e-05 2.7033246906102023e-05 2.7033246906102023e-05 1 1 1 Converged Converged Converged OK OK OK 77 77 77 77 77 77 3 3 3 0 0 0 0 1 0 0 1
19 19 uniform 4 0 199 0 0.001 0.42769527119272027 0.70023884090048083 0.018344348681880077 0.30298872927848702 2.0620839407459601 0.29931985954211099 0 -0.12317470054786528 1.3174952024276863 OK 13 12 0.36579099999999998 0.36359999999999998 0.070041000000000006 0.294877 0.292709 0 0.070913999999999977 0.070890999999999982 0.070041000000000006 0.0096229999999999996 0.0096819999999999996 0.0092980000000000007 0.045444999999999999 0.045708000000000006 0.045350999999999975 0.0021419999999999998 0.0021449999999999998 0.0021549999999999998 0.00055699999999999999 0.00055800000000000001 0.00054500000000000002 1.3174951913435533 1.3174951913435533 1.3174951913435533 0.00046825076973711446 0.00046825076973711446 0.00046825076973711446 1 1 1 Converged Converged Converged OK OK OK 45 45 45 45 45 45 3 3 3 0 0 0 0 0 1 0 0
19 19 uniform 4 7 199 1 0.001 0.42769527119272027 0.70023884090048083 0.018344348681880077 0.30298872927848702 2.0620839407459601 0.30155308459903551 0 -0.1254079256047898 1.3298224087974519 OK 13 12 0.36699199999999998 0.293512 0.072054000000000007 0.29391899999999999 0.17722299999999999 0 0.073072999999999999 0.116289 0.072054000000000007 0.0089890000000000005 0.0089960000000000005 0.0084530000000000004 0.050417999999999998 0.093623999999999971 0.050120000000000012 0.0021079999999999996 0.0021999999999999997 0.0021329999999999999 0.00055000000000000003 0.00055300000000000011 0.00053199999999999992 1.3298223975312924 1.3298223975312924 1.3298223975312924 0.0004744183737839755 0.0004744183737839755 0.0004744183737839755 1 1 1 Converged Converged Converged OK OK OK 45 45 45 45 45 45 3 3 3 0 0 0 0 1 0 0 1
19 19 uniform 4 15 199 2 0.001 0.42769527119272027 0.70023884090048083 0.018344348681880077 0.30298872927848702 2.0620839407459601 0.30410534180694931 0 -0.1279601828127036 1.3461695177350876 OK 13 12 0.37120199999999998 0.29369099999999998 0.068846000000000004 0.30109999999999998 0.18444099999999999 0 0.070101999999999998 0.10924999999999999 0.068846000000000004 0.0089529999999999992 0.009025 0.0084600000000000005 0.047170000000000017 0.086215 0.046890000000000001 0.0021549999999999998 0.0022529999999999998 0.0021450000000000002 0.00056599999999999999 0.00057799999999999995 0.000531 1.3461695062085164 1.3461695062085164 1.3461695062085164 0.00048349941128002818 0.00048349941128002818 0.00048349941128002818 1 1 1 Converged Converged Converged OK OK OK 45 45 45 45 45 45 3 3 3 0 0 0 0 1 0 0 1
19 19 uniform 4 23 199 3 0.001 0.42769527119272027 0.70023884090048083 0.018344348681880077 0.30298872927848702 2.0620839407459601 0.30665759901486306 0 -0.13051244002061735 1.3658505701618551 OK 13 12 0.38606000000000001 0.30185299999999998 0.069025000000000003 0.31551000000000001 0.190411 0 0.070550000000000002 0.11144199999999999 0.069025000000000003 0.0087399999999999995 0.0089110000000000005 0.0081919999999999996 0.047796000000000005 0.088881000000000002 0.047511000000000005 0.0021840000000000002 0.002163 0.0021159999999999998 0.00056300000000000002 0.00054900000000000001 0.00053600000000000002 1.3658505582902234 1.3658505582902234 1.3658505582902234 0.00049628062287284075 0.00049628062287284075 0.00049628062287284075 1 1 1 Converged Converged Converged OK OK OK 45 45 45 45 45 45 3 3 3 0 0 0 0 1 0 0 1
19 19 uniform 4 0 199 0 0.0001 0.42769527119272027 0.70023884090048083 0.018344348681880077 0.30298872927848702 2.0620839407459601 0.29931985954211099 0 -0.12317470054786528 1.3174952024276863 OK 13 12 0.38142599999999999 0.386299 0.087986999999999996 0.29253899999999999 0.29729299999999997 0 0.088886999999999994 0.08900600000000003 0.087986999999999996 0.0097529999999999995 0.0098410000000000008 0.0093679999999999996 0.05751400000000001 0.057599999999999991 0.057272000000000003 0.0030349999999999999 0.0030539999999999999 0.0030089999999999995 0.00068400000000000015 0.000687 0.00066699999999999995 1.3174951913509141 1.3174951913509141 1.3174951913509141 0.00010693682487251938 0.00010693682487251938 0.00010693682487251938 1 1 1 Converged Converged Converged OK OK OK 61 61 61 61 61 61 3 3 3 0 0 0 0 0 1 0 0
19 19 uniform 4 7 199 1 0.0001 0.42769527119272027 0.70023884090048083 0.018344348681880077 0.30298872927848702 2.0620839407459601 0.30155308459903551 0 -0.1254079256047898 1.3298224087974519 OK 13 12 0.38881300000000002 0.32688499999999998 0.090203000000000005 0.29733700000000002 0.178423 0 0.091476000000000002 0.14846199999999998 0.090203000000000005 0.0090900000000000009 0.0090379999999999992 0.0084159999999999999 0.063733999999999999 0.12060699999999999 0.063428999999999999 0.002941 0.003039 0.0028970000000000003 0.00066500000000000001 0.00067299999999999999 0.00066100000000000013 1.3298223975386612 1.3298223975386612 1.3298223975386612 0.00011310833572788212 0.00011310833572788212 0.00011310833572788212 1 1 1 Converged Converged Converged OK OK OK 61 61 61 61 61 61 3 3 3 0 0 0 0 1 0 0 1
19 19 uniform 4 15 199 2 0.0001 0.42769527119272027 0.70023884090048083 0.018344348681880077 0.30298872927848702 2.0620839407459601 0.30410534180694931 0 -0.1279601828127036 1.3461695177350876 OK 13 12 0.39063500000000001 0.32434800000000003 0.085532999999999998 0.303311 0.18432100000000001 0 0.087324000000000013 0.14002700000000001 0.085532999999999998 0.0090060000000000001 0.0091199999999999996 0.0084449999999999994 0.059134999999999993 0.11200199999999998 0.058623000000000022 0.0031780000000000003 0.0031009999999999996 0.0030039999999999997 0.00068599999999999998 0.00067099999999999994 0.00065900000000000008 1.3461695062158729 1.3461695062158729 1.3461695062158729 0.00012219387079291424 0.00012219387079291424 0.00012219387079291424 1 1 1 Converged Converged Converged OK OK OK 61 61 61 61 61 61 3 3 3 0 0 0 0 1 0 0 1
19 19 uniform 4 23 199 3 0.0001 0.42769527119272027 0.70023884090048083 0.018344348681880077 0.30298872927848702 2.0620839407459601 0.30665759901486306 0 -0.13051244002061735 1.3658505701618551 OK 13 12 0.40173300000000001 0.333403 0.087051000000000003 0.312888 0.189801 0 0.088845000000000007 0.14360200000000001 0.087051000000000003 0.0087889999999999999 0.0088830000000000003 0.00826 0.06098000000000002 0.11604899999999999 0.060527999999999992 0.0029690000000000003 0.0030079999999999998 0.0029260000000000002 0.00069699999999999992 0.00067000000000000002 0.00065299999999999993 1.3658505582975859 1.3658505582975859 1.3658505582975859 0.00013497961477366673 0.00013497961477366673 0.00013497961477366673 1 1 1 Converged Converged Converged OK OK OK 61 61 61 61 61 61 3 3 3 0 0 0 0 1 0 0 1
20 20 linear 0 0 200 0 0.001 0.27685494333976751 0.15304274477389759 0.0018548886023307715 2.4529313039593954 -2.3563540678233594 2.4525603262389293 0.5 -2.4158135181739357 3.1677855233502639 OK 13 12 1.047909 1.0393429999999999 0.23238800000000001 0.81162100000000004 0.80000400000000005 0 0.23628799999999994 0.23933899999999986 0.23238800000000001 0.010097 0.0098799999999999999 0.0098300000000000002 0.19515799999999994 0.19909700000000002 0.1922580000000001 0.0045849999999999997 0.0042329999999999998 0.0040470000000000002 0.0011100000000000001 0.0011199999999999999 0.0011440000000000001 3.1677702450514822 3.1677702450514822 3.1677702450514822 0.0021463123040799175 0.0021463123040799175 0.0021463123040799175 1 1 1 Converged Converged Converged OK OK OK 89 89 89 89 89 89 7 7 7 0 0 0 0 0 1 0 0
20 20 linear 0 7 200 1 0.001 0.27685494333976751 0.15304274477389759 0.0018548886023307715 2.4529313039593954 -2.3563540678233594 2.4527861387644303 0.5 -2.4160393306994368 3.1187839707203802 OK 13 12 0.93114300000000005 0.94847800000000004 0.21480299999999999 0.70653500000000002 0.623359 0 0.22460800000000003 0.32511900000000005 0.21480299999999999 0.0089009999999999992 0.0089060000000000007 0.0083110000000000007 0.18335800000000002 0.28838100000000011 0.17962800000000001 0.0045330000000000006 0.0045780000000000005 0.0046540000000000002 0.0010450000000000001 0.0010739999999999999 0.0011329999999999999 3.1187849008958088 3.1187849008958297 3.1187849008958088 0.0022675298247486647 0.0022675298247972144 0.0022675298247486647 1 1 1 Converged Converged Converged OK OK OK 97 97 97 97 97 97 7 7 7 0 0 0 0 1 0 0 1
20 20 linear 0 15 200 2 0.001 0.27685494333976751 0.15304274477389759 0.0018548886023307715 2.4529313039593954 -2.3563540678233594 2.4530442102221461 0.5 -2.4162974021571526 3.0590776991579061 OK 13 12 0.84023700000000001 0.900057 0.23017099999999999 0.60559600000000002 0.62231899999999996 0 0.23464099999999999 0.27773800000000004 0.23017099999999999 0.0089149999999999993 0.0088739999999999999 0.0083160000000000005 0.202123 0.24557299999999996 0.19908499999999998 0.0039830000000000004 0.0041009999999999996 0.004052 0.0010789999999999999 0.001042 0.0010959999999999998 3.0590859152471803 3.0590859152472332 3.0590859152471803 0.0028917933049535643 0.0028917933049015247 0.0028917933049535643 1 1 1 Converged Converged Converged OK OK OK 89 89 89 89 89 89 7 7 7 0 0 0 0 1 0 0 1
20 20 linear 0 23 200 3 0.001 0.27685494333976751 0.15304274477389759 0.0018548886023307715 2.4529313039593954 -2.3563540678233594 2.4533022816798615 0.5 -2.416555473614868 2.9961930087887705 OK 13 12 0.84689700000000001 0.87321199999999999 0.217198 0.62628099999999998 0.58540599999999998 0 0.22061600000000003 0.28780600000000001 0.217198 0.0089809999999999994 0.0089849999999999999 0.0083320000000000009 0.18850300000000003 0.25565199999999993 0.18605800000000011 0.0039869999999999992 0.0043309999999999998 0.0041790000000000004 0.0010430000000000001 0.00099400000000000009 0.00099799999999999997 2.9962047748864067 2.9962047748863982 2.9962047748864067 0.0027669108180787424 0.0027669108180411314 0.0027669108180787424 1 1 1 Converged Converged Converged OK OK OK 89 89 89 89 89 89 7 7 7 0 0 0 0 1 0 0 1
20 20 linear 0 0 200 0 0.0001 0.27685494333976751 0.15304274477389759 0.0018548886023307715 2.4529313039593954 -2.3563540678233594 2.4525603262389293 0.5 -2.4158135181739357 3.1677855233502639 OK 13 12 1.1417029999999999 1.122762 0.31723600000000002 0.81220400000000004 0.80175099999999999 0 0.32949899999999988 0.32101100000000005 0.31723600000000002 0.010848999999999999 0.0099229999999999995 0.0094479999999999998 0.27476299999999987 0.26681599999999989 0.26449300000000003 0.0057759999999999999 0.0060530000000000002 0.0058200000000000014 0.0014610000000000001 0.001457 0.0014240000000000001 3.1677702880719876 3.1677702880719876 3.1677702880719876 0.0001206816416945647 0.0001206816416945647 0.0001206816416945647 1 1 1 Converged Converged Converged OK OK OK 121 121 121 121 121 121 7 7 7 0 0 0 0 0 1 0 0
20 20 linear 0 7 200 1 0.0001 0.27685494333976751 0.15304274477389759 0.0018548886023307715 2.4529313039593954 -2.3563540678233594 2.4527861387644303 0.5 -2.4160393306994368 3.1187839707203802 OK 13 12 0.96675299999999997 0.98491200000000001 0.24779399999999999 0.71456500000000001 0.62221300000000002 0 0.25218799999999997 0.36269899999999999 0.24779399999999999 0.0087790000000000003 0.0090670000000000004 0.008378 0.21368099999999998 0.32275000000000009 0.21010199999999996 0.0051650000000000012 0.0056309999999999997 0.0051580000000000011 0.0012880000000000001 0.0013720000000000002 0.001281 3.1187830736131641 3.1187830736132205 3.1187830736131641 0.00030356644738595897 0.00030356644740229746 0.00030356644738595897 1 1 1 Converged Converged Converged OK OK OK 113 113 113 113 113 113 7 7 7 0 0 0 0 1 0 0 1
20 20 linear 0 15 200 2 0.0001 0.27685494333976751 0.15304274477389759 0.0018548886023307715 2.4529313039593954 -2.3563540678233594 2.4530442102221461 0.5 -2.4162974021571526 3.0590776991579061 OK 13 12 0.88048899999999997 0.96853800000000001 0.274978 0.60443199999999997 0.62547399999999997 0 0.276057 0.34306400000000004 0.274978 0.008966 0.0089730000000000001 0.0083140000000000002 0.23672599999999994 0.30448400000000003 0.23735400000000009 0.0055410000000000008 0.0050940000000000004 0.0051580000000000003 0.0012929999999999999 0.0012850000000000001 0.0012650000000000001 3.0590829210704191 3.0590829210704271 3.0590829210704191 0.00021075708311207427 0.00021075708316720945 0.00021075708311207427 1 1 1 Converged Converged Converged OK OK OK 113 113 113 113 113 113 7 7 7 0 0 0 0 1 0 0 1
20 20 linear 0 23 200 3 0.0001 0.27685494333976751 0.15304274477389759 0.0018548886023307715 2.4529313039593954 -2.3563540678233594 2.4533022816798615 0.5 -2.416555473614868 2.9961930087887705 OK 13 12 0.882243 0.94700099999999998 0.253415 0.626475 0.583839 0 0.255768 0.36316199999999998 0.253415 0.0089149999999999993 0.0088950000000000001 0.0083230000000000005 0.21672899999999992 0.32402200000000003 0.21531300000000003 0.0054289999999999998 0.0054620000000000007 0.0052579999999999997 0.0013090000000000001 0.0013299999999999998 0.0013849999999999999 2.9962021508836374 2.9962021508836254 2.9962021508836374 0.00015478320191516463 0.0001547832018743983 0.00015478320191516463 1 1 1 Converged Converged Converged OK OK OK 113 113 113 113 113 113 7 7 7 0 0 0 0 1 0 0 1
20 20 linear 1 0 201 0 0.001 0.27685494333976751 0.15304274477389759 0.0018548886023307715 2.4483395764070166 -2.3518492124779424 2.4479685986865505 0.5 -2.4112217906215569 2.328663721104637 OK 13 12 0.70186599999999999 0.69764099999999996 0.19283800000000001 0.49917099999999998 0.49921900000000002 0 0.20269500000000001 0.19842199999999993 0.19283800000000001 0.010151 0.010292000000000001 0.010178 0.16543099999999991 0.16135300000000005 0.15602200000000005 0.0037239999999999999 0.0036669999999999997 0.0037529999999999998 0.00084500000000000005 0.00083500000000000002 0.000803 2.3286769614524361 2.3286769614524361 2.3286769614524361 0.0017127793453021113 0.0017127793453021113 0.0017127793453021113 1 1 1 Converged Converged Converged OK OK OK 82 82 82 82 82 82 6 6 6 0 0 0 0 0 1 0 0
20 20 linear 1 7 201 1 0.001 0.27685494333976751 0.15304274477389759 0.0018548886023307715 2.4483395764070166 -2.3518492124779424 2.4481944112120515 0.5 -2.411447603147058 2.2020005262318145 OK 13 12 0.68015300000000001 0.68462599999999996 0.18299699999999999 0.49335299999999999 0.36308299999999999 0 0.18680000000000002 0.32154299999999997 0.18299699999999999 0.0093489999999999997 0.010619 0.0087740000000000005 0.15563200000000002 0.28809699999999994 0.15279699999999993 0.0037550000000000001 0.0038479999999999999 0.0037990000000000003 0.00084500000000000005 0.00085699999999999991 0.00086599999999999991 2.2020064914850979 2.2020064914850241 2.2020064914850979 0.0020658094986037707 0.0020658094984712487 0.0020658094986037707 1 1 1 Converged Converged Converged OK OK OK 82 82 82 82 82 82 6 6 6 0 0 0 0 1 0 0 1
20 20 linear 1 15 201 2 0.001 0.27685494333976751 0.15304274477389759 0.0018548886023307715 2.4483395764070166 -2.3518492124779424 2.4484524826697673 0.5 -2.4117056746047738 2.0118784462667363 OK 13 12 0.68337199999999998 0.67157500000000003 0.203623 0.47588200000000003 0.35397899999999999 0 0.20748999999999995 0.31759600000000004 0.203623 0.0092899999999999996 0.010429000000000001 0.0087270000000000004 0.17354600000000001 0.28181 0.17088299999999998 0.0039979999999999998 0.0041289999999999999 0.0039559999999999994 0.00094900000000000019 0.00099200000000000004 0.00094800000000000006 2.0118905495988706 2.0118905495988355 2.0118905495988706 0.001141253972781856 0.0011412539726787438 0.001141253972781856 1 1 1 Converged Converged Converged OK OK OK 90 90 90 90 90 90 6 6 6 0 0 0 0 1 0 0 1
20 20 linear 1 23 201 3 0.001 0.27685494333976751 0.15304274477389759 0.0018548886023307715 2.4483395764070166 -2.3518492124779424 2.4487105541274827 0.5 -2.4119637460624892 1.7224127290585314 OK 14 13 0.73906700000000003 0.721217 0.22833600000000001 0.50464200000000003 0.362234 0 0.23442499999999999 0.358983 0.22833600000000001 0.012178 0.012151 0.01188 0.19158500000000001 0.31639799999999985 0.18648000000000009 0.0050629999999999998 0.0050280000000000004 0.0050799999999999994 0.0010509999999999999 0.001091 0.0011199999999999999 1.7223998227632951 1.7223998227632951 1.7223998227632951 0.0006543705818278314 0.0006543705818278314 0.0006543705818278314 1 1 1 Converged Converged Converged OK OK OK 99 99 99 99 99 99 5 5 5 0 0 0 0 1 0 0 1
20 20 linear 1 0 201 0 0.0001 0.27685494333976751 0.15304274477389759 0.0018548886023307715 2.4483395764070166 -2.3518492124779424 2.4479685986865505 0.5 -2.4112217906215569 2.328663721104637 OK 13 12 0.76936599999999999 0.76403200000000004 0.25780799999999998 0.501355 0.50476900000000002 0 0.268011 0.25926300000000002 0.25780799999999998 0.010521000000000001 0.010114 0.0098799999999999999 0.21690000000000004 0.209782 0.20836500000000005 0.0057450000000000001 0.0052420000000000001 0.0053159999999999995 0.001304 0.001209 0.001206 2.3286761766242448 2.3286761766242448 2.3286761766242448 7.930461379408309e-05 7.930461379408309e-05 7.930461379408309e-05 1 1 1 Converged Converged Converged OK OK OK 114 114 114 114 114 114 6 6 6 0 0 0 0 0 1 0 0
20 20 linear 1 7 201 1 0.0001 0.27685494333976751 0.15304274477389759 0.0018548886023307715 2.4483395764070166 -2.3518492124779424 2.4481944112120515 0.5 -2.411447603147058 2.2020005262318145 OK 13 12 0.76000400000000001 0.73371500000000001 0.26232299999999997 0.49315599999999998 0.35453600000000002 0 0.26684800000000003 0.37917899999999999 0.26232299999999997 0.0092589999999999999 0.0091999999999999998 0.0087770000000000001 0.22690399999999997 0.33931100000000014 0.22331999999999991 0.0053589999999999992 0.0055799999999999999 0.005455999999999999 0.0012099999999999999 0.0011620000000000001 0.0012460000000000001 2.2020055383398698 2.2020055383398787 2.2020055383398698 0.00011166403418516747 0.00011166403411205246 0.00011166403418516747 1 1 1 Converged Converged Converged OK OK OK 114 114 114 114 114 114 6 6 6 0 0 0 0 1 0 0 1
20 20 linear 1 15 201 2 0.0001 0.27685494333976751 0.15304274477389759 0.0018548886023307715 2.4483395764070166 -2.3518492124779424 2.4484524826697673 0.5 -2.4117056746047738 2.0118784462667363 OK 13 12 0.73081600000000002 0.73561200000000004 0.25359500000000001 0.47644399999999998 0.34431299999999998 0 0.25437200000000004 0.39129900000000006 0.25359500000000001 0.0092390000000000007 0.0093769999999999999 0.0087889999999999999 0.21430299999999994 0.35115400000000008 0.21467999999999995 0.0054190000000000002 0.0054580000000000002 0.0053309999999999998 0.0012239999999999998 0.0012519999999999999 0.001224 2.0118903848180922 2.0118903848180572 2.0118903848180922 9.5410058582662602e-05 9.5410058479550585e-05 9.5410058582662602e-05 1 1 1 Converged Converged Converged OK OK OK 114 114 114 114 114 114 6 6 6 0 0 0 0 1 0 0 1
20 20 linear 1 23 201 3 0.0001 0.27685494333976751 0.15304274477389759 0.0018548886023307715 2.4483395764070166 -2.3518492124779424 2.4487105541274827 0.5 -2.4119637460624892 1.7224127290585314 OK 14 13 0.78897200000000001 0.81094100000000002 0.27589200000000003 0.50724400000000003 0.35807600000000001 0 0.28172799999999998 0.45286500000000002 0.27589200000000003 0.012302 0.01218 0.011521999999999999 0.23133399999999985 0.40241600000000011 0.2273950000000001 0.0065690000000000002 0.0065180000000000012 0.0064180000000000001 0.0014419999999999999 0.0014339999999999999 0.001415 1.7223997533908482 1.7223997533908482 1.7223997533908482 4.3836960945477428e-06 4.3836960945477428e-06 4.3836960945477428e-06 1 1 1 Converged Converged Converged OK OK OK 123 123 123 123 123 123 5 5 5 0 0 0 0 1 0 0 1
20 20 linear 2 0 202 0 0.001 0.27685494333976751 0.15304274477389759 0.0018548886023307715 2.4456805318593098 -2.3537274921977591 2.4453095541388437 0.5 -2.4085627460738501 1.5476763278880963 OK 13 12 0.44352200000000003 0.44289699999999999 0.11559700000000001 0.32816400000000001 0.32971499999999998 0 0.11535800000000002 0.113182 0.11559700000000001 0.010289 0.010104999999999999 0.0098209999999999999 0.082770999999999997 0.080887999999999988 0.084016000000000007 0.0032630000000000003 0.0033479999999999998 0.0031869999999999997 0.00079900000000000001 0.0007980000000000001 0.00079600000000000005 1.5476750903208694 1.5476750903208694 1.5476750903208694 0.0010926686688978698 0.0010926686688978698 0.0010926686688978698 1 1 1 Converged Converged Converged OK OK OK 61 61 61 61 61 61 3 3 3 0 0 0 0 0 1 0 0
20 20 linear 2 7 202 1 0.001 0.27685494333976751 0.15304274477389759 0.0018548886023307715 2.4456805318593098 -2.3537274921977591 2.4455353666643447 0.5 -2.4087885585993511 1.6561020356430896 OK 14 13 0.52391600000000005 0.54446300000000003 0.15528400000000001 0.36119299999999999 0.23125399999999999 0 0.16272300000000006 0.31320900000000007 0.15528400000000001 0.012629 0.012598 0.012522999999999999 0.12499499999999999 0.27561999999999998 0.11808700000000005 0.0039870000000000001 0.0040299999999999997 0.0041099999999999999 0.00088500000000000004 0.00091799999999999998 0.00094600000000000001 1.6560962012764804 1.6560962012764804 1.6560962012764804 0.0016424153771611172 0.0016424153771611172 0.0016424153771611172 1 1 1 Converged Converged Converged OK OK OK 76 76 76 76 76 76 4 4 4 0 0 0 0 1 0 0 1
20 20 linear 2 15 202 2 0.001 0.27685494333976751 0.15304274477389759 0.0018548886023307715 2.4456805318593098 -2.3537274921977591 2.4457934381220605 0.5 -2.409046630057067 1.9909540055921124 OK 13 12 0.55663499999999999 0.50653599999999999 0.18612699999999999 0.36635800000000002 0.21234800000000001 0 0.19027699999999997 0.29418800000000001 0.18612699999999999 0.0098420000000000001 0.0096699999999999998 0.0089809999999999994 0.15710399999999988 0.26119699999999996 0.15458000000000002 0.0037250000000000004 0.0038340000000000002 0.003617 0.00094000000000000008 0.00097999999999999997 0.00093799999999999992 1.9909609544316378 1.9909609544316378 1.9909609544316378 0.00065277578612805672 0.00065277578612805672 0.00065277578612805672 1 1 1 Converged Converged Converged OK OK OK 83 83 83 83 83 83 5 5 5 0 0 0 0 1 0 0 1
20 20 linear 2 23 202 3 0.001 0.27685494333976751 0.15304274477389759 0.0018548886023307715 2.4456805318593098 -2.3537274921977591 2.4460515095797759 0.5 -2.4093047015147824 2.2486531491814765 OK 13 12 0.525644 0.43373699999999998 0.16068399999999999 0.36195699999999997 0.21618200000000001 0 0.16368700000000003 0.21755499999999997 0.16068399999999999 0.0092370000000000004 0.0095530000000000007 0.0089370000000000005 0.135986 0.18952700000000006 0.13365300000000002 0.0031460000000000004 0.003153 0.0031810000000000002 0.00084999999999999995 0.00084000000000000003 0.00083900000000000001 2.2486575949191501 2.2486575949191296 2.2486575949191501 0.0020426838530489201 0.00204268385299917 0.0020426838530489201 1 1 1 Converged Converged Converged OK OK OK 74 74 74 74 74 74 6 6 6 0 0 0 0 1 0 0 1
20 20 linear 2 0 202 0 0.0001 0.27685494333976751 0.15304274477389759 0.0018548886023307715 2.4456805318593098 -2.3537274921977591 2.4453095541388437 0.5 -2.4085627460738501 1.5476763278880963 OK 13 12 0.50695400000000002 0.51178100000000004 0.17851400000000001 0.32556800000000002 0.33197300000000002 0 0.18138599999999999 0.17980800000000002 0.17851400000000001 0.010274 0.010177 0.010057999999999999 0.13716000000000009 0.13558000000000003 0.13452999999999998 0.0047980000000000002 0.0051120000000000002 0.0050410000000000003 0.001013 0.0010520000000000002 0.0010219999999999999 1.5476750878368963 1.5476750878368963 1.5476750878368963 6.5926706771805553e-08 6.5926706771805553e-08 6.5926706771805553e-08 1 1 1 Converged Converged Converged OK OK OK 93 93 93 93 93 93 3 3 3 0 0 0 0 0 1 0 0
20 20 linear 2 7 202 1 0.0001 0.27685494333976751 0.15304274477389759 0.0018548886023307715 2.4456805318593098 -2.3537274921977591 2.4455353666643447 0.5 -2.4087885585993511 1.6561020356430896 OK 14 13 0.58792500000000003 0.657389 0.21873699999999999 0.36516599999999999 0.23475199999999999 0 0.22275900000000004 0.42263700000000004 0.21873699999999999 0.012763 0.012795000000000001 0.01234 0.174375 0.37334200000000023 0.17108200000000001 0.0058999999999999999 0.0063109999999999998 0.0060049999999999999 0.0012490000000000001 0.0013409999999999997 0.0012199999999999999 1.6560961980888624 1.6560961980888624 1.6560961980888624 8.798768022652506e-05 8.798768022652506e-05 8.798768022652506e-05 1 1 1 Converged Converged Converged OK OK OK 108 108 108 108 108 108 4 4 4 0 0 0 0 1 0 0 1
20 20 linear 2 15 202 2 0.0001 0.27685494333976751 0.15304274477389759 0.0018548886023307715 2.4456805318593098 -2.3537274921977591 2.4457934381220605 0.5 -2.409046630057067 1.9909540055921124 OK 13 12 0.61627900000000002 0.61630099999999999 0.24377099999999999 0.36402899999999999 0.21542700000000001 0 0.25225000000000003 0.40087399999999995 0.24377099999999999 0.0096930000000000002 0.0098150000000000008 0.0091640000000000003 0.21047299999999985 0.35788199999999998 0.20240700000000009 0.0054070000000000003 0.00611 0.0057859999999999995 0.0011630000000000002 0.0011870000000000001 0.0012100000000000001 1.9909604677480068 1.9909604677480068 1.9909604677480068 0.00018262412147760295 0.00018262412147760295 0.00018262412147760295 1 1 1 Converged Converged Converged OK OK OK 115 115 115 115 115 115 5 5 5 0 0 0 0 1 0 0 1
20 20 linear 2 23 202 3 0.0001 0.27685494333976751 0.15304274477389759 0.0018548886023307715 2.4456805318593098 -2.3537274921977591 2.4460515095797759 0.5 -2.4093047015147824 2.2486531491814765 OK 13 12 0.58725300000000002 0.55454400000000004 0.214249 0.36267700000000003 0.21965799999999999 0 0.224576 0.33488600000000002 0.214249 0.013528 0.0093980000000000001 0.0089149999999999993 0.18187400000000004 0.296431 0.1773580000000001 0.0051099999999999991 0.0051009999999999996 0.004895 0.0011899999999999999 0.0011349999999999999 0.0011299999999999999 2.248657595976757 2.248657595976737 2.248657595976757 0.00014728594545603923 0.00014728594540628899 0.00014728594545603923 1 1 1 Converged Converged Converged OK OK OK 106 106 106 106 106 106 6 6 6 0 0 0 0 1 0 0 1
20 20 linear 3 0 203 0 0.001 0.27685494333976751 0.15304274477389759 0.0018548886023307715 2.454831997628272 2.3594361288862316 2.4544610199078059 0.5 -2.4177142118428123 1.4874382527336609 OK 13 12 0.71010700000000004 0.71984800000000004 0.122473 0.58508300000000002 0.59215799999999996 0 0.12502400000000002 0.12769000000000008 0.122473 0.0094400000000000005 0.010751 0.0091409999999999998 0.093735000000000013 0.094776999999999972 0.091901000000000024 0.003212 0.0033629999999999997 0.0032330000000000002 0.000687 0.00072999999999999996 0.00067299999999999999 1.4874372688668454 1.4874372688668454 1.4874372688668454 0.00079775591091607383 0.00079775591091607383 0.00079775591091607383 1 1 1 Converged Converged Converged OK OK OK 61 61 61 61 61 61 3 3 3 0 0 0 0 0 1 0 0
20 20 linear 3 7 203 1 0.001 0.27685494333976751 0.15304274477389759 0.0018548886023307715 2.454831997628272 2.3594361288862316 2.4546868324333069 0.5 -2.4179400243683133 1.4910816673117224 OK 13 12 0.69845699999999999 0.68915599999999999 0.112952 0.58218499999999995 0.45416499999999999 0 0.11627200000000004 0.23499100000000001 0.112952 0.008711 0.0089720000000000008 0.0082000000000000007 0.088338 0.20321400000000012 0.085960999999999982 0.0031550000000000003 0.0033829999999999997 0.003222 0.00069800000000000005 0.00071199999999999996 0.00069400000000000006 1.4910806879377589 1.4910806879377589 1.4910806879377589 0.00080007186907968318 0.00080007186907968318 0.00080007186907968318 1 1 1 Converged Converged Converged OK OK OK 61 61 61 61 61 61 3 3 3 0 0 0 0 1 0 0 1
20 20 linear 3 15 203 2 0.001 0.27685494333976751 0.15304274477389759 0.0018548886023307715 2.454831997628272 2.3594361288862316 2.4549449038910227 0.5 -2.4181980958260292 1.4954543533079676 OK 13 12 0.58642799999999995 0.56584299999999998 0.11997099999999999 0.46298400000000001 0.33776099999999998 0 0.12344399999999994 0.22808200000000001 0.11997099999999999 0.0088269999999999998 0.0089040000000000005 0.0082120000000000005 0.095429999999999987 0.19965199999999997 0.093162999999999968 0.0031639999999999997 0.00332 0.0031590000000000003 0.00070300000000000007 0.00070399999999999998 0.00068800000000000003 1.4954533642880956 1.4954533642880956 1.4954533642880956 0.00080208036085739588 0.00080208036085739588 0.00080208036085739588 1 1 1 Converged Converged Converged OK OK OK 61 61 61 61 61 61 3 3 3 0 0 0 0 1 0 0 1
20 20 linear 3 23 203 3 0.001 0.27685494333976751 0.15304274477389759 0.0018548886023307715 2.454831997628272 2.3594361288862316 2.4552029753487381 0.5 -2.4184561672837446 1.4999420646200385 OK 13 12 0.69508300000000001 0.66956300000000002 0.12937199999999999 0.56243100000000001 0.43360199999999999 0 0.13265199999999999 0.23596100000000003 0.12937199999999999 0.0087139999999999995 0.0089040000000000005 0.008182 0.10472600000000001 0.20746500000000001 0.10273000000000002 0.0031960000000000001 0.0034029999999999998 0.0030869999999999999 0.00070999999999999991 0.00075799999999999999 0.00068300000000000001 1.4999410761731307 1.4999410761731307 1.4999410761731307 0.0008147384431574804 0.0008147384431574804 0.0008147384431574804 1 1 1 Converged Converged Converged OK OK OK 61 61 61 61 61 61 3 3 3 0 0 0 0 1 0 0 1
20 20 linear 3 0 203 0 0.0001 0.27685494333976751 0.15304274477389759 0.0018548886023307715 2.454831997628272 2.3594361288862316 2.4544610199078059 0.5 -2.4177142118428123 1.4874382527336609 OK 13 12 0.78473300000000001 0.78222400000000003 0.19570100000000001 0.58150500000000005 0.58172599999999997 0 0.20322799999999996 0.20049800000000007 0.19570100000000001 0.0095519999999999997 0.0095309999999999995 0.0091959999999999993 0.15936900000000001 0.15713699999999997 0.15266099999999999 0.0050559999999999997 0.0049839999999999997 0.0051130000000000004 0.00091199999999999994 0.00092100000000000005 0.00090800000000000006 1.487437267925293 1.487437267925293 1.487437267925293 3.2461095000835647e-08 3.2461095000835647e-08 3.2461095000835647e-08 1 1 1 Converged Converged Converged OK OK OK 93 93 93 93 93 93 3 3 3 0 0 0 0 0 1 0 0
20 20 linear 3 7 203 1 0.0001 0.27685494333976751 0.15304274477389759 0.0018548886023307715 2.454831997628272 2.3594361288862316 2.4546868324333069 0.5 -2.4179400243683133 1.4910816673117224 OK 13 12 0.76647100000000001 0.788601 0.183807 0.57858600000000004 0.44579200000000002 0 0.18788499999999997 0.34280899999999997 0.183807 0.0088179999999999994 0.0088030000000000001 0.0082719999999999998 0.15001499999999995 0.30464300000000011 0.14705000000000007 0.0049570000000000005 0.0050330000000000001 0.0048719999999999996 0.00094499999999999988 0.00095200000000000005 0.00090899999999999998 1.4910806868282263 1.4910806868282263 1.4910806868282263 3.4766958610373228e-08 3.4766958610373228e-08 3.4766958610373228e-08 1 1 1 Converged Converged Converged OK OK OK 93 93 93 93 93 93 3 3 3 0 0 0 0 1 0 0 1
20 20 linear 3 15 203 2 0.0001 0.27685494333976751 0.15304274477389759 0.0018548886023307715 2.454831997628272 2.3594361288862316 2.4549449038910227 0.5 -2.4181980958260292 1.4954543533079676 OK 13 12 0.66690000000000005 0.677929 0.20341100000000001 0.46398499999999998 0.33526400000000001 0 0.20291500000000007 0.342665 0.20341100000000001 0.0087869999999999997 0.0088319999999999996 0.0082019999999999992 0.16489599999999996 0.30464500000000011 0.16675499999999999 0.0049619999999999994 0.0049620000000000003 0.0048589999999999996 0.00092899999999999992 0.00093199999999999999 0.00090699999999999993 1.4954533629712132 1.4954533629712132 1.4954533629712132 3.7578103568762259e-08 3.7578103568762259e-08 3.7578103568762259e-08 1 1 1 Converged Converged Converged OK OK OK 93 93 93 93 93 93 3 3 3 0 0 0 0 1 0 0 1
20 20 linear 3 23 203 3 0.0001 0.27685494333976751 0.15304274477389759 0.0018548886023307715 2.454831997628272 2.3594361288862316 2.4552029753487381 0.5 -2.4184561672837446 1.4999420646200385 OK 13 12 0.77064500000000002 0.78251099999999996 0.205509 0.56055600000000005 0.43815799999999999 0 0.21008899999999997 0.34435299999999996 0.205509 0.0088100000000000001 0.0087790000000000003 0.0083009999999999994 0.172183 0.30621900000000007 0.16870400000000002 0.0048990000000000006 0.0050289999999999996 0.0048899999999999994 0.00092599999999999996 0.00092400000000000002 0.00092200000000000008 1.4999410746356798 1.4999410746356798 1.4999410746356798 4.0542381529330403e-08 4.0542381529330403e-08 4.0542381529330403e-08 1 1 1 Converged Converged Converged OK OK OK 93 93 93 93 93 93 3 3 3 0 0 0 0 1 0 0 1
20 20 linear 4 0 204 0 0.001 0.27685494333976751 0.15304274477389759 0.0018548886023307715 2.4495444318805224 2.3504170338969814 2.4491734541600563 0.5 -2.4124266460950627 1.4004318482063562 OK 13 12 0.57432899999999998 0.572048 0.13276199999999999 0.44357799999999997 0.443411 0 0.13075100000000001 0.128637 0.13276199999999999 0.0094509999999999993 0.0094330000000000004 0.010311000000000001 0.099280999999999966 0.097530000000000019 0.10036900000000001 0.0032009999999999999 0.0031209999999999996 0.0031359999999999999 0.00069700000000000003 0.00067999999999999994 0.00069799999999999994 1.40043097898584 1.40043097898584 1.40043097898584 0.00071492426323579343 0.00071492426323579343 0.00071492426323579343 1 1 1 Converged Converged Converged OK OK OK 61 61 61 61 61 61 3 3 3 0 0 0 0 0 1 0 0
20 20 linear 4 7 204 1 0.001 0.27685494333976751 0.15304274477389759 0.0018548886023307715 2.4495444318805224 2.3504170338969814 2.4493992666855573 0.5 -2.4126524586205638 1.3835175656108338 OK 13 12 0.63910299999999998 0.57083200000000001 0.128521 0.50684099999999999 0.33815600000000001 0 0.13226199999999999 0.23267599999999999 0.128521 0.0088389999999999996 0.0087189999999999993 0.0082950000000000003 0.10408899999999999 0.20484099999999997 0.10169099999999992 0.0031029999999999999 0.0031670000000000001 0.0030749999999999996 0.00070399999999999998 0.00070700000000000005 0.000696 1.3835167171582259 1.3835167171582259 1.3835167171582259 0.0006728479918780998 0.0006728479918780998 0.0006728479918780998 1 1 1 Converged Converged Converged OK OK OK 61 61 61 61 61 61 3 3 3 0 0 0 0 1 0 0 1
20 20 linear 4 15 204 2 0.001 0.27685494333976751 0.15304274477389759 0.0018548886023307715 2.4495444318805224 2.3504170338969814 2.4496573381432731 0.5 -2.4129105300782796 1.367125062402295 OK 13 12 0.60648599999999997 0.554921 0.13968900000000001 0.46303899999999998 0.33089499999999999 0 0.14344699999999999 0.224026 0.13968900000000001 0.0087880000000000007 0.0088319999999999996 0.0082470000000000009 0.11524999999999999 0.195996 0.11281600000000007 0.0031829999999999996 0.0032259999999999997 0.0031379999999999997 0.00069200000000000002 0.00071400000000000001 0.00067900000000000002 1.3671242415694429 1.3671242415694429 1.3671242415694429 0.00063459901162420389 0.00063459901162420389 0.00063459901162420389 1 1 1 Converged Converged Converged OK OK OK 61 61 61 61 61 61 3 3 3 0 0 0 0 1 0 0 1
20 20 linear 4 23 204 3 0.001 0.27685494333976751 0.15304274477389759 0.0018548886023307715 2.4495444318805224 2.3504170338969814 2.4499154096009885 0.5 -2.413168601535995 1.3531741346827693 OK 13 12 0.59396800000000005 0.55641499999999999 0.12395299999999999 0.46684599999999998 0.33607399999999998 0 0.12712200000000007 0.22034100000000001 0.12395299999999999 0.00877 0.0087659999999999995 0.0082310000000000005 0.099011999999999975 0.19229099999999999 0.097095999999999988 0.0033149999999999998 0.0032669999999999999 0.0031999999999999997 0.00075299999999999998 0.00073700000000000002 0.00074100000000000001 1.3531733447934811 1.3531733447934811 1.3531733447934811 0.00060389531954846453 0.00060389531954846453 0.00060389531954846453 1 1 1 Converged Converged Converged OK OK OK 61 61 61 61 61 61 3 3 3 0 0 0 0 1 0 0 1
20 20 linear 4 0 204 0 0.0001 0.27685494333976751 0.15304274477389759 0.0018548886023307715 2.4495444318805224 2.3504170338969814 2.4491734541600563 0.5 -2.4124266460950627 1.4004318482063562 OK 13 12 0.66230800000000001 0.65381599999999995 0.213447 0.444911 0.43676700000000002 0 0.21739700000000001 0.21704899999999994 0.213447 0.0094579999999999994 0.0094669999999999997 0.0089910000000000007 0.17391899999999999 0.17357500000000006 0.17078499999999996 0.0049590000000000007 0.0049200000000000008 0.0048910000000000004 0.00094499999999999998 0.00091500000000000001 0.00094300000000000004 1.4004309805058071 1.4004309805058071 1.4004309805058071 8.3837171309028043e-09 8.3837171309028043e-09 8.3837171309028043e-09 1 1 1 Converged Converged Converged OK OK OK 93 93 93 93 93 93 3 3 3 0 0 0 0 0 1 0 0
20 20 linear 4 7 204 1 0.0001 0.27685494333976751 0.15304274477389759 0.0018548886023307715 2.4495444318805224 2.3504170338969814 2.4493992666855573 0.5 -2.4126524586205638 1.3835175656108338 OK 13 12 0.72300900000000001 0.68276000000000003 0.21421999999999999 0.50895699999999999 0.33479500000000001 0 0.21405200000000002 0.34796500000000002 0.21421999999999999 0.0088409999999999999 0.0088739999999999999 0.0082869999999999992 0.17615099999999997 0.30975500000000006 0.17275100000000007 0.0049099999999999994 0.004986 0.0048640000000000003 0.00091399999999999999 0.00091600000000000004 0.00092100000000000005 1.3835167183673758 1.3835167183673758 1.3835167183673758 7.6302178488949647e-09 7.6302178488949647e-09 7.6302178488949647e-09 1 1 1 Converged Converged Converged OK OK OK 93 93 93 93 93 93 3 3 3 0 0 0 0 1 0 0 1
20 20 linear 4 15 204 2 0.0001 0.27685494333976751 0.15304274477389759 0.0018548886023307715 2.4495444318805224 2.3504170338969814 2.4496573381432731 0.5 -2.4129105300782796 1.367125062402295 OK 13 12 0.69800099999999998 0.65722100000000006 0.234958 0.45955600000000002 0.32876 0 0.23844499999999996 0.32846100000000006 0.234958 0.0087840000000000001 0.0087760000000000008 0.0082609999999999992 0.20029800000000006 0.29052500000000003 0.197875 0.0050299999999999997 0.0050400000000000002 0.0050159999999999996 0.00092000000000000003 0.00094300000000000004 0.00088400000000000002 1.3671242425608725 1.3671242425608725 1.3671242425608725 6.984089906695556e-09 6.984089906695556e-09 6.984089906695556e-09 1 1 1 Converged Converged Converged OK OK OK 93 93 93 93 93 93 3 3 3 0 0 0 0 1 0 0 1
20 20 linear 4 23 204 3 0.0001 0.27685494333976751 0.15304274477389759 0.0018548886023307715 2.4495444318805224 2.3504170338969814 2.4499154096009885 0.5 -2.413168601535995 1.3531741346827693 OK 13 12 0.68039099999999997 0.66314499999999998 0.207867 0.46527099999999999 0.334368 0 0.21511999999999998 0.32877699999999999 0.207867 0.0087749999999999998 0.0087779999999999993 0.0083269999999999993 0.17719000000000001 0.29053899999999999 0.17105800000000007 0.0050179999999999999 0.0050979999999999992 0.0047620000000000006 0.0010020000000000001 0.0010069999999999999 0.00099500000000000001 1.3531733456393789 1.3531733456393789 1.3531733456393789 6.4939551144981591e-09 6.4939551144981591e-09 6.4939551144981591e-09 1 1 1 Converged Converged Converged OK OK OK 93 93 93 93 93 93 3 3 3 0 0 0 0 1 0 0 1
20 20 uniform 0 0 205 0 0.001 0.27685494333976751 0.15304274477389759 0.0018548886023307715 2.4529313039593954 -2.3563540678233594 2.4525603262389293 0 -2.4158135181739357 3.1088962408029266 OK 13 12 1.004777 1.0053179999999999 0.201042 0.80515000000000003 0.80537000000000003 0 0.199627 0.1999479999999999 0.201042 0.0097619999999999998 0.0096849999999999992 0.0095099999999999994 0.16303699999999996 0.163462 0.16418799999999997 0.0032330000000000002 0.003444 0.0034480000000000001 0.00091399999999999999 0.00087700000000000007 0.00097299999999999991 3.1088939135402902 3.1088939135402902 3.1088939135402902 0.0020739753624548305 0.0020739753624548305 0.0020739753624548305 1 1 1 Converged Converged Converged OK OK OK 81 81 81 81 81 81 7 7 7 0 0 0 0 0 1 0 0
20 20 uniform 0 7 205 1 0.001 0.27685494333976751 0.15304274477389759 0.0018548886023307715 2.4529313039593954 -2.3563540678233594 2.4527861387644303 0 -2.4160393306994368 3.058305972086913 OK 13 12 0.88257099999999999 0.86530600000000002 0.17330899999999999 0.70735999999999999 0.62025699999999995 0 0.17521100000000001 0.24504900000000007 0.17330899999999999 0.0089429999999999996 0.0091470000000000006 0.0083669999999999994 0.14622299999999999 0.21567700000000004 0.14520899999999992 0.0032459999999999998 0.003418 0.0032939999999999996 0.00090100000000000011 0.00090600000000000012 0.00084599999999999996 3.0583062865116775 3.0583062865116863 3.0583062865116775 0.0024784627635648219 0.0024784627636026653 0.0024784627635648219 1 1 1 Converged Converged Converged OK OK OK 81 81 81 81 81 81 7 7 7 0 0 0 0 1 0 0 1
20 20 uniform 0 15 205 2 0.001 0.27685494333976751 0.15304274477389759 0.0018548886023307715 2.4529313039593954 -2.3563540678233594 2.4530442102221461 0 -2.4162974021571526 2.9981250681955984 OK 13 12 0.81622799999999995 0.87889799999999996 0.21071400000000001 0.60414199999999996 0.62402100000000005 0 0.212086 0.25487699999999991 0.21071400000000001 0.0088999999999999999 0.0090969999999999992 0.0082360000000000003 0.1789949999999999 0.22132200000000007 0.17897200000000002 0.0036999999999999997 0.003895 0.0037239999999999999 0.001034 0.0010530000000000001 0.00098499999999999998 2.9981271886096597 2.9981271886096974 2.9981271886096597 0.0013549011163188909 0.0013549011162786589 0.0013549011163188909 1 1 1 Converged Converged Converged OK OK OK 89 89 89 89 89 89 7 7 7 0 0 0 0 1 0 0 1
20 20 uniform 0 23 205 3 0.001 0.27685494333976751 0.15304274477389759 0.0018548886023307715 2.4529313039593954 -2.3563540678233594 2.4533022816798615 0 -2.416555473614868 2.9360078982756272 OK 13 12 0.81504900000000002 0.83886899999999998 0.18575 0.62646500000000005 0.578407 0 0.18858399999999997 0.26046199999999997 0.18575 0.0088489999999999992 0.0089910000000000007 0.0083660000000000002 0.15892500000000007 0.23059200000000002 0.15725 0.0032849999999999997 0.0034030000000000002 0.0032500000000000003 0.00084699999999999999 0.00088200000000000008 0.00083100000000000003 2.9360182210058374 2.9360182210058317 2.9360182210058374 0.0023768664251298467 0.0023768664250955205 0.0023768664251298467 1 1 1 Converged Converged Converged OK OK OK 81 81 81 81 81 81 7 7 7 0 0 0 0 1 0 0 1
20 20 uniform 0 0 205 0 0.0001 0.27685494333976751 0.15304274477389759 0.0018548886023307715 2.4529313039593954 -2.3563540678233594 2.4525603262389293 0 -2.4158135181739357 3.1088962408029266 OK 13 12 1.040575 1.0362340000000001 0.23526 0.80807600000000002 0.80391800000000002 0 0.23249900000000001 0.23231600000000008 0.23526 0.0098700000000000003 0.010044000000000001 0.0095420000000000001 0.18584400000000006 0.18628900000000007 0.18968699999999997 0.0046030000000000003 0.0045299999999999993 0.0044320000000000002 0.0012539999999999999 0.0012130000000000001 0.0012390000000000001 3.1088970533321838 3.1088970533321838 3.1088970533321838 0.00016190099283269632 0.00016190099283269632 0.00016190099283269632 1 1 1 Converged Converged Converged OK OK OK 105 105 105 105 105 105 7 7 7 0 0 0 0 0 1 0 0
20 20 uniform 0 7 205 1 0.0001 0.27685494333976751 0.15304274477389759 0.0018548886023307715 2.4529313039593954 -2.3563540678233594 2.4527861387644303 0 -2.4160393306994368 3.058305972086913 OK 13 12 0.93361899999999998 0.958731 0.22323999999999999 0.70723599999999998 0.62210500000000002 0 0.226383 0.33662599999999998 0.22323999999999999 0.0089409999999999993 0.0089499999999999996 0.0084349999999999998 0.18570700000000001 0.29686999999999986 0.184862 0.0051250000000000002 0.0048469999999999997 0.0047359999999999989 0.001335 0.001279 0.001237 3.0583068662699122 3.0583068662699424 3.0583068662699122 0.00010998964510060857 0.00010998964511338905 0.00010998964510060857 1 1 1 Converged Converged Converged OK OK OK 113 113 113 113 113 113 7 7 7 0 0 0 0 1 0 0 1
20 20 uniform 0 15 205 2 0.0001 0.27685494333976751 0.15304274477389759 0.0018548886023307715 2.4529313039593954 -2.3563540678233594 2.4530442102221461 0 -2.4162974021571526 2.9981250681955984 OK 13 12 0.85230799999999995 0.94056799999999996 0.244972 0.60038999999999998 0.62262600000000001 0 0.25191799999999998 0.31794199999999995 0.244972 0.0088900000000000003 0.0088769999999999995 0.0082830000000000004 0.20865900000000007 0.27967900000000007 0.20795500000000003 0.0051029999999999999 0.0048789999999999997 0.0049259999999999998 0.0012000000000000001 0.0012520000000000001 0.0012259999999999999 2.9981258291460962 2.9981258291461037 2.9981258291460962 9.2349319705967313e-05 9.2349319669113886e-05 9.2349319705967313e-05 1 1 1 Converged Converged Converged OK OK OK 113 113 113 113 113 113 7 7 7 0 0 0 0 1 0 0 1
20 20 uniform 0 23 205 3 0.0001 0.27685494333976751 0.15304274477389759 0.0018548886023307715 2.4529313039593954 -2.3563540678233594 2.4533022816798615 0 -2.416555473614868 2.9360078982756272 OK 13 12 0.84702999999999995 0.91986400000000001 0.22484000000000001 0.62030099999999999 0.58311299999999999 0 0.22672899999999996 0.33675100000000002 0.22484000000000001 0.0089230000000000004 0.0090469999999999995 0.0082889999999999995 0.18865300000000007 0.29837899999999989 0.18811400000000009 0.0049489999999999994 0.0049570000000000005 0.0047189999999999992 0.001232 0.0012410000000000001 0.001225 2.9360086369036384 2.9360086369036318 2.9360086369036384 7.4159911788490039e-05 7.4159911757771448e-05 7.4159911788490039e-05 1 1 1 Converged Converged Converged OK OK OK 113 113 113 113 113 113 7 7 7 0 0 0 0 1 0 0 1
20 20 uniform 1 0 206 0 0.001 0.27685494333976751 0.15304274477389759 0.0018548886023307715 2.4483395764070166 -2.3518492124779424 2.4479685986865505 0 -2.4112217906215569 2.3547441617514817 OK 13 12 0.66521600000000003 0.65798599999999996 0.15729099999999999 0.50196799999999997 0.50006099999999998 0 0.16324800000000006 0.15792499999999998 0.15729099999999999 0.010781000000000001 0.010562 0.010167000000000001 0.13077300000000003 0.12695800000000002 0.12671400000000002 0.0028590000000000004 0.0025230000000000001 0.0025099999999999996 0.00080100000000000006 0.00068099999999999996 0.00068099999999999996 2.3547445620997238 2.3547445620997238 2.3547445620997238 0.00091219589777488533 0.00091219589777488533 0.00091219589777488533 1 1 1 Converged Converged Converged OK OK OK 66 66 66 66 66 66 6 6 6 0 0 0 0 0 1 0 0
20 20 uniform 1 7 206 1 0.001 0.27685494333976751 0.15304274477389759 0.0018548886023307715 2.4483395764070166 -2.3518492124779424 2.4481944112120515 0 -2.411447603147058 2.2544785155892275 OK 13 12 0.64314400000000005 0.57131500000000002 0.14725199999999999 0.49251 0.35714899999999999 0 0.15063400000000005 0.21416600000000002 0.14725199999999999 0.0094560000000000009 0.0093720000000000001 0.0088909999999999996 0.12390900000000001 0.18822999999999998 0.12267699999999995 0.002722 0.0027100000000000002 0.0025219999999999999 0.000767 0.00062299999999999996 0.000611 2.2544792987403759 2.2544792987403159 2.2544792987403759 0.0012612180148789433 0.0012612180147887446 0.0012612180148789433 1 1 1 Converged Converged Converged OK OK OK 66 66 66 66 66 66 6 6 6 0 0 0 0 1 0 0 1
20 20 uniform 1 15 206 2 0.001 0.27685494333976751 0.15304274477389759 0.0018548886023307715 2.4483395764070166 -2.3518492124779424 2.4484524826697673 0 -2.4117056746047738 2.0898489422552133 OK 13 12 0.63026899999999997 0.55588300000000002 0.151951 0.47964699999999999 0.34110000000000001 0 0.15062199999999998 0.214783 0.151951 0.0092980000000000007 0.0092339999999999992 0.0087580000000000002 0.12486899999999999 0.18905600000000006 0.12730900000000003 0.0026910000000000002 0.002699 0.0026059999999999998 0.00063400000000000001 0.00062500000000000001 0.00060700000000000012 2.0898516497248929 2.0898516497248982 2.0898516497248929 0.0020768298492841735 0.0020768298495220231 0.0020768298492841735 1 1 1 Converged Converged Converged OK OK OK 66 66 66 66 66 66 6 6 6 0 0 0 0 1 0 0 1
20 20 uniform 1 23 206 3 0.001 0.27685494333976751 0.15304274477389759 0.0018548886023307715 2.4483395764070166 -2.3518492124779424 2.4487105541274827 0 -2.4119637460624892 1.7832238652136525 OK 14 13 0.65809600000000001 0.59982100000000005 0.152585 0.50365599999999999 0.35364600000000002 0 0.15444000000000002 0.24617500000000003 0.152585 0.012407 0.012198000000000001 0.011498 0.122227 0.21439599999999998 0.12205300000000002 0.0030139999999999998 0.002967 0.0029970000000000001 0.00085900000000000006 0.00080400000000000003 0.00081800000000000015 1.7832239269868739 1.7832239269868739 1.7832239269868739 0.0016468885258716065 0.0016468885258716065 0.0016468885258716065 1 1 1 Converged Converged Converged OK OK OK 67 67 67 67 67 67 5 5 5 0 0 0 0 1 0 0 1
20 20 uniform 1 0 206 0 0.0001 0.27685494333976751 0.15304274477389759 0.0018548886023307715 2.4483395764070166 -2.3518492124779424 2.4479685986865505 0 -2.4112217906215569 2.3547441617514817 OK 13 12 0.69950900000000005 0.69071700000000003 0.187642 0.50981600000000005 0.50193399999999999 0 0.189693 0.18878300000000003 0.187642 0.010277 0.01031 0.010043 0.14958000000000002 0.14868900000000004 0.14850100000000002 0.003699 0.0037779999999999997 0.0035999999999999999 0.00099899999999999989 0.00096699999999999998 0.00096400000000000001 2.3547442082478103 2.3547442082478103 2.3547442082478103 0.0002116235433396529 0.0002116235433396529 0.0002116235433396529 1 1 1 Converged Converged Converged OK OK OK 90 90 90 90 90 90 6 6 6 0 0 0 0 0 1 0 0
20 20 uniform 1 7 206 1 0.0001 0.27685494333976751 0.15304274477389759 0.0018548886023307715 2.4483395764070166 -2.3518492124779424 2.4481944112120515 0 -2.411447603147058 2.2544785155892275 OK 13 12 0.69733699999999998 0.66831200000000002 0.196718 0.49434 0.35931400000000002 0 0.20299699999999998 0.30899799999999999 0.196718 0.012815 0.0092960000000000004 0.0088610000000000008 0.16399699999999998 0.27371999999999991 0.16227500000000009 0.0040040000000000006 0.0040840000000000008 0.0039649999999999998 0.0010220000000000001 0.0010130000000000002 0.0010350000000000001 2.2544784971708949 2.2544784971708993 2.2544784971708949 0.00010881151961325783 0.00010881151956629889 0.00010881151961325783 1 1 1 Converged Converged Converged OK OK OK 98 98 98 98 98 98 6 6 6 0 0 0 0 1 0 0 1
20 20 uniform 1 15 206 2 0.0001 0.27685494333976751 0.15304274477389759 0.0018548886023307715 2.4483395764070166 -2.3518492124779424 2.4484524826697673 0 -2.4117056746047738 2.0898489422552133 OK 13 12 0.71233500000000005 0.70195200000000002 0.23668800000000001 0.47820299999999999 0.340924 0 0.23413200000000006 0.36102800000000002 0.23668800000000001 0.0092619999999999994 0.0092549999999999993 0.0086829999999999997 0.19517200000000018 0.317994 0.19879800000000009 0.0048699999999999993 0.0049310000000000005 0.0049589999999999999 0.0011720000000000001 0.0053200000000000009 0.0011170000000000002 2.0898492289683381 2.089849228968284 2.0898492289683381 4.4623928987108061e-05 4.4623929065313637e-05 4.4623928987108061e-05 1 1 1 Converged Converged Converged OK OK OK 114 114 114 114 114 114 6 6 6 0 0 0 0 1 0 0 1
20 20 uniform 1 23 206 3 0.0001 0.27685494333976751 0.15304274477389759 0.0018548886023307715 2.4483395764070166 -2.3518492124779424 2.4487105541274827 0 -2.4119637460624892 1.7832238652136525 OK 14 13 0.72751299999999997 0.72575100000000003 0.221916 0.50500100000000003 0.35751300000000003 0 0.22251199999999993 0.36823800000000001 0.221916 0.011984 0.012021 0.011668 0.18030900000000005 0.32588699999999998 0.18042499999999997 0.0051529999999999996 0.0051840000000000002 0.005215 0.0012340000000000001 0.0012389999999999999 0.0012499999999999998 1.7832235632414846 1.7832235632414846 1.7832235632414846 4.5218531788387875e-05 4.5218531788387875e-05 4.5218531788387875e-05 1 1 1 Converged Converged Converged OK OK OK 107 107 107 107 107 107 5 5 5 0 0 0 0 1 0 0 1
20 20 uniform 2 0 207 0 0.001 0.27685494333976751 0.15304274477389759 0.0018548886023307715 2.4456805318593098 -2.3537274921977591 2.4453095541388437 0 -2.4085627460738501 1.5543977531693096 OK 13 12 0.41037499999999999 0.40888600000000003 0.082003000000000006 0.32745000000000002 0.32572800000000002 0 0.082924999999999971 0.08315800000000001 0.082003000000000006 0.010326 0.010239 0.010088 0.056208999999999988 0.056649999999999999 0.056070000000000002 0.0021900000000000001 0.0024510000000000001 0.0021999999999999997 0.00065300000000000004 0.00066 0.00065200000000000002 1.5543976976740983 1.5543976976740983 1.5543976976740983 0.00065340496360382879 0.00065340496360382879 0.00065340496360382879 1 1 1 Converged Converged Converged OK OK OK 45 45 45 45 45 45 3 3 3 0 0 0 0 0 1 0 0
20 20 uniform 2 7 207 1 0.001 0.27685494333976751 0.15304274477389759 0.0018548886023307715 2.4456805318593098 -2.3537274921977591 2.4455353666643447 0 -2.4087885585993511 1.6921263074207795 OK 14 13 0.48815199999999997 0.47508699999999998 0.123166 0.36339900000000003 0.23604800000000001 0 0.12475299999999995 0.23903899999999997 0.123166 0.012481000000000001 0.012659999999999999 0.012262 0.091643000000000002 0.20548799999999998 0.091236999999999985 0.0031089999999999998 0.0032000000000000002 0.0029810000000000001 0.00086799999999999996 0.00083799999999999999 0.000803 1.6921259340524981 1.6921259340524981 1.6921259340524981 0.00088369340484099131 0.00088369340484099131 0.00088369340484099131 1 1 1 Converged Converged Converged OK OK OK 60 60 60 60 60 60 4 4 4 0 0 0 0 1 0 0 1
20 20 uniform 2 15 207 2 0.001 0.27685494333976751 0.15304274477389759 0.0018548886023307715 2.4456805318593098 -2.3537274921977591 2.4457934381220605 0 -2.409046630057067 2.075310415654072 OK 13 12 0.51296799999999998 0.44009399999999999 0.14580599999999999 0.36549799999999999 0.215392 0 0.14746999999999999 0.22470199999999999 0.14580599999999999 0.0096299999999999997 0.0098379999999999995 0.0091090000000000008 0.11976500000000001 0.19646800000000003 0.11928099999999997 0.002725 0.0029280000000000005 0.0026129999999999999 0.00080099999999999995 0.00089999999999999998 0.000776 2.075311562998114 2.075311562998114 2.075311562998114 0.0011904246980885599 0.0011904246980885599 0.0011904246980885599 1 1 1 Converged Converged Converged OK OK OK 67 67 67 67 67 67 5 5 5 0 0 0 0 1 0 0 1
20 20 uniform 2 23 207 3 0.001 0.27685494333976751 0.15304274477389759 0.0018548886023307715 2.4456805318593098 -2.3537274921977591 2.4460515095797759 0 -2.4093047015147824 2.3155670858179636 OK 13 12 0.511127 0.42444999999999999 0.14690700000000001 0.36293599999999998 0.21676699999999999 0 0.14819100000000002 0.20768300000000001 0.14690700000000001 0.0094289999999999999 0.0095639999999999996 0.0089820000000000004 0.119551 0.17837299999999995 0.11915799999999997 0.003009 0.0033280000000000002 0.00296 0.00080700000000000021 0.001016 0.00087199999999999995 2.3155674065241176 2.3155674065241083 2.3155674065241176 0.0006900221233244638 0.00069002212325752418 0.0006900221233244638 1 1 1 Converged Converged Converged OK OK OK 74 74 74 74 74 74 6 6 6 0 0 0 0 1 0 0 1
20 20 uniform 2 0 207 0 0.0001 0.27685494333976751 0.15304274477389759 0.0018548886023307715 2.4456805318593098 -2.3537274921977591 2.4453095541388437 0 -2.4085627460738501 1.5543977531693096 OK 13 12 0.460843 0.46550900000000001 0.13193299999999999 0.32591999999999999 0.33405400000000002 0 0.13492300000000002 0.13145499999999999 0.13193299999999999 0.010227 0.010142999999999999 0.0099270000000000001 0.096703000000000025 0.09343700000000002 0.094276000000000013 0.0039779999999999998 0.0041190000000000003 0.0039310000000000005 0.00094699999999999993 0.00094499999999999998 0.00089000000000000017 1.5543976965401531 1.5543976965401531 1.5543976965401531 3.8404160031684322e-05 3.8404160031684322e-05 3.8404160031684322e-05 1 1 1 Converged Converged Converged OK OK OK 77 77 77 77 77 77 3 3 3 0 0 0 0 0 1 0 0
20 20 uniform 2 7 207 1 0.0001 0.27685494333976751 0.15304274477389759 0.0018548886023307715 2.4456805318593098 -2.3537274921977591 2.4455353666643447 0 -2.4087885585993511 1.6921263074207795 OK 14 13 0.52828900000000001 0.58580399999999999 0.16788500000000001 0.36209400000000003 0.23463999999999999 0 0.16619499999999998 0.35116400000000003 0.16788500000000001 0.012876 0.012708000000000001 0.012349000000000001 0.12279900000000001 0.30767300000000009 0.12585200000000002 0.0048710000000000003 0.004934 0.0046870000000000002 0.001157 0.0010969999999999999 0.00108 1.6921259325631959 1.6921259325631959 1.6921259325631959 0.00011929659895512197 0.00011929659895512197 0.00011929659895512197 1 1 1 Converged Converged Converged OK OK OK 92 92 92 92 92 92 4 4 4 0 0 0 0 1 0 0 1
20 20 uniform 2 15 207 2 0.0001 0.27685494333976751 0.15304274477389759 0.0018548886023307715 2.4456805318593098 -2.3537274921977591 2.4457934381220605 0 -2.409046630057067 2.075310415654072 OK 13 12 0.55812399999999995 0.54284100000000002 0.185667 0.36593599999999998 0.215446 0 0.19218799999999997 0.32739499999999999 0.185667 0.0097230000000000007 0.0098930000000000008 0.0093100000000000006 0.15575500000000003 0.29039199999999993 0.15051700000000001 0.0043429999999999996 0.004529 0.0043100000000000005 0.001098 0.0011299999999999999 0.0011019999999999999 2.0753107531063435 2.0753107531063435 2.0753107531063435 0.00016830819769819862 0.00016830819769819862 0.00016830819769819862 1 1 1 Converged Converged Converged OK OK OK 99 99 99 99 99 99 5 5 5 0 0 0 0 1 0 0 1
20 20 uniform 2 23 207 3 0.0001 0.27685494333976751 0.15304274477389759 0.0018548886023307715 2.4456805318593098 -2.3537274921977591 2.4460515095797759 0 -2.4093047015147824 2.3155670858179636 OK 13 12 0.55249199999999998 0.51028099999999998 0.18917700000000001 0.360873 0.21349899999999999 0 0.19161899999999998 0.29678199999999999 0.18917700000000001 0.0094470000000000005 0.0094610000000000007 0.0088339999999999998 0.15405000000000005 0.25958300000000006 0.15330799999999989 0.0046499999999999996 0.0046279999999999993 0.0045019999999999999 0.001108 0.0010329999999999998 0.0010809999999999999 2.3155675406531619 2.3155675406531921 2.3155675406531619 9.2244849629407363e-05 9.224484963383538e-05 9.2244849629407363e-05 1 1 1 Converged Converged Converged OK OK OK 106 106 106 106 106 106 6 6 6 0 0 0 0 1 0 0 1
20 20 uniform 3 0 208 0 0.001 0.27685494333976751 0.15304274477389759 0.0018548886023307715 2.454831997628272 2.3594361288862316 2.4544610199078059 0 -2.4177142118428123 1.4903263036374883 OK 13 12 0.67813100000000004 0.67842100000000005 0.093215000000000006 0.58375299999999997 0.58362700000000001 0 0.094378000000000073 0.094794000000000045 0.093215000000000006 0.0095429999999999994 0.0095639999999999996 0.0092010000000000008 0.068556000000000006 0.068907999999999983 0.068307999999999994 0.0022860000000000003 0.002395 0.002225 0.00057400000000000007 0.00056900000000000006 0.00054799999999999998 1.4903262862898172 1.4903262862898172 1.4903262862898172 0.00056189643951959508 0.00056189643951959508 0.00056189643951959508 1 1 1 Converged Converged Converged OK OK OK 45 45 45 45 45 45 3 3 3 0 0 0 0 0 1 0 0
20 20 uniform 3 7 208 1 0.001 0.27685494333976751 0.15304274477389759 0.0018548886023307715 2.454831997628272 2.3594361288862316 2.4546868324333069 0 -2.4179400243683133 1.4941594920203609 OK 13 12 0.66626300000000005 0.60940899999999998 0.082852999999999996 0.58144799999999996 0.44870900000000002 0 0.084815000000000085 0.16069999999999995 0.082852999999999996 0.0087460000000000003 0.0088459999999999997 0.0082319999999999997 0.061741999999999998 0.13780000000000001 0.061087000000000002 0.0022229999999999997 0.0022690000000000002 0.002166 0.00057700000000000004 0.00056099999999999998 0.00054600000000000004 1.4941594736776156 1.4941594736776156 1.4941594736776156 0.00056602399373892787 0.00056602399373892787 0.00056602399373892787 1 1 1 Converged Converged Converged OK OK OK 45 45 45 45 45 45 3 3 3 0 0 0 0 1 0 0 1
20 20 uniform 3 15 208 2 0.001 0.27685494333976751 0.15304274477389759 0.0018548886023307715 2.454831997628272 2.3594361288862316 2.4549449038910227 0 -2.4181980958260292 1.4987527742914384 OK 13 12 0.556423 0.49478800000000001 0.091726000000000002 0.463092 0.33047300000000002 0 0.093330999999999997 0.16431499999999999 0.091726000000000002 0.0087969999999999993 0.0087449999999999993 0.0082170000000000003 0.070481000000000002 0.14157099999999997 0.069902000000000006 0.0022040000000000002 0.0023319999999999999 0.0021970000000000002 0.00055800000000000001 0.00055100000000000006 0.00055099999999999995 1.4987527553703712 1.4987527553703712 1.4987527553703712 0.0005705365197449996 0.0005705365197449996 0.0005705365197449996 1 1 1 Converged Converged Converged OK OK OK 45 45 45 45 45 45 3 3 3 0 0 0 0 1 0 0 1
20 20 uniform 3 23 208 3 0.001 0.27685494333976751 0.15304274477389759 0.0018548886023307715 2.454831997628272 2.3594361288862316 2.4552029753487381 0 -2.4184561672837446 1.5034582055930183 OK 13 12 0.66036300000000003 0.60426000000000002 0.103063 0.55960699999999997 0.43533699999999997 0 0.10075600000000007 0.16892300000000005 0.103063 0.0086449999999999999 0.0088900000000000003 0.0082260000000000007 0.078322000000000044 0.14618999999999996 0.08144400000000003 0.0021749999999999999 0.0023059999999999999 0.0021950000000000003 0.00055400000000000002 0.00055699999999999999 0.00053700000000000004 1.5034581846180042 1.5034581846180042 1.5034581846180042 0.00057459662125717811 0.00057459662125717811 0.00057459662125717811 1 1 1 Converged Converged Converged OK OK OK 45 45 45 45 45 45 3 3 3 0 0 0 0 1 0 0 1
20 20 uniform 3 0 208 0 0.0001 0.27685494333976751 0.15304274477389759 0.0018548886023307715 2.454831997628272 2.3594361288862316 2.4544610199078059 0 -2.4177142118428123 1.4903263036374883 OK 13 12 0.71840400000000004 0.72253100000000003 0.136434 0.58061399999999996 0.58538800000000002 0 0.13779000000000008 0.13714300000000001 0.136434 0.0096220000000000003 0.0094520000000000003 0.0090779999999999993 0.10026400000000001 0.10054300000000002 0.10004399999999998 0.0039560000000000003 0.0038489999999999996 0.003869 0.00080100000000000006 0.00081299999999999992 0.00077799999999999994 1.4903262862784645 1.4903262862784645 1.4903262862784645 4.6001064468308813e-05 4.6001064468308813e-05 4.6001064468308813e-05 1 1 1 Converged Converged Converged OK OK OK 77 77 77 77 77 77 3 3 3 0 0 0 0 0 1 0 0
20 20 uniform 3 7 208 1 0.0001 0.27685494333976751 0.15304274477389759 0.0018548886023307715 2.454831997628272 2.3594361288862316 2.4546868324333069 0 -2.4179400243683133 1.4941594920203609 OK 13 12 0.71168600000000004 0.72362000000000004 0.12550600000000001 0.58106500000000005 0.44799699999999998 0 0.13062099999999999 0.27562300000000006 0.12550600000000001 0.0087410000000000005 0.0088280000000000008 0.0082900000000000005 0.097430000000000017 0.24272399999999997 0.093859999999999985 0.003993 0.0039940000000000002 0.0038600000000000001 0.000794 0.00082600000000000013 0.00075200000000000006 1.494159473676526 1.494159473676526 1.494159473676526 4.4949947628829925e-05 4.4949947628829925e-05 4.4949947628829925e-05 1 1 1 Converged Converged Converged OK OK OK 77 77 77 77 77 77 3 3 3 0 0 0 0 1 0 0 1
20 20 uniform 3 15 208 2 0.0001 0.27685494333976751 0.15304274477389759 0.0018548886023307715 2.454831997628272 2.3594361288862316 2.4549449038910227 0 -2.4181980958260292 1.4987527742914384 OK 13 12 0.60402 0.60739799999999999 0.13600699999999999 0.46987299999999999 0.33075300000000002 0 0.13414700000000002 0.27664499999999997 0.13600699999999999 0.0088100000000000001 0.0089750000000000003 0.0083669999999999994 0.10135700000000003 0.24363699999999996 0.10419400000000001 0.0038920000000000001 0.0039839999999999997 0.0038869999999999998 0.00080699999999999999 0.00078100000000000012 0.00076200000000000009 1.4987527553915343 1.4987527553915343 1.4987527553915343 4.3801380210901537e-05 4.3801380210901537e-05 4.3801380210901537e-05 1 1 1 Converged Converged Converged OK OK OK 77 77 77 77 77 77 3 3 3 0 0 0 0 1 0 0 1
20 20 uniform 3 23 208 3 0.0001 0.27685494333976751 0.15304274477389759 0.0018548886023307715 2.454831997628272 2.3594361288862316 2.4552029753487381 0 -2.4184561672837446 1.5034582055930183 OK 13 12 0.70880200000000004 0.70817600000000003 0.144785 0.55818100000000004 0.43200699999999997 0 0.150621 0.27616900000000005 0.144785 0.0088109999999999994 0.0087690000000000008 0.0082500000000000004 0.11415300000000003 0.24326899999999996 0.11322600000000003 0.0043779999999999999 0.0039979999999999998 0.0038700000000000002 0.00081300000000000003 0.000803 0.00076800000000000002 1.503458184677622 1.503458184677622 1.503458184677622 4.2706838650082513e-05 4.2706838650082513e-05 4.2706838650082513e-05 1 1 1 Converged Converged Converged OK OK OK 77 77 77 77 77 77 3 3 3 0 0 0 0 1 0 0 1
20 20 uniform 4 0 209 0 0.001 0.27685494333976751 0.15304274477389759 0.0018548886023307715 2.4495444318805224 2.3504170338969814 2.4491734541600563 0 -2.4124266460950627 1.4022926500425021 OK 13 12 0.53837900000000005 0.53695400000000004 0.099784999999999999 0.44008900000000001 0.43904700000000002 0 0.098290000000000044 0.097907000000000022 0.099784999999999999 0.0096109999999999998 0.0096670000000000002 0.0090489999999999998 0.072521000000000002 0.072236999999999996 0.074970999999999996 0.0021819999999999999 0.0021919999999999999 0.0022100000000000002 0.00059000000000000003 0.00057200000000000003 0.00055100000000000006 1.4022926385819994 1.4022926385819994 1.4022926385819994 0.00052656920721166217 0.00052656920721166217 0.00052656920721166217 1 1 1 Converged Converged Converged OK OK OK 45 45 45 45 45 45 3 3 3 0 0 0 0 0 1 0 0
20 20 uniform 4 7 209 1 0.001 0.27685494333976751 0.15304274477389759 0.0018548886023307715 2.4495444318805224 2.3504170338969814 2.4493992666855573 0 -2.4126524586205638 1.3850098166930465 OK 13 12 0.604769 0.50309499999999996 0.098766000000000007 0.504583 0.33995999999999998 0 0.100186 0.16313499999999997 0.098766000000000007 0.008711 0.0087740000000000005 0.0082579999999999997 0.077431 0.140407 0.076901999999999998 0.002202 0.0022789999999999998 0.0021840000000000002 0.00056000000000000006 0.00055999999999999995 0.00054200000000000006 1.3850098052532609 1.3850098052532609 1.3850098052532609 0.00050886480337544477 0.00050886480337544477 0.00050886480337544477 1 1 1 Converged Converged Converged OK OK OK 45 45 45 45 45 45 3 3 3 0 0 0 0 1 0 0 1
20 20 uniform 4 15 209 2 0.001 0.27685494333976751 0.15304274477389759 0.0018548886023307715 2.4495444318805224 2.3504170338969814 2.4496573381432731 0 -2.4129105300782796 1.3683157376138522 OK 13 12 0.57406400000000002 0.49007400000000001 0.111003 0.46146300000000001 0.33016499999999999 0 0.11260100000000001 0.15990900000000002 0.111003 0.0087840000000000001 0.0088059999999999996 0.0082330000000000007 0.089791999999999983 0.13735199999999997 0.089314000000000018 0.0022210000000000003 0.0021949999999999999 0.0021559999999999999 0.00058100000000000003 0.000562 0.00054000000000000001 1.3683157262704218 1.3683157262704218 1.3683157262704218 0.00049468693597696763 0.00049468693597696763 0.00049468693597696763 1 1 1 Converged Converged Converged OK OK OK 45 45 45 45 45 45 3 3 3 0 0 0 0 1 0 0 1
20 20 uniform 4 23 209 3 0.001 0.27685494333976751 0.15304274477389759 0.0018548886023307715 2.4495444318805224 2.3504170338969814 2.4499154096009885 0 -2.413168601535995 1.3541468982929852 OK 13 12 0.56603700000000001 0.486931 0.094065999999999997 0.47025299999999998 0.33524500000000002 0 0.095784000000000036 0.15168599999999999 0.094065999999999997 0.0087340000000000004 0.0087880000000000007 0.0082459999999999999 0.073100999999999985 0.12904400000000002 0.072265999999999997 0.0022160000000000001 0.0022179999999999999 0.0022370000000000003 0.00056300000000000002 0.00057799999999999995 0.00054900000000000001 1.3541468870616689 1.3541468870616689 1.3541468870616689 0.00048455041158322441 0.00048455041158322441 0.00048455041158322441 1 1 1 Converged Converged Converged OK OK OK 45 45 45 45 45 45 3 3 3 0 0 0 0 1 0 0 1
20 20 uniform 4 0 209 0 0.0001 0.27685494333976751 0.15304274477389759 0.0018548886023307715 2.4495444318805224 2.3504170338969814 2.4491734541600563 0 -2.4124266460950627 1.4022926500425021 OK 13 12 0.59755100000000005 0.60187299999999999 0.157996 0.43839 0.44202999999999998 0 0.15916100000000005 0.15984300000000001 0.157996 0.0095270000000000007 0.0096570000000000007 0.0091050000000000002 0.12179399999999999 0.12284600000000005 0.12183699999999999 0.0039220000000000001 0.0039399999999999999 0.0038450000000000003 0.00079899999999999991 0.00079300000000000009 0.00078000000000000009 1.4022926378816207 1.4022926378816207 1.4022926378816207 3.5369083501786675e-05 3.5369083501786675e-05 3.5369083501786675e-05 1 1 1 Converged Converged Converged OK OK OK 77 77 77 77 77 77 3 3 3 0 0 0 0 0 1 0 0
20 20 uniform 4 7 209 1 0.0001 0.27685494333976751 0.15304274477389759 0.0018548886023307715 2.4495444318805224 2.3504170338969814 2.4493992666855573 0 -2.4126524586205638 1.3850098166930465 OK 13 12 0.66730699999999998 0.60736299999999999 0.156166 0.50989399999999996 0.33650400000000003 0 0.15741300000000003 0.27085899999999996 0.156166 0.0088249999999999995 0.0087670000000000005 0.0083510000000000008 0.12475299999999995 0.23830899999999999 0.12448199999999995 0.0038989999999999997 0.003993 0.003774 0.0007809999999999999 0.00079300000000000009 0.00078500000000000011 1.3850098048640362 1.3850098048640362 1.3850098048640362 3.5762453638224425e-05 3.5762453638224425e-05 3.5762453638224425e-05 1 1 1 Converged Converged Converged OK OK OK 77 77 77 77 77 77 3 3 3 0 0 0 0 1 0 0 1
20 20 uniform 4 15 209 2 0.0001 0.27685494333976751 0.15304274477389759 0.0018548886023307715 2.4495444318805224 2.3504170338969814 2.4496573381432731 0 -2.4129105300782796 1.3683157376138522 OK 13 12 0.63673299999999999 0.59345599999999998 0.17471400000000001 0.45939999999999998 0.33200800000000003 0 0.17733300000000002 0.26144799999999996 0.17471400000000001 0.0087950000000000007 0.0088900000000000003 0.0081810000000000008 0.14477299999999999 0.22856700000000002 0.14344999999999999 0.003885 0.0039919999999999999 0.0038149999999999998 0.00078200000000000003 0.00080200000000000009 0.00076900000000000015 1.3683157260620635 1.3683157260620635 1.3683157260620635 3.6218344084192695e-05 3.6218344084192695e-05 3.6218344084192695e-05 1 1 1 Converged Converged Converged OK OK OK 77 77 77 77 77 77 3 3 3 0 0 0 0 1 0 0 1
20 20 uniform 4 23 209 3 0.0001 0.27685494333976751 0.15304274477389759 0.0018548886023307715 2.4495444318805224 2.3504170338969814 2.4499154096009885 0 -2.413168601535995 1.3541468982929852 OK 13 12 0.59124699999999997 0.53805800000000004 0.11168 0.47187899999999999 0.33063799999999999 0 0.11936799999999997 0.20742000000000005 0.11168 0.0099100000000000004 0.0088719999999999997 0.0083180000000000007 0.089946000000000012 0.17959800000000001 0.084997000000000017 0.0031310000000000001 0.0030599999999999998 0.0029819999999999998 0.00068400000000000004 0.00069299999999999993 0.00066799999999999997 1.3541468870688995 1.3541468870688995 1.3541468870688995 0.0001304060832909426 0.0001304060832909426 0.0001304060832909426 1 1 1 Converged Converged Converged OK OK OK 61 61 61 61 61 61 3 3 3 0 0 0 0 1 0 0 1
21 21 linear 0 0 210 0 0.001 2.5787437671361411 0.0098311214099135007 0.0061942605667403916 0.023367008337512887 0.0035422249877399225 0.022128156224164808 0.5 0.0029769752401705776 290.18043845076369 OK 14 13 0.81840000000000002 0.81798800000000005 0.29285099999999997 0.51732800000000001 0.51907000000000003 0 0.30107200000000001 0.29891800000000002 0.29285099999999997 0.010711 0.010996000000000001 0.010392999999999999 0.24740399999999996 0.24443299999999998 0.241401 0.0064390000000000003 0.0072970000000000005 0.0058360000000000009 0.0016410000000000001 0.001635 0.0015199999999999999 290.17820007125135 290.17820007125135 290.17820007125135 0.03020515055661626 0.03020515055661626 0.03020515055661626 1 1 1 Converged Converged Converged OK OK OK 119 119 119 119 119 119 9 9 9 0 0 0 0 0 1 0 0
21 21 linear 0 7 210 1 0.001 2.5787437671361411 0.0098311214099135007 0.0061942605667403916 0.023367008337512887 0.0035422249877399225 0.022882240119246246 0.5 0.002222891345089139 283.03478799723217 OK 14 13 0.83975100000000003 0.79819700000000005 0.26441199999999998 0.56886000000000003 0.43100100000000002 0 0.27089099999999999 0.36719600000000002 0.26441199999999998 0.0090889999999999999 0.0092280000000000001 0.0088649999999999996 0.23481800000000008 0.33038499999999982 0.22919999999999996 0.0047209999999999995 0.0052679999999999992 0.0049590000000000007 0.001343 0.00158 0.0014199999999999998 283.03593382637308 283.03593382637308 283.03593382637308 0.035597973897940893 0.035597973897940893 0.035597973897940893 1 1 1 Converged Converged Converged OK OK OK 112 112 112 112 112 112 8 8 8 0 0 0 0 1 0 0 1
21 21 linear 0 15 210 2 0.001 2.5787437671361411 0.0098311214099135007 0.0061942605667403916 0.023367008337512887 0.0035422249877399225 0.023744050285053608 0.5 0.001361081179281777 267.99539685185226 OK 14 13 0.80886599999999997 0.78581299999999998 0.27771099999999999 0.52008600000000005 0.39412599999999998 0 0.28877999999999993 0.39168700000000001 0.27771099999999999 0.012932000000000001 0.012881999999999999 0.011792 0.24340899999999993 0.34584299999999984 0.23496300000000012 0.0063690000000000014 0.006816 0.0058859999999999997 0.001449 0.0015459999999999998 0.0014390000000000002 267.99577630940837 267.99577630940837 267.99577630940837 0.23030989694885398 0.23030989694885398 0.23030989694885398 1 1 1 Converged Converged Converged OK OK OK 119 119 119 119 119 119 9 9 9 0 0 0 0 1 0 0 1
21 21 linear 0 23 210 3 0.001 2.5787437671361411 0.0098311214099135007 0.0061942605667403916 0.023367008337512887 0.0035422249877399225 0.024605860450860967 0.5 0.00049927101347441855 250.95053491880611 OK 14 13 0.69740199999999997 0.67561300000000002 0.27247100000000002 0.41346699999999997 0.294265 0 0.28393499999999999 0.38134800000000002 0.27247100000000002 0.012114 0.012514000000000001 0.011494000000000001 0.24094100000000004 0.337173 0.23056800000000013 0.0056880000000000003 0.0059639999999999997 0.0057410000000000004 0.0013340000000000001 0.0015810000000000002 0.001428 250.95169105550468 250.95169105550468 250.95169105550468 0.09742198604817745 0.09742198604817745 0.09742198604817745 1 1 1 Converged Converged Converged OK OK OK 119 119 119 119 119 119 9 9 9 0 0 0 0 1 0 0 1
21 21 linear 0 0 210 0 0.0001 2.5787437671361411 0.0098311214099135007 0.0061942605667403916 0.023367008337512887 0.0035422249877399225 0.022128156224164808 0.5 0.0029769752401705776 290.18043845076369 OK 14 13 0.84923800000000005 0.83987599999999996 0.31459700000000002 0.52396699999999996 0.51976900000000004 0 0.32527100000000009 0.32010699999999992 0.31459700000000002 0.010658000000000001 0.011021 0.010551 0.26690599999999998 0.26093799999999995 0.25866100000000009 0.0069200000000000017 0.0074600000000000005 0.0063829999999999998 0.0017270000000000002 0.0017309999999999999 0.0016750000000000001 290.17820372131894 290.17820372131894 290.17820372131894 0.018409553433860998 0.018409553433860998 0.018409553433860998 1 1 1 Converged Converged Converged OK OK OK 135 135 135 135 135 135 9 9 9 0 0 0 0 0 1 0 0
21 21 linear 0 7 210 1 0.0001 2.5787437671361411 0.0098311214099135007 0.0061942605667403916 0.023367008337512887 0.0035422249877399225 0.022882240119246246 0.5 0.002222891345089139 283.03478799723217 OK 14 13 0.86786600000000003 0.84467599999999998 0.29168300000000003 0.56669800000000004 0.43893399999999999 0 0.30116799999999999 0.40574199999999999 0.29168300000000003 0.0094129999999999995 0.0093530000000000002 0.0087790000000000003 0.26004199999999994 0.36419799999999991 0.25290899999999988 0.0062470000000000008 0.0065000000000000006 0.0058970000000000003 0.001586 0.0015890000000000001 0.0015139999999999999 283.03598423488535 283.03598423488535 283.03598423488535 0.016610561790260502 0.016610561790260502 0.016610561790260502 1 1 1 Converged Converged Converged OK OK OK 128 128 128 128 128 128 8 8 8 0 0 0 0 1 0 0 1
21 21 linear 0 15 210 2 0.0001 2.5787437671361411 0.0098311214099135007 0.0061942605667403916 0.023367008337512887 0.0035422249877399225 0.023744050285053608 0.5 0.001361081179281777 267.99539685185226 OK 14 13 0.86051 0.88011700000000004 0.32944200000000001 0.51999200000000001 0.39929700000000001 0 0.34051799999999999 0.48082000000000003 0.32944200000000001 0.012826000000000001 0.012947999999999999 0.011726 0.28658099999999997 0.42458099999999993 0.27784599999999993 0.0074879999999999999 0.0086049999999999981 0.0071480000000000007 0.0018569999999999999 0.0018140000000000001 0.0018060000000000001 267.99610506846898 267.99610506846898 267.99610506846898 0.012500573652102664 0.012500573652102664 0.012500573652102664 1 1 1 Converged Converged Converged OK OK OK 143 143 143 143 143 143 9 9 9 0 0 0 0 1 0 0 1
21 21 linear 0 23 210 3 0.0001 2.5787437671361411 0.0098311214099135007 0.0061942605667403916 0.023367008337512887 0.0035422249877399225 0.024605860450860967 0.5 0.00049927101347441855 250.95053491880611 OK 14 13 0.74831700000000001 0.760355 0.31962299999999999 0.415518 0.28833999999999999 0 0.33279900000000001 0.47201500000000002 0.31962299999999999 0.012507000000000001 0.012534999999999999 0.011618 0.28026699999999988 0.41930400000000018 0.27048800000000012 0.0080099999999999998 0.0082290000000000002 0.0071179999999999993 0.0018069999999999998 0.001882 0.001769 250.95180791863058 250.95180791863058 250.95180791863058 0.020211352286076987 0.020211352286076987 0.020211352286076987 1 1 1 Converged Converged Converged OK OK OK 143 143 143 143 143 143 9 9 9 0 0 0 0 1 0 0 1
21 21 linear 1 0 211 0 0.001 2.5787437671361411 0.0098311214099135007 0.0061942605667403916 -2.1747058912150785 -0.010734047475804092 -2.1759447433284267 0.5 2.201049874792762 9.212088504389623 OK 14 13 0.45407599999999998 0.44920500000000002 0.13766600000000001 0.31312200000000001 0.31223600000000001 0 0.14095399999999997 0.13696900000000001 0.13766600000000001 0.011832000000000001 0.011801000000000001 0.011507 0.10216299999999999 0.099087999999999954 0.099346999999999908 0.0035300000000000002 0.0034499999999999999 0.003722 0.00091799999999999998 0.00090700000000000004 0.000977 9.2120738371753426 9.2120738371753426 9.2120738371753426 0.0080895316640773943 0.0080895316640773943 0.0080895316640773943 1 1 1 Converged Converged Converged OK OK OK 81 81 81 81 81 81 7 7 7 0 0 0 0 0 1 0 0
21 21 linear 1 7 211 1 0.001 2.5787437671361411 0.0098311214099135007 0.0061942605667403916 -2.1747058912150785 -0.010734047475804092 -2.175190659433345 0.5 2.2002957908976803 9.3708496688617586 OK 14 13 0.53397600000000001 0.42695 0.160331 0.36957400000000001 0.249364 0 0.16440199999999999 0.17758599999999999 0.160331 0.011063 0.011302 0.010532 0.12564700000000001 0.13892999999999997 0.12264600000000001 0.0044670000000000005 0.0042419999999999992 0.004437 0.0011330000000000001 0.0011280000000000001 0.0011440000000000001 9.3708762670840748 9.3708762670840748 9.3708762670840748 0.0064981397276695834 0.0064981397276695834 0.0064981397276695834 1 1 1 Converged Converged Converged OK OK OK 96 96 96 96 96 96 8 8 8 0 0 0 0 1 0 0 1
21 21 linear 1 15 211 2 0.001 2.5787437671361411 0.0098311214099135007 0.0061942605667403916 -2.1747058912150785 -0.010734047475804092 -2.1743288492675377 0.5 2.199433980731873 9.4880087192700682 OK 14 13 0.49366900000000002 0.36770799999999998 0.16372300000000001 0.32492300000000002 0.190721 0 0.16874600000000001 0.17698699999999998 0.16372300000000001 0.011145 0.011336000000000001 0.010397 0.13287799999999997 0.140324 0.12886 0.004228 0.0046989999999999992 0.0044070000000000003 0.001114 0.0010949999999999998 0.001088 9.4880269913741095 9.4880269913741095 9.4880269913741095 0.0071378383014572087 0.0071378383014572087 0.0071378383014572087 1 1 1 Converged Converged Converged OK OK OK 96 96 96 96 96 96 8 8 8 0 0 0 0 1 0 0 1
21 21 linear 1 23 211 3 0.001 2.5787437671361411 0.0098311214099135007 0.0061942605667403916 -2.1747058912150785 -0.010734047475804092 -2.1734670391017303 0.5 2.1985721705660657 9.527450483572899 OK 14 13 0.51396799999999998 0.40365800000000002 0.16273599999999999 0.34659000000000001 0.224082 0 0.16737799999999997 0.17957600000000001 0.16273599999999999 0.011165 0.011310000000000001 0.01042 0.13152699999999995 0.139683 0.12798100000000001 0.0044029999999999998 0.0049780000000000007 0.0044119999999999993 0.0010460000000000001 0.001196 0.0010799999999999998 9.5274313936309749 9.5274313936309749 9.5274313936309749 0.0069787786996165233 0.0069787786996165233 0.0069787786996165233 1 1 1 Converged Converged Converged OK OK OK 96 96 96 96 96 96 8 8 8 0 0 0 0 1 0 0 1
21 21 linear 1 0 211 0 0.0001 2.5787437671361411 0.0098311214099135007 0.0061942605667403916 -2.1747058912150785 -0.010734047475804092 -2.1759447433284267 0.5 2.201049874792762 9.212088504389623 OK 14 13 0.54139800000000005 0.53666199999999997 0.22234200000000001 0.312919 0.312693 0 0.22847900000000004 0.22396899999999997 0.22234200000000001 0.011736 0.011932 0.011592999999999999 0.1675650000000001 0.163162 0.16233199999999995 0.0070259999999999993 0.0068199999999999997 0.0066930000000000002 0.001544 0.0015820000000000001 0.001467 9.212093837545245 9.212093837545245 9.212093837545245 0.00039892198517595145 0.00039892198517595145 0.00039892198517595145 1 1 1 Converged Converged Converged OK OK OK 137 137 137 137 137 137 7 7 7 0 0 0 0 0 1 0 0
21 21 linear 1 7 211 1 0.0001 2.5787437671361411 0.0098311214099135007 0.0061942605667403916 -2.1747058912150785 -0.010734047475804092 -2.175190659433345 0.5 2.2002957908976803 9.3708496688617586 OK 14 13 0.59531000000000001 0.49767499999999998 0.21505299999999999 0.37210700000000002 0.24726000000000001 0 0.22320299999999998 0.25041499999999994 0.21505299999999999 0.011502999999999999 0.011244000000000001 0.010571000000000001 0.17322399999999999 0.20142399999999996 0.16714899999999999 0.0070749999999999997 0.0066770000000000006 0.0068789999999999997 0.0016229999999999999 0.0015960000000000002 0.0015589999999999998 9.3708773789784878 9.3708773789784878 9.3708773789784878 0.00093634974847366776 0.00093634974847366776 0.00093634974847366776 1 1 1 Converged Converged Converged OK OK OK 136 136 136 136 136 136 8 8 8 0 0 0 0 1 0 0 1
21 21 linear 1 15 211 2 0.0001 2.5787437671361411 0.0098311214099135007 0.0061942605667403916 -2.1747058912150785 -0.010734047475804092 -2.1743288492675377 0.5 2.199433980731873 9.4880087192700682 OK 14 13 0.55384900000000004 0.43567600000000001 0.21678900000000001 0.32905099999999998 0.190498 0 0.22479800000000005 0.24517800000000001 0.21678900000000001 0.011297 0.011296 0.010521000000000001 0.17524200000000004 0.19590799999999983 0.169241 0.0069869999999999993 0.0069610000000000002 0.0068600000000000006 0.0017749999999999997 0.0016189999999999998 0.0015720000000000003 9.4880461059296142 9.4880461059296142 9.4880461059296142 0.00074071735880212777 0.00074071735880212777 0.00074071735880212777 1 1 1 Converged Converged Converged OK OK OK 136 136 136 136 136 136 8 8 8 0 0 0 0 1 0 0 1
21 21 linear 1 23 211 3 0.0001 2.5787437671361411 0.0098311214099135007 0.0061942605667403916 -2.1747058912150785 -0.010734047475804092 -2.1734670391017303 0.5 2.1985721705660657 9.527450483572899 OK 14 13 0.61300699999999997 0.50946400000000003 0.24843199999999999 0.35212399999999999 0.22271199999999999 0 0.26088299999999998 0.28675200000000001 0.24843199999999999 0.011429 0.011273 0.010479 0.20466999999999994 0.23250700000000005 0.19559899999999994 0.0082899999999999988 0.0073900000000000007 0.0075489999999999993 0.0017679999999999998 0.0017340000000000003 0.0017659999999999998 9.5274531372731772 9.5274531372731772 9.5274531372731772 0.00042520606386714499 0.00042520606386714499 0.00042520606386714499 1 1 1 Converged Converged Converged OK OK OK 152 152 152 152 152 152 8 8 8 0 0 0 0 1 0 0 1
21 21 linear 2 0 212 0 0.001 2.5787437671361411 0.0098311214099135007 0.0061942605667403916 0.0176987581663989 0.007980956500115554 0.016459906053050821 0.5 0.0086452254112845649 99.501203081420471 OK 13 12 0.65533300000000005 0.65232500000000004 0.124226 0.52706799999999998 0.52799200000000002 0 0.12826500000000007 0.12433300000000003 0.124226 0.011257 0.010755000000000001 0.010548 0.096052999999999999 0.093471999999999986 0.093310000000000004 0.0033059999999999999 0.0030720000000000001 0.0032570000000000003 0.0008699999999999999 0.00085899999999999995 0.00087499999999999991 99.501233463803047 99.501233463803047 99.501233463803047 0.06564338672004387 0.06564338672004387 0.06564338672004387 1 1 1 Converged Converged Converged OK OK OK 59 59 59 59 59 59 5 5 5 0 0 0 0 0 1 0 0
21 21 linear 2 7 212 1 0.001 2.5787437671361411 0.0098311214099135007 0.0061942605667403916 0.0176987581663989 0.007980956500115554 0.017213989948132259 0.5 0.0078911415162031262 106.23443646154507 OK 13 12 0.54537999999999998 0.54776999999999998 0.11779000000000001 0.42374499999999998 0.30397800000000003 0 0.12163499999999999 0.24379199999999995 0.11779000000000001 0.0094839999999999994 0.0097029999999999998 0.008914 0.095509999999999984 0.21648800000000007 0.09232799999999998 0.002954 0.0034359999999999998 0.003045 0.00078500000000000011 0.00079100000000000004 0.00085599999999999999 106.23422340512525 106.23422340512525 106.23422340512525 0.05364535367503985 0.05364535367503985 0.05364535367503985 1 1 1 Converged Converged Converged OK OK OK 59 59 59 59 59 59 5 5 5 0 0 0 0 1 0 0 1
21 21 linear 2 15 212 2 0.001 2.5787437671361411 0.0098311214099135007 0.0061942605667403916 0.0176987581663989 0.007980956500115554 0.018075800113939621 0.5 0.0070293313503957643 116.86406468478481 OK 13 12 0.66926399999999997 0.67147199999999996 0.123462 0.54004099999999999 0.41232799999999997 0 0.12922299999999998 0.25914399999999999 0.123462 0.0094199999999999996 0.0097300000000000008 0.0088330000000000006 0.103576 0.23263200000000006 0.099450000000000038 0.0029380000000000001 0.0034609999999999997 0.0027460000000000002 0.00090700000000000004 0.0008560000000000001 0.00077099999999999998 116.86357251704422 116.86357251704422 116.86357251704422 0.10249421326054178 0.10249421326054178 0.10249421326054178 1 1 1 Converged Converged Converged OK OK OK 59 59 59 59 59 59 5 5 5 0 0 0 0 1 0 0 1
21 21 linear 2 23 212 3 0.001 2.5787437671361411 0.0098311214099135007 0.0061942605667403916 0.0176987581663989 0.007980956500115554 0.01893761027974698 0.5 0.0061675211845884058 129.07150706340886 OK 13 12 0.71882999999999997 0.70962099999999995 0.12815299999999999 0.58316400000000002 0.45075700000000002 0 0.13566599999999995 0.25886399999999993 0.12815299999999999 0.0097599999999999996 0.0099340000000000001 0.0091400000000000006 0.10833300000000003 0.22660499999999992 0.102465 0.0028220000000000003 0.0034149999999999996 0.0027850000000000001 0.00083700000000000007 0.00086000000000000009 0.00078600000000000002 129.0713828785712 129.0713828785712 129.0713828785712 0.053160126350593653 0.053160126350593653 0.053160126350593653 1 1 1 Converged Converged Converged OK OK OK 66 66 66 66 66 66 6 6 6 0 0 0 0 1 0 0 1
21 21 linear 2 0 212 0 0.0001 2.5787437671361411 0.0098311214099135007 0.0061942605667403916 0.0176987581663989 0.007980956500115554 0.016459906053050821 0.5 0.0086452254112845649 99.501203081420471 OK 13 12 0.67508400000000002 0.67218900000000004 0.143813 0.52820599999999995 0.52625999999999995 0 0.14687800000000006 0.14592900000000009 0.143813 0.010909 0.010786 0.010599000000000001 0.10944799999999999 0.10790399999999997 0.10636099999999994 0.0040470000000000002 0.0047279999999999996 0.0044450000000000002 0.00093400000000000015 0.00098200000000000002 0.00098700000000000003 99.501112031441039 99.501112031441039 99.501112031441039 0.0035669508889510674 0.0035669508889510674 0.0035669508889510674 1 1 1 Converged Converged Converged OK OK OK 75 75 75 75 75 75 5 5 5 0 0 0 0 0 1 0 0
21 21 linear 2 7 212 1 0.0001 2.5787437671361411 0.0098311214099135007 0.0061942605667403916 0.0176987581663989 0.007980956500115554 0.017213989948132259 0.5 0.0078911415162031262 106.23443646154507 OK 13 12 0.58562499999999995 0.64271599999999995 0.15212999999999999 0.42627100000000001 0.30532700000000002 0 0.15935399999999994 0.33738899999999994 0.15212999999999999 0.0099030000000000003 0.010037000000000001 0.0090150000000000004 0.12331900000000005 0.30153100000000005 0.11876699999999997 0.0051209999999999997 0.0048599999999999997 0.0045140000000000007 0.001111 0.00099599999999999992 0.001088 106.23430368017831 106.23430368017831 106.23430368017831 0.008081597977874411 0.008081597977874411 0.008081597977874411 1 1 1 Converged Converged Converged OK OK OK 83 83 83 83 83 83 5 5 5 0 0 0 0 1 0 0 1
21 21 linear 2 15 212 2 0.0001 2.5787437671361411 0.0098311214099135007 0.0061942605667403916 0.0176987581663989 0.007980956500115554 0.018075800113939621 0.5 0.0070293313503957643 116.86406468478481 OK 13 12 0.70215099999999997 0.74590100000000004 0.15245600000000001 0.54300700000000002 0.41121000000000002 0 0.15914399999999995 0.33469100000000002 0.15245600000000001 0.0095659999999999999 0.0095259999999999997 0.0088679999999999991 0.12560500000000002 0.30070600000000014 0.12047799999999999 0.0044799999999999996 0.004731 0.0044729999999999995 0.001175 0.0012160000000000001 0.001119 116.86374188262222 116.86374188262222 116.86374188262222 0.00068675061960734207 0.00068675061960734207 0.00068675061960734207 1 1 1 Converged Converged Converged OK OK OK 83 83 83 83 83 83 5 5 5 0 0 0 0 1 0 0 1
21 21 linear 2 23 212 3 0.0001 2.5787437671361411 0.0098311214099135007 0.0061942605667403916 0.0176987581663989 0.007980956500115554 0.01893761027974698 0.5 0.0061675211845884058 129.07150706340886 OK 13 12 0.75142299999999995 0.78333299999999995 0.15476599999999999 0.58846500000000002 0.449349 0 0.16295799999999994 0.33398399999999995 0.15476599999999999 0.010023000000000001 0.0097610000000000006 0.0091439999999999994 0.126943 0.29934900000000003 0.12206900000000001 0.0051080000000000006 0.0046600000000000001 0.0042779999999999997 0.001109 0.001124 0.0010630000000000001 129.07126911900923 129.07126911900923 129.07126911900923 0.0012327240659667366 0.0012327240659667366 0.0012327240659667366 1 1 1 Converged Converged Converged OK OK OK 90 90 90 90 90 90 6 6 6 0 0 0 0 1 0 0 1
21 21 linear 3 0 213 0 0.001 2.5787437671361411 0.0098311214099135007 0.0061942605667403916 -2.1603285148211189 0.026428081261957712 -2.161567366934467 0.5 2.1866724983988024 2.9385649471208368 OK 13 12 0.39367999999999997 0.39061899999999999 0.099186999999999997 0.29196499999999997 0.29054200000000002 0 0.101715 0.10007699999999997 0.099186999999999997 0.0089090000000000003 0.0092350000000000002 0.0085769999999999996 0.070616999999999971 0.069242000000000026 0.068719000000000002 0.0031960000000000001 0.0031970000000000002 0.0033010000000000001 0.00069499999999999998 0.00067600000000000006 0.00069799999999999994 2.9385629608624466 2.9385629608624466 2.9385629608624466 0.001957534996396709 0.001957534996396709 0.001957534996396709 1 1 1 Converged Converged Converged OK OK OK 61 61 61 61 61 61 3 3 3 0 0 0 0 0 1 0 0
21 21 linear 3 7 213 1 0.001 2.5787437671361411 0.0098311214099135007 0.0061942605667403916 -2.1603285148211189 0.026428081261957712 -2.1608132830393854 0.5 2.1859184145037207 2.8307731187175968 OK 13 12 0.387268 0.28538400000000003 0.093715999999999994 0.29037000000000002 0.15907299999999999 0 0.096897999999999984 0.12631100000000003 0.093715999999999994 0.0081910000000000004 0.0081919999999999996 0.0076750000000000004 0.069590999999999986 0.099259000000000014 0.067626000000000019 0.0030899999999999999 0.0031580000000000002 0.003019 0.00066399999999999999 0.00065300000000000004 0.00063199999999999997 2.8307712747388361 2.8307712747388361 2.8307712747388361 0.0019220383212476917 0.0019220383212476917 0.0019220383212476917 1 1 1 Converged Converged Converged OK OK OK 61 61 61 61 61 61 3 3 3 0 0 0 0 1 0 0 1
21 21 linear 3 15 213 2 0.001 2.5787437671361411 0.0098311214099135007 0.0061942605667403916 -2.1603285148211189 0.026428081261957712 -2.159951472873578 0.5 2.1850566043379134 2.7291843918088925 OK 13 12 0.38680599999999998 0.28739900000000002 0.092526999999999998 0.29071799999999998 0.16839999999999999 0 0.096088000000000007 0.11899900000000002 0.092526999999999998 0.0081560000000000001 0.0082719999999999998 0.0077359999999999998 0.068611000000000005 0.091954999999999981 0.066366999999999995 0.0032249999999999996 0.0031519999999999999 0.0030879999999999996 0.00064199999999999999 0.00065300000000000004 0.00064900000000000005 2.729182751474351 2.729182751474351 2.729182751474351 0.0018722491754363736 0.0018722491754363736 0.0018722491754363736 1 1 1 Converged Converged Converged OK OK OK 61 61 61 61 61 61 3 3 3 0 0 0 0 1 0 0 1
21 21 linear 3 23 213 3 0.001 2.5787437671361411 0.0098311214099135007 0.0061942605667403916 -2.1603285148211189 0.026428081261957712 -2.1590896627077707 0.5 2.184194794172106 2.64404262810443 OK 13 12 0.40757300000000002 0.30388700000000002 0.098418000000000005 0.30099300000000001 0.17588599999999999 0 0.10658000000000001 0.12800100000000003 0.098418000000000005 0.0081720000000000004 0.0082799999999999992 0.0076470000000000002 0.079035999999999981 0.100782 0.072218000000000018 0.0031779999999999998 0.003127 0.0031450000000000002 0.00076399999999999992 0.00079000000000000001 0.000767 2.6440410124606681 2.6440410124606681 2.6440410124606681 0.0018172117987170998 0.0018172117987170998 0.0018172117987170998 1 1 1 Converged Converged Converged OK OK OK 61 61 61 61 61 61 3 3 3 0 0 0 0 1 0 0 1
21 21 linear 3 0 213 0 0.0001 2.5787437671361411 0.0098311214099135007 0.0061942605667403916 -2.1603285148211189 0.026428081261957712 -2.161567366934467 0.5 2.1866724983988024 2.9385649471208368 OK 13 12 0.42104200000000003 0.41764699999999999 0.126447 0.29227900000000001 0.29112199999999999 0 0.12876300000000002 0.126525 0.126447 0.0089820000000000004 0.0089809999999999994 0.0087989999999999995 0.09207300000000003 0.089899999999999994 0.089771000000000031 0.0040730000000000002 0.0042050000000000004 0.0041900000000000001 0.00086200000000000003 0.00082600000000000002 0.00090499999999999999 2.9385629702809126 2.9385629702809126 2.9385629702809126 3.8934411703224413e-05 3.8934411703224413e-05 3.8934411703224413e-05 1 1 1 Converged Converged Converged OK OK OK 77 77 77 77 77 77 3 3 3 0 0 0 0 0 1 0 0
21 21 linear 3 7 213 1 0.0001 2.5787437671361411 0.0098311214099135007 0.0061942605667403916 -2.1603285148211189 0.026428081261957712 -2.1608132830393854 0.5 2.1859184145037207 2.8307731187175968 OK 13 12 0.41223199999999999 0.31618499999999999 0.119161 0.28883300000000001 0.163906 0 0.12339899999999998 0.152279 0.119161 0.0082349999999999993 0.0083149999999999995 0.0076800000000000002 0.091114000000000001 0.11982699999999996 0.08800000000000005 0.0040340000000000003 0.0041389999999999995 0.0040769999999999999 0.00081700000000000002 0.00080499999999999994 0.00077600000000000011 2.8307712826959661 2.8307712826959661 2.8307712826959661 3.8967571161101448e-05 3.8967571161101448e-05 3.8967571161101448e-05 1 1 1 Converged Converged Converged OK OK OK 77 77 77 77 77 77 3 3 3 0 0 0 0 1 0 0 1
21 21 linear 3 15 213 2 0.0001 2.5787437671361411 0.0098311214099135007 0.0061942605667403916 -2.1603285148211189 0.026428081261957712 -2.159951472873578 0.5 2.1850566043379134 2.7291843918088925 OK 13 12 0.41726999999999997 0.31297900000000001 0.11851399999999999 0.28990100000000002 0.16264999999999999 0 0.12736899999999995 0.15032900000000002 0.11851399999999999 0.0081919999999999996 0.00826 0.0077149999999999996 0.095139000000000001 0.11811500000000003 0.087438999999999975 0.0041220000000000007 0.0041220000000000007 0.0040210000000000003 0.00078400000000000008 0.00080099999999999995 0.00075599999999999994 2.7291827557649335 2.7291827557649335 2.7291827557649335 3.9015992883124966e-05 3.9015992883124966e-05 3.9015992883124966e-05 1 1 1 Converged Converged Converged OK OK OK 77 77 77 77 77 77 3 3 3 0 0 0 0 1 0 0 1
21 21 linear 3 23 213 3 0.0001 2.5787437671361411 0.0098311214099135007 0.0061942605667403916 -2.1603285148211189 0.026428081261957712 -2.1590896627077707 0.5 2.184194794172106 2.64404262810443 OK 13 12 0.42711700000000002 0.33350800000000003 0.123663 0.29921999999999999 0.179755 0 0.12789700000000004 0.15375300000000003 0.123663 0.0082199999999999999 0.0081790000000000005 0.0077149999999999996 0.095650000000000027 0.121437 0.092749000000000012 0.0040110000000000007 0.0042090000000000001 0.0039649999999999998 0.00083200000000000006 0.00090700000000000004 0.00082700000000000004 2.6440410140949768 2.6440410140949768 2.6440410140949768 3.9060041957073567e-05 3.9060041957073567e-05 3.9060041957073567e-05 1 1 1 Converged Converged Converged OK OK OK 77 77 77 77 77 77 3 3 3 0 0 0 0 1 0 0 1
21 21 linear 4 0 214 0 0.001 2.5787437671361411 0.0098311214099135007 0.0061942605667403916 -2.186169098918787 0.01793366816940448 -2.1874079510321351 0.5 2.2125130824964705 2.4078586520406851 OK 13 12 0.40214499999999997 0.40289999999999998 0.097503999999999993 0.30072199999999999 0.30391600000000002 0 0.10142299999999999 0.098983999999999961 0.097503999999999993 0.0090749999999999997 0.0090489999999999998 0.0085459999999999998 0.070263999999999979 0.068226000000000009 0.067478999999999997 0.0033439999999999998 0.0031440000000000001 0.0031119999999999997 0.00074699999999999994 0.00070899999999999999 0.00069099999999999999 2.4078572928556663 2.4078572928556663 2.4078572928556663 0.0012962633977973423 0.0012962633977973423 0.0012962633977973423 1 1 1 Converged Converged Converged OK OK OK 61 61 61 61 61 61 3 3 3 0 0 0 0 0 1 0 0
21 21 linear 4 7 214 1 0.001 2.5787437671361411 0.0098311214099135007 0.0061942605667403916 -2.186169098918787 0.01793366816940448 -2.1866538671370535 0.5 2.2117589986013888 2.4235810495741648 OK 13 12 0.39320500000000003 0.28686 0.097558000000000006 0.292601 0.16662299999999999 0 0.10060400000000003 0.12023700000000001 0.097558000000000006 0.0081270000000000005 0.0081860000000000006 0.0088699999999999994 0.073207999999999995 0.092963000000000018 0.069683000000000009 0.0031470000000000001 0.0032439999999999999 0.0032130000000000001 0.00068599999999999998 0.00070599999999999992 0.00070100000000000002 2.4235796486628058 2.4235796486628058 2.4235796486628058 0.0013255946991794993 0.0013255946991794993 0.0013255946991794993 1 1 1 Converged Converged Converged OK OK OK 61 61 61 61 61 61 3 3 3 0 0 0 0 1 0 0 1
21 21 linear 4 15 214 2 0.001 2.5787437671361411 0.0098311214099135007 0.0061942605667403916 -2.186169098918787 0.01793366816940448 -2.1857920569712461 0.5 2.2108971884355815 2.4435394249621138 OK 13 12 0.399285 0.28948600000000002 0.094274999999999998 0.30146899999999999 0.16798199999999999 0 0.097816000000000014 0.12150400000000003 0.094274999999999998 0.0081480000000000007 0.0082810000000000002 0.0076569999999999997 0.07048699999999998 0.094189000000000037 0.068026000000000017 0.0031830000000000001 0.0032900000000000004 0.0032290000000000001 0.00070100000000000002 0.00072000000000000005 0.00072000000000000015 2.4435380419466712 2.4435380419466712 2.4435380419466712 0.0013603116299039501 0.0013603116299039501 0.0013603116299039501 1 1 1 Converged Converged Converged OK OK OK 61 61 61 61 61 61 3 3 3 0 0 0 0 1 0 0 1
21 21 linear 4 23 214 3 0.001 2.5787437671361411 0.0098311214099135007 0.0061942605667403916 -2.186169098918787 0.01793366816940448 -2.1849302468054388 0.5 2.2100353782697741 2.4658397225793456 OK 13 12 0.38190000000000002 0.285744 0.092004000000000002 0.28648800000000002 0.16702 0 0.095411999999999997 0.118724 0.092004000000000002 0.0082000000000000007 0.0082150000000000001 0.0076449999999999999 0.067897999999999972 0.091460000000000014 0.065832999999999989 0.0032989999999999998 0.0032820000000000002 0.0030980000000000001 0.00073000000000000018 0.00069499999999999998 0.00067899999999999992 2.4658382621303949 2.4658382621303949 2.4658382621303949 0.0013963608205434163 0.0013963608205434163 0.0013963608205434163 1 1 1 Converged Converged Converged OK OK OK 61 61 61 61 61 61 3 3 3 0 0 0 0 1 0 0 1
21 21 linear 4 0 214 0 0.0001 2.5787437671361411 0.0098311214099135007 0.0061942605667403916 -2.186169098918787 0.01793366816940448 -2.1874079510321351 0.5 2.2125130824964705 2.4078586520406851 OK 13 12 0.42333599999999999 0.42311100000000001 0.120853 0.299234 0.301728 0 0.12410199999999999 0.12138300000000002 0.120853 0.0088800000000000007 0.0089569999999999997 0.0087760000000000008 0.087722999999999968 0.085218000000000016 0.084798000000000012 0.0040730000000000002 0.004052 0.003954 0.00083299999999999997 0.00082100000000000001 0.00082199999999999992 2.4078572912302478 2.4078572912302478 2.4078572912302478 3.756003319296123e-05 3.756003319296123e-05 3.756003319296123e-05 1 1 1 Converged Converged Converged OK OK OK 77 77 77 77 77 77 3 3 3 0 0 0 0 0 1 0 0
21 21 linear 4 7 214 1 0.0001 2.5787437671361411 0.0098311214099135007 0.0061942605667403916 -2.186169098918787 0.01793366816940448 -2.1866538671370535 0.5 2.2117589986013888 2.4235810495741648 OK 13 12 0.415356 0.31597700000000001 0.11615 0.29486400000000001 0.16941500000000001 0 0.12049199999999999 0.146562 0.11615 0.0082229999999999994 0.0082920000000000008 0.0076909999999999999 0.088218999999999964 0.114108 0.084859000000000018 0.0040159999999999996 0.0041429999999999991 0.0041000000000000003 0.00077799999999999994 0.00080199999999999998 0.00075600000000000005 2.4235796470036326 2.4235796470036326 2.4235796470036326 3.7599002325370179e-05 3.7599002325370179e-05 3.7599002325370179e-05 1 1 1 Converged Converged Converged OK OK OK 77 77 77 77 77 77 3 3 3 0 0 0 0 1 0 0 1
21 21 linear 4 15 214 2 0.0001 2.5787437671361411 0.0098311214099135007 0.0061942605667403916 -2.186169098918787 0.01793366816940448 -2.1857920569712461 0.5 2.2108971884355815 2.4435394249621138 OK 13 12 0.41914200000000001 0.31989699999999999 0.117074 0.297512 0.16850100000000001 0 0.12163000000000002 0.15139599999999998 0.117074 0.0082970000000000006 0.0084069999999999995 0.0077079999999999996 0.089196999999999985 0.11876599999999997 0.085954000000000017 0.0040460000000000001 0.0041510000000000002 0.0040379999999999999 0.00087700000000000007 0.00084500000000000005 0.00084800000000000001 2.4435380402703735 2.4435380402703735 2.4435380402703735 3.7643560075472625e-05 3.7643560075472625e-05 3.7643560075472625e-05 1 1 1 Converged Converged Converged OK OK OK 77 77 77 77 77 77 3 3 3 0 0 0 0 1 0 0 1
21 21 linear 4 23 214 3 0.0001 2.5787437671361411 0.0098311214099135007 0.0061942605667403916 -2.186169098918787 0.01793366816940448 -2.1849302468054388 0.5 2.2100353782697741 2.4658397225793456 OK 13 12 0.40265200000000001 0.31666 0.11262800000000001 0.28510799999999997 0.16830600000000001 0 0.11754400000000004 0.14835399999999999 0.11262800000000001 0.0083770000000000008 0.0083230000000000005 0.0076140000000000001 0.085070000000000021 0.116202 0.081734000000000001 0.0041320000000000003 0.0040939999999999995 0.0040049999999999999 0.00079000000000000001 0.00079399999999999989 0.00076200000000000009 2.4658382604689115 2.4658382604689115 2.4658382604689115 3.768812194241934e-05 3.768812194241934e-05 3.768812194241934e-05 1 1 1 Converged Converged Converged OK OK OK 77 77 77 77 77 77 3 3 3 0 0 0 0 1 0 0 1
21 21 uniform 0 0 215 0 0.001 2.5787437671361411 0.0098311214099135007 0.0061942605667403916 0.023367008337512887 0.0035422249877399225 0.022128156224164808 0 0.0029769752401705776 282.86755512279984 OK 14 13 0.73382700000000001 0.72544399999999998 0.20909900000000001 0.526088 0.51916600000000002 0 0.20773900000000001 0.20627799999999996 0.20909900000000001 0.010671 0.010782999999999999 0.010038999999999999 0.16141800000000012 0.16010299999999997 0.16383899999999998 0.0043400000000000001 0.0042059999999999997 0.0043730000000000002 0.0012639999999999999 0.0012589999999999999 0.0013080000000000001 282.86750846034755 282.86750846034755 282.86750846034755 0.24911840844814409 0.24911840844814409 0.24911840844814409 1 1 1 Converged Converged Converged OK OK OK 111 111 111 111 111 111 9 9 9 0 0 0 0 0 1 0 0
21 21 uniform 0 7 215 1 0.001 2.5787437671361411 0.0098311214099135007 0.0061942605667403916 0.023367008337512887 0.0035422249877399225 0.022882240119246246 0 0.002222891345089139 276.78010670349238 OK 14 13 0.74778500000000003 0.71462899999999996 0.183806 0.56050900000000003 0.42971999999999999 0 0.187276 0.28490899999999997 0.183806 0.0094109999999999992 0.0090740000000000005 0.0087299999999999999 0.15357899999999999 0.25229099999999999 0.15184800000000001 0.0042940000000000001 0.004091 0.0040049999999999999 0.001214 0.0011719999999999999 0.001193 276.78005501696617 276.78005501696617 276.78005501696617 0.25726291863888312 0.25726291863888312 0.25726291863888312 1 1 1 Converged Converged Converged OK OK OK 104 104 104 104 104 104 8 8 8 0 0 0 0 1 0 0 1
21 21 uniform 0 15 215 2 0.001 2.5787437671361411 0.0098311214099135007 0.0061942605667403916 0.023367008337512887 0.0035422249877399225 0.023744050285053608 0 0.001361081179281777 262.63690939881155 OK 14 13 0.739255 0.71832600000000002 0.21480399999999999 0.51998599999999995 0.39316000000000001 0 0.21926900000000005 0.32516600000000001 0.21480399999999999 0.012331999999999999 0.012838 0.011859 0.17464100000000002 0.27748699999999998 0.17086299999999999 0.0052269999999999999 0.0067489999999999998 0.0055750000000000001 0.0013519999999999999 0.001433 0.0013089999999999998 262.6368131154515 262.6368131154515 262.6368131154515 0.24473090062736794 0.24473090062736794 0.24473090062736794 1 1 1 Converged Converged Converged OK OK OK 119 119 119 119 119 119 9 9 9 0 0 0 0 1 0 0 1
21 21 uniform 0 23 215 3 0.001 2.5787437671361411 0.0098311214099135007 0.0061942605667403916 0.023367008337512887 0.0035422249877399225 0.024605860450860967 0 0.00049927101347441855 247.5701378894112 OK 14 13 0.62385900000000005 0.60632799999999998 0.20483599999999999 0.416435 0.28936200000000001 0 0.20742400000000005 0.31696599999999997 0.20483599999999999 0.012463999999999999 0.012428 0.011427 0.16436299999999993 0.27351099999999995 0.16371299999999994 0.005339 0.005690999999999999 0.0052810000000000001 0.0014069999999999998 0.0015030000000000002 0.0014450000000000001 247.57014746944938 247.57014746944938 247.57014746944938 0.11023139263844692 0.11023139263844692 0.11023139263844692 1 1 1 Converged Converged Converged OK OK OK 119 119 119 119 119 119 9 9 9 0 0 0 0 1 0 0 1
21 21 uniform 0 0 215 0 0.0001 2.5787437671361411 0.0098311214099135007 0.0061942605667403916 0.023367008337512887 0.0035422249877399225 0.022128156224164808 0 0.0029769752401705776 282.86755512279984 OK 14 13 0.74146900000000004 0.74124999999999996 0.21934100000000001 0.52421899999999999 0.52170899999999998 0 0.21725000000000005 0.21954099999999999 0.21934100000000001 0.010493000000000001 0.010932000000000001 0.010338 0.16648799999999991 0.16780699999999993 0.16861099999999998 0.005104 0.0053100000000000005 0.0049560000000000003 0.001542 0.0015139999999999999 0.0015089999999999999 282.86758140881346 282.86758140881346 282.86758140881346 0.024169518990875157 0.024169518990875157 0.024169518990875157 1 1 1 Converged Converged Converged OK OK OK 119 119 119 119 119 119 9 9 9 0 0 0 0 0 1 0 0
21 21 uniform 0 7 215 1 0.0001 2.5787437671361411 0.0098311214099135007 0.0061942605667403916 0.023367008337512887 0.0035422249877399225 0.022882240119246246 0 0.002222891345089139 276.78010670349238 OK 14 13 0.78022000000000002 0.76247200000000004 0.22140199999999999 0.56140800000000002 0.43282900000000002 0 0.21881200000000001 0.32964300000000002 0.22140199999999999 0.0090679999999999997 0.0093430000000000006 0.010149 0.17804000000000014 0.28798399999999991 0.17924100000000004 0.0054999999999999997 0.0058289999999999991 0.0056780000000000008 0.0014959999999999999 0.0015790000000000001 0.0015730000000000002 276.7801241095367 276.7801241095367 276.7801241095367 0.0095588670800506922 0.0095588670800506922 0.0095588670800506922 1 1 1 Converged Converged Converged OK OK OK 128 128 128 128 128 128 8 8 8 0 0 0 0 1 0 0 1
21 21 uniform 0 15 215 2 0.0001 2.5787437671361411 0.0098311214099135007 0.0061942605667403916 0.023367008337512887 0.0035422249877399225 0.023744050285053608 0 0.001361081179281777 262.63690939881155 OK 14 13 0.77149599999999996 0.795929 0.26096900000000001 0.51833899999999999 0.39374999999999999 0 0.25315699999999997 0.40217900000000001 0.26096900000000001 0.012585000000000001 0.012713 0.012964 0.20000500000000002 0.34774100000000008 0.20791799999999983 0.0071079999999999997 0.007895000000000001 0.0067159999999999997 0.0017130000000000003 0.00166 0.001689 262.63694451601555 262.63694451601555 262.63694451601555 0.0042394353826518093 0.0042394353826518093 0.0042394353826518093 1 1 1 Converged Converged Converged OK OK OK 143 143 143 143 143 143 9 9 9 0 0 0 0 1 0 0 1
21 21 uniform 0 23 215 3 0.0001 2.5787437671361411 0.0098311214099135007 0.0061942605667403916 0.023367008337512887 0.0035422249877399225 0.024605860450860967 0 0.00049927101347441855 247.5701378894112 OK 14 13 0.65947299999999998 0.67840699999999998 0.24016899999999999 0.41423500000000002 0.292157 0 0.24523799999999996 0.38624999999999998 0.24016899999999999 0.012460000000000001 0.012652999999999999 0.011572000000000001 0.19379199999999991 0.33523900000000001 0.19201299999999993 0.0077499999999999991 0.0070130000000000001 0.0066690000000000004 0.001761 0.001769 0.0016740000000000001 247.57016610108772 247.57016610108772 247.57016610108772 0.012132957592328894 0.012132957592328894 0.012132957592328894 1 1 1 Converged Converged Converged OK OK OK 143 143 143 143 143 143 9 9 9 0 0 0 0 1 0 0 1
21 21 uniform 1 0 216 0 0.001 2.5787437671361411 0.0098311214099135007 0.0061942605667403916 -2.1747058912150785 -0.010734047475804092 -2.1759447433284267 0 2.201049874792762 9.0220726444602146 OK 14 13 0.41255900000000001 0.41239399999999998 0.098577999999999999 0.31251400000000001 0.31233 0 0.100045 0.10006399999999999 0.098577999999999999 0.011709000000000001 0.012130999999999999 0.011387 0.067267999999999967 0.067199999999999996 0.066930000000000003 0.0029659999999999999 0.0025739999999999999 0.0025349999999999999 0.00058999999999999992 0.00058699999999999996 0.00061700000000000004 9.022865621074077 9.022865621074077 9.022865621074077 0.0083151687524817587 0.0083151687524817587 0.0083151687524817587 1 1 1 Converged Converged Converged OK OK OK 65 65 65 65 65 65 7 7 7 0 0 0 0 0 1 0 0
21 21 uniform 1 7 216 1 0.001 2.5787437671361411 0.0098311214099135007 0.0061942605667403916 -2.1747058912150785 -0.010734047475804092 -2.175190659433345 0 2.2002957908976803 9.2050210685295664 OK 14 13 0.50392300000000001 0.40520800000000001 0.13276099999999999 0.36821999999999999 0.24904100000000001 0 0.13570300000000002 0.156167 0.13276099999999999 0.011389 0.011320999999999999 0.010467000000000001 0.096943000000000043 0.11797400000000001 0.095812000000000008 0.0038079999999999998 0.0037729999999999994 0.0037399999999999998 0.00093700000000000001 0.00091399999999999999 0.00094700000000000014 9.2058542267654264 9.2058542267654264 9.2058542267654264 0.006908178724576359 0.006908178724576359 0.006908178724576359 1 1 1 Converged Converged Converged OK OK OK 88 88 88 88 88 88 8 8 8 0 0 0 0 1 0 0 1
21 21 uniform 1 15 216 2 0.001 2.5787437671361411 0.0098311214099135007 0.0061942605667403916 -2.1747058912150785 -0.010734047475804092 -2.1743288492675377 0 2.199433980731873 9.3687128011824257 OK 14 13 0.466528 0.34524100000000002 0.13977500000000001 0.32081100000000001 0.192353 0 0.14571699999999999 0.15288800000000002 0.13977500000000001 0.011207 0.011386 0.010418999999999999 0.10805400000000003 0.11528499999999997 0.10424300000000002 0.0043029999999999995 0.0041909999999999994 0.0039710000000000006 0.0012019999999999999 0.0011610000000000001 0.001088 9.3687063005977684 9.3687063005977684 9.3687063005977684 0.0054914032707640507 0.0054914032707640507 0.0054914032707640507 1 1 1 Converged Converged Converged OK OK OK 96 96 96 96 96 96 8 8 8 0 0 0 0 1 0 0 1
21 21 uniform 1 23 216 3 0.001 2.5787437671361411 0.0098311214099135007 0.0061942605667403916 -2.1747058912150785 -0.010734047475804092 -2.1734670391017303 0 2.1985721705660657 9.4739069527301609 OK 14 13 0.48468699999999998 0.37803700000000001 0.135907 0.345522 0.22869800000000001 0 0.13916499999999998 0.149339 0.135907 0.01123 0.011261 0.010463999999999999 0.10298299999999996 0.11336299999999998 0.10162499999999998 0.0042429999999999994 0.0042860000000000007 0.0040080000000000003 0.0012199999999999999 0.001194 0.001093 9.4738994072477123 9.4738994072477123 9.4738994072477123 0.005253347087853002 0.005253347087853002 0.005253347087853002 1 1 1 Converged Converged Converged OK OK OK 96 96 96 96 96 96 8 8 8 0 0 0 0 1 0 0 1
21 21 uniform 1 0 216 0 0.0001 2.5787437671361411 0.0098311214099135007 0.0061942605667403916 -2.1747058912150785 -0.010734047475804092 -2.1759447433284267 0 2.201049874792762 9.0220726444602146 OK 14 13 0.50475899999999996 0.50124299999999999 0.190886 0.31313600000000003 0.30993399999999999 0 0.19162299999999993 0.19130900000000001 0.190886 0.011955 0.011950000000000001 0.0115 0.13313300000000006 0.13306899999999999 0.13266699999999998 0.0064270000000000004 0.0063110000000000006 0.0064750000000000007 0.0014979999999999998 0.0015079999999999998 0.0015450000000000001 9.0220727824843205 9.0220727824843205 9.0220727824843205 0.00056368047308828176 0.00056368047308828176 0.00056368047308828176 1 1 1 Converged Converged Converged OK OK OK 137 137 137 137 137 137 7 7 7 0 0 0 0 0 1 0 0
21 21 uniform 1 7 216 1 0.0001 2.5787437671361411 0.0098311214099135007 0.0061942605667403916 -2.1747058912150785 -0.010734047475804092 -2.175190659433345 0 2.2002957908976803 9.2050210685295664 OK 14 13 0.57446299999999995 0.48396899999999998 0.19908500000000001 0.37451499999999999 0.25228200000000001 0 0.19994799999999996 0.23168699999999998 0.19908500000000001 0.011122 0.011131 0.010567 0.14647700000000002 0.17793899999999999 0.1461859999999999 0.0070000000000000001 0.0069639999999999997 0.007241 0.001684 0.0017060000000000001 0.0016509999999999997 9.2050212066888157 9.2050212066888157 9.2050212066888157 0.00052901197172668243 0.00052901197172668243 0.00052901197172668243 1 1 1 Converged Converged Converged OK OK OK 152 152 152 152 152 152 8 8 8 0 0 0 0 1 0 0 1
21 21 uniform 1 15 216 2 0.0001 2.5787437671361411 0.0098311214099135007 0.0061942605667403916 -2.1747058912150785 -0.010734047475804092 -2.1743288492675377 0 2.199433980731873 9.3687128011824257 OK 14 13 0.51514000000000004 0.40416400000000002 0.18970300000000001 0.32447199999999998 0.190134 0 0.19066800000000006 0.21403000000000003 0.18970300000000001 0.011105 0.011374 0.010430999999999999 0.14439000000000007 0.16646099999999994 0.14462400000000003 0.006147999999999999 0.0065859999999999998 0.0060209999999999994 0.0015710000000000001 0.0016150000000000001 0.0015510000000000001 9.3687129916174676 9.3687129916174676 9.3687129916174676 0.00074120550605039982 0.00074120550605039982 0.00074120550605039982 1 1 1 Converged Converged Converged OK OK OK 136 136 136 136 136 136 8 8 8 0 0 0 0 1 0 0 1
21 21 uniform 1 23 216 3 0.0001 2.5787437671361411 0.0098311214099135007 0.0061942605667403916 -2.1747058912150785 -0.010734047475804092 -2.1734670391017303 0 2.1985721705660657 9.4739069527301609 OK 14 13 0.54469299999999998 0.44088100000000002 0.187892 0.355155 0.22356699999999999 0 0.18953799999999998 0.21731400000000003 0.187892 0.011187000000000001 0.011413 0.010503999999999999 0.14342099999999994 0.17030399999999998 0.14318800000000007 0.0061219999999999998 0.0062830000000000004 0.005934 0.001513 0.00172 0.0015889999999999999 9.4739068279656458 9.4739068279656458 9.4739068279656458 0.0006622902642375117 0.0006622902642375117 0.0006622902642375117 1 1 1 Converged Converged Converged OK OK OK 136 136 136 136 136 136 8 8 8 0 0 0 0 1 0 0 1
21 21 uniform 2 0 217 0 0.001 2.5787437671361411 0.0098311214099135007 0.0061942605667403916 0.0176987581663989 0.007980956500115554 0.016459906053050821 0 0.0086452254112845649 100.30255336820137 OK 13 12 0.65182799999999996 0.65425299999999997 0.124357 0.52249100000000004 0.527945 0 0.12933699999999992 0.12630799999999998 0.124357 0.010822999999999999 0.010716 0.010345999999999999 0.092075999999999977 0.089283000000000029 0.088590999999999989 0.0040239999999999998 0.0040559999999999988 0.003882 0.00094899999999999997 0.0010380000000000001 0.00092100000000000005 100.30254470381223 100.30254470381223 100.30254470381223 0.0056722568375161195 0.0056722568375161195 0.0056722568375161195 1 1 1 Converged Converged Converged OK OK OK 75 75 75 75 75 75 5 5 5 0 0 0 0 0 1 0 0
21 21 uniform 2 7 217 1 0.001 2.5787437671361411 0.0098311214099135007 0.0061942605667403916 0.0176987581663989 0.007980956500115554 0.017213989948132259 0 0.0078911415162031262 107.32711120378255 OK 13 12 0.528389 0.53593199999999996 0.103934 0.42328100000000002 0.29982300000000001 0 0.10510799999999998 0.23610899999999996 0.103934 0.0093410000000000003 0.0095589999999999998 0.0089770000000000006 0.076388999999999999 0.20666199999999998 0.076035999999999951 0.0032049999999999999 0.00347 0.003274 0.00075199999999999985 0.00078199999999999993 0.0007580000000000001 107.3271598750631 107.3271598750631 107.3271598750631 0.083527166212641363 0.083527166212641363 0.083527166212641363 1 1 1 Converged Converged Converged OK OK OK 67 67 67 67 67 67 5 5 5 0 0 0 0 1 0 0 1
21 21 uniform 2 15 217 2 0.001 2.5787437671361411 0.0098311214099135007 0.0061942605667403916 0.0176987581663989 0.007980956500115554 0.018075800113939621 0 0.0070293313503957643 118.83965685085803 OK 13 12 0.65406299999999995 0.68132800000000004 0.11451500000000001 0.53746499999999997 0.40412300000000001 0 0.11659799999999998 0.27720500000000003 0.11451500000000001 0.0094369999999999992 0.0095759999999999994 0.0088269999999999998 0.08928599999999999 0.24909599999999998 0.088287999999999978 0.0029429999999999999 0.0032230000000000002 0.0030009999999999998 0.00085799999999999982 0.00090400000000000007 0.00082200000000000003 118.83954582379326 118.83954582379326 118.83954582379326 0.047117556244550246 0.047117556244550246 0.047117556244550246 1 1 1 Converged Converged Converged OK OK OK 67 67 67 67 67 67 5 5 5 0 0 0 0 1 0 0 1
21 21 uniform 2 23 217 3 0.001 2.5787437671361411 0.0098311214099135007 0.0061942605667403916 0.0176987581663989 0.007980956500115554 0.01893761027974698 0 0.0061675211845884058 131.5803925106998 OK 13 12 0.68144099999999996 0.65133399999999997 0.098324999999999996 0.58013199999999998 0.450212 0 0.10130899999999998 0.20112199999999997 0.098324999999999996 0.0098150000000000008 0.0097599999999999996 0.0090419999999999997 0.076814000000000007 0.17702299999999999 0.075719000000000022 0.0025490000000000001 0.0023449999999999999 0.0022109999999999999 0.00066200000000000005 0.00066200000000000005 0.00063199999999999997 131.58056687222526 131.58056687222526 131.58056687222526 0.12568801918333483 0.12568801918333483 0.12568801918333483 1 1 1 Converged Converged Converged OK OK OK 58 58 58 58 58 58 6 6 6 0 0 0 0 1 0 0 1
21 21 uniform 2 0 217 0 0.0001 2.5787437671361411 0.0098311214099135007 0.0061942605667403916 0.0176987581663989 0.007980956500115554 0.016459906053050821 0 0.0086452254112845649 100.30255336820137 OK 13 12 0.65469100000000002 0.65228200000000003 0.124024 0.52955200000000002 0.52260499999999999 0 0.125139 0.12967700000000004 0.124024 0.010581 0.010723999999999999 0.010385999999999999 0.088745000000000004 0.093617999999999965 0.088227000000000042 0.0035759999999999998 0.0036250000000000002 0.0035729999999999998 0.00086499999999999988 0.00086799999999999996 0.00083000000000000012 100.30254470381223 100.30254470381223 100.30254470381223 0.0056722568375161195 0.0056722568375161195 0.0056722568375161195 1 1 1 Converged Converged Converged OK OK OK 75 75 75 75 75 75 5 5 5 0 0 0 0 0 1 0 0
21 21 uniform 2 7 217 1 0.0001 2.5787437671361411 0.0098311214099135007 0.0061942605667403916 0.0176987581663989 0.007980956500115554 0.017213989948132259 0 0.0078911415162031262 107.32711120378255 OK 13 12 0.54335800000000001 0.57080799999999998 0.115657 0.42633599999999999 0.30251800000000001 0 0.11702200000000001 0.26828999999999997 0.115657 0.0092999999999999992 0.0094500000000000001 0.0089339999999999992 0.086644000000000027 0.23768199999999995 0.085762999999999964 0.0034739999999999997 0.0035139999999999998 0.003722 0.00082899999999999988 0.00083199999999999995 0.0008160000000000001 107.32710043501845 107.32710043501845 107.32710043501845 0.0092940585759999639 0.0092940585759999639 0.0092940585759999639 1 1 1 Converged Converged Converged OK OK OK 75 75 75 75 75 75 5 5 5 0 0 0 0 1 0 0 1
21 21 uniform 2 15 217 2 0.0001 2.5787437671361411 0.0098311214099135007 0.0061942605667403916 0.0176987581663989 0.007980956500115554 0.018075800113939621 0 0.0070293313503957643 118.83965685085803 OK 13 12 0.67329600000000001 0.72092800000000001 0.13019 0.541215 0.40412900000000002 0 0.132081 0.316799 0.13019 0.0093830000000000007 0.0095490000000000002 0.0088140000000000007 0.098931999999999992 0.28326699999999994 0.098167999999999964 0.0037750000000000006 0.0038669999999999998 0.0038509999999999998 0.00099799999999999997 0.001003 0.001023 118.83961850554081 118.83961850554081 118.83961850554081 0.00052513843408163595 0.00052513843408163595 0.00052513843408163595 1 1 1 Converged Converged Converged OK OK OK 83 83 83 83 83 83 5 5 5 0 0 0 0 1 0 0 1
21 21 uniform 2 23 217 3 0.0001 2.5787437671361411 0.0098311214099135007 0.0061942605667403916 0.0176987581663989 0.007980956500115554 0.01893761027974698 0 0.0061675211845884058 131.5803925106998 OK 13 12 0.72029699999999997 0.76001399999999997 0.130388 0.58657300000000001 0.449299 0 0.13372399999999995 0.31071499999999996 0.130388 0.0097640000000000001 0.0095910000000000006 0.0091000000000000004 0.099314 0.27683099999999994 0.098278000000000018 0.0044749999999999998 0.004065 0.0038419999999999999 0.0011379999999999999 0.0010270000000000001 0.0010200000000000001 131.5803590510622 131.5803590510622 131.5803590510622 0.0015132723209215608 0.0015132723209215608 0.0015132723209215608 1 1 1 Converged Converged Converged OK OK OK 90 90 90 90 90 90 6 6 6 0 0 0 0 1 0 0 1
21 21 uniform 3 0 218 0 0.001 2.5787437671361411 0.0098311214099135007 0.0061942605667403916 -2.1603285148211189 0.026428081261957712 -2.161567366934467 0 2.1866724983988024 2.9500636454564706 OK 13 12 0.35790899999999998 0.360317 0.065472000000000002 0.29128500000000002 0.29128199999999999 0 0.066623999999999961 0.069035000000000013 0.065472000000000002 0.0089420000000000003 0.0089490000000000004 0.0085229999999999993 0.04170500000000002 0.044378999999999988 0.041375999999999996 0.0022920000000000002 0.0023090000000000003 0.0022099999999999997 0.00060099999999999997 0.00056999999999999998 0.00054000000000000001 2.9500634665866552 2.9500634665866552 2.9500634665866552 0.00114691378415376 0.00114691378415376 0.00114691378415376 1 1 1 Converged Converged Converged OK OK OK 45 45 45 45 45 45 3 3 3 0 0 0 0 0 1 0 0
21 21 uniform 3 7 218 1 0.001 2.5787437671361411 0.0098311214099135007 0.0061942605667403916 -2.1603285148211189 0.026428081261957712 -2.1608132830393854 0 2.1859184145037207 2.839349699915259 OK 13 12 0.351134 0.24459600000000001 0.0608 0.28904000000000002 0.15961800000000001 0 0.062093999999999983 0.084977999999999998 0.0608 0.0081630000000000001 0.0083210000000000003 0.0077029999999999998 0.039951999999999994 0.062665999999999999 0.039504999999999998 0.0022040000000000002 0.0022880000000000001 0.0022179999999999999 0.00056299999999999992 0.000562 0.00052999999999999998 2.8393495851036539 2.8393495851036539 2.8393495851036539 0.0010770528878494921 0.0010770528878494921 0.0010770528878494921 1 1 1 Converged Converged Converged OK OK OK 45 45 45 45 45 45 3 3 3 0 0 0 0 1 0 0 1
21 21 uniform 3 15 218 2 0.001 2.5787437671361411 0.0098311214099135007 0.0061942605667403916 -2.1603285148211189 0.026428081261957712 -2.159951472873578 0 2.1850566043379134 2.7356285106061713 OK 13 12 0.35412300000000002 0.24651600000000001 0.060913000000000002 0.29160700000000001 0.16467599999999999 0 0.062516000000000016 0.081840000000000024 0.060913000000000002 0.0080829999999999999 0.0082550000000000002 0.0076709999999999999 0.040374 0.059625000000000018 0.039776999999999986 0.0022010000000000003 0.002264 0.002166 0.00058399999999999999 0.00053499999999999999 0.00053299999999999995 2.7356284621670364 2.7356284621670364 2.7356284621670364 0.0010036162836389716 0.0010036162836389716 0.0010036162836389716 1 1 1 Converged Converged Converged OK OK OK 45 45 45 45 45 45 3 3 3 0 0 0 0 1 0 0 1
21 21 uniform 3 23 218 3 0.001 2.5787437671361411 0.0098311214099135007 0.0061942605667403916 -2.1603285148211189 0.026428081261957712 -2.1590896627077707 0 2.184194794172106 2.6490747446944698 OK 13 12 0.365948 0.26516099999999998 0.064754000000000006 0.29927199999999998 0.17882100000000001 0 0.066676000000000013 0.086339999999999972 0.064754000000000006 0.0081440000000000002 0.0082979999999999998 0.0076160000000000004 0.044179000000000003 0.064030000000000004 0.043766000000000006 0.002261 0.0022420000000000001 0.0021920000000000004 0.00064999999999999997 0.00063899999999999992 0.00058700000000000007 2.6490747353699877 2.6490747353699877 2.6490747353699877 0.00094018873284341606 0.00094018873284341606 0.00094018873284341606 1 1 1 Converged Converged Converged OK OK OK 45 45 45 45 45 45 3 3 3 0 0 0 0 1 0 0 1
21 21 uniform 3 0 218 0 0.0001 2.5787437671361411 0.0098311214099135007 0.0061942605667403916 -2.1603285148211189 0.026428081261957712 -2.161567366934467 0 2.1866724983988024 2.9500636454564706 OK 13 12 0.40546199999999999 0.39734599999999998 0.106771 0.297788 0.28957100000000002 0 0.10767399999999999 0.10777499999999995 0.106771 0.0088749999999999992 0.0089449999999999998 0.0086210000000000002 0.071351999999999999 0.071947000000000025 0.071305000000000035 0.003908 0.0039300000000000003 0.0038830000000000002 0.00082600000000000002 0.00078100000000000001 0.00081100000000000009 2.9500634767267013 2.9500634767267013 2.9500634767267013 8.1632501664896199e-06 8.1632501664896199e-06 8.1632501664896199e-06 1 1 1 Converged Converged Converged OK OK OK 77 77 77 77 77 77 3 3 3 0 0 0 0 0 1 0 0
21 21 uniform 3 7 218 1 0.0001 2.5787437671361411 0.0098311214099135007 0.0061942605667403916 -2.1603285148211189 0.026428081261957712 -2.1608132830393854 0 2.1859184145037207 2.839349699915259 OK 13 12 0.39749800000000002 0.29090300000000002 0.100553 0.29535600000000001 0.15744900000000001 0 0.10214200000000001 0.13345400000000002 0.100553 0.0083029999999999996 0.0082950000000000003 0.0077780000000000002 0.069992999999999958 0.10144899999999998 0.069638000000000005 0.003901 0.0039230000000000003 0.0038379999999999998 0.000767 0.00077400000000000006 0.00074600000000000003 2.8393495963409361 2.8393495963409361 2.8393495963409361 8.1431828055134311e-06 8.1431828055134311e-06 8.1431828055134311e-06 1 1 1 Converged Converged Converged OK OK OK 77 77 77 77 77 77 3 3 3 0 0 0 0 1 0 0 1
21 21 uniform 3 15 218 2 0.0001 2.5787437671361411 0.0098311214099135007 0.0061942605667403916 -2.1603285148211189 0.026428081261957712 -2.159951472873578 0 2.1850566043379134 2.7356285106061713 OK 13 12 0.391235 0.28942499999999999 0.099603999999999998 0.28911500000000001 0.163329 0 0.10211999999999999 0.12609599999999999 0.099603999999999998 0.0081399999999999997 0.0082690000000000003 0.0076670000000000002 0.069938999999999987 0.094242999999999993 0.068944999999999979 0.0040429999999999997 0.0039030000000000002 0.0038309999999999998 0.00076999999999999996 0.00076800000000000013 0.00075300000000000009 2.735628470534627 2.735628470534627 2.735628470534627 8.147141718609919e-06 8.147141718609919e-06 8.147141718609919e-06 1 1 1 Converged Converged Converged OK OK OK 77 77 77 77 77 77 3 3 3 0 0 0 0 1 0 0 1
21 21 uniform 3 23 218 3 0.0001 2.5787437671361411 0.0098311214099135007 0.0061942605667403916 -2.1603285148211189 0.026428081261957712 -2.1590896627077707 0 2.184194794172106 2.6490747446944698 OK 13 12 0.40645599999999998 0.311413 0.10527499999999999 0.29923499999999997 0.17677999999999999 0 0.10722100000000001 0.134633 0.10527499999999999 0.0081499999999999993 0.0083000000000000001 0.007613 0.075188000000000005 0.10300800000000002 0.074645000000000003 0.0039699999999999996 0.0039059999999999997 0.003849 0.00094200000000000013 0.00087699999999999996 0.00085700000000000001 2.6490747411447564 2.6490747411447564 2.6490747411447564 8.1551507351401992e-06 8.1551507351401992e-06 8.1551507351401992e-06 1 1 1 Converged Converged Converged OK OK OK 77 77 77 77 77 77 3 3 3 0 0 0 0 1 0 0 1
21 21 uniform 4 0 219 0 0.001 2.5787437671361411 0.0098311214099135007 0.0061942605667403916 -2.186169098918787 0.01793366816940448 -2.1874079510321351 0 2.2125130824964705 2.4096815429685301 OK 13 12 0.36277999999999999 0.36003600000000002 0.060777999999999999 0.30079699999999998 0.29834100000000002 0 0.06198300000000001 0.061695 0.060777999999999999 0.0088009999999999998 0.0089460000000000008 0.0084569999999999992 0.037149000000000001 0.037183999999999995 0.036791999999999998 0.002264 0.00215 0.0021949999999999999 0.00055400000000000002 0.00055200000000000008 0.000544 2.4096815224785884 2.4096815224785884 2.4096815224785884 0.00075729626110895062 0.00075729626110895062 0.00075729626110895062 1 1 1 Converged Converged Converged OK OK OK 45 45 45 45 45 45 3 3 3 0 0 0 0 0 1 0 0
21 21 uniform 4 7 219 1 0.001 2.5787437671361411 0.0098311214099135007 0.0061942605667403916 -2.186169098918787 0.01793366816940448 -2.1866538671370535 0 2.2117589986013888 2.4254611489787896 OK 13 12 0.35759999999999997 0.248748 0.060628000000000001 0.29213099999999997 0.166432 0 0.065468999999999999 0.082316 0.060628000000000001 0.0082170000000000003 0.0082640000000000005 0.0076519999999999999 0.043172000000000009 0.06015199999999999 0.039400999999999999 0.0022370000000000003 0.0021480000000000002 0.0021360000000000003 0.00054999999999999992 0.00054300000000000008 0.000531 2.4254611298270636 2.4254611298270636 2.4254611298270636 0.00076722520546921571 0.00076722520546921571 0.00076722520546921571 1 1 1 Converged Converged Converged OK OK OK 45 45 45 45 45 45 3 3 3 0 0 0 0 1 0 0 1
21 21 uniform 4 15 219 2 0.001 2.5787437671361411 0.0098311214099135007 0.0061942605667403916 -2.186169098918787 0.01793366816940448 -2.1857920569712461 0 2.2108971884355815 2.4455037430426931 OK 13 12 0.35735699999999998 0.249801 0.060372000000000002 0.2954 0.168182 0 0.061956999999999984 0.081618999999999997 0.060372000000000002 0.008201 0.0083649999999999992 0.0077409999999999996 0.039724000000000002 0.059384000000000006 0.039245000000000002 0.002189 0.0021700000000000001 0.0021350000000000002 0.00056300000000000002 0.00056099999999999998 0.00052599999999999999 2.4455037256515806 2.4455037256515806 2.4455037256515806 0.00078010264432292527 0.00078010264432292527 0.00078010264432292527 1 1 1 Converged Converged Converged OK OK OK 45 45 45 45 45 45 3 3 3 0 0 0 0 1 0 0 1
21 21 uniform 4 23 219 3 0.001 2.5787437671361411 0.0098311214099135007 0.0061942605667403916 -2.186169098918787 0.01793366816940448 -2.1849302468054388 0 2.2100353782697741 2.4679124453479715 OK 13 12 0.34460800000000003 0.25013000000000002 0.059130000000000002 0.28394999999999998 0.16716600000000001 0 0.060658000000000045 0.08296400000000001 0.059130000000000002 0.0081910000000000004 0.0081980000000000004 0.0076620000000000004 0.038342999999999995 0.061003000000000002 0.037964000000000005 0.002225 0.0022360000000000001 0.0022040000000000002 0.000571 0.00055400000000000002 0.00052599999999999999 2.4679124262261727 2.4679124262261727 2.4679124262261727 0.00079479857564277953 0.00079479857564277953 0.00079479857564277953 1 1 1 Converged Converged Converged OK OK OK 45 45 45 45 45 45 3 3 3 0 0 0 0 1 0 0 1
21 21 uniform 4 0 219 0 0.0001 2.5787437671361411 0.0098311214099135007 0.0061942605667403916 -2.186169098918787 0.01793366816940448 -2.1874079510321351 0 2.2125130824964705 2.4096815429685301 OK 13 12 0.39895399999999998 0.40307399999999999 0.101636 0.29576000000000002 0.29923899999999998 0 0.10319399999999995 0.10383500000000001 0.101636 0.0090840000000000001 0.0090699999999999999 0.0085819999999999994 0.066467999999999999 0.066714999999999997 0.066149999999999973 0.0038969999999999999 0.0042190000000000005 0.0038480000000000003 0.00085599999999999999 0.00086399999999999997 0.00077600000000000011 2.4096815243547987 2.4096815243547987 2.4096815243547987 7.838322659510689e-06 7.838322659510689e-06 7.838322659510689e-06 1 1 1 Converged Converged Converged OK OK OK 77 77 77 77 77 77 3 3 3 0 0 0 0 0 1 0 0
21 21 uniform 4 7 219 1 0.0001 2.5787437671361411 0.0098311214099135007 0.0061942605667403916 -2.186169098918787 0.01793366816940448 -2.1866538671370535 0 2.2117589986013888 2.4254611489787896 OK 13 12 0.39421299999999998 0.29498999999999997 0.09708 0.29607899999999998 0.167577 0 0.098133999999999999 0.12741299999999997 0.09708 0.0081899999999999994 0.0082799999999999992 0.0076990000000000001 0.066337000000000021 0.095252999999999963 0.065988999999999992 0.0039129999999999998 0.0040339999999999994 0.0038700000000000002 0.00079699999999999997 0.00083399999999999989 0.00077399999999999995 2.4254611317679236 2.4254611317679236 2.4254611317679236 7.8467305790211325e-06 7.8467305790211325e-06 7.8467305790211325e-06 1 1 1 Converged Converged Converged OK OK OK 77 77 77 77 77 77 3 3 3 0 0 0 0 1 0 0 1
21 21 uniform 4 15 219 2 0.0001 2.5787437671361411 0.0098311214099135007 0.0061942605667403916 -2.186169098918787 0.01793366816940448 -2.1857920569712461 0 2.2108971884355815 2.4455037430426931 OK 13 12 0.39911200000000002 0.29466399999999998 0.097927 0.29929099999999997 0.16625300000000001 0 0.099821000000000049 0.12841099999999997 0.097927 0.0081480000000000007 0.0082710000000000006 0.0077000000000000002 0.067863000000000021 0.096521000000000023 0.067277000000000017 0.0039630000000000004 0.0039060000000000002 0.0037760000000000003 0.00080300000000000011 0.00080100000000000006 0.00076200000000000009 2.4455037276956832 2.4455037276956832 2.4455037276956832 7.8564177877880067e-06 7.8564177877880067e-06 7.8564177877880067e-06 1 1 1 Converged Converged Converged OK OK OK 77 77 77 77 77 77 3 3 3 0 0 0 0 1 0 0 1
21 21 uniform 4 23 219 3 0.0001 2.5787437671361411 0.0098311214099135007 0.0061942605667403916 -2.186169098918787 0.01793366816940448 -2.1849302468054388 0 2.2100353782697741 2.4679124453479715 OK 13 12 0.384656 0.29683199999999998 0.093792 0.28915400000000002 0.16790099999999999 0 0.095501999999999976 0.12893099999999999 0.093792 0.0081309999999999993 0.0083040000000000006 0.0076059999999999999 0.063722000000000001 0.096967000000000039 0.063186999999999993 0.0038639999999999998 0.0039350000000000001 0.0037850000000000002 0.00079500000000000003 0.00080000000000000015 0.00077099999999999998 2.4679124284132881 2.4679124284132881 2.4679124284132881 7.8661909820463724e-06 7.8661909820463724e-06 7.8661909820463724e-06 1 1 1 Converged Converged Converged OK OK OK 77 77 77 77 77 77 3 3 3 0 0 0 0 1 0 0 1
22 22 linear 0 0 220 0 0.001 0.72117395053264477 0.011851354581547844 0.0097053373616251097 0.68593534781097498 -0.21383784691839064 0.68399428033864995 0.5 -0.67554749794908386 3.7028196728110876 OK 13 12 0.41510900000000001 0.41636800000000002 0.13138 0.27972599999999997 0.28367500000000001 0 0.13538300000000003 0.13269300000000001 0.13138 0.0094389999999999995 0.0095239999999999995 0.0090080000000000004 0.099121000000000015 0.097291000000000044 0.096610999999999989 0.0035970000000000004 0.003565 0.0034970000000000001 0.0010229999999999998 0.00096800000000000011 0.00090600000000000001 3.7028441215168066 3.7028441215168066 3.7028441215168066 0.0025075023827925897 0.0025075023827925897 0.0025075023827925897 1 1 1 Converged Converged Converged OK OK OK 81 81 81 81 81 81 7 7 7 0 0 0 0 0 1 0 0
22 22 linear 0 7 220 1 0.001 0.72117395053264477 0.011851354581547844 0.0097053373616251097 0.68593534781097498 -0.21383784691839064 0.68517579966963038 0.5 -0.67672901728006429 3.6330336872675817 OK 13 12 0.42002800000000001 0.31702900000000001 0.12523799999999999 0.29085499999999997 0.17483899999999999 0 0.12917300000000004 0.14219000000000001 0.12523799999999999 0.0085749999999999993 0.0085609999999999992 0.0080110000000000008 0.10080499999999995 0.114562 0.098417000000000032 0.0036910000000000003 0.0034280000000000005 0.0032970000000000005 0.00097299999999999991 0.00097900000000000005 0.00090300000000000005 3.6330683004018183 3.6330683004018183 3.6330683004018183 0.002458242418024639 0.002458242418024639 0.002458242418024639 1 1 1 Converged Converged Converged OK OK OK 81 81 81 81 81 81 7 7 7 0 0 0 0 1 0 0 1
22 22 linear 0 15 220 2 0.001 0.72117395053264477 0.011851354581547844 0.0097053373616251097 0.68593534781097498 -0.21383784691839064 0.68652610747646525 0.5 -0.67807932508689917 3.5538362583248242 OK 13 12 0.403615 0.31455300000000003 0.123349 0.27691900000000003 0.163274 0 0.12669599999999998 0.15127900000000002 0.123349 0.0083929999999999994 0.0084779999999999994 0.0079220000000000002 0.099233999999999919 0.12326999999999998 0.096685999999999966 0.003297 0.0034460000000000003 0.0032760000000000003 0.00088100000000000006 0.00094600000000000001 0.00090600000000000012 3.5538465944611182 3.5538465944611182 3.5538465944611182 0.0025104411454495625 0.0025104411454495625 0.0025104411454495625 1 1 1 Converged Converged Converged OK OK OK 81 81 81 81 81 81 7 7 7 0 0 0 0 1 0 0 1
22 22 linear 0 23 220 3 0.001 0.72117395053264477 0.011851354581547844 0.0097053373616251097 0.68593534781097498 -0.21383784691839064 0.68787641528330001 0.5 -0.67942963289373393 3.475520102073935 OK 13 12 0.37478400000000001 0.27782600000000002 0.108057 0.26297399999999999 0.147034 0 0.11181000000000002 0.13079200000000002 0.108057 0.0085039999999999994 0.008633 0.0080700000000000008 0.085231000000000001 0.10390700000000003 0.082428999999999975 0.0030240000000000002 0.0032599999999999999 0.0030429999999999997 0.00087000000000000001 0.00098799999999999995 0.00094200000000000002 3.4755289065463906 3.4755289065463906 3.4755289065463906 0.002505298130860532 0.002505298130860532 0.002505298130860532 1 1 1 Converged Converged Converged OK OK OK 74 74 74 74 74 74 6 6 6 0 0 0 0 1 0 0 1
22 22 linear 0 0 220 0 0.0001 0.72117395053264477 0.011851354581547844 0.0097053373616251097 0.68593534781097498 -0.21383784691839064 0.68399428033864995 0.5 -0.67554749794908386 3.7028196728110876 OK 13 12 0.44228099999999998 0.44034200000000001 0.15501499999999999 0.28388200000000002 0.283694 0 0.15839899999999996 0.15664800000000001 0.15501499999999999 0.0094350000000000007 0.0097429999999999999 0.0091369999999999993 0.11688700000000002 0.11459600000000005 0.11379700000000002 0.0042880000000000001 0.0044899999999999992 0.0044059999999999993 0.001057 0.0011610000000000001 0.001209 3.7028441227468312 3.7028441227468312 3.7028441227468312 0.00026233485385266883 0.00026233485385266883 0.00026233485385266883 1 1 1 Converged Converged Converged OK OK OK 97 97 97 97 97 97 7 7 7 0 0 0 0 0 1 0 0
22 22 linear 0 7 220 1 0.0001 0.72117395053264477 0.011851354581547844 0.0097053373616251097 0.68593534781097498 -0.21383784691839064 0.68517579966963038 0.5 -0.67672901728006429 3.6330336872675817 OK 13 12 0.44046000000000002 0.34588000000000002 0.146924 0.28933599999999998 0.16703200000000001 0 0.15112400000000004 0.17884800000000001 0.146924 0.0084150000000000006 0.0086280000000000003 0.0080420000000000005 0.11798300000000003 0.14087899999999995 0.114718 0.0043899999999999998 0.0043420000000000004 0.0042729999999999999 0.001083 0.001103 0.0010479999999999999 3.6330683016299208 3.6330683016299208 3.6330683016299208 0.00021466599084640997 0.00021466599084640997 0.00021466599084640997 1 1 1 Converged Converged Converged OK OK OK 97 97 97 97 97 97 7 7 7 0 0 0 0 1 0 0 1
22 22 linear 0 15 220 2 0.0001 0.72117395053264477 0.011851354581547844 0.0097053373616251097 0.68593534781097498 -0.21383784691839064 0.68652610747646525 0.5 -0.67807932508689917 3.5538362583248242 OK 13 12 0.42758800000000002 0.34714699999999998 0.146204 0.27672000000000002 0.161077 0 0.150868 0.18606999999999999 0.146204 0.0084840000000000002 0.0086529999999999992 0.0079340000000000001 0.117787 0.15307000000000001 0.11436600000000006 0.0043480000000000003 0.0042760000000000003 0.0042440000000000004 0.001039 0.0011000000000000001 0.0010759999999999999 3.553846595687058 3.553846595687058 3.553846595687058 0.00026867586496893514 0.00026867586496893514 0.00026867586496893514 1 1 1 Converged Converged Converged OK OK OK 97 97 97 97 97 97 7 7 7 0 0 0 0 1 0 0 1
22 22 linear 0 23 220 3 0.0001 0.72117395053264477 0.011851354581547844 0.0097053373616251097 0.68593534781097498 -0.21383784691839064 0.68787641528330001 0.5 -0.67942963289373393 3.475520102073935 OK 13 12 0.39951500000000001 0.31837900000000002 0.13128000000000001 0.26381199999999999 0.15204599999999999 0 0.13570300000000002 0.16633300000000004 0.13128000000000001 0.0085710000000000005 0.0088210000000000007 0.0080879999999999997 0.10385500000000004 0.133801 0.10059399999999999 0.0040800000000000003 0.0042529999999999998 0.0039270000000000008 0.001108 0.0011510000000000001 0.0011039999999999999 3.4755289077702223 3.4755289077702223 3.4755289077702223 0.00026533629955596079 0.00026533629955596079 0.00026533629955596079 1 1 1 Converged Converged Converged OK OK OK 90 90 90 90 90 90 6 6 6 0 0 0 0 1 0 0 1
22 22 linear 1 0 221 0 0.001 0.72117395053264477 0.011851354581547844 0.0097053373616251097 0.65094948060359481 0.22631082371204944 0.64900841313126978 0.5 -0.64056163074170369 4.0681511437892963 OK 14 13 0.60017299999999996 0.59302299999999997 0.22231999999999999 0.37304700000000002 0.36996099999999998 0 0.22712599999999994 0.22306199999999998 0.22231999999999999 0.012082000000000001 0.012321 0.011643000000000001 0.18021500000000001 0.175952 0.17608099999999988 0.0048789999999999997 0.0048659999999999997 0.0049789999999999991 0.001078 0.0010939999999999999 0.0010540000000000002 4.0681619255527304 4.0681619255527304 4.0681619255527304 0.0027694775347850216 0.0027694775347850216 0.0027694775347850216 1 1 1 Converged Converged Converged OK OK OK 97 97 97 97 97 97 7 7 7 0 0 0 0 0 1 0 0
22 22 linear 1 7 221 1 0.001 0.72117395053264477 0.011851354581547844 0.0097053373616251097 0.65094948060359481 0.22631082371204944 0.65018993246225021 0.5 -0.64174315007268412 4.0488062464241024 OK 14 13 0.70904900000000004 0.60127799999999998 0.215783 0.48602200000000001 0.33790300000000001 0 0.22302700000000003 0.26337499999999997 0.215783 0.011409000000000001 0.011244000000000001 0.010435 0.18389199999999997 0.22537700000000002 0.17884200000000003 0.0051309999999999993 0.0045710000000000004 0.0046109999999999996 0.0010249999999999999 0.000977 0.00097900000000000005 4.0488122293883615 4.0488122293883615 4.0488122293883615 0.0026079679729160712 0.0026079679729160712 0.0026079679729160712 1 1 1 Converged Converged Converged OK OK OK 97 97 97 97 97 97 7 7 7 0 0 0 0 1 0 0 1
22 22 linear 1 15 221 2 0.001 0.72117395053264477 0.011851354581547844 0.0097053373616251097 0.65094948060359481 0.22631082371204944 0.65154024026908508 0.5 -0.64309345787951899 3.9805221244037576 OK 14 13 0.61408099999999999 0.50267700000000004 0.21298800000000001 0.38980999999999999 0.25277899999999998 0 0.224271 0.24989800000000006 0.21298800000000001 0.011202999999999999 0.011342 0.010402 0.18136700000000008 0.21166000000000001 0.17626100000000008 0.0049479999999999993 0.0047669999999999995 0.0046930000000000001 0.0011509999999999999 0.0010379999999999999 0.00098600000000000011 3.9805313800074744 3.9805313800074744 3.9805313800074744 0.0033154403190579166 0.0033154403190579166 0.0033154403190579166 1 1 1 Converged Converged Converged OK OK OK 97 97 97 97 97 97 7 7 7 0 0 0 0 1 0 0 1
22 22 linear 1 23 221 3 0.001 0.72117395053264477 0.011851354581547844 0.0097053373616251097 0.65094948060359481 0.22631082371204944 0.65289054807591984 0.5 -0.64444376568635375 3.8480835232730426 OK 14 13 0.59167499999999995 0.50808699999999996 0.21929399999999999 0.36674000000000001 0.23660500000000001 0 0.22493499999999994 0.27148199999999995 0.21929399999999999 0.011136999999999999 0.011277000000000001 0.010499 0.18302300000000002 0.2291480000000001 0.17826699999999993 0.0051999999999999998 0.005274 0.0053310000000000007 0.0010929999999999998 0.0011690000000000001 0.001122 3.848076948463834 3.848076948463834 3.848076948463834 0.0022626356327490596 0.0022626356327490596 0.0022626356327490596 1 1 1 Converged Converged Converged OK OK OK 105 105 105 105 105 105 7 7 7 0 0 0 0 1 0 0 1
22 22 linear 1 0 221 0 0.0001 0.72117395053264477 0.011851354581547844 0.0097053373616251097 0.65094948060359481 0.22631082371204944 0.64900841313126978 0.5 -0.64056163074170369 4.0681511437892963 OK 14 13 0.725607 0.71179999999999999 0.34159400000000001 0.37491099999999999 0.36779600000000001 0 0.35069600000000001 0.34400399999999998 0.34159400000000001 0.012056000000000001 0.012499 0.011634 0.28178299999999989 0.27443899999999982 0.27344600000000008 0.0076 0.0077729999999999995 0.0076400000000000001 0.0016790000000000004 0.0017140000000000002 0.0016279999999999999 4.068162026911363 4.068162026911363 4.068162026911363 0.00016561083704679384 0.00016561083704679384 0.00016561083704679384 1 1 1 Converged Converged Converged OK OK OK 145 145 145 145 145 145 7 7 7 0 0 0 0 0 1 0 0
22 22 linear 1 7 221 1 0.0001 0.72117395053264477 0.011851354581547844 0.0097053373616251097 0.65094948060359481 0.22631082371204944 0.65018993246225021 0.5 -0.64174315007268412 4.0488062464241024 OK 14 13 0.80542999999999998 0.70264400000000005 0.31239699999999998 0.48033900000000002 0.33530300000000002 0 0.32509099999999996 0.36734100000000003 0.31239699999999998 0.011207999999999999 0.011302 0.010418 0.27516399999999996 0.31687600000000005 0.26352900000000001 0.0068110000000000011 0.0070520000000000001 0.0069720000000000008 0.0014119999999999998 0.0014419999999999999 0.0013959999999999999 4.048812133971083 4.048812133971083 4.048812133971083 0.00022253602940168943 0.00022253602940168943 0.00022253602940168943 1 1 1 Converged Converged Converged OK OK OK 137 137 137 137 137 137 7 7 7 0 0 0 0 1 0 0 1
22 22 linear 1 15 221 2 0.0001 0.72117395053264477 0.011851354581547844 0.0097053373616251097 0.65094948060359481 0.22631082371204944 0.65154024026908508 0.5 -0.64309345787951899 3.9805221244037576 OK 14 13 0.71877599999999997 0.62113600000000002 0.322052 0.39063700000000001 0.24832199999999999 0 0.32813899999999996 0.37281400000000003 0.322052 0.011327 0.011253000000000001 0.010533000000000001 0.27135199999999998 0.31566799999999995 0.26580499999999985 0.0081060000000000004 0.0085079999999999999 0.0081939999999999999 0.0016039999999999997 0.0016129999999999999 0.0015680000000000002 3.9805305723778939 3.9805305723778939 3.9805305723778939 0.00016893607866605288 0.00016893607866605288 0.00016893607866605288 1 1 1 Converged Converged Converged OK OK OK 153 153 153 153 153 153 7 7 7 0 0 0 0 1 0 0 1
22 22 linear 1 23 221 3 0.0001 0.72117395053264477 0.011851354581547844 0.0097053373616251097 0.65094948060359481 0.22631082371204944 0.65289054807591984 0.5 -0.64444376568635375 3.8480835232730426 OK 14 13 0.65831300000000004 0.58045100000000005 0.28503499999999998 0.36444799999999999 0.23805499999999999 0 0.29386500000000004 0.34239600000000003 0.28503499999999998 0.011195 0.011194000000000001 0.010503999999999999 0.24220099999999992 0.29138600000000009 0.23566400000000004 0.0077689999999999999 0.0072020000000000009 0.0070160000000000005 0.0014679999999999999 0.0014089999999999999 0.0013879999999999999 3.8480767562315457 3.8480767562315457 3.8480767562315457 0.00031713679319096195 0.00031713679319096195 0.00031713679319096195 1 1 1 Converged Converged Converged OK OK OK 137 137 137 137 137 137 7 7 7 0 0 0 0 1 0 0 1
22 22 linear 2 0 222 0 0.001 0.72117395053264477 0.011851354581547844 0.0097053373616251097 0.60907522821952953 0.20650045949104812 0.6071341607472045 0.5 -0.59868737835763841 2.5483682486154655 OK 13 12 0.37903799999999999 0.37908399999999998 0.097817000000000001 0.27421899999999999 0.27623300000000001 0 0.104819 0.10285099999999997 0.097817000000000001 0.0091529999999999997 0.0091000000000000004 0.0088070000000000006 0.073116000000000014 0.068017000000000036 0.067634999999999973 0.0034509999999999996 0.007065000000000001 0.0032459999999999998 0.00076199999999999998 0.00072099999999999996 0.00076300000000000001 2.5483663369443841 2.5483663369443841 2.5483663369443841 0.0022628735090401042 0.0022628735090401042 0.0022628735090401042 1 1 1 Converged Converged Converged OK OK OK 61 61 61 61 61 61 3 3 3 0 0 0 0 0 1 0 0
22 22 linear 2 7 222 1 0.001 0.72117395053264477 0.011851354581547844 0.0097053373616251097 0.60907522821952953 0.20650045949104812 0.60831568007818493 0.5 -0.59986889768861884 2.5698742928968197 OK 13 12 0.353103 0.27058100000000002 0.089036000000000004 0.25988699999999998 0.146096 0 0.093216000000000021 0.12448500000000001 0.089036000000000004 0.0084989999999999996 0.0083569999999999998 0.007724 0.065111000000000002 0.097050000000000025 0.062665999999999986 0.0034730000000000004 0.0033179999999999998 0.0031770000000000001 0.00076199999999999998 0.00070199999999999993 0.00071599999999999995 2.5698723161811974 2.5698723161811974 2.5698723161811974 0.0023522202852491137 0.0023522202852491137 0.0023522202852491137 1 1 1 Converged Converged Converged OK OK OK 61 61 61 61 61 61 3 3 3 0 0 0 0 1 0 0 1
22 22 linear 2 15 222 2 0.001 0.72117395053264477 0.011851354581547844 0.0097053373616251097 0.60907522821952953 0.20650045949104812 0.6096659878850198 0.5 -0.60121920549545371 2.5982577023442071 OK 13 12 0.361176 0.27184599999999998 0.092004000000000002 0.26613300000000001 0.14767 0 0.095042999999999989 0.12417599999999998 0.092004000000000002 0.0082109999999999995 0.0083499999999999998 0.0077450000000000001 0.067872000000000002 0.096396999999999997 0.065444000000000002 0.0032930000000000008 0.0034610000000000001 0.0034130000000000002 0.00071299999999999998 0.00077500000000000008 0.00071600000000000006 2.598255592914648 2.598255592914648 2.598255592914648 0.0024586559411936297 0.0024586559411936297 0.0024586559411936297 1 1 1 Converged Converged Converged OK OK OK 61 61 61 61 61 61 3 3 3 0 0 0 0 1 0 0 1
22 22 linear 2 23 222 3 0.001 0.72117395053264477 0.011851354581547844 0.0097053373616251097 0.60907522821952953 0.20650045949104812 0.61101629569185456 0.5 -0.60256951330228847 2.6532714432155067 OK 14 13 0.42336499999999999 0.35599700000000001 0.12612699999999999 0.29169899999999999 0.17702599999999999 0 0.13166600000000001 0.17897100000000002 0.12612699999999999 0.011454000000000001 0.011224 0.010593 0.094788000000000011 0.14244499999999999 0.091327999999999993 0.0042909999999999997 0.0043629999999999997 0.004032 0.001078 0.0010069999999999999 0.00098099999999999988 2.6532654708467875 2.6532654708467875 2.6532654708467875 0.0024721528187684693 0.0024721528187684693 0.0024721528187684693 1 1 1 Converged Converged Converged OK OK OK 76 76 76 76 76 76 4 4 4 0 0 0 0 1 0 0 1
22 22 linear 2 0 222 0 0.0001 0.72117395053264477 0.011851354581547844 0.0097053373616251097 0.60907522821952953 0.20650045949104812 0.6071341607472045 0.5 -0.59868737835763841 2.5483682486154655 OK 13 12 0.40476600000000001 0.39926699999999998 0.12282999999999999 0.28077999999999997 0.27818500000000002 0 0.12398600000000004 0.12108199999999997 0.12282999999999999 0.0092530000000000008 0.0091699999999999993 0.008907 0.086730000000000043 0.084288000000000002 0.086522000000000002 0.0041609999999999998 0.0041880000000000007 0.0041609999999999998 0.00091099999999999992 0.00092599999999999996 0.00086899999999999998 2.5483663577375619 2.5483663577375619 2.5483663577375619 9.1700207070625396e-05 9.1700207070625396e-05 9.1700207070625396e-05 1 1 1 Converged Converged Converged OK OK OK 77 77 77 77 77 77 3 3 3 0 0 0 0 0 1 0 0
22 22 linear 2 7 222 1 0.0001 0.72117395053264477 0.011851354581547844 0.0097053373616251097 0.60907522821952953 0.20650045949104812 0.60831568007818493 0.5 -0.59986889768861884 2.5698742928968197 OK 13 12 0.37674000000000002 0.29559000000000002 0.111331 0.26195000000000002 0.144292 0 0.11479 0.15129800000000002 0.111331 0.008182 0.0083470000000000003 0.0078289999999999992 0.082581000000000016 0.11921700000000002 0.079520999999999994 0.0041279999999999997 0.004156 0.0043949999999999996 0.00085000000000000006 0.00082600000000000013 0.00087600000000000004 2.5698723404483026 2.5698723404483026 2.5698723404483026 9.3708967967253299e-05 9.3708967967253299e-05 9.3708967967253299e-05 1 1 1 Converged Converged Converged OK OK OK 77 77 77 77 77 77 3 3 3 0 0 0 0 1 0 0 1
22 22 linear 2 15 222 2 0.0001 0.72117395053264477 0.011851354581547844 0.0097053373616251097 0.60907522821952953 0.20650045949104812 0.6096659878850198 0.5 -0.60121920549545371 2.5982577023442071 OK 13 12 0.384799 0.30799100000000001 0.112931 0.26395600000000002 0.14591999999999999 0 0.12084299999999998 0.16207100000000002 0.112931 0.0082360000000000003 0.00843 0.0077889999999999999 0.08839000000000001 0.12867899999999999 0.081641000000000019 0.0042529999999999998 0.0049449999999999997 0.0042540000000000008 0.00084000000000000014 0.000843 0.000834 2.598255594302989 2.598255594302989 2.598255594302989 9.6091210453801764e-05 9.6091210453801764e-05 9.6091210453801764e-05 1 1 1 Converged Converged Converged OK OK OK 77 77 77 77 77 77 3 3 3 0 0 0 0 1 0 0 1
22 22 linear 2 23 222 3 0.0001 0.72117395053264477 0.011851354581547844 0.0097053373616251097 0.60907522821952953 0.20650045949104812 0.61101629569185456 0.5 -0.60256951330228847 2.6532714432155067 OK 14 13 0.44442500000000001 0.385766 0.14579900000000001 0.29069200000000001 0.17651900000000001 0 0.15373300000000001 0.20924699999999999 0.14579900000000001 0.011148999999999999 0.011322 0.010518 0.112721 0.16722000000000001 0.10598699999999997 0.004901 0.0052960000000000004 0.0049100000000000003 0.0011040000000000002 0.001139 0.0011200000000000001 2.6532654722310332 2.6532654722310332 2.6532654722310332 0.00011193436431580919 0.00011193436431580919 0.00011193436431580919 1 1 1 Converged Converged Converged OK OK OK 92 92 92 92 92 92 4 4 4 0 0 0 0 1 0 0 1
22 22 linear 3 0 223 0 0.001 0.72117395053264477 0.011851354581547844 0.0097053373616251097 0.6297520284275997 0.2334493537491929 0.62781096095527467 0.5 -0.61936417856570858 2.1369292233100468 OK 13 12 0.38424799999999998 0.38231399999999999 0.098118999999999998 0.28164800000000001 0.28299800000000003 0 0.10259999999999997 0.09931599999999996 0.098118999999999998 0.0090600000000000003 0.0089689999999999995 0.0086669999999999994 0.070428000000000004 0.068526000000000017 0.068163999999999961 0.0036600000000000001 0.0033620000000000004 0.003248 0.00071499999999999992 0.00069300000000000004 0.00070299999999999996 2.1369280188748561 2.1369280188748561 2.1369280188748561 0.0013163791506695225 0.0013163791506695225 0.0013163791506695225 1 1 1 Converged Converged Converged OK OK OK 61 61 61 61 61 61 3 3 3 0 0 0 0 0 1 0 0
22 22 linear 3 7 223 1 0.001 0.72117395053264477 0.011851354581547844 0.0097053373616251097 0.6297520284275997 0.2334493537491929 0.6289924802862551 0.5 -0.62054569789668901 2.1431814447396249 OK 13 12 0.37429400000000002 0.28872399999999998 0.088803999999999994 0.281773 0.15820699999999999 0 0.09252100000000002 0.13051699999999999 0.088803999999999994 0.0083140000000000002 0.0081460000000000005 0.0077359999999999998 0.064686999999999995 0.10339199999999998 0.062414999999999971 0.0034380000000000001 0.0031799999999999997 0.0031740000000000002 0.00068500000000000006 0.00069799999999999994 0.00069999999999999999 2.1431801679760589 2.1431801679760589 2.1431801679760589 0.0013284790194683061 0.0013284790194683061 0.0013284790194683061 1 1 1 Converged Converged Converged OK OK OK 61 61 61 61 61 61 3 3 3 0 0 0 0 1 0 0 1
22 22 linear 3 15 223 2 0.001 0.72117395053264477 0.011851354581547844 0.0097053373616251097 0.6297520284275997 0.2334493537491929 0.63034278809308997 0.5 -0.62189600570352388 2.1513276016216043 OK 13 12 0.40354000000000001 0.32461200000000001 0.091662999999999994 0.30843300000000001 0.185368 0 0.095106999999999997 0.13924400000000001 0.091662999999999994 0.0080960000000000008 0.0081510000000000003 0.0077380000000000001 0.06779899999999997 0.11206899999999999 0.065386000000000027 0.0031279999999999997 0.0031710000000000002 0.0030759999999999997 0.00076000000000000004 0.00078800000000000007 0.00075799999999999999 2.1513263304419947 2.1513263304419947 2.1513263304419947 0.0013437498180891038 0.0013437498180891038 0.0013437498180891038 1 1 1 Converged Converged Converged OK OK OK 61 61 61 61 61 61 3 3 3 0 0 0 0 1 0 0 1
22 22 linear 3 23 223 3 0.001 0.72117395053264477 0.011851354581547844 0.0097053373616251097 0.6297520284275997 0.2334493537491929 0.63169309589992473 0.5 -0.62324631351035864 2.1607862732352059 OK 13 12 0.39318399999999998 0.306033 0.091961000000000001 0.297956 0.16925200000000001 0 0.095227999999999979 0.13678099999999999 0.091961000000000001 0.0081600000000000006 0.0082550000000000002 0.007718 0.068188000000000012 0.10961900000000002 0.065876999999999991 0.0030859999999999998 0.0032230000000000002 0.003045 0.00070400000000000009 0.00070600000000000014 0.00070100000000000002 2.1607849736514604 2.1607849736514604 2.1607849736514604 0.001360877568204533 0.001360877568204533 0.001360877568204533 1 1 1 Converged Converged Converged OK OK OK 61 61 61 61 61 61 3 3 3 0 0 0 0 1 0 0 1
22 22 linear 3 0 223 0 0.0001 0.72117395053264477 0.011851354581547844 0.0097053373616251097 0.6297520284275997 0.2334493537491929 0.62781096095527467 0.5 -0.61936417856570858 2.1369292233100468 OK 13 12 0.40671800000000002 0.40736800000000001 0.12242500000000001 0.28085199999999999 0.283779 0 0.12586600000000003 0.123589 0.12242500000000001 0.0090229999999999998 0.0091149999999999998 0.0086449999999999999 0.08898799999999997 0.087030999999999983 0.086595999999999979 0.0041780000000000003 0.0041260000000000003 0.0040530000000000002 0.00086300000000000005 0.00082799999999999996 0.00081999999999999998 2.1369280206333978 2.1369280206333978 2.1369280206333978 0.00021332869147424531 0.00021332869147424531 0.00021332869147424531 1 1 1 Converged Converged Converged OK OK OK 77 77 77 77 77 77 3 3 3 0 0 0 0 0 1 0 0
22 22 linear 3 7 223 1 0.0001 0.72117395053264477 0.011851354581547844 0.0097053373616251097 0.6297520284275997 0.2334493537491929 0.6289924802862551 0.5 -0.62054569789668901 2.1431814447396249 OK 13 12 0.42620799999999998 0.36008699999999999 0.14199999999999999 0.27832899999999999 0.161694 0 0.14787899999999998 0.19839299999999999 0.14199999999999999 0.00826 0.0094350000000000007 0.007757 0.10441100000000002 0.15827000000000002 0.10466999999999999 0.0050169999999999998 0.0051619999999999999 0.0049519999999999998 0.00096199999999999996 0.00094600000000000001 0.00092200000000000008 2.1431801699567932 2.1431801699567932 2.1431801699567932 1.1820586755692402e-08 1.1820586755692402e-08 1.1820586755692402e-08 1 1 1 Converged Converged Converged OK OK OK 93 93 93 93 93 93 3 3 3 0 0 0 0 1 0 0 1
22 22 linear 3 15 223 2 0.0001 0.72117395053264477 0.011851354581547844 0.0097053373616251097 0.6297520284275997 0.2334493537491929 0.63034278809308997 0.5 -0.62189600570352388 2.1513276016216043 OK 13 12 0.45192100000000002 0.39414700000000003 0.14283199999999999 0.30570999999999998 0.186441 0 0.14621100000000004 0.20770600000000003 0.14283199999999999 0.0082030000000000002 0.0082620000000000002 0.0089809999999999994 0.10897200000000001 0.17053699999999991 0.10553700000000001 0.0049839999999999988 0.0050089999999999996 0.0049259999999999998 0.001011 0.001024 0.00097900000000000005 2.1513263325063696 2.1513263325063696 2.1513263325063696 1.2112142070109948e-08 1.2112142070109948e-08 1.2112142070109948e-08 1 1 1 Converged Converged Converged OK OK OK 93 93 93 93 93 93 3 3 3 0 0 0 0 1 0 0 1
22 22 linear 3 23 223 3 0.0001 0.72117395053264477 0.011851354581547844 0.0097053373616251097 0.6297520284275997 0.2334493537491929 0.63169309589992473 0.5 -0.62324631351035864 2.1607862732352059 OK 13 12 0.443081 0.36269299999999999 0.13949600000000001 0.29932599999999998 0.16880700000000001 0 0.14375500000000002 0.19388599999999998 0.13949600000000001 0.0081949999999999992 0.0083149999999999995 0.0077010000000000004 0.10690000000000004 0.15683800000000006 0.10363200000000003 0.0048890000000000001 0.0050229999999999997 0.0047940000000000005 0.00090899999999999998 0.00091500000000000001 0.0009140000000000001 2.1607849758366182 2.1607849758366182 2.1607849758366182 1.2459491537600774e-08 1.2459491537600774e-08 1.2459491537600774e-08 1 1 1 Converged Converged Converged OK OK OK 93 93 93 93 93 93 3 3 3 0 0 0 0 1 0 0 1
22 22 linear 4 0 224 0 0.001 0.72117395053264477 0.011851354581547844 0.0097053373616251097 0.61730078239062158 0.18053281207565999 0.61535971491829655 0.5 -0.60691293252873046 1.7915548395688035 OK 13 12 0.38469900000000001 0.37732599999999999 0.12121 0.25462099999999999 0.25573899999999999 0 0.13007800000000003 0.121587 0.12121 0.0092610000000000001 0.0090290000000000006 0.0087729999999999995 0.09551199999999993 0.087608999999999992 0.087532000000000026 0.0036409999999999997 0.0035180000000000003 0.0037550000000000005 0.00092400000000000013 0.00088899999999999992 0.00091600000000000004 1.7915537159851744 1.7915537159851744 1.7915537159851744 8.665767475578794e-05 8.665767475578794e-05 8.665767475578794e-05 1 1 1 Converged Converged Converged OK OK OK 76 76 76 76 76 76 4 4 4 0 0 0 0 0 1 0 0
22 22 linear 4 7 224 1 0.001 0.72117395053264477 0.011851354581547844 0.0097053373616251097 0.61730078239062158 0.18053281207565999 0.61654123424927698 0.5 -0.60809445185971089 1.7746586879075921 OK 13 12 0.369811 0.28370899999999999 0.101109 0.26329000000000002 0.14293500000000001 0 0.10652099999999998 0.14077399999999998 0.101109 0.0085710000000000005 0.0083929999999999994 0.007718 0.07774600000000001 0.11362999999999997 0.075100999999999973 0.0038109999999999997 0.0032680000000000001 0.0031910000000000003 0.00078000000000000009 0.0007580000000000001 0.00072000000000000005 1.7746575547981962 1.7746575547981962 1.7746575547981962 0.0014420776108332221 0.0014420776108332221 0.0014420776108332221 1 1 1 Converged Converged Converged OK OK OK 68 68 68 68 68 68 4 4 4 0 0 0 0 1 0 0 1
22 22 linear 4 15 224 2 0.001 0.72117395053264477 0.011851354581547844 0.0097053373616251097 0.61730078239062158 0.18053281207565999 0.61789154205611185 0.5 -0.60944475966654577 1.7570836140542645 OK 13 12 0.37876500000000002 0.28585899999999997 0.107017 0.26715800000000001 0.15046200000000001 0 0.11160700000000001 0.13539699999999996 0.107017 0.008463 0.0083809999999999996 0.0077039999999999999 0.083687000000000011 0.10831300000000002 0.081165999999999988 0.0036759999999999996 0.0033449999999999999 0.0031539999999999997 0.00081100000000000009 0.000776 0.00072900000000000005 1.7570825281723679 1.7570825281723679 1.7570825281723679 0.00095033903764317311 0.00095033903764317311 0.00095033903764317311 1 1 1 Converged Converged Converged OK OK OK 68 68 68 68 68 68 4 4 4 0 0 0 0 1 0 0 1
22 22 linear 4 23 224 3 0.001 0.72117395053264477 0.011851354581547844 0.0097053373616251097 0.61730078239062158 0.18053281207565999 0.61924184986294661 0.5 -0.61079506747338053 1.7411084766447953 OK 13 12 0.38184600000000002 0.29353099999999999 0.10498399999999999 0.27349899999999999 0.15728600000000001 0 0.10834700000000003 0.13624499999999998 0.10498399999999999 0.0082500000000000004 0.0083230000000000005 0.0076730000000000001 0.081586999999999965 0.10903800000000002 0.079372999999999985 0.0032230000000000002 0.003454 0.003127 0.00072300000000000001 0.00076100000000000007 0.00071299999999999998 1.7411074131693021 1.7411074131693021 1.7411074131693021 0.0006242777492615209 0.0006242777492615209 0.0006242777492615209 1 1 1 Converged Converged Converged OK OK OK 68 68 68 68 68 68 4 4 4 0 0 0 0 1 0 0 1
22 22 linear 4 0 224 0 0.0001 0.72117395053264477 0.011851354581547844 0.0097053373616251097 0.61730078239062158 0.18053281207565999 0.61535971491829655 0.5 -0.60691293252873046 1.7915548395688035 OK 13 12 0.38273499999999999 0.37692700000000001 0.12064800000000001 0.25780500000000001 0.25494600000000001 0 0.12492999999999999 0.12198100000000001 0.12064800000000001 0.0090840000000000001 0.0092230000000000003 0.0086859999999999993 0.09050699999999999 0.088004999999999986 0.087566000000000005 0.0036530000000000004 0.0036320000000000002 0.0033950000000000004 0.00098700000000000003 0.00091500000000000001 0.00090100000000000011 1.7915537159851744 1.7915537159851744 1.7915537159851744 8.665767475578794e-05 8.665767475578794e-05 8.665767475578794e-05 1 1 1 Converged Converged Converged OK OK OK 76 76 76 76 76 76 4 4 4 0 0 0 0 0 1 0 0
22 22 linear 4 7 224 1 0.0001 0.72117395053264477 0.011851354581547844 0.0097053373616251097 0.61730078239062158 0.18053281207565999 0.61654123424927698 0.5 -0.60809445185971089 1.7746586879075921 OK 13 12 0.37873000000000001 0.29549999999999998 0.11465400000000001 0.26364599999999999 0.141015 0 0.11508400000000002 0.15448499999999998 0.11465400000000001 0.008371 0.0084749999999999999 0.0079070000000000008 0.085835999999999982 0.125553 0.086311000000000027 0.0036289999999999998 0.0036059999999999998 0.0035209999999999998 0.00085299999999999992 0.0007980000000000001 0.00086200000000000003 1.7746575628550134 1.7746575628550134 1.7746575628550134 8.775765115432937e-05 8.775765115432937e-05 8.775765115432937e-05 1 1 1 Converged Converged Converged OK OK OK 76 76 76 76 76 76 4 4 4 0 0 0 0 1 0 0 1
22 22 linear 4 15 224 2 0.0001 0.72117395053264477 0.011851354581547844 0.0097053373616251097 0.61730078239062158 0.18053281207565999 0.61789154205611185 0.5 -0.60944475966654577 1.7570836140542645 OK 13 12 0.38830300000000001 0.29488199999999998 0.11702899999999999 0.26682 0.14796000000000001 0 0.12148300000000001 0.14692199999999997 0.11702899999999999 0.0083750000000000005 0.0084010000000000005 0.0077159999999999998 0.092393000000000031 0.11805300000000001 0.089472999999999997 0.0037090000000000001 0.0037199999999999998 0.0035699999999999998 0.00084000000000000003 0.00087399999999999999 0.00080699999999999999 1.7570825337226987 1.7570825337226987 1.7570825337226987 8.9541638067593433e-05 8.9541638067593433e-05 8.9541638067593433e-05 1 1 1 Converged Converged Converged OK OK OK 76 76 76 76 76 76 4 4 4 0 0 0 0 1 0 0 1
22 22 linear 4 23 224 3 0.0001 0.72117395053264477 0.011851354581547844 0.0097053373616251097 0.61730078239062158 0.18053281207565999 0.61924184986294661 0.5 -0.61079506747338053 1.7411084766447953 OK 13 12 0.390594 0.30679000000000001 0.114915 0.27185399999999998 0.15484999999999999 0 0.11874000000000001 0.15194000000000002 0.114915 0.0083160000000000005 0.0083859999999999994 0.0077429999999999999 0.090334999999999971 0.12290500000000006 0.087666999999999967 0.0034870000000000005 0.0038179999999999998 0.0034660000000000003 0.00082700000000000004 0.00087699999999999996 0.00079200000000000006 1.7411074164973044 1.7411074164973044 1.7411074164973044 9.2697579182388692e-05 9.2697579182388692e-05 9.2697579182388692e-05 1 1 1 Converged Converged Converged OK OK OK 76 76 76 76 76 76 4 4 4 0 0 0 0 1 0 0 1
22 22 uniform 0 0 225 0 0.001 0.72117395053264477 0.011851354581547844 0.0097053373616251097 0.68593534781097498 -0.21383784691839064 0.68399428033864995 0 -0.67554749794908386 3.638861684532035 OK 13 12 0.39699600000000002 0.39382699999999998 0.115567 0.276947 0.27866099999999999 0 0.12004900000000002 0.11516599999999999 0.115567 0.0093729999999999994 0.0094450000000000003 0.0090570000000000008 0.084856000000000029 0.080807999999999991 0.08091999999999995 0.0031519999999999999 0.0029689999999999999 0.0032069999999999998 0.00091199999999999983 0.00084599999999999996 0.0009189999999999999 3.6388616487739101 3.6388616487739101 3.6388616487739101 0.00061344547748139763 0.00061344547748139763 0.00061344547748139763 1 1 1 Converged Converged Converged OK OK OK 81 81 81 81 81 81 7 7 7 0 0 0 0 0 1 0 0
22 22 uniform 0 7 225 1 0.001 0.72117395053264477 0.011851354581547844 0.0097053373616251097 0.68593534781097498 -0.21383784691839064 0.68517579966963038 0 -0.67672901728006429 3.5758045099926141 OK 13 12 0.39444899999999999 0.294402 0.108644 0.28448000000000001 0.16905400000000001 0 0.10996899999999998 0.12534799999999999 0.108644 0.0085229999999999993 0.0085430000000000002 0.0079670000000000001 0.08267999999999999 0.098201000000000011 0.082346000000000003 0.003019 0.002983 0.0029480000000000001 0.00093700000000000012 0.00087000000000000011 0.00087499999999999991 3.5758042817689462 3.5758042817689462 3.5758042817689462 0.00059932264072528685 0.00059932264072528685 0.00059932264072528685 1 1 1 Converged Converged Converged OK OK OK 81 81 81 81 81 81 7 7 7 0 0 0 0 1 0 0 1
22 22 uniform 0 15 225 2 0.001 0.72117395053264477 0.011851354581547844 0.0097053373616251097 0.68593534781097498 -0.21383784691839064 0.68652610747646525 0 -0.67807932508689917 3.5039640404894867 OK 13 12 0.38545400000000002 0.28970299999999999 0.106948 0.27754899999999999 0.159002 0 0.10790500000000003 0.13070099999999998 0.106948 0.0083909999999999992 0.0085240000000000003 0.0079129999999999999 0.08094999999999998 0.10346199999999993 0.08093000000000003 0.0030690000000000001 0.003101 0.0029549999999999997 0.00086499999999999999 0.00086800000000000006 0.00086700000000000004 3.5039648141151405 3.5039648141151405 3.5039648141151405 0.00070572122126099756 0.00070572122126099756 0.00070572122126099756 1 1 1 Converged Converged Converged OK OK OK 81 81 81 81 81 81 7 7 7 0 0 0 0 1 0 0 1
22 22 uniform 0 23 225 3 0.001 0.72117395053264477 0.011851354581547844 0.0097053373616251097 0.68593534781097498 -0.21383784691839064 0.68787641528330001 0 -0.67942963289373393 3.4326023013910123 OK 13 12 0.35630899999999999 0.25927800000000001 0.093146000000000007 0.26205800000000001 0.14442099999999999 0 0.094250999999999974 0.11485700000000001 0.093146000000000007 0.0085190000000000005 0.0085550000000000001 0.0080470000000000003 0.068196999999999952 0.088873999999999995 0.067948000000000008 0.0027680000000000001 0.0028019999999999998 0.0028049999999999998 0.00087199999999999995 0.00084000000000000003 0.00086000000000000009 3.4326021968176819 3.4326021968176819 3.4326021968176819 0.00068015528001414457 0.00068015528001414457 0.00068015528001414457 1 1 1 Converged Converged Converged OK OK OK 74 74 74 74 74 74 6 6 6 0 0 0 0 1 0 0 1
22 22 uniform 0 0 225 0 0.0001 0.72117395053264477 0.011851354581547844 0.0097053373616251097 0.68593534781097498 -0.21383784691839064 0.68399428033864995 0 -0.67554749794908386 3.638861684532035 OK 13 12 0.41805300000000001 0.41348699999999999 0.14025799999999999 0.28181400000000001 0.27715099999999998 0 0.136239 0.13633600000000001 0.14025799999999999 0.0094940000000000007 0.0095899999999999996 0.0091369999999999993 0.095045000000000004 0.095226000000000019 0.099856999999999987 0.003885 0.0039150000000000001 0.0038050000000000002 0.0010770000000000003 0.0010219999999999999 0.001091 3.6388616487804155 3.6388616487804155 3.6388616487804155 0.00014559535794084918 0.00014559535794084918 0.00014559535794084918 1 1 1 Converged Converged Converged OK OK OK 97 97 97 97 97 97 7 7 7 0 0 0 0 0 1 0 0
22 22 uniform 0 7 225 1 0.0001 0.72117395053264477 0.011851354581547844 0.0097053373616251097 0.68593534781097498 -0.21383784691839064 0.68517579966963038 0 -0.67672901728006429 3.5758045099926141 OK 13 12 0.41519600000000001 0.32396000000000003 0.126969 0.28603699999999999 0.16820599999999999 0 0.12915900000000002 0.15575400000000003 0.126969 0.0085819999999999994 0.0087690000000000008 0.0079690000000000004 0.096461999999999978 0.121709 0.095617999999999981 0.0039290000000000002 0.0047299999999999998 0.0038709999999999994 0.001219 0.0011559999999999999 0.0010300000000000001 3.5758042817753211 3.5758042817753211 3.5758042817753211 0.00013181608209735231 0.00013181608209735231 0.00013181608209735231 1 1 1 Converged Converged Converged OK OK OK 97 97 97 97 97 97 7 7 7 0 0 0 0 1 0 0 1
22 22 uniform 0 15 225 2 0.0001 0.72117395053264477 0.011851354581547844 0.0097053373616251097 0.68593534781097498 -0.21383784691839064 0.68652610747646525 0 -0.67807932508689917 3.5039640404894867 OK 13 12 0.40650900000000001 0.32705499999999998 0.126827 0.27840900000000002 0.15837399999999999 0 0.12809999999999999 0.168681 0.126827 0.0083929999999999994 0.0085900000000000004 0.0079039999999999996 0.095867999999999981 0.13592099999999999 0.095423000000000008 0.0039899999999999996 0.0041220000000000007 0.0039649999999999998 0.0010380000000000001 0.0010819999999999998 0.0010660000000000001 3.5039648141213808 3.5039648141213808 3.5039648141213808 0.00023860555172235365 0.00023860555172235365 0.00023860555172235365 1 1 1 Converged Converged Converged OK OK OK 97 97 97 97 97 97 7 7 7 0 0 0 0 1 0 0 1
22 22 uniform 0 23 225 3 0.0001 0.72117395053264477 0.011851354581547844 0.0097053373616251097 0.68593534781097498 -0.21383784691839064 0.68787641528330001 0 -0.67942963289373393 3.4326023013910123 OK 13 12 0.37781399999999998 0.29222900000000002 0.112765 0.26351400000000003 0.14515800000000001 0 0.11429999999999996 0.14707100000000001 0.112765 0.0085979999999999997 0.0086429999999999996 0.0081019999999999998 0.083084000000000033 0.11596399999999997 0.082618999999999998 0.0037080000000000004 0.0036909999999999998 0.003689 0.0010309999999999998 0.001013 0.00097099999999999997 3.4326021968238143 3.4326021968238143 3.4326021968238143 0.00021342864313776187 0.00021342864313776187 0.00021342864313776187 1 1 1 Converged Converged Converged OK OK OK 90 90 90 90 90 90 6 6 6 0 0 0 0 1 0 0 1
22 22 uniform 1 0 226 0 0.001 0.72117395053264477 0.011851354581547844 0.0097053373616251097 0.65094948060359481 0.22631082371204944 0.64900841313126978 0 -0.64056163074170369 4.0253286412071301 OK 14 13 0.51283100000000004 0.50890999999999997 0.139569 0.370259 0.368064 0 0.14257200000000003 0.14084599999999997 0.139569 0.012311000000000001 0.012126 0.011677999999999999 0.10137300000000003 0.10048299999999998 0.10001399999999996 0.0035789999999999997 0.0034970000000000001 0.0034190000000000002 0.00096000000000000002 0.00095500000000000001 0.00089099999999999997 4.0253292602520254 4.0253292602520254 4.0253292602520254 0.0019918122359912161 0.0019918122359912161 0.0019918122359912161 1 1 1 Converged Converged Converged OK OK OK 81 81 81 81 81 81 7 7 7 0 0 0 0 0 1 0 0
22 22 uniform 1 7 226 1 0.001 0.72117395053264477 0.011851354581547844 0.0097053373616251097 0.65094948060359481 0.22631082371204944 0.65018993246225021 0 -0.64174315007268412 4.0126849072624395 OK 14 13 0.61366600000000004 0.51223200000000002 0.137266 0.47325400000000001 0.33766699999999999 0 0.14041200000000004 0.17456500000000003 0.137266 0.011303000000000001 0.011306 0.010397 0.10708399999999997 0.14164700000000002 0.10583700000000001 0.0033710000000000003 0.003493 0.0033739999999999998 0.00092000000000000003 0.00087500000000000002 0.00084999999999999984 4.01268648463454 4.01268648463454 4.01268648463454 0.0016758651233821711 0.0016758651233821711 0.0016758651233821711 1 1 1 Converged Converged Converged OK OK OK 81 81 81 81 81 81 7 7 7 0 0 0 0 1 0 0 1
22 22 uniform 1 15 226 2 0.001 0.72117395053264477 0.011851354581547844 0.0097053373616251097 0.65094948060359481 0.22631082371204944 0.65154024026908508 0 -0.64309345787951899 3.9585292516578567 OK 14 13 0.53252299999999997 0.41421999999999998 0.13992099999999999 0.39071899999999998 0.24762600000000001 0 0.14180399999999999 0.16659399999999996 0.13992099999999999 0.011279000000000001 0.011233 0.010396000000000001 0.108746 0.133599 0.108376 0.0034290000000000002 0.0035100000000000001 0.0034380000000000005 0.00088699999999999998 0.00085899999999999995 0.00077300000000000003 3.9585325655607653 3.9585325655607653 3.9585325655607653 0.0029798759384717585 0.0029798759384717585 0.0029798759384717585 1 1 1 Converged Converged Converged OK OK OK 81 81 81 81 81 81 7 7 7 0 0 0 0 1 0 0 1
22 22 uniform 1 23 226 3 0.001 0.72117395053264477 0.011851354581547844 0.0097053373616251097 0.65094948060359481 0.22631082371204944 0.65289054807591984 0 -0.64444376568635375 3.8373448226798077 OK 14 13 0.50157300000000005 0.40210499999999999 0.134213 0.36138500000000001 0.23572699999999999 0 0.14018800000000003 0.166378 0.134213 0.01103 0.0112 0.010383999999999999 0.107792 0.13376000000000005 0.10296099999999998 0.0034129999999999994 0.0035279999999999999 0.0034119999999999997 0.00085400000000000005 0.00083800000000000009 0.00082700000000000004 3.8373433288687848 3.8373433288687848 3.8373433288687848 0.0038026911305005474 0.0038026911305005474 0.0038026911305005474 1 1 1 Converged Converged Converged OK OK OK 81 81 81 81 81 81 7 7 7 0 0 0 0 1 0 0 1
22 22 uniform 1 0 226 0 0.0001 0.72117395053264477 0.011851354581547844 0.0097053373616251097 0.65094948060359481 0.22631082371204944 0.64900841313126978 0 -0.64056163074170369 4.0253286412071301 OK 14 13 0.61033899999999996 0.61332299999999995 0.24312600000000001 0.36739699999999997 0.36593199999999998 0 0.24294199999999999 0.24739099999999997 0.24312600000000001 0.012185 0.012248 0.011580999999999999 0.17382300000000003 0.17905100000000002 0.17604900000000001 0.007363999999999999 0.0071380000000000002 0.0070699999999999999 0.0017760000000000002 0.0017119999999999998 0.0016300000000000002 4.0253294389974332 4.0253294389974332 4.0253294389974332 0.00018815340355121649 0.00018815340355121649 0.00018815340355121649 1 1 1 Converged Converged Converged OK OK OK 145 145 145 145 145 145 7 7 7 0 0 0 0 0 1 0 0
22 22 uniform 1 7 226 1 0.0001 0.72117395053264477 0.011851354581547844 0.0097053373616251097 0.65094948060359481 0.22631082371204944 0.65018993246225021 0 -0.64174315007268412 4.0126849072624395 OK 14 13 0.68081100000000006 0.59179999999999999 0.19989499999999999 0.47782599999999997 0.33723900000000001 0 0.20298500000000008 0.25456099999999998 0.19989499999999999 0.011268 0.011221 0.010436000000000001 0.15422999999999984 0.20660400000000004 0.15297000000000002 0.0067360000000000007 0.0063339999999999994 0.0064150000000000006 0.0015100000000000001 0.001415 0.0014739999999999998 4.0126862725421732 4.0126862725421732 4.0126862725421732 0.00030381428821600826 0.00030381428821600826 0.00030381428821600826 1 1 1 Converged Converged Converged OK OK OK 137 137 137 137 137 137 7 7 7 0 0 0 0 1 0 0 1
22 22 uniform 1 15 226 2 0.0001 0.72117395053264477 0.011851354581547844 0.0097053373616251097 0.65094948060359481 0.22631082371204944 0.65154024026908508 0 -0.64309345787951899 3.9585292516578567 OK 14 13 0.63640699999999994 0.54310899999999995 0.24030099999999999 0.39053300000000002 0.25118499999999999 0 0.24587399999999993 0.29192399999999996 0.24030099999999999 0.011511 0.011291000000000001 0.010487 0.18925099999999992 0.23584399999999997 0.18535299999999993 0.0073410000000000003 0.0074730000000000005 0.0075130000000000006 0.0015990000000000002 0.0015620000000000002 0.0015790000000000001 3.9585307881432241 3.9585307881432241 3.9585307881432241 0.00017197862792571225 0.00017197862792571225 0.00017197862792571225 1 1 1 Converged Converged Converged OK OK OK 153 153 153 153 153 153 7 7 7 0 0 0 0 1 0 0 1
22 22 uniform 1 23 226 3 0.0001 0.72117395053264477 0.011851354581547844 0.0097053373616251097 0.65094948060359481 0.22631082371204944 0.65289054807591984 0 -0.64444376568635375 3.8373448226798077 OK 14 13 0.54691800000000002 0.46892800000000001 0.18121499999999999 0.36401099999999997 0.23800499999999999 0 0.18290700000000004 0.23092300000000002 0.18121499999999999 0.011143999999999999 0.011391999999999999 0.010508999999999999 0.13792800000000005 0.18542400000000001 0.13743199999999997 0.0055679999999999992 0.0057250000000000001 0.0055160000000000001 0.001253 0.001299 0.0013079999999999999 3.8373452071462402 3.8373452071462402 3.8373452071462402 0.00028546406420236866 0.00028546406420236866 0.00028546406420236866 1 1 1 Converged Converged Converged OK OK OK 121 121 121 121 121 121 7 7 7 0 0 0 0 1 0 0 1
22 22 uniform 2 0 227 0 0.001 0.72117395053264477 0.011851354581547844 0.0097053373616251097 0.60907522821952953 0.20650045949104812 0.6071341607472045 0 -0.59868737835763841 2.5569949195904473 OK 13 12 0.34393099999999999 0.34414600000000001 0.065772999999999998 0.27697500000000003 0.27779599999999999 0 0.06695599999999996 0.06635000000000002 0.065772999999999998 0.0091940000000000008 0.0090419999999999997 0.0088409999999999999 0.041265999999999997 0.04134800000000001 0.041073999999999999 0.002212 0.0021650000000000003 0.0022100000000000002 0.00058799999999999998 0.00058499999999999991 0.00057899999999999998 2.5569948630778288 2.5569948630778288 2.5569948630778288 0.001162859906417838 0.001162859906417838 0.001162859906417838 1 1 1 Converged Converged Converged OK OK OK 45 45 45 45 45 45 3 3 3 0 0 0 0 0 1 0 0
22 22 uniform 2 7 227 1 0.001 0.72117395053264477 0.011851354581547844 0.0097053373616251097 0.60907522821952953 0.20650045949104812 0.60831568007818493 0 -0.59986889768861884 2.579916196736133 OK 13 12 0.32416400000000001 0.22906000000000001 0.060092 0.26217600000000002 0.143318 0 0.061987999999999988 0.085742000000000013 0.060092 0.0081810000000000008 0.0082850000000000007 0.0076169999999999996 0.039533999999999979 0.063482999999999998 0.038775000000000004 0.0022199999999999998 0.002202 0.00216 0.00059099999999999995 0.00057299999999999994 0.000553 2.5799161311511902 2.5799161311511902 2.5799161311511902 0.0012240073239801498 0.0012240073239801498 0.0012240073239801498 1 1 1 Converged Converged Converged OK OK OK 45 45 45 45 45 45 3 3 3 0 0 0 0 1 0 0 1
22 22 uniform 2 15 227 2 0.001 0.72117395053264477 0.011851354581547844 0.0097053373616251097 0.60907522821952953 0.20650045949104812 0.6096659878850198 0 -0.60121920549545371 2.6104908191238025 OK 13 12 0.32276899999999997 0.23228699999999999 0.058847999999999998 0.26272899999999999 0.146754 0 0.060039999999999982 0.085532999999999998 0.058847999999999998 0.0080909999999999992 0.0083269999999999993 0.0076400000000000001 0.038156999999999996 0.063276000000000013 0.037738000000000008 0.0021740000000000002 0.0021930000000000001 0.0021570000000000001 0.00057699999999999993 0.00059100000000000005 0.000544 2.6104907363582366 2.6104907363582366 2.6104907363582366 0.0013213713832261025 0.0013213713832261025 0.0013213713832261025 1 1 1 Converged Converged Converged OK OK OK 45 45 45 45 45 45 3 3 3 0 0 0 0 1 0 0 1
22 22 uniform 2 23 227 3 0.001 0.72117395053264477 0.011851354581547844 0.0097053373616251097 0.60907522821952953 0.20650045949104812 0.61101629569185456 0 -0.60256951330228847 2.6794034318327409 OK 14 13 0.38844800000000002 0.31642599999999999 0.092562000000000005 0.29029899999999997 0.176844 0 0.098149000000000042 0.13958199999999998 0.092562000000000005 0.011178 0.011436 0.010527999999999999 0.066768000000000008 0.107665 0.062619999999999995 0.0029589999999999998 0.003042 0.0028660000000000005 0.00075299999999999987 0.00077400000000000017 0.0007899999999999999 2.6794029130640142 2.6794029130640142 2.6794029130640142 0.0014891411066770756 0.0014891411066770756 0.0014891411066770756 1 1 1 Converged Converged Converged OK OK OK 60 60 60 60 60 60 4 4 4 0 0 0 0 1 0 0 1
22 22 uniform 2 0 227 0 0.0001 0.72117395053264477 0.011851354581547844 0.0097053373616251097 0.60907522821952953 0.20650045949104812 0.6071341607472045 0 -0.59868737835763841 2.5569949195904473 OK 13 12 0.38380199999999998 0.382465 0.104362 0.27835100000000002 0.27706199999999997 0 0.10545099999999996 0.10540300000000002 0.104362 0.0089510000000000006 0.0090939999999999997 0.0087530000000000004 0.068937999999999999 0.068832000000000032 0.068721000000000004 0.003921 0.0039430000000000003 0.0038890000000000001 0.00083000000000000001 0.00085099999999999998 0.00087399999999999999 2.5569948599389591 2.5569948599389591 2.5569948599389591 1.8849027084584943e-05 1.8849027084584943e-05 1.8849027084584943e-05 1 1 1 Converged Converged Converged OK OK OK 77 77 77 77 77 77 3 3 3 0 0 0 0 0 1 0 0
22 22 uniform 2 7 227 1 0.0001 0.72117395053264477 0.011851354581547844 0.0097053373616251097 0.60907522821952953 0.20650045949104812 0.60831568007818493 0 -0.59986889768861884 2.579916196736133 OK 13 12 0.35610399999999998 0.27952500000000002 0.095336000000000004 0.25942300000000001 0.14313699999999999 0 0.096680999999999961 0.13638800000000004 0.095336000000000004 0.0081510000000000003 0.008352 0.0077980000000000002 0.064664999999999973 0.10420800000000002 0.06432199999999999 0.0039380000000000005 0.004058 0.0038510000000000003 0.00079500000000000003 0.00082299999999999995 0.00076900000000000004 2.5799161271197932 2.5799161271197932 2.5799161271197932 1.9247567799292773e-05 1.9247567799292773e-05 1.9247567799292773e-05 1 1 1 Converged Converged Converged OK OK OK 77 77 77 77 77 77 3 3 3 0 0 0 0 1 0 0 1
22 22 uniform 2 15 227 2 0.0001 0.72117395053264477 0.011851354581547844 0.0097053373616251097 0.60907522821952953 0.20650045949104812 0.6096659878850198 0 -0.60121920549545371 2.6104908191238025 OK 13 12 0.362346 0.29492200000000002 0.097281999999999993 0.263291 0.14621700000000001 0 0.099055000000000004 0.148705 0.097281999999999993 0.0081639999999999994 0.0082710000000000006 0.0076949999999999996 0.067266999999999993 0.11620399999999999 0.06647500000000002 0.0038480000000000003 0.004019 0.0037749999999999997 0.00077299999999999992 0.00081699999999999991 0.00077500000000000008 2.6104907315061108 2.6104907315061108 2.6104907315061108 1.9717692662522975e-05 1.9717692662522975e-05 1.9717692662522975e-05 1 1 1 Converged Converged Converged OK OK OK 77 77 77 77 77 77 3 3 3 0 0 0 0 1 0 0 1
22 22 uniform 2 23 227 3 0.0001 0.72117395053264477 0.011851354581547844 0.0097053373616251097 0.60907522821952953 0.20650045949104812 0.61101629569185456 0 -0.60256951330228847 2.6794034318327409 OK 14 13 0.42455399999999999 0.36676399999999998 0.12744900000000001 0.29638799999999998 0.17683499999999999 0 0.128166 0.18992899999999999 0.12744900000000001 0.010973 0.011410999999999999 0.010565 0.087789999999999979 0.14850600000000008 0.087898000000000004 0.0046249999999999998 0.0047690000000000007 0.0046129999999999999 0.001057 0.0010529999999999999 0.0010070000000000001 2.6794029095326852 2.6794029095326852 2.6794029095326852 3.4811725431875055e-05 3.4811725431875055e-05 3.4811725431875055e-05 1 1 1 Converged Converged Converged OK OK OK 92 92 92 92 92 92 4 4 4 0 0 0 0 1 0 0 1
22 22 uniform 3 0 228 0 0.001 0.72117395053264477 0.011851354581547844 0.0097053373616251097 0.6297520284275997 0.2334493537491929 0.62781096095527467 0 -0.61936417856570858 2.1377000030276907 OK 13 12 0.35292000000000001 0.35658699999999999 0.068835999999999994 0.28323100000000001 0.28638999999999998 0 0.069689000000000001 0.070197000000000009 0.068835999999999994 0.0089029999999999995 0.0090390000000000002 0.0086829999999999997 0.044695999999999993 0.045019999999999998 0.044345999999999983 0.0022520000000000001 0.0022140000000000003 0.0021980000000000003 0.00056700000000000001 0.00055999999999999995 0.00055099999999999995 2.1376999866182973 2.1376999866182973 2.1376999866182973 0.00075984978009846461 0.00075984978009846461 0.00075984978009846461 1 1 1 Converged Converged Converged OK OK OK 45 45 45 45 45 45 3 3 3 0 0 0 0 0 1 0 0
22 22 uniform 3 7 228 1 0.001 0.72117395053264477 0.011851354581547844 0.0097053373616251097 0.6297520284275997 0.2334493537491929 0.6289924802862551 0 -0.62054569789668901 2.1440371689862618 OK 13 12 0.34444900000000001 0.24554300000000001 0.062576999999999994 0.282999 0.156079 0 0.061450000000000005 0.089464000000000016 0.062576999999999994 0.0082450000000000006 0.0082570000000000005 0.0078510000000000003 0.039140000000000008 0.067279999999999979 0.040880999999999994 0.002189 0.0022290000000000001 0.002215 0.00055000000000000003 0.00056800000000000004 0.00055099999999999995 2.1440371524810837 2.1440371524810837 2.1440371524810837 0.00076097516150867579 0.00076097516150867579 0.00076097516150867579 1 1 1 Converged Converged Converged OK OK OK 45 45 45 45 45 45 3 3 3 0 0 0 0 1 0 0 1
22 22 uniform 3 15 228 2 0.001 0.72117395053264477 0.011851354581547844 0.0097053373616251097 0.6297520284275997 0.2334493537491929 0.63034278809308997 0 -0.62189600570352388 2.1523071438576551 OK 13 12 0.36910999999999999 0.28072799999999998 0.064019000000000006 0.30334499999999998 0.18437300000000001 0 0.065765000000000018 0.096354999999999968 0.064019000000000006 0.0082249999999999997 0.0082299999999999995 0.0077229999999999998 0.043313000000000004 0.074220000000000022 0.042736999999999997 0.0022520000000000001 0.0022980000000000001 0.0021870000000000001 0.00056000000000000006 0.00056400000000000005 0.00053800000000000007 2.1523071272068561 2.1523071272068561 2.1523071272068561 0.00076213464696990205 0.00076213464696990205 0.00076213464696990205 1 1 1 Converged Converged Converged OK OK OK 45 45 45 45 45 45 3 3 3 0 0 0 0 1 0 0 1
22 22 uniform 3 23 228 3 0.001 0.72117395053264477 0.011851354581547844 0.0097053373616251097 0.6297520284275997 0.2334493537491929 0.63169309589992473 0 -0.62324631351035864 2.1619305784707894 OK 13 12 0.36088900000000002 0.26614300000000002 0.063240000000000005 0.29638700000000001 0.170905 0 0.064502000000000004 0.095238000000000017 0.063240000000000005 0.0081449999999999995 0.0082129999999999998 0.0076559999999999996 0.042247000000000007 0.073012000000000007 0.041954000000000005 0.0022300000000000002 0.0023309999999999997 0.0022669999999999999 0.00054699999999999996 0.00056300000000000002 0.00053399999999999997 2.1619305618528593 2.1619305618528593 2.1619305618528593 0.00076301998577899617 0.00076301998577899617 0.00076301998577899617 1 1 1 Converged Converged Converged OK OK OK 45 45 45 45 45 45 3 3 3 0 0 0 0 1 0 0 1
22 22 uniform 3 0 228 0 0.0001 0.72117395053264477 0.011851354581547844 0.0097053373616251097 0.6297520284275997 0.2334493537491929 0.62781096095527467 0 -0.61936417856570858 2.1377000030276907 OK 13 12 0.39416000000000001 0.39276 0.10699400000000001 0.28668700000000003 0.28450300000000001 0 0.10747299999999999 0.10825699999999999 0.10699400000000001 0.0088090000000000009 0.0089250000000000006 0.0085339999999999999 0.071232000000000031 0.071848000000000023 0.071211999999999984 0.0039610000000000001 0.0038690000000000005 0.0038559999999999996 0.00078200000000000003 0.00079299999999999998 0.000776 2.137699986691775 2.137699986691775 2.137699986691775 3.9110007332580618e-05 3.9110007332580618e-05 3.9110007332580618e-05 1 1 1 Converged Converged Converged OK OK OK 77 77 77 77 77 77 3 3 3 0 0 0 0 0 1 0 0
22 22 uniform 3 7 228 1 0.0001 0.72117395053264477 0.011851354581547844 0.0097053373616251097 0.6297520284275997 0.2334493537491929 0.6289924802862551 0 -0.62054569789668901 2.1440371689862618 OK 13 12 0.37831999999999999 0.29803299999999999 0.096359 0.28044599999999997 0.155916 0 0.097874000000000017 0.14211699999999999 0.096359 0.0083070000000000001 0.0082690000000000003 0.0077130000000000002 0.065635999999999986 0.11026600000000002 0.065368000000000009 0.0039640000000000005 0.0039579999999999997 0.0038140000000000001 0.00079399999999999989 0.00078600000000000002 0.0007629999999999999 2.1440371525544517 2.1440371525544517 2.1440371525544517 4.0249738419948106e-05 4.0249738419948106e-05 4.0249738419948106e-05 1 1 1 Converged Converged Converged OK OK OK 77 77 77 77 77 77 3 3 3 0 0 0 0 1 0 0 1
22 22 uniform 3 15 228 2 0.0001 0.72117395053264477 0.011851354581547844 0.0097053373616251097 0.6297520284275997 0.2334493537491929 0.63034278809308997 0 -0.62189600570352388 2.1523071438576551 OK 13 12 0.405061 0.35004000000000002 0.100062 0.30321199999999998 0.189773 0 0.10184900000000002 0.16026700000000002 0.100062 0.0081469999999999997 0.0084510000000000002 0.0076930000000000002 0.069799999999999959 0.12789200000000001 0.069370000000000001 0.0039559999999999994 0.0040429999999999997 0.0038110000000000002 0.00079100000000000004 0.00082399999999999997 0.00075699999999999997 2.15230712728009 2.15230712728009 2.15230712728009 4.1415210993819281e-05 4.1415210993819281e-05 4.1415210993819281e-05 1 1 1 Converged Converged Converged OK OK OK 77 77 77 77 77 77 3 3 3 0 0 0 0 1 0 0 1
22 22 uniform 3 23 228 3 0.0001 0.72117395053264477 0.011851354581547844 0.0097053373616251097 0.6297520284275997 0.2334493537491929 0.63169309589992473 0 -0.62324631351035864 2.1619305784707894 OK 13 12 0.39710899999999999 0.32272400000000001 0.099162 0.29638300000000001 0.17216699999999999 0 0.10072599999999998 0.15055700000000002 0.099162 0.0082769999999999996 0.0082620000000000002 0.0077060000000000002 0.068732000000000029 0.11866399999999996 0.068252999999999994 0.0038599999999999997 0.0039069999999999999 0.0038469999999999997 0.00077299999999999992 0.00077799999999999994 0.00076099999999999996 2.1619305619259266 2.1619305619259266 2.1619305619259266 4.2295854399621068e-05 4.2295854399621068e-05 4.2295854399621068e-05 1 1 1 Converged Converged Converged OK OK OK 77 77 77 77 77 77 3 3 3 0 0 0 0 1 0 0 1
22 22 uniform 4 0 229 0 0.001 0.72117395053264477 0.011851354581547844 0.0097053373616251097 0.61730078239062158 0.18053281207565999 0.61535971491829655 0 -0.60691293252873046 1.7941538548358076 OK 13 12 0.336287 0.34014699999999998 0.079558000000000004 0.25539499999999998 0.25965199999999999 0 0.080892000000000019 0.080494999999999983 0.079558000000000004 0.0091210000000000006 0.0090150000000000004 0.0086420000000000004 0.055320999999999988 0.055275999999999999 0.054889000000000021 0.0021590000000000003 0.0022169999999999998 0.0021409999999999997 0.00064400000000000004 0.00066600000000000003 0.00064199999999999999 1.7941540041390678 1.7941540041390678 1.7941540041390678 0.0016739422660730903 0.0016739422660730903 0.0016739422660730903 1 1 1 Converged Converged Converged OK OK OK 52 52 52 52 52 52 4 4 4 0 0 0 0 0 1 0 0
22 22 uniform 4 7 229 1 0.001 0.72117395053264477 0.011851354581547844 0.0097053373616251097 0.61730078239062158 0.18053281207565999 0.61654123424927698 0 -0.60809445185971089 1.7768922756415282 OK 13 12 0.329318 0.23697499999999999 0.069921999999999998 0.25457400000000002 0.13792199999999999 0 0.074743999999999977 0.099053000000000002 0.069921999999999998 0.008201 0.0084019999999999997 0.007711 0.053116999999999991 0.077197999999999975 0.049121999999999992 0.0021800000000000001 0.0021849999999999999 0.0020870000000000003 0.00057300000000000005 0.00058500000000000002 0.000562 1.7768923398220815 1.7768923398220815 1.7768923398220815 0.0012969468934831403 0.0012969468934831403 0.0012969468934831403 1 1 1 Converged Converged Converged OK OK OK 52 52 52 52 52 52 4 4 4 0 0 0 0 1 0 0 1
22 22 uniform 4 15 229 2 0.001 0.72117395053264477 0.011851354581547844 0.0097053373616251097 0.61730078239062158 0.18053281207565999 0.61789154205611185 0 -0.60944475966654577 1.758977602720617 OK 13 12 0.34348699999999999 0.241401 0.075337000000000001 0.26655400000000001 0.14779 0 0.076932999999999974 0.093611 0.075337000000000001 0.0083389999999999992 0.0083490000000000005 0.007731 0.055280000000000024 0.071930999999999995 0.05477700000000002 0.0020939999999999999 0.00216 0.002085 0.00058 0.00057399999999999997 0.00056300000000000002 1.7589776206040222 1.7589776206040222 1.7589776206040222 0.0010064851425373171 0.0010064851425373171 0.0010064851425373171 1 1 1 Converged Converged Converged OK OK OK 52 52 52 52 52 52 4 4 4 0 0 0 0 1 0 0 1
22 22 uniform 4 23 229 3 0.001 0.72117395053264477 0.011851354581547844 0.0097053373616251097 0.61730078239062158 0.18053281207565999 0.61924184986294661 0 -0.61079506747338053 1.7427272937128899 OK 13 12 0.34551900000000002 0.25409500000000002 0.073635000000000006 0.27015 0.154532 0 0.075369000000000019 0.099563000000000013 0.073635000000000006 0.0082660000000000008 0.0082950000000000003 0.0077130000000000002 0.053490000000000003 0.072600000000000012 0.053093999999999988 0.002183 0.0022629999999999998 0.0020670000000000003 0.00060300000000000002 0.00060500000000000007 0.00058700000000000007 1.7427272912348268 1.7427272912348268 1.7427272912348268 0.00081872293021167356 0.00081872293021167356 0.00081872293021167356 1 1 1 Converged Converged Converged OK OK OK 52 52 52 52 52 52 4 4 4 0 0 0 0 1 0 0 1
22 22 uniform 4 0 229 0 0.0001 0.72117395053264477 0.011851354581547844 0.0097053373616251097 0.61730078239062158 0.18053281207565999 0.61535971491829655 0 -0.60691293252873046 1.7941538548358076 OK 13 12 0.36169699999999999 0.36298900000000001 0.109331 0.25545200000000001 0.25681500000000002 0 0.10624499999999998 0.10617399999999999 0.109331 0.0089800000000000001 0.0089639999999999997 0.0087550000000000006 0.072519000000000014 0.072603000000000015 0.075858999999999982 0.0033349999999999999 0.0034390000000000002 0.0034029999999999998 0.00094499999999999998 0.00092100000000000016 0.00092900000000000014 1.7941538332563622 1.7941538332563622 1.7941538332563622 1.8654952491135123e-05 1.8654952491135123e-05 1.8654952491135123e-05 1 1 1 Converged Converged Converged OK OK OK 76 76 76 76 76 76 4 4 4 0 0 0 0 0 1 0 0
22 22 uniform 4 7 229 1 0.0001 0.72117395053264477 0.011851354581547844 0.0097053373616251097 0.61730078239062158 0.18053281207565999 0.61654123424927698 0 -0.60809445185971089 1.7768922756415282 OK 13 12 0.35369400000000001 0.28150399999999998 0.095369999999999996 0.25606499999999999 0.139657 0 0.097629000000000021 0.14184699999999997 0.095369999999999996 0.0083549999999999996 0.0083990000000000002 0.0077479999999999997 0.068356 0.11349400000000003 0.067946000000000006 0.0036470000000000001 0.003392 0.0032919999999999998 0.00085899999999999995 0.0008299999999999999 0.00080900000000000004 1.7768922557055251 1.7768922557055251 1.7768922557055251 1.9446907746535162e-05 1.9446907746535162e-05 1.9446907746535162e-05 1 1 1 Converged Converged Converged OK OK OK 76 76 76 76 76 76 4 4 4 0 0 0 0 1 0 0 1
22 22 uniform 4 15 229 2 0.0001 0.72117395053264477 0.011851354581547844 0.0097053373616251097 0.61730078239062158 0.18053281207565999 0.61789154205611185 0 -0.60944475966654577 1.758977602720617 OK 13 12 0.37401099999999998 0.27987400000000001 0.101658 0.26976600000000001 0.147976 0 0.10424499999999998 0.13189800000000002 0.101658 0.0083719999999999992 0.0083580000000000008 0.0077390000000000002 0.075439000000000034 0.10329100000000002 0.074426999999999993 0.0035250000000000004 0.0035789999999999997 0.0032590000000000006 0.00085500000000000007 0.00081300000000000003 0.00077999999999999999 1.7589775848652995 1.7589775848652995 1.7589775848652995 2.1219022588466509e-05 2.1219022588466509e-05 2.1219022588466509e-05 1 1 1 Converged Converged Converged OK OK OK 76 76 76 76 76 76 4 4 4 0 0 0 0 1 0 0 1
22 22 uniform 4 23 229 3 0.0001 0.72117395053264477 0.011851354581547844 0.0097053373616251097 0.61730078239062158 0.18053281207565999 0.61924184986294661 0 -0.61079506747338053 1.7427272937128899 OK 13 12 0.37124499999999999 0.290273 0.102268 0.270173 0.154917 0 0.101072 0.135356 0.102268 0.0083479999999999995 0.0084100000000000008 0.0079740000000000002 0.072789000000000006 0.10662000000000001 0.074530999999999986 0.0033799999999999998 0.0035599999999999994 0.0033150000000000002 0.00080800000000000002 0.00083999999999999993 0.0008250000000000001 1.742727277006213 1.742727277006213 1.742727277006213 2.4395589283716526e-05 2.4395589283716526e-05 2.4395589283716526e-05 1 1 1 Converged Converged Converged OK OK OK 76 76 76 76 76 76 4 4 4 0 0 0 0 1 0 0 1
23 23 linear 0 0 230 0 0.001 0.24029671599687827 0.002048904464574832 0.12180501393868642 -0.019017653925611146 -0.036327347491915435 -0.04337865671334843 0.5 0.043869995022322229 16.23349882821033 OK 14 13 0.58527499999999999 0.58303099999999997 0.25372 0.31936900000000001 0.31891799999999998 0 0.26590599999999998 0.26411299999999999 0.25372 0.011271 0.010793000000000001 0.010437 0.22815300000000002 0.22672599999999993 0.21905800000000003 0.0044559999999999999 0.0049689999999999995 0.0037210000000000003 0.000959 0.0010199999999999999 0.00081800000000000004 16.233902226671066 16.233902226671066 16.233902226671066 0.011779440282034561 0.011779440282034561 0.011779440282034561 1 1 1 Converged Converged Converged OK OK OK 82 82 82 82 82 82 6 6 6 0 0 0 0 0 1 0 0
23 23 linear 0 7 230 1 0.001 0.24029671599687827 0.002048904464574832 0.12180501393868642 -0.019017653925611146 -0.036327347491915435 -0.028550220233856172 0.5 0.029041558542829974 16.700637263432903 OK 14 13 0.59923499999999996 0.44560100000000002 0.255413 0.33549099999999998 0.188526 0 0.26374399999999998 0.25707500000000005 0.255413 0.0097289999999999998 0.0096810000000000004 0.0093349999999999995 0.23363799999999998 0.22745300000000002 0.22754900000000006 0.0041370000000000001 0.0042000000000000006 0.0034580000000000001 0.00090800000000000006 0.00088099999999999995 0.00085999999999999998 16.700879650300749 16.700879650300749 16.700879650300749 0.012093245443063821 0.012093245443063821 0.012093245443063821 1 1 1 Converged Converged Converged OK OK OK 82 82 82 82 82 82 6 6 6 0 0 0 0 1 0 0 1
23 23 linear 0 15 230 2 0.001 0.24029671599687827 0.002048904464574832 0.12180501393868642 -0.019017653925611146 -0.036327347491915435 -0.011603435685865015 0.5 0.012094773994838815 16.995470778461026 OK 13 12 0.58475500000000002 0.43936500000000001 0.25644400000000001 0.31665500000000002 0.17274100000000001 0 0.2681 0.26662399999999997 0.25644400000000001 0.010099 0.010208999999999999 0.0095549999999999993 0.23781900000000006 0.23676399999999995 0.22857399999999994 0.0041900000000000001 0.0041579999999999994 0.0036350000000000002 0.00090200000000000002 0.00087699999999999996 0.0008160000000000001 16.995680709723594 16.995680709723594 16.995680709723594 0.012421968544302784 0.012421968544302784 0.012421968544302784 1 1 1 Converged Converged Converged OK OK OK 82 82 82 82 82 82 6 6 6 0 0 0 0 1 0 0 1
23 23 linear 0 23 230 3 0.001 0.24029671599687827 0.002048904464574832 0.12180501393868642 -0.019017653925611146 -0.036327347491915435 0.0053433488621261391 0.5 -0.0048520105531523377 17.041246658991291 OK 12 11 0.57891700000000001 0.43042399999999997 0.25224800000000003 0.31565199999999999 0.17280300000000001 0 0.26326500000000003 0.25762099999999999 0.25224800000000003 0.0099039999999999996 0.0099270000000000001 0.0092189999999999998 0.23356699999999994 0.22833300000000004 0.22492899999999999 0.0039810000000000002 0.0040029999999999996 0.0034530000000000003 0.00089000000000000006 0.00082800000000000007 0.00079900000000000001 17.041352986733589 17.041352986733589 17.041352986733589 0.012725182755295659 0.012725182755295659 0.012725182755295659 1 1 1 Converged Converged Converged OK OK OK 82 82 82 82 82 82 6 6 6 0 0 0 0 1 0 0 1
23 23 linear 0 0 230 0 0.0001 0.24029671599687827 0.002048904464574832 0.12180501393868642 -0.019017653925611146 -0.036327347491915435 -0.04337865671334843 0.5 0.043869995022322229 16.23349882821033 OK 14 13 0.75975000000000004 0.74986299999999995 0.43065900000000001 0.326378 0.323828 0 0.43337200000000003 0.42603499999999994 0.43065900000000001 0.010729000000000001 0.010841 0.011795999999999999 0.37690599999999974 0.36927100000000002 0.3730190000000001 0.0077099999999999998 0.0083210000000000003 0.0080750000000000006 0.0012200000000000002 0.0012289999999999998 0.0012690000000000002 16.233618074593139 16.233618074593139 16.233618074593139 0.00083876916300078567 0.00083876916300078567 0.00083876916300078567 1 1 1 Converged Converged Converged OK OK OK 146 146 146 146 146 146 6 6 6 0 0 0 0 0 1 0 0
23 23 linear 0 7 230 1 0.0001 0.24029671599687827 0.002048904464574832 0.12180501393868642 -0.019017653925611146 -0.036327347491915435 -0.028550220233856172 0.5 0.029041558542829974 16.700637263432903 OK 14 13 0.76688800000000001 0.60938899999999996 0.41668500000000003 0.337839 0.187031 0 0.42904900000000001 0.42235799999999996 0.41668500000000003 0.0096780000000000008 0.0097619999999999998 0.0090390000000000002 0.38435199999999992 0.37609800000000032 0.37341700000000005 0.0076579999999999999 0.0087799999999999996 0.0076049999999999998 0.0012959999999999998 0.0013469999999999999 0.00134 16.700662317171272 16.700662317171272 16.700662317171272 0.0008212418480100269 0.0008212418480100269 0.0008212418480100269 1 1 1 Converged Converged Converged OK OK OK 146 146 146 146 146 146 6 6 6 0 0 0 0 1 0 0 1
23 23 linear 0 15 230 2 0.0001 0.24029671599687827 0.002048904464574832 0.12180501393868642 -0.019017653925611146 -0.036327347491915435 -0.011603435685865015 0.5 0.012094773994838815 16.995470778461026 OK 13 12 0.74492100000000006 0.60711700000000002 0.42030200000000001 0.314332 0.17391799999999999 0 0.43058900000000006 0.433199 0.42030200000000001 0.0099729999999999992 0.010423 0.0095270000000000007 0.38579299999999977 0.38499900000000004 0.37615899999999985 0.0077420000000000006 0.0095209999999999999 0.0079410000000000001 0.0012960000000000001 0.0012720000000000001 0.001235 16.995546119362764 16.995546119362764 16.995546119362764 0.00082375872289310438 0.00082375872289310438 0.00082375872289310438 1 1 1 Converged Converged Converged OK OK OK 146 146 146 146 146 146 6 6 6 0 0 0 0 1 0 0 1
23 23 linear 0 23 230 3 0.0001 0.24029671599687827 0.002048904464574832 0.12180501393868642 -0.019017653925611146 -0.036327347491915435 0.0053433488621261391 0.5 -0.0048520105531523377 17.041246658991291 OK 12 11 0.74741899999999994 0.60156299999999996 0.41251900000000002 0.31994 0.17053499999999999 0 0.42747899999999994 0.43102799999999997 0.41251900000000002 0.0099609999999999994 0.0097590000000000003 0.0092280000000000001 0.38141700000000001 0.37923600000000002 0.36901500000000004 0.0086890000000000005 0.009774999999999999 0.0077089999999999997 0.001374 0.0014120000000000001 0.001238 17.04130562729792 17.04130562729792 17.04130562729792 0.00084700179312060305 0.00084700179312060305 0.00084700179312060305 1 1 1 Converged Converged Converged OK OK OK 146 146 146 146 146 146 6 6 6 0 0 0 0 1 0 0 1
23 23 linear 1 0 231 0 0.001 0.24029671599687827 0.002048904464574832 0.12180501393868642 3.9067172789480122 -0.42378007225171227 3.8823562761602748 0.5 -3.8818649378513008 1.0108670768399426 OK 11 10 0.374303 0.37535000000000002 0.082169000000000006 0.290076 0.29073599999999999 0 0.084226999999999996 0.084614000000000023 0.082169000000000006 0.0065880000000000001 0.0067590000000000003 0.0065389999999999997 0.059918000000000006 0.059124999999999997 0.058259000000000005 0.0024619999999999998 0.0029729999999999999 0.0024509999999999996 0.00062799999999999998 0.00070399999999999998 0.00058499999999999991 1.0108697400798328 1.0108697400798328 1.0108697400798328 0.00015571013092929866 0.00015571013092929866 0.00015571013092929866 1 1 1 Converged Converged Converged OK OK OK 59 59 59 59 59 59 5 5 5 0 0 0 0 0 1 0 0
23 23 linear 1 7 231 1 0.001 0.24029671599687827 0.002048904464574832 0.12180501393868642 3.9067172789480122 -0.42378007225171227 3.8971847126397674 0.5 -3.8966933743307934 1.0107989921097482 OK 11 10 0.37757000000000002 0.22034999999999999 0.076813999999999993 0.29255300000000001 0.132685 0 0.085017000000000009 0.087664999999999993 0.076813999999999993 0.0058780000000000004 0.0058500000000000002 0.0053699999999999998 0.063590000000000008 0.066084999999999991 0.056584999999999996 0.002735 0.002843 0.0025339999999999998 0.00060899999999999995 0.00065899999999999997 0.00057700000000000004 1.0108040031535084 1.0108040031535084 1.0108040031535084 0.00016823212273615575 0.00016823212273615575 0.00016823212273615575 1 1 1 Converged Converged Converged OK OK OK 59 59 59 59 59 59 5 5 5 0 0 0 0 1 0 0 1
23 23 linear 1 15 231 2 0.001 0.24029671599687827 0.002048904464574832 0.12180501393868642 3.9067172789480122 -0.42378007225171227 3.9141314971877583 0.5 -3.9136401588787844 1.010651032430198 OK 11 10 0.37226199999999998 0.20376900000000001 0.076798000000000005 0.29044500000000001 0.116494 0 0.081816999999999973 0.087275000000000005 0.076798000000000005 0.00594 0.0058830000000000002 0.0053179999999999998 0.059652999999999998 0.066119999999999998 0.057085000000000025 0.0030669999999999998 0.00264 0.0024290000000000002 0.0006249999999999999 0.00063199999999999997 0.00058500000000000002 1.0106542381038512 1.0106542381038512 1.0106542381038512 0.00015520349810702866 0.00015520349810702866 0.00015520349810702866 1 1 1 Converged Converged Converged OK OK OK 59 59 59 59 59 59 5 5 5 0 0 0 0 1 0 0 1
23 23 linear 1 23 231 3 0.001 0.24029671599687827 0.002048904464574832 0.12180501393868642 3.9067172789480122 -0.42378007225171227 3.9310782817357497 0.5 -3.9305869434267757 1.0104293325893454 OK 11 10 0.37270599999999998 0.21463699999999999 0.077224000000000001 0.29130499999999998 0.12634300000000001 0 0.081401000000000001 0.088293999999999984 0.077224000000000001 0.0057520000000000002 0.0058180000000000003 0.0053039999999999997 0.059729000000000025 0.067166000000000031 0.057561000000000015 0.002859 0.0027000000000000001 0.0023179999999999997 0.00071199999999999996 0.0007049999999999999 0.00056899999999999995 1.0104307565271318 1.0104307565271318 1.0104307565271318 0.00013432222191196423 0.00013432222191196423 0.00013432222191196423 1 1 1 Converged Converged Converged OK OK OK 59 59 59 59 59 59 5 5 5 0 0 0 0 1 0 0 1
23 23 linear 1 0 231 0 0.0001 0.24029671599687827 0.002048904464574832 0.12180501393868642 3.9067172789480122 -0.42378007225171227 3.8823562761602748 0.5 -3.8818649378513008 1.0108670768399426 OK 11 10 0.38370700000000002 0.38179200000000002 0.092093999999999995 0.28809899999999999 0.28754400000000002 0 0.095608000000000026 0.094247999999999998 0.092093999999999995 0.0068110000000000002 0.0067590000000000003 0.0065180000000000004 0.067860999999999977 0.066480999999999998 0.065744000000000025 0.0030490000000000001 0.0030670000000000003 0.0026910000000000002 0.00077400000000000006 0.00077200000000000001 0.00072599999999999997 1.0108671959966284 1.0108671959966284 1.0108671959966284 6.1695608237094325e-06 6.1695608237094325e-06 6.1695608237094325e-06 1 1 1 Converged Converged Converged OK OK OK 67 67 67 67 67 67 5 5 5 0 0 0 0 0 1 0 0
23 23 linear 1 7 231 1 0.0001 0.24029671599687827 0.002048904464574832 0.12180501393868642 3.9067172789480122 -0.42378007225171227 3.8971847126397674 0.5 -3.8966933743307934 1.0107989921097482 OK 11 10 0.38100200000000001 0.223833 0.085610000000000006 0.29175600000000002 0.12700500000000001 0 0.089245999999999992 0.096827999999999997 0.085610000000000006 0.005816 0.0059179999999999996 0.005535 0.066296000000000008 0.073730000000000004 0.063854999999999995 0.0031669999999999997 0.003192 0.0028250000000000003 0.00069899999999999997 0.00071999999999999994 0.00070700000000000005 1.0107990055415992 1.0107990055415992 1.0107990055415992 1.13047390474094e-05 1.13047390474094e-05 1.13047390474094e-05 1 1 1 Converged Converged Converged OK OK OK 67 67 67 67 67 67 5 5 5 0 0 0 0 1 0 0 1
23 23 linear 1 15 231 2 0.0001 0.24029671599687827 0.002048904464574832 0.12180501393868642 3.9067172789480122 -0.42378007225171227 3.9141314971877583 0.5 -3.9136401588787844 1.010651032430198 OK 11 10 0.37846400000000002 0.21490999999999999 0.084968000000000002 0.28850700000000001 0.11490599999999999 0 0.089957000000000009 0.100004 0.084968000000000002 0.0058320000000000004 0.0058310000000000002 0.0053220000000000003 0.066579000000000013 0.072885999999999979 0.063638 0.0032290000000000001 0.002679 0.00266 0.00081300000000000003 0.000745 0.00069499999999999998 1.0106510479720927 1.0106510479720927 1.0106510479720927 7.519064648646499e-06 7.519064648646499e-06 7.519064648646499e-06 1 1 1 Converged Converged Converged OK OK OK 67 67 67 67 67 67 5 5 5 0 0 0 0 1 0 0 1
23 23 linear 1 23 231 3 0.0001 0.24029671599687827 0.002048904464574832 0.12180501393868642 3.9067172789480122 -0.42378007225171227 3.9310782817357497 0.5 -3.9305869434267757 1.0104293325893454 OK 11 10 0.38330199999999998 0.22312100000000001 0.086296999999999999 0.29214899999999999 0.12697800000000001 0 0.091152999999999984 0.096143000000000006 0.086296999999999999 0.0058380000000000003 0.0057279999999999996 0.0052760000000000003 0.067698999999999981 0.074297999999999989 0.065174999999999997 0.0032569999999999999 0.0027770000000000004 0.0026979999999999999 0.00081399999999999994 0.00073300000000000004 0.00070600000000000003 1.0104294947918853 1.0104294947918853 1.0104294947918853 3.3536885305865219e-06 3.3536885305865219e-06 3.3536885305865219e-06 1 1 1 Converged Converged Converged OK OK OK 67 67 67 67 67 67 5 5 5 0 0 0 0 1 0 0 1
23 23 linear 2 0 232 0 0.001 0.24029671599687827 0.002048904464574832 0.12180501393868642 3.772046570813596 -0.37785466723378158 3.7476855680258585 0.5 -3.7471942297168845 1.0089737284553195 OK 12 11 0.38694600000000001 0.38209900000000002 0.082945000000000005 0.29956899999999997 0.29750300000000002 0 0.087377000000000038 0.084596000000000005 0.082945000000000005 0.0092280000000000001 0.0091809999999999999 0.0086549999999999995 0.060324000000000003 0.058398000000000005 0.057984000000000001 0.0029519999999999998 0.002712 0.0024390000000000002 0.00055699999999999999 0.000504 0.00052199999999999989 1.0089731907291923 1.0089731907291923 1.0089731907291923 0.00018358148321155285 0.00018358148321155285 0.00018358148321155285 1 1 1 Converged Converged Converged OK OK OK 52 52 52 52 52 52 4 4 4 0 0 0 0 0 1 0 0
23 23 linear 2 7 232 1 0.001 0.24029671599687827 0.002048904464574832 0.12180501393868642 3.772046570813596 -0.37785466723378158 3.7625140045053511 0.5 -3.7620226661963772 1.0091390252502432 OK 12 11 0.37241400000000002 0.21929699999999999 0.077046000000000003 0.291688 0.129527 0 0.08072600000000002 0.089769999999999989 0.077046000000000003 0.0083250000000000008 0.0083610000000000004 0.0078150000000000008 0.057191999999999986 0.066875999999999991 0.054876000000000022 0.0026449999999999998 0.0025100000000000001 0.002392 0.00049899999999999999 0.00048200000000000001 0.00047800000000000002 1.0091385210930417 1.0091385210930417 1.0091385210930417 0.00021642700179129421 0.00021642700179129421 0.00021642700179129421 1 1 1 Converged Converged Converged OK OK OK 52 52 52 52 52 52 4 4 4 0 0 0 0 1 0 0 1
23 23 linear 2 15 232 2 0.001 0.24029671599687827 0.002048904464574832 0.12180501393868642 3.772046570813596 -0.37785466723378158 3.779460789053342 0.5 -3.7789694507443681 1.0094852222829571 OK 12 11 0.396866 0.24393200000000001 0.080753000000000005 0.30902200000000002 0.15005099999999999 0 0.087843999999999978 0.09388100000000002 0.080753000000000005 0.0081899999999999994 0.0082559999999999995 0.0077730000000000004 0.060880999999999998 0.070809999999999984 0.058640999999999999 0.0026509999999999997 0.0025640000000000003 0.0024699999999999995 0.0041720000000000004 0.00058500000000000002 0.00053499999999999999 1.0094844081941412 1.0094844081941412 1.0094844081941412 0.00025523051256434872 0.00025523051256434872 0.00025523051256434872 1 1 1 Converged Converged Converged OK OK OK 52 52 52 52 52 52 4 4 4 0 0 0 0 1 0 0 1
23 23 linear 2 23 232 3 0.001 0.24029671599687827 0.002048904464574832 0.12180501393868642 3.772046570813596 -0.37785466723378158 3.7964075736013334 0.5 -3.7959162352923594 1.0100990444499733 OK 11 10 0.38040400000000002 0.22698099999999999 0.08498 0.29115400000000002 0.12581999999999999 0 0.089249999999999996 0.101161 0.08498 0.0066420000000000003 0.0064200000000000004 0.0058979999999999996 0.065771999999999997 0.078513999999999959 0.063759999999999997 0.0029350000000000001 0.0026819999999999995 0.0024889999999999999 0.00058399999999999999 0.00059299999999999999 0.00057799999999999995 1.0100985558144895 1.0100985558144895 1.0100985558144895 0.00017346334303502224 0.00017346334303502224 0.00017346334303502224 1 1 1 Converged Converged Converged OK OK OK 59 59 59 59 59 59 5 5 5 0 0 0 0 1 0 0 1
23 23 linear 2 0 232 0 0.0001 0.24029671599687827 0.002048904464574832 0.12180501393868642 3.772046570813596 -0.37785466723378158 3.7476855680258585 0.5 -3.7471942297168845 1.0089737284553195 OK 12 11 0.39748 0.39063599999999998 0.092825000000000005 0.30059000000000002 0.29657499999999998 0 0.096889999999999976 0.094061000000000006 0.092825000000000005 0.0089280000000000002 0.009103 0.0089650000000000007 0.067407000000000022 0.065396999999999983 0.065026000000000014 0.0034770000000000001 0.002983 0.0029259999999999998 0.00069399999999999996 0.000687 0.00062799999999999998 1.0089731441553604 1.0089731441553604 1.0089731441553604 4.825257472457335e-05 4.825257472457335e-05 4.825257472457335e-05 1 1 1 Converged Converged Converged OK OK OK 60 60 60 60 60 60 4 4 4 0 0 0 0 0 1 0 0
23 23 linear 2 7 232 1 0.0001 0.24029671599687827 0.002048904464574832 0.12180501393868642 3.772046570813596 -0.37785466723378158 3.7625140045053511 0.5 -3.7620226661963772 1.0091390252502432 OK 12 11 0.38148399999999999 0.23311499999999999 0.085752999999999996 0.29131499999999999 0.13117599999999999 0 0.090168999999999999 0.101939 0.085752999999999996 0.0082470000000000009 0.0083389999999999992 0.0077600000000000004 0.064666999999999975 0.077508000000000007 0.062248999999999999 0.003173 0.0028579999999999999 0.002728 0.00062700000000000006 0.00062299999999999996 0.00061199999999999991 1.0091384385375561 1.0091384385375561 1.0091384385375561 5.7996866664032686e-05 5.7996866664032686e-05 5.7996866664032686e-05 1 1 1 Converged Converged Converged OK OK OK 60 60 60 60 60 60 4 4 4 0 0 0 0 1 0 0 1
23 23 linear 2 15 232 2 0.0001 0.24029671599687827 0.002048904464574832 0.12180501393868642 3.772046570813596 -0.37785466723378158 3.779460789053342 0.5 -3.7789694507443681 1.0094852222829571 OK 12 11 0.40731499999999998 0.24982799999999999 0.089354000000000003 0.31034899999999999 0.147253 0 0.096965999999999997 0.102575 0.089354000000000003 0.0083149999999999995 0.0082570000000000005 0.0076540000000000002 0.068187000000000011 0.077736000000000013 0.065942999999999988 0.0063850000000000001 0.002983 0.0026709999999999998 0.00076599999999999997 0.00069999999999999988 0.00065200000000000002 1.0094843310446919 1.0094843310446919 1.0094843310446919 7.8694756098991362e-05 7.8694756098991362e-05 7.8694756098991362e-05 1 1 1 Converged Converged Converged OK OK OK 60 60 60 60 60 60 4 4 4 0 0 0 0 1 0 0 1
23 23 linear 2 23 232 3 0.0001 0.24029671599687827 0.002048904464574832 0.12180501393868642 3.772046570813596 -0.37785466723378158 3.7964075736013334 0.5 -3.7959162352923594 1.0100990444499733 OK 11 10 0.38353300000000001 0.235232 0.094062999999999994 0.28596199999999999 0.12453 0 0.097571000000000019 0.11070199999999999 0.094062999999999994 0.0064019999999999997 0.0065259999999999997 0.0059160000000000003 0.073091000000000003 0.085999000000000006 0.070882999999999974 0.0029259999999999998 0.0029919999999999999 0.0027899999999999999 0.00071400000000000001 0.00075799999999999999 0.00076800000000000002 1.0100990610550618 1.0100990610550618 1.0100990610550618 8.2014168371761074e-06 8.2014168371761074e-06 8.2014168371761074e-06 1 1 1 Converged Converged Converged OK OK OK 67 67 67 67 67 67 5 5 5 0 0 0 0 1 0 0 1
23 23 linear 3 0 233 0 0.001 0.24029671599687827 0.002048904464574832 0.12180501393868642 0.17621792407626968 0.076368719544996966 0.1518569212885324 0.5 -0.1513655829795586 6.3847447785248423 OK 14 13 0.65191100000000002 0.64999300000000004 0.29887399999999997 0.34712599999999999 0.34379900000000002 0 0.30478500000000003 0.30619400000000002 0.29887399999999997 0.013220000000000001 0.013461000000000001 0.013269 0.24909700000000012 0.248918 0.24347300000000002 0.0066699999999999997 0.0077509999999999992 0.0063899999999999998 0.0016479999999999997 0.001603 0.001485 6.3847383994123001 6.3847383994123001 6.3847383994123001 0.0021515737171470739 0.0021515737171470739 0.0021515737171470739 1 1 1 Converged Converged Converged OK OK OK 136 136 136 136 136 136 8 8 8 0 0 0 0 0 1 0 0
23 23 linear 3 7 233 1 0.001 0.24029671599687827 0.002048904464574832 0.12180501393868642 0.17621792407626968 0.076368719544996966 0.16668535776802465 0.5 -0.16619401945905085 5.8587627543554071 OK 13 12 0.56834499999999999 0.41478700000000002 0.222774 0.33603499999999997 0.17421400000000001 0 0.23231000000000002 0.24057300000000001 0.222774 0.0089739999999999993 0.0089090000000000003 0.00826 0.19451100000000002 0.20343900000000001 0.18705000000000005 0.0066070000000000009 0.0065619999999999993 0.0063460000000000009 0.0014359999999999998 0.0015409999999999998 0.0013910000000000003 5.8587972952224607 5.8587972952224607 5.8587972952224607 0.0019892980856487845 0.0019892980856487845 0.0019892980856487845 1 1 1 Converged Converged Converged OK OK OK 129 129 129 129 129 129 7 7 7 0 0 0 0 1 0 0 1
23 23 linear 3 15 233 2 0.001 0.24029671599687827 0.002048904464574832 0.12180501393868642 0.17621792407626968 0.076368719544996966 0.18363214231601582 0.5 -0.18314080400704202 5.3574661857822434 OK 13 12 0.50321499999999997 0.34593400000000002 0.16830100000000001 0.32324799999999998 0.169819 0 0.17996699999999999 0.17611500000000002 0.16830100000000001 0.0089300000000000004 0.0087740000000000005 0.0082400000000000008 0.14913899999999999 0.14623999999999995 0.14013400000000004 0.0050269999999999994 0.0046129999999999999 0.003986 0.0011329999999999999 0.0011159999999999998 0.001016 5.3574407701568463 5.3574407701568463 5.3574407701568463 0.004963709658788687 0.004963709658788687 0.004963709658788687 1 1 1 Converged Converged Converged OK OK OK 97 97 97 97 97 97 7 7 7 0 0 0 0 1 0 0 1
23 23 linear 3 23 233 3 0.001 0.24029671599687827 0.002048904464574832 0.12180501393868642 0.17621792407626968 0.076368719544996966 0.20057892686400697 0.5 -0.20008758855503317 4.9374355591811723 OK 13 12 0.50627 0.35037200000000002 0.162138 0.336615 0.177342 0 0.169655 0.17303000000000002 0.162138 0.0088920000000000006 0.008796 0.0080569999999999999 0.13967999999999997 0.14315700000000001 0.13450500000000001 0.004516 0.0046730000000000001 0.0040429999999999997 0.0010950000000000001 0.001093 0.0009859999999999999 4.937428664337812 4.937428664337812 4.937428664337812 0.0026576560930427454 0.0026576560930427454 0.0026576560930427454 1 1 1 Converged Converged Converged OK OK OK 97 97 97 97 97 97 7 7 7 0 0 0 0 1 0 0 1
23 23 linear 3 0 233 0 0.0001 0.24029671599687827 0.002048904464574832 0.12180501393868642 0.17621792407626968 0.076368719544996966 0.1518569212885324 0.5 -0.1513655829795586 6.3847447785248423 OK 14 13 0.80913100000000004 0.79500999999999999 0.44715100000000002 0.35453299999999999 0.34619 0 0.45459800000000006 0.44882 0.44715100000000002 0.013228 0.013511 0.014671999999999999 0.37227800000000011 0.36712699999999981 0.36325600000000025 0.013856 0.01355 0.014002999999999998 0.0020860000000000002 0.0020040000000000001 0.0020309999999999998 6.3847481398812995 6.3847481398812995 6.3847481398812995 0.00059279211192136527 0.00059279211192136527 0.00059279211192136527 1 1 1 Converged Converged Converged OK OK OK 216 216 216 216 216 216 8 8 8 0 0 0 0 0 1 0 0
23 23 linear 3 7 233 1 0.0001 0.24029671599687827 0.002048904464574832 0.12180501393868642 0.17621792407626968 0.076368719544996966 0.16668535776802465 0.5 -0.16619401945905085 5.8587627543554071 OK 13 12 0.60696300000000003 0.47290500000000002 0.265515 0.33248899999999998 0.181008 0 0.27447400000000005 0.29189700000000002 0.265515 0.0086829999999999997 0.010300999999999999 0.0083999999999999995 0.23456699999999997 0.24770099999999989 0.22510499999999994 0.0067400000000000003 0.0082959999999999996 0.0077759999999999999 0.0015769999999999998 0.0016640000000000001 0.0016259999999999998 5.8587567002010328 5.8587567002010328 5.8587567002010328 0.00057034851604988287 0.00057034851604988287 0.00057034851604988287 1 1 1 Converged Converged Converged OK OK OK 145 145 145 145 145 145 7 7 7 0 0 0 0 1 0 0 1
23 23 linear 3 15 233 2 0.0001 0.24029671599687827 0.002048904464574832 0.12180501393868642 0.17621792407626968 0.076368719544996966 0.18363214231601582 0.5 -0.18314080400704202 5.3574661857822434 OK 13 12 0.58524799999999999 0.43742700000000001 0.24832799999999999 0.32955800000000002 0.17250499999999999 0 0.25568999999999997 0.26492199999999999 0.24832799999999999 0.0086420000000000004 0.0090889999999999999 0.0081720000000000004 0.21645000000000009 0.22218200000000002 0.20951900000000001 0.0065069999999999998 0.0089210000000000018 0.0070449999999999992 0.0015099999999999998 0.0016670000000000001 0.0015190000000000004 5.3574634124897784 5.3574634124897784 5.3574634124897784 0.00023864548120569614 0.00023864548120569614 0.00023864548120569614 1 1 1 Converged Converged Converged OK OK OK 145 145 145 145 145 145 7 7 7 0 0 0 0 1 0 0 1
23 23 linear 3 23 233 3 0.0001 0.24029671599687827 0.002048904464574832 0.12180501393868642 0.17621792407626968 0.076368719544996966 0.20057892686400697 0.5 -0.20008758855503317 4.9374355591811723 OK 13 12 0.54696299999999998 0.39706799999999998 0.20203199999999999 0.33865200000000001 0.18071300000000001 0 0.20831099999999997 0.21635499999999996 0.20203199999999999 0.0086379999999999998 0.0087399999999999995 0.0081189999999999995 0.17273399999999997 0.17956800000000006 0.16711600000000007 0.0058459999999999996 0.0066730000000000001 0.0059219999999999993 0.0013389999999999999 0.0013680000000000001 0.0013769999999999998 4.9374302613174068 4.9374302613174068 4.9374302613174068 0.00036197100588003945 0.00036197100588003945 0.00036197100588003945 1 1 1 Converged Converged Converged OK OK OK 129 129 129 129 129 129 7 7 7 0 0 0 0 1 0 0 1
23 23 linear 4 0 234 0 0.001 0.24029671599687827 0.002048904464574832 0.12180501393868642 0.1925001177413673 0.052002990633325655 0.16813911495363001 0.5 -0.16764777664465622 6.1341528128879865 OK 15 14 0.62291099999999999 0.62116000000000005 0.282663 0.33843899999999999 0.33563500000000002 0 0.284472 0.28552500000000003 0.282663 0.016504999999999999 0.017218000000000001 0.016892000000000001 0.23166700000000001 0.23116699999999998 0.230766 0.0052029999999999993 0.0058840000000000003 0.0050439999999999999 0.001054 0.001075 0.00095000000000000011 6.1341323070362472 6.1341323070362472 6.1341323070362472 0.0052307887262724277 0.0052307887262724277 0.0052307887262724277 1 1 1 Converged Converged Converged OK OK OK 95 95 95 95 95 95 9 9 9 0 0 0 0 0 1 0 0
23 23 linear 4 7 234 1 0.001 0.24029671599687827 0.002048904464574832 0.12180501393868642 0.1925001177413673 0.052002990633325655 0.18296755143312227 0.5 -0.18247621312414847 5.6238597388766935 OK 14 13 0.66512099999999996 0.51723699999999995 0.28316200000000002 0.37632300000000002 0.220802 0 0.28879799999999994 0.29643499999999995 0.28316200000000002 0.012522999999999999 0.012996000000000001 0.012501999999999999 0.24537599999999993 0.25107500000000005 0.23957499999999998 0.0057869999999999996 0.0070309999999999999 0.0061210000000000006 0.001335 0.001348 0.0013990000000000001 5.6239307214236218 5.6239307214236218 5.6239307214236218 0.003893261860624777 0.003893261860624777 0.003893261860624777 1 1 1 Converged Converged Converged OK OK OK 120 120 120 120 120 120 8 8 8 0 0 0 0 1 0 0 1
23 23 linear 4 15 234 2 0.001 0.24029671599687827 0.002048904464574832 0.12180501393868642 0.1925001177413673 0.052002990633325655 0.19991433598111344 0.5 -0.19942299767213964 5.1422110153263336 OK 14 13 0.63749299999999998 0.48842099999999999 0.26454800000000001 0.36630600000000002 0.21507599999999999 0 0.27118699999999996 0.273345 0.26454800000000001 0.015214 0.012097 0.011485 0.22942899999999994 0.23372699999999991 0.22641200000000011 0.0057419999999999997 0.0064059999999999994 0.0063469999999999993 0.0013289999999999999 0.0014599999999999999 0.0013629999999999998 5.1422363424668331 5.1422363424668331 5.1422363424668331 0.0041984194866477561 0.0041984194866477561 0.0041984194866477561 1 1 1 Converged Converged Converged OK OK OK 120 120 120 120 120 120 8 8 8 0 0 0 0 1 0 0 1
23 23 linear 4 23 234 3 0.001 0.24029671599687827 0.002048904464574832 0.12180501393868642 0.1925001177413673 0.052002990633325655 0.21686112052910458 0.5 -0.21636978222013079 4.7414906050849615 OK 13 12 0.52405800000000002 0.36896499999999999 0.17364499999999999 0.34096599999999999 0.18717 0 0.18309200000000003 0.18179499999999998 0.17364499999999999 0.0094380000000000002 0.0094219999999999998 0.0088520000000000005 0.15064900000000001 0.15028800000000003 0.14398000000000008 0.0057669999999999996 0.0050309999999999999 0.0045630000000000002 0.0012799999999999999 0.0013109999999999999 0.001235 4.7416090265481845 4.7416090265481845 4.7416090265481845 0.0035996865494990656 0.0035996865494990656 0.0035996865494990656 1 1 1 Converged Converged Converged OK OK OK 97 97 97 97 97 97 7 7 7 0 0 0 0 1 0 0 1
23 23 linear 4 0 234 0 0.0001 0.24029671599687827 0.002048904464574832 0.12180501393868642 0.1925001177413673 0.052002990633325655 0.16813911495363001 0.5 -0.16764777664465622 6.1341528128879865 OK 15 14 0.76780000000000004 0.75045700000000004 0.41806500000000002 0.34429700000000002 0.33533299999999999 0 0.42350300000000002 0.41512400000000005 0.41806500000000002 0.016979999999999999 0.016761999999999999 0.017107000000000001 0.34971799999999975 0.34084300000000001 0.34268100000000001 0.0082979999999999998 0.0088589999999999988 0.0091139999999999988 0.0018270000000000001 0.0018220000000000001 0.0018220000000000001 6.1341486426399889 6.1341486426399889 6.1341486426399889 0.0004161190356060054 0.0004161190356060054 0.0004161190356060054 1 1 1 Converged Converged Converged OK OK OK 143 143 143 143 143 143 9 9 9 0 0 0 0 0 1 0 0
23 23 linear 4 7 234 1 0.0001 0.24029671599687827 0.002048904464574832 0.12180501393868642 0.1925001177413673 0.052002990633325655 0.18296755143312227 0.5 -0.18247621312414847 5.6238597388766935 OK 14 13 0.828905 0.69007099999999999 0.44620700000000002 0.37599399999999999 0.218804 0 0.45291100000000001 0.47126699999999999 0.44620700000000002 0.012626 0.013273 0.012685999999999999 0.38464499999999985 0.40049899999999966 0.37679600000000013 0.012151 0.013796000000000001 0.013689 0.0020899999999999998 0.0020569999999999998 0.0020950000000000001 5.6238557441372459 5.6238557441372459 5.6238557441372459 0.00036111798396496842 0.00036111798396496842 0.00036111798396496842 1 1 1 Converged Converged Converged OK OK OK 208 208 208 208 208 208 8 8 8 0 0 0 0 1 0 0 1
23 23 linear 4 15 234 2 0.0001 0.24029671599687827 0.002048904464574832 0.12180501393868642 0.1925001177413673 0.052002990633325655 0.19991433598111344 0.5 -0.19942299767213964 5.1422110153263336 OK 14 13 0.75576399999999999 0.60788200000000003 0.375338 0.37424400000000002 0.22050400000000001 0 0.38151999999999997 0.387378 0.375338 0.012187999999999999 0.012447 0.01167 0.3285570000000001 0.33208100000000007 0.32226599999999994 0.01013 0.011609000000000001 0.010737 0.0018799999999999999 0.002019 0.0019880000000000002 5.1422074427733717 5.1422074427733717 5.1422074427733717 0.00046773719766781167 0.00046773719766781167 0.00046773719766781167 1 1 1 Converged Converged Converged OK OK OK 184 184 184 184 184 184 8 8 8 0 0 0 0 1 0 0 1
23 23 linear 4 23 234 3 0.0001 0.24029671599687827 0.002048904464574832 0.12180501393868642 0.1925001177413673 0.052002990633325655 0.21686112052910458 0.5 -0.21636978222013079 4.7414906050849615 OK 13 12 0.66730500000000004 0.50764500000000001 0.31113499999999999 0.34205799999999997 0.18640300000000001 0 0.32524700000000006 0.32124200000000003 0.31113499999999999 0.0094640000000000002 0.0096220000000000003 0.0087100000000000007 0.27797899999999987 0.27466999999999986 0.26354700000000003 0.010133000000000001 0.010061 0.0094500000000000001 0.0018720000000000002 0.0018839999999999998 0.0017590000000000001 4.7414893818729338 4.7414893818729338 4.7414893818729338 0.00034355942898903202 0.00034355942898903202 0.00034355942898903202 1 1 1 Converged Converged Converged OK OK OK 161 161 161 161 161 161 7 7 7 0 0 0 0 1 0 0 1
23 23 uniform 0 0 235 0 0.001 0.24029671599687827 0.002048904464574832 0.12180501393868642 -0.019017653925611146 -0.036327347491915435 -0.04337865671334843 0 0.043869995022322229 15.529688751943921 OK 14 13 0.50477000000000005 0.50593200000000005 0.18160799999999999 0.31941999999999998 0.322795 0 0.18535000000000007 0.18313700000000005 0.18160799999999999 0.010652999999999999 0.010965000000000001 0.010580000000000001 0.14274899999999996 0.14374900000000002 0.14274899999999996 0.0075030000000000001 0.0044160000000000007 0.0041700000000000001 0.00099899999999999989 0.001036 0.0010679999999999999 15.529634502737235 15.529634502737235 15.529634502737235 0.0059489293781793042 0.0059489293781793042 0.0059489293781793042 1 1 1 Converged Converged Converged OK OK OK 98 98 98 98 98 98 6 6 6 0 0 0 0 0 1 0 0
23 23 uniform 0 7 235 1 0.001 0.24029671599687827 0.002048904464574832 0.12180501393868642 -0.019017653925611146 -0.036327347491915435 -0.028550220233856172 0 0.029041558542829974 15.845747726092574 OK 14 13 0.51118699999999995 0.36757600000000001 0.17727899999999999 0.33457799999999999 0.18568100000000001 0 0.17660899999999996 0.181895 0.17727899999999999 0.0095359999999999993 0.009665 0.011823 0.145231 0.15065099999999995 0.14437499999999998 0.0039330000000000007 0.004032 0.0040200000000000001 0.0009230000000000001 0.00098299999999999993 0.00097600000000000009 15.845639454693035 15.845639454693035 15.845639454693035 0.0066050091461064319 0.0066050091461064319 0.0066050091461064319 1 1 1 Converged Converged Converged OK OK OK 98 98 98 98 98 98 6 6 6 0 0 0 0 1 0 0 1
23 23 uniform 0 15 235 2 0.001 0.24029671599687827 0.002048904464574832 0.12180501393868642 -0.019017653925611146 -0.036327347491915435 -0.011603435685865015 0 0.012094773994838815 16.042262423003745 OK 13 12 0.49385800000000002 0.34648200000000001 0.17283000000000001 0.31567800000000001 0.166629 0 0.17818000000000001 0.17985300000000001 0.17283000000000001 0.010269 0.0099480000000000002 0.0093039999999999998 0.14512999999999995 0.14818600000000004 0.14238900000000007 0.0044199999999999995 0.0041320000000000003 0.0039220000000000001 0.001049 0.00098600000000000011 0.00096699999999999998 16.042082903898912 16.042082903898912 16.042082903898912 0.0073633480758250949 0.0073633480758250949 0.0073633480758250949 1 1 1 Converged Converged Converged OK OK OK 98 98 98 98 98 98 6 6 6 0 0 0 0 1 0 0 1
23 23 uniform 0 23 235 3 0.001 0.24029671599687827 0.002048904464574832 0.12180501393868642 -0.019017653925611146 -0.036327347491915435 0.0053433488621261391 0 -0.0048520105531523377 16.072553098574396 OK 12 11 0.49610500000000002 0.35030299999999998 0.174761 0.31591900000000001 0.171293 0 0.18018600000000001 0.17900999999999997 0.174761 0.010003 0.0098270000000000007 0.0092160000000000002 0.14760900000000002 0.14776399999999995 0.14481799999999997 0.0045719999999999997 0.0041700000000000001 0.0038879999999999995 0.001026 0.00098600000000000011 0.00096299999999999999 16.072291654477414 16.072291654477414 16.072291654477414 0.0081271160574405438 0.0081271160574405438 0.0081271160574405438 1 1 1 Converged Converged Converged OK OK OK 98 98 98 98 98 98 6 6 6 0 0 0 0 1 0 0 1
23 23 uniform 0 0 235 0 0.0001 0.24029671599687827 0.002048904464574832 0.12180501393868642 -0.019017653925611146 -0.036327347491915435 -0.04337865671334843 0 0.043869995022322229 15.529688751943921 OK 14 13 0.55118800000000001 0.55328900000000003 0.23119899999999999 0.32184499999999999 0.32265500000000003 0 0.22934300000000002 0.23063400000000001 0.23119899999999999 0.010652999999999999 0.010687 0.010605 0.18107100000000001 0.18214599999999997 0.18219400000000005 0.0065960000000000003 0.0068730000000000006 0.0071089999999999999 0.001188 0.0011720000000000001 0.0011810000000000002 15.529728581336327 15.529728581336327 15.529728581336327 0.0015462013945700334 0.0015462013945700334 0.0015462013945700334 1 1 1 Converged Converged Converged OK OK OK 130 130 130 130 130 130 6 6 6 0 0 0 0 0 1 0 0
23 23 uniform 0 7 235 1 0.0001 0.24029671599687827 0.002048904464574832 0.12180501393868642 -0.019017653925611146 -0.036327347491915435 -0.028550220233856172 0 0.029041558542829974 15.845747726092574 OK 14 13 0.56052500000000005 0.41244500000000001 0.219752 0.33507599999999998 0.18618199999999999 0 0.22544900000000007 0.22626300000000002 0.219752 0.009587 0.0096729999999999993 0.0089440000000000006 0.18660499999999997 0.18463799999999997 0.18203399999999995 0.0064309999999999992 0.0065269999999999998 0.0066309999999999997 0.0010989999999999999 0.00108 0.0011149999999999999 15.845775874404577 15.845775874404577 15.845775874404577 0.0014965589242801316 0.0014965589242801316 0.0014965589242801316 1 1 1 Converged Converged Converged OK OK OK 130 130 130 130 130 130 6 6 6 0 0 0 0 1 0 0 1
23 23 uniform 0 15 235 2 0.0001 0.24029671599687827 0.002048904464574832 0.12180501393868642 -0.019017653925611146 -0.036327347491915435 -0.011603435685865015 0 0.012094773994838815 16.042262423003745 OK 13 12 0.53441099999999997 0.39793400000000001 0.216673 0.31286799999999998 0.17433899999999999 0 0.22154299999999999 0.22359500000000002 0.216673 0.0098930000000000008 0.0098110000000000003 0.0093100000000000006 0.18117400000000006 0.18344500000000002 0.17929200000000012 0.0072049999999999996 0.0071750000000000008 0.0062429999999999994 0.0011999999999999999 0.0012929999999999999 0.0011589999999999999 16.042279411915668 16.042279411915668 16.042279411915668 0.001473839855917448 0.001473839855917448 0.001473839855917448 1 1 1 Converged Converged Converged OK OK OK 130 130 130 130 130 130 6 6 6 0 0 0 0 1 0 0 1
23 23 uniform 0 23 235 3 0.0001 0.24029671599687827 0.002048904464574832 0.12180501393868642 -0.019017653925611146 -0.036327347491915435 0.0053433488621261391 0 -0.0048520105531523377 16.072553098574396 OK 12 11 0.54376899999999995 0.39308300000000002 0.21862100000000001 0.31786500000000001 0.16944200000000001 0 0.22590399999999994 0.22364100000000001 0.21862100000000001 0.0097990000000000004 0.0098670000000000008 0.0089359999999999995 0.18330800000000005 0.18443399999999999 0.18173100000000006 0.0069090000000000002 0.0068980000000000005 0.0062480000000000001 0.0010759999999999999 0.00117 0.001018 16.072559765523035 16.072559765523035 16.072559765523035 0.0014940821279265644 0.0014940821279265644 0.0014940821279265644 1 1 1 Converged Converged Converged OK OK OK 130 130 130 130 130 130 6 6 6 0 0 0 0 1 0 0 1
23 23 uniform 1 0 236 0 0.001 0.24029671599687827 0.002048904464574832 0.12180501393868642 3.9067172789480122 -0.42378007225171227 3.8823562761602748 0 -3.8818649378513008 1.0106527692539284 OK 11 10 0.34187400000000001 0.34258899999999998 0.052997000000000002 0.28667700000000002 0.284246 0 0.055196999999999996 0.058342999999999978 0.052997000000000002 0.0068599999999999998 0.0066759999999999996 0.0064089999999999998 0.035793000000000005 0.040289000000000005 0.035210999999999992 0.0018259999999999999 0.0014260000000000002 0.0013979999999999999 0.00041999999999999996 0.00036499999999999998 0.00038199999999999996 1.0106541488456351 1.0106541488456351 1.0106541488456351 0.00047251222996499916 0.00047251222996499916 0.00047251222996499916 1 1 1 Converged Converged Converged OK OK OK 43 43 43 43 43 43 5 5 5 0 0 0 0 0 1 0 0
23 23 uniform 1 7 236 1 0.001 0.24029671599687827 0.002048904464574832 0.12180501393868642 3.9067172789480122 -0.42378007225171227 3.8971847126397674 0 -3.8966933743307934 1.0105671661216391 OK 11 10 0.345165 0.18323 0.049192 0.29501100000000002 0.12925200000000001 0 0.050153999999999976 0.053977999999999998 0.049192 0.0057120000000000001 0.0057330000000000002 0.0053740000000000003 0.034547000000000015 0.038611999999999994 0.034483 0.0014610000000000001 0.0014620000000000002 0.0014589999999999998 0.00040199999999999996 0.00040199999999999996 0.00039300000000000001 1.010569379360249 1.010569379360249 1.010569379360249 0.0004869769164388318 0.0004869769164388318 0.0004869769164388318 1 1 1 Converged Converged Converged OK OK OK 43 43 43 43 43 43 5 5 5 0 0 0 0 1 0 0 1
23 23 uniform 1 15 236 2 0.001 0.24029671599687827 0.002048904464574832 0.12180501393868642 3.9067172789480122 -0.42378007225171227 3.9141314971877583 0 -3.9136401588787844 1.0104227053243118 OK 11 10 0.34072400000000003 0.169736 0.048645000000000001 0.28962500000000002 0.116359 0 0.051099000000000006 0.053376999999999994 0.048645000000000001 0.0059919999999999999 0.0057250000000000001 0.0053639999999999998 0.034772000000000004 0.038029000000000007 0.034093999999999992 0.0015410000000000001 0.0014420000000000001 0.0013730000000000001 0.00040900000000000002 0.00036400000000000001 0.00035999999999999997 1.010424144921235 1.010424144921235 1.010424144921235 0.00047464498255234963 0.00047464498255234963 0.00047464498255234963 1 1 1 Converged Converged Converged OK OK OK 43 43 43 43 43 43 5 5 5 0 0 0 0 1 0 0 1
23 23 uniform 1 23 236 3 0.001 0.24029671599687827 0.002048904464574832 0.12180501393868642 3.9067172789480122 -0.42378007225171227 3.9310782817357497 0 -3.9305869434267757 1.0102291300524409 OK 11 10 0.34294000000000002 0.183532 0.049832000000000001 0.29108800000000001 0.12842300000000001 0 0.051852000000000009 0.055108999999999991 0.049832000000000001 0.0057780000000000001 0.005751 0.0053039999999999997 0.035982999999999994 0.039656000000000018 0.035347999999999997 0.0015039999999999999 0.001482 0.0013939999999999998 0.00044000000000000002 0.00043800000000000002 0.00039500000000000001 1.0102299440474372 1.0102299440474372 1.0102299440474372 0.00045394916918715445 0.00045394916918715445 0.00045394916918715445 1 1 1 Converged Converged Converged OK OK OK 43 43 43 43 43 43 5 5 5 0 0 0 0 1 0 0 1
23 23 uniform 1 0 236 0 0.0001 0.24029671599687827 0.002048904464574832 0.12180501393868642 3.9067172789480122 -0.42378007225171227 3.8823562761602748 0 -3.8818649378513008 1.0106527692539284 OK 11 10 0.36936200000000002 0.36738199999999999 0.078828999999999996 0.290408 0.28768100000000002 0 0.078954000000000024 0.079700999999999966 0.078828999999999996 0.0065979999999999997 0.0067409999999999996 0.0064180000000000001 0.052565999999999995 0.052856999999999987 0.052570999999999979 0.002598 0.0027690000000000002 0.0027989999999999998 0.00066599999999999993 0.0006559999999999999 0.00066200000000000005 1.0106527551699602 1.0106527551699602 1.0106527551699602 2.9765597601783256e-06 2.9765597601783256e-06 2.9765597601783256e-06 1 1 1 Converged Converged Converged OK OK OK 67 67 67 67 67 67 5 5 5 0 0 0 0 0 1 0 0
23 23 uniform 1 7 236 1 0.0001 0.24029671599687827 0.002048904464574832 0.12180501393868642 3.9067172789480122 -0.42378007225171227 3.8971847126397674 0 -3.8966933743307934 1.0105671661216391 OK 11 10 0.373475 0.21066799999999999 0.072386000000000006 0.29968299999999998 0.12856600000000001 0 0.073792000000000024 0.082101999999999981 0.072386000000000006 0.0057549999999999997 0.0058869999999999999 0.0054590000000000003 0.051379000000000001 0.059998999999999997 0.050875999999999998 0.0026720000000000003 0.0026679999999999998 0.0026819999999999999 0.00070999999999999991 0.00070500000000000001 0.00073200000000000001 1.01056715478821 1.01056715478821 1.01056715478821 4.6749208217471059e-06 4.6749208217471059e-06 4.6749208217471059e-06 1 1 1 Converged Converged Converged OK OK OK 67 67 67 67 67 67 5 5 5 0 0 0 0 1 0 0 1
23 23 uniform 1 15 236 2 0.0001 0.24029671599687827 0.002048904464574832 0.12180501393868642 3.9067172789480122 -0.42378007225171227 3.9141314971877583 0 -3.9136401588787844 1.0104227053243118 OK 11 10 0.36510799999999999 0.197573 0.071693000000000007 0.29113600000000001 0.115052 0 0.073971999999999982 0.082520999999999997 0.071693000000000007 0.0057390000000000002 0.0058820000000000001 0.0053509999999999999 0.051518000000000029 0.060233999999999982 0.050716999999999977 0.0026850000000000003 0.0026570000000000001 0.002575 0.00061499999999999999 0.00064500000000000007 0.00060700000000000001 1.0104226941768832 1.0104226941768832 1.0104226941768832 3.1137491513115036e-06 3.1137491513115036e-06 3.1137491513115036e-06 1 1 1 Converged Converged Converged OK OK OK 67 67 67 67 67 67 5 5 5 0 0 0 0 1 0 0 1
23 23 uniform 1 23 236 3 0.0001 0.24029671599687827 0.002048904464574832 0.12180501393868642 3.9067172789480122 -0.42378007225171227 3.9310782817357497 0 -3.9305869434267757 1.0102291300524409 OK 11 10 0.36016300000000001 0.20622399999999999 0.065490999999999994 0.29315400000000003 0.12947500000000001 0 0.067008999999999985 0.076748999999999984 0.065490999999999994 0.0058240000000000002 0.0060070000000000002 0.0053410000000000003 0.04635199999999999 0.055330000000000004 0.045967999999999974 0.0023410000000000002 0.0027099999999999997 0.0022530000000000002 0.00057900000000000009 0.00061000000000000008 0.00052300000000000003 1.0102299440574651 1.0102299440574651 1.0102299440574651 0.00010031135726656613 0.00010031135726656613 0.00010031135726656613 1 1 1 Converged Converged Converged OK OK OK 59 59 59 59 59 59 5 5 5 0 0 0 0 1 0 0 1
23 23 uniform 2 0 237 0 0.001 0.24029671599687827 0.002048904464574832 0.12180501393868642 3.772046570813596 -0.37785466723378158 3.7476855680258585 0 -3.7471942297168845 1.008982906819103 OK 12 11 0.36021700000000001 0.355404 0.056523999999999998 0.30324000000000001 0.29833100000000001 0 0.056977 0.057072999999999985 0.056523999999999998 0.0088039999999999993 0.0090810000000000005 0.0087980000000000003 0.037148999999999995 0.037273999999999995 0.037124999999999984 0.0014350000000000001 0.001469 0.0014480000000000001 0.000359 0.00036699999999999998 0.00036999999999999999 1.0089829425652816 1.0089829425652816 1.0089829425652816 0.0004683801406737725 0.0004683801406737725 0.0004683801406737725 1 1 1 Converged Converged Converged OK OK OK 36 36 36 36 36 36 4 4 4 0 0 0 0 0 1 0 0
23 23 uniform 2 7 237 1 0.001 0.24029671599687827 0.002048904464574832 0.12180501393868642 3.772046570813596 -0.37785466723378158 3.7625140045053511 0 -3.7620226661963772 1.0091559020402756 OK 12 11 0.34628700000000001 0.188309 0.050848999999999998 0.28855399999999998 0.132411 0 0.057733000000000034 0.055898000000000003 0.050848999999999998 0.0081700000000000002 0.0083119999999999999 0.0078449999999999995 0.039931000000000001 0.038205000000000003 0.034095 0.00139 0.0013699999999999999 0.00139 0.000357 0.00035500000000000001 0.00033300000000000002 1.0091560122851695 1.0091560122851695 1.0091560122851695 0.00049480011396160881 0.00049480011396160881 0.00049480011396160881 1 1 1 Converged Converged Converged OK OK OK 36 36 36 36 36 36 4 4 4 0 0 0 0 1 0 0 1
23 23 uniform 2 15 237 2 0.001 0.24029671599687827 0.002048904464574832 0.12180501393868642 3.772046570813596 -0.37785466723378158 3.779460789053342 0 -3.7789694507443681 1.0095292605112858 OK 12 11 0.36437199999999997 0.20718300000000001 0.053858999999999997 0.30908099999999999 0.147982 0 0.055290999999999979 0.059201000000000004 0.053858999999999997 0.0081429999999999992 0.0082279999999999992 0.007633 0.037646000000000006 0.041579999999999985 0.037275000000000003 0.0014690000000000003 0.0014729999999999999 0.0014159999999999999 0.00034699999999999998 0.00036299999999999999 0.00033100000000000002 1.0095293236751897 1.0095293236751897 1.0095293236751897 0.0005291218274530745 0.0005291218274530745 0.0005291218274530745 1 1 1 Converged Converged Converged OK OK OK 36 36 36 36 36 36 4 4 4 0 0 0 0 1 0 0 1
23 23 uniform 2 23 237 3 0.001 0.24029671599687827 0.002048904464574832 0.12180501393868642 3.772046570813596 -0.37785466723378158 3.7964075736013334 0 -3.7959162352923594 1.0101623500353969 OK 11 10 0.34934399999999999 0.187581 0.056661999999999997 0.29058899999999999 0.12554699999999999 0 0.058755000000000002 0.062034000000000006 0.056661999999999997 0.0064000000000000003 0.0064989999999999996 0.0056550000000000003 0.041599999999999984 0.045057999999999994 0.041037999999999998 0.001573 0.0015479999999999999 0.0014869999999999998 0.00042999999999999999 0.00042400000000000001 0.00040999999999999999 1.0101619131157624 1.0101619131157624 1.0101619131157624 0.00044281380184201452 0.00044281380184201452 0.00044281380184201452 1 1 1 Converged Converged Converged OK OK OK 43 43 43 43 43 43 5 5 5 0 0 0 0 1 0 0 1
23 23 uniform 2 0 237 0 0.0001 0.24029671599687827 0.002048904464574832 0.12180501393868642 3.772046570813596 -0.37785466723378158 3.7476855680258585 0 -3.7471942297168845 1.008982906819103 OK 12 11 0.376691 0.388322 0.080875000000000002 0.29544100000000001 0.30581000000000003 0 0.081249999999999989 0.082511999999999974 0.080875000000000002 0.0090340000000000004 0.0094039999999999992 0.0089549999999999994 0.053513999999999999 0.053777999999999999 0.053258000000000007 0.0026220000000000002 0.0029009999999999999 0.0025330000000000001 0.000638 0.00060000000000000006 0.00064299999999999991 1.008982841530937 1.008982841530937 1.008982841530937 4.5196755241041742e-05 4.5196755241041742e-05 4.5196755241041742e-05 1 1 1 Converged Converged Converged OK OK OK 60 60 60 60 60 60 4 4 4 0 0 0 0 0 1 0 0
23 23 uniform 2 7 237 1 0.0001 0.24029671599687827 0.002048904464574832 0.12180501393868642 3.772046570813596 -0.37785466723378158 3.7625140045053511 0 -3.7620226661963772 1.0091559020402756 OK 12 11 0.37207800000000002 0.219857 0.073766999999999999 0.28963100000000003 0.132629 0 0.082446999999999993 0.087228 0.073766999999999999 0.0081209999999999997 0.0084069999999999995 0.0077130000000000002 0.058066999999999994 0.062786999999999982 0.050650000000000001 0.0026640000000000001 0.0026870000000000002 0.002539 0.00057200000000000003 0.00059500000000000004 0.00055900000000000004 1.0091558355029977 1.0091558355029977 1.0091558355029977 5.5928061077840929e-05 5.5928061077840929e-05 5.5928061077840929e-05 1 1 1 Converged Converged Converged OK OK OK 60 60 60 60 60 60 4 4 4 0 0 0 0 1 0 0 1
23 23 uniform 2 15 237 2 0.0001 0.24029671599687827 0.002048904464574832 0.12180501393868642 3.772046570813596 -0.37785466723378158 3.779460789053342 0 -3.7789694507443681 1.0095292605112858 OK 12 11 0.39030700000000002 0.23647799999999999 0.077400999999999998 0.31048700000000001 0.14584900000000001 0 0.079820000000000002 0.090628999999999987 0.077400999999999998 0.0082609999999999992 0.0082279999999999992 0.0077190000000000002 0.054797000000000005 0.066151000000000015 0.054165999999999999 0.0030179999999999998 0.0026340000000000001 0.0025370000000000002 0.00058100000000000003 0.00058299999999999997 0.00056099999999999998 1.0095291021949779 1.0095291021949779 1.0095291021949779 7.7603481084423419e-05 7.7603481084423419e-05 7.7603481084423419e-05 1 1 1 Converged Converged Converged OK OK OK 60 60 60 60 60 60 4 4 4 0 0 0 0 1 0 0 1
23 23 uniform 2 23 237 3 0.0001 0.24029671599687827 0.002048904464574832 0.12180501393868642 3.772046570813596 -0.37785466723378158 3.7964075736013334 0 -3.7959162352923594 1.0101623500353969 OK 11 10 0.36304999999999998 0.212615 0.072227 0.28817100000000001 0.124524 0 0.074878999999999973 0.088091000000000003 0.072227 0.0064910000000000002 0.0064520000000000003 0.0058300000000000001 0.052839999999999998 0.066845999999999989 0.05219 0.002588 0.002343 0.0022429999999999998 0.00059100000000000005 0.00060999999999999997 0.00053499999999999999 1.0101619131255093 1.0101619131255093 1.0101619131255093 8.9070357990019667e-05 8.9070357990019667e-05 8.9070357990019667e-05 1 1 1 Converged Converged Converged OK OK OK 59 59 59 59 59 59 5 5 5 0 0 0 0 1 0 0 1
23 23 uniform 3 0 238 0 0.001 0.24029671599687827 0.002048904464574832 0.12180501393868642 0.17621792407626968 0.076368719544996966 0.1518569212885324 0 -0.1513655829795586 6.429255472787462 OK 14 13 0.58117700000000005 0.57762100000000005 0.22678499999999999 0.34672599999999998 0.34837800000000002 0 0.23445100000000008 0.22924300000000003 0.22678499999999999 0.013369000000000001 0.013513000000000001 0.013393 0.1735749999999999 0.17246900000000001 0.1716399999999999 0.0080299999999999989 0.0075879999999999993 0.0061710000000000003 0.0016130000000000001 0.0015230000000000003 0.001477 6.4292528742103325 6.4292528742103325 6.4292528742103325 0.003184343893153945 0.003184343893153945 0.003184343893153945 1 1 1 Converged Converged Converged OK OK OK 136 136 136 136 136 136 8 8 8 0 0 0 0 0 1 0 0
23 23 uniform 3 7 238 1 0.001 0.24029671599687827 0.002048904464574832 0.12180501393868642 0.17621792407626968 0.076368719544996966 0.16668535776802465 0 -0.16619401945905085 5.8920279386823147 OK 13 12 0.50287199999999999 0.36132599999999998 0.16802400000000001 0.32915100000000003 0.17454600000000001 0 0.17372099999999996 0.18677999999999997 0.16802400000000001 0.0089910000000000007 0.009221 0.0082120000000000005 0.13609799999999997 0.15014300000000005 0.13397700000000004 0.0065900000000000004 0.0058960000000000002 0.0051510000000000002 0.001428 0.0014029999999999997 0.0013129999999999999 5.8920930416381356 5.8920930416381356 5.8920930416381356 0.0028407136418457557 0.0028407136418457557 0.0028407136418457557 1 1 1 Converged Converged Converged OK OK OK 129 129 129 129 129 129 7 7 7 0 0 0 0 1 0 0 1
23 23 uniform 3 15 238 2 0.001 0.24029671599687827 0.002048904464574832 0.12180501393868642 0.17621792407626968 0.076368719544996966 0.18363214231601582 0 -0.18314080400704202 5.3821719130981833 OK 13 12 0.486481 0.3306 0.152421 0.325629 0.16880899999999999 0 0.16085199999999999 0.16179100000000002 0.152421 0.0088620000000000001 0.0086979999999999991 0.0081510000000000003 0.12737399999999996 0.12953799999999999 0.12196199999999997 0.0054949999999999999 0.0049320000000000006 0.0044010000000000004 0.0012509999999999999 0.00114 0.001137 5.3821862010585493 5.3821862010585493 5.3821862010585493 0.0021280667462375419 0.0021280667462375419 0.0021280667462375419 1 1 1 Converged Converged Converged OK OK OK 113 113 113 113 113 113 7 7 7 0 0 0 0 1 0 0 1
23 23 uniform 3 23 238 3 0.001 0.24029671599687827 0.002048904464574832 0.12180501393868642 0.17621792407626968 0.076368719544996966 0.20057892686400697 0 -0.20008758855503317 4.9563319037849789 OK 13 12 0.47083900000000001 0.320552 0.13462099999999999 0.33058700000000002 0.17483799999999999 0 0.14025199999999999 0.14571400000000001 0.13462099999999999 0.0089789999999999991 0.0088439999999999994 0.00792 0.10928499999999999 0.11639400000000001 0.10769199999999998 0.0052610000000000001 0.0041089999999999998 0.0035489999999999996 0.0010449999999999999 0.00107 0.00099599999999999992 4.9563256035726209 4.9563256035726209 4.9563256035726209 0.0034817520753151398 0.0034817520753151398 0.0034817520753151398 1 1 1 Converged Converged Converged OK OK OK 97 97 97 97 97 97 7 7 7 0 0 0 0 1 0 0 1
23 23 uniform 3 0 238 0 0.0001 0.24029671599687827 0.002048904464574832 0.12180501393868642 0.17621792407626968 0.076368719544996966 0.1518569212885324 0 -0.1513655829795586 6.429255472787462 OK 14 13 0.70894299999999999 0.70734900000000001 0.35902699999999999 0.35323100000000002 0.34583399999999997 0 0.35571199999999997 0.36151500000000003 0.35902699999999999 0.013308 0.013575 0.013121000000000001 0.26524900000000001 0.26965300000000009 0.26857000000000003 0.014263 0.015318000000000002 0.014778000000000003 0.0020660000000000001 0.0022319999999999996 0.002104 6.4292552742130811 6.4292552742130811 6.4292552742130811 0.00019411490002962684 0.00019411490002962684 0.00019411490002962684 1 1 1 Converged Converged Converged OK OK OK 248 248 248 248 248 248 8 8 8 0 0 0 0 0 1 0 0
23 23 uniform 3 7 238 1 0.0001 0.24029671599687827 0.002048904464574832 0.12180501393868642 0.17621792407626968 0.076368719544996966 0.16668535776802465 0 -0.16619401945905085 5.8920279386823147 OK 13 12 0.55792799999999998 0.42825200000000002 0.227189 0.329656 0.173677 0 0.22827199999999997 0.254575 0.227189 0.0086239999999999997 0.0087519999999999994 0.0081849999999999996 0.1822089999999999 0.20753300000000016 0.18187800000000007 0.0083340000000000011 0.009162 0.0085089999999999992 0.0016829999999999998 0.0017459999999999997 0.0016740000000000001 5.8920249925393389 5.8920249925393389 5.8920249925393389 0.00047396664713021544 0.00047396664713021544 0.00047396664713021544 1 1 1 Converged Converged Converged OK OK OK 177 177 177 177 177 177 7 7 7 0 0 0 0 1 0 0 1
23 23 uniform 3 15 238 2 0.0001 0.24029671599687827 0.002048904464574832 0.12180501393868642 0.17621792407626968 0.076368719544996966 0.18363214231601582 0 -0.18314080400704202 5.3821719130981833 OK 13 12 0.52581 0.37794800000000001 0.19453100000000001 0.32634299999999999 0.16813800000000001 0 0.19946700000000001 0.20981 0.19453100000000001 0.0088529999999999998 0.00877 0.0081759999999999992 0.15892200000000009 0.17023599999999997 0.15682299999999993 0.0070539999999999995 0.0067490000000000007 0.0061289999999999999 0.001531 0.001549 0.0014669999999999996 5.3821721641155955 5.3821721641155955 5.3821721641155955 0.00024528638554428703 0.00024528638554428703 0.00024528638554428703 1 1 1 Converged Converged Converged OK OK OK 145 145 145 145 145 145 7 7 7 0 0 0 0 1 0 0 1
23 23 uniform 3 23 238 3 0.0001 0.24029671599687827 0.002048904464574832 0.12180501393868642 0.17621792407626968 0.076368719544996966 0.20057892686400697 0 -0.20008758855503317 4.9563319037849789 OK 13 12 0.52910900000000005 0.37961499999999998 0.19040199999999999 0.332845 0.17655299999999999 0 0.19626400000000005 0.20306199999999999 0.19040199999999999 0.0087209999999999996 0.0085050000000000004 0.0080160000000000006 0.15566600000000005 0.16516299999999995 0.15385200000000013 0.007137000000000001 0.0062220000000000001 0.0058909999999999995 0.001627 0.001405 0.001395 4.956332036795625 4.956332036795625 4.956332036795625 0.00011372190973173052 0.00011372190973173052 0.00011372190973173052 1 1 1 Converged Converged Converged OK OK OK 145 145 145 145 145 145 7 7 7 0 0 0 0 1 0 0 1
23 23 uniform 4 0 239 0 0.001 0.24029671599687827 0.002048904464574832 0.12180501393868642 0.1925001177413673 0.052002990633325655 0.16813911495363001 0 -0.16764777664465622 6.1730712461288348 OK 15 14 0.532663 0.52986500000000003 0.19354299999999999 0.33837800000000001 0.33387 0 0.19428499999999999 0.19599500000000003 0.19354299999999999 0.016628 0.016781999999999998 0.016601999999999999 0.14238000000000001 0.14396699999999993 0.14210600000000009 0.0045750000000000001 0.004718 0.0047990000000000003 0.0010189999999999999 0.0010560000000000001 0.00098900000000000008 6.1730487850563982 6.1730487850563982 6.1730487850563982 0.0059740500601332628 0.0059740500601332628 0.0059740500601332628 1 1 1 Converged Converged Converged OK OK OK 95 95 95 95 95 95 9 9 9 0 0 0 0 0 1 0 0
23 23 uniform 4 7 239 1 0.001 0.24029671599687827 0.002048904464574832 0.12180501393868642 0.1925001177413673 0.052002990633325655 0.18296755143312227 0 -0.18247621312414847 5.6529317835539254 OK 14 13 0.60503700000000005 0.45815499999999998 0.230957 0.36992199999999997 0.211614 0 0.23511500000000007 0.24654099999999998 0.230957 0.012466 0.012595 0.012378 0.18350799999999998 0.19789999999999999 0.18372000000000002 0.0058939999999999999 0.0066020000000000002 0.0063929999999999994 0.0057140000000000003 0.0015330000000000001 0.001464 5.6530282826867371 5.6530282826867371 5.6530282826867371 0.003391479310269094 0.003391479310269094 0.003391479310269094 1 1 1 Converged Converged Converged OK OK OK 136 136 136 136 136 136 8 8 8 0 0 0 0 1 0 0 1
23 23 uniform 4 15 239 2 0.001 0.24029671599687827 0.002048904464574832 0.12180501393868642 0.1925001177413673 0.052002990633325655 0.19991433598111344 0 -0.19942299767213964 5.1638347576979671 OK 14 13 0.59576200000000001 0.45063399999999998 0.22589500000000001 0.36799500000000002 0.21144199999999999 0 0.227767 0.23919199999999999 0.22589500000000001 0.01196 0.012298 0.011403 0.18723300000000004 0.19742199999999996 0.18603600000000006 0.0057229999999999998 0.0062289999999999993 0.0059880000000000003 0.001415 0.0015559999999999999 0.0013979999999999999 5.1638556691546258 5.1638556691546258 5.1638556691546258 0.0038838802793943498 0.0038838802793943498 0.0038838802793943498 1 1 1 Converged Converged Converged OK OK OK 136 136 136 136 136 136 8 8 8 0 0 0 0 1 0 0 1
23 23 uniform 4 23 239 3 0.001 0.24029671599687827 0.002048904464574832 0.12180501393868642 0.1925001177413673 0.052002990633325655 0.21686112052910458 0 -0.21636978222013079 4.7580750488876822 OK 13 12 0.50570499999999996 0.35700700000000002 0.160304 0.342779 0.18406400000000001 0 0.16292599999999996 0.17294300000000001 0.160304 0.0092010000000000008 0.0093600000000000003 0.0087030000000000007 0.129747 0.13868000000000005 0.12829100000000002 0.0049550000000000002 0.0055619999999999992 0.004679 0.0012149999999999999 0.001403 0.0012539999999999999 4.7580604695350344 4.7580604695350344 4.7580604695350344 0.0026131336924106081 0.0026131336924106081 0.0026131336924106081 1 1 1 Converged Converged Converged OK OK OK 113 113 113 113 113 113 7 7 7 0 0 0 0 1 0 0 1
23 23 uniform 4 0 239 0 0.0001 0.24029671599687827 0.002048904464574832 0.12180501393868642 0.1925001177413673 0.052002990633325655 0.16813911495363001 0 -0.16764777664465622 6.1730712461288348 OK 15 14 0.61542799999999998 0.61103499999999999 0.27449200000000001 0.34170699999999998 0.33502199999999999 0 0.27372099999999999 0.27601300000000001 0.27449200000000001 0.016979999999999999 0.016857 0.016913999999999998 0.20078200000000004 0.20254700000000003 0.20131800000000002 0.0074759999999999983 0.0084290000000000007 0.0078960000000000002 0.0017720000000000001 0.0017769999999999999 0.0017279999999999999 6.1730707316426265 6.1730707316426265 6.1730707316426265 0.0004769777166046779 0.0004769777166046779 0.0004769777166046779 1 1 1 Converged Converged Converged OK OK OK 143 143 143 143 143 143 9 9 9 0 0 0 0 0 1 0 0
23 23 uniform 4 7 239 1 0.0001 0.24029671599687827 0.002048904464574832 0.12180501393868642 0.1925001177413673 0.052002990633325655 0.18296755143312227 0 -0.18247621312414847 5.6529317835539254 OK 14 13 0.68827300000000002 0.55651600000000001 0.31814500000000001 0.37054399999999998 0.21618599999999999 0 0.31772900000000004 0.34033000000000002 0.31814500000000001 0.012541 0.013136 0.012382000000000001 0.25056300000000009 0.27086600000000005 0.25136900000000023 0.011304 0.012427000000000001 0.011813000000000001 0.002003 0.0021290000000000007 0.0020250000000000003 5.6529304247576651 5.6529304247576651 5.6529304247576651 0.00051522062076721643 0.00051522062076721643 0.00051522062076721643 1 1 1 Converged Converged Converged OK OK OK 208 208 208 208 208 208 8 8 8 0 0 0 0 1 0 0 1
23 23 uniform 4 15 239 2 0.0001 0.24029671599687827 0.002048904464574832 0.12180501393868642 0.1925001177413673 0.052002990633325655 0.19991433598111344 0 -0.19942299767213964 5.1638347576979671 OK 14 13 0.67955500000000002 0.53000899999999995 0.29913099999999998 0.373477 0.21407100000000001 0 0.30607800000000002 0.31593799999999994 0.29913099999999998 0.012165 0.01213 0.011559 0.24768799999999999 0.25928300000000004 0.2450439999999999 0.012002000000000001 0.011306 0.0098119999999999995 0.0020300000000000001 0.0021579999999999998 0.0019980000000000002 5.1638337145501598 5.1638337145501598 5.1638337145501598 0.00027322277006466112 0.00027322277006466112 0.00027322277006466112 1 1 1 Converged Converged Converged OK OK OK 192 192 192 192 192 192 8 8 8 0 0 0 0 1 0 0 1
23 23 uniform 4 23 239 3 0.0001 0.24029671599687827 0.002048904464574832 0.12180501393868642 0.1925001177413673 0.052002990633325655 0.21686112052910458 0 -0.21636978222013079 4.7580750488876822 OK 13 12 0.60294800000000004 0.45629599999999998 0.25290499999999999 0.34672199999999997 0.18662899999999999 0 0.25622600000000006 0.26966699999999999 0.25290499999999999 0.0094470000000000005 0.0096089999999999995 0.0087779999999999993 0.20360599999999995 0.21726799999999999 0.20299999999999987 0.011326000000000001 0.011304999999999999 0.010503999999999999 0.0019039999999999999 0.001805 0.0017209999999999999 4.7580789572147921 4.7580789572147921 4.7580789572147921 0.00028499496361946374 0.00028499496361946374 0.00028499496361946374 1 1 1 Converged Converged Converged OK OK OK 193 193 193 193 193 193 7 7 7 0 0 0 0 1 0 0 1
24 24 linear 0 0 240 0 0.001 0.57101273100261662 0.47409260601234388 0.03181216321255765 0.4552021250780251 -1.3938618490203858 0.44883969243551358 0.5 -0.26519253715971464 2.6529384621000047 OK 13 12 0.488813 0.48621900000000001 0.156501 0.33095400000000003 0.33029900000000001 0 0.15785899999999997 0.15592 0.156501 0.010428 0.010511 0.011231 0.11644899999999997 0.114542 0.114514 0.0041380000000000002 0.0040390000000000009 0.0042239999999999995 0.001101 0.0011310000000000001 0.0011769999999999999 2.6529489494757317 2.6529489494757317 2.6529489494757317 0.0022855513501138379 0.0022855513501138379 0.0022855513501138379 1 1 1 Converged Converged Converged OK OK OK 89 89 89 89 89 89 7 7 7 0 0 0 0 0 1 0 0
24 24 linear 0 7 240 1 0.001 0.57101273100261662 0.47409260601234388 0.03181216321255765 0.4552021250780251 -1.3938618490203858 0.45271247752225974 0.5 -0.26906532224646079 2.6311548774337314 OK 13 12 0.473354 0.40057700000000002 0.14560500000000001 0.32061000000000001 0.21715599999999999 0 0.15274399999999999 0.18342100000000003 0.14560500000000001 0.012636 0.0095989999999999999 0.0089370000000000005 0.11714799999999997 0.15035700000000002 0.11431100000000002 0.0039580000000000006 0.004274 0.0040920000000000002 0.0010149999999999998 0.001134 0.0010150000000000001 2.6311604328961202 2.6311604328961202 2.6311604328961202 0.0024385955445645397 0.0024385955445645397 0.0024385955445645397 1 1 1 Converged Converged Converged OK OK OK 89 89 89 89 89 89 7 7 7 0 0 0 0 1 0 0 1
24 24 linear 0 15 240 2 0.001 0.57101273100261662 0.47409260601234388 0.03181216321255765 0.4552021250780251 -1.3938618490203858 0.45713851762139818 0.5 -0.27349136234559923 2.5972560773350843 OK 13 12 0.49488199999999999 0.42741099999999999 0.158718 0.33174900000000002 0.21709400000000001 0 0.16313299999999997 0.21031699999999998 0.158718 0.0095219999999999992 0.0095139999999999999 0.0088800000000000007 0.12624200000000005 0.17328399999999994 0.122918 0.0046969999999999998 0.0047010000000000003 0.0044819999999999999 0.00097500000000000006 0.00096699999999999998 0.00096199999999999996 2.597265481951228 2.597265481951228 2.597265481951228 0.0022723996813227938 0.0022723996813227938 0.0022723996813227938 1 1 1 Converged Converged Converged OK OK OK 97 97 97 97 97 97 7 7 7 0 0 0 0 1 0 0 1
24 24 linear 0 23 240 3 0.001 0.57101273100261662 0.47409260601234388 0.03181216321255765 0.4552021250780251 -1.3938618490203858 0.46156455772053662 0.5 -0.27791740244473767 2.5551312868091896 OK 13 12 0.50556999999999996 0.44388499999999997 0.15864900000000001 0.33926200000000001 0.235786 0 0.16630799999999996 0.20809899999999998 0.15864900000000001 0.0094730000000000005 0.0094750000000000008 0.008966 0.13085200000000008 0.1724399999999999 0.12432500000000002 0.0044340000000000004 0.004836 0.0044589999999999994 0.001013 0.001026 0.0010479999999999999 2.5551476280703618 2.5551476280703618 2.5551476280703618 0.0022578458952527618 0.0022578458952527618 0.0022578458952527618 1 1 1 Converged Converged Converged OK OK OK 97 97 97 97 97 97 7 7 7 0 0 0 0 1 0 0 1
24 24 linear 0 0 240 0 0.0001 0.57101273100261662 0.47409260601234388 0.03181216321255765 0.4552021250780251 -1.3938618490203858 0.44883969243551358 0.5 -0.26519253715971464 2.6529384621000047 OK 13 12 0.52440299999999995 0.52442800000000001 0.19003500000000001 0.32954600000000001 0.33272600000000002 0 0.19485699999999995 0.19170199999999998 0.19003500000000001 0.010552000000000001 0.010638 0.010093 0.14277400000000001 0.13996000000000006 0.13924400000000003 0.0056350000000000003 0.0056100000000000004 0.0054440000000000001 0.0015069999999999999 0.0015679999999999999 0.0014400000000000001 2.6529489364285377 2.6529489364285377 2.6529489364285377 0.0001993106954282884 0.0001993106954282884 0.0001993106954282884 1 1 1 Converged Converged Converged OK OK OK 113 113 113 113 113 113 7 7 7 0 0 0 0 0 1 0 0
24 24 linear 0 7 240 1 0.0001 0.57101273100261662 0.47409260601234388 0.03181216321255765 0.4552021250780251 -1.3938618490203858 0.45271247752225974 0.5 -0.26906532224646079 2.6311548774337314 OK 13 12 0.50630799999999998 0.44638800000000001 0.175541 0.32450299999999999 0.21399699999999999 0 0.18180499999999999 0.23239100000000001 0.175541 0.0096740000000000003 0.0095919999999999998 0.0089149999999999993 0.1416960000000001 0.19321199999999999 0.13755199999999995 0.0054089999999999997 0.0052640000000000004 0.0050770000000000008 0.001358 0.0013669999999999999 0.0013029999999999999 2.6311604175282897 2.6311604175282897 2.6311604175282897 0.00019395094811588498 0.00019395094811588498 0.00019395094811588498 1 1 1 Converged Converged Converged OK OK OK 113 113 113 113 113 113 7 7 7 0 0 0 0 1 0 0 1
24 24 linear 0 15 240 2 0.0001 0.57101273100261662 0.47409260601234388 0.03181216321255765 0.4552021250780251 -1.3938618490203858 0.45713851762139818 0.5 -0.27349136234559923 2.5972560773350843 OK 13 12 0.51129599999999997 0.44312299999999999 0.17352300000000001 0.33183099999999999 0.21731900000000001 0 0.17946499999999999 0.22580399999999998 0.17352300000000001 0.0096200000000000001 0.0094990000000000005 0.0088459999999999997 0.13961699999999994 0.1866010000000001 0.13583999999999999 0.0057249999999999992 0.0055370000000000003 0.0051870000000000006 0.001322 0.0013059999999999999 0.001274 2.597264940264969 2.597264940264969 2.597264940264969 0.00023633968846167665 0.00023633968846167665 0.00023633968846167665 1 1 1 Converged Converged Converged OK OK OK 113 113 113 113 113 113 7 7 7 0 0 0 0 1 0 0 1
24 24 linear 0 23 240 3 0.0001 0.57101273100261662 0.47409260601234388 0.03181216321255765 0.4552021250780251 -1.3938618490203858 0.46156455772053662 0.5 -0.27791740244473767 2.5551312868091896 OK 13 12 0.54888000000000003 0.48592800000000003 0.20266999999999999 0.34486600000000001 0.23948900000000001 0 0.20401400000000003 0.24643900000000002 0.20266999999999999 0.0096120000000000008 0.0095829999999999995 0.0088430000000000002 0.15701300000000001 0.19994400000000001 0.15808100000000003 0.0067369999999999999 0.0066080000000000002 0.0061029999999999999 0.0015399999999999997 0.0015490000000000002 0.0014430000000000001 2.5551468688567809 2.5551468688567809 2.5551468688567809 0.00010172262320903696 0.00010172262320903696 0.00010172262320903696 1 1 1 Converged Converged Converged OK OK OK 129 129 129 129 129 129 7 7 7 0 0 0 0 1 0 0 1
24 24 linear 1 0 241 0 0.001 0.57101273100261662 0.47409260601234388 0.03181216321255765 -0.0052401017114611778 0.17187809569441501 -0.011602534353972708 0.5 0.19524968962977166 8.8531252860536593 OK 13 12 0.44362499999999999 0.438114 0.12959699999999999 0.307056 0.30618200000000001 0 0.136569 0.13193199999999999 0.12959699999999999 0.0097769999999999992 0.0095860000000000008 0.0090650000000000001 0.09906899999999999 0.095369000000000009 0.094621000000000011 0.0045900000000000003 0.0043920000000000001 0.0039920000000000008 0.001075 0.0011039999999999999 0.00097199999999999999 8.8531093681954722 8.8531093681954722 8.8531093681954722 0.0061314342745937486 0.0061314342745937486 0.0061314342745937486 1 1 1 Converged Converged Converged OK OK OK 83 83 83 83 83 83 5 5 5 0 0 0 0 0 1 0 0
24 24 linear 1 7 241 1 0.001 0.57101273100261662 0.47409260601234388 0.03181216321255765 -0.0052401017114611778 0.17187809569441501 -0.0077297492672265588 0.5 0.1913769045430255 10.854448542439698 OK 13 12 0.37487900000000002 0.27917999999999998 0.099713999999999997 0.26998299999999997 0.16748199999999999 0 0.10489600000000004 0.11169799999999999 0.099713999999999997 0.0085590000000000006 0.0085839999999999996 0.0079299999999999995 0.078124000000000027 0.085432000000000008 0.074781999999999973 0.0032800000000000004 0.0031049999999999997 0.0029720000000000002 0.000776 0.00080099999999999995 0.00073799999999999994 10.854513880267488 10.854513880267488 10.854513880267488 0.0067950158358430377 0.0067950158358430377 0.0067950158358430377 1 1 1 Converged Converged Converged OK OK OK 67 67 67 67 67 67 5 5 5 0 0 0 0 1 0 0 1
24 24 linear 1 15 241 2 0.001 0.57101273100261662 0.47409260601234388 0.03181216321255765 -0.0052401017114611778 0.17187809569441501 -0.0033037091680881031 0.5 0.18695086444388706 12.469171072735396 OK 13 12 0.37628400000000001 0.28331099999999998 0.097941 0.27368300000000001 0.16710700000000001 0 0.102601 0.11620399999999997 0.097941 0.0084869999999999998 0.0085699999999999995 0.0079159999999999994 0.076594000000000009 0.090262999999999982 0.073080000000000006 0.0030130000000000005 0.0031030000000000003 0.0030230000000000001 0.00072100000000000007 0.00076099999999999996 0.0007229999999999999 12.469292415819734 12.469292415819734 12.469292415819734 0.0072930992477924931 0.0072930992477924931 0.0072930992477924931 1 1 1 Converged Converged Converged OK OK OK 67 67 67 67 67 67 5 5 5 0 0 0 0 1 0 0 1
24 24 linear 1 23 241 3 0.001 0.57101273100261662 0.47409260601234388 0.03181216321255765 -0.0052401017114611778 0.17187809569441501 0.0011223309310503526 0.5 0.18252482434474859 13.661328225300741 OK 13 12 0.37886900000000001 0.28142699999999998 0.096611000000000002 0.27782299999999999 0.16908300000000001 0 0.10104600000000002 0.11234399999999997 0.096611000000000002 0.0084700000000000001 0.0085690000000000002 0.0079170000000000004 0.075104000000000004 0.086187000000000014 0.071663000000000018 0.0029919999999999999 0.0032740000000000004 0.0031459999999999995 0.00071699999999999997 0.00074799999999999997 0.00069899999999999997 13.661412861551119 13.661412861551119 13.661412861551119 0.0081678188566113672 0.0081678188566113672 0.0081678188566113672 1 1 1 Converged Converged Converged OK OK OK 67 67 67 67 67 67 5 5 5 0 0 0 0 1 0 0 1
24 24 linear 1 0 241 0 0.0001 0.57101273100261662 0.47409260601234388 0.03181216321255765 -0.0052401017114611778 0.17187809569441501 -0.011602534353972708 0.5 0.19524968962977166 8.8531252860536593 OK 13 12 0.50639699999999999 0.50417900000000004 0.19323699999999999 0.30340499999999998 0.30873800000000001 0 0.20299200000000001 0.19544100000000003 0.19323699999999999 0.0096139999999999993 0.0095409999999999991 0.0090299999999999998 0.14828000000000002 0.14161899999999997 0.14115799999999992 0.0072250000000000005 0.0070650000000000001 0.0066090000000000003 0.0015590000000000003 0.0014679999999999997 0.0014270000000000001 8.8531143493936355 8.8531143493936355 8.8531143493936355 0.00070531072277614266 0.00070531072277614266 0.00070531072277614266 1 1 1 Converged Converged Converged OK OK OK 123 123 123 123 123 123 5 5 5 0 0 0 0 0 1 0 0
24 24 linear 1 7 241 1 0.0001 0.57101273100261662 0.47409260601234388 0.03181216321255765 -0.0052401017114611778 0.17187809569441501 -0.0077297492672265588 0.5 0.1913769045430255 10.854448542439698 OK 13 12 0.43659199999999998 0.35102800000000001 0.15798699999999999 0.26758399999999999 0.16614799999999999 0 0.16900799999999999 0.18488000000000002 0.15798699999999999 0.0086269999999999993 0.0085800000000000008 0.007953 0.13093200000000002 0.14725600000000008 0.12202400000000001 0.005777 0.0055370000000000003 0.005239999999999999 0.001253 0.0012590000000000001 0.0011919999999999999 10.854519065913864 10.854519065913864 10.854519065913864 0.00059070391422794697 0.00059070391422794697 0.00059070391422794697 1 1 1 Converged Converged Converged OK OK OK 107 107 107 107 107 107 5 5 5 0 0 0 0 1 0 0 1
24 24 linear 1 15 241 2 0.0001 0.57101273100261662 0.47409260601234388 0.03181216321255765 -0.0052401017114611778 0.17187809569441501 -0.0033037091680881031 0.5 0.18695086444388706 12.469171072735396 OK 13 12 0.42784100000000003 0.34997299999999998 0.15193200000000001 0.27307799999999999 0.166877 0 0.15476300000000004 0.18309599999999998 0.15193200000000001 0.0088079999999999999 0.013081000000000001 0.0078829999999999994 0.11899199999999995 0.14385300000000001 0.11845 0.0052950000000000002 0.0049370000000000004 0.0048340000000000006 0.0010379999999999999 0.001052 0.0010240000000000002 12.469292480090303 12.469292480090303 12.469292480090303 0.0011953732442347102 0.0011953732442347102 0.0011953732442347102 1 1 1 Converged Converged Converged OK OK OK 99 99 99 99 99 99 5 5 5 0 0 0 0 1 0 0 1
24 24 linear 1 23 241 3 0.0001 0.57101273100261662 0.47409260601234388 0.03181216321255765 -0.0052401017114611778 0.17187809569441501 0.0011223309310503526 0.5 0.18252482434474859 13.661328225300741 OK 13 12 0.42705100000000001 0.337258 0.14600299999999999 0.274451 0.167907 0 0.15260000000000001 0.169351 0.14600299999999999 0.0086569999999999998 0.0086049999999999998 0.0078750000000000001 0.11736699999999997 0.13459699999999999 0.11279499999999999 0.0054650000000000002 0.005213999999999999 0.0048570000000000002 0.00098600000000000011 0.001021 0.00096299999999999988 13.661412977187618 13.661412977187618 13.661412977187618 0.0010368221198193916 0.0010368221198193916 0.0010368221198193916 1 1 1 Converged Converged Converged OK OK OK 99 99 99 99 99 99 5 5 5 0 0 0 0 1 0 0 1
24 24 linear 2 0 242 0 0.001 0.57101273100261662 0.47409260601234388 0.03181216321255765 0.40611020439489071 -1.425773239168374 0.39974777175237919 0.5 -0.21610061647658024 1.9765651851154731 OK 14 13 0.55129499999999998 0.54966599999999999 0.21451100000000001 0.33258500000000002 0.33330599999999999 0 0.21870999999999996 0.21636 0.21451100000000001 0.013597 0.013833 0.013069000000000001 0.17006399999999991 0.166962 0.16672900000000002 0.004801999999999999 0.0049919999999999999 0.004725 0.0010679999999999999 0.0011800000000000001 0.0011459999999999999 1.9765675639369711 1.9765675639369711 1.9765675639369711 0.0012248977509434701 0.0012248977509434701 0.0012248977509434701 1 1 1 Converged Converged Converged OK OK OK 97 97 97 97 97 97 7 7 7 0 0 0 0 0 1 0 0
24 24 linear 2 7 242 1 0.001 0.57101273100261662 0.47409260601234388 0.03181216321255765 0.40611020439489071 -1.425773239168374 0.40362055683912534 0.5 -0.2199734015633264 1.9110905134151472 OK 14 13 0.54575399999999996 0.47518899999999997 0.22051499999999999 0.31884699999999999 0.21793000000000001 0 0.22690699999999997 0.25725899999999996 0.22051499999999999 0.012444 0.012744 0.011724 0.18391000000000002 0.213561 0.17841999999999997 0.0053360000000000005 0.0057009999999999995 0.0053279999999999994 0.0011670000000000001 0.0012269999999999998 0.001224 1.9110956749477552 1.9110956749477552 1.9110956749477552 0.0011555113431588448 0.0011555113431588448 0.0011555113431588448 1 1 1 Converged Converged Converged OK OK OK 105 105 105 105 105 105 7 7 7 0 0 0 0 1 0 0 1
24 24 linear 2 15 242 2 0.001 0.57101273100261662 0.47409260601234388 0.03181216321255765 0.40611020439489071 -1.425773239168374 0.40804659693826378 0.5 -0.22439944166246484 1.7980464761507058 OK 15 14 0.71906199999999998 0.66043200000000002 0.28790900000000003 0.42452499999999999 0.32453700000000002 0 0.29453699999999999 0.335895 0.28790900000000003 0.016305 0.016281 0.015643000000000001 0.24197999999999997 0.280943 0.23753699999999983 0.0065330000000000006 0.0091469999999999989 0.0057850000000000002 0.00131 0.0013170000000000002 0.001305 1.7980032898415934 1.7980032898415934 1.7980032898415934 0.0012191661543213108 0.0012191661543213108 0.0012191661543213108 1 1 1 Converged Converged Converged OK OK OK 112 112 112 112 112 112 8 8 8 0 0 0 0 1 0 0 1
24 24 linear 2 23 242 3 0.001 0.57101273100261662 0.47409260601234388 0.03181216321255765 0.40611020439489071 -1.425773239168374 0.41247263703740222 0.5 -0.22882548176160328 1.6359758491058984 OK 14 13 0.54659000000000002 0.47469299999999998 0.16869400000000001 0.371952 0.26578200000000002 0 0.17463800000000002 0.20891099999999996 0.16869400000000001 0.012721 0.012716999999999999 0.012023000000000001 0.13671300000000006 0.17157599999999998 0.13239200000000001 0.0044329999999999994 0.004339 0.0041939999999999998 0.00096600000000000006 0.0010200000000000001 0.0010189999999999999 1.63597382747695 1.63597382747695 1.63597382747695 0.00074068739134314947 0.00074068739134314947 0.00074068739134314947 1 1 1 Converged Converged Converged OK OK OK 89 89 89 89 89 89 7 7 7 0 0 0 0 1 0 0 1
24 24 linear 2 0 242 0 0.0001 0.57101273100261662 0.47409260601234388 0.03181216321255765 0.40611020439489071 -1.425773239168374 0.39974777175237919 0.5 -0.21610061647658024 1.9765651851154731 OK 14 13 0.62196799999999997 0.61758800000000003 0.27937400000000001 0.33777800000000002 0.33256000000000002 0 0.28418999999999994 0.285028 0.27937400000000001 0.013596 0.013542999999999999 0.013022000000000001 0.22075799999999995 0.22097499999999998 0.21702599999999997 0.0066589999999999991 0.0073939999999999995 0.0065679999999999992 0.001598 0.0018380000000000002 0.0015719999999999998 1.9765669400593076 1.9765669400593076 1.9765669400593076 5.7598831389521667e-05 5.7598831389521667e-05 5.7598831389521667e-05 1 1 1 Converged Converged Converged OK OK OK 129 129 129 129 129 129 7 7 7 0 0 0 0 0 1 0 0
24 24 linear 2 7 242 1 0.0001 0.57101273100261662 0.47409260601234388 0.03181216321255765 0.40611020439489071 -1.425773239168374 0.40362055683912534 0.5 -0.2199734015633264 1.9110905134151472 OK 14 13 0.59210099999999999 0.54354199999999997 0.263959 0.32345400000000002 0.217358 0 0.26864699999999997 0.32618399999999997 0.263959 0.012461 0.012585000000000001 0.011729 0.21994499999999992 0.27663600000000005 0.216227 0.0065590000000000006 0.0070049999999999999 0.0066749999999999995 0.0014840000000000001 0.0015770000000000001 0.0014919999999999998 1.9110957387257539 1.9110957387257539 1.9110957387257539 9.9364415756035399e-05 9.9364415756035399e-05 9.9364415756035399e-05 1 1 1 Converged Converged Converged OK OK OK 129 129 129 129 129 129 7 7 7 0 0 0 0 1 0 0 1
24 24 linear 2 15 242 2 0.0001 0.57101273100261662 0.47409260601234388 0.03181216321255765 0.40611020439489071 -1.425773239168374 0.40804659693826378 0.5 -0.22439944166246484 1.7980464761507058 OK 15 14 0.78210800000000003 0.74688299999999996 0.346582 0.42905399999999999 0.32441500000000001 0 0.35305400000000003 0.42246799999999995 0.346582 0.016480999999999999 0.016555 0.015989 0.28661000000000009 0.35548800000000003 0.281335 0.0084480000000000006 0.0089800000000000019 0.0084060000000000003 0.0017799999999999999 0.0018309999999999997 0.0017230000000000001 1.7980416254946809 1.7980416254946809 1.7980416254946809 0.00010998911805963384 0.00010998911805963384 0.00010998911805963384 1 1 1 Converged Converged Converged OK OK OK 152 152 152 152 152 152 8 8 8 0 0 0 0 1 0 0 1
24 24 linear 2 23 242 3 0.0001 0.57101273100261662 0.47409260601234388 0.03181216321255765 0.40611020439489071 -1.425773239168374 0.41247263703740222 0.5 -0.22882548176160328 1.6359758491058984 OK 14 13 0.59432499999999999 0.545292 0.21210399999999999 0.37643500000000002 0.26579999999999998 0 0.21788999999999997 0.27949200000000002 0.21210399999999999 0.012695 0.012737999999999999 0.011979 0.17038300000000003 0.23179700000000003 0.16637199999999994 0.0063169999999999997 0.0064590000000000003 0.0059889999999999995 0.0011979999999999998 0.001232 0.0011300000000000001 1.6359738289699315 1.6359738289699315 1.6359738289699315 0.00010019059129220479 0.00010019059129220479 0.00010019059129220479 1 1 1 Converged Converged Converged OK OK OK 121 121 121 121 121 121 7 7 7 0 0 0 0 1 0 0 1
24 24 linear 3 0 243 0 0.001 0.57101273100261662 0.47409260601234388 0.03181216321255765 0.49672963436147527 1.3411543321316841 0.49036720171896375 0.5 -0.30672004644316481 1.3742557792919607 OK 13 12 0.40632299999999999 0.40563300000000002 0.119293 0.284001 0.28497 0 0.12232199999999999 0.12066300000000002 0.119293 0.010033 0.010333999999999999 0.0099100000000000004 0.090900999999999982 0.088878000000000026 0.088284999999999975 0.0031539999999999997 0.0032339999999999999 0.0031219999999999998 0.00066500000000000001 0.00068099999999999996 0.00066100000000000002 1.3742539659465924 1.3742539659465924 1.3742539659465924 0.0013665026901343801 0.0013665026901343801 0.0013665026901343801 1 1 1 Converged Converged Converged OK OK OK 60 60 60 60 60 60 4 4 4 0 0 0 0 0 1 0 0
24 24 linear 3 7 243 1 0.001 0.57101273100261662 0.47409260601234388 0.03181216321255765 0.49672963436147527 1.3411543321316841 0.49423998680570991 0.5 -0.31059283152991096 1.3677568408247547 OK 13 12 0.43688199999999999 0.38284899999999999 0.12726699999999999 0.30487399999999998 0.20783299999999999 0 0.13200800000000001 0.175016 0.12726699999999999 0.0095940000000000001 0.0096039999999999997 0.0089650000000000007 0.10016800000000002 0.143037 0.096727999999999995 0.0036189999999999998 0.003836 0.003506 0.00075299999999999998 0.00074400000000000009 0.00072699999999999989 1.3677559813380025 1.3677559813380025 1.3677559813380025 0.00040016044204974608 0.00040016044204974608 0.00040016044204974608 1 1 1 Converged Converged Converged OK OK OK 68 68 68 68 68 68 4 4 4 0 0 0 0 1 0 0 1
24 24 linear 3 15 243 2 0.001 0.57101273100261662 0.47409260601234388 0.03181216321255765 0.49672963436147527 1.3411543321316841 0.49866602690484835 0.5 -0.3150188716290494 1.3605705835888962 OK 13 12 0.441214 0.36597499999999999 0.12610099999999999 0.31016300000000002 0.19494300000000001 0 0.13105099999999997 0.17103199999999999 0.12610099999999999 0.0096259999999999991 0.0096849999999999992 0.0089809999999999994 0.099565000000000028 0.14027400000000001 0.096436999999999981 0.0037949999999999998 0.0036130000000000003 0.0034539999999999996 0.00071900000000000002 0.00072599999999999997 0.00070800000000000008 1.3605696853409364 1.3605696853409364 1.3605696853409364 0.00037143399348950074 0.00037143399348950074 0.00037143399348950074 1 1 1 Converged Converged Converged OK OK OK 68 68 68 68 68 68 4 4 4 0 0 0 0 1 0 0 1
24 24 linear 3 23 243 3 0.001 0.57101273100261662 0.47409260601234388 0.03181216321255765 0.49672963436147527 1.3411543321316841 0.50309206700398679 0.5 -0.31944491172818784 1.3536128161910415 OK 13 12 0.44381300000000001 0.37356 0.11901200000000001 0.31640800000000002 0.210783 0 0.12740499999999999 0.16277700000000001 0.11901200000000001 0.013184 0.0095720000000000006 0.0088889999999999993 0.092528000000000013 0.13204099999999996 0.089478000000000016 0.0037800000000000004 0.0036680000000000007 0.0035590000000000001 0.00079699999999999997 0.00080699999999999999 0.00074100000000000001 1.3536116351415142 1.3536116351415142 1.3536116351415142 0.00062491381325726182 0.00062491381325726182 0.00062491381325726182 1 1 1 Converged Converged Converged OK OK OK 68 68 68 68 68 68 4 4 4 0 0 0 0 1 0 0 1
24 24 linear 3 0 243 0 0.0001 0.57101273100261662 0.47409260601234388 0.03181216321255765 0.49672963436147527 1.3411543321316841 0.49036720171896375 0.5 -0.30672004644316481 1.3742557792919607 OK 13 12 0.46462500000000001 0.46592 0.17747199999999999 0.28162300000000001 0.28237800000000002 0 0.183002 0.18354199999999998 0.17747199999999999 0.010323000000000001 0.010385 0.0099319999999999999 0.13736000000000004 0.138435 0.13314700000000002 0.0051390000000000003 0.0049900000000000005 0.0051200000000000004 0.0010149999999999998 0.0010579999999999999 0.0010430000000000001 1.3742549405154652 1.3742549405154652 1.3742549405154652 3.0995900642596168e-06 3.0995900642596168e-06 3.0995900642596168e-06 1 1 1 Converged Converged Converged OK OK OK 92 92 92 92 92 92 4 4 4 0 0 0 0 0 1 0 0
24 24 linear 3 7 243 1 0.0001 0.57101273100261662 0.47409260601234388 0.03181216321255765 0.49672963436147527 1.3411543321316841 0.49423998680570991 0.5 -0.31059283152991096 1.3677568408247547 OK 13 12 0.468754 0.42323899999999998 0.160442 0.30295100000000003 0.20683000000000001 0 0.16580299999999998 0.21640899999999996 0.160442 0.0095499999999999995 0.0096939999999999995 0.0090229999999999998 0.12989599999999996 0.18069599999999997 0.12591999999999998 0.0044860000000000004 0.0043959999999999997 0.0043280000000000002 0.00087399999999999989 0.00088699999999999998 0.00083800000000000009 1.3677559950222264 1.3677559950222264 1.3677559950222264 4.5804481955850883e-05 4.5804481955850883e-05 4.5804481955850883e-05 1 1 1 Converged Converged Converged OK OK OK 84 84 84 84 84 84 4 4 4 0 0 0 0 1 0 0 1
24 24 linear 3 15 243 2 0.0001 0.57101273100261662 0.47409260601234388 0.03181216321255765 0.49672963436147527 1.3411543321316841 0.49866602690484835 0.5 -0.3150188716290494 1.3605705835888962 OK 13 12 0.48034500000000002 0.40944799999999998 0.16111 0.31379099999999999 0.19730500000000001 0 0.16655400000000004 0.21214299999999997 0.16111 0.0096480000000000003 0.0097730000000000004 0.0090709999999999992 0.13057399999999997 0.17517400000000002 0.126272 0.0044949999999999999 0.0048870000000000007 0.0043909999999999999 0.00086000000000000009 0.00090499999999999999 0.00084000000000000003 1.3605697035360107 1.3605697035360107 1.3605697035360107 7.2660634886837316e-05 7.2660634886837316e-05 7.2660634886837316e-05 1 1 1 Converged Converged Converged OK OK OK 84 84 84 84 84 84 4 4 4 0 0 0 0 1 0 0 1
24 24 linear 3 23 243 3 0.0001 0.57101273100261662 0.47409260601234388 0.03181216321255765 0.49672963436147527 1.3411543321316841 0.50309206700398679 0.5 -0.31944491172818784 1.3536128161910415 OK 13 12 0.481823 0.42817300000000003 0.161748 0.31392700000000001 0.208283 0 0.16789599999999999 0.21989000000000003 0.161748 0.0094669999999999997 0.0096900000000000007 0.0090060000000000001 0.12956099999999995 0.18171799999999996 0.12472600000000003 0.0050460000000000001 0.0048809999999999999 0.0048059999999999995 0.001034 0.0010120000000000001 0.00098700000000000003 1.3536119841606717 1.3536119841606717 1.3536119841606717 1.2456581513593325e-05 1.2456581513593325e-05 1.2456581513593325e-05 1 1 1 Converged Converged Converged OK OK OK 92 92 92 92 92 92 4 4 4 0 0 0 0 1 0 0 1
24 24 linear 4 0 244 0 0.001 0.57101273100261662 0.47409260601234388 0.03181216321255765 0.48037335848776069 -1.32154972254264 0.47401092584524918 0.5 -0.29036377056945023 1.3701849310459528 OK 13 12 0.44132199999999999 0.437415 0.13877100000000001 0.29853400000000002 0.29801100000000003 0 0.14278799999999997 0.13940399999999997 0.13877100000000001 0.010089000000000001 0.0098910000000000005 0.0096559999999999997 0.10362199999999995 0.10090000000000002 0.10058199999999999 0.0043230000000000005 0.0042129999999999997 0.0043870000000000003 0.00090900000000000009 0.000977 0.00096600000000000006 1.3701841075628138 1.3701841075628138 1.3701841075628138 0.00028209569274006822 0.00028209569274006822 0.00028209569274006822 1 1 1 Converged Converged Converged OK OK OK 76 76 76 76 76 76 4 4 4 0 0 0 0 0 1 0 0
24 24 linear 4 7 244 1 0.001 0.57101273100261662 0.47409260601234388 0.03181216321255765 0.48037335848776069 -1.32154972254264 0.47788371093199533 0.5 -0.29423655565619639 1.3624819998905449 OK 13 12 0.44962200000000002 0.38134099999999999 0.12729099999999999 0.31824400000000003 0.20750099999999999 0 0.13137799999999999 0.17383999999999999 0.12729099999999999 0.0095610000000000001 0.0096749999999999996 0.008992 0.097737000000000046 0.14023199999999997 0.094749999999999987 0.0042009999999999999 0.0042660000000000007 0.004187999999999999 0.00087100000000000014 0.00088400000000000002 0.00088800000000000012 1.3624811883218471 1.3624811883218471 1.3624811883218471 0.00022263223373570045 0.00022263223373570045 0.00022263223373570045 1 1 1 Converged Converged Converged OK OK OK 76 76 76 76 76 76 4 4 4 0 0 0 0 1 0 0 1
24 24 linear 4 15 244 2 0.001 0.57101273100261662 0.47409260601234388 0.03181216321255765 0.48037335848776069 -1.32154972254264 0.48230975103113377 0.5 -0.29866259575533483 1.3543743383503917 OK 13 12 0.44423800000000002 0.38517400000000002 0.12986200000000001 0.30972100000000002 0.20694100000000001 0 0.134517 0.178233 0.12986200000000001 0.0091940000000000008 0.0094090000000000007 0.0086879999999999995 0.10082199999999998 0.14421799999999999 0.097627999999999993 0.0044029999999999998 0.0045830000000000003 0.004156 0.00096000000000000002 0.00091999999999999992 0.00095599999999999993 1.35437354282131 1.35437354282131 1.35437354282131 0.00017182191850091642 0.00017182191850091642 0.00017182191850091642 1 1 1 Converged Converged Converged OK OK OK 76 76 76 76 76 76 4 4 4 0 0 0 0 1 0 0 1
24 24 linear 4 23 244 3 0.001 0.57101273100261662 0.47409260601234388 0.03181216321255765 0.48037335848776069 -1.32154972254264 0.48673579113027221 0.5 -0.30308863585447327 1.3468819428216452 OK 13 12 0.43531500000000001 0.37079400000000001 0.13154199999999999 0.30030200000000001 0.20147399999999999 0 0.13501299999999999 0.16932000000000003 0.13154199999999999 0.0091789999999999997 0.0091730000000000006 0.008652 0.10183699999999998 0.13572799999999999 0.099570999999999993 0.004267 0.0045390000000000005 0.0041379999999999993 0.00095399999999999999 0.0010300000000000001 0.00090799999999999995 1.34688115731679 1.34688115731679 1.34688115731679 0.00014149530123045394 0.00014149530123045394 0.00014149530123045394 1 1 1 Converged Converged Converged OK OK OK 76 76 76 76 76 76 4 4 4 0 0 0 0 1 0 0 1
24 24 linear 4 0 244 0 0.0001 0.57101273100261662 0.47409260601234388 0.03181216321255765 0.48037335848776069 -1.32154972254264 0.47401092584524918 0.5 -0.29036377056945023 1.3701849310459528 OK 13 12 0.45474500000000001 0.45736300000000002 0.16042200000000001 0.290796 0.29652000000000001 0 0.16394900000000001 0.16084300000000001 0.16042200000000001 0.0098930000000000008 0.010009000000000001 0.0095910000000000006 0.11999500000000003 0.11684699999999999 0.116772 0.0049329999999999999 0.0050189999999999992 0.0050670000000000003 0.001073 0.00106 0.001072 1.3701841074802912 1.3701841074802912 1.3701841074802912 0.000106228522549935 0.000106228522549935 0.000106228522549935 1 1 1 Converged Converged Converged OK OK OK 92 92 92 92 92 92 4 4 4 0 0 0 0 0 1 0 0
24 24 linear 4 7 244 1 0.0001 0.57101273100261662 0.47409260601234388 0.03181216321255765 0.48037335848776069 -1.32154972254264 0.47788371093199533 0.5 -0.29423655565619639 1.3624819998905449 OK 13 12 0.4718 0.40604200000000001 0.148448 0.31409399999999998 0.20938999999999999 0 0.15770600000000001 0.19665200000000002 0.148448 0.0096760000000000006 0.0095069999999999998 0.0090039999999999999 0.11364100000000005 0.15854800000000005 0.11095799999999997 0.010677000000000001 0.0050739999999999995 0.0052160000000000002 0.001029 0.0010150000000000001 0.001026 1.3624811886440678 1.3624811886440678 1.3624811886440678 9.1827452174064319e-05 9.1827452174064319e-05 9.1827452174064319e-05 1 1 1 Converged Converged Converged OK OK OK 92 92 92 92 92 92 4 4 4 0 0 0 0 1 0 0 1
24 24 linear 4 15 244 2 0.0001 0.57101273100261662 0.47409260601234388 0.03181216321255765 0.48037335848776069 -1.32154972254264 0.48230975103113377 0.5 -0.29866259575533483 1.3543743383503917 OK 13 12 0.46073999999999998 0.40835199999999999 0.15057699999999999 0.30588100000000001 0.20661299999999999 0 0.15485899999999997 0.201739 0.15057699999999999 0.0093760000000000007 0.0093749999999999997 0.0086840000000000007 0.116554 0.16360999999999995 0.11348900000000001 0.0050200000000000002 0.0050010000000000002 0.004973 0.0010360000000000002 0.0010540000000000002 0.001059 1.3543735429654948 1.3543735429654948 1.3543735429654948 8.330166610626221e-05 8.330166610626221e-05 8.330166610626221e-05 1 1 1 Converged Converged Converged OK OK OK 92 92 92 92 92 92 4 4 4 0 0 0 0 1 0 0 1
24 24 linear 4 23 244 3 0.0001 0.57101273100261662 0.47409260601234388 0.03181216321255765 0.48037335848776069 -1.32154972254264 0.48673579113027221 0.5 -0.30308863585447327 1.3468819428216452 OK 13 12 0.45874799999999999 0.39152799999999999 0.15140200000000001 0.30037599999999998 0.19839899999999999 0 0.15837200000000001 0.193129 0.15140200000000001 0.0093380000000000008 0.0093270000000000002 0.0086689999999999996 0.12035900000000005 0.15538199999999999 0.11464200000000001 0.0049429999999999995 0.0048679999999999999 0.0049059999999999998 0.001031 0.0010280000000000001 0.001013 1.3468811573557704 1.3468811573557704 1.3468811573557704 8.5106412900214909e-05 8.5106412900214909e-05 8.5106412900214909e-05 1 1 1 Converged Converged Converged OK OK OK 92 92 92 92 92 92 4 4 4 0 0 0 0 1 0 0 1
24 24 uniform 0 0 245 0 0.001 0.57101273100261662 0.47409260601234388 0.03181216321255765 0.4552021250780251 -1.3938618490203858 0.44883969243551358 0 -0.26519253715971464 2.6436947257400516 OK 13 12 0.46490799999999999 0.46604400000000001 0.134132 0.33109699999999997 0.32769700000000002 0 0.13381100000000001 0.138347 0.134132 0.010166 0.010248999999999999 0.0099889999999999996 0.093806 0.098302000000000028 0.094081999999999999 0.0035949999999999997 0.0036940000000000002 0.0036150000000000002 0.0010769999999999998 0.0010560000000000001 0.001034 2.6436954541436406 2.6436954541436406 2.6436954541436406 0.00080793196234270001 0.00080793196234270001 0.00080793196234270001 1 1 1 Converged Converged Converged OK OK OK 89 89 89 89 89 89 7 7 7 0 0 0 0 0 1 0 0
24 24 uniform 0 7 245 1 0.001 0.57101273100261662 0.47409260601234388 0.03181216321255765 0.4552021250780251 -1.3938618490203858 0.45271247752225974 0 -0.26906532224646079 2.6106841542213242 OK 13 12 0.44613599999999998 0.37390899999999999 0.124852 0.32018099999999999 0.21199799999999999 0 0.12595499999999998 0.161911 0.124852 0.0095499999999999995 0.0093970000000000008 0.0089009999999999992 0.09429300000000003 0.12994499999999998 0.094110999999999986 0.0036619999999999995 0.0038279999999999994 0.0036229999999999995 0.0010189999999999999 0.001126 0.0010280000000000001 2.6106845300596251 2.6106845300596251 2.6106845300596251 0.00086997065063264148 0.00086997065063264148 0.00086997065063264148 1 1 1 Converged Converged Converged OK OK OK 89 89 89 89 89 89 7 7 7 0 0 0 0 1 0 0 1
24 24 uniform 0 15 245 2 0.001 0.57101273100261662 0.47409260601234388 0.03181216321255765 0.4552021250780251 -1.3938618490203858 0.45713851762139818 0 -0.27349136234559923 2.566591569068851 OK 13 12 0.45255600000000001 0.37315300000000001 0.11648 0.33427899999999999 0.21567 0 0.11827700000000002 0.15748300000000001 0.11648 0.0094599999999999997 0.009495 0.0088280000000000008 0.088171000000000013 0.12710600000000005 0.087731999999999991 0.0033670000000000002 0.003454 0.0032780000000000001 0.00084699999999999999 0.00084699999999999999 0.00078699999999999994 2.5665915167837032 2.5665915167837032 2.5665915167837032 0.0022056076793143774 0.0022056076793143774 0.0022056076793143774 1 1 1 Converged Converged Converged OK OK OK 81 81 81 81 81 81 7 7 7 0 0 0 0 1 0 0 1
24 24 uniform 0 23 245 3 0.001 0.57101273100261662 0.47409260601234388 0.03181216321255765 0.4552021250780251 -1.3938618490203858 0.46156455772053662 0 -0.27791740244473767 2.5171760642723808 OK 13 12 0.46271099999999998 0.39190399999999997 0.119462 0.34159099999999998 0.239289 0 0.12112000000000001 0.15261499999999997 0.119462 0.0095139999999999999 0.0096100000000000005 0.0088559999999999993 0.091078000000000034 0.122137 0.090628999999999973 0.0033040000000000001 0.0034549999999999997 0.0032180000000000004 0.00087000000000000001 0.00095199999999999994 0.00086199999999999992 2.5171762552115307 2.5171762552115307 2.5171762552115307 0.0020308875018130524 0.0020308875018130524 0.0020308875018130524 1 1 1 Converged Converged Converged OK OK OK 81 81 81 81 81 81 7 7 7 0 0 0 0 1 0 0 1
24 24 uniform 0 0 245 0 0.0001 0.57101273100261662 0.47409260601234388 0.03181216321255765 0.4552021250780251 -1.3938618490203858 0.44883969243551358 0 -0.26519253715971464 2.6436947257400516 OK 13 12 0.49291200000000002 0.49240099999999998 0.163717 0.32835500000000001 0.32808100000000001 0 0.16455700000000001 0.16431999999999997 0.163717 0.010345 0.010333999999999999 0.010004000000000001 0.11449499999999996 0.11450200000000002 0.11398500000000002 0.0048589999999999996 0.0047850000000000002 0.0048600000000000006 0.0013320000000000001 0.0013700000000000001 0.0012990000000000002 2.6436954542839177 2.6436954542839177 2.6436954542839177 0.0002079532813799819 0.0002079532813799819 0.0002079532813799819 1 1 1 Converged Converged Converged OK OK OK 113 113 113 113 113 113 7 7 7 0 0 0 0 0 1 0 0
24 24 uniform 0 7 245 1 0.0001 0.57101273100261662 0.47409260601234388 0.03181216321255765 0.4552021250780251 -1.3938618490203858 0.45271247752225974 0 -0.26906532224646079 2.6106841542213242 OK 13 12 0.47558600000000001 0.41730600000000001 0.150065 0.32383699999999999 0.21080199999999999 0 0.15174900000000002 0.20650400000000002 0.150065 0.0094909999999999994 0.0096830000000000006 0.0089180000000000006 0.11327599999999992 0.16772399999999998 0.11260199999999999 0.0047530000000000003 0.004993 0.0048180000000000002 0.0012670000000000001 0.0013180000000000002 0.0013290000000000001 2.6106845518283732 2.6106845518283732 2.6106845518283732 0.0001504308984083407 0.0001504308984083407 0.0001504308984083407 1 1 1 Converged Converged Converged OK OK OK 113 113 113 113 113 113 7 7 7 0 0 0 0 1 0 0 1
24 24 uniform 0 15 245 2 0.0001 0.57101273100261662 0.47409260601234388 0.03181216321255765 0.4552021250780251 -1.3938618490203858 0.45713851762139818 0 -0.27349136234559923 2.566591569068851 OK 13 12 0.47962399999999999 0.41619600000000001 0.147342 0.33053100000000002 0.21617400000000001 0 0.14909299999999998 0.20002200000000001 0.147342 0.0093620000000000005 0.0094669999999999997 0.0088489999999999992 0.11108999999999998 0.16135800000000003 0.11035799999999997 0.0048129999999999996 0.0050059999999999992 0.0048609999999999999 0.0012339999999999999 0.0012689999999999999 0.00124 2.5665917296652005 2.5665917296652005 2.5665917296652005 0.00011161625129550799 0.00011161625129550799 0.00011161625129550799 1 1 1 Converged Converged Converged OK OK OK 113 113 113 113 113 113 7 7 7 0 0 0 0 1 0 0 1
24 24 uniform 0 23 245 3 0.0001 0.57101273100261662 0.47409260601234388 0.03181216321255765 0.4552021250780251 -1.3938618490203858 0.46156455772053662 0 -0.27791740244473767 2.5171760642723808 OK 13 12 0.49471999999999999 0.43133899999999997 0.149143 0.344225 0.235543 0 0.15049499999999999 0.19579599999999997 0.149143 0.0095720000000000006 0.0095779999999999997 0.0089099999999999995 0.11244200000000004 0.15724399999999997 0.11188400000000005 0.0046239999999999996 0.0048460000000000005 0.0047819999999999998 0.0013160000000000001 0.0013900000000000002 0.0012950000000000001 2.5171760291105043 2.5171760291105043 2.5171760291105043 0.00010457446955996477 0.00010457446955996477 0.00010457446955996477 1 1 1 Converged Converged Converged OK OK OK 113 113 113 113 113 113 7 7 7 0 0 0 0 1 0 0 1
24 24 uniform 1 0 246 0 0.001 0.57101273100261662 0.47409260601234388 0.03181216321255765 -0.0052401017114611778 0.17187809569441501 -0.011602534353972708 0 0.19524968962977166 9.4431948562077554 OK 13 12 0.41870299999999999 0.41386800000000001 0.111439 0.30200900000000003 0.30289700000000003 0 0.11669399999999996 0.11097099999999999 0.111439 0.0093019999999999995 0.0094420000000000007 0.0091920000000000005 0.081265999999999949 0.075541999999999984 0.075694000000000011 0.0038739999999999998 0.0039409999999999992 0.0042729999999999999 0.00092599999999999996 0.00094700000000000003 0.0010119999999999999 9.4431972844786412 9.4431972844786412 9.4431972844786412 0.0032375740759763945 0.0032375740759763945 0.0032375740759763945 1 1 1 Converged Converged Converged OK OK OK 83 83 83 83 83 83 5 5 5 0 0 0 0 0 1 0 0
24 24 uniform 1 7 246 1 0.001 0.57101273100261662 0.47409260601234388 0.03181216321255765 -0.0052401017114611778 0.17187809569441501 -0.0077297492672265588 0 0.1913769045430255 11.383579338864584 OK 13 12 0.356819 0.26269900000000002 0.083729999999999999 0.27155200000000002 0.16489999999999999 0 0.085266999999999982 0.097799000000000025 0.083729999999999999 0.0085299999999999994 0.0097409999999999997 0.0080190000000000001 0.059192000000000002 0.070570000000000022 0.058498999999999995 0.0029199999999999994 0.002885 0.0029710000000000001 0.00071199999999999996 0.00074400000000000009 0.00080300000000000011 11.38357788718292 11.38357788718292 11.38357788718292 0.0034080063862796093 0.0034080063862796093 0.0034080063862796093 1 1 1 Converged Converged Converged OK OK OK 67 67 67 67 67 67 5 5 5 0 0 0 0 1 0 0 1
24 24 uniform 1 15 246 2 0.001 0.57101273100261662 0.47409260601234388 0.03181216321255765 -0.0052401017114611778 0.17187809569441501 -0.0033037091680881031 0 0.18695086444388706 12.719742109428516 OK 13 12 0.35242099999999998 0.27025300000000002 0.081702999999999998 0.26922200000000002 0.169265 0 0.083198999999999967 0.10098800000000002 0.081702999999999998 0.0086709999999999999 0.0085470000000000008 0.0078729999999999998 0.057573999999999993 0.074492000000000017 0.05695900000000001 0.0027800000000000004 0.0031260000000000003 0.0028670000000000002 0.00072900000000000005 0.00078300000000000006 0.00070300000000000007 12.719742570184206 12.719742570184206 12.719742570184206 0.0034571449325596845 0.0034571449325596845 0.0034571449325596845 1 1 1 Converged Converged Converged OK OK OK 67 67 67 67 67 67 5 5 5 0 0 0 0 1 0 0 1
24 24 uniform 1 23 246 3 0.001 0.57101273100261662 0.47409260601234388 0.03181216321255765 -0.0052401017114611778 0.17187809569441501 0.0011223309310503526 0 0.18252482434474859 13.622521890094797 OK 13 12 0.35726200000000002 0.27307999999999999 0.079993999999999996 0.27549299999999999 0.176347 0 0.081769000000000036 0.096732999999999986 0.079993999999999996 0.0084399999999999996 0.0086549999999999995 0.0078480000000000008 0.056267000000000005 0.070497999999999991 0.05542799999999997 0.0028290000000000004 0.0030900000000000003 0.002859 0.00069700000000000003 0.00075299999999999998 0.00069500000000000009 13.622522253665014 13.622522253665014 13.622522253665014 0.0038576365748860045 0.0038576365748860045 0.0038576365748860045 1 1 1 Converged Converged Converged OK OK OK 67 67 67 67 67 67 5 5 5 0 0 0 0 1 0 0 1
24 24 uniform 1 0 246 0 0.0001 0.57101273100261662 0.47409260601234388 0.03181216321255765 -0.0052401017114611778 0.17187809569441501 -0.011602534353972708 0 0.19524968962977166 9.4431948562077554 OK 13 12 0.46731400000000001 0.464943 0.15900900000000001 0.30296000000000001 0.304539 0 0.164354 0.16040399999999999 0.15900900000000001 0.0092589999999999999 0.0095230000000000002 0.0091039999999999992 0.11318599999999997 0.10975500000000003 0.10889699999999995 0.0062019999999999992 0.0060370000000000007 0.0058980000000000005 0.0014199999999999998 0.0013809999999999998 0.0013470000000000001 9.4431948710991804 9.4431948710991804 9.4431948710991804 0.00042458078124143843 0.00042458078124143843 0.00042458078124143843 1 1 1 Converged Converged Converged OK OK OK 123 123 123 123 123 123 5 5 5 0 0 0 0 0 1 0 0
24 24 uniform 1 7 246 1 0.0001 0.57101273100261662 0.47409260601234388 0.03181216321255765 -0.0052401017114611778 0.17187809569441501 -0.0077297492672265588 0 0.1913769045430255 11.383579338864584 OK 13 12 0.40595700000000001 0.32326500000000002 0.131353 0.27243699999999998 0.16392999999999999 0 0.13352000000000003 0.15933500000000003 0.131353 0.008685 0.0083909999999999992 0.0080099999999999998 0.095585000000000017 0.123082 0.095409000000000049 0.0056480000000000002 0.0048919999999999988 0.0050769999999999999 0.001253 0.0011590000000000001 0.001188 11.383579262842938 11.383579262842938 11.383579262842938 0.00031148295725005285 0.00031148295725005285 0.00031148295725005285 1 1 1 Converged Converged Converged OK OK OK 107 107 107 107 107 107 5 5 5 0 0 0 0 1 0 0 1
24 24 uniform 1 15 246 2 0.0001 0.57101273100261662 0.47409260601234388 0.03181216321255765 -0.0052401017114611778 0.17187809569441501 -0.0033037091680881031 0 0.18695086444388706 12.719742109428516 OK 13 12 0.39746799999999999 0.31870599999999999 0.12125 0.27342 0.164573 0 0.12404799999999999 0.15413299999999999 0.12125 0.0084799999999999997 0.0086789999999999992 0.0079670000000000001 0.089155999999999985 0.11907500000000003 0.088728000000000001 0.0049970000000000006 0.0050220000000000004 0.0043169999999999997 0.0010330000000000001 0.0010110000000000002 0.00096900000000000003 12.719742684202135 12.719742684202135 12.719742684202135 0.00099136380560961254 0.00099136380560961254 0.00099136380560961254 1 1 1 Converged Converged Converged OK OK OK 99 99 99 99 99 99 5 5 5 0 0 0 0 1 0 0 1
24 24 uniform 1 23 246 3 0.0001 0.57101273100261662 0.47409260601234388 0.03181216321255765 -0.0052401017114611778 0.17187809569441501 0.0011223309310503526 0 0.18252482434474859 13.622521890094797 OK 13 12 0.40173399999999998 0.310645 0.119974 0.27552300000000002 0.168048 0 0.12621099999999996 0.142597 0.119974 0.0086610000000000003 0.0086289999999999995 0.0078989999999999998 0.091440999999999995 0.108696 0.087578999999999976 0.0050000000000000001 0.0046610000000000002 0.0043560000000000005 0.0010510000000000001 0.0010019999999999999 0.00097300000000000002 13.622522380684044 13.622522380684044 13.622522380684044 0.00092125284966594471 0.00092125284966594471 0.00092125284966594471 1 1 1 Converged Converged Converged OK OK OK 99 99 99 99 99 99 5 5 5 0 0 0 0 1 0 0 1
24 24 uniform 2 0 247 0 0.001 0.57101273100261662 0.47409260601234388 0.03181216321255765 0.40611020439489071 -1.425773239168374 0.39974777175237919 0 -0.21610061647658024 2.0053056186911222 OK 14 13 0.46856300000000001 0.46918199999999999 0.134602 0.33269700000000002 0.33250299999999999 0 0.13586599999999999 0.13667899999999999 0.134602 0.01316 0.013583 0.013009 0.094688000000000008 0.094654999999999961 0.094039000000000011 0.0034299999999999999 0.0035889999999999997 0.0034019999999999996 0.00086600000000000012 0.00101 0.00090400000000000007 2.005306332790215 2.005306332790215 2.005306332790215 0.0013492173098277082 0.0013492173098277082 0.0013492173098277082 1 1 1 Converged Converged Converged OK OK OK 81 81 81 81 81 81 7 7 7 0 0 0 0 0 1 0 0
24 24 uniform 2 7 247 1 0.001 0.57101273100261662 0.47409260601234388 0.03181216321255765 0.40611020439489071 -1.425773239168374 0.40362055683912534 0 -0.2199734015633264 1.9527825211784045 OK 14 13 0.45795400000000003 0.38566899999999998 0.13975499999999999 0.31925300000000001 0.21984300000000001 0 0.13870100000000002 0.16582599999999997 0.13975499999999999 0.01257 0.012524 0.011780000000000001 0.10114099999999997 0.12837200000000004 0.10357300000000001 0.0039250000000000005 0.0041389999999999995 0.003895 0.00098200000000000002 0.0010610000000000001 0.00099799999999999997 1.9527824557897404 1.9527824557897404 1.9527824557897404 0.0012397240838187796 0.0012397240838187796 0.0012397240838187796 1 1 1 Converged Converged Converged OK OK OK 89 89 89 89 89 89 7 7 7 0 0 0 0 1 0 0 1
24 24 uniform 2 15 247 2 0.001 0.57101273100261662 0.47409260601234388 0.03181216321255765 0.40611020439489071 -1.425773239168374 0.40804659693826378 0 -0.22439944166246484 1.8462842810281359 OK 15 14 0.61657499999999998 0.55323800000000001 0.192997 0.42255900000000002 0.32610099999999997 0 0.19401599999999997 0.22713700000000003 0.192997 0.016181000000000001 0.016639000000000001 0.015855000000000001 0.14874599999999999 0.18101299999999998 0.14853599999999995 0.0043810000000000003 0.0046630000000000013 0.0043240000000000006 0.0011219999999999997 0.001147 0.001072 1.8462218418426013 1.8462218418426013 1.8462218418426013 0.0015446733266451305 0.0015446733266451305 0.0015446733266451305 1 1 1 Converged Converged Converged OK OK OK 96 96 96 96 96 96 8 8 8 0 0 0 0 1 0 0 1
24 24 uniform 2 23 247 3 0.001 0.57101273100261662 0.47409260601234388 0.03181216321255765 0.40611020439489071 -1.425773239168374 0.41247263703740222 0 -0.22882548176160328 1.6482310056036162 OK 14 13 0.50074799999999997 0.42718499999999998 0.12618199999999999 0.372979 0.26942100000000002 0 0.12776899999999997 0.15776399999999996 0.12618199999999999 0.012619999999999999 0.012813 0.011889 0.096337999999999979 0.12569699999999998 0.09597200000000003 0.002977 0.003117 0.0030080000000000003 0.000736 0.00078800000000000007 0.00069200000000000002 1.6482309022443111 1.6482309022443111 1.6482309022443111 0.00071714595569721568 0.00071714595569721568 0.00071714595569721568 1 1 1 Converged Converged Converged OK OK OK 73 73 73 73 73 73 7 7 7 0 0 0 0 1 0 0 1
24 24 uniform 2 0 247 0 0.0001 0.57101273100261662 0.47409260601234388 0.03181216321255765 0.40611020439489071 -1.425773239168374 0.39974777175237919 0 -0.21610061647658024 2.0053056186911222 OK 14 13 0.51935900000000002 0.52188800000000002 0.18643399999999999 0.33322499999999999 0.334345 0 0.18613400000000002 0.18754300000000002 0.18643399999999999 0.013316 0.013756000000000001 0.013205 0.13086400000000001 0.13150500000000004 0.13144799999999995 0.0052490000000000002 0.0055009999999999998 0.00547 0.0014230000000000002 0.0014399999999999999 0.0014890000000000001 2.0053054392189398 2.0053054392189398 2.0053054392189398 0.00014774807474329893 0.00014774807474329893 0.00014774807474329893 1 1 1 Converged Converged Converged OK OK OK 113 113 113 113 113 113 7 7 7 0 0 0 0 0 1 0 0
24 24 uniform 2 7 247 1 0.0001 0.57101273100261662 0.47409260601234388 0.03181216321255765 0.40611020439489071 -1.425773239168374 0.40362055683912534 0 -0.2199734015633264 1.9527825211784045 OK 14 13 0.49589 0.43605100000000002 0.17521500000000001 0.32302500000000001 0.21648700000000001 0 0.17286499999999999 0.21956400000000001 0.17521500000000001 0.012264000000000001 0.012392 0.011717999999999999 0.12982599999999997 0.1765230000000001 0.13294399999999992 0.0050830000000000007 0.0051590000000000004 0.0050870000000000004 0.0013780000000000001 0.0013439999999999999 0.0013419999999999999 1.9527825001133308 1.9527825001133308 1.9527825001133308 0.00017946810755757316 0.00017946810755757316 0.00017946810755757316 1 1 1 Converged Converged Converged OK OK OK 113 113 113 113 113 113 7 7 7 0 0 0 0 1 0 0 1
24 24 uniform 2 15 247 2 0.0001 0.57101273100261662 0.47409260601234388 0.03181216321255765 0.40611020439489071 -1.425773239168374 0.40804659693826378 0 -0.22439944166246484 1.8462842810281359 OK 15 14 0.66980799999999996 0.63043400000000005 0.24241799999999999 0.42279800000000001 0.32461899999999999 0 0.24700999999999995 0.30581500000000006 0.24241799999999999 0.016573999999999998 0.016263 0.015911000000000002 0.18757499999999999 0.24854100000000001 0.18585299999999988 0.0073369999999999998 0.0065980000000000006 0.0066600000000000001 0.0016570000000000001 0.0015200000000000003 0.001549 1.8462843275072556 1.8462843275072556 1.8462843275072556 0.00015731708135031472 0.00015731708135031472 0.00015731708135031472 1 1 1 Converged Converged Converged OK OK OK 136 136 136 136 136 136 8 8 8 0 0 0 0 1 0 0 1
24 24 uniform 2 23 247 3 0.0001 0.57101273100261662 0.47409260601234388 0.03181216321255765 0.40611020439489071 -1.425773239168374 0.41247263703740222 0 -0.22882548176160328 1.6482310056036162 OK 14 13 0.56093499999999996 0.52240299999999995 0.18553700000000001 0.37332399999999999 0.27362900000000001 0 0.18761099999999997 0.24877399999999994 0.18553700000000001 0.012584 0.012822999999999999 0.011831 0.14109199999999997 0.20137100000000002 0.14008399999999999 0.0056629999999999996 0.0059190000000000006 0.005692 0.001178 0.001206 0.0012220000000000002 1.6482308904316336 1.6482308904316336 1.6482308904316336 0.00013736500929332644 0.00013736500929332644 0.00013736500929332644 1 1 1 Converged Converged Converged OK OK OK 121 121 121 121 121 121 7 7 7 0 0 0 0 1 0 0 1
24 24 uniform 3 0 248 0 0.001 0.57101273100261662 0.47409260601234388 0.03181216321255765 0.49672963436147527 1.3411543321316841 0.49036720171896375 0 -0.30672004644316481 1.375598874224548 OK 13 12 0.377056 0.38165100000000002 0.093362000000000001 0.28235900000000003 0.28718500000000002 0 0.094696999999999976 0.094465999999999994 0.093362000000000001 0.010449 0.010435 0.009946 0.065490999999999966 0.065427999999999986 0.065111000000000002 0.0025500000000000002 0.0025599999999999998 0.0026679999999999998 0.00058599999999999993 0.00057700000000000004 0.0005840000000000001 1.3755987302902688 1.3755987302902688 1.3755987302902688 0.00075321691117938403 0.00075321691117938403 0.00075321691117938403 1 1 1 Converged Converged Converged OK OK OK 52 52 52 52 52 52 4 4 4 0 0 0 0 0 1 0 0
24 24 uniform 3 7 248 1 0.001 0.57101273100261662 0.47409260601234388 0.03181216321255765 0.49672963436147527 1.3411543321316841 0.49423998680570991 0 -0.31059283152991096 1.3690166380423128 OK 13 12 0.39721099999999998 0.33938200000000002 0.090723999999999999 0.30526399999999998 0.21254899999999999 0 0.091947000000000001 0.12683300000000003 0.090723999999999999 0.0095329999999999998 0.0095650000000000006 0.0090060000000000001 0.066409999999999983 0.10136399999999997 0.065985999999999989 0.0025819999999999997 0.0025720000000000001 0.0025439999999999998 0.000611 0.00061799999999999995 0.00062 1.3690165801214043 1.3690165801214043 1.3690165801214043 0.00050707569277944964 0.00050707569277944964 0.00050707569277944964 1 1 1 Converged Converged Converged OK OK OK 52 52 52 52 52 52 4 4 4 0 0 0 0 1 0 0 1
24 24 uniform 3 15 248 2 0.001 0.57101273100261662 0.47409260601234388 0.03181216321255765 0.49672963436147527 1.3411543321316841 0.49866602690484835 0 -0.3150188716290494 1.3617387042904059 OK 13 12 0.40601599999999999 0.32583099999999998 0.090426999999999993 0.31006600000000001 0.19858999999999999 0 0.09594999999999998 0.12724099999999999 0.090426999999999993 0.0097680000000000006 0.0093900000000000008 0.0089549999999999994 0.069856000000000001 0.10186199999999998 0.066021999999999997 0.0025530000000000001 0.0026229999999999999 0.0024880000000000002 0.00062100000000000002 0.000602 0.0005840000000000001 1.3617386247043732 1.3617386247043732 1.3617386247043732 0.00052416488346000061 0.00052416488346000061 0.00052416488346000061 1 1 1 Converged Converged Converged OK OK OK 52 52 52 52 52 52 4 4 4 0 0 0 0 1 0 0 1
24 24 uniform 3 23 248 3 0.001 0.57101273100261662 0.47409260601234388 0.03181216321255765 0.49672963436147527 1.3411543321316841 0.50309206700398679 0 -0.31944491172818784 1.3546933531330116 OK 13 12 0.40661599999999998 0.32741300000000001 0.085677000000000003 0.31891599999999998 0.21080299999999999 0 0.0877 0.11661000000000002 0.085677000000000003 0.0096989999999999993 0.0096559999999999997 0.0088769999999999995 0.061878999999999976 0.090750999999999998 0.06133000000000001 0.0024979999999999998 0.0025930000000000003 0.0024529999999999999 0.000611 0.00063199999999999997 0.00058600000000000004 1.3546930802285615 1.3546930802285615 1.3546930802285615 0.00095758032602192048 0.00095758032602192048 0.00095758032602192048 1 1 1 Converged Converged Converged OK OK OK 52 52 52 52 52 52 4 4 4 0 0 0 0 1 0 0 1
24 24 uniform 3 0 248 0 0.0001 0.57101273100261662 0.47409260601234388 0.03181216321255765 0.49672963436147527 1.3411543321316841 0.49036720171896375 0 -0.30672004644316481 1.375598874224548 OK 13 12 0.41118900000000003 0.40987000000000001 0.123698 0.28041899999999997 0.28131899999999999 0 0.13077000000000005 0.12855100000000003 0.123698 0.010222 0.010460000000000001 0.0099100000000000004 0.09231499999999998 0.086223999999999995 0.086103999999999986 0.0038599999999999997 0.0039029999999999994 0.0038739999999999998 0.00087800000000000009 0.0008879999999999999 0.00088999999999999995 1.3755988680082931 1.3755988680082931 1.3755988680082931 8.5821218354083652e-05 8.5821218354083652e-05 8.5821218354083652e-05 1 1 1 Converged Converged Converged OK OK OK 76 76 76 76 76 76 4 4 4 0 0 0 0 0 1 0 0
24 24 uniform 3 7 248 1 0.0001 0.57101273100261662 0.47409260601234388 0.03181216321255765 0.49672963436147527 1.3411543321316841 0.49423998680570991 0 -0.31059283152991096 1.3690166380423128 OK 13 12 0.41542099999999998 0.36802699999999999 0.110057 0.30438999999999999 0.210648 0 0.11103099999999999 0.15737899999999999 0.110057 0.0095110000000000004 0.0097210000000000005 0.0089809999999999994 0.080498000000000028 0.12634600000000001 0.080720999999999987 0.0034150000000000005 0.0035330000000000005 0.0033569999999999997 0.00072200000000000009 0.00072599999999999997 0.000687 1.3690165801385277 1.3690165801385277 1.3690165801385277 0.00012879583723048954 0.00012879583723048954 0.00012879583723048954 1 1 1 Converged Converged Converged OK OK OK 68 68 68 68 68 68 4 4 4 0 0 0 0 1 0 0 1
24 24 uniform 3 15 248 2 0.0001 0.57101273100261662 0.47409260601234388 0.03181216321255765 0.49672963436147527 1.3411543321316841 0.49866602690484835 0 -0.3150188716290494 1.3617387042904059 OK 13 12 0.42986200000000002 0.36804100000000001 0.118676 0.30930600000000003 0.201934 0 0.120556 0.166107 0.118676 0.0096159999999999995 0.009691 0.0090109999999999999 0.087200000000000014 0.13281599999999999 0.086665999999999979 0.0039970000000000006 0.0039029999999999994 0.0037790000000000002 0.00086400000000000018 0.00088000000000000003 0.00084600000000000007 1.3617386625797097 1.3617386625797097 1.3617386625797097 4.7245864224039472e-05 4.7245864224039472e-05 4.7245864224039472e-05 1 1 1 Converged Converged Converged OK OK OK 76 76 76 76 76 76 4 4 4 0 0 0 0 1 0 0 1
24 24 uniform 3 23 248 3 0.0001 0.57101273100261662 0.47409260601234388 0.03181216321255765 0.49672963436147527 1.3411543321316841 0.50309206700398679 0 -0.31944491172818784 1.3546933531330116 OK 13 12 0.42847400000000002 0.36993799999999999 0.11085100000000001 0.31154100000000001 0.21094099999999999 0 0.11693300000000001 0.158997 0.11085100000000001 0.0095490000000000002 0.0096299999999999997 0.0089990000000000001 0.084023999999999988 0.12580200000000002 0.079119000000000009 0.0038809999999999999 0.0039719999999999998 0.0037649999999999997 0.00086199999999999992 0.00085099999999999987 0.00083000000000000001 1.3546933466480056 1.3546933466480056 1.3546933466480056 6.994764738887928e-05 6.994764738887928e-05 6.994764738887928e-05 1 1 1 Converged Converged Converged OK OK OK 76 76 76 76 76 76 4 4 4 0 0 0 0 1 0 0 1
24 24 uniform 4 0 249 0 0.001 0.57101273100261662 0.47409260601234388 0.03181216321255765 0.48037335848776069 -1.32154972254264 0.47401092584524918 0 -0.29036377056945023 1.3710187135975265 OK 13 12 0.394316 0.39714899999999997 0.100047 0.29334500000000002 0.29643700000000001 0 0.10097099999999998 0.10071199999999997 0.100047 0.0099330000000000009 0.01009 0.0096749999999999996 0.069195999999999994 0.069033000000000025 0.068693000000000004 0.0030569999999999998 0.0030509999999999999 0.0030949999999999997 0.00075799999999999999 0.00076100000000000007 0.00076200000000000009 1.3710187024479787 1.3710187024479787 1.3710187024479787 0.00046352035538738785 0.00046352035538738785 0.00046352035538738785 1 1 1 Converged Converged Converged OK OK OK 60 60 60 60 60 60 4 4 4 0 0 0 0 0 1 0 0
24 24 uniform 4 7 249 1 0.001 0.57101273100261662 0.47409260601234388 0.03181216321255765 0.48037335848776069 -1.32154972254264 0.47788371093199533 0 -0.29423655565619639 1.3632486227274618 OK 13 12 0.40887299999999999 0.33565499999999998 0.090360999999999997 0.31712600000000002 0.20941799999999999 0 0.091746999999999967 0.12623699999999999 0.090360999999999997 0.0096620000000000004 0.0095750000000000002 0.0090539999999999995 0.063500000000000015 0.09817300000000001 0.063072000000000017 0.0029629999999999999 0.0029750000000000002 0.0029729999999999999 0.00075499999999999992 0.00073399999999999995 0.00072899999999999994 1.3632486105837334 1.3632486105837334 1.3632486105837334 0.0004553765954888934 0.0004553765954888934 0.0004553765954888934 1 1 1 Converged Converged Converged OK OK OK 60 60 60 60 60 60 4 4 4 0 0 0 0 1 0 0 1
24 24 uniform 4 15 249 2 0.001 0.57101273100261662 0.47409260601234388 0.03181216321255765 0.48037335848776069 -1.32154972254264 0.48230975103113377 0 -0.29866259575533483 1.3550769322578178 OK 13 12 0.40036500000000003 0.33460200000000001 0.093246999999999997 0.30547099999999999 0.20835600000000001 0 0.094894000000000034 0.126246 0.093246999999999997 0.0093369999999999998 0.0093799999999999994 0.0086859999999999993 0.066795999999999994 0.098571999999999979 0.066442000000000015 0.0029580000000000001 0.0030519999999999996 0.0029960000000000004 0.00078599999999999991 0.00077699999999999991 0.00079500000000000003 1.3550769206043991 1.3550769206043991 1.3550769206043991 0.00044370264488197917 0.00044370264488197917 0.00044370264488197917 1 1 1 Converged Converged Converged OK OK OK 60 60 60 60 60 60 4 4 4 0 0 0 0 1 0 0 1
24 24 uniform 4 23 249 3 0.001 0.57101273100261662 0.47409260601234388 0.03181216321255765 0.48037335848776069 -1.32154972254264 0.48673579113027221 0 -0.30308863585447327 1.3475304478955412 OK 13 12 0.398399 0.32850400000000002 0.094648999999999997 0.30219200000000002 0.20136899999999999 0 0.096206999999999987 0.12713500000000003 0.094648999999999997 0.0092519999999999998 0.0093989999999999994 0.0086400000000000001 0.068170999999999982 0.099091999999999986 0.067813999999999985 0.003055 0.003179 0.0029979999999999998 0.00076799999999999991 0.0008209999999999999 0.00079999999999999993 1.3475304365785192 1.3475304365785192 1.3475304365785192 0.00043549723110047081 0.00043549723110047081 0.00043549723110047081 1 1 1 Converged Converged Converged OK OK OK 60 60 60 60 60 60 4 4 4 0 0 0 0 1 0 0 1
24 24 uniform 4 0 249 0 0.0001 0.57101273100261662 0.47409260601234388 0.03181216321255765 0.48037335848776069 -1.32154972254264 0.47401092584524918 0 -0.29036377056945023 1.3710187135975265 OK 13 12 0.41810900000000001 0.416244 0.120056 0.29655100000000001 0.29211100000000001 0 0.121558 0.12413299999999999 0.120056 0.0099139999999999992 0.009868 0.0095949999999999994 0.083211000000000007 0.086474999999999982 0.082832000000000017 0.0038609999999999998 0.0038700000000000002 0.0038809999999999999 0.00092400000000000002 0.00090999999999999978 0.00089900000000000006 1.371018702466146 1.371018702466146 1.371018702466146 8.4051978612682723e-05 8.4051978612682723e-05 8.4051978612682723e-05 1 1 1 Converged Converged Converged OK OK OK 76 76 76 76 76 76 4 4 4 0 0 0 0 0 1 0 0
24 24 uniform 4 7 249 1 0.0001 0.57101273100261662 0.47409260601234388 0.03181216321255765 0.48037335848776069 -1.32154972254264 0.47788371093199533 0 -0.29423655565619639 1.3632486227274618 OK 13 12 0.427699 0.36651400000000001 0.11100500000000001 0.31715599999999999 0.207513 0 0.110543 0.159001 0.11100500000000001 0.009554 0.0096450000000000008 0.0092169999999999995 0.077439000000000008 0.12582300000000002 0.078046000000000004 0.0038280000000000002 0.0039199999999999999 0.003797 0.00085700000000000001 0.00090099999999999989 0.00083099999999999992 1.3632486106018415 1.3632486106018415 1.3632486106018415 7.5963992868295491e-05 7.5963992868295491e-05 7.5963992868295491e-05 1 1 1 Converged Converged Converged OK OK OK 76 76 76 76 76 76 4 4 4 0 0 0 0 1 0 0 1
24 24 uniform 4 15 249 2 0.0001 0.57101273100261662 0.47409260601234388 0.03181216321255765 0.48037335848776069 -1.32154972254264 0.48230975103113377 0 -0.29866259575533483 1.3550769322578178 OK 13 12 0.42063099999999998 0.36102899999999999 0.1116 0.30787700000000001 0.202232 0 0.11275399999999997 0.15879699999999999 0.1116 0.0092350000000000002 0.0093109999999999998 0.0087329999999999994 0.080137000000000014 0.12585199999999996 0.079943000000000014 0.0038540000000000002 0.0039549999999999993 0.0037770000000000004 0.000941 0.00087600000000000015 0.00094499999999999998 1.35507692062242 1.35507692062242 1.35507692062242 6.4354243364520743e-05 6.4354243364520743e-05 6.4354243364520743e-05 1 1 1 Converged Converged Converged OK OK OK 76 76 76 76 76 76 4 4 4 0 0 0 0 1 0 0 1
24 24 uniform 4 23 249 3 0.0001 0.57101273100261662 0.47409260601234388 0.03181216321255765 0.48037335848776069 -1.32154972254264 0.48673579113027221 0 -0.30308863585447327 1.3475304478955412 OK 13 12 0.41322799999999998 0.353551 0.113082 0.29897600000000002 0.198906 0 0.11425199999999996 0.154645 0.113082 0.0092770000000000005 0.009325 0.0087309999999999992 0.081477999999999995 0.12177299999999995 0.081321999999999978 0.00381 0.0040580000000000008 0.0038159999999999999 0.00089800000000000004 0.00089300000000000002 0.00088100000000000006 1.3475304365964593 1.3475304365964593 1.3475304365964593 5.6213514618953021e-05 5.6213514618953021e-05 5.6213514618953021e-05 1 1 1 Converged Converged Converged OK OK OK 76 76 76 76 76 76 4 4 4 0 0 0 0 1 0 0 1
25 25 linear 0 0 250 0 0.001 3.3207605984648136 0.07986919334540396 0.58764149712067748 -2.9246981518830419 0.0089194492424890942 -3.0422264513071773 0.5 3.2878362639835825 1.3945186509245551 OK 15 14 0.53046599999999999 0.52968899999999997 0.28849399999999997 0.239207 0.23897299999999999 0 0.29125899999999999 0.29071599999999997 0.28849399999999997 0.012001 0.011956 0.012003 0.24664799999999998 0.24542000000000005 0.24372800000000006 0.0052160000000000002 0.0061120000000000002 0.0057710000000000001 0.0012369999999999998 0.0013669999999999999 0.0013410000000000002 1.3945273988138152 1.3945273988138152 1.3945273988138152 0.0013600719322515884 0.0013600719322515884 0.0013600719322515884 1 1 1 Converged Converged Converged OK OK OK 103 103 103 103 103 103 9 9 9 0 0 0 0 0 1 0 0
25 25 linear 0 7 250 1 0.001 3.3207605984648136 0.07986919334540396 0.58764149712067748 -2.9246981518830419 0.0089194492424890942 -2.9706874864403123 0.5 3.2162972991167176 1.4106340414087881 OK 15 14 0.56778700000000004 0.45669599999999999 0.28368399999999999 0.27106200000000003 0.16403999999999999 0 0.29672500000000002 0.29265600000000003 0.28368399999999999 0.011521 0.010300999999999999 0.0094590000000000004 0.25845400000000002 0.25632500000000003 0.24813099999999999 0.0050940000000000004 0.0051780000000000003 0.0052250000000000005 0.0012080000000000001 0.0012290000000000001 0.001126 1.4106072326906585 1.4106072326906585 1.4106072326906585 0.00094168738371223188 0.00094168738371223188 0.00094168738371223188 1 1 1 Converged Converged Converged OK OK OK 110 110 110 110 110 110 10 10 10 0 0 0 0 1 0 0 1
25 25 linear 0 15 250 2 0.001 3.3207605984648136 0.07986919334540396 0.58764149712067748 -2.9246981518830419 0.0089194492424890942 -2.8889286694496095 0.5 3.1345384821260147 1.4223886258504868 OK 16 15 0.56958399999999998 0.47502 0.29132400000000003 0.27156999999999998 0.172651 0 0.298014 0.302369 0.29132400000000003 0.014671999999999999 0.013478 0.012795000000000001 0.25872399999999995 0.26147500000000001 0.25453400000000004 0.0043790000000000001 0.0044639999999999992 0.0044799999999999996 0.00098299999999999993 0.00098299999999999993 0.0010249999999999999 1.4223696249331652 1.4223696249331652 1.4223696249331652 0.00090375161038460045 0.00090375161038460045 0.00090375161038460045 1 1 1 Converged Converged Converged OK OK OK 101 101 101 101 101 101 11 11 11 0 0 0 0 1 0 0 1
25 25 linear 0 23 250 3 0.001 3.3207605984648136 0.07986919334540396 0.58764149712067748 -2.9246981518830419 0.0089194492424890942 -2.8071698524589066 0.5 3.0527796651353118 1.4277509499676637 OK 17 16 0.66824300000000003 0.58724100000000001 0.38638800000000001 0.27227699999999999 0.188219 0 0.39596600000000004 0.39902199999999999 0.38638800000000001 0.016979000000000001 0.017038000000000001 0.016369000000000002 0.34422999999999998 0.34867499999999985 0.33769700000000014 0.0074400000000000004 0.0065310000000000003 0.0057890000000000007 0.001423 0.0013500000000000001 0.0011920000000000001 1.4276969543837104 1.4276969543837104 1.4276969543837104 0.00091711546121258573 0.00091711546121258573 0.00091711546121258573 1 1 1 Converged Converged Converged OK OK OK 116 116 116 116 116 116 12 12 12 0 0 0 0 1 0 0 1
25 25 linear 0 0 250 0 0.0001 3.3207605984648136 0.07986919334540396 0.58764149712067748 -2.9246981518830419 0.0089194492424890942 -3.0422264513071773 0.5 3.2878362639835825 1.3945186509245551 OK 15 14 0.65866800000000003 0.65726399999999996 0.41317999999999999 0.242061 0.24056900000000001 0 0.41660700000000006 0.41669499999999993 0.41317999999999999 0.012234 0.012114 0.011835 0.35410400000000003 0.35381199999999985 0.35140499999999997 0.0085409999999999982 0.0094230000000000008 0.009212999999999999 0.0018330000000000002 0.001949 0.001792 1.3945188765995189 1.3945188765995189 1.3945188765995189 0.00012327353728816057 0.00012327353728816057 0.00012327353728816057 1 1 1 Converged Converged Converged OK OK OK 151 151 151 151 151 151 9 9 9 0 0 0 0 0 1 0 0
25 25 linear 0 7 250 1 0.0001 3.3207605984648136 0.07986919334540396 0.58764149712067748 -2.9246981518830419 0.0089194492424890942 -2.9706874864403123 0.5 3.2162972991167176 1.4106340414087881 OK 15 14 0.678199 0.58398399999999995 0.40908899999999998 0.26732699999999998 0.164273 0 0.41087200000000001 0.41971099999999995 0.40908899999999998 0.010220999999999999 0.010378 0.0097809999999999998 0.36659900000000006 0.37450000000000017 0.36584800000000006 0.0079180000000000014 0.0087810000000000006 0.0083309999999999999 0.0015240000000000002 0.0015070000000000001 0.001562 1.410632547365771 1.410632547365771 1.410632547365771 0.00010276081065965134 0.00010276081065965134 0.00010276081065965134 1 1 1 Converged Converged Converged OK OK OK 150 150 150 150 150 150 10 10 10 0 0 0 0 1 0 0 1
25 25 linear 0 15 250 2 0.0001 3.3207605984648136 0.07986919334540396 0.58764149712067748 -2.9246981518830419 0.0089194492424890942 -2.8889286694496095 0.5 3.1345384821260147 1.4223886258504868 OK 16 15 0.63758199999999998 0.55227599999999999 0.36301800000000001 0.26218900000000001 0.17761099999999999 0 0.37539299999999998 0.37466500000000003 0.36301800000000001 0.013642 0.013502999999999999 0.012909 0.3265909999999998 0.32703399999999966 0.317382 0.0077029999999999998 0.0073540000000000003 0.0069469999999999992 0.001709 0.0017850000000000001 0.001699 1.422383754461068 1.422383754461068 1.422383754461068 7.9772738693730907e-05 7.9772738693730907e-05 7.9772738693730907e-05 1 1 1 Converged Converged Converged OK OK OK 133 133 133 133 133 133 11 11 11 0 0 0 0 1 0 0 1
25 25 linear 0 23 250 3 0.0001 3.3207605984648136 0.07986919334540396 0.58764149712067748 -2.9246981518830419 0.0089194492424890942 -2.8071698524589066 0.5 3.0527796651353118 1.4277509499676637 OK 17 16 0.747784 0.672875 0.47542600000000002 0.27104499999999998 0.18854699999999999 0 0.47673900000000002 0.48432799999999998 0.47542600000000002 0.016993000000000001 0.017536 0.017718000000000001 0.41962900000000009 0.42652499999999993 0.41712200000000005 0.0088520000000000005 0.0091990000000000006 0.0078559999999999984 0.0018770000000000002 0.0018799999999999997 0.0043639999999999998 1.4277043026670138 1.4277043026670138 1.4277043026670138 4.9096131650491099e-05 4.9096131650491099e-05 4.9096131650491099e-05 1 1 1 Converged Converged Converged OK OK OK 148 148 148 148 148 148 12 12 12 0 0 0 0 1 0 0 1
25 25 linear 1 0 251 0 0.001 3.3207605984648136 0.07986919334540396 0.58764149712067748 -0.14147495600109478 0.032768424697659296 -0.25900325542523028 0.5 0.50461306810163564 2.8072526237357409 OK 15 14 0.50819400000000003 0.50353800000000004 0.215115 0.28209000000000001 0.28321600000000002 0 0.22610400000000003 0.22032200000000002 0.215115 0.010884 0.011091999999999999 0.010718999999999999 0.18635299999999999 0.17761300000000002 0.176533 0.0037979999999999997 0.0039030000000000007 0.0037319999999999996 0.00084599999999999996 0.00087799999999999998 0.00084199999999999998 2.8072522354658305 2.8072522354658305 2.8072522354658305 0.0012068286201020512 0.0012068286201020512 0.0012068286201020512 1 1 1 Converged Converged Converged OK OK OK 87 87 87 87 87 87 9 9 9 0 0 0 0 0 1 0 0
25 25 linear 1 7 251 1 0.001 3.3207605984648136 0.07986919334540396 0.58764149712067748 -0.14147495600109478 0.032768424697659296 -0.18746429055836519 0.5 0.43307410323477047 3.055609710537154 OK 15 14 0.50487099999999996 0.38184499999999999 0.208173 0.28774100000000002 0.170018 0 0.21712999999999993 0.21182699999999999 0.208173 0.0096670000000000002 0.0096200000000000001 0.0090939999999999997 0.18716799999999995 0.18187699999999996 0.17924800000000002 0.0034399999999999999 0.0035689999999999993 0.0035230000000000005 0.00080000000000000004 0.00086199999999999992 0.00081999999999999998 3.0556193975232482 3.0556193975232482 3.0556193975232482 0.00084458460909327593 0.00084458460909327593 0.00084458460909327593 1 1 1 Converged Converged Converged OK OK OK 87 87 87 87 87 87 9 9 9 0 0 0 0 1 0 0 1
25 25 linear 1 15 251 2 0.001 3.3207605984648136 0.07986919334540396 0.58764149712067748 -0.14147495600109478 0.032768424697659296 -0.10570547356766223 0.5 0.35131528624406755 3.2760821060232499 OK 15 14 0.47327799999999998 0.362815 0.213093 0.25013299999999999 0.146596 0 0.22314499999999998 0.21621899999999999 0.213093 0.0097179999999999992 0.0096349999999999995 0.0090390000000000002 0.194578 0.18826600000000002 0.18580800000000003 0.0031770000000000001 0.0032039999999999998 0.0033550000000000003 0.00080199999999999998 0.00079299999999999998 0.00079400000000000011 3.2760899271138082 3.2760899271138082 3.2760899271138082 0.0013808650169907189 0.0013808650169907189 0.0013808650169907189 1 1 1 Converged Converged Converged OK OK OK 87 87 87 87 87 87 9 9 9 0 0 0 0 1 0 0 1
25 25 linear 1 23 251 3 0.001 3.3207605984648136 0.07986919334540396 0.58764149712067748 -0.14147495600109478 0.032768424697659296 -0.023946656576959269 0.5 0.26955646925336457 3.4407802075649032 OK 15 14 0.47468900000000003 0.36969800000000003 0.21896499999999999 0.249033 0.14474400000000001 0 0.22565600000000002 0.22495400000000002 0.21896499999999999 0.0095790000000000007 0.0097429999999999999 0.0089020000000000002 0.19747799999999999 0.19395199999999993 0.19220700000000002 0.0030999999999999999 0.003088 0.0029619999999999998 0.00080800000000000012 0.00079500000000000013 0.00078799999999999996 3.4407959765776335 3.4407959765776335 3.4407959765776335 0.0026057853989123947 0.0026057853989123947 0.0026057853989123947 1 1 1 Converged Converged Converged OK OK OK 87 87 87 87 87 87 9 9 9 0 0 0 0 1 0 0 1
25 25 linear 1 0 251 0 0.0001 3.3207605984648136 0.07986919334540396 0.58764149712067748 -0.14147495600109478 0.032768424697659296 -0.25900325542523028 0.5 0.50461306810163564 2.8072526237357409 OK 15 14 0.56367699999999998 0.567747 0.27482200000000001 0.27924900000000002 0.28365299999999999 0 0.28442799999999996 0.28409400000000001 0.27482200000000001 0.011008 0.011235999999999999 0.010877 0.23421499999999995 0.233347 0.22512399999999996 0.0048669999999999998 0.005383999999999999 0.0053879999999999996 0.001248 0.0013749999999999999 0.0012280000000000001 2.8072528277222752 2.8072528277222752 2.8072528277222752 0.00025670574971153843 0.00025670574971153843 0.00025670574971153843 1 1 1 Converged Converged Converged OK OK OK 111 111 111 111 111 111 9 9 9 0 0 0 0 0 1 0 0
25 25 linear 1 7 251 1 0.0001 3.3207605984648136 0.07986919334540396 0.58764149712067748 -0.14147495600109478 0.032768424697659296 -0.18746429055836519 0.5 0.43307410323477047 3.055609710537154 OK 15 14 0.57744399999999996 0.45979900000000001 0.27915699999999999 0.28728999999999999 0.17230899999999999 0 0.29015399999999997 0.28749000000000002 0.27915699999999999 0.0097289999999999998 0.0098659999999999998 0.0091090000000000008 0.24743799999999996 0.24402699999999994 0.23807499999999993 0.0057140000000000003 0.0062310000000000004 0.005581 0.0012700000000000001 0.0013039999999999998 0.0012179999999999999 3.0556193179009434 3.0556193179009434 3.0556193179009434 0.00022549603961172601 0.00022549603961172601 0.00022549603961172601 1 1 1 Converged Converged Converged OK OK OK 119 119 119 119 119 119 9 9 9 0 0 0 0 1 0 0 1
25 25 linear 1 15 251 2 0.0001 3.3207605984648136 0.07986919334540396 0.58764149712067748 -0.14147495600109478 0.032768424697659296 -0.10570547356766223 0.5 0.35131528624406755 3.2760821060232499 OK 15 14 0.56092699999999995 0.461893 0.29878199999999999 0.25502900000000001 0.15503900000000001 0 0.30589799999999995 0.30685399999999996 0.29878199999999999 0.0096799999999999994 0.0099699999999999997 0.0091430000000000001 0.2651690000000001 0.26443099999999997 0.25907700000000011 0.0054700000000000009 0.0061409999999999989 0.0057610000000000005 0.0013079999999999999 0.001523 0.0013309999999999999 3.2760871172825827 3.2760871172825827 3.2760871172825827 9.1977850103953557e-05 9.1977850103953557e-05 9.1977850103953557e-05 1 1 1 Converged Converged Converged OK OK OK 127 127 127 127 127 127 9 9 9 0 0 0 0 1 0 0 1
25 25 linear 1 23 251 3 0.0001 3.3207605984648136 0.07986919334540396 0.58764149712067748 -0.14147495600109478 0.032768424697659296 -0.023946656576959269 0.5 0.26955646925336457 3.4407802075649032 OK 15 14 0.54048200000000002 0.43448599999999998 0.27890199999999998 0.248312 0.14718999999999999 0 0.29217000000000004 0.287296 0.27890199999999998 0.0095940000000000001 0.0099629999999999996 0.0089980000000000008 0.25533499999999992 0.24903399999999992 0.24347099999999983 0.0047470000000000004 0.0055160000000000001 0.0047599999999999995 0.0012309999999999999 0.0013649999999999999 0.0012360000000000001 3.4407957594981848 3.4407957594981848 3.4407957594981848 0.00023848815866917158 0.00023848815866917158 0.00023848815866917158 1 1 1 Converged Converged Converged OK OK OK 119 119 119 119 119 119 9 9 9 0 0 0 0 1 0 0 1
25 25 linear 2 0 252 0 0.001 3.3207605984648136 0.07986919334540396 0.58764149712067748 -2.5977186466080409 0.67061208694788788 -2.7152469460321762 0.5 2.9608567587085814 1.0724790920051692 OK 12 11 0.338223 0.32841199999999998 0.125142 0.207209 0.20355899999999999 0 0.13101399999999999 0.12485299999999999 0.125142 0.0091660000000000005 0.0093790000000000002 0.0088940000000000009 0.09939199999999998 0.093063000000000007 0.093368000000000007 0.0034980000000000002 0.0036119999999999998 0.0040239999999999998 0.00081800000000000015 0.00073999999999999999 0.00078899999999999999 1.0724781576922433 1.0724781576922433 1.0724781576922433 5.3096180706863123e-05 5.3096180706863123e-05 5.3096180706863123e-05 1 1 1 Converged Converged Converged OK OK OK 61 61 61 61 61 61 3 3 3 0 0 0 0 0 1 0 0
25 25 linear 2 7 252 1 0.001 3.3207605984648136 0.07986919334540396 0.58764149712067748 -2.5977186466080409 0.67061208694788788 -2.6437079811653112 0.5 2.8893177938417165 1.0680663293028783 OK 12 11 0.32042399999999999 0.240703 0.106415 0.21135699999999999 0.124205 0 0.109067 0.116498 0.106415 0.0083379999999999999 0.0082629999999999995 0.0079939999999999994 0.081169999999999992 0.089429999999999982 0.079157999999999992 0.0035380000000000003 0.0032559999999999998 0.0035659999999999997 0.00069999999999999999 0.00069999999999999999 0.00072499999999999995 1.0680653834641822 1.0680653834641822 1.0680653834641822 5.1032770226197331e-05 5.1032770226197331e-05 5.1032770226197331e-05 1 1 1 Converged Converged Converged OK OK OK 61 61 61 61 61 61 3 3 3 0 0 0 0 1 0 0 1
25 25 linear 2 15 252 2 0.001 3.3207605984648136 0.07986919334540396 0.58764149712067748 -2.5977186466080409 0.67061208694788788 -2.5619491641746084 0.5 2.8075589768510136 1.0614708070559327 OK 13 12 0.32207200000000002 0.246008 0.10594099999999999 0.21249999999999999 0.128445 0 0.10957200000000003 0.117563 0.10594099999999999 0.0086979999999999991 0.0085210000000000008 0.0080309999999999999 0.081431999999999991 0.089674000000000045 0.078684999999999977 0.0033920000000000005 0.0035609999999999999 0.0036420000000000003 0.00075300000000000009 0.000754 0.00074700000000000005 1.0614699153702287 1.0614699153702287 1.0614699153702287 4.684294722337793e-05 4.684294722337793e-05 4.684294722337793e-05 1 1 1 Converged Converged Converged OK OK OK 61 61 61 61 61 61 3 3 3 0 0 0 0 1 0 0 1
25 25 linear 2 23 252 3 0.001 3.3207605984648136 0.07986919334540396 0.58764149712067748 -2.5977186466080409 0.67061208694788788 -2.4801903471839055 0.5 2.7258001598603108 1.0547725760998352 OK 13 12 0.29043200000000002 0.21224499999999999 0.075745999999999994 0.21179300000000001 0.12617700000000001 0 0.078639000000000014 0.086067999999999978 0.075745999999999994 0.0083990000000000002 0.0086529999999999992 0.0080169999999999998 0.055550999999999989 0.061776999999999999 0.053673000000000005 0.0026589999999999999 0.0030620000000000001 0.0025769999999999999 0.00070600000000000003 0.00085000000000000006 0.00069500000000000009 1.0547737358273928 1.0547737358273928 1.0547737358273928 0.00071247956563041601 0.00071247956563041601 0.00071247956563041601 1 1 1 Converged Converged Converged OK OK OK 52 52 52 52 52 52 4 4 4 0 0 0 0 1 0 0 1
25 25 linear 2 0 252 0 0.0001 3.3207605984648136 0.07986919334540396 0.58764149712067748 -2.5977186466080409 0.67061208694788788 -2.7152469460321762 0.5 2.9608567587085814 1.0724790920051692 OK 12 11 0.33796700000000002 0.33410000000000001 0.12361800000000001 0.205931 0.206118 0 0.13203600000000001 0.12798200000000001 0.12361800000000001 0.0093120000000000008 0.0095630000000000003 0.0088679999999999991 0.096163000000000026 0.094727999999999979 0.092794000000000015 0.0038769999999999998 0.003764 0.0034640000000000001 0.00073700000000000002 0.00077299999999999992 0.00071100000000000004 1.0724781576922433 1.0724781576922433 1.0724781576922433 5.3096180706863123e-05 5.3096180706863123e-05 5.3096180706863123e-05 1 1 1 Converged Converged Converged OK OK OK 61 61 61 61 61 61 3 3 3 0 0 0 0 0 1 0 0
25 25 linear 2 7 252 1 0.0001 3.3207605984648136 0.07986919334540396 0.58764149712067748 -2.5977186466080409 0.67061208694788788 -2.6437079811653112 0.5 2.8893177938417165 1.0680663293028783 OK 12 11 0.31886300000000001 0.24628 0.105434 0.20849999999999999 0.12739300000000001 0 0.11036300000000002 0.11888699999999999 0.105434 0.0084489999999999999 0.0085019999999999991 0.0077400000000000004 0.081861000000000003 0.090397999999999978 0.078685999999999992 0.0036939999999999998 0.0036000000000000003 0.0034190000000000002 0.00068300000000000001 0.00073900000000000007 0.000687 1.0680653834641822 1.0680653834641822 1.0680653834641822 5.1032770226197331e-05 5.1032770226197331e-05 5.1032770226197331e-05 1 1 1 Converged Converged Converged OK OK OK 61 61 61 61 61 61 3 3 3 0 0 0 0 1 0 0 1
25 25 linear 2 15 252 2 0.0001 3.3207605984648136 0.07986919334540396 0.58764149712067748 -2.5977186466080409 0.67061208694788788 -2.5619491641746084 0.5 2.8075589768510136 1.0614708070559327 OK 13 12 0.323125 0.24629400000000001 0.105708 0.21235999999999999 0.12728200000000001 0 0.110765 0.11901200000000001 0.105708 0.0087460000000000003 0.0088330000000000006 0.0080280000000000004 0.081824000000000022 0.090132000000000032 0.078585000000000002 0.0037269999999999998 0.0037010000000000003 0.0035420000000000004 0.00076100000000000007 0.00079900000000000001 0.000727 1.0614699153702287 1.0614699153702287 1.0614699153702287 4.684294722337793e-05 4.684294722337793e-05 4.684294722337793e-05 1 1 1 Converged Converged Converged OK OK OK 61 61 61 61 61 61 3 3 3 0 0 0 0 1 0 0 1
25 25 linear 2 23 252 3 0.0001 3.3207605984648136 0.07986919334540396 0.58764149712067748 -2.5977186466080409 0.67061208694788788 -2.4801903471839055 0.5 2.7258001598603108 1.0547725760998352 OK 13 12 0.316722 0.233233 0.093154000000000001 0.217111 0.12654199999999999 0 0.099611000000000005 0.10669100000000001 0.093154000000000001 0.0087539999999999996 0.0088229999999999992 0.0079979999999999999 0.070279999999999995 0.077915999999999999 0.066688000000000011 0.0041749999999999999 0.0042570000000000004 0.003555 0.00091800000000000009 0.00095399999999999999 0.00087900000000000012 1.0547716831082814 1.0547716831082814 1.0547716831082814 0.00010090890488792536 0.00010090890488792536 0.00010090890488792536 1 1 1 Converged Converged Converged OK OK OK 68 68 68 68 68 68 4 4 4 0 0 0 0 1 0 0 1
25 25 linear 3 0 253 0 0.001 3.3207605984648136 0.07986919334540396 0.58764149712067748 -2.5796411715002274 0.8106021664885753 -2.6971694709243628 0.5 2.942779283600768 1.033198076800564 OK 12 11 0.30388300000000001 0.29758099999999998 0.091135999999999995 0.209981 0.205791 0 0.093902000000000013 0.091789999999999983 0.091135999999999995 0.0090670000000000004 0.0092169999999999995 0.0088240000000000002 0.062732000000000024 0.060923999999999999 0.060386000000000009 0.0034150000000000001 0.0032539999999999995 0.003421 0.00074799999999999997 0.00074699999999999994 0.00071000000000000002 1.0331972973359356 1.0331972973359356 1.0331972973359356 2.6404471565929846e-05 2.6404471565929846e-05 2.6404471565929846e-05 1 1 1 Converged Converged Converged OK OK OK 61 61 61 61 61 61 3 3 3 0 0 0 0 0 1 0 0
25 25 linear 3 7 253 1 0.001 3.3207605984648136 0.07986919334540396 0.58764149712067748 -2.5796411715002274 0.8106021664885753 -2.6256305060574978 0.5 2.8712403187339031 1.0322519042099811 OK 12 11 0.29658000000000001 0.22004399999999999 0.084973000000000007 0.206812 0.12478300000000001 0 0.089768000000000014 0.095260999999999985 0.084973000000000007 0.0082590000000000007 0.0082690000000000003 0.0077140000000000004 0.061652999999999999 0.068090999999999985 0.058357999999999986 0.0036680000000000003 0.0032969999999999996 0.0034270000000000004 0.00069899999999999997 0.000678 0.00067900000000000002 1.0322511417353546 1.0322511417353546 1.0322511417353546 2.598675377088942e-05 2.598675377088942e-05 2.598675377088942e-05 1 1 1 Converged Converged Converged OK OK OK 61 61 61 61 61 61 3 3 3 0 0 0 0 1 0 0 1
25 25 linear 3 15 253 2 0.001 3.3207605984648136 0.07986919334540396 0.58764149712067748 -2.5796411715002274 0.8106021664885753 -2.5438716890667949 0.5 2.7894815017432002 1.0310055393739237 OK 12 11 0.29802299999999998 0.21812200000000001 0.084860000000000005 0.20976600000000001 0.123527 0 0.088256999999999974 0.094595000000000012 0.084860000000000005 0.0082050000000000005 0.0082299999999999995 0.0076639999999999998 0.060847999999999985 0.06766599999999999 0.058577999999999977 0.0033239999999999997 0.0032810000000000001 0.0032879999999999997 0.00069200000000000002 0.00068400000000000004 0.00068300000000000001 1.0310048058963457 1.0310048058963457 1.0310048058963457 2.5248376773416194e-05 2.5248376773416194e-05 2.5248376773416194e-05 1 1 1 Converged Converged Converged OK OK OK 61 61 61 61 61 61 3 3 3 0 0 0 0 1 0 0 1
25 25 linear 3 23 253 3 0.001 3.3207605984648136 0.07986919334540396 0.58764149712067748 -2.5796411715002274 0.8106021664885753 -2.4621128720760921 0.5 2.7077226847524973 1.0299196389697207 OK 13 12 0.30432999999999999 0.22317200000000001 0.085232000000000002 0.215748 0.12857199999999999 0 0.088581999999999994 0.094600000000000017 0.085232000000000002 0.0087130000000000003 0.0086599999999999993 0.0082120000000000005 0.060696999999999987 0.067073999999999995 0.058456000000000001 0.0031700000000000001 0.0031609999999999997 0.0032939999999999996 0.00072000000000000005 0.00073999999999999999 0.00065400000000000007 1.0299189578078398 1.0299189578078398 1.0299189578078398 2.6035626870648246e-05 2.6035626870648246e-05 2.6035626870648246e-05 1 1 1 Converged Converged Converged OK OK OK 61 61 61 61 61 61 3 3 3 0 0 0 0 1 0 0 1
25 25 linear 3 0 253 0 0.0001 3.3207605984648136 0.07986919334540396 0.58764149712067748 -2.5796411715002274 0.8106021664885753 -2.6971694709243628 0.5 2.942779283600768 1.033198076800564 OK 12 11 0.30119400000000002 0.29896600000000001 0.091335 0.20677200000000001 0.206123 0 0.094422000000000006 0.092843000000000009 0.091335 0.008829 0.0091129999999999996 0.0089540000000000002 0.063281000000000004 0.061952999999999987 0.060649999999999996 0.0034520000000000002 0.003362 0.0033890000000000005 0.00072800000000000002 0.00074400000000000009 0.00071799999999999989 1.0331972973359356 1.0331972973359356 1.0331972973359356 2.6404471565929846e-05 2.6404471565929846e-05 2.6404471565929846e-05 1 1 1 Converged Converged Converged OK OK OK 61 61 61 61 61 61 3 3 3 0 0 0 0 0 1 0 0
25 25 linear 3 7 253 1 0.0001 3.3207605984648136 0.07986919334540396 0.58764149712067748 -2.5796411715002274 0.8106021664885753 -2.6256305060574978 0.5 2.8712403187339031 1.0322519042099811 OK 12 11 0.29461799999999999 0.21714600000000001 0.085213999999999998 0.20576 0.121298 0 0.088857999999999993 0.095848000000000003 0.085213999999999998 0.0081040000000000001 0.0081980000000000004 0.0077499999999999999 0.061240999999999997 0.068353000000000025 0.058735999999999976 0.0033930000000000002 0.0034460000000000003 0.0033350000000000003 0.00068500000000000006 0.00069700000000000003 0.00067199999999999996 1.0322511417353546 1.0322511417353546 1.0322511417353546 2.598675377088942e-05 2.598675377088942e-05 2.598675377088942e-05 1 1 1 Converged Converged Converged OK OK OK 61 61 61 61 61 61 3 3 3 0 0 0 0 1 0 0 1
25 25 linear 3 15 253 2 0.0001 3.3207605984648136 0.07986919334540396 0.58764149712067748 -2.5796411715002274 0.8106021664885753 -2.5438716890667949 0.5 2.7894815017432002 1.0310055393739237 OK 12 11 0.29869699999999999 0.21890899999999999 0.085105 0.20650299999999999 0.121451 0 0.092193999999999998 0.097457999999999989 0.085105 0.0081630000000000001 0.0109 0.0076020000000000003 0.064078999999999983 0.067565999999999973 0.058807999999999999 0.0038509999999999998 0.0032989999999999998 0.0032820000000000002 0.00073000000000000007 0.00068900000000000005 0.00066100000000000002 1.0310048058963457 1.0310048058963457 1.0310048058963457 2.5248376773416194e-05 2.5248376773416194e-05 2.5248376773416194e-05 1 1 1 Converged Converged Converged OK OK OK 61 61 61 61 61 61 3 3 3 0 0 0 0 1 0 0 1
25 25 linear 3 23 253 3 0.0001 3.3207605984648136 0.07986919334540396 0.58764149712067748 -2.5796411715002274 0.8106021664885753 -2.4621128720760921 0.5 2.7077226847524973 1.0299196389697207 OK 13 12 0.30318600000000001 0.220331 0.084612000000000007 0.21460299999999999 0.12584899999999999 0 0.088583000000000023 0.09448200000000001 0.084612000000000007 0.0087259999999999994 0.0084220000000000007 0.0079799999999999992 0.060539000000000003 0.067182999999999993 0.058450000000000002 0.00329 0.0031819999999999999 0.0031350000000000002 0.00068599999999999998 0.00072899999999999994 0.00067000000000000002 1.0299189578078398 1.0299189578078398 1.0299189578078398 2.6035626870648246e-05 2.6035626870648246e-05 2.6035626870648246e-05 1 1 1 Converged Converged Converged OK OK OK 61 61 61 61 61 61 3 3 3 0 0 0 0 1 0 0 1
25 25 linear 4 0 254 0 0.001 3.3207605984648136 0.07986919334540396 0.58764149712067748 -0.0019107411086900783 1.1565648698513065 -0.11943904053282559 0.5 0.36504885320923086 1.2276810200097554 OK 13 12 0.362398 0.36118 0.096124000000000001 0.26378499999999999 0.26350600000000002 0 0.098613000000000006 0.097673999999999983 0.096124000000000001 0.0092239999999999996 0.0096559999999999997 0.0090069999999999994 0.07002499999999999 0.068457999999999991 0.067846000000000031 0.0028159999999999999 0.0027569999999999999 0.0028589999999999996 0.00069199999999999991 0.00072600000000000008 0.00077899999999999996 1.227680222151337 1.227680222151337 1.227680222151337 0.00017508397559448023 0.00017508397559448023 0.00017508397559448023 1 1 1 Converged Converged Converged OK OK OK 59 59 59 59 59 59 5 5 5 0 0 0 0 0 1 0 0
25 25 linear 4 7 254 1 0.001 3.3207605984648136 0.07986919334540396 0.58764149712067748 -0.0019107411086900783 1.1565648698513065 -0.047900075665960488 0.5 0.2935098883423658 1.2370431733861735 OK 13 12 0.34803600000000001 0.234876 0.092358999999999997 0.25190400000000002 0.13272 0 0.096131999999999995 0.102156 0.092358999999999997 0.0086400000000000001 0.0088950000000000001 0.0080309999999999999 0.07138700000000002 0.076735000000000025 0.06890099999999999 0.0027540000000000004 0.0029680000000000002 0.0026650000000000003 0.00070300000000000007 0.00075199999999999996 0.00067900000000000002 1.2370423549458651 1.2370423549458651 1.2370423549458651 0.00021454295457603515 0.00021454295457603515 0.00021454295457603515 1 1 1 Converged Converged Converged OK OK OK 59 59 59 59 59 59 5 5 5 0 0 0 0 1 0 0 1
25 25 linear 4 15 254 2 0.001 3.3207605984648136 0.07986919334540396 0.58764149712067748 -0.0019107411086900783 1.1565648698513065 0.033858741324742467 0.5 0.21175107135166282 1.2457593945736134 OK 13 12 0.34895500000000002 0.24207300000000001 0.092949000000000004 0.25267699999999998 0.14155300000000001 0 0.09627800000000003 0.10052 0.092949000000000004 0.0085430000000000002 0.0086060000000000008 0.0078980000000000005 0.072009000000000017 0.07562300000000001 0.069721999999999978 0.0026090000000000002 0.0029030000000000002 0.0026270000000000004 0.0007049999999999999 0.00077999999999999999 0.00065699999999999992 1.2457586025152347 1.2457586025152347 1.2457586025152347 0.0003539381424321624 0.0003539381424321624 0.0003539381424321624 1 1 1 Converged Converged Converged OK OK OK 59 59 59 59 59 59 5 5 5 0 0 0 0 1 0 0 1
25 25 linear 4 23 254 3 0.001 3.3207605984648136 0.07986919334540396 0.58764149712067748 -0.0019107411086900783 1.1565648698513065 0.11561755831544543 0.5 0.12999225436095987 1.2519277247288669 OK 13 12 0.36196099999999998 0.24849299999999999 0.098538000000000001 0.25894400000000001 0.138906 0 0.10301699999999997 0.10958699999999999 0.098538000000000001 0.0088100000000000001 0.0087679999999999998 0.0080540000000000004 0.076988999999999988 0.084039000000000003 0.074425999999999992 0.0029100000000000003 0.002735 0.0026199999999999999 0.000852 0.00076099999999999996 0.00073400000000000006 1.2519277119009316 1.2519277119009316 1.2519277119009316 0.00070731366051619176 0.00070731366051619176 0.00070731366051619176 1 1 1 Converged Converged Converged OK OK OK 66 66 66 66 66 66 6 6 6 0 0 0 0 1 0 0 1
25 25 linear 4 0 254 0 0.0001 3.3207605984648136 0.07986919334540396 0.58764149712067748 -0.0019107411086900783 1.1565648698513065 -0.11943904053282559 0.5 0.36504885320923086 1.2276810200097554 OK 13 12 0.37831799999999999 0.38163000000000002 0.115143 0.26035799999999998 0.26347700000000002 0 0.11796000000000001 0.11815300000000001 0.115143 0.0096170000000000005 0.0097040000000000008 0.0091459999999999996 0.082958999999999977 0.081731000000000026 0.080695999999999976 0.0036600000000000001 0.0041410000000000006 0.0035879999999999996 0.00087900000000000001 0.00090499999999999988 0.00082700000000000004 1.2276802253250714 1.2276802253250714 1.2276802253250714 7.8490755991758251e-05 7.8490755991758251e-05 7.8490755991758251e-05 1 1 1 Converged Converged Converged OK OK OK 75 75 75 75 75 75 5 5 5 0 0 0 0 0 1 0 0
25 25 linear 4 7 254 1 0.0001 3.3207605984648136 0.07986919334540396 0.58764149712067748 -0.0019107411086900783 1.1565648698513065 -0.047900075665960488 0.5 0.2935098883423658 1.2370431733861735 OK 13 12 0.37702200000000002 0.27340300000000001 0.123339 0.248417 0.13477500000000001 0 0.12860500000000002 0.138628 0.123339 0.0085439999999999995 0.0085229999999999993 0.007986 0.09574599999999997 0.10620200000000003 0.09199000000000003 0.0041790000000000004 0.0042230000000000002 0.0039829999999999996 0.000959 0.00098700000000000003 0.00092100000000000005 1.2370423545654363 1.2370423545654363 1.2370423545654363 7.4879360712596375e-05 7.4879360712596375e-05 7.4879360712596375e-05 1 1 1 Converged Converged Converged OK OK OK 83 83 83 83 83 83 5 5 5 0 0 0 0 1 0 0 1
25 25 linear 4 15 254 2 0.0001 3.3207605984648136 0.07986919334540396 0.58764149712067748 -0.0019107411086900783 1.1565648698513065 0.033858741324742467 0.5 0.21175107135166282 1.2457593945736134 OK 13 12 0.37850200000000001 0.28469800000000001 0.12214800000000001 0.25090699999999999 0.149927 0 0.12759500000000001 0.134771 0.12214800000000001 0.0085929999999999999 0.0086859999999999993 0.0079649999999999999 0.095543000000000003 0.10250000000000002 0.091728000000000004 0.0045030000000000001 0.0045590000000000006 0.0041650000000000003 0.0010090000000000001 0.0010280000000000001 0.001023 1.2457585975123606 1.2457585975123606 1.2457585975123606 4.905634327984071e-05 4.905634327984071e-05 4.905634327984071e-05 1 1 1 Converged Converged Converged OK OK OK 83 83 83 83 83 83 5 5 5 0 0 0 0 1 0 0 1
25 25 linear 4 23 254 3 0.0001 3.3207605984648136 0.07986919334540396 0.58764149712067748 -0.0019107411086900783 1.1565648698513065 0.11561755831544543 0.5 0.12999225436095987 1.2519277247288669 OK 13 12 0.39356999999999998 0.27787099999999998 0.12540699999999999 0.26261499999999999 0.13934099999999999 0 0.13095499999999999 0.13852999999999999 0.12540699999999999 0.0088570000000000003 0.009018 0.0081580000000000003 0.099075999999999997 0.10682799999999999 0.095767000000000033 0.0044580000000000002 0.0043680000000000004 0.0038529999999999997 0.0010739999999999999 0.001039 0.001036 1.2519269062381044 1.2519269062381044 1.2519269062381044 3.6539422343167502e-05 3.6539422343167502e-05 3.6539422343167502e-05 1 1 1 Converged Converged Converged OK OK OK 90 90 90 90 90 90 6 6 6 0 0 0 0 1 0 0 1
25 25 uniform 0 0 255 0 0.001 3.3207605984648136 0.07986919334540396 0.58764149712067748 -2.9246981518830419 0.0089194492424890942 -3.0422264513071773 0 3.2878362639835825 1.3603250119292996 OK 15 14 0.39125799999999999 0.38551999999999997 0.15401599999999999 0.23568900000000001 0.232101 0 0.15556899999999999 0.15341899999999997 0.15401599999999999 0.011868 0.011571 0.011507999999999999 0.10803300000000002 0.107417 0.10741699999999997 0.0051069999999999996 0.0048120000000000003 0.0050369999999999998 0.0012969999999999998 0.0012109999999999998 0.00131 1.3603394264822162 1.3603394264822162 1.3603394264822162 0.00076754122576407123 0.00076754122576407123 0.00076754122576407123 1 1 1 Converged Converged Converged OK OK OK 111 111 111 111 111 111 9 9 9 0 0 0 0 0 1 0 0
25 25 uniform 0 7 255 1 0.001 3.3207605984648136 0.07986919334540396 0.58764149712067748 -2.9246981518830419 0.0089194492424890942 -2.9706874864403123 0 3.2162972991167176 1.3685560692233971 OK 15 14 0.40607799999999999 0.30930800000000003 0.1404 0.26305699999999999 0.160131 0 0.14302100000000001 0.14917700000000003 0.1404 0.010019 0.0099769999999999998 0.0093449999999999991 0.10918599999999992 0.116004 0.10821699999999999 0.0045630000000000011 0.0045469999999999998 0.0042129999999999997 0.00114 0.001077 0.00107 1.368515846930759 1.368515846930759 1.368515846930759 0.0012332858644546346 0.0012332858644546346 0.0012332858644546346 1 1 1 Converged Converged Converged OK OK OK 110 110 110 110 110 110 10 10 10 0 0 0 0 1 0 0 1
25 25 uniform 0 15 255 2 0.001 3.3207605984648136 0.07986919334540396 0.58764149712067748 -2.9246981518830419 0.0089194492424890942 -2.8889286694496095 0 3.1345384821260147 1.3745472382358443 OK 16 15 0.40303600000000001 0.322598 0.14427899999999999 0.25555800000000001 0.167656 0 0.147478 0.154942 0.14427899999999999 0.013473000000000001 0.013382 0.012596 0.10994000000000004 0.118419 0.10914899999999998 0.0040790000000000002 0.0039759999999999995 0.0037580000000000005 0.00096800000000000011 0.00095100000000000002 0.00095699999999999995 1.3745219401317847 1.3745219401317847 1.3745219401317847 0.0010169269445946532 0.0010169269445946532 0.0010169269445946532 1 1 1 Converged Converged Converged OK OK OK 101 101 101 101 101 101 11 11 11 0 0 0 0 1 0 0 1
25 25 uniform 0 23 255 3 0.001 3.3207605984648136 0.07986919334540396 0.58764149712067748 -2.9246981518830419 0.0089194492424890942 -2.8071698524589066 0 3.0527796651353118 1.3776379681152875 OK 17 16 0.474248 0.39319399999999999 0.19681299999999999 0.27010499999999998 0.18445400000000001 0 0.20414300000000002 0.20873999999999998 0.19681299999999999 0.016982000000000001 0.017061 0.015661000000000001 0.15672100000000014 0.15746899999999997 0.151866 0.0052080000000000008 0.0048990000000000006 0.0048809999999999999 0.0011479999999999999 0.0011279999999999999 0.0011540000000000001 1.3776234364144513 1.3776234364144513 1.3776234364144513 0.0011674574443779565 0.0011674574443779565 0.0011674574443779565 1 1 1 Converged Converged Converged OK OK OK 116 116 116 116 116 116 12 12 12 0 0 0 0 1 0 0 1
25 25 uniform 0 0 255 0 0.0001 3.3207605984648136 0.07986919334540396 0.58764149712067748 -2.9246981518830419 0.0089194492424890942 -3.0422264513071773 0 3.2878362639835825 1.3603250119292996 OK 15 14 0.46292800000000001 0.46151300000000001 0.224357 0.23391400000000001 0.236315 0 0.229014 0.22519800000000001 0.224357 0.011453 0.012005 0.011913 0.16076000000000007 0.15799200000000002 0.15678800000000015 0.0083669999999999994 0.009693000000000002 0.0095399999999999999 0.0017919999999999998 0.0017720000000000001 0.0019459999999999996 1.3603247761592883 1.3603247761592883 1.3603247761592883 5.8657339644609791e-05 5.8657339644609791e-05 5.8657339644609791e-05 1 1 1 Converged Converged Converged OK OK OK 167 167 167 167 167 167 9 9 9 0 0 0 0 0 1 0 0
25 25 uniform 0 7 255 1 0.0001 3.3207605984648136 0.07986919334540396 0.58764149712067748 -2.9246981518830419 0.0089194492424890942 -2.9706874864403123 0 3.2162972991167176 1.3685560692233971 OK 15 14 0.453654 0.36299700000000001 0.191667 0.25849899999999998 0.158945 0 0.19515500000000002 0.20405200000000001 0.191667 0.01034 0.0099679999999999994 0.0094420000000000007 0.15111799999999992 0.16064000000000003 0.14972000000000008 0.0077590000000000003 0.007817000000000001 0.0073570000000000007 0.00147 0.0014909999999999999 0.0014140000000000001 1.3685517544769985 1.3685517544769985 1.3685517544769985 0.00010351900359386252 0.00010351900359386252 0.00010351900359386252 1 1 1 Converged Converged Converged OK OK OK 150 150 150 150 150 150 10 10 10 0 0 0 0 1 0 0 1
25 25 uniform 0 15 255 2 0.0001 3.3207605984648136 0.07986919334540396 0.58764149712067748 -2.9246981518830419 0.0089194492424890942 -2.8889286694496095 0 3.1345384821260147 1.3745472382358443 OK 16 15 0.44411 0.36132300000000001 0.179068 0.26138699999999998 0.16958000000000001 0 0.18272300000000002 0.191743 0.179068 0.013474 0.013447000000000001 0.012806 0.13880700000000004 0.14814199999999997 0.13704199999999997 0.0055659999999999989 0.0054790000000000004 0.005200999999999999 0.0015330000000000001 0.001554 0.0015319999999999999 1.3745457085333515 1.3745457085333515 1.3745457085333515 8.7342899251859505e-05 8.7342899251859505e-05 8.7342899251859505e-05 1 1 1 Converged Converged Converged OK OK OK 125 125 125 125 125 125 11 11 11 0 0 0 0 1 0 0 1
25 25 uniform 0 23 255 3 0.0001 3.3207605984648136 0.07986919334540396 0.58764149712067748 -2.9246981518830419 0.0089194492424890942 -2.8071698524589066 0 3.0527796651353118 1.3776379681152875 OK 17 16 0.514096 0.43630099999999999 0.23364299999999999 0.27578200000000003 0.18539600000000001 0 0.23831399999999997 0.25090499999999999 0.23364299999999999 0.016667000000000001 0.017027 0.015879999999999998 0.18433100000000008 0.19544600000000004 0.18201300000000012 0.0075080000000000008 0.0079190000000000007 0.0065970000000000004 0.0017290000000000001 0.0018780000000000001 0.0017899999999999997 1.377637209593392 1.377637209593392 1.377637209593392 4.9727903948468501e-05 4.9727903948468501e-05 4.9727903948468501e-05 1 1 1 Converged Converged Converged OK OK OK 148 148 148 148 148 148 12 12 12 0 0 0 0 1 0 0 1
25 25 uniform 1 0 256 0 0.001 3.3207605984648136 0.07986919334540396 0.58764149712067748 -0.14147495600109478 0.032768424697659296 -0.25900325542523028 0 0.50461306810163564 2.8341216135627403 OK 15 14 0.43969799999999998 0.43380400000000002 0.150724 0.286055 0.28009400000000001 0 0.15364299999999997 0.15371000000000001 0.150724 0.010999999999999999 0.010897 0.010477999999999999 0.11392100000000002 0.11423900000000002 0.11277499999999999 0.0036720000000000004 0.0039290000000000002 0.0033170000000000001 0.00083600000000000005 0.00090900000000000009 0.00081899999999999996 2.8341220794445485 2.8341220794445485 2.8341220794445485 0.0006931635422414115 0.0006931635422414115 0.0006931635422414115 1 1 1 Converged Converged Converged OK OK OK 87 87 87 87 87 87 9 9 9 0 0 0 0 0 1 0 0
25 25 uniform 1 7 256 1 0.001 3.3207605984648136 0.07986919334540396 0.58764149712067748 -0.14147495600109478 0.032768424697659296 -0.18746429055836519 0 0.43307410323477047 3.023972168337294 OK 15 14 0.43414999999999998 0.31873200000000002 0.14599100000000001 0.290626 0.1724 0 0.14352399999999998 0.14633200000000002 0.14599100000000001 0.0094590000000000004 0.0098569999999999994 0.0089669999999999993 0.11425600000000002 0.11625699999999997 0.11782299999999997 0.0031340000000000001 0.0034150000000000001 0.0030360000000000001 0.00081300000000000003 0.00088800000000000001 0.00082900000000000009 3.0239724409700162 3.0239724409700162 3.0239724409700162 0.00035650958732585491 0.00035650958732585491 0.00035650958732585491 1 1 1 Converged Converged Converged OK OK OK 87 87 87 87 87 87 9 9 9 0 0 0 0 1 0 0 1
25 25 uniform 1 15 256 2 0.001 3.3207605984648136 0.07986919334540396 0.58764149712067748 -0.14147495600109478 0.032768424697659296 -0.10570547356766223 0 0.35131528624406755 3.1800092760063285 OK 15 14 0.386156 0.28099099999999999 0.132551 0.248224 0.14594599999999999 0 0.137932 0.135045 0.132551 0.0097640000000000001 0.0098169999999999993 0.0091140000000000006 0.11121100000000003 0.10819000000000005 0.10766100000000003 0.0027799999999999999 0.0029480000000000001 0.0024840000000000001 0.00070199999999999993 0.00071400000000000001 0.00063400000000000001 3.1800095579138676 3.1800095579138676 3.1800095579138676 0.001964090663659648 0.001964090663659648 0.001964090663659648 1 1 1 Converged Converged Converged OK OK OK 79 79 79 79 79 79 9 9 9 0 0 0 0 1 0 0 1
25 25 uniform 1 23 256 3 0.001 3.3207605984648136 0.07986919334540396 0.58764149712067748 -0.14147495600109478 0.032768424697659296 -0.023946656576959269 0 0.26955646925336457 3.290339356123174 OK 15 14 0.38551099999999999 0.28084100000000001 0.133719 0.24860199999999999 0.144764 0 0.136909 0.136077 0.133719 0.009776 0.0098779999999999996 0.0090130000000000002 0.1104290000000001 0.1096 0.10895499999999998 0.0026639999999999997 0.0027409999999999999 0.0025430000000000001 0.00065200000000000002 0.00062299999999999996 0.00060800000000000003 3.2903397093776823 3.2903397093776823 3.2903397093776823 0.0018264297960650137 0.0018264297960650137 0.0018264297960650137 1 1 1 Converged Converged Converged OK OK OK 79 79 79 79 79 79 9 9 9 0 0 0 0 1 0 0 1
25 25 uniform 1 0 256 0 0.0001 3.3207605984648136 0.07986919334540396 0.58764149712067748 -0.14147495600109478 0.032768424697659296 -0.25900325542523028 0 0.50461306810163564 2.8341216135627403 OK 15 14 0.44434800000000002 0.444824 0.16151199999999999 0.28007199999999999 0.28039999999999998 0 0.16427600000000003 0.16442400000000001 0.16151199999999999 0.011013 0.010985999999999999 0.010467000000000001 0.121852 0.12240300000000004 0.12091199999999996 0.003898 0.0039519999999999998 0.003666 0.0010920000000000001 0.001108 0.001 2.8341220541932692 2.8341220541932692 2.8341220541932692 0.00018889521219114181 0.00018889521219114181 0.00018889521219114181 1 1 1 Converged Converged Converged OK OK OK 95 95 95 95 95 95 9 9 9 0 0 0 0 0 1 0 0
25 25 uniform 1 7 256 1 0.0001 3.3207605984648136 0.07986919334540396 0.58764149712067748 -0.14147495600109478 0.032768424697659296 -0.18746429055836519 0 0.43307410323477047 3.023972168337294 OK 15 14 0.44377100000000003 0.32520500000000002 0.15293000000000001 0.28912199999999999 0.16908000000000001 0 0.15464900000000004 0.15612500000000001 0.15293000000000001 0.009587 0.0096500000000000006 0.009077 0.12338299999999995 0.12483799999999999 0.12280700000000001 0.0035430000000000006 0.0036389999999999999 0.0035090000000000004 0.00094300000000000004 0.0009990000000000001 0.00095099999999999991 3.0239724395379457 3.0239724395379457 3.0239724395379457 0.00019528218420466949 0.00019528218420466949 0.00019528218420466949 1 1 1 Converged Converged Converged OK OK OK 95 95 95 95 95 95 9 9 9 0 0 0 0 1 0 0 1
25 25 uniform 1 15 256 2 0.0001 3.3207605984648136 0.07986919334540396 0.58764149712067748 -0.14147495600109478 0.032768424697659296 -0.10570547356766223 0 0.35131528624406755 3.1800092760063285 OK 15 14 0.40065499999999998 0.30060999999999999 0.149231 0.24649799999999999 0.14508499999999999 0 0.15415699999999999 0.155525 0.149231 0.0095639999999999996 0.0097389999999999994 0.0090270000000000003 0.12454499999999996 0.12551200000000001 0.12101200000000002 0.0033800000000000002 0.00349 0.0031990000000000005 0.00093000000000000005 0.00097400000000000004 0.00092100000000000005 3.1800095301836904 3.1800095301836904 3.1800095301836904 0.00015052358114449685 0.00015052358114449685 0.00015052358114449685 1 1 1 Converged Converged Converged OK OK OK 95 95 95 95 95 95 9 9 9 0 0 0 0 1 0 0 1
25 25 uniform 1 23 256 3 0.0001 3.3207605984648136 0.07986919334540396 0.58764149712067748 -0.14147495600109478 0.032768424697659296 -0.023946656576959269 0 0.26955646925336457 3.290339356123174 OK 15 14 0.42028799999999999 0.31928699999999999 0.17297499999999999 0.24941099999999999 0.143763 0 0.170877 0.17552399999999999 0.17297499999999999 0.0095390000000000006 0.0095209999999999999 0.0089689999999999995 0.13488600000000001 0.13975599999999999 0.13846999999999998 0.0039150000000000001 0.0041250000000000002 0.0038009999999999997 0.0012110000000000001 0.0011969999999999999 0.0012079999999999999 3.2903395122024861 3.2903395122024861 3.2903395122024861 8.9561270503696352e-05 8.9561270503696352e-05 8.9561270503696352e-05 1 1 1 Converged Converged Converged OK OK OK 111 111 111 111 111 111 9 9 9 0 0 0 0 1 0 0 1
25 25 uniform 2 0 257 0 0.001 3.3207605984648136 0.07986919334540396 0.58764149712067748 -2.5977186466080409 0.67061208694788788 -2.7152469460321762 0 2.9608567587085814 1.0786709121933009 OK 12 11 0.276144 0.27108300000000002 0.066416000000000003 0.207257 0.203265 0 0.068887000000000004 0.067818000000000017 0.066416000000000003 0.0089949999999999995 0.0093240000000000007 0.0088649999999999996 0.042884000000000005 0.042436999999999996 0.041773999999999985 0.002441 0.0023449999999999999 0.0022049999999999999 0.00063600000000000006 0.00058900000000000011 0.00057300000000000005 1.0786703358209133 1.0786703358209133 1.0786703358209133 0.00083677638077054217 0.00083677638077054217 0.00083677638077054217 1 1 1 Converged Converged Converged OK OK OK 45 45 45 45 45 45 3 3 3 0 0 0 0 0 1 0 0
25 25 uniform 2 7 257 1 0.001 3.3207605984648136 0.07986919334540396 0.58764149712067748 -2.5977186466080409 0.67061208694788788 -2.6437079811653112 0 2.8893177938417165 1.0737601451433081 OK 12 11 0.26853399999999999 0.19070400000000001 0.060055999999999998 0.206125 0.123002 0 0.062408999999999992 0.067702000000000012 0.060055999999999998 0.0084419999999999999 0.0083789999999999993 0.007835 0.039425000000000016 0.045293999999999994 0.038516999999999996 0.0024589999999999998 0.0023289999999999999 0.0022430000000000002 0.00060800000000000003 0.00056800000000000004 0.000562 1.0737596159317417 1.0737596159317417 1.0737596159317417 0.00078135052179764317 0.00078135052179764317 0.00078135052179764317 1 1 1 Converged Converged Converged OK OK OK 45 45 45 45 45 45 3 3 3 0 0 0 0 1 0 0 1
25 25 uniform 2 15 257 2 0.001 3.3207605984648136 0.07986919334540396 0.58764149712067748 -2.5977186466080409 0.67061208694788788 -2.5619491641746084 0 2.8075589768510136 1.0663368599688019 OK 13 12 0.27579700000000001 0.197023 0.062074999999999998 0.21157799999999999 0.126836 0 0.064219000000000026 0.070186999999999999 0.062074999999999998 0.0084609999999999998 0.0086929999999999993 0.007986 0.04152900000000001 0.047530999999999997 0.040533000000000007 0.0022819999999999997 0.0022799999999999999 0.0022460000000000002 0.00055800000000000001 0.00056700000000000001 0.00052800000000000004 1.0663366223678152 1.0663366223678152 1.0663366223678152 0.00072330937276935336 0.00072330937276935336 0.00072330937276935336 1 1 1 Converged Converged Converged OK OK OK 45 45 45 45 45 45 3 3 3 0 0 0 0 1 0 0 1
25 25 uniform 2 23 257 3 0.001 3.3207605984648136 0.07986919334540396 0.58764149712067748 -2.5977186466080409 0.67061208694788788 -2.4801903471839055 0 2.7258001598603108 1.0587432221573498 OK 13 12 0.27979399999999999 0.19584199999999999 0.064086000000000004 0.21321499999999999 0.12327200000000001 0 0.066578999999999999 0.072569999999999982 0.064086000000000004 0.0085900000000000004 0.0085559999999999994 0.0079159999999999994 0.04252199999999999 0.049113000000000011 0.042002999999999985 0.0025010000000000002 0.00247 0.0022800000000000003 0.00068100000000000007 0.0006559999999999999 0.00061499999999999999 1.058746053527204 1.058746053527204 1.058746053527204 0.00089790451745145857 0.00089790451745145857 0.00089790451745145857 1 1 1 Converged Converged Converged OK OK OK 52 52 52 52 52 52 4 4 4 0 0 0 0 1 0 0 1
25 25 uniform 2 0 257 0 0.0001 3.3207605984648136 0.07986919334540396 0.58764149712067748 -2.5977186466080409 0.67061208694788788 -2.7152469460321762 0 2.9608567587085814 1.0786709121933009 OK 12 11 0.296987 0.29009699999999999 0.088610999999999995 0.20772599999999999 0.20264199999999999 0 0.089261000000000007 0.087455000000000005 0.088610999999999995 0.0091509999999999994 0.0091160000000000008 0.0090480000000000005 0.057430000000000002 0.056341999999999982 0.057354999999999996 0.0034099999999999998 0.0032650000000000005 0.0033950000000000004 0.00073200000000000001 0.00079599999999999994 0.00072400000000000003 1.0786708260432583 1.0786708260432583 1.0786708260432583 4.9757559785459873e-05 4.9757559785459873e-05 4.9757559785459873e-05 1 1 1 Converged Converged Converged OK OK OK 61 61 61 61 61 61 3 3 3 0 0 0 0 0 1 0 0
25 25 uniform 2 7 257 1 0.0001 3.3207605984648136 0.07986919334540396 0.58764149712067748 -2.5977186466080409 0.67061208694788788 -2.6437079811653112 0 2.8893177938417165 1.0737601451433081 OK 12 11 0.285134 0.211426 0.076494000000000006 0.206397 0.122933 0 0.078737000000000001 0.088493000000000002 0.076494000000000006 0.0083759999999999998 0.0083599999999999994 0.0077099999999999998 0.051099999999999993 0.061027999999999978 0.050473000000000018 0.0032519999999999997 0.0032139999999999998 0.0030839999999999999 0.00069800000000000005 0.000736 0.00064800000000000003 1.073760042414881 1.073760042414881 1.073760042414881 4.4904103804051037e-05 4.4904103804051037e-05 4.4904103804051037e-05 1 1 1 Converged Converged Converged OK OK OK 61 61 61 61 61 61 3 3 3 0 0 0 0 1 0 0 1
25 25 uniform 2 15 257 2 0.0001 3.3207605984648136 0.07986919334540396 0.58764149712067748 -2.5977186466080409 0.67061208694788788 -2.5619491641746084 0 2.8075589768510136 1.0663368599688019 OK 13 12 0.29071900000000001 0.21585499999999999 0.078020999999999993 0.21088299999999999 0.125689 0 0.079836000000000018 0.090165999999999996 0.078020999999999993 0.0085170000000000003 0.0084530000000000004 0.0080479999999999996 0.052361000000000026 0.062833 0.051492000000000003 0.0030699999999999998 0.0030479999999999999 0.0030889999999999997 0.00066299999999999996 0.00069300000000000004 0.00065499999999999998 1.066336804715833 1.066336804715833 1.066336804715833 4.2085477420684706e-05 4.2085477420684706e-05 4.2085477420684706e-05 1 1 1 Converged Converged Converged OK OK OK 61 61 61 61 61 61 3 3 3 0 0 0 0 1 0 0 1
25 25 uniform 2 23 257 3 0.0001 3.3207605984648136 0.07986919334540396 0.58764149712067748 -2.5977186466080409 0.67061208694788788 -2.4801903471839055 0 2.7258001598603108 1.0587432221573498 OK 13 12 0.30161500000000002 0.22572400000000001 0.085304000000000005 0.21111099999999999 0.123806 0 0.090504000000000029 0.10191800000000001 0.085304000000000005 0.0085280000000000009 0.0084430000000000009 0.0079290000000000003 0.060841999999999966 0.071828000000000017 0.056830000000000012 0.0035620000000000001 0.0040210000000000003 0.0036259999999999999 0.00089600000000000009 0.0010079999999999998 0.00090700000000000015 1.0587431307305188 1.0587431307305188 1.0587431307305188 4.2333364840872414e-05 4.2333364840872414e-05 4.2333364840872414e-05 1 1 1 Converged Converged Converged OK OK OK 76 76 76 76 76 76 4 4 4 0 0 0 0 1 0 0 1
25 25 uniform 3 0 258 0 0.001 3.3207605984648136 0.07986919334540396 0.58764149712067748 -2.5796411715002274 0.8106021664885753 -2.6971694709243628 0 2.942779283600768 1.0351600927078761 OK 12 11 0.26316099999999998 0.26245800000000002 0.059175999999999999 0.20300399999999999 0.202682 0 0.060156999999999988 0.059776000000000024 0.059175999999999999 0.0088920000000000006 0.0089669999999999993 0.0088419999999999992 0.035046000000000001 0.034944999999999997 0.034495000000000005 0.002225 0.002258 0.0022309999999999999 0.00058299999999999997 0.00054100000000000003 0.00054799999999999998 1.0351600100571443 1.0351600100571443 1.0351600100571443 0.00042702511178087843 0.00042702511178087843 0.00042702511178087843 1 1 1 Converged Converged Converged OK OK OK 45 45 45 45 45 45 3 3 3 0 0 0 0 0 1 0 0
25 25 uniform 3 7 258 1 0.001 3.3207605984648136 0.07986919334540396 0.58764149712067748 -2.5796411715002274 0.8106021664885753 -2.6256305060574978 0 2.8712403187339031 1.034114564471216 OK 12 11 0.262517 0.191636 0.055585000000000002 0.205627 0.125663 0 0.056889999999999996 0.065973000000000004 0.055585000000000002 0.0081580000000000003 0.0082559999999999995 0.0076099999999999996 0.034633999999999998 0.043064000000000005 0.034273000000000005 0.0023519999999999999 0.002617 0.0023010000000000001 0.00054600000000000004 0.00064399999999999993 0.00053899999999999998 1.0341145455185217 1.0341145455185217 1.0341145455185217 0.00042957680622095413 0.00042957680622095413 0.00042957680622095413 1 1 1 Converged Converged Converged OK OK OK 45 45 45 45 45 45 3 3 3 0 0 0 0 1 0 0 1
25 25 uniform 3 15 258 2 0.001 3.3207605984648136 0.07986919334540396 0.58764149712067748 -2.5796411715002274 0.8106021664885753 -2.5438716890667949 0 2.7894815017432002 1.0327000704435907 OK 12 11 0.266266 0.18731999999999999 0.055405000000000003 0.208338 0.123251 0 0.057928000000000007 0.064068999999999987 0.055405000000000003 0.0082129999999999998 0.0081329999999999996 0.0075209999999999999 0.035403999999999991 0.042093999999999999 0.034447999999999999 0.0023440000000000002 0.0022700000000000003 0.002225 0.000571 0.00054799999999999998 0.00053899999999999998 1.0327001615731488 1.0327001615731488 1.0327001615731488 0.00043868942746569682 0.00043868942746569682 0.00043868942746569682 1 1 1 Converged Converged Converged OK OK OK 45 45 45 45 45 45 3 3 3 0 0 0 0 1 0 0 1
25 25 uniform 3 23 258 3 0.001 3.3207605984648136 0.07986919334540396 0.58764149712067748 -2.5796411715002274 0.8106021664885753 -2.4621128720760921 0 2.7077226847524973 1.0314192363152788 OK 13 12 0.26817299999999999 0.19003800000000001 0.056351999999999999 0.21030699999999999 0.12496500000000001 0 0.057866000000000001 0.065073000000000006 0.056351999999999999 0.0085749999999999993 0.0087799999999999996 0.0080739999999999996 0.035393000000000001 0.04225700000000001 0.034763999999999996 0.0021940000000000002 0.0023389999999999999 0.0021540000000000001 0.00054500000000000002 0.00056299999999999992 0.00052599999999999999 1.0314194748603704 1.0314194748603704 1.0314194748603704 0.00045952796532773235 0.00045952796532773235 0.00045952796532773235 1 1 1 Converged Converged Converged OK OK OK 45 45 45 45 45 45 3 3 3 0 0 0 0 1 0 0 1
25 25 uniform 3 0 258 0 0.0001 3.3207605984648136 0.07986919334540396 0.58764149712067748 -2.5796411715002274 0.8106021664885753 -2.6971694709243628 0 2.942779283600768 1.0351600927078761 OK 12 11 0.28707100000000002 0.286657 0.079113000000000003 0.20660200000000001 0.20697199999999999 0 0.080469000000000013 0.079685000000000006 0.079113000000000003 0.0091909999999999995 0.0091769999999999994 0.0088109999999999994 0.048854000000000002 0.048856000000000004 0.048535000000000009 0.0033439999999999998 0.0031090000000000002 0.0031979999999999999 0.00071000000000000002 0.000727 0.00073400000000000006 1.0351600424359861 1.0351600424359861 1.0351600424359861 2.5146266332557207e-05 2.5146266332557207e-05 2.5146266332557207e-05 1 1 1 Converged Converged Converged OK OK OK 61 61 61 61 61 61 3 3 3 0 0 0 0 0 1 0 0
25 25 uniform 3 7 258 1 0.0001 3.3207605984648136 0.07986919334540396 0.58764149712067748 -2.5796411715002274 0.8106021664885753 -2.6256305060574978 0 2.8712403187339031 1.034114564471216 OK 12 11 0.28045599999999998 0.20460300000000001 0.072165999999999994 0.20607600000000001 0.120863 0 0.074379999999999974 0.083740000000000009 0.072165999999999994 0.0082260000000000007 0.0082400000000000008 0.0076 0.047045000000000003 0.055821000000000003 0.046221999999999978 0.0032040000000000003 0.0035609999999999995 0.0031029999999999999 0.0007090000000000001 0.00074200000000000015 0.00066199999999999994 1.0341145268645202 1.0341145268645202 1.0341145268645202 2.3640223818000125e-05 2.3640223818000125e-05 2.3640223818000125e-05 1 1 1 Converged Converged Converged OK OK OK 61 61 61 61 61 61 3 3 3 0 0 0 0 1 0 0 1
25 25 uniform 3 15 258 2 0.0001 3.3207605984648136 0.07986919334540396 0.58764149712067748 -2.5796411715002274 0.8106021664885753 -2.5438716890667949 0 2.7894815017432002 1.0327000704435907 OK 12 11 0.280829 0.20727699999999999 0.071668999999999997 0.20674000000000001 0.121021 0 0.074088999999999988 0.086255999999999985 0.071668999999999997 0.0081630000000000001 0.0081829999999999993 0.0076239999999999997 0.046614000000000017 0.058935999999999981 0.045672000000000004 0.0033280000000000002 0.0033809999999999995 0.0030360000000000001 0.00072499999999999995 0.00070299999999999996 0.00068000000000000005 1.0327000537245379 1.0327000537245379 1.0327000537245379 2.1286702284320029e-05 2.1286702284320029e-05 2.1286702284320029e-05 1 1 1 Converged Converged Converged OK OK OK 61 61 61 61 61 61 3 3 3 0 0 0 0 1 0 0 1
25 25 uniform 3 23 258 3 0.0001 3.3207605984648136 0.07986919334540396 0.58764149712067748 -2.5796411715002274 0.8106021664885753 -2.4621128720760921 0 2.7077226847524973 1.0314192363152788 OK 13 12 0.28575099999999998 0.205571 0.071785000000000002 0.21207100000000001 0.1237 0 0.073679999999999968 0.081870999999999999 0.071785000000000002 0.0086510000000000007 0.0088249999999999995 0.0079489999999999995 0.046265999999999995 0.054055000000000013 0.045568000000000011 0.0031190000000000002 0.0033010000000000001 0.0030470000000000002 0.00066700000000000006 0.00069399999999999996 0.00065899999999999997 1.0314192452005608 1.0314192452005608 1.0314192452005608 1.8781114703512349e-05 1.8781114703512349e-05 1.8781114703512349e-05 1 1 1 Converged Converged Converged OK OK OK 61 61 61 61 61 61 3 3 3 0 0 0 0 1 0 0 1
25 25 uniform 4 0 259 0 0.001 3.3207605984648136 0.07986919334540396 0.58764149712067748 -0.0019107411086900783 1.1565648698513065 -0.11943904053282559 0 0.36504885320923086 1.2301379706204203 OK 13 12 0.34445500000000001 0.34545199999999998 0.079528000000000001 0.26326300000000002 0.26378499999999999 0 0.081191999999999986 0.08166699999999999 0.079528000000000001 0.0094240000000000001 0.0093919999999999993 0.0090860000000000003 0.052381999999999991 0.052780000000000007 0.051724999999999993 0.0025440000000000003 0.0027290000000000001 0.0025269999999999997 0.00067199999999999996 0.00073099999999999999 0.00066600000000000003 1.2301379570318707 1.2301379570318707 1.2301379570318707 0.00011463316639162744 0.00011463316639162744 0.00011463316639162744 1 1 1 Converged Converged Converged OK OK OK 59 59 59 59 59 59 5 5 5 0 0 0 0 0 1 0 0
25 25 uniform 4 7 259 1 0.001 3.3207605984648136 0.07986919334540396 0.58764149712067748 -0.0019107411086900783 1.1565648698513065 -0.047900075665960488 0 0.2935098883423658 1.2396283128675174 OK 13 12 0.32935500000000001 0.218526 0.075826000000000005 0.251919 0.13360900000000001 0 0.077436000000000005 0.084916999999999992 0.075826000000000005 0.0084130000000000003 0.0085310000000000004 0.0079579999999999998 0.053189000000000021 0.060597999999999992 0.052494999999999993 0.0025940000000000004 0.0025739999999999999 0.0025360000000000005 0.000696 0.00074799999999999997 0.00065000000000000008 1.239628274825874 1.239628274825874 1.239628274825874 0.00011849778912002037 0.00011849778912002037 0.00011849778912002037 1 1 1 Converged Converged Converged OK OK OK 59 59 59 59 59 59 5 5 5 0 0 0 0 1 0 0 1
25 25 uniform 4 15 259 2 0.001 3.3207605984648136 0.07986919334540396 0.58764149712067748 -0.0019107411086900783 1.1565648698513065 0.033858741324742467 0 0.21175107135166282 1.2484636722986373 OK 13 12 0.33119399999999999 0.22650999999999999 0.076652999999999999 0.252137 0.14311099999999999 0 0.079056999999999988 0.083399000000000001 0.076652999999999999 0.0084930000000000005 0.0085620000000000002 0.0079249999999999998 0.054580000000000004 0.059293999999999993 0.053546000000000003 0.0026260000000000003 0.0025210000000000002 0.002457 0.00071500000000000003 0.00069700000000000003 0.00068800000000000003 1.2484636368718032 1.2484636368718032 1.2484636368718032 0.00019626512654008493 0.00019626512654008493 0.00019626512654008493 1 1 1 Converged Converged Converged OK OK OK 59 59 59 59 59 59 5 5 5 0 0 0 0 1 0 0 1
25 25 uniform 4 23 259 3 0.001 3.3207605984648136 0.07986919334540396 0.58764149712067748 -0.0019107411086900783 1.1565648698513065 0.11561755831544543 0 0.12999225436095987 1.2547139600209918 OK 13 12 0.34394599999999997 0.22784099999999999 0.080959000000000003 0.26052999999999998 0.13920399999999999 0 0.08341599999999999 0.088636999999999994 0.080959000000000003 0.0088409999999999999 0.0088380000000000004 0.0080929999999999995 0.057658000000000001 0.063142000000000031 0.057102999999999994 0.0025930000000000003 0.0026679999999999998 0.0024350000000000001 0.00076599999999999997 0.00077299999999999982 0.00066200000000000005 1.2547152756898798 1.2547152756898798 1.2547152756898798 0.00066371879409557889 0.00066371879409557889 0.00066371879409557889 1 1 1 Converged Converged Converged OK OK OK 66 66 66 66 66 66 6 6 6 0 0 0 0 1 0 0 1
25 25 uniform 4 0 259 0 0.0001 3.3207605984648136 0.07986919334540396 0.58764149712067748 -0.0019107411086900783 1.1565648698513065 -0.11943904053282559 0 0.36504885320923086 1.2301379706204203 OK 13 12 0.34148800000000001 0.34458499999999997 0.080398999999999998 0.26022200000000001 0.26283400000000001 0 0.081266000000000005 0.081750999999999963 0.080398999999999998 0.0095180000000000004 0.0094160000000000008 0.0092339999999999992 0.052495999999999994 0.052781000000000008 0.052063000000000005 0.0025499999999999997 0.0028470000000000001 0.0026129999999999999 0.00068000000000000005 0.00068900000000000005 0.00071900000000000002 1.2301379570318707 1.2301379570318707 1.2301379570318707 0.00011463316639162744 0.00011463316639162744 0.00011463316639162744 1 1 1 Converged Converged Converged OK OK OK 59 59 59 59 59 59 5 5 5 0 0 0 0 0 1 0 0
25 25 uniform 4 7 259 1 0.0001 3.3207605984648136 0.07986919334540396 0.58764149712067748 -0.0019107411086900783 1.1565648698513065 -0.047900075665960488 0 0.2935098883423658 1.2396283128675174 OK 13 12 0.32559300000000002 0.217893 0.076190999999999995 0.24821499999999999 0.13301499999999999 0 0.07737800000000003 0.084878000000000009 0.076190999999999995 0.0085310000000000004 0.0086070000000000001 0.0079989999999999992 0.053104999999999992 0.060457999999999977 0.052837000000000009 0.0025040000000000001 0.0027850000000000001 0.0024819999999999998 0.00066 0.0006820000000000001 0.00064400000000000004 1.239628274825874 1.239628274825874 1.239628274825874 0.00011849778912002037 0.00011849778912002037 0.00011849778912002037 1 1 1 Converged Converged Converged OK OK OK 59 59 59 59 59 59 5 5 5 0 0 0 0 1 0 0 1
25 25 uniform 4 15 259 2 0.0001 3.3207605984648136 0.07986919334540396 0.58764149712067748 -0.0019107411086900783 1.1565648698513065 0.033858741324742467 0 0.21175107135166282 1.2484636722986373 OK 13 12 0.33949499999999999 0.24471000000000001 0.086607000000000003 0.25098700000000002 0.14219399999999999 0 0.088507999999999976 0.10251600000000002 0.086607000000000003 0.008548 0.0086070000000000001 0.0078560000000000001 0.061571000000000001 0.075068000000000024 0.06070699999999999 0.0029470000000000004 0.003143 0.0029669999999999996 0.00079600000000000005 0.00092600000000000007 0.00079000000000000001 1.248463631739688 1.248463631739688 1.248463631739688 0.0001045183080549834 0.0001045183080549834 0.0001045183080549834 1 1 1 Converged Converged Converged OK OK OK 67 67 67 67 67 67 5 5 5 0 0 0 0 1 0 0 1
25 25 uniform 4 23 259 3 0.0001 3.3207605984648136 0.07986919334540396 0.58764149712067748 -0.0019107411086900783 1.1565648698513065 0.11561755831544543 0 0.12999225436095987 1.2547139600209918 OK 13 12 0.36648599999999998 0.259795 0.103327 0.258876 0.140546 0 0.10760999999999998 0.11924899999999999 0.103327 0.0087919999999999995 0.0088090000000000009 0.0080739999999999996 0.075827000000000006 0.08690700000000004 0.07272499999999997 0.0038770000000000002 0.0041089999999999998 0.0037170000000000003 0.00099200000000000004 0.0010789999999999999 0.0010090000000000001 1.2547139123594166 1.2547139123594166 1.2547139123594166 2.733293118296536e-05 2.733293118296536e-05 2.733293118296536e-05 1 1 1 Converged Converged Converged OK OK OK 90 90 90 90 90 90 6 6 6 0 0 0 0 1 0 0 1
26 26 linear 0 0 260 0 0.001 0.95706559902899802 0.5801302545747945 0.0006985044970015228 -0.12782387796987851 -0.6959514905755394 -0.12796357886927881 0.5 0.47934138965543993 34.071825260732197 OK 13 12 0.56881199999999998 0.561836 0.16583999999999999 0.39919300000000002 0.39485399999999998 0 0.16961899999999996 0.16698200000000002 0.16583999999999999 0.010411 0.010442 0.0099469999999999992 0.13428400000000004 0.13232100000000002 0.13192300000000001 0.0034520000000000002 0.003385 0.0031740000000000002 0.00096699999999999987 0.0009140000000000001 0.00088199999999999997 34.071620529941562 34.071620529941562 34.071620529941562 0.012162409494659651 0.012162409494659651 0.012162409494659651 1 1 1 Converged Converged Converged OK OK OK 75 75 75 75 75 75 5 5 5 0 0 0 0 0 1 0 0
26 26 linear 0 7 260 1 0.001 0.95706559902899802 0.5801302545747945 0.0006985044970015228 -0.12782387796987851 -0.6959514905755394 -0.12787854353920908 0.5 0.47925635432537023 33.909677322577785 OK 13 12 0.54767699999999997 0.54676000000000002 0.15327299999999999 0.39122400000000002 0.25874599999999998 0 0.15645299999999995 0.28801400000000005 0.15327299999999999 0.0090500000000000008 0.0090390000000000002 0.0085450000000000005 0.128751 0.259853 0.12661399999999998 0.0032449999999999996 0.0034660000000000003 0.0031770000000000001 0.00087900000000000001 0.00089300000000000013 0.00084399999999999992 33.910000163465284 33.910000163465284 33.910000163465284 0.011743556141624862 0.011743556141624862 0.011743556141624862 1 1 1 Converged Converged Converged OK OK OK 75 75 75 75 75 75 5 5 5 0 0 0 0 1 0 0 1
26 26 linear 0 15 260 2 0.001 0.95706559902899802 0.5801302545747945 0.0006985044970015228 -0.12782387796987851 -0.6959514905755394 -0.12778136030484363 0.5 0.47915917109100481 33.253488055714975 OK 13 12 0.63358000000000003 0.59907299999999997 0.184584 0.44590200000000002 0.29703200000000002 0 0.18767800000000001 0.30204099999999995 0.184584 0.0092739999999999993 0.0089169999999999996 0.0087279999999999996 0.15532499999999994 0.26960499999999998 0.15327399999999994 0.0040829999999999998 0.0042539999999999991 0.0041320000000000003 0.0009990000000000001 0.0010020000000000001 0.0009540000000000001 33.253704875286637 33.253704875285607 33.253704875286637 0.015588049470493345 0.015588049473441199 0.015588049470493345 1 1 1 Converged Converged Converged OK OK OK 91 91 91 91 91 91 5 5 5 0 0 0 0 1 0 0 1
26 26 linear 0 23 260 3 0.001 0.95706559902899802 0.5801302545747945 0.0006985044970015228 -0.12782387796987851 -0.6959514905755394 -0.12768417707047822 0.5 0.47906198785663934 32.076004837978253 OK 13 12 0.61582899999999996 0.63785599999999998 0.24021500000000001 0.370701 0.265177 0 0.24512799999999996 0.37267899999999998 0.24021500000000001 0.0090170000000000007 0.0093919999999999993 0.0083719999999999992 0.20820599999999995 0.33588999999999997 0.20547700000000002 0.0054790000000000004 0.0053740000000000003 0.0050010000000000002 0.001253 0.00115 0.001173 32.076153882578275 32.076153882578275 32.076153882578275 0.003986288256905334 0.003986288256905334 0.003986288256905334 1 1 1 Converged Converged Converged OK OK OK 107 107 107 107 107 107 5 5 5 0 0 0 0 1 0 0 1
26 26 linear 0 0 260 0 0.0001 0.95706559902899802 0.5801302545747945 0.0006985044970015228 -0.12782387796987851 -0.6959514905755394 -0.12796357886927881 0.5 0.47934138965543993 34.071825260732197 OK 13 12 0.65687600000000002 0.65025699999999997 0.25361499999999998 0.40135500000000002 0.397231 0 0.255521 0.25302599999999997 0.25361499999999998 0.010127000000000001 0.010109999999999999 0.0099659999999999992 0.20576500000000009 0.20344899999999994 0.20302399999999998 0.0056030000000000003 0.0056560000000000004 0.0060359999999999997 0.001258 0.0013469999999999999 0.0013550000000000001 34.071597304664259 34.071597304664259 34.071597304664259 0.0022240183100391835 0.0022240183100391835 0.0022240183100391835 1 1 1 Converged Converged Converged OK OK OK 123 123 123 123 123 123 5 5 5 0 0 0 0 0 1 0 0
26 26 linear 0 7 260 1 0.0001 0.95706559902899802 0.5801302545747945 0.0006985044970015228 -0.12782387796987851 -0.6959514905755394 -0.12787854353920908 0.5 0.47925635432537023 33.909677322577785 OK 13 12 0.65469500000000003 0.70021900000000004 0.25547500000000001 0.39448100000000003 0.25822600000000001 0 0.260214 0.44199300000000002 0.25547500000000001 0.0090860000000000003 0.0090729999999999995 0.0085039999999999994 0.22055600000000014 0.40199899999999972 0.21693100000000007 0.0059089999999999993 0.0059509999999999997 0.00579 0.0012770000000000001 0.0012490000000000001 0.0012110000000000001 33.909889836379222 33.909889836379222 33.909889836379222 0.002395333146621974 0.002395333146621974 0.002395333146621974 1 1 1 Converged Converged Converged OK OK OK 123 123 123 123 123 123 5 5 5 0 0 0 0 1 0 0 1
26 26 linear 0 15 260 2 0.0001 0.95706559902899802 0.5801302545747945 0.0006985044970015228 -0.12782387796987851 -0.6959514905755394 -0.12778136030484363 0.5 0.47915917109100481 33.253488055714975 OK 13 12 0.69623500000000005 0.726576 0.24696899999999999 0.44337500000000002 0.30102099999999998 0 0.25286000000000003 0.42555500000000002 0.24696899999999999 0.0094450000000000003 0.0090430000000000007 0.0088159999999999992 0.21217200000000005 0.38537500000000008 0.20837099999999995 0.0062939999999999992 0.0061059999999999994 0.005855 0.0012880000000000001 0.001271 0.0012259999999999999 33.253841822143265 33.253841822142633 33.253841822143265 0.0026309877282894249 0.0026309877296660338 0.0026309877282894249 1 1 1 Converged Converged Converged OK OK OK 123 123 123 123 123 123 5 5 5 0 0 0 0 1 0 0 1
26 26 linear 0 23 260 3 0.0001 0.95706559902899802 0.5801302545747945 0.0006985044970015228 -0.12782387796987851 -0.6959514905755394 -0.12768417707047822 0.5 0.47906198785663934 32.076004837978253 OK 13 12 0.64034500000000005 0.717719 0.26663399999999998 0.37451499999999999 0.26632899999999998 0 0.26583000000000007 0.45139000000000001 0.26663399999999998 0.0088079999999999999 0.0093670000000000003 0.0084270000000000005 0.22688700000000006 0.41118399999999999 0.22839200000000004 0.005633 0.0059000000000000007 0.0058920000000000005 0.0012779999999999998 0.0012880000000000001 0.001271 32.076153883655749 32.076153883655749 32.076153883655749 0.0020089662725153714 0.0020089662725153714 0.0020089662725153714 1 1 1 Converged Converged Converged OK OK OK 123 123 123 123 123 123 5 5 5 0 0 0 0 1 0 0 1
26 26 linear 1 0 261 0 0.001 0.95706559902899802 0.5801302545747945 0.0006985044970015228 0.22360636881389503 0.0070752272150476142 0.22346666791449474 0.5 0.12791114287166641 52.357026812288865 OK 14 13 0.47474 0.47107100000000002 0.137215 0.33143099999999998 0.33333499999999999 0 0.14330900000000002 0.13773600000000003 0.137215 0.013047 0.013021 0.012758 0.10590200000000001 0.10320200000000003 0.102862 0.0028619999999999995 0.0028959999999999997 0.0029100000000000003 0.00074800000000000008 0.00077300000000000014 0.00085200000000000011 52.35757475770972 52.35757475770972 52.35757475770972 0.024001006288330344 0.024001006288330344 0.024001006288330344 1 1 1 Converged Converged Converged OK OK OK 67 67 67 67 67 67 5 5 5 0 0 0 0 0 1 0 0
26 26 linear 1 7 261 1 0.001 0.95706559902899802 0.5801302545747945 0.0006985044970015228 0.22360636881389503 0.0070752272150476142 0.22355170324456447 0.5 0.12782610754159668 46.576838471863631 OK 14 13 0.46890500000000002 0.44877800000000001 0.13406499999999999 0.33020100000000002 0.21462899999999999 0 0.13870399999999999 0.23414900000000002 0.13406499999999999 0.012470999999999999 0.012324999999999999 0.011717999999999999 0.10842599999999999 0.20401400000000003 0.10503800000000003 0.0029909999999999997 0.0030200000000000001 0.0030179999999999998 0.00086199999999999992 0.00077899999999999996 0.00076199999999999998 46.57702049150992 46.57702049150992 46.57702049150992 0.023696083653080919 0.023696083653080919 0.023696083653080919 1 1 1 Converged Converged Converged OK OK OK 67 67 67 67 67 67 5 5 5 0 0 0 0 1 0 0 1
26 26 linear 1 15 261 2 0.001 0.95706559902899802 0.5801302545747945 0.0006985044970015228 0.22360636881389503 0.0070752272150476142 0.22364888647892991 0.5 0.12772892430723123 39.919745450753624 OK 14 13 0.46822999999999998 0.44899699999999998 0.13397999999999999 0.32587300000000002 0.21393400000000001 0 0.14235699999999996 0.23506299999999997 0.13397999999999999 0.012484 0.0152 0.011627 0.11205899999999998 0.20198700000000008 0.10529100000000001 0.0030880000000000005 0.0033079999999999997 0.0029970000000000001 0.00077000000000000007 0.00076500000000000005 0.00073999999999999999 39.919965623994592 39.919965623994592 39.919965623994592 0.023404623538844316 0.023404623538844316 0.023404623538844316 1 1 1 Converged Converged Converged OK OK OK 67 67 67 67 67 67 5 5 5 0 0 0 0 1 0 0 1
26 26 linear 1 23 261 3 0.001 0.95706559902899802 0.5801302545747945 0.0006985044970015228 0.22360636881389503 0.0070752272150476142 0.22374606971329533 0.5 0.12763174107286582 33.263539752881904 OK 14 13 0.48160999999999998 0.482906 0.13546900000000001 0.34099099999999999 0.22651199999999999 0 0.14061899999999999 0.25639400000000001 0.13546900000000001 0.012437 0.012470999999999999 0.011684999999999999 0.11058499999999997 0.22584600000000005 0.10709699999999998 0.0030370000000000002 0.003274 0.0027169999999999998 0.00073799999999999994 0.00081099999999999998 0.00072500000000000006 33.263670962588797 33.263670962588797 33.263670962588797 0.023173529743676743 0.023173529743676743 0.023173529743676743 1 1 1 Converged Converged Converged OK OK OK 67 67 67 67 67 67 5 5 5 0 0 0 0 1 0 0 1
26 26 linear 1 0 261 0 0.0001 0.95706559902899802 0.5801302545747945 0.0006985044970015228 0.22360636881389503 0.0070752272150476142 0.22346666791449474 0.5 0.12791114287166641 52.357026812288865 OK 14 13 0.51724300000000001 0.51395599999999997 0.17543600000000001 0.33682099999999998 0.33797500000000003 0 0.18042200000000003 0.17598099999999994 0.17543600000000001 0.013173000000000001 0.013158 0.012911000000000001 0.13535199999999997 0.13149099999999997 0.131055 0.0042110000000000003 0.0041879999999999999 0.0043070000000000001 0.0010690000000000001 0.0010709999999999999 0.0010680000000000002 52.357623958086329 52.357623958086329 52.357623958086329 0.0023465757511896327 0.0023465757511896327 0.0023465757511896327 1 1 1 Converged Converged Converged OK OK OK 91 91 91 91 91 91 5 5 5 0 0 0 0 0 1 0 0
26 26 linear 1 7 261 1 0.0001 0.95706559902899802 0.5801302545747945 0.0006985044970015228 0.22360636881389503 0.0070752272150476142 0.22355170324456447 0.5 0.12782610754159668 46.576838471863631 OK 14 13 0.50267099999999998 0.52840900000000002 0.16885800000000001 0.32890599999999998 0.20868200000000001 0 0.173765 0.31972699999999998 0.16885800000000001 0.01213 0.012428 0.011644 0.136356 0.28204500000000016 0.13271600000000003 0.0042499999999999994 0.0042330000000000007 0.004182 0.0010790000000000001 0.001096 0.001077 46.577069691692174 46.577069691692174 46.577069691692174 0.0020131711466253258 0.0020131711466253258 0.0020131711466253258 1 1 1 Converged Converged Converged OK OK OK 91 91 91 91 91 91 5 5 5 0 0 0 0 1 0 0 1
26 26 linear 1 15 261 2 0.0001 0.95706559902899802 0.5801302545747945 0.0006985044970015228 0.22360636881389503 0.0070752272150476142 0.22364888647892991 0.5 0.12772892430723123 39.919745450753624 OK 14 13 0.50487899999999997 0.53908100000000003 0.16949500000000001 0.33020100000000002 0.21662999999999999 0 0.17467799999999994 0.32245100000000004 0.16949500000000001 0.012356000000000001 0.012493000000000001 0.011787000000000001 0.13721800000000001 0.28459000000000001 0.133107 0.0044129999999999994 0.0044710000000000001 0.0043070000000000001 0.001023 0.0010340000000000002 0.0010319999999999999 39.920014823954475 39.920014823954475 39.920014823954475 0.0016890327448708421 0.0016890327448708421 0.0016890327448708421 1 1 1 Converged Converged Converged OK OK OK 91 91 91 91 91 91 5 5 5 0 0 0 0 1 0 0 1
26 26 linear 1 23 261 3 0.0001 0.95706559902899802 0.5801302545747945 0.0006985044970015228 0.22360636881389503 0.0070752272150476142 0.22374606971329533 0.5 0.12763174107286582 33.263539752881904 OK 14 13 0.51564200000000004 0.58035400000000004 0.170936 0.33927000000000002 0.222446 0 0.17637200000000003 0.357908 0.170936 0.012253 0.012369 0.011735000000000001 0.13928000000000001 0.31980400000000009 0.134934 0.0041710000000000002 0.0044590000000000003 0.0041379999999999993 0.0010199999999999999 0.0011039999999999999 0.0010200000000000001 33.263720162325541 33.263720162325541 33.263720162325541 0.0014251241148560349 0.0014251241148560349 0.0014251241148560349 1 1 1 Converged Converged Converged OK OK OK 91 91 91 91 91 91 5 5 5 0 0 0 0 1 0 0 1
26 26 linear 2 0 262 0 0.001 0.95706559902899802 0.5801302545747945 0.0006985044970015228 0.14932231710787916 0.4672930464796427 0.14918261620847886 0.5 0.20219519457768229 21.874788083228061 OK 15 14 0.49352699999999999 0.49182199999999998 0.170012 0.31948100000000001 0.31775999999999999 0 0.17404599999999998 0.17406199999999999 0.170012 0.014706 0.017732999999999999 0.014655 0.12375699999999992 0.12050999999999998 0.11982799999999996 0.0046789999999999991 0.0048990000000000006 0.0046519999999999999 0.0011280000000000001 0.001225 0.0011320000000000002 21.874774386052284 21.874774386052284 21.874774386052284 0.010634381597274126 0.010634381597274126 0.010634381597274126 1 1 1 Converged Converged Converged OK OK OK 98 98 98 98 98 98 6 6 6 0 0 0 0 0 1 0 0
26 26 linear 2 7 262 1 0.001 0.95706559902899802 0.5801302545747945 0.0006985044970015228 0.14932231710787916 0.4672930464796427 0.1492676515385486 0.5 0.20211015924761255 23.394477807513322 OK 15 14 0.48935800000000002 0.60637600000000003 0.160082 0.32302500000000001 0.21667800000000001 0 0.16633300000000001 0.38969799999999999 0.160082 0.014557 0.014357 0.013665999999999999 0.12287799999999995 0.34656100000000012 0.11850400000000003 0.0050240000000000007 0.0050070000000000002 0.0048789999999999997 0.001183 0.0011529999999999999 0.0011259999999999998 23.394463485458566 23.394463485458566 23.394463485458566 0.012078992197260476 0.012078992197260476 0.012078992197260476 1 1 1 Converged Converged Converged OK OK OK 98 98 98 98 98 98 6 6 6 0 0 0 0 1 0 0 1
26 26 linear 2 15 262 2 0.001 0.95706559902899802 0.5801302545747945 0.0006985044970015228 0.14932231710787916 0.4672930464796427 0.14936483477291404 0.5 0.20201297601324711 26.403967942979023 OK 14 13 0.42271300000000001 0.51408100000000001 0.135269 0.28322700000000001 0.18892600000000001 0 0.139486 0.32515499999999997 0.135269 0.011631000000000001 0.011811 0.011095000000000001 0.10631599999999997 0.29145400000000016 0.10296500000000004 0.0036540000000000001 0.0038879999999999995 0.0036710000000000002 0.00096400000000000001 0.0010380000000000001 0.00097900000000000005 26.403496945084981 26.403496945084981 26.403496945084981 0.021019858741672944 0.021019858741672944 0.021019858741672944 1 1 1 Converged Converged Converged OK OK OK 82 82 82 82 82 82 6 6 6 0 0 0 0 1 0 0 1
26 26 linear 2 23 262 3 0.001 0.95706559902899802 0.5801302545747945 0.0006985044970015228 0.14932231710787916 0.4672930464796427 0.14946201800727946 0.5 0.20191579277888169 29.433520138071017 OK 14 13 0.44479600000000002 0.53866899999999995 0.12967200000000001 0.31048500000000001 0.191527 0 0.13431100000000001 0.34714199999999995 0.12967200000000001 0.011327 0.011431999999999999 0.010586999999999999 0.10104899999999999 0.313693 0.09804800000000001 0.0038370000000000001 0.0037270000000000003 0.0036349999999999998 0.001049 0.0010170000000000001 0.00098700000000000003 29.433937221007007 29.433937221007007 29.433937221007007 0.021111622199805259 0.021111622199805259 0.021111622199805259 1 1 1 Converged Converged Converged OK OK OK 82 82 82 82 82 82 6 6 6 0 0 0 0 1 0 0 1
26 26 linear 2 0 262 0 0.0001 0.95706559902899802 0.5801302545747945 0.0006985044970015228 0.14932231710787916 0.4672930464796427 0.14918261620847886 0.5 0.20219519457768229 21.874788083228061 OK 15 14 0.55713900000000005 0.552118 0.235454 0.317743 0.31692799999999999 0 0.23939600000000005 0.23519000000000001 0.235454 0.014766 0.014900999999999999 0.015125 0.17356199999999999 0.169181 0.16878600000000005 0.0070559999999999998 0.0068500000000000002 0.0075109999999999994 0.001642 0.001604 0.0016689999999999999 21.874772462291798 21.874772462291798 21.874772462291798 0.00067684524151492181 0.00067684524151492181 0.00067684524151492181 1 1 1 Converged Converged Converged OK OK OK 138 138 138 138 138 138 6 6 6 0 0 0 0 0 1 0 0
26 26 linear 2 7 262 1 0.0001 0.95706559902899802 0.5801302545747945 0.0006985044970015228 0.14932231710787916 0.4672930464796427 0.1492676515385486 0.5 0.20211015924761255 23.394477807513322 OK 15 14 0.54702600000000001 0.77398199999999995 0.21514800000000001 0.32492500000000002 0.21682299999999999 0 0.22210099999999999 0.55715899999999996 0.21514800000000001 0.014385999999999999 0.014317 0.01372 0.169325 0.50372800000000018 0.16344699999999998 0.0069359999999999995 0.0071620000000000008 0.0069630000000000004 0.0016000000000000001 0.001593 0.001619 23.394451232348942 23.394451232348942 23.394451232348942 0.00069749942467288765 0.00069749942467288765 0.00069749942467288765 1 1 1 Converged Converged Converged OK OK OK 138 138 138 138 138 138 6 6 6 0 0 0 0 1 0 0 1
26 26 linear 2 15 262 2 0.0001 0.95706559902899802 0.5801302545747945 0.0006985044970015228 0.14932231710787916 0.4672930464796427 0.14936483477291404 0.5 0.20201297601324711 26.403967942979023 OK 14 13 0.48132799999999998 0.69384000000000001 0.19470100000000001 0.28072999999999998 0.18831700000000001 0 0.200598 0.50552299999999994 0.19470100000000001 0.011534000000000001 0.011795 0.011159000000000001 0.15585599999999997 0.45951700000000012 0.15077599999999997 0.0061659999999999996 0.006581 0.0063380000000000008 0.0014069999999999998 0.0015200000000000001 0.0014250000000000001 26.403869671065738 26.403869671065738 26.403869671065738 0.0018675299567643571 0.0018675299567643571 0.0018675299567643571 1 1 1 Converged Converged Converged OK OK OK 130 130 130 130 130 130 6 6 6 0 0 0 0 1 0 0 1
26 26 linear 2 23 262 3 0.0001 0.95706559902899802 0.5801302545747945 0.0006985044970015228 0.14932231710787916 0.4672930464796427 0.14946201800727946 0.5 0.20191579277888169 29.433520138071017 OK 14 13 0.490122 0.66750399999999999 0.17191000000000001 0.31274099999999999 0.19437499999999999 0 0.17738100000000001 0.47312900000000002 0.17191000000000001 0.011153 0.011228 0.010612999999999999 0.13619899999999999 0.43107899999999982 0.13204599999999994 0.0056360000000000004 0.0057400000000000003 0.0053689999999999996 0.0012980000000000001 0.001271 0.0012500000000000002 29.433610215619275 29.433610215619275 29.433610215619275 0.0019308373434931442 0.0019308373434931442 0.0019308373434931442 1 1 1 Converged Converged Converged OK OK OK 114 114 114 114 114 114 6 6 6 0 0 0 0 1 0 0 1
26 26 linear 3 0 263 0 0.001 0.95706559902899802 0.5801302545747945 0.0006985044970015228 0.2289890283450092 -0.0051248183566007131 0.2288493274456089 0.5 0.12252848334055225 10.477933969143239 OK 13 12 0.65413699999999997 0.64735399999999998 0.117479 0.53298699999999999 0.52909700000000004 0 0.12114999999999998 0.11825699999999995 0.117479 0.0095670000000000009 0.0094260000000000004 0.0092739999999999993 0.092728000000000005 0.090180999999999997 0.089601999999999973 0.0026930000000000001 0.002787 0.0027239999999999999 0.00061400000000000007 0.00058900000000000001 0.00057199999999999992 10.477879583609186 10.477879583609186 10.477879583609186 0.0088612457859337714 0.0088612457859337714 0.0088612457859337714 1 1 1 Converged Converged Converged OK OK OK 53 53 53 53 53 53 3 3 3 0 0 0 0 0 1 0 0
26 26 linear 3 7 263 1 0.001 0.95706559902899802 0.5801302545747945 0.0006985044970015228 0.2289890283450092 -0.0051248183566007131 0.22893436277567863 0.5 0.12244344801048251 10.506159727522201 OK 13 12 0.55322300000000002 0.51332100000000003 0.11543200000000001 0.43126399999999998 0.29947800000000002 0 0.12195900000000004 0.21384300000000001 0.11543200000000001 0.0089440000000000006 0.0088330000000000006 0.0082640000000000005 0.096289999999999987 0.188056 0.09085399999999999 0.0027780000000000001 0.0027520000000000001 0.0026919999999999999 0.00056400000000000005 0.00056599999999999999 0.00054699999999999996 10.506105288489451 10.506105288489451 10.506105288489451 0.0088610799344684167 0.0088610799344684167 0.0088610799344684167 1 1 1 Converged Converged Converged OK OK OK 53 53 53 53 53 53 3 3 3 0 0 0 0 1 0 0 1
26 26 linear 3 15 263 2 0.001 0.95706559902899802 0.5801302545747945 0.0006985044970015228 0.2289890283450092 -0.0051248183566007131 0.22903154601004408 0.5 0.12234626477611707 10.538577219105502 OK 13 12 0.64143700000000003 0.61050700000000002 0.117907 0.51937 0.39179199999999997 0 0.12206700000000004 0.21871500000000005 0.117907 0.0087460000000000003 0.0088059999999999996 0.0081849999999999996 0.096539000000000028 0.19290199999999996 0.09349200000000002 0.002679 0.002826 0.002686 0.000562 0.00058500000000000002 0.00055199999999999997 10.538522718100191 10.538522718100191 10.538522718100191 0.0088608902912889424 0.0088608902912889424 0.0088608902912889424 1 1 1 Converged Converged Converged OK OK OK 53 53 53 53 53 53 3 3 3 0 0 0 0 1 0 0 1
26 26 linear 3 23 263 3 0.001 0.95706559902899802 0.5801302545747945 0.0006985044970015228 0.2289890283450092 -0.0051248183566007131 0.2291287292444095 0.5 0.12224908154175165 10.5711656660849 OK 13 12 0.442886 0.42052600000000001 0.119779 0.31936300000000001 0.211677 0 0.12352299999999999 0.20884900000000001 0.119779 0.0087469999999999996 0.0088380000000000004 0.0081829999999999993 0.098253000000000021 0.18312000000000006 0.095625999999999975 0.0026810000000000002 0.0026830000000000001 0.0026020000000000001 0.000571 0.00056599999999999999 0.00054500000000000002 10.57111110647995 10.57111110647995 10.57111110647995 0.0088607005443402768 0.0088607005443402768 0.0088607005443402768 1 1 1 Converged Converged Converged OK OK OK 53 53 53 53 53 53 3 3 3 0 0 0 0 1 0 0 1
26 26 linear 3 0 263 0 0.0001 0.95706559902899802 0.5801302545747945 0.0006985044970015228 0.2289890283450092 -0.0051248183566007131 0.2288493274456089 0.5 0.12252848334055225 10.477933969143239 OK 13 12 0.66598199999999996 0.66742699999999999 0.132775 0.52846700000000002 0.533443 0 0.13751499999999994 0.13398399999999999 0.132775 0.0095429999999999994 0.0095530000000000007 0.0091229999999999992 0.105271 0.10225899999999999 0.10206799999999995 0.0033189999999999999 0.0030779999999999996 0.0031080000000000001 0.00076499999999999995 0.00079600000000000005 0.00072999999999999996 10.477928759048078 10.477928759048078 10.477928759048078 0.00054627293205002862 0.00054627293205002862 0.00054627293205002862 1 1 1 Converged Converged Converged OK OK OK 61 61 61 61 61 61 3 3 3 0 0 0 0 0 1 0 0
26 26 linear 3 7 263 1 0.0001 0.95706559902899802 0.5801302545747945 0.0006985044970015228 0.2289890283450092 -0.0051248183566007131 0.22893436277567863 0.5 0.12244344801048251 10.506159727522201 OK 13 12 0.56905799999999995 0.546736 0.130076 0.43504799999999999 0.29406199999999999 0 0.13400999999999996 0.25267400000000001 0.130076 0.0087770000000000001 0.0087600000000000004 0.0082070000000000008 0.10594499999999997 0.22431299999999996 0.103132 0.0031400000000000004 0.0031649999999999998 0.0031110000000000005 0.000687 0.00070399999999999998 0.00067999999999999983 10.506154463674648 10.506154463674648 10.506154463674648 0.00054614997807741041 0.00054614997807741041 0.00054614997807741041 1 1 1 Converged Converged Converged OK OK OK 61 61 61 61 61 61 3 3 3 0 0 0 0 1 0 0 1
26 26 linear 3 15 263 2 0.0001 0.95706559902899802 0.5801302545747945 0.0006985044970015228 0.2289890283450092 -0.0051248183566007131 0.22903154601004408 0.5 0.12234626477611707 10.538577219105502 OK 13 12 0.66305599999999998 0.652721 0.132798 0.525671 0.39446300000000001 0 0.13738499999999998 0.25825799999999999 0.132798 0.0086510000000000007 0.0088330000000000006 0.0082400000000000008 0.10949499999999997 0.22952299999999995 0.10599400000000002 0.0031739999999999997 0.003264 0.003088 0.00068599999999999998 0.00070899999999999999 0.00067400000000000001 10.538571892994568 10.538571892994568 10.538571892994568 0.00054600950746891744 0.00054600950746891744 0.00054600950746891744 1 1 1 Converged Converged Converged OK OK OK 61 61 61 61 61 61 3 3 3 0 0 0 0 1 0 0 1
26 26 linear 3 23 263 3 0.0001 0.95706559902899802 0.5801302545747945 0.0006985044970015228 0.2289890283450092 -0.0051248183566007131 0.2291287292444095 0.5 0.12224908154175165 10.5711656660849 OK 13 12 0.45416800000000002 0.45604299999999998 0.134522 0.31486500000000001 0.20724100000000001 0 0.13930300000000001 0.24880199999999997 0.134522 0.0087379999999999992 0.0088489999999999992 0.008182 0.11157000000000007 0.22050700000000009 0.10783399999999999 0.0030129999999999996 0.0031199999999999999 0.0030130000000000001 0.000678 0.00070200000000000004 0.000669 10.57116028108258 10.57116028108258 10.57116028108258 0.00054586908978787054 0.00054586908978787054 0.00054586908978787054 1 1 1 Converged Converged Converged OK OK OK 61 61 61 61 61 61 3 3 3 0 0 0 0 1 0 0 1
26 26 linear 4 0 264 0 0.001 0.95706559902899802 0.5801302545747945 0.0006985044970015228 0.22351648412884195 -0.64120983382812557 0.22337678322944166 0.5 0.12800102755671949 14.662833050603087 OK 15 14 0.50194300000000003 0.49329099999999998 0.15983700000000001 0.33872099999999999 0.33248100000000003 0 0.16322200000000003 0.16080999999999995 0.15983700000000001 0.014356000000000001 0.014357999999999999 0.013965999999999999 0.11403800000000001 0.11171299999999998 0.11118499999999995 0.0048049999999999994 0.0048690000000000001 0.0048060000000000004 0.0010870000000000001 0.0011080000000000003 0.0010579999999999999 14.662824183134635 14.662824183134635 14.662824183134635 0.013457901712739659 0.013457901712739659 0.013457901712739659 1 1 1 Converged Converged Converged OK OK OK 91 91 91 91 91 91 5 5 5 0 0 0 0 0 1 0 0
26 26 linear 4 7 264 1 0.001 0.95706559902899802 0.5801302545747945 0.0006985044970015228 0.22351648412884195 -0.64120983382812557 0.22346181855951139 0.5 0.12791599222664976 14.525455640368328 OK 15 14 0.47778799999999999 0.58101999999999998 0.14877699999999999 0.31959599999999999 0.21489800000000001 0 0.158192 0.36612199999999995 0.14877699999999999 0.013686 0.013814 0.012787 0.11551800000000002 0.32350600000000013 0.10832699999999995 0.0051370000000000009 0.0048549999999999999 0.0046800000000000001 0.0010919999999999999 0.001036 0.0010150000000000001 14.525446846625991 14.525446846625991 14.525446846625991 0.013153605496372966 0.013153605496372966 0.013153605496372966 1 1 1 Converged Converged Converged OK OK OK 91 91 91 91 91 91 5 5 5 0 0 0 0 1 0 0 1
26 26 linear 4 15 264 2 0.001 0.95706559902899802 0.5801302545747945 0.0006985044970015228 0.22351648412884195 -0.64120983382812557 0.22355900179387683 0.5 0.12781880899228432 14.378022454123757 OK 15 14 0.49948999999999999 0.60065999999999997 0.15116199999999999 0.34472000000000003 0.22348199999999999 0 0.15476999999999996 0.37717800000000001 0.15116199999999999 0.013469 0.016936 0.012840000000000001 0.11318999999999999 0.33147699999999997 0.11054400000000002 0.004901 0.0049790000000000008 0.0048820000000000001 0.0010269999999999999 0.001057 0.0010380000000000001 14.378013829706273 14.378013829706273 14.378013829706273 0.012839253012397226 0.012839253012397226 0.012839253012397226 1 1 1 Converged Converged Converged OK OK OK 91 91 91 91 91 91 5 5 5 0 0 0 0 1 0 0 1
26 26 linear 4 23 264 3 0.001 0.95706559902899802 0.5801302545747945 0.0006985044970015228 0.22351648412884195 -0.64120983382812557 0.22365618502824225 0.5 0.1277216257579189 14.239866688565584 OK 15 14 0.47817399999999999 0.57928299999999999 0.15465999999999999 0.31957400000000002 0.21585299999999999 0 0.15859999999999996 0.36343000000000003 0.15465999999999999 0.01346 0.013469 0.01278 0.11714899999999998 0.32105799999999984 0.11434599999999998 0.0047289999999999997 0.0051180000000000002 0.004751 0.0010620000000000002 0.0010249999999999999 0.001026 14.239858189205608 14.239858189205608 14.239858189205608 0.012555812967640259 0.012555812967640259 0.012555812967640259 1 1 1 Converged Converged Converged OK OK OK 91 91 91 91 91 91 5 5 5 0 0 0 0 1 0 0 1
26 26 linear 4 0 264 0 0.0001 0.95706559902899802 0.5801302545747945 0.0006985044970015228 0.22351648412884195 -0.64120983382812557 0.22337678322944166 0.5 0.12800102755671949 14.662833050603087 OK 15 14 0.579318 0.56637000000000004 0.236036 0.338084 0.330623 0 0.241234 0.23574700000000004 0.236036 0.01435 0.014161 0.013939 0.17188000000000006 0.16751800000000006 0.16731100000000002 0.0076179999999999998 0.0073410000000000003 0.0075729999999999999 0.00142 0.0014369999999999997 0.0014220000000000001 14.662824088112044 14.662824088112044 14.662824088112044 0.00027822509331747766 0.00027822509331747766 0.00027822509331747766 1 1 1 Converged Converged Converged OK OK OK 139 139 139 139 139 139 5 5 5 0 0 0 0 0 1 0 0
26 26 linear 4 7 264 1 0.0001 0.95706559902899802 0.5801302545747945 0.0006985044970015228 0.22351648412884195 -0.64120983382812557 0.22346181855951139 0.5 0.12791599222664976 14.525455640368328 OK 15 14 0.54737899999999995 0.77871400000000002 0.21670800000000001 0.32012600000000002 0.21047399999999999 0 0.22725299999999993 0.56824000000000008 0.21670800000000001 0.01338 0.013540999999999999 0.012814000000000001 0.17033400000000007 0.51078299999999988 0.16130199999999997 0.0074830000000000001 0.0075780000000000005 0.0073530000000000002 0.001438 0.0014180000000000002 0.0014249999999999998 14.525446759082502 14.525446759082502 14.525446759082502 0.0002781144278260523 0.0002781144278260523 0.0002781144278260523 1 1 1 Converged Converged Converged OK OK OK 139 139 139 139 139 139 5 5 5 0 0 0 0 1 0 0 1
26 26 linear 4 15 264 2 0.0001 0.95706559902899802 0.5801302545747945 0.0006985044970015228 0.22351648412884195 -0.64120983382812557 0.22355900179387683 0.5 0.12781880899228432 14.378022454123757 OK 15 14 0.57447300000000001 0.79101100000000002 0.22079299999999999 0.34765099999999999 0.22038199999999999 0 0.22682200000000002 0.57062900000000005 0.22079299999999999 0.013381000000000001 0.013507999999999999 0.012763999999999999 0.17028599999999999 0.51336500000000007 0.16566000000000008 0.0076779999999999999 0.0075820000000000011 0.0074790000000000004 0.0013969999999999998 0.0014419999999999999 0.0013989999999999999 14.378013749731892 14.378013749731892 14.378013749731892 0.00027799282712214152 0.00027799282712214152 0.00027799282712214152 1 1 1 Converged Converged Converged OK OK OK 139 139 139 139 139 139 5 5 5 0 0 0 0 1 0 0 1
26 26 linear 4 23 264 3 0.0001 0.95706559902899802 0.5801302545747945 0.0006985044970015228 0.22351648412884195 -0.64120983382812557 0.22365618502824225 0.5 0.1277216257579189 14.239866688565584 OK 15 14 0.55179 0.78588999999999998 0.22475899999999999 0.31842500000000001 0.21867700000000001 0 0.23336499999999999 0.56721299999999997 0.22475899999999999 0.013292999999999999 0.013544 0.012762000000000001 0.17734100000000011 0.50948099999999996 0.16948400000000008 0.0073329999999999992 0.0078290000000000009 0.0074190000000000002 0.0013749999999999997 0.0014019999999999998 0.0013839999999999998 14.239858115918453 14.239858115918453 14.239858115918453 0.00027787561046391495 0.00027787561046391495 0.00027787561046391495 1 1 1 Converged Converged Converged OK OK OK 139 139 139 139 139 139 5 5 5 0 0 0 0 1 0 0 1
26 26 uniform 0 0 265 0 0.001 0.95706559902899802 0.5801302545747945 0.0006985044970015228 -0.12782387796987851 -0.6959514905755394 -0.12796357886927881 0 0.47934138965543993 32.749094798302956 OK 13 12 0.55093700000000001 0.55103199999999997 0.153888 0.39607500000000001 0.39429700000000001 0 0.154862 0.15673499999999996 0.153888 0.010214000000000001 0.010342 0.0099950000000000004 0.12071599999999998 0.12245400000000001 0.119945 0.003065 0.0031020000000000002 0.0031939999999999998 0.00086600000000000002 0.000843 0.00087200000000000005 32.749116198561538 32.749116198561538 32.749116198561538 0.01211951519329129 0.01211951519329129 0.01211951519329129 1 1 1 Converged Converged Converged OK OK OK 75 75 75 75 75 75 5 5 5 0 0 0 0 0 1 0 0
26 26 uniform 0 7 265 1 0.001 0.95706559902899802 0.5801302545747945 0.0006985044970015228 -0.12782387796987851 -0.6959514905755394 -0.12787854353920908 0 0.47925635432537023 32.683584254860527 OK 13 12 0.53452 0.52710599999999996 0.13853399999999999 0.39343800000000001 0.25872200000000001 0 0.14108199999999999 0.26838399999999996 0.13853399999999999 0.0092119999999999997 0.0090589999999999993 0.0085400000000000007 0.11285700000000001 0.24102699999999999 0.11197599999999999 0.0033380000000000003 0.0030700000000000002 0.003081 0.00086299999999999994 0.00082700000000000004 0.000825 32.683706044108497 32.683706044108497 32.683706044108497 0.012961444127229153 0.012961444127229153 0.012961444127229153 1 1 1 Converged Converged Converged OK OK OK 75 75 75 75 75 75 5 5 5 0 0 0 0 1 0 0 1
26 26 uniform 0 15 265 2 0.001 0.95706559902899802 0.5801302545747945 0.0006985044970015228 -0.12782387796987851 -0.6959514905755394 -0.12778136030484363 0 0.47915917109100481 32.260114369737735 OK 13 12 0.61365499999999995 0.58620799999999995 0.17030200000000001 0.44595600000000002 0.29680800000000002 0 0.16769899999999993 0.28939999999999994 0.17030200000000001 0.0092119999999999997 0.0089999999999999993 0.0086960000000000006 0.13548499999999994 0.25691800000000004 0.13922599999999999 0.0038649999999999999 0.004189 0.003862 0.00097800000000000014 0.001016 0.001023 32.259930630066449 32.25993063006571 32.259930630066449 0.023333640719836263 0.023333640721937356 0.023333640719836263 1 1 1 Converged Converged Converged OK OK OK 91 91 91 91 91 91 5 5 5 0 0 0 0 1 0 0 1
26 26 uniform 0 23 265 3 0.001 0.95706559902899802 0.5801302545747945 0.0006985044970015228 -0.12782387796987851 -0.6959514905755394 -0.12768417707047822 0 0.47906198785663934 31.438484543458635 OK 13 12 0.59021199999999996 0.61253800000000003 0.21168600000000001 0.37498999999999999 0.26740799999999998 0 0.21522199999999997 0.34513000000000005 0.21168600000000001 0.0089779999999999999 0.0094330000000000004 0.0083990000000000002 0.17732200000000006 0.30589399999999994 0.17612900000000004 0.0053340000000000002 0.0058880000000000009 0.004862 0.0011690000000000001 0.0011940000000000002 0.001093 31.438489050115955 31.438489050115955 31.438489050115955 0.0024422611633917362 0.0024422611633917362 0.0024422611633917362 1 1 1 Converged Converged Converged OK OK OK 107 107 107 107 107 107 5 5 5 0 0 0 0 1 0 0 1
26 26 uniform 0 0 265 0 0.0001 0.95706559902899802 0.5801302545747945 0.0006985044970015228 -0.12782387796987851 -0.6959514905755394 -0.12796357886927881 0 0.47934138965543993 32.749094798302956 OK 13 12 0.61467899999999998 0.610877 0.21451400000000001 0.39541300000000001 0.39316800000000002 0 0.21926599999999996 0.21770899999999999 0.21451400000000001 0.010465 0.010093 0.0097879999999999998 0.17560000000000001 0.17527700000000002 0.1715519999999999 0.0045789999999999997 0.0044679999999999997 0.0047689999999999998 0.001106 0.0010940000000000001 0.0011709999999999999 32.74909508018542 32.74909508018542 32.74909508018542 0.0026842383252658093 0.0026842383252658093 0.0026842383252658093 1 1 1 Converged Converged Converged OK OK OK 107 107 107 107 107 107 5 5 5 0 0 0 0 0 1 0 0
26 26 uniform 0 7 265 1 0.0001 0.95706559902899802 0.5801302545747945 0.0006985044970015228 -0.12782387796987851 -0.6959514905755394 -0.12787854353920908 0 0.47925635432537023 32.683584254860527 OK 13 12 0.60081899999999999 0.59560800000000003 0.20658599999999999 0.39345799999999997 0.25756699999999999 0 0.20736100000000002 0.33804100000000004 0.20658599999999999 0.0090030000000000006 0.0090060000000000001 0.0084229999999999999 0.17386799999999999 0.30392799999999998 0.17405599999999991 0.0044399999999999995 0.0047829999999999999 0.0043939999999999995 0.0010509999999999999 0.001075 0.0010390000000000002 32.683586331734354 32.683586331734354 32.683586331734354 0.0025516396511698694 0.0025516396511698694 0.0025516396511698694 1 1 1 Converged Converged Converged OK OK OK 107 107 107 107 107 107 5 5 5 0 0 0 0 1 0 0 1
26 26 uniform 0 15 265 2 0.0001 0.95706559902899802 0.5801302545747945 0.0006985044970015228 -0.12782387796987851 -0.6959514905755394 -0.12778136030484363 0 0.47915917109100481 32.260114369737735 OK 13 12 0.64667200000000002 0.61908700000000005 0.198822 0.44667099999999998 0.29467100000000002 0 0.20000100000000004 0.32441600000000004 0.198822 0.0092790000000000008 0.012305 0.0087290000000000006 0.16578399999999999 0.28691 0.16572000000000003 0.0046360000000000004 0.0047780000000000001 0.0045570000000000003 0.001111 0.0010739999999999999 0.001047 32.260112671678883 32.260112671678463 32.260112671678883 0.0030139317977123116 0.003013931798830615 0.0030139317977123116 1 1 1 Converged Converged Converged OK OK OK 107 107 107 107 107 107 5 5 5 0 0 0 0 1 0 0 1
26 26 uniform 0 23 265 3 0.0001 0.95706559902899802 0.5801302545747945 0.0006985044970015228 -0.12782387796987851 -0.6959514905755394 -0.12768417707047822 0 0.47906198785663934 31.438484543458635 OK 13 12 0.58164300000000002 0.60889000000000004 0.21161199999999999 0.36861100000000002 0.26838600000000001 0 0.213032 0.34050400000000003 0.21161199999999999 0.0089300000000000004 0.0093080000000000003 0.0083479999999999995 0.17916900000000002 0.30535000000000001 0.17911900000000008 0.0046499999999999996 0.0050889999999999998 0.0044889999999999999 0.001083 0.0011899999999999999 0.0011060000000000002 31.438489050115955 31.438489050115955 31.438489050115955 0.0024422611633917362 0.0024422611633917362 0.0024422611633917362 1 1 1 Converged Converged Converged OK OK OK 107 107 107 107 107 107 5 5 5 0 0 0 0 1 0 0 1
26 26 uniform 1 0 266 0 0.001 0.95706559902899802 0.5801302545747945 0.0006985044970015228 0.22360636881389503 0.0070752272150476142 0.22346666791449474 0 0.12791114287166641 55.117064786433566 OK 14 13 0.43504700000000002 0.43332199999999998 0.10233299999999999 0.33502700000000002 0.33288099999999998 0 0.10002 0.100441 0.10233299999999999 0.013329000000000001 0.013365 0.012924 0.068670000000000023 0.069144000000000011 0.071443999999999994 0.0023180000000000002 0.0022960000000000003 0.0023059999999999999 0.00064000000000000005 0.00063400000000000001 0.00064399999999999993 55.117008268694526 55.117008268694526 55.117008268694526 0.050100744982065806 0.050100744982065806 0.050100744982065806 1 1 1 Converged Converged Converged OK OK OK 59 59 59 59 59 59 5 5 5 0 0 0 0 0 1 0 0
26 26 uniform 1 7 266 1 0.001 0.95706559902899802 0.5801302545747945 0.0006985044970015228 0.22360636881389503 0.0070752272150476142 0.22355170324456447 0 0.12782610754159668 49.753965246491312 OK 14 13 0.457177 0.43223299999999998 0.12028800000000001 0.33424599999999999 0.211364 0 0.12293100000000001 0.22086899999999998 0.12028800000000001 0.012226000000000001 0.012415000000000001 0.011643000000000001 0.092275999999999983 0.19026900000000002 0.091181000000000026 0.0027179999999999999 0.0027179999999999999 0.0027079999999999999 0.00072900000000000005 0.00072599999999999997 0.00069999999999999999 49.753955669392127 49.753955669392127 49.753955669392127 0.012151218439898904 0.012151218439898904 0.012151218439898904 1 1 1 Converged Converged Converged OK OK OK 67 67 67 67 67 67 5 5 5 0 0 0 0 1 0 0 1
26 26 uniform 1 15 266 2 0.001 0.95706559902899802 0.5801302545747945 0.0006985044970015228 0.22360636881389503 0.0070752272150476142 0.22364888647892991 0 0.12772892430723123 43.427145424784754 OK 14 13 0.44961000000000001 0.43013899999999999 0.119841 0.32745400000000002 0.21240500000000001 0 0.12215599999999999 0.21773399999999998 0.119841 0.012357999999999999 0.012479000000000001 0.011735000000000001 0.092555999999999986 0.18811999999999993 0.09166500000000001 0.0027899999999999999 0.0027359999999999997 0.0027060000000000001 0.00073499999999999998 0.00070500000000000001 0.000696 43.427136142597703 43.427136142597703 43.427136142597703 0.012021106430637297 0.012021106430637297 0.012021106430637297 1 1 1 Converged Converged Converged OK OK OK 67 67 67 67 67 67 5 5 5 0 0 0 0 1 0 0 1
26 26 uniform 1 23 266 3 0.001 0.95706559902899802 0.5801302545747945 0.0006985044970015228 0.22360636881389503 0.0070752272150476142 0.22374606971329533 0 0.12763174107286582 36.894973490896533 OK 14 13 0.46596199999999999 0.46351100000000001 0.121674 0.34268399999999999 0.22234000000000001 0 0.123278 0.241171 0.121674 0.012311000000000001 0.012456999999999999 0.011675 0.09381600000000001 0.21139499999999994 0.093405000000000016 0.0026849999999999999 0.0027720000000000002 0.0026690000000000004 0.00071999999999999994 0.00071100000000000004 0.00069699999999999992 36.894964942541549 36.894964942541549 36.894964942541549 0.011913310678216649 0.011913310678216649 0.011913310678216649 1 1 1 Converged Converged Converged OK OK OK 67 67 67 67 67 67 5 5 5 0 0 0 0 1 0 0 1
26 26 uniform 1 0 266 0 0.0001 0.95706559902899802 0.5801302545747945 0.0006985044970015228 0.22360636881389503 0.0070752272150476142 0.22346666791449474 0 0.12791114287166641 55.117064786433566 OK 14 13 0.47177999999999998 0.46926699999999999 0.134157 0.33694000000000002 0.33477000000000001 0 0.13483999999999996 0.13449699999999998 0.134157 0.013216 0.013316 0.012931 0.096433999999999978 0.096407999999999994 0.096178999999999945 0.0031870000000000002 0.0031280000000000001 0.0030859999999999993 0.0008650000000000001 0.00084400000000000002 0.00085700000000000001 55.117066012931978 55.117066012931978 55.117066012931978 0.004116396548195865 0.004116396548195865 0.004116396548195865 1 1 1 Converged Converged Converged OK OK OK 75 75 75 75 75 75 5 5 5 0 0 0 0 0 1 0 0
26 26 uniform 1 7 266 1 0.0001 0.95706559902899802 0.5801302545747945 0.0006985044970015228 0.22360636881389503 0.0070752272150476142 0.22355170324456447 0 0.12782610754159668 49.753965246491312 OK 14 13 0.461918 0.46234900000000001 0.129272 0.330986 0.209817 0 0.13093199999999999 0.25253199999999998 0.129272 0.012246999999999999 0.012409999999999999 0.011705999999999999 0.099237000000000006 0.22004200000000004 0.098541999999999991 0.0030920000000000001 0.0033170000000000001 0.0030670000000000003 0.00084800000000000001 0.00090199999999999992 0.00082100000000000001 49.753965922360948 49.753965922360948 49.753965922360948 0.0039864191901911802 0.0039864191901911802 0.0039864191901911802 1 1 1 Converged Converged Converged OK OK OK 75 75 75 75 75 75 5 5 5 0 0 0 0 1 0 0 1
26 26 uniform 1 15 266 2 0.0001 0.95706559902899802 0.5801302545747945 0.0006985044970015228 0.22360636881389503 0.0070752272150476142 0.22364888647892991 0 0.12772892430723123 43.427145424784754 OK 14 13 0.46255600000000002 0.46684599999999998 0.13719700000000001 0.32971899999999998 0.21387999999999999 0 0.13283700000000004 0.25296600000000002 0.13719700000000001 0.012345 0.012444 0.011794000000000001 0.10098999999999998 0.21747799999999998 0.10059099999999999 0.0031420000000000003 0.0033060000000000003 0.0031510000000000002 0.00085099999999999998 0.00085800000000000004 0.0065079999999999999 43.427146395516601 43.427146395516601 43.427146395516601 0.0038563469381108903 0.0038563469381108903 0.0038563469381108903 1 1 1 Converged Converged Converged OK OK OK 75 75 75 75 75 75 5 5 5 0 0 0 0 1 0 0 1
26 26 uniform 1 23 266 3 0.0001 0.95706559902899802 0.5801302545747945 0.0006985044970015228 0.22360636881389503 0.0070752272150476142 0.22374606971329533 0 0.12763174107286582 36.894973490896533 OK 14 13 0.49102600000000002 0.55713299999999999 0.15001200000000001 0.33941700000000002 0.223826 0 0.15160899999999999 0.33330700000000002 0.15001200000000001 0.012274999999999999 0.012503999999999999 0.011682 0.11364999999999999 0.29377599999999993 0.11318599999999998 0.0040080000000000003 0.0045250000000000004 0.004045 0.0010420000000000002 0.0010609999999999999 0.00099700000000000006 36.894975195427179 36.894975195427179 36.894975195427179 0.0009537348622501359 0.0009537348622501359 0.0009537348622501359 1 1 1 Converged Converged Converged OK OK OK 91 91 91 91 91 91 5 5 5 0 0 0 0 1 0 0 1
26 26 uniform 2 0 267 0 0.001 0.95706559902899802 0.5801302545747945 0.0006985044970015228 0.14932231710787916 0.4672930464796427 0.14918261620847886 0 0.20219519457768229 22.02403528997289 OK 15 14 0.44742300000000002 0.44958799999999999 0.128492 0.31800800000000001 0.316415 0 0.129415 0.13317299999999999 0.128492 0.015063 0.015256 0.014881999999999999 0.085086999999999982 0.088501999999999997 0.084837000000000024 0.0036059999999999994 0.0037680000000000001 0.0035609999999999999 0.00091399999999999999 0.00092599999999999996 0.00088400000000000002 22.024037725695482 22.024037725695482 22.024037725695482 0.0155484802273373 0.0155484802273373 0.0155484802273373 1 1 1 Converged Converged Converged OK OK OK 82 82 82 82 82 82 6 6 6 0 0 0 0 0 1 0 0
26 26 uniform 2 7 267 1 0.001 0.95706559902899802 0.5801302545747945 0.0006985044970015228 0.14932231710787916 0.4672930464796427 0.1492676515385486 0 0.20211015924761255 23.623444006227327 OK 15 14 0.45891399999999999 0.57980200000000004 0.13430300000000001 0.32300800000000002 0.21467600000000001 0 0.13590599999999997 0.36512600000000006 0.13430300000000001 0.014166 0.014305 0.013635 0.094199000000000033 0.32317200000000001 0.093916000000000027 0.004561 0.00464 0.004437 0.001119 0.0010459999999999998 0.0010149999999999998 23.623442365220136 23.623442365220136 23.623442365220136 0.012683440036561995 0.012683440036561995 0.012683440036561995 1 1 1 Converged Converged Converged OK OK OK 98 98 98 98 98 98 6 6 6 0 0 0 0 1 0 0 1
26 26 uniform 2 15 267 2 0.001 0.95706559902899802 0.5801302545747945 0.0006985044970015228 0.14932231710787916 0.4672930464796427 0.14936483477291404 0 0.20201297601324711 27.012973766384775 OK 14 13 0.40522000000000002 0.51632 0.125171 0.27892800000000001 0.19098000000000001 0 0.12629200000000002 0.32533999999999996 0.125171 0.011653999999999999 0.011956 0.011077999999999999 0.092841000000000007 0.29094099999999995 0.092597999999999972 0.0038380000000000003 0.0041089999999999998 0.00381 0.0010089999999999999 0.00109 0.001011 27.012994078340679 27.012994078340679 27.012994078340679 0.024784701561169228 0.024784701561169228 0.024784701561169228 1 1 1 Converged Converged Converged OK OK OK 90 90 90 90 90 90 6 6 6 0 0 0 0 1 0 0 1
26 26 uniform 2 23 267 3 0.001 0.95706559902899802 0.5801302545747945 0.0006985044970015228 0.14932231710787916 0.4672930464796427 0.14946201800727946 0 0.20191579277888169 29.83537319962749 OK 14 13 0.428981 0.53584600000000004 0.117932 0.30908600000000003 0.188166 0 0.11989499999999997 0.34768000000000004 0.117932 0.011393 0.011344999999999999 0.010671999999999999 0.086599999999999996 0.31385700000000005 0.086061000000000012 0.0038639999999999998 0.0040439999999999999 0.0037880000000000006 0.00091499999999999991 0.00094600000000000001 0.00093199999999999989 29.835360619162383 29.835360619162383 29.835360619162383 0.025062297246250843 0.025062297246250843 0.025062297246250843 1 1 1 Converged Converged Converged OK OK OK 90 90 90 90 90 90 6 6 6 0 0 0 0 1 0 0 1
26 26 uniform 2 0 267 0 0.0001 0.95706559902899802 0.5801302545747945 0.0006985044970015228 0.14932231710787916 0.4672930464796427 0.14918261620847886 0 0.20219519457768229 22.02403528997289 OK 15 14 0.49830600000000003 0.49648199999999998 0.18304200000000001 0.31928400000000001 0.31635200000000002 0 0.17902200000000001 0.18012999999999996 0.18304200000000001 0.015136999999999999 0.014983 0.014711 0.11993599999999997 0.12016099999999995 0.12004199999999998 0.0059500000000000004 0.0057190000000000001 0.0059160000000000003 0.0013339999999999999 0.001286 0.001415 22.024034534958332 22.024034534958332 22.024034534958332 0.00061340080117220231 0.00061340080117220231 0.00061340080117220231 1 1 1 Converged Converged Converged OK OK OK 122 122 122 122 122 122 6 6 6 0 0 0 0 0 1 0 0
26 26 uniform 2 7 267 1 0.0001 0.95706559902899802 0.5801302545747945 0.0006985044970015228 0.14932231710787916 0.4672930464796427 0.1492676515385486 0 0.20211015924761255 23.623444006227327 OK 15 14 0.47894300000000001 0.63341099999999995 0.153423 0.32392100000000001 0.214444 0 0.15502199999999999 0.41896699999999998 0.153423 0.014368000000000001 0.01434 0.013745 0.10972299999999999 0.37318699999999999 0.108899 0.0054080000000000005 0.0054429999999999999 0.0053500000000000006 0.0011559999999999999 0.0011659999999999999 0.0011560000000000001 23.623442358338316 23.623442358338316 23.623442358338316 0.0015828540155722664 0.0015828540155722664 0.0015828540155722664 1 1 1 Converged Converged Converged OK OK OK 114 114 114 114 114 114 6 6 6 0 0 0 0 1 0 0 1
26 26 uniform 2 15 267 2 0.0001 0.95706559902899802 0.5801302545747945 0.0006985044970015228 0.14932231710787916 0.4672930464796427 0.14936483477291404 0 0.20201297601324711 27.012973766384775 OK 14 13 0.43367 0.59870400000000001 0.146509 0.28157900000000002 0.191665 0 0.15209099999999998 0.40703900000000004 0.146509 0.011679999999999999 0.011568 0.011114000000000001 0.11268200000000009 0.36670499999999989 0.10816600000000003 0.0051689999999999991 0.0056499999999999996 0.0051240000000000001 0.001359 0.0013160000000000001 0.0012819999999999999 27.012987185053202 27.012987185053202 27.012987185053202 0.0021826636690060013 0.0021826636690060013 0.0021826636690060013 1 1 1 Converged Converged Converged OK OK OK 114 114 114 114 114 114 6 6 6 0 0 0 0 1 0 0 1
26 26 uniform 2 23 267 3 0.0001 0.95706559902899802 0.5801302545747945 0.0006985044970015228 0.14932231710787916 0.4672930464796427 0.14946201800727946 0 0.20191579277888169 29.83537319962749 OK 14 13 0.454154 0.61721499999999996 0.14041999999999999 0.31162800000000002 0.19392999999999999 0 0.14252599999999999 0.42328499999999997 0.14041999999999999 0.011403 0.011233 0.010548 0.10359899999999994 0.38323499999999999 0.102952 0.004999 0.0054699999999999992 0.0049949999999999994 0.0012149999999999999 0.0012780000000000001 0.0012029999999999999 29.835385055868375 29.835385055868375 29.835385055868375 0.0017099174357967217 0.0017099174357967217 0.0017099174357967217 1 1 1 Converged Converged Converged OK OK OK 114 114 114 114 114 114 6 6 6 0 0 0 0 1 0 0 1
26 26 uniform 3 0 268 0 0.001 0.95706559902899802 0.5801302545747945 0.0006985044970015228 0.2289890283450092 -0.0051248183566007131 0.2288493274456089 0 0.12252848334055225 10.478540927401459 OK 13 12 0.63393999999999995 0.63002899999999995 0.099475999999999995 0.53341799999999995 0.52957399999999999 0 0.100522 0.10045499999999996 0.099475999999999995 0.0095829999999999995 0.0094269999999999996 0.0091400000000000006 0.07469899999999996 0.075132999999999991 0.074663000000000007 0.0021540000000000001 0.0021650000000000003 0.0021420000000000002 0.00060499999999999996 0.00059599999999999996 0.00054799999999999998 10.478540859158553 10.478540859158553 10.478540859158553 0.0036765573120641081 0.0036765573120641081 0.0036765573120641081 1 1 1 Converged Converged Converged OK OK OK 45 45 45 45 45 45 3 3 3 0 0 0 0 0 1 0 0
26 26 uniform 3 7 268 1 0.001 0.95706559902899802 0.5801302545747945 0.0006985044970015228 0.2289890283450092 -0.0051248183566007131 0.22893436277567863 0 0.12244344801048251 10.506772999381553 OK 13 12 0.53057600000000005 0.467972 0.096323000000000006 0.433203 0.29372599999999999 0 0.097373000000000043 0.17424600000000001 0.096323000000000006 0.0087229999999999999 0.0089079999999999993 0.0082640000000000005 0.074715999999999991 0.15123699999999995 0.074507000000000004 0.0021619999999999999 0.0022320000000000005 0.0021510000000000001 0.00058100000000000003 0.00055699999999999999 0.00055000000000000003 10.506772931085033 10.506772931085033 10.506772931085033 0.003686280583583551 0.003686280583583551 0.003686280583583551 1 1 1 Converged Converged Converged OK OK OK 45 45 45 45 45 45 3 3 3 0 0 0 0 1 0 0 1
26 26 uniform 3 15 268 2 0.001 0.95706559902899802 0.5801302545747945 0.0006985044970015228 0.2289890283450092 -0.0051248183566007131 0.22903154601004408 0 0.12234626477611707 10.539197796744999 OK 13 12 0.62310100000000002 0.57016299999999998 0.09894 0.51954900000000004 0.39089200000000002 0 0.10355199999999998 0.17927099999999996 0.09894 0.0086800000000000002 0.0087589999999999994 0.0082939999999999993 0.080784999999999982 0.15652199999999997 0.077204999999999996 0.0021910000000000002 0.0022780000000000001 0.0021570000000000001 0.00056800000000000004 0.00057899999999999998 0.00054100000000000003 10.53919772831161 10.53919772831161 10.53919772831161 0.0036974440974239177 0.0036974440974239177 0.0036974440974239177 1 1 1 Converged Converged Converged OK OK OK 45 45 45 45 45 45 3 3 3 0 0 0 0 1 0 0 1
26 26 uniform 3 23 268 3 0.001 0.95706559902899802 0.5801302545747945 0.0006985044970015228 0.2289890283450092 -0.0051248183566007131 0.2291287292444095 0 0.12224908154175165 10.57179364650605 OK 13 12 0.415827 0.379743 0.099723000000000006 0.31472800000000001 0.20504500000000001 0 0.10109899999999999 0.17469799999999999 0.099723000000000006 0.0087299999999999999 0.0088249999999999995 0.0081840000000000003 0.078469999999999984 0.151838 0.078071999999999989 0.0021810000000000002 0.0022130000000000001 0.0021120000000000002 0.000553 0.00057200000000000003 0.00054199999999999995 10.571793582618515 10.571793582618515 10.571793582618515 0.0037086624039337495 0.0037086624039337495 0.0037086624039337495 1 1 1 Converged Converged Converged OK OK OK 45 45 45 45 45 45 3 3 3 0 0 0 0 1 0 0 1
26 26 uniform 3 0 268 0 0.0001 0.95706559902899802 0.5801302545747945 0.0006985044970015228 0.2289890283450092 -0.0051248183566007131 0.2288493274456089 0 0.12252848334055225 10.478540927401459 OK 13 12 0.64429499999999995 0.64531300000000003 0.11738999999999999 0.52641199999999999 0.52779299999999996 0 0.11788299999999996 0.11752000000000007 0.11738999999999999 0.0094560000000000009 0.0093690000000000006 0.0090419999999999997 0.086874000000000021 0.086924000000000001 0.087090000000000001 0.003019 0.0029890000000000003 0.0029700000000000004 0.00070500000000000001 0.00068000000000000005 0.00066199999999999994 10.478540859129456 10.478540859129456 10.478540859129456 0.00011384955683333938 0.00011384955683333938 0.00011384955683333938 1 1 1 Converged Converged Converged OK OK OK 61 61 61 61 61 61 3 3 3 0 0 0 0 0 1 0 0
26 26 uniform 3 7 268 1 0.0001 0.95706559902899802 0.5801302545747945 0.0006985044970015228 0.2289890283450092 -0.0051248183566007131 0.22893436277567863 0 0.12244344801048251 10.506772999381553 OK 13 12 0.55124799999999996 0.53344800000000003 0.115261 0.434392 0.296759 0 0.11685599999999996 0.23668900000000004 0.115261 0.0089519999999999999 0.0088039999999999993 0.0083350000000000004 0.088757999999999976 0.20872700000000008 0.08847499999999997 0.0030160000000000005 0.0030430000000000001 0.0029390000000000002 0.00067299999999999999 0.00066600000000000003 0.00065099999999999999 10.506772931056956 10.506772931056956 10.506772931056956 0.00011382391627680436 0.00011382391627680436 0.00011382391627680436 1 1 1 Converged Converged Converged OK OK OK 61 61 61 61 61 61 3 3 3 0 0 0 0 1 0 0 1
26 26 uniform 3 15 268 2 0.0001 0.95706559902899802 0.5801302545747945 0.0006985044970015228 0.2289890283450092 -0.0051248183566007131 0.22903154601004408 0 0.12234626477611707 10.539197796744999 OK 13 12 0.64120699999999997 0.63439000000000001 0.117535 0.52186299999999997 0.389096 0 0.11934400000000001 0.24529400000000001 0.117535 0.0089119999999999998 0.0088109999999999994 0.0082539999999999992 0.091424999999999992 0.21724299999999999 0.091124999999999984 0.0029979999999999998 0.003189 0.0029480000000000001 0.00067900000000000002 0.00068700000000000011 0.00065899999999999997 10.539197728277985 10.539197728277985 10.539197728277985 0.00011379462161618268 0.00011379462161618268 0.00011379462161618268 1 1 1 Converged Converged Converged OK OK OK 61 61 61 61 61 61 3 3 3 0 0 0 0 1 0 0 1
26 26 uniform 3 23 268 3 0.0001 0.95706559902899802 0.5801302545747945 0.0006985044970015228 0.2289890283450092 -0.0051248183566007131 0.2291287292444095 0 0.12224908154175165 10.57179364650605 OK 13 12 0.43916300000000003 0.43930399999999997 0.123239 0.31839600000000001 0.20672199999999999 0 0.12076700000000001 0.23258199999999998 0.123239 0.0088280000000000008 0.0086969999999999999 0.0082140000000000008 0.09308000000000001 0.20491799999999999 0.096626999999999991 0.003068 0.0030850000000000001 0.002993 0.00066399999999999999 0.00066599999999999993 0.00067400000000000001 10.571793582583478 10.571793582583478 10.571793582583478 0.0001137653390378918 0.0001137653390378918 0.0001137653390378918 1 1 1 Converged Converged Converged OK OK OK 61 61 61 61 61 61 3 3 3 0 0 0 0 1 0 0 1
26 26 uniform 4 0 269 0 0.001 0.95706559902899802 0.5801302545747945 0.0006985044970015228 0.22351648412884195 -0.64120983382812557 0.22337678322944166 0 0.12800102755671949 14.695704502736829 OK 15 14 0.455146 0.45744800000000002 0.123987 0.331013 0.33267099999999999 0 0.12413299999999999 0.12477700000000003 0.123987 0.014102 0.014404999999999999 0.013972 0.082056000000000032 0.082458999999999949 0.081985999999999989 0.0035690000000000006 0.0036580000000000002 0.0036599999999999996 0.00089899999999999995 0.00093099999999999997 0.00088099999999999984 14.695704307412475 14.695704307412475 14.695704307412475 0.0071846869574493143 0.0071846869574493143 0.0071846869574493143 1 1 1 Converged Converged Converged OK OK OK 75 75 75 75 75 75 5 5 5 0 0 0 0 0 1 0 0
26 26 uniform 4 7 269 1 0.001 0.95706559902899802 0.5801302545747945 0.0006985044970015228 0.22351648412884195 -0.64120983382812557 0.22346181855951139 0 0.12791599222664976 14.555768376576776 OK 15 14 0.43486900000000001 0.50685400000000003 0.112635 0.316251 0.210337 0 0.118618 0.29651700000000003 0.112635 0.013554999999999999 0.013480000000000001 0.012793000000000001 0.082085000000000033 0.25936599999999999 0.07754400000000003 0.0036200000000000004 0.0038589999999999996 0.0035579999999999995 0.00088699999999999977 0.00088200000000000008 0.00086000000000000009 14.555768189591948 14.555768189591948 14.555768189591948 0.0069835518724949098 0.0069835518724949098 0.0069835518724949098 1 1 1 Converged Converged Converged OK OK OK 75 75 75 75 75 75 5 5 5 0 0 0 0 1 0 0 1
26 26 uniform 4 15 269 2 0.001 0.95706559902899802 0.5801302545747945 0.0006985044970015228 0.22351648412884195 -0.64120983382812557 0.22355900179387683 0 0.12781880899228432 14.405757940492421 OK 15 14 0.46070299999999997 0.53198400000000001 0.115881 0.342831 0.225857 0 0.11787199999999998 0.30612700000000004 0.115881 0.013542 0.013587999999999999 0.012766 0.081482000000000041 0.26910199999999995 0.080799999999999983 0.0036830000000000001 0.0038669999999999998 0.003673 0.00091599999999999993 0.00088699999999999998 0.00086700000000000004 14.405757764267021 14.405757764267021 14.405757764267021 0.0067752279442187431 0.0067752279442187431 0.0067752279442187431 1 1 1 Converged Converged Converged OK OK OK 75 75 75 75 75 75 5 5 5 0 0 0 0 1 0 0 1
26 26 uniform 4 23 269 3 0.001 0.95706559902899802 0.5801302545747945 0.0006985044970015228 0.22351648412884195 -0.64120983382812557 0.22365618502824225 0 0.1277216257579189 14.265336921306581 OK 15 14 0.43903700000000001 0.52150099999999999 0.119564 0.31700899999999999 0.21551899999999999 0 0.12202800000000003 0.30598199999999998 0.119564 0.013498 0.013576 0.012662 0.085557000000000008 0.26906000000000008 0.084590999999999986 0.0036579999999999994 0.0038379999999999998 0.0036649999999999999 0.00087900000000000001 0.00088699999999999998 0.00088199999999999997 14.265336763920214 14.265336763920214 14.265336763920214 0.0065867616714697253 0.0065867616714697253 0.0065867616714697253 1 1 1 Converged Converged Converged OK OK OK 75 75 75 75 75 75 5 5 5 0 0 0 0 1 0 0 1
26 26 uniform 4 0 269 0 0.0001 0.95706559902899802 0.5801302545747945 0.0006985044970015228 0.22351648412884195 -0.64120983382812557 0.22337678322944166 0 0.12800102755671949 14.695704502736829 OK 15 14 0.49723600000000001 0.496867 0.161304 0.33420699999999998 0.33362000000000003 0 0.16302900000000003 0.16324699999999998 0.161304 0.014260999999999999 0.014435999999999999 0.013728000000000001 0.107808 0.108181 0.10749599999999998 0.005457 0.0052820000000000002 0.005293 0.0011920000000000001 0.001173 0.0011819999999999999 14.695704311153214 14.695704311153214 14.695704311153214 0.0012814681819381772 0.0012814681819381772 0.0012814681819381772 1 1 1 Converged Converged Converged OK OK OK 107 107 107 107 107 107 5 5 5 0 0 0 0 0 1 0 0
26 26 uniform 4 7 269 1 0.0001 0.95706559902899802 0.5801302545747945 0.0006985044970015228 0.22351648412884195 -0.64120983382812557 0.22346181855951139 0 0.12791599222664976 14.555768376576776 OK 15 14 0.46787099999999998 0.61968500000000004 0.14855099999999999 0.31760300000000002 0.21132300000000001 0 0.15026799999999996 0.408362 0.14855099999999999 0.013409000000000001 0.013478 0.012895999999999999 0.10368199999999997 0.36169299999999999 0.10362599999999997 0.0053010000000000002 0.0054989999999999995 0.0051759999999999992 0.0011519999999999998 0.0011560000000000001 0.0011329999999999999 14.55576819325174 14.55576819325174 14.55576819325174 0.0012844847901058898 0.0012844847901058898 0.0012844847901058898 1 1 1 Converged Converged Converged OK OK OK 107 107 107 107 107 107 5 5 5 0 0 0 0 1 0 0 1
26 26 uniform 4 15 269 2 0.0001 0.95706559902899802 0.5801302545747945 0.0006985044970015228 0.22351648412884195 -0.64120983382812557 0.22355900179387683 0 0.12781880899228432 14.405757940492421 OK 15 14 0.49712600000000001 0.63774500000000001 0.151258 0.343613 0.224997 0 0.15351300000000001 0.412748 0.151258 0.013521 0.013497 0.012751 0.10692999999999994 0.36549799999999988 0.10634200000000001 0.0054030000000000007 0.0057010000000000003 0.0053430000000000005 0.0011690000000000001 0.0012139999999999998 0.0011349999999999999 14.405757767829771 14.405757767829771 14.405757767829771 0.0012879728400057059 0.0012879728400057059 0.0012879728400057059 1 1 1 Converged Converged Converged OK OK OK 107 107 107 107 107 107 5 5 5 0 0 0 0 1 0 0 1
26 26 uniform 4 23 269 3 0.0001 0.95706559902899802 0.5801302545747945 0.0006985044970015228 0.22351648412884195 -0.64120983382812557 0.22365618502824225 0 0.1277216257579189 14.265336921306581 OK 15 14 0.473771 0.62289899999999998 0.155449 0.31712400000000002 0.215838 0 0.15664699999999998 0.40706100000000001 0.155449 0.013524 0.013462 0.012663000000000001 0.110779 0.36016500000000018 0.11070699999999997 0.0053769999999999998 0.0056720000000000017 0.005313 0.001189 0.0011789999999999997 0.0011590000000000001 14.265336767383154 14.265336767383154 14.265336767383154 0.0012915049114091918 0.0012915049114091918 0.0012915049114091918 1 1 1 Converged Converged Converged OK OK OK 107 107 107 107 107 107 5 5 5 0 0 0 0 1 0 0 1
27 27 linear 0 0 270 0 0.001 1.393853337219328 0.39270477068481835 0.034441735921877964 0.27534735268633986 0.045483908145788558 0.26845900550196428 0.5 0.12456962962781398 14.001219681744573 OK 14 13 0.44749100000000003 0.44753799999999999 0.16179199999999999 0.28134700000000001 0.27941300000000002 0 0.16614400000000001 0.16812499999999997 0.16179199999999999 0.012883 0.013145 0.012751 0.12360499999999995 0.124886 0.11950299999999994 0.0040079999999999994 0.0043509999999999998 0.0041849999999999995 0.0010690000000000001 0.001093 0.0010149999999999998 14.001245089334157 14.001245089334157 14.001245089334157 0.0084145712872146592 0.0084145712872146592 0.0084145712872146592 1 1 1 Converged Converged Converged OK OK OK 82 82 82 82 82 82 6 6 6 0 0 0 0 0 1 0 0
27 27 linear 0 7 270 1 0.001 1.393853337219328 0.39270477068481835 0.034441735921877964 0.27534735268633986 0.045483908145788558 0.27265191248375809 0.5 0.12037672264602017 13.334445050591023 OK 14 13 0.43067800000000001 0.35631800000000002 0.15079699999999999 0.274808 0.17510899999999999 0 0.15587000000000001 0.18120900000000004 0.15079699999999999 0.012312 0.012595 0.011731 0.120367 0.14501 0.11622000000000002 0.003947 0.0042969999999999996 0.0040130000000000001 0.0010069999999999999 0.0010539999999999998 0.00098499999999999998 13.334494876069092 13.334494876069092 13.334494876069092 0.0078103852809487282 0.0078103852809487282 0.0078103852809487282 1 1 1 Converged Converged Converged OK OK OK 82 82 82 82 82 82 6 6 6 0 0 0 0 1 0 0 1
27 27 linear 0 15 270 2 0.001 1.393853337219328 0.39270477068481835 0.034441735921877964 0.27534735268633986 0.045483908145788558 0.2774438061772368 0.5 0.11558482895254146 12.44515557234555 OK 14 13 0.45735799999999999 0.40029300000000001 0.174424 0.27684500000000001 0.16800100000000001 0 0.18051299999999998 0.232292 0.174424 0.012441000000000001 0.012437999999999999 0.011682 0.14272499999999999 0.19397099999999995 0.13755900000000001 0.0042929999999999999 0.0045360000000000001 0.0043280000000000002 0.00099600000000000014 0.00099700000000000006 0.0010040000000000001 12.445276068245716 12.445276068245716 12.445276068245716 0.0098545487566773261 0.0098545487566773261 0.0098545487566773261 1 1 1 Converged Converged Converged OK OK OK 90 90 90 90 90 90 6 6 6 0 0 0 0 1 0 0 1
27 27 linear 0 23 270 3 0.001 1.393853337219328 0.39270477068481835 0.034441735921877964 0.27534735268633986 0.045483908145788558 0.28223569987071545 0.5 0.11079293525906281 11.433319512157624 OK 14 13 0.43236599999999997 0.372309 0.14524200000000001 0.28095100000000001 0.18498000000000001 0 0.15141499999999997 0.187329 0.14524200000000001 0.012374 0.012418 0.011580999999999999 0.11782899999999999 0.15411000000000002 0.11349400000000001 0.003888 0.0037089999999999996 0.0033809999999999999 0.00090100000000000011 0.00089700000000000001 0.00088600000000000007 11.433390214541962 11.433390214541962 11.433390214541962 0.010070836856641827 0.010070836856641827 0.010070836856641827 1 1 1 Converged Converged Converged OK OK OK 74 74 74 74 74 74 6 6 6 0 0 0 0 1 0 0 1
27 27 linear 0 0 270 0 0.0001 1.393853337219328 0.39270477068481835 0.034441735921877964 0.27534735268633986 0.045483908145788558 0.26845900550196428 0.5 0.12456962962781398 14.001219681744573 OK 14 13 0.50467499999999998 0.49044599999999999 0.212753 0.28497299999999998 0.277335 0 0.21970200000000001 0.21311099999999999 0.212753 0.013369000000000001 0.012847000000000001 0.012864 0.16392099999999993 0.1591199999999999 0.15801499999999993 0.0065380000000000004 0.0058820000000000001 0.0065210000000000008 0.0013699999999999999 0.00132 0.001343 14.001243999208256 14.001243999208256 14.001243999208256 0.00076347218553323749 0.00076347218553323749 0.00076347218553323749 1 1 1 Converged Converged Converged OK OK OK 114 114 114 114 114 114 6 6 6 0 0 0 0 0 1 0 0
27 27 linear 0 7 270 1 0.0001 1.393853337219328 0.39270477068481835 0.034441735921877964 0.27534735268633986 0.045483908145788558 0.27265191248375809 0.5 0.12037672264602017 13.334445050591023 OK 14 13 0.48218499999999997 0.41553699999999999 0.201541 0.27712199999999998 0.17585100000000001 0 0.205063 0.23968599999999998 0.201541 0.012518 0.012526000000000001 0.011783 0.15990800000000005 0.19550299999999993 0.15777299999999997 0.0063170000000000006 0.0058370000000000002 0.0063759999999999997 0.0012819999999999999 0.001209 0.001242 13.33449427272588 13.33449427272588 13.33449427272588 0.00067510926924138983 0.00067510926924138983 0.00067510926924138983 1 1 1 Converged Converged Converged OK OK OK 114 114 114 114 114 114 6 6 6 0 0 0 0 1 0 0 1
27 27 linear 0 15 270 2 0.0001 1.393853337219328 0.39270477068481835 0.034441735921877964 0.27534735268633986 0.045483908145788558 0.2774438061772368 0.5 0.11558482895254146 12.44515557234555 OK 14 13 0.53645900000000002 0.52240799999999998 0.25305899999999998 0.27239000000000002 0.166016 0 0.264069 0.35639199999999999 0.25305899999999998 0.012434000000000001 0.012586 0.011761000000000001 0.21015999999999999 0.30032000000000003 0.19884900000000003 0.0083140000000000002 0.010093 0.0089550000000000012 0.0014610000000000003 0.0015279999999999998 0.0014560000000000003 12.445186321664274 12.445186321664274 12.445186321664274 0.00083422451236363139 0.00083422451236363139 0.00083422451236363139 1 1 1 Converged Converged Converged OK OK OK 146 146 146 146 146 146 6 6 6 0 0 0 0 1 0 0 1
27 27 linear 0 23 270 3 0.0001 1.393853337219328 0.39270477068481835 0.034441735921877964 0.27534735268633986 0.045483908145788558 0.28223569987071545 0.5 0.11079293525906281 11.433319512157624 OK 14 13 0.47960399999999997 0.42589900000000003 0.190105 0.28221400000000002 0.180171 0 0.19738999999999995 0.24572800000000003 0.190105 0.012168999999999999 0.012513 0.011682 0.15540599999999996 0.20239500000000002 0.14964599999999997 0.0056110000000000005 0.006117 0.0053860000000000002 0.0011939999999999997 0.001227 0.0011839999999999999 11.433357741187166 11.433357741187166 11.433357741187166 0.00097800504525945449 0.00097800504525945449 0.00097800504525945449 1 1 1 Converged Converged Converged OK OK OK 106 106 106 106 106 106 6 6 6 0 0 0 0 1 0 0 1
27 27 linear 1 0 271 0 0.001 1.393853337219328 0.39270477068481835 0.034441735921877964 0.29712894476248053 -0.25472164766031047 0.29024059757810494 0.5 0.10278803755167332 7.4826921366056629 OK 13 12 0.29919099999999998 0.29886600000000002 0.10342899999999999 0.19256999999999999 0.194746 0 0.10662099999999999 0.10412000000000002 0.10342899999999999 0.0094470000000000005 0.0092119999999999997 0.0090659999999999994 0.07348200000000002 0.072032999999999958 0.071447999999999984 0.003179 0.0031019999999999997 0.0031329999999999999 0.00099200000000000004 0.00093099999999999997 0.00092100000000000005 7.4827398401663237 7.4827398401663237 7.4827398401663237 0.0066893158672523181 0.0066893158672523181 0.0066893158672523181 1 1 1 Converged Converged Converged OK OK OK 74 74 74 74 74 74 6 6 6 0 0 0 0 0 1 0 0
27 27 linear 1 7 271 1 0.001 1.393853337219328 0.39270477068481835 0.034441735921877964 0.29712894476248053 -0.25472164766031047 0.29443350455989875 0.5 0.098595130569879508 6.8131074717161777 OK 13 12 0.304199 0.27051799999999998 0.096015000000000003 0.20507700000000001 0.14657999999999999 0 0.099121999999999988 0.12393799999999999 0.096015000000000003 0.008371 0.0085990000000000007 0.0079100000000000004 0.072844000000000006 0.096534000000000009 0.070576000000000028 0.0031009999999999996 0.003692 0.0030239999999999998 0.00085299999999999992 0.00093700000000000001 0.00084600000000000007 6.8132042609872565 6.8132042609872565 6.8132042609872565 0.006665716521046426 0.006665716521046426 0.006665716521046426 1 1 1 Converged Converged Converged OK OK OK 74 74 74 74 74 74 6 6 6 0 0 0 0 1 0 0 1
27 27 linear 1 15 271 2 0.001 1.393853337219328 0.39270477068481835 0.034441735921877964 0.29712894476248053 -0.25472164766031047 0.29922539825337746 0.5 0.093803236876400797 5.9929971867173979 OK 13 12 0.295352 0.26985999999999999 0.099130999999999997 0.192165 0.131246 0 0.103187 0.13861399999999999 0.099130999999999997 0.0085570000000000004 0.0085990000000000007 0.0078510000000000003 0.076330000000000009 0.111891 0.073900999999999981 0.0033 0.0031359999999999999 0.0030299999999999997 0.00092600000000000007 0.00089999999999999998 0.00084400000000000002 5.9930510494302638 5.9930510494302638 5.9930510494302638 0.005670207337304555 0.005670207337304555 0.005670207337304555 1 1 1 Converged Converged Converged OK OK OK 74 74 74 74 74 74 6 6 6 0 0 0 0 1 0 0 1
27 27 linear 1 23 271 3 0.001 1.393853337219328 0.39270477068481835 0.034441735921877964 0.29712894476248053 -0.25472164766031047 0.30401729194685612 0.5 0.089011343182922142 5.1199282133164967 OK 13 12 0.2944 0.258102 0.091639999999999999 0.19896 0.12737599999999999 0 0.095439999999999997 0.13072600000000001 0.091639999999999999 0.0085439999999999995 0.0085529999999999998 0.0079500000000000005 0.069824000000000011 0.10538 0.067584000000000033 0.0029909999999999997 0.002947 0.0027389999999999997 0.00083299999999999997 0.00081499999999999997 0.00075699999999999997 5.119969157151524 5.119969157151524 5.119969157151524 0.0044044134937064943 0.0044044134937064943 0.0044044134937064943 1 1 1 Converged Converged Converged OK OK OK 67 67 67 67 67 67 5 5 5 0 0 0 0 1 0 0 1
27 27 linear 1 0 271 0 0.0001 1.393853337219328 0.39270477068481835 0.034441735921877964 0.29712894476248053 -0.25472164766031047 0.29024059757810494 0.5 0.10278803755167332 7.4826921366056629 OK 13 12 0.34272399999999997 0.33854000000000001 0.144038 0.19429399999999999 0.19276699999999999 0 0.14842999999999998 0.14577300000000001 0.144038 0.0096799999999999994 0.0092580000000000006 0.0091920000000000005 0.10193700000000004 0.10032299999999997 0.098594000000000057 0.0052389999999999997 0.0048779999999999995 0.0052360000000000002 0.001544 0.0014339999999999999 0.0014909999999999997 7.4827387441343012 7.4827387441343012 7.4827387441343012 0.00025677373009698614 0.00025677373009698614 0.00025677373009698614 1 1 1 Converged Converged Converged OK OK OK 106 106 106 106 106 106 6 6 6 0 0 0 0 0 1 0 0
27 27 linear 1 7 271 1 0.0001 1.393853337219328 0.39270477068481835 0.034441735921877964 0.29712894476248053 -0.25472164766031047 0.29443350455989875 0.5 0.098595130569879508 6.8131074717161777 OK 13 12 0.338312 0.31081199999999998 0.12497999999999999 0.20912500000000001 0.14299000000000001 0 0.129187 0.16782199999999997 0.12497999999999999 0.0084349999999999998 0.0084130000000000003 0.0079430000000000004 0.095695999999999962 0.13452799999999998 0.092732000000000037 0.0045409999999999999 0.0045880000000000001 0.0044980000000000003 0.0011769999999999997 0.0011800000000000001 0.0011669999999999999 6.8132024257877726 6.8132024257877726 6.8132024257877726 0.00066733949468577127 0.00066733949468577127 0.00066733949468577127 1 1 1 Converged Converged Converged OK OK OK 98 98 98 98 98 98 6 6 6 0 0 0 0 1 0 0 1
27 27 linear 1 15 271 2 0.0001 1.393853337219328 0.39270477068481835 0.034441735921877964 0.29712894476248053 -0.25472164766031047 0.29922539825337746 0.5 0.093803236876400797 5.9929971867173979 OK 13 12 0.34796899999999997 0.337117 0.14904899999999999 0.193608 0.13178100000000001 0 0.15436099999999997 0.20533599999999999 0.14904899999999999 0.0085249999999999996 0.0085199999999999998 0.0092429999999999995 0.11531599999999997 0.16673500000000008 0.11061500000000005 0.005653 0.0053920000000000001 0.0051580000000000003 0.001402 0.0013140000000000001 0.0012719999999999999 5.9930452002992753 5.9930452002992753 5.9930452002992753 0.00051364762973025871 0.00051364762973025871 0.00051364762973025871 1 1 1 Converged Converged Converged OK OK OK 114 114 114 114 114 114 6 6 6 0 0 0 0 1 0 0 1
27 27 linear 1 23 271 3 0.0001 1.393853337219328 0.39270477068481835 0.034441735921877964 0.29712894476248053 -0.25472164766031047 0.30401729194685612 0.5 0.089011343182922142 5.1199282133164967 OK 13 12 0.34632499999999999 0.32545000000000002 0.13916700000000001 0.20216000000000001 0.13036800000000001 0 0.14416499999999999 0.19508200000000001 0.13916700000000001 0.0085199999999999998 0.0086140000000000001 0.0079340000000000001 0.10865299999999999 0.15861100000000003 0.10475800000000003 0.0049749999999999994 0.005365 0.0050199999999999993 0.0012290000000000001 0.001294 0.001276 5.1199692128307923 5.1199692128307923 5.1199692128307923 0.0001218732240588814 0.0001218732240588814 0.0001218732240588814 1 1 1 Converged Converged Converged OK OK OK 107 107 107 107 107 107 5 5 5 0 0 0 0 1 0 0 1
27 27 linear 2 0 272 0 0.001 1.393853337219328 0.39270477068481835 0.034441735921877964 -0.47552255649402386 -0.24836513109243086 -0.48241090367839945 0.5 0.87543953880817771 4.933028077088955 OK 14 13 0.49718499999999999 0.49402499999999999 0.19339300000000001 0.29806100000000002 0.29893399999999998 0 0.19912399999999997 0.19509100000000001 0.19339300000000001 0.013106 0.012956000000000001 0.012291 0.14396 0.14088899999999993 0.14028400000000005 0.0060870000000000004 0.0058010000000000006 0.0055120000000000004 0.0013929999999999999 0.0013979999999999999 0.0013579999999999998 4.9330236159782439 4.9330236159782439 4.9330236159782439 0.0029439887733805573 0.0029439887733805573 0.0029439887733805573 1 1 1 Converged Converged Converged OK OK OK 112 112 112 112 112 112 8 8 8 0 0 0 0 0 1 0 0
27 27 linear 2 7 272 1 0.001 1.393853337219328 0.39270477068481835 0.034441735921877964 -0.47552255649402386 -0.24836513109243086 -0.47821799669660564 0.5 0.87124663182638384 4.9884592995207777 OK 14 13 0.45138499999999998 0.36143799999999998 0.162274 0.27934799999999999 0.173539 0 0.172037 0.18789899999999998 0.162274 0.011639999999999999 0.011457 0.010796 0.13002 0.14605299999999996 0.121651 0.0056080000000000001 0.0057590000000000002 0.0055040000000000002 0.0012650000000000001 0.0012639999999999999 0.001286 4.9884580368908944 4.9884580368908944 4.9884580368908944 0.0036793442991201967 0.0036793442991201967 0.0036793442991201967 1 1 1 Converged Converged Converged OK OK OK 112 112 112 112 112 112 8 8 8 0 0 0 0 1 0 0 1
27 27 linear 2 15 272 2 0.001 1.393853337219328 0.39270477068481835 0.034441735921877964 -0.47552255649402386 -0.24836513109243086 -0.47342610300312693 0.5 0.86645473813290519 5.0056435087506541 OK 14 13 0.418657 0.34630100000000003 0.14827299999999999 0.26478499999999999 0.173738 0 0.15387200000000001 0.17256300000000002 0.14827299999999999 0.011499000000000001 0.011556 0.010782999999999999 0.114153 0.13237699999999999 0.11068100000000002 0.0052170000000000003 0.0054629999999999991 0.0048370000000000002 0.0013440000000000001 0.0012869999999999999 0.0011579999999999997 5.0056498456910061 5.0056498456910061 5.0056498456910061 0.0035792569097607583 0.0035792569097607583 0.0035792569097607583 1 1 1 Converged Converged Converged OK OK OK 104 104 104 104 104 104 8 8 8 0 0 0 0 1 0 0 1
27 27 linear 2 23 272 3 0.001 1.393853337219328 0.39270477068481835 0.034441735921877964 -0.47552255649402386 -0.24836513109243086 -0.46863420930964828 0.5 0.86166284443942653 4.9978856219049375 OK 14 13 0.43027199999999999 0.331984 0.14229600000000001 0.28637800000000002 0.17263700000000001 0 0.14389399999999997 0.15934699999999999 0.14229600000000001 0.01123 0.011287 0.010456999999999999 0.10674699999999998 0.12217600000000002 0.10671200000000003 0.0047279999999999996 0.0046940000000000003 0.0045049999999999995 0.0011529999999999999 0.0011000000000000001 0.0011069999999999999 4.9979098831737963 4.9979098831737963 4.9979098831737963 0.0045297136897231721 0.0045297136897231721 0.0045297136897231721 1 1 1 Converged Converged Converged OK OK OK 96 96 96 96 96 96 8 8 8 0 0 0 0 1 0 0 1
27 27 linear 2 0 272 0 0.0001 1.393853337219328 0.39270477068481835 0.034441735921877964 -0.47552255649402386 -0.24836513109243086 -0.48241090367839945 0.5 0.87543953880817771 4.933028077088955 OK 14 13 0.57252499999999995 0.56637800000000005 0.26892199999999999 0.29971999999999999 0.29646899999999998 0 0.27280499999999996 0.26990900000000007 0.26892199999999999 0.012796 0.01289 0.012292000000000001 0.19621000000000005 0.19332199999999999 0.19237799999999994 0.0087170000000000008 0.0086800000000000002 0.0089540000000000019 0.001957 0.0019859999999999999 0.0019689999999999998 4.9330194504480493 4.9330194504480493 4.9330194504480493 0.00026528356744900359 0.00026528356744900359 0.00026528356744900359 1 1 1 Converged Converged Converged OK OK OK 168 168 168 168 168 168 8 8 8 0 0 0 0 0 1 0 0
27 27 linear 2 7 272 1 0.0001 1.393853337219328 0.39270477068481835 0.034441735921877964 -0.47552255649402386 -0.24836513109243086 -0.47821799669660564 0.5 0.87124663182638384 4.9884592995207777 OK 14 13 0.50859500000000002 0.44428600000000001 0.22093099999999999 0.27820899999999998 0.17371800000000001 0 0.23038600000000004 0.27056800000000003 0.22093099999999999 0.011535999999999999 0.011584000000000001 0.010767000000000001 0.17609399999999997 0.21620099999999989 0.16773800000000003 0.0077650000000000002 0.0077279999999999988 0.0078910000000000004 0.001694 0.0017189999999999998 0.0016759999999999998 4.9884587971287848 4.9884587971287848 4.9884587971287848 0.00047005406289489212 0.00047005406289489212 0.00047005406289489212 1 1 1 Converged Converged Converged OK OK OK 152 152 152 152 152 152 8 8 8 0 0 0 0 1 0 0 1
27 27 linear 2 15 272 2 0.0001 1.393853337219328 0.39270477068481835 0.034441735921877964 -0.47552255649402386 -0.24836513109243086 -0.47342610300312693 0.5 0.86645473813290519 5.0056435087506541 OK 14 13 0.49061199999999999 0.439882 0.21889 0.26544200000000001 0.17333799999999999 0 0.22516999999999998 0.266544 0.21889 0.011490999999999999 0.0117 0.010789 0.17157199999999997 0.21183699999999991 0.166218 0.0076159999999999995 0.0082410000000000001 0.0078440000000000003 0.0016920000000000001 0.0017329999999999999 0.001678 5.0056498455219964 5.0056498455219964 5.0056498455219964 0.00035336622397866047 0.00035336622397866047 0.00035336622397866047 1 1 1 Converged Converged Converged OK OK OK 152 152 152 152 152 152 8 8 8 0 0 0 0 1 0 0 1
27 27 linear 2 23 272 3 0.0001 1.393853337219328 0.39270477068481835 0.034441735921877964 -0.47552255649402386 -0.24836513109243086 -0.46863420930964828 0.5 0.86166284443942653 4.9978856219049375 OK 14 13 0.51535699999999995 0.44075799999999998 0.22083800000000001 0.29130400000000001 0.17144999999999999 0 0.22405299999999995 0.26930799999999999 0.22083800000000001 0.011220000000000001 0.011332 0.010421 0.17007600000000003 0.20927899999999997 0.16865299999999994 0.0078789999999999989 0.013690000000000001 0.0077729999999999995 0.001815 0.0017569999999999999 0.0016579999999999998 4.9978868106496979 4.9978868106496979 4.9978868106496979 0.00031898390202491944 0.00031898390202491944 0.00031898390202491944 1 1 1 Converged Converged Converged OK OK OK 152 152 152 152 152 152 8 8 8 0 0 0 0 1 0 0 1
27 27 linear 3 0 273 0 0.001 1.393853337219328 0.39270477068481835 0.034441735921877964 0.14180818074466212 -0.15717572633392013 0.13491983356028653 0.5 0.25810880156949173 5.9256985314824222 OK 15 14 0.44615199999999999 0.45134400000000002 0.19228899999999999 0.25001200000000001 0.25562099999999999 0 0.19613999999999998 0.19572300000000004 0.19228899999999999 0.014688 0.014929 0.014109 0.13745299999999996 0.134823 0.13402600000000003 0.0056200000000000009 0.0069069999999999999 0.0058030000000000009 0.0015089999999999997 0.0016769999999999999 0.0015459999999999998 5.9256947572413274 5.9256947572413274 5.9256947572413274 0.0027776430751468156 0.0027776430751468156 0.0027776430751468156 1 1 1 Converged Converged Converged OK OK OK 121 121 121 121 121 121 7 7 7 0 0 0 0 0 1 0 0
27 27 linear 3 7 273 1 0.001 1.393853337219328 0.39270477068481835 0.034441735921877964 0.14180818074466212 -0.15717572633392013 0.13911274054208037 0.5 0.25391589458769792 5.9987400038558549 OK 15 14 0.42348799999999998 0.42093900000000001 0.17974599999999999 0.24190800000000001 0.17155899999999999 0 0.18157999999999996 0.24938000000000002 0.17974599999999999 0.013618999999999999 0.013906999999999999 0.01291 0.13673100000000005 0.20272800000000005 0.13270900000000005 0.0055660000000000006 0.0063029999999999996 0.0056880000000000012 0.0015209999999999998 0.0015950000000000001 0.0015340000000000002 5.9987362730949476 5.9987362730949476 5.9987362730949476 0.002895855561519159 0.002895855561519159 0.002895855561519159 1 1 1 Converged Converged Converged OK OK OK 121 121 121 121 121 121 7 7 7 0 0 0 0 1 0 0 1
27 27 linear 3 15 273 2 0.001 1.393853337219328 0.39270477068481835 0.034441735921877964 0.14180818074466212 -0.15717572633392013 0.14390463423555905 0.5 0.24912400089421921 6.088841526811656 OK 15 14 0.42996099999999998 0.40370800000000001 0.17417099999999999 0.25088500000000002 0.17536099999999999 0 0.17907599999999996 0.22834700000000002 0.17417099999999999 0.013768000000000001 0.013729 0.012919 0.13570899999999989 0.18482200000000004 0.13249400000000006 0.0053880000000000004 0.0057330000000000002 0.005372 0.0013290000000000001 0.0013879999999999999 0.0013300000000000002 6.0888377102019069 6.0888377102019069 6.0888377102019069 0.0057524306820079425 0.0057524306820079425 0.0057524306820079425 1 1 1 Converged Converged Converged OK OK OK 113 113 113 113 113 113 7 7 7 0 0 0 0 1 0 0 1
27 27 linear 3 23 273 3 0.001 1.393853337219328 0.39270477068481835 0.034441735921877964 0.14180818074466212 -0.15717572633392013 0.1486965279290377 0.5 0.24433210720074056 6.1868076937136589 OK 15 14 0.42550700000000002 0.39932299999999998 0.17871300000000001 0.23774600000000001 0.172017 0 0.18776100000000001 0.22730599999999998 0.17871300000000001 0.013389 0.013674 0.012933999999999999 0.14499299999999996 0.18429100000000009 0.13702500000000004 0.0052240000000000003 0.0052899999999999996 0.0051519999999999995 0.0013990000000000001 0.001397 0.0013969999999999998 6.1868038501353482 6.1868038501353482 6.1868038501353482 0.0046073136130938708 0.0046073136130938708 0.0046073136130938708 1 1 1 Converged Converged Converged OK OK OK 113 113 113 113 113 113 7 7 7 0 0 0 0 1 0 0 1
27 27 linear 3 0 273 0 0.0001 1.393853337219328 0.39270477068481835 0.034441735921877964 0.14180818074466212 -0.15717572633392013 0.13491983356028653 0.5 0.25810880156949173 5.9256985314824222 OK 15 14 0.463592 0.466339 0.211898 0.246526 0.25135000000000002 0 0.21706600000000001 0.21498899999999999 0.211898 0.014715000000000001 0.014641 0.014148000000000001 0.15163899999999988 0.14951899999999996 0.14762899999999998 0.0065830000000000003 0.0066840000000000007 0.0066420000000000012 0.0016810000000000002 0.0017090000000000002 0.0016589999999999999 5.9256947702323206 5.9256947702323206 5.9256947702323206 0.00015425839194748906 0.00015425839194748906 0.00015425839194748906 1 1 1 Converged Converged Converged OK OK OK 137 137 137 137 137 137 7 7 7 0 0 0 0 0 1 0 0
27 27 linear 3 7 273 1 0.0001 1.393853337219328 0.39270477068481835 0.034441735921877964 0.14180818074466212 -0.15717572633392013 0.13911274054208037 0.5 0.25391589458769792 5.9987400038558549 OK 15 14 0.43629800000000002 0.44910499999999998 0.19537499999999999 0.23635300000000001 0.17396600000000001 0 0.19994500000000001 0.27513899999999997 0.19537499999999999 0.013565000000000001 0.013845 0.012977000000000001 0.15023899999999993 0.2244809999999999 0.14662000000000006 0.006417 0.006796 0.0065419999999999992 0.001635 0.001696 0.001658 5.9987362902331878 5.9987362902331878 5.9987362902331878 0.00015913568171203665 0.00015913568171203665 0.00015913568171203665 1 1 1 Converged Converged Converged OK OK OK 137 137 137 137 137 137 7 7 7 0 0 0 0 1 0 0 1
27 27 linear 3 15 273 2 0.0001 1.393853337219328 0.39270477068481835 0.034441735921877964 0.14180818074466212 -0.15717572633392013 0.14390463423555905 0.5 0.24912400089421921 6.088841526811656 OK 15 14 0.45946399999999998 0.44137500000000002 0.20186100000000001 0.25195400000000001 0.169879 0 0.20750999999999997 0.27149600000000002 0.20186100000000001 0.013793 0.013639999999999999 0.012999999999999999 0.15792699999999996 0.22115100000000015 0.15347600000000006 0.0063750000000000005 0.0066619999999999995 0.0064520000000000003 0.0016260000000000003 0.0016299999999999997 0.0016510000000000001 6.0888376998303828 6.0888376998303828 6.0888376998303828 0.00017815682383307891 0.00017815682383307891 0.00017815682383307891 1 1 1 Converged Converged Converged OK OK OK 137 137 137 137 137 137 7 7 7 0 0 0 0 1 0 0 1
27 27 linear 3 23 273 3 0.0001 1.393853337219328 0.39270477068481835 0.034441735921877964 0.14180818074466212 -0.15717572633392013 0.1486965279290377 0.5 0.24433210720074056 6.1868076937136589 OK 15 14 0.45429199999999997 0.44443199999999999 0.207034 0.24030499999999999 0.17219899999999999 0 0.21398699999999998 0.272233 0.207034 0.01367 0.013816 0.012815999999999999 0.16386099999999992 0.22164400000000001 0.15898200000000012 0.0067819999999999998 0.0068640000000000003 0.0062859999999999999 0.0017190000000000003 0.0017730000000000001 0.0016890000000000002 6.1868038698114054 6.1868038698114054 6.1868038698114054 0.00022949694566004944 0.00022949694566004944 0.00022949694566004944 1 1 1 Converged Converged Converged OK OK OK 137 137 137 137 137 137 7 7 7 0 0 0 0 1 0 0 1
27 27 linear 4 0 274 0 0.001 1.393853337219328 0.39270477068481835 0.034441735921877964 -0.51804578262822953 -0.11965648914440501 -0.52493412981260512 0.5 0.91796276494238338 4.3286946375677751 OK 15 14 0.43846099999999999 0.43462800000000001 0.141598 0.29019 0.29109600000000002 0 0.14827099999999999 0.14353199999999999 0.141598 0.014397999999999999 0.014402999999999999 0.014097 0.097036999999999943 0.09398799999999996 0.092946999999999988 0.0057540000000000004 0.0050919999999999993 0.0049130000000000007 0.001173 0.00116 0.0010809999999999999 4.3286919641745163 4.3286919641745163 4.3286919641745163 0.0042126252563946757 0.0042126252563946757 0.0042126252563946757 1 1 1 Converged Converged Converged OK OK OK 91 91 91 91 91 91 5 5 5 0 0 0 0 0 1 0 0
27 27 linear 4 7 274 1 0.001 1.393853337219328 0.39270477068481835 0.034441735921877964 -0.51804578262822953 -0.11965648914440501 -0.52074122283081126 0.5 0.91376985796058952 4.2360116116493884 OK 15 14 0.43378299999999997 0.34261900000000001 0.13736499999999999 0.29164800000000002 0.17807300000000001 0 0.14213499999999996 0.164546 0.13736499999999999 0.013814999999999999 0.013414000000000001 0.012852000000000001 0.099522999999999973 0.12298099999999999 0.096755999999999967 0.0050650000000000001 0.0049420000000000002 0.0048430000000000001 0.001114 0.0010199999999999999 0.0010330000000000001 4.2360090337794123 4.2360090337794123 4.2360090337794123 0.0041354335116216123 0.0041354335116216123 0.0041354335116216123 1 1 1 Converged Converged Converged OK OK OK 91 91 91 91 91 91 5 5 5 0 0 0 0 1 0 0 1
27 27 linear 4 15 274 2 0.001 1.393853337219328 0.39270477068481835 0.034441735921877964 -0.51804578262822953 -0.11965648914440501 -0.5159493291373326 0.5 0.90897796426711086 4.1415345370126682 OK 15 14 0.42660399999999998 0.33590799999999998 0.131665 0.290271 0.177706 0 0.13633299999999998 0.15820199999999998 0.131665 0.013632999999999999 0.013494000000000001 0.012855999999999999 0.093971000000000041 0.11661999999999996 0.091349 0.005143 0.0048560000000000001 0.0047559999999999998 0.001119 0.0010319999999999999 0.0010339999999999998 4.1415320423431607 4.1415320423431607 4.1415320423431607 0.0040129874514273746 0.0040129874514273746 0.0040129874514273746 1 1 1 Converged Converged Converged OK OK OK 91 91 91 91 91 91 5 5 5 0 0 0 0 1 0 0 1
27 27 linear 4 23 274 3 0.001 1.393853337219328 0.39270477068481835 0.034441735921877964 -0.51804578262822953 -0.11965648914440501 -0.51115743544385395 0.5 0.90418607057363221 4.0571642034321656 OK 15 14 0.44600400000000001 0.33620800000000001 0.12932099999999999 0.31206299999999998 0.18589900000000001 0 0.13394100000000003 0.150309 0.12932099999999999 0.013546000000000001 0.013422999999999999 0.012871 0.091789000000000009 0.10873600000000003 0.088960999999999998 0.0050480000000000004 0.0050540000000000003 0.0048519999999999995 0.0010470000000000002 0.0010059999999999999 0.00098999999999999999 4.0571617388320709 4.0571617388320709 4.0571617388320709 0.0039179350987261939 0.0039179350987261939 0.0039179350987261939 1 1 1 Converged Converged Converged OK OK OK 91 91 91 91 91 91 5 5 5 0 0 0 0 1 0 0 1
27 27 linear 4 0 274 0 0.0001 1.393853337219328 0.39270477068481835 0.034441735921877964 -0.51804578262822953 -0.11965648914440501 -0.52493412981260512 0.5 0.91796276494238338 4.3286946375677751 OK 15 14 0.50683100000000003 0.50415100000000002 0.21058099999999999 0.289655 0.29231800000000002 0 0.21717600000000004 0.21183299999999999 0.21058099999999999 0.014452 0.014522999999999999 0.014101000000000001 0.14641600000000002 0.14241900000000002 0.14170399999999997 0.0082810000000000002 0.0078650000000000005 0.007868 0.0015589999999999998 0.0014729999999999999 0.0014289999999999999 4.3286919744631058 4.3286919744631058 4.3286919744631058 0.00031781733532176094 0.00031781733532176094 0.00031781733532176094 1 1 1 Converged Converged Converged OK OK OK 139 139 139 139 139 139 5 5 5 0 0 0 0 0 1 0 0
27 27 linear 4 7 274 1 0.0001 1.393853337219328 0.39270477068481835 0.034441735921877964 -0.51804578262822953 -0.11965648914440501 -0.52074122283081126 0.5 0.91376985796058952 4.2360116116493884 OK 15 14 0.49804599999999999 0.41164699999999999 0.199548 0.28939799999999999 0.17833399999999999 0 0.208648 0.23331299999999999 0.199548 0.013636000000000001 0.01363 0.012858 0.15137800000000004 0.17616500000000004 0.14429999999999987 0.0079349999999999993 0.0077650000000000011 0.007627000000000001 0.0013969999999999998 0.001438 0.0013820000000000002 4.2360090388328686 4.2360090388328686 4.2360090388328686 0.0003210523408939203 0.0003210523408939203 0.0003210523408939203 1 1 1 Converged Converged Converged OK OK OK 139 139 139 139 139 139 5 5 5 0 0 0 0 1 0 0 1
27 27 linear 4 15 274 2 0.0001 1.393853337219328 0.39270477068481835 0.034441735921877964 -0.51804578262822953 -0.11965648914440501 -0.5159493291373326 0.5 0.90897796426711086 4.1415345370126682 OK 15 14 0.49159599999999998 0.406885 0.19425300000000001 0.29030800000000001 0.17666399999999999 0 0.20128799999999997 0.23022100000000001 0.19425300000000001 0.013693 0.013674 0.012855 0.1435749999999999 0.17358500000000004 0.13930700000000004 0.008097 0.0077620000000000015 0.0075240000000000003 0.00147 0.0014419999999999999 0.001392 4.1415320487257823 4.1415320487257823 4.1415320487257823 0.00032480607552220071 0.00032480607552220071 0.00032480607552220071 1 1 1 Converged Converged Converged OK OK OK 139 139 139 139 139 139 5 5 5 0 0 0 0 1 0 0 1
27 27 linear 4 23 274 3 0.0001 1.393853337219328 0.39270477068481835 0.034441735921877964 -0.51804578262822953 -0.11965648914440501 -0.51115743544385395 0.5 0.90418607057363221 4.0571642034321656 OK 15 14 0.51017800000000002 0.41173700000000002 0.19670199999999999 0.306672 0.18704899999999999 0 0.20350600000000002 0.22468800000000003 0.19670199999999999 0.013504 0.013641 0.012746 0.14650199999999997 0.16839700000000005 0.14164599999999997 0.00777 0.0077169999999999999 0.0075989999999999999 0.0014010000000000003 0.0014069999999999998 0.0013669999999999999 4.0571617460522864 4.0571617460522864 4.0571617460522864 0.00032861837549166649 0.00032861837549166649 0.00032861837549166649 1 1 1 Converged Converged Converged OK OK OK 139 139 139 139 139 139 5 5 5 0 0 0 0 1 0 0 1
27 27 uniform 0 0 275 0 0.001 1.393853337219328 0.39270477068481835 0.034441735921877964 0.27534735268633986 0.045483908145788558 0.26845900550196428 0 0.12456962962781398 13.801681172967941 OK 14 13 0.40277499999999999 0.397206 0.11790100000000001 0.28186699999999998 0.27848000000000001 0 0.12090800000000002 0.118726 0.11790100000000001 0.013143999999999999 0.013220000000000001 0.012676 0.080706999999999959 0.079871000000000025 0.079513999999999974 0.0039170000000000003 0.0033049999999999998 0.0034190000000000002 0.00094299999999999983 0.00084800000000000001 0.00089599999999999988 13.801672565773709 13.801672565773709 13.801672565773709 0.010179411605613722 0.010179411605613722 0.010179411605613722 1 1 1 Converged Converged Converged OK OK OK 74 74 74 74 74 74 6 6 6 0 0 0 0 0 1 0 0
27 27 uniform 0 7 275 1 0.001 1.393853337219328 0.39270477068481835 0.034441735921877964 0.27534735268633986 0.045483908145788558 0.27265191248375809 0 0.12037672264602017 13.255605753372064 OK 14 13 0.38755200000000001 0.311946 0.107822 0.27635300000000002 0.174904 0 0.11119899999999999 0.137042 0.107822 0.012452 0.012427000000000001 0.011716000000000001 0.07753199999999999 0.10410700000000001 0.076169999999999988 0.0036189999999999998 0.00347 0.0032879999999999993 0.00086700000000000004 0.00087500000000000002 0.00078799999999999996 13.255597186798042 13.255597186798042 13.255597186798042 0.009708914750482342 0.009708914750482342 0.009708914750482342 1 1 1 Converged Converged Converged OK OK OK 74 74 74 74 74 74 6 6 6 0 0 0 0 1 0 0 1
27 27 uniform 0 15 275 2 0.001 1.393853337219328 0.39270477068481835 0.034441735921877964 0.27534735268633986 0.045483908145788558 0.2774438061772368 0 0.11558482895254146 12.523399717550962 OK 14 13 0.429728 0.37527300000000002 0.15296499999999999 0.27579399999999998 0.16835700000000001 0 0.15393400000000002 0.20691600000000002 0.15296499999999999 0.012657 0.012324999999999999 0.011660999999999999 0.11373300000000006 0.16810499999999998 0.115522 0.0046679999999999994 0.0041929999999999997 0.003993 0.0010369999999999999 0.0010069999999999999 0.001034 12.523556444441496 12.523556444441496 12.523556444441496 0.010933072279472301 0.010933072279472301 0.010933072279472301 1 1 1 Converged Converged Converged OK OK OK 90 90 90 90 90 90 6 6 6 0 0 0 0 1 0 0 1
27 27 uniform 0 23 275 3 0.001 1.393853337219328 0.39270477068481835 0.034441735921877964 0.27534735268633986 0.045483908145788558 0.28223569987071545 0 0.11079293525906281 11.674526168497922 OK 14 13 0.406802 0.35779100000000003 0.12217799999999999 0.28086100000000003 0.18485799999999999 0 0.12594099999999997 0.17293300000000003 0.12217799999999999 0.012552000000000001 0.012248999999999999 0.011629 0.091395999999999991 0.13948400000000002 0.090077999999999991 0.0039500000000000004 0.0036480000000000002 0.0035179999999999999 0.00094499999999999998 0.00087199999999999995 0.000812 11.674515834470139 11.674515834470139 11.674515834470139 0.0095812256866355614 0.0095812256866355614 0.0095812256866355614 1 1 1 Converged Converged Converged OK OK OK 82 82 82 82 82 82 6 6 6 0 0 0 0 1 0 0 1
27 27 uniform 0 0 275 0 0.0001 1.393853337219328 0.39270477068481835 0.034441735921877964 0.27534735268633986 0.045483908145788558 0.26845900550196428 0 0.12456962962781398 13.801681172967941 OK 14 13 0.439697 0.44189699999999998 0.15629299999999999 0.28039799999999998 0.28333399999999997 0 0.15929900000000002 0.15856300000000001 0.15629299999999999 0.012844 0.013157 0.012756 0.11153700000000004 0.11117200000000002 0.10959899999999996 0.0052500000000000003 0.0046709999999999998 0.0046849999999999999 0.0012340000000000003 0.0011440000000000001 0.001091 13.801680541464149 13.801680541464149 13.801680541464149 0.0011011910985160411 0.0011011910985160411 0.0011011910985160411 1 1 1 Converged Converged Converged OK OK OK 98 98 98 98 98 98 6 6 6 0 0 0 0 0 1 0 0
27 27 uniform 0 7 275 1 0.0001 1.393853337219328 0.39270477068481835 0.034441735921877964 0.27534735268633986 0.045483908145788558 0.27265191248375809 0 0.12037672264602017 13.255605753372064 OK 14 13 0.42635499999999998 0.349632 0.14458799999999999 0.27958499999999997 0.17349300000000001 0 0.14677000000000001 0.17613899999999999 0.14458799999999999 0.012422000000000001 0.012252000000000001 0.011749000000000001 0.10753200000000002 0.13778300000000007 0.10703800000000002 0.004836 0.0045640000000000003 0.0045929999999999999 0.001111 0.0010790000000000001 0.0010429999999999999 13.255605549212317 13.255605549212317 13.255605549212317 0.0010101457454137234 0.0010101457454137234 0.0010101457454137234 1 1 1 Converged Converged Converged OK OK OK 98 98 98 98 98 98 6 6 6 0 0 0 0 1 0 0 1
27 27 uniform 0 15 275 2 0.0001 1.393853337219328 0.39270477068481835 0.034441735921877964 0.27534735268633986 0.045483908145788558 0.2774438061772368 0 0.11558482895254146 12.523399717550962 OK 14 13 0.486396 0.48070499999999999 0.21113899999999999 0.27401900000000001 0.16565299999999999 0 0.21237699999999998 0.315052 0.21113899999999999 0.012359999999999999 0.012396000000000001 0.011832000000000001 0.15743999999999997 0.25981200000000015 0.15660199999999994 0.0080420000000000005 0.0081099999999999992 0.00843 0.0014150000000000002 0.001428 0.0014290000000000001 12.523408014692754 12.523408014692754 12.523408014692754 0.00045167298434834033 0.00045167298434834033 0.00045167298434834033 1 1 1 Converged Converged Converged OK OK OK 146 146 146 146 146 146 6 6 6 0 0 0 0 1 0 0 1
27 27 uniform 0 23 275 3 0.0001 1.393853337219328 0.39270477068481835 0.034441735921877964 0.27534735268633986 0.045483908145788558 0.28223569987071545 0 0.11079293525906281 11.674526168497922 OK 14 13 0.44608599999999998 0.39404699999999998 0.160917 0.27921699999999999 0.180254 0 0.16686899999999999 0.21379299999999998 0.160917 0.012449 0.012319 0.011554 0.12475299999999998 0.17291700000000002 0.12068999999999996 0.0053300000000000005 0.004921 0.0049699999999999996 0.0011709999999999999 0.0011300000000000001 0.0011560000000000001 11.674525841768279 11.674525841768279 11.674525841768279 0.00068933566798600821 0.00068933566798600821 0.00068933566798600821 1 1 1 Converged Converged Converged OK OK OK 106 106 106 106 106 106 6 6 6 0 0 0 0 1 0 0 1
27 27 uniform 1 0 276 0 0.001 1.393853337219328 0.39270477068481835 0.034441735921877964 0.29712894476248053 -0.25472164766031047 0.29024059757810494 0 0.10278803755167332 7.5208814593840909 OK 13 12 0.277696 0.274453 0.081500000000000003 0.19489500000000001 0.19208800000000001 0 0.082800999999999986 0.082364999999999994 0.081500000000000003 0.0093629999999999998 0.0094459999999999995 0.0091190000000000004 0.05279300000000002 0.052787000000000001 0.052357000000000008 0.0026489999999999999 0.0025990000000000002 0.0024910000000000002 0.00073200000000000001 0.00069300000000000004 0.00068199999999999999 7.5208869100539006 7.5208869100539006 7.5208869100539006 0.0072490052871061281 0.0072490052871061281 0.0072490052871061281 1 1 1 Converged Converged Converged OK OK OK 66 66 66 66 66 66 6 6 6 0 0 0 0 0 1 0 0
27 27 uniform 1 7 276 1 0.001 1.393853337219328 0.39270477068481835 0.034441735921877964 0.29712894476248053 -0.25472164766031047 0.29443350455989875 0 0.098595130569879508 6.9525421152390887 OK 13 12 0.29024800000000001 0.25593199999999999 0.082210000000000005 0.20669399999999999 0.14616999999999999 0 0.083554000000000017 0.109762 0.082210000000000005 0.0083320000000000009 0.0086370000000000006 0.0078630000000000002 0.056620999999999998 0.081877000000000005 0.056167000000000009 0.0027899999999999999 0.0030759999999999997 0.0028289999999999995 0.00081900000000000007 0.00087199999999999995 0.00077499999999999997 6.9525430103262096 6.9525430103262096 6.9525430103262096 0.0030826943783489372 0.0030826943783489372 0.0030826943783489372 1 1 1 Converged Converged Converged OK OK OK 74 74 74 74 74 74 6 6 6 0 0 0 0 1 0 0 1
27 27 uniform 1 15 276 2 0.001 1.393853337219328 0.39270477068481835 0.034441735921877964 0.29712894476248053 -0.25472164766031047 0.29922539825337746 0 0.093803236876400797 6.2311720366167247 OK 13 12 0.27988299999999999 0.255189 0.084314 0.19434999999999999 0.13465099999999999 0 0.085532999999999998 0.12053800000000001 0.084314 0.0083540000000000003 0.0085389999999999997 0.0078650000000000005 0.059731999999999986 0.093947999999999976 0.059371999999999987 0.0028780000000000003 0.0029720000000000002 0.002843 0.00085099999999999998 0.00094899999999999997 0.00082800000000000007 6.2311816054370874 6.2311816054370874 6.2311816054370874 0.0031156146786111743 0.0031156146786111743 0.0031156146786111743 1 1 1 Converged Converged Converged OK OK OK 74 74 74 74 74 74 6 6 6 0 0 0 0 1 0 0 1
27 27 uniform 1 23 276 3 0.001 1.393853337219328 0.39270477068481835 0.034441735921877964 0.29712894476248053 -0.25472164766031047 0.30401729194685612 0 0.089011343182922142 5.4173354875188204 OK 13 12 0.28258800000000001 0.24776200000000001 0.078344999999999998 0.19897599999999999 0.12608900000000001 0 0.08361200000000002 0.121673 0.078344999999999998 0.0085579999999999996 0.0084360000000000008 0.0078989999999999998 0.057663999999999986 0.096521000000000023 0.054391999999999961 0.0029980000000000002 0.0028319999999999999 0.0026830000000000005 0.00085900000000000006 0.00080800000000000002 0.00076900000000000004 5.4173354620573617 5.4173354620573617 5.4173354620573617 0.0013531514171313105 0.0013531514171313105 0.0013531514171313105 1 1 1 Converged Converged Converged OK OK OK 67 67 67 67 67 67 5 5 5 0 0 0 0 1 0 0 1
27 27 uniform 1 0 276 0 0.0001 1.393853337219328 0.39270477068481835 0.034441735921877964 0.29712894476248053 -0.25472164766031047 0.29024059757810494 0 0.10278803755167332 7.5208814593840909 OK 13 12 0.30498199999999998 0.29747400000000002 0.103189 0.20163600000000001 0.19350500000000001 0 0.10334599999999997 0.10396900000000001 0.103189 0.0089890000000000005 0.0092169999999999995 0.0089510000000000006 0.065956000000000015 0.066319000000000031 0.065989999999999993 0.0035199999999999997 0.0035490000000000001 0.0034310000000000005 0.0011330000000000001 0.001227 0.0012260000000000001 7.5208816436644259 7.5208816436644259 7.5208816436644259 0.00056321155208201659 0.00056321155208201659 0.00056321155208201659 1 1 1 Converged Converged Converged OK OK OK 90 90 90 90 90 90 6 6 6 0 0 0 0 0 1 0 0
27 27 uniform 1 7 276 1 0.0001 1.393853337219328 0.39270477068481835 0.034441735921877964 0.29712894476248053 -0.25472164766031047 0.29443350455989875 0 0.098595130569879508 6.9525421152390887 OK 13 12 0.31881799999999999 0.29372599999999999 0.10649599999999999 0.20999000000000001 0.14762800000000001 0 0.10882799999999998 0.14609799999999998 0.10649599999999999 0.0083289999999999996 0.0084840000000000002 0.0078230000000000001 0.074439000000000033 0.11206000000000003 0.073508000000000004 0.003908 0.0040660000000000002 0.0040099999999999997 0.001093 0.0010739999999999999 0.001145 6.9525421974393504 6.9525421974393504 6.9525421974393504 0.00031949140166613452 0.00031949140166613452 0.00031949140166613452 1 1 1 Converged Converged Converged OK OK OK 98 98 98 98 98 98 6 6 6 0 0 0 0 1 0 0 1
27 27 uniform 1 15 276 2 0.0001 1.393853337219328 0.39270477068481835 0.034441735921877964 0.29712894476248053 -0.25472164766031047 0.29922539825337746 0 0.093803236876400797 6.2311720366167247 OK 13 12 0.30062899999999998 0.28161700000000001 0.101991 0.19381999999999999 0.136152 0 0.10680899999999999 0.14546500000000001 0.101991 0.0083560000000000006 0.0083429999999999997 0.0079019999999999993 0.07582800000000002 0.11480600000000006 0.071972999999999995 0.0041120000000000002 0.0040810000000000004 0.0040499999999999998 0.0011969999999999999 0.001157 0.0011529999999999999 6.2311723013996216 6.2311723013996216 6.2311723013996216 0.00061268364529250838 0.00061268364529250838 0.00061268364529250838 1 1 1 Converged Converged Converged OK OK OK 98 98 98 98 98 98 6 6 6 0 0 0 0 1 0 0 1
27 27 uniform 1 23 276 3 0.0001 1.393853337219328 0.39270477068481835 0.034441735921877964 0.29712894476248053 -0.25472164766031047 0.30401729194685612 0 0.089011343182922142 5.4173354875188204 OK 13 12 0.30904900000000002 0.28513699999999997 0.10372000000000001 0.20361399999999999 0.12962199999999999 0 0.10543500000000003 0.15551499999999999 0.10372000000000001 0.0085640000000000004 0.0085369999999999994 0.0078869999999999999 0.073528999999999983 0.12355500000000001 0.073075999999999988 0.0040169999999999997 0.0039779999999999998 0.0038510000000000003 0.0010710000000000001 0.0010639999999999998 0.0010429999999999999 5.4173355873281803 5.4173355873281803 5.4173355873281803 0.00020180614004762672 0.00020180614004762672 0.00020180614004762672 1 1 1 Converged Converged Converged OK OK OK 91 91 91 91 91 91 5 5 5 0 0 0 0 1 0 0 1
27 27 uniform 2 0 277 0 0.001 1.393853337219328 0.39270477068481835 0.034441735921877964 -0.47552255649402386 -0.24836513109243086 -0.48241090367839945 0 0.87543953880817771 4.9945216340885832 OK 14 13 0.43295899999999998 0.425288 0.12794700000000001 0.29993999999999998 0.29546800000000001 0 0.133019 0.12981999999999999 0.12794700000000001 0.012527 0.012961 0.012255 0.089679999999999996 0.086448999999999984 0.085858999999999977 0.0037429999999999998 0.0038500000000000001 0.0036960000000000001 0.0009990000000000001 0.000977 0.00095399999999999999 4.9943835881635561 4.9943835881635561 4.9943835881635561 0.0048792639368803086 0.0048792639368803086 0.0048792639368803086 1 1 1 Converged Converged Converged OK OK OK 88 88 88 88 88 88 8 8 8 0 0 0 0 0 1 0 0
27 27 uniform 2 7 277 1 0.001 1.393853337219328 0.39270477068481835 0.034441735921877964 -0.47552255649402386 -0.24836513109243086 -0.47821799669660564 0 0.87124663182638384 5.0457662029825263 OK 14 13 0.39705699999999999 0.31188900000000003 0.119252 0.27663199999999999 0.17318 0 0.120425 0.13870900000000003 0.119252 0.011426 0.011565000000000001 0.010807000000000001 0.083382999999999985 0.101342 0.083199000000000023 0.0040049999999999999 0.0041919999999999995 0.0038979999999999996 0.0010820000000000001 0.0010549999999999999 0.0010369999999999999 5.0457671410478246 5.0457671410478246 5.0457671410478246 0.002968591698207314 0.002968591698207314 0.002968591698207314 1 1 1 Converged Converged Converged OK OK OK 96 96 96 96 96 96 8 8 8 0 0 0 0 1 0 0 1
27 27 uniform 2 15 277 2 0.001 1.393853337219328 0.39270477068481835 0.034441735921877964 -0.47552255649402386 -0.24836513109243086 -0.47342610300312693 0 0.86645473813290519 5.0406390320587882 OK 14 13 0.39135999999999999 0.31573600000000002 0.12560099999999999 0.26368599999999998 0.17353499999999999 0 0.12767400000000001 0.14220100000000002 0.12560099999999999 0.011560000000000001 0.011472 0.01078 0.08780300000000002 0.10255900000000001 0.087052999999999964 0.0043880000000000004 0.0044570000000000009 0.0043549999999999995 0.0011969999999999999 0.0011980000000000001 0.001188 5.0406401234528859 5.0406401234528859 5.0406401234528859 0.0010529612976781821 0.0010529612976781821 0.0010529612976781821 1 1 1 Converged Converged Converged OK OK OK 104 104 104 104 104 104 8 8 8 0 0 0 0 1 0 0 1
27 27 uniform 2 23 277 3 0.001 1.393853337219328 0.39270477068481835 0.034441735921877964 -0.47552255649402386 -0.24836513109243086 -0.46863420930964828 0 0.86166284443942653 5.0078091109709826 OK 14 13 0.41419800000000001 0.31033300000000003 0.12512000000000001 0.29026000000000002 0.16828499999999999 0 0.12393799999999999 0.14204800000000004 0.12512000000000001 0.011200999999999999 0.011157 0.010444 0.086248000000000019 0.10417800000000003 0.088650000000000048 0.004359 0.0045230000000000001 0.0043000000000000009 0.001235 0.001219 0.0011970000000000001 5.0078100301795372 5.0078100301795372 5.0078100301795372 0.0008811233221492162 0.0008811233221492162 0.0008811233221492162 1 1 1 Converged Converged Converged OK OK OK 104 104 104 104 104 104 8 8 8 0 0 0 0 1 0 0 1
27 27 uniform 2 0 277 0 0.0001 1.393853337219328 0.39270477068481835 0.034441735921877964 -0.47552255649402386 -0.24836513109243086 -0.48241090367839945 0 0.87543953880817771 4.9945216340885832 OK 14 13 0.51075599999999999 0.51075899999999996 0.21029300000000001 0.29957600000000001 0.29545399999999999 0 0.21117999999999998 0.21530499999999997 0.21029300000000001 0.012563 0.012699 0.012085 0.142849 0.14345199999999997 0.14257700000000006 0.0071770000000000002 0.0079600000000000001 0.0072230000000000003 0.001635 0.0016540000000000001 0.0016740000000000001 4.9945232399880819 4.9945232399880819 4.9945232399880819 0.00048819680390527274 0.00048819680390527274 0.00048819680390527274 1 1 1 Converged Converged Converged OK OK OK 152 152 152 152 152 152 8 8 8 0 0 0 0 0 1 0 0
27 27 uniform 2 7 277 1 0.0001 1.393853337219328 0.39270477068481835 0.034441735921877964 -0.47552255649402386 -0.24836513109243086 -0.47821799669660564 0 0.87124663182638384 5.0457662029825263 OK 14 13 0.454878 0.38893899999999998 0.175404 0.27864800000000001 0.173706 0 0.17623 0.21523299999999998 0.175404 0.011592 0.011390000000000001 0.010661 0.126359 0.16459200000000015 0.12662199999999998 0.0064789999999999995 0.006868 0.0065589999999999997 0.0016100000000000001 0.0017149999999999999 0.001634 5.0457679004791567 5.0457679004791567 5.0457679004791567 0.00033893311695554239 0.00033893311695554239 0.00033893311695554239 1 1 1 Converged Converged Converged OK OK OK 144 144 144 144 144 144 8 8 8 0 0 0 0 1 0 0 1
27 27 uniform 2 15 277 2 0.0001 1.393853337219328 0.39270477068481835 0.034441735921877964 -0.47552255649402386 -0.24836513109243086 -0.47342610300312693 0 0.86645473813290519 5.0406390320587882 OK 14 13 0.43950499999999998 0.37213099999999999 0.16667499999999999 0.26405000000000001 0.17331099999999999 0 0.17545499999999997 0.19882 0.16667499999999999 0.011475000000000001 0.01158 0.010784 0.12702699999999995 0.14966199999999996 0.11975599999999993 0.0062989999999999999 0.0066340000000000001 0.0061890000000000001 0.001508 0.001498 0.0014639999999999998 5.0406401222837092 5.0406401222837092 5.0406401222837092 0.00040207447340694677 0.00040207447340694677 0.00040207447340694677 1 1 1 Converged Converged Converged OK OK OK 136 136 136 136 136 136 8 8 8 0 0 0 0 1 0 0 1
27 27 uniform 2 23 277 3 0.0001 1.393853337219328 0.39270477068481835 0.034441735921877964 -0.47552255649402386 -0.24836513109243086 -0.46863420930964828 0 0.86166284443942653 5.0078091109709826 OK 14 13 0.46082200000000001 0.37058000000000002 0.16592399999999999 0.29319699999999999 0.17157800000000001 0 0.16762500000000002 0.19900200000000001 0.16592399999999999 0.011048000000000001 0.011429999999999999 0.01047 0.11953599999999995 0.14940500000000004 0.11939299999999993 0.0063670000000000003 0.0070679999999999988 0.006241 0.0015100000000000001 0.0016100000000000001 0.001428 5.0078100310429967 5.0078100310429967 5.0078100310429967 0.00031948717841857681 0.00031948717841857681 0.00031948717841857681 1 1 1 Converged Converged Converged OK OK OK 136 136 136 136 136 136 8 8 8 0 0 0 0 1 0 0 1
27 27 uniform 3 0 278 0 0.001 1.393853337219328 0.39270477068481835 0.034441735921877964 0.14180818074466212 -0.15717572633392013 0.13491983356028653 0 0.25810880156949173 5.9360529173616188 OK 15 14 0.38943499999999998 0.38781100000000002 0.13832 0.25031599999999998 0.24773600000000001 0 0.13911899999999999 0.14007500000000001 0.13832 0.014286 0.014734000000000001 0.01389 0.091763000000000025 0.092124999999999999 0.091477000000000031 0.0039459999999999999 0.0040920000000000002 0.0038900000000000002 0.0010809999999999999 0.0011589999999999999 0.001088 5.9360528062515483 5.9360528062515483 5.9360528062515483 0.0033433568537778332 0.0033433568537778332 0.0033433568537778332 1 1 1 Converged Converged Converged OK OK OK 97 97 97 97 97 97 7 7 7 0 0 0 0 0 1 0 0
27 27 uniform 3 7 278 1 0.001 1.393853337219328 0.39270477068481835 0.034441735921877964 0.14180818074466212 -0.15717572633392013 0.13911274054208037 0 0.25391589458769792 6.0089374467139542 OK 15 14 0.36534499999999998 0.33399000000000001 0.12231599999999999 0.24099899999999999 0.168237 0 0.12434599999999998 0.16575300000000001 0.12231599999999999 0.013464 0.013721000000000001 0.012900999999999999 0.088630000000000042 0.129583 0.087745999999999977 0.0036549999999999998 0.0036640000000000006 0.0034659999999999995 0.00095200000000000005 0.00098799999999999995 0.00094199999999999991 6.0089374767478176 6.0089374767478176 6.0089374767478176 0.0053073350006223189 0.0053073350006223189 0.0053073350006223189 1 1 1 Converged Converged Converged OK OK OK 89 89 89 89 89 89 7 7 7 0 0 0 0 1 0 0 1
27 27 uniform 3 15 278 2 0.001 1.393853337219328 0.39270477068481835 0.034441735921877964 0.14180818074466212 -0.15717572633392013 0.14390463423555905 0 0.24912400089421921 6.0989496556548959 OK 15 14 0.37992199999999998 0.34180700000000003 0.12773100000000001 0.24982099999999999 0.16875399999999999 0 0.13010099999999999 0.17305300000000004 0.12773100000000001 0.013886000000000001 0.019064000000000001 0.013051 0.093848000000000015 0.13168300000000002 0.09317499999999998 0.0037039999999999998 0.0037109999999999999 0.003669 0.00096200000000000007 0.00098900000000000008 0.00092299999999999988 6.0989495777830847 6.0989495777830847 6.0989495777830847 0.0045854203393388745 0.0045854203393388745 0.0045854203393388745 1 1 1 Converged Converged Converged OK OK OK 89 89 89 89 89 89 7 7 7 0 0 0 0 1 0 0 1
27 27 uniform 3 23 278 3 0.001 1.393853337219328 0.39270477068481835 0.034441735921877964 0.14180818074466212 -0.15717572633392013 0.1486965279290377 0 0.24433210720074056 6.1969343086978821 OK 15 14 0.37665100000000001 0.33759899999999998 0.135273 0.23654 0.17275499999999999 0 0.14011100000000001 0.16484399999999999 0.135273 0.013549 0.013703999999999999 0.012869999999999999 0.10247099999999992 0.12851999999999994 0.098167000000000018 0.0036980000000000003 0.0037550000000000001 0.0034750000000000002 0.0010809999999999999 0.001101 0.0010400000000000001 6.1969342126191709 6.1969342126191709 6.1969342126191709 0.0042140514808491859 0.0042140514808491859 0.0042140514808491859 1 1 1 Converged Converged Converged OK OK OK 89 89 89 89 89 89 7 7 7 0 0 0 0 1 0 0 1
27 27 uniform 3 0 278 0 0.0001 1.393853337219328 0.39270477068481835 0.034441735921877964 0.14180818074466212 -0.15717572633392013 0.13491983356028653 0 0.25810880156949173 5.9360529173616188 OK 15 14 0.43485600000000002 0.43340899999999999 0.18584300000000001 0.25024099999999999 0.249366 0 0.18461500000000003 0.18404299999999998 0.18584300000000001 0.014482999999999999 0.014512000000000001 0.013808000000000001 0.12078799999999998 0.12071699999999998 0.12306300000000001 0.0060410000000000004 0.0059610000000000002 0.0059949999999999995 0.0015749999999999998 0.0016020000000000001 0.0015790000000000001 5.9360528386516869 5.9360528386516869 5.9360528386516869 5.3818637103255547e-05 5.3818637103255547e-05 5.3818637103255547e-05 1 1 1 Converged Converged Converged OK OK OK 137 137 137 137 137 137 7 7 7 0 0 0 0 0 1 0 0
27 27 uniform 3 7 278 1 0.0001 1.393853337219328 0.39270477068481835 0.034441735921877964 0.14180818074466212 -0.15717572633392013 0.13911274054208037 0 0.25391589458769792 6.0089374467139542 OK 15 14 0.40964400000000001 0.41548400000000002 0.17024600000000001 0.24148500000000001 0.16833600000000001 0 0.168159 0.24714800000000001 0.17024600000000001 0.013468000000000001 0.013731 0.01643 0.11972200000000001 0.19754800000000006 0.11895800000000002 0.0059579999999999998 0.006123 0.0059190000000000006 0.0015089999999999999 0.0015229999999999998 0.0015350000000000001 6.008937351932679 6.008937351932679 6.008937351932679 6.6177178379640662e-05 6.6177178379640662e-05 6.6177178379640662e-05 1 1 1 Converged Converged Converged OK OK OK 137 137 137 137 137 137 7 7 7 0 0 0 0 1 0 0 1
27 27 uniform 3 15 278 2 0.0001 1.393853337219328 0.39270477068481835 0.034441735921877964 0.14180818074466212 -0.15717572633392013 0.14390463423555905 0 0.24912400089421921 6.0989496556548959 OK 15 14 0.42488700000000001 0.41793400000000003 0.17365900000000001 0.24887100000000001 0.175293 0 0.17601600000000001 0.24264100000000002 0.17365900000000001 0.013778 0.013729 0.012968 0.1263730000000001 0.19349900000000009 0.12583900000000001 0.0063019999999999994 0.0060049999999999999 0.0060099999999999997 0.0016080000000000001 0.0015140000000000002 0.001555 6.0989495597424295 6.0989495597424295 6.0989495597424295 0.00010146230891093334 0.00010146230891093334 0.00010146230891093334 1 1 1 Converged Converged Converged OK OK OK 137 137 137 137 137 137 7 7 7 0 0 0 0 1 0 0 1
27 27 uniform 3 23 278 3 0.0001 1.393853337219328 0.39270477068481835 0.034441735921877964 0.14180818074466212 -0.15717572633392013 0.1486965279290377 0 0.24433210720074056 6.1969343086978821 OK 15 14 0.42064099999999999 0.415607 0.17910000000000001 0.23632 0.17028199999999999 0 0.18432099999999998 0.24532500000000002 0.17910000000000001 0.013565000000000001 0.013776999999999999 0.012841 0.13202699999999995 0.19446200000000002 0.13161600000000001 0.0094549999999999999 0.0069499999999999996 0.0058120000000000012 0.001634 0.0016280000000000003 0.0016530000000000002 6.1969342271514094 6.1969342271514094 6.1969342271514094 0.00019012557985370563 0.00019012557985370563 0.00019012557985370563 1 1 1 Converged Converged Converged OK OK OK 137 137 137 137 137 137 7 7 7 0 0 0 0 1 0 0 1
27 27 uniform 4 0 279 0 0.001 1.393853337219328 0.39270477068481835 0.034441735921877964 -0.51804578262822953 -0.11965648914440501 -0.52493412981260512 0 0.91796276494238338 4.3363138050161201 OK 15 14 0.39611600000000002 0.39568999999999999 0.101308 0.28916599999999998 0.29286499999999999 0 0.10695000000000005 0.102825 0.101308 0.014038999999999999 0.014396000000000001 0.013927 0.059695000000000019 0.060369999999999986 0.059775000000000002 0.0037109999999999999 0.0038290000000000004 0.0036989999999999996 0.00088100000000000006 0.00088699999999999998 0.00087799999999999998 4.3363137425135188 4.3363137425135188 4.3363137425135188 0.0016788671286253934 0.0016788671286253934 0.0016788671286253934 1 1 1 Converged Converged Converged OK OK OK 75 75 75 75 75 75 5 5 5 0 0 0 0 0 1 0 0
27 27 uniform 4 7 279 1 0.001 1.393853337219328 0.39270477068481835 0.034441735921877964 -0.51804578262822953 -0.11965648914440501 -0.52074122283081126 0 0.91376985796058952 4.2424228365242911 OK 15 14 0.39039200000000002 0.30168099999999998 0.100152 0.28855399999999998 0.17907500000000001 0 0.10183800000000004 0.12260599999999997 0.100152 0.013519 0.013644999999999999 0.012851 0.065492999999999996 0.085766000000000023 0.064835999999999977 0.003663 0.0037559999999999998 0.0036579999999999998 0.00086300000000000005 0.00088599999999999996 0.00087000000000000001 4.2424227836183688 4.2424227836183688 4.2424227836183688 0.0016179965072659183 0.0016179965072659183 0.0016179965072659183 1 1 1 Converged Converged Converged OK OK OK 75 75 75 75 75 75 5 5 5 0 0 0 0 1 0 0 1
27 27 uniform 4 15 279 2 0.001 1.393853337219328 0.39270477068481835 0.034441735921877964 -0.51804578262822953 -0.11965648914440501 -0.5159493291373326 0 0.90897796426711086 4.1468936125748641 OK 15 14 0.385436 0.29122399999999998 0.094909999999999994 0.28864299999999998 0.17701800000000001 0 0.096793000000000018 0.11420599999999997 0.094909999999999994 0.013447000000000001 0.013521999999999999 0.012808999999999999 0.060566999999999975 0.077661999999999981 0.060060999999999989 0.0035770000000000003 0.003751 0.0035940000000000004 0.00085599999999999999 0.00089200000000000011 0.00085900000000000006 4.1468935655273382 4.1468935655273382 4.1468935655273382 0.0015585787317365426 0.0015585787317365426 0.0015585787317365426 1 1 1 Converged Converged Converged OK OK OK 75 75 75 75 75 75 5 5 5 0 0 0 0 1 0 0 1
27 27 uniform 4 23 279 3 0.001 1.393853337219328 0.39270477068481835 0.034441735921877964 -0.51804578262822953 -0.11965648914440501 -0.51115743544385395 0 0.90418607057363221 4.0617175442071005 OK 15 14 0.39918100000000001 0.29494799999999999 0.091092000000000006 0.30611500000000003 0.18839800000000001 0 0.093065999999999982 0.10654999999999998 0.091092000000000006 0.013436999999999999 0.013688000000000001 0.012687 0.056910999999999989 0.070209000000000021 0.056242 0.0036600000000000005 0.0036610000000000002 0.0036210000000000001 0.00086899999999999998 0.00088400000000000013 0.00083500000000000013 4.0617174981657422 4.0617174981657422 4.0617174981657422 0.0015069202911247226 0.0015069202911247226 0.0015069202911247226 1 1 1 Converged Converged Converged OK OK OK 75 75 75 75 75 75 5 5 5 0 0 0 0 1 0 0 1
27 27 uniform 4 0 279 0 0.0001 1.393853337219328 0.39270477068481835 0.034441735921877964 -0.51804578262822953 -0.11965648914440501 -0.52493412981260512 0 0.91796276494238338 4.3363138050161201 OK 15 14 0.458727 0.45898800000000001 0.16506199999999999 0.292987 0.29259200000000002 0 0.16574 0.16639599999999999 0.16506199999999999 0.014348 0.014458 0.013988 0.10381400000000005 0.10439500000000002 0.10413799999999999 0.0062850000000000007 0.0063689999999999997 0.0062089999999999992 0.0013239999999999999 0.001366 0.0013009999999999999 4.3363137548645208 4.3363137548645208 4.3363137548645208 0.00014551215718992708 0.00014551215718992708 0.00014551215718992708 1 1 1 Converged Converged Converged OK OK OK 123 123 123 123 123 123 5 5 5 0 0 0 0 0 1 0 0
27 27 uniform 4 7 279 1 0.0001 1.393853337219328 0.39270477068481835 0.034441735921877964 -0.51804578262822953 -0.11965648914440501 -0.52074122283081126 0 0.91376985796058952 4.2424228365242911 OK 15 14 0.446023 0.36609599999999998 0.15551699999999999 0.289103 0.17979700000000001 0 0.15692 0.18629899999999996 0.15551699999999999 0.013682 0.013528999999999999 0.012892000000000001 0.10574500000000001 0.13478899999999999 0.10540000000000004 0.0062649999999999997 0.0063379999999999999 0.0062219999999999992 0.001284 0.0012939999999999998 0.001263 4.2424227930039748 4.2424227930039748 4.2424227930039748 0.00014683399437859593 0.00014683399437859593 0.00014683399437859593 1 1 1 Converged Converged Converged OK OK OK 123 123 123 123 123 123 5 5 5 0 0 0 0 1 0 0 1
27 27 uniform 4 15 279 2 0.0001 1.393853337219328 0.39270477068481835 0.034441735921877964 -0.51804578262822953 -0.11965648914440501 -0.5159493291373326 0 0.90897796426711086 4.1468936125748641 OK 15 14 0.44567600000000002 0.36075299999999999 0.15054899999999999 0.29139300000000001 0.17713899999999999 0 0.154283 0.183614 0.15054899999999999 0.013551000000000001 0.013584000000000001 0.012814000000000001 0.10253099999999996 0.13251499999999994 0.100761 0.0065920000000000006 0.006352 0.006150000000000001 0.0013449999999999998 0.0012980000000000001 0.0012819999999999999 4.1468935732718695 4.1468935732718695 4.1468935732718695 0.0001483631105173403 0.0001483631105173403 0.0001483631105173403 1 1 1 Converged Converged Converged OK OK OK 123 123 123 123 123 123 5 5 5 0 0 0 0 1 0 0 1
27 27 uniform 4 23 279 3 0.0001 1.393853337219328 0.39270477068481835 0.034441735921877964 -0.51804578262822953 -0.11965648914440501 -0.51115743544385395 0 0.90418607057363221 4.0617175442071005 OK 15 14 0.45552500000000001 0.36358099999999999 0.14788399999999999 0.30568499999999998 0.188252 0 0.14984000000000003 0.17532899999999998 0.14788399999999999 0.013559999999999999 0.013594999999999999 0.012735 0.099170999999999954 0.12435300000000003 0.098413000000000056 0.0062220000000000001 0.0062449999999999997 0.0061840000000000003 0.001271 0.0012660000000000002 0.0012410000000000001 4.0617175051325436 4.0617175051325436 4.0617175051325436 0.00014991037996873059 0.00014991037996873059 0.00014991037996873059 1 1 1 Converged Converged Converged OK OK OK 123 123 123 123 123 123 5 5 5 0 0 0 0 1 0 0 1
28 28 linear 0 0 280 0 0.001 3.3680622790048678 0.026621150520302686 3.4335399077974994e-05 -2.9923358944942748 0.024604973909008034 -2.9923427615740903 0.5 3.0796794513020398 115.88967453746704 OK 14 13 0.69607699999999995 0.72588299999999994 0.135211 0.55305199999999999 0.56782600000000005 0 0.14302499999999996 0.15805699999999989 0.135211 0.011896 0.011915 0.011396 0.108792 0.121057 0.10226499999999999 0.0031129999999999999 0.0031799999999999997 0.0029350000000000005 0.00081499999999999997 0.001699 0.00077599999999999989 115.89066899593388 115.89066899593388 115.89066899593388 0.031089813229731349 0.031089813229731349 0.031089813229731349 1 1 1 Converged Converged Converged OK OK OK 67 67 67 67 67 67 5 5 5 0 0 0 0 0 1 0 0
28 28 linear 0 7 280 1 0.001 3.3680622790048678 0.026621150520302686 3.4335399077974994e-05 -2.9923358944942748 0.024604973909008034 -2.9923385816124637 0.5 3.0796752713404132 135.18062530019208 OK 14 13 0.71806099999999995 0.71922900000000001 0.13352600000000001 0.58019399999999999 0.43586599999999998 0 0.13786699999999996 0.28336300000000003 0.13352600000000001 0.011056 0.012114 0.010305 0.108875 0.25222199999999995 0.10636799999999995 0.0030999999999999999 0.0031340000000000001 0.0028470000000000006 0.00077500000000000008 0.00077800000000000005 0.00070899999999999999 135.18102089070712 135.18102089070712 135.18102089070712 0.033342438832997784 0.033342438832997784 0.033342438832997784 1 1 1 Converged Converged Converged OK OK OK 67 67 67 67 67 67 5 5 5 0 0 0 0 1 0 0 1
28 28 linear 0 15 280 2 0.001 3.3680622790048678 0.026621150520302686 3.4335399077974994e-05 -2.9923358944942748 0.024604973909008034 -2.9923338045134615 0.5 3.079670494241411 155.43935843132621 OK 14 13 0.69990699999999995 0.66981100000000005 0.131463 0.56465299999999996 0.43931399999999998 0 0.13525399999999999 0.23049700000000006 0.131463 0.010839 0.011015 0.010233000000000001 0.10692599999999999 0.201844 0.10442800000000002 0.0028840000000000003 0.0030050000000000003 0.0028089999999999999 0.00081299999999999992 0.00080400000000000003 0.00077500000000000008 155.43993645505498 155.43993645505498 155.43993645505498 0.036413174102200942 0.036413174102200942 0.036413174102200942 1 1 1 Converged Converged Converged OK OK OK 67 67 67 67 67 67 5 5 5 0 0 0 0 1 0 0 1
28 28 linear 0 23 280 3 0.001 3.3680622790048678 0.026621150520302686 3.4335399077974994e-05 -2.9923358944942748 0.024604973909008034 -2.9923290274144594 0.5 3.0796657171424089 173.33412381765552 OK 14 13 0.698461 0.64638899999999999 0.134544 0.56009299999999995 0.41461500000000001 0 0.13836800000000005 0.23177399999999998 0.134544 0.010761 0.010912 0.010192 0.11018799999999998 0.20295200000000013 0.10727199999999999 0.0029719999999999998 0.0033429999999999996 0.0030299999999999997 0.00072099999999999996 0.00074999999999999991 0.00074299999999999995 173.33206992290641 173.33206992290641 173.33206992290641 0.039986943588110453 0.039986943588110453 0.039986943588110453 1 1 1 Converged Converged Converged OK OK OK 67 67 67 67 67 67 5 5 5 0 0 0 0 1 0 0 1
28 28 linear 0 0 280 0 0.0001 3.3680622790048678 0.026621150520302686 3.4335399077974994e-05 -2.9923358944942748 0.024604973909008034 -2.9923427615740903 0.5 3.0796794513020398 115.88967453746704 OK 14 13 0.72141299999999997 0.71656500000000001 0.15861800000000001 0.55932000000000004 0.55650900000000003 0 0.16209299999999993 0.16005599999999998 0.15861800000000001 0.011731999999999999 0.011965 0.011547999999999999 0.12220499999999999 0.11944199999999999 0.119091 0.0039579999999999997 0.0039239999999999995 0.0038669999999999998 0.00091500000000000012 0.00091 0.00090200000000000002 115.89066900755238 115.89066900755238 115.89066900755238 0.010382704981213974 0.010382704981213974 0.010382704981213974 1 1 1 Converged Converged Converged OK OK OK 83 83 83 83 83 83 5 5 5 0 0 0 0 0 1 0 0
28 28 linear 0 7 280 1 0.0001 3.3680622790048678 0.026621150520302686 3.4335399077974994e-05 -2.9923358944942748 0.024604973909008034 -2.9923385816124637 0.5 3.0796752713404132 135.18062530019208 OK 14 13 0.74247200000000002 0.75122599999999995 0.15537200000000001 0.57955100000000004 0.43050500000000003 0 0.16292099999999998 0.32072099999999992 0.15537200000000001 0.010867999999999999 0.010945999999999999 0.010340999999999999 0.12919899999999995 0.2868389999999999 0.12297100000000001 0.0038530000000000001 0.0040179999999999999 0.0038769999999999998 0.00088100000000000006 0.000852 0.00085399999999999994 135.18102090237542 135.18102090237542 135.18102090237542 0.012558396107533181 0.012558396107533181 0.012558396107533181 1 1 1 Converged Converged Converged OK OK OK 83 83 83 83 83 83 5 5 5 0 0 0 0 1 0 0 1
28 28 linear 0 15 280 2 0.0001 3.3680622790048678 0.026621150520302686 3.4335399077974994e-05 -2.9923358944942748 0.024604973909008034 -2.9923338045134615 0.5 3.079670494241411 155.43935843132621 OK 14 13 0.72502699999999998 0.74959100000000001 0.15447900000000001 0.565662 0.43335000000000001 0 0.15936499999999998 0.31624099999999999 0.15447900000000001 0.010975 0.011032 0.010239 0.12566599999999997 0.28247399999999989 0.12202600000000002 0.0037299999999999998 0.0038350000000000003 0.0037229999999999997 0.00099799999999999997 0.00094799999999999995 0.000977 155.43993646678013 155.43993646678013 155.43993646678013 0.015540265087438998 0.015540265087438998 0.015540265087438998 1 1 1 Converged Converged Converged OK OK OK 83 83 83 83 83 83 5 5 5 0 0 0 0 1 0 0 1
28 28 linear 0 23 280 3 0.0001 3.3680622790048678 0.026621150520302686 3.4335399077974994e-05 -2.9923358944942748 0.024604973909008034 -2.9923290274144594 0.5 3.0796657171424089 173.33412381765552 OK 14 13 0.74760599999999999 0.77755700000000005 0.18259500000000001 0.55964400000000003 0.42130800000000002 0 0.18796199999999996 0.35624900000000004 0.18259500000000001 0.010834 0.011027 0.010185 0.14973500000000003 0.31733300000000003 0.14579199999999995 0.0048390000000000004 0.005313 0.0047790000000000003 0.0010200000000000001 0.0010369999999999999 0.0010480000000000001 173.3320698902578 173.3320698902578 173.3320698902578 0.0094647533717400895 0.0094647533717400895 0.0094647533717400895 1 1 1 Converged Converged Converged OK OK OK 99 99 99 99 99 99 5 5 5 0 0 0 0 1 0 0 1
28 28 linear 1 0 281 0 0.001 3.3680622790048678 0.026621150520302686 3.4335399077974994e-05 -2.9613239789412762 0.00013176263186293291 -2.9613308460210916 0.5 3.0486675357490411 121.95961892931074 OK 14 13 0.82665599999999995 0.83669400000000005 0.15513299999999999 0.66735500000000003 0.67472600000000005 0 0.15930099999999991 0.161968 0.15513299999999999 0.011847 0.013322000000000001 0.011336000000000001 0.12547199999999997 0.12581699999999998 0.12237100000000004 0.0030119999999999999 0.0033010000000000001 0.0028960000000000001 0.00075500000000000003 0.00076999999999999996 0.00072700000000000011 121.95993132496226 121.95993132496226 121.95993132496226 0.05994891041689971 0.05994891041689971 0.05994891041689971 1 1 1 Converged Converged Converged OK OK OK 67 67 67 67 67 67 5 5 5 0 0 0 0 0 1 0 0
28 28 linear 1 7 281 1 0.001 3.3680622790048678 0.026621150520302686 3.4335399077974994e-05 -2.9613239789412762 0.00013176263186293291 -2.961326666059465 0.5 3.0486633557874145 118.50446646126041 OK 14 13 0.804338 0.74635300000000004 0.152332 0.64736099999999996 0.53317999999999999 0 0.15697700000000003 0.21317300000000006 0.152332 0.010847000000000001 0.010996000000000001 0.010293 0.12845300000000004 0.18445999999999996 0.12509100000000004 0.0030270000000000002 0.0031540000000000001 0.0029530000000000003 0.00073200000000000001 0.00073200000000000001 0.00072599999999999997 118.50462560805062 118.50462560805062 118.50462560805062 0.059892221406023023 0.059892221406023023 0.059892221406023023 1 1 1 Converged Converged Converged OK OK OK 67 67 67 67 67 67 5 5 5 0 0 0 0 1 0 0 1
28 28 linear 1 15 281 2 0.001 3.3680622790048678 0.026621150520302686 3.4335399077974994e-05 -2.9613239789412762 0.00013176263186293291 -2.9613218889604629 0.5 3.0486585786884124 114.54114789056358 OK 14 13 0.79779500000000003 0.71004 0.15137800000000001 0.64115599999999995 0.49942799999999998 0 0.15663900000000008 0.21061200000000002 0.15137800000000001 0.010963000000000001 0.011008 0.010356000000000001 0.12780500000000003 0.18193200000000001 0.12413300000000001 0.0031050000000000001 0.0029589999999999998 0.0028530000000000005 0.000825 0.00077399999999999995 0.00076400000000000003 114.54152064003807 114.54152064003807 114.54152064003807 0.059834037517212522 0.059834037517212522 0.059834037517212522 1 1 1 Converged Converged Converged OK OK OK 67 67 67 67 67 67 5 5 5 0 0 0 0 1 0 0 1
28 28 linear 1 23 281 3 0.001 3.3680622790048678 0.026621150520302686 3.4335399077974994e-05 -2.9613239789412762 0.00013176263186293291 -2.9613171118614607 0.5 3.0486538015894102 110.56551542440029 OK 14 13 0.79634400000000005 0.71175699999999997 0.15051500000000001 0.63546800000000003 0.497361 0 0.16087600000000002 0.21439599999999998 0.15051500000000001 0.011993 0.010924 0.010274 0.13094399999999995 0.18570500000000001 0.123155 0.0029719999999999998 0.0030839999999999999 0.002967 0.00085299999999999992 0.00081599999999999999 0.00079299999999999998 110.56568918161697 110.56568918161697 110.56568918161697 0.059784908702480793 0.059784908702480793 0.059784908702480793 1 1 1 Converged Converged Converged OK OK OK 67 67 67 67 67 67 5 5 5 0 0 0 0 1 0 0 1
28 28 linear 1 0 281 0 0.0001 3.3680622790048678 0.026621150520302686 3.4335399077974994e-05 -2.9613239789412762 0.00013176263186293291 -2.9613308460210916 0.5 3.0486675357490411 121.95961892931074 OK 14 13 0.87568999999999997 0.87079300000000004 0.20246800000000001 0.668014 0.66747599999999996 0 0.20767599999999997 0.20331700000000008 0.20246800000000001 0.011778 0.011808000000000001 0.011531 0.16348100000000002 0.15919400000000006 0.15829999999999997 0.004777 0.0047480000000000005 0.0047809999999999997 0.001059 0.0010319999999999999 0.0010610000000000001 121.95993074531184 121.95993074531184 121.95993074531184 0.0033932914344044179 0.0033932914344044179 0.0033932914344044179 1 1 1 Converged Converged Converged OK OK OK 99 99 99 99 99 99 5 5 5 0 0 0 0 0 1 0 0
28 28 linear 1 7 281 1 0.0001 3.3680622790048678 0.026621150520302686 3.4335399077974994e-05 -2.9613239789412762 0.00013176263186293291 -2.961326666059465 0.5 3.0486633557874145 118.50446646126041 OK 14 13 0.84944900000000001 0.83119600000000005 0.199377 0.64790700000000001 0.52238700000000005 0 0.201542 0.308809 0.199377 0.010919999999999999 0.01094 0.010217 0.16455699999999995 0.27097399999999999 0.16368299999999997 0.0047290000000000006 0.005278999999999999 0.0047749999999999989 0.0010200000000000001 0.001041 0.00101 118.50462499947916 118.50462499947916 118.50462499947916 0.0033387438219692812 0.0033387438219692812 0.0033387438219692812 1 1 1 Converged Converged Converged OK OK OK 99 99 99 99 99 99 5 5 5 0 0 0 0 1 0 0 1
28 28 linear 1 15 281 2 0.0001 3.3680622790048678 0.026621150520302686 3.4335399077974994e-05 -2.9613239789412762 0.00013176263186293291 -2.9613218889604629 0.5 3.0486585786884124 114.54114789056358 OK 14 13 0.84287500000000004 0.80112700000000003 0.19528699999999999 0.64209000000000005 0.49674000000000001 0 0.20078499999999999 0.30438700000000002 0.19528699999999999 0.010928999999999999 0.011017000000000001 0.010156 0.16388400000000003 0.26710899999999993 0.15975799999999993 0.004901 0.0049979999999999998 0.0048270000000000006 0.001057 0.0010359999999999998 0.00099299999999999996 114.54151999153966 114.54151999153966 114.54151999153966 0.0032829365068805642 0.0032829365068805642 0.0032829365068805642 1 1 1 Converged Converged Converged OK OK OK 99 99 99 99 99 99 5 5 5 0 0 0 0 1 0 0 1
28 28 linear 1 23 281 3 0.0001 3.3680622790048678 0.026621150520302686 3.4335399077974994e-05 -2.9613239789412762 0.00013176263186293291 -2.9613171118614607 0.5 3.0486538015894102 110.56551542440029 OK 14 13 0.83227499999999999 0.80436099999999999 0.19292000000000001 0.63318099999999999 0.50205500000000003 0 0.19909399999999999 0.30230599999999996 0.19292000000000001 0.010971 0.010866000000000001 0.010196999999999999 0.16222200000000003 0.26536800000000005 0.15762500000000002 0.0048679999999999999 0.0050130000000000001 0.0047599999999999995 0.001016 0.0010059999999999999 0.000968 110.56568848395183 110.56568848395183 110.56568848395183 0.0032338239241334536 0.0032338239241334536 0.0032338239241334536 1 1 1 Converged Converged Converged OK OK OK 99 99 99 99 99 99 5 5 5 0 0 0 0 1 0 0 1
28 28 linear 2 0 282 0 0.001 3.3680622790048678 0.026621150520302686 3.4335399077974994e-05 -2.9982797323387347 -0.012457025529440269 -2.9982865994185501 0.5 3.0856232891464996 117.71147048012662 OK 15 14 0.64071699999999998 0.63880400000000004 0.18887300000000001 0.44710499999999997 0.44982800000000001 0 0.19361200000000001 0.18897600000000003 0.18887300000000001 0.014553 0.014576 0.014038999999999999 0.14335300000000001 0.13975599999999999 0.13974399999999998 0.0051660000000000005 0.0048829999999999993 0.0047060000000000001 0.0011389999999999998 0.001093 0.0010709999999999999 117.71115766884702 117.71115766884702 117.71115766884702 0.0098222257090926392 0.0098222257090926392 0.0098222257090926392 1 1 1 Converged Converged Converged OK OK OK 98 98 98 98 98 98 6 6 6 0 0 0 0 0 1 0 0
28 28 linear 2 7 282 1 0.001 3.3680622790048678 0.026621150520302686 3.4335399077974994e-05 -2.9982797323387347 -0.012457025529440269 -2.9982824194569235 0.5 3.085619109184873 108.47745916915893 OK 15 14 0.59687900000000005 0.64743899999999999 0.17190800000000001 0.41978599999999999 0.327179 0 0.17709300000000006 0.32025999999999999 0.17190800000000001 0.013960999999999999 0.013687 0.012813 0.13730599999999996 0.28094000000000008 0.13416800000000001 0.0045450000000000004 0.0044289999999999998 0.0043369999999999997 0.00096200000000000007 0.00094800000000000006 0.00095 108.47734435742267 108.47734435742267 108.47734435742267 0.071169514063167252 0.071169514063167252 0.071169514063167252 1 1 1 Converged Converged Converged OK OK OK 90 90 90 90 90 90 6 6 6 0 0 0 0 1 0 0 1
28 28 linear 2 15 282 2 0.001 3.3680622790048678 0.026621150520302686 3.4335399077974994e-05 -2.9982797323387347 -0.012457025529440269 -2.9982776423579214 0.5 3.0856143320858709 101.39178925522936 OK 15 14 0.56431600000000004 0.58628499999999995 0.166958 0.38977600000000001 0.27430599999999999 0 0.17454000000000003 0.31197899999999995 0.166958 0.013585 0.013766 0.012916 0.13560200000000006 0.27250499999999994 0.12883799999999995 0.0043509999999999998 0.0044659999999999995 0.0044549999999999998 0.00089500000000000007 0.00091100000000000003 0.0009459999999999999 101.39170630802579 101.39170630802579 101.39170630802579 0.034495086914543921 0.034495086914543921 0.034495086914543921 1 1 1 Converged Converged Converged OK OK OK 90 90 90 90 90 90 6 6 6 0 0 0 0 1 0 0 1
28 28 linear 2 23 282 3 0.001 3.3680622790048678 0.026621150520302686 3.4335399077974994e-05 -2.9982797323387347 -0.012457025529440269 -2.9982728652589192 0.5 3.0856095549868687 95.951459625737058 OK 15 14 0.60506700000000002 0.63093299999999997 0.16436400000000001 0.43215500000000001 0.30441800000000002 0 0.17291200000000001 0.32651499999999994 0.16436400000000001 0.013766 0.013643000000000001 0.012829999999999999 0.13331799999999996 0.28701999999999994 0.12662300000000001 0.0046169999999999996 0.0045950000000000001 0.0043229999999999996 0.00092000000000000003 0.00091200000000000005 0.00089899999999999995 95.951395470581673 95.951395470581673 95.951395470581673 0.023192760599130394 0.023192760599130394 0.023192760599130394 1 1 1 Converged Converged Converged OK OK OK 90 90 90 90 90 90 6 6 6 0 0 0 0 1 0 0 1
28 28 linear 2 0 282 0 0.0001 3.3680622790048678 0.026621150520302686 3.4335399077974994e-05 -2.9982797323387347 -0.012457025529440269 -2.9982865994185501 0.5 3.0856232891464996 117.71147048012662 OK 15 14 0.64430100000000001 0.639764 0.19132099999999999 0.45113900000000001 0.448988 0 0.193162 0.190776 0.19132099999999999 0.014517 0.014637000000000001 0.014115000000000001 0.14360500000000001 0.14053099999999996 0.14258000000000004 0.0048480000000000007 0.0053389999999999991 0.0047989999999999994 0.0010600000000000002 0.001077 0.0010400000000000001 117.71115766884702 117.71115766884702 117.71115766884702 0.0098222257090926392 0.0098222257090926392 0.0098222257090926392 1 1 1 Converged Converged Converged OK OK OK 98 98 98 98 98 98 6 6 6 0 0 0 0 0 1 0 0
28 28 linear 2 7 282 1 0.0001 3.3680622790048678 0.026621150520302686 3.4335399077974994e-05 -2.9982797323387347 -0.012457025529440269 -2.9982824194569235 0.5 3.085619109184873 108.47745916915893 OK 15 14 0.60461500000000001 0.68184800000000001 0.18229500000000001 0.412719 0.32823400000000003 0 0.19189600000000001 0.35361399999999998 0.18229500000000001 0.013672999999999999 0.013891000000000001 0.012862999999999999 0.15087200000000001 0.31132500000000002 0.14250299999999996 0.0047470000000000004 0.0053049999999999998 0.0047580000000000001 0.0011169999999999999 0.0011159999999999998 0.0011259999999999998 108.47732064028831 108.47732064028831 108.47732064028831 0.0094689807882119854 0.0094689807882119854 0.0094689807882119854 1 1 1 Converged Converged Converged OK OK OK 98 98 98 98 98 98 6 6 6 0 0 0 0 1 0 0 1
28 28 linear 2 15 282 2 0.0001 3.3680622790048678 0.026621150520302686 3.4335399077974994e-05 -2.9982797323387347 -0.012457025529440269 -2.9982776423579214 0.5 3.0856143320858709 101.39178925522936 OK 15 14 0.57753900000000002 0.61745499999999998 0.176595 0.38982 0.27104400000000001 0 0.18771900000000002 0.34641099999999997 0.176595 0.013712 0.013802 0.012845000000000001 0.14612000000000003 0.30411700000000003 0.13719700000000001 0.0047990000000000012 0.0052990000000000008 0.0047559999999999998 0.001054 0.001078 0.0010269999999999999 101.39170264222572 101.39170264222572 101.39170264222572 0.0099698169918504796 0.0099698169918504796 0.0099698169918504796 1 1 1 Converged Converged Converged OK OK OK 98 98 98 98 98 98 6 6 6 0 0 0 0 1 0 0 1
28 28 linear 2 23 282 3 0.0001 3.3680622790048678 0.026621150520302686 3.4335399077974994e-05 -2.9982797323387347 -0.012457025529440269 -2.9982728652589192 0.5 3.0856095549868687 95.951459625737058 OK 15 14 0.64688000000000001 0.72090900000000002 0.20355899999999999 0.433861 0.30280800000000002 0 0.21301900000000001 0.418101 0.20355899999999999 0.013601 0.013838 0.012775999999999999 0.16535099999999997 0.36937799999999993 0.15743000000000001 0.0057879999999999997 0.0063969999999999999 0.0057800000000000004 0.0011720000000000001 0.0012210000000000003 0.00114 95.951395031027786 95.951395031027786 95.951395031027786 0.0077242641541729632 0.0077242641541729632 0.0077242641541729632 1 1 1 Converged Converged Converged OK OK OK 114 114 114 114 114 114 6 6 6 0 0 0 0 1 0 0 1
28 28 linear 3 0 283 0 0.001 3.3680622790048678 0.026621150520302686 3.4335399077974994e-05 -2.9657724399727958 -0.0012076517988237709 -2.9657793070526113 0.5 3.0531159967805608 7.5392071727070089 OK 13 12 0.73936100000000005 0.73017799999999999 0.12776399999999999 0.60328000000000004 0.59736500000000003 0 0.13608100000000001 0.13281299999999996 0.12776399999999999 0.009195 0.0090159999999999997 0.0088129999999999997 0.10785200000000002 0.10511200000000002 0.10046100000000004 0.0028240000000000001 0.0029099999999999998 0.0027360000000000002 0.00056899999999999995 0.00063699999999999998 0.00056400000000000005 7.5391991239056946 7.5391991239056946 7.5391991239056946 0.0032305222771737839 0.0032305222771737839 0.0032305222771737839 1 1 1 Converged Converged Converged OK OK OK 53 53 53 53 53 53 3 3 3 0 0 0 0 0 1 0 0
28 28 linear 3 7 283 1 0.001 3.3680622790048678 0.026621150520302686 3.4335399077974994e-05 -2.9657724399727958 -0.0012076517988237709 -2.9657751270909847 0.5 3.0531118168189342 7.5411240646157571 OK 13 12 0.743946 0.68308800000000003 0.12242500000000001 0.61700299999999997 0.48825600000000002 0 0.12694300000000003 0.19483200000000001 0.12242500000000001 0.008201 0.0083020000000000004 0.007718 0.10182799999999999 0.16961400000000001 0.09853499999999997 0.002813 0.0029750000000000002 0.0027490000000000001 0.00054699999999999996 0.00057200000000000003 0.00054700000000000007 7.5411160135910951 7.5411160135910951 7.5411160135910951 0.0032303030711680466 0.0032303030711680466 0.0032303030711680466 1 1 1 Converged Converged Converged OK OK OK 53 53 53 53 53 53 3 3 3 0 0 0 0 1 0 0 1
28 28 linear 3 15 283 2 0.001 3.3680622790048678 0.026621150520302686 3.4335399077974994e-05 -2.9657724399727958 -0.0012076517988237709 -2.9657703499919825 0.5 3.053107039719932 7.5433164865093483 OK 13 12 0.65784299999999996 0.58504 0.122997 0.52779500000000001 0.38721699999999998 0 0.13004799999999994 0.19782300000000003 0.122997 0.0086929999999999993 0.0083730000000000002 0.007698 0.10331700000000001 0.17246400000000003 0.099125999999999992 0.0030630000000000002 0.0029949999999999998 0.0027800000000000004 0.00064999999999999997 0.000562 0.00054000000000000001 7.5433084329156825 7.5433084329156825 7.5433084329156825 0.0032300526134273538 0.0032300526134273538 0.0032300526134273538 1 1 1 Converged Converged Converged OK OK OK 53 53 53 53 53 53 3 3 3 0 0 0 0 1 0 0 1
28 28 linear 3 23 283 3 0.001 3.3680622790048678 0.026621150520302686 3.4335399077974994e-05 -2.9657724399727958 -0.0012076517988237709 -2.9657655728929804 0.5 3.0531022626209299 7.545510710506254 OK 13 12 0.74861599999999995 0.70730899999999997 0.12448099999999999 0.61966699999999997 0.50637799999999999 0 0.12894899999999998 0.20093099999999997 0.12448099999999999 0.0083739999999999995 0.0083639999999999999 0.0076819999999999996 0.10369800000000004 0.17560800000000004 0.10072799999999998 0.0028509999999999998 0.0028609999999999998 0.0027369999999999998 0.00056899999999999995 0.00056499999999999996 0.00053200000000000003 7.5455026543693489 7.5455026543693489 7.5455026543693489 0.0032298021936158503 0.0032298021936158503 0.0032298021936158503 1 1 1 Converged Converged Converged OK OK OK 53 53 53 53 53 53 3 3 3 0 0 0 0 1 0 0 1
28 28 linear 3 0 283 0 0.0001 3.3680622790048678 0.026621150520302686 3.4335399077974994e-05 -2.9657724399727958 -0.0012076517988237709 -2.9657793070526113 0.5 3.0531159967805608 7.5392071727070089 OK 13 12 0.81904100000000002 0.81057800000000002 0.207426 0.60702800000000001 0.60355800000000004 0 0.21201300000000001 0.20701999999999998 0.207426 0.0092689999999999995 0.0090819999999999998 0.008907 0.17383799999999991 0.170045 0.17065899999999998 0.0041809999999999998 0.0040249999999999999 0.0039179999999999996 0.00087500000000000002 0.00083799999999999999 0.00082199999999999992 7.5392056306722468 7.5392056306722468 7.5392056306722468 1.3025223665816479e-05 1.3025223665816479e-05 1.3025223665816479e-05 1 1 1 Converged Converged Converged OK OK OK 77 77 77 77 77 77 3 3 3 0 0 0 0 0 1 0 0
28 28 linear 3 7 283 1 0.0001 3.3680622790048678 0.026621150520302686 3.4335399077974994e-05 -2.9657724399727958 -0.0012076517988237709 -2.9657751270909847 0.5 3.0531118168189342 7.5411240646157571 OK 13 12 0.82416400000000001 0.761347 0.19831399999999999 0.61890900000000004 0.49083700000000002 0 0.20525499999999997 0.27050999999999997 0.19831399999999999 0.0083040000000000006 0.0082909999999999998 0.0077190000000000002 0.17269699999999999 0.23803099999999994 0.16688499999999995 0.0039659999999999999 0.0040890000000000006 0.0040499999999999998 0.00080400000000000003 0.00081499999999999997 0.00078400000000000008 7.5411225203881616 7.5411225203881616 7.5411225203881616 1.3025280138239938e-05 1.3025280138239938e-05 1.3025280138239938e-05 1 1 1 Converged Converged Converged OK OK OK 77 77 77 77 77 77 3 3 3 0 0 0 0 1 0 0 1
28 28 linear 3 15 283 2 0.0001 3.3680622790048678 0.026621150520302686 3.4335399077974994e-05 -2.9657724399727958 -0.0012076517988237709 -2.9657703499919825 0.5 3.053107039719932 7.5433164865093483 OK 13 12 0.73145199999999999 0.66263099999999997 0.198356 0.52663599999999999 0.38468999999999998 0 0.204816 0.27794099999999999 0.198356 0.008286 0.0085089999999999992 0.0076880000000000004 0.17211699999999999 0.24439399999999997 0.16706400000000002 0.0041739999999999998 0.0045910000000000005 0.0040539999999999994 0.00084000000000000003 0.00088600000000000007 0.000785 7.5433149397473258 7.5433149397473258 7.5433149397473258 1.30253611828247e-05 1.30253611828247e-05 1.30253611828247e-05 1 1 1 Converged Converged Converged OK OK OK 77 77 77 77 77 77 3 3 3 0 0 0 0 1 0 0 1
28 28 linear 3 23 283 3 0.0001 3.3680622790048678 0.026621150520302686 3.4335399077974994e-05 -2.9657724399727958 -0.0012076517988237709 -2.9657655728929804 0.5 3.0531022626209299 7.545510710506254 OK 13 12 0.82526100000000002 0.78736600000000001 0.20100599999999999 0.61436999999999997 0.51027199999999995 0 0.21089100000000005 0.27709400000000006 0.20100599999999999 0.0083379999999999999 0.0082810000000000002 0.0077140000000000004 0.17815899999999998 0.24434099999999989 0.16956400000000005 0.004169 0.0042179999999999995 0.0040200000000000001 0.00080999999999999996 0.00082100000000000001 0.00080199999999999998 7.5455091612359819 7.5455091612359819 7.5455091612359819 1.3025433676795873e-05 1.3025433676795873e-05 1.3025433676795873e-05 1 1 1 Converged Converged Converged OK OK OK 77 77 77 77 77 77 3 3 3 0 0 0 0 1 0 0 1
28 28 linear 4 0 284 0 0.001 3.3680622790048678 0.026621150520302686 3.4335399077974994e-05 0.079801185215152462 0.003858577946430056 0.07979431813533687 0.5 0.0075423715926127011 1450.7370262768866 OK 15 14 0.78190099999999996 0.77731399999999995 0.301012 0.470443 0.47014800000000001 0 0.31145799999999996 0.30716599999999994 0.301012 0.01694 0.017125999999999999 0.016315 0.26295699999999994 0.25897099999999995 0.25393800000000005 0.0042309999999999995 0.004274 0.0041180000000000001 0.00088999999999999995 0.00091900000000000011 0.00089400000000000005 1450.7362488769995 1450.7362488769995 1450.7362488769995 1.3670072936341229 1.3670072936341229 1.3670072936341229 1 1 1 Converged Converged Converged OK OK OK 83 83 83 83 83 83 5 5 5 0 0 0 0 0 1 0 0
28 28 linear 4 7 284 1 0.001 3.3680622790048678 0.026621150520302686 3.4335399077974994e-05 0.079801185215152462 0.003858577946430056 0.079798498096963752 0.5 0.0075381916309858188 1421.6145239194141 OK 15 14 0.88295100000000004 0.73669799999999996 0.29038000000000003 0.58350400000000002 0.44198100000000001 0 0.29944700000000002 0.29471699999999995 0.29038000000000003 0.016289999999999999 0.01634 0.015685000000000001 0.25737699999999991 0.25288699999999997 0.24960200000000007 0.0042420000000000001 0.0042810000000000001 0.0041070000000000004 0.00088100000000000006 0.00089099999999999997 0.00087299999999999997 1421.6137381444235 1421.6137381444235 1421.6137381444235 1.3008221322035907 1.3008221322035907 1.3008221322035907 1 1 1 Converged Converged Converged OK OK OK 83 83 83 83 83 83 5 5 5 0 0 0 0 1 0 0 1
28 28 linear 4 15 284 2 0.001 3.3680622790048678 0.026621150520302686 3.4335399077974994e-05 0.079801185215152462 0.003858577946430056 0.079803275195965903 0.5 0.0075334145319836676 1391.8693545369174 OK 15 14 0.882104 0.75020500000000001 0.30269600000000002 0.57418599999999997 0.44825599999999999 0 0.30791800000000003 0.30194900000000002 0.30269600000000002 0.016319 0.016293999999999999 0.015640000000000001 0.26589099999999993 0.260382 0.26169799999999999 0.0041710000000000002 0.0041770000000000002 0.0040769999999999999 0.00096400000000000001 0.00094299999999999994 0.00093100000000000008 1391.8685765625535 1391.8685765625535 1391.8685765625535 1.2377090036429048 1.2377090036429048 1.2377090036429048 1 1 1 Converged Converged Converged OK OK OK 83 83 83 83 83 83 5 5 5 0 0 0 0 1 0 0 1
28 28 linear 4 23 284 3 0.001 3.3680622790048678 0.026621150520302686 3.4335399077974994e-05 0.079801185215152462 0.003858577946430056 0.079808052294968054 0.5 0.0075286374329815164 1365.2820013880576 OK 15 14 0.84231 0.70036399999999999 0.29025499999999999 0.54203800000000002 0.404887 0 0.30027199999999998 0.29547699999999999 0.29025499999999999 0.016308 0.016552999999999998 0.015703000000000002 0.258247 0.25325900000000001 0.24939900000000001 0.0042059999999999997 0.0043140000000000001 0.0042249999999999996 0.00094300000000000004 0.00096599999999999995 0.00087500000000000002 1365.2812373771187 1365.2812373771187 1365.2812373771187 1.1849211328980189 1.1849211328980189 1.1849211328980189 1 1 1 Converged Converged Converged OK OK OK 83 83 83 83 83 83 5 5 5 0 0 0 0 1 0 0 1
28 28 linear 4 0 284 0 0.0001 3.3680622790048678 0.026621150520302686 3.4335399077974994e-05 0.079801185215152462 0.003858577946430056 0.07979431813533687 0.5 0.0075423715926127011 1450.7370262768866 OK 15 14 0.90261800000000003 0.87433099999999997 0.39904800000000001 0.48400500000000002 0.47434399999999999 0 0.41861300000000001 0.39998699999999998 0.39904800000000001 0.017472000000000001 0.016926 0.016433 0.35611500000000001 0.33911599999999992 0.33857100000000001 0.0061159999999999999 0.0060130000000000001 0.0059789999999999999 0.0011770000000000001 0.0011389999999999998 0.001139 1450.7362365536521 1450.7362365536521 1450.7362365536521 0.10584347316447013 0.10584347316447013 0.10584347316447013 1 1 1 Converged Converged Converged OK OK OK 115 115 115 115 115 115 5 5 5 0 0 0 0 0 1 0 0
28 28 linear 4 7 284 1 0.0001 3.3680622790048678 0.026621150520302686 3.4335399077974994e-05 0.079801185215152462 0.003858577946430056 0.079798498096963752 0.5 0.0075381916309858188 1421.6145239194141 OK 15 14 0.97883299999999995 0.834013 0.38517499999999999 0.58172299999999999 0.44643300000000002 0 0.39710999999999996 0.38757999999999998 0.38517499999999999 0.016403999999999998 0.016406 0.015668999999999999 0.34498499999999988 0.33587600000000006 0.33437499999999992 0.0059230000000000003 0.0059760000000000004 0.0059649999999999998 0.0011440000000000001 0.001165 0.001147 1421.6137272740887 1421.6137272740887 1421.6137272740887 0.10586555783924845 0.10586555783924845 0.10586555783924845 1 1 1 Converged Converged Converged OK OK OK 115 115 115 115 115 115 5 5 5 0 0 0 0 1 0 0 1
28 28 linear 4 15 284 2 0.0001 3.3680622790048678 0.026621150520302686 3.4335399077974994e-05 0.079801185215152462 0.003858577946430056 0.079803275195965903 0.5 0.0075334145319836676 1391.8693545369174 OK 15 14 0.98092900000000005 0.84928499999999996 0.40560000000000002 0.57464599999999999 0.44457000000000002 0 0.40628300000000006 0.40471499999999994 0.40560000000000002 0.016298 0.016492 0.01562 0.35432599999999997 0.35304099999999999 0.35465600000000003 0.0058110000000000002 0.0059069999999999999 0.0058690000000000001 0.0012000000000000001 0.0012020000000000002 0.0011879999999999998 1391.8685670658078 1391.8685670658078 1391.8685670658078 0.10589255880780657 0.10589255880780657 0.10589255880780657 1 1 1 Converged Converged Converged OK OK OK 115 115 115 115 115 115 5 5 5 0 0 0 0 1 0 0 1
28 28 linear 4 23 284 3 0.0001 3.3680622790048678 0.026621150520302686 3.4335399077974994e-05 0.079801185215152462 0.003858577946430056 0.079808052294968054 0.5 0.0075286374329815164 1365.2820013880576 OK 15 14 0.93275200000000003 0.78912300000000002 0.39075599999999999 0.54032999999999998 0.40722900000000001 0 0.39242200000000005 0.38189400000000001 0.39075599999999999 0.016348999999999999 0.016400000000000001 0.016909 0.34057300000000007 0.33019199999999993 0.33802300000000002 0.0058960000000000002 0.0059510000000000006 0.0061279999999999998 0.0011670000000000001 0.0011689999999999999 0.001191 1365.2812289849217 1365.2812289849217 1365.2812289849217 0.10592099349928157 0.10592099349928157 0.10592099349928157 1 1 1 Converged Converged Converged OK OK OK 115 115 115 115 115 115 5 5 5 0 0 0 0 1 0 0 1
28 28 uniform 0 0 285 0 0.001 3.3680622790048678 0.026621150520302686 3.4335399077974994e-05 -2.9923358944942748 0.024604973909008034 -2.9923427615740903 0 3.0796794513020398 118.07512529053882 OK 14 13 0.66782300000000006 0.66786299999999998 0.11414100000000001 0.55315899999999996 0.55532400000000004 0 0.1146640000000001 0.11253899999999994 0.11414100000000001 0.011908 0.01189 0.012759 0.080788000000000026 0.078224000000000002 0.079527999999999988 0.0027899999999999995 0.0031740000000000002 0.0029869999999999996 0.00073300000000000014 0.00080300000000000011 0.00075299999999999998 118.07511520822709 118.07511520822709 118.07511520822709 0.0097300044320677622 0.0097300044320677622 0.0097300044320677622 1 1 1 Converged Converged Converged OK OK OK 67 67 67 67 67 67 5 5 5 0 0 0 0 0 1 0 0
28 28 uniform 0 7 285 1 0.001 3.3680622790048678 0.026621150520302686 3.4335399077974994e-05 -2.9923358944942748 0.024604973909008034 -2.9923385816124637 0 3.0796752713404132 135.08381523428901 OK 14 13 0.68899100000000002 0.65393199999999996 0.11461499999999999 0.57874300000000001 0.432643 0 0.11024800000000001 0.22128899999999996 0.11461499999999999 0.010980999999999999 0.01098 0.01154 0.082234999999999989 0.192526 0.085896999999999973 0.0027030000000000001 0.0029399999999999999 0.0028 0.00068300000000000001 0.00069099999999999999 0.00069399999999999996 135.08381009821201 135.08381009821201 135.08381009821201 0.010621931175627796 0.010621931175627796 0.010621931175627796 1 1 1 Converged Converged Converged OK OK OK 67 67 67 67 67 67 5 5 5 0 0 0 0 1 0 0 1
28 28 uniform 0 15 285 2 0.001 3.3680622790048678 0.026621150520302686 3.4335399077974994e-05 -2.9923358944942748 0.024604973909008034 -2.9923338045134615 0 3.079670494241411 152.81506502190436 OK 14 13 0.66962999999999995 0.64464999999999995 0.113862 0.56053699999999995 0.43646699999999999 0 0.109093 0.20818299999999995 0.113862 0.010932000000000001 0.010983 0.011457999999999999 0.080600999999999992 0.17949800000000005 0.085207999999999964 0.0027850000000000001 0.0029419999999999997 0.0029040000000000003 0.00076900000000000004 0.00076400000000000014 0.00075299999999999998 152.81506125668668 152.81506125668668 152.81506125668668 0.011821387905397801 0.011821387905397801 0.011821387905397801 1 1 1 Converged Converged Converged OK OK OK 67 67 67 67 67 67 5 5 5 0 0 0 0 1 0 0 1
28 28 uniform 0 23 285 3 0.001 3.3680622790048678 0.026621150520302686 3.4335399077974994e-05 -2.9923358944942748 0.024604973909008034 -2.9923290274144594 0 3.0796657171424089 168.58424540952657 OK 14 13 0.66947299999999998 0.62815500000000002 0.109625 0.553979 0.41978100000000002 0 0.11549399999999999 0.208374 0.109625 0.010919999999999999 0.010940999999999999 0.010269 0.086224000000000023 0.17927000000000004 0.082751999999999992 0.0032139999999999998 0.0030890000000000006 0.0027690000000000002 0.00082100000000000001 0.00081599999999999999 0.00072400000000000003 168.58424582712752 168.58424582712752 168.58424582712752 0.013173164846196675 0.013173164846196675 0.013173164846196675 1 1 1 Converged Converged Converged OK OK OK 67 67 67 67 67 67 5 5 5 0 0 0 0 1 0 0 1
28 28 uniform 0 0 285 0 0.0001 3.3680622790048678 0.026621150520302686 3.4335399077974994e-05 -2.9923358944942748 0.024604973909008034 -2.9923427615740903 0 3.0796794513020398 118.07512529053882 OK 14 13 0.66598100000000005 0.678504 0.11004 0.55490499999999998 0.56158799999999998 0 0.11107600000000006 0.11691600000000002 0.11004 0.011731999999999999 0.012992 0.011426 0.077707999999999985 0.081752000000000005 0.077482999999999982 0.0028539999999999998 0.0029319999999999997 0.0027960000000000003 0.00071600000000000016 0.00076899999999999994 0.00072700000000000011 118.07511520822709 118.07511520822709 118.07511520822709 0.0097300044320677622 0.0097300044320677622 0.0097300044320677622 1 1 1 Converged Converged Converged OK OK OK 67 67 67 67 67 67 5 5 5 0 0 0 0 0 1 0 0
28 28 uniform 0 7 285 1 0.0001 3.3680622790048678 0.026621150520302686 3.4335399077974994e-05 -2.9923358944942748 0.024604973909008034 -2.9923385816124637 0 3.0796752713404132 135.08381523428901 OK 14 13 0.69232400000000005 0.65220800000000001 0.108733 0.57752800000000004 0.43240600000000001 0 0.11479600000000001 0.219802 0.108733 0.011001 0.010867 0.010286999999999999 0.085799 0.19134400000000004 0.081808999999999993 0.003127 0.0028919999999999996 0.0027690000000000002 0.00074100000000000012 0.00074899999999999999 0.00069099999999999999 135.08381009821201 135.08381009821201 135.08381009821201 0.010621931175627796 0.010621931175627796 0.010621931175627796 1 1 1 Converged Converged Converged OK OK OK 67 67 67 67 67 67 5 5 5 0 0 0 0 1 0 0 1
28 28 uniform 0 15 285 2 0.0001 3.3680622790048678 0.026621150520302686 3.4335399077974994e-05 -2.9923358944942748 0.024604973909008034 -2.9923338045134615 0 3.079670494241411 152.81506502190436 OK 14 13 0.67071499999999995 0.644594 0.1067 0.56239300000000003 0.43905300000000003 0 0.10832199999999992 0.20554099999999997 0.1067 0.010897 0.010973999999999999 0.010257 0.080448999999999993 0.177172 0.079861000000000001 0.0027090000000000005 0.0028730000000000001 0.0026870000000000002 0.00072899999999999994 0.00073200000000000001 0.00069899999999999997 152.81506125668668 152.81506125668668 152.81506125668668 0.011821387905397801 0.011821387905397801 0.011821387905397801 1 1 1 Converged Converged Converged OK OK OK 67 67 67 67 67 67 5 5 5 0 0 0 0 1 0 0 1
28 28 uniform 0 23 285 3 0.0001 3.3680622790048678 0.026621150520302686 3.4335399077974994e-05 -2.9923358944942748 0.024604973909008034 -2.9923290274144594 0 3.0796657171424089 168.58424540952657 OK 14 13 0.67145999999999995 0.61991300000000005 0.109486 0.55898199999999998 0.41613800000000001 0 0.11247799999999997 0.20377500000000004 0.109486 0.011095000000000001 0.010777 0.01025 0.083509000000000055 0.17556600000000003 0.08285900000000003 0.0030630000000000002 0.0029019999999999996 0.0027559999999999998 0.00080900000000000004 0.00076400000000000003 0.000736 168.58424582712752 168.58424582712752 168.58424582712752 0.013173164846196675 0.013173164846196675 0.013173164846196675 1 1 1 Converged Converged Converged OK OK OK 67 67 67 67 67 67 5 5 5 0 0 0 0 1 0 0 1
28 28 uniform 1 0 286 0 0.001 3.3680622790048678 0.026621150520302686 3.4335399077974994e-05 -2.9613239789412762 0.00013176263186293291 -2.9613308460210916 0 3.0486675357490411 127.51159428573192 OK 14 13 0.79664100000000004 0.79292200000000002 0.12647700000000001 0.66461899999999996 0.66105400000000003 0 0.13202200000000008 0.13186799999999999 0.12647700000000001 0.013278999999999999 0.011705999999999999 0.011391 0.096563000000000024 0.098691000000000029 0.093908000000000005 0.0028140000000000001 0.0027579999999999996 0.002666 0.00075299999999999998 0.00072700000000000011 0.00070899999999999999 127.51159322359619 127.51159322359619 127.51159322359619 0.02139455420734138 0.02139455420734138 0.02139455420734138 1 1 1 Converged Converged Converged OK OK OK 67 67 67 67 67 67 5 5 5 0 0 0 0 0 1 0 0
28 28 uniform 1 7 286 1 0.001 3.3680622790048678 0.026621150520302686 3.4335399077974994e-05 -2.9613239789412762 0.00013176263186293291 -2.961326666059465 0 3.0486633557874145 124.35001024454925 OK 14 13 0.78352200000000005 0.70701700000000001 0.12377199999999999 0.65466500000000005 0.52161199999999996 0 0.128857 0.18540500000000004 0.12377199999999999 0.01123 0.010918000000000001 0.010234 0.099877000000000007 0.15727099999999997 0.096938000000000024 0.0028909999999999999 0.0028640000000000002 0.0027320000000000001 0.00073099999999999988 0.00071400000000000001 0.00068900000000000005 124.35001042971652 124.35001042971652 124.35001042971652 0.021569316379077785 0.021569316379077785 0.021569316379077785 1 1 1 Converged Converged Converged OK OK OK 67 67 67 67 67 67 5 5 5 0 0 0 0 1 0 0 1
28 28 uniform 1 15 286 2 0.001 3.3680622790048678 0.026621150520302686 3.4335399077974994e-05 -2.9613239789412762 0.00013176263186293291 -2.9613218889604629 0 3.0486585786884124 120.70259777824333 OK 14 13 0.76671100000000003 0.67830999999999997 0.122866 0.64267600000000003 0.496506 0 0.12403500000000001 0.18180399999999997 0.122866 0.010841 0.010871 0.010196999999999999 0.096242000000000008 0.15380000000000002 0.096003999999999992 0.00281 0.002823 0.0027460000000000002 0.00069700000000000003 0.00072500000000000006 0.00069200000000000012 120.70259927476384 120.70259927476384 120.70259927476384 0.021786573056377781 0.021786573056377781 0.021786573056377781 1 1 1 Converged Converged Converged OK OK OK 67 67 67 67 67 67 5 5 5 0 0 0 0 1 0 0 1
28 28 uniform 1 23 286 3 0.001 3.3680622790048678 0.026621150520302686 3.4335399077974994e-05 -2.9613239789412762 0.00013176263186293291 -2.9613171118614607 0 3.0486538015894102 117.01914604056927 OK 14 13 0.75778199999999996 0.69030499999999995 0.121712 0.63465000000000005 0.49738199999999999 0 0.12313199999999991 0.19292299999999996 0.121712 0.010814000000000001 0.010924 0.010205000000000001 0.095176000000000011 0.16476199999999991 0.095065000000000024 0.0027170000000000002 0.0028150000000000002 0.0026839999999999998 0.00081899999999999996 0.00082100000000000001 0.0007539999999999999 117.01914499956945 117.01914499956945 117.01914499956945 0.022026321055274866 0.022026321055274866 0.022026321055274866 1 1 1 Converged Converged Converged OK OK OK 67 67 67 67 67 67 5 5 5 0 0 0 0 1 0 0 1
28 28 uniform 1 0 286 0 0.0001 3.3680622790048678 0.026621150520302686 3.4335399077974994e-05 -2.9613239789412762 0.00013176263186293291 -2.9613308460210916 0 3.0486675357490411 127.51159428573192 OK 14 13 0.81734300000000004 0.81779599999999997 0.14830199999999999 0.66361999999999999 0.66495899999999997 0 0.15372300000000005 0.152837 0.14830199999999999 0.011826 0.012083 0.011479 0.11204099999999996 0.11182500000000004 0.11148100000000002 0.0035399999999999997 0.0035829999999999994 0.00348 0.00085900000000000006 0.00088100000000000006 0.00089400000000000005 127.51159234304852 127.51159234304852 127.51159234304852 0.010375018647572684 0.010375018647572684 0.010375018647572684 1 1 1 Converged Converged Converged OK OK OK 83 83 83 83 83 83 5 5 5 0 0 0 0 0 1 0 0
28 28 uniform 1 7 286 1 0.0001 3.3680622790048678 0.026621150520302686 3.4335399077974994e-05 -2.9613239789412762 0.00013176263186293291 -2.961326666059465 0 3.0486633557874145 124.35001024454925 OK 14 13 0.789466 0.75036099999999994 0.142567 0.64518900000000001 0.52143200000000001 0 0.14427699999999999 0.22892899999999994 0.142567 0.010919 0.010936 0.010267999999999999 0.11283199999999999 0.1968130000000001 0.11263800000000002 0.0036289999999999998 0.0037510000000000004 0.003421 0.00082299999999999995 0.00087900000000000001 0.00080100000000000006 124.35000949215416 124.35000949215416 124.35000949215416 0.010373606093394527 0.010373606093394527 0.010373606093394527 1 1 1 Converged Converged Converged OK OK OK 83 83 83 83 83 83 5 5 5 0 0 0 0 1 0 0 1
28 28 uniform 1 15 286 2 0.0001 3.3680622790048678 0.026621150520302686 3.4335399077974994e-05 -2.9613239789412762 0.00013176263186293291 -2.9613218889604629 0 3.0486585786884124 120.70259777824333 OK 14 13 0.78574100000000002 0.73158299999999998 0.14233000000000001 0.64122299999999999 0.51116300000000003 0 0.14451800000000004 0.22041999999999995 0.14233000000000001 0.011113 0.010926 0.010267 0.11280300000000004 0.18890299999999996 0.11258899999999997 0.0036369999999999996 0.0036640000000000002 0.003411 0.00082399999999999997 0.00085000000000000006 0.00080100000000000006 120.7025982607344 120.7025982607344 120.7025982607344 0.010373066775393836 0.010373066775393836 0.010373066775393836 1 1 1 Converged Converged Converged OK OK OK 83 83 83 83 83 83 5 5 5 0 0 0 0 1 0 0 1
28 28 uniform 1 23 286 3 0.0001 3.3680622790048678 0.026621150520302686 3.4335399077974994e-05 -2.9613239789412762 0.00013176263186293291 -2.9613171118614607 0 3.0486538015894102 117.01914604056927 OK 14 13 0.79031200000000001 0.72886600000000001 0.140879 0.64173599999999997 0.50740499999999999 0 0.14857600000000004 0.22146100000000002 0.140879 0.012059 0.010989000000000001 0.0103 0.11540300000000002 0.19013299999999997 0.11103299999999998 0.0036629999999999996 0.003607 0.0033649999999999999 0.00088600000000000007 0.00092700000000000009 0.00087600000000000004 117.01914389401044 117.01914389401044 117.01914389401044 0.010373759977779631 0.010373759977779631 0.010373759977779631 1 1 1 Converged Converged Converged OK OK OK 83 83 83 83 83 83 5 5 5 0 0 0 0 1 0 0 1
28 28 uniform 2 0 287 0 0.001 3.3680622790048678 0.026621150520302686 3.4335399077974994e-05 -2.9982797323387347 -0.012457025529440269 -2.9982865994185501 0 3.0856232891464996 119.78757732252595 OK 15 14 0.58944099999999999 0.59130300000000002 0.13628699999999999 0.45236999999999999 0.45493899999999998 0 0.137071 0.13636400000000004 0.13628699999999999 0.014866000000000001 0.014518 0.014189 0.093435999999999964 0.093460000000000043 0.093179999999999999 0.0038149999999999998 0.0037070000000000002 0.0041230000000000008 0.00091600000000000004 0.00086699999999999993 0.00088699999999999998 119.78757274745608 119.78757274745608 119.78757274745608 0.080686480525616402 0.080686480525616402 0.080686480525616402 1 1 1 Converged Converged Converged OK OK OK 82 82 82 82 82 82 6 6 6 0 0 0 0 0 1 0 0
28 28 uniform 2 7 287 1 0.001 3.3680622790048678 0.026621150520302686 3.4335399077974994e-05 -2.9982797323387347 -0.012457025529440269 -2.9982824194569235 0 3.085619109184873 109.6368224553739 OK 15 14 0.55211100000000002 0.60750800000000005 0.131101 0.413026 0.32736700000000002 0 0.13908500000000001 0.28014100000000003 0.131101 0.01375 0.013826 0.012928 0.10201400000000002 0.24383999999999997 0.096713000000000035 0.0038840000000000003 0.0038320000000000003 0.0035769999999999999 0.00093899999999999995 0.0008699999999999999 0.00083900000000000001 109.63681959242179 109.63681959242179 109.63681959242179 0.054040381151512308 0.054040381151512308 0.054040381151512308 1 1 1 Converged Converged Converged OK OK OK 82 82 82 82 82 82 6 6 6 0 0 0 0 1 0 0 1
28 28 uniform 2 15 287 2 0.001 3.3680622790048678 0.026621150520302686 3.4335399077974994e-05 -2.9982797323387347 -0.012457025529440269 -2.9982776423579214 0 3.0856143320858709 102.15278212424555 OK 15 14 0.52133499999999999 0.50871100000000002 0.11824 0.40162700000000001 0.27356999999999998 0 0.11970799999999998 0.23514100000000004 0.11824 0.013736 0.013853000000000001 0.012975 0.085896999999999973 0.20050499999999999 0.085665999999999978 0.003235 0.0034890000000000003 0.0032219999999999996 0.00074100000000000001 0.00079900000000000001 0.00073499999999999998 102.15278057603483 102.15278057603483 102.15278057603483 0.059780317995324135 0.059780317995324135 0.059780317995324135 1 1 1 Converged Converged Converged OK OK OK 74 74 74 74 74 74 6 6 6 0 0 0 0 1 0 0 1
28 28 uniform 2 23 287 3 0.001 3.3680622790048678 0.026621150520302686 3.4335399077974994e-05 -2.9982797323387347 -0.012457025529440269 -2.9982728652589192 0 3.0856095549868687 96.500363071263109 OK 15 14 0.55218199999999995 0.55839099999999997 0.114278 0.43629000000000001 0.30376900000000001 0 0.11589199999999994 0.25462199999999996 0.114278 0.013556 0.013807 0.012803999999999999 0.082050999999999985 0.22016000000000002 0.081875000000000003 0.0032690000000000002 0.0034269999999999999 0.0031510000000000002 0.00072899999999999994 0.00075200000000000006 0.00074399999999999987 96.500359273560292 96.500359273560292 96.500359273560292 0.042183714442567397 0.042183714442567397 0.042183714442567397 1 1 1 Converged Converged Converged OK OK OK 74 74 74 74 74 74 6 6 6 0 0 0 0 1 0 0 1
28 28 uniform 2 0 287 0 0.0001 3.3680622790048678 0.026621150520302686 3.4335399077974994e-05 -2.9982797323387347 -0.012457025529440269 -2.9982865994185501 0 3.0856232891464996 119.78757732252595 OK 15 14 0.60840499999999997 0.61066799999999999 0.15967200000000001 0.44769700000000001 0.45039200000000001 0 0.16070799999999996 0.16027599999999997 0.15967200000000001 0.014437999999999999 0.01456 0.014027 0.11188099999999998 0.11129699999999997 0.11129199999999999 0.0044870000000000005 0.0046470000000000001 0.0044889999999999999 0.0010070000000000001 0.0010300000000000001 0.0010150000000000001 119.78757341788148 119.78757341788148 119.78757341788148 0.0029505387079441616 0.0029505387079441616 0.0029505387079441616 1 1 1 Converged Converged Converged OK OK OK 98 98 98 98 98 98 6 6 6 0 0 0 0 0 1 0 0
28 28 uniform 2 7 287 1 0.0001 3.3680622790048678 0.026621150520302686 3.4335399077974994e-05 -2.9982797323387347 -0.012457025529440269 -2.9982824194569235 0 3.085619109184873 109.6368224553739 OK 15 14 0.57349499999999998 0.64954999999999996 0.15311 0.41875400000000002 0.32680500000000001 0 0.15474099999999996 0.32274499999999995 0.15311 0.013738 0.013618 0.012829999999999999 0.11433400000000003 0.28214300000000014 0.11410699999999994 0.0044580000000000002 0.0045329999999999997 0.0043020000000000003 0.00098200000000000002 0.001003 0.00096400000000000012 109.63681963772493 109.63681963772493 109.63681963772493 0.0029472742584808701 0.0029472742584808701 0.0029472742584808701 1 1 1 Converged Converged Converged OK OK OK 98 98 98 98 98 98 6 6 6 0 0 0 0 1 0 0 1
28 28 uniform 2 15 287 2 0.0001 3.3680622790048678 0.026621150520302686 3.4335399077974994e-05 -2.9982797323387347 -0.012457025529440269 -2.9982776423579214 0 3.0856143320858709 102.15278212424555 OK 15 14 0.54687600000000003 0.60255599999999998 0.15121899999999999 0.39085300000000001 0.288796 0 0.15602300000000002 0.31375999999999998 0.15121899999999999 0.013561 0.013877 0.012907 0.10908900000000003 0.27296199999999998 0.10888600000000007 0.0043969999999999999 0.0045009999999999998 0.0042950000000000002 0.0010299999999999999 0.001029 0.00099100000000000013 102.1527783811662 102.1527783811662 102.1527783811662 0.0037570912914242378 0.0037570912914242378 0.0037570912914242378 1 1 1 Converged Converged Converged OK OK OK 98 98 98 98 98 98 6 6 6 0 0 0 0 1 0 0 1
28 28 uniform 2 23 287 3 0.0001 3.3680622790048678 0.026621150520302686 3.4335399077974994e-05 -2.9982797323387347 -0.012457025529440269 -2.9982728652589192 0 3.0856095549868687 96.500363071263109 OK 15 14 0.58182599999999995 0.63150799999999996 0.145653 0.434137 0.30745600000000001 0 0.14768899999999996 0.32405199999999995 0.145653 0.013783 0.013669000000000001 0.012777999999999999 0.10707399999999996 0.28341399999999989 0.10675499999999997 0.0043689999999999996 0.0044979999999999994 0.0043340000000000002 0.001016 0.0010150000000000001 0.00098999999999999978 96.500359039018662 96.500359039018662 96.500359039018662 0.0066815197302451486 0.0066815197302451486 0.0066815197302451486 1 1 1 Converged Converged Converged OK OK OK 98 98 98 98 98 98 6 6 6 0 0 0 0 1 0 0 1
28 28 uniform 3 0 288 0 0.001 3.3680622790048678 0.026621150520302686 3.4335399077974994e-05 -2.9657724399727958 -0.0012076517988237709 -2.9657793070526113 0 3.0531159967805608 7.5392173098212725 OK 13 12 0.69417499999999999 0.70780200000000004 0.086781999999999998 0.60654799999999998 0.61953899999999995 0 0.08762700000000001 0.088263000000000091 0.086781999999999998 0.0090229999999999998 0.0090050000000000009 0.0086459999999999992 0.065423000000000009 0.066365000000000007 0.065325000000000008 0.0017779999999999998 0.00174 0.0017330000000000002 0.00043400000000000003 0.000428 0.00042200000000000001 7.5392159082622001 7.5392159082622001 7.5392159082622001 0.0037345484486393664 0.0037345484486393664 0.0037345484486393664 1 1 1 Converged Converged Converged OK OK OK 37 37 37 37 37 37 3 3 3 0 0 0 0 0 1 0 0
28 28 uniform 3 7 288 1 0.001 3.3680622790048678 0.026621150520302686 3.4335399077974994e-05 -2.9657724399727958 -0.0012076517988237709 -2.9657751270909847 0 3.0531118168189342 7.5411342165333979 OK 13 12 0.70153600000000005 0.62247600000000003 0.082671999999999995 0.61722200000000005 0.48753200000000002 0 0.084314 0.13494400000000001 0.082671999999999995 0.0082030000000000002 0.0082319999999999997 0.0077390000000000002 0.064586999999999992 0.11422100000000004 0.063802999999999999 0.0017719999999999999 0.0019590000000000002 0.0017559999999999997 0.00041800000000000002 0.00047800000000000002 0.00041800000000000002 7.5411328149707373 7.5411328149707373 7.5411328149707373 0.0037352279551374984 0.0037352279551374984 0.0037352279551374984 1 1 1 Converged Converged Converged OK OK OK 37 37 37 37 37 37 3 3 3 0 0 0 0 1 0 0 1
28 28 uniform 3 15 288 2 0.001 3.3680622790048678 0.026621150520302686 3.4335399077974994e-05 -2.9657724399727958 -0.0012076517988237709 -2.9657703499919825 0 3.053107039719932 7.5433266553902749 OK 13 12 0.61062099999999997 0.51578000000000002 0.082824999999999996 0.52641700000000002 0.39147399999999999 0 0.084203999999999946 0.12430600000000003 0.082824999999999996 0.0082740000000000001 0.0095960000000000004 0.0077600000000000004 0.064323999999999978 0.10307399999999999 0.063987000000000016 0.001828 0.0018160000000000001 0.0017209999999999999 0.000428 0.00044700000000000002 0.00042000000000000002 7.5433252537787832 7.5433252537787832 7.5433252537787832 0.0037360051374612019 0.0037360051374612019 0.0037360051374612019 1 1 1 Converged Converged Converged OK OK OK 37 37 37 37 37 37 3 3 3 0 0 0 0 1 0 0 1
28 28 uniform 3 23 288 3 0.001 3.3680622790048678 0.026621150520302686 3.4335399077974994e-05 -2.9657724399727958 -0.0012076517988237709 -2.9657655728929804 0 3.0531022626209299 7.5455208963792879 OK 13 12 0.71848599999999996 0.62256 0.084890999999999994 0.62225399999999997 0.51385800000000004 0 0.096231999999999984 0.10870199999999997 0.084890999999999994 0.0082470000000000009 0.0083260000000000001 0.0076290000000000004 0.075256999999999991 0.088843000000000019 0.065971999999999989 0.0019999999999999996 0.0018470000000000001 0.0017780000000000001 0.00047399999999999997 0.000446 0.000437 7.5455194947580013 7.5455194947580013 7.5455194947580013 0.0037367829591589095 0.0037367829591589095 0.0037367829591589095 1 1 1 Converged Converged Converged OK OK OK 37 37 37 37 37 37 3 3 3 0 0 0 0 1 0 0 1
28 28 uniform 3 0 288 0 0.0001 3.3680622790048678 0.026621150520302686 3.4335399077974994e-05 -2.9657724399727958 -0.0012076517988237709 -2.9657793070526113 0 3.0531159967805608 7.5392173098212725 OK 13 12 0.72463100000000003 0.73622399999999999 0.118233 0.60530099999999998 0.61302599999999996 0 0.11933000000000005 0.12319800000000003 0.118233 0.0088380000000000004 0.010319999999999999 0.0085869999999999991 0.088576999999999975 0.090804000000000024 0.088274000000000005 0.0030100000000000001 0.0031530000000000004 0.0029859999999999999 0.00067600000000000006 0.00068000000000000005 0.00065700000000000003 7.539217264231449 7.539217264231449 7.539217264231449 0.00044404400676990462 0.00044404400676990462 0.00044404400676990462 1 1 1 Converged Converged Converged OK OK OK 61 61 61 61 61 61 3 3 3 0 0 0 0 0 1 0 0
28 28 uniform 3 7 288 1 0.0001 3.3680622790048678 0.026621150520302686 3.4335399077974994e-05 -2.9657724399727958 -0.0012076517988237709 -2.9657751270909847 0 3.0531118168189342 7.5411342165333979 OK 13 12 0.73647799999999997 0.68620999999999999 0.112134 0.622668 0.49593300000000001 0 0.11380999999999997 0.19027699999999997 0.112134 0.0082830000000000004 0.0096760000000000006 0.0077320000000000002 0.08664299999999997 0.16061699999999995 0.086191000000000004 0.0030109999999999998 0.0033760000000000001 0.0029949999999999998 0.00066200000000000005 0.0007049999999999999 0.00064900000000000005 7.5411341709444919 7.5411341709444919 7.5411341709444919 0.00044399725322231092 0.00044399725322231092 0.00044399725322231092 1 1 1 Converged Converged Converged OK OK OK 61 61 61 61 61 61 3 3 3 0 0 0 0 1 0 0 1
28 28 uniform 3 15 288 2 0.0001 3.3680622790048678 0.026621150520302686 3.4335399077974994e-05 -2.9657724399727958 -0.0012076517988237709 -2.9657703499919825 0 3.053107039719932 7.5433266553902749 OK 13 12 0.63950399999999996 0.57786800000000005 0.112724 0.52464900000000003 0.39006999999999997 0 0.11485499999999993 0.18779800000000008 0.112724 0.0081980000000000004 0.008404 0.0077140000000000004 0.087776000000000035 0.16023699999999999 0.086851000000000012 0.0030379999999999999 0.0032380000000000004 0.003009 0.00067899999999999992 0.00069700000000000003 0.00064600000000000009 7.5433266097628398 7.5433266097628398 7.5433266097628398 0.00044394383481296791 0.00044394383481296791 0.00044394383481296791 1 1 1 Converged Converged Converged OK OK OK 61 61 61 61 61 61 3 3 3 0 0 0 0 1 0 0 1
28 28 uniform 3 23 288 3 0.0001 3.3680622790048678 0.026621150520302686 3.4335399077974994e-05 -2.9657724399727958 -0.0012076517988237709 -2.9657655728929804 0 3.0531022626209299 7.5455208963792879 OK 13 12 0.75789799999999996 0.70177800000000001 0.11435099999999999 0.62459900000000002 0.51471599999999995 0 0.13329899999999995 0.18706200000000006 0.11435099999999999 0.0090699999999999999 0.0082170000000000003 0.0077470000000000004 0.10450499999999999 0.15951099999999999 0.088326000000000002 0.0030719999999999996 0.0031389999999999999 0.0029759999999999999 0.00070700000000000005 0.00067000000000000002 0.00064399999999999993 7.545520850747903 7.545520850747903 7.545520850747903 0.00044389042687366316 0.00044389042687366316 0.00044389042687366316 1 1 1 Converged Converged Converged OK OK OK 61 61 61 61 61 61 3 3 3 0 0 0 0 1 0 0 1
28 28 uniform 4 0 289 0 0.001 3.3680622790048678 0.026621150520302686 3.4335399077974994e-05 0.079801185215152462 0.003858577946430056 0.07979431813533687 0 0.0075423715926127011 1454.1928607388616 OK 15 14 0.68095000000000006 0.69546699999999995 0.207818 0.47153 0.48041800000000001 0 0.20942000000000005 0.21504899999999993 0.207818 0.017148 0.018346000000000001 0.016513 0.167354 0.17173499999999997 0.16687999999999997 0.0032360000000000002 0.0033109999999999997 0.0031870000000000002 0.00081100000000000009 0.00086899999999999998 0.00080800000000000002 1454.1929239535627 1454.1929239535627 1454.1929239535627 0.7482237518657614 0.7482237518657614 0.7482237518657614 1 1 1 Converged Converged Converged OK OK OK 67 67 67 67 67 67 5 5 5 0 0 0 0 0 1 0 0
28 28 uniform 4 7 289 1 0.001 3.3680622790048678 0.026621150520302686 3.4335399077974994e-05 0.079801185215152462 0.003858577946430056 0.079798498096963752 0 0.0075381916309858188 1424.5724664856973 OK 15 14 0.78829199999999999 0.65254199999999996 0.200822 0.58500700000000005 0.44498799999999999 0 0.20328499999999994 0.20755399999999996 0.200822 0.016369000000000002 0.016410000000000001 0.015630000000000002 0.16662500000000005 0.17082099999999995 0.16520399999999999 0.0032309999999999999 0.0032650000000000001 0.0031860000000000005 0.00077200000000000001 0.00077800000000000005 0.00075600000000000005 1424.5725150236465 1424.5725150236465 1424.5725150236465 0.7061218169836081 0.7061218169836081 0.7061218169836081 1 1 1 Converged Converged Converged OK OK OK 67 67 67 67 67 67 5 5 5 0 0 0 0 1 0 0 1
28 28 uniform 4 15 289 2 0.001 3.3680622790048678 0.026621150520302686 3.4335399077974994e-05 0.079801185215152462 0.003858577946430056 0.079803275195965903 0 0.0075334145319836676 1394.3786488386343 OK 15 14 0.78501399999999999 0.65488500000000005 0.206036 0.57693899999999998 0.44298599999999999 0 0.20807500000000001 0.21189900000000006 0.206036 0.016250000000000001 0.016281 0.015703999999999999 0.17124500000000001 0.17538899999999996 0.17062300000000002 0.0032810000000000005 0.0032380000000000004 0.0031809999999999998 0.00074499999999999989 0.00073099999999999999 0.00072300000000000001 1394.3786883497858 1394.3786883497858 1394.3786883497858 0.6659063336790445 0.6659063336790445 0.6659063336790445 1 1 1 Converged Converged Converged OK OK OK 67 67 67 67 67 67 5 5 5 0 0 0 0 1 0 0 1
28 28 uniform 4 23 289 3 0.001 3.3680622790048678 0.026621150520302686 3.4335399077974994e-05 0.079801185215152462 0.003858577946430056 0.079808052294968054 0 0.0075286374329815164 1367.4364011718003 OK 15 14 0.76201799999999997 0.60922600000000005 0.20539099999999999 0.55366499999999996 0.40790399999999999 0 0.20835300000000001 0.20132200000000006 0.20539099999999999 0.017644 0.016331999999999999 0.015689999999999999 0.16976499999999997 0.16501600000000002 0.16977 0.0033099999999999996 0.003199 0.003212 0.00076800000000000002 0.00074400000000000009 0.00074699999999999994 1367.4364609878844 1367.4364609878844 1367.4364609878844 0.63215324490449831 0.63215324490449831 0.63215324490449831 1 1 1 Converged Converged Converged OK OK OK 67 67 67 67 67 67 5 5 5 0 0 0 0 1 0 0 1
28 28 uniform 4 0 289 0 0.0001 3.3680622790048678 0.026621150520302686 3.4335399077974994e-05 0.079801185215152462 0.003858577946430056 0.07979431813533687 0 0.0075423715926127011 1454.1928607388616 OK 15 14 0.77235299999999996 0.76724899999999996 0.29795700000000003 0.47951300000000002 0.46957199999999999 0 0.29283999999999993 0.29767699999999997 0.29795700000000003 0.016985 0.017083000000000001 0.016559999999999998 0.23861699999999997 0.23888599999999993 0.24511699999999997 0.0049840000000000006 0.0049630000000000004 0.0049460000000000007 0.0010999999999999998 0.0010950000000000001 0.0011039999999999999 1454.1929239402314 1454.1929239402314 1454.1929239402314 0.10321036128955882 0.10321036128955882 0.10321036128955882 1 1 1 Converged Converged Converged OK OK OK 99 99 99 99 99 99 5 5 5 0 0 0 0 0 1 0 0
28 28 uniform 4 7 289 1 0.0001 3.3680622790048678 0.026621150520302686 3.4335399077974994e-05 0.079801185215152462 0.003858577946430056 0.079798498096963752 0 0.0075381916309858188 1424.5724664856973 OK 15 14 0.86695999999999995 0.72633599999999998 0.28200999999999998 0.58634200000000003 0.445077 0 0.28061799999999992 0.28125899999999998 0.28200999999999998 0.016289000000000001 0.016507000000000001 0.015611 0.23437799999999998 0.23470600000000011 0.23678800000000003 0.0048789999999999997 0.0049820000000000003 0.0048969999999999994 0.0010189999999999999 0.0010430000000000001 0.0010089999999999999 1424.5725150325909 1424.5725150325909 1424.5725150325909 0.10359549165077483 0.10359549165077483 0.10359549165077483 1 1 1 Converged Converged Converged OK OK OK 99 99 99 99 99 99 5 5 5 0 0 0 0 1 0 0 1
28 28 uniform 4 15 289 2 0.0001 3.3680622790048678 0.026621150520302686 3.4335399077974994e-05 0.079801185215152462 0.003858577946430056 0.079803275195965903 0 0.0075334145319836676 1394.3786488386343 OK 15 14 0.868788 0.74179600000000001 0.29572999999999999 0.57367999999999997 0.44426199999999999 0 0.29510800000000004 0.29753400000000002 0.29572999999999999 0.016372000000000001 0.016313999999999999 0.015633999999999999 0.24460599999999996 0.25143700000000008 0.25066300000000002 0.0088640000000000004 0.0049870000000000001 0.0049229999999999994 0.001029 0.0010119999999999999 0.00098400000000000007 1394.3786883731277 1394.3786883731277 1394.3786883731277 0.10404218197684298 0.10404218197684298 0.10404218197684298 1 1 1 Converged Converged Converged OK OK OK 99 99 99 99 99 99 5 5 5 0 0 0 0 1 0 0 1
28 28 uniform 4 23 289 3 0.0001 3.3680622790048678 0.026621150520302686 3.4335399077974994e-05 0.079801185215152462 0.003858577946430056 0.079808052294968054 0 0.0075286374329815164 1367.4364011718003 OK 15 14 0.82141200000000003 0.68600399999999995 0.27742299999999998 0.54074599999999995 0.40868399999999999 0 0.28066600000000008 0.27731999999999996 0.27742299999999998 0.016420000000000001 0.016303000000000002 0.015713999999999999 0.23405599999999999 0.230987 0.23260800000000004 0.0049980000000000007 0.0049890000000000004 0.0048109999999999993 0.0010069999999999999 0.0010139999999999999 0.00099099999999999991 1367.4364610092418 1367.4364610092418 1367.4364610092418 0.10449596470735759 0.10449596470735759 0.10449596470735759 1 1 1 Converged Converged Converged OK OK OK 99 99 99 99 99 99 5 5 5 0 0 0 0 1 0 0 1
29 29 linear 0 0 290 0 0.001 0.9142621225786457 0.042312834614515647 0.0084318889953910146 0.18399601218731546 -0.17871198723655199 0.18230963438823725 0.5 -0.14519503625389368 9.6606544534425431 OK 14 13 0.432838 0.42962899999999998 0.13514300000000001 0.29242000000000001 0.28731400000000001 0 0.14041799999999999 0.14231499999999997 0.13514300000000001 0.012401000000000001 0.012119 0.01172 0.10182500000000005 0.10528699999999999 0.098658000000000037 0.0037850000000000002 0.0034199999999999994 0.0034179999999999996 0.00097499999999999996 0.00088299999999999989 0.00081399999999999994 9.6606682143456535 9.6606682143456535 9.6606682143456535 0.0071945683306997247 0.0071945683306997247 0.0071945683306997247 1 1 1 Converged Converged Converged OK OK OK 74 74 74 74 74 74 6 6 6 0 0 0 0 0 1 0 0
29 29 linear 0 7 290 1 0.001 0.9142621225786457 0.042312834614515647 0.0084318889953910146 0.18399601218731546 -0.17871198723655199 0.18333612522245876 0.5 -0.1462215270881152 9.1966509985413136 OK 14 13 0.41924499999999998 0.364068 0.13073000000000001 0.284275 0.18704399999999999 0 0.13496999999999998 0.17702400000000001 0.13073000000000001 0.011421000000000001 0.011318999999999999 0.010699999999999999 0.10347099999999999 0.14585800000000002 0.10059399999999996 0.0035529999999999997 0.0035760000000000002 0.0034989999999999999 0.00081999999999999998 0.00078600000000000002 0.00077700000000000002 9.1967164687387957 9.1967164687387957 9.1967164687387957 0.0086924667568264741 0.0086924667568264741 0.0086924667568264741 1 1 1 Converged Converged Converged OK OK OK 74 74 74 74 74 74 6 6 6 0 0 0 0 1 0 0 1
29 29 linear 0 15 290 2 0.001 0.9142621225786457 0.042312834614515647 0.0084318889953910146 0.18399601218731546 -0.17871198723655199 0.18450925760442621 0.5 -0.14739465947008262 8.6483817432114289 OK 14 13 0.44232199999999999 0.41766199999999998 0.15021100000000001 0.28706599999999999 0.19071099999999999 0 0.15525600000000001 0.22695099999999999 0.15021100000000001 0.011601 0.011750999999999999 0.011004 0.11723600000000002 0.18857099999999996 0.11364100000000005 0.0046290000000000003 0.0047059999999999992 0.0044330000000000003 0.00095500000000000012 0.00098299999999999993 0.00092000000000000003 8.6484345909676392 8.6484345909676392 8.6484345909676392 0.007196513298310535 0.007196513298310535 0.007196513298310535 1 1 1 Converged Converged Converged OK OK OK 90 90 90 90 90 90 6 6 6 0 0 0 0 1 0 0 1
29 29 linear 0 23 290 3 0.001 0.9142621225786457 0.042312834614515647 0.0084318889953910146 0.18399601218731546 -0.17871198723655199 0.18568238998639366 0.5 -0.1485677918520501 8.0840772678404562 OK 14 13 0.48386099999999999 0.454009 0.1623 0.31635999999999997 0.22135099999999999 0 0.16750100000000001 0.232658 0.1623 0.011655 0.011653 0.010975 0.126633 0.19156400000000004 0.12317299999999999 0.0051409999999999997 0.0053070000000000001 0.0049229999999999994 0.001181 0.001238 0.0011169999999999999 8.0840839428796603 8.0840839428796603 8.0840839428796603 0.0057651718935678711 0.0057651718935678711 0.0057651718935678711 1 1 1 Converged Converged Converged OK OK OK 98 98 98 98 98 98 6 6 6 0 0 0 0 1 0 0 1
29 29 linear 0 0 290 0 0.0001 0.9142621225786457 0.042312834614515647 0.0084318889953910146 0.18399601218731546 -0.17871198723655199 0.18230963438823725 0.5 -0.14519503625389368 9.6606544534425431 OK 14 13 0.48614499999999999 0.49146400000000001 0.19120799999999999 0.29104799999999997 0.298267 0 0.19509700000000002 0.19319700000000001 0.19120799999999999 0.012021 0.012192 0.011618 0.14256399999999997 0.13986699999999996 0.13903699999999997 0.0057239999999999999 0.0058650000000000004 0.0061049999999999993 0.001292 0.0013549999999999999 0.0013670000000000002 9.6606689547946356 9.6606689547946356 9.6606689547946356 0.0005504425469611933 0.0005504425469611933 0.0005504425469611933 1 1 1 Converged Converged Converged OK OK OK 114 114 114 114 114 114 6 6 6 0 0 0 0 0 1 0 0
29 29 linear 0 7 290 1 0.0001 0.9142621225786457 0.042312834614515647 0.0084318889953910146 0.18399601218731546 -0.17871198723655199 0.18333612522245876 0.5 -0.1462215270881152 9.1966509985413136 OK 14 13 0.48605700000000002 0.468331 0.19072800000000001 0.28968699999999997 0.187995 0 0.19637000000000004 0.28033600000000003 0.19072800000000001 0.011259999999999999 0.011344 0.010775 0.14975199999999989 0.23397799999999996 0.14504300000000003 0.006180999999999999 0.0061719999999999995 0.0062940000000000001 0.0013209999999999999 0.0013860000000000001 0.0013309999999999999 9.1967212831913621 9.1967212831913621 9.1967212831913621 0.0002445065547063546 0.0002445065547063546 0.0002445065547063546 1 1 1 Converged Converged Converged OK OK OK 122 122 122 122 122 122 6 6 6 0 0 0 0 1 0 0 1
29 29 linear 0 15 290 2 0.0001 0.9142621225786457 0.042312834614515647 0.0084318889953910146 0.18399601218731546 -0.17871198723655199 0.18450925760442621 0.5 -0.14739465947008262 8.6483817432114289 OK 14 13 0.47305399999999997 0.48359200000000002 0.18704899999999999 0.28017399999999998 0.19128899999999999 0 0.19288 0.29230300000000004 0.18704899999999999 0.011547 0.011682 0.010937000000000001 0.148094 0.24702099999999994 0.14340599999999995 0.0062009999999999999 0.0065329999999999989 0.0062369999999999986 0.001366 0.0013160000000000001 0.00131 8.6484508249780525 8.6484508249780525 8.6484508249780525 0.00016550305838745275 0.00016550305838745275 0.00016550305838745275 1 1 1 Converged Converged Converged OK OK OK 122 122 122 122 122 122 6 6 6 0 0 0 0 1 0 0 1
29 29 linear 0 23 290 3 0.0001 0.9142621225786457 0.042312834614515647 0.0084318889953910146 0.18399601218731546 -0.17871198723655199 0.18568238998639366 0.5 -0.1485677918520501 8.0840772678404562 OK 14 13 0.51844599999999996 0.49198199999999997 0.187224 0.32419500000000001 0.21879699999999999 0 0.19425099999999995 0.27318500000000001 0.187224 0.011577 0.011728000000000001 0.010977000000000001 0.14847500000000005 0.22764600000000002 0.14392799999999994 0.0068440000000000003 0.0067340000000000004 0.0060800000000000003 0.0013679999999999999 0.0013319999999999999 0.001273 8.0840995443270902 8.0840995443270902 8.0840995443270902 0.0001420063652828677 0.0001420063652828677 0.0001420063652828677 1 1 1 Converged Converged Converged OK OK OK 122 122 122 122 122 122 6 6 6 0 0 0 0 1 0 0 1
29 29 linear 1 0 291 0 0.001 0.9142621225786457 0.042312834614515647 0.0084318889953910146 0.15370970657187236 -0.31579339350712371 0.15202332877279415 0.5 -0.11490873063845057 5.9313964220658049 OK 14 13 0.59970500000000004 0.593692 0.218801 0.375303 0.37292599999999998 0 0.22440200000000005 0.22076600000000002 0.218801 0.013507 0.013499000000000001 0.012876 0.17419299999999999 0.17070500000000011 0.16964500000000002 0.0046839999999999998 0.0049410000000000001 0.0047219999999999996 0.0012600000000000001 0.001258 0.0011909999999999998 5.931413184636769 5.931413184636769 5.931413184636769 0.0039679657631189131 0.0039679657631189131 0.0039679657631189131 1 1 1 Converged Converged Converged OK OK OK 104 104 104 104 104 104 8 8 8 0 0 0 0 0 1 0 0
29 29 linear 1 7 291 1 0.001 0.9142621225786457 0.042312834614515647 0.0084318889953910146 0.15370970657187236 -0.31579339350712371 0.15304981960701566 0.5 -0.11593522147267209 5.75245861942168 OK 14 13 0.56627499999999997 0.56098999999999999 0.20727000000000001 0.35313600000000001 0.23507600000000001 0 0.21313899999999997 0.32591399999999998 0.20727000000000001 0.01259 0.012418 0.011684999999999999 0.17414499999999999 0.28428699999999985 0.16993399999999997 0.0047630000000000007 0.0047090000000000005 0.0046690000000000004 0.0011820000000000001 0.0011669999999999999 0.0011689999999999999 5.7524733756596502 5.7524733756596502 5.7524733756596502 0.0037260008625461197 0.0037260008625461197 0.0037260008625461197 1 1 1 Converged Converged Converged OK OK OK 104 104 104 104 104 104 8 8 8 0 0 0 0 1 0 0 1
29 29 linear 1 15 291 2 0.001 0.9142621225786457 0.042312834614515647 0.0084318889953910146 0.15370970657187236 -0.31579339350712371 0.15422295198898311 0.5 -0.11710835385463954 5.4726720832648974 OK 14 13 0.56911400000000001 0.54094100000000001 0.21511 0.347634 0.21540899999999999 0 0.22148000000000001 0.32553200000000004 0.21511 0.012428 0.01255 0.011639999999999999 0.18273899999999998 0.28670799999999996 0.17825699999999994 0.0049069999999999999 0.0048260000000000004 0.004527999999999999 0.001168 0.0011849999999999999 0.0011730000000000002 5.4726975191447051 5.4726975191447051 5.4726975191447051 0.0036012990131567618 0.0036012990131567618 0.0036012990131567618 1 1 1 Converged Converged Converged OK OK OK 104 104 104 104 104 104 8 8 8 0 0 0 0 1 0 0 1
29 29 linear 1 23 291 3 0.001 0.9142621225786457 0.042312834614515647 0.0084318889953910146 0.15370970657187236 -0.31579339350712371 0.15539608437095057 0.5 -0.11828148623660699 5.0997184202764325 OK 14 13 0.567662 0.563967 0.21990199999999999 0.34564600000000001 0.224297 0 0.22201599999999999 0.33967000000000003 0.21990199999999999 0.012538000000000001 0.017878000000000002 0.011672999999999999 0.18339500000000003 0.29507000000000005 0.18243999999999999 0.0047370000000000008 0.0051200000000000004 0.0047099999999999998 0.001273 0.0013370000000000001 0.0012689999999999999 5.0997328653441976 5.0997328653441976 5.0997328653441976 0.0041591459463524594 0.0041591459463524594 0.0041591459463524594 1 1 1 Converged Converged Converged OK OK OK 104 104 104 104 104 104 8 8 8 0 0 0 0 1 0 0 1
29 29 linear 1 0 291 0 0.0001 0.9142621225786457 0.042312834614515647 0.0084318889953910146 0.15370970657187236 -0.31579339350712371 0.15202332877279415 0.5 -0.11490873063845057 5.9313964220658049 OK 14 13 0.63650499999999999 0.63198699999999997 0.26269199999999998 0.37367499999999998 0.37040499999999998 0 0.26283000000000001 0.26158199999999998 0.26269199999999998 0.013618999999999999 0.013381000000000001 0.012999 0.20165099999999997 0.20167700000000005 0.20202099999999998 0.0061079999999999997 0.005925999999999999 0.0066500000000000005 0.001678 0.001529 0.0016520000000000003 5.9314131550227067 5.9314131550227067 5.9314131550227067 0.00013245237480930482 0.00013245237480930482 0.00013245237480930482 1 1 1 Converged Converged Converged OK OK OK 128 128 128 128 128 128 8 8 8 0 0 0 0 0 1 0 0
29 29 linear 1 7 291 1 0.0001 0.9142621225786457 0.042312834614515647 0.0084318889953910146 0.15370970657187236 -0.31579339350712371 0.15304981960701566 0.5 -0.11593522147267209 5.75245861942168 OK 14 13 0.59681499999999998 0.61620799999999998 0.229522 0.35384900000000002 0.239673 0 0.24296599999999996 0.37653499999999995 0.229522 0.013642 0.012396000000000001 0.011880999999999999 0.19656900000000005 0.33278599999999997 0.18691399999999997 0.0061110000000000001 0.0055180000000000003 0.0056690000000000004 0.0014689999999999998 0.0013829999999999999 0.0013470000000000001 5.7524733761159048 5.7524733761159048 5.7524733761159048 0.00041253263998218792 0.00041253263998218792 0.00041253263998218792 1 1 1 Converged Converged Converged OK OK OK 120 120 120 120 120 120 8 8 8 0 0 0 0 1 0 0 1
29 29 linear 1 15 291 2 0.0001 0.9142621225786457 0.042312834614515647 0.0084318889953910146 0.15370970657187236 -0.31579339350712371 0.15422295198898311 0.5 -0.11710835385463954 5.4726720832648974 OK 14 13 0.60094700000000001 0.59868200000000005 0.23878199999999999 0.354495 0.21259400000000001 0 0.246452 0.38608800000000004 0.23878199999999999 0.012888 0.012481000000000001 0.01167 0.20279399999999995 0.34290000000000032 0.19684699999999997 0.0053460000000000001 0.0053669999999999994 0.0054559999999999999 0.0013569999999999999 0.0013849999999999999 0.001312 5.4726975195980456 5.4726975195980456 5.4726975195980456 0.00029032765582389188 0.00029032765582389188 0.00029032765582389188 1 1 1 Converged Converged Converged OK OK OK 120 120 120 120 120 120 8 8 8 0 0 0 0 1 0 0 1
29 29 linear 1 23 291 3 0.0001 0.9142621225786457 0.042312834614515647 0.0084318889953910146 0.15370970657187236 -0.31579339350712371 0.15539608437095057 0.5 -0.11828148623660699 5.0997184202764325 OK 14 13 0.60700500000000002 0.62262499999999998 0.249221 0.35147200000000001 0.223746 0 0.25553300000000001 0.39887899999999998 0.249221 0.012505 0.01261 0.011668 0.21014899999999997 0.35159300000000016 0.20560899999999999 0.0058839999999999995 0.00728 0.0059060000000000007 0.0016089999999999998 0.001665 0.0015699999999999998 5.0997296856605585 5.0997296856605585 5.0997296856605585 0.00035352236475994121 0.00035352236475994121 0.00035352236475994121 1 1 1 Converged Converged Converged OK OK OK 128 128 128 128 128 128 8 8 8 0 0 0 0 1 0 0 1
29 29 linear 2 0 292 0 0.001 0.9142621225786457 0.042312834614515647 0.0084318889953910146 0.026487054792113916 -0.16043689231983685 0.024800676993035713 0.5 0.012313921141307863 6.4873140080033265 OK 13 12 0.31221300000000002 0.31424600000000003 0.09937 0.21015200000000001 0.21276 0 0.10206100000000001 0.10148600000000002 0.09937 0.0096539999999999994 0.0095729999999999999 0.0092790000000000008 0.070080999999999991 0.068737999999999966 0.068044000000000007 0.0034299999999999999 0.0039379999999999997 0.0033340000000000002 0.0008119999999999999 0.00081499999999999997 0.00081700000000000002 6.4873107968948123 6.4873107968948123 6.4873107968948123 0.0053038422520755866 0.0053038422520755866 0.0053038422520755866 1 1 1 Converged Converged Converged OK OK OK 61 61 61 61 61 61 3 3 3 0 0 0 0 0 1 0 0
29 29 linear 2 7 292 1 0.001 0.9142621225786457 0.042312834614515647 0.0084318889953910146 0.026487054792113916 -0.16043689231983685 0.025827167827257226 0.5 0.01128743030708635 6.6736850156148479 OK 14 13 0.38078899999999999 0.42294500000000002 0.12400899999999999 0.25345899999999999 0.170184 0 0.12733 0.25276100000000001 0.12400899999999999 0.011889 0.011833 0.011141 0.090780000000000013 0.21596200000000004 0.088466999999999962 0.0039509999999999997 0.0040800000000000003 0.0040730000000000002 0.00094800000000000006 0.00092900000000000014 0.00090000000000000019 6.6736728401836087 6.6736728401836087 6.6736728401836087 0.0054404910657443141 0.0054404910657443141 0.0054404910657443141 1 1 1 Converged Converged Converged OK OK OK 76 76 76 76 76 76 4 4 4 0 0 0 0 1 0 0 1
29 29 linear 2 15 292 2 0.001 0.9142621225786457 0.042312834614515647 0.0084318889953910146 0.026487054792113916 -0.16043689231983685 0.027000300209224674 0.5 0.010114297925118903 6.9980518428489775 OK 14 13 0.35142400000000001 0.38954699999999998 0.122127 0.22955400000000001 0.14783499999999999 0 0.12187000000000001 0.24171199999999998 0.122127 0.011391999999999999 0.011645000000000001 0.012064 0.086671999999999999 0.20591699999999991 0.08633200000000002 0.0040409999999999995 0.0041679999999999998 0.0039510000000000005 0.0009059999999999999 0.00094399999999999996 0.00093999999999999997 6.9980544564867087 6.9980544564867087 6.9980544564867087 0.0056950523171495765 0.0056950523171495765 0.0056950523171495765 1 1 1 Converged Converged Converged OK OK OK 76 76 76 76 76 76 4 4 4 0 0 0 0 1 0 0 1
29 29 linear 2 23 292 3 0.001 0.9142621225786457 0.042312834614515647 0.0084318889953910146 0.026487054792113916 -0.16043689231983685 0.028173432591192118 0.5 0.0089411655431514588 7.3421726386907054 OK 14 13 0.35923500000000003 0.41136800000000001 0.115041 0.24068300000000001 0.154582 0 0.11855200000000002 0.25678600000000001 0.115041 0.010689000000000001 0.011147000000000001 0.010135999999999999 0.084201000000000026 0.22078200000000003 0.081671999999999995 0.0040459999999999992 0.0044930000000000005 0.0041659999999999996 0.000941 0.0010170000000000001 0.00092000000000000003 7.3421754061093223 7.3421754061093223 7.3421754061093223 0.0060638164050078941 0.0060638164050078941 0.0060638164050078941 1 1 1 Converged Converged Converged OK OK OK 76 76 76 76 76 76 4 4 4 0 0 0 0 1 0 0 1
29 29 linear 2 0 292 0 0.0001 0.9142621225786457 0.042312834614515647 0.0084318889953910146 0.026487054792113916 -0.16043689231983685 0.024800676993035713 0.5 0.012313921141307863 6.4873140080033265 OK 13 12 0.33929599999999999 0.34288099999999999 0.12149600000000001 0.21496499999999999 0.21748999999999999 0 0.124331 0.125391 0.12149600000000001 0.0095670000000000009 0.0095499999999999995 0.0090969999999999992 0.086762999999999993 0.087143999999999999 0.084620999999999988 0.00415 0.0042199999999999998 0.0040429999999999997 0.0009059999999999999 0.0010059999999999999 0.00091299999999999986 6.4873107963892878 6.4873107963892878 6.4873107963892878 7.4855543348466576e-05 7.4855543348466576e-05 7.4855543348466576e-05 1 1 1 Converged Converged Converged OK OK OK 77 77 77 77 77 77 3 3 3 0 0 0 0 0 1 0 0
29 29 linear 2 7 292 1 0.0001 0.9142621225786457 0.042312834614515647 0.0084318889953910146 0.026487054792113916 -0.16043689231983685 0.025827167827257226 0.5 0.01128743030708635 6.6736850156148479 OK 14 13 0.40955599999999998 0.48257800000000001 0.14851400000000001 0.25603799999999999 0.16536000000000001 0 0.15351799999999999 0.317218 0.14851400000000001 0.011704000000000001 0.011802999999999999 0.011105 0.10710300000000005 0.2750979999999999 0.10799100000000002 0.0047590000000000002 0.0050470000000000003 0.0048089999999999999 0.001021 0.001077 0.001065 6.6736728397065148 6.6736728397065148 6.6736728397065148 0.00019821086341837164 0.00019821086341837164 0.00019821086341837164 1 1 1 Converged Converged Converged OK OK OK 92 92 92 92 92 92 4 4 4 0 0 0 0 1 0 0 1
29 29 linear 2 15 292 2 0.0001 0.9142621225786457 0.042312834614515647 0.0084318889953910146 0.026487054792113916 -0.16043689231983685 0.027000300209224674 0.5 0.010114297925118903 6.9980518428489775 OK 14 13 0.37970599999999999 0.44572099999999998 0.13850999999999999 0.23305999999999999 0.150865 0 0.146646 0.29485600000000001 0.13850999999999999 0.012739 0.011506000000000001 0.010822 0.10492900000000002 0.25441499999999995 0.099746999999999975 0.0048310000000000002 0.0048870000000000007 0.0047590000000000002 0.0010200000000000001 0.0010840000000000001 0.00097099999999999986 6.9980544560423708 6.9980544560423708 6.9980544560423708 0.00043765642384832148 0.00043765642384832148 0.00043765642384832148 1 1 1 Converged Converged Converged OK OK OK 92 92 92 92 92 92 4 4 4 0 0 0 0 1 0 0 1
29 29 linear 2 23 292 3 0.0001 0.9142621225786457 0.042312834614515647 0.0084318889953910146 0.026487054792113916 -0.16043689231983685 0.028173432591192118 0.5 0.0089411655431514588 7.3421726386907054 OK 14 13 0.40931400000000001 0.48837199999999997 0.16000600000000001 0.239981 0.15273600000000001 0 0.16933300000000001 0.33563599999999993 0.16000600000000001 0.010758 0.010828000000000001 0.010113 0.12276299999999998 0.28903800000000013 0.11572600000000001 0.0061739999999999998 0.00613 0.0057769999999999991 0.0012470000000000001 0.001186 0.001158 7.3421754738359599 7.3421754738359599 7.3421754738359599 7.6705312681229451e-05 7.6705312681229451e-05 7.6705312681229451e-05 1 1 1 Converged Converged Converged OK OK OK 108 108 108 108 108 108 4 4 4 0 0 0 0 1 0 0 1
29 29 linear 3 0 293 0 0.001 0.9142621225786457 0.042312834614515647 0.0084318889953910146 0.21342510958092101 -0.26881766477810765 0.2117387317818428 0.5 -0.17462413364749924 3.7064462909732345 OK 13 12 0.41409499999999999 0.40702500000000003 0.104542 0.30648399999999998 0.30112800000000001 0 0.10761100000000001 0.10589700000000002 0.104542 0.0088660000000000006 0.0088999999999999999 0.0085769999999999996 0.076821999999999988 0.075053000000000009 0.07432699999999999 0.0031870000000000002 0.0033190000000000003 0.0032390000000000006 0.00070399999999999998 0.00073900000000000007 0.00069300000000000004 3.7064446540844167 3.7064446540844167 3.7064446540844167 0.0028049543913288297 0.0028049543913288297 0.0028049543913288297 1 1 1 Converged Converged Converged OK OK OK 61 61 61 61 61 61 3 3 3 0 0 0 0 0 1 0 0
29 29 linear 3 7 293 1 0.001 0.9142621225786457 0.042312834614515647 0.0084318889953910146 0.21342510958092101 -0.26881766477810765 0.21276522261606431 0.5 -0.17565062448172075 3.7017302790529398 OK 13 12 0.38122400000000001 0.34254000000000001 0.092629000000000003 0.285443 0.17700099999999999 0 0.095781000000000005 0.16553900000000002 0.092629000000000003 0.0081499999999999993 0.0082349999999999993 0.0076750000000000004 0.068721999999999991 0.13818799999999998 0.066304000000000002 0.0031000000000000003 0.0032849999999999997 0.0031959999999999996 0.00068800000000000003 0.00069300000000000004 0.000678 3.7017286355237173 3.7017286355237173 3.7017286355237173 0.0028010742966184912 0.0028010742966184912 0.0028010742966184912 1 1 1 Converged Converged Converged OK OK OK 61 61 61 61 61 61 3 3 3 0 0 0 0 1 0 0 1
29 29 linear 3 15 293 2 0.001 0.9142621225786457 0.042312834614515647 0.0084318889953910146 0.21342510958092101 -0.26881766477810765 0.21393835499803177 0.5 -0.17682375686368818 3.6964019439146312 OK 13 12 0.36325000000000002 0.33209 0.094400999999999999 0.26558999999999999 0.155005 0 0.097660000000000025 0.17708499999999999 0.094400999999999999 0.0082900000000000005 0.0082799999999999992 0.0077799999999999996 0.070426999999999976 0.14937199999999995 0.068106000000000014 0.0031640000000000001 0.0033959999999999997 0.0031689999999999999 0.00072099999999999985 0.00071600000000000006 0.00072100000000000007 3.6964002918327625 3.6964002918327625 3.6964002918327625 0.0027967494425176886 0.0027967494425176886 0.0027967494425176886 1 1 1 Converged Converged Converged OK OK OK 61 61 61 61 61 61 3 3 3 0 0 0 0 1 0 0 1
29 29 linear 3 23 293 3 0.001 0.9142621225786457 0.042312834614515647 0.0084318889953910146 0.21342510958092101 -0.26881766477810765 0.21511148737999922 0.5 -0.17799688924565565 3.6911377731072585 OK 13 12 0.385488 0.34629300000000002 0.096303 0.28537800000000002 0.173593 0 0.10010999999999998 0.17270000000000002 0.096303 0.0082520000000000007 0.0081949999999999992 0.0077169999999999999 0.072322999999999985 0.145262 0.069977000000000011 0.0033019999999999998 0.0033729999999999997 0.0032379999999999996 0.00071200000000000007 0.00069600000000000011 0.00066599999999999993 3.6911361114892718 3.6911361114892718 3.6911361114892718 0.0027925389951691804 0.0027925389951691804 0.0027925389951691804 1 1 1 Converged Converged Converged OK OK OK 61 61 61 61 61 61 3 3 3 0 0 0 0 1 0 0 1
29 29 linear 3 0 293 0 0.0001 0.9142621225786457 0.042312834614515647 0.0084318889953910146 0.21342510958092101 -0.26881766477810765 0.2117387317818428 0.5 -0.17462413364749924 3.7064462909732345 OK 13 12 0.42889500000000003 0.43085899999999999 0.12717899999999999 0.29843399999999998 0.30018899999999998 0 0.13046100000000005 0.13067000000000001 0.12717899999999999 0.0088559999999999993 0.0089899999999999997 0.0087019999999999997 0.093879999999999991 0.09162900000000003 0.090878999999999988 0.0040229999999999997 0.0040280000000000003 0.0039700000000000004 0.00081599999999999999 0.00080400000000000003 0.00083100000000000003 3.7064446557792392 3.7064446557792392 3.7064446557792392 0.00024446348844676594 0.00024446348844676594 0.00024446348844676594 1 1 1 Converged Converged Converged OK OK OK 77 77 77 77 77 77 3 3 3 0 0 0 0 0 1 0 0
29 29 linear 3 7 293 1 0.0001 0.9142621225786457 0.042312834614515647 0.0084318889953910146 0.21342510958092101 -0.26881766477810765 0.21276522261606431 0.5 -0.17565062448172075 3.7017302790529398 OK 13 12 0.40044200000000002 0.38934000000000002 0.11289100000000001 0.28380100000000003 0.17385900000000001 0 0.11664099999999999 0.21548100000000001 0.11289100000000001 0.0082100000000000003 0.0082830000000000004 0.0076509999999999998 0.084457999999999991 0.18336500000000006 0.081846000000000002 0.0040289999999999996 0.004052 0.0040419999999999996 0.00087800000000000009 0.0007899999999999999 0.00080100000000000006 3.7017286372239919 3.7017286372239919 3.7017286372239919 0.00024136458328951244 0.00024136458328951244 0.00024136458328951244 1 1 1 Converged Converged Converged OK OK OK 77 77 77 77 77 77 3 3 3 0 0 0 0 1 0 0 1
29 29 linear 3 15 293 2 0.0001 0.9142621225786457 0.042312834614515647 0.0084318889953910146 0.21342510958092101 -0.26881766477810765 0.21393835499803177 0.5 -0.17682375686368818 3.6964019439146312 OK 13 12 0.38528800000000002 0.384797 0.11601300000000001 0.26582 0.15664800000000001 0 0.11946800000000002 0.22814899999999999 0.11601300000000001 0.0082249999999999997 0.0082410000000000001 0.0077840000000000001 0.087299000000000015 0.19604200000000002 0.084896999999999986 0.0040829999999999998 0.0040210000000000003 0.0039520000000000007 0.00084400000000000002 0.0008650000000000001 0.00083500000000000002 3.6964002935393654 3.6964002935393654 3.6964002935393654 0.00023790448697029885 0.00023790448697029885 0.00023790448697029885 1 1 1 Converged Converged Converged OK OK OK 77 77 77 77 77 77 3 3 3 0 0 0 0 1 0 0 1
29 29 linear 3 23 293 3 0.0001 0.9142621225786457 0.042312834614515647 0.0084318889953910146 0.21342510958092101 -0.26881766477810765 0.21511148737999922 0.5 -0.17799688924565565 3.6911377731072585 OK 13 12 0.40681899999999999 0.39652599999999999 0.117322 0.28166200000000002 0.174375 0 0.12515699999999996 0.22215099999999999 0.117322 0.0081600000000000006 0.0082590000000000007 0.0076740000000000003 0.092720999999999998 0.18805599999999995 0.086167000000000007 0.0040669999999999994 0.0052200000000000007 0.0041209999999999997 0.00081999999999999998 0.00078799999999999996 0.00077100000000000009 3.6911361132023579 3.6911361132023579 3.6911361132023579 0.00023452815517736772 0.00023452815517736772 0.00023452815517736772 1 1 1 Converged Converged Converged OK OK OK 77 77 77 77 77 77 3 3 3 0 0 0 0 1 0 0 1
29 29 linear 4 0 294 0 0.001 0.9142621225786457 0.042312834614515647 0.0084318889953910146 0.069374118124249221 0.12406208762807525 0.067687740325171011 0.5 -0.030573142190827435 13.785300935431856 OK 15 14 0.38847599999999999 0.381438 0.14671200000000001 0.23369500000000001 0.233678 0 0.15478099999999997 0.14776 0.14671200000000001 0.018109 0.01465 0.013988 0.10371499999999997 0.10081299999999997 0.10037499999999999 0.0043180000000000007 0.0041980000000000003 0.0042859999999999999 0.0011969999999999999 0.0011660000000000002 0.001224 13.785292734968708 13.785292734968708 13.785292734968708 0.013114877929074171 0.013114877929074171 0.013114877929074171 1 1 1 Converged Converged Converged OK OK OK 90 90 90 90 90 90 6 6 6 0 0 0 0 0 1 0 0
29 29 linear 4 7 294 1 0.001 0.9142621225786457 0.042312834614515647 0.0084318889953910146 0.069374118124249221 0.12406208762807525 0.068714231159392528 0.5 -0.031599633025048951 13.935636571366391 OK 15 14 0.39216299999999998 0.42262 0.13969300000000001 0.24792800000000001 0.16372500000000001 0 0.14423499999999997 0.25889499999999999 0.13969300000000001 0.013549 0.013519 0.012976 0.10577399999999997 0.22044300000000011 0.10207400000000005 0.0043160000000000004 0.0043439999999999998 0.0043810000000000003 0.001101 0.001098 0.0010920000000000001 13.935628302625908 13.935628302625908 13.935628302625908 0.013473386176588725 0.013473386176588725 0.013473386176588725 1 1 1 Converged Converged Converged OK OK OK 90 90 90 90 90 90 6 6 6 0 0 0 0 1 0 0 1
29 29 linear 4 15 294 2 0.001 0.9142621225786457 0.042312834614515647 0.0084318889953910146 0.069374118124249221 0.12406208762807525 0.069887363541359979 0.5 -0.032772765407016402 14.123941807702392 OK 15 14 0.38139800000000001 0.38811400000000001 0.135437 0.241147 0.15806700000000001 0 0.14025100000000001 0.230047 0.135437 0.013533999999999999 0.013627 0.013036000000000001 0.101893 0.19174099999999994 0.098173999999999984 0.0043800000000000002 0.0041830000000000001 0.0042640000000000004 0.001116 0.0010930000000000002 0.0011119999999999999 14.123933328379309 14.123933328379309 14.123933328379309 0.014022160197277029 0.014022160197277029 0.014022160197277029 1 1 1 Converged Converged Converged OK OK OK 90 90 90 90 90 90 6 6 6 0 0 0 0 1 0 0 1
29 29 linear 4 23 294 3 0.001 0.9142621225786457 0.042312834614515647 0.0084318889953910146 0.069374118124249221 0.12406208762807525 0.07106049592332743 0.5 -0.033945897788983853 14.332856191302579 OK 15 14 0.39578200000000002 0.405501 0.15526799999999999 0.236374 0.15203800000000001 0 0.15940800000000002 0.25346299999999999 0.15526799999999999 0.013620999999999999 0.013726 0.012813 0.11670599999999995 0.21001500000000001 0.11372500000000001 0.0047840000000000001 0.0051280000000000006 0.0048900000000000002 0.0011190000000000002 0.001155 0.0011720000000000001 14.332847809623122 14.332847809623122 14.332847809623122 0.013199658312154935 0.013199658312154935 0.013199658312154935 1 1 1 Converged Converged Converged OK OK OK 98 98 98 98 98 98 6 6 6 0 0 0 0 1 0 0 1
29 29 linear 4 0 294 0 0.0001 0.9142621225786457 0.042312834614515647 0.0084318889953910146 0.069374118124249221 0.12406208762807525 0.067687740325171011 0.5 -0.030573142190827435 13.785300935431856 OK 15 14 0.43642900000000001 0.43187399999999998 0.19306300000000001 0.23877799999999999 0.237236 0 0.19765100000000002 0.19463799999999998 0.19306300000000001 0.014371 0.014713 0.014088 0.13780700000000001 0.13371099999999997 0.13300699999999996 0.0061370000000000001 0.0064780000000000011 0.0061809999999999999 0.0015259999999999998 0.00156 0.00157 13.785292687980261 13.785292687980261 13.785292687980261 0.00085881758956743784 0.00085881758956743784 0.00085881758956743784 1 1 1 Converged Converged Converged OK OK OK 122 122 122 122 122 122 6 6 6 0 0 0 0 0 1 0 0
29 29 linear 4 7 294 1 0.0001 0.9142621225786457 0.042312834614515647 0.0084318889953910146 0.069374118124249221 0.12406208762807525 0.068714231159392528 0.5 -0.031599633025048951 13.935636571366391 OK 15 14 0.44140400000000002 0.51307199999999997 0.18432200000000001 0.252498 0.168739 0 0.18890600000000002 0.344333 0.18432200000000001 0.013480000000000001 0.013668 0.012936 0.140907 0.29546699999999998 0.136822 0.0060410000000000004 0.0062790000000000016 0.0062100000000000011 0.0013880000000000001 0.0013790000000000002 0.0014630000000000001 13.935628256719005 13.935628256719005 13.935628256719005 0.00090676639630873337 0.00090676639630873337 0.00090676639630873337 1 1 1 Converged Converged Converged OK OK OK 122 122 122 122 122 122 6 6 6 0 0 0 0 1 0 0 1
29 29 linear 4 15 294 2 0.0001 0.9142621225786457 0.042312834614515647 0.0084318889953910146 0.069374118124249221 0.12406208762807525 0.069887363541359979 0.5 -0.032772765407016402 14.123941807702392 OK 15 14 0.42774400000000001 0.47802299999999998 0.18080599999999999 0.23624100000000001 0.157417 0 0.19150300000000001 0.32060599999999995 0.18080599999999999 0.013609 0.013622 0.012951000000000001 0.14284300000000008 0.27196199999999998 0.13365300000000005 0.006123 0.0061279999999999998 0.006084 0.0014520000000000002 0.001418 0.0014309999999999998 14.123933284659357 14.123933284659357 14.123933284659357 0.001047904629534511 0.001047904629534511 0.001047904629534511 1 1 1 Converged Converged Converged OK OK OK 122 122 122 122 122 122 6 6 6 0 0 0 0 1 0 0 1
29 29 linear 4 23 294 3 0.0001 0.9142621225786457 0.042312834614515647 0.0084318889953910146 0.069374118124249221 0.12406208762807525 0.07106049592332743 0.5 -0.033945897788983853 14.332856191302579 OK 15 14 0.42220999999999997 0.489838 0.184694 0.23138 0.15614800000000001 0 0.19082999999999997 0.33368999999999999 0.184694 0.013573999999999999 0.013577000000000001 0.012841 0.14249200000000001 0.284777 0.13766400000000001 0.0063449999999999999 0.0065640000000000013 0.0060869999999999995 0.0014379999999999998 0.001488 0.001459 14.332847788418844 14.332847788418844 14.332847788418844 0.0013961831613537804 0.0013961831613537804 0.0013961831613537804 1 1 1 Converged Converged Converged OK OK OK 122 122 122 122 122 122 6 6 6 0 0 0 0 1 0 0 1
29 29 uniform 0 0 295 0 0.001 0.9142621225786457 0.042312834614515647 0.0084318889953910146 0.18399601218731546 -0.17871198723655199 0.18230963438823725 0 -0.14519503625389368 9.5685402982713423 OK 14 13 0.40864600000000001 0.40623999999999999 0.117491 0.28948299999999999 0.28762500000000002 0 0.11916300000000002 0.11861499999999997 0.117491 0.012295 0.012115000000000001 0.011502999999999999 0.081803000000000001 0.081783000000000008 0.081499999999999989 0.0030690000000000005 0.0031099999999999999 0.0031210000000000001 0.00083399999999999989 0.00085400000000000016 0.00079200000000000006 9.5685402811974196 9.5685402811974196 9.5685402811974196 0.0032351240057492459 0.0032351240057492459 0.0032351240057492459 1 1 1 Converged Converged Converged OK OK OK 74 74 74 74 74 74 6 6 6 0 0 0 0 0 1 0 0
29 29 uniform 0 7 295 1 0.001 0.9142621225786457 0.042312834614515647 0.0084318889953910146 0.18399601218731546 -0.17871198723655199 0.18333612522245876 0 -0.1462215270881152 9.1595770634883742 OK 14 13 0.39666699999999999 0.34598400000000001 0.11308600000000001 0.28199099999999999 0.187671 0 0.114676 0.15831300000000001 0.11308600000000001 0.011254999999999999 0.011228999999999999 0.010668 0.084030000000000021 0.12753600000000001 0.083409000000000025 0.0032069999999999998 0.0032129999999999997 0.0031350000000000006 0.00078299999999999995 0.00079499999999999992 0.00075799999999999999 9.1595752343553993 9.1595752343553993 9.1595752343553993 0.0051920916187894097 0.0051920916187894097 0.0051920916187894097 1 1 1 Converged Converged Converged OK OK OK 74 74 74 74 74 74 6 6 6 0 0 0 0 1 0 0 1
29 29 uniform 0 15 295 2 0.001 0.9142621225786457 0.042312834614515647 0.0084318889953910146 0.18399601218731546 -0.17871198723655199 0.18450925760442621 0 -0.14739465947008262 8.6753975097135463 OK 14 13 0.392038 0.35283100000000001 0.108367 0.28142200000000001 0.188995 0 0.11061599999999999 0.16383600000000001 0.108367 0.011709000000000001 0.011873 0.010914 0.079433999999999977 0.13205299999999995 0.078664999999999999 0.0032250000000000004 0.0034859999999999999 0.0031350000000000002 0.00077300000000000003 0.00077699999999999991 0.00075100000000000004 8.6753906674494239 8.6753906674494239 8.6753906674494239 0.0081900378210341095 0.0081900378210341095 0.0081900378210341095 1 1 1 Converged Converged Converged OK OK OK 74 74 74 74 74 74 6 6 6 0 0 0 0 1 0 0 1
29 29 uniform 0 23 295 3 0.001 0.9142621225786457 0.042312834614515647 0.0084318889953910146 0.18399601218731546 -0.17871198723655199 0.18568238998639366 0 -0.1485677918520501 8.1743639206243124 OK 14 13 0.43768200000000002 0.38816600000000001 0.121674 0.31431700000000001 0.21862999999999999 0 0.123365 0.16953600000000002 0.121674 0.011610000000000001 0.011629 0.010918000000000001 0.087767999999999985 0.13356600000000002 0.087598000000000009 0.0038659999999999996 0.0039240000000000004 0.0036130000000000003 0.00098299999999999993 0.00096799999999999989 0.00093500000000000007 8.1743642123079905 8.1743642123079905 8.1743642123079905 0.006148115082957273 0.006148115082957273 0.006148115082957273 1 1 1 Converged Converged Converged OK OK OK 82 82 82 82 82 82 6 6 6 0 0 0 0 1 0 0 1
29 29 uniform 0 0 295 0 0.0001 0.9142621225786457 0.042312834614515647 0.0084318889953910146 0.18399601218731546 -0.17871198723655199 0.18230963438823725 0 -0.14519503625389368 9.5685402982713423 OK 14 13 0.453181 0.453455 0.164579 0.28665800000000002 0.28688200000000003 0 0.16652299999999998 0.16657299999999997 0.164579 0.011990000000000001 0.012107 0.011528999999999999 0.11482900000000001 0.11431199999999996 0.11410099999999999 0.0053299999999999997 0.0056430000000000004 0.0051709999999999994 0.001297 0.0012790000000000002 0.001281 9.5685407349150058 9.5685407349150058 9.5685407349150058 0.00037358607878868372 0.00037358607878868372 0.00037358607878868372 1 1 1 Converged Converged Converged OK OK OK 114 114 114 114 114 114 6 6 6 0 0 0 0 0 1 0 0
29 29 uniform 0 7 295 1 0.0001 0.9142621225786457 0.042312834614515647 0.0084318889953910146 0.18399601218731546 -0.17871198723655199 0.18333612522245876 0 -0.1462215270881152 9.1595770634883742 OK 14 13 0.43218499999999999 0.396617 0.142961 0.28767500000000001 0.186972 0 0.14450999999999997 0.209645 0.142961 0.011427 0.011272000000000001 0.010644000000000001 0.10538900000000001 0.17028000000000013 0.10510399999999998 0.0047749999999999997 0.0049040000000000004 0.0048310000000000002 0.0012040000000000002 0.001207 0.0012050000000000001 9.1595777378506433 9.1595777378506433 9.1595777378506433 0.00090202080313496165 0.00090202080313496165 0.00090202080313496165 1 1 1 Converged Converged Converged OK OK OK 106 106 106 106 106 106 6 6 6 0 0 0 0 1 0 0 1
29 29 uniform 0 15 295 2 0.0001 0.9142621225786457 0.042312834614515647 0.0084318889953910146 0.18399601218731546 -0.17871198723655199 0.18450925760442621 0 -0.14739465947008262 8.6753975097135463 OK 14 13 0.44673200000000002 0.45337 0.162023 0.283134 0.19212000000000001 0 0.16359800000000002 0.26124999999999998 0.162023 0.011677999999999999 0.011696 0.011063999999999999 0.11757300000000002 0.21497299999999997 0.11747599999999998 0.0057340000000000004 0.0057229999999999998 0.0055110000000000003 0.0013210000000000001 0.0013180000000000002 0.0013050000000000002 8.6753977895164489 8.6753977895164489 8.6753977895164489 6.4749042725474037e-05 6.4749042725474037e-05 6.4749042725474037e-05 1 1 1 Converged Converged Converged OK OK OK 122 122 122 122 122 122 6 6 6 0 0 0 0 1 0 0 1
29 29 uniform 0 23 295 3 0.0001 0.9142621225786457 0.042312834614515647 0.0084318889953910146 0.18399601218731546 -0.17871198723655199 0.18568238998639366 0 -0.1485677918520501 8.1743639206243124 OK 14 13 0.48176099999999999 0.460225 0.159885 0.316658 0.215033 0 0.165103 0.24519199999999999 0.159885 0.01167 0.011632999999999999 0.010987 0.12124499999999998 0.20014800000000005 0.117287 0.005594 0.0059980000000000007 0.0055209999999999999 0.0013349999999999998 0.001348 0.00132 8.1743639033764239 8.1743639033764239 8.1743639033764239 5.8171328153955807e-05 5.8171328153955807e-05 5.8171328153955807e-05 1 1 1 Converged Converged Converged OK OK OK 122 122 122 122 122 122 6 6 6 0 0 0 0 1 0 0 1
29 29 uniform 1 0 296 0 0.001 0.9142621225786457 0.042312834614515647 0.0084318889953910146 0.15370970657187236 -0.31579339350712371 0.15202332877279415 0 -0.11490873063845057 5.8711555587848707 OK 14 13 0.53063800000000005 0.53576699999999999 0.15923300000000001 0.366956 0.37023 0 0.16368200000000005 0.16553699999999999 0.15923300000000001 0.013480000000000001 0.013825 0.01304 0.117017 0.11491800000000001 0.11385600000000001 0.0039110000000000004 0.0042079999999999999 0.0039560000000000003 0.001122 0.001217 0.0011050000000000001 5.8711553994905783 5.8711553994905783 5.8711553994905783 0.0023729468474298705 0.0023729468474298705 0.0023729468474298705 1 1 1 Converged Converged Converged OK OK OK 96 96 96 96 96 96 8 8 8 0 0 0 0 0 1 0 0
29 29 uniform 1 7 296 1 0.001 0.9142621225786457 0.042312834614515647 0.0084318889953910146 0.15370970657187236 -0.31579339350712371 0.15304981960701566 0 -0.11593522147267209 5.7415296801065807 OK 14 13 0.49635699999999999 0.479182 0.14932500000000001 0.34514600000000001 0.23446 0 0.15121099999999998 0.244722 0.14932500000000001 0.012520999999999999 0.012421 0.011624000000000001 0.11483899999999998 0.20773800000000001 0.11460300000000001 0.0038900000000000002 0.0041540000000000006 0.0037780000000000001 0.0010969999999999999 0.0011329999999999999 0.001059 5.7415294660469449 5.7415294660469449 5.7415294660469449 0.0031205420624914821 0.0031205420624914821 0.0031205420624914821 1 1 1 Converged Converged Converged OK OK OK 96 96 96 96 96 96 8 8 8 0 0 0 0 1 0 0 1
29 29 uniform 1 15 296 2 0.001 0.9142621225786457 0.042312834614515647 0.0084318889953910146 0.15370970657187236 -0.31579339350712371 0.15422295198898311 0 -0.11710835385463954 5.5275404061224416 OK 14 13 0.50386699999999995 0.46855599999999997 0.157027 0.34070299999999998 0.21329400000000001 0 0.16316399999999998 0.25526199999999999 0.157027 0.012267 0.012574999999999999 0.011601999999999999 0.127413 0.21855899999999995 0.12252900000000003 0.003849 0.0040499999999999998 0.003771 0.0010400000000000001 0.0011460000000000001 0.0010670000000000002 5.5275409381282596 5.5275409381282596 5.5275409381282596 0.0045202365944843996 0.0045202365944843996 0.0045202365944843996 1 1 1 Converged Converged Converged OK OK OK 96 96 96 96 96 96 8 8 8 0 0 0 0 1 0 0 1
29 29 uniform 1 23 296 3 0.001 0.9142621225786457 0.042312834614515647 0.0084318889953910146 0.15370970657187236 -0.31579339350712371 0.15539608437095057 0 -0.11828148623660699 5.2193179560036578 OK 14 13 0.50218300000000005 0.47510599999999997 0.155447 0.342275 0.22195000000000001 0 0.15990800000000005 0.25315599999999994 0.155447 0.01273 0.012447 0.011727 0.12215499999999996 0.21696399999999993 0.12086300000000003 0.0044819999999999999 0.0040320000000000009 0.0037469999999999999 0.0012999999999999999 0.0010870000000000001 0.00108 5.2193237468780644 5.2193237468780644 5.2193237468780644 0.0050659429636883717 0.0050659429636883717 0.0050659429636883717 1 1 1 Converged Converged Converged OK OK OK 96 96 96 96 96 96 8 8 8 0 0 0 0 1 0 0 1
29 29 uniform 1 0 296 0 0.0001 0.9142621225786457 0.042312834614515647 0.0084318889953910146 0.15370970657187236 -0.31579339350712371 0.15202332877279415 0 -0.11490873063845057 5.8711555587848707 OK 14 13 0.56015999999999999 0.56325199999999997 0.18989800000000001 0.36898300000000001 0.3705 0 0.19117699999999999 0.19275199999999998 0.18989800000000001 0.013554999999999999 0.01338 0.012932000000000001 0.13495700000000002 0.13593299999999997 0.13435099999999994 0.0050650000000000001 0.0056280000000000011 0.0051549999999999999 0.001554 0.0015330000000000001 0.0015939999999999999 5.8711552801575762 5.8711552801575762 5.8711552801575762 0.00024186201072083424 0.00024186201072083424 0.00024186201072083424 1 1 1 Converged Converged Converged OK OK OK 120 120 120 120 120 120 8 8 8 0 0 0 0 0 1 0 0
29 29 uniform 1 7 296 1 0.0001 0.9142621225786457 0.042312834614515647 0.0084318889953910146 0.15370970657187236 -0.31579339350712371 0.15304981960701566 0 -0.11593522147267209 5.7415296801065807 OK 14 13 0.52671400000000002 0.56291000000000002 0.17535200000000001 0.34692000000000001 0.23680499999999999 0 0.17979400000000001 0.32610500000000003 0.17535200000000001 0.012448000000000001 0.015765999999999999 0.011679 0.13679800000000006 0.27843300000000004 0.13312800000000002 0.0050759999999999998 0.0055649999999999996 0.0051990000000000005 0.0013979999999999999 0.0015009999999999997 0.0013799999999999999 5.7415291459808202 5.7415291459808202 5.7415291459808202 0.00013503750615293447 0.00013503750615293447 0.00013503750615293447 1 1 1 Converged Converged Converged OK OK OK 120 120 120 120 120 120 8 8 8 0 0 0 0 1 0 0 1
29 29 uniform 1 15 296 2 0.0001 0.9142621225786457 0.042312834614515647 0.0084318889953910146 0.15370970657187236 -0.31579339350712371 0.15422295198898311 0 -0.11710835385463954 5.5275404061224416 OK 14 13 0.52868199999999999 0.54087300000000005 0.18354400000000001 0.34265899999999999 0.212475 0 0.18602299999999999 0.32839800000000008 0.18354400000000001 0.012423 0.01247 0.011743 0.14328200000000005 0.28512900000000002 0.14240200000000008 0.0050639999999999999 0.0051899999999999993 0.0049490000000000003 0.0013669999999999999 0.0014430000000000001 0.0013869999999999998 5.5275400427835795 5.5275400427835795 5.5275400427835795 0.00012936657010422257 0.00012936657010422257 0.00012936657010422257 1 1 1 Converged Converged Converged OK OK OK 120 120 120 120 120 120 8 8 8 0 0 0 0 1 0 0 1
29 29 uniform 1 23 296 3 0.0001 0.9142621225786457 0.042312834614515647 0.0084318889953910146 0.15370970657187236 -0.31579339350712371 0.15539608437095057 0 -0.11828148623660699 5.2193179560036578 OK 14 13 0.54110400000000003 0.56762400000000002 0.192742 0.34655200000000003 0.22739200000000001 0 0.194552 0.34023199999999998 0.192742 0.012385 0.012637000000000001 0.011601999999999999 0.14845799999999995 0.29259199999999996 0.14840400000000009 0.0054209999999999996 0.0059749999999999994 0.0051749999999999999 0.0015809999999999999 0.0016130000000000003 0.0015239999999999997 5.219317743974381 5.219317743974381 5.219317743974381 0.00014338097795230946 0.00014338097795230946 0.00014338097795230946 1 1 1 Converged Converged Converged OK OK OK 128 128 128 128 128 128 8 8 8 0 0 0 0 1 0 0 1
29 29 uniform 2 0 297 0 0.001 0.9142621225786457 0.042312834614515647 0.0084318889953910146 0.026487054792113916 -0.16043689231983685 0.024800676993035713 0 0.012313921141307863 6.487624774144547 OK 13 12 0.27890399999999999 0.28248899999999999 0.067799999999999999 0.21002899999999999 0.21385100000000001 0 0.068874999999999992 0.068637999999999977 0.067799999999999999 0.0095600000000000008 0.0094850000000000004 0.0090119999999999992 0.043171000000000008 0.043251000000000005 0.043038999999999994 0.0021870000000000001 0.0022360000000000001 0.0021250000000000002 0.00064300000000000013 0.00061799999999999995 0.00062699999999999995 6.4876247307913335 6.4876247307913335 6.4876247307913335 0.0021786182335703152 0.0021786182335703152 0.0021786182335703152 1 1 1 Converged Converged Converged OK OK OK 45 45 45 45 45 45 3 3 3 0 0 0 0 0 1 0 0
29 29 uniform 2 7 297 1 0.001 0.9142621225786457 0.042312834614515647 0.0084318889953910146 0.026487054792113916 -0.16043689231983685 0.025827167827257226 0 0.01128743030708635 6.7391776089208975 OK 14 13 0.34426000000000001 0.35734199999999999 0.090253 0.252635 0.16684099999999999 0 0.091625000000000012 0.190501 0.090253 0.011701 0.011696 0.011050000000000001 0.059749999999999984 0.1583739999999999 0.059705000000000008 0.00297 0.0030500000000000002 0.0028389999999999999 0.000745 0.00077399999999999995 0.00074600000000000014 6.7391764082381327 6.7391764082381327 6.7391764082381327 0.0022497244049984786 0.0022497244049984786 0.0022497244049984786 1 1 1 Converged Converged Converged OK OK OK 60 60 60 60 60 60 4 4 4 0 0 0 0 1 0 0 1
29 29 uniform 2 15 297 2 0.001 0.9142621225786457 0.042312834614515647 0.0084318889953910146 0.026487054792113916 -0.16043689231983685 0.027000300209224674 0 0.010114297925118903 7.1176100513736174 OK 14 13 0.31456600000000001 0.31189800000000001 0.08448 0.228323 0.147424 0 0.086243000000000014 0.16447400000000001 0.08448 0.011389 0.0115 0.010727 0.056281999999999999 0.13452500000000003 0.055859999999999986 0.0028840000000000003 0.002941 0.0028729999999999997 0.00078600000000000002 0.000736 0.00068199999999999999 7.1176086949000821 7.1176086949000821 7.1176086949000821 0.002422305461044398 0.002422305461044398 0.002422305461044398 1 1 1 Converged Converged Converged OK OK OK 60 60 60 60 60 60 4 4 4 0 0 0 0 1 0 0 1
29 29 uniform 2 23 297 3 0.001 0.9142621225786457 0.042312834614515647 0.0084318889953910146 0.026487054792113916 -0.16043689231983685 0.028173432591192118 0 0.0089411655431514588 7.4832388871394953 OK 14 13 0.322542 0.32511200000000001 0.079862000000000002 0.23985899999999999 0.152172 0 0.082683000000000006 0.17294000000000001 0.079862000000000002 0.010912 0.010819 0.010071 0.052937999999999999 0.14376399999999995 0.051876999999999993 0.0029889999999999999 0.0029310000000000004 0.0029020000000000001 0.00071400000000000001 0.00071500000000000003 0.000687 7.4832372906988205 7.4832372906988205 7.4832372906988205 0.0026241090779428517 0.0026241090779428517 0.0026241090779428517 1 1 1 Converged Converged Converged OK OK OK 60 60 60 60 60 60 4 4 4 0 0 0 0 1 0 0 1
29 29 uniform 2 0 297 0 0.0001 0.9142621225786457 0.042312834614515647 0.0084318889953910146 0.026487054792113916 -0.16043689231983685 0.024800676993035713 0 0.012313921141307863 6.487624774144547 OK 13 12 0.31869999999999998 0.31809300000000001 0.10604 0.21199799999999999 0.21165900000000001 0 0.10670199999999999 0.106434 0.10604 0.0095600000000000008 0.0093819999999999997 0.0091500000000000001 0.069530999999999982 0.069540000000000005 0.069449999999999998 0.0038799999999999998 0.003872 0.0039029999999999998 0.00089999999999999998 0.00089499999999999996 0.00089900000000000006 6.4876247301642618 6.4876247301642618 6.4876247301642618 1.5565974991934604e-05 1.5565974991934604e-05 1.5565974991934604e-05 1 1 1 Converged Converged Converged OK OK OK 77 77 77 77 77 77 3 3 3 0 0 0 0 0 1 0 0
29 29 uniform 2 7 297 1 0.0001 0.9142621225786457 0.042312834614515647 0.0084318889953910146 0.026487054792113916 -0.16043689231983685 0.025827167827257226 0 0.01128743030708635 6.7391776089208975 OK 14 13 0.38266499999999998 0.46290500000000001 0.12951699999999999 0.25453599999999998 0.164412 0 0.12812899999999999 0.29849300000000001 0.12951699999999999 0.011832000000000001 0.011932 0.011136 0.086708999999999994 0.25633600000000001 0.089558999999999986 0.0045710000000000004 0.0047479999999999996 0.0045560000000000002 0.0009810000000000001 0.000968 0.00099299999999999996 6.7391764076091549 6.7391764076091549 6.7391764076091549 8.3574480406498907e-05 8.3574480406498907e-05 8.3574480406498907e-05 1 1 1 Converged Converged Converged OK OK OK 92 92 92 92 92 92 4 4 4 0 0 0 0 1 0 0 1
29 29 uniform 2 15 297 2 0.0001 0.9142621225786457 0.042312834614515647 0.0084318889953910146 0.026487054792113916 -0.16043689231983685 0.027000300209224674 0 0.010114297925118903 7.1176100513736174 OK 14 13 0.34842299999999998 0.42706 0.119731 0.22702900000000001 0.150534 0 0.12139399999999997 0.27652599999999999 0.119731 0.011514 0.011472 0.010831 0.081672999999999996 0.23628100000000007 0.081124000000000016 0.0046290000000000003 0.0048170000000000001 0.0045379999999999995 0.00094800000000000017 0.0009360000000000002 0.00094500000000000009 7.1176086942689976 7.1176086942689976 7.1176086942689976 0.00025268032705233587 0.00025268032705233587 0.00025268032705233587 1 1 1 Converged Converged Converged OK OK OK 92 92 92 92 92 92 4 4 4 0 0 0 0 1 0 0 1
29 29 uniform 2 23 297 3 0.0001 0.9142621225786457 0.042312834614515647 0.0084318889953910146 0.026487054792113916 -0.16043689231983685 0.028173432591192118 0 0.0089411655431514588 7.4832388871394953 OK 14 13 0.36287000000000003 0.44362000000000001 0.117477 0.239787 0.15617500000000001 0 0.12308300000000003 0.28744500000000001 0.117477 0.010798 0.010918000000000001 0.010108000000000001 0.083683999999999981 0.24752600000000005 0.079902000000000029 0.004705 0.0050589999999999993 0.0045630000000000011 0.00096900000000000013 0.00098700000000000003 0.00093999999999999997 7.4832372900656514 7.4832372900656514 7.4832372900656514 0.00045107760109319169 0.00045107760109319169 0.00045107760109319169 1 1 1 Converged Converged Converged OK OK OK 92 92 92 92 92 92 4 4 4 0 0 0 0 1 0 0 1
29 29 uniform 3 0 298 0 0.001 0.9142621225786457 0.042312834614515647 0.0084318889953910146 0.21342510958092101 -0.26881766477810765 0.2117387317818428 0 -0.17462413364749924 3.706604165074975 OK 13 12 0.37526399999999999 0.37785800000000003 0.072116 0.302371 0.30512499999999998 0 0.072892999999999986 0.072733000000000048 0.072116 0.0087240000000000009 0.0088430000000000002 0.0087069999999999995 0.04791200000000001 0.048122999999999999 0.047773999999999997 0.002147 0.002189 0.002153 0.00056999999999999998 0.00056899999999999995 0.000544 3.7066041392474083 3.7066041392474083 3.7066041392474083 0.0012799627287582885 0.0012799627287582885 0.0012799627287582885 1 1 1 Converged Converged Converged OK OK OK 45 45 45 45 45 45 3 3 3 0 0 0 0 0 1 0 0
29 29 uniform 3 7 298 1 0.001 0.9142621225786457 0.042312834614515647 0.0084318889953910146 0.21342510958092101 -0.26881766477810765 0.21276522261606431 0 -0.17565062448172075 3.7018888072318972 OK 13 12 0.35193999999999998 0.28600900000000001 0.060705000000000002 0.29000399999999998 0.17297100000000001 0 0.061935999999999991 0.113038 0.060705000000000002 0.0081890000000000001 0.0082209999999999991 0.0076550000000000003 0.039979000000000001 0.090945999999999999 0.039681000000000008 0.002176 0.0022060000000000005 0.0022009999999999998 0.00055099999999999995 0.00054799999999999998 0.00053799999999999996 3.7018887814324839 3.7018887814324839 3.7018887814324839 0.0012785126424411991 0.0012785126424411991 0.0012785126424411991 1 1 1 Converged Converged Converged OK OK OK 45 45 45 45 45 45 3 3 3 0 0 0 0 1 0 0 1
29 29 uniform 3 15 298 2 0.001 0.9142621225786457 0.042312834614515647 0.0084318889953910146 0.21342510958092101 -0.26881766477810765 0.21393835499803177 0 -0.17682375686368818 3.6965613134330955 OK 13 12 0.32800099999999999 0.27954600000000002 0.063839000000000007 0.26269700000000001 0.155805 0 0.065303999999999973 0.12374100000000002 0.063839000000000007 0.0081770000000000002 0.0081589999999999996 0.0075799999999999999 0.043265999999999999 0.10177899999999999 0.042872000000000021 0.0022330000000000002 0.0022689999999999997 0.0021940000000000002 0.00054500000000000002 0.00054900000000000001 0.00053499999999999999 3.6965612876651988 3.6965612876651988 3.6965612876651988 0.0012768792971640484 0.0012768792971640484 0.0012768792971640484 1 1 1 Converged Converged Converged OK OK OK 45 45 45 45 45 45 3 3 3 0 0 0 0 1 0 0 1
29 29 uniform 3 23 298 3 0.001 0.9142621225786457 0.042312834614515647 0.0084318889953910146 0.21342510958092101 -0.26881766477810765 0.21511148737999922 0 -0.17799688924565565 3.6912980812700433 OK 13 12 0.34800199999999998 0.29975200000000002 0.065085000000000004 0.28120099999999998 0.18091599999999999 0 0.066800999999999999 0.11883600000000002 0.065085000000000004 0.0081620000000000009 0.0081840000000000003 0.0076010000000000001 0.044722999999999992 0.096678 0.043970999999999996 0.0021749999999999999 0.0022140000000000003 0.0021559999999999999 0.00054699999999999996 0.00054999999999999992 0.00054700000000000007 3.6912980555331445 3.6912980555331445 3.6912980555331445 0.0012752710838775814 0.0012752710838775814 0.0012752710838775814 1 1 1 Converged Converged Converged OK OK OK 45 45 45 45 45 45 3 3 3 0 0 0 0 1 0 0 1
29 29 uniform 3 0 298 0 0.0001 0.9142621225786457 0.042312834614515647 0.0084318889953910146 0.21342510958092101 -0.26881766477810765 0.2117387317818428 0 -0.17462413364749924 3.706604165074975 OK 13 12 0.41524699999999998 0.41341099999999997 0.11158 0.30301600000000001 0.30095300000000003 0 0.11223099999999997 0.11245799999999995 0.11158 0.0088360000000000001 0.00894 0.0085159999999999993 0.07586500000000003 0.076268000000000016 0.075799999999999979 0.0039889999999999995 0.0039120000000000005 0.0038440000000000002 0.00078300000000000006 0.00077799999999999994 0.00077499999999999997 3.7066041390723967 3.7066041390723967 3.7066041390723967 5.0365111429189291e-05 5.0365111429189291e-05 5.0365111429189291e-05 1 1 1 Converged Converged Converged OK OK OK 77 77 77 77 77 77 3 3 3 0 0 0 0 0 1 0 0
29 29 uniform 3 7 298 1 0.0001 0.9142621225786457 0.042312834614515647 0.0084318889953910146 0.21342510958092101 -0.26881766477810765 0.21276522261606431 0 -0.17565062448172075 3.7018888072318972 OK 13 12 0.38036199999999998 0.37670700000000001 0.097532999999999995 0.28142600000000001 0.17679800000000001 0 0.098935999999999968 0.199909 0.097532999999999995 0.0080929999999999995 0.0082039999999999995 0.0077270000000000004 0.067014000000000004 0.16780700000000001 0.066618999999999984 0.0038869999999999998 0.0039709999999999997 0.0038420000000000004 0.00078899999999999999 0.00077799999999999994 0.00075799999999999999 3.7018887812584365 3.7018887812584365 3.7018887812584365 4.9740639572124802e-05 4.9740639572124802e-05 4.9740639572124802e-05 1 1 1 Converged Converged Converged OK OK OK 77 77 77 77 77 77 3 3 3 0 0 0 0 1 0 0 1
29 29 uniform 3 15 298 2 0.0001 0.9142621225786457 0.042312834614515647 0.0084318889953910146 0.21342510958092101 -0.26881766477810765 0.21393835499803177 0 -0.17682375686368818 3.6965613134330955 OK 13 12 0.36957800000000002 0.36773800000000001 0.100329 0.26372800000000002 0.15527099999999999 0 0.10585 0.21246700000000002 0.100329 0.0081770000000000002 0.0082529999999999999 0.007659 0.073864999999999986 0.18040799999999999 0.069789000000000004 0.0039110000000000004 0.0040379999999999999 0.0038059999999999995 0.00077499999999999997 0.00077400000000000006 0.00075999999999999993 3.6965612874922034 3.6965612874922034 3.6965612874922034 4.9042721242195825e-05 4.9042721242195825e-05 4.9042721242195825e-05 1 1 1 Converged Converged Converged OK OK OK 77 77 77 77 77 77 3 3 3 0 0 0 0 1 0 0 1
29 29 uniform 3 23 298 3 0.0001 0.9142621225786457 0.042312834614515647 0.0084318889953910146 0.21342510958092101 -0.26881766477810765 0.21511148737999922 0 -0.17799688924565565 3.6912980812700433 OK 13 12 0.38590600000000003 0.37831700000000001 0.101495 0.28253400000000001 0.17353499999999999 0 0.10337200000000002 0.20478200000000002 0.101495 0.0080619999999999997 0.0081399999999999997 0.0076550000000000003 0.07141699999999998 0.17294100000000004 0.070783999999999986 0.0039680000000000002 0.0039399999999999999 0.0037799999999999999 0.00079099999999999993 0.00078600000000000002 0.00075999999999999993 3.6912980553613051 3.6912980553613051 3.6912980553613051 4.8361036508059278e-05 4.8361036508059278e-05 4.8361036508059278e-05 1 1 1 Converged Converged Converged OK OK OK 77 77 77 77 77 77 3 3 3 0 0 0 0 1 0 0 1
29 29 uniform 4 0 299 0 0.001 0.9142621225786457 0.042312834614515647 0.0084318889953910146 0.069374118124249221 0.12406208762807525 0.067687740325171011 0 -0.030573142190827435 13.805514493864822 OK 15 14 0.35569699999999999 0.35403499999999999 0.118895 0.23583000000000001 0.23393 0 0.11986699999999997 0.12010499999999999 0.118895 0.014453000000000001 0.014546999999999999 0.014003 0.077048000000000019 0.077114999999999989 0.076978999999999992 0.0036009999999999996 0.0037500000000000007 0.0035189999999999996 0.00099400000000000009 0.0010679999999999999 0.00099300000000000018 13.805505345693666 13.805505345693666 13.805505345693666 0.010959730832865767 0.010959730832865767 0.010959730832865767 1 1 1 Converged Converged Converged OK OK OK 82 82 82 82 82 82 6 6 6 0 0 0 0 0 1 0 0
29 29 uniform 4 7 299 1 0.001 0.9142621225786457 0.042312834614515647 0.0084318889953910146 0.069374118124249221 0.12406208762807525 0.068714231159392528 0 -0.031599633025048951 13.958211252347938 OK 15 14 0.36528300000000002 0.37663799999999997 0.114373 0.24857799999999999 0.16864199999999999 0 0.11670500000000003 0.20799599999999999 0.114373 0.013746 0.013568 0.013067 0.079829999999999998 0.17191300000000001 0.079195000000000015 0.0037559999999999998 0.0036160000000000003 0.0035759999999999998 0.001047 0.00092800000000000011 0.00092900000000000003 13.958211469105734 13.958211469105734 13.958211469105734 0.010384224411606727 0.010384224411606727 0.010384224411606727 1 1 1 Converged Converged Converged OK OK OK 82 82 82 82 82 82 6 6 6 0 0 0 0 1 0 0 1
29 29 uniform 4 15 299 2 0.001 0.9142621225786457 0.042312834614515647 0.0084318889953910146 0.069374118124249221 0.12406208762807525 0.069887363541359979 0 -0.032772765407016402 14.149768809631723 OK 15 14 0.34793000000000002 0.34177000000000002 0.109651 0.23627899999999999 0.15698100000000001 0 0.11165100000000003 0.18478900000000001 0.109651 0.013498 0.013528999999999999 0.012913000000000001 0.075213000000000016 0.14866399999999996 0.074726000000000001 0.0037300000000000002 0.0036779999999999998 0.0035999999999999999 0.00098999999999999999 0.00093300000000000002 0.00090999999999999989 14.149768920781707 14.149768920781707 14.149768920781707 0.0083147580465269613 0.0083147580465269613 0.0083147580465269613 1 1 1 Converged Converged Converged OK OK OK 82 82 82 82 82 82 6 6 6 0 0 0 0 1 0 0 1
29 29 uniform 4 23 299 3 0.001 0.9142621225786457 0.042312834614515647 0.0084318889953910146 0.069374118124249221 0.12406208762807525 0.07106049592332743 0 -0.033945897788983853 14.362707414735963 OK 15 14 0.35021200000000002 0.35515600000000003 0.114484 0.23400799999999999 0.156054 0 0.11620400000000003 0.19910200000000003 0.114484 0.013511 0.013516 0.012770999999999999 0.080322999999999992 0.16317400000000007 0.079959999999999962 0.0035770000000000003 0.0036249999999999998 0.0035360000000000001 0.00092000000000000003 0.00092499999999999993 0.00093500000000000007 14.362707740058218 14.362707740058218 14.362707740058218 0.0073085120659655591 0.0073085120659655591 0.0073085120659655591 1 1 1 Converged Converged Converged OK OK OK 82 82 82 82 82 82 6 6 6 0 0 0 0 1 0 0 1
29 29 uniform 4 0 299 0 0.0001 0.9142621225786457 0.042312834614515647 0.0084318889953910146 0.069374118124249221 0.12406208762807525 0.067687740325171011 0 -0.030573142190827435 13.805514493864822 OK 15 14 0.40312700000000001 0.41179199999999999 0.16817499999999999 0.23446 0.23457500000000001 0 0.16866700000000001 0.17721699999999999 0.16817499999999999 0.014250000000000001 0.014466 0.013986999999999999 0.10968699999999998 0.10990500000000002 0.10934300000000007 0.0055539999999999999 0.013214 0.0057200000000000003 0.0014399999999999999 0.0015480000000000003 0.001485 13.805514505424616 13.805514505424616 13.805514505424616 0.00026500936436795489 0.00026500936436795489 0.00026500936436795489 1 1 1 Converged Converged Converged OK OK OK 122 122 122 122 122 122 6 6 6 0 0 0 0 0 1 0 0
29 29 uniform 4 7 299 1 0.0001 0.9142621225786457 0.042312834614515647 0.0084318889953910146 0.069374118124249221 0.12406208762807525 0.068714231159392528 0 -0.031599633025048951 13.958211252347938 OK 15 14 0.408273 0.48595699999999997 0.15932299999999999 0.24664900000000001 0.16678499999999999 0 0.16162399999999999 0.31917200000000001 0.15932299999999999 0.013781 0.013488 0.012899000000000001 0.11351900000000001 0.27078200000000002 0.11279000000000002 0.0056149999999999993 0.0057960000000000008 0.0056090000000000003 0.0013749999999999999 0.0013959999999999999 0.001361 13.958211268347165 13.958211268347165 13.958211268347165 0.00036659575511195825 0.00036659575511195825 0.00036659575511195825 1 1 1 Converged Converged Converged OK OK OK 122 122 122 122 122 122 6 6 6 0 0 0 0 1 0 0 1
29 29 uniform 4 15 299 2 0.0001 0.9142621225786457 0.042312834614515647 0.0084318889953910146 0.069374118124249221 0.12406208762807525 0.069887363541359979 0 -0.032772765407016402 14.149768809631723 OK 15 14 0.39841599999999999 0.45501900000000001 0.16008600000000001 0.23880599999999999 0.15645600000000001 0 0.15961 0.29856300000000002 0.16008600000000001 0.013839000000000001 0.013599 0.012904000000000001 0.11072100000000001 0.25034399999999996 0.11369699999999998 0.0059629999999999996 0.0058619999999999992 0.0055570000000000003 0.0013569999999999999 0.0013439999999999999 0.0013319999999999999 14.149768871894167 14.149768871894167 14.149768871894167 0.00062172703861384441 0.00062172703861384441 0.00062172703861384441 1 1 1 Converged Converged Converged OK OK OK 122 122 122 122 122 122 6 6 6 0 0 0 0 1 0 0 1
29 29 uniform 4 23 299 3 0.0001 0.9142621225786457 0.042312834614515647 0.0084318889953910146 0.069374118124249221 0.12406208762807525 0.07106049592332743 0 -0.033945897788983853 14.362707414735963 OK 15 14 0.39492300000000002 0.46054299999999998 0.16003700000000001 0.23269799999999999 0.152 0 0.16222500000000004 0.30854300000000001 0.16003700000000001 0.013561 0.013694 0.012892000000000001 0.11421499999999998 0.26030300000000001 0.11365200000000002 0.0058449999999999995 0.0058790000000000005 0.0055910000000000005 0.0013680000000000001 0.0013520000000000001 0.0013649999999999999 14.362707738612841 14.362707738612841 14.362707738612841 0.0012101866256084314 0.0012101866256084314 0.0012101866256084314 1 1 1 Converged Converged Converged OK OK OK 122 122 122 122 122 122 6 6 6 0 0 0 0 1 0 0 1
30 30 linear 0 0 300 0 0.001 2.9904115474855248 0.015167503003308477 0.053227271444426807 -2.5978532357139841 -0.012209384751419838 -2.6084986900028695 0.5 2.65317809117896 4.8168511646777228 OK 17 16 0.75912500000000005 0.75893600000000006 0.41898200000000002 0.360705 0.35258699999999998 0 0.39842000000000005 0.40634900000000007 0.41898200000000002 0.016299000000000001 0.017507000000000002 0.017045000000000001 0.33099499999999987 0.33551800000000009 0.34567600000000004 0.0062350000000000001 0.0071610000000000007 0.0094970000000000002 0.0016299999999999999 0.00173 0.001629 4.8168288022738688 4.8168288022738688 4.8168288022738688 0.0034458682645339372 0.0034458682645339372 0.0034458682645339372 1 1 1 Converged Converged Converged OK OK OK 132 132 132 132 132 132 12 12 12 0 0 0 0 0 1 0 0
30 30 linear 0 7 300 1 0.001 2.9904115474855248 0.015167503003308477 0.053227271444426807 -2.5978532357139841 -0.012209384751419838 -2.602018848261809 0.5 2.6466982494378994 4.7339771481293242 OK 17 16 0.85570900000000005 0.72353500000000004 0.40351300000000001 0.47155399999999997 0.330181 0 0.38415500000000008 0.39335400000000004 0.40351300000000001 0.015952000000000001 0.015259999999999999 0.015606999999999999 0.33180299999999996 0.3419169999999998 0.35079699999999997 0.0070870000000000004 0.0071550000000000008 0.0071720000000000013 0.0016540000000000003 0.0017459999999999999 0.0021490000000000003 4.7339821385162768 4.7339821385162768 4.7339821385162768 0.0042757825533055859 0.0042757825533055859 0.0042757825533055859 1 1 1 Converged Converged Converged OK OK OK 132 132 132 132 132 132 12 12 12 0 0 0 0 1 0 0 1
30 30 linear 0 15 300 2 0.001 2.9904115474855248 0.015167503003308477 0.053227271444426807 -2.5978532357139841 -0.012209384751419838 -2.5946133148434538 0.5 2.6392927160195443 4.5773682754055844 OK 17 16 0.94496599999999997 0.81987600000000005 0.43235200000000001 0.51156199999999996 0.38706000000000002 0 0.43340400000000001 0.43281600000000003 0.43235200000000001 0.015633000000000001 0.015339 0.015332999999999999 0.37885999999999997 0.37881700000000018 0.37935000000000008 0.0075330000000000006 0.0077359999999999998 0.0072860000000000008 0.0016649999999999998 0.0016770000000000001 0.001591 4.5773788083717211 4.5773788083717211 4.5773788083717211 0.0043986887433152761 0.0043986887433152761 0.0043986887433152761 1 1 1 Converged Converged Converged OK OK OK 140 140 140 140 140 140 12 12 12 0 0 0 0 1 0 0 1
30 30 linear 0 23 300 3 0.001 2.9904115474855248 0.015167503003308477 0.053227271444426807 -2.5978532357139841 -0.012209384751419838 -2.5872077814250987 0.5 2.6318871826011891 4.3490990177106612 OK 16 15 0.80291299999999999 0.69249300000000003 0.36891299999999999 0.42583700000000002 0.30569099999999999 0 0.37707599999999997 0.38680200000000003 0.36891299999999999 0.0138 0.013745 0.01389 0.32855000000000006 0.33886399999999994 0.32061600000000001 0.0075440000000000004 0.0079269999999999983 0.0063290000000000013 0.00167 0.0016220000000000002 0.001485 4.3491006248853843 4.3491006248853843 4.3491006248853843 0.0042339937361439315 0.0042339937361439315 0.0042339937361439315 1 1 1 Converged Converged Converged OK OK OK 133 133 133 133 133 133 11 11 11 0 0 0 0 1 0 0 1
30 30 linear 0 0 300 0 0.0001 2.9904115474855248 0.015167503003308477 0.053227271444426807 -2.5978532357139841 -0.012209384751419838 -2.6084986900028695 0.5 2.65317809117896 4.8168511646777228 OK 17 16 0.87534100000000004 0.869869 0.50841999999999998 0.36010599999999998 0.36130000000000001 0 0.51523500000000011 0.50856900000000005 0.50841999999999998 0.017818000000000001 0.017708999999999999 0.017138 0.42716499999999991 0.42105399999999987 0.42345599999999989 0.010182000000000002 0.0099550000000000003 0.0091610000000000007 0.0024400000000000003 0.002362 0.0023 4.8168452366204493 4.8168452366204493 4.8168452366204493 0.0003515779856159401 0.0003515779856159401 0.0003515779856159401 1 1 1 Converged Converged Converged OK OK OK 164 164 164 164 164 164 12 12 12 0 0 0 0 0 1 0 0
30 30 linear 0 7 300 1 0.0001 2.9904115474855248 0.015167503003308477 0.053227271444426807 -2.5978532357139841 -0.012209384751419838 -2.602018848261809 0.5 2.6466982494378994 4.7339771481293242 OK 17 16 0.98089099999999996 0.85549200000000003 0.502112 0.46778599999999998 0.33325199999999999 0 0.51310499999999992 0.52224000000000004 0.502112 0.015892 0.015866000000000002 0.014988 0.44828800000000008 0.45773999999999976 0.43979399999999991 0.0097690000000000016 0.0098280000000000017 0.0089169999999999996 0.0024499999999999999 0.0024169999999999999 0.002369 4.7340095886796814 4.7340095886796814 4.7340095886796814 0.00020609730721505827 0.00020609730721505827 0.00020609730721505827 1 1 1 Converged Converged Converged OK OK OK 172 172 172 172 172 172 12 12 12 0 0 0 0 1 0 0 1
30 30 linear 0 15 300 2 0.0001 2.9904115474855248 0.015167503003308477 0.053227271444426807 -2.5978532357139841 -0.012209384751419838 -2.5946133148434538 0.5 2.6392927160195443 4.5773682754055844 OK 17 16 1.103442 0.982182 0.56887399999999999 0.51772099999999999 0.387351 0 0.58572100000000005 0.594831 0.56887399999999999 0.015744999999999999 0.015970999999999999 0.014442 0.5128609999999999 0.52431799999999984 0.50311499999999987 0.013313000000000002 0.012689000000000001 0.011132 0.0026450000000000002 0.002513 0.0023839999999999998 4.5774025012496384 4.5774025012496384 4.5774025012496384 0.00029303486766908416 0.00029303486766908416 0.00029303486766908416 1 1 1 Converged Converged Converged OK OK OK 196 196 196 196 196 196 12 12 12 0 0 0 0 1 0 0 1
30 30 linear 0 23 300 3 0.0001 2.9904115474855248 0.015167503003308477 0.053227271444426807 -2.5978532357139841 -0.012209384751419838 -2.5872077814250987 0.5 2.6318871826011891 4.3490990177106612 OK 16 15 1.048235 0.93592200000000003 0.60274499999999998 0.42898500000000001 0.30573400000000001 0 0.61925000000000008 0.63018799999999997 0.60274499999999998 0.013495 0.016976999999999999 0.013096999999999999 0.54584299999999986 0.55346900000000032 0.53353400000000017 0.013916999999999999 0.014232999999999999 0.0121 0.0025700000000000002 0.0024020000000000001 0.0024190000000000001 4.3491335324252756 4.3491335324252756 4.3491335324252756 0.00041886337410801253 0.00041886337410801253 0.00041886337410801253 1 1 1 Converged Converged Converged OK OK OK 213 213 213 213 213 213 11 11 11 0 0 0 0 1 0 0 1
30 30 linear 1 0 301 0 0.001 2.9904115474855248 0.015167503003308477 0.053227271444426807 -2.6538377978091576 -0.019635831422088443 -2.664483252098043 0.5 2.7091626532741335 3.2486322983073559 OK 14 13 0.54254199999999997 0.53764400000000001 0.25458900000000001 0.28424899999999997 0.27789799999999998 0 0.25829299999999999 0.25974600000000003 0.25458900000000001 0.008149 0.0081440000000000002 0.0080350000000000005 0.22222000000000008 0.22319099999999997 0.21878799999999998 0.0038970000000000003 0.0041610000000000006 0.0040029999999999996 0.00094899999999999997 0.001108 0.0009810000000000001 3.248624513097206 3.248624513097206 3.248624513097206 0.0030255535591813551 0.0030255535591813551 0.0030255535591813551 1 1 1 Converged Converged Converged OK OK OK 95 95 95 95 95 95 9 9 9 0 0 0 0 0 1 0 0
30 30 linear 1 7 301 1 0.001 2.9904115474855248 0.015167503003308477 0.053227271444426807 -2.6538377978091576 -0.019635831422088443 -2.6580034103569825 0.5 2.702682811533073 3.5657379499602939 OK 14 13 0.53488199999999997 0.42758000000000002 0.244557 0.286138 0.165161 0 0.24874399999999997 0.26241900000000001 0.244557 0.006685 0.0065820000000000002 0.006404 0.2211550000000001 0.23431899999999994 0.21689999999999995 0.0038040000000000001 0.0040179999999999999 0.0041229999999999999 0.0010220000000000001 0.001059 0.0011249999999999999 3.5657538677934721 3.5657538677934721 3.5657538677934721 0.0020064911574382512 0.0020064911574382512 0.0020064911574382512 1 1 1 Converged Converged Converged OK OK OK 95 95 95 95 95 95 9 9 9 0 0 0 0 1 0 0 1
30 30 linear 1 15 301 2 0.001 2.9904115474855248 0.015167503003308477 0.053227271444426807 -2.6538377978091576 -0.019635831422088443 -2.6505978769386274 0.5 2.6952772781147178 3.9478426524388008 OK 15 14 0.56126900000000002 0.45507399999999998 0.26749200000000001 0.29324299999999998 0.169628 0 0.26802600000000004 0.28544599999999998 0.26749200000000001 0.0099559999999999996 0.010092 0.0092119999999999997 0.23424800000000004 0.25056 0.23451200000000003 0.0040520000000000009 0.0047360000000000006 0.0044419999999999998 0.0010830000000000002 0.0013029999999999999 0.0011639999999999999 3.9478378745636715 3.9478378745636715 3.9478378745636715 0.0026897485087638319 0.0026897485087638319 0.0026897485087638319 1 1 1 Converged Converged Converged OK OK OK 102 102 102 102 102 102 10 10 10 0 0 0 0 1 0 0 1
30 30 linear 1 23 301 3 0.001 2.9904115474855248 0.015167503003308477 0.053227271444426807 -2.6538377978091576 -0.019635831422088443 -2.6431923435202722 0.5 2.6878717446963627 4.2549682508542643 OK 15 14 0.597804 0.468136 0.284001 0.303983 0.17363899999999999 0 0.293821 0.29449700000000001 0.284001 0.0096659999999999992 0.0098320000000000005 0.0091050000000000002 0.25818300000000005 0.25988300000000014 0.25100100000000009 0.0056970000000000007 0.0047449999999999992 0.0045749999999999992 0.0011969999999999999 0.0012780000000000001 0.001093 4.2550003815695829 4.2550003815695829 4.2550003815695829 0.0042141507083757416 0.0042141507083757416 0.0042141507083757416 1 1 1 Converged Converged Converged OK OK OK 110 110 110 110 110 110 10 10 10 0 0 0 0 1 0 0 1
30 30 linear 1 0 301 0 0.0001 2.9904115474855248 0.015167503003308477 0.053227271444426807 -2.6538377978091576 -0.019635831422088443 -2.664483252098043 0.5 2.7091626532741335 3.2486322983073559 OK 14 13 0.57288499999999998 0.56305799999999995 0.28075499999999998 0.28804600000000002 0.27805099999999999 0 0.28483899999999995 0.28500699999999995 0.28075499999999998 0.0082419999999999993 0.008234 0.0081539999999999998 0.240698 0.24052599999999991 0.23676900000000012 0.0049699999999999996 0.0052490000000000002 0.0052480000000000001 0.0013739999999999998 0.0014499999999999999 0.0014419999999999999 3.2486348378773862 3.2486348378773862 3.2486348378773862 0.00029506347826297087 0.00029506347826297087 0.00029506347826297087 1 1 1 Converged Converged Converged OK OK OK 111 111 111 111 111 111 9 9 9 0 0 0 0 0 1 0 0
30 30 linear 1 7 301 1 0.0001 2.9904115474855248 0.015167503003308477 0.053227271444426807 -2.6538377978091576 -0.019635831422088443 -2.6580034103569825 0.5 2.702682811533073 3.5657379499602939 OK 14 13 0.63561999999999996 0.51692300000000002 0.33022400000000002 0.29902600000000001 0.16311400000000001 0 0.33659399999999995 0.35380900000000004 0.33022400000000002 0.006672 0.0068979999999999996 0.0064209999999999996 0.29821000000000003 0.31681199999999987 0.29439799999999999 0.0066489999999999995 0.0058640000000000012 0.0058070000000000005 0.001498 0.0015790000000000001 0.0014969999999999998 3.5657427491813229 3.5657427491813229 3.5657427491813229 0.00019807946344771931 0.00019807946344771931 0.00019807946344771931 1 1 1 Converged Converged Converged OK OK OK 127 127 127 127 127 127 9 9 9 0 0 0 0 1 0 0 1
30 30 linear 1 15 301 2 0.0001 2.9904115474855248 0.015167503003308477 0.053227271444426807 -2.6538377978091576 -0.019635831422088443 -2.6505978769386274 0.5 2.6952772781147178 3.9478426524388008 OK 15 14 0.68859199999999998 0.57600499999999999 0.38172800000000001 0.29668699999999998 0.16870499999999999 0 0.391905 0.4073 0.38172800000000001 0.010200000000000001 0.0098499999999999994 0.0094059999999999994 0.34698599999999996 0.35863399999999979 0.33920300000000003 0.0073590000000000001 0.0066369999999999997 0.0067489999999999998 0.001722 0.0018100000000000002 0.0016670000000000001 3.9478586568415412 3.9478586568415412 3.9478586568415412 0.00027317069061485392 0.00027317069061485392 0.00027317069061485392 1 1 1 Converged Converged Converged OK OK OK 142 142 142 142 142 142 10 10 10 0 0 0 0 1 0 0 1
30 30 linear 1 23 301 3 0.0001 2.9904115474855248 0.015167503003308477 0.053227271444426807 -2.6538377978091576 -0.019635831422088443 -2.6431923435202722 0.5 2.6878717446963627 4.2549682508542643 OK 15 14 0.82804599999999995 0.71650400000000003 0.51197800000000004 0.30301099999999997 0.17610700000000001 0 0.52503499999999992 0.54039700000000002 0.51197800000000004 0.0097509999999999993 0.0098169999999999993 0.0091409999999999998 0.46350600000000008 0.47869400000000023 0.45378799999999991 0.011180000000000001 0.011179 0.010067 0.002271 0.0023060000000000003 0.0020510000000000003 4.2550037125888931 4.2550037125888931 4.2550037125888931 0.00035399352817159217 0.00035399352817159217 0.00035399352817159217 1 1 1 Converged Converged Converged OK OK OK 190 190 190 190 190 190 10 10 10 0 0 0 0 1 0 0 1
30 30 linear 2 0 302 0 0.001 2.9904115474855248 0.015167503003308477 0.053227271444426807 0.084351032886450905 0.0344188849220112 0.073705578597565546 0.5 -0.029026177421474876 26.781961865157879 OK 13 12 0.66732999999999998 0.659964 0.24867900000000001 0.409777 0.40563399999999999 0 0.25755299999999998 0.25433 0.24867900000000001 0.010858 0.010831 0.011054 0.20948799999999992 0.206704 0.20253699999999994 0.0056230000000000004 0.00462 0.0047299999999999998 0.0013639999999999998 0.001273 0.001312 26.782018639288296 26.782018639288296 26.782018639288296 0.01720981326764448 0.01720981326764448 0.01720981326764448 1 1 1 Converged Converged Converged OK OK OK 103 103 103 103 103 103 9 9 9 0 0 0 0 0 1 0 0
30 30 linear 2 7 302 1 0.001 2.9904115474855248 0.015167503003308477 0.053227271444426807 0.084351032886450905 0.0344188849220112 0.080185420338626204 0.5 -0.035506019162535533 23.154518874370314 OK 14 13 0.69208400000000003 0.61987599999999998 0.266569 0.41465600000000002 0.30140400000000001 0 0.27742800000000001 0.31847199999999998 0.266569 0.012919 0.013936 0.012482999999999999 0.22881500000000002 0.26893100000000014 0.22077600000000006 0.0063079999999999994 0.0059880000000000011 0.0053819999999999996 0.00156 0.0014290000000000001 0.0014489999999999998 23.154429690593926 23.154429690593926 23.154429690593926 0.0055984828649768724 0.0055984828649768724 0.0055984828649768724 1 1 1 Converged Converged Converged OK OK OK 118 118 118 118 118 118 10 10 10 0 0 0 0 1 0 0 1
30 30 linear 2 15 302 2 0.001 2.9904115474855248 0.015167503003308477 0.053227271444426807 0.084351032886450905 0.0344188849220112 0.087590953756981227 0.5 -0.042911552580890557 19.351820778698201 OK 15 14 0.83167899999999995 0.78365600000000002 0.292709 0.52757100000000001 0.40996300000000002 0 0.30410799999999993 0.373693 0.292709 0.016688000000000001 0.017572000000000001 0.015276 0.24538499999999991 0.31378199999999989 0.23727799999999988 0.0073200000000000001 0.0072669999999999992 0.0066299999999999996 0.001676 0.0016899999999999997 0.0016540000000000001 19.351804565625077 19.351804565625077 19.351804565625077 0.0078562514392164825 0.0078562514392164825 0.0078562514392164825 1 1 1 Converged Converged Converged OK OK OK 133 133 133 133 133 133 11 11 11 0 0 0 0 1 0 0 1
30 30 linear 2 23 302 3 0.001 2.9904115474855248 0.015167503003308477 0.053227271444426807 0.084351032886450905 0.0344188849220112 0.094996487175336264 0.5 -0.050317085999245593 16.90137544326047 OK 15 14 0.694079 0.591804 0.25972000000000001 0.42201699999999998 0.29558699999999999 0 0.27206200000000003 0.29621700000000001 0.25972000000000001 0.015737999999999999 0.015755000000000002 0.014420000000000001 0.22340900000000005 0.24731400000000001 0.21371800000000005 0.0060799999999999986 0.0065889999999999994 0.0057849999999999985 0.001508 0.001457 0.001346 16.901358583757439 16.901358583757439 16.901358583757439 0.0077199666440957481 0.0077199666440957481 0.0077199666440957481 1 1 1 Converged Converged Converged OK OK OK 118 118 118 118 118 118 10 10 10 0 0 0 0 1 0 0 1
30 30 linear 2 0 302 0 0.0001 2.9904115474855248 0.015167503003308477 0.053227271444426807 0.084351032886450905 0.0344188849220112 0.073705578597565546 0.5 -0.029026177421474876 26.781961865157879 OK 13 12 0.70480200000000004 0.70089400000000002 0.29114000000000001 0.408808 0.41280499999999998 0 0.29599400000000003 0.28808900000000004 0.29114000000000001 0.011195999999999999 0.010959 0.010754 0.239485 0.23245299999999999 0.23696999999999993 0.0066319999999999999 0.006424 0.0059389999999999998 0.001768 0.0017620000000000001 0.001637 26.782025655992264 26.782025655992264 26.782025655992264 0.0018037279965050076 0.0018037279965050076 0.0018037279965050076 1 1 1 Converged Converged Converged OK OK OK 127 127 127 127 127 127 9 9 9 0 0 0 0 0 1 0 0
30 30 linear 2 7 302 1 0.0001 2.9904115474855248 0.015167503003308477 0.053227271444426807 0.084351032886450905 0.0344188849220112 0.080185420338626204 0.5 -0.035506019162535533 23.154518874370314 OK 14 13 0.73678399999999999 0.66542999999999997 0.31092700000000001 0.41468300000000002 0.29158200000000001 0 0.32210099999999997 0.37384799999999996 0.31092700000000001 0.012914999999999999 0.012914 0.012494 0.26699499999999987 0.31918199999999985 0.25862900000000005 0.0081189999999999995 0.0079469999999999992 0.0070320000000000001 0.0018010000000000001 0.0018759999999999996 0.0018500000000000001 23.154431352567581 23.154431352567581 23.154431352567581 0.0019819388848907955 0.0019819388848907955 0.0019819388848907955 1 1 1 Converged Converged Converged OK OK OK 142 142 142 142 142 142 10 10 10 0 0 0 0 1 0 0 1
30 30 linear 2 15 302 2 0.0001 2.9904115474855248 0.015167503003308477 0.053227271444426807 0.084351032886450905 0.0344188849220112 0.087590953756981227 0.5 -0.042911552580890557 19.351820778698201 OK 15 14 0.93815400000000004 0.90238600000000002 0.40329700000000002 0.52658700000000003 0.39968599999999999 0 0.41156700000000002 0.50270000000000004 0.40329700000000002 0.016590000000000001 0.016400000000000001 0.0152 0.32757299999999995 0.41439400000000021 0.32177500000000003 0.011789000000000001 0.011931000000000001 0.011096000000000002 0.0022800000000000003 0.0023470000000000001 0.0024179999999999996 19.351787141889698 19.351787141889698 19.351787141889698 0.0017212114978568502 0.0017212114978568502 0.0017212114978568502 1 1 1 Converged Converged Converged OK OK OK 197 197 197 197 197 197 11 11 11 0 0 0 0 1 0 0 1
30 30 linear 2 23 302 3 0.0001 2.9904115474855248 0.015167503003308477 0.053227271444426807 0.084351032886450905 0.0344188849220112 0.094996487175336264 0.5 -0.050317085999245593 16.90137544326047 OK 15 14 0.76439999999999997 0.68368300000000004 0.33023599999999997 0.42396699999999998 0.29976900000000001 0 0.34043299999999999 0.38391400000000003 0.33023599999999997 0.015649 0.015734000000000001 0.014629 0.27688200000000002 0.31969499999999995 0.26950299999999988 0.010043 0.010286 0.0090349999999999996 0.0019289999999999999 0.0019960000000000004 0.0019350000000000001 16.901357162966008 16.901357162966008 16.901357162966008 0.0011293812015488796 0.0011293812015488796 0.0011293812015488796 1 1 1 Converged Converged Converged OK OK OK 166 166 166 166 166 166 10 10 10 0 0 0 0 1 0 0 1
30 30 linear 3 0 303 0 0.001 2.9904115474855248 0.015167503003308477 0.053227271444426807 0.04993344258618676 -0.069045574405535742 0.039287988297301402 0.5 0.0053914128787892687 15.689259930919135 OK 13 12 0.597113 0.58909299999999998 0.10323 0.49021999999999999 0.48559999999999998 0 0.10689300000000002 0.103493 0.10323 0.010045999999999999 0.010208 0.010095 0.081335000000000018 0.078216000000000008 0.077938999999999981 0.0021650000000000003 0.0021139999999999996 0.0022829999999999999 0.00057700000000000004 0.00058900000000000001 0.00060900000000000006 15.689244404706873 15.689244404706873 15.689244404706873 0.0028243119939694353 0.0028243119939694353 0.0028243119939694353 1 1 1 Converged Converged Converged OK OK OK 51 51 51 51 51 51 5 5 5 0 0 0 0 0 1 0 0
30 30 linear 3 7 303 1 0.001 2.9904115474855248 0.015167503003308477 0.053227271444426807 0.04993344258618676 -0.069045574405535742 0.045767830038362052 0.5 -0.0010884288622713817 15.669372184958533 OK 12 11 0.61391899999999999 0.52339599999999997 0.12345100000000001 0.48877799999999999 0.35840499999999997 0 0.125141 0.164991 0.12345100000000001 0.0092879999999999994 0.0093430000000000006 0.0085599999999999999 0.094915000000000027 0.13532200000000003 0.095709999999999976 0.0036450000000000007 0.0034999999999999996 0.0030370000000000002 0.00096600000000000006 0.00094600000000000001 0.00084200000000000008 15.669358858359679 15.669358858359679 15.669358858359679 0.0001691161144630479 0.0001691161144630479 0.0001691161144630479 1 1 1 Converged Converged Converged OK OK OK 67 67 67 67 67 67 5 5 5 0 0 0 0 1 0 0 1
30 30 linear 3 15 303 2 0.001 2.9904115474855248 0.015167503003308477 0.053227271444426807 0.04993344258618676 -0.069045574405535742 0.053173363456717089 0.5 -0.0084939622806264187 15.441837616457937 OK 11 10 0.58245899999999995 0.48968699999999998 0.10566300000000001 0.46896399999999999 0.35697200000000001 0 0.11349499999999996 0.13271499999999997 0.10566300000000001 0.008966 0.0087740000000000005 0.0084089999999999998 0.084332999999999991 0.10782000000000005 0.081532000000000007 0.0029519999999999998 0.0028050000000000002 0.0027100000000000002 0.004352 0.00072499999999999995 0.000718 15.441826840696804 15.441826840696804 15.441826840696804 0.013252308993788407 0.013252308993788407 0.013252308993788407 1 1 1 Converged Converged Converged OK OK OK 59 59 59 59 59 59 5 5 5 0 0 0 0 1 0 0 1
30 30 linear 3 23 303 3 0.001 2.9904115474855248 0.015167503003308477 0.053227271444426807 0.04993344258618676 -0.069045574405535742 0.060578896875072119 0.5 -0.015899495698981449 15.023785391411371 OK 11 10 0.45433400000000002 0.36132700000000001 0.104488 0.34529199999999999 0.22964499999999999 0 0.10904200000000003 0.13168200000000002 0.104488 0.0085220000000000001 0.0087309999999999992 0.0078069999999999997 0.08408599999999998 0.10652700000000001 0.081155000000000033 0.002833 0.0028469999999999997 0.0026949999999999999 0.00075100000000000004 0.00078600000000000002 0.00071199999999999996 15.023775880281407 15.023775880281407 15.023775880281407 0.0073587791499694251 0.0073587791499694251 0.0073587791499694251 1 1 1 Converged Converged Converged OK OK OK 59 59 59 59 59 59 5 5 5 0 0 0 0 1 0 0 1
30 30 linear 3 0 303 0 0.0001 2.9904115474855248 0.015167503003308477 0.053227271444426807 0.04993344258618676 -0.069045574405535742 0.039287988297301402 0.5 0.0053914128787892687 15.689259930919135 OK 13 12 0.60551900000000003 0.593947 0.113216 0.48893300000000001 0.48056500000000002 0 0.11658600000000002 0.11338199999999998 0.113216 0.010299000000000001 0.010272999999999999 0.010234999999999999 0.087275000000000019 0.084424000000000027 0.084426000000000015 0.0026329999999999999 0.0026120000000000002 0.0026619999999999999 0.000696 0.00071900000000000002 0.00071400000000000001 15.689245538902737 15.689245538902737 15.689245538902737 0.00066797108268894505 0.00066797108268894505 0.00066797108268894505 1 1 1 Converged Converged Converged OK OK OK 59 59 59 59 59 59 5 5 5 0 0 0 0 0 1 0 0
30 30 linear 3 7 303 1 0.0001 2.9904115474855248 0.015167503003308477 0.053227271444426807 0.04993344258618676 -0.069045574405535742 0.045767830038362052 0.5 -0.0010884288622713817 15.669372184958533 OK 12 11 0.61395 0.52403599999999995 0.118852 0.49040699999999998 0.361371 0 0.12354300000000001 0.16266499999999995 0.118852 0.0091680000000000008 0.0091579999999999995 0.0087270000000000004 0.095167999999999975 0.13473900000000003 0.091519000000000031 0.0030500000000000002 0.0031110000000000001 0.0031149999999999997 0.00083299999999999997 0.00084400000000000002 0.00087399999999999999 15.669358858359679 15.669358858359679 15.669358858359679 0.0001691161144630479 0.0001691161144630479 0.0001691161144630479 1 1 1 Converged Converged Converged OK OK OK 67 67 67 67 67 67 5 5 5 0 0 0 0 1 0 0 1
30 30 linear 3 15 303 2 0.0001 2.9904115474855248 0.015167503003308477 0.053227271444426807 0.04993344258618676 -0.069045574405535742 0.053173363456717089 0.5 -0.0084939622806264187 15.441837616457937 OK 11 10 0.59126000000000001 0.50622800000000001 0.117405 0.46917599999999998 0.35406700000000002 0 0.12208400000000003 0.15216099999999999 0.117405 0.0087740000000000005 0.0090570000000000008 0.0082590000000000007 0.095357999999999998 0.12443900000000004 0.091889000000000026 0.0030370000000000002 0.0034269999999999999 0.0030309999999999998 0.00079199999999999995 0.00087900000000000001 0.000825 15.441825626908209 15.441825626908209 15.441825626908209 0.00050969001987866797 0.00050969001987866797 0.00050969001987866797 1 1 1 Converged Converged Converged OK OK OK 67 67 67 67 67 67 5 5 5 0 0 0 0 1 0 0 1
30 30 linear 3 23 303 3 0.0001 2.9904115474855248 0.015167503003308477 0.053227271444426807 0.04993344258618676 -0.069045574405535742 0.060578896875072119 0.5 -0.015899495698981449 15.023785391411371 OK 11 10 0.49135800000000002 0.40746300000000002 0.13603899999999999 0.34959099999999999 0.223274 0 0.14176700000000003 0.18418900000000002 0.13603899999999999 0.0085660000000000007 0.0118 0.0078549999999999991 0.10861999999999997 0.147087 0.104477 0.0045189999999999996 0.0047590000000000002 0.0040200000000000001 0.00098800000000000016 0.0010409999999999998 0.001026 15.023774995620315 15.023774995620315 15.023774995620315 0.00077597819538273839 0.00077597819538273839 0.00077597819538273839 1 1 1 Converged Converged Converged OK OK OK 83 83 83 83 83 83 5 5 5 0 0 0 0 1 0 0 1
30 30 linear 4 0 304 0 0.001 2.9904115474855248 0.015167503003308477 0.053227271444426807 0.1322709396323147 -0.0017875870160681331 0.12162548534342935 0.5 -0.076946084167338669 12.703516683831282 OK 15 14 0.77757699999999996 0.77478100000000005 0.245838 0.52733200000000002 0.52648300000000003 0 0.25024499999999994 0.24829800000000002 0.245838 0.013325 0.014180999999999999 0.013109000000000001 0.20138900000000001 0.19817499999999999 0.19703399999999999 0.0044389999999999994 0.0049020000000000001 0.0045669999999999999 0.0010110000000000002 0.0010919999999999999 0.001072 12.703505879580538 12.703505879580538 12.703505879580538 0.0098262867959439063 0.0098262867959439063 0.0098262867959439063 1 1 1 Converged Converged Converged OK OK OK 95 95 95 95 95 95 9 9 9 0 0 0 0 0 1 0 0
30 30 linear 4 7 304 1 0.001 2.9904115474855248 0.015167503003308477 0.053227271444426807 0.1322709396323147 -0.0017875870160681331 0.12810532708448999 0.5 -0.083425925908399312 11.671166103788666 OK 15 14 0.73757399999999995 0.62848999999999999 0.225102 0.50644500000000003 0.36978699999999998 0 0.23112899999999992 0.25870300000000002 0.225102 0.01158 0.011587 0.010888999999999999 0.192771 0.22021600000000011 0.18811099999999994 0.0045010000000000007 0.0046129999999999999 0.0044859999999999995 0.00092599999999999996 0.000959 0.00091200000000000005 11.671157189808733 11.671157189808733 11.671157189808733 0.0087291888918226267 0.0087291888918226267 0.0087291888918226267 1 1 1 Converged Converged Converged OK OK OK 95 95 95 95 95 95 9 9 9 0 0 0 0 1 0 0 1
30 30 linear 4 15 304 2 0.001 2.9904115474855248 0.015167503003308477 0.053227271444426807 0.1322709396323147 -0.0017875870160681331 0.13551086050284503 0.5 -0.090831459326754349 10.693458404335637 OK 15 14 0.76955600000000002 0.66389500000000001 0.226355 0.53835100000000002 0.40745500000000001 0 0.23120499999999999 0.25644 0.226355 0.011991 0.011912000000000001 0.01108 0.19204500000000002 0.21774299999999996 0.18934000000000009 0.0048370000000000002 0.0047710000000000009 0.0044690000000000007 0.00097599999999999987 0.00096199999999999996 0.0008830000000000001 10.693451113364702 10.693451113364702 10.693451113364702 0.0076234104491764484 0.0076234104491764484 0.0076234104491764484 1 1 1 Converged Converged Converged OK OK OK 95 95 95 95 95 95 9 9 9 0 0 0 0 1 0 0 1
30 30 linear 4 23 304 3 0.001 2.9904115474855248 0.015167503003308477 0.053227271444426807 0.1322709396323147 -0.0017875870160681331 0.14291639392120006 0.5 -0.098236992745109386 9.8765324708338884 OK 15 14 0.70626 0.60522299999999996 0.23014699999999999 0.47201399999999999 0.34142899999999998 0 0.23424600000000001 0.26379399999999997 0.23014699999999999 0.011710999999999999 0.011823 0.012133 0.19528000000000001 0.22516600000000012 0.19221199999999994 0.0048399999999999997 0.0048499999999999993 0.0044749999999999998 0.0010010000000000002 0.00094300000000000004 0.00091700000000000006 9.8765261425120237 9.8765261425120237 9.8765261425120237 0.0067231651565780939 0.0067231651565780939 0.0067231651565780939 1 1 1 Converged Converged Converged OK OK OK 95 95 95 95 95 95 9 9 9 0 0 0 0 1 0 0 1
30 30 linear 4 0 304 0 0.0001 2.9904115474855248 0.015167503003308477 0.053227271444426807 0.1322709396323147 -0.0017875870160681331 0.12162548534342935 0.5 -0.076946084167338669 12.703516683831282 OK 15 14 0.92090499999999997 0.90609799999999996 0.37873299999999999 0.53110900000000005 0.52863000000000004 0 0.38979599999999992 0.37746799999999991 0.37873299999999999 0.013826 0.013549 0.013095000000000001 0.3053229999999999 0.29824800000000001 0.2991600000000002 0.0094070000000000004 0.0083730000000000002 0.0094269999999999996 0.0020219999999999999 0.0019280000000000002 0.0020240000000000002 12.703510084946069 12.703510084946069 12.703510084946069 0.00083354965173071383 0.00083354965173071383 0.00083354965173071383 1 1 1 Converged Converged Converged OK OK OK 159 159 159 159 159 159 9 9 9 0 0 0 0 0 1 0 0
30 30 linear 4 7 304 1 0.0001 2.9904115474855248 0.015167503003308477 0.053227271444426807 0.1322709396323147 -0.0017875870160681331 0.12810532708448999 0.5 -0.083425925908399312 11.671166103788666 OK 15 14 0.869112 0.81372199999999995 0.34848800000000002 0.50730600000000003 0.374336 0 0.36180599999999996 0.43938599999999994 0.34848800000000002 0.011878 0.013027 0.010932000000000001 0.29825999999999991 0.37757200000000007 0.29026700000000005 0.0088769999999999995 0.0087889999999999999 0.0089960000000000005 0.0054270000000000004 0.0018200000000000002 0.0018330000000000002 11.671159982469433 11.671159982469433 11.671159982469433 0.00082470218679325151 0.00082470218679325151 0.00082470218679325151 1 1 1 Converged Converged Converged OK OK OK 159 159 159 159 159 159 9 9 9 0 0 0 0 1 0 0 1
30 30 linear 4 15 304 2 0.0001 2.9904115474855248 0.015167503003308477 0.053227271444426807 0.1322709396323147 -0.0017875870160681331 0.13551086050284503 0.5 -0.090831459326754349 10.693458404335637 OK 15 14 0.89761400000000002 0.843665 0.34572199999999997 0.544207 0.41591899999999998 0 0.35340700000000003 0.42774600000000002 0.34572199999999997 0.011892 0.013184 0.011143 0.29483900000000007 0.366338 0.28818100000000008 0.0082459999999999999 0.0087349999999999997 0.0082120000000000005 0.0016890000000000002 0.0017530000000000004 0.0017290000000000001 10.693452852607912 10.693452852607912 10.693452852607912 0.00081562868247962554 0.00081562868247962554 0.00081562868247962554 1 1 1 Converged Converged Converged OK OK OK 159 159 159 159 159 159 9 9 9 0 0 0 0 1 0 0 1
30 30 linear 4 23 304 3 0.0001 2.9904115474855248 0.015167503003308477 0.053227271444426807 0.1322709396323147 -0.0017875870160681331 0.14291639392120006 0.5 -0.098236992745109386 9.8765324708338884 OK 15 14 0.83276499999999998 0.75242799999999999 0.352408 0.47603099999999998 0.34320899999999999 0 0.356734 0.409219 0.352408 0.011606999999999999 0.011735000000000001 0.010866000000000001 0.29851699999999987 0.35003399999999996 0.29508499999999999 0.0083979999999999992 0.0090530000000000003 0.0085180000000000013 0.0017480000000000002 0.0018029999999999997 0.001771 9.876526480929531 9.876526480929531 9.876526480929531 0.00072915182184816161 0.00072915182184816161 0.00072915182184816161 1 1 1 Converged Converged Converged OK OK OK 159 159 159 159 159 159 9 9 9 0 0 0 0 1 0 0 1
30 30 uniform 0 0 305 0 0.001 2.9904115474855248 0.015167503003308477 0.053227271444426807 -2.5978532357139841 -0.012209384751419838 -2.6084986900028695 0 2.65317809117896 4.5779656016931192 OK 17 16 0.55939700000000003 0.563473 0.213723 0.351636 0.35194500000000001 0 0.20776100000000003 0.21152799999999999 0.213723 0.016038 0.016889000000000001 0.016931999999999999 0.14501399999999995 0.14706299999999997 0.14948700000000004 0.0052740000000000009 0.0057069999999999994 0.0054180000000000001 0.001364 0.0014470000000000002 0.0013779999999999999 4.5779582783678423 4.5779582783678423 4.5779582783678423 0.0033324069743984035 0.0033324069743984035 0.0033324069743984035 1 1 1 Converged Converged Converged OK OK OK 124 124 124 124 124 124 12 12 12 0 0 0 0 0 1 0 0
30 30 uniform 0 7 305 1 0.001 2.9904115474855248 0.015167503003308477 0.053227271444426807 -2.5978532357139841 -0.012209384751419838 -2.602018848261809 0 2.6466982494378994 4.5218870527282986 OK 17 16 0.66217899999999996 0.553369 0.20433299999999999 0.45850800000000003 0.32646900000000001 0 0.20367099999999994 0.22689999999999999 0.20433299999999999 0.014845000000000001 0.015401 0.014441000000000001 0.15370299999999998 0.17238000000000006 0.15459700000000004 0.0056140000000000001 0.0058009999999999989 0.0056559999999999996 0.0015020000000000001 0.0016570000000000001 0.0014659999999999999 4.5218168867662918 4.5218168867662918 4.5218168867662918 0.0030813491402128398 0.0030813491402128398 0.0030813491402128398 1 1 1 Converged Converged Converged OK OK OK 132 132 132 132 132 132 12 12 12 0 0 0 0 1 0 0 1
30 30 uniform 0 15 305 2 0.001 2.9904115474855248 0.015167503003308477 0.053227271444426807 -2.5978532357139841 -0.012209384751419838 -2.5946133148434538 0 2.6392927160195443 4.4131059026577271 OK 17 16 0.72676200000000002 0.60561600000000004 0.21607999999999999 0.504243 0.38128499999999999 0 0.22251900000000002 0.22433100000000006 0.21607999999999999 0.01519 0.015231 0.014296 0.17046299999999998 0.17294199999999996 0.16594300000000003 0.0067290000000000006 0.0064790000000000004 0.0061739999999999998 0.0015410000000000001 0.0015170000000000001 0.0014679999999999999 4.4130800196387794 4.4130800196387794 4.4130800196387794 0.0030641818354963102 0.0030641818354963102 0.0030641818354963102 1 1 1 Converged Converged Converged OK OK OK 140 140 140 140 140 140 12 12 12 0 0 0 0 1 0 0 1
30 30 uniform 0 23 305 3 0.001 2.9904115474855248 0.015167503003308477 0.053227271444426807 -2.5978532357139841 -0.012209384751419838 -2.5872077814250987 0 2.6318871826011891 4.2474752173817985 OK 16 15 0.61946500000000004 0.50657300000000005 0.193273 0.42083599999999999 0.30149599999999999 0 0.19862900000000006 0.20507700000000006 0.193273 0.013514999999999999 0.013707 0.012296 0.15382499999999988 0.16023300000000001 0.15129000000000001 0.0059379999999999988 0.0059299999999999995 0.0054329999999999995 0.0015950000000000001 0.0016549999999999998 0.001438 4.2474174331928651 4.2474174331928651 4.2474174331928651 0.0042233287656594006 0.0042233287656594006 0.0042233287656594006 1 1 1 Converged Converged Converged OK OK OK 133 133 133 133 133 133 11 11 11 0 0 0 0 1 0 0 1
30 30 uniform 0 0 305 0 0.0001 2.9904115474855248 0.015167503003308477 0.053227271444426807 -2.5978532357139841 -0.012209384751419838 -2.6084986900028695 0 2.65317809117896 4.5779656016931192 OK 17 16 0.61432699999999996 0.61020200000000002 0.25714999999999999 0.35056500000000002 0.35071099999999999 0 0.26376199999999994 0.25949100000000003 0.25714999999999999 0.016959999999999999 0.017069999999999998 0.016638 0.18119899999999992 0.17649500000000021 0.17547899999999989 0.0077199999999999994 0.0080250000000000009 0.0079490000000000012 0.0023169999999999996 0.0022240000000000003 0.0021130000000000003 4.5779673488971317 4.5779673488971317 4.5779673488971317 0.00043715241043946318 0.00043715241043946318 0.00043715241043946318 1 1 1 Converged Converged Converged OK OK OK 164 164 164 164 164 164 12 12 12 0 0 0 0 0 1 0 0
30 30 uniform 0 7 305 1 0.0001 2.9904115474855248 0.015167503003308477 0.053227271444426807 -2.5978532357139841 -0.012209384751419838 -2.602018848261809 0 2.6466982494378994 4.5218870527282986 OK 17 16 0.71757099999999996 0.58881499999999998 0.24435999999999999 0.47387600000000002 0.32713300000000001 0 0.24369499999999994 0.26168199999999997 0.24435999999999999 0.014848999999999999 0.015211000000000001 0.014430999999999999 0.18390300000000001 0.20145700000000005 0.18533400000000003 0.0074220000000000006 0.0076439999999999998 0.0077319999999999993 0.002248 0.0021709999999999998 0.0023159999999999999 4.521883083369298 4.521883083369298 4.521883083369298 0.00021870456224999538 0.00021870456224999538 0.00021870456224999538 1 1 1 Converged Converged Converged OK OK OK 172 172 172 172 172 172 12 12 12 0 0 0 0 1 0 0 1
30 30 uniform 0 15 305 2 0.0001 2.9904115474855248 0.015167503003308477 0.053227271444426807 -2.5978532357139841 -0.012209384751419838 -2.5946133148434538 0 2.6392927160195443 4.4131059026577271 OK 17 16 0.77896399999999999 0.667937 0.26528600000000002 0.51281500000000002 0.38145600000000002 0 0.26614899999999997 0.28648099999999999 0.26528600000000002 0.015073 0.015580999999999999 0.014138 0.19643200000000008 0.21520300000000001 0.19679300000000016 0.0093880000000000005 0.01051 0.0097720000000000012 0.002166 0.0021790000000000004 0.0021840000000000002 4.4131040565329016 4.4131040565329016 4.4131040565329016 0.00034558893149921389 0.00034558893149921389 0.00034558893149921389 1 1 1 Converged Converged Converged OK OK OK 196 196 196 196 196 196 12 12 12 0 0 0 0 1 0 0 1
30 30 uniform 0 23 305 3 0.0001 2.9904115474855248 0.015167503003308477 0.053227271444426807 -2.5978532357139841 -0.012209384751419838 -2.5872077814250987 0 2.6318871826011891 4.2474752173817985 OK 16 15 0.71701400000000004 0.611877 0.28775899999999999 0.42196299999999998 0.29887900000000001 0 0.29505100000000006 0.312998 0.28775899999999999 0.016324999999999999 0.013421000000000001 0.012496999999999999 0.22271500000000005 0.24196499999999996 0.22105299999999992 0.011206999999999998 0.012503000000000002 0.010444999999999999 0.002294 0.0022450000000000005 0.002225 4.2474697295430568 4.2474697295430568 4.2474697295430568 0.00041533180501320894 0.00041533180501320894 0.00041533180501320894 1 1 1 Converged Converged Converged OK OK OK 213 213 213 213 213 213 11 11 11 0 0 0 0 1 0 0 1
30 30 uniform 1 0 306 0 0.001 2.9904115474855248 0.015167503003308477 0.053227271444426807 -2.6538377978091576 -0.019635831422088443 -2.664483252098043 0 2.7091626532741335 3.2780101908225006 OK 14 13 0.43013000000000001 0.42768499999999998 0.15321299999999999 0.27220899999999998 0.27285900000000002 0 0.15792100000000003 0.15482599999999996 0.15321299999999999 0.0080750000000000006 0.0078910000000000004 0.0076360000000000004 0.11882800000000002 0.11562800000000004 0.11509500000000002 0.0040129999999999992 0.0043210000000000002 0.0039590000000000007 0.0011360000000000001 0.0010830000000000002 0.0011349999999999999 3.2780103250247206 3.2780103250247206 3.2780103250247206 0.0017826157028684939 0.0017826157028684939 0.0017826157028684939 1 1 1 Converged Converged Converged OK OK OK 103 103 103 103 103 103 9 9 9 0 0 0 0 0 1 0 0
30 30 uniform 1 7 306 1 0.001 2.9904115474855248 0.015167503003308477 0.053227271444426807 -2.6538377978091576 -0.019635831422088443 -2.6580034103569825 0 2.702682811533073 3.5621909477616653 OK 14 13 0.42201499999999997 0.31384800000000002 0.14147199999999999 0.27956300000000001 0.15965699999999999 0 0.14245199999999997 0.15419100000000002 0.14147199999999999 0.0064619999999999999 0.0066470000000000001 0.0061110000000000001 0.11502699999999998 0.12613099999999991 0.1150659999999999 0.0037590000000000002 0.0040610000000000004 0.0035710000000000004 0.00096100000000000005 0.0010549999999999999 0.0009859999999999999 3.5621884067053 3.5621884067053 3.5621884067053 0.0020769199100945193 0.0020769199100945193 0.0020769199100945193 1 1 1 Converged Converged Converged OK OK OK 103 103 103 103 103 103 9 9 9 0 0 0 0 1 0 0 1
30 30 uniform 1 15 306 2 0.001 2.9904115474855248 0.015167503003308477 0.053227271444426807 -2.6538377978091576 -0.019635831422088443 -2.6505978769386274 0 2.6952772781147178 3.92001993890343 OK 15 14 0.43656699999999998 0.32451600000000003 0.13896 0.29183799999999999 0.16673199999999999 0 0.144729 0.15778400000000004 0.13896 0.0099930000000000001 0.0098949999999999993 0.0090709999999999992 0.11190099999999997 0.12646000000000002 0.109254 0.0042919999999999998 0.0038600000000000001 0.003437 0.0011660000000000002 0.0010280000000000001 0.0010500000000000002 3.91998738700544 3.91998738700544 3.91998738700544 0.0031009816457827329 0.0031009816457827329 0.0031009816457827329 1 1 1 Converged Converged Converged OK OK OK 102 102 102 102 102 102 10 10 10 0 0 0 0 1 0 0 1
30 30 uniform 1 23 306 3 0.001 2.9904115474855248 0.015167503003308477 0.053227271444426807 -2.6538377978091576 -0.019635831422088443 -2.6431923435202722 0 2.6878717446963627 4.1738606123789017 OK 15 14 0.45032 0.33909800000000001 0.14483199999999999 0.30103799999999997 0.17327500000000001 0 0.14928200000000003 0.165823 0.14483199999999999 0.0097970000000000002 0.009587 0.0087869999999999997 0.11046700000000001 0.127193 0.109137 0.0051789999999999996 0.0056110000000000005 0.0044639999999999992 0.001328 0.0012960000000000001 0.0011819999999999999 4.1738724078884459 4.1738724078884459 4.1738724078884459 0.0026597198978878748 0.0026597198978878748 0.0026597198978878748 1 1 1 Converged Converged Converged OK OK OK 118 118 118 118 118 118 10 10 10 0 0 0 0 1 0 0 1
30 30 uniform 1 0 306 0 0.0001 2.9904115474855248 0.015167503003308477 0.053227271444426807 -2.6538377978091576 -0.019635831422088443 -2.664483252098043 0 2.7091626532741335 3.2780101908225006 OK 14 13 0.44269399999999998 0.43903900000000001 0.16503899999999999 0.27757700000000002 0.272258 0 0.16511699999999996 0.16678100000000001 0.16503899999999999 0.0075139999999999998 0.0079699999999999997 0.0076709999999999999 0.12328499999999994 0.12436900000000002 0.12362499999999996 0.004078 0.004718 0.0041960000000000001 0.001145 0.001232 0.0012570000000000001 3.278010829582267 3.278010829582267 3.278010829582267 0.00030578766144059318 0.00030578766144059318 0.00030578766144059318 1 1 1 Converged Converged Converged OK OK OK 111 111 111 111 111 111 9 9 9 0 0 0 0 0 1 0 0
30 30 uniform 1 7 306 1 0.0001 2.9904115474855248 0.015167503003308477 0.053227271444426807 -2.6538377978091576 -0.019635831422088443 -2.6580034103569825 0 2.702682811533073 3.5621909477616653 OK 14 13 0.44230199999999997 0.34582200000000002 0.16226599999999999 0.27430100000000002 0.162657 0 0.16800099999999996 0.18316500000000002 0.16226599999999999 0.0066150000000000002 0.0063099999999999996 0.0062989999999999999 0.134048 0.15066700000000002 0.12965600000000008 0.0044279999999999996 0.0042929999999999999 0.0042770000000000004 0.001245 0.001193 0.0013240000000000001 3.5621913346471947 3.5621913346471947 3.5621913346471947 0.00026505267188713002 0.00026505267188713002 0.00026505267188713002 1 1 1 Converged Converged Converged OK OK OK 119 119 119 119 119 119 9 9 9 0 0 0 0 1 0 0 1
30 30 uniform 1 15 306 2 0.0001 2.9904115474855248 0.015167503003308477 0.053227271444426807 -2.6538377978091576 -0.019635831422088443 -2.6505978769386274 0 2.6952772781147178 3.92001993890343 OK 15 14 0.48495700000000003 0.38309700000000002 0.193435 0.29117799999999999 0.16892699999999999 0 0.19377900000000003 0.21417000000000003 0.193435 0.0093469999999999994 0.0099249999999999998 0.0092949999999999994 0.15167400000000003 0.17006599999999997 0.151197 0.0052610000000000001 0.0059249999999999997 0.0055699999999999994 0.0015020000000000001 0.001751 0.0015869999999999999 3.9200199678137624 3.9200199678137624 3.9200199678137624 0.00026835685575336534 0.00026835685575336534 0.00026835685575336534 1 1 1 Converged Converged Converged OK OK OK 142 142 142 142 142 142 10 10 10 0 0 0 0 1 0 0 1
30 30 uniform 1 23 306 3 0.0001 2.9904115474855248 0.015167503003308477 0.053227271444426807 -2.6538377978091576 -0.019635831422088443 -2.6431923435202722 0 2.6878717446963627 4.1738606123789017 OK 15 14 0.55926699999999996 0.451461 0.256388 0.29636699999999999 0.17016500000000001 0 0.26289999999999997 0.28129599999999999 0.256388 0.0095010000000000008 0.0096710000000000008 0.0087530000000000004 0.19894400000000001 0.219025 0.19637000000000007 0.011261 0.010114 0.0095939999999999984 0.002235 0.0020380000000000003 0.002039 4.1738609207974902 4.1738609207974902 4.1738609207974902 0.00024856617911367011 0.00024856617911367011 0.00024856617911367011 1 1 1 Converged Converged Converged OK OK OK 198 198 198 198 198 198 10 10 10 0 0 0 0 1 0 0 1
30 30 uniform 2 0 307 0 0.001 2.9904115474855248 0.015167503003308477 0.053227271444426807 0.084351032886450905 0.0344188849220112 0.073705578597565546 0 -0.029026177421474876 27.455759293000099 OK 13 12 0.59595399999999998 0.59289599999999998 0.183173 0.411306 0.40679599999999999 0 0.18464799999999998 0.18609999999999999 0.183173 0.010798 0.011032 0.010459 0.13924100000000006 0.13992300000000005 0.13834300000000002 0.0040180000000000007 0.0044070000000000003 0.0040659999999999993 0.001232 0.001286 0.0012329999999999999 27.455752405975414 27.455752405975414 27.455752405975414 0.018487780889488974 0.018487780889488974 0.018487780889488974 1 1 1 Converged Converged Converged OK OK OK 103 103 103 103 103 103 9 9 9 0 0 0 0 0 1 0 0
30 30 uniform 2 7 307 1 0.001 2.9904115474855248 0.015167503003308477 0.053227271444426807 0.084351032886450905 0.0344188849220112 0.080185420338626204 0 -0.035506019162535533 23.800444971039258 OK 14 13 0.61078100000000002 0.53153600000000001 0.200793 0.40821600000000002 0.29075600000000001 0 0.202565 0.24077999999999999 0.200793 0.012723999999999999 0.01302 0.012215 0.15633699999999992 0.19330399999999995 0.15543000000000001 0.0048559999999999992 0.0052420000000000001 0.0050139999999999994 0.0014190000000000001 0.001438 0.0014599999999999999 23.800446666391782 23.800446666391782 23.800446666391782 0.0028273705866903231 0.0028273705866903231 0.0028273705866903231 1 1 1 Converged Converged Converged OK OK OK 118 118 118 118 118 118 10 10 10 0 0 0 0 1 0 0 1
30 30 uniform 2 15 307 2 0.001 2.9904115474855248 0.015167503003308477 0.053227271444426807 0.084351032886450905 0.0344188849220112 0.087590953756981227 0 -0.042911552580890557 19.638584197281897 OK 15 14 0.75215799999999999 0.68592699999999995 0.22410099999999999 0.52286500000000002 0.399339 0 0.22929299999999997 0.28658799999999995 0.22410099999999999 0.016515999999999999 0.016012999999999999 0.015154000000000001 0.17173799999999997 0.22967499999999988 0.16954799999999998 0.006313 0.0064269999999999996 0.0060070000000000011 0.001665 0.0016869999999999999 0.0015840000000000003 19.63861520063578 19.63861520063578 19.63861520063578 0.0072459581585507665 0.0072459581585507665 0.0072459581585507665 1 1 1 Converged Converged Converged OK OK OK 133 133 133 133 133 133 11 11 11 0 0 0 0 1 0 0 1
30 30 uniform 2 23 307 3 0.001 2.9904115474855248 0.015167503003308477 0.053227271444426807 0.084351032886450905 0.0344188849220112 0.094996487175336264 0 -0.050317085999245593 17.07507518211845 OK 15 14 0.62424299999999999 0.52972600000000003 0.19442400000000001 0.42308600000000002 0.30194599999999999 0 0.20115699999999997 0.22778000000000004 0.19442400000000001 0.015498 0.015272000000000001 0.014385999999999999 0.15372599999999995 0.18101500000000001 0.149225 0.0055440000000000003 0.0052659999999999998 0.0051379999999999993 0.0013979999999999999 0.0014290000000000001 0.0013730000000000001 17.075077526363199 17.075077526363199 17.075077526363199 0.007495007489192896 0.007495007489192896 0.007495007489192896 1 1 1 Converged Converged Converged OK OK OK 118 118 118 118 118 118 10 10 10 0 0 0 0 1 0 0 1
30 30 uniform 2 0 307 0 0.0001 2.9904115474855248 0.015167503003308477 0.053227271444426807 0.084351032886450905 0.0344188849220112 0.073705578597565546 0 -0.029026177421474876 27.455759293000099 OK 13 12 0.60499700000000001 0.60326900000000006 0.19399 0.40675600000000001 0.40702100000000002 0 0.198241 0.19624800000000003 0.19399 0.011178 0.011398 0.010803 0.14565799999999998 0.14671299999999995 0.14528599999999997 0.0044050000000000001 0.0046190000000000007 0.0045450000000000004 0.0014140000000000001 0.0014710000000000001 0.0015039999999999999 27.455755525124061 27.455755525124061 27.455755525124061 0.0018632615121818236 0.0018632615121818236 0.0018632615121818236 1 1 1 Converged Converged Converged OK OK OK 111 111 111 111 111 111 9 9 9 0 0 0 0 0 1 0 0
30 30 uniform 2 7 307 1 0.0001 2.9904115474855248 0.015167503003308477 0.053227271444426807 0.084351032886450905 0.0344188849220112 0.080185420338626204 0 -0.035506019162535533 23.800444971039258 OK 14 13 0.63108799999999998 0.55141600000000002 0.214027 0.41664000000000001 0.289329 0 0.21444799999999997 0.26208700000000001 0.214027 0.013202999999999999 0.013051999999999999 0.012289 0.16409500000000002 0.21267899999999984 0.16592000000000015 0.0062510000000000005 0.0057109999999999991 0.0059169999999999995 0.001668 0.0015979999999999998 0.0016329999999999997 23.800446695973502 23.800446695973502 23.800446695973502 0.001219147279762228 0.001219147279762228 0.001219147279762228 1 1 1 Converged Converged Converged OK OK OK 126 126 126 126 126 126 10 10 10 0 0 0 0 1 0 0 1
30 30 uniform 2 15 307 2 0.0001 2.9904115474855248 0.015167503003308477 0.053227271444426807 0.084351032886450905 0.0344188849220112 0.087590953756981227 0 -0.042911552580890557 19.638584197281897 OK 15 14 0.810724 0.77179200000000003 0.277171 0.52804700000000004 0.39376499999999998 0 0.28267699999999996 0.37802700000000006 0.277171 0.016632000000000001 0.016267 0.015167 0.20468400000000017 0.30180200000000013 0.20281100000000016 0.010303 0.0094029999999999999 0.0095960000000000004 0.0022580000000000005 0.0021280000000000001 0.0021189999999999998 19.638584116479937 19.638584116479937 19.638584116479937 0.00097098192722890357 0.00097098192722890357 0.00097098192722890357 1 1 1 Converged Converged Converged OK OK OK 181 181 181 181 181 181 11 11 11 0 0 0 0 1 0 0 1
30 30 uniform 2 23 307 3 0.0001 2.9904115474855248 0.015167503003308477 0.053227271444426807 0.084351032886450905 0.0344188849220112 0.094996487175336264 0 -0.050317085999245593 17.07507518211845 OK 15 14 0.64337 0.54711799999999999 0.21098900000000001 0.42440600000000001 0.29403800000000002 0 0.21896399999999999 0.25307999999999997 0.21098900000000001 0.015816 0.015428000000000001 0.014382000000000001 0.165102 0.20015799999999995 0.16037200000000004 0.0067019999999999996 0.0065880000000000001 0.0062240000000000004 0.0016260000000000001 0.0016000000000000001 0.0014680000000000001 17.075077341208125 17.075077341208125 17.075077341208125 0.0016818309065291309 0.0016818309065291309 0.0016818309065291309 1 1 1 Converged Converged Converged OK OK OK 134 134 134 134 134 134 10 10 10 0 0 0 0 1 0 0 1
30 30 uniform 3 0 308 0 0.001 2.9904115474855248 0.015167503003308477 0.053227271444426807 0.04993344258618676 -0.069045574405535742 0.039287988297301402 0 0.0053914128787892687 15.825160790527752 OK 13 12 0.56308499999999995 0.56523199999999996 0.079947000000000004 0.48410500000000001 0.48738500000000001 0 0.078979999999999939 0.077846999999999944 0.079947000000000004 0.010715000000000001 0.010173 0.011308 0.055170999999999998 0.055233999999999984 0.055956000000000013 0.001825 0.0017470000000000001 0.0017890000000000002 0.00041700000000000005 0.00042000000000000002 0.00039999999999999996 15.825160118751194 15.825160118751194 15.825160118751194 0.014257252239953279 0.014257252239953279 0.014257252239953279 1 1 1 Converged Converged Converged OK OK OK 43 43 43 43 43 43 5 5 5 0 0 0 0 0 1 0 0
30 30 uniform 3 7 308 1 0.001 2.9904115474855248 0.015167503003308477 0.053227271444426807 0.04993344258618676 -0.069045574405535742 0.045767830038362052 0 -0.0010884288622713817 15.800643660145875 OK 12 11 0.58080900000000002 0.48925800000000003 0.091555999999999998 0.48797000000000001 0.35907099999999997 0 0.092839000000000005 0.13018700000000005 0.091555999999999998 0.0091769999999999994 0.0091750000000000009 0.0088859999999999998 0.065909999999999982 0.10340000000000002 0.065579999999999972 0.0025820000000000001 0.002604 0.0025989999999999997 0.00070299999999999996 0.00070299999999999996 0.00064999999999999997 15.800637507510082 15.800637507510082 15.800637507510082 0.0044854300339186868 0.0044854300339186868 0.0044854300339186868 1 1 1 Converged Converged Converged OK OK OK 59 59 59 59 59 59 5 5 5 0 0 0 0 1 0 0 1
30 30 uniform 3 15 308 2 0.001 2.9904115474855248 0.015167503003308477 0.053227271444426807 0.04993344258618676 -0.069045574405535742 0.053173363456717089 0 -0.0084939622806264187 15.562666705636676 OK 11 10 0.56638100000000002 0.47378900000000002 0.092825000000000005 0.47526299999999999 0.35655700000000001 0 0.091118000000000032 0.117232 0.092825000000000005 0.0091129999999999996 0.0092569999999999996 0.009332 0.065875999999999976 0.091588000000000003 0.066894000000000009 0.0025999999999999999 0.0027589999999999997 0.0025070000000000001 0.00067899999999999992 0.00068500000000000006 0.00063699999999999998 15.562666649646774 15.562666649646774 15.562666649646774 0.0037676077666596902 0.0037676077666596902 0.0037676077666596902 1 1 1 Converged Converged Converged OK OK OK 59 59 59 59 59 59 5 5 5 0 0 0 0 1 0 0 1
30 30 uniform 3 23 308 3 0.001 2.9904115474855248 0.015167503003308477 0.053227271444426807 0.04993344258618676 -0.069045574405535742 0.060578896875072119 0 -0.015899495698981449 15.130866986871846 OK 11 10 0.43760900000000003 0.33965600000000001 0.088081999999999994 0.347192 0.225048 0 0.090417000000000025 0.11460800000000002 0.088081999999999994 0.0085470000000000008 0.0086789999999999992 0.0077889999999999999 0.065755999999999967 0.089912000000000006 0.065093000000000012 0.0027099999999999997 0.0027399999999999998 0.0024429999999999999 0.00064900000000000005 0.00065899999999999997 0.00058699999999999996 15.130867483992468 15.130867483992468 15.130867483992468 0.0039019706057495857 0.0039019706057495857 0.0039019706057495857 1 1 1 Converged Converged Converged OK OK OK 59 59 59 59 59 59 5 5 5 0 0 0 0 1 0 0 1
30 30 uniform 3 0 308 0 0.0001 2.9904115474855248 0.015167503003308477 0.053227271444426807 0.04993344258618676 -0.069045574405535742 0.039287988297301402 0 0.0053914128787892687 15.825160790527752 OK 13 12 0.58124900000000002 0.581426 0.094908999999999993 0.48585600000000001 0.48570999999999998 0 0.095393000000000006 0.095716000000000023 0.094908999999999993 0.009946 0.010161 0.0099900000000000006 0.067170999999999981 0.067216999999999985 0.066673999999999997 0.0025989999999999997 0.0025149999999999999 0.0024790000000000003 0.00066899999999999989 0.00072099999999999996 0.00068099999999999996 15.825159338624584 15.825159338624584 15.825159338624584 0.0013856435211541565 0.0013856435211541565 0.0013856435211541565 1 1 1 Converged Converged Converged OK OK OK 59 59 59 59 59 59 5 5 5 0 0 0 0 0 1 0 0
30 30 uniform 3 7 308 1 0.0001 2.9904115474855248 0.015167503003308477 0.053227271444426807 0.04993344258618676 -0.069045574405535742 0.045767830038362052 0 -0.0010884288622713817 15.800643660145875 OK 12 11 0.59018999999999999 0.50783699999999998 0.099527000000000004 0.48945300000000003 0.36360799999999999 0 0.10073699999999997 0.144229 0.099527000000000004 0.00894 0.0090749999999999997 0.0085950000000000002 0.072863999999999998 0.11633700000000002 0.072778000000000037 0.002823 0.0029690000000000003 0.0028599999999999997 0.00085399999999999994 0.00083000000000000001 0.00082699999999999983 15.800643116954033 15.800643116954033 15.800643116954033 0.00031626709590476174 0.00031626709590476174 0.00031626709590476174 1 1 1 Converged Converged Converged OK OK OK 67 67 67 67 67 67 5 5 5 0 0 0 0 1 0 0 1
30 30 uniform 3 15 308 2 0.0001 2.9904115474855248 0.015167503003308477 0.053227271444426807 0.04993344258618676 -0.069045574405535742 0.053173363456717089 0 -0.0084939622806264187 15.562666705636676 OK 11 10 0.57285200000000003 0.49112800000000001 0.097957000000000002 0.472279 0.35923899999999998 0 0.10057300000000002 0.13188900000000003 0.097957000000000002 0.0090119999999999992 0.0087030000000000007 0.0082629999999999995 0.073708999999999983 0.105673 0.07285999999999998 0.0029399999999999995 0.0028019999999999998 0.0026689999999999999 0.00080000000000000004 0.00074199999999999993 0.00073000000000000018 15.562666524767641 15.562666524767641 15.562666524767641 0.00081004242509647329 0.00081004242509647329 0.00081004242509647329 1 1 1 Converged Converged Converged OK OK OK 67 67 67 67 67 67 5 5 5 0 0 0 0 1 0 0 1
30 30 uniform 3 23 308 3 0.0001 2.9904115474855248 0.015167503003308477 0.053227271444426807 0.04993344258618676 -0.069045574405535742 0.060578896875072119 0 -0.015899495698981449 15.130866986871846 OK 11 10 0.46200599999999997 0.38367699999999999 0.11328299999999999 0.34688600000000003 0.222802 0 0.11511999999999994 0.16087499999999999 0.11328299999999999 0.0084030000000000007 0.0086180000000000007 0.0077879999999999998 0.082805000000000059 0.12789699999999996 0.082512000000000016 0.0038700000000000002 0.0041700000000000001 0.0036839999999999998 0.0008879999999999999 0.00091399999999999988 0.00090200000000000002 15.130866914086084 15.130866914086084 15.130866914086084 0.00098795096791396146 0.00098795096791396146 0.00098795096791396146 1 1 1 Converged Converged Converged OK OK OK 83 83 83 83 83 83 5 5 5 0 0 0 0 1 0 0 1
30 30 uniform 4 0 309 0 0.001 2.9904115474855248 0.015167503003308477 0.053227271444426807 0.1322709396323147 -0.0017875870160681331 0.12162548534342935 0 -0.076946084167338669 12.779116270526247 OK 15 14 0.72534699999999996 0.716696 0.188169 0.53328200000000003 0.52384299999999995 0 0.19206499999999993 0.19285300000000005 0.188169 0.013747000000000001 0.013721000000000001 0.012966 0.14177999999999996 0.14118899999999998 0.14039200000000002 0.004679 0.0042769999999999996 0.0041939999999999998 0.0010759999999999999 0.0010460000000000001 0.00099500000000000001 12.779116291961369 12.779116291961369 12.779116291961369 0.0070273320105206987 0.0070273320105206987 0.0070273320105206987 1 1 1 Converged Converged Converged OK OK OK 95 95 95 95 95 95 9 9 9 0 0 0 0 0 1 0 0
30 30 uniform 4 7 309 1 0.001 2.9904115474855248 0.015167503003308477 0.053227271444426807 0.1322709396323147 -0.0017875870160681331 0.12810532708448999 0 -0.083425925908399312 11.728234888801309 OK 15 14 0.68095600000000001 0.56808099999999995 0.16884299999999999 0.50600999999999996 0.368508 0 0.17494600000000005 0.19957299999999994 0.16884299999999999 0.011566999999999999 0.011710999999999999 0.010874999999999999 0.13298099999999996 0.16094800000000006 0.13200600000000001 0.004556000000000001 0.0046279999999999993 0.0042420000000000001 0.0046140000000000009 0.00098299999999999993 0.000959 11.728234391631849 11.728234391631849 11.728234391631849 0.006564072236007289 0.006564072236007289 0.006564072236007289 1 1 1 Converged Converged Converged OK OK OK 95 95 95 95 95 95 9 9 9 0 0 0 0 1 0 0 1
30 30 uniform 4 15 309 2 0.001 2.9904115474855248 0.015167503003308477 0.053227271444426807 0.1322709396323147 -0.0017875870160681331 0.13551086050284503 0 -0.090831459326754349 10.736277551481777 OK 15 14 0.71074800000000005 0.60800500000000002 0.16674 0.54209200000000002 0.407611 0 0.16865600000000003 0.20039400000000002 0.16674 0.011972999999999999 0.011943 0.011185 0.13032400000000008 0.16240300000000002 0.13024799999999992 0.0043930000000000002 0.0043400000000000001 0.0040490000000000005 0.00092500000000000004 0.00092799999999999979 0.00087399999999999999 10.736277214900049 10.736277214900049 10.736277214900049 0.0059646238736944046 0.0059646238736944046 0.0059646238736944046 1 1 1 Converged Converged Converged OK OK OK 95 95 95 95 95 95 9 9 9 0 0 0 0 1 0 0 1
30 30 uniform 4 23 309 3 0.001 2.9904115474855248 0.015167503003308477 0.053227271444426807 0.1322709396323147 -0.0017875870160681331 0.14291639392120006 0 -0.098236992745109386 9.9095839054776604 OK 15 14 0.64560300000000004 0.54159000000000002 0.17005300000000001 0.47219499999999998 0.33914699999999998 0 0.17340800000000006 0.20244300000000004 0.17005300000000001 0.011611 0.011608 0.010722000000000001 0.13575699999999999 0.16499699999999998 0.13390300000000005 0.0042509999999999996 0.0042850000000000006 0.0040659999999999993 0.00097099999999999997 0.00096100000000000005 0.00090200000000000002 9.9095838072977855 9.9095838072977855 9.9095838072977855 0.0054065399800148073 0.0054065399800148073 0.0054065399800148073 1 1 1 Converged Converged Converged OK OK OK 95 95 95 95 95 95 9 9 9 0 0 0 0 1 0 0 1
30 30 uniform 4 0 309 0 0.0001 2.9904115474855248 0.015167503003308477 0.053227271444426807 0.1322709396323147 -0.0017875870160681331 0.12162548534342935 0 -0.076946084167338669 12.779116270526247 OK 15 14 0.76644900000000005 0.76612999999999998 0.23453399999999999 0.52893400000000002 0.52904700000000005 0 0.23751500000000003 0.23708299999999993 0.23453399999999999 0.013942 0.013561999999999999 0.013037999999999999 0.17197100000000001 0.172208 0.17146500000000009 0.0065440000000000003 0.0067730000000000004 0.006215 0.0016619999999999998 0.0016259999999999998 0.0015590000000000001 12.779116743998749 12.779116743998749 12.779116743998749 0.00087792809509898504 0.00087792809509898504 0.00087792809509898504 1 1 1 Converged Converged Converged OK OK OK 127 127 127 127 127 127 9 9 9 0 0 0 0 0 1 0 0
30 30 uniform 4 7 309 1 0.0001 2.9904115474855248 0.015167503003308477 0.053227271444426807 0.1322709396323147 -0.0017875870160681331 0.12810532708448999 0 -0.083425925908399312 11.728234888801309 OK 15 14 0.72313700000000003 0.64563599999999999 0.20963499999999999 0.51141099999999995 0.37174400000000002 0 0.21172600000000008 0.27389199999999997 0.20963499999999999 0.011682 0.011709000000000001 0.010782999999999999 0.16087500000000002 0.22489899999999993 0.15895799999999999 0.0073709999999999999 0.0066160000000000004 0.0061730000000000005 0.0015139999999999999 0.0014539999999999998 0.0014139999999999999 11.728234746572777 11.728234746572777 11.728234746572777 0.00091124319770733418 0.00091124319770733418 0.00091124319770733418 1 1 1 Converged Converged Converged OK OK OK 127 127 127 127 127 127 9 9 9 0 0 0 0 1 0 0 1
30 30 uniform 4 15 309 2 0.0001 2.9904115474855248 0.015167503003308477 0.053227271444426807 0.1322709396323147 -0.0017875870160681331 0.13551086050284503 0 -0.090831459326754349 10.736277551481777 OK 15 14 0.75141599999999997 0.673373 0.20318700000000001 0.54409200000000002 0.41075800000000001 0 0.20732399999999995 0.26261499999999999 0.20318700000000001 0.012074 0.011975 0.011198 0.15763100000000008 0.21362599999999998 0.15618300000000002 0.0066339999999999993 0.0065879999999999992 0.0061720000000000004 0.0014199999999999998 0.001446 0.001374 10.736277550197352 10.736277550197352 10.736277550197352 0.00071617188044385404 0.00071617188044385404 0.00071617188044385404 1 1 1 Converged Converged Converged OK OK OK 127 127 127 127 127 127 9 9 9 0 0 0 0 1 0 0 1
30 30 uniform 4 23 309 3 0.0001 2.9904115474855248 0.015167503003308477 0.053227271444426807 0.1322709396323147 -0.0017875870160681331 0.14291639392120006 0 -0.098236992745109386 9.9095839054776604 OK 15 14 0.68238299999999996 0.61102199999999995 0.208735 0.47017100000000001 0.34370000000000001 0 0.21221199999999996 0.26732199999999995 0.208735 0.011756000000000001 0.011591000000000001 0.010841999999999999 0.16355600000000003 0.21852400000000011 0.16209799999999999 0.0065190000000000005 0.0067460000000000003 0.0060010000000000011 0.0013880000000000001 0.0013940000000000001 0.0013859999999999996 9.909584100399611 9.909584100399611 9.909584100399611 0.00056717749766910794 0.00056717749766910794 0.00056717749766910794 1 1 1 Converged Converged Converged OK OK OK 127 127 127 127 127 127 9 9 9 0 0 0 0 1 0 0 1
31 31 linear 0 0 310 0 0.001 0.51906488249977267 0.0074645426561083901 0.097612399068653377 -0.010680885394855497 -0.036413855166277619 -0.030203365208586172 0.5 0.034049239472798372 20.082049942784458 OK 13 12 0.61104999999999998 0.60169499999999998 0.32274700000000001 0.28306799999999999 0.27805600000000003 0 0.327982 0.32363899999999995 0.32274700000000001 0.010024 0.010336 0.0098849999999999997 0.28535100000000008 0.27910200000000018 0.27732699999999988 0.0056779999999999999 0.0065859999999999998 0.0088369999999999994 0.00090000000000000008 0.00091600000000000004 0.00088100000000000006 20.082459507534612 20.082459507534612 20.082459507534612 0.011362124900132286 0.011362124900132286 0.011362124900132286 1 1 1 Converged Converged Converged OK OK OK 113 113 113 113 113 113 7 7 7 0 0 0 0 0 1 0 0
31 31 linear 0 7 310 1 0.001 0.51906488249977267 0.0074645426561083901 0.097612399068653377 -0.010680885394855497 -0.036413855166277619 -0.018320116626315323 0.5 0.022165990890527523 20.575825389957227 OK 13 12 0.61117500000000002 0.482267 0.31179800000000002 0.278999 0.15962599999999999 0 0.33217600000000003 0.32264100000000001 0.31179800000000002 0.0097059999999999994 0.0095340000000000008 0.0087170000000000008 0.29302099999999998 0.28395800000000004 0.277584 0.0075119999999999996 0.008012 0.0057829999999999999 0.0010790000000000001 0.001109 0.00092999999999999995 20.576386907043048 20.576386907043048 20.576386907043048 0.01179578386687755 0.01179578386687755 0.01179578386687755 1 1 1 Converged Converged Converged OK OK OK 113 113 113 113 113 113 7 7 7 0 0 0 0 1 0 0 1
31 31 linear 0 15 310 2 0.001 0.51906488249977267 0.0074645426561083901 0.097612399068653377 -0.010680885394855497 -0.036413855166277619 -0.0047392611037200731 0.5 0.0085851353679322739 20.841637626070224 OK 13 12 0.59841999999999995 0.48034700000000002 0.30766500000000002 0.27357799999999999 0.16504199999999999 0 0.32484199999999996 0.31530500000000006 0.30766500000000002 0.0095720000000000006 0.0095739999999999992 0.0086759999999999997 0.28655400000000003 0.27831700000000015 0.27368300000000001 0.0074660000000000004 0.0064459999999999995 0.0055740000000000008 0.00097500000000000006 0.001075 0.00087300000000000008 20.842006360043655 20.842006360043655 20.842006360043655 0.012786310468952372 0.012786310468952372 0.012786310468952372 1 1 1 Converged Converged Converged OK OK OK 113 113 113 113 113 113 7 7 7 0 0 0 0 1 0 0 1
31 31 linear 0 23 310 3 0.001 0.51906488249977267 0.0074645426561083901 0.097612399068653377 -0.010680885394855497 -0.036413855166277619 0.0088415944188751788 0.5 -0.0049957201546629772 20.793813630054235 OK 13 12 0.58401599999999998 0.46411599999999997 0.30749399999999999 0.26249600000000001 0.14899999999999999 0 0.32151999999999997 0.31511599999999995 0.30749399999999999 0.0095080000000000008 0.0093819999999999997 0.0087209999999999996 0.28493699999999988 0.27955199999999997 0.27382099999999998 0.0063510000000000007 0.0064130000000000003 0.0055620000000000001 0.0009639999999999999 0.000941 0.00088800000000000001 20.794188877277538 20.794188877277538 20.794188877277538 0.01452644258099361 0.01452644258099361 0.01452644258099361 1 1 1 Converged Converged Converged OK OK OK 113 113 113 113 113 113 7 7 7 0 0 0 0 1 0 0 1
31 31 linear 0 0 310 0 0.0001 0.51906488249977267 0.0074645426561083901 0.097612399068653377 -0.010680885394855497 -0.036413855166277619 -0.030203365208586172 0.5 0.034049239472798372 20.082049942784458 OK 13 12 0.81469599999999998 0.79485799999999995 0.51580000000000004 0.285748 0.27905600000000003 0 0.52894799999999997 0.51580199999999987 0.51580000000000004 0.010840000000000001 0.010511 0.010092 0.45404199999999983 0.441247 0.44250899999999987 0.016286999999999999 0.016736999999999998 0.015955999999999998 0.0015150000000000001 0.0014250000000000001 0.001446 20.082185597828015 20.082185597828015 20.082185597828015 0.0019212929698976474 0.0019212929698976474 0.0019212929698976474 1 1 1 Converged Converged Converged OK OK OK 193 193 193 193 193 193 7 7 7 0 0 0 0 0 1 0 0
31 31 linear 0 7 310 1 0.0001 0.51906488249977267 0.0074645426561083901 0.097612399068653377 -0.010680885394855497 -0.036413855166277619 -0.018320116626315323 0.5 0.022165990890527523 20.575825389957227 OK 13 12 0.81241300000000005 0.684894 0.51222100000000004 0.27833400000000003 0.15975500000000001 0 0.53407899999999997 0.52513900000000002 0.51222100000000004 0.0095960000000000004 0.0095149999999999992 0.0089599999999999992 0.46534800000000015 0.45702300000000001 0.447797 0.017982999999999999 0.017861000000000002 0.016116999999999999 0.001663 0.0015570000000000002 0.0014909999999999999 20.576089771761843 20.576089771761843 20.576089771761843 0.0017866939332583777 0.0017866939332583777 0.0017866939332583777 1 1 1 Converged Converged Converged OK OK OK 201 201 201 201 201 201 7 7 7 0 0 0 0 1 0 0 1
31 31 linear 0 15 310 2 0.0001 0.51906488249977267 0.0074645426561083901 0.097612399068653377 -0.010680885394855497 -0.036413855166277619 -0.0047392611037200731 0.5 0.0085851353679322739 20.841637626070224 OK 13 12 0.79518500000000003 0.69032300000000002 0.50662300000000005 0.27321200000000001 0.16328899999999999 0 0.52197300000000002 0.527034 0.50662300000000005 0.0095029999999999993 0.0095689999999999994 0.00877 0.45881800000000011 0.46040099999999984 0.4460449999999998 0.016178999999999999 0.018207000000000001 0.015472 0.0014159999999999999 0.0015090000000000001 0.0013730000000000001 20.841683417992911 20.841683417992911 20.841683417992911 0.0014451720012604813 0.0014451720012604813 0.0014451720012604813 1 1 1 Converged Converged Converged OK OK OK 201 201 201 201 201 201 7 7 7 0 0 0 0 1 0 0 1
31 31 linear 0 23 310 3 0.0001 0.51906488249977267 0.0074645426561083901 0.097612399068653377 -0.010680885394855497 -0.036413855166277619 0.0088415944188751788 0.5 -0.0049957201546629772 20.793813630054235 OK 13 12 0.78452599999999995 0.69707600000000003 0.50379399999999996 0.26155600000000001 0.16381599999999999 0 0.52296999999999993 0.53326000000000007 0.50379399999999996 0.0096790000000000001 0.011053 0.0086510000000000007 0.46064999999999995 0.46410499999999982 0.44393299999999991 0.015859000000000002 0.019778999999999998 0.015153 0.0013969999999999998 0.001403 0.0014130000000000002 20.793837953034334 20.793837953034334 20.793837953034334 0.0013097715853301998 0.0013097715853301998 0.0013097715853301998 1 1 1 Converged Converged Converged OK OK OK 201 201 201 201 201 201 7 7 7 0 0 0 0 1 0 0 1
31 31 linear 1 0 311 0 0.001 0.51906488249977267 0.0074645426561083901 0.097612399068653377 1.3614092727312745 -0.23056397382722971 1.3418867929175438 0.5 -1.3380409186533315 1.2311754151355441 OK 12 11 0.41710399999999997 0.41268700000000003 0.14629300000000001 0.26629599999999998 0.26519999999999999 0 0.150808 0.14748700000000003 0.14629300000000001 0.0095230000000000002 0.0095750000000000002 0.0092440000000000005 0.11707600000000001 0.114041 0.11352400000000001 0.003284 0.003424 0.0033100000000000004 0.00062300000000000007 0.00067299999999999999 0.00066500000000000001 1.231172754436465 1.231172754436465 1.231172754436465 0.00078777439210347868 0.00078777439210347868 0.00078777439210347868 1 1 1 Converged Converged Converged OK OK OK 73 73 73 73 73 73 7 7 7 0 0 0 0 0 1 0 0
31 31 linear 1 7 311 1 0.001 0.51906488249977267 0.0074645426561083901 0.097612399068653377 1.3614092727312745 -0.23056397382722971 1.3537700414998146 0.5 -1.3499241672356024 1.2298544166969085 OK 12 11 0.42692799999999997 0.32942500000000002 0.137626 0.28494599999999998 0.178706 0 0.141982 0.15071900000000002 0.137626 0.0085220000000000001 0.0086580000000000008 0.0080070000000000002 0.11419199999999999 0.122864 0.11071000000000002 0.0032619999999999997 0.0033759999999999997 0.0032950000000000002 0.00065699999999999992 0.00067400000000000001 0.00067400000000000012 1.2298518977372517 1.2298518977372517 1.2298518977372517 0.0009585855394298122 0.0009585855394298122 0.0009585855394298122 1 1 1 Converged Converged Converged OK OK OK 73 73 73 73 73 73 7 7 7 0 0 0 0 1 0 0 1
31 31 linear 1 15 311 2 0.001 0.51906488249977267 0.0074645426561083901 0.097612399068653377 1.3614092727312745 -0.23056397382722971 1.36735089702241 0.5 -1.3635050227581977 1.2269016788837503 OK 12 11 0.46556399999999998 0.341389 0.16250500000000001 0.29726900000000001 0.17038700000000001 0 0.16829499999999997 0.17100199999999999 0.16250500000000001 0.0087060000000000002 0.0085550000000000001 0.0079679999999999994 0.137187 0.13943999999999995 0.132797 0.0037409999999999995 0.0041479999999999998 0.0037390000000000001 0.00083000000000000001 0.00085399999999999994 0.0007980000000000001 1.2269023050608456 1.2269023050608456 1.2269023050608456 0.00015101120316391548 0.00015101120316391548 0.00015101120316391548 1 1 1 Converged Converged Converged OK OK OK 81 81 81 81 81 81 7 7 7 0 0 0 0 1 0 0 1
31 31 linear 1 23 311 3 0.001 0.51906488249977267 0.0074645426561083901 0.097612399068653377 1.3614092727312745 -0.23056397382722971 1.3809317525450053 0.5 -1.3770858782807931 1.2225477328720615 OK 12 11 0.41871799999999998 0.31789800000000001 0.16306100000000001 0.24934100000000001 0.13653100000000001 0 0.16937699999999997 0.181367 0.16306100000000001 0.0086280000000000003 0.0086870000000000003 0.0079740000000000002 0.138875 0.15106200000000006 0.13466000000000003 0.0042139999999999999 0.0042090000000000001 0.0036550000000000003 0.00088199999999999997 0.00083499999999999991 0.00081799999999999993 1.222548195456636 1.222548195456636 1.222548195456636 0.00012113187470118415 0.00012113187470118415 0.00012113187470118415 1 1 1 Converged Converged Converged OK OK OK 81 81 81 81 81 81 7 7 7 0 0 0 0 1 0 0 1
31 31 linear 1 0 311 0 0.0001 0.51906488249977267 0.0074645426561083901 0.097612399068653377 1.3614092727312745 -0.23056397382722971 1.3418867929175438 0.5 -1.3380409186533315 1.2311754151355441 OK 12 11 0.45064100000000001 0.44800600000000002 0.18410099999999999 0.26215300000000002 0.26127099999999998 0 0.18848799999999999 0.18673500000000004 0.18410099999999999 0.0095820000000000002 0.0096419999999999995 0.0092829999999999996 0.14733400000000002 0.14494800000000005 0.14357200000000006 0.0044590000000000003 0.0046600000000000001 0.0048249999999999994 0.00117 0.0012589999999999999 0.001119 1.2311759712567876 1.2311759712567876 1.2311759712567876 7.0207313119052578e-05 7.0207313119052578e-05 7.0207313119052578e-05 1 1 1 Converged Converged Converged OK OK OK 89 89 89 89 89 89 7 7 7 0 0 0 0 0 1 0 0
31 31 linear 1 7 311 1 0.0001 0.51906488249977267 0.0074645426561083901 0.097612399068653377 1.3614092727312745 -0.23056397382722971 1.3537700414998146 0.5 -1.3499241672356024 1.2298544166969085 OK 12 11 0.46654600000000002 0.36895699999999998 0.17441400000000001 0.289331 0.18293200000000001 0 0.17721500000000001 0.18602499999999997 0.17441400000000001 0.0085769999999999996 0.0086079999999999993 0.0079640000000000006 0.14435699999999993 0.15321299999999996 0.14294800000000002 0.0042989999999999999 0.0044170000000000008 0.0041830000000000001 0.001044 0.0010560000000000001 0.00091200000000000005 1.2298545225056541 1.2298545225056541 1.2298545225056541 6.2390579982542899e-05 6.2390579982542899e-05 6.2390579982542899e-05 1 1 1 Converged Converged Converged OK OK OK 89 89 89 89 89 89 7 7 7 0 0 0 0 1 0 0 1
31 31 linear 1 15 311 2 0.0001 0.51906488249977267 0.0074645426561083901 0.097612399068653377 1.3614092727312745 -0.23056397382722971 1.36735089702241 0.5 -1.3635050227581977 1.2269016788837503 OK 12 11 0.47670699999999999 0.352744 0.17103399999999999 0.29631800000000003 0.17344799999999999 0 0.18038899999999997 0.17929600000000001 0.17103399999999999 0.0087489999999999998 0.0087189999999999993 0.0079740000000000002 0.14610399999999996 0.14678799999999995 0.13996099999999997 0.0050029999999999996 0.0043959999999999997 0.0040480000000000004 0.001008 0.0010670000000000002 0.0009059999999999999 1.2269023644393311 1.2269023644393311 1.2269023644393311 7.1634013618459305e-05 7.1634013618459305e-05 7.1634013618459305e-05 1 1 1 Converged Converged Converged OK OK OK 89 89 89 89 89 89 7 7 7 0 0 0 0 1 0 0 1
31 31 linear 1 23 311 3 0.0001 0.51906488249977267 0.0074645426561083901 0.097612399068653377 1.3614092727312745 -0.23056397382722971 1.3809317525450053 0.5 -1.3770858782807931 1.2225477328720615 OK 12 11 0.42366199999999998 0.31406699999999999 0.16304399999999999 0.25281100000000001 0.137183 0 0.17085099999999998 0.17688399999999999 0.16304399999999999 0.0086689999999999996 0.0086199999999999992 0.0079539999999999993 0.14008799999999999 0.14705399999999996 0.13452099999999997 0.0041310000000000001 0.003908 0.0037819999999999998 0.00082799999999999996 0.00087399999999999999 0.00082699999999999994 1.222548195456636 1.222548195456636 1.222548195456636 0.00012113187470118415 0.00012113187470118415 0.00012113187470118415 1 1 1 Converged Converged Converged OK OK OK 81 81 81 81 81 81 7 7 7 0 0 0 0 1 0 0 1
31 31 linear 2 0 312 0 0.001 0.51906488249977267 0.0074645426561083901 0.097612399068653377 1.4649737849593085 -0.32328683382541484 1.445451305145578 0.5 -1.4416054308813657 1.221017191628782 OK 12 11 0.34703400000000001 0.35556300000000002 0.093314999999999995 0.24926999999999999 0.26088600000000001 0 0.097764000000000018 0.094677000000000011 0.093314999999999995 0.0072139999999999999 0.0069680000000000002 0.006613 0.069739000000000009 0.067765000000000006 0.067174000000000011 0.0032189999999999996 0.0029519999999999998 0.0029040000000000003 0.00061600000000000001 0.00059000000000000003 0.00058500000000000002 1.2210206017724117 1.2210206017724117 1.2210206017724117 0.00096585854463692236 0.00096585854463692236 0.00096585854463692236 1 1 1 Converged Converged Converged OK OK OK 66 66 66 66 66 66 6 6 6 0 0 0 0 0 1 0 0
31 31 linear 2 7 312 1 0.001 0.51906488249977267 0.0074645426561083901 0.097612399068653377 1.4649737849593085 -0.32328683382541484 1.4573345537278486 0.5 -1.4534886794636364 1.2101357009848279 OK 12 11 0.35840899999999998 0.2306 0.095573000000000005 0.25745200000000001 0.12350899999999999 0 0.10095699999999996 0.10709100000000001 0.095573000000000005 0.0061720000000000004 0.0060549999999999996 0.0055820000000000002 0.074327000000000004 0.081623999999999947 0.071290999999999993 0.0036690000000000004 0.003287 0.0032699999999999995 0.00078199999999999993 0.000825 0.0007490000000000001 1.2101398336663647 1.2101398336663647 1.2101398336663647 0.00059529541734614053 0.00059529541734614053 0.00059529541734614053 1 1 1 Converged Converged Converged OK OK OK 74 74 74 74 74 74 6 6 6 0 0 0 0 1 0 0 1
31 31 linear 2 15 312 2 0.001 0.51906488249977267 0.0074645426561083901 0.097612399068653377 1.4649737849593085 -0.32328683382541484 1.470915409250444 0.5 -1.4670695349862317 1.1954853763543132 OK 12 11 0.36369600000000002 0.24406600000000001 0.098127000000000006 0.26108399999999998 0.13150700000000001 0 0.10261200000000004 0.11255899999999999 0.098127000000000006 0.0060829999999999999 0.0060350000000000004 0.0055519999999999996 0.07750799999999998 0.08815400000000001 0.075074000000000002 0.0035990000000000002 0.0033569999999999997 0.0031690000000000004 0.00080900000000000004 0.00083399999999999989 0.00077400000000000006 1.1954792657039717 1.1954792657039717 1.1954792657039717 0.00057351217564621478 0.00057351217564621478 0.00057351217564621478 1 1 1 Converged Converged Converged OK OK OK 74 74 74 74 74 74 6 6 6 0 0 0 0 1 0 0 1
31 31 linear 2 23 312 3 0.001 0.51906488249977267 0.0074645426561083901 0.097612399068653377 1.4649737849593085 -0.32328683382541484 1.4844962647730391 0.5 -1.4806503905088269 1.1769825572185701 OK 13 12 0.36018699999999998 0.25502900000000001 0.099293000000000006 0.25566100000000003 0.14294599999999999 0 0.10452599999999995 0.11208300000000002 0.099293000000000006 0.0090229999999999998 0.0088850000000000005 0.0081329999999999996 0.076118000000000033 0.08390199999999999 0.073406999999999986 0.0033790000000000001 0.0034120000000000001 0.0031079999999999997 0.00076900000000000004 0.00072100000000000007 0.00066299999999999996 1.1769977475597655 1.1769977475597655 1.1769977475597655 0.0011145288933499089 0.0011145288933499089 0.0011145288933499089 1 1 1 Converged Converged Converged OK OK OK 67 67 67 67 67 67 5 5 5 0 0 0 0 1 0 0 1
31 31 linear 2 0 312 0 0.0001 0.51906488249977267 0.0074645426561083901 0.097612399068653377 1.4649737849593085 -0.32328683382541484 1.445451305145578 0.5 -1.4416054308813657 1.221017191628782 OK 12 11 0.36575299999999999 0.37548799999999999 0.11311 0.24923899999999999 0.260799 0 0.11651400000000001 0.11468899999999999 0.11311 0.0071770000000000002 0.0071879999999999999 0.006731 0.083561000000000052 0.081498000000000029 0.080563999999999983 0.0037070000000000002 0.0037589999999999998 0.0038350000000000003 0.00091800000000000009 0.000968 0.00088699999999999998 1.2210179445966274 1.2210179445966274 1.2210179445966274 7.7588745329015496e-05 7.7588745329015496e-05 7.7588745329015496e-05 1 1 1 Converged Converged Converged OK OK OK 82 82 82 82 82 82 6 6 6 0 0 0 0 0 1 0 0
31 31 linear 2 7 312 1 0.0001 0.51906488249977267 0.0074645426561083901 0.097612399068653377 1.4649737849593085 -0.32328683382541484 1.4573345537278486 0.5 -1.4534886794636364 1.2101357009848279 OK 12 11 0.37315700000000002 0.248441 0.113646 0.25469000000000003 0.12303699999999999 0 0.11846699999999999 0.12540400000000002 0.113646 0.0062040000000000003 0.0061219999999999998 0.0057060000000000001 0.088462000000000027 0.095661000000000024 0.085182999999999995 0.0044150000000000005 0.0042369999999999994 0.0042490000000000002 0.001072 0.0011389999999999998 0.00098900000000000008 1.2101361793655994 1.2101361793655994 1.2101361793655994 9.5373785756029564e-06 9.5373785756029564e-06 9.5373785756029564e-06 1 1 1 Converged Converged Converged OK OK OK 90 90 90 90 90 90 6 6 6 0 0 0 0 1 0 0 1
31 31 linear 2 15 312 2 0.0001 0.51906488249977267 0.0074645426561083901 0.097612399068653377 1.4649737849593085 -0.32328683382541484 1.470915409250444 0.5 -1.4670695349862317 1.1954853763543132 OK 12 11 0.379604 0.265567 0.115781 0.25947500000000001 0.13589999999999999 0 0.12012899999999999 0.129667 0.115781 0.0060309999999999999 0.006032 0.0055579999999999996 0.091802999999999968 0.10196599999999996 0.089194999999999983 0.0041850000000000004 0.0041380000000000002 0.0040119999999999999 0.0010250000000000001 0.0010349999999999999 0.0010819999999999998 1.1954856725738328 1.1954856725738328 1.1954856725738328 1.336721252960605e-05 1.336721252960605e-05 1.336721252960605e-05 1 1 1 Converged Converged Converged OK OK OK 90 90 90 90 90 90 6 6 6 0 0 0 0 1 0 0 1
31 31 linear 2 23 312 3 0.0001 0.51906488249977267 0.0074645426561083901 0.097612399068653377 1.4649737849593085 -0.32328683382541484 1.4844962647730391 0.5 -1.4806503905088269 1.1769825572185701 OK 13 12 0.37895699999999999 0.26999600000000001 0.11586200000000001 0.25846799999999998 0.14235700000000001 0 0.12048900000000001 0.127639 0.11586200000000001 0.0090830000000000008 0.008744 0.0083090000000000004 0.088614000000000026 0.097089999999999982 0.086151999999999992 0.0040759999999999998 0.0038510000000000003 0.0037699999999999999 0.0010460000000000001 0.00096799999999999989 0.00099100000000000013 1.1769819287853491 1.1769819287853491 1.1769819287853491 4.5456126389480092e-05 4.5456126389480092e-05 4.5456126389480092e-05 1 1 1 Converged Converged Converged OK OK OK 83 83 83 83 83 83 5 5 5 0 0 0 0 1 0 0 1
31 31 linear 3 0 313 0 0.001 0.51906488249977267 0.0074645426561083901 0.097612399068653377 0.10391333987971781 0.11135640994340626 0.084390860065987131 0.5 -0.080544985801774924 7.8198296598530774 OK 12 11 0.4022 0.402584 0.13800200000000001 0.25847799999999999 0.26225500000000002 0 0.14372200000000002 0.14032899999999998 0.13800200000000001 0.010229 0.010134000000000001 0.0098549999999999992 0.10108200000000002 0.098201999999999956 0.097429999999999975 0.005496 0.005195 0.0048320000000000004 0.0012409999999999999 0.0014059999999999999 0.0011880000000000003 7.8198291982905905 7.8198291982905905 7.8198291982905905 0.0041184654292368292 0.0041184654292368292 0.0041184654292368292 1 1 1 Converged Converged Converged OK OK OK 97 97 97 97 97 97 7 7 7 0 0 0 0 0 1 0 0
31 31 linear 3 7 313 1 0.001 0.51906488249977267 0.0074645426561083901 0.097612399068653377 0.10391333987971781 0.11135640994340626 0.096274108648257972 0.5 -0.092428234384045765 7.364702910211232 OK 11 10 0.36678500000000003 0.25962299999999999 0.104547 0.25917200000000001 0.141094 0 0.10761300000000001 0.118529 0.104547 0.0085109999999999995 0.0086730000000000002 0.0079559999999999995 0.081885000000000013 0.091718999999999981 0.07942600000000001 0.0034140000000000004 0.0037239999999999999 0.0034740000000000001 0.00087299999999999997 0.00087199999999999995 0.00085199999999999989 7.364698699709562 7.364698699709562 7.364698699709562 0.0040176222082883174 0.0040176222082883174 0.0040176222082883174 1 1 1 Converged Converged Converged OK OK OK 82 82 82 82 82 82 6 6 6 0 0 0 0 1 0 0 1
31 31 linear 3 15 313 2 0.001 0.51906488249977267 0.0074645426561083901 0.097612399068653377 0.10391333987971781 0.11135640994340626 0.10985496417085323 0.5 -0.10600908990664103 6.8760013358242462 OK 11 10 0.362288 0.25527100000000003 0.10147200000000001 0.25641799999999998 0.14110600000000001 0 0.10587000000000002 0.11416500000000002 0.10147200000000001 0.0084600000000000005 0.0085970000000000005 0.0078059999999999996 0.07994399999999996 0.087753999999999971 0.077027000000000012 0.0034140000000000004 0.003702 0.0032760000000000003 0.00082699999999999983 0.00088999999999999995 0.00078899999999999999 6.8759951005702318 6.8759951005702318 6.8759951005702318 0.0040545638289043121 0.0040545638289043121 0.0040545638289043121 1 1 1 Converged Converged Converged OK OK OK 82 82 82 82 82 82 6 6 6 0 0 0 0 1 0 0 1
31 31 linear 3 23 313 3 0.001 0.51906488249977267 0.0074645426561083901 0.097612399068653377 0.10391333987971781 0.11135640994340626 0.12343581969344848 0.5 -0.11958994542923627 6.4259501437832256 OK 11 10 0.37530799999999997 0.27162799999999998 0.113313 0.25580000000000003 0.13903099999999999 0 0.11950799999999995 0.13259699999999999 0.113313 0.0085349999999999992 0.0083940000000000004 0.0078209999999999998 0.090548999999999963 0.10434999999999994 0.086949999999999986 0.0042430000000000002 0.0041010000000000005 0.0036179999999999997 0.001273 0.0012959999999999998 0.0011620000000000001 6.4259464891630573 6.4259464891630573 6.4259464891630573 0.00085507248201233826 0.00085507248201233826 0.00085507248201233826 1 1 1 Converged Converged Converged OK OK OK 90 90 90 90 90 90 6 6 6 0 0 0 0 1 0 0 1
31 31 linear 3 0 313 0 0.0001 0.51906488249977267 0.0074645426561083901 0.097612399068653377 0.10391333987971781 0.11135640994340626 0.084390860065987131 0.5 -0.080544985801774924 7.8198296598530774 OK 12 11 0.44358500000000001 0.43872 0.17863699999999999 0.260328 0.255218 0 0.183257 0.183502 0.17863699999999999 0.0099970000000000007 0.010108000000000001 0.0099509999999999998 0.13050500000000009 0.128248 0.12572199999999997 0.0071199999999999996 0.0085630000000000012 0.0072969999999999997 0.001521 0.0018310000000000004 0.0014959999999999997 7.8198298650601297 7.8198298650601297 7.8198298650601297 0.00041424532619014915 0.00041424532619014915 0.00041424532619014915 1 1 1 Converged Converged Converged OK OK OK 137 137 137 137 137 137 7 7 7 0 0 0 0 0 1 0 0
31 31 linear 3 7 313 1 0.0001 0.51906488249977267 0.0074645426561083901 0.097612399068653377 0.10391333987971781 0.11135640994340626 0.096274108648257972 0.5 -0.092428234384045765 7.364702910211232 OK 11 10 0.405445 0.31134699999999998 0.14460400000000001 0.25390600000000002 0.14263300000000001 0 0.15153899999999998 0.16871399999999998 0.14460400000000001 0.0088129999999999997 0.0086960000000000006 0.0079480000000000002 0.11535399999999993 0.13294200000000003 0.11075400000000001 0.0072369999999999986 0.0065280000000000008 0.006051 0.0012210000000000001 0.001271 0.0011640000000000001 7.3647012243057466 7.3647012243057466 7.3647012243057466 0.00032117670519268534 0.00032117670519268534 0.00032117670519268534 1 1 1 Converged Converged Converged OK OK OK 122 122 122 122 122 122 6 6 6 0 0 0 0 1 0 0 1
31 31 linear 3 15 313 2 0.0001 0.51906488249977267 0.0074645426561083901 0.097612399068653377 0.10391333987971781 0.11135640994340626 0.10985496417085323 0.5 -0.10600908990664103 6.8760013358242462 OK 11 10 0.40481 0.31552799999999998 0.14846500000000001 0.25458799999999998 0.14668 0 0.15022200000000002 0.16884799999999997 0.14846500000000001 0.008652 0.0084749999999999999 0.0090010000000000003 0.11465899999999998 0.13381199999999996 0.11331599999999997 0.0066910000000000008 0.0064180000000000001 0.0061449999999999994 0.001155 0.001207 0.0011320000000000002 6.8759982617396753 6.8759982617396753 6.8759982617396753 0.0004740201509428637 0.0004740201509428637 0.0004740201509428637 1 1 1 Converged Converged Converged OK OK OK 122 122 122 122 122 122 6 6 6 0 0 0 0 1 0 0 1
31 31 linear 3 23 313 3 0.0001 0.51906488249977267 0.0074645426561083901 0.097612399068653377 0.10391333987971781 0.11135640994340626 0.12343581969344848 0.5 -0.11958994542923627 6.4259501437832256 OK 11 10 0.38248399999999999 0.27998800000000001 0.123623 0.25067400000000001 0.13963900000000001 0 0.13180999999999998 0.140349 0.123623 0.0083020000000000004 0.0083300000000000006 0.0078949999999999992 0.10224400000000002 0.10797099999999997 0.095464999999999925 0.0040379999999999999 0.0073360000000000005 0.003888 0.0013419999999999999 0.001237 0.001261 6.4259466378265042 6.4259466378265042 6.4259466378265042 0.00040684606861267087 0.00040684606861267087 0.00040684606861267087 1 1 1 Converged Converged Converged OK OK OK 98 98 98 98 98 98 6 6 6 0 0 0 0 1 0 0 1
31 31 linear 4 0 314 0 0.001 0.51906488249977267 0.0074645426561083901 0.097612399068653377 1.2869245924219661 0.43890310880615691 1.2674021126082353 0.5 -1.2635562383440231 1.1987155196850163 OK 12 11 0.32722499999999999 0.323768 0.080060999999999993 0.245481 0.244314 0 0.081743999999999983 0.079453999999999997 0.080060999999999993 0.0089200000000000008 0.0089009999999999992 0.0086560000000000005 0.053999000000000026 0.052389000000000005 0.052569999999999992 0.0029150000000000001 0.0028 0.0029239999999999999 0.00059500000000000004 0.00057200000000000003 0.00056800000000000004 1.1987129255693465 1.1987129255693465 1.1987129255693465 0.00056508238073040126 0.00056508238073040126 0.00056508238073040126 1 1 1 Converged Converged Converged OK OK OK 53 53 53 53 53 53 3 3 3 0 0 0 0 0 1 0 0
31 31 linear 4 7 314 1 0.001 0.51906488249977267 0.0074645426561083901 0.097612399068653377 1.2869245924219661 0.43890310880615691 1.2792853611905062 0.5 -1.2754394869262939 1.1956685253120376 OK 12 11 0.32694299999999998 0.219974 0.077736 0.24637600000000001 0.12957199999999999 0 0.080566999999999972 0.09040200000000001 0.077736 0.0081419999999999999 0.0082150000000000001 0.0075940000000000001 0.055764000000000001 0.065386999999999987 0.053950999999999985 0.0028440000000000002 0.003029 0.0028170000000000001 0.00058 0.00059699999999999998 0.00054900000000000001 1.1956657684925425 1.1956657684925425 1.1956657684925425 0.00059774763023463448 0.00059774763023463448 0.00059774763023463448 1 1 1 Converged Converged Converged OK OK OK 53 53 53 53 53 53 3 3 3 0 0 0 0 1 0 0 1
31 31 linear 4 15 314 2 0.001 0.51906488249977267 0.0074645426561083901 0.097612399068653377 1.2869245924219661 0.43890310880615691 1.2928662167131015 0.5 -1.2890203424488893 1.1922778487082248 OK 12 11 0.32635900000000001 0.22542799999999999 0.077779000000000001 0.24476800000000001 0.128077 0 0.081590999999999997 0.097350999999999993 0.077779000000000001 0.0081469999999999997 0.0082740000000000001 0.0076049999999999998 0.056292000000000009 0.071596000000000007 0.054042000000000021 0.0030679999999999995 0.003238 0.0028340000000000001 0.00057699999999999993 0.00061300000000000005 0.00054999999999999992 1.1922748138997388 1.1922748138997388 1.1922748138997388 0.00063811688957381325 0.00063811688957381325 0.00063811688957381325 1 1 1 Converged Converged Converged OK OK OK 53 53 53 53 53 53 3 3 3 0 0 0 0 1 0 0 1
31 31 linear 4 23 314 3 0.001 0.51906488249977267 0.0074645426561083901 0.097612399068653377 1.2869245924219661 0.43890310880615691 1.3064470722356969 0.5 -1.3026011979714847 1.1889675632682584 OK 12 11 0.32988899999999999 0.21895000000000001 0.075935000000000002 0.25102799999999997 0.13214400000000001 0 0.078861000000000014 0.086805999999999994 0.075935000000000002 0.0081259999999999995 0.0082850000000000007 0.0076569999999999997 0.054283000000000019 0.06106799999999999 0.052178999999999982 0.0027439999999999999 0.0034279999999999996 0.0027730000000000003 0.00058299999999999997 0.00060600000000000009 0.000562 1.1889643244510346 1.1889643244510346 1.1889643244510346 0.00068088546653722161 0.00068088546653722161 0.00068088546653722161 1 1 1 Converged Converged Converged OK OK OK 53 53 53 53 53 53 3 3 3 0 0 0 0 1 0 0 1
31 31 linear 4 0 314 0 0.0001 0.51906488249977267 0.0074645426561083901 0.097612399068653377 1.2869245924219661 0.43890310880615691 1.2674021126082353 0.5 -1.2635562383440231 1.1987155196850163 OK 12 11 0.36385699999999999 0.35633399999999998 0.11308799999999999 0.247029 0.24257100000000001 0 0.11682799999999999 0.11376299999999998 0.11308799999999999 0.0090969999999999992 0.0089169999999999996 0.0086639999999999998 0.079562999999999995 0.076575999999999991 0.076685000000000003 0.0045309999999999994 0.004156 0.0042830000000000003 0.00082599999999999991 0.00083000000000000001 0.00081800000000000004 1.1987148759205815 1.1987148759205815 1.1987148759205815 3.9041329629354788e-06 3.9041329629354788e-06 3.9041329629354788e-06 1 1 1 Converged Converged Converged OK OK OK 77 77 77 77 77 77 3 3 3 0 0 0 0 0 1 0 0
31 31 linear 4 7 314 1 0.0001 0.51906488249977267 0.0074645426561083901 0.097612399068653377 1.2869245924219661 0.43890310880615691 1.2792853611905062 0.5 -1.2754394869262939 1.1956685253120376 OK 12 11 0.35908800000000002 0.25484099999999998 0.11043799999999999 0.24399199999999999 0.12592100000000001 0 0.11509600000000003 0.12891999999999998 0.11043799999999999 0.0083110000000000007 0.0081320000000000003 0.0075560000000000002 0.082440000000000055 0.096793000000000004 0.079174000000000008 0.0044349999999999997 0.0041139999999999996 0.0041770000000000002 0.00083600000000000005 0.000794 0.00078899999999999999 1.1956678967723358 1.1956678967723358 1.1956678967723358 4.2600286237018236e-06 4.2600286237018236e-06 4.2600286237018236e-06 1 1 1 Converged Converged Converged OK OK OK 77 77 77 77 77 77 3 3 3 0 0 0 0 1 0 0 1
31 31 linear 4 15 314 2 0.0001 0.51906488249977267 0.0074645426561083901 0.097612399068653377 1.2869245924219661 0.43890310880615691 1.2928662167131015 0.5 -1.2890203424488893 1.1922778487082248 OK 12 11 0.35910900000000001 0.26146200000000003 0.107889 0.244947 0.12972400000000001 0 0.11416200000000001 0.13173800000000002 0.107889 0.0082839999999999997 0.0082839999999999997 0.0076769999999999998 0.081032000000000048 0.099148 0.076614000000000002 0.0045719999999999997 0.0041650000000000003 0.0043339999999999993 0.00081299999999999992 0.00080200000000000009 0.00078700000000000016 1.1922771629348314 1.1922771629348314 1.1922771629348314 4.701587324941169e-06 4.701587324941169e-06 4.701587324941169e-06 1 1 1 Converged Converged Converged OK OK OK 77 77 77 77 77 77 3 3 3 0 0 0 0 1 0 0 1
31 31 linear 4 23 314 3 0.0001 0.51906488249977267 0.0074645426561083901 0.097612399068653377 1.2869245924219661 0.43890310880615691 1.3064470722356969 0.5 -1.3026011979714847 1.1889675632682584 OK 12 11 0.36293900000000001 0.25667000000000001 0.107805 0.25166300000000003 0.13036 0 0.11127599999999999 0.12631000000000001 0.107805 0.0081080000000000006 0.0082710000000000006 0.0076870000000000003 0.079004000000000019 0.093856999999999996 0.076642999999999975 0.0040359999999999997 0.0043500000000000006 0.0041359999999999999 0.00079699999999999997 0.00081400000000000005 0.00078399999999999997 1.188966910050326 1.188966910050326 1.188966910050326 5.1747626375055159e-06 5.1747626375055159e-06 5.1747626375055159e-06 1 1 1 Converged Converged Converged OK OK OK 77 77 77 77 77 77 3 3 3 0 0 0 0 1 0 0 1
31 31 uniform 0 0 315 0 0.001 0.51906488249977267 0.0074645426561083901 0.097612399068653377 -0.010680885394855497 -0.036413855166277619 -0.030203365208586172 0 0.034049239472798372 19.254250616260173 OK 13 12 0.47590700000000002 0.47446700000000003 0.19777 0.27376099999999998 0.27546599999999999 0 0.20214600000000005 0.19900100000000004 0.19777 0.010045999999999999 0.010604000000000001 0.0099830000000000006 0.16054999999999997 0.15574899999999997 0.15492999999999985 0.0053080000000000002 0.0056500000000000005 0.0058570000000000002 0.0007890000000000001 0.00083700000000000007 0.00078599999999999991 19.25477522397702 19.25477522397702 19.25477522397702 0.014727182445435118 0.014727182445435118 0.014727182445435118 1 1 1 Converged Converged Converged OK OK OK 113 113 113 113 113 113 7 7 7 0 0 0 0 0 1 0 0
31 31 uniform 0 7 315 1 0.001 0.51906488249977267 0.0074645426561083901 0.097612399068653377 -0.010680885394855497 -0.036413855166277619 -0.018320116626315323 0 0.022165990890527523 19.590661655158872 OK 13 12 0.46582800000000002 0.35681400000000002 0.18954699999999999 0.27440599999999998 0.158439 0 0.19142200000000004 0.19837500000000002 0.18954699999999999 0.0093519999999999992 0.0093959999999999998 0.008829 0.15640300000000004 0.16342500000000001 0.15612499999999996 0.0056270000000000001 0.0056430000000000004 0.0054359999999999999 0.000803 0.00079900000000000001 0.00077399999999999995 19.591228284828045 19.591228284828045 19.591228284828045 0.015787944934095782 0.015787944934095782 0.015787944934095782 1 1 1 Converged Converged Converged OK OK OK 113 113 113 113 113 113 7 7 7 0 0 0 0 1 0 0 1
31 31 uniform 0 15 315 2 0.001 0.51906488249977267 0.0074645426561083901 0.097612399068653377 -0.010680885394855497 -0.036413855166277619 -0.0047392611037200731 0 0.0085851353679322739 19.768990643859929 OK 13 12 0.45839299999999999 0.35277399999999998 0.184921 0.27078200000000002 0.16272900000000001 0 0.18761099999999997 0.19004499999999996 0.184921 0.0093749999999999997 0.0095779999999999997 0.0086619999999999996 0.152947 0.15505000000000016 0.151949 0.0052430000000000003 0.0056100000000000004 0.0053080000000000002 0.00077999999999999999 0.00079499999999999992 0.00077500000000000008 19.769600620530696 19.769600620530696 19.769600620530696 0.017098163017655998 0.017098163017655998 0.017098163017655998 1 1 1 Converged Converged Converged OK OK OK 113 113 113 113 113 113 7 7 7 0 0 0 0 1 0 0 1
31 31 uniform 0 23 315 3 0.001 0.51906488249977267 0.0074645426561083901 0.097612399068653377 -0.010680885394855497 -0.036413855166277619 0.0088415944188751788 0 -0.0049957201546629772 19.736353089988071 OK 13 12 0.45016899999999999 0.33949600000000002 0.182839 0.26463799999999998 0.15246199999999999 0 0.185531 0.18703400000000003 0.182839 0.0093410000000000003 0.0095670000000000009 0.0086400000000000001 0.15129799999999999 0.15218799999999999 0.15020900000000004 0.005306 0.0055199999999999997 0.0051359999999999999 0.00079000000000000001 0.00080000000000000004 0.00077400000000000006 19.73700238825479 19.73700238825479 19.73700238825479 0.018486041745938268 0.018486041745938268 0.018486041745938268 1 1 1 Converged Converged Converged OK OK OK 113 113 113 113 113 113 7 7 7 0 0 0 0 1 0 0 1
31 31 uniform 0 0 315 0 0.0001 0.51906488249977267 0.0074645426561083901 0.097612399068653377 -0.010680885394855497 -0.036413855166277619 -0.030203365208586172 0 0.034049239472798372 19.254250616260173 OK 13 12 0.60946999999999996 0.60297500000000004 0.32400899999999999 0.27448299999999998 0.27727400000000002 0 0.33498699999999998 0.32570100000000002 0.32400899999999999 0.010491 0.010217 0.0097450000000000002 0.25785899999999995 0.25157799999999991 0.2509920000000001 0.017392000000000001 0.015752000000000002 0.015800000000000002 0.0014259999999999998 0.0013080000000000001 0.001232 19.254248667890529 19.254248667890529 19.254248667890529 0.0013995209700585578 0.0013995209700585578 0.0013995209700585578 1 1 1 Converged Converged Converged OK OK OK 201 201 201 201 201 201 7 7 7 0 0 0 0 0 1 0 0
31 31 uniform 0 7 315 1 0.0001 0.51906488249977267 0.0074645426561083901 0.097612399068653377 -0.010680885394855497 -0.036413855166277619 -0.018320116626315323 0 0.022165990890527523 19.590661655158872 OK 13 12 0.60214999999999996 0.47644799999999998 0.309749 0.282134 0.15953100000000001 0 0.32001599999999997 0.316917 0.309749 0.0095899999999999996 0.0096799999999999994 0.0086779999999999999 0.26031599999999994 0.25686200000000003 0.25235299999999999 0.015129999999999999 0.015354000000000001 0.01482 0.00124 0.0012600000000000001 0.001224 19.59065804792872 19.59065804792872 19.59065804792872 0.0010837882115609832 0.0010837882115609832 0.0010837882115609832 1 1 1 Converged Converged Converged OK OK OK 201 201 201 201 201 201 7 7 7 0 0 0 0 1 0 0 1
31 31 uniform 0 15 315 2 0.0001 0.51906488249977267 0.0074645426561083901 0.097612399068653377 -0.010680885394855497 -0.036413855166277619 -0.0047392611037200731 0 0.0085851353679322739 19.768990643859929 OK 13 12 0.60538000000000003 0.47170800000000002 0.30370900000000001 0.28161199999999997 0.16340499999999999 0 0.32376800000000006 0.30830299999999999 0.30370900000000001 0.010782999999999999 0.0094479999999999998 0.0087039999999999999 0.26043599999999989 0.24857400000000004 0.24692300000000003 0.016140000000000002 0.015285999999999999 0.014594000000000001 0.0012729999999999998 0.0012829999999999999 0.0011619999999999998 19.768984118419095 19.768984118419095 19.768984118419095 0.00084607237634006904 0.00084607237634006904 0.00084607237634006904 1 1 1 Converged Converged Converged OK OK OK 201 201 201 201 201 201 7 7 7 0 0 0 0 1 0 0 1
31 31 uniform 0 23 315 3 0.0001 0.51906488249977267 0.0074645426561083901 0.097612399068653377 -0.010680885394855497 -0.036413855166277619 0.0088415944188751788 0 -0.0049957201546629772 19.736353089988071 OK 13 12 0.57519900000000002 0.45985599999999999 0.30213200000000001 0.26151999999999997 0.14987200000000001 0 0.31367900000000004 0.30998399999999998 0.30213200000000001 0.0094940000000000007 0.0092829999999999996 0.0085500000000000003 0.252863 0.25159999999999999 0.24580299999999997 0.016293999999999999 0.015014000000000001 0.014405999999999999 0.0013000000000000002 0.0012120000000000002 0.001212 19.736342540988296 19.736342540988296 19.736342540988296 0.00072080619874379339 0.00072080619874379339 0.00072080619874379339 1 1 1 Converged Converged Converged OK OK OK 201 201 201 201 201 201 7 7 7 0 0 0 0 1 0 0 1
31 31 uniform 1 0 316 0 0.001 0.51906488249977267 0.0074645426561083901 0.097612399068653377 1.3614092727312745 -0.23056397382722971 1.3418867929175438 0 -1.3380409186533315 1.2306711102085299 OK 12 11 0.35683999999999999 0.35276200000000002 0.091197 0.26259399999999999 0.25990999999999997 0 0.094245999999999996 0.092852000000000046 0.091197 0.0097920000000000004 0.0095989999999999999 0.0090539999999999995 0.066152000000000002 0.065617000000000009 0.06496600000000001 0.0024380000000000001 0.0022929999999999999 0.0021949999999999999 0.00048999999999999998 0.00053600000000000002 0.00049100000000000001 1.2306678103690627 1.2306678103690627 1.2306678103690627 0.0011939975097786733 0.0011939975097786733 0.0011939975097786733 1 1 1 Converged Converged Converged OK OK OK 57 57 57 57 57 57 7 7 7 0 0 0 0 0 1 0 0
31 31 uniform 1 7 316 1 0.001 0.51906488249977267 0.0074645426561083901 0.097612399068653377 1.3614092727312745 -0.23056397382722971 1.3537700414998146 0 -1.3499241672356024 1.2285798376815471 OK 12 11 0.38503199999999999 0.27439799999999998 0.093196000000000001 0.28895199999999999 0.17769599999999999 0 0.096079999999999999 0.096701999999999982 0.093196000000000001 0.0087419999999999998 0.0084069999999999995 0.0079319999999999998 0.069623000000000004 0.071998999999999994 0.069153999999999993 0.0026770000000000001 0.0024320000000000001 0.002372 0.00073099999999999999 0.00060000000000000006 0.00055199999999999997 1.2285795914071556 1.2285795914071556 1.2285795914071556 0.00057686559963775988 0.00057686559963775988 0.00057686559963775988 1 1 1 Converged Converged Converged OK OK OK 65 65 65 65 65 65 7 7 7 0 0 0 0 1 0 0 1
31 31 uniform 1 15 316 2 0.001 0.51906488249977267 0.0074645426561083901 0.097612399068653377 1.3614092727312745 -0.23056397382722971 1.36735089702241 0 -1.3635050227581977 1.2250779709427053 OK 12 11 0.38749600000000001 0.263544 0.088902999999999996 0.29503400000000002 0.16978599999999999 0 0.092461999999999989 0.093758000000000008 0.088902999999999996 0.0086709999999999999 0.0086479999999999994 0.0079249999999999998 0.067283000000000009 0.069569999999999993 0.066058000000000019 0.002879 0.0025079999999999998 0.0023379999999999998 0.00065399999999999996 0.00058799999999999998 0.00055800000000000001 1.2250779619667713 1.2250779619667713 1.2250779619667713 0.00053258554120455754 0.00053258554120455754 0.00053258554120455754 1 1 1 Converged Converged Converged OK OK OK 65 65 65 65 65 65 7 7 7 0 0 0 0 1 0 0 1
31 31 uniform 1 23 316 3 0.001 0.51906488249977267 0.0074645426561083901 0.097612399068653377 1.3614092727312745 -0.23056397382722971 1.3809317525450053 0 -1.3770858782807931 1.2205796634065882 OK 12 11 0.34472599999999998 0.23511899999999999 0.092527999999999999 0.25108000000000003 0.138019 0 0.093645999999999952 0.097099999999999992 0.092527999999999999 0.0084200000000000004 0.0085550000000000001 0.0078670000000000007 0.069753999999999983 0.072966000000000003 0.069878999999999997 0.0023909999999999999 0.0025409999999999999 0.0023370000000000001 0.00061299999999999994 0.00065699999999999992 0.00057300000000000005 1.2205796542748277 1.2205796542748277 1.2205796542748277 0.0005169315242195368 0.0005169315242195368 0.0005169315242195368 1 1 1 Converged Converged Converged OK OK OK 65 65 65 65 65 65 7 7 7 0 0 0 0 1 0 0 1
31 31 uniform 1 0 316 0 0.0001 0.51906488249977267 0.0074645426561083901 0.097612399068653377 1.3614092727312745 -0.23056397382722971 1.3418867929175438 0 -1.3380409186533315 1.2306711102085299 OK 12 11 0.38947999999999999 0.388376 0.12664 0.26318599999999998 0.25970399999999999 0 0.12629400000000002 0.12867200000000001 0.12664 0.0093109999999999998 0.0095919999999999998 0.0091649999999999995 0.087239999999999998 0.088411999999999991 0.087141999999999983 0.0037990000000000003 0.004078 0.0038999999999999994 0.00098799999999999995 0.0011039999999999999 0.00095599999999999993 1.2306712963664255 1.2306712963664255 1.2306712963664255 5.4083545063661297e-05 5.4083545063661297e-05 5.4083545063661297e-05 1 1 1 Converged Converged Converged OK OK OK 89 89 89 89 89 89 7 7 7 0 0 0 0 0 1 0 0
31 31 uniform 1 7 316 1 0.0001 0.51906488249977267 0.0074645426561083901 0.097612399068653377 1.3614092727312745 -0.23056397382722971 1.3537700414998146 0 -1.3499241672356024 1.2285798376815471 OK 12 11 0.40798699999999999 0.30526399999999998 0.11629200000000001 0.28964600000000001 0.17904200000000001 0 0.11834099999999997 0.12622199999999997 0.11629200000000001 0.0085939999999999992 0.0084980000000000003 0.0079459999999999999 0.086586000000000024 0.095014000000000001 0.08565199999999995 0.0036679999999999998 0.0036210000000000001 0.0039129999999999998 0.00091100000000000003 0.00092599999999999996 0.00092099999999999994 1.2285798187017944 1.2285798187017944 1.2285798187017944 5.6289339899869727e-05 5.6289339899869727e-05 5.6289339899869727e-05 1 1 1 Converged Converged Converged OK OK OK 89 89 89 89 89 89 7 7 7 0 0 0 0 1 0 0 1
31 31 uniform 1 15 316 2 0.0001 0.51906488249977267 0.0074645426561083901 0.097612399068653377 1.3614092727312745 -0.23056397382722971 1.36735089702241 0 -1.3635050227581977 1.2250779709427053 OK 12 11 0.415267 0.29167599999999999 0.113035 0.29850199999999999 0.17025899999999999 0 0.11676500000000001 0.121417 0.113035 0.0087620000000000007 0.0086339999999999993 0.0079500000000000005 0.08399299999999997 0.089296000000000042 0.082741000000000051 0.0041939999999999998 0.0040480000000000004 0.0036100000000000004 0.00095799999999999998 0.00094199999999999991 0.00090000000000000008 1.2250779651085943 1.2250779651085943 1.2250779651085943 7.5203901886283556e-05 7.5203901886283556e-05 7.5203901886283556e-05 1 1 1 Converged Converged Converged OK OK OK 89 89 89 89 89 89 7 7 7 0 0 0 0 1 0 0 1
31 31 uniform 1 23 316 3 0.0001 0.51906488249977267 0.0074645426561083901 0.097612399068653377 1.3614092727312745 -0.23056397382722971 1.3809317525450053 0 -1.3770858782807931 1.2205796634065882 OK 12 11 0.36475400000000002 0.26349299999999998 0.11572 0.24579400000000001 0.131048 0 0.11896000000000001 0.13244499999999998 0.11572 0.0085640000000000004 0.012302 0.0079900000000000006 0.087384000000000017 0.098154000000000019 0.086261999999999991 0.0040969999999999999 0.0037740000000000004 0.0036109999999999996 0.0010499999999999999 0.00090700000000000004 0.00094000000000000008 1.2205796479407023 1.2205796479407023 1.2205796479407023 9.4943397890469205e-05 9.4943397890469205e-05 9.4943397890469205e-05 1 1 1 Converged Converged Converged OK OK OK 89 89 89 89 89 89 7 7 7 0 0 0 0 1 0 0 1
31 31 uniform 2 0 317 0 0.001 0.51906488249977267 0.0074645426561083901 0.097612399068653377 1.4649737849593085 -0.32328683382541484 1.445451305145578 0 -1.4416054308813657 1.2189554913331875 OK 12 11 0.30834099999999998 0.31192999999999999 0.059594000000000001 0.24779499999999999 0.25142700000000001 0 0.060545999999999989 0.060502999999999973 0.059594000000000001 0.0070949999999999997 0.0070299999999999998 0.0067809999999999997 0.039446999999999996 0.039653000000000001 0.039271999999999994 0.0016589999999999999 0.0017339999999999999 0.001722 0.00048399999999999995 0.00044999999999999999 0.00045600000000000003 1.2189590797884819 1.2189590797884819 1.2189590797884819 0.00077534168157485333 0.00077534168157485333 0.00077534168157485333 1 1 1 Converged Converged Converged OK OK OK 50 50 50 50 50 50 6 6 6 0 0 0 0 0 1 0 0
31 31 uniform 2 7 317 1 0.001 0.51906488249977267 0.0074645426561083901 0.097612399068653377 1.4649737849593085 -0.32328683382541484 1.4573345537278486 0 -1.4534886794636364 1.2097560130970615 OK 12 11 0.31117699999999998 0.183194 0.055452000000000001 0.25403100000000001 0.123636 0 0.057145999999999975 0.059558 0.055452000000000001 0.0060060000000000001 0.0060530000000000002 0.0055319999999999996 0.039788999999999991 0.042260000000000013 0.039312000000000007 0.0016440000000000001 0.001712 0.0016429999999999999 0.00041800000000000002 0.00046399999999999995 0.00039999999999999996 1.2097620590806935 1.2097620590806935 1.2097620590806935 0.00105676691087628 0.00105676691087628 0.00105676691087628 1 1 1 Converged Converged Converged OK OK OK 50 50 50 50 50 50 6 6 6 0 0 0 0 1 0 0 1
31 31 uniform 2 15 317 2 0.001 0.51906488249977267 0.0074645426561083901 0.097612399068653377 1.4649737849593085 -0.32328683382541484 1.470915409250444 0 -1.4670695349862317 1.1967886468371347 OK 12 11 0.31833499999999998 0.19538900000000001 0.060115000000000002 0.25682199999999999 0.13112599999999999 0 0.061512999999999984 0.064263000000000015 0.060115000000000002 0.0060010000000000003 0.0059919999999999999 0.0055160000000000001 0.044331000000000002 0.047208000000000007 0.044164000000000002 0.0016980000000000001 0.00173 0.001658 0.00042000000000000002 0.00040699999999999997 0.00037300000000000001 1.1967836157784844 1.1967836157784844 1.1967836157784844 0.0010267116052279999 0.0010267116052279999 0.0010267116052279999 1 1 1 Converged Converged Converged OK OK OK 50 50 50 50 50 50 6 6 6 0 0 0 0 1 0 0 1
31 31 uniform 2 23 317 3 0.001 0.51906488249977267 0.0074645426561083901 0.097612399068653377 1.4649737849593085 -0.32328683382541484 1.4844962647730391 0 -1.4806503905088269 1.1775132949043774 OK 13 12 0.332783 0.22798499999999999 0.077709 0.25280900000000001 0.141232 0 0.07997399999999999 0.086752999999999997 0.077709 0.0090690000000000007 0.0087760000000000008 0.0079380000000000006 0.053803999999999998 0.060960000000000007 0.053587000000000003 0.0025559999999999997 0.0025700000000000002 0.0024530000000000003 0.00075700000000000008 0.00071600000000000006 0.00068400000000000004 1.1775139516007997 1.1775139516007997 1.1775139516007997 0.00070011170457892288 0.00070011170457892288 0.00070011170457892288 1 1 1 Converged Converged Converged OK OK OK 59 59 59 59 59 59 5 5 5 0 0 0 0 1 0 0 1
31 31 uniform 2 0 317 0 0.0001 0.51906488249977267 0.0074645426561083901 0.097612399068653377 1.4649737849593085 -0.32328683382541484 1.445451305145578 0 -1.4416054308813657 1.2189554913331875 OK 12 11 0.34890300000000002 0.348547 0.094120999999999996 0.25148599999999999 0.25369799999999998 0 0.097417000000000031 0.094849000000000017 0.094120999999999996 0.0070060000000000001 0.007293 0.0069649999999999998 0.065318999999999988 0.061017000000000002 0.060826999999999985 0.003235 0.0038660000000000001 0.0036479999999999998 0.00086300000000000005 0.00098700000000000003 0.00091699999999999995 1.2189557700029199 1.2189557700029199 1.2189557700029199 2.4700669307633331e-05 2.4700669307633331e-05 2.4700669307633331e-05 1 1 1 Converged Converged Converged OK OK OK 82 82 82 82 82 82 6 6 6 0 0 0 0 0 1 0 0
31 31 uniform 2 7 317 1 0.0001 0.51906488249977267 0.0074645426561083901 0.097612399068653377 1.4649737849593085 -0.32328683382541484 1.4573345537278486 0 -1.4534886794636364 1.2097560130970615 OK 12 11 0.34049600000000002 0.22067600000000001 0.085885000000000003 0.25209799999999999 0.12386900000000001 0 0.088398000000000032 0.096807000000000004 0.085885000000000003 0.0064739999999999997 0.0062100000000000002 0.0057169999999999999 0.061267000000000016 0.070383000000000001 0.060807000000000021 0.0035649999999999996 0.0036630000000000005 0.0033119999999999998 0.0009059999999999999 0.00092400000000000002 0.00088400000000000002 1.2097566943102795 1.2097566943102795 1.2097566943102795 2.3229217029106476e-05 2.3229217029106476e-05 2.3229217029106476e-05 1 1 1 Converged Converged Converged OK OK OK 82 82 82 82 82 82 6 6 6 0 0 0 0 1 0 0 1
31 31 uniform 2 15 317 2 0.0001 0.51906488249977267 0.0074645426561083901 0.097612399068653377 1.4649737849593085 -0.32328683382541484 1.470915409250444 0 -1.4670695349862317 1.1967886468371347 OK 12 11 0.35660999999999998 0.248112 0.099085000000000006 0.25659599999999999 0.130555 0 0.10001399999999999 0.11755699999999999 0.099085000000000006 0.0059119999999999997 0.0060600000000000003 0.0056470000000000001 0.071049999999999974 0.083553999999999934 0.071379000000000012 0.0038450000000000003 0.0037000000000000002 0.0037559999999999998 0.00095100000000000002 0.00094600000000000001 0.00088699999999999998 1.196788818478661 1.196788818478661 1.196788818478661 1.4046649442678718e-05 1.4046649442678718e-05 1.4046649442678718e-05 1 1 1 Converged Converged Converged OK OK OK 90 90 90 90 90 90 6 6 6 0 0 0 0 1 0 0 1
31 31 uniform 2 23 317 3 0.0001 0.51906488249977267 0.0074645426561083901 0.097612399068653377 1.4649737849593085 -0.32328683382541484 1.4844962647730391 0 -1.4806503905088269 1.1775132949043774 OK 13 12 0.35805599999999999 0.25328600000000001 0.099019999999999997 0.25283099999999997 0.138072 0 0.10522500000000001 0.11521400000000001 0.099019999999999997 0.0088649999999999996 0.0091909999999999995 0.0082190000000000006 0.074426999999999993 0.082172000000000064 0.069703999999999988 0.0036259999999999999 0.0047580000000000001 0.0035799999999999998 0.00097999999999999997 0.0010840000000000001 0.00093500000000000007 1.1775138438857473 1.1775138438857473 1.1775138438857473 5.7988961732217689e-05 5.7988961732217689e-05 5.7988961732217689e-05 1 1 1 Converged Converged Converged OK OK OK 83 83 83 83 83 83 5 5 5 0 0 0 0 1 0 0 1
31 31 uniform 3 0 318 0 0.001 0.51906488249977267 0.0074645426561083901 0.097612399068653377 0.10391333987971781 0.11135640994340626 0.084390860065987131 0 -0.080544985801774924 7.8642134200193023 OK 12 11 0.37285099999999999 0.37374000000000002 0.117257 0.25913700000000001 0.259517 0 0.11371399999999998 0.11422300000000002 0.117257 0.0097590000000000003 0.0099500000000000005 0.00992 0.07376899999999996 0.074613999999999958 0.073811000000000002 0.0039199999999999999 0.0039819999999999994 0.0038870000000000003 0.001181 0.00125 0.0052709999999999996 7.8642037467600243 7.8642037467600243 7.8642037467600243 0.0073127173288088784 0.0073127173288088784 0.0073127173288088784 1 1 1 Converged Converged Converged OK OK OK 97 97 97 97 97 97 7 7 7 0 0 0 0 0 1 0 0
31 31 uniform 3 7 318 1 0.001 0.51906488249977267 0.0074645426561083901 0.097612399068653377 0.10391333987971781 0.11135640994340626 0.096274108648257972 0 -0.092428234384045765 7.4004004893684092 OK 11 10 0.35244300000000001 0.24824199999999999 0.093650999999999998 0.25821100000000002 0.140458 0 0.094231999999999982 0.10778399999999999 0.093650999999999998 0.0085170000000000003 0.0085500000000000003 0.0079190000000000007 0.067749000000000018 0.080283000000000021 0.067775000000000002 0.0032199999999999998 0.0037780000000000005 0.0032520000000000005 0.00092199999999999986 0.001041 0.00097600000000000009 7.4004000728516779 7.4004000728516779 7.4004000728516779 0.0021777130651034035 0.0021777130651034035 0.0021777130651034035 1 1 1 Converged Converged Converged OK OK OK 90 90 90 90 90 90 6 6 6 0 0 0 0 1 0 0 1
31 31 uniform 3 15 318 2 0.001 0.51906488249977267 0.0074645426561083901 0.097612399068653377 0.10391333987971781 0.11135640994340626 0.10985496417085323 0 -0.10600908990664103 6.9039796166752492 OK 11 10 0.34462799999999999 0.241039 0.089944999999999997 0.253529 0.13900899999999999 0 0.091098999999999986 0.10203000000000001 0.089944999999999997 0.0083510000000000008 0.0084589999999999995 0.0077419999999999998 0.064847999999999989 0.075351000000000015 0.064507999999999996 0.0031689999999999999 0.0033480000000000003 0.0032240000000000003 0.00090399999999999986 0.00094600000000000001 0.00091600000000000004 6.9039795450497792 6.9039795450497792 6.9039795450497792 0.0015528241154754542 0.0015528241154754542 0.0015528241154754542 1 1 1 Converged Converged Converged OK OK OK 90 90 90 90 90 90 6 6 6 0 0 0 0 1 0 0 1
31 31 uniform 3 23 318 3 0.001 0.51906488249977267 0.0074645426561083901 0.097612399068653377 0.10391333987971781 0.11135640994340626 0.12343581969344848 0 -0.11958994542923627 6.4480697800683862 OK 11 10 0.34042699999999998 0.24227599999999999 0.086294999999999997 0.25205 0.140015 0 0.088376999999999983 0.10226099999999999 0.086294999999999997 0.0083929999999999994 0.0085210000000000008 0.0077640000000000001 0.062877000000000002 0.076190000000000008 0.062535999999999967 0.003081 0.0034560000000000003 0.0029180000000000005 0.0010300000000000001 0.00093299999999999991 0.00089500000000000007 6.4480663187026801 6.4480663187026801 6.4480663187026801 0.0051510943176545296 0.0051510943176545296 0.0051510943176545296 1 1 1 Converged Converged Converged OK OK OK 82 82 82 82 82 82 6 6 6 0 0 0 0 1 0 0 1
31 31 uniform 3 0 318 0 0.0001 0.51906488249977267 0.0074645426561083901 0.097612399068653377 0.10391333987971781 0.11135640994340626 0.084390860065987131 0 -0.080544985801774924 7.8642134200193023 OK 12 11 0.42696800000000001 0.42255100000000001 0.164187 0.26288400000000001 0.25993300000000003 0 0.16408400000000001 0.16261799999999998 0.164187 0.0099780000000000008 0.0099799999999999993 0.0099670000000000002 0.10609400000000001 0.10534600000000002 0.10604699999999999 0.0077819999999999999 0.0075819999999999985 0.0078989999999999998 0.0016620000000000001 0.0016620000000000001 0.0017819999999999997 7.8642130819383729 7.8642130819383729 7.8642130819383729 0.00010724271215887883 0.00010724271215887883 0.00010724271215887883 1 1 1 Converged Converged Converged OK OK OK 153 153 153 153 153 153 7 7 7 0 0 0 0 0 1 0 0
31 31 uniform 3 7 318 1 0.0001 0.51906488249977267 0.0074645426561083901 0.097612399068653377 0.10391333987971781 0.11135640994340626 0.096274108648257972 0 -0.092428234384045765 7.4004004893684092 OK 11 10 0.39238400000000001 0.30493500000000001 0.13719000000000001 0.25300400000000001 0.13889000000000001 0 0.13938 0.166045 0.13719000000000001 0.0086040000000000005 0.0085419999999999992 0.0080040000000000007 0.100008 0.12821100000000005 0.10024800000000005 0.0078980000000000005 0.0067410000000000005 0.0067250000000000001 0.0013010000000000001 0.001271 0.0013670000000000002 7.4004002843963539 7.4004002843963539 7.4004002843963539 0.00017626823506307657 0.00017626823506307657 0.00017626823506307657 1 1 1 Converged Converged Converged OK OK OK 138 138 138 138 138 138 6 6 6 0 0 0 0 1 0 0 1
31 31 uniform 3 15 318 2 0.0001 0.51906488249977267 0.0074645426561083901 0.097612399068653377 0.10391333987971781 0.11135640994340626 0.10985496417085323 0 -0.10600908990664103 6.9039796166752492 OK 11 10 0.38973099999999999 0.30343100000000001 0.13180800000000001 0.25601800000000002 0.14269000000000001 0 0.13371299999999997 0.16074099999999999 0.13180800000000001 0.0084829999999999992 0.0084759999999999992 0.0078200000000000006 0.096601999999999966 0.1226 0.095976000000000006 0.0062589999999999989 0.006979 0.0063330000000000001 0.0011980000000000001 0.001299 0.0012030000000000001 6.9039794493374584 6.9039794493374584 6.9039794493374584 0.00029062581188718078 0.00029062581188718078 0.00029062581188718078 1 1 1 Converged Converged Converged OK OK OK 138 138 138 138 138 138 6 6 6 0 0 0 0 1 0 0 1
31 31 uniform 3 23 318 3 0.0001 0.51906488249977267 0.0074645426561083901 0.097612399068653377 0.10391333987971781 0.11135640994340626 0.12343581969344848 0 -0.11958994542923627 6.4480697800683862 OK 11 10 0.37499900000000003 0.276837 0.11704000000000001 0.25404700000000002 0.141207 0 0.120952 0.13563 0.11704000000000001 0.0085929999999999999 0.0084379999999999993 0.0077840000000000001 0.087372000000000033 0.10335300000000003 0.086278999999999995 0.0053439999999999998 0.004731 0.0043629999999999997 0.001366 0.0014269999999999999 0.001315 6.4480698297702963 6.4480698297702963 6.4480698297702963 0.00031298570531877328 0.00031298570531877328 0.00031298570531877328 1 1 1 Converged Converged Converged OK OK OK 114 114 114 114 114 114 6 6 6 0 0 0 0 1 0 0 1
31 31 uniform 4 0 319 0 0.001 0.51906488249977267 0.0074645426561083901 0.097612399068653377 1.2869245924219661 0.43890310880615691 1.2674021126082353 0 -1.2635562383440231 1.1988849195508184 OK 12 11 0.29511999999999999 0.29745899999999997 0.052685000000000003 0.24083099999999999 0.244528 0 0.054289000000000004 0.052930999999999978 0.052685000000000003 0.0088100000000000001 0.0090189999999999992 0.0086610000000000003 0.031864999999999997 0.031293000000000001 0.031175999999999999 0.0019390000000000002 0.0017749999999999999 0.001768 0.00051199999999999998 0.00043300000000000001 0.00048000000000000007 1.1988843860777552 1.1988843860777552 1.1988843860777552 0.00076422166073238931 0.00076422166073238931 0.00076422166073238931 1 1 1 Converged Converged Converged OK OK OK 37 37 37 37 37 37 3 3 3 0 0 0 0 0 1 0 0
31 31 uniform 4 7 319 1 0.001 0.51906488249977267 0.0074645426561083901 0.097612399068653377 1.2869245924219661 0.43890310880615691 1.2792853611905062 0 -1.2754394869262939 1.1958510601146159 OK 12 11 0.29934300000000003 0.18403900000000001 0.051385 0.24625900000000001 0.125833 0 0.05308400000000002 0.058206000000000008 0.051385 0.0081720000000000004 0.0082369999999999995 0.007607 0.033232000000000005 0.038667000000000007 0.032649999999999998 0.001761 0.0017210000000000001 0.0017340000000000001 0.00048899999999999996 0.00043199999999999998 0.00041700000000000005 1.1958504677125286 1.1958504677125286 1.1958504677125286 0.00079746235847969978 0.00079746235847969978 0.00079746235847969978 1 1 1 Converged Converged Converged OK OK OK 37 37 37 37 37 37 3 3 3 0 0 0 0 1 0 0 1
31 31 uniform 4 15 319 2 0.001 0.51906488249977267 0.0074645426561083901 0.097612399068653377 1.2869245924219661 0.43890310880615691 1.2928662167131015 0 -1.2890203424488893 1.192476567079781 OK 12 11 0.30135200000000001 0.18767400000000001 0.052267000000000001 0.24757399999999999 0.12584200000000001 0 0.05377800000000002 0.061831999999999998 0.052267000000000001 0.0082159999999999993 0.0081630000000000001 0.0076119999999999998 0.033998000000000007 0.042198000000000006 0.033620000000000004 0.0017440000000000001 0.0017769999999999999 0.0017459999999999999 0.00045299999999999995 0.000435 0.00041799999999999997 1.1924758968522244 1.1924758968522244 1.1924758968522244 0.00083849103879801961 0.00083849103879801961 0.00083849103879801961 1 1 1 Converged Converged Converged OK OK OK 37 37 37 37 37 37 3 3 3 0 0 0 0 1 0 0 1
31 31 uniform 4 23 319 3 0.001 0.51906488249977267 0.0074645426561083901 0.097612399068653377 1.2869245924219661 0.43890310880615691 1.3064470722356969 0 -1.3026011979714847 1.189183558315865 OK 12 11 0.30338599999999999 0.18895100000000001 0.049557999999999998 0.25211600000000001 0.131857 0 0.051269999999999982 0.057094000000000006 0.049557999999999998 0.0081560000000000001 0.0082830000000000004 0.0076169999999999996 0.031514 0.037053999999999997 0.030911000000000001 0.001805 0.0019710000000000001 0.001732 0.00045600000000000003 0.000464 0.00043300000000000001 1.1891827981285521 1.1891827981285521 1.1891827981285521 0.00088196995289367274 0.00088196995289367274 0.00088196995289367274 1 1 1 Converged Converged Converged OK OK OK 37 37 37 37 37 37 3 3 3 0 0 0 0 1 0 0 1
31 31 uniform 4 0 319 0 0.0001 0.51906488249977267 0.0074645426561083901 0.097612399068653377 1.2869245924219661 0.43890310880615691 1.2674021126082353 0 -1.2635562383440231 1.1988849195508184 OK 12 11 0.320826 0.32040099999999999 0.077654000000000001 0.241623 0.24190400000000001 0 0.079202999999999996 0.078496999999999983 0.077654000000000001 0.0090480000000000005 0.0089829999999999997 0.0085400000000000007 0.047885999999999998 0.048032000000000005 0.047598000000000008 0.0033860000000000001 0.0030500000000000002 0.0030609999999999999 0.000687 0.00066500000000000001 0.00067499999999999993 1.1988849099232923 1.1988849099232923 1.1988849099232923 4.9768483674380795e-05 4.9768483674380795e-05 4.9768483674380795e-05 1 1 1 Converged Converged Converged OK OK OK 61 61 61 61 61 61 3 3 3 0 0 0 0 0 1 0 0
31 31 uniform 4 7 319 1 0.0001 0.51906488249977267 0.0074645426561083901 0.097612399068653377 1.2869245924219661 0.43890310880615691 1.2792853611905062 0 -1.2754394869262939 1.1958510601146159 OK 12 11 0.32097799999999999 0.21370600000000001 0.075080999999999995 0.24392900000000001 0.12590299999999999 0 0.077048999999999979 0.08780300000000002 0.075080999999999995 0.0082229999999999994 0.0081910000000000004 0.0076119999999999998 0.049734000000000007 0.060809999999999996 0.049122999999999972 0.0031590000000000003 0.003075 0.0029710000000000006 0.00071199999999999996 0.00068100000000000007 0.000669 1.1958510504669162 1.1958510504669162 1.1958510504669162 4.9794086284252609e-05 4.9794086284252609e-05 4.9794086284252609e-05 1 1 1 Converged Converged Converged OK OK OK 61 61 61 61 61 61 3 3 3 0 0 0 0 1 0 0 1
31 31 uniform 4 15 319 2 0.0001 0.51906488249977267 0.0074645426561083901 0.097612399068653377 1.2869245924219661 0.43890310880615691 1.2928662167131015 0 -1.2890203424488893 1.192476567079781 OK 12 11 0.32467099999999999 0.22054199999999999 0.075275999999999996 0.24743000000000001 0.126555 0 0.077240999999999976 0.093986999999999987 0.075275999999999996 0.00809 0.0082190000000000006 0.0076049999999999998 0.049939000000000004 0.066750999999999977 0.049277000000000015 0.0031539999999999997 0.0031649999999999998 0.0030329999999999997 0.00069999999999999988 0.00066199999999999994 0.00065899999999999997 1.1924765573922704 1.1924765573922704 1.1924765573922704 4.9835008529397084e-05 4.9835008529397084e-05 4.9835008529397084e-05 1 1 1 Converged Converged Converged OK OK OK 61 61 61 61 61 61 3 3 3 0 0 0 0 1 0 0 1
31 31 uniform 4 23 319 3 0.0001 0.51906488249977267 0.0074645426561083901 0.097612399068653377 1.2869245924219661 0.43890310880615691 1.3064470722356969 0 -1.3026011979714847 1.189183558315865 OK 12 11 0.32599 0.21246899999999999 0.073539999999999994 0.250475 0.12892700000000001 0 0.075514999999999999 0.083541999999999977 0.073539999999999994 0.0081620000000000009 0.008234 0.007554 0.048295000000000005 0.056445999999999996 0.047535000000000001 0.0031730000000000005 0.0031870000000000002 0.0030119999999999999 0.00069900000000000008 0.00071500000000000003 0.00065499999999999998 1.1891835485646052 1.1891835485646052 1.1891835485646052 4.9867665508023095e-05 4.9867665508023095e-05 4.9867665508023095e-05 1 1 1 Converged Converged Converged OK OK OK 61 61 61 61 61 61 3 3 3 0 0 0 0 1 0 0 1
32 32 linear 0 0 320 0 0.001 1.914121853138179 0.11201489162104371 9.0921174473078663e-05 -1.2614605682245867 -0.13901648733755143 -1.2614787524594813 0.5 1.4542910551941932 116.3897124484108 OK 14 13 1.090778 1.0946959999999999 0.225914 0.86556599999999995 0.86448400000000003 0 0.22521200000000008 0.23021199999999986 0.225914 0.012191 0.01264 0.011884 0.18676700000000004 0.19055899999999995 0.18416600000000002 0.0037089999999999996 0.0041729999999999996 0.003869 0.00093399999999999993 0.00090300000000000005 0.00090399999999999986 116.38998997363525 116.38998997363525 116.38998997363525 0.061384076763597251 0.061384076763597251 0.061384076763597251 1 1 1 Converged Converged Converged OK OK OK 74 74 74 74 74 74 6 6 6 0 0 0 0 0 1 0 0
32 32 linear 0 7 320 1 0.001 1.914121853138179 0.11201489162104371 9.0921174473078663e-05 -1.2614605682245867 -0.13901648733755143 -1.2614676837947629 0.5 1.4542799865294747 105.79277758134565 OK 14 13 0.95827200000000001 0.922879 0.21501000000000001 0.73797299999999999 0.60271200000000003 0 0.22029900000000002 0.32016699999999998 0.21501000000000001 0.01137 0.011471 0.010747 0.18816200000000002 0.28672399999999998 0.18379999999999996 0.0034350000000000001 0.0040979999999999992 0.0035829999999999998 0.00092500000000000004 0.00085799999999999993 0.0008470000000000001 105.79392203563101 105.79392203563101 105.79392203563101 0.059260562984535803 0.059260562984535803 0.059260562984535803 1 1 1 Converged Converged Converged OK OK OK 74 74 74 74 74 74 6 6 6 0 0 0 0 1 0 0 1
32 32 linear 0 15 320 2 0.001 1.914121853138179 0.11201489162104371 9.0921174473078663e-05 -1.2614605682245867 -0.13901648733755143 -1.2614550338922275 0.5 1.4542673366269394 92.528882893722809 OK 14 13 1.0504869999999999 1.0289820000000001 0.215033 0.82684800000000003 0.70409200000000005 0 0.22363899999999992 0.32489000000000001 0.215033 0.01137 0.011457999999999999 0.010706 0.19095400000000004 0.29172599999999999 0.18405499999999991 0.0036589999999999999 0.0040199999999999993 0.0035120000000000004 0.00086399999999999997 0.00083000000000000001 0.00080300000000000011 92.529822036143443 92.529822036143443 92.529822036143443 0.068577013876230469 0.068577013876230469 0.068577013876230469 1 1 1 Converged Converged Converged OK OK OK 74 74 74 74 74 74 6 6 6 0 0 0 0 1 0 0 1
32 32 linear 0 23 320 3 0.001 1.914121853138179 0.11201489162104371 9.0921174473078663e-05 -1.2614605682245867 -0.13901648733755143 -1.2614423839896922 0.5 1.4542546867244042 78.3025910227868 OK 14 13 0.92291500000000004 0.92156000000000005 0.21967200000000001 0.69493199999999999 0.59035499999999996 0 0.22798300000000005 0.33120500000000008 0.21967200000000001 0.011335 0.011403 0.010703000000000001 0.19604199999999991 0.29886200000000013 0.18938700000000003 0.0036800000000000001 0.0038449999999999999 0.003362 0.00091600000000000015 0.00094899999999999997 0.00089299999999999991 78.302809741619967 78.302809741619967 78.302809741619967 0.048554488281946882 0.048554488281946882 0.048554488281946882 1 1 1 Converged Converged Converged OK OK OK 74 74 74 74 74 74 6 6 6 0 0 0 0 1 0 0 1
32 32 linear 0 0 320 0 0.0001 1.914121853138179 0.11201489162104371 9.0921174473078663e-05 -1.2614605682245867 -0.13901648733755143 -1.2614787524594813 0.5 1.4542910551941932 116.3897124484108 OK 14 13 1.198844 1.241247 0.32432899999999998 0.868259 0.86865400000000004 0 0.33058500000000002 0.37259299999999995 0.32432899999999998 0.012239999999999999 0.013936 0.011913999999999999 0.27716300000000005 0.31160500000000013 0.27188900000000005 0.0063549999999999995 0.007724 0.0058100000000000009 0.001392 0.0015560000000000001 0.00131 116.39003502984188 116.39003502984188 116.39003502984188 0.0063138608177917546 0.0063138608177917546 0.0063138608177917546 1 1 1 Converged Converged Converged OK OK OK 106 106 106 106 106 106 6 6 6 0 0 0 0 0 1 0 0
32 32 linear 0 7 320 1 0.0001 1.914121853138179 0.11201489162104371 9.0921174473078663e-05 -1.2614605682245867 -0.13901648733755143 -1.2614676837947629 0.5 1.4542799865294747 105.79277758134565 OK 14 13 1.0636810000000001 1.0961890000000001 0.32430500000000001 0.73241199999999995 0.64773099999999995 0 0.33126900000000015 0.44845800000000013 0.32430500000000001 0.011516 0.011616 0.010728 0.28827200000000008 0.40541099999999991 0.28359300000000004 0.0057920000000000003 0.0058700000000000002 0.0052330000000000007 0.0013239999999999999 0.0013369999999999999 0.0012079999999999999 105.79395615583627 105.79395615583627 105.79395615583627 0.0043713393230539769 0.0043713393230539769 0.0043713393230539769 1 1 1 Converged Converged Converged OK OK OK 106 106 106 106 106 106 6 6 6 0 0 0 0 1 0 0 1
32 32 linear 0 15 320 2 0.0001 1.914121853138179 0.11201489162104371 9.0921174473078663e-05 -1.2614605682245867 -0.13901648733755143 -1.2614550338922275 0.5 1.4542673366269394 92.528882893722809 OK 14 13 1.147818 1.165511 0.31249900000000003 0.82384900000000005 0.71129299999999995 0 0.32396899999999995 0.45421800000000001 0.31249900000000003 0.011415 0.011428000000000001 0.010695 0.28135099999999991 0.41122000000000031 0.27205600000000008 0.0056899999999999997 0.0059429999999999995 0.0052580000000000005 0.0013209999999999999 0.0013129999999999999 0.0012340000000000001 92.529832998368292 92.529832998368292 92.529832998368292 0.0033638051047060885 0.0033638051047060885 0.0033638051047060885 1 1 1 Converged Converged Converged OK OK OK 106 106 106 106 106 106 6 6 6 0 0 0 0 1 0 0 1
32 32 linear 0 23 320 3 0.0001 1.914121853138179 0.11201489162104371 9.0921174473078663e-05 -1.2614605682245867 -0.13901648733755143 -1.2614423839896922 0.5 1.4542546867244042 78.3025910227868 OK 14 13 1.03009 1.0653600000000001 0.332372 0.69149099999999997 0.58975900000000003 0 0.33859899999999998 0.47560100000000005 0.332372 0.011415 0.011650000000000001 0.010691000000000001 0.29623100000000002 0.43218099999999987 0.29196500000000009 0.0055780000000000005 0.0060020000000000004 0.0051980000000000004 0.0013780000000000001 0.00147 0.001292 78.302868742921532 78.302868742921532 78.302868742921532 0.0027228539344647368 0.0027228539344647368 0.0027228539344647368 1 1 1 Converged Converged Converged OK OK OK 106 106 106 106 106 106 6 6 6 0 0 0 0 1 0 0 1
32 32 linear 1 0 321 0 0.001 1.914121853138179 0.11201489162104371 9.0921174473078663e-05 -1.2862512007230367 0.068820875039533033 -1.2862693849579312 0.5 1.4790816876926431 22.006025857467506 OK 14 13 0.514706 0.50995400000000002 0.14910799999999999 0.35544199999999998 0.35924200000000001 0 0.15926400000000002 0.15071200000000001 0.14910799999999999 0.011974 0.012026 0.011393 0.12267099999999996 0.11435200000000004 0.11382899999999999 0.0033519999999999999 0.003313 0.0032160000000000005 0.00090800000000000006 0.000834 0.000834 22.006125034879243 22.006125034879243 22.006125034879243 0.012926902529819239 0.012926902529819239 0.012926902529819239 1 1 1 Converged Converged Converged OK OK OK 74 74 74 74 74 74 6 6 6 0 0 0 0 0 1 0 0
32 32 linear 1 7 321 1 0.001 1.914121853138179 0.11201489162104371 9.0921174473078663e-05 -1.2862512007230367 0.068820875039533033 -1.2862583162932129 0.5 1.4790706190279246 28.970070545852174 OK 14 13 0.52583599999999997 0.60747600000000002 0.13785500000000001 0.38387100000000002 0.26192799999999999 0 0.14196499999999995 0.34554800000000002 0.13785500000000001 0.010947 0.011089 0.010338 0.11239499999999999 0.31544100000000008 0.10922599999999999 0.0032109999999999999 0.0034079999999999996 0.0031380000000000002 0.00076900000000000004 0.0007980000000000001 0.00076599999999999997 28.970442979399593 28.970442979399593 28.970442979399593 0.012921578279251144 0.012921578279251144 0.012921578279251144 1 1 1 Converged Converged Converged OK OK OK 74 74 74 74 74 74 6 6 6 0 0 0 0 1 0 0 1
32 32 linear 1 15 321 2 0.001 1.914121853138179 0.11201489162104371 9.0921174473078663e-05 -1.2862512007230367 0.068820875039533033 -1.2862456663906774 0.5 1.4790579691253893 36.786979592983712 OK 14 13 0.47472799999999998 0.520092 0.140654 0.32686599999999999 0.20418600000000001 0 0.14786199999999999 0.31590600000000002 0.140654 0.011024000000000001 0.011018999999999999 0.010274 0.11781500000000003 0.28585000000000005 0.10864599999999999 0.0031710000000000002 0.003307 0.003068 0.00078299999999999995 0.00076799999999999991 0.00073900000000000007 36.78715427442453 36.78715427442453 36.78715427442453 0.013062580292785463 0.013062580292785463 0.013062580292785463 1 1 1 Converged Converged Converged OK OK OK 74 74 74 74 74 74 6 6 6 0 0 0 0 1 0 0 1
32 32 linear 1 23 321 3 0.001 1.914121853138179 0.11201489162104371 9.0921174473078663e-05 -1.2862512007230367 0.068820875039533033 -1.2862330164881421 0.5 1.4790453192228541 44.294127749393077 OK 14 13 0.538717 0.58699199999999996 0.143816 0.39022099999999998 0.25731399999999999 0 0.14849600000000002 0.32967799999999997 0.143816 0.010973 0.011147000000000001 0.010233000000000001 0.11885600000000003 0.29974200000000012 0.11535799999999999 0.00313 0.0032699999999999999 0.0031030000000000003 0.00079100000000000004 0.00078699999999999994 0.00081100000000000009 44.29459726665123 44.29459726665123 44.29459726665123 0.013315956791590177 0.013315956791590177 0.013315956791590177 1 1 1 Converged Converged Converged OK OK OK 74 74 74 74 74 74 6 6 6 0 0 0 0 1 0 0 1
32 32 linear 1 0 321 0 0.0001 1.914121853138179 0.11201489162104371 9.0921174473078663e-05 -1.2862512007230367 0.068820875039533033 -1.2862693849579312 0.5 1.4790816876926431 22.006025857467506 OK 14 13 0.567048 0.56415899999999997 0.20336699999999999 0.35839599999999999 0.35570000000000002 0 0.208652 0.20845899999999995 0.20336699999999999 0.012029 0.011792 0.011428000000000001 0.16193800000000003 0.16245999999999994 0.15808100000000003 0.0045310000000000003 0.0045529999999999998 0.0045369999999999994 0.0011869999999999999 0.0011489999999999998 0.0011770000000000001 22.006179260612999 22.006179260612999 22.006179260612999 0.0017053137493004049 0.0017053137493004049 0.0017053137493004049 1 1 1 Converged Converged Converged OK OK OK 98 98 98 98 98 98 6 6 6 0 0 0 0 0 1 0 0
32 32 linear 1 7 321 1 0.0001 1.914121853138179 0.11201489162104371 9.0921174473078663e-05 -1.2862512007230367 0.068820875039533033 -1.2862583162932129 0.5 1.4790706190279246 28.970070545852174 OK 14 13 0.57500099999999998 0.705044 0.19008700000000001 0.37930599999999998 0.26084400000000002 0 0.19569500000000001 0.44419999999999998 0.19008700000000001 0.01091 0.01095 0.010325000000000001 0.15828799999999993 0.40652899999999986 0.153889 0.0045249999999999995 0.0046100000000000004 0.0044689999999999999 0.0010820000000000001 0.0010710000000000001 0.0010270000000000001 28.970497206198704 28.970497206198704 28.970497206198704 0.0016998518220890713 0.0016998518220890713 0.0016998518220890713 1 1 1 Converged Converged Converged OK OK OK 98 98 98 98 98 98 6 6 6 0 0 0 0 1 0 0 1
32 32 linear 1 15 321 2 0.0001 1.914121853138179 0.11201489162104371 9.0921174473078663e-05 -1.2862512007230367 0.068820875039533033 -1.2862456663906774 0.5 1.4790579691253893 36.786979592983712 OK 14 13 0.52301900000000001 0.60315300000000005 0.19171199999999999 0.32975700000000002 0.20486099999999999 0 0.19326199999999999 0.39829200000000009 0.19171199999999999 0.011023 0.011074000000000001 0.010399 0.15585000000000002 0.35989399999999999 0.15558 0.0044549999999999998 0.0046170000000000004 0.00445 0.0010299999999999999 0.0010809999999999999 0.001039 36.787208502439469 36.787208502439469 36.787208502439469 0.0018406964742131132 0.0018406964742131132 0.0018406964742131132 1 1 1 Converged Converged Converged OK OK OK 98 98 98 98 98 98 6 6 6 0 0 0 0 1 0 0 1
32 32 linear 1 23 321 3 0.0001 1.914121853138179 0.11201489162104371 9.0921174473078663e-05 -1.2862512007230367 0.068820875039533033 -1.2862330164881421 0.5 1.4790453192228541 44.294127749393077 OK 14 13 0.56039099999999997 0.61718099999999998 0.169629 0.38327899999999998 0.26127299999999998 0 0.17711199999999999 0.355908 0.169629 0.010988 0.011051999999999999 0.010281 0.14506000000000005 0.32334800000000002 0.13852300000000006 0.0034910000000000002 0.0036610000000000002 0.0035590000000000001 0.00093700000000000001 0.00092499999999999993 0.00090600000000000001 44.294651494765546 44.294651494765546 44.294651494765546 0.0041466529991160909 0.0041466529991160909 0.0041466529991160909 1 1 1 Converged Converged Converged OK OK OK 82 82 82 82 82 82 6 6 6 0 0 0 0 1 0 0 1
32 32 linear 2 0 322 0 0.001 1.914121853138179 0.11201489162104371 9.0921174473078663e-05 0.15165970998821557 -0.023154936181818731 0.15164152575332096 0.5 0.041170776981390877 148.46645990313439 OK 14 13 0.53987499999999999 0.53727899999999995 0.19419400000000001 0.33648600000000001 0.33619599999999999 0 0.20338899999999999 0.20108299999999996 0.19419400000000001 0.01358 0.013519 0.013124 0.16274399999999994 0.16559300000000005 0.15957600000000002 0.0029719999999999998 0.002918 0.0028469999999999997 0.00547 0.00082899999999999998 0.00079599999999999994 148.46706103691028 148.46706103691028 148.46706103691028 0.023051608565143863 0.023051608565143863 0.023051608565143863 1 1 1 Converged Converged Converged OK OK OK 67 67 67 67 67 67 5 5 5 0 0 0 0 0 1 0 0
32 32 linear 2 7 322 1 0.001 1.914121853138179 0.11201489162104371 9.0921174473078663e-05 0.15165970998821557 -0.023154936181818731 0.15165259441803941 0.5 0.041159708316672428 99.391788043532841 OK 14 13 0.53268599999999999 0.43408799999999997 0.193435 0.33432899999999999 0.20397999999999999 0 0.19835700000000001 0.23010799999999998 0.193435 0.012472 0.012359 0.011745999999999999 0.16781299999999999 0.20021200000000006 0.16442399999999999 0.0030299999999999997 0.0030379999999999999 0.0028860000000000001 0.00081999999999999998 0.00077000000000000007 0.00076000000000000004 99.392182140584495 99.392182140584495 99.392182140584495 0.021764885033322762 0.021764885033322762 0.021764885033322762 1 1 1 Converged Converged Converged OK OK OK 67 67 67 67 67 67 5 5 5 0 0 0 0 1 0 0 1
32 32 linear 2 15 322 2 0.001 1.914121853138179 0.11201489162104371 9.0921174473078663e-05 0.15165970998821557 -0.023154936181818731 0.15166524432057479 0.5 0.041147058414137044 45.436085467211932 OK 14 13 0.54057100000000002 0.44895400000000002 0.197545 0.337814 0.20414099999999999 0 0.20275700000000002 0.24481300000000003 0.197545 0.012657 0.012753 0.011995 0.17230199999999993 0.21429999999999991 0.168214 0.0029420000000000002 0.0030059999999999996 0.0028990000000000001 0.00081399999999999984 0.00088899999999999992 0.0008070000000000001 45.436036450950255 45.436036450950255 45.436036450950255 0.021008882264344053 0.021008882264344053 0.021008882264344053 1 1 1 Converged Converged Converged OK OK OK 67 67 67 67 67 67 5 5 5 0 0 0 0 1 0 0 1
32 32 linear 2 23 322 3 0.001 1.914121853138179 0.11201489162104371 9.0921174473078663e-05 0.15165970998821557 -0.023154936181818731 0.15167789422311018 0.5 0.041134408511601661 12.139629193718713 OK 13 12 0.48216799999999999 0.41036800000000001 0.147864 0.32907700000000001 0.20113800000000001 0 0.15309099999999998 0.20923 0.147864 0.0099019999999999993 0.0095790000000000007 0.0091850000000000005 0.12604500000000002 0.18288499999999994 0.12260799999999997 0.0028669999999999998 0.0028540000000000002 0.0025899999999999999 0.00065200000000000002 0.00062699999999999995 0.00058200000000000005 12.139626329685393 12.139626329685393 12.139626329685393 0.0057416751579476384 0.0057416751579476384 0.0057416751579476384 1 1 1 Converged Converged Converged OK OK OK 53 53 53 53 53 53 3 3 3 0 0 0 0 1 0 0 1
32 32 linear 2 0 322 0 0.0001 1.914121853138179 0.11201489162104371 9.0921174473078663e-05 0.15165970998821557 -0.023154936181818731 0.15164152575332096 0.5 0.041170776981390877 148.46645990313439 OK 14 13 0.58447199999999999 0.58006599999999997 0.239784 0.34028599999999998 0.33616299999999999 0 0.24418600000000001 0.24390299999999998 0.239784 0.013289 0.013372 0.013254999999999999 0.20269000000000006 0.20242499999999999 0.19898899999999986 0.0036830000000000001 0.0037219999999999996 0.0036869999999999997 0.00093299999999999991 0.00097100000000000007 0.001 148.46706104511063 148.46706104511063 148.46706104511063 0.0080001715786773443 0.0080001715786773443 0.0080001715786773443 1 1 1 Converged Converged Converged OK OK OK 83 83 83 83 83 83 5 5 5 0 0 0 0 0 1 0 0
32 32 linear 2 7 322 1 0.0001 1.914121853138179 0.11201489162104371 9.0921174473078663e-05 0.15165970998821557 -0.023154936181818731 0.15165259441803941 0.5 0.041159708316672428 99.391788043532841 OK 14 13 0.57847199999999999 0.49171900000000002 0.23538400000000001 0.33771600000000002 0.202735 0 0.24075599999999997 0.28898400000000002 0.23538400000000001 0.012246 0.012328 0.011756000000000001 0.20590200000000003 0.25389299999999992 0.20170800000000005 0.0036979999999999999 0.0036679999999999994 0.0035760000000000002 0.00091299999999999997 0.00091100000000000013 0.00087199999999999995 99.392182148755879 99.392182148755879 99.392182148755879 0.0067107232111646578 0.0067107232111646578 0.0067107232111646578 1 1 1 Converged Converged Converged OK OK OK 83 83 83 83 83 83 5 5 5 0 0 0 0 1 0 0 1
32 32 linear 2 15 322 2 0.0001 1.914121853138179 0.11201489162104371 9.0921174473078663e-05 0.15165970998821557 -0.023154936181818731 0.15166524432057479 0.5 0.041147058414137044 45.436085467211932 OK 14 13 0.60554300000000005 0.55607700000000004 0.26438600000000001 0.334837 0.20161399999999999 0 0.27070600000000006 0.35446300000000008 0.26438600000000001 0.012605 0.012713 0.011963 0.22909199999999991 0.31272 0.22405100000000006 0.0045330000000000006 0.0047159999999999997 0.0044790000000000003 0.0010650000000000002 0.001049 0.0010640000000000001 45.436036462033378 45.436036462033378 45.436036462033378 0.00050360380009459684 0.00050360380009459684 0.00050360380009459684 1 1 1 Converged Converged Converged OK OK OK 99 99 99 99 99 99 5 5 5 0 0 0 0 1 0 0 1
32 32 linear 2 23 322 3 0.0001 1.914121853138179 0.11201489162104371 9.0921174473078663e-05 0.15165970998821557 -0.023154936181818731 0.15167789422311018 0.5 0.041134408511601661 12.139629193718713 OK 13 12 0.51025600000000004 0.471694 0.17505200000000001 0.33052599999999999 0.199516 0 0.17973000000000006 0.27217800000000003 0.17505200000000001 0.0095399999999999999 0.0095910000000000006 0.0090259999999999993 0.14850100000000002 0.24086899999999997 0.14506500000000006 0.003473 0.0034809999999999997 0.0033860000000000001 0.00071499999999999992 0.00074700000000000005 0.00070500000000000001 12.139626332572217 12.139626332572217 12.139626332572217 0.00029432900805218996 0.00029432900805218996 0.00029432900805218996 1 1 1 Converged Converged Converged OK OK OK 69 69 69 69 69 69 3 3 3 0 0 0 0 1 0 0 1
32 32 linear 3 0 323 0 0.001 1.914121853138179 0.11201489162104371 9.0921174473078663e-05 0.15553912733542921 -0.05643727371851117 0.1555209431005346 0.5 0.037291359634177235 25.930337358826534 OK 13 12 0.44348799999999999 0.43928699999999998 0.131656 0.30807499999999999 0.30638300000000002 0 0.13541300000000001 0.13290399999999997 0.131656 0.0097099999999999999 0.0099299999999999996 0.0094900000000000002 0.10664799999999994 0.10443499999999999 0.103809 0.002624 0.002578 0.0025820000000000001 0.00056700000000000001 0.00058 0.00055000000000000003 25.930323459282093 25.930323459282093 25.930323459282093 0.010255417115230909 0.010255417115230909 0.010255417115230909 1 1 1 Converged Converged Converged OK OK OK 53 53 53 53 53 53 3 3 3 0 0 0 0 0 1 0 0
32 32 linear 3 7 323 1 0.001 1.914121853138179 0.11201489162104371 9.0921174473078663e-05 0.15553912733542921 -0.05643727371851117 0.15553201176525305 0.5 0.037280290969458785 25.877890220314459 OK 13 12 0.446656 0.37745699999999999 0.12673499999999999 0.31044500000000003 0.18771599999999999 0 0.13621099999999997 0.18974099999999999 0.12673499999999999 0.0086569999999999998 0.0087819999999999999 0.0082179999999999996 0.11063600000000005 0.16431599999999993 0.10238400000000003 0.0027029999999999997 0.002637 0.002581 0.00057200000000000003 0.00055599999999999996 0.00054100000000000003 25.877876451925705 25.877876451925705 25.877876451925705 0.010256074844987436 0.010256074844987436 0.010256074844987436 1 1 1 Converged Converged Converged OK OK OK 53 53 53 53 53 53 3 3 3 0 0 0 0 1 0 0 1
32 32 linear 3 15 323 2 0.001 1.914121853138179 0.11201489162104371 9.0921174473078663e-05 0.15553912733542921 -0.05643727371851117 0.15554466166778844 0.5 0.037267641066923402 25.818392104121372 OK 13 12 0.44225300000000001 0.38810600000000001 0.12760199999999999 0.31084499999999998 0.18274599999999999 0 0.13140800000000002 0.20536000000000001 0.12760199999999999 0.0096559999999999997 0.0096349999999999995 0.0092020000000000001 0.10513500000000001 0.17899799999999996 0.10220299999999999 0.002673 0.0026690000000000004 0.002611 0.00058699999999999996 0.00057400000000000007 0.00055999999999999995 25.818378484395762 25.818378484395762 25.818378484395762 0.010256826585841695 0.010256826585841695 0.010256826585841695 1 1 1 Converged Converged Converged OK OK OK 53 53 53 53 53 53 3 3 3 0 0 0 0 1 0 0 1
32 32 linear 3 23 323 3 0.001 1.914121853138179 0.11201489162104371 9.0921174473078663e-05 0.15553912733542921 -0.05643727371851117 0.15555731157032382 0.5 0.037254991164388018 25.759359191229251 OK 13 12 0.440971 0.37261300000000003 0.12836 0.30833199999999999 0.18451999999999999 0 0.13263900000000001 0.18809300000000004 0.12836 0.009273 0.0093779999999999992 0.0088769999999999995 0.10628600000000002 0.16205700000000006 0.103336 0.0027369999999999998 0.0026570000000000001 0.00265 0.00058 0.00057200000000000003 0.00055699999999999999 25.759345720469373 25.759345720469373 25.759345720469373 0.010257578264610805 0.010257578264610805 0.010257578264610805 1 1 1 Converged Converged Converged OK OK OK 53 53 53 53 53 53 3 3 3 0 0 0 0 1 0 0 1
32 32 linear 3 0 323 0 0.0001 1.914121853138179 0.11201489162104371 9.0921174473078663e-05 0.15553912733542921 -0.05643727371851117 0.1555209431005346 0.5 0.037291359634177235 25.930337358826534 OK 13 12 0.48860999999999999 0.48108099999999998 0.17644000000000001 0.30774299999999999 0.30357200000000001 0 0.180867 0.17750899999999997 0.17644000000000001 0.0098010000000000007 0.0097079999999999996 0.0092280000000000001 0.14676799999999998 0.143626 0.14327200000000001 0.0034450000000000001 0.0034419999999999997 0.0034189999999999997 0.000718 0.00072500000000000006 0.00068000000000000005 25.930323464697953 25.930323464697953 25.930323464697953 0.00029100027989550106 0.00029100027989550106 0.00029100027989550106 1 1 1 Converged Converged Converged OK OK OK 69 69 69 69 69 69 3 3 3 0 0 0 0 0 1 0 0
32 32 linear 3 7 323 1 0.0001 1.914121853138179 0.11201489162104371 9.0921174473078663e-05 0.15553912733542921 -0.05643727371851117 0.15553201176525305 0.5 0.037280290969458785 25.877890220314459 OK 13 12 0.48298600000000003 0.43629699999999999 0.16655800000000001 0.31163400000000002 0.18732799999999999 0 0.171352 0.248969 0.16655800000000001 0.0087709999999999993 0.0086829999999999997 0.0082939999999999993 0.14103000000000002 0.21874099999999996 0.13738100000000003 0.0034720000000000003 0.0034450000000000001 0.0034119999999999997 0.00069800000000000005 0.00068199999999999999 0.00066799999999999997 25.87787645737377 25.87787645737377 25.87787645737377 0.0002909911929743502 0.0002909911929743502 0.0002909911929743502 1 1 1 Converged Converged Converged OK OK OK 69 69 69 69 69 69 3 3 3 0 0 0 0 1 0 0 1
32 32 linear 3 15 323 2 0.0001 1.914121853138179 0.11201489162104371 9.0921174473078663e-05 0.15553912733542921 -0.05643727371851117 0.15554466166778844 0.5 0.037267641066923402 25.818392104121372 OK 13 12 0.48657099999999998 0.441436 0.17821400000000001 0.30976500000000001 0.18262 0 0.17680599999999996 0.25881599999999999 0.17821400000000001 0.0097429999999999999 0.0098029999999999992 0.0091800000000000007 0.14552499999999996 0.22735500000000003 0.14787800000000004 0.0034839999999999997 0.0034710000000000001 0.0034520000000000002 0.000745 0.00075700000000000008 0.000727 25.818378489801781 25.818378489801781 25.818378489801781 0.00029098062822963968 0.00029098062822963968 0.00029098062822963968 1 1 1 Converged Converged Converged OK OK OK 69 69 69 69 69 69 3 3 3 0 0 0 0 1 0 0 1
32 32 linear 3 23 323 3 0.0001 1.914121853138179 0.11201489162104371 9.0921174473078663e-05 0.15553912733542921 -0.05643727371851117 0.15555731157032382 0.5 0.037254991164388018 25.759359191229251 OK 13 12 0.48368800000000001 0.430751 0.16977600000000001 0.309112 0.18450800000000001 0 0.17457600000000001 0.24624299999999999 0.16977600000000001 0.0092540000000000001 0.0093539999999999995 0.0088450000000000004 0.14385000000000001 0.21198599999999998 0.13986999999999999 0.0034780000000000002 0.0035769999999999999 0.0034889999999999999 0.00068300000000000001 0.00073200000000000001 0.00067699999999999998 25.759345725865412 25.759345725865412 25.759345725865412 0.0002909701838726982 0.0002909701838726982 0.0002909701838726982 1 1 1 Converged Converged Converged OK OK OK 69 69 69 69 69 69 3 3 3 0 0 0 0 1 0 0 1
32 32 linear 4 0 324 0 0.001 1.914121853138179 0.11201489162104371 9.0921174473078663e-05 0.13537449757657319 -0.044322594767746595 0.13535631334167858 0.5 0.057455989393033258 139.50491091606241 OK 15 14 0.55152599999999996 0.55003000000000002 0.20697099999999999 0.33975 0.34102700000000002 0 0.21177599999999996 0.20900299999999999 0.20697099999999999 0.017384 0.017586999999999998 0.016806000000000001 0.16362299999999999 0.16045299999999998 0.159521 0.0042089999999999992 0.004386000000000001 0.0041869999999999997 0.00094500000000000009 0.00095600000000000004 0.00093999999999999997 139.50482444915201 139.50482444915201 139.50482444915201 0.12645906209754626 0.12645906209754626 0.12645906209754626 1 1 1 Converged Converged Converged OK OK OK 83 83 83 83 83 83 5 5 5 0 0 0 0 0 1 0 0
32 32 linear 4 7 324 1 0.001 1.914121853138179 0.11201489162104371 9.0921174473078663e-05 0.13537449757657319 -0.044322594767746595 0.13536738200639703 0.5 0.057444920728314808 137.00568561313338 OK 15 14 0.53772399999999998 0.49698500000000001 0.20033200000000001 0.332484 0.20153099999999999 0 0.20523999999999998 0.29545399999999999 0.20033200000000001 0.016486000000000001 0.016319 0.015767 0.16298199999999999 0.25348200000000004 0.15934999999999999 0.0044149999999999997 0.0042399999999999998 0.0043459999999999992 0.00092800000000000001 0.00088600000000000007 0.000892 137.0056008677636 137.0056008677636 137.0056008677636 0.12095583801011224 0.12095583801011224 0.12095583801011224 1 1 1 Converged Converged Converged OK OK OK 83 83 83 83 83 83 5 5 5 0 0 0 0 1 0 0 1
32 32 linear 4 15 324 2 0.001 1.914121853138179 0.11201489162104371 9.0921174473078663e-05 0.13537449757657319 -0.044322594767746595 0.13538003190893241 0.5 0.057432270825779425 134.35072105388514 OK 15 14 0.54912799999999995 0.51853000000000005 0.20352300000000001 0.34406399999999998 0.21512000000000001 0 0.20506399999999997 0.30341000000000007 0.20352300000000001 0.015672999999999999 0.015817000000000001 0.015228999999999999 0.16381599999999999 0.26165499999999997 0.1633139999999999 0.0043249999999999999 0.0043319999999999999 0.0042110000000000003 0.00092900000000000003 0.00097400000000000004 0.00089499999999999996 134.35063950944465 134.35063950944465 134.35063950944465 0.11542780947020777 0.11542780947020777 0.11542780947020777 1 1 1 Converged Converged Converged OK OK OK 83 83 83 83 83 83 5 5 5 0 0 0 0 1 0 0 1
32 32 linear 4 23 324 3 0.001 1.914121853138179 0.11201489162104371 9.0921174473078663e-05 0.13537449757657319 -0.044322594767746595 0.1353926818114678 0.5 0.057419620923244041 131.88389857649011 OK 15 14 0.53450200000000003 0.478043 0.197988 0.33037899999999998 0.20225000000000001 0 0.20412300000000005 0.27579299999999995 0.197988 0.015524 0.015519 0.014775999999999999 0.16249099999999997 0.23478599999999999 0.15850099999999995 0.0044210000000000005 0.0043019999999999994 0.0040819999999999997 0.00091200000000000005 0.00093900000000000016 0.00089899999999999995 131.88381714222803 131.88381714222803 131.88381714222803 0.11056943440304988 0.11056943440304988 0.11056943440304988 1 1 1 Converged Converged Converged OK OK OK 83 83 83 83 83 83 5 5 5 0 0 0 0 1 0 0 1
32 32 linear 4 0 324 0 0.0001 1.914121853138179 0.11201489162104371 9.0921174473078663e-05 0.13537449757657319 -0.044322594767746595 0.13535631334167858 0.5 0.057455989393033258 139.50491091606241 OK 15 14 0.62424599999999997 0.61900599999999995 0.27152100000000001 0.34080899999999997 0.34469699999999998 0 0.28343699999999999 0.27430899999999997 0.27152100000000001 0.017208000000000001 0.017215999999999999 0.016746 0.2225939999999999 0.21275800000000009 0.21190799999999999 0.0060410000000000004 0.0066490000000000004 0.0059509999999999997 0.0011919999999999999 0.001294 0.0012319999999999998 139.50482327748074 139.50482327748074 139.50482327748074 0.0099580145990126462 0.0099580145990126462 0.0099580145990126462 1 1 1 Converged Converged Converged OK OK OK 115 115 115 115 115 115 5 5 5 0 0 0 0 0 1 0 0
32 32 linear 4 7 324 1 0.0001 1.914121853138179 0.11201489162104371 9.0921174473078663e-05 0.13537449757657319 -0.044322594767746595 0.13536738200639703 0.5 0.057444920728314808 137.00568561313338 OK 15 14 0.59692999999999996 0.59960199999999997 0.26300699999999999 0.32815800000000001 0.202792 0 0.26877199999999996 0.39681 0.26300699999999999 0.016558 0.016337999999999998 0.015740000000000001 0.21673100000000003 0.34455299999999989 0.21232300000000009 0.005888 0.0061279999999999998 0.0059160000000000011 0.0011949999999999999 0.0012330000000000002 0.0012099999999999999 137.00559981274324 137.00559981274324 137.00559981274324 0.0099583810971148375 0.0099583810971148375 0.0099583810971148375 1 1 1 Converged Converged Converged OK OK OK 115 115 115 115 115 115 5 5 5 0 0 0 0 1 0 0 1
32 32 linear 4 15 324 2 0.0001 1.914121853138179 0.11201489162104371 9.0921174473078663e-05 0.13537449757657319 -0.044322594767746595 0.13538003190893241 0.5 0.057432270825779425 134.35072105388514 OK 15 14 0.62491600000000003 0.63847799999999999 0.274474 0.34743099999999999 0.216942 0 0.27748500000000004 0.42153600000000002 0.274474 0.015802 0.015876999999999999 0.018430999999999999 0.22650899999999999 0.36992499999999984 0.22115200000000002 0.005912999999999999 0.0060910000000000001 0.0058589999999999996 0.001214 0.0012199999999999999 0.0011939999999999997 134.35063856768915 134.35063856768915 134.35063856768915 0.0099588816312392962 0.0099588816312392962 0.0099588816312392962 1 1 1 Converged Converged Converged OK OK OK 115 115 115 115 115 115 5 5 5 0 0 0 0 1 0 0 1
32 32 linear 4 23 324 3 0.0001 1.914121853138179 0.11201489162104371 9.0921174473078663e-05 0.13537449757657319 -0.044322594767746595 0.1353926818114678 0.5 0.057419620923244041 131.88389857649011 OK 15 14 0.60417100000000001 0.600518 0.26757500000000001 0.32594200000000001 0.206654 0 0.278229 0.39386399999999999 0.26757500000000001 0.015396 0.015578 0.014692 0.22770199999999993 0.34286899999999987 0.21822499999999995 0.0059389999999999998 0.0060140000000000002 0.0058320000000000004 0.0011790000000000001 0.001194 0.0011659999999999999 131.88381629669396 131.88381629669396 131.88381629669396 0.0099594527104809628 0.0099594527104809628 0.0099594527104809628 1 1 1 Converged Converged Converged OK OK OK 115 115 115 115 115 115 5 5 5 0 0 0 0 1 0 0 1
32 32 uniform 0 0 325 0 0.001 1.914121853138179 0.11201489162104371 9.0921174473078663e-05 -1.2614605682245867 -0.13901648733755143 -1.2614787524594813 0 1.4542910551941932 113.92905275204079 OK 14 13 1.0576700000000001 1.059188 0.19616600000000001 0.86338599999999999 0.86021000000000003 0 0.19428400000000012 0.19897799999999999 0.19616600000000001 0.012520999999999999 0.012713 0.011953 0.15570799999999999 0.15988200000000002 0.15850699999999998 0.0035300000000000002 0.0036780000000000003 0.003431 0.00089600000000000009 0.00084000000000000003 0.00076500000000000005 113.92904752182454 113.92904752182454 113.92904752182454 0.03216122176380843 0.03216122176380843 0.03216122176380843 1 1 1 Converged Converged Converged OK OK OK 74 74 74 74 74 74 6 6 6 0 0 0 0 0 1 0 0
32 32 uniform 0 7 325 1 0.001 1.914121853138179 0.11201489162104371 9.0921174473078663e-05 -1.2614605682245867 -0.13901648733755143 -1.2614676837947629 0 1.4542799865294747 104.55549184833417 OK 14 13 0.92284999999999995 0.89340399999999998 0.18487600000000001 0.73509599999999997 0.60734500000000002 0 0.18775399999999998 0.28605899999999995 0.18487600000000001 0.011402000000000001 0.011507 0.010711 0.15560499999999997 0.25373300000000004 0.15420999999999993 0.0032700000000000003 0.0036020000000000002 0.003261 0.00076699999999999989 0.00076199999999999998 0.00074899999999999999 104.55549129251023 104.55549129251023 104.55549129251023 0.032982396244855411 0.032982396244855411 0.032982396244855411 1 1 1 Converged Converged Converged OK OK OK 74 74 74 74 74 74 6 6 6 0 0 0 0 1 0 0 1
32 32 uniform 0 15 325 2 0.001 1.914121853138179 0.11201489162104371 9.0921174473078663e-05 -1.2614605682245867 -0.13901648733755143 -1.2614550338922275 0 1.4542673366269394 92.859502906670485 OK 14 13 1.017684 0.99754200000000004 0.185201 0.830314 0.70856699999999995 0 0.18737000000000004 0.28897500000000009 0.185201 0.011256 0.01145 0.010749999999999999 0.15538399999999997 0.256741 0.15465099999999998 0.0034609999999999997 0.0035890000000000002 0.0031689999999999999 0.000803 0.00076500000000000005 0.00073000000000000007 92.859515176853279 92.859515176853279 92.859515176853279 0.031911631292927886 0.031911631292927886 0.031911631292927886 1 1 1 Converged Converged Converged OK OK OK 74 74 74 74 74 74 6 6 6 0 0 0 0 1 0 0 1
32 32 uniform 0 23 325 3 0.001 1.914121853138179 0.11201489162104371 9.0921174473078663e-05 -1.2614605682245867 -0.13901648733755143 -1.2614423839896922 0 1.4542546867244042 80.190695856027588 OK 14 13 0.87288299999999996 0.85915299999999994 0.176237 0.69134300000000004 0.59205200000000002 0 0.18153999999999992 0.26710099999999992 0.176237 0.011495999999999999 0.011438 0.010887000000000001 0.15133500000000005 0.23746900000000001 0.147507 0.0032130000000000001 0.0030470000000000002 0.0027929999999999999 0.00077200000000000001 0.00073499999999999998 0.00069900000000000008 80.190737121489121 80.190737121489121 80.190737121489121 0.064554675808619608 0.064554675808619608 0.064554675808619608 1 1 1 Converged Converged Converged OK OK OK 66 66 66 66 66 66 6 6 6 0 0 0 0 1 0 0 1
32 32 uniform 0 0 325 0 0.0001 1.914121853138179 0.11201489162104371 9.0921174473078663e-05 -1.2614605682245867 -0.13901648733755143 -1.2614787524594813 0 1.4542910551941932 113.92905275204079 OK 14 13 1.1101289999999999 1.0929990000000001 0.225635 0.87634299999999998 0.86590400000000001 0 0.23378599999999994 0.22709500000000005 0.225635 0.013865000000000001 0.012442 0.011920999999999999 0.18640699999999993 0.18209599999999998 0.18154199999999998 0.004182 0.0041820000000000008 0.0041099999999999999 0.00107 0.0010529999999999999 0.001049 113.9290524438757 113.9290524438757 113.9290524438757 0.0084787746889932059 0.0084787746889932059 0.0084787746889932059 1 1 1 Converged Converged Converged OK OK OK 90 90 90 90 90 90 6 6 6 0 0 0 0 0 1 0 0
32 32 uniform 0 7 325 1 0.0001 1.914121853138179 0.11201489162104371 9.0921174473078663e-05 -1.2614605682245867 -0.13901648733755143 -1.2614676837947629 0 1.4542799865294747 104.55549184833417 OK 14 13 0.96236500000000003 0.93238500000000002 0.22697100000000001 0.73806400000000005 0.60759399999999997 0 0.22430099999999997 0.32479100000000005 0.22697100000000001 0.011501000000000001 0.011642 0.010862 0.18825500000000003 0.28753000000000012 0.19192299999999998 0.0039730000000000008 0.0044380000000000001 0.003999 0.00099599999999999992 0.0012359999999999999 0.0010220000000000001 104.55548912986329 104.55548912986329 104.55548912986329 0.0081968796824899541 0.0081968796824899541 0.0081968796824899541 1 1 1 Converged Converged Converged OK OK OK 90 90 90 90 90 90 6 6 6 0 0 0 0 1 0 0 1
32 32 uniform 0 15 325 2 0.0001 1.914121853138179 0.11201489162104371 9.0921174473078663e-05 -1.2614605682245867 -0.13901648733755143 -1.2614550338922275 0 1.4542673366269394 92.859502906670485 OK 14 13 1.0457959999999999 1.0366059999999999 0.215089 0.82735499999999995 0.70877999999999997 0 0.218441 0.32782599999999995 0.215089 0.011479 0.011591000000000001 0.010671 0.18189099999999997 0.29106699999999996 0.18035100000000001 0.0041510000000000002 0.0042519999999999997 0.0039950000000000003 0.001003 0.00107 0.00099299999999999996 92.859496708440346 92.859496708440346 92.859496708440346 0.0078792310404804389 0.0078792310404804389 0.0078792310404804389 1 1 1 Converged Converged Converged OK OK OK 90 90 90 90 90 90 6 6 6 0 0 0 0 1 0 0 1
32 32 uniform 0 23 325 3 0.0001 1.914121853138179 0.11201489162104371 9.0921174473078663e-05 -1.2614605682245867 -0.13901648733755143 -1.2614423839896922 0 1.4542546867244042 80.190695856027588 OK 14 13 0.92503100000000005 0.94464199999999998 0.22763 0.69437000000000004 0.59064000000000005 0 0.230661 0.35400199999999993 0.22763 0.011393 0.011499000000000001 0.010747 0.19456799999999994 0.31781799999999977 0.192941 0.004052 0.0040330000000000001 0.0038450000000000003 0.0010679999999999999 0.0010950000000000001 0.0010739999999999999 80.190688828993615 80.190688828993615 80.190688828993615 0.0054568693949650368 0.0054568693949650368 0.0054568693949650368 1 1 1 Converged Converged Converged OK OK OK 90 90 90 90 90 90 6 6 6 0 0 0 0 1 0 0 1
32 32 uniform 1 0 326 0 0.001 1.914121853138179 0.11201489162104371 9.0921174473078663e-05 -1.2862512007230367 0.068820875039533033 -1.2862693849579312 0 1.4790816876926431 24.386239741195183 OK 14 13 0.472777 0.47464699999999999 0.11317199999999999 0.35479100000000002 0.356327 0 0.11798599999999998 0.11831999999999998 0.11317199999999999 0.011669000000000001 0.011827000000000001 0.011331000000000001 0.085259999999999989 0.081430000000000002 0.081103000000000022 0.0026269999999999996 0.0026119999999999997 0.0025999999999999999 0.00070400000000000009 0.00077500000000000008 0.00067000000000000002 24.38622693073199 24.38622693073199 24.38622693073199 0.022002401444796649 0.022002401444796649 0.022002401444796649 1 1 1 Converged Converged Converged OK OK OK 66 66 66 66 66 66 6 6 6 0 0 0 0 0 1 0 0
32 32 uniform 1 7 326 1 0.001 1.914121853138179 0.11201489162104371 9.0921174473078663e-05 -1.2862512007230367 0.068820875039533033 -1.2862583162932129 0 1.4790706190279246 31.006158516328963 OK 14 13 0.49432500000000001 0.58118300000000001 0.112638 0.37975100000000001 0.26055099999999998 0 0.11457400000000001 0.32063200000000003 0.112638 0.011049 0.011063 0.010333 0.083775000000000016 0.28922800000000004 0.083352000000000009 0.0028730000000000001 0.0030859999999999998 0.0028579999999999999 0.00086499999999999999 0.00084099999999999995 0.00081499999999999997 31.006145572672857 31.006145572672857 31.006145572672857 0.010173557819143794 0.010173557819143794 0.010173557819143794 1 1 1 Converged Converged Converged OK OK OK 74 74 74 74 74 74 6 6 6 0 0 0 0 1 0 0 1
32 32 uniform 1 15 326 2 0.001 1.914121853138179 0.11201489162104371 9.0921174473078663e-05 -1.2862512007230367 0.068820875039533033 -1.2862456663906774 0 1.4790579691253893 38.156354314455214 OK 14 13 0.44302200000000003 0.492838 0.110823 0.32596599999999998 0.204766 0 0.11705600000000005 0.28807199999999999 0.110823 0.010871 0.011049 0.010302 0.087746999999999978 0.25777500000000009 0.082626000000000047 0.0029940000000000001 0.0032479999999999996 0.0029450000000000001 0.00075700000000000019 0.00081700000000000002 0.00074799999999999997 38.15634160995684 38.15634160995684 38.15634160995684 0.010150195235844534 0.010150195235844534 0.010150195235844534 1 1 1 Converged Converged Converged OK OK OK 74 74 74 74 74 74 6 6 6 0 0 0 0 1 0 0 1
32 32 uniform 1 23 326 3 0.001 1.914121853138179 0.11201489162104371 9.0921174473078663e-05 -1.2862512007230367 0.068820875039533033 -1.2862330164881421 0 1.4790453192228541 44.842163909878884 OK 14 13 0.50329699999999999 0.56169000000000002 0.120578 0.38404500000000003 0.25931599999999999 0 0.11925199999999997 0.30237400000000003 0.120578 0.010988 0.011089999999999999 0.010368 0.089773999999999993 0.27224500000000013 0.092165000000000039 0.003016 0.0031929999999999997 0.0029640000000000001 0.00077099999999999998 0.00077800000000000005 0.00073900000000000007 44.84215215256053 44.84215215256053 44.84215215256053 0.010201419984035691 0.010201419984035691 0.010201419984035691 1 1 1 Converged Converged Converged OK OK OK 74 74 74 74 74 74 6 6 6 0 0 0 0 1 0 0 1
32 32 uniform 1 0 326 0 0.0001 1.914121853138179 0.11201489162104371 9.0921174473078663e-05 -1.2862512007230367 0.068820875039533033 -1.2862693849579312 0 1.4790816876926431 24.386239741195183 OK 14 13 0.49687199999999998 0.498388 0.13578100000000001 0.35596899999999998 0.35622700000000002 0 0.140903 0.14216099999999998 0.13578100000000001 0.01184 0.011672999999999999 0.011221 0.101303 0.10339899999999998 0.097519999999999954 0.0034360000000000003 0.0034029999999999998 0.0033430000000000001 0.00098299999999999993 0.00096999999999999994 0.0010330000000000001 24.386237703187916 24.386237703187916 24.386237703187916 0.001330087740312672 0.001330087740312672 0.001330087740312672 1 1 1 Converged Converged Converged OK OK OK 82 82 82 82 82 82 6 6 6 0 0 0 0 0 1 0 0
32 32 uniform 1 7 326 1 0.0001 1.914121853138179 0.11201489162104371 9.0921174473078663e-05 -1.2862512007230367 0.068820875039533033 -1.2862583162932129 0 1.4790706190279246 31.006158516328963 OK 14 13 0.50401200000000002 0.59036100000000002 0.12479 0.37766699999999997 0.25887199999999999 0 0.12634500000000004 0.33148900000000003 0.12479 0.011057000000000001 0.011117999999999999 0.010348 0.094424999999999967 0.29926500000000011 0.093911999999999982 0.003395 0.0034429999999999999 0.00332 0.00094500000000000009 0.00094600000000000012 0.000959 31.006156874618696 31.006156874618696 31.006156874618696 0.0011734551392598681 0.0011734551392598681 0.0011734551392598681 1 1 1 Converged Converged Converged OK OK OK 82 82 82 82 82 82 6 6 6 0 0 0 0 1 0 0 1
32 32 uniform 1 15 326 2 0.0001 1.914121853138179 0.11201489162104371 9.0921174473078663e-05 -1.2862512007230367 0.068820875039533033 -1.2862456663906774 0 1.4790579691253893 38.156354314455214 OK 14 13 0.45389099999999999 0.50500500000000004 0.12778500000000001 0.32865800000000001 0.20605799999999999 0 0.12523299999999998 0.29894700000000007 0.12778500000000001 0.010936 0.011009 0.011656 0.093407999999999977 0.26661399999999996 0.09533000000000004 0.0034039999999999999 0.0035820000000000001 0.0034559999999999999 0.00095700000000000006 0.00096400000000000001 0.00092900000000000003 38.156352912155775 38.156352912155775 38.156352912155775 0.00114989059686386 0.00114989059686386 0.00114989059686386 1 1 1 Converged Converged Converged OK OK OK 82 82 82 82 82 82 6 6 6 0 0 0 0 1 0 0 1
32 32 uniform 1 23 326 3 0.0001 1.914121853138179 0.11201489162104371 9.0921174473078663e-05 -1.2862512007230367 0.068820875039533033 -1.2862330164881421 0 1.4790453192228541 44.842163909878884 OK 14 13 0.52581900000000004 0.57397600000000004 0.12862699999999999 0.39219799999999999 0.26016400000000001 0 0.13362100000000005 0.31381200000000004 0.12862699999999999 0.011126 0.010992 0.01035 0.10106499999999997 0.28149500000000005 0.097956000000000001 0.0035570000000000003 0.0035520000000000005 0.0033379999999999998 0.00092200000000000008 0.00092400000000000013 0.00089999999999999998 44.842163455013626 44.842163455013626 44.842163455013626 0.0012009133832194651 0.0012009133832194651 0.0012009133832194651 1 1 1 Converged Converged Converged OK OK OK 82 82 82 82 82 82 6 6 6 0 0 0 0 1 0 0 1
32 32 uniform 2 0 327 0 0.001 1.914121853138179 0.11201489162104371 9.0921174473078663e-05 0.15165970998821557 -0.023154936181818731 0.15164152575332096 0 0.041170776981390877 162.10259399409364 OK 14 13 0.50343899999999997 0.50226899999999997 0.16517699999999999 0.33796199999999998 0.33721699999999999 0 0.16547699999999999 0.16505199999999998 0.16517699999999999 0.013349 0.013501000000000001 0.013183 0.12992000000000004 0.12986899999999998 0.12969800000000001 0.0028149999999999998 0.0028530000000000005 0.0027029999999999997 0.000767 0.00076599999999999997 0.00075700000000000008 162.10259478351833 162.10259478351833 162.10259478351833 0.0060138488892827347 0.0060138488892827347 0.0060138488892827347 1 1 1 Converged Converged Converged OK OK OK 67 67 67 67 67 67 5 5 5 0 0 0 0 0 1 0 0
32 32 uniform 2 7 327 1 0.001 1.914121853138179 0.11201489162104371 9.0921174473078663e-05 0.15165970998821557 -0.023154936181818731 0.15165259441803941 0 0.041159708316672428 113.76952247517251 OK 14 13 0.49716300000000002 0.40429100000000001 0.16347900000000001 0.33249099999999998 0.20433599999999999 0 0.16467200000000004 0.19995500000000002 0.16347900000000001 0.012321 0.012411 0.011776 0.13476100000000005 0.16994499999999993 0.13483000000000001 0.0027420000000000001 0.0028389999999999995 0.0026940000000000002 0.00072900000000000005 0.00074299999999999995 0.00071600000000000006 113.76952408211223 113.76952408211223 113.76952408211223 0.005352945834368919 0.005352945834368919 0.005352945834368919 1 1 1 Converged Converged Converged OK OK OK 67 67 67 67 67 67 5 5 5 0 0 0 0 1 0 0 1
32 32 uniform 2 15 327 2 0.001 1.914121853138179 0.11201489162104371 9.0921174473078663e-05 0.15165970998821557 -0.023154936181818731 0.15166524432057479 0 0.041147058414137044 55.302624242957698 OK 14 13 0.50060899999999997 0.41492699999999999 0.16500300000000001 0.33451399999999998 0.200291 0 0.16609499999999999 0.21463599999999999 0.16500300000000001 0.012654 0.012784999999999999 0.011996 0.13607300000000008 0.18467599999999992 0.13617399999999999 0.002745 0.0027809999999999996 0.0027060000000000001 0.00074200000000000004 0.0007400000000000001 0.00072400000000000003 55.30262428861375 55.30262428861375 55.30262428861375 0.0048182791789025455 0.0048182791789025455 0.0048182791789025455 1 1 1 Converged Converged Converged OK OK OK 67 67 67 67 67 67 5 5 5 0 0 0 0 1 0 0 1
32 32 uniform 2 23 327 3 0.001 1.914121853138179 0.11201489162104371 9.0921174473078663e-05 0.15165970998821557 -0.023154936181818731 0.15167789422311018 0 0.041134408511601661 12.139629193725497 OK 13 12 0.41237800000000002 0.33457799999999999 0.083528000000000005 0.32755200000000001 0.198459 0 0.084826000000000013 0.13611899999999999 0.083528000000000005 0.0096699999999999998 0.015754000000000001 0.0090650000000000001 0.063303000000000012 0.10863100000000002 0.063125000000000001 0.0017850000000000001 0.0018600000000000001 0.0017859999999999998 0.000495 0.00053899999999999998 0.00051000000000000004 12.139628769133894 12.139628769133894 12.139628769133894 0.0045598935583299159 0.0045598935583299159 0.0045598935583299159 1 1 1 Converged Converged Converged OK OK OK 37 37 37 37 37 37 3 3 3 0 0 0 0 1 0 0 1
32 32 uniform 2 0 327 0 0.0001 1.914121853138179 0.11201489162104371 9.0921174473078663e-05 0.15165970998821557 -0.023154936181818731 0.15164152575332096 0 0.041170776981390877 162.10259399409364 OK 14 13 0.50544999999999995 0.50180999999999998 0.16436700000000001 0.33625699999999997 0.33719399999999999 0 0.16919299999999998 0.16461599999999998 0.16436700000000001 0.01371 0.013063999999999999 0.013105 0.13298600000000002 0.13021499999999997 0.129937 0.0029919999999999999 0.0027549999999999996 0.0027680000000000001 0.00085799999999999982 0.00073599999999999989 0.0007490000000000001 162.10259478351833 162.10259478351833 162.10259478351833 0.0060138488892827347 0.0060138488892827347 0.0060138488892827347 1 1 1 Converged Converged Converged OK OK OK 67 67 67 67 67 67 5 5 5 0 0 0 0 0 1 0 0
32 32 uniform 2 7 327 1 0.0001 1.914121853138179 0.11201489162104371 9.0921174473078663e-05 0.15165970998821557 -0.023154936181818731 0.15165259441803941 0 0.041159708316672428 113.76952247517251 OK 14 13 0.50036700000000001 0.40305200000000002 0.16300799999999999 0.33362999999999998 0.199847 0 0.16673700000000002 0.20320500000000002 0.16300799999999999 0.012657 0.015384 0.011702000000000001 0.13622199999999995 0.17016400000000004 0.13428499999999999 0.0028560000000000005 0.0029200000000000007 0.0027340000000000003 0.000812 0.00077000000000000007 0.00071900000000000002 113.76952408211223 113.76952408211223 113.76952408211223 0.005352945834368919 0.005352945834368919 0.005352945834368919 1 1 1 Converged Converged Converged OK OK OK 67 67 67 67 67 67 5 5 5 0 0 0 0 1 0 0 1
32 32 uniform 2 15 327 2 0.0001 1.914121853138179 0.11201489162104371 9.0921174473078663e-05 0.15165970998821557 -0.023154936181818731 0.15166524432057479 0 0.041147058414137044 55.302624242957698 OK 14 13 0.50256999999999996 0.41626200000000002 0.164884 0.335588 0.20422499999999999 0 0.16698199999999996 0.21203700000000003 0.164884 0.012695 0.012644000000000001 0.011989 0.13689600000000002 0.18207000000000007 0.13587300000000002 0.0027510000000000004 0.0027780000000000001 0.0027439999999999999 0.00073800000000000005 0.00074100000000000001 0.00072900000000000005 55.30262428861375 55.30262428861375 55.30262428861375 0.0048182791789025455 0.0048182791789025455 0.0048182791789025455 1 1 1 Converged Converged Converged OK OK OK 67 67 67 67 67 67 5 5 5 0 0 0 0 1 0 0 1
32 32 uniform 2 23 327 3 0.0001 1.914121853138179 0.11201489162104371 9.0921174473078663e-05 0.15165970998821557 -0.023154936181818731 0.15167789422311018 0 0.041134408511601661 12.139629193725497 OK 13 12 0.47144000000000003 0.43271900000000002 0.139908 0.32891799999999999 0.19722500000000001 0 0.14252200000000004 0.23549400000000001 0.139908 0.0096679999999999995 0.0098010000000000007 0.0090369999999999999 0.10998199999999994 0.199409 0.10904399999999999 0.0036989999999999996 0.0038339999999999997 0.0034279999999999996 0.00074500000000000011 0.00073499999999999998 0.00072499999999999995 12.139628769242886 12.139628769242886 12.139628769242886 0.00028622778700134323 0.00028622778700134323 0.00028622778700134323 1 1 1 Converged Converged Converged OK OK OK 69 69 69 69 69 69 3 3 3 0 0 0 0 1 0 0 1
32 32 uniform 3 0 328 0 0.001 1.914121853138179 0.11201489162104371 9.0921174473078663e-05 0.15553912733542921 -0.05643727371851117 0.1555209431005346 0 0.037291359634177235 25.93094960672801 OK 13 12 0.392843 0.39258799999999999 0.087134000000000003 0.304925 0.3044 0 0.087917999999999996 0.088187999999999989 0.087134000000000003 0.0094000000000000004 0.0097319999999999993 0.0093880000000000005 0.065585999999999992 0.065680999999999989 0.065200999999999995 0.001745 0.001776 0.0017079999999999999 0.00044500000000000003 0.00045600000000000003 0.00042399999999999995 25.930949116037855 25.930949116037855 25.930949116037855 0.0093586979235003778 0.0093586979235003778 0.0093586979235003778 1 1 1 Converged Converged Converged OK OK OK 37 37 37 37 37 37 3 3 3 0 0 0 0 0 1 0 0
32 32 uniform 3 7 328 1 0.001 1.914121853138179 0.11201489162104371 9.0921174473078663e-05 0.15553912733542921 -0.05643727371851117 0.15553201176525305 0 0.037280290969458785 25.878495722925202 OK 13 12 0.39722600000000002 0.31581500000000001 0.083088999999999996 0.30951499999999998 0.189689 0 0.087711000000000039 0.12612600000000002 0.083088999999999996 0.011554 0.0087449999999999993 0.0082360000000000003 0.064434999999999992 0.10590000000000002 0.06377300000000001 0.0017470000000000001 0.0017519999999999999 0.0017060000000000001 0.00044499999999999997 0.00045599999999999997 0.00042199999999999996 25.878495229635959 25.878495229635959 25.878495229635959 0.0093406990774768921 0.0093406990774768921 0.0093406990774768921 1 1 1 Converged Converged Converged OK OK OK 37 37 37 37 37 37 3 3 3 0 0 0 0 1 0 0 1
32 32 uniform 3 15 328 2 0.001 1.914121853138179 0.11201489162104371 9.0921174473078663e-05 0.15553912733542921 -0.05643727371851117 0.15554466166778844 0 0.037267641066923402 25.818990022732994 OK 13 12 0.39100000000000001 0.31609100000000001 0.084084999999999993 0.30566100000000002 0.18424299999999999 0 0.085338999999999998 0.13184800000000002 0.084084999999999993 0.0096799999999999994 0.0095899999999999996 0.0090919999999999994 0.064178000000000013 0.11071599999999999 0.063954999999999998 0.0017439999999999999 0.0017869999999999997 0.0016939999999999998 0.00044900000000000002 0.00044799999999999999 0.00042200000000000001 25.818989528887069 25.818989528887069 25.818989528887069 0.0093202768784855523 0.0093202768784855523 0.0093202768784855523 1 1 1 Converged Converged Converged OK OK OK 37 37 37 37 37 37 3 3 3 0 0 0 0 1 0 0 1
32 32 uniform 3 23 328 3 0.001 1.914121853138179 0.11201489162104371 9.0921174473078663e-05 0.15553912733542921 -0.05643727371851117 0.15555731157032382 0 0.037254991164388018 25.759949656659799 OK 13 12 0.39357500000000001 0.311776 0.083158999999999997 0.30924499999999999 0.183834 0 0.084330000000000016 0.127942 0.083158999999999997 0.009325 0.009247 0.0088000000000000005 0.063568999999999987 0.10736000000000002 0.063371000000000011 0.001748 0.0017430000000000002 0.0016779999999999998 0.00043699999999999994 0.000446 0.00042299999999999998 25.759949165899915 25.759949165899915 25.759949165899915 0.0093000105041592326 0.0093000105041592326 0.0093000105041592326 1 1 1 Converged Converged Converged OK OK OK 37 37 37 37 37 37 3 3 3 0 0 0 0 1 0 0 1
32 32 uniform 3 0 328 0 0.0001 1.914121853138179 0.11201489162104371 9.0921174473078663e-05 0.15553912733542921 -0.05643727371851117 0.1555209431005346 0 0.037291359634177235 25.93094960672801 OK 13 12 0.41734500000000002 0.41549900000000001 0.111009 0.305622 0.30398900000000001 0 0.11172300000000002 0.11151 0.111009 0.0097809999999999998 0.0098110000000000003 0.0094800000000000006 0.083456000000000002 0.083403999999999992 0.083330000000000001 0.0025609999999999999 0.0025490000000000001 0.002506 0.00055400000000000002 0.00055400000000000002 0.00053899999999999998 25.930949115724111 25.930949115724111 25.930949115724111 0.0023596480023776651 0.0023596480023776651 0.0023596480023776651 1 1 1 Converged Converged Converged OK OK OK 53 53 53 53 53 53 3 3 3 0 0 0 0 0 1 0 0
32 32 uniform 3 7 328 1 0.0001 1.914121853138179 0.11201489162104371 9.0921174473078663e-05 0.15553912733542921 -0.05643727371851117 0.15553201176525305 0 0.037280290969458785 25.878495722925202 OK 13 12 0.41811799999999999 0.35716199999999998 0.105851 0.31080600000000003 0.18917900000000001 0 0.10731199999999996 0.16798299999999997 0.105851 0.0088699999999999994 0.0087880000000000007 0.008345 0.082005000000000008 0.142929 0.081520999999999968 0.0025539999999999998 0.0026230000000000003 0.0025570000000000002 0.00055400000000000002 0.00054800000000000009 0.00053000000000000009 25.878495229351504 25.878495229351504 25.878495229351504 0.0023597790360020878 0.0023597790360020878 0.0023597790360020878 1 1 1 Converged Converged Converged OK OK OK 53 53 53 53 53 53 3 3 3 0 0 0 0 1 0 0 1
32 32 uniform 3 15 328 2 0.0001 1.914121853138179 0.11201489162104371 9.0921174473078663e-05 0.15553912733542921 -0.05643727371851117 0.15554466166778844 0 0.037267641066923402 25.818990022732994 OK 13 12 0.418155 0.36410799999999999 0.10666200000000001 0.30690400000000001 0.18461900000000001 0 0.11125099999999999 0.17948899999999998 0.10666200000000001 0.0096050000000000007 0.009783 0.0091590000000000005 0.085280000000000022 0.15329999999999999 0.081771999999999997 0.0025599999999999998 0.0025349999999999999 0.002477 0.00056300000000000002 0.00054700000000000007 0.00053600000000000002 25.818989528588169 25.818989528588169 25.818989528588169 0.0023599288479724703 0.0023599288479724703 0.0023599288479724703 1 1 1 Converged Converged Converged OK OK OK 53 53 53 53 53 53 3 3 3 0 0 0 0 1 0 0 1
32 32 uniform 3 23 328 3 0.0001 1.914121853138179 0.11201489162104371 9.0921174473078663e-05 0.15553912733542921 -0.05643727371851117 0.15555731157032382 0 0.037254991164388018 25.759949656659799 OK 13 12 0.41663800000000001 0.35546800000000001 0.10736800000000001 0.30798900000000001 0.18901299999999999 0 0.108649 0.16645500000000002 0.10736800000000001 0.0093399999999999993 0.0093620000000000005 0.0088430000000000002 0.083052000000000001 0.14083200000000001 0.082718 0.002529 0.0026340000000000001 0.002526 0.00054799999999999998 0.00055999999999999995 0.00053900000000000009 25.759949165586178 25.759949165586178 25.759949165586178 0.0023600786578918558 0.0023600786578918558 0.0023600786578918558 1 1 1 Converged Converged Converged OK OK OK 53 53 53 53 53 53 3 3 3 0 0 0 0 1 0 0 1
32 32 uniform 4 0 329 0 0.001 1.914121853138179 0.11201489162104371 9.0921174473078663e-05 0.13537449757657319 -0.044322594767746595 0.13535631334167858 0 0.057455989393033258 139.91772263247717 OK 15 14 0.49402000000000001 0.500865 0.15426699999999999 0.33871099999999998 0.34520499999999998 0 0.15530900000000003 0.15566000000000002 0.15426699999999999 0.017094000000000002 0.017358999999999999 0.016736000000000001 0.11333699999999999 0.11338899999999998 0.11266999999999999 0.003235 0.0032320000000000001 0.003202 0.00080899999999999993 0.00080600000000000008 0.00078699999999999994 139.91771823871181 139.91771823871181 139.91771823871181 0.071421945733637415 0.071421945733637415 0.071421945733637415 1 1 1 Converged Converged Converged OK OK OK 67 67 67 67 67 67 5 5 5 0 0 0 0 0 1 0 0
32 32 uniform 4 7 329 1 0.001 1.914121853138179 0.11201489162104371 9.0921174473078663e-05 0.13537449757657319 -0.044322594767746595 0.13536738200639703 0 0.057444920728314808 137.37537617114512 OK 15 14 0.48032399999999997 0.426568 0.14771100000000001 0.32666299999999998 0.20543900000000001 0 0.15366099999999999 0.22112899999999999 0.14771100000000001 0.016605000000000002 0.016344999999999998 0.015687 0.11619299999999998 0.18429299999999987 0.11220299999999991 0.0033680000000000003 0.0032590000000000006 0.0031260000000000003 0.00085300000000000003 0.00080800000000000002 0.00074100000000000001 137.37537218334131 137.37537218334131 137.37537218334131 0.067332098559316433 0.067332098559316433 0.067332098559316433 1 1 1 Converged Converged Converged OK OK OK 67 67 67 67 67 67 5 5 5 0 0 0 0 1 0 0 1
32 32 uniform 4 15 329 2 0.001 1.914121853138179 0.11201489162104371 9.0921174473078663e-05 0.13537449757657319 -0.044322594767746595 0.13538003190893241 0 0.057432270825779425 134.67884897043862 OK 15 14 0.49340099999999998 0.44567200000000001 0.15026500000000001 0.34123199999999998 0.218891 0 0.152169 0.22678100000000001 0.15026500000000001 0.015820000000000001 0.015866999999999999 0.01506 0.11594299999999999 0.19042000000000001 0.11533499999999999 0.003287 0.0033 0.003202 0.00075100000000000004 0.0007670000000000001 0.00074200000000000004 134.67884555737538 134.67884555737538 134.67884555737538 0.063233345997577434 0.063233345997577434 0.063233345997577434 1 1 1 Converged Converged Converged OK OK OK 67 67 67 67 67 67 5 5 5 0 0 0 0 1 0 0 1
32 32 uniform 4 23 329 3 0.001 1.914121853138179 0.11201489162104371 9.0921174473078663e-05 0.13537449757657319 -0.044322594767746595 0.1353926818114678 0 0.057419620923244041 132.17700575683074 OK 15 14 0.476157 0.41304999999999997 0.14593900000000001 0.32816800000000002 0.20230999999999999 0 0.14798899999999998 0.21073999999999998 0.14593900000000001 0.015713999999999999 0.015552 0.014768 0.11196399999999999 0.17483000000000001 0.11130300000000001 0.0031989999999999996 0.0032689999999999998 0.0031289999999999998 0.00076400000000000003 0.00077800000000000005 0.00076599999999999997 132.17700263344 132.17700263344 132.17700263344 0.059639472205868474 0.059639472205868474 0.059639472205868474 1 1 1 Converged Converged Converged OK OK OK 67 67 67 67 67 67 5 5 5 0 0 0 0 1 0 0 1
32 32 uniform 4 0 329 0 0.0001 1.914121853138179 0.11201489162104371 9.0921174473078663e-05 0.13537449757657319 -0.044322594767746595 0.13535631334167858 0 0.057455989393033258 139.91772263247717 OK 15 14 0.54887600000000003 0.54907899999999998 0.205625 0.34180100000000002 0.34274300000000002 0 0.20707500000000001 0.20633599999999996 0.205625 0.017382999999999999 0.017315000000000001 0.016766 0.15269300000000005 0.15239099999999997 0.15236599999999989 0.0049389999999999998 0.0049559999999999995 0.0049160000000000002 0.001077 0.001062 0.0010380000000000001 139.91771823220688 139.91771823220688 139.91771823220688 0.0063133672283737698 0.0063133672283737698 0.0063133672283737698 1 1 1 Converged Converged Converged OK OK OK 99 99 99 99 99 99 5 5 5 0 0 0 0 0 1 0 0
32 32 uniform 4 7 329 1 0.0001 1.914121853138179 0.11201489162104371 9.0921174473078663e-05 0.13537449757657319 -0.044322594767746595 0.13536738200639703 0 0.057444920728314808 137.37537617114512 OK 15 14 0.52629300000000001 0.51219499999999996 0.198077 0.32552799999999998 0.20097400000000001 0 0.20076500000000003 0.31122099999999997 0.198077 0.016327000000000001 0.016331999999999999 0.015762000000000002 0.15435199999999999 0.26489000000000001 0.15266099999999999 0.0048949999999999992 0.0048679999999999999 0.0047850000000000002 0.0010280000000000001 0.001023 0.001042 137.37537217817629 137.37537217817629 137.37537217817629 0.0063149661441649846 0.0063149661441649846 0.0063149661441649846 1 1 1 Converged Converged Converged OK OK OK 99 99 99 99 99 99 5 5 5 0 0 0 0 1 0 0 1
32 32 uniform 4 15 329 2 0.0001 1.914121853138179 0.11201489162104371 9.0921174473078663e-05 0.13537449757657319 -0.044322594767746595 0.13538003190893241 0 0.057432270825779425 134.67884897043862 OK 15 14 0.54719200000000001 0.54691599999999996 0.20023199999999999 0.34554600000000002 0.21951499999999999 0 0.20164599999999999 0.32740099999999994 0.20023199999999999 0.015767 0.015786000000000001 0.015205 0.15564599999999995 0.28101100000000007 0.15535499999999999 0.0050030000000000005 0.0052709999999999996 0.0048840000000000003 0.0010219999999999999 0.0010369999999999999 0.0010250000000000001 134.67884555322448 134.67884555322448 134.67884555322448 0.0063167951741524824 0.0063167951741524824 0.0063167951741524824 1 1 1 Converged Converged Converged OK OK OK 99 99 99 99 99 99 5 5 5 0 0 0 0 1 0 0 1
32 32 uniform 4 23 329 3 0.0001 1.914121853138179 0.11201489162104371 9.0921174473078663e-05 0.13537449757657319 -0.044322594767746595 0.1353926818114678 0 0.057419620923244041 132.17700575683074 OK 15 14 0.52502800000000005 0.50738000000000005 0.19608800000000001 0.32395800000000002 0.19942399999999999 0 0.20107000000000003 0.30795600000000006 0.19608800000000001 0.015362000000000001 0.015296000000000001 0.014851 0.15275399999999997 0.26235700000000001 0.15190499999999996 0.0048730000000000006 0.0049289999999999994 0.0047860000000000003 0.0010280000000000001 0.001049 0.001036 132.17700263002257 132.17700263002257 132.17700263002257 0.0063186262740309272 0.0063186262740309272 0.0063186262740309272 1 1 1 Converged Converged Converged OK OK OK 99 99 99 99 99 99 5 5 5 0 0 0 0 1 0 0 1
33 33 linear 0 0 330 0 0.001 1.2835499322942798 0.00022854450441737369 0.055346986068698957 -0.51512517716514816 0.011240194963460268 -0.52619457437888795 0.5 0.52648785563423994 2.2448997440754366 OK 16 15 0.82103999999999999 0.81420400000000004 0.36048799999999998 0.45074199999999998 0.45241100000000001 0 0.37029800000000002 0.36179300000000003 0.36048799999999998 0.013575 0.013481999999999999 0.013146 0.30999299999999991 0.30271200000000004 0.30223300000000003 0.0070060000000000009 0.0064320000000000002 0.0067860000000000004 0.0015139999999999999 0.0015589999999999998 0.0015089999999999999 2.2448912595032917 2.2448912595032917 2.2448912595032917 0.0018800644057042311 0.0018800644057042311 0.0018800644057042311 1 1 1 Converged Converged Converged OK OK OK 125 125 125 125 125 125 11 11 11 0 0 0 0 0 1 0 0
33 33 linear 0 7 330 1 0.001 1.2835499322942798 0.00022854450441737369 0.055346986068698957 -0.51512517716514816 0.011240194963460268 -0.51945668042269855 0.5 0.51974996167805054 2.2710832149176796 OK 16 15 0.80860200000000004 0.65299799999999997 0.34138099999999999 0.454822 0.292574 0 0.35378000000000004 0.36042399999999997 0.34138099999999999 0.012441000000000001 0.012199 0.011416000000000001 0.30895400000000012 0.31759400000000004 0.29991999999999996 0.0067360000000000007 0.0060199999999999993 0.0060490000000000006 0.0014599999999999999 0.0013910000000000001 0.001351 2.2710723965439512 2.2710723965439512 2.2710723965439512 0.0022158728310619439 0.0022158728310619439 0.0022158728310619439 1 1 1 Converged Converged Converged OK OK OK 125 125 125 125 125 125 11 11 11 0 0 0 0 1 0 0 1
33 33 linear 0 15 330 2 0.001 1.2835499322942798 0.00022854450441737369 0.055346986068698957 -0.51512517716514816 0.011240194963460268 -0.51175623018705341 0.5 0.5120495114424054 2.2999576831667716 OK 16 15 0.74836599999999998 0.59406899999999996 0.379969 0.35320600000000002 0.19450300000000001 0 0.39515999999999996 0.39956599999999998 0.379969 0.012194 0.012489999999999999 0.011207999999999999 0.34738399999999986 0.3507579999999999 0.33528400000000008 0.0067530000000000003 0.0074530000000000013 0.0063029999999999996 0.0018779999999999999 0.001921 0.0016380000000000001 2.2999467129763258 2.2999467129763258 2.2999467129763258 0.0015214605433324277 0.0015214605433324277 0.0015214605433324277 1 1 1 Converged Converged Converged OK OK OK 133 133 133 133 133 133 11 11 11 0 0 0 0 1 0 0 1
33 33 linear 0 23 330 3 0.001 1.2835499322942798 0.00022854450441737369 0.055346986068698957 -0.51512517716514816 0.011240194963460268 -0.50405577995140838 0.5 0.50434906120676037 2.3279859906577585 OK 16 15 0.80619200000000002 0.65516399999999997 0.33078800000000003 0.468779 0.30731900000000001 0 0.33741300000000002 0.34784499999999996 0.33078800000000003 0.012237 0.012192 0.011302 0.29657400000000006 0.30639599999999995 0.29202700000000015 0.0058340000000000006 0.0061990000000000005 0.0052639999999999987 0.0013779999999999999 0.0013640000000000002 0.001276 2.3279573818868671 2.3279573818868671 2.3279573818868671 0.0019639556520643343 0.0019639556520643343 0.0019639556520643343 1 1 1 Converged Converged Converged OK OK OK 118 118 118 118 118 118 10 10 10 0 0 0 0 1 0 0 1
33 33 linear 0 0 330 0 0.0001 1.2835499322942798 0.00022854450441737369 0.055346986068698957 -0.51512517716514816 0.011240194963460268 -0.52619457437888795 0.5 0.52648785563423994 2.2448997440754366 OK 16 15 0.96692299999999998 0.96156299999999995 0.49979000000000001 0.456044 0.45172899999999999 0 0.51087899999999997 0.5098339999999999 0.49979000000000001 0.013606999999999999 0.013658999999999999 0.013239000000000001 0.42646200000000029 0.42096499999999992 0.41563600000000012 0.010455000000000001 0.013232000000000001 0.011169999999999999 0.0024169999999999999 0.0024449999999999997 0.0023109999999999997 2.2449009278795162 2.2449009278795162 2.2449009278795162 0.00019047786255745164 0.00019047786255745164 0.00019047786255745164 1 1 1 Converged Converged Converged OK OK OK 189 189 189 189 189 189 11 11 11 0 0 0 0 0 1 0 0
33 33 linear 0 7 330 1 0.0001 1.2835499322942798 0.00022854450441737369 0.055346986068698957 -0.51512517716514816 0.011240194963460268 -0.51945668042269855 0.5 0.51974996167805054 2.2710832149176796 OK 16 15 0.94252000000000002 0.80626299999999995 0.474775 0.45631899999999997 0.29560799999999998 0 0.48620100000000005 0.51065499999999997 0.474775 0.012317 0.01384 0.011379999999999999 0.42662800000000017 0.44634099999999977 0.41666700000000023 0.010059999999999999 0.012246999999999999 0.010297000000000001 0.0020639999999999999 0.0022380000000000004 0.0020729999999999998 2.2710840679353805 2.2710840679353805 2.2710840679353805 0.00010324921672550474 0.00010324921672550474 0.00010324921672550474 1 1 1 Converged Converged Converged OK OK OK 189 189 189 189 189 189 11 11 11 0 0 0 0 1 0 0 1
33 33 linear 0 15 330 2 0.0001 1.2835499322942798 0.00022854450441737369 0.055346986068698957 -0.51512517716514816 0.011240194963460268 -0.51175623018705341 0.5 0.5120495114424054 2.2999576831667716 OK 16 15 0.87187700000000001 0.72853699999999999 0.49930600000000003 0.35629499999999997 0.19497400000000001 0 0.51558199999999998 0.53356300000000001 0.49930600000000003 0.012374 0.012579999999999999 0.011297 0.4539399999999999 0.47190899999999986 0.44132400000000011 0.011398 0.011087 0.010331999999999999 0.0025990000000000002 0.0026380000000000002 0.0022760000000000002 2.2999611208811119 2.2999611208811119 2.2999611208811119 7.0228606246648971e-05 7.0228606246648971e-05 7.0228606246648971e-05 1 1 1 Converged Converged Converged OK OK OK 189 189 189 189 189 189 11 11 11 0 0 0 0 1 0 0 1
33 33 linear 0 23 330 3 0.0001 1.2835499322942798 0.00022854450441737369 0.055346986068698957 -0.51512517716514816 0.011240194963460268 -0.50405577995140838 0.5 0.50434906120676037 2.3279859906577585 OK 16 15 0.96651200000000004 0.82244399999999995 0.48779099999999997 0.46353899999999998 0.30585899999999999 0 0.50297300000000011 0.51658499999999996 0.48779099999999997 0.012322 0.012472 0.01129 0.44369500000000012 0.45566700000000021 0.43182400000000004 0.010832000000000001 0.011733 0.0096819999999999996 0.0021909999999999998 0.0022209999999999999 0.0021320000000000002 2.3279771318666311 2.3279771318666311 2.3279771318666311 7.8618254730029914e-05 7.8618254730029914e-05 7.8618254730029914e-05 1 1 1 Converged Converged Converged OK OK OK 182 182 182 182 182 182 10 10 10 0 0 0 0 1 0 0 1
33 33 linear 1 0 331 0 0.001 1.2835499322942798 0.00022854450441737369 0.055346986068698957 -0.014482451629194686 -0.030265366872251471 -0.025551848842934478 0.5 0.025845130098286467 31.211880429254144 OK 13 12 0.73342200000000002 0.72513700000000003 0.21197099999999999 0.51488800000000001 0.51265899999999998 0 0.21853400000000001 0.21247800000000006 0.21197099999999999 0.0096799999999999994 0.0095999999999999992 0.0092239999999999996 0.18157599999999993 0.17640400000000001 0.17654000000000003 0.0037949999999999998 0.0033100000000000004 0.0034879999999999998 0.00093599999999999998 0.00085800000000000004 0.00088599999999999985 31.211940279784358 31.211940279784358 31.211940279784358 0.0065301781508198108 0.0065301781508198108 0.0065301781508198108 1 1 1 Converged Converged Converged OK OK OK 81 81 81 81 81 81 7 7 7 0 0 0 0 0 1 0 0
33 33 linear 1 7 331 1 0.001 1.2835499322942798 0.00022854450441737369 0.055346986068698957 -0.014482451629194686 -0.030265366872251471 -0.018813954886745039 0.5 0.019107236142097028 32.711753625586319 OK 13 12 0.77695099999999995 0.59307900000000002 0.20416500000000001 0.56611299999999998 0.37894499999999998 0 0.21083799999999997 0.21413400000000005 0.20416500000000001 0.0088249999999999995 0.0087189999999999993 0.0080759999999999998 0.18139099999999997 0.18581999999999993 0.17714799999999997 0.0036709999999999998 0.0032830000000000003 0.0032849999999999997 0.00091700000000000006 0.00083700000000000007 0.00080500000000000005 32.71184518690405 32.71184518690405 32.71184518690405 0.0066403114584304363 0.0066403114584304363 0.0066403114584304363 1 1 1 Converged Converged Converged OK OK OK 81 81 81 81 81 81 7 7 7 0 0 0 0 1 0 0 1
33 33 linear 1 15 331 2 0.001 1.2835499322942798 0.00022854450441737369 0.055346986068698957 -0.014482451629194686 -0.030265366872251471 -0.011113504651099967 0.5 0.011406785906451958 33.844257323238288 OK 13 12 0.76254200000000005 0.58024600000000004 0.20069200000000001 0.55415400000000004 0.36858600000000002 0 0.20838800000000002 0.21166000000000001 0.20069200000000001 0.0088620000000000001 0.0088610000000000008 0.0080510000000000009 0.17936499999999994 0.17949599999999996 0.17370099999999999 0.0034769999999999996 0.0040210000000000003 0.0032770000000000004 0.001003 0.0010200000000000001 0.00094199999999999991 33.844363357853496 33.844363357853496 33.844363357853496 0.0067126753886006339 0.0067126753886006339 0.0067126753886006339 1 1 1 Converged Converged Converged OK OK OK 81 81 81 81 81 81 7 7 7 0 0 0 0 1 0 0 1
33 33 linear 1 23 331 3 0.001 1.2835499322942798 0.00022854450441737369 0.055346986068698957 -0.014482451629194686 -0.030265366872251471 -0.0034130544154548949 0.5 0.0037063356708068851 34.390807662790209 OK 13 12 0.74971200000000005 0.56845199999999996 0.19634499999999999 0.54566099999999995 0.364174 0 0.20405100000000009 0.20427799999999996 0.19634499999999999 0.0087810000000000006 0.0086859999999999993 0.0079539999999999993 0.17572200000000013 0.17643299999999992 0.16995800000000008 0.0034340000000000004 0.0032940000000000005 0.0031039999999999996 0.00085500000000000007 0.00082200000000000003 0.00080900000000000004 34.390982924426631 34.390982924426631 34.390982924426631 0.0067522189666514671 0.0067522189666514671 0.0067522189666514671 1 1 1 Converged Converged Converged OK OK OK 81 81 81 81 81 81 7 7 7 0 0 0 0 1 0 0 1
33 33 linear 1 0 331 0 0.0001 1.2835499322942798 0.00022854450441737369 0.055346986068698957 -0.014482451629194686 -0.030265366872251471 -0.025551848842934478 0.5 0.025845130098286467 31.211880429254144 OK 13 12 0.76210599999999995 0.75560700000000003 0.24071999999999999 0.51301200000000002 0.51392700000000002 0 0.24909399999999993 0.24168000000000001 0.24071999999999999 0.0096640000000000007 0.0095409999999999991 0.0090670000000000004 0.20804800000000007 0.20200300000000002 0.20133900000000002 0.004333 0.0040600000000000002 0.0040419999999999996 0.0010299999999999999 0.00099200000000000026 0.00099500000000000001 31.211949143145844 31.211949143145844 31.211949143145844 0.0028251861140052141 0.0028251861140052141 0.0028251861140052141 1 1 1 Converged Converged Converged OK OK OK 97 97 97 97 97 97 7 7 7 0 0 0 0 0 1 0 0
33 33 linear 1 7 331 1 0.0001 1.2835499322942798 0.00022854450441737369 0.055346986068698957 -0.014482451629194686 -0.030265366872251471 -0.018813954886745039 0.5 0.019107236142097028 32.711753625586319 OK 13 12 0.80050900000000003 0.61882599999999999 0.23288700000000001 0.55992900000000001 0.37986999999999999 0 0.24058000000000002 0.238956 0.23288700000000001 0.0086660000000000001 0.0086029999999999995 0.0080850000000000002 0.208597 0.20761900000000008 0.202597 0.0043070000000000001 0.0039459999999999999 0.0040609999999999995 0.001013 0.0009850000000000002 0.00099700000000000006 32.711854058263569 32.711854058263569 32.711854058263569 0.0028420555731314334 0.0028420555731314334 0.0028420555731314334 1 1 1 Converged Converged Converged OK OK OK 97 97 97 97 97 97 7 7 7 0 0 0 0 1 0 0 1
33 33 linear 1 15 331 2 0.0001 1.2835499322942798 0.00022854450441737369 0.055346986068698957 -0.014482451629194686 -0.030265366872251471 -0.011113504651099967 0.5 0.011406785906451958 33.844257323238288 OK 13 12 0.80491299999999999 0.60302 0.230936 0.56111299999999997 0.36652099999999999 0 0.24380000000000002 0.23649900000000001 0.230936 0.0087279999999999996 0.0087720000000000003 0.0080510000000000009 0.21185999999999999 0.20486100000000002 0.20084900000000008 0.004006 0.0041209999999999997 0.0040070000000000001 0.0011019999999999999 0.0011829999999999998 0.0010629999999999999 33.844372262213803 33.844372262213803 33.844372262213803 0.0028489104306155927 0.0028489104306155927 0.0028489104306155927 1 1 1 Converged Converged Converged OK OK OK 97 97 97 97 97 97 7 7 7 0 0 0 0 1 0 0 1
33 33 linear 1 23 331 3 0.0001 1.2835499322942798 0.00022854450441737369 0.055346986068698957 -0.014482451629194686 -0.030265366872251471 -0.0034130544154548949 0.5 0.0037063356708068851 34.390807662790209 OK 13 12 0.78860600000000003 0.59535400000000005 0.225353 0.554948 0.36297600000000002 0 0.23365800000000003 0.23237800000000003 0.225353 0.0090010000000000003 0.0087500000000000008 0.0080239999999999999 0.20250300000000007 0.19948299999999997 0.19579599999999997 0.0038760000000000001 0.0048790000000000005 0.003761 0.00098999999999999999 0.0012110000000000001 0.00095999999999999992 34.390991875947243 34.390991875947243 34.390991875947243 0.0028557915979208321 0.0028557915979208321 0.0028557915979208321 1 1 1 Converged Converged Converged OK OK OK 97 97 97 97 97 97 7 7 7 0 0 0 0 1 0 0 1
33 33 linear 2 0 332 0 0.001 1.2835499322942798 0.00022854450441737369 0.055346986068698957 0.061257844048295304 0.0025438879120482216 0.050188446834555513 0.5 -0.049895165579203524 26.138892465202073 OK 13 12 0.73664499999999999 0.72140899999999997 0.25327699999999997 0.48400599999999999 0.47125400000000001 0 0.252639 0.25015499999999996 0.25327699999999997 0.0106 0.011161000000000001 0.011058 0.21049400000000004 0.20640899999999998 0.209866 0.0039190000000000006 0.0044150000000000005 0.0044139999999999995 0.0010269999999999999 0.001052 0.0011070000000000001 26.138994273983396 26.138994273983396 26.138994273983396 0.006701754625825642 0.006701754625825642 0.006701754625825642 1 1 1 Converged Converged Converged OK OK OK 95 95 95 95 95 95 9 9 9 0 0 0 0 0 1 0 0
33 33 linear 2 7 332 1 0.001 1.2835499322942798 0.00022854450441737369 0.055346986068698957 0.061257844048295304 0.0025438879120482216 0.056926340790744948 0.5 -0.056633059535392959 21.080936629517819 OK 15 14 0.73940799999999995 0.606097 0.26002500000000001 0.47229599999999999 0.29761700000000002 0 0.26711199999999996 0.30847999999999998 0.26002500000000001 0.016011999999999998 0.016612999999999999 0.015748999999999999 0.22275199999999987 0.26176899999999997 0.21558299999999989 0.0046169999999999996 0.0052200000000000007 0.0049150000000000001 0.0010650000000000002 0.001178 0.001129 21.080851853169968 21.080851853169968 21.080851853169968 0.011612512081147826 0.011612512081147826 0.011612512081147826 1 1 1 Converged Converged Converged OK OK OK 102 102 102 102 102 102 10 10 10 0 0 0 0 1 0 0 1
33 33 linear 2 15 332 2 0.001 1.2835499322942798 0.00022854450441737369 0.055346986068698957 0.061257844048295304 0.0025438879120482216 0.064626791026390018 0.5 -0.064333509771038022 17.388877596699142 OK 15 14 0.84115799999999996 0.69081899999999996 0.27506000000000003 0.55462 0.382019 0 0.28653799999999996 0.30879999999999996 0.27506000000000003 0.015990999999999998 0.015636000000000001 0.014855 0.23477600000000007 0.2580130000000001 0.22690300000000008 0.0068519999999999996 0.0064389999999999994 0.005791000000000001 0.0012949999999999999 0.0011770000000000001 0.001142 17.388849868650741 17.388849868650741 17.388849868650741 0.011394892851390724 0.011394892851390724 0.011394892851390724 1 1 1 Converged Converged Converged OK OK OK 111 111 111 111 111 111 9 9 9 0 0 0 0 1 0 0 1
33 33 linear 2 23 332 3 0.001 1.2835499322942798 0.00022854450441737369 0.055346986068698957 0.061257844048295304 0.0025438879120482216 0.072327241262035102 0.5 -0.072033960006683107 15.06166594179482 OK 15 14 0.84943000000000002 0.68919799999999998 0.26724599999999998 0.56324200000000002 0.390596 0 0.286188 0.29860199999999998 0.26724599999999998 0.015835999999999999 0.015701 0.014489999999999999 0.230908 0.24985399999999994 0.22175200000000003 0.0071739999999999998 0.0062699999999999995 0.0053660000000000001 0.001511 0.0011350000000000002 0.001059 15.061650765545124 15.061650765545124 15.061650765545124 0.01025453131141426 0.01025453131141426 0.01025453131141426 1 1 1 Converged Converged Converged OK OK OK 111 111 111 111 111 111 9 9 9 0 0 0 0 1 0 0 1
33 33 linear 2 0 332 0 0.0001 1.2835499322942798 0.00022854450441737369 0.055346986068698957 0.061257844048295304 0.0025438879120482216 0.050188446834555513 0.5 -0.049895165579203524 26.138892465202073 OK 13 12 0.795767 0.78937800000000002 0.31034699999999998 0.47500399999999998 0.474802 0 0.32076300000000002 0.31457600000000002 0.31034699999999998 0.010732999999999999 0.010957 0.010852000000000001 0.26822799999999986 0.26056199999999996 0.25779600000000008 0.0056699999999999997 0.0061780000000000003 0.0061370000000000001 0.001402 0.0013460000000000002 0.0013130000000000001 26.139002447239065 26.139002447239065 26.139002447239065 0.0022452030879161213 0.0022452030879161213 0.0022452030879161213 1 1 1 Converged Converged Converged OK OK OK 127 127 127 127 127 127 9 9 9 0 0 0 0 0 1 0 0
33 33 linear 2 7 332 1 0.0001 1.2835499322942798 0.00022854450441737369 0.055346986068698957 0.061257844048295304 0.0025438879120482216 0.056926340790744948 0.5 -0.056633059535392959 21.080936629517819 OK 15 14 0.86675599999999997 0.81612499999999999 0.38627800000000001 0.467443 0.30023499999999997 0 0.39931299999999997 0.51588999999999996 0.38627800000000001 0.016348999999999999 0.016764000000000001 0.015855000000000001 0.32732399999999995 0.4411770000000001 0.31812100000000004 0.008549000000000001 0.011102000000000001 0.0090849999999999993 0.0018749999999999999 0.0019399999999999999 0.0018949999999999998 21.080865457148004 21.080865457148004 21.080865457148004 0.001078104150966448 0.001078104150966448 0.001078104150966448 1 1 1 Converged Converged Converged OK OK OK 166 166 166 166 166 166 10 10 10 0 0 0 0 1 0 0 1
33 33 linear 2 15 332 2 0.0001 1.2835499322942798 0.00022854450441737369 0.055346986068698957 0.061257844048295304 0.0025438879120482216 0.064626791026390018 0.5 -0.064333509771038022 17.388877596699142 OK 15 14 0.93251899999999999 0.81236799999999998 0.36541099999999999 0.55446200000000001 0.39032800000000001 0 0.37805699999999998 0.42203999999999997 0.36541099999999999 0.015772999999999999 0.016920000000000001 0.01481 0.314471 0.35643200000000014 0.30337300000000006 0.0085769999999999996 0.009075999999999999 0.0088329999999999988 0.0018479999999999998 0.0019079999999999998 0.0018220000000000001 17.388853983415039 17.388853983415039 17.388853983415039 0.00063403855803915261 0.00063403855803915261 0.00063403855803915261 1 1 1 Converged Converged Converged OK OK OK 159 159 159 159 159 159 9 9 9 0 0 0 0 1 0 0 1
33 33 linear 2 23 332 3 0.0001 1.2835499322942798 0.00022854450441737369 0.055346986068698957 0.061257844048295304 0.0025438879120482216 0.072327241262035102 0.5 -0.072033960006683107 15.06166594179482 OK 15 14 0.93844899999999998 0.80023100000000003 0.358323 0.56822799999999996 0.39588600000000002 0 0.37022100000000002 0.40434500000000001 0.358323 0.015814999999999999 0.015561 0.014515 0.30658599999999997 0.3416329999999998 0.29765399999999997 0.008967000000000001 0.0085359999999999984 0.0083879999999999996 0.0017640000000000002 0.0017929999999999999 0.0017250000000000002 15.061652916339119 15.061652916339119 15.061652916339119 0.00060828881568088711 0.00060828881568088711 0.00060828881568088711 1 1 1 Converged Converged Converged OK OK OK 159 159 159 159 159 159 9 9 9 0 0 0 0 1 0 0 1
33 33 linear 3 0 333 0 0.001 1.2835499322942798 0.00022854450441737369 0.055346986068698957 -0.55092192073175872 -0.083207792612910336 -0.5619913179454985 0.5 0.5622845992008505 1.9532509061152645 OK 12 11 0.38209100000000001 0.37918299999999999 0.081959000000000004 0.29745199999999999 0.29538999999999999 0 0.08463900000000002 0.083793000000000006 0.081959000000000004 0.0087729999999999995 0.0089849999999999999 0.0085039999999999994 0.057067999999999994 0.056068999999999987 0.055172999999999986 0.0028840000000000003 0.0030769999999999999 0.0028069999999999996 0.00056800000000000004 0.00055699999999999999 0.00054000000000000001 1.9532504634023669 1.9532504634023669 1.9532504634023669 0.00094719622108778597 0.00094719622108778597 0.00094719622108778597 1 1 1 Converged Converged Converged OK OK OK 53 53 53 53 53 53 3 3 3 0 0 0 0 0 1 0 0
33 33 linear 3 7 333 1 0.001 1.2835499322942798 0.00022854450441737369 0.055346986068698957 -0.55092192073175872 -0.083207792612910336 -0.5552534239893091 0.5 0.5555467052446611 1.9712437324078358 OK 12 11 0.37626300000000001 0.230461 0.079305 0.29369899999999999 0.14333799999999999 0 0.082564000000000026 0.087123000000000006 0.079305 0.0080669999999999995 0.008201 0.0076210000000000002 0.057675000000000011 0.062164000000000011 0.05568699999999998 0.0028780000000000003 0.0031220000000000002 0.0028149999999999998 0.00056899999999999995 0.00055800000000000001 0.00053399999999999997 1.9712435899736129 1.9712435899736129 1.9712435899736129 0.00099391566426298115 0.00099391566426298115 0.00099391566426298115 1 1 1 Converged Converged Converged OK OK OK 53 53 53 53 53 53 3 3 3 0 0 0 0 1 0 0 1
33 33 linear 3 15 333 2 0.001 1.2835499322942798 0.00022854450441737369 0.055346986068698957 -0.55092192073175872 -0.083207792612910336 -0.54755297375366396 0.5 0.54784625500901596 1.9925375273921893 OK 12 11 0.37392500000000001 0.23239199999999999 0.077711000000000002 0.29308899999999999 0.147374 0 0.080836000000000019 0.085017999999999982 0.077711000000000002 0.0081340000000000006 0.0081519999999999995 0.0076909999999999999 0.056134999999999997 0.060312999999999985 0.05414900000000001 0.0027429999999999998 0.0029449999999999997 0.0027390000000000001 0.00057299999999999994 0.000553 0.00053399999999999997 1.9925376104339891 1.9925376104339891 1.9925376104339891 0.001055651547043611 0.001055651547043611 0.001055651547043611 1 1 1 Converged Converged Converged OK OK OK 53 53 53 53 53 53 3 3 3 0 0 0 0 1 0 0 1
33 33 linear 3 23 333 3 0.001 1.2835499322942798 0.00022854450441737369 0.055346986068698957 -0.55092192073175872 -0.083207792612910336 -0.53985252351801893 0.5 0.54014580477337093 2.0146542561809389 OK 12 11 0.38481300000000002 0.230209 0.078697000000000003 0.30088300000000001 0.14074200000000001 0 0.083930000000000005 0.089466999999999991 0.078697000000000003 0.0082299999999999995 0.0082240000000000004 0.0075449999999999996 0.057962 0.065000999999999975 0.055340000000000014 0.003209 0.0028500000000000001 0.0026310000000000001 0.00062700000000000006 0.00055000000000000003 0.00052900000000000006 2.0146541429819624 2.0146541429819624 2.0146541429819624 0.0011263830405335968 0.0011263830405335968 0.0011263830405335968 1 1 1 Converged Converged Converged OK OK OK 53 53 53 53 53 53 3 3 3 0 0 0 0 1 0 0 1
33 33 linear 3 0 333 0 0.0001 1.2835499322942798 0.00022854450441737369 0.055346986068698957 -0.55092192073175872 -0.083207792612910336 -0.5619913179454985 0.5 0.5622845992008505 1.9532509061152645 OK 12 11 0.39810800000000002 0.40049299999999999 0.102232 0.29371199999999997 0.29731600000000002 0 0.10439600000000004 0.10317699999999996 0.102232 0.0088389999999999996 0.0088509999999999995 0.0084030000000000007 0.071073999999999984 0.070018999999999998 0.069891999999999996 0.0037199999999999998 0.0038119999999999999 0.003578 0.00069099999999999999 0.00070399999999999998 0.00067400000000000001 1.9532504629884506 1.9532504629884506 1.9532504629884506 0.0001249913504850378 0.0001249913504850378 0.0001249913504850378 1 1 1 Converged Converged Converged OK OK OK 69 69 69 69 69 69 3 3 3 0 0 0 0 0 1 0 0
33 33 linear 3 7 333 1 0.0001 1.2835499322942798 0.00022854450441737369 0.055346986068698957 -0.55092192073175872 -0.083207792612910336 -0.5552534239893091 0.5 0.5555467052446611 1.9712437324078358 OK 12 11 0.39421899999999999 0.251114 0.098470000000000002 0.29280499999999998 0.14163799999999999 0 0.101414 0.10947600000000002 0.098470000000000002 0.0082780000000000006 0.0082889999999999995 0.0077489999999999998 0.07133299999999998 0.079885000000000025 0.069632999999999973 0.0038080000000000002 0.0036789999999999995 0.0036939999999999994 0.00070800000000000008 0.00067700000000000008 0.00068900000000000005 1.9712435895005445 1.9712435895005445 1.9712435895005445 0.00015383819544411245 0.00015383819544411245 0.00015383819544411245 1 1 1 Converged Converged Converged OK OK OK 69 69 69 69 69 69 3 3 3 0 0 0 0 1 0 0 1
33 33 linear 3 15 333 2 0.0001 1.2835499322942798 0.00022854450441737369 0.055346986068698957 -0.55092192073175872 -0.083207792612910336 -0.54755297375366396 0.5 0.54784625500901596 1.9925375273921893 OK 12 11 0.395702 0.247252 0.096657999999999994 0.29187299999999999 0.13961200000000001 0 0.103829 0.10763999999999999 0.096657999999999994 0.011821999999999999 0.0081480000000000007 0.007685 0.070172000000000026 0.078172999999999965 0.068281999999999968 0.003895 0.0036190000000000003 0.0035760000000000002 0.00071100000000000004 0.00069199999999999991 0.00065899999999999997 1.9925376098841729 1.9925376098841729 1.9925376098841729 0.00019421459338769738 0.00019421459338769738 0.00019421459338769738 1 1 1 Converged Converged Converged OK OK OK 69 69 69 69 69 69 3 3 3 0 0 0 0 1 0 0 1
33 33 linear 3 23 333 3 0.0001 1.2835499322942798 0.00022854450441737369 0.055346986068698957 -0.55092192073175872 -0.083207792612910336 -0.53985252351801893 0.5 0.54014580477337093 2.0146542561809389 OK 12 11 0.408223 0.26592100000000002 0.108462 0.29571199999999997 0.14063600000000001 0 0.11251100000000003 0.12528500000000001 0.108462 0.0081130000000000004 0.0081620000000000009 0.0075789999999999998 0.078923999999999994 0.092183000000000015 0.076570999999999986 0.0042620000000000002 0.0041270000000000005 0.003986 0.00081499999999999997 0.00081599999999999999 0.00077200000000000001 2.0146550106586201 2.0146550106586201 2.0146550106586201 1.8613839905573738e-06 1.8613839905573738e-06 1.8613839905573738e-06 1 1 1 Converged Converged Converged OK OK OK 77 77 77 77 77 77 3 3 3 0 0 0 0 1 0 0 1
33 33 linear 4 0 334 0 0.001 1.2835499322942798 0.00022854450441737369 0.055346986068698957 0.056987333349549113 0.091190936999227451 0.045917936135809322 0.5 -0.045624654880457333 10.225195404576876 OK 12 11 0.57424500000000001 0.57495499999999999 0.113888 0.45733200000000002 0.45891799999999999 0 0.11691299999999999 0.116037 0.113888 0.0099620000000000004 0.010246 0.0096849999999999992 0.084537000000000015 0.082924000000000012 0.082074999999999995 0.0032760000000000003 0.0035649999999999996 0.0033170000000000001 0.00090400000000000007 0.00092100000000000016 0.00090799999999999995 10.225188757869017 10.225188757869017 10.225188757869017 0.006978573687229493 0.006978573687229493 0.006978573687229493 1 1 1 Converged Converged Converged OK OK OK 67 67 67 67 67 67 5 5 5 0 0 0 0 0 1 0 0
33 33 linear 4 7 334 1 0.001 1.2835499322942798 0.00022854450441737369 0.055346986068698957 0.056987333349549113 0.091190936999227451 0.052655830091998757 0.5 -0.052362548836646768 9.8938451193852064 OK 12 11 0.46462900000000001 0.31946099999999999 0.084624000000000005 0.37576399999999999 0.20761199999999999 0 0.088865000000000027 0.111849 0.084624000000000005 0.0088979999999999997 0.0088620000000000001 0.0082509999999999997 0.066402000000000017 0.090018000000000001 0.063850000000000004 0.0026150000000000001 0.0022269999999999998 0.0021870000000000001 0.00058399999999999999 0.00059900000000000003 0.00061700000000000004 9.8938312244930113 9.8938312244930113 9.8938312244930113 0.0085597394749182005 0.0085597394749182005 0.0085597394749182005 1 1 1 Converged Converged Converged OK OK OK 52 52 52 52 52 52 4 4 4 0 0 0 0 1 0 0 1
33 33 linear 4 15 334 2 0.001 1.2835499322942798 0.00022854450441737369 0.055346986068698957 0.056987333349549113 0.091190936999227451 0.060356280327643834 0.5 -0.060062999072291845 9.5050400614045873 OK 12 11 0.66859999999999997 0.52176400000000001 0.078904000000000002 0.58589800000000003 0.41564000000000001 0 0.082701999999999942 0.106124 0.078904000000000002 0.0083459999999999993 0.0083000000000000001 0.0078110000000000002 0.061032000000000003 0.084568999999999991 0.058708000000000003 0.002183 0.0024429999999999999 0.002176 0.00068699999999999989 0.00067099999999999994 0.00059299999999999999 9.5050244435031939 9.5050244435031939 9.5050244435031939 0.0082068909858203122 0.0082068909858203122 0.0082068909858203122 1 1 1 Converged Converged Converged OK OK OK 52 52 52 52 52 52 4 4 4 0 0 0 0 1 0 0 1
33 33 linear 4 23 334 3 0.001 1.2835499322942798 0.00022854450441737369 0.055346986068698957 0.056987333349549113 0.091190936999227451 0.068056730563288897 0.5 -0.067763449307936902 9.1148123325247301 OK 12 11 0.47582099999999999 0.316772 0.094455999999999998 0.37762000000000001 0.197273 0 0.098200999999999983 0.11949899999999999 0.094455999999999998 0.0082159999999999993 0.0083649999999999992 0.0076709999999999999 0.073103999999999988 0.093860000000000041 0.070805000000000007 0.0030489999999999996 0.0033559999999999996 0.0029190000000000002 0.000669 0.00064900000000000005 0.00063500000000000004 9.1148070761527045 9.1148070761527045 9.1148070761527045 0.0043342367290256862 0.0043342367290256862 0.0043342367290256862 1 1 1 Converged Converged Converged OK OK OK 60 60 60 60 60 60 4 4 4 0 0 0 0 1 0 0 1
33 33 linear 4 0 334 0 0.0001 1.2835499322942798 0.00022854450441737369 0.055346986068698957 0.056987333349549113 0.091190936999227451 0.045917936135809322 0.5 -0.045624654880457333 10.225195404576876 OK 12 11 0.59041600000000005 0.59187800000000002 0.13281000000000001 0.45243100000000003 0.45232 0 0.13798500000000002 0.13955800000000002 0.13281000000000001 0.0099860000000000001 0.010212000000000001 0.0096849999999999992 0.098306999999999964 0.099598999999999993 0.094725000000000031 0.0047650000000000001 0.004725 0.0044600000000000004 0.0011129999999999998 0.001132 0.0010249999999999999 10.225189412462248 10.225189412462248 10.225189412462248 0.00011516753944377306 0.00011516753944377306 0.00011516753944377306 1 1 1 Converged Converged Converged OK OK OK 83 83 83 83 83 83 5 5 5 0 0 0 0 0 1 0 0
33 33 linear 4 7 334 1 0.0001 1.2835499322942798 0.00022854450441737369 0.055346986068698957 0.056987333349549113 0.091190936999227451 0.052655830091998757 0.5 -0.052362548836646768 9.8938451193852064 OK 12 11 0.48521700000000001 0.34510800000000003 0.104548 0.37783299999999997 0.205099 0 0.10738400000000003 0.14000900000000002 0.104548 0.0088859999999999998 0.0088940000000000009 0.0082970000000000006 0.080553999999999987 0.111822 0.078267999999999976 0.0032019999999999996 0.0036960000000000001 0.0033990000000000001 0.00077499999999999997 0.00079900000000000001 0.00079100000000000004 9.8938392430579096 9.8938392430579096 9.8938392430579096 0.00012056692353216684 0.00012056692353216684 0.00012056692353216684 1 1 1 Converged Converged Converged OK OK OK 68 68 68 68 68 68 4 4 4 0 0 0 0 1 0 0 1
33 33 linear 4 15 334 2 0.0001 1.2835499322942798 0.00022854450441737369 0.055346986068698957 0.056987333349549113 0.091190936999227451 0.060356280327643834 0.5 -0.060062999072291845 9.5050400614045873 OK 12 11 0.69384699999999999 0.548821 0.097869999999999999 0.58816999999999997 0.411665 0 0.10567700000000002 0.137156 0.097869999999999999 0.0094529999999999996 0.0082970000000000006 0.0076730000000000001 0.077501000000000042 0.10571300000000002 0.072770000000000001 0.0033160000000000004 0.0036959999999999996 0.0032320000000000001 0.00075200000000000006 0.00078800000000000007 0.00074399999999999998 9.5050345846839033 9.5050345846839033 9.5050345846839033 0.00018649820964736823 0.00018649820964736823 0.00018649820964736823 1 1 1 Converged Converged Converged OK OK OK 68 68 68 68 68 68 4 4 4 0 0 0 0 1 0 0 1
33 33 linear 4 23 334 3 0.0001 1.2835499322942798 0.00022854450441737369 0.055346986068698957 0.056987333349549113 0.091190936999227451 0.068056730563288897 0.5 -0.067763449307936902 9.1148123325247301 OK 12 11 0.48427300000000001 0.33236500000000002 0.102435 0.37439099999999997 0.19533900000000001 0 0.10988200000000004 0.13702600000000001 0.102435 0.0084220000000000007 0.0083750000000000005 0.0076779999999999999 0.080889000000000003 0.11011399999999998 0.077402999999999986 0.0044899999999999992 0.0035550000000000004 0.0032439999999999999 0.00084800000000000001 0.00078300000000000006 0.00073700000000000002 9.1148070571545521 9.1148070571545521 9.1148070571545521 0.00034647999121091344 0.00034647999121091344 0.00034647999121091344 1 1 1 Converged Converged Converged OK OK OK 68 68 68 68 68 68 4 4 4 0 0 0 0 1 0 0 1
33 33 uniform 0 0 335 0 0.001 1.2835499322942798 0.00022854450441737369 0.055346986068698957 -0.51512517716514816 0.011240194963460268 -0.52619457437888795 0 0.52648785563423994 2.2298055607356515 OK 16 15 0.66147999999999996 0.65371400000000002 0.20279800000000001 0.45546599999999998 0.44804300000000002 0 0.20601399999999997 0.20567099999999999 0.20279800000000001 0.013165 0.013612000000000001 0.012822 0.14931600000000003 0.14764599999999992 0.145867 0.0050460000000000001 0.0060910000000000001 0.0058589999999999996 0.0013699999999999999 0.0014139999999999999 0.001467 2.2297896528470456 2.2297896528470456 2.2297896528470456 0.0011603929494342525 0.0011603929494342525 0.0011603929494342525 1 1 1 Converged Converged Converged OK OK OK 125 125 125 125 125 125 11 11 11 0 0 0 0 0 1 0 0
33 33 uniform 0 7 335 1 0.001 1.2835499322942798 0.00022854450441737369 0.055346986068698957 -0.51512517716514816 0.011240194963460268 -0.51945668042269855 0 0.51974996167805054 2.2537363161344799 OK 16 15 0.640019 0.49477599999999999 0.184394 0.454961 0.29367100000000002 0 0.185058 0.20110499999999998 0.184394 0.011989 0.012222 0.011346 0.14407299999999998 0.15835399999999997 0.14397999999999994 0.0049760000000000004 0.0059699999999999996 0.0052789999999999998 0.001322 0.0013939999999999998 0.0013879999999999999 2.2537169245433097 2.2537169245433097 2.2537169245433097 0.0013907900250205761 0.0013907900250205761 0.0013907900250205761 1 1 1 Converged Converged Converged OK OK OK 125 125 125 125 125 125 11 11 11 0 0 0 0 1 0 0 1
33 33 uniform 0 15 335 2 0.001 1.2835499322942798 0.00022854450441737369 0.055346986068698957 -0.51512517716514816 0.011240194963460268 -0.51175623018705341 0 0.5120495114424054 2.2810600752036665 OK 16 15 0.55659700000000001 0.407885 0.199798 0.35017599999999999 0.19331100000000001 0 0.20642100000000002 0.21457399999999999 0.199798 0.012295 0.012102999999999999 0.0111 0.16310199999999997 0.17264800000000005 0.16036099999999998 0.0058280000000000007 0.0057090000000000005 0.0048679999999999991 0.0014549999999999999 0.001408 0.0014659999999999999 2.2810363456128604 2.2810363456128604 2.2810363456128604 0.0018003480416862426 0.0018003480416862426 0.0018003480416862426 1 1 1 Converged Converged Converged OK OK OK 125 125 125 125 125 125 11 11 11 0 0 0 0 1 0 0 1
33 33 uniform 0 23 335 3 0.001 1.2835499322942798 0.00022854450441737369 0.055346986068698957 -0.51512517716514816 0.011240194963460268 -0.50405577995140838 0 0.50434906120676037 2.3086054673388441 OK 16 15 0.64583100000000004 0.49453000000000003 0.180224 0.46367700000000001 0.29998599999999997 0 0.18215400000000004 0.19454400000000005 0.180224 0.012271000000000001 0.012056000000000001 0.011162999999999999 0.14179000000000008 0.15490800000000005 0.14259200000000002 0.0052049999999999996 0.0051710000000000002 0.0046940000000000003 0.001356 0.0014089999999999999 0.001284 2.308573035008163 2.308573035008163 2.308573035008163 0.001388489135861673 0.001388489135861673 0.001388489135861673 1 1 1 Converged Converged Converged OK OK OK 118 118 118 118 118 118 10 10 10 0 0 0 0 1 0 0 1
33 33 uniform 0 0 335 0 0.0001 1.2835499322942798 0.00022854450441737369 0.055346986068698957 -0.51512517716514816 0.011240194963460268 -0.52619457437888795 0 0.52648785563423994 2.2298055607356515 OK 16 15 0.73764300000000005 0.72840400000000005 0.281165 0.45417999999999997 0.44517499999999999 0 0.28346300000000008 0.28322900000000006 0.281165 0.013135000000000001 0.013606 0.013023 0.20248000000000008 0.20083699999999996 0.20005599999999998 0.0089659999999999983 0.0096139999999999993 0.0093340000000000003 0.0019979999999999998 0.0021999999999999997 0.0020930000000000002 2.2298046284770581 2.2298046284770581 2.2298046284770581 0.00017060515129176066 0.00017060515129176066 0.00017060515129176066 1 1 1 Converged Converged Converged OK OK OK 189 189 189 189 189 189 11 11 11 0 0 0 0 0 1 0 0
33 33 uniform 0 7 335 1 0.0001 1.2835499322942798 0.00022854450441737369 0.055346986068698957 -0.51512517716514816 0.011240194963460268 -0.51945668042269855 0 0.51974996167805054 2.2537363161344799 OK 16 15 0.71850899999999995 0.57272299999999998 0.25481199999999998 0.45665499999999998 0.28944500000000001 0 0.26185399999999998 0.28327799999999997 0.25481199999999998 0.013139 0.011972999999999999 0.011114000000000001 0.20307100000000014 0.22336700000000012 0.19955300000000015 0.0090119999999999992 0.010104 0.0086490000000000022 0.0018959999999999997 0.0020790000000000001 0.0019819999999999998 2.2537350689224396 2.2537350689224396 2.2537350689224396 9.4163391769045847e-05 9.4163391769045847e-05 9.4163391769045847e-05 1 1 1 Converged Converged Converged OK OK OK 189 189 189 189 189 189 11 11 11 0 0 0 0 1 0 0 1
33 33 uniform 0 15 335 2 0.0001 1.2835499322942798 0.00022854450441737369 0.055346986068698957 -0.51512517716514816 0.011240194963460268 -0.51175623018705341 0 0.5120495114424054 2.2810600752036665 OK 16 15 0.60727500000000001 0.455957 0.24965000000000001 0.35577300000000001 0.19067799999999999 0 0.251502 0.26527900000000004 0.24965000000000001 0.011905000000000001 0.012503 0.011157 0.20016900000000018 0.21286599999999997 0.19971300000000014 0.0077489999999999989 0.0081390000000000004 0.0075629999999999985 0.0018990000000000001 0.001903 0.0019379999999999998 2.2810583924499461 2.2810583924499461 2.2810583924499461 0.00021182428712202944 0.00021182428712202944 0.00021182428712202944 1 1 1 Converged Converged Converged OK OK OK 173 173 173 173 173 173 11 11 11 0 0 0 0 1 0 0 1
33 33 uniform 0 23 335 3 0.0001 1.2835499322942798 0.00022854450441737369 0.055346986068698957 -0.51512517716514816 0.011240194963460268 -0.50405577995140838 0 0.50434906120676037 2.3086054673388441 OK 16 15 0.71277900000000005 0.56510899999999997 0.24316599999999999 0.46196999999999999 0.30341200000000002 0 0.25080900000000006 0.26169699999999996 0.24316599999999999 0.012026 0.012257000000000001 0.011188 0.20006300000000007 0.21072700000000005 0.19429700000000008 0.0077359999999999981 0.0079000000000000008 0.0075199999999999998 0.0019179999999999998 0.0018469999999999999 0.0018719999999999997 2.3086030185721023 2.3086030185721023 2.3086030185721023 0.00022654789709508586 0.00022654789709508586 0.00022654789709508586 1 1 1 Converged Converged Converged OK OK OK 166 166 166 166 166 166 10 10 10 0 0 0 0 1 0 0 1
33 33 uniform 1 0 336 0 0.001 1.2835499322942798 0.00022854450441737369 0.055346986068698957 -0.014482451629194686 -0.030265366872251471 -0.025551848842934478 0 0.025845130098286467 30.924861548949831 OK 13 12 0.67261300000000002 0.67080899999999999 0.15360499999999999 0.51305599999999996 0.51153800000000005 0 0.15955700000000006 0.15927099999999994 0.15360499999999999 0.010612 0.0097169999999999999 0.009299 0.122794 0.12312100000000001 0.11878800000000002 0.003166 0.0032590000000000002 0.0032400000000000003 0.00083000000000000012 0.00085300000000000003 0.00083799999999999999 30.924863420164723 30.924863420164723 30.924863420164723 0.0062977548343007362 0.0062977548343007362 0.0062977548343007362 1 1 1 Converged Converged Converged OK OK OK 81 81 81 81 81 81 7 7 7 0 0 0 0 0 1 0 0
33 33 uniform 1 7 336 1 0.001 1.2835499322942798 0.00022854450441737369 0.055346986068698957 -0.014482451629194686 -0.030265366872251471 -0.018813954886745039 0 0.019107236142097028 32.033729731862927 OK 13 12 0.70649499999999998 0.52951099999999995 0.14300099999999999 0.56188099999999996 0.38323800000000002 0 0.14461400000000002 0.14627299999999993 0.14300099999999999 0.0087390000000000002 0.0086770000000000007 0.0081600000000000006 0.11654999999999996 0.11873299999999999 0.11622099999999999 0.0030500000000000002 0.0030340000000000002 0.002947 0.00081700000000000002 0.00082600000000000013 0.00081700000000000013 32.033732257508881 32.033732257508881 32.033732257508881 0.0064408655281014597 0.0064408655281014597 0.0064408655281014597 1 1 1 Converged Converged Converged OK OK OK 81 81 81 81 81 81 7 7 7 0 0 0 0 1 0 0 1
33 33 uniform 1 15 336 2 0.001 1.2835499322942798 0.00022854450441737369 0.055346986068698957 -0.014482451629194686 -0.030265366872251471 -0.011113504651099967 0 0.011406785906451958 32.846257992907745 OK 13 12 0.69327000000000005 0.51444800000000002 0.14055200000000001 0.55017099999999997 0.36949799999999999 0 0.14309900000000009 0.14495000000000002 0.14055200000000001 0.0086789999999999992 0.0087910000000000002 0.0080239999999999999 0.11512400000000002 0.11721799999999999 0.11422599999999995 0.0031340000000000001 0.003094 0.0030130000000000001 0.000812 0.00088400000000000002 0.00079900000000000001 32.846259806434382 32.846259806434382 32.846259806434382 0.0065347766583522034 0.0065347766583522034 0.0065347766583522034 1 1 1 Converged Converged Converged OK OK OK 81 81 81 81 81 81 7 7 7 0 0 0 0 1 0 0 1
33 33 uniform 1 23 336 3 0.001 1.2835499322942798 0.00022854450441737369 0.055346986068698957 -0.014482451629194686 -0.030265366872251471 -0.0034130544154548949 0 0.0037063356708068851 33.231260849449995 OK 13 12 0.68425899999999995 0.50609400000000004 0.136905 0.54559000000000002 0.36234699999999997 0 0.13866899999999993 0.14374700000000007 0.136905 0.0086949999999999996 0.0087170000000000008 0.0080619999999999997 0.11088399999999998 0.11605699999999998 0.11068199999999997 0.0031729999999999996 0.0031810000000000002 0.0029619999999999994 0.00083699999999999996 0.00084600000000000007 0.00080099999999999985 33.23126357810014 33.23126357810014 33.23126357810014 0.0065746860549807488 0.0065746860549807488 0.0065746860549807488 1 1 1 Converged Converged Converged OK OK OK 81 81 81 81 81 81 7 7 7 0 0 0 0 1 0 0 1
33 33 uniform 1 0 336 0 0.0001 1.2835499322942798 0.00022854450441737369 0.055346986068698957 -0.014482451629194686 -0.030265366872251471 -0.025551848842934478 0 0.025845130098286467 30.924861548949831 OK 13 12 0.684778 0.69345000000000001 0.173011 0.51222900000000005 0.51892400000000005 0 0.17254899999999995 0.17452599999999996 0.173011 0.0092530000000000008 0.0096179999999999998 0.0090830000000000008 0.13363400000000009 0.13434299999999999 0.13385299999999997 0.0038409999999999998 0.0040319999999999991 0.0041349999999999998 0.00094600000000000012 0.00098200000000000002 0.00096900000000000003 30.924861575999589 30.924861575999589 30.924861575999589 0.0020420311599350077 0.0020420311599350077 0.0020420311599350077 1 1 1 Converged Converged Converged OK OK OK 97 97 97 97 97 97 7 7 7 0 0 0 0 0 1 0 0
33 33 uniform 1 7 336 1 0.0001 1.2835499322942798 0.00022854450441737369 0.055346986068698957 -0.014482451629194686 -0.030265366872251471 -0.018813954886745039 0 0.019107236142097028 32.033729731862927 OK 13 12 0.72350999999999999 0.54815599999999998 0.161552 0.56029700000000005 0.383353 0 0.16321299999999994 0.16480299999999998 0.161552 0.0086320000000000008 0.0087159999999999998 0.0080700000000000008 0.13200800000000007 0.13386000000000003 0.13184000000000001 0.0038609999999999998 0.0039039999999999995 0.0037629999999999999 0.00099500000000000001 0.00096400000000000012 0.00093500000000000007 32.033730386511124 32.033730386511124 32.033730386511124 0.0020679665574947145 0.0020679665574947145 0.0020679665574947145 1 1 1 Converged Converged Converged OK OK OK 97 97 97 97 97 97 7 7 7 0 0 0 0 1 0 0 1
33 33 uniform 1 15 336 2 0.0001 1.2835499322942798 0.00022854450441737369 0.055346986068698957 -0.014482451629194686 -0.030265366872251471 -0.011113504651099967 0 0.011406785906451958 32.846257992907745 OK 13 12 0.71784700000000001 0.53468000000000004 0.159057 0.54956899999999997 0.37062600000000001 0 0.16827800000000004 0.16405400000000003 0.159057 0.0085509999999999996 0.0087840000000000001 0.0080219999999999996 0.13575700000000002 0.13295500000000007 0.12954300000000005 0.004731 0.0039940000000000002 0.0037629999999999999 0.00107 0.00096700000000000009 0.00094299999999999994 32.846257926149498 32.846257926149498 32.846257926149498 0.0020804555707092968 0.0020804555707092968 0.0020804555707092968 1 1 1 Converged Converged Converged OK OK OK 97 97 97 97 97 97 7 7 7 0 0 0 0 1 0 0 1
33 33 uniform 1 23 336 3 0.0001 1.2835499322942798 0.00022854450441737369 0.055346986068698957 -0.014482451629194686 -0.030265366872251471 -0.0034130544154548949 0 0.0037063356708068851 33.231260849449995 OK 13 12 0.70530400000000004 0.52678000000000003 0.15488399999999999 0.54474599999999995 0.36464200000000002 0 0.16055800000000009 0.162138 0.15488399999999999 0.0088129999999999997 0.0088950000000000001 0.0080129999999999993 0.12868099999999999 0.12953500000000004 0.12552900000000006 0.0041229999999999999 0.0046899999999999997 0.0036649999999999994 0.00096900000000000003 0.0010890000000000001 0.00094600000000000001 33.231261693334488 33.231261693334488 33.231261693334488 0.0020820279040682068 0.0020820279040682068 0.0020820279040682068 1 1 1 Converged Converged Converged OK OK OK 97 97 97 97 97 97 7 7 7 0 0 0 0 1 0 0 1
33 33 uniform 2 0 337 0 0.001 1.2835499322942798 0.00022854450441737369 0.055346986068698957 0.061257844048295304 0.0025438879120482216 0.050188446834555513 0 -0.049895165579203524 26.815856542292703 OK 13 12 0.65644000000000002 0.659609 0.180504 0.46990300000000002 0.47258600000000001 0 0.18653700000000001 0.18702299999999999 0.180504 0.010659 0.011032999999999999 0.010658000000000001 0.14505500000000005 0.14423500000000003 0.13882700000000006 0.0035590000000000001 0.0040609999999999995 0.0036910000000000003 0.00097100000000000007 0.0010119999999999999 0.00099299999999999996 26.815856467144584 26.815856467144584 26.815856467144584 0.0031486470333315884 0.0031486470333315884 0.0031486470333315884 1 1 1 Converged Converged Converged OK OK OK 95 95 95 95 95 95 9 9 9 0 0 0 0 0 1 0 0
33 33 uniform 2 7 337 1 0.001 1.2835499322942798 0.00022854450441737369 0.055346986068698957 0.061257844048295304 0.0025438879120482216 0.056926340790744948 0 -0.056633059535392959 21.574430791067314 OK 15 14 0.66117999999999999 0.53587099999999999 0.198322 0.46370899999999998 0.29345599999999999 0 0.19747100000000001 0.24241499999999999 0.198322 0.016206000000000002 0.016487999999999999 0.015566999999999999 0.15313000000000002 0.19744900000000007 0.15474900000000003 0.0043140000000000001 0.0045800000000000007 0.0043449999999999999 0.001026 0.0010970000000000001 0.001093 21.574433502132099 21.574433502132099 21.574433502132099 0.014672975437313395 0.014672975437313395 0.014672975437313395 1 1 1 Converged Converged Converged OK OK OK 102 102 102 102 102 102 10 10 10 0 0 0 0 1 0 0 1
33 33 uniform 2 15 337 2 0.001 1.2835499322942798 0.00022854450441737369 0.055346986068698957 0.061257844048295304 0.0025438879120482216 0.064626791026390018 0 -0.064333509771038022 17.61071483525242 OK 15 14 0.73592900000000006 0.58391899999999997 0.17780099999999999 0.55537999999999998 0.38053700000000001 0 0.18054900000000007 0.20338199999999995 0.17780099999999999 0.015415 0.015630000000000002 0.014617 0.13865599999999995 0.16076499999999996 0.137266 0.0041880000000000007 0.0043289999999999995 0.0040390000000000009 0.00099799999999999997 0.001085 0.0010179999999999998 17.610714148392827 17.610714148392827 17.610714148392827 0.017506335610720774 0.017506335610720774 0.017506335610720774 1 1 1 Converged Converged Converged OK OK OK 95 95 95 95 95 95 9 9 9 0 0 0 0 1 0 0 1
33 33 uniform 2 23 337 3 0.001 1.2835499322942798 0.00022854450441737369 0.055346986068698957 0.061257844048295304 0.0025438879120482216 0.072327241262035102 0 -0.072033960006683107 15.195336035178803 OK 15 14 0.74912400000000001 0.58495200000000003 0.17286899999999999 0.56834399999999996 0.38970500000000002 0 0.18078000000000005 0.195247 0.17286899999999999 0.016694000000000001 0.015613999999999999 0.01434 0.13726999999999998 0.1525159999999999 0.13294800000000001 0.0043109999999999997 0.0046219999999999994 0.0040920000000000002 0.0010820000000000001 0.0010280000000000001 0.00098799999999999995 15.195336115600833 15.195336115600833 15.195336115600833 0.014420590690665277 0.014420590690665277 0.014420590690665277 1 1 1 Converged Converged Converged OK OK OK 95 95 95 95 95 95 9 9 9 0 0 0 0 1 0 0 1
33 33 uniform 2 0 337 0 0.0001 1.2835499322942798 0.00022854450441737369 0.055346986068698957 0.061257844048295304 0.0025438879120482216 0.050188446834555513 0 -0.049895165579203524 26.815856542292703 OK 13 12 0.67859599999999998 0.68174699999999999 0.20271600000000001 0.47388400000000003 0.47162399999999999 0 0.20471199999999995 0.210123 0.20271600000000001 0.01115 0.010959 0.010895999999999999 0.15666399999999994 0.16104100000000002 0.15557599999999991 0.005032 0.0055199999999999997 0.0048379999999999994 0.0011779999999999998 0.0014199999999999998 0.0012080000000000001 26.815856029928376 26.815856029928376 26.815856029928376 0.0014362815793177981 0.0014362815793177981 0.0014362815793177981 1 1 1 Converged Converged Converged OK OK OK 111 111 111 111 111 111 9 9 9 0 0 0 0 0 1 0 0
33 33 uniform 2 7 337 1 0.0001 1.2835499322942798 0.00022854450441737369 0.055346986068698957 0.061257844048295304 0.0025438879120482216 0.056926340790744948 0 -0.056633059535392959 21.574430791067314 OK 15 14 0.73692400000000002 0.65729000000000004 0.27361999999999997 0.46565000000000001 0.29563899999999999 0 0.27127400000000002 0.36165100000000006 0.27361999999999997 0.016503 0.016815 0.015675999999999999 0.20570100000000011 0.29471799999999998 0.20973199999999992 0.0078180000000000003 0.0082470000000000009 0.0073909999999999991 0.0017899999999999999 0.001828 0.0017679999999999998 21.574428265170475 21.574428265170475 21.574428265170475 0.00068564086378186347 0.00068564086378186347 0.00068564086378186347 1 1 1 Converged Converged Converged OK OK OK 150 150 150 150 150 150 10 10 10 0 0 0 0 1 0 0 1
33 33 uniform 2 15 337 2 0.0001 1.2835499322942798 0.00022854450441737369 0.055346986068698957 0.061257844048295304 0.0025438879120482216 0.064626791026390018 0 -0.064333509771038022 17.61071483525242 OK 15 14 0.78260399999999997 0.64344100000000004 0.218726 0.55970299999999995 0.38157400000000002 0 0.22290100000000002 0.26186700000000002 0.218726 0.016011000000000001 0.016015999999999999 0.014715000000000001 0.16881600000000002 0.20772399999999994 0.16766900000000001 0.0068199999999999997 0.0067440000000000009 0.0059709999999999989 0.0014600000000000001 0.0015889999999999999 0.0014499999999999999 17.610714713693561 17.610714713693561 17.610714713693561 0.0013150713519362279 0.0013150713519362279 0.0013150713519362279 1 1 1 Converged Converged Converged OK OK OK 127 127 127 127 127 127 9 9 9 0 0 0 0 1 0 0 1
33 33 uniform 2 23 337 3 0.0001 1.2835499322942798 0.00022854450441737369 0.055346986068698957 0.061257844048295304 0.0025438879120482216 0.072327241262035102 0 -0.072033960006683107 15.195336035178803 OK 15 14 0.78341400000000005 0.65065899999999999 0.21228 0.56220999999999999 0.39600000000000002 0 0.22120400000000007 0.25465899999999997 0.21228 0.015533 0.015583 0.014515 0.16357800000000006 0.20219000000000009 0.16225399999999998 0.0064169999999999991 0.0062869999999999992 0.0058170000000000001 0.0014429999999999998 0.0014829999999999999 0.0014220000000000001 15.195335852949425 15.195335852949425 15.195335852949425 0.0012654473651201939 0.0012654473651201939 0.0012654473651201939 1 1 1 Converged Converged Converged OK OK OK 127 127 127 127 127 127 9 9 9 0 0 0 0 1 0 0 1
33 33 uniform 3 0 338 0 0.001 1.2835499322942798 0.00022854450441737369 0.055346986068698957 -0.55092192073175872 -0.083207792612910336 -0.5619913179454985 0 0.5622845992008505 1.95324502172495 OK 12 11 0.34744399999999998 0.35148200000000002 0.052936999999999998 0.29164699999999999 0.29739500000000002 0 0.055796999999999985 0.054086999999999996 0.052936999999999998 0.0090430000000000007 0.0088940000000000009 0.0086099999999999996 0.032631 0.032183999999999997 0.031723999999999995 0.0021919999999999999 0.0017659999999999998 0.001751 0.00052599999999999999 0.000444 0.00042299999999999998 1.9532448403860561 1.9532448403860561 1.9532448403860561 0.00064828582393838276 0.00064828582393838276 0.00064828582393838276 1 1 1 Converged Converged Converged OK OK OK 37 37 37 37 37 37 3 3 3 0 0 0 0 0 1 0 0
33 33 uniform 3 7 338 1 0.001 1.2835499322942798 0.00022854450441737369 0.055346986068698957 -0.55092192073175872 -0.083207792612910336 -0.5552534239893091 0 0.5555467052446611 1.971201763230952 OK 12 11 0.347246 0.19565099999999999 0.050887000000000002 0.29530099999999998 0.13931099999999999 0 0.051945000000000019 0.056340000000000001 0.050887000000000002 0.0080319999999999992 0.0081270000000000005 0.0076769999999999998 0.032268999999999999 0.036851999999999996 0.032017999999999998 0.001869 0.0018079999999999999 0.001794 0.00045099999999999996 0.000444 0.00042000000000000002 1.9712014929574886 1.9712014929574886 1.9712014929574886 0.00072061659183973812 0.00072061659183973812 0.00072061659183973812 1 1 1 Converged Converged Converged OK OK OK 37 37 37 37 37 37 3 3 3 0 0 0 0 1 0 0 1
33 33 uniform 3 15 338 2 0.001 1.2835499322942798 0.00022854450441737369 0.055346986068698957 -0.55092192073175872 -0.083207792612910336 -0.54755297375366396 0 0.54784625500901596 1.9924618899971351 OK 12 11 0.34763899999999998 0.195548 0.049288999999999999 0.29581299999999999 0.14089699999999999 0 0.051825999999999983 0.054651000000000005 0.049288999999999999 0.0083210000000000003 0.0081880000000000008 0.0076090000000000003 0.031538999999999991 0.035040000000000009 0.030612000000000007 0.0019049999999999998 0.001836 0.001774 0.000464 0.00042700000000000002 0.00041899999999999999 1.9924615120466802 1.9924615120466802 1.9924615120466802 0.00080474430926575843 0.00080474430926575843 0.00080474430926575843 1 1 1 Converged Converged Converged OK OK OK 37 37 37 37 37 37 3 3 3 0 0 0 0 1 0 0 1
33 33 uniform 3 23 338 3 0.001 1.2835499322942798 0.00022854450441737369 0.055346986068698957 -0.55092192073175872 -0.083207792612910336 -0.53985252351801893 0 0.54014580477337093 2.0145560455619385 OK 12 11 0.347277 0.19601299999999999 0.050048000000000002 0.29544900000000002 0.139844 0 0.051827999999999985 0.056168999999999997 0.050048000000000002 0.0080079999999999995 0.0081200000000000005 0.0075170000000000002 0.032217000000000003 0.036776000000000003 0.031532000000000004 0.001786 0.0017870000000000002 0.001797 0.00043800000000000002 0.000428 0.00041799999999999997 2.0145555518861302 2.0145555518861302 2.0145555518861302 0.00089085678308456137 0.00089085678308456137 0.00089085678308456137 1 1 1 Converged Converged Converged OK OK OK 37 37 37 37 37 37 3 3 3 0 0 0 0 1 0 0 1
33 33 uniform 3 0 338 0 0.0001 1.2835499322942798 0.00022854450441737369 0.055346986068698957 -0.55092192073175872 -0.083207792612910336 -0.5619913179454985 0 0.5622845992008505 1.95324502172495 OK 12 11 0.382633 0.38694800000000001 0.088893 0.29255700000000001 0.29225699999999999 0 0.090075999999999989 0.094691000000000025 0.088893 0.0087919999999999995 0.0089510000000000006 0.0085050000000000004 0.057198000000000006 0.061487999999999994 0.056632999999999996 0.003467 0.0036519999999999999 0.0035149999999999999 0.00074299999999999995 0.00075500000000000014 0.00071299999999999998 1.9532447409502649 1.9532447409502649 1.9532447409502649 0.00012312642287020271 0.00012312642287020271 0.00012312642287020271 1 1 1 Converged Converged Converged OK OK OK 69 69 69 69 69 69 3 3 3 0 0 0 0 0 1 0 0
33 33 uniform 3 7 338 1 0.0001 1.2835499322942798 0.00022854450441737369 0.055346986068698957 -0.55092192073175872 -0.083207792612910336 -0.5552534239893091 0 0.5555467052446611 1.971201763230952 OK 12 11 0.37666500000000003 0.24068300000000001 0.084333000000000005 0.29021799999999998 0.14485500000000001 0 0.086447000000000052 0.095827999999999997 0.084333000000000005 0.0083250000000000008 0.008208 0.0075940000000000001 0.056889999999999982 0.06628400000000001 0.056017000000000018 0.0034620000000000002 0.0035280000000000003 0.0034499999999999999 0.00069699999999999992 0.00070300000000000007 0.00069200000000000002 1.9712014211957893 1.9712014211957893 1.9712014211957893 0.00015200470370960393 0.00015200470370960393 0.00015200470370960393 1 1 1 Converged Converged Converged OK OK OK 69 69 69 69 69 69 3 3 3 0 0 0 0 1 0 0 1
33 33 uniform 3 15 338 2 0.0001 1.2835499322942798 0.00022854450441737369 0.055346986068698957 -0.55092192073175872 -0.083207792612910336 -0.54755297375366396 0 0.54784625500901596 1.9924618899971351 OK 12 11 0.37603900000000001 0.22117600000000001 0.075466000000000005 0.29786600000000002 0.13847300000000001 0 0.078172999999999992 0.082702999999999999 0.075466000000000005 0.0082419999999999993 0.0083000000000000001 0.0076449999999999999 0.050709999999999984 0.055570999999999995 0.049620999999999992 0.0032859999999999999 0.003202 0.0030819999999999997 0.00076599999999999997 0.00073400000000000006 0.00070300000000000007 1.9924618786015595 1.9924618786015595 1.9924618786015595 0.00018493477872294595 0.00018493477872294595 0.00018493477872294595 1 1 1 Converged Converged Converged OK OK OK 61 61 61 61 61 61 3 3 3 0 0 0 0 1 0 0 1
33 33 uniform 3 23 338 3 0.0001 1.2835499322942798 0.00022854450441737369 0.055346986068698957 -0.55092192073175872 -0.083207792612910336 -0.53985252351801893 0 0.54014580477337093 2.0145560455619385 OK 12 11 0.37347000000000002 0.225108 0.076204999999999995 0.29478399999999999 0.13816800000000001 0 0.078686000000000034 0.08693999999999999 0.076204999999999995 0.0081300000000000001 0.0081569999999999993 0.0075839999999999996 0.05132500000000001 0.060194000000000011 0.050551999999999993 0.0032399999999999998 0.0030409999999999999 0.0029819999999999998 0.00077799999999999994 0.00072800000000000002 0.000687 2.0145560356900281 2.0145560356900281 2.0145560356900281 0.00019132992154647673 0.00019132992154647673 0.00019132992154647673 1 1 1 Converged Converged Converged OK OK OK 61 61 61 61 61 61 3 3 3 0 0 0 0 1 0 0 1
33 33 uniform 4 0 339 0 0.001 1.2835499322942798 0.00022854450441737369 0.055346986068698957 0.056987333349549113 0.091190936999227451 0.045917936135809322 0 -0.045624654880457333 10.260566179791638 OK 12 11 0.54417599999999999 0.54135800000000001 0.090559000000000001 0.453262 0.44973200000000002 0 0.090913999999999995 0.091625999999999985 0.090559000000000001 0.010163 0.01022 0.0097520000000000003 0.061071999999999987 0.061465999999999993 0.061137000000000025 0.0026980000000000003 0.0028280000000000002 0.0028180000000000002 0.00073200000000000001 0.00073000000000000007 0.00072999999999999996 10.260559745046699 10.260559745046699 10.260559745046699 0.0092891659515029201 0.0092891659515029201 0.0092891659515029201 1 1 1 Converged Converged Converged OK OK OK 59 59 59 59 59 59 5 5 5 0 0 0 0 0 1 0 0
33 33 uniform 4 7 339 1 0.001 1.2835499322942798 0.00022854450441737369 0.055346986068698957 0.056987333349549113 0.091190936999227451 0.052655830091998757 0 -0.052362548836646768 9.9256879517785315 OK 12 11 0.45516499999999999 0.307809 0.074529999999999999 0.37974599999999997 0.20328499999999999 0 0.075419000000000014 0.10452400000000001 0.074529999999999999 0.0087180000000000001 0.0088610000000000008 0.0083800000000000003 0.053622000000000003 0.082716999999999985 0.053289999999999997 0.002199 0.0022889999999999998 0.0022550000000000001 0.00057799999999999995 0.00061800000000000006 0.00067100000000000005 9.9256735547433852 9.9256735547433852 9.9256735547433852 0.0054980539577464361 0.0054980539577464361 0.0054980539577464361 1 1 1 Converged Converged Converged OK OK OK 52 52 52 52 52 52 4 4 4 0 0 0 0 1 0 0 1
33 33 uniform 4 15 339 2 0.001 1.2835499322942798 0.00022854450441737369 0.055346986068698957 0.056987333349549113 0.091190936999227451 0.060356280327643834 0 -0.060062999072291845 9.533068782094654 OK 12 11 0.66863399999999995 0.51481399999999999 0.078671000000000005 0.58719900000000003 0.41092000000000001 0 0.081434999999999924 0.10389399999999999 0.078671000000000005 0.0082690000000000003 0.0084340000000000005 0.0077790000000000003 0.054851999999999991 0.077182000000000014 0.054190000000000002 0.0033140000000000001 0.0033 0.0029120000000000001 0.00064300000000000013 0.00068300000000000001 0.00060099999999999997 9.5330686915048286 9.5330686915048286 9.5330686915048286 0.0042056023869613364 0.0042056023869613364 0.0042056023869613364 1 1 1 Converged Converged Converged OK OK OK 60 60 60 60 60 60 4 4 4 0 0 0 0 1 0 0 1
33 33 uniform 4 23 339 3 0.001 1.2835499322942798 0.00022854450441737369 0.055346986068698957 0.056987333349549113 0.091190936999227451 0.068056730563288897 0 -0.067763449307936902 9.1393466793245111 OK 12 11 0.44392399999999999 0.27818599999999999 0.066397999999999999 0.37113499999999999 0.19659699999999999 0 0.072788999999999993 0.081588999999999995 0.066397999999999999 0.012696000000000001 0.0084690000000000008 0.0077299999999999999 0.048366999999999986 0.061683999999999989 0.047917000000000022 0.002016 0.0020349999999999999 0.0018370000000000001 0.00047100000000000001 0.00048999999999999998 0.00049900000000000009 9.1393272348247834 9.1393272348247834 9.1393272348247834 0.0089695534650523368 0.0089695534650523368 0.0089695534650523368 1 1 1 Converged Converged Converged OK OK OK 44 44 44 44 44 44 4 4 4 0 0 0 0 1 0 0 1
33 33 uniform 4 0 339 0 0.0001 1.2835499322942798 0.00022854450441737369 0.055346986068698957 0.056987333349549113 0.091190936999227451 0.045917936135809322 0 -0.045624654880457333 10.260566179791638 OK 12 11 0.56762400000000002 0.56764899999999996 0.112681 0.45373400000000003 0.45330399999999998 0 0.11388999999999999 0.11434499999999997 0.112681 0.010087 0.01005 0.0096399999999999993 0.075143000000000015 0.075493999999999964 0.074867000000000003 0.0042680000000000001 0.0043010000000000001 0.0042590000000000006 0.00096699999999999998 0.0009819999999999998 0.00098900000000000008 10.260566032369983 10.260566032369983 10.260566032369983 0.00012508452685996291 0.00012508452685996291 0.00012508452685996291 1 1 1 Converged Converged Converged OK OK OK 83 83 83 83 83 83 5 5 5 0 0 0 0 0 1 0 0
33 33 uniform 4 7 339 1 0.0001 1.2835499322942798 0.00022854450441737369 0.055346986068698957 0.056987333349549113 0.091190936999227451 0.052655830091998757 0 -0.052362548836646768 9.9256879517785315 OK 12 11 0.46737800000000002 0.33118799999999998 0.089732000000000006 0.37260599999999999 0.20657200000000001 0 0.094772000000000023 0.12461599999999998 0.089732000000000006 0.010033 0.0089669999999999993 0.0082509999999999997 0.066303999999999988 0.09751700000000002 0.064341999999999969 0.003124 0.0033990000000000001 0.0029740000000000001 0.00080799999999999991 0.00077899999999999996 0.00076600000000000008 9.9256878336476344 9.9256878336476344 9.9256878336476344 0.00016193967146300068 0.00016193967146300068 0.00016193967146300068 1 1 1 Converged Converged Converged OK OK OK 68 68 68 68 68 68 4 4 4 0 0 0 0 1 0 0 1
33 33 uniform 4 15 339 2 0.0001 1.2835499322942798 0.00022854450441737369 0.055346986068698957 0.056987333349549113 0.091190936999227451 0.060356280327643834 0 -0.060062999072291845 9.533068782094654 OK 12 11 0.67390000000000005 0.53150900000000001 0.083909999999999998 0.58822300000000005 0.41396100000000002 0 0.085677000000000003 0.11754799999999999 0.083909999999999998 0.0082039999999999995 0.0082850000000000007 0.0077320000000000002 0.059737000000000005 0.091187000000000018 0.059043000000000005 0.0030709999999999999 0.0032679999999999996 0.0030969999999999999 0.00070100000000000002 0.00069900000000000008 0.000696 9.5330686890902196 9.5330686890902196 9.5330686890902196 0.00029576028507541662 0.00029576028507541662 0.00029576028507541662 1 1 1 Converged Converged Converged OK OK OK 68 68 68 68 68 68 4 4 4 0 0 0 0 1 0 0 1
33 33 uniform 4 23 339 3 0.0001 1.2835499322942798 0.00022854450441737369 0.055346986068698957 0.056987333349549113 0.091190936999227451 0.068056730563288897 0 -0.067763449307936902 9.1393466793245111 OK 12 11 0.46609600000000001 0.32022200000000001 0.088622999999999993 0.37556 0.197518 0 0.090536000000000005 0.12270400000000001 0.088622999999999993 0.0082140000000000008 0.0083219999999999995 0.0077140000000000004 0.064674999999999983 0.096376999999999977 0.063853999999999994 0.0030820000000000001 0.0032989999999999998 0.0030010000000000002 0.00069300000000000004 0.00071199999999999996 0.00067400000000000001 9.1393467021654509 9.1393467021654509 9.1393467021654509 0.00057311137710838332 0.00057311137710838332 0.00057311137710838332 1 1 1 Converged Converged Converged OK OK OK 68 68 68 68 68 68 4 4 4 0 0 0 0 1 0 0 1
34 34 linear 0 0 340 0 0.001 0.20159474280522882 0.55427476060391301 0.75348785874252822 -0.078557236429273744 0.15903621434472237 -0.22925480817777938 0.5 0.30114613694384612 2.8929428184738093 OK 15 14 0.44628299999999999 0.4526 0.19409100000000001 0.25034499999999998 0.25410500000000003 0 0.195938 0.19849499999999998 0.19409100000000001 0.010434000000000001 0.010912 0.010508999999999999 0.16584399999999999 0.16709500000000002 0.16433400000000004 0.0024650000000000002 0.0030400000000000002 0.0025000000000000001 0.00046699999999999997 0.00058600000000000004 0.00052399999999999994 2.8929647745212783 2.8929647745212783 2.8929647745212783 0.0028912303247024731 0.0028912303247024731 0.0028912303247024731 1 1 1 Converged Converged Converged OK OK OK 64 64 64 64 64 64 8 8 8 0 0 0 0 0 1 0 0
34 34 linear 0 7 340 1 0.001 0.20159474280522882 0.55427476060391301 0.75348785874252822 -0.078557236429273744 0.15903621434472237 -0.1375258514612977 0.5 0.20941718022736444 2.9474473335914007 OK 15 14 0.40129199999999998 0.314469 0.17289099999999999 0.21857299999999999 0.13934299999999999 0 0.18271899999999999 0.175126 0.17289099999999999 0.0094830000000000001 0.0094310000000000001 0.0088159999999999992 0.15754300000000004 0.15072500000000005 0.14958000000000002 0.0027320000000000001 0.0025800000000000003 0.0024650000000000002 0.00057499999999999999 0.00049899999999999999 0.00049299999999999995 2.9474514929363993 2.9474514929363993 2.9474514929363993 0.0015468985731901641 0.0015468985731901641 0.0015468985731901641 1 1 1 Converged Converged Converged OK OK OK 64 64 64 64 64 64 8 8 8 0 0 0 0 1 0 0 1
34 34 linear 0 15 340 2 0.001 0.20159474280522882 0.55427476060391301 0.75348785874252822 -0.078557236429273744 0.15903621434472237 -0.03269275807103289 0.5 0.10458408683709965 2.9760614690475973 OK 14 13 0.397372 0.32578400000000002 0.17531099999999999 0.21496399999999999 0.14690900000000001 0 0.18240800000000001 0.17887500000000001 0.17531099999999999 0.0098879999999999992 0.0097210000000000005 0.009384 0.15443600000000002 0.15210600000000002 0.14970200000000006 0.00315 0.003101 0.0028999999999999998 0.00086699999999999993 0.00079500000000000003 0.00065099999999999989 2.9761035467477952 2.9761035467477952 2.9761035467477952 0.0024291563221475218 0.0024291563221475218 0.0024291563221475218 1 1 1 Converged Converged Converged OK OK OK 65 65 65 65 65 65 7 7 7 0 0 0 0 1 0 0 1
34 34 linear 0 23 340 3 0.001 0.20159474280522882 0.55427476060391301 0.75348785874252822 -0.078557236429273744 0.15903621434472237 0.072140335319231905 0.5 -0.00024900655316514864 2.9694446689500356 OK 14 13 0.39740399999999998 0.33625500000000003 0.186393 0.20360900000000001 0.13882900000000001 0 0.19379499999999997 0.19742600000000002 0.186393 0.0096489999999999996 0.0096319999999999999 0.0089630000000000005 0.16510900000000003 0.16896600000000001 0.160301 0.0033909999999999999 0.0034629999999999999 0.002944 0.00092900000000000003 0.00092299999999999999 0.00072900000000000005 2.9694337487202431 2.9694337487202431 2.9694337487202431 0.0016386732900343537 0.0016386732900343537 0.0016386732900343537 1 1 1 Converged Converged Converged OK OK OK 72 72 72 72 72 72 8 8 8 0 0 0 0 1 0 0 1
34 34 linear 0 0 340 0 0.0001 0.20159474280522882 0.55427476060391301 0.75348785874252822 -0.078557236429273744 0.15903621434472237 -0.22925480817777938 0.5 0.30114613694384612 2.8929428184738093 OK 15 14 0.57943800000000001 0.57776000000000005 0.31743900000000003 0.25204199999999999 0.25109599999999999 0 0.32739600000000002 0.32666400000000007 0.31743900000000003 0.0109 0.010906000000000001 0.010670000000000001 0.27910099999999999 0.27813699999999991 0.27090800000000009 0.005097 0.0061289999999999999 0.0055149999999999999 0.001237 0.001255 0.0012669999999999999 2.8929562094769192 2.8929562094769192 2.8929562094769192 5.3723476530551259e-05 5.3723476530551259e-05 5.3723476530551259e-05 1 1 1 Converged Converged Converged OK OK OK 104 104 104 104 104 104 8 8 8 0 0 0 0 0 1 0 0
34 34 linear 0 7 340 1 0.0001 0.20159474280522882 0.55427476060391301 0.75348785874252822 -0.078557236429273744 0.15903621434472237 -0.1375258514612977 0.5 0.20941718022736444 2.9474473335914007 OK 15 14 0.49980599999999997 0.42275299999999999 0.27684900000000001 0.22211800000000001 0.14565 0 0.27768799999999993 0.27710299999999999 0.27684900000000001 0.0094000000000000004 0.0094750000000000008 0.0089669999999999993 0.24360400000000001 0.24240099999999989 0.2441080000000001 0.0046049999999999997 0.00528 0.0046250000000000006 0.001075 0.001206 0.0011580000000000002 2.9474485944117701 2.9474485944117701 2.9474485944117701 0.00013117499138921325 0.00013117499138921325 0.00013117499138921325 1 1 1 Converged Converged Converged OK OK OK 96 96 96 96 96 96 8 8 8 0 0 0 0 1 0 0 1
34 34 linear 0 15 340 2 0.0001 0.20159474280522882 0.55427476060391301 0.75348785874252822 -0.078557236429273744 0.15903621434472237 -0.03269275807103289 0.5 0.10458408683709965 2.9760614690475973 OK 14 13 0.46236100000000002 0.39423799999999998 0.23854500000000001 0.21377099999999999 0.1459 0 0.24859000000000003 0.24833799999999998 0.23854500000000001 0.0097800000000000005 0.0098329999999999997 0.0091830000000000002 0.21557699999999999 0.21440400000000009 0.20685399999999987 0.0043350000000000003 0.0050860000000000002 0.0044900000000000001 0.0010890000000000001 0.0011379999999999999 0.001088 2.9760659936971612 2.9760659936971612 2.9760659936971612 0.00022059487488907482 0.00022059487488907482 0.00022059487488907482 1 1 1 Converged Converged Converged OK OK OK 89 89 89 89 89 89 7 7 7 0 0 0 0 1 0 0 1
34 34 linear 0 23 340 3 0.0001 0.20159474280522882 0.55427476060391301 0.75348785874252822 -0.078557236429273744 0.15903621434472237 0.072140335319231905 0.5 -0.00024900655316514864 2.9694446689500356 OK 14 13 0.433058 0.37148500000000001 0.216971 0.20581199999999999 0.148255 0 0.227246 0.22323000000000001 0.216971 0.0097990000000000004 0.0096340000000000002 0.0089589999999999999 0.19625900000000002 0.19345000000000004 0.18952800000000003 0.0045230000000000001 0.0042190000000000005 0.0035739999999999999 0.0010189999999999999 0.00097499999999999996 0.00091600000000000004 2.9694559779917777 2.9694559779917777 2.9694559779917777 0.00027480683489414492 0.00027480683489414492 0.00027480683489414492 1 1 1 Converged Converged Converged OK OK OK 80 80 80 80 80 80 8 8 8 0 0 0 0 1 0 0 1
34 34 linear 1 0 341 0 0.001 0.20159474280522882 0.55427476060391301 0.75348785874252822 0.40256915681075334 0.10365368505263917 0.25187158506224772 0.5 -0.17998025629618097 2.8986337124257737 OK 14 13 0.43526199999999998 0.43840499999999999 0.23661099999999999 0.200431 0.19756099999999999 0 0.23483099999999998 0.240844 0.23661099999999999 0.010958000000000001 0.011259999999999999 0.010736000000000001 0.19824099999999997 0.20162799999999995 0.19975299999999999 0.0037519999999999997 0.0053089999999999995 0.0045280000000000008 0.00095500000000000001 0.0011539999999999999 0.00098299999999999993 2.8986457694766585 2.8986457694766585 2.8986457694766585 0.0022789590827884411 0.0022789590827884411 0.0022789590827884411 1 1 1 Converged Converged Converged OK OK OK 88 88 88 88 88 88 8 8 8 0 0 0 0 0 1 0 0
34 34 linear 1 7 341 1 0.001 0.20159474280522882 0.55427476060391301 0.75348785874252822 0.40256915681075334 0.10365368505263917 0.3436005417787294 0.5 -0.27170921301266265 2.8086739054356542 OK 13 12 0.427371 0.39266400000000001 0.24407899999999999 0.179975 0.14344100000000001 0 0.247396 0.249223 0.24407899999999999 0.0099109999999999997 0.010121 0.0096790000000000001 0.21460000000000004 0.21538600000000005 0.211505 0.0040959999999999998 0.0043769999999999998 0.0043410000000000002 0.001026 0.001039 0.001044 2.8086786975730216 2.8086786975730216 2.8086786975730216 0.0012306623812396878 0.0012306623812396878 0.0012306623812396878 1 1 1 Converged Converged Converged OK OK OK 95 95 95 95 95 95 9 9 9 0 0 0 0 1 0 0 1
34 34 linear 1 15 341 2 0.001 0.20159474280522882 0.55427476060391301 0.75348785874252822 0.40256915681075334 0.10365368505263917 0.4484336351689942 0.5 -0.37654230640292746 2.6675446031808701 OK 13 12 0.460202 0.40450599999999998 0.24499799999999999 0.20691499999999999 0.15053900000000001 0 0.25328700000000004 0.25396699999999994 0.24499799999999999 0.0099600000000000001 0.0098770000000000004 0.0091920000000000005 0.22077699999999989 0.22199099999999999 0.21493100000000004 0.0046539999999999993 0.0044689999999999999 0.0042190000000000005 0.001091 0.0009320000000000001 0.00097899999999999984 2.6675393811315558 2.6675393811315558 2.6675393811315558 0.0010386198443809989 0.0010386198443809989 0.0010386198443809989 1 1 1 Converged Converged Converged OK OK OK 95 95 95 95 95 95 9 9 9 0 0 0 0 1 0 0 1
34 34 linear 1 23 341 3 0.001 0.20159474280522882 0.55427476060391301 0.75348785874252822 0.40256915681075334 0.10365368505263917 0.55326672855925896 0.5 -0.48137539979319222 2.4794798989336706 OK 13 12 0.497946 0.43336799999999998 0.28502100000000002 0.19719400000000001 0.140045 0 0.30075200000000002 0.293323 0.28502100000000002 0.0096430000000000005 0.0098440000000000003 0.0089639999999999997 0.26730099999999996 0.25957999999999992 0.25425500000000006 0.0049849999999999998 0.0050280000000000004 0.0042659999999999998 0.00092600000000000007 0.00098700000000000003 0.00078899999999999999 2.4794410655234875 2.4794410655234875 2.4794410655234875 0.0018313403030966848 0.0018313403030966848 0.0018313403030966848 1 1 1 Converged Converged Converged OK OK OK 87 87 87 87 87 87 9 9 9 0 0 0 0 1 0 0 1
34 34 linear 1 0 341 0 0.0001 0.20159474280522882 0.55427476060391301 0.75348785874252822 0.40256915681075334 0.10365368505263917 0.25187158506224772 0.5 -0.17998025629618097 2.8986337124257737 OK 14 13 0.54118699999999997 0.53969699999999998 0.34012799999999999 0.197959 0.19836500000000001 0 0.34322799999999998 0.34133199999999997 0.34012799999999999 0.011001 0.011131 0.011143999999999999 0.29346500000000009 0.291101 0.29036800000000007 0.0074190000000000002 0.0075859999999999999 0.0079059999999999998 0.0013390000000000001 0.00149 0.001377 2.8986453016060834 2.8986453016060834 2.8986453016060834 0.00021584871536705705 0.00021584871536705705 0.00021584871536705705 1 1 1 Converged Converged Converged OK OK OK 128 128 128 128 128 128 8 8 8 0 0 0 0 0 1 0 0
34 34 linear 1 7 341 1 0.0001 0.20159474280522882 0.55427476060391301 0.75348785874252822 0.40256915681075334 0.10365368505263917 0.3436005417787294 0.5 -0.27170921301266265 2.8086739054356542 OK 13 12 0.54952100000000004 0.50714800000000004 0.35678500000000002 0.17935899999999999 0.14143600000000001 0 0.37016200000000005 0.36571200000000004 0.35678500000000002 0.010442 0.010416 0.0098340000000000007 0.31919300000000006 0.31527500000000003 0.30946800000000008 0.0096240000000000006 0.0094359999999999999 0.0085059999999999997 0.0018520000000000001 0.0018940000000000001 0.0017329999999999999 2.8086848939968072 2.8086848939968072 2.8086848939968072 9.3920790745523241e-05 9.3920790745523241e-05 9.3920790745523241e-05 1 1 1 Converged Converged Converged OK OK OK 143 143 143 143 143 143 9 9 9 0 0 0 0 1 0 0 1
34 34 linear 1 15 341 2 0.0001 0.20159474280522882 0.55427476060391301 0.75348785874252822 0.40256915681075334 0.10365368505263917 0.4484336351689942 0.5 -0.37654230640292746 2.6675446031808701 OK 13 12 0.55564199999999997 0.49778099999999997 0.33770699999999998 0.211309 0.15579599999999999 0 0.344333 0.34198499999999998 0.33770699999999998 0.0099629999999999996 0.0099600000000000001 0.0090650000000000001 0.30138100000000007 0.29921600000000004 0.29740000000000005 0.0083379999999999999 0.0086189999999999999 0.0079489999999999995 0.0012909999999999998 0.001369 0.001245 2.6675540661589126 2.6675540661589126 2.6675540661589126 0.00016665965325264907 0.00016665965325264907 0.00016665965325264907 1 1 1 Converged Converged Converged OK OK OK 135 135 135 135 135 135 9 9 9 0 0 0 0 1 0 0 1
34 34 linear 1 23 341 3 0.0001 0.20159474280522882 0.55427476060391301 0.75348785874252822 0.40256915681075334 0.10365368505263917 0.55326672855925896 0.5 -0.48137539979319222 2.4794798989336706 OK 13 12 0.55658200000000002 0.499587 0.34842699999999999 0.197798 0.143231 0 0.35878399999999999 0.35635600000000001 0.34842699999999999 0.0098770000000000004 0.0098650000000000005 0.0091140000000000006 0.32153800000000005 0.31844899999999998 0.31366600000000022 0.0054440000000000001 0.0060600000000000003 0.0051329999999999995 0.0014140000000000001 0.001405 0.00109 2.4794827590647799 2.4794827590647799 2.4794827590647799 0.00020287549912924221 0.00020287549912924221 0.00020287549912924221 1 1 1 Converged Converged Converged OK OK OK 103 103 103 103 103 103 9 9 9 0 0 0 0 1 0 0 1
34 34 linear 2 0 342 0 0.001 0.20159474280522882 0.55427476060391301 0.75348785874252822 1.9804272583504283 -4.3214923606032505 1.8297296866019226 0.5 -1.7578383578358558 1.0074339724882839 OK 13 12 0.35806100000000002 0.36135299999999998 0.12689700000000001 0.23172799999999999 0.23554 0 0.12633300000000003 0.12581299999999998 0.12689700000000001 0.010173 0.010503 0.009783 0.096618999999999941 0.095383000000000009 0.097725999999999938 0.0027680000000000001 0.0030049999999999999 0.0028279999999999998 0.00053600000000000002 0.00064500000000000007 0.00058500000000000002 1.0074343824413405 1.0074343824413405 1.0074343824413405 0.00014157174601302715 0.00014157174601302715 0.00014157174601302715 1 1 1 Converged Converged Converged OK OK OK 59 59 59 59 59 59 5 5 5 0 0 0 0 0 1 0 0
34 34 linear 2 7 342 1 0.001 0.20159474280522882 0.55427476060391301 0.75348785874252822 1.9804272583504283 -4.3214923606032505 1.9214586433184044 0.5 -1.8495673145523377 1.0068227216110337 OK 13 12 0.36106500000000002 0.26820699999999997 0.118938 0.23833399999999999 0.13703699999999999 0 0.12273100000000003 0.13116999999999998 0.118938 0.0091889999999999993 0.0093659999999999993 0.0086459999999999992 0.096386000000000027 0.10499700000000002 0.09374600000000001 0.0028810000000000003 0.0029750000000000002 0.0028479999999999998 0.00061200000000000002 0.00059899999999999992 0.00056300000000000002 1.00682387749256 1.00682387749256 1.00682387749256 0.00010536201183323804 0.00010536201183323804 0.00010536201183323804 1 1 1 Converged Converged Converged OK OK OK 59 59 59 59 59 59 5 5 5 0 0 0 0 1 0 0 1
34 34 linear 2 15 342 2 0.001 0.20159474280522882 0.55427476060391301 0.75348785874252822 1.9804272583504283 -4.3214923606032505 2.0262917367086692 0.5 -1.9544004079426025 1.0059542595815427 OK 14 13 0.43117800000000001 0.337003 0.15434200000000001 0.27586899999999998 0.179813 0 0.15530900000000003 0.15719 0.15434200000000001 0.011958 0.012343 0.011664000000000001 0.12149499999999996 0.12328699999999999 0.12176399999999996 0.0035549999999999996 0.0035980000000000001 0.0034529999999999999 0.00062299999999999996 0.00068600000000000009 0.00058100000000000003 1.0059536931142037 1.0059536931142037 1.0059536931142037 0.00014976095266860733 0.00014976095266860733 0.00014976095266860733 1 1 1 Converged Converged Converged OK OK OK 66 66 66 66 66 66 6 6 6 0 0 0 0 1 0 0 1
34 34 linear 2 23 342 3 0.001 0.20159474280522882 0.55427476060391301 0.75348785874252822 1.9804272583504283 -4.3214923606032505 2.1311248300989338 0.5 -2.0592335013328671 1.0050641828895399 OK 13 12 0.33385300000000001 0.24554200000000001 0.102162 0.22642999999999999 0.13442499999999999 0 0.10742300000000002 0.11111700000000002 0.102162 0.0089470000000000001 0.0088199999999999997 0.0081779999999999995 0.081155000000000005 0.085527999999999979 0.077801000000000009 0.0030220000000000004 0.0028689999999999996 0.0027329999999999998 0.00065099999999999989 0.00059500000000000004 0.00056899999999999995 1.0050635744701049 1.0050635744701049 1.0050635744701049 7.0249896447580933e-05 7.0249896447580933e-05 7.0249896447580933e-05 1 1 1 Converged Converged Converged OK OK OK 59 59 59 59 59 59 5 5 5 0 0 0 0 1 0 0 1
34 34 linear 2 0 342 0 0.0001 0.20159474280522882 0.55427476060391301 0.75348785874252822 1.9804272583504283 -4.3214923606032505 1.8297296866019226 0.5 -1.7578383578358558 1.0074339724882839 OK 13 12 0.38568000000000002 0.37914199999999998 0.14823800000000001 0.23386199999999999 0.23186599999999999 0 0.15181800000000004 0.14727599999999999 0.14823800000000001 0.010439 0.010096000000000001 0.0099450000000000007 0.11813799999999998 0.11518700000000003 0.11555299999999996 0.0035770000000000003 0.0031780000000000003 0.0037060000000000001 0.00089900000000000006 0.00072900000000000005 0.00084300000000000011 1.0074338747919831 1.0074338747919831 1.0074338747919831 1.8533701571921052e-05 1.8533701571921052e-05 1.8533701571921052e-05 1 1 1 Converged Converged Converged OK OK OK 67 67 67 67 67 67 5 5 5 0 0 0 0 0 1 0 0
34 34 linear 2 7 342 1 0.0001 0.20159474280522882 0.55427476060391301 0.75348785874252822 1.9804272583504283 -4.3214923606032505 1.9214586433184044 0.5 -1.8495673145523377 1.0068227216110337 OK 13 12 0.38642599999999999 0.29125299999999998 0.141875 0.23985699999999999 0.13814499999999999 0 0.146569 0.15310799999999999 0.141875 0.0092870000000000001 0.0093279999999999995 0.0087620000000000007 0.11778100000000004 0.12490499999999996 0.11440599999999999 0.0034869999999999996 0.0033700000000000002 0.0035250000000000004 0.00083799999999999999 0.00080599999999999997 0.00073900000000000007 1.0068216095411715 1.0068216095411715 1.0068216095411715 1.8649497572820925e-05 1.8649497572820925e-05 1.8649497572820925e-05 1 1 1 Converged Converged Converged OK OK OK 67 67 67 67 67 67 5 5 5 0 0 0 0 1 0 0 1
34 34 linear 2 15 342 2 0.0001 0.20159474280522882 0.55427476060391301 0.75348785874252822 1.9804272583504283 -4.3214923606032505 2.0262917367086692 0.5 -1.9544004079426025 1.0059542595815427 OK 14 13 0.43973400000000001 0.34864400000000001 0.16078899999999999 0.271067 0.17821899999999999 0 0.16866700000000001 0.17042500000000002 0.16078899999999999 0.012019 0.01196 0.011610000000000001 0.12841800000000003 0.13431200000000001 0.12507199999999993 0.0039429999999999995 0.0039899999999999996 0.0041809999999999998 0.0045180000000000003 0.00076899999999999994 0.00079600000000000005 1.0059538256127041 1.0059538256127041 1.0059538256127041 9.5391911530845293e-05 9.5391911530845293e-05 9.5391911530845293e-05 1 1 1 Converged Converged Converged OK OK OK 74 74 74 74 74 74 6 6 6 0 0 0 0 1 0 0 1
34 34 linear 2 23 342 3 0.0001 0.20159474280522882 0.55427476060391301 0.75348785874252822 1.9804272583504283 -4.3214923606032505 2.1311248300989338 0.5 -2.0592335013328671 1.0050641828895399 OK 13 12 0.33254800000000001 0.247112 0.10222299999999999 0.226022 0.13420299999999999 0 0.10652600000000001 0.11290900000000001 0.10222299999999999 0.0088850000000000005 0.0088579999999999996 0.0081949999999999992 0.080523999999999998 0.086018999999999984 0.077717999999999995 0.0029510000000000001 0.003326 0.0027170000000000002 0.00059199999999999997 0.00076100000000000007 0.00057600000000000001 1.0050635744701049 1.0050635744701049 1.0050635744701049 7.0249896447580933e-05 7.0249896447580933e-05 7.0249896447580933e-05 1 1 1 Converged Converged Converged OK OK OK 59 59 59 59 59 59 5 5 5 0 0 0 0 1 0 0 1
34 34 linear 3 0 343 0 0.001 0.20159474280522882 0.55427476060391301 0.75348785874252822 0.21844360924954329 -4.9825033449416054 0.067746037501037637 0.5 0.004145291265029119 1.0037142417462015 OK 12 11 0.29763600000000001 0.30209399999999997 0.083062999999999998 0.21263699999999999 0.21760399999999999 0 0.084999000000000019 0.084489999999999982 0.083062999999999998 0.0088149999999999999 0.0089940000000000003 0.008633 0.059545000000000022 0.058409000000000003 0.058039999999999987 0.0024289999999999997 0.002653 0.0023629999999999996 0.000544 0.00059000000000000003 0.0005660000000000001 1.0037136449941972 1.0037136449941972 1.0037136449941972 8.5508891967689795e-05 8.5508891967689795e-05 8.5508891967689795e-05 1 1 1 Converged Converged Converged OK OK OK 52 52 52 52 52 52 4 4 4 0 0 0 0 0 1 0 0
34 34 linear 3 7 343 1 0.001 0.20159474280522882 0.55427476060391301 0.75348785874252822 0.21844360924954329 -4.9825033449416054 0.15947499421751934 0.5 -0.087583665451452589 1.0038185579125543 OK 12 11 0.29930299999999999 0.20474600000000001 0.082752000000000006 0.21421399999999999 0.111732 0 0.085088999999999998 0.093014000000000013 0.082752000000000006 0.0081390000000000004 0.0082769999999999996 0.0078659999999999997 0.062222000000000006 0.069912999999999975 0.060689000000000014 0.002392 0.0025700000000000002 0.0024060000000000002 0.00056499999999999996 0.00055099999999999995 0.00051899999999999993 1.003817885535804 1.003817885535804 1.003817885535804 8.4017757799836871e-05 8.4017757799836871e-05 8.4017757799836871e-05 1 1 1 Converged Converged Converged OK OK OK 52 52 52 52 52 52 4 4 4 0 0 0 0 1 0 0 1
34 34 linear 3 15 343 2 0.001 0.20159474280522882 0.55427476060391301 0.75348785874252822 0.21844360924954329 -4.9825033449416054 0.26430808760778413 0.5 -0.19241675884171738 1.0039562810304792 OK 12 11 0.29564699999999999 0.213144 0.080607999999999999 0.21138100000000001 0.122879 0 0.08426599999999998 0.090264999999999998 0.080607999999999999 0.0082640000000000005 0.0082900000000000005 0.0076779999999999999 0.060872999999999983 0.067444999999999991 0.058790000000000009 0.0026119999999999997 0.002405 0.0023810000000000003 0.00055400000000000002 0.00056300000000000002 0.000513 1.0039556056472372 1.0039556056472372 1.0039556056472372 8.828592094425857e-05 8.828592094425857e-05 8.828592094425857e-05 1 1 1 Converged Converged Converged OK OK OK 52 52 52 52 52 52 4 4 4 0 0 0 0 1 0 0 1
34 34 linear 3 23 343 3 0.001 0.20159474280522882 0.55427476060391301 0.75348785874252822 0.21844360924954329 -4.9825033449416054 0.36914118099804893 0.5 -0.29724985223198219 1.0041234543381803 OK 12 11 0.29988500000000001 0.21459900000000001 0.080690999999999999 0.21612899999999999 0.123735 0 0.083756000000000025 0.090864000000000014 0.080690999999999999 0.0082979999999999998 0.0081209999999999997 0.0075989999999999999 0.060709000000000013 0.068156000000000008 0.058984999999999989 0.00249 0.0024599999999999999 0.0023080000000000002 0.000531 0.00052000000000000006 0.000522 1.0041226331230495 1.0041226331230495 1.0041226331230495 0.00010086657330920381 0.00010086657330920381 0.00010086657330920381 1 1 1 Converged Converged Converged OK OK OK 52 52 52 52 52 52 4 4 4 0 0 0 0 1 0 0 1
34 34 linear 3 0 343 0 0.0001 0.20159474280522882 0.55427476060391301 0.75348785874252822 0.21844360924954329 -4.9825033449416054 0.067746037501037637 0.5 0.004145291265029119 1.0037142417462015 OK 12 11 0.29685899999999998 0.29834699999999997 0.083151000000000003 0.21076900000000001 0.21452099999999999 0 0.086089999999999972 0.083825999999999984 0.083151000000000003 0.0090379999999999992 0.0089990000000000001 0.0085299999999999994 0.060189999999999987 0.058335000000000012 0.058119999999999984 0.0024989999999999999 0.002405 0.0024029999999999998 0.00057700000000000004 0.00055900000000000004 0.00054699999999999996 1.0037136449941972 1.0037136449941972 1.0037136449941972 8.5508891967689795e-05 8.5508891967689795e-05 8.5508891967689795e-05 1 1 1 Converged Converged Converged OK OK OK 52 52 52 52 52 52 4 4 4 0 0 0 0 0 1 0 0
34 34 linear 3 7 343 1 0.0001 0.20159474280522882 0.55427476060391301 0.75348785874252822 0.21844360924954329 -4.9825033449416054 0.15947499421751934 0.5 -0.087583665451452589 1.0038185579125543 OK 12 11 0.29763400000000001 0.20105300000000001 0.082709000000000005 0.212064 0.108914 0 0.085570000000000007 0.092139000000000013 0.082709000000000005 0.0081860000000000006 0.0082229999999999994 0.007705 0.062483000000000011 0.069513000000000005 0.060681999999999986 0.0025089999999999999 0.0023890000000000001 0.0024330000000000003 0.00054100000000000003 0.000522 0.00054600000000000004 1.003817885535804 1.003817885535804 1.003817885535804 8.4017757799836871e-05 8.4017757799836871e-05 8.4017757799836871e-05 1 1 1 Converged Converged Converged OK OK OK 52 52 52 52 52 52 4 4 4 0 0 0 0 1 0 0 1
34 34 linear 3 15 343 2 0.0001 0.20159474280522882 0.55427476060391301 0.75348785874252822 0.21844360924954329 -4.9825033449416054 0.26430808760778413 0.5 -0.19241675884171738 1.0039562810304792 OK 12 11 0.29450700000000002 0.21066299999999999 0.080390000000000003 0.20971799999999999 0.120488 0 0.084789000000000031 0.090174999999999991 0.080390000000000003 0.0082900000000000005 0.0081290000000000008 0.0076699999999999997 0.061233999999999976 0.067225999999999994 0.058693999999999982 0.0027810000000000001 0.0025440000000000003 0.002362 0.00055100000000000006 0.00053399999999999997 0.000522 1.0039556056472372 1.0039556056472372 1.0039556056472372 8.828592094425857e-05 8.828592094425857e-05 8.828592094425857e-05 1 1 1 Converged Converged Converged OK OK OK 52 52 52 52 52 52 4 4 4 0 0 0 0 1 0 0 1
34 34 linear 3 23 343 3 0.0001 0.20159474280522882 0.55427476060391301 0.75348785874252822 0.21844360924954329 -4.9825033449416054 0.36914118099804893 0.5 -0.29724985223198219 1.0041234543381803 OK 12 11 0.30903000000000003 0.22404299999999999 0.094751000000000002 0.214058 0.122668 0 0.094972000000000029 0.10137499999999999 0.094751000000000002 0.0082190000000000006 0.0081980000000000004 0.0077270000000000004 0.067921999999999982 0.074942000000000009 0.069464999999999999 0.0031489999999999999 0.0029510000000000001 0.0028270000000000001 0.00069700000000000003 0.00066900000000000011 0.00065900000000000008 1.00412298570112 1.00412298570112 1.00412298570112 4.3364917254542347e-05 4.3364917254542347e-05 4.3364917254542347e-05 1 1 1 Converged Converged Converged OK OK OK 60 60 60 60 60 60 4 4 4 0 0 0 0 1 0 0 1
34 34 linear 4 0 344 0 0.001 0.20159474280522882 0.55427476060391301 0.75348785874252822 -0.082690282957570277 4.5735189856257392 -0.23338785470607593 0.5 0.30527918347214267 1.0047984065902975 OK 12 11 0.28849799999999998 0.28536099999999998 0.082351999999999995 0.20408599999999999 0.20295299999999999 0 0.084411999999999987 0.082407999999999981 0.082351999999999995 0.0088749999999999992 0.0089580000000000007 0.0086149999999999994 0.058543999999999992 0.056921000000000006 0.056751999999999997 0.00249 0.0023379999999999998 0.0025440000000000003 0.00062399999999999999 0.00058200000000000005 0.00061499999999999999 1.0047989791992102 1.0047989791992102 1.0047989791992102 0.0002085117338069848 0.0002085117338069848 0.0002085117338069848 1 1 1 Converged Converged Converged OK OK OK 52 52 52 52 52 52 4 4 4 0 0 0 0 0 1 0 0
34 34 linear 4 7 344 1 0.001 0.20159474280522882 0.55427476060391301 0.75348785874252822 -0.082690282957570277 4.5735189856257392 -0.14165889798959422 0.5 0.21355022675566099 1.0049150189816258 OK 12 11 0.27837099999999998 0.19622999999999999 0.075667999999999999 0.19992599999999999 0.10775999999999999 0 0.078444999999999987 0.088469999999999993 0.075667999999999999 0.0081040000000000001 0.0082789999999999999 0.0078180000000000003 0.055456999999999992 0.064532999999999993 0.053520000000000005 0.0024390000000000002 0.0032260000000000001 0.0024529999999999999 0.00054600000000000004 0.00055600000000000007 0.00054500000000000002 1.0049147355938066 1.0049147355938066 1.0049147355938066 0.00017444638981000966 0.00017444638981000966 0.00017444638981000966 1 1 1 Converged Converged Converged OK OK OK 52 52 52 52 52 52 4 4 4 0 0 0 0 1 0 0 1
34 34 linear 4 15 344 2 0.001 0.20159474280522882 0.55427476060391301 0.75348785874252822 -0.082690282957570277 4.5735189856257392 -0.036825804599329423 0.5 0.10871713336539618 1.0050571908160877 OK 12 11 0.280387 0.19884199999999999 0.078413999999999998 0.19939100000000001 0.112135 0 0.080995999999999985 0.086706999999999992 0.078413999999999998 0.0081960000000000002 0.0083330000000000001 0.007737 0.058212999999999987 0.062858999999999998 0.056269000000000013 0.0023869999999999998 0.0028609999999999998 0.0024629999999999999 0.00052599999999999999 0.00054100000000000003 0.00055999999999999995 1.005056721150974 1.005056721150974 1.005056721150974 0.00014780626136233271 0.00014780626136233271 0.00014780626136233271 1 1 1 Converged Converged Converged OK OK OK 52 52 52 52 52 52 4 4 4 0 0 0 0 1 0 0 1
34 34 linear 4 23 344 3 0.001 0.20159474280522882 0.55427476060391301 0.75348785874252822 -0.082690282957570277 4.5735189856257392 0.068007288790935372 0.5 0.0038840399751313842 1.0052133769279086 OK 12 11 0.27888200000000002 0.19314300000000001 0.077057 0.19850100000000001 0.104868 0 0.080381000000000008 0.088275000000000006 0.077057 0.0082780000000000006 0.0083359999999999997 0.0077499999999999999 0.057307999999999998 0.065710000000000018 0.055263000000000007 0.0025149999999999999 0.0023600000000000001 0.0023470000000000001 0.00049600000000000002 0.00049299999999999995 0.00052300000000000003 1.0052127753165376 1.0052127753165376 1.0052127753165376 0.00013006273129663183 0.00013006273129663183 0.00013006273129663183 1 1 1 Converged Converged Converged OK OK OK 52 52 52 52 52 52 4 4 4 0 0 0 0 1 0 0 1
34 34 linear 4 0 344 0 0.0001 0.20159474280522882 0.55427476060391301 0.75348785874252822 -0.082690282957570277 4.5735189856257392 -0.23338785470607593 0.5 0.30527918347214267 1.0047984065902975 OK 12 11 0.300956 0.298599 0.090989 0.20722399999999999 0.206593 0 0.09373200000000001 0.092006000000000004 0.090989 0.0090229999999999998 0.008855 0.0085199999999999998 0.065521999999999983 0.063846000000000028 0.063265000000000002 0.0027859999999999998 0.0027700000000000003 0.002977 0.00066 0.00066300000000000007 0.00069399999999999996 1.0047978260693857 1.0047978260693857 1.0047978260693857 2.9866472072329728e-05 2.9866472072329728e-05 2.9866472072329728e-05 1 1 1 Converged Converged Converged OK OK OK 60 60 60 60 60 60 4 4 4 0 0 0 0 0 1 0 0
34 34 linear 4 7 344 1 0.0001 0.20159474280522882 0.55427476060391301 0.75348785874252822 -0.082690282957570277 4.5735189856257392 -0.14165889798959422 0.5 0.21355022675566099 1.0049150189816258 OK 12 11 0.28855799999999998 0.20490800000000001 0.084080000000000002 0.20169599999999999 0.108806 0 0.086861999999999995 0.096102000000000007 0.084080000000000002 0.0081770000000000002 0.0081910000000000004 0.0076800000000000002 0.062475000000000003 0.071931999999999982 0.060320999999999972 0.0027110000000000003 0.0026260000000000003 0.0028089999999999999 0.00064700000000000001 0.00064400000000000004 0.00066200000000000015 1.0049143887852607 1.0049143887852607 1.0049143887852607 3.128009749468609e-05 3.128009749468609e-05 3.128009749468609e-05 1 1 1 Converged Converged Converged OK OK OK 60 60 60 60 60 60 4 4 4 0 0 0 0 1 0 0 1
34 34 linear 4 15 344 2 0.0001 0.20159474280522882 0.55427476060391301 0.75348785874252822 -0.082690282957570277 4.5735189856257392 -0.036825804599329423 0.5 0.10871713336539618 1.0050571908160877 OK 12 11 0.29328599999999999 0.20636099999999999 0.087167999999999995 0.203484 0.107476 0 0.089801999999999993 0.098884999999999987 0.087167999999999995 0.0081469999999999997 0.0083309999999999999 0.0076509999999999998 0.065352000000000007 0.073675999999999978 0.06340999999999998 0.0027289999999999997 0.0030839999999999999 0.0028849999999999995 0.00065499999999999998 0.00070399999999999998 0.00065899999999999997 1.0050566219432155 1.0050566219432155 1.0050566219432155 3.5349540658650869e-05 3.5349540658650869e-05 3.5349540658650869e-05 1 1 1 Converged Converged Converged OK OK OK 60 60 60 60 60 60 4 4 4 0 0 0 0 1 0 0 1
34 34 linear 4 23 344 3 0.0001 0.20159474280522882 0.55427476060391301 0.75348785874252822 -0.082690282957570277 4.5735189856257392 0.068007288790935372 0.5 0.0038840399751313842 1.0052133769279086 OK 12 11 0.28975800000000002 0.20486799999999999 0.085202 0.20130300000000001 0.10782899999999999 0 0.088455000000000006 0.097039 0.085202 0.008267 0.0082170000000000003 0.0076309999999999998 0.063954999999999998 0.072329999999999992 0.061865999999999984 0.0027390000000000001 0.0029070000000000003 0.0027619999999999997 0.00066200000000000005 0.00065799999999999995 0.00064099999999999997 1.0052127496205119 1.0052127496205119 1.0052127496205119 4.1658501493504472e-05 4.1658501493504472e-05 4.1658501493504472e-05 1 1 1 Converged Converged Converged OK OK OK 60 60 60 60 60 60 4 4 4 0 0 0 0 1 0 0 1
34 34 uniform 0 0 345 0 0.001 0.20159474280522882 0.55427476060391301 0.75348785874252822 -0.078557236429273744 0.15903621434472237 -0.22925480817777938 0 0.30114613694384612 2.7591246553817492 OK 15 14 0.38047599999999998 0.37112800000000001 0.12968499999999999 0.25134299999999998 0.24268899999999999 0 0.129133 0.12843900000000003 0.12968499999999999 0.010057999999999999 0.010109999999999999 0.010267999999999999 0.097441999999999987 0.097463999999999981 0.097727999999999995 0.0024909999999999997 0.0024299999999999999 0.0028150000000000002 0.00069399999999999996 0.00063299999999999999 0.0007319999999999999 2.7591203157612942 2.7591203157612942 2.7591203157612942 0.0021453730319421428 0.0021453730319421428 0.0021453730319421428 1 1 1 Converged Converged Converged OK OK OK 72 72 72 72 72 72 8 8 8 0 0 0 0 0 1 0 0
34 34 uniform 0 7 345 1 0.001 0.20159474280522882 0.55427476060391301 0.75348785874252822 -0.078557236429273744 0.15903621434472237 -0.1375258514612977 0 0.20941718022736444 2.7934096523472438 OK 15 14 0.317826 0.23334299999999999 0.097234000000000001 0.219916 0.13589699999999999 0 0.097909999999999997 0.097446000000000005 0.097234000000000001 0.0090100000000000006 0.0091509999999999994 0.0088900000000000003 0.074688000000000018 0.074443999999999996 0.074372999999999995 0.0021719999999999999 0.002098 0.002196 0.00047600000000000002 0.00049399999999999997 0.00054300000000000008 2.7934152238372092 2.7934152238372092 2.7934152238372092 0.0019456198999693083 0.0019456198999693083 0.0019456198999693083 1 1 1 Converged Converged Converged OK OK OK 64 64 64 64 64 64 8 8 8 0 0 0 0 1 0 0 1
34 34 uniform 0 15 345 2 0.001 0.20159474280522882 0.55427476060391301 0.75348785874252822 -0.078557236429273744 0.15903621434472237 -0.03269275807103289 0 0.10458408683709965 2.8111621291484368 OK 14 13 0.32572899999999999 0.25922099999999998 0.113348 0.21080299999999999 0.139791 0 0.114926 0.11942999999999998 0.113348 0.0093699999999999999 0.0092540000000000001 0.0088950000000000001 0.087629000000000012 0.091674000000000047 0.08736500000000004 0.0028540000000000002 0.0032660000000000007 0.0029020000000000001 0.00072600000000000008 0.00073700000000000002 0.00075000000000000002 2.811162285754325 2.811162285754325 2.811162285754325 0.00043449829760693423 0.00043449829760693423 0.00043449829760693423 1 1 1 Converged Converged Converged OK OK OK 73 73 73 73 73 73 7 7 7 0 0 0 0 1 0 0 1
34 34 uniform 0 23 345 3 0.001 0.20159474280522882 0.55427476060391301 0.75348785874252822 -0.078557236429273744 0.15903621434472237 0.072140335319231905 0 -0.00024900655316514864 2.8070772413541847 OK 14 13 0.307589 0.243203 0.10256700000000001 0.20072300000000001 0.13730999999999999 0 0.10686599999999999 0.10589300000000001 0.10256700000000001 0.0095110000000000004 0.0094330000000000004 0.0085620000000000002 0.080179999999999987 0.080151999999999932 0.078793999999999989 0.0030169999999999997 0.0028 0.0024690000000000003 0.00075100000000000004 0.00071400000000000001 0.00065400000000000007 2.807048231822225 2.807048231822225 2.807048231822225 0.0017286182797918266 0.0017286182797918266 0.0017286182797918266 1 1 1 Converged Converged Converged OK OK OK 72 72 72 72 72 72 8 8 8 0 0 0 0 1 0 0 1
34 34 uniform 0 0 345 0 0.0001 0.20159474280522882 0.55427476060391301 0.75348785874252822 -0.078557236429273744 0.15903621434472237 -0.22925480817777938 0 0.30114613694384612 2.7591246553817492 OK 15 14 0.40690599999999999 0.40306700000000001 0.15715599999999999 0.25031500000000001 0.24593999999999999 0 0.15659099999999998 0.15712700000000002 0.15715599999999999 0.010130999999999999 0.010295 0.010491 0.11883000000000002 0.11968499999999996 0.11933899999999997 0.0033430000000000005 0.0033110000000000001 0.0035570000000000003 0.0010009999999999999 0.00095900000000000011 0.001031 2.7591246074694364 2.7591246074694364 2.7591246074694364 0.00025609113195769516 0.00025609113195769516 0.00025609113195769516 1 1 1 Converged Converged Converged OK OK OK 88 88 88 88 88 88 8 8 8 0 0 0 0 0 1 0 0
34 34 uniform 0 7 345 1 0.0001 0.20159474280522882 0.55427476060391301 0.75348785874252822 -0.078557236429273744 0.15903621434472237 -0.1375258514612977 0 0.20941718022736444 2.7934096523472438 OK 15 14 0.35179500000000002 0.27249899999999999 0.13018199999999999 0.22051699999999999 0.13453399999999999 0 0.13127800000000003 0.137965 0.13018199999999999 0.0091140000000000006 0.0095029999999999993 0.0086459999999999992 0.097408000000000008 0.10229600000000001 0.097760000000000014 0.0039660000000000008 0.0048430000000000001 0.0038279999999999998 0.0010369999999999999 0.001175 0.0010839999999999999 2.7934097706712464 2.7934097706712464 2.7934097706712464 0.00014025206424787752 0.00014025206424787752 0.00014025206424787752 1 1 1 Converged Converged Converged OK OK OK 96 96 96 96 96 96 8 8 8 0 0 0 0 1 0 0 1
34 34 uniform 0 15 345 2 0.0001 0.20159474280522882 0.55427476060391301 0.75348785874252822 -0.078557236429273744 0.15903621434472237 -0.03269275807103289 0 0.10458408683709965 2.8111621291484368 OK 14 13 0.35448000000000002 0.28759600000000002 0.141046 0.206984 0.14008599999999999 0 0.14749600000000002 0.14751000000000003 0.141046 0.0096229999999999996 0.0098139999999999998 0.0090539999999999995 0.10714200000000003 0.10977600000000003 0.10624900000000004 0.0053920000000000001 0.0057409999999999996 0.0048809999999999999 0.0010499999999999999 0.0011049999999999999 0.0010510000000000001 2.8111624366356711 2.8111624366356711 2.8111624366356711 0.00016055683572896489 0.00016055683572896489 0.00016055683572896489 1 1 1 Converged Converged Converged OK OK OK 105 105 105 105 105 105 7 7 7 0 0 0 0 1 0 0 1
34 34 uniform 0 23 345 3 0.0001 0.20159474280522882 0.55427476060391301 0.75348785874252822 -0.078557236429273744 0.15903621434472237 0.072140335319231905 0 -0.00024900655316514864 2.8070772413541847 OK 14 13 0.314585 0.256052 0.113679 0.19903899999999999 0.13927800000000001 0 0.11554600000000001 0.11677399999999999 0.113679 0.0092659999999999999 0.0096729999999999993 0.0087360000000000007 0.088178000000000034 0.088891000000000026 0.087759999999999977 0.0029750000000000002 0.0032659999999999998 0.0028470000000000001 0.00086200000000000003 0.00089599999999999988 0.00085800000000000004 2.8070771305200188 2.8070771305200188 2.8070771305200188 0.00022157154851184144 0.00022157154851184144 0.00022157154851184144 1 1 1 Converged Converged Converged OK OK OK 80 80 80 80 80 80 8 8 8 0 0 0 0 1 0 0 1
34 34 uniform 1 0 346 0 0.001 0.20159474280522882 0.55427476060391301 0.75348785874252822 0.40256915681075334 0.10365368505263917 0.25187158506224772 0 -0.17998025629618097 2.7627499735152372 OK 14 13 0.315724 0.321909 0.124905 0.18765599999999999 0.194884 0 0.12806800000000002 0.127025 0.124905 0.011389 0.010905 0.010695 0.094211000000000031 0.09377199999999998 0.092841000000000021 0.0034339999999999996 0.003509 0.003039 0.000794 0.00082000000000000009 0.00081700000000000002 2.7627572183643596 2.7627572183643596 2.7627572183643596 0.0022810207509815958 0.0022810207509815958 0.0022810207509815958 1 1 1 Converged Converged Converged OK OK OK 80 80 80 80 80 80 8 8 8 0 0 0 0 0 1 0 0
34 34 uniform 1 7 346 1 0.001 0.20159474280522882 0.55427476060391301 0.75348785874252822 0.40256915681075334 0.10365368505263917 0.3436005417787294 0 -0.27170921301266265 2.7048345765155584 OK 13 12 0.313137 0.27846799999999999 0.13689999999999999 0.17380499999999999 0.13483400000000001 0 0.13933200000000001 0.14363399999999998 0.13689999999999999 0.0097920000000000004 0.010548 0.0091780000000000004 0.106706 0.10910099999999998 0.10623999999999999 0.0042360000000000002 0.0050030000000000005 0.0038419999999999999 0.00094499999999999998 0.00098499999999999998 0.00088599999999999996 2.7048262092042079 2.7048262092042079 2.7048262092042079 0.0016430946038313531 0.0016430946038313531 0.0016430946038313531 1 1 1 Converged Converged Converged OK OK OK 95 95 95 95 95 95 9 9 9 0 0 0 0 1 0 0 1
34 34 uniform 1 15 346 2 0.001 0.20159474280522882 0.55427476060391301 0.75348785874252822 0.40256915681075334 0.10365368505263917 0.4484336351689942 0 -0.37654230640292746 2.6100578722405592 OK 13 12 0.33717399999999997 0.28691800000000001 0.13277 0.202817 0.148339 0 0.13435699999999998 0.13857900000000001 0.13277 0.0095429999999999994 0.0098189999999999996 0.0088450000000000004 0.10448100000000002 0.10690200000000004 0.10422599999999993 0.003594 0.0044329999999999994 0.0036290000000000003 0.0008389999999999999 0.00090299999999999994 0.0009050000000000001 2.6100357923384214 2.6100357923384214 2.6100357923384214 0.0015336533194034139 0.0015336533194034139 0.0015336533194034139 1 1 1 Converged Converged Converged OK OK OK 95 95 95 95 95 95 9 9 9 0 0 0 0 1 0 0 1
34 34 uniform 1 23 346 3 0.001 0.20159474280522882 0.55427476060391301 0.75348785874252822 0.40256915681075334 0.10365368505263917 0.55326672855925896 0 -0.48137539979319222 2.4752024285969902 OK 13 12 0.33601799999999998 0.28712599999999999 0.140427 0.191159 0.138907 0 0.14485899999999999 0.14821899999999999 0.140427 0.0094750000000000008 0.0094730000000000005 0.0086770000000000007 0.11647100000000002 0.12064600000000004 0.11487799999999999 0.0033570000000000006 0.0032569999999999999 0.0028170000000000001 0.00073399999999999995 0.00069800000000000005 0.00066399999999999999 2.4752171092334305 2.4752171092334305 2.4752171092334305 0.0017921776328938504 0.0017921776328938504 0.0017921776328938504 1 1 1 Converged Converged Converged OK OK OK 79 79 79 79 79 79 9 9 9 0 0 0 0 1 0 0 1
34 34 uniform 1 0 346 0 0.0001 0.20159474280522882 0.55427476060391301 0.75348785874252822 0.40256915681075334 0.10365368505263917 0.25187158506224772 0 -0.17998025629618097 2.7627499735152372 OK 14 13 0.38534600000000002 0.38784099999999999 0.193824 0.19165199999999999 0.19353500000000001 0 0.19369400000000003 0.19430599999999998 0.193824 0.011004 0.011361 0.014696000000000001 0.14268899999999993 0.14039799999999997 0.13843 0.0063940000000000004 0.008147999999999999 0.0073629999999999998 0.0012899999999999999 0.0015630000000000002 0.0013500000000000001 2.7627498684982745 2.7627498684982745 2.7627498684982745 5.4720089995213767e-05 5.4720089995213767e-05 5.4720089995213767e-05 1 1 1 Converged Converged Converged OK OK OK 136 136 136 136 136 136 8 8 8 0 0 0 0 0 1 0 0
34 34 uniform 1 7 346 1 0.0001 0.20159474280522882 0.55427476060391301 0.75348785874252822 0.40256915681075334 0.10365368505263917 0.3436005417787294 0 -0.27170921301266265 2.7048345765155584 OK 13 12 0.371114 0.33628400000000003 0.191024 0.17571400000000001 0.138098 0 0.19539999999999999 0.19818600000000003 0.191024 0.010137999999999999 0.010354 0.0094050000000000002 0.14914199999999986 0.15254800000000002 0.14778399999999997 0.0081119999999999994 0.0080129999999999993 0.0073029999999999996 0.0015140000000000002 0.0013909999999999999 0.0013879999999999999 2.7048343395338059 2.7048343395338059 2.7048343395338059 0.00010058077066540245 0.00010058077066540245 0.00010058077066540245 1 1 1 Converged Converged Converged OK OK OK 143 143 143 143 143 143 9 9 9 0 0 0 0 1 0 0 1
34 34 uniform 1 15 346 2 0.0001 0.20159474280522882 0.55427476060391301 0.75348785874252822 0.40256915681075334 0.10365368505263917 0.4484336351689942 0 -0.37654230640292746 2.6100578722405592 OK 13 12 0.37884299999999999 0.33151999999999998 0.17419200000000001 0.20072999999999999 0.150645 0 0.17811299999999999 0.18087499999999998 0.17419200000000001 0.0098049999999999995 0.0098250000000000004 0.0089779999999999999 0.13752700000000001 0.14039799999999994 0.13601400000000002 0.0070210000000000003 0.0072940000000000001 0.0064140000000000004 0.0012820000000000002 0.0012199999999999999 0.0012210000000000001 2.6100568217392786 2.6100568217392786 2.6100568217392786 0.00022646106012363904 0.00022646106012363904 0.00022646106012363904 1 1 1 Converged Converged Converged OK OK OK 135 135 135 135 135 135 9 9 9 0 0 0 0 1 0 0 1
34 34 uniform 1 23 346 3 0.0001 0.20159474280522882 0.55427476060391301 0.75348785874252822 0.40256915681075334 0.10365368505263917 0.55326672855925896 0 -0.48137539979319222 2.4752024285969902 OK 13 12 0.394119 0.34317300000000001 0.20105999999999999 0.19592599999999999 0.13856199999999999 0 0.19819300000000001 0.20461100000000002 0.20105999999999999 0.0093430000000000006 0.0095849999999999998 0.0088419999999999992 0.16084099999999998 0.16559599999999997 0.16475000000000004 0.005169 0.0059680000000000002 0.0052610000000000001 0.0012520000000000001 0.001268 0.0012000000000000001 2.4752027190591752 2.4752027190591752 2.4752027190591752 0.00018965674588988815 0.00018965674588988815 0.00018965674588988815 1 1 1 Converged Converged Converged OK OK OK 119 119 119 119 119 119 9 9 9 0 0 0 0 1 0 0 1
34 34 uniform 2 0 347 0 0.001 0.20159474280522882 0.55427476060391301 0.75348785874252822 1.9804272583504283 -4.3214923606032505 1.8297296866019226 0 -1.7578383578358558 1.0074492072355192 OK 13 12 0.30709500000000001 0.30634699999999998 0.074071999999999999 0.232544 0.231461 0 0.074551000000000006 0.07488599999999998 0.074071999999999999 0.010045 0.010097 0.0097120000000000001 0.050872999999999988 0.051307999999999979 0.051175000000000005 0.001835 0.001902 0.001833 0.000388 0.000446 0.00040799999999999994 1.0074502970154338 1.0074502970154338 1.0074502970154338 0.00051490795937908832 0.00051490795937908832 0.00051490795937908832 1 1 1 Converged Converged Converged OK OK OK 43 43 43 43 43 43 5 5 5 0 0 0 0 0 1 0 0
34 34 uniform 2 7 347 1 0.001 0.20159474280522882 0.55427476060391301 0.75348785874252822 1.9804272583504283 -4.3214923606032505 1.9214586433184044 0 -1.8495673145523377 1.0069219140869934 OK 13 12 0.30993300000000001 0.21309 0.070868 0.237154 0.136208 0 0.07277900000000001 0.076882000000000006 0.070868 0.0092940000000000002 0.0091199999999999996 0.0085050000000000004 0.05161799999999999 0.056284000000000008 0.051213999999999996 0.0017730000000000001 0.001802 0.001766 0.00046600000000000005 0.00043800000000000002 0.000435 1.0069233991269564 1.0069233991269564 1.0069233991269564 0.00046768788513469107 0.00046768788513469107 0.00046768788513469107 1 1 1 Converged Converged Converged OK OK OK 43 43 43 43 43 43 5 5 5 0 0 0 0 1 0 0 1
34 34 uniform 2 15 347 2 0.001 0.20159474280522882 0.55427476060391301 0.75348785874252822 1.9804272583504283 -4.3214923606032505 2.0262917367086692 0 -1.9544004079426025 1.0061028514300714 OK 14 13 0.369481 0.275507 0.093225000000000002 0.27359699999999998 0.17910899999999999 0 0.095884000000000025 0.096398000000000011 0.093225000000000002 0.01235 0.012236 0.011565000000000001 0.067136000000000001 0.068131000000000025 0.066230999999999998 0.0025629999999999997 0.002418 0.0023020000000000002 0.00050900000000000001 0.000486 0.00042899999999999997 1.0061029139083182 1.0061029139083182 1.0061029139083182 0.00053415371931819571 0.00053415371931819571 0.00053415371931819571 1 1 1 Converged Converged Converged OK OK OK 50 50 50 50 50 50 6 6 6 0 0 0 0 1 0 0 1
34 34 uniform 2 23 347 3 0.001 0.20159474280522882 0.55427476060391301 0.75348785874252822 1.9804272583504283 -4.3214923606032505 2.1311248300989338 0 -2.0592335013328671 1.0051294449267494 OK 13 12 0.29863800000000001 0.207783 0.070041999999999993 0.22307199999999999 0.13403699999999999 0 0.075566000000000022 0.073746000000000006 0.070041999999999993 0.012423999999999999 0.0090390000000000002 0.0081910000000000004 0.051266999999999993 0.052658000000000003 0.050465000000000017 0.0017980000000000001 0.0020100000000000001 0.0017650000000000001 0.00042699999999999997 0.000473 0.00041600000000000003 1.0051293714847385 1.0051293714847385 1.0051293714847385 0.00044543916337645213 0.00044543916337645213 0.00044543916337645213 1 1 1 Converged Converged Converged OK OK OK 43 43 43 43 43 43 5 5 5 0 0 0 0 1 0 0 1
34 34 uniform 2 0 347 0 0.0001 0.20159474280522882 0.55427476060391301 0.75348785874252822 1.9804272583504283 -4.3214923606032505 1.8297296866019226 0 -1.7578383578358558 1.0074492072355192 OK 13 12 0.33867700000000001 0.33072699999999999 0.101454 0.23639199999999999 0.23011999999999999 0 0.10228500000000001 0.100607 0.101454 0.010513 0.0099480000000000002 0.0099319999999999999 0.069200999999999985 0.069068999999999992 0.069263000000000005 0.0032840000000000005 0.0030400000000000002 0.0032880000000000001 0.00084500000000000005 0.00073700000000000002 0.00087199999999999995 1.0074488449837349 1.0074488449837349 1.0074488449837349 3.5147420377124292e-05 3.5147420377124292e-05 3.5147420377124292e-05 1 1 1 Converged Converged Converged OK OK OK 67 67 67 67 67 67 5 5 5 0 0 0 0 0 1 0 0
34 34 uniform 2 7 347 1 0.0001 0.20159474280522882 0.55427476060391301 0.75348785874252822 1.9804272583504283 -4.3214923606032505 1.9214586433184044 0 -1.8495673145523377 1.0069219140869934 OK 13 12 0.32705200000000001 0.23517099999999999 0.089209999999999998 0.23696600000000001 0.13508300000000001 0 0.090085999999999999 0.10008799999999998 0.089209999999999998 0.0090340000000000004 0.0092040000000000004 0.0088009999999999998 0.064230999999999996 0.074387000000000009 0.064105999999999996 0.0026579999999999998 0.0025539999999999998 0.0026550000000000002 0.00060300000000000002 0.00060400000000000004 0.00061699999999999993 1.0069233993188629 1.0069233993188629 1.0069233993188629 9.4708821646079274e-05 9.4708821646079274e-05 9.4708821646079274e-05 1 1 1 Converged Converged Converged OK OK OK 59 59 59 59 59 59 5 5 5 0 0 0 0 1 0 0 1
34 34 uniform 2 15 347 2 0.0001 0.20159474280522882 0.55427476060391301 0.75348785874252822 1.9804272583504283 -4.3214923606032505 2.0262917367086692 0 -1.9544004079426025 1.0061028514300714 OK 14 13 0.38911899999999999 0.30624699999999999 0.117752 0.27023200000000003 0.179564 0 0.11888699999999996 0.12668299999999999 0.117752 0.012002000000000001 0.012338 0.011332999999999999 0.082977000000000023 0.089693999999999996 0.08297000000000003 0.0036420000000000003 0.0039620000000000002 0.0037410000000000004 0.00072400000000000003 0.00084300000000000011 0.00076900000000000004 1.0061029803062413 1.0061029803062413 1.0061029803062413 9.4534371204456753e-05 9.4534371204456753e-05 9.4534371204456753e-05 1 1 1 Converged Converged Converged OK OK OK 74 74 74 74 74 74 6 6 6 0 0 0 0 1 0 0 1
34 34 uniform 2 23 347 3 0.0001 0.20159474280522882 0.55427476060391301 0.75348785874252822 1.9804272583504283 -4.3214923606032505 2.1311248300989338 0 -2.0592335013328671 1.0051294449267494 OK 13 12 0.31728600000000001 0.230738 0.087471999999999994 0.226716 0.135267 0 0.090570000000000012 0.095471 0.087471999999999994 0.0089110000000000005 0.0085579999999999996 0.0082290000000000002 0.064535999999999996 0.070566999999999991 0.063185000000000005 0.0027270000000000003 0.0026210000000000001 0.0025510000000000003 0.00068500000000000006 0.00058100000000000003 0.00056300000000000002 1.0051293716699505 1.0051293716699505 1.0051293716699505 7.2796885579838857e-05 7.2796885579838857e-05 7.2796885579838857e-05 1 1 1 Converged Converged Converged OK OK OK 59 59 59 59 59 59 5 5 5 0 0 0 0 1 0 0 1
34 34 uniform 3 0 348 0 0.001 0.20159474280522882 0.55427476060391301 0.75348785874252822 0.21844360924954329 -4.9825033449416054 0.067746037501037637 0 0.004145291265029119 1.0037332895773048 OK 12 11 0.269596 0.27005800000000002 0.053461000000000002 0.214778 0.21571699999999999 0 0.054818000000000006 0.054341000000000028 0.053461000000000002 0.0089230000000000004 0.0087349999999999997 0.0085979999999999997 0.034559999999999994 0.034480999999999998 0.034255999999999995 0.00141 0.0014500000000000001 0.001351 0.00040200000000000001 0.00041899999999999999 0.00037399999999999998 1.0037332415013465 1.0037332415013465 1.0037332415013465 0.00043214700156175698 0.00043214700156175698 0.00043214700156175698 1 1 1 Converged Converged Converged OK OK OK 36 36 36 36 36 36 4 4 4 0 0 0 0 0 1 0 0
34 34 uniform 3 7 348 1 0.001 0.20159474280522882 0.55427476060391301 0.75348785874252822 0.21844360924954329 -4.9825033449416054 0.15947499421751934 0 -0.087583665451452589 1.0038396941731964 OK 12 11 0.26284200000000002 0.163108 0.052733000000000002 0.20927799999999999 0.108879 0 0.053564000000000028 0.054228999999999999 0.052733000000000002 0.0080520000000000001 0.0081630000000000001 0.0076790000000000001 0.036068999999999997 0.036594999999999996 0.035927000000000008 0.001392 0.0014530000000000001 0.0013909999999999999 0.00037099999999999996 0.000368 0.00032600000000000001 1.0038396245065686 1.0038396245065686 1.0038396245065686 0.00043294434399102392 0.00043294434399102392 0.00043294434399102392 1 1 1 Converged Converged Converged OK OK OK 36 36 36 36 36 36 4 4 4 0 0 0 0 1 0 0 1
34 34 uniform 3 15 348 2 0.001 0.20159474280522882 0.55427476060391301 0.75348785874252822 0.21844360924954329 -4.9825033449416054 0.26430808760778413 0 -0.19241675884171738 1.0039808701712747 OK 12 11 0.26220100000000002 0.171685 0.052028999999999999 0.208873 0.118156 0 0.053328000000000014 0.053529000000000007 0.052028999999999999 0.0081580000000000003 0.0082520000000000007 0.0077029999999999998 0.035407000000000001 0.035792999999999998 0.035223000000000004 0.001426 0.0014289999999999999 0.0014169999999999999 0.00038999999999999994 0.00036400000000000001 0.000359 1.0039807792524329 1.0039807792524329 1.0039807792524329 0.00043825673032024909 0.00043825673032024909 0.00043825673032024909 1 1 1 Converged Converged Converged OK OK OK 36 36 36 36 36 36 4 4 4 0 0 0 0 1 0 0 1
34 34 uniform 3 23 348 3 0.001 0.20159474280522882 0.55427476060391301 0.75348785874252822 0.21844360924954329 -4.9825033449416054 0.36914118099804893 0 -0.29724985223198219 1.004153167454509 OK 12 11 0.26630999999999999 0.17350299999999999 0.050620999999999999 0.212035 0.121639 0 0.05427499999999999 0.051863999999999993 0.050620999999999999 0.0095110000000000004 0.0082089999999999993 0.0076309999999999998 0.034964000000000009 0.034372000000000007 0.033959000000000003 0.0014400000000000001 0.001395 0.0013519999999999999 0.00036299999999999999 0.000357 0.000321 1.0041530501322944 1.0041530501322944 1.0041530501322944 0.00044937715390045341 0.00044937715390045341 0.00044937715390045341 1 1 1 Converged Converged Converged OK OK OK 36 36 36 36 36 36 4 4 4 0 0 0 0 1 0 0 1
34 34 uniform 3 0 348 0 0.0001 0.20159474280522882 0.55427476060391301 0.75348785874252822 0.21844360924954329 -4.9825033449416054 0.067746037501037637 0 0.004145291265029119 1.0037332895773048 OK 12 11 0.28568700000000002 0.28637299999999999 0.072482000000000005 0.21273400000000001 0.21321699999999999 0 0.072953000000000018 0.073155999999999999 0.072482000000000005 0.0089060000000000007 0.0091280000000000007 0.0085220000000000001 0.04780100000000001 0.047799000000000008 0.047882999999999995 0.0022409999999999999 0.0023140000000000001 0.0022899999999999999 0.00052099999999999998 0.00050900000000000001 0.00054999999999999992 1.0037332416656723 1.0037332416656723 1.0037332416656723 5.8857228192549311e-05 5.8857228192549311e-05 5.8857228192549311e-05 1 1 1 Converged Converged Converged OK OK OK 52 52 52 52 52 52 4 4 4 0 0 0 0 0 1 0 0
34 34 uniform 3 7 348 1 0.0001 0.20159474280522882 0.55427476060391301 0.75348785874252822 0.21844360924954329 -4.9825033449416054 0.15947499421751934 0 -0.087583665451452589 1.0038396941731964 OK 12 11 0.28586899999999998 0.19275999999999999 0.071863999999999997 0.21163000000000001 0.110843 0 0.074238999999999972 0.08191699999999999 0.071863999999999997 0.0082620000000000002 0.0082129999999999998 0.0077980000000000002 0.050701999999999983 0.059225000000000007 0.050145000000000002 0.0025929999999999998 0.0023379999999999998 0.0022650000000000001 0.00050799999999999999 0.0005170000000000001 0.00048699999999999997 1.003839624671075 1.003839624671075 1.003839624671075 5.970783741507831e-05 5.970783741507831e-05 5.970783741507831e-05 1 1 1 Converged Converged Converged OK OK OK 52 52 52 52 52 52 4 4 4 0 0 0 0 1 0 0 1
34 34 uniform 3 15 348 2 0.0001 0.20159474280522882 0.55427476060391301 0.75348785874252822 0.21844360924954329 -4.9825033449416054 0.26430808760778413 0 -0.19241675884171738 1.0039808701712747 OK 12 11 0.28423399999999999 0.20047400000000001 0.069859000000000004 0.213115 0.120919 0 0.071118999999999988 0.079555000000000015 0.069859000000000004 0.0080479999999999996 0.0081700000000000002 0.0077079999999999996 0.048570999999999996 0.057206000000000007 0.048393999999999986 0.0022179999999999999 0.0022079999999999999 0.002209 0.00050000000000000001 0.00051000000000000004 0.00047600000000000002 1.0039807794170275 1.0039807794170275 1.0039807794170275 6.5088567309891132e-05 6.5088567309891132e-05 6.5088567309891132e-05 1 1 1 Converged Converged Converged OK OK OK 52 52 52 52 52 52 4 4 4 0 0 0 0 1 0 0 1
34 34 uniform 3 23 348 3 0.0001 0.20159474280522882 0.55427476060391301 0.75348785874252822 0.21844360924954329 -4.9825033449416054 0.36914118099804893 0 -0.29724985223198219 1.004153167454509 OK 12 11 0.287416 0.201933 0.069919999999999996 0.21593000000000001 0.122248 0 0.071485999999999994 0.079685000000000006 0.069919999999999996 0.0081349999999999999 0.0083000000000000001 0.0076109999999999997 0.048849000000000004 0.057344999999999993 0.048621000000000004 0.0022859999999999998 0.0021909999999999998 0.0021549999999999998 0.00049399999999999997 0.00048900000000000007 0.00045899999999999999 1.0041530502968499 1.0041530502968499 1.0041530502968499 7.6285015026531918e-05 7.6285015026531918e-05 7.6285015026531918e-05 1 1 1 Converged Converged Converged OK OK OK 52 52 52 52 52 52 4 4 4 0 0 0 0 1 0 0 1
34 34 uniform 4 0 349 0 0.001 0.20159474280522882 0.55427476060391301 0.75348785874252822 -0.082690282957570277 4.5735189856257392 -0.23338785470607593 0 0.30527918347214267 1.0048198358692406 OK 12 11 0.25479600000000002 0.25582199999999999 0.051638999999999997 0.20252000000000001 0.20386099999999999 0 0.052276000000000017 0.051961000000000007 0.051638999999999997 0.0087770000000000001 0.008744 0.0086070000000000001 0.032529000000000002 0.032642999999999998 0.032448000000000005 0.0014219999999999999 0.0013779999999999999 0.0013880000000000001 0.000406 0.00041200000000000004 0.00042000000000000002 1.0048218200699139 1.0048218200699139 1.0048218200699139 0.00053385579933035924 0.00053385579933035924 0.00053385579933035924 1 1 1 Converged Converged Converged OK OK OK 36 36 36 36 36 36 4 4 4 0 0 0 0 0 1 0 0
34 34 uniform 4 7 349 1 0.001 0.20159474280522882 0.55427476060391301 0.75348785874252822 -0.082690282957570277 4.5735189856257392 -0.14165889798959422 0 0.21355022675566099 1.0049375404408702 OK 12 11 0.24804200000000001 0.15978600000000001 0.046478999999999999 0.199599 0.107685 0 0.048443000000000014 0.052101000000000008 0.046478999999999999 0.0081939999999999999 0.0081720000000000004 0.0076839999999999999 0.030410999999999997 0.034518999999999994 0.029918999999999998 0.0015399999999999999 0.0014429999999999998 0.001307 0.00042100000000000004 0.00041899999999999999 0.00039899999999999999 1.0049381356906602 1.0049381356906602 1.0049381356906602 0.00049660114842037608 0.00049660114842037608 0.00049660114842037608 1 1 1 Converged Converged Converged OK OK OK 36 36 36 36 36 36 4 4 4 0 0 0 0 1 0 0 1
34 34 uniform 4 15 349 2 0.001 0.20159474280522882 0.55427476060391301 0.75348785874252822 -0.082690282957570277 4.5735189856257392 -0.036825804599329423 0 0.10871713336539618 1.0050813335376831 OK 12 11 0.25308000000000003 0.160745 0.051591999999999999 0.19992499999999999 0.1077 0 0.053155000000000036 0.053044999999999995 0.051591999999999999 0.0080820000000000006 0.0082100000000000003 0.0076940000000000003 0.035434000000000007 0.035468 0.035012000000000001 0.0014110000000000001 0.001446 0.001364 0.00036900000000000002 0.00040900000000000002 0.00035500000000000001 1.0050814882225956 1.0050814882225956 1.0050814882225956 0.00047208363969373558 0.00047208363969373558 0.00047208363969373558 1 1 1 Converged Converged Converged OK OK OK 36 36 36 36 36 36 4 4 4 0 0 0 0 1 0 0 1
34 34 uniform 4 23 349 3 0.001 0.20159474280522882 0.55427476060391301 0.75348785874252822 -0.082690282957570277 4.5735189856257392 0.068007288790935372 0 0.0038840399751313842 1.0052394603727286 OK 12 11 0.25183800000000001 0.156363 0.048036000000000002 0.20200299999999999 0.106863 0 0.049835000000000018 0.049500000000000002 0.048036000000000002 0.0082430000000000003 0.0081580000000000003 0.0077250000000000001 0.031962000000000004 0.031944 0.031396 0.0014489999999999998 0.0014509999999999998 0.0013549999999999999 0.00035300000000000002 0.00035 0.00035599999999999998 1.0052394687513768 1.0052394687513768 1.0052394687513768 0.00045886238337975994 0.00045886238337975994 0.00045886238337975994 1 1 1 Converged Converged Converged OK OK OK 36 36 36 36 36 36 4 4 4 0 0 0 0 1 0 0 1
34 34 uniform 4 0 349 0 0.0001 0.20159474280522882 0.55427476060391301 0.75348785874252822 -0.082690282957570277 4.5735189856257392 -0.23338785470607593 0 0.30527918347214267 1.0048198358692406 OK 12 11 0.28186800000000001 0.28764499999999998 0.078272999999999995 0.202124 0.206983 0 0.079744000000000009 0.080661999999999984 0.078272999999999995 0.0090360000000000006 0.0091210000000000006 0.0086 0.051616999999999996 0.051941999999999988 0.051435999999999989 0.002604 0.002905 0.0025400000000000002 0.00069800000000000005 0.00076300000000000001 0.00065300000000000004 1.0048198055528421 1.0048198055528421 1.0048198055528421 3.087539245748689e-05 3.087539245748689e-05 3.087539245748689e-05 1 1 1 Converged Converged Converged OK OK OK 60 60 60 60 60 60 4 4 4 0 0 0 0 0 1 0 0
34 34 uniform 4 7 349 1 0.0001 0.20159474280522882 0.55427476060391301 0.75348785874252822 -0.082690282957570277 4.5735189856257392 -0.14165889798959422 0 0.21355022675566099 1.0049375404408702 OK 12 11 0.27460600000000002 0.19633400000000001 0.071531999999999998 0.201654 0.111085 0 0.072952000000000017 0.085249000000000005 0.071531999999999998 0.0081449999999999995 0.0082730000000000008 0.0077349999999999997 0.048690999999999998 0.060457999999999998 0.048523999999999998 0.0025300000000000001 0.0027660000000000002 0.0024930000000000004 0.00068099999999999996 0.00069400000000000006 0.00063100000000000005 1.0049374866967875 1.0049374866967875 1.0049374866967875 3.1051185008842642e-05 3.1051185008842642e-05 3.1051185008842642e-05 1 1 1 Converged Converged Converged OK OK OK 60 60 60 60 60 60 4 4 4 0 0 0 0 1 0 0 1
34 34 uniform 4 15 349 2 0.0001 0.20159474280522882 0.55427476060391301 0.75348785874252822 -0.082690282957570277 4.5735189856257392 -0.036825804599329423 0 0.10871713336539618 1.0050813335376831 OK 12 11 0.27056799999999998 0.18342900000000001 0.067475999999999994 0.20199300000000001 0.109127 0 0.068574999999999969 0.074302000000000007 0.067475999999999994 0.0081569999999999993 0.0082400000000000008 0.0077349999999999997 0.046087000000000003 0.051958000000000004 0.045928999999999998 0.0021779999999999998 0.0022110000000000003 0.002212 0.000486 0.00051100000000000006 0.00048999999999999998 1.0050814884157375 1.0050814884157375 1.0050814884157375 9.7328788059377128e-05 9.7328788059377128e-05 9.7328788059377128e-05 1 1 1 Converged Converged Converged OK OK OK 52 52 52 52 52 52 4 4 4 0 0 0 0 1 0 0 1
34 34 uniform 4 23 349 3 0.0001 0.20159474280522882 0.55427476060391301 0.75348785874252822 -0.082690282957570277 4.5735189856257392 0.068007288790935372 0 0.0038840399751313842 1.0052394603727286 OK 12 11 0.26808799999999999 0.18110299999999999 0.066122 0.20069600000000001 0.10806 0 0.06739199999999998 0.073042999999999983 0.066122 0.0081720000000000004 0.0081650000000000004 0.0076299999999999996 0.045156000000000002 0.050640000000000011 0.044731999999999987 0.002189 0.0022190000000000001 0.002202 0.00047400000000000003 0.00051599999999999997 0.00046200000000000001 1.0052394689451778 1.0052394689451778 1.0052394689451778 8.4184353536324706e-05 8.4184353536324706e-05 8.4184353536324706e-05 1 1 1 Converged Converged Converged OK OK OK 52 52 52 52 52 52 4 4 4 0 0 0 0 1 0 0 1
35 35 linear 0 0 350 0 0.001 0.34978748894140194 0.032143640182289733 0.0021119730708011202 2.3521216046056423 -0.93753124836518753 2.351699209991482 0.5 -2.3408059169002091 2.4244826219202822 OK 14 13 0.91720800000000002 0.91144099999999995 0.26772800000000002 0.64789699999999995 0.64568999999999999 0 0.26931100000000008 0.26575099999999996 0.26772800000000002 0.012880000000000001 0.012966 0.012197 0.22074099999999997 0.21765700000000002 0.22038300000000002 0.004921 0.0047629999999999999 0.0048599999999999997 0.0011000000000000001 0.0010240000000000002 0.0010059999999999999 2.4244854725260323 2.4244854725260323 2.4244854725260323 0.0017218068443480238 0.0017218068443480238 0.0017218068443480238 1 1 1 Converged Converged Converged OK OK OK 97 97 97 97 97 97 7 7 7 0 0 0 0 0 1 0 0
35 35 linear 0 7 350 1 0.001 0.34978748894140194 0.032143640182289733 0.0021119730708011202 2.3521216046056423 -0.93753124836518753 2.3519563197566233 0.5 -2.3410630266653505 2.4218924466911882 OK 14 13 0.78148600000000001 0.820021 0.25011699999999998 0.52601799999999999 0.51003100000000001 0 0.25546800000000003 0.30998999999999999 0.25011699999999998 0.011795 0.011993 0.011041 0.22149200000000002 0.27584899999999996 0.21759100000000003 0.0036759999999999996 0.0038910000000000004 0.0035249999999999999 0.00088100000000000006 0.0008650000000000001 0.00085899999999999995 2.421900781399033 2.421900781399033 2.421900781399033 0.0024158615207833267 0.0024158615207833267 0.0024158615207833267 1 1 1 Converged Converged Converged OK OK OK 81 81 81 81 81 81 7 7 7 0 0 0 0 1 0 0 1
35 35 linear 0 15 350 2 0.001 0.34978748894140194 0.032143640182289733 0.0021119730708011202 2.3521216046056423 -0.93753124836518753 2.352250159488213 0.5 -2.3413568663969402 2.3919500076249478 OK 14 13 0.64212499999999995 0.595198 0.25819300000000001 0.37826300000000002 0.23974999999999999 0 0.26386199999999993 0.35544799999999999 0.25819300000000001 0.011452 0.011412 0.010626999999999999 0.22535399999999997 0.31669299999999995 0.22111400000000006 0.0047429999999999998 0.0047790000000000003 0.004509 0.001011 0.0010580000000000001 0.00098499999999999998 2.3919582922776201 2.3919582922776201 2.3919582922776201 0.0010988541106752058 0.0010988541106752058 0.0010988541106752058 1 1 1 Converged Converged Converged OK OK OK 97 97 97 97 97 97 7 7 7 0 0 0 0 1 0 0 1
35 35 linear 0 23 350 3 0.001 0.34978748894140194 0.032143640182289733 0.0021119730708011202 2.3521216046056423 -0.93753124836518753 2.3525439992198027 0.5 -2.3416507061285299 2.3319160872147946 OK 14 13 0.85601799999999995 0.77630500000000002 0.25441900000000001 0.59364700000000004 0.46427499999999999 0 0.26237099999999991 0.31203000000000003 0.25441900000000001 0.011627999999999999 0.011863 0.011055000000000001 0.22601400000000002 0.27512199999999998 0.21971199999999994 0.0041159999999999999 0.004529 0.0040499999999999998 0.001047 0.001101 0.001042 2.331934501057209 2.331934501057209 2.331934501057209 0.0022195304756437669 0.0022195304756437669 0.0022195304756437669 1 1 1 Converged Converged Converged OK OK OK 89 89 89 89 89 89 7 7 7 0 0 0 0 1 0 0 1
35 35 linear 0 0 350 0 0.0001 0.34978748894140194 0.032143640182289733 0.0021119730708011202 2.3521216046056423 -0.93753124836518753 2.351699209991482 0.5 -2.3408059169002091 2.4244826219202822 OK 14 13 0.954843 0.95288700000000004 0.31003399999999998 0.64279900000000001 0.64174299999999995 0 0.31204399999999999 0.31114400000000009 0.31003399999999998 0.012768 0.012576 0.012062 0.25408100000000011 0.25342699999999996 0.25337499999999996 0.00577 0.0058009999999999997 0.005677999999999999 0.0013639999999999998 0.0013439999999999999 0.0013250000000000002 2.4244857950382674 2.4244857950382674 2.4244857950382674 0.00012853248105912555 0.00012853248105912555 0.00012853248105912555 1 1 1 Converged Converged Converged OK OK OK 121 121 121 121 121 121 7 7 7 0 0 0 0 0 1 0 0
35 35 linear 0 7 350 1 0.0001 0.34978748894140194 0.032143640182289733 0.0021119730708011202 2.3521216046056423 -0.93753124836518753 2.3519563197566233 0.5 -2.3410630266653505 2.4218924466911882 OK 14 13 0.84199800000000002 0.94494900000000004 0.31382599999999999 0.52246899999999996 0.51070700000000002 0 0.31952900000000006 0.43424200000000002 0.31382599999999999 0.011698999999999999 0.011887999999999999 0.011013999999999999 0.27321100000000004 0.38764700000000013 0.26905300000000004 0.0059820000000000003 0.0059629999999999996 0.0057419999999999997 0.0012599999999999998 0.0012799999999999999 0.00125 2.4219008394958506 2.4219008394958506 2.4219008394958506 0.00018873185916384121 0.00018873185916384121 0.00018873185916384121 1 1 1 Converged Converged Converged OK OK OK 121 121 121 121 121 121 7 7 7 0 0 0 0 1 0 0 1
35 35 linear 0 15 350 2 0.0001 0.34978748894140194 0.032143640182289733 0.0021119730708011202 2.3521216046056423 -0.93753124836518753 2.352250159488213 0.5 -2.3413568663969402 2.3919500076249478 OK 14 13 0.70469899999999996 0.68458600000000003 0.31906600000000002 0.37993399999999999 0.24002599999999999 0 0.32476499999999997 0.44456000000000007 0.31906600000000002 0.011468000000000001 0.011412 0.010659 0.27566499999999988 0.39527199999999996 0.2707739999999999 0.0060250000000000008 0.0061670000000000006 0.006183000000000001 0.001446 0.0014970000000000001 0.001451 2.3919584872947586 2.3919584872947586 2.3919584872947586 4.2183291021756578e-05 4.2183291021756578e-05 4.2183291021756578e-05 1 1 1 Converged Converged Converged OK OK OK 129 129 129 129 129 129 7 7 7 0 0 0 0 1 0 0 1
35 35 linear 0 23 350 3 0.0001 0.34978748894140194 0.032143640182289733 0.0021119730708011202 2.3521216046056423 -0.93753124836518753 2.3525439992198027 0.5 -2.3416507061285299 2.3319160872147946 OK 14 13 0.90170899999999998 0.87005900000000003 0.30321199999999998 0.59521599999999997 0.46149400000000002 0 0.30649300000000002 0.40856500000000001 0.30321199999999998 0.014982000000000001 0.011820000000000001 0.010978 0.25711299999999998 0.36180799999999985 0.25809999999999989 0.0058200000000000005 0.0061780000000000012 0.0059640000000000006 0.0013850000000000002 0.0014579999999999999 0.0013960000000000001 2.3319345022063227 2.3319345022063227 2.3319345022063227 0.00019980280888680425 0.00019980280888680425 0.00019980280888680425 1 1 1 Converged Converged Converged OK OK OK 121 121 121 121 121 121 7 7 7 0 0 0 0 1 0 0 1
35 35 linear 1 0 351 0 0.001 0.34978748894140194 0.032143640182289733 0.0021119730708011202 2.3497492538407019 -0.92821819379039427 2.3493268592265415 0.5 -2.3384335661352686 2.6003607493188374 OK 13 12 0.75895000000000001 0.75288900000000003 0.15029799999999999 0.60598300000000005 0.60244500000000001 0 0.15296699999999996 0.15044400000000002 0.15029799999999999 0.0092599999999999991 0.0092280000000000001 0.0093480000000000004 0.11674199999999998 0.11494800000000002 0.11405599999999998 0.0036080000000000001 0.0035440000000000003 0.0037020000000000004 0.00091800000000000009 0.00088600000000000007 0.00089899999999999995 2.6003894823660954 2.6003894823660954 2.6003894823660954 0.0011198781504112268 0.0011198781504112268 0.0011198781504112268 1 1 1 Converged Converged Converged OK OK OK 82 82 82 82 82 82 6 6 6 0 0 0 0 0 1 0 0
35 35 linear 1 7 351 1 0.001 0.34978748894140194 0.032143640182289733 0.0021119730708011202 2.3497492538407019 -0.92821819379039427 2.3495839689916829 0.5 -2.33869067590041 2.5765551860246059 OK 13 12 0.89214700000000002 0.83638500000000005 0.145537 0.741703 0.60875400000000002 0 0.15044400000000002 0.22763100000000003 0.145537 0.0084939999999999998 0.0085609999999999992 0.0079059999999999998 0.11981900000000004 0.19760899999999998 0.11680400000000003 0.0039239999999999995 0.003718 0.00365 0.00089700000000000001 0.00090000000000000008 0.00084699999999999988 2.5765716858618095 2.5765716858618095 2.5765716858618095 0.0012181348393652223 0.0012181348393652223 0.0012181348393652223 1 1 1 Converged Converged Converged OK OK OK 82 82 82 82 82 82 6 6 6 0 0 0 0 1 0 0 1
35 35 linear 1 15 351 2 0.001 0.34978748894140194 0.032143640182289733 0.0021119730708011202 2.3497492538407019 -0.92821819379039427 2.3498778087232726 0.5 -2.3389845156319997 2.5292853010006726 OK 13 12 0.70872199999999996 0.64684699999999995 0.13783599999999999 0.56718500000000005 0.429591 0 0.14153699999999991 0.21725599999999995 0.13783599999999999 0.0085609999999999992 0.0084180000000000001 0.007835 0.11150900000000001 0.18756100000000001 0.10939499999999999 0.0036770000000000006 0.0036249999999999998 0.0034080000000000004 0.00085300000000000003 0.00085300000000000003 0.00084500000000000005 2.5292951012630818 2.5292951012630818 2.5292951012630818 0.0018793234276468015 0.0018793234276468015 0.0018793234276468015 1 1 1 Converged Converged Converged OK OK OK 82 82 82 82 82 82 6 6 6 0 0 0 0 1 0 0 1
35 35 linear 1 23 351 3 0.001 0.34978748894140194 0.032143640182289733 0.0021119730708011202 2.3497492538407019 -0.92821819379039427 2.3501716484548623 0.5 -2.3392783553635894 2.457968383061012 OK 13 12 0.88080499999999995 0.83975900000000003 0.15238199999999999 0.72365400000000002 0.59636800000000001 0 0.15715099999999993 0.24339100000000002 0.15238199999999999 0.0084580000000000002 0.0084440000000000001 0.0078569999999999994 0.12349399999999999 0.21004900000000001 0.12087499999999998 0.0043700000000000006 0.0042770000000000004 0.0040379999999999999 0.00096800000000000011 0.00095699999999999995 0.00090600000000000001 2.457987108405379 2.457987108405379 2.457987108405379 0.0013804490715719718 0.0013804490715719718 0.0013804490715719718 1 1 1 Converged Converged Converged OK OK OK 90 90 90 90 90 90 6 6 6 0 0 0 0 1 0 0 1
35 35 linear 1 0 351 0 0.0001 0.34978748894140194 0.032143640182289733 0.0021119730708011202 2.3497492538407019 -0.92821819379039427 2.3493268592265415 0.5 -2.3384335661352686 2.6003607493188374 OK 13 12 0.79669299999999998 0.795431 0.18878500000000001 0.60441299999999998 0.60452799999999995 0 0.19228000000000001 0.19090300000000004 0.18878500000000001 0.0094900000000000002 0.0096340000000000002 0.0090659999999999994 0.14602500000000007 0.14445699999999992 0.14352199999999993 0.0051330000000000004 0.0053119999999999999 0.0050350000000000004 0.001304 0.0012330000000000002 0.001193 2.6003834129925405 2.6003834129925405 2.6003834129925405 9.06191883388527e-05 9.06191883388527e-05 9.06191883388527e-05 1 1 1 Converged Converged Converged OK OK OK 106 106 106 106 106 106 6 6 6 0 0 0 0 0 1 0 0
35 35 linear 1 7 351 1 0.0001 0.34978748894140194 0.032143640182289733 0.0021119730708011202 2.3497492538407019 -0.92821819379039427 2.3495839689916829 0.5 -2.33869067590041 2.5765551860246059 OK 13 12 0.91072299999999995 0.86601300000000003 0.16900100000000001 0.74151999999999996 0.60955700000000002 0 0.16920299999999999 0.25645600000000002 0.16900100000000001 0.0083459999999999993 0.0085959999999999995 0.0078910000000000004 0.13579599999999997 0.22237399999999999 0.13658999999999996 0.0043410000000000002 0.0047850000000000002 0.0042669999999999991 0.001194 0.0011590000000000001 0.0011989999999999998 2.5765659927314997 2.5765659927314997 2.5765659927314997 0.00023990772570915982 0.00023990772570915982 0.00023990772570915982 1 1 1 Converged Converged Converged OK OK OK 98 98 98 98 98 98 6 6 6 0 0 0 0 1 0 0 1
35 35 linear 1 15 351 2 0.0001 0.34978748894140194 0.032143640182289733 0.0021119730708011202 2.3497492538407019 -0.92821819379039427 2.3498778087232726 0.5 -2.3389845156319997 2.5292853010006726 OK 13 12 0.75630500000000001 0.72109500000000004 0.18443200000000001 0.56731600000000004 0.43296699999999999 0 0.18898899999999996 0.28812800000000005 0.18443200000000001 0.0084189999999999994 0.0085780000000000006 0.0078840000000000004 0.14891699999999999 0.24817499999999995 0.14567099999999997 0.0052160000000000002 0.0051549999999999999 0.0052449999999999997 0.001227 0.0012079999999999999 0.0012109999999999998 2.5292895669511157 2.5292895669511157 2.5292895669511157 8.1057743783199873e-05 8.1057743783199873e-05 8.1057743783199873e-05 1 1 1 Converged Converged Converged OK OK OK 114 114 114 114 114 114 6 6 6 0 0 0 0 1 0 0 1
35 35 linear 1 23 351 3 0.0001 0.34978748894140194 0.032143640182289733 0.0021119730708011202 2.3497492538407019 -0.92821819379039427 2.3501716484548623 0.5 -2.3392783553635894 2.457968383061012 OK 13 12 0.91409899999999999 0.88702400000000003 0.18878200000000001 0.72325799999999996 0.59053 0 0.19084100000000004 0.29649400000000004 0.18878200000000001 0.0084110000000000001 0.011691999999999999 0.0090559999999999998 0.15256399999999995 0.25457300000000005 0.15062799999999998 0.0051859999999999996 0.0054250000000000001 0.005071 0.0012129999999999999 0.0012259999999999999 0.001217 2.4579851129924672 2.4579851129924672 2.4579851129924672 0.0001100420952222077 0.0001100420952222077 0.0001100420952222077 1 1 1 Converged Converged Converged OK OK OK 114 114 114 114 114 114 6 6 6 0 0 0 0 1 0 0 1
35 35 linear 2 0 352 0 0.001 0.34978748894140194 0.032143640182289733 0.0021119730708011202 0.0032000166690309638 0.0065095048734858897 0.0027776220548707399 0.5 0.0081156710364022316 174.32107671628239 OK 13 12 0.50367099999999998 0.50045300000000004 0.122515 0.37632300000000002 0.37672899999999998 0 0.12734799999999996 0.12372400000000006 0.122515 0.011084999999999999 0.010951000000000001 0.010319999999999999 0.090184000000000014 0.087718999999999991 0.087001999999999982 0.004019 0.0037320000000000001 0.003787 0.00094200000000000002 0.00090299999999999994 0.000883 174.32134774686131 174.32134774686131 174.32134774686131 0.10369402233848245 0.10369402233848245 0.10369402233848245 1 1 1 Converged Converged Converged OK OK OK 74 74 74 74 74 74 6 6 6 0 0 0 0 0 1 0 0
35 35 linear 2 7 352 1 0.001 0.34978748894140194 0.032143640182289733 0.0021119730708011202 0.0032000166690309638 0.0065095048734858897 0.0030347318200117457 0.5 0.0078585612712612253 128.71774141434608 OK 14 13 0.51652900000000002 0.56741399999999997 0.15357899999999999 0.35199200000000003 0.219943 0 0.16453699999999999 0.34747099999999997 0.15357899999999999 0.012834 0.012978999999999999 0.012411 0.12324300000000002 0.305871 0.114132 0.0054789999999999995 0.0054999999999999997 0.0050810000000000004 0.001005 0.001044 0.001044 128.7169499358304 128.7169499358304 128.7169499358304 0.025646158473247506 0.025646158473247506 0.025646158473247506 1 1 1 Converged Converged Converged OK OK OK 90 90 90 90 90 90 6 6 6 0 0 0 0 1 0 0 1
35 35 linear 2 15 352 2 0.001 0.34978748894140194 0.032143640182289733 0.0021119730708011202 0.0032000166690309638 0.0065095048734858897 0.003328571551601467 0.5 0.0075647215396715053 98.002285084988074 OK 13 12 0.40423500000000001 0.34440399999999999 0.085744000000000001 0.31433800000000001 0.18895100000000001 0 0.089897000000000005 0.15545299999999998 0.085744000000000001 0.0093559999999999997 0.0094310000000000001 0.0089079999999999993 0.062865000000000004 0.12863799999999997 0.060424000000000005 0.0033959999999999997 0.0033740000000000003 0.0030179999999999998 0.00065899999999999997 0.0006379999999999999 0.00060600000000000009 98.002194565636159 98.002194565636159 98.002194565636159 0.068511261496264395 0.068511261496264395 0.068511261496264395 1 1 1 Converged Converged Converged OK OK OK 53 53 53 53 53 53 3 3 3 0 0 0 0 1 0 0 1
35 35 linear 2 23 352 3 0.001 0.34978748894140194 0.032143640182289733 0.0021119730708011202 0.0032000166690309638 0.0065095048734858897 0.0036224112831911878 0.5 0.0072708818080817837 94.311015747257144 OK 13 12 0.39776 0.335758 0.087389999999999995 0.31002000000000002 0.18576899999999999 0 0.087739999999999985 0.14998900000000001 0.087389999999999995 0.0091160000000000008 0.0093310000000000008 0.0084939999999999998 0.061075000000000011 0.12356599999999997 0.062557000000000001 0.0033379999999999998 0.0030609999999999999 0.002859 0.00059599999999999996 0.00061600000000000001 0.00055699999999999999 94.310957704587835 94.310957704587835 94.310957704587835 0.068380274204815975 0.068380274204815975 0.068380274204815975 1 1 1 Converged Converged Converged OK OK OK 53 53 53 53 53 53 3 3 3 0 0 0 0 1 0 0 1
35 35 linear 2 0 352 0 0.0001 0.34978748894140194 0.032143640182289733 0.0021119730708011202 0.0032000166690309638 0.0065095048734858897 0.0027776220548707399 0.5 0.0081156710364022316 174.32107671628239 OK 13 12 0.55962299999999998 0.55617000000000005 0.17429900000000001 0.37653999999999999 0.37951299999999999 0 0.183083 0.17665700000000006 0.17429900000000001 0.010949 0.010942 0.010305999999999999 0.13530100000000003 0.12883399999999998 0.12783800000000001 0.0059890000000000004 0.0062760000000000003 0.0059310000000000005 0.0011689999999999999 0.0011440000000000001 0.001178 174.32134073624547 174.32134073624547 174.32134073624547 0.0016817671558410137 0.0016817671558410137 0.0016817671558410137 1 1 1 Converged Converged Converged OK OK OK 106 106 106 106 106 106 6 6 6 0 0 0 0 0 1 0 0
35 35 linear 2 7 352 1 0.0001 0.34978748894140194 0.032143640182289733 0.0021119730708011202 0.0032000166690309638 0.0065095048734858897 0.0030347318200117457 0.5 0.0078585612712612253 128.71774141434608 OK 14 13 0.56295899999999999 0.72364499999999998 0.20353499999999999 0.349883 0.22193299999999999 0 0.21307599999999999 0.50171199999999994 0.20353499999999999 0.013277000000000001 0.013292 0.012518 0.15890200000000007 0.44714399999999993 0.15260299999999993 0.008371 0.008627000000000001 0.0078219999999999991 0.001389 0.0013799999999999999 0.0012819999999999999 128.71694993126007 128.71694993126007 128.71694993126007 0.0031889912119908051 0.0031889912119908051 0.0031889912119908051 1 1 1 Converged Converged Converged OK OK OK 122 122 122 122 122 122 6 6 6 0 0 0 0 1 0 0 1
35 35 linear 2 15 352 2 0.0001 0.34978748894140194 0.032143640182289733 0.0021119730708011202 0.0032000166690309638 0.0065095048734858897 0.003328571551601467 0.5 0.0075647215396715053 98.002285084988074 OK 13 12 0.42817899999999998 0.40858 0.104501 0.31548399999999999 0.18768699999999999 0 0.11269499999999999 0.22089300000000001 0.104501 0.0093329999999999993 0.0096509999999999999 0.0088369999999999994 0.076708999999999999 0.18803700000000007 0.073937999999999976 0.0079040000000000013 0.0047699999999999999 0.0040990000000000002 0.00077400000000000017 0.00078100000000000001 0.00073900000000000007 98.002194602683218 98.002194602683218 98.002194602683218 0.00013840408077544803 0.00013840408077544803 0.00013840408077544803 1 1 1 Converged Converged Converged OK OK OK 69 69 69 69 69 69 3 3 3 0 0 0 0 1 0 0 1
35 35 linear 2 23 352 3 0.0001 0.34978748894140194 0.032143640182289733 0.0021119730708011202 0.0032000166690309638 0.0065095048734858897 0.0036224112831911878 0.5 0.0072708818080817837 94.311015747257144 OK 13 12 0.41781699999999999 0.410659 0.101772 0.311498 0.18443399999999999 0 0.106319 0.22622500000000001 0.101772 0.0093229999999999997 0.0093279999999999995 0.0087849999999999994 0.074716000000000005 0.19418099999999999 0.071802999999999992 0.0039900000000000005 0.0043089999999999995 0.0038320000000000003 0.00075299999999999998 0.00072300000000000001 0.00066600000000000003 94.310957757266166 94.310957757266166 94.310957757266166 0.00011359605111816541 0.00011359605111816541 0.00011359605111816541 1 1 1 Converged Converged Converged OK OK OK 69 69 69 69 69 69 3 3 3 0 0 0 0 1 0 0 1
35 35 linear 3 0 353 0 0.001 0.34978748894140194 0.032143640182289733 0.0021119730708011202 2.3504274974771757 -0.92587762787586847 2.3500051028630153 0.5 -2.3391118097717425 1.4157673027762681 OK 13 12 0.83403799999999995 0.82646600000000003 0.108989 0.71791000000000005 0.71623700000000001 0 0.1161279999999999 0.11022900000000002 0.108989 0.01051 0.0089849999999999999 0.0086630000000000006 0.082596000000000017 0.079362000000000002 0.078453999999999996 0.0036150000000000002 0.0032950000000000002 0.0033779999999999999 0.00072400000000000003 0.00071199999999999996 0.00071699999999999997 1.4157663776548641 1.4157663776548641 1.4157663776548641 0.00075334285539708926 0.00075334285539708926 0.00075334285539708926 1 1 1 Converged Converged Converged OK OK OK 61 61 61 61 61 61 3 3 3 0 0 0 0 0 1 0 0
35 35 linear 3 7 353 1 0.001 0.34978748894140194 0.032143640182289733 0.0021119730708011202 2.3504274974771757 -0.92587762787586847 2.3502622126281567 0.5 -2.3393689195368839 1.3967356497823651 OK 13 12 0.78222499999999995 0.72770599999999996 0.101759 0.67114499999999999 0.54108299999999998 0 0.11107999999999996 0.18662299999999998 0.101759 0.0080870000000000004 0.0082419999999999993 0.0076369999999999997 0.083614999999999967 0.15909399999999993 0.07540899999999999 0.0031819999999999999 0.0033309999999999998 0.0031650000000000003 0.00072999999999999985 0.00069099999999999999 0.00068300000000000001 1.3967347338203475 1.3967347338203475 1.3967347338203475 0.00070321067847052402 0.00070321067847052402 0.00070321067847052402 1 1 1 Converged Converged Converged OK OK OK 61 61 61 61 61 61 3 3 3 0 0 0 0 1 0 0 1
35 35 linear 3 15 353 2 0.001 0.34978748894140194 0.032143640182289733 0.0021119730708011202 2.3504274974771757 -0.92587762787586847 2.3505560523597464 0.5 -2.3396627592684736 1.3785866337071617 OK 13 12 0.82108700000000001 0.77681699999999998 0.10800800000000001 0.71406599999999998 0.58172900000000005 0 0.10702100000000003 0.19508799999999993 0.10800800000000001 0.0081239999999999993 0.0083580000000000008 0.0075779999999999997 0.079773999999999998 0.16390800000000005 0.08175300000000002 0.0032110000000000003 0.0033860000000000006 0.0031819999999999999 0.00069400000000000006 0.00070799999999999997 0.00068999999999999997 1.3785857715771386 1.3785857715771386 1.3785857715771386 0.00065689904161378204 0.00065689904161378204 0.00065689904161378204 1 1 1 Converged Converged Converged OK OK OK 61 61 61 61 61 61 3 3 3 0 0 0 0 1 0 0 1
35 35 linear 3 23 353 3 0.001 0.34978748894140194 0.032143640182289733 0.0021119730708011202 2.3504274974771757 -0.92587762787586847 2.3508498920913361 0.5 -2.3399565990000633 1.3634009904907061 OK 13 12 0.83340199999999998 0.78554500000000005 0.108844 0.72119699999999998 0.58957999999999999 0 0.112205 0.19596500000000006 0.108844 0.0082400000000000008 0.0082070000000000008 0.007659 0.085049999999999987 0.16889899999999999 0.082907000000000008 0.003143 0.003173 0.0030739999999999999 0.00070199999999999993 0.00067700000000000008 0.00066699999999999995 1.3634001470360371 1.3634001470360371 1.3634001470360371 0.0006198450294051845 0.0006198450294051845 0.0006198450294051845 1 1 1 Converged Converged Converged OK OK OK 61 61 61 61 61 61 3 3 3 0 0 0 0 1 0 0 1
35 35 linear 3 0 353 0 0.0001 0.34978748894140194 0.032143640182289733 0.0021119730708011202 2.3504274974771757 -0.92587762787586847 2.3500051028630153 0.5 -2.3391118097717425 1.4157673027762681 OK 13 12 0.88610900000000004 0.88651199999999997 0.1678 0.71461699999999995 0.713391 0 0.17149200000000009 0.17312099999999997 0.1678 0.0090039999999999999 0.0089750000000000003 0.0084720000000000004 0.12858099999999997 0.13012099999999996 0.12579199999999999 0.0050800000000000003 0.0051599999999999997 0.0050660000000000002 0.00099500000000000001 0.00098999999999999999 0.00093300000000000002 1.41576638125756 1.41576638125756 1.41576638125756 1.5051170416052236e-08 1.5051170416052236e-08 1.5051170416052236e-08 1 1 1 Converged Converged Converged OK OK OK 93 93 93 93 93 93 3 3 3 0 0 0 0 0 1 0 0
35 35 linear 3 7 353 1 0.0001 0.34978748894140194 0.032143640182289733 0.0021119730708011202 2.3504274974771757 -0.92587762787586847 2.3502622126281567 0.5 -2.3393689195368839 1.3967356497823651 OK 13 12 0.82777800000000001 0.80634399999999995 0.151921 0.66845299999999996 0.53725800000000001 0 0.15932500000000005 0.26908599999999994 0.151921 0.0081729999999999997 0.0082209999999999991 0.0076429999999999996 0.12197600000000001 0.23170500000000011 0.11581999999999999 0.0050489999999999997 0.0051020000000000006 0.0049439999999999996 0.000941 0.00090700000000000004 0.00089800000000000004 1.3967347361710669 1.3967347361710669 1.3967347361710669 1.1998553500235815e-08 1.1998553500235815e-08 1.1998553500235815e-08 1 1 1 Converged Converged Converged OK OK OK 93 93 93 93 93 93 3 3 3 0 0 0 0 1 0 0 1
35 35 linear 3 15 353 2 0.0001 0.34978748894140194 0.032143640182289733 0.0021119730708011202 2.3504274974771757 -0.92587762787586847 2.3505560523597464 0.5 -2.3396627592684736 1.3785866337071617 OK 13 12 0.87828499999999998 0.84787599999999996 0.15881000000000001 0.71527099999999999 0.58058600000000005 0 0.16301399999999999 0.26728999999999992 0.15881000000000001 0.0081200000000000005 0.0082220000000000001 0.0076829999999999997 0.12575700000000001 0.23005999999999999 0.12278300000000002 0.0048549999999999999 0.0050020000000000004 0.0048890000000000001 0.00095500000000000001 0.00092000000000000003 0.00090099999999999989 1.3785857732135727 1.3785857732135727 1.3785857732135727 9.875456985457221e-09 9.875456985457221e-09 9.875456985457221e-09 1 1 1 Converged Converged Converged OK OK OK 93 93 93 93 93 93 3 3 3 0 0 0 0 1 0 0 1
35 35 linear 3 23 353 3 0.0001 0.34978748894140194 0.032143640182289733 0.0021119730708011202 2.3504274974771757 -0.92587762787586847 2.3508498920913361 0.5 -2.3399565990000633 1.3634009904907061 OK 13 12 0.89153800000000005 0.86435899999999999 0.16403599999999999 0.72289199999999998 0.59106999999999998 0 0.16864600000000007 0.273289 0.16403599999999999 0.0081840000000000003 0.0083160000000000005 0.0076810000000000003 0.13147399999999995 0.235952 0.12839299999999998 0.0049800000000000001 0.0049800000000000001 0.0048189999999999995 0.000959 0.00091099999999999992 0.00088099999999999995 1.3634001482877769 1.3634001482877769 1.3634001482877769 8.5127036158154002e-09 8.5127036158154002e-09 8.5127036158154002e-09 1 1 1 Converged Converged Converged OK OK OK 93 93 93 93 93 93 3 3 3 0 0 0 0 1 0 0 1
35 35 linear 4 0 354 0 0.001 0.34978748894140194 0.032143640182289733 0.0021119730708011202 0.0056752512258205663 -0.0032904658113706905 0.0052528566116603424 0.5 0.0056404364796126295 109.92673264816142 OK 13 12 0.40529999999999999 0.40791100000000002 0.096121999999999999 0.30531700000000001 0.31064700000000001 0 0.099982999999999989 0.097264000000000017 0.096121999999999999 0.010142999999999999 0.010099 0.0096259999999999991 0.073840000000000003 0.071996000000000004 0.071610999999999994 0.0024850000000000002 0.0021949999999999999 0.0021700000000000001 0.00052999999999999998 0.00048900000000000007 0.00048800000000000004 109.92628737262879 109.92628737262879 109.92628737262879 0.10417021864653139 0.10417021864653139 0.10417021864653139 1 1 1 Converged Converged Converged OK OK OK 51 51 51 51 51 51 5 5 5 0 0 0 0 0 1 0 0
35 35 linear 4 7 354 1 0.001 0.34978748894140194 0.032143640182289733 0.0021119730708011202 0.0056752512258205663 -0.0032904658113706905 0.0055099663768013486 0.5 0.0053833267144716233 110.67838042450605 OK 13 12 0.41100999999999999 0.35694500000000001 0.095103999999999994 0.308755 0.18389900000000001 0 0.10225499999999998 0.17304600000000001 0.095103999999999994 0.0090679999999999997 0.0088699999999999994 0.0084049999999999993 0.079636999999999999 0.15171999999999999 0.074942000000000009 0.002124 0.0021359999999999999 0.0020050000000000003 0.00048900000000000007 0.00048600000000000005 0.00045899999999999999 110.6779499227996 110.6779499227996 110.6779499227996 0.088878517744753416 0.088878517744753416 0.088878517744753416 1 1 1 Converged Converged Converged OK OK OK 51 51 51 51 51 51 5 5 5 0 0 0 0 1 0 0 1
35 35 linear 4 15 354 2 0.001 0.34978748894140194 0.032143640182289733 0.0021119730708011202 0.0056752512258205663 -0.0032904658113706905 0.0058038061083910695 0.5 0.0050894869828819024 111.30406158914947 OK 13 12 0.41326099999999999 0.346721 0.095589999999999994 0.30967699999999998 0.178981 0 0.10358400000000001 0.16774 0.095589999999999994 0.0089529999999999992 0.008907 0.008371 0.081561999999999968 0.14600199999999999 0.075303000000000009 0.0023019999999999998 0.0022040000000000002 0.0020839999999999999 0.00049299999999999995 0.00050900000000000001 0.00045899999999999999 111.30364938549488 111.30364938549488 111.30364938549488 0.076303297611902438 0.076303297611902438 0.076303297611902438 1 1 1 Converged Converged Converged OK OK OK 51 51 51 51 51 51 5 5 5 0 0 0 0 1 0 0 1
35 35 linear 4 23 354 3 0.001 0.34978748894140194 0.032143640182289733 0.0021119730708011202 0.0056752512258205663 -0.0032904658113706905 0.0060976458399807903 0.5 0.0047956472512921816 111.64406552329933 OK 13 12 0.41000700000000001 0.36888399999999999 0.093023999999999996 0.312139 0.18093799999999999 0 0.097868000000000011 0.187946 0.093023999999999996 0.0089029999999999995 0.0088660000000000006 0.0083269999999999993 0.073109999999999981 0.16348799999999999 0.070160000000000014 0.0027380000000000004 0.00265 0.0023970000000000003 0.000776 0.00071599999999999995 0.00067100000000000005 111.64368399597315 111.64368399597315 111.64368399597315 0.068360793106699444 0.068360793106699444 0.068360793106699444 1 1 1 Converged Converged Converged OK OK OK 59 59 59 59 59 59 5 5 5 0 0 0 0 1 0 0 1
35 35 linear 4 0 354 0 0.0001 0.34978748894140194 0.032143640182289733 0.0021119730708011202 0.0056752512258205663 -0.0032904658113706905 0.0052528566116603424 0.5 0.0056404364796126295 109.92673264816142 OK 13 12 0.47474300000000003 0.46755099999999999 0.16076599999999999 0.30670700000000001 0.30766900000000003 0 0.16803600000000002 0.15988199999999997 0.16076599999999999 0.010194999999999999 0.0098060000000000005 0.0098230000000000001 0.12714500000000004 0.122018 0.12208999999999999 0.005481999999999999 0.0042179999999999995 0.0047350000000000005 0.00096700000000000009 0.000919 0.00096100000000000005 109.92667922538133 109.92667922538133 109.92667922538133 0.00094458406958505044 0.00094458406958505044 0.00094458406958505044 1 1 1 Converged Converged Converged OK OK OK 91 91 91 91 91 91 5 5 5 0 0 0 0 0 1 0 0
35 35 linear 4 7 354 1 0.0001 0.34978748894140194 0.032143640182289733 0.0021119730708011202 0.0056752512258205663 -0.0032904658113706905 0.0055099663768013486 0.5 0.0053833267144716233 110.67838042450605 OK 13 12 0.470551 0.47655599999999998 0.15440300000000001 0.310778 0.18287 0 0.159773 0.293686 0.15440300000000001 0.0089969999999999998 0.0089700000000000005 0.0084589999999999995 0.12761599999999998 0.26222900000000005 0.123239 0.0044150000000000005 0.0042220000000000001 0.0046420000000000003 0.00088000000000000003 0.00087900000000000001 0.0008879999999999999 110.6783259043053 110.6783259043053 110.6783259043053 0.0010707322817646249 0.0010707322817646249 0.0010707322817646249 1 1 1 Converged Converged Converged OK OK OK 91 91 91 91 91 91 5 5 5 0 0 0 0 1 0 0 1
35 35 linear 4 15 354 2 0.0001 0.34978748894140194 0.032143640182289733 0.0021119730708011202 0.0056752512258205663 -0.0032904658113706905 0.0058038061083910695 0.5 0.0050894869828819024 111.30406158914947 OK 13 12 0.466059 0.44692599999999999 0.14734700000000001 0.313473 0.191584 0 0.152586 0.25534199999999996 0.14734700000000001 0.0088100000000000001 0.0091140000000000006 0.0083140000000000002 0.12300199999999999 0.22356899999999996 0.11879100000000001 0.0036750000000000003 0.0047569999999999999 0.003699 0.00077499999999999997 0.00091699999999999995 0.00079100000000000004 111.3040059817923 111.3040059817923 111.3040059817923 0.0099295503618098309 0.0099295503618098309 0.0099295503618098309 1 1 1 Converged Converged Converged OK OK OK 83 83 83 83 83 83 5 5 5 0 0 0 0 1 0 0 1
35 35 linear 4 23 354 3 0.0001 0.34978748894140194 0.032143640182289733 0.0021119730708011202 0.0056752512258205663 -0.0032904658113706905 0.0060976458399807903 0.5 0.0047956472512921816 111.64406552329933 OK 13 12 0.45863500000000001 0.47261599999999998 0.14214499999999999 0.31145499999999998 0.18793099999999999 0 0.14718000000000003 0.28468499999999997 0.14214499999999999 0.0088880000000000001 0.0089929999999999993 0.0082920000000000008 0.11585199999999998 0.25129899999999999 0.11179399999999995 0.0041619999999999999 0.0051419999999999999 0.0041030000000000007 0.00093500000000000007 0.0010319999999999999 0.00092000000000000003 111.64401997293106 111.64401997293106 111.64401997293106 0.0045101121948617311 0.0045101121948617311 0.0045101121948617311 1 1 1 Converged Converged Converged OK OK OK 91 91 91 91 91 91 5 5 5 0 0 0 0 1 0 0 1
35 35 uniform 0 0 355 0 0.001 0.34978748894140194 0.032143640182289733 0.0021119730708011202 2.3521216046056423 -0.93753124836518753 2.351699209991482 0 -2.3408059169002091 2.3744618044060939 OK 14 13 0.84153699999999998 0.84068200000000004 0.19466 0.64670700000000003 0.64487499999999998 0 0.19482999999999995 0.19580700000000006 0.19466 0.012482 0.012932000000000001 0.012063000000000001 0.15467400000000001 0.15522100000000005 0.15481000000000003 0.003336 0.0034250000000000001 0.0035199999999999997 0.00084200000000000008 0.000825 0.00086300000000000005 2.3744615916181142 2.3744615916181142 2.3744615916181142 0.0022499157041452685 0.0022499157041452685 0.0022499157041452685 1 1 1 Converged Converged Converged OK OK OK 81 81 81 81 81 81 7 7 7 0 0 0 0 0 1 0 0
35 35 uniform 0 7 355 1 0.001 0.34978748894140194 0.032143640182289733 0.0021119730708011202 2.3521216046056423 -0.93753124836518753 2.3519563197566233 0 -2.3410630266653505 2.3754680090385336 OK 14 13 0.73221599999999998 0.775806 0.205738 0.525478 0.51138799999999995 0 0.20673799999999998 0.26441800000000004 0.205738 0.011663 0.011856999999999999 0.01094 0.17359000000000005 0.23106499999999999 0.17364300000000005 0.0033670000000000002 0.0035079999999999998 0.0033980000000000004 0.00080100000000000006 0.00079500000000000003 0.00079100000000000004 2.3754677307544871 2.3754677307544871 2.3754677307544871 0.00081302709760312569 0.00081302709760312569 0.00081302709760312569 1 1 1 Converged Converged Converged OK OK OK 81 81 81 81 81 81 7 7 7 0 0 0 0 1 0 0 1
35 35 uniform 0 15 355 2 0.001 0.34978748894140194 0.032143640182289733 0.0021119730708011202 2.3521216046056423 -0.93753124836518753 2.352250159488213 0 -2.3413568663969402 2.3566012679400146 OK 14 13 0.59587000000000001 0.49492399999999998 0.194381 0.38806600000000002 0.23780899999999999 0 0.20780399999999999 0.25711499999999998 0.194381 0.012777 0.011682 0.010567 0.17316800000000004 0.22364599999999996 0.16310700000000006 0.0033959999999999997 0.0036459999999999999 0.0033059999999999999 0.00081900000000000007 0.00082400000000000008 0.00079000000000000001 2.35660088201131 2.35660088201131 2.35660088201131 0.0012937653575456787 0.0012937653575456787 0.0012937653575456787 1 1 1 Converged Converged Converged OK OK OK 81 81 81 81 81 81 7 7 7 0 0 0 0 1 0 0 1
35 35 uniform 0 23 355 3 0.001 0.34978748894140194 0.032143640182289733 0.0021119730708011202 2.3521216046056423 -0.93753124836518753 2.3525439992198027 0 -2.3416507061285299 2.3145800224225126 OK 14 13 0.81731299999999996 0.72329699999999997 0.20561199999999999 0.61022399999999999 0.461899 0 0.20708899999999997 0.26139799999999996 0.20561199999999999 0.011701 0.011854 0.010921 0.17023600000000003 0.2235370000000001 0.16984499999999997 0.0037880000000000001 0.0041099999999999999 0.0038279999999999998 0.0010610000000000001 0.001145 0.001052 2.3145797918466973 2.3145797918466973 2.3145797918466973 0.00049784761583334921 0.00049784761583334921 0.00049784761583334921 1 1 1 Converged Converged Converged OK OK OK 89 89 89 89 89 89 7 7 7 0 0 0 0 1 0 0 1
35 35 uniform 0 0 355 0 0.0001 0.34978748894140194 0.032143640182289733 0.0021119730708011202 2.3521216046056423 -0.93753124836518753 2.351699209991482 0 -2.3408059169002091 2.3744618044060939 OK 14 13 0.87535499999999999 0.87416499999999997 0.22858300000000001 0.64593999999999996 0.64390700000000001 0 0.22941500000000004 0.23025799999999996 0.22858300000000001 0.012565 0.012762000000000001 0.011842 0.17890700000000007 0.17904100000000009 0.17916500000000002 0.0046239999999999996 0.0047509999999999991 0.0046080000000000001 0.0011229999999999999 0.001158 0.0011429999999999999 2.3744615093017489 2.3744615093017489 2.3744615093017489 0.00011711277538698143 0.00011711277538698143 0.00011711277538698143 1 1 1 Converged Converged Converged OK OK OK 105 105 105 105 105 105 7 7 7 0 0 0 0 0 1 0 0
35 35 uniform 0 7 355 1 0.0001 0.34978748894140194 0.032143640182289733 0.0021119730708011202 2.3521216046056423 -0.93753124836518753 2.3519563197566233 0 -2.3410630266653505 2.3754680090385336 OK 14 13 0.76713699999999996 0.84675100000000003 0.243501 0.52086500000000002 0.50905199999999995 0 0.24627199999999994 0.33769900000000008 0.243501 0.011769999999999999 0.011757 0.010965000000000001 0.20539800000000016 0.296904 0.20410900000000007 0.004638999999999999 0.0046619999999999995 0.0045890000000000002 0.0011239999999999998 0.00108 0.0010529999999999999 2.3754678075859035 2.3754678075859035 2.3754678075859035 0.00013894508162533189 0.00013894508162533189 0.00013894508162533189 1 1 1 Converged Converged Converged OK OK OK 105 105 105 105 105 105 7 7 7 0 0 0 0 1 0 0 1
35 35 uniform 0 15 355 2 0.0001 0.34978748894140194 0.032143640182289733 0.0021119730708011202 2.3521216046056423 -0.93753124836518753 2.352250159488213 0 -2.3413568663969402 2.3566012679400146 OK 14 13 0.61123700000000003 0.56213900000000006 0.23330999999999999 0.37925599999999998 0.23671300000000001 0 0.23198100000000005 0.32542600000000005 0.23330999999999999 0.011471 0.011445 0.010677000000000001 0.19156600000000007 0.285219 0.19439000000000001 0.0047289999999999997 0.0046540000000000002 0.0046600000000000001 0.001072 0.0011170000000000002 0.001088 2.3566010571463285 2.3566010571463285 2.3566010571463285 0.00017426573282998392 0.00017426573282998392 0.00017426573282998392 1 1 1 Converged Converged Converged OK OK OK 105 105 105 105 105 105 7 7 7 0 0 0 0 1 0 0 1
35 35 uniform 0 23 355 3 0.0001 0.34978748894140194 0.032143640182289733 0.0021119730708011202 2.3521216046056423 -0.93753124836518753 2.3525439992198027 0 -2.3416507061285299 2.3145800224225126 OK 14 13 0.82096999999999998 0.77088000000000001 0.22669700000000001 0.59708399999999995 0.46553699999999998 0 0.22388600000000003 0.30534300000000003 0.22669700000000001 0.0118 0.011715 0.012345 0.18329700000000002 0.26470500000000002 0.185919 0.0046519999999999999 0.0047399999999999994 0.0046250000000000006 0.001147 0.001157 0.001132 2.3145797918539714 2.3145797918539714 2.3145797918539714 0.00014045624819474423 0.00014045624819474423 0.00014045624819474423 1 1 1 Converged Converged Converged OK OK OK 105 105 105 105 105 105 7 7 7 0 0 0 0 1 0 0 1
35 35 uniform 1 0 356 0 0.001 0.34978748894140194 0.032143640182289733 0.0021119730708011202 2.3497492538407019 -0.92821819379039427 2.3493268592265415 0 -2.3384335661352686 2.5599892285216139 OK 13 12 0.72863800000000001 0.74641000000000002 0.122534 0.60556100000000002 0.61528799999999995 0 0.12307699999999999 0.13112200000000007 0.122534 0.0093299999999999998 0.010489 0.0088529999999999998 0.090980999999999951 0.097446999999999964 0.090591000000000019 0.0029169999999999999 0.002885 0.0029299999999999999 0.00087100000000000014 0.00086400000000000008 0.00094600000000000001 2.5599893140897034 2.5599893140897034 2.5599893140897034 0.00057267227132611824 0.00057267227132611824 0.00057267227132611824 1 1 1 Converged Converged Converged OK OK OK 74 74 74 74 74 74 6 6 6 0 0 0 0 0 1 0 0
35 35 uniform 1 7 356 1 0.001 0.34978748894140194 0.032143640182289733 0.0021119730708011202 2.3497492538407019 -0.92821819379039427 2.3495839689916829 0 -2.33869067590041 2.5502248380283303 OK 13 12 0.85333700000000001 0.789829 0.111681 0.740448 0.61380800000000002 0 0.11288900000000002 0.17602099999999998 0.111681 0.0085450000000000005 0.0097970000000000002 0.0078009999999999998 0.088423999999999989 0.149982 0.088175000000000031 0.00249 0.0026329999999999999 0.0025270000000000002 0.00065499999999999998 0.00068999999999999997 0.00063000000000000003 2.5502281840560905 2.5502281840560905 2.5502281840560905 0.0023437461758651097 0.0023437461758651097 0.0023437461758651097 1 1 1 Converged Converged Converged OK OK OK 66 66 66 66 66 66 6 6 6 0 0 0 0 1 0 0 1
35 35 uniform 1 15 356 2 0.001 0.34978748894140194 0.032143640182289733 0.0021119730708011202 2.3497492538407019 -0.92821819379039427 2.3498778087232726 0 -2.3389845156319997 2.5237002805156332 OK 13 12 0.668041 0.58075100000000002 0.10369299999999999 0.56279999999999997 0.43027599999999999 0 0.10524100000000003 0.15047500000000003 0.10369299999999999 0.0083739999999999995 0.0084729999999999996 0.0078770000000000003 0.081045999999999979 0.12626499999999999 0.080422000000000007 0.0024989999999999995 0.0025490000000000001 0.0025240000000000002 0.00064500000000000007 0.00066399999999999999 0.00063200000000000007 2.5237041034648118 2.5237041034648118 2.5237041034648118 0.0019440592966325262 0.0019440592966325262 0.0019440592966325262 1 1 1 Converged Converged Converged OK OK OK 66 66 66 66 66 66 6 6 6 0 0 0 0 1 0 0 1
35 35 uniform 1 23 356 3 0.001 0.34978748894140194 0.032143640182289733 0.0021119730708011202 2.3497492538407019 -0.92821819379039427 2.3501716484548623 0 -2.3392783553635894 2.4775490377979565 OK 13 12 0.831291 0.74436100000000005 0.10541499999999999 0.724047 0.59162599999999999 0 0.10724400000000001 0.15273500000000007 0.10541499999999999 0.0084130000000000003 0.0083300000000000006 0.0078009999999999998 0.083004000000000008 0.12846300000000002 0.082264000000000018 0.0025370000000000002 0.0026029999999999998 0.0024740000000000001 0.00064500000000000007 0.00065799999999999995 0.00064400000000000004 2.4775538085979729 2.4775538085979729 2.4775538085979729 0.0018285005809431222 0.0018285005809431222 0.0018285005809431222 1 1 1 Converged Converged Converged OK OK OK 66 66 66 66 66 66 6 6 6 0 0 0 0 1 0 0 1
35 35 uniform 1 0 356 0 0.0001 0.34978748894140194 0.032143640182289733 0.0021119730708011202 2.3497492538407019 -0.92821819379039427 2.3493268592265415 0 -2.3384335661352686 2.5599892285216139 OK 13 12 0.74607500000000004 0.74986200000000003 0.14304 0.60295500000000002 0.60664399999999996 0 0.14312000000000002 0.14321800000000007 0.14304 0.0092399999999999999 0.0094090000000000007 0.0090290000000000006 0.10504499999999996 0.10508700000000004 0.10471200000000003 0.0036679999999999998 0.0036430000000000004 0.003784 0.0010020000000000001 0.00099700000000000006 0.001126 2.5599893140968821 2.5599893140968821 2.5599893140968821 0.00021523856675898732 0.00021523856675898732 0.00021523856675898732 1 1 1 Converged Converged Converged OK OK OK 90 90 90 90 90 90 6 6 6 0 0 0 0 0 1 0 0
35 35 uniform 1 7 356 1 0.0001 0.34978748894140194 0.032143640182289733 0.0021119730708011202 2.3497492538407019 -0.92821819379039427 2.3495839689916829 0 -2.33869067590041 2.5502248380283303 OK 13 12 0.88011099999999998 0.83601899999999996 0.13716 0.74168000000000001 0.60330600000000001 0 0.13843099999999997 0.23271299999999995 0.13716 0.0083909999999999992 0.0085780000000000006 0.0078510000000000003 0.10775799999999999 0.20129299999999992 0.10745300000000001 0.0036210000000000001 0.0040440000000000007 0.0035870000000000003 0.00089400000000000005 0.0009320000000000001 0.00089300000000000002 2.5502251416068811 2.5502251416068811 2.5502251416068811 0.00016052882217541033 0.00016052882217541033 0.00016052882217541033 1 1 1 Converged Converged Converged OK OK OK 90 90 90 90 90 90 6 6 6 0 0 0 0 1 0 0 1
35 35 uniform 1 15 356 2 0.0001 0.34978748894140194 0.032143640182289733 0.0021119730708011202 2.3497492538407019 -0.92821819379039427 2.3498778087232726 0 -2.3389845156319997 2.5237002805156332 OK 13 12 0.71341299999999996 0.65551000000000004 0.13892599999999999 0.56240999999999997 0.424738 0 0.151003 0.23077200000000003 0.13892599999999999 0.0084049999999999993 0.0084390000000000003 0.0078729999999999998 0.11306099999999997 0.19699100000000005 0.10614700000000002 0.0076579999999999999 0.004045 0.0039020000000000001 0.001072 0.001021 0.0010099999999999998 2.5237006272162188 2.5237006272162188 2.5237006272162188 7.0905380547963231e-05 7.0905380547963231e-05 7.0905380547963231e-05 1 1 1 Converged Converged Converged OK OK OK 98 98 98 98 98 98 6 6 6 0 0 0 0 1 0 0 1
35 35 uniform 1 23 356 3 0.0001 0.34978748894140194 0.032143640182289733 0.0021119730708011202 2.3497492538407019 -0.92821819379039427 2.3501716484548623 0 -2.3392783553635894 2.4775490377979565 OK 13 12 0.87093100000000001 0.82338999999999996 0.140374 0.72941500000000004 0.59221599999999996 0 0.14151599999999998 0.23117399999999999 0.140374 0.0084370000000000001 0.0085140000000000007 0.0078189999999999996 0.10927800000000003 0.19829399999999997 0.1091 0.0039379999999999997 0.0041739999999999998 0.0040239999999999998 0.001029 0.001041 0.0010269999999999999 2.4775495100761589 2.4775495100761589 2.4775495100761589 8.7391688859242168e-05 8.7391688859242168e-05 8.7391688859242168e-05 1 1 1 Converged Converged Converged OK OK OK 98 98 98 98 98 98 6 6 6 0 0 0 0 1 0 0 1
35 35 uniform 2 0 357 0 0.001 0.34978748894140194 0.032143640182289733 0.0021119730708011202 0.0032000166690309638 0.0065095048734858897 0.0027776220548707399 0 0.0081156710364022316 187.38062908714022 OK 13 12 0.47028900000000001 0.471416 0.094248999999999999 0.37441999999999998 0.37307400000000002 0 0.095869000000000038 0.098341999999999985 0.094248999999999999 0.010937000000000001 0.010507000000000001 0.010269 0.064259000000000011 0.06715500000000002 0.063688999999999996 0.0026389999999999999 0.0026079999999999996 0.0025169999999999997 0.00072499999999999995 0.00072800000000000002 0.00066599999999999993 187.38057105488338 187.38057105488338 187.38057105488338 0.18142486155049689 0.18142486155049689 0.18142486155049689 1 1 1 Converged Converged Converged OK OK OK 66 66 66 66 66 66 6 6 6 0 0 0 0 0 1 0 0
35 35 uniform 2 7 357 1 0.001 0.34978748894140194 0.032143640182289733 0.0021119730708011202 0.0032000166690309638 0.0065095048734858897 0.0030347318200117457 0 0.0078585612712612253 137.59187989751578 OK 14 13 0.46803299999999998 0.50740700000000005 0.113801 0.35113699999999998 0.22146299999999999 0 0.116896 0.28594400000000009 0.113801 0.012949 0.012588 0.012536 0.081724000000000005 0.25104599999999999 0.080282999999999993 0.0037269999999999998 0.0036509999999999997 0.0034960000000000004 0.00087200000000000005 0.00088000000000000003 0.00081999999999999998 137.59173707284074 137.59173707284074 137.59173707284074 0.11004517782445231 0.11004517782445231 0.11004517782445231 1 1 1 Converged Converged Converged OK OK OK 74 74 74 74 74 74 6 6 6 0 0 0 0 1 0 0 1
35 35 uniform 2 15 357 2 0.001 0.34978748894140194 0.032143640182289733 0.0021119730708011202 0.0032000166690309638 0.0065095048734858897 0.003328571551601467 0 0.0075647215396715053 98.796336905532911 OK 13 12 0.372201 0.296991 0.055581999999999999 0.314606 0.18564 0 0.057595000000000007 0.11135100000000001 0.055581999999999999 0.0091970000000000003 0.009188 0.0085570000000000004 0.036361999999999992 0.090425000000000019 0.035824999999999989 0.0019469999999999999 0.0018809999999999999 0.001784 0.00054500000000000002 0.00049100000000000001 0.00046799999999999999 98.796293045905884 98.796293045905884 98.796293045905884 0.077059666769049989 0.077059666769049989 0.077059666769049989 1 1 1 Converged Converged Converged OK OK OK 37 37 37 37 37 37 3 3 3 0 0 0 0 1 0 0 1
35 35 uniform 2 23 357 3 0.001 0.34978748894140194 0.032143640182289733 0.0021119730708011202 0.0032000166690309638 0.0065095048734858897 0.0036224112831911878 0 0.0072708818080817837 94.844885699978136 OK 13 12 0.364429 0.29374099999999997 0.054344000000000003 0.30835299999999999 0.187475 0 0.056076000000000015 0.10626599999999997 0.054344000000000003 0.0091000000000000004 0.0091240000000000002 0.0085380000000000005 0.035188999999999991 0.085599999999999996 0.034724999999999999 0.00182 0.001892 0.0017470000000000001 0.00049299999999999995 0.00046300000000000003 0.00045799999999999997 94.844873268336187 94.844873268336187 94.844873268336187 0.076829586094623842 0.076829586094623842 0.076829586094623842 1 1 1 Converged Converged Converged OK OK OK 37 37 37 37 37 37 3 3 3 0 0 0 0 1 0 0 1
35 35 uniform 2 0 357 0 0.0001 0.34978748894140194 0.032143640182289733 0.0021119730708011202 0.0032000166690309638 0.0065095048734858897 0.0027776220548707399 0 0.0081156710364022316 187.38062908714022 OK 13 12 0.50161599999999995 0.49812699999999999 0.121293 0.379305 0.37606299999999998 0 0.12231099999999995 0.12206400000000001 0.121293 0.010565 0.010532 0.010376 0.082194000000000003 0.082508999999999985 0.081653000000000017 0.0042529999999999998 0.0042089999999999992 0.0041529999999999996 0.001021 0.0010789999999999999 0.0010290000000000002 187.38063714904274 187.38063714904274 187.38063714904274 0.016039473564264117 0.016039473564264117 0.016039473564264117 1 1 1 Converged Converged Converged OK OK OK 90 90 90 90 90 90 6 6 6 0 0 0 0 0 1 0 0
35 35 uniform 2 7 357 1 0.0001 0.34978748894140194 0.032143640182289733 0.0021119730708011202 0.0032000166690309638 0.0065095048734858897 0.0030347318200117457 0 0.0078585612712612253 137.59187989751578 OK 14 13 0.48530600000000002 0.54187200000000002 0.13159499999999999 0.35086099999999998 0.219696 0 0.13444500000000004 0.32217600000000002 0.13159499999999999 0.012956000000000001 0.01277 0.012664 0.094776000000000013 0.28315200000000001 0.093524999999999997 0.004908 0.0048040000000000001 0.0047659999999999994 0.0010319999999999999 0.0010070000000000001 0.0009810000000000001 137.5918762608743 137.5918762608743 137.5918762608743 0.01219448604983538 0.01219448604983538 0.01219448604983538 1 1 1 Converged Converged Converged OK OK OK 90 90 90 90 90 90 6 6 6 0 0 0 0 1 0 0 1
35 35 uniform 2 15 357 2 0.0001 0.34978748894140194 0.032143640182289733 0.0021119730708011202 0.0032000166690309638 0.0065095048734858897 0.003328571551601467 0 0.0075647215396715053 98.796336905532911 OK 13 12 0.39562900000000001 0.33139400000000002 0.074562000000000003 0.319054 0.187725 0 0.076575000000000004 0.14366900000000002 0.074562000000000003 0.0092370000000000004 0.0092449999999999997 0.0086009999999999993 0.050598999999999998 0.11769599999999998 0.049975999999999993 0.0027910000000000001 0.0027409999999999999 0.0027749999999999997 0.00062100000000000002 0.00061800000000000006 0.00060000000000000006 98.796331974387684 98.796331974387684 98.796331974387684 0.0091697236177069857 0.0091697236177069857 0.0091697236177069857 1 1 1 Converged Converged Converged OK OK OK 53 53 53 53 53 53 3 3 3 0 0 0 0 1 0 0 1
35 35 uniform 2 23 357 3 0.0001 0.34978748894140194 0.032143640182289733 0.0021119730708011202 0.0032000166690309638 0.0065095048734858897 0.0036224112831911878 0 0.0072708818080817837 94.844885699978136 OK 13 12 0.38350600000000001 0.32390099999999999 0.072387000000000007 0.309027 0.18487999999999999 0 0.074479000000000017 0.13902100000000001 0.072387000000000007 0.0090550000000000005 0.0092549999999999993 0.0084430000000000009 0.048561 0.11288599999999996 0.047989000000000032 0.0028890000000000001 0.0029249999999999996 0.0026950000000000003 0.00062700000000000006 0.00058 0.00058900000000000001 94.844886468710826 94.844886468710826 94.844886468710826 0.0091888009537436869 0.0091888009537436869 0.0091888009537436869 1 1 1 Converged Converged Converged OK OK OK 53 53 53 53 53 53 3 3 3 0 0 0 0 1 0 0 1
35 35 uniform 3 0 358 0 0.001 0.34978748894140194 0.032143640182289733 0.0021119730708011202 2.3504274974771757 -0.92587762787586847 2.3500051028630153 0 -2.3391118097717425 1.4187553702846825 OK 13 12 0.793099 0.79225199999999996 0.076834 0.71546699999999996 0.71373900000000001 0 0.077632000000000034 0.078512999999999944 0.076834 0.0089230000000000004 0.0091470000000000006 0.0086759999999999997 0.052812000000000005 0.053584000000000014 0.052472000000000005 0.0022039999999999998 0.0022140000000000003 0.0021459999999999999 0.00055500000000000005 0.00055900000000000004 0.00055199999999999997 1.4187553551804029 1.4187553551804029 1.4187553551804029 0.00057686555284122156 0.00057686555284122156 0.00057686555284122156 1 1 1 Converged Converged Converged OK OK OK 45 45 45 45 45 45 3 3 3 0 0 0 0 0 1 0 0
35 35 uniform 3 7 358 1 0.001 0.34978748894140194 0.032143640182289733 0.0021119730708011202 2.3504274974771757 -0.92587762787586847 2.3502622126281567 0 -2.3393689195368839 1.399088904532408 OK 13 12 0.74552200000000002 0.70726800000000001 0.072220000000000006 0.67109300000000005 0.54957100000000003 0 0.074428999999999967 0.15769699999999998 0.072220000000000006 0.0082319999999999997 0.0093980000000000001 0.0076940000000000003 0.051862999999999999 0.12878499999999998 0.051180000000000017 0.0022200000000000002 0.0023710000000000003 0.0021480000000000002 0.00058099999999999992 0.00061300000000000005 0.00054099999999999992 1.3990888918884568 1.3990888918884568 1.3990888918884568 0.00054479603160541843 0.00054479603160541843 0.00054479603160541843 1 1 1 Converged Converged Converged OK OK OK 45 45 45 45 45 45 3 3 3 0 0 0 0 1 0 0 1
35 35 uniform 3 15 358 2 0.001 0.34978748894140194 0.032143640182289733 0.0021119730708011202 2.3504274974771757 -0.92587762787586847 2.3505560523597464 0 -2.3396627592684736 1.3804299445337254 OK 13 12 0.78817199999999998 0.727182 0.074130000000000001 0.70887900000000004 0.58461600000000002 0 0.079292999999999947 0.14256599999999997 0.074130000000000001 0.0081890000000000001 0.0093439999999999999 0.0075960000000000003 0.057079000000000019 0.11730100000000002 0.053105000000000006 0.0022139999999999998 0.0024040000000000003 0.0021749999999999999 0.00055699999999999999 0.00061899999999999998 0.00054199999999999995 1.3804299331755516 1.3804299331755516 1.3804299331755516 0.00051996906580706759 0.00051996906580706759 0.00051996906580706759 1 1 1 Converged Converged Converged OK OK OK 45 45 45 45 45 45 3 3 3 0 0 0 0 1 0 0 1
35 35 uniform 3 23 358 3 0.001 0.34978748894140194 0.032143640182289733 0.0021119730708011202 2.3504274974771757 -0.92587762787586847 2.3508498920913361 0 -2.3399565990000633 1.3648821761327206 OK 13 12 0.80001100000000003 0.72964300000000004 0.076816999999999996 0.72146500000000002 0.59400500000000001 0 0.078546000000000005 0.13563800000000004 0.076816999999999996 0.0082539999999999992 0.0095340000000000008 0.0075820000000000002 0.056406999999999999 0.11211899999999998 0.055961000000000011 0.0021700000000000001 0.0022629999999999998 0.0021640000000000001 0.00055999999999999995 0.00055999999999999995 0.00053800000000000007 1.364882164806289 1.364882164806289 1.364882164806289 0.00050287296990400804 0.00050287296990400804 0.00050287296990400804 1 1 1 Converged Converged Converged OK OK OK 45 45 45 45 45 45 3 3 3 0 0 0 0 1 0 0 1
35 35 uniform 3 0 358 0 0.0001 0.34978748894140194 0.032143640182289733 0.0021119730708011202 2.3504274974771757 -0.92587762787586847 2.3500051028630153 0 -2.3391118097717425 1.4187553702846825 OK 13 12 0.83483799999999997 0.84657099999999996 0.12356 0.71074000000000004 0.72167800000000004 0 0.12409799999999993 0.12489299999999992 0.12356 0.0087200000000000003 0.0087679999999999998 0.0086199999999999992 0.088043999999999983 0.088592000000000004 0.088183999999999985 0.0038719999999999996 0.0039179999999999996 0.0038909999999999999 0.00079599999999999994 0.00082399999999999997 0.00076800000000000002 1.4187553528272252 1.4187553528272252 1.4187553528272252 3.2738781299598129e-05 3.2738781299598129e-05 3.2738781299598129e-05 1 1 1 Converged Converged Converged OK OK OK 77 77 77 77 77 77 3 3 3 0 0 0 0 0 1 0 0
35 35 uniform 3 7 358 1 0.0001 0.34978748894140194 0.032143640182289733 0.0021119730708011202 2.3504274974771757 -0.92587762787586847 2.3502622126281567 0 -2.3393689195368839 1.399088904532408 OK 13 12 0.78508500000000003 0.74573800000000001 0.111307 0.67151799999999995 0.53805599999999998 0 0.11356700000000008 0.20768200000000003 0.111307 0.0081399999999999997 0.0081630000000000001 0.0077010000000000004 0.081482000000000013 0.17574500000000004 0.080405999999999977 0.0038709999999999999 0.0039320000000000006 0.0038120000000000003 0.00079199999999999995 0.00077099999999999998 0.00076999999999999996 1.3990888906668493 1.3990888906668493 1.3990888906668493 3.3316381921986466e-05 3.3316381921986466e-05 3.3316381921986466e-05 1 1 1 Converged Converged Converged OK OK OK 77 77 77 77 77 77 3 3 3 0 0 0 0 1 0 0 1
35 35 uniform 3 15 358 2 0.0001 0.34978748894140194 0.032143640182289733 0.0021119730708011202 2.3504274974771757 -0.92587762787586847 2.3505560523597464 0 -2.3396627592684736 1.3804299445337254 OK 13 12 0.83249899999999999 0.79323900000000003 0.115843 0.71445099999999995 0.58149799999999996 0 0.11804800000000004 0.21174100000000007 0.115843 0.0081989999999999997 0.0082810000000000002 0.0076940000000000003 0.08596100000000001 0.17994799999999994 0.085059999999999997 0.0038759999999999997 0.0038740000000000003 0.0038379999999999998 0.00078799999999999996 0.00078200000000000003 0.00075900000000000002 1.3804299325436569 1.3804299325436569 1.3804299325436569 3.4001555961364845e-05 3.4001555961364845e-05 3.4001555961364845e-05 1 1 1 Converged Converged Converged OK OK OK 77 77 77 77 77 77 3 3 3 0 0 0 0 1 0 0 1
35 35 uniform 3 23 358 3 0.0001 0.34978748894140194 0.032143640182289733 0.0021119730708011202 2.3504274974771757 -0.92587762787586847 2.3508498920913361 0 -2.3399565990000633 1.3648821761327206 OK 13 12 0.84571099999999999 0.80413800000000002 0.12545700000000001 0.72286300000000003 0.58756699999999995 0 0.12284799999999996 0.21657100000000007 0.12545700000000001 0.0082509999999999997 0.0082509999999999997 0.0076880000000000004 0.09090899999999999 0.18466699999999997 0.090396999999999977 0.0039139999999999999 0.00398 0.0038269999999999997 0.00076999999999999996 0.00079200000000000006 0.00076499999999999995 1.3648821644577422 1.3648821644577422 1.3648821644577422 3.4713380605010803e-05 3.4713380605010803e-05 3.4713380605010803e-05 1 1 1 Converged Converged Converged OK OK OK 77 77 77 77 77 77 3 3 3 0 0 0 0 1 0 0 1
35 35 uniform 4 0 359 0 0.001 0.34978748894140194 0.032143640182289733 0.0021119730708011202 0.0056752512258205663 -0.0032904658113706905 0.0052528566116603424 0 0.0056404364796126295 110.35517034308516 OK 13 12 0.42347899999999999 0.42322700000000002 0.114893 0.307724 0.304197 0 0.115755 0.11903000000000002 0.114893 0.0098119999999999995 0.0097970000000000002 0.0096530000000000001 0.085026999999999991 0.088834999999999983 0.08469599999999998 0.0029680000000000002 0.002895 0.0028089999999999999 0.00066199999999999994 0.00062799999999999998 0.0006249999999999999 110.35518705647279 110.35518705647279 110.35518705647279 0.055864965217418835 0.055864965217418835 0.055864965217418835 1 1 1 Converged Converged Converged OK OK OK 67 67 67 67 67 67 5 5 5 0 0 0 0 0 1 0 0
35 35 uniform 4 7 359 1 0.001 0.34978748894140194 0.032143640182289733 0.0021119730708011202 0.0056752512258205663 -0.0032904658113706905 0.0055099663768013486 0 0.0053833267144716233 111.10786680663198 OK 13 12 0.42071500000000001 0.36977100000000002 0.110666 0.30857400000000001 0.180669 0 0.11214099999999999 0.18910200000000002 0.110666 0.0087919999999999995 0.0090069999999999994 0.0084180000000000001 0.085784999999999986 0.16295699999999994 0.085576999999999973 0.0030100000000000001 0.0028789999999999996 0.0028029999999999999 0.00065200000000000002 0.00062800000000000009 0.00061300000000000005 111.10788248575702 111.10788248575702 111.10788248575702 0.04357397787899564 0.04357397787899564 0.04357397787899564 1 1 1 Converged Converged Converged OK OK OK 67 67 67 67 67 67 5 5 5 0 0 0 0 1 0 0 1
35 35 uniform 4 15 359 2 0.001 0.34978748894140194 0.032143640182289733 0.0021119730708011202 0.0056752512258205663 -0.0032904658113706905 0.0058038061083910695 0 0.0050894869828819024 111.72679563513228 OK 13 12 0.39850999999999998 0.33551199999999998 0.085138000000000005 0.31132500000000002 0.18276100000000001 0 0.087184999999999957 0.15275099999999997 0.085138000000000005 0.0089739999999999993 0.0088889999999999993 0.0084440000000000001 0.065787999999999985 0.13143199999999999 0.06500800000000001 0.0019760000000000003 0.0020540000000000003 0.001854 0.00053300000000000005 0.00050799999999999999 0.00048200000000000006 111.72641674019346 111.72641674019346 111.72641674019346 0.10432556353407801 0.10432556353407801 0.10432556353407801 1 1 1 Converged Converged Converged OK OK OK 51 51 51 51 51 51 5 5 5 0 0 0 0 1 0 0 1
35 35 uniform 4 23 359 3 0.001 0.34978748894140194 0.032143640182289733 0.0021119730708011202 0.0056752512258205663 -0.0032904658113706905 0.0060976458399807903 0 0.0047956472512921816 112.0515094204038 OK 13 12 0.39157199999999998 0.36183599999999999 0.083063999999999999 0.310006 0.184281 0 0.081565999999999972 0.17755499999999999 0.083063999999999999 0.0088739999999999999 0.0089990000000000001 0.0085220000000000001 0.058908999999999982 0.15162000000000003 0.060943000000000004 0.0022279999999999995 0.0023770000000000002 0.0023659999999999996 0.00065399999999999996 0.00064199999999999999 0.00067099999999999994 112.05115781402242 112.05115781402242 112.05115781402242 0.095096680944464496 0.095096680944464496 0.095096680944464496 1 1 1 Converged Converged Converged OK OK OK 59 59 59 59 59 59 5 5 5 0 0 0 0 1 0 0 1
35 35 uniform 4 0 359 0 0.0001 0.34978748894140194 0.032143640182289733 0.0021119730708011202 0.0056752512258205663 -0.0032904658113706905 0.0052528566116603424 0 0.0056404364796126295 110.35517034308516 OK 13 12 0.44829400000000003 0.45250200000000002 0.13977999999999999 0.306977 0.31065300000000001 0 0.14131700000000003 0.141849 0.13977999999999999 0.0098700000000000003 0.0099699999999999997 0.0094850000000000004 0.10364899999999999 0.103806 0.10318599999999996 0.003869 0.0041549999999999998 0.0039410000000000001 0.00087800000000000009 0.00092100000000000005 0.00086799999999999996 110.35517950846733 110.35517950846733 110.35517950846733 0.0008450308086837559 0.0008450308086837559 0.0008450308086837559 1 1 1 Converged Converged Converged OK OK OK 91 91 91 91 91 91 5 5 5 0 0 0 0 0 1 0 0
35 35 uniform 4 7 359 1 0.0001 0.34978748894140194 0.032143640182289733 0.0021119730708011202 0.0056752512258205663 -0.0032904658113706905 0.0055099663768013486 0 0.0053833267144716233 111.10786680663198 OK 13 12 0.44425199999999998 0.45464700000000002 0.13409699999999999 0.306809 0.18174699999999999 0 0.13744299999999998 0.27290000000000003 0.13409699999999999 0.0090460000000000002 0.0089230000000000004 0.0083759999999999998 0.10589799999999999 0.24187000000000006 0.10452099999999995 0.0040230000000000005 0.0038959999999999997 0.0037720000000000002 0.00087599999999999993 0.00085199999999999989 0.00084400000000000002 111.10787481324191 111.10787481324191 111.10787481324191 0.00099919720856732211 0.00099919720856732211 0.00099919720856732211 1 1 1 Converged Converged Converged OK OK OK 91 91 91 91 91 91 5 5 5 0 0 0 0 1 0 0 1
35 35 uniform 4 15 359 2 0.0001 0.34978748894140194 0.032143640182289733 0.0021119730708011202 0.0056752512258205663 -0.0032904658113706905 0.0058038061083910695 0 0.0050894869828819024 111.72679563513228 OK 13 12 0.45624100000000001 0.44481700000000002 0.137853 0.315554 0.18398300000000001 0 0.14068700000000001 0.26083400000000001 0.137853 0.0090469999999999995 0.0089040000000000005 0.0083370000000000007 0.10865299999999999 0.22914099999999993 0.10806299999999999 0.0043109999999999997 0.0040940000000000004 0.0037880000000000001 0.00090499999999999999 0.00090300000000000005 0.00088200000000000008 111.72680384630084 111.72680384630084 111.72680384630084 0.0049817662043931702 0.0049817662043931702 0.0049817662043931702 1 1 1 Converged Converged Converged OK OK OK 91 91 91 91 91 91 5 5 5 0 0 0 0 1 0 0 1
35 35 uniform 4 23 359 3 0.0001 0.34978748894140194 0.032143640182289733 0.0021119730708011202 0.0056752512258205663 -0.0032904658113706905 0.0060976458399807903 0 0.0047956472512921816 112.0515094204038 OK 13 12 0.437199 0.44395299999999999 0.123167 0.31132399999999999 0.18327499999999999 0 0.12587500000000001 0.26067799999999997 0.123167 0.0090279999999999996 0.0090910000000000001 0.0083940000000000004 0.094035000000000035 0.22868199999999997 0.093496999999999969 0.0041460000000000004 0.0042249999999999996 0.0038860000000000001 0.00092699999999999998 0.00089399999999999994 0.00087399999999999999 112.05153741268963 112.05153741268963 112.05153741268963 0.0067221070815616478 0.0067221070815616478 0.0067221070815616478 1 1 1 Converged Converged Converged OK OK OK 91 91 91 91 91 91 5 5 5 0 0 0 0 1 0 0 1
36 36 linear 0 0 360 0 0.001 0.38697360733837699 0.21262042747928889 0.30491016929636877 -0.04035117524136668 -0.084379433216748956 -0.10133320910064043 0.5 0.16918502154826925 6.6170354195436092 OK 15 14 0.58921299999999999 0.57979800000000004 0.32847799999999999 0.25403700000000001 0.25313400000000003 0 0.33517599999999997 0.32666400000000001 0.32847799999999999 0.011492 0.011224 0.011231 0.29431799999999991 0.28685799999999995 0.28798800000000002 0.004775999999999999 0.0042599999999999999 0.004901 0.0010529999999999999 0.0010329999999999998 0.001155 6.6170221334152668 6.6170221334152668 6.6170221334152668 0.0042383537741987444 0.0042383537741987444 0.0042383537741987444 1 1 1 Converged Converged Converged OK OK OK 96 96 96 96 96 96 8 8 8 0 0 0 0 0 1 0 0
36 36 linear 0 7 360 1 0.001 0.38697360733837699 0.21262042747928889 0.30491016929636877 -0.04035117524136668 -0.084379433216748956 -0.064213710229778148 0.5 0.13206552267740695 6.7873197245689809 OK 14 13 0.46932299999999999 0.40366400000000002 0.23682700000000001 0.22448199999999999 0.16158400000000001 0 0.244841 0.24208000000000002 0.23682700000000001 0.0099389999999999999 0.010168 0.0093650000000000001 0.21593199999999999 0.21260199999999999 0.20996799999999996 0.0036619999999999995 0.0040350000000000004 0.0033679999999999999 0.00097900000000000005 0.0010220000000000001 0.00089899999999999995 6.7872970089131268 6.7872970089131268 6.7872970089131268 0.0062528596672065777 0.0062528596672065777 0.0062528596672065777 1 1 1 Converged Converged Converged OK OK OK 73 73 73 73 73 73 7 7 7 0 0 0 0 1 0 0 1
36 36 linear 0 15 360 2 0.001 0.38697360733837699 0.21262042747928889 0.30491016929636877 -0.04035117524136668 -0.084379433216748956 -0.021791425805935533 0.5 0.08964323825356435 6.8873169167973707 OK 14 13 0.51474200000000003 0.45085900000000001 0.26483400000000001 0.241124 0.175927 0 0.27361800000000003 0.27493200000000001 0.26483400000000001 0.0094669999999999997 0.0097109999999999991 0.0087779999999999993 0.24422400000000002 0.24342600000000003 0.23695599999999994 0.0039709999999999997 0.0051029999999999999 0.0040569999999999998 0.00096499999999999993 0.0011150000000000001 0.00095199999999999994 6.8874033311845482 6.8874033311845482 6.8874033311845482 0.0036509052406868705 0.0036509052406868705 0.0036509052406868705 1 1 1 Converged Converged Converged OK OK OK 82 82 82 82 82 82 6 6 6 0 0 0 0 1 0 0 1
36 36 linear 0 23 360 3 0.001 0.38697360733837699 0.21262042747928889 0.30491016929636877 -0.04035117524136668 -0.084379433216748956 0.020630858617907075 0.5 0.047220953829721746 6.8882973494127091 OK 13 12 0.47447499999999998 0.410248 0.263158 0.201628 0.13833599999999999 0 0.27284699999999995 0.27191200000000004 0.263158 0.013402000000000001 0.0098919999999999998 0.0090810000000000005 0.23926400000000003 0.23651599999999998 0.23490699999999987 0.0041399999999999996 0.0048900000000000002 0.0038449999999999995 0.00098200000000000002 0.0010499999999999999 0.00091 6.8883542744360211 6.8883542744360211 6.8883542744360211 0.0035744120856027991 0.0035744120856027991 0.0035744120856027991 1 1 1 Converged Converged Converged OK OK OK 82 82 82 82 82 82 6 6 6 0 0 0 0 1 0 0 1
36 36 linear 0 0 360 0 0.0001 0.38697360733837699 0.21262042747928889 0.30491016929636877 -0.04035117524136668 -0.084379433216748956 -0.10133320910064043 0.5 0.16918502154826925 6.6170354195436092 OK 15 14 0.68726299999999996 0.67766599999999999 0.42258099999999998 0.25881999999999999 0.25465300000000002 0 0.42844299999999996 0.42301299999999997 0.42258099999999998 0.01145 0.011139 0.011136 0.37650099999999992 0.37086900000000012 0.37191600000000002 0.0067730000000000004 0.0076210000000000002 0.0065229999999999993 0.00148 0.001474 0.0013740000000000002 6.6170613225372019 6.6170613225372019 6.6170613225372019 0.00045213088032311873 0.00045213088032311873 0.00045213088032311873 1 1 1 Converged Converged Converged OK OK OK 128 128 128 128 128 128 8 8 8 0 0 0 0 0 1 0 0
36 36 linear 0 7 360 1 0.0001 0.38697360733837699 0.21262042747928889 0.30491016929636877 -0.04035117524136668 -0.084379433216748956 -0.064213710229778148 0.5 0.13206552267740695 6.7873197245689809 OK 14 13 0.63333899999999999 0.54665399999999997 0.39299299999999998 0.230319 0.15081800000000001 0 0.40301999999999999 0.39583599999999997 0.39299299999999998 0.011212 0.0099989999999999992 0.0096729999999999993 0.35728200000000016 0.35118300000000019 0.34841399999999983 0.0066600000000000001 0.0071830000000000001 0.0076610000000000003 0.0015390000000000002 0.0017460000000000002 0.0016150000000000001 6.7873770429976235 6.7873770429976235 6.7873770429976235 0.00028007249004354196 0.00028007249004354196 0.00028007249004354196 1 1 1 Converged Converged Converged OK OK OK 129 129 129 129 129 129 7 7 7 0 0 0 0 1 0 0 1
36 36 linear 0 15 360 2 0.0001 0.38697360733837699 0.21262042747928889 0.30491016929636877 -0.04035117524136668 -0.084379433216748956 -0.021791425805935533 0.5 0.08964323825356435 6.8873169167973707 OK 14 13 0.60267199999999999 0.53037699999999999 0.35203000000000001 0.246701 0.17524899999999999 0 0.35597099999999998 0.355128 0.35203000000000001 0.0094459999999999995 0.0096019999999999994 0.0089789999999999991 0.31839499999999987 0.31630699999999989 0.31184499999999993 0.0055770000000000004 0.0065430000000000002 0.0058860000000000006 0.0012350000000000002 0.0012930000000000001 0.0012209999999999999 6.887330910500471 6.887330910500471 6.887330910500471 0.0005683578650000215 0.0005683578650000215 0.0005683578650000215 1 1 1 Converged Converged Converged OK OK OK 114 114 114 114 114 114 6 6 6 0 0 0 0 1 0 0 1
36 36 linear 0 23 360 3 0.0001 0.38697360733837699 0.21262042747928889 0.30491016929636877 -0.04035117524136668 -0.084379433216748956 0.020630858617907075 0.5 0.047220953829721746 6.8882973494127091 OK 13 12 0.65380799999999994 0.58311800000000003 0.44508799999999998 0.20058699999999999 0.13550499999999999 0 0.45322099999999998 0.44761300000000004 0.44508799999999998 0.0096860000000000002 0.0098969999999999995 0.0092460000000000007 0.40601500000000024 0.39854600000000012 0.39790200000000014 0.0081869999999999998 0.0094870000000000006 0.0088079999999999999 0.001335 0.0013940000000000001 0.0014689999999999998 6.8883050127524488 6.8883050127524488 6.8883050127524488 0.00023019268347195814 0.00023019268347195814 0.00023019268347195814 1 1 1 Converged Converged Converged OK OK OK 146 146 146 146 146 146 6 6 6 0 0 0 0 1 0 0 1
36 36 linear 1 0 361 0 0.001 0.38697360733837699 0.21262042747928889 0.30491016929636877 1.5967836314044705 1.8194956447166211 1.5358015975451969 0.5 -1.467949785097568 1.0971022576513716 OK 12 11 0.32752500000000001 0.32843099999999997 0.116078 0.20812 0.210231 0 0.11940500000000001 0.11819999999999997 0.116078 0.0068250000000000003 0.0069210000000000001 0.006502 0.093012999999999971 0.09113300000000002 0.090252000000000013 0.0026880000000000003 0.0029100000000000003 0.0027039999999999998 0.00062999999999999992 0.00066599999999999993 0.00061699999999999993 1.0971038076821631 1.0971038076821631 1.0971038076821631 0.00026158358216319256 0.00026158358216319256 0.00026158358216319256 1 1 1 Converged Converged Converged OK OK OK 66 66 66 66 66 66 6 6 6 0 0 0 0 0 1 0 0
36 36 linear 1 7 361 1 0.001 0.38697360733837699 0.21262042747928889 0.30491016929636877 1.5967836314044705 1.8194956447166211 1.5729210964160592 0.5 -1.5050692839684303 1.0915016975426137 OK 12 11 0.32176100000000002 0.249445 0.114428 0.201742 0.12226099999999999 0 0.12001900000000001 0.12718400000000002 0.114428 0.0058910000000000004 0.0059909999999999998 0.005561 0.096671000000000021 0.10484900000000005 0.093165999999999999 0.0033210000000000002 0.002872 0.002745 0.00069500000000000009 0.00063699999999999998 0.00059299999999999999 1.0915036103222784 1.0915036103222784 1.0915036103222784 0.00031802066270678519 0.00031802066270678519 0.00031802066270678519 1 1 1 Converged Converged Converged OK OK OK 66 66 66 66 66 66 6 6 6 0 0 0 0 1 0 0 1
36 36 linear 1 15 361 2 0.001 0.38697360733837699 0.21262042747928889 0.30491016929636877 1.5967836314044705 1.8194956447166211 1.6153433808399016 0.5 -1.5474915683922728 1.0841820079841065 OK 12 11 0.31040299999999998 0.231931 0.10441599999999999 0.20196 0.11783100000000001 0 0.10844299999999998 0.11409999999999999 0.10441599999999999 0.0059550000000000002 0.0060470000000000003 0.0056509999999999998 0.086944999999999981 0.092873999999999984 0.084295999999999996 0.0027550000000000001 0.0026619999999999999 0.0024979999999999998 0.00059599999999999996 0.00056999999999999998 0.00055900000000000004 1.0841845498503613 1.0841845498503613 1.0841845498503613 0.00051096351921112366 0.00051096351921112366 0.00051096351921112366 1 1 1 Converged Converged Converged OK OK OK 59 59 59 59 59 59 5 5 5 0 0 0 0 1 0 0 1
36 36 linear 1 23 361 3 0.001 0.38697360733837699 0.21262042747928889 0.30491016929636877 1.5967836314044705 1.8194956447166211 1.6577656652637442 0.5 -1.5899138528161154 1.0757649537435228 OK 12 11 0.31824000000000002 0.24215 0.111265 0.203045 0.115841 0 0.11519500000000002 0.126309 0.111265 0.0060540000000000004 0.0059899999999999997 0.0055649999999999996 0.093671000000000018 0.10522399999999997 0.091069999999999984 0.0026649999999999998 0.0026440000000000001 0.0024740000000000001 0.00059100000000000005 0.00055599999999999996 0.00056000000000000006 1.0757611072057491 1.0757611072057491 1.0757611072057491 0.00024017780513436182 0.00024017780513436182 0.00024017780513436182 1 1 1 Converged Converged Converged OK OK OK 59 59 59 59 59 59 5 5 5 0 0 0 0 1 0 0 1
36 36 linear 1 0 361 0 0.0001 0.38697360733837699 0.21262042747928889 0.30491016929636877 1.5967836314044705 1.8194956447166211 1.5358015975451969 0.5 -1.467949785097568 1.0971022576513716 OK 12 11 0.36663800000000002 0.361761 0.154834 0.21024999999999999 0.20572599999999999 0 0.15638800000000003 0.15603500000000001 0.154834 0.0068079999999999998 0.0067460000000000003 0.0067140000000000003 0.123219 0.123823 0.12209999999999999 0.0040320000000000009 0.0036159999999999999 0.0034250000000000001 0.00089799999999999993 0.00090499999999999999 0.00091200000000000005 1.0971023483651292 1.0971023483651292 1.0971023483651292 9.1503161148065931e-06 9.1503161148065931e-06 9.1503161148065931e-06 1 1 1 Converged Converged Converged OK OK OK 82 82 82 82 82 82 6 6 6 0 0 0 0 0 1 0 0
36 36 linear 1 7 361 1 0.0001 0.38697360733837699 0.21262042747928889 0.30491016929636877 1.5967836314044705 1.8194956447166211 1.5729210964160592 0.5 -1.5050692839684303 1.0915016975426137 OK 12 11 0.35673899999999997 0.284335 0.14705699999999999 0.203067 0.117355 0 0.15367199999999998 0.16698000000000002 0.14705699999999999 0.0060939999999999996 0.0060460000000000002 0.0056129999999999999 0.12654000000000001 0.14067499999999999 0.121988 0.0038640000000000002 0.0036909999999999998 0.0035259999999999996 0.00097399999999999993 0.00091200000000000005 0.00085300000000000013 1.0915019351862587 1.0915019351862587 1.0915019351862587 9.1952349122166601e-06 9.1952349122166601e-06 9.1952349122166601e-06 1 1 1 Converged Converged Converged OK OK OK 82 82 82 82 82 82 6 6 6 0 0 0 0 1 0 0 1
36 36 linear 1 15 361 2 0.0001 0.38697360733837699 0.21262042747928889 0.30491016929636877 1.5967836314044705 1.8194956447166211 1.6153433808399016 0.5 -1.5474915683922728 1.0841820079841065 OK 12 11 0.34492099999999998 0.26890599999999998 0.13739399999999999 0.202074 0.11765200000000001 0 0.14284699999999997 0.15125399999999997 0.13739399999999999 0.0060070000000000002 0.0059459999999999999 0.0056109999999999997 0.11722899999999996 0.12644100000000003 0.11367900000000002 0.003496 0.0033899999999999998 0.0031700000000000005 0.00092600000000000007 0.00086300000000000005 0.00083900000000000001 1.0841803191071253 1.0841803191071253 1.0841803191071253 9.8190605166575008e-05 9.8190605166575008e-05 9.8190605166575008e-05 1 1 1 Converged Converged Converged OK OK OK 75 75 75 75 75 75 5 5 5 0 0 0 0 1 0 0 1
36 36 linear 1 23 361 3 0.0001 0.38697360733837699 0.21262042747928889 0.30491016929636877 1.5967836314044705 1.8194956447166211 1.6577656652637442 0.5 -1.5899138528161154 1.0757649537435228 OK 12 11 0.353209 0.28050000000000003 0.14660599999999999 0.201929 0.11750099999999999 0 0.15128 0.16299900000000003 0.14660599999999999 0.0059829999999999996 0.0060639999999999999 0.0055449999999999996 0.12631900000000001 0.13747199999999998 0.123031 0.0034490000000000002 0.0038320000000000003 0.0032790000000000002 0.00083799999999999999 0.00088400000000000002 0.00080699999999999999 1.0757633826278221 1.0757633826278221 1.0757633826278221 5.1133282340920947e-05 5.1133282340920947e-05 5.1133282340920947e-05 1 1 1 Converged Converged Converged OK OK OK 75 75 75 75 75 75 5 5 5 0 0 0 0 1 0 0 1
36 36 linear 2 0 362 0 0.001 0.38697360733837699 0.21262042747928889 0.30491016929636877 1.4526573653312362 -1.5224299094279603 1.3916753314719625 0.5 -1.3238235190243337 1.1032084619156244 OK 13 12 0.36191400000000001 0.36682199999999998 0.13980000000000001 0.219282 0.22563800000000001 0 0.14263200000000001 0.14118399999999998 0.13980000000000001 0.010030000000000001 0.010323000000000001 0.010036 0.11124300000000001 0.10894400000000001 0.10864700000000005 0.0030309999999999998 0.0031900000000000001 0.0030990000000000002 0.00059499999999999993 0.00067400000000000001 0.00062100000000000002 1.1031935869821012 1.1031935869821012 1.1031935869821012 0.00065212791992831838 0.00065212791992831838 0.00065212791992831838 1 1 1 Converged Converged Converged OK OK OK 66 66 66 66 66 66 6 6 6 0 0 0 0 0 1 0 0
36 36 linear 2 7 362 1 0.001 0.38697360733837699 0.21262042747928889 0.30491016929636877 1.4526573653312362 -1.5224299094279603 1.4287948303428248 0.5 -1.360943017895196 1.0988999195556641 OK 13 12 0.393843 0.32141399999999998 0.12894700000000001 0.26148199999999999 0.17871999999999999 0 0.13236100000000001 0.14269399999999999 0.12894700000000001 0.0085349999999999992 0.0089250000000000006 0.0080780000000000001 0.10586 0.11570599999999999 0.10329299999999998 0.003045 0.0032439999999999995 0.003078 0.00057899999999999998 0.00062199999999999994 0.00061800000000000006 1.0988829858230786 1.0988829858230786 1.0988829858230786 0.00063448841899275987 0.00063448841899275987 0.00063448841899275987 1 1 1 Converged Converged Converged OK OK OK 66 66 66 66 66 66 6 6 6 0 0 0 0 1 0 0 1
36 36 linear 2 15 362 2 0.001 0.38697360733837699 0.21262042747928889 0.30491016929636877 1.4526573653312362 -1.5224299094279603 1.4712171147666673 0.5 -1.4033653023190384 1.0924855555799431 OK 13 12 0.35512899999999997 0.27797500000000003 0.133468 0.21748999999999999 0.12847 0 0.13763899999999998 0.14950500000000003 0.133468 0.0089669999999999993 0.0089379999999999998 0.008371 0.10890100000000005 0.12056200000000003 0.106102 0.003385 0.0035820000000000001 0.0033649999999999999 0.00072199999999999999 0.00082299999999999995 0.00071400000000000001 1.092482905801325 1.092482905801325 1.092482905801325 0.00067838186017285225 0.00067838186017285225 0.00067838186017285225 1 1 1 Converged Converged Converged OK OK OK 67 67 67 67 67 67 5 5 5 0 0 0 0 1 0 0 1
36 36 linear 2 23 362 3 0.001 0.38697360733837699 0.21262042747928889 0.30491016929636877 1.4526573653312362 -1.5224299094279603 1.5136393991905099 0.5 -1.4457875867428811 1.0840666141718527 OK 13 12 0.337592 0.27045400000000003 0.12428699999999999 0.20780999999999999 0.12962899999999999 0 0.12978200000000001 0.14082500000000003 0.12428699999999999 0.0089630000000000005 0.0089610000000000002 0.0083689999999999997 0.10079799999999997 0.11248100000000005 0.097013999999999989 0.0037789999999999994 0.0033340000000000002 0.0032699999999999999 0.00073099999999999999 0.00075600000000000005 0.00067200000000000007 1.0840704842873643 1.0840704842873643 1.0840704842873643 0.00040092263240065307 0.00040092263240065307 0.00040092263240065307 1 1 1 Converged Converged Converged OK OK OK 67 67 67 67 67 67 5 5 5 0 0 0 0 1 0 0 1
36 36 linear 2 0 362 0 0.0001 0.38697360733837699 0.21262042747928889 0.30491016929636877 1.4526573653312362 -1.5224299094279603 1.3916753314719625 0.5 -1.3238235190243337 1.1032084619156244 OK 13 12 0.40369100000000002 0.40271600000000002 0.17793 0.22037499999999999 0.22251799999999999 0 0.18331600000000003 0.18019800000000002 0.17793 0.010383999999999999 0.010489 0.010094000000000001 0.14320300000000005 0.14034900000000003 0.13925499999999999 0.004385 0.0042290000000000001 0.0041650000000000003 0.0010250000000000001 0.00098999999999999999 0.00095899999999999989 1.1031959072470003 1.1031959072470003 1.1031959072470003 7.9556255770610659e-05 7.9556255770610659e-05 7.9556255770610659e-05 1 1 1 Converged Converged Converged OK OK OK 82 82 82 82 82 82 6 6 6 0 0 0 0 0 1 0 0
36 36 linear 2 7 362 1 0.0001 0.38697360733837699 0.21262042747928889 0.30491016929636877 1.4526573653312362 -1.5224299094279603 1.4287948303428248 0.5 -1.360943017895196 1.0988999195556641 OK 13 12 0.45891300000000002 0.38724199999999998 0.19566800000000001 0.26108300000000001 0.17729500000000001 0 0.19783000000000001 0.20994699999999997 0.19566800000000001 0.0088900000000000003 0.0087340000000000004 0.0081939999999999999 0.161548 0.17390199999999992 0.16139700000000001 0.0048929999999999998 0.0049820000000000003 0.0045460000000000006 0.0011410000000000001 0.0011440000000000001 0.001075 1.0988816291661652 1.0988816291661652 1.0988816291661652 5.3264309157524691e-05 5.3264309157524691e-05 5.3264309157524691e-05 1 1 1 Converged Converged Converged OK OK OK 90 90 90 90 90 90 6 6 6 0 0 0 0 1 0 0 1
36 36 linear 2 15 362 2 0.0001 0.38697360733837699 0.21262042747928889 0.30491016929636877 1.4526573653312362 -1.5224299094279603 1.4712171147666673 0.5 -1.4033653023190384 1.0924855555799431 OK 13 12 0.41449999999999998 0.34791899999999998 0.199992 0.212281 0.126863 0 0.20221899999999998 0.22105599999999997 0.199992 0.0090320000000000001 0.0090390000000000002 0.0083700000000000007 0.16575000000000004 0.18478800000000009 0.16496300000000003 0.0049629999999999995 0.0048440000000000002 0.0047349999999999996 0.001224 0.0011609999999999997 0.0011029999999999998 1.0924791303195343 1.0924791303195343 1.0924791303195343 6.0720812157555612e-05 6.0720812157555612e-05 6.0720812157555612e-05 1 1 1 Converged Converged Converged OK OK OK 91 91 91 91 91 91 5 5 5 0 0 0 0 1 0 0 1
36 36 linear 2 23 362 3 0.0001 0.38697360733837699 0.21262042747928889 0.30491016929636877 1.4526573653312362 -1.5224299094279603 1.5136393991905099 0.5 -1.4457875867428811 1.0840666141718527 OK 13 12 0.37182300000000001 0.30669800000000003 0.15548899999999999 0.21083299999999999 0.129659 0 0.16099000000000002 0.17703900000000003 0.15548899999999999 0.0089339999999999992 0.0092099999999999994 0.0083840000000000008 0.12730099999999997 0.14311500000000002 0.12359000000000003 0.0047740000000000005 0.0049240000000000004 0.0044259999999999994 0.0011450000000000002 0.001132 0.0010150000000000001 1.0840653174078696 1.0840653174078696 1.0840653174078696 3.855469902618175e-05 3.855469902618175e-05 3.855469902618175e-05 1 1 1 Converged Converged Converged OK OK OK 83 83 83 83 83 83 5 5 5 0 0 0 0 1 0 0 1
36 36 linear 3 0 363 0 0.001 0.38697360733837699 0.21262042747928889 0.30491016929636877 -0.34787434400838618 -0.32180155880841832 -0.40885637786765994 0.5 0.47670819031528877 2.1728800995647433 OK 13 12 0.36343300000000001 0.36543199999999998 0.13656099999999999 0.221496 0.22742999999999999 0 0.14193700000000001 0.13800199999999999 0.13656099999999999 0.0095300000000000003 0.0094359999999999999 0.0091669999999999998 0.11229500000000001 0.10871500000000001 0.10786899999999999 0.002725 0.0026970000000000002 0.0026270000000000004 0.00080099999999999985 0.0007980000000000001 0.00073299999999999993 2.1728805536114462 2.1728805536114462 2.1728805536114462 0.00070837811594545144 0.00070837811594545144 0.00070837811594545144 1 1 1 Converged Converged Converged OK OK OK 59 59 59 59 59 59 5 5 5 0 0 0 0 0 1 0 0
36 36 linear 3 7 363 1 0.001 0.38697360733837699 0.21262042747928889 0.30491016929636877 -0.34787434400838618 -0.32180155880841832 -0.37173687899679764 0.5 0.43958869144442647 2.2887439613383767 OK 13 12 0.34365099999999998 0.26721600000000001 0.11833399999999999 0.219858 0.14618500000000001 0 0.12379299999999999 0.121031 0.11833399999999999 0.0085129999999999997 0.0087159999999999998 0.0078829999999999994 0.098814999999999986 0.09615499999999999 0.094665000000000013 0.0026799999999999997 0.00281 0.0027950000000000002 0.00069899999999999997 0.00076300000000000011 0.00065300000000000004 2.2887477114950436 2.2887477114950436 2.2887477114950436 0.0010826498260735856 0.0010826498260735856 0.0010826498260735856 1 1 1 Converged Converged Converged OK OK OK 59 59 59 59 59 59 5 5 5 0 0 0 0 1 0 0 1
36 36 linear 3 15 363 2 0.001 0.38697360733837699 0.21262042747928889 0.30491016929636877 -0.34787434400838618 -0.32180155880841832 -0.32931459457295503 0.5 0.39716640702058387 2.4374345975809697 OK 13 12 0.33844099999999999 0.27120100000000003 0.12334000000000001 0.21010000000000001 0.14135300000000001 0 0.12834099999999998 0.12984800000000002 0.12334000000000001 0.0086879999999999995 0.0085590000000000006 0.0079590000000000008 0.10380299999999996 0.10528699999999999 0.099898999999999988 0.002598 0.0028029999999999999 0.002663 0.00063699999999999998 0.00066199999999999994 0.00065300000000000004 2.4374521783895728 2.4374521783895728 2.4374521783895728 0.0019930327430197144 0.0019930327430197144 0.0019930327430197144 1 1 1 Converged Converged Converged OK OK OK 59 59 59 59 59 59 5 5 5 0 0 0 0 1 0 0 1
36 36 linear 3 23 363 3 0.001 0.38697360733837699 0.21262042747928889 0.30491016929636877 -0.34787434400838618 -0.32180155880841832 -0.28689231014911243 0.5 0.35474412259674126 2.6058939379799702 OK 13 12 0.39178499999999999 0.30940800000000002 0.158971 0.226276 0.147206 0 0.16550899999999999 0.16220200000000001 0.158971 0.0084499999999999992 0.0086709999999999999 0.0079380000000000006 0.13625099999999996 0.13245099999999999 0.13115599999999997 0.0037000000000000002 0.0041229999999999999 0.0035690000000000001 0.00076500000000000005 0.00081100000000000009 0.00080500000000000005 2.6058933540169238 2.6058933540169238 2.6058933540169238 0.00029069738347268625 0.00029069738347268625 0.00029069738347268625 1 1 1 Converged Converged Converged OK OK OK 75 75 75 75 75 75 5 5 5 0 0 0 0 1 0 0 1
36 36 linear 3 0 363 0 0.0001 0.38697360733837699 0.21262042747928889 0.30491016929636877 -0.34787434400838618 -0.32180155880841832 -0.40885637786765994 0.5 0.47670819031528877 2.1728800995647433 OK 13 12 0.40703099999999998 0.40354099999999998 0.176899 0.222834 0.22514799999999999 0 0.18419699999999997 0.178393 0.176899 0.0094920000000000004 0.0095169999999999994 0.0091710000000000003 0.14942100000000008 0.14470599999999992 0.14388300000000001 0.0041399999999999996 0.003666 0.0035970000000000004 0.00088700000000000009 0.00091799999999999998 0.00092200000000000008 2.1728785415157068 2.1728785415157068 2.1728785415157068 0.00015795627838131182 0.00015795627838131182 0.00015795627838131182 1 1 1 Converged Converged Converged OK OK OK 75 75 75 75 75 75 5 5 5 0 0 0 0 0 1 0 0
36 36 linear 3 7 363 1 0.0001 0.38697360733837699 0.21262042747928889 0.30491016929636877 -0.34787434400838618 -0.32180155880841832 -0.37173687899679764 0.5 0.43958869144442647 2.2887439613383767 OK 13 12 0.38722000000000001 0.30296299999999998 0.15639 0.21901899999999999 0.14191200000000001 0 0.16820100000000002 0.16105099999999997 0.15639 0.0087950000000000007 0.0089700000000000005 0.0079089999999999994 0.138714 0.13173799999999999 0.12951399999999999 0.0039919999999999999 0.003961000000000001 0.0034859999999999999 0.00085899999999999995 0.0008789999999999999 0.00083600000000000005 2.2887424102036094 2.2887424102036094 2.2887424102036094 0.00014501701542858327 0.00014501701542858327 0.00014501701542858327 1 1 1 Converged Converged Converged OK OK OK 75 75 75 75 75 75 5 5 5 0 0 0 0 1 0 0 1
36 36 linear 3 15 363 2 0.0001 0.38697360733837699 0.21262042747928889 0.30491016929636877 -0.34787434400838618 -0.32180155880841832 -0.32931459457295503 0.5 0.39716640702058387 2.4374345975809697 OK 13 12 0.37322699999999998 0.30471399999999998 0.15698699999999999 0.209758 0.14330999999999999 0 0.16346899999999998 0.16140399999999999 0.15698699999999999 0.00843 0.0086770000000000007 0.0079170000000000004 0.13577400000000001 0.13235600000000006 0.13023299999999996 0.0033440000000000006 0.0040439999999999999 0.0035850000000000001 0.00075500000000000003 0.00082800000000000007 0.00074100000000000012 2.4374328612275313 2.4374328612275313 2.4374328612275313 0.00015148255628642571 0.00015148255628642571 0.00015148255628642571 1 1 1 Converged Converged Converged OK OK OK 75 75 75 75 75 75 5 5 5 0 0 0 0 1 0 0 1
36 36 linear 3 23 363 3 0.0001 0.38697360733837699 0.21262042747928889 0.30491016929636877 -0.34787434400838618 -0.32180155880841832 -0.28689231014911243 0.5 0.35474412259674126 2.6058939379799702 OK 13 12 0.46868100000000001 0.37729200000000002 0.23033799999999999 0.22905 0.14330499999999999 0 0.23963100000000001 0.23398700000000003 0.23033799999999999 0.0085889999999999994 0.0086719999999999992 0.0078960000000000002 0.20236899999999999 0.196155 0.19509500000000005 0.0064670000000000005 0.0067329999999999994 0.006071 0.00092099999999999994 0.00092399999999999991 0.00089499999999999996 2.6058915699797454 2.6058915699797454 2.6058915699797454 0.00010052343031796667 0.00010052343031796667 0.00010052343031796667 1 1 1 Converged Converged Converged OK OK OK 107 107 107 107 107 107 5 5 5 0 0 0 0 1 0 0 1
36 36 linear 4 0 364 0 0.001 0.38697360733837699 0.21262042747928889 0.30491016929636877 1.4462860493970751 1.2600541817800051 1.3853040155378014 0.5 -1.3174522030901725 1.0897302493128194 OK 12 11 0.28846899999999998 0.28306300000000001 0.083724999999999994 0.201155 0.19837099999999999 0 0.087313999999999975 0.084692000000000017 0.083724999999999994 0.0089519999999999999 0.0088000000000000005 0.0084919999999999995 0.058916000000000003 0.057364000000000012 0.056839000000000015 0.0030889999999999997 0.002849 0.0027850000000000001 0.00065200000000000002 0.00057399999999999997 0.00058 1.0897261662175606 1.0897261662175606 1.0897261662175606 0.00069960860326511408 0.00069960860326511408 0.00069960860326511408 1 1 1 Converged Converged Converged OK OK OK 53 53 53 53 53 53 3 3 3 0 0 0 0 0 1 0 0
36 36 linear 4 7 364 1 0.001 0.38697360733837699 0.21262042747928889 0.30491016929636877 1.4462860493970751 1.2600541817800051 1.4224235144086637 0.5 -1.3545717019610348 1.0843291181786914 OK 12 11 0.28385899999999997 0.219612 0.081046999999999994 0.19984399999999999 0.119421 0 0.084014999999999979 0.100191 0.081046999999999994 0.0081399999999999997 0.0082000000000000007 0.0076229999999999996 0.059219000000000008 0.075513999999999998 0.057178999999999994 0.002807 0.0027989999999999998 0.0029269999999999999 0.00057600000000000001 0.00062300000000000007 0.00055099999999999995 1.0843249125192918 1.0843249125192918 1.0843249125192918 0.00070629497723810456 0.00070629497723810456 0.00070629497723810456 1 1 1 Converged Converged Converged OK OK OK 53 53 53 53 53 53 3 3 3 0 0 0 0 1 0 0 1
36 36 linear 4 15 364 2 0.001 0.38697360733837699 0.21262042747928889 0.30491016929636877 1.4462860493970751 1.2600541817800051 1.4648457988325061 0.5 -1.3969939863848773 1.0784191778972196 OK 12 11 0.285358 0.21737600000000001 0.078598000000000001 0.20332900000000001 0.12599399999999999 0 0.082028999999999991 0.091382000000000019 0.078598000000000001 0.0082030000000000002 0.0082349999999999993 0.0076439999999999998 0.057065999999999999 0.066694000000000003 0.054842999999999996 0.0029459999999999998 0.002921 0.0027489999999999997 0.00058799999999999998 0.00058100000000000003 0.00054900000000000001 1.0784148741439135 1.0784148741439135 1.0784148741439135 0.00071270723090367371 0.00071270723090367371 0.00071270723090367371 1 1 1 Converged Converged Converged OK OK OK 53 53 53 53 53 53 3 3 3 0 0 0 0 1 0 0 1
36 36 linear 4 23 364 3 0.001 0.38697360733837699 0.21262042747928889 0.30491016929636877 1.4462860493970751 1.2600541817800051 1.5072680832563488 0.5 -1.4394162708087199 1.0728527597085833 OK 12 11 0.29878300000000002 0.23372299999999999 0.092108999999999996 0.202954 0.126028 0 0.095829000000000025 0.10769499999999999 0.092108999999999996 0.0089610000000000002 0.0090460000000000002 0.0084589999999999995 0.068302000000000002 0.080623000000000014 0.066271999999999984 0.0031280000000000001 0.0030460000000000001 0.0027829999999999999 0.00071900000000000002 0.00069000000000000008 0.00065600000000000012 1.0728526039180848 1.0728526039180848 1.0728526039180848 0.00029678249285681975 0.00029678249285681975 0.00029678249285681975 1 1 1 Converged Converged Converged OK OK OK 60 60 60 60 60 60 4 4 4 0 0 0 0 1 0 0 1
36 36 linear 4 0 364 0 0.0001 0.38697360733837699 0.21262042747928889 0.30491016929636877 1.4462860493970751 1.2600541817800051 1.3853040155378014 0.5 -1.3174522030901725 1.0897302493128194 OK 12 11 0.29908899999999999 0.29536699999999999 0.094503000000000004 0.19816400000000001 0.19939799999999999 0 0.10092499999999999 0.095968999999999999 0.094503000000000004 0.0090589999999999993 0.0090760000000000007 0.0087989999999999995 0.067632000000000012 0.064653000000000016 0.06408400000000003 0.0033530000000000001 0.0034220000000000001 0.0033449999999999999 0.00076300000000000001 0.0007319999999999999 0.00073299999999999993 1.0897296390260156 1.0897296390260156 1.0897296390260156 9.8502862081420776e-05 9.8502862081420776e-05 9.8502862081420776e-05 1 1 1 Converged Converged Converged OK OK OK 61 61 61 61 61 61 3 3 3 0 0 0 0 0 1 0 0
36 36 linear 4 7 364 1 0.0001 0.38697360733837699 0.21262042747928889 0.30491016929636877 1.4462860493970751 1.2600541817800051 1.4224235144086637 0.5 -1.3545717019610348 1.0843291181786914 OK 12 11 0.30438199999999999 0.23022300000000001 0.091156000000000001 0.20294599999999999 0.120064 0 0.101436 0.11015900000000001 0.091156000000000001 0.0082880000000000002 0.0081860000000000006 0.0076020000000000003 0.07339900000000002 0.082515000000000005 0.064656999999999992 0.0034789999999999995 0.0035659999999999997 0.0033829999999999997 0.00075600000000000005 0.00072600000000000008 0.00069399999999999996 1.0843284919768343 1.0843284919768343 1.0843284919768343 8.7732706017046021e-05 8.7732706017046021e-05 8.7732706017046021e-05 1 1 1 Converged Converged Converged OK OK OK 61 61 61 61 61 61 3 3 3 0 0 0 0 1 0 0 1
36 36 linear 4 15 364 2 0.0001 0.38697360733837699 0.21262042747928889 0.30491016929636877 1.4462860493970751 1.2600541817800051 1.4648457988325061 0.5 -1.3969939863848773 1.0784191778972196 OK 12 11 0.298321 0.227072 0.088534000000000002 0.20618900000000001 0.123473 0 0.092131999999999992 0.103599 0.088534000000000002 0.008208 0.0080829999999999999 0.0075700000000000003 0.064504999999999993 0.07630300000000001 0.062292000000000014 0.0033519999999999999 0.0033339999999999997 0.0031920000000000004 0.00073499999999999998 0.00072199999999999999 0.00068199999999999999 1.0784185608772248 1.0784185608772248 1.0784185608772248 7.7008887603842075e-05 7.7008887603842075e-05 7.7008887603842075e-05 1 1 1 Converged Converged Converged OK OK OK 61 61 61 61 61 61 3 3 3 0 0 0 0 1 0 0 1
36 36 linear 4 23 364 3 0.0001 0.38697360733837699 0.21262042747928889 0.30491016929636877 1.4462860493970751 1.2600541817800051 1.5072680832563488 0.5 -1.4394162708087199 1.0728527597085833 OK 12 11 0.31266500000000003 0.24193400000000001 0.100897 0.207089 0.12418899999999999 0 0.10557600000000003 0.11774500000000002 0.100897 0.009025 0.0089160000000000003 0.0084329999999999995 0.07556800000000001 0.088607000000000005 0.072877999999999998 0.0036410000000000001 0.00346 0.003189 0.00083600000000000005 0.0008250000000000001 0.00074099999999999991 1.0728521318799029 1.0728521318799029 1.0728521318799029 6.2517790180414764e-05 6.2517790180414764e-05 6.2517790180414764e-05 1 1 1 Converged Converged Converged OK OK OK 68 68 68 68 68 68 4 4 4 0 0 0 0 1 0 0 1
36 36 uniform 0 0 365 0 0.001 0.38697360733837699 0.21262042747928889 0.30491016929636877 -0.04035117524136668 -0.084379433216748956 -0.10133320910064043 0 0.16918502154826925 6.3187441038307846 OK 15 14 0.43428899999999998 0.43184499999999998 0.176813 0.25787500000000002 0.25084699999999999 0 0.17641399999999996 0.18099799999999999 0.176813 0.010803 0.011214999999999999 0.010913000000000001 0.13773199999999997 0.14054099999999997 0.13810299999999995 0.0036929999999999997 0.004764 0.0040249999999999999 0.0009859999999999999 0.0010589999999999998 0.00095199999999999994 6.3186952544832726 6.3186952544832726 6.3186952544832726 0.005659269949645611 0.005659269949645611 0.005659269949645611 1 1 1 Converged Converged Converged OK OK OK 96 96 96 96 96 96 8 8 8 0 0 0 0 0 1 0 0
36 36 uniform 0 7 365 1 0.001 0.38697360733837699 0.21262042747928889 0.30491016929636877 -0.04035117524136668 -0.084379433216748956 -0.064213710229778148 0 0.13206552267740695 6.4326717846017969 OK 14 13 0.37420399999999998 0.30808099999999999 0.15537400000000001 0.218915 0.150508 0 0.15528899999999998 0.15757299999999999 0.15537400000000001 0.0096109999999999998 0.0098720000000000006 0.0093589999999999993 0.124171 0.12572900000000001 0.12218300000000003 0.0041060000000000003 0.0044819999999999999 0.0076179999999999998 0.001021 0.00097900000000000005 0.00095199999999999994 6.4326833566697958 6.4326833566697958 6.4326833566697958 0.0017824288073959545 0.0017824288073959545 0.0017824288073959545 1 1 1 Converged Converged Converged OK OK OK 89 89 89 89 89 89 7 7 7 0 0 0 0 1 0 0 1
36 36 uniform 0 15 365 2 0.001 0.38697360733837699 0.21262042747928889 0.30491016929636877 -0.04035117524136668 -0.084379433216748956 -0.021791425805935533 0 0.08964323825356435 6.4984919940073818 OK 14 13 0.39003900000000002 0.31900099999999998 0.14499200000000001 0.23955099999999999 0.16988500000000001 0 0.15048800000000004 0.14911599999999997 0.14499200000000001 0.0092860000000000009 0.0095169999999999994 0.0087829999999999991 0.12256199999999995 0.12031099999999999 0.11794099999999999 0.0033449999999999994 0.0037469999999999995 0.0033649999999999999 0.0007980000000000001 0.00095699999999999995 0.00082900000000000009 6.498609174326563 6.498609174326563 6.498609174326563 0.0049546675650248926 0.0049546675650248926 0.0049546675650248926 1 1 1 Converged Converged Converged OK OK OK 82 82 82 82 82 82 6 6 6 0 0 0 0 1 0 0 1
36 36 uniform 0 23 365 3 0.001 0.38697360733837699 0.21262042747928889 0.30491016929636877 -0.04035117524136668 -0.084379433216748956 0.020630858617907075 0 0.047220953829721746 6.4989894528590701 OK 13 12 0.34565099999999999 0.28469100000000003 0.14518700000000001 0.19847899999999999 0.132304 0 0.147172 0.15238700000000002 0.14518700000000001 0.00941 0.0097420000000000007 0.0089829999999999997 0.119479 0.12245399999999999 0.11812200000000003 0.003264 0.0042259999999999997 0.0033239999999999997 0.00074700000000000005 0.00087200000000000005 0.000767 6.4990738715253755 6.4990738715253755 6.4990738715253755 0.0047194236079861696 0.0047194236079861696 0.0047194236079861696 1 1 1 Converged Converged Converged OK OK OK 82 82 82 82 82 82 6 6 6 0 0 0 0 1 0 0 1
36 36 uniform 0 0 365 0 0.0001 0.38697360733837699 0.21262042747928889 0.30491016929636877 -0.04035117524136668 -0.084379433216748956 -0.10133320910064043 0 0.16918502154826925 6.3187441038307846 OK 15 14 0.47722599999999998 0.47744300000000001 0.21770600000000001 0.26034099999999999 0.25714399999999998 0 0.21688499999999999 0.22029900000000002 0.21770600000000001 0.011133000000000001 0.011164 0.01108 0.16812799999999994 0.17019599999999996 0.16866100000000001 0.0052969999999999996 0.0060759999999999998 0.0056259999999999999 0.0013560000000000002 0.0013270000000000001 0.001333 6.318749005309618 6.318749005309618 6.318749005309618 0.00058271315457066085 0.00058271315457066085 0.00058271315457066085 1 1 1 Converged Converged Converged OK OK OK 128 128 128 128 128 128 8 8 8 0 0 0 0 0 1 0 0
36 36 uniform 0 7 365 1 0.0001 0.38697360733837699 0.21262042747928889 0.30491016929636877 -0.04035117524136668 -0.084379433216748956 -0.064213710229778148 0 0.13206552267740695 6.4326717846017969 OK 14 13 0.40871099999999999 0.34247699999999998 0.18559600000000001 0.217193 0.14953900000000001 0 0.19151799999999999 0.19293799999999997 0.18559600000000001 0.01034 0.0096670000000000002 0.0093299999999999998 0.15330599999999994 0.15556399999999995 0.15110699999999999 0.0058440000000000002 0.0061439999999999993 0.004993 0.001359 0.0013089999999999998 0.0011440000000000001 6.432670366401112 6.432670366401112 6.432670366401112 0.00050252044384493488 0.00050252044384493488 0.00050252044384493488 1 1 1 Converged Converged Converged OK OK OK 113 113 113 113 113 113 7 7 7 0 0 0 0 1 0 0 1
36 36 uniform 0 15 365 2 0.0001 0.38697360733837699 0.21262042747928889 0.30491016929636877 -0.04035117524136668 -0.084379433216748956 -0.021791425805935533 0 0.08964323825356435 6.4984919940073818 OK 14 13 0.461648 0.39183600000000002 0.21401300000000001 0.242118 0.17354900000000001 0 0.21953 0.21828700000000001 0.21401300000000001 0.0097260000000000003 0.0096340000000000002 0.0088179999999999994 0.17659199999999986 0.17679699999999998 0.17476399999999995 0.0077759999999999999 0.0073309999999999998 0.0064939999999999998 0.0012340000000000001 0.0011869999999999999 0.0011569999999999998 6.498493643032683 6.498493643032683 6.498493643032683 0.00047289865592440368 0.00047289865592440368 0.00047289865592440368 1 1 1 Converged Converged Converged OK OK OK 130 130 130 130 130 130 6 6 6 0 0 0 0 1 0 0 1
36 36 uniform 0 23 365 3 0.0001 0.38697360733837699 0.21262042747928889 0.30491016929636877 -0.04035117524136668 -0.084379433216748956 0.020630858617907075 0 0.047220953829721746 6.4989894528590701 OK 13 12 0.42632599999999998 0.35514200000000001 0.21406800000000001 0.205817 0.13155900000000001 0 0.22050899999999998 0.223583 0.21406800000000001 0.0098259999999999997 0.0098440000000000003 0.0092160000000000002 0.17981500000000009 0.18357599999999988 0.176401 0.0077579999999999993 0.007365 0.0065279999999999999 0.0011459999999999999 0.0011630000000000002 0.0010250000000000001 6.4989903513728704 6.4989903513728704 6.4989903513728704 0.00045458527022188016 0.00045458527022188016 0.00045458527022188016 1 1 1 Converged Converged Converged OK OK OK 130 130 130 130 130 130 6 6 6 0 0 0 0 1 0 0 1
36 36 uniform 1 0 366 0 0.001 0.38697360733837699 0.21262042747928889 0.30491016929636877 1.5967836314044705 1.8194956447166211 1.5358015975451969 0 -1.467949785097568 1.0935940168831151 OK 12 11 0.27210099999999998 0.27296999999999999 0.065125000000000002 0.20641100000000001 0.20280899999999999 0 0.065689999999999971 0.070161000000000001 0.065125000000000002 0.0065649999999999997 0.0067200000000000003 0.0064679999999999998 0.045639000000000006 0.049751999999999998 0.045713000000000004 0.0016680000000000002 0.001658 0.00167 0.00043800000000000002 0.00044500000000000003 0.00042000000000000002 1.093596518740487 1.093596518740487 1.093596518740487 0.00077338679912025362 0.00077338679912025362 0.00077338679912025362 1 1 1 Converged Converged Converged OK OK OK 50 50 50 50 50 50 6 6 6 0 0 0 0 0 1 0 0
36 36 uniform 1 7 366 1 0.001 0.38697360733837699 0.21262042747928889 0.30491016929636877 1.5967836314044705 1.8194956447166211 1.5729210964160592 0 -1.5050692839684303 1.089008316857067 OK 12 11 0.26152199999999998 0.18193599999999999 0.059015999999999999 0.19725699999999999 0.115492 0 0.064264999999999989 0.066443999999999989 0.059015999999999999 0.0059049999999999997 0.0060140000000000002 0.0054860000000000004 0.047151999999999999 0.049318000000000001 0.043121999999999994 0.0016999999999999999 0.0017390000000000001 0.0016169999999999999 0.00045100000000000001 0.00046799999999999999 0.00041599999999999997 1.0890117051800452 1.0890117051800452 1.0890117051800452 0.00085015099516692015 0.00085015099516692015 0.00085015099516692015 1 1 1 Converged Converged Converged OK OK OK 50 50 50 50 50 50 6 6 6 0 0 0 0 1 0 0 1
36 36 uniform 1 15 366 2 0.001 0.38697360733837699 0.21262042747928889 0.30491016929636877 1.5967836314044705 1.8194956447166211 1.6153433808399016 0 -1.5474915683922728 1.0830527437188091 OK 12 11 0.26340200000000003 0.18678500000000001 0.064268000000000006 0.197602 0.11450100000000001 0 0.065800000000000025 0.072284000000000001 0.064268000000000006 0.0060020000000000004 0.0059620000000000003 0.0055389999999999997 0.047528000000000001 0.054147000000000008 0.047040000000000005 0.001792 0.0018060000000000001 0.0017430000000000002 0.00054100000000000003 0.00053499999999999999 0.00053899999999999998 1.0830567014360868 1.0830567014360868 1.0830567014360868 0.00073605351874769798 0.00073605351874769798 0.00073605351874769798 1 1 1 Converged Converged Converged OK OK OK 51 51 51 51 51 51 5 5 5 0 0 0 0 1 0 0 1
36 36 uniform 1 23 366 3 0.001 0.38697360733837699 0.21262042747928889 0.30491016929636877 1.5967836314044705 1.8194956447166211 1.6577656652637442 0 -1.5899138528161154 1.0760941200272796 OK 12 11 0.26952999999999999 0.18965199999999999 0.067221000000000003 0.20139099999999999 0.11552 0 0.068139000000000005 0.07413199999999999 0.067221000000000003 0.0057819999999999998 0.0059100000000000003 0.0055009999999999998 0.052316999999999989 0.058227000000000001 0.052292000000000012 0.0014339999999999999 0.001523 0.0014300000000000001 0.00036700000000000003 0.00041399999999999998 0.00035399999999999999 1.0760892916411215 1.0760892916411215 1.0760892916411215 0.00087833655947142867 0.00087833655947142867 0.00087833655947142867 1 1 1 Converged Converged Converged OK OK OK 43 43 43 43 43 43 5 5 5 0 0 0 0 1 0 0 1
36 36 uniform 1 0 366 0 0.0001 0.38697360733837699 0.21262042747928889 0.30491016929636877 1.5967836314044705 1.8194956447166211 1.5358015975451969 0 -1.467949785097568 1.0935940168831151 OK 12 11 0.31210700000000002 0.31301000000000001 0.100413 0.20974400000000001 0.208284 0 0.10236300000000001 0.10472600000000001 0.100413 0.0069709999999999998 0.006862 0.0066559999999999996 0.069186000000000011 0.069079000000000015 0.068814999999999987 0.0037580000000000001 0.0073169999999999997 0.0035789999999999997 0.0010249999999999999 0.00087500000000000013 0.00087299999999999997 1.0935939899222877 1.0935939899222877 1.0935939899222877 1.1437048503296415e-05 1.1437048503296415e-05 1.1437048503296415e-05 1 1 1 Converged Converged Converged OK OK OK 82 82 82 82 82 82 6 6 6 0 0 0 0 0 1 0 0
36 36 uniform 1 7 366 1 0.0001 0.38697360733837699 0.21262042747928889 0.30491016929636877 1.5967836314044705 1.8194956447166211 1.5729210964160592 0 -1.5050692839684303 1.089008316857067 OK 12 11 0.29253099999999999 0.22048400000000001 0.091881000000000004 0.199681 0.11522499999999999 0 0.092849999999999988 0.10525900000000002 0.091881000000000004 0.0059480000000000002 0.0059490000000000003 0.0055129999999999997 0.067249000000000017 0.080108999999999986 0.067443000000000003 0.003173 0.0031110000000000001 0.0031449999999999998 0.00089700000000000012 0.00090200000000000002 0.00091500000000000001 1.0890083358723623 1.0890083358723623 1.0890083358723623 1.5212618531192906e-05 1.5212618531192906e-05 1.5212618531192906e-05 1 1 1 Converged Converged Converged OK OK OK 82 82 82 82 82 82 6 6 6 0 0 0 0 1 0 0 1
36 36 uniform 1 15 366 2 0.0001 0.38697360733837699 0.21262042747928889 0.30491016929636877 1.5967836314044705 1.8194956447166211 1.6153433808399016 0 -1.5474915683922728 1.0830527437188091 OK 12 11 0.30002299999999998 0.226993 0.096763000000000002 0.200687 0.11627 0 0.09933599999999998 0.110723 0.096763000000000002 0.0060239999999999998 0.0059519999999999998 0.0056490000000000004 0.071264000000000008 0.083092999999999972 0.070414000000000032 0.0035979999999999996 0.003441 0.0033289999999999999 0.001042 0.00099199999999999983 0.00093499999999999996 1.0830525997349512 1.0830525997349512 1.0830525997349512 2.1555941460826381e-05 2.1555941460826381e-05 2.1555941460826381e-05 1 1 1 Converged Converged Converged OK OK OK 83 83 83 83 83 83 5 5 5 0 0 0 0 1 0 0 1
36 36 uniform 1 23 366 3 0.0001 0.38697360733837699 0.21262042747928889 0.30491016929636877 1.5967836314044705 1.8194956447166211 1.6577656652637442 0 -1.5899138528161154 1.0760941200272796 OK 12 11 0.30940200000000001 0.246397 0.10829900000000001 0.19933699999999999 0.117924 0 0.11006500000000002 0.128473 0.10829900000000001 0.0058789999999999997 0.0058799999999999998 0.0055339999999999999 0.084179000000000018 0.10198900000000007 0.083581000000000016 0.0032959999999999999 0.0037690000000000002 0.0032749999999999993 0.00088600000000000018 0.0009810000000000001 0.00090800000000000006 1.0760937464673959 1.0760937464673959 1.0760937464673959 5.9999108304306874e-05 5.9999108304306874e-05 5.9999108304306874e-05 1 1 1 Converged Converged Converged OK OK OK 83 83 83 83 83 83 5 5 5 0 0 0 0 1 0 0 1
36 36 uniform 2 0 367 0 0.001 0.38697360733837699 0.21262042747928889 0.30491016929636877 1.4526573653312362 -1.5224299094279603 1.3916753314719625 0 -1.3238235190243337 1.1045095242403877 OK 13 12 0.30610300000000001 0.31235299999999999 0.088459999999999997 0.216471 0.218809 0 0.089632000000000017 0.093543999999999988 0.088459999999999997 0.010191 0.013812 0.0097429999999999999 0.064065999999999984 0.06414000000000003 0.063882999999999981 0.0019840000000000001 0.0019240000000000001 0.0019170000000000001 0.00044400000000000006 0.00041300000000000001 0.00041300000000000001 1.1044907651914369 1.1044907651914369 1.1044907651914369 0.0010542027668458043 0.0010542027668458043 0.0010542027668458043 1 1 1 Converged Converged Converged OK OK OK 50 50 50 50 50 50 6 6 6 0 0 0 0 0 1 0 0
36 36 uniform 2 7 367 1 0.001 0.38697360733837699 0.21262042747928889 0.30491016929636877 1.4526573653312362 -1.5224299094279603 1.4287948303428248 0 -1.360943017895196 1.1005529236362874 OK 13 12 0.35667599999999999 0.28740100000000002 0.098792000000000005 0.25502200000000003 0.17604900000000001 0 0.10165399999999997 0.11135200000000001 0.098792000000000005 0.0086280000000000003 0.0086130000000000009 0.0080230000000000006 0.073625000000000024 0.083808999999999967 0.071988999999999984 0.0030739999999999999 0.0031149999999999997 0.0031809999999999998 0.00056400000000000005 0.00057899999999999998 0.00052300000000000003 1.1005306354404605 1.1005306354404605 1.1005306354404605 0.00076091370454686887 0.00076091370454686887 0.00076091370454686887 1 1 1 Converged Converged Converged OK OK OK 66 66 66 66 66 66 6 6 6 0 0 0 0 1 0 0 1
36 36 uniform 2 15 367 2 0.001 0.38697360733837699 0.21262042747928889 0.30491016929636877 1.4526573653312362 -1.5224299094279603 1.4712171147666673 0 -1.4033653023190384 1.0944953241129087 OK 13 12 0.30980000000000002 0.23074900000000001 0.092296000000000003 0.21184600000000001 0.12714600000000001 0 0.097954000000000013 0.103603 0.092296000000000003 0.0089929999999999993 0.0091190000000000004 0.008319 0.074277999999999997 0.080103999999999981 0.070365999999999998 0.0022849999999999997 0.002349 0.002196 0.00058799999999999998 0.00059400000000000002 0.00058 1.0944579375445327 1.0944579375445327 1.0944579375445327 0.00098256982221470168 0.00098256982221470168 0.00098256982221470168 1 1 1 Converged Converged Converged OK OK OK 51 51 51 51 51 51 5 5 5 0 0 0 0 1 0 0 1
36 36 uniform 2 23 367 3 0.001 0.38697360733837699 0.21262042747928889 0.30491016929636877 1.4526573653312362 -1.5224299094279603 1.5136393991905099 0 -1.4457875867428811 1.0860438434161059 OK 13 12 0.292906 0.21961 0.082570000000000005 0.20762900000000001 0.12617800000000001 0 0.085276999999999992 0.093431999999999987 0.082570000000000005 0.0090530000000000003 0.009162 0.0083549999999999996 0.061344999999999997 0.069866000000000011 0.060428000000000009 0.0023969999999999998 0.0023960000000000001 0.0023150000000000002 0.00063500000000000004 0.00064999999999999997 0.00055500000000000005 1.0860518552204002 1.0860518552204002 1.0860518552204002 0.00061391741763806688 0.00061391741763806688 0.00061391741763806688 1 1 1 Converged Converged Converged OK OK OK 51 51 51 51 51 51 5 5 5 0 0 0 0 1 0 0 1
36 36 uniform 2 0 367 0 0.0001 0.38697360733837699 0.21262042747928889 0.30491016929636877 1.4526573653312362 -1.5224299094279603 1.3916753314719625 0 -1.3238235190243337 1.1045095242403877 OK 13 12 0.36571100000000001 0.36650100000000002 0.14335899999999999 0.221495 0.22212699999999999 0 0.14421600000000001 0.14437400000000003 0.14335899999999999 0.0099299999999999996 0.010004000000000001 0.0098519999999999996 0.10285499999999996 0.10329399999999998 0.10277999999999998 0.0039589999999999998 0.0040460000000000001 0.0041019999999999997 0.0011039999999999999 0.001054 0.0010059999999999999 1.1044871613944531 1.1044871613944531 1.1044871613944531 7.5339698230308496e-05 7.5339698230308496e-05 7.5339698230308496e-05 1 1 1 Converged Converged Converged OK OK OK 90 90 90 90 90 90 6 6 6 0 0 0 0 0 1 0 0
36 36 uniform 2 7 367 1 0.0001 0.38697360733837699 0.21262042747928889 0.30491016929636877 1.4526573653312362 -1.5224299094279603 1.4287948303428248 0 -1.360943017895196 1.1005529236362874 OK 13 12 0.39725700000000003 0.336312 0.137486 0.25873499999999999 0.181335 0 0.13852200000000003 0.154977 0.137486 0.0086300000000000005 0.0086370000000000006 0.0080829999999999999 0.10204000000000001 0.11864799999999999 0.10183699999999998 0.0043489999999999996 0.0044310000000000009 0.0046190000000000007 0.0010709999999999999 0.001078 0.001062 1.1005500212510424 1.1005500212510424 1.1005500212510424 5.9591658075083608e-05 5.9591658075083608e-05 5.9591658075083608e-05 1 1 1 Converged Converged Converged OK OK OK 98 98 98 98 98 98 6 6 6 0 0 0 0 1 0 0 1
36 36 uniform 2 15 367 2 0.0001 0.38697360733837699 0.21262042747928889 0.30491016929636877 1.4526573653312362 -1.5224299094279603 1.4712171147666673 0 -1.4033653023190384 1.0944953241129087 OK 13 12 0.348854 0.28600900000000001 0.133961 0.21211099999999999 0.13093099999999999 0 0.136743 0.15507800000000002 0.133961 0.0089770000000000006 0.0088999999999999999 0.0083669999999999994 0.10176600000000001 0.12046499999999999 0.10107400000000002 0.0044100000000000007 0.0045009999999999998 0.0041919999999999995 0.0011770000000000001 0.0011940000000000002 0.0011419999999999998 1.0944864894398565 1.0944864894398565 1.0944864894398565 9.1178617884392861e-05 9.1178617884392861e-05 9.1178617884392861e-05 1 1 1 Converged Converged Converged OK OK OK 91 91 91 91 91 91 5 5 5 0 0 0 0 1 0 0 1
36 36 uniform 2 23 367 3 0.0001 0.38697360733837699 0.21262042747928889 0.30491016929636877 1.4526573653312362 -1.5224299094279603 1.5136393991905099 0 -1.4457875867428811 1.0860438434161059 OK 13 12 0.33504099999999998 0.27077400000000001 0.122303 0.20962800000000001 0.128085 0 0.12541299999999997 0.14268900000000001 0.122303 0.0091079999999999998 0.0090069999999999994 0.008482 0.092125000000000082 0.11011100000000001 0.090960000000000027 0.0043269999999999992 0.0041580000000000002 0.003908 0.001093 0.00099099999999999991 0.00095399999999999999 1.086043812742681 1.086043812742681 1.086043812742681 3.5415574288869232e-05 3.5415574288869232e-05 3.5415574288869232e-05 1 1 1 Converged Converged Converged OK OK OK 83 83 83 83 83 83 5 5 5 0 0 0 0 1 0 0 1
36 36 uniform 3 0 368 0 0.001 0.38697360733837699 0.21262042747928889 0.30491016929636877 -0.34787434400838618 -0.32180155880841832 -0.40885637786765994 0 0.47670819031528877 2.18234210717437 OK 13 12 0.34294400000000003 0.34678500000000001 0.124069 0.222577 0.22289800000000001 0 0.12036700000000003 0.123887 0.124069 0.0098150000000000008 0.0094020000000000006 0.0089980000000000008 0.090582999999999997 0.094966999999999996 0.08989599999999999 0.0027119999999999996 0.0025970000000000003 0.0025770000000000003 0.00068099999999999996 0.00076600000000000008 0.00064499999999999996 2.182345342423361 2.182345342423361 2.182345342423361 0.001054585656977062 0.001054585656977062 0.001054585656977062 1 1 1 Converged Converged Converged OK OK OK 59 59 59 59 59 59 5 5 5 0 0 0 0 0 1 0 0
36 36 uniform 3 7 368 1 0.001 0.38697360733837699 0.21262042747928889 0.30491016929636877 -0.34787434400838618 -0.32180155880841832 -0.37173687899679764 0 0.43958869144442647 2.3004528425436401 OK 13 12 0.32755000000000001 0.24537700000000001 0.100276 0.22049299999999999 0.14269799999999999 0 0.10705700000000001 0.10267900000000002 0.100276 0.0086999999999999994 0.0085450000000000005 0.0080110000000000008 0.081904999999999992 0.078215000000000007 0.076694999999999999 0.0026819999999999999 0.0026720000000000003 0.0025119999999999999 0.00066500000000000001 0.00066299999999999985 0.00066399999999999999 2.3004616555474979 2.3004616555474979 2.3004616555474979 0.0017065692082978716 0.0017065692082978716 0.0017065692082978716 1 1 1 Converged Converged Converged OK OK OK 59 59 59 59 59 59 5 5 5 0 0 0 0 1 0 0 1
36 36 uniform 3 15 368 2 0.001 0.38697360733837699 0.21262042747928889 0.30491016929636877 -0.34787434400838618 -0.32180155880841832 -0.32931459457295503 0 0.39716640702058387 2.4525983701149121 OK 13 12 0.345059 0.27653699999999998 0.132492 0.209957 0.14166200000000001 0 0.135102 0.13487499999999997 0.132492 0.0085690000000000002 0.0085730000000000008 0.0079719999999999999 0.10574399999999996 0.10632299999999999 0.10485100000000006 0.0035239999999999998 0.0033050000000000002 0.003284 0.00082899999999999988 0.00077200000000000001 0.00076400000000000014 2.4525984003711003 2.4525984003711003 2.4525984003711003 0.00015517291221629954 0.00015517291221629954 0.00015517291221629954 1 1 1 Converged Converged Converged OK OK OK 75 75 75 75 75 75 5 5 5 0 0 0 0 1 0 0 1
36 36 uniform 3 23 368 3 0.001 0.38697360733837699 0.21262042747928889 0.30491016929636877 -0.34787434400838618 -0.32180155880841832 -0.28689231014911243 0 0.35474412259674126 2.625856415252116 OK 13 12 0.36180200000000001 0.27707100000000001 0.13253499999999999 0.22661899999999999 0.14227699999999999 0 0.13518300000000003 0.13479400000000002 0.13253499999999999 0.0085889999999999994 0.0086119999999999999 0.0078480000000000008 0.10693800000000002 0.107071 0.10602999999999996 0.0035279999999999999 0.0036340000000000001 0.00331 0.00080199999999999987 0.00077899999999999996 0.00079699999999999997 2.6258592465394188 2.6258592465394188 2.6258592465394188 0.00040882087497589068 0.00040882087497589068 0.00040882087497589068 1 1 1 Converged Converged Converged OK OK OK 75 75 75 75 75 75 5 5 5 0 0 0 0 1 0 0 1
36 36 uniform 3 0 368 0 0.0001 0.38697360733837699 0.21262042747928889 0.30491016929636877 -0.34787434400838618 -0.32180155880841832 -0.40885637786765994 0 0.47670819031528877 2.18234210717437 OK 13 12 0.37520599999999998 0.373552 0.149565 0.22209899999999999 0.222166 0 0.15310699999999999 0.15138599999999999 0.149565 0.0097820000000000008 0.0095139999999999999 0.0090060000000000001 0.118518 0.11827099999999999 0.11748400000000003 0.003849 0.003411 0.0032999999999999995 0.00079500000000000003 0.00077200000000000012 0.00073399999999999995 2.1823419891443674 2.1823419891443674 2.1823419891443674 0.00012212755188093242 0.00012212755188093242 0.00012212755188093242 1 1 1 Converged Converged Converged OK OK OK 75 75 75 75 75 75 5 5 5 0 0 0 0 0 1 0 0
36 36 uniform 3 7 368 1 0.0001 0.38697360733837699 0.21262042747928889 0.30491016929636877 -0.34787434400838618 -0.32180155880841832 -0.37173687899679764 0 0.43958869144442647 2.3004528425436401 OK 13 12 0.352904 0.274059 0.13059000000000001 0.219226 0.141321 0 0.13367799999999999 0.13273799999999999 0.13059000000000001 0.0085909999999999997 0.0086569999999999998 0.0079380000000000006 0.104993 0.10507099999999998 0.10387500000000001 0.0037439999999999999 0.0033870000000000003 0.00348 0.00079099999999999993 0.00074300000000000006 0.00074200000000000004 2.3004528216605906 2.3004528216605906 2.3004528216605906 0.0001196216714303032 0.0001196216714303032 0.0001196216714303032 1 1 1 Converged Converged Converged OK OK OK 75 75 75 75 75 75 5 5 5 0 0 0 0 1 0 0 1
36 36 uniform 3 15 368 2 0.0001 0.38697360733837699 0.21262042747928889 0.30491016929636877 -0.34787434400838618 -0.32180155880841832 -0.32931459457295503 0 0.39716640702058387 2.4525983701149121 OK 13 12 0.34567700000000001 0.27702300000000002 0.131545 0.21116499999999999 0.14316300000000001 0 0.13451200000000002 0.13386000000000001 0.131545 0.0086379999999999998 0.0085920000000000007 0.0079629999999999996 0.10622200000000004 0.10635600000000001 0.105091 0.0034370000000000004 0.0033360000000000004 0.0032079999999999999 0.000727 0.00071400000000000012 0.00070899999999999999 2.4525984003711003 2.4525984003711003 2.4525984003711003 0.00015517291221629954 0.00015517291221629954 0.00015517291221629954 1 1 1 Converged Converged Converged OK OK OK 75 75 75 75 75 75 5 5 5 0 0 0 0 1 0 0 1
36 36 uniform 3 23 368 3 0.0001 0.38697360733837699 0.21262042747928889 0.30491016929636877 -0.34787434400838618 -0.32180155880841832 -0.28689231014911243 0 0.35474412259674126 2.625856415252116 OK 13 12 0.41991200000000001 0.33706599999999998 0.19069900000000001 0.22569500000000001 0.14404 0 0.194217 0.19302599999999998 0.19069900000000001 0.0085649999999999997 0.0086210000000000002 0.0078810000000000009 0.15708599999999998 0.15642900000000001 0.15550600000000006 0.0060899999999999999 0.0062180000000000004 0.0059690000000000003 0.00093300000000000002 0.00093099999999999997 0.00089900000000000006 2.6258562731440671 2.6258562731440671 2.6258562731440671 9.1979062931134148e-05 9.1979062931134148e-05 9.1979062931134148e-05 1 1 1 Converged Converged Converged OK OK OK 107 107 107 107 107 107 5 5 5 0 0 0 0 1 0 0 1
36 36 uniform 4 0 369 0 0.001 0.38697360733837699 0.21262042747928889 0.30491016929636877 1.4462860493970751 1.2600541817800051 1.3853040155378014 0 -1.3174522030901725 1.0900946648818335 OK 12 11 0.25626599999999999 0.25838299999999997 0.056795999999999999 0.19896800000000001 0.20032800000000001 0 0.057297999999999988 0.058054999999999968 0.056795999999999999 0.0086300000000000005 0.0091210000000000006 0.0085859999999999999 0.035788999999999994 0.036108000000000001 0.035671999999999995 0.001719 0.0017699999999999999 0.001748 0.00045100000000000001 0.00048900000000000007 0.000466 1.0900939136646737 1.0900939136646737 1.0900939136646737 0.00095363998726901735 0.00095363998726901735 0.00095363998726901735 1 1 1 Converged Converged Converged OK OK OK 37 37 37 37 37 37 3 3 3 0 0 0 0 0 1 0 0
36 36 uniform 4 7 369 1 0.001 0.38697360733837699 0.21262042747928889 0.30491016929636877 1.4462860493970751 1.2600541817800051 1.4224235144086637 0 -1.3545717019610348 1.0847045481867117 OK 12 11 0.258635 0.18612899999999999 0.054877000000000002 0.202546 0.121445 0 0.056089 0.064683999999999992 0.054877000000000002 0.0080789999999999994 0.0081890000000000001 0.0076169999999999996 0.036477000000000002 0.045012000000000003 0.036123999999999996 0.001719 0.0017460000000000002 0.001781 0.00043099999999999996 0.00048799999999999999 0.00041799999999999997 1.0847037716257888 1.0847037716257888 1.0847037716257888 0.00096848591378807455 0.00096848591378807455 0.00096848591378807455 1 1 1 Converged Converged Converged OK OK OK 37 37 37 37 37 37 3 3 3 0 0 0 0 1 0 0 1
36 36 uniform 4 15 369 2 0.001 0.38697360733837699 0.21262042747928889 0.30491016929636877 1.4462860493970751 1.2600541817800051 1.4648457988325061 0 -1.3969939863848773 1.0787894141070593 OK 12 11 0.25657099999999999 0.18369199999999999 0.051187999999999997 0.20364199999999999 0.122004 0 0.052929000000000004 0.061687999999999993 0.051187999999999997 0.0081329999999999996 0.0081910000000000004 0.0075700000000000003 0.033073000000000005 0.042006000000000002 0.032434999999999999 0.0018059999999999999 0.0018109999999999999 0.0017600000000000001 0.00047100000000000001 0.00044000000000000002 0.00042000000000000002 1.0787886107601508 1.0787886107601508 1.0787886107601508 0.0009834574159291818 0.0009834574159291818 0.0009834574159291818 1 1 1 Converged Converged Converged OK OK OK 37 37 37 37 37 37 3 3 3 0 0 0 0 1 0 0 1
36 36 uniform 4 23 369 3 0.001 0.38697360733837699 0.21262042747928889 0.30491016929636877 1.4462860493970751 1.2600541817800051 1.5072680832563488 0 -1.4394162708087199 1.0732030313154726 OK 12 11 0.26810499999999998 0.20205600000000001 0.064458000000000001 0.20222499999999999 0.12674099999999999 0 0.065879999999999994 0.075315000000000021 0.064458000000000001 0.0090010000000000003 0.0089820000000000004 0.0083429999999999997 0.044163000000000015 0.053590999999999993 0.043769000000000002 0.0018119999999999998 0.0019779999999999997 0.001859 0.00053400000000000008 0.00054100000000000003 0.00053299999999999995 1.073203813697317 1.073203813697317 1.073203813697317 0.00051442010516935621 0.00051442010516935621 0.00051442010516935621 1 1 1 Converged Converged Converged OK OK OK 44 44 44 44 44 44 4 4 4 0 0 0 0 1 0 0 1
36 36 uniform 4 0 369 0 0.0001 0.38697360733837699 0.21262042747928889 0.30491016929636877 1.4462860493970751 1.2600541817800051 1.3853040155378014 0 -1.3174522030901725 1.0900946648818335 OK 12 11 0.287215 0.28321200000000002 0.082525000000000001 0.20419100000000001 0.199659 0 0.083023999999999987 0.083553000000000016 0.082525000000000001 0.0088959999999999994 0.0091739999999999999 0.0087159999999999998 0.052343999999999995 0.052382000000000019 0.052242000000000018 0.0030829999999999998 0.0032239999999999994 0.0030800000000000003 0.00069999999999999999 0.00071899999999999991 0.00072900000000000005 1.0900946587252187 1.0900946587252187 1.0900946587252187 2.8059339057280563e-05 2.8059339057280563e-05 2.8059339057280563e-05 1 1 1 Converged Converged Converged OK OK OK 61 61 61 61 61 61 3 3 3 0 0 0 0 0 1 0 0
36 36 uniform 4 7 369 1 0.0001 0.38697360733837699 0.21262042747928889 0.30491016929636877 1.4462860493970751 1.2600541817800051 1.4224235144086637 0 -1.3545717019610348 1.0847045481867117 OK 12 11 0.28188000000000002 0.221193 0.079160999999999995 0.20144599999999999 0.120015 0 0.080434000000000033 0.101178 0.079160999999999995 0.0081860000000000006 0.0082640000000000005 0.0078790000000000006 0.052955000000000009 0.073523000000000005 0.052749999999999977 0.0031570000000000001 0.0032889999999999998 0.0030790000000000001 0.00067800000000000011 0.00069700000000000003 0.00072399999999999993 1.0847045414141243 1.0847045414141243 1.0847045414141243 2.5424350914836871e-05 2.5424350914836871e-05 2.5424350914836871e-05 1 1 1 Converged Converged Converged OK OK OK 61 61 61 61 61 61 3 3 3 0 0 0 0 1 0 0 1
36 36 uniform 4 15 369 2 0.0001 0.38697360733837699 0.21262042747928889 0.30491016929636877 1.4462860493970751 1.2600541817800051 1.4648457988325061 0 -1.3969939863848773 1.0787894141070593 OK 12 11 0.28299299999999999 0.216506 0.076316999999999996 0.204654 0.124773 0 0.078338999999999992 0.091733000000000009 0.076316999999999996 0.0082050000000000005 0.0081810000000000008 0.0077130000000000002 0.050833000000000003 0.064501000000000003 0.050151000000000001 0.0031670000000000001 0.0031099999999999999 0.0029899999999999996 0.00071299999999999998 0.00068999999999999997 0.00066999999999999991 1.0787894066395096 1.0787894066395096 1.0787894066395096 2.3096680685044293e-05 2.3096680685044293e-05 2.3096680685044293e-05 1 1 1 Converged Converged Converged OK OK OK 61 61 61 61 61 61 3 3 3 0 0 0 0 1 0 0 1
36 36 uniform 4 23 369 3 0.0001 0.38697360733837699 0.21262042747928889 0.30491016929636877 1.4462860493970751 1.2600541817800051 1.5072680832563488 0 -1.4394162708087199 1.0732030313154726 OK 12 11 0.292763 0.231793 0.087118000000000001 0.20355500000000001 0.12367 0 0.089207999999999982 0.108123 0.087118000000000001 0.0089999999999999993 0.0089359999999999995 0.0083129999999999992 0.05989199999999998 0.07894000000000001 0.059476999999999995 0.0032520000000000001 0.0032959999999999995 0.0030110000000000002 0.00079799999999999988 0.00080999999999999996 0.0007670000000000001 1.0732030244879049 1.0732030244879049 1.0732030244879049 2.1547773578892796e-05 2.1547773578892796e-05 2.1547773578892796e-05 1 1 1 Converged Converged Converged OK OK OK 68 68 68 68 68 68 4 4 4 0 0 0 0 1 0 0 1
37 37 linear 0 0 370 0 0.001 0.8119388771424555 0.00027302838820758042 0.000105356088426106 0.42075280923309594 -0.028670101090865929 0.42073173801541069 0.5 -0.42051011616151895 8.4295670981007458 OK 14 13 0.78851499999999997 0.78306200000000004 0.18521899999999999 0.59931900000000005 0.59958800000000001 0 0.18919599999999992 0.18347400000000003 0.18521899999999999 0.039824999999999999 0.038330000000000003 0.036563999999999999 0.11885900000000001 0.11694799999999997 0.12042500000000003 0.0048370000000000002 0.0039220000000000001 0.0037210000000000003 0.001196 0.001083 0.0010330000000000001 8.4295827050033356 8.4295827050033356 8.4295827050033356 0.0060708268599135142 0.0060708268599135142 0.0060708268599135142 1 1 1 Converged Converged Converged OK OK OK 82 82 82 82 82 82 6 6 6 0 0 0 0 0 1 0 0
37 37 linear 0 7 370 1 0.001 0.8119388771424555 0.00027302838820758042 0.000105356088426106 0.42075280923309594 -0.028670101090865929 0.42074456397400173 0.5 -0.42052294212010999 8.2893228006946469 OK 14 13 0.54982600000000004 0.50029000000000001 0.169934 0.37123400000000001 0.229434 0 0.17859200000000003 0.27085599999999999 0.169934 0.039261999999999998 0.038135000000000002 0.034602000000000001 0.116506 0.21061800000000006 0.11402799999999996 0.0041339999999999997 0.0038649999999999999 0.0036829999999999996 0.001145 0.00096600000000000006 0.00091600000000000004 8.2893560595754323 8.2893560595754323 8.2893560595754323 0.005958642216489337 0.005958642216489337 0.005958642216489337 1 1 1 Converged Converged Converged OK OK OK 82 82 82 82 82 82 6 6 6 0 0 0 0 1 0 0 1
37 37 linear 0 15 370 2 0.001 0.8119388771424555 0.00027302838820758042 0.000105356088426106 0.42075280923309594 -0.028670101090865929 0.42075922221239143 0.5 -0.42053760035849969 8.065357471666541 OK 14 13 0.53148499999999999 0.480738 0.176174 0.34864099999999998 0.21024999999999999 0 0.18284400000000001 0.27048800000000001 0.176174 0.037585 0.037909999999999999 0.033904999999999998 0.12334299999999999 0.210566 0.12089699999999999 0.0037550000000000001 0.0040390000000000001 0.0037660000000000003 0.00091699999999999995 0.00096000000000000002 0.00094900000000000008 8.0653546556950637 8.0653546556950637 8.0653546556950637 0.0058492512359685682 0.0058492512359685682 0.0058492512359685682 1 1 1 Converged Converged Converged OK OK OK 82 82 82 82 82 82 6 6 6 0 0 0 0 1 0 0 1
37 37 linear 0 23 370 3 0.001 0.8119388771424555 0.00027302838820758042 0.000105356088426106 0.42075280923309594 -0.028670101090865929 0.42077388045078118 0.5 -0.42055225859688944 7.7798860750061634 OK 14 13 0.540157 0.47715600000000002 0.17257700000000001 0.35728199999999999 0.216195 0 0.18287500000000001 0.260961 0.17257700000000001 0.038892999999999997 0.037971999999999999 0.033598999999999997 0.12093200000000001 0.20097099999999996 0.11798900000000004 0.004529 0.0040559999999999997 0.0037760000000000003 0.0010450000000000001 0.00097600000000000009 0.00094200000000000013 7.7798747554525995 7.7798747554525995 7.7798747554525995 0.0057590358848094939 0.0057590358848094939 0.0057590358848094939 1 1 1 Converged Converged Converged OK OK OK 82 82 82 82 82 82 6 6 6 0 0 0 0 1 0 0 1
37 37 linear 0 0 370 0 0.0001 0.8119388771424555 0.00027302838820758042 0.000105356088426106 0.42075280923309594 -0.028670101090865929 0.42073173801541069 0.5 -0.42051011616151895 8.4295670981007458 OK 14 13 0.86089800000000005 0.85155800000000004 0.25361699999999998 0.59652099999999997 0.59659499999999999 0 0.26437700000000008 0.25496300000000005 0.25361699999999998 0.039188000000000001 0.038422999999999999 0.036687999999999998 0.17968000000000001 0.17257200000000003 0.17241199999999995 0.0061669999999999997 0.005673000000000001 0.0059039999999999995 0.0015650000000000002 0.001436 0.0013900000000000002 8.4295827110809416 8.4295827110809416 8.4295827110809416 0.00070376801479473674 0.00070376801479473674 0.00070376801479473674 1 1 1 Converged Converged Converged OK OK OK 122 122 122 122 122 122 6 6 6 0 0 0 0 0 1 0 0
37 37 linear 0 7 370 1 0.0001 0.8119388771424555 0.00027302838820758042 0.000105356088426106 0.42075280923309594 -0.028670101090865929 0.42074456397400173 0.5 -0.42052294212010999 8.2893228006946469 OK 14 13 0.62214599999999998 0.63310100000000002 0.24096600000000001 0.376301 0.22817599999999999 0 0.24584499999999998 0.40492500000000003 0.24096600000000001 0.037907999999999997 0.038143000000000003 0.034583000000000003 0.1740459999999999 0.33307200000000015 0.17317799999999997 0.0060060000000000001 0.005953 0.0059919999999999999 0.0013749999999999999 0.0013179999999999999 0.0013669999999999999 8.2893560624889417 8.2893560624889417 8.2893560624889417 0.00063808261745306534 0.00063808261745306534 0.00063808261745306534 1 1 1 Converged Converged Converged OK OK OK 122 122 122 122 122 122 6 6 6 0 0 0 0 1 0 0 1
37 37 linear 0 15 370 2 0.0001 0.8119388771424555 0.00027302838820758042 0.000105356088426106 0.42075280923309594 -0.028670101090865929 0.42075922221239143 0.5 -0.42053760035849969 8.065357471666541 OK 14 13 0.601132 0.60541999999999996 0.24041599999999999 0.35219 0.206013 0 0.248942 0.39940699999999996 0.24041599999999999 0.038074999999999998 0.037928999999999997 0.034242000000000002 0.17697700000000005 0.32792699999999991 0.17343799999999995 0.0059919999999999991 0.0060079999999999995 0.0058110000000000002 0.0013070000000000002 0.0012940000000000002 0.0013049999999999997 8.0653546567077647 8.0653546567077647 8.0653546567077647 0.00057196637873956502 0.00057196637873956502 0.00057196637873956502 1 1 1 Converged Converged Converged OK OK OK 122 122 122 122 122 122 6 6 6 0 0 0 0 1 0 0 1
37 37 linear 0 23 370 3 0.0001 0.8119388771424555 0.00027302838820758042 0.000105356088426106 0.42075280923309594 -0.028670101090865929 0.42077388045078118 0.5 -0.42055225859688944 7.7798860750061634 OK 14 13 0.61997999999999998 0.64982300000000004 0.25823699999999999 0.35683700000000002 0.21589800000000001 0 0.26314299999999996 0.43392500000000001 0.25823699999999999 0.037274000000000002 0.038176000000000002 0.033994999999999997 0.18735099999999996 0.35661999999999994 0.18623599999999998 0.0063609999999999995 0.0068060000000000004 0.0064349999999999997 0.0014090000000000001 0.0014399999999999999 0.0013810000000000003 7.7798747583311503 7.7798747583311503 7.7798747583311503 0.0004967038016035789 0.0004967038016035789 0.0004967038016035789 1 1 1 Converged Converged Converged OK OK OK 130 130 130 130 130 130 6 6 6 0 0 0 0 1 0 0 1
37 37 linear 1 0 371 0 0.001 0.8119388771424555 0.00027302838820758042 0.000105356088426106 0.42019743390340586 0.023705149117792892 0.42017636268572062 0.5 -0.41995474083182888 6.4866060959074723 OK 14 13 0.47079399999999999 0.471109 0.13824600000000001 0.32916499999999999 0.33052599999999999 0 0.141629 0.14058300000000001 0.13824600000000001 0.011598000000000001 0.012078 0.011224 0.10479300000000005 0.10299399999999999 0.10234999999999997 0.003375 0.0035260000000000001 0.003405 0.00089799999999999993 0.000959 0.0009230000000000001 6.4866858229059439 6.4866858229059439 6.4866858229059439 0.0036653134740491484 0.0036653134740491484 0.0036653134740491484 1 1 1 Converged Converged Converged OK OK OK 75 75 75 75 75 75 5 5 5 0 0 0 0 0 1 0 0
37 37 linear 1 7 371 1 0.001 0.8119388771424555 0.00027302838820758042 0.000105356088426106 0.42019743390340586 0.023705149117792892 0.42018918864431165 0.5 -0.41996756679041991 6.4470574819012105 OK 14 13 0.47614499999999998 0.44641599999999998 0.130304 0.34225800000000001 0.186866 0 0.13388699999999998 0.25954999999999995 0.130304 0.010902 0.010907999999999999 0.010201999999999999 0.10301199999999998 0.22822699999999999 0.10084000000000003 0.0033539999999999998 0.0036160000000000003 0.0032520000000000001 0.00085500000000000007 0.00091099999999999992 0.00089600000000000009 6.4471216930441768 6.4471216930441768 6.4471216930441768 0.0036636631024230698 0.0036636631024230698 0.0036636631024230698 1 1 1 Converged Converged Converged OK OK OK 75 75 75 75 75 75 5 5 5 0 0 0 0 1 0 0 1
37 37 linear 1 15 371 2 0.001 0.8119388771424555 0.00027302838820758042 0.000105356088426106 0.42019743390340586 0.023705149117792892 0.42020384688270135 0.5 -0.41998222502880961 6.4021379440646795 OK 14 13 0.46841500000000003 0.44658199999999998 0.137401 0.32674999999999998 0.17852000000000001 0 0.14166500000000004 0.26806199999999997 0.137401 0.010770999999999999 0.010966999999999999 0.010076 0.11040099999999996 0.23661899999999994 0.10789699999999997 0.003545 0.0035119999999999999 0.0033899999999999998 0.00097900000000000005 0.00094300000000000004 0.00095099999999999991 6.4021889330888397 6.4021889330888397 6.4021889330888397 0.0036618096825205811 0.0036618096825205811 0.0036618096825205811 1 1 1 Converged Converged Converged OK OK OK 75 75 75 75 75 75 5 5 5 0 0 0 0 1 0 0 1
37 37 linear 1 23 371 3 0.001 0.8119388771424555 0.00027302838820758042 0.000105356088426106 0.42019743390340586 0.023705149117792892 0.4202185051210911 0.5 -0.41999688326719936 6.3575095325366213 OK 14 13 0.47346899999999997 0.46986899999999998 0.13587199999999999 0.33390500000000001 0.17796799999999999 0 0.13956399999999997 0.29190099999999997 0.13587199999999999 0.010874999999999999 0.010892000000000001 0.010167000000000001 0.10881999999999999 0.26051899999999989 0.10641300000000002 0.003297 0.003673 0.0032890000000000003 0.00093300000000000002 0.00094499999999999998 0.00086399999999999997 6.3575596524649187 6.3575596524649187 6.3575596524649187 0.0036599908364131736 0.0036599908364131736 0.0036599908364131736 1 1 1 Converged Converged Converged OK OK OK 75 75 75 75 75 75 5 5 5 0 0 0 0 1 0 0 1
37 37 linear 1 0 371 0 0.0001 0.8119388771424555 0.00027302838820758042 0.000105356088426106 0.42019743390340586 0.023705149117792892 0.42017636268572062 0.5 -0.41995474083182888 6.4866060959074723 OK 14 13 0.52820999999999996 0.52807700000000002 0.19805200000000001 0.32577400000000001 0.32738800000000001 0 0.20243599999999995 0.20068900000000001 0.19805200000000001 0.014907999999999999 0.011808000000000001 0.011169999999999999 0.14968800000000004 0.14734000000000003 0.149648 0.005143 0.0052170000000000012 0.0050949999999999997 0.0012200000000000002 0.001201 0.0012259999999999997 6.4866858246832768 6.4866858246832768 6.4866858246832768 0.00040481704625781509 0.00040481704625781509 0.00040481704625781509 1 1 1 Converged Converged Converged OK OK OK 107 107 107 107 107 107 5 5 5 0 0 0 0 0 1 0 0
37 37 linear 1 7 371 1 0.0001 0.8119388771424555 0.00027302838820758042 0.000105356088426106 0.42019743390340586 0.023705149117792892 0.42018918864431165 0.5 -0.41996756679041991 6.4470574819012105 OK 14 13 0.53334300000000001 0.56406400000000001 0.18806400000000001 0.34465099999999999 0.18760399999999999 0 0.18869200000000003 0.37646000000000002 0.18806400000000001 0.01095 0.010831 0.01021 0.14795399999999997 0.33530999999999994 0.14812799999999998 0.0051799999999999997 0.0053350000000000003 0.0053429999999999997 0.0011479999999999999 0.0011800000000000001 0.0011409999999999999 6.4471216948214316 6.4471216948214316 6.4471216948214316 0.00040266747097386554 0.00040266747097386554 0.00040266747097386554 1 1 1 Converged Converged Converged OK OK OK 107 107 107 107 107 107 5 5 5 0 0 0 0 1 0 0 1
37 37 linear 1 15 371 2 0.0001 0.8119388771424555 0.00027302838820758042 0.000105356088426106 0.42019743390340586 0.023705149117792892 0.42020384688270135 0.5 -0.41998222502880961 6.4021379440646795 OK 14 13 0.52508200000000005 0.56936200000000003 0.19001100000000001 0.32680199999999998 0.17897299999999999 0 0.19828000000000007 0.39038900000000004 0.19001100000000001 0.01082 0.01093 0.010163 0.15755600000000008 0.34902200000000017 0.15038499999999999 0.0051350000000000007 0.005274 0.005255000000000001 0.001237 0.001222 0.0012120000000000002 6.402188934866806 6.402188934866806 6.402188934866806 0.0004002413733256109 0.0004002413733256109 0.0004002413733256109 1 1 1 Converged Converged Converged OK OK OK 107 107 107 107 107 107 5 5 5 0 0 0 0 1 0 0 1
37 37 linear 1 23 371 3 0.0001 0.8119388771424555 0.00027302838820758042 0.000105356088426106 0.42019743390340586 0.023705149117792892 0.4202185051210911 0.5 -0.41999688326719936 6.3575095325366213 OK 14 13 0.52999499999999999 0.59306599999999998 0.19112599999999999 0.33383800000000002 0.17965600000000001 0 0.19615699999999997 0.41340999999999994 0.19112599999999999 0.010773 0.0109 0.010196999999999999 0.15587800000000007 0.37173499999999982 0.151592 0.0050179999999999999 0.0056749999999999995 0.0052240000000000003 0.0012109999999999998 0.001219 0.0011620000000000001 6.3575596542443318 6.3575596542443318 6.3575596542443318 0.00039784755169358708 0.00039784755169358708 0.00039784755169358708 1 1 1 Converged Converged Converged OK OK OK 107 107 107 107 107 107 5 5 5 0 0 0 0 1 0 0 1
37 37 linear 2 0 372 0 0.001 0.8119388771424555 0.00027302838820758042 0.000105356088426106 0.42147585783829056 -0.028044631140330959 0.42145478662060532 0.5 -0.42123316476671357 3.233917073067913 OK 14 13 0.57990699999999995 0.57517700000000005 0.22519600000000001 0.35183300000000001 0.34950599999999998 0 0.22807399999999994 0.22567100000000007 0.22519600000000001 0.039299000000000001 0.039022000000000001 0.039829999999999997 0.15355499999999997 0.15207399999999993 0.150895 0.0049230000000000003 0.0050299999999999997 0.0047850000000000002 0.001181 0.001029 0.0010690000000000001 3.2339304175200447 3.2339304175200447 3.2339304175200447 0.001578557686437413 0.001578557686437413 0.001578557686437413 1 1 1 Converged Converged Converged OK OK OK 98 98 98 98 98 98 6 6 6 0 0 0 0 0 1 0 0
37 37 linear 2 7 372 1 0.001 0.8119388771424555 0.00027302838820758042 0.000105356088426106 0.42147585783829056 -0.028044631140330959 0.42146761257919635 0.5 -0.42124599072530461 3.1069407050464708 OK 13 12 0.59161399999999997 0.53234700000000001 0.11933100000000001 0.46798699999999999 0.32217800000000002 0 0.12362699999999999 0.21016899999999999 0.11933100000000001 0.0084580000000000002 0.0082939999999999993 0.0078700000000000003 0.09542100000000002 0.18235399999999999 0.092838999999999963 0.0032389999999999997 0.0033180000000000002 0.0030920000000000001 0.00077700000000000013 0.00080999999999999996 0.00073800000000000005 3.10693996336094 3.10693996336094 3.10693996336094 0.002273231234744997 0.002273231234744997 0.002273231234744997 1 1 1 Converged Converged Converged OK OK OK 61 61 61 61 61 61 3 3 3 0 0 0 0 1 0 0 1
37 37 linear 2 15 372 2 0.001 0.8119388771424555 0.00027302838820758042 0.000105356088426106 0.42147585783829056 -0.028044631140330959 0.42148227081758605 0.5 -0.42126064896369431 3.1063045222247982 OK 13 12 0.457175 0.40342099999999997 0.12031699999999999 0.33349200000000001 0.19350000000000001 0 0.12368299999999999 0.20992099999999997 0.12031699999999999 0.0083219999999999995 0.0082780000000000006 0.007718 0.095890000000000003 0.18254000000000006 0.093861 0.0033630000000000001 0.0033989999999999997 0.0033240000000000001 0.00068800000000000003 0.00069499999999999998 0.00068199999999999999 3.1063037835026108 3.1063037835026108 3.1063037835026108 0.0022722211876779657 0.0022722211876779657 0.0022722211876779657 1 1 1 Converged Converged Converged OK OK OK 61 61 61 61 61 61 3 3 3 0 0 0 0 1 0 0 1
37 37 linear 2 23 372 3 0.001 0.8119388771424555 0.00027302838820758042 0.000105356088426106 0.42147585783829056 -0.028044631140330959 0.4214969290559758 0.5 -0.42127530720208406 3.1056717801989491 OK 13 12 0.44378299999999998 0.38108999999999998 0.117022 0.32345000000000002 0.17582200000000001 0 0.12033299999999997 0.20526799999999998 0.117022 0.0081569999999999993 0.0081890000000000001 0.007613 0.092962000000000003 0.17366899999999999 0.090856000000000048 0.0032129999999999997 0.0075829999999999995 0.0031549999999999998 0.00069200000000000002 0.00071299999999999998 0.000678 3.1056710443927562 3.1056710443927562 3.1056710443927562 0.0022712169665528091 0.0022712169665528091 0.0022712169665528091 1 1 1 Converged Converged Converged OK OK OK 61 61 61 61 61 61 3 3 3 0 0 0 0 1 0 0 1
37 37 linear 2 0 372 0 0.0001 0.8119388771424555 0.00027302838820758042 0.000105356088426106 0.42147585783829056 -0.028044631140330959 0.42145478662060532 0.5 -0.42123316476671357 3.233917073067913 OK 14 13 0.61727200000000004 0.61798299999999995 0.26511000000000001 0.35066700000000001 0.34895900000000002 0 0.26660500000000004 0.26902399999999993 0.26511000000000001 0.038048999999999999 0.042474999999999999 0.039516999999999997 0.18446900000000005 0.18157900000000002 0.18124799999999999 0.0059210000000000009 0.0063339999999999994 0.0062620000000000011 0.0013159999999999999 0.0013729999999999999 0.0013749999999999997 3.233907268494117 3.233907268494117 3.233907268494117 8.2898913647910561e-05 8.2898913647910561e-05 8.2898913647910561e-05 1 1 1 Converged Converged Converged OK OK OK 122 122 122 122 122 122 6 6 6 0 0 0 0 0 1 0 0
37 37 linear 2 7 372 1 0.0001 0.8119388771424555 0.00027302838820758042 0.000105356088426106 0.42147585783829056 -0.028044631140330959 0.42146761257919635 0.5 -0.42124599072530461 3.1069407050464708 OK 13 12 0.61676399999999998 0.60908899999999999 0.146506 0.467084 0.32616099999999998 0 0.14967999999999998 0.28292800000000001 0.146506 0.0082740000000000001 0.0084200000000000004 0.0079240000000000005 0.11746899999999999 0.25009799999999993 0.11502700000000003 0.0039819999999999994 0.0041139999999999996 0.0039119999999999997 0.00086600000000000002 0.00088100000000000006 0.00085299999999999992 3.1069399644613642 3.1069399644613642 3.1069399644613642 0.00028393876897547869 0.00028393876897547869 0.00028393876897547869 1 1 1 Converged Converged Converged OK OK OK 77 77 77 77 77 77 3 3 3 0 0 0 0 1 0 0 1
37 37 linear 2 15 372 2 0.0001 0.8119388771424555 0.00027302838820758042 0.000105356088426106 0.42147585783829056 -0.028044631140330959 0.42148227081758605 0.5 -0.42126064896369431 3.1063045222247982 OK 13 12 0.480379 0.46433000000000002 0.14447599999999999 0.33251399999999998 0.191805 0 0.14786500000000002 0.27252500000000002 0.14447599999999999 0.0081949999999999992 0.0083070000000000001 0.0076480000000000003 0.11571600000000001 0.23983499999999994 0.11336300000000002 0.004091 0.004261 0.0040350000000000004 0.00080500000000000005 0.00087100000000000003 0.00078200000000000014 3.1063037846029058 3.1063037846029058 3.1063037846029058 0.00028297629665414038 0.00028297629665414038 0.00028297629665414038 1 1 1 Converged Converged Converged OK OK OK 77 77 77 77 77 77 3 3 3 0 0 0 0 1 0 0 1
37 37 linear 2 23 372 3 0.0001 0.8119388771424555 0.00027302838820758042 0.000105356088426106 0.42147585783829056 -0.028044631140330959 0.4214969290559758 0.5 -0.42127530720208406 3.1056717801989491 OK 13 12 0.47153099999999998 0.44658100000000001 0.14655699999999999 0.320328 0.18179400000000001 0 0.15120299999999998 0.26478699999999999 0.14655699999999999 0.0081469999999999997 0.0081980000000000004 0.0076360000000000004 0.11910000000000001 0.23234500000000011 0.11568200000000005 0.004058 0.0042330000000000007 0.003908 0.00079799999999999988 0.00080899999999999993 0.00083200000000000006 3.1056710454936707 3.1056710454936707 3.1056710454936707 0.00028201984331080286 0.00028201984331080286 0.00028201984331080286 1 1 1 Converged Converged Converged OK OK OK 77 77 77 77 77 77 3 3 3 0 0 0 0 1 0 0 1
37 37 linear 3 0 373 0 0.001 0.8119388771424555 0.00027302838820758042 0.000105356088426106 0.41987725963557854 0.029760287132464164 0.41985618841789329 0.5 -0.41963456656400155 6.6040285564033265 OK 15 14 0.90172799999999997 0.89793500000000004 0.24851300000000001 0.64513299999999996 0.64717400000000003 0 0.25659500000000002 0.25076100000000001 0.24851300000000001 0.064468999999999999 0.065325999999999995 0.063232999999999998 0.15213400000000005 0.1491610000000001 0.1492700000000001 0.0087900000000000009 0.0051580000000000003 0.0051970000000000002 0.0011529999999999999 0.001145 0.001219 6.6040245380266986 6.6040245380266986 6.6040245380266986 0.0054327976721131443 0.0054327976721131443 0.0054327976721131443 1 1 1 Converged Converged Converged OK OK OK 98 98 98 98 98 98 6 6 6 0 0 0 0 0 1 0 0
37 37 linear 3 7 373 1 0.001 0.8119388771424555 0.00027302838820758042 0.000105356088426106 0.41987725963557854 0.029760287132464164 0.41986901437648433 0.5 -0.41964739252259259 6.7351577882367293 OK 15 14 0.90544899999999995 0.85652300000000003 0.23730299999999999 0.656142 0.50431800000000004 0 0.24930699999999995 0.35220499999999999 0.23730299999999999 0.066971000000000003 0.065244999999999997 0.061558000000000002 0.151698 0.258214 0.147449 0.0057330000000000002 0.0051259999999999995 0.0051970000000000002 0.0013270000000000001 0.0012229999999999999 0.0012030000000000003 6.73515355486514 6.73515355486514 6.73515355486514 0.0058633387367945681 0.0058633387367945681 0.0058633387367945681 1 1 1 Converged Converged Converged OK OK OK 98 98 98 98 98 98 6 6 6 0 0 0 0 1 0 0 1
37 37 linear 3 15 373 2 0.001 0.8119388771424555 0.00027302838820758042 0.000105356088426106 0.41987725963557854 0.029760287132464164 0.41988367261487403 0.5 -0.41966205076098229 6.9157910701168781 OK 15 14 0.73235700000000004 0.73480500000000004 0.26524199999999998 0.453378 0.317832 0 0.27897900000000003 0.41697300000000004 0.26524199999999998 0.068729999999999999 0.067951999999999999 0.060852000000000003 0.17415099999999997 0.31254300000000002 0.16980400000000007 0.0064839999999999993 0.0065279999999999991 0.006183000000000001 0.001359 0.00139 0.0012669999999999999 6.9157864106310551 6.9157864106310551 6.9157864106310551 0.0043730724918466133 0.0043730724918466133 0.0043730724918466133 1 1 1 Converged Converged Converged OK OK OK 114 114 114 114 114 114 6 6 6 0 0 0 0 1 0 0 1
37 37 linear 3 23 373 3 0.001 0.8119388771424555 0.00027302838820758042 0.000105356088426106 0.41987725963557854 0.029760287132464164 0.41989833085326378 0.5 -0.41967670899937204 7.145684107535609 OK 15 14 0.77163700000000002 0.74208600000000002 0.25152200000000002 0.51290899999999995 0.36116399999999999 0 0.25872800000000007 0.38092200000000004 0.25152200000000002 0.065226999999999993 0.066159999999999997 0.060572000000000001 0.16217700000000004 0.28335800000000011 0.16036500000000004 0.0061719999999999995 0.0062789999999999999 0.0058669999999999998 0.0013690000000000002 0.001353 0.001271 7.1456789111522623 7.1456789111522623 7.1456789111522623 0.0055194178505392748 0.0055194178505392748 0.0055194178505392748 1 1 1 Converged Converged Converged OK OK OK 106 106 106 106 106 106 6 6 6 0 0 0 0 1 0 0 1
37 37 linear 3 0 373 0 0.0001 0.8119388771424555 0.00027302838820758042 0.000105356088426106 0.41987725963557854 0.029760287132464164 0.41985618841789329 0.5 -0.41963456656400155 6.6040285564033265 OK 15 14 1.007333 0.98699099999999995 0.33701500000000001 0.65718399999999999 0.64490199999999998 0 0.35014900000000004 0.34208899999999998 0.33701500000000001 0.065976000000000007 0.064488000000000004 0.063638 0.22622899999999999 0.21695500000000004 0.216561 0.0078839999999999986 0.0076840000000000007 0.0080320000000000009 0.0015809999999999999 0.0015819999999999999 0.0016389999999999998 6.6040245477590629 6.6040245477590629 6.6040245477590629 0.00051567757488500926 0.00051567757488500926 0.00051567757488500926 1 1 1 Converged Converged Converged OK OK OK 146 146 146 146 146 146 6 6 6 0 0 0 0 0 1 0 0
37 37 linear 3 7 373 1 0.0001 0.8119388771424555 0.00027302838820758042 0.000105356088426106 0.41987725963557854 0.029760287132464164 0.41986901437648433 0.5 -0.41964739252259259 6.7351577882367293 OK 15 14 0.99909000000000003 1.0408109999999999 0.33355099999999999 0.65437999999999996 0.50148199999999998 0 0.34471000000000007 0.53932899999999995 0.33355099999999999 0.065818000000000002 0.065173999999999996 0.061691000000000003 0.23020299999999996 0.42188999999999977 0.22461800000000004 0.0085319999999999997 0.0086029999999999995 0.0082869999999999992 0.0018710000000000003 0.0018010000000000001 0.0018189999999999999 6.7351535692632796 6.7351535692632796 6.7351535692632796 5.7933627932473965e-05 5.7933627932473965e-05 5.7933627932473965e-05 1 1 1 Converged Converged Converged OK OK OK 154 154 154 154 154 154 6 6 6 0 0 0 0 1 0 0 1
37 37 linear 3 15 373 2 0.0001 0.8119388771424555 0.00027302838820758042 0.000105356088426106 0.41987725963557854 0.029760287132464164 0.41988367261487403 0.5 -0.41966205076098229 6.9157910701168781 OK 15 14 0.79902600000000001 0.86300200000000005 0.33274799999999999 0.45518599999999998 0.31712299999999999 0 0.34384000000000003 0.545879 0.33274799999999999 0.064551999999999998 0.067294000000000007 0.061185999999999997 0.22926599999999994 0.43228700000000025 0.22319500000000003 0.0086090000000000003 0.0085389999999999997 0.0084939999999999998 0.0017520000000000001 0.0017130000000000001 0.0016979999999999999 6.9157864194175369 6.9157864194175369 6.9157864194175369 5.9477687113137397e-05 5.9477687113137397e-05 5.9477687113137397e-05 1 1 1 Converged Converged Converged OK OK OK 154 154 154 154 154 154 6 6 6 0 0 0 0 1 0 0 1
37 37 linear 3 23 373 3 0.0001 0.8119388771424555 0.00027302838820758042 0.000105356088426106 0.41987725963557854 0.029760287132464164 0.41989833085326378 0.5 -0.41967670899937204 7.145684107535609 OK 15 14 0.86018600000000001 0.91011799999999998 0.34696100000000002 0.512355 0.36017700000000002 0 0.347831 0.54994100000000001 0.34696100000000002 0.065135999999999999 0.065670999999999993 0.060944999999999999 0.23672400000000002 0.43737800000000021 0.23997200000000019 0.0088699999999999994 0.0092340000000000009 0.0084759999999999992 0.0016679999999999998 0.0017300000000000002 0.0017300000000000002 7.1456789141632679 7.1456789141632679 7.1456789141632679 5.5875067981346182e-05 5.5875067981346182e-05 5.5875067981346182e-05 1 1 1 Converged Converged Converged OK OK OK 154 154 154 154 154 154 6 6 6 0 0 0 0 1 0 0 1
37 37 linear 4 0 374 0 0.001 0.8119388771424555 0.00027302838820758042 0.000105356088426106 0.42313387246209899 -0.023623287996858991 0.42311280124441375 0.5 -0.42289117939052201 2.1263812861145137 OK 13 12 0.51837800000000001 0.52186699999999997 0.120979 0.39459699999999998 0.39953699999999998 0 0.12378100000000003 0.12232999999999999 0.120979 0.0088660000000000006 0.0088649999999999996 0.0085640000000000004 0.093147999999999995 0.091925000000000048 0.091098000000000012 0.0030839999999999999 0.0032010000000000003 0.0031060000000000003 0.00070500000000000001 0.00070500000000000001 0.00067299999999999999 2.1263806875132136 2.1263806875132136 2.1263806875132136 0.00062238617472610126 0.00062238617472610126 0.00062238617472610126 1 1 1 Converged Converged Converged OK OK OK 61 61 61 61 61 61 3 3 3 0 0 0 0 0 1 0 0
37 37 linear 4 7 374 1 0.001 0.8119388771424555 0.00027302838820758042 0.000105356088426106 0.42313387246209899 -0.023623287996858991 0.42312562720300478 0.5 -0.42290400534911304 2.1269589728970666 OK 13 12 0.42559799999999998 0.34464499999999998 0.12461999999999999 0.30132900000000001 0.14812 0 0.12426899999999996 0.19652499999999998 0.12461999999999999 0.0082199999999999999 0.0082439999999999996 0.007731 0.09681099999999998 0.16919399999999998 0.098195999999999978 0.003258 0.0032560000000000002 0.0031089999999999998 0.00068300000000000001 0.00067500000000000004 0.00066700000000000006 2.1269583695342869 2.1269583695342869 2.1269583695342869 0.00062342258688175478 0.00062342258688175478 0.00062342258688175478 1 1 1 Converged Converged Converged OK OK OK 61 61 61 61 61 61 3 3 3 0 0 0 0 1 0 0 1
37 37 linear 4 15 374 2 0.001 0.8119388771424555 0.00027302838820758042 0.000105356088426106 0.42313387246209899 -0.023623287996858991 0.42314028544139448 0.5 -0.42291866358750274 2.12762377507307 OK 13 12 0.43836399999999998 0.35678700000000002 0.118987 0.316131 0.155639 0 0.12223299999999998 0.20114800000000002 0.118987 0.0080839999999999992 0.0083070000000000001 0.007646 0.095132000000000022 0.17366300000000004 0.092871000000000009 0.0032130000000000001 0.0032849999999999997 0.0030920000000000001 0.00075000000000000002 0.00077000000000000007 0.00067999999999999994 2.1276231662124947 2.1276231662124947 2.1276231662124947 0.00062461484679880838 0.00062461484679880838 0.00062461484679880838 1 1 1 Converged Converged Converged OK OK OK 61 61 61 61 61 61 3 3 3 0 0 0 0 1 0 0 1
37 37 linear 4 23 374 3 0.001 0.8119388771424555 0.00027302838820758042 0.000105356088426106 0.42313387246209899 -0.023623287996858991 0.42315494367978423 0.5 -0.42293332182589249 2.128293503609874 OK 13 12 0.54898199999999997 0.47057100000000002 0.120783 0.424487 0.268536 0 0.12449499999999997 0.20203500000000002 0.120783 0.0081530000000000005 0.0083230000000000005 0.0076559999999999996 0.097135999999999986 0.17497900000000008 0.094838000000000006 0.0032040000000000003 0.0030820000000000001 0.0030609999999999999 0.00070300000000000007 0.0007000000000000001 0.00065700000000000003 2.1282928891758379 2.1282928891758379 2.1282928891758379 0.00062581549832431383 0.00062581549832431383 0.00062581549832431383 1 1 1 Converged Converged Converged OK OK OK 61 61 61 61 61 61 3 3 3 0 0 0 0 1 0 0 1
37 37 linear 4 0 374 0 0.0001 0.8119388771424555 0.00027302838820758042 0.000105356088426106 0.42313387246209899 -0.023623287996858991 0.42311280124441375 0.5 -0.42289117939052201 2.1263812861145137 OK 13 12 0.54720599999999997 0.54855600000000004 0.15064 0.39685100000000001 0.396451 0 0.15035499999999996 0.15210500000000005 0.15064 0.009077 0.0090919999999999994 0.0084939999999999998 0.11372500000000001 0.11544800000000002 0.11510099999999999 0.004084 0.0041140000000000005 0.0040999999999999995 0.00083500000000000002 0.00079900000000000001 0.00079600000000000005 2.1263806877815301 2.1263806877815301 2.1263806877815301 0.00015816713856754995 0.00015816713856754995 0.00015816713856754995 1 1 1 Converged Converged Converged OK OK OK 77 77 77 77 77 77 3 3 3 0 0 0 0 0 1 0 0
37 37 linear 4 7 374 1 0.0001 0.8119388771424555 0.00027302838820758042 0.000105356088426106 0.42313387246209899 -0.023623287996858991 0.42312562720300478 0.5 -0.42290400534911304 2.1269589728970666 OK 13 12 0.44792100000000001 0.40722999999999998 0.14533099999999999 0.29881999999999997 0.148172 0 0.14910100000000004 0.25905800000000001 0.14533099999999999 0.00826 0.0082209999999999991 0.0076790000000000001 0.11665200000000001 0.22690099999999988 0.11423499999999999 0.004052 0.0040029999999999996 0.0039829999999999996 0.00082100000000000012 0.00084400000000000013 0.00077599999999999989 2.126958369803297 2.126958369803297 2.126958369803297 0.00015792909190957694 0.00015792909190957694 0.00015792909190957694 1 1 1 Converged Converged Converged OK OK OK 77 77 77 77 77 77 3 3 3 0 0 0 0 1 0 0 1
37 37 linear 4 15 374 2 0.0001 0.8119388771424555 0.00027302838820758042 0.000105356088426106 0.42313387246209899 -0.023623287996858991 0.42314028544139448 0.5 -0.42291866358750274 2.12762377507307 OK 13 12 0.45971600000000001 0.407773 0.14358699999999999 0.31302099999999999 0.157777 0 0.14669500000000002 0.249996 0.14358699999999999 0.0081429999999999992 0.0082520000000000007 0.0076730000000000001 0.11479400000000002 0.21777899999999997 0.11262999999999999 0.003973 0.0040800000000000003 0.0039910000000000006 0.00083000000000000001 0.00083000000000000012 0.00082000000000000009 2.1276231664826493 2.1276231664826493 2.1276231664826493 0.00015765767405053841 0.00015765767405053841 0.00015765767405053841 1 1 1 Converged Converged Converged OK OK OK 77 77 77 77 77 77 3 3 3 0 0 0 0 1 0 0 1
37 37 linear 4 23 374 3 0.0001 0.8119388771424555 0.00027302838820758042 0.000105356088426106 0.42313387246209899 -0.023623287996858991 0.42315494367978423 0.5 -0.42293332182589249 2.128293503609874 OK 13 12 0.57493300000000003 0.532161 0.14533299999999999 0.42140499999999997 0.27318799999999999 0 0.15352800000000005 0.25897300000000001 0.14533299999999999 0.0081220000000000007 0.0081340000000000006 0.0076210000000000002 0.121376 0.22679499999999994 0.11446799999999994 0.0040020000000000003 0.0041530000000000004 0.0039039999999999999 0.00085800000000000004 0.00083199999999999995 0.00079000000000000001 2.1282928894471018 2.1282928894471018 2.1282928894471018 0.0001573869607689681 0.0001573869607689681 0.0001573869607689681 1 1 1 Converged Converged Converged OK OK OK 77 77 77 77 77 77 3 3 3 0 0 0 0 1 0 0 1
37 37 uniform 0 0 375 0 0.001 0.8119388771424555 0.00027302838820758042 0.000105356088426106 0.42075280923309594 -0.028670101090865929 0.42073173801541069 0 -0.42051011616151895 8.258986053922051 OK 14 13 0.76374200000000003 0.76159600000000005 0.161214 0.60455300000000001 0.60029100000000002 0 0.15918900000000002 0.16130500000000003 0.161214 0.037865000000000003 0.038647000000000001 0.035867999999999997 0.093707000000000026 0.094730000000000023 0.097235000000000016 0.0033770000000000002 0.0034970000000000001 0.0036119999999999998 0.00094199999999999991 0.001 0.0010319999999999999 8.2589877152294839 8.2589877152294839 8.2589877152294839 0.0016140594996865761 0.0016140594996865761 0.0016140594996865761 1 1 1 Converged Converged Converged OK OK OK 82 82 82 82 82 82 6 6 6 0 0 0 0 0 1 0 0
37 37 uniform 0 7 375 1 0.001 0.8119388771424555 0.00027302838820758042 0.000105356088426106 0.42075280923309594 -0.028670101090865929 0.42074456397400173 0 -0.42052294212010999 8.1058447771338997 OK 14 13 0.52229300000000001 0.476354 0.146232 0.37152099999999999 0.229905 0 0.15077200000000002 0.246449 0.146232 0.037643999999999997 0.038026999999999998 0.034429000000000001 0.092053999999999997 0.18746199999999996 0.091424999999999979 0.0033440000000000002 0.003483 0.003375 0.00091 0.00089499999999999996 0.00090200000000000002 8.1058451626654815 8.1058451626654815 8.1058451626654815 0.0015363768557592932 0.0015363768557592932 0.0015363768557592932 1 1 1 Converged Converged Converged OK OK OK 82 82 82 82 82 82 6 6 6 0 0 0 0 1 0 0 1
37 37 uniform 0 15 375 2 0.001 0.8119388771424555 0.00027302838820758042 0.000105356088426106 0.42075280923309594 -0.028670101090865929 0.42075922221239143 0 -0.42053760035849969 7.8847305143735671 OK 14 13 0.50860799999999995 0.449463 0.14929500000000001 0.35547400000000001 0.20726800000000001 0 0.15313399999999994 0.24219499999999999 0.14929500000000001 0.036910999999999999 0.037870000000000001 0.033762 0.095072000000000018 0.18311700000000003 0.094719000000000012 0.0034390000000000002 0.0035079999999999998 0.0034140000000000004 0.0008830000000000001 0.00088900000000000003 0.00090199999999999992 7.884730817918852 7.884730817918852 7.884730817918852 0.0014636327009876172 0.0014636327009876172 0.0014636327009876172 1 1 1 Converged Converged Converged OK OK OK 82 82 82 82 82 82 6 6 6 0 0 0 0 1 0 0 1
37 37 uniform 0 23 375 3 0.001 0.8119388771424555 0.00027302838820758042 0.000105356088426106 0.42075280923309594 -0.028670101090865929 0.42077388045078118 0 -0.42055225859688944 7.6192669668924973 OK 14 13 0.50446400000000002 0.43335800000000002 0.140545 0.357931 0.21179100000000001 0 0.14653300000000002 0.22156700000000001 0.140545 0.038143000000000003 0.039052000000000003 0.033749000000000001 0.088954999999999979 0.16281699999999993 0.088190999999999992 0.003189 0.0033890000000000001 0.003019 0.00082800000000000007 0.00085700000000000001 0.00080200000000000009 7.6192668965879928 7.6192668965879928 7.6192668965879928 0.0073431445257246819 0.0073431445257246819 0.0073431445257246819 1 1 1 Converged Converged Converged OK OK OK 74 74 74 74 74 74 6 6 6 0 0 0 0 1 0 0 1
37 37 uniform 0 0 375 0 0.0001 0.8119388771424555 0.00027302838820758042 0.000105356088426106 0.42075280923309594 -0.028670101090865929 0.42073173801541069 0 -0.42051011616151895 8.258986053922051 OK 14 13 0.80336399999999997 0.80237700000000001 0.20135700000000001 0.60006599999999999 0.59860500000000005 0 0.20329799999999998 0.20377199999999995 0.20135700000000001 0.037865000000000003 0.038522000000000001 0.036533000000000003 0.12539499999999992 0.1252660000000001 0.12503300000000001 0.0050130000000000001 0.0050290000000000005 0.0049940000000000002 0.0012689999999999999 0.0012950000000000001 0.001238 8.2589877152525215 8.2589877152525215 8.2589877152525215 0.00059384624964656121 0.00059384624964656121 0.00059384624964656121 1 1 1 Converged Converged Converged OK OK OK 114 114 114 114 114 114 6 6 6 0 0 0 0 0 1 0 0
37 37 uniform 0 7 375 1 0.0001 0.8119388771424555 0.00027302838820758042 0.000105356088426106 0.42075280923309594 -0.028670101090865929 0.42074456397400173 0 -0.42052294212010999 8.1058447771338997 OK 14 13 0.56586400000000003 0.58420799999999995 0.18857699999999999 0.37329499999999999 0.229634 0 0.19256900000000005 0.35457399999999994 0.18857699999999999 0.037405000000000001 0.038074999999999998 0.034181999999999997 0.12439300000000005 0.28530300000000003 0.12401599999999993 0.0051139999999999996 0.0051820000000000008 0.0051320000000000003 0.0011640000000000001 0.001139 0.001173 8.1058451626876149 8.1058451626876149 8.1058451626876149 0.00051618364303203054 0.00051618364303203054 0.00051618364303203054 1 1 1 Converged Converged Converged OK OK OK 114 114 114 114 114 114 6 6 6 0 0 0 0 1 0 0 1
37 37 uniform 0 15 375 2 0.0001 0.8119388771424555 0.00027302838820758042 0.000105356088426106 0.42075280923309594 -0.028670101090865929 0.42075922221239143 0 -0.42053760035849969 7.8847305143735671 OK 14 13 0.54985300000000004 0.55519799999999997 0.190888 0.352856 0.20622599999999999 0 0.19699700000000003 0.34897199999999995 0.190888 0.038103999999999999 0.037583999999999999 0.033783000000000001 0.12753000000000003 0.28051399999999993 0.12674500000000002 0.0051119999999999994 0.0050980000000000001 0.0050860000000000002 0.0011639999999999999 0.001155 0.001158 7.8847308179392765 7.8847308179392765 7.8847308179392765 0.00044346240772166019 0.00044346240772166019 0.00044346240772166019 1 1 1 Converged Converged Converged OK OK OK 114 114 114 114 114 114 6 6 6 0 0 0 0 1 0 0 1
37 37 uniform 0 23 375 3 0.0001 0.8119388771424555 0.00027302838820758042 0.000105356088426106 0.42075280923309594 -0.028670101090865929 0.42077388045078118 0 -0.42055225859688944 7.6192669668924973 OK 14 13 0.55259499999999995 0.56252000000000002 0.187476 0.36059200000000002 0.21218400000000001 0 0.19200299999999992 0.35033599999999998 0.187476 0.037208999999999999 0.038532999999999998 0.033474999999999998 0.12401000000000002 0.28099999999999992 0.12373000000000008 0.0050920000000000002 0.0051979999999999995 0.0050730000000000011 0.001173 0.0011919999999999999 0.001168 7.619267010462722 7.619267010462722 7.619267010462722 0.00038770751387817964 0.00038770751387817964 0.00038770751387817964 1 1 1 Converged Converged Converged OK OK OK 114 114 114 114 114 114 6 6 6 0 0 0 0 1 0 0 1
37 37 uniform 1 0 376 0 0.001 0.8119388771424555 0.00027302838820758042 0.000105356088426106 0.42019743390340586 0.023705149117792892 0.42017636268572062 0 -0.41995474083182888 6.9128439058627933 OK 14 13 0.44554300000000002 0.45238699999999998 0.11824999999999999 0.32589899999999999 0.332594 0 0.11964400000000003 0.11979299999999998 0.11824999999999999 0.011842999999999999 0.011896 0.011266999999999999 0.082684999999999995 0.08306899999999999 0.082521000000000039 0.0032440000000000004 0.0032359999999999993 0.0032379999999999996 0.00086899999999999998 0.00087399999999999999 0.00085099999999999998 6.9128413295756239 6.9128413295756239 6.9128413295756239 0.00086433317111597827 0.00086433317111597827 0.00086433317111597827 1 1 1 Converged Converged Converged OK OK OK 75 75 75 75 75 75 5 5 5 0 0 0 0 0 1 0 0
37 37 uniform 1 7 376 1 0.001 0.8119388771424555 0.00027302838820758042 0.000105356088426106 0.42019743390340586 0.023705149117792892 0.42018918864431165 0 -0.41996756679041991 6.8751769775331599 OK 14 13 0.45751900000000001 0.42308299999999999 0.10986700000000001 0.34225100000000003 0.187335 0 0.11526799999999998 0.23574799999999999 0.10986700000000001 0.010838 0.010958000000000001 0.010342 0.084741000000000011 0.20495800000000003 0.080504000000000006 0.0032319999999999996 0.0032719999999999997 0.0030790000000000001 0.00084600000000000007 0.00086700000000000004 0.00083900000000000012 6.8751744730063846 6.8751744730063846 6.8751744730063846 0.00086380762966391516 0.00086380762966391516 0.00086380762966391516 1 1 1 Converged Converged Converged OK OK OK 75 75 75 75 75 75 5 5 5 0 0 0 0 1 0 0 1
37 37 uniform 1 15 376 2 0.001 0.8119388771424555 0.00027302838820758042 0.000105356088426106 0.42019743390340586 0.023705149117792892 0.42020384688270135 0 -0.41998222502880961 6.8323388638793627 OK 14 13 0.44324200000000002 0.42748999999999998 0.12082 0.32409700000000002 0.18462400000000001 0 0.119145 0.24286599999999997 0.12082 0.010858 0.010919 0.013518000000000001 0.088538999999999993 0.21194199999999991 0.088260999999999978 0.0031859999999999996 0.0032839999999999996 0.0031470000000000001 0.00086300000000000005 0.00085500000000000007 0.00088099999999999995 6.8323361222444765 6.8323361222444765 6.8323361222444765 0.00086322494606689139 0.00086322494606689139 0.00086322494606689139 1 1 1 Converged Converged Converged OK OK OK 75 75 75 75 75 75 5 5 5 0 0 0 0 1 0 0 1
37 37 uniform 1 23 376 3 0.001 0.8119388771424555 0.00027302838820758042 0.000105356088426106 0.42019743390340586 0.023705149117792892 0.4202185051210911 0 -0.41999688326719936 6.7897253701514684 OK 14 13 0.45573399999999997 0.44586199999999998 0.115483 0.330538 0.17898500000000001 0 0.12519599999999997 0.26687699999999998 0.115483 0.010907999999999999 0.010881 0.01017 0.094533000000000034 0.23600800000000005 0.086425999999999933 0.003179 0.003251 0.0030490000000000001 0.00087000000000000011 0.00086399999999999997 0.00081999999999999998 6.7897227516849581 6.7897227516849581 6.7897227516849581 0.00086266124276360644 0.00086266124276360644 0.00086266124276360644 1 1 1 Converged Converged Converged OK OK OK 75 75 75 75 75 75 5 5 5 0 0 0 0 1 0 0 1
37 37 uniform 1 0 376 0 0.0001 0.8119388771424555 0.00027302838820758042 0.000105356088426106 0.42019743390340586 0.023705149117792892 0.42017636268572062 0 -0.41995474083182888 6.9128439058627933 OK 14 13 0.46777200000000002 0.46715699999999999 0.13835900000000001 0.32794200000000001 0.32460600000000001 0 0.13983000000000001 0.14255099999999998 0.13835900000000001 0.011837 0.011696 0.011259 0.097017999999999979 0.097206000000000015 0.096892999999999979 0.0040890000000000006 0.0041270000000000005 0.0039840000000000006 0.00098299999999999993 0.001024 0.00097900000000000005 6.9128413295880069 6.9128413295880069 6.9128413295880069 0.00024239911526156418 0.00024239911526156418 0.00024239911526156418 1 1 1 Converged Converged Converged OK OK OK 91 91 91 91 91 91 5 5 5 0 0 0 0 0 1 0 0
37 37 uniform 1 7 376 1 0.0001 0.8119388771424555 0.00027302838820758042 0.000105356088426106 0.42019743390340586 0.023705149117792892 0.42018918864431165 0 -0.41996756679041991 6.8751769775331599 OK 14 13 0.47363499999999997 0.46407799999999999 0.12935199999999999 0.342032 0.18678400000000001 0 0.13160299999999997 0.27729399999999998 0.12935199999999999 0.011028 0.010749999999999999 0.010317 0.095882000000000023 0.24178299999999997 0.094978999999999994 0.0040750000000000005 0.0041879999999999999 0.003967 0.00098399999999999985 0.0010080000000000002 0.00097399999999999993 6.8751744730179087 6.8751744730179087 6.8751744730179087 0.00024188550699178612 0.00024188550699178612 0.00024188550699178612 1 1 1 Converged Converged Converged OK OK OK 91 91 91 91 91 91 5 5 5 0 0 0 0 1 0 0 1
37 37 uniform 1 15 376 2 0.0001 0.8119388771424555 0.00027302838820758042 0.000105356088426106 0.42019743390340586 0.023705149117792892 0.42020384688270135 0 -0.41998222502880961 6.8323388638793627 OK 14 13 0.46428599999999998 0.46300000000000002 0.136046 0.32661000000000001 0.178286 0 0.13767599999999997 0.28471400000000002 0.136046 0.010892000000000001 0.010847000000000001 0.010232 0.10242700000000003 0.24915099999999996 0.10180200000000005 0.0040610000000000004 0.0041529999999999996 0.0039649999999999998 0.00099299999999999996 0.00097000000000000005 0.00095200000000000005 6.8323361222563426 6.8323361222563426 6.8323361222563426 0.0002413164593531694 0.0002413164593531694 0.0002413164593531694 1 1 1 Converged Converged Converged OK OK OK 91 91 91 91 91 91 5 5 5 0 0 0 0 1 0 0 1
37 37 uniform 1 23 376 3 0.0001 0.8119388771424555 0.00027302838820758042 0.000105356088426106 0.42019743390340586 0.023705149117792892 0.4202185051210911 0 -0.41999688326719936 6.7897253701514684 OK 14 13 0.47245700000000002 0.48833799999999999 0.13628899999999999 0.33448600000000001 0.180976 0 0.13797100000000001 0.30736200000000002 0.13628899999999999 0.010940999999999999 0.011049 0.010226000000000001 0.10244200000000005 0.27181899999999992 0.102219 0.0039899999999999996 0.004032 0.0039050000000000001 0.00096999999999999994 0.00098900000000000008 0.00095 6.7897227516978598 6.7897227516978598 6.7897227516978598 0.0002407664066263397 0.0002407664066263397 0.0002407664066263397 1 1 1 Converged Converged Converged OK OK OK 91 91 91 91 91 91 5 5 5 0 0 0 0 1 0 0 1
37 37 uniform 2 0 377 0 0.001 0.8119388771424555 0.00027302838820758042 0.000105356088426106 0.42147585783829056 -0.028044631140330959 0.42145478662060532 0 -0.42123316476671357 3.2875828096518531 OK 14 13 0.50214300000000001 0.50191699999999995 0.148447 0.35508400000000001 0.35123599999999999 0 0.147059 0.15068099999999995 0.148447 0.037368999999999999 0.040415 0.038940000000000002 0.087857000000000018 0.087888999999999995 0.087672999999999959 0.0028310000000000002 0.0029150000000000001 0.0028619999999999995 0.00071999999999999994 0.000812 0.000736 3.2876211638620694 3.2876211638620694 3.2876211638620694 0.0032118660032682774 0.0032118660032682774 0.0032118660032682774 1 1 1 Converged Converged Converged OK OK OK 66 66 66 66 66 66 6 6 6 0 0 0 0 0 1 0 0
37 37 uniform 2 7 377 1 0.001 0.8119388771424555 0.00027302838820758042 0.000105356088426106 0.42147585783829056 -0.028044631140330959 0.42146761257919635 0 -0.42124599072530461 3.106945573430941 OK 13 12 0.54181400000000002 0.46162399999999998 0.072499999999999995 0.46727099999999999 0.31937300000000002 0 0.074543000000000026 0.14225099999999996 0.072499999999999995 0.0084790000000000004 0.008319 0.0078879999999999992 0.051560000000000016 0.12009500000000001 0.051121999999999994 0.0021970000000000002 0.0021939999999999998 0.0021440000000000001 0.00061499999999999999 0.00060000000000000006 0.00057700000000000004 3.1069455516440319 3.1069455516440319 3.1069455516440319 0.0010943549136332674 0.0010943549136332674 0.0010943549136332674 1 1 1 Converged Converged Converged OK OK OK 45 45 45 45 45 45 3 3 3 0 0 0 0 1 0 0 1
37 37 uniform 2 15 377 2 0.001 0.8119388771424555 0.00027302838820758042 0.000105356088426106 0.42147585783829056 -0.028044631140330959 0.42148227081758605 0 -0.42126064896369431 3.1063093705832627 OK 13 12 0.41443600000000003 0.33202199999999998 0.072370000000000004 0.34021499999999999 0.192468 0 0.074221000000000037 0.13955399999999998 0.072370000000000004 0.0082979999999999998 0.008267 0.007659 0.05186699999999999 0.11736300000000002 0.051336 0.0021740000000000002 0.0022230000000000001 0.0021210000000000001 0.00058599999999999993 0.00059699999999999998 0.00053400000000000008 3.1063093488057865 3.1063093488057865 3.1063093488057865 0.0010941311551348823 0.0010941311551348823 0.0010941311551348823 1 1 1 Converged Converged Converged OK OK OK 45 45 45 45 45 45 3 3 3 0 0 0 0 1 0 0 1
37 37 uniform 2 23 377 3 0.001 0.8119388771424555 0.00027302838820758042 0.000105356088426106 0.42147585783829056 -0.028044631140330959 0.4214969290559758 0 -0.42127530720208406 3.1056766088171806 OK 13 12 0.39772299999999999 0.31589400000000001 0.073510000000000006 0.32283099999999998 0.17823600000000001 0 0.074892000000000014 0.137658 0.073510000000000006 0.0082260000000000007 0.0081989999999999997 0.0076540000000000002 0.052810000000000003 0.11565000000000003 0.05250500000000001 0.0021770000000000001 0.0022409999999999999 0.0021510000000000001 0.00058500000000000002 0.00055400000000000002 0.00054799999999999998 3.1056765870391292 3.1056765870391292 3.1056765870391292 0.0010939086191568575 0.0010939086191568575 0.0010939086191568575 1 1 1 Converged Converged Converged OK OK OK 45 45 45 45 45 45 3 3 3 0 0 0 0 1 0 0 1
37 37 uniform 2 0 377 0 0.0001 0.8119388771424555 0.00027302838820758042 0.000105356088426106 0.42147585783829056 -0.028044631140330959 0.42145478662060532 0 -0.42123316476671357 3.2875828096518531 OK 14 13 0.55507899999999999 0.552813 0.199907 0.35547499999999999 0.35027399999999997 0 0.199604 0.20253900000000002 0.199907 0.038176000000000002 0.040719999999999999 0.039279000000000001 0.12391500000000003 0.12416700000000001 0.12352699999999996 0.0050849999999999992 0.0051410000000000006 0.0050960000000000007 0.0011510000000000001 0.001237 0.0012129999999999999 3.2875825819177127 3.2875825819177127 3.2875825819177127 0.0001717834399729451 0.0001717834399729451 0.0001717834399729451 1 1 1 Converged Converged Converged OK OK OK 106 106 106 106 106 106 6 6 6 0 0 0 0 0 1 0 0
37 37 uniform 2 7 377 1 0.0001 0.8119388771424555 0.00027302838820758042 0.000105356088426106 0.42147585783829056 -0.028044631140330959 0.42146761257919635 0 -0.42124599072530461 3.106945573430941 OK 13 12 0.58728199999999997 0.57501999999999998 0.115798 0.47002899999999997 0.32413799999999998 0 0.117253 0.25088199999999999 0.115798 0.0084980000000000003 0.0084960000000000001 0.0079900000000000006 0.084594000000000003 0.21827000000000005 0.084572000000000008 0.0040269999999999993 0.0040010000000000002 0.0038860000000000006 0.00084400000000000013 0.00086000000000000009 0.00083599999999999994 3.106945551666684 3.106945551666684 3.106945551666684 5.9148171107484637e-05 5.9148171107484637e-05 5.9148171107484637e-05 1 1 1 Converged Converged Converged OK OK OK 77 77 77 77 77 77 3 3 3 0 0 0 0 1 0 0 1
37 37 uniform 2 15 377 2 0.0001 0.8119388771424555 0.00027302838820758042 0.000105356088426106 0.42147585783829056 -0.028044631140330959 0.42148227081758605 0 -0.42126064896369431 3.1063093705832627 OK 13 12 0.45333499999999999 0.43336400000000003 0.113507 0.33812900000000001 0.192412 0 0.11520599999999998 0.24095200000000003 0.113507 0.0082360000000000003 0.0083250000000000008 0.0076740000000000003 0.083089999999999983 0.20891900000000002 0.082867000000000052 0.0039020000000000001 0.0039269999999999999 0.0038309999999999998 0.00078899999999999988 0.00076500000000000005 0.00077099999999999998 3.1063093488266311 3.1063093488266311 3.1063093488266311 5.8947861799505805e-05 5.8947861799505805e-05 5.8947861799505805e-05 1 1 1 Converged Converged Converged OK OK OK 77 77 77 77 77 77 3 3 3 0 0 0 0 1 0 0 1
37 37 uniform 2 23 377 3 0.0001 0.8119388771424555 0.00027302838820758042 0.000105356088426106 0.42147585783829056 -0.028044631140330959 0.4214969290559758 0 -0.42127530720208406 3.1056766088171806 OK 13 12 0.43916500000000003 0.412466 0.11224099999999999 0.32528299999999999 0.178982 0 0.11388200000000004 0.233484 0.11224099999999999 0.0081390000000000004 0.0082830000000000004 0.0077330000000000003 0.082063999999999998 0.20132699999999992 0.081461999999999993 0.003921 0.0039939999999999993 0.0037800000000000004 0.000803 0.00080899999999999993 0.00076100000000000007 3.1056765870623098 3.1056765870623098 3.1056765870623098 5.8748810642728448e-05 5.8748810642728448e-05 5.8748810642728448e-05 1 1 1 Converged Converged Converged OK OK OK 77 77 77 77 77 77 3 3 3 0 0 0 0 1 0 0 1
37 37 uniform 3 0 378 0 0.001 0.8119388771424555 0.00027302838820758042 0.000105356088426106 0.41987725963557854 0.029760287132464164 0.41985618841789329 0 -0.41963456656400155 6.6166057892673775 OK 15 14 0.85498200000000002 0.848634 0.19747100000000001 0.65473599999999998 0.64883500000000005 0 0.20024600000000004 0.19979899999999995 0.19747100000000001 0.065381999999999996 0.064731999999999998 0.062576000000000007 0.10507599999999999 0.105638 0.10545599999999998 0.0037679999999999996 0.0038559999999999996 0.0038560000000000001 0.00096700000000000009 0.001005 0.000968 6.6166058728475816 6.6166058728475816 6.6166058728475816 0.0022327281541411705 0.0022327281541411705 0.0022327281541411705 1 1 1 Converged Converged Converged OK OK OK 82 82 82 82 82 82 6 6 6 0 0 0 0 0 1 0 0
37 37 uniform 3 7 378 1 0.001 0.8119388771424555 0.00027302838820758042 0.000105356088426106 0.41987725963557854 0.029760287132464164 0.41986901437648433 0 -0.41964739252259259 6.7510064448280751 OK 15 14 0.84877199999999997 0.78983899999999996 0.19354099999999999 0.65529700000000002 0.50254500000000002 0 0.19347499999999995 0.28729399999999994 0.19354099999999999 0.064461000000000004 0.065626000000000004 0.061377000000000001 0.10593599999999999 0.19812900000000006 0.10532399999999999 0.0036940000000000002 0.0039220000000000001 0.0036470000000000001 0.00097499999999999996 0.001008 0.00094199999999999991 6.7510063823837507 6.7510063823837507 6.7510063823837507 0.0024614006429036633 0.0024614006429036633 0.0024614006429036633 1 1 1 Converged Converged Converged OK OK OK 82 82 82 82 82 82 6 6 6 0 0 0 0 1 0 0 1
37 37 uniform 3 15 378 2 0.001 0.8119388771424555 0.00027302838820758042 0.000105356088426106 0.41987725963557854 0.029760287132464164 0.41988367261487403 0 -0.41966205076098229 6.9373137672237037 OK 15 14 0.65071800000000002 0.61287999999999998 0.191915 0.45353100000000002 0.31620599999999999 0 0.197187 0.29667399999999999 0.191915 0.064796999999999993 0.065659999999999996 0.060250999999999999 0.10958900000000002 0.20758800000000002 0.109287 0.0037270000000000003 0.0039709999999999997 0.003673 0.001021 0.00095300000000000007 0.00095100000000000002 6.9373136510211273 6.9373136510211273 6.9373136510211273 0.0033522206708048335 0.0033522206708048335 0.0033522206708048335 1 1 1 Converged Converged Converged OK OK OK 82 82 82 82 82 82 6 6 6 0 0 0 0 1 0 0 1
37 37 uniform 3 23 378 3 0.001 0.8119388771424555 0.00027302838820758042 0.000105356088426106 0.41987725963557854 0.029760287132464164 0.41989833085326378 0 -0.41967670899937204 7.1770031256738349 OK 15 14 0.709457 0.64331799999999995 0.187999 0.51491100000000001 0.36129299999999998 0 0.194546 0.28202499999999997 0.187999 0.064935999999999994 0.065037999999999999 0.060294 0.10631200000000006 0.19394700000000004 0.10542299999999998 0.0038240000000000001 0.0037790000000000002 0.0035789999999999997 0.00097199999999999999 0.00095799999999999998 0.00097000000000000005 7.1770029836874487 7.1770029836874487 7.1770029836874487 0.0054938935105776701 0.0054938935105776701 0.0054938935105776701 1 1 1 Converged Converged Converged OK OK OK 82 82 82 82 82 82 6 6 6 0 0 0 0 1 0 0 1
37 37 uniform 3 0 378 0 0.0001 0.8119388771424555 0.00027302838820758042 0.000105356088426106 0.41987725963557854 0.029760287132464164 0.41985618841789329 0 -0.41963456656400155 6.6166057892673775 OK 15 14 0.92114200000000002 0.91720599999999997 0.26798499999999997 0.64961199999999997 0.64860700000000004 0 0.27153000000000005 0.26859899999999992 0.26798499999999997 0.066624000000000003 0.064447000000000004 0.063903000000000001 0.15546099999999999 0.15556000000000003 0.155026 0.0064029999999999998 0.0063060000000000008 0.0063629999999999997 0.0014519999999999999 0.0014109999999999999 0.0014000000000000002 6.6166058720229319 6.6166058720229319 6.6166058720229319 0.00060361397486644963 0.00060361397486644963 0.00060361397486644963 1 1 1 Converged Converged Converged OK OK OK 130 130 130 130 130 130 6 6 6 0 0 0 0 0 1 0 0
37 37 uniform 3 7 378 1 0.0001 0.8119388771424555 0.00027302838820758042 0.000105356088426106 0.41987725963557854 0.029760287132464164 0.41986901437648433 0 -0.41964739252259259 6.7510064448280751 OK 15 14 0.90634999999999999 0.89058199999999998 0.24088799999999999 0.65486299999999997 0.50364600000000004 0 0.25148700000000002 0.38693599999999995 0.24088799999999999 0.067679000000000003 0.064880999999999994 0.061490999999999997 0.14731699999999995 0.28683399999999992 0.14539999999999995 0.0069579999999999998 0.0061279999999999998 0.0057239999999999999 0.0014869999999999998 0.0013610000000000002 0.0012910000000000003 6.751006381659197 6.751006381659197 6.751006381659197 0.00061476464750577389 0.00061476464750577389 0.00061476464750577389 1 1 1 Converged Converged Converged OK OK OK 122 122 122 122 122 122 6 6 6 0 0 0 0 1 0 0 1
37 37 uniform 3 15 378 2 0.0001 0.8119388771424555 0.00027302838820758042 0.000105356088426106 0.41987725963557854 0.029760287132464164 0.41988367261487403 0 -0.41966205076098229 6.9373137672237037 OK 15 14 0.70210499999999998 0.72043299999999999 0.23927599999999999 0.45360699999999998 0.31657099999999999 0 0.248498 0.403862 0.23927599999999999 0.064304 0.069167999999999993 0.060499999999999998 0.14969200000000002 0.29934100000000008 0.14475099999999991 0.0057710000000000001 0.0061650000000000012 0.0057970000000000001 0.0013249999999999998 0.0013570000000000001 0.001279 6.9373136478389723 6.9373136478389723 6.9373136478389723 0.00054078375614576262 0.00054078375614576262 0.00054078375614576262 1 1 1 Converged Converged Converged OK OK OK 122 122 122 122 122 122 6 6 6 0 0 0 0 1 0 0 1
37 37 uniform 3 23 378 3 0.0001 0.8119388771424555 0.00027302838820758042 0.000105356088426106 0.41987725963557854 0.029760287132464164 0.41989833085326378 0 -0.41967670899937204 7.1770031256738349 OK 15 14 0.76131700000000002 0.76431199999999999 0.24390500000000001 0.51121700000000003 0.36091000000000001 0 0.25009999999999999 0.40340199999999998 0.24390500000000001 0.065236000000000002 0.064612000000000003 0.060511000000000002 0.15041699999999994 0.30351400000000001 0.14961500000000005 0.0056989999999999992 0.0062129999999999989 0.0057710000000000001 0.0012719999999999999 0.0013209999999999999 0.0013579999999999998 7.1770029384266198 7.1770029384266198 7.1770029384266198 0.00053130272921381465 0.00053130272921381465 0.00053130272921381465 1 1 1 Converged Converged Converged OK OK OK 122 122 122 122 122 122 6 6 6 0 0 0 0 1 0 0 1
37 37 uniform 4 0 379 0 0.001 0.8119388771424555 0.00027302838820758042 0.000105356088426106 0.42313387246209899 -0.023623287996858991 0.42311280124441375 0 -0.42289117939052201 2.1263877945056131 OK 13 12 0.478348 0.47789900000000002 0.077610999999999999 0.39951900000000001 0.398949 0 0.078828999999999982 0.07895000000000002 0.077610999999999999 0.0088030000000000001 0.0088229999999999992 0.0084989999999999996 0.053931 0.054315999999999989 0.053781999999999996 0.0022049999999999999 0.0022040000000000002 0.0021650000000000003 0.00055499999999999994 0.00055500000000000005 0.00054699999999999996 2.1263877793520707 2.1263877793520707 2.1263877793520707 0.00074905818690238662 0.00074905818690238662 0.00074905818690238662 1 1 1 Converged Converged Converged OK OK OK 45 45 45 45 45 45 3 3 3 0 0 0 0 0 1 0 0
37 37 uniform 4 7 379 1 0.001 0.8119388771424555 0.00027302838820758042 0.000105356088426106 0.42313387246209899 -0.023623287996858991 0.42312562720300478 0 -0.42290400534911304 2.1269655343183658 OK 13 12 0.38342599999999999 0.27587099999999998 0.074358999999999995 0.30718499999999999 0.14852199999999999 0 0.076241000000000003 0.12734899999999999 0.074358999999999995 0.0081030000000000008 0.0081110000000000002 0.0076350000000000003 0.054037999999999996 0.10530600000000001 0.053305000000000019 0.002245 0.0022920000000000002 0.002189 0.00056299999999999992 0.000553 0.00053799999999999996 2.126965519157785 2.126965519157785 2.126965519157785 0.00074926451841611399 0.00074926451841611399 0.00074926451841611399 1 1 1 Converged Converged Converged OK OK OK 45 45 45 45 45 45 3 3 3 0 0 0 0 1 0 0 1
37 37 uniform 4 15 379 2 0.001 0.8119388771424555 0.00027302838820758042 0.000105356088426106 0.42313387246209899 -0.023623287996858991 0.42314028544139448 0 -0.42291866358750274 2.1276303978175486 OK 13 12 0.38972499999999999 0.288246 0.071790000000000007 0.316523 0.15559700000000001 0 0.073201999999999989 0.13264899999999999 0.071790000000000007 0.0081519999999999995 0.0081930000000000006 0.007646 0.051208999999999998 0.11060700000000004 0.050772999999999992 0.002176 0.0022559999999999998 0.0021389999999999998 0.00055000000000000003 0.00055199999999999997 0.00054200000000000006 2.1276303826594258 2.1276303826594258 2.1276303826594258 0.0007495019816101653 0.0007495019816101653 0.0007495019816101653 1 1 1 Converged Converged Converged OK OK OK 45 45 45 45 45 45 3 3 3 0 0 0 0 1 0 0 1
37 37 uniform 4 23 379 3 0.001 0.8119388771424555 0.00027302838820758042 0.000105356088426106 0.42313387246209899 -0.023623287996858991 0.42315494367978423 0 -0.42293332182589249 2.128300188451969 OK 13 12 0.50365400000000005 0.409051 0.074749999999999997 0.427199 0.26608900000000002 0 0.076455000000000051 0.14296199999999998 0.074749999999999997 0.0081659999999999996 0.0081510000000000003 0.0076020000000000003 0.054166000000000006 0.11665899999999998 0.053863000000000008 0.0021700000000000001 0.0022799999999999999 0.002134 0.00055200000000000008 0.00056899999999999995 0.00053800000000000007 2.1283001732845488 2.1283001732845488 2.1283001732845488 0.00074974123090346893 0.00074974123090346893 0.00074974123090346893 1 1 1 Converged Converged Converged OK OK OK 45 45 45 45 45 45 3 3 3 0 0 0 0 1 0 0 1
37 37 uniform 4 0 379 0 0.0001 0.8119388771424555 0.00027302838820758042 0.000105356088426106 0.42313387246209899 -0.023623287996858991 0.42311280124441375 0 -0.42289117939052201 2.1263877945056131 OK 13 12 0.492095 0.49443300000000001 0.095838999999999994 0.39526899999999998 0.39759699999999998 0 0.096826000000000023 0.096836000000000033 0.095838999999999994 0.0087600000000000004 0.0088450000000000004 0.0085839999999999996 0.066779999999999978 0.066874000000000003 0.066461999999999993 0.0030490000000000001 0.0030299999999999997 0.0030030000000000005 0.00068300000000000001 0.00069700000000000003 0.00066700000000000006 2.1263877793656696 2.1263877793656696 2.1263877793656696 0.00012983324105849691 0.00012983324105849691 0.00012983324105849691 1 1 1 Converged Converged Converged OK OK OK 61 61 61 61 61 61 3 3 3 0 0 0 0 0 1 0 0
37 37 uniform 4 7 379 1 0.0001 0.8119388771424555 0.00027302838820758042 0.000105356088426106 0.42313387246209899 -0.023623287996858991 0.42312562720300478 0 -0.42290400534911304 2.1269655343183658 OK 13 12 0.39672000000000002 0.31541599999999997 0.096126000000000003 0.29952499999999999 0.14946400000000001 0 0.097195000000000031 0.16595199999999996 0.096126000000000003 0.0080649999999999993 0.0081340000000000006 0.0077470000000000004 0.070364999999999997 0.13911399999999996 0.069943999999999978 0.003026 0.0030639999999999999 0.0029820000000000003 0.000669 0.00066700000000000006 0.00064999999999999997 2.1269655191716201 2.1269655191716201 2.1269655191716201 0.0001300513311201288 0.0001300513311201288 0.0001300513311201288 1 1 1 Converged Converged Converged OK OK OK 61 61 61 61 61 61 3 3 3 0 0 0 0 1 0 0 1
37 37 uniform 4 15 379 2 0.0001 0.8119388771424555 0.00027302838820758042 0.000105356088426106 0.42313387246209899 -0.023623287996858991 0.42314028544139448 0 -0.42291866358750274 2.1276303978175486 OK 13 12 0.41070499999999999 0.331038 0.097234000000000001 0.31512499999999999 0.15462899999999999 0 0.095579999999999998 0.17640900000000001 0.097234000000000001 0.0081060000000000004 0.0081720000000000004 0.0077759999999999999 0.068745999999999988 0.14936699999999997 0.070857000000000003 0.0030079999999999998 0.0031280000000000001 0.0030429999999999997 0.00066600000000000003 0.00066299999999999996 0.00067299999999999999 2.1276303826688632 2.1276303826688632 2.1276303826688632 0.00013030223048265727 0.00013030223048265727 0.00013030223048265727 1 1 1 Converged Converged Converged OK OK OK 61 61 61 61 61 61 3 3 3 0 0 0 0 1 0 0 1
37 37 uniform 4 23 379 3 0.0001 0.8119388771424555 0.00027302838820758042 0.000105356088426106 0.42313387246209899 -0.023623287996858991 0.42315494367978423 0 -0.42293332182589249 2.128300188451969 OK 13 12 0.52015100000000003 0.44614700000000002 0.096086000000000005 0.42257499999999998 0.268953 0 0.097576000000000052 0.17719400000000002 0.096086000000000005 0.0081119999999999994 0.0081499999999999993 0.0076220000000000003 0.070820999999999995 0.15001699999999993 0.070213999999999985 0.0030400000000000002 0.0030739999999999999 0.00298 0.00066699999999999995 0.00069899999999999997 0.00065399999999999985 2.1283001732962736 2.1283001732962736 2.1283001732962736 0.00013055492541948305 0.00013055492541948305 0.00013055492541948305 1 1 1 Converged Converged Converged OK OK OK 61 61 61 61 61 61 3 3 3 0 0 0 0 1 0 0 1
38 38 linear 0 0 380 0 0.001 0.33431791495940921 0.034131376294291214 0.0004973068791419 0.0041646795837972147 3.5973343130009468e-05 0.0040652182079688346 0.5 0.0069689026193980761 1252.777975068436 OK 17 16 1.263855 1.2478130000000001 0.37851200000000002 0.875085 0.86434699999999998 0 0.38876999999999995 0.38346600000000008 0.37851200000000002 0.017292999999999999 0.017420999999999999 0.016708000000000001 0.32738500000000009 0.32249099999999997 0.31820800000000005 0.0056600000000000001 0.0056869999999999993 0.0059580000000000006 0.0013700000000000001 0.001333 0.001397 1252.791609286538 1252.791609286538 1252.791609286538 0.32514486632606365 0.32514486632606365 0.32514486632606365 1 1 1 Converged Converged Converged OK OK OK 125 125 125 125 125 125 11 11 11 0 0 0 0 0 1 0 0
38 38 linear 0 7 380 1 0.001 0.33431791495940921 0.034131376294291214 0.0004973068791419 0.0041646795837972147 3.5973343130009468e-05 0.0041257599149948053 0.5 0.0069083609123721055 1241.0025432419966 OK 17 16 1.1992879999999999 1.199457 0.36626300000000001 0.82103599999999999 0.71727600000000002 0 0.37825199999999992 0.48218099999999997 0.36626300000000001 0.015802 0.016383000000000002 0.015061 0.33267200000000002 0.43589899999999998 0.32237000000000016 0.00547 0.0055900000000000004 0.0055850000000000006 0.0013889999999999998 0.0013749999999999999 0.0014379999999999998 1241.0112610893564 1241.0112610893564 1241.0112610893564 0.45670239707028698 0.45670239707028698 0.45670239707028698 1 1 1 Converged Converged Converged OK OK OK 125 125 125 125 125 125 11 11 11 0 0 0 0 1 0 0 1
38 38 linear 0 15 380 2 0.001 0.33431791495940921 0.034131376294291214 0.0004973068791419 0.0041646795837972147 3.5973343130009468e-05 0.0041949504373101996 0.5 0.0068391703900567112 1222.6288158381726 OK 17 16 1.2137359999999999 1.2666999999999999 0.43961699999999998 0.77370300000000003 0.62745700000000004 0 0.4400329999999999 0.63924299999999989 0.43961699999999998 0.014607999999999999 0.014560999999999999 0.013908999999999999 0.38329099999999966 0.58241100000000001 0.3833249999999998 0.0088389999999999996 0.0088129999999999997 0.0095499999999999995 0.001449 0.0014169999999999999 0.0014449999999999999 1222.6352723603584 1222.6352723603584 1222.6352723603584 0.23856261555651215 0.23856261555651215 0.23856261555651215 1 1 1 Converged Converged Converged OK OK OK 157 157 157 157 157 157 11 11 11 0 0 0 0 1 0 0 1
38 38 linear 0 23 380 3 0.001 0.33431791495940921 0.034131376294291214 0.0004973068791419 0.0041646795837972147 3.5973343130009468e-05 0.0042641409596255947 0.5 0.0067699798677413161 1199.6481581218611 OK 17 16 1.115872 1.0721750000000001 0.35660599999999998 0.76635399999999998 0.63529199999999997 0 0.349518 0.43688300000000013 0.35660599999999998 0.015911000000000002 0.016518000000000001 0.016626999999999999 0.30554900000000007 0.39116300000000009 0.31072599999999995 0.0047620000000000006 0.0056119999999999989 0.0054979999999999994 0.001054 0.0011769999999999999 0.0010399999999999999 1199.6526842354851 1199.6526842354851 1199.6526842354851 0.46022177588265978 0.46022177588265978 0.46022177588265978 1 1 1 Converged Converged Converged OK OK OK 110 110 110 110 110 110 10 10 10 0 0 0 0 1 0 0 1
38 38 linear 0 0 380 0 0.0001 0.33431791495940921 0.034131376294291214 0.0004973068791419 0.0041646795837972147 3.5973343130009468e-05 0.0040652182079688346 0.5 0.0069689026193980761 1252.777975068436 OK 17 16 1.40839 1.391551 0.51940399999999998 0.87575899999999995 0.87251400000000001 0 0.53263100000000008 0.51903699999999997 0.51940399999999998 0.017718999999999999 0.016910999999999999 0.016989000000000001 0.4499709999999999 0.43857499999999972 0.43834200000000018 0.010399 0.0096559999999999997 0.010344000000000001 0.0019149999999999998 0.0019119999999999999 0.0020250000000000003 1252.7872409431441 1252.7872409431441 1252.7872409431441 0.11247812388446651 0.11247812388446651 0.11247812388446651 1 1 1 Converged Converged Converged OK OK OK 181 181 181 181 181 181 11 11 11 0 0 0 0 0 1 0 0
38 38 linear 0 7 380 1 0.0001 0.33431791495940921 0.034131376294291214 0.0004973068791419 0.0041646795837972147 3.5973343130009468e-05 0.0041257599149948053 0.5 0.0069083609123721055 1241.0025432419966 OK 17 16 1.3280940000000001 1.434561 0.49939699999999998 0.81453699999999996 0.71603899999999998 0 0.51355700000000015 0.71852199999999999 0.49939699999999998 0.016125 0.015722 0.015141999999999999 0.45270900000000014 0.65898100000000015 0.44119900000000023 0.010067 0.0095960000000000004 0.0097790000000000012 0.0019679999999999997 0.0019780000000000002 0.0019220000000000001 1241.0069807305126 1241.0069807305126 1241.0069807305126 0.10027221580801175 0.10027221580801175 0.10027221580801175 1 1 1 Converged Converged Converged OK OK OK 181 181 181 181 181 181 11 11 11 0 0 0 0 1 0 0 1
38 38 linear 0 15 380 2 0.0001 0.33431791495940921 0.034131376294291214 0.0004973068791419 0.0041646795837972147 3.5973343130009468e-05 0.0041949504373101996 0.5 0.0068391703900567112 1222.6288158381726 OK 17 16 1.2847999999999999 1.3637239999999999 0.50224999999999997 0.77280099999999996 0.63341899999999995 0 0.51199899999999998 0.73030499999999998 0.50224999999999997 0.014619999999999999 0.014997 0.013806000000000001 0.45427199999999979 0.67102999999999979 0.44577900000000009 0.0093530000000000002 0.0098700000000000003 0.009303999999999998 0.001637 0.0017289999999999999 0.001797 1222.6309194400772 1222.6309194400772 1222.6309194400772 0.073083689324888915 0.073083689324888915 0.073083689324888915 1 1 1 Converged Converged Converged OK OK OK 181 181 181 181 181 181 11 11 11 0 0 0 0 1 0 0 1
38 38 linear 0 23 380 3 0.0001 0.33431791495940921 0.034131376294291214 0.0004973068791419 0.0041646795837972147 3.5973343130009468e-05 0.0042641409596255947 0.5 0.0067699798677413161 1199.6481581218611 OK 17 16 1.2024109999999999 1.2450909999999999 0.43278800000000001 0.76406099999999999 0.63367300000000004 0 0.43834999999999991 0.61141799999999991 0.43278800000000001 0.016049000000000001 0.016497000000000001 0.016584999999999999 0.38010800000000006 0.55012000000000005 0.37411 0.0081950000000000009 0.0099380000000000007 0.008431000000000001 0.001451 0.0015140000000000002 0.0014379999999999998 1199.6532660804053 1199.6532660804053 1199.6532660804053 0.1170345809269228 0.1170345809269228 0.1170345809269228 1 1 1 Converged Converged Converged OK OK OK 150 150 150 150 150 150 10 10 10 0 0 0 0 1 0 0 1
38 38 linear 1 0 381 0 0.001 0.33431791495940921 0.034131376294291214 0.0004973068791419 2.4807247494585556 1.0132250800955287 2.4806252880827273 0.5 -2.4695911672553605 4.4697860407276941 OK 14 13 1.080055 1.075658 0.27967599999999998 0.79292600000000002 0.79417300000000002 0 0.28712899999999997 0.28148499999999999 0.27967599999999998 0.012703000000000001 0.01308 0.012651000000000001 0.24614899999999998 0.23922499999999994 0.23913500000000001 0.0037210000000000003 0.0042029999999999993 0.0035979999999999996 0.00087900000000000001 0.00097499999999999996 0.00085399999999999994 4.4698250098362005 4.4698250098362005 4.4698250098362005 0.0029193219476563292 0.0029193219476563292 0.0029193219476563292 1 1 1 Converged Converged Converged OK OK OK 81 81 81 81 81 81 7 7 7 0 0 0 0 0 1 0 0
38 38 linear 1 7 381 1 0.001 0.33431791495940921 0.034131376294291214 0.0004973068791419 2.4807247494585556 1.0132250800955287 2.4806858297897532 0.5 -2.4696517089623864 4.2685186143323408 OK 14 13 1.089798 1.0611379999999999 0.28844399999999998 0.79565900000000001 0.65154199999999995 0 0.29413900000000004 0.40959599999999996 0.28844399999999998 0.012029 0.012130999999999999 0.011469999999999999 0.25328500000000009 0.36800899999999998 0.24861800000000001 0.0049490000000000003 0.0051619999999999999 0.0049939999999999993 0.001023 0.001031 0.001039 4.2685425868357383 4.2685425868359888 4.2685425868357383 0.0026069923683117256 0.0026069923677796694 0.0026069923683117256 1 1 1 Converged Converged Converged OK OK OK 97 97 97 97 97 97 7 7 7 0 0 0 0 1 0 0 1
38 38 linear 1 15 381 2 0.001 0.33431791495940921 0.034131376294291214 0.0004973068791419 2.4807247494585556 1.0132250800955287 2.4807550203120687 0.5 -2.469720899484702 3.9524640192920582 OK 14 13 0.99221099999999995 1.04165 0.29766700000000001 0.68833800000000001 0.65650500000000001 0 0.30387299999999995 0.38514499999999996 0.29766700000000001 0.012335 0.012444 0.011556 0.26702700000000007 0.3480410000000001 0.2622520000000001 0.0043430000000000005 0.0043130000000000009 0.0041029999999999999 0.00095099999999999991 0.00095 0.00095999999999999992 3.9524860159589323 3.9524860159588857 3.9524860159589323 0.0024374850107453851 0.0024374850106473138 0.0024374850107453851 1 1 1 Converged Converged Converged OK OK OK 89 89 89 89 89 89 7 7 7 0 0 0 0 1 0 0 1
38 38 linear 1 23 381 3 0.001 0.33431791495940921 0.034131376294291214 0.0004973068791419 2.4807247494585556 1.0132250800955287 2.4808242108343839 0.5 -2.4697900900070171 3.5316425378115874 OK 14 13 1.116371 1.0247649999999999 0.29153800000000002 0.821102 0.65492300000000003 0 0.295269 0.36984199999999989 0.29153800000000002 0.012409 0.012547000000000001 0.011667 0.25808500000000006 0.33367900000000011 0.25671499999999992 0.0048440000000000002 0.0042629999999999994 0.0041130000000000003 0.0010890000000000001 0.0010969999999999999 0.001005 3.5316481682030654 3.5316481682028531 3.5316481682030654 0.0029411493906851445 0.002941149390518271 0.0029411493906851445 1 1 1 Converged Converged Converged OK OK OK 82 82 82 82 82 82 6 6 6 0 0 0 0 1 0 0 1
38 38 linear 1 0 381 0 0.0001 0.33431791495940921 0.034131376294291214 0.0004973068791419 2.4807247494585556 1.0132250800955287 2.4806252880827273 0.5 -2.4695911672553605 4.4697860407276941 OK 14 13 1.237894 1.235358 0.433564 0.79352599999999995 0.79708999999999997 0 0.4443680000000001 0.43826799999999999 0.433564 0.012819000000000001 0.012916 0.012710000000000001 0.37958099999999978 0.37325199999999997 0.369616 0.0070980000000000001 0.0071220000000000007 0.0066440000000000006 0.001418 0.0014990000000000001 0.001462 4.4698250960058399 4.4698250960058399 4.4698250960058399 0.00028168864201970914 0.00028168864201970914 0.00028168864201970914 1 1 1 Converged Converged Converged OK OK OK 137 137 137 137 137 137 7 7 7 0 0 0 0 0 1 0 0
38 38 linear 1 7 381 1 0.0001 0.33431791495940921 0.034131376294291214 0.0004973068791419 2.4807247494585556 1.0132250800955287 2.4806858297897532 0.5 -2.4696517089623864 4.2685186143323408 OK 14 13 1.2134819999999999 1.237949 0.41387099999999999 0.79685399999999995 0.650509 0 0.416628 0.58743999999999996 0.41387099999999999 0.01206 0.012258 0.011351999999999999 0.36487800000000009 0.53503000000000001 0.36338400000000015 0.0069069999999999999 0.0071549999999999999 0.0068240000000000002 0.0014560000000000003 0.0014109999999999999 0.0014010000000000003 4.2685436566759005 4.268543656676151 4.2685436566759005 0.00037646915043090156 0.0003764691498988455 0.00037646915043090156 1 1 1 Converged Converged Converged OK OK OK 137 137 137 137 137 137 7 7 7 0 0 0 0 1 0 0 1
38 38 linear 1 15 381 2 0.0001 0.33431791495940921 0.034131376294291214 0.0004973068791419 2.4807247494585556 1.0132250800955287 2.4807550203120687 0.5 -2.469720899484702 3.9524640192920582 OK 14 13 1.112441 1.246157 0.41530800000000001 0.68812499999999999 0.65724400000000005 0 0.42431600000000003 0.58891299999999991 0.41530800000000001 0.012241 0.012345 0.011658999999999999 0.37203999999999998 0.53654700000000011 0.36467700000000003 0.0070619999999999997 0.0071199999999999996 0.0069350000000000002 0.0014000000000000002 0.0014139999999999999 0.0013880000000000001 3.952486067966321 3.9524860679662739 3.952486067966321 0.00014107387878063647 0.00014107387868256507 0.00014107387878063647 1 1 1 Converged Converged Converged OK OK OK 137 137 137 137 137 137 7 7 7 0 0 0 0 1 0 0 1
38 38 linear 1 23 381 3 0.0001 0.33431791495940921 0.034131376294291214 0.0004973068791419 2.4807247494585556 1.0132250800955287 2.4808242108343839 0.5 -2.4697900900070171 3.5316425378115874 OK 14 13 1.1959519999999999 1.1963220000000001 0.36291200000000001 0.82000600000000001 0.65424099999999996 0 0.37594599999999989 0.54208100000000015 0.36291200000000001 0.012656000000000001 0.012499 0.011787000000000001 0.32264699999999991 0.49399900000000008 0.31632799999999994 0.0072329999999999998 0.0064329999999999995 0.0062909999999999988 0.0014469999999999997 0.001449 0.0014619999999999998 3.5316477089665552 3.5316477089664442 3.5316477089665552 0.00030752096019957055 0.00030752096012178273 0.00030752096019957055 1 1 1 Converged Converged Converged OK OK OK 122 122 122 122 122 122 6 6 6 0 0 0 0 1 0 0 1
38 38 linear 2 0 382 0 0.001 0.33431791495940921 0.034131376294291214 0.0004973068791419 2.4780099344248043 -1.0049977114652475 2.477910473048976 0.5 -2.4668763522216093 2.3611548049417133 OK 13 12 0.67006500000000002 0.66872799999999999 0.170238 0.49274499999999999 0.49728099999999997 0 0.17732000000000003 0.17144700000000002 0.170238 0.0094059999999999994 0.0093950000000000006 0.0089630000000000005 0.13923099999999997 0.137101 0.13696800000000009 0.0035019999999999999 0.0035700000000000003 0.0034280000000000005 0.00088500000000000004 0.00097999999999999997 0.00086299999999999994 2.3611081833376661 2.3611081833376661 2.3611081833376661 0.0020615073143431194 0.0020615073143431194 0.0020615073143431194 1 1 1 Converged Converged Converged OK OK OK 75 75 75 75 75 75 5 5 5 0 0 0 0 0 1 0 0
38 38 linear 2 7 382 1 0.001 0.33431791495940921 0.034131376294291214 0.0004973068791419 2.4780099344248043 -1.0049977114652475 2.4779710147560019 0.5 -2.4669368939286351 2.125579686739834 OK 13 12 0.686276 0.66659599999999997 0.13770399999999999 0.54397799999999996 0.406528 0 0.14229800000000004 0.26006799999999997 0.13770399999999999 0.0085299999999999994 0.0085280000000000009 0.0079039999999999996 0.11390100000000002 0.23219399999999996 0.11130900000000001 0.0035230000000000001 0.0033779999999999995 0.0031569999999999997 0.00075700000000000008 0.00075199999999999996 0.00072999999999999996 2.1255770896369341 2.1255770896369341 2.1255770896369341 0.00059774065269855062 0.00059774065269855062 0.00059774065269855062 1 1 1 Converged Converged Converged OK OK OK 68 68 68 68 68 68 4 4 4 0 0 0 0 1 0 0 1
38 38 linear 2 15 382 2 0.001 0.33431791495940921 0.034131376294291214 0.0004973068791419 2.4780099344248043 -1.0049977114652475 2.4780402052783175 0.5 -2.4670060844509507 2.0168126879893187 OK 13 12 0.75120799999999999 0.71312799999999998 0.15051300000000001 0.59388700000000005 0.46020699999999998 0 0.15732099999999993 0.25292100000000001 0.15051300000000001 0.0081930000000000006 0.0084499999999999992 0.0078059999999999996 0.13135199999999997 0.22672200000000001 0.12571999999999997 0.0034990000000000004 0.003421 0.0032469999999999999 0.00076800000000000002 0.00079599999999999994 0.00076000000000000004 2.0168121062585178 2.0168121062585178 2.0168121062585178 0.0019867346360053001 0.0019867346360053001 0.0019867346360053001 1 1 1 Converged Converged Converged OK OK OK 68 68 68 68 68 68 4 4 4 0 0 0 0 1 0 0 1
38 38 linear 2 23 382 3 0.001 0.33431791495940921 0.034131376294291214 0.0004973068791419 2.4780099344248043 -1.0049977114652475 2.4781093958006326 0.5 -2.4670752749732658 1.9384843097714883 OK 13 12 0.75785599999999997 0.72088200000000002 0.154749 0.59880999999999995 0.471001 0 0.15904600000000002 0.24988100000000002 0.154749 0.0083149999999999995 0.0083529999999999993 0.00779 0.13076699999999997 0.22152799999999995 0.12780100000000003 0.00362 0.0036700000000000001 0.0033800000000000002 0.000812 0.00083700000000000007 0.00078800000000000007 1.9384830037324756 1.9384830037324756 1.9384830037324756 0.0018841405562188742 0.0018841405562188742 0.0018841405562188742 1 1 1 Converged Converged Converged OK OK OK 61 61 61 61 61 61 3 3 3 0 0 0 0 1 0 0 1
38 38 linear 2 0 382 0 0.0001 0.33431791495940921 0.034131376294291214 0.0004973068791419 2.4780099344248043 -1.0049977114652475 2.477910473048976 0.5 -2.4668763522216093 2.3611548049417133 OK 13 12 0.747448 0.74354699999999996 0.24981500000000001 0.49984200000000001 0.49622500000000003 0 0.24760599999999999 0.24732199999999993 0.24981500000000001 0.0092449999999999997 0.0095250000000000005 0.0091310000000000002 0.20149899999999993 0.20004 0.20327000000000009 0.0049809999999999993 0.0055910000000000014 0.0051610000000000007 0.0011889999999999997 0.001338 0.0012569999999999999 2.3611255836532807 2.3611255836532807 2.3611255836532807 0.00011128592462744578 0.00011128592462744578 0.00011128592462744578 1 1 1 Converged Converged Converged OK OK OK 107 107 107 107 107 107 5 5 5 0 0 0 0 0 1 0 0
38 38 linear 2 7 382 1 0.0001 0.33431791495940921 0.034131376294291214 0.0004973068791419 2.4780099344248043 -1.0049977114652475 2.4779710147560019 0.5 -2.4669368939286351 2.125579686739834 OK 13 12 0.74679899999999999 0.77042999999999995 0.196025 0.54637000000000002 0.40252700000000002 0 0.20042899999999997 0.36790299999999992 0.196025 0.0083669999999999994 0.0085179999999999995 0.0078860000000000006 0.16568000000000002 0.33285000000000003 0.16269400000000001 0.0049220000000000002 0.0047150000000000004 0.0044450000000000002 0.001083 0.0010809999999999999 0.00106 2.1255770656432702 2.1255770656432702 2.1255770656432702 0.00013507830460092495 0.00013507830460092495 0.00013507830460092495 1 1 1 Converged Converged Converged OK OK OK 92 92 92 92 92 92 4 4 4 0 0 0 0 1 0 0 1
38 38 linear 2 15 382 2 0.0001 0.33431791495940921 0.034131376294291214 0.0004973068791419 2.4780099344248043 -1.0049977114652475 2.4780402052783175 0.5 -2.4670060844509507 2.0168126879893187 OK 13 12 0.80085399999999995 0.859213 0.19761999999999999 0.59516400000000003 0.46101599999999998 0 0.20568999999999993 0.39819700000000002 0.19761999999999999 0.0083429999999999997 0.0083119999999999999 0.0077460000000000003 0.16911499999999996 0.36159500000000017 0.16259200000000001 0.0051789999999999996 0.0052860000000000008 0.005287 0.001059 0.001021 0.00096099999999999994 2.0168121072854932 2.0168121072854932 2.0168121072854932 0.00010386639718286166 0.00010386639718286166 0.00010386639718286166 1 1 1 Converged Converged Converged OK OK OK 100 100 100 100 100 100 4 4 4 0 0 0 0 1 0 0 1
38 38 linear 2 23 382 3 0.0001 0.33431791495940921 0.034131376294291214 0.0004973068791419 2.4780099344248043 -1.0049977114652475 2.4781093958006326 0.5 -2.4670752749732658 1.9384843097714883 OK 13 12 0.77672699999999995 0.77885099999999996 0.17979899999999999 0.59179199999999998 0.47144399999999997 0 0.18493499999999996 0.30740699999999999 0.17979899999999999 0.0083979999999999992 0.0084499999999999992 0.0077889999999999999 0.15149599999999994 0.27382599999999996 0.14786000000000002 0.0044889999999999999 0.004646 0.0043309999999999998 0.00093800000000000003 0.00095200000000000005 0.00092400000000000013 1.938483004664749 1.938483004664749 1.938483004664749 0.00017342153813869687 0.00017342153813869687 0.00017342153813869687 1 1 1 Converged Converged Converged OK OK OK 77 77 77 77 77 77 3 3 3 0 0 0 0 1 0 0 1
38 38 linear 3 0 383 0 0.001 0.33431791495940921 0.034131376294291214 0.0004973068791419 -0.0015767203885906232 -0.0056098416901226422 -0.0016761817644190033 0.5 0.012710302591785913 114.90032700674138 OK 13 12 0.398673 0.39530300000000002 0.085698999999999997 0.31068000000000001 0.308309 0 0.087992999999999988 0.086994000000000016 0.085698999999999997 0.010225 0.010144 0.0099129999999999999 0.059167000000000004 0.058434000000000014 0.057579000000000005 0.0027899999999999999 0.0030289999999999996 0.0026980000000000003 0.00058299999999999997 0.00059099999999999995 0.00055500000000000005 114.90027047921784 114.90027047921784 114.90027047921784 0.065402197706291659 0.065402197706291659 0.065402197706291659 1 1 1 Converged Converged Converged OK OK OK 53 53 53 53 53 53 3 3 3 0 0 0 0 0 1 0 0
38 38 linear 3 7 383 1 0.001 0.33431791495940921 0.034131376294291214 0.0004973068791419 -0.0015767203885906232 -0.0056098416901226422 -0.0016156400573930328 0.5 0.012649760884759944 115.93262422754243 OK 13 12 0.404005 0.39518599999999998 0.087145 0.31435400000000002 0.188443 0 0.089650999999999981 0.20674299999999998 0.087145 0.0090019999999999996 0.0091889999999999993 0.008541 0.064012999999999987 0.18049100000000001 0.062490000000000011 0.0028039999999999996 0.003052 0.002748 0.00058 0.00061299999999999994 0.00056000000000000006 115.93257297510596 115.93257297510596 115.93257297510596 0.06556582345221941 0.06556582345221941 0.06556582345221941 1 1 1 Converged Converged Converged OK OK OK 53 53 53 53 53 53 3 3 3 0 0 0 0 1 0 0 1
38 38 linear 3 15 383 2 0.001 0.33431791495940921 0.034131376294291214 0.0004973068791419 -0.0015767203885906232 -0.0056098416901226422 -0.0015464495350776379 0.5 0.012580570362444549 117.15215531238722 OK 13 12 0.40512500000000001 0.39713500000000002 0.084405999999999995 0.31780399999999998 0.18240300000000001 0 0.087321000000000037 0.21473200000000001 0.084405999999999995 0.0092929999999999992 0.0092940000000000002 0.0089420000000000003 0.061342000000000001 0.18882600000000002 0.059551000000000028 0.0028050000000000002 0.0027809999999999996 0.0026590000000000003 0.00063199999999999997 0.00062799999999999998 0.00058699999999999996 117.15210023075883 117.15210023075883 117.15210023075883 0.065754595582217412 0.065754595582217412 0.065754595582217412 1 1 1 Converged Converged Converged OK OK OK 53 53 53 53 53 53 3 3 3 0 0 0 0 1 0 0 1
38 38 linear 3 23 383 3 0.001 0.33431791495940921 0.034131376294291214 0.0004973068791419 -0.0015767203885906232 -0.0056098416901226422 -0.0014772590127622432 0.5 0.012511379840129153 118.41687356206724 OK 13 12 0.41483300000000001 0.39736300000000002 0.082319000000000003 0.32968900000000001 0.19397400000000001 0 0.085143999999999997 0.20338900000000001 0.082319000000000003 0.0092800000000000001 0.0094190000000000003 0.0088679999999999991 0.059215999999999998 0.177372 0.057559999999999986 0.0027959999999999999 0.002849 0.0027469999999999999 0.00056900000000000006 0.00056599999999999999 0.00057499999999999999 118.41681411427604 118.41681411427604 118.41681411427604 0.065945260696013294 0.065945260696013294 0.065945260696013294 1 1 1 Converged Converged Converged OK OK OK 53 53 53 53 53 53 3 3 3 0 0 0 0 1 0 0 1
38 38 linear 3 0 383 0 0.0001 0.33431791495940921 0.034131376294291214 0.0004973068791419 -0.0015767203885906232 -0.0056098416901226422 -0.0016761817644190033 0.5 0.012710302591785913 114.90032700674138 OK 13 12 0.427979 0.42063400000000001 0.112579 0.30789699999999998 0.30712 0 0.12008200000000002 0.113514 0.112579 0.010083 0.009972 0.0096640000000000007 0.081816000000000028 0.079730000000000009 0.079375000000000001 0.0036429999999999995 0.003666 0.003617 0.0006829999999999999 0.00069799999999999994 0.00064900000000000005 114.90027051372606 114.90027051372606 114.90027051372606 4.334880603620116e-06 4.334880603620116e-06 4.334880603620116e-06 1 1 1 Converged Converged Converged OK OK OK 69 69 69 69 69 69 3 3 3 0 0 0 0 0 1 0 0
38 38 linear 3 7 383 1 0.0001 0.33431791495940921 0.034131376294291214 0.0004973068791419 -0.0015767203885906232 -0.0056098416901226422 -0.0016156400573930328 0.5 0.012649760884759944 115.93262422754243 OK 13 12 0.43012 0.46091300000000002 0.112832 0.31414300000000001 0.185584 0 0.115977 0.27532900000000005 0.112832 0.0091280000000000007 0.0092399999999999999 0.0085699999999999995 0.085352000000000011 0.24430800000000003 0.08326299999999999 0.0036359999999999995 0.0037990000000000003 0.003555 0.00067000000000000002 0.00071800000000000011 0.00066800000000000008 115.9325730096796 115.9325730096796 115.9325730096796 4.3906212747882182e-06 4.3906212747882182e-06 4.3906212747882182e-06 1 1 1 Converged Converged Converged OK OK OK 69 69 69 69 69 69 3 3 3 0 0 0 0 1 0 0 1
38 38 linear 3 15 383 2 0.0001 0.33431791495940921 0.034131376294291214 0.0004973068791419 -0.0015767203885906232 -0.0056098416901226422 -0.0015464495350776379 0.5 0.012580570362444549 117.15215531238722 OK 13 12 0.42722399999999999 0.45450499999999999 0.109806 0.31377300000000002 0.181146 0 0.11345099999999997 0.27335900000000002 0.109806 0.0094210000000000006 0.0095230000000000002 0.0088109999999999994 0.082661999999999999 0.24209800000000004 0.080117000000000008 0.0036589999999999999 0.0035839999999999999 0.003516 0.00073599999999999989 0.00071400000000000001 0.00071800000000000011 117.15210026539452 117.15210026539452 117.15210026539452 4.4595175144594434e-06 4.4595175144594434e-06 4.4595175144594434e-06 1 1 1 Converged Converged Converged OK OK OK 69 69 69 69 69 69 3 3 3 0 0 0 0 1 0 0 1
38 38 linear 3 23 383 3 0.0001 0.33431791495940921 0.034131376294291214 0.0004973068791419 -0.0015767203885906232 -0.0056098416901226422 -0.0014772590127622432 0.5 0.012511379840129153 118.41687356206724 OK 13 12 0.44097599999999998 0.46340599999999998 0.10856300000000001 0.32855400000000001 0.193435 0 0.11242199999999997 0.26997099999999996 0.10856300000000001 0.0092669999999999992 0.0094330000000000004 0.0087840000000000001 0.081820999999999977 0.23883999999999997 0.079077000000000008 0.003604 0.0037099999999999993 0.0035389999999999996 0.00068000000000000005 0.00066200000000000005 0.0006510000000000001 118.41681414898065 118.41681414898065 118.41681414898065 4.5346263044305361e-06 4.5346263044305361e-06 4.5346263044305361e-06 1 1 1 Converged Converged Converged OK OK OK 69 69 69 69 69 69 3 3 3 0 0 0 0 1 0 0 1
38 38 linear 4 0 384 0 0.001 0.33431791495940921 0.034131376294291214 0.0004973068791419 2.4806284112767041 1.0079288083522442 2.4805289499008758 0.5 -2.469494829073509 3.3768367805722908 OK 15 14 1.1892229999999999 1.187338 0.28933900000000001 0.90037699999999998 0.89604099999999998 0 0.28884599999999994 0.29129700000000003 0.28933900000000001 0.014279 0.014544 0.014111 0.23351199999999994 0.23542000000000002 0.23404299999999997 0.0056910000000000007 0.0057560000000000007 0.0059579999999999989 0.0011099999999999999 0.001139 0.001199 3.3768347623564372 3.3768347623564372 3.3768347623564372 0.0020222108233575332 0.0020222108233575332 0.0020222108233575332 1 1 1 Converged Converged Converged OK OK OK 107 107 107 107 107 107 5 5 5 0 0 0 0 0 1 0 0
38 38 linear 4 7 384 1 0.001 0.33431791495940921 0.034131376294291214 0.0004973068791419 2.4806284112767041 1.0079288083522442 2.4805894916079017 0.5 -2.4695553707805349 3.3667022938224522 OK 15 14 0.93109600000000003 1.001064 0.239312 0.68540999999999996 0.56234200000000001 0 0.24568600000000007 0.43872199999999995 0.239312 0.013762 0.013436 0.012832 0.19893000000000008 0.39182900000000015 0.19366700000000017 0.0056440000000000006 0.00579 0.0056710000000000007 0.0010919999999999999 0.0011019999999999999 0.001103 3.3667002957453915 3.3667002957453915 3.3667002957453915 0.002010036118623046 0.002010036118623046 0.002010036118623046 1 1 1 Converged Converged Converged OK OK OK 107 107 107 107 107 107 5 5 5 0 0 0 0 1 0 0 1
38 38 linear 4 15 384 2 0.001 0.33431791495940921 0.034131376294291214 0.0004973068791419 2.4806284112767041 1.0079288083522442 2.4806586821302172 0.5 -2.4696245613028505 3.3584042686708506 OK 15 14 1.023034 1.071283 0.24823999999999999 0.76610900000000004 0.64423399999999997 0 0.25692499999999996 0.42704900000000001 0.24823999999999999 0.01355 0.013650000000000001 0.012884 0.21009299999999989 0.38003300000000012 0.20281000000000002 0.0056050000000000006 0.005788999999999999 0.005497000000000001 0.0011099999999999999 0.0010989999999999999 0.0010760000000000001 3.3584022685951802 3.3584022685951802 3.3584022685951802 0.0019995720125291308 0.0019995720125291308 0.0019995720125291308 1 1 1 Converged Converged Converged OK OK OK 107 107 107 107 107 107 5 5 5 0 0 0 0 1 0 0 1
38 38 linear 4 23 384 3 0.001 0.33431791495940921 0.034131376294291214 0.0004973068791419 2.4806284112767041 1.0079288083522442 2.4807278726525324 0.5 -2.4696937518251656 3.353250979872612 OK 15 14 0.99019299999999999 1.036659 0.246888 0.73870800000000003 0.60830700000000004 0 0.25148499999999996 0.42835199999999996 0.246888 0.013483999999999999 0.013794000000000001 0.012807000000000001 0.20497799999999999 0.38041999999999992 0.20162800000000003 0.0056420000000000003 0.0059030000000000003 0.0055760000000000002 0.0012409999999999999 0.0012820000000000002 0.0012199999999999999 3.3532489537797927 3.3532489537797927 3.3532489537797927 0.0019922942790863651 0.0019922942790863651 0.0019922942790863651 1 1 1 Converged Converged Converged OK OK OK 107 107 107 107 107 107 5 5 5 0 0 0 0 1 0 0 1
38 38 linear 4 0 384 0 0.0001 0.33431791495940921 0.034131376294291214 0.0004973068791419 2.4806284112767041 1.0079288083522442 2.4805289499008758 0.5 -2.469494829073509 3.3768367805722908 OK 15 14 1.264278 1.266249 0.35750999999999999 0.900169 0.90204700000000004 0 0.36410900000000002 0.36420199999999991 0.35750999999999999 0.014392 0.014546999999999999 0.013819 0.29426400000000014 0.29502099999999998 0.28929099999999985 0.0079550000000000003 0.0075039999999999994 0.0074010000000000005 0.0014009999999999999 0.00141 0.0014849999999999998 3.3768347631937714 3.3768347631937714 3.3768347631937714 0.00032635182094758141 0.00032635182094758141 0.00032635182094758141 1 1 1 Converged Converged Converged OK OK OK 139 139 139 139 139 139 5 5 5 0 0 0 0 0 1 0 0
38 38 linear 4 7 384 1 0.0001 0.33431791495940921 0.034131376294291214 0.0004973068791419 2.4806284112767041 1.0079288083522442 2.4805894916079017 0.5 -2.4695553707805349 3.3667022938224522 OK 15 14 0.998089 1.145567 0.30371900000000002 0.68603499999999995 0.55618100000000004 0 0.31205400000000005 0.58938599999999997 0.30371900000000002 0.013561999999999999 0.013514999999999999 0.012789 0.25493900000000008 0.53189099999999967 0.24830100000000008 0.0073670000000000003 0.0075310000000000012 0.0071720000000000013 0.0014009999999999999 0.0013790000000000005 0.0013570000000000004 3.3667002964087183 3.3667002964087183 3.3667002964087183 0.00032986177173365786 0.00032986177173365786 0.00032986177173365786 1 1 1 Converged Converged Converged OK OK OK 139 139 139 139 139 139 5 5 5 0 0 0 0 1 0 0 1
38 38 linear 4 15 384 2 0.0001 0.33431791495940921 0.034131376294291214 0.0004973068791419 2.4806284112767041 1.0079288083522442 2.4806586821302172 0.5 -2.4696245613028505 3.3584042686708506 OK 15 14 1.08647 1.2056819999999999 0.30779000000000001 0.77297499999999997 0.64339500000000005 0 0.31349500000000008 0.56228699999999987 0.30779000000000001 0.013414000000000001 0.013807 0.012711999999999999 0.25688499999999986 0.50459600000000016 0.25261299999999987 0.007536000000000001 0.0075050000000000013 0.0073559999999999997 0.0013830000000000003 0.001387 0.0013789999999999998 3.3584022690746385 3.3584022690746385 3.3584022690746385 0.00033397482490729792 0.00033397482490729792 0.00033397482490729792 1 1 1 Converged Converged Converged OK OK OK 139 139 139 139 139 139 5 5 5 0 0 0 0 1 0 0 1
38 38 linear 4 23 384 3 0.0001 0.33431791495940921 0.034131376294291214 0.0004973068791419 2.4806284112767041 1.0079288083522442 2.4807278726525324 0.5 -2.4696937518251656 3.353250979872612 OK 15 14 1.1216250000000001 1.2348790000000001 0.37920900000000002 0.73488299999999995 0.60683100000000001 0 0.38674200000000014 0.62804800000000005 0.37920900000000002 0.013594999999999999 0.013609 0.012696000000000001 0.32283299999999987 0.56055299999999975 0.31697799999999998 0.0083060000000000009 0.011515000000000001 0.0082120000000000005 0.0016310000000000001 0.0016299999999999997 0.0016199999999999999 3.3532489542986221 3.3532489542986221 3.3532489542986221 1.681591141035848e-07 1.681591141035848e-07 1.681591141035848e-07 1 1 1 Converged Converged Converged OK OK OK 155 155 155 155 155 155 5 5 5 0 0 0 0 1 0 0 1
38 38 uniform 0 0 385 0 0.001 0.33431791495940921 0.034131376294291214 0.0004973068791419 0.0041646795837972147 3.5973343130009468e-05 0.0040652182079688346 0 0.0069689026193980761 1203.5132415733326 OK 17 16 1.195662 1.168838 0.29706100000000002 0.88361800000000001 0.86896499999999999 0 0.31204399999999999 0.29987300000000006 0.29706100000000002 0.018352 0.016891 0.016442999999999999 0.25033199999999978 0.24124899999999999 0.23793100000000003 0.0051379999999999993 0.0050129999999999992 0.005568 0.0012819999999999999 0.0012490000000000001 0.001356 1203.521213253659 1203.521213253659 1203.521213253659 0.41455441614205052 0.41455441614205052 0.41455441614205052 1 1 1 Converged Converged Converged OK OK OK 125 125 125 125 125 125 11 11 11 0 0 0 0 0 1 0 0
38 38 uniform 0 7 385 1 0.001 0.33431791495940921 0.034131376294291214 0.0004973068791419 0.0041646795837972147 3.5973343130009468e-05 0.0041257599149948053 0 0.0069083609123721055 1188.6681515921491 OK 17 16 1.104487 1.117861 0.28181800000000001 0.82009699999999996 0.71214299999999997 0 0.28439000000000003 0.40571800000000002 0.28181800000000001 0.015952000000000001 0.015952000000000001 0.014931 0.23955100000000007 0.35971900000000023 0.23870300000000005 0.0052700000000000004 0.0055830000000000003 0.0051029999999999999 0.0012189999999999998 0.0012870000000000002 0.0012469999999999998 1188.6760274500125 1188.6760274500125 1188.6760274500125 0.50171627455975354 0.50171627455975354 0.50171627455975354 1 1 1 Converged Converged Converged OK OK OK 125 125 125 125 125 125 11 11 11 0 0 0 0 1 0 0 1
38 38 uniform 0 15 385 2 0.001 0.33431791495940921 0.034131376294291214 0.0004973068791419 0.0041646795837972147 3.5973343130009468e-05 0.0041949504373101996 0 0.0068391703900567112 1168.1592676253538 OK 17 16 1.1065719999999999 1.1760470000000001 0.33449400000000001 0.77409099999999997 0.62580999999999998 0 0.33248099999999992 0.55023700000000009 0.33449400000000001 0.014455000000000001 0.014737999999999999 0.013816999999999999 0.27761199999999986 0.49360399999999988 0.28073099999999995 0.0075830000000000003 0.0082279999999999992 0.0079050000000000006 0.0013869999999999998 0.0013799999999999999 0.0014140000000000001 1168.1671666086772 1168.1671666086772 1168.1671666086772 0.32117682682139631 0.32117682682139631 0.32117682682139631 1 1 1 Converged Converged Converged OK OK OK 157 157 157 157 157 157 11 11 11 0 0 0 0 1 0 0 1
38 38 uniform 0 23 385 3 0.001 0.33431791495940921 0.034131376294291214 0.0004973068791419 0.0041646795837972147 3.5973343130009468e-05 0.0042641409596255947 0 0.0067699798677413161 1144.3591545967345 OK 17 16 1.0389710000000001 0.99142300000000005 0.26545099999999999 0.76826499999999998 0.62875899999999996 0 0.27070600000000011 0.3626640000000001 0.26545099999999999 0.015878 0.016386999999999999 0.015388000000000001 0.22708700000000001 0.3169479999999999 0.22254799999999997 0.0047270000000000003 0.005660000000000001 0.0047470000000000004 0.001091 0.0011840000000000002 0.001116 1144.3670979093108 1144.3670979093108 1144.3670979093108 0.588015221844573 0.588015221844573 0.588015221844573 1 1 1 Converged Converged Converged OK OK OK 110 110 110 110 110 110 10 10 10 0 0 0 0 1 0 0 1
38 38 uniform 0 0 385 0 0.0001 0.33431791495940921 0.034131376294291214 0.0004973068791419 0.0041646795837972147 3.5973343130009468e-05 0.0040652182079688346 0 0.0069689026193980761 1203.5132415733326 OK 17 16 1.2616639999999999 1.261358 0.38445499999999999 0.87426000000000004 0.86899400000000004 0 0.38740399999999986 0.39236399999999994 0.38445499999999999 0.016969999999999999 0.017333999999999999 0.016646000000000001 0.31180799999999986 0.31555100000000014 0.30962200000000001 0.0074329999999999978 0.0078230000000000001 0.0073489999999999996 0.0017440000000000001 0.0019229999999999998 0.0017939999999999998 1203.5138803792197 1203.5138803792197 1203.5138803792197 0.10762599023852674 0.10762599023852674 0.10762599023852674 1 1 1 Converged Converged Converged OK OK OK 165 165 165 165 165 165 11 11 11 0 0 0 0 0 1 0 0
38 38 uniform 0 7 385 1 0.0001 0.33431791495940921 0.034131376294291214 0.0004973068791419 0.0041646795837972147 3.5973343130009468e-05 0.0041257599149948053 0 0.0069083609123721055 1188.6681515921491 OK 17 16 1.2089030000000001 1.3227679999999999 0.38627499999999998 0.82211400000000001 0.71948800000000002 0 0.38678900000000005 0.60327999999999993 0.38627499999999998 0.015476999999999999 0.015499000000000001 0.014825 0.32673500000000028 0.54290800000000039 0.32674600000000031 0.0084189999999999994 0.0088610000000000008 0.0090550000000000005 0.001688 0.00174 0.0017960000000000001 1188.6688167339637 1188.6688167339637 1188.6688167339637 0.069168823237875404 0.069168823237875404 0.069168823237875404 1 1 1 Converged Converged Converged OK OK OK 181 181 181 181 181 181 11 11 11 0 0 0 0 1 0 0 1
38 38 uniform 0 15 385 2 0.0001 0.33431791495940921 0.034131376294291214 0.0004973068791419 0.0041646795837972147 3.5973343130009468e-05 0.0041949504373101996 0 0.0068391703900567112 1168.1592676253538 OK 17 16 1.1591629999999999 1.25356 0.38526199999999999 0.77240200000000003 0.63499300000000003 0 0.38676099999999991 0.61856699999999998 0.38526199999999999 0.014489 0.014470999999999999 0.014076 0.3304160000000001 0.5596070000000003 0.32999099999999998 0.0085149999999999983 0.010173 0.0085910000000000014 0.0017050000000000004 0.001823 0.0017240000000000001 1168.1598958659581 1168.1598958659581 1168.1598958659581 0.06219375892567449 0.06219375892567449 0.06219375892567449 1 1 1 Converged Converged Converged OK OK OK 181 181 181 181 181 181 11 11 11 0 0 0 0 1 0 0 1
38 38 uniform 0 23 385 3 0.0001 0.33431791495940921 0.034131376294291214 0.0004973068791419 0.0041646795837972147 3.5973343130009468e-05 0.0042641409596255947 0 0.0067699798677413161 1144.3591545967345 OK 17 16 1.1446259999999999 1.203389 0.37393100000000001 0.76192700000000002 0.62707500000000005 0 0.3826989999999999 0.57631399999999999 0.37393100000000001 0.016202999999999999 0.016184 0.015181 0.32070000000000015 0.51387499999999986 0.3146560000000001 0.0090069999999999994 0.0090550000000000005 0.0085630000000000012 0.0016479999999999999 0.001565 0.0014909999999999999 1144.3597349564272 1144.3597349564272 1144.3597349564272 0.067474406849967639 0.067474406849967639 0.067474406849967639 1 1 1 Converged Converged Converged OK OK OK 166 166 166 166 166 166 10 10 10 0 0 0 0 1 0 0 1
38 38 uniform 1 0 386 0 0.001 0.33431791495940921 0.034131376294291214 0.0004973068791419 2.4807247494585556 1.0132250800955287 2.4806252880827273 0 -2.4695911672553605 4.3816202021381576 OK 14 13 1.0282089999999999 1.0252889999999999 0.230522 0.79975099999999999 0.79474299999999998 0 0.22845799999999994 0.23054599999999992 0.230522 0.012770999999999999 0.013096 0.012652 0.18773699999999999 0.18923799999999996 0.18922099999999997 0.0034329999999999999 0.0035180000000000003 0.003539 0.00083600000000000005 0.00089099999999999997 0.00091100000000000003 4.3816203307556867 4.3816203307556867 4.3816203307556867 0.001015064953922152 0.001015064953922152 0.001015064953922152 1 1 1 Converged Converged Converged OK OK OK 81 81 81 81 81 81 7 7 7 0 0 0 0 0 1 0 0
38 38 uniform 1 7 386 1 0.001 0.33431791495940921 0.034131376294291214 0.0004973068791419 2.4807247494585556 1.0132250800955287 2.4806858297897532 0 -2.4696517089623864 4.2372754447121261 OK 14 13 1.0142469999999999 0.95850100000000005 0.22393099999999999 0.79713199999999995 0.65244899999999995 0 0.21711499999999995 0.3060520000000001 0.22393099999999999 0.012161 0.012166 0.011650000000000001 0.18313999999999997 0.272036 0.19061900000000012 0.0034810000000000002 0.0036629999999999996 0.0034999999999999996 0.00082299999999999995 0.00085400000000000016 0.00079000000000000001 4.2372749243060355 4.2372749243062353 4.2372749243060355 0.0028940901900971847 0.0028940901898823748 0.0028940901900971847 1 1 1 Converged Converged Converged OK OK OK 81 81 81 81 81 81 7 7 7 0 0 0 0 1 0 0 1
38 38 uniform 1 15 386 2 0.001 0.33431791495940921 0.034131376294291214 0.0004973068791419 2.4807247494585556 1.0132250800955287 2.4807550203120687 0 -2.469720899484702 3.9993133359356747 OK 14 13 0.93529799999999996 0.99304999999999999 0.25903900000000002 0.68670900000000001 0.66247999999999996 0 0.24858899999999995 0.33057000000000003 0.25903900000000002 0.012227999999999999 0.012498 0.012832 0.21062200000000011 0.29239499999999996 0.22028599999999998 0.0040080000000000003 0.003986 0.0040290000000000005 0.00096800000000000011 0.00099700000000000006 0.00096199999999999996 3.9993136241461777 3.999313624146259 3.9993136241461777 0.0006165715598237015 0.00061657155963969147 0.0006165715598237015 1 1 1 Converged Converged Converged OK OK OK 89 89 89 89 89 89 7 7 7 0 0 0 0 1 0 0 1
38 38 uniform 1 23 386 3 0.001 0.33431791495940921 0.034131376294291214 0.0004973068791419 2.4807247494585556 1.0132250800955287 2.4808242108343839 0 -2.4697900900070171 3.6593876392007032 OK 14 13 1.058144 0.97225099999999998 0.24455499999999999 0.82310099999999997 0.65757900000000002 0 0.235043 0.31467199999999995 0.24455499999999999 0.012444999999999999 0.012390999999999999 0.012988 0.19970299999999991 0.2791499999999999 0.20878599999999997 0.0036999999999999997 0.003839 0.00365 0.0010400000000000001 0.001021 0.001029 3.6593887100789453 3.6593887100787468 3.6593887100789453 0.00097136751547144753 0.00097136751479995364 0.00097136751547144753 1 1 1 Converged Converged Converged OK OK OK 82 82 82 82 82 82 6 6 6 0 0 0 0 1 0 0 1
38 38 uniform 1 0 386 0 0.0001 0.33431791495940921 0.034131376294291214 0.0004973068791419 2.4807247494585556 1.0132250800955287 2.4806252880827273 0 -2.4695911672553605 4.3816202021381576 OK 14 13 1.0752759999999999 1.0743069999999999 0.29396499999999998 0.792987 0.79571099999999995 0 0.2822889999999999 0.27859599999999995 0.29396499999999998 0.013046 0.013134 0.013783 0.22973100000000002 0.22647800000000018 0.2399619999999999 0.0050109999999999998 0.0050589999999999993 0.0049250000000000006 0.0011919999999999999 0.001242 0.0012300000000000002 4.3816204397845988 4.3816204397845988 4.3816204397845988 0.00031788426482417219 0.00031788426482417219 0.00031788426482417219 1 1 1 Converged Converged Converged OK OK OK 105 105 105 105 105 105 7 7 7 0 0 0 0 0 1 0 0
38 38 uniform 1 7 386 1 0.0001 0.33431791495940921 0.034131376294291214 0.0004973068791419 2.4807247494585556 1.0132250800955287 2.4806858297897532 0 -2.4696517089623864 4.2372754447121261 OK 14 13 1.0553870000000001 1.0267710000000001 0.262457 0.79211699999999996 0.65349800000000002 0 0.26327000000000012 0.37327300000000008 0.262457 0.016449999999999999 0.01223 0.012763 0.21701099999999993 0.33150200000000013 0.22048699999999988 0.0049540000000000001 0.0049870000000000001 0.0048589999999999996 0.0010380000000000001 0.0010499999999999999 0.0010869999999999999 4.2372757195122048 4.2372757195124047 4.2372757195122048 0.00038343749601982047 0.00038343749580501058 0.00038343749601982047 1 1 1 Converged Converged Converged OK OK OK 105 105 105 105 105 105 7 7 7 0 0 0 0 1 0 0 1
38 38 uniform 1 15 386 2 0.0001 0.33431791495940921 0.034131376294291214 0.0004973068791419 2.4807247494585556 1.0132250800955287 2.4807550203120687 0 -2.469720899484702 3.9993133359356747 OK 14 13 0.95666399999999996 1.0482590000000001 0.26383699999999999 0.69114399999999998 0.66525000000000001 0 0.26551999999999998 0.38300900000000004 0.26383699999999999 0.012474000000000001 0.01257 0.011877 0.22393899999999997 0.33995199999999992 0.22340100000000002 0.0048670000000000007 0.005339 0.0046779999999999999 0.0010530000000000001 0.0011180000000000001 0.0011050000000000001 3.9993136241534586 3.9993136241535403 3.9993136241534586 0.00026004525662325241 0.00026004525643924233 0.00026004525662325241 1 1 1 Converged Converged Converged OK OK OK 105 105 105 105 105 105 7 7 7 0 0 0 0 1 0 0 1
38 38 uniform 1 23 386 3 0.0001 0.33431791495940921 0.034131376294291214 0.0004973068791419 2.4807247494585556 1.0132250800955287 2.4808242108343839 0 -2.4697900900070171 3.6593876392007032 OK 14 13 1.1064419999999999 1.0583800000000001 0.29290500000000003 0.82280699999999996 0.66074200000000005 0 0.28363499999999997 0.39763800000000005 0.29290500000000003 0.012413 0.012553 0.011729 0.24011199999999996 0.35290600000000011 0.24972300000000008 0.0050230000000000006 0.0056639999999999989 0.0050520000000000001 0.0012309999999999999 0.0013129999999999999 0.001276 3.6593881856399517 3.6593881856398802 3.6593881856399517 0.00020499756730470793 0.00020499756674094086 0.00020499756730470793 1 1 1 Converged Converged Converged OK OK OK 106 106 106 106 106 106 6 6 6 0 0 0 0 1 0 0 1
38 38 uniform 2 0 387 0 0.001 0.33431791495940921 0.034131376294291214 0.0004973068791419 2.4780099344248043 -1.0049977114652475 2.477910473048976 0 -2.4668763522216093 2.4415983444858558 OK 13 12 0.65163499999999996 0.65146099999999996 0.15163499999999999 0.498533 0.49888700000000002 0 0.15310199999999996 0.15257399999999993 0.15163499999999999 0.0094629999999999992 0.0092890000000000004 0.0090340000000000004 0.12207800000000003 0.12228500000000005 0.12191399999999999 0.0028699999999999997 0.0028400000000000001 0.0028499999999999997 0.00080699999999999977 0.0007899999999999999 0.00081599999999999999 2.4416026101298582 2.4416026101298582 2.4416026101298582 0.0010482526076427085 0.0010482526076427085 0.0010482526076427085 1 1 1 Converged Converged Converged OK OK OK 67 67 67 67 67 67 5 5 5 0 0 0 0 0 1 0 0
38 38 uniform 2 7 387 1 0.001 0.33431791495940921 0.034131376294291214 0.0004973068791419 2.4780099344248043 -1.0049977114652475 2.4779710147560019 0 -2.4669368939286351 2.146373118258146 OK 13 12 0.65293000000000001 0.60597299999999998 0.105617 0.545427 0.40849400000000002 0 0.10750300000000002 0.19747899999999996 0.105617 0.008456 0.009665 0.007868 0.085284999999999986 0.173817 0.084423999999999985 0.0021789999999999999 0.0023049999999999998 0.0021519999999999998 0.00060099999999999997 0.00063000000000000003 0.00062600000000000004 2.1463730127739251 2.1463730127739251 2.1463730127739251 0.00062880521804093868 0.00062880521804093868 0.00062880521804093868 1 1 1 Converged Converged Converged OK OK OK 52 52 52 52 52 52 4 4 4 0 0 0 0 1 0 0 1
38 38 uniform 2 15 387 2 0.001 0.33431791495940921 0.034131376294291214 0.0004973068791419 2.4780099344248043 -1.0049977114652475 2.4780402052783175 0 -2.4670060844509507 2.0294032638967647 OK 13 12 0.734294 0.70024399999999998 0.137546 0.59480999999999995 0.46414299999999997 0 0.13948400000000005 0.23610100000000001 0.137546 0.0084229999999999999 0.0082579999999999997 0.0076949999999999996 0.112778 0.21004099999999998 0.11243299999999999 0.0031910000000000003 0.0031680000000000002 0.0031719999999999995 0.00067599999999999995 0.0007000000000000001 0.00069399999999999996 2.029404671451005 2.029404671451005 2.029404671451005 0.00056488901948878738 0.00056488901948878738 0.00056488901948878738 1 1 1 Converged Converged Converged OK OK OK 68 68 68 68 68 68 4 4 4 0 0 0 0 1 0 0 1
38 38 uniform 2 23 387 3 0.001 0.33431791495940921 0.034131376294291214 0.0004973068791419 2.4780099344248043 -1.0049977114652475 2.4781093958006326 0 -2.4670752749732658 1.9471140498333273 OK 13 12 0.69924600000000003 0.65518399999999999 0.10056 0.597159 0.47645399999999999 0 0.10208700000000004 0.17873 0.10056 0.0084080000000000005 0.008548 0.0077809999999999997 0.079355999999999996 0.15607100000000002 0.079006999999999994 0.0022750000000000001 0.0022750000000000001 0.0022030000000000001 0.00065200000000000002 0.00064399999999999993 0.00061399999999999996 1.9471139843879923 1.9471139843879923 1.9471139843879923 0.0010844831518726161 0.0010844831518726161 0.0010844831518726161 1 1 1 Converged Converged Converged OK OK OK 45 45 45 45 45 45 3 3 3 0 0 0 0 1 0 0 1
38 38 uniform 2 0 387 0 0.0001 0.33431791495940921 0.034131376294291214 0.0004973068791419 2.4780099344248043 -1.0049977114652475 2.477910473048976 0 -2.4668763522216093 2.4415983444858558 OK 13 12 0.69829799999999997 0.69612399999999997 0.193077 0.50131899999999996 0.50164200000000003 0 0.19697900000000002 0.19448199999999993 0.193077 0.0092329999999999999 0.0094230000000000008 0.0090229999999999998 0.15437700000000004 0.15431300000000012 0.15383000000000008 0.0039760000000000004 0.0044250000000000001 0.0041960000000000001 0.0011800000000000001 0.001158 0.0011069999999999999 2.4415986718984253 2.4415986718984253 2.4415986718984253 0.00012082403589435201 0.00012082403589435201 0.00012082403589435201 1 1 1 Converged Converged Converged OK OK OK 91 91 91 91 91 91 5 5 5 0 0 0 0 0 1 0 0
38 38 uniform 2 7 387 1 0.0001 0.33431791495940921 0.034131376294291214 0.0004973068791419 2.4780099344248043 -1.0049977114652475 2.4779710147560019 0 -2.4669368939286351 2.146373118258146 OK 13 12 0.69413800000000003 0.68367699999999998 0.14507 0.54738600000000004 0.404673 0 0.14675199999999999 0.27900399999999997 0.14507 0.0083599999999999994 0.0085699999999999995 0.0079880000000000003 0.11749499999999996 0.24887499999999999 0.116887 0.0033750000000000004 0.0036619999999999999 0.0033900000000000002 0.00087299999999999997 0.0009859999999999999 0.00095399999999999999 2.1463730051471703 2.1463730051471703 2.1463730051471703 0.000119068529454754 0.000119068529454754 0.000119068529454754 1 1 1 Converged Converged Converged OK OK OK 76 76 76 76 76 76 4 4 4 0 0 0 0 1 0 0 1
38 38 uniform 2 15 387 2 0.0001 0.33431791495940921 0.034131376294291214 0.0004973068791419 2.4780099344248043 -1.0049977114652475 2.4780402052783175 0 -2.4670060844509507 2.0294032638967647 OK 13 12 0.82647800000000005 0.85033899999999996 0.226823 0.59789400000000004 0.46765499999999999 0 0.22858400000000001 0.38268399999999997 0.226823 0.0084930000000000005 0.0083680000000000004 0.0078670000000000007 0.18914199999999992 0.34277099999999999 0.18867099999999987 0.0065669999999999999 0.007038 0.0065859999999999998 0.00092599999999999996 0.00094399999999999996 0.00093399999999999993 2.0294031903291252 2.0294031903291252 2.0294031903291252 3.8876491101225948e-05 3.8876491101225948e-05 3.8876491101225948e-05 1 1 1 Converged Converged Converged OK OK OK 116 116 116 116 116 116 4 4 4 0 0 0 0 1 0 0 1
38 38 uniform 2 23 387 3 0.0001 0.33431791495940921 0.034131376294291214 0.0004973068791419 2.4780099344248043 -1.0049977114652475 2.4781093958006326 0 -2.4670752749732658 1.9471140498333273 OK 13 12 0.76212500000000005 0.76417999999999997 0.16383 0.59179899999999996 0.47850300000000001 0 0.17032600000000009 0.28567699999999996 0.16383 0.0084650000000000003 0.0083479999999999995 0.0078609999999999999 0.13767900000000008 0.25290400000000002 0.13244899999999998 0.0039880000000000002 0.0040890000000000006 0.0039150000000000001 0.00085900000000000006 0.00087699999999999985 0.00085300000000000003 1.94711399940549 1.94711399940549 1.94711399940549 3.6094694414330735e-05 3.6094694414330735e-05 3.6094694414330735e-05 1 1 1 Converged Converged Converged OK OK OK 77 77 77 77 77 77 3 3 3 0 0 0 0 1 0 0 1
38 38 uniform 3 0 388 0 0.001 0.33431791495940921 0.034131376294291214 0.0004973068791419 -0.0015767203885906232 -0.0056098416901226422 -0.0016761817644190033 0 0.012710302591785913 114.91929144723514 OK 13 12 0.365344 0.36352400000000001 0.055177999999999998 0.309562 0.30769600000000003 0 0.055781999999999998 0.055827999999999989 0.055177999999999998 0.0098770000000000004 0.0099740000000000002 0.0096419999999999995 0.033033 0.03329 0.033131000000000008 0.0017830000000000001 0.0017700000000000001 0.0018419999999999999 0.00044700000000000002 0.00046099999999999998 0.00042699999999999997 114.91929806360505 114.91929806360505 114.91929806360505 0.047509246472441806 0.047509246472441806 0.047509246472441806 1 1 1 Converged Converged Converged OK OK OK 37 37 37 37 37 37 3 3 3 0 0 0 0 0 1 0 0
38 38 uniform 3 7 388 1 0.001 0.33431791495940921 0.034131376294291214 0.0004973068791419 -0.0015767203885906232 -0.0056098416901226422 -0.0016156400573930328 0 0.012649760884759944 115.95266380431814 OK 13 12 0.37328899999999998 0.321685 0.057287999999999999 0.31452999999999998 0.183118 0 0.058759000000000006 0.138567 0.057287999999999999 0.0090989999999999994 0.0091900000000000003 0.0084980000000000003 0.038144999999999998 0.11788300000000003 0.037755000000000018 0.0017150000000000002 0.0018370000000000001 0.001763 0.00044300000000000003 0.000435 0.00042699999999999997 115.95267177591266 115.95267177591266 115.95267177591266 0.048200423893149824 0.048200423893149824 0.048200423893149824 1 1 1 Converged Converged Converged OK OK OK 37 37 37 37 37 37 3 3 3 0 0 0 0 1 0 0 1
38 38 uniform 3 15 388 2 0.001 0.33431791495940921 0.034131376294291214 0.0004973068791419 -0.0015767203885906232 -0.0056098416901226422 -0.0015464495350776379 0 0.012580570362444549 117.17352953039797 OK 13 12 0.37498100000000001 0.31466 0.054091 0.31915500000000002 0.17940700000000001 0 0.055825999999999987 0.13525299999999998 0.054091 0.0094199999999999996 0.0093279999999999995 0.0088339999999999998 0.034887000000000008 0.11435300000000002 0.034383000000000004 0.0017250000000000002 0.001846 0.0016789999999999999 0.00044099999999999999 0.00045100000000000001 0.00043599999999999997 117.17353760618346 117.17353760618346 117.17353760618346 0.049031247944715778 0.049031247944715778 0.049031247944715778 1 1 1 Converged Converged Converged OK OK OK 37 37 37 37 37 37 3 3 3 0 0 0 0 1 0 0 1
38 38 uniform 3 23 388 3 0.001 0.33431791495940921 0.034131376294291214 0.0004973068791419 -0.0015767203885906232 -0.0056098416901226422 -0.0014772590127622432 0 0.012511379840129153 118.43971982044094 OK 13 12 0.38133 0.33366299999999999 0.05296 0.32645800000000003 0.19097 0 0.054871999999999976 0.14269299999999999 0.05296 0.0092490000000000003 0.0094439999999999993 0.0087930000000000005 0.033877000000000011 0.121781 0.033120000000000004 0.0017420000000000001 0.0017910000000000001 0.0016739999999999999 0.00043200000000000004 0.00043599999999999997 0.00042299999999999998 118.43972749820828 118.43972749820828 118.43972749820828 0.049909551041891806 0.049909551041891806 0.049909551041891806 1 1 1 Converged Converged Converged OK OK OK 37 37 37 37 37 37 3 3 3 0 0 0 0 1 0 0 1
38 38 uniform 3 0 388 0 0.0001 0.33431791495940921 0.034131376294291214 0.0004973068791419 -0.0015767203885906232 -0.0056098416901226422 -0.0016761817644190033 0 0.012710302591785913 114.91929144723514 OK 13 12 0.40430100000000002 0.40428599999999998 0.095451999999999995 0.307722 0.30803999999999998 0 0.096579000000000026 0.096245999999999998 0.095451999999999995 0.010255999999999999 0.0099679999999999994 0.0097059999999999994 0.062389999999999994 0.062875000000000014 0.062312000000000013 0.0034139999999999999 0.003493 0.0034350000000000001 0.00066999999999999991 0.00065300000000000004 0.0006420000000000001 114.9192981463118 114.9192981463118 114.9192981463118 3.2819674849598098e-06 3.2819674849598098e-06 3.2819674849598098e-06 1 1 1 Converged Converged Converged OK OK OK 69 69 69 69 69 69 3 3 3 0 0 0 0 0 1 0 0
38 38 uniform 3 7 388 1 0.0001 0.33431791495940921 0.034131376294291214 0.0004973068791419 -0.0015767203885906232 -0.0056098416901226422 -0.0016156400573930328 0 0.012649760884759944 115.95266380431814 OK 13 12 0.41150900000000001 0.43953100000000001 0.09536 0.31435299999999999 0.17960699999999999 0 0.09715600000000002 0.25992400000000004 0.09536 0.0091240000000000002 0.0090299999999999998 0.0085649999999999997 0.066653000000000004 0.22964599999999993 0.066256999999999983 0.0034820000000000003 0.0034780000000000002 0.0034009999999999995 0.00068000000000000005 0.00065500000000000009 0.00065200000000000002 115.9526718615344 115.9526718615344 115.9526718615344 3.2960238540038881e-06 3.2960238540038881e-06 3.2960238540038881e-06 1 1 1 Converged Converged Converged OK OK OK 69 69 69 69 69 69 3 3 3 0 0 0 0 1 0 0 1
38 38 uniform 3 15 388 2 0.0001 0.33431791495940921 0.034131376294291214 0.0004973068791419 -0.0015767203885906232 -0.0056098416901226422 -0.0015464495350776379 0 0.012580570362444549 117.17352953039797 OK 13 12 0.408638 0.43576100000000001 0.092757999999999993 0.31429800000000002 0.18044199999999999 0 0.094339999999999979 0.25531900000000002 0.092757999999999993 0.0093970000000000008 0.0095069999999999998 0.0088629999999999994 0.063925999999999983 0.22431900000000002 0.063237999999999989 0.0034199999999999999 0.0034789999999999999 0.0034069999999999999 0.00066 0.00068600000000000009 0.00063700000000000009 117.17353769536861 117.17353769536861 117.17353769536861 3.313033437447462e-06 3.313033437447462e-06 3.313033437447462e-06 1 1 1 Converged Converged Converged OK OK OK 69 69 69 69 69 69 3 3 3 0 0 0 0 1 0 0 1
38 38 uniform 3 23 388 3 0.0001 0.33431791495940921 0.034131376294291214 0.0004973068791419 -0.0015767203885906232 -0.0056098416901226422 -0.0014772590127622432 0 0.012511379840129153 118.43971982044094 OK 13 12 0.422379 0.442498 0.091430999999999998 0.32914599999999999 0.19405700000000001 0 0.09323300000000001 0.248441 0.091430999999999998 0.0094509999999999993 0.0094079999999999997 0.0088669999999999999 0.062759999999999996 0.217533 0.062163000000000003 0.0034139999999999999 0.0036050000000000001 0.0033059999999999999 0.00064700000000000011 0.00065200000000000013 0.00063899999999999992 118.4397275912781 118.4397275912781 118.4397275912781 3.3311310553320563e-06 3.3311310553320563e-06 3.3311310553320563e-06 1 1 1 Converged Converged Converged OK OK OK 69 69 69 69 69 69 3 3 3 0 0 0 0 1 0 0 1
38 38 uniform 4 0 389 0 0.001 0.33431791495940921 0.034131376294291214 0.0004973068791419 2.4806284112767041 1.0079288083522442 2.4805289499008758 0 -2.469494829073509 3.3816922955677238 OK 15 14 1.0973189999999999 1.093118 0.19817299999999999 0.90150600000000003 0.89549599999999996 0 0.1958129999999999 0.19762200000000008 0.19817299999999999 0.014312999999999999 0.014512000000000001 0.015093000000000001 0.152695 0.15478700000000001 0.15417499999999995 0.0037599999999999999 0.0037570000000000004 0.0038059999999999999 0.0008699999999999999 0.000843 0.00087100000000000014 3.3816922244083947 3.3816922244083947 3.3816922244083947 0.0018298074344591587 0.0018298074344591587 0.0018298074344591587 1 1 1 Converged Converged Converged OK OK OK 75 75 75 75 75 75 5 5 5 0 0 0 0 0 1 0 0
38 38 uniform 4 7 389 1 0.001 0.33431791495940921 0.034131376294291214 0.0004973068791419 2.4806284112767041 1.0079288083522442 2.4805894916079017 0 -2.4695553707805349 3.3715088487041438 OK 15 14 0.85798799999999997 0.86150400000000005 0.17322799999999999 0.68741200000000002 0.55747400000000003 0 0.17057599999999995 0.30403000000000002 0.17322799999999999 0.013422999999999999 0.013455999999999999 0.013102000000000001 0.13417399999999999 0.26758599999999999 0.13707499999999997 0.0036740000000000006 0.0037029999999999997 0.0037240000000000003 0.00082200000000000003 0.00082900000000000009 0.00084699999999999999 3.3715087844840954 3.3715087844840954 3.3715087844840954 0.001820016834466983 0.001820016834466983 0.001820016834466983 1 1 1 Converged Converged Converged OK OK OK 75 75 75 75 75 75 5 5 5 0 0 0 0 1 0 0 1
38 38 uniform 4 15 389 2 0.001 0.33431791495940921 0.034131376294291214 0.0004973068791419 2.4806284112767041 1.0079288083522442 2.4806586821302172 0 -2.4696245613028505 3.3632165791062332 OK 15 14 0.94325000000000003 0.949627 0.17608799999999999 0.76819199999999999 0.64290000000000003 0 0.17505800000000005 0.30672699999999997 0.17608799999999999 0.013604 0.01349 0.013117999999999999 0.13795599999999994 0.27020299999999992 0.14003499999999999 0.0037629999999999999 0.0038149999999999998 0.0037859999999999994 0.00086600000000000002 0.00085399999999999994 0.00083900000000000001 3.3632165214099494 3.3632165214099494 3.3632165214099494 0.0018147410570289986 0.0018147410570289986 0.0018147410570289986 1 1 1 Converged Converged Converged OK OK OK 75 75 75 75 75 75 5 5 5 0 0 0 0 1 0 0 1
38 38 uniform 4 23 389 3 0.001 0.33431791495940921 0.034131376294291214 0.0004973068791419 2.4806284112767041 1.0079288083522442 2.4807278726525324 0 -2.4696937518251656 3.3581256263816459 OK 15 14 0.908833 0.91417199999999998 0.17471800000000001 0.73297599999999996 0.60463100000000003 0 0.17585700000000004 0.30954099999999996 0.17471800000000001 0.013602 0.01486 0.013035 0.135991 0.27098800000000017 0.13877500000000004 0.0070709999999999992 0.0039840000000000006 0.003764 0.00087699999999999996 0.00090700000000000004 0.00088099999999999995 3.3581255728089152 3.3581255728089152 3.3581255728089152 0.0018148898035942418 0.0018148898035942418 0.0018148898035942418 1 1 1 Converged Converged Converged OK OK OK 75 75 75 75 75 75 5 5 5 0 0 0 0 1 0 0 1
38 38 uniform 4 0 389 0 0.0001 0.33431791495940921 0.034131376294291214 0.0004973068791419 2.4806284112767041 1.0079288083522442 2.4805289499008758 0 -2.469494829073509 3.3816922955677238 OK 15 14 1.2110449999999999 1.1949920000000001 0.29219400000000001 0.90977600000000003 0.90143700000000004 0 0.3012689999999999 0.29355500000000001 0.29219400000000001 0.014808999999999999 0.014338 0.013696 0.23783300000000007 0.23207200000000003 0.23173700000000011 0.0064470000000000005 0.006391 0.006306 0.001238 0.0012309999999999999 0.001227 3.3816922579948208 3.3816922579948208 3.3816922579948208 0.00022774281248239843 0.00022774281248239843 0.00022774281248239843 1 1 1 Converged Converged Converged OK OK OK 123 123 123 123 123 123 5 5 5 0 0 0 0 0 1 0 0
38 38 uniform 4 7 389 1 0.0001 0.33431791495940921 0.034131376294291214 0.0004973068791419 2.4806284112767041 1.0079288083522442 2.4805894916079017 0 -2.4695553707805349 3.3715088487041438 OK 15 14 0.92852100000000004 1.053958 0.24004500000000001 0.68758799999999998 0.55955100000000002 0 0.24093300000000006 0.49440699999999993 0.24004500000000001 0.013693 0.013747000000000001 0.012859000000000001 0.18954700000000008 0.44215600000000016 0.18995000000000006 0.0062280000000000009 0.0064929999999999996 0.0061850000000000004 0.0012180000000000001 0.001237 0.001242 3.3715088114065677 3.3715088114065677 3.3715088114065677 0.00022116313154261003 0.00022116313154261003 0.00022116313154261003 1 1 1 Converged Converged Converged OK OK OK 123 123 123 123 123 123 5 5 5 0 0 0 0 1 0 0 1
38 38 uniform 4 15 389 2 0.0001 0.33431791495940921 0.034131376294291214 0.0004973068791419 2.4806284112767041 1.0079288083522442 2.4806586821302172 0 -2.4696245613028505 3.3632165791062332 OK 15 14 1.0197970000000001 1.1271040000000001 0.24970700000000001 0.76737 0.64383999999999997 0 0.25242700000000007 0.48326400000000014 0.24970700000000001 0.013487000000000001 0.013634 0.012709 0.20072100000000004 0.43131599999999998 0.19977900000000004 0.0063679999999999995 0.0063940000000000004 0.0061490000000000008 0.0012480000000000002 0.0012239999999999998 0.0012650000000000001 3.3632165422654854 3.3632165422654854 3.3632165422654854 0.00021475874680100968 0.00021475874680100968 0.00021475874680100968 1 1 1 Converged Converged Converged OK OK OK 123 123 123 123 123 123 5 5 5 0 0 0 0 1 0 0 1
38 38 uniform 4 23 389 3 0.0001 0.33431791495940921 0.034131376294291214 0.0004973068791419 2.4806284112767041 1.0079288083522442 2.4807278726525324 0 -2.4696937518251656 3.3581256263816459 OK 15 14 0.98809100000000005 1.0916889999999999 0.25410199999999999 0.73752799999999996 0.60324500000000003 0 0.25056300000000009 0.48844399999999988 0.25410199999999999 0.013472 0.013627999999999999 0.014104 0.19891700000000007 0.43643500000000002 0.20194300000000004 0.0063270000000000002 0.00643 0.0063759999999999997 0.0012719999999999999 0.0012819999999999999 0.001263 3.3581255888997044 3.3581255888997044 3.3581255888997044 0.00020930544323482511 0.00020930544323482511 0.00020930544323482511 1 1 1 Converged Converged Converged OK OK OK 123 123 123 123 123 123 5 5 5 0 0 0 0 1 0 0 1
39 39 linear 0 0 390 0 0.001 0.20972978441214651 0.00095163900508827182 0.013396450468834311 4.5523912696842963 -0.28379799515077608 4.5497119795905299 0.5 -4.549512582301392 1.0248364993238559 OK 12 11 0.60154099999999999 0.60121199999999997 0.13189400000000001 0.46839900000000001 0.46615600000000001 0 0.13314199999999998 0.13505599999999995 0.13189400000000001 0.021496000000000001 0.0229 0.022981999999999999 0.093405000000000016 0.091612000000000013 0.091018000000000002 0.0026770000000000001 0.0053080000000000002 0.0026319999999999998 0.00056999999999999998 0.00061700000000000004 0.00059800000000000001 1.024836614577177 1.024836614577177 1.024836614577177 3.2908728670694676e-05 3.2908728670694676e-05 3.2908728670694676e-05 1 1 1 Converged Converged Converged OK OK OK 59 59 59 59 59 59 5 5 5 0 0 0 0 0 1 0 0
39 39 linear 0 7 390 1 0.001 0.20972978441214651 0.00095163900508827182 0.013396450468834311 4.5523912696842963 -0.28379799515077608 4.5513428518215182 0.5 -4.5511434545323803 1.0246797494528441 OK 12 11 0.55749300000000002 0.36258099999999999 0.124947 0.42898399999999998 0.19308800000000001 0 0.12850900000000004 0.16949299999999998 0.124947 0.00594 0.0059410000000000001 0.0055640000000000004 0.10496800000000002 0.14615600000000001 0.10266600000000001 0.002794 0.002771 0.0027590000000000002 0.00060599999999999998 0.00063400000000000001 0.00061299999999999994 1.0246798659441649 1.0246798659441649 1.0246798659441649 3.2939306880592767e-05 3.2939306880592767e-05 3.2939306880592767e-05 1 1 1 Converged Converged Converged OK OK OK 66 66 66 66 66 66 6 6 6 0 0 0 0 1 0 0 1
39 39 linear 0 15 390 2 0.001 0.20972978441214651 0.00095163900508827182 0.013396450468834311 4.5523912696842963 -0.28379799515077608 4.5532067057997905 0.5 -4.5530073085106526 1.0242088435709769 OK 12 11 0.57277599999999995 0.38937100000000002 0.12557599999999999 0.442583 0.223355 0 0.13019299999999995 0.16601600000000002 0.12557599999999999 0.0062329999999999998 0.0060990000000000003 0.0055079999999999999 0.10706199999999999 0.14304900000000001 0.10445699999999998 0.0030249999999999999 0.0031290000000000003 0.0027369999999999998 0.00065399999999999996 0.00071000000000000013 0.00063699999999999998 1.0242090297535711 1.0242090297535711 1.0242090297535711 1.4123292392488324e-05 1.4123292392488324e-05 1.4123292392488324e-05 1 1 1 Converged Converged Converged OK OK OK 66 66 66 66 66 66 6 6 6 0 0 0 0 1 0 0 1
39 39 linear 0 23 390 3 0.001 0.20972978441214651 0.00095163900508827182 0.013396450468834311 4.5523912696842963 -0.28379799515077608 4.5550705597780627 0.5 -4.5548711624889249 1.0234183281062599 OK 12 11 0.51926600000000001 0.32769300000000001 0.122709 0.39229399999999998 0.16731199999999999 0 0.12697200000000003 0.16038100000000002 0.122709 0.0060670000000000003 0.0061019999999999998 0.0054809999999999998 0.10409900000000001 0.137374 0.10157899999999999 0.0030249999999999999 0.0031289999999999998 0.0027790000000000002 0.00065400000000000007 0.00067099999999999994 0.00061200000000000002 1.0234185112934897 1.0234185112934897 1.0234185112934897 1.698656913224271e-05 1.698656913224271e-05 1.698656913224271e-05 1 1 1 Converged Converged Converged OK OK OK 66 66 66 66 66 66 6 6 6 0 0 0 0 1 0 0 1
39 39 linear 0 0 390 0 0.0001 0.20972978441214651 0.00095163900508827182 0.013396450468834311 4.5523912696842963 -0.28379799515077608 4.5497119795905299 0.5 -4.549512582301392 1.0248364993238559 OK 12 11 0.60173200000000004 0.59936 0.13109100000000001 0.46926000000000001 0.46585199999999999 0 0.13247200000000003 0.13350800000000002 0.13109100000000001 0.02138 0.02342 0.022498000000000001 0.093159000000000006 0.091576000000000046 0.090809999999999988 0.0025510000000000003 0.0028289999999999999 0.0025300000000000001 0.00058699999999999996 0.00060499999999999996 0.00059900000000000003 1.024836614577177 1.024836614577177 1.024836614577177 3.2908728670694676e-05 3.2908728670694676e-05 3.2908728670694676e-05 1 1 1 Converged Converged Converged OK OK OK 59 59 59 59 59 59 5 5 5 0 0 0 0 0 1 0 0
39 39 linear 0 7 390 1 0.0001 0.20972978441214651 0.00095163900508827182 0.013396450468834311 4.5523912696842963 -0.28379799515077608 4.5513428518215182 0.5 -4.5511434545323803 1.0246797494528441 OK 12 11 0.55522499999999997 0.35679 0.125362 0.42366900000000002 0.18609200000000001 0 0.13155599999999995 0.17069799999999999 0.125362 0.0059329999999999999 0.0060740000000000004 0.0056340000000000001 0.10815700000000002 0.14655800000000002 0.10299700000000001 0.002777 0.0030740000000000003 0.0027929999999999999 0.00061299999999999994 0.0006739999999999999 0.00058199999999999994 1.0246798659441649 1.0246798659441649 1.0246798659441649 3.2939306880592767e-05 3.2939306880592767e-05 3.2939306880592767e-05 1 1 1 Converged Converged Converged OK OK OK 66 66 66 66 66 66 6 6 6 0 0 0 0 1 0 0 1
39 39 linear 0 15 390 2 0.0001 0.20972978441214651 0.00095163900508827182 0.013396450468834311 4.5523912696842963 -0.28379799515077608 4.5532067057997905 0.5 -4.5530073085106526 1.0242088435709769 OK 12 11 0.57125400000000004 0.38614300000000001 0.12570600000000001 0.44223400000000002 0.22115799999999999 0 0.12902000000000002 0.16498500000000002 0.12570600000000001 0.0059940000000000002 0.006012 0.0055500000000000002 0.10676799999999997 0.142425 0.10444600000000008 0.0026830000000000001 0.0029119999999999997 0.002735 0.00058999999999999992 0.00061700000000000004 0.00061499999999999999 1.0242090297535711 1.0242090297535711 1.0242090297535711 1.4123292392488324e-05 1.4123292392488324e-05 1.4123292392488324e-05 1 1 1 Converged Converged Converged OK OK OK 66 66 66 66 66 66 6 6 6 0 0 0 0 1 0 0 1
39 39 linear 0 23 390 3 0.0001 0.20972978441214651 0.00095163900508827182 0.013396450468834311 4.5523912696842963 -0.28379799515077608 4.5550705597780627 0.5 -4.5548711624889249 1.0234183281062599 OK 12 11 0.51807400000000003 0.32482100000000003 0.122271 0.38580999999999999 0.16518099999999999 0 0.13226400000000005 0.15964000000000003 0.122271 0.006058 0.0060280000000000004 0.005424 0.108741 0.13681899999999997 0.101357 0.0031869999999999997 0.0029570000000000004 0.0026099999999999999 0.00061200000000000002 0.00064999999999999997 0.00058699999999999996 1.0234185112934897 1.0234185112934897 1.0234185112934897 1.698656913224271e-05 1.698656913224271e-05 1.698656913224271e-05 1 1 1 Converged Converged Converged OK OK OK 66 66 66 66 66 66 6 6 6 0 0 0 0 1 0 0 1
39 39 linear 1 0 391 0 0.001 0.20972978441214651 0.00095163900508827182 0.013396450468834311 4.542622378647974 0.28851685268882615 4.5399430885542076 0.5 -4.5397436912650697 1.0214604113637684 OK 12 11 0.52005000000000001 0.51653000000000004 0.109884 0.40622799999999998 0.40548299999999998 0 0.11382200000000003 0.11104700000000006 0.109884 0.0070590000000000002 0.0068770000000000003 0.0065630000000000003 0.086422000000000013 0.084646000000000013 0.084430999999999964 0.0030099999999999997 0.0027899999999999999 0.0026090000000000002 0.00064199999999999999 0.00064800000000000003 0.00058900000000000001 1.0214600963697262 1.0214600963697262 1.0214600963697262 0.0001748132654077173 0.0001748132654077173 0.0001748132654077173 1 1 1 Converged Converged Converged OK OK OK 66 66 66 66 66 66 6 6 6 0 0 0 0 0 1 0 0
39 39 linear 1 7 391 1 0.001 0.20972978441214651 0.00095163900508827182 0.013396450468834311 4.542622378647974 0.28851685268882615 4.5415739607851959 0.5 -4.5413745634960581 1.0228379286368885 OK 12 11 0.51117900000000005 0.31815100000000002 0.10349800000000001 0.404032 0.17741499999999999 0 0.10714700000000005 0.14073600000000003 0.10349800000000001 0.0058840000000000003 0.0060540000000000004 0.0054939999999999998 0.084320999999999993 0.11833799999999997 0.082450000000000023 0.0030359999999999996 0.002712 0.0026210000000000001 0.00062600000000000004 0.00059599999999999996 0.00059699999999999998 1.0228389928955948 1.0228389928955948 1.0228389928955948 0.00013193649051335913 0.00013193649051335913 0.00013193649051335913 1 1 1 Converged Converged Converged OK OK OK 66 66 66 66 66 66 6 6 6 0 0 0 0 1 0 0 1
39 39 linear 1 15 391 2 0.001 0.20972978441214651 0.00095163900508827182 0.013396450468834311 4.542622378647974 0.28851685268882615 4.5434378147634682 0.5 -4.5432384174743303 1.0240486075037385 OK 12 11 0.486902 0.29143799999999997 0.102493 0.38116699999999998 0.15213299999999999 0 0.10573500000000002 0.13930499999999998 0.102493 0.0059610000000000002 0.0059810000000000002 0.0055050000000000003 0.083153000000000005 0.11722699999999998 0.081543999999999991 0.0027650000000000001 0.0026840000000000002 0.0025869999999999999 0.00063299999999999999 0.00067200000000000007 0.00060099999999999997 1.0240496985813552 1.0240496985813552 1.0240496985813552 8.8934978874511829e-05 8.8934978874511829e-05 8.8934978874511829e-05 1 1 1 Converged Converged Converged OK OK OK 66 66 66 66 66 66 6 6 6 0 0 0 0 1 0 0 1
39 39 linear 1 23 391 3 0.001 0.20972978441214651 0.00095163900508827182 0.013396450468834311 4.542622378647974 0.28851685268882615 4.5453016687417405 0.5 -4.5451022714526026 1.0249118927430869 OK 12 11 0.49881900000000001 0.30499300000000001 0.105003 0.39049 0.15798599999999999 0 0.10832900000000001 0.14700700000000003 0.105003 0.0058719999999999996 0.0059100000000000003 0.0054079999999999996 0.085741000000000012 0.12498800000000003 0.084042000000000006 0.0029350000000000001 0.0028500000000000001 0.002689 0.00064100000000000008 0.00058200000000000005 0.00058200000000000005 1.0249127741604578 1.0249127741604578 1.0249127741604578 8.4010958420105869e-05 8.4010958420105869e-05 8.4010958420105869e-05 1 1 1 Converged Converged Converged OK OK OK 66 66 66 66 66 66 6 6 6 0 0 0 0 1 0 0 1
39 39 linear 1 0 391 0 0.0001 0.20972978441214651 0.00095163900508827182 0.013396450468834311 4.542622378647974 0.28851685268882615 4.5399430885542076 0.5 -4.5397436912650697 1.0214604113637684 OK 12 11 0.52540100000000001 0.52704700000000004 0.121847 0.39655200000000002 0.40041100000000002 0 0.12884899999999999 0.12663600000000003 0.121847 0.0068190000000000004 0.0067149999999999996 0.0065100000000000002 0.099723000000000006 0.097357000000000013 0.093433000000000002 0.0030039999999999997 0.0032180000000000004 0.0030900000000000003 0.00073499999999999998 0.00087199999999999995 0.00079200000000000006 1.0214607586156343 1.0214607586156343 1.0214607586156343 3.1516997374832159e-05 3.1516997374832159e-05 3.1516997374832159e-05 1 1 1 Converged Converged Converged OK OK OK 74 74 74 74 74 74 6 6 6 0 0 0 0 0 1 0 0
39 39 linear 1 7 391 1 0.0001 0.20972978441214651 0.00095163900508827182 0.013396450468834311 4.542622378647974 0.28851685268882615 4.5415739607851959 0.5 -4.5413745634960581 1.0228379286368885 OK 12 11 0.52036899999999997 0.33388000000000001 0.114297 0.403476 0.178397 0 0.11689299999999997 0.15548300000000001 0.114297 0.0058139999999999997 0.0059639999999999997 0.0055380000000000004 0.093366999999999964 0.13124800000000003 0.091586000000000056 0.0029030000000000002 0.0032539999999999999 0.0030040000000000002 0.00073799999999999994 0.0007719999999999999 0.0006829999999999999 1.0228382164892089 1.0228382164892089 1.0228382164892089 2.540466097166558e-05 2.540466097166558e-05 2.540466097166558e-05 1 1 1 Converged Converged Converged OK OK OK 74 74 74 74 74 74 6 6 6 0 0 0 0 1 0 0 1
39 39 linear 1 15 391 2 0.0001 0.20972978441214651 0.00095163900508827182 0.013396450468834311 4.542622378647974 0.28851685268882615 4.5434378147634682 0.5 -4.5432384174743303 1.0240486075037385 OK 12 11 0.485931 0.29183199999999998 0.10236099999999999 0.37623800000000002 0.15260499999999999 0 0.10969299999999998 0.13922699999999999 0.10236099999999999 0.0059020000000000001 0.0059129999999999999 0.0054510000000000001 0.086767000000000011 0.11736199999999999 0.081438000000000038 0.0027979999999999997 0.0025459999999999997 0.0025669999999999998 0.00063199999999999997 0.00058299999999999997 0.00061499999999999999 1.0240496985813552 1.0240496985813552 1.0240496985813552 8.8934978874511829e-05 8.8934978874511829e-05 8.8934978874511829e-05 1 1 1 Converged Converged Converged OK OK OK 66 66 66 66 66 66 6 6 6 0 0 0 0 1 0 0 1
39 39 linear 1 23 391 3 0.0001 0.20972978441214651 0.00095163900508827182 0.013396450468834311 4.542622378647974 0.28851685268882615 4.5453016687417405 0.5 -4.5451022714526026 1.0249118927430869 OK 12 11 0.49989 0.30475000000000002 0.104924 0.39219199999999999 0.153638 0 0.10769800000000002 0.15111200000000002 0.104924 0.0058640000000000003 0.0058370000000000002 0.0054209999999999996 0.085506999999999986 0.12908100000000003 0.084121000000000029 0.0027169999999999998 0.0027390000000000001 0.002578 0.000629 0.00064700000000000001 0.00057700000000000004 1.0249127741604578 1.0249127741604578 1.0249127741604578 8.4010958420105869e-05 8.4010958420105869e-05 8.4010958420105869e-05 1 1 1 Converged Converged Converged OK OK OK 66 66 66 66 66 66 6 6 6 0 0 0 0 1 0 0 1
39 39 linear 2 0 392 0 0.001 0.20972978441214651 0.00095163900508827182 0.013396450468834311 4.5468107537219016 -0.30049667755800669 4.5441314636281351 0.5 -4.5439320663389973 1.0150576150416408 OK 12 11 0.54033900000000001 0.53312700000000002 0.087496000000000004 0.45093499999999997 0.44439099999999998 0 0.089404000000000039 0.088736000000000037 0.087496000000000004 0.0091050000000000002 0.0091839999999999995 0.0090410000000000004 0.061213000000000017 0.060416000000000011 0.059814000000000013 0.0028879999999999999 0.0027269999999999998 0.0027150000000000004 0.00066399999999999999 0.00068300000000000001 0.00064999999999999997 1.0150524790442257 1.0150524790442257 1.0150524790442257 0.00058185499399038504 0.00058185499399038504 0.00058185499399038504 1 1 1 Converged Converged Converged OK OK OK 53 53 53 53 53 53 3 3 3 0 0 0 0 0 1 0 0
39 39 linear 2 7 392 1 0.001 0.20972978441214651 0.00095163900508827182 0.013396450468834311 4.5468107537219016 -0.30049667755800669 4.5457623358591235 0.5 -4.5455629385699856 1.0158528088399548 OK 12 11 0.534192 0.32601999999999998 0.113204 0.41796 0.169408 0 0.116232 0.15661199999999997 0.113204 0.0090939999999999997 0.0088249999999999995 0.0084720000000000004 0.086525999999999992 0.12751799999999996 0.084793999999999994 0.0033039999999999996 0.0031850000000000003 0.0032460000000000002 0.00068000000000000005 0.00073200000000000001 0.0007090000000000001 1.0158532499967039 1.0158532499967039 1.0158532499967039 0.00017647975096852576 0.00017647975096852576 0.00017647975096852576 1 1 1 Converged Converged Converged OK OK OK 67 67 67 67 67 67 5 5 5 0 0 0 0 1 0 0 1
39 39 linear 2 15 392 2 0.001 0.20972978441214651 0.00095163900508827182 0.013396450468834311 4.5468107537219016 -0.30049667755800669 4.5476261898373957 0.5 -4.5474267925482579 1.0167383393578246 OK 11 10 0.49183700000000002 0.28753699999999999 0.093308000000000002 0.39576699999999998 0.15126300000000001 0 0.096070000000000044 0.13627399999999998 0.093308000000000002 0.005927 0.0059760000000000004 0.0054689999999999999 0.074900000000000008 0.11083199999999999 0.073214000000000015 0.002529 0.002539 0.0024299999999999999 0.00051200000000000009 0.00051799999999999991 0.00050500000000000002 1.0167213536645789 1.0167213536645789 1.0167213536645789 0.00054258799735642583 0.00054258799735642583 0.00054258799735642583 1 1 1 Converged Converged Converged OK OK OK 59 59 59 59 59 59 5 5 5 0 0 0 0 1 0 0 1
39 39 linear 2 23 392 3 0.001 0.20972978441214651 0.00095163900508827182 0.013396450468834311 4.5468107537219016 -0.30049667755800669 4.549490043815668 0.5 -4.5492906465265301 1.0170397115297076 OK 11 10 0.50075400000000003 0.27812100000000001 0.089743000000000003 0.408163 0.15188699999999999 0 0.092591000000000034 0.12623400000000001 0.089743000000000003 0.0057889999999999999 0.0058069999999999997 0.0053709999999999999 0.071678000000000006 0.10539300000000001 0.069938 0.002529 0.0025669999999999998 0.0024550000000000002 0.00053300000000000005 0.000522 0.00049399999999999997 1.0170223402201113 1.0170223402201113 1.0170223402201113 0.00052307413103236519 0.00052307413103236519 0.00052307413103236519 1 1 1 Converged Converged Converged OK OK OK 59 59 59 59 59 59 5 5 5 0 0 0 0 1 0 0 1
39 39 linear 2 0 392 0 0.0001 0.20972978441214651 0.00095163900508827182 0.013396450468834311 4.5468107537219016 -0.30049667755800669 4.5441314636281351 0.5 -4.5439320663389973 1.0150576150416408 OK 12 11 0.544983 0.54441200000000001 0.099770999999999999 0.44124799999999997 0.44287300000000002 0 0.10373500000000002 0.10153899999999999 0.099770999999999999 0.0090939999999999997 0.0092770000000000005 0.0089020000000000002 0.071680999999999995 0.069422999999999999 0.068656999999999982 0.0033570000000000002 0.003493 0.0032969999999999996 0.00081899999999999996 0.00083000000000000012 0.00084400000000000002 1.0150567879591201 1.0150567879591201 1.0150567879591201 3.0295308124640701e-05 3.0295308124640701e-05 3.0295308124640701e-05 1 1 1 Converged Converged Converged OK OK OK 61 61 61 61 61 61 3 3 3 0 0 0 0 0 1 0 0
39 39 linear 2 7 392 1 0.0001 0.20972978441214651 0.00095163900508827182 0.013396450468834311 4.5468107537219016 -0.30049667755800669 4.5457623358591235 0.5 -4.5455629385699856 1.0158528088399548 OK 12 11 0.54760200000000003 0.34128399999999998 0.123894 0.41558899999999999 0.168874 0 0.13201300000000005 0.17240999999999998 0.123894 0.009018 0.0088760000000000002 0.0084180000000000001 0.095905000000000004 0.14058699999999996 0.093498999999999985 0.0038110000000000002 0.0038339999999999997 0.0035580000000000004 0.00078699999999999994 0.00080100000000000017 0.00076300000000000001 1.0158518881015051 1.0158518881015051 1.0158518881015051 2.8070979253308515e-05 2.8070979253308515e-05 2.8070979253308515e-05 1 1 1 Converged Converged Converged OK OK OK 75 75 75 75 75 75 5 5 5 0 0 0 0 1 0 0 1
39 39 linear 2 15 392 2 0.0001 0.20972978441214651 0.00095163900508827182 0.013396450468834311 4.5468107537219016 -0.30049667755800669 4.5476261898373957 0.5 -4.5474267925482579 1.0167383393578246 OK 11 10 0.51289499999999999 0.30559500000000001 0.113535 0.39522200000000002 0.15200900000000001 0 0.11767299999999997 0.153586 0.113535 0.0060400000000000002 0.0059849999999999999 0.0056220000000000003 0.092379999999999962 0.12911999999999998 0.089880000000000029 0.003382 0.003228 0.0031340000000000001 0.00077300000000000003 0.00074200000000000004 0.00071500000000000003 1.0167374285787987 1.0167374285787987 1.0167374285787987 3.2342271808017056e-05 3.2342271808017056e-05 3.2342271808017056e-05 1 1 1 Converged Converged Converged OK OK OK 75 75 75 75 75 75 5 5 5 0 0 0 0 1 0 0 1
39 39 linear 2 23 392 3 0.0001 0.20972978441214651 0.00095163900508827182 0.013396450468834311 4.5468107537219016 -0.30049667755800669 4.549490043815668 0.5 -4.5492906465265301 1.0170397115297076 OK 11 10 0.52530100000000002 0.30216900000000002 0.11065 0.40747499999999998 0.15088099999999999 0 0.11782600000000004 0.15128800000000003 0.11065 0.0059670000000000001 0.0060689999999999997 0.0054099999999999999 0.093080000000000038 0.126355 0.087280999999999984 0.0033670000000000002 0.0036220000000000002 0.0032499999999999999 0.00074700000000000005 0.00075099999999999993 0.00074100000000000001 1.0170392322298987 1.0170392322298987 1.0170392322298987 3.3875352835419752e-05 3.3875352835419752e-05 3.3875352835419752e-05 1 1 1 Converged Converged Converged OK OK OK 75 75 75 75 75 75 5 5 5 0 0 0 0 1 0 0 1
39 39 linear 3 0 393 0 0.001 0.20972978441214651 0.00095163900508827182 0.013396450468834311 4.5320936239184908 -0.28217533699716441 4.5294143338247244 0.5 -4.5292149365355865 1.0105467772118344 OK 13 12 0.488624 0.483574 0.103756 0.38603100000000001 0.38230199999999998 0 0.10259299999999999 0.10127200000000003 0.103756 0.0091199999999999996 0.0092759999999999995 0.0090349999999999996 0.075794 0.074534000000000003 0.077283999999999978 0.0025970000000000003 0.0024719999999999998 0.0026120000000000002 0.00054100000000000003 0.00050000000000000001 0.00055100000000000006 1.0105465251519783 1.0105465251519783 1.0105465251519783 0.00028843559315964366 0.00028843559315964366 0.00028843559315964366 1 1 1 Converged Converged Converged OK OK OK 59 59 59 59 59 59 5 5 5 0 0 0 0 0 1 0 0
39 39 linear 3 7 393 1 0.001 0.20972978441214651 0.00095163900508827182 0.013396450468834311 4.5320936239184908 -0.28217533699716441 4.5310452060557127 0.5 -4.5308458087665748 1.0112104107864162 OK 13 12 0.47237800000000002 0.30749199999999999 0.091046000000000002 0.37826900000000002 0.176339 0 0.094108999999999998 0.13115299999999999 0.091046000000000002 0.0085089999999999992 0.0086459999999999992 0.0078659999999999997 0.070539000000000018 0.107 0.06888699999999999 0.0024870000000000001 0.0027540000000000004 0.002346 0.00052599999999999999 0.000544 0.00054199999999999995 1.0112101693903612 1.0112101693903612 1.0112101693903612 0.00032750010189630996 0.00032750010189630996 0.00032750010189630996 1 1 1 Converged Converged Converged OK OK OK 59 59 59 59 59 59 5 5 5 0 0 0 0 1 0 0 1
39 39 linear 3 15 393 2 0.001 0.20972978441214651 0.00095163900508827182 0.013396450468834311 4.5320936239184908 -0.28217533699716441 4.532909060033985 0.5 -4.5327096627448471 1.0121484082378718 OK 13 12 0.49279800000000001 0.30807600000000002 0.096952999999999998 0.39285500000000001 0.17164299999999999 0 0.099943000000000004 0.13643300000000003 0.096952999999999998 0.0084130000000000003 0.0084740000000000006 0.0078359999999999992 0.07643999999999998 0.11234199999999997 0.074592999999999979 0.0024819999999999998 0.0026760000000000004 0.0024850000000000002 0.00058699999999999996 0.00056400000000000005 0.00059100000000000005 1.0121483124292883 1.0121483124292883 1.0121483124292883 0.00038850052503366987 0.00038850052503366987 0.00038850052503366987 1 1 1 Converged Converged Converged OK OK OK 59 59 59 59 59 59 5 5 5 0 0 0 0 1 0 0 1
39 39 linear 3 23 393 3 0.001 0.20972978441214651 0.00095163900508827182 0.013396450468834311 4.5320936239184908 -0.28217533699716441 4.5347729140122572 0.5 -4.5345735167231194 1.0133763922681742 OK 13 12 0.67616500000000002 0.47623900000000002 0.093854000000000007 0.57850900000000005 0.34264299999999998 0 0.097655999999999965 0.13359600000000005 0.093854000000000007 0.0084410000000000006 0.0084720000000000004 0.0078320000000000004 0.07380600000000001 0.10967600000000001 0.071601999999999971 0.0025170000000000001 0.0026670000000000001 0.0023869999999999998 0.00059900000000000003 0.00058700000000000007 0.00056999999999999998 1.0133765350284236 1.0133765350284236 1.0133765350284236 0.00046982574514634718 0.00046982574514634718 0.00046982574514634718 1 1 1 Converged Converged Converged OK OK OK 59 59 59 59 59 59 5 5 5 0 0 0 0 1 0 0 1
39 39 linear 3 0 393 0 0.0001 0.20972978441214651 0.00095163900508827182 0.013396450468834311 4.5320936239184908 -0.28217533699716441 4.5294143338247244 0.5 -4.5292149365355865 1.0105467772118344 OK 13 12 0.50566599999999995 0.49476199999999998 0.111135 0.39181700000000003 0.38281300000000001 0 0.11384899999999992 0.11194899999999997 0.111135 0.0092499999999999995 0.0092429999999999995 0.0088889999999999993 0.084370999999999988 0.083085999999999979 0.082283000000000009 0.0028499999999999997 0.0027530000000000002 0.0028869999999999998 0.00070600000000000003 0.00069699999999999992 0.00069200000000000002 1.0105463887000292 1.0105463887000292 1.0105463887000292 8.0508313749093582e-05 8.0508313749093582e-05 8.0508313749093582e-05 1 1 1 Converged Converged Converged OK OK OK 67 67 67 67 67 67 5 5 5 0 0 0 0 0 1 0 0
39 39 linear 3 7 393 1 0.0001 0.20972978441214651 0.00095163900508827182 0.013396450468834311 4.5320936239184908 -0.28217533699716441 4.5310452060557127 0.5 -4.5308458087665748 1.0112104107864162 OK 13 12 0.47808899999999999 0.31478 0.10499 0.37197200000000002 0.17420099999999999 0 0.10611699999999996 0.14057900000000001 0.10499 0.0085050000000000004 0.0085050000000000004 0.0078079999999999998 0.079898999999999998 0.11536500000000004 0.080811999999999995 0.0032680000000000001 0.002869 0.0028309999999999997 0.00074299999999999995 0.00067800000000000011 0.00068499999999999995 1.0112099496241012 1.0112099496241012 1.0112099496241012 7.2608140468341704e-05 7.2608140468341704e-05 7.2608140468341704e-05 1 1 1 Converged Converged Converged OK OK OK 67 67 67 67 67 67 5 5 5 0 0 0 0 1 0 0 1
39 39 linear 3 15 393 2 0.0001 0.20972978441214651 0.00095163900508827182 0.013396450468834311 4.5320936239184908 -0.28217533699716441 4.532909060033985 0.5 -4.5327096627448471 1.0121484082378718 OK 13 12 0.50821499999999997 0.32493100000000003 0.10702299999999999 0.396843 0.17887600000000001 0 0.11137199999999997 0.14605500000000002 0.10702299999999999 0.0085220000000000001 0.0084799999999999997 0.0077949999999999998 0.085543999999999967 0.12076199999999999 0.083046999999999982 0.0031489999999999999 0.0029850000000000002 0.0027880000000000001 0.00072499999999999995 0.000678 0.00068599999999999998 1.0121479264619089 1.0121479264619089 1.0121479264619089 6.5785464240907402e-05 6.5785464240907402e-05 6.5785464240907402e-05 1 1 1 Converged Converged Converged OK OK OK 67 67 67 67 67 67 5 5 5 0 0 0 0 1 0 0 1
39 39 linear 3 23 393 3 0.0001 0.20972978441214651 0.00095163900508827182 0.013396450468834311 4.5320936239184908 -0.28217533699716441 4.5347729140122572 0.5 -4.5345735167231194 1.0133763922681742 OK 13 12 0.68397699999999995 0.48489700000000002 0.104488 0.57595399999999997 0.34169100000000002 0 0.10802299999999998 0.143206 0.104488 0.0084180000000000001 0.0084969999999999993 0.0077850000000000003 0.082853999999999997 0.11809699999999997 0.080627999999999964 0.0027799999999999999 0.002872 0.00281 0.00069199999999999991 0.00071400000000000001 0.00069799999999999994 1.0133758400051682 1.0133758400051682 1.0133758400051682 6.1975768537047155e-05 6.1975768537047155e-05 6.1975768537047155e-05 1 1 1 Converged Converged Converged OK OK OK 67 67 67 67 67 67 5 5 5 0 0 0 0 1 0 0 1
39 39 linear 4 0 394 0 0.001 0.20972978441214651 0.00095163900508827182 0.013396450468834311 4.5641376586856603 -0.30778723801053115 4.5614583685918939 0.5 -4.561258971302756 1.0095796482694341 OK 12 11 0.476831 0.47098699999999999 0.084308999999999995 0.39025599999999999 0.38540400000000002 0 0.086575000000000013 0.085582999999999965 0.084308999999999995 0.0088959999999999994 0.0089449999999999998 0.0085909999999999997 0.058923000000000003 0.057805000000000002 0.057042999999999996 0.0027659999999999998 0.0028739999999999998 0.002696 0.00059699999999999998 0.00061199999999999991 0.00055199999999999997 1.0095779236207512 1.0095779236207512 1.0095779236207512 0.00024642441977185126 0.00024642441977185126 0.00024642441977185126 1 1 1 Converged Converged Converged OK OK OK 53 53 53 53 53 53 3 3 3 0 0 0 0 0 1 0 0
39 39 linear 4 7 394 1 0.001 0.20972978441214651 0.00095163900508827182 0.013396450468834311 4.5641376586856603 -0.30778723801053115 4.5630892408228823 0.5 -4.5628898435337444 1.0093416218597866 OK 12 11 0.45585900000000001 0.28588000000000002 0.083791000000000004 0.36906299999999997 0.15356500000000001 0 0.08679600000000004 0.13231500000000002 0.083791000000000004 0.0081130000000000004 0.0081550000000000008 0.0076480000000000003 0.061696999999999995 0.10743199999999999 0.059800000000000013 0.0028520000000000004 0.002787 0.002709 0.00057400000000000007 0.00056599999999999999 0.00055999999999999995 1.0093399328543298 1.0093399328543298 1.0093399328543298 0.00023326475945064019 0.00023326475945064019 0.00023326475945064019 1 1 1 Converged Converged Converged OK OK OK 53 53 53 53 53 53 3 3 3 0 0 0 0 1 0 0 1
39 39 linear 4 15 394 2 0.001 0.20972978441214651 0.00095163900508827182 0.013396450468834311 4.5641376586856603 -0.30778723801053115 4.5649530948011545 0.5 -4.5647536975120167 1.0090680721210492 OK 12 11 0.44665500000000002 0.28519600000000001 0.080272999999999997 0.36370200000000003 0.15840899999999999 0 0.082952999999999999 0.12678700000000001 0.080272999999999997 0.0082439999999999996 0.0080999999999999996 0.0075599999999999999 0.058144999999999995 0.102266 0.056473000000000009 0.0026839999999999998 0.0027159999999999997 0.0027130000000000001 0.000562 0.00058399999999999999 0.00054299999999999997 1.0090665274940245 1.0090665274940245 1.0090665274940245 0.00021860251734381479 0.00021860251734381479 0.00021860251734381479 1 1 1 Converged Converged Converged OK OK OK 53 53 53 53 53 53 3 3 3 0 0 0 0 1 0 0 1
39 39 linear 4 23 394 3 0.001 0.20972978441214651 0.00095163900508827182 0.013396450468834311 4.5641376586856603 -0.30778723801053115 4.5668169487794268 0.5 -4.5666175514902889 1.008798323734847 OK 12 11 0.435222 0.256795 0.073403999999999997 0.35893900000000001 0.146426 0 0.07628299999999999 0.11036899999999999 0.073403999999999997 0.0079900000000000006 0.0082749999999999994 0.0075339999999999999 0.053905999999999996 0.087905000000000011 0.052101000000000001 0.0023049999999999998 0.0023940000000000003 0.0023010000000000001 0.00046699999999999997 0.000486 0.00047099999999999996 1.0087919255811721 1.0087919255811721 1.0087919255811721 0.00099239026013363827 0.00099239026013363827 0.00099239026013363827 1 1 1 Converged Converged Converged OK OK OK 45 45 45 45 45 45 3 3 3 0 0 0 0 1 0 0 1
39 39 linear 4 0 394 0 0.0001 0.20972978441214651 0.00095163900508827182 0.013396450468834311 4.5641376586856603 -0.30778723801053115 4.5614583685918939 0.5 -4.561258971302756 1.0095796482694341 OK 12 11 0.48391200000000001 0.48161300000000001 0.096137 0.38506899999999999 0.38439000000000001 0 0.098843000000000014 0.097223000000000004 0.096137 0.0087779999999999993 0.0088020000000000008 0.0084010000000000005 0.068079999999999988 0.066682999999999992 0.066275000000000028 0.0031039999999999996 0.003065 0.0030479999999999999 0.00072200000000000009 0.00068000000000000005 0.00067700000000000008 1.0095792700761275 1.0095792700761275 1.0095792700761275 1.3517143005850884e-05 1.3517143005850884e-05 1.3517143005850884e-05 1 1 1 Converged Converged Converged OK OK OK 61 61 61 61 61 61 3 3 3 0 0 0 0 0 1 0 0
39 39 linear 4 7 394 1 0.0001 0.20972978441214651 0.00095163900508827182 0.013396450468834311 4.5641376586856603 -0.30778723801053115 4.5630892408228823 0.5 -4.5628898435337444 1.0093416218597866 OK 12 11 0.46387600000000001 0.296657 0.094608999999999999 0.36609599999999998 0.15679299999999999 0 0.097780000000000034 0.13986400000000002 0.094608999999999999 0.0082030000000000002 0.0080719999999999993 0.0075360000000000002 0.070455999999999991 0.11271900000000003 0.068388999999999991 0.0031450000000000002 0.0031379999999999997 0.003068 0.00068799999999999992 0.00067299999999999999 0.00066 1.0093412023559918 1.0093412023559918 1.0093412023559918 1.3038525130537642e-05 1.3038525130537642e-05 1.3038525130537642e-05 1 1 1 Converged Converged Converged OK OK OK 61 61 61 61 61 61 3 3 3 0 0 0 0 1 0 0 1
39 39 linear 4 15 394 2 0.0001 0.20972978441214651 0.00095163900508827182 0.013396450468834311 4.5641376586856603 -0.30778723801053115 4.5649530948011545 0.5 -4.5647536975120167 1.0090680721210492 OK 12 11 0.45540399999999998 0.298149 0.090972999999999998 0.36158099999999999 0.159971 0 0.09382299999999999 0.138178 0.090972999999999998 0.0080890000000000007 0.0081770000000000002 0.0076579999999999999 0.066747000000000001 0.11102400000000001 0.064698000000000006 0.0031080000000000001 0.0032390000000000001 0.0030920000000000001 0.00067299999999999999 0.00067600000000000006 0.00066299999999999996 1.0090677133629844 1.0090677133629844 1.0090677133629844 1.2503239912190354e-05 1.2503239912190354e-05 1.2503239912190354e-05 1 1 1 Converged Converged Converged OK OK OK 61 61 61 61 61 61 3 3 3 0 0 0 0 1 0 0 1
39 39 linear 4 23 394 3 0.0001 0.20972978441214651 0.00095163900508827182 0.013396450468834311 4.5641376586856603 -0.30778723801053115 4.5668169487794268 0.5 -4.5666175514902889 1.008798323734847 OK 12 11 0.45621400000000001 0.28347499999999998 0.094562999999999994 0.35833799999999999 0.14682200000000001 0 0.097876000000000019 0.13665299999999997 0.094562999999999994 0.0081390000000000004 0.0082019999999999992 0.0076309999999999998 0.070675999999999975 0.109573 0.06853200000000001 0.0032089999999999996 0.0032260000000000001 0.0031440000000000001 0.00069499999999999987 0.00067000000000000002 0.00065999999999999989 1.0087979187234006 1.0087979187234006 1.0087979187234006 1.1988131123732699e-05 1.1988131123732699e-05 1.1988131123732699e-05 1 1 1 Converged Converged Converged OK OK OK 61 61 61 61 61 61 3 3 3 0 0 0 0 1 0 0 1
39 39 uniform 0 0 395 0 0.001 0.20972978441214651 0.00095163900508827182 0.013396450468834311 4.5523912696842963 -0.28379799515077608 4.5497119795905299 0 -4.549512582301392 1.0235533716283476 OK 12 11 0.55784900000000004 0.55771300000000001 0.086470000000000005 0.47058 0.470225 0 0.087269000000000041 0.08748800000000001 0.086470000000000005 0.021336999999999998 0.021544000000000001 0.021850000000000001 0.053863999999999995 0.054016999999999989 0.053175000000000007 0.0015269999999999999 0.0016739999999999999 0.001521 0.00037099999999999996 0.00040100000000000004 0.00037100000000000002 1.0235533251552651 1.0235533251552651 1.0235533251552651 0.00037047009979187216 0.00037047009979187216 0.00037047009979187216 1 1 1 Converged Converged Converged OK OK OK 43 43 43 43 43 43 5 5 5 0 0 0 0 0 1 0 0
39 39 uniform 0 7 395 1 0.001 0.20972978441214651 0.00095163900508827182 0.013396450468834311 4.5523912696842963 -0.28379799515077608 4.5513428518215182 0 -4.5511434545323803 1.0234422411071966 OK 12 11 0.50741599999999998 0.29124100000000003 0.080500000000000002 0.42566999999999999 0.18765599999999999 0 0.081745999999999985 0.10358500000000004 0.080500000000000002 0.0059719999999999999 0.0059740000000000001 0.0055729999999999998 0.063954000000000011 0.085562000000000013 0.063605999999999996 0.0016739999999999999 0.0018619999999999999 0.0016769999999999999 0.00044499999999999997 0.00051499999999999994 0.00043100000000000001 1.0234422353880976 1.0234422353880976 1.0234422353880976 0.00038749246968291325 0.00038749246968291325 0.00038749246968291325 1 1 1 Converged Converged Converged OK OK OK 50 50 50 50 50 50 6 6 6 0 0 0 0 1 0 0 1
39 39 uniform 0 15 395 2 0.001 0.20972978441214651 0.00095163900508827182 0.013396450468834311 4.5523912696842963 -0.28379799515077608 4.5532067057997905 0 -4.5530073085106526 1.0231196919682293 OK 12 11 0.52538300000000004 0.32181799999999999 0.079445000000000002 0.44432100000000002 0.222248 0 0.081062000000000023 0.099569999999999992 0.079445000000000002 0.0060359999999999997 0.0060210000000000003 0.005587 0.06397700000000002 0.082340999999999998 0.063389000000000001 0.0016679999999999998 0.00183 0.0017179999999999999 0.00042100000000000004 0.00047800000000000002 0.00043400000000000003 1.0231196866003278 1.0231196866003278 1.0231196866003278 0.00036033523260741872 0.00036033523260741872 0.00036033523260741872 1 1 1 Converged Converged Converged OK OK OK 50 50 50 50 50 50 6 6 6 0 0 0 0 1 0 0 1
39 39 uniform 0 23 395 3 0.001 0.20972978441214651 0.00095163900508827182 0.013396450468834311 4.5523912696842963 -0.28379799515077608 4.5550705597780627 0 -4.5548711624889249 1.0225739320305915 OK 12 11 0.464779 0.25990999999999997 0.076083999999999999 0.387069 0.166406 0 0.077710000000000001 0.093503999999999976 0.076083999999999999 0.0059579999999999998 0.0059719999999999999 0.0054939999999999998 0.060503000000000001 0.076265000000000013 0.060108000000000002 0.001704 0.0017540000000000001 0.0016280000000000001 0.00041200000000000004 0.00047399999999999997 0.00040299999999999998 1.0225739989065725 1.0225739989065725 1.0225739989065725 0.00036836759651983844 0.00036836759651983844 0.00036836759651983844 1 1 1 Converged Converged Converged OK OK OK 50 50 50 50 50 50 6 6 6 0 0 0 0 1 0 0 1
39 39 uniform 0 0 395 0 0.0001 0.20972978441214651 0.00095163900508827182 0.013396450468834311 4.5523912696842963 -0.28379799515077608 4.5497119795905299 0 -4.549512582301392 1.0235533716283476 OK 12 11 0.575098 0.57142000000000004 0.103271 0.47259200000000001 0.468727 0 0.10250599999999999 0.10269300000000003 0.103271 0.021409999999999998 0.021694999999999999 0.023146 0.063244999999999996 0.063550999999999996 0.062956999999999999 0.0023340000000000001 0.0023609999999999998 0.0023400000000000001 0.00052999999999999998 0.00054699999999999996 0.00052299999999999992 1.0235533251624436 1.0235533251624436 1.0235533251624436 1.7595665324682642e-05 1.7595665324682642e-05 1.7595665324682642e-05 1 1 1 Converged Converged Converged OK OK OK 59 59 59 59 59 59 5 5 5 0 0 0 0 0 1 0 0
39 39 uniform 0 7 395 1 0.0001 0.20972978441214651 0.00095163900508827182 0.013396450468834311 4.5523912696842963 -0.28379799515077608 4.5513428518215182 0 -4.5511434545323803 1.0234422411071966 OK 12 11 0.521594 0.32422200000000001 0.094917000000000001 0.42477999999999999 0.18420700000000001 0 0.096814000000000011 0.140015 0.094917000000000001 0.0059839999999999997 0.0060720000000000001 0.0055770000000000004 0.073707000000000009 0.11673 0.07318899999999999 0.002519 0.0026710000000000002 0.002467 0.000611 0.00065899999999999997 0.00060000000000000006 1.0234422353952937 1.0234422353952937 1.0234422353952937 3.4618928061630454e-05 3.4618928061630454e-05 3.4618928061630454e-05 1 1 1 Converged Converged Converged OK OK OK 66 66 66 66 66 66 6 6 6 0 0 0 0 1 0 0 1
39 39 uniform 0 15 395 2 0.0001 0.20972978441214651 0.00095163900508827182 0.013396450468834311 4.5523912696842963 -0.28379799515077608 4.5532067057997905 0 -4.5530073085106526 1.0231196919682293 OK 12 11 0.53773800000000005 0.360344 0.094111 0.441944 0.222522 0 0.095794000000000046 0.137822 0.094111 0.0059779999999999998 0.0061009999999999997 0.0055160000000000001 0.073664000000000007 0.11539099999999999 0.073397999999999991 0.0026160000000000003 0.002598 0.0024169999999999999 0.00058500000000000002 0.0006379999999999999 0.00056599999999999999 1.0231196866074688 1.0231196866074688 1.0231196866074688 7.462709500655633e-06 7.462709500655633e-06 7.462709500655633e-06 1 1 1 Converged Converged Converged OK OK OK 66 66 66 66 66 66 6 6 6 0 0 0 0 1 0 0 1
39 39 uniform 0 23 395 3 0.0001 0.20972978441214651 0.00095163900508827182 0.013396450468834311 4.5523912696842963 -0.28379799515077608 4.5550705597780627 0 -4.5548711624889249 1.0225739320305915 OK 12 11 0.47711399999999998 0.29396499999999998 0.090510999999999994 0.38498100000000002 0.16678200000000001 0 0.092132999999999965 0.12718299999999996 0.090510999999999994 0.0058560000000000001 0.0059829999999999996 0.0054650000000000002 0.070005999999999985 0.10507100000000001 0.069692999999999991 0.0026359999999999999 0.0025860000000000002 0.0024749999999999998 0.000562 0.00057499999999999999 0.00057600000000000001 1.022573998913761 1.022573998913761 1.022573998913761 1.549609005912406e-05 1.549609005912406e-05 1.549609005912406e-05 1 1 1 Converged Converged Converged OK OK OK 66 66 66 66 66 66 6 6 6 0 0 0 0 1 0 0 1
39 39 uniform 1 0 396 0 0.001 0.20972978441214651 0.00095163900508827182 0.013396450468834311 4.542622378647974 0.28851685268882615 4.5399430885542076 0 -4.5397436912650697 1.0212808940878013 OK 12 11 0.48578300000000002 0.48551 0.082445000000000004 0.397953 0.401814 0 0.087830000000000019 0.083695999999999993 0.082445000000000004 0.0066270000000000001 0.0067840000000000001 0.006496 0.067845000000000016 0.063427000000000011 0.062710000000000016 0.0016360000000000003 0.001673 0.00166 0.00043300000000000001 0.00043599999999999997 0.00039000000000000005 1.0212816404945131 1.0212816404945131 1.0212816404945131 0.00050277607361671496 0.00050277607361671496 0.00050277607361671496 1 1 1 Converged Converged Converged OK OK OK 50 50 50 50 50 50 6 6 6 0 0 0 0 0 1 0 0
39 39 uniform 1 7 396 1 0.001 0.20972978441214651 0.00095163900508827182 0.013396450468834311 4.542622378647974 0.28851685268882615 4.5415739607851959 0 -4.5413745634960581 1.0222867538225766 OK 12 11 0.483763 0.27241300000000002 0.076629000000000003 0.40062799999999998 0.17852599999999999 0 0.083135000000000014 0.093887000000000026 0.076629000000000003 0.0059839999999999997 0.0059360000000000003 0.0054809999999999998 0.065637000000000001 0.077154 0.060653000000000006 0.001714 0.0016770000000000001 0.0016689999999999999 0.00043500000000000006 0.00044300000000000003 0.00040200000000000001 1.0222882004833764 1.0222882004833764 1.0222882004833764 0.00044722190270672771 0.00044722190270672771 0.00044722190270672771 1 1 1 Converged Converged Converged OK OK OK 50 50 50 50 50 50 6 6 6 0 0 0 0 1 0 0 1
39 39 uniform 1 15 396 2 0.001 0.20972978441214651 0.00095163900508827182 0.013396450468834311 4.542622378647974 0.28851685268882615 4.5434378147634682 0 -4.5432384174743303 1.0231253266316032 OK 12 11 0.454096 0.24581600000000001 0.075814999999999994 0.376085 0.15291399999999999 0 0.078010999999999997 0.092902000000000012 0.075814999999999994 0.0060390000000000001 0.0059719999999999999 0.0055319999999999996 0.060662000000000008 0.076059999999999989 0.059953000000000006 0.001735 0.0017429999999999998 0.0016449999999999998 0.00045600000000000003 0.00046499999999999997 0.00042500000000000003 1.0231263689387269 1.0231263689387269 1.0231263689387269 0.00040074601242856718 0.00040074601242856718 0.00040074601242856718 1 1 1 Converged Converged Converged OK OK OK 50 50 50 50 50 50 6 6 6 0 0 0 0 1 0 0 1
39 39 uniform 1 23 396 3 0.001 0.20972978441214651 0.00095163900508827182 0.013396450468834311 4.542622378647974 0.28851685268882615 4.5453016687417405 0 -4.5451022714526026 1.0236993455902483 OK 12 11 0.47153899999999999 0.25703100000000001 0.078306000000000001 0.39147100000000001 0.159361 0 0.080067999999999973 0.097670000000000007 0.078306000000000001 0.0060219999999999996 0.0058180000000000003 0.0054549999999999998 0.063040999999999986 0.081036000000000011 0.06262700000000003 0.0017250000000000002 0.001722 0.001593 0.00042700000000000002 0.000446 0.000435 1.0236999454015114 1.0236999454015114 1.0236999454015114 0.00039982736429485752 0.00039982736429485752 0.00039982736429485752 1 1 1 Converged Converged Converged OK OK OK 50 50 50 50 50 50 6 6 6 0 0 0 0 1 0 0 1
39 39 uniform 1 0 396 0 0.0001 0.20972978441214651 0.00095163900508827182 0.013396450468834311 4.542622378647974 0.28851685268882615 4.5399430885542076 0 -4.5397436912650697 1.0212808940878013 OK 12 11 0.50741899999999995 0.51364299999999996 0.10718 0.39977299999999999 0.40559499999999998 0 0.10764599999999996 0.10804799999999998 0.10718 0.0066259999999999999 0.0067650000000000002 0.0064669999999999997 0.07914800000000001 0.07921300000000002 0.07921099999999999 0.0029029999999999998 0.003094 0.0028860000000000001 0.00073700000000000002 0.00078399999999999997 0.00072800000000000002 1.0212810734251572 1.0212810734251572 1.0212810734251572 1.5684317476922472e-05 1.5684317476922472e-05 1.5684317476922472e-05 1 1 1 Converged Converged Converged OK OK OK 74 74 74 74 74 74 6 6 6 0 0 0 0 0 1 0 0
39 39 uniform 1 7 396 1 0.0001 0.20972978441214651 0.00095163900508827182 0.013396450468834311 4.542622378647974 0.28851685268882615 4.5415739607851959 0 -4.5413745634960581 1.0222867538225766 OK 12 11 0.495255 0.309361 0.090639999999999998 0.39924199999999999 0.17834900000000001 0 0.096013000000000015 0.13101199999999999 0.090639999999999998 0.0058120000000000003 0.00596 0.0054219999999999997 0.074336000000000013 0.10887999999999998 0.069998000000000005 0.0024889999999999999 0.002555 0.0024299999999999999 0.00056400000000000005 0.00056299999999999992 0.00054100000000000003 1.022288200490552 1.022288200490552 1.022288200490552 9.4343156038417445e-05 9.4343156038417445e-05 9.4343156038417445e-05 1 1 1 Converged Converged Converged OK OK OK 66 66 66 66 66 66 6 6 6 0 0 0 0 1 0 0 1
39 39 uniform 1 15 396 2 0.0001 0.20972978441214651 0.00095163900508827182 0.013396450468834311 4.542622378647974 0.28851685268882615 4.5434378147634682 0 -4.5432384174743303 1.0231253266316032 OK 12 11 0.47252100000000002 0.27909200000000001 0.089557999999999999 0.38097599999999998 0.15290799999999999 0 0.091545000000000043 0.12618400000000002 0.089557999999999999 0.0058719999999999996 0.0059589999999999999 0.0054380000000000001 0.069340999999999986 0.10419800000000003 0.068865999999999983 0.0027130000000000001 0.0025690000000000001 0.0024129999999999998 0.00060000000000000006 0.00061799999999999995 0.00060800000000000003 1.0231263689459131 1.0231263689459131 1.0231263689459131 4.7868293783947049e-05 4.7868293783947049e-05 4.7868293783947049e-05 1 1 1 Converged Converged Converged OK OK OK 66 66 66 66 66 66 6 6 6 0 0 0 0 1 0 0 1
39 39 uniform 1 23 396 3 0.0001 0.20972978441214651 0.00095163900508827182 0.013396450468834311 4.542622378647974 0.28851685268882615 4.5453016687417405 0 -4.5451022714526026 1.0236993455902483 OK 12 11 0.48822100000000002 0.28800599999999998 0.092189999999999994 0.39405400000000002 0.154082 0 0.094167000000000001 0.13392399999999999 0.092189999999999994 0.0059639999999999997 0.005855 0.0054770000000000001 0.071757000000000001 0.11207700000000001 0.071452000000000002 0.0026249999999999997 0.0026670000000000001 0.0023909999999999999 0.00065600000000000001 0.00062600000000000004 0.00061899999999999998 1.0236999454086975 1.0236999454086975 1.0236999454086975 4.6950671731105916e-05 4.6950671731105916e-05 4.6950671731105916e-05 1 1 1 Converged Converged Converged OK OK OK 66 66 66 66 66 66 6 6 6 0 0 0 0 1 0 0 1
39 39 uniform 2 0 397 0 0.001 0.20972978441214651 0.00095163900508827182 0.013396450468834311 4.5468107537219016 -0.30049667755800669 4.5441314636281351 0 -4.5439320663389973 1.0152864911898918 OK 12 11 0.50995299999999999 0.51256699999999999 0.062487000000000001 0.44706299999999999 0.44905800000000001 0 0.062890000000000001 0.063508999999999982 0.062487000000000001 0.0089700000000000005 0.0091809999999999999 0.0090629999999999999 0.040287000000000003 0.040676999999999991 0.040263000000000007 0.001859 0.0019190000000000001 0.0018050000000000002 0.00052099999999999998 0.00055400000000000002 0.000531 1.0152840867496316 1.0152840867496316 1.0152840867496316 0.00091912312855335914 0.00091912312855335914 0.00091912312855335914 1 1 1 Converged Converged Converged OK OK OK 37 37 37 37 37 37 3 3 3 0 0 0 0 0 1 0 0
39 39 uniform 2 7 397 1 0.001 0.20972978441214651 0.00095163900508827182 0.013396450468834311 4.5468107537219016 -0.30049667755800669 4.5457623358591235 0 -4.5455629385699856 1.0161669726697402 OK 12 11 0.500749 0.28045500000000001 0.085056999999999994 0.41373900000000002 0.173483 0 0.087009999999999976 0.10697200000000001 0.085056999999999994 0.0089449999999999998 0.0088140000000000007 0.0085299999999999994 0.062819000000000014 0.083056999999999978 0.062269999999999992 0.0021870000000000001 0.0022099999999999997 0.0020869999999999999 0.00053299999999999995 0.00060800000000000003 0.00052800000000000004 1.0161688855888416 1.0161688855888416 1.0161688855888416 0.00064953368567392084 0.00064953368567392084 0.00064953368567392084 1 1 1 Converged Converged Converged OK OK OK 51 51 51 51 51 51 5 5 5 0 0 0 0 1 0 0 1
39 39 uniform 2 15 397 2 0.001 0.20972978441214651 0.00095163900508827182 0.013396450468834311 4.5468107537219016 -0.30049667755800669 4.5476261898373957 0 -4.5474267925482579 1.0172136612843885 OK 11 10 0.47647499999999998 0.24601700000000001 0.076039999999999996 0.39912799999999998 0.15167800000000001 0 0.077346999999999999 0.094339000000000006 0.076039999999999996 0.0058510000000000003 0.0059630000000000004 0.0054710000000000002 0.05932999999999998 0.076500000000000012 0.059083000000000004 0.0019050000000000002 0.0020040000000000001 0.0019499999999999999 0.00057299999999999994 0.00056399999999999994 0.000513 1.0172124995770049 1.0172124995770049 1.0172124995770049 0.00060320142236066341 0.00060320142236066341 0.00060320142236066341 1 1 1 Converged Converged Converged OK OK OK 51 51 51 51 51 51 5 5 5 0 0 0 0 1 0 0 1
39 39 uniform 2 23 397 3 0.001 0.20972978441214651 0.00095163900508827182 0.013396450468834311 4.5468107537219016 -0.30049667755800669 4.549490043815668 0 -4.5492906465265301 1.0175398118554546 OK 11 10 0.47517399999999999 0.23594399999999999 0.064031000000000005 0.40858 0.15490499999999999 0 0.066593999999999987 0.081039 0.064031000000000005 0.0060939999999999996 0.0059439999999999996 0.0053800000000000002 0.049922999999999995 0.06524400000000001 0.049363999999999991 0.0016850000000000003 0.0015709999999999999 0.0014289999999999999 0.00048700000000000002 0.00039400000000000004 0.00038699999999999997 1.0175126803367298 1.0175126803367298 1.0175126803367298 0.00090560667999902919 0.00090560667999902919 0.00090560667999902919 1 1 1 Converged Converged Converged OK OK OK 43 43 43 43 43 43 5 5 5 0 0 0 0 1 0 0 1
39 39 uniform 2 0 397 0 0.0001 0.20972978441214651 0.00095163900508827182 0.013396450468834311 4.5468107537219016 -0.30049667755800669 4.5441314636281351 0 -4.5439320663389973 1.0152864911898918 OK 12 11 0.53754900000000005 0.53408100000000003 0.087787000000000004 0.444963 0.44281700000000002 0 0.092586000000000057 0.091264000000000012 0.087787000000000004 0.0091470000000000006 0.0091669999999999998 0.0089890000000000005 0.061462000000000003 0.060526000000000003 0.05706 0.003094 0.0031290000000000003 0.0030830000000000002 0.000812 0.00080900000000000004 0.00078000000000000009 1.0152863609558032 1.0152863609558032 1.0152863609558032 1.1491662955567898e-05 1.1491662955567898e-05 1.1491662955567898e-05 1 1 1 Converged Converged Converged OK OK OK 61 61 61 61 61 61 3 3 3 0 0 0 0 0 1 0 0
39 39 uniform 2 7 397 1 0.0001 0.20972978441214651 0.00095163900508827182 0.013396450468834311 4.5468107537219016 -0.30049667755800669 4.5457623358591235 0 -4.5455629385699856 1.0161669726697402 OK 12 11 0.52973899999999996 0.32155099999999998 0.109291 0.41728199999999999 0.16905000000000001 0 0.11245699999999997 0.15250099999999997 0.109291 0.0088540000000000008 0.0089549999999999994 0.0084209999999999997 0.07969099999999997 0.12151799999999997 0.079139999999999988 0.0042820000000000002 0.0033570000000000002 0.0032569999999999999 0.00080699999999999999 0.00080299999999999989 0.00076199999999999998 1.0161667963218945 1.0161667963218945 1.0161667963218945 1.3220184230693269e-05 1.3220184230693269e-05 1.3220184230693269e-05 1 1 1 Converged Converged Converged OK OK OK 75 75 75 75 75 75 5 5 5 0 0 0 0 1 0 0 1
39 39 uniform 2 15 397 2 0.0001 0.20972978441214651 0.00095163900508827182 0.013396450468834311 4.5468107537219016 -0.30049667755800669 4.5476261898373957 0 -4.5474267925482579 1.0172136612843885 OK 11 10 0.49950800000000001 0.29151899999999997 0.098795999999999995 0.39788000000000001 0.151638 0 0.101628 0.13988099999999998 0.098795999999999995 0.0060650000000000001 0.0059680000000000002 0.0055840000000000004 0.076208999999999999 0.114852 0.075309000000000015 0.0033799999999999993 0.0032539999999999999 0.0031149999999999997 0.00083999999999999993 0.00074300000000000017 0.00072100000000000007 1.0172135681949919 1.0172135681949919 1.0172135681949919 5.2097074914775236e-05 5.2097074914775236e-05 5.2097074914775236e-05 1 1 1 Converged Converged Converged OK OK OK 75 75 75 75 75 75 5 5 5 0 0 0 0 1 0 0 1
39 39 uniform 2 23 397 3 0.0001 0.20972978441214651 0.00095163900508827182 0.013396450468834311 4.5468107537219016 -0.30049667755800669 4.549490043815668 0 -4.5492906465265301 1.0175398118554546 OK 11 10 0.50545200000000001 0.28822199999999998 0.095630000000000007 0.40714699999999998 0.15189900000000001 0 0.098305000000000031 0.13632299999999997 0.095630000000000007 0.0061630000000000001 0.0057720000000000002 0.0054149999999999997 0.073163999999999993 0.11200500000000001 0.072554999999999994 0.0033909999999999999 0.0032960000000000003 0.0030609999999999999 0.000785 0.000718 0.00070199999999999993 1.0175400505636527 1.0175400505636527 1.0175400505636527 5.4886206983406125e-05 5.4886206983406125e-05 5.4886206983406125e-05 1 1 1 Converged Converged Converged OK OK OK 75 75 75 75 75 75 5 5 5 0 0 0 0 1 0 0 1
39 39 uniform 3 0 398 0 0.001 0.20972978441214651 0.00095163900508827182 0.013396450468834311 4.5320936239184908 -0.28217533699716441 4.5294143338247244 0 -4.5292149365355865 1.0105756171451501 OK 13 12 0.464424 0.45919700000000002 0.073529999999999998 0.38525799999999999 0.38127 0 0.079166000000000014 0.077927000000000024 0.073529999999999998 0.0093600000000000003 0.0093150000000000004 0.0088179999999999994 0.057909999999999982 0.057050999999999998 0.053082000000000004 0.0015340000000000002 0.0014810000000000001 0.001451 0.00041299999999999996 0.00040499999999999998 0.000406 1.0105759604944786 1.0105759604944786 1.0105759604944786 0.00051336541656215868 0.00051336541656215868 0.00051336541656215868 1 1 1 Converged Converged Converged OK OK OK 43 43 43 43 43 43 5 5 5 0 0 0 0 0 1 0 0
39 39 uniform 3 7 398 1 0.001 0.20972978441214651 0.00095163900508827182 0.013396450468834311 4.5320936239184908 -0.28217533699716441 4.5310452060557127 0 -4.5308458087665748 1.0112497074486484 OK 13 12 0.44181700000000002 0.25762600000000002 0.065018999999999993 0.375608 0.17518700000000001 0 0.066209000000000018 0.082439000000000012 0.065018999999999993 0.0083700000000000007 0.0084840000000000002 0.0078200000000000006 0.047775999999999985 0.063934000000000005 0.047804000000000006 0.0014599999999999999 0.0015590000000000001 0.0014369999999999999 0.00039999999999999996 0.00041199999999999999 0.00036599999999999995 1.0112501479341649 1.0112501479341649 1.0112501479341649 0.0005352343737222117 0.0005352343737222117 0.0005352343737222117 1 1 1 Converged Converged Converged OK OK OK 43 43 43 43 43 43 5 5 5 0 0 0 0 1 0 0 1
39 39 uniform 3 15 398 2 0.001 0.20972978441214651 0.00095163900508827182 0.013396450468834311 4.5320936239184908 -0.28217533699716441 4.532909060033985 0 -4.5327096627448471 1.0122076275884844 OK 13 12 0.47227000000000002 0.26005499999999998 0.071350999999999998 0.39874500000000002 0.17130000000000001 0 0.073525000000000007 0.088754999999999973 0.071350999999999998 0.0083649999999999992 0.0084729999999999996 0.0078259999999999996 0.05456299999999998 0.070169999999999982 0.054254000000000011 0.001725 0.0016019999999999999 0.001441 0.000437 0.00040099999999999999 0.00037799999999999997 1.012208333063604 1.012208333063604 1.012208333063604 0.00057236040546773269 0.00057236040546773269 0.00057236040546773269 1 1 1 Converged Converged Converged OK OK OK 43 43 43 43 43 43 5 5 5 0 0 0 0 1 0 0 1
39 39 uniform 3 23 398 3 0.001 0.20972978441214651 0.00095163900508827182 0.013396450468834311 4.5320936239184908 -0.28217533699716441 4.5347729140122572 0 -4.5345735167231194 1.0134743385304981 OK 13 12 0.64432999999999996 0.42863899999999999 0.072664999999999993 0.57454700000000003 0.34406999999999999 0 0.069782999999999928 0.084569000000000005 0.072664999999999993 0.008286 0.0084169999999999991 0.0090379999999999992 0.051296000000000015 0.066170000000000007 0.054026999999999999 0.001616 0.0015590000000000001 0.0014270000000000001 0.00042400000000000001 0.00042500000000000003 0.00039100000000000002 1.0134755913103113 1.0134755913103113 1.0134755913103113 0.00062398986444260585 0.00062398986444260585 0.00062398986444260585 1 1 1 Converged Converged Converged OK OK OK 43 43 43 43 43 43 5 5 5 0 0 0 0 1 0 0 1
39 39 uniform 3 0 398 0 0.0001 0.20972978441214651 0.00095163900508827182 0.013396450468834311 4.5320936239184908 -0.28217533699716441 4.5294143338247244 0 -4.5292149365355865 1.0105756171451501 OK 13 12 0.48044700000000001 0.481132 0.097777000000000003 0.381243 0.382498 0 0.099204000000000014 0.098633999999999999 0.097777000000000003 0.0093769999999999999 0.0093629999999999998 0.0087779999999999993 0.069767000000000037 0.069639000000000006 0.069539999999999991 0.002604 0.002604 0.0026049999999999997 0.00069300000000000004 0.0006739999999999999 0.00067299999999999999 1.0105757259139365 1.0105757259139365 1.0105757259139365 4.8803953233903853e-05 4.8803953233903853e-05 4.8803953233903853e-05 1 1 1 Converged Converged Converged OK OK OK 67 67 67 67 67 67 5 5 5 0 0 0 0 0 1 0 0
39 39 uniform 3 7 398 1 0.0001 0.20972978441214651 0.00095163900508827182 0.013396450468834311 4.5320936239184908 -0.28217533699716441 4.5310452060557127 0 -4.5308458087665748 1.0112497074486484 OK 13 12 0.46722200000000003 0.30421799999999999 0.087988999999999998 0.37759900000000002 0.173287 0 0.089623000000000008 0.13093099999999999 0.087988999999999998 0.0084159999999999999 0.0084209999999999997 0.0078759999999999993 0.064703999999999998 0.10573699999999998 0.064228999999999994 0.0026979999999999999 0.0027590000000000002 0.0026069999999999999 0.00062399999999999999 0.00067199999999999996 0.00066 1.0112497675094991 1.0112497675094991 1.0112497675094991 4.1517677088534887e-05 4.1517677088534887e-05 4.1517677088534887e-05 1 1 1 Converged Converged Converged OK OK OK 67 67 67 67 67 67 5 5 5 0 0 0 0 1 0 0 1
39 39 uniform 3 15 398 2 0.0001 0.20972978441214651 0.00095163900508827182 0.013396450468834311 4.5320936239184908 -0.28217533699716441 4.532909060033985 0 -4.5327096627448471 1.0122076275884844 OK 13 12 0.48905700000000002 0.30394100000000002 0.094116000000000005 0.39371800000000001 0.17131299999999999 0 0.095339000000000007 0.13262800000000002 0.094116000000000005 0.0084469999999999996 0.0083750000000000005 0.007953 0.070498000000000005 0.10769199999999998 0.070152000000000006 0.0026159999999999998 0.0027320000000000001 0.0025920000000000001 0.00065600000000000001 0.00069800000000000005 0.00066699999999999995 1.0122076565169895 1.0122076565169895 1.0122076565169895 3.5278547039011037e-05 3.5278547039011037e-05 3.5278547039011037e-05 1 1 1 Converged Converged Converged OK OK OK 67 67 67 67 67 67 5 5 5 0 0 0 0 1 0 0 1
39 39 uniform 3 23 398 3 0.0001 0.20972978441214651 0.00095163900508827182 0.013396450468834311 4.5320936239184908 -0.28217533699716441 4.5347729140122572 0 -4.5345735167231194 1.0134743385304981 OK 13 12 0.67097899999999999 0.47040900000000002 0.090862999999999999 0.57825700000000002 0.34021600000000002 0 0.092721999999999971 0.130193 0.090862999999999999 0.008345 0.0085030000000000001 0.0077819999999999999 0.06796099999999998 0.10511599999999999 0.067477999999999996 0.002643 0.0027009999999999994 0.002516 0.00069200000000000002 0.00073300000000000004 0.00066599999999999993 1.0134743493403358 1.0134743493403358 1.0134743493403358 3.1687590525080993e-05 3.1687590525080993e-05 3.1687590525080993e-05 1 1 1 Converged Converged Converged OK OK OK 67 67 67 67 67 67 5 5 5 0 0 0 0 1 0 0 1
39 39 uniform 4 0 399 0 0.001 0.20972978441214651 0.00095163900508827182 0.013396450468834311 4.5641376586856603 -0.30778723801053115 4.5614583685918939 0 -4.561258971302756 1.009603757738855 OK 12 11 0.44564399999999998 0.44864399999999999 0.058146000000000003 0.38672400000000001 0.38902300000000001 0 0.058919999999999972 0.05962099999999998 0.058146000000000003 0.0085789999999999998 0.0089200000000000008 0.0084779999999999994 0.037440000000000008 0.037597999999999999 0.037190000000000001 0.0017390000000000001 0.001787 0.001725 0.000437 0.00043799999999999997 0.00042999999999999999 1.009603432221533 1.009603432221533 1.009603432221533 0.00058539435823138557 0.00058539435823138557 0.00058539435823138557 1 1 1 Converged Converged Converged OK OK OK 37 37 37 37 37 37 3 3 3 0 0 0 0 0 1 0 0
39 39 uniform 4 7 399 1 0.001 0.20972978441214651 0.00095163900508827182 0.013396450468834311 4.5641376586856603 -0.30778723801053115 4.5630892408228823 0 -4.5628898435337444 1.009362604024167 OK 12 11 0.43070599999999998 0.23966299999999999 0.059396999999999998 0.37031599999999998 0.15520700000000001 0 0.060389999999999999 0.084455999999999976 0.059396999999999998 0.0079819999999999995 0.0082710000000000006 0.0075849999999999997 0.040770999999999995 0.064807999999999977 0.040623999999999993 0.0017570000000000001 0.0017539999999999999 0.001737 0.00043200000000000004 0.00043199999999999998 0.00042099999999999999 1.0093623020594422 1.0093623020594422 1.0093623020594422 0.00057266453582111856 0.00057266453582111856 0.00057266453582111856 1 1 1 Converged Converged Converged OK OK OK 37 37 37 37 37 37 3 3 3 0 0 0 0 1 0 0 1
39 39 uniform 4 15 399 2 0.001 0.20972978441214651 0.00095163900508827182 0.013396450468834311 4.5641376586856603 -0.30778723801053115 4.5649530948011545 0 -4.5647536975120167 1.009085937981155 OK 12 11 0.419402 0.23791300000000001 0.055548 0.36246200000000001 0.16009300000000001 0 0.056939999999999991 0.07782 0.055548 0.0080870000000000004 0.0080579999999999992 0.0075430000000000002 0.03727599999999999 0.058379999999999994 0.036927999999999996 0.0017099999999999999 0.001807 0.0017060000000000001 0.000444 0.000428 0.00042000000000000002 1.0090856597512532 1.0090856597512532 1.0090856597512532 0.00055851052047308121 0.00055851052047308121 0.00055851052047308121 1 1 1 Converged Converged Converged OK OK OK 37 37 37 37 37 37 3 3 3 0 0 0 0 1 0 0 1
39 39 uniform 4 23 399 3 0.001 0.20972978441214651 0.00095163900508827182 0.013396450468834311 4.5641376586856603 -0.30778723801053115 4.5668169487794268 0 -4.5666175514902889 1.0088133720880914 OK 12 11 0.41860199999999997 0.23335400000000001 0.059348999999999999 0.35766199999999998 0.15145500000000001 0 0.060939999999999994 0.081899 0.059348999999999999 0.0080750000000000006 0.0081729999999999997 0.0076189999999999999 0.041212000000000013 0.062418000000000015 0.040616999999999993 0.0017160000000000001 0.0017960000000000001 0.0017359999999999999 0.00043199999999999998 0.00045600000000000003 0.00042000000000000002 1.0088131145999959 1.0088131145999959 1.0088131145999959 0.00054504095054850482 0.00054504095054850482 0.00054504095054850482 1 1 1 Converged Converged Converged OK OK OK 37 37 37 37 37 37 3 3 3 0 0 0 0 1 0 0 1
39 39 uniform 4 0 399 0 0.0001 0.20972978441214651 0.00095163900508827182 0.013396450468834311 4.5641376586856603 -0.30778723801053115 4.5614583685918939 0 -4.561258971302756 1.009603757738855 OK 12 11 0.47307700000000003 0.47125 0.084144999999999998 0.38794000000000001 0.38581500000000002 0 0.085137000000000018 0.085434999999999983 0.084144999999999998 0.0088170000000000002 0.0087860000000000004 0.0083879999999999996 0.054605000000000008 0.054992999999999986 0.054524999999999997 0.0030050000000000003 0.0030119999999999999 0.0029420000000000002 0.00070100000000000002 0.00070500000000000011 0.00068999999999999986 1.0096037476397324 1.0096037476397324 1.0096037476397324 3.0310224708210628e-06 3.0310224708210628e-06 3.0310224708210628e-06 1 1 1 Converged Converged Converged OK OK OK 61 61 61 61 61 61 3 3 3 0 0 0 0 0 1 0 0
39 39 uniform 4 7 399 1 0.0001 0.20972978441214651 0.00095163900508827182 0.013396450468834311 4.5641376586856603 -0.30778723801053115 4.5630892408228823 0 -4.5628898435337444 1.009362604024167 OK 12 11 0.45406099999999999 0.28215600000000002 0.082736000000000004 0.36991099999999999 0.15445600000000001 0 0.084150000000000003 0.12770000000000001 0.082736000000000004 0.0080520000000000001 0.0082939999999999993 0.0075859999999999999 0.057103000000000008 0.10048800000000001 0.056738000000000011 0.003016 0.0030769999999999999 0.002996 0.00069999999999999999 0.00068300000000000001 0.00066399999999999999 1.0093625939398136 1.0093625939398136 1.0093625939398136 2.8962166725399342e-06 2.8962166725399342e-06 2.8962166725399342e-06 1 1 1 Converged Converged Converged OK OK OK 61 61 61 61 61 61 3 3 3 0 0 0 0 1 0 0 1
39 39 uniform 4 15 399 2 0.0001 0.20972978441214651 0.00095163900508827182 0.013396450468834311 4.5641376586856603 -0.30778723801053115 4.5649530948011545 0 -4.5647536975120167 1.009085937981155 OK 12 11 0.44865100000000002 0.28553099999999998 0.078913999999999998 0.36783300000000002 0.159747 0 0.080818000000000001 0.12578399999999998 0.078913999999999998 0.008175 0.0080929999999999995 0.0076750000000000004 0.053818999999999985 0.09898800000000002 0.053042999999999993 0.0029689999999999999 0.0030219999999999999 0.0029289999999999997 0.0007000000000000001 0.00068500000000000006 0.000678 1.0090859279108209 1.0090859279108209 1.0090859279108209 2.7530353046291133e-06 2.7530353046291133e-06 2.7530353046291133e-06 1 1 1 Converged Converged Converged OK OK OK 61 61 61 61 61 61 3 3 3 0 0 0 0 1 0 0 1
39 39 uniform 4 23 399 3 0.0001 0.20972978441214651 0.00095163900508827182 0.013396450468834311 4.5641376586856603 -0.30778723801053115 4.5668169487794268 0 -4.5666175514902889 1.0088133720880914 OK 12 11 0.444409 0.274725 0.082687999999999998 0.35965900000000001 0.146067 0 0.084749999999999992 0.12865799999999999 0.082687999999999998 0.0082209999999999991 0.011535999999999999 0.0076049999999999998 0.057439999999999998 0.098317000000000043 0.056810000000000013 0.0030969999999999999 0.0030630000000000006 0.0029610000000000001 0.00069999999999999999 0.00068900000000000005 0.00067199999999999996 1.0088133620293442 1.0088133620293442 1.0088133620293442 2.6216589660961122e-06 2.6216589660961122e-06 2.6216589660961122e-06 1 1 1 Converged Converged Converged OK OK OK 61 61 61 61 61 61 3 3 3 0 0 0 0 1 0 0 1
40 40 linear 0 0 400 0 0.001 0.92939520040577916 0.0014290523857788309 0.84008339549826605 0.13608359898337724 0.17182674700084544 -0.031933080116275991 0.5 0.033259339250966677 2.7106295450259057 OK 13 12 0.82577999999999996 0.81398899999999996 0.32789499999999999 0.48789900000000003 0.480568 0 0.33788099999999993 0.33342099999999997 0.32789499999999999 0.011885 0.011553000000000001 0.011426 0.28982800000000003 0.28646699999999997 0.28162699999999996 0.0049759999999999995 0.0048129999999999996 0.0044669999999999996 0.0012829999999999999 0.0013680000000000001 0.0012199999999999999 2.7105920409045701 2.7105920409045701 2.7105920409045701 0.002467275898927538 0.002467275898927538 0.002467275898927538 1 1 1 Converged Converged Converged OK OK OK 101 101 101 101 101 101 11 11 11 0 0 0 0 0 1 0 0
40 40 linear 0 7 400 1 0.001 0.92939520040577916 0.0014290523857788309 0.84008339549826605 0.13608359898337724 0.17182674700084544 0.070337941944382518 0.5 -0.069011682809691832 2.706265367909404 OK 12 11 0.88968899999999995 0.47772799999999999 0.327152 0.55850299999999997 0.14923700000000001 0 0.33118599999999998 0.32849099999999998 0.327152 0.010429000000000001 0.010385999999999999 0.010005 0.29418500000000003 0.29082999999999981 0.29156999999999988 0.0046619999999999986 0.0051249999999999993 0.0044789999999999995 0.0013489999999999999 0.0014550000000000001 0.001389 2.7062666322760367 2.7062666322760367 2.7062666322760367 0.0016766900905999997 0.0016766900905999997 0.0016766900905999997 1 1 1 Converged Converged Converged OK OK OK 102 102 102 102 102 102 10 10 10 0 0 0 0 1 0 0 1
40 40 linear 0 15 400 2 0.001 0.92939520040577916 0.0014290523857788309 0.84008339549826605 0.13608359898337724 0.17182674700084544 0.1872191100137065 0.5 -0.18589285087901583 2.6725592328144092 OK 13 12 0.90570099999999998 0.49650899999999998 0.358815 0.53109399999999996 0.129584 0 0.37460700000000002 0.36692499999999995 0.358815 0.010782 0.010652 0.010298 0.33145900000000011 0.32567300000000005 0.31964999999999999 0.0059690000000000003 0.0053539999999999994 0.0048369999999999993 0.001523 0.0016229999999999999 0.0013600000000000001 2.6725818180420542 2.6725818180420542 2.6725818180420542 0.0015580797063096349 0.0015580797063096349 0.0015580797063096349 1 1 1 Converged Converged Converged OK OK OK 117 117 117 117 117 117 11 11 11 0 0 0 0 1 0 0 1
40 40 linear 0 23 400 3 0.001 0.92939520040577916 0.0014290523857788309 0.84008339549826605 0.13608359898337724 0.17182674700084544 0.30410027808303047 0.5 -0.30277401894833977 2.6073650940183106 OK 14 13 0.79243399999999997 0.48872700000000002 0.33707599999999999 0.43780200000000002 0.14316599999999999 0 0.35463199999999995 0.34556100000000001 0.33707599999999999 0.011273 0.010893 0.010382000000000001 0.315554 0.30742299999999989 0.30164099999999999 0.0052210000000000008 0.0053930000000000002 0.0045310000000000003 0.0015389999999999998 0.0014759999999999999 0.0012650000000000001 2.6073696437500056 2.6073696437500056 2.6073696437500056 0.0013229914792619519 0.0013229914792619519 0.0013229914792619519 1 1 1 Converged Converged Converged OK OK OK 116 116 116 116 116 116 12 12 12 0 0 0 0 1 0 0 1
40 40 linear 0 0 400 0 0.0001 0.92939520040577916 0.0014290523857788309 0.84008339549826605 0.13608359898337724 0.17182674700084544 -0.031933080116275991 0.5 0.033259339250966677 2.7106295450259057 OK 13 12 0.91466999999999998 0.90750200000000003 0.42094300000000001 0.49100300000000002 0.48461199999999999 0 0.42366699999999996 0.42289000000000004 0.42094300000000001 0.011704000000000001 0.012154 0.011606999999999999 0.36350200000000016 0.36041399999999985 0.35934799999999983 0.0061899999999999993 0.0071310000000000002 0.007082999999999999 0.0016510000000000001 0.0021280000000000001 0.0020309999999999998 2.7106372224796891 2.7106372224796891 2.7106372224796891 0.00017637131465902213 0.00017637131465902213 0.00017637131465902213 1 1 1 Converged Converged Converged OK OK OK 133 133 133 133 133 133 11 11 11 0 0 0 0 0 1 0 0
40 40 linear 0 7 400 1 0.0001 0.92939520040577916 0.0014290523857788309 0.84008339549826605 0.13608359898337724 0.17182674700084544 0.070337941944382518 0.5 -0.069011682809691832 2.706265367909404 OK 12 11 0.94301800000000002 0.53662200000000004 0.38291599999999998 0.55644800000000005 0.14680000000000001 0 0.38656999999999997 0.389822 0.38291599999999998 0.010395 0.010583 0.010055 0.34397899999999998 0.34568999999999983 0.34086499999999986 0.0062610000000000001 0.0071769999999999994 0.0064019999999999997 0.0018290000000000001 0.0018340000000000001 0.0018639999999999998 2.7062664618118606 2.7062664618118606 2.7062664618118606 0.00019163886347053368 0.00019163886347053368 0.00019163886347053368 1 1 1 Converged Converged Converged OK OK OK 126 126 126 126 126 126 10 10 10 0 0 0 0 1 0 0 1
40 40 linear 0 15 400 2 0.0001 0.92939520040577916 0.0014290523857788309 0.84008339549826605 0.13608359898337724 0.17182674700084544 0.1872191100137065 0.5 -0.18589285087901583 2.6725592328144092 OK 13 12 0.92537199999999997 0.52105599999999996 0.377079 0.53217899999999996 0.13336999999999999 0 0.39319300000000001 0.38768599999999998 0.377079 0.010749 0.010746 0.010245000000000001 0.35214900000000021 0.34649200000000002 0.33951700000000001 0.0066480000000000003 0.0069190000000000007 0.0054620000000000007 0.0018519999999999999 0.001802 0.001614 2.6725817114438151 2.6725817114438151 2.6725817114438151 0.00022629400323474617 0.00022629400323474617 0.00022629400323474617 1 1 1 Converged Converged Converged OK OK OK 125 125 125 125 125 125 11 11 11 0 0 0 0 1 0 0 1
40 40 linear 0 23 400 3 0.0001 0.92939520040577916 0.0014290523857788309 0.84008339549826605 0.13608359898337724 0.17182674700084544 0.30410027808303047 0.5 -0.30277401894833977 2.6073650940183106 OK 14 13 0.92348399999999997 0.61942200000000003 0.46377299999999999 0.44323499999999999 0.142653 0 0.48024899999999998 0.476769 0.46377299999999999 0.010928999999999999 0.010829 0.010119 0.42390699999999981 0.42059900000000006 0.41181399999999985 0.008261000000000001 0.0089900000000000015 0.0077539999999999996 0.002415 0.0021150000000000001 0.001954 2.6073806125007994 2.6073806125007994 2.6073806125007994 0.00011307275023582295 0.00011307275023582295 0.00011307275023582295 1 1 1 Converged Converged Converged OK OK OK 156 156 156 156 156 156 12 12 12 0 0 0 0 1 0 0 1
40 40 linear 1 0 401 0 0.001 0.92939520040577916 0.0014290523857788309 0.84008339549826605 -0.0086906648381905316 -0.40236701341432979 -0.17670734393784376 0.5 0.17803360307253444 2.5246769965521816 OK 12 11 0.622695 0.61330899999999999 0.28171200000000002 0.33072299999999999 0.32794699999999999 0 0.29197200000000001 0.285362 0.28171200000000002 0.011361 0.011032 0.010940999999999999 0.25033199999999994 0.24480299999999999 0.24216800000000008 0.0043769999999999998 0.0040729999999999994 0.0038869999999999998 0.0010989999999999999 0.00094600000000000001 0.00087000000000000001 2.5246801130977099 2.5246801130977099 2.5246801130977099 0.0022074620745031193 0.0022074620745031193 0.0022074620745031193 1 1 1 Converged Converged Converged OK OK OK 86 86 86 86 86 86 10 10 10 0 0 0 0 0 1 0 0
40 40 linear 1 7 401 1 0.001 0.92939520040577916 0.0014290523857788309 0.84008339549826605 -0.0086906648381905316 -0.40236701341432979 -0.074436321877185255 0.5 0.07576258101187594 2.5547818090816232 OK 12 11 0.58943100000000004 0.40734799999999999 0.26927000000000001 0.31569900000000001 0.13822100000000001 0 0.27373200000000003 0.26912700000000001 0.26927000000000001 0.0096030000000000004 0.0095689999999999994 0.0089250000000000006 0.24390000000000012 0.23840600000000003 0.24008500000000005 0.0034030000000000002 0.0040920000000000002 0.0035230000000000001 0.00076599999999999997 0.00075799999999999999 0.00080100000000000006 2.5547864258818991 2.5547864258818991 2.5547864258818991 0.0023861426763012615 0.0023861426763012615 0.0023861426763012615 1 1 1 Converged Converged Converged OK OK OK 86 86 86 86 86 86 10 10 10 0 0 0 0 1 0 0 1
40 40 linear 1 15 401 2 0.001 0.92939520040577916 0.0014290523857788309 0.84008339549826605 -0.0086906648381905316 -0.40236701341432979 0.042444846192138716 0.5 -0.041118587057448031 2.5591436991474792 OK 13 12 0.66511399999999998 0.48279699999999998 0.31731599999999999 0.34365699999999999 0.164688 0 0.32145699999999999 0.31810899999999998 0.31731599999999999 0.010449999999999999 0.010364 0.0093509999999999999 0.28519300000000014 0.28216599999999997 0.28410200000000008 0.0044059999999999993 0.004333 0.0039020000000000001 0.001204 0.001116 0.0010400000000000001 2.559149490039955 2.559149490039955 2.559149490039955 0.0019770979957579285 0.0019770979957579285 0.0019770979957579285 1 1 1 Converged Converged Converged OK OK OK 101 101 101 101 101 101 11 11 11 0 0 0 0 1 0 0 1
40 40 linear 1 23 401 3 0.001 0.92939520040577916 0.0014290523857788309 0.84008339549826605 -0.0086906648381905316 -0.40236701341432979 0.1593260142614627 0.5 -0.15799975512677203 2.5315310246978973 OK 13 12 0.67765500000000001 0.49258299999999999 0.32819500000000001 0.34247100000000003 0.15759799999999999 0 0.33518399999999998 0.33498499999999998 0.32819500000000001 0.010196 0.010251 0.0089910000000000007 0.29894699999999996 0.29858799999999996 0.29326299999999994 0.0047329999999999994 0.0049379999999999997 0.0044410000000000005 0.0013000000000000002 0.0013760000000000001 0.0015089999999999999 2.5315378505677981 2.5315378505677981 2.5315378505677981 0.0021527233107781593 0.0021527233107781593 0.0021527233107781593 1 1 1 Converged Converged Converged OK OK OK 109 109 109 109 109 109 11 11 11 0 0 0 0 1 0 0 1
40 40 linear 1 0 401 0 0.0001 0.92939520040577916 0.0014290523857788309 0.84008339549826605 -0.0086906648381905316 -0.40236701341432979 -0.17670734393784376 0.5 0.17803360307253444 2.5246769965521816 OK 12 11 0.73511599999999999 0.725665 0.39172499999999999 0.32714300000000002 0.32922099999999999 0 0.40797299999999997 0.39644400000000002 0.39172499999999999 0.011013999999999999 0.011126 0.010861000000000001 0.34543100000000004 0.337584 0.33393899999999993 0.010543 0.0071840000000000011 0.006945999999999999 0.0018399999999999998 0.0017600000000000001 0.0017359999999999999 2.5246876129165434 2.5246876129165434 2.5246876129165434 0.00013836447057896233 0.00013836447057896233 0.00013836447057896233 1 1 1 Converged Converged Converged OK OK OK 126 126 126 126 126 126 10 10 10 0 0 0 0 0 1 0 0
40 40 linear 1 7 401 1 0.0001 0.92939520040577916 0.0014290523857788309 0.84008339549826605 -0.0086906648381905316 -0.40236701341432979 -0.074436321877185255 0.5 0.07576258101187594 2.5547818090816232 OK 12 11 0.69311199999999995 0.51433300000000004 0.37147599999999997 0.31957600000000003 0.13975799999999999 0 0.37353599999999992 0.37457500000000005 0.37147599999999997 0.0092219999999999993 0.0095949999999999994 0.0089750000000000003 0.333428 0.3322790000000001 0.33116800000000002 0.0056730000000000001 0.00643 0.0059940000000000002 0.00148 0.001549 0.0015009999999999997 2.5548004832327122 2.5548004832327122 2.5548004832327122 0.00010313472185596719 0.00010313472185596719 0.00010313472185596719 1 1 1 Converged Converged Converged OK OK OK 126 126 126 126 126 126 10 10 10 0 0 0 0 1 0 0 1
40 40 linear 1 15 401 2 0.0001 0.92939520040577916 0.0014290523857788309 0.84008339549826605 -0.0086906648381905316 -0.40236701341432979 0.042444846192138716 0.5 -0.041118587057448031 2.5591436991474792 OK 13 12 0.75055000000000005 0.55724600000000002 0.38555 0.34844000000000003 0.165469 0 0.40211000000000002 0.39177700000000004 0.38555 0.010055 0.010316000000000001 0.0094730000000000005 0.3599490000000003 0.34887600000000013 0.34565499999999982 0.0061780000000000003 0.0066459999999999991 0.0058589999999999996 0.0017049999999999999 0.001779 0.001621 2.5591517406163753 2.5591517406163753 2.5591517406163753 0.00014725926328583604 0.00014725926328583604 0.00014725926328583604 1 1 1 Converged Converged Converged OK OK OK 133 133 133 133 133 133 11 11 11 0 0 0 0 1 0 0 1
40 40 linear 1 23 401 3 0.0001 0.92939520040577916 0.0014290523857788309 0.84008339549826605 -0.0086906648381905316 -0.40236701341432979 0.1593260142614627 0.5 -0.15799975512677203 2.5315310246978973 OK 13 12 0.72042200000000001 0.53673400000000004 0.369504 0.344032 0.16195100000000001 0 0.37639 0.37478300000000003 0.369504 0.010324 0.010291 0.0093139999999999994 0.33811699999999995 0.33611900000000017 0.33390300000000001 0.0052439999999999995 0.0057210000000000004 0.0049889999999999995 0.0016719999999999999 0.001714 0.0014829999999999999 2.5315407722882992 2.5315407722882992 2.5315407722882992 0.00015374829303691303 0.00015374829303691303 0.00015374829303691303 1 1 1 Converged Converged Converged OK OK OK 125 125 125 125 125 125 11 11 11 0 0 0 0 1 0 0 1
40 40 linear 2 0 402 0 0.001 0.92939520040577916 0.0014290523857788309 0.84008339549826605 -0.19167844060987035 0.69983490677027815 -0.35969511970952361 0.5 0.36102137884421431 1.9543492468123331 OK 14 13 0.65738600000000003 0.648895 0.34955900000000001 0.30168400000000001 0.30196699999999999 0 0.35570200000000002 0.34692800000000001 0.34955900000000001 0.0089379999999999998 0.0087209999999999996 0.0087180000000000001 0.31252300000000011 0.30426000000000003 0.30678699999999987 0.0041400000000000005 0.0044050000000000001 0.0045669999999999999 0.0010559999999999999 0.0012290000000000001 0.0012079999999999999 1.9543399996879096 1.9543399996879096 1.9543399996879096 0.00069432779296460241 0.00069432779296460241 0.00069432779296460241 1 1 1 Converged Converged Converged OK OK OK 108 108 108 108 108 108 12 12 12 0 0 0 0 0 1 0 0
40 40 linear 2 7 402 1 0.001 0.92939520040577916 0.0014290523857788309 0.84008339549826605 -0.19167844060987035 0.69983490677027815 -0.25742409764886509 0.5 0.25875035678355579 2.0522736225054374 OK 12 11 0.58887199999999995 0.43368299999999999 0.29168899999999998 0.28703200000000001 0.13586300000000001 0 0.30183999999999994 0.29781999999999997 0.29168899999999998 0.0072329999999999998 0.0072750000000000002 0.0069779999999999998 0.27475600000000006 0.27083900000000005 0.26601099999999989 0.0039129999999999998 0.0041710000000000002 0.0036949999999999999 0.00098299999999999993 0.0010450000000000001 0.00094800000000000006 2.0522858463833771 2.0522858463833771 2.0522858463833771 0.0013702309576794419 0.0013702309576794419 0.0013702309576794419 1 1 1 Converged Converged Converged OK OK OK 94 94 94 94 94 94 10 10 10 0 0 0 0 1 0 0 1
40 40 linear 2 15 402 2 0.001 0.92939520040577916 0.0014290523857788309 0.84008339549826605 -0.19167844060987035 0.69983490677027815 -0.14054292957954112 0.5 0.14186918871423179 2.12014824779807 OK 13 12 0.59856200000000004 0.44552799999999998 0.29450399999999999 0.28974 0.14430799999999999 0 0.30882200000000004 0.30121999999999999 0.29450399999999999 0.010456999999999999 0.010455000000000001 0.0094570000000000001 0.27063799999999999 0.26670199999999999 0.26304 0.0046370000000000005 0.0047399999999999994 0.0040779999999999992 0.00116 0.001173 0.0010330000000000001 2.1201564745434327 2.1201564745434327 2.1201564745434327 0.001006392567452173 0.001006392567452173 0.001006392567452173 1 1 1 Converged Converged Converged OK OK OK 101 101 101 101 101 101 11 11 11 0 0 0 0 1 0 0 1
40 40 linear 2 23 402 3 0.001 0.92939520040577916 0.0014290523857788309 0.84008339549826605 -0.19167844060987035 0.69983490677027815 -0.023661761510217122 0.5 0.024988020644907804 2.1470844290395839 OK 13 12 0.632359 0.47994300000000001 0.297678 0.32282100000000002 0.17518800000000001 0 0.30953799999999998 0.304755 0.297678 0.0096279999999999994 0.0095930000000000008 0.0088100000000000001 0.27612399999999998 0.27202999999999988 0.26771700000000009 0.0045080000000000007 0.0046420000000000003 0.003888 0.0011689999999999999 0.0011529999999999999 0.00099099999999999991 2.1470753008435075 2.1470753008435075 2.1470753008435075 0.0021021838855985971 0.0021021838855985971 0.0021021838855985971 1 1 1 Converged Converged Converged OK OK OK 101 101 101 101 101 101 11 11 11 0 0 0 0 1 0 0 1
40 40 linear 2 0 402 0 0.0001 0.92939520040577916 0.0014290523857788309 0.84008339549826605 -0.19167844060987035 0.69983490677027815 -0.35969511970952361 0.5 0.36102137884421431 1.9543492468123331 OK 14 13 0.78313900000000003 0.77979200000000004 0.47206199999999998 0.30603399999999997 0.30581599999999998 0 0.47710500000000006 0.47397600000000006 0.47206199999999998 0.0088500000000000002 0.0090379999999999992 0.0087779999999999993 0.41580300000000014 0.41050299999999978 0.40929700000000019 0.0070770000000000008 0.008486999999999998 0.0085760000000000003 0.0017869999999999997 0.001946 0.0019460000000000002 1.9543411225563048 1.9543411225563048 1.9543411225563048 0.00013308035635202289 0.00013308035635202289 0.00013308035635202289 1 1 1 Converged Converged Converged OK OK OK 156 156 156 156 156 156 12 12 12 0 0 0 0 0 1 0 0
40 40 linear 2 7 402 1 0.0001 0.92939520040577916 0.0014290523857788309 0.84008339549826605 -0.19167844060987035 0.69983490677027815 -0.25742409764886509 0.5 0.25875035678355579 2.0522736225054374 OK 12 11 0.618062 0.46426099999999998 0.320994 0.28565099999999999 0.13980000000000001 0 0.33241100000000001 0.324461 0.320994 0.0072639999999999996 0.0071989999999999997 0.0068989999999999998 0.30289400000000016 0.294381 0.29175899999999999 0.0040959999999999998 0.0045949999999999993 0.004579999999999999 0.001423 0.0015489999999999998 0.00134 2.0522811758299953 2.0522811758299953 2.0522811758299953 8.8261940208684929e-05 8.8261940208684929e-05 8.8261940208684929e-05 1 1 1 Converged Converged Converged OK OK OK 110 110 110 110 110 110 10 10 10 0 0 0 0 1 0 0 1
40 40 linear 2 15 402 2 0.0001 0.92939520040577916 0.0014290523857788309 0.84008339549826605 -0.19167844060987035 0.69983490677027815 -0.14054292957954112 0.5 0.14186918871423179 2.12014824779807 OK 13 12 0.63416600000000001 0.47775099999999998 0.32564700000000002 0.292518 0.14390800000000001 0 0.34164800000000001 0.333843 0.32564700000000002 0.010240000000000001 0.010487 0.0097979999999999994 0.30275699999999994 0.29571599999999987 0.29035 0.0060069999999999993 0.0057000000000000011 0.0048439999999999993 0.0015989999999999997 0.0016129999999999999 0.0014649999999999999 2.1201554698323206 2.1201554698323206 2.1201554698323206 0.00011015215105692562 0.00011015215105692562 0.00011015215105692562 1 1 1 Converged Converged Converged OK OK OK 117 117 117 117 117 117 11 11 11 0 0 0 0 1 0 0 1
40 40 linear 2 23 402 3 0.0001 0.92939520040577916 0.0014290523857788309 0.84008339549826605 -0.19167844060987035 0.69983490677027815 -0.023661761510217122 0.5 0.024988020644907804 2.1470844290395839 OK 13 12 0.67047800000000002 0.51558000000000004 0.33415499999999998 0.322017 0.17449799999999999 0 0.34846100000000002 0.34108200000000005 0.33415499999999998 0.009946 0.0097420000000000007 0.0089859999999999992 0.3106009999999999 0.30470599999999992 0.30051199999999989 0.0058609999999999999 0.0052430000000000003 0.0046039999999999996 0.0016360000000000001 0.001508 0.0013619999999999999 2.1470876508442474 2.1470876508442474 2.1470876508442474 0.00017103029794085208 0.00017103029794085208 0.00017103029794085208 1 1 1 Converged Converged Converged OK OK OK 117 117 117 117 117 117 11 11 11 0 0 0 0 1 0 0 1
40 40 linear 3 0 403 0 0.001 0.92939520040577916 0.0014290523857788309 0.84008339549826605 -0.28274480310865602 1.0038671524604763 -0.45076148220830925 0.5 0.45208774134299995 1.3667362156006961 OK 12 11 0.39853 0.394451 0.102354 0.29305700000000001 0.28962300000000002 0 0.10547299999999998 0.10482799999999998 0.102354 0.0093550000000000005 0.0097699999999999992 0.0089800000000000001 0.076187999999999992 0.074556000000000011 0.073251000000000011 0.0026680000000000002 0.0029349999999999997 0.0029889999999999999 0.00076500000000000005 0.00090399999999999996 0.00081499999999999997 1.3667360187249562 1.3667360187249562 1.3667360187249562 0.00031747151222739933 0.00031747151222739933 0.00031747151222739933 1 1 1 Converged Converged Converged OK OK OK 66 66 66 66 66 66 6 6 6 0 0 0 0 0 1 0 0
40 40 linear 3 7 403 1 0.001 0.92939520040577916 0.0014290523857788309 0.84008339549826605 -0.28274480310865602 1.0038671524604763 -0.34849046014765073 0.5 0.34981671928234143 1.4010621513065544 OK 12 11 0.38662400000000002 0.23519000000000001 0.095764000000000002 0.28666799999999998 0.129666 0 0.099956000000000045 0.10552400000000001 0.095764000000000002 0.0084930000000000005 0.008848 0.0080180000000000008 0.075805000000000025 0.080513000000000001 0.072487999999999969 0.0025759999999999997 0.0028119999999999998 0.0026199999999999999 0.000794 0.00087199999999999995 0.00081699999999999991 1.4010610477922865 1.4010610477922865 1.4010610477922865 0.00036238230271666365 0.00036238230271666365 0.00036238230271666365 1 1 1 Converged Converged Converged OK OK OK 66 66 66 66 66 66 6 6 6 0 0 0 0 1 0 0 1
40 40 linear 3 15 403 2 0.001 0.92939520040577916 0.0014290523857788309 0.84008339549826605 -0.28274480310865602 1.0038671524604763 -0.23160929207832676 0.5 0.23293555121301743 1.4343402631091633 OK 12 11 0.36552099999999998 0.21781500000000001 0.086843000000000004 0.271229 0.126917 0 0.094291999999999987 0.090898000000000007 0.086843000000000004 0.0085210000000000008 0.0086630000000000006 0.0078820000000000001 0.072333999999999982 0.069123999999999991 0.066746000000000028 0.0021970000000000002 0.0021349999999999997 0.002065 0.00069199999999999991 0.00066200000000000005 0.00057400000000000007 1.4343390241974234 1.4343390241974234 1.4343390241974234 0.0012891080139809958 0.0012891080139809958 0.0012891080139809958 1 1 1 Converged Converged Converged OK OK OK 58 58 58 58 58 58 6 6 6 0 0 0 0 1 0 0 1
40 40 linear 3 23 403 3 0.001 0.92939520040577916 0.0014290523857788309 0.84008339549826605 -0.28274480310865602 1.0038671524604763 -0.11472812400900279 0.5 0.11605438314369347 1.4568841514929534 OK 12 11 0.37415999999999999 0.22969200000000001 0.093038999999999997 0.275945 0.12986300000000001 0 0.098214999999999997 0.099829000000000001 0.093038999999999997 0.0085540000000000008 0.0087390000000000002 0.0078659999999999997 0.076312000000000019 0.077274000000000009 0.072832000000000008 0.0022060000000000001 0.0026519999999999998 0.0020879999999999996 0.000718 0.00074299999999999995 0.000629 1.4568828323579093 1.4568828323579093 1.4568828323579093 0.0010211689069671277 0.0010211689069671277 0.0010211689069671277 1 1 1 Converged Converged Converged OK OK OK 58 58 58 58 58 58 6 6 6 0 0 0 0 1 0 0 1
40 40 linear 3 0 403 0 0.0001 0.92939520040577916 0.0014290523857788309 0.84008339549826605 -0.28274480310865602 1.0038671524604763 -0.45076148220830925 0.5 0.45208774134299995 1.3667362156006961 OK 12 11 0.43274600000000002 0.42541299999999999 0.13716600000000001 0.29053200000000001 0.28794500000000001 0 0.14221400000000001 0.13746799999999998 0.13716600000000001 0.0094680000000000007 0.0094929999999999997 0.0090889999999999999 0.10515199999999997 0.10106199999999999 0.10068500000000001 0.0040720000000000001 0.0040109999999999998 0.0042329999999999998 0.0010499999999999999 0.00099899999999999989 0.0010400000000000001 1.3667352592797088 1.3667352592797088 1.3667352592797088 4.1928841938468077e-05 4.1928841938468077e-05 4.1928841938468077e-05 1 1 1 Converged Converged Converged OK OK OK 90 90 90 90 90 90 6 6 6 0 0 0 0 0 1 0 0
40 40 linear 3 7 403 1 0.0001 0.92939520040577916 0.0014290523857788309 0.84008339549826605 -0.28274480310865602 1.0038671524604763 -0.34849046014765073 0.5 0.34981671928234143 1.4010621513065544 OK 12 11 0.40126699999999998 0.23982400000000001 0.10388600000000001 0.29306500000000002 0.12998799999999999 0 0.10820199999999996 0.10983600000000002 0.10388600000000001 0.0085509999999999996 0.011783 0.0079600000000000001 0.081994999999999971 0.08090600000000002 0.078884000000000024 0.0030300000000000006 0.0029910000000000002 0.0030859999999999998 0.00097900000000000005 0.00089199999999999989 0.00095399999999999999 1.4010610663106053 1.4010610663106053 1.4010610663106053 0.00012144499177992893 0.00012144499177992893 0.00012144499177992893 1 1 1 Converged Converged Converged OK OK OK 74 74 74 74 74 74 6 6 6 0 0 0 0 1 0 0 1
40 40 linear 3 15 403 2 0.0001 0.92939520040577916 0.0014290523857788309 0.84008339549826605 -0.28274480310865602 1.0038671524604763 -0.23160929207832676 0.5 0.23293555121301743 1.4343402631091633 OK 12 11 0.39442100000000002 0.25226300000000001 0.115573 0.27158900000000002 0.127303 0 0.122832 0.12496000000000002 0.115573 0.0086669999999999994 0.0084580000000000002 0.0079240000000000005 0.093716000000000022 0.093069000000000013 0.089004000000000014 0.0039870000000000001 0.0033460000000000004 0.0033820000000000005 0.0011850000000000001 0.0010479999999999999 0.0011180000000000001 1.4343389477817032 1.4343389477817032 1.4343389477817032 4.7134209117814976e-05 4.7134209117814976e-05 4.7134209117814976e-05 1 1 1 Converged Converged Converged OK OK OK 82 82 82 82 82 82 6 6 6 0 0 0 0 1 0 0 1
40 40 linear 3 23 403 3 0.0001 0.92939520040577916 0.0014290523857788309 0.84008339549826605 -0.28274480310865602 1.0038671524604763 -0.11472812400900279 0.5 0.11605438314369347 1.4568841514929534 OK 12 11 0.40077000000000002 0.251637 0.113583 0.28245999999999999 0.13159499999999999 0 0.11831000000000003 0.12004200000000001 0.113583 0.0084209999999999997 0.0085419999999999992 0.0078639999999999995 0.093489999999999962 0.094275000000000012 0.089814000000000005 0.0027879999999999997 0.0033959999999999997 0.002702 0.0009279999999999999 0.0010009999999999999 0.00092199999999999997 1.4568827108090892 1.4568827108090892 1.4568827108090892 6.737726885999689e-05 6.737726885999689e-05 6.737726885999689e-05 1 1 1 Converged Converged Converged OK OK OK 74 74 74 74 74 74 6 6 6 0 0 0 0 1 0 0 1
40 40 linear 4 0 404 0 0.001 0.92939520040577916 0.0014290523857788309 0.84008339549826605 0.48984833258718097 1.6346070397773156 0.32183165348752774 0.5 -0.32050539435283704 1.1211833386640446 OK 12 11 0.37768499999999999 0.36822500000000002 0.070099999999999996 0.30559799999999998 0.29788199999999998 0 0.072087000000000012 0.070343000000000044 0.070099999999999996 0.0092999999999999992 0.0092720000000000007 0.0094929999999999997 0.048753999999999992 0.047721999999999994 0.046939999999999989 0.0020330000000000001 0.0018879999999999999 0.001828 0.00065300000000000015 0.00064400000000000004 0.00058900000000000001 1.121182703327779 1.121182703327779 1.121182703327779 0.0011151895204100765 0.0011151895204100765 0.0011151895204100765 1 1 1 Converged Converged Converged OK OK OK 51 51 51 51 51 51 5 5 5 0 0 0 0 0 1 0 0
40 40 linear 4 7 404 1 0.001 0.92939520040577916 0.0014290523857788309 0.84008339549826605 0.48984833258718097 1.6346070397773156 0.42410267554818626 0.5 -0.42277641641349556 1.1165727040080089 OK 12 11 0.376473 0.21169499999999999 0.073710999999999999 0.29991200000000001 0.12761800000000001 0 0.07656099999999999 0.084076999999999985 0.073710999999999999 0.0082450000000000006 0.0084930000000000005 0.0078750000000000001 0.054544999999999982 0.061725000000000009 0.052358999999999989 0.002232 0.002323 0.0024120000000000001 0.00076800000000000002 0.00082299999999999995 0.00078700000000000005 1.1165719396519218 1.1165719396519218 1.1165719396519218 0.00061220204510518939 0.00061220204510518939 0.00061220204510518939 1 1 1 Converged Converged Converged OK OK OK 59 59 59 59 59 59 5 5 5 0 0 0 0 1 0 0 1
40 40 linear 4 15 404 2 0.001 0.92939520040577916 0.0014290523857788309 0.84008339549826605 0.48984833258718097 1.6346070397773156 0.54098384361751017 0.5 -0.53965758448281953 1.1102350463849886 OK 12 11 0.38278400000000001 0.19956099999999999 0.065791000000000002 0.31394300000000003 0.126778 0 0.068840999999999986 0.072782999999999987 0.065791000000000002 0.0084419999999999999 0.008489 0.0077510000000000001 0.049183999999999992 0.052448999999999996 0.047408999999999986 0.001869 0.0022540000000000004 0.0018489999999999999 0.00061400000000000007 0.00068000000000000005 0.00057699999999999993 1.1102343678045663 1.1102343678045663 1.1102343678045663 0.00095382605899196676 0.00095382605899196676 0.00095382605899196676 1 1 1 Converged Converged Converged OK OK OK 51 51 51 51 51 51 5 5 5 0 0 0 0 1 0 0 1
40 40 linear 4 23 404 3 0.001 0.92939520040577916 0.0014290523857788309 0.84008339549826605 0.48984833258718097 1.6346070397773156 0.6578650116868342 0.5 -0.65653875255214356 1.1030766488859556 OK 11 10 0.38047199999999998 0.19781199999999999 0.065622 0.311583 0.12570500000000001 0 0.068888999999999978 0.072106999999999977 0.065622 0.0085719999999999998 0.0088620000000000001 0.0080929999999999995 0.049252999999999998 0.052140999999999993 0.047092999999999996 0.001867 0.0019949999999999998 0.0018710000000000001 0.00052800000000000004 0.00062799999999999998 0.00055000000000000003 1.1030760460615556 1.1030760460615556 1.1030760460615556 0.00068511331333724525 0.00068511331333724525 0.00068511331333724525 1 1 1 Converged Converged Converged OK OK OK 51 51 51 51 51 51 5 5 5 0 0 0 0 1 0 0 1
40 40 linear 4 0 404 0 0.0001 0.92939520040577916 0.0014290523857788309 0.84008339549826605 0.48984833258718097 1.6346070397773156 0.32183165348752774 0.5 -0.32050539435283704 1.1211833386640446 OK 12 11 0.40905000000000002 0.41019600000000001 0.104834 0.30163800000000002 0.30454799999999999 0 0.10741200000000001 0.10564800000000002 0.104834 0.0092709999999999997 0.0093790000000000002 0.0091430000000000001 0.075137000000000023 0.073166999999999968 0.072843000000000019 0.0035349999999999999 0.0036309999999999997 0.0036230000000000004 0.0011710000000000002 0.001111 0.0011149999999999999 1.121182669913938 1.121182669913938 1.121182669913938 2.1321446404277534e-06 2.1321446404277534e-06 2.1321446404277534e-06 1 1 1 Converged Converged Converged OK OK OK 83 83 83 83 83 83 5 5 5 0 0 0 0 0 1 0 0
40 40 linear 4 7 404 1 0.0001 0.92939520040577916 0.0014290523857788309 0.84008339549826605 0.48984833258718097 1.6346070397773156 0.42410267554818626 0.5 -0.42277641641349556 1.1165727040080089 OK 12 11 0.39849499999999999 0.238316 0.096970000000000001 0.29712 0.12845100000000001 0 0.10137499999999999 0.10986499999999999 0.096970000000000001 0.0084309999999999993 0.0083829999999999998 0.0078040000000000002 0.074356999999999993 0.083599999999999994 0.071743999999999974 0.0040680000000000004 0.003447 0.0035330000000000001 0.0011659999999999999 0.001106 0.001139 1.116572023089935 1.116572023089935 1.116572023089935 1.5301027281812328e-06 1.5301027281812328e-06 1.5301027281812328e-06 1 1 1 Converged Converged Converged OK OK OK 83 83 83 83 83 83 5 5 5 0 0 0 0 1 0 0 1
40 40 linear 4 15 404 2 0.0001 0.92939520040577916 0.0014290523857788309 0.84008339549826605 0.48984833258718097 1.6346070397773156 0.54098384361751017 0.5 -0.53965758448281953 1.1102350463849886 OK 12 11 0.41544500000000001 0.23303699999999999 0.097587999999999994 0.31270599999999998 0.12592900000000001 0 0.10273900000000002 0.10710799999999998 0.097587999999999994 0.0084100000000000008 0.0084030000000000007 0.0078840000000000004 0.075883000000000006 0.081260000000000027 0.072838000000000042 0.0038100000000000009 0.0034970000000000001 0.003336 0.0011550000000000002 0.0010649999999999998 0.00098999999999999999 1.110234374682147 1.110234374682147 1.110234374682147 1.1414479599812165e-06 1.1414479599812165e-06 1.1414479599812165e-06 1 1 1 Converged Converged Converged OK OK OK 83 83 83 83 83 83 5 5 5 0 0 0 0 1 0 0 1
40 40 linear 4 23 404 3 0.0001 0.92939520040577916 0.0014290523857788309 0.84008339549826605 0.48984833258718097 1.6346070397773156 0.6578650116868342 0.5 -0.65653875255214356 1.1030766488859556 OK 11 10 0.410497 0.23352999999999999 0.097571000000000005 0.30758999999999997 0.125833 0 0.10290700000000003 0.10769699999999999 0.097571000000000005 0.0087060000000000002 0.0088450000000000004 0.008064 0.075547999999999976 0.080814000000000025 0.072578999999999991 0.0038190000000000003 0.0038999999999999998 0.0034559999999999994 0.001096 0.001039 0.00099799999999999997 1.1030759857708865 1.1030759857708865 1.1030759857708865 9.9122913508898129e-07 9.9122913508898129e-07 9.9122913508898129e-07 1 1 1 Converged Converged Converged OK OK OK 83 83 83 83 83 83 5 5 5 0 0 0 0 1 0 0 1
40 40 uniform 0 0 405 0 0.001 0.92939520040577916 0.0014290523857788309 0.84008339549826605 0.13608359898337724 0.17182674700084544 -0.031933080116275991 0 0.033259339250966677 2.5630315242204667 OK 13 12 0.64116899999999999 0.63844199999999995 0.157391 0.48354900000000001 0.48030400000000001 0 0.15761999999999998 0.15813799999999995 0.157391 0.011393 0.011745999999999999 0.011337 0.11273599999999998 0.11297000000000001 0.112815 0.0037829999999999999 0.0039209999999999991 0.003823 0.00097800000000000014 0.001052 0.0011409999999999999 2.5630262311096272 2.5630262311096272 2.5630262311096272 0.0022721032629287939 0.0022721032629287939 0.0022721032629287939 1 1 1 Converged Converged Converged OK OK OK 101 101 101 101 101 101 11 11 11 0 0 0 0 0 1 0 0
40 40 uniform 0 7 405 1 0.001 0.92939520040577916 0.0014290523857788309 0.84008339549826605 0.13608359898337724 0.17182674700084544 0.070337941944382518 0 -0.069011682809691832 2.5603577678594429 OK 12 11 0.69218900000000005 0.27723700000000001 0.130688 0.55050399999999999 0.14440900000000001 0 0.14168500000000006 0.132828 0.130688 0.010422000000000001 0.010135 0.0097850000000000003 0.10787799999999997 0.100936 0.099659000000000011 0.0043020000000000003 0.0035919999999999997 0.0035929999999999998 0.0010579999999999999 0.001036 0.0010530000000000001 2.5603502243755898 2.5603502243755898 2.5603502243755898 0.0025209715831074615 0.0025209715831074615 0.0025209715831074615 1 1 1 Converged Converged Converged OK OK OK 94 94 94 94 94 94 10 10 10 0 0 0 0 1 0 0 1
40 40 uniform 0 15 405 2 0.001 0.92939520040577916 0.0014290523857788309 0.84008339549826605 0.13608359898337724 0.17182674700084544 0.1872191100137065 0 -0.18589285087901583 2.5396855186598271 OK 13 12 0.67901500000000004 0.28257399999999999 0.15032899999999999 0.51980899999999997 0.12748000000000001 0 0.15920600000000007 0.15509399999999998 0.15032899999999999 0.010352999999999999 0.010748000000000001 0.010149999999999999 0.12288400000000003 0.11901399999999999 0.11648200000000007 0.0043179999999999998 0.0042129999999999997 0.0038110000000000002 0.0013749999999999999 0.0013590000000000002 0.0011999999999999999 2.5396740813561789 2.5396740813561789 2.5396740813561789 0.0022912669818329584 0.0022912669818329584 0.0022912669818329584 1 1 1 Converged Converged Converged OK OK OK 109 109 109 109 109 109 11 11 11 0 0 0 0 1 0 0 1
40 40 uniform 0 23 405 3 0.001 0.92939520040577916 0.0014290523857788309 0.84008339549826605 0.13608359898337724 0.17182674700084544 0.30410027808303047 0 -0.30277401894833977 2.498850078238648 OK 14 13 0.596858 0.29476200000000002 0.14959900000000001 0.44272099999999998 0.14005200000000001 0 0.15413700000000002 0.15471000000000001 0.14959900000000001 0.010957 0.010864 0.0099760000000000005 0.11886100000000002 0.12003999999999999 0.11733099999999999 0.0040610000000000004 0.0041879999999999999 0.003558 0.00123 0.001163 0.0010920000000000001 2.4988320678527169 2.4988320678527169 2.4988320678527169 0.002221524348920072 0.002221524348920072 0.002221524348920072 1 1 1 Converged Converged Converged OK OK OK 108 108 108 108 108 108 12 12 12 0 0 0 0 1 0 0 1
40 40 uniform 0 0 405 0 0.0001 0.92939520040577916 0.0014290523857788309 0.84008339549826605 0.13608359898337724 0.17182674700084544 -0.031933080116275991 0 0.033259339250966677 2.5630315242204667 OK 13 12 0.67696299999999998 0.67810599999999999 0.19305800000000001 0.47753499999999999 0.47912399999999999 0 0.19942799999999999 0.19898199999999999 0.19305800000000001 0.01176 0.011894999999999999 0.011501000000000001 0.13551500000000008 0.13856900000000005 0.13401200000000005 0.0064239999999999992 0.006182 0.0059350000000000002 0.001771 0.0017560000000000002 0.00167 2.5630290654682475 2.5630290654682475 2.5630290654682475 0.00018887442322243841 0.00018887442322243841 0.00018887442322243841 1 1 1 Converged Converged Converged OK OK OK 133 133 133 133 133 133 11 11 11 0 0 0 0 0 1 0 0
40 40 uniform 0 7 405 1 0.0001 0.92939520040577916 0.0014290523857788309 0.84008339549826605 0.13608359898337724 0.17182674700084544 0.070337941944382518 0 -0.069011682809691832 2.5603577678594429 OK 12 11 0.71900200000000003 0.311558 0.16530500000000001 0.54857500000000003 0.143202 0 0.170427 0.16835600000000001 0.16530500000000001 0.010120000000000001 0.010444 0.0099360000000000004 0.13173799999999994 0.12889500000000001 0.12711800000000001 0.0049429999999999995 0.0054799999999999988 0.0051389999999999995 0.0014910000000000001 0.0017559999999999997 0.0016209999999999998 2.5603576408437965 2.5603576408437965 2.5603576408437965 0.00023232148566468402 0.00023232148566468402 0.00023232148566468402 1 1 1 Converged Converged Converged OK OK OK 126 126 126 126 126 126 10 10 10 0 0 0 0 1 0 0 1
40 40 uniform 0 15 405 2 0.0001 0.92939520040577916 0.0014290523857788309 0.84008339549826605 0.13608359898337724 0.17182674700084544 0.1872191100137065 0 -0.18589285087901583 2.5396855186598271 OK 13 12 0.710117 0.31367400000000001 0.180673 0.52395099999999994 0.12610199999999999 0 0.18616600000000005 0.18757200000000002 0.180673 0.01048 0.010408000000000001 0.0099389999999999999 0.14226400000000003 0.14300499999999999 0.13919800000000004 0.0061980000000000004 0.0069639999999999997 0.0056319999999999999 0.0018910000000000001 0.0020379999999999999 0.00182 2.5396850887543674 2.5396850887543674 2.5396850887543674 4.5091301139675519e-05 4.5091301139675519e-05 4.5091301139675519e-05 1 1 1 Converged Converged Converged OK OK OK 141 141 141 141 141 141 11 11 11 0 0 0 0 1 0 0 1
40 40 uniform 0 23 405 3 0.0001 0.92939520040577916 0.0014290523857788309 0.84008339549826605 0.13608359898337724 0.17182674700084544 0.30410027808303047 0 -0.30277401894833977 2.498850078238648 OK 14 13 0.65090199999999998 0.36120600000000003 0.20526700000000001 0.43946800000000003 0.14313999999999999 0 0.21143399999999996 0.21806600000000004 0.20526700000000001 0.010876 0.010985999999999999 0.010149999999999999 0.16023799999999996 0.16628299999999988 0.15768999999999991 0.0072999999999999992 0.0077129999999999994 0.0063940000000000004 0.0021150000000000001 0.0019719999999999998 0.0018049999999999997 2.4988488396395856 2.4988488396395856 2.4988488396395856 0.00012802476362592564 0.00012802476362592564 0.00012802476362592564 1 1 1 Converged Converged Converged OK OK OK 156 156 156 156 156 156 12 12 12 0 0 0 0 1 0 0 1
40 40 uniform 1 0 406 0 0.001 0.92939520040577916 0.0014290523857788309 0.84008339549826605 -0.0086906648381905316 -0.40236701341432979 -0.17670734393784376 0 0.17803360307253444 2.4454986659801965 OK 12 11 0.45785500000000001 0.45425700000000002 0.12574299999999999 0.33149299999999998 0.32450800000000002 0 0.12636200000000003 0.129749 0.12574299999999999 0.010342 0.0104 0.010513 0.088590000000000002 0.091016999999999987 0.088135999999999978 0.0031239999999999996 0.0033589999999999996 0.0032109999999999999 0.00069799999999999994 0.00087300000000000008 0.00075900000000000002 2.4454909216966572 2.4454909216966572 2.4454909216966572 0.0019674795393958017 0.0019674795393958017 0.0019674795393958017 1 1 1 Converged Converged Converged OK OK OK 86 86 86 86 86 86 10 10 10 0 0 0 0 0 1 0 0
40 40 uniform 1 7 406 1 0.001 0.92939520040577916 0.0014290523857788309 0.84008339549826605 -0.0086906648381905316 -0.40236701341432979 -0.074436321877185255 0 0.07576258101187594 2.4651516671213645 OK 12 11 0.43654599999999999 0.25929200000000002 0.12186 0.31345000000000001 0.13315199999999999 0 0.12309599999999998 0.12614000000000003 0.12186 0.009162 0.0093109999999999998 0.0086630000000000006 0.091553000000000009 0.093950999999999965 0.091175000000000006 0.0033600000000000006 0.0037399999999999998 0.0033769999999999998 0.00082599999999999991 0.001005 0.00084200000000000008 2.4651365159545673 2.4651365159545673 2.4651365159545673 0.0015143341213775705 0.0015143341213775705 0.0015143341213775705 1 1 1 Converged Converged Converged OK OK OK 94 94 94 94 94 94 10 10 10 0 0 0 0 1 0 0 1
40 40 uniform 1 15 406 2 0.001 0.92939520040577916 0.0014290523857788309 0.84008339549826605 -0.0086906648381905316 -0.40236701341432979 0.042444846192138716 0 -0.041118587057448031 2.4679533062422174 OK 13 12 0.479939 0.303261 0.13419400000000001 0.34256799999999998 0.16116900000000001 0 0.13737100000000002 0.142092 0.13419400000000001 0.0097959999999999992 0.0099439999999999997 0.0088920000000000006 0.10499400000000006 0.10987399999999994 0.10379399999999996 0.0034169999999999995 0.0034169999999999999 0.0032649999999999997 0.00097199999999999999 0.000977 0.00098099999999999988 2.4679525821731603 2.4679525821731603 2.4679525821731603 0.0023065142528624796 0.0023065142528624796 0.0023065142528624796 1 1 1 Converged Converged Converged OK OK OK 101 101 101 101 101 101 11 11 11 0 0 0 0 1 0 0 1
40 40 uniform 1 23 406 3 0.001 0.92939520040577916 0.0014290523857788309 0.84008339549826605 -0.0086906648381905316 -0.40236701341432979 0.1593260142614627 0 -0.15799975512677203 2.4499393259751785 OK 13 12 0.48304900000000001 0.30365500000000001 0.14568900000000001 0.33627299999999999 0.15373400000000001 0 0.14677600000000002 0.149921 0.14568900000000001 0.0094859999999999996 0.010015 0.0087969999999999993 0.11366 0.11578799999999997 0.11355499999999998 0.003588 0.0038549999999999999 0.0036099999999999999 0.0011559999999999999 0.0012109999999999998 0.001139 2.44993662352385 2.44993662352385 2.44993662352385 0.0013248919268090927 0.0013248919268090927 0.0013248919268090927 1 1 1 Converged Converged Converged OK OK OK 109 109 109 109 109 109 11 11 11 0 0 0 0 1 0 0 1
40 40 uniform 1 0 406 0 0.0001 0.92939520040577916 0.0014290523857788309 0.84008339549826605 -0.0086906648381905316 -0.40236701341432979 -0.17670734393784376 0 0.17803360307253444 2.4454986659801965 OK 12 11 0.484045 0.48178799999999999 0.15610199999999999 0.32611600000000002 0.32455400000000001 0 0.15792899999999999 0.15723399999999998 0.15610199999999999 0.010661 0.010812 0.010381 0.10944199999999998 0.10950999999999997 0.10897799999999992 0.0044149999999999997 0.004267 0.0042580000000000005 0.00134 0.0013500000000000001 0.001284 2.4454985843362587 2.4454985843362587 2.4454985843362587 0.00019587252186888736 0.00019587252186888736 0.00019587252186888736 1 1 1 Converged Converged Converged OK OK OK 110 110 110 110 110 110 10 10 10 0 0 0 0 0 1 0 0
40 40 uniform 1 7 406 1 0.0001 0.92939520040577916 0.0014290523857788309 0.84008339549826605 -0.0086906648381905316 -0.40236701341432979 -0.074436321877185255 0 0.07576258101187594 2.4651516671213645 OK 12 11 0.45252100000000001 0.27425100000000002 0.13337299999999999 0.31582700000000002 0.131272 0 0.13669399999999998 0.14297900000000002 0.13337299999999999 0.0094870000000000006 0.0092890000000000004 0.0086960000000000006 0.10204500000000007 0.10758299999999997 0.10112999999999996 0.004235 0.004875 0.003994000000000001 0.0012049999999999999 0.001328 0.00109 2.4651514803617012 2.4651514803617012 2.4651514803617012 0.00024429317043468565 0.00024429317043468565 0.00024429317043468565 1 1 1 Converged Converged Converged OK OK OK 110 110 110 110 110 110 10 10 10 0 0 0 0 1 0 0 1
40 40 uniform 1 15 406 2 0.0001 0.92939520040577916 0.0014290523857788309 0.84008339549826605 -0.0086906648381905316 -0.40236701341432979 0.042444846192138716 0 -0.041118587057448031 2.4679533062422174 OK 13 12 0.50492599999999999 0.32877800000000001 0.164802 0.33991399999999999 0.161519 0 0.16501199999999999 0.16725900000000002 0.164802 0.010134000000000001 0.010323000000000001 0.0087209999999999996 0.12306899999999997 0.12422699999999987 0.12542599999999998 0.0051979999999999995 0.0056830000000000006 0.0049879999999999994 0.0014959999999999997 0.001562 0.0015140000000000002 2.4679526037208319 2.4679526037208319 2.4679526037208319 0.00012951943979406995 0.00012951943979406995 0.00012951943979406995 1 1 1 Converged Converged Converged OK OK OK 133 133 133 133 133 133 11 11 11 0 0 0 0 1 0 0 1
40 40 uniform 1 23 406 3 0.0001 0.92939520040577916 0.0014290523857788309 0.84008339549826605 -0.0086906648381905316 -0.40236701341432979 0.1593260142614627 0 -0.15799975512677203 2.4499393259751785 OK 13 12 0.49831500000000001 0.31598199999999999 0.153146 0.34118300000000001 0.15612799999999999 0 0.15713199999999999 0.159854 0.153146 0.010198 0.0099939999999999994 0.0087799999999999996 0.12077999999999998 0.12309 0.11939500000000002 0.0046860000000000009 0.0049900000000000005 0.0044389999999999994 0.0015280000000000001 0.0018159999999999999 0.001392 2.4499366305438386 2.4499366305438386 2.4499366305438386 0.00019418535810669928 0.00019418535810669928 0.00019418535810669928 1 1 1 Converged Converged Converged OK OK OK 125 125 125 125 125 125 11 11 11 0 0 0 0 1 0 0 1
40 40 uniform 2 0 407 0 0.001 0.92939520040577916 0.0014290523857788309 0.84008339549826605 -0.19167844060987035 0.69983490677027815 -0.35969511970952361 0 0.36102137884421431 2.0080205613872062 OK 14 13 0.475437 0.47868500000000003 0.18240700000000001 0.29078999999999999 0.29508299999999998 0 0.18464700000000001 0.18360200000000004 0.18240700000000001 0.0085129999999999997 0.0089350000000000002 0.0086920000000000001 0.14375799999999994 0.14155900000000002 0.14093399999999995 0.0034280000000000001 0.0037079999999999995 0.0036560000000000004 0.00094700000000000014 0.0012749999999999999 0.0011280000000000001 2.0080118217959955 2.0080118217959955 2.0080118217959955 0.0010151271127933662 0.0010151271127933662 0.0010151271127933662 1 1 1 Converged Converged Converged OK OK OK 108 108 108 108 108 108 12 12 12 0 0 0 0 0 1 0 0
40 40 uniform 2 7 407 1 0.001 0.92939520040577916 0.0014290523857788309 0.84008339549826605 -0.19167844060987035 0.69983490677027815 -0.25742409764886509 0 0.25875035678355579 2.0944486233421924 OK 12 11 0.40819 0.26374799999999998 0.129158 0.277086 0.13006999999999999 0 0.131104 0.13367799999999999 0.129158 0.007045 0.0072049999999999996 0.0068190000000000004 0.10568100000000001 0.108782 0.10477800000000004 0.003284 0.0030229999999999996 0.0030169999999999997 0.00092800000000000011 0.00088899999999999992 0.00097300000000000002 2.0944476417662616 2.0944476417662616 2.0944476417662616 0.0013802966011522218 0.0013802966011522218 0.0013802966011522218 1 1 1 Converged Converged Converged OK OK OK 94 94 94 94 94 94 10 10 10 0 0 0 0 1 0 0 1
40 40 uniform 2 15 407 2 0.001 0.92939520040577916 0.0014290523857788309 0.84008339549826605 -0.19167844060987035 0.69983490677027815 -0.14054292957954112 0 0.14186918871423179 2.151074392622502 OK 13 12 0.41730800000000001 0.28056199999999998 0.13155 0.28453699999999998 0.139011 0 0.13277100000000003 0.14155099999999998 0.13155 0.0099509999999999998 0.010135999999999999 0.01035 0.10064099999999998 0.10827499999999997 0.10093999999999996 0.0036630000000000005 0.0041609999999999998 0.0033909999999999999 0.0010799999999999998 0.00114 0.00092000000000000003 2.1510764793458663 2.1510764793458663 2.1510764793458663 0.0017358522183640152 0.0017358522183640152 0.0017358522183640152 1 1 1 Converged Converged Converged OK OK OK 101 101 101 101 101 101 11 11 11 0 0 0 0 1 0 0 1
40 40 uniform 2 23 407 3 0.001 0.92939520040577916 0.0014290523857788309 0.84008339549826605 -0.19167844060987035 0.69983490677027815 -0.023661761510217122 0 0.024988020644907804 2.1727306277742127 OK 13 12 0.45321299999999998 0.308305 0.127467 0.31721199999999999 0.173983 0 0.13600099999999998 0.134322 0.127467 0.0093340000000000003 0.0099089999999999994 0.0085109999999999995 0.10452699999999997 0.102199 0.098755999999999997 0.0038510000000000007 0.0040800000000000003 0.0032460000000000002 0.00088700000000000009 0.001085 0.00089599999999999999 2.1727126899086704 2.1727126899086704 2.1727126899086704 0.0019446652980918762 0.0019446652980918762 0.0019446652980918762 1 1 1 Converged Converged Converged OK OK OK 101 101 101 101 101 101 11 11 11 0 0 0 0 1 0 0 1
40 40 uniform 2 0 407 0 0.0001 0.92939520040577916 0.0014290523857788309 0.84008339549826605 -0.19167844060987035 0.69983490677027815 -0.35969511970952361 0 0.36102137884421431 2.0080205613872062 OK 14 13 0.54454000000000002 0.54383899999999996 0.250251 0.29827100000000001 0.29895500000000003 0 0.24626900000000002 0.24488399999999994 0.250251 0.0088070000000000006 0.008822 0.0088470000000000007 0.18606300000000003 0.18364699999999992 0.18893599999999991 0.0065579999999999996 0.0075049999999999995 0.0075969999999999996 0.0016719999999999999 0.001735 0.001761 2.0080132870837146 2.0080132870837146 2.0080132870837146 0.0001777793355831113 0.0001777793355831113 0.0001777793355831113 1 1 1 Converged Converged Converged OK OK OK 156 156 156 156 156 156 12 12 12 0 0 0 0 0 1 0 0
40 40 uniform 2 7 407 1 0.0001 0.92939520040577916 0.0014290523857788309 0.84008339549826605 -0.19167844060987035 0.69983490677027815 -0.25742409764886509 0 0.25875035678355579 2.0944486233421924 OK 12 11 0.433917 0.29261100000000001 0.15320700000000001 0.28094000000000002 0.13800000000000001 0 0.15297699999999997 0.154611 0.15320700000000001 0.0072100000000000003 0.0072880000000000002 0.006777 0.12420999999999993 0.12542399999999995 0.12497699999999999 0.0037640000000000004 0.0040049999999999999 0.0038310000000000002 0.0013879999999999997 0.0014939999999999999 0.0013510000000000002 2.0944520896301957 2.0944520896301957 2.0944520896301957 0.00011794436468163345 0.00011794436468163345 0.00011794436468163345 1 1 1 Converged Converged Converged OK OK OK 110 110 110 110 110 110 10 10 10 0 0 0 0 1 0 0 1
40 40 uniform 2 15 407 2 0.0001 0.92939520040577916 0.0014290523857788309 0.84008339549826605 -0.19167844060987035 0.69983490677027815 -0.14054292957954112 0 0.14186918871423179 2.151074392622502 OK 13 12 0.44209999999999999 0.293265 0.14946200000000001 0.28711599999999998 0.139184 0 0.15498400000000001 0.154081 0.14946200000000001 0.01013 0.010019 0.0093670000000000003 0.11835800000000005 0.11730399999999995 0.11550800000000006 0.0052030000000000002 0.0050640000000000008 0.0042090000000000001 0.0015619999999999998 0.0015449999999999999 0.0013540000000000002 2.1510745760768062 2.1510745760768062 2.1510745760768062 0.00011972915206414763 0.00011972915206414763 0.00011972915206414763 1 1 1 Converged Converged Converged OK OK OK 117 117 117 117 117 117 11 11 11 0 0 0 0 1 0 0 1
40 40 uniform 2 23 407 3 0.0001 0.92939520040577916 0.0014290523857788309 0.84008339549826605 -0.19167844060987035 0.69983490677027815 -0.023661761510217122 0 0.024988020644907804 2.1727306277742127 OK 13 12 0.47587000000000002 0.32812599999999997 0.14797299999999999 0.32328899999999999 0.17408399999999999 0 0.15258100000000002 0.15404199999999998 0.14797299999999999 0.0096710000000000008 0.0097470000000000005 0.0085590000000000006 0.11719100000000003 0.11808000000000002 0.11563200000000001 0.0046639999999999997 0.0052099999999999994 0.003945999999999999 0.001286 0.0013519999999999999 0.0011639999999999999 2.1727303920204002 2.1727303920204002 2.1727303920204002 0.00018610901160612562 0.00018610901160612562 0.00018610901160612562 1 1 1 Converged Converged Converged OK OK OK 117 117 117 117 117 117 11 11 11 0 0 0 0 1 0 0 1
40 40 uniform 3 0 408 0 0.001 0.92939520040577916 0.0014290523857788309 0.84008339549826605 -0.28274480310865602 1.0038671524604763 -0.45076148220830925 0 0.45208774134299995 1.3759390800348865 OK 12 11 0.373172 0.37514500000000001 0.084430000000000005 0.28775400000000001 0.28758400000000001 0 0.085417999999999994 0.087561 0.084430000000000005 0.0093869999999999995 0.0095820000000000002 0.0090919999999999994 0.056370999999999991 0.057435999999999994 0.05624599999999997 0.002542 0.0032340000000000003 0.0025320000000000004 0.00073099999999999988 0.00083900000000000001 0.00069899999999999997 1.3759402515177424 1.3759402515177424 1.3759402515177424 0.00036565908938822556 0.00036565908938822556 0.00036565908938822556 1 1 1 Converged Converged Converged OK OK OK 66 66 66 66 66 66 6 6 6 0 0 0 0 0 1 0 0
40 40 uniform 3 7 408 1 0.001 0.92939520040577916 0.0014290523857788309 0.84008339549826605 -0.28274480310865602 1.0038671524604763 -0.34849046014765073 0 0.34981671928234143 1.4117239670594663 OK 12 11 0.36648900000000001 0.21357200000000001 0.078170000000000003 0.28676299999999999 0.13159199999999999 0 0.079726000000000019 0.081980000000000025 0.078170000000000003 0.0085030000000000001 0.0087259999999999994 0.0080750000000000006 0.055662999999999983 0.057451000000000002 0.054997000000000018 0.0024810000000000001 0.002617 0.0023449999999999999 0.00076800000000000002 0.00086600000000000002 0.00079900000000000001 1.411723926717134 1.411723926717134 1.411723926717134 0.00030096114999664887 0.00030096114999664887 0.00030096114999664887 1 1 1 Converged Converged Converged OK OK OK 66 66 66 66 66 66 6 6 6 0 0 0 0 1 0 0 1
40 40 uniform 3 15 408 2 0.001 0.92939520040577916 0.0014290523857788309 0.84008339549826605 -0.28274480310865602 1.0038671524604763 -0.23160929207832676 0 0.23293555121301743 1.446554513530911 OK 12 11 0.34627200000000002 0.20327999999999999 0.070934999999999998 0.27410099999999998 0.12873499999999999 0 0.072171000000000041 0.074545 0.070934999999999998 0.0084030000000000007 0.0087259999999999994 0.0079100000000000004 0.050804000000000002 0.052950999999999998 0.050767 0.00214 0.0021949999999999999 0.0020590000000000001 0.00062199999999999994 0.00065800000000000006 0.00064000000000000005 1.4465543250131545 1.4465543250131545 1.4465543250131545 0.0014145080651738978 0.0014145080651738978 0.0014145080651738978 1 1 1 Converged Converged Converged OK OK OK 58 58 58 58 58 58 6 6 6 0 0 0 0 1 0 0 1
40 40 uniform 3 23 408 3 0.001 0.92939520040577916 0.0014290523857788309 0.84008339549826605 -0.28274480310865602 1.0038671524604763 -0.11472812400900279 0 0.11605438314369347 1.4702389527930133 OK 12 11 0.35373100000000002 0.21133099999999999 0.074506000000000003 0.27723599999999998 0.130968 0 0.076495000000000035 0.08036299999999999 0.074506000000000003 0.0085199999999999998 0.0086210000000000002 0.0078069999999999997 0.055339999999999979 0.058754999999999995 0.054502999999999982 0.0020730000000000002 0.002251 0.001903 0.00060099999999999997 0.00069099999999999999 0.00059099999999999995 1.470239086680786 1.470239086680786 1.470239086680786 0.00067318130074402063 0.00067318130074402063 0.00067318130074402063 1 1 1 Converged Converged Converged OK OK OK 58 58 58 58 58 58 6 6 6 0 0 0 0 1 0 0 1
40 40 uniform 3 0 408 0 0.0001 0.92939520040577916 0.0014290523857788309 0.84008339549826605 -0.28274480310865602 1.0038671524604763 -0.45076148220830925 0 0.45208774134299995 1.3759390800348865 OK 12 11 0.40702300000000002 0.402752 0.112785 0.292041 0.28925499999999998 0 0.11498200000000003 0.11349700000000001 0.112785 0.0096069999999999992 0.0097339999999999996 0.0090360000000000006 0.076922999999999991 0.076317000000000024 0.076216000000000034 0.0043579999999999999 0.0040020000000000003 0.0041920000000000004 0.0012330000000000002 0.001073 0.001114 1.375939009882734 1.375939009882734 1.375939009882734 3.250447150455127e-05 3.250447150455127e-05 3.250447150455127e-05 1 1 1 Converged Converged Converged OK OK OK 90 90 90 90 90 90 6 6 6 0 0 0 0 0 1 0 0
40 40 uniform 3 7 408 1 0.0001 0.92939520040577916 0.0014290523857788309 0.84008339549826605 -0.28274480310865602 1.0038671524604763 -0.34849046014765073 0 0.34981671928234143 1.4117239670594663 OK 12 11 0.37515100000000001 0.22215499999999999 0.084447999999999995 0.28953499999999999 0.13460900000000001 0 0.085616000000000025 0.087545999999999985 0.084447999999999995 0.0085789999999999998 0.0086669999999999994 0.0079989999999999992 0.060123999999999997 0.061799999999999973 0.059380000000000009 0.0028009999999999997 0.0028419999999999999 0.003045 0.00088400000000000002 0.00094200000000000002 0.00091 1.4117239429116777 1.4117239429116777 1.4117239429116777 0.00011739866381684164 0.00011739866381684164 0.00011739866381684164 1 1 1 Converged Converged Converged OK OK OK 74 74 74 74 74 74 6 6 6 0 0 0 0 1 0 0 1
40 40 uniform 3 15 408 2 0.0001 0.92939520040577916 0.0014290523857788309 0.84008339549826605 -0.28274480310865602 1.0038671524604763 -0.23160929207832676 0 0.23293555121301743 1.446554513530911 OK 12 11 0.37227700000000002 0.22725899999999999 0.093382000000000007 0.27344200000000002 0.127271 0 0.098835000000000006 0.099987999999999994 0.093382000000000007 0.0085159999999999993 0.0086680000000000004 0.0079389999999999999 0.071364999999999998 0.071650000000000005 0.067243999999999998 0.003215 0.0036519999999999999 0.003176 0.001013 0.0011099999999999999 0.0010070000000000001 1.446554432109449 1.446554432109449 1.446554432109449 4.3760724369943227e-05 4.3760724369943227e-05 4.3760724369943227e-05 1 1 1 Converged Converged Converged OK OK OK 82 82 82 82 82 82 6 6 6 0 0 0 0 1 0 0 1
40 40 uniform 3 23 408 3 0.0001 0.92939520040577916 0.0014290523857788309 0.84008339549826605 -0.28274480310865602 1.0038671524604763 -0.11472812400900279 0 0.11605438314369347 1.4702389527930133 OK 12 11 0.36993700000000002 0.22387599999999999 0.0901 0.27763599999999999 0.12790799999999999 0 0.092301000000000022 0.095967999999999998 0.0901 0.0085500000000000003 0.0085240000000000003 0.0079389999999999999 0.067350999999999966 0.071013000000000021 0.066887999999999989 0.002702 0.0029480000000000001 0.0024989999999999999 0.00089900000000000006 0.000959 0.00083299999999999997 1.4702388809239681 1.4702388809239681 1.4702388809239681 7.0252408513186214e-05 7.0252408513186214e-05 7.0252408513186214e-05 1 1 1 Converged Converged Converged OK OK OK 74 74 74 74 74 74 6 6 6 0 0 0 0 1 0 0 1
40 40 uniform 4 0 409 0 0.001 0.92939520040577916 0.0014290523857788309 0.84008339549826605 0.48984833258718097 1.6346070397773156 0.32183165348752774 0 -0.32050539435283704 1.123061794898613 OK 12 11 0.351219 0.35262199999999999 0.051859000000000002 0.298315 0.295844 0 0.052904000000000007 0.056777999999999995 0.051859000000000002 0.0094380000000000002 0.0092449999999999997 0.0091090000000000008 0.032271999999999995 0.036843999999999981 0.032016000000000003 0.0013910000000000001 0.0013810000000000001 0.0014400000000000001 0.00041100000000000002 0.00039400000000000004 0.00045100000000000001 1.1230620365217701 1.1230620365217701 1.1230620365217701 0.00087011835670047712 0.00087011835670047712 0.00087011835670047712 1 1 1 Converged Converged Converged OK OK OK 43 43 43 43 43 43 5 5 5 0 0 0 0 0 1 0 0
40 40 uniform 4 7 409 1 0.001 0.92939520040577916 0.0014290523857788309 0.84008339549826605 0.48984833258718097 1.6346070397773156 0.42410267554818626 0 -0.42277641641349556 1.118356110703645 OK 12 11 0.34554400000000002 0.172737 0.047617 0.29572700000000002 0.12377199999999999 0 0.049817 0.048965000000000009 0.047617 0.0084600000000000005 0.0084019999999999997 0.0079310000000000005 0.031895000000000007 0.031894999999999993 0.031086999999999993 0.0016199999999999999 0.0013210000000000001 0.0013059999999999999 0.00042000000000000002 0.00038000000000000002 0.000417 1.1183562728245622 1.1183562728245622 1.1183562728245622 0.000737174424468496 0.000737174424468496 0.000737174424468496 1 1 1 Converged Converged Converged OK OK OK 43 43 43 43 43 43 5 5 5 0 0 0 0 1 0 0 1
40 40 uniform 4 15 409 2 0.001 0.92939520040577916 0.0014290523857788309 0.84008339549826605 0.48984833258718097 1.6346070397773156 0.54098384361751017 0 -0.53965758448281953 1.1118900916429164 OK 12 11 0.36119699999999999 0.17204700000000001 0.048488999999999997 0.31127100000000002 0.122242 0 0.04992599999999997 0.049805000000000002 0.048488999999999997 0.0082579999999999997 0.0083300000000000006 0.0077790000000000003 0.032638999999999994 0.032768000000000005 0.032148000000000003 0.001333 0.0013109999999999999 0.0013029999999999999 0.00044700000000000002 0.00043800000000000002 0.00042100000000000004 1.1118903176327701 1.1118903176327701 1.1118903176327701 0.00067037763286878667 0.00067037763286878667 0.00067037763286878667 1 1 1 Converged Converged Converged OK OK OK 43 43 43 43 43 43 5 5 5 0 0 0 0 1 0 0 1
40 40 uniform 4 23 409 3 0.001 0.92939520040577916 0.0014290523857788309 0.84008339549826605 0.48984833258718097 1.6346070397773156 0.6578650116868342 0 -0.65653875255214356 1.1045899387630846 OK 11 10 0.36237900000000001 0.176897 0.048443 0.31162600000000001 0.12560099999999999 0 0.050752999999999993 0.051296000000000008 0.048443 0.0087799999999999996 0.0088959999999999994 0.0079760000000000005 0.032649999999999998 0.033238999999999998 0.032098999999999996 0.001418 0.0015460000000000001 0.0012929999999999999 0.00043800000000000002 0.00045599999999999997 0.00035399999999999999 1.1045904055519882 1.1045904055519882 1.1045904055519882 0.00066696110820480892 0.00066696110820480892 0.00066696110820480892 1 1 1 Converged Converged Converged OK OK OK 43 43 43 43 43 43 5 5 5 0 0 0 0 1 0 0 1
40 40 uniform 4 0 409 0 0.0001 0.92939520040577916 0.0014290523857788309 0.84008339549826605 0.48984833258718097 1.6346070397773156 0.32183165348752774 0 -0.32050539435283704 1.123061794898613 OK 12 11 0.37192799999999998 0.37341099999999999 0.074026999999999996 0.29710999999999999 0.29835400000000001 0 0.074817999999999996 0.075056999999999985 0.074026999999999996 0.0096380000000000007 0.009391 0.0092420000000000002 0.046625 0.046811000000000005 0.046602000000000011 0.0023120000000000003 0.0024510000000000005 0.0022780000000000001 0.00088899999999999992 0.00098400000000000007 0.00091599999999999993 1.1230617980363977 1.1230617980363977 1.1230617980363977 8.2341507664869144e-05 8.2341507664869144e-05 8.2341507664869144e-05 1 1 1 Converged Converged Converged OK OK OK 67 67 67 67 67 67 5 5 5 0 0 0 0 0 1 0 0
40 40 uniform 4 7 409 1 0.0001 0.92939520040577916 0.0014290523857788309 0.84008339549826605 0.48984833258718097 1.6346070397773156 0.42410267554818626 0 -0.42277641641349556 1.118356110703645 OK 12 11 0.36436400000000002 0.20413000000000001 0.067105999999999999 0.29674800000000001 0.12556999999999999 0 0.067616000000000009 0.078560000000000019 0.067105999999999999 0.0082550000000000002 0.0085140000000000007 0.0079059999999999998 0.045554999999999991 0.056135999999999991 0.045647999999999994 0.0022260000000000001 0.0023259999999999999 0.0022079999999999999 0.00079000000000000012 0.00096499999999999993 0.00083699999999999996 1.1183561309477159 1.1183561309477159 1.1183561309477159 8.5701140441099557e-05 8.5701140441099557e-05 8.5701140441099557e-05 1 1 1 Converged Converged Converged OK OK OK 67 67 67 67 67 67 5 5 5 0 0 0 0 1 0 0 1
40 40 uniform 4 15 409 2 0.0001 0.92939520040577916 0.0014290523857788309 0.84008339549826605 0.48984833258718097 1.6346070397773156 0.54098384361751017 0 -0.53965758448281953 1.1118900916429164 OK 12 11 0.37656899999999999 0.20351900000000001 0.067877999999999994 0.30565500000000001 0.126774 0 0.070913999999999977 0.076745000000000008 0.067877999999999994 0.0085000000000000006 0.008371 0.0077229999999999998 0.047528000000000008 0.054428000000000004 0.046816000000000017 0.002715 0.0023609999999999994 0.002186 0.00090499999999999999 0.000852 0.00079100000000000004 1.1118901520747284 1.1118901520747284 1.1118901520747284 8.0921819642970961e-05 8.0921819642970961e-05 8.0921819642970961e-05 1 1 1 Converged Converged Converged OK OK OK 67 67 67 67 67 67 5 5 5 0 0 0 0 1 0 0 1
40 40 uniform 4 23 409 3 0.0001 0.92939520040577916 0.0014290523857788309 0.84008339549826605 0.48984833258718097 1.6346070397773156 0.6578650116868342 0 -0.65653875255214356 1.1045899387630846 OK 11 10 0.37980999999999998 0.201516 0.067766999999999994 0.30904500000000001 0.124919 0 0.070764999999999967 0.076596999999999998 0.067766999999999994 0.0087670000000000005 0.0088369999999999994 0.0079520000000000007 0.047298 0.053682000000000001 0.046673999999999986 0.0026480000000000002 0.0024670000000000004 0.0022209999999999999 0.00099200000000000004 0.00091999999999999992 0.00080199999999999998 1.1045900617704136 1.1045900617704136 1.1045900617704136 5.6847767238326473e-05 5.6847767238326473e-05 5.6847767238326473e-05 1 1 1 Converged Converged Converged OK OK OK 67 67 67 67 67 67 5 5 5 0 0 0 0 1 0 0 1
41 41 linear 0 0 410 0 0.001 3.3923021217221727 0.030275770111430608 0.0065276302855964922 -3.0023733322562762 -0.017521800702582059 -3.0036788583133953 0.5 3.1033653327169142 17.503674203676852 OK 14 13 0.526555 0.52198599999999995 0.16383900000000001 0.35583500000000001 0.355576 0 0.17071999999999998 0.16640999999999995 0.16383900000000001 0.012377000000000001 0.012163999999999999 0.011631000000000001 0.12998200000000004 0.126554 0.12506300000000001 0.0039100000000000003 0.00362 0.0034679999999999997 0.00084999999999999995 0.00084199999999999998 0.00081399999999999994 17.503655018351658 17.503655018351658 17.503655018351658 0.01332376014917557 0.01332376014917557 0.01332376014917557 1 1 1 Converged Converged Converged OK OK OK 80 80 80 80 80 80 8 8 8 0 0 0 0 0 1 0 0
41 41 linear 0 7 410 1 0.001 3.3923021217221727 0.030275770111430608 0.0065276302855964922 -3.0023733322562762 -0.017521800702582059 -3.0028841902786274 0.5 3.1025706646821463 15.884750250949761 OK 14 13 0.48692999999999997 0.365983 0.14830399999999999 0.33363199999999998 0.20844099999999999 0 0.15329799999999999 0.15754200000000002 0.14830399999999999 0.011259999999999999 0.011220000000000001 0.010562 0.117352 0.12216999999999997 0.11363100000000002 0.0041399999999999996 0.0040699999999999998 0.0042330000000000007 0.00090799999999999995 0.00088699999999999998 0.00085599999999999999 15.884652671574885 15.884652671574885 15.884652671574885 0.012217612214061997 0.012217612214061997 0.012217612214061997 1 1 1 Converged Converged Converged OK OK OK 88 88 88 88 88 88 8 8 8 0 0 0 0 1 0 0 1
41 41 linear 0 15 410 2 0.001 3.3923021217221727 0.030275770111430608 0.0065276302855964922 -3.0023733322562762 -0.017521800702582059 -3.0019759982388923 0.5 3.1016624726424111 14.473069554617501 OK 14 13 0.48186400000000001 0.350024 0.14340800000000001 0.33336199999999999 0.193802 0 0.14850200000000002 0.156222 0.14340800000000001 0.011299 0.011162 0.0104 0.11408699999999998 0.12202699999999998 0.11061499999999999 0.0039300000000000003 0.0040750000000000005 0.0038859999999999997 0.00087600000000000004 0.00091099999999999992 0.00087799999999999987 14.473159444304855 14.473159444304855 14.473159444304855 0.0097964953560515898 0.0097964953560515898 0.0097964953560515898 1 1 1 Converged Converged Converged OK OK OK 88 88 88 88 88 88 8 8 8 0 0 0 0 1 0 0 1
41 41 linear 0 23 410 3 0.001 3.3923021217221727 0.030275770111430608 0.0065276302855964922 -3.0023733322562762 -0.017521800702582059 -3.0010678061991571 0.5 3.100754280602676 13.215696790564239 OK 14 13 0.47996299999999997 0.35175800000000002 0.148281 0.32652300000000001 0.18973999999999999 0 0.15343999999999997 0.16201800000000002 0.148281 0.011181 0.011282 0.010429000000000001 0.11920099999999992 0.12456000000000005 0.11527700000000003 0.0038830000000000002 0.0038399999999999997 0.0039559999999999994 0.00095600000000000014 0.0045929999999999999 0.00099799999999999997 13.215698991174115 13.215698991174115 13.215698991174115 0.009487039447301903 0.009487039447301903 0.009487039447301903 1 1 1 Converged Converged Converged OK OK OK 88 88 88 88 88 88 8 8 8 0 0 0 0 1 0 0 1
41 41 linear 0 0 410 0 0.0001 3.3923021217221727 0.030275770111430608 0.0065276302855964922 -3.0023733322562762 -0.017521800702582059 -3.0036788583133953 0.5 3.1033653327169142 17.503674203676852 OK 14 13 0.61990800000000001 0.62060199999999999 0.25861899999999999 0.356736 0.355985 0 0.26317200000000002 0.26461699999999999 0.25861899999999999 0.012158 0.012161 0.011865000000000001 0.20238400000000015 0.20296299999999989 0.19793400000000003 0.0064529999999999995 0.0069890000000000004 0.006679 0.001539 0.0015 0.0015870000000000003 17.50366146452636 17.50366146452636 17.50366146452636 0.0014078374765869545 0.0014078374765869545 0.0014078374765869545 1 1 1 Converged Converged Converged OK OK OK 128 128 128 128 128 128 8 8 8 0 0 0 0 0 1 0 0
41 41 linear 0 7 410 1 0.0001 3.3923021217221727 0.030275770111430608 0.0065276302855964922 -3.0023733322562762 -0.017521800702582059 -3.0028841902786274 0.5 3.1025706646821463 15.884750250949761 OK 14 13 0.57969199999999999 0.475605 0.24079100000000001 0.33334999999999998 0.20696200000000001 0 0.24634200000000001 0.26864299999999997 0.24079100000000001 0.011205 0.011442000000000001 0.010593 0.19166400000000003 0.21260000000000001 0.18662699999999996 0.0071900000000000002 0.0079670000000000001 0.0075280000000000008 0.0016310000000000001 0.0017029999999999997 0.0016270000000000004 15.884622667264066 15.884622667264066 15.884622667264066 0.00095395894807807934 0.00095395894807807934 0.00095395894807807934 1 1 1 Converged Converged Converged OK OK OK 144 144 144 144 144 144 8 8 8 0 0 0 0 1 0 0 1
41 41 linear 0 15 410 2 0.0001 3.3923021217221727 0.030275770111430608 0.0065276302855964922 -3.0023733322562762 -0.017521800702582059 -3.0019759982388923 0.5 3.1016624726424111 14.473069554617501 OK 14 13 0.56565799999999999 0.44324599999999997 0.222134 0.33413100000000001 0.190279 0 0.23152699999999998 0.25296699999999994 0.222134 0.011297 0.011325 0.010555999999999999 0.18083999999999995 0.19595499999999996 0.17304500000000006 0.0069979999999999999 0.007711 0.0070490000000000006 0.0016349999999999997 0.007304999999999999 0.0016309999999999999 14.47316601537629 14.47316601537629 14.47316601537629 0.0008121814919446914 0.0008121814919446914 0.0008121814919446914 1 1 1 Converged Converged Converged OK OK OK 144 144 144 144 144 144 8 8 8 0 0 0 0 1 0 0 1
41 41 linear 0 23 410 3 0.0001 3.3923021217221727 0.030275770111430608 0.0065276302855964922 -3.0023733322562762 -0.017521800702582059 -3.0010678061991571 0.5 3.100754280602676 13.215696790564239 OK 14 13 0.55205000000000004 0.43512299999999998 0.21774299999999999 0.326683 0.19181599999999999 0 0.22536700000000004 0.243307 0.21774299999999999 0.011318 0.011164 0.010573000000000001 0.17602200000000001 0.194136 0.17011200000000001 0.0070429999999999998 0.0071700000000000002 0.0067529999999999995 0.0015350000000000001 0.0016129999999999999 0.0015799999999999998 13.215704648266366 13.215704648266366 13.215704648266366 0.00098148336448838024 0.00098148336448838024 0.00098148336448838024 1 1 1 Converged Converged Converged OK OK OK 136 136 136 136 136 136 8 8 8 0 0 0 0 1 0 0 1
41 41 linear 1 0 411 0 0.001 3.3923021217221727 0.030275770111430608 0.0065276302855964922 0.094648258048915981 -0.0054930868840526274 0.093342731991796685 0.5 0.0063437424117221558 208.93687187115523 OK 15 14 0.83316900000000005 0.82958299999999996 0.28707100000000002 0.53649100000000005 0.53622999999999998 0 0.296678 0.29335299999999997 0.28707100000000002 0.013471 0.013772 0.013251000000000001 0.23935799999999999 0.23530200000000004 0.23163900000000004 0.0064819999999999999 0.006516000000000001 0.0056810000000000012 0.0013939999999999998 0.0014339999999999999 0.0013090000000000001 208.93664462321223 208.93664462321223 208.93664462321223 0.10852244817582132 0.10852244817582132 0.10852244817582132 1 1 1 Converged Converged Converged OK OK OK 118 118 118 118 118 118 10 10 10 0 0 0 0 0 1 0 0
41 41 linear 1 7 411 1 0.001 3.3923021217221727 0.030275770111430608 0.0065276302855964922 0.094648258048915981 -0.0054930868840526274 0.094137400026564955 0.5 0.0055490743769538858 202.35245171276279 OK 15 14 0.861313 0.85342799999999996 0.27706399999999998 0.57437700000000003 0.44424799999999998 0 0.28693599999999997 0.40917999999999999 0.27706399999999998 0.013605000000000001 0.012402 0.011485 0.23907600000000001 0.36124500000000032 0.23149699999999993 0.0059510000000000006 0.0064909999999999994 0.0061800000000000006 0.0012389999999999999 0.001387 0.001237 202.35298192898009 202.35298192898009 202.35298192898009 0.17039175974280396 0.17039175974280396 0.17039175974280396 1 1 1 Converged Converged Converged OK OK OK 126 126 126 126 126 126 10 10 10 0 0 0 0 1 0 0 1
41 41 linear 1 15 411 2 0.001 3.3923021217221727 0.030275770111430608 0.0065276302855964922 0.094648258048915981 -0.0054930868840526274 0.095045592066300116 0.5 0.0046408823372187241 191.36871004636657 OK 15 14 0.80791100000000005 0.75185000000000002 0.244787 0.54982799999999998 0.42267900000000003 0 0.25808300000000006 0.32917099999999999 0.244787 0.012515999999999999 0.012444999999999999 0.011469999999999999 0.219389 0.29083400000000009 0.20866900000000008 0.0050670000000000003 0.0049249999999999997 0.0046469999999999992 0.001065 0.0010890000000000001 0.0010640000000000001 191.36900894201975 191.36900894201975 191.36900894201975 0.18213009252551665 0.18213009252551665 0.18213009252551665 1 1 1 Converged Converged Converged OK OK OK 110 110 110 110 110 110 10 10 10 0 0 0 0 1 0 0 1
41 41 linear 1 23 411 3 0.001 3.3923021217221727 0.030275770111430608 0.0065276302855964922 0.094648258048915981 -0.0054930868840526274 0.095953784106035278 0.5 0.0037326902974835624 176.54793499142431 OK 15 14 0.82752199999999998 0.80953799999999998 0.27634300000000001 0.53877799999999998 0.40690500000000002 0 0.288744 0.40263299999999996 0.27634300000000001 0.012628 0.012930000000000001 0.011773 0.24455100000000002 0.35924599999999995 0.23604799999999998 0.0066899999999999998 0.0061409999999999989 0.0051429999999999991 0.0015530000000000001 0.0014579999999999999 0.0013169999999999998 176.54740885946845 176.54740885946845 176.54740885946845 0.13354753760616869 0.13354753760616869 0.13354753760616869 1 1 1 Converged Converged Converged OK OK OK 125 125 125 125 125 125 11 11 11 0 0 0 0 1 0 0 1
41 41 linear 1 0 411 0 0.0001 3.3923021217221727 0.030275770111430608 0.0065276302855964922 0.094648258048915981 -0.0054930868840526274 0.093342731991796685 0.5 0.0063437424117221558 208.93687187115523 OK 15 14 0.87124100000000004 0.86387899999999995 0.32929599999999998 0.53561099999999995 0.52849500000000005 0 0.33563000000000009 0.3353839999999999 0.32929599999999998 0.013261999999999999 0.013864 0.013165 0.26861199999999996 0.26721899999999993 0.26241700000000007 0.0069160000000000003 0.0070429999999999989 0.0071220000000000007 0.0016740000000000001 0.0017230000000000001 0.0016749999999999998 208.93778749649508 208.93778749649508 208.93778749649508 0.012175621344185587 0.012175621344185587 0.012175621344185587 1 1 1 Converged Converged Converged OK OK OK 142 142 142 142 142 142 10 10 10 0 0 0 0 0 1 0 0
41 41 linear 1 7 411 1 0.0001 3.3923021217221727 0.030275770111430608 0.0065276302855964922 0.094648258048915981 -0.0054930868840526274 0.094137400026564955 0.5 0.0055490743769538858 202.35245171276279 OK 15 14 0.90569100000000002 0.98520300000000005 0.32588899999999998 0.57133500000000004 0.44142700000000001 0 0.33435599999999999 0.54377600000000004 0.32588899999999998 0.012095 0.013413 0.011389 0.28077999999999986 0.48589500000000008 0.27365799999999996 0.006902000000000001 0.0074519999999999994 0.0073279999999999994 0.001797 0.0029380000000000005 0.001737 202.35309603209674 202.35309603209674 202.35309603209674 0.0078383761061608902 0.0078383761061608902 0.0078383761061608902 1 1 1 Converged Converged Converged OK OK OK 150 150 150 150 150 150 10 10 10 0 0 0 0 1 0 0 1
41 41 linear 1 15 411 2 0.0001 3.3923021217221727 0.030275770111430608 0.0065276302855964922 0.094648258048915981 -0.0054930868840526274 0.095045592066300116 0.5 0.0046408823372187241 191.36871004636657 OK 15 14 0.86678999999999995 0.87850099999999998 0.30654399999999998 0.54917499999999997 0.42825000000000002 0 0.31761499999999998 0.45025099999999996 0.30654399999999998 0.012548 0.013901 0.011575 0.26730900000000007 0.39820599999999989 0.25934299999999982 0.007771000000000001 0.0078790000000000006 0.0068339999999999998 0.0018630000000000001 0.0018090000000000001 0.0017929999999999999 191.36922600665085 191.36922600665085 191.36922600665085 0.010102527810029332 0.010102527810029332 0.010102527810029332 1 1 1 Converged Converged Converged OK OK OK 150 150 150 150 150 150 10 10 10 0 0 0 0 1 0 0 1
41 41 linear 1 23 411 3 0.0001 3.3923021217221727 0.030275770111430608 0.0065276302855964922 0.094648258048915981 -0.0054930868840526274 0.095953784106035278 0.5 0.0037326902974835624 176.54793499142431 OK 15 14 0.86255700000000002 0.865282 0.31442700000000001 0.53833699999999995 0.40059099999999997 0 0.32422000000000006 0.46469100000000002 0.31442700000000001 0.012886999999999999 0.012659 0.011802 0.27460700000000005 0.41508600000000012 0.26794299999999993 0.0073170000000000006 0.007274000000000001 0.0063410000000000003 0.0022150000000000004 0.0022209999999999999 0.001941 176.54845602208752 176.54845602208752 176.54845602208752 0.013050702919121278 0.013050702919121278 0.013050702919121278 1 1 1 Converged Converged Converged OK OK OK 149 149 149 149 149 149 11 11 11 0 0 0 0 1 0 0 1
41 41 linear 2 0 412 0 0.001 3.3923021217221727 0.030275770111430608 0.0065276302855964922 0.081869998790786741 0.0072580707400366363 0.080564472733667444 0.5 0.019122001669851396 69.173831289320887 OK 13 12 0.54547299999999999 0.54926200000000003 0.100161 0.44272800000000001 0.44841500000000001 0 0.10274499999999998 0.10084700000000002 0.100161 0.0097990000000000004 0.0098040000000000002 0.009672 0.074459000000000011 0.072509000000000018 0.072200000000000014 0.0027390000000000001 0.0029059999999999997 0.0026229999999999999 0.00059899999999999992 0.00060300000000000002 0.00064599999999999998 69.173728770128221 69.173728770128221 69.173728770128221 0.05493653262164274 0.05493653262164274 0.05493653262164274 1 1 1 Converged Converged Converged OK OK OK 53 53 53 53 53 53 3 3 3 0 0 0 0 0 1 0 0
41 41 linear 2 7 412 1 0.001 3.3923021217221727 0.030275770111430608 0.0065276302855964922 0.081869998790786741 0.0072580707400366363 0.081359140768435714 0.5 0.018327333635083126 71.563043466333937 OK 13 12 0.61234599999999995 0.53305499999999995 0.093968999999999997 0.51507400000000003 0.38028499999999998 0 0.097271999999999914 0.15276999999999996 0.093968999999999997 0.0091590000000000005 0.0091920000000000005 0.0086320000000000008 0.071583000000000022 0.12695500000000001 0.069333000000000006 0.0027959999999999999 0.0029320000000000001 0.0027290000000000001 0.00059399999999999991 0.00056400000000000005 0.00055999999999999995 71.562927899487264 71.562927899487264 71.562927899487264 0.049372203339067208 0.049372203339067208 0.049372203339067208 1 1 1 Converged Converged Converged OK OK OK 53 53 53 53 53 53 3 3 3 0 0 0 0 1 0 0 1
41 41 linear 2 15 412 2 0.001 3.3923021217221727 0.030275770111430608 0.0065276302855964922 0.081869998790786741 0.0072580707400366363 0.082267332808170876 0.5 0.017419141595347964 74.621086306930579 OK 13 12 0.60830700000000004 0.55567999999999995 0.094664999999999999 0.51303399999999999 0.381606 0 0.095273000000000052 0.17407399999999995 0.094664999999999999 0.0091199999999999996 0.0090969999999999992 0.0097719999999999994 0.069558000000000009 0.14837500000000001 0.068419000000000008 0.0027629999999999998 0.0029169999999999995 0.0027829999999999999 0.00069099999999999999 0.00062800000000000009 0.00067000000000000013 74.620978324581614 74.620978324581614 74.620978324581614 0.046900707911054024 0.046900707911054024 0.046900707911054024 1 1 1 Converged Converged Converged OK OK OK 53 53 53 53 53 53 3 3 3 0 0 0 0 1 0 0 1
41 41 linear 2 23 412 3 0.001 3.3923021217221727 0.030275770111430608 0.0065276302855964922 0.081869998790786741 0.0072580707400366363 0.083175524847906038 0.5 0.016510949555612803 78.202617718754865 OK 13 12 0.55105199999999999 0.48000799999999999 0.097559999999999994 0.44957200000000003 0.31803500000000001 0 0.10147999999999996 0.16197299999999998 0.097559999999999994 0.0090609999999999996 0.0090880000000000006 0.0085889999999999994 0.075825000000000031 0.136013 0.072828000000000004 0.0028059999999999999 0.0030280000000000003 0.0027689999999999998 0.0006069999999999999 0.00063000000000000003 0.00060900000000000006 78.202517252551658 78.202517252551658 78.202517252551658 0.04752653033829831 0.04752653033829831 0.04752653033829831 1 1 1 Converged Converged Converged OK OK OK 53 53 53 53 53 53 3 3 3 0 0 0 0 1 0 0 1
41 41 linear 2 0 412 0 0.0001 3.3923021217221727 0.030275770111430608 0.0065276302855964922 0.081869998790786741 0.0072580707400366363 0.080564472733667444 0.5 0.019122001669851396 69.173831289320887 OK 13 12 0.56523800000000002 0.57306999999999997 0.119424 0.44283899999999998 0.45194499999999999 0 0.12239900000000004 0.12112499999999998 0.119424 0.010071 0.010042000000000001 0.0096349999999999995 0.087725999999999998 0.085874999999999993 0.08555699999999998 0.0036670000000000001 0.0041180000000000001 0.003679 0.00074399999999999998 0.00078100000000000012 0.00071600000000000006 69.173757934735903 69.173757934735903 69.173757934735903 0.0035522106797475652 0.0035522106797475652 0.0035522106797475652 1 1 1 Converged Converged Converged OK OK OK 69 69 69 69 69 69 3 3 3 0 0 0 0 0 1 0 0
41 41 linear 2 7 412 1 0.0001 3.3923021217221727 0.030275770111430608 0.0065276302855964922 0.081869998790786741 0.0072580707400366363 0.081359140768435714 0.5 0.018327333635083126 71.563043466333937 OK 13 12 0.63057600000000003 0.57418199999999997 0.112916 0.51381600000000005 0.38215399999999999 0 0.11675999999999997 0.19202799999999998 0.112916 0.0090849999999999993 0.0090559999999999998 0.0085369999999999994 0.086036999999999975 0.16151899999999994 0.083309999999999967 0.0038300000000000001 0.0037220000000000005 0.0037809999999999996 0.00072500000000000006 0.000669 0.00069800000000000005 71.562964373943259 71.562964373943259 71.562964373943259 0.0038168987118102509 0.0038168987118102509 0.0038168987118102509 1 1 1 Converged Converged Converged OK OK OK 69 69 69 69 69 69 3 3 3 0 0 0 0 1 0 0 1
41 41 linear 2 15 412 2 0.0001 3.3923021217221727 0.030275770111430608 0.0065276302855964922 0.081869998790786741 0.0072580707400366363 0.082267332808170876 0.5 0.017419141595347964 74.621086306930579 OK 13 12 0.62960199999999999 0.60480400000000001 0.11217100000000001 0.50920399999999999 0.381855 0 0.12039800000000001 0.22294900000000001 0.11217100000000001 0.0091269999999999997 0.0091780000000000004 0.0085319999999999997 0.085487999999999981 0.19162300000000004 0.082502000000000006 0.0036809999999999998 0.0040480000000000004 0.003718 0.00080600000000000008 0.00083699999999999996 0.00073800000000000005 74.621001898275168 74.621001898275168 74.621001898275168 0.0042117132960425028 0.0042117132960425028 0.0042117132960425028 1 1 1 Converged Converged Converged OK OK OK 69 69 69 69 69 69 3 3 3 0 0 0 0 1 0 0 1
41 41 linear 2 23 412 3 0.0001 3.3923021217221727 0.030275770111430608 0.0065276302855964922 0.081869998790786741 0.0072580707400366363 0.083175524847906038 0.5 0.016510949555612803 78.202617718754865 OK 13 12 0.57725099999999996 0.53732100000000005 0.120598 0.45030999999999999 0.31987900000000002 0 0.12694099999999997 0.21744200000000002 0.120598 0.0091649999999999995 0.0091990000000000006 0.0085520000000000006 0.095066000000000053 0.18653199999999998 0.091139999999999985 0.0042269999999999999 0.003699 0.0036050000000000001 0.00078399999999999997 0.00073300000000000004 0.00075600000000000005 78.202527098860799 78.202527098860799 78.202527098860799 0.0047662206271145806 0.0047662206271145806 0.0047662206271145806 1 1 1 Converged Converged Converged OK OK OK 69 69 69 69 69 69 3 3 3 0 0 0 0 1 0 0 1
41 41 linear 3 0 413 0 0.001 3.3923021217221727 0.030275770111430608 0.0065276302855964922 -3.0160963746283063 -0.027659835264739249 -3.0174019006854254 0.5 3.1170883750889442 4.5647932076672886 OK 13 12 0.40985899999999997 0.40604899999999999 0.093795000000000003 0.310004 0.311139 0 0.099854999999999972 0.094909999999999994 0.093795000000000003 0.0089510000000000006 0.0089739999999999993 0.0087010000000000004 0.072258000000000003 0.067277000000000017 0.066552999999999987 0.0027810000000000001 0.002777 0.0028479999999999998 0.00052899999999999996 0.00054600000000000004 0.00054100000000000003 4.5647840913995958 4.5647840913995958 4.5647840913995958 0.0040932494452920066 0.0040932494452920066 0.0040932494452920066 1 1 1 Converged Converged Converged OK OK OK 53 53 53 53 53 53 3 3 3 0 0 0 0 0 1 0 0
41 41 linear 3 7 413 1 0.001 3.3923021217221727 0.030275770111430608 0.0065276302855964922 -3.0160963746283063 -0.027659835264739249 -3.0166072326506574 0.5 3.1162937070541763 4.7355117310974837 OK 13 12 0.38200099999999998 0.28081200000000001 0.084667000000000006 0.29478900000000002 0.17882600000000001 0 0.087211999999999956 0.10198599999999999 0.084667000000000006 0.0081659999999999996 0.0083289999999999996 0.0077739999999999997 0.062557999999999989 0.077086000000000016 0.060954999999999988 0.0027490000000000001 0.002875 0.0026949999999999999 0.00054699999999999996 0.00055699999999999999 0.00053399999999999997 4.7355024211797367 4.7355024211797367 4.7355024211797367 0.004085986428122506 0.004085986428122506 0.004085986428122506 1 1 1 Converged Converged Converged OK OK OK 53 53 53 53 53 53 3 3 3 0 0 0 0 1 0 0 1
41 41 linear 3 15 413 2 0.001 3.3923021217221727 0.030275770111430608 0.0065276302855964922 -3.0160963746283063 -0.027659835264739249 -3.0156990406109223 0.5 3.1153855150144412 4.9815399569590531 OK 13 12 0.40327499999999999 0.284854 0.089863999999999999 0.30737199999999998 0.17602999999999999 0 0.095903000000000016 0.108824 0.089863999999999999 0.011805 0.0083549999999999996 0.007803 0.067637000000000003 0.083912999999999988 0.066088999999999967 0.0026180000000000001 0.0028500000000000001 0.0027299999999999998 0.000553 0.000571 0.00053499999999999999 4.9815304136029983 4.9815304136029983 4.9815304136029983 0.0040781582531885605 0.0040781582531885605 0.0040781582531885605 1 1 1 Converged Converged Converged OK OK OK 53 53 53 53 53 53 3 3 3 0 0 0 0 1 0 0 1
41 41 linear 3 23 413 3 0.001 3.3923021217221727 0.030275770111430608 0.0065276302855964922 -3.0160963746283063 -0.027659835264739249 -3.0147908485711872 0.5 3.114477322974706 5.3200160554998108 OK 13 12 0.41258899999999998 0.292937 0.089421 0.32050899999999999 0.187662 0 0.092079999999999995 0.10527500000000001 0.089421 0.0081580000000000003 0.0082839999999999997 0.0077279999999999996 0.067391000000000006 0.08040700000000002 0.065772000000000011 0.0027269999999999998 0.0029449999999999997 0.0026910000000000002 0.00055699999999999999 0.00054299999999999997 0.00052899999999999996 5.3200045006497243 5.3200045006497243 5.3200045006497243 0.0040710941151467714 0.0040710941151467714 0.0040710941151467714 1 1 1 Converged Converged Converged OK OK OK 53 53 53 53 53 53 3 3 3 0 0 0 0 1 0 0 1
41 41 linear 3 0 413 0 0.0001 3.3923021217221727 0.030275770111430608 0.0065276302855964922 -3.0160963746283063 -0.027659835264739249 -3.0174019006854254 0.5 3.1170883750889442 4.5647932076672886 OK 13 12 0.44938 0.44110199999999999 0.13055600000000001 0.31106 0.30980799999999997 0 0.13832 0.13129400000000002 0.13055600000000001 0.0090130000000000002 0.0088880000000000001 0.0087229999999999999 0.10138699999999995 0.094783999999999993 0.094330000000000011 0.0040920000000000002 0.0039620000000000002 0.004058 0.00081100000000000009 0.00080300000000000011 0.00077999999999999999 4.5647901182774167 4.5647901182774167 4.5647901182774167 1.2115031256731265e-05 1.2115031256731265e-05 1.2115031256731265e-05 1 1 1 Converged Converged Converged OK OK OK 77 77 77 77 77 77 3 3 3 0 0 0 0 0 1 0 0
41 41 linear 3 7 413 1 0.0001 3.3923021217221727 0.030275770111430608 0.0065276302855964922 -3.0160963746283063 -0.027659835264739249 -3.0166072326506574 0.5 3.1162937070541763 4.7355117310974837 OK 13 12 0.41619699999999998 0.33043299999999998 0.11849800000000001 0.29446099999999997 0.18124199999999999 0 0.12173600000000001 0.14919099999999999 0.11849800000000001 0.008267 0.0083789999999999993 0.0076340000000000002 0.089627000000000012 0.11693000000000001 0.087591999999999975 0.0040179999999999999 0.0041710000000000002 0.003947 0.00080099999999999995 0.00078800000000000007 0.00076300000000000001 4.7355084533133835 4.7355084533133835 4.7355084533133835 1.2124178579473669e-05 1.2124178579473669e-05 1.2124178579473669e-05 1 1 1 Converged Converged Converged OK OK OK 77 77 77 77 77 77 3 3 3 0 0 0 0 1 0 0 1
41 41 linear 3 15 413 2 0.0001 3.3923021217221727 0.030275770111430608 0.0065276302855964922 -3.0160963746283063 -0.027659835264739249 -3.0156990406109223 0.5 3.1153855150144412 4.9815399569590531 OK 13 12 0.43650899999999998 0.33216600000000002 0.124449 0.30823499999999998 0.17824100000000001 0 0.128274 0.15392500000000001 0.124449 0.0081740000000000007 0.008319 0.0077210000000000004 0.096184000000000006 0.12137799999999999 0.093472 0.0041009999999999996 0.0042570000000000004 0.0040299999999999997 0.00079300000000000009 0.00079699999999999997 0.00076500000000000005 4.9815364517496565 4.9815364517496565 4.9815364517496565 1.2212714994146581e-05 1.2212714994146581e-05 1.2212714994146581e-05 1 1 1 Converged Converged Converged OK OK OK 77 77 77 77 77 77 3 3 3 0 0 0 0 1 0 0 1
41 41 linear 3 23 413 3 0.0001 3.3923021217221727 0.030275770111430608 0.0065276302855964922 -3.0160963746283063 -0.027659835264739249 -3.0147908485711872 0.5 3.114477322974706 5.3200160554998108 OK 13 12 0.44766600000000001 0.34462700000000002 0.125246 0.31446200000000002 0.19028100000000001 0 0.13320399999999999 0.15434600000000001 0.125246 0.0083529999999999993 0.0083879999999999996 0.0077759999999999999 0.09648000000000001 0.12215999999999999 0.094037000000000023 0.0039919999999999999 0.0041970000000000002 0.0041710000000000002 0.00080699999999999999 0.00080500000000000005 0.00076800000000000002 5.3200105448162152 5.3200105448162152 5.3200105448162152 1.2634973466674181e-05 1.2634973466674181e-05 1.2634973466674181e-05 1 1 1 Converged Converged Converged OK OK OK 77 77 77 77 77 77 3 3 3 0 0 0 0 1 0 0 1
41 41 linear 4 0 414 0 0.001 3.3923021217221727 0.030275770111430608 0.0065276302855964922 -3.0336595757022375 -0.011590806265465738 -3.0349651017593566 0.5 3.1346515761628755 4.5904407151157214 OK 13 12 0.39700000000000002 0.393289 0.087318999999999994 0.30769999999999997 0.30530200000000002 0 0.089300000000000046 0.087986999999999982 0.087318999999999994 0.0088509999999999995 0.0089300000000000004 0.0087189999999999993 0.061929000000000005 0.060569000000000012 0.060149999999999988 0.0026620000000000003 0.0027339999999999999 0.0026940000000000002 0.000544 0.00054699999999999996 0.00053300000000000005 4.5904320409715655 4.5904320409715655 4.5904320409715655 0.002865200716686645 0.002865200716686645 0.002865200716686645 1 1 1 Converged Converged Converged OK OK OK 53 53 53 53 53 53 3 3 3 0 0 0 0 0 1 0 0
41 41 linear 4 7 414 1 0.001 3.3923021217221727 0.030275770111430608 0.0065276302855964922 -3.0336595757022375 -0.011590806265465738 -3.0341704337245887 0.5 3.1338569081281076 4.573380152774285 OK 13 12 0.39467099999999999 0.27394299999999999 0.085058999999999996 0.30704900000000002 0.17454600000000001 0 0.087621999999999978 0.099396999999999985 0.085058999999999996 0.0081569999999999993 0.0083850000000000001 0.0076889999999999997 0.063048000000000007 0.074831000000000009 0.061460000000000001 0.0026849999999999999 0.0027399999999999998 0.0025869999999999999 0.00054000000000000001 0.00055099999999999995 0.000531 4.5733715419572851 4.5733715419572851 4.5733715419572851 0.0028964596986644402 0.0028964596986644402 0.0028964596986644402 1 1 1 Converged Converged Converged OK OK OK 53 53 53 53 53 53 3 3 3 0 0 0 0 1 0 0 1
41 41 linear 4 15 414 2 0.001 3.3923021217221727 0.030275770111430608 0.0065276302855964922 -3.0336595757022375 -0.011590806265465738 -3.0332622416848536 0.5 3.1329487160883724 4.5538445709425082 OK 13 12 0.39712399999999998 0.27528999999999998 0.083904999999999993 0.31009100000000001 0.18046000000000001 0 0.087032999999999971 0.09482999999999997 0.083904999999999993 0.008267 0.0083409999999999995 0.0076439999999999998 0.062285000000000007 0.070236000000000007 0.060451999999999992 0.002709 0.0027179999999999999 0.0026680000000000002 0.00054100000000000003 0.00054199999999999995 0.00052999999999999998 4.5538358918418922 4.5538358918418922 4.5538358918418922 0.0029329890491018463 0.0029329890491018463 0.0029329890491018463 1 1 1 Converged Converged Converged OK OK OK 53 53 53 53 53 53 3 3 3 0 0 0 0 1 0 0 1
41 41 linear 4 23 414 3 0.001 3.3923021217221727 0.030275770111430608 0.0065276302855964922 -3.0336595757022375 -0.011590806265465738 -3.0323540496451185 0.5 3.1320405240486373 4.5347441857020252 OK 13 12 0.39388899999999999 0.27504000000000001 0.086446999999999996 0.30460100000000001 0.17438300000000001 0 0.089287999999999978 0.100657 0.086446999999999996 0.0082749999999999994 0.008319 0.007633 0.064705000000000013 0.075844000000000009 0.063010999999999984 0.0026940000000000002 0.0028739999999999998 0.0027300000000000002 0.000544 0.00054199999999999995 0.00053200000000000003 4.5347355132847254 4.5347355132847254 4.5347355132847254 0.0029703907582248989 0.0029703907582248989 0.0029703907582248989 1 1 1 Converged Converged Converged OK OK OK 53 53 53 53 53 53 3 3 3 0 0 0 0 1 0 0 1
41 41 linear 4 0 414 0 0.0001 3.3923021217221727 0.030275770111430608 0.0065276302855964922 -3.0336595757022375 -0.011590806265465738 -3.0349651017593566 0.5 3.1346515761628755 4.5904407151157214 OK 13 12 0.43406699999999998 0.427985 0.121389 0.309979 0.30560799999999999 0 0.12408799999999998 0.12237700000000001 0.121389 0.0090189999999999992 0.0089800000000000001 0.0086309999999999998 0.087253999999999998 0.085678000000000004 0.085486000000000006 0.0040279999999999995 0.0040020000000000003 0.0039380000000000005 0.00080699999999999999 0.00081700000000000013 0.00079699999999999997 4.590437956200784 4.590437956200784 4.590437956200784 1.1929956373834023e-05 1.1929956373834023e-05 1.1929956373834023e-05 1 1 1 Converged Converged Converged OK OK OK 77 77 77 77 77 77 3 3 3 0 0 0 0 0 1 0 0
41 41 linear 4 7 414 1 0.0001 3.3923021217221727 0.030275770111430608 0.0065276302855964922 -3.0336595757022375 -0.011590806265465738 -3.0341704337245887 0.5 3.1338569081281076 4.573380152774285 OK 13 12 0.426956 0.32392900000000002 0.11731 0.30538599999999999 0.18098800000000001 0 0.12157000000000001 0.14294100000000001 0.11731 0.0081930000000000006 0.0083389999999999992 0.0077390000000000002 0.089294000000000026 0.11057200000000002 0.086525999999999992 0.0041080000000000005 0.0041389999999999995 0.0039310000000000005 0.00080599999999999997 0.00084199999999999998 0.0007719999999999999 4.5733774622090237 4.5733774622090237 4.5733774622090237 1.1930889713447071e-05 1.1930889713447071e-05 1.1930889713447071e-05 1 1 1 Converged Converged Converged OK OK OK 77 77 77 77 77 77 3 3 3 0 0 0 0 1 0 0 1
41 41 linear 4 15 414 2 0.0001 3.3923021217221727 0.030275770111430608 0.0065276302855964922 -3.0336595757022375 -0.011590806265465738 -3.0332622416848536 0.5 3.1329487160883724 4.5538445709425082 OK 13 12 0.428759 0.32250600000000001 0.116552 0.30840400000000001 0.17691200000000001 0 0.12035499999999999 0.145594 0.116552 0.0083459999999999993 0.0082850000000000007 0.007711 0.088223999999999983 0.11358399999999996 0.085518999999999984 0.0040400000000000002 0.0040969999999999999 0.0040550000000000004 0.00079799999999999999 0.00081599999999999999 0.00078200000000000003 4.5538418178376983 4.5538418178376983 4.5538418178376983 1.1934374582506541e-05 1.1934374582506541e-05 1.1934374582506541e-05 1 1 1 Converged Converged Converged OK OK OK 77 77 77 77 77 77 3 3 3 0 0 0 0 1 0 0 1
41 41 linear 4 23 414 3 0.0001 3.3923021217221727 0.030275770111430608 0.0065276302855964922 -3.0336595757022375 -0.011590806265465738 -3.0323540496451185 0.5 3.1320405240486373 4.5347441857020252 OK 13 12 0.42861399999999999 0.31956499999999999 0.11874 0.30624600000000002 0.17580299999999999 0 0.12236799999999998 0.143762 0.11874 0.0082509999999999997 0.0081550000000000008 0.0076940000000000003 0.09029999999999995 0.11154900000000001 0.087990999999999972 0.0040799999999999994 0.0043029999999999995 0.0040169999999999997 0.00080200000000000009 0.00079700000000000007 0.00076900000000000015 4.5347414450298036 4.5347414450298036 4.5347414450298036 1.1939970294268264e-05 1.1939970294268264e-05 1.1939970294268264e-05 1 1 1 Converged Converged Converged OK OK OK 77 77 77 77 77 77 3 3 3 0 0 0 0 1 0 0 1
41 41 uniform 0 0 415 0 0.001 3.3923021217221727 0.030275770111430608 0.0065276302855964922 -3.0023733322562762 -0.017521800702582059 -3.0036788583133953 0 3.1033653327169142 17.397858649058591 OK 14 13 0.47592000000000001 0.47800700000000002 0.12115099999999999 0.35333500000000001 0.35132999999999998 0 0.122585 0.12667700000000004 0.12115099999999999 0.012208 0.012354 0.011551000000000001 0.083146999999999999 0.083635000000000001 0.082761000000000001 0.0032890000000000003 0.0068099999999999992 0.00329 0.00077800000000000005 0.00082399999999999997 0.00073799999999999994 17.397860266695439 17.397860266695439 17.397860266695439 0.006584071972022318 0.006584071972022318 0.006584071972022318 1 1 1 Converged Converged Converged OK OK OK 80 80 80 80 80 80 8 8 8 0 0 0 0 0 1 0 0
41 41 uniform 0 7 415 1 0.001 3.3923021217221727 0.030275770111430608 0.0065276302855964922 -3.0023733322562762 -0.017521800702582059 -3.0028841902786274 0 3.1025706646821463 15.72576418097033 OK 14 13 0.45662900000000001 0.34254600000000002 0.12506800000000001 0.32994200000000001 0.20778199999999999 0 0.12668699999999999 0.13476400000000002 0.12506800000000001 0.011335 0.011270000000000001 0.010552000000000001 0.091418999999999973 0.099463999999999955 0.090943000000000024 0.0037439999999999999 0.0038549999999999999 0.0037450000000000001 0.00088599999999999996 0.00096100000000000005 0.00090700000000000004 15.725812947778074 15.725812947778074 15.725812947778074 0.0064061948300222927 0.0064061948300222927 0.0064061948300222927 1 1 1 Converged Converged Converged OK OK OK 88 88 88 88 88 88 8 8 8 0 0 0 0 1 0 0 1
41 41 uniform 0 15 415 2 0.001 3.3923021217221727 0.030275770111430608 0.0065276302855964922 -3.0023733322562762 -0.017521800702582059 -3.0019759982388923 0 3.1016624726424111 14.332739627487104 OK 14 13 0.44820500000000002 0.31615799999999999 0.112584 0.33366699999999999 0.191051 0 0.11453800000000003 0.125107 0.112584 0.011192000000000001 0.011446 0.010484 0.082190000000000013 0.092771999999999952 0.081851000000000007 0.0034100000000000003 0.0033790000000000005 0.0032720000000000006 0.00076000000000000004 0.00083799999999999999 0.00072100000000000007 14.332818183170358 14.332818183170358 14.332818183170358 0.0099673088465731842 0.0099673088465731842 0.0099673088465731842 1 1 1 Converged Converged Converged OK OK OK 80 80 80 80 80 80 8 8 8 0 0 0 0 1 0 0 1
41 41 uniform 0 23 415 3 0.001 3.3923021217221727 0.030275770111430608 0.0065276302855964922 -3.0023733322562762 -0.017521800702582059 -3.0010678061991571 0 3.100754280602676 13.14695537718432 OK 14 13 0.44480799999999998 0.31995400000000002 0.118214 0.325046 0.191192 0 0.11976199999999998 0.12876200000000002 0.118214 0.011194000000000001 0.011353 0.010472 0.087784999999999988 0.096251000000000059 0.087447000000000052 0.0034240000000000004 0.0035539999999999999 0.0033089999999999999 0.00074299999999999995 0.00090199999999999992 0.00074599999999999992 13.147065410779923 13.147065410779923 13.147065410779923 0.0107746260396659 0.0107746260396659 0.0107746260396659 1 1 1 Converged Converged Converged OK OK OK 80 80 80 80 80 80 8 8 8 0 0 0 0 1 0 0 1
41 41 uniform 0 0 415 0 0.0001 3.3923021217221727 0.030275770111430608 0.0065276302855964922 -3.0023733322562762 -0.017521800702582059 -3.0036788583133953 0 3.1033653327169142 17.397858649058591 OK 14 13 0.54214899999999999 0.54224499999999998 0.18218400000000001 0.358956 0.35839399999999999 0 0.18319299999999999 0.18385099999999999 0.18218400000000001 0.012104 0.012231000000000001 0.011695000000000001 0.12637699999999996 0.12727000000000005 0.12546300000000002 0.0054919999999999995 0.0055139999999999998 0.006038 0.0014710000000000001 0.0014550000000000001 0.0014680000000000001 17.397858989270571 17.397858989270571 17.397858989270571 0.0015686639332985004 0.0015686639332985004 0.0015686639332985004 1 1 1 Converged Converged Converged OK OK OK 120 120 120 120 120 120 8 8 8 0 0 0 0 0 1 0 0
41 41 uniform 0 7 415 1 0.0001 3.3923021217221727 0.030275770111430608 0.0065276302855964922 -3.0023733322562762 -0.017521800702582059 -3.0028841902786274 0 3.1025706646821463 15.72576418097033 OK 14 13 0.50003299999999995 0.39982000000000001 0.16781599999999999 0.32952599999999999 0.208479 0 0.17050699999999996 0.19134100000000001 0.16781599999999999 0.011266 0.011478 0.010491 0.12338199999999999 0.14381700000000003 0.122596 0.0059740000000000001 0.0060019999999999995 0.0056639999999999998 0.0015100000000000001 0.0015550000000000002 0.0014680000000000001 15.725764357827135 15.725764357827135 15.725764357827135 0.0010498846532396595 0.0010498846532396595 0.0010498846532396595 1 1 1 Converged Converged Converged OK OK OK 128 128 128 128 128 128 8 8 8 0 0 0 0 1 0 0 1
41 41 uniform 0 15 415 2 0.0001 3.3923021217221727 0.030275770111430608 0.0065276302855964922 -3.0023733322562762 -0.017521800702582059 -3.0019759982388923 0 3.1016624726424111 14.332739627487104 OK 14 13 0.50427100000000002 0.38577800000000001 0.16515299999999999 0.33642499999999997 0.192221 0 0.16784600000000005 0.19355700000000001 0.16515299999999999 0.011273 0.011362000000000001 0.010522999999999999 0.12277399999999999 0.14825399999999994 0.12183400000000001 0.0057489999999999998 0.0059929999999999992 0.0055089999999999983 0.0015079999999999998 0.0014859999999999999 0.0014399999999999999 14.332739861045676 14.332739861045676 14.332739861045676 0.00094453715095457161 0.00094453715095457161 0.00094453715095457161 1 1 1 Converged Converged Converged OK OK OK 128 128 128 128 128 128 8 8 8 0 0 0 0 1 0 0 1
41 41 uniform 0 23 415 3 0.0001 3.3923021217221727 0.030275770111430608 0.0065276302855964922 -3.0023733322562762 -0.017521800702582059 -3.0010678061991571 0 3.100754280602676 13.14695537718432 OK 14 13 0.51361199999999996 0.40003899999999998 0.18759799999999999 0.327565 0.19225100000000001 0 0.18604699999999996 0.20778799999999997 0.18759799999999999 0.011202 0.011316 0.010435 0.13589099999999998 0.15802000000000002 0.13891399999999995 0.0063460000000000001 0.0063220000000000004 0.0061830000000000001 0.001591 0.001523 0.0014649999999999999 13.146956013837009 13.146956013837009 13.146956013837009 0.00086511436954581382 0.00086511436954581382 0.00086511436954581382 1 1 1 Converged Converged Converged OK OK OK 136 136 136 136 136 136 8 8 8 0 0 0 0 1 0 0 1
41 41 uniform 1 0 416 0 0.001 3.3923021217221727 0.030275770111430608 0.0065276302855964922 0.094648258048915981 -0.0054930868840526274 0.093342731991796685 0 0.0063437424117221558 208.11957575208564 OK 15 14 0.75710500000000003 0.75307100000000005 0.21974099999999999 0.529138 0.52588299999999999 0 0.22796700000000003 0.22718800000000006 0.21974099999999999 0.013967 0.013585 0.013257 0.17147199999999993 0.17196600000000004 0.16554599999999997 0.0053720000000000009 0.0053429999999999997 0.0049410000000000001 0.0013519999999999999 0.00125 0.0012340000000000001 208.11830755100905 208.11830755100905 208.11830755100905 0.12605649350178355 0.12605649350178355 0.12605649350178355 1 1 1 Converged Converged Converged OK OK OK 118 118 118 118 118 118 10 10 10 0 0 0 0 0 1 0 0
41 41 uniform 1 7 416 1 0.001 3.3923021217221727 0.030275770111430608 0.0065276302855964922 0.094648258048915981 -0.0054930868840526274 0.094137400026564955 0 0.0055490743769538858 202.70568943069196 OK 15 14 0.78691900000000004 0.78476900000000005 0.21471599999999999 0.57011000000000001 0.43840099999999999 0 0.21680900000000003 0.34636800000000006 0.21471599999999999 0.012097999999999999 0.012545000000000001 0.011469 0.17193499999999992 0.29981600000000008 0.17077700000000012 0.0052490000000000002 0.0056880000000000003 0.0052189999999999997 0.0012160000000000001 0.0013860000000000001 0.0012100000000000001 202.70588056090034 202.70588056090034 202.70588056090034 0.19088797012081618 0.19088797012081618 0.19088797012081618 1 1 1 Converged Converged Converged OK OK OK 126 126 126 126 126 126 10 10 10 0 0 0 0 1 0 0 1
41 41 uniform 1 15 416 2 0.001 3.3923021217221727 0.030275770111430608 0.0065276302855964922 0.094648258048915981 -0.0054930868840526274 0.095045592066300116 0 0.0046408823372187241 193.67753523555277 OK 15 14 0.74103300000000005 0.69646699999999995 0.18920300000000001 0.54967600000000005 0.423512 0 0.191357 0.27295499999999995 0.18920300000000001 0.012134000000000001 0.012577 0.011367 0.15467299999999992 0.23543399999999995 0.15365700000000007 0.0042770000000000004 0.0044880000000000007 0.0042940000000000001 0.00095700000000000017 0.001054 0.0010480000000000001 193.67750378734411 193.67750378734411 193.67750378734411 0.18412464672647827 0.18412464672647827 0.18412464672647827 1 1 1 Converged Converged Converged OK OK OK 110 110 110 110 110 110 10 10 10 0 0 0 0 1 0 0 1
41 41 uniform 1 23 416 3 0.001 3.3923021217221727 0.030275770111430608 0.0065276302855964922 0.094648258048915981 -0.0054930868840526274 0.095953784106035278 0 0.0037326902974835624 181.22167148385333 OK 15 14 0.74863199999999996 0.74222500000000002 0.20840400000000001 0.53642599999999996 0.402646 0 0.21220600000000001 0.33957900000000002 0.20840400000000001 0.012730999999999999 0.012808999999999999 0.011560000000000001 0.1704640000000002 0.29693799999999992 0.16938599999999998 0.0053320000000000008 0.0056430000000000004 0.0046959999999999997 0.0014030000000000002 0.0013950000000000002 0.0012469999999999998 181.22044992890505 181.22044992890505 181.22044992890505 0.15714065841713956 0.15714065841713956 0.15714065841713956 1 1 1 Converged Converged Converged OK OK OK 125 125 125 125 125 125 11 11 11 0 0 0 0 1 0 0 1
41 41 uniform 1 0 416 0 0.0001 3.3923021217221727 0.030275770111430608 0.0065276302855964922 0.094648258048915981 -0.0054930868840526274 0.093342731991796685 0 0.0063437424117221558 208.11957575208564 OK 15 14 0.78824000000000005 0.78588999999999998 0.25281500000000001 0.53468000000000004 0.53059199999999995 0 0.25356000000000001 0.25529800000000002 0.25281500000000001 0.013616 0.013833 0.013244000000000001 0.18711800000000001 0.18833000000000005 0.18684599999999996 0.0062059999999999997 0.0063730000000000002 0.0066659999999999992 0.0015939999999999999 0.0016950000000000001 0.0016709999999999997 208.11958228080297 208.11958228080297 208.11958228080297 0.0099242616878268911 0.0099242616878268911 0.0099242616878268911 1 1 1 Converged Converged Converged OK OK OK 142 142 142 142 142 142 10 10 10 0 0 0 0 0 1 0 0
41 41 uniform 1 7 416 1 0.0001 3.3923021217221727 0.030275770111430608 0.0065276302855964922 0.094648258048915981 -0.0054930868840526274 0.094137400026564955 0 0.0055490743769538858 202.70568943069196 OK 15 14 0.81968399999999997 0.85704000000000002 0.24793999999999999 0.57069300000000001 0.43990699999999999 0 0.24899099999999996 0.41713300000000003 0.24793999999999999 0.012016000000000001 0.012454 0.011679999999999999 0.19676299999999997 0.36328999999999984 0.19628600000000013 0.0064570000000000009 0.0066939999999999986 0.0066479999999999994 0.0016899999999999999 0.0017099999999999997 0.0017110000000000001 202.70569644023155 202.70569644023155 202.70569644023155 0.0082173454217826392 0.0082173454217826392 0.0082173454217826392 1 1 1 Converged Converged Converged OK OK OK 150 150 150 150 150 150 10 10 10 0 0 0 0 1 0 0 1
41 41 uniform 1 15 416 2 0.0001 3.3923021217221727 0.030275770111430608 0.0065276302855964922 0.094648258048915981 -0.0054930868840526274 0.095045592066300116 0 0.0046408823372187241 193.67753523555277 OK 15 14 0.79275600000000002 0.78171400000000002 0.230849 0.55936200000000003 0.41826400000000002 0 0.23339399999999999 0.36345 0.230849 0.012460000000000001 0.012574999999999999 0.01171 0.18556600000000015 0.31535499999999989 0.184618 0.0068539999999999998 0.0066940000000000003 0.0064740000000000015 0.0017719999999999999 0.0018360000000000002 0.0017240000000000001 193.67754245966944 193.67754245966944 193.67754245966944 0.0050201563812920123 0.0050201563812920123 0.0050201563812920123 1 1 1 Converged Converged Converged OK OK OK 150 150 150 150 150 150 10 10 10 0 0 0 0 1 0 0 1
41 41 uniform 1 23 416 3 0.0001 3.3923021217221727 0.030275770111430608 0.0065276302855964922 0.094648258048915981 -0.0054930868840526274 0.095953784106035278 0 0.0037326902974835624 181.22167148385333 OK 15 14 0.77859800000000001 0.78645699999999996 0.23601 0.53528299999999995 0.401167 0 0.24331500000000006 0.38528999999999997 0.23601 0.012684000000000001 0.012636 0.011683000000000001 0.19538199999999997 0.3361590000000001 0.19080599999999995 0.0062479999999999983 0.0072839999999999997 0.0058339999999999989 0.0020270000000000002 0.0020219999999999999 0.0018009999999999999 181.22167870823822 181.22167870823822 181.22167870823822 0.011490300975610572 0.011490300975610572 0.011490300975610572 1 1 1 Converged Converged Converged OK OK OK 149 149 149 149 149 149 11 11 11 0 0 0 0 1 0 0 1
41 41 uniform 2 0 417 0 0.001 3.3923021217221727 0.030275770111430608 0.0065276302855964922 0.081869998790786741 0.0072580707400366363 0.080564472733667444 0 0.019122001669851396 69.73177295974709 OK 13 12 0.53875300000000004 0.53370499999999998 0.088986999999999997 0.448125 0.443133 0 0.090628000000000042 0.090571999999999986 0.088986999999999997 0.0099699999999999997 0.0099019999999999993 0.0095519999999999997 0.061854000000000034 0.061933999999999996 0.061609999999999998 0.002725 0.0027789999999999998 0.0026570000000000001 0.00062899999999999989 0.00068999999999999997 0.000611 69.731750731537687 69.731750731537687 69.731750731537687 0.047623643649637809 0.047623643649637809 0.047623643649637809 1 1 1 Converged Converged Converged OK OK OK 53 53 53 53 53 53 3 3 3 0 0 0 0 0 1 0 0
41 41 uniform 2 7 417 1 0.001 3.3923021217221727 0.030275770111430608 0.0065276302855964922 0.081869998790786741 0.0072580707400366363 0.081359140768435714 0 0.018327333635083126 72.141000949064264 OK 13 12 0.59832399999999997 0.52299499999999999 0.083072999999999994 0.51330299999999995 0.38019599999999998 0 0.085021000000000013 0.14279900000000001 0.083072999999999994 0.0091610000000000007 0.0092560000000000003 0.0085730000000000008 0.059221000000000024 0.11674900000000001 0.058635000000000007 0.002699 0.0027829999999999999 0.0025349999999999999 0.00057700000000000004 0.00056799999999999993 0.00054000000000000001 72.140938163416848 72.140938163416848 72.140938163416848 0.031423327267131866 0.031423327267131866 0.031423327267131866 1 1 1 Converged Converged Converged OK OK OK 53 53 53 53 53 53 3 3 3 0 0 0 0 1 0 0 1
41 41 uniform 2 15 417 2 0.001 3.3923021217221727 0.030275770111430608 0.0065276302855964922 0.081869998790786741 0.0072580707400366363 0.082267332808170876 0 0.017419141595347964 75.221388717719293 OK 13 12 0.59482000000000002 0.541848 0.080614000000000005 0.51214499999999996 0.37754100000000002 0 0.082675000000000054 0.16430699999999998 0.080614000000000005 0.0091540000000000007 0.0090959999999999999 0.0085760000000000003 0.057015000000000003 0.13837699999999997 0.056259000000000003 0.0026949999999999999 0.002774 0.0026029999999999998 0.00059600000000000007 0.00061999999999999989 0.00058900000000000001 75.221324475218807 75.221324475218807 75.221324475218807 0.024280436590851016 0.024280436590851016 0.024280436590851016 1 1 1 Converged Converged Converged OK OK OK 53 53 53 53 53 53 3 3 3 0 0 0 0 1 0 0 1
41 41 uniform 2 23 417 3 0.001 3.3923021217221727 0.030275770111430608 0.0065276302855964922 0.081869998790786741 0.0072580707400366363 0.083175524847906038 0 0.016510949555612803 78.840482441680663 OK 13 12 0.54171599999999998 0.47065000000000001 0.086493 0.450544 0.31501899999999999 0 0.091171999999999975 0.15563100000000002 0.086493 0.012263 0.014477 0.0085140000000000007 0.062401000000000026 0.12489899999999998 0.062215000000000006 0.0026879999999999999 0.0026850000000000003 0.0026420000000000003 0.00056400000000000005 0.00058900000000000001 0.000553 78.840430444373354 78.840430444373354 78.840430444373354 0.019431925260286528 0.019431925260286528 0.019431925260286528 1 1 1 Converged Converged Converged OK OK OK 53 53 53 53 53 53 3 3 3 0 0 0 0 1 0 0 1
41 41 uniform 2 0 417 0 0.0001 3.3923021217221727 0.030275770111430608 0.0065276302855964922 0.081869998790786741 0.0072580707400366363 0.080564472733667444 0 0.019122001669851396 69.73177295974709 OK 13 12 0.55313999999999997 0.55477600000000005 0.108389 0.44439299999999998 0.44664399999999999 0 0.10874699999999998 0.10813200000000006 0.108389 0.010026 0.01021 0.0095589999999999998 0.073000000000000037 0.072732999999999992 0.074809 0.0039480000000000001 0.004045 0.0036389999999999999 0.00075199999999999996 0.00078600000000000002 0.00072799999999999991 69.731750998130636 69.731750998130636 69.731750998130636 0.0067553168639949328 0.0067553168639949328 0.0067553168639949328 1 1 1 Converged Converged Converged OK OK OK 69 69 69 69 69 69 3 3 3 0 0 0 0 0 1 0 0
41 41 uniform 2 7 417 1 0.0001 3.3923021217221727 0.030275770111430608 0.0065276302855964922 0.081869998790786741 0.0072580707400366363 0.081359140768435714 0 0.018327333635083126 72.141000949064264 OK 13 12 0.652694 0.64598 0.134186 0.51733499999999999 0.38480900000000001 0 0.13535900000000001 0.26117099999999999 0.134186 0.0089650000000000007 0.0091380000000000003 0.0085950000000000002 0.093547999999999978 0.21890299999999996 0.093332999999999972 0.0059769999999999997 0.0060480000000000004 0.0059369999999999996 0.00076800000000000002 0.00079899999999999991 0.00079600000000000005 72.140999778206464 72.140999778206464 72.140999778206464 0.00017715217901042343 0.00017715217901042343 0.00017715217901042343 1 1 1 Converged Converged Converged OK OK OK 101 101 101 101 101 101 3 3 3 0 0 0 0 1 0 0 1
41 41 uniform 2 15 417 2 0.0001 3.3923021217221727 0.030275770111430608 0.0065276302855964922 0.081869998790786741 0.0072580707400366363 0.082267332808170876 0 0.017419141595347964 75.221388717719293 OK 13 12 0.64536400000000005 0.66624399999999995 0.132606 0.51100100000000004 0.38147199999999998 0 0.13436300000000001 0.28477199999999997 0.132606 0.0092440000000000005 0.0091690000000000001 0.0085369999999999994 0.093612999999999974 0.24359699999999995 0.093193999999999971 0.0060130000000000001 0.0060140000000000002 0.0059189999999999998 0.0008160000000000001 0.00082399999999999997 0.00081599999999999999 75.22138821413705 75.22138821413705 75.22138821413705 0.00017031498605612957 0.00017031498605612957 0.00017031498605612957 1 1 1 Converged Converged Converged OK OK OK 101 101 101 101 101 101 3 3 3 0 0 0 0 1 0 0 1
41 41 uniform 2 23 417 3 0.0001 3.3923021217221727 0.030275770111430608 0.0065276302855964922 0.081869998790786741 0.0072580707400366363 0.083175524847906038 0 0.016510949555612803 78.840482441680663 OK 13 12 0.594746 0.60178500000000001 0.13791 0.45418500000000001 0.31869900000000001 0 0.14056099999999999 0.283086 0.13791 0.0090779999999999993 0.0091389999999999996 0.008626 0.09938799999999999 0.2419390000000001 0.098319000000000017 0.0063660000000000001 0.0060169999999999998 0.005914 0.00078599999999999991 0.00076300000000000011 0.00076099999999999996 78.840481605417295 78.840481605417295 78.840481605417295 0.00014109962989403136 0.00014109962989403136 0.00014109962989403136 1 1 1 Converged Converged Converged OK OK OK 101 101 101 101 101 101 3 3 3 0 0 0 0 1 0 0 1
41 41 uniform 3 0 418 0 0.001 3.3923021217221727 0.030275770111430608 0.0065276302855964922 -3.0160963746283063 -0.027659835264739249 -3.0174019006854254 0 3.1170883750889442 4.5792932124765588 OK 13 12 0.367815 0.371556 0.059214999999999997 0.30758999999999997 0.31160399999999999 0 0.060225000000000029 0.059952000000000005 0.059214999999999997 0.0088070000000000006 0.0089510000000000006 0.008633 0.038086000000000016 0.038158999999999998 0.038061000000000011 0.001818 0.001841 0.0017709999999999998 0.00043599999999999997 0.00042600000000000005 0.00041999999999999996 4.5792916458673387 4.5792916458673387 4.5792916458673387 0.0027748735156790908 0.0027748735156790908 0.0027748735156790908 1 1 1 Converged Converged Converged OK OK OK 37 37 37 37 37 37 3 3 3 0 0 0 0 0 1 0 0
41 41 uniform 3 7 418 1 0.001 3.3923021217221727 0.030275770111430608 0.0065276302855964922 -3.0160963746283063 -0.027659835264739249 -3.0166072326506574 0 3.1162937070541763 4.7546358132925448 OK 13 12 0.34801900000000002 0.24182500000000001 0.052061999999999997 0.29440899999999998 0.17860300000000001 0 0.053610000000000047 0.063222 0.052061999999999997 0.0082299999999999995 0.0082579999999999997 0.0076639999999999998 0.033731999999999991 0.043664999999999995 0.033488999999999991 0.001817 0.0017850000000000001 0.001722 0.00041899999999999999 0.00044000000000000002 0.00040700000000000003 4.7546341152349569 4.7546341152349569 4.7546341152349569 0.0029004993022546657 0.0029004993022546657 0.0029004993022546657 1 1 1 Converged Converged Converged OK OK OK 37 37 37 37 37 37 3 3 3 0 0 0 0 1 0 0 1
41 41 uniform 3 15 418 2 0.001 3.3923021217221727 0.030275770111430608 0.0065276302855964922 -3.0160963746283063 -0.027659835264739249 -3.0156990406109223 0 3.1153855150144412 5.0095152053049157 OK 13 12 0.36503000000000002 0.23947499999999999 0.056207 0.30658099999999999 0.176653 0 0.058449000000000029 0.062821999999999989 0.056207 0.0083490000000000005 0.0082539999999999992 0.0076160000000000004 0.038411000000000008 0.043397000000000012 0.037635000000000002 0.0018710000000000001 0.001769 0.001717 0.000417 0.000437 0.00040899999999999997 5.0095134315621728 5.0095134315621728 5.0095134315621728 0.0030413559595806865 0.0030413559595806865 0.0030413559595806865 1 1 1 Converged Converged Converged OK OK OK 37 37 37 37 37 37 3 3 3 0 0 0 0 1 0 0 1
41 41 uniform 3 23 418 3 0.001 3.3923021217221727 0.030275770111430608 0.0065276302855964922 -3.0160963746283063 -0.027659835264739249 -3.0147908485711872 0 3.114477322974706 5.3659720565904934 OK 13 12 0.37334699999999998 0.25282500000000002 0.056626000000000003 0.31503999999999999 0.18895600000000001 0 0.058306999999999998 0.063869000000000009 0.056626000000000003 0.0082249999999999997 0.0081729999999999997 0.0076270000000000001 0.038675999999999995 0.044400000000000009 0.038036 0.0017539999999999999 0.0017409999999999999 0.0016749999999999998 0.00043799999999999997 0.00042400000000000001 0.00040499999999999998 5.3659704486815434 5.3659704486815434 5.3659704486815434 0.0030634995427294971 0.0030634995427294971 0.0030634995427294971 1 1 1 Converged Converged Converged OK OK OK 37 37 37 37 37 37 3 3 3 0 0 0 0 1 0 0 1
41 41 uniform 3 0 418 0 0.0001 3.3923021217221727 0.030275770111430608 0.0065276302855964922 -3.0160963746283063 -0.027659835264739249 -3.0174019006854254 0 3.1170883750889442 4.5792932124765588 OK 13 12 0.42229100000000003 0.42294100000000001 0.110268 0.31152099999999999 0.31204900000000002 0 0.11077000000000004 0.11089199999999999 0.110268 0.0088109999999999994 0.0089709999999999998 0.0085699999999999995 0.074258000000000018 0.074674999999999991 0.074480000000000005 0.0038459999999999996 0.003869 0.0039300000000000003 0.00077899999999999996 0.00079700000000000007 0.00075799999999999988 4.5792929245056131 4.5792929245056131 4.5792929245056131 2.5626939629545083e-06 2.5626939629545083e-06 2.5626939629545083e-06 1 1 1 Converged Converged Converged OK OK OK 77 77 77 77 77 77 3 3 3 0 0 0 0 0 1 0 0
41 41 uniform 3 7 418 1 0.0001 3.3923021217221727 0.030275770111430608 0.0065276302855964922 -3.0160963746283063 -0.027659835264739249 -3.0166072326506574 0 3.1162937070541763 4.7546358132925448 OK 13 12 0.39665299999999998 0.30795 0.100594 0.29686099999999999 0.18010100000000001 0 0.099791999999999992 0.12784899999999999 0.100594 0.0082609999999999992 0.0082740000000000001 0.0076629999999999997 0.067657000000000009 0.095999000000000001 0.069780000000000036 0.003954 0.0039579999999999997 0.0038600000000000001 0.00082700000000000004 0.00080500000000000005 0.00077600000000000011 4.7546354000171132 4.7546354000171132 4.7546354000171132 2.5842152435869329e-06 2.5842152435869329e-06 2.5842152435869329e-06 1 1 1 Converged Converged Converged OK OK OK 77 77 77 77 77 77 3 3 3 0 0 0 0 1 0 0 1
41 41 uniform 3 15 418 2 0.0001 3.3923021217221727 0.030275770111430608 0.0065276302855964922 -3.0160963746283063 -0.027659835264739249 -3.0156990406109223 0 3.1153855150144412 5.0095152053049157 OK 13 12 0.41343099999999999 0.31024499999999999 0.10394299999999999 0.30488799999999999 0.17727799999999999 0 0.108543 0.132967 0.10394299999999999 0.0081810000000000008 0.008208 0.0076889999999999997 0.076386999999999983 0.10103899999999999 0.073124999999999982 0.0039709999999999997 0.0039240000000000004 0.0038800000000000002 0.00081699999999999991 0.000754 0.00075799999999999999 5.0095146991814321 5.0095146991814321 5.0095146991814321 2.7393036573052251e-06 2.7393036573052251e-06 2.7393036573052251e-06 1 1 1 Converged Converged Converged OK OK OK 77 77 77 77 77 77 3 3 3 0 0 0 0 1 0 0 1
41 41 uniform 3 23 418 3 0.0001 3.3923021217221727 0.030275770111430608 0.0065276302855964922 -3.0160963746283063 -0.027659835264739249 -3.0147908485711872 0 3.114477322974706 5.3659720565904934 OK 13 12 0.40234300000000001 0.30150300000000002 0.084517999999999996 0.31634099999999998 0.19381000000000001 0 0.086002000000000023 0.10769300000000001 0.084517999999999996 0.008319 0.0082209999999999991 0.0076829999999999997 0.05902099999999999 0.080805999999999989 0.058641999999999993 0.0030069999999999997 0.0031250000000000002 0.0029990000000000004 0.00065000000000000008 0.00066699999999999995 0.00064799999999999992 5.3659715128616838 5.3659715128616838 5.3659715128616838 0.00050734730602603948 0.00050734730602603948 0.00050734730602603948 1 1 1 Converged Converged Converged OK OK OK 61 61 61 61 61 61 3 3 3 0 0 0 0 1 0 0 1
41 41 uniform 4 0 419 0 0.001 3.3923021217221727 0.030275770111430608 0.0065276302855964922 -3.0336595757022375 -0.011590806265465738 -3.0349651017593566 0 3.1346515761628755 4.602274287689335 OK 13 12 0.36045700000000003 0.36341200000000001 0.052984000000000003 0.306338 0.30879600000000001 0 0.054119000000000028 0.054615999999999998 0.052984000000000003 0.0087860000000000004 0.009103 0.0085009999999999999 0.032252999999999997 0.032683000000000004 0.031960000000000002 0.001755 0.0017959999999999999 0.0017619999999999999 0.00043300000000000001 0.00043899999999999999 0.00043099999999999996 4.6022730494905408 4.6022730494905408 4.6022730494905408 0.0028257710598061504 0.0028257710598061504 0.0028257710598061504 1 1 1 Converged Converged Converged OK OK OK 37 37 37 37 37 37 3 3 3 0 0 0 0 0 1 0 0
41 41 uniform 4 7 419 1 0.001 3.3923021217221727 0.030275770111430608 0.0065276302855964922 -3.0336595757022375 -0.011590806265465738 -3.0341704337245887 0 3.1338569081281076 4.5847911719281171 OK 13 12 0.36256100000000002 0.23821700000000001 0.052431999999999999 0.30870700000000001 0.17604500000000001 0 0.053854000000000013 0.062172000000000005 0.052431999999999999 0.0081259999999999995 0.0083129999999999992 0.0076579999999999999 0.034195999999999997 0.042461000000000006 0.033622999999999986 0.0018240000000000001 0.0018029999999999999 0.0017600000000000001 0.00043000000000000004 0.00044299999999999998 0.00042299999999999998 4.5847898985503379 4.5847898985503379 4.5847898985503379 0.0028026588820950597 0.0028026588820950597 0.0028026588820950597 1 1 1 Converged Converged Converged OK OK OK 37 37 37 37 37 37 3 3 3 0 0 0 0 1 0 0 1
41 41 uniform 4 15 419 2 0.001 3.3923021217221727 0.030275770111430608 0.0065276302855964922 -3.0336595757022375 -0.011590806265465738 -3.0332622416848536 0 3.1329487160883724 4.564741719991888 OK 13 12 0.36446499999999998 0.23796100000000001 0.050908000000000002 0.31223299999999998 0.17770900000000001 0 0.052232000000000001 0.060252 0.050908000000000002 0.008175 0.008286 0.0077019999999999996 0.03264199999999999 0.040652000000000008 0.032236999999999995 0.001787 0.001779 0.0017230000000000001 0.00045500000000000006 0.00044099999999999999 0.00042500000000000003 4.5647404237161373 4.5647404237161373 4.5647404237161373 0.0027783289521323513 0.0027783289521323513 0.0027783289521323513 1 1 1 Converged Converged Converged OK OK OK 37 37 37 37 37 37 3 3 3 0 0 0 0 1 0 0 1
41 41 uniform 4 23 419 3 0.001 3.3923021217221727 0.030275770111430608 0.0065276302855964922 -3.0336595757022375 -0.011590806265465738 -3.0323540496451185 0 3.1320405240486373 4.5451095895017701 OK 13 12 0.35471000000000003 0.23661399999999999 0.052975000000000001 0.30037999999999998 0.174175 0 0.054330000000000045 0.062438999999999995 0.052975000000000001 0.0082199999999999999 0.0083079999999999994 0.007639 0.034819000000000003 0.042946000000000005 0.034406999999999993 0.001774 0.001748 0.001748 0.00043099999999999996 0.000437 0.00042500000000000003 4.5451082692713269 4.5451082692713269 4.5451082692713269 0.002756281070356803 0.002756281070356803 0.002756281070356803 1 1 1 Converged Converged Converged OK OK OK 37 37 37 37 37 37 3 3 3 0 0 0 0 1 0 0 1
41 41 uniform 4 0 419 0 0.0001 3.3923021217221727 0.030275770111430608 0.0065276302855964922 -3.0336595757022375 -0.011590806265465738 -3.0349651017593566 0 3.1346515761628755 4.602274287689335 OK 13 12 0.388349 0.39360899999999999 0.085623000000000005 0.304975 0.30949199999999999 0 0.083374000000000004 0.084116999999999997 0.085623000000000005 0.0087200000000000003 0.0088990000000000007 0.0089280000000000002 0.053007000000000019 0.053389999999999986 0.054938000000000008 0.0030530000000000002 0.0031909999999999998 0.0030239999999999998 0.00068199999999999999 0.00071300000000000009 0.00066399999999999999 4.6022743082718662 4.6022743082718662 4.6022743082718662 0.00032608878857846044 0.00032608878857846044 0.00032608878857846044 1 1 1 Converged Converged Converged OK OK OK 61 61 61 61 61 61 3 3 3 0 0 0 0 0 1 0 0
41 41 uniform 4 7 419 1 0.0001 3.3923021217221727 0.030275770111430608 0.0065276302855964922 -3.0336595757022375 -0.011590806265465738 -3.0341704337245887 0 3.1338569081281076 4.5847911719281171 OK 13 12 0.38672000000000001 0.27864699999999998 0.080107999999999999 0.30539300000000003 0.17585999999999999 0 0.081326999999999983 0.10278699999999999 0.080107999999999999 0.0081659999999999996 0.0082489999999999994 0.0077270000000000004 0.054218999999999982 0.075330999999999995 0.053861000000000006 0.0030700000000000002 0.0031519999999999999 0.0030839999999999999 0.000669 0.00066900000000000011 0.00065300000000000004 4.5847911560850196 4.5847911560850196 4.5847911560850196 0.00033649399621510644 0.00033649399621510644 0.00033649399621510644 1 1 1 Converged Converged Converged OK OK OK 61 61 61 61 61 61 3 3 3 0 0 0 0 1 0 0 1
41 41 uniform 4 15 419 2 0.0001 3.3923021217221727 0.030275770111430608 0.0065276302855964922 -3.0336595757022375 -0.011590806265465738 -3.0332622416848536 0 3.1329487160883724 4.564741719991888 OK 13 12 0.39158399999999999 0.27694200000000002 0.078861000000000001 0.31136000000000003 0.179065 0 0.080223999999999962 0.09787700000000002 0.078861000000000001 0.0082120000000000005 0.0082319999999999997 0.0076889999999999997 0.053443000000000011 0.070652000000000006 0.052898999999999995 0.0030610000000000004 0.0030919999999999997 0.00298 0.00065400000000000007 0.00068399999999999993 0.00067700000000000008 4.5647416801703979 4.5647416801703979 4.5647416801703979 0.00034904421312714426 0.00034904421312714426 0.00034904421312714426 1 1 1 Converged Converged Converged OK OK OK 61 61 61 61 61 61 3 3 3 0 0 0 0 1 0 0 1
41 41 uniform 4 23 419 3 0.0001 3.3923021217221727 0.030275770111430608 0.0065276302855964922 -3.0336595757022375 -0.011590806265465738 -3.0323540496451185 0 3.1320405240486373 4.5451095895017701 OK 13 12 0.38472499999999998 0.28238200000000002 0.081326999999999997 0.30188300000000001 0.17552599999999999 0 0.082841999999999971 0.10685600000000003 0.081326999999999997 0.0082199999999999999 0.0083800000000000003 0.0076509999999999998 0.05591200000000001 0.075961999999999988 0.055586000000000003 0.0030029999999999996 0.0065509999999999995 0.003006 0.00064800000000000003 0.00072300000000000001 0.00064300000000000002 4.5451095250052651 4.5451095250052651 4.5451095250052651 0.00036235172426128475 0.00036235172426128475 0.00036235172426128475 1 1 1 Converged Converged Converged OK OK OK 61 61 61 61 61 61 3 3 3 0 0 0 0 1 0 0 1
42 42 linear 0 0 420 0 0.001 2.5520742793696209 0.004030816276070142 0.00035178860395273235 0.0095066174835690877 8.8395075372620549e-05 0.0094362597627785406 0.5 0.00080938447070933936 2337.1980334925825 OK 15 14 1.0117769999999999 1.009172 0.400754 0.60378200000000004 0.60344699999999996 0 0.40799499999999989 0.405725 0.400754 0.014007 0.014156999999999999 0.013846000000000001 0.33882400000000001 0.33469900000000025 0.33075400000000005 0.007660000000000001 0.0085519999999999988 0.0081370000000000001 0.0013949999999999998 0.0015069999999999999 0.0014009999999999999 2337.2264957180282 2337.2264957180282 2337.2264957180282 1.8589098833905762 1.8589098833905762 1.8589098833905762 1 1 1 Converged Converged Converged OK OK OK 143 143 143 143 143 143 9 9 9 0 0 0 0 0 1 0 0
42 42 linear 0 7 420 1 0.001 2.5520742793696209 0.004030816276070142 0.00035178860395273235 0.0095066174835690877 8.8395075372620549e-05 0.0094790862015206138 0.5 0.00076655803196726616 2201.5054420009578 OK 15 14 0.86767300000000003 0.900617 0.38380999999999998 0.47955999999999999 0.34716200000000003 0 0.38811300000000004 0.55345500000000003 0.38380999999999998 0.013231 0.014671999999999999 0.012485 0.33269300000000013 0.49441999999999992 0.32935199999999992 0.007724 0.0082360000000000003 0.0077349999999999997 0.001333 0.001384 0.0013760000000000001 2201.5201621333485 2201.5201621333485 2201.5201621333485 2.1433674391695359 2.1433674391695359 2.1433674391695359 1 1 1 Converged Converged Converged OK OK OK 143 143 143 143 143 143 9 9 9 0 0 0 0 1 0 0 1
42 42 linear 0 15 420 2 0.001 2.5520742793696209 0.004030816276070142 0.00035178860395273235 0.0095066174835690877 8.8395075372620549e-05 0.0095280307029401243 0.5 0.00071761353054775566 2044.4440059439376 OK 15 14 0.96480699999999997 0.98070800000000002 0.39301000000000003 0.55682100000000001 0.41283700000000001 0 0.40798599999999996 0.56787100000000001 0.39301000000000003 0.012988 0.012969 0.012092 0.34437200000000001 0.50603700000000018 0.33474799999999988 0.009980000000000001 0.0087510000000000001 0.0081530000000000005 0.0017279999999999999 0.0016180000000000001 0.0016169999999999997 2044.4548165834547 2044.4548165834547 2044.4548165834547 1.1556504920779049 1.1556504920779049 1.1556504920779049 1 1 1 Converged Converged Converged OK OK OK 151 151 151 151 151 151 9 9 9 0 0 0 0 1 0 0 1
42 42 linear 0 23 420 3 0.001 2.5520742793696209 0.004030816276070142 0.00035178860395273235 0.0095066174835690877 8.8395075372620549e-05 0.0095769752043596348 0.5 0.00066866902912824516 1889.347814367603 OK 15 14 0.98995 1.006213 0.39938600000000002 0.57757800000000004 0.43279600000000001 0 0.41237199999999996 0.57341700000000007 0.39938600000000002 0.013383000000000001 0.013224 0.012291 0.35265899999999989 0.51425900000000024 0.34330599999999983 0.0093200000000000002 0.0090900000000000009 0.0079889999999999996 0.0015949999999999998 0.0015200000000000001 0.0014660000000000001 1889.3558121771555 1889.3558121771555 1889.3558121771555 1.1307447398678201 1.1307447398678201 1.1307447398678201 1 1 1 Converged Converged Converged OK OK OK 151 151 151 151 151 151 9 9 9 0 0 0 0 1 0 0 1
42 42 linear 0 0 420 0 0.0001 2.5520742793696209 0.004030816276070142 0.00035178860395273235 0.0095066174835690877 8.8395075372620549e-05 0.0094362597627785406 0.5 0.00080938447070933936 2337.1980334925825 OK 15 14 1.058012 1.0461100000000001 0.43723299999999998 0.61447499999999999 0.60464399999999996 0 0.44353699999999996 0.44146600000000014 0.43723299999999998 0.015344 0.014142 0.013849999999999999 0.36295300000000014 0.35806000000000027 0.35699099999999995 0.0086870000000000003 0.0091759999999999984 0.0093430000000000023 0.0017939999999999998 0.0017559999999999997 0.001853 2337.2244488319934 2337.2244488319934 2337.2244488319934 0.19292299142618638 0.19292299142618638 0.19292299142618638 1 1 1 Converged Converged Converged OK OK OK 159 159 159 159 159 159 9 9 9 0 0 0 0 0 1 0 0
42 42 linear 0 7 420 1 0.0001 2.5520742793696209 0.004030816276070142 0.00035178860395273235 0.0095066174835690877 8.8395075372620549e-05 0.0094790862015206138 0.5 0.00076655803196726616 2201.5054420009578 OK 15 14 0.90705800000000003 0.93086999999999998 0.40865400000000002 0.47737400000000002 0.33603 0 0.42968400000000001 0.59484000000000004 0.40865400000000002 0.013341 0.013233999999999999 0.012482 0.36523800000000012 0.53270599999999979 0.34859099999999998 0.010749 0.0094029999999999982 0.0089240000000000014 0.001908 0.001753 0.001763 2201.5183180417457 2201.5183180417457 2201.5183180417457 0.18727267317039692 0.18727267317039692 0.18727267317039692 1 1 1 Converged Converged Converged OK OK OK 159 159 159 159 159 159 9 9 9 0 0 0 0 1 0 0 1
42 42 linear 0 15 420 2 0.0001 2.5520742793696209 0.004030816276070142 0.00035178860395273235 0.0095066174835690877 8.8395075372620549e-05 0.0095280307029401243 0.5 0.00071761353054775566 2044.4440059439376 OK 15 14 0.97020799999999996 1.0058990000000001 0.41636600000000001 0.55803800000000003 0.411441 0 0.41216999999999993 0.59445800000000015 0.41636600000000001 0.012663000000000001 0.012911000000000001 0.013205 0.35173400000000005 0.53307400000000016 0.35527699999999995 0.0086610000000000003 0.0093790000000000002 0.0089320000000000007 0.0017840000000000002 0.0018069999999999998 0.0017660000000000002 2044.4525155519032 2044.4525155519032 2044.4525155519032 0.17907941166599833 0.17907941166599833 0.17907941166599833 1 1 1 Converged Converged Converged OK OK OK 159 159 159 159 159 159 9 9 9 0 0 0 0 1 0 0 1
42 42 linear 0 23 420 3 0.0001 2.5520742793696209 0.004030816276070142 0.00035178860395273235 0.0095066174835690877 8.8395075372620549e-05 0.0095769752043596348 0.5 0.00066866902912824516 1889.347814367603 OK 15 14 1.0032829999999999 1.032923 0.427701 0.579314 0.43550100000000003 0 0.42396899999999993 0.59742200000000001 0.427701 0.013099 0.013691 0.013585 0.36258599999999996 0.53418399999999966 0.36635399999999985 0.009323999999999999 0.0095600000000000008 0.0089619999999999995 0.0016659999999999999 0.0017390000000000001 0.001678 1889.3535466074356 1889.3535466074356 1889.3535466074356 0.16928812853301309 0.16928812853301309 0.16928812853301309 1 1 1 Converged Converged Converged OK OK OK 159 159 159 159 159 159 9 9 9 0 0 0 0 1 0 0 1
42 42 linear 1 0 421 0 0.001 2.5520742793696209 0.004030816276070142 0.00035178860395273235 0.008794755808705498 -0.0014884300948964564 0.0087243980879149509 0.5 0.0015212461455729291 1180.0317815153396 OK 13 12 0.76576599999999995 0.75781100000000001 0.20657300000000001 0.55166499999999996 0.55143699999999995 0 0.21410099999999999 0.20637400000000006 0.20657300000000001 0.011313999999999999 0.011180000000000001 0.011015 0.17750599999999991 0.17133199999999993 0.17128799999999994 0.00396 0.0035279999999999999 0.0035889999999999997 0.00091399999999999999 0.00085700000000000012 0.00083700000000000007 1180.0351241792223 1180.0351241792223 1180.0351241792223 0.76590577482379374 0.76590577482379374 0.76590577482379374 1 1 1 Converged Converged Converged OK OK OK 82 82 82 82 82 82 6 6 6 0 0 0 0 0 1 0 0
42 42 linear 1 7 421 1 0.001 2.5520742793696209 0.004030816276070142 0.00035178860395273235 0.008794755808705498 -0.0014884300948964564 0.0087672245266570241 0.5 0.0014784197068308559 1273.8923658120257 OK 13 12 0.68365100000000001 0.65942900000000004 0.14727699999999999 0.52719800000000006 0.37745800000000002 0 0.15645299999999995 0.28197100000000003 0.14727699999999999 0.011696 0.010292000000000001 0.0096480000000000003 0.126802 0.2542350000000001 0.12087299999999997 0.0030000000000000005 0.0028609999999999998 0.002911 0.00066900000000000011 0.00068400000000000004 0.00062399999999999999 1273.9059424187326 1273.9059424187326 1273.9059424187326 0.58531970455211069 0.58531970455211069 0.58531970455211069 1 1 1 Converged Converged Converged OK OK OK 66 66 66 66 66 66 6 6 6 0 0 0 0 1 0 0 1
42 42 linear 1 15 421 2 0.001 2.5520742793696209 0.004030816276070142 0.00035178860395273235 0.008794755808705498 -0.0014884300948964564 0.0088161690280765346 0.5 0.0014294752054113454 1349.5119162473979 OK 13 12 0.73661900000000002 0.72360100000000005 0.142291 0.58534900000000001 0.44171199999999999 0 0.15127000000000002 0.28188900000000006 0.142291 0.010423999999999999 0.010364 0.0096469999999999993 0.12302099999999996 0.25367899999999999 0.11580799999999994 0.0031740000000000002 0.003101 0.0028470000000000001 0.00074299999999999995 0.00072600000000000008 0.00068700000000000011 1349.5164199283049 1349.5164199283049 1349.5164199283049 0.514296873772633 0.514296873772633 0.514296873772633 1 1 1 Converged Converged Converged OK OK OK 66 66 66 66 66 66 6 6 6 0 0 0 0 1 0 0 1
42 42 linear 1 23 421 3 0.001 2.5520742793696209 0.004030816276070142 0.00035178860395273235 0.008794755808705498 -0.0014884300948964564 0.0088651135294960451 0.5 0.0013805307039918349 1396.053783221465 OK 13 12 0.71350400000000003 0.71472199999999997 0.14649100000000001 0.56249199999999999 0.42333300000000001 0 0.15101200000000004 0.29138899999999995 0.14649100000000001 0.010349000000000001 0.010285000000000001 0.0096270000000000001 0.12364900000000001 0.26337900000000014 0.12028199999999999 0.0027369999999999998 0.0030489999999999996 0.0028270000000000001 0.00064499999999999996 0.00069000000000000008 0.00063299999999999999 1396.0574324577838 1396.0574324577838 1396.0574324577838 0.48216438160080333 0.48216438160080333 0.48216438160080333 1 1 1 Converged Converged Converged OK OK OK 66 66 66 66 66 66 6 6 6 0 0 0 0 1 0 0 1
42 42 linear 1 0 421 0 0.0001 2.5520742793696209 0.004030816276070142 0.00035178860395273235 0.008794755808705498 -0.0014884300948964564 0.0087243980879149509 0.5 0.0015212461455729291 1180.0317815153396 OK 13 12 0.800126 0.80001599999999995 0.24226300000000001 0.55207399999999995 0.55518299999999998 0 0.24805200000000005 0.24483299999999997 0.24226300000000001 0.011468000000000001 0.011693 0.011194000000000001 0.20197799999999996 0.19834799999999997 0.19690300000000002 0.0050859999999999994 0.0054660000000000004 0.0053269999999999993 0.0011639999999999999 0.001258 0.0011689999999999999 1180.0350792132472 1180.0350792132472 1180.0350792132472 0.050094244163267278 0.050094244163267278 0.050094244163267278 1 1 1 Converged Converged Converged OK OK OK 106 106 106 106 106 106 6 6 6 0 0 0 0 0 1 0 0
42 42 linear 1 7 421 1 0.0001 2.5520742793696209 0.004030816276070142 0.00035178860395273235 0.008794755808705498 -0.0014884300948964564 0.0087672245266570241 0.5 0.0014784197068308559 1273.8923658120257 OK 13 12 0.75188200000000005 0.80264000000000002 0.21657199999999999 0.52460300000000004 0.38472400000000001 0 0.22727900000000001 0.41791600000000001 0.21657199999999999 0.010527 0.010451 0.0097509999999999993 0.18833300000000003 0.37915300000000007 0.18010000000000004 0.0049909999999999998 0.0050309999999999999 0.0047460000000000002 0.00094700000000000003 0.00095200000000000016 0.0009059999999999999 1273.9059444854613 1273.9059444854613 1273.9059444854613 0.042189555436840338 0.042189555436840338 0.042189555436840338 1 1 1 Converged Converged Converged OK OK OK 98 98 98 98 98 98 6 6 6 0 0 0 0 1 0 0 1
42 42 linear 1 15 421 2 0.0001 2.5520742793696209 0.004030816276070142 0.00035178860395273235 0.008794755808705498 -0.0014884300948964564 0.0088161690280765346 0.5 0.0014294752054113454 1349.5119162473979 OK 13 12 0.80231600000000003 0.86716300000000002 0.20800099999999999 0.58657199999999998 0.447799 0 0.21574400000000005 0.41936400000000001 0.20800099999999999 0.010456999999999999 0.010338999999999999 0.0096159999999999995 0.177512 0.38096900000000022 0.17148699999999997 0.0048839999999999995 0.0048570000000000002 0.0047190000000000001 0.00098999999999999999 0.00095100000000000002 0.00096200000000000007 1349.5164199641636 1349.5164199641636 1349.5164199641636 0.059274543418140174 0.059274543418140174 0.059274543418140174 1 1 1 Converged Converged Converged OK OK OK 98 98 98 98 98 98 6 6 6 0 0 0 0 1 0 0 1
42 42 linear 1 23 421 3 0.0001 2.5520742793696209 0.004030816276070142 0.00035178860395273235 0.008794755808705498 -0.0014884300948964564 0.0088651135294960451 0.5 0.0013805307039918349 1396.053783221465 OK 13 12 0.75812000000000002 0.79625400000000002 0.18928900000000001 0.56268899999999999 0.418711 0 0.19543100000000002 0.37754300000000002 0.18928900000000001 0.01034 0.010459 0.0096710000000000008 0.16270699999999999 0.34419000000000016 0.15800700000000001 0.0036870000000000002 0.0038500000000000001 0.0037150000000000004 0.0008160000000000001 0.00080699999999999999 0.00077900000000000007 1396.057432136563 1396.057432136563 1396.057432136563 0.13780532340958876 0.13780532340958876 0.13780532340958876 1 1 1 Converged Converged Converged OK OK OK 82 82 82 82 82 82 6 6 6 0 0 0 0 1 0 0 1
42 42 linear 2 0 422 0 0.001 2.5520742793696209 0.004030816276070142 0.00035178860395273235 -2.1479592193533774 -0.0099460396440969306 -2.1480295770741678 0.5 2.1582752213076555 18.109628913546842 OK 15 14 0.51689799999999997 0.51142600000000005 0.17700199999999999 0.33799200000000001 0.33510299999999998 0 0.17890599999999995 0.17632300000000006 0.17700199999999999 0.015009 0.014592000000000001 0.014877 0.13143700000000003 0.12973600000000007 0.12941000000000008 0.0047790000000000003 0.0047520000000000001 0.004993 0.00096100000000000016 0.00096899999999999992 0.00097899999999999984 18.109585075790665 18.109585075790665 18.109585075790665 0.010861299321582897 0.010861299321582897 0.010861299321582897 1 1 1 Converged Converged Converged OK OK OK 90 90 90 90 90 90 6 6 6 0 0 0 0 0 1 0 0
42 42 linear 2 7 422 1 0.001 2.5520742793696209 0.004030816276070142 0.00035178860395273235 -2.1479592193533774 -0.0099460396440969306 -2.1479867506354258 0.5 2.1582323948689135 19.87573313349133 OK 14 13 0.51115699999999997 0.399559 0.14984900000000001 0.35670600000000002 0.21731600000000001 0 0.15445099999999995 0.18224299999999999 0.14984900000000001 0.011225000000000001 0.011171 0.010416 0.12003800000000001 0.148059 0.117147 0.0045329999999999997 0.004581 0.0043859999999999993 0.001 0.001031 0.00098700000000000003 19.875673352206931 19.875673352206931 19.875673352206931 0.010162917173324534 0.010162917173324534 0.010162917173324534 1 1 1 Converged Converged Converged OK OK OK 90 90 90 90 90 90 6 6 6 0 0 0 0 1 0 0 1
42 42 linear 2 15 422 2 0.001 2.5520742793696209 0.004030816276070142 0.00035178860395273235 -2.1479592193533774 -0.0099460396440969306 -2.1479378061340064 0.5 2.1581834503674941 21.273036517373921 OK 14 13 0.48951800000000001 0.38502700000000001 0.129631 0.35645199999999999 0.22642599999999999 0 0.13306600000000002 0.15860100000000002 0.129631 0.011027 0.011199000000000001 0.010337000000000001 0.10323300000000001 0.12811299999999998 0.10074900000000002 0.0032539999999999999 0.0035389999999999996 0.0034200000000000003 0.00079900000000000001 0.00085700000000000001 0.00082799999999999996 21.273080385035581 21.273080385035581 21.273080385035581 0.012266434704035069 0.012266434704035069 0.012266434704035069 1 1 1 Converged Converged Converged OK OK OK 74 74 74 74 74 74 6 6 6 0 0 0 0 1 0 0 1
42 42 linear 2 23 422 3 0.001 2.5520742793696209 0.004030816276070142 0.00035178860395273235 -2.1479592193533774 -0.0099460396440969306 -2.1478888616325871 0.5 2.1581345058660748 22.0684180286305 OK 14 13 0.538049 0.421296 0.13816400000000001 0.39594499999999999 0.25522899999999998 0 0.14210400000000001 0.16606700000000002 0.13816400000000001 0.011011999999999999 0.011089999999999999 0.0103 0.11207699999999998 0.13594700000000001 0.10955600000000003 0.0034499999999999999 0.0035170000000000002 0.0033339999999999997 0.00078300000000000006 0.00078199999999999993 0.00078200000000000003 22.0683892111762 22.0683892111762 22.0683892111762 0.010515938295659557 0.010515938295659557 0.010515938295659557 1 1 1 Converged Converged Converged OK OK OK 74 74 74 74 74 74 6 6 6 0 0 0 0 1 0 0 1
42 42 linear 2 0 422 0 0.0001 2.5520742793696209 0.004030816276070142 0.00035178860395273235 -2.1479592193533774 -0.0099460396440969306 -2.1480295770741678 0.5 2.1582752213076555 18.109628913546842 OK 15 14 0.61281099999999999 0.61579700000000004 0.27240799999999998 0.33523500000000001 0.335592 0 0.27757599999999999 0.28020500000000004 0.27240799999999998 0.014935 0.015025999999999999 0.014765 0.20745100000000008 0.20988600000000004 0.20315899999999995 0.0078279999999999982 0.007918999999999999 0.0079209999999999992 0.001537 0.001596 0.001604 18.109602953313598 18.109602953313598 18.109602953313598 0.00084409706133237118 0.00084409706133237118 0.00084409706133237118 1 1 1 Converged Converged Converged OK OK OK 146 146 146 146 146 146 6 6 6 0 0 0 0 0 1 0 0
42 42 linear 2 7 422 1 0.0001 2.5520742793696209 0.004030816276070142 0.00035178860395273235 -2.1479592193533774 -0.0099460396440969306 -2.1479867506354258 0.5 2.1582323948689135 19.87573313349133 OK 14 13 0.57806000000000002 0.48902800000000002 0.219995 0.35591800000000001 0.21815699999999999 0 0.22214200000000001 0.27087100000000003 0.219995 0.010989000000000001 0.011207 0.010425 0.17626600000000006 0.22457699999999997 0.17475400000000016 0.0064080000000000014 0.0065839999999999996 0.0065830000000000003 0.0013649999999999999 0.0014250000000000001 0.0013760000000000001 19.875693721043724 19.875693721043724 19.875693721043724 0.0019082348271546119 0.0019082348271546119 0.0019082348271546119 1 1 1 Converged Converged Converged OK OK OK 130 130 130 130 130 130 6 6 6 0 0 0 0 1 0 0 1
42 42 linear 2 15 422 2 0.0001 2.5520742793696209 0.004030816276070142 0.00035178860395273235 -2.1479592193533774 -0.0099460396440969306 -2.1479378061340064 0.5 2.1581834503674941 21.273036517373921 OK 14 13 0.58065299999999997 0.50429900000000005 0.21637899999999999 0.35816199999999998 0.222582 0 0.22249099999999999 0.28171700000000005 0.21637899999999999 0.011036000000000001 0.010987 0.010366 0.17613999999999994 0.23598100000000005 0.17228900000000003 0.006744 0.0065680000000000001 0.0062610000000000001 0.0013570000000000001 0.0014019999999999998 0.001291 21.273100155104949 21.273100155104949 21.273100155104949 0.0011155550298537304 0.0011155550298537304 0.0011155550298537304 1 1 1 Converged Converged Converged OK OK OK 130 130 130 130 130 130 6 6 6 0 0 0 0 1 0 0 1
42 42 linear 2 23 422 3 0.0001 2.5520742793696209 0.004030816276070142 0.00035178860395273235 -2.1479592193533774 -0.0099460396440969306 -2.1478888616325871 0.5 2.1581345058660748 22.0684180286305 OK 14 13 0.631606 0.53253799999999996 0.22378700000000001 0.40223399999999998 0.25355499999999997 0 0.22937200000000002 0.27898299999999998 0.22378700000000001 0.01086 0.01115 0.010303 0.18306799999999995 0.23338399999999998 0.179669 0.0068390000000000005 0.0064460000000000003 0.0062779999999999997 0.0013979999999999999 0.00134 0.001307 22.068410817979579 22.068410817979579 22.068410817979579 0.00080475365671129338 0.00080475365671129338 0.00080475365671129338 1 1 1 Converged Converged Converged OK OK OK 130 130 130 130 130 130 6 6 6 0 0 0 0 1 0 0 1
42 42 linear 3 0 423 0 0.001 2.5520742793696209 0.004030816276070142 0.00035178860395273235 -2.1572101566662072 -0.0071407884567272146 -2.1572805143869975 0.5 2.1675261586204853 16.888154196140626 OK 15 14 0.56829799999999997 0.56239099999999997 0.18521599999999999 0.37819700000000001 0.37616699999999997 0 0.19010099999999996 0.186224 0.18521599999999999 0.014583 0.014344000000000001 0.013804 0.13782700000000001 0.13487499999999997 0.13419199999999995 0.005267 0.0052209999999999991 0.005359 0.0010530000000000001 0.001108 0.0010899999999999998 16.888121876431683 16.888121876431683 16.888121876431683 0.0079407081692355053 0.0079407081692355053 0.0079407081692355053 1 1 1 Converged Converged Converged OK OK OK 99 99 99 99 99 99 5 5 5 0 0 0 0 0 1 0 0
42 42 linear 3 7 423 1 0.001 2.5520742793696209 0.004030816276070142 0.00035178860395273235 -2.1572101566662072 -0.0071407884567272146 -2.1572376879482555 0.5 2.1674833321817433 16.241386740676678 OK 15 14 0.57760299999999998 0.47198899999999999 0.17499700000000001 0.39767000000000002 0.25125900000000001 0 0.17993299999999995 0.22072999999999998 0.17499700000000001 0.013634 0.013738999999999999 0.01277 0.13564900000000002 0.17555800000000002 0.13204800000000003 0.0053809999999999995 0.005738 0.005226999999999999 0.0010890000000000001 0.0011969999999999999 0.001072 16.241356548497492 16.241356548497492 16.241356548497492 0.0079437499529370244 0.0079437499529370244 0.0079437499529370244 1 1 1 Converged Converged Converged OK OK OK 99 99 99 99 99 99 5 5 5 0 0 0 0 1 0 0 1
42 42 linear 3 15 423 2 0.001 2.5520742793696209 0.004030816276070142 0.00035178860395273235 -2.1572101566662072 -0.0071407884567272146 -2.1571887434468362 0.5 2.1674343876803239 15.62531555504671 OK 15 14 0.54928600000000005 0.45373000000000002 0.175203 0.36881199999999997 0.23150000000000001 0 0.18047400000000008 0.22223000000000001 0.175203 0.013650000000000001 0.013834000000000001 0.012716999999999999 0.13647900000000002 0.17774299999999996 0.13268199999999997 0.0051830000000000001 0.0053200000000000001 0.0051619999999999999 0.0010369999999999999 0.001047 0.0010190000000000002 15.625285658790798 15.625285658790798 15.625285658790798 0.0079476204707386918 0.0079476204707386918 0.0079476204707386918 1 1 1 Converged Converged Converged OK OK OK 99 99 99 99 99 99 5 5 5 0 0 0 0 1 0 0 1
42 42 linear 3 23 423 3 0.001 2.5520742793696209 0.004030816276070142 0.00035178860395273235 -2.1572101566662072 -0.0071407884567272146 -2.1571397989454169 0.5 2.1673854431789046 15.102080642014354 OK 15 14 0.55476800000000004 0.45911600000000002 0.18070700000000001 0.37451000000000001 0.24586 0 0.18025800000000003 0.21325600000000003 0.18070700000000001 0.013524 0.013787000000000001 0.012703000000000001 0.13606300000000005 0.168409 0.13798199999999997 0.0052869999999999992 0.0055379999999999995 0.005203000000000001 0.00099400000000000009 0.001054 0.0010200000000000001 15.102051021959317 15.102051021959317 15.102051021959317 0.0079517138776061935 0.0079517138776061935 0.0079517138776061935 1 1 1 Converged Converged Converged OK OK OK 99 99 99 99 99 99 5 5 5 0 0 0 0 1 0 0 1
42 42 linear 3 0 423 0 0.0001 2.5520742793696209 0.004030816276070142 0.00035178860395273235 -2.1572101566662072 -0.0071407884567272146 -2.1572805143869975 0.5 2.1675261586204853 16.888154196140626 OK 15 14 0.64444100000000004 0.63064200000000004 0.25303599999999998 0.38401200000000002 0.37692300000000001 0 0.26042900000000002 0.25371900000000003 0.25303599999999998 0.014447 0.014439 0.014017999999999999 0.18977700000000003 0.18497299999999994 0.1845 0.0081679999999999999 0.0074409999999999997 0.0075269999999999998 0.001542 0.0014630000000000001 0.0014909999999999999 16.888141983648779 16.888141983648779 16.888141983648779 4.2427070372166677e-05 4.2427070372166677e-05 4.2427070372166677e-05 1 1 1 Converged Converged Converged OK OK OK 139 139 139 139 139 139 5 5 5 0 0 0 0 0 1 0 0
42 42 linear 3 7 423 1 0.0001 2.5520742793696209 0.004030816276070142 0.00035178860395273235 -2.1572101566662072 -0.0071407884567272146 -2.1572376879482555 0.5 2.1674833321817433 16.241386740676678 OK 15 14 0.64745600000000003 0.56283000000000005 0.24374299999999999 0.395289 0.24704899999999999 0 0.25216700000000003 0.31578100000000009 0.24374299999999999 0.013721000000000001 0.013665 0.012857 0.18964299999999989 0.25954999999999995 0.188389 0.0078180000000000003 0.0074229999999999999 0.0075219999999999992 0.0063420000000000004 0.0014799999999999998 0.001493 16.241376656912895 16.241376656912895 16.241376656912895 4.1713418987961817e-05 4.1713418987961817e-05 4.1713418987961817e-05 1 1 1 Converged Converged Converged OK OK OK 139 139 139 139 139 139 5 5 5 0 0 0 0 1 0 0 1
42 42 linear 3 15 423 2 0.0001 2.5520742793696209 0.004030816276070142 0.00035178860395273235 -2.1572101566662072 -0.0071407884567272146 -2.1571887434468362 0.5 2.1674343876803239 15.62531555504671 OK 15 14 0.61773199999999995 0.54277200000000003 0.24044399999999999 0.37097400000000003 0.22944800000000001 0 0.24675799999999992 0.31332400000000005 0.24044399999999999 0.013602 0.013520000000000001 0.012763999999999999 0.19047800000000006 0.25663200000000003 0.18528800000000001 0.0074270000000000004 0.0076779999999999999 0.0074720000000000003 0.0014550000000000001 0.0014990000000000001 0.001462 15.625305768575791 15.625305768575791 15.625305768575791 4.125506442703725e-05 4.125506442703725e-05 4.125506442703725e-05 1 1 1 Converged Converged Converged OK OK OK 139 139 139 139 139 139 5 5 5 0 0 0 0 1 0 0 1
42 42 linear 3 23 423 3 0.0001 2.5520742793696209 0.004030816276070142 0.00035178860395273235 -2.1572101566662072 -0.0071407884567272146 -2.1571397989454169 0.5 2.1673854431789046 15.102080642014354 OK 15 14 0.62154600000000004 0.541404 0.23908299999999999 0.374471 0.241901 0 0.24707500000000004 0.29950299999999996 0.23908299999999999 0.013582 0.013554 0.012703000000000001 0.19012300000000001 0.24304899999999993 0.18425500000000003 0.0076329999999999992 0.0076089999999999994 0.0075040000000000003 0.0014420000000000001 0.0014350000000000001 0.0013879999999999999 15.102071133113938 15.102071133113938 15.102071133113938 4.0979933496718464e-05 4.0979933496718464e-05 4.0979933496718464e-05 1 1 1 Converged Converged Converged OK OK OK 139 139 139 139 139 139 5 5 5 0 0 0 0 1 0 0 1
42 42 linear 4 0 424 0 0.001 2.5520742793696209 0.004030816276070142 0.00035178860395273235 -2.1524209714080325 0.018118782669336406 -2.1524913291288228 0.5 2.1627369733623105 7.2277796643794465 OK 13 12 0.49920500000000001 0.49445 0.110966 0.38397900000000001 0.385625 0 0.115226 0.10882500000000001 0.110966 0.0089119999999999998 0.0089429999999999996 0.0086180000000000007 0.08745600000000002 0.081676999999999986 0.084294000000000008 0.0026940000000000002 0.0026520000000000003 0.0026340000000000001 0.00056999999999999998 0.000562 0.000553 7.227755323165594 7.227755323165594 7.227755323165594 0.0056301036505984666 0.0056301036505984666 0.0056301036505984666 1 1 1 Converged Converged Converged OK OK OK 53 53 53 53 53 53 3 3 3 0 0 0 0 0 1 0 0
42 42 linear 4 7 424 1 0.001 2.5520742793696209 0.004030816276070142 0.00035178860395273235 -2.1524209714080325 0.018118782669336406 -2.1524485026900808 0.5 2.1626941469235685 7.5094228243674523 OK 13 12 0.49848500000000001 0.42730899999999999 0.108013 0.38606400000000002 0.28119699999999997 0 0.11242099999999999 0.14611200000000002 0.108013 0.0083909999999999992 0.0083020000000000004 0.0076990000000000001 0.086800000000000016 0.12094800000000001 0.084142999999999982 0.0028710000000000003 0.0028009999999999997 0.002699 0.00055000000000000003 0.00060700000000000012 0.00054200000000000006 7.5093982436964906 7.5093982436964906 7.5093982436964906 0.0056301940557734109 0.0056301940557734109 0.0056301940557734109 1 1 1 Converged Converged Converged OK OK OK 53 53 53 53 53 53 3 3 3 0 0 0 0 1 0 0 1
42 42 linear 4 15 424 2 0.001 2.5520742793696209 0.004030816276070142 0.00035178860395273235 -2.1524209714080325 0.018118782669336406 -2.1523995581886615 0.5 2.1626452024221492 7.8802702057770464 OK 13 12 0.50178 0.39610099999999998 0.10591100000000001 0.38814799999999999 0.25865500000000002 0 0.11363200000000001 0.13744599999999996 0.10591100000000001 0.0083040000000000006 0.0082730000000000008 0.0076229999999999996 0.088243000000000002 0.11242300000000004 0.08215500000000002 0.0026919999999999999 0.0028240000000000001 0.0027289999999999997 0.000544 0.00056300000000000002 0.00053300000000000005 7.8802452932349087 7.8802452932349087 7.8802452932349087 0.0056302958479776486 0.0056302958479776486 0.0056302958479776486 1 1 1 Converged Converged Converged OK OK OK 53 53 53 53 53 53 3 3 3 0 0 0 0 1 0 0 1
42 42 linear 4 23 424 3 0.001 2.5520742793696209 0.004030816276070142 0.00035178860395273235 -2.1524209714080325 0.018118782669336406 -2.1523506136872421 0.5 2.1625962579207298 8.3194183901499432 OK 13 12 0.49149399999999999 0.40423599999999998 0.10449899999999999 0.38279800000000003 0.265573 0 0.10869599999999996 0.13866299999999998 0.10449899999999999 0.0082179999999999996 0.0082349999999999993 0.0076610000000000003 0.083625999999999992 0.11371000000000001 0.080718999999999985 0.0027569999999999999 0.0028240000000000001 0.0027239999999999999 0.00056700000000000001 0.00056300000000000002 0.000531 8.3193932868088076 8.3193932868088076 8.3193932868088076 0.0056304232496626958 0.0056304232496626958 0.0056304232496626958 1 1 1 Converged Converged Converged OK OK OK 53 53 53 53 53 53 3 3 3 0 0 0 0 1 0 0 1
42 42 linear 4 0 424 0 0.0001 2.5520742793696209 0.004030816276070142 0.00035178860395273235 -2.1524209714080325 0.018118782669336406 -2.1524913291288228 0.5 2.1627369733623105 7.2277796643794465 OK 13 12 0.54261800000000004 0.55117700000000003 0.15326799999999999 0.38459599999999999 0.38794600000000001 0 0.15802200000000005 0.16323100000000001 0.15326799999999999 0.0090620000000000006 0.0091959999999999993 0.0086359999999999996 0.12046400000000003 0.11758899999999997 0.11687599999999999 0.0041469999999999996 0.012558 0.0040139999999999993 0.00084000000000000003 0.00083499999999999991 0.00079299999999999998 7.2277755618903941 7.2277755618903941 7.2277755618903941 4.0569162386223721e-05 4.0569162386223721e-05 4.0569162386223721e-05 1 1 1 Converged Converged Converged OK OK OK 77 77 77 77 77 77 3 3 3 0 0 0 0 0 1 0 0
42 42 linear 4 7 424 1 0.0001 2.5520742793696209 0.004030816276070142 0.00035178860395273235 -2.1524209714080325 0.018118782669336406 -2.1524485026900808 0.5 2.1626941469235685 7.5094228243674523 OK 13 12 0.53942599999999996 0.48143000000000002 0.149836 0.38450400000000001 0.28157500000000002 0 0.15492199999999995 0.199855 0.149836 0.0083099999999999997 0.0082810000000000002 0.0076759999999999997 0.12196600000000002 0.16748899999999994 0.11848799999999998 0.0041399999999999996 0.0040860000000000002 0.0040360000000000005 0.00081000000000000006 0.00076900000000000004 0.00077900000000000007 7.5094184836276039 7.5094184836276039 7.5094184836276039 4.0588271176308823e-05 4.0588271176308823e-05 4.0588271176308823e-05 1 1 1 Converged Converged Converged OK OK OK 77 77 77 77 77 77 3 3 3 0 0 0 0 1 0 0 1
42 42 linear 4 15 424 2 0.0001 2.5520742793696209 0.004030816276070142 0.00035178860395273235 -2.1524209714080325 0.018118782669336406 -2.1523995581886615 0.5 2.1626452024221492 7.8802702057770464 OK 13 12 0.54418699999999998 0.45778600000000003 0.14951400000000001 0.39011800000000002 0.25824200000000003 0 0.15406899999999996 0.199544 0.14951400000000001 0.0082430000000000003 0.0082559999999999995 0.0077099999999999998 0.12130499999999998 0.16727 0.118158 0.0042520000000000006 0.0041949999999999999 0.0040179999999999999 0.00082599999999999991 0.00079900000000000001 0.00076599999999999997 7.8802655345448427 7.8802655345448427 7.8802655345448427 4.0606575078615693e-05 4.0606575078615693e-05 4.0606575078615693e-05 1 1 1 Converged Converged Converged OK OK OK 77 77 77 77 77 77 3 3 3 0 0 0 0 1 0 0 1
42 42 linear 4 23 424 3 0.0001 2.5520742793696209 0.004030816276070142 0.00035178860395273235 -2.1524209714080325 0.018118782669336406 -2.1523506136872421 0.5 2.1625962579207298 8.3194183901499432 OK 13 12 0.53270099999999998 0.46415699999999999 0.14775099999999999 0.38096999999999998 0.26059399999999999 0 0.151731 0.20356299999999999 0.14775099999999999 0.0081880000000000008 0.0082310000000000005 0.0077409999999999996 0.11940300000000004 0.170936 0.11657299999999998 0.0040070000000000001 0.0042859999999999999 0.0039819999999999994 0.00076399999999999992 0.00078200000000000003 0.00075200000000000006 8.3194135294978082 8.3194135294978082 8.3194135294978082 4.0648345776960491e-05 4.0648345776960491e-05 4.0648345776960491e-05 1 1 1 Converged Converged Converged OK OK OK 77 77 77 77 77 77 3 3 3 0 0 0 0 1 0 0 1
42 42 uniform 0 0 425 0 0.001 2.5520742793696209 0.004030816276070142 0.00035178860395273235 0.0095066174835690877 8.8395075372620549e-05 0.0094362597627785406 0 0.00080938447070933936 2267.349417935548 OK 15 14 0.94139799999999996 0.91468499999999997 0.31083899999999998 0.61477099999999996 0.60181799999999996 0 0.326627 0.31286700000000001 0.31083899999999998 0.015408 0.014267 0.013875 0.25218300000000005 0.24341699999999997 0.2410920000000002 0.007801999999999999 0.0077970000000000001 0.0079160000000000012 0.0013969999999999998 0.001354 0.0013299999999999998 2267.3517716073738 2267.3517716073738 2267.3517716073738 2.0427309516985961 2.0427309516985961 2.0427309516985961 1 1 1 Converged Converged Converged OK OK OK 143 143 143 143 143 143 9 9 9 0 0 0 0 0 1 0 0
42 42 uniform 0 7 425 1 0.001 2.5520742793696209 0.004030816276070142 0.00035178860395273235 0.0095066174835690877 8.8395075372620549e-05 0.0094790862015206138 0 0.00076655803196726616 2143.728833992926 OK 15 14 0.80162199999999995 0.812805 0.30604300000000001 0.48903000000000002 0.33724100000000001 0 0.31259199999999993 0.47556399999999999 0.30604300000000001 0.013377 0.013117999999999999 0.012423999999999999 0.24939900000000009 0.41514100000000015 0.24747499999999997 0.0097859999999999996 0.0081399999999999997 0.0079960000000000014 0.001523 0.0014649999999999997 0.0014090000000000001 2143.7315161379884 2143.7315161379884 2143.7315161379884 1.0547026094641627 1.0547026094641627 1.0547026094641627 1 1 1 Converged Converged Converged OK OK OK 151 151 151 151 151 151 9 9 9 0 0 0 0 1 0 0 1
42 42 uniform 0 15 425 2 0.001 2.5520742793696209 0.004030816276070142 0.00035178860395273235 0.0095066174835690877 8.8395075372620549e-05 0.0095280307029401243 0 0.00071761353054775566 1999.6908607329938 OK 15 14 0.86002100000000004 0.89149999999999996 0.299321 0.55284100000000003 0.41238000000000002 0 0.30718000000000001 0.47911999999999993 0.299321 0.012822999999999999 0.012985999999999999 0.012028 0.24829300000000004 0.41903899999999994 0.24395400000000014 0.0089759999999999996 0.0096869999999999994 0.007817000000000001 0.0015250000000000001 0.001511 0.0014310000000000002 1999.6934097729925 1999.6934097729925 1999.6934097729925 1.0275111152119181 1.0275111152119181 1.0275111152119181 1 1 1 Converged Converged Converged OK OK OK 151 151 151 151 151 151 9 9 9 0 0 0 0 1 0 0 1
42 42 uniform 0 23 425 3 0.001 2.5520742793696209 0.004030816276070142 0.00035178860395273235 0.0095066174835690877 8.8395075372620549e-05 0.0095769752043596348 0 0.00066866902912824516 1855.9831716381102 OK 15 14 0.88895100000000005 0.91079500000000002 0.31172 0.57875100000000002 0.436359 0 0.31020000000000003 0.47443600000000002 0.31172 0.013134 0.013094 0.012215999999999999 0.25263300000000005 0.41636500000000015 0.25618099999999994 0.0081449999999999995 0.0080999999999999996 0.0077749999999999989 0.0014249999999999998 0.001534 0.0013669999999999997 1855.9856437846677 1855.9856437846677 1855.9856437846677 1.0062352850340439 1.0062352850340439 1.0062352850340439 1 1 1 Converged Converged Converged OK OK OK 151 151 151 151 151 151 9 9 9 0 0 0 0 1 0 0 1
42 42 uniform 0 0 425 0 0.0001 2.5520742793696209 0.004030816276070142 0.00035178860395273235 0.0095066174835690877 8.8395075372620549e-05 0.0094362597627785406 0 0.00080938447070933936 2267.349417935548 OK 15 14 0.94610399999999995 0.94147099999999995 0.34203699999999998 0.59842899999999999 0.59816899999999995 0 0.34767499999999996 0.343302 0.34203699999999998 0.014368000000000001 0.014290000000000001 0.013672 0.26632899999999982 0.26191899999999979 0.26018700000000006 0.010147 0.0099939999999999994 0.0086840000000000007 0.0017699999999999999 0.0018369999999999999 0.0016730000000000002 2267.3503320807117 2267.3503320807117 2267.3503320807117 0.15812629103034057 0.15812629103034057 0.15812629103034057 1 1 1 Converged Converged Converged OK OK OK 159 159 159 159 159 159 9 9 9 0 0 0 0 0 1 0 0
42 42 uniform 0 7 425 1 0.0001 2.5520742793696209 0.004030816276070142 0.00035178860395273235 0.0095066174835690877 8.8395075372620549e-05 0.0094790862015206138 0 0.00076655803196726616 2143.728833992926 OK 15 14 0.79593400000000003 0.85237600000000002 0.312498 0.47720200000000002 0.34031800000000001 0 0.31873200000000002 0.51205800000000001 0.312498 0.013050000000000001 0.014623000000000001 0.012295 0.25839699999999993 0.44738500000000014 0.25421699999999997 0.0084180000000000001 0.0094340000000000014 0.0081340000000000006 0.001598 0.0016569999999999998 0.0015840000000000001 2143.7297586531049 2143.7297586531049 2143.7297586531049 0.14247324949859505 0.14247324949859505 0.14247324949859505 1 1 1 Converged Converged Converged OK OK OK 159 159 159 159 159 159 9 9 9 0 0 0 0 1 0 0 1
42 42 uniform 0 15 425 2 0.0001 2.5520742793696209 0.004030816276070142 0.00035178860395273235 0.0095066174835690877 8.8395075372620549e-05 0.0095280307029401243 0 0.00071761353054775566 1999.6908607329938 OK 15 14 0.86553899999999995 0.92852800000000002 0.30822500000000003 0.55482299999999996 0.421626 0 0.31071599999999999 0.50690199999999996 0.30822500000000003 0.012711999999999999 0.014101000000000001 0.011990000000000001 0.25050000000000022 0.44474400000000003 0.25021200000000005 0.0089269999999999992 0.008634000000000001 0.0082269999999999999 0.0017419999999999998 0.0016530000000000002 0.0016230000000000001 1999.691677422024 1999.691677422024 1999.691677422024 0.12975192417838666 0.12975192417838666 0.12975192417838666 1 1 1 Converged Converged Converged OK OK OK 159 159 159 159 159 159 9 9 9 0 0 0 0 1 0 0 1
42 42 uniform 0 23 425 3 0.0001 2.5520742793696209 0.004030816276070142 0.00035178860395273235 0.0095066174835690877 8.8395075372620549e-05 0.0095769752043596348 0 0.00066866902912824516 1855.9831716381102 OK 15 14 0.89367600000000003 0.92902799999999996 0.316249 0.57478700000000005 0.43171599999999999 0 0.31888899999999998 0.49731199999999998 0.316249 0.013051999999999999 0.013100000000000001 0.012326 0.25869199999999998 0.43613100000000005 0.25796599999999997 0.0087969999999999993 0.0088099999999999984 0.0082719999999999998 0.001688 0.0016390000000000003 0.0015989999999999999 1855.9839358844142 1855.9839358844142 1855.9839358844142 0.12244283593074178 0.12244283593074178 0.12244283593074178 1 1 1 Converged Converged Converged OK OK OK 159 159 159 159 159 159 9 9 9 0 0 0 0 1 0 0 1
42 42 uniform 1 0 426 0 0.001 2.5520742793696209 0.004030816276070142 0.00035178860395273235 0.008794755808705498 -0.0014884300948964564 0.0087243980879149509 0 0.0015212461455729291 1217.0728413140164 OK 13 12 0.72849200000000003 0.729244 0.17463799999999999 0.55227899999999996 0.55293199999999998 0 0.17621300000000006 0.17631200000000002 0.17463799999999999 0.01149 0.011604 0.011051 0.14004799999999995 0.1401970000000001 0.13962799999999997 0.0037820000000000002 0.0037199999999999998 0.0033549999999999995 0.00094600000000000001 0.00093800000000000003 0.00081300000000000014 1217.0729765549129 1217.0729765549129 1217.0729765549129 0.58449452203510777 0.58449452203510777 0.58449452203510777 1 1 1 Converged Converged Converged OK OK OK 82 82 82 82 82 82 6 6 6 0 0 0 0 0 1 0 0
42 42 uniform 1 7 426 1 0.001 2.5520742793696209 0.004030816276070142 0.00035178860395273235 0.008794755808705498 -0.0014884300948964564 0.0087672245266570241 0 0.0014784197068308559 1291.55514651259 OK 13 12 0.65180000000000005 0.64087000000000005 0.12771099999999999 0.52228699999999995 0.385162 0 0.1295130000000001 0.25570800000000005 0.12771099999999999 0.010416999999999999 0.010441000000000001 0.0097979999999999994 0.10173599999999999 0.22783199999999998 0.101259 0.002836 0.0028319999999999999 0.0026979999999999999 0.00068800000000000003 0.00071999999999999994 0.00065000000000000008 1291.5549310927511 1291.5549310927511 1291.5549310927511 0.23584574408738868 0.23584574408738868 0.23584574408738868 1 1 1 Converged Converged Converged OK OK OK 66 66 66 66 66 66 6 6 6 0 0 0 0 1 0 0 1
42 42 uniform 1 15 426 2 0.001 2.5520742793696209 0.004030816276070142 0.00035178860395273235 0.008794755808705498 -0.0014884300948964564 0.0088161690280765346 0 0.0014294752054113454 1346.2853427544458 OK 13 12 0.709762 0.70860699999999999 0.12249699999999999 0.58477800000000002 0.44627 0 0.12498399999999998 0.26233699999999999 0.12249699999999999 0.010204 0.010460000000000001 0.0096100000000000005 0.097540000000000029 0.23406600000000002 0.096298000000000009 0.002663 0.0029949999999999998 0.0027810000000000001 0.00064499999999999996 0.00070199999999999993 0.00063900000000000003 1346.2850612513914 1346.2850612513914 1346.2850612513914 0.19816426377292889 0.19816426377292889 0.19816426377292889 1 1 1 Converged Converged Converged OK OK OK 66 66 66 66 66 66 6 6 6 0 0 0 0 1 0 0 1
42 42 uniform 1 23 426 3 0.001 2.5520742793696209 0.004030816276070142 0.00035178860395273235 0.008794755808705498 -0.0014884300948964564 0.0088651135294960451 0 0.0013805307039918349 1375.9778845026651 OK 13 12 0.69093099999999996 0.69261700000000004 0.126885 0.56146300000000005 0.41714800000000002 0 0.12946799999999992 0.27546900000000002 0.126885 0.01022 0.010302 0.0096200000000000001 0.10213500000000002 0.24786899999999992 0.10078599999999996 0.0027139999999999998 0.0028149999999999998 0.0026480000000000002 0.00064099999999999997 0.00064700000000000001 0.00065600000000000001 1375.9775324253114 1375.9775324253114 1375.9775324253114 0.17346703287743498 0.17346703287743498 0.17346703287743498 1 1 1 Converged Converged Converged OK OK OK 66 66 66 66 66 66 6 6 6 0 0 0 0 1 0 0 1
42 42 uniform 1 0 426 0 0.0001 2.5520742793696209 0.004030816276070142 0.00035178860395273235 0.008794755808705498 -0.0014884300948964564 0.0087243980879149509 0 0.0015212461455729291 1217.0728413140164 OK 13 12 0.76047299999999995 0.75986799999999999 0.20518500000000001 0.55421500000000001 0.55385200000000001 0 0.20625799999999994 0.20601599999999998 0.20518500000000001 0.011344 0.011413 0.011018999999999999 0.16160200000000002 0.1611689999999999 0.16090299999999991 0.0047099999999999998 0.004561 0.0045449999999999996 0.001124 0.0012019999999999999 0.0011469999999999998 1217.0729167971372 1217.0729167971372 1217.0729167971372 0.069382503089174666 0.069382503089174666 0.069382503089174666 1 1 1 Converged Converged Converged OK OK OK 106 106 106 106 106 106 6 6 6 0 0 0 0 0 1 0 0
42 42 uniform 1 7 426 1 0.0001 2.5520742793696209 0.004030816276070142 0.00035178860395273235 0.008794755808705498 -0.0014884300948964564 0.0087672245266570241 0 0.0014784197068308559 1291.55514651259 OK 13 12 0.67562500000000003 0.69131399999999998 0.14969399999999999 0.523702 0.380689 0 0.15192300000000003 0.31062499999999998 0.14969399999999999 0.010505 0.010423999999999999 0.0098169999999999993 0.11895600000000001 0.27734899999999996 0.11805800000000004 0.0036419999999999994 0.0037359999999999997 0.003601 0.00080400000000000003 0.00079900000000000001 0.00081599999999999999 1291.5549325835561 1291.5549325835561 1291.5549325835561 0.093325815829845005 0.093325815829845005 0.093325815829845005 1 1 1 Converged Converged Converged OK OK OK 82 82 82 82 82 82 6 6 6 0 0 0 0 1 0 0 1
42 42 uniform 1 15 426 2 0.0001 2.5520742793696209 0.004030816276070142 0.00035178860395273235 0.008794755808705498 -0.0014884300948964564 0.0088161690280765346 0 0.0014294752054113454 1346.2853427544458 OK 13 12 0.73147600000000002 0.76086600000000004 0.143262 0.58598499999999998 0.44131399999999998 0 0.14549100000000004 0.31955200000000006 0.143262 0.010511 0.01047 0.0097050000000000001 0.11253099999999996 0.28622799999999998 0.11207099999999999 0.003643 0.00379 0.0035950000000000001 0.00082100000000000001 0.00079799999999999999 0.00076599999999999997 1346.2850619882774 1346.2850619882774 1346.2850619882774 0.10688499987340057 0.10688499987340057 0.10688499987340057 1 1 1 Converged Converged Converged OK OK OK 82 82 82 82 82 82 6 6 6 0 0 0 0 1 0 0 1
42 42 uniform 1 23 426 3 0.0001 2.5520742793696209 0.004030816276070142 0.00035178860395273235 0.008794755808705498 -0.0014884300948964564 0.0088651135294960451 0 0.0013805307039918349 1375.9778845026651 OK 13 12 0.72123099999999996 0.76286399999999999 0.15972700000000001 0.56003199999999997 0.42083799999999999 0 0.16119899999999998 0.342026 0.15972700000000001 0.010186000000000001 0.010361 0.0097210000000000005 0.12875200000000001 0.30882099999999996 0.12845800000000002 0.0037029999999999997 0.0039969999999999997 0.00365 0.00079500000000000003 0.00082100000000000001 0.000794 1375.9775324696984 1375.9775324696984 1375.9775324696984 0.11070660511828534 0.11070660511828534 0.11070660511828534 1 1 1 Converged Converged Converged OK OK OK 82 82 82 82 82 82 6 6 6 0 0 0 0 1 0 0 1
42 42 uniform 2 0 427 0 0.001 2.5520742793696209 0.004030816276070142 0.00035178860395273235 -2.1479592193533774 -0.0099460396440969306 -2.1480295770741678 0 2.1582752213076555 18.318907832311737 OK 15 14 0.46807100000000001 0.46511000000000002 0.127579 0.33876499999999998 0.33395200000000003 0 0.12930600000000003 0.131158 0.127579 0.015427 0.017812000000000001 0.014716 0.087795999999999985 0.087858000000000006 0.087225999999999942 0.0033300000000000001 0.0033860000000000001 0.0031930000000000001 0.00089599999999999999 0.00087299999999999997 0.00083500000000000002 18.31890728584267 18.31890728584267 18.31890728584267 0.014850540827929462 0.014850540827929462 0.014850540827929462 1 1 1 Converged Converged Converged OK OK OK 74 74 74 74 74 74 6 6 6 0 0 0 0 0 1 0 0
42 42 uniform 2 7 427 1 0.001 2.5520742793696209 0.004030816276070142 0.00035178860395273235 -2.1479592193533774 -0.0099460396440969306 -2.1479867506354258 0 2.1582323948689135 20.319984357705696 OK 14 13 0.47895799999999999 0.37422 0.125252 0.35261500000000001 0.214614 0 0.12634299999999998 0.159606 0.125252 0.010869999999999999 0.011072 0.010441000000000001 0.091948000000000016 0.125164 0.091926000000000008 0.0039420000000000002 0.0039900000000000005 0.0040119999999999999 0.00088400000000000002 0.00091200000000000016 0.00087500000000000002 20.319983473035251 20.319983473035251 20.319983473035251 0.0068256338539776596 0.0068256338539776596 0.0068256338539776596 1 1 1 Converged Converged Converged OK OK OK 90 90 90 90 90 90 6 6 6 0 0 0 0 1 0 0 1
42 42 uniform 2 15 427 2 0.001 2.5520742793696209 0.004030816276070142 0.00035178860395273235 -2.1479592193533774 -0.0099460396440969306 -2.1479378061340064 0 2.1581834503674941 21.53416607483366 OK 14 13 0.46650700000000001 0.35573500000000002 0.106568 0.35786000000000001 0.22406899999999999 0 0.10864699999999999 0.13166600000000003 0.106568 0.011158 0.011181 0.010362 0.078939999999999996 0.10160299999999998 0.078247999999999984 0.0031219999999999998 0.0032229999999999993 0.0029740000000000001 0.00076900000000000015 0.00073799999999999994 0.00073300000000000004 21.534163582733601 21.534163582733601 21.534163582733601 0.011515762850193883 0.011515762850193883 0.011515762850193883 1 1 1 Converged Converged Converged OK OK OK 74 74 74 74 74 74 6 6 6 0 0 0 0 1 0 0 1
42 42 uniform 2 23 427 3 0.001 2.5520742793696209 0.004030816276070142 0.00035178860395273235 -2.1479592193533774 -0.0099460396440969306 -2.1478888616325871 0 2.1581345058660748 22.056422029361151 OK 14 13 0.51036599999999999 0.39939599999999997 0.115233 0.39335399999999998 0.25630399999999998 0 0.117012 0.143092 0.115233 0.011032 0.011143 0.010305 0.08749800000000002 0.11326099999999999 0.087047000000000041 0.0030849999999999996 0.0031939999999999998 0.0029740000000000001 0.00073300000000000004 0.00075199999999999996 0.00072000000000000005 22.056415968566714 22.056415968566714 22.056415968566714 0.0083189025037666078 0.0083189025037666078 0.0083189025037666078 1 1 1 Converged Converged Converged OK OK OK 74 74 74 74 74 74 6 6 6 0 0 0 0 1 0 0 1
42 42 uniform 2 0 427 0 0.0001 2.5520742793696209 0.004030816276070142 0.00035178860395273235 -2.1479592193533774 -0.0099460396440969306 -2.1480295770741678 0 2.1582752213076555 18.318907832311737 OK 15 14 0.51614400000000005 0.51755499999999999 0.18138699999999999 0.33492699999999997 0.33385300000000001 0 0.18121700000000007 0.18370199999999998 0.18138699999999999 0.014668 0.014677000000000001 0.014589 0.12620299999999998 0.12747399999999998 0.12590699999999996 0.0055180000000000003 0.0062310000000000004 0.0055500000000000002 0.0012540000000000001 0.001333 0.0013399999999999998 18.318907366228391 18.318907366228391 18.318907366228391 0.0014078017181505347 0.0014078017181505347 0.0014078017181505347 1 1 1 Converged Converged Converged OK OK OK 114 114 114 114 114 114 6 6 6 0 0 0 0 0 1 0 0
42 42 uniform 2 7 427 1 0.0001 2.5520742793696209 0.004030816276070142 0.00035178860395273235 -2.1479592193533774 -0.0099460396440969306 -2.1479867506354258 0 2.1582323948689135 20.319984357705696 OK 14 13 0.49916100000000002 0.39714899999999997 0.14599799999999999 0.35563499999999998 0.22070200000000001 0 0.14352600000000004 0.17644699999999996 0.14599799999999999 0.011057000000000001 0.011018999999999999 0.010359 0.10592200000000004 0.13874100000000003 0.10993699999999997 0.0047759999999999999 0.0049570000000000005 0.0046489999999999995 0.0011879999999999998 0.00116 0.0011580000000000002 20.31998606390145 20.31998606390145 20.31998606390145 0.0017180646951015113 0.0017180646951015113 0.0017180646951015113 1 1 1 Converged Converged Converged OK OK OK 106 106 106 106 106 106 6 6 6 0 0 0 0 1 0 0 1
42 42 uniform 2 15 427 2 0.0001 2.5520742793696209 0.004030816276070142 0.00035178860395273235 -2.1479592193533774 -0.0099460396440969306 -2.1479378061340064 0 2.1581834503674941 21.53416607483366 OK 14 13 0.50937500000000002 0.41748200000000002 0.15243300000000001 0.35454000000000002 0.22674800000000001 0 0.154835 0.19073400000000001 0.15243300000000001 0.010926 0.011051999999999999 0.010331 0.11624599999999997 0.15190400000000007 0.11527600000000002 0.0050540000000000003 0.0051280000000000006 0.0049769999999999997 0.001186 0.0011589999999999999 0.001158 21.534166796043017 21.534166796043017 21.534166796043017 0.0016224881839733394 0.0016224881839733394 0.0016224881839733394 1 1 1 Converged Converged Converged OK OK OK 114 114 114 114 114 114 6 6 6 0 0 0 0 1 0 0 1
42 42 uniform 2 23 427 3 0.0001 2.5520742793696209 0.004030816276070142 0.00035178860395273235 -2.1479592193533774 -0.0099460396440969306 -2.1478888616325871 0 2.1581345058660748 22.056422029361151 OK 14 13 0.53906600000000005 0.43570900000000001 0.14138000000000001 0.39599200000000001 0.25196000000000002 0 0.14307400000000003 0.183749 0.14138000000000001 0.010847000000000001 0.010970000000000001 0.010317 0.108213 0.14858699999999997 0.10732100000000006 0.0042090000000000009 0.0043240000000000006 0.004169 0.0010290000000000002 0.001023 0.0010489999999999998 22.056422269363665 22.056422269363665 22.056422269363665 0.0018638033507174399 0.0018638033507174399 0.0018638033507174399 1 1 1 Converged Converged Converged OK OK OK 98 98 98 98 98 98 6 6 6 0 0 0 0 1 0 0 1
42 42 uniform 3 0 428 0 0.001 2.5520742793696209 0.004030816276070142 0.00035178860395273235 -2.1572101566662072 -0.0071407884567272146 -2.1572805143869975 0 2.1675261586204853 17.001090341579385 OK 15 14 0.48697400000000002 0.48783799999999999 0.113232 0.37536799999999998 0.37706099999999998 0 0.11160600000000004 0.11077700000000001 0.113232 0.014446000000000001 0.014241 0.013837 0.072350999999999999 0.072223999999999997 0.075239000000000028 0.0032309999999999999 0.003271 0.0032179999999999995 0.00075299999999999998 0.00075799999999999999 0.00074799999999999997 17.00108540927452 17.00108540927452 17.00108540927452 0.016440734677138032 0.016440734677138032 0.016440734677138032 1 1 1 Converged Converged Converged OK OK OK 67 67 67 67 67 67 5 5 5 0 0 0 0 0 1 0 0
42 42 uniform 3 7 428 1 0.001 2.5520742793696209 0.004030816276070142 0.00035178860395273235 -2.1572101566662072 -0.0071407884567272146 -2.1572376879482555 0 2.1674833321817433 16.327457916103711 OK 15 14 0.50334699999999999 0.38958399999999999 0.103829 0.395368 0.252859 0 0.10797899999999999 0.13672499999999999 0.103829 0.013602 0.013606 0.01277 0.073563000000000003 0.102663 0.071215999999999988 0.0033180000000000002 0.0033 0.0031189999999999998 0.00080899999999999993 0.00072799999999999991 0.00072800000000000002 16.327453295445896 16.327453295445896 16.327453295445896 0.014612076503721901 0.014612076503721901 0.014612076503721901 1 1 1 Converged Converged Converged OK OK OK 67 67 67 67 67 67 5 5 5 0 0 0 0 1 0 0 1
42 42 uniform 3 15 428 2 0.001 2.5520742793696209 0.004030816276070142 0.00035178860395273235 -2.1572101566662072 -0.0071407884567272146 -2.1571887434468362 0 2.1674343876803239 15.691391133082417 OK 15 14 0.47204000000000002 0.362404 0.102668 0.36758099999999999 0.23099700000000001 0 0.10445900000000002 0.131407 0.102668 0.013362000000000001 0.013603000000000001 0.012808 0.070764000000000021 0.097441000000000014 0.070065999999999976 0.0031720000000000003 0.0032189999999999996 0.0031349999999999998 0.00072499999999999995 0.00075299999999999998 0.00072900000000000016 15.691386650327791 15.691386650327791 15.691386650327791 0.013183394268772242 0.013183394268772242 0.013183394268772242 1 1 1 Converged Converged Converged OK OK OK 67 67 67 67 67 67 5 5 5 0 0 0 0 1 0 0 1
42 42 uniform 3 23 428 3 0.001 2.5520742793696209 0.004030816276070142 0.00035178860395273235 -2.1572101566662072 -0.0071407884567272146 -2.1571397989454169 0 2.1673854431789046 15.15454040695359 OK 15 14 0.48052800000000001 0.36914000000000002 0.103855 0.37462499999999999 0.24016000000000001 0 0.10590300000000002 0.12898000000000001 0.103855 0.013599 0.013495 0.012689000000000001 0.071918000000000024 0.095127000000000003 0.071474000000000024 0.0032109999999999999 0.0032499999999999999 0.0031439999999999997 0.00073000000000000007 0.00074199999999999993 0.00072300000000000001 15.154536001170136 15.154536001170136 15.154536001170136 0.012153748749329759 0.012153748749329759 0.012153748749329759 1 1 1 Converged Converged Converged OK OK OK 67 67 67 67 67 67 5 5 5 0 0 0 0 1 0 0 1
42 42 uniform 3 0 428 0 0.0001 2.5520742793696209 0.004030816276070142 0.00035178860395273235 -2.1572101566662072 -0.0071407884567272146 -2.1572805143869975 0 2.1675261586204853 17.001090341579385 OK 15 14 0.552755 0.54551300000000003 0.16860700000000001 0.37681199999999998 0.37521700000000002 0 0.17594300000000002 0.170296 0.16860700000000001 0.014237 0.014529 0.013812 0.12044500000000002 0.11483900000000001 0.11420799999999992 0.0054000000000000003 0.0054399999999999995 0.0053750000000000004 0.0011720000000000001 0.001183 0.0011489999999999998 17.001089652640424 17.001089652640424 17.001089652640424 0.00094338136940410363 0.00094338136940410363 0.00094338136940410363 1 1 1 Converged Converged Converged OK OK OK 107 107 107 107 107 107 5 5 5 0 0 0 0 0 1 0 0
42 42 uniform 3 7 428 1 0.0001 2.5520742793696209 0.004030816276070142 0.00035178860395273235 -2.1572101566662072 -0.0071407884567272146 -2.1572376879482555 0 2.1674833321817433 16.327457916103711 OK 15 14 0.557222 0.45465 0.156197 0.397947 0.25107499999999999 0 0.159275 0.20357500000000001 0.156197 0.013661 0.013625999999999999 0.012795000000000001 0.11261599999999994 0.15715699999999999 0.11132599999999999 0.0052810000000000001 0.0054590000000000003 0.0052570000000000004 0.001165 0.001129 0.0011350000000000002 16.32745750985573 16.32745750985573 16.32745750985573 0.0009438823743068024 0.0009438823743068024 0.0009438823743068024 1 1 1 Converged Converged Converged OK OK OK 107 107 107 107 107 107 5 5 5 0 0 0 0 1 0 0 1
42 42 uniform 3 15 428 2 0.0001 2.5520742793696209 0.004030816276070142 0.00035178860395273235 -2.1572101566662072 -0.0071407884567272146 -2.1571887434468362 0 2.1674343876803239 15.691391133082417 OK 15 14 0.53289500000000001 0.43534699999999998 0.156748 0.37399900000000003 0.229128 0 0.15889599999999998 0.20621899999999999 0.156748 0.013622 0.0135 0.012732 0.11281900000000002 0.15991899999999992 0.11214200000000001 0.005313 0.0053759999999999997 0.0051919999999999996 0.0011419999999999998 0.0011430000000000001 0.001108 15.691390850110722 15.691390850110722 15.691390850110722 0.00094456444733092128 0.00094456444733092128 0.00094456444733092128 1 1 1 Converged Converged Converged OK OK OK 107 107 107 107 107 107 5 5 5 0 0 0 0 1 0 0 1
42 42 uniform 3 23 428 3 0.0001 2.5520742793696209 0.004030816276070142 0.00035178860395273235 -2.1572101566662072 -0.0071407884567272146 -2.1571397989454169 0 2.1673854431789046 15.15454040695359 OK 15 14 0.53385499999999997 0.43922699999999998 0.156113 0.37497900000000001 0.242727 0 0.15887599999999996 0.19649999999999998 0.156113 0.013506000000000001 0.013547999999999999 0.012737 0.112758 0.15041299999999996 0.11152999999999996 0.0053039999999999997 0.0052900000000000004 0.005242000000000001 0.0011349999999999999 0.0011169999999999999 0.001106 15.154540194189186 15.154540194189186 15.154540194189186 0.00094531231229331731 0.00094531231229331731 0.00094531231229331731 1 1 1 Converged Converged Converged OK OK OK 107 107 107 107 107 107 5 5 5 0 0 0 0 1 0 0 1
42 42 uniform 4 0 429 0 0.001 2.5520742793696209 0.004030816276070142 0.00035178860395273235 -2.1524209714080325 0.018118782669336406 -2.1524913291288228 0 2.1627369733623105 7.246337018453497 OK 13 12 0.45272299999999999 0.44943300000000003 0.063319 0.38854300000000003 0.38501400000000002 0 0.064179999999999959 0.064419000000000004 0.063319 0.0088629999999999994 0.0090950000000000007 0.0086549999999999995 0.042157999999999994 0.04243799999999999 0.041940000000000005 0.0018129999999999999 0.0017830000000000001 0.0018240000000000001 0.00043399999999999998 0.00044099999999999999 0.00042900000000000002 7.2463328172718624 7.2463328172718624 7.2463328172718624 0.0053707569245011908 0.0053707569245011908 0.0053707569245011908 1 1 1 Converged Converged Converged OK OK OK 37 37 37 37 37 37 3 3 3 0 0 0 0 0 1 0 0
42 42 uniform 4 7 429 1 0.001 2.5520742793696209 0.004030816276070142 0.00035178860395273235 -2.1524209714080325 0.018118782669336406 -2.1524485026900808 0 2.1626941469235685 7.5319082846758807 OK 13 12 0.44650200000000001 0.37214999999999998 0.063954999999999998 0.38094600000000001 0.28180899999999998 0 0.065556000000000003 0.090341000000000005 0.063954999999999998 0.0082830000000000004 0.008319 0.0076680000000000003 0.045504999999999997 0.070279000000000008 0.045257999999999993 0.0017160000000000001 0.0018919999999999998 0.0016850000000000001 0.000455 0.00046900000000000002 0.00040499999999999998 7.5319040715106258 7.5319040715106258 7.5319040715106258 0.0054857416256414507 0.0054857416256414507 0.0054857416256414507 1 1 1 Converged Converged Converged OK OK OK 37 37 37 37 37 37 3 3 3 0 0 0 0 1 0 0 1
42 42 uniform 4 15 429 2 0.001 2.5520742793696209 0.004030816276070142 0.00035178860395273235 -2.1524209714080325 0.018118782669336406 -2.1523995581886615 0 2.1626452024221492 7.9088855908032922 OK 13 12 0.45360800000000001 0.342165 0.061259000000000001 0.39031199999999999 0.25773000000000001 0 0.063296000000000019 0.084434999999999982 0.061259000000000001 0.0082410000000000001 0.0082480000000000001 0.0076470000000000002 0.043457999999999997 0.06477999999999999 0.042613000000000005 0.001743 0.001784 0.001732 0.00042899999999999997 0.00044100000000000004 0.00040899999999999997 7.9088812908768187 7.9088812908768187 7.9088812908768187 0.0056307202584421267 0.0056307202584421267 0.0056307202584421267 1 1 1 Converged Converged Converged OK OK OK 37 37 37 37 37 37 3 3 3 0 0 0 0 1 0 0 1
42 42 uniform 4 23 429 3 0.001 2.5520742793696209 0.004030816276070142 0.00035178860395273235 -2.1524209714080325 0.018118782669336406 -2.1523506136872421 0 2.1625962579207298 8.3569171756958038 OK 13 12 0.44068800000000002 0.34733000000000003 0.060706999999999997 0.37844100000000003 0.26114599999999999 0 0.062246999999999997 0.086184000000000038 0.060706999999999997 0.0081890000000000001 0.0083029999999999996 0.0076699999999999997 0.042507000000000017 0.066493999999999998 0.042087999999999993 0.0016919999999999999 0.0017949999999999999 0.001701 0.00045100000000000001 0.00044899999999999996 0.00040999999999999999 8.3569125893698182 8.3569125893698182 8.3569125893698182 0.0057836815116841149 0.0057836815116841149 0.0057836815116841149 1 1 1 Converged Converged Converged OK OK OK 37 37 37 37 37 37 3 3 3 0 0 0 0 1 0 0 1
42 42 uniform 4 0 429 0 0.0001 2.5520742793696209 0.004030816276070142 0.00035178860395273235 -2.1524209714080325 0.018118782669336406 -2.1524913291288228 0 2.1627369733623105 7.246337018453497 OK 13 12 0.48603800000000003 0.48567399999999999 0.098487000000000005 0.38644800000000001 0.38627899999999998 0 0.099590000000000012 0.099395000000000011 0.098487000000000005 0.0087659999999999995 0.0089770000000000006 0.0085360000000000002 0.068907999999999997 0.068895000000000012 0.068603000000000011 0.0030890000000000002 0.0030629999999999998 0.0030370000000000002 0.000736 0.0007049999999999999 0.00068000000000000005 7.2463370548342763 7.2463370548342763 7.2463370548342763 0.00045968887032992822 0.00045968887032992822 0.00045968887032992822 1 1 1 Converged Converged Converged OK OK OK 61 61 61 61 61 61 3 3 3 0 0 0 0 0 1 0 0
42 42 uniform 4 7 429 1 0.0001 2.5520742793696209 0.004030816276070142 0.00035178860395273235 -2.1524209714080325 0.018118782669336406 -2.1524485026900808 0 2.1626941469235685 7.5319082846758807 OK 13 12 0.48604199999999997 0.41963899999999998 0.097311999999999996 0.38682299999999997 0.284771 0 0.099219000000000002 0.13486799999999999 0.097311999999999996 0.0083199999999999993 0.0082699999999999996 0.0077200000000000003 0.071810999999999986 0.107478 0.071235999999999994 0.003055 0.003124 0.0029500000000000004 0.00067600000000000006 0.00065600000000000001 0.00064300000000000002 7.5319083157774509 7.5319083157774509 7.5319083157774509 0.00045967206011386766 0.00045967206011386766 0.00045967206011386766 1 1 1 Converged Converged Converged OK OK OK 61 61 61 61 61 61 3 3 3 0 0 0 0 1 0 0 1
42 42 uniform 4 15 429 2 0.0001 2.5520742793696209 0.004030816276070142 0.00035178860395273235 -2.1524209714080325 0.018118782669336406 -2.1523995581886615 0 2.1626452024221492 7.9088855908032922 OK 13 12 0.48850900000000003 0.38684000000000002 0.095108999999999999 0.39189000000000002 0.25702799999999998 0 0.09661900000000001 0.12981200000000004 0.095108999999999999 0.0081639999999999994 0.0082459999999999999 0.0076759999999999997 0.069800999999999988 0.10257599999999997 0.069279999999999994 0.003006 0.0030950000000000001 0.0029490000000000002 0.00065000000000000008 0.00066400000000000009 0.00064300000000000002 7.9088855434150362 7.9088855434150362 7.9088855434150362 0.00045965748906123924 0.00045965748906123924 0.00045965748906123924 1 1 1 Converged Converged Converged OK OK OK 61 61 61 61 61 61 3 3 3 0 0 0 0 1 0 0 1
42 42 uniform 4 23 429 3 0.0001 2.5520742793696209 0.004030816276070142 0.00035178860395273235 -2.1524209714080325 0.018118782669336406 -2.1523506136872421 0 2.1625962579207298 8.3569171756958038 OK 13 12 0.47901300000000002 0.39482499999999998 0.093872999999999998 0.38331399999999999 0.259681 0 0.095699000000000034 0.13514399999999999 0.093872999999999998 0.0083180000000000007 0.0082529999999999999 0.0076470000000000002 0.068506000000000011 0.10372700000000006 0.068060000000000037 0.0030460000000000001 0.0030540000000000003 0.0029480000000000001 0.00065299999999999993 0.00066699999999999995 0.00063500000000000004 8.3569168450842373 8.3569168450842373 8.3569168450842373 0.0004596997927446986 0.0004596997927446986 0.0004596997927446986 1 1 1 Converged Converged Converged OK OK OK 61 61 61 61 61 61 3 3 3 0 0 0 0 1 0 0 1
43 43 linear 0 0 430 0 0.001 0.46325785319852097 0.00020572890945843144 0.07917486719018127 1.7081326421658152 0.052430721667830422 1.6922976687277789 0.5 -1.6922023827979127 1.0969296303810596 OK 13 12 0.538188 0.53572500000000001 0.20438999999999999 0.33019599999999999 0.32788699999999998 0 0.20799200000000001 0.20783800000000002 0.20438999999999999 0.0072859999999999999 0.0073150000000000003 0.006979 0.17805299999999999 0.17739099999999999 0.17566599999999999 0.00315 0.0034429999999999999 0.0029879999999999998 0.00062599999999999993 0.00073599999999999989 0.0006069999999999999 1.0969369870012347 1.0969369870012347 1.0969369870012347 2.8377408556162679e-05 2.8377408556162679e-05 2.8377408556162679e-05 1 1 1 Converged Converged Converged OK OK OK 73 73 73 73 73 73 7 7 7 0 0 0 0 0 1 0 0
43 43 linear 0 7 430 1 0.001 0.46325785319852097 0.00020572890945843144 0.07917486719018127 1.7081326421658152 0.052430721667830422 1.7019363482118011 0.5 -1.7018410622819349 1.0954468086832145 OK 13 12 0.526285 0.35618 0.199072 0.32376899999999997 0.15121299999999999 0 0.20251600000000003 0.20496700000000001 0.199072 0.0061989999999999996 0.0063039999999999997 0.0057190000000000001 0.17825400000000013 0.18004600000000001 0.17602899999999994 0.0030720000000000001 0.003356 0.0030309999999999998 0.00061899999999999998 0.00062299999999999996 0.00057899999999999998 1.0954532084308315 1.0954532084308315 1.0954532084308315 3.5390112204689121e-05 3.5390112204689121e-05 3.5390112204689121e-05 1 1 1 Converged Converged Converged OK OK OK 73 73 73 73 73 73 7 7 7 0 0 0 0 1 0 0 1
43 43 linear 0 15 430 2 0.001 0.46325785319852097 0.00020572890945843144 0.07917486719018127 1.7081326421658152 0.052430721667830422 1.7129519819078263 0.5 -1.7128566959779601 1.0937925074778092 OK 13 12 0.51990000000000003 0.34845599999999999 0.19617200000000001 0.31501000000000001 0.14235700000000001 0 0.20489000000000002 0.20609899999999998 0.19617200000000001 0.0064200000000000004 0.0063819999999999997 0.0058459999999999996 0.17666399999999999 0.17897700000000002 0.17106100000000002 0.003973 0.0037660000000000003 0.003202 0.00074299999999999995 0.000696 0.00066599999999999993 1.0937969241437691 1.0937969241437691 1.0937969241437691 0.00021775860347072865 0.00021775860347072865 0.00021775860347072865 1 1 1 Converged Converged Converged OK OK OK 80 80 80 80 80 80 8 8 8 0 0 0 0 1 0 0 1
43 43 linear 0 23 430 3 0.001 0.46325785319852097 0.00020572890945843144 0.07917486719018127 1.7081326421658152 0.052430721667830422 1.7239676156038515 0.5 -1.7238723296739853 1.0921612628931454 OK 13 12 0.53017400000000003 0.35818499999999998 0.20794099999999999 0.31578400000000001 0.14171 0 0.21439000000000002 0.21647499999999997 0.20794099999999999 0.0063410000000000003 0.0062909999999999997 0.0057390000000000002 0.18789200000000003 0.191242 0.18386400000000003 0.00381 0.0034280000000000001 0.0032580000000000005 0.00071699999999999997 0.00069099999999999999 0.00071100000000000004 1.0921632402812014 1.0921632402812014 1.0921632402812014 0.00032606139250655552 0.00032606139250655552 0.00032606139250655552 1 1 1 Converged Converged Converged OK OK OK 80 80 80 80 80 80 8 8 8 0 0 0 0 1 0 0 1
43 43 linear 0 0 430 0 0.0001 0.46325785319852097 0.00020572890945843144 0.07917486719018127 1.7081326421658152 0.052430721667830422 1.6922976687277789 0.5 -1.6922023827979127 1.0969296303810596 OK 13 12 0.54288499999999995 0.53717599999999999 0.20571999999999999 0.330905 0.330897 0 0.21197999999999995 0.20627899999999999 0.20571999999999999 0.0076150000000000002 0.0072610000000000001 0.0072839999999999997 0.181029 0.17639999999999997 0.17626500000000009 0.0034609999999999997 0.0031340000000000001 0.0029559999999999999 0.00067099999999999994 0.00065799999999999995 0.00066800000000000008 1.0969369870012347 1.0969369870012347 1.0969369870012347 2.8377408556162679e-05 2.8377408556162679e-05 2.8377408556162679e-05 1 1 1 Converged Converged Converged OK OK OK 73 73 73 73 73 73 7 7 7 0 0 0 0 0 1 0 0
43 43 linear 0 7 430 1 0.0001 0.46325785319852097 0.00020572890945843144 0.07917486719018127 1.7081326421658152 0.052430721667830422 1.7019363482118011 0.5 -1.7018410622819349 1.0954468086832145 OK 13 12 0.52657900000000002 0.35369400000000001 0.20066700000000001 0.32561099999999998 0.14833199999999999 0 0.20096800000000004 0.20536200000000002 0.20066700000000001 0.0064289999999999998 0.0063080000000000002 0.0057359999999999998 0.17607999999999999 0.180232 0.17745300000000003 0.0033140000000000001 0.0035889999999999997 0.0030490000000000001 0.00058900000000000001 0.00070899999999999999 0.00056800000000000004 1.0954532084308315 1.0954532084308315 1.0954532084308315 3.5390112204689121e-05 3.5390112204689121e-05 3.5390112204689121e-05 1 1 1 Converged Converged Converged OK OK OK 73 73 73 73 73 73 7 7 7 0 0 0 0 1 0 0 1
43 43 linear 0 15 430 2 0.0001 0.46325785319852097 0.00020572890945843144 0.07917486719018127 1.7081326421658152 0.052430721667830422 1.7129519819078263 0.5 -1.7128566959779601 1.0937925074778092 OK 13 12 0.53433200000000003 0.37011300000000003 0.21643200000000001 0.31254399999999999 0.14632899999999999 0 0.22178800000000004 0.22378400000000004 0.21643200000000001 0.0063899999999999998 0.0064850000000000003 0.0058700000000000002 0.19060799999999997 0.19285699999999995 0.18804099999999996 0.0044729999999999995 0.0043140000000000001 0.0037590000000000002 0.00094799999999999995 0.00093499999999999985 0.00082399999999999997 1.0937925805652728 1.0937925805652728 1.0937925805652728 1.377366050279258e-05 1.377366050279258e-05 1.377366050279258e-05 1 1 1 Converged Converged Converged OK OK OK 88 88 88 88 88 88 8 8 8 0 0 0 0 1 0 0 1
43 43 linear 0 23 430 3 0.0001 0.46325785319852097 0.00020572890945843144 0.07917486719018127 1.7081326421658152 0.052430721667830422 1.7239676156038515 0.5 -1.7238723296739853 1.0921612628931454 OK 13 12 0.53868300000000002 0.37003200000000003 0.216361 0.315863 0.14133899999999999 0 0.22282000000000002 0.22869300000000004 0.216361 0.0062610000000000001 0.0062310000000000004 0.0058269999999999997 0.19531800000000002 0.20178699999999994 0.19059700000000004 0.0039819999999999994 0.0039110000000000004 0.0036750000000000003 0.00094699999999999993 0.00084400000000000002 0.00083900000000000001 1.0921612663961364 1.0921612663961364 1.0921612663961364 1.1341257963341794e-05 1.1341257963341794e-05 1.1341257963341794e-05 1 1 1 Converged Converged Converged OK OK OK 88 88 88 88 88 88 8 8 8 0 0 0 0 1 0 0 1
43 43 linear 1 0 431 0 0.001 0.46325785319852097 0.00020572890945843144 0.07917486719018127 0.02872174664963658 0.046830954922062872 0.012886773211600325 0.5 -0.012791487281734177 23.297932574189996 OK 12 11 0.71960500000000005 0.69503000000000004 0.32680700000000001 0.37918400000000002 0.36731599999999998 0 0.34042100000000003 0.32771400000000006 0.32680700000000001 0.011851 0.010791 0.010546 0.29381699999999999 0.28158700000000003 0.28087699999999999 0.0060169999999999998 0.0073590000000000001 0.0073049999999999999 0.0010679999999999999 0.0011609999999999999 0.001212 23.298007605993423 23.298007605993423 23.298007605993423 0.0077473449647843112 0.0077473449647843112 0.0077473449647843112 1 1 1 Converged Converged Converged OK OK OK 114 114 114 114 114 114 6 6 6 0 0 0 0 0 1 0 0
43 43 linear 1 7 431 1 0.001 0.46325785319852097 0.00020572890945843144 0.07917486719018127 0.02872174664963658 0.046830954922062872 0.022525452695622394 0.5 -0.022430166765756248 22.725799895352587 OK 11 10 0.69826100000000002 0.49337300000000001 0.30840600000000001 0.378473 0.17618300000000001 0 0.31978800000000002 0.31718999999999997 0.30840600000000001 0.0098110000000000003 0.010015 0.0092890000000000004 0.28287500000000004 0.27841100000000002 0.27193299999999987 0.0060179999999999999 0.0073899999999999999 0.006339 0.0010449999999999999 0.001114 0.0011180000000000001 22.725731679814213 22.725731679814213 22.725731679814213 0.0077729691481306868 0.0077729691481306868 0.0077729691481306868 1 1 1 Converged Converged Converged OK OK OK 114 114 114 114 114 114 6 6 6 0 0 0 0 1 0 0 1
43 43 linear 1 15 431 2 0.001 0.46325785319852097 0.00020572890945843144 0.07917486719018127 0.02872174664963658 0.046830954922062872 0.033541086391647615 0.5 -0.033445800461781465 21.668215455031955 OK 13 12 0.75141400000000003 0.52022100000000004 0.33557999999999999 0.41115000000000002 0.18257399999999999 0 0.34026400000000001 0.33764700000000003 0.33557999999999999 0.010603 0.010329 0.0098440000000000003 0.29987899999999973 0.29721999999999998 0.29713300000000004 0.0069840000000000015 0.0071789999999999996 0.0064420000000000007 0.0012230000000000001 0.0011349999999999999 0.0011590000000000001 21.66810456916291 21.66810456916291 21.66810456916291 0.0076500341365379945 0.0076500341365379945 0.0076500341365379945 1 1 1 Converged Converged Converged OK OK OK 121 121 121 121 121 121 7 7 7 0 0 0 0 1 0 0 1
43 43 linear 1 23 431 3 0.001 0.46325785319852097 0.00020572890945843144 0.07917486719018127 0.02872174664963658 0.046830954922062872 0.044556720087672835 0.5 -0.044461434157806685 20.134560374534203 OK 13 12 0.71281799999999995 0.45958500000000002 0.27610299999999999 0.42353499999999999 0.178896 0 0.28928299999999996 0.28068900000000002 0.27610299999999999 0.010102999999999999 0.010149999999999999 0.0093710000000000009 0.25313999999999998 0.24568100000000018 0.24292100000000003 0.0054849999999999994 0.0052449999999999997 0.0047580000000000001 0.0015630000000000002 0.001407 0.001248 20.134504634103187 20.134504634103187 20.134504634103187 0.0067919229607731378 0.0067919229607731378 0.0067919229607731378 1 1 1 Converged Converged Converged OK OK OK 104 104 104 104 104 104 8 8 8 0 0 0 0 1 0 0 1
43 43 linear 1 0 431 0 0.0001 0.46325785319852097 0.00020572890945843144 0.07917486719018127 0.02872174664963658 0.046830954922062872 0.012886773211600325 0.5 -0.012791487281734177 23.297932574189996 OK 12 11 0.90912199999999999 0.89224899999999996 0.52522899999999995 0.36970399999999998 0.36567 0 0.53941799999999995 0.52657899999999991 0.52522899999999995 0.011197 0.01086 0.010714 0.46292500000000003 0.45187300000000019 0.44648100000000013 0.018127000000000001 0.017999999999999999 0.016115999999999998 0.0014680000000000001 0.0014410000000000002 0.0013489999999999999 23.29804133263411 23.29804133263411 23.29804133263411 0.00143113883073555 0.00143113883073555 0.00143113883073555 1 1 1 Converged Converged Converged OK OK OK 194 194 194 194 194 194 6 6 6 0 0 0 0 0 1 0 0
43 43 linear 1 7 431 1 0.0001 0.46325785319852097 0.00020572890945843144 0.07917486719018127 0.02872174664963658 0.046830954922062872 0.022525452695622394 0.5 -0.022430166765756248 22.725799895352587 OK 11 10 0.888907 0.67696699999999999 0.49292900000000001 0.37783600000000001 0.17649899999999999 0 0.51107100000000005 0.50046800000000002 0.49292900000000001 0.009887 0.0099349999999999994 0.0093659999999999993 0.45065599999999978 0.43975800000000009 0.43447999999999987 0.016088000000000002 0.016195999999999999 0.015584000000000001 0.001372 0.0013679999999999999 0.001291 22.725810051272422 22.725810051272422 22.725810051272422 0.0014687439612094501 0.0014687439612094501 0.0014687439612094501 1 1 1 Converged Converged Converged OK OK OK 194 194 194 194 194 194 6 6 6 0 0 0 0 1 0 0 1
43 43 linear 1 15 431 2 0.0001 0.46325785319852097 0.00020572890945843144 0.07917486719018127 0.02872174664963658 0.046830954922062872 0.033541086391647615 0.5 -0.033445800461781465 21.668215455031955 OK 13 12 0.94164099999999995 0.70597200000000004 0.52386299999999997 0.41199599999999997 0.18414900000000001 0 0.52964499999999992 0.52182300000000004 0.52386299999999997 0.01034 0.010501999999999999 0.0098010000000000007 0.46542799999999995 0.45711700000000038 0.44743100000000008 0.016312999999999998 0.016806000000000001 0.015664999999999998 0.0014139999999999999 0.0014 0.0013880000000000001 21.668230065742925 21.668230065742925 21.668230065742925 0.0013902075935275024 0.0013902075935275024 0.0013902075935275024 1 1 1 Converged Converged Converged OK OK OK 201 201 201 201 201 201 7 7 7 0 0 0 0 1 0 0 1
43 43 linear 1 23 431 3 0.0001 0.46325785319852097 0.00020572890945843144 0.07917486719018127 0.02872174664963658 0.046830954922062872 0.044556720087672835 0.5 -0.044461434157806685 20.134560374534203 OK 13 12 0.82757999999999998 0.57699 0.39394000000000001 0.42163699999999998 0.18437200000000001 0 0.405943 0.39261800000000002 0.39394000000000001 0.010184 0.010149999999999999 0.010807000000000001 0.35999300000000001 0.34851200000000004 0.34980800000000006 0.0084700000000000001 0.007535 0.007169 0.001933 0.0018630000000000001 0.0017750000000000001 20.134548367045063 20.134548367045063 20.134548367045063 0.0015200423495742566 0.0015200423495742566 0.0015200423495742566 1 1 1 Converged Converged Converged OK OK OK 144 144 144 144 144 144 8 8 8 0 0 0 0 1 0 0 1
43 43 linear 2 0 432 0 0.001 0.46325785319852097 0.00020572890945843144 0.07917486719018127 1.754839462485164 -0.027639827613235801 1.7390044890471277 0.5 -1.7389092031172615 1.0857966585976457 OK 14 13 0.54469800000000002 0.54278000000000004 0.225882 0.316021 0.31889400000000001 0 0.22867700000000002 0.22388600000000003 0.225882 0.0081359999999999991 0.0078759999999999993 0.0077720000000000003 0.19250599999999998 0.18876199999999999 0.19160399999999997 0.0038399999999999997 0.0037590000000000002 0.0035240000000000002 0.00099700000000000006 0.00086300000000000005 0.00078799999999999996 1.0857969367541269 1.0857969367541269 1.0857969367541269 5.0076281151654326e-05 5.0076281151654326e-05 5.0076281151654326e-05 1 1 1 Converged Converged Converged OK OK OK 87 87 87 87 87 87 9 9 9 0 0 0 0 0 1 0 0
43 43 linear 2 7 432 1 0.001 0.46325785319852097 0.00020572890945843144 0.07917486719018127 1.754839462485164 -0.027639827613235801 1.7486431685311499 0.5 -1.7485478826012837 1.0843841024697733 OK 14 13 0.51879699999999995 0.36071500000000001 0.20280200000000001 0.31143300000000002 0.14302999999999999 0 0.20736399999999994 0.21768500000000002 0.20280200000000001 0.0065040000000000002 0.0066940000000000003 0.0062960000000000004 0.18063800000000008 0.18996899999999989 0.176761 0.0035400000000000002 0.0039129999999999998 0.0035349999999999999 0.00072800000000000002 0.00083900000000000001 0.00076500000000000005 1.084384073520829 1.084384073520829 1.084384073520829 5.590506579478174e-05 5.590506579478174e-05 5.590506579478174e-05 1 1 1 Converged Converged Converged OK OK OK 87 87 87 87 87 87 9 9 9 0 0 0 0 1 0 0 1
43 43 linear 2 15 432 2 0.001 0.46325785319852097 0.00020572890945843144 0.07917486719018127 1.754839462485164 -0.027639827613235801 1.7596588022271751 0.5 -1.7595635162973089 1.0826224610623503 OK 13 12 0.493537 0.32699099999999998 0.175181 0.30971199999999999 0.14058200000000001 0 0.18382500000000002 0.18640899999999996 0.175181 0.0067299999999999999 0.0067790000000000003 0.0066 0.15767900000000001 0.15924800000000006 0.15028299999999986 0.0033230000000000004 0.0039039999999999999 0.0032969999999999996 0.00068300000000000001 0.00079900000000000001 0.00071700000000000008 1.0826213916534642 1.0826213916534642 1.0826213916534642 8.67493608181837e-05 8.67493608181837e-05 8.67493608181837e-05 1 1 1 Converged Converged Converged OK OK OK 80 80 80 80 80 80 8 8 8 0 0 0 0 1 0 0 1
43 43 linear 2 23 432 3 0.001 0.46325785319852097 0.00020572890945843144 0.07917486719018127 1.754839462485164 -0.027639827613235801 1.7706744359232003 0.5 -1.7705791499933341 1.0802964895432874 OK 14 13 0.57574899999999996 0.40201799999999999 0.174125 0.38908399999999999 0.21745600000000001 0 0.18666499999999997 0.18456199999999998 0.174125 0.0098539999999999999 0.0097529999999999995 0.0089320000000000007 0.15485100000000002 0.15396500000000002 0.145311 0.0043159999999999995 0.0037989999999999999 0.0035529999999999997 0.00077899999999999996 0.00088600000000000007 0.00072199999999999999 1.0802963615672379 1.0802963615672379 1.0802963615672379 0.0001418233984521586 0.0001418233984521586 0.0001418233984521586 1 1 1 Converged Converged Converged OK OK OK 87 87 87 87 87 87 9 9 9 0 0 0 0 1 0 0 1
43 43 linear 2 0 432 0 0.0001 0.46325785319852097 0.00020572890945843144 0.07917486719018127 1.754839462485164 -0.027639827613235801 1.7390044890471277 0.5 -1.7389092031172615 1.0857966585976457 OK 14 13 0.54874500000000004 0.54039700000000002 0.22215499999999999 0.32039600000000001 0.31593199999999999 0 0.22834900000000002 0.22446500000000003 0.22215499999999999 0.0077770000000000001 0.0075839999999999996 0.0075919999999999998 0.19159400000000004 0.18914300000000006 0.18767 0.0045370000000000002 0.003852 0.0036300000000000004 0.00075199999999999996 0.00090499999999999999 0.00085699999999999991 1.0857969367541269 1.0857969367541269 1.0857969367541269 5.0076281151654326e-05 5.0076281151654326e-05 5.0076281151654326e-05 1 1 1 Converged Converged Converged OK OK OK 87 87 87 87 87 87 9 9 9 0 0 0 0 0 1 0 0
43 43 linear 2 7 432 1 0.0001 0.46325785319852097 0.00020572890945843144 0.07917486719018127 1.754839462485164 -0.027639827613235801 1.7486431685311499 0.5 -1.7485478826012837 1.0843841024697733 OK 14 13 0.52544599999999997 0.35921399999999998 0.203183 0.31167699999999998 0.14280100000000001 0 0.21376899999999999 0.21641299999999997 0.203183 0.0066169999999999996 0.0066810000000000003 0.0060829999999999999 0.1854559999999999 0.18887899999999999 0.17752799999999999 0.0041200000000000004 0.0038380000000000003 0.0033909999999999999 0.00078300000000000006 0.00083200000000000006 0.0007319999999999999 1.084384073520829 1.084384073520829 1.084384073520829 5.590506579478174e-05 5.590506579478174e-05 5.590506579478174e-05 1 1 1 Converged Converged Converged OK OK OK 87 87 87 87 87 87 9 9 9 0 0 0 0 1 0 0 1
43 43 linear 2 15 432 2 0.0001 0.46325785319852097 0.00020572890945843144 0.07917486719018127 1.754839462485164 -0.027639827613235801 1.7596588022271751 0.5 -1.7595635162973089 1.0826224610623503 OK 13 12 0.49572899999999998 0.32670399999999999 0.17608699999999999 0.31159599999999998 0.14178499999999999 0 0.18413299999999999 0.184919 0.17608699999999999 0.0067320000000000001 0.007051 0.0064770000000000001 0.15662999999999996 0.15827499999999997 0.15103500000000003 0.0041640000000000002 0.0036189999999999998 0.0033870000000000003 0.00079199999999999995 0.00078399999999999997 0.00065399999999999996 1.0826213916534642 1.0826213916534642 1.0826213916534642 8.67493608181837e-05 8.67493608181837e-05 8.67493608181837e-05 1 1 1 Converged Converged Converged OK OK OK 80 80 80 80 80 80 8 8 8 0 0 0 0 1 0 0 1
43 43 linear 2 23 432 3 0.0001 0.46325785319852097 0.00020572890945843144 0.07917486719018127 1.754839462485164 -0.027639827613235801 1.7706744359232003 0.5 -1.7705791499933341 1.0802964895432874 OK 14 13 0.58707699999999996 0.42291800000000002 0.188721 0.38581599999999999 0.21959600000000001 0 0.20126099999999997 0.203322 0.188721 0.0098329999999999997 0.0097979999999999994 0.0089230000000000004 0.16592600000000007 0.16834499999999994 0.156615 0.0047909999999999993 0.0047099999999999998 0.0041119999999999993 0.00093499999999999985 0.001054 0.00092099999999999994 1.0802956519327165 1.0802956519327165 1.0802956519327165 8.9772100396229762e-05 8.9772100396229762e-05 8.9772100396229762e-05 1 1 1 Converged Converged Converged OK OK OK 95 95 95 95 95 95 9 9 9 0 0 0 0 1 0 0 1
43 43 linear 3 0 433 0 0.001 0.46325785319852097 0.00020572890945843144 0.07917486719018127 1.6286175943662702 -0.13641107815987041 1.6127826209282339 0.5 -1.6126873349983677 1.1120884394005008 OK 11 10 0.38527499999999998 0.386272 0.078811000000000006 0.30402600000000002 0.306141 0 0.08124899999999996 0.080131000000000008 0.078811000000000006 0.0087539999999999996 0.0088850000000000005 0.0085620000000000002 0.053657999999999997 0.052482999999999988 0.051616999999999996 0.0027899999999999999 0.0028300000000000001 0.0028089999999999999 0.0005579999999999999 0.00057200000000000003 0.00056800000000000004 1.1120879976509037 1.1120879976509037 1.1120879976509037 0.00015649184602090934 0.00015649184602090934 0.00015649184602090934 1 1 1 Converged Converged Converged OK OK OK 53 53 53 53 53 53 3 3 3 0 0 0 0 0 1 0 0
43 43 linear 3 7 433 1 0.001 0.46325785319852097 0.00020572890945843144 0.07917486719018127 1.6286175943662702 -0.13641107815987041 1.6224213004122561 0.5 -1.6223260144823899 1.1107427346950833 OK 11 10 0.39137499999999997 0.22714799999999999 0.078341999999999995 0.30799399999999999 0.140623 0 0.083380999999999983 0.086524999999999991 0.078341999999999995 0.0081469999999999997 0.0081609999999999999 0.0075709999999999996 0.057236000000000009 0.061673000000000006 0.054481999999999996 0.0034339999999999996 0.002905 0.002715 0.00058299999999999997 0.000562 0.00054799999999999998 1.1107421982175663 1.1107421982175663 1.1107421982175663 0.00016183440185701831 0.00016183440185701831 0.00016183440185701831 1 1 1 Converged Converged Converged OK OK OK 53 53 53 53 53 53 3 3 3 0 0 0 0 1 0 0 1
43 43 linear 3 15 433 2 0.001 0.46325785319852097 0.00020572890945843144 0.07917486719018127 1.6286175943662702 -0.13641107815987041 1.6334369341082813 0.5 -1.6333416481784151 1.1092817748734853 OK 11 10 0.38558599999999998 0.22217000000000001 0.076100000000000001 0.30588199999999999 0.13814799999999999 0 0.079703999999999997 0.084022000000000013 0.076100000000000001 0.0080949999999999998 0.0081150000000000007 0.0075659999999999998 0.05446900000000001 0.059204 0.052289000000000002 0.0029979999999999998 0.0029739999999999996 0.0028089999999999999 0.00055400000000000002 0.000562 0.000544 1.1092811517166186 1.1092811517166186 1.1092811517166186 0.00017069769788133639 0.00017069769788133639 0.00017069769788133639 1 1 1 Converged Converged Converged OK OK OK 53 53 53 53 53 53 3 3 3 0 0 0 0 1 0 0 1
43 43 linear 3 23 433 3 0.001 0.46325785319852097 0.00020572890945843144 0.07917486719018127 1.6286175943662702 -0.13641107815987041 1.6444525678043065 0.5 -1.6443572818744403 1.107896058467847 OK 11 10 0.39249000000000001 0.23455500000000001 0.076753000000000002 0.30817600000000001 0.14962600000000001 0 0.084314 0.084929000000000004 0.076753000000000002 0.0080770000000000008 0.0080599999999999995 0.0075249999999999996 0.059268999999999988 0.060343000000000015 0.053214000000000004 0.0029429999999999999 0.002846 0.002725 0.00055699999999999999 0.00056400000000000005 0.00054600000000000004 1.107895324940682 1.107895324940682 1.107895324940682 0.00018317067402821402 0.00018317067402821402 0.00018317067402821402 1 1 1 Converged Converged Converged OK OK OK 53 53 53 53 53 53 3 3 3 0 0 0 0 1 0 0 1
43 43 linear 3 0 433 0 0.0001 0.46325785319852097 0.00020572890945843144 0.07917486719018127 1.6286175943662702 -0.13641107815987041 1.6127826209282339 0.5 -1.6126873349983677 1.1120884394005008 OK 11 10 0.41101700000000002 0.40917300000000001 0.102924 0.30568400000000001 0.30418000000000001 0 0.10533300000000001 0.104993 0.102924 0.0086239999999999997 0.0088590000000000006 0.0084539999999999997 0.072249999999999981 0.07121100000000001 0.070333999999999994 0.0036410000000000006 0.0038890000000000001 0.0036610000000000002 0.00066400000000000009 0.00070299999999999996 0.00067000000000000002 1.1120879845995002 1.1120879845995002 1.1120879845995002 1.8266953898890681e-05 1.8266953898890681e-05 1.8266953898890681e-05 1 1 1 Converged Converged Converged OK OK OK 69 69 69 69 69 69 3 3 3 0 0 0 0 0 1 0 0
43 43 linear 3 7 433 1 0.0001 0.46325785319852097 0.00020572890945843144 0.07917486719018127 1.6286175943662702 -0.13641107815987041 1.6224213004122561 0.5 -1.6223260144823899 1.1107427346950833 OK 11 10 0.40797499999999998 0.25559199999999999 0.100304 0.30432599999999999 0.13930200000000001 0 0.10364899999999999 0.11628999999999998 0.100304 0.0080979999999999993 0.0080920000000000002 0.0076470000000000002 0.073991000000000001 0.08665100000000002 0.071523000000000031 0.0037679999999999996 0.0037919999999999998 0.0036230000000000004 0.00066600000000000003 0.00069099999999999999 0.00064400000000000004 1.1107421877501567 1.1107421877501567 1.1107421877501567 2.2711331870698552e-05 2.2711331870698552e-05 2.2711331870698552e-05 1 1 1 Converged Converged Converged OK OK OK 69 69 69 69 69 69 3 3 3 0 0 0 0 1 0 0 1
43 43 linear 3 15 433 2 0.0001 0.46325785319852097 0.00020572890945843144 0.07917486719018127 1.6286175943662702 -0.13641107815987041 1.6334369341082813 0.5 -1.6333416481784151 1.1092817748734853 OK 11 10 0.40894999999999998 0.24568100000000001 0.100367 0.30824299999999999 0.135934 0 0.10070699999999999 0.10974700000000001 0.100367 0.0079830000000000005 0.0080479999999999996 0.0078560000000000001 0.071276000000000034 0.080570999999999976 0.070809999999999984 0.0035789999999999997 0.0035830000000000002 0.0037329999999999998 0.00066 0.00066500000000000001 0.00066200000000000005 1.109281144382201 1.109281144382201 1.109281144382201 2.9346994700877116e-05 2.9346994700877116e-05 2.9346994700877116e-05 1 1 1 Converged Converged Converged OK OK OK 69 69 69 69 69 69 3 3 3 0 0 0 0 1 0 0 1
43 43 linear 3 23 433 3 0.0001 0.46325785319852097 0.00020572890945843144 0.07917486719018127 1.6286175943662702 -0.13641107815987041 1.6444525678043065 0.5 -1.6443572818744403 1.107896058467847 OK 11 10 0.41303000000000001 0.25523499999999999 0.100552 0.30787199999999998 0.141732 0 0.10515800000000003 0.11350299999999999 0.100552 0.0080599999999999995 0.0081040000000000001 0.0076049999999999998 0.074961 0.083691999999999989 0.071743000000000015 0.0039490000000000003 0.0038370000000000001 0.0037130000000000002 0.00071199999999999996 0.00068000000000000005 0.00064299999999999991 1.1078953206574491 1.1078953206574491 1.1078953206574491 3.813300891553399e-05 3.813300891553399e-05 3.813300891553399e-05 1 1 1 Converged Converged Converged OK OK OK 69 69 69 69 69 69 3 3 3 0 0 0 0 1 0 0 1
43 43 linear 4 0 434 0 0.001 0.46325785319852097 0.00020572890945843144 0.07917486719018127 1.6870136482291143 -0.18494909423470665 1.671178674791078 0.5 -1.6710833888612118 1.1010357829798627 OK 12 11 0.38650400000000001 0.38631199999999999 0.078900999999999999 0.30587700000000001 0.30719099999999999 0 0.080627000000000004 0.079120999999999997 0.078900999999999999 0.0088830000000000003 0.0089219999999999994 0.0085649999999999997 0.053063999999999993 0.051785000000000012 0.051804999999999997 0.0027899999999999999 0.0028370000000000001 0.002823 0.00062699999999999995 0.00059099999999999995 0.00064199999999999999 1.1010352380865764 1.1010352380865764 1.1010352380865764 0.00012088589137433878 0.00012088589137433878 0.00012088589137433878 1 1 1 Converged Converged Converged OK OK OK 53 53 53 53 53 53 3 3 3 0 0 0 0 0 1 0 0
43 43 linear 4 7 434 1 0.001 0.46325785319852097 0.00020572890945843144 0.07917486719018127 1.6870136482291143 -0.18494909423470665 1.6808173542751002 0.5 -1.680722068345234 1.0995392480723545 OK 12 11 0.38724399999999998 0.22475300000000001 0.077584 0.30706099999999997 0.140158 0 0.080183000000000004 0.084595000000000004 0.077584 0.0081040000000000001 0.0081679999999999999 0.0076660000000000001 0.055288999999999991 0.059948000000000001 0.053717999999999995 0.002872 0.0028599999999999997 0.0028600000000000001 0.00063900000000000003 0.00061100000000000011 0.00058900000000000001 1.099538788038416 1.099538788038416 1.099538788038416 0.00011990050631378822 0.00011990050631378822 0.00011990050631378822 1 1 1 Converged Converged Converged OK OK OK 53 53 53 53 53 53 3 3 3 0 0 0 0 1 0 0 1
43 43 linear 4 15 434 2 0.001 0.46325785319852097 0.00020572890945843144 0.07917486719018127 1.6870136482291143 -0.18494909423470665 1.6918329879711254 0.5 -1.6917377020412592 1.0978369772510326 OK 12 11 0.380131 0.22273499999999999 0.074560000000000001 0.300622 0.13752900000000001 0 0.079508999999999996 0.085205999999999976 0.074560000000000001 0.008071 0.0094059999999999994 0.0076210000000000002 0.054680000000000013 0.059128 0.050864000000000006 0.0028830000000000001 0.0029000000000000002 0.0028019999999999998 0.00060300000000000002 0.00061100000000000011 0.00058100000000000003 1.0978365145414657 1.0978365145414657 1.0978365145414657 0.00011836725000037292 0.00011836725000037292 0.00011836725000037292 1 1 1 Converged Converged Converged OK OK OK 53 53 53 53 53 53 3 3 3 0 0 0 0 1 0 0 1
43 43 linear 4 23 434 3 0.001 0.46325785319852097 0.00020572890945843144 0.07917486719018127 1.6870136482291143 -0.18494909423470665 1.7028486216671506 0.5 -1.7027533357372844 1.0961417679934129 OK 12 11 0.39130700000000002 0.227496 0.076676999999999995 0.31130999999999998 0.14174300000000001 0 0.07999700000000004 0.085752999999999996 0.076676999999999995 0.0082260000000000007 0.0082740000000000001 0.0075929999999999999 0.054837999999999998 0.060374999999999991 0.053156999999999996 0.0029059999999999997 0.0031149999999999997 0.00266 0.00069499999999999998 0.00065499999999999998 0.00060800000000000003 1.0961412167700517 1.0961412167700517 1.0961412167700517 0.00011637857221148883 0.00011637857221148883 0.00011637857221148883 1 1 1 Converged Converged Converged OK OK OK 53 53 53 53 53 53 3 3 3 0 0 0 0 1 0 0 1
43 43 linear 4 0 434 0 0.0001 0.46325785319852097 0.00020572890945843144 0.07917486719018127 1.6870136482291143 -0.18494909423470665 1.671178674791078 0.5 -1.6710833888612118 1.1010357829798627 OK 12 11 0.412246 0.40923999999999999 0.101604 0.30732799999999999 0.30632799999999999 0 0.10491800000000001 0.102912 0.101604 0.0088679999999999991 0.0090589999999999993 0.0083569999999999998 0.071718000000000004 0.069867000000000012 0.069072999999999982 0.0035980000000000001 0.0036550000000000003 0.0036620000000000003 0.00069099999999999999 0.00068199999999999999 0.00076000000000000004 1.1010352371920475 1.1010352371920475 1.1010352371920475 9.1995800227251446e-06 9.1995800227251446e-06 9.1995800227251446e-06 1 1 1 Converged Converged Converged OK OK OK 69 69 69 69 69 69 3 3 3 0 0 0 0 0 1 0 0
43 43 linear 4 7 434 1 0.0001 0.46325785319852097 0.00020572890945843144 0.07917486719018127 1.6870136482291143 -0.18494909423470665 1.6808173542751002 0.5 -1.680722068345234 1.0995392480723545 OK 12 11 0.405254 0.253384 0.097393999999999994 0.30447800000000003 0.14030799999999999 0 0.10077599999999998 0.11307600000000001 0.097393999999999994 0.008097 0.0082719999999999998 0.007672 0.071049000000000001 0.083170999999999995 0.06894900000000001 0.0036259999999999999 0.0038320000000000003 0.0036370000000000005 0.00070299999999999996 0.00072000000000000005 0.000696 1.0995387871932223 1.0995387871932223 1.0995387871932223 9.5353450470061525e-06 9.5353450470061525e-06 9.5353450470061525e-06 1 1 1 Converged Converged Converged OK OK OK 69 69 69 69 69 69 3 3 3 0 0 0 0 1 0 0 1
43 43 linear 4 15 434 2 0.0001 0.46325785319852097 0.00020572890945843144 0.07917486719018127 1.6870136482291143 -0.18494909423470665 1.6918329879711254 0.5 -1.6917377020412592 1.0978369772510326 OK 12 11 0.40285199999999999 0.23877200000000001 0.094117999999999993 0.30501 0.135298 0 0.097841999999999985 0.10347400000000001 0.094117999999999993 0.0081740000000000007 0.0082480000000000001 0.0076400000000000001 0.067677000000000001 0.073672000000000015 0.065469999999999973 0.003859 0.0039329999999999999 0.0037390000000000001 0.000794 0.00074600000000000003 0.00068900000000000005 1.0978365137321784 1.0978365137321784 1.0978365137321784 9.7178756763753686e-06 9.7178756763753686e-06 9.7178756763753686e-06 1 1 1 Converged Converged Converged OK OK OK 69 69 69 69 69 69 3 3 3 0 0 0 0 1 0 0 1
43 43 linear 4 23 434 3 0.0001 0.46325785319852097 0.00020572890945843144 0.07917486719018127 1.6870136482291143 -0.18494909423470665 1.7028486216671506 0.5 -1.7027533357372844 1.0961417679934129 OK 12 11 0.41149200000000002 0.25456299999999998 0.098594000000000001 0.30626199999999998 0.13948099999999999 0 0.10523000000000005 0.11508199999999999 0.098594000000000001 0.0092770000000000005 0.0083049999999999999 0.0076239999999999997 0.073923000000000016 0.085203999999999974 0.069690000000000016 0.0037750000000000001 0.003849 0.003578 0.00076600000000000008 0.00073400000000000006 0.00073700000000000002 1.0961412159762403 1.0961412159762403 1.0961412159762403 9.6657539056963803e-06 9.6657539056963803e-06 9.6657539056963803e-06 1 1 1 Converged Converged Converged OK OK OK 69 69 69 69 69 69 3 3 3 0 0 0 0 1 0 0 1
43 43 uniform 0 0 435 0 0.001 0.46325785319852097 0.00020572890945843144 0.07917486719018127 1.7081326421658152 0.052430721667830422 1.6922976687277789 0 -1.6922023827979127 1.0959769164471751 OK 13 12 0.43714500000000001 0.43279000000000001 0.111376 0.32588800000000001 0.32283600000000001 0 0.11125699999999999 0.109954 0.111376 0.0073559999999999997 0.0070169999999999998 0.0078949999999999992 0.087287999999999991 0.08743999999999999 0.088219000000000034 0.0021000000000000003 0.001807 0.0018010000000000003 0.00050500000000000002 0.000455 0.00041699999999999994 1.0959852780529273 1.0959852780529273 1.0959852780529273 0.00050982190151861023 0.00050982190151861023 0.00050982190151861023 1 1 1 Converged Converged Converged OK OK OK 57 57 57 57 57 57 7 7 7 0 0 0 0 0 1 0 0
43 43 uniform 0 7 435 1 0.001 0.46325785319852097 0.00020572890945843144 0.07917486719018127 1.7081326421658152 0.052430721667830422 1.7019363482118011 0 -1.7018410622819349 1.0945144906416693 OK 13 12 0.430506 0.25452900000000001 0.102987 0.32600400000000002 0.146234 0 0.10450199999999998 0.108295 0.102987 0.0061900000000000002 0.0060689999999999997 0.0056959999999999997 0.086157999999999998 0.090179000000000037 0.085602000000000053 0.0017670000000000001 0.001802 0.0017780000000000001 0.000397 0.00043399999999999998 0.000415 1.0945221466004385 1.0945221466004385 1.0945221466004385 0.00050356289534603585 0.00050356289534603585 0.00050356289534603585 1 1 1 Converged Converged Converged OK OK OK 57 57 57 57 57 57 7 7 7 0 0 0 0 1 0 0 1
43 43 uniform 0 15 435 2 0.001 0.46325785319852097 0.00020572890945843144 0.07917486719018127 1.7081326421658152 0.052430721667830422 1.7129519819078263 0 -1.7128566959779601 1.0929406601110285 OK 13 12 0.41457899999999998 0.24260699999999999 0.099571000000000007 0.31313999999999997 0.13825299999999999 0 0.101439 0.104354 0.099571000000000007 0.0062509999999999996 0.0063140000000000002 0.0058139999999999997 0.08061299999999999 0.083915999999999991 0.079879999999999979 0.0019680000000000001 0.00199 0.0019480000000000001 0.00048099999999999998 0.000495 0.00044700000000000002 1.0929451531451559 1.0929451531451559 1.0929451531451559 0.00042093134709325988 0.00042093134709325988 0.00042093134709325988 1 1 1 Converged Converged Converged OK OK OK 64 64 64 64 64 64 8 8 8 0 0 0 0 1 0 0 1
43 43 uniform 0 23 435 3 0.001 0.46325785319852097 0.00020572890945843144 0.07917486719018127 1.7081326421658152 0.052430721667830422 1.7239676156038515 0 -1.7238723296739853 1.0914482655184958 OK 13 12 0.42635000000000001 0.25597700000000001 0.112773 0.31376199999999999 0.14077600000000001 0 0.11258800000000002 0.115201 0.112773 0.0061599999999999997 0.006149 0.0058269999999999997 0.092917 0.096118000000000023 0.094127999999999989 0.0020570000000000002 0.001993 0.0019580000000000005 0.00052399999999999994 0.00049600000000000002 0.000444 1.0914499912298525 1.0914499912298525 1.0914499912298525 0.00054096095665353053 0.00054096095665353053 0.00054096095665353053 1 1 1 Converged Converged Converged OK OK OK 64 64 64 64 64 64 8 8 8 0 0 0 0 1 0 0 1
43 43 uniform 0 0 435 0 0.0001 0.46325785319852097 0.00020572890945843144 0.07917486719018127 1.7081326421658152 0.052430721667830422 1.6922976687277789 0 -1.6922023827979127 1.0959769164471751 OK 13 12 0.46030900000000002 0.46751700000000002 0.13718900000000001 0.32365699999999997 0.32358999999999999 0 0.13665200000000005 0.14392700000000003 0.13718900000000001 0.00694 0.007358 0.0071279999999999998 0.10558300000000001 0.11019000000000002 0.10605400000000002 0.0029859999999999995 0.0043239999999999997 0.0029889999999999999 0.00071900000000000002 0.00076599999999999997 0.00076000000000000004 1.0959769343308337 1.0959769343308337 1.0959769343308337 2.6363123268929648e-05 2.6363123268929648e-05 2.6363123268929648e-05 1 1 1 Converged Converged Converged OK OK OK 81 81 81 81 81 81 7 7 7 0 0 0 0 0 1 0 0
43 43 uniform 0 7 435 1 0.0001 0.46325785319852097 0.00020572890945843144 0.07917486719018127 1.7081326421658152 0.052430721667830422 1.7019363482118011 0 -1.7018410622819349 1.0945144906416693 OK 13 12 0.451492 0.28839599999999999 0.128055 0.31920999999999999 0.150672 0 0.13228200000000001 0.13772399999999999 0.128055 0.006058 0.0061669999999999997 0.0057340000000000004 0.10748600000000004 0.11177200000000002 0.10409100000000002 0.0029350000000000001 0.0035990000000000002 0.0029529999999999999 0.00066299999999999996 0.00075299999999999998 0.00066800000000000008 1.0945145690610369 1.0945145690610369 1.0945145690610369 2.5893601196382575e-05 2.5893601196382575e-05 2.5893601196382575e-05 1 1 1 Converged Converged Converged OK OK OK 81 81 81 81 81 81 7 7 7 0 0 0 0 1 0 0 1
43 43 uniform 0 15 435 2 0.0001 0.46325785319852097 0.00020572890945843144 0.07917486719018127 1.7081326421658152 0.052430721667830422 1.7129519819078263 0 -1.7128566959779601 1.0929406601110285 OK 13 12 0.42469699999999999 0.26352300000000001 0.113404 0.30870500000000001 0.14248 0 0.11599199999999998 0.12104300000000001 0.113404 0.0061650000000000003 0.0063200000000000001 0.0057650000000000002 0.091003000000000001 0.096675000000000011 0.090053999999999967 0.0030409999999999999 0.0029460000000000003 0.0028620000000000004 0.00066299999999999996 0.00067599999999999995 0.00064099999999999997 1.0929451531188981 1.0929451531188981 1.0929451531188981 5.9413158511506406e-05 5.9413158511506406e-05 5.9413158511506406e-05 1 1 1 Converged Converged Converged OK OK OK 80 80 80 80 80 80 8 8 8 0 0 0 0 1 0 0 1
43 43 uniform 0 23 435 3 0.0001 0.46325785319852097 0.00020572890945843144 0.07917486719018127 1.7081326421658152 0.052430721667830422 1.7239676156038515 0 -1.7238723296739853 1.0914482655184958 OK 13 12 0.44850200000000001 0.28728700000000001 0.13567199999999999 0.31059700000000001 0.14244100000000001 0 0.137905 0.144846 0.13567199999999999 0.0060419999999999996 0.0062700000000000004 0.0058560000000000001 0.11037500000000006 0.11686600000000004 0.10953199999999999 0.0031480000000000002 0.0032829999999999999 0.0031350000000000002 0.00085099999999999998 0.00091100000000000003 0.00080400000000000003 1.0914481790643422 1.0914481790643422 1.0914481790643422 8.3375839100195011e-06 8.3375839100195011e-06 8.3375839100195011e-06 1 1 1 Converged Converged Converged OK OK OK 88 88 88 88 88 88 8 8 8 0 0 0 0 1 0 0 1
43 43 uniform 1 0 436 0 0.001 0.46325785319852097 0.00020572890945843144 0.07917486719018127 0.02872174664963658 0.046830954922062872 0.012886773211600325 0 -0.012791487281734177 22.707866266241041 OK 12 11 0.57978700000000005 0.57213400000000003 0.20441100000000001 0.37148300000000001 0.362564 0 0.20830400000000004 0.20957000000000003 0.20441100000000001 0.010801 0.011101 0.010591 0.16250899999999996 0.16296800000000003 0.16030800000000003 0.0065629999999999994 0.007195 0.0062909999999999997 0.0011429999999999999 0.0010629999999999999 0.0010640000000000001 22.707834688954517 22.707834688954517 22.707834688954517 0.010289901318983228 0.010289901318983228 0.010289901318983228 1 1 1 Converged Converged Converged OK OK OK 114 114 114 114 114 114 6 6 6 0 0 0 0 0 1 0 0
43 43 uniform 1 7 436 1 0.001 0.46325785319852097 0.00020572890945843144 0.07917486719018127 0.02872174664963658 0.046830954922062872 0.022525452695622394 0 -0.022430166765756248 22.293732933065982 OK 11 10 0.57764199999999999 0.37746099999999999 0.19179199999999999 0.383328 0.17701 0 0.19431399999999999 0.20045099999999999 0.19179199999999999 0.0097979999999999994 0.010021 0.009417 0.15797999999999995 0.16236500000000001 0.156557 0.0058460000000000005 0.0071250000000000003 0.0058479999999999999 0.0010189999999999999 0.001142 0.00096699999999999998 22.293624685190995 22.293624685190995 22.293624685190995 0.010236534732780623 0.010236534732780623 0.010236534732780623 1 1 1 Converged Converged Converged OK OK OK 114 114 114 114 114 114 6 6 6 0 0 0 0 1 0 0 1
43 43 uniform 1 15 436 2 0.001 0.46325785319852097 0.00020572890945843144 0.07917486719018127 0.02872174664963658 0.046830954922062872 0.033541086391647615 0 -0.033445800461781465 21.507463322993903 OK 13 12 0.61189300000000002 0.389405 0.200459 0.41001199999999999 0.18343300000000001 0 0.20188100000000003 0.20597199999999999 0.200459 0.0098770000000000004 0.010015 0.0096570000000000007 0.16377999999999993 0.16666199999999995 0.16319400000000006 0.0058779999999999995 0.0068529999999999997 0.006404 0.0010539999999999998 0.0011200000000000001 0.0010809999999999999 21.507271459801373 21.507271459801373 21.507271459801373 0.010101287729619929 0.010101287729619929 0.010101287729619929 1 1 1 Converged Converged Converged OK OK OK 121 121 121 121 121 121 7 7 7 0 0 0 0 1 0 0 1
43 43 uniform 1 23 436 3 0.001 0.46325785319852097 0.00020572890945843144 0.07917486719018127 0.02872174664963658 0.046830954922062872 0.044556720087672835 0 -0.044461434157806685 20.311374131580532 OK 13 12 0.60053900000000004 0.36588500000000002 0.17699300000000001 0.42197899999999999 0.17980199999999999 0 0.17856000000000005 0.18608300000000003 0.17699300000000001 0.0097719999999999994 0.010158 0.009129 0.145539 0.151472 0.14485800000000001 0.0041380000000000002 0.0048649999999999995 0.0045079999999999999 0.001126 0.0013120000000000002 0.0011749999999999998 20.311306637107595 20.311306637107595 20.311306637107595 0.0087160582955381951 0.0087160582955381951 0.0087160582955381951 1 1 1 Converged Converged Converged OK OK OK 104 104 104 104 104 104 8 8 8 0 0 0 0 1 0 0 1
43 43 uniform 1 0 436 0 0.0001 0.46325785319852097 0.00020572890945843144 0.07917486719018127 0.02872174664963658 0.046830954922062872 0.012886773211600325 0 -0.012791487281734177 22.707866266241041 OK 12 11 0.69306100000000004 0.69504100000000002 0.34228900000000001 0.36789899999999998 0.36674899999999999 0 0.32516200000000006 0.32829200000000003 0.34228900000000001 0.010744 0.011103 0.012213999999999999 0.25453799999999982 0.25619900000000001 0.26678199999999985 0.015231 0.016066 0.017430000000000001 0.0013590000000000002 0.0013270000000000001 0.0013469999999999999 22.707862112640726 22.707862112640726 22.707862112640726 0.00092885850445902432 0.00092885850445902432 0.00092885850445902432 1 1 1 Converged Converged Converged OK OK OK 194 194 194 194 194 194 6 6 6 0 0 0 0 0 1 0 0
43 43 uniform 1 7 436 1 0.0001 0.46325785319852097 0.00020572890945843144 0.07917486719018127 0.02872174664963658 0.046830954922062872 0.022525452695622394 0 -0.022430166765756248 22.293732933065982 OK 11 10 0.689558 0.48556199999999999 0.31521500000000002 0.38342399999999999 0.17468700000000001 0 0.30613400000000002 0.31087500000000001 0.31521500000000002 0.0099620000000000004 0.0097809999999999998 0.0095530000000000007 0.24579700000000013 0.25142900000000012 0.25410299999999997 0.016378 0.01593 0.01677 0.0012689999999999997 0.0012809999999999998 0.0012950000000000001 22.293721676100542 22.293721676100542 22.293721676100542 0.0009562634456141304 0.0009562634456141304 0.0009562634456141304 1 1 1 Converged Converged Converged OK OK OK 194 194 194 194 194 194 6 6 6 0 0 0 0 1 0 0 1
43 43 uniform 1 15 436 2 0.0001 0.46325785319852097 0.00020572890945843144 0.07917486719018127 0.02872174664963658 0.046830954922062872 0.033541086391647615 0 -0.033445800461781465 21.507463322993903 OK 13 12 0.73794499999999996 0.50322800000000001 0.319162 0.41103899999999999 0.18350900000000001 0 0.32690599999999997 0.31971899999999998 0.319162 0.010266000000000001 0.010314 0.010878000000000001 0.26147900000000002 0.25544500000000003 0.256658 0.017446000000000003 0.016869000000000002 0.015209 0.0013959999999999999 0.0015119999999999999 0.0013830000000000001 21.507441639618744 21.507441639618744 21.507441639618744 0.00095668545680531567 0.00095668545680531567 0.00095668545680531567 1 1 1 Converged Converged Converged OK OK OK 201 201 201 201 201 201 7 7 7 0 0 0 0 1 0 0 1
43 43 uniform 1 23 436 3 0.0001 0.46325785319852097 0.00020572890945843144 0.07917486719018127 0.02872174664963658 0.046830954922062872 0.044556720087672835 0 -0.044461434157806685 20.311374131580532 OK 13 12 0.66728100000000001 0.440998 0.24751699999999999 0.42089399999999999 0.18341499999999999 0 0.24638700000000002 0.25758300000000001 0.24751699999999999 0.010061 0.011306 0.0094009999999999996 0.20272500000000002 0.21187299999999998 0.20699000000000001 0.0069450000000000007 0.0071809999999999999 0.006215 0.0016819999999999999 0.001699 0.0016080000000000001 20.311360741884229 20.311360741884229 20.311360741884229 0.00090183660503609722 0.00090183660503609722 0.00090183660503609722 1 1 1 Converged Converged Converged OK OK OK 144 144 144 144 144 144 8 8 8 0 0 0 0 1 0 0 1
43 43 uniform 2 0 437 0 0.001 0.46325785319852097 0.00020572890945843144 0.07917486719018127 1.754839462485164 -0.027639827613235801 1.7390044890471277 0 -1.7389092031172615 1.086105648453177 OK 14 13 0.42593999999999999 0.42824800000000002 0.115783 0.30970999999999999 0.309423 0 0.11623 0.11882500000000001 0.115783 0.0077840000000000001 0.0086409999999999994 0.0074440000000000001 0.088016999999999943 0.089849999999999999 0.088396999999999989 0.002307 0.0022769999999999999 0.002196 0.00056300000000000002 0.000531 0.00055400000000000002 1.086106337751177 1.086106337751177 1.086106337751177 0.0004075274650623077 0.0004075274650623077 0.0004075274650623077 1 1 1 Converged Converged Converged OK OK OK 71 71 71 71 71 71 9 9 9 0 0 0 0 0 1 0 0
43 43 uniform 2 7 437 1 0.001 0.46325785319852097 0.00020572890945843144 0.07917486719018127 1.754839462485164 -0.027639827613235801 1.7486431685311499 0 -1.7485478826012837 1.0848041538102116 OK 14 13 0.42438900000000002 0.26048500000000002 0.11305900000000001 0.30940400000000001 0.137351 0 0.114985 0.12313400000000002 0.11305900000000001 0.0065059999999999996 0.0064159999999999998 0.0061240000000000001 0.093575999999999965 0.10227699999999998 0.092931999999999959 0.0022079999999999999 0.0021490000000000003 0.002088 0.00056499999999999996 0.00051900000000000004 0.00057499999999999999 1.084804491914714 1.084804491914714 1.084804491914714 0.0004221187268408396 0.0004221187268408396 0.0004221187268408396 1 1 1 Converged Converged Converged OK OK OK 71 71 71 71 71 71 9 9 9 0 0 0 0 1 0 0 1
43 43 uniform 2 15 437 2 0.001 0.46325785319852097 0.00020572890945843144 0.07917486719018127 1.754839462485164 -0.027639827613235801 1.7596588022271751 0 -1.7595635162973089 1.0831680526648357 OK 13 12 0.40336499999999997 0.23974699999999999 0.093369999999999995 0.30873 0.14039399999999999 0 0.094634999999999969 0.099352999999999997 0.093369999999999995 0.0067539999999999996 0.0067790000000000003 0.006352 0.074732000000000007 0.078787999999999983 0.074186000000000002 0.0019780000000000002 0.0023140000000000001 0.001944 0.00046500000000000003 0.00051800000000000001 0.000484 1.0831671637284461 1.0831671637284461 1.0831671637284461 0.00047185202540447858 0.00047185202540447858 0.00047185202540447858 1 1 1 Converged Converged Converged OK OK OK 64 64 64 64 64 64 8 8 8 0 0 0 0 1 0 0 1
43 43 uniform 2 23 437 3 0.001 0.46325785319852097 0.00020572890945843144 0.07917486719018127 1.754839462485164 -0.027639827613235801 1.7706744359232003 0 -1.7705791499933341 1.0806885747507273 OK 14 13 0.52213200000000004 0.35991200000000001 0.137517 0.385876 0.21346699999999999 0 0.13625600000000004 0.14644500000000002 0.137517 0.0098080000000000007 0.0095849999999999998 0.0087950000000000007 0.11150199999999999 0.12163000000000003 0.11434900000000002 0.0023450000000000003 0.0023389999999999999 0.002199 0.000504 0.00052099999999999998 0.00050699999999999996 1.0806893658212873 1.0806893658212873 1.0806893658212873 0.00045883511566365112 0.00045883511566365112 0.00045883511566365112 1 1 1 Converged Converged Converged OK OK OK 71 71 71 71 71 71 9 9 9 0 0 0 0 1 0 0 1
43 43 uniform 2 0 437 0 0.0001 0.46325785319852097 0.00020572890945843144 0.07917486719018127 1.754839462485164 -0.027639827613235801 1.7390044890471277 0 -1.7389092031172615 1.086105648453177 OK 14 13 0.44936199999999998 0.44944099999999998 0.132602 0.31628400000000001 0.31160399999999999 0 0.13307799999999997 0.13783699999999999 0.132602 0.0077130000000000002 0.007476 0.0073800000000000003 0.098905999999999994 0.098825999999999997 0.099207000000000031 0.0030509999999999995 0.0030699999999999998 0.0031480000000000002 0.00073899999999999997 0.00069699999999999992 0.0007319999999999999 1.0861063377260882 1.0861063377260882 1.0861063377260882 4.6264204324937723e-05 4.6264204324937723e-05 4.6264204324937723e-05 1 1 1 Converged Converged Converged OK OK OK 87 87 87 87 87 87 9 9 9 0 0 0 0 0 1 0 0
43 43 uniform 2 7 437 1 0.0001 0.46325785319852097 0.00020572890945843144 0.07917486719018127 1.754839462485164 -0.027639827613235801 1.7486431685311499 0 -1.7485478826012837 1.0848041538102116 OK 14 13 0.44173099999999998 0.27840700000000002 0.12847500000000001 0.31245299999999998 0.13689499999999999 0 0.129278 0.14151200000000003 0.12847500000000001 0.0063169999999999997 0.0064790000000000004 0.0060260000000000001 0.10347700000000004 0.11524000000000002 0.10344799999999998 0.0030959999999999998 0.0031229999999999999 0.00299 0.00071400000000000001 0.00076599999999999997 0.00071199999999999996 1.0848044918900668 1.0848044918900668 1.0848044918900668 6.0947832748830055e-05 6.0947832748830055e-05 6.0947832748830055e-05 1 1 1 Converged Converged Converged OK OK OK 87 87 87 87 87 87 9 9 9 0 0 0 0 1 0 0 1
43 43 uniform 2 15 437 2 0.0001 0.46325785319852097 0.00020572890945843144 0.07917486719018127 1.754839462485164 -0.027639827613235801 1.7596588022271751 0 -1.7595635162973089 1.0831680526648357 OK 13 12 0.434255 0.26669700000000002 0.120167 0.30875799999999998 0.13744899999999999 0 0.12549700000000003 0.12924800000000003 0.120167 0.0066230000000000004 0.0068459999999999997 0.0062659999999999999 0.097097000000000017 0.10037399999999999 0.09307200000000003 0.0033230000000000004 0.0038149999999999998 0.003264 0.00080399999999999992 0.00085599999999999999 0.00079799999999999999 1.0831676673344861 1.0831676673344861 1.0831676673344861 5.8803882102367542e-05 5.8803882102367542e-05 5.8803882102367542e-05 1 1 1 Converged Converged Converged OK OK OK 88 88 88 88 88 88 8 8 8 0 0 0 0 1 0 0 1
43 43 uniform 2 23 437 3 0.0001 0.46325785319852097 0.00020572890945843144 0.07917486719018127 1.754839462485164 -0.027639827613235801 1.7706744359232003 0 -1.7705791499933341 1.0806885747507273 OK 14 13 0.53725800000000001 0.37787799999999999 0.15052599999999999 0.38564199999999998 0.21738399999999999 0 0.15161600000000003 0.160494 0.15052599999999999 0.0093650000000000001 0.0096179999999999998 0.0087390000000000002 0.12257700000000006 0.13055200000000003 0.12259600000000001 0.0031060000000000003 0.0034340000000000004 0.0030899999999999999 0.00067599999999999995 0.00074200000000000004 0.00064199999999999999 1.0806893657976413 1.0806893657976413 1.0806893657976413 9.787279342371681e-05 9.787279342371681e-05 9.787279342371681e-05 1 1 1 Converged Converged Converged OK OK OK 87 87 87 87 87 87 9 9 9 0 0 0 0 1 0 0 1
43 43 uniform 3 0 438 0 0.001 0.46325785319852097 0.00020572890945843144 0.07917486719018127 1.6286175943662702 -0.13641107815987041 1.6127826209282339 0 -1.6126873349983677 1.1120988770398452 OK 11 10 0.35827799999999999 0.360595 0.051880000000000003 0.30456 0.30704700000000001 0 0.053717999999999988 0.053547999999999984 0.051880000000000003 0.0088660000000000006 0.0088190000000000004 0.0083940000000000004 0.031721999999999993 0.031792999999999988 0.031045999999999994 0.0017910000000000001 0.0018619999999999999 0.0017639999999999999 0.000437 0.00048400000000000006 0.00042699999999999997 1.1120988320582585 1.1120988320582585 1.1120988320582585 0.0004304253794176348 0.0004304253794176348 0.0004304253794176348 1 1 1 Converged Converged Converged OK OK OK 37 37 37 37 37 37 3 3 3 0 0 0 0 0 1 0 0
43 43 uniform 3 7 438 1 0.001 0.46325785319852097 0.00020572890945843144 0.07917486719018127 1.6286175943662702 -0.13641107815987041 1.6224213004122561 0 -1.6223260144823899 1.1107644898671456 OK 11 10 0.35989300000000002 0.197353 0.052167999999999999 0.30636600000000003 0.139649 0 0.053526999999999991 0.057704000000000005 0.052167999999999999 0.0080280000000000004 0.0080680000000000005 0.0076059999999999999 0.033879000000000006 0.037943999999999992 0.033411000000000003 0.0017880000000000001 0.0018470000000000001 0.0017390000000000001 0.00043900000000000005 0.00046000000000000001 0.000428 1.1107644285846003 1.1107644285846003 1.1107644285846003 0.00043444973048583171 0.00043444973048583171 0.00043444973048583171 1 1 1 Converged Converged Converged OK OK OK 37 37 37 37 37 37 3 3 3 0 0 0 0 1 0 0 1
43 43 uniform 3 15 438 2 0.001 0.46325785319852097 0.00020572890945843144 0.07917486719018127 1.6286175943662702 -0.13641107815987041 1.6334369341082813 0 -1.6333416481784151 1.1093224962955526 OK 11 10 0.35643399999999997 0.19377800000000001 0.049561000000000001 0.30540299999999998 0.138903 0 0.051030999999999993 0.054875000000000007 0.049561000000000001 0.0080470000000000003 0.0082629999999999995 0.0074949999999999999 0.031227000000000005 0.035103999999999989 0.030885000000000003 0.0018599999999999997 0.001866 0.001812 0.00043300000000000001 0.00044999999999999999 0.00042499999999999998 1.1093224082745143 1.1093224082745143 1.1093224082745143 0.00044114475943656293 0.00044114475943656293 0.00044114475943656293 1 1 1 Converged Converged Converged OK OK OK 37 37 37 37 37 37 3 3 3 0 0 0 0 1 0 0 1
43 43 uniform 3 23 438 3 0.001 0.46325785319852097 0.00020572890945843144 0.07917486719018127 1.6286175943662702 -0.13641107815987041 1.6444525678043065 0 -1.6443572818744403 1.10796412588719 OK 11 10 0.36180299999999999 0.200404 0.050492000000000002 0.30862499999999998 0.14471999999999999 0 0.053178000000000003 0.055684000000000011 0.050492000000000002 0.0081469999999999997 0.0081259999999999995 0.0075249999999999996 0.032906999999999999 0.036153999999999985 0.031947999999999997 0.0019820000000000003 0.0017589999999999999 0.0017209999999999999 0.00048999999999999998 0.00046000000000000001 0.00042999999999999999 1.1079639956810678 1.1079639956810678 1.1079639956810678 0.00045062048985620675 0.00045062048985620675 0.00045062048985620675 1 1 1 Converged Converged Converged OK OK OK 37 37 37 37 37 37 3 3 3 0 0 0 0 1 0 0 1
43 43 uniform 3 0 438 0 0.0001 0.46325785319852097 0.00020572890945843144 0.07917486719018127 1.6286175943662702 -0.13641107815987041 1.6127826209282339 0 -1.6126873349983677 1.1120988770398452 OK 11 10 0.37956400000000001 0.37336200000000003 0.067982000000000001 0.307668 0.30412400000000001 0 0.071896000000000015 0.069238000000000022 0.067982000000000001 0.010037000000000001 0.0089020000000000002 0.008352 0.042847999999999997 0.041814999999999984 0.041402999999999995 0.0026830000000000001 0.0026550000000000002 0.0026550000000000002 0.00059199999999999997 0.00056799999999999993 0.00055400000000000002 1.1120988320275578 1.1120988320275578 1.1120988320275578 6.7853016715621145e-05 6.7853016715621145e-05 6.7853016715621145e-05 1 1 1 Converged Converged Converged OK OK OK 53 53 53 53 53 53 3 3 3 0 0 0 0 0 1 0 0
43 43 uniform 3 7 438 1 0.0001 0.46325785319852097 0.00020572890945843144 0.07917486719018127 1.6286175943662702 -0.13641107815987041 1.6224213004122561 0 -1.6223260144823899 1.1107644898671456 OK 11 10 0.37480999999999998 0.21462100000000001 0.068041000000000004 0.30563499999999999 0.138351 0 0.069174999999999986 0.076270000000000004 0.068041000000000004 0.0081300000000000001 0.0081010000000000006 0.0076239999999999997 0.044645000000000004 0.051619999999999985 0.044277000000000011 0.002594 0.0026839999999999998 0.0025969999999999999 0.00057400000000000007 0.00056499999999999996 0.00055499999999999994 1.1107644285543334 1.1107644285543334 1.1107644285543334 7.1980060808740081e-05 7.1980060808740081e-05 7.1980060808740081e-05 1 1 1 Converged Converged Converged OK OK OK 53 53 53 53 53 53 3 3 3 0 0 0 0 1 0 0 1
43 43 uniform 3 15 438 2 0.0001 0.46325785319852097 0.00020572890945843144 0.07917486719018127 1.6286175943662702 -0.13641107815987041 1.6334369341082813 0 -1.6333416481784151 1.1093224962955526 OK 11 10 0.37379699999999999 0.209513 0.065586000000000005 0.30722899999999997 0.135848 0 0.066568000000000016 0.073665000000000008 0.065586000000000005 0.0080330000000000002 0.0081150000000000007 0.007607 0.042207999999999989 0.04896600000000001 0.041947999999999985 0.0026310000000000001 0.0027080000000000003 0.0026089999999999998 0.00056300000000000002 0.00058900000000000001 0.00056899999999999995 1.1093224082447506 1.1093224082447506 1.1093224082447506 7.8791845455155522e-05 7.8791845455155522e-05 7.8791845455155522e-05 1 1 1 Converged Converged Converged OK OK OK 53 53 53 53 53 53 3 3 3 0 0 0 0 1 0 0 1
43 43 uniform 3 23 438 3 0.0001 0.46325785319852097 0.00020572890945843144 0.07917486719018127 1.6286175943662702 -0.13641107815987041 1.6444525678043065 0 -1.6443572818744403 1.10796412588719 OK 11 10 0.37808700000000001 0.22012100000000001 0.066253999999999993 0.31012899999999999 0.14557800000000001 0 0.067958000000000018 0.074542999999999998 0.066253999999999993 0.0079729999999999992 0.0081259999999999995 0.0074960000000000001 0.043601999999999995 0.050097000000000003 0.042933999999999986 0.0025739999999999999 0.002735 0.002555 0.00059200000000000008 0.00057700000000000004 0.00057400000000000007 1.107963995651809 1.107963995651809 1.107963995651809 8.8383634708311378e-05 8.8383634708311378e-05 8.8383634708311378e-05 1 1 1 Converged Converged Converged OK OK OK 53 53 53 53 53 53 3 3 3 0 0 0 0 1 0 0 1
43 43 uniform 4 0 439 0 0.001 0.46325785319852097 0.00020572890945843144 0.07917486719018127 1.6870136482291143 -0.18494909423470665 1.671178674791078 0 -1.6710833888612118 1.1010686364067208 OK 12 11 0.361898 0.360429 0.050756999999999997 0.31017699999999998 0.30899900000000002 0 0.051721000000000017 0.051429999999999976 0.050756999999999997 0.0086770000000000007 0.0087259999999999994 0.0086040000000000005 0.029987000000000003 0.030003000000000005 0.029505999999999994 0.0017629999999999998 0.001732 0.0017200000000000002 0.00047099999999999996 0.00043800000000000002 0.00043000000000000004 1.1010686065429534 1.1010686065429534 1.1010686065429534 0.00040588336469016717 0.00040588336469016717 0.00040588336469016717 1 1 1 Converged Converged Converged OK OK OK 37 37 37 37 37 37 3 3 3 0 0 0 0 0 1 0 0
43 43 uniform 4 7 439 1 0.001 0.46325785319852097 0.00020572890945843144 0.07917486719018127 1.6870136482291143 -0.18494909423470665 1.6808173542751002 0 -1.680722068345234 1.0995729812747346 OK 12 11 0.36386600000000002 0.192581 0.050786999999999999 0.30535200000000001 0.13684499999999999 0 0.05851400000000001 0.055736000000000008 0.050786999999999999 0.0080800000000000004 0.0081429999999999992 0.0076150000000000002 0.033040000000000007 0.036313000000000019 0.032274999999999991 0.001769 0.0017179999999999999 0.0016920000000000001 0.00044000000000000002 0.00044799999999999999 0.00042199999999999996 1.0995729503872829 1.0995729503872829 1.0995729503872829 0.00040572565854923582 0.00040572565854923582 0.00040572565854923582 1 1 1 Converged Converged Converged OK OK OK 37 37 37 37 37 37 3 3 3 0 0 0 0 1 0 0 1
43 43 uniform 4 15 439 2 0.001 0.46325785319852097 0.00020572890945843144 0.07917486719018127 1.6870136482291143 -0.18494909423470665 1.6918329879711254 0 -1.6917377020412592 1.0978708242253052 OK 12 11 0.35334500000000002 0.186998 0.048089 0.30355900000000002 0.13370199999999999 0 0.049785999999999997 0.05329600000000001 0.048089 0.0082410000000000001 0.008234 0.0076410000000000002 0.029946999999999998 0.033637 0.029463999999999997 0.0017910000000000001 0.0018110000000000001 0.001745 0.000446 0.00048200000000000001 0.00042200000000000001 1.0978707927830806 1.0978707927830806 1.0978707927830806 0.00040525955688839129 0.00040525955688839129 0.00040525955688839129 1 1 1 Converged Converged Converged OK OK OK 37 37 37 37 37 37 3 3 3 0 0 0 0 1 0 0 1
43 43 uniform 4 23 439 3 0.001 0.46325785319852097 0.00020572890945843144 0.07917486719018127 1.6870136482291143 -0.18494909423470665 1.7028486216671506 0 -1.7027533357372844 1.0961747505382302 OK 12 11 0.35886299999999999 0.19220400000000001 0.050466999999999998 0.30692900000000001 0.13681499999999999 0 0.05193399999999998 0.055389000000000022 0.050466999999999998 0.0080820000000000006 0.0081659999999999996 0.0075810000000000001 0.032275000000000005 0.036035000000000005 0.031889000000000001 0.001774 0.0017279999999999999 0.0017210000000000001 0.00043400000000000003 0.00044099999999999999 0.00042899999999999997 1.0961747192612286 1.0961747192612286 1.0961747192612286 0.00040446896430269884 0.00040446896430269884 0.00040446896430269884 1 1 1 Converged Converged Converged OK OK OK 37 37 37 37 37 37 3 3 3 0 0 0 0 1 0 0 1
43 43 uniform 4 0 439 0 0.0001 0.46325785319852097 0.00020572890945843144 0.07917486719018127 1.6870136482291143 -0.18494909423470665 1.671178674791078 0 -1.6710833888612118 1.1010686364067208 OK 12 11 0.37516100000000002 0.37552200000000002 0.067513000000000004 0.30197099999999999 0.30699700000000002 0 0.073190000000000033 0.068525000000000003 0.067513000000000004 0.013136 0.0089479999999999994 0.0085190000000000005 0.041321000000000004 0.041392999999999985 0.041127999999999998 0.002643 0.002581 0.0025150000000000003 0.00058799999999999998 0.00055999999999999995 0.00055899999999999993 1.1010686065150974 1.1010686065150974 1.1010686065150974 4.3903300670897301e-05 4.3903300670897301e-05 4.3903300670897301e-05 1 1 1 Converged Converged Converged OK OK OK 53 53 53 53 53 53 3 3 3 0 0 0 0 0 1 0 0
43 43 uniform 4 7 439 1 0.0001 0.46325785319852097 0.00020572890945843144 0.07917486719018127 1.6870136482291143 -0.18494909423470665 1.6808173542751002 0 -1.680722068345234 1.0995729812747346 OK 12 11 0.37407200000000002 0.21329899999999999 0.066282999999999995 0.30542399999999997 0.13903799999999999 0 0.068648000000000042 0.074260999999999994 0.066282999999999995 0.0082179999999999996 0.0080409999999999995 0.0075380000000000004 0.043786000000000005 0.049858999999999994 0.042930999999999983 0.0026150000000000001 0.0026259999999999999 0.0025220000000000004 0.00056899999999999995 0.00056300000000000002 0.00054900000000000001 1.0995729503598868 1.0995729503598868 1.0995729503598868 4.3847050514009874e-05 4.3847050514009874e-05 4.3847050514009874e-05 1 1 1 Converged Converged Converged OK OK OK 53 53 53 53 53 53 3 3 3 0 0 0 0 1 0 0 1
43 43 uniform 4 15 439 2 0.0001 0.46325785319852097 0.00020572890945843144 0.07917486719018127 1.6870136482291143 -0.18494909423470665 1.6918329879711254 0 -1.6917377020412592 1.0978708242253052 OK 12 11 0.36762099999999998 0.20755399999999999 0.063974000000000003 0.30194900000000002 0.134848 0 0.065671999999999953 0.072705999999999993 0.063974000000000003 0.0082199999999999999 0.0082170000000000003 0.0076940000000000003 0.040896999999999996 0.047791999999999994 0.040593000000000011 0.0026570000000000001 0.002879 0.0025170000000000001 0.00055699999999999999 0.00057900000000000009 0.00055100000000000006 1.0978707927562115 1.0978707927562115 1.0978707927562115 4.3495917624037746e-05 4.3495917624037746e-05 4.3495917624037746e-05 1 1 1 Converged Converged Converged OK OK OK 53 53 53 53 53 53 3 3 3 0 0 0 0 1 0 0 1
43 43 uniform 4 23 439 3 0.0001 0.46325785319852097 0.00020572890945843144 0.07917486719018127 1.6870136482291143 -0.18494909423470665 1.7028486216671506 0 -1.7027533357372844 1.0961747505382302 OK 12 11 0.37356299999999998 0.21542900000000001 0.066019999999999995 0.30555700000000002 0.14073099999999999 0 0.068005999999999955 0.074698000000000014 0.066019999999999995 0.0081790000000000005 0.0081650000000000004 0.0075969999999999996 0.043317000000000008 0.04986599999999998 0.042677999999999994 0.0026249999999999997 0.0027929999999999999 0.0025040000000000001 0.00056599999999999999 0.00058799999999999998 0.00056400000000000005 1.0961747192348816 1.0961747192348816 1.0961747192348816 4.2819228285862725e-05 4.2819228285862725e-05 4.2819228285862725e-05 1 1 1 Converged Converged Converged OK OK OK 53 53 53 53 53 53 3 3 3 0 0 0 0 1 0 0 1
44 44 linear 0 0 440 0 0.001 0.54632685628121236 0.45983939960354342 0.15165185500558184 0.058929114576789274 -0.11259715029437355 0.028598743575672905 0.5 0.14349046955823067 10.022392354592657 OK 15 14 0.50448099999999996 0.502826 0.232099 0.26669799999999999 0.26944099999999999 0 0.23778299999999997 0.23338500000000001 0.232099 0.015526 0.011101 0.01056 0.19032399999999994 0.18904099999999993 0.18925199999999998 0.0042369999999999994 0.0049110000000000004 0.0047229999999999998 0.0010580000000000001 0.0015509999999999999 0.0011739999999999999 10.022444215542942 10.022444215542942 10.022444215542942 0.0045699866323296919 0.0045699866323296919 0.0045699866323296919 1 1 1 Converged Converged Converged OK OK OK 102 102 102 102 102 102 10 10 10 0 0 0 0 0 1 0 0
44 44 linear 0 7 440 1 0.001 0.54632685628121236 0.45983939960354342 0.15165185500558184 0.058929114576789274 -0.11259715029437355 0.047060708532874175 0.5 0.12502850460102941 9.8550560773130602 OK 15 14 0.43993199999999999 0.35343799999999997 0.19223599999999999 0.24257100000000001 0.15724199999999999 0 0.19736099999999998 0.19619599999999998 0.19223599999999999 0.0092619999999999994 0.00941 0.0088190000000000004 0.168377 0.16599499999999992 0.16388499999999995 0.0035799999999999998 0.0040860000000000002 0.0036309999999999997 0.00090299999999999983 0.0010859999999999999 0.00087299999999999986 9.8550607070762535 9.8550607070762535 9.8550607070762535 0.0090429469362327108 0.0090429469362327108 0.0090429469362327108 1 1 1 Converged Converged Converged OK OK OK 87 87 87 87 87 87 9 9 9 0 0 0 0 1 0 0 1
44 44 linear 0 15 440 2 0.001 0.54632685628121236 0.45983939960354342 0.15165185500558184 0.058929114576789274 -0.11259715029437355 0.068160097055389904 0.5 0.10392911607851367 9.5216653179754243 OK 15 14 0.41848999999999997 0.34680499999999997 0.180865 0.22945699999999999 0.160854 0 0.18903299999999998 0.18595099999999998 0.180865 0.0094719999999999995 0.0094999999999999998 0.0086079999999999993 0.15734499999999996 0.15400800000000001 0.15117999999999998 0.0043679999999999995 0.0044380000000000001 0.0039269999999999999 0.000843 0.0010409999999999998 0.00092500000000000004 9.5217268699968383 9.5217268699968383 9.5217268699968383 0.0042969492521962444 0.0042969492521962444 0.0042969492521962444 1 1 1 Converged Converged Converged OK OK OK 87 87 87 87 87 87 9 9 9 0 0 0 0 1 0 0 1
44 44 linear 0 23 440 3 0.001 0.54632685628121236 0.45983939960354342 0.15165185500558184 0.058929114576789274 -0.11259715029437355 0.08925948557790564 0.5 0.082829727555997934 9.0363184313016909 OK 15 14 0.44359399999999999 0.36324299999999998 0.174927 0.25989899999999999 0.181835 0 0.183695 0.18140799999999999 0.174927 0.0094000000000000004 0.0093170000000000006 0.0084980000000000003 0.15179800000000002 0.15035800000000007 0.14585099999999998 0.0044369999999999991 0.0040099999999999988 0.0038000000000000004 0.0010300000000000001 0.001021 0.00087700000000000007 9.0363943968378457 9.0363943968378457 9.0363943968378457 0.0043841600251354673 0.0043841600251354673 0.0043841600251354673 1 1 1 Converged Converged Converged OK OK OK 87 87 87 87 87 87 9 9 9 0 0 0 0 1 0 0 1
44 44 linear 0 0 440 0 0.0001 0.54632685628121236 0.45983939960354342 0.15165185500558184 0.058929114576789274 -0.11259715029437355 0.028598743575672905 0.5 0.14349046955823067 10.022392354592657 OK 15 14 0.60100200000000004 0.59330300000000002 0.31984600000000002 0.271291 0.27166400000000002 0 0.32971100000000003 0.32163900000000001 0.31984600000000002 0.011053 0.01115 0.010803 0.26600800000000002 0.2581790000000001 0.25633300000000009 0.0076029999999999995 0.0081100000000000009 0.0081589999999999996 0.0021120000000000002 0.0020960000000000002 0.0020939999999999999 10.022427117023165 10.022427117023165 10.022427117023165 0.00030015694491906421 0.00030015694491906421 0.00030015694491906421 1 1 1 Converged Converged Converged OK OK OK 150 150 150 150 150 150 10 10 10 0 0 0 0 0 1 0 0
44 44 linear 0 7 440 1 0.0001 0.54632685628121236 0.45983939960354342 0.15165185500558184 0.058929114576789274 -0.11259715029437355 0.047060708532874175 0.5 0.12502850460102941 9.8550560773130602 OK 15 14 0.52676299999999998 0.44559100000000001 0.27157999999999999 0.24535199999999999 0.159246 0 0.28141099999999997 0.28634500000000002 0.27157999999999999 0.0095460000000000007 0.009554 0.0089009999999999992 0.23666999999999996 0.241011 0.22906599999999996 0.0075730000000000007 0.0079879999999999986 0.0068560000000000001 0.0017809999999999998 0.0017660000000000002 0.001696 9.8550489402618506 9.8550489402618506 9.8550489402618506 0.00079163260545660999 0.00079163260545660999 0.00079163260545660999 1 1 1 Converged Converged Converged OK OK OK 135 135 135 135 135 135 9 9 9 0 0 0 0 1 0 0 1
44 44 linear 0 15 440 2 0.0001 0.54632685628121236 0.45983939960354342 0.15165185500558184 0.058929114576789274 -0.11259715029437355 0.068160097055389904 0.5 0.10392911607851367 9.5216653179754243 OK 15 14 0.50538499999999997 0.43334400000000001 0.26281900000000002 0.236456 0.161606 0 0.26892899999999997 0.27173800000000004 0.26281900000000002 0.0093489999999999997 0.0095149999999999992 0.0087569999999999992 0.22491599999999992 0.22586900000000004 0.21913100000000005 0.0065360000000000001 0.0077219999999999997 0.0072180000000000005 0.0014840000000000001 0.0016180000000000001 0.001588 9.5217399060743571 9.5217399060743571 9.5217399060743571 0.00060226154810295862 0.00060226154810295862 0.00060226154810295862 1 1 1 Converged Converged Converged OK OK OK 135 135 135 135 135 135 9 9 9 0 0 0 0 1 0 0 1
44 44 linear 0 23 440 3 0.0001 0.54632685628121236 0.45983939960354342 0.15165185500558184 0.058929114576789274 -0.11259715029437355 0.08925948557790564 0.5 0.082829727555997934 9.0363184313016909 OK 15 14 0.53972799999999999 0.46920699999999999 0.27106000000000002 0.257461 0.18158099999999999 0 0.28226699999999999 0.28762599999999999 0.27106000000000002 0.0092180000000000005 0.0093729999999999994 0.008574 0.23381399999999988 0.24097500000000008 0.22669500000000001 0.0066279999999999993 0.0073140000000000002 0.0071339999999999988 0.0015809999999999999 0.0017180000000000001 0.0016430000000000001 9.036367907262381 9.036367907262381 9.036367907262381 0.00070777024597714017 0.00070777024597714017 0.00070777024597714017 1 1 1 Converged Converged Converged OK OK OK 135 135 135 135 135 135 9 9 9 0 0 0 0 1 0 0 1
44 44 linear 1 0 441 0 0.001 0.54632685628121236 0.45983939960354342 0.15165185500558184 0.095361426139740038 -0.10618267650626637 0.065031055138623672 0.5 0.1070581579952799 9.8061555014389548 OK 15 14 0.44031900000000002 0.43523699999999999 0.19658 0.24019399999999999 0.23742199999999999 0 0.20012500000000003 0.19781499999999999 0.19658 0.01048 0.011037 0.010213 0.16160599999999997 0.15856200000000001 0.15836599999999998 0.0037119999999999996 0.0038530000000000005 0.0039040000000000004 0.00082700000000000004 0.001036 0.00099399999999999987 9.8062850787832758 9.8062850787832758 9.8062850787832758 0.0085320722452675649 0.0085320722452675649 0.0085320722452675649 1 1 1 Converged Converged Converged OK OK OK 87 87 87 87 87 87 9 9 9 0 0 0 0 0 1 0 0
44 44 linear 1 7 441 1 0.001 0.54632685628121236 0.45983939960354342 0.15165185500558184 0.095361426139740038 -0.10618267650626637 0.083493020095824932 0.5 0.088596193038078641 9.3913013700789829 OK 15 14 0.41647499999999998 0.34159499999999998 0.17732000000000001 0.232741 0.159913 0 0.18373399999999998 0.18168199999999998 0.17732000000000001 0.0091940000000000008 0.0092530000000000008 0.0086560000000000005 0.15229799999999993 0.15031900000000001 0.14748600000000006 0.0042630000000000003 0.0042680000000000001 0.0040489999999999996 0.00096199999999999996 0.00098799999999999995 0.00097000000000000005 9.3913583606737863 9.3913583606737863 9.3913583606737863 0.004503837190323076 0.004503837190323076 0.004503837190323076 1 1 1 Converged Converged Converged OK OK OK 87 87 87 87 87 87 9 9 9 0 0 0 0 1 0 0 1
44 44 linear 1 15 441 2 0.001 0.54632685628121236 0.45983939960354342 0.15165185500558184 0.095361426139740038 -0.10618267650626637 0.10459240861834067 0.5 0.067496804515562905 8.7740415669363951 OK 15 14 0.47243099999999999 0.40544999999999998 0.229658 0.23235900000000001 0.169323 0 0.24007199999999998 0.23612699999999998 0.229658 0.0093229999999999997 0.0094920000000000004 0.0087189999999999993 0.20171700000000001 0.19643799999999997 0.19263399999999992 0.0050970000000000008 0.0059499999999999996 0.0051319999999999994 0.0010929999999999998 0.0011749999999999998 0.00109 8.7740946236157082 8.7740946236157082 8.7740946236157082 0.0080305311216907014 0.0080305311216907014 0.0080305311216907014 1 1 1 Converged Converged Converged OK OK OK 110 110 110 110 110 110 10 10 10 0 0 0 0 1 0 0 1
44 44 linear 1 23 441 3 0.001 0.54632685628121236 0.45983939960354342 0.15165185500558184 0.095361426139740038 -0.10618267650626637 0.1256917971408564 0.5 0.04639741599304717 7.9894805324888178 OK 15 14 0.44091000000000002 0.37923000000000001 0.20483299999999999 0.225053 0.16910800000000001 0 0.21585700000000002 0.210122 0.20483299999999999 0.0092750000000000003 0.0094289999999999999 0.0086899999999999998 0.18219099999999988 0.17704299999999992 0.17416200000000004 0.0048000000000000004 0.0047229999999999998 0.0038840000000000003 0.00109 0.0012329999999999999 0.0010329999999999998 7.9895396534826926 7.9895396534826926 7.9895396534826926 0.0059315046989659266 0.0059315046989659266 0.0059315046989659266 1 1 1 Converged Converged Converged OK OK OK 95 95 95 95 95 95 9 9 9 0 0 0 0 1 0 0 1
44 44 linear 1 0 441 0 0.0001 0.54632685628121236 0.45983939960354342 0.15165185500558184 0.095361426139740038 -0.10618267650626637 0.065031055138623672 0.5 0.1070581579952799 9.8061555014389548 OK 15 14 0.52599499999999999 0.52074100000000001 0.27672099999999999 0.24113999999999999 0.23894000000000001 0 0.28485499999999997 0.28180099999999997 0.27672099999999999 0.010865 0.010688 0.010423999999999999 0.22667000000000004 0.22054599999999991 0.21931999999999993 0.0071530000000000005 0.0070350000000000005 0.0073930000000000003 0.0018479999999999998 0.0017649999999999999 0.0017470000000000001 9.8062276061554972 9.8062276061554972 9.8062276061554972 0.00083332593430296648 0.00083332593430296648 0.00083332593430296648 1 1 1 Converged Converged Converged OK OK OK 135 135 135 135 135 135 9 9 9 0 0 0 0 0 1 0 0
44 44 linear 1 7 441 1 0.0001 0.54632685628121236 0.45983939960354342 0.15165185500558184 0.095361426139740038 -0.10618267650626637 0.083493020095824932 0.5 0.088596193038078641 9.3913013700789829 OK 15 14 0.53858600000000001 0.46507100000000001 0.29061900000000002 0.23344500000000001 0.16087699999999999 0 0.305141 0.30419400000000002 0.29061900000000002 0.0095759999999999994 0.0099389999999999999 0.008711 0.25171899999999997 0.24923100000000012 0.2394040000000002 0.0086709999999999999 0.0098139999999999998 0.0086420000000000004 0.001913 0.0018599999999999999 0.0018109999999999999 9.3913651274102179 9.3913651274102179 9.3913651274102179 0.00065695304331039005 0.00065695304331039005 0.00065695304331039005 1 1 1 Converged Converged Converged OK OK OK 151 151 151 151 151 151 9 9 9 0 0 0 0 1 0 0 1
44 44 linear 1 15 441 2 0.0001 0.54632685628121236 0.45983939960354342 0.15165185500558184 0.095361426139740038 -0.10618267650626637 0.10459240861834067 0.5 0.067496804515562905 8.7740415669363951 OK 15 14 0.53719300000000003 0.47169499999999998 0.292464 0.23723900000000001 0.17136699999999999 0 0.29995400000000005 0.30032799999999998 0.292464 0.0093609999999999995 0.0095230000000000002 0.0088190000000000004 0.25455499999999986 0.25423499999999993 0.24787999999999999 0.0068390000000000005 0.0075490000000000002 0.0071630000000000001 0.001787 0.0018760000000000001 0.0018640000000000002 8.774121740393376 8.774121740393376 8.774121740393376 0.00081693027183529462 0.00081693027183529462 0.00081693027183529462 1 1 1 Converged Converged Converged OK OK OK 142 142 142 142 142 142 10 10 10 0 0 0 0 1 0 0 1
44 44 linear 1 23 441 3 0.0001 0.54632685628121236 0.45983939960354342 0.15165185500558184 0.095361426139740038 -0.10618267650626637 0.1256917971408564 0.5 0.04639741599304717 7.9894805324888178 OK 15 14 0.55270699999999995 0.48738700000000001 0.30438700000000002 0.22767599999999999 0.165631 0 0.32503099999999996 0.32175600000000004 0.30438700000000002 0.0092460000000000007 0.0094769999999999993 0.0085319999999999997 0.26853900000000008 0.271621 0.25716600000000001 0.010039999999999999 0.008345 0.0076450000000000008 0.002091 0.002088 0.001769 7.9895461165732318 7.9895461165732318 7.9895461165732318 0.00057693258812377001 0.00057693258812377001 0.00057693258812377001 1 1 1 Converged Converged Converged OK OK OK 151 151 151 151 151 151 9 9 9 0 0 0 0 1 0 0 1
44 44 linear 2 0 442 0 0.001 0.54632685628121236 0.45983939960354342 0.15165185500558184 -0.15448154190807223 -0.19042837158565062 -0.18481191290918861 0.5 0.35690112604309221 3.3893420295021821 OK 13 12 0.39151399999999997 0.380602 0.095718999999999999 0.28965000000000002 0.28399799999999997 0 0.10186399999999995 0.096604000000000023 0.095718999999999999 0.0095300000000000003 0.0096329999999999992 0.0092160000000000002 0.068742000000000025 0.067093999999999987 0.066773999999999972 0.0028140000000000001 0.0030249999999999999 0.003261 0.00061300000000000005 0.00072100000000000007 0.00069499999999999998 3.3893365211328788 3.3893365211328788 3.3893365211328788 0.0023479551506545493 0.0023479551506545493 0.0023479551506545493 1 1 1 Converged Converged Converged OK OK OK 59 59 59 59 59 59 5 5 5 0 0 0 0 0 1 0 0
44 44 linear 2 7 442 1 0.001 0.54632685628121236 0.45983939960354342 0.15165185500558184 -0.15448154190807223 -0.19042837158565062 -0.16634994795198732 0.5 0.33843916108589089 3.518516543167304 OK 13 12 0.38231399999999999 0.25802399999999998 0.088638999999999996 0.288941 0.16580900000000001 0 0.093372999999999984 0.092214999999999964 0.088638999999999996 0.0088210000000000007 0.0085419999999999992 0.0079679999999999994 0.067596000000000003 0.067637999999999976 0.065000999999999975 0.003326 0.0028880000000000004 0.0029069999999999999 0.00072400000000000003 0.00065399999999999996 0.00060800000000000003 3.5185106877558479 3.5185106877558479 3.5185106877558479 0.0022021205644020317 0.0022021205644020317 0.0022021205644020317 1 1 1 Converged Converged Converged OK OK OK 59 59 59 59 59 59 5 5 5 0 0 0 0 1 0 0 1
44 44 linear 2 15 442 2 0.001 0.54632685628121236 0.45983939960354342 0.15165185500558184 -0.15448154190807223 -0.19042837158565062 -0.1452505594294716 0.5 0.3173397725633752 3.7095348041437579 OK 13 12 0.37669999999999998 0.26442700000000002 0.088563000000000003 0.284057 0.16431599999999999 0 0.092642999999999975 0.10011100000000003 0.088563000000000003 0.0086680000000000004 0.0085089999999999992 0.0079419999999999994 0.067446999999999993 0.075592000000000006 0.065071999999999991 0.0029940000000000001 0.0028530000000000001 0.0027790000000000002 0.00082399999999999997 0.00073200000000000001 0.00071999999999999994 3.7095282300442229 3.7095282300442229 3.7095282300442229 0.0020046664192128758 0.0020046664192128758 0.0020046664192128758 1 1 1 Converged Converged Converged OK OK OK 59 59 59 59 59 59 5 5 5 0 0 0 0 1 0 0 1
44 44 linear 2 23 442 3 0.001 0.54632685628121236 0.45983939960354342 0.15165185500558184 -0.15448154190807223 -0.19042837158565062 -0.12415117090695586 0.5 0.29624038404085945 4.4233211179831571 OK 13 12 0.40343400000000001 0.281609 0.10732800000000001 0.28604400000000002 0.17083200000000001 0 0.11738999999999999 0.11077699999999999 0.10732800000000001 0.0091470000000000006 0.0092020000000000001 0.0082880000000000002 0.085944999999999994 0.083522000000000041 0.08226799999999998 0.0035769999999999999 0.0033909999999999999 0.0028310000000000002 0.00097199999999999999 0.000919 0.000812 4.4232916674855538 4.4232916674855538 4.4232916674855538 0.0027799425925109558 0.0027799425925109558 0.0027799425925109558 1 1 1 Converged Converged Converged OK OK OK 73 73 73 73 73 73 7 7 7 0 0 0 0 1 0 0 1
44 44 linear 2 0 442 0 0.0001 0.54632685628121236 0.45983939960354342 0.15165185500558184 -0.15448154190807223 -0.19042837158565062 -0.18481191290918861 0.5 0.35690112604309221 3.3893420295021821 OK 13 12 0.43517400000000001 0.42932100000000001 0.13877800000000001 0.29045500000000002 0.287356 0 0.14471899999999999 0.14196500000000001 0.13877800000000001 0.0096360000000000005 0.0098809999999999992 0.0094350000000000007 0.10206 0.097543999999999978 0.096071000000000045 0.0051180000000000002 0.0058900000000000011 0.0053169999999999997 0.001077 0.001274 0.0012229999999999999 3.389340008617951 3.389340008617951 3.389340008617951 0.00030845368668341638 0.00030845368668341638 0.00030845368668341638 1 1 1 Converged Converged Converged OK OK OK 91 91 91 91 91 91 5 5 5 0 0 0 0 0 1 0 0
44 44 linear 2 7 442 1 0.0001 0.54632685628121236 0.45983939960354342 0.15165185500558184 -0.15448154190807223 -0.19042837158565062 -0.16634994795198732 0.5 0.33843916108589089 3.518516543167304 OK 13 12 0.42728699999999997 0.31432100000000002 0.13563800000000001 0.28807500000000003 0.169931 0 0.13921199999999995 0.14439000000000002 0.13563800000000001 0.0086160000000000004 0.0087469999999999996 0.0081729999999999997 0.10206699999999999 0.105397 0.099010999999999988 0.0050419999999999996 0.0060670000000000003 0.0053489999999999996 0.001041 0.0012149999999999999 0.0010859999999999999 3.5185138064824879 3.5185138064824879 3.5185138064824879 0.00027302215072822308 0.00027302215072822308 0.00027302215072822308 1 1 1 Converged Converged Converged OK OK OK 99 99 99 99 99 99 5 5 5 0 0 0 0 1 0 0 1
44 44 linear 2 15 442 2 0.0001 0.54632685628121236 0.45983939960354342 0.15165185500558184 -0.15448154190807223 -0.19042837158565062 -0.1452505594294716 0.5 0.3173397725633752 3.7095348041437579 OK 13 12 0.42233399999999999 0.308421 0.13208900000000001 0.28562399999999999 0.165738 0 0.13671 0.142683 0.13208900000000001 0.0086320000000000008 0.0087170000000000008 0.0079719999999999999 0.10111499999999993 0.10621199999999999 0.097464000000000009 0.0050610000000000004 0.005422999999999999 0.0052750000000000002 0.0011380000000000001 0.0012010000000000002 0.001173 3.7095306898105669 3.7095306898105669 3.7095306898105669 0.00029107910548588226 0.00029107910548588226 0.00029107910548588226 1 1 1 Converged Converged Converged OK OK OK 99 99 99 99 99 99 5 5 5 0 0 0 0 1 0 0 1
44 44 linear 2 23 442 3 0.0001 0.54632685628121236 0.45983939960354342 0.15165185500558184 -0.15448154190807223 -0.19042837158565062 -0.12415117090695586 0.5 0.29624038404085945 4.4233211179831571 OK 13 12 0.45808300000000002 0.34152399999999999 0.16523299999999999 0.29182999999999998 0.16958899999999999 0 0.16625300000000004 0.171935 0.16523299999999999 0.0089910000000000007 0.0089060000000000007 0.0083339999999999994 0.12699000000000002 0.13214700000000004 0.12719699999999998 0.0057480000000000005 0.0061549999999999999 0.0057490000000000006 0.0014610000000000001 0.001536 0.0014420000000000001 4.4232873664735282 4.4232873664735282 4.4232873664735282 0.00014555601819949305 0.00014555601819949305 0.00014555601819949305 1 1 1 Converged Converged Converged OK OK OK 121 121 121 121 121 121 7 7 7 0 0 0 0 1 0 0 1
44 44 linear 3 0 443 0 0.001 0.54632685628121236 0.45983939960354342 0.15165185500558184 0.42360093693820233 -1.6777126451427689 0.39327056593708598 0.5 -0.22118135280318241 1.2014210293890533 OK 13 12 0.32073299999999999 0.32567800000000002 0.095604999999999996 0.218941 0.224552 0 0.10179199999999999 0.10112600000000002 0.095604999999999996 0.0091450000000000004 0.010387 0.0090130000000000002 0.070202000000000028 0.067805000000000018 0.064795999999999992 0.0032539999999999999 0.0035080000000000003 0.0031640000000000001 0.000843 0.00085000000000000006 0.000776 1.2014201941080629 1.2014201941080629 1.2014201941080629 0.00027698534593660899 0.00027698534593660899 0.00027698534593660899 1 1 1 Converged Converged Converged OK OK OK 61 61 61 61 61 61 3 3 3 0 0 0 0 0 1 0 0
44 44 linear 3 7 443 1 0.001 0.54632685628121236 0.45983939960354342 0.15165185500558184 0.42360093693820233 -1.6777126451427689 0.41173253089428724 0.5 -0.23964331776038367 1.2041100014587724 OK 13 12 0.31637100000000001 0.27034799999999998 0.10199 0.21027299999999999 0.14782200000000001 0 0.10609800000000003 0.12252599999999997 0.10199 0.0087659999999999995 0.010000999999999999 0.0081560000000000001 0.076876999999999973 0.090728000000000031 0.074172999999999989 0.0034159999999999998 0.0041389999999999995 0.0033970000000000003 0.000745 0.00081000000000000006 0.00071100000000000004 1.2041144129246262 1.2041144129246262 1.2041144129246262 0.00041050554329990574 0.00041050554329990574 0.00041050554329990574 1 1 1 Converged Converged Converged OK OK OK 68 68 68 68 68 68 4 4 4 0 0 0 0 1 0 0 1
44 44 linear 3 15 443 2 0.001 0.54632685628121236 0.45983939960354342 0.15165185500558184 0.42360093693820233 -1.6777126451427689 0.43283191941680299 0.5 -0.26074270628289942 1.2057834147336908 OK 13 12 0.31589400000000001 0.25894600000000001 0.101623 0.21126800000000001 0.13894400000000001 0 0.104626 0.120002 0.101623 0.0082789999999999999 0.0084180000000000001 0.0077470000000000004 0.077462000000000003 0.092184000000000016 0.075593000000000021 0.0032459999999999998 0.0035170000000000002 0.0032470000000000003 0.00074100000000000001 0.00070700000000000005 0.0006730000000000001 1.2057846998777033 1.2057846998777033 1.2057846998777033 0.00034626495544881478 0.00034626495544881478 0.00034626495544881478 1 1 1 Converged Converged Converged OK OK OK 68 68 68 68 68 68 4 4 4 0 0 0 0 1 0 0 1
44 44 linear 3 23 443 3 0.001 0.54632685628121236 0.45983939960354342 0.15165185500558184 0.42360093693820233 -1.6777126451427689 0.45393130793931868 0.5 -0.28184209480541511 1.2059252741322968 OK 13 12 0.313087 0.248053 0.099961999999999995 0.208035 0.131857 0 0.10505200000000001 0.11619599999999999 0.099961999999999995 0.0086669999999999994 0.0086829999999999997 0.0080160000000000006 0.076629000000000017 0.088032000000000013 0.074117000000000002 0.0034990000000000004 0.003718 0.0030350000000000004 0.00074799999999999997 0.00074199999999999993 0.000669 1.2059261777216455 1.2059261777216455 1.2059261777216455 0.00033728199759316811 0.00033728199759316811 0.00033728199759316811 1 1 1 Converged Converged Converged OK OK OK 68 68 68 68 68 68 4 4 4 0 0 0 0 1 0 0 1
44 44 linear 3 0 443 0 0.0001 0.54632685628121236 0.45983939960354342 0.15165185500558184 0.42360093693820233 -1.6777126451427689 0.39327056593708598 0.5 -0.22118135280318241 1.2014210293890533 OK 13 12 0.363292 0.36207600000000001 0.143789 0.21899399999999999 0.21792600000000001 0 0.14429800000000001 0.14415 0.143789 0.0095060000000000006 0.0094610000000000007 0.0091680000000000008 0.09991299999999996 0.099896000000000013 0.10075699999999993 0.0053400000000000001 0.0052570000000000004 0.0051110000000000001 0.0010950000000000001 0.001083 0.0010530000000000001 1.2014201953962096 1.2014201953962096 1.2014201953962096 7.0903463318430709e-09 7.0903463318430709e-09 7.0903463318430709e-09 1 1 1 Converged Converged Converged OK OK OK 93 93 93 93 93 93 3 3 3 0 0 0 0 0 1 0 0
44 44 linear 3 7 443 1 0.0001 0.54632685628121236 0.45983939960354342 0.15165185500558184 0.42360093693820233 -1.6777126451427689 0.41173253089428724 0.5 -0.23964331776038367 1.2041100014587724 OK 13 12 0.35769800000000002 0.31031199999999998 0.14074999999999999 0.21258099999999999 0.14408000000000001 0 0.14511700000000002 0.16623199999999996 0.14074999999999999 0.0086230000000000005 0.0087240000000000009 0.0080750000000000006 0.10748499999999997 0.12870099999999998 0.10468899999999998 0.0051589999999999995 0.0049940000000000002 0.0048529999999999997 0.00098000000000000019 0.0010189999999999999 0.00098700000000000003 1.2041092509145539 1.2041092509145539 1.2041092509145539 1.0438409482143899e-05 1.0438409482143899e-05 1.0438409482143899e-05 1 1 1 Converged Converged Converged OK OK OK 100 100 100 100 100 100 4 4 4 0 0 0 0 1 0 0 1
44 44 linear 3 15 443 2 0.0001 0.54632685628121236 0.45983939960354342 0.15165185500558184 0.42360093693820233 -1.6777126451427689 0.43283191941680299 0.5 -0.26074270628289942 1.2057834147336908 OK 13 12 0.35516500000000001 0.30466799999999999 0.14138800000000001 0.20957200000000001 0.138796 0 0.145593 0.16587199999999999 0.14138800000000001 0.0082760000000000004 0.008267 0.0077559999999999999 0.10971100000000003 0.13076599999999997 0.10721400000000002 0.0050070000000000002 0.0049699999999999996 0.0049290000000000002 0.00097999999999999997 0.00096299999999999988 0.00095999999999999992 1.2057826191506515 1.2057826191506515 1.2057826191506515 4.5227717330975096e-06 4.5227717330975096e-06 4.5227717330975096e-06 1 1 1 Converged Converged Converged OK OK OK 100 100 100 100 100 100 4 4 4 0 0 0 0 1 0 0 1
44 44 linear 3 23 443 3 0.0001 0.54632685628121236 0.45983939960354342 0.15165185500558184 0.42360093693820233 -1.6777126451427689 0.45393130793931868 0.5 -0.28184209480541511 1.2059252741322968 OK 13 12 0.355769 0.301429 0.14204600000000001 0.205818 0.13206499999999999 0 0.149951 0.16936400000000001 0.14204600000000001 0.008711 0.0085869999999999991 0.0081180000000000002 0.110179 0.13367200000000001 0.10744600000000004 0.0051110000000000001 0.0050980000000000001 0.0049909999999999998 0.00096100000000000005 0.00096299999999999999 0.00093599999999999998 1.2059244792352626 1.2059244792352626 1.2059244792352626 3.8283012603568916e-06 3.8283012603568916e-06 3.8283012603568916e-06 1 1 1 Converged Converged Converged OK OK OK 100 100 100 100 100 100 4 4 4 0 0 0 0 1 0 0 1
44 44 linear 4 0 444 0 0.001 0.54632685628121236 0.45983939960354342 0.15165185500558184 0.72001687066251541 -1.2354946743163397 0.68968649966139906 0.5 -0.51759728652749548 1.1952592031426728 OK 13 12 0.31994699999999998 0.31581100000000001 0.12050900000000001 0.19275800000000001 0.19275700000000001 0 0.12718899999999997 0.123054 0.12050900000000001 0.0099850000000000008 0.01004 0.0096710000000000008 0.094191000000000025 0.089251000000000011 0.088182000000000024 0.0031999999999999997 0.003542 0.0032150000000000004 0.00073599999999999989 0.00077900000000000007 0.00075499999999999992 1.1952582766319961 1.1952582766319961 1.1952582766319961 0.00074126039169585868 0.00074126039169585868 0.00074126039169585868 1 1 1 Converged Converged Converged OK OK OK 67 67 67 67 67 67 5 5 5 0 0 0 0 0 1 0 0
44 44 linear 4 7 444 1 0.001 0.54632685628121236 0.45983939960354342 0.15165185500558184 0.72001687066251541 -1.2354946743163397 0.70814846461860026 0.5 -0.53605925148469669 1.1871434139952852 OK 13 12 0.30571399999999999 0.26232800000000001 0.11236 0.187774 0.124519 0 0.11793999999999999 0.13780900000000001 0.11236 0.0086429999999999996 0.0087180000000000001 0.0079170000000000004 0.08897399999999997 0.10946499999999998 0.085673000000000013 0.003604 0.0033819999999999996 0.00314 0.00075199999999999996 0.00069700000000000003 0.00063299999999999999 1.187142587423355 1.187142587423355 1.187142587423355 0.00034735272443811246 0.00034735272443811246 0.00034735272443811246 1 1 1 Converged Converged Converged OK OK OK 67 67 67 67 67 67 5 5 5 0 0 0 0 1 0 0 1
44 44 linear 4 15 444 2 0.001 0.54632685628121236 0.45983939960354342 0.15165185500558184 0.72001687066251541 -1.2354946743163397 0.72924785314111606 0.5 -0.55715864000721249 1.1787994591500739 OK 13 12 0.304844 0.25096000000000002 0.11082599999999999 0.18920400000000001 0.122868 0 0.11563999999999999 0.12809200000000001 0.11082599999999999 0.0091000000000000004 0.0092519999999999998 0.0084119999999999993 0.086678999999999992 0.099569000000000005 0.08377100000000004 0.0034529999999999999 0.0032620000000000001 0.0031670000000000001 0.000678 0.00065200000000000002 0.00062900000000000011 1.1787987257279051 1.1787987257279051 1.1787987257279051 0.00020650736256917394 0.00020650736256917394 0.00020650736256917394 1 1 1 Converged Converged Converged OK OK OK 67 67 67 67 67 67 5 5 5 0 0 0 0 1 0 0 1
44 44 linear 4 23 444 3 0.001 0.54632685628121236 0.45983939960354342 0.15165185500558184 0.72001687066251541 -1.2354946743163397 0.75034724166363176 0.5 -0.57825802852972819 1.1712447315748413 OK 13 12 0.31393300000000002 0.25422699999999998 0.114882 0.193992 0.12775700000000001 0 0.11994100000000002 0.12646999999999997 0.114882 0.0089730000000000001 0.0090369999999999999 0.0084349999999999998 0.091825000000000004 0.098683999999999966 0.088392999999999999 0.003392 0.0032950000000000002 0.0031330000000000004 0.00079199999999999995 0.00075600000000000005 0.00068099999999999996 1.171242295481191 1.171242295481191 1.171242295481191 0.00089996584368177643 0.00089996584368177643 0.00089996584368177643 1 1 1 Converged Converged Converged OK OK OK 67 67 67 67 67 67 5 5 5 0 0 0 0 1 0 0 1
44 44 linear 4 0 444 0 0.0001 0.54632685628121236 0.45983939960354342 0.15165185500558184 0.72001687066251541 -1.2354946743163397 0.68968649966139906 0.5 -0.51759728652749548 1.1952592031426728 OK 13 12 0.33334900000000001 0.33483800000000002 0.14389299999999999 0.19048599999999999 0.19314400000000001 0 0.14286300000000002 0.14169400000000001 0.14389299999999999 0.0098300000000000002 0.010000999999999999 0.0095219999999999992 0.10366499999999995 0.10188799999999995 0.10553399999999999 0.0040939999999999995 0.0044550000000000006 0.0040429999999999997 0.00101 0.0010530000000000001 0.001011 1.1952584716590846 1.1952584716590846 1.1952584716590846 7.5380380414735804e-05 7.5380380414735804e-05 7.5380380414735804e-05 1 1 1 Converged Converged Converged OK OK OK 83 83 83 83 83 83 5 5 5 0 0 0 0 0 1 0 0
44 44 linear 4 7 444 1 0.0001 0.54632685628121236 0.45983939960354342 0.15165185500558184 0.72001687066251541 -1.2354946743163397 0.70814846461860026 0.5 -0.53605925148469669 1.1871434139952852 OK 13 12 0.32571499999999998 0.278669 0.12939600000000001 0.19176099999999999 0.123555 0 0.13395399999999999 0.155114 0.12939600000000001 0.0085679999999999992 0.0085730000000000008 0.0079640000000000006 0.10186000000000001 0.12322100000000002 0.098139999999999949 0.0039740000000000001 0.0040660000000000002 0.004182 0.00089499999999999996 0.00089800000000000004 0.00090299999999999994 1.1871427111245587 1.1871427111245587 1.1871427111245587 0.00011172184807617135 0.00011172184807617135 0.00011172184807617135 1 1 1 Converged Converged Converged OK OK OK 83 83 83 83 83 83 5 5 5 0 0 0 0 1 0 0 1
44 44 linear 4 15 444 2 0.0001 0.54632685628121236 0.45983939960354342 0.15165185500558184 0.72001687066251541 -1.2354946743163397 0.72924785314111606 0.5 -0.55715864000721249 1.1787994591500739 OK 13 12 0.31312299999999998 0.261571 0.11967999999999999 0.187107 0.123486 0 0.12601599999999999 0.13808500000000001 0.11967999999999999 0.0092669999999999992 0.0091850000000000005 0.0084749999999999999 0.094830999999999999 0.10735699999999998 0.090937999999999991 0.0041929999999999997 0.003833 0.003578 0.000803 0.0007670000000000001 0.00072600000000000008 1.1787987249998844 1.1787987249998844 1.1787987249998844 0.00010647271541899143 0.00010647271541899143 0.00010647271541899143 1 1 1 Converged Converged Converged OK OK OK 75 75 75 75 75 75 5 5 5 0 0 0 0 1 0 0 1
44 44 linear 4 23 444 3 0.0001 0.54632685628121236 0.45983939960354342 0.15165185500558184 0.72001687066251541 -1.2354946743163397 0.75034724166363176 0.5 -0.57825802852972819 1.1712447315748413 OK 13 12 0.3216 0.263847 0.124613 0.19254599999999999 0.12717100000000001 0 0.129054 0.13667599999999999 0.124613 0.0089309999999999997 0.0089540000000000002 0.0083899999999999999 0.098822000000000049 0.10610300000000002 0.095416000000000015 0.0036670000000000001 0.0038670000000000002 0.0037940000000000001 0.0008160000000000001 0.00086499999999999999 0.00076400000000000003 1.1712441250437904 1.1712441250437904 1.1712441250437904 4.347807507441746e-05 4.347807507441746e-05 4.347807507441746e-05 1 1 1 Converged Converged Converged OK OK OK 75 75 75 75 75 75 5 5 5 0 0 0 0 1 0 0 1
44 44 uniform 0 0 445 0 0.001 0.54632685628121236 0.45983939960354342 0.15165185500558184 0.058929114576789274 -0.11259715029437355 0.028598743575672905 0 0.14349046955823067 9.8802879685276466 OK 15 14 0.43956600000000001 0.44781799999999999 0.170853 0.26817600000000003 0.27212900000000001 0 0.17138999999999999 0.17568899999999998 0.170853 0.010508999999999999 0.010558 0.010200000000000001 0.12962100000000004 0.133386 0.12955400000000006 0.0036720000000000004 0.0036729999999999996 0.0039380000000000005 0.001116 0.001052 0.0011739999999999999 9.8803161835655722 9.8803161835655722 9.8803161835655722 0.0057578075693111496 0.0057578075693111496 0.0057578075693111496 1 1 1 Converged Converged Converged OK OK OK 102 102 102 102 102 102 10 10 10 0 0 0 0 0 1 0 0
44 44 uniform 0 7 445 1 0.001 0.54632685628121236 0.45983939960354342 0.15165185500558184 0.058929114576789274 -0.11259715029437355 0.047060708532874175 0 0.12502850460102941 9.7262134434268237 OK 15 14 0.39962199999999998 0.31516699999999997 0.15409900000000001 0.24035799999999999 0.15781899999999999 0 0.15926399999999999 0.15734799999999999 0.15409900000000001 0.0093939999999999996 0.0093120000000000008 0.0087220000000000006 0.12840900000000002 0.12656200000000001 0.12475199999999999 0.003705 0.0037399999999999998 0.0037039999999999998 0.0010610000000000001 0.0011360000000000001 0.001096 9.7262721202518154 9.7262721202518154 9.7262721202518154 0.0046921064283053952 0.0046921064283053952 0.0046921064283053952 1 1 1 Converged Converged Converged OK OK OK 95 95 95 95 95 95 9 9 9 0 0 0 0 1 0 0 1
44 44 uniform 0 15 445 2 0.001 0.54632685628121236 0.45983939960354342 0.15165185500558184 0.058929114576789274 -0.11259715029437355 0.068160097055389904 0 0.10392911607851367 9.4469073114955986 OK 15 14 0.37113200000000002 0.302149 0.13750100000000001 0.22745000000000001 0.157719 0 0.143682 0.14443 0.13750100000000001 0.0094190000000000003 0.0093589999999999993 0.0085070000000000007 0.11197900000000002 0.11339300000000001 0.10823999999999995 0.004078 0.0039699999999999996 0.0037090000000000001 0.00094899999999999997 0.00096499999999999993 0.00089700000000000001 9.4468962896351947 9.4468962896351947 9.4468962896351947 0.003938555703046835 0.003938555703046835 0.003938555703046835 1 1 1 Converged Converged Converged OK OK OK 87 87 87 87 87 87 9 9 9 0 0 0 0 1 0 0 1
44 44 uniform 0 23 445 3 0.001 0.54632685628121236 0.45983939960354342 0.15165185500558184 0.058929114576789274 -0.11259715029437355 0.08925948557790564 0 0.082829727555997934 9.0529991579086246 OK 15 14 0.401592 0.31796099999999999 0.133107 0.25762800000000002 0.181647 0 0.14396399999999998 0.13631399999999999 0.133107 0.0092919999999999999 0.0091500000000000001 0.0084849999999999995 0.11208900000000002 0.10616999999999999 0.10474099999999999 0.0040210000000000003 0.0035789999999999997 0.0032340000000000003 0.0009990000000000001 0.00093599999999999998 0.00082600000000000002 9.0530378979133577 9.0530378979133577 9.0530378979133577 0.0029743125330516543 0.0029743125330516543 0.0029743125330516543 1 1 1 Converged Converged Converged OK OK OK 87 87 87 87 87 87 9 9 9 0 0 0 0 1 0 0 1
44 44 uniform 0 0 445 0 0.0001 0.54632685628121236 0.45983939960354342 0.15165185500558184 0.058929114576789274 -0.11259715029437355 0.028598743575672905 0 0.14349046955823067 9.8802879685276466 OK 15 14 0.48542299999999999 0.48730299999999999 0.21610599999999999 0.26891999999999999 0.26961800000000002 0 0.216503 0.21768499999999996 0.21610599999999999 0.010515999999999999 0.010916 0.010586 0.15990300000000005 0.16051700000000005 0.15931300000000009 0.006203000000000001 0.0064580000000000002 0.006254 0.0016990000000000004 0.001743 0.0019410000000000002 9.8802865616199451 9.8802865616199451 9.8802865616199451 0.00095732108673288196 0.00095732108673288196 0.00095732108673288196 1 1 1 Converged Converged Converged OK OK OK 142 142 142 142 142 142 10 10 10 0 0 0 0 0 1 0 0
44 44 uniform 0 7 445 1 0.0001 0.54632685628121236 0.45983939960354342 0.15165185500558184 0.058929114576789274 -0.11259715029437355 0.047060708532874175 0 0.12502850460102941 9.7262134434268237 OK 15 14 0.452519 0.36334300000000003 0.2006 0.24632499999999999 0.15559899999999999 0 0.20619400000000002 0.20774400000000004 0.2006 0.014409999999999999 0.0094500000000000001 0.0086709999999999999 0.15968200000000005 0.16615799999999994 0.16193599999999991 0.0062740000000000001 0.0069759999999999996 0.0059100000000000003 0.0017310000000000001 0.0016709999999999997 0.001668 9.7262141313348884 9.7262141313348884 9.7262141313348884 0.00056320963623044014 0.00056320963623044014 0.00056320963623044014 1 1 1 Converged Converged Converged OK OK OK 135 135 135 135 135 135 9 9 9 0 0 0 0 1 0 0 1
44 44 uniform 0 15 445 2 0.0001 0.54632685628121236 0.45983939960354342 0.15165185500558184 0.058929114576789274 -0.11259715029437355 0.068160097055389904 0 0.10392911607851367 9.4469073114955986 OK 15 14 0.40692699999999998 0.340478 0.172347 0.23091200000000001 0.15965499999999999 0 0.17601499999999998 0.18082300000000001 0.172347 0.0095139999999999999 0.009639 0.0086169999999999997 0.13610800000000006 0.14093099999999992 0.13489500000000007 0.0057469999999999995 0.0061079999999999997 0.0055909999999999996 0.0017109999999999998 0.0014930000000000002 0.001526 9.4469082082597087 9.4469082082597087 9.4469082082597087 0.00078133073036539024 0.00078133073036539024 0.00078133073036539024 1 1 1 Converged Converged Converged OK OK OK 119 119 119 119 119 119 9 9 9 0 0 0 0 1 0 0 1
44 44 uniform 0 23 445 3 0.0001 0.54632685628121236 0.45983939960354342 0.15165185500558184 0.058929114576789274 -0.11259715029437355 0.08925948557790564 0 0.082829727555997934 9.0529991579086246 OK 15 14 0.42331999999999997 0.349686 0.16070000000000001 0.25663399999999997 0.18199599999999999 0 0.166686 0.16769000000000001 0.16070000000000001 0.0091690000000000001 0.0093360000000000005 0.0084880000000000008 0.1308659999999999 0.13074699999999992 0.12589399999999998 0.0044340000000000004 0.005071 0.0046049999999999997 0.0014220000000000001 0.001645 0.0014549999999999997 9.0530005268467875 9.0530005268467875 9.0530005268467875 0.00071935444853187935 0.00071935444853187935 0.00071935444853187935 1 1 1 Converged Converged Converged OK OK OK 111 111 111 111 111 111 9 9 9 0 0 0 0 1 0 0 1
44 44 uniform 1 0 446 0 0.001 0.54632685628121236 0.45983939960354342 0.15165185500558184 0.095361426139740038 -0.10618267650626637 0.065031055138623672 0 0.1070581579952799 9.6855546785903783 OK 15 14 0.40172099999999999 0.40929599999999999 0.15930900000000001 0.23713799999999999 0.241837 0 0.16458300000000001 0.167459 0.15930900000000001 0.01056 0.010743000000000001 0.010214000000000001 0.12192499999999996 0.123807 0.11768099999999999 0.0042859999999999999 0.004999 0.0042360000000000002 0.001044 0.001204 0.0010609999999999999 9.6855498603709709 9.6855498603709709 9.6855498603709709 0.0060474012822612326 0.0060474012822612326 0.0060474012822612326 1 1 1 Converged Converged Converged OK OK OK 103 103 103 103 103 103 9 9 9 0 0 0 0 0 1 0 0
44 44 uniform 1 7 446 1 0.001 0.54632685628121236 0.45983939960354342 0.15165185500558184 0.095361426139740038 -0.10618267650626637 0.083493020095824932 0 0.088596193038078641 9.3460714034071444 OK 15 14 0.37368800000000002 0.29586600000000002 0.13814699999999999 0.23252400000000001 0.15185899999999999 0 0.14116400000000001 0.14400700000000002 0.13814699999999999 0.0092639999999999997 0.0090930000000000004 0.0086809999999999995 0.10981599999999994 0.11035300000000003 0.10888300000000001 0.0036329999999999999 0.0033539999999999998 0.0035960000000000007 0.00092800000000000001 0.00093100000000000008 0.000861 9.3460705126545651 9.3460705126545651 9.3460705126545651 0.0030208308728766238 0.0030208308728766238 0.0030208308728766238 1 1 1 Converged Converged Converged OK OK OK 87 87 87 87 87 87 9 9 9 0 0 0 0 1 0 0 1
44 44 uniform 1 15 446 2 0.001 0.54632685628121236 0.45983939960354342 0.15165185500558184 0.095361426139740038 -0.10618267650626637 0.10459240861834067 0 0.067496804515562905 8.8451823289737757 OK 15 14 0.42359400000000003 0.353217 0.18176600000000001 0.23665800000000001 0.166765 0 0.18693600000000002 0.18645200000000001 0.18176600000000001 0.0095139999999999999 0.0092379999999999997 0.0088590000000000006 0.14901799999999996 0.15114499999999995 0.14649000000000006 0.0050660000000000002 0.0042839999999999996 0.0045359999999999992 0.001201 0.0010769999999999998 0.0010899999999999998 8.8451611522955886 8.8451611522955886 8.8451611522955886 0.0085427358943432237 0.0085427358943432237 0.0085427358943432237 1 1 1 Converged Converged Converged OK OK OK 110 110 110 110 110 110 10 10 10 0 0 0 0 1 0 0 1
44 44 uniform 1 23 446 3 0.001 0.54632685628121236 0.45983939960354342 0.15165185500558184 0.095361426139740038 -0.10618267650626637 0.1256917971408564 0 0.04639741599304717 8.194327279103879 OK 15 14 0.39864300000000003 0.32924399999999998 0.16131699999999999 0.22936500000000001 0.16399900000000001 0 0.16927800000000001 0.16524499999999998 0.16131699999999999 0.0094160000000000008 0.009221 0.0084849999999999995 0.13539899999999999 0.13378400000000001 0.13155199999999992 0.0046960000000000005 0.0037960000000000003 0.0035219999999999995 0.0011100000000000001 0.001062 0.00098399999999999985 8.194325578489039 8.194325578489039 8.194325578489039 0.0042421708653056309 0.0042421708653056309 0.0042421708653056309 1 1 1 Converged Converged Converged OK OK OK 95 95 95 95 95 95 9 9 9 0 0 0 0 1 0 0 1
44 44 uniform 1 0 446 0 0.0001 0.54632685628121236 0.45983939960354342 0.15165185500558184 0.095361426139740038 -0.10618267650626637 0.065031055138623672 0 0.1070581579952799 9.6855546785903783 OK 15 14 0.44314999999999999 0.44828600000000002 0.205762 0.23817099999999999 0.23951800000000001 0 0.20497899999999999 0.20876800000000001 0.205762 0.010468 0.010671 0.010292000000000001 0.149343 0.15167799999999998 0.15018100000000004 0.0060350000000000004 0.0071000000000000013 0.0063209999999999994 0.0015529999999999999 0.0017299999999999998 0.0016010000000000002 9.6855557707879889 9.6855557707879889 9.6855557707879889 0.00043457213973844069 0.00043457213973844069 0.00043457213973844069 1 1 1 Converged Converged Converged OK OK OK 135 135 135 135 135 135 9 9 9 0 0 0 0 0 1 0 0
44 44 uniform 1 7 446 1 0.0001 0.54632685628121236 0.45983939960354342 0.15165185500558184 0.095361426139740038 -0.10618267650626637 0.083493020095824932 0 0.088596193038078641 9.3460714034071444 OK 15 14 0.41719800000000001 0.34101100000000001 0.18479400000000001 0.23153799999999999 0.15287899999999999 0 0.18566000000000002 0.18813200000000002 0.18479400000000001 0.0092130000000000007 0.0091959999999999993 0.0086119999999999999 0.14264500000000008 0.14700800000000003 0.14219900000000008 0.0085650000000000014 0.0061900000000000002 0.0057089999999999997 0.0017430000000000002 0.0017709999999999998 0.0016849999999999999 9.3460726592344177 9.3460726592344177 9.3460726592344177 0.00064499055209585332 0.00064499055209585332 0.00064499055209585332 1 1 1 Converged Converged Converged OK OK OK 127 127 127 127 127 127 9 9 9 0 0 0 0 1 0 0 1
44 44 uniform 1 15 446 2 0.0001 0.54632685628121236 0.45983939960354342 0.15165185500558184 0.095361426139740038 -0.10618267650626637 0.10459240861834067 0 0.067496804515562905 8.8451823289737757 OK 15 14 0.435946 0.38753300000000002 0.203596 0.23138600000000001 0.17655399999999999 0 0.20455999999999999 0.21097900000000003 0.203596 0.0092379999999999997 0.0096290000000000004 0.0088009999999999998 0.16590799999999994 0.17005199999999993 0.16573599999999991 0.0052700000000000004 0.0060229999999999997 0.0053029999999999996 0.001472 0.0016829999999999998 0.0016269999999999998 8.8451836924076019 8.8451836924076019 8.8451836924076019 0.00083851004578256165 0.00083851004578256165 0.00083851004578256165 1 1 1 Converged Converged Converged OK OK OK 126 126 126 126 126 126 10 10 10 0 0 0 0 1 0 0 1
44 44 uniform 1 23 446 3 0.0001 0.54632685628121236 0.45983939960354342 0.15165185500558184 0.095361426139740038 -0.10618267650626637 0.1256917971408564 0 0.04639741599304717 8.194327279103879 OK 15 14 0.43992100000000001 0.38428899999999999 0.205233 0.22592200000000001 0.166184 0 0.21399899999999999 0.21810499999999999 0.205233 0.0093699999999999999 0.00958 0.0084449999999999994 0.16805200000000001 0.17343499999999998 0.16358099999999998 0.0073769999999999999 0.0070020000000000004 0.0062380000000000014 0.0018180000000000002 0.0016689999999999999 0.0016310000000000001 8.1943279356630558 8.1943279356630558 8.1943279356630558 0.00068756537089320006 0.00068756537089320006 0.00068756537089320006 1 1 1 Converged Converged Converged OK OK OK 135 135 135 135 135 135 9 9 9 0 0 0 0 1 0 0 1
44 44 uniform 2 0 447 0 0.001 0.54632685628121236 0.45983939960354342 0.15165185500558184 -0.15448154190807223 -0.19042837158565062 -0.18481191290918861 0 0.35690112604309221 3.411725799717694 OK 13 12 0.36619299999999999 0.36719499999999999 0.079634999999999997 0.28431299999999998 0.28614000000000001 0 0.081880000000000008 0.081054999999999988 0.079634999999999997 0.0095790000000000007 0.0096349999999999995 0.0091140000000000006 0.052971999999999991 0.052363 0.051968999999999994 0.002562 0.0024169999999999999 0.0024239999999999999 0.00075299999999999998 0.00067400000000000001 0.00063400000000000001 3.4117255921476644 3.4117255921476644 3.4117255921476644 0.0020599579734398819 0.0020599579734398819 0.0020599579734398819 1 1 1 Converged Converged Converged OK OK OK 59 59 59 59 59 59 5 5 5 0 0 0 0 0 1 0 0
44 44 uniform 2 7 447 1 0.001 0.54632685628121236 0.45983939960354342 0.15165185500558184 -0.15448154190807223 -0.19042837158565062 -0.16634994795198732 0 0.33843916108589089 3.5449557856507408 OK 13 12 0.36096 0.24401200000000001 0.073282 0.28515499999999999 0.166819 0 0.075805000000000011 0.077193000000000012 0.073282 0.0086160000000000004 0.0085830000000000004 0.0079570000000000005 0.051179999999999996 0.052990999999999996 0.050111999999999997 0.0025659999999999997 0.002483 0.0024660000000000003 0.00073399999999999995 0.000727 0.00068499999999999995 3.5449558275982103 3.5449558275982103 3.5449558275982103 0.0017175972979102171 0.0017175972979102171 0.0017175972979102171 1 1 1 Converged Converged Converged OK OK OK 59 59 59 59 59 59 5 5 5 0 0 0 0 1 0 0 1
44 44 uniform 2 15 447 2 0.001 0.54632685628121236 0.45983939960354342 0.15165185500558184 -0.15448154190807223 -0.19042837158565062 -0.1452505594294716 0 0.3173397725633752 3.7452338488998591 OK 13 12 0.35868299999999997 0.24734500000000001 0.073481000000000005 0.28315400000000002 0.16356000000000001 0 0.075528999999999957 0.083784999999999998 0.073481000000000005 0.0086009999999999993 0.0086610000000000003 0.0078949999999999992 0.051071000000000019 0.05586600000000002 0.05047200000000001 0.0025299999999999997 0.0025869999999999995 0.0024299999999999999 0.00079000000000000001 0.000718 0.00068900000000000005 3.745234926182968 3.745234926182968 3.745234926182968 0.0020260834493141017 0.0020260834493141017 0.0020260834493141017 1 1 1 Converged Converged Converged OK OK OK 59 59 59 59 59 59 5 5 5 0 0 0 0 1 0 0 1
44 44 uniform 2 23 447 3 0.001 0.54632685628121236 0.45983939960354342 0.15165185500558184 -0.15448154190807223 -0.19042837158565062 -0.12415117090695586 0 0.29624038404085945 4.618872472445652 OK 13 12 0.38052399999999997 0.26332899999999998 0.087526999999999994 0.28490500000000002 0.17246400000000001 0 0.095618999999999954 0.090864999999999974 0.087526999999999994 0.0090080000000000004 0.0090290000000000006 0.0082380000000000005 0.068640999999999994 0.064446000000000003 0.063074999999999992 0.0029269999999999999 0.0028209999999999997 0.0024320000000000001 0.00084999999999999995 0.00081599999999999989 0.00070800000000000008 4.6188844341658681 4.6188844341658681 4.6188844341658681 0.0043250322932726053 0.0043250322932726053 0.0043250322932726053 1 1 1 Converged Converged Converged OK OK OK 73 73 73 73 73 73 7 7 7 0 0 0 0 1 0 0 1
44 44 uniform 2 0 447 0 0.0001 0.54632685628121236 0.45983939960354342 0.15165185500558184 -0.15448154190807223 -0.19042837158565062 -0.18481191290918861 0 0.35690112604309221 3.411725799717694 OK 13 12 0.416939 0.40731899999999999 0.121282 0.29120800000000002 0.28485700000000003 0 0.12573099999999998 0.12246199999999996 0.121282 0.010041 0.0097029999999999998 0.0093819999999999997 0.080360000000000001 0.078816000000000011 0.078493000000000035 0.0056490000000000004 0.004816 0.0048310000000000002 0.0012590000000000001 0.001176 0.0011249999999999999 3.4117257080044991 3.4117257080044991 3.4117257080044991 0.00021664285334453706 0.00021664285334453706 0.00021664285334453706 1 1 1 Converged Converged Converged OK OK OK 99 99 99 99 99 99 5 5 5 0 0 0 0 0 1 0 0
44 44 uniform 2 7 447 1 0.0001 0.54632685628121236 0.45983939960354342 0.15165185500558184 -0.15448154190807223 -0.19042837158565062 -0.16634994795198732 0 0.33843916108589089 3.5449557856507408 OK 13 12 0.39737899999999998 0.28692299999999998 0.11010399999999999 0.28388400000000003 0.17052800000000001 0 0.11349499999999996 0.11639499999999997 0.11010399999999999 0.0088470000000000007 0.0086899999999999998 0.0079570000000000005 0.077083000000000026 0.081170999999999965 0.076135999999999995 0.0051199999999999996 0.0048069999999999996 0.0047010000000000003 0.0011230000000000001 0.001023 0.0010290000000000002 3.5449557019044557 3.5449557019044557 3.5449557019044557 0.00015529686822454247 0.00015529686822454247 0.00015529686822454247 1 1 1 Converged Converged Converged OK OK OK 99 99 99 99 99 99 5 5 5 0 0 0 0 1 0 0 1
44 44 uniform 2 15 447 2 0.0001 0.54632685628121236 0.45983939960354342 0.15165185500558184 -0.15448154190807223 -0.19042837158565062 -0.1452505594294716 0 0.3173397725633752 3.7452338488998591 OK 13 12 0.398399 0.28675800000000001 0.109648 0.283725 0.16827400000000001 0 0.114674 0.11848400000000001 0.109648 0.0085389999999999997 0.0086870000000000003 0.0081040000000000001 0.07958999999999998 0.083059999999999995 0.07524500000000002 0.0046849999999999999 0.0049919999999999999 0.0048509999999999994 0.001091 0.0011610000000000001 0.00116 3.74523362117429 3.74523362117429 3.74523362117429 0.00022307930509402456 0.00022307930509402456 0.00022307930509402456 1 1 1 Converged Converged Converged OK OK OK 99 99 99 99 99 99 5 5 5 0 0 0 0 1 0 0 1
44 44 uniform 2 23 447 3 0.0001 0.54632685628121236 0.45983939960354342 0.15165185500558184 -0.15448154190807223 -0.19042837158565062 -0.12415117090695586 0 0.29624038404085945 4.618872472445652 OK 13 12 0.42609399999999997 0.30690600000000001 0.13209799999999999 0.28438799999999997 0.16786899999999999 0 0.141706 0.13903700000000002 0.13209799999999999 0.0090740000000000005 0.0091739999999999999 0.0083899999999999999 0.10020800000000003 0.097979000000000052 0.093482999999999983 0.0056769999999999998 0.005836 0.005032 0.0016289999999999998 0.0015150000000000001 0.0014799999999999998 4.6188718316907416 4.6188718316907416 4.6188718316907416 0.00017050488442898136 0.00017050488442898136 0.00017050488442898136 1 1 1 Converged Converged Converged OK OK OK 121 121 121 121 121 121 7 7 7 0 0 0 0 1 0 0 1
44 44 uniform 3 0 448 0 0.001 0.54632685628121236 0.45983939960354342 0.15165185500558184 0.42360093693820233 -1.6777126451427689 0.39327056593708598 0 -0.22118135280318241 1.2022098687487628 OK 13 12 0.287381 0.28662900000000002 0.065600000000000006 0.220835 0.2198 0 0.066545999999999994 0.066829000000000027 0.065600000000000006 0.0091330000000000005 0.0094380000000000002 0.0090749999999999997 0.040948999999999992 0.040997999999999993 0.040548000000000001 0.0022469999999999999 0.002346 0.0022360000000000001 0.00069199999999999991 0.00070199999999999993 0.00066199999999999994 1.202209743803057 1.202209743803057 1.202209743803057 0.00043584593063314891 0.00043584593063314891 0.00043584593063314891 1 1 1 Converged Converged Converged OK OK OK 45 45 45 45 45 45 3 3 3 0 0 0 0 0 1 0 0
44 44 uniform 3 7 448 1 0.001 0.54632685628121236 0.45983939960354342 0.15165185500558184 0.42360093693820233 -1.6777126451427689 0.41173253089428724 0 -0.23964331776038367 1.2050433452506204 OK 13 12 0.28251799999999999 0.219774 0.069610000000000005 0.211816 0.13786200000000001 0 0.070701999999999987 0.081911999999999985 0.069610000000000005 0.0085450000000000005 0.0086040000000000005 0.0080990000000000003 0.047595999999999999 0.058692000000000015 0.047349000000000016 0.0022279999999999999 0.0022780000000000001 0.0021919999999999995 0.00063000000000000003 0.00060099999999999997 0.00062100000000000002 1.2050519234432131 1.2050519234432131 1.2050519234432131 0.00082634025064972901 0.00082634025064972901 0.00082634025064972901 1 1 1 Converged Converged Converged OK OK OK 52 52 52 52 52 52 4 4 4 0 0 0 0 1 0 0 1
44 44 uniform 3 15 448 2 0.001 0.54632685628121236 0.45983939960354342 0.15165185500558184 0.42360093693820233 -1.6777126451427689 0.43283191941680299 0 -0.26074270628289942 1.20688604482402 OK 13 12 0.28328399999999998 0.217944 0.07016 0.211616 0.135215 0 0.071667999999999982 0.082728999999999997 0.07016 0.0082410000000000001 0.0082459999999999999 0.0077510000000000001 0.049647999999999998 0.060703000000000007 0.049198999999999993 0.0022179999999999999 0.0022190000000000001 0.0021349999999999997 0.00057399999999999997 0.00058100000000000003 0.00056499999999999996 1.2068894187032706 1.2068894187032706 1.2068894187032706 0.00071182276301676357 0.00071182276301676357 0.00071182276301676357 1 1 1 Converged Converged Converged OK OK OK 52 52 52 52 52 52 4 4 4 0 0 0 0 1 0 0 1
44 44 uniform 3 23 448 3 0.001 0.54632685628121236 0.45983939960354342 0.15165185500558184 0.42360093693820233 -1.6777126451427689 0.45393130793931868 0 -0.28184209480541511 1.207163309856736 OK 13 12 0.27898299999999998 0.211036 0.068231 0.20550599999999999 0.129493 0 0.073476999999999987 0.081543000000000004 0.068231 0.011854 0.0086700000000000006 0.0080450000000000001 0.047672000000000006 0.059160000000000004 0.047226000000000011 0.0022729999999999998 0.0021950000000000003 0.0021589999999999999 0.00059299999999999999 0.00059599999999999996 0.00056800000000000004 1.2071660655726415 1.2071660655726415 1.2071660655726415 0.0006901386210894678 0.0006901386210894678 0.0006901386210894678 1 1 1 Converged Converged Converged OK OK OK 52 52 52 52 52 52 4 4 4 0 0 0 0 1 0 0 1
44 44 uniform 3 0 448 0 0.0001 0.54632685628121236 0.45983939960354342 0.15165185500558184 0.42360093693820233 -1.6777126451427689 0.39327056593708598 0 -0.22118135280318241 1.2022098687487628 OK 13 12 0.307315 0.30486000000000002 0.083474000000000007 0.222523 0.217361 0 0.084792000000000006 0.087499000000000021 0.083474000000000007 0.0094839999999999994 0.0093790000000000002 0.0090159999999999997 0.053256999999999985 0.056491 0.052863999999999994 0.003137 0.003192 0.0030829999999999998 0.00075400000000000011 0.000794 0.00075600000000000005 1.2022097437158612 1.2022097437158612 1.2022097437158612 5.8198493970194705e-05 5.8198493970194705e-05 5.8198493970194705e-05 1 1 1 Converged Converged Converged OK OK OK 61 61 61 61 61 61 3 3 3 0 0 0 0 0 1 0 0
44 44 uniform 3 7 448 1 0.0001 0.54632685628121236 0.45983939960354342 0.15165185500558184 0.42360093693820233 -1.6777126451427689 0.41173253089428724 0 -0.23964331776038367 1.2050433452506204 OK 13 12 0.32031999999999999 0.25964799999999999 0.103906 0.21040200000000001 0.13691600000000001 0 0.10991799999999999 0.12273199999999998 0.103906 0.0086789999999999992 0.0086009999999999993 0.0080800000000000004 0.077264999999999973 0.090498000000000009 0.072790999999999953 0.0038510000000000003 0.0038180000000000002 0.0036960000000000001 0.0008789999999999999 0.00086100000000000011 0.00082100000000000001 1.2050433188032306 1.2050433188032306 1.2050433188032306 5.1121862935627801e-05 5.1121862935627801e-05 5.1121862935627801e-05 1 1 1 Converged Converged Converged OK OK OK 84 84 84 84 84 84 4 4 4 0 0 0 0 1 0 0 1
44 44 uniform 3 15 448 2 0.0001 0.54632685628121236 0.45983939960354342 0.15165185500558184 0.42360093693820233 -1.6777126451427689 0.43283191941680299 0 -0.26074270628289942 1.20688604482402 OK 13 12 0.31406299999999998 0.26037199999999999 0.10347199999999999 0.20912500000000001 0.13458800000000001 0 0.10493799999999998 0.12578399999999998 0.10347199999999999 0.0083339999999999994 0.0083269999999999993 0.0077549999999999997 0.075078000000000006 0.095796000000000006 0.074656999999999973 0.0037030000000000001 0.0038539999999999998 0.0036490000000000003 0.00081800000000000004 0.00081700000000000002 0.000843 1.2068859495942901 1.2068859495942901 1.2068859495942901 4.2146512658128073e-05 4.2146512658128073e-05 4.2146512658128073e-05 1 1 1 Converged Converged Converged OK OK OK 84 84 84 84 84 84 4 4 4 0 0 0 0 1 0 0 1
44 44 uniform 3 23 448 3 0.0001 0.54632685628121236 0.45983939960354342 0.15165185500558184 0.42360093693820233 -1.6777126451427689 0.45393130793931868 0 -0.28184209480541511 1.207163309856736 OK 13 12 0.31245400000000001 0.25273299999999999 0.10245 0.20852100000000001 0.13106699999999999 0 0.103933 0.121666 0.10245 0.0085660000000000007 0.0086789999999999992 0.0080540000000000004 0.073890000000000025 0.091423999999999978 0.073445999999999997 0.003699 0.0037479999999999996 0.003607 0.00082299999999999995 0.00080900000000000004 0.00078600000000000002 1.2071632332429525 1.2071632332429525 1.2071632332429525 4.2026814305143532e-05 4.2026814305143532e-05 4.2026814305143532e-05 1 1 1 Converged Converged Converged OK OK OK 84 84 84 84 84 84 4 4 4 0 0 0 0 1 0 0 1
44 44 uniform 4 0 449 0 0.001 0.54632685628121236 0.45983939960354342 0.15165185500558184 0.72001687066251541 -1.2354946743163397 0.68968649966139906 0 -0.51759728652749548 1.1959951703537008 OK 13 12 0.27243899999999999 0.27867700000000001 0.083902000000000004 0.18742500000000001 0.192414 0 0.085013999999999978 0.086263000000000006 0.083902000000000004 0.01008 0.010381 0.0098289999999999992 0.057784999999999989 0.058515999999999985 0.057417000000000024 0.0022049999999999995 0.0025569999999999998 0.002212 0.00053499999999999999 0.00057499999999999999 0.00053699999999999993 1.1959954320665951 1.1959954320665951 1.1959954320665951 0.0011131799407773438 0.0011131799407773438 0.0011131799407773438 1 1 1 Converged Converged Converged OK OK OK 51 51 51 51 51 51 5 5 5 0 0 0 0 0 1 0 0
44 44 uniform 4 7 449 1 0.001 0.54632685628121236 0.45983939960354342 0.15165185500558184 0.72001687066251541 -1.2354946743163397 0.70814846461860026 0 -0.53605925148469669 1.1877622952795224 OK 13 12 0.26925100000000002 0.22223399999999999 0.077980999999999995 0.189527 0.124848 0 0.079724000000000017 0.097385999999999986 0.077980999999999995 0.0086189999999999999 0.0085800000000000008 0.007901 0.056899000000000005 0.074546000000000029 0.056367999999999994 0.0022520000000000001 0.0023280000000000002 0.0021940000000000002 0.000495 0.000562 0.000464 1.1877622451138687 1.1877622451138687 1.1877622451138687 0.00070494705056130496 0.00070494705056130496 0.00070494705056130496 1 1 1 Converged Converged Converged OK OK OK 51 51 51 51 51 51 5 5 5 0 0 0 0 1 0 0 1
44 44 uniform 4 15 449 2 0.001 0.54632685628121236 0.45983939960354342 0.15165185500558184 0.72001687066251541 -1.2354946743163397 0.72924785314111606 0 -0.55715864000721249 1.1793168383010171 OK 13 12 0.268791 0.211094 0.077954999999999997 0.18911600000000001 0.12514700000000001 0 0.079674999999999996 0.085946999999999996 0.077954999999999997 0.0090910000000000001 0.0092350000000000002 0.0084729999999999996 0.056395000000000008 0.062453999999999975 0.055898000000000003 0.0022949999999999997 0.0023549999999999999 0.0022000000000000001 0.000473 0.00054199999999999995 0.00046300000000000003 1.1793168151436577 1.1793168151436577 1.1793168151436577 0.00051086139145571879 0.00051086139145571879 0.00051086139145571879 1 1 1 Converged Converged Converged OK OK OK 51 51 51 51 51 51 5 5 5 0 0 0 0 1 0 0 1
44 44 uniform 4 23 449 3 0.001 0.54632685628121236 0.45983939960354342 0.15165185500558184 0.72001687066251541 -1.2354946743163397 0.75034724166363176 0 -0.57825802852972819 1.171684266634005 OK 13 12 0.28501700000000002 0.225462 0.089275999999999994 0.19198399999999999 0.12679399999999999 0 0.093033000000000032 0.098668000000000006 0.089275999999999994 0.0091190000000000004 0.0090240000000000008 0.0083110000000000007 0.065426999999999985 0.07264499999999996 0.06431400000000001 0.0031470000000000001 0.0027549999999999996 0.0026210000000000001 0.00073399999999999995 0.000669 0.00063599999999999996 1.1716843924399116 1.1716843924399116 1.1716843924399116 0.00046063838787971601 0.00046063838787971601 0.00046063838787971601 1 1 1 Converged Converged Converged OK OK OK 59 59 59 59 59 59 5 5 5 0 0 0 0 1 0 0 1
44 44 uniform 4 0 449 0 0.0001 0.54632685628121236 0.45983939960354342 0.15165185500558184 0.72001687066251541 -1.2354946743163397 0.68968649966139906 0 -0.51759728652749548 1.1959951703537008 OK 13 12 0.30800499999999997 0.31404500000000002 0.120267 0.186303 0.19120799999999999 0 0.12170199999999998 0.12283700000000003 0.120267 0.010088 0.010042000000000001 0.0097990000000000004 0.082022000000000025 0.082892000000000049 0.081587000000000048 0.0038809999999999999 0.0043559999999999996 0.0038870000000000003 0.00094600000000000001 0.0010139999999999999 0.00095000000000000011 1.1959951601085372 1.1959951601085372 1.1959951601085372 3.6680123741183093e-05 3.6680123741183093e-05 3.6680123741183093e-05 1 1 1 Converged Converged Converged OK OK OK 83 83 83 83 83 83 5 5 5 0 0 0 0 0 1 0 0
44 44 uniform 4 7 449 1 0.0001 0.54632685628121236 0.45983939960354342 0.15165185500558184 0.72001687066251541 -1.2354946743163397 0.70814846461860026 0 -0.53605925148469669 1.1877622952795224 OK 13 12 0.29888399999999998 0.25938800000000001 0.10974100000000001 0.18615000000000001 0.12310599999999999 0 0.11273399999999997 0.13628200000000001 0.10974100000000001 0.0085190000000000005 0.0085459999999999998 0.0079139999999999992 0.08007000000000003 0.10403199999999994 0.079205000000000039 0.0042420000000000001 0.0041650000000000003 0.0037810000000000001 0.00093199999999999989 0.00092099999999999994 0.00085900000000000006 1.1877622856175876 1.1877622856175876 1.1877622856175876 5.0228730273157471e-05 5.0228730273157471e-05 5.0228730273157471e-05 1 1 1 Converged Converged Converged OK OK OK 83 83 83 83 83 83 5 5 5 0 0 0 0 1 0 0 1
44 44 uniform 4 15 449 2 0.0001 0.54632685628121236 0.45983939960354342 0.15165185500558184 0.72001687066251541 -1.2354946743163397 0.72924785314111606 0 -0.55715864000721249 1.1793168383010171 OK 13 12 0.28673399999999999 0.23166200000000001 0.094658000000000006 0.18668599999999999 0.123555 0 0.100048 0.10810700000000001 0.094658000000000006 0.0092770000000000005 0.0090709999999999992 0.0084700000000000001 0.071374999999999994 0.079858000000000012 0.067614999999999995 0.0032119999999999996 0.0031419999999999998 0.0030179999999999998 0.00066700000000000006 0.00068400000000000004 0.00067299999999999999 1.1793168145784065 1.1793168145784065 1.1793168145784065 0.00011344501527223584 0.00011344501527223584 0.00011344501527223584 1 1 1 Converged Converged Converged OK OK OK 67 67 67 67 67 67 5 5 5 0 0 0 0 1 0 0 1
44 44 uniform 4 23 449 3 0.0001 0.54632685628121236 0.45983939960354342 0.15165185500558184 0.72001687066251541 -1.2354946743163397 0.75034724166363176 0 -0.57825802852972819 1.171684266634005 OK 13 12 0.29857499999999998 0.24332599999999999 0.105032 0.19056899999999999 0.12651499999999999 0 0.10800599999999999 0.116811 0.105032 0.0091170000000000001 0.0090349999999999996 0.0084329999999999995 0.076962999999999976 0.086478000000000041 0.076263999999999998 0.0039789999999999999 0.0037959999999999999 0.0034280000000000005 0.00080900000000000004 0.00085800000000000004 0.000767 1.1716843918860571 1.1716843918860571 1.1716843918860571 6.5168057519265308e-05 6.5168057519265308e-05 6.5168057519265308e-05 1 1 1 Converged Converged Converged OK OK OK 75 75 75 75 75 75 5 5 5 0 0 0 0 1 0 0 1
45 45 linear 0 0 450 0 0.001 3.1510731588524283 0.004535631073712478 3.5421931237246941e-05 -2.8264407880191125 -0.0039320035375790159 -2.8264478724053599 0.5 2.8406754467120634 79.28690054292548 OK 14 13 0.56057800000000002 0.55876400000000004 0.14552899999999999 0.41159400000000002 0.41207700000000003 0 0.14898400000000001 0.14668700000000001 0.14552899999999999 0.011783999999999999 0.011783999999999999 0.011424999999999999 0.11318700000000001 0.11077799999999999 0.11030199999999996 0.0031229999999999999 0.003258 0.0031320000000000002 0.00081000000000000006 0.000803 0.00077999999999999999 79.287417653642734 79.287417653642734 79.287417653642734 0.044892130549548416 0.044892130549548416 0.044892130549548416 1 1 1 Converged Converged Converged OK OK OK 74 74 74 74 74 74 6 6 6 0 0 0 0 0 1 0 0
45 45 linear 0 7 450 1 0.001 3.1510731588524283 0.004535631073712478 3.5421931237246941e-05 -2.8264407880191125 -0.0039320035375790159 -2.8264435601702527 0.5 2.8406711344769562 81.852909624840734 OK 14 13 0.56735000000000002 0.50016099999999997 0.13780400000000001 0.42221199999999998 0.27543099999999998 0 0.14513800000000004 0.22472999999999999 0.13780400000000001 0.010917 0.013932 0.010272999999999999 0.11475199999999998 0.19203200000000009 0.10909500000000001 0.003333 0.0031020000000000002 0.003192 0.00089599999999999999 0.00084999999999999995 0.00082200000000000014 81.853289128616794 81.853289128616794 81.853289128616794 0.04471255433847765 0.04471255433847765 0.04471255433847765 1 1 1 Converged Converged Converged OK OK OK 74 74 74 74 74 74 6 6 6 0 0 0 0 1 0 0 1
45 45 linear 0 15 450 2 0.001 3.1510731588524283 0.004535631073712478 3.5421931237246941e-05 -2.8264407880191125 -0.0039320035375790159 -2.8264386319015591 0.5 2.8406662062082626 84.128669134746161 OK 14 13 0.52058800000000005 0.458036 0.13416400000000001 0.38553100000000001 0.253052 0 0.13505700000000004 0.204984 0.13416400000000001 0.010914 0.010975 0.010219000000000001 0.10537099999999996 0.17521600000000007 0.10548899999999999 0.0033029999999999999 0.0033049999999999998 0.0033080000000000002 0.00073399999999999995 0.00077300000000000014 0.00075000000000000012 84.12888539109548 84.12888539109548 84.12888539109548 0.045475606432212726 0.045475606432212726 0.045475606432212726 1 1 1 Converged Converged Converged OK OK OK 74 74 74 74 74 74 6 6 6 0 0 0 0 1 0 0 1
45 45 linear 0 23 450 3 0.001 3.1510731588524283 0.004535631073712478 3.5421931237246941e-05 -2.8264407880191125 -0.0039320035375790159 -2.8264337036328651 0.5 2.8406612779395686 85.643285695664318 OK 14 13 0.56026299999999996 0.48679 0.13464400000000001 0.42139399999999999 0.27721899999999999 0 0.13886899999999996 0.20957100000000001 0.13464400000000001 0.010940999999999999 0.010951000000000001 0.010325000000000001 0.10949600000000002 0.180201 0.10639300000000002 0.0031299999999999995 0.0030999999999999999 0.003143 0.0007580000000000001 0.00077800000000000005 0.00073800000000000005 85.643596273362633 85.643596273362633 85.643596273362633 0.046601387260246339 0.046601387260246339 0.046601387260246339 1 1 1 Converged Converged Converged OK OK OK 74 74 74 74 74 74 6 6 6 0 0 0 0 1 0 0 1
45 45 linear 0 0 450 0 0.0001 3.1510731588524283 0.004535631073712478 3.5421931237246941e-05 -2.8264407880191125 -0.0039320035375790159 -2.8264478724053599 0.5 2.8406754467120634 79.28690054292548 OK 14 13 0.60119699999999998 0.60222500000000001 0.18678800000000001 0.41012900000000002 0.41813400000000001 0 0.19106799999999996 0.184091 0.18678800000000001 0.011731 0.012021 0.011431 0.14548899999999992 0.13817299999999999 0.13798600000000005 0.004614 0.0047450000000000001 0.0084969999999999993 0.0010759999999999999 0.0011150000000000001 0.0010920000000000001 79.287412931041843 79.287412931041843 79.287412931041843 0.0077817477082308744 0.0077817477082308744 0.0077817477082308744 1 1 1 Converged Converged Converged OK OK OK 98 98 98 98 98 98 6 6 6 0 0 0 0 0 1 0 0
45 45 linear 0 7 450 1 0.0001 3.1510731588524283 0.004535631073712478 3.5421931237246941e-05 -2.8264407880191125 -0.0039320035375790159 -2.8264435601702527 0.5 2.8406711344769562 81.852909624840734 OK 14 13 0.59628000000000003 0.542821 0.17338200000000001 0.42270600000000003 0.277005 0 0.17357400000000001 0.265816 0.17338200000000001 0.010958000000000001 0.010940999999999999 0.01026 0.13911099999999998 0.23073799999999997 0.13982800000000004 0.0043559999999999996 0.0045820000000000001 0.0045139999999999998 0.0011389999999999998 0.00114 0.0011249999999999999 81.853286265220405 81.853286265220405 81.853286265220405 0.0081412232802521595 0.0081412232802521595 0.0081412232802521595 1 1 1 Converged Converged Converged OK OK OK 98 98 98 98 98 98 6 6 6 0 0 0 0 1 0 0 1
45 45 linear 0 15 450 2 0.0001 3.1510731588524283 0.004535631073712478 3.5421931237246941e-05 -2.8264407880191125 -0.0039320035375790159 -2.8264386319015591 0.5 2.8406662062082626 84.128669134746161 OK 14 13 0.55764599999999998 0.49774800000000002 0.16327800000000001 0.38862099999999999 0.25824900000000001 0 0.16902499999999998 0.23949900000000002 0.16327800000000001 0.010951000000000001 0.010909 0.010260999999999999 0.13378899999999999 0.20456199999999999 0.12984700000000002 0.0046829999999999997 0.0047000000000000002 0.0043480000000000003 0.0010799999999999998 0.001018 0.001003 84.128883981782494 84.128883981782494 84.128883981782494 0.0081437088351207238 0.0081437088351207238 0.0081437088351207238 1 1 1 Converged Converged Converged OK OK OK 98 98 98 98 98 98 6 6 6 0 0 0 0 1 0 0 1
45 45 linear 0 23 450 3 0.0001 3.1510731588524283 0.004535631073712478 3.5421931237246941e-05 -2.8264407880191125 -0.0039320035375790159 -2.8264337036328651 0.5 2.8406612779395686 85.643285695664318 OK 14 13 0.59170299999999998 0.51875300000000002 0.16575500000000001 0.42077399999999998 0.27401399999999998 0 0.170929 0.24473900000000004 0.16575500000000001 0.010973999999999999 0.011068 0.010331999999999999 0.13612199999999999 0.209316 0.13232499999999994 0.004516 0.0049519999999999998 0.0044209999999999996 0.0010249999999999999 0.0010730000000000002 0.0010119999999999999 85.643596082333147 85.643596082333147 85.643596082333147 0.0081482196574511404 0.0081482196574511404 0.0081482196574511404 1 1 1 Converged Converged Converged OK OK OK 98 98 98 98 98 98 6 6 6 0 0 0 0 1 0 0 1
45 45 linear 1 0 451 0 0.001 3.1510731588524283 0.004535631073712478 3.5421931237246941e-05 0.012976300928303486 0.0009478519015863184 0.012969216542056036 0.5 0.0012583577646473349 6353.9313093302007 OK 13 12 0.71528999999999998 0.71450400000000003 0.249191 0.46141500000000002 0.457538 0 0.25387499999999996 0.25696600000000003 0.249191 0.033507000000000002 0.035254000000000001 0.033773999999999998 0.19992700000000005 0.20121500000000003 0.19523399999999999 0.0026419999999999998 0.0025240000000000002 0.0027360000000000002 0.00079900000000000001 0.00077300000000000014 0.00081100000000000009 6353.9661409730688 6353.9661409730688 6353.9661409730688 3.7057944314778206 3.7057944314778206 3.7057944314778206 1 1 1 Converged Converged Converged OK OK OK 66 66 66 66 66 66 6 6 6 0 0 0 0 0 1 0 0
45 45 linear 1 7 451 1 0.001 3.1510731588524283 0.004535631073712478 3.5421931237246941e-05 0.012976300928303486 0.0009478519015863184 0.012973528777163179 0.5 0.0012540455295401917 5698.2214704168282 OK 13 12 0.70964700000000003 0.57682299999999997 0.2276 0.47548899999999999 0.34186800000000001 0 0.23415800000000003 0.23495499999999997 0.2276 0.010052 0.0099909999999999999 0.0093039999999999998 0.20750000000000002 0.20888000000000009 0.20287300000000005 0.0028010000000000001 0.0026799999999999997 0.0026960000000000005 0.00075899999999999991 0.00075400000000000011 0.00076399999999999992 5698.2041741489593 5698.2041741489593 5698.2041741489593 2.2184106707532711 2.2184106707532711 2.2184106707532711 1 1 1 Converged Converged Converged OK OK OK 66 66 66 66 66 66 6 6 6 0 0 0 0 1 0 0 1
45 45 linear 1 15 451 2 0.001 3.1510731588524283 0.004535631073712478 3.5421931237246941e-05 0.012976300928303486 0.0009478519015863184 0.012978457045857057 0.5 0.0012491172608463143 4812.5183840473146 OK 13 12 0.76708799999999999 0.62504999999999999 0.21801000000000001 0.54295199999999999 0.40585100000000002 0 0.224136 0.21919899999999998 0.21801000000000001 0.010038 0.0098960000000000003 0.0093650000000000001 0.19811899999999996 0.19396899999999997 0.193219 0.0025999999999999999 0.0025350000000000004 0.0026740000000000002 0.00073499999999999998 0.00070300000000000007 0.000754 4812.4802219371459 4812.4802219371459 4812.4802219371459 1.2008820095876866 1.2008820095876866 1.2008820095876866 1 1 1 Converged Converged Converged OK OK OK 66 66 66 66 66 66 6 6 6 0 0 0 0 1 0 0 1
45 45 linear 1 23 451 3 0.001 3.1510731588524283 0.004535631073712478 3.5421931237246941e-05 0.012976300928303486 0.0009478519015863184 0.012983385314550936 0.5 0.0012441889921524351 3752.1883656448181 OK 13 12 0.74781200000000003 0.60061900000000001 0.20444599999999999 0.53334199999999998 0.39499899999999999 0 0.21447000000000005 0.20562000000000002 0.20444599999999999 0.010706 0.010810999999999999 0.01001 0.18887900000000002 0.18057900000000002 0.18030499999999997 0.0025839999999999999 0.0024560000000000003 0.0023840000000000003 0.00076399999999999992 0.000696 0.00070899999999999999 3752.1816022502608 3752.1816022502608 3752.1816022502608 1.6386720684977001 1.6386720684977001 1.6386720684977001 1 1 1 Converged Converged Converged OK OK OK 59 59 59 59 59 59 5 5 5 0 0 0 0 1 0 0 1
45 45 linear 1 0 451 0 0.0001 3.1510731588524283 0.004535631073712478 3.5421931237246941e-05 0.012976300928303486 0.0009478519015863184 0.012969216542056036 0.5 0.0012583577646473349 6353.9313093302007 OK 13 12 0.795987 0.79258600000000001 0.32956000000000002 0.45953899999999998 0.45636700000000002 0 0.33644800000000002 0.33621899999999999 0.32956000000000002 0.03422 0.036082000000000003 0.034418999999999998 0.27285399999999993 0.27040900000000001 0.26528200000000007 0.0039969999999999997 0.0042839999999999996 0.0043889999999999997 0.001024 0.0010999999999999998 0.0011690000000000001 6353.9658123412264 6353.9658123412264 6353.9658123412264 0.26211822018041392 0.26211822018041392 0.26211822018041392 1 1 1 Converged Converged Converged OK OK OK 90 90 90 90 90 90 6 6 6 0 0 0 0 0 1 0 0
45 45 linear 1 7 451 1 0.0001 3.1510731588524283 0.004535631073712478 3.5421931237246941e-05 0.012976300928303486 0.0009478519015863184 0.012973528777163179 0.5 0.0012540455295401917 5698.2214704168282 OK 13 12 0.78622099999999995 0.63780999999999999 0.304122 0.47322599999999998 0.32752999999999999 0 0.31299499999999997 0.31028 0.304122 0.0097280000000000005 0.009783 0.0092490000000000003 0.28064800000000006 0.27809899999999999 0.27285100000000007 0.0037959999999999999 0.0037810000000000001 0.0037979999999999997 0.00097299999999999991 0.000968 0.00096600000000000006 5698.2040983031784 5698.2040983031784 5698.2040983031784 0.33217451310795099 0.33217451310795099 0.33217451310795099 1 1 1 Converged Converged Converged OK OK OK 90 90 90 90 90 90 6 6 6 0 0 0 0 1 0 0 1
45 45 linear 1 15 451 2 0.0001 3.1510731588524283 0.004535631073712478 3.5421931237246941e-05 0.012976300928303486 0.0009478519015863184 0.012978457045857057 0.5 0.0012491172608463143 4812.5183840473146 OK 13 12 0.86478999999999995 0.71589700000000001 0.31588300000000002 0.539184 0.39611299999999999 0 0.32560599999999995 0.31978400000000001 0.31588300000000002 0.0097900000000000001 0.0099509999999999998 0.0093740000000000004 0.29008400000000006 0.28449099999999999 0.28037299999999987 0.0042429999999999994 0.0042700000000000004 0.0044220000000000006 0.001062 0.001073 0.0011220000000000002 4812.4802241400321 4812.4802241400321 4812.4802241400321 0.28243843393145363 0.28243843393145363 0.28243843393145363 1 1 1 Converged Converged Converged OK OK OK 98 98 98 98 98 98 6 6 6 0 0 0 0 1 0 0 1
45 45 linear 1 23 451 3 0.0001 3.1510731588524283 0.004535631073712478 3.5421931237246941e-05 0.012976300928303486 0.0009478519015863184 0.012983385314550936 0.5 0.0012441889921524351 3752.1883656448181 OK 13 12 0.84702 0.69954000000000005 0.30323699999999998 0.53369200000000006 0.391461 0 0.31332799999999994 0.30807900000000005 0.30323699999999998 0.010439 0.010803999999999999 0.010085999999999999 0.27640900000000002 0.27413499999999996 0.27096200000000004 0.0041249999999999993 0.0044159999999999998 0.0040419999999999996 0.0009549999999999999 0.0010549999999999999 0.00093199999999999989 3752.1817028545797 3752.1817028545797 3752.1817028545797 0.34966688658841244 0.34966688658841244 0.34966688658841244 1 1 1 Converged Converged Converged OK OK OK 91 91 91 91 91 91 5 5 5 0 0 0 0 1 0 0 1
45 45 linear 2 0 452 0 0.001 3.1510731588524283 0.004535631073712478 3.5421931237246941e-05 0.012543024988436057 -0.00059463403682949445 0.012535940602188607 0.5 0.0016916337045147639 887.10273319008149 OK 13 12 0.66817800000000005 0.66736200000000001 0.216421 0.44393100000000002 0.44588899999999998 0 0.22424700000000003 0.22147300000000003 0.216421 0.0095589999999999998 0.0096120000000000008 0.0093749999999999997 0.19637599999999997 0.19397100000000006 0.18908099999999992 0.00266 0.002666 0.0026360000000000003 0.00061700000000000014 0.0005979999999999999 0.00058700000000000007 887.10227526376389 887.10227526376389 887.10227526376389 0.53320027240710921 0.53320027240710921 0.53320027240710921 1 1 1 Converged Converged Converged OK OK OK 53 53 53 53 53 53 3 3 3 0 0 0 0 0 1 0 0
45 45 linear 2 7 452 1 0.001 3.1510731588524283 0.004535631073712478 3.5421931237246941e-05 0.012543024988436057 -0.00059463403682949445 0.01254025283729575 0.5 0.0016873214694076207 890.96605887771932 OK 12 11 0.71689899999999995 0.58527799999999996 0.179121 0.53407499999999997 0.39757300000000001 0 0.18282399999999999 0.18770499999999996 0.179121 0.0076709999999999999 0.0090679999999999997 0.0072589999999999998 0.16026499999999999 0.16322700000000004 0.157557 0.0023930000000000002 0.0024980000000000002 0.0023259999999999999 0.00059000000000000003 0.00063599999999999996 0.00056000000000000006 890.96559576198251 890.96559576198251 890.96559576198251 0.53400766917346598 0.53400766917346598 0.53400766917346598 1 1 1 Converged Converged Converged OK OK OK 46 46 46 46 46 46 2 2 2 0 0 0 0 1 0 0 1
45 45 linear 2 15 452 2 0.001 3.1510731588524283 0.004535631073712478 3.5421931237246941e-05 0.012543024988436057 -0.00059463403682949445 0.012545181105989628 0.5 0.0016823932007137433 895.44777505054731 OK 13 12 0.76063899999999995 0.62306700000000004 0.213645 0.53710100000000005 0.40258300000000002 0 0.2235379999999999 0.22048400000000001 0.213645 0.0090240000000000008 0.0091079999999999998 0.0087019999999999997 0.197933 0.19464599999999999 0.18892700000000001 0.0026689999999999999 0.0027799999999999999 0.002725 0.00059999999999999995 0.00062500000000000001 0.00060900000000000006 895.44733447229078 895.44733447229078 895.44733447229078 0.53493653875335223 0.53493653875335223 0.53493653875335223 1 1 1 Converged Converged Converged OK OK OK 53 53 53 53 53 53 3 3 3 0 0 0 0 1 0 0 1
45 45 linear 2 23 452 3 0.001 3.1510731588524283 0.004535631073712478 3.5421931237246941e-05 0.012543024988436057 -0.00059463403682949445 0.012550109374683507 0.5 0.0016774649320198641 1000.6136090632947 OK 14 13 0.85476600000000003 0.71613000000000004 0.267044 0.57809100000000002 0.44671300000000003 0 0.276675 0.26941700000000002 0.267044 0.012673 0.012687 0.011826 0.24164099999999999 0.23481300000000002 0.23428600000000008 0.003565 0.0035170000000000002 0.0033 0.00090399999999999996 0.000861 0.00079299999999999998 1000.5983310869154 1000.5983310869154 1000.5983310869154 0.60529122685516656 0.60529122685516656 0.60529122685516656 1 1 1 Converged Converged Converged OK OK OK 68 68 68 68 68 68 4 4 4 0 0 0 0 1 0 0 1
45 45 linear 2 0 452 0 0.0001 3.1510731588524283 0.004535631073712478 3.5421931237246941e-05 0.012543024988436057 -0.00059463403682949445 0.012535940602188607 0.5 0.0016916337045147639 887.10273319008149 OK 13 12 0.72166200000000003 0.71696800000000005 0.26556099999999999 0.44586999999999999 0.45049099999999997 0 0.27579200000000004 0.26647700000000007 0.26556099999999999 0.0099279999999999993 0.0096209999999999993 0.0092929999999999992 0.24135899999999999 0.23308500000000007 0.23268700000000003 0.0035850000000000001 0.0034859999999999999 0.0034840000000000001 0.00074899999999999999 0.0007319999999999999 0.00070800000000000008 887.1022755664078 887.1022755664078 887.1022755664078 7.6412894824488815e-06 7.6412894824488815e-06 7.6412894824488815e-06 1 1 1 Converged Converged Converged OK OK OK 69 69 69 69 69 69 3 3 3 0 0 0 0 0 1 0 0
45 45 linear 2 7 452 1 0.0001 3.1510731588524283 0.004535631073712478 3.5421931237246941e-05 0.012543024988436057 -0.00059463403682949445 0.01254025283729575 0.5 0.0016873214694076207 890.96605887771932 OK 12 11 0.765791 0.62057799999999996 0.227244 0.53289500000000001 0.39120899999999997 0 0.23289599999999999 0.22936899999999999 0.227244 0.0074749999999999999 0.007698 0.0072439999999999996 0.20539099999999996 0.20169399999999996 0.20060100000000006 0.0032420000000000001 0.0033140000000000001 0.0032040000000000003 0.00070399999999999998 0.000687 0.00069800000000000005 890.96559604792697 890.96559604792697 890.96559604792697 7.6232916624053018e-06 7.6232916624053018e-06 7.6232916624053018e-06 1 1 1 Converged Converged Converged OK OK OK 62 62 62 62 62 62 2 2 2 0 0 0 0 1 0 0 1
45 45 linear 2 15 452 2 0.0001 3.1510731588524283 0.004535631073712478 3.5421931237246941e-05 0.012543024988436057 -0.00059463403682949445 0.012545181105989628 0.5 0.0016823932007137433 895.44777505054731 OK 13 12 0.80670699999999995 0.66375200000000001 0.26811400000000002 0.53587099999999999 0.39541399999999999 0 0.27083599999999997 0.26833800000000002 0.26811400000000002 0.0089999999999999993 0.0088719999999999997 0.0084720000000000004 0.240617 0.23857199999999995 0.23894199999999993 0.003519 0.0034640000000000001 0.0034340000000000004 0.00068600000000000009 0.00072899999999999994 0.00067999999999999994 895.44733477243869 895.44733477243869 895.44733477243869 7.7413514670819711e-06 7.7413514670819711e-06 7.7413514670819711e-06 1 1 1 Converged Converged Converged OK OK OK 69 69 69 69 69 69 3 3 3 0 0 0 0 1 0 0 1
45 45 linear 2 23 452 3 0.0001 3.1510731588524283 0.004535631073712478 3.5421931237246941e-05 0.012543024988436057 -0.00059463403682949445 0.012550109374683507 0.5 0.0016774649320198641 1000.6136090632947 OK 14 13 0.90054800000000002 0.76005800000000001 0.31656099999999998 0.57840599999999998 0.44188899999999998 0 0.32214200000000004 0.31816900000000004 0.31656099999999998 0.012245000000000001 0.012402 0.011804 0.28273699999999996 0.278997 0.27840399999999993 0.0042639999999999996 0.0042129999999999997 0.004215 0.00097800000000000014 0.00099599999999999992 0.00094400000000000007 1000.5983313861616 1000.5983313861616 1000.5983313861616 0.06942719709585532 0.06942719709585532 0.06942719709585532 1 1 1 Converged Converged Converged OK OK OK 84 84 84 84 84 84 4 4 4 0 0 0 0 1 0 0 1
45 45 linear 3 0 453 0 0.001 3.1510731588524283 0.004535631073712478 3.5421931237246941e-05 -2.8173416909966562 -0.0060022259635684611 -2.8173487753829036 0.5 2.8315763496896071 49.907842945580271 OK 15 14 0.72096300000000002 0.711696 0.165879 0.54812399999999994 0.54246099999999997 0 0.17283900000000008 0.16923500000000002 0.165879 0.014794 0.014526000000000001 0.014284 0.12629599999999996 0.12380599999999999 0.12022099999999999 0.0044019999999999997 0.0043509999999999998 0.0043759999999999997 0.0010280000000000001 0.001044 0.00096199999999999996 49.907804235180862 49.907804235180862 49.907804235180862 0.044600950205466394 0.044600950205466394 0.044600950205466394 1 1 1 Converged Converged Converged OK OK OK 83 83 83 83 83 83 5 5 5 0 0 0 0 0 1 0 0
45 45 linear 3 7 453 1 0.001 3.1510731588524283 0.004535631073712478 3.5421931237246941e-05 -2.8173416909966562 -0.0060022259635684611 -2.8173444631477964 0.5 2.8315720374544999 51.53757356269783 OK 15 14 0.59146299999999996 0.61089899999999997 0.15875800000000001 0.42857299999999998 0.292408 0 0.16288999999999998 0.31849099999999997 0.15875800000000001 0.013662000000000001 0.013604 0.012841 0.12316300000000005 0.27903300000000014 0.12066500000000001 0.0044859999999999995 0.0044189999999999993 0.004359 0.00092100000000000005 0.00090499999999999999 0.00089200000000000011 51.537533731752561 51.537533731752561 51.537533731752561 0.046772846772881946 0.046772846772881946 0.046772846772881946 1 1 1 Converged Converged Converged OK OK OK 83 83 83 83 83 83 5 5 5 0 0 0 0 1 0 0 1
45 45 linear 3 15 453 2 0.001 3.1510731588524283 0.004535631073712478 3.5421931237246941e-05 -2.8173416909966562 -0.0060022259635684611 -2.8173395348791028 0.5 2.8315671091858063 53.678311323041179 OK 15 14 0.56522700000000003 0.56693800000000005 0.15795100000000001 0.40381400000000001 0.255992 0 0.16141300000000003 0.31094600000000006 0.15795100000000001 0.013374 0.013757 0.012806 0.12182 0.27031199999999994 0.11964500000000003 0.0045379999999999995 0.0048500000000000001 0.0043890000000000005 0.00098299999999999993 0.00094300000000000004 0.00094300000000000004 53.678270266551912 53.678270266551912 53.678270266551912 0.052551704055211437 0.052551704055211437 0.052551704055211437 1 1 1 Converged Converged Converged OK OK OK 83 83 83 83 83 83 5 5 5 0 0 0 0 1 0 0 1
45 45 linear 3 23 453 3 0.001 3.1510731588524283 0.004535631073712478 3.5421931237246941e-05 -2.8173416909966562 -0.0060022259635684611 -2.8173346066104088 0.5 2.8315621809171123 56.22156786076161 OK 15 14 0.57348100000000002 0.63469699999999996 0.18596199999999999 0.38100200000000001 0.26079000000000002 0 0.19247900000000001 0.37390699999999993 0.18596199999999999 0.013398 0.01367 0.012819000000000001 0.14719300000000005 0.32799 0.14172300000000007 0.0052369999999999995 0.0055479999999999991 0.0052269999999999999 0.0010280000000000001 0.001036 0.0010120000000000001 56.221522067715192 56.221522067715192 56.221522067715192 0.0082513033334658606 0.0082513033334658606 0.0082513033334658606 1 1 1 Converged Converged Converged OK OK OK 99 99 99 99 99 99 5 5 5 0 0 0 0 1 0 0 1
45 45 linear 3 0 453 0 0.0001 3.1510731588524283 0.004535631073712478 3.5421931237246941e-05 -2.8173416909966562 -0.0060022259635684611 -2.8173487753829036 0.5 2.8315763496896071 49.907842945580271 OK 15 14 0.76170099999999996 0.76100000000000001 0.21169399999999999 0.54470399999999997 0.54693999999999998 0 0.216997 0.21406000000000003 0.21169399999999999 0.014531000000000001 0.01473 0.013887999999999999 0.15856299999999998 0.15567300000000009 0.15424100000000004 0.0063039999999999997 0.0062959999999999995 0.0062120000000000005 0.0012950000000000001 0.0012409999999999999 0.0012410000000000001 49.907804103948209 49.907804103948209 49.907804103948209 0.0047289554057447381 0.0047289554057447381 0.0047289554057447381 1 1 1 Converged Converged Converged OK OK OK 115 115 115 115 115 115 5 5 5 0 0 0 0 0 1 0 0
45 45 linear 3 7 453 1 0.0001 3.1510731588524283 0.004535631073712478 3.5421931237246941e-05 -2.8173416909966562 -0.0060022259635684611 -2.8173444631477964 0.5 2.8315720374544999 51.53757356269783 OK 15 14 0.64744999999999997 0.73614000000000002 0.20472299999999999 0.427203 0.28797699999999998 0 0.22024699999999997 0.44816300000000003 0.20472299999999999 0.014931 0.013668 0.012756999999999999 0.16488499999999987 0.398254 0.15704699999999999 0.0064139999999999996 0.0063449999999999999 0.0060390000000000001 0.0012539999999999999 0.001188 0.0011890000000000002 51.53753355376157 51.53753355376157 51.53753355376157 0.0047283423429373746 0.0047283423429373746 0.0047283423429373746 1 1 1 Converged Converged Converged OK OK OK 115 115 115 115 115 115 5 5 5 0 0 0 0 1 0 0 1
45 45 linear 3 15 453 2 0.0001 3.1510731588524283 0.004535631073712478 3.5421931237246941e-05 -2.8173416909966562 -0.0060022259635684611 -2.8173395348791028 0.5 2.8315671091858063 53.678311323041179 OK 15 14 0.62756299999999998 0.69148100000000001 0.203287 0.41189700000000001 0.258766 0 0.21566599999999997 0.43271500000000002 0.203287 0.014984000000000001 0.013687 0.012734000000000001 0.16388699999999992 0.38255900000000004 0.15545600000000009 0.0065729999999999998 0.0064939999999999998 0.0061999999999999998 0.0012669999999999999 0.0012519999999999999 0.0011969999999999999 53.678270008936096 53.678270008936096 53.678270008936096 0.0047279326036307068 0.0047279326036307068 0.0047279326036307068 1 1 1 Converged Converged Converged OK OK OK 115 115 115 115 115 115 5 5 5 0 0 0 0 1 0 0 1
45 45 linear 3 23 453 3 0.0001 3.1510731588524283 0.004535631073712478 3.5421931237246941e-05 -2.8173416909966562 -0.0060022259635684611 -2.8173346066104088 0.5 2.8315621809171123 56.22156786076161 OK 15 14 0.60204599999999997 0.68552000000000002 0.20607700000000001 0.39080999999999999 0.25888 0 0.21123599999999998 0.42664000000000002 0.20607700000000001 0.013738 0.013679 0.012810999999999999 0.161881 0.37706299999999993 0.15856999999999999 0.0062970000000000005 0.0063199999999999992 0.0060739999999999995 0.00116 0.001188 0.0011350000000000002 56.221522069631781 56.221522069631781 56.221522069631781 0.0047280489997751753 0.0047280489997751753 0.0047280489997751753 1 1 1 Converged Converged Converged OK OK OK 115 115 115 115 115 115 5 5 5 0 0 0 0 1 0 0 1
45 45 linear 4 0 454 0 0.001 3.1510731588524283 0.004535631073712478 3.5421931237246941e-05 0.01340754119309759 6.684783696797433e-05 0.01340045680685014 0.5 0.00082711749985323046 2250.2256848009133 OK 10 9 0.73339399999999999 0.73252799999999996 0.156329 0.57368600000000003 0.57305799999999996 0 0.15970799999999996 0.15947 0.156329 0.0071929999999999997 0.0074009999999999996 0.0069930000000000001 0.13622800000000002 0.135935 0.13381000000000001 0.0023519999999999999 0.002431 0.002294 0.00052800000000000004 0.00054100000000000003 0.00051000000000000004 2250.223942861795 2250.223942861795 2250.223942861795 0.39404941352118483 0.39404941352118483 0.39404941352118483 1 1 1 Converged Converged Converged OK OK OK 46 46 46 46 46 46 2 2 2 0 0 0 0 0 1 0 0
45 45 linear 4 7 454 1 0.001 3.1510731588524283 0.004535631073712478 3.5421931237246941e-05 0.01340754119309759 6.684783696797433e-05 0.013404769041957284 0.5 0.00082280526474608727 2278.8468157162047 OK 10 9 0.731711 0.60708099999999998 0.15097099999999999 0.57772800000000002 0.43665199999999998 0 0.15398299999999998 0.170429 0.15097099999999999 0.0069909999999999998 0.0070780000000000001 0.0065830000000000003 0.13222800000000001 0.14886300000000002 0.13036600000000001 0.0023739999999999998 0.0023909999999999999 0.0023249999999999998 0.00052000000000000006 0.00052599999999999999 0.00049899999999999999 2278.8450940113889 2278.8450940113889 2278.8450940113889 0.39333144739982401 0.39333144739982401 0.39333144739982401 1 1 1 Converged Converged Converged OK OK OK 46 46 46 46 46 46 2 2 2 0 0 0 0 1 0 0 1
45 45 linear 4 15 454 2 0.001 3.1510731588524283 0.004535631073712478 3.5421931237246941e-05 0.01340754119309759 6.684783696797433e-05 0.013409697310651161 0.5 0.00081787699605220983 2311.0561569185415 OK 10 9 0.70994400000000002 0.58246900000000001 0.159771 0.553145 0.40896100000000002 0 0.15679900000000002 0.173508 0.159771 0.0067299999999999999 0.0067739999999999996 0.0062659999999999999 0.13530199999999998 0.152059 0.13943999999999998 0.002349 0.0024099999999999998 0.0022780000000000001 0.00054699999999999996 0.00054100000000000003 0.000504 2311.0543108616826 2311.0543108616826 2311.0543108616826 0.39251375549588524 0.39251375549588524 0.39251375549588524 1 1 1 Converged Converged Converged OK OK OK 46 46 46 46 46 46 2 2 2 0 0 0 0 1 0 0 1
45 45 linear 4 23 454 3 0.001 3.1510731588524283 0.004535631073712478 3.5421931237246941e-05 0.01340754119309759 6.684783696797433e-05 0.01341462557934504 0.5 0.00081294872735833065 2342.5550344725661 OK 10 9 0.72979300000000003 0.53240799999999999 0.15537000000000001 0.57070699999999996 0.36017700000000002 0 0.15908600000000006 0.17223099999999997 0.15537000000000001 0.0069750000000000003 0.0070130000000000001 0.0064910000000000002 0.13747899999999999 0.15083299999999999 0.13484099999999999 0.0024159999999999997 0.0023649999999999999 0.0023340000000000001 0.000531 0.00052599999999999999 0.00050699999999999996 2342.5533477450113 2342.5533477450113 2342.5533477450113 0.39170305244420534 0.39170305244420534 0.39170305244420534 1 1 1 Converged Converged Converged OK OK OK 46 46 46 46 46 46 2 2 2 0 0 0 0 1 0 0 1
45 45 linear 4 0 454 0 0.0001 3.1510731588524283 0.004535631073712478 3.5421931237246941e-05 0.01340754119309759 6.684783696797433e-05 0.01340045680685014 0.5 0.00082711749985323046 2250.2256848009133 OK 10 9 0.77838099999999999 0.76429599999999998 0.18840199999999999 0.58321100000000003 0.57552599999999998 0 0.19516999999999995 0.18876999999999999 0.18840199999999999 0.0073990000000000002 0.0072420000000000002 0.0069319999999999998 0.16544499999999998 0.1599830000000001 0.15997399999999995 0.0032270000000000003 0.0031999999999999997 0.0033230000000000004 0.00062799999999999998 0.00063999999999999994 0.00065300000000000004 2250.2242088680878 2250.2242088680878 2250.2242088680878 0.0011867617629101694 0.0011867617629101694 0.0011867617629101694 1 1 1 Converged Converged Converged OK OK OK 62 62 62 62 62 62 2 2 2 0 0 0 0 0 1 0 0
45 45 linear 4 7 454 1 0.0001 3.1510731588524283 0.004535631073712478 3.5421931237246941e-05 0.01340754119309759 6.684783696797433e-05 0.013404769041957284 0.5 0.00082280526474608727 2278.8468157162047 OK 10 9 0.76566000000000001 0.65710999999999997 0.182807 0.57969700000000002 0.43221999999999999 0 0.18596299999999999 0.22488999999999998 0.182807 0.0069719999999999999 0.011162999999999999 0.0066340000000000001 0.15925600000000001 0.19443100000000008 0.15723100000000004 0.0032419999999999997 0.0032680000000000001 0.0031360000000000003 0.00064300000000000002 0.00063999999999999994 0.000611 2278.8453593184558 2278.8453593184558 2278.8453593184558 0.0011866654970777201 0.0011866654970777201 0.0011866654970777201 1 1 1 Converged Converged Converged OK OK OK 62 62 62 62 62 62 2 2 2 0 0 0 0 1 0 0 1
45 45 linear 4 15 454 2 0.0001 3.1510731588524283 0.004535631073712478 3.5421931237246941e-05 0.01340754119309759 6.684783696797433e-05 0.013409697310651161 0.5 0.00081787699605220983 2311.0561569185415 OK 10 9 0.74199499999999996 0.634351 0.18926599999999999 0.55313400000000001 0.41074500000000003 0 0.18886099999999995 0.22360599999999997 0.18926599999999999 0.0066559999999999996 0.0067489999999999998 0.0062789999999999999 0.16241800000000009 0.19726199999999999 0.15995699999999993 0.0032120000000000004 0.0032439999999999999 0.0072750000000000002 0.00062799999999999998 0.00061400000000000007 0.00060800000000000003 2311.0545753731471 2311.0545753731471 2311.0545753731471 0.0011856363406383245 0.0011856363406383245 0.0011856363406383245 1 1 1 Converged Converged Converged OK OK OK 62 62 62 62 62 62 2 2 2 0 0 0 0 1 0 0 1
45 45 linear 4 23 454 3 0.0001 3.1510731588524283 0.004535631073712478 3.5421931237246941e-05 0.01340754119309759 6.684783696797433e-05 0.01341462557934504 0.5 0.00081294872735833065 2342.5550344725661 OK 10 9 0.76022400000000001 0.57930300000000001 0.184174 0.57488899999999998 0.359684 0 0.18533500000000003 0.21961900000000001 0.184174 0.0069259999999999999 0.00694 0.0065300000000000002 0.15873599999999996 0.19299599999999995 0.15891599999999997 0.0032040000000000003 0.0032529999999999998 0.0031379999999999997 0.000629 0.00062500000000000001 0.00060599999999999988 2342.5536114614279 2342.5536114614279 2342.5536114614279 0.0011876123940320188 0.0011876123940320188 0.0011876123940320188 1 1 1 Converged Converged Converged OK OK OK 62 62 62 62 62 62 2 2 2 0 0 0 0 1 0 0 1
45 45 uniform 0 0 455 0 0.001 3.1510731588524283 0.004535631073712478 3.5421931237246941e-05 -2.8264407880191125 -0.0039320035375790159 -2.8264478724053599 0 2.8406754467120634 76.515673923805579 OK 14 13 0.52754599999999996 0.52201299999999995 0.110878 0.415682 0.41008099999999997 0 0.11186399999999996 0.11193199999999998 0.110878 0.011913999999999999 0.011823 0.011322 0.078980000000000009 0.079198000000000046 0.078714999999999979 0.0026359999999999999 0.002679 0.0026099999999999999 0.00065899999999999997 0.00067099999999999994 0.00062399999999999999 76.515684583504012 76.515684583504012 76.515684583504012 0.057444136667086691 0.057444136667086691 0.057444136667086691 1 1 1 Converged Converged Converged OK OK OK 66 66 66 66 66 66 6 6 6 0 0 0 0 0 1 0 0
45 45 uniform 0 7 455 1 0.001 3.1510731588524283 0.004535631073712478 3.5421931237246941e-05 -2.8264407880191125 -0.0039320035375790159 -2.8264435601702527 0 2.8406711344769562 79.016423847458555 OK 14 13 0.53128600000000004 0.46136899999999997 0.103781 0.41970400000000002 0.280976 0 0.11158200000000001 0.18039299999999997 0.103781 0.010926999999999999 0.010952 0.010376 0.083198999999999981 0.15250900000000003 0.077161000000000007 0.0028890000000000001 0.0027340000000000003 0.002568 0.00066699999999999995 0.00065600000000000001 0.000611 79.016430140386191 79.016430140386191 79.016430140386191 0.06392136146620464 0.06392136146620464 0.06392136146620464 1 1 1 Converged Converged Converged OK OK OK 66 66 66 66 66 66 6 6 6 0 0 0 0 1 0 0 1
45 45 uniform 0 15 455 2 0.001 3.1510731588524283 0.004535631073712478 3.5421931237246941e-05 -2.8264407880191125 -0.0039320035375790159 -2.8264386319015591 0 2.8406662062082626 81.4003747757952 OK 14 13 0.48391099999999998 0.42099199999999998 0.097638000000000003 0.38402199999999997 0.25078400000000001 0 0.099889000000000006 0.17020799999999997 0.097638000000000003 0.011088000000000001 0.010883 0.010234999999999999 0.071616999999999972 0.14271199999999998 0.071285999999999988 0.0027560000000000002 0.0027019999999999995 0.0025739999999999999 0.00064199999999999999 0.00061600000000000012 0.00060800000000000003 81.400378225148089 81.400378225148089 81.400378225148089 0.076145729631060755 0.076145729631060755 0.076145729631060755 1 1 1 Converged Converged Converged OK OK OK 66 66 66 66 66 66 6 6 6 0 0 0 0 1 0 0 1
45 45 uniform 0 23 455 3 0.001 3.1510731588524283 0.004535631073712478 3.5421931237246941e-05 -2.8264407880191125 -0.0039320035375790159 -2.8264337036328651 0 2.8406612779395686 83.22827232700746 OK 14 13 0.53254000000000001 0.46501100000000001 0.111915 0.41494300000000001 0.277804 0 0.11759700000000001 0.18720700000000001 0.111915 0.010836 0.010977000000000001 0.010189 0.08691700000000005 0.15653299999999998 0.082697000000000034 0.0031020000000000002 0.0031960000000000001 0.0030859999999999998 0.00084899999999999993 0.00079499999999999992 0.00076600000000000008 83.228270976291199 83.228270976291199 83.228270976291199 0.027873211724069563 0.027873211724069563 0.027873211724069563 1 1 1 Converged Converged Converged OK OK OK 74 74 74 74 74 74 6 6 6 0 0 0 0 1 0 0 1
45 45 uniform 0 0 455 0 0.0001 3.1510731588524283 0.004535631073712478 3.5421931237246941e-05 -2.8264407880191125 -0.0039320035375790159 -2.8264478724053599 0 2.8406754467120634 76.515673923805579 OK 14 13 0.54235999999999995 0.54314600000000002 0.13075700000000001 0.41066599999999998 0.41139799999999999 0 0.13169399999999998 0.13174800000000003 0.13075700000000001 0.011669000000000001 0.011799 0.011507 0.093760999999999997 0.093516999999999961 0.092892999999999976 0.0032799999999999999 0.0033250000000000003 0.0032640000000000004 0.00090200000000000002 0.00092399999999999991 0.00089600000000000009 76.515677019284269 76.515677019284269 76.515677019284269 0.0050680605612498167 0.0050680605612498167 0.0050680605612498167 1 1 1 Converged Converged Converged OK OK OK 82 82 82 82 82 82 6 6 6 0 0 0 0 0 1 0 0
45 45 uniform 0 7 455 1 0.0001 3.1510731588524283 0.004535631073712478 3.5421931237246941e-05 -2.8264407880191125 -0.0039320035375790159 -2.8264435601702527 0 2.8406711344769562 79.016423847458555 OK 14 13 0.54616399999999998 0.486761 0.121554 0.42332599999999998 0.28119100000000002 0 0.122838 0.20556999999999997 0.121554 0.010746 0.010872 0.010212000000000001 0.092059000000000057 0.17485899999999999 0.091879999999999962 0.0033709999999999994 0.0033639999999999998 0.003225 0.00088599999999999996 0.00087500000000000013 0.00086800000000000006 79.016426018785396 79.016426018785396 79.016426018785396 0.0055211545513250771 0.0055211545513250771 0.0055211545513250771 1 1 1 Converged Converged Converged OK OK OK 82 82 82 82 82 82 6 6 6 0 0 0 0 1 0 0 1
45 45 uniform 0 15 455 2 0.0001 3.1510731588524283 0.004535631073712478 3.5421931237246941e-05 -2.8264407880191125 -0.0039320035375790159 -2.8264386319015591 0 2.8406662062082626 81.4003747757952 OK 14 13 0.50203200000000003 0.44159799999999999 0.11519500000000001 0.385158 0.25188300000000002 0 0.11687400000000003 0.18971499999999997 0.11519500000000001 0.010928999999999999 0.010956 0.010281999999999999 0.085782999999999957 0.15823700000000002 0.085404999999999981 0.0033479999999999994 0.0034949999999999998 0.0032910000000000001 0.00087300000000000008 0.00088899999999999982 0.00090400000000000007 81.400377164529871 81.400377164529871 81.400377164529871 0.0060714175100051353 0.0060714175100051353 0.0060714175100051353 1 1 1 Converged Converged Converged OK OK OK 82 82 82 82 82 82 6 6 6 0 0 0 0 1 0 0 1
45 45 uniform 0 23 455 3 0.0001 3.1510731588524283 0.004535631073712478 3.5421931237246941e-05 -2.8264407880191125 -0.0039320035375790159 -2.8264337036328651 0 2.8406612779395686 83.22827232700746 OK 14 13 0.54525100000000004 0.46982099999999999 0.119019 0.42375400000000002 0.276146 0 0.12149700000000002 0.19367499999999999 0.119019 0.010855 0.010925000000000001 0.010246999999999999 0.090495999999999979 0.16281400000000001 0.089643999999999974 0.0033280000000000002 0.003284 0.0031700000000000001 0.00092000000000000003 0.00088500000000000004 0.00085200000000000011 83.22827044442451 83.22827044442451 83.22827044442451 0.0065718084414158563 0.0065718084414158563 0.0065718084414158563 1 1 1 Converged Converged Converged OK OK OK 82 82 82 82 82 82 6 6 6 0 0 0 0 1 0 0 1
45 45 uniform 1 0 456 0 0.001 3.1510731588524283 0.004535631073712478 3.5421931237246941e-05 0.012976300928303486 0.0009478519015863184 0.012969216542056036 0 0.0012583577646473349 6348.2861701168322 OK 13 12 0.67897700000000005 0.67815800000000004 0.21709600000000001 0.46009299999999997 0.461397 0 0.21888400000000008 0.21676100000000004 0.21709600000000001 0.035542999999999998 0.034408000000000001 0.034353000000000002 0.16297700000000004 0.16287700000000005 0.16272599999999995 0.0024940000000000001 0.0024510000000000001 0.0026610000000000002 0.00074899999999999999 0.00072000000000000005 0.00073900000000000007 6348.2473902667589 6348.2473902667589 6348.2473902667589 2.0464048284657572 2.0464048284657572 2.0464048284657572 1 1 1 Converged Converged Converged OK OK OK 66 66 66 66 66 66 6 6 6 0 0 0 0 0 1 0 0
45 45 uniform 1 7 456 1 0.001 3.1510731588524283 0.004535631073712478 3.5421931237246941e-05 0.012976300928303486 0.0009478519015863184 0.012973528777163179 0 0.0012540455295401917 5818.7333864999091 OK 13 12 0.67257400000000001 0.52496200000000004 0.19442100000000001 0.47202899999999998 0.32961200000000002 0 0.20054500000000003 0.19535000000000002 0.19442100000000001 0.0099670000000000002 0.009724 0.0091400000000000006 0.17462399999999997 0.17035600000000001 0.170211 0.0025170000000000001 0.0024039999999999999 0.0025310000000000003 0.000696 0.00065900000000000008 0.00068400000000000004 5818.6918523662862 5818.6918523662862 5818.6918523662862 1.0674673681384965 1.0674673681384965 1.0674673681384965 1 1 1 Converged Converged Converged OK OK OK 66 66 66 66 66 66 6 6 6 0 0 0 0 1 0 0 1
45 45 uniform 1 15 456 2 0.001 3.1510731588524283 0.004535631073712478 3.5421931237246941e-05 0.012976300928303486 0.0009478519015863184 0.012978457045857057 0 0.0012491172608463143 5066.0224043542485 OK 13 12 0.72396700000000003 0.58458399999999999 0.183199 0.53887300000000005 0.39990500000000001 0 0.18509399999999998 0.18467899999999998 0.183199 0.0098910000000000005 0.0099729999999999992 0.0093570000000000007 0.15970199999999998 0.15951899999999999 0.15906999999999999 0.0024270000000000003 0.0024950000000000003 0.0024120000000000001 0.00080099999999999995 0.00073700000000000002 0.00068900000000000005 5065.9723296487773 5065.9723296487773 5065.9723296487773 0.39512088902346582 0.39512088902346582 0.39512088902346582 1 1 1 Converged Converged Converged OK OK OK 66 66 66 66 66 66 6 6 6 0 0 0 0 1 0 0 1
45 45 uniform 1 23 456 3 0.001 3.1510731588524283 0.004535631073712478 3.5421931237246941e-05 0.012976300928303486 0.0009478519015863184 0.012983385314550936 0 0.0012441889921524351 4079.9280160394956 OK 13 12 0.70829500000000001 0.56687299999999996 0.17096500000000001 0.53571500000000005 0.39012400000000003 0 0.17257999999999996 0.17674899999999993 0.17096500000000001 0.010536999999999999 0.010784999999999999 0.0099819999999999996 0.14744399999999999 0.15167200000000006 0.14728300000000005 0.0023479999999999998 0.0023020000000000002 0.0021770000000000001 0.00070600000000000003 0.0007139999999999999 0.00070899999999999999 4079.8424491545056 4079.8424491545056 4079.8424491545056 0.52796847594939333 0.52796847594939333 0.52796847594939333 1 1 1 Converged Converged Converged OK OK OK 59 59 59 59 59 59 5 5 5 0 0 0 0 1 0 0 1
45 45 uniform 1 0 456 0 0.0001 3.1510731588524283 0.004535631073712478 3.5421931237246941e-05 0.012976300928303486 0.0009478519015863184 0.012969216542056036 0 0.0012583577646473349 6348.2861701168322 OK 13 12 0.69370699999999996 0.69567500000000004 0.23760999999999999 0.45614900000000003 0.45775199999999999 0 0.23755799999999994 0.23792300000000005 0.23760999999999999 0.033415 0.033238999999999998 0.032946000000000003 0.18200399999999994 0.18249900000000002 0.18306299999999995 0.0027559999999999998 0.0027429999999999998 0.0027399999999999998 0.00083100000000000003 0.00082600000000000002 0.00083300000000000008 6348.2473405684777 6348.2473405684777 6348.2473405684777 0.17455703724820565 0.17455703724820565 0.17455703724820565 1 1 1 Converged Converged Converged OK OK OK 74 74 74 74 74 74 6 6 6 0 0 0 0 0 1 0 0
45 45 uniform 1 7 456 1 0.0001 3.1510731588524283 0.004535631073712478 3.5421931237246941e-05 0.012976300928303486 0.0009478519015863184 0.012973528777163179 0 0.0012540455295401917 5818.7333864999091 OK 13 12 0.69308000000000003 0.54866000000000004 0.21648000000000001 0.474661 0.33088299999999998 0 0.21841900000000003 0.21777700000000005 0.21648000000000001 0.0097429999999999999 0.0096740000000000003 0.0091599999999999997 0.19122499999999998 0.19120399999999999 0.19084800000000002 0.0027760000000000003 0.0026859999999999996 0.0027119999999999996 0.00086799999999999996 0.000803 0.00080699999999999999 5818.6918407626872 5818.6918407626872 5818.6918407626872 0.18756929469874911 0.18756929469874911 0.18756929469874911 1 1 1 Converged Converged Converged OK OK OK 74 74 74 74 74 74 6 6 6 0 0 0 0 1 0 0 1
45 45 uniform 1 15 456 2 0.0001 3.1510731588524283 0.004535631073712478 3.5421931237246941e-05 0.012976300928303486 0.0009478519015863184 0.012978457045857057 0 0.0012491172608463143 5066.0224043542485 OK 13 12 0.73074700000000004 0.580098 0.188023 0.53996200000000005 0.39555200000000001 0 0.19078499999999998 0.18454599999999999 0.188023 0.0099620000000000004 0.0099349999999999994 0.0092399999999999999 0.16491700000000001 0.159551 0.16391600000000001 0.002467 0.0024359999999999998 0.0024780000000000002 0.00072099999999999996 0.00068899999999999994 0.00071400000000000001 5065.9723296487773 5065.9723296487773 5065.9723296487773 0.39512088902346582 0.39512088902346582 0.39512088902346582 1 1 1 Converged Converged Converged OK OK OK 66 66 66 66 66 66 6 6 6 0 0 0 0 1 0 0 1
45 45 uniform 1 23 456 3 0.0001 3.1510731588524283 0.004535631073712478 3.5421931237246941e-05 0.012976300928303486 0.0009478519015863184 0.012983385314550936 0 0.0012441889921524351 4079.9280160394956 OK 13 12 0.73106099999999996 0.59001099999999995 0.194131 0.53257500000000002 0.39567400000000003 0 0.19848599999999994 0.19433699999999993 0.194131 0.010527999999999999 0.010822999999999999 0.0099889999999999996 0.17163400000000004 0.16774999999999995 0.16881500000000002 0.0027260000000000001 0.002637 0.0025309999999999998 0.00087300000000000008 0.00074600000000000003 0.00073399999999999995 4079.8424482767432 4079.8424482767432 4079.8424482767432 0.28631817475873106 0.28631817475873106 0.28631817475873106 1 1 1 Converged Converged Converged OK OK OK 67 67 67 67 67 67 5 5 5 0 0 0 0 1 0 0 1
45 45 uniform 2 0 457 0 0.001 3.1510731588524283 0.004535631073712478 3.5421931237246941e-05 0.012543024988436057 -0.00059463403682949445 0.012535940602188607 0 0.0016916337045147639 887.13666749627487 OK 13 12 0.55705899999999997 0.55535599999999996 0.106142 0.44917400000000002 0.44804699999999997 0 0.10788499999999995 0.10730899999999999 0.106142 0.0098519999999999996 0.009476 0.0093589999999999993 0.085531000000000024 0.085696999999999995 0.085078999999999988 0.0016560000000000001 0.0016409999999999999 0.001621 0.00045899999999999999 0.00045399999999999998 0.00043800000000000002 887.1366064856677 887.1366064856677 887.1366064856677 0.28753327025720682 0.28753327025720682 0.28753327025720682 1 1 1 Converged Converged Converged OK OK OK 37 37 37 37 37 37 3 3 3 0 0 0 0 0 1 0 0
45 45 uniform 2 7 457 1 0.001 3.1510731588524283 0.004535631073712478 3.5421931237246941e-05 0.012543024988436057 -0.00059463403682949445 0.01254025283729575 0 0.0016873214694076207 891.00082942531401 OK 12 11 0.61987700000000001 0.47412700000000002 0.083640999999999993 0.53501299999999996 0.38955600000000001 0 0.084864000000000051 0.084571000000000007 0.083640999999999993 0.0074640000000000001 0.0075420000000000001 0.0072550000000000002 0.067693000000000017 0.067601999999999995 0.067170999999999995 0.001506 0.001462 0.0014239999999999999 0.00045399999999999998 0.00047199999999999998 0.00045399999999999998 891.00076987908233 891.00076987908233 891.00076987908233 0.28912705677205486 0.28912705677205486 0.28912705677205486 1 1 1 Converged Converged Converged OK OK OK 30 30 30 30 30 30 2 2 2 0 0 0 0 1 0 0 1
45 45 uniform 2 15 457 2 0.001 3.1510731588524283 0.004535631073712478 3.5421931237246941e-05 0.012543024988436057 -0.00059463403682949445 0.012545181105989628 0 0.0016823932007137433 895.48352298499015 OK 13 12 0.64876100000000003 0.50133099999999997 0.10616399999999999 0.54113800000000001 0.39422699999999999 0 0.10762300000000002 0.10710399999999998 0.10616399999999999 0.0089200000000000008 0.0088749999999999992 0.0084589999999999995 0.08766800000000001 0.087542000000000009 0.087123999999999979 0.0017449999999999998 0.0016880000000000003 0.001683 0.00044200000000000001 0.00045299999999999995 0.00043399999999999998 895.48351229243337 895.48351229243337 895.48351229243337 0.29098713663679304 0.29098713663679304 0.29098713663679304 1 1 1 Converged Converged Converged OK OK OK 37 37 37 37 37 37 3 3 3 0 0 0 0 1 0 0 1
45 45 uniform 2 23 457 3 0.001 3.1510731588524283 0.004535631073712478 3.5421931237246941e-05 0.012543024988436057 -0.00059463403682949445 0.012550109374683507 0 0.0016774649320198641 1040.7942507328987 OK 14 13 0.73839399999999999 0.59421800000000002 0.15435299999999999 0.58050599999999997 0.43763400000000002 0 0.15788800000000003 0.156584 0.15435299999999999 0.012562 0.012501999999999999 0.011859 0.12836900000000001 0.12707700000000005 0.12645399999999998 0.002392 0.0024459999999999998 0.0023420000000000003 0.00068599999999999998 0.00067600000000000017 0.00068400000000000015 1040.7941157369817 1040.7941157369817 1040.7941157369817 0.32227624686504652 0.32227624686504652 0.32227624686504652 1 1 1 Converged Converged Converged OK OK OK 52 52 52 52 52 52 4 4 4 0 0 0 0 1 0 0 1
45 45 uniform 2 0 457 0 0.0001 3.1510731588524283 0.004535631073712478 3.5421931237246941e-05 0.012543024988436057 -0.00059463403682949445 0.012535940602188607 0 0.0016916337045147639 887.13666749627487 OK 13 12 0.63599300000000003 0.63073100000000004 0.18405199999999999 0.44626199999999999 0.44442100000000001 0 0.18973100000000004 0.18631000000000003 0.18405199999999999 0.0096559999999999997 0.009613 0.0094940000000000007 0.156524 0.15361900000000006 0.15150599999999997 0.0033729999999999997 0.0033249999999999998 0.0033739999999999998 0.00071400000000000012 0.00073500000000000008 0.00065099999999999999 887.13660641917556 887.13660641917556 887.13660641917556 1.5803493541980571e-06 1.5803493541980571e-06 1.5803493541980571e-06 1 1 1 Converged Converged Converged OK OK OK 69 69 69 69 69 69 3 3 3 0 0 0 0 0 1 0 0
45 45 uniform 2 7 457 1 0.0001 3.1510731588524283 0.004535631073712478 3.5421931237246941e-05 0.012543024988436057 -0.00059463403682949445 0.01254025283729575 0 0.0016873214694076207 891.00082942531401 OK 12 11 0.69156499999999999 0.54990899999999998 0.159078 0.53276599999999996 0.39243 0 0.15879900000000002 0.15747899999999998 0.159078 0.0075649999999999997 0.0075529999999999998 0.0071840000000000003 0.13176199999999999 0.130633 0.13303899999999999 0.00316 0.0031649999999999998 0.0031319999999999998 0.00069300000000000004 0.00070299999999999996 0.00065499999999999998 891.00076980341839 891.00076980341839 891.00076980341839 1.5588610988428307e-06 1.5588610988428307e-06 1.5588610988428307e-06 1 1 1 Converged Converged Converged OK OK OK 62 62 62 62 62 62 2 2 2 0 0 0 0 1 0 0 1
45 45 uniform 2 15 457 2 0.0001 3.1510731588524283 0.004535631073712478 3.5421931237246941e-05 0.012543024988436057 -0.00059463403682949445 0.012545181105989628 0 0.0016823932007137433 895.48352298499015 OK 13 12 0.72706000000000004 0.58485799999999999 0.18432999999999999 0.54157699999999998 0.39518900000000001 0 0.18548300000000006 0.18966899999999998 0.18432999999999999 0.0089029999999999995 0.009025 0.0084679999999999998 0.15590800000000002 0.15651500000000002 0.15578199999999992 0.0033350000000000003 0.0034910000000000002 0.0033570000000000002 0.00069799999999999994 0.00065099999999999999 0.00065899999999999997 895.48351222509075 895.48351222509075 895.48351222509075 1.6074182997204693e-06 1.6074182997204693e-06 1.6074182997204693e-06 1 1 1 Converged Converged Converged OK OK OK 69 69 69 69 69 69 3 3 3 0 0 0 0 1 0 0 1
45 45 uniform 2 23 457 3 0.0001 3.1510731588524283 0.004535631073712478 3.5421931237246941e-05 0.012543024988436057 -0.00059463403682949445 0.012550109374683507 0 0.0016774649320198641 1040.7942507328987 OK 14 13 0.81087500000000001 0.66591999999999996 0.227245 0.58063699999999996 0.43531500000000001 0 0.23023800000000005 0.23060499999999995 0.227245 0.012446 0.012375000000000001 0.011866 0.19155599999999998 0.19202799999999998 0.18976299999999996 0.0041069999999999995 0.0041110000000000001 0.004052 0.00092599999999999996 0.00087700000000000007 0.0009410000000000001 1040.7941156693787 1040.7941156693787 1040.7941156693787 0.029388047295329001 0.029388047295329001 0.029388047295329001 1 1 1 Converged Converged Converged OK OK OK 84 84 84 84 84 84 4 4 4 0 0 0 0 1 0 0 1
45 45 uniform 3 0 458 0 0.001 3.1510731588524283 0.004535631073712478 3.5421931237246941e-05 -2.8173416909966562 -0.0060022259635684611 -2.8173487753829036 0 2.8315763496896071 50.083018811223539 OK 15 14 0.65847199999999995 0.66615100000000005 0.11591899999999999 0.54137500000000005 0.54893099999999995 0 0.1170969999999999 0.1172200000000001 0.11591899999999999 0.014475 0.014447 0.013698 0.077963000000000018 0.078054999999999972 0.078108999999999998 0.0032420000000000001 0.0033419999999999999 0.003222 0.000825 0.00089999999999999998 0.00080399999999999992 50.083016468915957 50.083016468915957 50.083016468915957 0.02716035196940729 0.02716035196940729 0.02716035196940729 1 1 1 Converged Converged Converged OK OK OK 67 67 67 67 67 67 5 5 5 0 0 0 0 0 1 0 0
45 45 uniform 3 7 458 1 0.001 3.1510731588524283 0.004535631073712478 3.5421931237246941e-05 -2.8173416909966562 -0.0060022259635684611 -2.8173444631477964 0 2.8315720374544999 51.748944707783799 OK 15 14 0.538443 0.523841 0.112276 0.42418899999999998 0.29286299999999998 0 0.11425400000000002 0.23097800000000002 0.112276 0.013429 0.013665 0.012728 0.080193999999999988 0.19691900000000001 0.079705999999999985 0.0032929999999999999 0.0033540000000000002 0.0032010000000000003 0.00077700000000000002 0.00072499999999999995 0.00072999999999999996 51.748942031962038 51.748942031962038 51.748942031962038 0.030246322765689906 0.030246322765689906 0.030246322765689906 1 1 1 Converged Converged Converged OK OK OK 67 67 67 67 67 67 5 5 5 0 0 0 0 1 0 0 1
45 45 uniform 3 15 458 2 0.001 3.1510731588524283 0.004535631073712478 3.5421931237246941e-05 -2.8173416909966562 -0.0060022259635684611 -2.8173395348791028 0 2.8315671091858063 53.947133716337554 OK 15 14 0.50968400000000003 0.47781099999999999 0.108843 0.39964499999999997 0.25817299999999999 0 0.11003900000000005 0.219638 0.108843 0.013481 0.013688000000000001 0.012676 0.07644999999999999 0.18550900000000001 0.076341999999999979 0.0031879999999999999 0.0033369999999999997 0.0031640000000000001 0.00071900000000000002 0.00073500000000000008 0.00070500000000000001 53.947130326797165 53.947130326797165 53.947130326797165 0.034842443596516399 0.034842443596516399 0.034842443596516399 1 1 1 Converged Converged Converged OK OK OK 67 67 67 67 67 67 5 5 5 0 0 0 0 1 0 0 1
45 45 uniform 3 23 458 3 0.001 3.1510731588524283 0.004535631073712478 3.5421931237246941e-05 -2.8173416909966562 -0.0060022259635684611 -2.8173346066104088 0 2.8315621809171123 56.576684635747448 OK 15 14 0.49901299999999998 0.49265100000000001 0.112799 0.38509700000000002 0.263627 0 0.11391599999999996 0.22902400000000001 0.112799 0.013416000000000001 0.013679 0.012744 0.080353000000000008 0.19518500000000003 0.080311000000000021 0.0032569999999999995 0.0032980000000000002 0.0032130000000000001 0.00070899999999999999 0.00072200000000000009 0.00071700000000000008 56.576680300094296 56.576680300094296 56.576680300094296 0.041258956347792648 0.041258956347792648 0.041258956347792648 1 1 1 Converged Converged Converged OK OK OK 67 67 67 67 67 67 5 5 5 0 0 0 0 1 0 0 1
45 45 uniform 3 0 458 0 0.0001 3.1510731588524283 0.004535631073712478 3.5421931237246941e-05 -2.8173416909966562 -0.0060022259635684611 -2.8173487753829036 0 2.8315763496896071 50.083018811223539 OK 15 14 0.70724500000000001 0.706897 0.159521 0.54682299999999995 0.54661999999999999 0 0.16042200000000006 0.160277 0.159521 0.014079 0.014243 0.013753 0.10954899999999995 0.10951100000000001 0.10950000000000004 0.0050200000000000002 0.0050349999999999995 0.0050090000000000004 0.0010890000000000001 0.0011199999999999999 0.0011049999999999999 50.083016502738147 50.083016502738147 50.083016502738147 0.0028468701131621264 0.0028468701131621264 0.0028468701131621264 1 1 1 Converged Converged Converged OK OK OK 99 99 99 99 99 99 5 5 5 0 0 0 0 0 1 0 0
45 45 uniform 3 7 458 1 0.0001 3.1510731588524283 0.004535631073712478 3.5421931237246941e-05 -2.8173416909966562 -0.0060022259635684611 -2.8173444631477964 0 2.8315720374544999 51.748944707783799 OK 15 14 0.58272999999999997 0.64869600000000005 0.15407299999999999 0.42638300000000001 0.28738200000000003 0 0.15634699999999996 0.36131400000000002 0.15407299999999999 0.013592 0.013671000000000001 0.012798 0.11261599999999995 0.31689499999999998 0.11164 0.0049720000000000007 0.0051050000000000002 0.0049639999999999997 0.001026 0.0010429999999999999 0.00098600000000000011 51.748942070362908 51.748942070362908 51.748942070362908 0.0028466564702739078 0.0028466564702739078 0.0028466564702739078 1 1 1 Converged Converged Converged OK OK OK 99 99 99 99 99 99 5 5 5 0 0 0 0 1 0 0 1
45 45 uniform 3 15 458 2 0.0001 3.1510731588524283 0.004535631073712478 3.5421931237246941e-05 -2.8173416909966562 -0.0060022259635684611 -2.8173395348791028 0 2.8315671091858063 53.947133716337554 OK 15 14 0.566353 0.60420700000000005 0.15249199999999999 0.406667 0.25436300000000001 0 0.15968599999999999 0.34984400000000004 0.15249199999999999 0.014970000000000001 0.013721000000000001 0.012685999999999999 0.11321899999999997 0.30572399999999994 0.11013399999999998 0.0053759999999999988 0.0049709999999999997 0.0048710000000000003 0.0010739999999999999 0.00098499999999999998 0.00097799999999999992 53.947130371466351 53.947130371466351 53.947130371466351 0.0028464294025965153 0.0028464294025965153 0.0028464294025965153 1 1 1 Converged Converged Converged OK OK OK 99 99 99 99 99 99 5 5 5 0 0 0 0 1 0 0 1
45 45 uniform 3 23 458 3 0.0001 3.1510731588524283 0.004535631073712478 3.5421931237246941e-05 -2.8173416909966562 -0.0060022259635684611 -2.8173346066104088 0 2.8315621809171123 56.576684635747448 OK 15 14 0.54537400000000003 0.60223300000000002 0.15501000000000001 0.38797700000000002 0.25749899999999998 0 0.15739700000000001 0.34473400000000004 0.15501000000000001 0.013717 0.01376 0.012791 0.11341099999999997 0.30059699999999984 0.11275300000000001 0.005012 0.0049839999999999997 0.0049570000000000005 0.001016 0.0010020000000000001 0.00094499999999999998 56.576680352653355 56.576680352653355 56.576680352653355 0.0028462398179509886 0.0028462398179509886 0.0028462398179509886 1 1 1 Converged Converged Converged OK OK OK 99 99 99 99 99 99 5 5 5 0 0 0 0 1 0 0 1
45 45 uniform 4 0 459 0 0.001 3.1510731588524283 0.004535631073712478 3.5421931237246941e-05 0.01340754119309759 6.684783696797433e-05 0.01340045680685014 0 0.00082711749985323046 2257.247969261512 OK 10 9 0.64918299999999995 0.645872 0.073352000000000001 0.57467999999999997 0.57136600000000004 0 0.074502999999999986 0.074505999999999961 0.073352000000000001 0.0072459999999999998 0.0073980000000000001 0.0070260000000000001 0.056493999999999996 0.056541000000000008 0.056222000000000001 0.001503 0.0014499999999999999 0.001459 0.000415 0.00042299999999999998 0.00039599999999999998 2257.2473452289396 2257.2473452289396 2257.2473452289396 0.69342494316058534 0.69342494316058534 0.69342494316058534 1 1 1 Converged Converged Converged OK OK OK 30 30 30 30 30 30 2 2 2 0 0 0 0 0 1 0 0
45 45 uniform 4 7 459 1 0.001 3.1510731588524283 0.004535631073712478 3.5421931237246941e-05 0.01340754119309759 6.684783696797433e-05 0.013404769041957284 0 0.00082280526474608727 2286.1343799370379 OK 10 9 0.65212300000000001 0.52706699999999995 0.071525000000000005 0.57536699999999996 0.43640600000000002 0 0.076756000000000046 0.090660999999999936 0.071525000000000005 0.0069109999999999996 0.0070070000000000002 0.0065360000000000001 0.060184999999999995 0.074096000000000009 0.055890000000000002 0.0014610000000000001 0.001518 0.001472 0.00043899999999999999 0.00040599999999999995 0.00038999999999999999 2286.1338258696769 2286.1338258696769 2286.1338258696769 0.71585158224961309 0.71585158224961309 0.71585158224961309 1 1 1 Converged Converged Converged OK OK OK 30 30 30 30 30 30 2 2 2 0 0 0 0 1 0 0 1
45 45 uniform 4 15 459 2 0.001 3.1510731588524283 0.004535631073712478 3.5421931237246941e-05 0.01340754119309759 6.684783696797433e-05 0.013409697310651161 0 0.00081787699605220983 2318.6317589037953 OK 10 9 0.62575499999999995 0.499996 0.071853 0.55210700000000001 0.409246 0 0.073647999999999936 0.090749999999999997 0.071853 0.0066429999999999996 0.0066559999999999996 0.0062610000000000001 0.057379000000000006 0.074553000000000008 0.056450000000000014 0.0014470000000000002 0.001552 0.001449 0.000408 0.000417 0.00039199999999999999 2318.6310303406312 2318.6310303406312 2318.6310303406312 0.74215660009847917 0.74215660009847917 0.74215660009847917 1 1 1 Converged Converged Converged OK OK OK 30 30 30 30 30 30 2 2 2 0 0 0 0 1 0 0 1
45 45 uniform 4 23 459 3 0.001 3.1510731588524283 0.004535631073712478 3.5421931237246941e-05 0.01340754119309759 6.684783696797433e-05 0.01341462557934504 0 0.00081294872735833065 2350.3967058285866 OK 10 9 0.64880899999999997 0.44954899999999998 0.068969000000000003 0.577901 0.36182300000000001 0 0.070907999999999971 0.087725999999999971 0.068969000000000003 0.0069459999999999999 0.0069210000000000001 0.0065189999999999996 0.054204999999999996 0.071082999999999993 0.053351000000000003 0.0015990000000000002 0.0016299999999999999 0.0014220000000000001 0.00041599999999999997 0.000408 0.00039100000000000002 2350.396226379326 2350.396226379326 2350.396226379326 0.7687976503922278 0.7687976503922278 0.7687976503922278 1 1 1 Converged Converged Converged OK OK OK 30 30 30 30 30 30 2 2 2 0 0 0 0 1 0 0 1
45 45 uniform 4 0 459 0 0.0001 3.1510731588524283 0.004535631073712478 3.5421931237246941e-05 0.01340754119309759 6.684783696797433e-05 0.01340045680685014 0 0.00082711749985323046 2257.247969261512 OK 10 9 0.71548900000000004 0.71130199999999999 0.13852 0.57615099999999997 0.57074599999999998 0 0.13933800000000007 0.14055600000000001 0.13852 0.007077 0.0071199999999999996 0.0068609999999999999 0.11080500000000001 0.11187 0.11032399999999998 0.003215 0.0031749999999999999 0.0031420000000000003 0.00062300000000000007 0.00063000000000000003 0.00061200000000000002 2257.2478354481509 2257.2478354481509 2257.2478354481509 0.001165431145060842 0.001165431145060842 0.001165431145060842 1 1 1 Converged Converged Converged OK OK OK 62 62 62 62 62 62 2 2 2 0 0 0 0 0 1 0 0
45 45 uniform 4 7 459 1 0.0001 3.1510731588524283 0.004535631073712478 3.5421931237246941e-05 0.01340754119309759 6.684783696797433e-05 0.013404769041957284 0 0.00082280526474608727 2286.1343799370379 OK 10 9 0.71344200000000002 0.60606599999999999 0.13444300000000001 0.57504599999999995 0.43409999999999999 0 0.13839600000000007 0.17196600000000001 0.13444300000000001 0.0069579999999999998 0.0069360000000000003 0.0066080000000000002 0.11203799999999998 0.14596199999999995 0.10914000000000004 0.003189 0.0030969999999999999 0.0030529999999999997 0.00060800000000000003 0.00062100000000000002 0.00059600000000000007 2286.1343126830079 2286.1343126830079 2286.1343126830079 0.0011766156491552313 0.0011766156491552313 0.0011766156491552313 1 1 1 Converged Converged Converged OK OK OK 62 62 62 62 62 62 2 2 2 0 0 0 0 1 0 0 1
45 45 uniform 4 15 459 2 0.0001 3.1510731588524283 0.004535631073712478 3.5421931237246941e-05 0.01340754119309759 6.684783696797433e-05 0.013409697310651161 0 0.00081787699605220983 2318.6317589037953 OK 10 9 0.68890700000000005 0.58530800000000005 0.13908999999999999 0.55234899999999998 0.41184199999999999 0 0.13655800000000007 0.17346600000000006 0.13908999999999999 0.0066449999999999999 0.0067250000000000001 0.0062610000000000001 0.11051999999999999 0.14747099999999996 0.11416800000000002 0.0031840000000000002 0.0031700000000000001 0.0031190000000000002 0.00060399999999999994 0.00062199999999999994 0.00060499999999999996 2318.6315120744553 2318.6315120744553 2318.6315120744553 0.0011925252800639272 0.0011925252800639272 0.0011925252800639272 1 1 1 Converged Converged Converged OK OK OK 62 62 62 62 62 62 2 2 2 0 0 0 0 1 0 0 1
45 45 uniform 4 23 459 3 0.0001 3.1510731588524283 0.004535631073712478 3.5421931237246941e-05 0.01340754119309759 6.684783696797433e-05 0.01341462557934504 0 0.00081294872735833065 2350.3967058285866 OK 10 9 0.70706199999999997 0.52785099999999996 0.13603100000000001 0.56987399999999999 0.35718699999999998 0 0.13718799999999998 0.17066399999999998 0.13603100000000001 0.0069119999999999997 0.0069230000000000003 0.0065339999999999999 0.11091199999999997 0.14464599999999997 0.110926 0.0031199999999999995 0.0031649999999999998 0.0030660000000000001 0.00062300000000000007 0.000629 0.00059299999999999999 2350.3967014299565 2350.3967014299565 2350.3967014299565 0.001212025953855092 0.001212025953855092 0.001212025953855092 1 1 1 Converged Converged Converged OK OK OK 62 62 62 62 62 62 2 2 2 0 0 0 0 1 0 0 1
46 46 linear 0 0 460 0 0.001 0.7083047360631165 0.20113302204340172 0.0017075235102100915 0.067961138228425283 0.0029459805498801288 0.067619633526383269 0.5 0.050987939055099615 109.33441546642038 OK 14 13 0.46605600000000003 0.45792100000000002 0.13322899999999999 0.32487199999999999 0.32386799999999999 0 0.14118400000000003 0.13405300000000003 0.13322899999999999 0.013294 0.013237000000000001 0.013024000000000001 0.10557000000000001 0.099371000000000001 0.098235999999999976 0.0033659999999999996 0.002967 0.0031080000000000001 0.00076400000000000003 0.00074200000000000004 0.00076000000000000004 109.33478169852152 109.33478169852152 109.33478169852152 0.047893799351082976 0.047893799351082976 0.047893799351082976 1 1 1 Converged Converged Converged OK OK OK 67 67 67 67 67 67 5 5 5 0 0 0 0 0 1 0 0
46 46 linear 0 7 460 1 0.001 0.7083047360631165 0.20113302204340172 0.0017075235102100915 0.067961138228425283 0.0029459805498801288 0.067827505953713188 0.5 0.050780066627769696 104.32893507209181 OK 14 13 0.45397100000000001 0.40943299999999999 0.12643199999999999 0.32135799999999998 0.202963 0 0.13261300000000004 0.20646999999999999 0.12643199999999999 0.012574999999999999 0.012322 0.011672 0.10174800000000005 0.176787 0.097740999999999981 0.0032820000000000002 0.0029269999999999999 0.0029139999999999999 0.00074200000000000004 0.00074299999999999995 0.00073399999999999995 104.32941928171003 104.32941928171003 104.32941928171003 0.048966114907632773 0.048966114907632773 0.048966114907632773 1 1 1 Converged Converged Converged OK OK OK 67 67 67 67 67 67 5 5 5 0 0 0 0 1 0 0 1
46 46 linear 0 15 460 2 0.001 0.7083047360631165 0.20113302204340172 0.0017075235102100915 0.067961138228425283 0.0029459805498801288 0.068065074442090243 0.5 0.050542498139392641 98.344836724427367 OK 14 13 0.44201499999999999 0.40126499999999998 0.127024 0.30710999999999999 0.18939 0 0.134905 0.21187499999999998 0.127024 0.012215999999999999 0.012283000000000001 0.011645000000000001 0.10522900000000003 0.18221800000000002 0.098522000000000012 0.0029759999999999999 0.0029980000000000002 0.002918 0.00074899999999999999 0.00074599999999999992 0.00072999999999999996 98.345420425954174 98.345420425954174 98.345420425954174 0.050727967259985463 0.050727967259985463 0.050727967259985463 1 1 1 Converged Converged Converged OK OK OK 67 67 67 67 67 67 5 5 5 0 0 0 0 1 0 0 1
46 46 linear 0 23 460 3 0.001 0.7083047360631165 0.20113302204340172 0.0017075235102100915 0.067961138228425283 0.0029459805498801288 0.068302642930467297 0.5 0.050304929651015587 92.118868335059886 OK 14 13 0.46474199999999999 0.41237099999999999 0.126639 0.33323399999999997 0.20445099999999999 0 0.13150800000000001 0.20791999999999999 0.126639 0.012338999999999999 0.012411 0.011660999999999999 0.101828 0.17797700000000005 0.098095000000000029 0.0029689999999999999 0.0029749999999999998 0.0028729999999999997 0.00073300000000000014 0.00074200000000000015 0.00072599999999999997 92.119152076984022 92.119152076984022 92.119152076984022 0.05321180528080361 0.05321180528080361 0.05321180528080361 1 1 1 Converged Converged Converged OK OK OK 67 67 67 67 67 67 5 5 5 0 0 0 0 1 0 0 1
46 46 linear 0 0 460 0 0.0001 0.7083047360631165 0.20113302204340172 0.0017075235102100915 0.067961138228425283 0.0029459805498801288 0.067619633526383269 0.5 0.050987939055099615 109.33441546642038 OK 14 13 0.50617199999999996 0.50224100000000005 0.18227699999999999 0.32510499999999998 0.32410899999999998 0 0.18106699999999998 0.17813200000000007 0.18227699999999999 0.013186 0.013254 0.01418 0.13551799999999994 0.13268099999999994 0.13476100000000002 0.0047139999999999994 0.0045749999999999992 0.0050380000000000008 0.001054 0.0010460000000000001 0.0010839999999999999 109.33477999506378 109.33477999506378 109.33477999506378 0.0064262329823409703 0.0064262329823409703 0.0064262329823409703 1 1 1 Converged Converged Converged OK OK OK 99 99 99 99 99 99 5 5 5 0 0 0 0 0 1 0 0
46 46 linear 0 7 460 1 0.0001 0.7083047360631165 0.20113302204340172 0.0017075235102100915 0.067961138228425283 0.0029459805498801288 0.067827505953713188 0.5 0.050780066627769696 104.32893507209181 OK 14 13 0.49522300000000002 0.50938600000000001 0.168684 0.32110899999999998 0.203093 0 0.17411400000000005 0.30629300000000004 0.168684 0.012315 0.012311000000000001 0.01175 0.13621699999999998 0.26812599999999986 0.13149599999999997 0.0046189999999999998 0.0047870000000000005 0.0046880000000000003 0.0010140000000000001 0.0010149999999999998 0.001026 104.32941714506536 104.32941714506536 104.32941714506536 0.005475646617280925 0.005475646617280925 0.005475646617280925 1 1 1 Converged Converged Converged OK OK OK 99 99 99 99 99 99 5 5 5 0 0 0 0 1 0 0 1
46 46 linear 0 15 460 2 0.0001 0.7083047360631165 0.20113302204340172 0.0017075235102100915 0.067961138228425283 0.0029459805498801288 0.068065074442090243 0.5 0.050542498139392641 98.344836724427367 OK 14 13 0.48004400000000003 0.51072300000000004 0.16671 0.30784499999999998 0.19228600000000001 0 0.17219900000000005 0.31843700000000003 0.16671 0.012253 0.012426 0.011793 0.134543 0.27999399999999997 0.12989100000000001 0.0045699999999999994 0.004712 0.0046999999999999993 0.00098499999999999998 0.00099700000000000006 0.00096900000000000003 98.34541760784775 98.34541760784775 98.34541760784775 0.0045903937466652443 0.0045903937466652443 0.0045903937466652443 1 1 1 Converged Converged Converged OK OK OK 99 99 99 99 99 99 5 5 5 0 0 0 0 1 0 0 1
46 46 linear 0 23 460 3 0.0001 0.7083047360631165 0.20113302204340172 0.0017075235102100915 0.067961138228425283 0.0029459805498801288 0.068302642930467297 0.5 0.050304929651015587 92.118868335059886 OK 14 13 0.50449200000000005 0.51771 0.16578799999999999 0.33289299999999999 0.20558999999999999 0 0.17159900000000006 0.31212000000000001 0.16578799999999999 0.012392 0.012385999999999999 0.011755 0.13364199999999998 0.2743489999999999 0.12926600000000002 0.0047239999999999999 0.0045830000000000003 0.0044970000000000001 0.001 0.00097600000000000009 0.00095699999999999995 92.1191482647572 92.1191482647572 92.1191482647572 0.0039373142645313039 0.0039373142645313039 0.0039373142645313039 1 1 1 Converged Converged Converged OK OK OK 99 99 99 99 99 99 5 5 5 0 0 0 0 1 0 0 1
46 46 linear 1 0 461 0 0.001 0.7083047360631165 0.20113302204340172 0.0017075235102100915 0.088311762522614232 -0.24753121385023508 0.087970257820572217 0.5 0.030637314760910667 52.940863166320028 OK 13 12 0.33597100000000002 0.33439999999999998 0.10008300000000001 0.23320099999999999 0.23297000000000001 0 0.10277000000000003 0.10142999999999996 0.10008300000000001 0.0094719999999999995 0.0096209999999999993 0.009299 0.072889999999999969 0.071226000000000039 0.07079700000000004 0.0026869999999999997 0.0030710000000000004 0.0028479999999999998 0.00066500000000000001 0.00081299999999999992 0.00067500000000000004 52.941287535723397 52.941287535723397 52.941287535723397 0.030885563054597637 0.030885563054597637 0.030885563054597637 1 1 1 Converged Converged Converged OK OK OK 66 66 66 66 66 66 6 6 6 0 0 0 0 0 1 0 0
46 46 linear 1 7 461 1 0.001 0.7083047360631165 0.20113302204340172 0.0017075235102100915 0.088311762522614232 -0.24753121385023508 0.088178130247902137 0.5 0.030429442333580747 46.806232111960085 OK 13 12 0.368419 0.43383300000000002 0.096331 0.26850000000000002 0.18890499999999999 0 0.09991899999999998 0.24492800000000003 0.096331 0.0086730000000000002 0.0087030000000000007 0.0082089999999999993 0.07504999999999995 0.21989899999999998 0.072864000000000026 0.0029380000000000001 0.0030290000000000004 0.0027750000000000001 0.00065700000000000003 0.00063000000000000003 0.00062500000000000001 46.806400976589032 46.806400976589032 46.806400976589032 0.022764888693419767 0.022764888693419767 0.022764888693419767 1 1 1 Converged Converged Converged OK OK OK 66 66 66 66 66 66 6 6 6 0 0 0 0 1 0 0 1
46 46 linear 1 15 461 2 0.001 0.7083047360631165 0.20113302204340172 0.0017075235102100915 0.088311762522614232 -0.24753121385023508 0.088415698736279191 0.5 0.030191873845203693 37.564908409984618 OK 14 13 0.41553699999999999 0.50002999999999997 0.13950399999999999 0.27105200000000002 0.19100800000000001 0 0.14448499999999997 0.30902199999999996 0.13950399999999999 0.011379 0.011592999999999999 0.010630000000000001 0.108099 0.26803099999999985 0.10505899999999997 0.0047759999999999999 0.0089149999999999993 0.0045269999999999998 0.00094999999999999989 0.00098499999999999998 0.000901 37.564775430388437 37.564775430388437 37.564775430388437 0.014772127894370789 0.014772127894370789 0.014772127894370789 1 1 1 Converged Converged Converged OK OK OK 82 82 82 82 82 82 6 6 6 0 0 0 0 1 0 0 1
46 46 linear 1 23 461 3 0.001 0.7083047360631165 0.20113302204340172 0.0017075235102100915 0.088311762522614232 -0.24753121385023508 0.088653267224656246 0.5 0.029954305356826638 28.511928042262316 OK 14 13 0.39972800000000003 0.468829 0.123671 0.27176899999999998 0.20227400000000001 0 0.12795900000000004 0.26655499999999999 0.123671 0.011191 0.011221999999999999 0.01047 0.094002000000000002 0.23260100000000014 0.091127999999999987 0.0041549999999999998 0.0041669999999999997 0.00413 0.00095100000000000002 0.00090300000000000005 0.00088299999999999989 28.51205331575553 28.51205331575553 28.51205331575553 0.017421234861584825 0.017421234861584825 0.017421234861584825 1 1 1 Converged Converged Converged OK OK OK 82 82 82 82 82 82 6 6 6 0 0 0 0 1 0 0 1
46 46 linear 1 0 461 0 0.0001 0.7083047360631165 0.20113302204340172 0.0017075235102100915 0.088311762522614232 -0.24753121385023508 0.087970257820572217 0.5 0.030637314760910667 52.940863166320028 OK 13 12 0.39161200000000002 0.39045299999999999 0.152722 0.235319 0.23605300000000001 0 0.15629300000000002 0.15439999999999998 0.152722 0.0095860000000000008 0.0096670000000000002 0.0094240000000000001 0.11302699999999999 0.11025200000000004 0.10972699999999995 0.0048399999999999997 0.0052890000000000003 0.0050130000000000001 0.0011099999999999999 0.0012949999999999999 0.0012099999999999999 52.941286225851982 52.941286225851982 52.941286225851982 0.0043952013110259347 0.0043952013110259347 0.0043952013110259347 1 1 1 Converged Converged Converged OK OK OK 106 106 106 106 106 106 6 6 6 0 0 0 0 0 1 0 0
46 46 linear 1 7 461 1 0.0001 0.7083047360631165 0.20113302204340172 0.0017075235102100915 0.088311762522614232 -0.24753121385023508 0.088178130247902137 0.5 0.030429442333580747 46.806232111960085 OK 13 12 0.43174299999999999 0.59658199999999995 0.15617 0.26914300000000002 0.18822700000000001 0 0.16259999999999997 0.40835499999999991 0.15617 0.0087899999999999992 0.0085319999999999997 0.008123 0.12324199999999999 0.36898500000000017 0.11922499999999996 0.0059359999999999994 0.0058310000000000002 0.0054059999999999993 0.0013309999999999999 0.0012790000000000002 0.0012539999999999999 46.80640129021068 46.80640129021068 46.80640129021068 0.0027792828228780215 0.0027792828228780215 0.0027792828228780215 1 1 1 Converged Converged Converged OK OK OK 114 114 114 114 114 114 6 6 6 0 0 0 0 1 0 0 1
46 46 linear 1 15 461 2 0.0001 0.7083047360631165 0.20113302204340172 0.0017075235102100915 0.088311762522614232 -0.24753121385023508 0.088415698736279191 0.5 0.030191873845203693 37.564908409984618 OK 14 13 0.48303200000000002 0.69448399999999999 0.20321900000000001 0.27507100000000001 0.189163 0 0.20796100000000001 0.50532100000000002 0.20321900000000001 0.011183 0.011568 0.010558 0.159833 0.45192800000000016 0.15506799999999993 0.0069030000000000003 0.0079839999999999998 0.0071780000000000004 0.0014409999999999998 0.0015930000000000002 0.001511 37.56477339561804 37.56477339561804 37.56477339561804 0.0019553602950688437 0.0019553602950688437 0.0019553602950688437 1 1 1 Converged Converged Converged OK OK OK 130 130 130 130 130 130 6 6 6 0 0 0 0 1 0 0 1
46 46 linear 1 23 461 3 0.0001 0.7083047360631165 0.20113302204340172 0.0017075235102100915 0.088311762522614232 -0.24753121385023508 0.088653267224656246 0.5 0.029954305356826638 28.511928042262316 OK 14 13 0.434527 0.56098599999999998 0.15516099999999999 0.27385799999999999 0.20080500000000001 0 0.16066900000000001 0.36018099999999997 0.15516099999999999 0.011214 0.011335 0.010340999999999999 0.119446 0.31851600000000008 0.11595499999999993 0.0057749999999999998 0.0057470000000000004 0.0053219999999999995 0.0012799999999999999 0.0012720000000000001 0.0012539999999999999 28.5120084949233 28.5120084949233 28.5120084949233 0.0027541555183531706 0.0027541555183531706 0.0027541555183531706 1 1 1 Converged Converged Converged OK OK OK 106 106 106 106 106 106 6 6 6 0 0 0 0 1 0 0 1
46 46 linear 2 0 462 0 0.001 0.7083047360631165 0.20113302204340172 0.0017075235102100915 0.53022413602854401 -0.7809219747141698 0.52988263132650204 0.5 -0.41127505874501913 3.4332974501933884 OK 14 13 0.47197499999999998 0.46655400000000002 0.12731600000000001 0.34494000000000002 0.34174700000000002 0 0.12703499999999995 0.124807 0.12731600000000001 0.013114000000000001 0.013162999999999999 0.012605 0.088135999999999964 0.086137000000000019 0.089250999999999997 0.0035130000000000005 0.0034149999999999996 0.003617 0.0010179999999999998 0.00096099999999999994 0.00094399999999999996 3.4333113782472817 3.4333113782472817 3.4333113782472817 0.0028720567081973636 0.0028720567081973636 0.0028720567081973636 1 1 1 Converged Converged Converged OK OK OK 75 75 75 75 75 75 5 5 5 0 0 0 0 0 1 0 0
46 46 linear 2 7 462 1 0.001 0.7083047360631165 0.20113302204340172 0.0017075235102100915 0.53022413602854401 -0.7809219747141698 0.53009050375383193 0.5 -0.41148293117234902 2.9037390661505711 OK 14 13 0.44900499999999999 0.50845499999999999 0.119808 0.32529599999999997 0.20012099999999999 0 0.12370900000000001 0.308334 0.119808 0.011958999999999999 0.011948 0.011488 0.091069999999999998 0.27613800000000005 0.088581000000000007 0.0037569999999999999 0.0034920000000000003 0.0033769999999999998 0.0011220000000000002 0.0010080000000000002 0.00099200000000000004 2.9037560716201263 2.9037560716201263 2.9037560716201263 0.0028620120276892183 0.0028620120276892183 0.0028620120276892183 1 1 1 Converged Converged Converged OK OK OK 75 75 75 75 75 75 5 5 5 0 0 0 0 1 0 0 1
46 46 linear 2 15 462 2 0.001 0.7083047360631165 0.20113302204340172 0.0017075235102100915 0.53022413602854401 -0.7809219747141698 0.53032807224220901 0.5 -0.4117204996607261 2.3220653033313234 OK 14 13 0.46523399999999998 0.55830900000000006 0.14065800000000001 0.31999699999999998 0.201043 0 0.145237 0.35726600000000008 0.14065800000000001 0.011986 0.017142999999999999 0.011393 0.10547900000000002 0.31199300000000013 0.10217899999999999 0.004444 0.0044199999999999995 0.0043379999999999998 0.0011179999999999999 0.0010999999999999998 0.001122 2.3220315160581131 2.3220315160581131 2.3220315160581131 0.0008444789994773009 0.0008444789994773009 0.0008444789994773009 1 1 1 Converged Converged Converged OK OK OK 91 91 91 91 91 91 5 5 5 0 0 0 0 1 0 0 1
46 46 linear 2 23 462 3 0.001 0.7083047360631165 0.20113302204340172 0.0017075235102100915 0.53022413602854401 -0.7809219747141698 0.53056564073058599 0.5 -0.41195806814910307 1.791239527822448 OK 14 13 0.46523300000000001 0.52290099999999995 0.136744 0.324208 0.18771299999999999 0 0.14102500000000001 0.33518799999999993 0.136744 0.011953999999999999 0.012215 0.011376000000000001 0.10555899999999997 0.29918400000000012 0.10240599999999997 0.0039020000000000001 0.0040629999999999998 0.003934 0.00093800000000000003 0.00095200000000000005 0.00092599999999999996 1.7912329999152734 1.7912329999152734 1.7912329999152734 0.00088101132363560281 0.00088101132363560281 0.00088101132363560281 1 1 1 Converged Converged Converged OK OK OK 83 83 83 83 83 83 5 5 5 0 0 0 0 1 0 0 1
46 46 linear 2 0 462 0 0.0001 0.7083047360631165 0.20113302204340172 0.0017075235102100915 0.53022413602854401 -0.7809219747141698 0.52988263132650204 0.5 -0.41127505874501913 3.4332974501933884 OK 14 13 0.51034299999999999 0.51142699999999996 0.16723499999999999 0.34019199999999999 0.34299800000000003 0 0.170151 0.16842899999999994 0.16723499999999999 0.01303 0.013126000000000001 0.012475999999999999 0.11926799999999997 0.11688399999999997 0.11665399999999995 0.0051589999999999995 0.0054310000000000001 0.0053560000000000005 0.0013550000000000001 0.0015810000000000002 0.0014300000000000001 3.4333113796654429 3.4333113796654429 3.4333113796654429 0.00029162902606084858 0.00029162902606084858 0.00029162902606084858 1 1 1 Converged Converged Converged OK OK OK 107 107 107 107 107 107 5 5 5 0 0 0 0 0 1 0 0
46 46 linear 2 7 462 1 0.0001 0.7083047360631165 0.20113302204340172 0.0017075235102100915 0.53022413602854401 -0.7809219747141698 0.53009050375383193 0.5 -0.41148293117234902 2.9037390661505711 OK 14 13 0.494093 0.64553000000000005 0.16220399999999999 0.32166400000000001 0.203907 0 0.172429 0.44162300000000004 0.16220399999999999 0.012227 0.012149 0.011447000000000001 0.13018800000000003 0.39841699999999991 0.12109500000000002 0.0050739999999999995 0.0055699999999999994 0.0052620000000000002 0.0013659999999999998 0.0013699999999999999 0.0012960000000000001 2.9037560730386422 2.9037560730386422 2.9037560730386422 0.00028082481628261696 0.00028082481628261696 0.00028082481628261696 1 1 1 Converged Converged Converged OK OK OK 107 107 107 107 107 107 5 5 5 0 0 0 0 1 0 0 1
46 46 linear 2 15 462 2 0.0001 0.7083047360631165 0.20113302204340172 0.0017075235102100915 0.53022413602854401 -0.7809219747141698 0.53032807224220901 0.5 -0.4117204996607261 2.3220653033313234 OK 14 13 0.50875300000000001 0.68066300000000002 0.183141 0.31889000000000001 0.208597 0 0.189863 0.47206599999999999 0.183141 0.01213 0.01225 0.011376000000000001 0.13961999999999999 0.42144399999999993 0.135489 0.0068030000000000009 0.0065400000000000007 0.0061130000000000004 0.001441 0.001433 0.0013870000000000002 2.3220315165223457 2.3220315165223457 2.3220315165223457 1.0160874660263631e-05 1.0160874660263631e-05 1.0160874660263631e-05 1 1 1 Converged Converged Converged OK OK OK 123 123 123 123 123 123 5 5 5 0 0 0 0 1 0 0 1
46 46 linear 2 23 462 3 0.0001 0.7083047360631165 0.20113302204340172 0.0017075235102100915 0.53022413602854401 -0.7809219747141698 0.53056564073058599 0.5 -0.41195806814910307 1.791239527822448 OK 14 13 0.50746599999999997 0.64843399999999995 0.17944399999999999 0.32259199999999999 0.191164 0 0.18487399999999998 0.45726999999999995 0.17944399999999999 0.01217 0.012278000000000001 0.011427 0.13914899999999991 0.41025900000000015 0.13536900000000002 0.005973 0.0061190000000000003 0.0057109999999999999 0.0012269999999999998 0.0013250000000000002 0.0012239999999999998 1.791233000379536 1.791233000379536 1.791233000379536 4.6270622195570621e-05 4.6270622195570621e-05 4.6270622195570621e-05 1 1 1 Converged Converged Converged OK OK OK 115 115 115 115 115 115 5 5 5 0 0 0 0 1 0 0 1
46 46 linear 3 0 463 0 0.001 0.7083047360631165 0.20113302204340172 0.0017075235102100915 0.48636030543866343 0.75309327459712849 0.4860188007366214 0.5 -0.36741122815513849 7.1788341453912716 OK 15 14 0.493475 0.48894700000000002 0.16678499999999999 0.32730300000000001 0.32578400000000002 0 0.16617199999999999 0.163163 0.16678499999999999 0.015278 0.015403 0.014865 0.11505499999999994 0.11212899999999991 0.11625299999999998 0.0049290000000000002 0.0050260000000000001 0.0049129999999999998 0.0011510000000000001 0.001212 0.0011800000000000001 7.178829657878433 7.178829657878433 7.178829657878433 0.0037508773677185398 0.0037508773677185398 0.0037508773677185398 1 1 1 Converged Converged Converged OK OK OK 98 98 98 98 98 98 6 6 6 0 0 0 0 0 1 0 0
46 46 linear 3 7 463 1 0.001 0.7083047360631165 0.20113302204340172 0.0017075235102100915 0.48636030543866343 0.75309327459712849 0.48622667316395135 0.5 -0.36761910058246849 7.3518281617152175 OK 15 14 0.49709199999999998 0.62222200000000005 0.15362899999999999 0.33719100000000002 0.226772 0 0.15990099999999996 0.39545000000000008 0.15362899999999999 0.014474000000000001 0.014602 0.013779 0.11682100000000001 0.35194399999999992 0.11254400000000009 0.0050090000000000004 0.0051869999999999998 0.0047530000000000003 0.0010939999999999999 0.0010990000000000002 0.0010699999999999998 7.3518236303298368 7.3518236303298368 7.3518236303298368 0.0047626320718293603 0.0047626320718293603 0.0047626320718293603 1 1 1 Converged Converged Converged OK OK OK 98 98 98 98 98 98 6 6 6 0 0 0 0 1 0 0 1
46 46 linear 3 15 463 2 0.001 0.7083047360631165 0.20113302204340172 0.0017075235102100915 0.48636030543866343 0.75309327459712849 0.48646424165232838 0.5 -0.36785666907084547 7.5759488017619265 OK 15 14 0.48012199999999999 0.62493600000000005 0.16151499999999999 0.312498 0.21634200000000001 0 0.167624 0.40859400000000001 0.16151499999999999 0.014475 0.014699 0.013831 0.12497200000000001 0.36098599999999992 0.12038200000000002 0.0049239999999999996 0.0050670000000000003 0.004797 0.0010449999999999999 0.001049 0.0010459999999999998 7.575944296192449 7.575944296192449 7.575944296192449 0.0069847843270972104 0.0069847843270972104 0.0069847843270972104 1 1 1 Converged Converged Converged OK OK OK 98 98 98 98 98 98 6 6 6 0 0 0 0 1 0 0 1
46 46 linear 3 23 463 3 0.001 0.7083047360631165 0.20113302204340172 0.0017075235102100915 0.48636030543866343 0.75309327459712849 0.48670181014070546 0.5 -0.36809423755922255 7.8369732491728072 OK 15 14 0.51026199999999999 0.648559 0.16991300000000001 0.33465200000000001 0.225887 0 0.17560999999999999 0.42267199999999999 0.16991300000000001 0.014789999999999999 0.01485 0.013960999999999999 0.12960699999999997 0.37583300000000003 0.12551700000000005 0.0053080000000000002 0.0056309999999999997 0.005091 0.0012040000000000002 0.0012330000000000002 0.0011880000000000003 7.8369682511818759 7.8369682511818759 7.8369682511818759 0.0027085589000251362 0.0027085589000251362 0.0027085589000251362 1 1 1 Converged Converged Converged OK OK OK 106 106 106 106 106 106 6 6 6 0 0 0 0 1 0 0 1
46 46 linear 3 0 463 0 0.0001 0.7083047360631165 0.20113302204340172 0.0017075235102100915 0.48636030543866343 0.75309327459712849 0.4860188007366214 0.5 -0.36741122815513849 7.1788341453912716 OK 15 14 0.56163600000000002 0.55480600000000002 0.222972 0.333042 0.32993 0 0.22859400000000002 0.22487600000000002 0.222972 0.015264 0.01529 0.014992999999999999 0.16062099999999993 0.15641500000000005 0.15573800000000004 0.0070090000000000005 0.007443 0.0068339999999999998 0.0015779999999999998 0.0016400000000000002 0.0015379999999999999 7.1788296358533152 7.1788296358533152 7.1788296358533152 0.00036760521401227938 0.00036760521401227938 0.00036760521401227938 1 1 1 Converged Converged Converged OK OK OK 138 138 138 138 138 138 6 6 6 0 0 0 0 0 1 0 0
46 46 linear 3 7 463 1 0.0001 0.7083047360631165 0.20113302204340172 0.0017075235102100915 0.48636030543866343 0.75309327459712849 0.48622667316395135 0.5 -0.36761910058246849 7.3518281617152175 OK 15 14 0.52429499999999996 0.71680299999999997 0.18415200000000001 0.331202 0.22487499999999999 0 0.19309299999999996 0.49192799999999998 0.18415200000000001 0.014553 0.014404999999999999 0.013745 0.14289999999999994 0.44159599999999993 0.13626200000000002 0.0062440000000000004 0.0064799999999999996 0.0059989999999999991 0.001369 0.0013640000000000002 0.0013470000000000001 7.3518235442669866 7.3518235442669866 7.3518235442669866 0.00071196859683656682 0.00071196859683656682 0.00071196859683656682 1 1 1 Converged Converged Converged OK OK OK 122 122 122 122 122 122 6 6 6 0 0 0 0 1 0 0 1
46 46 linear 3 15 463 2 0.0001 0.7083047360631165 0.20113302204340172 0.0017075235102100915 0.48636030543866343 0.75309327459712849 0.48646424165232838 0.5 -0.36785666907084547 7.5759488017619265 OK 15 14 0.51397199999999998 0.71825399999999995 0.19148399999999999 0.31568200000000002 0.214976 0 0.19828999999999997 0.50327799999999989 0.19148399999999999 0.01457 0.014631999999999999 0.013873999999999999 0.14895200000000003 0.45338299999999998 0.14393699999999998 0.0059310000000000005 0.0060569999999999999 0.0058299999999999992 0.0013020000000000002 0.001358 0.0013389999999999999 7.5759439808870912 7.5759439808870912 7.5759439808870912 0.00067785377648972914 0.00067785377648972914 0.00067785377648972914 1 1 1 Converged Converged Converged OK OK OK 122 122 122 122 122 122 6 6 6 0 0 0 0 1 0 0 1
46 46 linear 3 23 463 3 0.0001 0.7083047360631165 0.20113302204340172 0.0017075235102100915 0.48636030543866343 0.75309327459712849 0.48670181014070546 0.5 -0.36809423755922255 7.8369732491728072 OK 15 14 0.53319899999999998 0.71310700000000005 0.19039300000000001 0.33712799999999998 0.226381 0 0.196071 0.48672600000000005 0.19039300000000001 0.014815999999999999 0.01486 0.014067 0.14642399999999994 0.43632999999999988 0.14238200000000004 0.0061609999999999998 0.0063929999999999994 0.0059550000000000002 0.0013759999999999998 0.0013520000000000001 0.001322 7.8369682522970097 7.8369682522970097 7.8369682522970097 0.00066553212519220039 0.00066553212519220039 0.00066553212519220039 1 1 1 Converged Converged Converged OK OK OK 122 122 122 122 122 122 6 6 6 0 0 0 0 1 0 0 1
46 46 linear 4 0 464 0 0.001 0.7083047360631165 0.20113302204340172 0.0017075235102100915 0.36299742347477687 -0.61150386115867517 0.36265591877273484 0.5 -0.24404834619125196 4.873323756225914 OK 13 12 0.38569999999999999 0.38723800000000003 0.10066 0.28167700000000001 0.281086 0 0.10402299999999998 0.10615200000000002 0.10066 0.0090089999999999996 0.0088409999999999999 0.0085360000000000002 0.072699999999999987 0.075399999999999967 0.070628999999999997 0.0033950000000000004 0.0033309999999999998 0.0032210000000000003 0.00070899999999999999 0.00068899999999999994 0.00067299999999999999 4.8733207591867274 4.8733207591867274 4.8733207591867274 0.0022916651898385564 0.0022916651898385564 0.0022916651898385564 1 1 1 Converged Converged Converged OK OK OK 61 61 61 61 61 61 3 3 3 0 0 0 0 0 1 0 0
46 46 linear 4 7 464 1 0.001 0.7083047360631165 0.20113302204340172 0.0017075235102100915 0.36299742347477687 -0.61150386115867517 0.36286379120006479 0.5 -0.24425621861858191 4.7135493946628015 OK 13 12 0.39610000000000001 0.43008800000000003 0.094968999999999998 0.29770999999999997 0.19425500000000001 0 0.098390000000000033 0.23583300000000001 0.094968999999999998 0.0082360000000000003 0.0082780000000000006 0.0077079999999999996 0.070866999999999958 0.20779999999999998 0.068698999999999982 0.0032950000000000002 0.0034329999999999999 0.0032059999999999996 0.00069700000000000003 0.00068099999999999996 0.00067000000000000002 4.7135465970757808 4.7135465970757808 4.7135465970757808 0.0022915114606833348 0.0022915114606833348 0.0022915114606833348 1 1 1 Converged Converged Converged OK OK OK 61 61 61 61 61 61 3 3 3 0 0 0 0 1 0 0 1
46 46 linear 4 15 464 2 0.001 0.7083047360631165 0.20113302204340172 0.0017075235102100915 0.36299742347477687 -0.61150386115867517 0.36310135968844182 0.5 -0.24449378710695893 4.5522653510918385 OK 13 12 0.38308999999999999 0.407414 0.098031999999999994 0.28105599999999997 0.17250599999999999 0 0.10203400000000001 0.23490800000000001 0.098031999999999994 0.0082869999999999992 0.0082120000000000005 0.0077229999999999998 0.074329999999999979 0.20749500000000007 0.071881 0.0033340000000000002 0.0033109999999999997 0.0031830000000000001 0.00072900000000000005 0.00067899999999999992 0.00066999999999999991 4.5522626495779948 4.5522626495779948 4.5522626495779948 0.0022913882734112777 0.0022913882734112777 0.0022913882734112777 1 1 1 Converged Converged Converged OK OK OK 61 61 61 61 61 61 3 3 3 0 0 0 0 1 0 0 1
46 46 linear 4 23 464 3 0.001 0.7083047360631165 0.20113302204340172 0.0017075235102100915 0.36299742347477687 -0.61150386115867517 0.3633389281768189 0.5 -0.24473135559533601 4.4094230482685326 OK 13 12 0.40465600000000002 0.43978600000000001 0.096156000000000005 0.305446 0.19184100000000001 0 0.09921000000000002 0.247945 0.096156000000000005 0.0081099999999999992 0.0082780000000000006 0.0076559999999999996 0.071959000000000023 0.21992999999999999 0.069948999999999997 0.0031960000000000001 0.0035689999999999997 0.003225 0.00071600000000000006 0.00072999999999999996 0.00068499999999999995 4.4094204495919547 4.4094204495919547 4.4094204495919547 0.0022912727430642443 0.0022912727430642443 0.0022912727430642443 1 1 1 Converged Converged Converged OK OK OK 61 61 61 61 61 61 3 3 3 0 0 0 0 1 0 0 1
46 46 linear 4 0 464 0 0.0001 0.7083047360631165 0.20113302204340172 0.0017075235102100915 0.36299742347477687 -0.61150386115867517 0.36265591877273484 0.5 -0.24404834619125196 4.873323756225914 OK 13 12 0.40825299999999998 0.407773 0.12441199999999999 0.28021200000000002 0.28237400000000001 0 0.12804099999999996 0.12539899999999998 0.12441199999999999 0.0089669999999999993 0.0089210000000000001 0.0085929999999999999 0.091067000000000009 0.088610999999999981 0.08834599999999998 0.0041029999999999999 0.0041110000000000001 0.0038880000000000004 0.00083900000000000001 0.00082300000000000006 0.000794 4.873320760402077 4.873320760402077 4.873320760402077 6.3062144879748484e-05 6.3062144879748484e-05 6.3062144879748484e-05 1 1 1 Converged Converged Converged OK OK OK 77 77 77 77 77 77 3 3 3 0 0 0 0 0 1 0 0
46 46 linear 4 7 464 1 0.0001 0.7083047360631165 0.20113302204340172 0.0017075235102100915 0.36299742347477687 -0.61150386115867517 0.36286379120006479 0.5 -0.24425621861858191 4.7135493946628015 OK 13 12 0.41931800000000002 0.48487400000000003 0.119162 0.29630299999999998 0.19186 0 0.12301500000000004 0.293014 0.119162 0.0082439999999999996 0.0083059999999999991 0.0076519999999999999 0.090569999999999998 0.26044100000000003 0.087811000000000014 0.0041480000000000006 0.0041770000000000002 0.0042050000000000004 0.00082800000000000007 0.00080900000000000004 0.00077999999999999988 4.7135465982909777 4.7135465982909777 4.7135465982909777 6.3010817494318504e-05 6.3010817494318504e-05 6.3010817494318504e-05 1 1 1 Converged Converged Converged OK OK OK 77 77 77 77 77 77 3 3 3 0 0 0 0 1 0 0 1
46 46 linear 4 15 464 2 0.0001 0.7083047360631165 0.20113302204340172 0.0017075235102100915 0.36299742347477687 -0.61150386115867517 0.36310135968844182 0.5 -0.24449378710695893 4.5522653510918385 OK 13 12 0.40888000000000002 0.47237000000000001 0.123128 0.28599200000000002 0.17625399999999999 0 0.122888 0.29611600000000005 0.123128 0.0081410000000000007 0.008286 0.0077029999999999998 0.090600000000000014 0.26009899999999991 0.091883000000000006 0.00415 0.0041440000000000001 0.0041349999999999998 0.00079700000000000007 0.00082399999999999997 0.00078199999999999993 4.5522626507932387 4.5522626507932387 4.5522626507932387 6.3004725171228522e-05 6.3004725171228522e-05 6.3004725171228522e-05 1 1 1 Converged Converged Converged OK OK OK 77 77 77 77 77 77 3 3 3 0 0 0 0 1 0 0 1
46 46 linear 4 23 464 3 0.0001 0.7083047360631165 0.20113302204340172 0.0017075235102100915 0.36299742347477687 -0.61150386115867517 0.3633389281768189 0.5 -0.24473135559533601 4.4094230482685326 OK 13 12 0.425371 0.50466299999999997 0.11889 0.30282700000000001 0.19333700000000001 0 0.12254399999999999 0.31132599999999999 0.11889 0.0081810000000000008 0.0081620000000000009 0.0076629999999999997 0.090566000000000021 0.2783509999999999 0.087876000000000024 0.0039620000000000002 0.0044609999999999997 0.0039769999999999996 0.0008560000000000001 0.00086000000000000009 0.00082700000000000004 4.4094204508070654 4.4094204508070654 4.4094204508070654 6.3006356542792902e-05 6.3006356542792902e-05 6.3006356542792902e-05 1 1 1 Converged Converged Converged OK OK OK 77 77 77 77 77 77 3 3 3 0 0 0 0 1 0 0 1
46 46 uniform 0 0 465 0 0.001 0.7083047360631165 0.20113302204340172 0.0017075235102100915 0.067961138228425283 0.0029459805498801288 0.067619633526383269 0 0.050987939055099615 108.6962667406322 OK 14 13 0.44468000000000002 0.44681100000000001 0.118633 0.325432 0.32733099999999998 0 0.11924800000000002 0.11948000000000003 0.118633 0.013212 0.013231 0.012855 0.084574000000000024 0.084725000000000009 0.084727999999999984 0.0027799999999999995 0.0028870000000000002 0.0027590000000000002 0.00071900000000000002 0.00071999999999999994 0.00072800000000000002 108.69626678775676 108.69626678775676 108.69626678775676 0.014949231379084492 0.014949231379084492 0.014949231379084492 1 1 1 Converged Converged Converged OK OK OK 67 67 67 67 67 67 5 5 5 0 0 0 0 0 1 0 0
46 46 uniform 0 7 465 1 0.001 0.7083047360631165 0.20113302204340172 0.0017075235102100915 0.067961138228425283 0.0029459805498801288 0.067827505953713188 0 0.050780066627769696 104.41400312348782 OK 14 13 0.43862899999999999 0.39341599999999999 0.112466 0.32377400000000001 0.201295 0 0.11485499999999998 0.19212099999999999 0.112466 0.012439 0.012375000000000001 0.011686999999999999 0.084627000000000022 0.16252999999999995 0.083985999999999977 0.0028940000000000003 0.0028679999999999999 0.0027650000000000001 0.00074100000000000001 0.00071600000000000006 0.00069399999999999996 104.41400625613328 104.41400625613328 104.41400625613328 0.013299027565954205 0.013299027565954205 0.013299027565954205 1 1 1 Converged Converged Converged OK OK OK 67 67 67 67 67 67 5 5 5 0 0 0 0 1 0 0 1
46 46 uniform 0 15 465 2 0.001 0.7083047360631165 0.20113302204340172 0.0017075235102100915 0.067961138228425283 0.0029459805498801288 0.068065074442090243 0 0.050542498139392641 99.267885336649897 OK 14 13 0.42154799999999998 0.39347399999999999 0.112959 0.30697099999999999 0.19556799999999999 0 0.11457699999999998 0.197906 0.112959 0.012145 0.012370000000000001 0.011748 0.085103999999999985 0.16809500000000002 0.084800000000000014 0.0027490000000000001 0.0028129999999999995 0.0026979999999999999 0.00072000000000000005 0.00070700000000000005 0.00069300000000000004 99.267887447028144 99.267887447028144 99.267887447028144 0.014178995678112602 0.014178995678112602 0.014178995678112602 1 1 1 Converged Converged Converged OK OK OK 67 67 67 67 67 67 5 5 5 0 0 0 0 1 0 0 1
46 46 uniform 0 23 465 3 0.001 0.7083047360631165 0.20113302204340172 0.0017075235102100915 0.067961138228425283 0.0029459805498801288 0.068302642930467297 0 0.050304929651015587 93.865013763536211 OK 14 13 0.446349 0.39062799999999998 0.11241900000000001 0.33207700000000001 0.20388300000000001 0 0.11427199999999998 0.18674499999999997 0.11241900000000001 0.012241999999999999 0.012452 0.011698999999999999 0.084900000000000017 0.15691999999999998 0.084273999999999974 0.0028360000000000004 0.0028990000000000001 0.0026710000000000002 0.00071100000000000004 0.000727 0.00070399999999999998 93.865017616964664 93.865017616964664 93.865017616964664 0.01566787576481574 0.01566787576481574 0.01566787576481574 1 1 1 Converged Converged Converged OK OK OK 67 67 67 67 67 67 5 5 5 0 0 0 0 1 0 0 1
46 46 uniform 0 0 465 0 0.0001 0.7083047360631165 0.20113302204340172 0.0017075235102100915 0.067961138228425283 0.0029459805498801288 0.067619633526383269 0 0.050987939055099615 108.6962667406322 OK 14 13 0.46988400000000002 0.46534599999999998 0.138548 0.32613799999999998 0.32585799999999998 0 0.14374600000000004 0.139488 0.138548 0.013174999999999999 0.013162999999999999 0.012862999999999999 0.10269400000000001 0.099084999999999979 0.098626000000000019 0.0036280000000000001 0.0035659999999999997 0.0035650000000000005 0.00092900000000000003 0.00087600000000000004 0.00084999999999999995 108.69626678891665 108.69626678891665 108.69626678891665 0.0078513120382111851 0.0078513120382111851 0.0078513120382111851 1 1 1 Converged Converged Converged OK OK OK 83 83 83 83 83 83 5 5 5 0 0 0 0 0 1 0 0
46 46 uniform 0 7 465 1 0.0001 0.7083047360631165 0.20113302204340172 0.0017075235102100915 0.067961138228425283 0.0029459805498801288 0.067827505953713188 0 0.050780066627769696 104.41400312348782 OK 14 13 0.45297900000000002 0.45091900000000001 0.13139400000000001 0.32022899999999999 0.20038900000000001 0 0.13275000000000003 0.25053000000000003 0.13139400000000001 0.012271000000000001 0.012193000000000001 0.011745 0.09837599999999995 0.21581899999999996 0.09814299999999998 0.0035960000000000002 0.0038089999999999999 0.0036110000000000005 0.00085699999999999991 0.00088699999999999998 0.00083700000000000007 104.41400625760478 104.41400625760478 104.41400625760478 0.0061330537688952004 0.0061330537688952004 0.0061330537688952004 1 1 1 Converged Converged Converged OK OK OK 83 83 83 83 83 83 5 5 5 0 0 0 0 1 0 0 1
46 46 uniform 0 15 465 2 0.0001 0.7083047360631165 0.20113302204340172 0.0017075235102100915 0.067961138228425283 0.0029459805498801288 0.068065074442090243 0 0.050542498139392641 99.267885336649897 OK 14 13 0.44036399999999998 0.445189 0.130415 0.30839299999999997 0.192305 0 0.131971 0.252884 0.130415 0.012208999999999999 0.012317 0.011731 0.097655999999999979 0.21806099999999995 0.097054000000000015 0.003591 0.0037130000000000002 0.0035719999999999997 0.00086399999999999997 0.00089099999999999997 0.0008389999999999999 99.267887448922096 99.267887448922096 99.267887448922096 0.0069366617937307064 0.0069366617937307064 0.0069366617937307064 1 1 1 Converged Converged Converged OK OK OK 83 83 83 83 83 83 5 5 5 0 0 0 0 1 0 0 1
46 46 uniform 0 23 465 3 0.0001 0.7083047360631165 0.20113302204340172 0.0017075235102100915 0.067961138228425283 0.0029459805498801288 0.068302642930467297 0 0.050304929651015587 93.865013763536211 OK 14 13 0.46419500000000002 0.45866600000000002 0.13022800000000001 0.33227099999999998 0.20723800000000001 0 0.13192400000000004 0.25142799999999998 0.13022800000000001 0.012357999999999999 0.012543 0.011762999999999999 0.09729599999999998 0.21627999999999997 0.097069999999999976 0.003764 0.003777 0.0035389999999999996 0.0009140000000000001 0.000901 0.00086399999999999997 93.865017619364295 93.865017619364295 93.865017619364295 0.0083511735321916518 0.0083511735321916518 0.0083511735321916518 1 1 1 Converged Converged Converged OK OK OK 83 83 83 83 83 83 5 5 5 0 0 0 0 1 0 0 1
46 46 uniform 1 0 466 0 0.001 0.7083047360631165 0.20113302204340172 0.0017075235102100915 0.088311762522614232 -0.24753121385023508 0.087970257820572217 0 0.030637314760910667 53.598708920242046 OK 13 12 0.32168200000000002 0.31770599999999999 0.087096999999999994 0.234516 0.23027600000000001 0 0.087166000000000021 0.08742999999999998 0.087096999999999994 0.0095960000000000004 0.0096340000000000002 0.0094299999999999991 0.057701000000000016 0.05800099999999999 0.057771000000000003 0.0025790000000000001 0.0027009999999999998 0.002568 0.00070899999999999999 0.00074599999999999992 0.00070399999999999998 53.598710675537745 53.598710675537745 53.598710675537745 0.016275404803151088 0.016275404803151088 0.016275404803151088 1 1 1 Converged Converged Converged OK OK OK 66 66 66 66 66 66 6 6 6 0 0 0 0 0 1 0 0
46 46 uniform 1 7 466 1 0.001 0.7083047360631165 0.20113302204340172 0.0017075235102100915 0.088311762522614232 -0.24753121385023508 0.088178130247902137 0 0.030429442333580747 48.56185922291376 OK 13 12 0.35166999999999998 0.41772300000000001 0.085751999999999995 0.26752799999999999 0.187748 0 0.084141999999999995 0.22997500000000001 0.085751999999999995 0.0085500000000000003 0.0086269999999999993 0.011391999999999999 0.060026000000000003 0.20539000000000007 0.059646999999999992 0.0026189999999999998 0.002709 0.0025579999999999995 0.00065200000000000002 0.00063100000000000005 0.00066400000000000009 48.561855887865057 48.561855887865057 48.561855887865057 0.01270008148423378 0.01270008148423378 0.01270008148423378 1 1 1 Converged Converged Converged OK OK OK 66 66 66 66 66 66 6 6 6 0 0 0 0 1 0 0 1
46 46 uniform 1 15 466 2 0.001 0.7083047360631165 0.20113302204340172 0.0017075235102100915 0.088311762522614232 -0.24753121385023508 0.088415698736279191 0 0.030191873845203693 39.915827117324085 OK 14 13 0.39754499999999998 0.47574699999999998 0.11923400000000001 0.27661400000000003 0.19133900000000001 0 0.12093099999999996 0.28440799999999999 0.11923400000000001 0.011107000000000001 0.011480000000000001 0.010621999999999999 0.086205999999999991 0.24822400000000003 0.085655000000000037 0.0039880000000000002 0.0044759999999999999 0.0038199999999999996 0.00086300000000000005 0.00087300000000000008 0.0008740000000000001 39.9158263548007 39.9158263548007 39.9158263548007 0.010520665401162647 0.010520665401162647 0.010520665401162647 1 1 1 Converged Converged Converged OK OK OK 82 82 82 82 82 82 6 6 6 0 0 0 0 1 0 0 1
46 46 uniform 1 23 466 3 0.001 0.7083047360631165 0.20113302204340172 0.0017075235102100915 0.088311762522614232 -0.24753121385023508 0.088653267224656246 0 0.029954305356826638 30.596220343589557 OK 14 13 0.38375500000000001 0.451436 0.106595 0.27406000000000003 0.20016999999999999 0 0.10969499999999999 0.25126599999999999 0.106595 0.011205 0.011246000000000001 0.010322 0.075657999999999975 0.21664399999999995 0.074720999999999982 0.0040379999999999999 0.0043790000000000001 0.0037750000000000001 0.00092999999999999995 0.0010340000000000002 0.00082900000000000009 30.596292460071602 30.596292460071602 30.596292460071602 0.020649727140808125 0.020649727140808125 0.020649727140808125 1 1 1 Converged Converged Converged OK OK OK 82 82 82 82 82 82 6 6 6 0 0 0 0 1 0 0 1
46 46 uniform 1 0 466 0 0.0001 0.7083047360631165 0.20113302204340172 0.0017075235102100915 0.088311762522614232 -0.24753121385023508 0.087970257820572217 0 0.030637314760910667 53.598708920242046 OK 13 12 0.33804699999999999 0.34442099999999998 0.103534 0.233878 0.23949200000000001 0 0.10416899999999998 0.10492899999999997 0.103534 0.0094020000000000006 0.0096410000000000003 0.0093340000000000003 0.068745000000000001 0.069022999999999973 0.068605999999999986 0.0032730000000000003 0.0034329999999999999 0.0033690000000000005 0.00097599999999999998 0.00092199999999999986 0.00097399999999999993 53.598712738098143 53.598712738098143 53.598712738098143 0.0042012712526811853 0.0042012712526811853 0.0042012712526811853 1 1 1 Converged Converged Converged OK OK OK 82 82 82 82 82 82 6 6 6 0 0 0 0 0 1 0 0
46 46 uniform 1 7 466 1 0.0001 0.7083047360631165 0.20113302204340172 0.0017075235102100915 0.088311762522614232 -0.24753121385023508 0.088178130247902137 0 0.030429442333580747 48.56185922291376 OK 13 12 0.373446 0.48651499999999998 0.105572 0.265621 0.18850800000000001 0 0.107825 0.29800699999999997 0.105572 0.0088859999999999998 0.0086479999999999994 0.0080949999999999998 0.075759000000000007 0.26606299999999994 0.075442000000000023 0.0040470000000000002 0.0038830000000000002 0.0035630000000000002 0.0010610000000000001 0.00099399999999999987 0.0010539999999999998 48.561857592711867 48.561857592711867 48.561857592711867 0.0030261243986472288 0.0030261243986472288 0.0030261243986472288 1 1 1 Converged Converged Converged OK OK OK 90 90 90 90 90 90 6 6 6 0 0 0 0 1 0 0 1
46 46 uniform 1 15 466 2 0.0001 0.7083047360631165 0.20113302204340172 0.0017075235102100915 0.088311762522614232 -0.24753121385023508 0.088415698736279191 0 0.030191873845203693 39.915827117324085 OK 14 13 0.410298 0.52380199999999999 0.134352 0.27074500000000001 0.18749399999999999 0 0.13955299999999998 0.336308 0.134352 0.011087 0.011363 0.010765 0.10045300000000006 0.29537099999999999 0.096028999999999962 0.0044539999999999996 0.0051899999999999993 0.0046109999999999996 0.0011489999999999998 0.001173 0.0011770000000000001 39.91582545229501 39.91582545229501 39.91582545229501 0.0039853924422070565 0.0039853924422070565 0.0039853924422070565 1 1 1 Converged Converged Converged OK OK OK 98 98 98 98 98 98 6 6 6 0 0 0 0 1 0 0 1
46 46 uniform 1 23 466 3 0.0001 0.7083047360631165 0.20113302204340172 0.0017075235102100915 0.088311762522614232 -0.24753121385023508 0.088653267224656246 0 0.029954305356826638 30.596220343589557 OK 14 13 0.393287 0.51361800000000002 0.121307 0.27031300000000003 0.202956 0 0.12297399999999997 0.31066199999999999 0.121307 0.011098 0.011185 0.010338999999999999 0.085320999999999994 0.27259199999999989 0.085197000000000009 0.0047820000000000007 0.0048989999999999997 0.0044350000000000006 0.001188 0.0011539999999999999 0.0011670000000000001 30.59622009050528 30.59622009050528 30.59622009050528 0.0015130273742649382 0.0015130273742649382 0.0015130273742649382 1 1 1 Converged Converged Converged OK OK OK 98 98 98 98 98 98 6 6 6 0 0 0 0 1 0 0 1
46 46 uniform 2 0 467 0 0.001 0.7083047360631165 0.20113302204340172 0.0017075235102100915 0.53022413602854401 -0.7809219747141698 0.52988263132650204 0 -0.41127505874501913 3.718717443591141 OK 14 13 0.449411 0.45057399999999997 0.108239 0.34031800000000001 0.34171400000000002 0 0.109093 0.10885999999999996 0.108239 0.012846 0.012951000000000001 0.012479000000000001 0.071201000000000014 0.071018000000000012 0.071049999999999974 0.003156 0.003173 0.0032770000000000004 0.0010119999999999999 0.00097099999999999997 0.00101 3.7187161441735914 3.7187161441735914 3.7187161441735914 0.00061801206320091047 0.00061801206320091047 0.00061801206320091047 1 1 1 Converged Converged Converged OK OK OK 75 75 75 75 75 75 5 5 5 0 0 0 0 0 1 0 0
46 46 uniform 2 7 467 1 0.001 0.7083047360631165 0.20113302204340172 0.0017075235102100915 0.53022413602854401 -0.7809219747141698 0.53009050375383193 0 -0.41148293117234902 3.1652575974312951 OK 14 13 0.42404500000000001 0.454706 0.097881999999999997 0.32121 0.20071900000000001 0 0.10283500000000001 0.25398699999999996 0.097881999999999997 0.012047 0.012068000000000001 0.011379999999999999 0.072487000000000024 0.22372099999999995 0.068879000000000024 0.0028700000000000002 0.0029530000000000003 0.0027719999999999997 0.00085499999999999986 0.00083200000000000006 0.00081799999999999993 3.1652570855397006 3.1652570855397006 3.1652570855397006 0.0030618463416820282 0.0030618463416820282 0.0030618463416820282 1 1 1 Converged Converged Converged OK OK OK 67 67 67 67 67 67 5 5 5 0 0 0 0 1 0 0 1
46 46 uniform 2 15 467 2 0.001 0.7083047360631165 0.20113302204340172 0.0017075235102100915 0.53022413602854401 -0.7809219747141698 0.53032807224220901 0 -0.4117204996607261 2.5139976392475956 OK 14 13 0.408607 0.44189400000000001 0.090177999999999994 0.31690099999999999 0.20082700000000001 0 0.09170600000000001 0.241067 0.090177999999999994 0.012161999999999999 0.012151 0.011405999999999999 0.061510999999999996 0.21040700000000007 0.061165000000000011 0.002846 0.002983 0.002784 0.0008209999999999999 0.00078699999999999994 0.00079999999999999993 2.5139971297615822 2.5139971297615822 2.5139971297615822 0.0016409527657335907 0.0016409527657335907 0.0016409527657335907 1 1 1 Converged Converged Converged OK OK OK 67 67 67 67 67 67 5 5 5 0 0 0 0 1 0 0 1
46 46 uniform 2 23 467 3 0.001 0.7083047360631165 0.20113302204340172 0.0017075235102100915 0.53022413602854401 -0.7809219747141698 0.53056564073058599 0 -0.41195806814910307 1.8432896294280352 OK 14 13 0.41771799999999998 0.43896600000000002 0.100054 0.31634000000000001 0.189855 0 0.10137799999999997 0.24911100000000003 0.100054 0.011868 0.012159 0.011376000000000001 0.071234000000000006 0.21760399999999996 0.070996999999999991 0.0028739999999999998 0.0033619999999999995 0.0028310000000000002 0.00086700000000000004 0.00092699999999999998 0.00083500000000000002 1.8432894003169378 1.8432894003169378 1.8432894003169378 0.0006552497602235214 0.0006552497602235214 0.0006552497602235214 1 1 1 Converged Converged Converged OK OK OK 67 67 67 67 67 67 5 5 5 0 0 0 0 1 0 0 1
46 46 uniform 2 0 467 0 0.0001 0.7083047360631165 0.20113302204340172 0.0017075235102100915 0.53022413602854401 -0.7809219747141698 0.52988263132650204 0 -0.41127505874501913 3.718717443591141 OK 14 13 0.466478 0.47248600000000002 0.12733800000000001 0.33885799999999999 0.344138 0 0.12762000000000001 0.12834800000000002 0.12733800000000001 0.012813 0.013088000000000001 0.012584 0.083912999999999946 0.084641999999999981 0.084107999999999961 0.0039680000000000002 0.0040410000000000003 0.0039480000000000001 0.0011149999999999999 0.0011070000000000001 0.0011159999999999998 3.7187161441823151 3.7187161441823151 3.7187161441823151 0.00019899723955525589 0.00019899723955525589 0.00019899723955525589 1 1 1 Converged Converged Converged OK OK OK 91 91 91 91 91 91 5 5 5 0 0 0 0 0 1 0 0
46 46 uniform 2 7 467 1 0.0001 0.7083047360631165 0.20113302204340172 0.0017075235102100915 0.53022413602854401 -0.7809219747141698 0.53009050375383193 0 -0.41148293117234902 3.1652575974312951 OK 14 13 0.44986199999999998 0.55740699999999999 0.12449300000000001 0.31995299999999999 0.202463 0 0.129909 0.35494399999999998 0.12449300000000001 0.011931000000000001 0.012094000000000001 0.011391 0.09352199999999998 0.31762299999999993 0.088963 0.0039640000000000005 0.0042050000000000004 0.0039369999999999995 0.001024 0.0010690000000000001 0.001023 3.1652566553943227 3.1652566553943227 3.1652566553943227 0.00019313163044058361 0.00019313163044058361 0.00019313163044058361 1 1 1 Converged Converged Converged OK OK OK 91 91 91 91 91 91 5 5 5 0 0 0 0 1 0 0 1
46 46 uniform 2 15 467 2 0.0001 0.7083047360631165 0.20113302204340172 0.0017075235102100915 0.53022413602854401 -0.7809219747141698 0.53032807224220901 0 -0.4117204996607261 2.5139976392475956 OK 14 13 0.43639699999999998 0.53482700000000005 0.119648 0.31560700000000003 0.203538 0 0.12078999999999995 0.33128900000000006 0.119648 0.012055 0.012132 0.011442000000000001 0.084298000000000012 0.29396500000000003 0.08400599999999997 0.0040000000000000001 0.0042700000000000004 0.0039610000000000001 0.0011069999999999999 0.001119 0.001152 2.513997018724615 2.513997018724615 2.513997018724615 0.00018877724103284518 0.00018877724103284518 0.00018877724103284518 1 1 1 Converged Converged Converged OK OK OK 91 91 91 91 91 91 5 5 5 0 0 0 0 1 0 0 1
46 46 uniform 2 23 467 3 0.0001 0.7083047360631165 0.20113302204340172 0.0017075235102100915 0.53022413602854401 -0.7809219747141698 0.53056564073058599 0 -0.41195806814910307 1.8432896294280352 OK 14 13 0.458318 0.56666799999999995 0.13691500000000001 0.31994699999999998 0.190604 0 0.13837100000000002 0.37606399999999995 0.13691500000000001 0.011932 0.012187999999999999 0.01132 0.097277999999999989 0.3331860000000002 0.096869999999999984 0.0045229999999999992 0.005156 0.0045530000000000006 0.0010939999999999999 0.0011320000000000002 0.001029 1.8432894003341793 1.8432894003341793 1.8432894003341793 0.00011621725846205193 0.00011621725846205193 0.00011621725846205193 1 1 1 Converged Converged Converged OK OK OK 99 99 99 99 99 99 5 5 5 0 0 0 0 1 0 0 1
46 46 uniform 3 0 468 0 0.001 0.7083047360631165 0.20113302204340172 0.0017075235102100915 0.48636030543866343 0.75309327459712849 0.4860188007366214 0 -0.36741122815513849 7.2007570636157903 OK 15 14 0.45392900000000003 0.45223600000000003 0.124579 0.32883800000000002 0.32649600000000001 0 0.12509100000000001 0.12574000000000002 0.124579 0.014922 0.015225000000000001 0.014999999999999999 0.081148999999999957 0.081430999999999976 0.081009000000000025 0.0036839999999999998 0.0036779999999999994 0.0036259999999999999 0.00094399999999999996 0.00093800000000000003 0.00091100000000000003 7.2007570051938634 7.2007570051938634 7.2007570051938634 0.0033709519009834693 0.0033709519009834693 0.0033709519009834693 1 1 1 Converged Converged Converged OK OK OK 82 82 82 82 82 82 6 6 6 0 0 0 0 0 1 0 0
46 46 uniform 3 7 468 1 0.001 0.7083047360631165 0.20113302204340172 0.0017075235102100915 0.48636030543866343 0.75309327459712849 0.48622667316395135 0 -0.36761910058246849 7.3777720285991863 OK 15 14 0.45523999999999998 0.536493 0.124625 0.335287 0.22220500000000001 0 0.11995299999999998 0.31428800000000001 0.124625 0.014505000000000001 0.014456999999999999 0.014952 0.08266900000000002 0.27630699999999991 0.086718000000000045 0.0036730000000000005 0.0038010000000000001 0.0037480000000000005 0.00090900000000000009 0.00091600000000000004 0.00096499999999999993 7.3777719706519838 7.3777719706519838 7.3777719706519838 0.004108688410377136 0.004108688410377136 0.004108688410377136 1 1 1 Converged Converged Converged OK OK OK 82 82 82 82 82 82 6 6 6 0 0 0 0 1 0 0 1
46 46 uniform 3 15 468 2 0.001 0.7083047360631165 0.20113302204340172 0.0017075235102100915 0.48636030543866343 0.75309327459712849 0.48646424165232838 0 -0.36785666907084547 7.6080522558743304 OK 15 14 0.43865799999999999 0.53893899999999995 0.123338 0.31396200000000002 0.21596199999999999 0 0.12469599999999997 0.32297699999999996 0.123338 0.014633999999999999 0.014567999999999999 0.013941 0.087567000000000048 0.28210899999999994 0.087208000000000008 0.0035820000000000001 0.0037090000000000001 0.0036259999999999994 0.00091299999999999997 0.00090700000000000004 0.00089600000000000009 7.6080523894168612 7.6080523894168612 7.6080523894168612 0.0057176047588023415 0.0057176047588023415 0.0057176047588023415 1 1 1 Converged Converged Converged OK OK OK 82 82 82 82 82 82 6 6 6 0 0 0 0 1 0 0 1
46 46 uniform 3 23 468 3 0.001 0.7083047360631165 0.20113302204340172 0.0017075235102100915 0.48636030543866343 0.75309327459712849 0.48670181014070546 0 -0.36809423755922255 7.8778759018162905 OK 15 14 0.46416000000000002 0.57339700000000005 0.129771 0.33258900000000002 0.22598599999999999 0 0.13157099999999999 0.34741100000000003 0.129771 0.014836999999999999 0.014768 0.013931000000000001 0.091166999999999998 0.30660699999999985 0.090920999999999974 0.0041060000000000003 0.004169 0.0038699999999999997 0.0010660000000000001 0.001073 0.0010450000000000001 7.8778756608867795 7.8778756608867795 7.8778756608867795 0.0034632853738258348 0.0034632853738258348 0.0034632853738258348 1 1 1 Converged Converged Converged OK OK OK 90 90 90 90 90 90 6 6 6 0 0 0 0 1 0 0 1
46 46 uniform 3 0 468 0 0.0001 0.7083047360631165 0.20113302204340172 0.0017075235102100915 0.48636030543866343 0.75309327459712849 0.4860188007366214 0 -0.36741122815513849 7.2007570636157903 OK 15 14 0.49826599999999999 0.50022999999999995 0.172266 0.325907 0.327463 0 0.17235899999999998 0.17276699999999995 0.172266 0.015249 0.015387 0.015089999999999999 0.111821 0.11214600000000002 0.11152199999999994 0.0057059999999999993 0.0058100000000000001 0.0059510000000000006 0.0013629999999999998 0.001371 0.0014099999999999998 7.200756981838957 7.200756981838957 7.200756981838957 0.00033882879226778778 0.00033882879226778778 0.00033882879226778778 1 1 1 Converged Converged Converged OK OK OK 122 122 122 122 122 122 6 6 6 0 0 0 0 0 1 0 0
46 46 uniform 3 7 468 1 0.0001 0.7083047360631165 0.20113302204340172 0.0017075235102100915 0.48636030543866343 0.75309327459712849 0.48622667316395135 0 -0.36761910058246849 7.3777720285991863 OK 15 14 0.47970400000000002 0.62904099999999996 0.14236499999999999 0.33665099999999998 0.222523 0 0.14305300000000004 0.40651799999999993 0.14236499999999999 0.014407 0.014512000000000001 0.013734 0.099479999999999943 0.36110700000000007 0.099509000000000014 0.0048840000000000003 0.0054739999999999997 0.0048779999999999995 0.001199 0.0012460000000000001 0.0012179999999999999 7.3777718849109029 7.3777718849109029 7.3777718849109029 0.00065238899994456102 0.00065238899994456102 0.00065238899994456102 1 1 1 Converged Converged Converged OK OK OK 106 106 106 106 106 106 6 6 6 0 0 0 0 1 0 0 1
46 46 uniform 3 15 468 2 0.0001 0.7083047360631165 0.20113302204340172 0.0017075235102100915 0.48636030543866343 0.75309327459712849 0.48646424165232838 0 -0.36785666907084547 7.6080522558743304 OK 15 14 0.463252 0.63410900000000003 0.15387000000000001 0.31196200000000002 0.21820400000000001 0 0.15128999999999998 0.41590500000000002 0.15387000000000001 0.014463999999999999 0.014675000000000001 0.013856 0.10760099999999995 0.37089699999999998 0.11111900000000001 0.0048349999999999999 0.0053019999999999994 0.0047939999999999997 0.0012110000000000001 0.0012239999999999998 0.0011569999999999998 7.6080520688276474 7.6080520688276474 7.6080520688276474 0.00059820395788637011 0.00059820395788637011 0.00059820395788637011 1 1 1 Converged Converged Converged OK OK OK 106 106 106 106 106 106 6 6 6 0 0 0 0 1 0 0 1
46 46 uniform 3 23 468 3 0.0001 0.7083047360631165 0.20113302204340172 0.0017075235102100915 0.48636030543866343 0.75309327459712849 0.48670181014070546 0 -0.36809423755922255 7.8778759018162905 OK 15 14 0.48521399999999998 0.625583 0.14723800000000001 0.33670899999999998 0.226939 0 0.148505 0.398644 0.14723800000000001 0.014668 0.014844 0.013984999999999999 0.10476900000000006 0.35407 0.1046 0.0047710000000000001 0.0050360000000000005 0.0047639999999999991 0.0012149999999999999 0.0012170000000000002 0.0012210000000000001 7.8778756582177731 7.8778756582177731 7.8778756582177731 0.00057739805775335854 0.00057739805775335854 0.00057739805775335854 1 1 1 Converged Converged Converged OK OK OK 106 106 106 106 106 106 6 6 6 0 0 0 0 1 0 0 1
46 46 uniform 4 0 469 0 0.001 0.7083047360631165 0.20113302204340172 0.0017075235102100915 0.36299742347477687 -0.61150386115867517 0.36265591877273484 0 -0.24404834619125196 4.8900728158173576 OK 13 12 0.35143099999999999 0.35058 0.069695999999999994 0.28103499999999998 0.28035700000000002 0 0.070396000000000014 0.07022299999999998 0.069695999999999994 0.0088030000000000001 0.0088929999999999999 0.0084829999999999992 0.045209000000000006 0.045419000000000008 0.045127 0.002261 0.002225 0.0022009999999999998 0.00058 0.00056400000000000005 0.00055099999999999995 4.8900727399224797 4.8900727399224797 4.8900727399224797 0.0033310965155567509 0.0033310965155567509 0.0033310965155567509 1 1 1 Converged Converged Converged OK OK OK 45 45 45 45 45 45 3 3 3 0 0 0 0 0 1 0 0
46 46 uniform 4 7 469 1 0.001 0.7083047360631165 0.20113302204340172 0.0017075235102100915 0.36299742347477687 -0.61150386115867517 0.36286379120006479 0 -0.24425621861858191 4.7274706608125436 OK 13 12 0.361535 0.35699399999999998 0.064274999999999999 0.29583199999999998 0.192854 0 0.065703000000000011 0.16413999999999998 0.064274999999999999 0.0081960000000000002 0.0083250000000000008 0.0076880000000000004 0.043433000000000006 0.14188700000000001 0.042966999999999991 0.0022049999999999999 0.002297 0.0022369999999999998 0.00054500000000000002 0.00060100000000000008 0.00052599999999999999 4.7274705948325968 4.7274705948325968 4.7274705948325968 0.0030176389190305331 0.0030176389190305331 0.0030176389190305331 1 1 1 Converged Converged Converged OK OK OK 45 45 45 45 45 45 3 3 3 0 0 0 0 1 0 0 1
46 46 uniform 4 15 469 2 0.001 0.7083047360631165 0.20113302204340172 0.0017075235102100915 0.36299742347477687 -0.61150386115867517 0.36310135968844182 0 -0.24449378710695893 4.5637263260779166 OK 13 12 0.35056300000000001 0.34559899999999999 0.067621000000000001 0.28183900000000001 0.17491699999999999 0 0.068724000000000007 0.170682 0.067621000000000001 0.0081309999999999993 0.0082710000000000006 0.0076360000000000004 0.046802999999999984 0.14816000000000001 0.046497999999999991 0.0021540000000000001 0.002307 0.0022060000000000001 0.00054200000000000006 0.00054299999999999997 0.00052999999999999998 4.5637262681529478 4.5637262681529478 4.5637262681529478 0.0027256701106801412 0.0027256701106801412 0.0027256701106801412 1 1 1 Converged Converged Converged OK OK OK 45 45 45 45 45 45 3 3 3 0 0 0 0 1 0 0 1
46 46 uniform 4 23 469 3 0.001 0.7083047360631165 0.20113302204340172 0.0017075235102100915 0.36299742347477687 -0.61150386115867517 0.3633389281768189 0 -0.24473135559533601 4.41900070586117 OK 13 12 0.37554700000000002 0.37345200000000001 0.064300999999999997 0.30424000000000001 0.19255900000000001 0 0.071307000000000009 0.180893 0.064300999999999997 0.0082679999999999993 0.0082719999999999998 0.0076490000000000004 0.04903200000000002 0.158475 0.043217999999999999 0.0022260000000000001 0.002382 0.002173 0.00058100000000000003 0.00054499999999999991 0.00053899999999999998 4.4190006539813949 4.4190006539813949 4.4190006539813949 0.0024864433672340761 0.0024864433672340761 0.0024864433672340761 1 1 1 Converged Converged Converged OK OK OK 45 45 45 45 45 45 3 3 3 0 0 0 0 1 0 0 1
46 46 uniform 4 0 469 0 0.0001 0.7083047360631165 0.20113302204340172 0.0017075235102100915 0.36299742347477687 -0.61150386115867517 0.36265591877273484 0 -0.24404834619125196 4.8900728158173576 OK 13 12 0.37667099999999998 0.37020900000000001 0.088659000000000002 0.28576099999999999 0.28057900000000002 0 0.090909999999999991 0.089629999999999987 0.088659000000000002 0.0091170000000000001 0.0087600000000000004 0.0084709999999999994 0.059609999999999982 0.059298999999999998 0.058964000000000003 0.0031580000000000002 0.0031520000000000003 0.003009 0.00074199999999999993 0.00069000000000000008 0.00068099999999999996 4.8900727258704961 4.8900727258704961 4.8900727258704961 0.00047760886639407028 0.00047760886639407028 0.00047760886639407028 1 1 1 Converged Converged Converged OK OK OK 61 61 61 61 61 61 3 3 3 0 0 0 0 0 1 0 0
46 46 uniform 4 7 469 1 0.0001 0.7083047360631165 0.20113302204340172 0.0017075235102100915 0.36299742347477687 -0.61150386115867517 0.36286379120006479 0 -0.24425621861858191 4.7274706608125436 OK 13 12 0.40380700000000003 0.47675000000000001 0.10829900000000001 0.297317 0.19267999999999999 0 0.10649000000000003 0.28407000000000004 0.10829900000000001 0.0082019999999999992 0.0082190000000000006 0.0076319999999999999 0.073413000000000034 0.25037900000000002 0.076206999999999997 0.0038829999999999993 0.0041000000000000003 0.0039220000000000001 0.00078699999999999994 0.00080999999999999996 0.00076600000000000008 4.7274705833393762 4.7274705833393762 4.7274705833393762 1.3096308126165002e-05 1.3096308126165002e-05 1.3096308126165002e-05 1 1 1 Converged Converged Converged OK OK OK 77 77 77 77 77 77 3 3 3 0 0 0 0 1 0 0 1
46 46 uniform 4 15 469 2 0.0001 0.7083047360631165 0.20113302204340172 0.0017075235102100915 0.36299742347477687 -0.61150386115867517 0.36310135968844182 0 -0.24449378710695893 4.5637263260779166 OK 13 12 0.388067 0.45282099999999997 0.103977 0.28170099999999998 0.174674 0 0.10636600000000002 0.27814699999999998 0.103977 0.0081359999999999991 0.0083180000000000007 0.0077060000000000002 0.073941000000000007 0.24553800000000001 0.073074000000000014 0.0042729999999999999 0.0040730000000000002 0.0039069999999999999 0.00080800000000000002 0.000785 0.0007580000000000001 4.5637262588989023 4.5637262588989023 4.5637262588989023 1.3099654162291714e-05 1.3099654162291714e-05 1.3099654162291714e-05 1 1 1 Converged Converged Converged OK OK OK 77 77 77 77 77 77 3 3 3 0 0 0 0 1 0 0 1
46 46 uniform 4 23 469 3 0.0001 0.7083047360631165 0.20113302204340172 0.0017075235102100915 0.36299742347477687 -0.61150386115867517 0.3633389281768189 0 -0.24473135559533601 4.41900070586117 OK 13 12 0.41168900000000003 0.49031799999999998 0.103439 0.30118899999999998 0.190889 0 0.11050000000000004 0.29942899999999995 0.103439 0.0082170000000000003 0.013017000000000001 0.007698 0.078587999999999991 0.26216800000000001 0.072852000000000014 0.0039139999999999999 0.0040829999999999998 0.0037579999999999996 0.00077200000000000001 0.00078100000000000001 0.00075699999999999997 4.4190006464451086 4.4190006464451086 4.4190006464451086 1.3104044978889225e-05 1.3104044978889225e-05 1.3104044978889225e-05 1 1 1 Converged Converged Converged OK OK OK 77 77 77 77 77 77 3 3 3 0 0 0 0 1 0 0 1
47 47 linear 0 0 470 0 0.001 0.84822981041154266 0.0032535495285081987 0.43959414629447635 0.25161355090011023 0.058074907261660404 0.16369472164121496 0.5 -0.16094391383093803 4.7261279669809051 OK 14 13 0.65520299999999998 0.64509399999999995 0.33770899999999998 0.30096800000000001 0.30363499999999999 0 0.35423499999999997 0.34145899999999996 0.33770899999999998 0.012602 0.012393 0.012168 0.29845000000000016 0.28739800000000004 0.28518299999999996 0.0055480000000000008 0.0053690000000000005 0.0049750000000000011 0.0016609999999999999 0.0016130000000000001 0.001289 4.7261100049086737 4.7261100049086737 4.7261100049086737 0.0020431219702944595 0.0020431219702944595 0.0020431219702944595 1 1 1 Converged Converged Converged OK OK OK 116 116 116 116 116 116 12 12 12 0 0 0 0 0 1 0 0
47 47 linear 0 7 470 1 0.001 0.84822981041154266 0.0032535495285081987 0.43959414629447635 0.25161355090011023 0.058074907261660404 0.21721053075532512 0.5 -0.2144597229450482 4.5431869607815383 OK 15 14 0.66947800000000002 0.49168400000000001 0.33685799999999999 0.318274 0.14907200000000001 0 0.35120400000000002 0.34261200000000003 0.33685799999999999 0.011089999999999999 0.010965000000000001 0.010343 0.31227800000000011 0.30477299999999996 0.30087799999999981 0.0051700000000000001 0.0050460000000000001 0.0047279999999999996 0.0012309999999999999 0.0012569999999999999 0.0011529999999999999 4.5431944481347983 4.5431944481347983 4.5431944481347983 0.003302231130197029 0.003302231130197029 0.003302231130197029 1 1 1 Converged Converged Converged OK OK OK 115 115 115 115 115 115 13 13 13 0 0 0 0 1 0 0 1
47 47 linear 0 15 470 2 0.001 0.84822981041154266 0.0032535495285081987 0.43959414629447635 0.25161355090011023 0.058074907261660404 0.2783714554571653 0.5 -0.27562064764688837 4.2626705573533075 OK 15 14 0.78195300000000001 0.623811 0.355298 0.41951899999999998 0.26355899999999999 0 0.36243400000000003 0.36025200000000002 0.355298 0.0098949999999999993 0.010664 0.0094079999999999997 0.32303799999999983 0.31906600000000002 0.31684000000000018 0.0049449999999999997 0.0055039999999999993 0.0052469999999999999 0.0013140000000000001 0.0014959999999999999 0.001304 4.2626361818763971 4.2626361818763971 4.2626361818763971 0.0023663140407492785 0.0023663140407492785 0.0023663140407492785 1 1 1 Converged Converged Converged OK OK OK 123 123 123 123 123 123 13 13 13 0 0 0 0 1 0 0 1
47 47 linear 0 23 470 3 0.001 0.84822981041154266 0.0032535495285081987 0.43959414629447635 0.25161355090011023 0.058074907261660404 0.3395323801590055 0.5 -0.33678157234872858 3.8942869085083864 OK 15 14 0.71602900000000003 0.56213800000000003 0.29405599999999998 0.40745500000000001 0.262187 0 0.30857400000000001 0.29995100000000002 0.29405599999999998 0.0087500000000000008 0.0087749999999999998 0.0079690000000000004 0.27582099999999998 0.26785500000000001 0.26403300000000002 0.0044710000000000001 0.004507999999999999 0.0040280000000000003 0.0011819999999999999 0.001346 0.0011069999999999999 3.8942526396841046 3.8942526396841046 3.8942526396841046 0.0026628753746303292 0.0026628753746303292 0.0026628753746303292 1 1 1 Converged Converged Converged OK OK OK 108 108 108 108 108 108 12 12 12 0 0 0 0 1 0 0 1
47 47 linear 0 0 470 0 0.0001 0.84822981041154266 0.0032535495285081987 0.43959414629447635 0.25161355090011023 0.058074907261660404 0.16369472164121496 0.5 -0.16094391383093803 4.7261279669809051 OK 14 13 0.74926899999999996 0.74424000000000001 0.43432599999999999 0.308952 0.311475 0 0.44031699999999996 0.43276500000000001 0.43432599999999999 0.012094000000000001 0.012229 0.012305999999999999 0.370222 0.36164800000000019 0.36361199999999999 0.0074399999999999996 0.0080669999999999995 0.0083929999999999994 0.0020410000000000003 0.0021809999999999998 0.0023400000000000005 4.7261584986518885 4.7261584986518885 4.7261584986518885 0.00038743119605648711 0.00038743119605648711 0.00038743119605648711 1 1 1 Converged Converged Converged OK OK OK 156 156 156 156 156 156 12 12 12 0 0 0 0 0 1 0 0
47 47 linear 0 7 470 1 0.0001 0.84822981041154266 0.0032535495285081987 0.43959414629447635 0.25161355090011023 0.058074907261660404 0.21721053075532512 0.5 -0.2144597229450482 4.5431869607815383 OK 15 14 0.73339699999999997 0.57319500000000001 0.41588700000000001 0.30680200000000002 0.14905499999999999 0 0.42659499999999995 0.42414000000000002 0.41588700000000001 0.010488000000000001 0.010696000000000001 0.01023 0.3788140000000001 0.37602700000000028 0.36820400000000009 0.0069739999999999993 0.0072390000000000006 0.0073310000000000016 0.0018979999999999999 0.0022409999999999999 0.002 4.543196495926523 4.543196495926523 4.543196495926523 0.00042008921559390927 0.00042008921559390927 0.00042008921559390927 1 1 1 Converged Converged Converged OK OK OK 155 155 155 155 155 155 13 13 13 0 0 0 0 1 0 0 1
47 47 linear 0 15 470 2 0.0001 0.84822981041154266 0.0032535495285081987 0.43959414629447635 0.25161355090011023 0.058074907261660404 0.2783714554571653 0.5 -0.27562064764688837 4.2626705573533075 OK 15 14 0.89063000000000003 0.74480500000000005 0.45929599999999998 0.41968899999999998 0.266318 0 0.47094100000000005 0.47848700000000005 0.45929599999999998 0.010645999999999999 0.010810999999999999 0.0093769999999999999 0.41298200000000013 0.4172570000000001 0.40493500000000043 0.008574 0.010613000000000003 0.008125000000000002 0.0023970000000000003 0.0024059999999999997 0.0022569999999999999 4.262687208211033 4.262687208211033 4.262687208211033 0.00022870586355575964 0.00022870586355575964 0.00022870586355575964 1 1 1 Converged Converged Converged OK OK OK 171 171 171 171 171 171 13 13 13 0 0 0 0 1 0 0 1
47 47 linear 0 23 470 3 0.0001 0.84822981041154266 0.0032535495285081987 0.43959414629447635 0.25161355090011023 0.058074907261660404 0.3395323801590055 0.5 -0.33678157234872858 3.8942869085083864 OK 15 14 0.80361700000000003 0.65556999999999999 0.381911 0.41348000000000001 0.26106699999999999 0 0.39013700000000001 0.39450299999999999 0.381911 0.0089409999999999993 0.0090959999999999999 0.0078480000000000008 0.34650900000000023 0.34943400000000008 0.34100499999999984 0.0068339999999999998 0.007474999999999999 0.0063679999999999987 0.001936 0.0018340000000000001 0.0017520000000000001 3.894304246344499 3.894304246344499 3.894304246344499 0.00037409288064512087 0.00037409288064512087 0.00037409288064512087 1 1 1 Converged Converged Converged OK OK OK 148 148 148 148 148 148 12 12 12 0 0 0 0 1 0 0 1
47 47 linear 1 0 471 0 0.001 0.84822981041154266 0.0032535495285081987 0.43959414629447635 0.049992846341803662 0.26944624791754518 -0.037925982917091608 0.5 0.040676790727368538 4.3189672385917772 OK 12 11 0.63055099999999997 0.63207000000000002 0.32270399999999999 0.30465700000000001 0.30391000000000001 0 0.32589399999999996 0.32816000000000001 0.32270399999999999 0.0084580000000000002 0.0087899999999999992 0.0085220000000000001 0.28705900000000006 0.28889200000000015 0.28428799999999993 0.0037699999999999999 0.0043039999999999997 0.0039139999999999999 0.000959 0.0010640000000000001 0.0011049999999999999 4.3189808431061136 4.3189808431061136 4.3189808431061136 0.0038707171592914785 0.0038707171592914785 0.0038707171592914785 1 1 1 Converged Converged Converged OK OK OK 94 94 94 94 94 94 10 10 10 0 0 0 0 0 1 0 0
47 47 linear 1 7 471 1 0.001 0.84822981041154266 0.0032535495285081987 0.43959414629447635 0.049992846341803662 0.26944624791754518 0.015589826197018562 0.5 -0.012839018386741632 4.3306553022531675 OK 12 11 0.61074200000000001 0.463617 0.29627399999999998 0.304114 0.16627700000000001 0 0.30662800000000001 0.29733999999999999 0.29627399999999998 0.0074689999999999999 0.0072969999999999997 0.0068209999999999998 0.27646700000000002 0.26894999999999986 0.26931499999999997 0.004725 0.0041529999999999996 0.0036800000000000001 0.0010039999999999999 0.0010549999999999999 0.00095600000000000004 4.3306462569355819 4.3306462569355819 4.3306462569355819 0.0034464352104644682 0.0034464352104644682 0.0034464352104644682 1 1 1 Converged Converged Converged OK OK OK 94 94 94 94 94 94 10 10 10 0 0 0 0 1 0 0 1
47 47 linear 1 15 471 2 0.001 0.84822981041154266 0.0032535495285081987 0.43959414629447635 0.049992846341803662 0.26944624791754518 0.076750750898858744 0.5 -0.073999943088581807 4.2787094808535855 OK 13 12 0.61890599999999996 0.47231000000000001 0.310417 0.29585499999999998 0.15560399999999999 0 0.32305099999999998 0.31670600000000004 0.310417 0.007803 0.0079869999999999993 0.0072579999999999997 0.29291200000000001 0.28684800000000021 0.28180900000000003 0.0037100000000000002 0.0039399999999999999 0.0037150000000000004 0.0012259999999999999 0.0011379999999999999 0.0011069999999999999 4.2786307388351323 4.2786307388351323 4.2786307388351323 0.0028162562304771218 0.0028162562304771218 0.0028162562304771218 1 1 1 Converged Converged Converged OK OK OK 101 101 101 101 101 101 11 11 11 0 0 0 0 1 0 0 1
47 47 linear 1 23 471 3 0.001 0.84822981041154266 0.0032535495285081987 0.43959414629447635 0.049992846341803662 0.26944624791754518 0.13791167560069895 0.5 -0.13516086779042202 4.1557175071756562 OK 13 12 0.60934100000000002 0.46575 0.320102 0.27962900000000002 0.14269100000000001 0 0.32971200000000001 0.32305899999999999 0.320102 0.010486000000000001 0.010288 0.0094029999999999999 0.29194899999999985 0.28617900000000002 0.28561199999999998 0.0050169999999999998 0.0048930000000000006 0.0044640000000000001 0.001379 0.0013879999999999999 0.001188 4.1556970979193597 4.1556970979193597 4.1556970979193597 0.003237166180344731 0.003237166180344731 0.003237166180344731 1 1 1 Converged Converged Converged OK OK OK 109 109 109 109 109 109 11 11 11 0 0 0 0 1 0 0 1
47 47 linear 1 0 471 0 0.0001 0.84822981041154266 0.0032535495285081987 0.43959414629447635 0.049992846341803662 0.26944624791754518 -0.037925982917091608 0.5 0.040676790727368538 4.3189672385917772 OK 12 11 0.70107699999999995 0.68944700000000003 0.38623600000000002 0.31118499999999999 0.29969299999999999 0 0.38989199999999996 0.38975400000000004 0.38623600000000002 0.0087130000000000003 0.0089709999999999998 0.0088269999999999998 0.3418270000000001 0.34124100000000013 0.33399599999999979 0.0057289999999999997 0.0058399999999999997 0.0056109999999999988 0.001503 0.0015160000000000002 0.0015200000000000001 4.3189858507208667 4.3189858507208667 4.3189858507208667 0.00040270458039737311 0.00040270458039737311 0.00040270458039737311 1 1 1 Converged Converged Converged OK OK OK 118 118 118 118 118 118 10 10 10 0 0 0 0 0 1 0 0
47 47 linear 1 7 471 1 0.0001 0.84822981041154266 0.0032535495285081987 0.43959414629447635 0.049992846341803662 0.26944624791754518 0.015589826197018562 0.5 -0.012839018386741632 4.3306553022531675 OK 12 11 0.70897500000000002 0.56524099999999999 0.39041700000000001 0.30968299999999999 0.16730500000000001 0 0.39929200000000004 0.39793599999999996 0.39041700000000001 0.007378 0.0073990000000000002 0.0068950000000000001 0.35762499999999992 0.35569200000000001 0.34999599999999997 0.006657999999999999 0.0071580000000000012 0.0067610000000000005 0.0015039999999999999 0.0015630000000000002 0.0015379999999999999 4.3306732426648518 4.3306732426648518 4.3306732426648518 0.00011137902434491961 0.00011137902434491961 0.00011137902434491961 1 1 1 Converged Converged Converged OK OK OK 134 134 134 134 134 134 10 10 10 0 0 0 0 1 0 0 1
47 47 linear 1 15 471 2 0.0001 0.84822981041154266 0.0032535495285081987 0.43959414629447635 0.049992846341803662 0.26944624791754518 0.076750750898858744 0.5 -0.073999943088581807 4.2787094808535855 OK 13 12 0.71930799999999995 0.57621800000000001 0.414103 0.29461500000000002 0.15798699999999999 0 0.42469299999999993 0.41823100000000002 0.414103 0.00777 0.0080040000000000007 0.0073829999999999998 0.38490300000000016 0.37764300000000001 0.37585199999999974 0.0061880000000000008 0.0069010000000000009 0.0061429999999999992 0.0015690000000000001 0.001604 0.001539 4.2787111617974425 4.2787111617974425 4.2787111617974425 0.0003257680317782945 0.0003257680317782945 0.0003257680317782945 1 1 1 Converged Converged Converged OK OK OK 141 141 141 141 141 141 11 11 11 0 0 0 0 1 0 0 1
47 47 linear 1 23 471 3 0.0001 0.84822981041154266 0.0032535495285081987 0.43959414629447635 0.049992846341803662 0.26944624791754518 0.13791167560069895 0.5 -0.13516086779042202 4.1557175071756562 OK 13 12 0.65632199999999996 0.51162600000000003 0.35873100000000002 0.28092 0.14397499999999999 0 0.37540199999999996 0.36765100000000006 0.35873100000000002 0.010416999999999999 0.010482 0.0096179999999999998 0.33254399999999995 0.32606700000000005 0.31980099999999995 0.0077209999999999987 0.0065529999999999989 0.0061059999999999994 0.001748 0.0016590000000000001 0.0015590000000000003 4.1557315162766582 4.1557315162766582 4.1557315162766582 0.00023441967675807518 0.00023441967675807518 0.00023441967675807518 1 1 1 Converged Converged Converged OK OK OK 133 133 133 133 133 133 11 11 11 0 0 0 0 1 0 0 1
47 47 linear 2 0 472 0 0.001 0.84822981041154266 0.0032535495285081987 0.43959414629447635 0.09937277757855402 0.51674612833681766 0.011453948319658749 0.5 -0.0087031405093818195 2.3685628390658011 OK 13 12 0.36656899999999998 0.35543400000000003 0.101649 0.26091599999999998 0.25331399999999998 0 0.105653 0.10212000000000004 0.101649 0.010482 0.010125 0.0099869999999999994 0.074522000000000033 0.072215000000000001 0.071690000000000004 0.0031619999999999999 0.0029219999999999997 0.0028930000000000002 0.00093800000000000003 0.00096099999999999994 0.00095800000000000008 2.368559937637194 2.368559937637194 2.368559937637194 0.0021835964441526928 0.0021835964441526928 0.0021835964441526928 1 1 1 Converged Converged Converged OK OK OK 66 66 66 66 66 66 6 6 6 0 0 0 0 0 1 0 0
47 47 linear 2 7 472 1 0.001 0.84822981041154266 0.0032535495285081987 0.43959414629447635 0.09937277757855402 0.51674612833681766 0.064969757433768927 0.5 -0.062218949623491997 2.3514449372926514 OK 12 11 0.36403099999999999 0.258243 0.10657999999999999 0.25252999999999998 0.14082 0 0.11150100000000002 0.117423 0.10657999999999999 0.0089689999999999995 0.0093240000000000007 0.0084679999999999998 0.082672999999999996 0.087563000000000002 0.079574999999999979 0.0035110000000000002 0.0043180000000000007 0.0032900000000000004 0.001031 0.00099099999999999991 0.00095500000000000001 2.3514418649691984 2.3514418649691984 2.3514418649691984 0.00032815304234830501 0.00032815304234830501 0.00032815304234830501 1 1 1 Converged Converged Converged OK OK OK 74 74 74 74 74 74 6 6 6 0 0 0 0 1 0 0 1
47 47 linear 2 15 472 2 0.001 0.84822981041154266 0.0032535495285081987 0.43959414629447635 0.09937277757855402 0.51674612833681766 0.1261306821356091 0.5 -0.12337987432533216 2.3003232566420899 OK 12 11 0.35366599999999998 0.24584900000000001 0.10151499999999999 0.24721599999999999 0.13721900000000001 0 0.10644999999999999 0.10863 0.10151499999999999 0.0088319999999999996 0.009025 0.0083610000000000004 0.079543000000000003 0.081228000000000022 0.075882999999999992 0.0032800000000000004 0.0035180000000000003 0.0032200000000000002 0.00088699999999999998 0.00099599999999999992 0.0008879999999999999 2.300320095699075 2.300320095699075 2.300320095699075 0.00054800833740277467 0.00054800833740277467 0.00054800833740277467 1 1 1 Converged Converged Converged OK OK OK 74 74 74 74 74 74 6 6 6 0 0 0 0 1 0 0 1
47 47 linear 2 23 472 3 0.001 0.84822981041154266 0.0032535495285081987 0.43959414629447635 0.09937277757855402 0.51674612833681766 0.18729160683744928 0.5 -0.18454079902717235 2.2237717048047383 OK 12 11 0.37817400000000001 0.26189200000000001 0.11631900000000001 0.25551699999999999 0.13122800000000001 0 0.12265700000000002 0.130664 0.11631900000000001 0.0091610000000000007 0.0090849999999999993 0.0083770000000000008 0.093341000000000007 0.10149200000000003 0.089416999999999983 0.0036489999999999999 0.0038480000000000003 0.003287 0.0010549999999999999 0.00099500000000000001 0.00088900000000000003 2.2237686339611078 2.2237686339611078 2.2237686339611078 0.0005917331850815807 0.0005917331850815807 0.0005917331850815807 1 1 1 Converged Converged Converged OK OK OK 81 81 81 81 81 81 7 7 7 0 0 0 0 1 0 0 1
47 47 linear 2 0 472 0 0.0001 0.84822981041154266 0.0032535495285081987 0.43959414629447635 0.09937277757855402 0.51674612833681766 0.011453948319658749 0.5 -0.0087031405093818195 2.3685628390658011 OK 13 12 0.38622600000000001 0.38293300000000002 0.12542700000000001 0.25483800000000001 0.25483299999999998 0 0.131388 0.12810000000000005 0.12542700000000001 0.010104999999999999 0.010061 0.0099609999999999994 0.093654999999999988 0.09029100000000001 0.088734999999999981 0.0041900000000000001 0.0045180000000000003 0.0040860000000000002 0.0011559999999999999 0.00124 0.0011380000000000001 2.3685596658247912 2.3685596658247912 2.3685596658247912 0.00010570361224023788 0.00010570361224023788 0.00010570361224023788 1 1 1 Converged Converged Converged OK OK OK 82 82 82 82 82 82 6 6 6 0 0 0 0 0 1 0 0
47 47 linear 2 7 472 1 0.0001 0.84822981041154266 0.0032535495285081987 0.43959414629447635 0.09937277757855402 0.51674612833681766 0.064969757433768927 0.5 -0.062218949623491997 2.3514449372926514 OK 12 11 0.37990400000000002 0.26940599999999998 0.117717 0.25675700000000001 0.14011000000000001 0 0.12314700000000001 0.12929599999999997 0.117717 0.0088100000000000001 0.0090639999999999991 0.0084749999999999999 0.094101999999999977 0.099772 0.090067000000000008 0.0039389999999999998 0.0041830000000000001 0.0035890000000000006 0.0010819999999999998 0.001096 0.001042 2.3514418646573731 2.3514418646573731 2.3514418646573731 0.00022657785002277395 0.00022657785002277395 0.00022657785002277395 1 1 1 Converged Converged Converged OK OK OK 82 82 82 82 82 82 6 6 6 0 0 0 0 1 0 0 1
47 47 linear 2 15 472 2 0.0001 0.84822981041154266 0.0032535495285081987 0.43959414629447635 0.09937277757855402 0.51674612833681766 0.1261306821356091 0.5 -0.12337987432533216 2.3003232566420899 OK 12 11 0.402391 0.28978900000000002 0.14777599999999999 0.247665 0.13092200000000001 0 0.154726 0.15886700000000001 0.14777599999999999 0.0089189999999999998 0.009018 0.0081600000000000006 0.11541599999999998 0.11919399999999998 0.11044899999999999 0.0061120000000000002 0.0062480000000000001 0.0054319999999999993 0.001325 0.0013240000000000001 0.0012820000000000002 2.3003201450808715 2.3003201450808715 2.3003201450808715 0.00014838491744154412 0.00014838491744154412 0.00014838491744154412 1 1 1 Converged Converged Converged OK OK OK 106 106 106 106 106 106 6 6 6 0 0 0 0 1 0 0 1
47 47 linear 2 23 472 3 0.0001 0.84822981041154266 0.0032535495285081987 0.43959414629447635 0.09937277757855402 0.51674612833681766 0.18729160683744928 0.5 -0.18454079902717235 2.2237717048047383 OK 12 11 0.41866900000000001 0.31575300000000001 0.15986600000000001 0.24973200000000001 0.130743 0 0.168937 0.18501000000000001 0.15986600000000001 0.0090550000000000005 0.0090900000000000009 0.0082769999999999996 0.12970699999999996 0.14604 0.123761 0.0062139999999999999 0.006215 0.0053529999999999993 0.0014810000000000001 0.001397 0.0012959999999999998 2.2237690248388735 2.2237690248388735 2.2237690248388735 0.00017775887993883274 0.00017775887993883274 0.00017775887993883274 1 1 1 Converged Converged Converged OK OK OK 113 113 113 113 113 113 7 7 7 0 0 0 0 1 0 0 1
47 47 linear 3 0 473 0 0.001 0.84822981041154266 0.0032535495285081987 0.43959414629447635 0.90186011249485221 0.29305539125010183 0.81394128323595694 0.5 -0.81119047542568001 1.4969277588717878 OK 14 13 0.43523699999999999 0.42946000000000001 0.155973 0.27493400000000001 0.27151999999999998 0 0.16030299999999997 0.15794000000000002 0.155973 0.0098670000000000008 0.0095219999999999992 0.0089739999999999993 0.12453099999999996 0.12454699999999999 0.12338200000000005 0.0044419999999999998 0.0033319999999999999 0.0033820000000000005 0.0011839999999999999 0.00097500000000000006 0.00096899999999999992 1.4969372330715898 1.4969372330715898 1.4969372330715898 0.00085222000742380798 0.00085222000742380798 0.00085222000742380798 1 1 1 Converged Converged Converged OK OK OK 89 89 89 89 89 89 7 7 7 0 0 0 0 0 1 0 0
47 47 linear 3 7 473 1 0.001 0.84822981041154266 0.0032535495285081987 0.43959414629447635 0.90186011249485221 0.29305539125010183 0.86745709235006707 0.5 -0.86470628453979015 1.4415066799354235 OK 14 13 0.42904700000000001 0.29129899999999997 0.12942400000000001 0.29510199999999998 0.15285699999999999 0 0.13394500000000004 0.13844199999999998 0.12942400000000001 0.0085339999999999999 0.0086300000000000005 0.0081309999999999993 0.107878 0.11275900000000003 0.10407299999999998 0.0032339999999999995 0.0031450000000000002 0.0035759999999999993 0.00094200000000000013 0.00095099999999999991 0.00097999999999999997 1.4415091922314101 1.4415091922314101 1.4415091922314101 0.00033280122651145871 0.00033280122651145871 0.00033280122651145871 1 1 1 Converged Converged Converged OK OK OK 89 89 89 89 89 89 7 7 7 0 0 0 0 1 0 0 1
47 47 linear 3 15 473 2 0.001 0.84822981041154266 0.0032535495285081987 0.43959414629447635 0.90186011249485221 0.29305539125010183 0.92861801705190727 0.5 -0.92586720924163035 1.3872833447273243 OK 14 13 0.41450900000000002 0.285829 0.12762799999999999 0.28157399999999999 0.15107999999999999 0 0.13293500000000003 0.13474900000000001 0.12762799999999999 0.0086549999999999995 0.0087349999999999997 0.0080990000000000003 0.107752 0.11019499999999997 0.10408800000000003 0.003346 0.0031280000000000006 0.0029970000000000001 0.00078599999999999991 0.000812 0.000812 1.3873586346249507 1.3873586346249507 1.3873586346249507 0.00099718503328428986 0.00099718503328428986 0.00099718503328428986 1 1 1 Converged Converged Converged OK OK OK 81 81 81 81 81 81 7 7 7 0 0 0 0 1 0 0 1
47 47 linear 3 23 473 3 0.001 0.84822981041154266 0.0032535495285081987 0.43959414629447635 0.90186011249485221 0.29305539125010183 0.98977894175374748 0.5 -0.98702813394347055 1.3410409732688651 OK 14 13 0.41692099999999999 0.27600599999999997 0.124249 0.28866700000000001 0.14577100000000001 0 0.12825399999999998 0.13023499999999996 0.124249 0.008626 0.0086230000000000005 0.0080490000000000006 0.10433899999999996 0.10583100000000002 0.10116900000000002 0.0028040000000000001 0.0031049999999999997 0.0029949999999999998 0.00074299999999999995 0.00082200000000000003 0.00072400000000000003 1.3411056950503375 1.3411056950503375 1.3411056950503375 0.00015807863407153554 0.00015807863407153554 0.00015807863407153554 1 1 1 Converged Converged Converged OK OK OK 81 81 81 81 81 81 7 7 7 0 0 0 0 1 0 0 1
47 47 linear 3 0 473 0 0.0001 0.84822981041154266 0.0032535495285081987 0.43959414629447635 0.90186011249485221 0.29305539125010183 0.81394128323595694 0.5 -0.81119047542568001 1.4969277588717878 OK 14 13 0.465951 0.45912700000000001 0.182696 0.27903099999999997 0.272032 0 0.18692000000000003 0.18709500000000001 0.182696 0.0096170000000000005 0.0093980000000000001 0.0093200000000000002 0.14478600000000003 0.14555099999999999 0.14076900000000006 0.0048439999999999993 0.0047959999999999999 0.0050530000000000002 0.0012979999999999999 0.00125 0.0012629999999999998 1.4969264406551828 1.4969264406551828 1.4969264406551828 7.3684619518608161e-05 7.3684619518608161e-05 7.3684619518608161e-05 1 1 1 Converged Converged Converged OK OK OK 113 113 113 113 113 113 7 7 7 0 0 0 0 0 1 0 0
47 47 linear 3 7 473 1 0.0001 0.84822981041154266 0.0032535495285081987 0.43959414629447635 0.90186011249485221 0.29305539125010183 0.86745709235006707 0.5 -0.86470628453979015 1.4415066799354235 OK 14 13 0.43265500000000001 0.30523400000000001 0.138075 0.28991299999999998 0.15670899999999999 0 0.14274200000000004 0.14852500000000002 0.138075 0.0086300000000000005 0.0087150000000000005 0.0082439999999999996 0.114953 0.12035399999999995 0.11111600000000001 0.0036830000000000001 0.004032 0.0038369999999999997 0.001134 0.0011640000000000001 0.0010920000000000001 1.4415090616045509 1.4415090616045509 1.4415090616045509 8.7513340101209159e-05 8.7513340101209159e-05 8.7513340101209159e-05 1 1 1 Converged Converged Converged OK OK OK 97 97 97 97 97 97 7 7 7 0 0 0 0 1 0 0 1
47 47 linear 3 15 473 2 0.0001 0.84822981041154266 0.0032535495285081987 0.43959414629447635 0.90186011249485221 0.29305539125010183 0.92861801705190727 0.5 -0.92586720924163035 1.3872833447273243 OK 14 13 0.44724599999999998 0.30726500000000001 0.15256800000000001 0.285634 0.14408399999999999 0 0.16161199999999998 0.16318100000000002 0.15256800000000001 0.0087760000000000008 0.0086759999999999997 0.0080789999999999994 0.13005 0.13328999999999999 0.12426 0.0053199999999999992 0.0045389999999999996 0.0043149999999999994 0.001193 0.001085 0.0010889999999999999 1.3872824995034092 1.3872824995034092 1.3872824995034092 0.00011790867836212115 0.00011790867836212115 0.00011790867836212115 1 1 1 Converged Converged Converged OK OK OK 105 105 105 105 105 105 7 7 7 0 0 0 0 1 0 0 1
47 47 linear 3 23 473 3 0.0001 0.84822981041154266 0.0032535495285081987 0.43959414629447635 0.90186011249485221 0.29305539125010183 0.98977894175374748 0.5 -0.98702813394347055 1.3410409732688651 OK 14 13 0.442108 0.31125700000000001 0.14958199999999999 0.286358 0.145756 0 0.15575 0.16550100000000001 0.14958199999999999 0.0087039999999999999 0.0087589999999999994 0.0080440000000000008 0.12557699999999991 0.13490999999999995 0.12150800000000003 0.0048719999999999996 0.0051529999999999996 0.0041900000000000001 0.001096 0.001122 0.0011099999999999999 1.3410401757346533 1.3410401757346533 1.3410401757346533 3.8092607127865283e-05 3.8092607127865283e-05 3.8092607127865283e-05 1 1 1 Converged Converged Converged OK OK OK 105 105 105 105 105 105 7 7 7 0 0 0 0 1 0 0 1
47 47 linear 4 0 474 0 0.001 0.84822981041154266 0.0032535495285081987 0.43959414629447635 0.93603991989021407 -0.6500274023284649 0.8481210906313188 0.5 -0.84537028282104187 1.3205276056545534 OK 12 11 0.33765800000000001 0.34253899999999998 0.065896999999999997 0.26815299999999997 0.268229 0 0.069505000000000039 0.074309999999999987 0.065896999999999997 0.0089280000000000002 0.0090720000000000002 0.0085909999999999997 0.046213000000000004 0.044802000000000002 0.043984000000000009 0.0024930000000000004 0.0022170000000000002 0.0019850000000000002 0.000562 0.00058599999999999993 0.00053700000000000004 1.3205270767075927 1.3205270767075927 1.3205270767075927 0.00084789689626854582 0.00084789689626854582 0.00084789689626854582 1 1 1 Converged Converged Converged OK OK OK 44 44 44 44 44 44 4 4 4 0 0 0 0 0 1 0 0
47 47 linear 4 7 474 1 0.001 0.84822981041154266 0.0032535495285081987 0.43959414629447635 0.93603991989021407 -0.6500274023284649 0.90163689974542893 0.5 -0.89888609193515201 1.2930707973039801 OK 12 11 0.34203600000000001 0.20114599999999999 0.063069 0.27563799999999999 0.13264799999999999 0 0.066398000000000013 0.068498000000000003 0.063069 0.0082019999999999992 0.008463 0.007639 0.046446999999999988 0.047843999999999984 0.044437999999999991 0.0020089999999999999 0.0023769999999999998 0.0018999999999999998 0.00051400000000000003 0.00049300000000000006 0.000475 1.2930705381066716 1.2930705381066716 1.2930705381066716 0.00063232380569968585 0.00063232380569968585 0.00063232380569968585 1 1 1 Converged Converged Converged OK OK OK 44 44 44 44 44 44 4 4 4 0 0 0 0 1 0 0 1
47 47 linear 4 15 474 2 0.001 0.84822981041154266 0.0032535495285081987 0.43959414629447635 0.93603991989021407 -0.6500274023284649 0.96279782444726913 0.5 -0.96004701663699221 1.2645883083243987 OK 12 11 0.34215600000000002 0.19953699999999999 0.064411999999999997 0.27290700000000001 0.126722 0 0.069249000000000005 0.072814999999999991 0.064411999999999997 0.0083180000000000007 0.0082520000000000007 0.0076150000000000002 0.048520000000000008 0.05334500000000001 0.045922999999999999 0.0023940000000000003 0.0018990000000000001 0.0019060000000000001 0.00052500000000000008 0.000475 0.00046700000000000002 1.2645890065419778 1.2645890065419778 1.2645890065419778 0.00042465561568271398 0.00042465561568271398 0.00042465561568271398 1 1 1 Converged Converged Converged OK OK OK 44 44 44 44 44 44 4 4 4 0 0 0 0 1 0 0 1
47 47 linear 4 23 474 3 0.001 0.84822981041154266 0.0032535495285081987 0.43959414629447635 0.93603991989021407 -0.6500274023284649 1.0239587491491093 0.5 -1.0212079413388324 1.2389656611080346 OK 12 11 0.340146 0.19941900000000001 0.065537999999999999 0.27119799999999999 0.12528500000000001 0 0.068948000000000009 0.074134000000000005 0.065537999999999999 0.008371 0.0083560000000000006 0.0076959999999999997 0.048896000000000009 0.054274999999999997 0.047042000000000007 0.0020830000000000002 0.0020889999999999997 0.0018420000000000001 0.00050599999999999994 0.00051099999999999995 0.00048300000000000003 1.2389719115577928 1.2389719115577928 1.2389719115577928 0.00079477770891589038 0.00079477770891589038 0.00079477770891589038 1 1 1 Converged Converged Converged OK OK OK 44 44 44 44 44 44 4 4 4 0 0 0 0 1 0 0 1
47 47 linear 4 0 474 0 0.0001 0.84822981041154266 0.0032535495285081987 0.43959414629447635 0.93603991989021407 -0.6500274023284649 0.8481210906313188 0.5 -0.84537028282104187 1.3205276056545534 OK 12 11 0.38270999999999999 0.38047999999999998 0.113996 0.2646 0.26378600000000002 0 0.11810999999999999 0.11669399999999996 0.113996 0.0090430000000000007 0.0090500000000000008 0.0086969999999999999 0.08168499999999998 0.081892000000000034 0.078674999999999995 0.0046550000000000003 0.0041229999999999999 0.0047020000000000005 0.001078 0.00092699999999999998 0.00096299999999999999 1.3205267938786447 1.3205267938786447 1.3205267938786447 7.0573778650945399e-06 7.0573778650945399e-06 7.0573778650945399e-06 1 1 1 Converged Converged Converged OK OK OK 84 84 84 84 84 84 4 4 4 0 0 0 0 0 1 0 0
47 47 linear 4 7 474 1 0.0001 0.84822981041154266 0.0032535495285081987 0.43959414629447635 0.93603991989021407 -0.6500274023284649 0.90163689974542893 0.5 -0.89888609193515201 1.2930707973039801 OK 12 11 0.39153900000000003 0.26170900000000002 0.11055 0.273669 0.13348299999999999 0 0.11787000000000003 0.12822600000000003 0.11055 0.0082419999999999993 0.0084030000000000007 0.007757 0.081892999999999994 0.096439999999999984 0.080944000000000002 0.0041749999999999999 0.0054349999999999997 0.0045180000000000003 0.00087399999999999999 0.00090499999999999999 0.00090399999999999996 1.2930700138883819 1.2930700138883819 1.2930700138883819 6.0918695837469013e-06 6.0918695837469013e-06 6.0918695837469013e-06 1 1 1 Converged Converged Converged OK OK OK 84 84 84 84 84 84 4 4 4 0 0 0 0 1 0 0 1
47 47 linear 4 15 474 2 0.0001 0.84822981041154266 0.0032535495285081987 0.43959414629447635 0.93603991989021407 -0.6500274023284649 0.96279782444726913 0.5 -0.96004701663699221 1.2645883083243987 OK 12 11 0.377 0.240483 0.100052 0.272897 0.126356 0 0.104103 0.11412700000000001 0.100052 0.0082260000000000007 0.0082760000000000004 0.0077650000000000002 0.075948999999999975 0.086245000000000002 0.073372000000000021 0.0038710000000000003 0.0037190000000000001 0.0036210000000000001 0.00076300000000000011 0.000736 0.00072099999999999996 1.2645875567176907 1.2645875567176907 1.2645875567176907 9.3598347845036921e-05 9.3598347845036921e-05 9.3598347845036921e-05 1 1 1 Converged Converged Converged OK OK OK 76 76 76 76 76 76 4 4 4 0 0 0 0 1 0 0 1
47 47 linear 4 23 474 3 0.0001 0.84822981041154266 0.0032535495285081987 0.43959414629447635 0.93603991989021407 -0.6500274023284649 1.0239587491491093 0.5 -1.0212079413388324 1.2389656611080346 OK 12 11 0.37048999999999999 0.241148 0.101047 0.26550400000000002 0.12725700000000001 0 0.10498599999999997 0.11389099999999999 0.101047 0.0083700000000000007 0.0082439999999999996 0.0077790000000000003 0.076973000000000028 0.085393000000000011 0.074352000000000015 0.0036910000000000003 0.0040969999999999999 0.003656 0.00075599999999999994 0.0007580000000000001 0.00072800000000000002 1.2389649075472093 1.2389649075472093 1.2389649075472093 4.3519406047108088e-05 4.3519406047108088e-05 4.3519406047108088e-05 1 1 1 Converged Converged Converged OK OK OK 76 76 76 76 76 76 4 4 4 0 0 0 0 1 0 0 1
47 47 uniform 0 0 475 0 0.001 0.84822981041154266 0.0032535495285081987 0.43959414629447635 0.25161355090011023 0.058074907261660404 0.16369472164121496 0 -0.16094391383093803 4.4989156961692123 OK 14 13 0.47463899999999998 0.46802899999999997 0.167603 0.307506 0.30211399999999999 0 0.16713299999999998 0.16591499999999998 0.167603 0.011773 0.011786 0.011811 0.11584899999999999 0.11577499999999999 0.11650600000000003 0.0042320000000000005 0.0040969999999999999 0.0045960000000000003 0.0013310000000000002 0.001189 0.0012889999999999998 4.4988354596469415 4.4988354596469415 4.4988354596469415 0.0019065202061420191 0.0019065202061420191 0.0019065202061420191 1 1 1 Converged Converged Converged OK OK OK 116 116 116 116 116 116 12 12 12 0 0 0 0 0 1 0 0
47 47 uniform 0 7 475 1 0.001 0.84822981041154266 0.0032535495285081987 0.43959414629447635 0.25161355090011023 0.058074907261660404 0.21721053075532512 0 -0.2144597229450482 4.3760069837861986 OK 15 14 0.47888900000000001 0.30915199999999998 0.16394800000000001 0.30445699999999998 0.143537 0 0.17443200000000003 0.16561499999999998 0.16394800000000001 0.010352 0.010397999999999999 0.0098720000000000006 0.13250000000000003 0.13064400000000004 0.12946900000000003 0.0094979999999999995 0.0039239999999999995 0.0039049999999999996 0.001256 0.001062 0.001062 4.3759804708376659 4.3759804708376659 4.3759804708376659 0.0028654521243949623 0.0028654521243949623 0.0028654521243949623 1 1 1 Converged Converged Converged OK OK OK 115 115 115 115 115 115 13 13 13 0 0 0 0 1 0 0 1
47 47 uniform 0 15 475 2 0.001 0.84822981041154266 0.0032535495285081987 0.43959414629447635 0.25161355090011023 0.058074907261660404 0.2783714554571653 0 -0.27562064764688837 4.1798575460983809 OK 15 14 0.59861799999999998 0.44095699999999999 0.17586199999999999 0.42136000000000001 0.26048100000000002 0 0.17725799999999997 0.18047599999999997 0.17586199999999999 0.0098029999999999992 0.010215999999999999 0.0092429999999999995 0.13886200000000001 0.14072600000000002 0.138243 0.0044130000000000003 0.0046470000000000001 0.0045190000000000004 0.0011819999999999999 0.0014390000000000002 0.0012549999999999998 4.1797713610940779 4.1797713610940779 4.1797713610940779 0.0020149553462167073 0.0020149553462167073 0.0020149553462167073 1 1 1 Converged Converged Converged OK OK OK 123 123 123 123 123 123 13 13 13 0 0 0 0 1 0 0 1
47 47 uniform 0 23 475 3 0.001 0.84822981041154266 0.0032535495285081987 0.43959414629447635 0.25161355090011023 0.058074907261660404 0.3395323801590055 0 -0.33678157234872858 3.905120723243785 OK 15 14 0.561338 0.40753699999999998 0.151312 0.40925499999999998 0.25505499999999998 0 0.15208300000000002 0.15248200000000001 0.151312 0.0086779999999999999 0.0087679999999999998 0.0079699999999999997 0.12059299999999998 0.12109099999999999 0.12172700000000002 0.0037310000000000004 0.0038209999999999997 0.0033790000000000001 0.0011379999999999999 0.00108 0.00095800000000000008 3.9050340011465479 3.9050340011465479 3.9050340011465479 0.0021674169916851352 0.0021674169916851352 0.0021674169916851352 1 1 1 Converged Converged Converged OK OK OK 108 108 108 108 108 108 12 12 12 0 0 0 0 1 0 0 1
47 47 uniform 0 0 475 0 0.0001 0.84822981041154266 0.0032535495285081987 0.43959414629447635 0.25161355090011023 0.058074907261660404 0.16369472164121496 0 -0.16094391383093803 4.4989156961692123 OK 14 13 0.52293400000000001 0.52015599999999995 0.21771499999999999 0.300952 0.30227599999999999 0 0.22198200000000001 0.21787999999999996 0.21771499999999999 0.011856999999999999 0.01142 0.012001 0.15245500000000003 0.15109100000000003 0.15018899999999996 0.0077730000000000004 0.0063460000000000001 0.0065009999999999998 0.0019310000000000002 0.0018810000000000003 0.0018969999999999998 4.4989064804543766 4.4989064804543766 4.4989064804543766 0.00035197061800864562 0.00035197061800864562 0.00035197061800864562 1 1 1 Converged Converged Converged OK OK OK 156 156 156 156 156 156 12 12 12 0 0 0 0 0 1 0 0
47 47 uniform 0 7 475 1 0.0001 0.84822981041154266 0.0032535495285081987 0.43959414629447635 0.25161355090011023 0.058074907261660404 0.21721053075532512 0 -0.2144597229450482 4.3760069837861986 OK 15 14 0.51213299999999995 0.35089500000000001 0.20793600000000001 0.30424800000000002 0.144256 0 0.20788499999999993 0.20663900000000002 0.20793600000000001 0.010257 0.010207000000000001 0.0099089999999999994 0.16335800000000003 0.16315300000000008 0.16520199999999999 0.0060359999999999997 0.005718 0.0056749999999999995 0.001818 0.0018059999999999999 0.0017440000000000001 4.3760037869379538 4.3760037869379538 4.3760037869379538 0.00033878161411244614 0.00033878161411244614 0.00033878161411244614 1 1 1 Converged Converged Converged OK OK OK 155 155 155 155 155 155 13 13 13 0 0 0 0 1 0 0 1
47 47 uniform 0 15 475 2 0.0001 0.84822981041154266 0.0032535495285081987 0.43959414629447635 0.25161355090011023 0.058074907261660404 0.2783714554571653 0 -0.27562064764688837 4.1798575460983809 OK 15 14 0.64423900000000001 0.49690299999999998 0.22256200000000001 0.41653600000000002 0.26114900000000002 0 0.22770299999999999 0.23575399999999996 0.22256200000000001 0.010454 0.010430999999999999 0.0093959999999999998 0.17572200000000021 0.18280599999999997 0.1733000000000002 0.0068380000000000003 0.0074120000000000002 0.0065619999999999993 0.0021840000000000002 0.0021420000000000002 0.0020600000000000002 4.1798464752214164 4.1798464752214164 4.1798464752214164 0.00025585726552176832 0.00025585726552176832 0.00025585726552176832 1 1 1 Converged Converged Converged OK OK OK 171 171 171 171 171 171 13 13 13 0 0 0 0 1 0 0 1
47 47 uniform 0 23 475 3 0.0001 0.84822981041154266 0.0032535495285081987 0.43959414629447635 0.25161355090011023 0.058074907261660404 0.3395323801590055 0 -0.33678157234872858 3.905120723243785 OK 15 14 0.59216299999999999 0.44556200000000001 0.18237300000000001 0.40562999999999999 0.25748399999999999 0 0.186533 0.18807800000000002 0.18237300000000001 0.0086110000000000006 0.0087600000000000004 0.0079150000000000002 0.14555100000000007 0.14694099999999999 0.14375100000000007 0.0056030000000000003 0.0058119999999999995 0.0051339999999999997 0.0017059999999999998 0.001689 0.0015290000000000002 3.9051096340030096 3.9051096340030096 3.9051096340030096 0.00036002762311411474 0.00036002762311411474 0.00036002762311411474 1 1 1 Converged Converged Converged OK OK OK 148 148 148 148 148 148 12 12 12 0 0 0 0 1 0 0 1
47 47 uniform 1 0 476 0 0.001 0.84822981041154266 0.0032535495285081987 0.43959414629447635 0.049992846341803662 0.26944624791754518 -0.037925982917091608 0 0.040676790727368538 4.2196045102917283 OK 12 11 0.46030300000000002 0.46556599999999998 0.161687 0.29865799999999998 0.29752800000000001 0 0.16164500000000004 0.16803799999999997 0.161687 0.008371 0.0083750000000000005 0.008378 0.12425299999999997 0.12995299999999996 0.12416999999999999 0.0033230000000000004 0.0035140000000000002 0.0034319999999999997 0.00093400000000000004 0.00098900000000000008 0.001023 4.2196150012230556 4.2196150012230556 4.2196150012230556 0.002767230928097485 0.002767230928097485 0.002767230928097485 1 1 1 Converged Converged Converged OK OK OK 94 94 94 94 94 94 10 10 10 0 0 0 0 0 1 0 0
47 47 uniform 1 7 476 1 0.001 0.84822981041154266 0.0032535495285081987 0.43959414629447635 0.049992846341803662 0.26944624791754518 0.015589826197018562 0 -0.012839018386741632 4.2274768476844828 OK 12 11 0.44663399999999998 0.30509399999999998 0.14230300000000001 0.30196299999999998 0.162188 0 0.14467099999999999 0.14290599999999998 0.14230300000000001 0.0069389999999999999 0.0069699999999999996 0.0067980000000000002 0.11801100000000005 0.11576500000000002 0.11598999999999998 0.003235 0.0034599999999999995 0.0032810000000000001 0.00087999999999999992 0.00097499999999999996 0.00097599999999999998 4.2274506062012414 4.2274506062012414 4.2274506062012414 0.0025357499748959299 0.0025357499748959299 0.0025357499748959299 1 1 1 Converged Converged Converged OK OK OK 94 94 94 94 94 94 10 10 10 0 0 0 0 1 0 0 1
47 47 uniform 1 15 476 2 0.001 0.84822981041154266 0.0032535495285081987 0.43959414629447635 0.049992846341803662 0.26944624791754518 0.076750750898858744 0 -0.073999943088581807 4.1907725526197623 OK 13 12 0.44853300000000002 0.31245800000000001 0.15681 0.29110000000000003 0.15254799999999999 0 0.15743299999999999 0.15991000000000002 0.15681 0.0075230000000000002 0.0077419999999999998 0.0071380000000000002 0.12804300000000005 0.13074999999999995 0.12971699999999997 0.0037650000000000006 0.0033779999999999999 0.0030799999999999998 0.0010219999999999999 0.0010530000000000001 0.00092299999999999999 4.1906675622932372 4.1906675622932372 4.1906675622932372 0.0030436744077994796 0.0030436744077994796 0.0030436744077994796 1 1 1 Converged Converged Converged OK OK OK 101 101 101 101 101 101 11 11 11 0 0 0 0 1 0 0 1
47 47 uniform 1 23 476 3 0.001 0.84822981041154266 0.0032535495285081987 0.43959414629447635 0.049992846341803662 0.26944624791754518 0.13791167560069895 0 -0.13516086779042202 4.1023879730528616 OK 13 12 0.42045300000000002 0.28768899999999997 0.13719200000000001 0.278308 0.13941200000000001 0 0.14214500000000002 0.14827699999999996 0.13719200000000001 0.010446 0.010345999999999999 0.0094490000000000008 0.10926499999999997 0.11547799999999998 0.10713399999999999 0.0038880000000000008 0.0040359999999999997 0.003532 0.001114 0.001188 0.00089499999999999996 4.1023348683045215 4.1023348683045215 4.1023348683045215 0.0034691860387313527 0.0034691860387313527 0.0034691860387313527 1 1 1 Converged Converged Converged OK OK OK 101 101 101 101 101 101 11 11 11 0 0 0 0 1 0 0 1
47 47 uniform 1 0 476 0 0.0001 0.84822981041154266 0.0032535495285081987 0.43959414629447635 0.049992846341803662 0.26944624791754518 -0.037925982917091608 0 0.040676790727368538 4.2196045102917283 OK 12 11 0.50080599999999997 0.49553999999999998 0.195802 0.29926399999999997 0.29706300000000002 0 0.201542 0.19847699999999996 0.195802 0.0085800000000000008 0.0083400000000000002 0.0081860000000000006 0.15370300000000001 0.15238199999999993 0.15033099999999999 0.0056969999999999998 0.004718 0.004614 0.0013170000000000002 0.0013720000000000002 0.0013900000000000002 4.219603856680239 4.219603856680239 4.219603856680239 0.00018941774680051031 0.00018941774680051031 0.00018941774680051031 1 1 1 Converged Converged Converged OK OK OK 118 118 118 118 118 118 10 10 10 0 0 0 0 0 1 0 0
47 47 uniform 1 7 476 1 0.0001 0.84822981041154266 0.0032535495285081987 0.43959414629447635 0.049992846341803662 0.26944624791754518 0.015589826197018562 0 -0.012839018386741632 4.2274768476844828 OK 12 11 0.47956599999999999 0.33696100000000001 0.17036799999999999 0.30700899999999998 0.16156300000000001 0 0.17255700000000002 0.175398 0.17036799999999999 0.007123 0.0071599999999999997 0.006509 0.14008099999999998 0.14242300000000002 0.13936999999999997 0.0044919999999999995 0.0047799999999999995 0.0045250000000000004 0.0012830000000000001 0.0013009999999999999 0.0013180000000000002 4.2274764374917329 4.2274764374917329 4.2274764374917329 0.00021860646265385643 0.00021860646265385643 0.00021860646265385643 1 1 1 Converged Converged Converged OK OK OK 118 118 118 118 118 118 10 10 10 0 0 0 0 1 0 0 1
47 47 uniform 1 15 476 2 0.0001 0.84822981041154266 0.0032535495285081987 0.43959414629447635 0.049992846341803662 0.26944624791754518 0.076750750898858744 0 -0.073999943088581807 4.1907725526197623 OK 13 12 0.49309999999999998 0.35680400000000001 0.20178199999999999 0.29249199999999997 0.155253 0 0.20060800000000001 0.20155100000000001 0.20178199999999999 0.0075500000000000003 0.0076740000000000003 0.0069449999999999998 0.1616959999999999 0.16239800000000013 0.16459899999999997 0.0051000000000000004 0.0052629999999999994 0.0049779999999999998 0.0014520000000000002 0.0014499999999999999 0.0014259999999999998 4.1907719971839752 4.1907719971839752 4.1907719971839752 0.00025914616877588587 0.00025914616877588587 0.00025914616877588587 1 1 1 Converged Converged Converged OK OK OK 141 141 141 141 141 141 11 11 11 0 0 0 0 1 0 0 1
47 47 uniform 1 23 476 3 0.0001 0.84822981041154266 0.0032535495285081987 0.43959414629447635 0.049992846341803662 0.26944624791754518 0.13791167560069895 0 -0.13516086779042202 4.1023879730528616 OK 13 12 0.45287899999999998 0.31298100000000001 0.16957900000000001 0.27595999999999998 0.136189 0 0.17691899999999999 0.176792 0.16957900000000001 0.010050999999999999 0.010463 0.0093069999999999993 0.13800599999999993 0.13742099999999999 0.13265399999999997 0.0054919999999999995 0.0056600000000000001 0.0051580000000000003 0.0014749999999999997 0.0015320000000000002 0.0014549999999999999 4.1023853455333636 4.1023853455333636 4.1023853455333636 0.00020666111197417149 0.00020666111197417149 0.00020666111197417149 1 1 1 Converged Converged Converged OK OK OK 133 133 133 133 133 133 11 11 11 0 0 0 0 1 0 0 1
47 47 uniform 2 0 477 0 0.001 0.84822981041154266 0.0032535495285081987 0.43959414629447635 0.09937277757855402 0.51674612833681766 0.011453948319658749 0 -0.0087031405093818195 2.3960070127111059 OK 13 12 0.34930800000000001 0.34873900000000002 0.091550999999999993 0.257467 0.25574000000000002 0 0.091841000000000006 0.092998999999999998 0.091550999999999993 0.010089000000000001 0.010156999999999999 0.010258 0.058870999999999979 0.059582999999999997 0.058540999999999996 0.0028139999999999997 0.0031729999999999996 0.0030080000000000003 0.00093000000000000005 0.00094099999999999989 0.00096800000000000011 2.39600671897569 2.39600671897569 2.39600671897569 0.00035636628054414564 0.00035636628054414564 0.00035636628054414564 1 1 1 Converged Converged Converged OK OK OK 74 74 74 74 74 74 6 6 6 0 0 0 0 0 1 0 0
47 47 uniform 2 7 477 1 0.001 0.84822981041154266 0.0032535495285081987 0.43959414629447635 0.09937277757855402 0.51674612833681766 0.064969757433768927 0 -0.062218949623491997 2.3782500786508805 OK 12 11 0.34095199999999998 0.234347 0.084982000000000002 0.25464700000000001 0.141156 0 0.086304999999999965 0.093190999999999996 0.084982000000000002 0.0088210000000000007 0.0090650000000000001 0.0083370000000000007 0.060388000000000018 0.066661000000000026 0.059951000000000004 0.0027429999999999998 0.0030130000000000001 0.0028679999999999999 0.00087399999999999999 0.0010299999999999999 0.00093900000000000016 2.3782498445039346 2.3782498445039346 2.3782498445039346 0.00033754400300311534 0.00033754400300311534 0.00033754400300311534 1 1 1 Converged Converged Converged OK OK OK 74 74 74 74 74 74 6 6 6 0 0 0 0 1 0 0 1
47 47 uniform 2 15 477 2 0.001 0.84822981041154266 0.0032535495285081987 0.43959414629447635 0.09937277757855402 0.51674612833681766 0.1261306821356091 0 -0.12337987432533216 2.325073501552362 OK 12 11 0.328316 0.21271599999999999 0.074431999999999998 0.25078099999999998 0.132045 0 0.077535000000000021 0.080670999999999993 0.074431999999999998 0.0089569999999999997 0.0089960000000000005 0.0081340000000000006 0.052059000000000022 0.055300000000000009 0.051499999999999969 0.0028220000000000003 0.0031000000000000003 0.0024409999999999996 0.00074100000000000012 0.00075500000000000003 0.00072500000000000006 2.3250731997462646 2.3250731997462646 2.3250731997462646 0.0015054098973224992 0.0015054098973224992 0.0015054098973224992 1 1 1 Converged Converged Converged OK OK OK 66 66 66 66 66 66 6 6 6 0 0 0 0 1 0 0 1
47 47 uniform 2 23 477 3 0.001 0.84822981041154266 0.0032535495285081987 0.43959414629447635 0.09937277757855402 0.51674612833681766 0.18729160683744928 0 -0.18454079902717235 2.2457170294728392 OK 12 11 0.34564299999999998 0.23547799999999999 0.092405000000000001 0.25000899999999998 0.13043199999999999 0 0.095633999999999997 0.105046 0.092405000000000001 0.0088579999999999996 0.0089840000000000007 0.0082579999999999997 0.067068000000000016 0.077171999999999991 0.066027999999999989 0.0031059999999999998 0.003026 0.0028800000000000002 0.001008 0.00091200000000000005 0.00089999999999999998 2.245716368745311 2.245716368745311 2.245716368745311 0.00061522380383893067 0.00061522380383893067 0.00061522380383893067 1 1 1 Converged Converged Converged OK OK OK 81 81 81 81 81 81 7 7 7 0 0 0 0 1 0 0 1
47 47 uniform 2 0 477 0 0.0001 0.84822981041154266 0.0032535495285081987 0.43959414629447635 0.09937277757855402 0.51674612833681766 0.011453948319658749 0 -0.0087031405093818195 2.3960070127111059 OK 13 12 0.36063200000000001 0.36201100000000003 0.102092 0.25496400000000002 0.25609700000000002 0 0.10566799999999998 0.10591400000000001 0.102092 0.010435 0.010356000000000001 0.010083999999999999 0.068062000000000011 0.068596999999999991 0.066293999999999978 0.0039000000000000003 0.0042090000000000001 0.0035469999999999998 0.0011760000000000002 0.0011919999999999999 0.001119 2.3960067190865315 2.3960067190865315 2.3960067190865315 0.00013445352466783035 0.00013445352466783035 0.00013445352466783035 1 1 1 Converged Converged Converged OK OK OK 82 82 82 82 82 82 6 6 6 0 0 0 0 0 1 0 0
47 47 uniform 2 7 477 1 0.0001 0.84822981041154266 0.0032535495285081987 0.43959414629447635 0.09937277757855402 0.51674612833681766 0.064969757433768927 0 -0.062218949623491997 2.3782500786508805 OK 12 11 0.36220000000000002 0.25928699999999999 0.10416400000000001 0.25504300000000002 0.14088200000000001 0 0.107157 0.11840499999999998 0.10416400000000001 0.0088970000000000004 0.0089789999999999991 0.0082179999999999996 0.07542299999999999 0.08321499999999997 0.074523999999999993 0.004333 0.0039070000000000008 0.0040089999999999995 0.0010809999999999999 0.0010920000000000001 0.0010369999999999999 2.3782496924260492 2.3782496924260492 2.3782496924260492 0.00020176185806301776 0.00020176185806301776 0.00020176185806301776 1 1 1 Converged Converged Converged OK OK OK 90 90 90 90 90 90 6 6 6 0 0 0 0 1 0 0 1
47 47 uniform 2 15 477 2 0.0001 0.84822981041154266 0.0032535495285081987 0.43959414629447635 0.09937277757855402 0.51674612833681766 0.1261306821356091 0 -0.12337987432533216 2.325073501552362 OK 12 11 0.37456099999999998 0.25922000000000001 0.115699 0.25153199999999998 0.13331299999999999 0 0.123029 0.12590700000000002 0.115699 0.0088839999999999995 0.0089980000000000008 0.0081989999999999997 0.081799999999999942 0.08851100000000002 0.080629999999999993 0.0050769999999999999 0.0053410000000000003 0.0047159999999999997 0.0012180000000000001 0.0012160000000000001 0.0012099999999999999 2.3250728413562753 2.3250728413562753 2.3250728413562753 0.00015470911557854887 0.00015470911557854887 0.00015470911557854887 1 1 1 Converged Converged Converged OK OK OK 106 106 106 106 106 106 6 6 6 0 0 0 0 1 0 0 1
47 47 uniform 2 23 477 3 0.0001 0.84822981041154266 0.0032535495285081987 0.43959414629447635 0.09937277757855402 0.51674612833681766 0.18729160683744928 0 -0.18454079902717235 2.2457170294728392 OK 12 11 0.38274799999999998 0.27614499999999997 0.12889 0.25204300000000002 0.132135 0 0.13070499999999996 0.14400999999999997 0.12889 0.0090880000000000006 0.0090030000000000006 0.0081089999999999999 0.092334999999999973 0.10724500000000002 0.090818999999999997 0.0053680000000000004 0.0048379999999999994 0.0045500000000000002 0.0013239999999999999 0.0012410000000000001 0.001238 2.245716869071674 2.245716869071674 2.245716869071674 0.0001539686686968838 0.0001539686686968838 0.0001539686686968838 1 1 1 Converged Converged Converged OK OK OK 113 113 113 113 113 113 7 7 7 0 0 0 0 1 0 0 1
47 47 uniform 3 0 478 0 0.001 0.84822981041154266 0.0032535495285081987 0.43959414629447635 0.90186011249485221 0.29305539125010183 0.81394128323595694 0 -0.81119047542568001 1.5004001225439971 OK 14 13 0.40115899999999999 0.40551199999999998 0.12575700000000001 0.27440700000000001 0.27776499999999998 0 0.12675199999999998 0.127747 0.12575700000000001 0.0097579999999999993 0.0097020000000000006 0.0091059999999999995 0.09369700000000003 0.09405800000000003 0.093427999999999997 0.0030120000000000004 0.0034140000000000004 0.0030370000000000002 0.00089599999999999988 0.00092200000000000008 0.00091100000000000003 1.5004133861186519 1.5004133861186519 1.5004133861186519 0.00084838979816682393 0.00084838979816682393 0.00084838979816682393 1 1 1 Converged Converged Converged OK OK OK 89 89 89 89 89 89 7 7 7 0 0 0 0 0 1 0 0
47 47 uniform 3 7 478 1 0.001 0.84822981041154266 0.0032535495285081987 0.43959414629447635 0.90186011249485221 0.29305539125010183 0.86745709235006707 0 -0.86470628453979015 1.4444421733240236 OK 14 13 0.39904299999999998 0.27435799999999999 0.108165 0.28803899999999999 0.15582499999999999 0 0.11100399999999999 0.118533 0.108165 0.00877 0.0087849999999999994 0.0081110000000000002 0.084738999999999995 0.092205999999999996 0.083961000000000022 0.0030930000000000003 0.003287 0.0028910000000000003 0.00090799999999999995 0.00088100000000000006 0.00091 1.4444464920586542 1.4444464920586542 1.4444464920586542 0.00026376982239722293 0.00026376982239722293 0.00026376982239722293 1 1 1 Converged Converged Converged OK OK OK 89 89 89 89 89 89 7 7 7 0 0 0 0 1 0 0 1
47 47 uniform 3 15 478 2 0.001 0.84822981041154266 0.0032535495285081987 0.43959414629447635 0.90186011249485221 0.29305539125010183 0.92861801705190727 0 -0.92586720924163035 1.3897448375755255 OK 14 13 0.39809699999999998 0.272646 0.116122 0.27968399999999999 0.14758199999999999 0 0.11841299999999999 0.12506400000000001 0.116122 0.0086870000000000003 0.0087419999999999998 0.0080850000000000002 0.092675000000000063 0.099011000000000057 0.091681000000000012 0.0029209999999999996 0.0031059999999999998 0.002833 0.00086299999999999994 0.00089500000000000007 0.00083600000000000005 1.3897452164564186 1.3897452164564186 1.3897452164564186 0.00022382235204602093 0.00022382235204602093 0.00022382235204602093 1 1 1 Converged Converged Converged OK OK OK 89 89 89 89 89 89 7 7 7 0 0 0 0 1 0 0 1
47 47 uniform 3 23 478 3 0.001 0.84822981041154266 0.0032535495285081987 0.43959414629447635 0.90186011249485221 0.29305539125010183 0.98977894175374748 0 -0.98702813394347055 1.3431241655005606 OK 14 13 0.402339 0.26993 0.11351600000000001 0.28465299999999999 0.146175 0 0.11768600000000001 0.123755 0.11351600000000001 0.0086199999999999992 0.0087039999999999999 0.0080850000000000002 0.091083000000000039 0.097738000000000019 0.089352999999999988 0.0036340000000000001 0.003405 0.0029940000000000001 0.000919 0.00092400000000000013 0.00087900000000000001 1.3431237863746062 1.3431237863746062 1.3431237863746062 0.00016618843105912272 0.00016618843105912272 0.00016618843105912272 1 1 1 Converged Converged Converged OK OK OK 89 89 89 89 89 89 7 7 7 0 0 0 0 1 0 0 1
47 47 uniform 3 0 478 0 0.0001 0.84822981041154266 0.0032535495285081987 0.43959414629447635 0.90186011249485221 0.29305539125010183 0.81394128323595694 0 -0.81119047542568001 1.5004001225439971 OK 14 13 0.42571599999999998 0.42771199999999998 0.149923 0.27173999999999998 0.27643099999999998 0 0.153976 0.151281 0.149923 0.009672 0.0096600000000000002 0.0092449999999999997 0.11312799999999999 0.10961400000000003 0.109185 0.0040740000000000004 0.0044200000000000003 0.0042339999999999999 0.0011900000000000001 0.0012229999999999999 0.0012279999999999999 1.5003995792716136 1.5003995792716136 1.5003995792716136 0.00011078183759905665 0.00011078183759905665 0.00011078183759905665 1 1 1 Converged Converged Converged OK OK OK 113 113 113 113 113 113 7 7 7 0 0 0 0 0 1 0 0
47 47 uniform 3 7 478 1 0.0001 0.84822981041154266 0.0032535495285081987 0.43959414629447635 0.90186011249485221 0.29305539125010183 0.86745709235006707 0 -0.86470628453979015 1.4444421733240236 OK 14 13 0.40965800000000002 0.28244799999999998 0.115203 0.290132 0.15363199999999999 0 0.11952600000000002 0.12881599999999999 0.115203 0.0087559999999999999 0.0089160000000000003 0.0081609999999999999 0.090294000000000041 0.099294000000000007 0.088901000000000008 0.0043859999999999993 0.0044359999999999998 0.0033040000000000001 0.001024 0.0011610000000000001 0.0010089999999999999 1.4444463916275609 1.4444463916275609 1.4444463916275609 0.00012338882364048125 0.00012338882364048125 0.00012338882364048125 1 1 1 Converged Converged Converged OK OK OK 97 97 97 97 97 97 7 7 7 0 0 0 0 1 0 0 1
47 47 uniform 3 15 478 2 0.0001 0.84822981041154266 0.0032535495285081987 0.43959414629447635 0.90186011249485221 0.29305539125010183 0.92861801705190727 0 -0.92586720924163035 1.3897448375755255 OK 14 13 0.41395199999999999 0.28706300000000001 0.130131 0.28095900000000001 0.147393 0 0.13299299999999997 0.13967000000000002 0.130131 0.0086499999999999997 0.0086370000000000006 0.0081460000000000005 0.10331399999999999 0.11088799999999999 0.10253099999999993 0.0043020000000000003 0.0037850000000000002 0.0036329999999999999 0.0010659999999999999 0.0010189999999999997 0.001003 1.3897448330126718 1.3897448330126718 1.3897448330126718 7.0468848854592198e-05 7.0468848854592198e-05 7.0468848854592198e-05 1 1 1 Converged Converged Converged OK OK OK 105 105 105 105 105 105 7 7 7 0 0 0 0 1 0 0 1
47 47 uniform 3 23 478 3 0.0001 0.84822981041154266 0.0032535495285081987 0.43959414629447635 0.90186011249485221 0.29305539125010183 0.98977894175374748 0 -0.98702813394347055 1.3431241655005606 OK 14 13 0.41535699999999998 0.29161900000000002 0.127193 0.28508299999999998 0.149148 0 0.130274 0.14247100000000001 0.127193 0.0088170000000000002 0.0089040000000000005 0.0081650000000000004 0.10068899999999999 0.11259000000000001 0.099566000000000016 0.0041250000000000002 0.0044719999999999994 0.0039290000000000002 0.0011450000000000002 0.0011069999999999999 0.0010539999999999998 1.3431241721701142 1.3431241721701142 1.3431241721701142 2.6739370133771468e-05 2.6739370133771468e-05 2.6739370133771468e-05 1 1 1 Converged Converged Converged OK OK OK 105 105 105 105 105 105 7 7 7 0 0 0 0 1 0 0 1
47 47 uniform 4 0 479 0 0.001 0.84822981041154266 0.0032535495285081987 0.43959414629447635 0.93603991989021407 -0.6500274023284649 0.8481210906313188 0 -0.84537028282104187 1.3225468169665728 OK 12 11 0.32178099999999998 0.324573 0.056195000000000002 0.26470500000000002 0.26638600000000001 0 0.05707599999999996 0.058186999999999989 0.056195000000000002 0.0090869999999999996 0.0090399999999999994 0.0085339999999999999 0.034772999999999998 0.035342999999999999 0.034603000000000009 0.001725 0.0020860000000000002 0.0016919999999999999 0.00049600000000000002 0.00050699999999999996 0.00048000000000000007 1.3225471328631366 1.3225471328631366 1.3225471328631366 0.00027349041315574837 0.00027349041315574837 0.00027349041315574837 1 1 1 Converged Converged Converged OK OK OK 44 44 44 44 44 44 4 4 4 0 0 0 0 0 1 0 0
47 47 uniform 4 7 479 1 0.001 0.84822981041154266 0.0032535495285081987 0.43959414629447635 0.93603991989021407 -0.6500274023284649 0.90163689974542893 0 -0.89888609193515201 1.2948401024727982 OK 12 11 0.32855699999999999 0.192714 0.053490999999999997 0.27377099999999999 0.13456799999999999 0 0.054786000000000001 0.058146000000000003 0.053490999999999997 0.0083309999999999999 0.0085070000000000007 0.0076750000000000004 0.035408999999999996 0.03789 0.035043999999999992 0.0017569999999999999 0.001897 0.0017590000000000001 0.00050100000000000003 0.00050500000000000002 0.000464 1.2948407710372483 1.2948407710372483 1.2948407710372483 0.0002806857608786901 0.0002806857608786901 0.0002806857608786901 1 1 1 Converged Converged Converged OK OK OK 44 44 44 44 44 44 4 4 4 0 0 0 0 1 0 0 1
47 47 uniform 4 15 479 2 0.001 0.84822981041154266 0.0032535495285081987 0.43959414629447635 0.93603991989021407 -0.6500274023284649 0.96279782444726913 0 -0.96004701663699221 1.2661145159145069 OK 12 11 0.32600400000000002 0.19044700000000001 0.054699999999999999 0.26967600000000003 0.12744900000000001 0 0.056327999999999989 0.062997999999999998 0.054699999999999999 0.0081779999999999995 0.0082120000000000005 0.0076030000000000004 0.036952000000000006 0.043859000000000016 0.036381999999999991 0.0017380000000000004 0.0017600000000000001 0.0016679999999999998 0.00052599999999999999 0.00051500000000000005 0.00050000000000000001 1.2661166210082833 1.2661166210082833 1.2661166210082833 0.00053460485722120715 0.00053460485722120715 0.00053460485722120715 1 1 1 Converged Converged Converged OK OK OK 44 44 44 44 44 44 4 4 4 0 0 0 0 1 0 0 1
47 47 uniform 4 23 479 3 0.001 0.84822981041154266 0.0032535495285081987 0.43959414629447635 0.93603991989021407 -0.6500274023284649 1.0239587491491093 0 -1.0212079413388324 1.2402867588429412 OK 12 11 0.33779700000000001 0.208343 0.070641999999999996 0.26515100000000003 0.12776999999999999 0 0.072645999999999988 0.080573000000000006 0.070641999999999996 0.008267 0.0082710000000000006 0.0076379999999999998 0.048637999999999994 0.056746999999999999 0.048327000000000002 0.0029989999999999999 0.0028319999999999999 0.002529 0.00064800000000000003 0.00060700000000000001 0.00060700000000000001 1.2402867146728267 1.2402867146728267 1.2402867146728267 5.9146224011044881e-05 5.9146224011044881e-05 5.9146224011044881e-05 1 1 1 Converged Converged Converged OK OK OK 60 60 60 60 60 60 4 4 4 0 0 0 0 1 0 0 1
47 47 uniform 4 0 479 0 0.0001 0.84822981041154266 0.0032535495285081987 0.43959414629447635 0.93603991989021407 -0.6500274023284649 0.8481210906313188 0 -0.84537028282104187 1.3225468169665728 OK 12 11 0.34200399999999997 0.349526 0.078478999999999993 0.26311499999999999 0.26926499999999998 0 0.078888999999999987 0.080261000000000027 0.078478999999999993 0.0088280000000000008 0.0091420000000000008 0.0088319999999999996 0.050320999999999991 0.050594 0.050112999999999984 0.0028400000000000001 0.003346 0.002941 0.00072399999999999993 0.00082399999999999997 0.00070399999999999998 1.3225467488423479 1.3225467488423479 1.3225467488423479 1.9808204487029432e-05 1.9808204487029432e-05 1.9808204487029432e-05 1 1 1 Converged Converged Converged OK OK OK 68 68 68 68 68 68 4 4 4 0 0 0 0 0 1 0 0
47 47 uniform 4 7 479 1 0.0001 0.84822981041154266 0.0032535495285081987 0.43959414629447635 0.93603991989021407 -0.6500274023284649 0.90163689974542893 0 -0.89888609193515201 1.2948401024727982 OK 12 11 0.33960600000000002 0.208538 0.069803000000000004 0.27127099999999998 0.132435 0 0.068335000000000035 0.076103000000000004 0.069803000000000004 0.0082050000000000005 0.0082660000000000008 0.0089269999999999992 0.045906000000000002 0.052804999999999977 0.046804999999999992 0.00249 0.002843 0.0025180000000000003 0.00063099999999999994 0.00067100000000000005 0.00064099999999999986 1.2948400269716331 1.2948400269716331 1.2948400269716331 7.3839755984822386e-05 7.3839755984822386e-05 7.3839755984822386e-05 1 1 1 Converged Converged Converged OK OK OK 60 60 60 60 60 60 4 4 4 0 0 0 0 1 0 0 1
47 47 uniform 4 15 479 2 0.0001 0.84822981041154266 0.0032535495285081987 0.43959414629447635 0.93603991989021407 -0.6500274023284649 0.96279782444726913 0 -0.96004701663699221 1.2661145159145069 OK 12 11 0.33743000000000001 0.20860699999999999 0.068544999999999995 0.26760499999999998 0.12682499999999999 0 0.069825000000000026 0.081781999999999994 0.068544999999999995 0.0082389999999999998 0.0083000000000000001 0.0077010000000000004 0.047232000000000003 0.058750000000000004 0.047152000000000006 0.0025539999999999998 0.002849 0.0024850000000000002 0.00058600000000000004 0.00061800000000000006 0.00059199999999999997 1.2661144508532292 1.2661144508532292 1.2661144508532292 4.6152682750785861e-05 4.6152682750785861e-05 4.6152682750785861e-05 1 1 1 Converged Converged Converged OK OK OK 60 60 60 60 60 60 4 4 4 0 0 0 0 1 0 0 1
47 47 uniform 4 23 479 3 0.0001 0.84822981041154266 0.0032535495285081987 0.43959414629447635 0.93603991989021407 -0.6500274023284649 1.0239587491491093 0 -1.0212079413388324 1.2402867588429412 OK 12 11 0.33857999999999999 0.209121 0.069476999999999997 0.26586700000000002 0.12983 0 0.072712999999999972 0.079291 0.069476999999999997 0.0084089999999999998 0.0082159999999999993 0.0076880000000000004 0.049055000000000008 0.056617999999999995 0.048145999999999994 0.003052 0.0026759999999999996 0.0024580000000000001 0.00062300000000000007 0.00059399999999999991 0.00056900000000000006 1.2402867146728267 1.2402867146728267 1.2402867146728267 5.9146224011044881e-05 5.9146224011044881e-05 5.9146224011044881e-05 1 1 1 Converged Converged Converged OK OK OK 60 60 60 60 60 60 4 4 4 0 0 0 0 1 0 0 1
48 48 linear 0 0 480 0 0.001 3.0482895006031603 0.0017693947367792857 0.00093303792937921015 0.0046573245332255809 -0.00041467691388432021 0.004470716947349739 0.5 0.00091338385158113225 1975.3336031084968 OK 15 14 0.91285300000000003 0.90131700000000003 0.31327700000000003 0.593808 0.58679700000000001 0 0.31904500000000002 0.31452000000000002 0.31327700000000003 0.0085889999999999994 0.0082190000000000006 0.0082789999999999999 0.26756600000000003 0.26541599999999999 0.26499500000000009 0.0068200000000000005 0.0056069999999999991 0.0052129999999999998 0.001585 0.0013710000000000003 0.001317 1975.3411663478596 1975.3411663478596 1975.3411663478596 1.563298927009195 1.563298927009195 1.563298927009195 1 1 1 Converged Converged Converged OK OK OK 127 127 127 127 127 127 9 9 9 0 0 0 0 0 1 0 0
48 48 linear 0 7 480 1 0.001 3.0482895006031603 0.0017693947367792857 0.00093303792937921015 0.0046573245332255809 -0.00041467691388432021 0.0045843041735350344 0.5 0.00079979662539583687 2039.2438023752493 OK 14 13 0.84037399999999995 0.83808099999999996 0.26508300000000001 0.56595099999999998 0.40890399999999999 0 0.27442299999999997 0.42917699999999998 0.26508300000000001 0.0065849999999999997 0.0065399999999999998 0.00594 0.24142499999999995 0.3953549999999999 0.23477699999999996 0.0052970000000000005 0.0060440000000000008 0.0046179999999999997 0.0011380000000000001 0.0011540000000000001 0.0010149999999999998 2039.2435774275177 2039.2435774275177 2039.2435774275177 1.7276097976826124 1.7276097976826124 1.7276097976826124 1 1 1 Converged Converged Converged OK OK OK 112 112 112 112 112 112 8 8 8 0 0 0 0 1 0 0 1
48 48 linear 0 15 480 2 0.001 3.0482895006031603 0.0017693947367792857 0.00093303792937921015 0.0046573245332255809 -0.00041467691388432021 0.0047141181463182281 0.5 0.00066998265261264314 2079.1807671419069 OK 14 13 0.86113399999999996 0.88809199999999999 0.26137500000000002 0.59189199999999997 0.44192100000000001 0 0.26924199999999998 0.44617099999999998 0.26137500000000002 0.0066220000000000003 0.0066059999999999999 0.0058060000000000004 0.23733200000000007 0.41296699999999992 0.23153099999999993 0.0046470000000000001 0.0050739999999999995 0.0045220000000000008 0.001072 0.0011330000000000001 0.0010200000000000001 2079.1799992507654 2079.1799992507654 2079.1799992507654 1.6515852882081594 1.6515852882081594 1.6515852882081594 1 1 1 Converged Converged Converged OK OK OK 112 112 112 112 112 112 8 8 8 0 0 0 0 1 0 0 1
48 48 linear 0 23 480 3 0.001 3.0482895006031603 0.0017693947367792857 0.00093303792937921015 0.0046573245332255809 -0.00041467691388432021 0.0048439321191014227 0.5 0.00054016867982944854 2085.0025633326359 OK 14 13 0.77344800000000002 0.80152900000000005 0.26814700000000002 0.49756600000000001 0.35742600000000002 0 0.27588200000000002 0.44410300000000003 0.26814700000000002 0.0064609999999999997 0.0064669999999999997 0.0057829999999999999 0.24434700000000004 0.41159099999999998 0.23853400000000005 0.0046589999999999999 0.0051199999999999996 0.0044580000000000002 0.0010460000000000001 0.001091 0.00099299999999999996 2084.9933450086637 2084.9933450086637 2084.9933450086637 1.5480156856760623 1.5480156856760623 1.5480156856760623 1 1 1 Converged Converged Converged OK OK OK 112 112 112 112 112 112 8 8 8 0 0 0 0 1 0 0 1
48 48 linear 0 0 480 0 0.0001 3.0482895006031603 0.0017693947367792857 0.00093303792937921015 0.0046573245332255809 -0.00041467691388432021 0.004470716947349739 0.5 0.00091338385158113225 1975.3336031084968 OK 15 14 1.019693 1.0143599999999999 0.42081499999999999 0.59260500000000005 0.59046900000000002 0 0.42708799999999991 0.42389099999999991 0.42081499999999999 0.0084430000000000009 0.0084679999999999998 0.008149 0.35716800000000015 0.35230800000000007 0.3512559999999999 0.0090460000000000002 0.011150999999999999 0.0098570000000000012 0.0019559999999999998 0.0019259999999999998 0.0019250000000000003 1975.3446652940761 1975.3446652940761 1975.3446652940761 0.029478219177448552 0.029478219177448552 0.029478219177448552 1 1 1 Converged Converged Converged OK OK OK 183 183 183 183 183 183 9 9 9 0 0 0 0 0 1 0 0
48 48 linear 0 7 480 1 0.0001 3.0482895006031603 0.0017693947367792857 0.00093303792937921015 0.0046573245332255809 -0.00041467691388432021 0.0045843041735350344 0.5 0.00079979662539583687 2039.2438023752493 OK 14 13 0.97905299999999995 1.132789 0.40460600000000002 0.56233500000000003 0.41575099999999998 0 0.41671799999999992 0.71703800000000006 0.40460600000000002 0.0067219999999999997 0.0068989999999999998 0.0062329999999999998 0.36374099999999981 0.66221099999999999 0.35386099999999981 0.010404 0.011352000000000001 0.0098919999999999998 0.001554 0.0015889999999999999 0.0015079999999999998 2039.248879390979 2039.248879390979 2039.248879390979 0.020590873537064638 0.020590873537064638 0.020590873537064638 1 1 1 Converged Converged Converged OK OK OK 184 184 184 184 184 184 8 8 8 0 0 0 0 1 0 0 1
48 48 linear 0 15 480 2 0.0001 3.0482895006031603 0.0017693947367792857 0.00093303792937921015 0.0046573245332255809 -0.00041467691388432021 0.0047141181463182281 0.5 0.00066998265261264314 2079.1807671419069 OK 14 13 0.99916400000000005 1.1929449999999999 0.39640399999999998 0.59595100000000001 0.44217200000000001 0 0.40321300000000004 0.75077299999999991 0.39640399999999998 0.0064479999999999997 0.0067039999999999999 0.0059569999999999996 0.35412599999999994 0.69963000000000031 0.34596399999999994 0.0094750000000000008 0.010683 0.0096340000000000002 0.0015420000000000002 0.0015649999999999998 0.0014770000000000002 2079.1849470132684 2079.1849470132684 2079.1849470132684 0.019854185779061624 0.019854185779061624 0.019854185779061624 1 1 1 Converged Converged Converged OK OK OK 184 184 184 184 184 184 8 8 8 0 0 0 0 1 0 0 1
48 48 linear 0 23 480 3 0.0001 3.0482895006031603 0.0017693947367792857 0.00093303792937921015 0.0046573245332255809 -0.00041467691388432021 0.0048439321191014227 0.5 0.00054016867982944854 2085.0025633326359 OK 14 13 0.85234500000000002 0.94984000000000002 0.346941 0.49526700000000001 0.35336099999999998 0 0.35707800000000001 0.59647899999999998 0.346941 0.0064720000000000003 0.0065129999999999997 0.0058180000000000003 0.315002 0.55340899999999993 0.30693399999999993 0.0074320000000000002 0.0080219999999999996 0.0073790000000000001 0.001387 0.001397 0.0013179999999999999 2084.9972655691186 2084.9972655691186 2084.9972655691186 0.17659939992654655 0.17659939992654655 0.17659939992654655 1 1 1 Converged Converged Converged OK OK OK 152 152 152 152 152 152 8 8 8 0 0 0 0 1 0 0 1
48 48 linear 1 0 481 0 0.001 3.0482895006031603 0.0017693947367792857 0.00093303792937921015 -2.7156278670123006 0.0066309393988940035 -2.7158144745981763 0.5 2.7211985753971071 21.258335954630486 OK 14 13 0.71191700000000002 0.70676799999999995 0.20075100000000001 0.50330900000000001 0.49831500000000001 0 0.20860800000000002 0.20845299999999994 0.20075100000000001 0.012404999999999999 0.016808 0.011669000000000001 0.16668600000000008 0.16257099999999997 0.16069299999999997 0.004176 0.0043059999999999999 0.0039179999999999996 0.00086200000000000003 0.00088500000000000004 0.00086799999999999996 21.258356413685316 21.258356413685316 21.258356413685316 0.017262229271896006 0.017262229271896006 0.017262229271896006 1 1 1 Converged Converged Converged OK OK OK 81 81 81 81 81 81 7 7 7 0 0 0 0 0 1 0 0
48 48 linear 1 7 481 1 0.001 3.0482895006031603 0.0017693947367792857 0.00093303792937921015 -2.7156278670123006 0.0066309393988940035 -2.715700887371991 0.5 2.7210849881709218 22.532983194306173 OK 14 13 0.64964999999999995 0.51714300000000002 0.19781499999999999 0.449044 0.31047000000000002 0 0.20060599999999995 0.206673 0.19781499999999999 0.011301 0.011233999999999999 0.010505 0.16702800000000001 0.17378999999999994 0.16543500000000008 0.0041809999999999998 0.003908 0.003967 0.00086899999999999998 0.0008470000000000001 0.000834 22.533102607648939 22.533102607648939 22.533102607648939 0.017730980474325145 0.017730980474325145 0.017730980474325145 1 1 1 Converged Converged Converged OK OK OK 81 81 81 81 81 81 7 7 7 0 0 0 0 1 0 0 1
48 48 linear 1 15 481 2 0.001 3.0482895006031603 0.0017693947367792857 0.00093303792937921015 -2.7156278670123006 0.0066309393988940035 -2.7155710733992078 0.5 2.7209551741981386 23.347328955163164 OK 14 13 0.61583200000000005 0.47158800000000001 0.25073600000000001 0.36224800000000001 0.21509300000000001 0 0.25358400000000003 0.25649500000000003 0.25073600000000001 0.011179 0.011249 0.010854000000000001 0.21654800000000005 0.21976400000000004 0.21444299999999999 0.0044929999999999996 0.0042199999999999998 0.0043570000000000006 0.00083400000000000011 0.00087299999999999997 0.00085499999999999986 23.347421461976158 23.347421461976158 23.347421461976158 0.017754368588028015 0.017754368588028015 0.017754368588028015 1 1 1 Converged Converged Converged OK OK OK 89 89 89 89 89 89 7 7 7 0 0 0 0 1 0 0 1
48 48 linear 1 23 481 3 0.001 3.0482895006031603 0.0017693947367792857 0.00093303792937921015 -2.7156278670123006 0.0066309393988940035 -2.715441259426425 0.5 2.7208253602253558 23.565511061044322 OK 14 13 0.68557699999999999 0.54765200000000003 0.246307 0.42611599999999999 0.280887 0 0.259461 0.26676500000000003 0.246307 0.011114000000000001 0.011214999999999999 0.010482999999999999 0.22066899999999998 0.23121500000000006 0.21223100000000011 0.0045310000000000003 0.0042769999999999996 0.0041539999999999997 0.00092199999999999997 0.00087900000000000001 0.00086400000000000008 23.565496670008933 23.565496670008933 23.565496670008933 0.0095748097849321055 0.0095748097849321055 0.0095748097849321055 1 1 1 Converged Converged Converged OK OK OK 89 89 89 89 89 89 7 7 7 0 0 0 0 1 0 0 1
48 48 linear 1 0 481 0 0.0001 3.0482895006031603 0.0017693947367792857 0.00093303792937921015 -2.7156278670123006 0.0066309393988940035 -2.7158144745981763 0.5 2.7211985753971071 21.258335954630486 OK 14 13 0.80908500000000005 0.79884599999999995 0.29648400000000003 0.50681100000000001 0.49912000000000001 0 0.30227400000000004 0.29972599999999994 0.29648400000000003 0.012199 0.012333 0.011893000000000001 0.24397100000000002 0.23779599999999995 0.23791800000000005 0.0064140000000000004 0.0098639999999999995 0.0064199999999999986 0.0013289999999999997 0.0014360000000000002 0.0013909999999999999 21.258371521973043 21.258371521973043 21.258371521973043 0.0020179501888499866 0.0020179501888499866 0.0020179501888499866 1 1 1 Converged Converged Converged OK OK OK 121 121 121 121 121 121 7 7 7 0 0 0 0 0 1 0 0
48 48 linear 1 7 481 1 0.0001 3.0482895006031603 0.0017693947367792857 0.00093303792937921015 -2.7156278670123006 0.0066309393988940035 -2.715700887371991 0.5 2.7210849881709218 22.532983194306173 OK 14 13 0.75166599999999995 0.621896 0.283252 0.46019700000000002 0.30818299999999998 0 0.29146899999999992 0.31371300000000002 0.283252 0.011243 0.011188 0.010534999999999999 0.24580900000000017 0.26826000000000016 0.23863700000000002 0.0060409999999999995 0.0060950000000000006 0.006215 0.001333 0.001304 0.0013179999999999997 22.533113852296193 22.533113852296193 22.533113852296193 0.00097557267211675588 0.00097557267211675588 0.00097557267211675588 1 1 1 Converged Converged Converged OK OK OK 121 121 121 121 121 121 7 7 7 0 0 0 0 1 0 0 1
48 48 linear 1 15 481 2 0.0001 3.0482895006031603 0.0017693947367792857 0.00093303792937921015 -2.7156278670123006 0.0066309393988940035 -2.7155710733992078 0.5 2.7209551741981386 23.347328955163164 OK 14 13 0.68511200000000005 0.54128399999999999 0.30551299999999998 0.36532900000000001 0.21349799999999999 0 0.31978300000000004 0.32778600000000002 0.30551299999999998 0.011172 0.011369000000000001 0.010411999999999999 0.27511000000000013 0.28286700000000009 0.26202300000000001 0.0058240000000000002 0.0060140000000000002 0.0059809999999999993 0.001286 0.0012869999999999999 0.0012940000000000002 23.347429088118414 23.347429088118414 23.347429088118414 0.0021391879342819537 0.0021391879342819537 0.0021391879342819537 1 1 1 Converged Converged Converged OK OK OK 121 121 121 121 121 121 7 7 7 0 0 0 0 1 0 0 1
48 48 linear 1 23 481 3 0.0001 3.0482895006031603 0.0017693947367792857 0.00093303792937921015 -2.7156278670123006 0.0066309393988940035 -2.715441259426425 0.5 2.7208253602253558 23.565511061044322 OK 14 13 0.75026999999999999 0.62886200000000003 0.31424299999999999 0.42756100000000002 0.28253699999999998 0 0.32270899999999997 0.34632500000000005 0.31424299999999999 0.011233999999999999 0.011417999999999999 0.010468999999999999 0.27814000000000016 0.30028599999999983 0.27082899999999999 0.0058079999999999989 0.0064150000000000006 0.0059299999999999995 0.0013139999999999998 0.0014139999999999999 0.0013130000000000001 23.565503953918459 23.565503953918459 23.565503953918459 0.00094500603178297835 0.00094500603178297835 0.00094500603178297835 1 1 1 Converged Converged Converged OK OK OK 121 121 121 121 121 121 7 7 7 0 0 0 0 1 0 0 1
48 48 linear 2 0 482 0 0.001 3.0482895006031603 0.0017693947367792857 0.00093303792937921015 -2.7153859213388389 -0.0056372597747981236 -2.7155725289247146 0.5 2.7209566297236454 18.480853206737287 OK 14 13 0.62075000000000002 0.61566399999999999 0.24660099999999999 0.37074299999999999 0.36628300000000003 0 0.25000700000000003 0.24938099999999996 0.24660099999999999 0.012605999999999999 0.012621 0.011915 0.1924580000000001 0.18887099999999998 0.19081399999999998 0.0068679999999999991 0.0071400000000000005 0.0068640000000000003 0.0014319999999999999 0.0014340000000000002 0.001341 18.480837996683643 18.480837996683643 18.480837996683643 0.0097210004345959864 0.0097210004345959864 0.0097210004345959864 1 1 1 Converged Converged Converged OK OK OK 121 121 121 121 121 121 7 7 7 0 0 0 0 0 1 0 0
48 48 linear 2 7 482 1 0.001 3.0482895006031603 0.0017693947367792857 0.00093303792937921015 -2.7153859213388389 -0.0056372597747981236 -2.7154589416985293 0.5 2.7208430424974601 17.872860132052491 OK 16 15 0.931674 0.828488 0.232603 0.69216599999999995 0.57183300000000004 0 0.23950800000000005 0.25665499999999997 0.232603 0.018037999999999998 0.017794000000000001 0.017309999999999999 0.19054600000000005 0.20792099999999999 0.18541000000000005 0.005875 0.0058129999999999996 0.0055170000000000002 0.0010380000000000001 0.00099099999999999991 0.00092899999999999992 17.872818218302687 17.872818218302687 17.872818218302687 0.014530289145502161 0.014530289145502161 0.014530289145502161 1 1 1 Converged Converged Converged OK OK OK 96 96 96 96 96 96 8 8 8 0 0 0 0 1 0 0 1
48 48 linear 2 15 482 2 0.001 3.0482895006031603 0.0017693947367792857 0.00093303792937921015 -2.7153859213388389 -0.0056372597747981236 -2.7153291277257461 0.5 2.7207132285246769 18.342929882665967 OK 14 13 0.64567699999999995 0.53607800000000005 0.21146100000000001 0.426873 0.29487600000000003 0 0.21880399999999994 0.24120200000000003 0.21146100000000001 0.011511 0.01176 0.010756999999999999 0.17621899999999999 0.198657 0.17125200000000002 0.0062320000000000006 0.0062830000000000004 0.0057759999999999999 0.00132 0.0012650000000000001 0.0012179999999999999 18.342931993678928 18.342931993678928 18.342931993678928 0.017078076320786319 0.017078076320786319 0.017078076320786319 1 1 1 Converged Converged Converged OK OK OK 113 113 113 113 113 113 7 7 7 0 0 0 0 1 0 0 1
48 48 linear 2 23 482 3 0.001 3.0482895006031603 0.0017693947367792857 0.00093303792937921015 -2.7153859213388389 -0.0056372597747981236 -2.7151993137529633 0.5 2.7205834145518941 18.610407768914797 OK 14 13 0.55985399999999996 0.43811899999999998 0.180309 0.37441799999999997 0.23458300000000001 0 0.18543599999999999 0.20353599999999997 0.180309 0.011287 0.012777 0.010593999999999999 0.14699699999999999 0.16015500000000005 0.14300399999999994 0.0052360000000000002 0.0054310000000000001 0.005242000000000001 0.001178 0.0012470000000000001 0.001217 18.610410557138287 18.610410557138287 18.610410557138287 0.012690765070942654 0.012690765070942654 0.012690765070942654 1 1 1 Converged Converged Converged OK OK OK 105 105 105 105 105 105 7 7 7 0 0 0 0 1 0 0 1
48 48 linear 2 0 482 0 0.0001 3.0482895006031603 0.0017693947367792857 0.00093303792937921015 -2.7153859213388389 -0.0056372597747981236 -2.7155725289247146 0.5 2.7209566297236454 18.480853206737287 OK 14 13 0.73219100000000004 0.71731999999999996 0.34861199999999998 0.373614 0.36991400000000002 0 0.35857700000000003 0.34740599999999994 0.34861199999999998 0.012305 0.012173 0.011926000000000001 0.276252 0.26603500000000002 0.26629200000000003 0.010553999999999999 0.010309 0.011253999999999998 0.00189 0.001902 0.0020200000000000001 18.480842351027462 18.480842351027462 18.480842351027462 0.00049958219609846683 0.00049958219609846683 0.00049958219609846683 1 1 1 Converged Converged Converged OK OK OK 185 185 185 185 185 185 7 7 7 0 0 0 0 0 1 0 0
48 48 linear 2 7 482 1 0.0001 3.0482895006031603 0.0017693947367792857 0.00093303792937921015 -2.7153859213388389 -0.0056372597747981236 -2.7154589416985293 0.5 2.7208430424974601 17.872860132052491 OK 16 15 1.0352509999999999 0.94586300000000001 0.33110299999999998 0.69852000000000003 0.57002600000000003 0 0.33673099999999989 0.37583699999999998 0.33110299999999998 0.017364000000000001 0.017458000000000001 0.016986000000000001 0.27075299999999991 0.30936699999999995 0.26610700000000004 0.0088489999999999992 0.0096319999999999982 0.0091380000000000003 0.0016890000000000002 0.0017500000000000003 0.0016839999999999997 17.872827930234671 17.872827930234671 17.872827930234671 0.0016323715404061611 0.0016323715404061611 0.0016323715404061611 1 1 1 Converged Converged Converged OK OK OK 152 152 152 152 152 152 8 8 8 0 0 0 0 1 0 0 1
48 48 linear 2 15 482 2 0.0001 3.0482895006031603 0.0017693947367792857 0.00093303792937921015 -2.7153859213388389 -0.0056372597747981236 -2.7153291277257461 0.5 2.7207132285246769 18.342929882665967 OK 14 13 0.75907000000000002 0.65252399999999999 0.31943899999999997 0.427153 0.288547 0 0.33191700000000002 0.36397699999999999 0.31943899999999997 0.011192000000000001 0.011925 0.010779 0.2710189999999999 0.30039100000000002 0.25923400000000008 0.010514000000000001 0.012361000000000002 0.011075000000000002 0.0019349999999999999 0.0020340000000000002 0.0019590000000000002 18.342913320481536 18.342913320481536 18.342913320481536 0.00038952846523755057 0.00038952846523755057 0.00038952846523755057 1 1 1 Converged Converged Converged OK OK OK 185 185 185 185 185 185 7 7 7 0 0 0 0 1 0 0 1
48 48 linear 2 23 482 3 0.0001 3.0482895006031603 0.0017693947367792857 0.00093303792937921015 -2.7153859213388389 -0.0056372597747981236 -2.7151993137529633 0.5 2.7205834145518941 18.610407768914797 OK 14 13 0.63873400000000002 0.52765399999999996 0.26181100000000002 0.37005700000000002 0.23583899999999999 0 0.268677 0.29181499999999994 0.26181100000000002 0.011440000000000001 0.011498 0.010513 0.21320100000000006 0.23960600000000001 0.21189499999999992 0.0072839999999999997 0.0080780000000000001 0.0075669999999999999 0.001725 0.0017009999999999998 0.00164 18.610420388905101 18.610420388905101 18.610420388905101 0.0016443618991874402 0.0016443618991874402 0.0016443618991874402 1 1 1 Converged Converged Converged OK OK OK 145 145 145 145 145 145 7 7 7 0 0 0 0 1 0 0 1
48 48 linear 3 0 483 0 0.001 3.0482895006031603 0.0017693947367792857 0.00093303792937921015 0.0039350678219306004 0.001312247871047146 0.0037484602360547585 0.5 0.0016356405628761127 559.56059217970778 OK 13 12 0.57705300000000004 0.569801 0.088228000000000001 0.48491600000000001 0.48085099999999997 0 0.092137000000000024 0.088950000000000029 0.088228000000000001 0.0083379999999999999 0.0080000000000000002 0.0079550000000000003 0.069961000000000009 0.068237999999999979 0.067611000000000004 0.002111 0.0019019999999999998 0.0019780000000000002 0.00058500000000000002 0.00057499999999999999 0.00057399999999999997 559.56032465175065 559.56032465175065 559.56032465175065 0.54543280270648742 0.54543280270648742 0.54543280270648742 1 1 1 Converged Converged Converged OK OK OK 44 44 44 44 44 44 4 4 4 0 0 0 0 0 1 0 0
48 48 linear 3 7 483 1 0.001 3.0482895006031603 0.0017693947367792857 0.00093303792937921015 0.0039350678219306004 0.001312247871047146 0.0038620474622400535 0.5 0.0015220533366908178 585.25821673266125 OK 13 12 0.61640499999999998 0.54734099999999997 0.083763000000000004 0.52986299999999997 0.37935600000000003 0 0.086542000000000008 0.16798499999999994 0.083763000000000004 0.0087410000000000005 0.012395 0.0085170000000000003 0.066784999999999997 0.144784 0.06475800000000001 0.0018649999999999999 0.0018090000000000001 0.0018890000000000001 0.00050199999999999995 0.00052999999999999998 0.000531 585.25709597728746 585.25709597728746 585.25709597728746 0.42449082149082235 0.42449082149082235 0.42449082149082235 1 1 1 Converged Converged Converged OK OK OK 44 44 44 44 44 44 4 4 4 0 0 0 0 1 0 0 1
48 48 linear 3 15 483 2 0.001 3.0482895006031603 0.0017693947367792857 0.00093303792937921015 0.0039350678219306004 0.001312247871047146 0.0039918614350232477 0.5 0.0013922393639076236 617.86918799615592 OK 13 12 0.66381100000000004 0.63181299999999996 0.132498 0.53075700000000003 0.383189 0 0.13305400000000001 0.24862399999999996 0.132498 0.0090519999999999993 0.0092280000000000001 0.008574 0.10710200000000004 0.21912700000000004 0.107198 0.0024230000000000002 0.002771 0.0027680000000000005 0.00073900000000000007 0.00075599999999999994 0.0007670000000000001 617.86768371015046 617.86768371015046 617.86768371015046 0.29820548875168984 0.29820548875168984 0.29820548875168984 1 1 1 Converged Converged Converged OK OK OK 59 59 59 59 59 59 5 5 5 0 0 0 0 1 0 0 1
48 48 linear 3 23 483 3 0.001 3.0482895006031603 0.0017693947367792857 0.00093303792937921015 0.0039350678219306004 0.001312247871047146 0.0041216754078064423 0.5 0.001262425391124429 654.7083795625681 OK 13 12 0.65751099999999996 0.62617199999999995 0.12443799999999999 0.528532 0.37933 0 0.12897899999999995 0.24684199999999995 0.12443799999999999 0.0074660000000000004 0.0076109999999999997 0.0070949999999999997 0.10561099999999998 0.22259699999999996 0.10214000000000002 0.0026930000000000001 0.0030790000000000001 0.0027129999999999997 0.00070800000000000008 0.00086699999999999993 0.00073499999999999998 654.70698216303185 654.70698216303185 654.70698216303185 0.25176337440682828 0.25176337440682828 0.25176337440682828 1 1 1 Converged Converged Converged OK OK OK 59 59 59 59 59 59 5 5 5 0 0 0 0 1 0 0 1
48 48 linear 3 0 483 0 0.0001 3.0482895006031603 0.0017693947367792857 0.00093303792937921015 0.0039350678219306004 0.001312247871047146 0.0037484602360547585 0.5 0.0016356405628761127 559.56059217970778 OK 13 12 0.62451000000000001 0.62029999999999996 0.13453100000000001 0.48600100000000002 0.48503400000000002 0 0.13850899999999999 0.13526599999999994 0.13453100000000001 0.0081709999999999994 0.0078650000000000005 0.0076400000000000001 0.10741099999999998 0.10478800000000002 0.10454400000000003 0.0034900000000000005 0.0034080000000000004 0.0034640000000000001 0.00076500000000000005 0.00080699999999999988 0.00079200000000000006 559.56027775639063 559.56027775639063 559.56027775639063 0.010522549565818183 0.010522549565818183 0.010522549565818183 1 1 1 Converged Converged Converged OK OK OK 76 76 76 76 76 76 4 4 4 0 0 0 0 0 1 0 0
48 48 linear 3 7 483 1 0.0001 3.0482895006031603 0.0017693947367792857 0.00093303792937921015 0.0039350678219306004 0.001312247871047146 0.0038620474622400535 0.5 0.0015220533366908178 585.25821673266125 OK 13 12 0.67921100000000001 0.66647800000000001 0.12939899999999999 0.53950699999999996 0.37910199999999999 0 0.13970400000000005 0.28737600000000002 0.12939899999999999 0.010224 0.0088070000000000006 0.0082850000000000007 0.108389 0.25870399999999999 0.10246799999999999 0.0040429999999999997 0.0038090000000000003 0.0034599999999999995 0.0009459999999999999 0.00091200000000000005 0.00080600000000000008 585.25789160314469 585.25789160314469 585.25789160314469 0.033827124896817697 0.033827124896817697 0.033827124896817697 1 1 1 Converged Converged Converged OK OK OK 76 76 76 76 76 76 4 4 4 0 0 0 0 1 0 0 1
48 48 linear 3 15 483 2 0.0001 3.0482895006031603 0.0017693947367792857 0.00093303792937921015 0.0039350678219306004 0.001312247871047146 0.0039918614350232477 0.5 0.0013922393639076236 617.86918799615592 OK 13 12 0.69423500000000005 0.68660200000000005 0.15143599999999999 0.53625999999999996 0.38721100000000003 0 0.15797500000000009 0.29939100000000002 0.15143599999999999 0.0093120000000000008 0.0091339999999999998 0.0085819999999999994 0.12710600000000002 0.26921899999999999 0.12283900000000003 0.0038089999999999999 0.003522 0.003532 0.00097799999999999992 0.00088699999999999998 0.00091999999999999992 617.86881881567422 617.86881881567422 617.86881881567422 0.05427356649259088 0.05427356649259088 0.05427356649259088 1 1 1 Converged Converged Converged OK OK OK 75 75 75 75 75 75 5 5 5 0 0 0 0 1 0 0 1
48 48 linear 3 23 483 3 0.0001 3.0482895006031603 0.0017693947367792857 0.00093303792937921015 0.0039350678219306004 0.001312247871047146 0.0041216754078064423 0.5 0.001262425391124429 654.7083795625681 OK 13 12 0.708727 0.76822500000000005 0.17743100000000001 0.52904300000000004 0.38073400000000002 0 0.17968399999999995 0.38749100000000003 0.17743100000000001 0.007456 0.0074679999999999998 0.0070959999999999999 0.14470599999999997 0.35208999999999996 0.13998299999999997 0.0045469999999999998 0.0046670000000000001 0.0047819999999999998 0.00098499999999999998 0.00098499999999999998 0.00097599999999999998 654.70786262685704 654.70786262685704 654.70786262685704 0.0086918550652432293 0.0086918550652432293 0.0086918550652432293 1 1 1 Converged Converged Converged OK OK OK 91 91 91 91 91 91 5 5 5 0 0 0 0 1 0 0 1
48 48 linear 4 0 484 0 0.001 3.0482895006031603 0.0017693947367792857 0.00093303792937921015 -2.706617164621989 0.0018000127124048345 -2.7068037722078646 0.5 2.7121878730067954 4.3252497412157096 OK 13 12 0.62254900000000002 0.61799300000000001 0.1196 0.50017999999999996 0.49677900000000003 0 0.12236900000000006 0.12121399999999999 0.1196 0.0090200000000000002 0.0093500000000000007 0.0085699999999999995 0.094755999999999993 0.093588999999999978 0.092513000000000012 0.0026810000000000002 0.0027179999999999999 0.002709 0.00057400000000000007 0.00056300000000000002 0.00056099999999999998 4.3252371336650839 4.3252371336650839 4.3252371336650839 0.0032267301299117716 0.0032267301299117716 0.0032267301299117716 1 1 1 Converged Converged Converged OK OK OK 53 53 53 53 53 53 3 3 3 0 0 0 0 0 1 0 0
48 48 linear 4 7 484 1 0.001 3.0482895006031603 0.0017693947367792857 0.00093303792937921015 -2.706617164621989 0.0018000127124048345 -2.7066901849816793 0.5 2.7120742857806102 4.3525325385613005 OK 13 12 0.54560200000000003 0.41347600000000001 0.116174 0.42483399999999999 0.28178599999999998 0 0.12076800000000004 0.13169000000000003 0.116174 0.0082179999999999996 0.0082620000000000002 0.0077190000000000002 0.095943000000000014 0.102478 0.092515999999999987 0.0027320000000000001 0.0027919999999999998 0.0026549999999999998 0.00058500000000000002 0.00056300000000000002 0.00054199999999999995 4.3525198955807616 4.3525198955807616 4.3525198955807616 0.0032134597113348674 0.0032134597113348674 0.0032134597113348674 1 1 1 Converged Converged Converged OK OK OK 53 53 53 53 53 53 3 3 3 0 0 0 0 1 0 0 1
48 48 linear 4 15 484 2 0.001 3.0482895006031603 0.0017693947367792857 0.00093303792937921015 -2.706617164621989 0.0018000127124048345 -2.7065603710088961 0.5 2.7119444718078269 4.384339389131064 OK 13 12 0.554226 0.41614400000000001 0.116109 0.43430999999999997 0.28379799999999999 0 0.11991600000000002 0.13234600000000002 0.116109 0.0083000000000000001 0.0082039999999999995 0.0076220000000000003 0.095209999999999989 0.107734 0.092652999999999971 0.0026849999999999999 0.0027619999999999997 0.0027150000000000004 0.00055599999999999996 0.00059399999999999991 0.00054700000000000007 4.3843267035521567 4.3843267035521567 4.3843267035521567 0.0031985051987366139 0.0031985051987366139 0.0031985051987366139 1 1 1 Converged Converged Converged OK OK OK 53 53 53 53 53 53 3 3 3 0 0 0 0 1 0 0 1
48 48 linear 4 23 484 3 0.001 3.0482895006031603 0.0017693947367792857 0.00093303792937921015 -2.706617164621989 0.0018000127124048345 -2.7064305570361133 0.5 2.7118146578350442 4.4167419068776956 OK 13 12 0.64956499999999995 0.51956599999999997 0.116441 0.52929400000000004 0.38620399999999999 0 0.12027099999999991 0.13336199999999998 0.116441 0.0083359999999999997 0.0082199999999999999 0.0076810000000000003 0.095322000000000046 0.10853899999999998 0.092795000000000016 0.002846 0.0029319999999999997 0.0027520000000000001 0.00055900000000000004 0.00058500000000000002 0.00054000000000000001 4.4167291748406825 4.4167291748406825 4.4167291748406825 0.0031837735245438111 0.0031837735245438111 0.0031837735245438111 1 1 1 Converged Converged Converged OK OK OK 53 53 53 53 53 53 3 3 3 0 0 0 0 1 0 0 1
48 48 linear 4 0 484 0 0.0001 3.0482895006031603 0.0017693947367792857 0.00093303792937921015 -2.706617164621989 0.0018000127124048345 -2.7068037722078646 0.5 2.7121878730067954 4.3252497412157096 OK 13 12 0.693851 0.68786199999999997 0.187718 0.50161900000000004 0.49954700000000002 0 0.19223199999999996 0.18831499999999995 0.187718 0.0090259999999999993 0.0088699999999999994 0.0087430000000000008 0.15520300000000001 0.15209400000000001 0.15134900000000001 0.0041250000000000002 0.0040530000000000002 0.0039810000000000002 0.00082299999999999995 0.00083100000000000003 0.001067 4.3252471068835057 4.3252471068835057 4.3252471068835057 1.9958826422201801e-05 1.9958826422201801e-05 1.9958826422201801e-05 1 1 1 Converged Converged Converged OK OK OK 77 77 77 77 77 77 3 3 3 0 0 0 0 0 1 0 0
48 48 linear 4 7 484 1 0.0001 3.0482895006031603 0.0017693947367792857 0.00093303792937921015 -2.706617164621989 0.0018000127124048345 -2.7066901849816793 0.5 2.7120742857806102 4.3525325385613005 OK 13 12 0.61786700000000006 0.48413099999999998 0.18820899999999999 0.42815500000000001 0.28320899999999999 0 0.18971200000000005 0.20092199999999999 0.18820899999999999 0.0082789999999999999 0.0083079999999999994 0.0076610000000000003 0.15704000000000004 0.16845999999999997 0.15722700000000003 0.0040899999999999999 0.0040439999999999999 0.003954 0.00080699999999999999 0.00079099999999999993 0.00076599999999999986 4.3525298701717459 4.3525298701717459 4.3525298701717459 1.9960201531208444e-05 1.9960201531208444e-05 1.9960201531208444e-05 1 1 1 Converged Converged Converged OK OK OK 77 77 77 77 77 77 3 3 3 0 0 0 0 1 0 0 1
48 48 linear 4 15 484 2 0.0001 3.0482895006031603 0.0017693947367792857 0.00093303792937921015 -2.706617164621989 0.0018000127124048345 -2.7065603710088961 0.5 2.7119444718078269 4.384339389131064 OK 13 12 0.61753199999999997 0.49382599999999999 0.19612399999999999 0.425153 0.28734700000000002 0 0.19237899999999997 0.20647899999999997 0.19612399999999999 0.0081890000000000001 0.0082679999999999993 0.0076360000000000004 0.16006399999999996 0.17446199999999989 0.16076799999999999 0.0040879999999999996 0.0041549999999999998 0.0042750000000000002 0.0008070000000000001 0.00080299999999999989 0.000794 4.3843366797113497 4.3843366797113497 4.3843366797113497 1.9962287674673809e-05 1.9962287674673809e-05 1.9962287674673809e-05 1 1 1 Converged Converged Converged OK OK OK 77 77 77 77 77 77 3 3 3 0 0 0 0 1 0 0 1
48 48 linear 4 23 484 3 0.0001 3.0482895006031603 0.0017693947367792857 0.00093303792937921015 -2.706617164621989 0.0018000127124048345 -2.7064305570361133 0.5 2.7118146578350442 4.4167419068776956 OK 13 12 0.71746299999999996 0.59379700000000002 0.18895700000000001 0.52811200000000003 0.38361800000000001 0 0.18935099999999994 0.210179 0.18895700000000001 0.0082150000000000001 0.0083840000000000008 0.0097529999999999995 0.15713000000000005 0.17787800000000001 0.15555799999999997 0.00415 0.0041929999999999997 0.0040470000000000002 0.00083099999999999992 0.00087600000000000004 0.00081200000000000011 4.4167391525678825 4.4167391525678825 4.4167391525678825 1.9966310485717098e-05 1.9966310485717098e-05 1.9966310485717098e-05 1 1 1 Converged Converged Converged OK OK OK 77 77 77 77 77 77 3 3 3 0 0 0 0 1 0 0 1
48 48 uniform 0 0 485 0 0.001 3.0482895006031603 0.0017693947367792857 0.00093303792937921015 0.0046573245332255809 -0.00041467691388432021 0.004470716947349739 0 0.00091338385158113225 1923.1183364578549 OK 15 14 0.843777 0.83469300000000002 0.24412 0.59423599999999999 0.58949200000000002 0 0.24954100000000001 0.245201 0.24412 0.0083770000000000008 0.0085159999999999993 0.0082419999999999993 0.19647200000000012 0.19671800000000003 0.19582200000000011 0.0054529999999999995 0.0052939999999999992 0.005215 0.001379 0.0014499999999999999 0.0014 1923.117750910015 1923.117750910015 1923.117750910015 1.4123843453000915 1.4123843453000915 1.4123843453000915 1 1 1 Converged Converged Converged OK OK OK 127 127 127 127 127 127 9 9 9 0 0 0 0 0 1 0 0
48 48 uniform 0 7 485 1 0.001 3.0482895006031603 0.0017693947367792857 0.00093303792937921015 0.0046573245332255809 -0.00041467691388432021 0.0045843041735350344 0 0.00079979662539583687 1968.8029382440548 OK 14 13 0.777918 0.77900999999999998 0.20865400000000001 0.56181099999999995 0.40900300000000001 0 0.21610700000000005 0.37000699999999997 0.20865400000000001 0.0067679999999999997 0.0065890000000000002 0.0060549999999999996 0.1836830000000001 0.33724599999999999 0.17880899999999994 0.004607 0.0054990000000000004 0.0043140000000000001 0.00101 0.001178 0.0010579999999999999 1968.8018406486954 1968.8018406486954 1968.8018406486954 1.6423025846832195 1.6423025846832195 1.6423025846832195 1 1 1 Converged Converged Converged OK OK OK 112 112 112 112 112 112 8 8 8 0 0 0 0 1 0 0 1
48 48 uniform 0 15 485 2 0.001 3.0482895006031603 0.0017693947367792857 0.00093303792937921015 0.0046573245332255809 -0.00041467691388432021 0.0047141181463182281 0 0.00066998265261264314 1996.3721278168018 OK 14 13 0.79600400000000004 0.83467000000000002 0.20427799999999999 0.58769300000000002 0.44488800000000001 0 0.20831100000000002 0.38978200000000002 0.20427799999999999 0.0066309999999999997 0.0065750000000000001 0.005921 0.17656900000000003 0.35744500000000012 0.17474900000000004 0.0044809999999999997 0.0047430000000000007 0.0043770000000000007 0.00097999999999999997 0.0010510000000000001 0.00096400000000000001 1996.3710899063735 1996.3710899063735 1996.3710899063735 1.5669387542169539 1.5669387542169539 1.5669387542169539 1 1 1 Converged Converged Converged OK OK OK 112 112 112 112 112 112 8 8 8 0 0 0 0 1 0 0 1
48 48 uniform 0 23 485 3 0.001 3.0482895006031603 0.0017693947367792857 0.00093303792937921015 0.0046573245332255809 -0.00041467691388432021 0.0048439321191014227 0 0.00054016867982944854 1999.6242700911996 OK 14 13 0.70928800000000003 0.74243099999999995 0.209087 0.49414400000000003 0.35390899999999997 0 0.215144 0.38852199999999998 0.209087 0.0063940000000000004 0.006411 0.0058820000000000001 0.183917 0.35646099999999992 0.17953700000000003 0.0045069999999999997 0.0046610000000000002 0.0042650000000000006 0.001044 0.0010739999999999999 0.0009859999999999999 1999.6233996861138 1999.6233996861138 1999.6233996861138 1.4448099007593842 1.4448099007593842 1.4448099007593842 1 1 1 Converged Converged Converged OK OK OK 112 112 112 112 112 112 8 8 8 0 0 0 0 1 0 0 1
48 48 uniform 0 0 485 0 0.0001 3.0482895006031603 0.0017693947367792857 0.00093303792937921015 0.0046573245332255809 -0.00041467691388432021 0.004470716947349739 0 0.00091338385158113225 1923.1183364578549 OK 15 14 0.94482200000000005 0.91529199999999999 0.32162800000000002 0.60760000000000003 0.58997900000000003 0 0.33722200000000002 0.32531299999999996 0.32162800000000002 0.0093760000000000007 0.0083859999999999994 0.0081589999999999996 0.26408399999999993 0.25623899999999999 0.25232499999999997 0.0090559999999999981 0.0090069999999999994 0.0093749999999999997 0.001941 0.0020149999999999999 0.0018889999999999998 1923.1186569563224 1923.1186569563224 1923.1186569563224 0.009240727954602854 0.009240727954602854 0.009240727954602854 1 1 1 Converged Converged Converged OK OK OK 183 183 183 183 183 183 9 9 9 0 0 0 0 0 1 0 0
48 48 uniform 0 7 485 1 0.0001 3.0482895006031603 0.0017693947367792857 0.00093303792937921015 0.0046573245332255809 -0.00041467691388432021 0.0045843041735350344 0 0.00079979662539583687 1968.8029382440548 OK 14 13 0.87619000000000002 1.0286 0.30332100000000001 0.57094100000000003 0.41060000000000002 0 0.30524899999999999 0.61799999999999988 0.30332100000000001 0.0065009999999999998 0.0065579999999999996 0.0059309999999999996 0.2543559999999998 0.56618000000000013 0.253994 0.0095390000000000006 0.0098169999999999993 0.0094330000000000004 0.0014659999999999996 0.0015089999999999999 0.0014929999999999998 1968.8031719582552 1968.8031719582552 1968.8031719582552 0.0057765272185415877 0.0057765272185415877 0.0057765272185415877 1 1 1 Converged Converged Converged OK OK OK 184 184 184 184 184 184 8 8 8 0 0 0 0 1 0 0 1
48 48 uniform 0 15 485 2 0.0001 3.0482895006031603 0.0017693947367792857 0.00093303792937921015 0.0046573245332255809 -0.00041467691388432021 0.0047141181463182281 0 0.00066998265261264314 1996.3721278168018 OK 14 13 0.89324499999999996 1.0945499999999999 0.29687200000000002 0.58812299999999995 0.440496 0 0.305122 0.65405399999999991 0.29687200000000002 0.0064289999999999998 0.0063509999999999999 0.0058859999999999997 0.25532600000000005 0.60462500000000008 0.24998900000000007 0.010117000000000001 0.0095469999999999999 0.0093160000000000014 0.0015400000000000001 0.0014880000000000002 0.0014889999999999999 1996.3722664996665 1996.3722664996665 1996.3722664996665 0.0054155912208010172 0.0054155912208010172 0.0054155912208010172 1 1 1 Converged Converged Converged OK OK OK 184 184 184 184 184 184 8 8 8 0 0 0 0 1 0 0 1
48 48 uniform 0 23 485 3 0.0001 3.0482895006031603 0.0017693947367792857 0.00093303792937921015 0.0046573245332255809 -0.00041467691388432021 0.0048439321191014227 0 0.00054016867982944854 1999.6242700911996 OK 14 13 0.76129899999999995 0.86264799999999997 0.26066600000000001 0.49814700000000001 0.35136400000000001 0 0.26315199999999994 0.51128399999999996 0.26066600000000001 0.0064180000000000001 0.0063889999999999997 0.0058199999999999997 0.22111999999999998 0.46965900000000022 0.22114499999999998 0.0075829999999999995 0.0072899999999999996 0.0071910000000000003 0.0013939999999999998 0.0013649999999999999 0.001315 1999.6243107577518 1999.6243107577518 1999.6243107577518 0.18136052881858969 0.18136052881858969 0.18136052881858969 1 1 1 Converged Converged Converged OK OK OK 152 152 152 152 152 152 8 8 8 0 0 0 0 1 0 0 1
48 48 uniform 1 0 486 0 0.001 3.0482895006031603 0.0017693947367792857 0.00093303792937921015 -2.7156278670123006 0.0066309393988940035 -2.7158144745981763 0 2.7211985753971071 21.078613906115248 OK 14 13 0.65163099999999996 0.65152699999999997 0.145731 0.50097899999999995 0.50339999999999996 0 0.15065200000000001 0.14812700000000001 0.145731 0.011945000000000001 0.012397 0.011645000000000001 0.10674099999999995 0.10741600000000001 0.10647599999999997 0.007633 0.003388 0.0033480000000000003 0.00084699999999999999 0.00084099999999999995 0.00083300000000000008 21.078604524297763 21.078604524297763 21.078604524297763 0.0082338824281929165 0.0082338824281929165 0.0082338824281929165 1 1 1 Converged Converged Converged OK OK OK 81 81 81 81 81 81 7 7 7 0 0 0 0 0 1 0 0
48 48 uniform 1 7 486 1 0.001 3.0482895006031603 0.0017693947367792857 0.00093303792937921015 -2.7156278670123006 0.0066309393988940035 -2.715700887371991 0 2.7210849881709218 22.180155830091415 OK 14 13 0.58412900000000001 0.460318 0.13477600000000001 0.44716899999999998 0.307672 0 0.13696000000000003 0.152646 0.13477600000000001 0.011370999999999999 0.011395000000000001 0.010533000000000001 0.10415499999999996 0.12011199999999998 0.103336 0.003424 0.0034279999999999996 0.0033810000000000008 0.00080300000000000011 0.000834 0.00078899999999999999 22.180152607905903 22.180152607905903 22.180152607905903 0.0095529793998481959 0.0095529793998481959 0.0095529793998481959 1 1 1 Converged Converged Converged OK OK OK 81 81 81 81 81 81 7 7 7 0 0 0 0 1 0 0 1
48 48 uniform 1 15 486 2 0.001 3.0482895006031603 0.0017693947367792857 0.00093303792937921015 -2.7156278670123006 0.0066309393988940035 -2.7155710733992078 0 2.7209551741981386 22.841988542579497 OK 14 13 0.50827 0.36466799999999999 0.14053199999999999 0.36473499999999998 0.21262 0 0.14353500000000002 0.15204799999999999 0.14053199999999999 0.011147000000000001 0.011238 0.010364 0.11069300000000001 0.11938600000000002 0.10958600000000003 0.0033889999999999997 0.0034459999999999998 0.0032999999999999995 0.00084199999999999998 0.00084100000000000006 0.00085099999999999998 22.84198747020147 22.84198747020147 22.84198747020147 0.011145922829741696 0.011145922829741696 0.011145922829741696 1 1 1 Converged Converged Converged OK OK OK 81 81 81 81 81 81 7 7 7 0 0 0 0 1 0 0 1
48 48 uniform 1 23 486 3 0.001 3.0482895006031603 0.0017693947367792857 0.00093303792937921015 -2.7156278670123006 0.0066309393988940035 -2.715441259426425 0 2.7208253602253558 23.016980460766732 OK 14 13 0.55801000000000001 0.42704799999999998 0.13150700000000001 0.425037 0.276503 0 0.13297300000000001 0.15054499999999998 0.13150700000000001 0.011122 0.011046 0.010302 0.10325499999999999 0.12104299999999998 0.10313999999999997 0.0029489999999999998 0.0029209999999999996 0.002895 0.00069099999999999999 0.00071100000000000004 0.00067099999999999994 23.016982732854736 23.016982732854736 23.016982732854736 0.013027203998082255 0.013027203998082255 0.013027203998082255 1 1 1 Converged Converged Converged OK OK OK 73 73 73 73 73 73 7 7 7 0 0 0 0 1 0 0 1
48 48 uniform 1 0 486 0 0.0001 3.0482895006031603 0.0017693947367792857 0.00093303792937921015 -2.7156278670123006 0.0066309393988940035 -2.7158144745981763 0 2.7211985753971071 21.078613906115248 OK 14 13 0.69639799999999996 0.69458900000000001 0.19258800000000001 0.50322800000000001 0.501058 0 0.19316999999999995 0.19353100000000001 0.19258800000000001 0.012178 0.012178 0.011761000000000001 0.14269800000000002 0.14295500000000005 0.14230300000000004 0.0047310000000000008 0.0049420000000000002 0.005017999999999999 0.0011739999999999999 0.0012130000000000001 0.0011490000000000001 21.078614009417123 21.078614009417123 21.078614009417123 0.0010404533558679274 0.0010404533558679274 0.0010404533558679274 1 1 1 Converged Converged Converged OK OK OK 105 105 105 105 105 105 7 7 7 0 0 0 0 0 1 0 0
48 48 uniform 1 7 486 1 0.0001 3.0482895006031603 0.0017693947367792857 0.00093303792937921015 -2.7156278670123006 0.0066309393988940035 -2.715700887371991 0 2.7210849881709218 22.180155830091415 OK 14 13 0.63328600000000002 0.50962200000000002 0.17808399999999999 0.45425900000000002 0.31200600000000001 0 0.17902699999999999 0.19761600000000001 0.17808399999999999 0.011173000000000001 0.011183 0.010560999999999999 0.13892699999999986 0.15720700000000001 0.13894799999999999 0.0046969999999999998 0.0048609999999999999 0.0049060000000000006 0.0011659999999999999 0.001189 0.0011860000000000002 22.180155511604976 22.180155511604976 22.180155511604976 0.0013424026201385515 0.0013424026201385515 0.0013424026201385515 1 1 1 Converged Converged Converged OK OK OK 105 105 105 105 105 105 7 7 7 0 0 0 0 1 0 0 1
48 48 uniform 1 15 486 2 0.0001 3.0482895006031603 0.0017693947367792857 0.00093303792937921015 -2.7156278670123006 0.0066309393988940035 -2.7155710733992078 0 2.7209551741981386 22.841988542579497 OK 14 13 0.57089800000000002 0.434249 0.19684599999999999 0.37013800000000002 0.21324599999999999 0 0.20075999999999999 0.221003 0.19684599999999999 0.011308 0.011150999999999999 0.010432 0.15621900000000002 0.17686199999999996 0.15487299999999998 0.0055220000000000017 0.0052299999999999994 0.0050299999999999997 0.0013800000000000002 0.0012720000000000001 0.0012890000000000002 22.841989277780101 22.841989277780101 22.841989277780101 0.00084806473228658471 0.00084806473228658471 0.00084806473228658471 1 1 1 Converged Converged Converged OK OK OK 113 113 113 113 113 113 7 7 7 0 0 0 0 1 0 0 1
48 48 uniform 1 23 486 3 0.0001 3.0482895006031603 0.0017693947367792857 0.00093303792937921015 -2.7156278670123006 0.0066309393988940035 -2.715441259426425 0 2.7208253602253558 23.016980460766732 OK 14 13 0.62238599999999999 0.49297000000000002 0.18576000000000001 0.42814099999999999 0.280138 0 0.194245 0.21283200000000002 0.18576000000000001 0.011065999999999999 0.011277000000000001 0.010416 0.15434100000000003 0.17347399999999993 0.14802299999999993 0.0050210000000000003 0.0048150000000000007 0.0046559999999999995 0.0011720000000000001 0.0011660000000000002 0.0011020000000000001 23.016980774499192 23.016980774499192 23.016980774499192 0.0012633661722956902 0.0012633661722956902 0.0012633661722956902 1 1 1 Converged Converged Converged OK OK OK 105 105 105 105 105 105 7 7 7 0 0 0 0 1 0 0 1
48 48 uniform 2 0 487 0 0.001 3.0482895006031603 0.0017693947367792857 0.00093303792937921015 -2.7153859213388389 -0.0056372597747981236 -2.7155725289247146 0 2.7209566297236454 18.808426056271205 OK 14 13 0.54594399999999998 0.53797300000000003 0.17366400000000001 0.367807 0.36313200000000001 0 0.17813699999999999 0.17484100000000002 0.17366400000000001 0.012088 0.012259000000000001 0.011750999999999999 0.12983999999999998 0.12691099999999997 0.12661 0.0046709999999999998 0.004548 0.0048149999999999998 0.0011360000000000001 0.001108 0.001093 18.808432538848447 18.808432538848447 18.808432538848447 0.011952810352586477 0.011952810352586477 0.011952810352586477 1 1 1 Converged Converged Converged OK OK OK 105 105 105 105 105 105 7 7 7 0 0 0 0 0 1 0 0
48 48 uniform 2 7 487 1 0.001 3.0482895006031603 0.0017693947367792857 0.00093303792937921015 -2.7153859213388389 -0.0056372597747981236 -2.7154589416985293 0 2.7208430424974601 18.138779170350368 OK 16 15 0.852881 0.74659299999999995 0.15968199999999999 0.69101000000000001 0.56702200000000003 0 0.16187099999999999 0.17957099999999993 0.15968199999999999 0.017593999999999999 0.017139000000000001 0.016882999999999999 0.11950599999999997 0.13811400000000004 0.11869400000000001 0.00398 0.0038790000000000005 0.0039479999999999993 0.00078699999999999994 0.00078499999999999989 0.00081299999999999992 18.138772272619018 18.138772272619018 18.138772272619018 0.016246104796254511 0.016246104796254511 0.016246104796254511 1 1 1 Converged Converged Converged OK OK OK 80 80 80 80 80 80 8 8 8 0 0 0 0 1 0 0 1
48 48 uniform 2 15 487 2 0.001 3.0482895006031603 0.0017693947367792857 0.00093303792937921015 -2.7153859213388389 -0.0056372597747981236 -2.7153291277257461 0 2.7207132285246769 18.688806437810037 OK 14 13 0.58406400000000003 0.46475699999999998 0.15987100000000001 0.42524099999999998 0.28609899999999999 0 0.15882300000000005 0.17865799999999998 0.15987100000000001 0.011364000000000001 0.01546 0.010415000000000001 0.12099299999999999 0.13696000000000003 0.12323300000000002 0.0046099999999999995 0.0046299999999999996 0.0046249999999999998 0.0011130000000000001 0.0010870000000000001 0.001111 18.68885296092618 18.68885296092618 18.68885296092618 0.014969300217180457 0.014969300217180457 0.014969300217180457 1 1 1 Converged Converged Converged OK OK OK 105 105 105 105 105 105 7 7 7 0 0 0 0 1 0 0 1
48 48 uniform 2 23 487 3 0.001 3.0482895006031603 0.0017693947367792857 0.00093303792937921015 -2.7153859213388389 -0.0056372597747981236 -2.7151993137529633 0 2.7205834145518941 18.77565533934801 OK 14 13 0.52337400000000001 0.39992299999999997 0.150669 0.37192199999999997 0.23419000000000001 0 0.15145200000000003 0.16573299999999996 0.150669 0.011237 0.011283 0.01042 0.114033 0.12810199999999999 0.114481 0.0045620000000000001 0.0048919999999999996 0.0046609999999999993 0.0011130000000000001 0.0011689999999999999 0.0011250000000000001 18.77565325744343 18.77565325744343 18.77565325744343 0.0056854042146425093 0.0056854042146425093 0.0056854042146425093 1 1 1 Converged Converged Converged OK OK OK 105 105 105 105 105 105 7 7 7 0 0 0 0 1 0 0 1
48 48 uniform 2 0 487 0 0.0001 3.0482895006031603 0.0017693947367792857 0.00093303792937921015 -2.7153859213388389 -0.0056372597747981236 -2.7155725289247146 0 2.7209566297236454 18.808426056271205 OK 14 13 0.64040799999999998 0.63748099999999996 0.26972299999999999 0.37005399999999999 0.36606699999999998 0 0.27035399999999998 0.27141399999999999 0.26972299999999999 0.012269 0.012409999999999999 0.011828 0.19708800000000004 0.19621300000000003 0.19635099999999997 0.0086749999999999987 0.0097360000000000016 0.0096579999999999999 0.0017750000000000001 0.0017409999999999999 0.0017920000000000002 18.808425890446568 18.808425890446568 18.808425890446568 0.0011692587680407558 0.0011692587680407558 0.0011692587680407558 1 1 1 Converged Converged Converged OK OK OK 169 169 169 169 169 169 7 7 7 0 0 0 0 0 1 0 0
48 48 uniform 2 7 487 1 0.0001 3.0482895006031603 0.0017693947367792857 0.00093303792937921015 -2.7153859213388389 -0.0056372597747981236 -2.7154589416985293 0 2.7208430424974601 18.138779170350368 OK 16 15 0.97155400000000003 0.85981600000000002 0.25091599999999997 0.69811199999999995 0.564056 0 0.27344200000000007 0.29576000000000002 0.25091599999999997 0.018707999999999999 0.017819999999999999 0.017274000000000001 0.20145900000000011 0.2325060000000001 0.18862299999999993 0.0081670000000000006 0.0079670000000000019 0.0081239999999999993 0.0019110000000000002 0.0017900000000000001 0.0017529999999999998 18.138778799661374 18.138778799661374 18.138778799661374 0.001617591365330486 0.001617591365330486 0.001617591365330486 1 1 1 Converged Converged Converged OK OK OK 144 144 144 144 144 144 8 8 8 0 0 0 0 1 0 0 1
48 48 uniform 2 15 487 2 0.0001 3.0482895006031603 0.0017693947367792857 0.00093303792937921015 -2.7153859213388389 -0.0056372597747981236 -2.7153291277257461 0 2.7207132285246769 18.688806437810037 OK 14 13 0.68505799999999994 0.567913 0.24274000000000001 0.432722 0.289657 0 0.25233599999999995 0.278256 0.24274000000000001 0.012832 0.011617000000000001 0.010784 0.19484400000000004 0.22166499999999986 0.18892199999999992 0.0098799999999999999 0.010323000000000001 0.0091779999999999987 0.0018410000000000002 0.0018759999999999996 0.0018099999999999998 18.688805922907047 18.688805922907047 18.688805922907047 0.001086158548567321 0.001086158548567321 0.001086158548567321 1 1 1 Converged Converged Converged OK OK OK 169 169 169 169 169 169 7 7 7 0 0 0 0 1 0 0 1
48 48 uniform 2 23 487 3 0.0001 3.0482895006031603 0.0017693947367792857 0.00093303792937921015 -2.7153859213388389 -0.0056372597747981236 -2.7151993137529633 0 2.7205834145518941 18.77565533934801 OK 14 13 0.57466600000000001 0.46515499999999999 0.19858600000000001 0.37241299999999999 0.23819599999999999 0 0.20225300000000002 0.22695899999999999 0.19858600000000001 0.01132 0.011629 0.01061 0.15421100000000007 0.17852099999999993 0.15273899999999993 0.0068339999999999989 0.00711 0.0065359999999999993 0.0016330000000000001 0.0016660000000000002 0.0016240000000000002 18.775656392052273 18.775656392052273 18.775656392052273 0.0016835507390113324 0.0016835507390113324 0.0016835507390113324 1 1 1 Converged Converged Converged OK OK OK 137 137 137 137 137 137 7 7 7 0 0 0 0 1 0 0 1
48 48 uniform 3 0 488 0 0.001 3.0482895006031603 0.0017693947367792857 0.00093303792937921015 0.0039350678219306004 0.001312247871047146 0.0037484602360547585 0 0.0016356405628761127 562.36029823431124 OK 13 12 0.58731500000000003 0.58491199999999999 0.100564 0.48602899999999999 0.48350399999999999 0 0.10128600000000004 0.101408 0.100564 0.0080180000000000008 0.0080289999999999997 0.0077869999999999997 0.074984999999999996 0.075202999999999992 0.074934999999999988 0.0025700000000000002 0.0026910000000000002 0.0025920000000000001 0.00065900000000000008 0.00067899999999999992 0.00064199999999999999 562.36160192750253 562.36160192750253 562.36160192750253 0.35842756852572982 0.35842756852572982 0.35842756852572982 1 1 1 Converged Converged Converged OK OK OK 60 60 60 60 60 60 4 4 4 0 0 0 0 0 1 0 0
48 48 uniform 3 7 488 1 0.001 3.0482895006031603 0.0017693947367792857 0.00093303792937921015 0.0039350678219306004 0.001312247871047146 0.0038620474622400535 0 0.0015220533366908178 588.44411552732936 OK 13 12 0.63012400000000002 0.59127700000000005 0.096143000000000006 0.53204899999999999 0.378276 0 0.098075000000000023 0.21300100000000005 0.096143000000000006 0.0088120000000000004 0.0087519999999999994 0.0085159999999999993 0.073596999999999996 0.18826999999999999 0.072415999999999994 0.002513 0.002653 0.0026290000000000003 0.00071999999999999994 0.00065000000000000008 0.0006820000000000001 588.4442307096067 588.4442307096067 588.4442307096067 0.14396589567339263 0.14396589567339263 0.14396589567339263 1 1 1 Converged Converged Converged OK OK OK 60 60 60 60 60 60 4 4 4 0 0 0 0 1 0 0 1
48 48 uniform 3 15 488 2 0.001 3.0482895006031603 0.0017693947367792857 0.00093303792937921015 0.0039350678219306004 0.001312247871047146 0.0039918614350232477 0 0.0013922393639076236 621.64676174042484 OK 13 12 0.66844999999999999 0.66522499999999996 0.13205800000000001 0.53435200000000005 0.38527 0 0.13409799999999994 0.27995499999999995 0.13205800000000001 0.0092200000000000008 0.009384 0.008685 0.10356599999999998 0.24865999999999999 0.10282500000000001 0.0034600000000000004 0.003539 0.0033570000000000002 0.00093499999999999996 0.0010519999999999998 0.00086200000000000003 621.64675363859578 621.64675363859578 621.64675363859578 0.075568892158403816 0.075568892158403816 0.075568892158403816 1 1 1 Converged Converged Converged OK OK OK 75 75 75 75 75 75 5 5 5 0 0 0 0 1 0 0 1
48 48 uniform 3 23 488 3 0.001 3.0482895006031603 0.0017693947367792857 0.00093303792937921015 0.0039350678219306004 0.001312247871047146 0.0041216754078064423 0 0.001262425391124429 659.33362987141652 OK 13 12 0.63575199999999998 0.61077499999999996 0.10635799999999999 0.52763800000000005 0.38204900000000003 0 0.10811399999999993 0.22872599999999993 0.10635799999999999 0.0075110000000000003 0.0076620000000000004 0.0069699999999999996 0.085053000000000004 0.20462800000000003 0.084220999999999976 0.0026250000000000002 0.0030839999999999999 0.0025689999999999997 0.00070899999999999999 0.00074399999999999998 0.00069500000000000009 659.33286961467343 659.33286961467343 659.33286961467343 0.41225381952902668 0.41225381952902668 0.41225381952902668 1 1 1 Converged Converged Converged OK OK OK 59 59 59 59 59 59 5 5 5 0 0 0 0 1 0 0 1
48 48 uniform 3 0 488 0 0.0001 3.0482895006031603 0.0017693947367792857 0.00093303792937921015 0.0039350678219306004 0.001312247871047146 0.0037484602360547585 0 0.0016356405628761127 562.36029823431124 OK 13 12 0.59808300000000003 0.60499800000000004 0.117478 0.48033799999999999 0.48719699999999999 0 0.11774500000000004 0.11780100000000004 0.117478 0.0078919999999999997 0.0077799999999999996 0.0077539999999999996 0.08757899999999999 0.087948000000000026 0.087764999999999996 0.00329 0.0032879999999999997 0.0033010000000000001 0.00084199999999999998 0.00081799999999999993 0.00083299999999999997 562.36029985261052 562.36029985261052 562.36029985261052 0.011220997629790407 0.011220997629790407 0.011220997629790407 1 1 1 Converged Converged Converged OK OK OK 76 76 76 76 76 76 4 4 4 0 0 0 0 0 1 0 0
48 48 uniform 3 7 488 1 0.0001 3.0482895006031603 0.0017693947367792857 0.00093303792937921015 0.0039350678219306004 0.001312247871047146 0.0038620474622400535 0 0.0015220533366908178 588.44411552732936 OK 13 12 0.64565399999999995 0.65831300000000004 0.112154 0.53264400000000001 0.38215500000000002 0 0.11300999999999994 0.27615800000000001 0.112154 0.0086669999999999994 0.010067 0.0084779999999999994 0.085408999999999999 0.2468499999999999 0.085306000000000007 0.003215 0.0033340000000000002 0.0034209999999999996 0.000745 0.00073399999999999995 0.00080199999999999998 588.44411749452127 588.44411749452127 588.44411749452127 0.023861826864007646 0.023861826864007646 0.023861826864007646 1 1 1 Converged Converged Converged OK OK OK 76 76 76 76 76 76 4 4 4 0 0 0 0 1 0 0 1
48 48 uniform 3 15 488 2 0.0001 3.0482895006031603 0.0017693947367792857 0.00093303792937921015 0.0039350678219306004 0.001312247871047146 0.0039918614350232477 0 0.0013922393639076236 621.64676174042484 OK 13 12 0.68650699999999998 0.72525300000000004 0.148586 0.53495800000000004 0.38259100000000001 0 0.15154899999999993 0.34266200000000002 0.148586 0.0093380000000000008 0.0094289999999999999 0.0085679999999999992 0.11691199999999997 0.30749899999999986 0.11598099999999997 0.0044070000000000003 0.0043750000000000004 0.0040420000000000005 0.0010859999999999999 0.0010429999999999999 0.00098600000000000011 621.64674123170232 621.64674123170232 621.64674123170232 0.030772241363146456 0.030772241363146456 0.030772241363146456 1 1 1 Converged Converged Converged OK OK OK 91 91 91 91 91 91 5 5 5 0 0 0 0 1 0 0 1
48 48 uniform 3 23 488 3 0.0001 3.0482895006031603 0.0017693947367792857 0.00093303792937921015 0.0039350678219306004 0.001312247871047146 0.0041216754078064423 0 0.001262425391124429 659.33362987141652 OK 13 12 0.64791900000000002 0.67602099999999998 0.123638 0.522374 0.38429200000000002 0 0.12554500000000002 0.29172899999999996 0.123638 0.0075830000000000003 0.0075799999999999999 0.0070029999999999997 0.097481999999999985 0.26273599999999997 0.096772000000000011 0.0033610000000000003 0.0037509999999999991 0.0034479999999999997 0.00083700000000000007 0.00087699999999999996 0.00082300000000000006 659.33355672751043 659.33355672751043 659.33355672751043 0.033348832302167029 0.033348832302167029 0.033348832302167029 1 1 1 Converged Converged Converged OK OK OK 75 75 75 75 75 75 5 5 5 0 0 0 0 1 0 0 1
48 48 uniform 4 0 489 0 0.001 3.0482895006031603 0.0017693947367792857 0.00093303792937921015 -2.706617164621989 0.0018000127124048345 -2.7068037722078646 0 2.7121878730067954 4.3324004921574417 OK 13 12 0.58262800000000003 0.58570800000000001 0.082073999999999994 0.49979499999999999 0.49460399999999999 0 0.082833000000000045 0.091104000000000018 0.082073999999999994 0.0089040000000000005 0.0090349999999999996 0.0087489999999999998 0.060791000000000012 0.069462999999999997 0.060617999999999991 0.0018160000000000001 0.0018119999999999998 0.0017229999999999999 0.00043199999999999998 0.00043899999999999999 0.00045899999999999999 4.3323983006348925 4.3323983006348925 4.3323983006348925 0.0030401488811135006 0.0030401488811135006 0.0030401488811135006 1 1 1 Converged Converged Converged OK OK OK 37 37 37 37 37 37 3 3 3 0 0 0 0 0 1 0 0
48 48 uniform 4 7 489 1 0.001 3.0482895006031603 0.0017693947367792857 0.00093303792937921015 -2.706617164621989 0.0018000127124048345 -2.7066901849816793 0 2.7120742857806102 4.3600167119474991 OK 13 12 0.50809199999999999 0.36976599999999998 0.078935000000000005 0.42757499999999998 0.28270400000000001 0 0.080517000000000005 0.087061999999999973 0.078935000000000005 0.0082290000000000002 0.0082019999999999992 0.0077749999999999998 0.060621000000000008 0.067444999999999991 0.06024800000000001 0.0018089999999999998 0.0017600000000000001 0.0017070000000000002 0.00043000000000000004 0.00046999999999999999 0.00043100000000000001 4.3600145142102313 4.3600145142102313 4.3600145142102313 0.0030595187624959277 0.0030595187624959277 0.0030595187624959277 1 1 1 Converged Converged Converged OK OK OK 37 37 37 37 37 37 3 3 3 0 0 0 0 1 0 0 1
48 48 uniform 4 15 489 2 0.001 3.0482895006031603 0.0017693947367792857 0.00093303792937921015 -2.706617164621989 0.0018000127124048345 -2.7065603710088961 0 2.7119444718078269 4.3922166800163263 OK 13 12 0.50476200000000004 0.37220300000000001 0.078420000000000004 0.42482999999999999 0.28246399999999999 0 0.079932000000000059 0.089739000000000013 0.078420000000000004 0.0082070000000000008 0.0082760000000000004 0.0076649999999999999 0.060234999999999997 0.070165999999999992 0.059841000000000005 0.0017809999999999998 0.0017780000000000001 0.0017179999999999999 0.000426 0.00044200000000000006 0.000417 4.3922144788449593 4.3922144788449593 4.3922144788449593 0.0030826535226614513 0.0030826535226614513 0.0030826535226614513 1 1 1 Converged Converged Converged OK OK OK 37 37 37 37 37 37 3 3 3 0 0 0 0 1 0 0 1
48 48 uniform 4 23 489 3 0.001 3.0482895006031603 0.0017693947367792857 0.00093303792937921015 -2.706617164621989 0.0018000127124048345 -2.7064305570361133 0 2.7118146578350442 4.4250238773635964 OK 13 12 0.60753900000000005 0.47066599999999997 0.078441999999999998 0.52721600000000002 0.381382 0 0.080323000000000033 0.089283999999999974 0.078441999999999998 0.0083070000000000001 0.0094140000000000005 0.007685 0.060618000000000012 0.06844900000000001 0.059829999999999987 0.0017690000000000002 0.0018039999999999998 0.001686 0.00043900000000000005 0.00046900000000000002 0.00042000000000000002 4.425021670272824 4.425021670272824 4.425021670272824 0.0031068905800385026 0.0031068905800385026 0.0031068905800385026 1 1 1 Converged Converged Converged OK OK OK 37 37 37 37 37 37 3 3 3 0 0 0 0 1 0 0 1
48 48 uniform 4 0 489 0 0.0001 3.0482895006031603 0.0017693947367792857 0.00093303792937921015 -2.706617164621989 0.0018000127124048345 -2.7068037722078646 0 2.7121878730067954 4.3324004921574417 OK 13 12 0.61388200000000004 0.61474300000000004 0.111869 0.50082099999999996 0.50178 0 0.11306100000000008 0.11296300000000004 0.111869 0.0090629999999999999 0.0090320000000000001 0.0086750000000000004 0.082300999999999999 0.082767000000000035 0.081950999999999996 0.0030989999999999998 0.0030250000000000003 0.0029979999999999998 0.0006739999999999999 0.00069699999999999992 0.000678 4.3324003861062295 4.3324003861062295 4.3324003861062295 0.00030985851069187143 0.00030985851069187143 0.00030985851069187143 1 1 1 Converged Converged Converged OK OK OK 61 61 61 61 61 61 3 3 3 0 0 0 0 0 1 0 0
48 48 uniform 4 7 489 1 0.0001 3.0482895006031603 0.0017693947367792857 0.00093303792937921015 -2.706617164621989 0.0018000127124048345 -2.7066901849816793 0 2.7120742857806102 4.3600167119474991 OK 13 12 0.53293999999999997 0.40539199999999997 0.107807 0.42369299999999999 0.28023900000000002 0 0.10924699999999998 0.12515299999999996 0.107807 0.0083529999999999993 0.0083499999999999998 0.0077250000000000001 0.082154000000000005 0.098120999999999972 0.081866999999999981 0.0030460000000000001 0.0029810000000000006 0.0029650000000000002 0.00065899999999999997 0.00069900000000000008 0.00065499999999999998 4.3600166005827434 4.3600166005827434 4.3600166005827434 0.00030734915193698703 0.00030734915193698703 0.00030734915193698703 1 1 1 Converged Converged Converged OK OK OK 61 61 61 61 61 61 3 3 3 0 0 0 0 1 0 0 1
48 48 uniform 4 15 489 2 0.0001 3.0482895006031603 0.0017693947367792857 0.00093303792937921015 -2.706617164621989 0.0018000127124048345 -2.7065603710088961 0 2.7119444718078269 4.3922166800163263 OK 13 12 0.53841099999999997 0.41912700000000003 0.107864 0.42876700000000001 0.28956199999999999 0 0.10964399999999996 0.12956500000000004 0.107864 0.0081939999999999999 0.0082039999999999995 0.0077580000000000001 0.082531999999999966 0.10295099999999997 0.082041000000000017 0.0030800000000000003 0.0029940000000000001 0.0029140000000000004 0.00069000000000000008 0.00067999999999999994 0.00064999999999999997 4.392216566325633 4.392216566325633 4.392216566325633 0.00030451306100452003 0.00030451306100452003 0.00030451306100452003 1 1 1 Converged Converged Converged OK OK OK 61 61 61 61 61 61 3 3 3 0 0 0 0 1 0 0 1
48 48 uniform 4 23 489 3 0.0001 3.0482895006031603 0.0017693947367792857 0.00093303792937921015 -2.706617164621989 0.0018000127124048345 -2.7064305570361133 0 2.7118146578350442 4.4250238773635964 OK 13 12 0.63855300000000004 0.51861699999999999 0.107969 0.52806299999999995 0.38769100000000001 0 0.11049000000000009 0.13092599999999999 0.107969 0.0083490000000000005 0.0082749999999999994 0.0076369999999999997 0.083296000000000009 0.103781 0.082194000000000003 0.00299 0.003107 0.0029139999999999999 0.00068500000000000006 0.00065799999999999995 0.00065600000000000001 4.4250237589576997 4.4250237589576997 4.4250237589576997 0.00030171054696355416 0.00030171054696355416 0.00030171054696355416 1 1 1 Converged Converged Converged OK OK OK 61 61 61 61 61 61 3 3 3 0 0 0 0 1 0 0 1
49 49 linear 0 0 490 0 0.001 0.47185016883470127 0.0001084095167119894 0.64030113599253125 1.4376806439223948 0.015851961000304005 1.3096204167238885 0.5 -1.3095692692200009 1.212256124526939 OK 16 15 3.4138220000000001 3.4291749999999999 0.30642799999999998 3.050103 3.0715490000000001 0 0.36371900000000013 0.35762599999999978 0.30642799999999998 0.016376000000000002 0.016240999999999998 0.013318 0.29979699999999998 0.29333099999999984 0.25400200000000006 0.0074850000000000003 0.0078869999999999999 0.0056159999999999995 0.0014140000000000001 0.001423 0.00094900000000000008 1.2122345220975783 1.2122345220975783 1.2122345220975783 0.00043981600821994414 0.00043981600821994414 0.00043981600821994414 1 1 1 Converged Converged Converged OK OK OK 109 109 109 109 109 109 11 11 11 0 0 0 0 0 1 0 0
49 49 linear 0 7 490 1 0.001 0.47185016883470127 0.0001084095167119894 0.64030113599253125 1.4376806439223948 0.015851961000304005 1.3875701202360229 0.5 -1.3875189727321353 1.1832042926490423 OK 16 15 4.2068130000000004 0.73875199999999996 0.29552400000000001 3.8256030000000001 0.41067700000000001 0 0.38121000000000027 0.32807499999999995 0.29552400000000001 0.014829 0.014626 0.011794000000000001 0.32009699999999991 0.28184599999999993 0.25681800000000016 0.0088939999999999991 0.0065489999999999993 0.0049849999999999998 0.0013349999999999998 0.0010249999999999999 0.000919 1.1831860450971357 1.1831860450971357 1.1831860450971357 0.00039766160575710989 0.00039766160575710989 0.00039766160575710989 1 1 1 Converged Converged Converged OK OK OK 109 109 109 109 109 109 11 11 11 0 0 0 0 1 0 0 1
49 49 linear 0 15 490 2 0.001 0.47185016883470127 0.0001084095167119894 0.64030113599253125 1.4376806439223948 0.015851961000304005 1.4766554956784619 0.5 -1.4766043481745743 1.1557343286484161 OK 16 15 14.940951 0.70621800000000001 0.29390699999999997 14.57081 0.40161400000000003 0 0.37014100000000028 0.30460399999999999 0.29390699999999997 0.014933999999999999 0.012893999999999999 0.011464999999999999 0.31801200000000024 0.26285999999999993 0.25600600000000007 0.0076749999999999995 0.005692 0.0048240000000000002 0.0013219999999999998 0.001261 0.0010009999999999999 1.1557183259375716 1.1557183259375716 1.1557183259375716 0.00039136781658668721 0.00039136781658668721 0.00039136781658668721 1 1 1 Converged Converged Converged OK OK OK 109 109 109 109 109 109 11 11 11 0 0 0 0 1 0 0 1
49 49 linear 0 23 490 3 0.001 0.47185016883470127 0.0001084095167119894 0.64030113599253125 1.4376806439223948 0.015851961000304005 1.5657408711209011 0.5 -1.5656897236170135 1.1331190298487011 OK 16 15 15.196422 0.60345099999999996 0.28804200000000002 14.821982 0.30583199999999999 0 0.37443999999999988 0.29761899999999997 0.28804200000000002 0.014541999999999999 0.012749999999999999 0.011455999999999999 0.313195 0.25641300000000006 0.25014900000000001 0.0093559999999999997 0.0058619999999999992 0.004875 0.0013909999999999999 0.001052 0.00089300000000000002 1.1331040605012555 1.1331040605012555 1.1331040605012555 0.00041875487926394797 0.00041875487926394797 0.00041875487926394797 1 1 1 Converged Converged Converged OK OK OK 109 109 109 109 109 109 11 11 11 0 0 0 0 1 0 0 1
49 49 linear 0 0 490 0 0.0001 0.47185016883470127 0.0001084095167119894 0.64030113599253125 1.4376806439223948 0.015851961000304005 1.3096204167238885 0.5 -1.3095692692200009 1.212256124526939 OK 16 15 3.4661749999999998 3.468715 0.34627999999999998 3.0218120000000002 3.0677599999999998 0 0.44436299999999962 0.40095500000000017 0.34627999999999998 0.015949000000000001 0.016070999999999998 0.013721000000000001 0.3558010000000002 0.32713299999999984 0.28670899999999983 0.010567 0.010539000000000001 0.0070140000000000003 0.0026900000000000001 0.00189 0.001433 1.2122531494742681 1.2122531494742681 1.2122531494742681 9.6006228134609472e-05 9.6006228134609472e-05 9.6006228134609472e-05 1 1 1 Converged Converged Converged OK OK OK 125 125 125 125 125 125 11 11 11 0 0 0 0 0 1 0 0
49 49 linear 0 7 490 1 0.0001 0.47185016883470127 0.0001084095167119894 0.64030113599253125 1.4376806439223948 0.015851961000304005 1.3875701202360229 0.5 -1.3875189727321353 1.1832042926490423 OK 16 15 4.1955520000000002 0.77466400000000002 0.33608399999999999 3.778724 0.41311399999999998 0 0.4168280000000002 0.36155000000000004 0.33608399999999999 0.013363999999999999 0.0149 0.011644 0.35109700000000016 0.3124630000000001 0.29325200000000012 0.0095070000000000016 0.0076629999999999997 0.0062960000000000004 0.0026940000000000002 0.0014829999999999999 0.001341 1.1832017059491209 1.1832017059491209 1.1832017059491209 7.2751800364800553e-05 7.2751800364800553e-05 7.2751800364800553e-05 1 1 1 Converged Converged Converged OK OK OK 125 125 125 125 125 125 11 11 11 0 0 0 0 1 0 0 1
49 49 linear 0 15 490 2 0.0001 0.47185016883470127 0.0001084095167119894 0.64030113599253125 1.4376806439223948 0.015851961000304005 1.4766554956784619 0.5 -1.4766043481745743 1.1557343286484161 OK 16 15 15.006677 0.73998699999999995 0.32800699999999999 14.583569000000001 0.401835 0 0.42310799999999915 0.33815199999999995 0.32800699999999999 0.014763999999999999 0.012795000000000001 0.011526 0.35719500000000015 0.29266500000000006 0.28630199999999995 0.010731000000000001 0.0068219999999999999 0.0057250000000000001 0.0027209999999999999 0.0018140000000000001 0.0013629999999999998 1.155732030626941 1.155732030626941 1.155732030626941 5.5775858751872503e-05 5.5775858751872503e-05 5.5775858751872503e-05 1 1 1 Converged Converged Converged OK OK OK 125 125 125 125 125 125 11 11 11 0 0 0 0 1 0 0 1
49 49 linear 0 23 490 3 0.0001 0.47185016883470127 0.0001084095167119894 0.64030113599253125 1.4376806439223948 0.015851961000304005 1.5657408711209011 0.5 -1.5656897236170135 1.1331190298487011 OK 16 15 15.220227 0.64448300000000003 0.32725199999999999 14.827650999999999 0.30815300000000001 0 0.39257600000000004 0.33633000000000002 0.32725199999999999 0.014881999999999999 0.012728 0.011381 0.33719799999999978 0.29143400000000019 0.28583499999999989 0.0092720000000000007 0.0066750000000000004 0.0055370000000000003 0.0017190000000000003 0.0015259999999999998 0.0012080000000000001 1.1331168994499934 1.1331168994499934 1.1331168994499934 4.597100092383208e-05 4.597100092383208e-05 4.597100092383208e-05 1 1 1 Converged Converged Converged OK OK OK 125 125 125 125 125 125 11 11 11 0 0 0 0 1 0 0 1
49 49 linear 1 0 491 0 0.001 0.47185016883470127 0.0001084095167119894 0.64030113599253125 0.11534506448524981 0.30367111943384689 -0.012715162713256456 0.5 0.01276631021714412 3.2441542536111765 OK 14 13 12.708238 12.762148 0.25687100000000002 12.360085 12.418445 0 0.34815299999999993 0.34370299999999965 0.25687100000000002 0.012211 0.011025999999999999 0.010730999999999999 0.28795199999999987 0.28911000000000003 0.22148499999999999 0.0081300000000000001 0.0098840000000000004 0.0040389999999999992 0.001109 0.001315 0.00091600000000000004 3.2441953507256511 3.2441953507256511 3.2441953507256511 0.0026375807356205524 0.0026375807356205524 0.0026375807356205524 1 1 1 Converged Converged Converged OK OK OK 80 80 80 80 80 80 8 8 8 0 0 0 0 0 1 0 0
49 49 linear 1 7 491 1 0.001 0.47185016883470127 0.0001084095167119894 0.64030113599253125 0.11534506448524981 0.30367111943384689 0.065234540798877805 0.5 -0.065183393294990136 3.2327374239279405 OK 13 12 12.248397000000001 0.48081499999999999 0.25126700000000002 11.895832 0.17707100000000001 0 0.35256500000000024 0.30374400000000001 0.25126700000000002 0.011243 0.010137999999999999 0.0089320000000000007 0.30073599999999995 0.26675299999999996 0.22488200000000005 0.0090919999999999994 0.0058580000000000004 0.0037580000000000001 0.0011200000000000001 0.0010300000000000001 0.00087900000000000001 3.2327552814554874 3.2327552814554874 3.2327552814554874 0.001444919428895551 0.001444919428895551 0.001444919428895551 1 1 1 Converged Converged Converged OK OK OK 80 80 80 80 80 80 8 8 8 0 0 0 0 1 0 0 1
49 49 linear 1 15 491 2 0.001 0.47185016883470127 0.0001084095167119894 0.64030113599253125 0.11534506448524981 0.30367111943384689 0.15431991624131694 0.5 -0.15426876873742928 3.1778426258569996 OK 13 12 12.014017000000001 0.47464200000000001 0.27697699999999997 11.673107 0.177566 0 0.34091000000000093 0.29707600000000001 0.27697699999999997 0.011645000000000001 0.010832 0.0083689999999999997 0.30034400000000022 0.26415699999999998 0.24914199999999992 0.0059970000000000006 0.0047130000000000002 0.0039009999999999995 0.0014009999999999999 0.001065 0.00097800000000000014 3.1778403480506805 3.1778403480506805 3.1778403480506805 0.0018198246853472523 0.0018198246853472523 0.0018198246853472523 1 1 1 Converged Converged Converged OK OK OK 88 88 88 88 88 88 8 8 8 0 0 0 0 1 0 0 1
49 49 linear 1 23 491 3 0.001 0.47185016883470127 0.0001084095167119894 0.64030113599253125 0.11534506448524981 0.30367111943384689 0.24340529168375608 0.5 -0.24335414417986842 3.0766477936138044 OK 13 12 12.33005 0.43557800000000002 0.26965800000000001 11.969681 0.15784999999999999 0 0.36036900000000038 0.27772800000000003 0.26965800000000001 0.011454000000000001 0.0094859999999999996 0.0085249999999999996 0.30742700000000012 0.24769799999999992 0.24272899999999997 0.010194 0.0050399999999999993 0.0040670000000000003 0.001121 0.00090000000000000008 0.000861 3.0766829248888157 3.0766829248888157 3.0766829248888157 0.0025247385687604258 0.0025247385687604258 0.0025247385687604258 1 1 1 Converged Converged Converged OK OK OK 88 88 88 88 88 88 8 8 8 0 0 0 0 1 0 0 1
49 49 linear 1 0 491 0 0.0001 0.47185016883470127 0.0001084095167119894 0.64030113599253125 0.11534506448524981 0.30367111943384689 -0.012715162713256456 0.5 0.01276631021714412 3.2441542536111765 OK 14 13 12.879519 12.923081 0.36875000000000002 12.41086 12.416944000000001 0 0.4686590000000006 0.50613699999999895 0.36875000000000002 0.012775 0.011173000000000001 0.010652 0.40126800000000024 0.42580499999999982 0.32015700000000002 0.010772 0.012904000000000001 0.0064550000000000007 0.0016000000000000001 0.0029189999999999997 0.0014780000000000001 3.2441637103148517 3.2441637103148517 3.2441637103148517 8.7177367324269359e-05 8.7177367324269359e-05 8.7177367324269359e-05 1 1 1 Converged Converged Converged OK OK OK 120 120 120 120 120 120 8 8 8 0 0 0 0 0 1 0 0
49 49 linear 1 7 491 1 0.0001 0.47185016883470127 0.0001084095167119894 0.64030113599253125 0.11534506448524981 0.30367111943384689 0.065234540798877805 0.5 -0.065183393294990136 3.2327374239279405 OK 13 12 12.367628 0.52239000000000002 0.328849 11.952375 0.17819099999999999 0 0.41525299999999987 0.34419900000000003 0.328849 0.011294999999999999 0.011523 0.0090930000000000004 0.36525499999999994 0.30574299999999993 0.29497699999999999 0.009667000000000002 0.0064409999999999988 0.0056850000000000008 0.0016859999999999998 0.0014369999999999999 0.0013489999999999999 3.2327527190303997 3.2327527190303997 3.2327527190303997 0.00011015000218033193 0.00011015000218033193 0.00011015000218033193 1 1 1 Converged Converged Converged OK OK OK 112 112 112 112 112 112 8 8 8 0 0 0 0 1 0 0 1
49 49 linear 1 15 491 2 0.0001 0.47185016883470127 0.0001084095167119894 0.64030113599253125 0.11534506448524981 0.30367111943384689 0.15431991624131694 0.5 -0.15426876873742928 3.1778426258569996 OK 13 12 12.179798999999999 0.51861599999999997 0.34077600000000002 11.699323 0.16727900000000001 0 0.48047599999999946 0.35133699999999995 0.34077600000000002 0.011655 0.012444999999999999 0.0083739999999999995 0.41985699999999992 0.31298399999999982 0.30895100000000009 0.009471000000000002 0.0060739999999999995 0.0050680000000000005 0.0015629999999999999 0.0013659999999999998 0.001279 3.1778529268939275 3.1778529268939275 3.1778529268939275 8.0650621527853905e-05 8.0650621527853905e-05 8.0650621527853905e-05 1 1 1 Converged Converged Converged OK OK OK 112 112 112 112 112 112 8 8 8 0 0 0 0 1 0 0 1
49 49 linear 1 23 491 3 0.0001 0.47185016883470127 0.0001084095167119894 0.64030113599253125 0.11534506448524981 0.30367111943384689 0.24340529168375608 0.5 -0.24335414417986842 3.0766477936138044 OK 13 12 12.467962999999999 0.50763800000000003 0.339779 12.00081 0.158913 0 0.46715299999999971 0.34872500000000006 0.339779 0.011518 0.0093799999999999994 0.008574 0.399393 0.31382200000000005 0.30814399999999992 0.013836999999999999 0.0057719999999999994 0.0048469999999999989 0.0016229999999999999 0.0013619999999999999 0.001266 3.0766681970023932 3.0766681970023932 3.0766681970023932 0.00016847447372998826 0.00016847447372998826 0.00016847447372998826 1 1 1 Converged Converged Converged OK OK OK 112 112 112 112 112 112 8 8 8 0 0 0 0 1 0 0 1
49 49 linear 2 0 492 0 0.001 0.47185016883470127 0.0001084095167119894 0.64030113599253125 1.6539825113432065 0.55595871448727585 1.5259222841447002 0.5 -1.5258711366408126 1.1204926143468359 OK 13 12 0.70815399999999995 0.702874 0.21309600000000001 0.49261500000000003 0.48663200000000001 0 0.21553899999999993 0.21624199999999999 0.21309600000000001 0.010761 0.010770999999999999 0.010149999999999999 0.17582200000000006 0.175535 0.17568700000000004 0.0043820000000000005 0.0050439999999999999 0.0040140000000000002 0.00095200000000000005 0.00099200000000000004 0.00087200000000000005 1.1204919580225077 1.1204919580225077 1.1204919580225077 2.1769898190270452e-05 2.1769898190270452e-05 2.1769898190270452e-05 1 1 1 Converged Converged Converged OK OK OK 88 88 88 88 88 88 8 8 8 0 0 0 0 0 1 0 0
49 49 linear 2 7 492 1 0.001 0.47185016883470127 0.0001084095167119894 0.64030113599253125 1.6539825113432065 0.55595871448727585 1.6038719876568346 0.5 -1.603820840152947 1.1065479119035988 OK 12 11 0.63214000000000004 0.337698 0.172316 0.44617099999999998 0.15516199999999999 0 0.18596900000000005 0.182536 0.172316 0.0094199999999999996 0.0091870000000000007 0.0084150000000000006 0.15403399999999998 0.15223200000000001 0.14473199999999994 0.0048500000000000001 0.0041710000000000002 0.003532 0.000901 0.00084699999999999999 0.00078899999999999999 1.1065472455512608 1.1065472455512608 1.1065472455512608 4.4137882696489125e-05 4.4137882696489125e-05 4.4137882696489125e-05 1 1 1 Converged Converged Converged OK OK OK 81 81 81 81 81 81 7 7 7 0 0 0 0 1 0 0 1
49 49 linear 2 15 492 2 0.001 0.47185016883470127 0.0001084095167119894 0.64030113599253125 1.6539825113432065 0.55595871448727585 1.6929573630992736 0.5 -1.692906215595386 1.0928503132490937 OK 12 11 0.55730299999999999 0.32730999999999999 0.17066999999999999 0.379382 0.14799699999999999 0 0.177921 0.179313 0.17066999999999999 0.0090130000000000002 0.008796 0.0080499999999999999 0.14786300000000005 0.14960599999999999 0.14378000000000002 0.0043350000000000003 0.004444 0.0035720000000000001 0.00081399999999999994 0.00080800000000000012 0.0007229999999999999 1.0928496771500433 1.0928496771500433 1.0928496771500433 1.7097733209367142e-05 1.7097733209367142e-05 1.7097733209367142e-05 1 1 1 Converged Converged Converged OK OK OK 81 81 81 81 81 81 7 7 7 0 0 0 0 1 0 0 1
49 49 linear 2 23 492 3 0.001 0.47185016883470127 0.0001084095167119894 0.64030113599253125 1.6539825113432065 0.55595871448727585 1.7820427385417128 0.5 -1.7819915910378252 1.0811626752865007 OK 12 11 0.58108199999999999 0.324268 0.16786999999999999 0.40267599999999998 0.149759 0 0.17840600000000001 0.174509 0.16786999999999999 0.0088450000000000004 0.0088500000000000002 0.0081370000000000001 0.14895099999999989 0.14559900000000001 0.14076699999999995 0.004071 0.0040280000000000003 0.0036420000000000003 0.00082899999999999988 0.00085099999999999998 0.00081500000000000008 1.0811620929113552 1.0811620929113552 1.0811620929113552 8.5484158592255143e-06 8.5484158592255143e-06 8.5484158592255143e-06 1 1 1 Converged Converged Converged OK OK OK 81 81 81 81 81 81 7 7 7 0 0 0 0 1 0 0 1
49 49 linear 2 0 492 0 0.0001 0.47185016883470127 0.0001084095167119894 0.64030113599253125 1.6539825113432065 0.55595871448727585 1.5259222841447002 0.5 -1.5258711366408126 1.1204926143468359 OK 13 12 0.71092200000000005 0.70489299999999999 0.21564700000000001 0.49432100000000001 0.48804700000000001 0 0.21660100000000004 0.21684599999999998 0.21564700000000001 0.010548999999999999 0.010539 0.010375000000000001 0.177284 0.17651200000000003 0.17424299999999995 0.0041330000000000004 0.005169 0.0042760000000000003 0.000977 0.00092399999999999991 0.00089400000000000005 1.1204919580468315 1.1204919580468315 1.1204919580468315 2.1769650827691471e-05 2.1769650827691471e-05 2.1769650827691471e-05 1 1 1 Converged Converged Converged OK OK OK 88 88 88 88 88 88 8 8 8 0 0 0 0 0 1 0 0
49 49 linear 2 7 492 1 0.0001 0.47185016883470127 0.0001084095167119894 0.64030113599253125 1.6539825113432065 0.55595871448727585 1.6038719876568346 0.5 -1.603820840152947 1.1065479119035988 OK 12 11 0.62427600000000005 0.33712900000000001 0.17796600000000001 0.44388499999999997 0.14973400000000001 0 0.18039100000000008 0.18739500000000001 0.17796600000000001 0.0092200000000000008 0.0091690000000000001 0.0084829999999999992 0.15016400000000013 0.15711600000000003 0.14990100000000001 0.0038560000000000001 0.0042040000000000003 0.0036570000000000005 0.00089499999999999996 0.00093399999999999993 0.00081900000000000007 1.1065472455244698 1.1065472455244698 1.1065472455244698 4.4137719850709397e-05 4.4137719850709397e-05 4.4137719850709397e-05 1 1 1 Converged Converged Converged OK OK OK 81 81 81 81 81 81 7 7 7 0 0 0 0 1 0 0 1
49 49 linear 2 15 492 2 0.0001 0.47185016883470127 0.0001084095167119894 0.64030113599253125 1.6539825113432065 0.55595871448727585 1.6929573630992736 0.5 -1.692906215595386 1.0928503132490937 OK 12 11 0.561859 0.33386199999999999 0.17303299999999999 0.382911 0.15166399999999999 0 0.178948 0.182198 0.17303299999999999 0.0090369999999999999 0.0090139999999999994 0.0081209999999999997 0.14943600000000001 0.15159400000000001 0.14577000000000004 0.0038760000000000005 0.0046580000000000007 0.0036300000000000004 0.00077799999999999994 0.00091799999999999998 0.00075099999999999993 1.0928496771864296 1.0928496771864296 1.0928496771864296 1.7097316468747251e-05 1.7097316468747251e-05 1.7097316468747251e-05 1 1 1 Converged Converged Converged OK OK OK 81 81 81 81 81 81 7 7 7 0 0 0 0 1 0 0 1
49 49 linear 2 23 492 3 0.0001 0.47185016883470127 0.0001084095167119894 0.64030113599253125 1.6539825113432065 0.55595871448727585 1.7820427385417128 0.5 -1.7819915910378252 1.0811626752865007 OK 12 11 0.57693899999999998 0.32477 0.167828 0.40065699999999999 0.14887800000000001 0 0.17628199999999999 0.17589199999999999 0.167828 0.0087229999999999999 0.0086820000000000005 0.0081049999999999994 0.14757900000000004 0.14610499999999996 0.14046200000000003 0.0035239999999999994 0.0044859999999999995 0.0036209999999999997 0.0008209999999999999 0.00080799999999999991 0.00079100000000000004 1.0811620929113552 1.0811620929113552 1.0811620929113552 8.5484158592255143e-06 8.5484158592255143e-06 8.5484158592255143e-06 1 1 1 Converged Converged Converged OK OK OK 81 81 81 81 81 81 7 7 7 0 0 0 0 1 0 0 1
49 49 linear 3 0 493 0 0.001 0.47185016883470127 0.0001084095167119894 0.64030113599253125 -0.71710982624047159 0.56195491401129671 -0.84517005343897789 0.5 0.84522120094286557 1.3913354708229737 OK 15 14 13.037761 13.056252000000001 0.19677500000000001 12.766087000000001 12.778644999999999 0 0.27167399999999908 0.27760700000000149 0.19677500000000001 0.012246999999999999 0.011313999999999999 0.010050999999999999 0.2296 0.23511200000000004 0.16623899999999991 0.0043 0.0049480000000000001 0.0029650000000000002 0.0018879999999999999 0.0013940000000000001 0.00078300000000000006 1.3913348077287002 1.3913348077287002 1.3913348077287002 0.00055782604254187972 0.00055782604254187972 0.00055782604254187972 1 1 1 Converged Converged Converged OK OK OK 65 65 65 65 65 65 7 7 7 0 0 0 0 0 1 0 0
49 49 linear 3 7 493 1 0.001 0.47185016883470127 0.0001084095167119894 0.64030113599253125 -0.71710982624047159 0.56195491401129671 -0.76722034992684363 0.5 0.76727149743073131 1.4539547376750648 OK 15 14 12.890101 0.38994499999999999 0.16622000000000001 12.649789 0.217917 0 0.24031199999999941 0.17202799999999999 0.16622000000000001 0.010983 0.0094990000000000005 0.0085159999999999993 0.20553800000000005 0.14479199999999998 0.14218900000000001 0.0045700000000000003 0.0037640000000000004 0.002673 0.001297 0.00079299999999999998 0.00073800000000000005 1.4539540546197161 1.4539540546197161 1.4539540546197161 0.00051224874452741626 0.00051224874452741626 0.00051224874452741626 1 1 1 Converged Converged Converged OK OK OK 65 65 65 65 65 65 7 7 7 0 0 0 0 1 0 0 1
49 49 linear 3 15 493 2 0.001 0.47185016883470127 0.0001084095167119894 0.64030113599253125 -0.71710982624047159 0.56195491401129671 -0.67813497448440452 0.5 0.6781861219882922 1.5396276603606354 OK 15 14 12.695956000000001 0.34989999999999999 0.143792 12.526726 0.20033000000000001 0 0.16923000000000066 0.14956999999999998 0.143792 0.011231 0.0096340000000000002 0.0083569999999999998 0.13730800000000001 0.12261 0.12055799999999997 0.0045570000000000003 0.0035249999999999999 0.0026000000000000003 0.0010010000000000002 0.00086299999999999994 0.00068800000000000003 1.5396283696027824 1.5396283696027824 1.5396283696027824 0.00076696510206917114 0.00076696510206917114 0.00076696510206917114 1 1 1 Converged Converged Converged OK OK OK 65 65 65 65 65 65 7 7 7 0 0 0 0 1 0 0 1
49 49 linear 3 23 493 3 0.001 0.47185016883470127 0.0001084095167119894 0.64030113599253125 -0.71710982624047159 0.56195491401129671 -0.5890495990419653 0.5 0.58910074654585298 1.6436051032944532 OK 15 14 12.812481999999999 0.37023200000000001 0.162218 12.614212999999999 0.201875 0 0.19826899999999981 0.16835700000000001 0.162218 0.011384 0.009587 0.0084309999999999993 0.16392499999999999 0.13927199999999998 0.13670199999999999 0.0046460000000000008 0.00348 0.0026540000000000001 0.001078 0.00093599999999999998 0.00074100000000000001 1.6436129227945167 1.6436129227945167 1.6436129227945167 0.001605468857478573 0.001605468857478573 0.001605468857478573 1 1 1 Converged Converged Converged OK OK OK 72 72 72 72 72 72 8 8 8 0 0 0 0 1 0 0 1
49 49 linear 3 0 493 0 0.0001 0.47185016883470127 0.0001084095167119894 0.64030113599253125 -0.71710982624047159 0.56195491401129671 -0.84517005343897789 0.5 0.84522120094286557 1.3913354708229737 OK 15 14 13.158445 13.098455 0.27333200000000002 12.788753 12.752886999999999 0 0.36969200000000058 0.3455680000000001 0.27333200000000002 0.012305999999999999 0.01072 0.010015 0.31057699999999994 0.29192499999999999 0.22776800000000003 0.0089429999999999996 0.0074029999999999999 0.0050299999999999997 0.0024889999999999999 0.0013989999999999999 0.0010560000000000001 1.3913346461570981 1.3913346461570981 1.3913346461570981 5.9088561000434076e-05 5.9088561000434076e-05 5.9088561000434076e-05 1 1 1 Converged Converged Converged OK OK OK 97 97 97 97 97 97 7 7 7 0 0 0 0 0 1 0 0
49 49 linear 3 7 493 1 0.0001 0.47185016883470127 0.0001084095167119894 0.64030113599253125 -0.71710982624047159 0.56195491401129671 -0.76722034992684363 0.5 0.76727149743073131 1.4539547376750648 OK 15 14 12.970848 0.46838200000000002 0.21154999999999999 12.674742 0.21764600000000001 0 0.29610599999999998 0.25073600000000001 0.21154999999999999 0.011053 0.0096830000000000006 0.0085649999999999997 0.25215599999999999 0.21339900000000003 0.1808600000000001 0.0068230000000000001 0.0057320000000000001 0.0041980000000000003 0.001389 0.001132 0.00099500000000000001 1.4539539132085235 1.4539539132085235 1.4539539132085235 6.0697755434531836e-05 6.0697755434531836e-05 6.0697755434531836e-05 1 1 1 Converged Converged Converged OK OK OK 89 89 89 89 89 89 7 7 7 0 0 0 0 1 0 0 1
49 49 linear 3 15 493 2 0.0001 0.47185016883470127 0.0001084095167119894 0.64030113599253125 -0.71710982624047159 0.56195491401129671 -0.67813497448440452 0.5 0.6781861219882922 1.5396276603606354 OK 15 14 12.783718 0.395791 0.189105 12.559654999999999 0.200766 0 0.22406300000000101 0.195025 0.189105 0.011209 0.0093670000000000003 0.0082509999999999997 0.18404200000000007 0.161187 0.15893099999999991 0.0068509999999999995 0.0051909999999999994 0.0041219999999999998 0.0012979999999999999 0.0012050000000000001 0.001088 1.5396269357367312 1.5396269357367312 1.5396269357367312 0.0001419177997819113 0.0001419177997819113 0.0001419177997819113 1 1 1 Converged Converged Converged OK OK OK 89 89 89 89 89 89 7 7 7 0 0 0 0 1 0 0 1
49 49 linear 3 23 493 3 0.0001 0.47185016883470127 0.0001084095167119894 0.64030113599253125 -0.71710982624047159 0.56195491401129671 -0.5890495990419653 0.5 0.58910074654585298 1.6436051032944532 OK 15 14 12.910550000000001 0.43037999999999998 0.222635 12.601984 0.19987199999999999 0 0.30856600000000078 0.23050799999999999 0.222635 0.011221 0.009894 0.0085599999999999999 0.2597830000000001 0.19024099999999991 0.18763900000000008 0.0092289999999999994 0.0065879999999999992 0.0045350000000000008 0.0015920000000000003 0.0013910000000000001 0.0012000000000000001 1.643603718607259 1.643603718607259 1.643603718607259 3.0206762931488315e-05 3.0206762931488315e-05 3.0206762931488315e-05 1 1 1 Converged Converged Converged OK OK OK 104 104 104 104 104 104 8 8 8 0 0 0 0 1 0 0 1
49 49 linear 4 0 494 0 0.001 0.47185016883470127 0.0001084095167119894 0.64030113599253125 2.7399664175793608 0.31374649324790693 2.6119061903808545 0.5 -2.6118550428769667 1.0278329782211832 OK 14 13 3.006345 3.0573649999999999 0.13703199999999999 2.8586230000000001 2.9073660000000001 0 0.14772199999999991 0.14999899999999977 0.13703199999999999 0.012049000000000001 0.011573 0.014701000000000001 0.10763799999999996 0.10940300000000004 0.098304000000000002 0.0057099999999999998 0.0069230000000000003 0.0040850000000000001 0.001083 0.00099400000000000009 0.00086300000000000005 1.0278325090361078 1.0278325090361078 1.0278325090361078 1.1989575365490137e-05 1.1989575365490137e-05 1.1989575365490137e-05 1 1 1 Converged Converged Converged OK OK OK 74 74 74 74 74 74 6 6 6 0 0 0 0 0 1 0 0
49 49 linear 4 7 494 1 0.001 0.47185016883470127 0.0001084095167119894 0.64030113599253125 2.7399664175793608 0.31374649324790693 2.6898558938929886 0.5 -2.6898047463891008 1.0252814775380976 OK 14 13 3.42855 0.31953999999999999 0.12411700000000001 3.2739669999999998 0.190888 0 0.15458300000000014 0.12865199999999999 0.12411700000000001 0.01044 0.0091350000000000008 0.0094870000000000006 0.11820399999999999 0.09768999999999993 0.095422000000000007 0.0054930000000000005 0.0048599999999999997 0.003699 0.001763 0.00084400000000000013 0.00071199999999999996 1.0252809674546088 1.0252809674546088 1.0252809674546088 2.6944869095486792e-05 2.6944869095486792e-05 2.6944869095486792e-05 1 1 1 Converged Converged Converged OK OK OK 67 67 67 67 67 67 5 5 5 0 0 0 0 1 0 0 1
49 49 linear 4 15 494 2 0.001 0.47185016883470127 0.0001084095167119894 0.64030113599253125 2.7399664175793608 0.31374649324790693 2.7789412693354278 0.5 -2.77889012183154 1.0227027109765192 OK 14 13 3.930609 0.27345599999999998 0.110167 3.7878959999999999 0.15545400000000001 0 0.14271300000000009 0.11800199999999997 0.110167 0.010697 0.0088020000000000008 0.0080400000000000003 0.10549899999999998 0.088850999999999972 0.083946999999999952 0.0056170000000000005 0.0043550000000000004 0.0034169999999999999 0.0017960000000000003 0.000754 0.00067400000000000001 1.0227022058122393 1.0227022058122393 1.0227022058122393 2.1933408551059159e-05 2.1933408551059159e-05 2.1933408551059159e-05 1 1 1 Converged Converged Converged OK OK OK 67 67 67 67 67 67 5 5 5 0 0 0 0 1 0 0 1
49 49 linear 4 23 494 3 0.001 0.47185016883470127 0.0001084095167119894 0.64030113599253125 2.7399664175793608 0.31374649324790693 2.8680266447778671 0.5 -2.8679754972739793 1.0204352515279733 OK 13 12 16.045763000000001 0.28439900000000001 0.118866 15.887250999999999 0.156031 0 0.15851200000000176 0.12836800000000001 0.118866 0.010567999999999999 0.0091979999999999996 0.0083529999999999993 0.12170999999999997 0.098595999999999961 0.09272200000000004 0.006757 0.0042620000000000002 0.003212 0.00097000000000000005 0.00068500000000000006 0.00066899999999999989 1.020434748260066 1.020434748260066 1.020434748260066 1.8185271969365014e-05 1.8185271969365014e-05 1.8185271969365014e-05 1 1 1 Converged Converged Converged OK OK OK 67 67 67 67 67 67 5 5 5 0 0 0 0 1 0 0 1
49 49 linear 4 0 494 0 0.0001 0.47185016883470127 0.0001084095167119894 0.64030113599253125 2.7399664175793608 0.31374649324790693 2.6119061903808545 0.5 -2.6118550428769667 1.0278329782211832 OK 14 13 3.038907 3.0588489999999999 0.13217599999999999 2.890628 2.9100229999999998 0 0.14827900000000005 0.14882600000000012 0.13217599999999999 0.012383 0.012537 0.010167000000000001 0.10821600000000001 0.10875800000000002 0.097999999999999962 0.0058689999999999992 0.0058869999999999999 0.0039579999999999997 0.00098600000000000011 0.0010549999999999999 0.00093899999999999995 1.0278325090361078 1.0278325090361078 1.0278325090361078 1.1989575365490137e-05 1.1989575365490137e-05 1.1989575365490137e-05 1 1 1 Converged Converged Converged OK OK OK 74 74 74 74 74 74 6 6 6 0 0 0 0 0 1 0 0
49 49 linear 4 7 494 1 0.0001 0.47185016883470127 0.0001084095167119894 0.64030113599253125 2.7399664175793608 0.31374649324790693 2.6898558938929886 0.5 -2.6898047463891008 1.0252814775380976 OK 14 13 3.4376609999999999 0.31700899999999999 0.120992 3.2835990000000002 0.18907199999999999 0 0.1540619999999997 0.127937 0.120992 0.010352999999999999 0.0092429999999999995 0.0081449999999999995 0.116606 0.097305999999999976 0.093925999999999996 0.0069049999999999997 0.0044659999999999995 0.003601 0.00088999999999999995 0.00080599999999999997 0.00075599999999999994 1.0252809674546088 1.0252809674546088 1.0252809674546088 2.6944869095486792e-05 2.6944869095486792e-05 2.6944869095486792e-05 1 1 1 Converged Converged Converged OK OK OK 67 67 67 67 67 67 5 5 5 0 0 0 0 1 0 0 1
49 49 linear 4 15 494 2 0.0001 0.47185016883470127 0.0001084095167119894 0.64030113599253125 2.7399664175793608 0.31374649324790693 2.7789412693354278 0.5 -2.77889012183154 1.0227027109765192 OK 14 13 3.9098410000000001 0.281412 0.10997 3.7661929999999999 0.16231499999999999 0 0.14364800000000022 0.11909700000000001 0.10997 0.010473 0.0088950000000000001 0.0080429999999999998 0.10617799999999998 0.089651000000000022 0.083615999999999996 0.0069220000000000002 0.0042599999999999999 0.003509 0.00090799999999999995 0.00076500000000000005 0.00065600000000000012 1.0227022058122393 1.0227022058122393 1.0227022058122393 2.1933408551059159e-05 2.1933408551059159e-05 2.1933408551059159e-05 1 1 1 Converged Converged Converged OK OK OK 67 67 67 67 67 67 5 5 5 0 0 0 0 1 0 0 1
49 49 linear 4 23 494 3 0.0001 0.47185016883470127 0.0001084095167119894 0.64030113599253125 2.7399664175793608 0.31374649324790693 2.8680266447778671 0.5 -2.8679754972739793 1.0204352515279733 OK 13 12 16.092029 0.27939399999999998 0.118783 15.935798 0.15256500000000001 0 0.15623100000000001 0.12682899999999997 0.118783 0.01056 0.0093039999999999998 0.0084030000000000007 0.11979599999999996 0.097571999999999992 0.09259000000000002 0.0069109999999999996 0.0039830000000000004 0.0031049999999999997 0.00082399999999999997 0.00075599999999999984 0.00064400000000000004 1.020434748260066 1.020434748260066 1.020434748260066 1.8185271969365014e-05 1.8185271969365014e-05 1.8185271969365014e-05 1 1 1 Converged Converged Converged OK OK OK 67 67 67 67 67 67 5 5 5 0 0 0 0 1 0 0 1
49 49 uniform 0 0 495 0 0.001 0.47185016883470127 0.0001084095167119894 0.64030113599253125 1.4376806439223948 0.015851961000304005 1.3096204167238885 0 -1.3095692692200009 1.2146367902614841 OK 16 15 3.2421250000000001 3.243563 0.14982300000000001 3.0667170000000001 3.0563950000000002 0 0.17540800000000001 0.18716799999999978 0.14982300000000001 0.015980000000000001 0.015291000000000001 0.013206000000000001 0.123095 0.13293599999999997 0.10546899999999999 0.0052300000000000003 0.0055019999999999999 0.0036240000000000005 0.001129 0.0012480000000000002 0.00080000000000000004 1.2146052083391203 1.2146052083391203 1.2146052083391203 0.00085486816778234157 0.00085486816778234157 0.00085486816778234157 1 1 1 Converged Converged Converged OK OK OK 93 93 93 93 93 93 11 11 11 0 0 0 0 0 1 0 0
49 49 uniform 0 7 495 1 0.001 0.47185016883470127 0.0001084095167119894 0.64030113599253125 1.4376806439223948 0.015851961000304005 1.3875701202360229 0 -1.3875189727321353 1.1851458582315093 OK 16 15 3.9914070000000001 0.57649099999999998 0.142431 3.8151670000000002 0.41251300000000002 0 0.17623999999999995 0.16397799999999996 0.142431 0.015424999999999999 0.014603 0.011563 0.133658 0.123949 0.10985200000000001 0.0049659999999999999 0.0046559999999999995 0.0035489999999999996 0.0010549999999999999 0.000892 0.00067499999999999993 1.1851193329041154 1.1851193329041154 1.1851193329041154 0.00072685843930682989 0.00072685843930682989 0.00072685843930682989 1 1 1 Converged Converged Converged OK OK OK 93 93 93 93 93 93 11 11 11 0 0 0 0 1 0 0 1
49 49 uniform 0 15 495 2 0.001 0.47185016883470127 0.0001084095167119894 0.64030113599253125 1.4376806439223948 0.015851961000304005 1.4766554956784619 0 -1.4766043481745743 1.1572895892933837 OK 16 15 14.776947 0.559195 0.13886100000000001 14.618715 0.41132400000000002 0 0.15823199999999993 0.14787099999999997 0.13886100000000001 0.013299 0.014302 0.011454000000000001 0.11928599999999999 0.11051500000000002 0.10708999999999994 0.0052740000000000009 0.0042859999999999999 0.0032360000000000002 0.0010219999999999999 0.00080500000000000005 0.000745 1.1572665006883001 1.1572665006883001 1.1572665006883001 0.0006423672202666076 0.0006423672202666076 0.0006423672202666076 1 1 1 Converged Converged Converged OK OK OK 93 93 93 93 93 93 11 11 11 0 0 0 0 1 0 0 1
49 49 uniform 0 23 495 3 0.001 0.47185016883470127 0.0001084095167119894 0.64030113599253125 1.4376806439223948 0.015851961000304005 1.5657408711209011 0 -1.5656897236170135 1.1343773529409023 OK 16 15 14.987374000000001 0.45244600000000001 0.13767299999999999 14.808679 0.30984800000000001 0 0.17869500000000116 0.142598 0.13767299999999999 0.014694 0.012638999999999999 0.011313 0.13693299999999997 0.10793 0.10585400000000003 0.0054819999999999999 0.0039480000000000001 0.0034399999999999999 0.0011209999999999998 0.00082100000000000001 0.00074899999999999999 1.1343558560636953 1.1343558560636953 1.1343558560636953 0.00060680012634172571 0.00060680012634172571 0.00060680012634172571 1 1 1 Converged Converged Converged OK OK OK 93 93 93 93 93 93 11 11 11 0 0 0 0 1 0 0 1
49 49 uniform 0 0 495 0 0.0001 0.47185016883470127 0.0001084095167119894 0.64030113599253125 1.4376806439223948 0.015851961000304005 1.3096204167238885 0 -1.3095692692200009 1.2146367902614841 OK 16 15 3.3111660000000001 3.2910240000000002 0.211566 3.0675089999999998 3.0723419999999999 0 0.24365700000000023 0.21868200000000027 0.211566 0.016164999999999999 0.014836 0.013254999999999999 0.16593999999999998 0.15317499999999998 0.15179200000000001 0.015819 0.0087130000000000003 0.0062960000000000004 0.001786 0.0016330000000000001 0.0013359999999999999 1.2146363902625015 1.2146363902625015 1.2146363902625015 9.3399753705513845e-05 9.3399753705513845e-05 9.3399753705513845e-05 1 1 1 Converged Converged Converged OK OK OK 133 133 133 133 133 133 11 11 11 0 0 0 0 0 1 0 0
49 49 uniform 0 7 495 1 0.0001 0.47185016883470127 0.0001084095167119894 0.64030113599253125 1.4376806439223948 0.015851961000304005 1.3875701202360229 0 -1.3875189727321353 1.1851458582315093 OK 16 15 4.0055969999999999 0.59274000000000004 0.17330599999999999 3.8193049999999999 0.40716799999999997 0 0.1862919999999999 0.18557200000000007 0.17330599999999999 0.015122999999999999 0.013417999999999999 0.011502 0.13650300000000001 0.138597 0.13232200000000002 0.0075630000000000003 0.007064 0.0051220000000000007 0.0015999999999999999 0.001493 0.001292 1.1851428124468117 1.1851428124468117 1.1851428124468117 8.9460992469023116e-05 8.9460992469023116e-05 8.9460992469023116e-05 1 1 1 Converged Converged Converged OK OK OK 125 125 125 125 125 125 11 11 11 0 0 0 0 1 0 0 1
49 49 uniform 0 15 495 2 0.0001 0.47185016883470127 0.0001084095167119894 0.64030113599253125 1.4376806439223948 0.015851961000304005 1.4766554956784619 0 -1.4766043481745743 1.1572895892933837 OK 16 15 14.813877 0.58937200000000001 0.169823 14.591882 0.40720200000000001 0 0.22199499999999972 0.18217 0.169823 0.014638 0.012958000000000001 0.011350000000000001 0.1671170000000001 0.13663 0.12952500000000003 0.0084149999999999989 0.0065180000000000012 0.004777 0.0018259999999999999 0.0013880000000000001 0.001273 1.1572869306448927 1.1572869306448927 1.1572869306448927 7.4996590522730783e-05 7.4996590522730783e-05 7.4996590522730783e-05 1 1 1 Converged Converged Converged OK OK OK 125 125 125 125 125 125 11 11 11 0 0 0 0 1 0 0 1
49 49 uniform 0 23 495 3 0.0001 0.47185016883470127 0.0001084095167119894 0.64030113599253125 1.4376806439223948 0.015851961000304005 1.5657408711209011 0 -1.5656897236170135 1.1343773529409023 OK 16 15 15.041318 0.480072 0.16858100000000001 14.823976 0.30354999999999999 0 0.21734200000000037 0.17652200000000001 0.16858100000000001 0.014623000000000001 0.012571000000000001 0.011409000000000001 0.16377000000000008 0.13307300000000008 0.12853200000000004 0.0081560000000000001 0.0057880000000000006 0.0048939999999999999 0.0015679999999999999 0.0013629999999999998 0.0012509999999999999 1.1343748610382833 1.1343748610382833 1.1343748610382833 6.5929802086154397e-05 6.5929802086154397e-05 6.5929802086154397e-05 1 1 1 Converged Converged Converged OK OK OK 125 125 125 125 125 125 11 11 11 0 0 0 0 1 0 0 1
49 49 uniform 1 0 496 0 0.001 0.47185016883470127 0.0001084095167119894 0.64030113599253125 0.11534506448524981 0.30367111943384689 -0.012715162713256456 0 0.01276631021714412 3.1190154357629862 OK 14 13 12.564747000000001 12.626782 0.14805599999999999 12.384332000000001 12.436915000000001 0 0.18041499999999999 0.18986699999999956 0.14805599999999999 0.012161999999999999 0.011899 0.010678 0.13193800000000003 0.14039100000000004 0.10890100000000001 0.0059439999999999996 0.0059639999999999997 0.0044030000000000007 0.001322 0.0013699999999999997 0.001085 3.1190266457067861 3.1190266457067861 3.1190266457067861 0.0011326215287295899 0.0011326215287295899 0.0011326215287295899 1 1 1 Converged Converged Converged OK OK OK 96 96 96 96 96 96 8 8 8 0 0 0 0 0 1 0 0
49 49 uniform 1 7 496 1 0.001 0.47185016883470127 0.0001084095167119894 0.64030113599253125 0.11534506448524981 0.30367111943384689 0.065234540798877805 0 -0.065183393294990136 3.1114465270809597 OK 13 12 12.105805 0.34301799999999999 0.133656 11.933237 0.17544599999999999 0 0.17256800000000005 0.167572 0.133656 0.011377999999999999 0.010130999999999999 0.0088280000000000008 0.13711100000000001 0.136297 0.10835900000000002 0.0045750000000000001 0.003774 0.0028780000000000003 0.001132 0.0010019999999999999 0.00090499999999999999 3.1114528460110025 3.1114528460110025 3.1114528460110025 0.0018099315769179111 0.0018099315769179111 0.0018099315769179111 1 1 1 Converged Converged Converged OK OK OK 80 80 80 80 80 80 8 8 8 0 0 0 0 1 0 0 1
49 49 uniform 1 15 496 2 0.001 0.47185016883470127 0.0001084095167119894 0.64030113599253125 0.11534506448524981 0.30367111943384689 0.15431991624131694 0 -0.15426876873742928 3.0746856435712817 OK 13 12 11.918990000000001 0.33301599999999998 0.148504 11.738692 0.17824400000000001 0 0.18029800000000051 0.15477199999999997 0.148504 0.011825 0.0095130000000000006 0.008319 0.14491499999999999 0.12487299999999997 0.12252399999999997 0.005457 0.0047310000000000008 0.0033299999999999996 0.001003 0.00086300000000000005 0.00085500000000000007 3.0747056485999105 3.0747056485999105 3.0747056485999105 0.0025894571973276953 0.0025894571973276953 0.0025894571973276953 1 1 1 Converged Converged Converged OK OK OK 88 88 88 88 88 88 8 8 8 0 0 0 0 1 0 0 1
49 49 uniform 1 23 496 3 0.001 0.47185016883470127 0.0001084095167119894 0.64030113599253125 0.11534506448524981 0.30367111943384689 0.24340529168375608 0 -0.24335414417986842 3.0053573613410332 OK 13 12 12.170665 0.30654799999999999 0.14135300000000001 11.983404 0.159168 0 0.18726099999999946 0.14737999999999998 0.14135300000000001 0.011337 0.0095820000000000002 0.0084729999999999996 0.15008899999999997 0.118324 0.11568600000000005 0.0052460000000000007 0.0041999999999999997 0.0031569999999999997 0.0011310000000000001 0.00088100000000000006 0.00074700000000000005 3.0053795689965979 3.0053795689965979 3.0053795689965979 0.0019524020833324041 0.0019524020833324041 0.0019524020833324041 1 1 1 Converged Converged Converged OK OK OK 88 88 88 88 88 88 8 8 8 0 0 0 0 1 0 0 1
49 49 uniform 1 0 496 0 0.0001 0.47185016883470127 0.0001084095167119894 0.64030113599253125 0.11534506448524981 0.30367111943384689 -0.012715162713256456 0 0.01276631021714412 3.1190154357629862 OK 14 13 12.606954 12.592642 0.185941 12.380634000000001 12.363884000000001 0 0.22631999999999941 0.22875799999999913 0.185941 0.012233000000000001 0.011155999999999999 0.010643 0.16607700000000003 0.17067499999999999 0.13828500000000007 0.007703999999999999 0.0078250000000000004 0.0056679999999999994 0.0017929999999999999 0.0016000000000000001 0.0013059999999999999 3.1190156734238106 3.1190156734238106 3.1190156734238106 0.00012989043875375093 0.00012989043875375093 0.00012989043875375093 1 1 1 Converged Converged Converged OK OK OK 120 120 120 120 120 120 8 8 8 0 0 0 0 0 1 0 0
49 49 uniform 1 7 496 1 0.0001 0.47185016883470127 0.0001084095167119894 0.64030113599253125 0.11534506448524981 0.30367111943384689 0.065234540798877805 0 -0.065183393294990136 3.1114465270809597 OK 13 12 12.153803999999999 0.36415900000000001 0.16416800000000001 11.941611 0.17530200000000001 0 0.21219299999999919 0.188857 0.16416800000000001 0.011383000000000001 0.010661 0.0088800000000000007 0.16958000000000006 0.15204400000000004 0.13428499999999996 0.0063200000000000001 0.00528 0.0038810000000000003 0.0014610000000000001 0.0013030000000000001 0.001137 3.1114466432907348 3.1114466432907348 3.1114466432907348 0.00024701393526165347 0.00024701393526165347 0.00024701393526165347 1 1 1 Converged Converged Converged OK OK OK 104 104 104 104 104 104 8 8 8 0 0 0 0 1 0 0 1
49 49 uniform 1 15 496 2 0.0001 0.47185016883470127 0.0001084095167119894 0.64030113599253125 0.11534506448524981 0.30367111943384689 0.15431991624131694 0 -0.15426876873742928 3.0746856435712817 OK 13 12 11.955112 0.37012800000000001 0.17610400000000001 11.710808999999999 0.174902 0 0.24430300000000038 0.19522600000000001 0.17610400000000001 0.014164 0.010623 0.0082269999999999999 0.19407199999999997 0.15870700000000001 0.14499000000000004 0.0077700000000000009 0.0054310000000000001 0.0045400000000000006 0.00173 0.001408 0.0013050000000000002 3.0746855685953789 3.0746855685953789 3.0746855685953789 0.00011365458826651923 0.00011365458826651923 0.00011365458826651923 1 1 1 Converged Converged Converged OK OK OK 112 112 112 112 112 112 8 8 8 0 0 0 0 1 0 0 1
49 49 uniform 1 23 496 3 0.0001 0.47185016883470127 0.0001084095167119894 0.64030113599253125 0.11534506448524981 0.30367111943384689 0.24340529168375608 0 -0.24335414417986842 3.0053573613410332 OK 13 12 12.220689999999999 0.33768100000000001 0.16864399999999999 12.00155 0.16338 0 0.21913999999999945 0.17430100000000001 0.16864399999999999 0.011287 0.0094090000000000007 0.0084840000000000002 0.17460199999999998 0.14112000000000002 0.13807900000000001 0.007141999999999999 0.0048470000000000006 0.0040360000000000005 0.001598 0.0013119999999999998 0.0012769999999999999 3.00535590889602 3.00535590889602 3.00535590889602 0.00022109569452736597 0.00022109569452736597 0.00022109569452736597 1 1 1 Converged Converged Converged OK OK OK 112 112 112 112 112 112 8 8 8 0 0 0 0 1 0 0 1
49 49 uniform 2 0 497 0 0.001 0.47185016883470127 0.0001084095167119894 0.64030113599253125 1.6539825113432065 0.55595871448727585 1.5259222841447002 0 -1.5258711366408126 1.1215710912844592 OK 13 12 0.59165199999999996 0.58502900000000002 0.10120800000000001 0.48901299999999998 0.48357699999999998 0 0.10263899999999998 0.10145200000000004 0.10120800000000001 0.010717000000000001 0.010666999999999999 0.010448000000000001 0.07031900000000002 0.069996999999999976 0.069696999999999981 0.002735 0.002601 0.0028290000000000004 0.00071300000000000009 0.00069800000000000005 0.00071599999999999995 1.1215711649847893 1.1215711649847893 1.1215711649847893 0.00012333707442408967 0.00012333707442408967 0.00012333707442408967 1 1 1 Converged Converged Converged OK OK OK 72 72 72 72 72 72 8 8 8 0 0 0 0 0 1 0 0
49 49 uniform 2 7 497 1 0.001 0.47185016883470127 0.0001084095167119894 0.64030113599253125 1.6539825113432065 0.55595871448727585 1.6038719876568346 0 -1.603820840152947 1.1074611575558899 OK 12 11 0.52642100000000003 0.22744500000000001 0.079297999999999993 0.44501200000000002 0.145729 0 0.081409000000000009 0.081716000000000011 0.079297999999999993 0.0087819999999999999 0.0087349999999999997 0.0082640000000000005 0.058095999999999988 0.058509999999999986 0.057453000000000004 0.0023189999999999999 0.0024880000000000002 0.0022380000000000004 0.00066300000000000007 0.00061300000000000005 0.00061399999999999996 1.1074612025661716 1.1074612025661716 1.1074612025661716 0.00015044836363621274 0.00015044836363621274 0.00015044836363621274 1 1 1 Converged Converged Converged OK OK OK 65 65 65 65 65 65 7 7 7 0 0 0 0 1 0 0 1
49 49 uniform 2 15 497 2 0.001 0.47185016883470127 0.0001084095167119894 0.64030113599253125 1.6539825113432065 0.55595871448727585 1.6929573630992736 0 -1.692906215595386 1.0936087731927251 OK 12 11 0.45763199999999998 0.22531699999999999 0.078615000000000004 0.37712299999999999 0.14523 0 0.080508999999999997 0.080086999999999992 0.078615000000000004 0.0087309999999999992 0.0086560000000000005 0.0080579999999999992 0.057535000000000024 0.057400000000000014 0.056928999999999993 0.0023479999999999998 0.0022790000000000002 0.002245 0.00066299999999999996 0.00065899999999999997 0.00061199999999999991 1.0936087923543045 1.0936087923543045 1.0936087923543045 0.00014686537380816596 0.00014686537380816596 0.00014686537380816596 1 1 1 Converged Converged Converged OK OK OK 65 65 65 65 65 65 7 7 7 0 0 0 0 1 0 0 1
49 49 uniform 2 23 497 3 0.001 0.47185016883470127 0.0001084095167119894 0.64030113599253125 1.6539825113432065 0.55595871448727585 1.7820427385417128 0 -1.7819915910378252 1.0817952563612234 OK 12 11 0.47952899999999998 0.223853 0.075424000000000005 0.40140399999999998 0.145255 0 0.078125 0.078598000000000001 0.075424000000000005 0.0087010000000000004 0.0088179999999999994 0.0079979999999999999 0.054974000000000016 0.055331000000000005 0.054042999999999994 0.0024360000000000002 0.0026619999999999999 0.0022570000000000003 0.00069499999999999998 0.00066600000000000003 0.00064099999999999997 1.0817952466028087 1.0817952466028087 1.0817952466028087 0.00017114602161528151 0.00017114602161528151 0.00017114602161528151 1 1 1 Converged Converged Converged OK OK OK 65 65 65 65 65 65 7 7 7 0 0 0 0 1 0 0 1
49 49 uniform 2 0 497 0 0.0001 0.47185016883470127 0.0001084095167119894 0.64030113599253125 1.6539825113432065 0.55595871448727585 1.5259222841447002 0 -1.5258711366408126 1.1215710912844592 OK 13 12 0.60378500000000002 0.61073299999999997 0.117202 0.48656700000000003 0.48793500000000001 0 0.11721799999999999 0.12279799999999996 0.117202 0.010135999999999999 0.010333999999999999 0.01023 0.080450000000000008 0.084872000000000003 0.080122999999999986 0.0032850000000000002 0.0036819999999999995 0.0034499999999999995 0.00085700000000000001 0.0009140000000000001 0.00081599999999999999 1.1215710639970999 1.1215710639970999 1.1215710639970999 2.8399588812335027e-05 2.8399588812335027e-05 2.8399588812335027e-05 1 1 1 Converged Converged Converged OK OK OK 88 88 88 88 88 88 8 8 8 0 0 0 0 0 1 0 0
49 49 uniform 2 7 497 1 0.0001 0.47185016883470127 0.0001084095167119894 0.64030113599253125 1.6539825113432065 0.55595871448727585 1.6038719876568346 0 -1.603820840152947 1.1074611575558899 OK 12 11 0.54489399999999999 0.251197 0.095201999999999995 0.44679600000000003 0.14862400000000001 0 0.098097999999999963 0.102573 0.095201999999999995 0.0088389999999999996 0.0087019999999999997 0.0082620000000000002 0.069248000000000004 0.074750000000000025 0.068259 0.003692 0.0031690000000000004 0.0031329999999999995 0.00088400000000000013 0.000825 0.00079100000000000004 1.1074611455491024 1.1074611455491024 1.1074611455491024 5.4116129947347765e-05 5.4116129947347765e-05 5.4116129947347765e-05 1 1 1 Converged Converged Converged OK OK OK 81 81 81 81 81 81 7 7 7 0 0 0 0 1 0 0 1
49 49 uniform 2 15 497 2 0.0001 0.47185016883470127 0.0001084095167119894 0.64030113599253125 1.6539825113432065 0.55595871448727585 1.6929573630992736 0 -1.692906215595386 1.0936087731927251 OK 12 11 0.47550300000000001 0.246361 0.094209000000000001 0.378469 0.14599799999999999 0 0.097034000000000009 0.10036300000000001 0.094209000000000001 0.0088120000000000004 0.0088540000000000008 0.0080269999999999994 0.068675000000000028 0.072102999999999973 0.067843000000000001 0.0035980000000000001 0.003431 0.0031199999999999999 0.00083199999999999995 0.00083600000000000005 0.00079999999999999993 1.0936087607523282 1.0936087607523282 1.0936087607523282 2.533435825216071e-05 2.533435825216071e-05 2.533435825216071e-05 1 1 1 Converged Converged Converged OK OK OK 81 81 81 81 81 81 7 7 7 0 0 0 0 1 0 0 1
49 49 uniform 2 23 497 3 0.0001 0.47185016883470127 0.0001084095167119894 0.64030113599253125 1.6539825113432065 0.55595871448727585 1.7820427385417128 0 -1.7819915910378252 1.0817952563612234 OK 12 11 0.49772699999999997 0.241976 0.090725 0.40395399999999998 0.14632400000000001 0 0.093772999999999995 0.095651999999999987 0.090725 0.0087220000000000006 0.0085079999999999999 0.0079760000000000005 0.065632999999999997 0.068167999999999992 0.064301999999999984 0.0034510000000000001 0.0033519999999999999 0.0030639999999999999 0.00084399999999999992 0.00080800000000000002 0.000852 1.0817952280862857 1.0817952280862857 1.0817952280862857 1.8723875669358859e-05 1.8723875669358859e-05 1.8723875669358859e-05 1 1 1 Converged Converged Converged OK OK OK 81 81 81 81 81 81 7 7 7 0 0 0 0 1 0 0 1
49 49 uniform 3 0 498 0 0.001 0.47185016883470127 0.0001084095167119894 0.64030113599253125 -0.71710982624047159 0.56195491401129671 -0.84517005343897789 0 0.84522120094286557 1.397143310892931 OK 15 14 13.004616 13.02347 0.17513400000000001 12.768988999999999 12.787547999999999 0 0.23562700000000092 0.23592200000000041 0.17513400000000001 0.012996000000000001 0.01099 0.010052 0.19582799999999997 0.19824700000000001 0.14519399999999996 0.0043029999999999995 0.00415 0.0025929999999999998 0.00097400000000000004 0.0011120000000000001 0.00072199999999999999 1.3971435242382215 1.3971435242382215 1.3971435242382215 0.00038610664124661233 0.00038610664124661233 0.00038610664124661233 1 1 1 Converged Converged Converged OK OK OK 65 65 65 65 65 65 7 7 7 0 0 0 0 0 1 0 0
49 49 uniform 3 7 498 1 0.001 0.47185016883470127 0.0001084095167119894 0.64030113599253125 -0.71710982624047159 0.56195491401129671 -0.76722034992684363 0 0.76727149743073131 1.4613127797100067 OK 15 14 12.863704 0.38534800000000002 0.14462700000000001 12.664647 0.21659900000000001 0 0.19905699999999982 0.16874900000000001 0.14462700000000001 0.011055000000000001 0.009587 0.0084309999999999993 0.16745999999999991 0.14185899999999999 0.12125800000000003 0.0042789999999999998 0.0031749999999999999 0.0024299999999999999 0.00086800000000000006 0.00079799999999999999 0.00064600000000000009 1.4613129948190313 1.4613129948190313 1.4613129948190313 0.00037416142878221614 0.00037416142878221614 0.00037416142878221614 1 1 1 Converged Converged Converged OK OK OK 65 65 65 65 65 65 7 7 7 0 0 0 0 1 0 0 1
49 49 uniform 3 15 498 2 0.001 0.47185016883470127 0.0001084095167119894 0.64030113599253125 -0.71710982624047159 0.56195491401129671 -0.67813497448440452 0 0.6781861219882922 1.5494652277373371 OK 15 14 12.714649 0.32433699999999999 0.124392 12.558357000000001 0.1991 0 0.15629199999999877 0.12523699999999999 0.124392 0.010909 0.0093539999999999995 0.011904 0.12390899999999999 0.10003800000000002 0.098204000000000014 0.004091 0.002934 0.0022719999999999997 0.00088400000000000002 0.00067000000000000002 0.00054199999999999995 1.5494680002492267 1.5494680002492267 1.5494680002492267 0.0009410884604468989 0.0009410884604468989 0.0009410884604468989 1 1 1 Converged Converged Converged OK OK OK 65 65 65 65 65 65 7 7 7 0 0 0 0 1 0 0 1
49 49 uniform 3 23 498 3 0.001 0.47185016883470127 0.0001084095167119894 0.64030113599253125 -0.71710982624047159 0.56195491401129671 -0.5890495990419653 0 0.58910074654585298 1.6571160366130073 OK 15 14 12.790654 0.35311500000000001 0.154117 12.58916 0.19466900000000001 0 0.20149400000000028 0.158446 0.154117 0.011303000000000001 0.0094699999999999993 0.0086459999999999992 0.15968600000000008 0.127356 0.12595699999999999 0.004862 0.00362 0.002908 0.001302 0.0010170000000000001 0.00088400000000000002 1.6571208157498072 1.6571208157498072 1.6571208157498072 0.0010542511559851887 0.0010542511559851887 0.0010542511559851887 1 1 1 Converged Converged Converged OK OK OK 80 80 80 80 80 80 8 8 8 0 0 0 0 1 0 0 1
49 49 uniform 3 0 498 0 0.0001 0.47185016883470127 0.0001084095167119894 0.64030113599253125 -0.71710982624047159 0.56195491401129671 -0.84517005343897789 0 0.84522120094286557 1.397143310892931 OK 15 14 13.100493999999999 13.082509 0.237647 12.833252 12.768825 0 0.26724199999999954 0.3136840000000003 0.237647 0.012291 0.011162999999999999 0.010024999999999999 0.21667400000000014 0.2602799999999999 0.19606199999999999 0.0067029999999999998 0.0068559999999999992 0.0048199999999999996 0.0012950000000000001 0.001266 0.001083 1.3971432616798867 1.3971432616798867 1.3971432616798867 3.5197784390810593e-05 3.5197784390810593e-05 3.5197784390810593e-05 1 1 1 Converged Converged Converged OK OK OK 97 97 97 97 97 97 7 7 7 0 0 0 0 0 1 0 0
49 49 uniform 3 7 498 1 0.0001 0.47185016883470127 0.0001084095167119894 0.64030113599253125 -0.71710982624047159 0.56195491401129671 -0.76722034992684363 0 0.76727149743073131 1.4613127797100067 OK 15 14 12.905517 0.414358 0.18476799999999999 12.654603 0.21493499999999999 0 0.25091399999999986 0.19942300000000002 0.18476799999999999 0.010976 0.010873000000000001 0.0084989999999999996 0.20850899999999994 0.16266199999999997 0.15426299999999996 0.0067010000000000004 0.0057600000000000004 0.003849 0.0012719999999999999 0.0010840000000000001 0.0010369999999999999 1.4613127639477901 1.4613127639477901 1.4613127639477901 5.1439941647763311e-05 5.1439941647763311e-05 5.1439941647763311e-05 1 1 1 Converged Converged Converged OK OK OK 89 89 89 89 89 89 7 7 7 0 0 0 0 1 0 0 1
49 49 uniform 3 15 498 2 0.0001 0.47185016883470127 0.0001084095167119894 0.64030113599253125 -0.71710982624047159 0.56195491401129671 -0.67813497448440452 0 0.6781861219882922 1.5494652277373371 OK 15 14 12.794548000000001 0.35939300000000002 0.15653400000000001 12.577128999999999 0.197934 0 0.21741900000000136 0.16145900000000002 0.15653400000000001 0.011121000000000001 0.0094230000000000008 0.008397 0.17304900000000004 0.13192700000000002 0.13012200000000007 0.005215 0.0039300000000000003 0.0031920000000000004 0.001248 0.0010659999999999999 0.00087399999999999999 1.5494651901697005 1.5494651901697005 1.5494651901697005 0.0001461601020313433 0.0001461601020313433 0.0001461601020313433 1 1 1 Converged Converged Converged OK OK OK 81 81 81 81 81 81 7 7 7 0 0 0 0 1 0 0 1
49 49 uniform 3 23 498 3 0.0001 0.47185016883470127 0.0001084095167119894 0.64030113599253125 -0.71710982624047159 0.56195491401129671 -0.5890495990419653 0 0.58910074654585298 1.6571160366130073 OK 15 14 12.799704999999999 0.368251 0.16733400000000001 12.571377 0.19630900000000001 0 0.22832799999999942 0.17194199999999998 0.16733400000000001 0.011877 0.0095250000000000005 0.0084189999999999994 0.189695 0.142045 0.13976299999999994 0.0055779999999999996 0.0036710000000000007 0.003166 0.0014309999999999998 0.0011589999999999999 0.00094900000000000008 1.6571159941454598 1.6571159941454598 1.6571159941454598 0.00013810673293909463 0.00013810673293909463 0.00013810673293909463 1 1 1 Converged Converged Converged OK OK OK 88 88 88 88 88 88 8 8 8 0 0 0 0 1 0 0 1
49 49 uniform 4 0 499 0 0.001 0.47185016883470127 0.0001084095167119894 0.64030113599253125 2.7399664175793608 0.31374649324790693 2.6119061903808545 0 -2.6118550428769667 1.0279873236482355 OK 14 13 2.9819490000000002 2.9996529999999999 0.099682999999999994 2.8561030000000001 2.8710520000000002 0 0.12584600000000012 0.12860099999999974 0.099682999999999994 0.011698999999999999 0.010851 0.010185 0.092093999999999995 0.096700999999999995 0.072315999999999978 0.0037910000000000001 0.0036430000000000004 0.0024819999999999998 0.00074200000000000004 0.000754 0.00067699999999999987 1.0279874097056043 1.0279874097056043 1.0279874097056043 0.00032218400706592905 0.00032218400706592905 0.00032218400706592905 1 1 1 Converged Converged Converged OK OK OK 58 58 58 58 58 58 6 6 6 0 0 0 0 0 1 0 0
49 49 uniform 4 7 499 1 0.001 0.47185016883470127 0.0001084095167119894 0.64030113599253125 2.7399664175793608 0.31374649324790693 2.6898558938929886 0 -2.6898047463891008 1.0254168409521469 OK 14 13 3.4319169999999999 0.29134100000000002 0.088930999999999996 3.3180529999999999 0.191715 0 0.11386399999999997 0.09962600000000002 0.088930999999999996 0.010566000000000001 0.010342 0.0084370000000000001 0.085492000000000012 0.073689999999999992 0.066772000000000012 0.0036689999999999995 0.0030759999999999997 0.0024369999999999999 0.00072999999999999996 0.0006739999999999999 0.00058700000000000007 1.025416831204234 1.025416831204234 1.025416831204234 0.00031940986962055438 0.00031940986962055438 0.00031940986962055438 1 1 1 Converged Converged Converged OK OK OK 51 51 51 51 51 51 5 5 5 0 0 0 0 1 0 0 1
49 49 uniform 4 15 499 2 0.001 0.47185016883470127 0.0001084095167119894 0.64030113599253125 2.7399664175793608 0.31374649324790693 2.7789412693354278 0 -2.77889012183154 1.0228195088577798 OK 14 13 3.8637950000000001 0.24987799999999999 0.080104999999999996 3.7617280000000002 0.15985099999999999 0 0.10206699999999991 0.090026999999999996 0.080104999999999996 0.010345999999999999 0.0099919999999999991 0.0079579999999999998 0.074798999999999977 0.065625000000000003 0.059413999999999974 0.0035499999999999998 0.0025440000000000003 0.0020760000000000002 0.00069499999999999998 0.00056899999999999995 0.00048499999999999997 1.0228194993891249 1.0228194993891249 1.0228194993891249 0.00032412037801352414 0.00032412037801352414 0.00032412037801352414 1 1 1 Converged Converged Converged OK OK OK 51 51 51 51 51 51 5 5 5 0 0 0 0 1 0 0 1
49 49 uniform 4 23 499 3 0.001 0.47185016883470127 0.0001084095167119894 0.64030113599253125 2.7399664175793608 0.31374649324790693 2.8680266447778671 0 -2.8679754972739793 1.0205362946837364 OK 13 12 15.977418 0.25092500000000001 0.089277999999999996 15.859851000000001 0.15692700000000001 0 0.11756699999999931 0.093997999999999998 0.089277999999999996 0.011098999999999999 0.0093170000000000006 0.0084449999999999994 0.087586999999999998 0.070816999999999991 0.068210000000000007 0.0034849999999999998 0.0023020000000000002 0.0020690000000000001 0.00071300000000000009 0.00059999999999999995 0.000486 1.0205362853471689 1.0205362853471689 1.0205362853471689 0.00032867725735076129 0.00032867725735076129 0.00032867725735076129 1 1 1 Converged Converged Converged OK OK OK 51 51 51 51 51 51 5 5 5 0 0 0 0 1 0 0 1
49 49 uniform 4 0 499 0 0.0001 0.47185016883470127 0.0001084095167119894 0.64030113599253125 2.7399664175793608 0.31374649324790693 2.6119061903808545 0 -2.6118550428769667 1.0279873236482355 OK 14 13 2.984585 3.0306999999999999 0.120259 2.8576489999999999 2.9033989999999998 0 0.12693600000000016 0.12730100000000011 0.120259 0.012024 0.011528 0.010130999999999999 0.087307999999999997 0.08965300000000001 0.082639000000000004 0.0054470000000000005 0.0050340000000000003 0.0036909999999999998 0.00095299999999999996 0.00088100000000000006 0.0007899999999999999 1.0279874102373483 1.0279874102373483 1.0279874102373483 2.3233435124724452e-05 2.3233435124724452e-05 2.3233435124724452e-05 1 1 1 Converged Converged Converged OK OK OK 74 74 74 74 74 74 6 6 6 0 0 0 0 0 1 0 0
49 49 uniform 4 7 499 1 0.0001 0.47185016883470127 0.0001084095167119894 0.64030113599253125 2.7399664175793608 0.31374649324790693 2.6898558938929886 0 -2.6898047463891008 1.0254168409521469 OK 14 13 3.4376579999999999 0.32537899999999997 0.104098 3.3043399999999998 0.195108 0 0.13331800000000005 0.13027099999999997 0.104098 0.010581 0.0090939999999999997 0.0083560000000000006 0.096937000000000023 0.098461999999999966 0.077315000000000009 0.0053940000000000004 0.0046169999999999996 0.003238 0.0019839999999999997 0.00083799999999999999 0.00071100000000000004 1.0254168318975312 1.0254168318975312 1.0254168318975312 1.285395911052633e-05 1.285395911052633e-05 1.285395911052633e-05 1 1 1 Converged Converged Converged OK OK OK 67 67 67 67 67 67 5 5 5 0 0 0 0 1 0 0 1
49 49 uniform 4 15 499 2 0.0001 0.47185016883470127 0.0001084095167119894 0.64030113599253125 2.7399664175793608 0.31374649324790693 2.7789412693354278 0 -2.77889012183154 1.0228195088577798 OK 14 13 3.901967 0.260542 0.095705999999999999 3.7787489999999999 0.15735199999999999 0 0.12321800000000005 0.10319 0.095705999999999999 0.010869999999999999 0.0088509999999999995 0.0079330000000000008 0.088839999999999947 0.074858999999999981 0.069876999999999967 0.0050629999999999998 0.0037259999999999997 0.0030200000000000001 0.00087799999999999998 0.00074899999999999999 0.00070100000000000002 1.0228195001788962 1.0228195001788962 1.0228195001788962 9.9536919753884149e-06 9.9536919753884149e-06 9.9536919753884149e-06 1 1 1 Converged Converged Converged OK OK OK 67 67 67 67 67 67 5 5 5 0 0 0 0 1 0 0 1
49 49 uniform 4 23 499 3 0.0001 0.47185016883470127 0.0001084095167119894 0.64030113599253125 2.7399664175793608 0.31374649324790693 2.8680266447778671 0 -2.8679754972739793 1.0205362946837364 OK 13 12 16.002365000000001 0.26373200000000002 0.10473499999999999 15.853918 0.15221899999999999 0 0.14844700000000088 0.11151300000000003 0.10473499999999999 0.01124 0.0092669999999999992 0.0085179999999999995 0.106166 0.083234000000000016 0.078767000000000004 0.0097719999999999994 0.0034770000000000001 0.0028259999999999995 0.000919 0.00079799999999999999 0.00062999999999999992 1.0205362861706662 1.0205362861706662 1.0205362861706662 7.9097042098802775e-06 7.9097042098802775e-06 7.9097042098802775e-06 1 1 1 Converged Converged Converged OK OK OK 67 67 67 67 67 67 5 5 5 0 0 0 0 1 0 0 1
50 50 linear 0 0 500 0 0.001 0.25289984942113503 0.22802228695756629 0.0044986633636685822 2.3240649347664273 2.9794692682352562 2.3231652020936937 0.5 -2.2762061178419728 1.8751556391558002 OK 13 12 0.66952800000000001 0.65390199999999998 0.21959500000000001 0.43946200000000002 0.43173099999999998 0 0.23006599999999999 0.22217100000000001 0.21959500000000001 0.012291 0.010593 0.010551 0.18740599999999996 0.18041700000000002 0.17935099999999995 0.0040689999999999997 0.004705 0.0040790000000000002 0.00099200000000000004 0.0011389999999999998 0.0010150000000000001 1.8751557521152946 1.8751557521152946 1.8751557521152946 0.0015963031731204705 0.0015963031731204705 0.0015963031731204705 1 1 1 Converged Converged Converged OK OK OK 90 90 90 90 90 90 6 6 6 0 0 0 0 0 1 0 0
50 50 linear 0 7 500 1 0.001 0.25289984942113503 0.22802228695756629 0.0044986633636685822 2.3240649347664273 2.9794692682352562 2.3237128654597052 0.5 -2.2767537812079843 1.942131023291968 OK 13 12 0.70101899999999995 0.62433300000000003 0.22279299999999999 0.46810200000000002 0.29379899999999998 0 0.23291699999999993 0.33053400000000005 0.22279299999999999 0.010029 0.0098219999999999991 0.0092270000000000008 0.19856500000000013 0.29665599999999998 0.19029599999999999 0.0042820000000000002 0.0044049999999999992 0.0041289999999999999 0.0010369999999999999 0.0010280000000000001 0.0010020000000000001 1.9420960620425911 1.9420960620425962 1.9420960620425911 0.001920871574137056 0.0019208715741416227 0.001920871574137056 1 1 1 Converged Converged Converged OK OK OK 90 90 90 90 90 90 6 6 6 0 0 0 0 1 0 0 1
50 50 linear 0 15 500 2 0.001 0.25289984942113503 0.22802228695756629 0.0044986633636685822 2.3240649347664273 2.9794692682352562 2.3243387664494333 0.5 -2.2773796821977124 2.0122374678852939 OK 14 13 0.68765600000000004 0.88469799999999998 0.30776399999999998 0.36914000000000002 0.49536000000000002 0 0.31851600000000002 0.38933799999999996 0.30776399999999998 0.013082999999999999 0.013269 0.012219000000000001 0.27278600000000003 0.34315600000000013 0.26405599999999985 0.0055279999999999991 0.0055449999999999996 0.0051489999999999999 0.0013339999999999999 0.0014290000000000001 0.0012439999999999999 2.0122425508530561 2.0122425508530397 2.0122425508530561 0.00058012021331856328 0.00058012021333813497 0.00058012021331856328 1 1 1 Converged Converged Converged OK OK OK 105 105 105 105 105 105 7 7 7 0 0 0 0 1 0 0 1
50 50 linear 0 23 500 3 0.001 0.25289984942113503 0.22802228695756629 0.0044986633636685822 2.3240649347664273 2.9794692682352562 2.3249646674391609 0.5 -2.27800558318744 2.0770900646502355 OK 14 13 0.93036200000000002 0.88553899999999997 0.28432299999999999 0.63817199999999996 0.48486200000000002 0 0.29219000000000006 0.40067699999999995 0.28432299999999999 0.012626999999999999 0.012598 0.011629 0.2507169999999998 0.35901399999999994 0.24181499999999995 0.0049850000000000007 0.0052960000000000004 0.0049839999999999997 0.0011310000000000001 0.0011799999999999998 0.0011360000000000001 2.07708175519836 2.077081755198376 2.07708175519836 0.0010395397094323936 0.0010395397094374794 0.0010395397094323936 1 1 1 Converged Converged Converged OK OK OK 105 105 105 105 105 105 7 7 7 0 0 0 0 1 0 0 1
50 50 linear 0 0 500 0 0.0001 0.25289984942113503 0.22802228695756629 0.0044986633636685822 2.3240649347664273 2.9794692682352562 2.3231652020936937 0.5 -2.2762061178419728 1.8751556391558002 OK 13 12 0.78019000000000005 0.75526800000000005 0.31896099999999999 0.447216 0.43143100000000001 0 0.33297400000000005 0.32383700000000004 0.31896099999999999 0.012156999999999999 0.010576 0.010642 0.27450800000000014 0.26854999999999984 0.26320199999999999 0.0064779999999999994 0.006117 0.0066220000000000003 0.001526 0.0014780000000000001 0.0016689999999999999 1.8751628776860803 1.8751628776860803 1.8751628776860803 0.00017610817225921217 0.00017610817225921217 0.00017610817225921217 1 1 1 Converged Converged Converged OK OK OK 130 130 130 130 130 130 6 6 6 0 0 0 0 0 1 0 0
50 50 linear 0 7 500 1 0.0001 0.25289984942113503 0.22802228695756629 0.0044986633636685822 2.3240649347664273 2.9794692682352562 2.3237128654597052 0.5 -2.2767537812079843 1.942131023291968 OK 13 12 0.84465100000000004 0.80559999999999998 0.37638300000000002 0.46171200000000001 0.295711 0 0.38293900000000003 0.50988900000000004 0.37638300000000002 0.0097439999999999992 0.0097739999999999997 0.0091929999999999998 0.33333600000000019 0.4602190000000001 0.32832099999999986 0.0072649999999999989 0.007528 0.0071759999999999992 0.0015700000000000002 0.0015510000000000003 0.0015460000000000001 1.94212410618488 1.942124106184886 1.94212410618488 0.00016945611496252817 0.00016945611496505306 0.00016945611496252817 1 1 1 Converged Converged Converged OK OK OK 146 146 146 146 146 146 6 6 6 0 0 0 0 1 0 0 1
50 50 linear 0 15 500 2 0.0001 0.25289984942113503 0.22802228695756629 0.0044986633636685822 2.3240649347664273 2.9794692682352562 2.3243387664494333 0.5 -2.2773796821977124 2.0122374678852939 OK 14 13 0.75454600000000005 0.97119299999999997 0.38082500000000002 0.36608000000000002 0.49801600000000001 0 0.38846600000000003 0.47317699999999996 0.38082500000000002 0.013043000000000001 0.013098 0.012272999999999999 0.33806699999999984 0.42240399999999995 0.33214199999999999 0.0068280000000000016 0.0072449999999999997 0.0067509999999999992 0.0015329999999999999 0.0015769999999999998 0.001552 2.0122425580888703 2.0122425580888534 2.0122425580888703 6.7509006967265056e-05 6.7509006986836816e-05 6.7509006967265056e-05 1 1 1 Converged Converged Converged OK OK OK 129 129 129 129 129 129 7 7 7 0 0 0 0 1 0 0 1
50 50 linear 0 23 500 3 0.0001 0.25289984942113503 0.22802228695756629 0.0044986633636685822 2.3240649347664273 2.9794692682352562 2.3249646674391609 0.5 -2.27800558318744 2.0770900646502355 OK 14 13 1.004149 0.97720799999999997 0.36508600000000002 0.64222100000000004 0.48893999999999999 0 0.36192799999999992 0.48826799999999998 0.36508600000000002 0.01242 0.012685999999999999 0.011665999999999999 0.313002 0.43817899999999993 0.31736399999999981 0.0062830000000000013 0.0070660000000000011 0.0063 0.0014469999999999999 0.0014500000000000001 0.0014310000000000004 2.0770818346004405 2.0770818346004565 2.0770818346004405 4.9681793923112196e-05 4.9681793928197952e-05 4.9681793923112196e-05 1 1 1 Converged Converged Converged OK OK OK 129 129 129 129 129 129 7 7 7 0 0 0 0 1 0 0 1
50 50 linear 1 0 501 0 0.001 0.25289984942113503 0.22802228695756629 0.0044986633636685822 0.010513808016293922 -0.0055179109858407033 0.009614075343560206 0.5 0.037345008908160712 95.73933550410095 OK 14 13 0.521146 0.51993500000000004 0.18198400000000001 0.33493299999999998 0.33823999999999999 0 0.18621300000000002 0.18169500000000005 0.18198400000000001 0.013193 0.012966 0.012689000000000001 0.14316800000000005 0.13920099999999999 0.13937299999999997 0.0038610000000000003 0.0040670000000000003 0.0041929999999999997 0.00096100000000000005 0.001026 0.0010150000000000001 95.739613232656083 95.739613232656083 95.739613232656083 0.084923836514000983 0.084923836514000983 0.084923836514000983 1 1 1 Converged Converged Converged OK OK OK 89 89 89 89 89 89 7 7 7 0 0 0 0 0 1 0 0
50 50 linear 1 7 501 1 0.001 0.25289984942113503 0.22802228695756629 0.0044986633636685822 0.010513808016293922 -0.0055179109858407033 0.010161738709572033 0.5 0.03679734554214889 88.452521847982396 OK 14 13 0.54882200000000003 0.452847 0.17430799999999999 0.36343999999999999 0.23438999999999999 0 0.18538200000000005 0.21845700000000001 0.17430799999999999 0.012196 0.012225 0.011338000000000001 0.15058899999999995 0.18436600000000003 0.14166499999999999 0.0043219999999999995 0.0039570000000000004 0.0037190000000000005 0.00099400000000000009 0.00098099999999999988 0.00097700000000000022 88.453575644280619 88.453575644280619 88.453575644280619 0.067815836767400647 0.067815836767400647 0.067815836767400647 1 1 1 Converged Converged Converged OK OK OK 89 89 89 89 89 89 7 7 7 0 0 0 0 1 0 0 1
50 50 linear 1 15 501 2 0.001 0.25289984942113503 0.22802228695756629 0.0044986633636685822 0.010513808016293922 -0.0055179109858407033 0.010787639699299837 0.5 0.036171444552421085 79.983221002767706 OK 14 13 0.49760900000000002 0.401256 0.16824800000000001 0.32310699999999998 0.19636899999999999 0 0.17450200000000005 0.20488700000000001 0.16824800000000001 0.011783999999999999 0.011875 0.010999 0.14063799999999999 0.170075 0.13591800000000001 0.0040559999999999997 0.004509 0.0038679999999999999 0.0010040000000000001 0.001052 0.00096000000000000002 79.983171766622746 79.983171766622746 79.983171766622746 0.066256093577775899 0.066256093577775899 0.066256093577775899 1 1 1 Converged Converged Converged OK OK OK 89 89 89 89 89 89 7 7 7 0 0 0 0 1 0 0 1
50 50 linear 1 23 501 3 0.001 0.25289984942113503 0.22802228695756629 0.0044986633636685822 0.010513808016293922 -0.0055179109858407033 0.011413540689027639 0.5 0.03554554356269328 71.499136023616089 OK 14 13 0.50947500000000001 0.41686699999999999 0.173183 0.33088000000000001 0.19749900000000001 0 0.178595 0.21936799999999998 0.173183 0.011634 0.01187 0.011176 0.14519499999999999 0.18491899999999997 0.14091700000000001 0.0038539999999999998 0.004365 0.0037669999999999995 0.0010719999999999998 0.0011460000000000001 0.0010899999999999998 71.499349791572087 71.499349791572087 71.499349791572087 0.050027516288275301 0.050027516288275301 0.050027516288275301 1 1 1 Converged Converged Converged OK OK OK 89 89 89 89 89 89 7 7 7 0 0 0 0 1 0 0 1
50 50 linear 1 0 501 0 0.0001 0.25289984942113503 0.22802228695756629 0.0044986633636685822 0.010513808016293922 -0.0055179109858407033 0.009614075343560206 0.5 0.037345008908160712 95.73933550410095 OK 14 13 0.59843199999999996 0.59713499999999997 0.252973 0.33654299999999998 0.33800799999999998 0 0.26188899999999998 0.259127 0.252973 0.013048000000000001 0.017576000000000001 0.012702 0.20411500000000005 0.19583200000000001 0.19485400000000014 0.0059960000000000005 0.0071829999999999993 0.0064619999999999999 0.0014789999999999998 0.001523 0.00149 95.739480638527851 95.739480638527851 95.739480638527851 0.0035491647158129901 0.0035491647158129901 0.0035491647158129901 1 1 1 Converged Converged Converged OK OK OK 129 129 129 129 129 129 7 7 7 0 0 0 0 0 1 0 0
50 50 linear 1 7 501 1 0.0001 0.25289984942113503 0.22802228695756629 0.0044986633636685822 0.010513808016293922 -0.0055179109858407033 0.010161738709572033 0.5 0.03679734554214889 88.452521847982396 OK 14 13 0.618313 0.554095 0.241256 0.36566500000000002 0.238534 0 0.25264799999999998 0.31556099999999998 0.241256 0.011958999999999999 0.012175 0.011442000000000001 0.20849599999999996 0.270594 0.198045 0.0060520000000000001 0.0065760000000000011 0.0062359999999999994 0.0013799999999999999 0.0013979999999999999 0.0013630000000000001 88.453198800100807 88.453198800100807 88.453198800100807 0.0039662596832435709 0.0039662596832435709 0.0039662596832435709 1 1 1 Converged Converged Converged OK OK OK 129 129 129 129 129 129 7 7 7 0 0 0 0 1 0 0 1
50 50 linear 1 15 501 2 0.0001 0.25289984942113503 0.22802228695756629 0.0044986633636685822 0.010513808016293922 -0.0055179109858407033 0.010787639699299837 0.5 0.036171444552421085 79.983221002767706 OK 14 13 0.58390900000000001 0.49363299999999999 0.235627 0.331756 0.193631 0 0.25215300000000002 0.30000199999999999 0.235627 0.012226000000000001 0.011949 0.011122999999999999 0.20649499999999996 0.25417899999999999 0.19289899999999988 0.0069480000000000002 0.0075990000000000007 0.006071 0.0014620000000000002 0.0014130000000000002 0.00141 79.983212634545609 79.983212634545609 79.983212634545609 0.0072660639006025896 0.0072660639006025896 0.0072660639006025896 1 1 1 Converged Converged Converged OK OK OK 129 129 129 129 129 129 7 7 7 0 0 0 0 1 0 0 1
50 50 linear 1 23 501 3 0.0001 0.25289984942113503 0.22802228695756629 0.0044986633636685822 0.010513808016293922 -0.0055179109858407033 0.011413540689027639 0.5 0.03554554356269328 71.499136023616089 OK 14 13 0.61508300000000005 0.55725999999999998 0.27002700000000002 0.33112200000000003 0.19703100000000001 0 0.28396100000000002 0.36022899999999997 0.27002700000000002 0.011847 0.011996 0.011095000000000001 0.227828 0.30370300000000006 0.21660100000000002 0.0084110000000000001 0.0087890000000000017 0.007549000000000001 0.0017879999999999999 0.0017290000000000003 0.0017109999999999998 71.499339639015446 71.499339639015446 71.499339639015446 0.0050544229926154241 0.0050544229926154241 0.0050544229926154241 1 1 1 Converged Converged Converged OK OK OK 153 153 153 153 153 153 7 7 7 0 0 0 0 1 0 0 1
50 50 linear 2 0 502 0 0.001 0.25289984942113503 0.22802228695756629 0.0044986633636685822 -0.02484007678196664 0.0036648159893907916 -0.025739809454700356 0.5 0.072698893706421269 63.101822345308818 OK 16 15 0.91932899999999995 0.88795800000000003 0.33732800000000002 0.56418299999999999 0.548064 0 0.35514599999999996 0.33989400000000003 0.33732800000000002 0.013365 0.012822999999999999 0.012460000000000001 0.29807400000000001 0.28423400000000004 0.28264899999999993 0.0061140000000000005 0.006324999999999999 0.0061730000000000005 0.0014580000000000001 0.0014610000000000001 0.0014829999999999999 63.102765374064347 63.102765374064347 63.102765374064347 0.038112672545296364 0.038112672545296364 0.038112672545296364 1 1 1 Converged Converged Converged OK OK OK 128 128 128 128 128 128 8 8 8 0 0 0 0 0 1 0 0
50 50 linear 2 7 502 1 0.001 0.25289984942113503 0.22802228695756629 0.0044986633636685822 -0.02484007678196664 0.0036648159893907916 -0.025192146088688527 0.5 0.072151230340409447 64.926448071750784 OK 16 15 0.80156300000000003 0.68465100000000001 0.38055099999999997 0.40549299999999999 0.27312199999999998 0 0.39607000000000003 0.41152900000000003 0.38055099999999997 0.012763 0.012622 0.011646999999999999 0.34697299999999998 0.36372199999999982 0.33477400000000018 0.0084520000000000012 0.0077869999999999988 0.0076670000000000002 0.0015100000000000001 0.0014499999999999999 0.0014550000000000001 64.927682675850818 64.927682675850818 64.927682675850818 0.048458234819641344 0.048458234819641344 0.048458234819641344 1 1 1 Converged Converged Converged OK OK OK 144 144 144 144 144 144 8 8 8 0 0 0 0 1 0 0 1
50 50 linear 2 15 502 2 0.001 0.25289984942113503 0.22802228695756629 0.0044986633636685822 -0.02484007678196664 0.0036648159893907916 -0.024566245098960725 0.5 0.071525329350681649 67.137180934732982 OK 16 15 0.95580699999999996 0.84790399999999999 0.37388100000000002 0.56834200000000001 0.43671100000000002 0 0.38746499999999995 0.41119299999999998 0.37388100000000002 0.012116999999999999 0.012031 0.011280999999999999 0.34236300000000008 0.36686300000000005 0.33056799999999997 0.0075260000000000006 0.0073540000000000003 0.0073349999999999995 0.0013239999999999999 0.0013450000000000001 0.0013700000000000001 67.138330146495704 67.138330146495704 67.138330146495704 0.046641680245672203 0.046641680245672203 0.046641680245672203 1 1 1 Converged Converged Converged OK OK OK 144 144 144 144 144 144 8 8 8 0 0 0 0 1 0 0 1
50 50 linear 2 23 502 3 0.001 0.25289984942113503 0.22802228695756629 0.0044986633636685822 -0.02484007678196664 0.0036648159893907916 -0.023940344109232924 0.5 0.070899428360953837 69.455053436266155 OK 16 15 0.97584099999999996 0.86951999999999996 0.37766699999999997 0.59413800000000005 0.465474 0 0.3817029999999999 0.40404599999999996 0.37766699999999997 0.012092 0.012364 0.011336000000000001 0.33754699999999999 0.35880500000000015 0.33414800000000006 0.0072010000000000008 0.0080309999999999999 0.007477000000000001 0.001276 0.001358 0.00132 69.45607443904872 69.45607443904872 69.45607443904872 0.045811023019965064 0.045811023019965064 0.045811023019965064 1 1 1 Converged Converged Converged OK OK OK 144 144 144 144 144 144 8 8 8 0 0 0 0 1 0 0 1
50 50 linear 2 0 502 0 0.0001 0.25289984942113503 0.22802228695756629 0.0044986633636685822 -0.02484007678196664 0.0036648159893907916 -0.025739809454700356 0.5 0.072698893706421269 63.101822345308818 OK 16 15 1.0513129999999999 1.0341640000000001 0.487066 0.56085200000000002 0.55389999999999995 0 0.49046099999999992 0.48026400000000014 0.487066 0.013103999999999999 0.013088000000000001 0.012572 0.42024400000000001 0.40970499999999993 0.416375 0.0092709999999999997 0.0095610000000000001 0.0098980000000000005 0.001779 0.0017879999999999999 0.0017909999999999998 63.101963015836084 63.101963015836084 63.101963015836084 0.0046403810925505305 0.0046403810925505305 0.0046403810925505305 1 1 1 Converged Converged Converged OK OK OK 176 176 176 176 176 176 8 8 8 0 0 0 0 0 1 0 0
50 50 linear 2 7 502 1 0.0001 0.25289984942113503 0.22802228695756629 0.0044986633636685822 -0.02484007678196664 0.0036648159893907916 -0.025192146088688527 0.5 0.072151230340409447 64.926448071750784 OK 16 15 0.88351900000000005 0.76793400000000001 0.46163999999999999 0.40339199999999997 0.276671 0 0.48012700000000008 0.49126300000000001 0.46163999999999999 0.012496999999999999 0.012677000000000001 0.011769 0.42474099999999981 0.43635200000000024 0.40907199999999994 0.0097909999999999994 0.009696999999999999 0.0091369999999999993 0.0017879999999999997 0.001817 0.0017229999999999999 64.926583175038203 64.926583175038203 64.926583175038203 0.0053213435483908172 0.0053213435483908172 0.0053213435483908172 1 1 1 Converged Converged Converged OK OK OK 176 176 176 176 176 176 8 8 8 0 0 0 0 1 0 0 1
50 50 linear 2 15 502 2 0.0001 0.25289984942113503 0.22802228695756629 0.0044986633636685822 -0.02484007678196664 0.0036648159893907916 -0.024566245098960725 0.5 0.071525329350681649 67.137180934732982 OK 16 15 1.052138 0.94476700000000002 0.46813199999999999 0.56722499999999998 0.438892 0 0.48491300000000004 0.50587500000000007 0.46813199999999999 0.012298 0.012381 0.011339999999999999 0.43014900000000017 0.45112800000000014 0.410715 0.0099120000000000007 0.0099670000000000002 0.0095060000000000006 0.0017309999999999999 0.0017540000000000001 0.0016459999999999999 67.137386854945234 67.137386854945234 67.137386854945234 0.006620061080135466 0.006620061080135466 0.006620061080135466 1 1 1 Converged Converged Converged OK OK OK 176 176 176 176 176 176 8 8 8 0 0 0 0 1 0 0 1
50 50 linear 2 23 502 3 0.0001 0.25289984942113503 0.22802228695756629 0.0044986633636685822 -0.02484007678196664 0.0036648159893907916 -0.023940344109232924 0.5 0.070899428360953837 69.455053436266155 OK 16 15 1.2258169999999999 1.131386 0.60684400000000005 0.59545400000000004 0.464092 0 0.6303629999999999 0.66729400000000005 0.60684400000000005 0.012211 0.012319 0.011354 0.55367400000000011 0.58852500000000041 0.53298800000000013 0.018713 0.02019 0.018388000000000002 0.0018140000000000001 0.001872 0.0017510000000000002 69.455484340493086 69.455484340493086 69.455484340493086 0.0034695475271943606 0.0034695475271943606 0.0034695475271943606 1 1 1 Converged Converged Converged OK OK OK 240 240 240 240 240 240 8 8 8 0 0 0 0 1 0 0 1
50 50 linear 3 0 503 0 0.001 0.25289984942113503 0.22802228695756629 0.0044986633636685822 2.3301324874148466 2.9843474711874411 2.329232754742113 0.5 -2.2822736704903921 1.2907977130582589 OK 13 12 0.45889200000000002 0.46015699999999998 0.120639 0.33896199999999999 0.34118900000000002 0 0.11993000000000004 0.11896799999999996 0.120639 0.0095340000000000008 0.0099159999999999995 0.010681 0.088780999999999957 0.087393999999999972 0.08859999999999997 0.0031219999999999998 0.0032560000000000002 0.0030490000000000001 0.00078699999999999994 0.00076899999999999994 0.00077700000000000002 1.2907968939190955 1.2907968939190955 1.2907968939190955 0.00046875415221086511 0.00046875415221086511 0.00046875415221086511 1 1 1 Converged Converged Converged OK OK OK 61 61 61 61 61 61 3 3 3 0 0 0 0 0 1 0 0
50 50 linear 3 7 503 1 0.001 0.25289984942113503 0.22802228695756629 0.0044986633636685822 2.3301324874148466 2.9843474711874411 2.3297804181081245 0.5 -2.2828213338564036 1.2826526028174809 OK 13 12 0.56959499999999996 0.54977799999999999 0.121875 0.444739 0.31693700000000002 0 0.12485599999999997 0.23284099999999996 0.121875 0.0090699999999999999 0.0091839999999999995 0.0085909999999999997 0.096631000000000036 0.20398699999999997 0.094692000000000026 0.0031719999999999995 0.0033030000000000004 0.0030790000000000001 0.00083900000000000001 0.00082799999999999996 0.00075099999999999993 1.282651781043409 1.282651781043409 1.282651781043409 0.0004607823203054778 0.0004607823203054778 0.0004607823203054778 1 1 1 Converged Converged Converged OK OK OK 61 61 61 61 61 61 3 3 3 0 0 0 0 1 0 0 1
50 50 linear 3 15 503 2 0.001 0.25289984942113503 0.22802228695756629 0.0044986633636685822 2.3301324874148466 2.9843474711874411 2.3304063190978526 0.5 -2.2834472348461317 1.2756081596553195 OK 13 12 0.58182999999999996 0.41477000000000003 0.12296899999999999 0.45555400000000001 0.202903 0 0.12627599999999994 0.21186700000000003 0.12296899999999999 0.0091680000000000008 0.0091859999999999997 0.0085559999999999994 0.097977999999999996 0.18335900000000002 0.095814999999999984 0.003297 0.0034460000000000003 0.0031390000000000003 0.00075099999999999993 0.00073299999999999993 0.00068300000000000001 1.275607372697303 1.275607372697303 1.275607372697303 0.00045217050267384146 0.00045217050267384146 0.00045217050267384146 1 1 1 Converged Converged Converged OK OK OK 61 61 61 61 61 61 3 3 3 0 0 0 0 1 0 0 1
50 50 linear 3 23 503 3 0.001 0.25289984942113503 0.22802228695756629 0.0044986633636685822 2.3301324874148466 2.9843474711874411 2.3310322200875802 0.5 -2.2840731358358592 1.2702900238874666 OK 13 12 0.45164599999999999 0.42156700000000003 0.110486 0.33429799999999998 0.201104 0 0.11734800000000001 0.22046300000000002 0.110486 0.0090609999999999996 0.0091229999999999992 0.0085500000000000003 0.088926000000000005 0.192023 0.083416000000000032 0.0032780000000000001 0.0033700000000000002 0.0031400000000000004 0.00070999999999999991 0.00069400000000000006 0.00066300000000000007 1.2702892262798255 1.2702892262798255 1.2702892262798255 0.00044458677455195026 0.00044458677455195026 0.00044458677455195026 1 1 1 Converged Converged Converged OK OK OK 61 61 61 61 61 61 3 3 3 0 0 0 0 1 0 0 1
50 50 linear 3 0 503 0 0.0001 0.25289984942113503 0.22802228695756629 0.0044986633636685822 2.3301324874148466 2.9843474711874411 2.329232754742113 0.5 -2.2822736704903921 1.2907977130582589 OK 13 12 0.53771999999999998 0.53984100000000002 0.19309899999999999 0.34001399999999998 0.34042299999999998 0 0.19770599999999999 0.19941800000000004 0.19309899999999999 0.009894 0.010109 0.009469 0.15378499999999995 0.15475800000000001 0.15031999999999998 0.0048590000000000005 0.0050570000000000007 0.004849 0.001057 0.001067 0.001062 1.290796893120717 1.290796893120717 1.290796893120717 1.4278688086907701e-08 1.4278688086907701e-08 1.4278688086907701e-08 1 1 1 Converged Converged Converged OK OK OK 93 93 93 93 93 93 3 3 3 0 0 0 0 0 1 0 0
50 50 linear 3 7 503 1 0.0001 0.25289984942113503 0.22802228695756629 0.0044986633636685822 2.3301324874148466 2.9843474711874411 2.3297804181081245 0.5 -2.2828213338564036 1.2826526028174809 OK 13 12 0.64738200000000001 0.64307499999999995 0.196599 0.44511200000000001 0.31517000000000001 0 0.20227000000000001 0.32790499999999995 0.196599 0.009025 0.0091719999999999996 0.0086090000000000003 0.16366400000000003 0.28944599999999993 0.159329 0.0050729999999999994 0.0050169999999999998 0.0049230000000000003 0.00098900000000000008 0.00099700000000000006 0.001011 1.2826517805969353 1.2826517805969353 1.2826517805969353 1.1699696337849377e-08 1.1699696337849377e-08 1.1699696337849377e-08 1 1 1 Converged Converged Converged OK OK OK 93 93 93 93 93 93 3 3 3 0 0 0 0 1 0 0 1
50 50 linear 3 15 503 2 0.0001 0.25289984942113503 0.22802228695756629 0.0044986633636685822 2.3301324874148466 2.9843474711874411 2.3304063190978526 0.5 -2.2834472348461317 1.2756081596553195 OK 13 12 0.66770700000000005 0.52012899999999995 0.200154 0.45633499999999999 0.20308200000000001 0 0.21137200000000006 0.31704699999999997 0.200154 0.0091529999999999997 0.0093089999999999996 0.0085690000000000002 0.17297500000000005 0.27837099999999987 0.16318000000000005 0.0050229999999999997 0.0051190000000000003 0.0049199999999999999 0.00094799999999999995 0.00095 0.0009279999999999999 1.275607372505783 1.275607372505783 1.275607372505783 1.0970758717350582e-08 1.0970758717350582e-08 1.0970758717350582e-08 1 1 1 Converged Converged Converged OK OK OK 93 93 93 93 93 93 3 3 3 0 0 0 0 1 0 0 1
50 50 linear 3 23 503 3 0.0001 0.25289984942113503 0.22802228695756629 0.0044986633636685822 2.3301324874148466 2.9843474711874411 2.3310322200875802 0.5 -2.2840731358358592 1.2702900238874666 OK 13 12 0.51757299999999995 0.507212 0.178313 0.33473900000000001 0.19822799999999999 0 0.18283399999999994 0.30898400000000004 0.178313 0.0090449999999999992 0.0090840000000000001 0.0084869999999999998 0.144624 0.27061000000000002 0.14142700000000002 0.0050549999999999996 0.0051580000000000003 0.0049740000000000001 0.00093199999999999999 0.00094499999999999998 0.00090700000000000004 1.2702892262232033 1.2702892262232033 1.2702892262232033 1.1088204060016353e-08 1.1088204060016353e-08 1.1088204060016353e-08 1 1 1 Converged Converged Converged OK OK OK 93 93 93 93 93 93 3 3 3 0 0 0 0 1 0 0 1
50 50 linear 4 0 504 0 0.001 0.25289984942113503 0.22802228695756629 0.0044986633636685822 2.3162791153271942 -2.9765203114575085 2.3153793826544606 0.5 -2.2684202984027397 1.2086901490917397 OK 13 12 0.44697999999999999 0.44620599999999999 0.117896 0.32622899999999999 0.32768599999999998 0 0.120751 0.11852000000000001 0.117896 0.010057999999999999 0.010137 0.0097280000000000005 0.088624000000000008 0.086998999999999993 0.086744000000000002 0.0033079999999999997 0.0031380000000000002 0.0031719999999999999 0.00076400000000000003 0.00074400000000000009 0.00071400000000000001 1.2086894279275324 1.2086894279275324 1.2086894279275324 0.00034446094808693355 0.00034446094808693355 0.00034446094808693355 1 1 1 Converged Converged Converged OK OK OK 61 61 61 61 61 61 3 3 3 0 0 0 0 0 1 0 0
50 50 linear 4 7 504 1 0.001 0.25289984942113503 0.22802228695756629 0.0044986633636685822 2.3162791153271942 -2.9765203114575085 2.3159270460204722 0.5 -2.2689679617687513 1.2165232144917042 OK 13 12 0.45097399999999999 0.42144999999999999 0.116157 0.33573700000000001 0.201933 0 0.11523699999999998 0.21951699999999999 0.116157 0.0093349999999999995 0.0093410000000000003 0.0088330000000000006 0.086670999999999984 0.19110600000000003 0.088732999999999992 0.0032530000000000002 0.0032730000000000003 0.003127 0.00072000000000000005 0.00071099999999999994 0.000696 1.2165224857482475 1.2165224857482475 1.2165224857482475 0.00035740794613311826 0.00035740794613311826 0.00035740794613311826 1 1 1 Converged Converged Converged OK OK OK 61 61 61 61 61 61 3 3 3 0 0 0 0 1 0 0 1
50 50 linear 4 15 504 2 0.001 0.25289984942113503 0.22802228695756629 0.0044986633636685822 2.3162791153271942 -2.9765203114575085 2.3165529470102002 0.5 -2.2695938627584793 1.2263410563563477 OK 13 12 0.44658599999999998 0.41766399999999998 0.112278 0.331204 0.20182700000000001 0 0.11538199999999998 0.21583699999999997 0.112278 0.0093760000000000007 0.0093710000000000009 0.008914 0.087035000000000043 0.18736 0.084943999999999992 0.0031110000000000001 0.0032550000000000001 0.0031199999999999999 0.00069500000000000009 0.00069200000000000002 0.00067699999999999998 1.2263402927570675 1.2263402927570675 1.2263402927570675 0.00037360830512411032 0.00037360830512411032 0.00037360830512411032 1 1 1 Converged Converged Converged OK OK OK 61 61 61 61 61 61 3 3 3 0 0 0 0 1 0 0 1
50 50 linear 4 23 504 3 0.001 0.25289984942113503 0.22802228695756629 0.0044986633636685822 2.3162791153271942 -2.9765203114575085 2.3171788479999278 0.5 -2.2702197637482069 1.237247237883518 OK 13 12 0.44511600000000001 0.41821900000000001 0.107752 0.331181 0.20172999999999999 0 0.11393500000000001 0.21648900000000001 0.107752 0.0094120000000000002 0.0094830000000000001 0.008796 0.085445000000000021 0.187801 0.080555999999999989 0.0031029999999999999 0.0033210000000000002 0.0031320000000000002 0.00068300000000000001 0.00067099999999999994 0.00069400000000000006 1.237246480245235 1.237246480245235 1.237246480245235 0.0003915838544225384 0.0003915838544225384 0.0003915838544225384 1 1 1 Converged Converged Converged OK OK OK 61 61 61 61 61 61 3 3 3 0 0 0 0 1 0 0 1
50 50 linear 4 0 504 0 0.0001 0.25289984942113503 0.22802228695756629 0.0044986633636685822 2.3162791153271942 -2.9765203114575085 2.3153793826544606 0.5 -2.2684202984027397 1.2086901490917397 OK 13 12 0.51468000000000003 0.51259299999999997 0.184417 0.32740999999999998 0.33168599999999998 0 0.18727000000000005 0.18090699999999998 0.184417 0.010044000000000001 0.010111999999999999 0.0099349999999999994 0.14348200000000003 0.1373319999999999 0.14102699999999993 0.0049110000000000004 0.0049750000000000003 0.0048830000000000002 0.00096099999999999994 0.001008 0.00098999999999999999 1.2086894281434617 1.2086894281434617 1.2086894281434617 6.6883734143905347e-09 6.6883734143905347e-09 6.6883734143905347e-09 1 1 1 Converged Converged Converged OK OK OK 93 93 93 93 93 93 3 3 3 0 0 0 0 0 1 0 0
50 50 linear 4 7 504 1 0.0001 0.25289984942113503 0.22802228695756629 0.0044986633636685822 2.3162791153271942 -2.9765203114575085 2.3159270460204722 0.5 -2.2689679617687513 1.2165232144917042 OK 13 12 0.50887800000000005 0.51094200000000001 0.174707 0.33079999999999998 0.200158 0 0.17807800000000007 0.310784 0.174707 0.0094210000000000006 0.0094649999999999995 0.0089359999999999995 0.13975099999999996 0.27200699999999994 0.13717800000000005 0.0049740000000000001 0.0051540000000000006 0.0049549999999999993 0.00094500000000000009 0.000968 0.00093199999999999999 1.2165224859784853 1.2165224859784853 1.2165224859784853 7.2134593778994255e-09 7.2134593778994255e-09 7.2134593778994255e-09 1 1 1 Converged Converged Converged OK OK OK 93 93 93 93 93 93 3 3 3 0 0 0 0 1 0 0 1
50 50 linear 4 15 504 2 0.0001 0.25289984942113503 0.22802228695756629 0.0044986633636685822 2.3162791153271942 -2.9765203114575085 2.3165529470102002 0.5 -2.2695938627584793 1.2263410563563477 OK 13 12 0.50919899999999996 0.50407199999999996 0.170436 0.33496799999999999 0.19656799999999999 0 0.17423099999999997 0.307504 0.170436 0.009358 0.0093699999999999999 0.0088520000000000005 0.135937 0.2687119999999999 0.133073 0.004914 0.005115999999999999 0.0049249999999999997 0.00090600000000000001 0.00093800000000000003 0.00089799999999999993 1.2263402930095111 1.2263402930095111 1.2263402930095111 7.9290743930522817e-09 7.9290743930522817e-09 7.9290743930522817e-09 1 1 1 Converged Converged Converged OK OK OK 93 93 93 93 93 93 3 3 3 0 0 0 0 1 0 0 1
50 50 linear 4 23 504 3 0.0001 0.25289984942113503 0.22802228695756629 0.0044986633636685822 2.3162791153271942 -2.9765203114575085 2.3171788479999278 0.5 -2.2702197637482069 1.237247237883518 OK 13 12 0.50095699999999999 0.51200699999999999 0.16630900000000001 0.331148 0.20344499999999999 0 0.16980899999999999 0.308562 0.16630900000000001 0.0093790000000000002 0.0095119999999999996 0.0088780000000000005 0.13158700000000001 0.26958900000000002 0.12903599999999998 0.0049489999999999994 0.0051229999999999999 0.0049499999999999995 0.00090700000000000004 0.00093399999999999993 0.00092899999999999992 1.2372464805294676 1.2372464805294676 1.2372464805294676 8.8003779736153381e-09 8.8003779736153381e-09 8.8003779736153381e-09 1 1 1 Converged Converged Converged OK OK OK 93 93 93 93 93 93 3 3 3 0 0 0 0 1 0 0 1
50 50 uniform 0 0 505 0 0.001 0.25289984942113503 0.22802228695756629 0.0044986633636685822 2.3240649347664273 2.9794692682352562 2.3231652020936937 0 -2.2762061178419728 1.8596135619372032 OK 13 12 0.63650600000000002 0.640069 0.20805000000000001 0.43211500000000003 0.43569000000000002 0 0.20439099999999999 0.20437899999999998 0.20805000000000001 0.011056 0.010829999999999999 0.010626 0.16530499999999995 0.16618400000000003 0.16949999999999998 0.0038089999999999995 0.0037420000000000001 0.0037519999999999997 0.00097600000000000009 0.00097000000000000005 0.00099899999999999989 1.8596117750251764 1.8596117750251764 1.8596117750251764 0.00088354192609875015 0.00088354192609875015 0.00088354192609875015 1 1 1 Converged Converged Converged OK OK OK 90 90 90 90 90 90 6 6 6 0 0 0 0 0 1 0 0
50 50 uniform 0 7 505 1 0.001 0.25289984942113503 0.22802228695756629 0.0044986633636685822 2.3240649347664273 2.9794692682352562 2.3237128654597052 0 -2.2767537812079843 1.918678713724201 OK 13 12 0.66073599999999999 0.56777699999999998 0.20256099999999999 0.45331500000000002 0.2969 0 0.20742099999999997 0.27087699999999998 0.20256099999999999 0.0098490000000000001 0.0097300000000000008 0.0093810000000000004 0.17577299999999998 0.23927400000000007 0.17190000000000003 0.0037089999999999996 0.0040260000000000001 0.0038219999999999999 0.001031 0.0010629999999999999 0.001021 1.9187054807627901 1.9187054807627892 1.9187054807627901 0.0013967108133228824 0.0013967108133261105 0.0013967108133228824 1 1 1 Converged Converged Converged OK OK OK 90 90 90 90 90 90 6 6 6 0 0 0 0 1 0 0 1
50 50 uniform 0 15 505 2 0.001 0.25289984942113503 0.22802228695756629 0.0044986633636685822 2.3240649347664273 2.9794692682352562 2.3243387664494333 0 -2.2773796821977124 1.9826258811462119 OK 14 13 0.57548600000000005 0.75418499999999999 0.207897 0.365846 0.49501099999999998 0 0.20964000000000005 0.25917400000000002 0.207897 0.012970000000000001 0.012926999999999999 0.012366 0.17485499999999993 0.22434899999999991 0.173952 0.0035780000000000005 0.0035919999999999997 0.0035640000000000003 0.00090700000000000004 0.00087900000000000001 0.00095099999999999981 1.9826280878818034 1.9826280878818008 1.9826280878818034 0.0016346332547966292 0.0016346332547968929 0.0016346332547966292 1 1 1 Converged Converged Converged OK OK OK 81 81 81 81 81 81 7 7 7 0 0 0 0 1 0 0 1
50 50 uniform 0 23 505 3 0.001 0.25289984942113503 0.22802228695756629 0.0044986633636685822 2.3240649347664273 2.9794692682352562 2.3249646674391609 0 -2.27800558318744 2.0457068910065641 OK 14 13 0.846391 0.77872799999999998 0.20575499999999999 0.64102199999999998 0.48469200000000001 0 0.20536900000000002 0.29403599999999996 0.20575499999999999 0.012498 0.015737000000000001 0.011649 0.16926300000000008 0.25330499999999995 0.17084799999999997 0.0039559999999999994 0.004548 0.0039060000000000002 0.0010219999999999999 0.0011510000000000001 0.001016 2.0457075975227594 2.0457075975227679 2.0457075975227594 0.0011447407941453463 0.0011447407941497601 0.0011447407941453463 1 1 1 Converged Converged Converged OK OK OK 89 89 89 89 89 89 7 7 7 0 0 0 0 1 0 0 1
50 50 uniform 0 0 505 0 0.0001 0.25289984942113503 0.22802228695756629 0.0044986633636685822 2.3240649347664273 2.9794692682352562 2.3231652020936937 0 -2.2762061178419728 1.8596135619372032 OK 13 12 0.72509599999999996 0.72182400000000002 0.28628999999999999 0.434006 0.431336 0 0.29108999999999996 0.29048800000000002 0.28628999999999999 0.010841999999999999 0.010865 0.010468999999999999 0.23646700000000001 0.23678099999999988 0.23187100000000002 0.0063229999999999996 0.0058200000000000005 0.0064920000000000004 0.001627 0.0014429999999999998 0.0016049999999999999 1.8596139125138629 1.8596139125138629 1.8596139125138629 0.00011126465219449925 0.00011126465219449925 0.00011126465219449925 1 1 1 Converged Converged Converged OK OK OK 130 130 130 130 130 130 6 6 6 0 0 0 0 0 1 0 0
50 50 uniform 0 7 505 1 0.0001 0.25289984942113503 0.22802228695756629 0.0044986633636685822 2.3240649347664273 2.9794692682352562 2.3237128654597052 0 -2.2767537812079843 1.918678713724201 OK 13 12 0.80901999999999996 0.766903 0.35458800000000001 0.45784399999999997 0.29142800000000002 0 0.35117599999999999 0.47547499999999998 0.35458800000000001 0.0098279999999999999 0.0097800000000000005 0.0092560000000000003 0.2994259999999998 0.42455299999999985 0.30361400000000005 0.008796 0.0083300000000000006 0.0086959999999999989 0.0015939999999999999 0.001508 0.0016189999999999998 1.9186819782588502 1.9186819782588502 1.9186819782588502 0.00018868031265930179 0.00018868031266091001 0.00018868031265930179 1 1 1 Converged Converged Converged OK OK OK 162 162 162 162 162 162 6 6 6 0 0 0 0 1 0 0 1
50 50 uniform 0 15 505 2 0.0001 0.25289984942113503 0.22802228695756629 0.0044986633636685822 2.3240649347664273 2.9794692682352562 2.3243387664494333 0 -2.2773796821977124 1.9826258811462119 OK 14 13 0.64756999999999998 0.85543800000000003 0.27567399999999997 0.36545299999999997 0.50183699999999998 0 0.28211700000000001 0.35360100000000005 0.27567399999999997 0.012770999999999999 0.012939000000000001 0.012297000000000001 0.23780099999999993 0.30701700000000021 0.23239799999999991 0.0053250000000000007 0.0064000000000000012 0.0052739999999999992 0.0014009999999999999 0.0015870000000000003 0.0014030000000000002 1.9826264550079193 1.9826264550079118 1.9826264550079193 0.00015103560697306726 0.0001510356069811592 0.00015103560697306726 1 1 1 Converged Converged Converged OK OK OK 113 113 113 113 113 113 7 7 7 0 0 0 0 1 0 0 1
50 50 uniform 0 23 505 3 0.0001 0.25289984942113503 0.22802228695756629 0.0044986633636685822 2.3240649347664273 2.9794692682352562 2.3249646674391609 0 -2.27800558318744 2.0457068910065641 OK 14 13 0.89752799999999999 0.87424500000000005 0.25395000000000001 0.64141999999999999 0.49538500000000002 0 0.256108 0.37886000000000003 0.25395000000000001 0.012470999999999999 0.013697000000000001 0.011743999999999999 0.21219500000000011 0.33322199999999996 0.21160799999999994 0.0052940000000000001 0.0053630000000000006 0.0052410000000000009 0.0013550000000000001 0.0013700000000000001 0.0013540000000000002 2.0457076589060312 2.0457076589060397 2.0457076589060312 0.00017695225839612508 0.00017695225840053878 0.00017695225839612508 1 1 1 Converged Converged Converged OK OK OK 113 113 113 113 113 113 7 7 7 0 0 0 0 1 0 0 1
50 50 uniform 1 0 506 0 0.001 0.25289984942113503 0.22802228695756629 0.0044986633636685822 0.010513808016293922 -0.0055179109858407033 0.009614075343560206 0 0.037345008908160712 98.118063634511941 OK 14 13 0.482657 0.481014 0.14199800000000001 0.33962399999999998 0.33860299999999999 0 0.14303300000000002 0.14241100000000001 0.14199800000000001 0.012786 0.012958000000000001 0.012520999999999999 0.101021 0.10082500000000001 0.10042599999999996 0.0036479999999999998 0.0035739999999999999 0.0036830000000000005 0.0010080000000000002 0.00097900000000000005 0.0010269999999999999 98.117984349694737 98.117984349694737 98.117984349694737 0.066208931951615813 0.066208931951615813 0.066208931951615813 1 1 1 Converged Converged Converged OK OK OK 89 89 89 89 89 89 7 7 7 0 0 0 0 0 1 0 0
50 50 uniform 1 7 506 1 0.001 0.25289984942113503 0.22802228695756629 0.0044986633636685822 0.010513808016293922 -0.0055179109858407033 0.010161738709572033 0 0.03679734554214889 91.630553749231851 OK 14 13 0.51194799999999996 0.408829 0.13505400000000001 0.373276 0.233987 0 0.13867199999999996 0.174842 0.13505400000000001 0.012130999999999999 0.012059 0.011349 0.10414 0.14147099999999996 0.10290100000000001 0.0039089999999999993 0.0034889999999999999 0.0035669999999999999 0.001016 0.000959 0.00095399999999999999 91.63048111437908 91.63048111437908 91.63048111437908 0.062816875383055179 0.062816875383055179 0.062816875383055179 1 1 1 Converged Converged Converged OK OK OK 89 89 89 89 89 89 7 7 7 0 0 0 0 1 0 0 1
50 50 uniform 1 15 506 2 0.001 0.25289984942113503 0.22802228695756629 0.0044986633636685822 0.010513808016293922 -0.0055179109858407033 0.010787639699299837 0 0.036171444552421085 83.844827040776934 OK 14 13 0.479099 0.37579200000000001 0.147259 0.32996300000000001 0.19112699999999999 0 0.14913599999999999 0.18466500000000002 0.147259 0.01175 0.011920999999999999 0.010973999999999999 0.11614599999999999 0.15140599999999993 0.11546100000000004 0.0034669999999999992 0.0036700000000000001 0.0035329999999999997 0.00099499999999999979 0.00098700000000000003 0.00094800000000000006 83.845920780631957 83.845920780631957 83.845920780631957 0.054707518267180413 0.054707518267180413 0.054707518267180413 1 1 1 Converged Converged Converged OK OK OK 89 89 89 89 89 89 7 7 7 0 0 0 0 1 0 0 1
50 50 uniform 1 23 506 3 0.001 0.25289984942113503 0.22802228695756629 0.0044986633636685822 0.010513808016293922 -0.0055179109858407033 0.011413540689027639 0 0.03554554356269328 75.677070215469968 OK 14 13 0.48643199999999998 0.395094 0.15105499999999999 0.33195999999999998 0.194351 0 0.154472 0.200743 0.15105499999999999 0.011835999999999999 0.011776 0.01115 0.12074 0.16746200000000003 0.11940100000000003 0.0037789999999999998 0.0036310000000000005 0.0033530000000000001 0.0011440000000000001 0.0011039999999999999 0.001013 75.677088285095024 75.677088285095024 75.677088285095024 0.04360553168886739 0.04360553168886739 0.04360553168886739 1 1 1 Converged Converged Converged OK OK OK 89 89 89 89 89 89 7 7 7 0 0 0 0 1 0 0 1
50 50 uniform 1 0 506 0 0.0001 0.25289984942113503 0.22802228695756629 0.0044986633636685822 0.010513808016293922 -0.0055179109858407033 0.009614075343560206 0 0.037345008908160712 98.118063634511941 OK 14 13 0.53125500000000003 0.52790800000000004 0.19040099999999999 0.33942699999999998 0.33665099999999998 0 0.19182800000000005 0.19125700000000007 0.19040099999999999 0.013009 0.012966999999999999 0.012555 0.14154599999999995 0.14156399999999997 0.14114000000000002 0.0046870000000000002 0.004633 0.0046150000000000002 0.0012650000000000001 0.0012769999999999999 0.0013729999999999999 98.118062836055216 98.118062836055216 98.118062836055216 0.0087477903657307236 0.0087477903657307236 0.0087477903657307236 1 1 1 Converged Converged Converged OK OK OK 113 113 113 113 113 113 7 7 7 0 0 0 0 0 1 0 0
50 50 uniform 1 7 506 1 0.0001 0.25289984942113503 0.22802228695756629 0.0044986633636685822 0.010513808016293922 -0.0055179109858407033 0.010161738709572033 0 0.03679734554214889 91.630553749231851 OK 14 13 0.55322199999999999 0.46072299999999999 0.183006 0.369035 0.23485200000000001 0 0.18418699999999999 0.22587099999999999 0.183006 0.012234999999999999 0.012194 0.011434 0.14572800000000002 0.18670400000000004 0.14555500000000002 0.004581 0.0050559999999999997 0.0046919999999999991 0.0012130000000000001 0.001261 0.0012309999999999999 91.630556119325803 91.630556119325803 91.630556119325803 0.0066253271570231621 0.0066253271570231621 0.0066253271570231621 1 1 1 Converged Converged Converged OK OK OK 113 113 113 113 113 113 7 7 7 0 0 0 0 1 0 0 1
50 50 uniform 1 15 506 2 0.0001 0.25289984942113503 0.22802228695756629 0.0044986633636685822 0.010513808016293922 -0.0055179109858407033 0.010787639699299837 0 0.036171444552421085 83.844827040776934 OK 14 13 0.50839699999999999 0.41656700000000002 0.18290899999999999 0.32754800000000001 0.195935 0 0.18084899999999998 0.22063200000000002 0.18290899999999999 0.011851 0.011768000000000001 0.011109000000000001 0.142869 0.18191199999999999 0.14596600000000007 0.0045310000000000003 0.0049819999999999994 0.0046129999999999999 0.001196 0.0012459999999999999 0.001291 83.844831461882407 83.844831461882407 83.844831461882407 0.0071540526370058553 0.0071540526370058553 0.0071540526370058553 1 1 1 Converged Converged Converged OK OK OK 113 113 113 113 113 113 7 7 7 0 0 0 0 1 0 0 1
50 50 uniform 1 23 506 3 0.0001 0.25289984942113503 0.22802228695756629 0.0044986633636685822 0.010513808016293922 -0.0055179109858407033 0.011413540689027639 0 0.03554554356269328 75.677070215469968 OK 14 13 0.52480599999999999 0.45050200000000001 0.19605500000000001 0.32680199999999998 0.19503300000000001 0 0.19800400000000001 0.255469 0.19605500000000001 0.011806000000000001 0.011882 0.011098999999999999 0.15310100000000004 0.20913099999999996 0.15241099999999999 0.0054450000000000002 0.0062230000000000002 0.0054690000000000008 0.0015279999999999998 0.0015319999999999999 0.0015369999999999997 75.677071501187442 75.677071501187442 75.677071501187442 0.004934011324478539 0.004934011324478539 0.004934011324478539 1 1 1 Converged Converged Converged OK OK OK 129 129 129 129 129 129 7 7 7 0 0 0 0 1 0 0 1
50 50 uniform 2 0 507 0 0.001 0.25289984942113503 0.22802228695756629 0.0044986633636685822 -0.02484007678196664 0.0036648159893907916 -0.025739809454700356 0 0.072698893706421269 65.275382904223619 OK 16 15 0.83398399999999995 0.82783700000000005 0.27437899999999998 0.55149199999999998 0.54718800000000001 0 0.28249199999999997 0.28064900000000004 0.27437899999999998 0.013304 0.013100000000000001 0.012534999999999999 0.22741199999999992 0.23077399999999998 0.22525499999999998 0.0050609999999999995 0.0052259999999999989 0.0047629999999999999 0.001395 0.001323 0.0013520000000000001 65.275000930819019 65.275000930819019 65.275000930819019 0.059636716830765928 0.059636716830765928 0.059636716830765928 1 1 1 Converged Converged Converged OK OK OK 120 120 120 120 120 120 8 8 8 0 0 0 0 0 1 0 0
50 50 uniform 2 7 507 1 0.001 0.25289984942113503 0.22802228695756629 0.0044986633636685822 -0.02484007678196664 0.0036648159893907916 -0.025192146088688527 0 0.072151230340409447 67.431671901764815 OK 16 15 0.72767599999999999 0.61880599999999997 0.32636500000000002 0.40579599999999999 0.27463500000000002 0 0.32188 0.34417099999999995 0.32636500000000002 0.012456 0.012392 0.011646 0.275009 0.29648000000000002 0.28019399999999983 0.0069340000000000009 0.0075719999999999989 0.0071459999999999996 0.0013129999999999999 0.001459 0.0013930000000000001 67.43183537567873 67.43183537567873 67.43183537567873 0.039373908920170904 0.039373908920170904 0.039373908920170904 1 1 1 Converged Converged Converged OK OK OK 152 152 152 152 152 152 8 8 8 0 0 0 0 1 0 0 1
50 50 uniform 2 15 507 2 0.001 0.25289984942113503 0.22802228695756629 0.0044986633636685822 -0.02484007678196664 0.0036648159893907916 -0.024566245098960725 0 0.071525329350681649 70.028306783659289 OK 16 15 0.89642299999999997 0.79152900000000004 0.32942500000000002 0.57300600000000002 0.435701 0 0.32341699999999995 0.35582800000000003 0.32942500000000002 0.012137 0.011983000000000001 0.012612999999999999 0.27838199999999996 0.31031099999999984 0.28389800000000004 0.0070429999999999998 0.0074010000000000005 0.0070100000000000006 0.001305 0.0014680000000000001 0.0013439999999999999 70.028351672293127 70.028351672293127 70.028351672293127 0.040578373714646503 0.040578373714646503 0.040578373714646503 1 1 1 Converged Converged Converged OK OK OK 152 152 152 152 152 152 8 8 8 0 0 0 0 1 0 0 1
50 50 uniform 2 23 507 3 0.001 0.25289984942113503 0.22802228695756629 0.0044986633636685822 -0.02484007678196664 0.0036648159893907916 -0.023940344109232924 0 0.070899428360953837 72.723324051382818 OK 16 15 0.91241399999999995 0.80945299999999998 0.32805800000000002 0.59103700000000003 0.462113 0 0.32137699999999991 0.34733999999999998 0.32805800000000002 0.012193000000000001 0.011948 0.012617 0.27602499999999996 0.30218900000000004 0.28244600000000003 0.0072129999999999998 0.0073919999999999993 0.0071370000000000001 0.0013570000000000001 0.0013190000000000003 0.0013140000000000001 72.72319142918353 72.72319142918353 72.72319142918353 0.043230557493336479 0.043230557493336479 0.043230557493336479 1 1 1 Converged Converged Converged OK OK OK 152 152 152 152 152 152 8 8 8 0 0 0 0 1 0 0 1
50 50 uniform 2 0 507 0 0.0001 0.25289984942113503 0.22802228695756629 0.0044986633636685822 -0.02484007678196664 0.0036648159893907916 -0.025739809454700356 0 0.072698893706421269 65.275382904223619 OK 16 15 0.93881199999999998 0.92897600000000002 0.37148900000000001 0.56509399999999999 0.55615800000000004 0 0.37371799999999999 0.37281799999999998 0.37148900000000001 0.014297000000000001 0.013129999999999999 0.012645999999999999 0.30248599999999998 0.30192799999999997 0.30159499999999978 0.0082959999999999996 0.009137000000000001 0.0089029999999999995 0.001818 0.0018470000000000001 0.001758 65.275598287672551 65.275598287672551 65.275598287672551 0.0063814111628254051 0.0063814111628254051 0.0063814111628254051 1 1 1 Converged Converged Converged OK OK OK 176 176 176 176 176 176 8 8 8 0 0 0 0 0 1 0 0
50 50 uniform 2 7 507 1 0.0001 0.25289984942113503 0.22802228695756629 0.0044986633636685822 -0.02484007678196664 0.0036648159893907916 -0.025192146088688527 0 0.072151230340409447 67.431671901764815 OK 16 15 0.84180999999999995 0.73740099999999997 0.436137 0.40464600000000001 0.27698600000000001 0 0.43716399999999994 0.46041499999999996 0.436137 0.012657 0.012558 0.011702000000000001 0.37365700000000024 0.39785400000000026 0.3749070000000001 0.010954 0.01116 0.010950999999999999 0.0017949999999999999 0.0018709999999999998 0.0018629999999999999 67.431651964813668 67.431651964813668 67.431651964813668 0.0039454675131160681 0.0039454675131160681 0.0039454675131160681 1 1 1 Converged Converged Converged OK OK OK 208 208 208 208 208 208 8 8 8 0 0 0 0 1 0 0 1
50 50 uniform 2 15 507 2 0.0001 0.25289984942113503 0.22802228695756629 0.0044986633636685822 -0.02484007678196664 0.0036648159893907916 -0.024566245098960725 0 0.071525329350681649 70.028306783659289 OK 16 15 1.04982 0.95839399999999997 0.48280800000000001 0.57138299999999997 0.43756 0 0.478437 0.52083400000000002 0.48280800000000001 0.012418 0.012286999999999999 0.011349 0.40080900000000008 0.44563999999999987 0.40809100000000009 0.019432999999999999 0.017389000000000002 0.018277000000000002 0.0018129999999999999 0.0017740000000000004 0.0017999999999999997 70.02840384958094 70.02840384958094 70.02840384958094 0.0045629251347991256 0.0045629251347991256 0.0045629251347991256 1 1 1 Converged Converged Converged OK OK OK 240 240 240 240 240 240 8 8 8 0 0 0 0 1 0 0 1
50 50 uniform 2 23 507 3 0.0001 0.25289984942113503 0.22802228695756629 0.0044986633636685822 -0.02484007678196664 0.0036648159893907916 -0.023940344109232924 0 0.070899428360953837 72.723324051382818 OK 16 15 1.0577810000000001 0.98141900000000004 0.47497299999999998 0.59314199999999995 0.46222299999999999 0 0.46463900000000014 0.51919599999999999 0.47497299999999998 0.012278000000000001 0.015219999999999999 0.011313999999999999 0.39160299999999981 0.44389799999999979 0.4012889999999999 0.018384999999999999 0.018106000000000001 0.017169 0.0018290000000000003 0.0017760000000000002 0.0017629999999999998 72.723377775423927 72.723377775423927 72.723377775423927 0.0044478024723897201 0.0044478024723897201 0.0044478024723897201 1 1 1 Converged Converged Converged OK OK OK 240 240 240 240 240 240 8 8 8 0 0 0 0 1 0 0 1
50 50 uniform 3 0 508 0 0.001 0.25289984942113503 0.22802228695756629 0.0044986633636685822 2.3301324874148466 2.9843474711874411 2.329232754742113 0 -2.2822736704903921 1.2927607302176922 OK 13 12 0.42714099999999999 0.42804999999999999 0.087095000000000006 0.33921699999999999 0.34026600000000001 0 0.087924000000000002 0.087783999999999973 0.087095000000000006 0.0097179999999999992 0.0098539999999999999 0.0095809999999999992 0.062082999999999999 0.062079999999999975 0.061835000000000001 0.0022339999999999999 0.0021849999999999999 0.0021280000000000001 0.000602 0.00062100000000000002 0.00060000000000000006 1.2927607191088464 1.2927607191088464 1.2927607191088464 0.00045123443008492699 0.00045123443008492699 0.00045123443008492699 1 1 1 Converged Converged Converged OK OK OK 45 45 45 45 45 45 3 3 3 0 0 0 0 0 1 0 0
50 50 uniform 3 7 508 1 0.001 0.25289984942113503 0.22802228695756629 0.0044986633636685822 2.3301324874148466 2.9843474711874411 2.3297804181081245 0 -2.2828213338564036 1.2843428054367731 OK 13 12 0.53734400000000004 0.473132 0.092100000000000001 0.43992100000000001 0.31226300000000001 0 0.097423000000000037 0.16086899999999998 0.092100000000000001 0.0090570000000000008 0.0091369999999999993 0.0084980000000000003 0.073872000000000021 0.13734400000000005 0.069796000000000011 0.0022179999999999999 0.0023280000000000002 0.002222 0.000562 0.00058 0.00057899999999999998 1.2843427944901287 1.2843427944901287 1.2843427944901287 0.00044745771457760608 0.00044745771457760608 0.00044745771457760608 1 1 1 Converged Converged Converged OK OK OK 45 45 45 45 45 45 3 3 3 0 0 0 0 1 0 0 1
50 50 uniform 3 15 508 2 0.001 0.25289984942113503 0.22802228695756629 0.0044986633636685822 2.3301324874148466 2.9843474711874411 2.3304063190978526 0 -2.2834472348461317 1.2771138463633953 OK 13 12 0.55058200000000002 0.36007099999999997 0.093940999999999997 0.45506400000000002 0.20618700000000001 0 0.095517999999999992 0.15388399999999997 0.093940999999999997 0.0092339999999999992 0.0092010000000000008 0.0085000000000000006 0.072267999999999985 0.13026199999999999 0.071992000000000028 0.0021440000000000001 0.002274 0.0021129999999999999 0.00056099999999999998 0.00057399999999999997 0.00054100000000000003 1.277113835417591 1.277113835417591 1.277113835417591 0.00044966245584704742 0.00044966245584704742 0.00044966245584704742 1 1 1 Converged Converged Converged OK OK OK 45 45 45 45 45 45 3 3 3 0 0 0 0 1 0 0 1
50 50 uniform 3 23 508 3 0.001 0.25289984942113503 0.22802228695756629 0.0044986633636685822 2.3301324874148466 2.9843474711874411 2.3310322200875802 0 -2.2840731358358592 1.2716902521856943 OK 13 12 0.41449599999999998 0.34686299999999998 0.083596000000000004 0.33177000000000001 0.20053299999999999 0 0.082725999999999966 0.14632999999999999 0.083596000000000004 0.0091280000000000007 0.0091750000000000009 0.008482 0.059132999999999998 0.12289600000000003 0.061437000000000005 0.0022050000000000004 0.0023739999999999998 0.0022070000000000002 0.00057299999999999994 0.00056799999999999993 0.00054199999999999995 1.2716902412118747 1.2716902412118747 1.2716902412118747 0.00045063256662896848 0.00045063256662896848 0.00045063256662896848 1 1 1 Converged Converged Converged OK OK OK 45 45 45 45 45 45 3 3 3 0 0 0 0 1 0 0 1
50 50 uniform 3 0 508 0 0.0001 0.25289984942113503 0.22802228695756629 0.0044986633636685822 2.3301324874148466 2.9843474711874411 2.329232754742113 0 -2.2822736704903921 1.2927607302176922 OK 13 12 0.44553300000000001 0.44485200000000003 0.10582900000000001 0.33906500000000001 0.33857799999999999 0 0.10646800000000001 0.10627400000000004 0.10582900000000001 0.0096889999999999997 0.0097789999999999995 0.0094210000000000006 0.075188000000000005 0.075184999999999974 0.075058999999999931 0.0030349999999999999 0.003065 0.0030340000000000002 0.00074099999999999991 0.00076400000000000003 0.00071500000000000003 1.292760719116036 1.292760719116036 1.292760719116036 9.7712654172765642e-05 9.7712654172765642e-05 9.7712654172765642e-05 1 1 1 Converged Converged Converged OK OK OK 61 61 61 61 61 61 3 3 3 0 0 0 0 0 1 0 0
50 50 uniform 3 7 508 1 0.0001 0.25289984942113503 0.22802228695756629 0.0044986633636685822 2.3301324874148466 2.9843474711874411 2.3297804181081245 0 -2.2828213338564036 1.2843428054367731 OK 13 12 0.55317000000000005 0.53100599999999998 0.109824 0.44219399999999998 0.314612 0 0.11097600000000007 0.21639399999999998 0.109824 0.0090290000000000006 0.0091889999999999993 0.0085389999999999997 0.083039000000000016 0.18826299999999999 0.082777999999999935 0.0030529999999999997 0.0031219999999999998 0.0030230000000000001 0.00070300000000000007 0.00068599999999999998 0.00069999999999999999 1.2843427944972514 1.2843427944972514 1.2843427944972514 9.393635906690787e-05 9.393635906690787e-05 9.393635906690787e-05 1 1 1 Converged Converged Converged OK OK OK 61 61 61 61 61 61 3 3 3 0 0 0 0 1 0 0 1
50 50 uniform 3 15 508 2 0.0001 0.25289984942113503 0.22802228695756629 0.0044986633636685822 2.3301324874148466 2.9843474711874411 2.3304063190978526 0 -2.2834472348461317 1.2771138463633953 OK 13 12 0.56850599999999996 0.404136 0.110544 0.45256200000000002 0.20219100000000001 0 0.11594399999999994 0.20194499999999999 0.110544 0.0091059999999999995 0.009051 0.0085430000000000002 0.087862999999999983 0.17382599999999998 0.083612999999999951 0.003052 0.0030959999999999998 0.0029420000000000002 0.00069200000000000002 0.00068199999999999999 0.00065200000000000002 1.2771138354247609 1.2771138354247609 1.2771138354247609 9.6141580809816095e-05 9.6141580809816095e-05 9.6141580809816095e-05 1 1 1 Converged Converged Converged OK OK OK 61 61 61 61 61 61 3 3 3 0 0 0 0 1 0 0 1
50 50 uniform 3 23 508 3 0.0001 0.25289984942113503 0.22802228695756629 0.0044986633636685822 2.3301324874148466 2.9843474711874411 2.3310322200875802 0 -2.2840731358358592 1.2716902521856943 OK 13 12 0.43451800000000002 0.405196 0.098170999999999994 0.334843 0.20369799999999999 0 0.099675000000000014 0.20149800000000001 0.098170999999999994 0.0090749999999999997 0.0090939999999999997 0.0085059999999999997 0.071809999999999957 0.17326899999999998 0.071370999999999976 0.0030430000000000001 0.0031099999999999999 0.002954 0.00067400000000000001 0.00068800000000000003 0.00067599999999999995 1.2716902412190414 1.2716902412190414 1.2716902412190414 9.7112171947633555e-05 9.7112171947633555e-05 9.7112171947633555e-05 1 1 1 Converged Converged Converged OK OK OK 61 61 61 61 61 61 3 3 3 0 0 0 0 1 0 0 1
50 50 uniform 4 0 509 0 0.001 0.25289984942113503 0.22802228695756629 0.0044986633636685822 2.3162791153271942 -2.9765203114575085 2.3153793826544606 0 -2.2684202984027397 1.2092834546181228 OK 13 12 0.41714200000000001 0.41501199999999999 0.088306999999999997 0.32835700000000001 0.32600800000000002 0 0.088785000000000003 0.089003999999999972 0.088306999999999997 0.010070000000000001 0.010193000000000001 0.0098919999999999998 0.062675999999999996 0.063033999999999993 0.062667 0.002163 0.002196 0.002183 0.00055199999999999997 0.000553 0.00054699999999999996 1.209283441789553 1.209283441789553 1.209283441789553 0.00042467180555056419 0.00042467180555056419 0.00042467180555056419 1 1 1 Converged Converged Converged OK OK OK 45 45 45 45 45 45 3 3 3 0 0 0 0 0 1 0 0
50 50 uniform 4 7 509 1 0.001 0.25289984942113503 0.22802228695756629 0.0044986633636685822 2.3162791153271942 -2.9765203114575085 2.3159270460204722 0 -2.2689679617687513 1.2172091862765506 OK 13 12 0.41295100000000001 0.34981000000000001 0.082721000000000003 0.32880500000000001 0.20222699999999999 0 0.084145999999999999 0.14758300000000002 0.082721000000000003 0.0094339999999999997 0.0093620000000000005 0.0088030000000000001 0.060543000000000007 0.12426200000000001 0.060409000000000018 0.0021559999999999999 0.002209 0.0021080000000000001 0.00055800000000000001 0.00054500000000000002 0.00054000000000000001 1.2172091732890757 1.2172091732890757 1.2172091732890757 0.00042727960893175064 0.00042727960893175064 0.00042727960893175064 1 1 1 Converged Converged Converged OK OK OK 45 45 45 45 45 45 3 3 3 0 0 0 0 1 0 0 1
50 50 uniform 4 15 509 2 0.001 0.25289984942113503 0.22802228695756629 0.0044986633636685822 2.3162791153271942 -2.9765203114575085 2.3165529470102002 0 -2.2695938627584793 1.2271585266921639 OK 13 12 0.41475800000000002 0.34517100000000001 0.081561999999999996 0.33185700000000001 0.19920499999999999 0 0.082901000000000002 0.14596600000000001 0.081561999999999996 0.0094540000000000006 0.009332 0.0088640000000000004 0.059526000000000016 0.12286199999999997 0.059307999999999993 0.0021199999999999999 0.0022329999999999997 0.0021259999999999999 0.00056700000000000001 0.00055199999999999997 0.00054299999999999997 1.2271585134942777 1.2271585134942777 1.2271585134942777 0.00043055044753233208 0.00043055044753233208 0.00043055044753233208 1 1 1 Converged Converged Converged OK OK OK 45 45 45 45 45 45 3 3 3 0 0 0 0 1 0 0 1
50 50 uniform 4 23 509 3 0.001 0.25289984942113503 0.22802228695756629 0.0044986633636685822 2.3162791153271942 -2.9765203114575085 2.3171788479999278 0 -2.2702197637482069 1.2382330086367239 OK 13 12 0.41111500000000001 0.346522 0.078501000000000001 0.33146999999999999 0.20111299999999999 0 0.079645000000000021 0.14540900000000001 0.078501000000000001 0.0093069999999999993 0.0093500000000000007 0.0087840000000000001 0.056506000000000008 0.12223099999999999 0.056338999999999986 0.002137 0.0022560000000000002 0.0021329999999999999 0.00055500000000000005 0.00054999999999999992 0.00053399999999999997 1.2382329951865154 1.2382329951865154 1.2382329951865154 0.00043420644881282032 0.00043420644881282032 0.00043420644881282032 1 1 1 Converged Converged Converged OK OK OK 45 45 45 45 45 45 3 3 3 0 0 0 0 1 0 0 1
50 50 uniform 4 0 509 0 0.0001 0.25289984942113503 0.22802228695756629 0.0044986633636685822 2.3162791153271942 -2.9765203114575085 2.3153793826544606 0 -2.2684202984027397 1.2092834546181228 OK 13 12 0.43232100000000001 0.44160300000000002 0.105825 0.32575999999999999 0.33482099999999998 0 0.10656100000000002 0.10678200000000004 0.105825 0.010278000000000001 0.010266000000000001 0.0097730000000000004 0.074888999999999997 0.074979000000000018 0.074720000000000023 0.0029789999999999999 0.0030409999999999999 0.0029870000000000001 0.0006910000000000001 0.00071599999999999995 0.00066600000000000003 1.2092834417967186 1.2092834417967186 1.2092834417967186 7.1131514048114941e-05 7.1131514048114941e-05 7.1131514048114941e-05 1 1 1 Converged Converged Converged OK OK OK 61 61 61 61 61 61 3 3 3 0 0 0 0 0 1 0 0
50 50 uniform 4 7 509 1 0.0001 0.25289984942113503 0.22802228695756629 0.0044986633636685822 2.3162791153271942 -2.9765203114575085 2.3159270460204722 0 -2.2689679617687513 1.2172091862765506 OK 13 12 0.43559199999999998 0.41171799999999997 0.10410899999999999 0.33103100000000002 0.20294300000000001 0 0.10456099999999996 0.20877499999999996 0.10410899999999999 0.0094070000000000004 0.0094579999999999994 0.0088620000000000001 0.076323000000000016 0.18028 0.072828000000000018 0.002957 0.0030500000000000002 0.0029549999999999997 0.00066500000000000001 0.00067699999999999998 0.00065200000000000002 1.217209173296377 1.217209173296377 1.217209173296377 7.3739744415833548e-05 7.3739744415833548e-05 7.3739744415833548e-05 1 1 1 Converged Converged Converged OK OK OK 61 61 61 61 61 61 3 3 3 0 0 0 0 1 0 0 1
50 50 uniform 4 15 509 2 0.0001 0.25289984942113503 0.22802228695756629 0.0044986633636685822 2.3162791153271942 -2.9765203114575085 2.3165529470102002 0 -2.2695938627584793 1.2271585266921639 OK 13 12 0.43437799999999999 0.40620099999999998 0.099822999999999995 0.33283499999999999 0.200235 0 0.10154299999999999 0.20596599999999998 0.099822999999999995 0.0092940000000000002 0.012402 0.0089289999999999994 0.07351999999999996 0.17478199999999999 0.072737999999999969 0.002967 0.0030409999999999999 0.002908 0.00068199999999999988 0.00066699999999999995 0.00065399999999999996 1.2271585135014571 1.2271585135014571 1.2271585135014571 7.7011070378728316e-05 7.7011070378728316e-05 7.7011070378728316e-05 1 1 1 Converged Converged Converged OK OK OK 61 61 61 61 61 61 3 3 3 0 0 0 0 1 0 0 1
50 50 uniform 4 23 509 3 0.0001 0.25289984942113503 0.22802228695756629 0.0044986633636685822 2.3162791153271942 -2.9765203114575085 2.3171788479999278 0 -2.2702197637482069 1.2382330086367239 OK 13 12 0.42959900000000001 0.40799000000000002 0.10111199999999999 0.33282499999999998 0.203766 0 0.096774000000000027 0.20422400000000002 0.10111199999999999 0.0092309999999999996 0.0094830000000000001 0.0087910000000000002 0.068739999999999996 0.175703 0.074143000000000001 0.0029839999999999997 0.003104 0.0029880000000000002 0.00065099999999999999 0.00066600000000000003 0.00064999999999999997 1.238232995193624 1.238232995193624 1.238232995193624 8.0667559028682238e-05 8.0667559028682238e-05 8.0667559028682238e-05 1 1 1 Converged Converged Converged OK OK OK 61 61 61 61 61 61 3 3 3 0 0 0 0 1 0 0 1
51 51 linear 0 0 510 0 0.001 1.0891911220403687 0.12918618500252738 0.023038704172815356 -0.19945718437494506 0.38926461154287739 -0.20406492520950814 0.5 0.32867541696353408 4.3570433671700632 OK 14 13 0.51202800000000004 0.51351199999999997 0.187032 0.31877800000000001 0.31804700000000002 0 0.19325000000000003 0.19546499999999994 0.187032 0.012984000000000001 0.013042 0.012336 0.14773499999999998 0.149697 0.14290799999999998 0.0046130000000000008 0.0045770000000000003 0.0044489999999999998 0.0010990000000000002 0.001129 0.0010920000000000001 4.3570621604378994 4.3570621604378994 4.3570621604378994 0.0036174969996359122 0.0036174969996359122 0.0036174969996359122 1 1 1 Converged Converged Converged OK OK OK 90 90 90 90 90 90 6 6 6 0 0 0 0 0 1 0 0
51 51 linear 0 7 510 1 0.001 1.0891911220403687 0.12918618500252738 0.023038704172815356 -0.19945718437494506 0.38926461154287739 -0.20126021339716538 0.5 0.32587070515119132 4.4777605769262703 OK 14 13 0.57243900000000003 0.49818699999999999 0.21978 0.34354499999999999 0.22760900000000001 0 0.22889400000000004 0.27057799999999999 0.21978 0.012213 0.012116999999999999 0.01142 0.18443899999999996 0.22752200000000009 0.178063 0.0058380000000000003 0.0052950000000000002 0.0050489999999999997 0.001284 0.001266 0.00125 4.477814700175081 4.477814700175081 4.477814700175081 0.0024124426701411521 0.0024124426701411521 0.0024124426701411521 1 1 1 Converged Converged Converged OK OK OK 105 105 105 105 105 105 7 7 7 0 0 0 0 1 0 0 1
51 51 linear 0 15 510 2 0.001 1.0891911220403687 0.12918618500252738 0.023038704172815356 -0.19945718437494506 0.38926461154287739 -0.19805482846877367 0.5 0.32266532022279959 4.5680442837211377 OK 14 13 0.50420500000000001 0.434305 0.18957399999999999 0.30750699999999997 0.209341 0 0.19669800000000004 0.224964 0.18957399999999999 0.012082000000000001 0.012215 0.011402000000000001 0.15931300000000004 0.18827099999999999 0.15412100000000006 0.0044350000000000006 0.0043350000000000003 0.0042639999999999996 0.001242 0.0011310000000000001 0.0011379999999999999 4.5679583706486069 4.5679583706486069 4.5679583706486069 0.0036506200874771404 0.0036506200874771404 0.0036506200874771404 1 1 1 Converged Converged Converged OK OK OK 89 89 89 89 89 89 7 7 7 0 0 0 0 1 0 0 1
51 51 linear 0 23 510 3 0.001 1.0891911220403687 0.12918618500252738 0.023038704172815356 -0.19945718437494506 0.38926461154287739 -0.19484944354038197 0.5 0.31945993529440792 4.604633514725669 OK 14 13 0.55900499999999997 0.47724800000000001 0.20787 0.347522 0.23128399999999999 0 0.21148299999999998 0.24596400000000002 0.20787 0.011738999999999999 0.011892 0.011058999999999999 0.17236599999999999 0.20693200000000006 0.17033800000000002 0.0048150000000000007 0.0048440000000000002 0.0046359999999999995 0.0011559999999999999 0.0011429999999999999 0.0010809999999999999 4.6046262551819739 4.6046262551819739 4.6046262551819739 0.0025218362153693078 0.0025218362153693078 0.0025218362153693078 1 1 1 Converged Converged Converged OK OK OK 97 97 97 97 97 97 7 7 7 0 0 0 0 1 0 0 1
51 51 linear 0 0 510 0 0.0001 1.0891911220403687 0.12918618500252738 0.023038704172815356 -0.19945718437494506 0.38926461154287739 -0.20406492520950814 0.5 0.32867541696353408 4.3570433671700632 OK 14 13 0.58190299999999995 0.57653100000000002 0.25324799999999997 0.321324 0.31871100000000002 0 0.26057899999999995 0.25781999999999999 0.25324799999999997 0.012912 0.012710000000000001 0.012377000000000001 0.20124699999999987 0.19901299999999994 0.19493899999999992 0.0065669999999999999 0.0065589999999999997 0.0062780000000000006 0.0015099999999999998 0.00156 0.0015280000000000001 4.3570621657267603 4.3570621657267603 4.3570621657267603 0.00011603054478920901 0.00011603054478920901 0.00011603054478920901 1 1 1 Converged Converged Converged OK OK OK 122 122 122 122 122 122 6 6 6 0 0 0 0 0 1 0 0
51 51 linear 0 7 510 1 0.0001 1.0891911220403687 0.12918618500252738 0.023038704172815356 -0.19945718437494506 0.38926461154287739 -0.20126021339716538 0.5 0.32587070515119132 4.4777605769262703 OK 14 13 0.60447300000000004 0.54283700000000001 0.25123600000000001 0.34539599999999998 0.22489600000000001 0 0.25907700000000006 0.31794100000000003 0.25123600000000001 0.012226000000000001 0.012102999999999999 0.011367 0.20796800000000001 0.26706100000000005 0.20208600000000007 0.0064460000000000003 0.0068409999999999999 0.0065839999999999996 0.001487 0.0015529999999999999 0.0015539999999999998 4.4777917621371133 4.4777917621371133 4.4777917621371133 9.272635263269299e-05 9.272635263269299e-05 9.272635263269299e-05 1 1 1 Converged Converged Converged OK OK OK 129 129 129 129 129 129 7 7 7 0 0 0 0 1 0 0 1
51 51 linear 0 15 510 2 0.0001 1.0891911220403687 0.12918618500252738 0.023038704172815356 -0.19945718437494506 0.38926461154287739 -0.19805482846877367 0.5 0.32266532022279959 4.5680442837211377 OK 14 13 0.54803999999999997 0.50720900000000002 0.23249 0.30716700000000002 0.21101700000000001 0 0.24087299999999995 0.29619200000000001 0.23249 0.012233000000000001 0.012144 0.011261999999999999 0.19351000000000013 0.24914600000000009 0.18753099999999992 0.0061729999999999997 0.0061060000000000003 0.0058620000000000009 0.0014759999999999999 0.0013940000000000001 0.0014439999999999998 4.5679583714842513 4.5679583714842513 4.5679583714842513 0.00024251442150764326 0.00024251442150764326 0.00024251442150764326 1 1 1 Converged Converged Converged OK OK OK 121 121 121 121 121 121 7 7 7 0 0 0 0 1 0 0 1
51 51 linear 0 23 510 3 0.0001 1.0891911220403687 0.12918618500252738 0.023038704172815356 -0.19945718437494506 0.38926461154287739 -0.19484944354038197 0.5 0.31945993529440792 4.604633514725669 OK 14 13 0.59038000000000002 0.53199700000000005 0.239068 0.34697800000000001 0.22773099999999999 0 0.24340200000000001 0.30426600000000004 0.239068 0.011665999999999999 0.011786 0.011044999999999999 0.1973850000000002 0.25432599999999977 0.19459699999999994 0.0059490000000000003 0.0059749999999999994 0.005744 0.0014190000000000001 0.0055260000000000005 0.001341 4.604626521572059 4.604626521572059 4.604626521572059 0.00020920034171229487 0.00020920034171229487 0.00020920034171229487 1 1 1 Converged Converged Converged OK OK OK 121 121 121 121 121 121 7 7 7 0 0 0 0 1 0 0 1
51 51 linear 1 0 511 0 0.001 1.0891911220403687 0.12918618500252738 0.023038704172815356 -0.29416030575330104 -0.14394429847470086 -0.2987680465878641 0.5 0.42337853834189004 5.8436411354372044 OK 14 13 0.422734 0.41678700000000002 0.147838 0.26991199999999999 0.269154 0 0.15282200000000001 0.14763300000000001 0.147838 0.012017999999999999 0.011835999999999999 0.01158 0.10534100000000003 0.10209300000000003 0.10168399999999997 0.004509 0.00413 0.0043409999999999994 0.0013439999999999999 0.001225 0.0012519999999999999 5.8436723047266641 5.8436723047266641 5.8436723047266641 0.0031232233429348976 0.0031232233429348976 0.0031232233429348976 1 1 1 Converged Converged Converged OK OK OK 104 104 104 104 104 104 8 8 8 0 0 0 0 0 1 0 0
51 51 linear 1 7 511 1 0.001 1.0891911220403687 0.12918618500252738 0.023038704172815356 -0.29416030575330104 -0.14394429847470086 -0.29596333477552139 0.5 0.42057382652954733 5.9278408227048249 OK 14 13 0.43730000000000002 0.35015099999999999 0.134017 0.30170200000000003 0.18970300000000001 0 0.135598 0.16044799999999998 0.134017 0.011096999999999999 0.010966999999999999 0.010479 0.10081700000000006 0.12577500000000005 0.10015699999999998 0.0041770000000000002 0.0043010000000000001 0.0040749999999999996 0.0011380000000000001 0.0011779999999999998 0.0011590000000000001 5.9278522224949759 5.9278522224949759 5.9278522224949759 0.003513552227826915 0.003513552227826915 0.003513552227826915 1 1 1 Converged Converged Converged OK OK OK 104 104 104 104 104 104 8 8 8 0 0 0 0 1 0 0 1
51 51 linear 1 15 511 2 0.001 1.0891911220403687 0.12918618500252738 0.023038704172815356 -0.29416030575330104 -0.14394429847470086 -0.29275794984712966 0.5 0.4173684416011556 5.9802503780593215 OK 14 13 0.42779600000000001 0.33775500000000003 0.13192100000000001 0.291381 0.181475 0 0.13641500000000001 0.15628000000000003 0.13192100000000001 0.010914 0.011129999999999999 0.010482 0.10148799999999999 0.12058199999999998 0.098357999999999959 0.0041970000000000002 0.0047750000000000006 0.0041549999999999998 0.0011639999999999999 0.0012689999999999999 0.0011789999999999999 5.9802592033704958 5.9802592033704958 5.9802592033704958 0.0040775430782468798 0.0040775430782468798 0.0040775430782468798 1 1 1 Converged Converged Converged OK OK OK 104 104 104 104 104 104 8 8 8 0 0 0 0 1 0 0 1
51 51 linear 1 23 511 3 0.001 1.0891911220403687 0.12918618500252738 0.023038704172815356 -0.29416030575330104 -0.14394429847470086 -0.28955256491873799 0.5 0.41416305667276393 5.9810373465718207 OK 14 13 0.41691699999999998 0.33987299999999998 0.13716200000000001 0.275279 0.170573 0 0.14163799999999999 0.16929999999999998 0.13716200000000001 0.011084 0.011143 0.010387 0.10694700000000001 0.13434900000000002 0.10363599999999996 0.0040470000000000002 0.004215 0.0041459999999999995 0.0011920000000000001 0.0012350000000000002 0.0011590000000000001 5.9810301876639089 5.9810301876639089 5.9810301876639089 0.0047607293679576626 0.0047607293679576626 0.0047607293679576626 1 1 1 Converged Converged Converged OK OK OK 104 104 104 104 104 104 8 8 8 0 0 0 0 1 0 0 1
51 51 linear 1 0 511 0 0.0001 1.0891911220403687 0.12918618500252738 0.023038704172815356 -0.29416030575330104 -0.14394429847470086 -0.2987680465878641 0.5 0.42337853834189004 5.8436411354372044 OK 14 13 0.46845199999999998 0.46148800000000001 0.19022700000000001 0.27337299999999998 0.27137800000000001 0 0.195079 0.19011 0.19022700000000001 0.012062 0.01197 0.011473000000000001 0.13663499999999998 0.13268399999999991 0.13245600000000002 0.0062909999999999997 0.0060740000000000004 0.0064329999999999995 0.001588 0.0015429999999999999 0.0016560000000000001 5.8436730545023154 5.8436730545023154 5.8436730545023154 0.00017951312125718044 0.00017951312125718044 0.00017951312125718044 1 1 1 Converged Converged Converged OK OK OK 136 136 136 136 136 136 8 8 8 0 0 0 0 0 1 0 0
51 51 linear 1 7 511 1 0.0001 1.0891911220403687 0.12918618500252738 0.023038704172815356 -0.29416030575330104 -0.14394429847470086 -0.29596333477552139 0.5 0.42057382652954733 5.9278408227048249 OK 14 13 0.47705799999999998 0.397642 0.17125899999999999 0.299348 0.186782 0 0.17770999999999998 0.21085999999999999 0.17125899999999999 0.011050000000000001 0.011037 0.010449999999999999 0.13391900000000004 0.16770099999999988 0.12887400000000007 0.0061390000000000012 0.0058149999999999999 0.0061199999999999996 0.0014140000000000001 0.0014409999999999998 0.0014379999999999998 5.9278530211657303 5.9278530211657303 5.9278530211657303 0.00019297489439352861 0.00019297489439352861 0.00019297489439352861 1 1 1 Converged Converged Converged OK OK OK 136 136 136 136 136 136 8 8 8 0 0 0 0 1 0 0 1
51 51 linear 1 15 511 2 0.0001 1.0891911220403687 0.12918618500252738 0.023038704172815356 -0.29416030575330104 -0.14394429847470086 -0.29275794984712966 0.5 0.4173684416011556 5.9802503780593215 OK 14 13 0.46907100000000002 0.37940800000000002 0.169929 0.29353600000000002 0.182444 0 0.175535 0.19696400000000003 0.169929 0.011041 0.011070999999999999 0.010449 0.13174800000000003 0.15392000000000008 0.12766600000000006 0.0061420000000000008 0.0059410000000000001 0.0063019999999999994 0.0014449999999999999 0.0014990000000000001 0.0014729999999999999 5.9802598484034366 5.9802598484034366 5.9802598484034366 0.00021473826175273257 0.00021473826175273257 0.00021473826175273257 1 1 1 Converged Converged Converged OK OK OK 136 136 136 136 136 136 8 8 8 0 0 0 0 1 0 0 1
51 51 linear 1 23 511 3 0.0001 1.0891911220403687 0.12918618500252738 0.023038704172815356 -0.29416030575330104 -0.14394429847470086 -0.28955256491873799 0.5 0.41416305667276393 5.9810373465718207 OK 14 13 0.45802199999999998 0.391905 0.176949 0.27598699999999998 0.16798399999999999 0 0.182035 0.22392100000000001 0.176949 0.011006999999999999 0.011205 0.010434000000000001 0.13928199999999999 0.17878500000000003 0.13475199999999998 0.0060010000000000003 0.0071250000000000011 0.0060689999999999997 0.001462 0.0016470000000000002 0.001457 5.9810300987652285 5.9810300987652285 5.9810300987652285 0.00024782264039258518 0.00024782264039258518 0.00024782264039258518 1 1 1 Converged Converged Converged OK OK OK 136 136 136 136 136 136 8 8 8 0 0 0 0 1 0 0 1
51 51 linear 2 0 512 0 0.001 1.0891911220403687 0.12918618500252738 0.023038704172815356 0.097320605506865471 -0.026895029254457511 0.0927128646723024 0.5 0.031897627081723542 13.396675831925807 OK 14 13 0.46385199999999999 0.45756200000000002 0.16376499999999999 0.29420800000000003 0.29459999999999997 0 0.16964399999999996 0.16296200000000005 0.16376499999999999 0.014194999999999999 0.013753 0.013717999999999999 0.123933 0.11950100000000004 0.119782 0.004751 0.0040969999999999999 0.0043150000000000003 0.0012030000000000001 0.0010379999999999999 0.001224 13.396637696185762 13.396637696185762 13.396637696185762 0.0051525936169732819 0.0051525936169732819 0.0051525936169732819 1 1 1 Converged Converged Converged OK OK OK 82 82 82 82 82 82 6 6 6 0 0 0 0 0 1 0 0
51 51 linear 2 7 512 1 0.001 1.0891911220403687 0.12918618500252738 0.023038704172815356 0.097320605506865471 -0.026895029254457511 0.095517576484645136 0.5 0.029092915269380806 11.026872531104772 OK 14 13 0.44186799999999998 0.38686100000000001 0.15093999999999999 0.28739399999999998 0.18801300000000001 0 0.154474 0.198848 0.15093999999999999 0.01285 0.013022000000000001 0.012652 0.118106 0.161657 0.11456700000000004 0.0041310000000000001 0.004568 0.0045789999999999997 0.0010240000000000002 0.0011440000000000001 0.0011460000000000001 11.026836614164834 11.026836614164834 11.026836614164834 0.0020924651572239309 0.0020924651572239309 0.0020924651572239309 1 1 1 Converged Converged Converged OK OK OK 82 82 82 82 82 82 6 6 6 0 0 0 0 1 0 0 1
51 51 linear 2 15 512 2 0.001 1.0891911220403687 0.12918618500252738 0.023038704172815356 0.097320605506865471 -0.026895029254457511 0.098722961413036839 0.5 0.025887530340989104 11.099055976060379 OK 13 12 0.37331500000000001 0.29417300000000002 0.10739 0.262295 0.15981400000000001 0 0.11102000000000001 0.13435900000000001 0.10739 0.0093740000000000004 0.0092860000000000009 0.0087650000000000002 0.085773000000000016 0.10941399999999996 0.083241999999999997 0.0027290000000000001 0.0027810000000000001 0.0027310000000000004 0.00078299999999999995 0.00076100000000000007 0.00077899999999999996 11.099044097374959 11.099044097374959 11.099044097374959 0.00074014445885311857 0.00074014445885311857 0.00074014445885311857 1 1 1 Converged Converged Converged OK OK OK 60 60 60 60 60 60 4 4 4 0 0 0 0 1 0 0 1
51 51 linear 2 23 512 3 0.001 1.0891911220403687 0.12918618500252738 0.023038704172815356 0.097320605506865471 -0.026895029254457511 0.10192834634142854 0.5 0.022682145412597401 11.363371798707682 OK 13 12 0.34660999999999997 0.27007999999999999 0.105681 0.23613899999999999 0.14343800000000001 0 0.11047099999999999 0.12664199999999998 0.105681 0.0095519999999999997 0.0092870000000000001 0.0086619999999999996 0.084396999999999986 0.10120999999999999 0.081752999999999992 0.0032279999999999995 0.0029419999999999997 0.0027010000000000003 0.00085599999999999999 0.00083600000000000005 0.0007899999999999999 11.363360973229447 11.363360973229447 11.363360973229447 0.0010115689090787504 0.0010115689090787504 0.0010115689090787504 1 1 1 Converged Converged Converged OK OK OK 60 60 60 60 60 60 4 4 4 0 0 0 0 1 0 0 1
51 51 linear 2 0 512 0 0.0001 1.0891911220403687 0.12918618500252738 0.023038704172815356 0.097320605506865471 -0.026895029254457511 0.0927128646723024 0.5 0.031897627081723542 13.396675831925807 OK 14 13 0.49123899999999998 0.48365599999999997 0.192387 0.29660300000000001 0.29277999999999998 0 0.19463599999999998 0.19087599999999999 0.192387 0.013923 0.013799000000000001 0.013924000000000001 0.14569399999999996 0.14283600000000007 0.14350400000000002 0.0051380000000000002 0.0049940000000000002 0.0054500000000000009 0.0012179999999999999 0.001207 0.0012589999999999999 13.396612818987199 13.396612818987199 13.396612818987199 0.0007703383576511116 0.0007703383576511116 0.0007703383576511116 1 1 1 Converged Converged Converged OK OK OK 98 98 98 98 98 98 6 6 6 0 0 0 0 0 1 0 0
51 51 linear 2 7 512 1 0.0001 1.0891911220403687 0.12918618500252738 0.023038704172815356 0.097320605506865471 -0.026895029254457511 0.095517576484645136 0.5 0.029092915269380806 11.026872531104772 OK 14 13 0.48376200000000003 0.48032999999999998 0.19390499999999999 0.28465099999999999 0.184917 0 0.19911100000000004 0.29541299999999998 0.19390499999999999 0.012814000000000001 0.012881999999999999 0.012614999999999999 0.15389599999999995 0.25031700000000007 0.14869499999999999 0.0057540000000000004 0.0056459999999999991 0.0062080000000000008 0.001359 0.001271 0.0013810000000000003 11.026836613723114 11.026836613723114 11.026836613723114 0.0010316903925494893 0.0010316903925494893 0.0010316903925494893 1 1 1 Converged Converged Converged OK OK OK 106 106 106 106 106 106 6 6 6 0 0 0 0 1 0 0 1
51 51 linear 2 15 512 2 0.0001 1.0891911220403687 0.12918618500252738 0.023038704172815356 0.097320605506865471 -0.026895029254457511 0.098722961413036839 0.5 0.025887530340989104 11.099055976060379 OK 13 12 0.375467 0.29518100000000003 0.108052 0.26055699999999998 0.16295899999999999 0 0.11491000000000001 0.13222200000000003 0.108052 0.0093200000000000002 0.0096299999999999997 0.0088870000000000008 0.089505000000000015 0.105895 0.083420999999999995 0.0027169999999999998 0.0031960000000000005 0.0027999999999999995 0.00079299999999999998 0.00087699999999999996 0.00082599999999999991 11.099044097374959 11.099044097374959 11.099044097374959 0.00074014445885311857 0.00074014445885311857 0.00074014445885311857 1 1 1 Converged Converged Converged OK OK OK 60 60 60 60 60 60 4 4 4 0 0 0 0 1 0 0 1
51 51 linear 2 23 512 3 0.0001 1.0891911220403687 0.12918618500252738 0.023038704172815356 0.097320605506865471 -0.026895029254457511 0.10192834634142854 0.5 0.022682145412597401 11.363371798707682 OK 13 12 0.34304800000000002 0.26838699999999999 0.106016 0.23322999999999999 0.14150099999999999 0 0.10981800000000003 0.126886 0.106016 0.0093530000000000002 0.0096240000000000006 0.008652 0.084347999999999992 0.101063 0.081791000000000044 0.0029770000000000005 0.0030979999999999996 0.002813 0.00084099999999999995 0.00091200000000000005 0.00081999999999999998 11.363360973229447 11.363360973229447 11.363360973229447 0.0010115689090787504 0.0010115689090787504 0.0010115689090787504 1 1 1 Converged Converged Converged OK OK OK 60 60 60 60 60 60 4 4 4 0 0 0 0 1 0 0 1
51 51 linear 3 0 513 0 0.001 1.0891911220403687 0.12918618500252738 0.023038704172815356 0.021761027068946025 -0.23367697062678991 0.017153286234382954 0.5 0.107457205519643 6.0022406475170706 OK 15 14 0.47345599999999999 0.46454299999999998 0.20000799999999999 0.26919999999999999 0.26987499999999998 0 0.20425599999999999 0.19466800000000001 0.20000799999999999 0.015492000000000001 0.015474999999999999 0.01495 0.13952800000000007 0.130691 0.13582400000000008 0.0069519999999999998 0.0067850000000000002 0.0071159999999999991 0.0014579999999999999 0.001426 0.0015169999999999999 6.0022369121879304 6.0022369121879304 6.0022369121879304 0.0035239458898821676 0.0035239458898821676 0.0035239458898821676 1 1 1 Converged Converged Converged OK OK OK 122 122 122 122 122 122 6 6 6 0 0 0 0 0 1 0 0
51 51 linear 3 7 513 1 0.001 1.0891911220403687 0.12918618500252738 0.023038704172815356 0.021761027068946025 -0.23367697062678991 0.019957998046725694 0.5 0.10465249370730025 6.0535162967949576 OK 15 14 0.44487900000000002 0.42066700000000001 0.166218 0.27293499999999998 0.18987999999999999 0 0.17194400000000004 0.23078700000000002 0.166218 0.014484 0.014419 0.013641 0.12381199999999999 0.17874500000000001 0.12008900000000003 0.006046000000000001 0.0063170000000000006 0.0057160000000000006 0.001302 0.0012950000000000001 0.0013159999999999999 6.0535125082029158 6.0535125082029158 6.0535125082029158 0.0048810794809132727 0.0048810794809132727 0.0048810794809132727 1 1 1 Converged Converged Converged OK OK OK 106 106 106 106 106 106 6 6 6 0 0 0 0 1 0 0 1
51 51 linear 3 15 513 2 0.001 1.0891911220403687 0.12918618500252738 0.023038704172815356 0.021761027068946025 -0.23367697062678991 0.023163382975117393 0.5 0.10144710877890856 6.1132064186588302 OK 15 14 0.41422599999999998 0.376448 0.16764899999999999 0.24170800000000001 0.154587 0 0.17251799999999998 0.221861 0.16764899999999999 0.014402999999999999 0.014421 0.013703999999999999 0.12471999999999998 0.173983 0.12149500000000001 0.0059760000000000004 0.0061599999999999997 0.0057159999999999997 0.001263 0.0012949999999999999 0.0012540000000000001 6.1132025709428701 6.1132025709428701 6.1132025709428701 0.0037215827229803919 0.0037215827229803919 0.0037215827229803919 1 1 1 Converged Converged Converged OK OK OK 106 106 106 106 106 106 6 6 6 0 0 0 0 1 0 0 1
51 51 linear 3 23 513 3 0.001 1.0891911220403687 0.12918618500252738 0.023038704172815356 0.021761027068946025 -0.23367697062678991 0.026368767903509095 0.5 0.098241723850516854 6.1741021955627229 OK 15 14 0.39951500000000001 0.34098200000000001 0.14632700000000001 0.24835199999999999 0.15423200000000001 0 0.15116300000000002 0.18675 0.14632700000000001 0.014623000000000001 0.014704 0.013898000000000001 0.10852199999999998 0.14403499999999994 0.10523000000000002 0.004973 0.0050720000000000001 0.0048839999999999995 0.001106 0.0011019999999999999 0.001083 6.1740983851897706 6.1740983851897706 6.1740983851897706 0.0060997747818865126 0.0060997747818865126 0.0060997747818865126 1 1 1 Converged Converged Converged OK OK OK 90 90 90 90 90 90 6 6 6 0 0 0 0 1 0 0 1
51 51 linear 3 0 513 0 0.0001 1.0891911220403687 0.12918618500252738 0.023038704172815356 0.021761027068946025 -0.23367697062678991 0.017153286234382954 0.5 0.107457205519643 6.0022406475170706 OK 15 14 0.51848499999999997 0.51508900000000002 0.241198 0.26717999999999997 0.26816499999999999 0 0.251305 0.24692400000000003 0.241198 0.015559999999999999 0.015442000000000001 0.015004 0.16874500000000006 0.16885599999999995 0.162827 0.008848 0.0086399999999999984 0.0088140000000000007 0.0017340000000000001 0.0017469999999999999 0.0017420000000000001 6.0022368815810383 6.0022368815810383 6.0022368815810383 0.00022181835972010129 0.00022181835972010129 0.00022181835972010129 1 1 1 Converged Converged Converged OK OK OK 154 154 154 154 154 154 6 6 6 0 0 0 0 0 1 0 0
51 51 linear 3 7 513 1 0.0001 1.0891911220403687 0.12918618500252738 0.023038704172815356 0.021761027068946025 -0.23367697062678991 0.019957998046725694 0.5 0.10465249370730025 6.0535162967949576 OK 15 14 0.50568100000000005 0.50312599999999996 0.227904 0.27363700000000002 0.19003500000000001 0 0.23204400000000003 0.31309099999999995 0.227904 0.014363000000000001 0.014479000000000001 0.013613999999999999 0.16914900000000002 0.25013200000000024 0.16685399999999997 0.0089429999999999996 0.0088240000000000002 0.0086109999999999989 0.0016870000000000001 0.0017160000000000001 0.0016800000000000001 6.0535125263501586 6.0535125263501586 6.0535125263501586 0.00028726366861269603 0.00028726366861269603 0.00028726366861269603 1 1 1 Converged Converged Converged OK OK OK 154 154 154 154 154 154 6 6 6 0 0 0 0 1 0 0 1
51 51 linear 3 15 513 2 0.0001 1.0891911220403687 0.12918618500252738 0.023038704172815356 0.021761027068946025 -0.23367697062678991 0.023163382975117393 0.5 0.10144710877890856 6.1132064186588302 OK 15 14 0.47849999999999998 0.471134 0.22781399999999999 0.24046899999999999 0.15562300000000001 0 0.23803099999999999 0.31551099999999999 0.22781399999999999 0.014309000000000001 0.014395 0.013644 0.17076899999999989 0.25268699999999999 0.16595799999999988 0.0090540000000000013 0.0089460000000000008 0.009044 0.0017080000000000001 0.00175 0.0016959999999999996 6.113202598361708 6.113202598361708 6.113202598361708 0.000539903298633114 0.000539903298633114 0.000539903298633114 1 1 1 Converged Converged Converged OK OK OK 154 154 154 154 154 154 6 6 6 0 0 0 0 1 0 0 1
51 51 linear 3 23 513 3 0.0001 1.0891911220403687 0.12918618500252738 0.023038704172815356 0.021761027068946025 -0.23367697062678991 0.026368767903509095 0.5 0.098241723850516854 6.1741021955627229 OK 15 14 0.48588599999999998 0.48386800000000002 0.234704 0.24437500000000001 0.16596 0 0.24151099999999998 0.31790800000000002 0.234704 0.014659999999999999 0.01473 0.013773000000000001 0.17859599999999984 0.25497900000000007 0.17356300000000005 0.0089799999999999984 0.0089429999999999996 0.008633 0.0016920000000000001 0.001712 0.0016869999999999999 6.174098300984264 6.174098300984264 6.174098300984264 0.00061418323442997079 0.00061418323442997079 0.00061418323442997079 1 1 1 Converged Converged Converged OK OK OK 154 154 154 154 154 154 6 6 6 0 0 0 0 1 0 0 1
51 51 linear 4 0 514 0 0.001 1.0891911220403687 0.12918618500252738 0.023038704172815356 -0.10409202396082765 0.26033858954626821 -0.10869976479539072 0.5 0.23331025654941667 4.4324712272944931 OK 15 14 0.42725400000000002 0.42946200000000001 0.155552 0.26711400000000002 0.27038099999999998 0 0.16014 0.15908100000000003 0.155552 0.014289 0.014851 0.013949 0.10986699999999998 0.10742399999999999 0.10587600000000004 0.0048700000000000002 0.005448999999999999 0.0048409999999999989 0.0012180000000000001 0.0012510000000000002 0.0012780000000000001 4.4324688129112646 4.4324688129112646 4.4324688129112646 0.0035322489995268077 0.0035322489995268077 0.0035322489995268077 1 1 1 Converged Converged Converged OK OK OK 98 98 98 98 98 98 6 6 6 0 0 0 0 0 1 0 0
51 51 linear 4 7 514 1 0.001 1.0891911220403687 0.12918618500252738 0.023038704172815356 -0.10409202396082765 0.26033858954626821 -0.10589505298304798 0.5 0.23050554473707391 4.4565505956769522 OK 15 14 0.43127799999999999 0.37420999999999999 0.15185599999999999 0.27085500000000001 0.172239 0 0.16042299999999998 0.20197099999999998 0.15185599999999999 0.013417 0.013631000000000001 0.012955 0.11488999999999996 0.15978599999999998 0.11122200000000003 0.0088760000000000002 0.0051129999999999995 0.0048190000000000004 0.0012409999999999999 0.0012460000000000001 0.0012470000000000001 4.4565480478569413 4.4565480478569413 4.4565480478569413 0.0035147864451604959 0.0035147864451604959 0.0035147864451604959 1 1 1 Converged Converged Converged OK OK OK 98 98 98 98 98 98 6 6 6 0 0 0 0 1 0 0 1
51 51 linear 4 15 514 2 0.001 1.0891911220403687 0.12918618500252738 0.023038704172815356 -0.10409202396082765 0.26033858954626821 -0.10268966805465628 0.5 0.22730015980868223 4.4855286417401485 OK 15 14 0.41495900000000002 0.37065900000000002 0.14566399999999999 0.26461499999999999 0.17847099999999999 0 0.15034400000000003 0.19218800000000003 0.14566399999999999 0.013561999999999999 0.013724999999999999 0.012839 0.10871599999999999 0.15043400000000004 0.10540599999999997 0.0048549999999999999 0.0049829999999999996 0.0048590000000000005 0.001188 0.0012470000000000001 0.00116 4.4855261108195101 4.4855261108195101 4.4855261108195101 0.0035100097581794486 0.0035100097581794486 0.0035100097581794486 1 1 1 Converged Converged Converged OK OK OK 98 98 98 98 98 98 6 6 6 0 0 0 0 1 0 0 1
51 51 linear 4 23 514 3 0.001 1.0891911220403687 0.12918618500252738 0.023038704172815356 -0.10409202396082765 0.26033858954626821 -0.099484283126264575 0.5 0.2240947748802905 4.5160945482372536 OK 15 14 0.40994199999999997 0.36870799999999998 0.145923 0.25941599999999998 0.16477 0 0.15052599999999999 0.20393799999999998 0.145923 0.013407000000000001 0.013618999999999999 0.012959999999999999 0.10908599999999999 0.16190500000000002 0.105507 0.0047400000000000003 0.0051059999999999994 0.0047690000000000007 0.0011869999999999999 0.0013879999999999997 0.001248 4.5160920490220402 4.5160920490220402 4.5160920490220402 0.0035190558174028551 0.0035190558174028551 0.0035190558174028551 1 1 1 Converged Converged Converged OK OK OK 98 98 98 98 98 98 6 6 6 0 0 0 0 1 0 0 1
51 51 linear 4 0 514 0 0.0001 1.0891911220403687 0.12918618500252738 0.023038704172815356 -0.10409202396082765 0.26033858954626821 -0.10869976479539072 0.5 0.23331025654941667 4.4324712272944931 OK 15 14 0.51665399999999995 0.51219599999999998 0.24463499999999999 0.26947100000000002 0.26960200000000001 0 0.24718299999999993 0.24259399999999998 0.24463499999999999 0.014404 0.014685 0.014027 0.17232999999999996 0.16782300000000006 0.16694299999999995 0.0080059999999999992 0.0079730000000000009 0.0083859999999999994 0.001885 0.0019250000000000001 0.0018879999999999999 4.432468811256232 4.432468811256232 4.432468811256232 0.00022307953914808297 0.00022307953914808297 0.00022307953914808297 1 1 1 Converged Converged Converged OK OK OK 154 154 154 154 154 154 6 6 6 0 0 0 0 0 1 0 0
51 51 linear 4 7 514 1 0.0001 1.0891911220403687 0.12918618500252738 0.023038704172815356 -0.10409202396082765 0.26033858954626821 -0.10589505298304798 0.5 0.23050554473707391 4.4565505956769522 OK 15 14 0.50283699999999998 0.47664899999999999 0.23036300000000001 0.26929199999999998 0.17113200000000001 0 0.233545 0.30551699999999998 0.23036300000000001 0.013602 0.013729 0.012935 0.17569599999999994 0.24656900000000007 0.16999300000000003 0.0078379999999999995 0.0080029999999999997 0.011222999999999999 0.0017240000000000001 0.0017830000000000001 0.0017809999999999998 4.4565480474872352 4.4565480474872352 4.4565480474872352 0.00024703290228606775 0.00024703290228606775 0.00024703290228606775 1 1 1 Converged Converged Converged OK OK OK 154 154 154 154 154 154 6 6 6 0 0 0 0 1 0 0 1
51 51 linear 4 15 514 2 0.0001 1.0891911220403687 0.12918618500252738 0.023038704172815356 -0.10409202396082765 0.26033858954626821 -0.10268966805465628 0.5 0.22730015980868223 4.4855286417401485 OK 15 14 0.49221100000000001 0.47663299999999997 0.21986800000000001 0.26466200000000001 0.17625199999999999 0 0.227549 0.30038100000000001 0.21986800000000001 0.013495999999999999 0.017793 0.012840000000000001 0.16925600000000002 0.23751300000000003 0.16266800000000003 0.0079590000000000008 0.0081550000000000008 0.0078839999999999986 0.0017599999999999998 0.0017830000000000003 0.0017909999999999998 4.4855261115476885 4.4855261115476885 4.4855261115476885 0.00027508563252269107 0.00027508563252269107 0.00027508563252269107 1 1 1 Converged Converged Converged OK OK OK 154 154 154 154 154 154 6 6 6 0 0 0 0 1 0 0 1
51 51 linear 4 23 514 3 0.0001 1.0891911220403687 0.12918618500252738 0.023038704172815356 -0.10409202396082765 0.26033858954626821 -0.099484283126264575 0.5 0.2240947748802905 4.5160945482372536 OK 15 14 0.497359 0.48711399999999999 0.232878 0.25730500000000001 0.16362299999999999 0 0.24005399999999999 0.32349099999999997 0.232878 0.013525000000000001 0.013701 0.012959 0.17791099999999999 0.25990999999999992 0.17169100000000007 0.0084250000000000002 0.0090550000000000005 0.0084019999999999997 0.001833 0.0019299999999999999 0.0018970000000000002 4.5160917615750495 4.5160917615750495 4.5160917615750495 0.00026937840549505569 0.00026937840549505569 0.00026937840549505569 1 1 1 Converged Converged Converged OK OK OK 162 162 162 162 162 162 6 6 6 0 0 0 0 1 0 0 1
51 51 uniform 0 0 515 0 0.001 1.0891911220403687 0.12918618500252738 0.023038704172815356 -0.19945718437494506 0.38926461154287739 -0.20406492520950814 0 0.32867541696353408 4.2834008886199273 OK 14 13 0.44342500000000001 0.44228299999999998 0.121922 0.31966299999999997 0.31924400000000003 0 0.12376200000000004 0.12303899999999995 0.121922 0.012880000000000001 0.012573000000000001 0.012401000000000001 0.08475000000000002 0.084571999999999994 0.084004999999999969 0.0033080000000000002 0.0033280000000000002 0.0032840000000000005 0.00093300000000000002 0.0009549999999999999 0.00095100000000000002 4.2834003255671211 4.2834003255671211 4.2834003255671211 0.0026173649686221791 0.0026173649686221791 0.0026173649686221791 1 1 1 Converged Converged Converged OK OK OK 74 74 74 74 74 74 6 6 6 0 0 0 0 0 1 0 0
51 51 uniform 0 7 515 1 0.001 1.0891911220403687 0.12918618500252738 0.023038704172815356 -0.19945718437494506 0.38926461154287739 -0.20126021339716538 0 0.32587070515119132 4.3830537729402455 OK 14 13 0.49222199999999999 0.40678599999999998 0.145957 0.34095300000000001 0.223688 0 0.15126899999999999 0.18309799999999998 0.145957 0.014744 0.012161 0.011287999999999999 0.10980000000000001 0.14450300000000002 0.10875299999999996 0.0038380000000000003 0.0038379999999999998 0.0037919999999999998 0.001062 0.001103 0.001083 4.3830917159497647 4.3830917159497647 4.3830917159497647 0.0029446169668111799 0.0029446169668111799 0.0029446169668111799 1 1 1 Converged Converged Converged OK OK OK 89 89 89 89 89 89 7 7 7 0 0 0 0 1 0 0 1
51 51 uniform 0 15 515 2 0.001 1.0891911220403687 0.12918618500252738 0.023038704172815356 -0.19945718437494506 0.38926461154287739 -0.19805482846877367 0 0.32266532022279959 4.4611059757764782 OK 14 13 0.44649800000000001 0.38718200000000003 0.14041899999999999 0.30654100000000001 0.21324000000000001 0 0.139957 0.17394200000000001 0.14041899999999999 0.011953999999999999 0.012071999999999999 0.011339 0.10396599999999999 0.13802800000000004 0.10566100000000005 0.0038419999999999999 0.0039810000000000002 0.003852 0.001075 0.00108 0.0010859999999999999 4.4611058944732394 4.4611058944732394 4.4611058944732394 0.00098391637436249222 0.00098391637436249222 0.00098391637436249222 1 1 1 Converged Converged Converged OK OK OK 89 89 89 89 89 89 7 7 7 0 0 0 0 1 0 0 1
51 51 uniform 0 23 515 3 0.001 1.0891911220403687 0.12918618500252738 0.023038704172815356 -0.19945718437494506 0.38926461154287739 -0.19484944354038197 0 0.31945993529440792 4.5001549700854877 OK 14 13 0.48290699999999998 0.39283400000000002 0.13408800000000001 0.34275899999999998 0.226183 0 0.14014799999999999 0.16665100000000002 0.13408800000000001 0.011818 0.01174 0.011013 0.10661700000000003 0.13380400000000003 0.10222000000000001 0.0034449999999999997 0.0033319999999999999 0.0032950000000000002 0.00090000000000000008 0.00086899999999999998 0.00095099999999999991 4.5001542921766831 4.5001542921766831 4.5001542921766831 0.0026061689226228703 0.0026061689226228703 0.0026061689226228703 1 1 1 Converged Converged Converged OK OK OK 81 81 81 81 81 81 7 7 7 0 0 0 0 1 0 0 1
51 51 uniform 0 0 515 0 0.0001 1.0891911220403687 0.12918618500252738 0.023038704172815356 -0.19945718437494506 0.38926461154287739 -0.20406492520950814 0 0.32867541696353408 4.2834008886199273 OK 14 13 0.49381700000000001 0.49313899999999999 0.17191899999999999 0.32072000000000001 0.32139400000000001 0 0.173097 0.17174499999999998 0.17191899999999999 0.012848 0.012773 0.012460000000000001 0.12082400000000004 0.12075500000000002 0.12046000000000001 0.0050239999999999998 0.0049490000000000003 0.0051019999999999998 0.001428 0.0013880000000000001 0.0014260000000000002 4.2834003814423864 4.2834003814423864 4.2834003814423864 0.00029119009311595698 0.00029119009311595698 0.00029119009311595698 1 1 1 Converged Converged Converged OK OK OK 106 106 106 106 106 106 6 6 6 0 0 0 0 0 1 0 0
51 51 uniform 0 7 515 1 0.0001 1.0891911220403687 0.12918618500252738 0.023038704172815356 -0.19945718437494506 0.38926461154287739 -0.20126021339716538 0 0.32587070515119132 4.3830537729402455 OK 14 13 0.51311499999999999 0.44769999999999999 0.17066200000000001 0.33907999999999999 0.22683900000000001 0 0.174035 0.22086099999999997 0.17066200000000001 0.012234999999999999 0.012015 0.011424999999999999 0.12779799999999999 0.17570199999999997 0.126781 0.0059269999999999991 0.0053769999999999998 0.0051939999999999998 0.0014989999999999999 0.00147 0.001433 4.3830534853698877 4.3830534853698877 4.3830534853698877 0.00032048943414668716 0.00032048943414668716 0.00032048943414668716 1 1 1 Converged Converged Converged OK OK OK 113 113 113 113 113 113 7 7 7 0 0 0 0 1 0 0 1
51 51 uniform 0 15 515 2 0.0001 1.0891911220403687 0.12918618500252738 0.023038704172815356 -0.19945718437494506 0.38926461154287739 -0.19805482846877367 0 0.32266532022279959 4.4611059757764782 OK 14 13 0.47367199999999998 0.42716300000000001 0.16500100000000001 0.306695 0.21195900000000001 0 0.16697699999999999 0.21520400000000001 0.16500100000000001 0.012109999999999999 0.012178 0.011341 0.12403400000000002 0.17164599999999999 0.12337299999999995 0.0049999999999999992 0.0053509999999999999 0.0050959999999999998 0.001361 0.001421 0.0014109999999999997 4.4611055042364534 4.4611055042364534 4.4611055042364534 0.00025140943469352409 0.00025140943469352409 0.00025140943469352409 1 1 1 Converged Converged Converged OK OK OK 113 113 113 113 113 113 7 7 7 0 0 0 0 1 0 0 1
51 51 uniform 0 23 515 3 0.0001 1.0891911220403687 0.12918618500252738 0.023038704172815356 -0.19945718437494506 0.38926461154287739 -0.19484944354038197 0 0.31945993529440792 4.5001549700854877 OK 14 13 0.50614999999999999 0.43764799999999998 0.16148199999999999 0.34227600000000002 0.230458 0 0.16387399999999996 0.20718999999999999 0.16148199999999999 0.011775000000000001 0.011835 0.010995 0.12222899999999999 0.16602800000000001 0.122139 0.0051780000000000003 0.0048839999999999995 0.004666 0.001189 0.0011919999999999999 0.0011650000000000002 4.5001544548374257 4.5001544548374257 4.5001544548374257 0.00031063622190323514 0.00031063622190323514 0.00031063622190323514 1 1 1 Converged Converged Converged OK OK OK 105 105 105 105 105 105 7 7 7 0 0 0 0 1 0 0 1
51 51 uniform 1 0 516 0 0.001 1.0891911220403687 0.12918618500252738 0.023038704172815356 -0.29416030575330104 -0.14394429847470086 -0.2987680465878641 0 0.42337853834189004 5.7191403315771936 OK 14 13 0.39271600000000001 0.39127699999999999 0.118395 0.26843400000000001 0.271339 0 0.124282 0.11993799999999999 0.118395 0.011808000000000001 0.011922 0.011586000000000001 0.077149000000000009 0.077200000000000005 0.076453999999999966 0.0043789999999999992 0.0036769999999999988 0.0036160000000000007 0.0011760000000000002 0.001127 0.0010610000000000001 5.7191399487488477 5.7191399487488477 5.7191399487488477 0.002737178587716483 0.002737178587716483 0.002737178587716483 1 1 1 Converged Converged Converged OK OK OK 96 96 96 96 96 96 8 8 8 0 0 0 0 0 1 0 0
51 51 uniform 1 7 516 1 0.001 1.0891911220403687 0.12918618500252738 0.023038704172815356 -0.29416030575330104 -0.14394429847470086 -0.29596333477552139 0 0.42057382652954733 5.8142784361215094 OK 14 13 0.40607500000000002 0.32106000000000001 0.107046 0.29950199999999999 0.19108900000000001 0 0.10657300000000003 0.129971 0.107046 0.011228999999999999 0.011089999999999999 0.011716000000000001 0.072731999999999991 0.096887000000000056 0.074068000000000009 0.0039420000000000002 0.0036549999999999994 0.0035230000000000001 0.0012030000000000001 0.0010560000000000001 0.0010189999999999999 5.8142780629092581 5.8142780629092581 5.8142780629092581 0.003745008164784379 0.003745008164784379 0.003745008164784379 1 1 1 Converged Converged Converged OK OK OK 96 96 96 96 96 96 8 8 8 0 0 0 0 1 0 0 1
51 51 uniform 1 15 516 2 0.001 1.0891911220403687 0.12918618500252738 0.023038704172815356 -0.29416030575330104 -0.14394429847470086 -0.29275794984712966 0 0.4173684416011556 5.8903692465679134 OK 14 13 0.39483200000000002 0.30762600000000001 0.10402699999999999 0.28859499999999999 0.18295400000000001 0 0.10623700000000003 0.12467200000000001 0.10402699999999999 0.01115 0.011032 0.010449 0.072929999999999967 0.091513999999999943 0.072553000000000006 0.0037189999999999996 0.0037029999999999997 0.0035249999999999995 0.0010099999999999998 0.0011330000000000001 0.0010070000000000001 5.890368875237125 5.890368875237125 5.890368875237125 0.0039363852365034719 0.0039363852365034719 0.0039363852365034719 1 1 1 Converged Converged Converged OK OK OK 96 96 96 96 96 96 8 8 8 0 0 0 0 1 0 0 1
51 51 uniform 1 23 516 3 0.001 1.0891911220403687 0.12918618500252738 0.023038704172815356 -0.29416030575330104 -0.14394429847470086 -0.28955256491873799 0 0.41416305667276393 5.926271633116011 OK 14 13 0.38749 0.305838 0.109821 0.27573199999999998 0.170184 0 0.11175800000000002 0.135654 0.109821 0.011037999999999999 0.011095000000000001 0.010416 0.078566000000000025 0.102647 0.07829299999999996 0.0036890000000000004 0.003669 0.0035110000000000002 0.001108 0.0010560000000000001 0.00099299999999999996 5.9262719800330705 5.9262719800330705 5.9262719800330705 0.0040343742480879203 0.0040343742480879203 0.0040343742480879203 1 1 1 Converged Converged Converged OK OK OK 96 96 96 96 96 96 8 8 8 0 0 0 0 1 0 0 1
51 51 uniform 1 0 516 0 0.0001 1.0891911220403687 0.12918618500252738 0.023038704172815356 -0.29416030575330104 -0.14394429847470086 -0.2987680465878641 0 0.42337853834189004 5.7191403315771936 OK 14 13 0.413323 0.41567399999999999 0.14318600000000001 0.26760299999999998 0.27157500000000001 0 0.14572000000000002 0.14409899999999998 0.14318600000000001 0.011920999999999999 0.012071999999999999 0.011487000000000001 0.095381000000000021 0.09345500000000001 0.09343499999999999 0.0047130000000000002 0.0048710000000000003 0.0047699999999999999 0.0013749999999999999 0.001389 0.0013879999999999999 5.7191403945744206 5.7191403945744206 5.7191403945744206 0.00050511738122744503 0.00050511738122744503 0.00050511738122744503 1 1 1 Converged Converged Converged OK OK OK 120 120 120 120 120 120 8 8 8 0 0 0 0 0 1 0 0
51 51 uniform 1 7 516 1 0.0001 1.0891911220403687 0.12918618500252738 0.023038704172815356 -0.29416030575330104 -0.14394429847470086 -0.29596333477552139 0 0.42057382652954733 5.8142784361215094 OK 14 13 0.42612800000000001 0.34482699999999999 0.125137 0.299093 0.186026 0 0.12703500000000001 0.158801 0.125137 0.01112 0.011195 0.010406 0.089164000000000021 0.12092699999999997 0.088815999999999978 0.0047910000000000001 0.004762999999999999 0.004548 0.0013219999999999998 0.0013550000000000001 0.0012770000000000004 5.814278326384188 5.814278326384188 5.814278326384188 0.00051647973121108249 0.00051647973121108249 0.00051647973121108249 1 1 1 Converged Converged Converged OK OK OK 120 120 120 120 120 120 8 8 8 0 0 0 0 1 0 0 1
51 51 uniform 1 15 516 2 0.0001 1.0891911220403687 0.12918618500252738 0.023038704172815356 -0.29416030575330104 -0.14394429847470086 -0.29275794984712966 0 0.4173684416011556 5.8903692465679134 OK 14 13 0.41480800000000001 0.33144800000000002 0.123891 0.28872900000000001 0.18306900000000001 0 0.126079 0.14837900000000001 0.123891 0.011065999999999999 0.011054 0.010434000000000001 0.088008000000000045 0.111027 0.087605999999999962 0.0048630000000000001 0.0046730000000000001 0.0045259999999999996 0.0013280000000000002 0.0012560000000000002 0.001263 5.8903693431431154 5.8903693431431154 5.8903693431431154 0.00053567630362273515 0.00053567630362273515 0.00053567630362273515 1 1 1 Converged Converged Converged OK OK OK 120 120 120 120 120 120 8 8 8 0 0 0 0 1 0 0 1
51 51 uniform 1 23 516 3 0.0001 1.0891911220403687 0.12918618500252738 0.023038704172815356 -0.29416030575330104 -0.14394429847470086 -0.28955256491873799 0 0.41416305667276393 5.926271633116011 OK 14 13 0.41385499999999997 0.33436900000000003 0.13017400000000001 0.28123799999999999 0.16780300000000001 0 0.13261699999999998 0.16656600000000002 0.13017400000000001 0.011015 0.011091 0.010449999999999999 0.094864000000000032 0.12889100000000001 0.094108999999999998 0.0047780000000000001 0.0047100000000000006 0.0045839999999999995 0.001328 0.001307 0.001291 5.9262717749373852 5.9262717749373852 5.9262717749373852 0.00056741648747519536 0.00056741648747519536 0.00056741648747519536 1 1 1 Converged Converged Converged OK OK OK 120 120 120 120 120 120 8 8 8 0 0 0 0 1 0 0 1
51 51 uniform 2 0 517 0 0.001 1.0891911220403687 0.12918618500252738 0.023038704172815356 0.097320605506865471 -0.026895029254457511 0.0927128646723024 0 0.031897627081723542 14.338587960368377 OK 14 13 0.43587300000000001 0.43736900000000001 0.141066 0.29385299999999998 0.294072 0 0.14202000000000004 0.14329700000000001 0.141066 0.013722 0.014126 0.013620999999999999 0.098723000000000033 0.09927100000000004 0.098097000000000004 0.0037369999999999999 0.0039290000000000002 0.0039640000000000005 0.0010229999999999998 0.00108 0.0010480000000000001 14.338628764689597 14.338628764689597 14.338628764689597 0.0077942886956202436 0.0077942886956202436 0.0077942886956202436 1 1 1 Converged Converged Converged OK OK OK 82 82 82 82 82 82 6 6 6 0 0 0 0 0 1 0 0
51 51 uniform 2 7 517 1 0.001 1.0891911220403687 0.12918618500252738 0.023038704172815356 0.097320605506865471 -0.026895029254457511 0.095517576484645136 0 0.029092915269380806 11.292441065609195 OK 14 13 0.41926099999999999 0.37127399999999999 0.130189 0.28731299999999999 0.19029299999999999 0 0.13194800000000001 0.180981 0.130189 0.012942 0.013220000000000001 0.012364 0.095435999999999951 0.14350299999999996 0.095183000000000004 0.0040229999999999997 0.0044390000000000002 0.0039490000000000003 0.001077 0.0012210000000000003 0.0010459999999999998 11.292441133311319 11.292441133311319 11.292441133311319 0.0016945297636474764 0.0016945297636474764 0.0016945297636474764 1 1 1 Converged Converged Converged OK OK OK 82 82 82 82 82 82 6 6 6 0 0 0 0 1 0 0 1
51 51 uniform 2 15 517 2 0.001 1.0891911220403687 0.12918618500252738 0.023038704172815356 0.097320605506865471 -0.026895029254457511 0.098722961413036839 0 0.025887530340989104 11.21805378415868 OK 13 12 0.35841899999999999 0.28347699999999998 0.095037999999999997 0.25995499999999999 0.164268 0 0.098463999999999996 0.11920899999999998 0.095037999999999997 0.0095790000000000007 0.0097050000000000001 0.0089540000000000002 0.072416999999999968 0.093458000000000013 0.070954000000000017 0.0028300000000000001 0.002869 0.0026419999999999998 0.000919 0.00094000000000000008 0.00083799999999999988 11.218054495350579 11.218054495350579 11.218054495350579 0.00055514511843437336 0.00055514511843437336 0.00055514511843437336 1 1 1 Converged Converged Converged OK OK OK 60 60 60 60 60 60 4 4 4 0 0 0 0 1 0 0 1
51 51 uniform 2 23 517 3 0.001 1.0891911220403687 0.12918618500252738 0.023038704172815356 0.097320605506865471 -0.026895029254457511 0.10192834634142854 0 0.022682145412597401 11.477535332426449 OK 13 12 0.32214799999999999 0.24460699999999999 0.086291999999999994 0.233653 0.140846 0 0.08849499999999999 0.10376099999999999 0.086291999999999994 0.0095390000000000006 0.012798 0.0087060000000000002 0.064788999999999999 0.076965000000000006 0.064159000000000008 0.0022550000000000001 0.002209 0.0021250000000000002 0.00074399999999999998 0.00070899999999999999 0.00066599999999999993 11.477554057648744 11.477554057648744 11.477554057648744 0.010667294256227977 0.010667294256227977 0.010667294256227977 1 1 1 Converged Converged Converged OK OK OK 52 52 52 52 52 52 4 4 4 0 0 0 0 1 0 0 1
51 51 uniform 2 0 517 0 0.0001 1.0891911220403687 0.12918618500252738 0.023038704172815356 0.097320605506865471 -0.026895029254457511 0.0927128646723024 0 0.031897627081723542 14.338587960368377 OK 14 13 0.46105000000000002 0.45636300000000002 0.161943 0.29921599999999998 0.29469200000000001 0 0.16183400000000003 0.16167100000000001 0.161943 0.013501000000000001 0.013839000000000001 0.013658999999999999 0.11396799999999997 0.11365699999999992 0.113758 0.0047820000000000007 0.0047670000000000004 0.005058 0.001168 0.0012279999999999999 0.0012079999999999999 14.338587290961861 14.338587290961861 14.338587290961861 0.00032343700422199557 0.00032343700422199557 0.00032343700422199557 1 1 1 Converged Converged Converged OK OK OK 98 98 98 98 98 98 6 6 6 0 0 0 0 0 1 0 0
51 51 uniform 2 7 517 1 0.0001 1.0891911220403687 0.12918618500252738 0.023038704172815356 0.097320605506865471 -0.026895029254457511 0.095517576484645136 0 0.029092915269380806 11.292441065609195 OK 14 13 0.43085499999999999 0.38692399999999999 0.15010399999999999 0.283335 0.18929299999999999 0 0.14751999999999998 0.197631 0.15010399999999999 0.012735 0.012805 0.012364999999999999 0.10676300000000004 0.15676399999999996 0.10957199999999999 0.0048900000000000002 0.004888 0.0051320000000000003 0.0011490000000000001 0.00117 0.0011299999999999999 11.292440997156257 11.292440997156257 11.292440997156257 0.00075618266627188271 0.00075618266627188271 0.00075618266627188271 1 1 1 Converged Converged Converged OK OK OK 98 98 98 98 98 98 6 6 6 0 0 0 0 1 0 0 1
51 51 uniform 2 15 517 2 0.0001 1.0891911220403687 0.12918618500252738 0.023038704172815356 0.097320605506865471 -0.026895029254457511 0.098722961413036839 0 0.025887530340989104 11.21805378415868 OK 13 12 0.36235699999999998 0.28023599999999999 0.094808000000000003 0.259716 0.162276 0 0.10264099999999998 0.11795999999999998 0.094808000000000003 0.014236 0.0093769999999999999 0.0088950000000000001 0.072049000000000002 0.09324900000000004 0.070849000000000009 0.0028340000000000001 0.002519 0.0025839999999999999 0.00087999999999999992 0.00081400000000000005 0.00080899999999999993 11.218054495350579 11.218054495350579 11.218054495350579 0.00055514511843437336 0.00055514511843437336 0.00055514511843437336 1 1 1 Converged Converged Converged OK OK OK 60 60 60 60 60 60 4 4 4 0 0 0 0 1 0 0 1
51 51 uniform 2 23 517 3 0.0001 1.0891911220403687 0.12918618500252738 0.023038704172815356 0.097320605506865471 -0.026895029254457511 0.10192834634142854 0 0.022682145412597401 11.477535332426449 OK 13 12 0.32922800000000002 0.25318299999999999 0.093013999999999999 0.23455200000000001 0.139709 0 0.09467600000000001 0.11347399999999999 0.093013999999999999 0.0093399999999999993 0.0091859999999999997 0.0086789999999999992 0.069887000000000019 0.088662000000000019 0.069333000000000033 0.0023940000000000003 0.0026480000000000002 0.0024919999999999999 0.00080199999999999998 0.00081599999999999999 0.0007980000000000001 11.477536495989254 11.477536495989254 11.477536495989254 0.00088553120855395986 0.00088553120855395986 0.00088553120855395986 1 1 1 Converged Converged Converged OK OK OK 60 60 60 60 60 60 4 4 4 0 0 0 0 1 0 0 1
51 51 uniform 3 0 518 0 0.001 1.0891911220403687 0.12918618500252738 0.023038704172815356 0.021761027068946025 -0.23367697062678991 0.017153286234382954 0 0.107457205519643 6.0091378673711553 OK 15 14 0.401862 0.40098099999999998 0.132877 0.27063700000000002 0.270673 0 0.13122499999999998 0.13030799999999998 0.132877 0.015398 0.015500999999999999 0.0149 0.080166999999999988 0.079564999999999997 0.079610999999999987 0.0045209999999999998 0.0045490000000000001 0.0045069999999999997 0.001109 0.001165 0.0010910000000000002 6.0091380022056411 6.0091380022056411 6.0091380022056411 0.0017952811215736181 0.0017952811215736181 0.0017952811215736181 1 1 1 Converged Converged Converged OK OK OK 90 90 90 90 90 90 6 6 6 0 0 0 0 0 1 0 0
51 51 uniform 3 7 518 1 0.001 1.0891911220403687 0.12918618500252738 0.023038704172815356 0.021761027068946025 -0.23367697062678991 0.019957998046725694 0 0.10465249370730025 6.0607330391669985 OK 15 14 0.39855299999999999 0.37516300000000002 0.12417499999999999 0.27290700000000001 0.19386800000000001 0 0.12564599999999998 0.18129500000000001 0.12417499999999999 0.014416 0.014305999999999999 0.013568 0.083650000000000016 0.13957999999999998 0.08338799999999999 0.0044619999999999998 0.0045340000000000007 0.004385 0.001072 0.0010789999999999999 0.001072 6.0607329765400353 6.0607329765400353 6.0607329765400353 0.0021765955233857765 0.0021765955233857765 0.0021765955233857765 1 1 1 Converged Converged Converged OK OK OK 90 90 90 90 90 90 6 6 6 0 0 0 0 1 0 0 1
51 51 uniform 3 15 518 2 0.001 1.0891911220403687 0.12918618500252738 0.023038704172815356 0.021761027068946025 -0.23367697062678991 0.023163382975117393 0 0.10144710877890856 6.120804367405559 OK 15 14 0.37428299999999998 0.33337899999999998 0.126332 0.24179999999999999 0.15424299999999999 0 0.13248299999999999 0.17913599999999999 0.126332 0.014265999999999999 0.014487 0.013461000000000001 0.090736000000000011 0.13332999999999995 0.086042999999999953 0.0045010000000000007 0.0045360000000000001 0.0043610000000000012 0.0010150000000000001 0.0010790000000000001 0.0010220000000000001 6.1208042848744704 6.1208042848744704 6.1208042848744704 0.0020323398887256176 0.0020323398887256176 0.0020323398887256176 1 1 1 Converged Converged Converged OK OK OK 90 90 90 90 90 90 6 6 6 0 0 0 0 1 0 0 1
51 51 uniform 3 23 518 3 0.001 1.0891911220403687 0.12918618500252738 0.023038704172815356 0.021761027068946025 -0.23367697062678991 0.026368767903509095 0 0.098241723850516854 6.1820988594995221 OK 15 14 0.370421 0.32144200000000001 0.12507099999999999 0.24374699999999999 0.155747 0 0.12667400000000001 0.16569500000000001 0.12507099999999999 0.014478 0.014593999999999999 0.013708 0.08488099999999997 0.12335499999999999 0.084390000000000021 0.0045659999999999997 0.0046589999999999999 0.0045060000000000005 0.0010129999999999998 0.0010300000000000001 0.001023 6.1820987762631292 6.1820987762631292 6.1820987762631292 0.0019584227778113089 0.0019584227778113089 0.0019584227778113089 1 1 1 Converged Converged Converged OK OK OK 90 90 90 90 90 90 6 6 6 0 0 0 0 1 0 0 1
51 51 uniform 3 0 518 0 0.0001 1.0891911220403687 0.12918618500252738 0.023038704172815356 0.021761027068946025 -0.23367697062678991 0.017153286234382954 0 0.107457205519643 6.0091378673711553 OK 15 14 0.46117999999999998 0.461036 0.187608 0.26940500000000001 0.267955 0 0.19177499999999997 0.193081 0.187608 0.015494000000000001 0.015886000000000001 0.015013 0.11948900000000005 0.12169900000000002 0.11790999999999999 0.0077339999999999996 0.0072719999999999998 0.0071569999999999993 0.0015320000000000002 0.001503 0.0014829999999999999 6.0091378967481726 6.0091378967481726 6.0091378967481726 0.00034187377051509305 0.00034187377051509305 0.00034187377051509305 1 1 1 Converged Converged Converged OK OK OK 138 138 138 138 138 138 6 6 6 0 0 0 0 0 1 0 0
51 51 uniform 3 7 518 1 0.0001 1.0891911220403687 0.12918618500252738 0.023038704172815356 0.021761027068946025 -0.23367697062678991 0.019957998046725694 0 0.10465249370730025 6.0607330391669985 OK 15 14 0.44947999999999999 0.44028800000000001 0.17387 0.26993200000000001 0.186833 0 0.17954799999999999 0.25345499999999999 0.17387 0.014349000000000001 0.014331999999999999 0.013606 0.12290800000000003 0.19670799999999994 0.11845499999999998 0.0070899999999999999 0.0072170000000000003 0.0070650000000000001 0.0014759999999999999 0.0014909999999999999 0.0014250000000000001 6.06073298325812 6.06073298325812 6.06073298325812 0.00043344783990599843 0.00043344783990599843 0.00043344783990599843 1 1 1 Converged Converged Converged OK OK OK 138 138 138 138 138 138 6 6 6 0 0 0 0 1 0 0 1
51 51 uniform 3 15 518 2 0.0001 1.0891911220403687 0.12918618500252738 0.023038704172815356 0.021761027068946025 -0.23367697062678991 0.023163382975117393 0 0.10144710877890856 6.120804367405559 OK 15 14 0.42424899999999999 0.40936800000000001 0.17987800000000001 0.239368 0.15601400000000001 0 0.18488099999999999 0.25335399999999997 0.17987800000000001 0.014472 0.014461 0.013594999999999999 0.12741900000000003 0.19620100000000021 0.12417799999999998 0.0072690000000000003 0.0073999999999999995 0.0071819999999999991 0.0014319999999999999 0.0014450000000000001 0.0014040000000000001 6.1208043025015488 6.1208043025015488 6.1208043025015488 0.00055401201271268615 0.00055401201271268615 0.00055401201271268615 1 1 1 Converged Converged Converged OK OK OK 138 138 138 138 138 138 6 6 6 0 0 0 0 1 0 0 1
51 51 uniform 3 23 518 3 0.0001 1.0891911220403687 0.12918618500252738 0.023038704172815356 0.021761027068946025 -0.23367697062678991 0.026368767903509095 0 0.098241723850516854 6.1820988594995221 OK 15 14 0.427423 0.41389500000000001 0.18610499999999999 0.24222199999999999 0.156334 0 0.185201 0.25756100000000004 0.18610499999999999 0.014697 0.014619 0.0138 0.1275619999999999 0.20058899999999999 0.13065600000000002 0.0074779999999999985 0.00728 0.007160999999999999 0.0014810000000000001 0.0014579999999999999 0.001431 6.1820987980234987 6.1820987980234987 6.1820987980234987 0.0004661134499856176 0.0004661134499856176 0.0004661134499856176 1 1 1 Converged Converged Converged OK OK OK 138 138 138 138 138 138 6 6 6 0 0 0 0 1 0 0 1
51 51 uniform 4 0 519 0 0.001 1.0891911220403687 0.12918618500252738 0.023038704172815356 -0.10409202396082765 0.26033858954626821 -0.10869976479539072 0 0.23331025654941667 4.4352237468061144 OK 15 14 0.38348599999999999 0.38480599999999998 0.117918 0.26506099999999999 0.26676899999999998 0 0.118425 0.118037 0.117918 0.014420000000000001 0.014396000000000001 0.013927 0.07456599999999998 0.07478700000000002 0.074811000000000002 0.0035750000000000001 0.0035649999999999996 0.0036290000000000003 0.0010460000000000001 0.0010839999999999999 0.0010969999999999999 4.4352239375473586 4.4352239375473586 4.4352239375473586 0.0017381484914569354 0.0017381484914569354 0.0017381484914569354 1 1 1 Converged Converged Converged OK OK OK 82 82 82 82 82 82 6 6 6 0 0 0 0 0 1 0 0
51 51 uniform 4 7 519 1 0.001 1.0891911220403687 0.12918618500252738 0.023038704172815356 -0.10409202396082765 0.26033858954626821 -0.10589505298304798 0 0.23050554473707391 4.459485832957836 OK 15 14 0.38458999999999999 0.32357000000000002 0.112872 0.27012900000000001 0.175903 0 0.11446099999999998 0.14766700000000002 0.112872 0.013648 0.013764999999999999 0.012895999999999999 0.07830299999999997 0.11135899999999996 0.077670999999999976 0.0036620000000000003 0.0036470000000000001 0.0036219999999999998 0.00093499999999999996 0.00095100000000000013 0.00095600000000000014 4.4594860883849456 4.4594860883849456 4.4594860883849456 0.0017618500223027449 0.0017618500223027449 0.0017618500223027449 1 1 1 Converged Converged Converged OK OK OK 82 82 82 82 82 82 6 6 6 0 0 0 0 1 0 0 1
51 51 uniform 4 15 519 2 0.001 1.0891911220403687 0.12918618500252738 0.023038704172815356 -0.10409202396082765 0.26033858954626821 -0.10268966805465628 0 0.22730015980868223 4.4887007709795057 OK 15 14 0.37441999999999998 0.31543500000000002 0.107141 0.26163500000000001 0.176653 0 0.11278499999999997 0.13878200000000002 0.107141 0.017491 0.013533 0.012867999999999999 0.072564000000000003 0.10284400000000002 0.072081999999999993 0.0036489999999999999 0.0035790000000000001 0.0035450000000000004 0.00096500000000000015 0.00093800000000000003 0.00093100000000000008 4.4887011202334959 4.4887011202334959 4.4887011202334959 0.0017993094059205728 0.0017993094059205728 0.0017993094059205728 1 1 1 Converged Converged Converged OK OK OK 82 82 82 82 82 82 6 6 6 0 0 0 0 1 0 0 1
51 51 uniform 4 23 519 3 0.001 1.0891911220403687 0.12918618500252738 0.023038704172815356 -0.10409202396082765 0.26033858954626821 -0.099484283126264575 0 0.2240947748802905 4.5195375055438634 OK 15 14 0.36562899999999998 0.31484000000000001 0.106835 0.25716499999999998 0.15879099999999999 0 0.108464 0.15604900000000002 0.106835 0.013473000000000001 0.013524 0.012978999999999999 0.072438999999999976 0.12009800000000004 0.071980000000000016 0.0035560000000000001 0.0036149999999999997 0.0034680000000000006 0.001023 0.0010479999999999999 0.00097300000000000012 4.5195379688858743 4.5195379688858743 4.5195379688858743 0.0018461265826976998 0.0018461265826976998 0.0018461265826976998 1 1 1 Converged Converged Converged OK OK OK 82 82 82 82 82 82 6 6 6 0 0 0 0 1 0 0 1
51 51 uniform 4 0 519 0 0.0001 1.0891911220403687 0.12918618500252738 0.023038704172815356 -0.10409202396082765 0.26033858954626821 -0.10869976479539072 0 0.23331025654941667 4.4352237468061144 OK 15 14 0.44788099999999997 0.45069399999999998 0.18146399999999999 0.26605400000000001 0.26825399999999999 0 0.18182699999999996 0.18243999999999999 0.18146399999999999 0.014441000000000001 0.014574 0.014078 0.11724999999999998 0.11699799999999998 0.116813 0.0064789999999999995 0.0066969999999999998 0.0065259999999999997 0.001637 0.001787 0.001756 4.4352237242206849 4.4352237242206849 4.4352237242206849 0.00022617989597601074 0.00022617989597601074 0.00022617989597601074 1 1 1 Converged Converged Converged OK OK OK 138 138 138 138 138 138 6 6 6 0 0 0 0 0 1 0 0
51 51 uniform 4 7 519 1 0.0001 1.0891911220403687 0.12918618500252738 0.023038704172815356 -0.10409202396082765 0.26033858954626821 -0.10589505298304798 0 0.23050554473707391 4.459485832957836 OK 15 14 0.43834800000000002 0.399142 0.16448599999999999 0.26998299999999997 0.17335 0 0.16836500000000004 0.22579199999999999 0.16448599999999999 0.013655 0.013419 0.012926999999999999 0.11757100000000002 0.17683899999999994 0.11663399999999996 0.006757 0.0060990000000000003 0.0060019999999999995 0.001403 0.0013410000000000002 0.00132 4.4594858137738465 4.4594858137738465 4.4594858137738465 0.00043934943569744683 0.00043934943569744683 0.00043934943569744683 1 1 1 Converged Converged Converged OK OK OK 130 130 130 130 130 130 6 6 6 0 0 0 0 1 0 0 1
51 51 uniform 4 15 519 2 0.0001 1.0891911220403687 0.12918618500252738 0.023038704172815356 -0.10409202396082765 0.26033858954626821 -0.10268966805465628 0 0.22730015980868223 4.4887007709795057 OK 15 14 0.42720900000000001 0.39666699999999999 0.161747 0.26678099999999999 0.175764 0 0.16042800000000002 0.22090299999999999 0.161747 0.013528 0.013638000000000001 0.012893999999999999 0.11150599999999998 0.17179700000000003 0.11405300000000003 0.0060409999999999995 0.0061329999999999996 0.0059950000000000003 0.0013190000000000001 0.0013489999999999999 0.0013309999999999999 4.4887007528803586 4.4887007528803586 4.4887007528803586 0.00041370886709898809 0.00041370886709898809 0.00041370886709898809 1 1 1 Converged Converged Converged OK OK OK 130 130 130 130 130 130 6 6 6 0 0 0 0 1 0 0 1
51 51 uniform 4 23 519 3 0.0001 1.0891911220403687 0.12918618500252738 0.023038704172815356 -0.10409202396082765 0.26033858954626821 -0.099484283126264575 0 0.2240947748802905 4.5195375055438634 OK 15 14 0.41987000000000002 0.39276800000000001 0.15787799999999999 0.25897399999999998 0.16165199999999999 0 0.16089600000000004 0.23111600000000002 0.15787799999999999 0.013491 0.01357 0.012834999999999999 0.11152400000000003 0.18200499999999997 0.11029299999999997 0.0061739999999999998 0.0060229999999999988 0.0059089999999999993 0.0014540000000000002 0.0013989999999999999 0.0013760000000000001 4.5195374875587095 4.5195374875587095 4.5195374875587095 0.00039480676380711872 0.00039480676380711872 0.00039480676380711872 1 1 1 Converged Converged Converged OK OK OK 130 130 130 130 130 130 6 6 6 0 0 0 0 1 0 0 1
52 52 linear 0 0 520 0 0.001 1.0453856112914581 0.0026130078448480553 0.00010827507294018582 -0.087693699641883713 0.061795739533946785 -0.087715354656471747 0.5 0.090439836367583321 21.821069375164431 OK 14 13 0.63020100000000001 0.63063599999999997 0.15052099999999999 0.476105 0.47553099999999998 0 0.15409600000000001 0.15510499999999999 0.15052099999999999 0.012064 0.012057999999999999 0.011679999999999999 0.11621500000000003 0.11765899999999999 0.113791 0.0034559999999999999 0.0033789999999999996 0.0032590000000000006 0.0008740000000000001 0.00089599999999999999 0.00085800000000000015 21.821129593274435 21.821129593274435 21.821129593274435 0.017537247975017097 0.017537247975017097 0.017537247975017097 1 1 1 Converged Converged Converged OK OK OK 75 75 75 75 75 75 5 5 5 0 0 0 0 0 1 0 0
52 52 linear 0 7 520 1 0.001 1.0453856112914581 0.0026130078448480553 0.00010827507294018582 -0.087693699641883713 0.061795739533946785 -0.087702173343244247 0.5 0.09042665505435582 21.253583112111428 OK 14 13 0.50748499999999996 0.49103999999999998 0.13589200000000001 0.36708800000000003 0.22631699999999999 0 0.14039699999999994 0.26472299999999999 0.13589200000000001 0.011387 0.011415 0.010881 0.10875700000000001 0.233234 0.10542700000000005 0.0034429999999999999 0.0034989999999999995 0.0033159999999999999 0.00091600000000000015 0.00095199999999999994 0.00091 21.253604743544926 21.253604743544926 21.253604743544926 0.017248082450055595 0.017248082450055595 0.017248082450055595 1 1 1 Converged Converged Converged OK OK OK 75 75 75 75 75 75 5 5 5 0 0 0 0 1 0 0 1
52 52 linear 0 15 520 2 0.001 1.0453856112914581 0.0026130078448480553 0.00010827507294018582 -0.087693699641883713 0.061795739533946785 -0.087687108985269963 0.5 0.09041159069638155 20.438513824575946 OK 14 13 0.50855300000000003 0.47202899999999998 0.14454800000000001 0.36213800000000002 0.21482499999999999 0 0.14641500000000002 0.25720399999999999 0.14454800000000001 0.010911000000000001 0.010841999999999999 0.010237 0.11500199999999995 0.225935 0.11466200000000001 0.003614 0.0037199999999999998 0.0034819999999999999 0.0009189999999999999 0.00096200000000000007 0.000892 20.438529012889799 20.438529012889799 20.438529012889799 0.016957052020377616 0.016957052020377616 0.016957052020377616 1 1 1 Converged Converged Converged OK OK OK 75 75 75 75 75 75 5 5 5 0 0 0 0 1 0 0 1
52 52 linear 0 23 520 3 0.001 1.0453856112914581 0.0026130078448480553 0.00010827507294018582 -0.087693699641883713 0.061795739533946785 -0.087672044627295678 0.5 0.090396526338407251 19.465927275859173 OK 14 13 0.62628799999999996 0.61652600000000002 0.142485 0.47904000000000002 0.34382499999999999 0 0.14724799999999993 0.27270100000000003 0.142485 0.011513000000000001 0.011561999999999999 0.010822 0.11535799999999993 0.24073499999999998 0.11213099999999999 0.0035419999999999996 0.0035730000000000002 0.003333 0.00092699999999999998 0.00093300000000000002 0.0008690000000000002 19.465927507345899 19.465927507345899 19.465927507345899 0.016713524768491823 0.016713524768491823 0.016713524768491823 1 1 1 Converged Converged Converged OK OK OK 75 75 75 75 75 75 5 5 5 0 0 0 0 1 0 0 1
52 52 linear 0 0 520 0 0.0001 1.0453856112914581 0.0026130078448480553 0.00010827507294018582 -0.087693699641883713 0.061795739533946785 -0.087715354656471747 0.5 0.090439836367583321 21.821069375164431 OK 14 13 0.72126800000000002 0.71516299999999999 0.23446700000000001 0.48179899999999998 0.47486899999999999 0 0.23946900000000004 0.24029400000000001 0.23446700000000001 0.01191 0.012031999999999999 0.011691 0.18288100000000004 0.18375900000000001 0.17861200000000008 0.0058970000000000003 0.005912999999999999 0.0058630000000000002 0.001292 0.0013290000000000001 0.0012960000000000003 21.821129602017315 21.821129602017315 21.821129602017315 0.00146983616695316 0.00146983616695316 0.00146983616695316 1 1 1 Converged Converged Converged OK OK OK 123 123 123 123 123 123 5 5 5 0 0 0 0 0 1 0 0
52 52 linear 0 7 520 1 0.0001 1.0453856112914581 0.0026130078448480553 0.00010827507294018582 -0.087693699641883713 0.061795739533946785 -0.087702173343244247 0.5 0.09042665505435582 21.253583112111428 OK 14 13 0.59847700000000004 0.64700299999999999 0.22033900000000001 0.367344 0.22520200000000001 0 0.23113300000000003 0.42180099999999998 0.22033900000000001 0.011586000000000001 0.011597 0.010806 0.181113 0.37485499999999999 0.17497000000000007 0.0062059999999999997 0.0062449999999999988 0.005961000000000001 0.0013129999999999997 0.0013309999999999999 0.001307 21.253604752293136 21.253604752293136 21.253604752293136 0.0011816316162605942 0.0011816316162605942 0.0011816316162605942 1 1 1 Converged Converged Converged OK OK OK 123 123 123 123 123 123 5 5 5 0 0 0 0 1 0 0 1
52 52 linear 0 15 520 2 0.0001 1.0453856112914581 0.0026130078448480553 0.00010827507294018582 -0.087693699641883713 0.061795739533946785 -0.087687108985269963 0.5 0.09041159069638155 20.438513824575946 OK 14 13 0.56898000000000004 0.59071600000000002 0.19924900000000001 0.36419000000000001 0.21753800000000001 0 0.20479000000000003 0.37317800000000001 0.19924900000000001 0.010742 0.010980999999999999 0.010252000000000001 0.164135 0.33175900000000003 0.15948999999999999 0.0051669999999999997 0.0053659999999999992 0.0052809999999999992 0.001194 0.001181 0.0011440000000000001 20.438529021110547 20.438529021110547 20.438529021110547 0.0018581242108993582 0.0018581242108993582 0.0018581242108993582 1 1 1 Converged Converged Converged OK OK OK 107 107 107 107 107 107 5 5 5 0 0 0 0 1 0 0 1
52 52 linear 0 23 520 3 0.0001 1.0453856112914581 0.0026130078448480553 0.00010827507294018582 -0.087693699641883713 0.061795739533946785 -0.087672044627295678 0.5 0.090396526338407251 19.465927275859173 OK 14 13 0.681006 0.73370999999999997 0.196357 0.47834100000000002 0.34415200000000001 0 0.20266499999999998 0.38955799999999996 0.196357 0.011544 0.011613999999999999 0.010928 0.16089299999999995 0.34730199999999994 0.156222 0.005288000000000001 0.0054970000000000001 0.0050879999999999988 0.001178 0.001207 0.0011009999999999998 19.46592751556673 19.46592751556673 19.46592751556673 0.0016128404440845382 0.0016128404440845382 0.0016128404440845382 1 1 1 Converged Converged Converged OK OK OK 107 107 107 107 107 107 5 5 5 0 0 0 0 1 0 0 1
52 52 linear 1 0 521 0 0.001 1.0453856112914581 0.0026130078448480553 0.00010827507294018582 -0.089831570455208454 0.067397293409879752 -0.089853225469796488 0.5 0.092577707180908075 21.853948712944415 OK 14 13 1.0514300000000001 1.0446690000000001 0.31677100000000002 0.72524 0.72743199999999997 0 0.32619000000000009 0.3172370000000001 0.31677100000000002 0.012747 0.012758 0.012468999999999999 0.27608899999999986 0.26770100000000008 0.26752500000000012 0.0055280000000000008 0.0052329999999999998 0.0057359999999999998 0.0011639999999999999 0.0011450000000000002 0.0011680000000000002 21.854045310512504 21.854045310512504 21.854045310512504 0.015790527170976273 0.015790527170976273 0.015790527170976273 1 1 1 Converged Converged Converged OK OK OK 98 98 98 98 98 98 6 6 6 0 0 0 0 0 1 0 0
52 52 linear 1 7 521 1 0.001 1.0453856112914581 0.0026130078448480553 0.00010827507294018582 -0.089831570455208454 0.067397293409879752 -0.089840044156568988 0.5 0.092564525867680575 24.907278193316472 OK 14 13 1.0035160000000001 0.955507 0.231486 0.76035699999999995 0.65284500000000001 0 0.24315900000000013 0.30266199999999999 0.231486 0.011625999999999999 0.01179 0.01091 0.20769999999999997 0.26649100000000009 0.19758400000000007 0.0039399999999999999 0.0043689999999999996 0.0039380000000000005 0.0009050000000000001 0.00094699999999999993 0.00090799999999999995 24.907271588034938 24.907271588034938 24.907271588034938 0.024483538316276161 0.024483538316276161 0.024483538316276161 1 1 1 Converged Converged Converged OK OK OK 75 75 75 75 75 75 5 5 5 0 0 0 0 1 0 0 1
52 52 linear 1 15 521 2 0.001 1.0453856112914581 0.0026130078448480553 0.00010827507294018582 -0.089831570455208454 0.067397293409879752 -0.089824979798594703 0.5 0.092549461509706277 27.730584430808403 OK 14 13 1.0079800000000001 0.97907699999999998 0.23464499999999999 0.76719999999999999 0.67072299999999996 0 0.24078000000000011 0.30835400000000002 0.23464499999999999 0.011072 0.011103 0.010348 0.20593100000000006 0.273702 0.201266 0.0040279999999999995 0.0040359999999999997 0.0040229999999999997 0.00093300000000000002 0.00093899999999999995 0.00091399999999999999 27.730656330782587 27.730656330782587 27.730656330782587 0.021681894744777316 0.021681894744777316 0.021681894744777316 1 1 1 Converged Converged Converged OK OK OK 75 75 75 75 75 75 5 5 5 0 0 0 0 1 0 0 1
52 52 linear 1 23 521 3 0.001 1.0453856112914581 0.0026130078448480553 0.00010827507294018582 -0.089831570455208454 0.067397293409879752 -0.089809915440620419 0.5 0.092534397151732006 29.937749821699512 OK 14 13 0.66872299999999996 0.62136999999999998 0.218836 0.44320700000000002 0.30610100000000001 0 0.22551599999999994 0.31526899999999997 0.218836 0.01129 0.011398999999999999 0.010592000000000001 0.19051800000000002 0.28032500000000005 0.18557000000000004 0.0040920000000000002 0.0041029999999999999 0.0037750000000000001 0.00098099999999999988 0.0010070000000000001 0.00099299999999999996 29.938040534012554 29.938040534012554 29.938040534012554 0.020879366404376331 0.020879366404376331 0.020879366404376331 1 1 1 Converged Converged Converged OK OK OK 75 75 75 75 75 75 5 5 5 0 0 0 0 1 0 0 1
52 52 linear 1 0 521 0 0.0001 1.0453856112914581 0.0026130078448480553 0.00010827507294018582 -0.089831570455208454 0.067397293409879752 -0.089853225469796488 0.5 0.092577707180908075 21.853948712944415 OK 14 13 1.138836 1.1098509999999999 0.38469399999999998 0.73406499999999997 0.72721000000000002 0 0.40477099999999999 0.3826409999999999 0.38469399999999998 0.014092 0.012782999999999999 0.012433 0.3396320000000001 0.32002799999999987 0.32237599999999983 0.0072499999999999995 0.0069549999999999985 0.0072109999999999995 0.0014909999999999999 0.0014100000000000002 0.0015090000000000001 21.854045318402466 21.854045318402466 21.854045318402466 0.0012994499596084819 0.0012994499596084819 0.0012994499596084819 1 1 1 Converged Converged Converged OK OK OK 130 130 130 130 130 130 6 6 6 0 0 0 0 0 1 0 0
52 52 linear 1 7 521 1 0.0001 1.0453856112914581 0.0026130078448480553 0.00010827507294018582 -0.089831570455208454 0.067397293409879752 -0.089840044156568988 0.5 0.092564525867680575 24.907278193316472 OK 14 13 1.096767 1.121866 0.32517800000000002 0.76393299999999997 0.65530500000000003 0 0.33283400000000007 0.466561 0.32517800000000002 0.011771999999999999 0.011704000000000001 0.011046 0.28203099999999998 0.41548299999999999 0.27602100000000002 0.0070360000000000006 0.0070239999999999999 0.0067329999999999994 0.0013190000000000001 0.001338 0.0013060000000000001 24.907272086350865 24.907272086350865 24.907272086350865 0.0020380387797809918 0.0020380387797809918 0.0020380387797809918 1 1 1 Converged Converged Converged OK OK OK 123 123 123 123 123 123 5 5 5 0 0 0 0 1 0 0 1
52 52 linear 1 15 521 2 0.0001 1.0453856112914581 0.0026130078448480553 0.00010827507294018582 -0.089831570455208454 0.067397293409879752 -0.089824979798594703 0.5 0.092549461509706277 27.730584430808403 OK 14 13 1.1732629999999999 1.2069909999999999 0.39961099999999999 0.76372799999999996 0.67300700000000002 0 0.40953499999999998 0.5339839999999999 0.39961099999999999 0.011105 0.011327 0.010362 0.35212099999999985 0.47563799999999995 0.34446700000000019 0.0077020000000000005 0.0085389999999999997 0.0076839999999999999 0.001488 0.0015009999999999999 0.0014660000000000003 27.73065582121728 27.73065582121728 27.73065582121728 0.00049079084338953438 0.00049079084338953438 0.00049079084338953438 1 1 1 Converged Converged Converged OK OK OK 139 139 139 139 139 139 5 5 5 0 0 0 0 1 0 0 1
52 52 linear 1 23 521 3 0.0001 1.0453856112914581 0.0026130078448480553 0.00010827507294018582 -0.089831570455208454 0.067397293409879752 -0.089809915440620419 0.5 0.092534397151732006 29.937749821699512 OK 14 13 0.78842199999999996 0.81138299999999997 0.36225499999999999 0.44433099999999998 0.30838300000000002 0 0.34409099999999998 0.50299999999999989 0.36225499999999999 0.011407 0.01133 0.010591 0.29409000000000007 0.45215699999999998 0.31289799999999984 0.0069749999999999994 0.0072449999999999997 0.0067940000000000006 0.0013829999999999999 0.0014109999999999999 0.0013990000000000001 29.938039942503572 29.938039942503572 29.938039942503572 0.0027606196227576577 0.0027606196227576577 0.0027606196227576577 1 1 1 Converged Converged Converged OK OK OK 123 123 123 123 123 123 5 5 5 0 0 0 0 1 0 0 1
52 52 linear 2 0 522 0 0.001 1.0453856112914581 0.0026130078448480553 0.00010827507294018582 -0.14443712637303877 0.022456307606231869 -0.1444587813876268 0.5 0.14718326309873839 6.8567023510063763 OK 14 13 0.454181 0.45572000000000001 0.15064900000000001 0.30127700000000002 0.30663699999999999 0 0.15290399999999998 0.14908300000000002 0.15064900000000001 0.01189 0.011806000000000001 0.011480000000000001 0.11165300000000003 0.10842300000000001 0.10771599999999998 0.0041849999999999995 0.0040499999999999998 0.0039430000000000003 0.0010200000000000001 0.000977 0.00096299999999999999 6.8566262137652947 6.8566262137652947 6.8566262137652947 0.0055032116769082482 0.0055032116769082482 0.0055032116769082482 1 1 1 Converged Converged Converged OK OK OK 83 83 83 83 83 83 5 5 5 0 0 0 0 0 1 0 0
52 52 linear 2 7 522 1 0.001 1.0453856112914581 0.0026130078448480553 0.00010827507294018582 -0.14443712637303877 0.022456307606231869 -0.1444456000743993 0.5 0.14717008178551089 7.6775913542412475 OK 14 13 0.45218700000000001 0.50340399999999996 0.14593100000000001 0.30156100000000002 0.17737700000000001 0 0.15062599999999998 0.32602699999999996 0.14593100000000001 0.011088000000000001 0.011311999999999999 0.010539 0.11608699999999998 0.29061899999999996 0.11250999999999997 0.0039160000000000002 0.004143 0.0038289999999999999 0.00094900000000000008 0.00094500000000000009 0.00094200000000000002 7.6775735892846022 7.6775735892846022 7.6775735892846022 0.0072453208401447771 0.0072453208401447771 0.0072453208401447771 1 1 1 Converged Converged Converged OK OK OK 83 83 83 83 83 83 5 5 5 0 0 0 0 1 0 0 1
52 52 linear 2 15 522 2 0.001 1.0453856112914581 0.0026130078448480553 0.00010827507294018582 -0.14443712637303877 0.022456307606231869 -0.144430535716425 0.5 0.14715501742753659 8.6640824860282493 OK 14 13 0.474937 0.55046200000000001 0.15215899999999999 0.31831300000000001 0.19941400000000001 0 0.15662399999999999 0.35104800000000003 0.15215899999999999 0.011141 0.011181999999999999 0.010519000000000001 0.119431 0.31267299999999981 0.11613599999999996 0.0041359999999999999 0.0045279999999999999 0.0041139999999999996 0.0011010000000000002 0.001183 0.001067 8.6640904562763144 8.6640904562763144 8.6640904562763144 0.0050362941114338424 0.0050362941114338424 0.0050362941114338424 1 1 1 Converged Converged Converged OK OK OK 91 91 91 91 91 91 5 5 5 0 0 0 0 1 0 0 1
52 52 linear 2 23 522 3 0.001 1.0453856112914581 0.0026130078448480553 0.00010827507294018582 -0.14443712637303877 0.022456307606231869 -0.14441547135845073 0.5 0.14713995306956232 9.6832911020899548 OK 14 13 0.47256900000000002 0.53657500000000002 0.15568000000000001 0.31107200000000002 0.17958299999999999 0 0.161497 0.35699200000000003 0.15568000000000001 0.010819 0.010904 0.010208 0.12505100000000005 0.32070500000000002 0.12115799999999999 0.004535 0.0043179999999999998 0.0041640000000000002 0.001261 0.0011310000000000001 0.001075 9.6833032986396077 9.6833032986396077 9.6833032986396077 0.0050567438211982264 0.0050567438211982264 0.0050567438211982264 1 1 1 Converged Converged Converged OK OK OK 91 91 91 91 91 91 5 5 5 0 0 0 0 1 0 0 1
52 52 linear 2 0 522 0 0.0001 1.0453856112914581 0.0026130078448480553 0.00010827507294018582 -0.14443712637303877 0.022456307606231869 -0.1444587813876268 0.5 0.14718326309873839 6.8567023510063763 OK 14 13 0.489929 0.483458 0.180451 0.30504999999999999 0.30187799999999998 0 0.18487900000000002 0.18158000000000002 0.180451 0.011749000000000001 0.011754000000000001 0.011339 0.13826200000000002 0.13514799999999999 0.13437900000000003 0.0047670000000000004 0.0047299999999999998 0.004653 0.0011459999999999999 0.0011540000000000001 0.0011589999999999999 6.8566262164379648 6.8566262164379648 6.8566262164379648 0.00060530636154332502 0.00060530636154332502 0.00060530636154332502 1 1 1 Converged Converged Converged OK OK OK 99 99 99 99 99 99 5 5 5 0 0 0 0 0 1 0 0
52 52 linear 2 7 522 1 0.0001 1.0453856112914581 0.0026130078448480553 0.00010827507294018582 -0.14443712637303877 0.022456307606231869 -0.1444456000743993 0.5 0.14717008178551089 7.6775913542412475 OK 14 13 0.49443799999999999 0.59545800000000004 0.186975 0.30135499999999998 0.176482 0 0.193083 0.41897600000000002 0.186975 0.011132 0.011102000000000001 0.010484 0.15034899999999998 0.37569999999999987 0.14552200000000004 0.0050510000000000008 0.0050750000000000005 0.0049709999999999997 0.00124 0.001242 0.0012490000000000001 7.677573505133819 7.677573505133819 7.677573505133819 0.00013231207849955808 0.00013231207849955808 0.00013231207849955808 1 1 1 Converged Converged Converged OK OK OK 107 107 107 107 107 107 5 5 5 0 0 0 0 1 0 0 1
52 52 linear 2 15 522 2 0.0001 1.0453856112914581 0.0026130078448480553 0.00010827507294018582 -0.14443712637303877 0.022456307606231869 -0.144430535716425 0.5 0.14715501742753659 8.6640824860282493 OK 14 13 0.50889700000000004 0.60592400000000002 0.18161099999999999 0.32132300000000003 0.19825400000000001 0 0.18757400000000002 0.40766999999999998 0.18161099999999999 0.011067 0.011233 0.010484 0.14649000000000004 0.36584299999999986 0.14180999999999999 0.0051149999999999998 0.0053229999999999996 0.0049870000000000001 0.0012930000000000001 0.0012760000000000002 0.0012439999999999999 8.6640904589495236 8.6640904589495236 8.6640904589495236 0.00013732454662350883 0.00013732454662350883 0.00013732454662350883 1 1 1 Converged Converged Converged OK OK OK 107 107 107 107 107 107 5 5 5 0 0 0 0 1 0 0 1
52 52 linear 2 23 522 3 0.0001 1.0453856112914581 0.0026130078448480553 0.00010827507294018582 -0.14443712637303877 0.022456307606231869 -0.14441547135845073 0.5 0.14713995306956232 9.6832911020899548 OK 14 13 0.50077799999999995 0.59439900000000001 0.18668799999999999 0.30890899999999999 0.17984900000000001 0 0.19186899999999996 0.41454999999999997 0.18668799999999999 0.010807000000000001 0.010976 0.01017 0.15123600000000004 0.37258399999999986 0.14716499999999996 0.00513 0.0053800000000000002 0.0050340000000000003 0.001304 0.0013739999999999998 0.0012880000000000001 9.6833033013123195 9.6833033013123195 9.6833033013123195 0.00015720648735586832 0.00015720648735586832 0.00015720648735586832 1 1 1 Converged Converged Converged OK OK OK 107 107 107 107 107 107 5 5 5 0 0 0 0 1 0 0 1
52 52 linear 3 0 523 0 0.001 1.0453856112914581 0.0026130078448480553 0.00010827507294018582 0.002016342075068065 0.00016437776812806232 0.0019946870604800279 0.5 0.0007297946506315523 918.22557941662694 OK 13 12 0.67488899999999996 0.671879 0.114303 0.55781199999999997 0.56071300000000002 0 0.11707699999999999 0.11116599999999999 0.114303 0.010536 0.010347 0.010284 0.090649000000000007 0.085330999999999976 0.088481000000000004 0.0024200000000000003 0.0023180000000000002 0.0024139999999999999 0.00050200000000000006 0.00051200000000000009 0.00043399999999999998 918.22461157445332 918.22461157445332 918.22461157445332 0.088432155938428736 0.088432155938428736 0.088432155938428736 1 1 1 Converged Converged Converged OK OK OK 45 45 45 45 45 45 3 3 3 0 0 0 0 0 1 0 0
52 52 linear 3 7 523 1 0.001 1.0453856112914581 0.0026130078448480553 0.00010827507294018582 0.002016342075068065 0.00016437776812806232 0.0020078683737075288 0.5 0.00071661333740405137 944.48674222650209 OK 13 12 0.68558399999999997 0.60446800000000001 0.103535 0.57864000000000004 0.44007400000000002 0 0.10694399999999993 0.16439399999999998 0.103535 0.0093469999999999994 0.0093039999999999998 0.0088140000000000007 0.082882999999999984 0.141148 0.080957000000000001 0.0024380000000000001 0.0022230000000000001 0.0022680000000000001 0.00044899999999999996 0.00045899999999999999 0.00044700000000000002 944.4857835311675 944.4857835311675 944.4857835311675 0.088443742350607507 0.088443742350607507 0.088443742350607507 1 1 1 Converged Converged Converged OK OK OK 45 45 45 45 45 45 3 3 3 0 0 0 0 1 0 0 1
52 52 linear 3 15 523 2 0.001 1.0453856112914581 0.0026130078448480553 0.00010827507294018582 0.002016342075068065 0.00016437776812806232 0.0020229327316818153 0.5 0.00070154897942976491 974.98640591844014 OK 12 11 0.62656299999999998 0.54116699999999995 0.105297 0.51831000000000005 0.37567400000000001 0 0.10825299999999993 0.16549299999999995 0.105297 0.0094029999999999999 0.0094149999999999998 0.0088439999999999994 0.084658000000000025 0.14179200000000003 0.082782000000000022 0.0023769999999999998 0.0023280000000000002 0.002176 0.00045599999999999997 0.00045399999999999998 0.00044999999999999999 974.98545362179198 974.98545362179198 974.98545362179198 0.088460657273157939 0.088460657273157939 0.088460657273157939 1 1 1 Converged Converged Converged OK OK OK 45 45 45 45 45 45 3 3 3 0 0 0 0 1 0 0 1
52 52 linear 3 23 523 3 0.001 1.0453856112914581 0.0026130078448480553 0.00010827507294018582 0.002016342075068065 0.00016437776812806232 0.0020379970896561021 0.5 0.00068648462145547802 1005.7762547003764 OK 12 11 0.62876699999999996 0.54844800000000005 0.100481 0.524949 0.37973899999999999 0 0.10381799999999997 0.16870900000000005 0.100481 0.0079909999999999998 0.0080420000000000005 0.007502 0.082144000000000036 0.14684999999999998 0.080114000000000032 0.0022760000000000002 0.0023729999999999997 0.0021619999999999999 0.00044999999999999999 0.00047900000000000004 0.00044399999999999995 1005.7753666321909 1005.7753666321909 1005.7753666321909 0.087671033699843123 0.087671033699843123 0.087671033699843123 1 1 1 Converged Converged Converged OK OK OK 45 45 45 45 45 45 3 3 3 0 0 0 0 1 0 0 1
52 52 linear 3 0 523 0 0.0001 1.0453856112914581 0.0026130078448480553 0.00010827507294018582 0.002016342075068065 0.00016437776812806232 0.0019946870604800279 0.5 0.0007297946506315523 918.22557941662694 OK 13 12 0.66889299999999996 0.67062500000000003 0.109435 0.55651499999999998 0.559307 0 0.11237799999999998 0.11131800000000003 0.109435 0.010253999999999999 0.010102999999999999 0.010033 0.086579000000000003 0.085983000000000018 0.084537000000000015 0.0022139999999999998 0.0022750000000000001 0.0021510000000000001 0.00046699999999999997 0.00046999999999999999 0.00044599999999999994 918.22461157445332 918.22461157445332 918.22461157445332 0.088432155938428736 0.088432155938428736 0.088432155938428736 1 1 1 Converged Converged Converged OK OK OK 45 45 45 45 45 45 3 3 3 0 0 0 0 0 1 0 0
52 52 linear 3 7 523 1 0.0001 1.0453856112914581 0.0026130078448480553 0.00010827507294018582 0.002016342075068065 0.00016437776812806232 0.0020078683737075288 0.5 0.00071661333740405137 944.48674222650209 OK 13 12 0.68891199999999997 0.599912 0.102975 0.58239700000000005 0.435836 0 0.10651499999999992 0.164076 0.102975 0.0092160000000000002 0.0093600000000000003 0.0086689999999999996 0.082890999999999979 0.14025499999999999 0.08059700000000003 0.0022309999999999999 0.0023709999999999998 0.0022360000000000001 0.000473 0.00046700000000000002 0.000435 944.4857835311675 944.4857835311675 944.4857835311675 0.088443742350607507 0.088443742350607507 0.088443742350607507 1 1 1 Converged Converged Converged OK OK OK 45 45 45 45 45 45 3 3 3 0 0 0 0 1 0 0 1
52 52 linear 3 15 523 2 0.0001 1.0453856112914581 0.0026130078448480553 0.00010827507294018582 0.002016342075068065 0.00016437776812806232 0.0020229327316818153 0.5 0.00070154897942976491 974.98640591844014 OK 12 11 0.625139 0.53617099999999995 0.104837 0.51713600000000004 0.37057299999999999 0 0.10800299999999996 0.16559799999999997 0.104837 0.0093430000000000006 0.0093399999999999993 0.0087770000000000001 0.08470599999999999 0.14205800000000002 0.082567000000000043 0.0022900000000000004 0.002271 0.0021700000000000001 0.000457 0.00047400000000000003 0.00043199999999999998 974.98545362179198 974.98545362179198 974.98545362179198 0.088460657273157939 0.088460657273157939 0.088460657273157939 1 1 1 Converged Converged Converged OK OK OK 45 45 45 45 45 45 3 3 3 0 0 0 0 1 0 0 1
52 52 linear 3 23 523 3 0.0001 1.0453856112914581 0.0026130078448480553 0.00010827507294018582 0.002016342075068065 0.00016437776812806232 0.0020379970896561021 0.5 0.00068648462145547802 1005.7762547003764 OK 12 11 0.62575499999999995 0.54433699999999996 0.10026400000000001 0.52212899999999995 0.375726 0 0.103626 0.16861099999999996 0.10026400000000001 0.0079749999999999995 0.0080529999999999994 0.0074869999999999997 0.082163 0.14691300000000002 0.079895999999999995 0.0021739999999999997 0.0023020000000000002 0.0020759999999999997 0.00045600000000000003 0.00044499999999999997 0.00044200000000000001 1005.7753666321909 1005.7753666321909 1005.7753666321909 0.087671033699843123 0.087671033699843123 0.087671033699843123 1 1 1 Converged Converged Converged OK OK OK 45 45 45 45 45 45 3 3 3 0 0 0 0 1 0 0 1
52 52 linear 4 0 524 0 0.001 1.0453856112914581 0.0026130078448480553 0.00010827507294018582 -0.15459337443405055 0.01888978541588272 -0.15461502944863859 0.5 0.15733951115975017 5.5205677262784585 OK 13 12 0.39326499999999998 0.38875999999999999 0.10993700000000001 0.27848699999999998 0.27755800000000003 0 0.11477799999999999 0.11120199999999997 0.10993700000000001 0.00911 0.0089320000000000007 0.0086339999999999993 0.08268700000000001 0.080724999999999963 0.079939000000000024 0.0037650000000000001 0.0030270000000000002 0.0030039999999999997 0.00078600000000000002 0.00072300000000000001 0.00070899999999999999 5.5205677374882134 5.5205677374882134 5.5205677374882134 0.0046084140203896014 0.0046084140203896014 0.0046084140203896014 1 1 1 Converged Converged Converged OK OK OK 61 61 61 61 61 61 3 3 3 0 0 0 0 0 1 0 0
52 52 linear 4 7 524 1 0.001 1.0453856112914581 0.0026130078448480553 0.00010827507294018582 -0.15459337443405055 0.01888978541588272 -0.15460184813541109 0.5 0.15732632984652267 5.5210175311437029 OK 13 12 0.40654800000000002 0.39479199999999998 0.107198 0.29582900000000001 0.17011699999999999 0 0.11071900000000001 0.22467499999999999 0.107198 0.008123 0.0083269999999999993 0.0077250000000000001 0.083467999999999987 0.19725599999999999 0.080850999999999978 0.0030980000000000001 0.003176 0.0029920000000000003 0.0006829999999999999 0.00070899999999999999 0.00068300000000000001 5.5210175423725092 5.5210175423725092 5.5210175423725092 0.004608869261261553 0.004608869261261553 0.004608869261261553 1 1 1 Converged Converged Converged OK OK OK 61 61 61 61 61 61 3 3 3 0 0 0 0 1 0 0 1
52 52 linear 4 15 524 2 0.001 1.0453856112914581 0.0026130078448480553 0.00010827507294018582 -0.15459337443405055 0.01888978541588272 -0.15458678377743679 0.5 0.15731126548854837 5.5215317039768594 OK 13 12 0.40167599999999998 0.37031900000000001 0.102905 0.29462300000000002 0.15953200000000001 0 0.10705299999999995 0.210787 0.102905 0.0084779999999999994 0.0085719999999999998 0.008012 0.079136999999999985 0.183115 0.076464999999999977 0.0033059999999999999 0.0030739999999999999 0.0031350000000000002 0.00069199999999999991 0.000696 0.00067599999999999995 5.5215317152306973 5.5215317152306973 5.5215317152306973 0.0046093896397954052 0.0046093896397954052 0.0046093896397954052 1 1 1 Converged Converged Converged OK OK OK 61 61 61 61 61 61 3 3 3 0 0 0 0 1 0 0 1
52 52 linear 4 23 524 3 0.001 1.0453856112914581 0.0026130078448480553 0.00010827507294018582 -0.15459337443405055 0.01888978541588272 -0.15457171941946252 0.5 0.1572962011305741 5.5220459943282236 OK 13 12 0.40431400000000001 0.39054699999999998 0.107325 0.29309499999999999 0.163434 0 0.11121900000000001 0.22711299999999998 0.107325 0.0082089999999999993 0.0082889999999999995 0.0076229999999999996 0.083927000000000015 0.19959499999999997 0.081229000000000023 0.0031329999999999999 0.0031879999999999999 0.0030439999999999998 0.00070099999999999991 0.00069900000000000008 0.00067599999999999995 5.5220460056087699 5.5220460056087699 5.5220460056087699 0.004609910117512989 0.004609910117512989 0.004609910117512989 1 1 1 Converged Converged Converged OK OK OK 61 61 61 61 61 61 3 3 3 0 0 0 0 1 0 0 1
52 52 linear 4 0 524 0 0.0001 1.0453856112914581 0.0026130078448480553 0.00010827507294018582 -0.15459337443405055 0.01888978541588272 -0.15461502944863859 0.5 0.15733951115975017 5.5205677262784585 OK 13 12 0.42494199999999999 0.42116900000000002 0.14199700000000001 0.27643200000000001 0.27814499999999998 0 0.14850999999999998 0.14302400000000004 0.14199700000000001 0.0088760000000000002 0.0090240000000000008 0.0085579999999999996 0.11102900000000002 0.10614399999999995 0.10582399999999997 0.0039649999999999998 0.0038300000000000005 0.0038210000000000002 0.00092299999999999999 0.00086900000000000009 0.00085700000000000001 5.5205677399769915 5.5205677399769915 5.5205677399769915 5.3316646952239457e-05 5.3316646952239457e-05 5.3316646952239457e-05 1 1 1 Converged Converged Converged OK OK OK 77 77 77 77 77 77 3 3 3 0 0 0 0 0 1 0 0
52 52 linear 4 7 524 1 0.0001 1.0453856112914581 0.0026130078448480553 0.00010827507294018582 -0.15459337443405055 0.01888978541588272 -0.15460184813541109 0.5 0.15732632984652267 5.5210175311437029 OK 13 12 0.443104 0.44921100000000003 0.144514 0.29456100000000002 0.16843900000000001 0 0.14854299999999998 0.28077200000000002 0.144514 0.0082719999999999998 0.0082489999999999994 0.0077629999999999999 0.11611600000000004 0.24837900000000016 0.11323899999999999 0.0039630000000000004 0.0039950000000000003 0.0038720000000000004 0.00081800000000000004 0.000812 0.00084599999999999996 5.5210175448612429 5.5210175448612429 5.5210175448612429 5.3332255169044305e-05 5.3332255169044305e-05 5.3332255169044305e-05 1 1 1 Converged Converged Converged OK OK OK 77 77 77 77 77 77 3 3 3 0 0 0 0 1 0 0 1
52 52 linear 4 15 524 2 0.0001 1.0453856112914581 0.0026130078448480553 0.00010827507294018582 -0.15459337443405055 0.01888978541588272 -0.15458678377743679 0.5 0.15731126548854837 5.5215317039768594 OK 13 12 0.44370599999999999 0.422512 0.135404 0.30454900000000001 0.15879599999999999 0 0.13915699999999998 0.26371600000000001 0.135404 0.0085019999999999991 0.0086619999999999996 0.0079749999999999995 0.10678100000000001 0.231156 0.10408700000000003 0.0038729999999999997 0.0040439999999999999 0.0038840000000000003 0.00083000000000000001 0.00080999999999999996 0.00081700000000000002 5.5215317177223096 5.5215317177223096 5.5215317177223096 5.3350104342599044e-05 5.3350104342599044e-05 5.3350104342599044e-05 1 1 1 Converged Converged Converged OK OK OK 77 77 77 77 77 77 3 3 3 0 0 0 0 1 0 0 1
52 52 linear 4 23 524 3 0.0001 1.0453856112914581 0.0026130078448480553 0.00010827507294018582 -0.15459337443405055 0.01888978541588272 -0.15457171941946252 0.5 0.1572962011305741 5.5220459943282236 OK 13 12 0.43761 0.43485800000000002 0.136633 0.29211799999999999 0.162107 0 0.14549200000000001 0.27275100000000002 0.136633 0.0082539999999999992 0.0082509999999999997 0.0076080000000000002 0.11281900000000003 0.24041699999999994 0.10577399999999998 0.0040079999999999994 0.0040600000000000002 0.0038900000000000002 0.00081099999999999987 0.00083000000000000001 0.00081499999999999997 5.5220460081016274 5.5220460081016274 5.5220460081016274 5.3367959916846523e-05 5.3367959916846523e-05 5.3367959916846523e-05 1 1 1 Converged Converged Converged OK OK OK 77 77 77 77 77 77 3 3 3 0 0 0 0 1 0 0 1
52 52 uniform 0 0 525 0 0.001 1.0453856112914581 0.0026130078448480553 0.00010827507294018582 -0.087693699641883713 0.061795739533946785 -0.087715354656471747 0 0.090439836367583321 21.374299275718581 OK 14 13 0.610927 0.60923400000000005 0.13172400000000001 0.47845799999999999 0.47590399999999999 0 0.132469 0.13333000000000006 0.13172400000000001 0.011856 0.01227 0.011759 0.095400000000000026 0.095645000000000008 0.095282999999999993 0.0032289999999999997 0.0033579999999999999 0.0032059999999999996 0.00087600000000000004 0.00088099999999999995 0.00087500000000000002 21.374299515973274 21.374299515973274 21.374299515973274 0.0041146338390709815 0.0041146338390709815 0.0041146338390709815 1 1 1 Converged Converged Converged OK OK OK 75 75 75 75 75 75 5 5 5 0 0 0 0 0 1 0 0
52 52 uniform 0 7 525 1 0.001 1.0453856112914581 0.0026130078448480553 0.00010827507294018582 -0.087693699641883713 0.061795739533946785 -0.087702173343244247 0 0.09042665505435582 20.825816866375856 OK 14 13 0.48078900000000002 0.47748600000000002 0.11737400000000001 0.36229499999999998 0.22800300000000001 0 0.11849400000000004 0.24948300000000001 0.11737400000000001 0.011332 0.011434 0.010832 0.087515999999999997 0.21773399999999996 0.087305999999999939 0.0030960000000000002 0.003375 0.003117 0.00087100000000000014 0.000959 0.00090499999999999999 20.825817675840675 20.825817675840675 20.825817675840675 0.0039402604802231513 0.0039402604802231513 0.0039402604802231513 1 1 1 Converged Converged Converged OK OK OK 75 75 75 75 75 75 5 5 5 0 0 0 0 1 0 0 1
52 52 uniform 0 15 525 2 0.001 1.0453856112914581 0.0026130078448480553 0.00010827507294018582 -0.087693699641883713 0.061795739533946785 -0.087687108985269963 0 0.09041159069638155 20.078452889047696 OK 14 13 0.48513800000000001 0.45222299999999999 0.12284299999999999 0.36089900000000003 0.21660199999999999 0 0.12423899999999999 0.235621 0.12284299999999999 0.010619999999999999 0.010824 0.010225 0.094135999999999997 0.20491499999999999 0.093658000000000005 0.00315 0.0033399999999999997 0.0030900000000000003 0.0008250000000000001 0.00085700000000000012 0.00082499999999999989 20.07845293199729 20.07845293199729 20.07845293199729 0.0037756563097243374 0.0037756563097243374 0.0037756563097243374 1 1 1 Converged Converged Converged OK OK OK 75 75 75 75 75 75 5 5 5 0 0 0 0 1 0 0 1
52 52 uniform 0 23 525 3 0.001 1.0453856112914581 0.0026130078448480553 0.00010827507294018582 -0.087693699641883713 0.061795739533946785 -0.087672044627295678 0 0.090396526338407251 19.213941845173693 OK 14 13 0.60214800000000002 0.59785999999999995 0.12392400000000001 0.47377000000000002 0.344443 0 0.12837799999999999 0.25341699999999995 0.12392400000000001 0.011436 0.011527000000000001 0.010800000000000001 0.094586999999999935 0.22188199999999994 0.094132999999999981 0.0059380000000000006 0.0033059999999999999 0.0030810000000000004 0.00084900000000000015 0.00091199999999999983 0.00082600000000000002 19.213942071121384 19.213942071121384 19.213942071121384 0.0036559028561420912 0.0036559028561420912 0.0036559028561420912 1 1 1 Converged Converged Converged OK OK OK 75 75 75 75 75 75 5 5 5 0 0 0 0 1 0 0 1
52 52 uniform 0 0 525 0 0.0001 1.0453856112914581 0.0026130078448480553 0.00010827507294018582 -0.087693699641883713 0.061795739533946785 -0.087715354656471747 0 0.090439836367583321 21.374299275718581 OK 14 13 0.65159400000000001 0.65990499999999996 0.17585400000000001 0.474387 0.47705399999999998 0 0.177207 0.18285099999999999 0.17585400000000001 0.012095 0.0124 0.01174 0.12726199999999996 0.13251399999999997 0.12675299999999998 0.0048770000000000003 0.0050920000000000002 0.0049280000000000001 0.001181 0.001242 0.0011529999999999999 21.374299516032625 21.374299516032625 21.374299516032625 0.00096845129488085894 0.00096845129488085894 0.00096845129488085894 1 1 1 Converged Converged Converged OK OK OK 107 107 107 107 107 107 5 5 5 0 0 0 0 0 1 0 0
52 52 uniform 0 7 525 1 0.0001 1.0453856112914581 0.0026130078448480553 0.00010827507294018582 -0.087693699641883713 0.061795739533946785 -0.087702173343244247 0 0.09042665505435582 20.825816866375856 OK 14 13 0.533223 0.56954499999999997 0.16309999999999999 0.36866199999999999 0.22642599999999999 0 0.16456100000000001 0.34311899999999995 0.16309999999999999 0.011375 0.011531 0.010869999999999999 0.12340399999999997 0.30103800000000008 0.12325299999999997 0.0048450000000000003 0.0054300000000000008 0.0047910000000000001 0.001191 0.001217 0.0011820000000000001 20.82581767590408 20.82581767590408 20.82581767590408 0.00079375772083784587 0.00079375772083784587 0.00079375772083784587 1 1 1 Converged Converged Converged OK OK OK 107 107 107 107 107 107 5 5 5 0 0 0 0 1 0 0 1
52 52 uniform 0 15 525 2 0.0001 1.0453856112914581 0.0026130078448480553 0.00010827507294018582 -0.087693699641883713 0.061795739533946785 -0.087687108985269963 0 0.09041159069638155 20.078452889047696 OK 14 13 0.52977399999999997 0.56032599999999999 0.16817499999999999 0.36003499999999999 0.215558 0 0.16973899999999997 0.34476799999999996 0.16817499999999999 0.01078 0.011004999999999999 0.010253999999999999 0.12950900000000001 0.30355700000000002 0.12927 0.0048079999999999998 0.0050930000000000003 0.0047330000000000011 0.0011070000000000001 0.0011879999999999998 0.0010949999999999998 20.078452932063129 20.078452932063129 20.078452932063129 0.00062878753653403119 0.00062878753653403119 0.00062878753653403119 1 1 1 Converged Converged Converged OK OK OK 107 107 107 107 107 107 5 5 5 0 0 0 0 1 0 0 1
52 52 uniform 0 23 525 3 0.0001 1.0453856112914581 0.0026130078448480553 0.00010827507294018582 -0.087693699641883713 0.061795739533946785 -0.087672044627295678 0 0.090396526338407251 19.213941845173693 OK 14 13 0.64655700000000005 0.70005600000000001 0.16577 0.47830600000000001 0.344497 0 0.16825100000000004 0.35555900000000001 0.16577 0.011507 0.011466 0.010867 0.12653099999999998 0.31439 0.12614699999999995 0.0052230000000000002 0.0050110000000000007 0.0047350000000000005 0.001183 0.0011560000000000001 0.0011349999999999999 19.213942071187052 19.213942071187052 19.213942071187052 0.00050866800869681355 0.00050866800869681355 0.00050866800869681355 1 1 1 Converged Converged Converged OK OK OK 107 107 107 107 107 107 5 5 5 0 0 0 0 1 0 0 1
52 52 uniform 1 0 526 0 0.001 1.0453856112914581 0.0026130078448480553 0.00010827507294018582 -0.089831570455208454 0.067397293409879752 -0.089853225469796488 0 0.092577707180908075 22.793925348225027 OK 14 13 0.95565699999999998 0.95242400000000005 0.22597300000000001 0.72407100000000002 0.72574700000000003 0 0.23158599999999996 0.22667700000000002 0.22597300000000001 0.013143 0.013003000000000001 0.01251 0.18762700000000013 0.18375699999999995 0.18368500000000001 0.0041109999999999992 0.0040109999999999998 0.0040239999999999998 0.00116 0.001119 0.0011359999999999999 22.793927461242042 22.793927461242042 22.793927461242042 0.011846306240071823 0.011846306240071823 0.011846306240071823 1 1 1 Converged Converged Converged OK OK OK 82 82 82 82 82 82 6 6 6 0 0 0 0 0 1 0 0
52 52 uniform 1 7 526 1 0.001 1.0453856112914581 0.0026130078448480553 0.00010827507294018582 -0.089831570455208454 0.067397293409879752 -0.089840044156568988 0 0.092564525867680575 25.590663115143219 OK 14 13 0.95423999999999998 0.91245100000000001 0.18807199999999999 0.76453099999999996 0.64992000000000005 0 0.18970900000000002 0.26253099999999996 0.18807199999999999 0.011516 0.011677 0.010998000000000001 0.15470499999999998 0.22725400000000007 0.15399100000000004 0.0037679999999999996 0.0039300000000000003 0.0039000000000000003 0.0009320000000000001 0.00092999999999999995 0.00097199999999999999 25.590661201971017 25.590661201971017 25.590661201971017 0.0071818410430924866 0.0071818410430924866 0.0071818410430924866 1 1 1 Converged Converged Converged OK OK OK 75 75 75 75 75 75 5 5 5 0 0 0 0 1 0 0 1
52 52 uniform 1 15 526 2 0.001 1.0453856112914581 0.0026130078448480553 0.00010827507294018582 -0.089831570455208454 0.067397293409879752 -0.089824979798594703 0 0.092549461509706277 27.958841795263879 OK 14 13 0.95889000000000002 0.93793199999999999 0.19117799999999999 0.76508900000000002 0.66759800000000002 0 0.193801 0.27033399999999996 0.19117799999999999 0.010932000000000001 0.011375 0.010389000000000001 0.159583 0.23459000000000002 0.15789600000000001 0.0036809999999999998 0.0041860000000000005 0.0037820000000000006 0.00090600000000000001 0.00091599999999999993 0.00089900000000000006 27.95884284038247 27.95884284038247 27.95884284038247 0.0051871635622478991 0.0051871635622478991 0.0051871635622478991 1 1 1 Converged Converged Converged OK OK OK 75 75 75 75 75 75 5 5 5 0 0 0 0 1 0 0 1
52 52 uniform 1 23 526 3 0.001 1.0453856112914581 0.0026130078448480553 0.00010827507294018582 -0.089831570455208454 0.067397293409879752 -0.089809915440620419 0 0.092534397151732006 29.703046784882932 OK 14 13 0.62261500000000003 0.57613300000000001 0.17554600000000001 0.44488699999999998 0.30449399999999999 0 0.17772800000000005 0.27163900000000002 0.17554600000000001 0.011155 0.011388000000000001 0.010532 0.14340199999999997 0.23692200000000002 0.14249000000000006 0.0037380000000000004 0.0038 0.0036599999999999996 0.00093700000000000001 0.00095100000000000002 0.00094600000000000001 29.703046953095495 29.703046953095495 29.703046953095495 0.004605488479555702 0.004605488479555702 0.004605488479555702 1 1 1 Converged Converged Converged OK OK OK 75 75 75 75 75 75 5 5 5 0 0 0 0 1 0 0 1
52 52 uniform 1 0 526 0 0.0001 1.0453856112914581 0.0026130078448480553 0.00010827507294018582 -0.089831570455208454 0.067397293409879752 -0.089853225469796488 0 0.092577707180908075 22.793925348225027 OK 14 13 1.0523450000000001 1.0525580000000001 0.32610299999999998 0.72436400000000001 0.72559700000000005 0 0.32798100000000008 0.32696100000000006 0.32610299999999998 0.012964 0.012774000000000001 0.016133000000000002 0.26661800000000019 0.26652900000000007 0.26290499999999994 0.0069369999999999996 0.0066970000000000007 0.0066699999999999997 0.0015280000000000001 0.0014550000000000001 0.001439 22.793924067903266 22.793924067903266 22.793924067903266 0.0014317774646076388 0.0014317774646076388 0.0014317774646076388 1 1 1 Converged Converged Converged OK OK OK 130 130 130 130 130 130 6 6 6 0 0 0 0 0 1 0 0
52 52 uniform 1 7 526 1 0.0001 1.0453856112914581 0.0026130078448480553 0.00010827507294018582 -0.089831570455208454 0.067397293409879752 -0.089840044156568988 0 0.092564525867680575 25.590663115143219 OK 14 13 1.0090589999999999 1.002318 0.24721199999999999 0.76067099999999999 0.65277700000000005 0 0.24838799999999994 0.34954099999999999 0.24721199999999999 0.011686999999999999 0.011679 0.010949 0.20301099999999997 0.30429100000000009 0.20342699999999994 0.0056270000000000001 0.0057629999999999999 0.005673000000000001 0.0012719999999999997 0.001214 0.0011820000000000001 25.590661758506933 25.590661758506933 25.590661758506933 0.001986000413447288 0.001986000413447288 0.001986000413447288 1 1 1 Converged Converged Converged OK OK OK 107 107 107 107 107 107 5 5 5 0 0 0 0 1 0 0 1
52 52 uniform 1 15 526 2 0.0001 1.0453856112914581 0.0026130078448480553 0.00010827507294018582 -0.089831570455208454 0.067397293409879752 -0.089824979798594703 0 0.092549461509706277 27.958841795263879 OK 14 13 1.009204 1.0458829999999999 0.24163799999999999 0.759903 0.66921600000000003 0 0.24930099999999999 0.37666699999999986 0.24163799999999999 0.01103 0.011265000000000001 0.010376 0.2041909999999999 0.33106699999999994 0.19871799999999995 0.0059700000000000005 0.0060160000000000005 0.0053470000000000011 0.0011430000000000001 0.0012039999999999998 0.0011420000000000002 27.958842840441932 27.958842840441932 27.958842840441932 0.0021663453026188181 0.0021663453026188181 0.0021663453026188181 1 1 1 Converged Converged Converged OK OK OK 107 107 107 107 107 107 5 5 5 0 0 0 0 1 0 0 1
52 52 uniform 1 23 526 3 0.0001 1.0453856112914581 0.0026130078448480553 0.00010827507294018582 -0.089831570455208454 0.067397293409879752 -0.089809915440620419 0 0.092534397151732006 29.703046784882932 OK 14 13 0.63740799999999997 0.63509899999999997 0.19375899999999999 0.44131300000000001 0.30479899999999999 0 0.19609499999999996 0.33029999999999998 0.19375899999999999 0.011336000000000001 0.011403999999999999 0.010592000000000001 0.15655899999999998 0.29016200000000003 0.155835 0.0046509999999999998 0.004947 0.0044159999999999998 0.0011050000000000001 0.00109 0.001101 29.703046953131434 29.703046953131434 29.703046953131434 0.0029625569850852047 0.0029625569850852047 0.0029625569850852047 1 1 1 Converged Converged Converged OK OK OK 91 91 91 91 91 91 5 5 5 0 0 0 0 1 0 0 1
52 52 uniform 2 0 527 0 0.001 1.0453856112914581 0.0026130078448480553 0.00010827507294018582 -0.14443712637303877 0.022456307606231869 -0.1444587813876268 0 0.14718326309873839 7.1839544035228569 OK 14 13 0.40165299999999998 0.40579999999999999 0.102932 0.29691499999999998 0.30210399999999998 0 0.104738 0.10369600000000001 0.102932 0.011726 0.011658 0.011424999999999999 0.070254999999999998 0.070016000000000023 0.069458999999999993 0.0030209999999999998 0.0028040000000000001 0.0028189999999999999 0.000852 0.00085000000000000006 0.00088699999999999998 7.183953034248205 7.183953034248205 7.183953034248205 0.0026315956202403058 0.0026315956202403058 0.0026315956202403058 1 1 1 Converged Converged Converged OK OK OK 67 67 67 67 67 67 5 5 5 0 0 0 0 0 1 0 0
52 52 uniform 2 7 527 1 0.001 1.0453856112914581 0.0026130078448480553 0.00010827507294018582 -0.14443712637303877 0.022456307606231869 -0.1444456000743993 0 0.14717008178551089 8.1785939141612989 OK 14 13 0.40734599999999999 0.41891800000000001 0.10105500000000001 0.30396800000000002 0.17602799999999999 0 0.10337799999999997 0.24289000000000002 0.10105500000000001 0.01133 0.011166000000000001 0.01056 0.073424999999999949 0.21310600000000002 0.072975999999999985 0.0028630000000000001 0.0028730000000000001 0.0027999999999999995 0.00091099999999999992 0.00087399999999999999 0.00082199999999999992 8.1785919571366463 8.1785919571366463 8.1785919571366463 0.0037734870235384067 0.0037734870235384067 0.0037734870235384067 1 1 1 Converged Converged Converged OK OK OK 67 67 67 67 67 67 5 5 5 0 0 0 0 1 0 0 1
52 52 uniform 2 15 527 2 0.001 1.0453856112914581 0.0026130078448480553 0.00010827507294018582 -0.14443712637303877 0.022456307606231869 -0.144430535716425 0 0.14715501742753659 9.2939331347493237 OK 14 13 0.41500999999999999 0.43821399999999999 0.097028000000000003 0.31600499999999998 0.19320699999999999 0 0.09900500000000001 0.245007 0.097028000000000003 0.011180000000000001 0.011124 0.010574999999999999 0.069598999999999966 0.21554599999999999 0.06900000000000002 0.0028190000000000003 0.0029140000000000004 0.0027529999999999998 0.00081799999999999993 0.00080499999999999994 0.0007580000000000001 9.2939305523620916 9.2939305523620916 9.2939305523620916 0.00562794501146743 0.00562794501146743 0.00562794501146743 1 1 1 Converged Converged Converged OK OK OK 67 67 67 67 67 67 5 5 5 0 0 0 0 1 0 0 1
52 52 uniform 2 23 527 3 0.001 1.0453856112914581 0.0026130078448480553 0.00010827507294018582 -0.14443712637303877 0.022456307606231869 -0.14441547135845073 0 0.14713995306956232 10.386078450250688 OK 14 13 0.41616199999999998 0.42886099999999999 0.101669 0.30686799999999997 0.177845 0 0.109294 0.25101600000000002 0.101669 0.010737 0.010845 0.010286 0.07504799999999999 0.2223190000000001 0.074603000000000017 0.0028489999999999995 0.0030270000000000002 0.0027759999999999998 0.00086900000000000009 0.00088999999999999995 0.00078400000000000008 10.386068312637899 10.386068312637899 10.386068312637899 0.007766012515046398 0.007766012515046398 0.007766012515046398 1 1 1 Converged Converged Converged OK OK OK 67 67 67 67 67 67 5 5 5 0 0 0 0 1 0 0 1
52 52 uniform 2 0 527 0 0.0001 1.0453856112914581 0.0026130078448480553 0.00010827507294018582 -0.14443712637303877 0.022456307606231869 -0.1444587813876268 0 0.14718326309873839 7.1839544035228569 OK 14 13 0.450434 0.44756600000000002 0.14502599999999999 0.29847099999999999 0.29779099999999997 0 0.15196300000000001 0.14977500000000005 0.14502599999999999 0.011842 0.011842 0.011311999999999999 0.10518000000000004 0.10305299999999998 0.09966899999999998 0.0045900000000000003 0.004633 0.0043990000000000001 0.001186 0.001193 0.001139 7.1839530342904121 7.1839530342904121 7.1839530342904121 0.00053916534758141654 0.00053916534758141654 0.00053916534758141654 1 1 1 Converged Converged Converged OK OK OK 99 99 99 99 99 99 5 5 5 0 0 0 0 0 1 0 0
52 52 uniform 2 7 527 1 0.0001 1.0453856112914581 0.0026130078448480553 0.00010827507294018582 -0.14443712637303877 0.022456307606231869 -0.1444456000743993 0 0.14717008178551089 8.1785939141612989 OK 14 13 0.453982 0.56313800000000003 0.149895 0.30160399999999998 0.17674699999999999 0 0.15237800000000001 0.38639100000000004 0.149895 0.011117999999999999 0.011209999999999999 0.010581999999999999 0.11001000000000002 0.34360099999999999 0.10888399999999998 0.0048240000000000002 0.0049299999999999995 0.0048110000000000002 0.0012829999999999999 0.001227 0.001227 8.1785918798600665 8.1785918798600665 8.1785918798600665 0.00011135047028935752 0.00011135047028935752 0.00011135047028935752 1 1 1 Converged Converged Converged OK OK OK 107 107 107 107 107 107 5 5 5 0 0 0 0 1 0 0 1
52 52 uniform 2 15 527 2 0.0001 1.0453856112914581 0.0026130078448480553 0.00010827507294018582 -0.14443712637303877 0.022456307606231869 -0.144430535716425 0 0.14715501742753659 9.2939331347493237 OK 14 13 0.46387400000000001 0.56947800000000004 0.144761 0.31670399999999999 0.19451499999999999 0 0.14717000000000002 0.37496300000000005 0.144761 0.011183 0.011188 0.010566000000000001 0.10621300000000004 0.33354100000000003 0.105367 0.0048700000000000002 0.0049699999999999987 0.0047840000000000001 0.001263 0.0012940000000000002 0.001142 9.2939302705634486 9.2939302705634486 9.2939302705634486 0.0001059994264269417 0.0001059994264269417 0.0001059994264269417 1 1 1 Converged Converged Converged OK OK OK 107 107 107 107 107 107 5 5 5 0 0 0 0 1 0 0 1
52 52 uniform 2 23 527 3 0.0001 1.0453856112914581 0.0026130078448480553 0.00010827507294018582 -0.14443712637303877 0.022456307606231869 -0.14441547135845073 0 0.14713995306956232 10.386078450250688 OK 14 13 0.46329700000000001 0.557894 0.14971799999999999 0.31156099999999998 0.18001700000000001 0 0.15173600000000004 0.37787700000000002 0.14971799999999999 0.010874999999999999 0.010897 0.01025 0.11145000000000001 0.3366030000000001 0.11085299999999999 0.0048529999999999997 0.0050600000000000003 0.004803 0.0011960000000000002 0.0012560000000000002 0.0011710000000000002 10.386075297017557 10.386075297017557 10.386075297017557 0.0001110986629232568 0.0001110986629232568 0.0001110986629232568 1 1 1 Converged Converged Converged OK OK OK 107 107 107 107 107 107 5 5 5 0 0 0 0 1 0 0 1
52 52 uniform 3 0 528 0 0.001 1.0453856112914581 0.0026130078448480553 0.00010827507294018582 0.002016342075068065 0.00016437776812806232 0.0019946870604800279 0 0.0007297946506315523 922.41600568804711 OK 13 12 0.63119400000000003 0.62951599999999996 0.069750000000000006 0.56006900000000004 0.55872999999999995 0 0.071124999999999994 0.070786000000000016 0.069750000000000006 0.010418 0.010225 0.0099179999999999997 0.05057600000000001 0.050908000000000016 0.050309000000000006 0.0013079999999999999 0.0013449999999999998 0.0012700000000000001 0.00033700000000000001 0.00033299999999999996 0.00031500000000000001 922.41596922180076 922.41596922180076 922.41596922180076 0.2289898061821781 0.2289898061821781 0.2289898061821781 1 1 1 Converged Converged Converged OK OK OK 29 29 29 29 29 29 3 3 3 0 0 0 0 0 1 0 0
52 52 uniform 3 7 528 1 0.001 1.0453856112914581 0.0026130078448480553 0.00010827507294018582 0.002016342075068065 0.00016437776812806232 0.0020078683737075288 0 0.00071661333740405137 949.04622864616476 OK 13 12 0.64624300000000001 0.53872699999999996 0.065221000000000001 0.57896000000000003 0.43820100000000001 0 0.067282999999999982 0.10052599999999995 0.065221000000000001 0.0092490000000000003 0.0093130000000000001 0.0087189999999999993 0.048524000000000012 0.082232000000000013 0.047885999999999998 0.0013779999999999999 0.0013460000000000002 0.0013340000000000001 0.000339 0.00034900000000000003 0.00031099999999999997 949.04621000999816 949.04621000999816 949.04621000999816 0.2415438189773205 0.2415438189773205 0.2415438189773205 1 1 1 Converged Converged Converged OK OK OK 29 29 29 29 29 29 3 3 3 0 0 0 0 1 0 0 1
52 52 uniform 3 15 528 2 0.001 1.0453856112914581 0.0026130078448480553 0.00010827507294018582 0.002016342075068065 0.00016437776812806232 0.0020229327316818153 0 0.00070154897942976491 979.98571999412741 OK 12 11 0.59104299999999999 0.46660800000000002 0.066238000000000005 0.52028700000000005 0.368147 0 0.07075599999999993 0.098461000000000021 0.066238000000000005 0.010673999999999999 0.0093340000000000003 0.0087659999999999995 0.050447000000000006 0.08029 0.048852999999999994 0.0013600000000000001 0.00132 0.001299 0.000328 0.00032199999999999997 0.00031199999999999999 979.98572376180221 979.98572376180221 979.98572376180221 0.25710797456574708 0.25710797456574708 0.25710797456574708 1 1 1 Converged Converged Converged OK OK OK 29 29 29 29 29 29 3 3 3 0 0 0 0 1 0 0 1
52 52 uniform 3 23 528 3 0.001 1.0453856112914581 0.0026130078448480553 0.00010827507294018582 0.002016342075068065 0.00016437776812806232 0.0020379970896561021 0 0.00068648462145547802 1011.2254213279331 OK 12 11 0.58821500000000004 0.47112999999999999 0.065064999999999998 0.52175700000000003 0.376689 0 0.066458000000000017 0.094440999999999997 0.065064999999999998 0.0080260000000000001 0.0081890000000000001 0.0074419999999999998 0.049914999999999987 0.07782 0.049728000000000001 0.0012360000000000001 0.0013140000000000001 0.001191 0.00032000000000000003 0.00033 0.00031199999999999999 1011.2255370606706 1011.2255370606706 1011.2255370606706 0.27228880884482398 0.27228880884482398 0.27228880884482398 1 1 1 Converged Converged Converged OK OK OK 29 29 29 29 29 29 3 3 3 0 0 0 0 1 0 0 1
52 52 uniform 3 0 528 0 0.0001 1.0453856112914581 0.0026130078448480553 0.00010827507294018582 0.002016342075068065 0.00016437776812806232 0.0019946870604800279 0 0.0007297946506315523 922.41600568804711 OK 13 12 0.65744999999999998 0.65498800000000001 0.097524 0.55911500000000003 0.55646600000000002 0 0.09833499999999995 0.098521999999999998 0.097524 0.01021 0.010381 0.010177 0.072734000000000007 0.072983999999999993 0.072235999999999995 0.0021700000000000001 0.0022290000000000001 0.00216 0.00048500000000000003 0.00044000000000000002 0.00042700000000000002 922.4159695634653 922.4159695634653 922.4159695634653 0.086012757156414404 0.086012757156414404 0.086012757156414404 1 1 1 Converged Converged Converged OK OK OK 45 45 45 45 45 45 3 3 3 0 0 0 0 0 1 0 0
52 52 uniform 3 7 528 1 0.0001 1.0453856112914581 0.0026130078448480553 0.00010827507294018582 0.002016342075068065 0.00016437776812806232 0.0020078683737075288 0 0.00071661333740405137 949.04622864616476 OK 13 12 0.67307099999999997 0.589341 0.091271000000000005 0.57766700000000004 0.43760199999999999 0 0.095403999999999933 0.15173900000000001 0.091271000000000005 0.0091339999999999998 0.0092300000000000004 0.0086379999999999998 0.072038000000000005 0.128249 0.069149000000000002 0.0021549999999999998 0.002238 0.002134 0.000475 0.00047100000000000001 0.00042699999999999997 949.04620885802115 949.04620885802115 949.04620885802115 0.086032914043651071 0.086032914043651071 0.086032914043651071 1 1 1 Converged Converged Converged OK OK OK 45 45 45 45 45 45 3 3 3 0 0 0 0 1 0 0 1
52 52 uniform 3 15 528 2 0.0001 1.0453856112914581 0.0026130078448480553 0.00010827507294018582 0.002016342075068065 0.00016437776812806232 0.0020229327316818153 0 0.00070154897942976491 979.98571999412741 OK 12 11 0.60906400000000005 0.52241800000000005 0.092728000000000005 0.51454900000000003 0.36982999999999999 0 0.094515000000000016 0.15258800000000006 0.092728000000000005 0.0093830000000000007 0.0092829999999999996 0.0087419999999999998 0.071131999999999987 0.12927900000000003 0.070610000000000006 0.0021440000000000001 0.0022139999999999998 0.0020769999999999999 0.00044499999999999997 0.000437 0.00042799999999999994 979.98571949933614 979.98571949933614 979.98571949933614 0.086059424628926226 0.086059424628926226 0.086059424628926226 1 1 1 Converged Converged Converged OK OK OK 45 45 45 45 45 45 3 3 3 0 0 0 0 1 0 0 1
52 52 uniform 3 23 528 3 0.0001 1.0453856112914581 0.0026130078448480553 0.00010827507294018582 0.002016342075068065 0.00016437776812806232 0.0020379970896561021 0 0.00068648462145547802 1011.2254213279331 OK 12 11 0.61698500000000001 0.53241000000000005 0.089484999999999995 0.52541700000000002 0.37533100000000003 0 0.091567999999999983 0.15707900000000002 0.089484999999999995 0.0079030000000000003 0.0080809999999999996 0.0074729999999999996 0.069784999999999972 0.13574599999999998 0.069312000000000012 0.002284 0.0021570000000000001 0.0020409999999999998 0.000464 0.00044299999999999998 0.000437 1011.2255274274725 1011.2255274274725 1011.2255274274725 0.08505768954906677 0.08505768954906677 0.08505768954906677 1 1 1 Converged Converged Converged OK OK OK 45 45 45 45 45 45 3 3 3 0 0 0 0 1 0 0 1
52 52 uniform 4 0 529 0 0.001 1.0453856112914581 0.0026130078448480553 0.00010827507294018582 -0.15459337443405055 0.01888978541588272 -0.15461502944863859 0 0.15733951115975017 5.5205677262793547 OK 13 12 0.34672700000000001 0.35064299999999998 0.070480000000000001 0.27500599999999997 0.27906999999999998 0 0.071721000000000035 0.071572999999999998 0.070480000000000001 0.009077 0.0090349999999999996 0.0088190000000000004 0.046622000000000004 0.046628000000000003 0.045852000000000004 0.002176 0.0022240000000000003 0.0021030000000000003 0.00056099999999999998 0.00054600000000000004 0.00054000000000000001 5.5205676895419993 5.5205676895419993 5.5205676895419993 0.0019443462843456278 0.0019443462843456278 0.0019443462843456278 1 1 1 Converged Converged Converged OK OK OK 45 45 45 45 45 45 3 3 3 0 0 0 0 0 1 0 0
52 52 uniform 4 7 529 1 0.001 1.0453856112914581 0.0026130078448480553 0.00010827507294018582 -0.15459337443405055 0.01888978541588272 -0.15460184813541109 0 0.15732632984652267 5.5210175311435368 OK 13 12 0.363344 0.32181900000000002 0.067749000000000004 0.29386800000000002 0.16783100000000001 0 0.069475999999999982 0.15398800000000001 0.067749000000000004 0.0082839999999999997 0.0083540000000000003 0.0076179999999999998 0.047197000000000003 0.13170500000000002 0.046702000000000007 0.0022209999999999999 0.0022750000000000001 0.0021900000000000001 0.00054299999999999997 0.00054100000000000003 0.00052999999999999998 5.5210174944025905 5.5210174944025905 5.5210174944025905 0.001944504730948011 0.001944504730948011 0.001944504730948011 1 1 1 Converged Converged Converged OK OK OK 45 45 45 45 45 45 3 3 3 0 0 0 0 1 0 0 1
52 52 uniform 4 15 529 2 0.001 1.0453856112914581 0.0026130078448480553 0.00010827507294018582 -0.15459337443405055 0.01888978541588272 -0.15458678377743679 0 0.15731126548854837 5.5215317039766578 OK 13 12 0.358041 0.30033900000000002 0.063755999999999993 0.29289100000000001 0.15589500000000001 0 0.065149999999999986 0.14444400000000002 0.063755999999999993 0.0085159999999999993 0.0085939999999999992 0.0079749999999999995 0.042784000000000003 0.121877 0.042401000000000008 0.0021480000000000002 0.0022960000000000003 0.0020950000000000001 0.00056300000000000002 0.00057400000000000007 0.00052599999999999999 5.5215316672353509 5.5215316672353509 5.5215316672353509 0.0019446858608961775 0.0019446858608961775 0.0019446858608961775 1 1 1 Converged Converged Converged OK OK OK 45 45 45 45 45 45 3 3 3 0 0 0 0 1 0 0 1
52 52 uniform 4 23 529 3 0.001 1.0453856112914581 0.0026130078448480553 0.00010827507294018582 -0.15459337443405055 0.01888978541588272 -0.15457171941946252 0 0.1572962011305741 5.5220459943284474 OK 13 12 0.35978700000000002 0.31542700000000001 0.066917000000000004 0.29126800000000003 0.168188 0 0.068518999999999997 0.14723900000000001 0.066917000000000004 0.0081370000000000001 0.0082900000000000005 0.0076140000000000001 0.046450000000000019 0.125026 0.045939000000000001 0.0021510000000000001 0.0022290000000000001 0.002134 0.00054900000000000001 0.00055599999999999996 0.00053200000000000003 5.52204595758585 5.52204595758585 5.52204595758585 0.0019448670233986499 0.0019448670233986499 0.0019448670233986499 1 1 1 Converged Converged Converged OK OK OK 45 45 45 45 45 45 3 3 3 0 0 0 0 1 0 0 1
52 52 uniform 4 0 529 0 0.0001 1.0453856112914581 0.0026130078448480553 0.00010827507294018582 -0.15459337443405055 0.01888978541588272 -0.15461502944863859 0 0.15733951115975017 5.5205677262793547 OK 13 12 0.38911499999999999 0.39079700000000001 0.110683 0.27677499999999999 0.27917399999999998 0 0.11234 0.11162300000000003 0.110683 0.0089280000000000002 0.0090480000000000005 0.0085050000000000004 0.075932000000000013 0.07549500000000002 0.075257999999999978 0.003993 0.003797 0.003764 0.00083299999999999997 0.00082700000000000004 0.00079599999999999994 5.5205676895808216 5.5205676895808216 5.5205676895808216 1.1110498748931996e-05 1.1110498748931996e-05 1.1110498748931996e-05 1 1 1 Converged Converged Converged OK OK OK 77 77 77 77 77 77 3 3 3 0 0 0 0 0 1 0 0
52 52 uniform 4 7 529 1 0.0001 1.0453856112914581 0.0026130078448480553 0.00010827507294018582 -0.15459337443405055 0.01888978541588272 -0.15460184813541109 0 0.15732632984652267 5.5210175311435368 OK 13 12 0.409358 0.41852699999999998 0.11065999999999999 0.29267300000000002 0.16876099999999999 0 0.11668499999999998 0.24976599999999999 0.11065999999999999 0.0094289999999999999 0.0083689999999999997 0.0077190000000000002 0.082805999999999977 0.21728099999999992 0.079658999999999994 0.0039680000000000002 0.0040270000000000002 0.0038400000000000001 0.00080900000000000004 0.00078200000000000003 0.00076300000000000001 5.5210174944409296 5.5210174944409296 5.5210174944409296 1.1113752249747472e-05 1.1113752249747472e-05 1.1113752249747472e-05 1 1 1 Converged Converged Converged OK OK OK 77 77 77 77 77 77 3 3 3 0 0 0 0 1 0 0 1
52 52 uniform 4 15 529 2 0.0001 1.0453856112914581 0.0026130078448480553 0.00010827507294018582 -0.15459337443405055 0.01888978541588272 -0.15458678377743679 0 0.15731126548854837 5.5215317039766578 OK 13 12 0.400364 0.39180100000000001 0.10466499999999999 0.29410399999999998 0.15543599999999999 0 0.10626000000000002 0.23636500000000002 0.10466499999999999 0.0084840000000000002 0.0085120000000000005 0.0079600000000000001 0.073949999999999974 0.20375700000000002 0.07362699999999997 0.0038069999999999996 0.0039259999999999998 0.0037169999999999998 0.000812 0.000776 0.00076900000000000015 5.5215316672752994 5.5215316672752994 5.5215316672752994 1.1117471584958472e-05 1.1117471584958472e-05 1.1117471584958472e-05 1 1 1 Converged Converged Converged OK OK OK 77 77 77 77 77 77 3 3 3 0 0 0 0 1 0 0 1
52 52 uniform 4 23 529 3 0.0001 1.0453856112914581 0.0026130078448480553 0.00010827507294018582 -0.15459337443405055 0.01888978541588272 -0.15457171941946252 0 0.1572962011305741 5.5220459943284474 OK 13 12 0.40640500000000002 0.40637400000000001 0.105869 0.29871399999999998 0.16082099999999999 0 0.10769100000000004 0.24555300000000002 0.105869 0.0084180000000000001 0.0083020000000000004 0.007633 0.075549999999999978 0.21021699999999999 0.075233999999999968 0.0038859999999999997 0.003882 0.0037789999999999998 0.0007980000000000001 0.00083900000000000012 0.0007670000000000001 5.522045957626978 5.522045957626978 5.522045957626978 1.1121192889861726e-05 1.1121192889861726e-05 1.1121192889861726e-05 1 1 1 Converged Converged Converged OK OK OK 77 77 77 77 77 77 3 3 3 0 0 0 0 1 0 0 1
53 53 linear 0 0 530 0 0.001 2.2167311233520568 0.00077910277377397225 0.00043468693912282778 0.00087048455286092407 0.00011722518092120303 0.00078354716503635849 0.5 0.00094216969108896662 2051.9788350791396 OK 17 16 1.1111120000000001 1.105599 0.46171099999999998 0.64205400000000001 0.63222299999999998 0 0.46905800000000009 0.47337600000000002 0.46171099999999998 0.014867 0.015389999999999999 0.014964999999999999 0.38597099999999984 0.38567199999999996 0.37708800000000003 0.0094910000000000012 0.012331 0.010793000000000001 0.001583 0.0018139999999999999 0.0016919999999999999 2051.9822104342397 2051.9822104342397 2051.9822104342397 1.468677999041484 1.468677999041484 1.468677999041484 1 1 1 Converged Converged Converged OK OK OK 167 167 167 167 167 167 9 9 9 0 0 0 0 0 1 0 0
53 53 linear 0 7 530 1 0.001 2.2167311233520568 0.00077910277377397225 0.00043468693912282778 0.00087048455286092407 0.00011722518092120303 0.00083646557501652885 0.5 0.00088925128110879626 2205.0609034681656 OK 17 16 1.0161709999999999 1.0616639999999999 0.44309300000000001 0.56541699999999995 0.41276200000000002 0 0.45075399999999999 0.64890199999999987 0.44309300000000001 0.013524 0.013986 0.013065 0.38685999999999987 0.58231100000000013 0.37896300000000011 0.0093809999999999987 0.010466000000000003 0.010240000000000003 0.0015400000000000001 0.00157 0.0015860000000000002 2205.0646981350997 2205.0646981350997 2205.0646981350997 1.5148344337173836 1.5148344337173836 1.5148344337173836 1 1 1 Converged Converged Converged OK OK OK 167 167 167 167 167 167 9 9 9 0 0 0 0 1 0 0 1
53 53 linear 0 15 530 2 0.001 2.2167311233520568 0.00077910277377397225 0.00043468693912282778 0.00087048455286092407 0.00011722518092120303 0.00089694375785100925 0.5 0.00082877309827431586 2412.4399238717074 OK 17 16 1.055434 1.095736 0.45084400000000002 0.59544200000000003 0.44483600000000001 0 0.45999199999999996 0.65090000000000003 0.45084400000000002 0.013448 0.013537 0.012482 0.39485100000000012 0.58520099999999986 0.38862200000000013 0.010077000000000001 0.010202999999999999 0.0095259999999999997 0.0015819999999999999 0.0016140000000000002 0.001547 2412.439005823604 2412.439005823604 2412.439005823604 1.6029058574774653 1.6029058574774653 1.6029058574774653 1 1 1 Converged Converged Converged OK OK OK 167 167 167 167 167 167 9 9 9 0 0 0 0 1 0 0 1
53 53 linear 0 23 530 3 0.001 2.2167311233520568 0.00077910277377397225 0.00043468693912282778 0.00087048455286092407 0.00011722518092120303 0.00095742194068548965 0.5 0.00076829491543983547 2674.2187826930508 OK 17 16 1.0931090000000001 1.1374120000000001 0.43541200000000002 0.647725 0.501498 0 0.44538400000000011 0.63591400000000009 0.43541200000000002 0.013566999999999999 0.014204 0.012834 0.38778699999999994 0.5721440000000001 0.37986300000000012 0.0091299999999999992 0.013816999999999999 0.0089979999999999991 0.0015609999999999999 0.0018200000000000002 0.0016199999999999999 2674.2194801104442 2674.2194801104442 2674.2194801104442 2.6306457024922238 2.6306457024922238 2.6306457024922238 1 1 1 Converged Converged Converged OK OK OK 166 166 166 166 166 166 10 10 10 0 0 0 0 1 0 0 1
53 53 linear 0 0 530 0 0.0001 2.2167311233520568 0.00077910277377397225 0.00043468693912282778 0.00087048455286092407 0.00011722518092120303 0.00078354716503635849 0.5 0.00094216969108896662 2051.9788350791396 OK 17 16 1.131589 1.12253 0.48568299999999998 0.63886100000000001 0.635571 0 0.49272799999999994 0.48695900000000003 0.48568299999999998 0.014848 0.01506 0.014651000000000001 0.4045559999999998 0.39792000000000011 0.39604599999999995 0.0099989999999999992 0.010528000000000001 0.011138000000000002 0.0017439999999999999 0.0018470000000000001 0.0017950000000000004 2051.9850099054038 2051.9850099054038 2051.9850099054038 0.15423815613259459 0.15423815613259459 0.15423815613259459 1 1 1 Converged Converged Converged OK OK OK 175 175 175 175 175 175 9 9 9 0 0 0 0 0 1 0 0
53 53 linear 0 7 530 1 0.0001 2.2167311233520568 0.00077910277377397225 0.00043468693912282778 0.00087048455286092407 0.00011722518092120303 0.00083646557501652885 0.5 0.00088925128110879626 2205.0609034681656 OK 17 16 1.0339750000000001 1.085175 0.45994699999999999 0.56103999999999998 0.40908600000000001 0 0.47293500000000011 0.67608899999999994 0.45994699999999999 0.01363 0.013637 0.013036000000000001 0.40656299999999967 0.60823900000000009 0.39399599999999962 0.0097110000000000009 0.010479 0.010248999999999999 0.0016900000000000001 0.0017269999999999998 0.0016819999999999999 2205.0674974895846 2205.0674974895846 2205.0674974895846 0.20044974871637397 0.20044974871637397 0.20044974871637397 1 1 1 Converged Converged Converged OK OK OK 175 175 175 175 175 175 9 9 9 0 0 0 0 1 0 0 1
53 53 linear 0 15 530 2 0.0001 2.2167311233520568 0.00077910277377397225 0.00043468693912282778 0.00087048455286092407 0.00011722518092120303 0.00089694375785100925 0.5 0.00082877309827431586 2412.4399238717074 OK 17 16 1.1697500000000001 1.228178 0.565639 0.59809299999999999 0.44345699999999999 0 0.57165700000000008 0.784721 0.565639 0.013194000000000001 0.013650000000000001 0.012473 0.4924010000000002 0.6989679999999997 0.48366100000000023 0.012345000000000002 0.013188999999999998 0.012587000000000001 0.0019069999999999998 0.0018969999999999998 0.0057510000000000009 2412.4422776432953 2412.4422776432953 2412.4422776432953 0.09131091410073354 0.09131091410073354 0.09131091410073354 1 1 1 Converged Converged Converged OK OK OK 207 207 207 207 207 207 9 9 9 0 0 0 0 1 0 0 1
53 53 linear 0 23 530 3 0.0001 2.2167311233520568 0.00077910277377397225 0.00043468693912282778 0.00087048455286092407 0.00011722518092120303 0.00095742194068548965 0.5 0.00076829491543983547 2674.2187826930508 OK 17 16 1.235733 1.295531 0.56960599999999995 0.64758400000000005 0.50065400000000004 0 0.58814899999999992 0.79487699999999994 0.56960599999999995 0.013687 0.013780000000000001 0.012767000000000001 0.50815500000000025 0.71780199999999983 0.49594800000000028 0.014777999999999999 0.013065 0.012112 0.0020529999999999997 0.0021119999999999997 0.0020509999999999999 2674.223719417455 2674.223719417455 2674.223719417455 0.090777645411819277 0.090777645411819277 0.090777645411819277 1 1 1 Converged Converged Converged OK OK OK 214 214 214 214 214 214 10 10 10 0 0 0 0 1 0 0 1
53 53 linear 1 0 531 0 0.001 2.2167311233520568 0.00077910277377397225 0.00043468693912282778 0.001620795013282396 -0.00026257107374961765 0.0015338576254578305 0.5 0.00019185923066749461 3699.2655071633749 OK 15 14 1.0027360000000001 0.96958299999999997 0.38407799999999997 0.60133099999999995 0.58201700000000001 0 0.40140500000000012 0.38756599999999997 0.38407799999999997 0.013683000000000001 0.012088 0.011676000000000001 0.33372100000000016 0.32279099999999999 0.31892200000000004 0.0084139999999999996 0.0083129999999999992 0.0090409999999999987 0.001467 0.001438 0.001493 3699.2851729339341 3699.2851729339341 3699.2851729339341 3.5663879588189991 3.5663879588189991 3.5663879588189991 1 1 1 Converged Converged Converged OK OK OK 158 158 158 158 158 158 10 10 10 0 0 0 0 0 1 0 0
53 53 linear 1 7 531 1 0.001 2.2167311233520568 0.00077910277377397225 0.00043468693912282778 0.001620795013282396 -0.00026257107374961765 0.0015867760354380009 0.5 0.00013894082068732425 3556.9126936817056 OK 15 14 0.98993500000000001 1.087826 0.37473499999999998 0.60101000000000004 0.46140500000000001 0 0.38892499999999997 0.62642099999999989 0.37473499999999998 0.010141000000000001 0.010335 0.0096310000000000007 0.33373900000000001 0.57136699999999985 0.32204300000000008 0.0093120000000000008 0.009129 0.0088019999999999991 0.0015510000000000001 0.0015899999999999998 0.0015640000000000001 3556.9337632488232 3556.9337632488232 3556.9337632488232 2.2014968515380211 2.2014968515380211 2.2014968515380211 1 1 1 Converged Converged Converged OK OK OK 159 159 159 159 159 159 9 9 9 0 0 0 0 1 0 0 1
53 53 linear 1 15 531 2 0.001 2.2167311233520568 0.00077910277377397225 0.00043468693912282778 0.001620795013282396 -0.00026257107374961765 0.0016472542182724812 0.5 7.8462637852843957e-05 3343.7621826711279 OK 14 13 0.93871000000000004 1.0275920000000001 0.38638299999999998 0.55311900000000003 0.406246 0 0.38559100000000002 0.62134600000000006 0.38638299999999998 0.010168 0.010204 0.0093749999999999997 0.333791 0.56918999999999975 0.33273099999999978 0.0087250000000000001 0.0088530000000000015 0.010260999999999999 0.0015220000000000001 0.0015040000000000001 0.0014730000000000001 3343.7833619571088 3343.7833619571088 3343.7833619571088 2.27414452559074 2.27414452559074 2.27414452559074 1 1 1 Converged Converged Converged OK OK OK 159 159 159 159 159 159 9 9 9 0 0 0 0 1 0 0 1
53 53 linear 1 23 531 3 0.001 2.2167311233520568 0.00077910277377397225 0.00043468693912282778 0.001620795013282396 -0.00026257107374961765 0.0017077324011069614 0.5 1.7984455018363668e-05 3076.5860513373391 OK 14 13 0.88160300000000003 0.95970699999999998 0.38676700000000003 0.49811899999999998 0.34947899999999998 0 0.38348400000000005 0.61022799999999999 0.38676700000000003 0.010534 0.010493000000000001 0.010581 0.33095600000000003 0.55753800000000009 0.33379600000000026 0.0094470000000000005 0.0095169999999999994 0.0098740000000000008 0.001673 0.001632 0.0016429999999999999 3076.5787194147047 3076.5787194147047 3076.5787194147047 2.2619719607294728 2.2619719607294728 2.2619719607294728 1 1 1 Converged Converged Converged OK OK OK 159 159 159 159 159 159 9 9 9 0 0 0 0 1 0 0 1
53 53 linear 1 0 531 0 0.0001 2.2167311233520568 0.00077910277377397225 0.00043468693912282778 0.001620795013282396 -0.00026257107374961765 0.0015338576254578305 0.5 0.00019185923066749461 3699.2655071633749 OK 15 14 1.0561499999999999 1.046559 0.458951 0.59257499999999996 0.58398499999999998 0 0.46357499999999996 0.46257400000000004 0.458951 0.012024 0.011901999999999999 0.012016000000000001 0.37999299999999991 0.37746900000000022 0.37579099999999988 0.010005 0.011407999999999998 0.010163000000000002 0.0020950000000000001 0.0022060000000000001 0.0021100000000000003 3699.2882921255687 3699.2882921255687 3699.2882921255687 0.16010947102411516 0.16010947102411516 0.16010947102411516 1 1 1 Converged Converged Converged OK OK OK 190 190 190 190 190 190 10 10 10 0 0 0 0 0 1 0 0
53 53 linear 1 7 531 1 0.0001 2.2167311233520568 0.00077910277377397225 0.00043468693912282778 0.001620795013282396 -0.00026257107374961765 0.0015867760354380009 0.5 0.00013894082068732425 3556.9126936817056 OK 15 14 1.0510539999999999 1.2221630000000001 0.43007400000000001 0.60974600000000001 0.457173 0 0.44130799999999992 0.76499000000000006 0.43007400000000001 0.010371 0.010208 0.0097940000000000006 0.37698000000000015 0.6990000000000004 0.3662559999999998 0.010381 0.011563 0.011715999999999999 0.0019759999999999999 0.0021279999999999997 0.0020829999999999998 3556.9331977852798 3556.9331977852798 3556.9331977852798 0.058364527562430976 0.058364527562430976 0.058364527562430976 1 1 1 Converged Converged Converged OK OK OK 191 191 191 191 191 191 9 9 9 0 0 0 0 1 0 0 1
53 53 linear 1 15 531 2 0.0001 2.2167311233520568 0.00077910277377397225 0.00043468693912282778 0.001620795013282396 -0.00026257107374961765 0.0016472542182724812 0.5 7.8462637852843957e-05 3343.7621826711279 OK 14 13 0.98232200000000003 1.1263570000000001 0.41883399999999998 0.560589 0.40109600000000001 0 0.42173300000000002 0.72526100000000004 0.41883399999999998 0.010175 0.01025 0.0093539999999999995 0.36387899999999979 0.66482000000000008 0.361209 0.0096489999999999996 0.010802000000000001 0.010286999999999999 0.0017700000000000003 0.0018550000000000001 0.001771 3343.7810204498019 3343.7810204498019 3343.7810204498019 0.21977784034979858 0.21977784034979858 0.21977784034979858 1 1 1 Converged Converged Converged OK OK OK 183 183 183 183 183 183 9 9 9 0 0 0 0 1 0 0 1
53 53 linear 1 23 531 3 0.0001 2.2167311233520568 0.00077910277377397225 0.00043468693912282778 0.001620795013282396 -0.00026257107374961765 0.0017077324011069614 0.5 1.7984455018363668e-05 3076.5860513373391 OK 14 13 0.919655 1.0456190000000001 0.40649099999999999 0.49864700000000001 0.354076 0 0.42100799999999999 0.69154300000000002 0.40649099999999999 0.010541 0.010515999999999999 0.0094160000000000008 0.36094100000000001 0.63168199999999963 0.34985499999999969 0.010962000000000001 0.010477999999999999 0.0097900000000000001 0.0021029999999999998 0.0020930000000000002 0.0019250000000000001 3076.5759513852317 3076.5759513852317 3076.5759513852317 0.097530271367299762 0.097530271367299762 0.097530271367299762 1 1 1 Converged Converged Converged OK OK OK 183 183 183 183 183 183 9 9 9 0 0 0 0 1 0 0 1
53 53 linear 2 0 532 0 0.001 2.2167311233520568 0.00077910277377397225 0.00043468693912282778 -1.7638064900250106 -0.01034005829687736 -1.7638934274128351 0.5 1.7656191442689604 7.8857750339824664 OK 14 13 0.92194600000000004 0.91949099999999995 0.210646 0.70505899999999999 0.70596700000000001 0 0.21688700000000005 0.21352399999999994 0.210646 0.012538000000000001 0.012765 0.012191 0.17089500000000002 0.16722099999999995 0.16607599999999992 0.0050460000000000001 0.0052269999999999999 0.0050049999999999999 0.0010460000000000001 0.001036 0.00097500000000000006 7.8856697919661123 7.8856697919661123 7.8856697919661123 0.0044279739183230842 0.0044279739183230842 0.0044279739183230842 1 1 1 Converged Converged Converged OK OK OK 90 90 90 90 90 90 6 6 6 0 0 0 0 0 1 0 0
53 53 linear 2 7 532 1 0.001 2.2167311233520568 0.00077910277377397225 0.00043468693912282778 -1.7638064900250106 -0.01034005829687736 -1.7638405090028551 0.5 1.7655662258589804 5.807574796574972 OK 13 12 0.60875900000000005 0.510571 0.116798 0.48628399999999999 0.36619499999999999 0 0.12247500000000006 0.144376 0.116798 0.0088090000000000009 0.0084430000000000009 0.0080280000000000004 0.093391999999999989 0.116601 0.090156999999999987 0.003934 0.0034159999999999998 0.003186 0.00079100000000000004 0.00074299999999999995 0.00067500000000000004 5.8075609412014577 5.8075609412014577 5.8075609412014577 0.0019580761473180809 0.0019580761473180809 0.0019580761473180809 1 1 1 Converged Converged Converged OK OK OK 61 61 61 61 61 61 3 3 3 0 0 0 0 1 0 0 1
53 53 linear 2 15 532 2 0.001 2.2167311233520568 0.00077910277377397225 0.00043468693912282778 -1.7638064900250106 -0.01034005829687736 -1.7637800308200204 0.5 1.7655057476761458 5.186602098908355 OK 13 12 0.48983100000000002 0.35697600000000002 0.113431 0.373388 0.214508 0 0.11644300000000002 0.14246800000000001 0.113431 0.0082439999999999996 0.0083669999999999994 0.0078560000000000001 0.088871000000000033 0.11521200000000004 0.086760000000000004 0.0032519999999999997 0.0032530000000000002 0.0034130000000000002 0.00066600000000000003 0.00068600000000000009 0.00064300000000000002 5.1865962141494171 5.1865962141494171 5.1865962141494171 0.0019565919066047714 0.0019565919066047714 0.0019565919066047714 1 1 1 Converged Converged Converged OK OK OK 61 61 61 61 61 61 3 3 3 0 0 0 0 1 0 0 1
53 53 linear 2 23 532 3 0.001 2.2167311233520568 0.00077910277377397225 0.00043468693912282778 -1.7638064900250106 -0.01034005829687736 -1.763719552637186 0.5 1.7654452694933114 4.7879151151539334 OK 13 12 0.61084499999999997 0.49497099999999999 0.11418300000000001 0.49180099999999999 0.34920600000000002 0 0.11904399999999998 0.14576499999999998 0.11418300000000001 0.0083330000000000001 0.008352 0.0077260000000000002 0.090829000000000021 0.117962 0.088096000000000008 0.0035220000000000008 0.0034489999999999998 0.0031019999999999997 0.000696 0.00068100000000000007 0.00063700000000000009 4.7879118192092216 4.7879118192092216 4.7879118192092216 0.0019560472726153255 0.0019560472726153255 0.0019560472726153255 1 1 1 Converged Converged Converged OK OK OK 61 61 61 61 61 61 3 3 3 0 0 0 0 1 0 0 1
53 53 linear 2 0 532 0 0.0001 2.2167311233520568 0.00077910277377397225 0.00043468693912282778 -1.7638064900250106 -0.01034005829687736 -1.7638934274128351 0.5 1.7656191442689604 7.8857750339824664 OK 14 13 0.98046599999999995 0.97485900000000003 0.27068700000000001 0.70688899999999999 0.70872299999999999 0 0.27357699999999996 0.26613600000000004 0.27068700000000001 0.012737999999999999 0.012239 0.012031 0.21672800000000003 0.21142300000000017 0.21590300000000001 0.0065730000000000007 0.0058040000000000001 0.0060520000000000001 0.001405 0.0013570000000000001 0.0013979999999999999 7.885669796404839 7.885669796404839 7.885669796404839 0.00057089322776802866 0.00057089322776802866 0.00057089322776802866 1 1 1 Converged Converged Converged OK OK OK 114 114 114 114 114 114 6 6 6 0 0 0 0 0 1 0 0
53 53 linear 2 7 532 1 0.0001 2.2167311233520568 0.00077910277377397225 0.00043468693912282778 -1.7638064900250106 -0.01034005829687736 -1.7638405090028551 0.5 1.7655662258589804 5.807574796574972 OK 13 12 0.63200599999999996 0.54363399999999995 0.1409 0.48704599999999998 0.36350199999999999 0 0.14495999999999998 0.18013199999999996 0.1409 0.0084569999999999992 0.0086049999999999998 0.0077970000000000001 0.11188200000000001 0.14674500000000001 0.10907100000000003 0.0041440000000000001 0.0044549999999999998 0.0041999999999999997 0.00081000000000000006 0.00094600000000000001 0.00081899999999999996 5.8075609420135974 5.8075609420135974 5.8075609420135974 7.5170540425585644e-05 7.5170540425585644e-05 7.5170540425585644e-05 1 1 1 Converged Converged Converged OK OK OK 77 77 77 77 77 77 3 3 3 0 0 0 0 1 0 0 1
53 53 linear 2 15 532 2 0.0001 2.2167311233520568 0.00077910277377397225 0.00043468693912282778 -1.7638064900250106 -0.01034005829687736 -1.7637800308200204 0.5 1.7655057476761458 5.186602098908355 OK 13 12 0.510853 0.39401799999999998 0.13742299999999999 0.36909700000000001 0.21829499999999999 0 0.14175599999999999 0.17572299999999999 0.13742299999999999 0.0083719999999999992 0.0084379999999999993 0.0078790000000000006 0.109225 0.14260800000000004 0.10581799999999997 0.0041980000000000003 0.0044359999999999998 0.0042329999999999998 0.00076500000000000005 0.00083700000000000007 0.00076099999999999996 5.186596214961571 5.186596214961571 5.186596214961571 7.3722172399946407e-05 7.3722172399946407e-05 7.3722172399946407e-05 1 1 1 Converged Converged Converged OK OK OK 77 77 77 77 77 77 3 3 3 0 0 0 0 1 0 0 1
53 53 linear 2 23 532 3 0.0001 2.2167311233520568 0.00077910277377397225 0.00043468693912282778 -1.7638064900250106 -0.01034005829687736 -1.763719552637186 0.5 1.7654452694933114 4.7879151151539334 OK 13 12 0.635602 0.52644599999999997 0.136183 0.494834 0.34743800000000002 0 0.140768 0.17900799999999994 0.136183 0.0082360000000000003 0.0083029999999999996 0.0076569999999999997 0.10843899999999997 0.14597499999999999 0.10501000000000003 0.0041460000000000004 0.0044549999999999998 0.0041749999999999999 0.00076500000000000005 0.00079299999999999998 0.00074199999999999993 4.7879118200214759 4.7879118200214759 4.7879118200214759 7.3205192182955694e-05 7.3205192182955694e-05 7.3205192182955694e-05 1 1 1 Converged Converged Converged OK OK OK 77 77 77 77 77 77 3 3 3 0 0 0 0 1 0 0 1
53 53 linear 3 0 533 0 0.001 2.2167311233520568 0.00077910277377397225 0.00043468693912282778 -1.7598093834371538 -0.0045633750922040705 -1.7598963208249783 0.5 1.7616220376811036 2.0463471895265144 OK 13 12 0.46395700000000001 0.46311999999999998 0.12570700000000001 0.33839399999999997 0.33504800000000001 0 0.12556300000000004 0.12807199999999996 0.12570700000000001 0.0091249999999999994 0.010225 0.01223 0.094337000000000018 0.095869999999999997 0.092366000000000018 0.0031840000000000002 0.0031670000000000001 0.003058 0.00071499999999999992 0.00071100000000000004 0.00069399999999999996 2.0463463003183304 2.0463463003183304 2.0463463003183304 0.0012497210661853158 0.0012497210661853158 0.0012497210661853158 1 1 1 Converged Converged Converged OK OK OK 61 61 61 61 61 61 3 3 3 0 0 0 0 0 1 0 0
53 53 linear 3 7 533 1 0.001 2.2167311233520568 0.00077910277377397225 0.00043468693912282778 -1.7598093834371538 -0.0045633750922040705 -1.7598434024149983 0.5 1.7615691192711236 2.0431996800890011 OK 13 12 0.46093499999999998 0.357769 0.11354499999999999 0.343837 0.211644 0 0.11709799999999998 0.146125 0.11354499999999999 0.0083099999999999997 0.0083129999999999992 0.0077010000000000004 0.089771000000000004 0.11880099999999995 0.087333999999999995 0.003091 0.0032030000000000001 0.0031589999999999999 0.00073200000000000001 0.00070399999999999998 0.00068500000000000006 2.0431987968168683 2.0431987968168683 2.0431987968168683 0.0012428931026305773 0.0012428931026305773 0.0012428931026305773 1 1 1 Converged Converged Converged OK OK OK 61 61 61 61 61 61 3 3 3 0 0 0 0 1 0 0 1
53 53 linear 3 15 533 2 0.001 2.2167311233520568 0.00077910277377397225 0.00043468693912282778 -1.7598093834371538 -0.0045633750922040705 -1.7597829242321636 0.5 1.761508641088289 2.0396665359919872 OK 13 12 0.45938699999999999 0.33757100000000001 0.11652800000000001 0.33946999999999999 0.19939200000000001 0 0.119917 0.138179 0.11652800000000001 0.0082380000000000005 0.0082649999999999998 0.007659 0.092445000000000013 0.11098199999999997 0.090510999999999994 0.0032849999999999997 0.0032579999999999996 0.003078 0.00071500000000000003 0.00069999999999999999 0.00067899999999999992 2.0396656591863618 2.0396656591863618 2.0396656591863618 0.0012351690824348887 0.0012351690824348887 0.0012351690824348887 1 1 1 Converged Converged Converged OK OK OK 61 61 61 61 61 61 3 3 3 0 0 0 0 1 0 0 1
53 53 linear 3 23 533 3 0.001 2.2167311233520568 0.00077910277377397225 0.00043468693912282778 -1.7598093834371538 -0.0045633750922040705 -1.7597224460493293 0.5 1.7614481629054546 2.0362007756606517 OK 13 12 0.45905299999999999 0.344584 0.110504 0.34547899999999998 0.212505 0 0.11357400000000001 0.132079 0.110504 0.0081700000000000002 0.0083289999999999996 0.0076860000000000001 0.086449999999999999 0.10453800000000001 0.084260000000000002 0.0030939999999999995 0.0033799999999999998 0.0031809999999999998 0.00074299999999999995 0.00076699999999999989 0.00071500000000000003 2.0361999048976411 2.0361999048976411 2.0361999048976411 0.0012275282789186892 0.0012275282789186892 0.0012275282789186892 1 1 1 Converged Converged Converged OK OK OK 61 61 61 61 61 61 3 3 3 0 0 0 0 1 0 0 1
53 53 linear 3 0 533 0 0.0001 2.2167311233520568 0.00077910277377397225 0.00043468693912282778 -1.7598093834371538 -0.0045633750922040705 -1.7598963208249783 0.5 1.7616220376811036 2.0463471895265144 OK 13 12 0.48864999999999997 0.48703400000000002 0.149975 0.33390300000000001 0.33355200000000002 0 0.15474699999999997 0.15348200000000001 0.149975 0.0087340000000000004 0.0092099999999999994 0.008711 0.118231 0.11693499999999997 0.11354299999999998 0.00413 0.0040730000000000002 0.0040180000000000007 0.00085200000000000011 0.00085400000000000005 0.00084199999999999998 2.0463463007590299 2.0463463007590299 2.0463463007590299 7.3420990809036255e-05 7.3420990809036255e-05 7.3420990809036255e-05 1 1 1 Converged Converged Converged OK OK OK 77 77 77 77 77 77 3 3 3 0 0 0 0 0 1 0 0
53 53 linear 3 7 533 1 0.0001 2.2167311233520568 0.00077910277377397225 0.00043468693912282778 -1.7598093834371538 -0.0045633750922040705 -1.7598434024149983 0.5 1.7615691192711236 2.0431996800890011 OK 13 12 0.484821 0.37651200000000001 0.14022999999999999 0.34134700000000001 0.20394499999999999 0 0.14347399999999999 0.17256700000000003 0.14022999999999999 0.0082839999999999997 0.0083049999999999999 0.0077349999999999997 0.111316 0.14042900000000003 0.10917299999999994 0.0039489999999999994 0.0040590000000000001 0.0039379999999999997 0.00082899999999999998 0.00083799999999999999 0.00082300000000000006 2.0431987972571024 2.0431987972571024 2.0431987972571024 7.3427051105771321e-05 7.3427051105771321e-05 7.3427051105771321e-05 1 1 1 Converged Converged Converged OK OK OK 77 77 77 77 77 77 3 3 3 0 0 0 0 1 0 0 1
53 53 linear 3 15 533 2 0.0001 2.2167311233520568 0.00077910277377397225 0.00043468693912282778 -1.7598093834371538 -0.0045633750922040705 -1.7597829242321636 0.5 1.761508641088289 2.0396665359919872 OK 13 12 0.482317 0.36424000000000001 0.142706 0.33580500000000002 0.19958000000000001 0 0.14651199999999998 0.16466 0.142706 0.0082330000000000007 0.0083330000000000001 0.0077159999999999998 0.11460999999999996 0.13239200000000001 0.11163299999999995 0.0040530000000000002 0.0041119999999999993 0.0040169999999999997 0.00082700000000000004 0.00080400000000000003 0.000776 2.0396656596259746 2.0396656596259746 2.0396656596259746 7.3433978314515499e-05 7.3433978314515499e-05 7.3433978314515499e-05 1 1 1 Converged Converged Converged OK OK OK 77 77 77 77 77 77 3 3 3 0 0 0 0 1 0 0 1
53 53 linear 3 23 533 3 0.0001 2.2167311233520568 0.00077910277377397225 0.00043468693912282778 -1.7598093834371538 -0.0045633750922040705 -1.7597224460493293 0.5 1.7614481629054546 2.0362007756606517 OK 13 12 0.48374299999999998 0.366925 0.13575000000000001 0.34379700000000002 0.209008 0 0.13994599999999996 0.157917 0.13575000000000001 0.0082780000000000006 0.0084390000000000003 0.0076779999999999999 0.10785899999999997 0.125523 0.10474800000000002 0.0040540000000000003 0.0041710000000000002 0.004006 0.00083000000000000012 0.00082599999999999991 0.00080400000000000014 2.0361999053366335 2.0361999053366335 2.0361999053366335 7.3440907177385067e-05 7.3440907177385067e-05 7.3440907177385067e-05 1 1 1 Converged Converged Converged OK OK OK 77 77 77 77 77 77 3 3 3 0 0 0 0 1 0 0 1
53 53 linear 4 0 534 0 0.001 2.2167311233520568 0.00077910277377397225 0.00043468693912282778 -1.7632781209314967 -0.0094757443700008437 -1.7633650583193212 0.5 1.7650907751754465 3.3021611547022771 OK 13 12 0.47919800000000001 0.48064899999999999 0.11731800000000001 0.35890100000000003 0.36178900000000003 0 0.12029699999999999 0.11885999999999997 0.11731800000000001 0.0089029999999999995 0.0093220000000000004 0.0085190000000000005 0.089402000000000009 0.087649000000000019 0.087147000000000002 0.0032519999999999997 0.0032069999999999998 0.0031719999999999999 0.000687 0.00067400000000000001 0.00068999999999999997 3.3021592199836998 3.3021592199836998 3.3021592199836998 0.0019812565773934016 0.0019812565773934016 0.0019812565773934016 1 1 1 Converged Converged Converged OK OK OK 61 61 61 61 61 61 3 3 3 0 0 0 0 0 1 0 0
53 53 linear 4 7 534 1 0.001 2.2167311233520568 0.00077910277377397225 0.00043468693912282778 -1.7632781209314967 -0.0094757443700008437 -1.7633121399093412 0.5 1.7650378567654665 3.2362450260164533 OK 13 12 0.46497100000000002 0.34989399999999998 0.113653 0.347242 0.20689099999999999 0 0.11772900000000003 0.14300299999999999 0.113653 0.0082190000000000006 0.0082550000000000002 0.0076160000000000004 0.089541999999999983 0.11566300000000002 0.087329999999999991 0.0035229999999999997 0.0032139999999999998 0.003137 0.00073600000000000011 0.000678 0.00067999999999999994 3.2362431104886418 3.2362431104886418 3.2362431104886418 0.0019812968270676717 0.0019812968270676717 0.0019812968270676717 1 1 1 Converged Converged Converged OK OK OK 61 61 61 61 61 61 3 3 3 0 0 0 0 1 0 0 1
53 53 linear 4 15 534 2 0.001 2.2167311233520568 0.00077910277377397225 0.00043468693912282778 -1.7632781209314967 -0.0094757443700008437 -1.7632516617265066 0.5 1.7649773785826319 3.1670824965263189 OK 13 12 0.44441599999999998 0.321606 0.110841 0.33031300000000002 0.18741099999999999 0 0.11410299999999995 0.13419500000000001 0.110841 0.0082470000000000009 0.0082290000000000002 0.0077140000000000004 0.086759999999999976 0.10688400000000002 0.084586000000000008 0.0031870000000000002 0.0033120000000000003 0.0031200000000000004 0.00068100000000000007 0.00066500000000000001 0.00065700000000000003 3.1670806722660245 3.1670806722660245 3.1670806722660245 0.0019813520289190907 0.0019813520289190907 0.0019813520289190907 1 1 1 Converged Converged Converged OK OK OK 61 61 61 61 61 61 3 3 3 0 0 0 0 1 0 0 1
53 53 linear 4 23 534 3 0.001 2.2167311233520568 0.00077910277377397225 0.00043468693912282778 -1.7632781209314967 -0.0094757443700008437 -1.7631911835436722 0.5 1.7649169003997975 3.1036198294127892 OK 13 12 0.44117200000000001 0.327681 0.11444799999999999 0.322629 0.18368799999999999 0 0.11854300000000001 0.14399300000000001 0.11444799999999999 0.0082710000000000006 0.0083029999999999996 0.0076930000000000002 0.09101200000000001 0.11676099999999998 0.088284000000000001 0.0032030000000000001 0.0032669999999999999 0.0031349999999999998 0.00069300000000000004 0.00068400000000000004 0.00066399999999999999 3.1036179769368948 3.1036179769368948 3.1036179769368948 0.0019814169242366379 0.0019814169242366379 0.0019814169242366379 1 1 1 Converged Converged Converged OK OK OK 61 61 61 61 61 61 3 3 3 0 0 0 0 1 0 0 1
53 53 linear 4 0 534 0 0.0001 2.2167311233520568 0.00077910277377397225 0.00043468693912282778 -1.7632781209314967 -0.0094757443700008437 -1.7633650583193212 0.5 1.7650907751754465 3.3021611547022771 OK 13 12 0.50540399999999996 0.499471 0.14008599999999999 0.36208800000000002 0.35445399999999999 0 0.14331599999999994 0.14501700000000001 0.14008599999999999 0.0088620000000000001 0.0090749999999999997 0.0086700000000000006 0.10669399999999996 0.10840099999999998 0.10432799999999998 0.0040479999999999995 0.0041079999999999997 0.0040020000000000003 0.0007980000000000001 0.00081899999999999996 0.00077099999999999998 3.302159220782535 3.302159220782535 3.302159220782535 7.3022339572351107e-05 7.3022339572351107e-05 7.3022339572351107e-05 1 1 1 Converged Converged Converged OK OK OK 77 77 77 77 77 77 3 3 3 0 0 0 0 0 1 0 0
53 53 linear 4 7 534 1 0.0001 2.2167311233520568 0.00077910277377397225 0.00043468693912282778 -1.7632781209314967 -0.0094757443700008437 -1.7633121399093412 0.5 1.7650378567654665 3.2362450260164533 OK 13 12 0.48721300000000001 0.380388 0.136737 0.345804 0.20504500000000001 0 0.14140900000000001 0.175343 0.136737 0.0082699999999999996 0.0082640000000000005 0.0077140000000000004 0.10870999999999999 0.14308999999999999 0.10540399999999996 0.0041419999999999998 0.0041279999999999997 0.003993 0.00080199999999999998 0.00082399999999999997 0.00079900000000000001 3.2362431112875214 3.2362431112875214 3.2362431112875214 7.3028133270361251e-05 7.3028133270361251e-05 7.3028133270361251e-05 1 1 1 Converged Converged Converged OK OK OK 77 77 77 77 77 77 3 3 3 0 0 0 0 1 0 0 1
53 53 linear 4 15 534 2 0.0001 2.2167311233520568 0.00077910277377397225 0.00043468693912282778 -1.7632781209314967 -0.0094757443700008437 -1.7632516617265066 0.5 1.7649773785826319 3.1670824965263189 OK 13 12 0.46582499999999999 0.35317399999999999 0.13322899999999999 0.32861000000000001 0.18629399999999999 0 0.13721499999999998 0.16688 0.13322899999999999 0.008208 0.0082730000000000008 0.0077450000000000001 0.10475099999999997 0.13474099999999997 0.10205099999999995 0.0041190000000000003 0.0041330000000000004 0.0040660000000000002 0.00078200000000000003 0.00078599999999999991 0.00075699999999999997 3.1670806730650405 3.1670806730650405 3.1670806730650405 7.3034988043174531e-05 7.3034988043174531e-05 7.3034988043174531e-05 1 1 1 Converged Converged Converged OK OK OK 77 77 77 77 77 77 3 3 3 0 0 0 0 1 0 0 1
53 53 linear 4 23 534 3 0.0001 2.2167311233520568 0.00077910277377397225 0.00043468693912282778 -1.7632781209314967 -0.0094757443700008437 -1.7631911835436722 0.5 1.7649169003997975 3.1036198294127892 OK 13 12 0.46560600000000002 0.359178 0.138237 0.32339899999999999 0.183499 0 0.14220700000000003 0.175679 0.138237 0.0083689999999999997 0.0082640000000000005 0.0077140000000000004 0.10984300000000002 0.14360099999999995 0.10713900000000001 0.0039830000000000004 0.0040420000000000005 0.0039779999999999998 0.00081300000000000003 0.00079299999999999998 0.00078899999999999988 3.1036179777359245 3.1036179777359245 3.1036179777359245 7.3041974648347754e-05 7.3041974648347754e-05 7.3041974648347754e-05 1 1 1 Converged Converged Converged OK OK OK 77 77 77 77 77 77 3 3 3 0 0 0 0 1 0 0 1
53 53 uniform 0 0 535 0 0.001 2.2167311233520568 0.00077910277377397225 0.00043468693912282778 0.00087048455286092407 0.00011722518092120303 0.00078354716503635849 0 0.00094216969108896662 2022.1355342607405 OK 17 16 1.022046 1.00393 0.36917499999999998 0.64168599999999998 0.63676500000000003 0 0.38036000000000003 0.36716499999999996 0.36917499999999998 0.016369000000000002 0.01498 0.014749999999999999 0.29335100000000008 0.28449900000000006 0.2831030000000001 0.0097099999999999999 0.0092280000000000018 0.012999000000000002 0.0016239999999999998 0.0015829999999999998 0.001552 2022.1352186385609 2022.1352186385609 2022.1352186385609 1.1443186346888499 1.1443186346888499 1.1443186346888499 1 1 1 Converged Converged Converged OK OK OK 167 167 167 167 167 167 9 9 9 0 0 0 0 0 1 0 0
53 53 uniform 0 7 535 1 0.001 2.2167311233520568 0.00077910277377397225 0.00043468693912282778 0.00087048455286092407 0.00011722518092120303 0.00083646557501652885 0 0.00088925128110879626 2174.5690127577363 OK 17 16 0.91226200000000002 0.969943 0.34721800000000003 0.55731600000000003 0.41295500000000002 0 0.35494599999999998 0.55698800000000004 0.34721800000000003 0.013745 0.013787000000000001 0.012841 0.28950700000000013 0.49008500000000027 0.28493400000000019 0.010128999999999999 0.01061 0.0090329999999999994 0.001508 0.001557 0.0014729999999999999 2174.5686815508329 2174.5686815508329 2174.5686815508329 1.1958191083836869 1.1958191083836869 1.1958191083836869 1 1 1 Converged Converged Converged OK OK OK 167 167 167 167 167 167 9 9 9 0 0 0 0 1 0 0 1
53 53 uniform 0 15 535 2 0.001 2.2167311233520568 0.00077910277377397225 0.00043468693912282778 0.00087048455286092407 0.00011722518092120303 0.00089694375785100925 0 0.00082877309827431586 2383.0143598554869 OK 17 16 0.95237700000000003 0.99282999999999999 0.35800700000000002 0.59628199999999998 0.44780199999999998 0 0.35609500000000005 0.54502800000000007 0.35800700000000002 0.013509999999999999 0.013485 0.012414 0.29102800000000018 0.4801569999999995 0.29553400000000019 0.0098050000000000012 0.010114000000000001 0.0091179999999999994 0.0015869999999999999 0.001567 0.0015890000000000001 2383.0140473719571 2383.0140473719571 2383.0140473719571 1.2915420932723713 1.2915420932723713 1.2915420932723713 1 1 1 Converged Converged Converged OK OK OK 167 167 167 167 167 167 9 9 9 0 0 0 0 1 0 0 1
53 53 uniform 0 23 535 3 0.001 2.2167311233520568 0.00077910277377397225 0.00043468693912282778 0.00087048455286092407 0.00011722518092120303 0.00095742194068548965 0 0.00076829491543983547 2650.4983237602714 OK 17 16 1.020642 1.0708839999999999 0.386243 0.63980099999999995 0.50294099999999997 0 0.3808410000000001 0.56794299999999998 0.386243 0.013775000000000001 0.013811 0.014215 0.31747699999999979 0.50468700000000011 0.32349800000000006 0.0098309999999999995 0.0099680000000000012 0.00911 0.0018429999999999998 0.001853 0.0017749999999999999 2650.4978447427511 2650.4978447427511 2650.4978447427511 1.4346876978806666 1.4346876978806666 1.4346876978806666 1 1 1 Converged Converged Converged OK OK OK 174 174 174 174 174 174 10 10 10 0 0 0 0 1 0 0 1
53 53 uniform 0 0 535 0 0.0001 2.2167311233520568 0.00077910277377397225 0.00043468693912282778 0.00087048455286092407 0.00011722518092120303 0.00078354716503635849 0 0.00094216969108896662 2022.1355342607405 OK 17 16 1.021064 1.0204169999999999 0.38314999999999999 0.63244999999999996 0.63696200000000003 0 0.38861400000000001 0.38345499999999988 0.38314999999999999 0.015191 0.015077 0.014926 0.29908899999999994 0.29327900000000023 0.29395800000000005 0.010347999999999998 0.011739000000000001 0.010878000000000001 0.0017820000000000002 0.0018219999999999998 0.0018090000000000001 2022.1355536232154 2022.1355536232154 2022.1355536232154 0.11502912373050823 0.11502912373050823 0.11502912373050823 1 1 1 Converged Converged Converged OK OK OK 175 175 175 175 175 175 9 9 9 0 0 0 0 0 1 0 0
53 53 uniform 0 7 535 1 0.0001 2.2167311233520568 0.00077910277377397225 0.00043468693912282778 0.00087048455286092407 0.00011722518092120303 0.00083646557501652885 0 0.00088925128110879626 2174.5690127577363 OK 17 16 0.92560900000000002 0.982379 0.35629499999999997 0.56628500000000004 0.406246 0 0.35932399999999998 0.57613300000000001 0.35629499999999997 0.013491 0.013802999999999999 0.0129 0.29376100000000005 0.50774499999999967 0.29143300000000005 0.0091970000000000003 0.01085 0.0094109999999999992 0.0016999999999999999 0.0018060000000000001 0.0016900000000000001 2174.569016520074 2174.569016520074 2174.569016520074 0.16657677448180611 0.16657677448180611 0.16657677448180611 1 1 1 Converged Converged Converged OK OK OK 175 175 175 175 175 175 9 9 9 0 0 0 0 1 0 0 1
53 53 uniform 0 15 535 2 0.0001 2.2167311233520568 0.00077910277377397225 0.00043468693912282778 0.00087048455286092407 0.00011722518092120303 0.00089694375785100925 0 0.00082877309827431586 2383.0143598554869 OK 17 16 1.028386 1.094516 0.44272 0.59656100000000001 0.44209100000000001 0 0.43182500000000001 0.65242500000000003 0.44272 0.013353 0.016164000000000001 0.012429000000000001 0.35339300000000001 0.56848499999999991 0.363622 0.011748999999999999 0.013125 0.012588999999999998 0.0018620000000000002 0.0018919999999999998 0.0019050000000000002 2383.0143243951243 2383.0143243951243 2383.0143243951243 0.058296631178972637 0.058296631178972637 0.058296631178972637 1 1 1 Converged Converged Converged OK OK OK 207 207 207 207 207 207 9 9 9 0 0 0 0 1 0 0 1
53 53 uniform 0 23 535 3 0.0001 2.2167311233520568 0.00077910277377397225 0.00043468693912282778 0.00087048455286092407 0.00011722518092120303 0.00095742194068548965 0 0.00076829491543983547 2650.4983237602714 OK 17 16 1.10049 1.191654 0.45694299999999999 0.64659299999999997 0.50955799999999996 0 0.45389699999999999 0.68209600000000004 0.45694299999999999 0.013505 0.01414 0.014237 0.37911100000000014 0.60162700000000013 0.38164000000000015 0.011937 0.014526000000000001 0.012227999999999999 0.0020639999999999999 0.0022520000000000001 0.0021219999999999998 2650.4982603423009 2650.4982603423009 2650.4982603423009 0.042194491381942374 0.042194491381942374 0.042194491381942374 1 1 1 Converged Converged Converged OK OK OK 214 214 214 214 214 214 10 10 10 0 0 0 0 1 0 0 1
53 53 uniform 1 0 536 0 0.001 2.2167311233520568 0.00077910277377397225 0.00043468693912282778 0.001620795013282396 -0.00026257107374961765 0.0015338576254578305 0 0.00019185923066749461 3601.9554856075392 OK 15 14 0.89336300000000002 0.89155099999999998 0.31311800000000001 0.59001099999999995 0.58489500000000005 0 0.30335200000000007 0.30665599999999993 0.31311800000000001 0.011619000000000001 0.012302 0.012995 0.24018000000000009 0.24231899999999998 0.24633700000000008 0.0076560000000000022 0.0078619999999999992 0.0085530000000000016 0.001402 0.00141 0.0014959999999999997 3601.9567566400242 3601.9567566400242 3601.9567566400242 3.1793145059429824 3.1793145059429824 3.1793145059429824 1 1 1 Converged Converged Converged OK OK OK 158 158 158 158 158 158 10 10 10 0 0 0 0 0 1 0 0
53 53 uniform 1 7 536 1 0.001 2.2167311233520568 0.00077910277377397225 0.00043468693912282778 0.001620795013282396 -0.00026257107374961765 0.0015867760354380009 0 0.00013894082068732425 3484.8771345234295 OK 15 14 0.88505599999999995 0.97942099999999999 0.28682400000000002 0.60518000000000005 0.45242500000000002 0 0.2798759999999999 0.52699600000000002 0.28682400000000002 0.010540000000000001 0.010618000000000001 0.010071999999999999 0.23027199999999989 0.47351400000000038 0.23837799999999998 0.0084849999999999995 0.0080320000000000009 0.0078279999999999999 0.0013320000000000001 0.0013369999999999999 0.0013679999999999999 3484.8794084546903 3484.8794084546903 3484.8794084546903 3.1436955461470761 3.1436955461470761 3.1436955461470761 1 1 1 Converged Converged Converged OK OK OK 151 151 151 151 151 151 9 9 9 0 0 0 0 1 0 0 1
53 53 uniform 1 15 536 2 0.001 2.2167311233520568 0.00077910277377397225 0.00043468693912282778 0.001620795013282396 -0.00026257107374961765 0.0016472542182724812 0 7.8462637852843957e-05 3312.4792435358995 OK 14 13 0.83840099999999995 0.92955200000000004 0.28087800000000002 0.55443799999999999 0.40470200000000001 0 0.28396299999999997 0.52485000000000004 0.28087800000000002 0.0098829999999999994 0.010303 0.0095449999999999997 0.23300999999999999 0.47570100000000004 0.23479499999999992 0.0073090000000000004 0.0080219999999999996 0.0074209999999999996 0.001189 0.001286 0.0011999999999999999 3312.483366795062 3312.483366795062 3312.483366795062 3.1395622371703693 3.1395622371703693 3.1395622371703693 1 1 1 Converged Converged Converged OK OK OK 151 151 151 151 151 151 9 9 9 0 0 0 0 1 0 0 1
53 53 uniform 1 23 536 3 0.001 2.2167311233520568 0.00077910277377397225 0.00043468693912282778 0.001620795013282396 -0.00026257107374961765 0.0017077324011069614 0 1.7984455018363668e-05 3095.0990450139425 OK 14 13 0.77779600000000004 0.87326800000000004 0.273202 0.50033700000000003 0.35263499999999998 0 0.27745900000000001 0.52063300000000012 0.273202 0.010447 0.011735000000000001 0.0093209999999999994 0.2291949999999999 0.4700359999999999 0.22766200000000006 0.0080289999999999997 0.0081199999999999987 0.0073469999999999985 0.0014800000000000002 0.0014289999999999999 0.0013479999999999998 3094.9764011480324 3094.9764011480324 3094.9764011480324 3.078277887095636 3.078277887095636 3.078277887095636 1 1 1 Converged Converged Converged OK OK OK 151 151 151 151 151 151 9 9 9 0 0 0 0 1 0 0 1
53 53 uniform 1 0 536 0 0.0001 2.2167311233520568 0.00077910277377397225 0.00043468693912282778 0.001620795013282396 -0.00026257107374961765 0.0015338576254578305 0 0.00019185923066749461 3601.9554856075392 OK 15 14 0.96565000000000001 0.94062999999999997 0.35505700000000001 0.60177899999999995 0.57982100000000003 0 0.36387100000000006 0.36080899999999994 0.35505700000000001 0.013284000000000001 0.011957000000000001 0.011592 0.27791299999999985 0.27417100000000011 0.27178400000000019 0.0097330000000000021 0.0093220000000000004 0.010062999999999999 0.0021289999999999998 0.0020749999999999996 0.0021320000000000002 3601.9559115361767 3601.9559115361767 3601.9559115361767 0.12113578109541867 0.12113578109541867 0.12113578109541867 1 1 1 Converged Converged Converged OK OK OK 190 190 190 190 190 190 10 10 10 0 0 0 0 0 1 0 0
53 53 uniform 1 7 536 1 0.0001 2.2167311233520568 0.00077910277377397225 0.00043468693912282778 0.001620795013282396 -0.00026257107374961765 0.0015867760354380009 0 0.00013894082068732425 3484.8771345234295 OK 15 14 0.92315000000000003 1.0774779999999999 0.30963600000000002 0.60879399999999995 0.45701700000000001 0 0.31435600000000008 0.62046099999999993 0.30963600000000002 0.010553999999999999 0.010319999999999999 0.0096209999999999993 0.25451899999999994 0.56045800000000023 0.25263100000000011 0.010234999999999999 0.010221000000000001 0.009495 0.0018919999999999998 0.001926 0.0017750000000000001 3484.8776561041764 3484.8776561041764 3484.8776561041764 0.24142377491671024 0.24142377491671024 0.24142377491671024 1 1 1 Converged Converged Converged OK OK OK 183 183 183 183 183 183 9 9 9 0 0 0 0 1 0 0 1
53 53 uniform 1 15 536 2 0.0001 2.2167311233520568 0.00077910277377397225 0.00043468693912282778 0.001620795013282396 -0.00026257107374961765 0.0016472542182724812 0 7.8462637852843957e-05 3312.4792435358995 OK 14 13 0.87570999999999999 1.0259389999999999 0.31864799999999999 0.556307 0.40314 0 0.31940299999999999 0.62279899999999988 0.31864799999999999 0.010545000000000001 0.010107 0.0093629999999999998 0.26079399999999997 0.56130699999999989 0.26284399999999997 0.010017 0.01162 0.009222000000000001 0.0018440000000000002 0.0018290000000000003 0.0017189999999999998 3312.4798485065153 3312.4798485065153 3312.4798485065153 0.091491879590079275 0.091491879590079275 0.091491879590079275 1 1 1 Converged Converged Converged OK OK OK 183 183 183 183 183 183 9 9 9 0 0 0 0 1 0 0 1
53 53 uniform 1 23 536 3 0.0001 2.2167311233520568 0.00077910277377397225 0.00043468693912282778 0.001620795013282396 -0.00026257107374961765 0.0017077324011069614 0 1.7984455018363668e-05 3095.0990450139425 OK 14 13 0.81520199999999998 0.94892299999999996 0.31671500000000002 0.49618699999999999 0.34807199999999999 0 0.31901499999999999 0.60085100000000002 0.31671500000000002 0.010239 0.010246999999999999 0.0094769999999999993 0.25921500000000014 0.54217800000000016 0.25978999999999991 0.010603000000000001 0.0099749999999999995 0.0094849999999999986 0.001908 0.0018690000000000002 0.0019199999999999998 3094.9724886080016 3094.9724886080016 3094.9724886080016 0.033826767229295313 0.033826767229295313 0.033826767229295313 1 1 1 Converged Converged Converged OK OK OK 183 183 183 183 183 183 9 9 9 0 0 0 0 1 0 0 1
53 53 uniform 2 0 537 0 0.001 2.2167311233520568 0.00077910277377397225 0.00043468693912282778 -1.7638064900250106 -0.01034005829687736 -1.7638934274128351 0 1.7656191442689604 8.4296568028422438 OK 14 13 0.838978 0.83787199999999995 0.13395499999999999 0.70455400000000001 0.70390900000000001 0 0.13442399999999999 0.13396299999999994 0.13395499999999999 0.012723999999999999 0.012474000000000001 0.012343 0.095382000000000008 0.095266999999999991 0.095704999999999998 0.0036269999999999996 0.0037320000000000001 0.0036849999999999999 0.00089000000000000006 0.00087699999999999996 0.00086199999999999992 8.429659201994669 8.429659201994669 8.429659201994669 0.0058159410697441434 0.0058159410697441434 0.0058159410697441434 1 1 1 Converged Converged Converged OK OK OK 74 74 74 74 74 74 6 6 6 0 0 0 0 0 1 0 0
53 53 uniform 2 7 537 1 0.001 2.2167311233520568 0.00077910277377397225 0.00043468693912282778 -1.7638064900250106 -0.01034005829687736 -1.7638405090028551 0 1.7655662258589804 5.9098296522682459 OK 13 12 0.56284100000000004 0.45090000000000002 0.071445999999999996 0.489782 0.360263 0 0.073059000000000041 0.090637000000000023 0.071445999999999996 0.008267 0.0084229999999999999 0.0079260000000000008 0.050653000000000004 0.06781899999999999 0.049993999999999997 0.0022339999999999999 0.0025119999999999999 0.0022420000000000001 0.00053399999999999997 0.00056400000000000005 0.000522 5.9098289356511087 5.9098289356511087 5.9098289356511087 0.00084146342262344468 0.00084146342262344468 0.00084146342262344468 1 1 1 Converged Converged Converged OK OK OK 45 45 45 45 45 45 3 3 3 0 0 0 0 1 0 0 1
53 53 uniform 2 15 537 2 0.001 2.2167311233520568 0.00077910277377397225 0.00043468693912282778 -1.7638064900250106 -0.01034005829687736 -1.7637800308200204 0 1.7655057476761458 5.2375897446751978 OK 13 12 0.442328 0.30698999999999999 0.067697999999999994 0.37214599999999998 0.21820700000000001 0 0.070182000000000022 0.088782999999999973 0.067697999999999994 0.0082990000000000008 0.0083560000000000006 0.007672 0.047077000000000008 0.066488000000000005 0.046519999999999992 0.002771 0.0023019999999999998 0.0021810000000000002 0.00055000000000000003 0.000531 0.00051800000000000001 5.2375894210953184 5.2375894210953184 5.2375894210953184 0.001484515836215604 0.001484515836215604 0.001484515836215604 1 1 1 Converged Converged Converged OK OK OK 45 45 45 45 45 45 3 3 3 0 0 0 0 1 0 0 1
53 53 uniform 2 23 537 3 0.001 2.2167311233520568 0.00077910277377397225 0.00043468693912282778 -1.7638064900250106 -0.01034005829687736 -1.763719552637186 0 1.7654452694933114 4.819879064515578 OK 13 12 0.56375900000000001 0.43768099999999999 0.068722000000000005 0.49335699999999999 0.34405999999999998 0 0.07040200000000002 0.09362100000000001 0.068722000000000005 0.0081689999999999992 0.0083199999999999993 0.0076280000000000002 0.048326000000000008 0.071094000000000004 0.04769499999999998 0.0021849999999999999 0.0022169999999999998 0.0021440000000000001 0.00053899999999999998 0.0005840000000000001 0.00052099999999999998 4.8198788753407191 4.8198788753407191 4.8198788753407191 0.0015600329712780454 0.0015600329712780454 0.0015600329712780454 1 1 1 Converged Converged Converged OK OK OK 45 45 45 45 45 45 3 3 3 0 0 0 0 1 0 0 1
53 53 uniform 2 0 537 0 0.0001 2.2167311233520568 0.00077910277377397225 0.00043468693912282778 -1.7638064900250106 -0.01034005829687736 -1.7638934274128351 0 1.7656191442689604 8.4296568028422438 OK 14 13 0.88042600000000004 0.88479300000000005 0.176478 0.69888300000000003 0.706542 0 0.18154300000000001 0.17825100000000005 0.176478 0.012477 0.012565 0.012293999999999999 0.12804499999999999 0.12931799999999999 0.12838399999999997 0.0049859999999999991 0.0053579999999999999 0.0051210000000000006 0.001122 0.00116 0.0011329999999999999 8.4296566260643253 8.4296566260643253 8.4296566260643253 0.00074959144522400586 0.00074959144522400586 0.00074959144522400586 1 1 1 Converged Converged Converged OK OK OK 98 98 98 98 98 98 6 6 6 0 0 0 0 0 1 0 0
53 53 uniform 2 7 537 1 0.0001 2.2167311233520568 0.00077910277377397225 0.00043468693912282778 -1.7638064900250106 -0.01034005829687736 -1.7638405090028551 0 1.7655662258589804 5.9098296522682459 OK 13 12 0.57908899999999996 0.485707 0.094620999999999997 0.482487 0.361259 0 0.096601999999999966 0.124448 0.094620999999999997 0.0083090000000000004 0.0084169999999999991 0.0077869999999999997 0.069005999999999984 0.096964000000000022 0.068356000000000014 0.0032009999999999999 0.0031110000000000001 0.0031330000000000004 0.00071400000000000001 0.00072099999999999996 0.00067900000000000002 5.9098288855634449 5.9098288855634449 5.9098288855634449 0.00040935906633303713 0.00040935906633303713 0.00040935906633303713 1 1 1 Converged Converged Converged OK OK OK 61 61 61 61 61 61 3 3 3 0 0 0 0 1 0 0 1
53 53 uniform 2 15 537 2 0.0001 2.2167311233520568 0.00077910277377397225 0.00043468693912282778 -1.7638064900250106 -0.01034005829687736 -1.7637800308200204 0 1.7655057476761458 5.2375897446751978 OK 13 12 0.46579199999999998 0.33327400000000001 0.090509000000000006 0.37277100000000002 0.21323700000000001 0 0.093020999999999965 0.120037 0.090509000000000006 0.008404 0.0083000000000000001 0.0077619999999999998 0.065247000000000013 0.092831999999999998 0.064351000000000005 0.0032919999999999998 0.003143 0.0031489999999999999 0.000727 0.00072400000000000003 0.00065899999999999997 5.2375891590886718 5.2375891590886718 5.2375891590886718 0.00040620374483917591 0.00040620374483917591 0.00040620374483917591 1 1 1 Converged Converged Converged OK OK OK 61 61 61 61 61 61 3 3 3 0 0 0 0 1 0 0 1
53 53 uniform 2 23 537 3 0.0001 2.2167311233520568 0.00077910277377397225 0.00043468693912282778 -1.7638064900250106 -0.01034005829687736 -1.763719552637186 0 1.7654452694933114 4.819879064515578 OK 13 12 0.58359899999999998 0.47140300000000002 0.091602000000000003 0.48965900000000001 0.34915600000000002 0 0.093939999999999968 0.12224699999999999 0.091602000000000003 0.0082279999999999992 0.0081860000000000006 0.0076210000000000002 0.066526999999999989 0.095128000000000004 0.065756000000000023 0.0030189999999999995 0.003101 0.0029550000000000002 0.00073700000000000002 0.00068000000000000005 0.00063699999999999998 4.8198788643642132 4.8198788643642132 4.8198788643642132 0.00040564870257148313 0.00040564870257148313 0.00040564870257148313 1 1 1 Converged Converged Converged OK OK OK 61 61 61 61 61 61 3 3 3 0 0 0 0 1 0 0 1
53 53 uniform 3 0 538 0 0.001 2.2167311233520568 0.00077910277377397225 0.00043468693912282778 -1.7598093834371538 -0.0045633750922040705 -1.7598963208249783 0 1.7616220376811036 2.0464069953390842 OK 13 12 0.413545 0.41017700000000001 0.075044 0.33794099999999999 0.33420800000000001 0 0.075604000000000005 0.075969000000000009 0.075044 0.0087690000000000008 0.0090830000000000008 0.0085190000000000005 0.050743000000000003 0.050975999999999994 0.050761999999999981 0.0021810000000000002 0.002209 0.0021999999999999997 0.00054000000000000001 0.00055800000000000001 0.00053700000000000004 2.0464069813479164 2.0464069813479164 2.0464069813479164 0.00070627405105874654 0.00070627405105874654 0.00070627405105874654 1 1 1 Converged Converged Converged OK OK OK 45 45 45 45 45 45 3 3 3 0 0 0 0 0 1 0 0
53 53 uniform 3 7 538 1 0.001 2.2167311233520568 0.00077910277377397225 0.00043468693912282778 -1.7598093834371538 -0.0045633750922040705 -1.7598434024149983 0 1.7615691192711236 2.043259081896625 OK 13 12 0.41680299999999998 0.30099500000000001 0.071809999999999999 0.34390700000000002 0.20616499999999999 0 0.072895999999999961 0.094830000000000025 0.071809999999999999 0.0081600000000000006 0.0083339999999999994 0.0076990000000000001 0.050626000000000018 0.072655999999999971 0.050260999999999993 0.0021900000000000001 0.0022159999999999997 0.002153 0.00055800000000000001 0.00056300000000000002 0.00055400000000000002 2.0432590679302871 2.0432590679302871 2.0432590679302871 0.00070522800274017779 0.00070522800274017779 0.00070522800274017779 1 1 1 Converged Converged Converged OK OK OK 45 45 45 45 45 45 3 3 3 0 0 0 0 1 0 0 1
53 53 uniform 3 15 538 2 0.001 2.2167311233520568 0.00077910277377397225 0.00043468693912282778 -1.7598093834371538 -0.0045633750922040705 -1.7597829242321636 0 1.761508641088289 2.039725497782328 OK 13 12 0.41606399999999999 0.28443800000000002 0.071945999999999996 0.34267500000000001 0.19734099999999999 0 0.073388999999999982 0.087097000000000036 0.071945999999999996 0.0081849999999999996 0.0082970000000000006 0.007633 0.050983999999999995 0.064977000000000007 0.05076300000000001 0.0021870000000000001 0.002202 0.0021660000000000004 0.00054299999999999997 0.00054299999999999997 0.00052899999999999996 2.0397254838435406 2.0397254838435406 2.0397254838435406 0.00070405258388364026 0.00070405258388364026 0.00070405258388364026 1 1 1 Converged Converged Converged OK OK OK 45 45 45 45 45 45 3 3 3 0 0 0 0 1 0 0 1
53 53 uniform 3 23 538 3 0.001 2.2167311233520568 0.00077910277377397225 0.00043468693912282778 -1.7598093834371538 -0.0045633750922040705 -1.7597224460493293 0 1.7614481629054546 2.0362593199597931 OK 13 12 0.416049 0.288711 0.066481999999999999 0.34782800000000003 0.20431199999999999 0 0.068220999999999976 0.084399000000000002 0.066481999999999999 0.0082959999999999996 0.0083490000000000005 0.0076379999999999998 0.045788000000000009 0.062180000000000013 0.045324000000000003 0.0022110000000000003 0.0021939999999999998 0.0021640000000000001 0.00056599999999999999 0.00055199999999999997 0.00052599999999999999 2.0362593059389194 2.0362593059389194 2.0362593059389194 0.00070289831749611564 0.00070289831749611564 0.00070289831749611564 1 1 1 Converged Converged Converged OK OK OK 45 45 45 45 45 45 3 3 3 0 0 0 0 1 0 0 1
53 53 uniform 3 0 538 0 0.0001 2.2167311233520568 0.00077910277377397225 0.00043468693912282778 -1.7598093834371538 -0.0045633750922040705 -1.7598963208249783 0 1.7616220376811036 2.0464069953390842 OK 13 12 0.46117599999999997 0.46403499999999998 0.12246899999999999 0.333706 0.340443 0 0.12746999999999997 0.12359199999999998 0.12246899999999999 0.0088459999999999997 0.0089269999999999992 0.0084469999999999996 0.091453999999999994 0.087661000000000003 0.087254999999999985 0.0038430000000000001 0.0038319999999999999 0.0037620000000000002 0.00082300000000000016 0.00081299999999999992 0.00080299999999999989 2.0464069812575487 2.0464069812575487 2.0464069812575487 1.5301226579222989e-05 1.5301226579222989e-05 1.5301226579222989e-05 1 1 1 Converged Converged Converged OK OK OK 77 77 77 77 77 77 3 3 3 0 0 0 0 0 1 0 0
53 53 uniform 3 7 538 1 0.0001 2.2167311233520568 0.00077910277377397225 0.00043468693912282778 -1.7598093834371538 -0.0045633750922040705 -1.7598434024149983 0 1.7615691192711236 2.043259081896625 OK 13 12 0.45728999999999997 0.35289799999999999 0.11401600000000001 0.34157700000000002 0.20711299999999999 0 0.11571299999999995 0.145785 0.11401600000000001 0.0082470000000000009 0.0083359999999999997 0.0077330000000000003 0.083801000000000014 0.11393599999999997 0.083104000000000025 0.0038240000000000001 0.0038250000000000003 0.003787 0.00081300000000000014 0.00079799999999999999 0.00077400000000000006 2.0432590678402982 2.0432590678402982 2.0432590678402982 1.5302493639974749e-05 1.5302493639974749e-05 1.5302493639974749e-05 1 1 1 Converged Converged Converged OK OK OK 77 77 77 77 77 77 3 3 3 0 0 0 0 1 0 0 1
53 53 uniform 3 15 538 2 0.0001 2.2167311233520568 0.00077910277377397225 0.00043468693912282778 -1.7598093834371538 -0.0045633750922040705 -1.7597829242321636 0 1.761508641088289 2.039725497782328 OK 13 12 0.46041799999999999 0.34094799999999997 0.11655799999999999 0.34221499999999999 0.20056499999999999 0 0.118203 0.14038299999999998 0.11655799999999999 0.0082799999999999992 0.008319 0.0077590000000000003 0.086204000000000003 0.10866399999999998 0.085835999999999982 0.0038450000000000003 0.0038150000000000002 0.0038350000000000003 0.00083900000000000001 0.0008160000000000001 0.00077299999999999992 2.03972548375401 2.03972548375401 2.03972548375401 1.5303941802374029e-05 1.5303941802374029e-05 1.5303941802374029e-05 1 1 1 Converged Converged Converged OK OK OK 77 77 77 77 77 77 3 3 3 0 0 0 0 1 0 0 1
53 53 uniform 3 23 538 3 0.0001 2.2167311233520568 0.00077910277377397225 0.00043468693912282778 -1.7598093834371538 -0.0045633750922040705 -1.7597224460493293 0 1.7614481629054546 2.0362593199597931 OK 13 12 0.45529399999999998 0.33827699999999999 0.109836 0.34347100000000003 0.20740800000000001 0 0.11182299999999995 0.13086899999999999 0.109836 0.0081919999999999996 0.0083009999999999994 0.0077120000000000001 0.079692000000000027 0.098893999999999954 0.079284999999999994 0.0038430000000000001 0.003901 0.0037679999999999996 0.00081399999999999994 0.00080799999999999991 0.00075900000000000002 2.0362593058498111 2.0362593058498111 2.0362593058498111 1.530539044294147e-05 1.530539044294147e-05 1.530539044294147e-05 1 1 1 Converged Converged Converged OK OK OK 77 77 77 77 77 77 3 3 3 0 0 0 0 1 0 0 1
53 53 uniform 4 0 539 0 0.001 2.2167311233520568 0.00077910277377397225 0.00043468693912282778 -1.7632781209314967 -0.0094757443700008437 -1.7633650583193212 0 1.7650907751754465 3.3059007660852306 OK 13 12 0.42939899999999998 0.428261 0.071725999999999998 0.35646800000000001 0.35589900000000002 0 0.072930999999999968 0.072361999999999982 0.071725999999999998 0.0090989999999999994 0.0089689999999999995 0.0085089999999999992 0.047695000000000001 0.047768999999999985 0.047704999999999997 0.0021910000000000002 0.0021270000000000004 0.0021640000000000001 0.00053499999999999999 0.000553 0.00053899999999999998 3.3059007369408113 3.3059007369408113 3.3059007369408113 0.00099066011620499417 0.00099066011620499417 0.00099066011620499417 1 1 1 Converged Converged Converged OK OK OK 45 45 45 45 45 45 3 3 3 0 0 0 0 0 1 0 0
53 53 uniform 4 7 539 1 0.001 2.2167311233520568 0.00077910277377397225 0.00043468693912282778 -1.7632781209314967 -0.0094757443700008437 -1.7633121399093412 0 1.7650378567654665 3.2395171235055389 OK 13 12 0.42332900000000001 0.294958 0.069080000000000003 0.34756799999999999 0.20483999999999999 0 0.075761000000000023 0.090118000000000004 0.069080000000000003 0.0081620000000000009 0.0083429999999999997 0.0076629999999999997 0.048268999999999986 0.067893999999999982 0.047799000000000001 0.002274 0.0022169999999999998 0.002199 0.00053300000000000005 0.00053300000000000005 0.00052300000000000003 3.239517096534934 3.239517096534934 3.239517096534934 0.00098468920699906152 0.00098468920699906152 0.00098468920699906152 1 1 1 Converged Converged Converged OK OK OK 45 45 45 45 45 45 3 3 3 0 0 0 0 1 0 0 1
53 53 uniform 4 15 539 2 0.001 2.2167311233520568 0.00077910277377397225 0.00043468693912282778 -1.7632781209314967 -0.0094757443700008437 -1.7632516617265066 0 1.7649773785826319 3.1699152544880103 OK 13 12 0.395098 0.26852300000000001 0.066475999999999993 0.32760699999999998 0.18767400000000001 0 0.067491000000000023 0.080849000000000004 0.066475999999999993 0.0082240000000000004 0.0081949999999999992 0.0076350000000000003 0.045272000000000014 0.058717999999999999 0.045290999999999991 0.0021779999999999998 0.0022389999999999997 0.002186 0.00054200000000000006 0.00055600000000000007 0.00051800000000000001 3.169915229557867 3.169915229557867 3.169915229557867 0.00097715047907646815 0.00097715047907646815 0.00097715047907646815 1 1 1 Converged Converged Converged OK OK OK 45 45 45 45 45 45 3 3 3 0 0 0 0 1 0 0 1
53 53 uniform 4 23 539 3 0.001 2.2167311233520568 0.00077910277377397225 0.00043468693912282778 -1.7632781209314967 -0.0094757443700008437 -1.7631911835436722 0 1.7649169003997975 3.1060917440290363 OK 13 12 0.39675199999999999 0.27511000000000002 0.069873000000000005 0.32539699999999999 0.184174 0 0.071355000000000002 0.090936000000000017 0.069873000000000005 0.0082789999999999999 0.0081930000000000006 0.0076600000000000001 0.049062000000000008 0.068677000000000002 0.048718000000000004 0.0022029999999999997 0.0022890000000000002 0.0021059999999999998 0.00053000000000000009 0.000544 0.00052000000000000006 3.1060917188628703 3.1060917188628703 3.1060917188628703 0.00096909884789503559 0.00096909884789503559 0.00096909884789503559 1 1 1 Converged Converged Converged OK OK OK 45 45 45 45 45 45 3 3 3 0 0 0 0 1 0 0 1
53 53 uniform 4 0 539 0 0.0001 2.2167311233520568 0.00077910277377397225 0.00043468693912282778 -1.7632781209314967 -0.0094757443700008437 -1.7633650583193212 0 1.7650907751754465 3.3059007660852306 OK 13 12 0.47005599999999997 0.47292899999999999 0.114875 0.35442400000000002 0.35642099999999999 0 0.11563199999999996 0.116508 0.114875 0.0088690000000000001 0.0091420000000000008 0.0085509999999999996 0.079255000000000006 0.079465999999999981 0.078934000000000032 0.0039620000000000002 0.0040269999999999993 0.003885 0.00078100000000000001 0.00077900000000000007 0.00077000000000000007 3.30590073776674 3.30590073776674 3.30590073776674 1.5223097130962707e-05 1.5223097130962707e-05 1.5223097130962707e-05 1 1 1 Converged Converged Converged OK OK OK 77 77 77 77 77 77 3 3 3 0 0 0 0 0 1 0 0
53 53 uniform 4 7 539 1 0.0001 2.2167311233520568 0.00077910277377397225 0.00043468693912282778 -1.7632781209314967 -0.0094757443700008437 -1.7633121399093412 0 1.7650378567654665 3.2395171235055389 OK 13 12 0.45966600000000002 0.35965000000000003 0.111176 0.34681000000000001 0.20912700000000001 0 0.11285600000000001 0.15052300000000002 0.111176 0.0082789999999999999 0.0083649999999999992 0.0076930000000000002 0.080315000000000039 0.117994 0.080093000000000025 0.0039979999999999998 0.0039730000000000008 0.0039690000000000003 0.0007980000000000001 0.00077300000000000003 0.00073999999999999999 3.2395170971004825 3.2395170971004825 3.2395170971004825 1.5223703053162642e-05 1.5223703053162642e-05 1.5223703053162642e-05 1 1 1 Converged Converged Converged OK OK OK 77 77 77 77 77 77 3 3 3 0 0 0 0 1 0 0 1
53 53 uniform 4 15 539 2 0.0001 2.2167311233520568 0.00077910277377397225 0.00043468693912282778 -1.7632781209314967 -0.0094757443700008437 -1.7632516617265066 0 1.7649773785826319 3.1699152544880103 OK 13 12 0.43416300000000002 0.33367799999999997 0.107977 0.32519500000000001 0.192079 0 0.10896800000000001 0.14159899999999997 0.107977 0.0082380000000000005 0.0083309999999999999 0.0077590000000000003 0.076946000000000001 0.10934999999999995 0.07688600000000001 0.0039150000000000001 0.0040179999999999999 0.0039170000000000003 0.00078699999999999994 0.00075700000000000008 0.00075799999999999999 3.169915229899495 3.169915229899495 3.169915229899495 1.5224452769167573e-05 1.5224452769167573e-05 1.5224452769167573e-05 1 1 1 Converged Converged Converged OK OK OK 77 77 77 77 77 77 3 3 3 0 0 0 0 1 0 0 1
53 53 uniform 4 23 539 3 0.0001 2.2167311233520568 0.00077910277377397225 0.00043468693912282778 -1.7632781209314967 -0.0094757443700008437 -1.7631911835436722 0 1.7649169003997975 3.1060917440290363 OK 13 12 0.43994299999999997 0.33031300000000002 0.112855 0.32203500000000002 0.18034900000000001 0 0.11790799999999996 0.14996400000000001 0.112855 0.0083180000000000007 0.0083599999999999994 0.0077359999999999998 0.085696999999999995 0.11767600000000009 0.081942000000000043 0.0040379999999999999 0.0039849999999999998 0.0038759999999999997 0.000767 0.0007719999999999999 0.00075100000000000004 3.1060917190404447 3.1060917190404447 3.1060917190404447 1.5225279008813433e-05 1.5225279008813433e-05 1.5225279008813433e-05 1 1 1 Converged Converged Converged OK OK OK 77 77 77 77 77 77 3 3 3 0 0 0 0 1 0 0 1
54 54 linear 0 0 540 0 0.001 0.59220447777290552 0.656439194673343 0.86920987870673161 -0.17347602883171362 0.087018698537622757 -0.34731800457305995 0.5 0.58200590118966722 2.536797734703129 OK 15 14 0.52613699999999997 0.52271299999999998 0.28628500000000001 0.24224399999999999 0.23888000000000001 0 0.28389299999999995 0.283833 0.28628500000000001 0.011047 0.011409000000000001 0.011073 0.241505 0.24042600000000006 0.24316499999999999 0.0038780000000000004 0.0045650000000000005 0.0045869999999999999 0.00092299999999999988 0.00097499999999999996 0.001016 2.5368042829032356 2.5368042829032356 2.5368042829032356 0.001927185823053556 0.001927185823053556 0.001927185823053556 1 1 1 Converged Converged Converged OK OK OK 101 101 101 101 101 101 11 11 11 0 0 0 0 0 1 0 0
54 54 linear 0 7 540 1 0.001 0.59220447777290552 0.656439194673343 0.86920987870673161 -0.17347602883171362 0.087018698537622757 -0.24150114977397957 0.5 0.4761890463905869 2.604575716789423 OK 15 14 0.51492000000000004 0.45225900000000002 0.29720299999999999 0.20838400000000001 0.145228 0 0.30653600000000003 0.30703100000000005 0.29720299999999999 0.0095930000000000008 0.010085 0.0093889999999999998 0.27427499999999999 0.27327600000000002 0.26516699999999999 0.0041720000000000004 0.0047670000000000004 0.0045690000000000001 0.00094000000000000008 0.001106 0.0010460000000000001 2.6045759023576536 2.6045759023576536 2.6045759023576536 0.0014520539658703405 0.0014520539658703405 0.0014520539658703405 1 1 1 Converged Converged Converged OK OK OK 101 101 101 101 101 101 11 11 11 0 0 0 0 1 0 0 1
54 54 linear 0 15 540 2 0.001 0.59220447777290552 0.656439194673343 0.86920987870673161 -0.17347602883171362 0.087018698537622757 -0.12056760143217343 0.5 0.35525549804878076 2.6516116939898962 OK 15 14 0.47572799999999998 0.405636 0.25827800000000001 0.20777100000000001 0.13869400000000001 0 0.267957 0.26694200000000001 0.25827800000000001 0.010323000000000001 0.010116 0.0092160000000000002 0.23329399999999992 0.23323500000000005 0.22731700000000005 0.0046959999999999997 0.0045230000000000001 0.0040899999999999999 0.0011789999999999999 0.0013550000000000001 0.00107 2.6515818259317951 2.6515818259317951 2.6515818259317951 0.0022143761261284377 0.0022143761261284377 0.0022143761261284377 1 1 1 Converged Converged Converged OK OK OK 94 94 94 94 94 94 10 10 10 0 0 0 0 1 0 0 1
54 54 linear 0 23 540 3 0.001 0.59220447777290552 0.656439194673343 0.86920987870673161 -0.17347602883171362 0.087018698537622757 0.00036594690963270837 0.5 0.23432194970697459 2.6674431197785289 OK 14 13 0.53694399999999998 0.45921800000000002 0.31210500000000002 0.21448500000000001 0.14502599999999999 0 0.32245899999999994 0.31419200000000003 0.31210500000000002 0.010902 0.010892000000000001 0.010448000000000001 0.28435700000000003 0.27656800000000004 0.27682899999999977 0.0051310000000000001 0.0053840000000000008 0.0043930000000000002 0.001222 0.001181 0.001119 2.6674105429093911 2.6674105429093911 2.6674105429093911 0.0014525924372125476 0.0014525924372125476 0.0014525924372125476 1 1 1 Converged Converged Converged OK OK OK 109 109 109 109 109 109 11 11 11 0 0 0 0 1 0 0 1
54 54 linear 0 0 540 0 0.0001 0.59220447777290552 0.656439194673343 0.86920987870673161 -0.17347602883171362 0.087018698537622757 -0.34731800457305995 0.5 0.58200590118966722 2.536797734703129 OK 15 14 0.59647899999999998 0.58852899999999997 0.34647800000000001 0.24260599999999999 0.238265 0 0.35387299999999999 0.35026399999999996 0.34647800000000001 0.011405999999999999 0.011339999999999999 0.011132 0.29882800000000004 0.29486900000000005 0.29173199999999999 0.0056650000000000008 0.0056890000000000005 0.0060540000000000004 0.0017669999999999999 0.001717 0.0016049999999999999 2.5368057159260138 2.5368057159260138 2.5368057159260138 0.00022999937821257019 0.00022999937821257019 0.00022999937821257019 1 1 1 Converged Converged Converged OK OK OK 125 125 125 125 125 125 11 11 11 0 0 0 0 0 1 0 0
54 54 linear 0 7 540 1 0.0001 0.59220447777290552 0.656439194673343 0.86920987870673161 -0.17347602883171362 0.087018698537622757 -0.24150114977397957 0.5 0.4761890463905869 2.604575716789423 OK 15 14 0.54821799999999998 0.478715 0.32323600000000002 0.206315 0.14848700000000001 0 0.34190299999999996 0.33022799999999997 0.32323600000000002 0.011391999999999999 0.010036 0.0095250000000000005 0.30156999999999995 0.29206899999999986 0.28641600000000017 0.0057260000000000002 0.0055950000000000001 0.0053569999999999998 0.001518 0.001377 0.0014329999999999998 2.6045798776588218 2.6045798776588218 2.6045798776588218 0.0002238666386755236 0.0002238666386755236 0.0002238666386755236 1 1 1 Converged Converged Converged OK OK OK 117 117 117 117 117 117 11 11 11 0 0 0 0 1 0 0 1
54 54 linear 0 15 540 2 0.0001 0.59220447777290552 0.656439194673343 0.86920987870673161 -0.17347602883171362 0.087018698537622757 -0.12056760143217343 0.5 0.35525549804878076 2.6516116939898962 OK 15 14 0.53636799999999996 0.45797500000000002 0.31268299999999999 0.210951 0.13985900000000001 0 0.32541699999999996 0.31811600000000001 0.31268299999999999 0.010087 0.010069 0.0094479999999999998 0.28763800000000006 0.28133300000000006 0.27776899999999999 0.0055310000000000003 0.0053859999999999993 0.0049559999999999995 0.001567 0.001604 0.0015500000000000002 2.6516021249844077 2.6516021249844077 2.6516021249844077 0.00012655775099110791 0.00012655775099110791 0.00012655775099110791 1 1 1 Converged Converged Converged OK OK OK 110 110 110 110 110 110 10 10 10 0 0 0 0 1 0 0 1
54 54 linear 0 23 540 3 0.0001 0.59220447777290552 0.656439194673343 0.86920987870673161 -0.17347602883171362 0.087018698537622757 0.00036594690963270837 0.5 0.23432194970697459 2.6674431197785289 OK 14 13 0.60361100000000001 0.52912199999999998 0.37928699999999999 0.21976799999999999 0.14385700000000001 0 0.38384300000000005 0.38526499999999997 0.37928699999999999 0.010751 0.010952 0.010325000000000001 0.34019699999999986 0.34100599999999981 0.33737499999999992 0.0065279999999999999 0.0069449999999999998 0.0061019999999999989 0.0014679999999999999 0.0016249999999999997 0.001454 2.6674180767741991 2.6674180767741991 2.6674180767741991 5.0458328000264573e-05 5.0458328000264573e-05 5.0458328000264573e-05 1 1 1 Converged Converged Converged OK OK OK 133 133 133 133 133 133 11 11 11 0 0 0 0 1 0 0 1
54 54 linear 1 0 541 0 0.001 0.59220447777290552 0.656439194673343 0.86920987870673161 -0.20580565572411655 1.2554107437442827 -0.37964763146546288 0.5 0.61433552808207015 1.3047363955524709 OK 12 11 0.31314700000000001 0.30386299999999999 0.122429 0.18174100000000001 0.179536 0 0.131406 0.12432699999999999 0.122429 0.0081759999999999992 0.0078759999999999993 0.0071879999999999999 0.096673999999999968 0.091576000000000032 0.090886999999999996 0.0036279999999999997 0.0030840000000000004 0.0029250000000000001 0.001039 0.00084800000000000001 0.00076399999999999992 1.3047368948302327 1.3047368948302327 1.3047368948302327 0.0010668854987989276 0.0010668854987989276 0.0010668854987989276 1 1 1 Converged Converged Converged OK OK OK 86 86 86 86 86 86 10 10 10 0 0 0 0 0 1 0 0
54 54 linear 1 7 541 1 0.001 0.59220447777290552 0.656439194673343 0.86920987870673161 -0.20580565572411655 1.2554107437442827 -0.2738307766663825 0.5 0.50851867328298983 1.3297659273486997 OK 12 11 0.358686 0.288825 0.1686 0.18462899999999999 0.118324 0 0.17405700000000002 0.17050100000000001 0.1686 0.006293 0.0063600000000000002 0.0060130000000000001 0.15066199999999999 0.14741000000000001 0.14539199999999997 0.0029329999999999998 0.0029399999999999999 0.003186 0.00075999999999999993 0.00073300000000000004 0.00081899999999999996 1.3297785702941871 1.3297785702941871 1.3297785702941871 0.00091503273827201229 0.00091503273827201229 0.00091503273827201229 1 1 1 Converged Converged Converged OK OK OK 86 86 86 86 86 86 10 10 10 0 0 0 0 1 0 0 1
54 54 linear 1 15 541 2 0.001 0.59220447777290552 0.656439194673343 0.86920987870673161 -0.20580565572411655 1.2554107437442827 -0.15289722832457636 0.5 0.38758512494118369 1.3500737604174526 OK 12 11 0.378193 0.29264000000000001 0.16483600000000001 0.20574300000000001 0.126358 0 0.17244999999999999 0.16628200000000001 0.16483600000000001 0.0066880000000000004 0.0064320000000000002 0.0060280000000000004 0.15019499999999994 0.14557200000000006 0.14443300000000006 0.0026970000000000002 0.0023779999999999999 0.002398 0.00089599999999999988 0.00070199999999999993 0.00075699999999999997 1.3500946551739137 1.3500946551739137 1.3500946551739137 0.00071231420952321792 0.00071231420952321792 0.00071231420952321792 1 1 1 Converged Converged Converged OK OK OK 79 79 79 79 79 79 9 9 9 0 0 0 0 1 0 0 1
54 54 linear 1 23 541 3 0.001 0.59220447777290552 0.656439194673343 0.86920987870673161 -0.20580565572411655 1.2554107437442827 -0.031963679982770221 0.5 0.26665157659937755 1.3607659411527397 OK 12 11 0.357076 0.29417100000000002 0.16974900000000001 0.17991699999999999 0.121585 0 0.17715900000000001 0.17258600000000002 0.16974900000000001 0.0062389999999999998 0.0060369999999999998 0.0057400000000000003 0.15545099999999998 0.15209400000000006 0.14990000000000001 0.0028190000000000003 0.0025170000000000001 0.0024550000000000002 0.00079900000000000001 0.00068500000000000006 0.00067699999999999998 1.3607655109863797 1.3607655109863797 1.3607655109863797 0.0010420899244420203 0.0010420899244420203 0.0010420899244420203 1 1 1 Converged Converged Converged OK OK OK 79 79 79 79 79 79 9 9 9 0 0 0 0 1 0 0 1
54 54 linear 1 0 541 0 0.0001 0.59220447777290552 0.656439194673343 0.86920987870673161 -0.20580565572411655 1.2554107437442827 -0.37964763146546288 0.5 0.61433552808207015 1.3047363955524709 OK 12 11 0.35239500000000001 0.354653 0.169408 0.18031900000000001 0.18434900000000001 0 0.17207600000000001 0.17030399999999998 0.169408 0.0075649999999999997 0.0078050000000000003 0.0073759999999999997 0.12744300000000003 0.123489 0.125635 0.0044970000000000001 0.0054120000000000001 0.0046309999999999997 0.0012959999999999998 0.0014679999999999999 0.001289 1.3047368335136167 1.3047368335136167 1.3047368335136167 6.7020444026726241e-05 6.7020444026726241e-05 6.7020444026726241e-05 1 1 1 Converged Converged Converged OK OK OK 118 118 118 118 118 118 10 10 10 0 0 0 0 0 1 0 0
54 54 linear 1 7 541 1 0.0001 0.59220447777290552 0.656439194673343 0.86920987870673161 -0.20580565572411655 1.2554107437442827 -0.2738307766663825 0.5 0.50851867328298983 1.3297659273486997 OK 12 11 0.39867200000000003 0.34284399999999998 0.21107899999999999 0.18049299999999999 0.12424 0 0.21817900000000004 0.21860399999999997 0.21107899999999999 0.0063689999999999997 0.0063850000000000001 0.0058609999999999999 0.18679600000000007 0.18759899999999988 0.180363 0.0045690000000000001 0.004581 0.0047879999999999997 0.001235 0.0011529999999999999 0.0012820000000000002 1.3297648130538708 1.3297648130538708 1.3297648130538708 5.8381845170543003e-05 5.8381845170543003e-05 5.8381845170543003e-05 1 1 1 Converged Converged Converged OK OK OK 118 118 118 118 118 118 10 10 10 0 0 0 0 1 0 0 1
54 54 linear 1 15 541 2 0.0001 0.59220447777290552 0.656439194673343 0.86920987870673161 -0.20580565572411655 1.2554107437442827 -0.15289722832457636 0.5 0.38758512494118369 1.3500737604174526 OK 12 11 0.40369300000000002 0.33074399999999998 0.19380600000000001 0.201492 0.12648200000000001 0 0.20220100000000002 0.20426199999999997 0.19380600000000001 0.0066030000000000004 0.0064599999999999996 0.0060460000000000002 0.17513699999999993 0.17831400000000006 0.16863000000000003 0.0041339999999999997 0.0035689999999999993 0.0035070000000000001 0.001142 0.0010819999999999998 0.0011069999999999999 1.3500744334877524 1.3500744334877524 1.3500744334877524 9.269552010841679e-05 9.269552010841679e-05 9.269552010841679e-05 1 1 1 Converged Converged Converged OK OK OK 103 103 103 103 103 103 9 9 9 0 0 0 0 1 0 0 1
54 54 linear 1 23 541 3 0.0001 0.59220447777290552 0.656439194673343 0.86920987870673161 -0.20580565572411655 1.2554107437442827 -0.031963679982770221 0.5 0.26665157659937755 1.3607659411527397 OK 12 11 0.38535399999999997 0.326096 0.19642999999999999 0.181641 0.12313200000000001 0 0.20371299999999998 0.20296399999999998 0.19642999999999999 0.0062129999999999998 0.0059940000000000002 0.0057850000000000002 0.17719399999999996 0.17733400000000007 0.17129000000000008 0.0041809999999999998 0.0038450000000000003 0.0036579999999999998 0.001114 0.0010499999999999999 0.0010380000000000001 1.3607652521263447 1.3607652521263447 1.3607652521263447 0.00012325035408162479 0.00012325035408162479 0.00012325035408162479 1 1 1 Converged Converged Converged OK OK OK 103 103 103 103 103 103 9 9 9 0 0 0 0 1 0 0 1
54 54 linear 2 0 542 0 0.001 0.59220447777290552 0.656439194673343 0.86920987870673161 -0.72958334098297706 -1.2254280736838354 -0.90342531672432336 0.5 1.1381132133409306 1.1478962126514143 OK 13 12 0.26973599999999998 0.266706 0.077328999999999995 0.19081500000000001 0.185055 0 0.078920999999999963 0.081651000000000001 0.077328999999999995 0.0092259999999999998 0.01371 0.0093200000000000002 0.052323999999999982 0.051115000000000001 0.050718999999999979 0.0025649999999999996 0.0025519999999999996 0.0027320000000000001 0.00078600000000000002 0.00077799999999999994 0.00079000000000000001 1.1478982758195972 1.1478982758195972 1.1478982758195972 0.00081506585689210644 0.00081506585689210644 0.00081506585689210644 1 1 1 Converged Converged Converged OK OK OK 52 52 52 52 52 52 4 4 4 0 0 0 0 0 1 0 0
54 54 linear 2 7 542 1 0.001 0.59220447777290552 0.656439194673343 0.86920987870673161 -0.72958334098297706 -1.2254280736838354 -0.79760846192524304 0.5 1.0322963585418503 1.1707657384903274 OK 13 12 0.272563 0.21565999999999999 0.080838999999999994 0.18890499999999999 0.12653500000000001 0 0.08365800000000001 0.089124999999999982 0.080838999999999994 0.0089269999999999992 0.0092200000000000008 0.0084860000000000005 0.059706999999999975 0.064173000000000022 0.057812999999999996 0.0025630000000000002 0.0031160000000000003 0.0025149999999999999 0.00083000000000000001 0.00089599999999999999 0.00080100000000000006 1.1707660446297632 1.1707660446297632 1.1707660446297632 0.00034416930173046534 0.00034416930173046534 0.00034416930173046534 1 1 1 Converged Converged Converged OK OK OK 59 59 59 59 59 59 5 5 5 0 0 0 0 1 0 0 1
54 54 linear 2 15 542 2 0.001 0.59220447777290552 0.656439194673343 0.86920987870673161 -0.72958334098297706 -1.2254280736838354 -0.6766749135834369 0.5 0.91136281020004417 1.2077423739293336 OK 13 12 0.30959900000000001 0.25469900000000001 0.112604 0.19023599999999999 0.13114999999999999 0 0.11936300000000002 0.12354900000000002 0.112604 0.0095860000000000008 0.0099399999999999992 0.0089929999999999993 0.090401999999999996 0.093860999999999986 0.084729999999999972 0.0027980000000000001 0.0031440000000000001 0.0028159999999999999 0.00068000000000000005 0.00093899999999999995 0.00070100000000000002 1.2077403981663257 1.2077403981663257 1.2077403981663257 0.00099158016358627619 0.00099158016358627619 0.00099158016358627619 1 1 1 Converged Converged Converged OK OK OK 79 79 79 79 79 79 9 9 9 0 0 0 0 1 0 0 1
54 54 linear 2 23 542 3 0.001 0.59220447777290552 0.656439194673343 0.86920987870673161 -0.72958334098297706 -1.2254280736838354 -0.55574136524163076 0.5 0.79042926185823803 1.261931872098111 OK 12 11 0.30112699999999998 0.24185899999999999 0.11557099999999999 0.18033399999999999 0.12257999999999999 0 0.12079299999999998 0.119279 0.11557099999999999 0.0068320000000000004 0.0070910000000000001 0.0062049999999999996 0.092429000000000025 0.090292000000000011 0.088857000000000033 0.0032109999999999994 0.0034439999999999996 0.00313 0.00092400000000000002 0.0010790000000000001 0.00090299999999999994 1.2619306725808659 1.2619306725808659 1.2619306725808659 0.00077468190322909269 0.00077468190322909269 0.00077468190322909269 1 1 1 Converged Converged Converged OK OK OK 94 94 94 94 94 94 10 10 10 0 0 0 0 1 0 0 1
54 54 linear 2 0 542 0 0.0001 0.59220447777290552 0.656439194673343 0.86920987870673161 -0.72958334098297706 -1.2254280736838354 -0.90342531672432336 0.5 1.1381132133409306 1.1478962126514143 OK 13 12 0.31648100000000001 0.31187599999999999 0.123084 0.19439799999999999 0.18993399999999999 0 0.12208300000000002 0.12194199999999999 0.123084 0.0092770000000000005 0.0091830000000000002 0.0092160000000000002 0.084519999999999984 0.085169999999999982 0.081991999999999995 0.0046099999999999995 0.0043410000000000002 0.0049669999999999992 0.0010740000000000001 0.0010020000000000001 0.004548 1.1478954673832242 1.1478954673832242 1.1478954673832242 5.3798569937586826e-05 5.3798569937586826e-05 5.3798569937586826e-05 1 1 1 Converged Converged Converged OK OK OK 84 84 84 84 84 84 4 4 4 0 0 0 0 0 1 0 0
54 54 linear 2 7 542 1 0.0001 0.59220447777290552 0.656439194673343 0.86920987870673161 -0.72958334098297706 -1.2254280736838354 -0.79760846192524304 0.5 1.0322963585418503 1.1707657384903274 OK 13 12 0.30640000000000001 0.24154 0.110842 0.19235099999999999 0.12788099999999999 0 0.11404900000000001 0.11365900000000001 0.110842 0.0091479999999999999 0.0089510000000000006 0.0082780000000000006 0.083764999999999992 0.085874000000000048 0.079674999999999982 0.0047910000000000001 0.0037139999999999994 0.0036260000000000003 0.0013320000000000001 0.0010539999999999998 0.0053970000000000008 1.1707655818889116 1.1707655818889116 1.1707655818889116 8.1101332164472449e-05 8.1101332164472449e-05 8.1101332164472449e-05 1 1 1 Converged Converged Converged OK OK OK 83 83 83 83 83 83 5 5 5 0 0 0 0 1 0 0 1
54 54 linear 2 15 542 2 0.0001 0.59220447777290552 0.656439194673343 0.86920987870673161 -0.72958334098297706 -1.2254280736838354 -0.6766749135834369 0.5 0.91136281020004417 1.2077423739293336 OK 13 12 0.327154 0.26725700000000002 0.12961800000000001 0.19158900000000001 0.13000100000000001 0 0.13556499999999999 0.13725600000000002 0.12961800000000001 0.0096869999999999994 0.0097590000000000003 0.0091000000000000004 0.10203999999999999 0.10406499999999996 0.098147999999999999 0.0039560000000000003 0.0038640000000000002 0.0036890000000000004 0.001407 0.0012939999999999998 0.001085 1.2077411950827812 1.2077411950827812 1.2077411950827812 9.2413334573232411e-05 9.2413334573232411e-05 9.2413334573232411e-05 1 1 1 Converged Converged Converged OK OK OK 95 95 95 95 95 95 9 9 9 0 0 0 0 1 0 0 1
54 54 linear 2 23 542 3 0.0001 0.59220447777290552 0.656439194673343 0.86920987870673161 -0.72958334098297706 -1.2254280736838354 -0.55574136524163076 0.5 0.79042926185823803 1.261931872098111 OK 12 11 0.32729900000000001 0.26830399999999999 0.138372 0.18140700000000001 0.121472 0 0.14589199999999999 0.14683199999999999 0.138372 0.0069800000000000001 0.0069810000000000002 0.0063220000000000004 0.11140799999999995 0.11293199999999996 0.10679800000000002 0.0043419999999999995 0.0044380000000000001 0.0038749999999999995 0.001493 0.0014509999999999998 0.0012700000000000001 1.2619320554996332 1.2619320554996332 1.2619320554996332 0.00010555737951610731 0.00010555737951610731 0.00010555737951610731 1 1 1 Converged Converged Converged OK OK OK 110 110 110 110 110 110 10 10 10 0 0 0 0 1 0 0 1
54 54 linear 3 0 543 0 0.001 0.59220447777290552 0.656439194673343 0.86920987870673161 -1.0269766980002377 0.92750715175058762 -1.200818673741584 0.5 1.4355065703581913 1.1426991954120924 OK 13 12 0.33224799999999999 0.32390999999999998 0.13214500000000001 0.195826 0.190443 0 0.13642199999999999 0.13346699999999997 0.13214500000000001 0.010049000000000001 0.010142 0.0097429999999999999 0.10253699999999998 0.099110999999999977 0.098849000000000006 0.0036249999999999998 0.0040820000000000006 0.0039839999999999997 0.00074200000000000004 0.000843 0.00076099999999999996 1.1426957017565738 1.1426957017565738 1.1426957017565738 0.00062212022153456769 0.00062212022153456769 0.00062212022153456769 1 1 1 Converged Converged Converged OK OK OK 67 67 67 67 67 67 5 5 5 0 0 0 0 0 1 0 0
54 54 linear 3 7 543 1 0.001 0.59220447777290552 0.656439194673343 0.86920987870673161 -1.0269766980002377 0.92750715175058762 -1.0950018189425037 0.5 1.329689715559111 1.1677343097735298 OK 13 12 0.33031899999999997 0.26797300000000002 0.135153 0.190081 0.129381 0 0.14023799999999997 0.13859200000000002 0.135153 0.0085869999999999991 0.0087930000000000005 0.0080350000000000005 0.11107899999999997 0.10937000000000002 0.10647300000000003 0.0037039999999999998 0.003627 0.0040000000000000001 0.00085400000000000005 0.00084699999999999999 0.00086000000000000009 1.1677303786741517 1.1677303786741517 1.1677303786741517 0.00070465720357272955 0.00070465720357272955 0.00070465720357272955 1 1 1 Converged Converged Converged OK OK OK 75 75 75 75 75 75 5 5 5 0 0 0 0 1 0 0 1
54 54 linear 3 15 543 2 0.001 0.59220447777290552 0.656439194673343 0.86920987870673161 -1.0269766980002377 0.92750715175058762 -0.97406827060069756 0.5 1.2087561672173048 1.2024179849343528 OK 13 12 0.31597199999999998 0.254523 0.117088 0.19358 0.13572200000000001 0 0.12239199999999997 0.11880099999999999 0.117088 0.0085859999999999999 0.0086409999999999994 0.0080210000000000004 0.097594999999999987 0.094103000000000006 0.093287999999999996 0.0027179999999999999 0.002771 0.0027629999999999998 0.00069700000000000003 0.00078200000000000003 0.000727 1.2024136900023692 1.2024136900023692 1.2024136900023692 0.00093175231053276681 0.00093175231053276681 0.00093175231053276681 1 1 1 Converged Converged Converged OK OK OK 59 59 59 59 59 59 5 5 5 0 0 0 0 1 0 0 1
54 54 linear 3 23 543 3 0.001 0.59220447777290552 0.656439194673343 0.86920987870673161 -1.0269766980002377 0.92750715175058762 -0.85313472225889142 0.5 1.0878226188754987 1.2461535576534419 OK 13 12 0.30831399999999998 0.24018300000000001 0.10959199999999999 0.19247800000000001 0.128607 0 0.11583599999999997 0.11157600000000001 0.10959199999999999 0.0086999999999999994 0.0086309999999999998 0.0080300000000000007 0.090439999999999979 0.086868999999999988 0.086094000000000004 0.0029780000000000002 0.0028710000000000003 0.0027170000000000002 0.00076100000000000007 0.00069799999999999994 0.00064700000000000001 1.2461483715118458 1.2461483715118458 1.2461483715118458 0.00098560638433505573 0.00098560638433505573 0.00098560638433505573 1 1 1 Converged Converged Converged OK OK OK 59 59 59 59 59 59 5 5 5 0 0 0 0 1 0 0 1
54 54 linear 3 0 543 0 0.0001 0.59220447777290552 0.656439194673343 0.86920987870673161 -1.0269766980002377 0.92750715175058762 -1.200818673741584 0.5 1.4355065703581913 1.1426991954120924 OK 13 12 0.33818399999999998 0.33476899999999998 0.14139299999999999 0.190801 0.19053700000000001 0 0.14738299999999999 0.14423199999999997 0.14139299999999999 0.010253 0.010263 0.0096530000000000001 0.109761 0.10609900000000001 0.10532699999999999 0.0040679999999999996 0.0042550000000000001 0.0038520000000000004 0.00092899999999999992 0.00095700000000000006 0.00087700000000000007 1.1426984854994635 1.1426984854994635 1.1426984854994635 8.6101113909389538e-05 8.6101113909389538e-05 8.6101113909389538e-05 1 1 1 Converged Converged Converged OK OK OK 75 75 75 75 75 75 5 5 5 0 0 0 0 0 1 0 0
54 54 linear 3 7 543 1 0.0001 0.59220447777290552 0.656439194673343 0.86920987870673161 -1.0269766980002377 0.92750715175058762 -1.0950018189425037 0.5 1.329689715559111 1.1677343097735298 OK 13 12 0.33840399999999998 0.27737699999999998 0.143903 0.18629299999999999 0.12815599999999999 0 0.152111 0.14922099999999999 0.143903 0.0086730000000000002 0.0087159999999999998 0.0079900000000000006 0.11901200000000003 0.11628800000000002 0.11305499999999995 0.0044579999999999993 0.0047609999999999996 0.0041739999999999998 0.001101 0.001049 0.0009859999999999999 1.1677335467248633 1.1677335467248633 1.1677335467248633 8.8722813603860413e-05 8.8722813603860413e-05 8.8722813603860413e-05 1 1 1 Converged Converged Converged OK OK OK 83 83 83 83 83 83 5 5 5 0 0 0 0 1 0 0 1
54 54 linear 3 15 543 2 0.0001 0.59220447777290552 0.656439194673343 0.86920987870673161 -1.0269766980002377 0.92750715175058762 -0.97406827060069756 0.5 1.2087561672173048 1.2024179849343528 OK 13 12 0.35217300000000001 0.28645199999999998 0.14821000000000001 0.19403999999999999 0.13128400000000001 0 0.15813300000000002 0.15516799999999997 0.14821000000000001 0.008737 0.0086899999999999998 0.0079299999999999995 0.12520699999999996 0.123699 0.11882299999999996 0.005274 0.0045820000000000001 0.0042629999999999994 0.001077 0.001065 0.00092800000000000001 1.2024171937211725 1.2024171937211725 1.2024171937211725 8.4456980510053527e-05 8.4456980510053527e-05 8.4456980510053527e-05 1 1 1 Converged Converged Converged OK OK OK 83 83 83 83 83 83 5 5 5 0 0 0 0 1 0 0 1
54 54 linear 3 23 543 3 0.0001 0.59220447777290552 0.656439194673343 0.86920987870673161 -1.0269766980002377 0.92750715175058762 -0.85313472225889142 0.5 1.0878226188754987 1.2461535576534419 OK 13 12 0.31797700000000001 0.24743200000000001 0.121352 0.192689 0.12701200000000001 0 0.12528800000000001 0.12042 0.121352 0.0087309999999999992 0.0086529999999999992 0.0080190000000000001 0.096770999999999982 0.093283999999999978 0.095407999999999979 0.0036529999999999996 0.0033400000000000001 0.0031640000000000001 0.00084100000000000006 0.00081999999999999998 0.00077099999999999998 1.2461527991123826 1.2461527991123826 1.2461527991123826 0.00011760674374877008 0.00011760674374877008 0.00011760674374877008 1 1 1 Converged Converged Converged OK OK OK 67 67 67 67 67 67 5 5 5 0 0 0 0 1 0 0 1
54 54 linear 4 0 544 0 0.001 0.59220447777290552 0.656439194673343 0.86920987870673161 -1.4150914490314099 -0.85100845720784124 -1.5889334247727562 0.5 1.8236213213893635 1.0853301513485005 OK 15 14 0.34233599999999997 0.33563500000000002 0.13311400000000001 0.20591000000000001 0.20286100000000001 0 0.13642599999999996 0.132774 0.13311400000000001 0.010215 0.0096229999999999996 0.0097610000000000006 0.10858399999999999 0.10612900000000003 0.10589400000000002 0.0023270000000000001 0.002127 0.0023730000000000001 0.00075500000000000003 0.00073800000000000005 0.00086299999999999994 1.085329648605077 1.085329648605077 1.085329648605077 0.00060864537705324756 0.00060864537705324756 0.00060864537705324756 1 1 1 Converged Converged Converged OK OK OK 65 65 65 65 65 65 7 7 7 0 0 0 0 0 1 0 0
54 54 linear 4 7 544 1 0.001 0.59220447777290552 0.656439194673343 0.86920987870673161 -1.4150914490314099 -0.85100845720784124 -1.4831165699736759 0.5 1.7178044665902832 1.1001528340614812 OK 15 14 0.30737799999999998 0.24823200000000001 0.113466 0.189857 0.12709599999999999 0 0.11752099999999999 0.12113600000000002 0.113466 0.0087799999999999996 0.0088950000000000001 0.008234 0.096100999999999978 0.099265999999999993 0.093402000000000013 0.0021319999999999998 0.00247 0.002075 0.00059500000000000004 0.00064999999999999997 0.00060099999999999997 1.1001501540979992 1.1001501540979992 1.1001501540979992 0.0010752371674396448 0.0010752371674396448 0.0010752371674396448 1 1 1 Converged Converged Converged OK OK OK 58 58 58 58 58 58 6 6 6 0 0 0 0 1 0 0 1
54 54 linear 4 15 544 2 0.001 0.59220447777290552 0.656439194673343 0.86920987870673161 -1.4150914490314099 -0.85100845720784124 -1.3621830216318698 0.5 1.596870918248477 1.1206553402434805 OK 15 14 0.295261 0.238064 0.100956 0.19040099999999999 0.12955800000000001 0 0.10486000000000001 0.10850599999999999 0.100956 0.0089339999999999992 0.0090690000000000007 0.0083800000000000003 0.083760000000000001 0.086780999999999969 0.08107700000000001 0.001964 0.002271 0.0019299999999999999 0.00055199999999999997 0.00062399999999999999 0.000513 1.120652354124001 1.120652354124001 1.120652354124001 0.00098439627228377301 0.00098439627228377301 0.00098439627228377301 1 1 1 Converged Converged Converged OK OK OK 58 58 58 58 58 58 6 6 6 0 0 0 0 1 0 0 1
54 54 linear 4 23 544 3 0.001 0.59220447777290552 0.656439194673343 0.86920987870673161 -1.4150914490314099 -0.85100845720784124 -1.2412494732900636 0.5 1.4759373699066709 1.1458239521606617 OK 15 14 0.361234 0.29764299999999999 0.147374 0.20277800000000001 0.14286599999999999 0 0.15845599999999999 0.154777 0.147374 0.0088800000000000007 0.0091299999999999992 0.0082439999999999996 0.13106899999999999 0.126725 0.12164099999999997 0.002905 0.0032030000000000001 0.0028779999999999999 0.00074699999999999994 0.001044 0.00075900000000000002 1.1458204740054783 1.1458204740054783 1.1458204740054783 0.00093976319501843828 0.00093976319501843828 0.00093976319501843828 1 1 1 Converged Converged Converged OK OK OK 73 73 73 73 73 73 7 7 7 0 0 0 0 1 0 0 1
54 54 linear 4 0 544 0 0.0001 0.59220447777290552 0.656439194673343 0.86920987870673161 -1.4150914490314099 -0.85100845720784124 -1.5889334247727562 0.5 1.8236213213893635 1.0853301513485005 OK 15 14 0.356599 0.36230800000000002 0.151423 0.20313400000000001 0.209512 0 0.15346499999999999 0.15279600000000002 0.151423 0.009776 0.0099600000000000001 0.0097640000000000001 0.12093500000000001 0.11902900000000001 0.11879200000000001 0.0027219999999999996 0.0036059999999999998 0.0031459999999999999 0.0010330000000000001 0.001206 0.0011040000000000002 1.085329510395276 1.085329510395276 1.085329510395276 5.0032568685173027e-05 5.0032568685173027e-05 5.0032568685173027e-05 1 1 1 Converged Converged Converged OK OK OK 81 81 81 81 81 81 7 7 7 0 0 0 0 0 1 0 0
54 54 linear 4 7 544 1 0.0001 0.59220447777290552 0.656439194673343 0.86920987870673161 -1.4150914490314099 -0.85100845720784124 -1.4831165699736759 0.5 1.7178044665902832 1.1001528340614812 OK 15 14 0.33282200000000001 0.27309 0.13672000000000001 0.19229099999999999 0.12917400000000001 0 0.14053100000000002 0.14391599999999999 0.13672000000000001 0.0085959999999999995 0.0089119999999999998 0.0082120000000000005 0.11528799999999996 0.11741900000000002 0.112206 0.0028269999999999997 0.003375 0.0029299999999999994 0.00079699999999999997 0.00097900000000000005 0.00087900000000000012 1.1001521661985942 1.1001521661985942 1.1001521661985942 7.8243366296860414e-05 7.8243366296860414e-05 7.8243366296860414e-05 1 1 1 Converged Converged Converged OK OK OK 74 74 74 74 74 74 6 6 6 0 0 0 0 1 0 0 1
54 54 linear 4 15 544 2 0.0001 0.59220447777290552 0.656439194673343 0.86920987870673161 -1.4150914490314099 -0.85100845720784124 -1.3621830216318698 0.5 1.596870918248477 1.1206553402434805 OK 15 14 0.32716299999999998 0.26519700000000002 0.129965 0.18896099999999999 0.130494 0 0.13820199999999999 0.13470300000000002 0.129965 0.0090749999999999997 0.0091920000000000005 0.0083490000000000005 0.11234000000000001 0.108001 0.10570499999999995 0.0029849999999999998 0.0034190000000000002 0.0027799999999999999 0.00079599999999999994 0.00089400000000000005 0.00079000000000000001 1.1206546525038996 1.1206546525038996 1.1206546525038996 4.8741352042198778e-05 4.8741352042198778e-05 4.8741352042198778e-05 1 1 1 Converged Converged Converged OK OK OK 74 74 74 74 74 74 6 6 6 0 0 0 0 1 0 0 1
54 54 linear 4 23 544 3 0.0001 0.59220447777290552 0.656439194673343 0.86920987870673161 -1.4150914490314099 -0.85100845720784124 -1.2412494732900636 0.5 1.4759373699066709 1.1458239521606617 OK 15 14 0.38318999999999998 0.322853 0.173622 0.20305000000000001 0.141708 0 0.18013999999999997 0.181145 0.173622 0.0088999999999999999 0.0090030000000000006 0.0082159999999999993 0.14801699999999995 0.14829899999999999 0.14318900000000004 0.0038319999999999999 0.0043740000000000003 0.0038089999999999999 0.0011670000000000001 0.0012719999999999999 0.0011739999999999999 1.1458232402179711 1.1458232402179711 1.1458232402179711 4.2572726295470806e-05 4.2572726295470806e-05 4.2572726295470806e-05 1 1 1 Converged Converged Converged OK OK OK 89 89 89 89 89 89 7 7 7 0 0 0 0 1 0 0 1
54 54 uniform 0 0 545 0 0.001 0.59220447777290552 0.656439194673343 0.86920987870673161 -0.17347602883171362 0.087018698537622757 -0.34731800457305995 0 0.58200590118966722 2.4363216972319348 OK 15 14 0.38416 0.37590000000000001 0.147426 0.23818400000000001 0.230213 0 0.14597599999999999 0.14568700000000001 0.147426 0.010919 0.011277000000000001 0.010858 0.10333800000000001 0.10257800000000002 0.10485500000000005 0.0038040000000000001 0.0038580000000000003 0.0038670000000000002 0.00096400000000000001 0.0009140000000000001 0.00099599999999999992 2.4363258122398901 2.4363258122398901 2.4363258122398901 0.0014818346781558384 0.0014818346781558384 0.0014818346781558384 1 1 1 Converged Converged Converged OK OK OK 101 101 101 101 101 101 11 11 11 0 0 0 0 0 1 0 0
54 54 uniform 0 7 545 1 0.001 0.59220447777290552 0.656439194673343 0.86920987870673161 -0.17347602883171362 0.087018698537622757 -0.24150114977397957 0 0.4761890463905869 2.4791284843344452 OK 15 14 0.342061 0.28270099999999998 0.14086299999999999 0.20291600000000001 0.142261 0 0.13914499999999999 0.14043999999999998 0.14086299999999999 0.0095200000000000007 0.0099310000000000006 0.0089619999999999995 0.109155 0.10993399999999999 0.11247399999999999 0.0032570000000000003 0.0037489999999999997 0.003287 0.00081300000000000003 0.00078899999999999999 0.00075900000000000002 2.4791369919594834 2.4791369919594834 2.4791369919594834 0.0024501257457735666 0.0024501257457735666 0.0024501257457735666 1 1 1 Converged Converged Converged OK OK OK 93 93 93 93 93 93 11 11 11 0 0 0 0 1 0 0 1
54 54 uniform 0 15 545 2 0.001 0.59220447777290552 0.656439194673343 0.86920987870673161 -0.17347602883171362 0.087018698537622757 -0.12056760143217343 0 0.35525549804878076 2.5082157600742132 OK 15 14 0.33530900000000002 0.27607900000000002 0.13313900000000001 0.200463 0.13827 0 0.13484600000000002 0.13780900000000001 0.13313900000000001 0.0094979999999999995 0.0098639999999999995 0.0090119999999999992 0.10562299999999997 0.10703399999999999 0.10461000000000002 0.003271 0.0038109999999999997 0.003457 0.00089000000000000006 0.00092800000000000001 0.00087500000000000013 2.5082131867422932 2.5082131867422932 2.5082131867422932 0.0022214711383111894 0.0022214711383111894 0.0022214711383111894 1 1 1 Converged Converged Converged OK OK OK 94 94 94 94 94 94 10 10 10 0 0 0 0 1 0 0 1
54 54 uniform 0 23 545 3 0.001 0.59220447777290552 0.656439194673343 0.86920987870673161 -0.17347602883171362 0.087018698537622757 0.00036594690963270837 0 0.23432194970697459 2.5180530802174625 OK 14 13 0.35203299999999998 0.28972199999999998 0.142871 0.20807200000000001 0.14313000000000001 0 0.14396099999999998 0.14659199999999997 0.142871 0.010399 0.01073 0.0099050000000000006 0.11303799999999996 0.11435900000000002 0.11262999999999998 0.0032789999999999998 0.0037709999999999996 0.0033980000000000004 0.00081899999999999996 0.0010140000000000001 0.00090799999999999995 2.5180470911258723 2.5180470911258723 2.5180470911258723 0.0017853870215725194 0.0017853870215725194 0.0017853870215725194 1 1 1 Converged Converged Converged OK OK OK 101 101 101 101 101 101 11 11 11 0 0 0 0 1 0 0 1
54 54 uniform 0 0 545 0 0.0001 0.59220447777290552 0.656439194673343 0.86920987870673161 -0.17347602883171362 0.087018698537622757 -0.34731800457305995 0 0.58200590118966722 2.4363216972319348 OK 15 14 0.41237299999999999 0.42017500000000002 0.177894 0.233543 0.235544 0 0.17882999999999999 0.18463100000000002 0.177894 0.010799 0.013584000000000001 0.010743000000000001 0.12269800000000003 0.124719 0.12229500000000003 0.0050620000000000005 0.0057010000000000012 0.0052320000000000005 0.0015920000000000003 0.001663 0.0016900000000000001 2.4363219823413371 2.4363219823413371 2.4363219823413371 7.2096425512516629e-05 7.2096425512516629e-05 7.2096425512516629e-05 1 1 1 Converged Converged Converged OK OK OK 133 133 133 133 133 133 11 11 11 0 0 0 0 0 1 0 0
54 54 uniform 0 7 545 1 0.0001 0.59220447777290552 0.656439194673343 0.86920987870673161 -0.17347602883171362 0.087018698537622757 -0.24150114977397957 0 0.4761890463905869 2.4791284843344452 OK 15 14 0.367481 0.313334 0.163525 0.20130899999999999 0.14580000000000001 0 0.16617200000000001 0.16753399999999999 0.163525 0.0095759999999999994 0.0097140000000000004 0.0091310000000000002 0.13009899999999996 0.13092299999999996 0.12917600000000001 0.0045369999999999994 0.0049169999999999995 0.0043290000000000004 0.001323 0.0012540000000000001 0.001268 2.4791287521882177 2.4791287521882177 2.4791287521882177 0.00019510076630521812 0.00019510076630521812 0.00019510076630521812 1 1 1 Converged Converged Converged OK OK OK 117 117 117 117 117 117 11 11 11 0 0 0 0 1 0 0 1
54 54 uniform 0 15 545 2 0.0001 0.59220447777290552 0.656439194673343 0.86920987870673161 -0.17347602883171362 0.087018698537622757 -0.12056760143217343 0 0.35525549804878076 2.5082157600742132 OK 15 14 0.34958600000000001 0.29105500000000001 0.14838699999999999 0.19930600000000001 0.13791500000000001 0 0.15028 0.15314 0.14838699999999999 0.0097160000000000007 0.0099500000000000005 0.0090910000000000001 0.115837 0.117408 0.11535000000000001 0.0042099999999999993 0.0053029999999999996 0.004246999999999999 0.001263 0.001366 0.0012730000000000003 2.5082160266918452 2.5082160266918452 2.5082160266918452 0.00017831887855649213 0.00017831887855649213 0.00017831887855649213 1 1 1 Converged Converged Converged OK OK OK 110 110 110 110 110 110 10 10 10 0 0 0 0 1 0 0 1
54 54 uniform 0 23 545 3 0.0001 0.59220447777290552 0.656439194673343 0.86920987870673161 -0.17347602883171362 0.087018698537622757 0.00036594690963270837 0 0.23432194970697459 2.5180530802174625 OK 14 13 0.38486900000000002 0.32333800000000001 0.17460000000000001 0.206729 0.14170199999999999 0 0.17814000000000002 0.18163600000000002 0.17460000000000001 0.01078 0.010788000000000001 0.0097649999999999994 0.13768200000000011 0.141264 0.13636099999999993 0.0058110000000000002 0.0057439999999999991 0.0055020000000000008 0.0014989999999999999 0.0014730000000000001 0.0014839999999999996 2.5180531831252093 2.5180531831252093 2.5180531831252093 6.5423234034353122e-05 6.5423234034353122e-05 6.5423234034353122e-05 1 1 1 Converged Converged Converged OK OK OK 133 133 133 133 133 133 11 11 11 0 0 0 0 1 0 0 1
54 54 uniform 1 0 546 0 0.001 0.59220447777290552 0.656439194673343 0.86920987870673161 -0.20580565572411655 1.2554107437442827 -0.37964763146546288 0 0.61433552808207015 1.3107394523909306 OK 12 11 0.28232400000000002 0.28506500000000001 0.099020999999999998 0.18232699999999999 0.17981 0 0.09999700000000003 0.10525500000000002 0.099020999999999998 0.0076709999999999999 0.0074669999999999997 0.0071190000000000003 0.068327000000000013 0.072751000000000024 0.067907000000000009 0.0025730000000000002 0.0032839999999999996 0.0026080000000000001 0.00072800000000000002 0.00075199999999999985 0.00074599999999999992 1.3107517503467188 1.3107517503467188 1.3107517503467188 0.00085547135784577581 0.00085547135784577581 0.00085547135784577581 1 1 1 Converged Converged Converged OK OK OK 86 86 86 86 86 86 10 10 10 0 0 0 0 0 1 0 0
54 54 uniform 1 7 546 1 0.001 0.59220447777290552 0.656439194673343 0.86920987870673161 -0.20580565572411655 1.2554107437442827 -0.2738307766663825 0 0.50851867328298983 1.3327848850703488 OK 12 11 0.26742500000000002 0.207117 0.085365999999999997 0.18082899999999999 0.11815299999999999 0 0.086596000000000034 0.088964000000000001 0.085365999999999997 0.0062360000000000002 0.0066290000000000003 0.0059059999999999998 0.063821000000000003 0.065173999999999982 0.063527 0.0025300000000000001 0.0029659999999999995 0.0025560000000000001 0.00067400000000000001 0.000803 0.00071599999999999995 1.3327852912954925 1.3327852912954925 1.3327852912954925 0.0010117093954107824 0.0010117093954107824 0.0010117093954107824 1 1 1 Converged Converged Converged OK OK OK 86 86 86 86 86 86 10 10 10 0 0 0 0 1 0 0 1
54 54 uniform 1 15 546 2 0.001 0.59220447777290552 0.656439194673343 0.86920987870673161 -0.20580565572411655 1.2554107437442827 -0.15289722832457636 0 0.38758512494118369 1.3500984584177111 OK 12 11 0.28433700000000001 0.21261099999999999 0.078645000000000007 0.204571 0.128361 0 0.079766000000000004 0.084249999999999992 0.078645000000000007 0.006378 0.0063579999999999999 0.0059129999999999999 0.05937000000000002 0.063920000000000005 0.059177000000000014 0.0022150000000000004 0.0022259999999999997 0.0021810000000000002 0.000687 0.00069099999999999999 0.00073399999999999995 1.3500983163548814 1.3500983163548814 1.3500983163548814 0.00045741614703705461 0.00045741614703705461 0.00045741614703705461 1 1 1 Converged Converged Converged OK OK OK 79 79 79 79 79 79 9 9 9 0 0 0 0 1 0 0 1
54 54 uniform 1 23 546 3 0.001 0.59220447777290552 0.656439194673343 0.86920987870673161 -0.20580565572411655 1.2554107437442827 -0.031963679982770221 0 0.26665157659937755 1.358541788033641 OK 12 11 0.25909799999999999 0.203321 0.079328999999999997 0.178869 0.11820700000000001 0 0.080228999999999995 0.085113999999999995 0.079328999999999997 0.006117 0.0060759999999999998 0.0056470000000000001 0.060267999999999988 0.064968999999999985 0.060167000000000012 0.00215 0.0023500000000000001 0.0021329999999999999 0.00062199999999999994 0.00075100000000000004 0.00063699999999999998 1.3585416307333293 1.3585416307333293 1.3585416307333293 0.00053941286320795105 0.00053941286320795105 0.00053941286320795105 1 1 1 Converged Converged Converged OK OK OK 79 79 79 79 79 79 9 9 9 0 0 0 0 1 0 0 1
54 54 uniform 1 0 546 0 0.0001 0.59220447777290552 0.656439194673343 0.86920987870673161 -0.20580565572411655 1.2554107437442827 -0.37964763146546288 0 0.61433552808207015 1.3107394523909306 OK 12 11 0.304145 0.30018800000000001 0.121145 0.18452399999999999 0.18034700000000001 0 0.11962100000000001 0.119841 0.121145 0.0074200000000000004 0.0073740000000000003 0.0074130000000000003 0.08111399999999995 0.081658999999999968 0.081947000000000048 0.0034819999999999994 0.0034510000000000001 0.0040010000000000002 0.001041 0.0010240000000000002 0.0011400000000000002 1.310739386957138 1.310739386957138 1.310739386957138 9.9393627263512428e-05 9.9393627263512428e-05 9.9393627263512428e-05 1 1 1 Converged Converged Converged OK OK OK 102 102 102 102 102 102 10 10 10 0 0 0 0 0 1 0 0
54 54 uniform 1 7 546 1 0.0001 0.59220447777290552 0.656439194673343 0.86920987870673161 -0.20580565572411655 1.2554107437442827 -0.2738307766663825 0 0.50851867328298983 1.3327848850703488 OK 12 11 0.28542800000000002 0.225162 0.10305 0.18132300000000001 0.115109 0 0.104105 0.110053 0.10305 0.0063920000000000001 0.0062880000000000002 0.0058760000000000001 0.076518999999999976 0.082855999999999971 0.076670000000000016 0.0033510000000000002 0.003382 0.0033280000000000002 0.001042 0.00099099999999999991 0.001091 1.3327847260337775 1.3327847260337775 1.3327847260337775 0.00011869186281796077 0.00011869186281796077 0.00011869186281796077 1 1 1 Converged Converged Converged OK OK OK 102 102 102 102 102 102 10 10 10 0 0 0 0 1 0 0 1
54 54 uniform 1 15 546 2 0.0001 0.59220447777290552 0.656439194673343 0.86920987870673161 -0.20580565572411655 1.2554107437442827 -0.15289722832457636 0 0.38758512494118369 1.3500984584177111 OK 12 11 0.30190600000000001 0.23605999999999999 0.10085 0.198597 0.125581 0 0.10330900000000001 0.11047899999999999 0.10085 0.0064479999999999997 0.00645 0.0059439999999999996 0.075576999999999991 0.083260000000000015 0.074478000000000003 0.0037759999999999998 0.0036089999999999998 0.0036149999999999997 0.0010759999999999999 0.00096999999999999994 0.00099799999999999997 1.3500981775372303 1.3500981775372303 1.3500981775372303 0.00010722520995049846 0.00010722520995049846 0.00010722520995049846 1 1 1 Converged Converged Converged OK OK OK 103 103 103 103 103 103 9 9 9 0 0 0 0 1 0 0 1
54 54 uniform 1 23 546 3 0.0001 0.59220447777290552 0.656439194673343 0.86920987870673161 -0.20580565572411655 1.2554107437442827 -0.031963679982770221 0 0.26665157659937755 1.358541788033641 OK 12 11 0.274177 0.216775 0.092744999999999994 0.17899899999999999 0.117911 0 0.095178000000000013 0.098863999999999994 0.092744999999999994 0.0062090000000000001 0.0060429999999999998 0.0056299999999999996 0.070880999999999986 0.075296000000000016 0.070199000000000025 0.0031130000000000003 0.0029970000000000001 0.0027929999999999995 0.0010970000000000001 0.00096400000000000001 0.00092000000000000003 1.3585417275557117 1.3585417275557117 1.3585417275557117 0.00013240104335899679 0.00013240104335899679 0.00013240104335899679 1 1 1 Converged Converged Converged OK OK OK 95 95 95 95 95 95 9 9 9 0 0 0 0 1 0 0 1
54 54 uniform 2 0 547 0 0.001 0.59220447777290552 0.656439194673343 0.86920987870673161 -0.72958334098297706 -1.2254280736838354 -0.90342531672432336 0 1.1381132133409306 1.151272404390445 OK 13 12 0.26496199999999998 0.269509 0.074686000000000002 0.18836 0.192857 0 0.076601999999999976 0.076651999999999998 0.074686000000000002 0.0093769999999999999 0.0098689999999999993 0.0093550000000000005 0.048063999999999996 0.048081000000000013 0.047635999999999991 0.003421 0.0034289999999999998 0.0031910000000000003 0.000736 0.00084899999999999993 0.00076300000000000001 1.1512711526810788 1.1512711526810788 1.1512711526810788 0.00094945298097734324 0.00094945298097734324 0.00094945298097734324 1 1 1 Converged Converged Converged OK OK OK 60 60 60 60 60 60 4 4 4 0 0 0 0 0 1 0 0
54 54 uniform 2 7 547 1 0.001 0.59220447777290552 0.656439194673343 0.86920987870673161 -0.72958334098297706 -1.2254280736838354 -0.79760846192524304 0 1.0322963585418503 1.17524652054913 OK 13 12 0.25905299999999998 0.20304700000000001 0.067154000000000005 0.19039800000000001 0.12873200000000001 0 0.068654999999999966 0.074314999999999992 0.067154000000000005 0.0090480000000000005 0.0090760000000000007 0.0085450000000000005 0.045385999999999989 0.051439000000000012 0.045078999999999994 0.0024159999999999997 0.0024349999999999997 0.002385 0.00073300000000000004 0.00079600000000000005 0.00073999999999999999 1.1752484334326849 1.1752484334326849 1.1752484334326849 0.00057041686325259248 0.00057041686325259248 0.00057041686325259248 1 1 1 Converged Converged Converged OK OK OK 59 59 59 59 59 59 5 5 5 0 0 0 0 1 0 0 1
54 54 uniform 2 15 547 2 0.001 0.59220447777290552 0.656439194673343 0.86920987870673161 -0.72958334098297706 -1.2254280736838354 -0.6766749135834369 0 0.91136281020004417 1.2155578867560144 OK 13 12 0.28913499999999998 0.23120399999999999 0.094478000000000006 0.19106799999999999 0.12953999999999999 0 0.098066999999999988 0.101664 0.094478000000000006 0.0097940000000000006 0.0099539999999999993 0.0092379999999999997 0.068531999999999982 0.072659000000000001 0.066720000000000002 0.002882 0.002653 0.002539 0.00080599999999999997 0.00077900000000000007 0.00071199999999999996 1.215558405789892 1.215558405789892 1.215558405789892 0.0010900176820261586 0.0010900176820261586 0.0010900176820261586 1 1 1 Converged Converged Converged OK OK OK 79 79 79 79 79 79 9 9 9 0 0 0 0 1 0 0 1
54 54 uniform 2 23 547 3 0.001 0.59220447777290552 0.656439194673343 0.86920987870673161 -0.72958334098297706 -1.2254280736838354 -0.55574136524163076 0 0.79042926185823803 1.2728255187405679 OK 12 11 0.28386400000000001 0.225268 0.097928000000000001 0.181202 0.119074 0 0.102662 0.106194 0.097928000000000001 0.00711 0.0070340000000000003 0.006195 0.072453000000000017 0.076989999999999975 0.070713999999999999 0.0034730000000000004 0.003418 0.0030500000000000002 0.0010250000000000001 0.001 0.00080999999999999996 1.2728242087005104 1.2728242087005104 1.2728242087005104 0.00085064948090963935 0.00085064948090963935 0.00085064948090963935 1 1 1 Converged Converged Converged OK OK OK 94 94 94 94 94 94 10 10 10 0 0 0 0 1 0 0 1
54 54 uniform 2 0 547 0 0.0001 0.59220447777290552 0.656439194673343 0.86920987870673161 -0.72958334098297706 -1.2254280736838354 -0.90342531672432336 0 1.1381132133409306 1.151272404390445 OK 13 12 0.27432899999999999 0.27706199999999997 0.082184999999999994 0.188829 0.19061700000000001 0 0.085499999999999993 0.086444999999999966 0.082184999999999994 0.011690000000000001 0.0096889999999999997 0.0091140000000000006 0.05293800000000002 0.055440999999999983 0.052102999999999997 0.003104 0.0032499999999999999 0.00315 0.00087200000000000005 0.00097299999999999991 0.00090499999999999999 1.1512723757973546 1.1512723757973546 1.1512723757973546 4.8845425003591264e-05 4.8845425003591264e-05 4.8845425003591264e-05 1 1 1 Converged Converged Converged OK OK OK 68 68 68 68 68 68 4 4 4 0 0 0 0 0 1 0 0
54 54 uniform 2 7 547 1 0.0001 0.59220447777290552 0.656439194673343 0.86920987870673161 -0.72958334098297706 -1.2254280736838354 -0.79760846192524304 0 1.0322963585418503 1.17524652054913 OK 13 12 0.28432200000000002 0.235184 0.095725000000000005 0.18768899999999999 0.12806999999999999 0 0.096633000000000024 0.10711400000000001 0.095725000000000005 0.0088559999999999993 0.009077 0.0083370000000000007 0.065652000000000016 0.075749999999999998 0.065449999999999994 0.0037469999999999999 0.0039570000000000004 0.0038549999999999999 0.001016 0.001083 0.0010870000000000001 1.1752464475323465 1.1752464475323465 1.1752464475323465 3.4542834333776887e-05 3.4542834333776887e-05 3.4542834333776887e-05 1 1 1 Converged Converged Converged OK OK OK 91 91 91 91 91 91 5 5 5 0 0 0 0 1 0 0 1
54 54 uniform 2 15 547 2 0.0001 0.59220447777290552 0.656439194673343 0.86920987870673161 -0.72958334098297706 -1.2254280736838354 -0.6766749135834369 0 0.91136281020004417 1.2155578867560144 OK 13 12 0.32106899999999999 0.26278000000000001 0.123069 0.19434199999999999 0.13134599999999999 0 0.12672700000000001 0.13143400000000002 0.123069 0.0099190000000000007 0.0095729999999999999 0.0090139999999999994 0.090166999999999969 0.096019000000000035 0.088932000000000025 0.0044200000000000003 0.0044019999999999997 0.0041009999999999996 0.0014059999999999999 0.0012070000000000002 0.0011710000000000002 1.2155577123417376 1.2155577123417376 1.2155577123417376 7.0780626179075764e-05 7.0780626179075764e-05 7.0780626179075764e-05 1 1 1 Converged Converged Converged OK OK OK 111 111 111 111 111 111 9 9 9 0 0 0 0 1 0 0 1
54 54 uniform 2 23 547 3 0.0001 0.59220447777290552 0.656439194673343 0.86920987870673161 -0.72958334098297706 -1.2254280736838354 -0.55574136524163076 0 0.79042926185823803 1.2728255187405679 OK 12 11 0.29442000000000002 0.23699500000000001 0.108893 0.18195700000000001 0.12123399999999999 0 0.11246300000000001 0.11576100000000002 0.108893 0.0069430000000000004 0.0071050000000000002 0.0063020000000000003 0.081533000000000036 0.085683000000000023 0.080569000000000002 0.004607 0.0041449999999999994 0.0039160000000000002 0.0012260000000000001 0.0012309999999999999 0.0011459999999999999 1.2728256281063721 1.2728256281063721 1.2728256281063721 9.1679404201846501e-05 9.1679404201846501e-05 9.1679404201846501e-05 1 1 1 Converged Converged Converged OK OK OK 110 110 110 110 110 110 10 10 10 0 0 0 0 1 0 0 1
54 54 uniform 3 0 548 0 0.001 0.59220447777290552 0.656439194673343 0.86920987870673161 -1.0269766980002377 0.92750715175058762 -1.200818673741584 0 1.4355065703581913 1.1456208241166523 OK 13 12 0.28254600000000002 0.27880700000000003 0.088222999999999996 0.19345499999999999 0.190166 0 0.089091000000000031 0.088641000000000025 0.088222999999999996 0.0098370000000000003 0.010026 0.0097680000000000006 0.061783000000000005 0.061768000000000003 0.061527000000000005 0.0023730000000000001 0.002307 0.0023809999999999999 0.00057300000000000005 0.00060500000000000007 0.00061499999999999999 1.1456198945499674 1.1456198945499674 1.1456198945499674 0.0006978947958465819 0.0006978947958465819 0.0006978947958465819 1 1 1 Converged Converged Converged OK OK OK 51 51 51 51 51 51 5 5 5 0 0 0 0 0 1 0 0
54 54 uniform 3 7 548 1 0.001 0.59220447777290552 0.656439194673343 0.86920987870673161 -1.0269766980002377 0.92750715175058762 -1.0950018189425037 0 1.329689715559111 1.1714387191443372 OK 13 12 0.30926700000000001 0.247006 0.112926 0.18789600000000001 0.13009999999999999 0 0.12137100000000001 0.11690600000000001 0.112926 0.0084639999999999993 0.0086969999999999999 0.0079469999999999992 0.090700000000000003 0.086993999999999988 0.08420699999999999 0.0038419999999999999 0.0036740000000000002 0.0037100000000000006 0.00087300000000000008 0.00081499999999999997 0.00087700000000000007 1.1714379715438747 1.1714379715438747 1.1714379715438747 0.0006385039973841925 0.0006385039973841925 0.0006385039973841925 1 1 1 Converged Converged Converged OK OK OK 75 75 75 75 75 75 5 5 5 0 0 0 0 1 0 0 1
54 54 uniform 3 15 548 2 0.001 0.59220447777290552 0.656439194673343 0.86920987870673161 -1.0269766980002377 0.92750715175058762 -0.97406827060069756 0 1.2087561672173048 1.2074001491009938 OK 13 12 0.29542600000000002 0.234429 0.099628999999999995 0.193464 0.13265299999999999 0 0.10196200000000002 0.10177600000000001 0.099628999999999995 0.0084239999999999992 0.0086750000000000004 0.0080070000000000002 0.077315999999999996 0.077559999999999976 0.076388999999999971 0.002679 0.0024779999999999997 0.0025140000000000002 0.00073000000000000007 0.00065799999999999995 0.00066300000000000018 1.207399687696928 1.207399687696928 1.207399687696928 0.0010006183492425843 0.0010006183492425843 0.0010006183492425843 1 1 1 Converged Converged Converged OK OK OK 59 59 59 59 59 59 5 5 5 0 0 0 0 1 0 0 1
54 54 uniform 3 23 548 3 0.001 0.59220447777290552 0.656439194673343 0.86920987870673161 -1.0269766980002377 0.92750715175058762 -0.85313472225889142 0 1.0878226188754987 1.2532471554371638 OK 13 12 0.28366400000000003 0.225855 0.092447000000000001 0.189636 0.12645899999999999 0 0.094028000000000028 0.099396000000000012 0.092447000000000001 0.0085030000000000001 0.013277000000000001 0.0079150000000000002 0.069832999999999978 0.070425999999999989 0.069241000000000025 0.0026159999999999998 0.0026979999999999999 0.002598 0.00064300000000000002 0.00062700000000000017 0.00060400000000000004 1.2532464887205712 1.2532464887205712 1.2532464887205712 0.00095273876854626185 0.00095273876854626185 0.00095273876854626185 1 1 1 Converged Converged Converged OK OK OK 59 59 59 59 59 59 5 5 5 0 0 0 0 1 0 0 1
54 54 uniform 3 0 548 0 0.0001 0.59220447777290552 0.656439194673343 0.86920987870673161 -1.0269766980002377 0.92750715175058762 -1.200818673741584 0 1.4355065703581913 1.1456208241166523 OK 13 12 0.31461699999999998 0.31270199999999998 0.122754 0.19119900000000001 0.18998599999999999 0 0.12341799999999997 0.12271599999999999 0.122754 0.010142999999999999 0.010095 0.0099270000000000001 0.086062000000000013 0.086276999999999993 0.085811999999999986 0.003934 0.0038 0.0040000000000000001 0.00084499999999999994 0.00092800000000000001 0.00093300000000000002 1.1456207845546329 1.1456207845546329 1.1456207845546329 3.1856026527918508e-05 3.1856026527918508e-05 3.1856026527918508e-05 1 1 1 Converged Converged Converged OK OK OK 75 75 75 75 75 75 5 5 5 0 0 0 0 0 1 0 0
54 54 uniform 3 7 548 1 0.0001 0.59220447777290552 0.656439194673343 0.86920987870673161 -1.0269766980002377 0.92750715175058762 -1.0950018189425037 0 1.329689715559111 1.1714387191443372 OK 13 12 0.31353300000000001 0.257683 0.120055 0.18591099999999999 0.13148299999999999 0 0.12762200000000001 0.12620000000000001 0.120055 0.0087930000000000005 0.0088789999999999997 0.0079179999999999997 0.095335000000000003 0.092538000000000037 0.089137999999999981 0.0040730000000000002 0.0045909999999999996 0.0041130000000000003 0.0010219999999999999 0.0011039999999999999 0.0010279999999999998 1.1714386629275524 1.1714386629275524 1.1714386629275524 3.3787953298706583e-05 3.3787953298706583e-05 3.3787953298706583e-05 1 1 1 Converged Converged Converged OK OK OK 83 83 83 83 83 83 5 5 5 0 0 0 0 1 0 0 1
54 54 uniform 3 15 548 2 0.0001 0.59220447777290552 0.656439194673343 0.86920987870673161 -1.0269766980002377 0.92750715175058762 -0.97406827060069756 0 1.2087561672173048 1.2074001491009938 OK 13 12 0.321714 0.26278000000000001 0.12567400000000001 0.19403599999999999 0.133518 0 0.12767800000000001 0.12926200000000002 0.12567400000000001 0.0087749999999999998 0.0086680000000000004 0.0078829999999999994 0.097136999999999959 0.097983000000000001 0.096588999999999953 0.0038240000000000001 0.0042969999999999996 0.0039179999999999996 0.00097499999999999996 0.001042 0.00098900000000000008 1.207400089103603 1.207400089103603 1.207400089103603 3.1214211094776434e-05 3.1214211094776434e-05 3.1214211094776434e-05 1 1 1 Converged Converged Converged OK OK OK 83 83 83 83 83 83 5 5 5 0 0 0 0 1 0 0 1
54 54 uniform 3 23 548 3 0.0001 0.59220447777290552 0.656439194673343 0.86920987870673161 -1.0269766980002377 0.92750715175058762 -0.85313472225889142 0 1.0878226188754987 1.2532471554371638 OK 13 12 0.29406399999999999 0.23213400000000001 0.103508 0.18923000000000001 0.12789900000000001 0 0.10483399999999998 0.10423499999999999 0.103508 0.0086689999999999996 0.0087569999999999992 0.0081550000000000008 0.076265999999999987 0.076552000000000023 0.076912000000000008 0.0038560000000000001 0.0032589999999999997 0.0030930000000000003 0.00087599999999999993 0.00086000000000000009 0.00081799999999999993 1.2532472529675418 1.2532472529675418 1.2532472529675418 9.3512393595004728e-05 9.3512393595004728e-05 9.3512393595004728e-05 1 1 1 Converged Converged Converged OK OK OK 67 67 67 67 67 67 5 5 5 0 0 0 0 1 0 0 1
54 54 uniform 4 0 549 0 0.001 0.59220447777290552 0.656439194673343 0.86920987870673161 -1.4150914490314099 -0.85100845720784124 -1.5889334247727562 0 1.8236213213893635 1.0867662167377188 OK 15 14 0.31072100000000002 0.30901299999999998 0.10191500000000001 0.206423 0.204481 0 0.10429800000000003 0.10453199999999999 0.10191500000000001 0.01044 0.010330000000000001 0.0096360000000000005 0.078713999999999992 0.079234999999999986 0.078232999999999997 0.0017859999999999998 0.0019959999999999995 0.0016790000000000002 0.00060099999999999997 0.00058200000000000005 0.00048700000000000002 1.0867663795891014 1.0867663795891014 1.0867663795891014 0.00059144117808428262 0.00059144117808428262 0.00059144117808428262 1 1 1 Converged Converged Converged OK OK OK 57 57 57 57 57 57 7 7 7 0 0 0 0 0 1 0 0
54 54 uniform 4 7 549 1 0.001 0.59220447777290552 0.656439194673343 0.86920987870673161 -1.4150914490314099 -0.85100845720784124 -1.4831165699736759 0 1.7178044665902832 1.1019337103339588 OK 15 14 0.29761100000000001 0.23890500000000001 0.101395 0.19494900000000001 0.13101499999999999 0 0.102662 0.10789000000000001 0.101395 0.008633 0.0085970000000000005 0.0082430000000000003 0.080826999999999982 0.085757 0.080528999999999989 0.0019629999999999995 0.0021490000000000003 0.0020600000000000002 0.00055800000000000001 0.00057299999999999994 0.000522 1.1019332255323044 1.1019332255323044 1.1019332255323044 0.0006603384001124048 0.0006603384001124048 0.0006603384001124048 1 1 1 Converged Converged Converged OK OK OK 58 58 58 58 58 58 6 6 6 0 0 0 0 1 0 0 1
54 54 uniform 4 15 549 2 0.001 0.59220447777290552 0.656439194673343 0.86920987870673161 -1.4150914490314099 -0.85100845720784124 -1.3621830216318698 0 1.596870918248477 1.1229500052065535 OK 15 14 0.28436 0.223242 0.087946999999999997 0.19472200000000001 0.130713 0 0.089637999999999995 0.092529 0.087946999999999997 0.0089759999999999996 0.0091339999999999998 0.0083490000000000005 0.068412000000000014 0.070553000000000005 0.068002999999999994 0.0019449999999999997 0.0024139999999999999 0.001872 0.00054500000000000002 0.00057800000000000006 0.000486 1.1229494413156349 1.1229494413156349 1.1229494413156349 0.0006592104535987146 0.0006592104535987146 0.0006592104535987146 1 1 1 Converged Converged Converged OK OK OK 58 58 58 58 58 58 6 6 6 0 0 0 0 1 0 0 1
54 54 uniform 4 23 549 3 0.001 0.59220447777290552 0.656439194673343 0.86920987870673161 -1.4150914490314099 -0.85100845720784124 -1.2412494732900636 0 1.4759373699066709 1.148812286816413 OK 15 14 0.34004000000000001 0.27760499999999999 0.12745100000000001 0.20763400000000001 0.14266599999999999 0 0.132406 0.134939 0.12745100000000001 0.0089960000000000005 0.0090670000000000004 0.0082889999999999995 0.10294099999999996 0.10582900000000001 0.10069200000000005 0.0034199999999999999 0.0033900000000000002 0.0028029999999999999 0.00081400000000000005 0.00082700000000000004 0.00074600000000000003 1.1488114199825257 1.1488114199825257 1.1488114199825257 0.00094130089178292588 0.00094130089178292588 0.00094130089178292588 1 1 1 Converged Converged Converged OK OK OK 73 73 73 73 73 73 7 7 7 0 0 0 0 1 0 0 1
54 54 uniform 4 0 549 0 0.0001 0.59220447777290552 0.656439194673343 0.86920987870673161 -1.4150914490314099 -0.85100845720784124 -1.5889334247727562 0 1.8236213213893635 1.0867662167377188 OK 15 14 0.32959500000000003 0.334841 0.124879 0.203405 0.20847599999999999 0 0.12619000000000002 0.12636500000000001 0.124879 0.01013 0.010222 0.0097979999999999994 0.09571300000000002 0.096271999999999983 0.09562099999999997 0.002333 0.0023739999999999998 0.0023059999999999995 0.00092800000000000001 0.00088699999999999998 0.00086200000000000003 1.0867662460504071 1.0867662460504071 1.0867662460504071 9.9455037655967675e-05 9.9455037655967675e-05 9.9455037655967675e-05 1 1 1 Converged Converged Converged OK OK OK 73 73 73 73 73 73 7 7 7 0 0 0 0 0 1 0 0
54 54 uniform 4 7 549 1 0.0001 0.59220447777290552 0.656439194673343 0.86920987870673161 -1.4150914490314099 -0.85100845720784124 -1.4831165699736759 0 1.7178044665902832 1.1019337103339588 OK 15 14 0.319739 0.25651600000000002 0.120778 0.194518 0.12889900000000001 0 0.125221 0.12761700000000001 0.120778 0.0089320000000000007 0.0086859999999999993 0.0081250000000000003 0.096804999999999988 0.100825 0.095691999999999985 0.0035139999999999998 0.0029250000000000001 0.0027279999999999995 0.00099500000000000001 0.00095199999999999994 0.00082999999999999979 1.101933723338502 1.101933723338502 1.101933723338502 5.501610764848573e-05 5.501610764848573e-05 5.501610764848573e-05 1 1 1 Converged Converged Converged OK OK OK 74 74 74 74 74 74 6 6 6 0 0 0 0 1 0 0 1
54 54 uniform 4 15 549 2 0.0001 0.59220447777290552 0.656439194673343 0.86920987870673161 -1.4150914490314099 -0.85100845720784124 -1.3621830216318698 0 1.596870918248477 1.1229500052065535 OK 15 14 0.30826900000000002 0.24720500000000001 0.113124 0.19203000000000001 0.13064600000000001 0 0.11623900000000001 0.116559 0.113124 0.0091090000000000008 0.0089820000000000004 0.0083789999999999993 0.089865000000000014 0.090780000000000027 0.088978000000000002 0.0029709999999999997 0.0028879999999999999 0.002679 0.000843 0.00093099999999999997 0.00078600000000000002 1.1229500018383369 1.1229500018383369 1.1229500018383369 4.5905983603725116e-05 4.5905983603725116e-05 4.5905983603725116e-05 1 1 1 Converged Converged Converged OK OK OK 74 74 74 74 74 74 6 6 6 0 0 0 0 1 0 0 1
54 54 uniform 4 23 549 3 0.0001 0.59220447777290552 0.656439194673343 0.86920987870673161 -1.4150914490314099 -0.85100845720784124 -1.2412494732900636 0 1.4759373699066709 1.148812286816413 OK 15 14 0.35709099999999999 0.30035200000000001 0.14988099999999999 0.203649 0.140623 0 0.153442 0.15972900000000001 0.14988099999999999 0.0091210000000000006 0.0091509999999999994 0.0082410000000000001 0.11988099999999997 0.12645199999999998 0.11870000000000004 0.0038660000000000005 0.0038430000000000001 0.0035829999999999998 0.0011609999999999999 0.0010639999999999998 0.00108 1.1488122785055057 1.1488122785055057 1.1488122785055057 5.8787381408023706e-05 5.8787381408023706e-05 5.8787381408023706e-05 1 1 1 Converged Converged Converged OK OK OK 89 89 89 89 89 89 7 7 7 0 0 0 0 1 0 0 1
55 55 linear 0 0 550 0 0.001 0.38743680855086243 0.0041232246473781355 0.00025200188553481807 0.00075407441432199271 -3.4230348741343179e-05 0.00070367403721502907 0.5 0.00088725520245018876 3216.220211263515 OK 13 14 0.89597800000000005 0.87536599999999998 0.41082400000000002 0.473692 0.46649000000000002 0 0.42228600000000005 0.40887599999999996 0.41082400000000002 0.014378 0.013573 0.012751 0.35799200000000003 0.34529500000000002 0.34857199999999988 0.0074130000000000003 0.0077519999999999993 0.0076889999999999997 0.0012619999999999999 0.0013289999999999999 0.0013309999999999999 3216.2311169186414 3216.2311169186414 3216.2311169186414 1.5503541170769455 1.5503541170769455 1.5503541170769455 1 1 1 Converged Converged Converged OK OK OK 137 137 137 137 137 137 7 7 7 0 0 0 0 0 1 0 0
55 55 linear 0 7 550 1 0.001 0.38743680855086243 0.0041232246473781355 0.00025200188553481807 0.00075407441432199271 -3.4230348741343179e-05 0.00073435252762796342 0.5 0.00085657671203725441 3073.6222984340639 OK 13 14 1.0630230000000001 1.061839 0.39345599999999997 0.65468300000000001 0.50123799999999996 0 0.40834000000000004 0.56060100000000002 0.39345599999999997 0.012874 0.012762000000000001 0.011915 0.35509499999999988 0.50853800000000005 0.34272400000000014 0.00826 0.0073200000000000001 0.007535 0.001258 0.0011789999999999999 0.001204 3073.6722869363566 3073.6722869363566 3073.6722869363566 1.640272886072591 1.640272886072591 1.640272886072591 1 1 1 Converged Converged Converged OK OK OK 137 137 137 137 137 137 7 7 7 0 0 0 0 1 0 0 1
55 55 linear 0 15 550 2 0.001 0.38743680855086243 0.0041232246473781355 0.00025200188553481807 0.00075407441432199271 -3.4230348741343179e-05 0.00076941365952845988 0.5 0.00082151558013675795 2902.6117248740256 OK 13 14 1.001128 0.99501499999999998 0.34918900000000003 0.65255799999999997 0.51136300000000001 0 0.34857000000000005 0.48365199999999997 0.34918900000000003 0.014489999999999999 0.014546999999999999 0.015139 0.29585499999999981 0.43126799999999993 0.29654399999999992 0.0073590000000000001 0.007254 0.0071170000000000001 0.0011540000000000001 0.0011180000000000001 0.0011220000000000002 2902.6915732450343 2902.6915732450343 2902.6915732450343 2.7207864409940319 2.7207864409940319 2.7207864409940319 1 1 1 Converged Converged Converged OK OK OK 121 121 121 121 121 121 7 7 7 0 0 0 0 1 0 0 1
55 55 linear 0 23 550 3 0.001 0.38743680855086243 0.0041232246473781355 0.00025200188553481807 0.00075407441432199271 -3.4230348741343179e-05 0.00080447479142895634 0.5 0.00078645444823626149 2726.7679544550306 OK 13 14 1.1330370000000001 1.1176170000000001 0.43759500000000001 0.69453799999999999 0.55122300000000002 0 0.43849900000000008 0.56639400000000006 0.43759500000000001 0.014154 0.014218 0.014484 0.38099399999999994 0.50807000000000002 0.37973399999999996 0.0082450000000000006 0.0084379999999999993 0.0080479999999999996 0.0014039999999999999 0.001405 0.0014399999999999999 2726.7699119964054 2726.7699119964054 2726.7699119964054 1.4355379492232609 1.4355379492232609 1.4355379492232609 1 1 1 Converged Converged Converged OK OK OK 145 145 145 145 145 145 7 7 7 0 0 0 0 1 0 0 1
55 55 linear 0 0 550 0 0.0001 0.38743680855086243 0.0041232246473781355 0.00025200188553481807 0.00075407441432199271 -3.4230348741343179e-05 0.00070367403721502907 0.5 0.00088725520245018876 3216.220211263515 OK 13 14 1.1026800000000001 1.1315029999999999 0.617004 0.46369500000000002 0.47591099999999997 0 0.63898500000000014 0.65559199999999995 0.617004 0.01376 0.014826000000000001 0.01324 0.54977300000000018 0.56235700000000011 0.52901200000000015 0.012687 0.012008999999999999 0.012583999999999998 0.0019840000000000001 0.0022370000000000003 0.0019630000000000003 3216.2169814922131 3216.2169814922131 3216.2169814922131 0.1584058742194267 0.1584058742194267 0.1584058742194267 1 1 1 Converged Converged Converged OK OK OK 193 193 193 193 193 193 7 7 7 0 0 0 0 0 1 0 0
55 55 linear 0 7 550 1 0.0001 0.38743680855086243 0.0041232246473781355 0.00025200188553481807 0.00075407441432199271 -3.4230348741343179e-05 0.00073435252762796342 0.5 0.00085657671203725441 3073.6222984340639 OK 13 14 1.269225 1.2868029999999999 0.58975 0.651424 0.51432999999999995 0 0.61780100000000004 0.77247299999999997 0.58975 0.012727 0.012760000000000001 0.012031 0.54903799999999991 0.70535600000000032 0.52373000000000014 0.012586999999999999 0.011480000000000001 0.011802 0.0018510000000000002 0.0017589999999999999 0.0018010000000000001 3073.65783137583 3073.65783137583 3073.65783137583 0.15253686113684106 0.15253686113684106 0.15253686113684106 1 1 1 Converged Converged Converged OK OK OK 193 193 193 193 193 193 7 7 7 0 0 0 0 1 0 0 1
55 55 linear 0 15 550 2 0.0001 0.38743680855086243 0.0041232246473781355 0.00025200188553481807 0.00075407441432199271 -3.4230348741343179e-05 0.00076941365952845988 0.5 0.00082151558013675795 2902.6117248740256 OK 13 14 1.076999 1.096427 0.41342499999999999 0.64976999999999996 0.51079200000000002 0 0.42722900000000008 0.58563500000000002 0.41342499999999999 0.014669 0.014685999999999999 0.01387 0.36682300000000007 0.51962800000000009 0.35489700000000002 0.0088689999999999984 0.01034 0.008764000000000001 0.0016689999999999999 0.0016939999999999998 0.001676 2902.6309670689616 2902.6309670689616 2902.6309670689616 0.24359272996390174 0.24359272996390174 0.24359272996390174 1 1 1 Converged Converged Converged OK OK OK 145 145 145 145 145 145 7 7 7 0 0 0 0 1 0 0 1
55 55 linear 0 23 550 3 0.0001 0.38743680855086243 0.0041232246473781355 0.00025200188553481807 0.00075407441432199271 -3.4230348741343179e-05 0.00080447479142895634 0.5 0.00078645444823626149 2726.7679544550306 OK 13 14 1.299536 1.3010710000000001 0.58343699999999998 0.69440299999999999 0.55445999999999995 0 0.60513300000000003 0.74661100000000014 0.58343699999999998 0.014246 0.014352 0.013442000000000001 0.53523199999999993 0.67518600000000006 0.51652200000000004 0.012306999999999998 0.013670999999999999 0.011556999999999998 0.0018959999999999997 0.0019020000000000003 0.0018259999999999999 2726.7803344274375 2726.7803344274375 2726.7803344274375 0.13545726170397082 0.13545726170397082 0.13545726170397082 1 1 1 Converged Converged Converged OK OK OK 193 193 193 193 193 193 7 7 7 0 0 0 0 1 0 0 1
55 55 linear 1 0 551 0 0.001 0.38743680855086243 0.0041232246473781355 0.00025200188553481807 0.00046138335670463691 -0.0012699542656347436 0.00041098297959767327 0.5 0.0011799462600675446 1504.0361431073882 OK 13 12 0.50119499999999995 0.49158600000000002 0.138631 0.35905599999999999 0.35285 0 0.14213899999999996 0.13873600000000003 0.138631 0.011309 0.011327 0.011162999999999999 0.10583900000000006 0.10267599999999998 0.10261199999999997 0.0034199999999999999 0.0036009999999999996 0.0036580000000000002 0.00092800000000000001 0.00097499999999999996 0.00096900000000000003 1504.0444111383572 1504.0444111383572 1504.0444111383572 1.1411379734186129 1.1411379734186129 1.1411379734186129 1 1 1 Converged Converged Converged OK OK OK 74 74 74 74 74 74 6 6 6 0 0 0 0 0 1 0 0
55 55 linear 1 7 551 1 0.001 0.38743680855086243 0.0041232246473781355 0.00025200188553481807 0.00046138335670463691 -0.0012699542656347436 0.00044166147001060768 0.5 0.0011492677696546103 1330.995320643307 OK 13 12 0.5171 0.56177699999999997 0.14252100000000001 0.37325199999999997 0.23044400000000001 0 0.14384800000000003 0.33133299999999999 0.14252100000000001 0.010317 0.014064 0.0096889999999999997 0.114354 0.29765100000000017 0.11406800000000002 0.0034389999999999998 0.0035600000000000002 0.0033960000000000001 0.00086600000000000002 0.00084500000000000005 0.00088499999999999994 1331.0097077096634 1331.0097077096634 1331.0097077096634 1.0027609569655771 1.0027609569655771 1.0027609569655771 1 1 1 Converged Converged Converged OK OK OK 74 74 74 74 74 74 6 6 6 0 0 0 0 1 0 0 1
55 55 linear 1 15 551 2 0.001 0.38743680855086243 0.0041232246473781355 0.00025200188553481807 0.00046138335670463691 -0.0012699542656347436 0.00047672260191110408 0.5 0.0011142066377541138 1112.1711677371229 OK 13 12 0.44304500000000002 0.45027499999999998 0.10381899999999999 0.336144 0.201324 0 0.10690100000000002 0.24895099999999998 0.10381899999999999 0.0098329999999999997 0.010007 0.0093019999999999995 0.082485000000000003 0.22403499999999993 0.080453000000000011 0.0024499999999999999 0.0026100000000000003 0.0024680000000000006 0.00069300000000000004 0.00064799999999999992 0.00070399999999999998 1112.1823211343283 1112.1823211343283 1112.1823211343283 0.9343640004162701 0.9343640004162701 0.9343640004162701 1 1 1 Converged Converged Converged OK OK OK 59 59 59 59 59 59 5 5 5 0 0 0 0 1 0 0 1
55 55 linear 1 23 551 3 0.001 0.38743680855086243 0.0041232246473781355 0.00025200188553481807 0.00046138335670463691 -0.0012699542656347436 0.00051178373381160049 0.5 0.0010791455058536173 869.01747222775123 OK 13 12 0.47173900000000002 0.49523600000000001 0.12181500000000001 0.34636400000000001 0.21148500000000001 0 0.12537500000000001 0.28375099999999998 0.12181500000000001 0.0094859999999999996 0.0096430000000000005 0.0089529999999999992 0.097998000000000016 0.25508300000000006 0.095397999999999997 0.003052 0.0036949999999999995 0.0032250000000000004 0.000687 0.00080499999999999994 0.00072300000000000001 869.0113944011606 869.0113944011606 869.0113944011606 0.5418583557661194 0.5418583557661194 0.5418583557661194 1 1 1 Converged Converged Converged OK OK OK 67 67 67 67 67 67 5 5 5 0 0 0 0 1 0 0 1
55 55 linear 1 0 551 0 0.0001 0.38743680855086243 0.0041232246473781355 0.00025200188553481807 0.00046138335670463691 -0.0012699542656347436 0.00041098297959767327 0.5 0.0011799462600675446 1504.0361431073882 OK 13 12 0.55113599999999996 0.54817800000000005 0.18910299999999999 0.35371999999999998 0.35374899999999998 0 0.19741599999999998 0.19442900000000007 0.18910299999999999 0.011297 0.011428000000000001 0.010980999999999999 0.15199299999999999 0.14523599999999989 0.14403199999999999 0.0049459999999999999 0.0084670000000000006 0.0049370000000000004 0.0012619999999999999 0.0012620000000000001 0.0011879999999999998 1504.0446147858995 1504.0446147858995 1504.0446147858995 0.091006465211592544 0.091006465211592544 0.091006465211592544 1 1 1 Converged Converged Converged OK OK OK 98 98 98 98 98 98 6 6 6 0 0 0 0 0 1 0 0
55 55 linear 1 7 551 1 0.0001 0.38743680855086243 0.0041232246473781355 0.00025200188553481807 0.00046138335670463691 -0.0012699542656347436 0.00044166147001060768 0.5 0.0011492677696546103 1330.995320643307 OK 13 12 0.54866999999999999 0.65405800000000003 0.17025699999999999 0.37251800000000002 0.23461199999999999 0 0.17615199999999998 0.41944600000000004 0.17025699999999999 0.010511 0.010541999999999999 0.009835 0.13838400000000003 0.38120400000000021 0.13451600000000005 0.0051560000000000009 0.005352 0.0049250000000000006 0.0012010000000000002 0.0012130000000000001 0.00123 1331.0095630864892 1331.0095630864892 1331.0095630864892 0.07028127433836269 0.07028127433836269 0.07028127433836269 1 1 1 Converged Converged Converged OK OK OK 98 98 98 98 98 98 6 6 6 0 0 0 0 1 0 0 1
55 55 linear 1 15 551 2 0.0001 0.38743680855086243 0.0041232246473781355 0.00025200188553481807 0.00046138335670463691 -0.0012699542656347436 0.00047672260191110408 0.5 0.0011142066377541138 1112.1711677371229 OK 13 12 0.51716600000000001 0.62314099999999994 0.159298 0.33626600000000001 0.20461499999999999 0 0.18090000000000001 0.41852599999999995 0.159298 0.010146000000000001 0.0098560000000000002 0.0092739999999999993 0.14063300000000001 0.38193300000000013 0.12470399999999995 0.0054779999999999994 0.0049420000000000002 0.0046380000000000006 0.0012490000000000001 0.001137 0.001122 1112.1823312916604 1112.1823312916604 1112.1823312916604 0.00041053872229105754 0.00041053872229105754 0.00041053872229105754 1 1 1 Converged Converged Converged OK OK OK 99 99 99 99 99 99 5 5 5 0 0 0 0 1 0 0 1
55 55 linear 1 23 551 3 0.0001 0.38743680855086243 0.0041232246473781355 0.00025200188553481807 0.00046138335670463691 -0.0012699542656347436 0.00051178373381160049 0.5 0.0010791455058536173 869.01747222775123 OK 13 12 0.499691 0.596854 0.14940000000000001 0.34466400000000003 0.211036 0 0.15502699999999997 0.38581799999999999 0.14940000000000001 0.0095899999999999996 0.0097099999999999999 0.0088730000000000007 0.12214400000000004 0.35199299999999983 0.11837099999999996 0.0046730000000000009 0.0049280000000000001 0.0041850000000000004 0.00097100000000000007 0.0010999999999999998 0.00095399999999999999 869.01140322641606 869.01140322641606 869.01140322641606 0.077580407926988726 0.077580407926988726 0.077580407926988726 1 1 1 Converged Converged Converged OK OK OK 91 91 91 91 91 91 5 5 5 0 0 0 0 1 0 0 1
55 55 linear 2 0 552 0 0.001 0.38743680855086243 0.0041232246473781355 0.00025200188553481807 2.1784347303003435 0.30432892619854052 2.1783843299232366 0.5 -2.1767934006835712 3.6628804311292917 OK 13 12 0.59213800000000005 0.59477199999999997 0.122145 0.46790700000000002 0.47096500000000002 0 0.12423100000000004 0.12380699999999994 0.122145 0.0088760000000000002 0.0091540000000000007 0.0087170000000000008 0.096379999999999993 0.095212000000000019 0.094635999999999998 0.0026310000000000001 0.0028240000000000001 0.00264 0.00079999999999999993 0.00080900000000000004 0.00077099999999999998 3.6628941814983658 3.6628941814983658 3.6628941814983658 0.0023409084559873491 0.0023409084559873491 0.0023409084559873491 1 1 1 Converged Converged Converged OK OK OK 60 60 60 60 60 60 4 4 4 0 0 0 0 0 1 0 0
55 55 linear 2 7 552 1 0.001 0.38743680855086243 0.0041232246473781355 0.00025200188553481807 2.1784347303003435 0.30432892619854052 2.1784150084136495 0.5 -2.1768240791739841 3.4586654321819705 OK 13 12 0.73899999999999999 0.72967700000000002 0.122212 0.61296899999999999 0.469302 0 0.126031 0.26037500000000002 0.122212 0.0084930000000000005 0.0084550000000000007 0.0077530000000000003 0.10158399999999997 0.23593700000000001 0.099584000000000034 0.0027889999999999998 0.0029680000000000002 0.0025609999999999999 0.00076500000000000005 0.00073999999999999999 0.00076100000000000007 3.4586786692015732 3.4586786692015732 3.4586786692015732 0.0023863477173777401 0.0023863477173777401 0.0023863477173777401 1 1 1 Converged Converged Converged OK OK OK 60 60 60 60 60 60 4 4 4 0 0 0 0 1 0 0 1
55 55 linear 2 15 552 2 0.001 0.38743680855086243 0.0041232246473781355 0.00025200188553481807 2.1784347303003435 0.30432892619854052 2.17845006954555 0.5 -2.1768591403058846 3.2246086269131022 OK 13 12 0.73153699999999999 0.73072099999999995 0.12074799999999999 0.60786200000000001 0.47458600000000001 0 0.12367499999999998 0.25613499999999995 0.12074799999999999 0.0082579999999999997 0.0084989999999999996 0.0077200000000000003 0.10009 0.23157200000000008 0.097885000000000014 0.0025020000000000003 0.0028119999999999998 0.0026099999999999999 0.00074600000000000003 0.00080499999999999994 0.00079199999999999995 3.2246085444768449 3.2246085444768449 3.2246085444768449 0.0024650153151581037 0.0024650153151581037 0.0024650153151581037 1 1 1 Converged Converged Converged OK OK OK 60 60 60 60 60 60 4 4 4 0 0 0 0 1 0 0 1
55 55 linear 2 23 552 3 0.001 0.38743680855086243 0.0041232246473781355 0.00025200188553481807 2.1784347303003435 0.30432892619854052 2.1784851306774504 0.5 -2.176894201437785 2.9929337370483928 OK 13 12 0.61573299999999997 0.60430300000000003 0.14710500000000001 0.46584100000000001 0.32710299999999998 0 0.14989199999999997 0.27720000000000006 0.14710500000000001 0.0082380000000000005 0.0083160000000000005 0.0076220000000000003 0.12193900000000001 0.24895699999999998 0.12022700000000001 0.0031939999999999998 0.0033380000000000003 0.0032650000000000001 0.00072199999999999999 0.00075900000000000013 0.00072300000000000012 2.9929228944050497 2.9929228944050497 2.9929228944050497 0.0024525541604952907 0.0024525541604952907 0.0024525541604952907 1 1 1 Converged Converged Converged OK OK OK 68 68 68 68 68 68 4 4 4 0 0 0 0 1 0 0 1
55 55 linear 2 0 552 0 0.0001 0.38743680855086243 0.0041232246473781355 0.00025200188553481807 2.1784347303003435 0.30432892619854052 2.1783843299232366 0.5 -2.1767934006835712 3.6628804311292917 OK 13 12 0.65481999999999996 0.65446000000000004 0.18184700000000001 0.46915899999999999 0.47116400000000003 0 0.18566099999999996 0.18329600000000001 0.18184700000000001 0.0090329999999999994 0.0091380000000000003 0.0087469999999999996 0.14706500000000006 0.14447499999999999 0.14432299999999995 0.004261 0.0046010000000000001 0.004313 0.001073 0.0010640000000000001 0.001036 3.6628942383806247 3.6628942383806247 3.6628942383806247 0.00020682576890539497 0.00020682576890539497 0.00020682576890539497 1 1 1 Converged Converged Converged OK OK OK 92 92 92 92 92 92 4 4 4 0 0 0 0 0 1 0 0
55 55 linear 2 7 552 1 0.0001 0.38743680855086243 0.0041232246473781355 0.00025200188553481807 2.1784347303003435 0.30432892619854052 2.1784150084136495 0.5 -2.1768240791739841 3.4586654321819705 OK 13 12 0.79300099999999996 0.84023999999999999 0.17604500000000001 0.61299700000000001 0.46961799999999998 0 0.18000399999999994 0.37062200000000001 0.17604500000000001 0.0083119999999999999 0.0083700000000000007 0.0077809999999999997 0.14832099999999993 0.33827999999999997 0.1452810000000001 0.0041669999999999997 0.0043319999999999999 0.0041510000000000002 0.0009850000000000002 0.00096199999999999996 0.0009540000000000001 3.4586787557983318 3.4586787557983318 3.4586787557983318 0.00019900184887309795 0.00019900184887309795 0.00019900184887309795 1 1 1 Converged Converged Converged OK OK OK 92 92 92 92 92 92 4 4 4 0 0 0 0 1 0 0 1
55 55 linear 2 15 552 2 0.0001 0.38743680855086243 0.0041232246473781355 0.00025200188553481807 2.1784347303003435 0.30432892619854052 2.17845006954555 0.5 -2.1768591403058846 3.2246086269131022 OK 13 12 0.79459199999999996 0.85522500000000001 0.17535100000000001 0.60994599999999999 0.47067199999999998 0 0.18464599999999998 0.38455300000000003 0.17535100000000001 0.0083859999999999994 0.0083540000000000003 0.0077539999999999996 0.15128099999999997 0.35177799999999998 0.14478900000000003 0.00496 0.0044669999999999996 0.0040979999999999992 0.0010660000000000001 0.00098699999999999981 0.00093700000000000012 3.2246086858967473 3.2246086858967473 3.2246086858967473 0.00018737548848664183 0.00018737548848664183 0.00018737548848664183 1 1 1 Converged Converged Converged OK OK OK 92 92 92 92 92 92 4 4 4 0 0 0 0 1 0 0 1
55 55 linear 2 23 552 3 0.0001 0.38743680855086243 0.0041232246473781355 0.00025200188553481807 2.1784347303003435 0.30432892619854052 2.1784851306774504 0.5 -2.176894201437785 2.9929337370483928 OK 13 12 0.65715500000000004 0.71124900000000002 0.18426999999999999 0.46258300000000002 0.32748500000000003 0 0.19457200000000002 0.38376399999999999 0.18426999999999999 0.0082559999999999995 0.0083960000000000007 0.0077169999999999999 0.16259499999999999 0.35160000000000008 0.15369100000000002 0.0043309999999999998 0.0044279999999999996 0.0043 0.00099299999999999996 0.00097900000000000005 0.00095300000000000018 2.9929214638232486 2.9929214638232486 2.9929214638232486 0.00017690153290565087 0.00017690153290565087 0.00017690153290565087 1 1 1 Converged Converged Converged OK OK OK 92 92 92 92 92 92 4 4 4 0 0 0 0 1 0 0 1
55 55 linear 3 0 553 0 0.001 0.38743680855086243 0.0041232246473781355 0.00025200188553481807 2.173564528461887 0.30449057557194104 2.1735141280847801 0.5 -2.1719231988451146 1.7480468688951281 OK 13 12 0.73537699999999995 0.73582599999999998 0.12755900000000001 0.60547499999999999 0.60653000000000001 0 0.12990199999999996 0.12929599999999997 0.12755900000000001 0.0089890000000000005 0.0090290000000000006 0.0084200000000000004 0.099005999999999983 0.098364000000000021 0.097696999999999992 0.0032049999999999999 0.0032190000000000001 0.0032039999999999998 0.000718 0.00069000000000000008 0.00067200000000000007 1.748045853137361 1.748045853137361 1.748045853137361 0.0012199479259361328 0.0012199479259361328 0.0012199479259361328 1 1 1 Converged Converged Converged OK OK OK 61 61 61 61 61 61 3 3 3 0 0 0 0 0 1 0 0
55 55 linear 3 7 553 1 0.001 0.38743680855086243 0.0041232246473781355 0.00025200188553481807 2.173564528461887 0.30449057557194104 2.173544806575193 0.5 -2.1719538773355276 1.7543257284320579 OK 13 12 0.57815000000000005 0.57190700000000005 0.12753200000000001 0.44795200000000002 0.31442700000000001 0 0.13019800000000004 0.25748000000000004 0.12753200000000001 0.0082159999999999993 0.0082310000000000005 0.0076610000000000003 0.10245199999999999 0.22982999999999992 0.10123399999999999 0.0031949999999999999 0.0032490000000000002 0.0030380000000000003 0.00077700000000000002 0.00077499999999999986 0.00073399999999999995 1.7543246681802578 1.7543246681802578 1.7543246681802578 0.0012303044230117777 0.0012303044230117777 0.0012303044230117777 1 1 1 Converged Converged Converged OK OK OK 61 61 61 61 61 61 3 3 3 0 0 0 0 1 0 0 1
55 55 linear 3 15 553 2 0.001 0.38743680855086243 0.0041232246473781355 0.00025200188553481807 2.173564528461887 0.30449057557194104 2.1735798677070934 0.5 -2.171988938467428 1.7616384564701537 OK 13 12 0.60530600000000001 0.59531400000000001 0.12472800000000001 0.47800100000000001 0.32878600000000002 0 0.127305 0.26652799999999999 0.12472800000000001 0.0082000000000000007 0.0082100000000000003 0.0076340000000000002 0.100148 0.23916199999999999 0.098599999999999965 0.003104 0.003166 0.0030469999999999998 0.00069099999999999999 0.00068599999999999998 0.0006730000000000001 1.7616374163589565 1.7616374163589565 1.7616374163589565 0.0012423495635503286 0.0012423495635503286 0.0012423495635503286 1 1 1 Converged Converged Converged OK OK OK 61 61 61 61 61 61 3 3 3 0 0 0 0 1 0 0 1
55 55 linear 3 23 553 3 0.001 0.38743680855086243 0.0041232246473781355 0.00025200188553481807 2.173564528461887 0.30449057557194104 2.1736149288389939 0.5 -2.1720239995993285 1.769101890136842 OK 13 12 0.65298 0.63151800000000002 0.127586 0.522864 0.37306 0 0.13011600000000001 0.25845800000000002 0.127586 0.0081399999999999997 0.0082830000000000004 0.0076160000000000004 0.10307399999999997 0.22716299999999998 0.10148899999999998 0.0031459999999999999 0.0033739999999999998 0.0031049999999999997 0.00067599999999999995 0.00068300000000000001 0.00066300000000000007 1.7691008691568062 1.7691008691568062 1.7691008691568062 0.0012546233862460914 0.0012546233862460914 0.0012546233862460914 1 1 1 Converged Converged Converged OK OK OK 61 61 61 61 61 61 3 3 3 0 0 0 0 1 0 0 1
55 55 linear 3 0 553 0 0.0001 0.38743680855086243 0.0041232246473781355 0.00025200188553481807 2.173564528461887 0.30449057557194104 2.1735141280847801 0.5 -2.1719231988451146 1.7480468688951281 OK 13 12 0.79272900000000002 0.790578 0.18407299999999999 0.60522500000000001 0.60579000000000005 0 0.187504 0.18478799999999995 0.18407299999999999 0.0089680000000000003 0.0089250000000000006 0.0086119999999999999 0.14458500000000002 0.14232999999999996 0.14191000000000004 0.0049810000000000002 0.0049020000000000001 0.005097 0.00092000000000000003 0.00092099999999999994 0.00087900000000000012 1.7480458531462633 1.7480458531462633 1.7480458531462633 2.4235293514206259e-08 2.4235293514206259e-08 2.4235293514206259e-08 1 1 1 Converged Converged Converged OK OK OK 93 93 93 93 93 93 3 3 3 0 0 0 0 0 1 0 0
55 55 linear 3 7 553 1 0.0001 0.38743680855086243 0.0041232246473781355 0.00025200188553481807 2.173564528461887 0.30449057557194104 2.173544806575193 0.5 -2.1719538773355276 1.7543257284320579 OK 13 12 0.64199600000000001 0.70710200000000001 0.18624099999999999 0.451876 0.30934699999999998 0 0.19012000000000001 0.39775500000000003 0.18624099999999999 0.0083940000000000004 0.0082780000000000006 0.0076229999999999996 0.15263099999999996 0.35985799999999996 0.15002600000000005 0.0048730000000000006 0.004973 0.0049750000000000003 0.00094499999999999998 0.0009540000000000001 0.00095800000000000008 1.7543246681610962 1.7543246681610962 1.7543246681610962 2.4920898066746526e-08 2.4920898066746526e-08 2.4920898066746526e-08 1 1 1 Converged Converged Converged OK OK OK 93 93 93 93 93 93 3 3 3 0 0 0 0 1 0 0 1
55 55 linear 3 15 553 2 0.0001 0.38743680855086243 0.0041232246473781355 0.00025200188553481807 2.173564528461887 0.30449057557194104 2.1735798677070934 0.5 -2.171988938467428 1.7616384564701537 OK 13 12 0.66229499999999997 0.73354799999999998 0.18012400000000001 0.47390500000000002 0.3286 0 0.18838999999999995 0.40494799999999997 0.18012400000000001 0.0081419999999999999 0.0083809999999999996 0.0077720000000000003 0.14655099999999999 0.36632499999999996 0.14388100000000006 0.0047829999999999999 0.0055420000000000001 0.0048789999999999997 0.00093700000000000001 0.0009630000000000001 0.00092100000000000005 1.7616374163048458 1.7616374163048458 1.7616374163048458 2.5738891795916459e-08 2.5738891795916459e-08 2.5738891795916459e-08 1 1 1 Converged Converged Converged OK OK OK 93 93 93 93 93 93 3 3 3 0 0 0 0 1 0 0 1
55 55 linear 3 23 553 3 0.0001 0.38743680855086243 0.0041232246473781355 0.00025200188553481807 2.173564528461887 0.30449057557194104 2.1736149288389939 0.5 -2.1720239995993285 1.769101890136842 OK 13 12 0.70696499999999995 0.76705699999999999 0.18859600000000001 0.51906099999999999 0.37707400000000002 0 0.18790399999999996 0.38998299999999997 0.18859600000000001 0.0081980000000000004 0.0083660000000000002 0.0076480000000000003 0.15073699999999995 0.35205300000000006 0.15257999999999999 0.0049769999999999997 0.0052329999999999998 0.0048719999999999996 0.00092100000000000005 0.00093799999999999992 0.00092499999999999993 1.769100869065021 1.769100869065021 1.769100869065021 2.6598380156416793e-08 2.6598380156416793e-08 2.6598380156416793e-08 1 1 1 Converged Converged Converged OK OK OK 93 93 93 93 93 93 3 3 3 0 0 0 0 1 0 0 1
55 55 linear 4 0 554 0 0.001 0.38743680855086243 0.0041232246473781355 0.00025200188553481807 2.1759300017854795 0.30741828322777293 2.1758796014083726 0.5 -2.1742886721687071 1.7460495727333532 OK 13 12 0.76428399999999996 0.76225100000000001 0.15065999999999999 0.61002500000000004 0.610483 0 0.15425899999999992 0.15176800000000001 0.15065999999999999 0.0089230000000000004 0.0089599999999999992 0.0084309999999999993 0.12286400000000001 0.12106900000000001 0.12087199999999999 0.0031700000000000001 0.0031410000000000001 0.0031120000000000002 0.00068599999999999998 0.0007090000000000001 0.00067000000000000002 1.7460485069392822 1.7460485069392822 1.7460485069392822 0.0011895747578954841 0.0011895747578954841 0.0011895747578954841 1 1 1 Converged Converged Converged OK OK OK 61 61 61 61 61 61 3 3 3 0 0 0 0 0 1 0 0
55 55 linear 4 7 554 1 0.001 0.38743680855086243 0.0041232246473781355 0.00025200188553481807 2.1759300017854795 0.30741828322777293 2.1759102798987855 0.5 -2.1743193506591201 1.723586320428482 OK 13 12 0.60888500000000001 0.57629399999999997 0.12867500000000001 0.47806700000000002 0.34217199999999998 0 0.13081799999999999 0.234122 0.12867500000000001 0.0082760000000000004 0.0083180000000000007 0.0076930000000000002 0.103088 0.20663599999999999 0.10205099999999999 0.0032060000000000001 0.0032439999999999999 0.0032239999999999999 0.00067200000000000007 0.00067299999999999999 0.00066399999999999999 1.7235852764870154 1.7235852764870154 1.7235852764870154 0.0011564902335404327 0.0011564902335404327 0.0011564902335404327 1 1 1 Converged Converged Converged OK OK OK 61 61 61 61 61 61 3 3 3 0 0 0 0 1 0 0 1
55 55 linear 4 15 554 2 0.001 0.38743680855086243 0.0041232246473781355 0.00025200188553481807 2.1759300017854795 0.30741828322777293 2.1759453410306859 0.5 -2.1743544117910205 1.7007233855461892 OK 13 12 0.64743499999999998 0.62383 0.14721600000000001 0.50021499999999997 0.36242999999999997 0 0.14722000000000002 0.26140000000000002 0.14721600000000001 0.0082459999999999999 0.0082050000000000005 0.0079450000000000007 0.11976000000000002 0.2334490000000001 0.120242 0.0030950000000000001 0.0033049999999999998 0.0031570000000000001 0.00067599999999999995 0.00071299999999999998 0.00067400000000000012 1.7007223976564396 1.7007223976564396 1.7007223976564396 0.0011223733484548482 0.0011223733484548482 0.0011223733484548482 1 1 1 Converged Converged Converged OK OK OK 61 61 61 61 61 61 3 3 3 0 0 0 0 1 0 0 1
55 55 linear 4 23 554 3 0.001 0.38743680855086243 0.0041232246473781355 0.00025200188553481807 2.1759300017854795 0.30741828322777293 2.1759804021625864 0.5 -2.174389472922921 1.6803306284590558 OK 13 12 0.61868900000000004 0.59092599999999995 0.143404 0.47628700000000002 0.343474 0 0.14240200000000003 0.24745199999999995 0.143404 0.0082590000000000007 0.0083219999999999995 0.0088959999999999994 0.11493600000000001 0.21953699999999998 0.11551699999999994 0.0030890000000000002 0.003369 0.0031539999999999997 0.00066500000000000001 0.00067499999999999993 0.00066600000000000003 1.6803296089875916 1.6803296089875916 1.6803296089875916 0.0010915450070876698 0.0010915450070876698 0.0010915450070876698 1 1 1 Converged Converged Converged OK OK OK 61 61 61 61 61 61 3 3 3 0 0 0 0 1 0 0 1
55 55 linear 4 0 554 0 0.0001 0.38743680855086243 0.0041232246473781355 0.00025200188553481807 2.1759300017854795 0.30741828322777293 2.1758796014083726 0.5 -2.1742886721687071 1.7460495727333532 OK 13 12 0.83758999999999995 0.83192500000000003 0.22235199999999999 0.611012 0.60808399999999996 0 0.22657799999999995 0.22384100000000007 0.22235199999999999 0.0089829999999999997 0.0089569999999999997 0.0085769999999999996 0.18346800000000005 0.18085000000000012 0.18016499999999991 0.004827999999999999 0.0049960000000000004 0.0048610000000000007 0.00089900000000000006 0.0009140000000000001 0.00089800000000000004 1.7460485082765937 1.7460485082765937 1.7460485082765937 9.9484809057241331e-09 9.9484809057241331e-09 9.9484809057241331e-09 1 1 1 Converged Converged Converged OK OK OK 93 93 93 93 93 93 3 3 3 0 0 0 0 0 1 0 0
55 55 linear 4 7 554 1 0.0001 0.38743680855086243 0.0041232246473781355 0.00025200188553481807 2.1759300017854795 0.30741828322777293 2.1759102798987855 0.5 -2.1743193506591201 1.723586320428482 OK 13 12 0.68523400000000001 0.69923900000000005 0.185973 0.48802400000000001 0.33403500000000003 0 0.19721 0.36520400000000003 0.185973 0.0085800000000000008 0.0082839999999999997 0.0077299999999999999 0.15878400000000001 0.32235799999999998 0.14956900000000009 0.0049769999999999997 0.0050109999999999998 0.00481 0.00091500000000000012 0.00090000000000000019 0.00087100000000000014 1.7235852775790574 1.7235852775790574 1.7235852775790574 9.0731497675654932e-09 9.0731497675654932e-09 9.0731497675654932e-09 1 1 1 Converged Converged Converged OK OK OK 93 93 93 93 93 93 3 3 3 0 0 0 0 1 0 0 1
55 55 linear 4 15 554 2 0.0001 0.38743680855086243 0.0041232246473781355 0.00025200188553481807 2.1759300017854795 0.30741828322777293 2.1759453410306859 0.5 -2.1743544117910205 1.7007233855461892 OK 13 12 0.71912900000000002 0.76203399999999999 0.20849300000000001 0.50506899999999999 0.36919999999999997 0 0.21406000000000003 0.39283400000000002 0.20849300000000001 0.0082050000000000005 0.0082909999999999998 0.0076660000000000001 0.1767170000000001 0.35483200000000004 0.17230199999999996 0.0048140000000000006 0.0049880000000000011 0.0048659999999999997 0.0008830000000000001 0.00089700000000000012 0.00087399999999999989 1.7007223985519273 1.7007223985519273 1.7007223985519273 8.1913347370216805e-09 8.1913347370216805e-09 8.1913347370216805e-09 1 1 1 Converged Converged Converged OK OK OK 93 93 93 93 93 93 3 3 3 0 0 0 0 1 0 0 1
55 55 linear 4 23 554 3 0.0001 0.38743680855086243 0.0041232246473781355 0.00025200188553481807 2.1759300017854795 0.30741828322777293 2.1759804021625864 0.5 -2.174389472922921 1.6803306284590558 OK 13 12 0.69178899999999999 0.70674999999999999 0.205651 0.48175600000000002 0.34024100000000002 0 0.21003299999999997 0.36650899999999997 0.205651 0.0082330000000000007 0.0083370000000000007 0.007685 0.17280199999999996 0.32859899999999992 0.16951299999999994 0.0048079999999999998 0.0051459999999999995 0.0049039999999999995 0.00087900000000000022 0.00090000000000000019 0.00086899999999999998 1.6803296097493656 1.6803296097493656 1.6803296097493656 7.4468255655236996e-09 7.4468255655236996e-09 7.4468255655236996e-09 1 1 1 Converged Converged Converged OK OK OK 93 93 93 93 93 93 3 3 3 0 0 0 0 1 0 0 1
55 55 uniform 0 0 555 0 0.001 0.38743680855086243 0.0041232246473781355 0.00025200188553481807 0.00075407441432199271 -3.4230348741343179e-05 0.00070367403721502907 0 0.00088725520245018876 3082.8721704566769 OK 13 14 0.79491500000000004 0.79152699999999998 0.332538 0.46629300000000001 0.46306700000000001 0 0.32862200000000003 0.32845999999999997 0.332538 0.01329 0.013344 0.012881999999999999 0.26628299999999988 0.26624000000000003 0.27035999999999988 0.0072349999999999992 0.0072259999999999998 0.0075009999999999999 0.0011870000000000001 0.001222 0.0012650000000000001 3082.8921419002995 3082.8921419002995 3082.8921419002995 1.8944077260052266 1.8944077260052266 1.8944077260052266 1 1 1 Converged Converged Converged OK OK OK 137 137 137 137 137 137 7 7 7 0 0 0 0 0 1 0 0
55 55 uniform 0 7 555 1 0.001 0.38743680855086243 0.0041232246473781355 0.00025200188553481807 0.00075407441432199271 -3.4230348741343179e-05 0.00073435252762796342 0 0.00085657671203725441 2953.495277310235 OK 13 14 0.97363699999999997 1.016068 0.31480900000000001 0.656636 0.50446400000000002 0 0.31700099999999998 0.51160399999999995 0.31480900000000001 0.012555999999999999 0.012625000000000001 0.01192 0.26608799999999999 0.45841400000000004 0.26496399999999992 0.0071370000000000001 0.0077759999999999999 0.0071759999999999992 0.0011180000000000001 0.0012439999999999999 0.0011670000000000001 2953.5166494356881 2953.5166494356881 2953.5166494356881 2.0328496453533229 2.0328496453533229 2.0328496453533229 1 1 1 Converged Converged Converged OK OK OK 137 137 137 137 137 137 7 7 7 0 0 0 0 1 0 0 1
55 55 uniform 0 15 555 2 0.001 0.38743680855086243 0.0041232246473781355 0.00025200188553481807 0.00075407441432199271 -3.4230348741343179e-05 0.00076941365952845988 0 0.00082151558013675795 2798.8624874245829 OK 13 14 0.94058399999999998 0.96122600000000002 0.28494700000000001 0.65175300000000003 0.52418399999999998 0 0.28883099999999995 0.43704200000000004 0.28494700000000001 0.014330000000000001 0.015606999999999999 0.013729 0.2358040000000001 0.38159800000000005 0.23293799999999995 0.0071570000000000002 0.0072670000000000009 0.0070280000000000004 0.0013029999999999999 0.00131 0.00131 2798.8792657111426 2798.8792657111426 2798.8792657111426 1.6216711705348197 1.6216711705348197 1.6216711705348197 1 1 1 Converged Converged Converged OK OK OK 129 129 129 129 129 129 7 7 7 0 0 0 0 1 0 0 1
55 55 uniform 0 23 555 3 0.001 0.38743680855086243 0.0041232246473781355 0.00025200188553481807 0.00075407441432199271 -3.4230348741343179e-05 0.00080447479142895634 0 0.00078645444823626149 2639.7142058644095 OK 13 14 1.0096639999999999 1.0103059999999999 0.31644699999999998 0.68829099999999999 0.55555200000000005 0 0.32137299999999991 0.45475399999999988 0.31644699999999998 0.014375000000000001 0.014187999999999999 0.013088000000000001 0.26302799999999998 0.39980599999999988 0.26567299999999994 0.0076939999999999995 0.0084119999999999993 0.006979 0.0013440000000000001 0.0012350000000000002 0.0012000000000000001 2639.6974242180067 2639.6974242180067 2639.6974242180067 1.8840742495387197 1.8840742495387197 1.8840742495387197 1 1 1 Converged Converged Converged OK OK OK 137 137 137 137 137 137 7 7 7 0 0 0 0 1 0 0 1
55 55 uniform 0 0 555 0 0.0001 0.38743680855086243 0.0041232246473781355 0.00025200188553481807 0.00075407441432199271 -3.4230348741343179e-05 0.00070367403721502907 0 0.00088725520245018876 3082.8721704566769 OK 13 14 0.96939600000000004 0.96738299999999999 0.50339900000000004 0.46237400000000001 0.464866 0 0.50702200000000008 0.50251699999999999 0.50339900000000004 0.013389 0.013514 0.014123999999999999 0.41700700000000013 0.41663699999999998 0.41672999999999988 0.011794000000000001 0.011309000000000001 0.011432999999999999 0.0019920000000000003 0.0018 0.001934 3082.8747973785416 3082.8747973785416 3082.8747973785416 0.13071150907440376 0.13071150907440376 0.13071150907440376 1 1 1 Converged Converged Converged OK OK OK 193 193 193 193 193 193 7 7 7 0 0 0 0 0 1 0 0
55 55 uniform 0 7 555 1 0.0001 0.38743680855086243 0.0041232246473781355 0.00025200188553481807 0.00075407441432199271 -3.4230348741343179e-05 0.00073435252762796342 0 0.00085657671203725441 2953.495277310235 OK 13 14 1.134887 1.1655409999999999 0.48463899999999999 0.64994399999999997 0.50604099999999996 0 0.48494300000000001 0.65949999999999998 0.48463899999999999 0.012676 0.012616 0.011977 0.41848800000000008 0.59360899999999983 0.42002499999999982 0.011413 0.010794999999999999 0.011034 0.001797 0.0016719999999999999 0.0018109999999999999 2953.498862399289 2953.498862399289 2953.498862399289 0.12801011436321064 0.12801011436321064 0.12801011436321064 1 1 1 Converged Converged Converged OK OK OK 193 193 193 193 193 193 7 7 7 0 0 0 0 1 0 0 1
55 55 uniform 0 15 555 2 0.0001 0.38743680855086243 0.0041232246473781355 0.00025200188553481807 0.00075407441432199271 -3.4230348741343179e-05 0.00076941365952845988 0 0.00082151558013675795 2798.8624874245829 OK 13 14 0.97272599999999998 0.99985800000000002 0.32436700000000002 0.65334599999999998 0.51435299999999995 0 0.31938 0.48550500000000008 0.32436700000000002 0.0144 0.014704 0.015016 0.26049499999999998 0.42517800000000011 0.26484199999999997 0.0079649999999999999 0.0087709999999999993 0.0081600000000000006 0.0016189999999999998 0.0016909999999999998 0.0015630000000000002 2798.8788567036509 2798.8788567036509 2798.8788567036509 0.23898002843391256 0.23898002843391256 0.23898002843391256 1 1 1 Converged Converged Converged OK OK OK 145 145 145 145 145 145 7 7 7 0 0 0 0 1 0 0 1
55 55 uniform 0 23 555 3 0.0001 0.38743680855086243 0.0041232246473781355 0.00025200188553481807 0.00075407441432199271 -3.4230348741343179e-05 0.00080447479142895634 0 0.00078645444823626149 2639.7142058644095 OK 13 14 1.1489389999999999 1.16059 0.46651999999999999 0.69234399999999996 0.55352599999999996 0 0.45659499999999997 0.60706400000000005 0.46651999999999999 0.014034 0.014009000000000001 0.014484 0.39120999999999989 0.54142099999999982 0.40098199999999995 0.011023999999999999 0.011148999999999999 0.010273000000000001 0.0017110000000000001 0.0016619999999999998 0.0016440000000000001 2639.7125523226814 2639.7125523226814 2639.7125523226814 0.053599985742034083 0.053599985742034083 0.053599985742034083 1 1 1 Converged Converged Converged OK OK OK 185 185 185 185 185 185 7 7 7 0 0 0 0 1 0 0 1
55 55 uniform 1 0 556 0 0.001 0.38743680855086243 0.0041232246473781355 0.00025200188553481807 0.00046138335670463691 -0.0012699542656347436 0.00041098297959767327 0 0.0011799462600675446 1526.0229334669245 OK 13 12 0.46167399999999997 0.468885 0.10767599999999999 0.35217199999999999 0.35888199999999998 0 0.10950199999999999 0.11000300000000002 0.10767599999999999 0.011526 0.011247 0.010864 0.076437999999999992 0.07710400000000002 0.07570700000000001 0.0028720000000000004 0.0029480000000000001 0.0029379999999999996 0.00081799999999999993 0.00074200000000000004 0.00075699999999999997 1526.0227923877615 1526.0227923877615 1526.0227923877615 1.4638424940937109 1.4638424940937109 1.4638424940937109 1 1 1 Converged Converged Converged OK OK OK 66 66 66 66 66 66 6 6 6 0 0 0 0 0 1 0 0
55 55 uniform 1 7 556 1 0.001 0.38743680855086243 0.0041232246473781355 0.00025200188553481807 0.00046138335670463691 -0.0012699542656347436 0.00044166147001060768 0 0.0011492677696546103 1376.0964602382194 OK 13 12 0.48850300000000002 0.53716399999999997 0.116948 0.36493100000000001 0.23232900000000001 0 0.12357200000000002 0.30483499999999997 0.116948 0.010312 0.010387 0.0097579999999999993 0.088754000000000027 0.27406000000000008 0.087734999999999994 0.0032100000000000002 0.0032769999999999995 0.0032529999999999994 0.00087799999999999987 0.00086700000000000004 0.00090299999999999994 1376.0964305779728 1376.0964305779728 1376.0964305779728 0.67851288164773871 0.67851288164773871 0.67851288164773871 1 1 1 Converged Converged Converged OK OK OK 74 74 74 74 74 74 6 6 6 0 0 0 0 1 0 0 1
55 55 uniform 1 15 556 2 0.001 0.38743680855086243 0.0041232246473781355 0.00025200188553481807 0.00046138335670463691 -0.0012699542656347436 0.00047672260191110408 0 0.0011142066377541138 1173.9304525139059 OK 13 12 0.42202099999999998 0.43501099999999998 0.090800000000000006 0.33264700000000003 0.202095 0 0.089373999999999953 0.23291599999999998 0.090800000000000006 0.0099410000000000002 0.0099970000000000007 0.0092759999999999995 0.064893999999999993 0.20812299999999997 0.067781000000000022 0.0024239999999999999 0.0026689999999999999 0.002415 0.00073300000000000004 0.00075900000000000002 0.00067199999999999996 1173.9303111133315 1173.9303111133315 1173.9303111133315 0.50039511973462758 0.50039511973462758 0.50039511973462758 1 1 1 Converged Converged Converged OK OK OK 59 59 59 59 59 59 5 5 5 0 0 0 0 1 0 0 1
55 55 uniform 1 23 556 3 0.001 0.38743680855086243 0.0041232246473781355 0.00025200188553481807 0.00046138335670463691 -0.0012699542656347436 0.00051178373381160049 0 0.0010791455058536173 921.2287909470565 OK 13 12 0.42335299999999998 0.40826200000000001 0.079075000000000006 0.34242699999999998 0.20718800000000001 0 0.080925999999999998 0.201074 0.079075000000000006 0.0095409999999999991 0.009698 0.0089840000000000007 0.058964999999999997 0.17865900000000001 0.058296999999999988 0.0019880000000000002 0.002222 0.0019159999999999997 0.00056099999999999998 0.00053300000000000005 0.00052800000000000004 921.22867685273934 921.22867685273934 921.22867685273934 0.47183421868366726 0.47183421868366726 0.47183421868366726 1 1 1 Converged Converged Converged OK OK OK 51 51 51 51 51 51 5 5 5 0 0 0 0 1 0 0 1
55 55 uniform 1 0 556 0 0.0001 0.38743680855086243 0.0041232246473781355 0.00025200188553481807 0.00046138335670463691 -0.0012699542656347436 0.00041098297959767327 0 0.0011799462600675446 1526.0229334669245 OK 13 12 0.483205 0.48265999999999998 0.12478599999999999 0.35580699999999998 0.35632599999999998 0 0.12739800000000001 0.126334 0.12478599999999999 0.011469 0.011480000000000001 0.01102 0.08800100000000001 0.087758000000000003 0.08690100000000002 0.0040229999999999997 0.0037029999999999997 0.0035209999999999998 0.0011490000000000001 0.001096 0.0011090000000000002 1526.0229303862432 1526.0229303862432 1526.0229303862432 0.081033246857007357 0.081033246857007357 0.081033246857007357 1 1 1 Converged Converged Converged OK OK OK 82 82 82 82 82 82 6 6 6 0 0 0 0 0 1 0 0
55 55 uniform 1 7 556 1 0.0001 0.38743680855086243 0.0041232246473781355 0.00025200188553481807 0.00046138335670463691 -0.0012699542656347436 0.00044166147001060768 0 0.0011492677696546103 1376.0964602382194 OK 13 12 0.49212499999999998 0.56056300000000003 0.12574199999999999 0.36700500000000003 0.23045399999999999 0 0.12511999999999995 0.33010900000000004 0.12574199999999999 0.010342 0.010368 0.0097020000000000006 0.093339000000000005 0.29875000000000002 0.095829999999999971 0.0038099999999999996 0.0036600000000000001 0.0036209999999999997 0.0011479999999999999 0.0010549999999999999 0.00099199999999999983 1376.0964299445779 1376.0964299445779 1376.0964299445779 0.11081808920622148 0.11081808920622148 0.11081808920622148 1 1 1 Converged Converged Converged OK OK OK 82 82 82 82 82 82 6 6 6 0 0 0 0 1 0 0 1
55 55 uniform 1 15 556 2 0.0001 0.38743680855086243 0.0041232246473781355 0.00025200188553481807 0.00046138335670463691 -0.0012699542656347436 0.00047672260191110408 0 0.0011142066377541138 1173.9304525139059 OK 13 12 0.447293 0.53288899999999995 0.110944 0.33443800000000001 0.20044200000000001 0 0.11285499999999998 0.33244699999999994 0.110944 0.0098759999999999994 0.010003 0.0093270000000000002 0.082602999999999982 0.30105899999999985 0.081901999999999961 0.0034320000000000002 0.0038589999999999996 0.0035199999999999997 0.001021 0.00098900000000000008 0.00097199999999999999 1173.9303533226846 1173.9303533226846 1173.9303533226846 0.071145555719385717 0.071145555719385717 0.071145555719385717 1 1 1 Converged Converged Converged OK OK OK 83 83 83 83 83 83 5 5 5 0 0 0 0 1 0 0 1
55 55 uniform 1 23 556 3 0.0001 0.38743680855086243 0.0041232246473781355 0.00025200188553481807 0.00046138335670463691 -0.0012699542656347436 0.00051178373381160049 0 0.0010791455058536173 921.2287909470565 OK 13 12 0.456731 0.53373099999999996 0.113385 0.341335 0.20711199999999999 0 0.115396 0.32661899999999999 0.113385 0.0095139999999999999 0.0096380000000000007 0.0089230000000000004 0.086531999999999998 0.29662699999999997 0.086032999999999998 0.0036540000000000001 0.0039849999999999998 0.0033599999999999997 0.00097499999999999996 0.001054 0.00091799999999999998 921.22867156422217 921.22867156422217 921.22867156422217 0.070362749587450826 0.070362749587450826 0.070362749587450826 1 1 1 Converged Converged Converged OK OK OK 83 83 83 83 83 83 5 5 5 0 0 0 0 1 0 0 1
55 55 uniform 2 0 557 0 0.001 0.38743680855086243 0.0041232246473781355 0.00025200188553481807 2.1784347303003435 0.30432892619854052 2.1783843299232366 0 -2.1767934006835712 3.7832506117004963 OK 13 12 0.57194299999999998 0.57269300000000001 0.104854 0.46544000000000002 0.46700599999999998 0 0.10650299999999996 0.10568700000000003 0.104854 0.0091590000000000005 0.0090629999999999999 0.0088009999999999998 0.078275000000000011 0.078307000000000029 0.077749999999999972 0.002591 0.0024429999999999999 0.002444 0.00083000000000000001 0.00073699999999999992 0.00074100000000000001 3.783250454555307 3.783250454555307 3.783250454555307 0.00065864635395172159 0.00065864635395172159 0.00065864635395172159 1 1 1 Converged Converged Converged OK OK OK 60 60 60 60 60 60 4 4 4 0 0 0 0 0 1 0 0
55 55 uniform 2 7 557 1 0.001 0.38743680855086243 0.0041232246473781355 0.00025200188553481807 2.1784347303003435 0.30432892619854052 2.1784150084136495 0 -2.1768240791739841 3.5870478492781288 OK 13 12 0.71915700000000005 0.71787800000000002 0.105353 0.61227100000000001 0.47680499999999998 0 0.10688600000000004 0.24107300000000004 0.105353 0.0083770000000000008 0.0084609999999999998 0.0077689999999999999 0.083122999999999975 0.21710599999999991 0.082603999999999969 0.0025300000000000001 0.0025299999999999997 0.00247 0.00073400000000000006 0.00072100000000000007 0.00072600000000000008 3.5870473372312963 3.5870473372312963 3.5870473372312963 0.00066636030157291796 0.00066636030157291796 0.00066636030157291796 1 1 1 Converged Converged Converged OK OK OK 60 60 60 60 60 60 4 4 4 0 0 0 0 1 0 0 1
55 55 uniform 2 15 557 2 0.001 0.38743680855086243 0.0041232246473781355 0.00025200188553481807 2.1784347303003435 0.30432892619854052 2.17845006954555 0 -2.1768591403058846 3.3516789696103961 OK 13 12 0.71637300000000004 0.71137899999999998 0.103548 0.611622 0.47433599999999998 0 0.10475100000000004 0.237043 0.103548 0.0082319999999999997 0.0083590000000000001 0.0077400000000000004 0.081547999999999968 0.21352600000000002 0.081154000000000004 0.002428 0.0025559999999999997 0.0024060000000000002 0.000696 0.00070200000000000004 0.00069999999999999999 3.3516785161236311 3.3516785161236311 3.3516785161236311 0.00069328641860275304 0.00069328641860275304 0.00069328641860275304 1 1 1 Converged Converged Converged OK OK OK 60 60 60 60 60 60 4 4 4 0 0 0 0 1 0 0 1
55 55 uniform 2 23 557 3 0.001 0.38743680855086243 0.0041232246473781355 0.00025200188553481807 2.1784347303003435 0.30432892619854052 2.1784851306774504 0 -2.176894201437785 3.1040081728380917 OK 13 12 0.57838800000000001 0.56231900000000001 0.10724599999999999 0.46928799999999998 0.32550499999999999 0 0.10910000000000003 0.23681400000000002 0.10724599999999999 0.0082780000000000006 0.0083499999999999998 0.007698 0.085740000000000011 0.21308599999999997 0.085010000000000016 0.0024740000000000001 0.0026749999999999999 0.00248 0.00070300000000000007 0.00070600000000000003 0.00067500000000000014 3.1040072912512695 3.1040072912512695 3.1040072912512695 0.00080736249662945539 0.00080736249662945539 0.00080736249662945539 1 1 1 Converged Converged Converged OK OK OK 60 60 60 60 60 60 4 4 4 0 0 0 0 1 0 0 1
55 55 uniform 2 0 557 0 0.0001 0.38743680855086243 0.0041232246473781355 0.00025200188553481807 2.1784347303003435 0.30432892619854052 2.1783843299232366 0 -2.1767934006835712 3.7832506117004963 OK 13 12 0.59572199999999997 0.59880199999999995 0.13275400000000001 0.46616000000000002 0.468638 0 0.12956199999999995 0.13016399999999995 0.13275400000000001 0.0090670000000000004 0.0090880000000000006 0.0098569999999999994 0.095845000000000014 0.09633899999999998 0.098045000000000007 0.0032469999999999995 0.0032949999999999998 0.0033090000000000003 0.00098999999999999999 0.00094700000000000003 0.00097300000000000002 3.7832504545626144 3.7832504545626144 3.7832504545626144 0.00029840375545309188 0.00029840375545309188 0.00029840375545309188 1 1 1 Converged Converged Converged OK OK OK 76 76 76 76 76 76 4 4 4 0 0 0 0 0 1 0 0
55 55 uniform 2 7 557 1 0.0001 0.38743680855086243 0.0041232246473781355 0.00025200188553481807 2.1784347303003435 0.30432892619854052 2.1784150084136495 0 -2.1768240791739841 3.5870478492781288 OK 13 12 0.73942200000000002 0.749691 0.13031999999999999 0.61200399999999999 0.46599099999999999 0 0.12741800000000003 0.28370000000000001 0.13031999999999999 0.0083459999999999993 0.0083560000000000006 0.0079279999999999993 0.099051000000000014 0.25456800000000013 0.10240200000000003 0.0032369999999999999 0.0032760000000000003 0.0032329999999999998 0.00087600000000000004 0.00089899999999999995 0.00085999999999999998 3.5870473372383196 3.5870473372383196 3.5870473372383196 0.00030611804079861533 0.00030611804079861533 0.00030611804079861533 1 1 1 Converged Converged Converged OK OK OK 76 76 76 76 76 76 4 4 4 0 0 0 0 1 0 0 1
55 55 uniform 2 15 557 2 0.0001 0.38743680855086243 0.0041232246473781355 0.00025200188553481807 2.1784347303003435 0.30432892619854052 2.17845006954555 0 -2.1768591403058846 3.3516789696103961 OK 13 12 0.73707400000000001 0.763409 0.13091800000000001 0.61087400000000003 0.46889199999999998 0 0.12619999999999998 0.29451700000000003 0.13091800000000001 0.0084329999999999995 0.0083770000000000008 0.0079550000000000003 0.09784600000000003 0.26341900000000001 0.10237399999999999 0.0032669999999999999 0.0033790000000000001 0.0033169999999999996 0.00087099999999999992 0.00089600000000000009 0.00088100000000000006 3.3516785161309572 3.3516785161309572 3.3516785161309572 0.00033304454359504518 0.00033304454359504518 0.00033304454359504518 1 1 1 Converged Converged Converged OK OK OK 76 76 76 76 76 76 4 4 4 0 0 0 0 1 0 0 1
55 55 uniform 2 23 557 3 0.0001 0.38743680855086243 0.0041232246473781355 0.00025200188553481807 2.1784347303003435 0.30432892619854052 2.1784851306774504 0 -2.176894201437785 3.1040081728380917 OK 13 12 0.618977 0.70571499999999998 0.15754499999999999 0.46277400000000002 0.33492100000000002 0 0.15620299999999998 0.37079399999999996 0.15754499999999999 0.0083630000000000006 0.0095460000000000007 0.0090419999999999997 0.12335000000000006 0.33491999999999983 0.12442900000000001 0.0042139999999999999 0.0045630000000000002 0.0041780000000000003 0.0009540000000000001 0.00098499999999999998 0.00095500000000000001 3.1040076683692184 3.1040076683692184 3.1040076683692184 4.067721357304179e-05 4.067721357304179e-05 4.067721357304179e-05 1 1 1 Converged Converged Converged OK OK OK 92 92 92 92 92 92 4 4 4 0 0 0 0 1 0 0 1
55 55 uniform 3 0 558 0 0.001 0.38743680855086243 0.0041232246473781355 0.00025200188553481807 2.173564528461887 0.30449057557194104 2.1735141280847801 0 -2.1719231988451146 1.7491477228369763 OK 13 12 0.68237199999999998 0.68606900000000004 0.082629999999999995 0.59891300000000003 0.60526899999999995 0 0.08345899999999995 0.080800000000000094 0.082629999999999995 0.0089610000000000002 0.0092180000000000005 0.0085959999999999995 0.058212000000000028 0.055679999999999993 0.058272000000000018 0.0022289999999999996 0.0022230000000000001 0.0021589999999999999 0.00059600000000000007 0.00056300000000000002 0.00054900000000000001 1.7491477074504109 1.7491477074504109 1.7491477074504109 0.00063106103976223564 0.00063106103976223564 0.00063106103976223564 1 1 1 Converged Converged Converged OK OK OK 45 45 45 45 45 45 3 3 3 0 0 0 0 0 1 0 0
55 55 uniform 3 7 558 1 0.001 0.38743680855086243 0.0041232246473781355 0.00025200188553481807 2.173564528461887 0.30449057557194104 2.173544806575193 0 -2.1719538773355276 1.7554748684868327 OK 13 12 0.52900400000000003 0.489956 0.081919000000000006 0.449096 0.31079000000000001 0 0.079908000000000035 0.17916599999999999 0.081919000000000006 0.0081720000000000004 0.0081989999999999997 0.0079030000000000003 0.057619999999999991 0.156752 0.060008000000000006 0.0021800000000000001 0.0022830000000000003 0.0022269999999999998 0.00055000000000000003 0.00056499999999999996 0.00055100000000000006 1.7554748529576572 1.7554748529576572 1.7554748529576572 0.00063406753846471605 0.00063406753846471605 0.00063406753846471605 1 1 1 Converged Converged Converged OK OK OK 45 45 45 45 45 45 3 3 3 0 0 0 0 1 0 0 1
55 55 uniform 3 15 558 2 0.001 0.38743680855086243 0.0041232246473781355 0.00025200188553481807 2.173564528461887 0.30449057557194104 2.1735798677070934 0 -2.171988938467428 1.7628460777684936 OK 13 12 0.55665799999999999 0.517405 0.077644000000000005 0.47754600000000003 0.33207599999999998 0 0.07911199999999996 0.18532900000000002 0.077644000000000005 0.0081060000000000004 0.0081790000000000005 0.0076649999999999999 0.056817999999999994 0.16286800000000004 0.05640499999999999 0.0022170000000000002 0.0022330000000000002 0.0021870000000000001 0.00059700000000000009 0.00056400000000000005 0.00053499999999999999 1.762846062097883 1.762846062097883 1.762846062097883 0.00063761026347434601 0.00063761026347434601 0.00063761026347434601 1 1 1 Converged Converged Converged OK OK OK 45 45 45 45 45 45 3 3 3 0 0 0 0 1 0 0 1
55 55 uniform 3 23 558 3 0.001 0.38743680855086243 0.0041232246473781355 0.00025200188553481807 2.173564528461887 0.30449057557194104 2.1736149288389939 0 -2.1720239995993285 1.770371684022823 OK 13 12 0.59853999999999996 0.55650100000000002 0.078758999999999996 0.51827699999999999 0.37435600000000002 0 0.080262999999999973 0.182145 0.078758999999999996 0.0081519999999999995 0.0081869999999999998 0.0076540000000000002 0.058002999999999985 0.15994599999999998 0.057605999999999991 0.0021739999999999997 0.002271 0.0021450000000000002 0.00056499999999999996 0.00055900000000000004 0.00055099999999999995 1.7703716681915762 1.7703716681915762 1.7703716681915762 0.00064127338574154183 0.00064127338574154183 0.00064127338574154183 1 1 1 Converged Converged Converged OK OK OK 45 45 45 45 45 45 3 3 3 0 0 0 0 1 0 0 1
55 55 uniform 3 0 558 0 0.0001 0.38743680855086243 0.0041232246473781355 0.00025200188553481807 2.173564528461887 0.30449057557194104 2.1735141280847801 0 -2.1719231988451146 1.7491477228369763 OK 13 12 0.73231999999999997 0.73488100000000001 0.12753700000000001 0.60421199999999997 0.60571600000000003 0 0.128108 0.12916499999999997 0.12753700000000001 0.0087290000000000006 0.0090840000000000001 0.0086320000000000008 0.092127000000000014 0.092607000000000037 0.092014999999999986 0.0038720000000000004 0.003875 0.003846 0.00078600000000000002 0.0007980000000000001 0.00077800000000000005 1.7491477075592172 1.7491477075592172 1.7491477075592172 4.1637669181765259e-05 4.1637669181765259e-05 4.1637669181765259e-05 1 1 1 Converged Converged Converged OK OK OK 77 77 77 77 77 77 3 3 3 0 0 0 0 0 1 0 0
55 55 uniform 3 7 558 1 0.0001 0.38743680855086243 0.0041232246473781355 0.00025200188553481807 2.173564528461887 0.30449057557194104 2.173544806575193 0 -2.1719538773355276 1.7554748684868327 OK 13 12 0.57669899999999996 0.61746599999999996 0.12719800000000001 0.44564300000000001 0.314303 0 0.13105599999999995 0.30316299999999996 0.12719800000000001 0.0081300000000000001 0.0083280000000000003 0.0076759999999999997 0.098982000000000001 0.27071000000000001 0.096004000000000006 0.003947 0.0040080000000000003 0.0038929999999999998 0.00077699999999999991 0.00078400000000000008 0.00075500000000000003 1.7554748530702773 1.7554748530702773 1.7554748530702773 4.1919879626747373e-05 4.1919879626747373e-05 4.1919879626747373e-05 1 1 1 Converged Converged Converged OK OK OK 77 77 77 77 77 77 3 3 3 0 0 0 0 1 0 0 1
55 55 uniform 3 15 558 2 0.0001 0.38743680855086243 0.0041232246473781355 0.00025200188553481807 2.173564528461887 0.30449057557194104 2.1735798677070934 0 -2.171988938467428 1.7628460777684936 OK 13 12 0.60018000000000005 0.64324999999999999 0.12331 0.47499999999999998 0.32892399999999999 0 0.12518000000000007 0.31432599999999999 0.12331 0.0082249999999999997 0.0082679999999999993 0.0076860000000000001 0.092908999999999978 0.281802 0.092471999999999999 0.0038419999999999999 0.0040499999999999998 0.0038079999999999998 0.00078299999999999995 0.00077799999999999994 0.000754 1.7628460622141615 1.7628460622141615 1.7628460622141615 4.2246990934200169e-05 4.2246990934200169e-05 4.2246990934200169e-05 1 1 1 Converged Converged Converged OK OK OK 77 77 77 77 77 77 3 3 3 0 0 0 0 1 0 0 1
55 55 uniform 3 23 558 3 0.0001 0.38743680855086243 0.0041232246473781355 0.00025200188553481807 2.173564528461887 0.30449057557194104 2.1736149288389939 0 -2.1720239995993285 1.770371684022823 OK 13 12 0.65298900000000004 0.67262900000000003 0.127363 0.52365499999999998 0.37320999999999999 0 0.12933400000000006 0.29941900000000005 0.127363 0.008175 0.011608 0.0075799999999999999 0.097198000000000007 0.26341199999999998 0.09651299999999996 0.0038929999999999998 0.0040730000000000002 0.0038240000000000001 0.00078699999999999994 0.00078399999999999997 0.00075700000000000008 1.7703716683116708 1.7703716683116708 1.7703716683116708 4.2579105979127079e-05 4.2579105979127079e-05 4.2579105979127079e-05 1 1 1 Converged Converged Converged OK OK OK 77 77 77 77 77 77 3 3 3 0 0 0 0 1 0 0 1
55 55 uniform 4 0 559 0 0.001 0.38743680855086243 0.0041232246473781355 0.00025200188553481807 2.1759300017854795 0.30741828322777293 2.1758796014083726 0 -2.1742886721687071 1.747688505655272 OK 13 12 0.71293099999999998 0.70919399999999999 0.101864 0.60951299999999997 0.60585 0 0.10341800000000001 0.10334399999999999 0.101864 0.0090150000000000004 0.0089079999999999993 0.0086199999999999992 0.078067999999999999 0.078442000000000012 0.077376000000000014 0.0022240000000000003 0.0022109999999999999 0.0021879999999999998 0.00054999999999999992 0.00057499999999999999 0.00054000000000000001 1.7476884888953794 1.7476884888953794 1.7476884888953794 0.00057107406344987434 0.00057107406344987434 0.00057107406344987434 1 1 1 Converged Converged Converged OK OK OK 45 45 45 45 45 45 3 3 3 0 0 0 0 0 1 0 0
55 55 uniform 4 7 559 1 0.001 0.38743680855086243 0.0041232246473781355 0.00025200188553481807 2.1759300017854795 0.30741828322777293 2.1759102798987855 0 -2.1743193506591201 1.7249619773229143 OK 13 12 0.56441699999999995 0.50114800000000004 0.083349000000000006 0.479686 0.33915899999999999 0 0.084730999999999945 0.16198900000000005 0.083349000000000006 0.0082050000000000005 0.0083140000000000002 0.0076600000000000001 0.062348000000000001 0.13946100000000003 0.062012999999999985 0.002222 0.0022659999999999998 0.0021180000000000001 0.00056099999999999998 0.00059600000000000007 0.00055000000000000003 1.7249619615788798 1.7249619615788798 1.7249619615788798 0.00057023849851980078 0.00057023849851980078 0.00057023849851980078 1 1 1 Converged Converged Converged OK OK OK 45 45 45 45 45 45 3 3 3 0 0 0 0 1 0 0 1
55 55 uniform 4 15 559 2 0.001 0.38743680855086243 0.0041232246473781355 0.00025200188553481807 2.1759300017854795 0.30741828322777293 2.1759453410306859 0 -2.1743544117910205 1.7018667634490237 OK 13 12 0.59599000000000002 0.53604499999999999 0.093751000000000001 0.50009499999999996 0.363788 0 0.095895000000000064 0.17225699999999999 0.093751000000000001 0.0082450000000000006 0.0083009999999999994 0.007711 0.073282999999999987 0.149782 0.072465999999999989 0.002222 0.0022959999999999999 0.0021849999999999999 0.00054900000000000001 0.00056099999999999998 0.00053299999999999995 1.7018667485302585 1.7018667485302585 1.7018667485302585 0.0005685708690141521 0.0005685708690141521 0.0005685708690141521 1 1 1 Converged Converged Converged OK OK OK 45 45 45 45 45 45 3 3 3 0 0 0 0 1 0 0 1
55 55 uniform 4 23 559 3 0.001 0.38743680855086243 0.0041232246473781355 0.00025200188553481807 2.1759300017854795 0.30741828322777293 2.1759804021625864 0 -2.174389472922921 1.6812939803673452 OK 13 12 0.57239099999999998 0.51803399999999999 0.092262999999999998 0.47873399999999999 0.34063700000000002 0 0.09365699999999999 0.17739699999999997 0.092262999999999998 0.0081480000000000007 0.0081209999999999997 0.0076509999999999998 0.071244999999999989 0.15505000000000002 0.071128999999999998 0.0021650000000000003 0.0022950000000000002 0.0021180000000000001 0.00054900000000000001 0.00058600000000000004 0.00053200000000000003 1.6812939660339752 1.6812939660339752 1.6812939660339752 0.00056641228889071384 0.00056641228889071384 0.00056641228889071384 1 1 1 Converged Converged Converged OK OK OK 45 45 45 45 45 45 3 3 3 0 0 0 0 1 0 0 1
55 55 uniform 4 0 559 0 0.0001 0.38743680855086243 0.0041232246473781355 0.00025200188553481807 2.1759300017854795 0.30741828322777293 2.1758796014083726 0 -2.1742886721687071 1.747688505655272 OK 13 12 0.77998199999999995 0.78156300000000001 0.16967399999999999 0.60935600000000001 0.61074300000000004 0 0.17062599999999994 0.17081999999999997 0.16967399999999999 0.0089379999999999998 0.0090609999999999996 0.0084519999999999994 0.13408100000000001 0.13432799999999998 0.13385599999999998 0.0039579999999999997 0.0039589999999999998 0.0038909999999999995 0.00082899999999999988 0.00077200000000000001 0.00078500000000000011 1.7476884894360096 1.7476884894360096 1.7476884894360096 7.417931710879488e-05 7.417931710879488e-05 7.417931710879488e-05 1 1 1 Converged Converged Converged OK OK OK 77 77 77 77 77 77 3 3 3 0 0 0 0 0 1 0 0
55 55 uniform 4 7 559 1 0.0001 0.38743680855086243 0.0041232246473781355 0.00025200188553481807 2.1759300017854795 0.30741828322777293 2.1759102798987855 0 -2.1743193506591201 1.7249619773229143 OK 13 12 0.62120699999999995 0.58845499999999995 0.13405900000000001 0.48195700000000002 0.33495200000000003 0 0.13924999999999993 0.25350299999999992 0.13405900000000001 0.0082620000000000002 0.0082710000000000006 0.0077089999999999997 0.10577299999999999 0.22102400000000005 0.10297100000000006 0.0044510000000000001 0.0040490000000000005 0.0038779999999999995 0.00083499999999999991 0.00080900000000000004 0.00077499999999999997 1.7249619619528835 1.7249619619528835 1.7249619619528835 7.4205980884785408e-05 7.4205980884785408e-05 7.4205980884785408e-05 1 1 1 Converged Converged Converged OK OK OK 77 77 77 77 77 77 3 3 3 0 0 0 0 1 0 0 1
55 55 uniform 4 15 559 2 0.0001 0.38743680855086243 0.0041232246473781355 0.00025200188553481807 2.1759300017854795 0.30741828322777293 2.1759453410306859 0 -2.1743544117910205 1.7018667634490237 OK 13 12 0.67251899999999998 0.64417000000000002 0.15706000000000001 0.50559500000000002 0.36598000000000003 0 0.16692399999999996 0.27818999999999999 0.15706000000000001 0.0084899999999999993 0.0082760000000000004 0.0076030000000000004 0.13345599999999994 0.24557900000000002 0.12583800000000001 0.004045 0.0039899999999999996 0.0038939999999999999 0.00079500000000000003 0.00081100000000000009 0.0007719999999999999 1.701866748769967 1.701866748769967 1.701866748769967 7.4235616263279377e-05 7.4235616263279377e-05 7.4235616263279377e-05 1 1 1 Converged Converged Converged OK OK OK 77 77 77 77 77 77 3 3 3 0 0 0 0 1 0 0 1
55 55 uniform 4 23 559 3 0.0001 0.38743680855086243 0.0041232246473781355 0.00025200188553481807 2.1759300017854795 0.30741828322777293 2.1759804021625864 0 -2.174389472922921 1.6812939803673452 OK 13 12 0.63890499999999995 0.60811700000000002 0.15390999999999999 0.48327599999999998 0.33447199999999999 0 0.15562899999999996 0.27364500000000003 0.15390999999999999 0.0082579999999999997 0.0082830000000000004 0.0076860000000000001 0.123461 0.24112099999999997 0.12294900000000003 0.0039199999999999999 0.0039850000000000007 0.0037780000000000001 0.00080900000000000004 0.00081400000000000005 0.00076800000000000002 1.6812939661830297 1.6812939661830297 1.6812939661830297 7.4264389642445986e-05 7.4264389642445986e-05 7.4264389642445986e-05 1 1 1 Converged Converged Converged OK OK OK 77 77 77 77 77 77 3 3 3 0 0 0 0 1 0 0 1
56 56 linear 0 0 560 0 0.001 2.4429754864384878 0.2893345619536723 4.9881571328840106e-05 -1.6067130432363692 -0.051425021740270027 -1.606723019550635 0.5 2.1549416612360015 91.316344750440877 OK 14 13 0.53997700000000004 0.53506399999999998 0.13866600000000001 0.397621 0.39622000000000002 0 0.14235600000000004 0.13884399999999997 0.13866600000000001 0.012151 0.012125 0.011445 0.107962 0.10564300000000003 0.10567599999999998 0.0030890000000000002 0.0028080000000000002 0.0029459999999999998 0.00075500000000000003 0.00067100000000000005 0.00070100000000000002 91.317025395733978 91.317025395733978 91.317025395733978 0.079042304633117885 0.079042304633117885 0.079042304633117885 1 1 1 Converged Converged Converged OK OK OK 66 66 66 66 66 66 6 6 6 0 0 0 0 0 1 0 0
56 56 linear 0 7 560 1 0.001 2.4429754864384878 0.2893345619536723 4.9881571328840106e-05 -1.6067130432363692 -0.051425021740270027 -1.6067169470115168 0.5 2.1549355886968833 106.62929183015014 OK 14 13 0.55517099999999997 0.59609100000000004 0.14569499999999999 0.40609899999999999 0.26622699999999999 0 0.14907199999999998 0.32986400000000005 0.14569499999999999 0.011003000000000001 0.011091999999999999 0.01035 0.11797799999999999 0.29799400000000009 0.11560700000000007 0.0031599999999999996 0.0036429999999999995 0.0033309999999999998 0.00081999999999999998 0.000825 0.00083700000000000007 106.63047445871261 106.63047445871261 106.63047445871261 0.01762071296702649 0.01762071296702649 0.01762071296702649 1 1 1 Converged Converged Converged OK OK OK 74 74 74 74 74 74 6 6 6 0 0 0 0 1 0 0 1
56 56 linear 0 15 560 2 0.001 2.4429754864384878 0.2893345619536723 4.9881571328840106e-05 -1.6067130432363692 -0.051425021740270027 -1.6067100069668101 0.5 2.1549286486521768 123.02303143973381 OK 14 13 0.52763899999999997 0.58474800000000005 0.138292 0.38546599999999998 0.271874 0 0.14217299999999999 0.31287400000000004 0.138292 0.01108 0.011192000000000001 0.010276 0.11243700000000002 0.28180300000000003 0.10979400000000003 0.0031159999999999998 0.0036399999999999996 0.0031979999999999999 0.00077500000000000008 0.0008470000000000001 0.00078100000000000001 123.02364883882791 123.02364883882791 123.02364883882791 0.017607449635429078 0.017607449635429078 0.017607449635429078 1 1 1 Converged Converged Converged OK OK OK 74 74 74 74 74 74 6 6 6 0 0 0 0 1 0 0 1
56 56 linear 0 23 560 3 0.001 2.4429754864384878 0.2893345619536723 4.9881571328840106e-05 -1.6067130432363692 -0.051425021740270027 -1.6067030669221034 0.5 2.1549217086074699 137.95831794537267 OK 14 13 0.55850999999999995 0.63955700000000004 0.13770199999999999 0.41101500000000002 0.30768000000000001 0 0.14749499999999993 0.33187700000000003 0.13770199999999999 0.011220000000000001 0.011006999999999999 0.010286 0.11701399999999997 0.30137900000000006 0.10939500000000001 0.0033319999999999999 0.0034850000000000003 0.0030599999999999998 0.00081700000000000002 0.00082000000000000009 0.000812 137.95930488244798 137.95930488244798 137.95930488244798 0.018220476316510616 0.018220476316510616 0.018220476316510616 1 1 1 Converged Converged Converged OK OK OK 74 74 74 74 74 74 6 6 6 0 0 0 0 1 0 0 1
56 56 linear 0 0 560 0 0.0001 2.4429754864384878 0.2893345619536723 4.9881571328840106e-05 -1.6067130432363692 -0.051425021740270027 -1.606723019550635 0.5 2.1549416612360015 91.316344750440877 OK 14 13 0.55599900000000002 0.55287399999999998 0.15932499999999999 0.39195099999999999 0.38887500000000003 0 0.16404800000000003 0.16399899999999995 0.15932499999999999 0.012019 0.015276 0.011436999999999999 0.12494600000000004 0.12188999999999998 0.12117600000000001 0.0036249999999999998 0.0036280000000000001 0.0034889999999999999 0.00099700000000000006 0.00099599999999999992 0.001 91.317021447100117 91.317021447100117 91.317021447100117 0.0090661405167173133 0.0090661405167173133 0.0090661405167173133 1 1 1 Converged Converged Converged OK OK OK 82 82 82 82 82 82 6 6 6 0 0 0 0 0 1 0 0
56 56 linear 0 7 560 1 0.0001 2.4429754864384878 0.2893345619536723 4.9881571328840106e-05 -1.6067130432363692 -0.051425021740270027 -1.6067169470115168 0.5 2.1549355886968833 106.62929183015014 OK 14 13 0.56969099999999995 0.62675999999999998 0.15335499999999999 0.41102499999999997 0.26446199999999997 0 0.15866599999999997 0.36229800000000001 0.15335499999999999 0.011069000000000001 0.011011 0.010194999999999999 0.12677499999999997 0.33075000000000004 0.12319400000000001 0.0034870000000000005 0.0034939999999999997 0.0034749999999999998 0.00094300000000000004 0.00091 0.00089400000000000005 106.6304740482056 106.6304740482056 106.6304740482056 0.0096665292959495722 0.0096665292959495722 0.0096665292959495722 1 1 1 Converged Converged Converged OK OK OK 82 82 82 82 82 82 6 6 6 0 0 0 0 1 0 0 1
56 56 linear 0 15 560 2 0.0001 2.4429754864384878 0.2893345619536723 4.9881571328840106e-05 -1.6067130432363692 -0.051425021740270027 -1.6067100069668101 0.5 2.1549286486521768 123.02303143973381 OK 14 13 0.53760200000000002 0.614985 0.14807300000000001 0.379915 0.26517499999999999 0 0.15768700000000002 0.34981000000000001 0.14807300000000001 0.011018 0.011102000000000001 0.010317 0.12597199999999997 0.31803100000000001 0.117921 0.0035870000000000003 0.0036479999999999993 0.0033889999999999997 0.00095100000000000002 0.00094800000000000006 0.0009140000000000001 123.02364865681864 123.02364865681864 123.02364865681864 0.010536326427958601 0.010536326427958601 0.010536326427958601 1 1 1 Converged Converged Converged OK OK OK 82 82 82 82 82 82 6 6 6 0 0 0 0 1 0 0 1
56 56 linear 0 23 560 3 0.0001 2.4429754864384878 0.2893345619536723 4.9881571328840106e-05 -1.6067130432363692 -0.051425021740270027 -1.6067030669221034 0.5 2.1549217086074699 137.95831794537267 OK 14 13 0.56223199999999995 0.67139199999999999 0.147234 0.41037499999999999 0.30560799999999999 0 0.15185699999999996 0.365784 0.147234 0.011095000000000001 0.011041 0.010318000000000001 0.12030999999999999 0.33380100000000001 0.11721300000000001 0.003529 0.0035510000000000003 0.0034300000000000003 0.00094600000000000001 0.00095800000000000008 0.00092399999999999991 137.95930478933758 137.95930478933758 137.95930478933758 0.011611455613671273 0.011611455613671273 0.011611455613671273 1 1 1 Converged Converged Converged OK OK OK 82 82 82 82 82 82 6 6 6 0 0 0 0 1 0 0 1
56 56 linear 1 0 561 0 0.001 2.4429754864384878 0.2893345619536723 4.9881571328840106e-05 -1.5879805026855345 0.11622822738119896 -1.5879904789998003 0.5 2.1362091206851668 112.94797731816151 OK 14 13 0.70451900000000001 0.69959000000000005 0.21227599999999999 0.48630800000000002 0.48622300000000002 0 0.21821099999999999 0.21336700000000003 0.21227599999999999 0.01289 0.013209 0.01269 0.18076599999999993 0.175903 0.17514199999999999 0.0037169999999999998 0.0038280000000000002 0.004078 0.00079000000000000001 0.00081599999999999989 0.00079699999999999997 112.94919400186518 112.94919400186518 112.94919400186518 0.096792469215537691 0.096792469215537691 0.096792469215537691 1 1 1 Converged Converged Converged OK OK OK 75 75 75 75 75 75 5 5 5 0 0 0 0 0 1 0 0
56 56 linear 1 7 561 1 0.001 2.4429754864384878 0.2893345619536723 4.9881571328840106e-05 -1.5879805026855345 0.11622822738119896 -1.5879844064606821 0.5 2.1362030481460486 147.54956976700427 OK 14 13 0.75748599999999999 0.65940200000000004 0.221885 0.53722700000000001 0.34071000000000001 0 0.22025899999999998 0.31869200000000003 0.221885 0.012208999999999999 0.012161999999999999 0.012721 0.18792700000000004 0.28695199999999998 0.189611 0.0037560000000000002 0.003473 0.0036600000000000001 0.00085700000000000001 0.00077699999999999991 0.00085700000000000001 147.55139949050667 147.55139949039454 147.55139949050667 0.081518877288806232 0.081518877301999387 0.081518877288806232 1 1 1 Converged Converged Converged OK OK OK 75 75 75 75 75 75 5 5 5 0 0 0 0 1 0 0 1
56 56 linear 1 15 561 2 0.001 2.4429754864384878 0.2893345619536723 4.9881571328840106e-05 -1.5879805026855345 0.11622822738119896 -1.5879774664159754 0.5 2.1361961081013421 186.27809916633194 OK 14 13 0.75806200000000001 0.69754899999999997 0.24202399999999999 0.51774699999999996 0.369228 0 0.24031500000000006 0.32832099999999997 0.24202399999999999 0.011804 0.011787000000000001 0.01243 0.20519000000000001 0.29323099999999991 0.20702299999999998 0.0043429999999999996 0.0043249999999999999 0.0040140000000000002 0.0010009999999999999 0.0010660000000000001 0.00098999999999999999 186.27878540125312 186.27878540127224 186.27878540125312 0.06806193428829066 0.068061934362587617 0.06806193428829066 1 1 1 Converged Converged Converged OK OK OK 83 83 83 83 83 83 5 5 5 0 0 0 0 1 0 0 1
56 56 linear 1 23 561 3 0.001 2.4429754864384878 0.2893345619536723 4.9881571328840106e-05 -1.5879805026855345 0.11622822738119896 -1.5879705263712687 0.5 2.1361891680566352 223.06983047452886 OK 14 13 0.71467599999999998 0.68598099999999995 0.248783 0.46753099999999997 0.36019000000000001 0 0.247145 0.32579099999999994 0.248783 0.012626999999999999 0.012511 0.013016 0.21344699999999994 0.29170400000000007 0.21526700000000007 0.0038170000000000001 0.0042000000000000006 0.0037669999999999999 0.00089499999999999996 0.00088600000000000007 0.00084399999999999992 223.07167921942053 223.07167921948357 223.07167921942053 0.094136672693293691 0.094136672692022305 0.094136672693293691 1 1 1 Converged Converged Converged OK OK OK 82 82 82 82 82 82 6 6 6 0 0 0 0 1 0 0 1
56 56 linear 1 0 561 0 0.0001 2.4429754864384878 0.2893345619536723 4.9881571328840106e-05 -1.5879805026855345 0.11622822738119896 -1.5879904789998003 0.5 2.1362091206851668 112.94797731816151 OK 14 13 0.83019500000000002 0.82195399999999996 0.33388499999999999 0.48841400000000001 0.48757600000000001 0 0.341781 0.33437799999999995 0.33388499999999999 0.016258999999999999 0.013128000000000001 0.012886999999999999 0.28580600000000012 0.28217300000000012 0.28159599999999979 0.0071599999999999997 0.0070130000000000001 0.0075260000000000006 0.00109 0.0010739999999999999 0.0010869999999999999 112.94883762851202 112.94883762851202 112.94883762851202 0.0060141478771580971 0.0060141478771580971 0.0060141478771580971 1 1 1 Converged Converged Converged OK OK OK 123 123 123 123 123 123 5 5 5 0 0 0 0 0 1 0 0
56 56 linear 1 7 561 1 0.0001 2.4429754864384878 0.2893345619536723 4.9881571328840106e-05 -1.5879805026855345 0.11622822738119896 -1.5879844064606821 0.5 2.1362030481460486 147.54956976700427 OK 14 13 0.81686400000000003 0.76898299999999997 0.27423500000000001 0.53416799999999998 0.34635899999999997 0 0.28269600000000006 0.422624 0.27423500000000001 0.012197 0.012095 0.011559 0.243866 0.38347099999999973 0.23645499999999994 0.0048819999999999992 0.0051860000000000005 0.0049750000000000003 0.001057 0.0010799999999999998 0.001039 147.5514002279815 147.55140022787441 147.5514002279815 0.0078261646130162923 0.0078261646743568603 0.0078261646130162923 1 1 1 Converged Converged Converged OK OK OK 99 99 99 99 99 99 5 5 5 0 0 0 0 1 0 0 1
56 56 linear 1 15 561 2 0.0001 2.4429754864384878 0.2893345619536723 4.9881571328840106e-05 -1.5879805026855345 0.11622822738119896 -1.5879774664159754 0.5 2.1361961081013421 186.27809916633194 OK 14 13 0.78794500000000001 0.81682999999999995 0.26610899999999998 0.517787 0.38231300000000001 0 0.27015800000000001 0.43451699999999993 0.26610899999999998 0.011697000000000001 0.013050000000000001 0.011136999999999999 0.2319480000000001 0.39286799999999999 0.22917699999999999 0.0048420000000000008 0.0057480000000000005 0.00481 0.001065 0.0012340000000000003 0.001085 186.278785437734 186.27878543775316 186.278785437734 0.01372271240966148 0.013722712483958444 0.01372271240966148 1 1 1 Converged Converged Converged OK OK OK 99 99 99 99 99 99 5 5 5 0 0 0 0 1 0 0 1
56 56 linear 1 23 561 3 0.0001 2.4429754864384878 0.2893345619536723 4.9881571328840106e-05 -1.5879805026855345 0.11622822738119896 -1.5879705263712687 0.5 2.1361891680566352 223.06983047452886 OK 14 13 0.84514599999999995 0.87190699999999999 0.37076500000000001 0.46318399999999998 0.361898 0 0.38196199999999997 0.51000899999999993 0.37076500000000001 0.012435999999999999 0.012623000000000001 0.011748 0.33333399999999991 0.45469700000000002 0.32477400000000001 0.0076519999999999999 0.008005 0.007136 0.001219 0.0012459999999999999 0.001147 223.0716699082495 223.07166990829452 223.0716699082495 0.015579476937736401 0.015579476923564909 0.015579476937736401 1 1 1 Converged Converged Converged OK OK OK 130 130 130 130 130 130 6 6 6 0 0 0 0 1 0 0 1
56 56 linear 2 0 562 0 0.001 2.4429754864384878 0.2893345619536723 4.9881571328840106e-05 -1.6529037972959839 -0.007543348288067994 -1.6529137736102497 0.5 2.2011324152956164 5.3225588481985842 OK 13 12 0.484815 0.48238799999999998 0.10626099999999999 0.37675999999999998 0.37463000000000002 0 0.10805500000000001 0.10775799999999996 0.10626099999999999 0.0093679999999999996 0.0094520000000000003 0.009195 0.079472000000000015 0.078820000000000001 0.077926999999999996 0.0029690000000000003 0.0031780000000000003 0.0032179999999999995 0.00066799999999999997 0.00070299999999999996 0.00067500000000000004 5.322543798179213 5.322543798179213 5.322543798179213 0.0037506447398006964 0.0037506447398006964 0.0037506447398006964 1 1 1 Converged Converged Converged OK OK OK 53 53 53 53 53 53 3 3 3 0 0 0 0 0 1 0 0
56 56 linear 2 7 562 1 0.001 2.4429754864384878 0.2893345619536723 4.9881571328840106e-05 -1.6529037972959839 -0.007543348288067994 -1.6529077010711315 0.5 2.2011263427564982 13.980731905121251 OK 14 13 0.51415599999999995 0.50807999999999998 0.13087699999999999 0.38234600000000002 0.27833799999999997 0 0.13180999999999993 0.229742 0.13087699999999999 0.011387 0.011488 0.011932999999999999 0.099737000000000048 0.198573 0.099381000000000011 0.0035830000000000002 0.0030019999999999999 0.003003 0.00087900000000000001 0.00085400000000000005 0.00085599999999999999 13.980389416004089 13.980389416004089 13.980389416004089 0.011524496659234844 0.011524496659234844 0.011524496659234844 1 1 1 Converged Converged Converged OK OK OK 67 67 67 67 67 67 5 5 5 0 0 0 0 1 0 0 1
56 56 linear 2 15 562 2 0.001 2.4429754864384878 0.2893345619536723 4.9881571328840106e-05 -1.6529037972959839 -0.007543348288067994 -1.6529007610264248 0.5 2.2011194027117913 26.534708141334143 OK 14 13 0.48513899999999999 0.439689 0.117851 0.36271399999999998 0.249251 0 0.12242500000000001 0.190438 0.117851 0.011024000000000001 0.010952 0.010281999999999999 0.093204999999999982 0.161602 0.090341999999999992 0.0032440000000000004 0.0030720000000000001 0.0029269999999999999 0.00078699999999999994 0.00076900000000000004 0.00072800000000000002 26.534585596775766 26.534585596775766 26.534585596775766 0.011632403084243606 0.011632403084243606 0.011632403084243606 1 1 1 Converged Converged Converged OK OK OK 67 67 67 67 67 67 5 5 5 0 0 0 0 1 0 0 1
56 56 linear 2 23 562 3 0.001 2.4429754864384878 0.2893345619536723 4.9881571328840106e-05 -1.6529037972959839 -0.007543348288067994 -1.6528938209817181 0.5 2.2011124626670848 39.849542254204287 OK 14 13 0.53487700000000005 0.50821099999999997 0.124116 0.40675899999999998 0.29696499999999998 0 0.12811800000000007 0.21124599999999999 0.124116 0.01093 0.010815 0.010305 0.099332999999999991 0.18257000000000009 0.096937000000000009 0.0029919999999999999 0.0030830000000000002 0.0028009999999999997 0.00087399999999999999 0.00086699999999999993 0.00085500000000000007 39.850340491177128 39.850340491177128 39.850340491177128 0.011808522797959147 0.011808522797959147 0.011808522797959147 1 1 1 Converged Converged Converged OK OK OK 67 67 67 67 67 67 5 5 5 0 0 0 0 1 0 0 1
56 56 linear 2 0 562 0 0.0001 2.4429754864384878 0.2893345619536723 4.9881571328840106e-05 -1.6529037972959839 -0.007543348288067994 -1.6529137736102497 0.5 2.2011324152956164 5.3225588481985842 OK 13 12 0.53503299999999998 0.53830800000000001 0.15831100000000001 0.37368099999999999 0.37513400000000002 0 0.161352 0.16317399999999999 0.15831100000000001 0.0093460000000000001 0.0095650000000000006 0.0090989999999999994 0.12326000000000004 0.125531 0.12147200000000002 0.0041749999999999999 0.004045 0.004045 0.00091100000000000003 0.00090900000000000009 0.00096299999999999999 5.3225583200067677 5.3225583200067677 5.3225583200067677 2.9052118447378556e-05 2.9052118447378556e-05 2.9052118447378556e-05 1 1 1 Converged Converged Converged OK OK OK 77 77 77 77 77 77 3 3 3 0 0 0 0 0 1 0 0
56 56 linear 2 7 562 1 0.0001 2.4429754864384878 0.2893345619536723 4.9881571328840106e-05 -1.6529037972959839 -0.007543348288067994 -1.6529077010711315 0.5 2.2011263427564982 13.980731905121251 OK 14 13 0.56247000000000003 0.59397 0.17011299999999999 0.38682800000000001 0.27654600000000001 0 0.17564200000000002 0.31742399999999998 0.17011299999999999 0.011391999999999999 0.011505 0.010541 0.135656 0.27784000000000003 0.13220099999999996 0.0045599999999999998 0.0045050000000000003 0.0043040000000000005 0.0011409999999999999 0.001042 0.0010659999999999999 13.980403941468445 13.980403941468445 13.980403941468445 0.0013715387281417147 0.0013715387281417147 0.0013715387281417147 1 1 1 Converged Converged Converged OK OK OK 91 91 91 91 91 91 5 5 5 0 0 0 0 1 0 0 1
56 56 linear 2 15 562 2 0.0001 2.4429754864384878 0.2893345619536723 4.9881571328840106e-05 -1.6529037972959839 -0.007543348288067994 -1.6529007610264248 0.5 2.2011194027117913 26.534708141334143 OK 14 13 0.53130299999999997 0.52054299999999998 0.16051099999999999 0.36270000000000002 0.24538199999999999 0 0.16860299999999995 0.27516099999999999 0.16051099999999999 0.010951000000000001 0.011051 0.010243 0.131854 0.23516699999999996 0.12541200000000005 0.0047229999999999998 0.004509 0.0042969999999999996 0.0010789999999999999 0.00099799999999999997 0.0010059999999999999 26.53460012238752 26.53460012238752 26.53460012238752 0.001480479619028243 0.001480479619028243 0.001480479619028243 1 1 1 Converged Converged Converged OK OK OK 91 91 91 91 91 91 5 5 5 0 0 0 0 1 0 0 1
56 56 linear 2 23 562 3 0.0001 2.4429754864384878 0.2893345619536723 4.9881571328840106e-05 -1.6529037972959839 -0.007543348288067994 -1.6528938209817181 0.5 2.2011124626670848 39.849542254204287 OK 14 13 0.57915700000000003 0.59990100000000002 0.167161 0.40701399999999999 0.29353600000000002 0 0.17214300000000005 0.306365 0.167161 0.010932000000000001 0.010857 0.010286999999999999 0.13559499999999999 0.26994299999999999 0.132219 0.0044790000000000003 0.0045510000000000004 0.0043280000000000002 0.0011610000000000001 0.001119 0.0010999999999999998 39.850355016931594 39.850355016931594 39.850355016931594 0.0016576335177734404 0.0016576335177734404 0.0016576335177734404 1 1 1 Converged Converged Converged OK OK OK 91 91 91 91 91 91 5 5 5 0 0 0 0 1 0 0 1
56 56 linear 3 0 563 0 0.001 2.4429754864384878 0.2893345619536723 4.9881571328840106e-05 0.46993102633849043 0.070712032928513399 0.46992105002422468 0.5 0.078297591661141919 207.5087121328574 OK 13 12 0.51693599999999995 0.51866000000000001 0.174731 0.33735599999999999 0.34174500000000002 0 0.17957999999999996 0.17691499999999999 0.174731 0.010439 0.010319999999999999 0.0099810000000000003 0.15019399999999999 0.14782499999999998 0.14638899999999996 0.0026459999999999999 0.0026380000000000002 0.0026160000000000003 0.00059699999999999998 0.00057600000000000001 0.00056400000000000005 207.50861304959483 207.50861304959483 207.50861304959483 0.0072085449638660849 0.0072085449638660849 0.0072085449638660849 1 1 1 Converged Converged Converged OK OK OK 53 53 53 53 53 53 3 3 3 0 0 0 0 0 1 0 0
56 56 linear 3 7 563 1 0.001 2.4429754864384878 0.2893345619536723 4.9881571328840106e-05 0.46993102633849043 0.070712032928513399 0.46992712256334296 0.5 0.078291519122023645 216.58479845124347 OK 13 12 0.51354699999999998 0.378631 0.175929 0.33297599999999999 0.20177700000000001 0 0.18057099999999998 0.17685399999999998 0.175929 0.0093600000000000003 0.0093399999999999993 0.0089040000000000005 0.15428100000000003 0.15095699999999995 0.15075399999999997 0.0027200000000000002 0.0026840000000000002 0.0026319999999999998 0.000571 0.00056100000000000008 0.00054699999999999996 216.5846923097445 216.5846923097445 216.5846923097445 0.0072097884784090051 0.0072097884784090051 0.0072097884784090051 1 1 1 Converged Converged Converged OK OK OK 53 53 53 53 53 53 3 3 3 0 0 0 0 1 0 0 1
56 56 linear 3 15 563 2 0.001 2.4429754864384878 0.2893345619536723 4.9881571328840106e-05 0.46993102633849043 0.070712032928513399 0.4699340626080496 0.5 0.078284579077317007 228.50280834370633 OK 13 12 0.51584399999999997 0.38312400000000002 0.177953 0.333121 0.203906 0 0.18272299999999997 0.17921800000000002 0.177953 0.0093930000000000003 0.0093980000000000001 0.0087989999999999995 0.15643000000000001 0.15318699999999999 0.15285199999999999 0.0026490000000000003 0.0027150000000000004 0.0025929999999999998 0.00056800000000000004 0.00056999999999999998 0.00054299999999999997 228.50270345116584 228.50270345116584 228.50270345116584 0.0072115455597570747 0.0072115455597570747 0.0072115455597570747 1 1 1 Converged Converged Converged OK OK OK 53 53 53 53 53 53 3 3 3 0 0 0 0 1 0 0 1
56 56 linear 3 23 563 3 0.001 2.4429754864384878 0.2893345619536723 4.9881571328840106e-05 0.46993102633849043 0.070712032928513399 0.46994100265275618 0.5 0.078277639032610424 242.58178743289253 OK 13 12 0.51707700000000001 0.38641799999999998 0.18768499999999999 0.32435399999999998 0.19294800000000001 0 0.19272300000000003 0.19346999999999998 0.18768499999999999 0.0093970000000000008 0.0092519999999999998 0.0088669999999999999 0.16644599999999998 0.16766600000000001 0.16257200000000005 0.0027409999999999999 0.0027039999999999998 0.0026539999999999997 0.00055900000000000004 0.00056700000000000001 0.00054299999999999997 242.58167077076874 242.58167077076874 242.58167077076874 0.007215773081947729 0.007215773081947729 0.007215773081947729 1 1 1 Converged Converged Converged OK OK OK 53 53 53 53 53 53 3 3 3 0 0 0 0 1 0 0 1
56 56 linear 3 0 563 0 0.0001 2.4429754864384878 0.2893345619536723 4.9881571328840106e-05 0.46993102633849043 0.070712032928513399 0.46992105002422468 0.5 0.078297591661141919 207.5087121328574 OK 13 12 0.517648 0.51234599999999997 0.17469699999999999 0.33804000000000001 0.33698099999999998 0 0.17960799999999999 0.17536499999999999 0.17469699999999999 0.010473 0.01023 0.0099330000000000009 0.15025499999999997 0.14655799999999994 0.14631200000000003 0.00266 0.0026059999999999998 0.0026459999999999999 0.00059800000000000001 0.00056999999999999998 0.00056899999999999995 207.50861304959483 207.50861304959483 207.50861304959483 0.0072085449638660849 0.0072085449638660849 0.0072085449638660849 1 1 1 Converged Converged Converged OK OK OK 53 53 53 53 53 53 3 3 3 0 0 0 0 0 1 0 0
56 56 linear 3 7 563 1 0.0001 2.4429754864384878 0.2893345619536723 4.9881571328840106e-05 0.46993102633849043 0.070712032928513399 0.46992712256334296 0.5 0.078291519122023645 216.58479845124347 OK 13 12 0.51410599999999995 0.37901899999999999 0.17557500000000001 0.33402799999999999 0.20175100000000001 0 0.18007799999999996 0.17726799999999998 0.17557500000000001 0.0094299999999999991 0.0092919999999999999 0.0089569999999999997 0.15376999999999999 0.15148500000000001 0.15048999999999998 0.0026589999999999999 0.0026550000000000002 0.0025959999999999998 0.00055599999999999996 0.00055400000000000002 0.00054100000000000003 216.5846923097445 216.5846923097445 216.5846923097445 0.0072097884784090051 0.0072097884784090051 0.0072097884784090051 1 1 1 Converged Converged Converged OK OK OK 53 53 53 53 53 53 3 3 3 0 0 0 0 1 0 0 1
56 56 linear 3 15 563 2 0.0001 2.4429754864384878 0.2893345619536723 4.9881571328840106e-05 0.46993102633849043 0.070712032928513399 0.4699340626080496 0.5 0.078284579077317007 228.50280834370633 OK 13 12 0.51014499999999996 0.38077 0.177594 0.32754800000000001 0.201685 0 0.18259699999999995 0.17908499999999999 0.177594 0.0094179999999999993 0.0093460000000000001 0.0088310000000000003 0.15635599999999999 0.153311 0.15268799999999996 0.0026350000000000002 0.00264 0.0025899999999999999 0.00056399999999999994 0.00054900000000000001 0.00054000000000000001 228.50270345116584 228.50270345116584 228.50270345116584 0.0072115455597570747 0.0072115455597570747 0.0072115455597570747 1 1 1 Converged Converged Converged OK OK OK 53 53 53 53 53 53 3 3 3 0 0 0 0 1 0 0 1
56 56 linear 3 23 563 3 0.0001 2.4429754864384878 0.2893345619536723 4.9881571328840106e-05 0.46993102633849043 0.070712032928513399 0.46994100265275618 0.5 0.078277639032610424 242.58178743289253 OK 13 12 0.51439900000000005 0.382907 0.18759600000000001 0.32181100000000001 0.194049 0 0.19258800000000004 0.188858 0.18759600000000001 0.0094490000000000008 0.0094610000000000007 0.0088690000000000001 0.166185 0.16287700000000002 0.16251700000000005 0.0027980000000000001 0.0026649999999999998 0.0026259999999999999 0.00055999999999999995 0.00055000000000000003 0.00055500000000000005 242.58167077076874 242.58167077076874 242.58167077076874 0.007215773081947729 0.007215773081947729 0.007215773081947729 1 1 1 Converged Converged Converged OK OK OK 53 53 53 53 53 53 3 3 3 0 0 0 0 1 0 0 1
56 56 linear 4 0 564 0 0.001 2.4429754864384878 0.2893345619536723 4.9881571328840106e-05 -1.5876839153835938 0.11454004109481979 -1.5876938916978596 0.5 2.1359125333832263 176.58637012875468 OK 15 14 0.72700500000000001 0.72651200000000005 0.24208299999999999 0.48056300000000002 0.48307699999999998 0 0.24644199999999999 0.24343500000000007 0.24208299999999999 0.016811 0.017065 0.016508999999999999 0.2005910000000001 0.19710700000000006 0.19672899999999993 0.0037470000000000003 0.0038410000000000002 0.0037450000000000001 0.00107 0.0011329999999999999 0.0010460000000000001 176.58624586526844 176.58624586526844 176.58624586526844 0.16819151821246789 0.16819151821246789 0.16819151821246789 1 1 1 Converged Converged Converged OK OK OK 82 82 82 82 82 82 6 6 6 0 0 0 0 0 1 0 0
56 56 linear 4 7 564 1 0.001 2.4429754864384878 0.2893345619536723 4.9881571328840106e-05 -1.5876839153835938 0.11454004109481979 -1.5876878191587414 0.5 2.1359064608441081 170.95321423797225 OK 15 14 0.72260500000000005 0.70807699999999996 0.22719600000000001 0.48571300000000001 0.37423699999999999 0 0.23689200000000005 0.33383999999999997 0.22719600000000001 0.015948 0.016178000000000001 0.015261 0.19871700000000006 0.29492699999999994 0.18988100000000005 0.0036810000000000002 0.0039290000000000002 0.0037530000000000003 0.00090600000000000001 0.00094799999999999995 0.00092900000000000003 170.95309641759502 170.95309641759502 170.95309641759502 0.15935028634723375 0.15935028634723375 0.15935028634723375 1 1 1 Converged Converged Converged OK OK OK 82 82 82 82 82 82 6 6 6 0 0 0 0 1 0 0 1
56 56 linear 4 15 564 2 0.001 2.4429754864384878 0.2893345619536723 4.9881571328840106e-05 -1.5876839153835938 0.11454004109481979 -1.5876808791140347 0.5 2.1358995207994012 165.35386340223528 OK 15 14 0.72701099999999996 0.70194800000000002 0.22366 0.49750100000000003 0.36386099999999999 0 0.22950999999999994 0.33808700000000003 0.22366 0.015966999999999999 0.015744000000000001 0.014914999999999999 0.19059899999999991 0.29955700000000002 0.18700799999999995 0.0041129999999999995 0.0039399999999999999 0.0037630000000000003 0.00095300000000000007 0.00096299999999999988 0.00091299999999999997 165.35374563610935 165.35374563610935 165.35374563610935 0.15245938294686434 0.15245938294686434 0.15245938294686434 1 1 1 Converged Converged Converged OK OK OK 82 82 82 82 82 82 6 6 6 0 0 0 0 1 0 0 1
56 56 linear 4 23 564 3 0.001 2.4429754864384878 0.2893345619536723 4.9881571328840106e-05 -1.5876839153835938 0.11454004109481979 -1.587673939069328 0.5 2.1358925807546947 160.46332734144872 OK 15 14 0.70757700000000001 0.69877299999999998 0.21870100000000001 0.48319099999999998 0.35657699999999998 0 0.22438600000000003 0.342196 0.21870100000000001 0.016331999999999999 0.016036999999999999 0.015145 0.18537299999999998 0.30376699999999995 0.18184900000000004 0.0039220000000000001 0.003803 0.0036619999999999999 0.00091700000000000006 0.00094899999999999987 0.00090300000000000005 160.46320905907208 160.46320905907208 160.46320905907208 0.14809763507339152 0.14809763507339152 0.14809763507339152 1 1 1 Converged Converged Converged OK OK OK 82 82 82 82 82 82 6 6 6 0 0 0 0 1 0 0 1
56 56 linear 4 0 564 0 0.0001 2.4429754864384878 0.2893345619536723 4.9881571328840106e-05 -1.5876839153835938 0.11454004109481979 -1.5876938916978596 0.5 2.1359125333832263 176.58637012875468 OK 15 14 0.80535299999999999 0.79918599999999995 0.323015 0.48078599999999999 0.47577700000000001 0 0.32456699999999999 0.32340899999999995 0.323015 0.016941000000000001 0.017108999999999999 0.016383000000000002 0.26566099999999987 0.26478499999999999 0.26523499999999994 0.0055960000000000003 0.0054809999999999998 0.0053939999999999995 0.001366 0.0013420000000000001 0.0013270000000000001 176.58624617123309 176.58624617123309 176.58624617123309 0.012112780468138211 0.012112780468138211 0.012112780468138211 1 1 1 Converged Converged Converged OK OK OK 114 114 114 114 114 114 6 6 6 0 0 0 0 0 1 0 0
56 56 linear 4 7 564 1 0.0001 2.4429754864384878 0.2893345619536723 4.9881571328840106e-05 -1.5876839153835938 0.11454004109481979 -1.5876878191587414 0.5 2.1359064608441081 170.95321423797225 OK 15 14 0.80545699999999998 0.84967599999999999 0.304344 0.49389100000000002 0.37609599999999999 0 0.31156599999999995 0.47358 0.304344 0.016091999999999999 0.016029000000000002 0.015344 0.26277900000000004 0.42480600000000002 0.25697199999999981 0.0056629999999999996 0.0056199999999999991 0.0055779999999999996 0.001258 0.0012720000000000001 0.001248 170.95309669083912 170.95309669083912 170.95309669083912 0.0098374157427868602 0.0098374157427868602 0.0098374157427868602 1 1 1 Converged Converged Converged OK OK OK 114 114 114 114 114 114 6 6 6 0 0 0 0 1 0 0 1
56 56 linear 4 15 564 2 0.0001 2.4429754864384878 0.2893345619536723 4.9881571328840106e-05 -1.5876839153835938 0.11454004109481979 -1.5876808791140347 0.5 2.1358995207994012 165.35386340223528 OK 15 14 0.80254300000000001 0.83835000000000004 0.30507800000000002 0.492481 0.36152299999999998 0 0.310062 0.47682700000000006 0.30507800000000002 0.015821000000000002 0.015875 0.015526999999999999 0.26101700000000005 0.42707099999999998 0.25658100000000006 0.0057619999999999998 0.0061440000000000002 0.0058180000000000003 0.001338 0.0012570000000000001 0.0013140000000000001 165.35374587741845 165.35374587741845 165.35374587741845 0.0091313695968463556 0.0091313695968463556 0.0091313695968463556 1 1 1 Converged Converged Converged OK OK OK 114 114 114 114 114 114 6 6 6 0 0 0 0 1 0 0 1
56 56 linear 4 23 564 3 0.0001 2.4429754864384878 0.2893345619536723 4.9881571328840106e-05 -1.5876839153835938 0.11454004109481979 -1.587673939069328 0.5 2.1358925807546947 160.46332734144872 OK 15 14 0.77580499999999997 0.84916000000000003 0.28870899999999999 0.48268800000000001 0.35522799999999999 0 0.29311699999999996 0.49393200000000004 0.28870899999999999 0.016160999999999998 0.016032000000000001 0.015594 0.24446800000000013 0.44475099999999995 0.24034000000000003 0.0057339999999999995 0.0060229999999999997 0.0057310000000000009 0.0011919999999999999 0.001183 0.0012650000000000001 160.46320927372827 160.46320927372827 160.46320927372827 0.0099355050299227993 0.0099355050299227993 0.0099355050299227993 1 1 1 Converged Converged Converged OK OK OK 114 114 114 114 114 114 6 6 6 0 0 0 0 1 0 0 1
56 56 uniform 0 0 565 0 0.001 2.4429754864384878 0.2893345619536723 4.9881571328840106e-05 -1.6067130432363692 -0.051425021740270027 -1.606723019550635 0 2.1549416612360015 93.773434844205582 OK 14 13 0.50318399999999996 0.50541400000000003 0.11172899999999999 0.39044400000000001 0.39184999999999998 0 0.11273999999999995 0.11356400000000005 0.11172899999999999 0.011668 0.011926000000000001 0.011506000000000001 0.080107000000000012 0.080591999999999997 0.079641000000000003 0.0026550000000000002 0.0028460000000000004 0.0025709999999999999 0.00067000000000000002 0.00072499999999999995 0.00064599999999999998 93.773433623439757 93.773433623439757 93.773433623439757 0.046125186986426495 0.046125186986426495 0.046125186986426495 1 1 1 Converged Converged Converged OK OK OK 66 66 66 66 66 66 6 6 6 0 0 0 0 0 1 0 0
56 56 uniform 0 7 565 1 0.001 2.4429754864384878 0.2893345619536723 4.9881571328840106e-05 -1.6067130432363692 -0.051425021740270027 -1.6067169470115168 0 2.1549355886968833 107.32346027523482 OK 14 13 0.51519599999999999 0.53525999999999996 0.108325 0.40483400000000003 0.26837800000000001 0 0.11036199999999996 0.26688199999999995 0.108325 0.010966999999999999 0.010895 0.010307999999999999 0.082497999999999988 0.23824500000000004 0.081708999999999962 0.0026979999999999999 0.0028800000000000002 0.0026689999999999999 0.00067000000000000002 0.00067899999999999992 0.00063900000000000003 107.32345396627596 107.32345396627596 107.32345396627596 0.065279799290227897 0.065279799290227897 0.065279799290227897 1 1 1 Converged Converged Converged OK OK OK 66 66 66 66 66 66 6 6 6 0 0 0 0 1 0 0 1
56 56 uniform 0 15 565 2 0.001 2.4429754864384878 0.2893345619536723 4.9881571328840106e-05 -1.6067130432363692 -0.051425021740270027 -1.6067100069668101 0 2.1549286486521768 121.67523316412742 OK 14 13 0.48386800000000002 0.51397999999999999 0.102961 0.37904900000000002 0.261355 0 0.104819 0.25262499999999999 0.102961 0.010933999999999999 0.010928 0.010318000000000001 0.076928000000000038 0.22470200000000001 0.076446 0.002614 0.0027819999999999998 0.0025750000000000005 0.00069099999999999999 0.00066 0.00064100000000000008 121.67523908887398 121.67523908887398 121.67523908887398 0.094622696626025543 0.094622696626025543 0.094622696626025543 1 1 1 Converged Converged Converged OK OK OK 66 66 66 66 66 66 6 6 6 0 0 0 0 1 0 0 1
56 56 uniform 0 23 565 3 0.001 2.4429754864384878 0.2893345619536723 4.9881571328840106e-05 -1.6067130432363692 -0.051425021740270027 -1.6067030669221034 0 2.1549217086074699 134.74335310782311 OK 14 13 0.51871 0.57436100000000001 0.103115 0.40999000000000002 0.30873899999999999 0 0.10871999999999998 0.26562200000000002 0.103115 0.01094 0.011042 0.010274999999999999 0.080963000000000021 0.23730200000000012 0.076514000000000013 0.0027010000000000003 0.0028160000000000004 0.0026249999999999997 0.0006649999999999999 0.000696 0.00064499999999999996 134.74336384435645 134.74336384435645 134.74336384435645 0.13126325504764591 0.13126325504764591 0.13126325504764591 1 1 1 Converged Converged Converged OK OK OK 66 66 66 66 66 66 6 6 6 0 0 0 0 1 0 0 1
56 56 uniform 0 0 565 0 0.0001 2.4429754864384878 0.2893345619536723 4.9881571328840106e-05 -1.6067130432363692 -0.051425021740270027 -1.606723019550635 0 2.1549416612360015 93.773434844205582 OK 14 13 0.52245200000000003 0.52170099999999997 0.13103200000000001 0.39119100000000001 0.389988 0 0.13126100000000002 0.13171299999999997 0.13103200000000001 0.011844 0.011779 0.011579000000000001 0.093006000000000047 0.093444000000000069 0.092731999999999995 0.0033119999999999998 0.0034939999999999997 0.0033320000000000003 0.00093899999999999995 0.00093199999999999999 0.0009140000000000001 93.773431351746297 93.773431351746297 93.773431351746297 0.0042847739835673426 0.0042847739835673426 0.0042847739835673426 1 1 1 Converged Converged Converged OK OK OK 82 82 82 82 82 82 6 6 6 0 0 0 0 0 1 0 0
56 56 uniform 0 7 565 1 0.0001 2.4429754864384878 0.2893345619536723 4.9881571328840106e-05 -1.6067130432363692 -0.051425021740270027 -1.6067169470115168 0 2.1549355886968833 107.32346027523482 OK 14 13 0.53458799999999995 0.59861299999999995 0.12485 0.40881000000000001 0.26955800000000002 0 0.12577799999999995 0.32905499999999993 0.12485 0.010978 0.011006999999999999 0.010271000000000001 0.094824999999999965 0.29777199999999993 0.094721000000000014 0.003287 0.0034150000000000001 0.0033239999999999997 0.00088699999999999998 0.00087600000000000004 0.00085899999999999995 107.32345175514988 107.32345175514988 107.32345175514988 0.0045029502788660573 0.0045029502788660573 0.0045029502788660573 1 1 1 Converged Converged Converged OK OK OK 82 82 82 82 82 82 6 6 6 0 0 0 0 1 0 0 1
56 56 uniform 0 15 565 2 0.0001 2.4429754864384878 0.2893345619536723 4.9881571328840106e-05 -1.6067130432363692 -0.051425021740270027 -1.6067100069668101 0 2.1549286486521768 121.67523316412742 OK 14 13 0.49367499999999997 0.55001500000000003 0.110808 0.38137399999999999 0.263291 0 0.11230099999999998 0.28672400000000003 0.110808 0.010952999999999999 0.010905 0.010241 0.083060000000000023 0.25729399999999991 0.08268199999999995 0.0029090000000000001 0.0029989999999999999 0.0029090000000000001 0.00079400000000000011 0.00078399999999999997 0.00077299999999999992 121.6752358069251 121.6752358069251 121.6752358069251 0.010522614560244023 0.010522614560244023 0.010522614560244023 1 1 1 Converged Converged Converged OK OK OK 74 74 74 74 74 74 6 6 6 0 0 0 0 1 0 0 1
56 56 uniform 0 23 565 3 0.0001 2.4429754864384878 0.2893345619536723 4.9881571328840106e-05 -1.6067130432363692 -0.051425021740270027 -1.6067030669221034 0 2.1549217086074699 134.74335310782311 OK 14 13 0.52619800000000005 0.60438099999999995 0.11056199999999999 0.41343099999999999 0.30597200000000002 0 0.11276700000000006 0.29840899999999992 0.11056199999999999 0.011164 0.011088000000000001 0.010315 0.083053000000000016 0.26875800000000011 0.082425999999999972 0.0031250000000000002 0.0030599999999999994 0.0028609999999999998 0.00076999999999999996 0.00082100000000000001 0.00075299999999999998 134.74335829746104 134.74335829746104 134.74335829746104 0.010234166587787677 0.010234166587787677 0.010234166587787677 1 1 1 Converged Converged Converged OK OK OK 74 74 74 74 74 74 6 6 6 0 0 0 0 1 0 0 1
56 56 uniform 1 0 566 0 0.001 2.4429754864384878 0.2893345619536723 4.9881571328840106e-05 -1.5879805026855345 0.11622822738119896 -1.5879904789998003 0 2.1362091206851668 122.76011396423331 OK 14 13 0.66798299999999999 0.69084999999999996 0.185442 0.48458400000000001 0.49443300000000001 0 0.18339899999999998 0.19641699999999995 0.185442 0.013036000000000001 0.013134 0.012605999999999999 0.146173 0.15849400000000002 0.149399 0.0034520000000000002 0.003568 0.0033519999999999995 0.00074999999999999991 0.00080999999999999996 0.000776 122.76069813122841 122.76069813122841 122.76069813122841 0.07998076110953857 0.07998076110953857 0.07998076110953857 1 1 1 Converged Converged Converged OK OK OK 75 75 75 75 75 75 5 5 5 0 0 0 0 0 1 0 0
56 56 uniform 1 7 566 1 0.001 2.4429754864384878 0.2893345619536723 4.9881571328840106e-05 -1.5879805026855345 0.11622822738119896 -1.5879844064606821 0 2.1362030481460486 155.68748947786355 OK 14 13 0.720279 0.64481200000000005 0.18529100000000001 0.53236099999999997 0.35687600000000003 0 0.18791800000000003 0.28793600000000003 0.18529100000000001 0.012111 0.01325 0.011445 0.15611300000000003 0.25425700000000001 0.15519399999999992 0.0034679999999999997 0.0034970000000000001 0.0032989999999999994 0.00091600000000000004 0.00086300000000000005 0.00076800000000000002 155.68747519202597 155.68747519194346 155.68747519202597 0.032878409915170104 0.032878409917950352 0.032878409915170104 1 1 1 Converged Converged Converged OK OK OK 75 75 75 75 75 75 5 5 5 0 0 0 0 1 0 0 1
56 56 uniform 1 15 566 2 0.001 2.4429754864384878 0.2893345619536723 4.9881571328840106e-05 -1.5879805026855345 0.11622822738119896 -1.5879774664159754 0 2.1361961081013421 190.98760028078149 OK 14 13 0.69611000000000001 0.63960899999999998 0.17646300000000001 0.51788699999999999 0.37062899999999999 0 0.17822300000000002 0.26898 0.17646300000000001 0.011689 0.011896 0.011138 0.14734799999999998 0.2372729999999999 0.14672699999999997 0.0033270000000000001 0.0037060000000000001 0.0031869999999999997 0.00081400000000000005 0.00082700000000000004 0.00077699999999999991 190.98755209730709 190.98755209733517 190.98755209730709 0.10215775187068904 0.10215775199474648 0.10215775187068904 1 1 1 Converged Converged Converged OK OK OK 75 75 75 75 75 75 5 5 5 0 0 0 0 1 0 0 1
56 56 uniform 1 23 566 3 0.001 2.4429754864384878 0.2893345619536723 4.9881571328840106e-05 -1.5879805026855345 0.11622822738119896 -1.5879705263712687 0 2.1361891680566352 223.64419007438056 OK 14 13 0.74858800000000003 0.650061 0.21204600000000001 0.473049 0.35739500000000002 0 0.27553900000000003 0.29266599999999998 0.21204600000000001 0.0134 0.012377000000000001 0.011675 0.23755899999999999 0.25856800000000002 0.17946000000000006 0.0037130000000000002 0.0035329999999999997 0.0034529999999999999 0.00083299999999999997 0.000834 0.00077999999999999999 223.64420176156193 223.64420176159658 223.64420176156193 0.055438693951298579 0.055438693936587846 0.055438693951298579 1 1 1 Converged Converged Converged OK OK OK 82 82 82 82 82 82 6 6 6 0 0 0 0 1 0 0 1
56 56 uniform 1 0 566 0 0.0001 2.4429754864384878 0.2893345619536723 4.9881571328840106e-05 -1.5879805026855345 0.11622822738119896 -1.5879904789998003 0 2.1362091206851668 122.76011396423331 OK 14 13 0.78432800000000003 0.78073099999999995 0.29566599999999998 0.49115300000000001 0.48688500000000001 0 0.29317500000000002 0.29384599999999994 0.29566599999999998 0.013068 0.013218000000000001 0.012645 0.24118500000000001 0.24134100000000006 0.2438249999999999 0.0066680000000000003 0.0073599999999999994 0.0068090000000000008 0.001036 0.001085 0.0010509999999999999 122.76010403290816 122.76010403290816 122.76010403290816 0.0044583900514432997 0.0044583900514432997 0.0044583900514432997 1 1 1 Converged Converged Converged OK OK OK 123 123 123 123 123 123 5 5 5 0 0 0 0 0 1 0 0
56 56 uniform 1 7 566 1 0.0001 2.4429754864384878 0.2893345619536723 4.9881571328840106e-05 -1.5879805026855345 0.11622822738119896 -1.5879844064606821 0 2.1362030481460486 155.68748947786355 OK 14 13 0.78015500000000004 0.73380299999999998 0.23918500000000001 0.53542299999999998 0.33947500000000003 0 0.24473200000000006 0.39432799999999996 0.23918500000000001 0.012137 0.012094000000000001 0.011561999999999999 0.20624300000000007 0.35588200000000014 0.20190400000000006 0.0046439999999999997 0.004607 0.0047749999999999997 0.001065 0.0010219999999999999 0.0010349999999999999 155.68747590690938 155.68747590683202 155.68747590690938 0.008091740574866951 0.0080917406277919313 0.008091740574866951 1 1 1 Converged Converged Converged OK OK OK 99 99 99 99 99 99 5 5 5 0 0 0 0 1 0 0 1
56 56 uniform 1 15 566 2 0.0001 2.4429754864384878 0.2893345619536723 4.9881571328840106e-05 -1.5879805026855345 0.11622822738119896 -1.5879774664159754 0 2.1361961081013421 190.98760028078149 OK 14 13 0.75043099999999996 0.73913300000000004 0.23216500000000001 0.51944999999999997 0.37394100000000002 0 0.23098099999999999 0.36519200000000002 0.23216500000000001 0.011873999999999999 0.011835999999999999 0.011179 0.19314500000000004 0.32671500000000003 0.19533999999999996 0.0045770000000000003 0.0047490000000000006 0.0045859999999999998 0.001026 0.00098400000000000007 0.00098999999999999999 190.98758593136708 190.98758593138018 190.98758593136708 0.013166062890753978 0.013166062951293142 0.013166062890753978 1 1 1 Converged Converged Converged OK OK OK 99 99 99 99 99 99 5 5 5 0 0 0 0 1 0 0 1
56 56 uniform 1 23 566 3 0.0001 2.4429754864384878 0.2893345619536723 4.9881571328840106e-05 -1.5879805026855345 0.11622822738119896 -1.5879705263712687 0 2.1361891680566352 223.64419007438056 OK 14 13 0.796157 0.769702 0.331044 0.467609 0.36190699999999998 0 0.32854800000000001 0.40779500000000002 0.331044 0.01238 0.012452 0.012919999999999999 0.28567900000000013 0.36438799999999993 0.28886600000000018 0.0068349999999999999 0.0069810000000000002 0.0063269999999999993 0.0011199999999999999 0.0011129999999999998 0.0010530000000000001 223.64417174815773 223.64417174818456 223.64417174815773 0.01728769378774362 0.017287693785532094 0.01728769378774362 1 1 1 Converged Converged Converged OK OK OK 122 122 122 122 122 122 6 6 6 0 0 0 0 1 0 0 1
56 56 uniform 2 0 567 0 0.001 2.4429754864384878 0.2893345619536723 4.9881571328840106e-05 -1.6529037972959839 -0.007543348288067994 -1.6529137736102497 0 2.2011324152956164 5.3225588481955501 OK 13 12 0.44621699999999997 0.44110700000000003 0.065173999999999996 0.38019700000000001 0.37535499999999999 0 0.066019999999999968 0.065752000000000033 0.065173999999999996 0.0093640000000000008 0.0095779999999999997 0.0091179999999999994 0.043173999999999997 0.043216999999999992 0.043054000000000002 0.0017959999999999999 0.001838 0.0017429999999999998 0.00052000000000000006 0.00053899999999999998 0.00054799999999999998 5.3225557883950163 5.3225557883950163 5.3225557883950163 0.0042846482205961501 0.0042846482205961501 0.0042846482205961501 1 1 1 Converged Converged Converged OK OK OK 37 37 37 37 37 37 3 3 3 0 0 0 0 0 1 0 0
56 56 uniform 2 7 567 1 0.001 2.4429754864384878 0.2893345619536723 4.9881571328840106e-05 -1.6529037972959839 -0.007543348288067994 -1.6529077010711315 0 2.2011263427564982 17.254653123765056 OK 14 13 0.48181600000000002 0.479821 0.10305 0.37662200000000001 0.27498699999999998 0 0.10519400000000001 0.20483400000000002 0.10305 0.011417999999999999 0.011356 0.010551 0.072718999999999978 0.17307700000000006 0.072464000000000001 0.003065 0.0028940000000000003 0.0027829999999999999 0.00083000000000000001 0.00073400000000000006 0.00083799999999999999 17.254650452250115 17.254650452250115 17.254650452250115 0.0043973054023134575 0.0043973054023134575 0.0043973054023134575 1 1 1 Converged Converged Converged OK OK OK 67 67 67 67 67 67 5 5 5 0 0 0 0 1 0 0 1
56 56 uniform 2 15 567 2 0.001 2.4429754864384878 0.2893345619536723 4.9881571328840106e-05 -1.6529037972959839 -0.007543348288067994 -1.6529007610264248 0 2.2011194027117913 32.267138208423695 OK 14 13 0.46047100000000002 0.41392899999999999 0.092410999999999993 0.365757 0.24600900000000001 0 0.09471400000000002 0.16791999999999999 0.092410999999999993 0.010874999999999999 0.010900999999999999 0.010219000000000001 0.066293000000000019 0.13963700000000001 0.065408000000000022 0.0027959999999999994 0.0028939999999999999 0.0027369999999999998 0.00070600000000000003 0.00071000000000000002 0.000678 32.267134552269937 32.267134552269937 32.267134552269937 0.0045033928442111647 0.0045033928442111647 0.0045033928442111647 1 1 1 Converged Converged Converged OK OK OK 67 67 67 67 67 67 5 5 5 0 0 0 0 1 0 0 1
56 56 uniform 2 23 567 3 0.001 2.4429754864384878 0.2893345619536723 4.9881571328840106e-05 -1.6529037972959839 -0.007543348288067994 -1.6528938209817181 0 2.2011124626670848 46.888302456522439 OK 14 13 0.50336999999999998 0.47994799999999999 0.098905000000000007 0.40232200000000001 0.293267 0 0.10104799999999997 0.18668099999999999 0.098905000000000007 0.010959999999999999 0.011105 0.010214000000000001 0.072704000000000019 0.15777400000000008 0.072004000000000012 0.0029220000000000001 0.0031150000000000001 0.0027529999999999998 0.00070600000000000003 0.00075100000000000004 0.00068499999999999995 46.888299435587832 46.888299435587832 46.888299435587832 0.0046341621005622979 0.0046341621005622979 0.0046341621005622979 1 1 1 Converged Converged Converged OK OK OK 67 67 67 67 67 67 5 5 5 0 0 0 0 1 0 0 1
56 56 uniform 2 0 567 0 0.0001 2.4429754864384878 0.2893345619536723 4.9881571328840106e-05 -1.6529037972959839 -0.007543348288067994 -1.6529137736102497 0 2.2011324152956164 5.3225588481955501 OK 13 12 0.47162799999999999 0.46913100000000002 0.094507999999999995 0.37598100000000001 0.373782 0 0.095646999999999982 0.095349000000000017 0.094507999999999995 0.009299 0.0095010000000000008 0.0091120000000000003 0.063932999999999976 0.06411600000000002 0.06372899999999998 0.0031199999999999995 0.0031640000000000001 0.003068 0.00082600000000000002 0.00081899999999999996 0.00078199999999999993 5.3225588149846317 5.3225588149846317 5.3225588149846317 0.00026997002803496402 0.00026997002803496402 0.00026997002803496402 1 1 1 Converged Converged Converged OK OK OK 61 61 61 61 61 61 3 3 3 0 0 0 0 0 1 0 0
56 56 uniform 2 7 567 1 0.0001 2.4429754864384878 0.2893345619536723 4.9881571328840106e-05 -1.6529037972959839 -0.007543348288067994 -1.6529077010711315 0 2.2011263427564982 17.254653123765056 OK 14 13 0.51199300000000003 0.55437000000000003 0.13056699999999999 0.37955899999999998 0.27284799999999998 0 0.13243400000000005 0.28152200000000005 0.13056699999999999 0.011209999999999999 0.011226 0.010442 0.093061999999999964 0.24193700000000001 0.092534000000000033 0.004104 0.0042190000000000005 0.0040499999999999998 0.0010340000000000002 0.0010549999999999999 0.001023 17.254653478868907 17.254653478868907 17.254653478868907 0.00038279900663887908 0.00038279900663887908 0.00038279900663887908 1 1 1 Converged Converged Converged OK OK OK 91 91 91 91 91 91 5 5 5 0 0 0 0 1 0 0 1
56 56 uniform 2 15 567 2 0.0001 2.4429754864384878 0.2893345619536723 4.9881571328840106e-05 -1.6529037972959839 -0.007543348288067994 -1.6529007610264248 0 2.2011194027117913 32.267138208423695 OK 14 13 0.467997 0.42081200000000002 0.10222299999999999 0.363763 0.24599699999999999 0 0.10423399999999999 0.17481500000000003 0.10222299999999999 0.010895999999999999 0.010874999999999999 0.010214000000000001 0.073524999999999993 0.144009 0.072796999999999987 0.0031890000000000004 0.0032650000000000005 0.0031819999999999999 0.00086700000000000004 0.00085899999999999995 0.00086299999999999994 32.267137578884537 32.267137578884537 32.267137578884537 0.002093202280223101 0.002093202280223101 0.002093202280223101 1 1 1 Converged Converged Converged OK OK OK 75 75 75 75 75 75 5 5 5 0 0 0 0 1 0 0 1
56 56 uniform 2 23 567 3 0.0001 2.4429754864384878 0.2893345619536723 4.9881571328840106e-05 -1.6529037972959839 -0.007543348288067994 -1.6528938209817181 0 2.2011124626670848 46.888302456522439 OK 14 13 0.50508699999999995 0.481157 0.098757999999999999 0.40468999999999999 0.29187800000000003 0 0.10039699999999996 0.18927899999999998 0.098757999999999999 0.010861000000000001 0.010911000000000001 0.010120000000000001 0.072370999999999963 0.16109100000000004 0.072123999999999994 0.0027810000000000001 0.0028159999999999999 0.0026770000000000001 0.00072499999999999995 0.00074899999999999999 0.00073099999999999999 46.888299435587832 46.888299435587832 46.888299435587832 0.0046341621005622979 0.0046341621005622979 0.0046341621005622979 1 1 1 Converged Converged Converged OK OK OK 67 67 67 67 67 67 5 5 5 0 0 0 0 1 0 0 1
56 56 uniform 3 0 568 0 0.001 2.4429754864384878 0.2893345619536723 4.9881571328840106e-05 0.46993102633849043 0.070712032928513399 0.46992105002422468 0 0.078297591661141919 208.19554636938878 OK 13 12 0.44411200000000001 0.44759399999999999 0.110249 0.33678399999999997 0.33721400000000001 0 0.10732800000000003 0.11037999999999998 0.110249 0.010371999999999999 0.01048 0.0099850000000000008 0.083611000000000019 0.086995000000000017 0.083380999999999997 0.001774 0.0017459999999999999 0.0017310000000000001 0.00044799999999999999 0.00044200000000000001 0.00045199999999999998 208.1955704386809 208.1955704386809 208.1955704386809 0.11528660712157347 0.11528660712157347 0.11528660712157347 1 1 1 Converged Converged Converged OK OK OK 37 37 37 37 37 37 3 3 3 0 0 0 0 0 1 0 0
56 56 uniform 3 7 568 1 0.001 2.4429754864384878 0.2893345619536723 4.9881571328840106e-05 0.46993102633849043 0.070712032928513399 0.46992712256334296 0 0.078291519122023645 217.41453766866957 OK 13 12 0.44145499999999999 0.30867600000000001 0.107904 0.33232 0.19983999999999999 0 0.10913499999999998 0.10883600000000002 0.107904 0.0091850000000000005 0.0093790000000000002 0.0089630000000000005 0.088287000000000018 0.088215999999999989 0.087905999999999998 0.0017570000000000001 0.0017440000000000001 0.0017000000000000001 0.00043600000000000003 0.00042900000000000002 0.00042100000000000004 217.41455748684524 217.41455748684524 217.41455748684524 0.12929962031776424 0.12929962031776424 0.12929962031776424 1 1 1 Converged Converged Converged OK OK OK 37 37 37 37 37 37 3 3 3 0 0 0 0 1 0 0 1
56 56 uniform 3 15 568 2 0.001 2.4429754864384878 0.2893345619536723 4.9881571328840106e-05 0.46993102633849043 0.070712032928513399 0.4699340626080496 0 0.078284579077317007 229.55552799155325 OK 13 12 0.43543599999999999 0.31647900000000001 0.10894 0.325382 0.203045 0 0.11005399999999999 0.11343400000000001 0.10894 0.0092940000000000002 0.0093209999999999994 0.0088210000000000007 0.089219000000000007 0.09265799999999999 0.089016000000000012 0.0017819999999999999 0.0017829999999999999 0.0017570000000000001 0.00042499999999999998 0.00043999999999999996 0.00041399999999999998 229.55555111960905 229.55555111960905 229.55555111960905 0.14970223913570077 0.14970223913570077 0.14970223913570077 1 1 1 Converged Converged Converged OK OK OK 37 37 37 37 37 37 3 3 3 0 0 0 0 1 0 0 1
56 56 uniform 3 23 568 3 0.001 2.4429754864384878 0.2893345619536723 4.9881571328840106e-05 0.46993102633849043 0.070712032928513399 0.46994100265275618 0 0.078277639032610424 243.95840310868994 OK 13 12 0.43931199999999998 0.31104999999999999 0.11532199999999999 0.31948399999999999 0.194575 0 0.11982799999999999 0.116475 0.11532199999999999 0.0093089999999999996 0.0093550000000000005 0.0087550000000000006 0.098759999999999959 0.095784999999999954 0.095439000000000024 0.0018010000000000001 0.001799 0.001725 0.00042900000000000002 0.00043199999999999998 0.00043899999999999999 243.95841964331933 243.95841964331933 243.95841964331933 0.17708717234956911 0.17708717234956911 0.17708717234956911 1 1 1 Converged Converged Converged OK OK OK 37 37 37 37 37 37 3 3 3 0 0 0 0 1 0 0 1
56 56 uniform 3 0 568 0 0.0001 2.4429754864384878 0.2893345619536723 4.9881571328840106e-05 0.46993102633849043 0.070712032928513399 0.46992105002422468 0 0.078297591661141919 208.19554636938878 OK 13 12 0.48519200000000001 0.478321 0.141179 0.33766600000000002 0.33653899999999998 0 0.14752599999999999 0.14178200000000002 0.141179 0.010263 0.010345999999999999 0.009946 0.11878199999999996 0.11328800000000003 0.11319100000000001 0.0026210000000000001 0.002578 0.002555 0.00055199999999999997 0.00058500000000000002 0.00053399999999999997 208.19557030909368 208.19557030909368 208.19557030909368 0.0017516143764323151 0.0017516143764323151 0.0017516143764323151 1 1 1 Converged Converged Converged OK OK OK 53 53 53 53 53 53 3 3 3 0 0 0 0 0 1 0 0
56 56 uniform 3 7 568 1 0.0001 2.4429754864384878 0.2893345619536723 4.9881571328840106e-05 0.46993102633849043 0.070712032928513399 0.46992712256334296 0 0.078291519122023645 217.41453766866957 OK 13 12 0.47331000000000001 0.34598499999999999 0.14200699999999999 0.32949099999999998 0.20272799999999999 0 0.14381900000000003 0.143257 0.14200699999999999 0.0094979999999999995 0.0093889999999999998 0.0089280000000000002 0.11779400000000005 0.11765199999999999 0.11727500000000002 0.0025709999999999999 0.0025929999999999998 0.0025639999999999999 0.00055999999999999995 0.00056200000000000011 0.00052800000000000004 217.41455732759238 217.41455732759238 217.41455732759238 0.0017517523398952069 0.0017517523398952069 0.0017517523398952069 1 1 1 Converged Converged Converged OK OK OK 53 53 53 53 53 53 3 3 3 0 0 0 0 1 0 0 1
56 56 uniform 3 15 568 2 0.0001 2.4429754864384878 0.2893345619536723 4.9881571328840106e-05 0.46993102633849043 0.070712032928513399 0.4699340626080496 0 0.078284579077317007 229.55552799155325 OK 13 12 0.475329 0.34570899999999999 0.14419699999999999 0.32602300000000001 0.200071 0 0.14930599999999999 0.14563799999999999 0.14419699999999999 0.009299 0.0093559999999999997 0.0088789999999999997 0.123447 0.12011599999999999 0.119432 0.0026970000000000002 0.0026449999999999998 0.0025840000000000004 0.00055800000000000001 0.00055800000000000001 0.00053799999999999996 229.55555092086971 229.55555092086971 229.55555092086971 0.0017519481259981305 0.0017519481259981305 0.0017519481259981305 1 1 1 Converged Converged Converged OK OK OK 53 53 53 53 53 53 3 3 3 0 0 0 0 1 0 0 1
56 56 uniform 3 23 568 3 0.0001 2.4429754864384878 0.2893345619536723 4.9881571328840106e-05 0.46993102633849043 0.070712032928513399 0.46994100265275618 0 0.078277639032610424 243.95840310868994 OK 13 12 0.47366799999999998 0.351329 0.15374399999999999 0.31813900000000001 0.192494 0 0.15552899999999997 0.158835 0.15374399999999999 0.0093860000000000002 0.0093939999999999996 0.0088140000000000007 0.12966900000000001 0.13323400000000002 0.12913899999999998 0.0026080000000000001 0.0026180000000000001 0.0026080000000000001 0.00053799999999999996 0.00055099999999999995 0.000531 243.95841938321817 243.95841938321817 243.95841938321817 0.001752206029738259 0.001752206029738259 0.001752206029738259 1 1 1 Converged Converged Converged OK OK OK 53 53 53 53 53 53 3 3 3 0 0 0 0 1 0 0 1
56 56 uniform 4 0 569 0 0.001 2.4429754864384878 0.2893345619536723 4.9881571328840106e-05 -1.5876839153835938 0.11454004109481979 -1.5876938916978596 0 2.1359125333832263 177.07250274811938 OK 15 14 0.69344799999999995 0.69309900000000002 0.21693799999999999 0.47693099999999999 0.480408 0 0.21651699999999996 0.21269100000000002 0.21693799999999999 0.016934000000000001 0.016958000000000001 0.017788999999999999 0.17112500000000005 0.16751899999999997 0.170099 0.0035120000000000004 0.0036079999999999997 0.0037240000000000003 0.00094999999999999989 0.00092299999999999999 0.00096499999999999993 177.07249861563312 177.07249861563312 177.07249861563312 0.041951522861780589 0.041951522861780589 0.041951522861780589 1 1 1 Converged Converged Converged OK OK OK 82 82 82 82 82 82 6 6 6 0 0 0 0 0 1 0 0
56 56 uniform 4 7 569 1 0.001 2.4429754864384878 0.2893345619536723 4.9881571328840106e-05 -1.5876839153835938 0.11454004109481979 -1.5876878191587414 0 2.1359064608441081 171.34815749906704 OK 15 14 0.68881899999999996 0.67771400000000004 0.20233799999999999 0.49039899999999997 0.37096600000000002 0 0.19841999999999999 0.30674800000000002 0.20233799999999999 0.015941 0.016157000000000001 0.0166 0.16031400000000004 0.2682989999999999 0.16369999999999998 0.0035410000000000003 0.0037699999999999999 0.0037009999999999999 0.00096199999999999996 0.00089500000000000007 0.00094400000000000007 171.34815461588136 171.34815461588136 171.34815461588136 0.038345145157361135 0.038345145157361135 0.038345145157361135 1 1 1 Converged Converged Converged OK OK OK 82 82 82 82 82 82 6 6 6 0 0 0 0 1 0 0 1
56 56 uniform 4 15 569 2 0.001 2.4429754864384878 0.2893345619536723 4.9881571328840106e-05 -1.5876839153835938 0.11454004109481979 -1.5876808791140347 0 2.1358995207994012 165.67254507329031 OK 15 14 0.68618299999999999 0.67741099999999999 0.19980899999999999 0.49207299999999998 0.360184 0 0.19411 0.31722699999999998 0.19980899999999999 0.015647999999999999 0.015855999999999999 0.016272999999999999 0.15649699999999994 0.27625800000000011 0.16154700000000002 0.0034849999999999998 0.004078 0.0036149999999999997 0.00090499999999999988 0.0009549999999999999 0.00087000000000000001 165.67253839966915 165.67253839966915 165.67253839966915 0.036309575777507958 0.036309575777507958 0.036309575777507958 1 1 1 Converged Converged Converged OK OK OK 82 82 82 82 82 82 6 6 6 0 0 0 0 1 0 0 1
56 56 uniform 4 23 569 3 0.001 2.4429754864384878 0.2893345619536723 4.9881571328840106e-05 -1.5876839153835938 0.11454004109481979 -1.587673939069328 0 2.1358925807546947 160.72557637637092 OK 15 14 0.67045399999999999 0.68359199999999998 0.18764400000000001 0.47981499999999999 0.36395499999999997 0 0.190639 0.319637 0.18764400000000001 0.016219999999999998 0.017347000000000001 0.015207999999999999 0.15213299999999993 0.27940000000000004 0.15122599999999992 0.0039779999999999998 0.0039759999999999995 0.0034630000000000004 0.00091699999999999995 0.00097399999999999993 0.0009059999999999999 160.72556690981483 160.72556690981483 160.72556690981483 0.035745484649063873 0.035745484649063873 0.035745484649063873 1 1 1 Converged Converged Converged OK OK OK 82 82 82 82 82 82 6 6 6 0 0 0 0 1 0 0 1
56 56 uniform 4 0 569 0 0.0001 2.4429754864384878 0.2893345619536723 4.9881571328840106e-05 -1.5876839153835938 0.11454004109481979 -1.5876938916978596 0 2.1359125333832263 177.07250274811938 OK 15 14 0.74056100000000002 0.73619000000000001 0.25607099999999999 0.48281099999999999 0.478238 0 0.25775000000000003 0.25795200000000001 0.25607099999999999 0.017021000000000001 0.017236000000000001 0.016383000000000002 0.205572 0.20565499999999989 0.20505600000000002 0.0044549999999999998 0.0044569999999999992 0.0043549999999999995 0.0010990000000000002 0.0010920000000000001 0.0010640000000000001 177.07249856849072 177.07249856849072 177.07249856849072 0.014378400285708554 0.014378400285708554 0.014378400285708554 1 1 1 Converged Converged Converged OK OK OK 98 98 98 98 98 98 6 6 6 0 0 0 0 0 1 0 0
56 56 uniform 4 7 569 1 0.0001 2.4429754864384878 0.2893345619536723 4.9881571328840106e-05 -1.5876839153835938 0.11454004109481979 -1.5876878191587414 0 2.1359064608441081 171.34815749906704 OK 15 14 0.73145499999999997 0.73641800000000002 0.239423 0.48793300000000001 0.37193199999999998 0 0.24352199999999996 0.36448600000000003 0.239423 0.015945000000000001 0.016202000000000001 0.015166000000000001 0.20018899999999995 0.32114699999999996 0.19752500000000006 0.004359 0.0044520000000000002 0.0044779999999999993 0.0010210000000000002 0.001031 0.0010089999999999999 171.34815458526435 171.34815458526435 171.34815458526435 0.012804996936113026 0.012804996936113026 0.012804996936113026 1 1 1 Converged Converged Converged OK OK OK 98 98 98 98 98 98 6 6 6 0 0 0 0 1 0 0 1
56 56 uniform 4 15 569 2 0.0001 2.4429754864384878 0.2893345619536723 4.9881571328840106e-05 -1.5876839153835938 0.11454004109481979 -1.5876808791140347 0 2.1358995207994012 165.67254507329031 OK 15 14 0.73225899999999999 0.72575199999999995 0.243787 0.49037399999999998 0.36315399999999998 0 0.24188500000000002 0.36259799999999998 0.243787 0.015671999999999998 0.015758000000000001 0.014903 0.19901800000000003 0.31897700000000007 0.20243800000000001 0.004370999999999999 0.0049459999999999999 0.0043150000000000003 0.00101 0.0010840000000000001 0.0010229999999999998 165.67253838059324 165.67253838059324 165.67253838059324 0.012563076310661669 0.012563076310661669 0.012563076310661669 1 1 1 Converged Converged Converged OK OK OK 98 98 98 98 98 98 6 6 6 0 0 0 0 1 0 0 1
56 56 uniform 4 23 569 3 0.0001 2.4429754864384878 0.2893345619536723 4.9881571328840106e-05 -1.5876839153835938 0.11454004109481979 -1.587673939069328 0 2.1358925807546947 160.72557637637092 OK 15 14 0.712283 0.73633999999999999 0.22694 0.48351 0.35545300000000002 0 0.228773 0.38088699999999998 0.22694 0.015984999999999999 0.01602 0.015187000000000001 0.18579099999999996 0.33708099999999996 0.18553500000000001 0.0044980000000000003 0.0047819999999999998 0.0043 0.0010549999999999999 0.00106 0.00107 160.72556689778298 160.72556689778298 160.72556689778298 0.013414926885446094 0.013414926885446094 0.013414926885446094 1 1 1 Converged Converged Converged OK OK OK 98 98 98 98 98 98 6 6 6 0 0 0 0 1 0 0 1
57 57 linear 0 0 570 0 0.001 2.3971143135672244 0.0030620679005826617 0.37168203809844713 -0.091826907923520273 -0.043638026314180928 -0.16616331554320971 0.5 0.17348103498300907 5.3776311268094625 OK 15 14 0.76765700000000003 0.763486 0.23923800000000001 0.52030299999999996 0.52371999999999996 0 0.24735400000000007 0.23976600000000003 0.23923800000000001 0.010957 0.011206000000000001 0.011471 0.20679500000000003 0.19775700000000004 0.19747200000000001 0.0035609999999999999 0.0041060000000000003 0.004104 0.001005 0.0011500000000000002 0.0011549999999999998 5.3776534845558119 5.3776534845558119 5.3776534845558119 0.0012077851673460069 0.0012077851673460069 0.0012077851673460069 1 1 1 Converged Converged Converged OK OK OK 95 95 95 95 95 95 9 9 9 0 0 0 0 0 1 0 0
57 57 linear 0 7 570 1 0.001 2.3971143135672244 0.0030620679005826617 0.37168203809844713 -0.091826907923520273 -0.043638026314180928 -0.12091506742687701 0.5 0.12823278686667636 5.579800804955318 OK 14 13 0.74444900000000003 0.58156300000000005 0.19488800000000001 0.54249800000000004 0.37731100000000001 0 0.20195099999999999 0.20425200000000004 0.19488800000000001 0.010043 0.0098279999999999999 0.0092750000000000003 0.171903 0.17483699999999999 0.16708199999999995 0.003568 0.0034480000000000005 0.0031489999999999995 0.00080699999999999999 0.00084400000000000002 0.00076200000000000009 5.5798093718563546 5.5798093718563546 5.5798093718563546 0.0046740225081774315 0.0046740225081774315 0.0046740225081774315 1 1 1 Converged Converged Converged OK OK OK 80 80 80 80 80 80 8 8 8 0 0 0 0 1 0 0 1
57 57 linear 0 15 570 2 0.001 2.3971143135672244 0.0030620679005826617 0.37168203809844713 -0.091826907923520273 -0.043638026314180928 -0.069202783865353917 0.5 0.076520503305153281 5.7334500410378526 OK 13 12 0.725275 0.56334799999999996 0.20636099999999999 0.51297800000000005 0.34348000000000001 0 0.21229699999999996 0.21986799999999995 0.20636099999999999 0.0090519999999999993 0.009495 0.0085609999999999992 0.18385400000000005 0.18869099999999994 0.17851400000000012 0.0032949999999999998 0.0044889999999999999 0.0034119999999999997 0.00087399999999999999 0.0010679999999999999 0.00087999999999999992 5.7334909961319402 5.7334909961319402 5.7334909961319402 0.00089826809417996713 0.00089826809417996713 0.00089826809417996713 1 1 1 Converged Converged Converged OK OK OK 81 81 81 81 81 81 7 7 7 0 0 0 0 1 0 0 1
57 57 linear 0 23 570 3 0.001 2.3971143135672244 0.0030620679005826617 0.37168203809844713 -0.091826907923520273 -0.043638026314180928 -0.017490500303830842 0.5 0.024808219743630202 5.8077752654263195 OK 13 12 0.699986 0.52320199999999994 0.20366799999999999 0.48688199999999998 0.31420900000000002 0 0.21310400000000002 0.20899299999999993 0.20366799999999999 0.0091979999999999996 0.0089980000000000008 0.0081259999999999995 0.18263500000000005 0.17900700000000008 0.17651699999999992 0.0040699999999999998 0.0041930000000000005 0.0033779999999999999 0.00091100000000000013 0.00094500000000000009 0.00083200000000000006 5.8078446248673474 5.8078446248673474 5.8078446248673474 0.00089465114148211888 0.00089465114148211888 0.00089465114148211888 1 1 1 Converged Converged Converged OK OK OK 81 81 81 81 81 81 7 7 7 0 0 0 0 1 0 0 1
57 57 linear 0 0 570 0 0.0001 2.3971143135672244 0.0030620679005826617 0.37168203809844713 -0.091826907923520273 -0.043638026314180928 -0.16616331554320971 0.5 0.17348103498300907 5.3776311268094625 OK 15 14 0.83493399999999995 0.82616699999999998 0.30175600000000002 0.52273899999999995 0.52380499999999997 0 0.312195 0.30236200000000002 0.30175600000000002 0.011560000000000001 0.011337 0.010962 0.25997899999999985 0.25017500000000009 0.25090300000000004 0.0054160000000000007 0.0055560000000000002 0.0053419999999999995 0.0013680000000000001 0.001421 0.0013900000000000002 5.3776531935657754 5.3776531935657754 5.3776531935657754 0.00012404284788437625 0.00012404284788437625 0.00012404284788437625 1 1 1 Converged Converged Converged OK OK OK 119 119 119 119 119 119 9 9 9 0 0 0 0 0 1 0 0
57 57 linear 0 7 570 1 0.0001 2.3971143135672244 0.0030620679005826617 0.37168203809844713 -0.091826907923520273 -0.043638026314180928 -0.12091506742687701 0.5 0.12823278686667636 5.579800804955318 OK 14 13 0.79801699999999998 0.63166500000000003 0.24674499999999999 0.54019499999999998 0.37609500000000001 0 0.257822 0.25557000000000002 0.24674499999999999 0.0094730000000000005 0.0097439999999999992 0.0092919999999999999 0.22160299999999997 0.21794899999999995 0.21192700000000014 0.0047509999999999991 0.0054490000000000007 0.0046610000000000002 0.0011669999999999999 0.0011919999999999999 0.0011070000000000001 5.5798188399858786 5.5798188399858786 5.5798188399858786 0.00045618603596315712 0.00045618603596315712 0.00045618603596315712 1 1 1 Converged Converged Converged OK OK OK 104 104 104 104 104 104 8 8 8 0 0 0 0 1 0 0 1
57 57 linear 0 15 570 2 0.0001 2.3971143135672244 0.0030620679005826617 0.37168203809844713 -0.091826907923520273 -0.043638026314180928 -0.069202783865353917 0.5 0.076520503305153281 5.7334500410378526 OK 13 12 0.76048499999999997 0.59187999999999996 0.241761 0.51205500000000004 0.34288999999999997 0 0.24842999999999993 0.24898999999999999 0.241761 0.0088920000000000006 0.0091500000000000001 0.0084430000000000009 0.21458999999999998 0.21413700000000008 0.20890299999999987 0.0043909999999999999 0.0049890000000000004 0.0045139999999999998 0.001059 0.0010560000000000001 0.0010609999999999999 5.7334909488201387 5.7334909488201387 5.7334909488201387 0.00050014463471651676 0.00050014463471651676 0.00050014463471651676 1 1 1 Converged Converged Converged OK OK OK 97 97 97 97 97 97 7 7 7 0 0 0 0 1 0 0 1
57 57 linear 0 23 570 3 0.0001 2.3971143135672244 0.0030620679005826617 0.37168203809844713 -0.091826907923520273 -0.043638026314180928 -0.017490500303830842 0.5 0.024808219743630202 5.8077752654263195 OK 13 12 0.736572 0.55922400000000005 0.24495500000000001 0.48454999999999998 0.313772 0 0.25202200000000002 0.24545200000000006 0.24495500000000001 0.0091009999999999997 0.0088489999999999992 0.0084860000000000005 0.21605599999999997 0.21104599999999998 0.21125300000000008 0.00545 0.0051280000000000006 0.0046469999999999992 0.0011389999999999998 0.001122 0.0010710000000000001 5.8078445395988219 5.8078445395988219 5.8078445395988219 0.00048940596362119298 0.00048940596362119298 0.00048940596362119298 1 1 1 Converged Converged Converged OK OK OK 97 97 97 97 97 97 7 7 7 0 0 0 0 1 0 0 1
57 57 linear 1 0 571 0 0.001 2.3971143135672244 0.0030620679005826617 0.37168203809844713 -1.7045091081873205 0.092348856161153584 -1.77884551580701 0.5 1.7861632352468093 1.1315488018023465 OK 16 15 0.60057499999999997 0.59792900000000004 0.29506399999999999 0.30221599999999998 0.29763899999999999 0 0.29835899999999999 0.30029000000000006 0.29506399999999999 0.014135999999999999 0.014215999999999999 0.013984 0.245701 0.24599299999999999 0.24246799999999993 0.0050359999999999997 0.0059359999999999994 0.0053880000000000004 0.0011950000000000001 0.0012519999999999999 0.0012330000000000002 1.1315272381589681 1.1315272381589681 1.1315272381589681 0.00088231238129056835 0.00088231238129056835 0.00088231238129056835 1 1 1 Converged Converged Converged OK OK OK 109 109 109 109 109 109 11 11 11 0 0 0 0 0 1 0 0
57 57 linear 1 7 571 1 0.001 2.3971143135672244 0.0030620679005826617 0.37168203809844713 -1.7045091081873205 0.092348856161153584 -1.7335972676906772 0.5 1.7409149871304765 1.1350765529717717 OK 15 14 0.55449099999999996 0.42638900000000002 0.242363 0.310114 0.17138200000000001 0 0.24437699999999996 0.25500699999999998 0.242363 0.0098119999999999995 0.01014 0.0096329999999999992 0.20937400000000003 0.21785399999999996 0.20718299999999995 0.0043949999999999996 0.0058850000000000005 0.0053300000000000005 0.0010219999999999999 0.0010579999999999999 0.0010609999999999999 1.1351244056618668 1.1351244056618668 1.1351244056618668 0.00091817063395864486 0.00091817063395864486 0.00091817063395864486 1 1 1 Converged Converged Converged OK OK OK 110 110 110 110 110 110 10 10 10 0 0 0 0 1 0 0 1
57 57 linear 1 15 571 2 0.001 2.3971143135672244 0.0030620679005826617 0.37168203809844713 -1.7045091081873205 0.092348856161153584 -1.6818849841291541 0.5 1.6892027035689534 1.1379231451280893 OK 15 14 0.541134 0.415269 0.23997099999999999 0.29772500000000002 0.15853100000000001 0 0.24340899999999999 0.25673800000000002 0.23997099999999999 0.0096120000000000008 0.010096000000000001 0.0090749999999999997 0.21053499999999997 0.22164200000000003 0.20754900000000001 0.0045199999999999997 0.0055180000000000003 0.0050200000000000002 0.0010809999999999999 0.0013470000000000001 0.001116 1.1379651988237391 1.1379651988237391 1.1379651988237391 0.00072370534637056423 0.00072370534637056423 0.00072370534637056423 1 1 1 Converged Converged Converged OK OK OK 110 110 110 110 110 110 10 10 10 0 0 0 0 1 0 0 1
57 57 linear 1 23 571 3 0.001 2.3971143135672244 0.0030620679005826617 0.37168203809844713 -1.7045091081873205 0.092348856161153584 -1.630172700567631 0.5 1.6374904200074303 1.1365154513832509 OK 15 14 0.65791699999999997 0.52773499999999995 0.237072 0.41603899999999999 0.27386199999999999 0 0.24187799999999998 0.25387299999999996 0.237072 0.0094439999999999993 0.0093980000000000001 0.0085430000000000002 0.20876599999999998 0.21943100000000001 0.20542099999999999 0.0047390000000000002 0.0057450000000000001 0.0048960000000000002 0.0011360000000000001 0.0013459999999999998 0.001108 1.1365032278623843 1.1365032278623843 1.1365032278623843 0.00079093794364519705 0.00079093794364519705 0.00079093794364519705 1 1 1 Converged Converged Converged OK OK OK 110 110 110 110 110 110 10 10 10 0 0 0 0 1 0 0 1
57 57 linear 1 0 571 0 0.0001 2.3971143135672244 0.0030620679005826617 0.37168203809844713 -1.7045091081873205 0.092348856161153584 -1.77884551580701 0.5 1.7861632352468093 1.1315488018023465 OK 16 15 0.69506000000000001 0.68024700000000005 0.38114199999999998 0.31425700000000001 0.30208600000000002 0 0.380803 0.37816100000000002 0.38114199999999998 0.014504 0.014633999999999999 0.014493000000000001 0.31482399999999999 0.31200000000000022 0.31460700000000008 0.0072820000000000003 0.0075780000000000005 0.0079290000000000003 0.001639 0.0016549999999999998 0.0017770000000000004 1.1315485678422257 1.1315485678422257 1.1315485678422257 0.00010170840571988612 0.00010170840571988612 0.00010170840571988612 1 1 1 Converged Converged Converged OK OK OK 141 141 141 141 141 141 11 11 11 0 0 0 0 0 1 0 0
57 57 linear 1 7 571 1 0.0001 2.3971143135672244 0.0030620679005826617 0.37168203809844713 -1.7045091081873205 0.092348856161153584 -1.7335972676906772 0.5 1.7409149871304765 1.1350765529717717 OK 15 14 0.79547299999999999 0.67566599999999999 0.47985499999999998 0.30472900000000003 0.168489 0 0.49074399999999996 0.50717699999999999 0.47985499999999998 0.010337000000000001 0.010191 0.0095930000000000008 0.41929200000000016 0.43451699999999999 0.41110500000000005 0.015597999999999999 0.014594999999999999 0.013299000000000002 0.0019879999999999997 0.0022109999999999999 0.0020359999999999996 1.135077864635478 1.135077864635478 1.135077864635478 4.3103839880023057e-05 4.3103839880023057e-05 4.3103839880023057e-05 1 1 1 Converged Converged Converged OK OK OK 214 214 214 214 214 214 10 10 10 0 0 0 0 1 0 0 1
57 57 linear 1 15 571 2 0.0001 2.3971143135672244 0.0030620679005826617 0.37168203809844713 -1.7045091081873205 0.092348856161153584 -1.6818849841291541 0.5 1.6892027035689534 1.1379231451280893 OK 15 14 0.76576500000000003 0.63836199999999999 0.45877499999999999 0.30180299999999999 0.16173499999999999 0 0.46396200000000004 0.47662700000000002 0.45877499999999999 0.010012999999999999 0.009868 0.0088710000000000004 0.40445000000000025 0.41568799999999995 0.40125299999999986 0.012933000000000002 0.014351000000000001 0.013153999999999999 0.0018220000000000001 0.0018990000000000001 0.0017949999999999999 1.1379252331572207 1.1379252331572207 1.1379252331572207 0.00010289985660510058 0.00010289985660510058 0.00010289985660510058 1 1 1 Converged Converged Converged OK OK OK 206 206 206 206 206 206 10 10 10 0 0 0 0 1 0 0 1
57 57 linear 1 23 571 3 0.0001 2.3971143135672244 0.0030620679005826617 0.37168203809844713 -1.7045091081873205 0.092348856161153584 -1.630172700567631 0.5 1.6374904200074303 1.1365154513832509 OK 15 14 0.86317500000000003 0.72782500000000006 0.46918500000000002 0.41661999999999999 0.275667 0 0.44655500000000004 0.45215800000000006 0.46918500000000002 0.0095010000000000008 0.0095180000000000004 0.010274999999999999 0.39436299999999985 0.39949400000000024 0.4144799999999999 0.010296999999999999 0.010379999999999999 0.01048 0.0019989999999999999 0.0021350000000000002 0.001967 1.1365144405030401 1.1365144405030401 1.1365144405030401 6.7635147032513144e-05 6.7635147032513144e-05 6.7635147032513144e-05 1 1 1 Converged Converged Converged OK OK OK 182 182 182 182 182 182 10 10 10 0 0 0 0 1 0 0 1
57 57 linear 2 0 572 0 0.001 2.3971143135672244 0.0030620679005826617 0.37168203809844713 -2.0655506404050055 -0.33661674315256984 -2.1398870480246948 0.5 2.1472047674644941 1.0615112774484921 OK 13 12 0.50806200000000001 0.497865 0.233738 0.266542 0.26234499999999999 0 0.24152000000000001 0.23552000000000001 0.233738 0.0080309999999999999 0.0077809999999999997 0.0077910000000000002 0.20680899999999997 0.20227799999999999 0.20107300000000006 0.0040429999999999997 0.0039130000000000007 0.0036580000000000002 0.0010810000000000001 0.001052 0.0010110000000000002 1.0615112814632677 1.0615112814632677 1.0615112814632677 0.00061902818928327903 0.00061902818928327903 0.00061902818928327903 1 1 1 Converged Converged Converged OK OK OK 80 80 80 80 80 80 8 8 8 0 0 0 0 0 1 0 0
57 57 linear 2 7 572 1 0.001 2.3971143135672244 0.0030620679005826617 0.37168203809844713 -2.0655506404050055 -0.33661674315256984 -2.094638799908362 0.5 2.1019565193481613 1.0736396088818481 OK 14 13 0.47455900000000001 0.35395199999999999 0.209477 0.25831100000000001 0.13820299999999999 0 0.216248 0.215749 0.209477 0.0096179999999999998 0.0099050000000000006 0.0091800000000000007 0.18616799999999989 0.18520299999999995 0.17966800000000002 0.0034860000000000004 0.0038499999999999997 0.0038799999999999993 0.00093899999999999995 0.00096900000000000003 0.001036 1.0736391490506743 1.0736391490506743 1.0736391490506743 0.00010117938478481771 0.00010117938478481771 0.00010117938478481771 1 1 1 Converged Converged Converged OK OK OK 87 87 87 87 87 87 9 9 9 0 0 0 0 1 0 0 1
57 57 linear 2 15 572 2 0.001 2.3971143135672244 0.0030620679005826617 0.37168203809844713 -2.0655506404050055 -0.33661674315256984 -2.0429265163468391 0.5 2.0502442357866384 1.0824405531270203 OK 14 13 0.44975500000000002 0.32930500000000001 0.18370900000000001 0.26294400000000001 0.137132 0 0.186811 0.19217300000000001 0.18370900000000001 0.0090109999999999999 0.0093460000000000001 0.008397 0.15957399999999999 0.16484499999999999 0.15904199999999991 0.0034079999999999996 0.0036639999999999997 0.0028640000000000002 0.00074399999999999998 0.00085499999999999997 0.00074600000000000003 1.0824389904044924 1.0824389904044924 1.0824389904044924 0.00086205317539195378 0.00086205317539195378 0.00086205317539195378 1 1 1 Converged Converged Converged OK OK OK 79 79 79 79 79 79 9 9 9 0 0 0 0 1 0 0 1
57 57 linear 2 23 572 3 0.001 2.3971143135672244 0.0030620679005826617 0.37168203809844713 -2.0655506404050055 -0.33661674315256984 -1.991214232785316 0.5 1.9985319522251153 1.0884473999744197 OK 14 13 0.43855100000000002 0.316691 0.17671999999999999 0.25610699999999997 0.13311999999999999 0 0.18244400000000005 0.18357100000000001 0.17671999999999999 0.0092700000000000005 0.0092090000000000002 0.0083949999999999997 0.155332 0.15731000000000001 0.15196799999999994 0.003392 0.003156 0.0029369999999999999 0.00083299999999999997 0.00077900000000000007 0.00068600000000000009 1.0884467917949796 1.0884467917949796 1.0884467917949796 0.00041436045986475843 0.00041436045986475843 0.00041436045986475843 1 1 1 Converged Converged Converged OK OK OK 79 79 79 79 79 79 9 9 9 0 0 0 0 1 0 0 1
57 57 linear 2 0 572 0 0.0001 2.3971143135672244 0.0030620679005826617 0.37168203809844713 -2.0655506404050055 -0.33661674315256984 -2.1398870480246948 0.5 2.1472047674644941 1.0615112774484921 OK 13 12 0.59027700000000005 0.57977400000000001 0.31950000000000001 0.27289099999999999 0.26162200000000002 0 0.31738600000000006 0.31815199999999999 0.31950000000000001 0.0077159999999999998 0.0081460000000000005 0.00762 0.27658499999999997 0.27587799999999996 0.27832199999999996 0.0050040000000000006 0.005842 0.0054929999999999996 0.0012509999999999999 0.001374 0.0014120000000000001 1.061510321123432 1.061510321123432 1.061510321123432 6.7866919876915895e-05 6.7866919876915895e-05 6.7866919876915895e-05 1 1 1 Converged Converged Converged OK OK OK 104 104 104 104 104 104 8 8 8 0 0 0 0 0 1 0 0
57 57 linear 2 7 572 1 0.0001 2.3971143135672244 0.0030620679005826617 0.37168203809844713 -2.0655506404050055 -0.33661674315256984 -2.094638799908362 0.5 2.1019565193481613 1.0736396088818481 OK 14 13 0.47492099999999998 0.36324800000000002 0.215088 0.25994099999999998 0.14014099999999999 0 0.21498 0.22310700000000003 0.215088 0.0098790000000000006 0.01004 0.0092969999999999997 0.18500999999999995 0.19295299999999996 0.18622400000000014 0.0040140000000000002 0.0041099999999999999 0.0040359999999999997 0.00097099999999999997 0.0010370000000000002 0.0011099999999999999 1.0736391491165715 1.0736391491165715 1.0736391491165715 0.0001011788174388789 0.0001011788174388789 0.0001011788174388789 1 1 1 Converged Converged Converged OK OK OK 87 87 87 87 87 87 9 9 9 0 0 0 0 1 0 0 1
57 57 linear 2 15 572 2 0.0001 2.3971143135672244 0.0030620679005826617 0.37168203809844713 -2.0655506404050055 -0.33661674315256984 -2.0429265163468391 0.5 2.0502442357866384 1.0824405531270203 OK 14 13 0.483628 0.36633199999999999 0.21706300000000001 0.26411899999999999 0.13664100000000001 0 0.21950900000000001 0.22969099999999998 0.21706300000000001 0.0091079999999999998 0.009325 0.0087270000000000004 0.19176500000000002 0.20093199999999994 0.18980200000000003 0.003202 0.0037720000000000002 0.0036300000000000004 0.00087300000000000008 0.00092600000000000007 0.00093999999999999997 1.0824403276057051 1.0824403276057051 1.0824403276057051 8.60682899033096e-05 8.60682899033096e-05 8.60682899033096e-05 1 1 1 Converged Converged Converged OK OK OK 87 87 87 87 87 87 9 9 9 0 0 0 0 1 0 0 1
57 57 linear 2 23 572 3 0.0001 2.3971143135672244 0.0030620679005826617 0.37168203809844713 -2.0655506404050055 -0.33661674315256984 -1.991214232785316 0.5 1.9985319522251153 1.0884473999744197 OK 14 13 0.509243 0.39640999999999998 0.242283 0.25716 0.137599 0 0.252083 0.25881100000000001 0.242283 0.0090910000000000001 0.0093430000000000006 0.0084030000000000007 0.21947400000000006 0.22475900000000004 0.2119019999999999 0.0052629999999999994 0.0059689999999999995 0.0047499999999999999 0.001132 0.0012519999999999999 0.0010630000000000001 1.0884475541262633 1.0884475541262633 1.0884475541262633 7.5806307841303324e-05 7.5806307841303324e-05 7.5806307841303324e-05 1 1 1 Converged Converged Converged OK OK OK 103 103 103 103 103 103 9 9 9 0 0 0 0 1 0 0 1
57 57 linear 3 0 573 0 0.001 2.3971143135672244 0.0030620679005826617 0.37168203809844713 -0.02050736356508117 -0.5706574201234228 -0.094843771184770609 0.5 0.10216149062456997 2.0365561385402429 OK 13 12 0.435894 0.42913699999999999 0.10545300000000001 0.32447799999999999 0.322297 0 0.11141600000000002 0.10683999999999999 0.10545300000000001 0.010323000000000001 0.0099950000000000004 0.0094979999999999995 0.079753999999999992 0.076693999999999984 0.076369000000000006 0.0034559999999999999 0.0030519999999999996 0.0030000000000000001 0.00084599999999999996 0.00079199999999999995 0.00072400000000000003 2.0365550582712477 2.0365550582712477 2.0365550582712477 0.00072552680018397615 0.00072552680018397615 0.00072552680018397615 1 1 1 Converged Converged Converged OK OK OK 59 59 59 59 59 59 5 5 5 0 0 0 0 0 1 0 0
57 57 linear 3 7 573 1 0.001 2.3971143135672244 0.0030620679005826617 0.37168203809844713 -0.02050736356508117 -0.5706574201234228 -0.049595523068437897 0.5 0.056913242508237261 2.0569421498188238 OK 13 12 0.418624 0.25945800000000002 0.099392999999999995 0.314776 0.15312799999999999 0 0.103848 0.10633000000000004 0.099392999999999995 0.0086580000000000008 0.0086339999999999993 0.0079500000000000005 0.078549000000000022 0.081575999999999982 0.075603999999999977 0.0028759999999999997 0.0029430000000000003 0.0028810000000000003 0.00077800000000000005 0.00074100000000000001 0.00073200000000000001 2.0569411463317033 2.0569411463317033 2.0569411463317033 0.0014023737609010134 0.0014023737609010134 0.0014023737609010134 1 1 1 Converged Converged Converged OK OK OK 59 59 59 59 59 59 5 5 5 0 0 0 0 1 0 0 1
57 57 linear 3 15 573 2 0.001 2.3971143135672244 0.0030620679005826617 0.37168203809844713 -0.02050736356508117 -0.5706574201234228 0.0021167604930851791 0.5 0.0052009589467141813 2.0662936075168838 OK 13 12 0.412049 0.255409 0.102049 0.30599900000000002 0.14543400000000001 0 0.10604999999999998 0.10997499999999999 0.102049 0.0085500000000000003 0.0084740000000000006 0.0079459999999999999 0.082142000000000007 0.086070999999999981 0.079064999999999996 0.0026390000000000003 0.0028739999999999998 0.0027540000000000004 0.00077700000000000013 0.00080099999999999995 0.00077800000000000005 2.0662915378607525 2.0662915378607525 2.0662915378607525 0.0018516689201143728 0.0018516689201143728 0.0018516689201143728 1 1 1 Converged Converged Converged OK OK OK 59 59 59 59 59 59 5 5 5 0 0 0 0 1 0 0 1
57 57 linear 3 23 573 3 0.001 2.3971143135672244 0.0030620679005826617 0.37168203809844713 -0.02050736356508117 -0.5706574201234228 0.053829044054608262 0.5 -0.046511324614808905 2.0600157974091631 OK 12 11 0.44860699999999998 0.300319 0.12976199999999999 0.317164 0.15537500000000001 0 0.13144299999999998 0.14494399999999999 0.12976199999999999 0.0089630000000000005 0.00911 0.0094529999999999996 0.101843 0.11460900000000002 0.09982400000000001 0.0035219999999999995 0.0040420000000000005 0.0037160000000000001 0.00083300000000000008 0.00089099999999999997 0.00084000000000000003 2.0600265159263849 2.0600265159263849 2.0600265159263849 0.00057488561576739326 0.00057488561576739326 0.00057488561576739326 1 1 1 Converged Converged Converged OK OK OK 82 82 82 82 82 82 6 6 6 0 0 0 0 1 0 0 1
57 57 linear 3 0 573 0 0.0001 2.3971143135672244 0.0030620679005826617 0.37168203809844713 -0.02050736356508117 -0.5706574201234228 -0.094843771184770609 0.5 0.10216149062456997 2.0365561385402429 OK 13 12 0.448656 0.442666 0.118233 0.32436799999999999 0.32422600000000001 0 0.12428800000000001 0.11843999999999999 0.118233 0.010155000000000001 0.0097789999999999995 0.0097109999999999991 0.090312999999999977 0.086486000000000021 0.085705000000000017 0.0039900000000000005 0.0032989999999999998 0.0036730000000000005 0.000977 0.00090499999999999999 0.00094799999999999995 2.0365549943292112 2.0365549943292112 2.0365549943292112 4.1524988469669354e-05 4.1524988469669354e-05 4.1524988469669354e-05 1 1 1 Converged Converged Converged OK OK OK 67 67 67 67 67 67 5 5 5 0 0 0 0 0 1 0 0
57 57 linear 3 7 573 1 0.0001 2.3971143135672244 0.0030620679005826617 0.37168203809844713 -0.02050736356508117 -0.5706574201234228 -0.049595523068437897 0.5 0.056913242508237261 2.0569421498188238 OK 13 12 0.431284 0.27207199999999998 0.111334 0.31590099999999999 0.15139900000000001 0 0.11538300000000001 0.12067299999999997 0.111334 0.0085679999999999992 0.0086899999999999998 0.0081620000000000009 0.088951000000000002 0.094064999999999982 0.085338999999999998 0.0030869999999999999 0.0031970000000000002 0.0033049999999999998 0.00084599999999999996 0.00087300000000000008 0.00086799999999999996 2.0569410178787386 2.0569410178787386 2.0569410178787386 6.0988842001985001e-05 6.0988842001985001e-05 6.0988842001985001e-05 1 1 1 Converged Converged Converged OK OK OK 67 67 67 67 67 67 5 5 5 0 0 0 0 1 0 0 1
57 57 linear 3 15 573 2 0.0001 2.3971143135672244 0.0030620679005826617 0.37168203809844713 -0.02050736356508117 -0.5706574201234228 0.0021167604930851791 0.5 0.0052009589467141813 2.0662936075168838 OK 13 12 0.42317300000000002 0.26962199999999997 0.110883 0.30680000000000002 0.14674000000000001 0 0.116373 0.12288199999999996 0.110883 0.0086429999999999996 0.0085220000000000001 0.0080040000000000007 0.089200000000000002 0.096688000000000038 0.085276999999999992 0.0035040000000000002 0.0031310000000000001 0.0033420000000000004 0.00096000000000000013 0.00084200000000000008 0.00094200000000000002 2.0662924389857089 2.0662924389857089 2.0662924389857089 0.00016200876169156166 0.00016200876169156166 0.00016200876169156166 1 1 1 Converged Converged Converged OK OK OK 67 67 67 67 67 67 5 5 5 0 0 0 0 1 0 0 1
57 57 linear 3 23 573 3 0.0001 2.3971143135672244 0.0030620679005826617 0.37168203809844713 -0.02050736356508117 -0.5706574201234228 0.053829044054608262 0.5 -0.046511324614808905 2.0600157974091631 OK 12 11 0.49757299999999999 0.34670400000000001 0.16992599999999999 0.31342500000000001 0.154416 0 0.18414799999999998 0.19228800000000001 0.16992599999999999 0.0089980000000000008 0.0092499999999999995 0.0083719999999999992 0.13967000000000002 0.14768099999999995 0.128106 0.0076579999999999999 0.0078939999999999982 0.0070469999999999994 0.00123 0.0012230000000000001 0.0011660000000000002 2.0600150852629202 2.0600150852629202 2.0600150852629202 2.835793894802938e-05 2.835793894802938e-05 2.835793894802938e-05 1 1 1 Converged Converged Converged OK OK OK 122 122 122 122 122 122 6 6 6 0 0 0 0 1 0 0 1
57 57 linear 4 0 574 0 0.001 2.3971143135672244 0.0030620679005826617 0.37168203809844713 -1.4845443819346105 0.51098001380002067 -1.5588807895543 0.5 1.5661985089940993 1.1059013268993594 OK 13 12 0.343082 0.34399000000000002 0.069670999999999997 0.27132200000000001 0.27222000000000002 0 0.07175999999999999 0.07177 0.069670999999999997 0.0090390000000000002 0.009443 0.0089849999999999999 0.048923000000000015 0.048090999999999981 0.047352000000000012 0.0020190000000000004 0.0021970000000000002 0.00199 0.00047899999999999999 0.00056700000000000001 0.00046199999999999995 1.1059024404562376 1.1059024404562376 1.1059024404562376 0.00038464715901805703 0.00038464715901805703 0.00038464715901805703 1 1 1 Converged Converged Converged OK OK OK 44 44 44 44 44 44 4 4 4 0 0 0 0 0 1 0 0
57 57 linear 4 7 574 1 0.001 2.3971143135672244 0.0030620679005826617 0.37168203809844713 -1.4845443819346105 0.51098001380002067 -1.5136325414379672 0.5 1.5209502608777665 1.1140132449377442 OK 13 12 0.34150999999999998 0.20258000000000001 0.065092999999999998 0.27421699999999999 0.127388 0 0.067292999999999992 0.075192000000000009 0.065092999999999998 0.0084340000000000005 0.0085050000000000004 0.0078309999999999994 0.047606000000000002 0.055105000000000001 0.046281999999999997 0.0018629999999999996 0.0020469999999999998 0.0019000000000000002 0.00047099999999999996 0.00053299999999999995 0.00044499999999999997 1.1140133360281539 1.1140133360281539 1.1140133360281539 0.00042179484643682424 0.00042179484643682424 0.00042179484643682424 1 1 1 Converged Converged Converged OK OK OK 44 44 44 44 44 44 4 4 4 0 0 0 0 1 0 0 1
57 57 linear 4 15 574 2 0.001 2.3971143135672244 0.0030620679005826617 0.37168203809844713 -1.4845443819346105 0.51098001380002067 -1.4619202578764441 0.5 1.4692379773162434 1.1241125013105875 OK 13 12 0.33688200000000001 0.209866 0.061927000000000003 0.269233 0.138153 0 0.067649000000000015 0.071712999999999999 0.061927000000000003 0.01183 0.0084419999999999999 0.0077869999999999997 0.04458899999999999 0.051737999999999999 0.043261000000000008 0.0018510000000000002 0.0019969999999999996 0.00183 0.00047999999999999996 0.00054100000000000003 0.00046799999999999999 1.1241122631056606 1.1241122631056606 1.1241122631056606 0.00050080279914292149 0.00050080279914292149 0.00050080279914292149 1 1 1 Converged Converged Converged OK OK OK 44 44 44 44 44 44 4 4 4 0 0 0 0 1 0 0 1
57 57 linear 4 23 574 3 0.001 2.3971143135672244 0.0030620679005826617 0.37168203809844713 -1.4845443819346105 0.51098001380002067 -1.410207974314921 0.5 1.4175256937547203 1.1351908590427202 OK 13 12 0.347686 0.20289399999999999 0.061712999999999997 0.28121299999999999 0.130857 0 0.066473000000000004 0.07203699999999999 0.061712999999999997 0.008352 0.0084379999999999993 0.0078810000000000009 0.045468999999999996 0.051810000000000016 0.043000999999999977 0.0024879999999999998 0.0022880000000000001 0.0018869999999999998 0.00062300000000000007 0.0006379999999999999 0.00053800000000000007 1.135190548515232 1.135190548515232 1.135190548515232 0.0006364039078464083 0.0006364039078464083 0.0006364039078464083 1 1 1 Converged Converged Converged OK OK OK 44 44 44 44 44 44 4 4 4 0 0 0 0 1 0 0 1
57 57 linear 4 0 574 0 0.0001 2.3971143135672244 0.0030620679005826617 0.37168203809844713 -1.4845443819346105 0.51098001380002067 -1.5588807895543 0.5 1.5661985089940993 1.1059013268993594 OK 13 12 0.38046400000000002 0.382969 0.11129600000000001 0.27017000000000002 0.27401700000000001 0 0.110294 0.10895199999999999 0.11129600000000001 0.0091699999999999993 0.0092110000000000004 0.0087500000000000008 0.077567999999999998 0.076255999999999977 0.075669999999999973 0.0037489999999999997 0.003673 0.0073060000000000009 0.00076000000000000004 0.00074899999999999999 0.00079599999999999994 1.1059006351387095 1.1059006351387095 1.1059006351387095 7.6139685016294974e-05 7.6139685016294974e-05 7.6139685016294974e-05 1 1 1 Converged Converged Converged OK OK OK 76 76 76 76 76 76 4 4 4 0 0 0 0 0 1 0 0
57 57 linear 4 7 574 1 0.0001 2.3971143135672244 0.0030620679005826617 0.37168203809844713 -1.4845443819346105 0.51098001380002067 -1.5136325414379672 0.5 1.5209502608777665 1.1140132449377442 OK 13 12 0.370147 0.23485200000000001 0.091158000000000003 0.27220899999999998 0.12770599999999999 0 0.097938000000000025 0.10714600000000002 0.091158000000000003 0.012551 0.0085059999999999997 0.0077590000000000003 0.069062000000000012 0.081689999999999999 0.067401999999999976 0.0031179999999999997 0.0036090000000000007 0.0030980000000000005 0.00072100000000000007 0.00076599999999999997 0.00074599999999999992 1.1140125550379902 1.1140125550379902 1.1140125550379902 0.00010680269169240417 0.00010680269169240417 0.00010680269169240417 1 1 1 Converged Converged Converged OK OK OK 68 68 68 68 68 68 4 4 4 0 0 0 0 1 0 0 1
57 57 linear 4 15 574 2 0.0001 2.3971143135672244 0.0030620679005826617 0.37168203809844713 -1.4845443819346105 0.51098001380002067 -1.4619202578764441 0.5 1.4692379773162434 1.1241125013105875 OK 13 12 0.381853 0.264129 0.106558 0.271839 0.13497999999999999 0 0.110014 0.12914900000000001 0.106558 0.0084130000000000003 0.008659 0.0078309999999999994 0.079256999999999966 0.097011999999999987 0.076877000000000001 0.0039940000000000002 0.0045450000000000004 0.0039740000000000001 0.00087100000000000003 0.00089599999999999999 0.00089300000000000002 1.1241117864345376 1.1241117864345376 1.1241117864345376 9.6450823910283362e-06 9.6450823910283362e-06 9.6450823910283362e-06 1 1 1 Converged Converged Converged OK OK OK 84 84 84 84 84 84 4 4 4 0 0 0 0 1 0 0 1
57 57 linear 4 23 574 3 0.0001 2.3971143135672244 0.0030620679005826617 0.37168203809844713 -1.4845443819346105 0.51098001380002067 -1.410207974314921 0.5 1.4175256937547203 1.1351908590427202 OK 13 12 0.39048100000000002 0.25684899999999999 0.104838 0.28195100000000001 0.130106 0 0.10853000000000002 0.12674299999999999 0.104838 0.0083459999999999993 0.0084200000000000004 0.0078220000000000008 0.078902999999999987 0.096512000000000014 0.076544000000000001 0.0038809999999999999 0.0045529999999999998 0.0038240000000000001 0.00091500000000000001 0.00096500000000000004 0.00091599999999999993 1.1351901773008859 1.1351901773008859 1.1351901773008859 7.4931836865212624e-06 7.4931836865212624e-06 7.4931836865212624e-06 1 1 1 Converged Converged Converged OK OK OK 84 84 84 84 84 84 4 4 4 0 0 0 0 1 0 0 1
57 57 uniform 0 0 575 0 0.001 2.3971143135672244 0.0030620679005826617 0.37168203809844713 -0.091826907923520273 -0.043638026314180928 -0.16616331554320971 0 0.17348103498300907 5.1586797389951631 OK 15 14 0.67480899999999999 0.677033 0.15082699999999999 0.52345399999999997 0.52416200000000002 0 0.15135500000000002 0.15287099999999998 0.15082699999999999 0.010933999999999999 0.011036000000000001 0.010843999999999999 0.11438299999999998 0.11559200000000001 0.11418500000000001 0.002947 0.0031489999999999999 0.0029759999999999999 0.00083199999999999995 0.00085100000000000009 0.00082899999999999998 5.1586796960828858 5.1586796960828858 5.1586796960828858 0.0011367969388763257 0.0011367969388763257 0.0011367969388763257 1 1 1 Converged Converged Converged OK OK OK 87 87 87 87 87 87 9 9 9 0 0 0 0 0 1 0 0
57 57 uniform 0 7 575 1 0.001 2.3971143135672244 0.0030620679005826617 0.37168203809844713 -0.091826907923520273 -0.043638026314180928 -0.12091506742687701 0 0.12823278686667636 5.2939133205719013 OK 14 13 0.678898 0.51161599999999996 0.13100500000000001 0.54461099999999996 0.372894 0 0.13428700000000005 0.13872199999999996 0.13100500000000001 0.0095040000000000003 0.0095829999999999995 0.008966 0.10493900000000006 0.11010900000000001 0.10379099999999998 0.0033340000000000002 0.0031260000000000003 0.0029379999999999996 0.00087399999999999999 0.00086200000000000003 0.00082399999999999997 5.2939122588663095 5.2939122588663095 5.2939122588663095 0.0039378308160389714 0.0039378308160389714 0.0039378308160389714 1 1 1 Converged Converged Converged OK OK OK 80 80 80 80 80 80 8 8 8 0 0 0 0 1 0 0 1
57 57 uniform 0 15 575 2 0.001 2.3971143135672244 0.0030620679005826617 0.37168203809844713 -0.091826907923520273 -0.043638026314180928 -0.069202783865353917 0 0.076520503305153281 5.3943158102998474 OK 13 12 0.65362600000000004 0.48348799999999997 0.137629 0.51237299999999997 0.34154099999999998 0 0.14125300000000007 0.14194699999999999 0.137629 0.0093889999999999998 0.0091780000000000004 0.0084329999999999995 0.11191700000000002 0.11323999999999997 0.110582 0.003503 0.0032760000000000003 0.0031050000000000001 0.00098299999999999993 0.00094700000000000003 0.00087100000000000003 5.3943157519028917 5.3943157519028917 5.3943157519028917 0.00020765369916460867 0.00020765369916460867 0.00020765369916460867 1 1 1 Converged Converged Converged OK OK OK 81 81 81 81 81 81 7 7 7 0 0 0 0 1 0 0 1
57 57 uniform 0 23 575 3 0.001 2.3971143135672244 0.0030620679005826617 0.37168203809844713 -0.091826907923520273 -0.043638026314180928 -0.017490500303830842 0 0.024808219743630202 5.4421965603326514 OK 13 12 0.626085 0.45602799999999999 0.135351 0.48699100000000001 0.316938 0 0.139094 0.13908999999999999 0.135351 0.0088760000000000002 0.0089289999999999994 0.0081980000000000004 0.11013800000000003 0.11078299999999998 0.10871800000000001 0.0034450000000000001 0.0033590000000000009 0.0030140000000000002 0.00085800000000000004 0.00088100000000000006 0.00080400000000000003 5.4421965214209962 5.4421965214209962 5.4421965214209962 0.00020721086379190949 0.00020721086379190949 0.00020721086379190949 1 1 1 Converged Converged Converged OK OK OK 81 81 81 81 81 81 7 7 7 0 0 0 0 1 0 0 1
57 57 uniform 0 0 575 0 0.0001 2.3971143135672244 0.0030620679005826617 0.37168203809844713 -0.091826907923520273 -0.043638026314180928 -0.16616331554320971 0 0.17348103498300907 5.1586797389951631 OK 15 14 0.686249 0.68276199999999998 0.16078799999999999 0.52586500000000003 0.52269600000000005 0 0.16038399999999997 0.16006599999999993 0.16078799999999999 0.010828000000000001 0.010640999999999999 0.011167 0.11976499999999995 0.12039699999999998 0.12046600000000003 0.0034930000000000004 0.003509 0.0035960000000000002 0.001072 0.00101 0.001047 5.1586796957296013 5.1586796957296013 5.1586796957296013 0.0003985879660903143 0.0003985879660903143 0.0003985879660903143 1 1 1 Converged Converged Converged OK OK OK 95 95 95 95 95 95 9 9 9 0 0 0 0 0 1 0 0
57 57 uniform 0 7 575 1 0.0001 2.3971143135672244 0.0030620679005826617 0.37168203809844713 -0.091826907923520273 -0.043638026314180928 -0.12091506742687701 0 0.12823278686667636 5.2939133205719013 OK 14 13 0.68487100000000001 0.52017100000000005 0.14115800000000001 0.53932599999999997 0.37521599999999999 0 0.14554500000000004 0.14495500000000006 0.14115800000000001 0.0092919999999999999 0.0097059999999999994 0.0090559999999999998 0.11532799999999999 0.11458700000000001 0.11230199999999997 0.0033679999999999999 0.003571 0.0033010000000000001 0.00092499999999999993 0.00098899999999999986 0.00092800000000000001 5.2939132460976692 5.2939132460976692 5.2939132460976692 0.00019602926040973489 0.00019602926040973489 0.00019602926040973489 1 1 1 Converged Converged Converged OK OK OK 88 88 88 88 88 88 8 8 8 0 0 0 0 1 0 0 1
57 57 uniform 0 15 575 2 0.0001 2.3971143135672244 0.0030620679005826617 0.37168203809844713 -0.091826907923520273 -0.043638026314180928 -0.069202783865353917 0 0.076520503305153281 5.3943158102998474 OK 13 12 0.65267600000000003 0.48389399999999999 0.138017 0.51220600000000005 0.341694 0 0.14046999999999998 0.14219999999999999 0.138017 0.0092060000000000006 0.0093159999999999996 0.0084729999999999996 0.11169400000000003 0.11338499999999999 0.11092200000000001 0.0033840000000000003 0.003362 0.0032290000000000001 0.00091500000000000001 0.0009279999999999999 0.00087500000000000002 5.3943157519028917 5.3943157519028917 5.3943157519028917 0.00020765369916460867 0.00020765369916460867 0.00020765369916460867 1 1 1 Converged Converged Converged OK OK OK 81 81 81 81 81 81 7 7 7 0 0 0 0 1 0 0 1
57 57 uniform 0 23 575 3 0.0001 2.3971143135672244 0.0030620679005826617 0.37168203809844713 -0.091826907923520273 -0.043638026314180928 -0.017490500303830842 0 0.024808219743630202 5.4421965603326514 OK 13 12 0.62611799999999995 0.45588699999999999 0.13567399999999999 0.48738300000000001 0.31540699999999999 0 0.13873499999999994 0.14047999999999999 0.13567399999999999 0.008992 0.0090390000000000002 0.0082640000000000005 0.10988699999999998 0.11197699999999999 0.10906800000000004 0.0033709999999999994 0.0033850000000000004 0.0030390000000000005 0.00087499999999999991 0.00087399999999999999 0.000834 5.4421965214209962 5.4421965214209962 5.4421965214209962 0.00020721086379190949 0.00020721086379190949 0.00020721086379190949 1 1 1 Converged Converged Converged OK OK OK 81 81 81 81 81 81 7 7 7 0 0 0 0 1 0 0 1
57 57 uniform 1 0 576 0 0.001 2.3971143135672244 0.0030620679005826617 0.37168203809844713 -1.7045091081873205 0.092348856161153584 -1.77884551580701 0 1.7861632352468093 1.1284110704666808 OK 16 15 0.46106399999999997 0.46802500000000002 0.167069 0.29230600000000001 0.29538399999999998 0 0.16875799999999996 0.17264100000000004 0.167069 0.013726 0.014083 0.014005 0.11552299999999999 0.11860499999999997 0.11371899999999997 0.0050170000000000006 0.0055900000000000004 0.0051870000000000006 0.0011709999999999999 0.00125 0.0012319999999999998 1.1284105071280393 1.1284105071280393 1.1284105071280393 0.00075442836011307599 0.00075442836011307599 0.00075442836011307599 1 1 1 Converged Converged Converged OK OK OK 117 117 117 117 117 117 11 11 11 0 0 0 0 0 1 0 0
57 57 uniform 1 7 576 1 0.001 2.3971143135672244 0.0030620679005826617 0.37168203809844713 -1.7045091081873205 0.092348856161153584 -1.7335972676906772 0 1.7409149871304765 1.1339444235631493 OK 15 14 0.425016 0.29996 0.123987 0.29891600000000002 0.16411200000000001 0 0.12609999999999999 0.135848 0.123987 0.0099399999999999992 0.0097999999999999997 0.0089910000000000007 0.093135000000000009 0.10298099999999998 0.092854999999999993 0.0041310000000000001 0.0045100000000000001 0.0039820000000000003 0.001077 0.0010489999999999998 0.0010069999999999999 1.1340183614022186 1.1340183614022186 1.1340183614022186 0.00097057936625472767 0.00097057936625472767 0.00097057936625472767 1 1 1 Converged Converged Converged OK OK OK 110 110 110 110 110 110 10 10 10 0 0 0 0 1 0 0 1
57 57 uniform 1 15 576 2 0.001 2.3971143135672244 0.0030620679005826617 0.37168203809844713 -1.7045091081873205 0.092348856161153584 -1.6818849841291541 0 1.6892027035689534 1.1396277923713987 OK 15 14 0.42182700000000001 0.29435800000000001 0.124791 0.29472300000000001 0.153974 0 0.12710399999999999 0.14038400000000001 0.124791 0.0094520000000000003 0.0098239999999999994 0.0086969999999999999 0.094716000000000009 0.10721899999999998 0.094203000000000009 0.0041029999999999999 0.0044320000000000002 0.003973 0.0011229999999999999 0.001178 0.001067 1.1396973840982305 1.1396973840982305 1.1396973840982305 0.00084903699189743794 0.00084903699189743794 0.00084903699189743794 1 1 1 Converged Converged Converged OK OK OK 110 110 110 110 110 110 10 10 10 0 0 0 0 1 0 0 1
57 57 uniform 1 23 576 3 0.001 2.3971143135672244 0.0030620679005826617 0.37168203809844713 -1.7045091081873205 0.092348856161153584 -1.630172700567631 0 1.6374904200074303 1.1406564697287014 OK 15 14 0.54066400000000003 0.41329100000000002 0.12482699999999999 0.41061599999999998 0.27341100000000002 0 0.13004800000000005 0.13988 0.12482699999999999 0.0094090000000000007 0.0092540000000000001 0.0085199999999999998 0.096764000000000003 0.10748499999999997 0.094595000000000054 0.0047959999999999999 0.0044540000000000014 0.0039230000000000003 0.0011659999999999999 0.0010859999999999999 0.001023 1.1406483081744949 1.1406483081744949 1.1406483081744949 0.00078464604803329615 0.00078464604803329615 0.00078464604803329615 1 1 1 Converged Converged Converged OK OK OK 110 110 110 110 110 110 10 10 10 0 0 0 0 1 0 0 1
57 57 uniform 1 0 576 0 0.0001 2.3971143135672244 0.0030620679005826617 0.37168203809844713 -1.7045091081873205 0.092348856161153584 -1.77884551580701 0 1.7861632352468093 1.1284110704666808 OK 16 15 0.50390100000000004 0.50577799999999995 0.205788 0.29561599999999999 0.29711700000000002 0 0.20828500000000005 0.20866099999999993 0.205788 0.014312 0.014082000000000001 0.014104 0.14095700000000003 0.14078599999999999 0.13976500000000006 0.0086299999999999988 0.0091799999999999989 0.0079539999999999993 0.0017320000000000002 0.0016150000000000001 0.0016349999999999997 1.1284110982342863 1.1284110982342863 1.1284110982342863 5.9690166650698842e-05 5.9690166650698842e-05 5.9690166650698842e-05 1 1 1 Converged Converged Converged OK OK OK 157 157 157 157 157 157 11 11 11 0 0 0 0 0 1 0 0
57 57 uniform 1 7 576 1 0.0001 2.3971143135672244 0.0030620679005826617 0.37168203809844713 -1.7045091081873205 0.092348856161153584 -1.7335972676906772 0 1.7409149871304765 1.1339444235631493 OK 15 14 0.51675899999999997 0.38804300000000003 0.20874400000000001 0.306307 0.16380700000000001 0 0.21045199999999997 0.22423600000000002 0.20874400000000001 0.010075000000000001 0.010008 0.0091999999999999998 0.15255099999999999 0.16444499999999992 0.15212000000000003 0.010488000000000001 0.012039999999999999 0.0099430000000000004 0.0017710000000000002 0.002029 0.0016930000000000001 1.13394524607242 1.13394524607242 1.13394524607242 7.0365412575162166e-05 7.0365412575162166e-05 7.0365412575162166e-05 1 1 1 Converged Converged Converged OK OK OK 198 198 198 198 198 198 10 10 10 0 0 0 0 1 0 0 1
57 57 uniform 1 15 576 2 0.0001 2.3971143135672244 0.0030620679005826617 0.37168203809844713 -1.7045091081873205 0.092348856161153584 -1.6818849841291541 0 1.6892027035689534 1.1396277923713987 OK 15 14 0.498004 0.37650600000000001 0.197161 0.29724899999999999 0.15812499999999999 0 0.20075500000000002 0.21838100000000002 0.197161 0.0097169999999999999 0.0099649999999999999 0.0089020000000000002 0.14948900000000004 0.16644800000000004 0.14886999999999997 0.01018 0.010642 0.009388999999999998 0.0016050000000000001 0.0016789999999999999 0.0015989999999999999 1.1396294694073321 1.1396294694073321 1.1396294694073321 0.00010338671320507425 0.00010338671320507425 0.00010338671320507425 1 1 1 Converged Converged Converged OK OK OK 190 190 190 190 190 190 10 10 10 0 0 0 0 1 0 0 1
57 57 uniform 1 23 576 3 0.0001 2.3971143135672244 0.0030620679005826617 0.37168203809844713 -1.7045091081873205 0.092348856161153584 -1.630172700567631 0 1.6374904200074303 1.1406564697287014 OK 15 14 0.62531700000000001 0.49828800000000001 0.208847 0.41576999999999997 0.278393 0 0.20954700000000004 0.21989500000000001 0.208847 0.0094479999999999998 0.0094330000000000004 0.0085179999999999995 0.15685000000000013 0.16771499999999992 0.15571800000000002 0.010494999999999999 0.010551000000000001 0.0098370000000000003 0.0017280000000000002 0.0017599999999999998 0.0017470000000000003 1.1406553489734144 1.1406553489734144 1.1406553489734144 5.1629038805861197e-05 5.1629038805861197e-05 5.1629038805861197e-05 1 1 1 Converged Converged Converged OK OK OK 198 198 198 198 198 198 10 10 10 0 0 0 0 1 0 0 1
57 57 uniform 2 0 577 0 0.001 2.3971143135672244 0.0030620679005826617 0.37168203809844713 -2.0655506404050055 -0.33661674315256984 -2.1398870480246948 0 2.1472047674644941 1.0655625824217021 OK 13 12 0.40443899999999999 0.39578200000000002 0.14024200000000001 0.26078200000000001 0.25731300000000001 0 0.14365699999999998 0.13846900000000001 0.14024200000000001 0.0078689999999999993 0.0074440000000000001 0.0077910000000000002 0.11176700000000002 0.10799199999999996 0.10848599999999999 0.0030240000000000002 0.0029170000000000003 0.0032690000000000002 0.00079900000000000001 0.0008160000000000001 0.00088299999999999989 1.0655679099591644 1.0655679099591644 1.0655679099591644 0.0006510736495295449 0.0006510736495295449 0.0006510736495295449 1 1 1 Converged Converged Converged OK OK OK 80 80 80 80 80 80 8 8 8 0 0 0 0 0 1 0 0
57 57 uniform 2 7 577 1 0.001 2.3971143135672244 0.0030620679005826617 0.37168203809844713 -2.0655506404050055 -0.33661674315256984 -2.094638799908362 0 2.1019565193481613 1.0796543106634122 OK 14 13 0.35294599999999998 0.236785 0.096184000000000006 0.25349899999999997 0.133772 0 0.099447000000000008 0.10301299999999999 0.096184000000000006 0.0095980000000000006 0.0097099999999999999 0.0089899999999999997 0.069477999999999984 0.073580000000000007 0.068036999999999972 0.0035169999999999997 0.0033770000000000002 0.0031380000000000002 0.00080000000000000004 0.00081300000000000003 0.00086000000000000009 1.0796542051976272 1.0796542051976272 1.0796542051976272 0.00014049442234147729 0.00014049442234147729 0.00014049442234147729 1 1 1 Converged Converged Converged OK OK OK 87 87 87 87 87 87 9 9 9 0 0 0 0 1 0 0 1
57 57 uniform 2 15 577 2 0.001 2.3971143135672244 0.0030620679005826617 0.37168203809844713 -2.0655506404050055 -0.33661674315256984 -2.0429265163468391 0 2.0502442357866384 1.0883956520111164 OK 14 13 0.33726 0.228853 0.084595000000000004 0.25088700000000003 0.135717 0 0.086372999999999978 0.093135999999999997 0.084595000000000004 0.0089350000000000002 0.0091699999999999993 0.0083149999999999995 0.061350999999999996 0.066823999999999981 0.060955999999999982 0.0025130000000000005 0.0030800000000000003 0.0025240000000000002 0.00059699999999999998 0.00070100000000000002 0.00063400000000000001 1.0883943413205632 1.0883943413205632 1.0883943413205632 0.0010406187347285528 0.0010406187347285528 0.0010406187347285528 1 1 1 Converged Converged Converged OK OK OK 79 79 79 79 79 79 9 9 9 0 0 0 0 1 0 0 1
57 57 uniform 2 23 577 3 0.001 2.3971143135672244 0.0030620679005826617 0.37168203809844713 -2.0655506404050055 -0.33661674315256984 -1.991214232785316 0 1.9985319522251153 1.0942054246190065 OK 14 13 0.33665800000000001 0.22665099999999999 0.081834000000000004 0.24803500000000001 0.13708000000000001 0 0.088623000000000007 0.089570999999999984 0.081834000000000004 0.008966 0.0090919999999999994 0.0083260000000000001 0.06343399999999999 0.063766000000000017 0.058222000000000003 0.002588 0.0029630000000000004 0.0024989999999999999 0.00061899999999999998 0.00062200000000000005 0.00059899999999999992 1.0942045861107834 1.0942045861107834 1.0942045861107834 0.00044171217158945817 0.00044171217158945817 0.00044171217158945817 1 1 1 Converged Converged Converged OK OK OK 79 79 79 79 79 79 9 9 9 0 0 0 0 1 0 0 1
57 57 uniform 2 0 577 0 0.0001 2.3971143135672244 0.0030620679005826617 0.37168203809844713 -2.0655506404050055 -0.33661674315256984 -2.1398870480246948 0 2.1472047674644941 1.0655625824217021 OK 13 12 0.44034000000000001 0.43617 0.17536199999999999 0.26509300000000002 0.25874200000000003 0 0.17524699999999999 0.17742799999999997 0.17536199999999999 0.0076229999999999996 0.0076010000000000001 0.0075979999999999997 0.13586400000000001 0.13698199999999999 0.13649199999999989 0.0044510000000000001 0.005254 0.0047270000000000003 0.001163 0.0012490000000000001 0.00115 1.0655624339893437 1.0655624339893437 1.0655624339893437 6.5789587509845356e-05 6.5789587509845356e-05 6.5789587509845356e-05 1 1 1 Converged Converged Converged OK OK OK 104 104 104 104 104 104 8 8 8 0 0 0 0 0 1 0 0
57 57 uniform 2 7 577 1 0.0001 2.3971143135672244 0.0030620679005826617 0.37168203809844713 -2.0655506404050055 -0.33661674315256984 -2.094638799908362 0 2.1019565193481613 1.0796543106634122 OK 14 13 0.36283199999999999 0.25342500000000001 0.103825 0.25357499999999999 0.137216 0 0.10925699999999999 0.11620900000000001 0.103825 0.0096579999999999999 0.0099240000000000005 0.0088769999999999995 0.077905999999999975 0.085372999999999977 0.075362999999999986 0.0040450000000000009 0.0040859999999999994 0.0034760000000000004 0.0011280000000000001 0.001042 0.0010020000000000001 1.0796545080044282 1.0796545080044282 1.0796545080044282 5.5816710523643172e-05 5.5816710523643172e-05 5.5816710523643172e-05 1 1 1 Converged Converged Converged OK OK OK 95 95 95 95 95 95 9 9 9 0 0 0 0 1 0 0 1
57 57 uniform 2 15 577 2 0.0001 2.3971143135672244 0.0030620679005826617 0.37168203809844713 -2.0655506404050055 -0.33661674315256984 -2.0429265163468391 0 2.0502442357866384 1.0883956520111164 OK 14 13 0.36070000000000002 0.24238499999999999 0.099908999999999998 0.25936799999999999 0.13602700000000001 0 0.10133200000000003 0.10635799999999998 0.099908999999999998 0.0089429999999999996 0.0089820000000000004 0.0083560000000000006 0.074674000000000004 0.079503999999999964 0.074325999999999962 0.002875 0.0030019999999999999 0.0028939999999999999 0.00075599999999999994 0.00080200000000000009 0.00074600000000000003 1.0883957179257686 1.0883957179257686 1.0883957179257686 8.926743854109642e-05 8.926743854109642e-05 8.926743854109642e-05 1 1 1 Converged Converged Converged OK OK OK 87 87 87 87 87 87 9 9 9 0 0 0 0 1 0 0 1
57 57 uniform 2 23 577 3 0.0001 2.3971143135672244 0.0030620679005826617 0.37168203809844713 -2.0655506404050055 -0.33661674315256984 -1.991214232785316 0 1.9985319522251153 1.0942054246190065 OK 14 13 0.34894399999999998 0.23524100000000001 0.095204999999999998 0.25154199999999999 0.13261600000000001 0 0.097401999999999989 0.10262499999999999 0.095204999999999998 0.00894 0.0090080000000000004 0.0082679999999999993 0.070903000000000008 0.075624999999999984 0.070014999999999994 0.0027809999999999996 0.0031900000000000001 0.0027549999999999996 0.00074399999999999998 0.00077299999999999992 0.00073099999999999988 1.0942048064153809 1.0942048064153809 1.0942048064153809 9.8335348202789952e-05 9.8335348202789952e-05 9.8335348202789952e-05 1 1 1 Converged Converged Converged OK OK OK 87 87 87 87 87 87 9 9 9 0 0 0 0 1 0 0 1
57 57 uniform 3 0 578 0 0.001 2.3971143135672244 0.0030620679005826617 0.37168203809844713 -0.02050736356508117 -0.5706574201234228 -0.094843771184770609 0 0.10216149062456997 2.046674858690718 OK 13 12 0.4173 0.41383900000000001 0.088113999999999998 0.32827200000000001 0.325345 0 0.089027999999999996 0.088494000000000017 0.088113999999999998 0.0094859999999999996 0.0093480000000000004 0.0094739999999999998 0.060096999999999991 0.060170999999999995 0.059622999999999989 0.0025140000000000002 0.0025699999999999998 0.0025490000000000001 0.00079600000000000005 0.00074099999999999991 0.00078799999999999986 2.046674878380752 2.046674878380752 2.046674878380752 0.00034190535403504855 0.00034190535403504855 0.00034190535403504855 1 1 1 Converged Converged Converged OK OK OK 59 59 59 59 59 59 5 5 5 0 0 0 0 0 1 0 0
57 57 uniform 3 7 578 1 0.001 2.3971143135672244 0.0030620679005826617 0.37168203809844713 -0.02050736356508117 -0.5706574201234228 -0.049595523068437897 0 0.056913242508237261 2.067452200360874 OK 13 12 0.39793000000000001 0.244064 0.082660999999999998 0.31391599999999997 0.154921 0 0.084014000000000033 0.089143 0.082660999999999998 0.0085730000000000008 0.0085579999999999996 0.0080110000000000008 0.059521000000000011 0.065130999999999994 0.059195999999999964 0.0025110000000000002 0.0026099999999999999 0.002513 0.00076499999999999995 0.00071699999999999997 0.00076099999999999996 2.0674522581454897 2.0674522581454897 2.0674522581454897 0.00066570847433870123 0.00066570847433870123 0.00066570847433870123 1 1 1 Converged Converged Converged OK OK OK 59 59 59 59 59 59 5 5 5 0 0 0 0 1 0 0 1
57 57 uniform 3 15 578 2 0.001 2.3971143135672244 0.0030620679005826617 0.37168203809844713 -0.02050736356508117 -0.5706574201234228 0.0021167604930851791 0 0.0052009589467141813 2.0769824715879865 OK 13 12 0.39215699999999998 0.23841799999999999 0.082431000000000004 0.308587 0.14513899999999999 0 0.083569999999999978 0.093279000000000001 0.082431000000000004 0.0084200000000000004 0.0085220000000000001 0.0078460000000000005 0.059388999999999983 0.069278000000000006 0.059074000000000008 0.0025609999999999999 0.0025560000000000001 0.0025009999999999998 0.00069300000000000004 0.00067299999999999999 0.00076000000000000004 2.0769820713444043 2.0769820713444043 2.0769820713444043 0.001362935352871386 0.001362935352871386 0.001362935352871386 1 1 1 Converged Converged Converged OK OK OK 59 59 59 59 59 59 5 5 5 0 0 0 0 1 0 0 1
57 57 uniform 3 23 578 3 0.001 2.3971143135672244 0.0030620679005826617 0.37168203809844713 -0.02050736356508117 -0.5706574201234228 0.053829044054608262 0 -0.046511324614808905 2.0705729952713354 OK 12 11 0.41787400000000002 0.274366 0.104308 0.31188500000000002 0.15149000000000001 0 0.105989 0.12287599999999999 0.104308 0.0088789999999999997 0.009018 0.0082749999999999994 0.076141999999999974 0.092146000000000061 0.075625999999999999 0.003444 0.0038330000000000005 0.0033829999999999997 0.00082700000000000004 0.00090399999999999996 0.00081000000000000006 2.0705927779092059 2.0705927779092059 2.0705927779092059 0.00091311151142388141 0.00091311151142388141 0.00091311151142388141 1 1 1 Converged Converged Converged OK OK OK 82 82 82 82 82 82 6 6 6 0 0 0 0 1 0 0 1
57 57 uniform 3 0 578 0 0.0001 2.3971143135672244 0.0030620679005826617 0.37168203809844713 -0.02050736356508117 -0.5706574201234228 -0.094843771184770609 0 0.10216149062456997 2.046674858690718 OK 13 12 0.422709 0.421568 0.097180000000000002 0.32372099999999998 0.32308700000000001 0 0.09898800000000002 0.098480999999999985 0.097180000000000002 0.0095689999999999994 0.0096830000000000006 0.0094090000000000007 0.067203999999999986 0.066820999999999992 0.066237000000000004 0.0028959999999999997 0.0028709999999999999 0.002774 0.00088000000000000003 0.00094200000000000002 0.00085699999999999991 2.0466748372540224 2.0466748372540224 2.0466748372540224 4.0482744253008414e-05 4.0482744253008414e-05 4.0482744253008414e-05 1 1 1 Converged Converged Converged OK OK OK 67 67 67 67 67 67 5 5 5 0 0 0 0 0 1 0 0
57 57 uniform 3 7 578 1 0.0001 2.3971143135672244 0.0030620679005826617 0.37168203809844713 -0.02050736356508117 -0.5706574201234228 -0.049595523068437897 0 0.056913242508237261 2.067452200360874 OK 13 12 0.40894399999999997 0.254722 0.091466000000000006 0.31587900000000002 0.14988799999999999 0 0.093064999999999953 0.10483400000000001 0.091466000000000006 0.0084209999999999997 0.0086049999999999998 0.0079670000000000001 0.066857000000000014 0.078561999999999965 0.066212000000000007 0.0028660000000000001 0.0029260000000000002 0.0028869999999999998 0.0008699999999999999 0.00089400000000000005 0.00087399999999999999 2.0674521807166117 2.0674521807166117 2.0674521807166117 6.5409121437636731e-05 6.5409121437636731e-05 6.5409121437636731e-05 1 1 1 Converged Converged Converged OK OK OK 67 67 67 67 67 67 5 5 5 0 0 0 0 1 0 0 1
57 57 uniform 3 15 578 2 0.0001 2.3971143135672244 0.0030620679005826617 0.37168203809844713 -0.02050736356508117 -0.5706574201234228 0.0021167604930851791 0 0.0052009589467141813 2.0769824715879865 OK 13 12 0.40331 0.24956400000000001 0.091063000000000005 0.30976500000000001 0.14568200000000001 0 0.093544999999999989 0.103882 0.091063000000000005 0.0085800000000000008 0.0085850000000000006 0.0079000000000000008 0.067033000000000009 0.077556 0.066149000000000013 0.0029520000000000002 0.0029069999999999999 0.0027750000000000001 0.00084400000000000002 0.00092000000000000003 0.00085599999999999977 2.0769824266058459 2.0769824266058459 2.0769824266058459 0.00017328777077483916 0.00017328777077483916 0.00017328777077483916 1 1 1 Converged Converged Converged OK OK OK 67 67 67 67 67 67 5 5 5 0 0 0 0 1 0 0 1
57 57 uniform 3 23 578 3 0.0001 2.3971143135672244 0.0030620679005826617 0.37168203809844713 -0.02050736356508117 -0.5706574201234228 0.053829044054608262 0 -0.046511324614808905 2.0705729952713354 OK 12 11 0.45779399999999998 0.31257600000000002 0.13861499999999999 0.31252400000000002 0.14984500000000001 0 0.14526999999999995 0.16273100000000001 0.13861499999999999 0.0087580000000000002 0.009221 0.0081460000000000005 0.10188999999999997 0.11816900000000002 0.097791999999999976 0.0070260000000000001 0.0080540000000000004 0.0062819999999999994 0.0011709999999999999 0.0012140000000000002 0.001059 2.0705736842740983 2.0705736842740983 2.0705736842740983 4.4934566236197281e-05 4.4934566236197281e-05 4.4934566236197281e-05 1 1 1 Converged Converged Converged OK OK OK 122 122 122 122 122 122 6 6 6 0 0 0 0 1 0 0 1
57 57 uniform 4 0 579 0 0.001 2.3971143135672244 0.0030620679005826617 0.37168203809844713 -1.4845443819346105 0.51098001380002067 -1.5588807895543 0 1.5661985089940993 1.1062811013508707 OK 13 12 0.332237 0.33584999999999998 0.059790999999999997 0.27135799999999999 0.27505600000000002 0 0.060879000000000016 0.060793999999999959 0.059790999999999997 0.009018 0.0090729999999999995 0.0085789999999999998 0.038475999999999996 0.038412000000000002 0.038334000000000007 0.0017360000000000001 0.0017309999999999999 0.0017070000000000002 0.00056099999999999998 0.00055900000000000004 0.00053700000000000004 1.1062839707018224 1.1062839707018224 1.1062839707018224 0.00072220811379120325 0.00072220811379120325 0.00072220811379120325 1 1 1 Converged Converged Converged OK OK OK 44 44 44 44 44 44 4 4 4 0 0 0 0 0 1 0 0
57 57 uniform 4 7 579 1 0.001 2.3971143135672244 0.0030620679005826617 0.37168203809844713 -1.4845443819346105 0.51098001380002067 -1.5136325414379672 0 1.5209502608777665 1.1144272360902259 OK 13 12 0.32972600000000002 0.19236800000000001 0.055559999999999998 0.272318 0.12603300000000001 0 0.057408000000000015 0.066335000000000005 0.055559999999999998 0.0083379999999999999 0.0084980000000000003 0.0077860000000000004 0.037677999999999989 0.046209000000000007 0.037156999999999996 0.001854 0.001954 0.0017589999999999999 0.00050200000000000006 0.00056100000000000008 0.00043900000000000005 1.1144283850710637 1.1144283850710637 1.1144283850710637 0.00050933005238505604 0.00050933005238505604 0.00050933005238505604 1 1 1 Converged Converged Converged OK OK OK 44 44 44 44 44 44 4 4 4 0 0 0 0 1 0 0 1
57 57 uniform 4 15 579 2 0.001 2.3971143135672244 0.0030620679005826617 0.37168203809844713 -1.4845443819346105 0.51098001380002067 -1.4619202578764441 0 1.4692379773162434 1.1245690591729416 OK 13 12 0.32437700000000003 0.19486400000000001 0.052225000000000001 0.27066099999999998 0.13290399999999999 0 0.053716000000000041 0.061960000000000015 0.052225000000000001 0.0083499999999999998 0.0083739999999999995 0.0077460000000000003 0.034417999999999997 0.042578999999999999 0.034050999999999998 0.0016770000000000001 0.00181 0.001676 0.00047400000000000003 0.00049899999999999999 0.000437 1.1245696975666033 1.1245696975666033 1.1245696975666033 0.00046732046486009732 0.00046732046486009732 0.00046732046486009732 1 1 1 Converged Converged Converged OK OK OK 44 44 44 44 44 44 4 4 4 0 0 0 0 1 0 0 1
57 57 uniform 4 23 579 3 0.001 2.3971143135672244 0.0030620679005826617 0.37168203809844713 -1.4845443819346105 0.51098001380002067 -1.410207974314921 0 1.4175256937547203 1.1356947673528026 OK 13 12 0.33652500000000002 0.18892900000000001 0.052069999999999998 0.28248099999999998 0.12690799999999999 0 0.054044000000000036 0.062021000000000021 0.052069999999999998 0.0081960000000000002 0.0083940000000000004 0.0077460000000000003 0.034535000000000003 0.042645999999999989 0.033882000000000002 0.0018489999999999999 0.0018110000000000001 0.0017589999999999999 0.00047999999999999996 0.000473 0.00043899999999999999 1.135695235540092 1.135695235540092 1.135695235540092 0.00051456592896123078 0.00051456592896123078 0.00051456592896123078 1 1 1 Converged Converged Converged OK OK OK 44 44 44 44 44 44 4 4 4 0 0 0 0 1 0 0 1
57 57 uniform 4 0 579 0 0.0001 2.3971143135672244 0.0030620679005826617 0.37168203809844713 -1.4845443819346105 0.51098001380002067 -1.5588807895543 0 1.5661985089940993 1.1062811013508707 OK 13 12 0.347111 0.35054200000000002 0.074976000000000001 0.27033299999999999 0.27468799999999999 0 0.076778000000000013 0.075854000000000033 0.074976000000000001 0.0090959999999999999 0.0090919999999999994 0.0087279999999999996 0.049701999999999996 0.04976700000000002 0.049311000000000001 0.002849 0.0025999999999999999 0.00263 0.00070899999999999999 0.00067000000000000002 0.00069999999999999988 1.1062810561322223 1.1062810561322223 1.1062810561322223 4.803022242999656e-05 4.803022242999656e-05 4.803022242999656e-05 1 1 1 Converged Converged Converged OK OK OK 60 60 60 60 60 60 4 4 4 0 0 0 0 0 1 0 0
57 57 uniform 4 7 579 1 0.0001 2.3971143135672244 0.0030620679005826617 0.37168203809844713 -1.4845443819346105 0.51098001380002067 -1.5136325414379672 0 1.5209502608777665 1.1144272360902259 OK 13 12 0.34501500000000002 0.21021400000000001 0.070342000000000002 0.27354299999999998 0.126919 0 0.071472000000000036 0.083295000000000008 0.070342000000000002 0.0082939999999999993 0.0083660000000000002 0.0078860000000000006 0.048833000000000008 0.060812999999999992 0.048531000000000005 0.0025339999999999998 0.002542 0.0024910000000000002 0.00062699999999999995 0.00062399999999999999 0.0006510000000000001 1.1144271970298725 1.1144271970298725 1.1144271970298725 7.3294927175498683e-05 7.3294927175498683e-05 7.3294927175498683e-05 1 1 1 Converged Converged Converged OK OK OK 60 60 60 60 60 60 4 4 4 0 0 0 0 1 0 0 1
57 57 uniform 4 15 579 2 0.0001 2.3971143135672244 0.0030620679005826617 0.37168203809844713 -1.4845443819346105 0.51098001380002067 -1.4619202578764441 0 1.4692379773162434 1.1245690591729416 OK 13 12 0.34506100000000001 0.22355900000000001 0.072900999999999994 0.27000000000000002 0.13320299999999999 0 0.075060999999999989 0.09035600000000002 0.072900999999999994 0.0084679999999999998 0.0083070000000000001 0.0078200000000000006 0.049618999999999983 0.065281999999999993 0.048814999999999983 0.0029429999999999999 0.0028640000000000002 0.0027499999999999998 0.00072399999999999993 0.00070899999999999999 0.00067099999999999994 1.1245690295520707 1.1245690295520707 1.1245690295520707 3.3075313152813743e-05 3.3075313152813743e-05 3.3075313152813743e-05 1 1 1 Converged Converged Converged OK OK OK 68 68 68 68 68 68 4 4 4 0 0 0 0 1 0 0 1
57 57 uniform 4 23 579 3 0.0001 2.3971143135672244 0.0030620679005826617 0.37168203809844713 -1.4845443819346105 0.51098001380002067 -1.410207974314921 0 1.4175256937547203 1.1356947673528026 OK 13 12 0.35480600000000001 0.218137 0.071346999999999994 0.281636 0.12792700000000001 0 0.073170000000000013 0.090209999999999985 0.071346999999999994 0.0084620000000000008 0.0083999999999999995 0.0077799999999999996 0.048707999999999994 0.065536000000000025 0.048419999999999977 0.0029049999999999996 0.0032240000000000003 0.0027429999999999998 0.00070200000000000004 0.00077799999999999994 0.00066200000000000005 1.1356947429480377 1.1356947429480377 1.1356947429480377 3.3209830677702872e-05 3.3209830677702872e-05 3.3209830677702872e-05 1 1 1 Converged Converged Converged OK OK OK 68 68 68 68 68 68 4 4 4 0 0 0 0 1 0 0 1
58 58 linear 0 0 580 0 0.001 0.38376829546145558 0.0010582680790442783 0.36794051322780458 2.1852905037439272 0.14446372582088426 2.1117024010983663 0.5 -2.1112967007013101 1.0524450203943245 OK 15 14 0.55216299999999996 0.55289999999999995 0.23499900000000001 0.30873800000000001 0.318467 0 0.24342499999999995 0.23443299999999995 0.23499900000000001 0.010531 0.010385 0.01043 0.1989490000000001 0.19405200000000003 0.19466999999999995 0.004712 0.0041419999999999998 0.0041519999999999994 0.00078700000000000005 0.00076899999999999994 0.00078200000000000003 1.0524453045605324 1.0524453045605324 1.0524453045605324 4.8472872325107154e-05 4.8472872325107154e-05 4.8472872325107154e-05 1 1 1 Converged Converged Converged OK OK OK 94 94 94 94 94 94 10 10 10 0 0 0 0 0 1 0 0
58 58 linear 0 7 580 1 0.001 0.38376829546145558 0.0010582680790442783 0.36794051322780458 2.1852905037439272 0.14446372582088426 2.1564951592304467 0.5 -2.1560894588333905 1.0492595181755344 OK 15 14 0.529895 0.37123099999999998 0.21259600000000001 0.314801 0.151422 0 0.21509400000000001 0.21980899999999998 0.21259600000000001 0.0092309999999999996 0.0095209999999999999 0.010083 0.18402500000000002 0.18788600000000005 0.18234499999999998 0.0040829999999999998 0.0047489999999999997 0.0036449999999999998 0.00073500000000000008 0.00074499999999999989 0.000678 1.0492595949819852 1.0492595949819852 1.0492595949819852 6.4517325900241763e-05 6.4517325900241763e-05 6.4517325900241763e-05 1 1 1 Converged Converged Converged OK OK OK 87 87 87 87 87 87 9 9 9 0 0 0 0 1 0 0 1
58 58 linear 0 15 580 2 0.001 0.38376829546145558 0.0010582680790442783 0.36794051322780458 2.1852905037439272 0.14446372582088426 2.2076868828099676 0.5 -2.2072811824129115 1.0458758220401589 OK 15 14 0.53065799999999996 0.37639600000000001 0.210121 0.31364599999999998 0.15110999999999999 0 0.21701199999999998 0.22528600000000001 0.210121 0.0093559999999999997 0.0094579999999999994 0.0084770000000000002 0.186389 0.19377699999999995 0.18141399999999999 0.0040079999999999994 0.004522 0.0037139999999999999 0.00071299999999999998 0.00072900000000000005 0.00072100000000000007 1.0458760865876058 1.0458760865876058 1.0458760865876058 0.00012080355350549857 0.00012080355350549857 0.00012080355350549857 1 1 1 Converged Converged Converged OK OK OK 87 87 87 87 87 87 9 9 9 0 0 0 0 1 0 0 1
58 58 linear 0 23 580 3 0.001 0.38376829546145558 0.0010582680790442783 0.36794051322780458 2.1852905037439272 0.14446372582088426 2.2588786063894881 0.5 -2.258472905992432 1.0427429926395764 OK 15 14 0.53647999999999996 0.37853300000000001 0.21989500000000001 0.30707499999999999 0.14834700000000001 0 0.22940499999999997 0.230186 0.21989500000000001 0.0094629999999999992 0.0095490000000000002 0.0087519999999999994 0.19746600000000003 0.19803699999999996 0.19040599999999999 0.0040990000000000002 0.0043179999999999998 0.0036080000000000001 0.00070899999999999999 0.000812 0.00069399999999999996 1.0427423267430684 1.0427423267430684 1.0427423267430684 0.00033887143115561124 0.00033887143115561124 0.00033887143115561124 1 1 1 Converged Converged Converged OK OK OK 87 87 87 87 87 87 9 9 9 0 0 0 0 1 0 0 1
58 58 linear 0 0 580 0 0.0001 0.38376829546145558 0.0010582680790442783 0.36794051322780458 2.1852905037439272 0.14446372582088426 2.1117024010983663 0.5 -2.1112967007013101 1.0524450203943245 OK 15 14 0.56329499999999999 0.56065299999999996 0.24604400000000001 0.31770399999999999 0.314944 0 0.245591 0.24570899999999996 0.24604400000000001 0.010749999999999999 0.010928999999999999 0.010671 0.20473600000000003 0.20404899999999998 0.20552500000000001 0.0038919999999999996 0.0045489999999999992 0.0042449999999999996 0.00081899999999999985 0.00091 0.00081400000000000005 1.0524453047476057 1.0524453047476057 1.0524453047476057 4.8470715966956567e-05 4.8470715966956567e-05 4.8470715966956567e-05 1 1 1 Converged Converged Converged OK OK OK 94 94 94 94 94 94 10 10 10 0 0 0 0 0 1 0 0
58 58 linear 0 7 580 1 0.0001 0.38376829546145558 0.0010582680790442783 0.36794051322780458 2.1852905037439272 0.14446372582088426 2.1564951592304467 0.5 -2.1560894588333905 1.0492595181755344 OK 15 14 0.52823100000000001 0.373859 0.20905699999999999 0.31566 0.153138 0 0.21257100000000001 0.220721 0.20905699999999999 0.0092390000000000007 0.0095670000000000009 0.0087049999999999992 0.18257000000000009 0.19013800000000003 0.18003199999999997 0.0037620000000000006 0.0041289999999999999 0.0038 0.00069899999999999997 0.000696 0.00066 1.0492595949819852 1.0492595949819852 1.0492595949819852 6.4517325900241763e-05 6.4517325900241763e-05 6.4517325900241763e-05 1 1 1 Converged Converged Converged OK OK OK 87 87 87 87 87 87 9 9 9 0 0 0 0 1 0 0 1
58 58 linear 0 15 580 2 0.0001 0.38376829546145558 0.0010582680790442783 0.36794051322780458 2.1852905037439272 0.14446372582088426 2.2076868828099676 0.5 -2.2072811824129115 1.0458758220401589 OK 15 14 0.55231399999999997 0.39271600000000001 0.230957 0.31747599999999998 0.15132000000000001 0 0.23483799999999999 0.241396 0.230957 0.0090889999999999999 0.0095340000000000008 0.0085810000000000001 0.20158999999999994 0.2065000000000001 0.19903399999999991 0.004163 0.004725 0.004326 0.00089400000000000005 0.0010149999999999998 0.00087200000000000005 1.0458754785652364 1.0458754785652364 1.0458754785652364 3.4436066345648288e-05 3.4436066345648288e-05 3.4436066345648288e-05 1 1 1 Converged Converged Converged OK OK OK 95 95 95 95 95 95 9 9 9 0 0 0 0 1 0 0 1
58 58 linear 0 23 580 3 0.0001 0.38376829546145558 0.0010582680790442783 0.36794051322780458 2.1852905037439272 0.14446372582088426 2.2588786063894881 0.5 -2.258472905992432 1.0427429926395764 OK 15 14 0.56459300000000001 0.39522800000000002 0.23877100000000001 0.313135 0.148285 0 0.25145800000000001 0.24694300000000002 0.23877100000000001 0.0095490000000000002 0.0094219999999999998 0.0087690000000000008 0.21528800000000001 0.21262599999999998 0.20633299999999993 0.0053650000000000008 0.0047130000000000002 0.0044090000000000006 0.00093300000000000002 0.00095399999999999999 0.00087200000000000005 1.0427426495262071 1.0427426495262071 1.0427426495262071 7.0720762487605892e-05 7.0720762487605892e-05 7.0720762487605892e-05 1 1 1 Converged Converged Converged OK OK OK 95 95 95 95 95 95 9 9 9 0 0 0 0 1 0 0 1
58 58 linear 1 0 581 0 0.001 0.38376829546145558 0.0010582680790442783 0.36794051322780458 0.20956123100624444 0.17810370407896065 0.13597312836068354 0.5 -0.13556742796362731 5.1327921404241517 OK 14 13 0.62110100000000001 0.61258199999999996 0.27895999999999999 0.331513 0.33535700000000002 0 0.28958800000000001 0.27722499999999994 0.27895999999999999 0.010711999999999999 0.010290000000000001 0.010485 0.25079499999999993 0.24039000000000005 0.24125300000000008 0.0045760000000000002 0.0045080000000000007 0.004816 0.0011429999999999999 0.0011429999999999999 0.0011050000000000001 5.1328069900119262 5.1328069900119262 5.1328069900119262 0.004212951667977834 0.004212951667977834 0.004212951667977834 1 1 1 Converged Converged Converged OK OK OK 89 89 89 89 89 89 7 7 7 0 0 0 0 0 1 0 0
58 58 linear 1 7 581 1 0.001 0.38376829546145558 0.0010582680790442783 0.36794051322780458 0.20956123100624444 0.17810370407896065 0.18076588649276409 0.5 -0.18036018609570786 4.901025473929713 OK 14 13 0.60233599999999998 0.42031099999999999 0.26024599999999998 0.336758 0.15748200000000001 0 0.26557799999999998 0.26282899999999998 0.26024599999999998 0.0095149999999999992 0.0095840000000000005 0.0091809999999999999 0.23716900000000007 0.23410300000000003 0.23230300000000009 0.0037759999999999998 0.0040549999999999996 0.0041469999999999996 0.00090800000000000006 0.00096000000000000002 0.00094300000000000004 4.9010189162670112 4.9010189162670112 4.9010189162670112 0.0043123256764832831 0.0043123256764832831 0.0043123256764832831 1 1 1 Converged Converged Converged OK OK OK 88 88 88 88 88 88 8 8 8 0 0 0 0 1 0 0 1
58 58 linear 1 15 581 2 0.001 0.38376829546145558 0.0010582680790442783 0.36794051322780458 0.20956123100624444 0.17810370407896065 0.23195761007228471 0.5 -0.23155190967522848 4.5410830318408317 OK 14 13 0.60248999999999997 0.41827700000000001 0.25109100000000001 0.33987200000000001 0.16064300000000001 0 0.26261799999999996 0.25763400000000003 0.25109100000000001 0.010286 0.010153000000000001 0.0092549999999999993 0.23056900000000011 0.22550999999999999 0.22213700000000011 0.0043109999999999997 0.0045390000000000005 0.0036260000000000008 0.0011020000000000001 0.0010319999999999999 0.00089100000000000008 4.541074303806794 4.541074303806794 4.541074303806794 0.0019098456482610367 0.0019098456482610367 0.0019098456482610367 1 1 1 Converged Converged Converged OK OK OK 87 87 87 87 87 87 9 9 9 0 0 0 0 1 0 0 1
58 58 linear 1 23 581 3 0.001 0.38376829546145558 0.0010582680790442783 0.36794051322780458 0.20956123100624444 0.17810370407896065 0.28314933365180533 0.5 -0.2827436332547491 4.0526514823566178 OK 14 13 0.61177300000000001 0.43819599999999997 0.26038 0.33931899999999998 0.16983599999999999 0 0.27245400000000003 0.26835999999999999 0.26038 0.0096880000000000004 0.0097719999999999994 0.0088070000000000006 0.23812600000000006 0.23393700000000006 0.22923600000000005 0.0045860000000000007 0.0047609999999999987 0.0039630000000000004 0.0012310000000000001 0.0011249999999999999 0.001108 4.0526342735593541 4.0526342735593541 4.0526342735593541 0.0017734818130248449 0.0017734818130248449 0.0017734818130248449 1 1 1 Converged Converged Converged OK OK OK 95 95 95 95 95 95 9 9 9 0 0 0 0 1 0 0 1
58 58 linear 1 0 581 0 0.0001 0.38376829546145558 0.0010582680790442783 0.36794051322780458 0.20956123100624444 0.17810370407896065 0.13597312836068354 0.5 -0.13556742796362731 5.1327921404241517 OK 14 13 0.789022 0.77851099999999995 0.437141 0.33562799999999998 0.33945500000000001 0 0.45339400000000002 0.43905599999999995 0.437141 0.010812 0.010878000000000001 0.010343 0.39481199999999983 0.38275599999999987 0.38259399999999999 0.010315999999999999 0.0090819999999999998 0.0085520000000000006 0.0016329999999999999 0.001554 0.001488 5.1328030484325602 5.1328030484325602 5.1328030484325602 6.0443462064948061e-05 6.0443462064948061e-05 6.0443462064948061e-05 1 1 1 Converged Converged Converged OK OK OK 145 145 145 145 145 145 7 7 7 0 0 0 0 0 1 0 0
58 58 linear 1 7 581 1 0.0001 0.38376829546145558 0.0010582680790442783 0.36794051322780458 0.20956123100624444 0.17810370407896065 0.18076588649276409 0.5 -0.18036018609570786 4.901025473929713 OK 14 13 0.73408799999999996 0.54850200000000005 0.38400299999999998 0.33715400000000001 0.160971 0 0.39693399999999995 0.38753100000000007 0.38400299999999998 0.0096550000000000004 0.0097999999999999997 0.0091179999999999994 0.35648799999999997 0.34662399999999982 0.34457899999999997 0.0071250000000000003 0.0077169999999999999 0.0077079999999999996 0.0014339999999999999 0.0014299999999999998 0.0014920000000000003 4.9010339745646379 4.9010339745646379 4.9010339745646379 0.00040070477318818079 0.00040070477318818079 0.00040070477318818079 1 1 1 Converged Converged Converged OK OK OK 136 136 136 136 136 136 8 8 8 0 0 0 0 1 0 0 1
58 58 linear 1 15 581 2 0.0001 0.38376829546145558 0.0010582680790442783 0.36794051322780458 0.20956123100624444 0.17810370407896065 0.23195761007228471 0.5 -0.23155190967522848 4.5410830318408317 OK 14 13 0.70983499999999999 0.53073400000000004 0.360877 0.33962100000000001 0.16430500000000001 0 0.37021399999999999 0.366429 0.360877 0.010395 0.01042 0.0094520000000000003 0.32486100000000012 0.3180019999999999 0.31876500000000013 0.0073870000000000003 0.010929000000000001 0.0070479999999999996 0.0016529999999999997 0.0015809999999999999 0.001495 4.5410722325982595 4.5410722325982595 4.5410722325982595 0.00040524205890811357 0.00040524205890811357 0.00040524205890811357 1 1 1 Converged Converged Converged OK OK OK 135 135 135 135 135 135 9 9 9 0 0 0 0 1 0 0 1
58 58 linear 1 23 581 3 0.0001 0.38376829546145558 0.0010582680790442783 0.36794051322780458 0.20956123100624444 0.17810370407896065 0.28314933365180533 0.5 -0.2827436332547491 4.0526514823566178 OK 14 13 0.71069300000000002 0.52420500000000003 0.34456700000000001 0.34594000000000003 0.172293 0 0.36475299999999999 0.351912 0.34456700000000001 0.0097319999999999993 0.0096139999999999993 0.0088260000000000005 0.31986100000000017 0.30851199999999995 0.30380200000000007 0.0076720000000000009 0.0071649999999999995 0.006672 0.001688 0.0017149999999999997 0.001611 4.0526569857134005 4.0526569857134005 4.0526569857134005 0.00015001096328730404 0.00015001096328730404 0.00015001096328730404 1 1 1 Converged Converged Converged OK OK OK 135 135 135 135 135 135 9 9 9 0 0 0 0 1 0 0 1
58 58 linear 2 0 582 0 0.001 0.38376829546145558 0.0010582680790442783 0.36794051322780458 2.5644893623579756 0.41585183480332349 2.4909012597124147 0.5 -2.4904955593153586 1.0309306196523289 OK 11 10 0.37202200000000002 0.37691999999999998 0.082950999999999997 0.287688 0.29189399999999999 0 0.08433400000000002 0.08502599999999999 0.082950999999999997 0.0091999999999999998 0.0093340000000000003 0.009214 0.058415999999999989 0.057937000000000016 0.057262000000000021 0.0024039999999999999 0.003016 0.0024480000000000001 0.00058 0.00055800000000000001 0.00055400000000000002 1.0309287612674982 1.0309287612674982 1.0309287612674982 0.00076586117158791527 0.00076586117158791527 0.00076586117158791527 1 1 1 Converged Converged Converged OK OK OK 52 52 52 52 52 52 4 4 4 0 0 0 0 0 1 0 0
58 58 linear 2 7 582 1 0.001 0.38376829546145558 0.0010582680790442783 0.36794051322780458 2.5644893623579756 0.41585183480332349 2.5356940178444951 0.5 -2.535288317447439 1.0290253693291698 OK 12 11 0.371504 0.21338399999999999 0.074750999999999998 0.293991 0.13103300000000001 0 0.077512999999999999 0.08235099999999998 0.074750999999999998 0.0084250000000000002 0.0087419999999999998 0.0080560000000000007 0.053951000000000006 0.058274000000000006 0.05231799999999999 0.002604 0.0028479999999999998 0.0024350000000000001 0.00051699999999999999 0.00053899999999999998 0.00053600000000000002 1.0290244566425606 1.0290244566425606 1.0290244566425606 0.00074315673779058397 0.00074315673779058397 0.00074315673779058397 1 1 1 Converged Converged Converged OK OK OK 52 52 52 52 52 52 4 4 4 0 0 0 0 1 0 0 1
58 58 linear 2 15 582 2 0.001 0.38376829546145558 0.0010582680790442783 0.36794051322780458 2.5644893623579756 0.41585183480332349 2.5868857414240161 0.5 -2.5864800410269599 1.0270949585224933 OK 12 11 0.39532600000000001 0.235649 0.085984000000000005 0.30488900000000002 0.14208299999999999 0 0.09043699999999999 0.09356600000000001 0.085984000000000005 0.0090379999999999992 0.0088909999999999996 0.0080619999999999997 0.064090999999999981 0.067425999999999986 0.061678999999999998 0.0029399999999999999 0.0031029999999999999 0.0027179999999999999 0.00060899999999999995 0.00060000000000000006 0.00058200000000000005 1.0270946181782539 1.0270946181782539 1.0270946181782539 0.00065177305453711573 0.00065177305453711573 0.00065177305453711573 1 1 1 Converged Converged Converged OK OK OK 59 59 59 59 59 59 5 5 5 0 0 0 0 1 0 0 1
58 58 linear 2 23 582 3 0.001 0.38376829546145558 0.0010582680790442783 0.36794051322780458 2.5644893623579756 0.41585183480332349 2.6380774650035366 0.5 -2.6376717646064805 1.0253563492410931 OK 12 11 0.38348100000000002 0.229237 0.084462999999999996 0.29035100000000003 0.132498 0 0.093129999999999991 0.096738999999999992 0.084462999999999996 0.0084119999999999993 0.0084880000000000008 0.0077539999999999996 0.068587000000000009 0.071851999999999999 0.061411999999999994 0.0026340000000000001 0.0029090000000000001 0.0025790000000000001 0.00058699999999999996 0.00064499999999999996 0.0006150000000000001 1.0253558375258243 1.0253558375258243 1.0253558375258243 0.00042435853561536023 0.00042435853561536023 0.00042435853561536023 1 1 1 Converged Converged Converged OK OK OK 59 59 59 59 59 59 5 5 5 0 0 0 0 1 0 0 1
58 58 linear 2 0 582 0 0.0001 0.38376829546145558 0.0010582680790442783 0.36794051322780458 2.5644893623579756 0.41585183480332349 2.4909012597124147 0.5 -2.4904955593153586 1.0309306196523289 OK 11 10 0.38100000000000001 0.37778899999999999 0.092322000000000001 0.28456500000000001 0.28492899999999999 0 0.096434999999999993 0.092859999999999998 0.092322000000000001 0.0092169999999999995 0.0093480000000000004 0.0087989999999999995 0.066667999999999991 0.064461000000000018 0.064482999999999999 0.0032269999999999998 0.0027189999999999996 0.0027439999999999999 0.00066600000000000003 0.00067400000000000001 0.00066599999999999993 1.0309297957504602 1.0309297957504602 1.0309297957504602 2.375864424902333e-05 2.375864424902333e-05 2.375864424902333e-05 1 1 1 Converged Converged Converged OK OK OK 60 60 60 60 60 60 4 4 4 0 0 0 0 0 1 0 0
58 58 linear 2 7 582 1 0.0001 0.38376829546145558 0.0010582680790442783 0.36794051322780458 2.5644893623579756 0.41585183480332349 2.5356940178444951 0.5 -2.535288317447439 1.0290253693291698 OK 12 11 0.37922 0.21878500000000001 0.083651000000000003 0.291881 0.129024 0 0.087339 0.089761000000000007 0.083651000000000003 0.0084980000000000003 0.0084740000000000006 0.0079979999999999999 0.061471999999999992 0.064993999999999982 0.059680999999999991 0.0031589999999999999 0.0028189999999999999 0.0028020000000000002 0.00066800000000000008 0.00065799999999999995 0.00068199999999999999 1.0290247876599936 1.0290247876599936 1.0290247876599936 1.2686370995183903e-05 1.2686370995183903e-05 1.2686370995183903e-05 1 1 1 Converged Converged Converged OK OK OK 60 60 60 60 60 60 4 4 4 0 0 0 0 1 0 0 1
58 58 linear 2 15 582 2 0.0001 0.38376829546145558 0.0010582680790442783 0.36794051322780458 2.5644893623579756 0.41585183480332349 2.5868857414240161 0.5 -2.5864800410269599 1.0270949585224933 OK 12 11 0.40434900000000001 0.23968999999999999 0.094768000000000005 0.30473499999999998 0.13861799999999999 0 0.099614000000000036 0.101072 0.094768000000000005 0.0087810000000000006 0.0087069999999999995 0.0079679999999999994 0.071361000000000008 0.074164999999999995 0.068683999999999995 0.0033909999999999999 0.0029709999999999997 0.0030999999999999999 0.00071500000000000003 0.00071199999999999996 0.00068199999999999999 1.0270943952157412 1.0270943952157412 1.0270943952157412 6.8587778583922832e-06 6.8587778583922832e-06 6.8587778583922832e-06 1 1 1 Converged Converged Converged OK OK OK 67 67 67 67 67 67 5 5 5 0 0 0 0 1 0 0 1
58 58 linear 2 23 582 3 0.0001 0.38376829546145558 0.0010582680790442783 0.36794051322780458 2.5644893623579756 0.41585183480332349 2.6380774650035366 0.5 -2.6376717646064805 1.0253563492410931 OK 12 11 0.39482899999999999 0.23408899999999999 0.093548000000000006 0.29306599999999999 0.12856999999999999 0 0.10176299999999999 0.105519 0.093548000000000006 0.0085380000000000005 0.0083370000000000007 0.0077799999999999996 0.07493000000000001 0.079774999999999985 0.068824999999999983 0.0032319999999999996 0.0029069999999999999 0.0029390000000000002 0.00076399999999999992 0.00071999999999999994 0.00070200000000000004 1.025355882082134 1.025355882082134 1.025355882082134 7.0937098422556314e-06 7.0937098422556314e-06 7.0937098422556314e-06 1 1 1 Converged Converged Converged OK OK OK 67 67 67 67 67 67 5 5 5 0 0 0 0 1 0 0 1
58 58 linear 3 0 583 0 0.001 0.38376829546145558 0.0010582680790442783 0.36794051322780458 1.7116867026883746 -0.15213901981026276 1.6380986000428137 0.5 -1.6376928996457574 1.1073647011579415 OK 14 13 0.44975100000000001 0.44574200000000003 0.129527 0.31723400000000002 0.31531700000000001 0 0.132517 0.13042500000000001 0.129527 0.0094660000000000005 0.0096600000000000002 0.0094120000000000002 0.10239899999999999 0.10008600000000002 0.099691000000000002 0.0028779999999999999 0.0030249999999999999 0.0030820000000000001 0.0006379999999999999 0.00066199999999999994 0.00065800000000000006 1.107368188625024 1.107368188625024 1.107368188625024 0.00041218752943424883 0.00041218752943424883 0.00041218752943424883 1 1 1 Converged Converged Converged OK OK OK 66 66 66 66 66 66 6 6 6 0 0 0 0 0 1 0 0
58 58 linear 3 7 583 1 0.001 0.38376829546145558 0.0010582680790442783 0.36794051322780458 1.7116867026883746 -0.15213901981026276 1.6828913581748943 0.5 -1.682485657777838 1.0997162222119934 OK 14 13 0.468001 0.305869 0.14956900000000001 0.31648500000000002 0.15436800000000001 0 0.15151599999999998 0.151501 0.14956900000000001 0.0086339999999999993 0.0085869999999999991 0.0080499999999999999 0.12344499999999999 0.12425200000000004 0.12264600000000001 0.0032160000000000001 0.0029699999999999996 0.0030770000000000003 0.00063099999999999994 0.00068500000000000006 0.00066500000000000001 1.0997188818811969 1.0997188818811969 1.0997188818811969 0.00035179427889356905 0.00035179427889356905 0.00035179427889356905 1 1 1 Converged Converged Converged OK OK OK 73 73 73 73 73 73 7 7 7 0 0 0 0 1 0 0 1
58 58 linear 3 15 583 2 0.001 0.38376829546145558 0.0010582680790442783 0.36794051322780458 1.7116867026883746 -0.15213901981026276 1.7340830817544148 0.5 -1.7336773813573585 1.0917485270210505 OK 14 13 0.45707700000000001 0.29937999999999998 0.13558400000000001 0.31281199999999998 0.157864 0 0.14426500000000003 0.14151599999999998 0.13558400000000001 0.0086750000000000004 0.0087690000000000008 0.0080450000000000001 0.11690500000000002 0.11419499999999995 0.10986499999999998 0.0032300000000000002 0.0032910000000000001 0.0031349999999999998 0.00069999999999999999 0.00067199999999999996 0.00064199999999999999 1.0917473398245496 1.0917473398245496 1.0917473398245496 0.00020969901659486284 0.00020969901659486284 0.00020969901659486284 1 1 1 Converged Converged Converged OK OK OK 73 73 73 73 73 73 7 7 7 0 0 0 0 1 0 0 1
58 58 linear 3 23 583 3 0.001 0.38376829546145558 0.0010582680790442783 0.36794051322780458 1.7116867026883746 -0.15213901981026276 1.7852748053339356 0.5 -1.7848691049368792 1.0845383688932864 OK 14 13 0.44574799999999998 0.29581299999999999 0.133853 0.30979699999999999 0.15820300000000001 0 0.13595099999999999 0.13760999999999998 0.133853 0.0086289999999999995 0.0087889999999999999 0.0080269999999999994 0.10931299999999999 0.11027600000000001 0.10834000000000002 0.0030360000000000001 0.003333 0.003058 0.00060000000000000006 0.00072599999999999997 0.00062100000000000002 1.0845371593127318 1.0845371593127318 1.0845371593127318 0.00014045096975449217 0.00014045096975449217 0.00014045096975449217 1 1 1 Converged Converged Converged OK OK OK 73 73 73 73 73 73 7 7 7 0 0 0 0 1 0 0 1
58 58 linear 3 0 583 0 0.0001 0.38376829546145558 0.0010582680790442783 0.36794051322780458 1.7116867026883746 -0.15213901981026276 1.6380986000428137 0.5 -1.6376928996457574 1.1073647011579415 OK 14 13 0.468613 0.457644 0.14672199999999999 0.31667000000000001 0.31328699999999998 0 0.15194299999999999 0.14435700000000001 0.14672199999999999 0.0095370000000000003 0.0095390000000000006 0.0093290000000000005 0.11929600000000003 0.111679 0.11457800000000003 0.0031540000000000001 0.0034610000000000001 0.00329 0.00073599999999999989 0.00075200000000000006 0.00074700000000000005 1.107364232738828 1.107364232738828 1.107364232738828 2.5316116561394674e-05 2.5316116561394674e-05 2.5316116561394674e-05 1 1 1 Converged Converged Converged OK OK OK 74 74 74 74 74 74 6 6 6 0 0 0 0 0 1 0 0
58 58 linear 3 7 583 1 0.0001 0.38376829546145558 0.0010582680790442783 0.36794051322780458 1.7116867026883746 -0.15213901981026276 1.6828913581748943 0.5 -1.682485657777838 1.0997162222119934 OK 14 13 0.483516 0.32266800000000001 0.160193 0.31689499999999998 0.15756200000000001 0 0.16662100000000002 0.165106 0.160193 0.0087530000000000004 0.0086300000000000005 0.0081969999999999994 0.13612100000000005 0.13574200000000006 0.13141099999999997 0.0035860000000000002 0.0032760000000000003 0.003405 0.00087800000000000009 0.00075699999999999997 0.00077399999999999995 1.0997157209514208 1.0997157209514208 1.0997157209514208 2.429775105475928e-05 2.429775105475928e-05 2.429775105475928e-05 1 1 1 Converged Converged Converged OK OK OK 81 81 81 81 81 81 7 7 7 0 0 0 0 1 0 0 1
58 58 linear 3 15 583 2 0.0001 0.38376829546145558 0.0010582680790442783 0.36794051322780458 1.7116867026883746 -0.15213901981026276 1.7340830817544148 0.5 -1.7336773813573585 1.0917485270210505 OK 14 13 0.475165 0.30996400000000002 0.14856 0.32052999999999998 0.156084 0 0.15463500000000002 0.15388000000000002 0.14856 0.0086789999999999992 0.0086779999999999999 0.0081069999999999996 0.12550699999999998 0.12530599999999997 0.12116199999999996 0.0036329999999999995 0.0035140000000000002 0.0034749999999999998 0.00086900000000000009 0.00079099999999999993 0.0007980000000000001 1.0917479190993375 1.0917479190993375 1.0917479190993375 2.1140153706124638e-05 2.1140153706124638e-05 2.1140153706124638e-05 1 1 1 Converged Converged Converged OK OK OK 81 81 81 81 81 81 7 7 7 0 0 0 0 1 0 0 1
58 58 linear 3 23 583 3 0.0001 0.38376829546145558 0.0010582680790442783 0.36794051322780458 1.7116867026883746 -0.15213901981026276 1.7852748053339356 0.5 -1.7848691049368792 1.0845383688932864 OK 14 13 0.45777299999999999 0.30817099999999997 0.14138000000000001 0.31050699999999998 0.157246 0 0.14726600000000001 0.15092499999999998 0.14138000000000001 0.0085380000000000005 0.0086750000000000004 0.0080029999999999997 0.11886200000000004 0.12103700000000001 0.11418499999999999 0.0033289999999999999 0.0043480000000000003 0.0034099999999999998 0.00080000000000000015 0.00092199999999999997 0.00079699999999999997 1.0845377570169132 1.0845377570169132 1.0845377570169132 2.6535403033448608e-05 2.6535403033448608e-05 2.6535403033448608e-05 1 1 1 Converged Converged Converged OK OK OK 81 81 81 81 81 81 7 7 7 0 0 0 0 1 0 0 1
58 58 linear 4 0 584 0 0.001 0.38376829546145558 0.0010582680790442783 0.36794051322780458 -0.40554207045899959 -0.58179384027244641 -0.47913017310456052 0.5 0.47953587350161675 1.6385900838383689 OK 13 12 0.47423999999999999 0.47186299999999998 0.094548999999999994 0.37578299999999998 0.37658399999999997 0 0.098457000000000017 0.095279000000000003 0.094548999999999994 0.0096399999999999993 0.0095639999999999996 0.0091339999999999998 0.068696000000000007 0.06619499999999999 0.065923999999999996 0.0027150000000000004 0.0026580000000000002 0.0026319999999999998 0.00070899999999999999 0.000678 0.00067100000000000005 1.6385891041021283 1.6385891041021283 1.6385891041021283 0.0014211886729437891 0.0014211886729437891 0.0014211886729437891 1 1 1 Converged Converged Converged OK OK OK 59 59 59 59 59 59 5 5 5 0 0 0 0 0 1 0 0
58 58 linear 4 7 584 1 0.001 0.38376829546145558 0.0010582680790442783 0.36794051322780458 -0.40554207045899959 -0.58179384027244641 -0.43433741497247996 0.5 0.43474311536953619 1.6857263001076201 OK 13 12 0.45951399999999998 0.23747699999999999 0.096945000000000003 0.35810599999999998 0.13812199999999999 0 0.101408 0.099354999999999999 0.096945000000000003 0.0086130000000000009 0.0086130000000000009 0.0079120000000000006 0.074052999999999994 0.072130999999999987 0.070886999999999992 0.002993 0.0031290000000000007 0.002941 0.00080900000000000004 0.00077500000000000008 0.00076099999999999996 1.6857252953464388 1.6857252953464388 1.6857252953464388 0.00029572403356336788 0.00029572403356336788 0.00029572403356336788 1 1 1 Converged Converged Converged OK OK OK 67 67 67 67 67 67 5 5 5 0 0 0 0 1 0 0 1
58 58 linear 4 15 584 2 0.001 0.38376829546145558 0.0010582680790442783 0.36794051322780458 -0.40554207045899959 -0.58179384027244641 -0.38314569139295929 0.5 0.38355139179001552 1.7412232786490975 OK 13 12 0.44889899999999999 0.24953500000000001 0.099181000000000005 0.34523599999999999 0.14671799999999999 0 0.10366300000000001 0.10281700000000002 0.099181000000000005 0.0086070000000000001 0.0087670000000000005 0.007953 0.077162999999999954 0.075705999999999968 0.074146999999999949 0.0031160000000000003 0.0036280000000000001 0.0029979999999999998 0.00079900000000000001 0.00083699999999999996 0.00074100000000000001 1.7412222402847926 1.7412222402847926 1.7412222402847926 0.00030690373733218654 0.00030690373733218654 0.00030690373733218654 1 1 1 Converged Converged Converged OK OK OK 67 67 67 67 67 67 5 5 5 0 0 0 0 1 0 0 1
58 58 linear 4 23 584 3 0.001 0.38376829546145558 0.0010582680790442783 0.36794051322780458 -0.40554207045899959 -0.58179384027244641 -0.33195396781343867 0.5 0.3323596682104949 1.797300034468142 OK 13 12 0.44762299999999999 0.24991099999999999 0.099798999999999999 0.34249600000000002 0.14773500000000001 0 0.10512699999999997 0.10217599999999999 0.099798999999999999 0.0086189999999999999 0.0085550000000000001 0.0078790000000000006 0.078081999999999999 0.076088000000000003 0.074742000000000003 0.0033879999999999995 0.0031139999999999996 0.0030339999999999998 0.00088700000000000009 0.00083400000000000011 0.00080699999999999999 1.7972989505531534 1.7972989505531534 1.7972989505531534 0.00030024125839702787 0.00030024125839702787 0.00030024125839702787 1 1 1 Converged Converged Converged OK OK OK 67 67 67 67 67 67 5 5 5 0 0 0 0 1 0 0 1
58 58 linear 4 0 584 0 0.0001 0.38376829546145558 0.0010582680790442783 0.36794051322780458 -0.40554207045899959 -0.58179384027244641 -0.47913017310456052 0.5 0.47953587350161675 1.6385900838383689 OK 13 12 0.51520999999999995 0.51420900000000003 0.13453100000000001 0.373747 0.37162600000000001 0 0.14146299999999995 0.14258300000000002 0.13453100000000001 0.0096699999999999998 0.0092840000000000006 0.009136 0.10340300000000005 0.10541600000000001 0.096895000000000023 0.0038239999999999997 0.0038119999999999999 0.0040400000000000002 0.00092199999999999986 0.00091299999999999997 0.00092299999999999999 1.6385890976115129 1.6385890976115129 1.6385890976115129 2.5241799671489699e-05 2.5241799671489699e-05 2.5241799671489699e-05 1 1 1 Converged Converged Converged OK OK OK 83 83 83 83 83 83 5 5 5 0 0 0 0 0 1 0 0
58 58 linear 4 7 584 1 0.0001 0.38376829546145558 0.0010582680790442783 0.36794051322780458 -0.40554207045899959 -0.58179384027244641 -0.43433741497247996 0.5 0.43474311536953619 1.6857263001076201 OK 13 12 0.48559200000000002 0.27504400000000001 0.12809100000000001 0.35411300000000001 0.13978399999999999 0 0.13147900000000001 0.13526000000000002 0.12809100000000001 0.0086879999999999995 0.0086020000000000003 0.010723 0.099472000000000046 0.10352700000000001 0.095148999999999984 0.0042560000000000002 0.0043049999999999998 0.0039410000000000001 0.000968 0.00091599999999999982 0.00088600000000000007 1.6857252944474959 1.6857252944474959 1.6857252944474959 2.3708257509174537e-05 2.3708257509174537e-05 2.3708257509174537e-05 1 1 1 Converged Converged Converged OK OK OK 83 83 83 83 83 83 5 5 5 0 0 0 0 1 0 0 1
58 58 linear 4 15 584 2 0.0001 0.38376829546145558 0.0010582680790442783 0.36794051322780458 -0.40554207045899959 -0.58179384027244641 -0.38314569139295929 0.5 0.38355139179001552 1.7412232786490975 OK 13 12 0.47722900000000001 0.28082000000000001 0.12708800000000001 0.34314499999999998 0.14590500000000001 0 0.13408400000000004 0.13491500000000001 0.12708800000000001 0.0084349999999999998 0.0086870000000000003 0.0079319999999999998 0.10321400000000001 0.10289699999999997 0.097002000000000005 0.0039110000000000004 0.0042269999999999999 0.0040130000000000001 0.00090399999999999996 0.00095800000000000008 0.00086799999999999996 1.7412222393035863 1.7412222393035863 1.7412222393035863 2.5229768577976082e-05 2.5229768577976082e-05 2.5229768577976082e-05 1 1 1 Converged Converged Converged OK OK OK 83 83 83 83 83 83 5 5 5 0 0 0 0 1 0 0 1
58 58 linear 4 23 584 3 0.0001 0.38376829546145558 0.0010582680790442783 0.36794051322780458 -0.40554207045899959 -0.58179384027244641 -0.33195396781343867 0.5 0.3323596682104949 1.797300034468142 OK 13 12 0.46895700000000001 0.285547 0.127943 0.33557799999999999 0.15001800000000001 0 0.13337900000000003 0.13552899999999998 0.127943 0.0086779999999999999 0.0085769999999999996 0.0079209999999999992 0.101921 0.10377699999999997 0.09785200000000005 0.0039979999999999998 0.004235 0.0038729999999999997 0.0010020000000000001 0.00096800000000000011 0.00096299999999999988 1.7972989497558929 1.7972989497558929 1.7972989497558929 3.0864823137558252e-05 3.0864823137558252e-05 3.0864823137558252e-05 1 1 1 Converged Converged Converged OK OK OK 83 83 83 83 83 83 5 5 5 0 0 0 0 1 0 0 1
58 58 uniform 0 0 585 0 0.001 0.38376829546145558 0.0010582680790442783 0.36794051322780458 2.1852905037439272 0.14446372582088426 2.1117024010983663 0 -2.1112967007013101 1.0526290045961924 OK 15 14 0.42457600000000001 0.418821 0.109929 0.31476599999999999 0.310025 0 0.10981000000000002 0.108796 0.109929 0.010217 0.010347 0.010385 0.076886999999999969 0.076714999999999978 0.077239999999999948 0.0024109999999999999 0.0023700000000000001 0.0024819999999999998 0.00055800000000000001 0.00055900000000000004 0.00066599999999999993 1.0526291073485226 1.0526291073485226 1.0526291073485226 0.00035791671255785734 0.00035791671255785734 0.00035791671255785734 1 1 1 Converged Converged Converged OK OK OK 78 78 78 78 78 78 10 10 10 0 0 0 0 0 1 0 0
58 58 uniform 0 7 585 1 0.001 0.38376829546145558 0.0010582680790442783 0.36794051322780458 2.1852905037439272 0.14446372582088426 2.1564951592304467 0 -2.1560894588333905 1.0494200480823197 OK 15 14 0.40674300000000002 0.248087 0.094518000000000005 0.311477 0.14991399999999999 0 0.095266000000000017 0.09817300000000001 0.094518000000000005 0.0089470000000000001 0.0090779999999999993 0.0086280000000000003 0.071470999999999993 0.074464000000000002 0.071507000000000015 0.002261 0.0022079999999999999 0.0022060000000000001 0.00047599999999999997 0.00050500000000000002 0.00047600000000000008 1.0494201218296664 1.0494201218296664 1.0494201218296664 0.00037943973462511332 0.00037943973462511332 0.00037943973462511332 1 1 1 Converged Converged Converged OK OK OK 71 71 71 71 71 71 9 9 9 0 0 0 0 1 0 0 1
58 58 uniform 0 15 585 2 0.001 0.38376829546145558 0.0010582680790442783 0.36794051322780458 2.1852905037439272 0.14446372582088426 2.2076868828099676 0 -2.2072811824129115 1.0460199582111371 OK 15 14 0.40804600000000002 0.24623600000000001 0.094214999999999993 0.312282 0.147675 0 0.095764000000000016 0.09856100000000001 0.094214999999999993 0.0088679999999999991 0.0091160000000000008 0.0083470000000000003 0.072218999999999992 0.074966999999999992 0.071689999999999976 0.0022699999999999999 0.0022310000000000003 0.0021610000000000002 0.00050900000000000001 0.00060099999999999997 0.00052300000000000003 1.0460196892154536 1.0460196892154536 1.0460196892154536 0.00042406340217250084 0.00042406340217250084 0.00042406340217250084 1 1 1 Converged Converged Converged OK OK OK 71 71 71 71 71 71 9 9 9 0 0 0 0 1 0 0 1
58 58 uniform 0 23 585 3 0.001 0.38376829546145558 0.0010582680790442783 0.36794051322780458 2.1852905037439272 0.14446372582088426 2.2588786063894881 0 -2.258472905992432 1.0428818462095846 OK 15 14 0.41317900000000002 0.25787599999999999 0.104569 0.30752299999999999 0.14800199999999999 0 0.10565600000000003 0.109874 0.104569 0.0091719999999999996 0.0096200000000000001 0.008515 0.080873999999999946 0.084429000000000018 0.081025000000000014 0.002333 0.00248 0.0023210000000000001 0.00050099999999999993 0.00053600000000000002 0.00049600000000000002 1.0428815126565107 1.0428815126565107 1.0428815126565107 0.0006645140339727048 0.0006645140339727048 0.0006645140339727048 1 1 1 Converged Converged Converged OK OK OK 71 71 71 71 71 71 9 9 9 0 0 0 0 1 0 0 1
58 58 uniform 0 0 585 0 0.0001 0.38376829546145558 0.0010582680790442783 0.36794051322780458 2.1852905037439272 0.14446372582088426 2.1117024010983663 0 -2.1112967007013101 1.0526290045961924 OK 15 14 0.44073600000000002 0.43896099999999999 0.12565000000000001 0.31211 0.31005199999999999 0 0.12862600000000002 0.128909 0.12565000000000001 0.010645999999999999 0.010688 0.010158 0.088650000000000034 0.089330000000000007 0.087619000000000002 0.0034950000000000003 0.003614 0.0033710000000000003 0.00084000000000000003 0.0008470000000000001 0.00072999999999999996 1.0526291082318011 1.0526291082318011 1.0526291082318011 5.0226538340977526e-05 5.0226538340977526e-05 5.0226538340977526e-05 1 1 1 Converged Converged Converged OK OK OK 94 94 94 94 94 94 10 10 10 0 0 0 0 0 1 0 0
58 58 uniform 0 7 585 1 0.0001 0.38376829546145558 0.0010582680790442783 0.36794051322780458 2.1852905037439272 0.14446372582088426 2.1564951592304467 0 -2.1560894588333905 1.0494200480823197 OK 15 14 0.42426900000000001 0.26511400000000002 0.109595 0.31372699999999998 0.148672 0 0.11054200000000003 0.11644200000000002 0.109595 0.0090639999999999991 0.0092739999999999993 0.0085800000000000008 0.081908000000000009 0.087222999999999981 0.081494000000000011 0.003078 0.0033420000000000004 0.0030969999999999999 0.00070700000000000005 0.00075299999999999998 0.00071600000000000006 1.049420122647962 1.049420122647962 1.049420122647962 6.7703543657120812e-05 6.7703543657120812e-05 6.7703543657120812e-05 1 1 1 Converged Converged Converged OK OK OK 87 87 87 87 87 87 9 9 9 0 0 0 0 1 0 0 1
58 58 uniform 0 15 585 2 0.0001 0.38376829546145558 0.0010582680790442783 0.36794051322780458 2.1852905037439272 0.14446372582088426 2.2076868828099676 0 -2.2072811824129115 1.0460199582111371 OK 15 14 0.43292000000000003 0.27735199999999999 0.120932 0.30910300000000002 0.149812 0 0.12381700000000001 0.12753999999999999 0.120932 0.0091129999999999996 0.0090519999999999993 0.0083739999999999995 0.091493000000000047 0.095793000000000045 0.090259999999999993 0.0035689999999999997 0.0035229999999999997 0.0033879999999999995 0.00090499999999999999 0.00085400000000000005 0.00091099999999999992 1.046019685296413 1.046019685296413 1.046019685296413 5.3942329339945736e-05 5.3942329339945736e-05 5.3942329339945736e-05 1 1 1 Converged Converged Converged OK OK OK 95 95 95 95 95 95 9 9 9 0 0 0 0 1 0 0 1
58 58 uniform 0 23 585 3 0.0001 0.38376829546145558 0.0010582680790442783 0.36794051322780458 2.1852905037439272 0.14446372582088426 2.2588786063894881 0 -2.258472905992432 1.0428818462095846 OK 15 14 0.44448599999999999 0.29447000000000001 0.133266 0.308141 0.15168799999999999 0 0.13634499999999999 0.14278200000000002 0.133266 0.0092770000000000005 0.01115 0.0084759999999999992 0.099938999999999972 0.10508499999999998 0.099106999999999987 0.004248 0.0042700000000000004 0.0040470000000000002 0.001034 0.0010200000000000001 0.00095800000000000008 1.0428816984961691 1.0428816984961691 1.0428816984961691 6.0101534016451786e-06 6.0101534016451786e-06 6.0101534016451786e-06 1 1 1 Converged Converged Converged OK OK OK 103 103 103 103 103 103 9 9 9 0 0 0 0 1 0 0 1
58 58 uniform 1 0 586 0 0.001 0.38376829546145558 0.0010582680790442783 0.36794051322780458 0.20956123100624444 0.17810370407896065 0.13597312836068354 0 -0.13556742796362731 5.0048512035564396 OK 14 13 0.480186 0.482516 0.153442 0.32999400000000001 0.32948300000000003 0 0.15019199999999999 0.15303299999999997 0.153442 0.010352999999999999 0.010514000000000001 0.010142999999999999 0.11710000000000005 0.11955200000000002 0.12106899999999997 0.0031239999999999996 0.0036639999999999997 0.0032230000000000002 0.00086399999999999997 0.00089400000000000005 0.00085999999999999998 5.004858445615465 5.004858445615465 5.004858445615465 0.0042003124833250001 0.0042003124833250001 0.0042003124833250001 1 1 1 Converged Converged Converged OK OK OK 81 81 81 81 81 81 7 7 7 0 0 0 0 0 1 0 0
58 58 uniform 1 7 586 1 0.001 0.38376829546145558 0.0010582680790442783 0.36794051322780458 0.20956123100624444 0.17810370407896065 0.18076588649276409 0 -0.18036018609570786 4.8374226183198683 OK 14 13 0.48670600000000003 0.315 0.153339 0.334677 0.16161900000000001 0 0.15202900000000003 0.15338099999999999 0.153339 0.0095040000000000003 0.0096010000000000002 0.013035 0.12255899999999999 0.12318300000000001 0.12101099999999999 0.0034640000000000001 0.0039799999999999992 0.00347 0.00079299999999999987 0.00086199999999999992 0.00079699999999999997 4.8373998380052594 4.8373998380052594 4.8373998380052594 0.0036356636691371891 0.0036356636691371891 0.0036356636691371891 1 1 1 Converged Converged Converged OK OK OK 88 88 88 88 88 88 8 8 8 0 0 0 0 1 0 0 1
58 58 uniform 1 15 586 2 0.001 0.38376829546145558 0.0010582680790442783 0.36794051322780458 0.20956123100624444 0.17810370407896065 0.23195761007228471 0 -0.23155190967522848 4.5637087806527932 OK 14 13 0.492759 0.31638100000000002 0.15281800000000001 0.33352500000000002 0.159632 0 0.15923399999999999 0.15674900000000003 0.15281800000000001 0.010351000000000001 0.010305999999999999 0.0092359999999999994 0.12769399999999997 0.12610500000000002 0.12446500000000001 0.0038909999999999999 0.0034980000000000002 0.003186 0.00092699999999999998 0.000968 0.00088699999999999998 4.5636948716378871 4.5636948716378871 4.5636948716378871 0.0018636823071715358 0.0018636823071715358 0.0018636823071715358 1 1 1 Converged Converged Converged OK OK OK 87 87 87 87 87 87 9 9 9 0 0 0 0 1 0 0 1
58 58 uniform 1 23 586 3 0.001 0.38376829546145558 0.0010582680790442783 0.36794051322780458 0.20956123100624444 0.17810370407896065 0.28314933365180533 0 -0.2827436332547491 4.1572772633802568 OK 14 13 0.50784200000000002 0.33530399999999999 0.16158500000000001 0.34053499999999998 0.169207 0 0.16730700000000004 0.16609699999999999 0.16158500000000001 0.0097739999999999997 0.0096799999999999994 0.0087770000000000001 0.13398400000000002 0.13342399999999999 0.13137399999999999 0.0039459999999999999 0.0037560000000000002 0.0033289999999999999 0.0011850000000000001 0.0011789999999999999 0.0010299999999999999 4.1572403012943475 4.1572403012943475 4.1572403012943475 0.0014306022147370808 0.0014306022147370808 0.0014306022147370808 1 1 1 Converged Converged Converged OK OK OK 95 95 95 95 95 95 9 9 9 0 0 0 0 1 0 0 1
58 58 uniform 1 0 586 0 0.0001 0.38376829546145558 0.0010582680790442783 0.36794051322780458 0.20956123100624444 0.17810370407896065 0.13597312836068354 0 -0.13556742796362731 5.0048512035564396 OK 14 13 0.57436200000000004 0.57265299999999997 0.24149699999999999 0.33340799999999998 0.33061400000000002 0 0.24095400000000006 0.24203899999999995 0.24149699999999999 0.010283 0.010208999999999999 0.010305 0.18616300000000008 0.18749899999999989 0.1863810000000001 0.0081320000000000003 0.0085110000000000012 0.008598999999999999 0.0014299999999999998 0.0014629999999999999 0.0015400000000000001 5.0048510978096239 5.0048510978096239 5.0048510978096239 8.2074543713762111e-05 8.2074543713762111e-05 8.2074543713762111e-05 1 1 1 Converged Converged Converged OK OK OK 145 145 145 145 145 145 7 7 7 0 0 0 0 0 1 0 0
58 58 uniform 1 7 586 1 0.0001 0.38376829546145558 0.0010582680790442783 0.36794051322780458 0.20956123100624444 0.17810370407896065 0.18076588649276409 0 -0.18036018609570786 4.8374226183198683 OK 14 13 0.55135299999999998 0.37785800000000003 0.214282 0.33294000000000001 0.15706800000000001 0 0.21841299999999997 0.22079000000000001 0.214282 0.0097050000000000001 0.0095160000000000002 0.0090399999999999994 0.17794699999999994 0.18117100000000008 0.17621400000000004 0.00743 0.0071520000000000004 0.0067819999999999998 0.0014229999999999998 0.0013990000000000001 0.001366 4.8374218546421819 4.8374218546421819 4.8374218546421819 0.00019228993670448638 0.00019228993670448638 0.00019228993670448638 1 1 1 Converged Converged Converged OK OK OK 136 136 136 136 136 136 8 8 8 0 0 0 0 1 0 0 1
58 58 uniform 1 15 586 2 0.0001 0.38376829546145558 0.0010582680790442783 0.36794051322780458 0.20956123100624444 0.17810370407896065 0.23195761007228471 0 -0.23155190967522848 4.5637087806527932 OK 14 13 0.54486400000000001 0.371006 0.20677200000000001 0.33603 0.159862 0 0.20883400000000002 0.211144 0.20677200000000001 0.010101000000000001 0.010238000000000001 0.0091400000000000006 0.17054999999999992 0.17176399999999992 0.17002399999999998 0.0051770000000000002 0.0056809999999999994 0.0051929999999999997 0.0014430000000000001 0.0015120000000000001 0.0016070000000000001 4.563708329636829 4.563708329636829 4.563708329636829 0.00021184002080431956 0.00021184002080431956 0.00021184002080431956 1 1 1 Converged Converged Converged OK OK OK 127 127 127 127 127 127 9 9 9 0 0 0 0 1 0 0 1
58 58 uniform 1 23 586 3 0.0001 0.38376829546145558 0.0010582680790442783 0.36794051322780458 0.20956123100624444 0.17810370407896065 0.28314933365180533 0 -0.2827436332547491 4.1572772633802568 OK 14 13 0.53729000000000005 0.36968499999999999 0.195573 0.33853 0.16839199999999999 0 0.19876000000000005 0.201293 0.195573 0.0097310000000000001 0.0097820000000000008 0.008763 0.16096800000000003 0.16134700000000005 0.16122399999999998 0.0057059999999999993 0.0051989999999999996 0.0046899999999999997 0.0013809999999999998 0.001586 0.0013610000000000002 4.1572747639258587 4.1572747639258587 4.1572747639258587 0.00040326344634115046 0.00040326344634115046 0.00040326344634115046 1 1 1 Converged Converged Converged OK OK OK 119 119 119 119 119 119 9 9 9 0 0 0 0 1 0 0 1
58 58 uniform 2 0 587 0 0.001 0.38376829546145558 0.0010582680790442783 0.36794051322780458 2.5644893623579756 0.41585183480332349 2.4909012597124147 0 -2.4904955593153586 1.0310191164663927 OK 11 10 0.348082 0.34474199999999999 0.056269 0.28554600000000002 0.28684500000000002 0 0.06253599999999998 0.057896999999999976 0.056269 0.0090559999999999998 0.0091789999999999997 0.0088669999999999999 0.042312000000000023 0.037255999999999997 0.036568999999999983 0.0014760000000000001 0.0017139999999999998 0.001467 0.00036400000000000001 0.00045399999999999998 0.000379 1.0310187890504903 1.0310187890504903 1.0310187890504903 0.00089115087895479139 0.00089115087895479139 0.00089115087895479139 1 1 1 Converged Converged Converged OK OK OK 36 36 36 36 36 36 4 4 4 0 0 0 0 0 1 0 0
58 58 uniform 2 7 587 1 0.001 0.38376829546145558 0.0010582680790442783 0.36794051322780458 2.5644893623579756 0.41585183480332349 2.5356940178444951 0 -2.535288317447439 1.0290885306531958 OK 12 11 0.33711099999999999 0.18104500000000001 0.048946000000000003 0.287107 0.12823799999999999 0 0.050003999999999993 0.052807000000000021 0.048946000000000003 0.0084089999999999998 0.0086280000000000003 0.0079469999999999992 0.03194799999999999 0.034547000000000001 0.031654999999999996 0.001397 0.0016180000000000001 0.0014239999999999999 0.000339 0.00036400000000000001 0.00034500000000000004 1.0290893388930125 1.0290893388930125 1.0290893388930125 0.00089717143320753039 0.00089717143320753039 0.00089717143320753039 1 1 1 Converged Converged Converged OK OK OK 36 36 36 36 36 36 4 4 4 0 0 0 0 1 0 0 1
58 58 uniform 2 15 587 2 0.001 0.38376829546145558 0.0010582680790442783 0.36794051322780458 2.5644893623579756 0.41585183480332349 2.5868857414240161 0 -2.5864800410269599 1.0271468568029536 OK 12 11 0.36327599999999999 0.203565 0.057777000000000002 0.30390499999999998 0.14085500000000001 0 0.059371000000000007 0.062709999999999988 0.057777000000000002 0.0087290000000000006 0.0088900000000000003 0.0082129999999999998 0.039261000000000011 0.041977999999999994 0.038731999999999996 0.0015999999999999999 0.0017789999999999998 0.0016069999999999999 0.00041100000000000002 0.00047499999999999994 0.00039899999999999999 1.0271479675883695 1.0271479675883695 1.0271479675883695 0.0008131279974043416 0.0008131279974043416 0.0008131279974043416 1 1 1 Converged Converged Converged OK OK OK 43 43 43 43 43 43 5 5 5 0 0 0 0 1 0 0 1
58 58 uniform 2 23 587 3 0.001 0.38376829546145558 0.0010582680790442783 0.36794051322780458 2.5644893623579756 0.41585183480332349 2.6380774650035366 0 -2.6376717646064805 1.0254019140333335 OK 12 11 0.35095399999999999 0.18917999999999999 0.056773999999999998 0.29273399999999999 0.12778500000000001 0 0.058219999999999994 0.061394999999999977 0.056773999999999998 0.0083680000000000004 0.0085059999999999997 0.0077999999999999996 0.039023999999999989 0.041642000000000005 0.038616000000000018 0.0017089999999999998 0.0018389999999999999 0.0016170000000000002 0.00042099999999999993 0.00042999999999999999 0.00043000000000000004 1.025402067323415 1.025402067323415 1.025402067323415 0.00059830212983752917 0.00059830212983752917 0.00059830212983752917 1 1 1 Converged Converged Converged OK OK OK 43 43 43 43 43 43 5 5 5 0 0 0 0 1 0 0 1
58 58 uniform 2 0 587 0 0.0001 0.38376829546145558 0.0010582680790442783 0.36794051322780458 2.5644893623579756 0.41585183480332349 2.4909012597124147 0 -2.4904955593153586 1.0310191164663927 OK 11 10 0.36782199999999998 0.36297800000000002 0.079018000000000005 0.28592099999999998 0.283578 0 0.081901000000000002 0.079400000000000026 0.079018000000000005 0.0091830000000000002 0.0090119999999999992 0.0089040000000000005 0.052813999999999993 0.051968999999999994 0.051745999999999973 0.0030440000000000003 0.0025539999999999998 0.0025890000000000002 0.0007000000000000001 0.00060300000000000002 0.00060800000000000003 1.0310189311241389 1.0310189311241389 1.0310189311241389 2.0719901951575347e-05 2.0719901951575347e-05 2.0719901951575347e-05 1 1 1 Converged Converged Converged OK OK OK 60 60 60 60 60 60 4 4 4 0 0 0 0 0 1 0 0
58 58 uniform 2 7 587 1 0.0001 0.38376829546145558 0.0010582680790442783 0.36794051322780458 2.5644893623579756 0.41585183480332349 2.5356940178444951 0 -2.535288317447439 1.0290885306531958 OK 12 11 0.35974 0.20655100000000001 0.070651000000000005 0.28660200000000002 0.125225 0 0.073137999999999981 0.081326000000000009 0.070651000000000005 0.0085319999999999997 0.0083590000000000001 0.007953 0.047753000000000011 0.056796000000000013 0.047047999999999986 0.002911 0.0026259999999999999 0.0025739999999999999 0.00057600000000000001 0.00064199999999999988 0.00055699999999999999 1.0290884960186293 1.0290884960186293 1.0290884960186293 1.1661791224223507e-05 1.1661791224223507e-05 1.1661791224223507e-05 1 1 1 Converged Converged Converged OK OK OK 60 60 60 60 60 60 4 4 4 0 0 0 0 1 0 0 1
58 58 uniform 2 15 587 2 0.0001 0.38376829546145558 0.0010582680790442783 0.36794051322780458 2.5644893623579756 0.41585183480332349 2.5868857414240161 0 -2.5864800410269599 1.0271468568029536 OK 12 11 0.38737300000000002 0.23330600000000001 0.080301999999999998 0.30116599999999999 0.14174400000000001 0 0.086207000000000034 0.091562000000000004 0.080301999999999998 0.0089339999999999992 0.0087390000000000002 0.0080750000000000006 0.05813999999999999 0.064630000000000007 0.054361999999999994 0.0030950000000000001 0.0028939999999999999 0.0028029999999999999 0.0008160000000000001 0.00070199999999999993 0.00071699999999999997 1.0271468268060784 1.0271468268060784 1.0271468268060784 7.6788341874015009e-06 7.6788341874015009e-06 7.6788341874015009e-06 1 1 1 Converged Converged Converged OK OK OK 67 67 67 67 67 67 5 5 5 0 0 0 0 1 0 0 1
58 58 uniform 2 23 587 3 0.0001 0.38376829546145558 0.0010582680790442783 0.36794051322780458 2.5644893623579756 0.41585183480332349 2.6380774650035366 0 -2.6376717646064805 1.0254019140333335 OK 12 11 0.37851000000000001 0.215812 0.079322000000000004 0.298064 0.13000600000000001 0 0.080446000000000017 0.085805999999999993 0.079322000000000004 0.0082529999999999999 0.0084349999999999998 0.007803 0.054907000000000011 0.060186000000000003 0.054602000000000005 0.0027029999999999997 0.0027680000000000001 0.0027899999999999999 0.000745 0.00074999999999999991 0.00069500000000000009 1.025401931374964 1.025401931374964 1.025401931374964 9.1459612220087553e-06 9.1459612220087553e-06 9.1459612220087553e-06 1 1 1 Converged Converged Converged OK OK OK 67 67 67 67 67 67 5 5 5 0 0 0 0 1 0 0 1
58 58 uniform 3 0 588 0 0.001 0.38376829546145558 0.0010582680790442783 0.36794051322780458 1.7116867026883746 -0.15213901981026276 1.6380986000428137 0 -1.6376928996457574 1.1077068983402654 OK 14 13 0.41694199999999998 0.42037600000000003 0.098415000000000002 0.31774400000000003 0.31541000000000002 0 0.099197999999999953 0.104966 0.098415000000000002 0.0095560000000000003 0.0094999999999999998 0.0092499999999999995 0.074869000000000019 0.075403999999999999 0.074787999999999993 0.001797 0.0018319999999999999 0.0017800000000000003 0.00046000000000000001 0.00053799999999999996 0.00049600000000000002 1.1077146868809633 1.1077146868809633 1.1077146868809633 0.00094783983380777306 0.00094783983380777306 0.00094783983380777306 1 1 1 Converged Converged Converged OK OK OK 50 50 50 50 50 50 6 6 6 0 0 0 0 0 1 0 0
58 58 uniform 3 7 588 1 0.001 0.38376829546145558 0.0010582680790442783 0.36794051322780458 1.7116867026883746 -0.15213901981026276 1.6828913581748943 0 -1.682485657777838 1.1000311076901235 OK 14 13 0.43090099999999998 0.27307399999999998 0.114338 0.31481399999999998 0.15549099999999999 0 0.116087 0.11758299999999999 0.114338 0.0086090000000000003 0.0087309999999999992 0.0080260000000000001 0.093525000000000039 0.095047000000000034 0.092831000000000011 0.0018930000000000002 0.0020100000000000001 0.0019429999999999998 0.000428 0.00051400000000000003 0.00045100000000000001 1.1000373524834437 1.1000373524834437 1.1000373524834437 0.00086264421337488631 0.00086264421337488631 0.00086264421337488631 1 1 1 Converged Converged Converged OK OK OK 57 57 57 57 57 57 7 7 7 0 0 0 0 1 0 0 1
58 58 uniform 3 15 588 2 0.001 0.38376829546145558 0.0010582680790442783 0.36794051322780458 1.7116867026883746 -0.15213901981026276 1.7340830817544148 0 -1.7336773813573585 1.0920377826483181 OK 14 13 0.41960399999999998 0.26162299999999999 0.10345699999999999 0.313751 0.155639 0 0.10585299999999997 0.10598399999999999 0.10345699999999999 0.0085920000000000007 0.0086669999999999994 0.0079670000000000001 0.083706000000000003 0.084608999999999976 0.083018000000000008 0.0021700000000000001 0.00198 0.0019130000000000002 0.000464 0.00048999999999999998 0.00046799999999999999 1.0920372965610292 1.0920372965610292 1.0920372965610292 0.0006265113586511015 0.0006265113586511015 0.0006265113586511015 1 1 1 Converged Converged Converged OK OK OK 57 57 57 57 57 57 7 7 7 0 0 0 0 1 0 0 1
58 58 uniform 3 23 588 3 0.001 0.38376829546145558 0.0010582680790442783 0.36794051322780458 1.7116867026883746 -0.15213901981026276 1.7852748053339356 0 -1.7848691049368792 1.0848104736887145 OK 14 13 0.41541400000000001 0.261627 0.098973000000000005 0.31007499999999999 0.15794 0 0.10533900000000002 0.103687 0.098973000000000005 0.0087010000000000004 0.0087580000000000002 0.0080230000000000006 0.079913999999999999 0.081911000000000053 0.078686999999999979 0.0021380000000000001 0.0020370000000000002 0.0018929999999999997 0.000571 0.00044899999999999996 0.00041299999999999996 1.0848097507949914 1.0848097507949914 1.0848097507949914 0.00051050645291690329 0.00051050645291690329 0.00051050645291690329 1 1 1 Converged Converged Converged OK OK OK 57 57 57 57 57 57 7 7 7 0 0 0 0 1 0 0 1
58 58 uniform 3 0 588 0 0.0001 0.38376829546145558 0.0010582680790442783 0.36794051322780458 1.7116867026883746 -0.15213901981026276 1.6380986000428137 0 -1.6376928996457574 1.1077068983402654 OK 14 13 0.44346999999999998 0.44320500000000002 0.12637300000000001 0.31639699999999998 0.31516699999999997 0 0.12707299999999999 0.12803800000000004 0.12637300000000001 0.0093609999999999995 0.0097669999999999996 0.0091900000000000003 0.094825999999999952 0.095264000000000015 0.094718000000000024 0.0030049999999999999 0.0031079999999999997 0.003091 0.00076099999999999996 0.00079000000000000001 0.00075199999999999996 1.1077071303400225 1.1077071303400225 1.1077071303400225 3.1400180750224329e-05 3.1400180750224329e-05 3.1400180750224329e-05 1 1 1 Converged Converged Converged OK OK OK 74 74 74 74 74 74 6 6 6 0 0 0 0 0 1 0 0
58 58 uniform 3 7 588 1 0.0001 0.38376829546145558 0.0010582680790442783 0.36794051322780458 1.7116867026883746 -0.15213901981026276 1.6828913581748943 0 -1.682485657777838 1.1000311076901235 OK 14 13 0.46343899999999999 0.302201 0.14188999999999999 0.32031399999999999 0.15501699999999999 0 0.143125 0.14718400000000001 0.14188999999999999 0.0085199999999999998 0.0087329999999999994 0.0081609999999999999 0.11395 0.11793800000000003 0.11375599999999998 0.0031189999999999994 0.0031289999999999998 0.0031399999999999996 0.000754 0.00076300000000000001 0.00076100000000000007 1.100031279766956 1.100031279766956 1.100031279766956 2.8628282356570837e-05 2.8628282356570837e-05 2.8628282356570837e-05 1 1 1 Converged Converged Converged OK OK OK 81 81 81 81 81 81 7 7 7 0 0 0 0 1 0 0 1
58 58 uniform 3 15 588 2 0.0001 0.38376829546145558 0.0010582680790442783 0.36794051322780458 1.7116867026883746 -0.15213901981026276 1.7340830817544148 0 -1.7336773813573585 1.0920377826483181 OK 14 13 0.452905 0.28958699999999998 0.1303 0.319969 0.15415899999999999 0 0.132936 0.13542799999999999 0.1303 0.0086499999999999997 0.0087119999999999993 0.0080490000000000006 0.10400800000000003 0.10743899999999999 0.10360299999999999 0.0034910000000000002 0.0031879999999999999 0.003068 0.00087199999999999995 0.00077399999999999995 0.00069499999999999998 1.0920377782844419 1.0920377782844419 1.0920377782844419 1.9353403888479843e-05 1.9353403888479843e-05 1.9353403888479843e-05 1 1 1 Converged Converged Converged OK OK OK 81 81 81 81 81 81 7 7 7 0 0 0 0 1 0 0 1
58 58 uniform 3 23 588 3 0.0001 0.38376829546145558 0.0010582680790442783 0.36794051322780458 1.7116867026883746 -0.15213901981026276 1.7852748053339356 0 -1.7848691049368792 1.0848104736887145 OK 14 13 0.43900499999999998 0.287636 0.123696 0.31354500000000002 0.15682399999999999 0 0.12545999999999996 0.13081200000000001 0.123696 0.0086859999999999993 0.0085269999999999999 0.0079620000000000003 0.09717400000000001 0.10280699999999997 0.096951999999999997 0.0032660000000000002 0.0033089999999999994 0.0030490000000000001 0.00069800000000000005 0.00076099999999999996 0.00072599999999999997 1.0848104773215288 1.0848104773215288 1.0848104773215288 2.5310887821680444e-05 2.5310887821680444e-05 2.5310887821680444e-05 1 1 1 Converged Converged Converged OK OK OK 81 81 81 81 81 81 7 7 7 0 0 0 0 1 0 0 1
58 58 uniform 4 0 589 0 0.001 0.38376829546145558 0.0010582680790442783 0.36794051322780458 -0.40554207045899959 -0.58179384027244641 -0.47913017310456052 0 0.47953587350161675 1.6426873342879198 OK 13 12 0.456015 0.45998299999999998 0.079164999999999999 0.37579600000000002 0.37915900000000002 0 0.080218999999999985 0.080823999999999951 0.079164999999999999 0.0096329999999999992 0.0097420000000000007 0.0090170000000000007 0.051336999999999987 0.051600999999999987 0.051085000000000005 0.0025639999999999999 0.0027879999999999997 0.002496 0.00063100000000000005 0.00067499999999999993 0.00062600000000000004 1.642687313441801 1.642687313441801 1.642687313441801 0.00086462779457711003 0.00086462779457711003 0.00086462779457711003 1 1 1 Converged Converged Converged OK OK OK 59 59 59 59 59 59 5 5 5 0 0 0 0 0 1 0 0
58 58 uniform 4 7 589 1 0.001 0.38376829546145558 0.0010582680790442783 0.36794051322780458 -0.40554207045899959 -0.58179384027244641 -0.43433741497247996 0 0.43474311536953619 1.6903490609021132 OK 13 12 0.43042999999999998 0.21827099999999999 0.073902999999999996 0.35346899999999998 0.142402 0 0.076961000000000002 0.075868999999999992 0.073902999999999996 0.0086979999999999991 0.0086660000000000001 0.0079179999999999997 0.051403000000000004 0.051552000000000014 0.050734000000000008 0.0029019999999999996 0.0025249999999999999 0.0024020000000000001 0.00071599999999999995 0.00060399999999999994 0.00058600000000000004 1.6903490552857812 1.6903490552857812 1.6903490552857812 0.0010759496082290501 0.0010759496082290501 0.0010759496082290501 1 1 1 Converged Converged Converged OK OK OK 59 59 59 59 59 59 5 5 5 0 0 0 0 1 0 0 1
58 58 uniform 4 15 589 2 0.001 0.38376829546145558 0.0010582680790442783 0.36794051322780458 -0.40554207045899959 -0.58179384027244641 -0.38314569139295929 0 0.38355139179001552 1.7465134000624689 OK 13 12 0.42514999999999997 0.226327 0.076257000000000005 0.34734300000000001 0.14785400000000001 0 0.07780699999999996 0.078472999999999987 0.076257000000000005 0.0084700000000000001 0.0085959999999999995 0.0078820000000000001 0.053522999999999994 0.054165000000000012 0.053296999999999997 0.0025429999999999997 0.0025690000000000001 0.0025820000000000001 0.00061600000000000001 0.00060500000000000007 0.00058399999999999999 1.7465134329550198 1.7465134329550198 1.7465134329550198 0.0014050544698367691 0.0014050544698367691 0.0014050544698367691 1 1 1 Converged Converged Converged OK OK OK 59 59 59 59 59 59 5 5 5 0 0 0 0 1 0 0 1
58 58 uniform 4 23 589 3 0.001 0.38376829546145558 0.0010582680790442783 0.36794051322780458 -0.40554207045899959 -0.58179384027244641 -0.33195396781343867 0 0.3323596682104949 1.8033208981937912 OK 13 12 0.42383199999999999 0.237231 0.084346000000000004 0.335393 0.15031900000000001 0 0.08843899999999999 0.086911999999999989 0.084346000000000004 0.0087220000000000006 0.0085900000000000004 0.0079539999999999993 0.060063000000000005 0.059598999999999999 0.058715000000000024 0.0033359999999999996 0.0031570000000000001 0.002758 0.0007719999999999999 0.00080199999999999998 0.00074200000000000004 1.8033208312096218 1.8033208312096218 1.8033208312096218 0.00011916697374409166 0.00011916697374409166 0.00011916697374409166 1 1 1 Converged Converged Converged OK OK OK 67 67 67 67 67 67 5 5 5 0 0 0 0 1 0 0 1
58 58 uniform 4 0 589 0 0.0001 0.38376829546145558 0.0010582680790442783 0.36794051322780458 -0.40554207045899959 -0.58179384027244641 -0.47913017310456052 0 0.47953587350161675 1.6426873342879198 OK 13 12 0.46205099999999999 0.46268500000000001 0.085513000000000006 0.37327900000000003 0.37571599999999999 0 0.088771999999999962 0.086969000000000019 0.085513000000000006 0.0094680000000000007 0.0095119999999999996 0.0089020000000000002 0.056972000000000009 0.056176000000000004 0.055504000000000005 0.003241 0.0028799999999999997 0.0028140000000000001 0.00079100000000000004 0.00073799999999999994 0.00071300000000000009 1.6426872764431022 1.6426872764431022 1.6426872764431022 9.9393930100307376e-05 9.9393930100307376e-05 9.9393930100307376e-05 1 1 1 Converged Converged Converged OK OK OK 67 67 67 67 67 67 5 5 5 0 0 0 0 0 1 0 0
58 58 uniform 4 7 589 1 0.0001 0.38376829546145558 0.0010582680790442783 0.36794051322780458 -0.40554207045899959 -0.58179384027244641 -0.43433741497247996 0 0.43474311536953619 1.6903490609021132 OK 13 12 0.43892599999999998 0.21968299999999999 0.080068 0.35431200000000002 0.138041 0 0.084613999999999967 0.081641999999999992 0.080068 0.0099509999999999998 0.0086580000000000008 0.0079970000000000006 0.056748 0.055521000000000008 0.055120000000000023 0.0029240000000000004 0.0028999999999999998 0.0027550000000000005 0.00074499999999999989 0.00071599999999999995 0.00071000000000000013 1.6903489958946258 1.6903489958946258 1.6903489958946258 0.00010164435350015236 0.00010164435350015236 0.00010164435350015236 1 1 1 Converged Converged Converged OK OK OK 67 67 67 67 67 67 5 5 5 0 0 0 0 1 0 0 1
58 58 uniform 4 15 589 2 0.0001 0.38376829546145558 0.0010582680790442783 0.36794051322780458 -0.40554207045899959 -0.58179384027244641 -0.38314569139295929 0 0.38355139179001552 1.7465134000624689 OK 13 12 0.42973099999999997 0.22839699999999999 0.082563999999999999 0.34509400000000001 0.14430999999999999 0 0.084636999999999962 0.084086999999999995 0.082563999999999999 0.008515 0.0086070000000000001 0.0080000000000000002 0.058610999999999983 0.058350000000000006 0.057751999999999991 0.0029150000000000001 0.002826 0.0028149999999999998 0.00074299999999999995 0.00072099999999999996 0.00071100000000000004 1.746513333146742 1.746513333146742 1.746513333146742 0.000111862968474693 0.000111862968474693 0.000111862968474693 1 1 1 Converged Converged Converged OK OK OK 67 67 67 67 67 67 5 5 5 0 0 0 0 1 0 0 1
58 58 uniform 4 23 589 3 0.0001 0.38376829546145558 0.0010582680790442783 0.36794051322780458 -0.40554207045899959 -0.58179384027244641 -0.33195396781343867 0 0.3323596682104949 1.8033208981937912 OK 13 12 0.41993000000000003 0.233407 0.082922999999999997 0.334316 0.14859900000000001 0 0.085614000000000023 0.084807999999999995 0.082922999999999997 0.0085699999999999995 0.0086359999999999996 0.0078949999999999992 0.059502999999999993 0.059314999999999986 0.058554000000000009 0.0028600000000000001 0.0027369999999999994 0.0026910000000000002 0.00075900000000000002 0.00072500000000000006 0.00069700000000000003 1.8033208312096218 1.8033208312096218 1.8033208312096218 0.00011916697374409166 0.00011916697374409166 0.00011916697374409166 1 1 1 Converged Converged Converged OK OK OK 67 67 67 67 67 67 5 5 5 0 0 0 0 1 0 0 1
59 59 linear 0 0 590 0 0.001 0.4746507574662156 0.0053210592502150912 0.081244747010592019 1.6077152278070606 -0.2684457369985454 1.5914662784049423 0.5 -1.5889540015751693 1.1895106174997481 OK 11 10 0.36751200000000001 0.355408 0.105295 0.25462699999999999 0.24963399999999999 0 0.11288500000000001 0.10577400000000001 0.105295 0.0068180000000000003 0.0067039999999999999 0.006561 0.086156999999999997 0.079575000000000007 0.078990000000000019 0.002679 0.0026520000000000003 0.0028609999999999998 0.00063800000000000011 0.00060700000000000001 0.00065300000000000004 1.1895106354229354 1.1895106354229354 1.1895106354229354 0.00014946580362716771 0.00014946580362716771 0.00014946580362716771 1 1 1 Converged Converged Converged OK OK OK 66 66 66 66 66 66 6 6 6 0 0 0 0 0 1 0 0
59 59 linear 0 7 590 1 0.001 0.4746507574662156 0.0053210592502150912 0.081244747010592019 1.6077152278070606 -0.2684457369985454 1.6013569432584056 0.5 -1.5988446664286327 1.1884033097220157 OK 11 10 0.385633 0.25356099999999998 0.108237 0.27395199999999997 0.134854 0 0.11168100000000003 0.11870699999999998 0.108237 0.0058820000000000001 0.0059199999999999999 0.0054990000000000004 0.089314000000000018 0.096728999999999996 0.086689999999999975 0.002787 0.0027889999999999998 0.002967 0.00059000000000000003 0.00062 0.00059500000000000004 1.1884038476773284 1.1884038476773284 1.1884038476773284 0.00035051439721238816 0.00035051439721238816 0.00035051439721238816 1 1 1 Converged Converged Converged OK OK OK 66 66 66 66 66 66 6 6 6 0 0 0 0 1 0 0 1
59 59 linear 0 15 590 2 0.001 0.4746507574662156 0.0053210592502150912 0.081244747010592019 1.6077152278070606 -0.2684457369985454 1.6126605602337922 0.5 -1.6101482834040193 1.1860680064143854 OK 11 10 0.355931 0.23919599999999999 0.091167999999999999 0.26136399999999999 0.13165199999999999 0 0.094567000000000012 0.107544 0.091167999999999999 0.0059899999999999997 0.0060530000000000002 0.0056540000000000002 0.073396000000000017 0.085110999999999964 0.070946999999999968 0.00248 0.0031749999999999999 0.0025040000000000001 0.000571 0.00063100000000000005 0.00055000000000000003 1.186061158366909 1.186061158366909 1.186061158366909 0.00093570090282008912 0.00093570090282008912 0.00093570090282008912 1 1 1 Converged Converged Converged OK OK OK 59 59 59 59 59 59 5 5 5 0 0 0 0 1 0 0 1
59 59 linear 0 23 590 3 0.001 0.4746507574662156 0.0053210592502150912 0.081244747010592019 1.6077152278070606 -0.2684457369985454 1.6239641772091788 0.5 -1.6214519003794059 1.1826150406763654 OK 11 10 0.38106200000000001 0.25781199999999999 0.112831 0.26354 0.132909 0 0.11752200000000002 0.12490299999999999 0.112831 0.0059909999999999998 0.0060080000000000003 0.0054070000000000003 0.094794000000000045 0.10189599999999999 0.091725000000000015 0.0029889999999999999 0.0031199999999999999 0.0027280000000000004 0.00068800000000000003 0.00066799999999999997 0.00063400000000000001 1.1826259929043959 1.1826259929043959 1.1826259929043959 0.00059609622993641068 0.00059609622993641068 0.00059609622993641068 1 1 1 Converged Converged Converged OK OK OK 66 66 66 66 66 66 6 6 6 0 0 0 0 1 0 0 1
59 59 linear 0 0 590 0 0.0001 0.4746507574662156 0.0053210592502150912 0.081244747010592019 1.6077152278070606 -0.2684457369985454 1.5914662784049423 0.5 -1.5889540015751693 1.1895106174997481 OK 11 10 0.37393799999999999 0.36645699999999998 0.116311 0.25514500000000001 0.24915799999999999 0 0.11879299999999998 0.11729899999999999 0.116311 0.0067470000000000004 0.0068609999999999999 0.0067060000000000002 0.089413000000000048 0.087439000000000044 0.086966000000000016 0.0031649999999999998 0.0034249999999999997 0.003359 0.00080299999999999989 0.00080899999999999993 0.00082399999999999997 1.1895105261985548 1.1895105261985548 1.1895105261985548 8.6024079447934317e-05 8.6024079447934317e-05 8.6024079447934317e-05 1 1 1 Converged Converged Converged OK OK OK 74 74 74 74 74 74 6 6 6 0 0 0 0 0 1 0 0
59 59 linear 0 7 590 1 0.0001 0.4746507574662156 0.0053210592502150912 0.081244747010592019 1.6077152278070606 -0.2684457369985454 1.6013569432584056 0.5 -1.5988446664286327 1.1884033097220157 OK 11 10 0.419514 0.286493 0.13702500000000001 0.27863100000000002 0.13669600000000001 0 0.14088299999999998 0.14979699999999999 0.13702500000000001 0.0057990000000000003 0.0059680000000000002 0.0055180000000000003 0.11394699999999998 0.12154500000000001 0.11100200000000007 0.0035639999999999995 0.004359 0.0035370000000000002 0.00093199999999999999 0.00099199999999999983 0.00087799999999999998 1.1884023026222115 1.1884023026222115 1.1884023026222115 3.8387968829382832e-05 3.8387968829382832e-05 3.8387968829382832e-05 1 1 1 Converged Converged Converged OK OK OK 82 82 82 82 82 82 6 6 6 0 0 0 0 1 0 0 1
59 59 linear 0 15 590 2 0.0001 0.4746507574662156 0.0053210592502150912 0.081244747010592019 1.6077152278070606 -0.2684457369985454 1.6126605602337922 0.5 -1.6101482834040193 1.1860680064143854 OK 11 10 0.38228200000000001 0.26216899999999999 0.118768 0.25978200000000001 0.13176599999999999 0 0.1225 0.13040299999999999 0.118768 0.0059950000000000003 0.005986 0.0056049999999999997 0.097692999999999988 0.10526200000000002 0.094873999999999944 0.0032490000000000002 0.0036680000000000003 0.0032890000000000003 0.00082799999999999996 0.00099799999999999997 0.00084699999999999999 1.1860618151789442 1.1860618151789442 1.1860618151789442 2.7841686194080984e-05 2.7841686194080984e-05 2.7841686194080984e-05 1 1 1 Converged Converged Converged OK OK OK 75 75 75 75 75 75 5 5 5 0 0 0 0 1 0 0 1
59 59 linear 0 23 590 3 0.0001 0.4746507574662156 0.0053210592502150912 0.081244747010592019 1.6077152278070606 -0.2684457369985454 1.6239641772091788 0.5 -1.6214519003794059 1.1826150406763654 OK 11 10 0.41033399999999998 0.28759600000000002 0.14371200000000001 0.26207000000000003 0.13180800000000001 0 0.14826399999999995 0.15578800000000001 0.14371200000000001 0.0059220000000000002 0.0059480000000000002 0.0055149999999999999 0.12274599999999995 0.129665 0.11915099999999998 0.0034649999999999998 0.0037450000000000001 0.0034230000000000003 0.00086200000000000003 0.00091399999999999999 0.00091399999999999999 1.1826124381679761 1.1826124381679761 1.1826124381679761 4.8356588959601753e-05 4.8356588959601753e-05 4.8356588959601753e-05 1 1 1 Converged Converged Converged OK OK OK 82 82 82 82 82 82 6 6 6 0 0 0 0 1 0 0 1
59 59 linear 1 0 591 0 0.001 0.4746507574662156 0.0053210592502150912 0.081244747010592019 1.6537570146513152 0.27536273353846608 1.6375080652491969 0.5 -1.6349957884194239 1.1787824316224016 OK 12 11 0.36662099999999997 0.367678 0.105568 0.25890299999999999 0.25706299999999999 0 0.10771799999999998 0.11061500000000002 0.105568 0.0067489999999999998 0.006992 0.0068950000000000001 0.081407000000000007 0.083282999999999954 0.07930100000000001 0.0027439999999999999 0.0034819999999999999 0.0028040000000000001 0.00053400000000000008 0.00055699999999999999 0.00055199999999999997 1.1787827491734599 1.1787827491734599 1.1787827491734599 0.00025994850963239528 0.00025994850963239528 0.00025994850963239528 1 1 1 Converged Converged Converged OK OK OK 66 66 66 66 66 66 6 6 6 0 0 0 0 0 1 0 0
59 59 linear 1 7 591 1 0.001 0.4746507574662156 0.0053210592502150912 0.081244747010592019 1.6537570146513152 0.27536273353846608 1.6473987301026602 0.5 -1.6448864532728873 1.1737059493941842 OK 12 11 0.37401200000000001 0.241594 0.103298 0.26702700000000001 0.129333 0 0.106985 0.112261 0.103298 0.0060889999999999998 0.006195 0.0055469999999999998 0.084732999999999961 0.08912299999999998 0.082008999999999999 0.0027369999999999998 0.0033479999999999998 0.0027689999999999998 0.00054100000000000003 0.00055199999999999997 0.000531 1.1737068573350311 1.1737068573350311 1.1737068573350311 0.00012269585820851356 0.00012269585820851356 0.00012269585820851356 1 1 1 Converged Converged Converged OK OK OK 66 66 66 66 66 66 6 6 6 0 0 0 0 1 0 0 1
59 59 linear 1 15 591 2 0.001 0.4746507574662156 0.0053210592502150912 0.081244747010592019 1.6537570146513152 0.27536273353846608 1.6587023470780469 0.5 -1.6561900702482739 1.1668176557943348 OK 11 10 0.359985 0.228912 0.097588999999999995 0.258766 0.123581 0 0.101219 0.10533100000000001 0.097588999999999995 0.0059899999999999997 0.0060390000000000001 0.005607 0.078907999999999992 0.083287999999999973 0.076470000000000024 0.0028349999999999998 0.0027529999999999998 0.0027159999999999997 0.00054000000000000001 0.00053800000000000007 0.00052399999999999994 1.1668186152632791 1.1668186152632791 1.1668186152632791 0.00012584495835415562 0.00012584495835415562 0.00012584495835415562 1 1 1 Converged Converged Converged OK OK OK 66 66 66 66 66 66 6 6 6 0 0 0 0 1 0 0 1
59 59 linear 1 23 591 3 0.001 0.4746507574662156 0.0053210592502150912 0.081244747010592019 1.6537570146513152 0.27536273353846608 1.6700059640534335 0.5 -1.6674936872236605 1.1586735725951367 OK 11 10 0.35806900000000003 0.22505800000000001 0.096977999999999995 0.25768200000000002 0.12048499999999999 0 0.100387 0.10457300000000001 0.096977999999999995 0.0059319999999999998 0.0059439999999999996 0.0054840000000000002 0.077854999999999994 0.082352000000000022 0.075834999999999986 0.0028659999999999996 0.0028270000000000001 0.0027339999999999999 0.00063400000000000001 0.00060900000000000006 0.00058100000000000003 1.1586743268194841 1.1586743268194841 1.1586743268194841 0.00011145230757750024 0.00011145230757750024 0.00011145230757750024 1 1 1 Converged Converged Converged OK OK OK 66 66 66 66 66 66 6 6 6 0 0 0 0 1 0 0 1
59 59 linear 1 0 591 0 0.0001 0.4746507574662156 0.0053210592502150912 0.081244747010592019 1.6537570146513152 0.27536273353846608 1.6375080652491969 0.5 -1.6349957884194239 1.1787824316224016 OK 12 11 0.38103300000000001 0.37936199999999998 0.116859 0.26161699999999999 0.262986 0 0.11941600000000002 0.11637599999999998 0.116859 0.007025 0.0066509999999999998 0.0069829999999999996 0.089406000000000013 0.087546999999999972 0.087230000000000002 0.0033249999999999998 0.0031450000000000002 0.0033680000000000003 0.00069500000000000009 0.00069200000000000002 0.00072999999999999996 1.1787826101465013 1.1787826101465013 1.1787826101465013 8.5941800232362521e-05 8.5941800232362521e-05 8.5941800232362521e-05 1 1 1 Converged Converged Converged OK OK OK 74 74 74 74 74 74 6 6 6 0 0 0 0 0 1 0 0
59 59 linear 1 7 591 1 0.0001 0.4746507574662156 0.0053210592502150912 0.081244747010592019 1.6537570146513152 0.27536273353846608 1.6473987301026602 0.5 -1.6448864532728873 1.1737059493941842 OK 12 11 0.389235 0.246555 0.11784799999999999 0.26790799999999998 0.12595999999999999 0 0.12132700000000002 0.12059500000000001 0.11784799999999999 0.006051 0.0060029999999999997 0.0057920000000000003 0.096973999999999991 0.096696000000000018 0.094447000000000045 0.0032450000000000001 0.0031410000000000006 0.003326 0.00069200000000000002 0.00068400000000000015 0.0006330000000000001 1.1737060882497568 1.1737060882497568 1.1737060882497568 6.2541350097986202e-05 6.2541350097986202e-05 6.2541350097986202e-05 1 1 1 Converged Converged Converged OK OK OK 74 74 74 74 74 74 6 6 6 0 0 0 0 1 0 0 1
59 59 linear 1 15 591 2 0.0001 0.4746507574662156 0.0053210592502150912 0.081244747010592019 1.6537570146513152 0.27536273353846608 1.6587023470780469 0.5 -1.6561900702482739 1.1668176557943348 OK 11 10 0.36958299999999999 0.23716400000000001 0.10607999999999999 0.25931900000000002 0.122367 0 0.11026399999999997 0.11479700000000001 0.10607999999999999 0.0061190000000000003 0.0061110000000000001 0.0056319999999999999 0.086343000000000003 0.09102799999999997 0.083285999999999985 0.0031310000000000001 0.0031080000000000001 0.0030739999999999999 0.00063500000000000004 0.00063099999999999994 0.00063299999999999999 1.1668180257950851 1.1668180257950851 1.1668180257950851 7.5351111931135317e-05 7.5351111931135317e-05 7.5351111931135317e-05 1 1 1 Converged Converged Converged OK OK OK 74 74 74 74 74 74 6 6 6 0 0 0 0 1 0 0 1
59 59 linear 1 23 591 3 0.0001 0.4746507574662156 0.0053210592502150912 0.081244747010592019 1.6537570146513152 0.27536273353846608 1.6700059640534335 0.5 -1.6674936872236605 1.1586735725951367 OK 11 10 0.35896699999999998 0.227215 0.096847000000000003 0.25873000000000002 0.12197 0 0.10023699999999997 0.10524500000000001 0.096847000000000003 0.0060060000000000001 0.0060879999999999997 0.0055630000000000002 0.077972999999999973 0.082651999999999989 0.075799000000000019 0.0027260000000000001 0.0029849999999999998 0.0027270000000000003 0.00056499999999999996 0.00061799999999999995 0.00059400000000000002 1.1586743268194841 1.1586743268194841 1.1586743268194841 0.00011145230757750024 0.00011145230757750024 0.00011145230757750024 1 1 1 Converged Converged Converged OK OK OK 66 66 66 66 66 66 6 6 6 0 0 0 0 1 0 0 1
59 59 linear 2 0 592 0 0.001 0.4746507574662156 0.0053210592502150912 0.081244747010592019 1.5638213838494213 -0.21816937682332288 1.547572434447303 0.5 -1.54506015761753 1.1472001052739462 OK 12 11 0.45137300000000002 0.44076300000000002 0.13367000000000001 0.31488100000000002 0.307533 0 0.136492 0.13323000000000002 0.13367000000000001 0.0099869999999999994 0.0096930000000000002 0.0096170000000000005 0.09831800000000003 0.096024999999999958 0.096041000000000029 0.0038560000000000001 0.0037799999999999995 0.0041910000000000003 0.00087699999999999996 0.00080300000000000011 0.00088699999999999998 1.1471993577153321 1.1471993577153321 1.1471993577153321 0.00035754639276899255 0.00035754639276899255 0.00035754639276899255 1 1 1 Converged Converged Converged OK OK OK 81 81 81 81 81 81 7 7 7 0 0 0 0 0 1 0 0
59 59 linear 2 7 592 1 0.001 0.4746507574662156 0.0053210592502150912 0.081244747010592019 1.5638213838494213 -0.21816937682332288 1.5574630993007663 0.5 -1.5549508224709934 1.1519195057294982 OK 13 12 0.776555 0.64461999999999997 0.19533900000000001 0.57457400000000003 0.44198399999999999 0 0.20198099999999997 0.20263599999999998 0.19533900000000001 0.012362 0.011885 0.011764999999999999 0.16113899999999998 0.16340400000000005 0.15633299999999997 0.0052199999999999998 0.0048110000000000002 0.0050430000000000006 0.0010349999999999999 0.00093899999999999995 0.00093800000000000003 1.1519187236905917 1.1519187236905917 1.1519187236905917 0.00064944384297532614 0.00064944384297532614 0.00064944384297532614 1 1 1 Converged Converged Converged OK OK OK 89 89 89 89 89 89 7 7 7 0 0 0 0 1 0 0 1
59 59 linear 2 15 592 2 0.001 0.4746507574662156 0.0053210592502150912 0.081244747010592019 1.5638213838494213 -0.21816937682332288 1.5687667162761529 0.5 -1.56625443944638 1.1560090946488704 OK 12 11 0.439114 0.31158799999999998 0.12864 0.30044599999999999 0.17325099999999999 0 0.13866800000000001 0.13833699999999999 0.12864 0.0088149999999999999 0.0089610000000000002 0.0082990000000000008 0.11181199999999999 0.11064299999999998 0.10262400000000001 0.003019 0.003313 0.003045 0.00063599999999999996 0.00059400000000000002 0.00061600000000000001 1.1560063872202055 1.1560063872202055 1.1560063872202055 0.001026023423412729 0.001026023423412729 0.001026023423412729 1 1 1 Converged Converged Converged OK OK OK 66 66 66 66 66 66 6 6 6 0 0 0 0 1 0 0 1
59 59 linear 2 23 592 3 0.001 0.4746507574662156 0.0053210592502150912 0.081244747010592019 1.5638213838494213 -0.21816937682332288 1.5800703332515396 0.5 -1.5775580564217666 1.1576779962579038 OK 12 11 0.44273000000000001 0.32190000000000002 0.127336 0.30829299999999998 0.185776 0 0.13443700000000003 0.13612400000000002 0.127336 0.0086429999999999996 0.0088859999999999998 0.0080499999999999999 0.10522400000000001 0.10912799999999999 0.10192099999999997 0.0055300000000000002 0.0030890000000000002 0.002911 0.00064500000000000007 0.00068300000000000001 0.000602 1.1576753176012891 1.1576753176012891 1.1576753176012891 0.00087819276123151377 0.00087819276123151377 0.00087819276123151377 1 1 1 Converged Converged Converged OK OK OK 66 66 66 66 66 66 6 6 6 0 0 0 0 1 0 0 1
59 59 linear 2 0 592 0 0.0001 0.4746507574662156 0.0053210592502150912 0.081244747010592019 1.5638213838494213 -0.21816937682332288 1.547572434447303 0.5 -1.54506015761753 1.1472001052739462 OK 12 11 0.48097800000000002 0.478377 0.1618 0.31235600000000002 0.30892500000000001 0 0.16862199999999999 0.16945199999999999 0.1618 0.01009 0.011069000000000001 0.0094909999999999994 0.122018 0.122445 0.11748400000000006 0.0056169999999999996 0.0052719999999999998 0.0051520000000000003 0.0012259999999999999 0.0013059999999999999 0.001137 1.1471997007046624 1.1471997007046624 1.1471997007046624 7.9669609284479029e-05 7.9669609284479029e-05 7.9669609284479029e-05 1 1 1 Converged Converged Converged OK OK OK 97 97 97 97 97 97 7 7 7 0 0 0 0 0 1 0 0
59 59 linear 2 7 592 1 0.0001 0.4746507574662156 0.0053210592502150912 0.081244747010592019 1.5638213838494213 -0.21816937682332288 1.5574630993007663 0.5 -1.5549508224709934 1.1519195057294982 OK 13 12 0.84808799999999995 0.72194999999999998 0.25959300000000002 0.56892699999999996 0.45165100000000002 0 0.27916099999999999 0.27029899999999996 0.25959300000000002 0.012156 0.012052 0.011764999999999999 0.22906799999999997 0.22094400000000003 0.21204900000000002 0.0070250000000000009 0.0067610000000000005 0.0061919999999999996 0.0014660000000000001 0.0014080000000000002 0.0013619999999999999 1.1519188631373911 1.1519188631373911 1.1519188631373911 8.2477089404989241e-06 8.2477089404989241e-06 8.2477089404989241e-06 1 1 1 Converged Converged Converged OK OK OK 113 113 113 113 113 113 7 7 7 0 0 0 0 1 0 0 1
59 59 linear 2 15 592 2 0.0001 0.4746507574662156 0.0053210592502150912 0.081244747010592019 1.5638213838494213 -0.21816937682332288 1.5687667162761529 0.5 -1.56625443944638 1.1560090946488704 OK 12 11 0.49451299999999998 0.36730400000000002 0.182114 0.30395100000000003 0.175175 0 0.19056199999999995 0.19212900000000002 0.182114 0.0090189999999999992 0.0089339999999999992 0.0082070000000000008 0.15398800000000001 0.15628200000000009 0.14812199999999998 0.0054839999999999993 0.0054299999999999999 0.004901 0.0014340000000000002 0.001389 0.001323 1.1560096458381237 1.1560096458381237 1.1560096458381237 5.8897702192712683e-05 5.8897702192712683e-05 5.8897702192712683e-05 1 1 1 Converged Converged Converged OK OK OK 98 98 98 98 98 98 6 6 6 0 0 0 0 1 0 0 1
59 59 linear 2 23 592 3 0.0001 0.4746507574662156 0.0053210592502150912 0.081244747010592019 1.5638213838494213 -0.21816937682332288 1.5800703332515396 0.5 -1.5775580564217666 1.1576779962579038 OK 12 11 0.49326199999999998 0.366674 0.17024800000000001 0.31477899999999998 0.18176 0 0.178483 0.184914 0.17024800000000001 0.0087580000000000002 0.0088229999999999992 0.0080009999999999994 0.14452100000000004 0.15129200000000001 0.13879900000000001 0.0049290000000000002 0.0049280000000000001 0.0042129999999999997 0.0011789999999999999 0.0011639999999999999 0.0011250000000000001 1.1576786592993282 1.1576786592993282 1.1576786592993282 7.3961478567298737e-05 7.3961478567298737e-05 7.3961478567298737e-05 1 1 1 Converged Converged Converged OK OK OK 90 90 90 90 90 90 6 6 6 0 0 0 0 1 0 0 1
59 59 linear 3 0 593 0 0.001 0.4746507574662156 0.0053210592502150912 0.081244747010592019 1.6233234160543821 -0.1635451605553172 1.6070744666522638 0.5 -1.6045621898224909 1.0950969777538335 OK 12 11 0.37223099999999998 0.37943399999999999 0.106347 0.26161200000000001 0.26881699999999997 0 0.11061899999999997 0.11061700000000002 0.106347 0.0096179999999999998 0.0099869999999999994 0.0091109999999999993 0.080617000000000008 0.079805000000000015 0.077877000000000002 0.0030080000000000003 0.0034990000000000004 0.0029750000000000002 0.00067500000000000004 0.00064400000000000004 0.00062600000000000004 1.0950949373843257 1.0950949373843257 1.0950949373843257 0.00081369728781284089 0.00081369728781284089 0.00081369728781284089 1 1 1 Converged Converged Converged OK OK OK 59 59 59 59 59 59 5 5 5 0 0 0 0 0 1 0 0
59 59 linear 3 7 593 1 0.001 0.4746507574662156 0.0053210592502150912 0.081244747010592019 1.6233234160543821 -0.1635451605553172 1.6169651315057272 0.5 -1.6144528546759542 1.0929146031810393 OK 12 11 0.37179000000000001 0.245063 0.104217 0.263571 0.13297100000000001 0 0.10821900000000001 0.112092 0.104217 0.0084779999999999994 0.0087559999999999999 0.010735 0.082872000000000001 0.085727000000000025 0.076927999999999996 0.0027850000000000001 0.003248 0.0028469999999999997 0.00059500000000000004 0.0006020000000000001 0.00058500000000000002 1.0929136118795393 1.0929136118795393 1.0929136118795393 0.00062565718440513369 0.00062565718440513369 0.00062565718440513369 1 1 1 Converged Converged Converged OK OK OK 59 59 59 59 59 59 5 5 5 0 0 0 0 1 0 0 1
59 59 linear 3 15 593 2 0.001 0.4746507574662156 0.0053210592502150912 0.081244747010592019 1.6233234160543821 -0.1635451605553172 1.6282687484811138 0.5 -1.6257564716513409 1.0906242668607014 OK 12 11 0.372415 0.243366 0.103673 0.26415699999999998 0.13055 0 0.10825800000000002 0.112816 0.103673 0.0084419999999999999 0.0084670000000000006 0.0078530000000000006 0.082838000000000023 0.08723199999999999 0.079617999999999994 0.0029099999999999998 0.0029940000000000001 0.0027520000000000001 0.00056099999999999998 0.000611 0.000553 1.0906236665785511 1.0906236665785511 1.0906236665785511 0.00064693048641614238 0.00064693048641614238 0.00064693048641614238 1 1 1 Converged Converged Converged OK OK OK 59 59 59 59 59 59 5 5 5 0 0 0 0 1 0 0 1
59 59 linear 3 23 593 3 0.001 0.4746507574662156 0.0053210592502150912 0.081244747010592019 1.6233234160543821 -0.1635451605553172 1.6395723654565004 0.5 -1.6370600886267275 1.0885566532121727 OK 12 11 0.37360199999999999 0.24940799999999999 0.10240100000000001 0.26775100000000002 0.13806099999999999 0 0.10585099999999997 0.111347 0.10240100000000001 0.0085269999999999999 0.0084550000000000007 0.0077720000000000003 0.080665999999999988 0.085757999999999973 0.078301999999999997 0.0027429999999999998 0.0030619999999999996 0.0028960000000000001 0.00051400000000000003 0.00055000000000000003 0.00053600000000000002 1.0885558572406109 1.0885558572406109 1.0885558572406109 0.00060917259584855425 0.00060917259584855425 0.00060917259584855425 1 1 1 Converged Converged Converged OK OK OK 59 59 59 59 59 59 5 5 5 0 0 0 0 1 0 0 1
59 59 linear 3 0 593 0 0.0001 0.4746507574662156 0.0053210592502150912 0.081244747010592019 1.6233234160543821 -0.1635451605553172 1.6070744666522638 0.5 -1.6045621898224909 1.0950969777538335 OK 12 11 0.42091000000000001 0.417103 0.152117 0.266648 0.26700400000000002 0 0.15426200000000001 0.15009899999999998 0.152117 0.0096670000000000002 0.0094909999999999994 0.010397999999999999 0.11495599999999997 0.11115100000000001 0.112634 0.0045450000000000004 0.0046030000000000003 0.0041840000000000002 0.0010609999999999999 0.001098 0.00108 1.0950962435751566 1.0950962435751566 1.0950962435751566 4.8095002592079511e-05 4.8095002592079511e-05 4.8095002592079511e-05 1 1 1 Converged Converged Converged OK OK OK 83 83 83 83 83 83 5 5 5 0 0 0 0 0 1 0 0
59 59 linear 3 7 593 1 0.0001 0.4746507574662156 0.0053210592502150912 0.081244747010592019 1.6233234160543821 -0.1635451605553172 1.6169651315057272 0.5 -1.6144528546759542 1.0929146031810393 OK 12 11 0.41550100000000001 0.28794799999999998 0.14150299999999999 0.26396999999999998 0.13290299999999999 0 0.15153100000000003 0.15504499999999999 0.14150299999999999 0.0097050000000000001 0.0085889999999999994 0.0079299999999999995 0.11745600000000002 0.12308999999999999 0.11092200000000002 0.0040740000000000004 0.0043819999999999996 0.0041469999999999996 0.00098400000000000007 0.00099399999999999987 0.00099400000000000009 1.0929138962853211 1.0929138962853211 1.0929138962853211 1.1590805787584629e-05 1.1590805787584629e-05 1.1590805787584629e-05 1 1 1 Converged Converged Converged OK OK OK 83 83 83 83 83 83 5 5 5 0 0 0 0 1 0 0 1
59 59 linear 3 15 593 2 0.0001 0.4746507574662156 0.0053210592502150912 0.081244747010592019 1.6233234160543821 -0.1635451605553172 1.6282687484811138 0.5 -1.6257564716513409 1.0906242668607014 OK 12 11 0.40280700000000003 0.282609 0.13367200000000001 0.26328400000000002 0.13209899999999999 0 0.13952300000000001 0.15051 0.13367200000000001 0.0084419999999999999 0.0085450000000000005 0.0079190000000000007 0.11049399999999998 0.121605 0.10597900000000002 0.0036680000000000003 0.0036190000000000003 0.0034770000000000001 0.00083599999999999994 0.000803 0.00079300000000000009 1.0906235708613121 1.0906235708613121 1.0906235708613121 1.3113442899230316e-05 1.3113442899230316e-05 1.3113442899230316e-05 1 1 1 Converged Converged Converged OK OK OK 75 75 75 75 75 75 5 5 5 0 0 0 0 1 0 0 1
59 59 linear 3 23 593 3 0.0001 0.4746507574662156 0.0053210592502150912 0.081244747010592019 1.6233234160543821 -0.1635451605553172 1.6395723654565004 0.5 -1.6370600886267275 1.0885566532121727 OK 12 11 0.41989700000000002 0.30243799999999998 0.141094 0.27070100000000002 0.13888800000000001 0 0.149196 0.16354999999999997 0.141094 0.0086160000000000004 0.0083680000000000004 0.0078230000000000001 0.115943 0.12632200000000005 0.11103399999999994 0.0050049999999999999 0.0043410000000000002 0.0040790000000000002 0.001098 0.00092900000000000003 0.00090399999999999986 1.0885559406731815 1.0885559406731815 1.0885559406731815 4.2535823323604102e-05 4.2535823323604102e-05 4.2535823323604102e-05 1 1 1 Converged Converged Converged OK OK OK 83 83 83 83 83 83 5 5 5 0 0 0 0 1 0 0 1
59 59 linear 4 0 594 0 0.001 0.4746507574662156 0.0053210592502150912 0.081244747010592019 1.521769563008923 0.39426993317551401 1.5055206136068047 0.5 -1.5030083367770317 1.1392582203863921 OK 12 11 0.35341299999999998 0.34184500000000001 0.081611000000000003 0.270536 0.26063599999999998 0 0.082876999999999978 0.081209000000000031 0.081611000000000003 0.0088059999999999996 0.0089580000000000007 0.0086999999999999994 0.055148999999999997 0.053616000000000018 0.054244999999999995 0.0028050000000000002 0.002895 0.0028270000000000001 0.00059100000000000005 0.00059000000000000003 0.00060099999999999997 1.1392560706178576 1.1392560706178576 1.1392560706178576 0.00043606856770008856 0.00043606856770008856 0.00043606856770008856 1 1 1 Converged Converged Converged OK OK OK 53 53 53 53 53 53 3 3 3 0 0 0 0 0 1 0 0
59 59 linear 4 7 594 1 0.001 0.4746507574662156 0.0053210592502150912 0.081244747010592019 1.521769563008923 0.39426993317551401 1.515411278460268 0.5 -1.5128990016304951 1.1378713980006854 OK 12 11 0.34381299999999998 0.227774 0.073733000000000007 0.26849200000000001 0.139435 0 0.075320999999999971 0.088339000000000001 0.073733000000000007 0.0081829999999999993 0.0080529999999999994 0.0077320000000000002 0.050359999999999988 0.063889000000000015 0.049585000000000011 0.002777 0.0027719999999999997 0.002826 0.00058 0.00061000000000000008 0.00056599999999999999 1.1378690389050636 1.1378690389050636 1.1378690389050636 0.00046340735544252051 0.00046340735544252051 0.00046340735544252051 1 1 1 Converged Converged Converged OK OK OK 53 53 53 53 53 53 3 3 3 0 0 0 0 1 0 0 1
59 59 linear 4 15 594 2 0.001 0.4746507574662156 0.0053210592502150912 0.081244747010592019 1.521769563008923 0.39426993317551401 1.5267148954356546 0.5 -1.5242026186058817 1.136330149341803 OK 12 11 0.33448800000000001 0.2177 0.077040999999999998 0.25640099999999999 0.13122700000000001 0 0.078087000000000018 0.086472999999999994 0.077040999999999998 0.0081530000000000005 0.0082120000000000005 0.0077780000000000002 0.053243000000000013 0.061669999999999996 0.052743000000000012 0.002745 0.0028600000000000001 0.0028310000000000002 0.00060899999999999995 0.00060599999999999998 0.00058799999999999998 1.1363276182740456 1.1363276182740456 1.1363276182740456 0.00049770015667774295 0.00049770015667774295 0.00049770015667774295 1 1 1 Converged Converged Converged OK OK OK 53 53 53 53 53 53 3 3 3 0 0 0 0 1 0 0 1
59 59 linear 4 23 594 3 0.001 0.4746507574662156 0.0053210592502150912 0.081244747010592019 1.521769563008923 0.39426993317551401 1.5380185124110413 0.5 -1.5355062355812683 1.1348242756812297 OK 12 11 0.33643899999999999 0.21342800000000001 0.074379000000000001 0.25898500000000002 0.12595400000000001 0 0.077453999999999967 0.087473999999999996 0.074379000000000001 0.0080470000000000003 0.0084169999999999991 0.0076420000000000004 0.052590999999999999 0.062242000000000006 0.050746000000000013 0.0027559999999999998 0.0028669999999999998 0.0027629999999999998 0.00058399999999999999 0.00062500000000000012 0.000562 1.1348215482656858 1.1348215482656858 1.1348215482656858 0.00053494212110430806 0.00053494212110430806 0.00053494212110430806 1 1 1 Converged Converged Converged OK OK OK 53 53 53 53 53 53 3 3 3 0 0 0 0 1 0 0 1
59 59 linear 4 0 594 0 0.0001 0.4746507574662156 0.0053210592502150912 0.081244747010592019 1.521769563008923 0.39426993317551401 1.5055206136068047 0.5 -1.5030083367770317 1.1392582203863921 OK 12 11 0.37730200000000003 0.37769900000000001 0.114194 0.25918200000000002 0.25991599999999998 0 0.11812 0.11778300000000003 0.114194 0.0087419999999999998 0.0090449999999999992 0.0085380000000000005 0.081063999999999997 0.079271000000000022 0.078257000000000021 0.0041200000000000004 0.0050890000000000006 0.0041130000000000003 0.00083200000000000006 0.00088999999999999995 0.00081100000000000009 1.1392576526023044 1.1392576526023044 1.1392576526023044 3.1668055321451015e-06 3.1668055321451015e-06 3.1668055321451015e-06 1 1 1 Converged Converged Converged OK OK OK 77 77 77 77 77 77 3 3 3 0 0 0 0 0 1 0 0
59 59 linear 4 7 594 1 0.0001 0.4746507574662156 0.0053210592502150912 0.081244747010592019 1.521769563008923 0.39426993317551401 1.515411278460268 0.5 -1.5128990016304951 1.1378713980006854 OK 12 11 0.37501800000000002 0.272204 0.104398 0.26728499999999999 0.145094 0 0.10773300000000002 0.12711 0.104398 0.0081239999999999993 0.0084960000000000001 0.0076249999999999998 0.075688000000000019 0.094314000000000037 0.073278000000000038 0.0040850000000000001 0.0044599999999999996 0.0040880000000000005 0.00080599999999999997 0.00085299999999999992 0.00077699999999999991 1.1378707644649015 1.1378707644649015 1.1378707644649015 3.4539558811831885e-06 3.4539558811831885e-06 3.4539558811831885e-06 1 1 1 Converged Converged Converged OK OK OK 77 77 77 77 77 77 3 3 3 0 0 0 0 1 0 0 1
59 59 linear 4 15 594 2 0.0001 0.4746507574662156 0.0053210592502150912 0.081244747010592019 1.521769563008923 0.39426993317551401 1.5267148954356546 0.5 -1.5242026186058817 1.136330149341803 OK 12 11 0.37084499999999998 0.25643899999999997 0.10942 0.25494299999999998 0.12671299999999999 0 0.11590200000000001 0.12972599999999998 0.10942 0.0080979999999999993 0.0083759999999999998 0.0076239999999999997 0.083924000000000012 0.096862999999999921 0.07820599999999997 0.0040850000000000001 0.0043810000000000003 0.0041939999999999998 0.00085200000000000011 0.00087600000000000004 0.00082400000000000008 1.1363295244108738 1.1363295244108738 1.1363295244108738 3.8151220545747532e-06 3.8151220545747532e-06 3.8151220545747532e-06 1 1 1 Converged Converged Converged OK OK OK 77 77 77 77 77 77 3 3 3 0 0 0 0 1 0 0 1
59 59 linear 4 23 594 3 0.0001 0.4746507574662156 0.0053210592502150912 0.081244747010592019 1.521769563008923 0.39426993317551401 1.5380185124110413 0.5 -1.5355062355812683 1.1348242756812297 OK 12 11 0.36814000000000002 0.24820999999999999 0.10804900000000001 0.26005299999999998 0.13009100000000001 0 0.10808700000000004 0.11811899999999997 0.10804900000000001 0.0081729999999999997 0.0083499999999999998 0.0077780000000000002 0.075997000000000009 0.086053000000000004 0.075818999999999984 0.0041270000000000005 0.0042299999999999994 0.0042849999999999997 0.00082700000000000004 0.00081599999999999999 0.00080499999999999994 1.1348236523880175 1.1348236523880175 1.1348236523880175 4.2111150737177166e-06 4.2111150737177166e-06 4.2111150737177166e-06 1 1 1 Converged Converged Converged OK OK OK 77 77 77 77 77 77 3 3 3 0 0 0 0 1 0 0 1
59 59 uniform 0 0 595 0 0.001 0.4746507574662156 0.0053210592502150912 0.081244747010592019 1.6077152278070606 -0.2684457369985454 1.5914662784049423 0 -1.5889540015751693 1.1833196078634527 OK 11 10 0.31260900000000003 0.310583 0.061936999999999999 0.249394 0.247478 0 0.063215000000000021 0.063104999999999994 0.061936999999999999 0.0067520000000000002 0.0067330000000000003 0.0064029999999999998 0.042877999999999993 0.042955000000000007 0.042424999999999997 0.0016560000000000001 0.0016379999999999999 0.0016750000000000001 0.00039899999999999999 0.00041200000000000004 0.00039300000000000001 1.1833192574649862 1.1833192574649862 1.1833192574649862 0.00055352968877570876 0.00055352968877570876 0.00055352968877570876 1 1 1 Converged Converged Converged OK OK OK 50 50 50 50 50 50 6 6 6 0 0 0 0 0 1 0 0
59 59 uniform 0 7 595 1 0.001 0.4746507574662156 0.0053210592502150912 0.081244747010592019 1.6077152278070606 -0.2684457369985454 1.6013569432584056 0 -1.5988446664286327 1.1817002115645581 OK 11 10 0.33240599999999998 0.200296 0.060794000000000001 0.26960899999999999 0.134017 0 0.062796999999999992 0.066279000000000005 0.060794000000000001 0.0057689999999999998 0.005888 0.0054660000000000004 0.045845999999999984 0.049543000000000004 0.04501900000000001 0.0019220000000000001 0.001702 0.001655 0.00038000000000000002 0.00040200000000000001 0.00038400000000000001 1.1817038571260592 1.1817038571260592 1.1817038571260592 0.00084268572015712894 0.00084268572015712894 0.00084268572015712894 1 1 1 Converged Converged Converged OK OK OK 50 50 50 50 50 50 6 6 6 0 0 0 0 1 0 0 1
59 59 uniform 0 15 595 2 0.001 0.4746507574662156 0.0053210592502150912 0.081244747010592019 1.6077152278070606 -0.2684457369985454 1.6126605602337922 0 -1.6101482834040193 1.1791740766808874 OK 11 10 0.314913 0.18950900000000001 0.053920000000000003 0.25906299999999999 0.130574 0 0.055850000000000011 0.058935000000000015 0.053920000000000003 0.0060530000000000002 0.0060060000000000001 0.0056930000000000001 0.03955199999999999 0.043032000000000015 0.038939000000000001 0.0014970000000000001 0.0015460000000000001 0.0014419999999999997 0.00043300000000000001 0.00041400000000000003 0.00038699999999999997 1.1791732439354348 1.1791732439354348 1.1791732439354348 0.001044122405978086 0.001044122405978086 0.001044122405978086 1 1 1 Converged Converged Converged OK OK OK 43 43 43 43 43 43 5 5 5 0 0 0 0 1 0 0 1
59 59 uniform 0 23 595 3 0.001 0.4746507574662156 0.0053210592502150912 0.081244747010592019 1.6077152278070606 -0.2684457369985454 1.6239641772091788 0 -1.6214519003794059 1.1759626815108475 OK 11 10 0.32000600000000001 0.19481699999999999 0.059754000000000002 0.25870300000000002 0.13014300000000001 0 0.061302999999999996 0.064673999999999982 0.059754000000000002 0.005738 0.0058190000000000004 0.0054099999999999999 0.044574000000000003 0.048063999999999996 0.043865000000000022 0.0016379999999999999 0.0017319999999999998 0.0016769999999999999 0.00038100000000000005 0.00038400000000000001 0.00038500000000000003 1.1759872726621547 1.1759872726621547 1.1759872726621547 0.0011518448566401394 0.0011518448566401394 0.0011518448566401394 1 1 1 Converged Converged Converged OK OK OK 50 50 50 50 50 50 6 6 6 0 0 0 0 1 0 0 1
59 59 uniform 0 0 595 0 0.0001 0.4746507574662156 0.0053210592502150912 0.081244747010592019 1.6077152278070606 -0.2684457369985454 1.5914662784049423 0 -1.5889540015751693 1.1833196078634527 OK 11 10 0.33856999999999998 0.34213900000000003 0.087174000000000001 0.24627399999999999 0.25287500000000002 0 0.092295999999999989 0.08926400000000001 0.087174000000000001 0.0067999999999999996 0.0070920000000000002 0.006587 0.06316799999999996 0.05927499999999998 0.058695999999999998 0.002849 0.0032300000000000002 0.0028669999999999998 0.00065300000000000004 0.00072100000000000007 0.00069700000000000003 1.1833197384847374 1.1833197384847374 1.1833197384847374 0.00010041625716119574 0.00010041625716119574 0.00010041625716119574 1 1 1 Converged Converged Converged OK OK OK 74 74 74 74 74 74 6 6 6 0 0 0 0 0 1 0 0
59 59 uniform 0 7 595 1 0.0001 0.4746507574662156 0.0053210592502150912 0.081244747010592019 1.6077152278070606 -0.2684457369985454 1.6013569432584056 0 -1.5988446664286327 1.1817002115645581 OK 11 10 0.36607299999999998 0.239814 0.092641000000000001 0.270542 0.13586300000000001 0 0.095530999999999977 0.10395099999999999 0.092641000000000001 0.0059160000000000003 0.0059550000000000002 0.005463 0.068189999999999987 0.07779999999999998 0.06763199999999997 0.0034620000000000002 0.0032199999999999998 0.0031019999999999997 0.00086800000000000006 0.0007539999999999999 0.0007319999999999999 1.181700249928739 1.181700249928739 1.181700249928739 2.0482504795597244e-05 2.0482504795597244e-05 2.0482504795597244e-05 1 1 1 Converged Converged Converged OK OK OK 82 82 82 82 82 82 6 6 6 0 0 0 0 1 0 0 1
59 59 uniform 0 15 595 2 0.0001 0.4746507574662156 0.0053210592502150912 0.081244747010592019 1.6077152278070606 -0.2684457369985454 1.6126605602337922 0 -1.6101482834040193 1.1791740766808874 OK 11 10 0.34484199999999998 0.22694600000000001 0.084737000000000007 0.25853799999999999 0.131438 0 0.086303999999999992 0.09550800000000001 0.084737000000000007 0.0059170000000000004 0.0059940000000000002 0.0055799999999999999 0.06158600000000003 0.07134900000000001 0.061537000000000015 0.0030960000000000002 0.00314 0.0029910000000000002 0.00078200000000000014 0.00080499999999999994 0.00085100000000000009 1.1791740620552911 1.1791740620552911 1.1791740620552911 1.1606815801264438e-05 1.1606815801264438e-05 1.1606815801264438e-05 1 1 1 Converged Converged Converged OK OK OK 75 75 75 75 75 75 5 5 5 0 0 0 0 1 0 0 1
59 59 uniform 0 23 595 3 0.0001 0.4746507574662156 0.0053210592502150912 0.081244747010592019 1.6077152278070606 -0.2684457369985454 1.6239641772091788 0 -1.6214519003794059 1.1759626815108475 OK 11 10 0.35231200000000001 0.23561799999999999 0.090400999999999995 0.26108599999999998 0.134877 0 0.091226000000000029 0.100741 0.090400999999999995 0.0057939999999999997 0.0058570000000000002 0.0054999999999999997 0.066399999999999987 0.075910999999999992 0.066389999999999991 0.0031639999999999997 0.0031389999999999999 0.0030870000000000003 0.00079799999999999999 0.00081999999999999998 0.00078800000000000007 1.1759633973792532 1.1759633973792532 1.1759633973792532 5.7186276737436424e-05 5.7186276737436424e-05 5.7186276737436424e-05 1 1 1 Converged Converged Converged OK OK OK 82 82 82 82 82 82 6 6 6 0 0 0 0 1 0 0 1
59 59 uniform 1 0 596 0 0.001 0.4746507574662156 0.0053210592502150912 0.081244747010592019 1.6537570146513152 0.27536273353846608 1.6375080652491969 0 -1.6349957884194239 1.1728383446973694 OK 12 11 0.32791399999999998 0.32246900000000001 0.067562999999999998 0.26132499999999997 0.25717499999999999 0 0.066589000000000009 0.065294000000000019 0.067562999999999998 0.0071929999999999997 0.0069589999999999999 0.006718 0.045291999999999999 0.044899000000000008 0.044506000000000004 0.001714 0.001689 0.0016300000000000004 0.00044900000000000002 0.00044799999999999999 0.00042999999999999999 1.1728382210985244 1.1728382210985244 1.1728382210985244 0.00072426618262320811 0.00072426618262320811 0.00072426618262320811 1 1 1 Converged Converged Converged OK OK OK 50 50 50 50 50 50 6 6 6 0 0 0 0 0 1 0 0
59 59 uniform 1 7 596 1 0.001 0.4746507574662156 0.0053210592502150912 0.081244747010592019 1.6537570146513152 0.27536273353846608 1.6473987301026602 0 -1.6448864532728873 1.1687066210267467 OK 12 11 0.330289 0.19650699999999999 0.063242000000000007 0.26569199999999998 0.128194 0 0.064597000000000016 0.068312999999999985 0.063242000000000007 0.0060679999999999996 0.0060639999999999999 0.0057019999999999996 0.047440999999999976 0.051388999999999997 0.047033999999999992 0.001699 0.00173 0.0016649999999999998 0.000446 0.00042200000000000001 0.00041899999999999999 1.1687071462375556 1.1687071462375556 1.1687071462375556 0.00049332251447000406 0.00049332251447000406 0.00049332251447000406 1 1 1 Converged Converged Converged OK OK OK 50 50 50 50 50 50 6 6 6 0 0 0 0 1 0 0 1
59 59 uniform 1 15 596 2 0.001 0.4746507574662156 0.0053210592502150912 0.081244747010592019 1.6537570146513152 0.27536273353846608 1.6587023470780469 0 -1.6561900702482739 1.1632123015755544 OK 11 10 0.315668 0.18496299999999999 0.057313999999999997 0.25648700000000002 0.121031 0 0.059180999999999984 0.063931999999999989 0.057313999999999997 0.0061390000000000004 0.0061079999999999997 0.005522 0.041694000000000002 0.046338999999999977 0.041249000000000008 0.001725 0.002013 0.0016480000000000002 0.00048800000000000004 0.00046199999999999995 0.000457 1.1632131513389943 1.1632131513389943 1.1632131513389943 0.00046928461802972716 0.00046928461802972716 0.00046928461802972716 1 1 1 Converged Converged Converged OK OK OK 50 50 50 50 50 50 6 6 6 0 0 0 0 1 0 0 1
59 59 uniform 1 23 596 3 0.001 0.4746507574662156 0.0053210592502150912 0.081244747010592019 1.6537570146513152 0.27536273353846608 1.6700059640534335 0 -1.6674936872236605 1.1567153626254856 OK 11 10 0.31954100000000002 0.18406700000000001 0.058160999999999997 0.259801 0.11987399999999999 0 0.059740000000000015 0.064193000000000014 0.058160999999999997 0.0059880000000000003 0.006084 0.0054720000000000003 0.042837000000000007 0.046775999999999998 0.042366000000000015 0.001658 0.0019320000000000001 0.0016049999999999999 0.00040499999999999998 0.00040200000000000001 0.00044400000000000006 1.1567159439135912 1.1567159439135912 1.1567159439135912 0.00052129506491844439 0.00052129506491844439 0.00052129506491844439 1 1 1 Converged Converged Converged OK OK OK 50 50 50 50 50 50 6 6 6 0 0 0 0 1 0 0 1
59 59 uniform 1 0 596 0 0.0001 0.4746507574662156 0.0053210592502150912 0.081244747010592019 1.6537570146513152 0.27536273353846608 1.6375080652491969 0 -1.6349957884194239 1.1728383446973694 OK 12 11 0.35738500000000001 0.35706900000000003 0.098759 0.25809599999999999 0.257212 0 0.099289000000000016 0.099857000000000029 0.098759 0.0067419999999999997 0.0071630000000000001 0.0067629999999999999 0.067430000000000018 0.067791000000000018 0.067261000000000015 0.00332 0.0034899999999999996 0.0033609999999999998 0.00088500000000000004 0.00085899999999999995 0.00085199999999999989 1.172838336870579 1.172838336870579 1.172838336870579 1.4167157523844378e-05 1.4167157523844378e-05 1.4167157523844378e-05 1 1 1 Converged Converged Converged OK OK OK 82 82 82 82 82 82 6 6 6 0 0 0 0 0 1 0 0
59 59 uniform 1 7 596 1 0.0001 0.4746507574662156 0.0053210592502150912 0.081244747010592019 1.6537570146513152 0.27536273353846608 1.6473987301026602 0 -1.6448864532728873 1.1687066210267467 OK 12 11 0.35496899999999998 0.219751 0.086122000000000004 0.26795600000000003 0.124961 0 0.087012999999999951 0.094789999999999999 0.086122000000000004 0.0058700000000000002 0.0062350000000000001 0.0057149999999999996 0.063503000000000004 0.070412999999999962 0.063193999999999986 0.0029470000000000004 0.0031329999999999999 0.002869 0.00067900000000000013 0.00072200000000000009 0.00070699999999999995 1.1687063290649173 1.1687063290649173 1.1687063290649173 3.4263916463153664e-05 3.4263916463153664e-05 3.4263916463153664e-05 1 1 1 Converged Converged Converged OK OK OK 74 74 74 74 74 74 6 6 6 0 0 0 0 1 0 0 1
59 59 uniform 1 15 596 2 0.0001 0.4746507574662156 0.0053210592502150912 0.081244747010592019 1.6537570146513152 0.27536273353846608 1.6587023470780469 0 -1.6561900702482739 1.1632123015755544 OK 11 10 0.33322000000000002 0.20591400000000001 0.072973999999999997 0.253942 0.124899 0 0.079278000000000015 0.081015000000000018 0.072973999999999997 0.0061139999999999996 0.0061469999999999997 0.0057229999999999998 0.052354999999999999 0.059014000000000011 0.051794000000000007 0.0024920000000000003 0.0025790000000000001 0.00248 0.00064599999999999998 0.00060500000000000007 0.00062100000000000002 1.1632131513101727 1.1632131513101727 1.1632131513101727 0.00010759711791869936 0.00010759711791869936 0.00010759711791869936 1 1 1 Converged Converged Converged OK OK OK 66 66 66 66 66 66 6 6 6 0 0 0 0 1 0 0 1
59 59 uniform 1 23 596 3 0.0001 0.4746507574662156 0.0053210592502150912 0.081244747010592019 1.6537570146513152 0.27536273353846608 1.6700059640534335 0 -1.6674936872236605 1.1567153626254856 OK 11 10 0.34234599999999998 0.21316599999999999 0.081923999999999997 0.25681300000000001 0.12292500000000001 0 0.08553299999999997 0.090240999999999988 0.081923999999999997 0.0060679999999999996 0.0060740000000000004 0.0054660000000000004 0.059980999999999993 0.066249999999999989 0.059154000000000005 0.003833 0.0030969999999999999 0.0028670000000000002 0.00075500000000000003 0.00075100000000000004 0.00071600000000000016 1.1567154763610763 1.1567154763610763 1.1567154763610763 6.7517039159186579e-05 6.7517039159186579e-05 6.7517039159186579e-05 1 1 1 Converged Converged Converged OK OK OK 74 74 74 74 74 74 6 6 6 0 0 0 0 1 0 0 1
59 59 uniform 2 0 597 0 0.001 0.4746507574662156 0.0053210592502150912 0.081244747010592019 1.5638213838494213 -0.21816937682332288 1.547572434447303 0 -1.54506015761753 1.1478557891574102 OK 12 11 0.40656199999999998 0.404754 0.097754999999999995 0.30778899999999998 0.307176 0 0.098773 0.097577999999999998 0.097754999999999995 0.0098890000000000002 0.0095449999999999997 0.0094809999999999998 0.067527999999999977 0.067319999999999991 0.067161000000000012 0.0026769999999999997 0.0026270000000000004 0.0026870000000000002 0.00064499999999999996 0.00065600000000000001 0.00065299999999999993 1.1478560583991173 1.1478560583991173 1.1478560583991173 0.0008749086643475559 0.0008749086643475559 0.0008749086643475559 1 1 1 Converged Converged Converged OK OK OK 65 65 65 65 65 65 7 7 7 0 0 0 0 0 1 0 0
59 59 uniform 2 7 597 1 0.001 0.4746507574662156 0.0053210592502150912 0.081244747010592019 1.5638213838494213 -0.21816937682332288 1.5574630993007663 0 -1.5549508224709934 1.1536431672432961 OK 13 12 0.70065999999999995 0.57579599999999997 0.129022 0.57099800000000001 0.44201299999999999 0 0.12966199999999994 0.13378299999999999 0.129022 0.011780000000000001 0.011849 0.011561999999999999 0.096680999999999989 0.10074000000000001 0.096414000000000014 0.0032259999999999997 0.0033049999999999993 0.0033220000000000003 0.00077499999999999997 0.00074099999999999991 0.0007809999999999999 1.153643301033545 1.153643301033545 1.153643301033545 0.00097635491839331335 0.00097635491839331335 0.00097635491839331335 1 1 1 Converged Converged Converged OK OK OK 73 73 73 73 73 73 7 7 7 0 0 0 0 1 0 0 1
59 59 uniform 2 15 597 2 0.001 0.4746507574662156 0.0053210592502150912 0.081244747010592019 1.5638213838494213 -0.21816937682332288 1.5687667162761529 0 -1.56625443944638 1.1574567227749084 OK 12 11 0.39459899999999998 0.26656400000000002 0.087274000000000004 0.30540299999999998 0.17277400000000001 0 0.089195999999999998 0.093790000000000012 0.087274000000000004 0.0087760000000000008 0.0089770000000000006 0.0080260000000000001 0.065380000000000021 0.070045999999999983 0.065096000000000001 0.002349 0.002287 0.0021350000000000002 0.00063100000000000005 0.00056899999999999995 0.00062800000000000009 1.1574570702630931 1.1574570702630931 1.1574570702630931 0.0010504654771755161 0.0010504654771755161 0.0010504654771755161 1 1 1 Converged Converged Converged OK OK OK 58 58 58 58 58 58 6 6 6 0 0 0 0 1 0 0 1
59 59 uniform 2 23 597 3 0.001 0.4746507574662156 0.0053210592502150912 0.081244747010592019 1.5638213838494213 -0.21816937682332288 1.5800703332515396 0 -1.5775580564217666 1.1584148141860531 OK 12 11 0.39867599999999997 0.27376600000000001 0.085961999999999997 0.310751 0.18140999999999999 0 0.087924999999999975 0.092356000000000021 0.085961999999999997 0.0085660000000000007 0.0087639999999999992 0.0079159999999999994 0.065067000000000014 0.068866999999999984 0.064074999999999993 0.0022899999999999999 0.0024190000000000001 0.0021689999999999999 0.00053499999999999999 0.00056700000000000001 0.00057100000000000011 1.1584149222463052 1.1584149222463052 1.1584149222463052 0.00070635837106846169 0.00070635837106846169 0.00070635837106846169 1 1 1 Converged Converged Converged OK OK OK 58 58 58 58 58 58 6 6 6 0 0 0 0 1 0 0 1
59 59 uniform 2 0 597 0 0.0001 0.4746507574662156 0.0053210592502150912 0.081244747010592019 1.5638213838494213 -0.21816937682332288 1.547572434447303 0 -1.54506015761753 1.1478557891574102 OK 12 11 0.448519 0.45295400000000002 0.13877999999999999 0.30924499999999999 0.31223200000000001 0 0.13927400000000001 0.14072200000000001 0.13877999999999999 0.0096810000000000004 0.010201999999999999 0.0096319999999999999 0.094929999999999987 0.095873 0.094917000000000001 0.0043910000000000008 0.0045110000000000003 0.0045579999999999996 0.001132 0.001235 0.0012430000000000002 1.1478563127295243 1.1478563127295243 1.1478563127295243 0.0001125437718235885 0.0001125437718235885 0.0001125437718235885 1 1 1 Converged Converged Converged OK OK OK 97 97 97 97 97 97 7 7 7 0 0 0 0 0 1 0 0
59 59 uniform 2 7 597 1 0.0001 0.4746507574662156 0.0053210592502150912 0.081244747010592019 1.5638213838494213 -0.21816937682332288 1.5574630993007663 0 -1.5549508224709934 1.1536431672432961 OK 13 12 0.75368999999999997 0.63465700000000003 0.182444 0.57048399999999999 0.44221199999999999 0 0.18320599999999998 0.19244500000000003 0.182444 0.012074 0.012163 0.011738999999999999 0.13577600000000004 0.14371500000000001 0.13505800000000007 0.0053629999999999997 0.006268000000000001 0.0056949999999999995 0.0014290000000000001 0.0015920000000000001 0.0015190000000000002 1.1536433869792808 1.1536433869792808 1.1536433869792808 4.2494712981792453e-06 4.2494712981792453e-06 4.2494712981792453e-06 1 1 1 Converged Converged Converged OK OK OK 113 113 113 113 113 113 7 7 7 0 0 0 0 1 0 0 1
59 59 uniform 2 15 597 2 0.0001 0.4746507574662156 0.0053210592502150912 0.081244747010592019 1.5638213838494213 -0.21816937682332288 1.5687667162761529 0 -1.56625443944638 1.1574567227749084 OK 12 11 0.43538500000000002 0.30968899999999999 0.12497900000000001 0.30726900000000001 0.172212 0 0.12811600000000001 0.13747699999999999 0.12497900000000001 0.0088489999999999992 0.0089339999999999992 0.0081410000000000007 0.093340000000000006 0.10123399999999996 0.091843000000000036 0.0044289999999999998 0.0054939999999999998 0.0042070000000000007 0.0011479999999999999 0.0014349999999999999 0.0011680000000000002 1.1574568437369279 1.1574568437369279 1.1574568437369279 6.3337001321637671e-05 6.3337001321637671e-05 6.3337001321637671e-05 1 1 1 Converged Converged Converged OK OK OK 98 98 98 98 98 98 6 6 6 0 0 0 0 1 0 0 1
59 59 uniform 2 23 597 3 0.0001 0.4746507574662156 0.0053210592502150912 0.081244747010592019 1.5638213838494213 -0.21816937682332288 1.5800703332515396 0 -1.5775580564217666 1.1584148141860531 OK 12 11 0.43341400000000002 0.30931799999999998 0.118468 0.30848999999999999 0.18157599999999999 0 0.12492400000000004 0.12774199999999999 0.118468 0.0086359999999999996 0.0089189999999999998 0.0079059999999999998 0.092387999999999984 0.094591000000000036 0.087246000000000004 0.0038900000000000002 0.004267 0.0040740000000000004 0.0010400000000000001 0.0011390000000000003 0.001021 1.1584151727347698 1.1584151727347698 1.1584151727347698 7.4963072099807387e-05 7.4963072099807387e-05 7.4963072099807387e-05 1 1 1 Converged Converged Converged OK OK OK 90 90 90 90 90 90 6 6 6 0 0 0 0 1 0 0 1
59 59 uniform 3 0 598 0 0.001 0.4746507574662156 0.0053210592502150912 0.081244747010592019 1.6233234160543821 -0.1635451605553172 1.6070744666522638 0 -1.6045621898224909 1.0957725765352857 OK 12 11 0.347831 0.34152399999999999 0.081661999999999998 0.263434 0.25862499999999999 0 0.084397 0.082899 0.081661999999999998 0.0097850000000000003 0.009613 0.0089639999999999997 0.056960000000000018 0.056743000000000009 0.056106999999999997 0.002594 0.0023369999999999997 0.0023370000000000001 0.00062100000000000002 0.00057200000000000003 0.00056700000000000001 1.09577256488313 1.09577256488313 1.09577256488313 0.00057038106242387934 0.00057038106242387934 0.00057038106242387934 1 1 1 Converged Converged Converged OK OK OK 51 51 51 51 51 51 5 5 5 0 0 0 0 0 1 0 0
59 59 uniform 3 7 598 1 0.001 0.4746507574662156 0.0053210592502150912 0.081244747010592019 1.6233234160543821 -0.1635451605553172 1.6169651315057272 0 -1.6144528546759542 1.0935599954554283 OK 12 11 0.33834999999999998 0.20451900000000001 0.069793999999999995 0.266096 0.128778 0 0.072253999999999985 0.075741000000000003 0.069793999999999995 0.0085769999999999996 0.0085570000000000004 0.0077770000000000001 0.051684000000000008 0.055632000000000001 0.050870999999999993 0.0017899999999999999 0.0017439999999999999 0.0016719999999999999 0.00045300000000000001 0.00043900000000000005 0.000417 1.0935597746826349 1.0935597746826349 1.0935597746826349 0.00085283806831667108 0.00085283806831667108 0.00085283806831667108 1 1 1 Converged Converged Converged OK OK OK 43 43 43 43 43 43 5 5 5 0 0 0 0 1 0 0 1
59 59 uniform 3 15 598 2 0.001 0.4746507574662156 0.0053210592502150912 0.081244747010592019 1.6233234160543821 -0.1635451605553172 1.6282687484811138 0 -1.6257564716513409 1.0912261356710127 OK 12 11 0.335623 0.20466000000000001 0.071870000000000003 0.26214900000000002 0.126633 0 0.073473999999999984 0.078027000000000013 0.071870000000000003 0.0084709999999999994 0.0083420000000000005 0.0079260000000000008 0.053402999999999999 0.057946999999999992 0.052763999999999998 0.0017490000000000001 0.0019210000000000002 0.0017110000000000001 0.00039199999999999999 0.00037699999999999995 0.00040299999999999998 1.0912262543311997 1.0912262543311997 1.0912262543311997 0.00070318294690973238 0.00070318294690973238 0.00070318294690973238 1 1 1 Converged Converged Converged OK OK OK 43 43 43 43 43 43 5 5 5 0 0 0 0 1 0 0 1
59 59 uniform 3 23 598 3 0.001 0.4746507574662156 0.0053210592502150912 0.081244747010592019 1.6233234160543821 -0.1635451605553172 1.6395723654565004 0 -1.6370600886267275 1.0891102491452309 OK 12 11 0.33737699999999998 0.212035 0.071346999999999994 0.264818 0.13583000000000001 0 0.072558999999999985 0.076204999999999995 0.071346999999999994 0.0084290000000000007 0.008626 0.007718 0.052425000000000006 0.056111000000000015 0.052342 0.0017690000000000002 0.0018340000000000001 0.0017279999999999999 0.00042599999999999995 0.00043300000000000001 0.000426 1.0891101677266386 1.0891101677266386 1.0891101677266386 0.00079960285708367449 0.00079960285708367449 0.00079960285708367449 1 1 1 Converged Converged Converged OK OK OK 43 43 43 43 43 43 5 5 5 0 0 0 0 1 0 0 1
59 59 uniform 3 0 598 0 0.0001 0.4746507574662156 0.0053210592502150912 0.081244747010592019 1.6233234160543821 -0.1635451605553172 1.6070744666522638 0 -1.6045621898224909 1.0957725765352857 OK 12 11 0.38947599999999999 0.38392700000000002 0.122877 0.26369100000000001 0.26071 0 0.12578499999999998 0.12321700000000002 0.122877 0.0096550000000000004 0.0095490000000000002 0.0090379999999999992 0.08644499999999998 0.085603000000000026 0.085487000000000007 0.0047449999999999992 0.0039500000000000004 0.0040049999999999999 0.0010240000000000002 0.00097999999999999997 0.00097300000000000002 1.0957725415294743 1.0957725415294743 1.0957725415294743 6.0172333077261653e-05 6.0172333077261653e-05 6.0172333077261653e-05 1 1 1 Converged Converged Converged OK OK OK 83 83 83 83 83 83 5 5 5 0 0 0 0 0 1 0 0
59 59 uniform 3 7 598 1 0.0001 0.4746507574662156 0.0053210592502150912 0.081244747010592019 1.6233234160543821 -0.1635451605553172 1.6169651315057272 0 -1.6144528546759542 1.0935599954554283 OK 12 11 0.37063200000000002 0.25039600000000001 0.106001 0.26193300000000003 0.13170699999999999 0 0.10869899999999999 0.11868900000000002 0.106001 0.0085819999999999994 0.008463 0.0079430000000000004 0.078573999999999991 0.089876000000000011 0.077722999999999973 0.0035980000000000001 0.003359 0.003398 0.00081700000000000002 0.00088800000000000001 0.00079599999999999994 1.093559979295748 1.093559979295748 1.093559979295748 0.00010365689560119771 0.00010365689560119771 0.00010365689560119771 1 1 1 Converged Converged Converged OK OK OK 75 75 75 75 75 75 5 5 5 0 0 0 0 1 0 0 1
59 59 uniform 3 15 598 2 0.0001 0.4746507574662156 0.0053210592502150912 0.081244747010592019 1.6233234160543821 -0.1635451605553172 1.6282687484811138 0 -1.6257564716513409 1.0912261356710127 OK 12 11 0.36299700000000001 0.243841 0.099611000000000005 0.26158900000000002 0.13164600000000001 0 0.101408 0.11219499999999999 0.099611000000000005 0.0084969999999999993 0.0084740000000000006 0.0078250000000000004 0.074503 0.085404000000000022 0.07399799999999998 0.0029579999999999997 0.0030659999999999997 0.002905 0.00064500000000000007 0.00067699999999999987 0.00060300000000000002 1.0912261228787583 1.0912261228787583 1.0912261228787583 9.7357678158342087e-05 9.7357678158342087e-05 9.7357678158342087e-05 1 1 1 Converged Converged Converged OK OK OK 67 67 67 67 67 67 5 5 5 0 0 0 0 1 0 0 1
59 59 uniform 3 23 598 3 0.0001 0.4746507574662156 0.0053210592502150912 0.081244747010592019 1.6233234160543821 -0.1635451605553172 1.6395723654565004 0 -1.6370600886267275 1.0891102491452309 OK 12 11 0.37954100000000002 0.25562200000000002 0.106277 0.27176299999999998 0.13708200000000001 0 0.10777800000000004 0.11854000000000001 0.106277 0.0085710000000000005 0.0084169999999999991 0.0078069999999999997 0.07856100000000002 0.089305999999999996 0.078238999999999989 0.003372 0.0034750000000000002 0.0033869999999999998 0.00077200000000000012 0.00082200000000000003 0.00081399999999999984 1.089110218214423 1.089110218214423 1.089110218214423 9.5016293977502077e-05 9.5016293977502077e-05 9.5016293977502077e-05 1 1 1 Converged Converged Converged OK OK OK 75 75 75 75 75 75 5 5 5 0 0 0 0 1 0 0 1
59 59 uniform 4 0 599 0 0.001 0.4746507574662156 0.0053210592502150912 0.081244747010592019 1.521769563008923 0.39426993317551401 1.5055206136068047 0 -1.5030083367770317 1.1393576640068042 OK 12 11 0.32289699999999999 0.31372899999999998 0.052955000000000002 0.265343 0.25993300000000003 0 0.057553999999999994 0.053795999999999955 0.052955000000000002 0.010120000000000001 0.0088830000000000003 0.0085019999999999991 0.033423000000000008 0.032438000000000002 0.031917999999999995 0.001838 0.0017569999999999999 0.0017109999999999998 0.00046799999999999999 0.00044999999999999999 0.00044100000000000004 1.1393572392665554 1.1393572392665554 1.1393572392665554 0.00068377053138648223 0.00068377053138648223 0.00068377053138648223 1 1 1 Converged Converged Converged OK OK OK 37 37 37 37 37 37 3 3 3 0 0 0 0 0 1 0 0
59 59 uniform 4 7 599 1 0.001 0.4746507574662156 0.0053210592502150912 0.081244747010592019 1.521769563008923 0.39426993317551401 1.515411278460268 0 -1.5128990016304951 1.1379827404619238 OK 12 11 0.316085 0.19583600000000001 0.046588999999999998 0.26772000000000001 0.13828299999999999 0 0.048364999999999991 0.057553000000000021 0.046588999999999998 0.0080990000000000003 0.0081589999999999996 0.0077349999999999997 0.028604999999999995 0.037905000000000008 0.027809000000000004 0.001794 0.001838 0.0017420000000000001 0.000446 0.00043200000000000004 0.00041799999999999997 1.1379822703239775 1.1379822703239775 1.1379822703239775 0.00071072823325264158 0.00071072823325264158 0.00071072823325264158 1 1 1 Converged Converged Converged OK OK OK 37 37 37 37 37 37 3 3 3 0 0 0 0 1 0 0 1
59 59 uniform 4 15 599 2 0.001 0.4746507574662156 0.0053210592502150912 0.081244747010592019 1.521769563008923 0.39426993317551401 1.5267148954356546 0 -1.5242026186058817 1.1364566533903635 OK 12 11 0.30917899999999998 0.18584400000000001 0.049274999999999999 0.25828000000000001 0.12768199999999999 0 0.050898999999999972 0.058162000000000019 0.049274999999999999 0.0080149999999999996 0.0082450000000000006 0.0076090000000000003 0.031278 0.037959999999999994 0.030689999999999995 0.001738 0.0019279999999999998 0.0017290000000000001 0.000464 0.000484 0.00043800000000000002 1.1364561228032724 1.1364561228032724 1.1364561228032724 0.00074455432232667818 0.00074455432232667818 0.00074455432232667818 1 1 1 Converged Converged Converged OK OK OK 37 37 37 37 37 37 3 3 3 0 0 0 0 1 0 0 1
59 59 uniform 4 23 599 3 0.001 0.4746507574662156 0.0053210592502150912 0.081244747010592019 1.521769563008923 0.39426993317551401 1.5380185124110413 0 -1.5355062355812683 1.1349673925089567 OK 12 11 0.31422600000000001 0.18237300000000001 0.048389000000000001 0.26428800000000002 0.12907099999999999 0 0.049937999999999982 0.053302000000000016 0.048389000000000001 0.0079850000000000008 0.0081589999999999996 0.0076049999999999998 0.030261999999999997 0.033915000000000001 0.029701999999999996 0.0017619999999999999 0.0017210000000000001 0.0017449999999999998 0.00047199999999999998 0.00044700000000000002 0.00042999999999999999 1.1349667906010057 1.1349667906010057 1.1349667906010057 0.00078133607511517546 0.00078133607511517546 0.00078133607511517546 1 1 1 Converged Converged Converged OK OK OK 37 37 37 37 37 37 3 3 3 0 0 0 0 1 0 0 1
59 59 uniform 4 0 599 0 0.0001 0.4746507574662156 0.0053210592502150912 0.081244747010592019 1.521769563008923 0.39426993317551401 1.5055206136068047 0 -1.5030083367770317 1.1393576640068042 OK 12 11 0.33933200000000002 0.33948299999999998 0.078198000000000004 0.25918400000000003 0.260264 0 0.080147999999999997 0.079218999999999984 0.078198000000000004 0.0090310000000000008 0.0090259999999999993 0.0084290000000000007 0.049120000000000004 0.048795000000000005 0.048592000000000003 0.0030789999999999997 0.0030210000000000002 0.0029570000000000004 0.00075299999999999998 0.00071100000000000004 0.00067900000000000002 1.1393576544755835 1.1393576544755835 1.1393576544755835 3.6073965989761155e-05 3.6073965989761155e-05 3.6073965989761155e-05 1 1 1 Converged Converged Converged OK OK OK 61 61 61 61 61 61 3 3 3 0 0 0 0 0 1 0 0
59 59 uniform 4 7 599 1 0.0001 0.4746507574662156 0.0053210592502150912 0.081244747010592019 1.521769563008923 0.39426993317551401 1.515411278460268 0 -1.5128990016304951 1.1379827404619238 OK 12 11 0.33909 0.22934499999999999 0.070613999999999996 0.26759300000000003 0.138179 0 0.071496999999999977 0.091165999999999997 0.070613999999999996 0.0080330000000000002 0.00826 0.0076699999999999997 0.044760000000000001 0.063528000000000001 0.044410000000000005 0.0029919999999999999 0.003104 0.0030300000000000001 0.00068199999999999999 0.000696 0.00066399999999999999 1.137982730892563 1.137982730892563 1.137982730892563 3.6262183477116292e-05 3.6262183477116292e-05 3.6262183477116292e-05 1 1 1 Converged Converged Converged OK OK OK 61 61 61 61 61 61 3 3 3 0 0 0 0 1 0 0 1
59 59 uniform 4 15 599 2 0.0001 0.4746507574662156 0.0053210592502150912 0.081244747010592019 1.521769563008923 0.39426993317551401 1.5267148954356546 0 -1.5242026186058817 1.1364566533903635 OK 12 11 0.32652100000000001 0.21023 0.073440000000000005 0.25214300000000001 0.12586 0 0.074378 0.084370000000000001 0.073440000000000005 0.0081609999999999999 0.0081189999999999995 0.007607 0.047492000000000013 0.057320999999999997 0.047434000000000004 0.0029930000000000004 0.0030500000000000002 0.0029900000000000005 0.00066600000000000003 0.000696 0.00065099999999999999 1.1364566437761121 1.1364566437761121 1.1364566437761121 3.6512021416411252e-05 3.6512021416411252e-05 3.6512021416411252e-05 1 1 1 Converged Converged Converged OK OK OK 61 61 61 61 61 61 3 3 3 0 0 0 0 1 0 0 1
59 59 uniform 4 23 599 3 0.0001 0.4746507574662156 0.0053210592502150912 0.081244747010592019 1.521769563008923 0.39426993317551401 1.5380185124110413 0 -1.5355062355812683 1.1349673925089567 OK 12 11 0.33330700000000002 0.21199999999999999 0.072024000000000005 0.26027800000000001 0.12923200000000001 0 0.073029000000000011 0.08276799999999998 0.072024000000000005 0.0081169999999999992 0.0081150000000000007 0.0076439999999999998 0.046233000000000017 0.055889999999999988 0.046097999999999979 0.0030769999999999999 0.0030829999999999998 0.0029749999999999998 0.00068300000000000001 0.00067799999999999989 0.00066099999999999991 1.1349673828421387 1.1349673828421387 1.1349673828421387 3.6786169035627926e-05 3.6786169035627926e-05 3.6786169035627926e-05 1 1 1 Converged Converged Converged OK OK OK 61 61 61 61 61 61 3 3 3 0 0 0 0 1 0 0 1
60 60 linear 0 0 600 0 0.001 2.0792043765769086 0.00030362063866458009 0.0069215477229178741 -1.5908795975668089 0.0011943965530375115 -1.5922639071113924 0.5 1.5928950048578221 3.7976747890112752 OK 16 15 0.83297200000000005 0.82730999999999999 0.35205900000000001 0.47300799999999998 0.47201199999999999 0 0.35996400000000006 0.355298 0.35205900000000001 0.013391 0.013497 0.012956000000000001 0.299398 0.293182 0.29223400000000005 0.0062870000000000009 0.0064010000000000013 0.0059020000000000001 0.001557 0.0016789999999999999 0.0016999999999999997 3.797676983759227 3.797676983759227 3.797676983759227 0.0011329464698985367 0.0011329464698985367 0.0011329464698985367 1 1 1 Converged Converged Converged OK OK OK 125 125 125 125 125 125 11 11 11 0 0 0 0 0 1 0 0
60 60 linear 0 7 600 1 0.001 2.0792043765769086 0.00030362063866458009 0.0069215477229178741 -1.5908795975668089 0.0011943965530375115 -1.5914212839103417 0.5 1.5920523816567713 3.5980210641904722 OK 16 15 0.79267799999999999 0.65073300000000001 0.30914999999999998 0.47146199999999999 0.32451000000000002 0 0.321216 0.32622299999999999 0.30914999999999998 0.012341 0.012082000000000001 0.011276 0.27899400000000002 0.28483599999999998 0.26941299999999985 0.0057230000000000007 0.0054190000000000002 0.0052959999999999995 0.0013499999999999999 0.0014369999999999999 0.0013930000000000001 3.5980625037107417 3.5980625037107417 3.5980625037107417 0.0020380731262737185 0.0020380731262737185 0.0020380731262737185 1 1 1 Converged Converged Converged OK OK OK 117 117 117 117 117 117 11 11 11 0 0 0 0 1 0 0 1
60 60 linear 0 15 600 2 0.001 2.0792043765769086 0.00030362063866458009 0.0069215477229178741 -1.5908795975668089 0.0011943965530375115 -1.5904582859662835 0.5 1.5910893837127131 3.3978081035320269 OK 16 15 0.84124900000000002 0.69793300000000003 0.24892300000000001 0.57754000000000005 0.424763 0 0.26370899999999997 0.27317000000000002 0.24892300000000001 0.012121 0.012050999999999999 0.010976 0.22287599999999999 0.23215499999999992 0.21116899999999997 0.0054299999999999999 0.0058300000000000001 0.0048050000000000002 0.0013209999999999999 0.0015450000000000001 0.0013570000000000001 3.3978361012744287 3.3978361012744287 3.3978361012744287 0.0015449011628516475 0.0015449011628516475 0.0015449011628516475 1 1 1 Converged Converged Converged OK OK OK 110 110 110 110 110 110 10 10 10 0 0 0 0 1 0 0 1
60 60 linear 0 23 600 3 0.001 2.0792043765769086 0.00030362063866458009 0.0069215477229178741 -1.5908795975668089 0.0011943965530375115 -1.5894952880222253 0.5 1.5901263857686549 3.2160911796819098 OK 16 15 0.743502 0.60382800000000003 0.25855 0.471055 0.32305200000000001 0 0.27244699999999999 0.28077600000000003 0.25855 0.012116999999999999 0.011903 0.01099 0.23081400000000007 0.24171199999999998 0.22150200000000003 0.00577 0.0049439999999999996 0.0047590000000000002 0.0014549999999999999 0.001261 0.0012189999999999998 3.216095836825001 3.216095836825001 3.216095836825001 0.0011668024358924875 0.0011668024358924875 0.0011668024358924875 1 1 1 Converged Converged Converged OK OK OK 110 110 110 110 110 110 10 10 10 0 0 0 0 1 0 0 1
60 60 linear 0 0 600 0 0.0001 2.0792043765769086 0.00030362063866458009 0.0069215477229178741 -1.5908795975668089 0.0011943965530375115 -1.5922639071113924 0.5 1.5928950048578221 3.7976747890112752 OK 16 15 0.95754799999999995 0.94643900000000003 0.47720600000000002 0.46691500000000002 0.46732899999999999 0 0.49063299999999993 0.47911000000000004 0.47720600000000002 0.013782000000000001 0.013644999999999999 0.013076000000000001 0.41239200000000026 0.40130500000000008 0.40089000000000008 0.0089029999999999995 0.0090980000000000002 0.008486999999999998 0.0022750000000000001 0.0021160000000000003 0.002261 3.7976610910899042 3.7976610910899042 3.7976610910899042 0.00029252234539949381 0.00029252234539949381 0.00029252234539949381 1 1 1 Converged Converged Converged OK OK OK 173 173 173 173 173 173 11 11 11 0 0 0 0 0 1 0 0
60 60 linear 0 7 600 1 0.0001 2.0792043765769086 0.00030362063866458009 0.0069215477229178741 -1.5908795975668089 0.0011943965530375115 -1.5914212839103417 0.5 1.5920523816567713 3.5980210641904722 OK 16 15 0.90735500000000002 0.766204 0.41905799999999999 0.47754099999999999 0.33064700000000002 0 0.42981400000000003 0.43555699999999997 0.41905799999999999 0.012671 0.012338 0.011611 0.37657899999999989 0.38346999999999998 0.36810399999999982 0.0082900000000000022 0.0081910000000000004 0.0078919999999999997 0.0020500000000000002 0.0021840000000000002 0.0021580000000000002 3.5980350798955132 3.5980350798955132 3.5980350798955132 0.00022297678050595815 0.00022297678050595815 0.00022297678050595815 1 1 1 Converged Converged Converged OK OK OK 165 165 165 165 165 165 11 11 11 0 0 0 0 1 0 0 1
60 60 linear 0 15 600 2 0.0001 2.0792043765769086 0.00030362063866458009 0.0069215477229178741 -1.5908795975668089 0.0011943965530375115 -1.5904582859662835 0.5 1.5910893837127131 3.3978081035320269 OK 16 15 0.88570599999999999 0.74573500000000004 0.288775 0.58560599999999996 0.43477399999999999 0 0.30010000000000003 0.31096100000000004 0.288775 0.012323000000000001 0.011963 0.011181999999999999 0.25390000000000024 0.26535499999999984 0.24558400000000011 0.0068850000000000005 0.0069190000000000007 0.0063409999999999994 0.0018469999999999999 0.0018010000000000001 0.0016310000000000001 3.3978219363880817 3.3978219363880817 3.3978219363880817 0.00032322752404689739 0.00032322752404689739 0.00032322752404689739 1 1 1 Converged Converged Converged OK OK OK 134 134 134 134 134 134 10 10 10 0 0 0 0 1 0 0 1
60 60 linear 0 23 600 3 0.0001 2.0792043765769086 0.00030362063866458009 0.0069215477229178741 -1.5908795975668089 0.0011943965530375115 -1.5894952880222253 0.5 1.5901263857686549 3.2160911796819098 OK 16 15 0.82793799999999995 0.69152800000000003 0.34778399999999998 0.47150900000000001 0.32508399999999998 0 0.35642899999999994 0.36644400000000005 0.34778399999999998 0.011719 0.012019999999999999 0.010971 0.30912100000000015 0.31846399999999991 0.30220999999999981 0.0070030000000000005 0.0074130000000000003 0.0067449999999999993 0.001763 0.001928 0.001758 3.2160825572179141 3.2160825572179141 3.2160825572179141 0.0001678677235560192 0.0001678677235560192 0.0001678677235560192 1 1 1 Converged Converged Converged OK OK OK 150 150 150 150 150 150 10 10 10 0 0 0 0 1 0 0 1
60 60 linear 1 0 601 0 0.001 2.0792043765769086 0.00030362063866458009 0.0069215477229178741 -1.5896031354424154 -0.0038086395878765217 -1.590987444986999 0.5 1.5916185427334286 3.199327485164484 OK 16 15 0.65347200000000005 0.64393299999999998 0.30550100000000002 0.33510600000000001 0.33093499999999998 0 0.31836600000000004 0.312998 0.30550100000000002 0.013703 0.013339 0.013101 0.25894800000000007 0.25638900000000003 0.24988199999999999 0.0066649999999999999 0.0055999999999999999 0.0054260000000000003 0.0015099999999999998 0.001436 0.001338 3.1993490919571053 3.1993490919571053 3.1993490919571053 0.0012339998315248717 0.0012339998315248717 0.0012339998315248717 1 1 1 Converged Converged Converged OK OK OK 117 117 117 117 117 117 11 11 11 0 0 0 0 0 1 0 0
60 60 linear 1 7 601 1 0.001 2.0792043765769086 0.00030362063866458009 0.0069215477229178741 -1.5896031354424154 -0.0038086395878765217 -1.5901448217859482 0.5 1.5907759195323778 3.0150343066121468 OK 16 15 0.63640699999999994 0.49446400000000001 0.26057599999999997 0.36802099999999999 0.20951900000000001 0 0.26838599999999996 0.284945 0.26057599999999997 0.011983000000000001 0.01209 0.011042 0.22770599999999991 0.24485299999999996 0.22295300000000012 0.0057079999999999995 0.0053609999999999994 0.0048450000000000003 0.0013700000000000001 0.0013290000000000003 0.0011899999999999999 3.0150420838095511 3.0150420838095511 3.0150420838095511 0.00069138088147219755 0.00069138088147219755 0.00069138088147219755 1 1 1 Converged Converged Converged OK OK OK 110 110 110 110 110 110 10 10 10 0 0 0 0 1 0 0 1
60 60 linear 1 15 601 2 0.001 2.0792043765769086 0.00030362063866458009 0.0069215477229178741 -1.5896031354424154 -0.0038086395878765217 -1.58918182384189 0.5 1.5898129215883197 2.83543985549557 OK 16 15 0.56273499999999999 0.41737999999999997 0.21835199999999999 0.33144499999999999 0.175925 0 0.23129 0.24145499999999998 0.21835199999999999 0.011977 0.011618 0.010975 0.19525499999999998 0.20683799999999999 0.18490799999999993 0.0045790000000000006 0.0040959999999999998 0.0040059999999999991 0.0011169999999999999 0.001005 0.0010189999999999999 2.83545328191583 2.83545328191583 2.83545328191583 0.0027346213458174498 0.0027346213458174498 0.0027346213458174498 1 1 1 Converged Converged Converged OK OK OK 95 95 95 95 95 95 9 9 9 0 0 0 0 1 0 0 1
60 60 linear 1 23 601 3 0.001 2.0792043765769086 0.00030362063866458009 0.0069215477229178741 -1.5896031354424154 -0.0038086395878765217 -1.5882188258978318 0.5 1.5888499236442615 2.6768463337406976 OK 16 15 0.58524699999999996 0.44494600000000001 0.217057 0.35636099999999998 0.20702300000000001 0 0.22888599999999998 0.237923 0.217057 0.011774 0.011802 0.010843 0.193301 0.20278399999999999 0.18397599999999997 0.0045039999999999993 0.0044339999999999996 0.00415 0.00097099999999999997 0.0010329999999999998 0.00098299999999999993 2.6768677384959658 2.6768677384959658 2.6768677384959658 0.0014470145445840692 0.0014470145445840692 0.0014470145445840692 1 1 1 Converged Converged Converged OK OK OK 95 95 95 95 95 95 9 9 9 0 0 0 0 1 0 0 1
60 60 linear 1 0 601 0 0.0001 2.0792043765769086 0.00030362063866458009 0.0069215477229178741 -1.5896031354424154 -0.0038086395878765217 -1.590987444986999 0.5 1.5916185427334286 3.199327485164484 OK 16 15 0.768899 0.75617999999999996 0.42045300000000002 0.33313999999999999 0.33662199999999998 0 0.43575900000000001 0.41955799999999999 0.42045300000000002 0.013809 0.013398 0.013219 0.3514029999999998 0.34128900000000001 0.34218200000000004 0.0086899999999999998 0.0085319999999999997 0.0085089999999999992 0.0022699999999999999 0.0021479999999999997 0.0021360000000000003 3.1993491966287229 3.1993491966287229 3.1993491966287229 0.00031087646213794518 0.00031087646213794518 0.00031087646213794518 1 1 1 Converged Converged Converged OK OK OK 165 165 165 165 165 165 11 11 11 0 0 0 0 0 1 0 0
60 60 linear 1 7 601 1 0.0001 2.0792043765769086 0.00030362063866458009 0.0069215477229178741 -1.5896031354424154 -0.0038086395878765217 -1.5901448217859482 0.5 1.5907759195323778 3.0150343066121468 OK 16 15 0.71769000000000005 0.57551399999999997 0.336335 0.36925000000000002 0.20738300000000001 0 0.34844000000000003 0.36813099999999999 0.336335 0.012237 0.011867000000000001 0.011172 0.29810000000000003 0.32007600000000003 0.28974700000000014 0.0079370000000000013 0.0070430000000000006 0.0069020000000000001 0.0015949999999999998 0.0015809999999999999 0.001575 3.0150419687990255 3.0150419687990255 3.0150419687990255 0.0002951789543710589 0.0002951789543710589 0.0002951789543710589 1 1 1 Converged Converged Converged OK OK OK 142 142 142 142 142 142 10 10 10 0 0 0 0 1 0 0 1
60 60 linear 1 15 601 2 0.0001 2.0792043765769086 0.00030362063866458009 0.0069215477229178741 -1.5896031354424154 -0.0038086395878765217 -1.58918182384189 0.5 1.5898129215883197 2.83543985549557 OK 16 15 0.67433699999999996 0.540327 0.32916400000000001 0.33019300000000001 0.18268999999999999 0 0.34414399999999995 0.35763699999999998 0.32916400000000001 0.011929 0.012074 0.01106 0.29401100000000013 0.30856299999999981 0.28271399999999997 0.0079930000000000001 0.0072530000000000008 0.006938999999999999 0.0017969999999999998 0.0016670000000000001 0.0016899999999999999 2.8354531057414185 2.8354531057414185 2.8354531057414185 0.00019243853418237787 0.00019243853418237787 0.00019243853418237787 1 1 1 Converged Converged Converged OK OK OK 143 143 143 143 143 143 9 9 9 0 0 0 0 1 0 0 1
60 60 linear 1 23 601 3 0.0001 2.0792043765769086 0.00030362063866458009 0.0069215477229178741 -1.5896031354424154 -0.0038086395878765217 -1.5882188258978318 0.5 1.5888499236442615 2.6768463337406976 OK 16 15 0.68712600000000001 0.55350100000000002 0.31938100000000003 0.35779 0.21010000000000001 0 0.32933600000000002 0.34340100000000001 0.31938100000000003 0.011598000000000001 0.011886000000000001 0.010766 0.28275800000000012 0.29680399999999996 0.27521099999999998 0.0069540000000000001 0.0068659999999999997 0.0063990000000000002 0.0015050000000000003 0.001539 0.0014530000000000001 2.6768672821835939 2.6768672821835939 2.6768672821835939 0.00025999348040458095 0.00025999348040458095 0.00025999348040458095 1 1 1 Converged Converged Converged OK OK OK 135 135 135 135 135 135 9 9 9 0 0 0 0 1 0 0 1
60 60 linear 2 0 602 0 0.001 2.0792043765769086 0.00030362063866458009 0.0069215477229178741 -1.5919628507447952 0.0087010281185745698 -1.5933471602893787 0.5 1.5939782580358084 2.22717974919976 OK 13 12 0.46426000000000001 0.45928799999999997 0.14945600000000001 0.308564 0.30837900000000001 0 0.155696 0.15090899999999996 0.14945600000000001 0.0098750000000000001 0.0097420000000000007 0.0093729999999999994 0.12147499999999996 0.11769399999999999 0.11704699999999996 0.003235 0.0031440000000000005 0.0031140000000000004 0.00097999999999999997 0.00082100000000000001 0.00081399999999999984 2.2271786743536404 2.2271786743536404 2.2271786743536404 0.0017700386397790314 0.0017700386397790314 0.0017700386397790314 1 1 1 Converged Converged Converged OK OK OK 73 73 73 73 73 73 7 7 7 0 0 0 0 0 1 0 0
60 60 linear 2 7 602 1 0.001 2.0792043765769086 0.00030362063866458009 0.0069215477229178741 -1.5919628507447952 0.0087010281185745698 -1.592504537088328 0.5 1.5931356348347576 2.0743880741995682 OK 13 12 0.45206600000000002 0.32150200000000001 0.13348499999999999 0.31351400000000001 0.163609 0 0.13855200000000001 0.15789300000000001 0.13348499999999999 0.0087410000000000005 0.0086820000000000005 0.0080940000000000005 0.10782700000000005 0.12706499999999998 0.10456 0.0037580000000000001 0.0045119999999999995 0.0038280000000000002 0.000843 0.000794 0.00072199999999999999 2.0744173671384885 2.0744173671384885 2.0744173671384885 0.001436917529222008 0.001436917529222008 0.001436917529222008 1 1 1 Converged Converged Converged OK OK OK 74 74 74 74 74 74 6 6 6 0 0 0 0 1 0 0 1
60 60 linear 2 15 602 2 0.001 2.0792043765769086 0.00030362063866458009 0.0069215477229178741 -1.5919628507447952 0.0087010281185745698 -1.5915415391442698 0.5 1.5921726368906994 1.8435541650799012 OK 13 12 0.437276 0.30107699999999998 0.11992700000000001 0.31593300000000002 0.165709 0 0.12134299999999998 0.13536799999999999 0.11992700000000001 0.0086770000000000007 0.0085710000000000005 0.0092530000000000008 0.095621999999999971 0.11008599999999999 0.09442200000000002 0.0030759999999999997 0.0030000000000000001 0.002941 0.00074700000000000005 0.00080800000000000002 0.00077099999999999998 1.8435463370899061 1.8435463370899061 1.8435463370899061 0.0015421651436423635 0.0015421651436423635 0.0015421651436423635 1 1 1 Converged Converged Converged OK OK OK 66 66 66 66 66 66 6 6 6 0 0 0 0 1 0 0 1
60 60 linear 2 23 602 3 0.001 2.0792043765769086 0.00030362063866458009 0.0069215477229178741 -1.5919628507447952 0.0087010281185745698 -1.5905785412002116 0.5 1.5912096389466412 1.584644968093389 OK 13 12 0.40048400000000001 0.26947300000000002 0.08047 0.31707000000000002 0.170233 0 0.083413999999999988 0.099240000000000023 0.08047 0.0084259999999999995 0.0084799999999999997 0.0080079999999999995 0.060474000000000014 0.075806999999999986 0.058472999999999997 0.0024120000000000001 0.0026869999999999997 0.0024350000000000001 0.00068199999999999999 0.00074799999999999997 0.00064900000000000005 1.5846430218323986 1.5846430218323986 1.5846430218323986 0.001446034387095821 0.001446034387095821 0.001446034387095821 1 1 1 Converged Converged Converged OK OK OK 45 45 45 45 45 45 3 3 3 0 0 0 0 1 0 0 1
60 60 linear 2 0 602 0 0.0001 2.0792043765769086 0.00030362063866458009 0.0069215477229178741 -1.5919628507447952 0.0087010281185745698 -1.5933471602893787 0.5 1.5939782580358084 2.22717974919976 OK 13 12 0.54926799999999998 0.54009499999999999 0.23047599999999999 0.311838 0.30940099999999998 0 0.23742999999999997 0.23069400000000001 0.23047599999999999 0.0095440000000000004 0.0097890000000000008 0.0094579999999999994 0.18623499999999998 0.18151100000000009 0.18107500000000004 0.006631999999999999 0.0055399999999999998 0.0057020000000000005 0.0014990000000000001 0.0014010000000000001 0.0013970000000000002 2.2271781145640319 2.2271781145640319 2.2271781145640319 0.00013608925851316239 0.00013608925851316239 0.00013608925851316239 1 1 1 Converged Converged Converged OK OK OK 113 113 113 113 113 113 7 7 7 0 0 0 0 0 1 0 0
60 60 linear 2 7 602 1 0.0001 2.0792043765769086 0.00030362063866458009 0.0069215477229178741 -1.5919628507447952 0.0087010281185745698 -1.592504537088328 0.5 1.5931356348347576 2.0743880741995682 OK 13 12 0.53078099999999995 0.41960199999999997 0.21959400000000001 0.30737399999999998 0.16125900000000001 0 0.22340699999999997 0.25834299999999999 0.21959400000000001 0.0085550000000000001 0.0088610000000000008 0.0080470000000000003 0.18111300000000011 0.21626400000000004 0.17619699999999999 0.0064510000000000001 0.0063560000000000005 0.005703999999999999 0.001421 0.0013519999999999999 0.0013629999999999998 2.0743863168808101 2.0743863168808101 2.0743863168808101 0.00013696070668690226 0.00013696070668690226 0.00013696070668690226 1 1 1 Converged Converged Converged OK OK OK 114 114 114 114 114 114 6 6 6 0 0 0 0 1 0 0 1
60 60 linear 2 15 602 2 0.0001 2.0792043765769086 0.00030362063866458009 0.0069215477229178741 -1.5919628507447952 0.0087010281185745698 -1.5915415391442698 0.5 1.5921726368906994 1.8435541650799012 OK 13 12 0.507301 0.37226399999999998 0.18379599999999999 0.31611 0.16861599999999999 0 0.191191 0.203648 0.18379599999999999 0.0086210000000000002 0.0085380000000000005 0.0079970000000000006 0.15459500000000004 0.16761800000000007 0.14879699999999996 0.0056480000000000002 0.0056249999999999998 0.0056040000000000005 0.0012390000000000001 0.0012160000000000001 0.0012700000000000001 1.8435428220340802 1.8435428220340802 1.8435428220340802 0.00018265799579888383 0.00018265799579888383 0.00018265799579888383 1 1 1 Converged Converged Converged OK OK OK 106 106 106 106 106 106 6 6 6 0 0 0 0 1 0 0 1
60 60 linear 2 23 602 3 0.0001 2.0792043765769086 0.00030362063866458009 0.0069215477229178741 -1.5919628507447952 0.0087010281185745698 -1.5905785412002116 0.5 1.5912096389466412 1.584644968093389 OK 13 12 0.462092 0.330677 0.13743900000000001 0.31968600000000003 0.16966999999999999 0 0.14240599999999998 0.16100700000000001 0.13743900000000001 0.0086169999999999997 0.0084840000000000002 0.0079279999999999993 0.10811600000000003 0.12724999999999997 0.10508600000000001 0.004816 0.0044619999999999998 0.0045869999999999999 0.0010190000000000002 0.001 0.00095999999999999992 1.5846429857472648 1.5846429857472648 1.5846429857472648 9.7058963477136335e-05 9.7058963477136335e-05 9.7058963477136335e-05 1 1 1 Converged Converged Converged OK OK OK 77 77 77 77 77 77 3 3 3 0 0 0 0 1 0 0 1
60 60 linear 3 0 603 0 0.001 2.0792043765769086 0.00030362063866458009 0.0069215477229178741 0.0097550238639234742 0.0025150333391928989 0.0083707143193398996 0.5 -0.0077396165729102595 134.09207029438031 OK 15 14 0.87437600000000004 0.86617299999999997 0.35773899999999997 0.50964299999999996 0.50320100000000001 0 0.36473300000000008 0.36297199999999996 0.35773899999999997 0.016386000000000001 0.016611999999999998 0.016017 0.28968400000000011 0.28743799999999997 0.28256500000000001 0.0077570000000000009 0.0079889999999999996 0.0082990000000000008 0.0016300000000000002 0.0016379999999999997 0.0016209999999999996 134.09190142446326 134.09190142446326 134.09190142446326 0.013492423763589301 0.013492423763589301 0.013492423763589301 1 1 1 Converged Converged Converged OK OK OK 143 143 143 143 143 143 9 9 9 0 0 0 0 0 1 0 0
60 60 linear 3 7 603 1 0.001 2.0792043765769086 0.00030362063866458009 0.0069215477229178741 0.0097550238639234742 0.0025150333391928989 0.0092133375203907707 0.5 -0.0085822397739611297 119.1865102183317 OK 15 14 0.822542 0.781273 0.30830200000000002 0.51081799999999999 0.34950900000000001 0 0.311724 0.43176399999999998 0.30830200000000002 0.015433000000000001 0.015577000000000001 0.014449999999999999 0.25880400000000003 0.37667599999999979 0.25667299999999998 0.0065710000000000013 0.0077740000000000005 0.0066709999999999998 0.00139 0.0015210000000000002 0.0013930000000000001 119.18618054967823 119.18618054967823 119.18618054967823 0.072219762455026287 0.072219762455026287 0.072219762455026287 1 1 1 Converged Converged Converged OK OK OK 127 127 127 127 127 127 9 9 9 0 0 0 0 1 0 0 1
60 60 linear 3 15 603 2 0.001 2.0792043765769086 0.00030362063866458009 0.0069215477229178741 0.0097550238639234742 0.0025150333391928989 0.01017633546444891 0.5 -0.0095452377180192689 106.11884678095785 OK 15 14 0.85595500000000002 0.79373300000000002 0.29685499999999998 0.54224899999999998 0.38751000000000002 0 0.31370600000000004 0.406223 0.29685499999999998 0.015779999999999999 0.015472 0.014541 0.25799299999999997 0.35208999999999996 0.24579899999999999 0.0080260000000000001 0.0073989999999999993 0.0064400000000000004 0.0015660000000000001 0.0015840000000000001 0.0014109999999999999 106.11868214491545 106.11868214491545 106.11868214491545 0.045509775580756681 0.045509775580756681 0.045509775580756681 1 1 1 Converged Converged Converged OK OK OK 127 127 127 127 127 127 9 9 9 0 0 0 0 1 0 0 1
60 60 linear 3 23 603 3 0.001 2.0792043765769086 0.00030362063866458009 0.0069215477229178741 0.0097550238639234742 0.0025150333391928989 0.011139333408507049 0.5 -0.010508235662077408 95.807118186371596 OK 15 14 0.89947299999999997 0.81859300000000002 0.29520400000000002 0.59014699999999998 0.43543500000000002 0 0.30932599999999999 0.383158 0.29520400000000002 0.015204000000000001 0.015438 0.01418 0.25562599999999996 0.32996100000000039 0.24479200000000004 0.0073509999999999999 0.0069940000000000002 0.0064339999999999996 0.0014729999999999999 0.0014400000000000001 0.001444 95.807017765044179 95.807017765044179 95.807017765044179 0.030885896153386782 0.030885896153386782 0.030885896153386782 1 1 1 Converged Converged Converged OK OK OK 127 127 127 127 127 127 9 9 9 0 0 0 0 1 0 0 1
60 60 linear 3 0 603 0 0.0001 2.0792043765769086 0.00030362063866458009 0.0069215477229178741 0.0097550238639234742 0.0025150333391928989 0.0083707143193398996 0.5 -0.0077396165729102595 134.09207029438031 OK 15 14 0.94637499999999997 0.93672999999999995 0.44438299999999997 0.50755700000000004 0.50223600000000002 0 0.43881799999999993 0.43449399999999994 0.44438299999999997 0.016747000000000001 0.016483000000000001 0.017321 0.34851700000000013 0.34436500000000031 0.3523 0.011878 0.011467 0.011568 0.0017669999999999999 0.001859 0.0019250000000000001 134.0919045267556 134.0919045267556 134.0919045267556 0.010161997255509708 0.010161997255509708 0.010161997255509708 1 1 1 Converged Converged Converged OK OK OK 175 175 175 175 175 175 9 9 9 0 0 0 0 0 1 0 0
60 60 linear 3 7 603 1 0.0001 2.0792043765769086 0.00030362063866458009 0.0069215477229178741 0.0097550238639234742 0.0025150333391928989 0.0092133375203907707 0.5 -0.0085822397739611297 119.1865102183317 OK 15 14 0.88314599999999999 0.88040399999999996 0.37374299999999999 0.509104 0.34895199999999998 0 0.37404199999999999 0.53145200000000004 0.37374299999999999 0.015473000000000001 0.015679999999999999 0.015809 0.30962500000000009 0.46663200000000005 0.30912600000000018 0.0095149999999999992 0.0091969999999999986 0.009134999999999999 0.0017390000000000001 0.001779 0.0017979999999999999 119.18640804808472 119.18640804808472 119.18640804808472 0.0083275501193724073 0.0083275501193724073 0.0083275501193724073 1 1 1 Converged Converged Converged OK OK OK 159 159 159 159 159 159 9 9 9 0 0 0 0 1 0 0 1
60 60 linear 3 15 603 2 0.0001 2.0792043765769086 0.00030362063866458009 0.0069215477229178741 0.0097550238639234742 0.0025150333391928989 0.01017633546444891 0.5 -0.0095452377180192689 106.11884678095785 OK 15 14 0.91720500000000005 0.88573400000000002 0.36146099999999998 0.54165700000000006 0.382156 0 0.37554799999999999 0.50357800000000008 0.36146099999999998 0.015768999999999998 0.015572000000000001 0.01455 0.30962099999999987 0.4379430000000003 0.30041499999999988 0.0098010000000000007 0.0095879999999999993 0.0083960000000000007 0.001823 0.0019169999999999999 0.0017569999999999999 106.11877929875548 106.11877929875548 106.11877929875548 0.0073308898004071834 0.0073308898004071834 0.0073308898004071834 1 1 1 Converged Converged Converged OK OK OK 159 159 159 159 159 159 9 9 9 0 0 0 0 1 0 0 1
60 60 linear 3 23 603 3 0.0001 2.0792043765769086 0.00030362063866458009 0.0069215477229178741 0.0097550238639234742 0.0025150333391928989 0.011139333408507049 0.5 -0.010508235662077408 95.807118186371596 OK 15 14 0.95671099999999998 0.90482700000000005 0.35663099999999998 0.59272499999999995 0.42970000000000003 0 0.36398600000000003 0.47512700000000002 0.35663099999999998 0.015264 0.015369000000000001 0.014146000000000001 0.300174 0.41144400000000009 0.29607999999999995 0.0093989999999999994 0.0094190000000000003 0.0084019999999999997 0.001748 0.0017749999999999999 0.0017430000000000002 95.807067038644632 95.807067038644632 95.807067038644632 0.0070684941040489897 0.0070684941040489897 0.0070684941040489897 1 1 1 Converged Converged Converged OK OK OK 159 159 159 159 159 159 9 9 9 0 0 0 0 1 0 0 1
60 60 linear 4 0 604 0 0.001 2.0792043765769086 0.00030362063866458009 0.0069215477229178741 -0.00051401493838881254 0.013800962590345635 -0.0018983244829723874 0.5 0.0025294222294020277 73.448572078659694 OK 13 12 0.71583799999999997 0.70918800000000004 0.122904 0.58832099999999998 0.58555500000000005 0 0.12751699999999999 0.12363299999999999 0.122904 0.011004 0.010691000000000001 0.010463999999999999 0.096491999999999967 0.093228999999999965 0.092840000000000006 0.0027340000000000003 0.0026719999999999999 0.0029420000000000002 0.00071699999999999997 0.00074899999999999999 0.000745 73.448531075691989 73.448531075691989 73.448531075691989 0.010245715577753859 0.010245715577753859 0.010245715577753859 1 1 1 Converged Converged Converged OK OK OK 59 59 59 59 59 59 5 5 5 0 0 0 0 0 1 0 0
60 60 linear 4 7 604 1 0.001 2.0792043765769086 0.00030362063866458009 0.0069215477229178741 -0.00051401493838881254 0.013800962590345635 -0.0010557012819215157 0.5 0.0016867990283511562 74.169848220232538 OK 13 12 0.67386299999999999 0.64349299999999998 0.118322 0.55157100000000003 0.38389200000000001 0 0.12229199999999996 0.25960099999999997 0.118322 0.0097800000000000005 0.0098289999999999992 0.0091509999999999994 0.096199000000000034 0.23347699999999996 0.093197000000000058 0.002751 0.0028140000000000005 0.002856 0.0007490000000000001 0.00069399999999999996 0.00076999999999999996 74.169806663072976 74.169806663072976 74.169806663072976 0.020108457014422609 0.020108457014422609 0.020108457014422609 1 1 1 Converged Converged Converged OK OK OK 59 59 59 59 59 59 5 5 5 0 0 0 0 1 0 0 1
60 60 linear 4 15 604 2 0.001 2.0792043765769086 0.00030362063866458009 0.0069215477229178741 -0.00051401493838881254 0.013800962590345635 -9.2703337863376677e-05 0.5 0.00072380108429301706 74.656039251874148 OK 13 12 0.73517200000000005 0.71626900000000004 0.117558 0.61227200000000004 0.45588000000000001 0 0.12290000000000001 0.26038900000000004 0.117558 0.0097800000000000005 0.0097330000000000003 0.0090010000000000003 0.09720100000000001 0.23520899999999997 0.093966000000000008 0.0029180000000000005 0.0027559999999999998 0.002464 0.00070200000000000004 0.000678 0.00062699999999999995 74.655973410398772 74.655973410398772 74.655973410398772 0.0446112119123383 0.0446112119123383 0.0446112119123383 1 1 1 Converged Converged Converged OK OK OK 59 59 59 59 59 59 5 5 5 0 0 0 0 1 0 0 1
60 60 linear 4 23 604 3 0.001 2.0792043765769086 0.00030362063866458009 0.0069215477229178741 -0.00051401493838881254 0.013800962590345635 0.00087029460619476233 0.5 -0.00023919685976512195 74.760261802676553 OK 12 11 0.69290600000000002 0.65658799999999995 0.108152 0.58000300000000005 0.42136499999999999 0 0.11290299999999998 0.23522299999999996 0.108152 0.0098259999999999997 0.0099389999999999999 0.0092639999999999997 0.090206000000000008 0.212808 0.086931999999999982 0.0021350000000000002 0.0020660000000000001 0.0020349999999999999 0.00053399999999999997 0.00051699999999999999 0.00051099999999999995 74.760180733066676 74.760180733066676 74.760180733066676 0.062785587040200819 0.062785587040200819 0.062785587040200819 1 1 1 Converged Converged Converged OK OK OK 51 51 51 51 51 51 5 5 5 0 0 0 0 1 0 0 1
60 60 linear 4 0 604 0 0.0001 2.0792043765769086 0.00030362063866458009 0.0069215477229178741 -0.00051401493838881254 0.013800962590345635 -0.0018983244829723874 0.5 0.0025294222294020277 73.448572078659694 OK 13 12 0.72912100000000002 0.72417500000000001 0.138262 0.58556299999999994 0.58587699999999998 0 0.14355800000000007 0.13829800000000003 0.138262 0.010691000000000001 0.010547000000000001 0.010315 0.10935999999999998 0.10580999999999996 0.10574899999999994 0.0033890000000000001 0.0031019999999999997 0.0032369999999999999 0.00097099999999999986 0.00089800000000000004 0.00091699999999999995 73.448531006433271 73.448531006433271 73.448531006433271 0.0060921528829871651 0.0060921528829871651 0.0060921528829871651 1 1 1 Converged Converged Converged OK OK OK 67 67 67 67 67 67 5 5 5 0 0 0 0 0 1 0 0
60 60 linear 4 7 604 1 0.0001 2.0792043765769086 0.00030362063866458009 0.0069215477229178741 -0.00051401493838881254 0.013800962590345635 -0.0010557012819215157 0.5 0.0016867990283511562 74.169848220232538 OK 13 12 0.68829300000000004 0.68000099999999997 0.13300200000000001 0.55000899999999997 0.38230700000000001 0 0.13828400000000007 0.29769399999999996 0.13300200000000001 0.0096860000000000002 0.0098510000000000004 0.0091710000000000003 0.11046899999999996 0.269598 0.10619399999999997 0.0031580000000000002 0.0033079999999999997 0.0031540000000000001 0.00080600000000000008 0.00086000000000000009 0.00082100000000000012 74.169805992524942 74.169805992524942 74.169805992524942 0.0030103564057427819 0.0030103564057427819 0.0030103564057427819 1 1 1 Converged Converged Converged OK OK OK 67 67 67 67 67 67 5 5 5 0 0 0 0 1 0 0 1
60 60 linear 4 15 604 2 0.0001 2.0792043765769086 0.00030362063866458009 0.0069215477229178741 -0.00051401493838881254 0.013800962590345635 -9.2703337863376677e-05 0.5 0.00072380108429301706 74.656039251874148 OK 13 12 0.75361599999999995 0.75308900000000001 0.12926399999999999 0.61794099999999996 0.45549299999999998 0 0.13567499999999999 0.29759600000000003 0.12926399999999999 0.0098480000000000009 0.0097710000000000002 0.0090650000000000001 0.10664099999999994 0.26959999999999995 0.10290799999999997 0.0037529999999999998 0.0032030000000000001 0.003091 0.00087000000000000001 0.00079300000000000009 0.00076800000000000002 74.655996080001231 74.655996080001231 74.655996080001231 0.001370675970839292 0.001370675970839292 0.001370675970839292 1 1 1 Converged Converged Converged OK OK OK 67 67 67 67 67 67 5 5 5 0 0 0 0 1 0 0 1
60 60 linear 4 23 604 3 0.0001 2.0792043765769086 0.00030362063866458009 0.0069215477229178741 -0.00051401493838881254 0.013800962590345635 0.00087029460619476233 0.5 -0.00023919685976512195 74.760261802676553 OK 12 11 0.71807600000000005 0.72373699999999996 0.13039300000000001 0.58160699999999999 0.41137899999999999 0 0.13646900000000006 0.31235799999999997 0.13039300000000001 0.01014 0.0099590000000000008 0.0092919999999999999 0.10755899999999996 0.28399499999999989 0.10383099999999999 0.0035840000000000004 0.0034870000000000001 0.0030819999999999997 0.00079700000000000007 0.00076400000000000003 0.00073400000000000006 74.760218612797928 74.760218612797928 74.760218612797928 0.0011859876363459333 0.0011859876363459333 0.0011859876363459333 1 1 1 Converged Converged Converged OK OK OK 67 67 67 67 67 67 5 5 5 0 0 0 0 1 0 0 1
60 60 uniform 0 0 605 0 0.001 2.0792043765769086 0.00030362063866458009 0.0069215477229178741 -1.5908795975668089 0.0011943965530375115 -1.5922639071113924 0 1.5928950048578221 3.7067796680761322 OK 16 15 0.71797 0.71264099999999997 0.24293899999999999 0.47475899999999999 0.464951 0 0.24321100000000001 0.24768999999999997 0.24293899999999999 0.013644999999999999 0.013514999999999999 0.012696000000000001 0.18271499999999988 0.18752899999999989 0.184864 0.0056160000000000003 0.0059719999999999999 0.0051460000000000004 0.001583 0.0015 0.0014369999999999999 3.7068066380001365 3.7068066380001365 3.7068066380001365 0.0015613227706819742 0.0015613227706819742 0.0015613227706819742 1 1 1 Converged Converged Converged OK OK OK 125 125 125 125 125 125 11 11 11 0 0 0 0 0 1 0 0
60 60 uniform 0 7 605 1 0.001 2.0792043765769086 0.00030362063866458009 0.0069215477229178741 -1.5908795975668089 0.0011943965530375115 -1.5914212839103417 0 1.5920523816567713 3.5060464664485456 OK 16 15 0.68123500000000003 0.55204399999999998 0.20808399999999999 0.47151100000000001 0.32347399999999998 0 0.20972400000000002 0.22857 0.20808399999999999 0.011866 0.012021 0.011235999999999999 0.1702499999999999 0.18849699999999997 0.16979099999999989 0.0044600000000000004 0.0046730000000000001 0.0043990000000000001 0.0011740000000000001 0.0013079999999999999 0.0012280000000000001 3.5060927411585889 3.5060927411585889 3.5060927411585889 0.0027494482427479574 0.0027494482427479574 0.0027494482427479574 1 1 1 Converged Converged Converged OK OK OK 117 117 117 117 117 117 11 11 11 0 0 0 0 1 0 0 1
60 60 uniform 0 15 605 2 0.001 2.0792043765769086 0.00030362063866458009 0.0069215477229178741 -1.5908795975668089 0.0011943965530375115 -1.5904582859662835 0 1.5910893837127131 3.3101226172254714 OK 16 15 0.75526599999999999 0.63366900000000004 0.182782 0.57137700000000002 0.43017 0 0.18388899999999997 0.20349900000000004 0.182782 0.011705 0.011897 0.011103999999999999 0.14637199999999992 0.16487499999999999 0.14607299999999995 0.0041869999999999997 0.0044850000000000003 0.0042010000000000007 0.001132 0.001173 0.0011819999999999999 3.3101471606576602 3.3101471606576602 3.3101471606576602 0.0018648221313617146 0.0018648221313617146 0.0018648221313617146 1 1 1 Converged Converged Converged OK OK OK 110 110 110 110 110 110 10 10 10 0 0 0 0 1 0 0 1
60 60 uniform 0 23 605 3 0.001 2.0792043765769086 0.00030362063866458009 0.0069215477229178741 -1.5908795975668089 0.0011943965530375115 -1.5894952880222253 0 1.5901263857686549 3.1354670790756733 OK 16 15 0.66754199999999997 0.53517999999999999 0.19428599999999999 0.46899800000000003 0.31969199999999998 0 0.19854399999999994 0.21548800000000001 0.19428599999999999 0.011880999999999999 0.011939999999999999 0.010782999999999999 0.16005499999999989 0.17711299999999999 0.15806800000000001 0.004594 0.004607 0.0041530000000000004 0.00117 0.001206 0.001122 3.135489294359799 3.135489294359799 3.135489294359799 0.0015286096513885026 0.0015286096513885026 0.0015286096513885026 1 1 1 Converged Converged Converged OK OK OK 110 110 110 110 110 110 10 10 10 0 0 0 0 1 0 0 1
60 60 uniform 0 0 605 0 0.0001 2.0792043765769086 0.00030362063866458009 0.0069215477229178741 -1.5908795975668089 0.0011943965530375115 -1.5922639071113924 0 1.5928950048578221 3.7067796680761322 OK 16 15 0.79149099999999994 0.78659999999999997 0.318604 0.472273 0.46794200000000002 0 0.31921799999999995 0.31865799999999994 0.318604 0.01324 0.013209 0.012862 0.24414699999999998 0.24390900000000001 0.24371299999999993 0.0076759999999999997 0.0076400000000000001 0.0081060000000000004 0.0020569999999999998 0.0020930000000000002 0.0021940000000000002 3.7067803131775556 3.7067803131775556 3.7067803131775556 0.00018639007589992028 0.00018639007589992028 0.00018639007589992028 1 1 1 Converged Converged Converged OK OK OK 173 173 173 173 173 173 11 11 11 0 0 0 0 0 1 0 0
60 60 uniform 0 7 605 1 0.0001 2.0792043765769086 0.00030362063866458009 0.0069215477229178741 -1.5908795975668089 0.0011943965530375115 -1.5914212839103417 0 1.5920523816567713 3.5060464664485456 OK 16 15 0.75268900000000005 0.62165899999999996 0.28153400000000001 0.468165 0.31936500000000001 0 0.28452400000000005 0.30229399999999995 0.28153400000000001 0.012104 0.011969 0.011223 0.23460499999999987 0.2525110000000001 0.23333099999999996 0.0069640000000000006 0.0067239999999999991 0.0067849999999999985 0.0018919999999999998 0.0019989999999999999 0.0019530000000000003 3.5060473585596212 3.5060473585596212 3.5060473585596212 0.00014955735584145063 0.00014955735584145063 0.00014955735584145063 1 1 1 Converged Converged Converged OK OK OK 165 165 165 165 165 165 11 11 11 0 0 0 0 1 0 0 1
60 60 uniform 0 15 605 2 0.0001 2.0792043765769086 0.00030362063866458009 0.0069215477229178741 -1.5908795975668089 0.0011943965530375115 -1.5904582859662835 0 1.5910893837127131 3.3101226172254714 OK 16 15 0.81291899999999995 0.68944000000000005 0.235017 0.56926200000000005 0.43093599999999999 0 0.2436569999999999 0.25850400000000007 0.235017 0.011682 0.012149 0.011150999999999999 0.19651100000000002 0.20984899999999998 0.189914 0.0066110000000000006 0.0075940000000000001 0.0064289999999999998 0.0017459999999999999 0.0018159999999999997 0.0016910000000000004 3.3101231345541731 3.3101231345541731 3.3101231345541731 9.4703415821512034e-05 9.4703415821512034e-05 9.4703415821512034e-05 1 1 1 Converged Converged Converged OK OK OK 150 150 150 150 150 150 10 10 10 0 0 0 0 1 0 0 1
60 60 uniform 0 23 605 3 0.0001 2.0792043765769086 0.00030362063866458009 0.0069215477229178741 -1.5908795975668089 0.0011943965530375115 -1.5894952880222253 0 1.5901263857686549 3.1354670790756733 OK 16 15 0.70614900000000003 0.58644499999999999 0.236262 0.466999 0.32866600000000001 0 0.23915000000000003 0.25777899999999998 0.236262 0.011762999999999999 0.011827000000000001 0.010914999999999999 0.19453399999999998 0.21261999999999998 0.19338100000000008 0.0058530000000000006 0.0063089999999999995 0.0059049999999999997 0.0014889999999999999 0.0014790000000000001 0.0014319999999999999 3.1354675374751904 3.1354675374751904 3.1354675374751904 0.00018127052983346552 0.00018127052983346552 0.00018127052983346552 1 1 1 Converged Converged Converged OK OK OK 142 142 142 142 142 142 10 10 10 0 0 0 0 1 0 0 1
60 60 uniform 1 0 606 0 0.001 2.0792043765769086 0.00030362063866458009 0.0069215477229178741 -1.5896031354424154 -0.0038086395878765217 -1.590987444986999 0 1.5916185427334286 3.213013294793396 OK 16 15 0.56499200000000005 0.564106 0.22441700000000001 0.33136300000000002 0.33213999999999999 0 0.23362900000000003 0.23196600000000001 0.22441700000000001 0.013571 0.013564 0.012645999999999999 0.17146600000000001 0.17552399999999993 0.17005900000000002 0.0051800000000000006 0.0051160000000000008 0.0047029999999999997 0.0012930000000000003 0.0013090000000000001 0.0012359999999999999 3.2130131979696888 3.2130131979696888 3.2130131979696888 0.001381031024935618 0.001381031024935618 0.001381031024935618 1 1 1 Converged Converged Converged OK OK OK 117 117 117 117 117 117 11 11 11 0 0 0 0 0 1 0 0
60 60 uniform 1 7 606 1 0.001 2.0792043765769086 0.00030362063866458009 0.0069215477229178741 -1.5896031354424154 -0.0038086395878765217 -1.5901448217859482 0 1.5907759195323778 3.0262777526657541 OK 16 15 0.548149 0.42037799999999997 0.187532 0.35811799999999999 0.20894499999999999 0 0.19003100000000001 0.21143299999999998 0.187532 0.011793 0.011927 0.011284000000000001 0.151065 0.17340399999999997 0.15021299999999993 0.0046570000000000005 0.0045110000000000003 0.0044029999999999998 0.0012549999999999998 0.001214 0.0012160000000000001 3.0262785274741075 3.0262785274741075 3.0262785274741075 0.00056099470082906708 0.00056099470082906708 0.00056099470082906708 1 1 1 Converged Converged Converged OK OK OK 110 110 110 110 110 110 10 10 10 0 0 0 0 1 0 0 1
60 60 uniform 1 15 606 2 0.001 2.0792043765769086 0.00030362063866458009 0.0069215477229178741 -1.5896031354424154 -0.0038086395878765217 -1.58918182384189 0 1.5898129215883197 2.8467929751524701 OK 16 15 0.49652099999999999 0.37020399999999998 0.16166 0.33308199999999999 0.18786800000000001 0 0.163439 0.18233599999999997 0.16166 0.011577 0.011908 0.010887000000000001 0.12973399999999996 0.14785299999999993 0.12916800000000009 0.003686 0.0038249999999999998 0.0037609999999999996 0.0010220000000000001 0.0010430000000000001 0.00097999999999999997 2.8467938351349149 2.8467938351349149 2.8467938351349149 0.00249521878770472 0.00249521878770472 0.00249521878770472 1 1 1 Converged Converged Converged OK OK OK 95 95 95 95 95 95 9 9 9 0 0 0 0 1 0 0 1
60 60 uniform 1 23 606 3 0.001 2.0792043765769086 0.00030362063866458009 0.0069215477229178741 -1.5896031354424154 -0.0038086395878765217 -1.5882188258978318 0 1.5888499236442615 2.6886409187721076 OK 16 15 0.52507300000000001 0.395262 0.165741 0.35566399999999998 0.21014099999999999 0 0.16940900000000003 0.18512100000000001 0.165741 0.011731 0.011478 0.010831 0.13454600000000003 0.15147900000000006 0.13324800000000001 0.0040989999999999993 0.0038980000000000004 0.0037060000000000001 0.001024 0.00097499999999999996 0.00096100000000000005 2.6886419183363235 2.6886419183363235 2.6886419183363235 0.0012864588129470065 0.0012864588129470065 0.0012864588129470065 1 1 1 Converged Converged Converged OK OK OK 95 95 95 95 95 95 9 9 9 0 0 0 0 1 0 0 1
60 60 uniform 1 0 606 0 0.0001 2.0792043765769086 0.00030362063866458009 0.0069215477229178741 -1.5896031354424154 -0.0038086395878765217 -1.590987444986999 0 1.5916185427334286 3.213013294793396 OK 16 15 0.615981 0.62516000000000005 0.28311799999999998 0.32958999999999999 0.33361200000000002 0 0.28639100000000001 0.29154800000000003 0.28311799999999998 0.013074000000000001 0.013531 0.012789999999999999 0.21173300000000012 0.212059 0.21026700000000001 0.0079240000000000005 0.0074589999999999995 0.007261000000000001 0.0021190000000000002 0.002068 0.0020369999999999997 3.2130133889752126 3.2130133889752126 3.2130133889752126 0.00026002247512321632 0.00026002247512321632 0.00026002247512321632 1 1 1 Converged Converged Converged OK OK OK 157 157 157 157 157 157 11 11 11 0 0 0 0 0 1 0 0
60 60 uniform 1 7 606 1 0.0001 2.0792043765769086 0.00030362063866458009 0.0069215477229178741 -1.5896031354424154 -0.0038086395878765217 -1.5901448217859482 0 1.5907759195323778 3.0262777526657541 OK 16 15 0.59532399999999996 0.47093000000000002 0.22784699999999999 0.36616900000000002 0.20830499999999999 0 0.22915499999999994 0.262625 0.22784699999999999 0.011875 0.01223 0.011249 0.18220799999999998 0.21506200000000011 0.181893 0.0061710000000000003 0.0063680000000000004 0.0062570000000000004 0.001547 0.0015969999999999999 0.00156 3.0262783370063908 3.0262783370063908 3.0262783370063908 0.00026294975491216051 0.00026294975491216051 0.00026294975491216051 1 1 1 Converged Converged Converged OK OK OK 142 142 142 142 142 142 10 10 10 0 0 0 0 1 0 0 1
60 60 uniform 1 15 606 2 0.0001 2.0792043765769086 0.00030362063866458009 0.0069215477229178741 -1.5896031354424154 -0.0038086395878765217 -1.58918182384189 0 1.5898129215883197 2.8467929751524701 OK 16 15 0.54979999999999996 0.416211 0.213588 0.326936 0.177569 0 0.22286399999999995 0.23864199999999999 0.213588 0.011778 0.011932 0.011024000000000001 0.1766909999999999 0.19321399999999991 0.16956899999999994 0.0064609999999999997 0.0059669999999999992 0.0060479999999999996 0.0015119999999999999 0.0015100000000000001 0.001503 2.8467935880762134 2.8467935880762134 2.8467935880762134 0.00013144101552320492 0.00013144101552320492 0.00013144101552320492 1 1 1 Converged Converged Converged OK OK OK 135 135 135 135 135 135 9 9 9 0 0 0 0 1 0 0 1
60 60 uniform 1 23 606 3 0.0001 2.0792043765769086 0.00030362063866458009 0.0069215477229178741 -1.5896031354424154 -0.0038086395878765217 -1.5882188258978318 0 1.5888499236442615 2.6886409187721076 OK 16 15 0.58847300000000002 0.45725500000000002 0.219135 0.35867900000000003 0.211894 0 0.229794 0.24536100000000002 0.219135 0.012030000000000001 0.011731 0.010864 0.18314000000000014 0.20040400000000005 0.17570800000000003 0.0065949999999999993 0.0061720000000000004 0.0059499999999999996 0.0015889999999999999 0.001456 0.001436 2.6886412709712593 2.6886412709712593 2.6886412709712593 0.00017997849509404312 0.00017997849509404312 0.00017997849509404312 1 1 1 Converged Converged Converged OK OK OK 135 135 135 135 135 135 9 9 9 0 0 0 0 1 0 0 1
60 60 uniform 2 0 607 0 0.001 2.0792043765769086 0.00030362063866458009 0.0069215477229178741 -1.5919628507447952 0.0087010281185745698 -1.5933471602893787 0 1.5939782580358084 2.2702825193992173 OK 13 12 0.42191099999999998 0.42775200000000002 0.11461399999999999 0.30761100000000002 0.312222 0 0.11429999999999996 0.11553000000000002 0.11461399999999999 0.0093980000000000001 0.0097070000000000004 0.0094310000000000001 0.081945000000000018 0.082242000000000037 0.08314999999999996 0.0027879999999999997 0.0032280000000000004 0.0026820000000000004 0.00081299999999999992 0.00090700000000000004 0.00077799999999999994 2.2702809778264594 2.2702809778264594 2.2702809778264594 0.0010083104557465409 0.0010083104557465409 0.0010083104557465409 1 1 1 Converged Converged Converged OK OK OK 73 73 73 73 73 73 7 7 7 0 0 0 0 0 1 0 0
60 60 uniform 2 7 607 1 0.001 2.0792043765769086 0.00030362063866458009 0.0069215477229178741 -1.5919628507447952 0.0087010281185745698 -1.592504537088328 0 1.5931356348347576 2.1382266008516626 OK 13 12 0.40262500000000001 0.27521299999999999 0.093266000000000002 0.30259000000000003 0.16025 0 0.10003499999999999 0.11496299999999998 0.093266000000000002 0.0085380000000000005 0.01119 0.0080949999999999998 0.074624999999999997 0.08718399999999997 0.069578000000000001 0.0027849999999999997 0.002849 0.002539 0.00079100000000000004 0.00083699999999999996 0.00075300000000000009 2.1382261385846104 2.1382261385846104 2.1382261385846104 0.0011363630033847307 0.0011363630033847307 0.0011363630033847307 1 1 1 Converged Converged Converged OK OK OK 66 66 66 66 66 66 6 6 6 0 0 0 0 1 0 0 1
60 60 uniform 2 15 607 2 0.001 2.0792043765769086 0.00030362063866458009 0.0069215477229178741 -1.5919628507447952 0.0087010281185745698 -1.5915415391442698 0 1.5921726368906994 1.9139475010157376 OK 13 12 0.41618100000000002 0.283773 0.099571999999999994 0.31162200000000001 0.16379299999999999 0 0.10455900000000001 0.11998 0.099571999999999994 0.0085719999999999998 0.0086630000000000006 0.0079430000000000004 0.079968999999999985 0.094573999999999991 0.076262999999999997 0.002614 0.0029940000000000001 0.0025639999999999999 0.00069199999999999991 0.00070700000000000005 0.00075500000000000003 1.9139518078301989 1.9139518078301989 1.9139518078301989 0.001236670009955554 0.001236670009955554 0.001236670009955554 1 1 1 Converged Converged Converged OK OK OK 66 66 66 66 66 66 6 6 6 0 0 0 0 1 0 0 1
60 60 uniform 2 23 607 3 0.001 2.0792043765769086 0.00030362063866458009 0.0069215477229178741 -1.5919628507447952 0.0087010281185745698 -1.5905785412002116 0 1.5912096389466412 1.5992680236045669 OK 13 12 0.38933200000000001 0.26616899999999999 0.070386000000000004 0.31714399999999998 0.17594499999999999 0 0.07218800000000003 0.090223999999999999 0.070386000000000004 0.008456 0.0086070000000000001 0.0080029999999999997 0.048964999999999995 0.067081000000000002 0.048633000000000003 0.0024660000000000003 0.0024129999999999998 0.0023470000000000001 0.000727 0.00064499999999999996 0.00070700000000000005 1.5992677559700328 1.5992677559700328 1.5992677559700328 0.00083245385874386273 0.00083245385874386273 0.00083245385874386273 1 1 1 Converged Converged Converged OK OK OK 45 45 45 45 45 45 3 3 3 0 0 0 0 1 0 0 1
60 60 uniform 2 0 607 0 0.0001 2.0792043765769086 0.00030362063866458009 0.0069215477229178741 -1.5919628507447952 0.0087010281185745698 -1.5933471602893787 0 1.5939782580358084 2.2702825193992173 OK 13 12 0.459619 0.46257399999999999 0.14709900000000001 0.30986599999999997 0.31162200000000001 0 0.14975300000000002 0.15095199999999998 0.14709900000000001 0.0097599999999999996 0.0097870000000000006 0.0092259999999999998 0.10639699999999991 0.10732099999999999 0.10582699999999999 0.0044000000000000003 0.0047629999999999999 0.0040370000000000007 0.001395 0.0013089999999999998 0.0011580000000000002 2.2702817893765284 2.2702817893765284 2.2702817893765284 0.00021238197137498084 0.00021238197137498084 0.00021238197137498084 1 1 1 Converged Converged Converged OK OK OK 97 97 97 97 97 97 7 7 7 0 0 0 0 0 1 0 0
60 60 uniform 2 7 607 1 0.0001 2.0792043765769086 0.00030362063866458009 0.0069215477229178741 -1.5919628507447952 0.0087010281185745698 -1.592504537088328 0 1.5931356348347576 2.1382266008516626 OK 13 12 0.44603900000000002 0.32174399999999997 0.135545 0.307722 0.161718 0 0.13831700000000002 0.16002599999999997 0.135545 0.0085430000000000002 0.0086929999999999993 0.0081510000000000003 0.10263799999999997 0.12424600000000006 0.10196800000000002 0.0045119999999999995 0.0046279999999999993 0.0041019999999999997 0.001353 0.001359 0.001189 2.1382257184061904 2.1382257184061904 2.1382257184061904 0.00020574947431839912 0.00020574947431839912 0.00020574947431839912 1 1 1 Converged Converged Converged OK OK OK 98 98 98 98 98 98 6 6 6 0 0 0 0 1 0 0 1
60 60 uniform 2 15 607 2 0.0001 2.0792043765769086 0.00030362063866458009 0.0069215477229178741 -1.5919628507447952 0.0087010281185745698 -1.5915415391442698 0 1.5921726368906994 1.9139475010157376 OK 13 12 0.48147499999999999 0.34216400000000002 0.15821499999999999 0.31649100000000002 0.16325200000000001 0 0.16498399999999996 0.17891200000000002 0.15821499999999999 0.0084360000000000008 0.0086459999999999992 0.0080420000000000005 0.12775200000000003 0.141792 0.12331799999999996 0.0051500000000000001 0.0050699999999999999 0.0047000000000000002 0.0011770000000000001 0.0012719999999999999 0.001222 1.9139469702813101 1.9139469702813101 1.9139469702813101 0.00012009458733747432 0.00012009458733747432 0.00012009458733747432 1 1 1 Converged Converged Converged OK OK OK 106 106 106 106 106 106 6 6 6 0 0 0 0 1 0 0 1
60 60 uniform 2 23 607 3 0.0001 2.0792043765769086 0.00030362063866458009 0.0069215477229178741 -1.5919628507447952 0.0087010281185745698 -1.5905785412002116 0 1.5912096389466412 1.5992680236045669 OK 13 12 0.44058000000000003 0.31090899999999999 0.11949700000000001 0.319135 0.17124400000000001 0 0.12144500000000003 0.13966499999999998 0.11949700000000001 0.0084430000000000009 0.0083890000000000006 0.0079310000000000005 0.087907000000000027 0.10625899999999999 0.08762500000000005 0.0043969999999999999 0.0045880000000000001 0.0042900000000000004 0.00097199999999999999 0.00099599999999999992 0.00097199999999999999 1.599267718308921 1.599267718308921 1.599267718308921 2.0594280107968944e-05 2.0594280107968944e-05 2.0594280107968944e-05 1 1 1 Converged Converged Converged OK OK OK 77 77 77 77 77 77 3 3 3 0 0 0 0 1 0 0 1
60 60 uniform 3 0 608 0 0.001 2.0792043765769086 0.00030362063866458009 0.0069215477229178741 0.0097550238639234742 0.0025150333391928989 0.0083707143193398996 0 -0.0077396165729102595 135.66421918302984 OK 15 14 0.78847500000000004 0.78878599999999999 0.28248699999999999 0.50572799999999996 0.50260300000000002 0 0.28274700000000008 0.28618299999999997 0.28248699999999999 0.016524 0.016552999999999998 0.016192000000000002 0.20860800000000004 0.2114710000000001 0.20807299999999992 0.0071589999999999996 0.007356999999999999 0.0074170000000000017 0.0015610000000000001 0.001637 0.0016430000000000001 135.66421791210422 135.66421791210422 135.66421791210422 0.0072287992891707231 0.0072287992891707231 0.0072287992891707231 1 1 1 Converged Converged Converged OK OK OK 143 143 143 143 143 143 9 9 9 0 0 0 0 0 1 0 0
60 60 uniform 3 7 608 1 0.001 2.0792043765769086 0.00030362063866458009 0.0069215477229178741 0.0097550238639234742 0.0025150333391928989 0.0092133375203907707 0 -0.0085822397739611297 120.22589442831928 OK 15 14 0.75082099999999996 0.70631299999999997 0.23517299999999999 0.51078999999999997 0.34806999999999999 0 0.24003099999999999 0.35824299999999998 0.23517299999999999 0.015481 0.015429 0.014607 0.18624299999999999 0.30579499999999998 0.18427100000000007 0.0069310000000000014 0.0063 0.0062419999999999993 0.0014219999999999999 0.0013779999999999999 0.0013679999999999999 120.22587538890463 120.22587538890463 120.22587538890463 0.086680140400561934 0.086680140400561934 0.086680140400561934 1 1 1 Converged Converged Converged OK OK OK 127 127 127 127 127 127 9 9 9 0 0 0 0 1 0 0 1
60 60 uniform 3 15 608 2 0.001 2.0792043765769086 0.00030362063866458009 0.0069215477229178741 0.0097550238639234742 0.0025150333391928989 0.01017633546444891 0 -0.0095452377180192689 106.82345028004946 OK 15 14 0.77674799999999999 0.72883100000000001 0.229242 0.54456800000000005 0.38353599999999999 0 0.23217999999999994 0.34529500000000002 0.229242 0.015247 0.016957 0.014486000000000001 0.18019299999999999 0.29149700000000023 0.17874999999999999 0.0061390000000000004 0.0061409999999999998 0.0060499999999999998 0.0013759999999999998 0.0013829999999999999 0.001353 106.82345793568936 106.82345793568936 106.82345793568936 0.044876554681549746 0.044876554681549746 0.044876554681549746 1 1 1 Converged Converged Converged OK OK OK 127 127 127 127 127 127 9 9 9 0 0 0 0 1 0 0 1
60 60 uniform 3 23 608 3 0.001 2.0792043765769086 0.00030362063866458009 0.0069215477229178741 0.0097550238639234742 0.0025150333391928989 0.011139333408507049 0 -0.010508235662077408 96.312575882012212 OK 15 14 0.820523 0.75196600000000002 0.231513 0.58744200000000002 0.431091 0 0.23308099999999998 0.32087500000000002 0.231513 0.014968 0.015421000000000001 0.014165000000000001 0.18139600000000017 0.26715 0.18173500000000004 0.0063850000000000001 0.0073279999999999994 0.0059050000000000005 0.001474 0.0015369999999999997 0.001405 96.312585875113143 96.312585875113143 96.312585875113143 0.029223539460993833 0.029223539460993833 0.029223539460993833 1 1 1 Converged Converged Converged OK OK OK 127 127 127 127 127 127 9 9 9 0 0 0 0 1 0 0 1
60 60 uniform 3 0 608 0 0.0001 2.0792043765769086 0.00030362063866458009 0.0069215477229178741 0.0097550238639234742 0.0025150333391928989 0.0083707143193398996 0 -0.0077396165729102595 135.66421918302984 OK 15 14 0.78755900000000001 0.78628900000000002 0.28497800000000001 0.50582499999999997 0.50443000000000005 0 0.28173400000000004 0.28185899999999997 0.28497800000000001 0.016532000000000002 0.016412 0.015945999999999998 0.20824200000000012 0.20796600000000012 0.21167400000000006 0.0069999999999999993 0.0070779999999999992 0.0070959999999999999 0.0015330000000000001 0.0015529999999999999 0.00157 135.66421791210422 135.66421791210422 135.66421791210422 0.0072287992891707231 0.0072287992891707231 0.0072287992891707231 1 1 1 Converged Converged Converged OK OK OK 143 143 143 143 143 143 9 9 9 0 0 0 0 0 1 0 0
60 60 uniform 3 7 608 1 0.0001 2.0792043765769086 0.00030362063866458009 0.0069215477229178741 0.0097550238639234742 0.0025150333391928989 0.0092133375203907707 0 -0.0085822397739611297 120.22589442831928 OK 15 14 0.77492399999999995 0.74951999999999996 0.26410600000000001 0.50750899999999999 0.35323199999999999 0 0.26741499999999996 0.39628799999999997 0.26410600000000001 0.015396999999999999 0.015831999999999999 0.014527999999999999 0.21055700000000008 0.33743400000000007 0.2086569999999999 0.0068370000000000002 0.0076239999999999997 0.0069259999999999999 0.0015259999999999998 0.00157 0.0015020000000000001 120.22589596314937 120.22589596314937 120.22589596314937 0.0074397245338275854 0.0074397245338275854 0.0074397245338275854 1 1 1 Converged Converged Converged OK OK OK 143 143 143 143 143 143 9 9 9 0 0 0 0 1 0 0 1
60 60 uniform 3 15 608 2 0.0001 2.0792043765769086 0.00030362063866458009 0.0069215477229178741 0.0097550238639234742 0.0025150333391928989 0.01017633546444891 0 -0.0095452377180192689 106.82345028004946 OK 15 14 0.79996800000000001 0.753112 0.25674999999999998 0.540323 0.37954599999999999 0 0.25964500000000001 0.37356600000000001 0.25674999999999998 0.015311 0.015674 0.014475 0.20288400000000006 0.31576900000000008 0.20167000000000004 0.006881 0.0073749999999999987 0.00679 0.0015330000000000003 0.0015179999999999998 0.0015350000000000001 106.82344971840385 106.82344971840385 106.82344971840385 0.0075119840628038795 0.0075119840628038795 0.0075119840628038795 1 1 1 Converged Converged Converged OK OK OK 143 143 143 143 143 143 9 9 9 0 0 0 0 1 0 0 1
60 60 uniform 3 23 608 3 0.0001 2.0792043765769086 0.00030362063866458009 0.0069215477229178741 0.0097550238639234742 0.0025150333391928989 0.011139333408507049 0 -0.010508235662077408 96.312575882012212 OK 15 14 0.84872400000000003 0.77777399999999997 0.25372 0.59170699999999998 0.428817 0 0.25701700000000005 0.34895699999999996 0.25372 0.015072 0.015158 0.014104 0.19995000000000002 0.29164999999999996 0.19898299999999999 0.0070429999999999998 0.0073439999999999998 0.0067819999999999998 0.001621 0.001756 0.001572 96.312575984799182 96.312575984799182 96.312575984799182 0.0075086743343714254 0.0075086743343714254 0.0075086743343714254 1 1 1 Converged Converged Converged OK OK OK 143 143 143 143 143 143 9 9 9 0 0 0 0 1 0 0 1
60 60 uniform 4 0 609 0 0.001 2.0792043765769086 0.00030362063866458009 0.0069215477229178741 -0.00051401493838881254 0.013800962590345635 -0.0018983244829723874 0 0.0025294222294020277 73.652533835249656 OK 13 12 0.69448900000000002 0.69443999999999995 0.106365 0.58646100000000001 0.58687100000000003 0 0.10802800000000001 0.10756899999999991 0.106365 0.011017000000000001 0.011035 0.010482 0.077397000000000007 0.077452999999999966 0.076754000000000003 0.0027150000000000004 0.0026199999999999999 0.002676 0.00075299999999999998 0.00076900000000000004 0.00072499999999999995 73.652535829898568 73.652535829898568 73.652535829898568 0.0085749626940037557 0.0085749626940037557 0.0085749626940037557 1 1 1 Converged Converged Converged OK OK OK 59 59 59 59 59 59 5 5 5 0 0 0 0 0 1 0 0
60 60 uniform 4 7 609 1 0.001 2.0792043765769086 0.00030362063866458009 0.0069215477229178741 -0.00051401493838881254 0.013800962590345635 -0.0010557012819215157 0 0.0016867990283511562 74.379812568895261 OK 13 12 0.65477600000000002 0.62559799999999999 0.10165200000000001 0.55106299999999997 0.38273099999999999 0 0.10371300000000006 0.242867 0.10165200000000001 0.0098320000000000005 0.0095899999999999996 0.0090900000000000009 0.077909000000000034 0.21721399999999996 0.077176000000000064 0.0024330000000000003 0.0025249999999999999 0.0025500000000000002 0.00070399999999999998 0.000718 0.00069800000000000005 74.37981329668969 74.37981329668969 74.37981329668969 0.012341578399551981 0.012341578399551981 0.012341578399551981 1 1 1 Converged Converged Converged OK OK OK 59 59 59 59 59 59 5 5 5 0 0 0 0 1 0 0 1
60 60 uniform 4 15 609 2 0.001 2.0792043765769086 0.00030362063866458009 0.0069215477229178741 -0.00051401493838881254 0.013800962590345635 -9.2703337863376677e-05 0 0.00072380108429301706 74.869961575303051 OK 13 12 0.71680600000000005 0.69635499999999995 0.099167000000000005 0.61758000000000002 0.45406600000000003 0 0.099226000000000036 0.24228899999999992 0.099167000000000005 0.0097339999999999996 0.0096430000000000005 0.0090740000000000005 0.073828999999999992 0.21673299999999998 0.07470099999999999 0.0024779999999999997 0.0026410000000000001 0.0025119999999999995 0.00064499999999999996 0.00065000000000000008 0.00062100000000000002 74.86995166292364 74.86995166292364 74.86995166292364 0.034919002444216217 0.034919002444216217 0.034919002444216217 1 1 1 Converged Converged Converged OK OK OK 59 59 59 59 59 59 5 5 5 0 0 0 0 1 0 0 1
60 60 uniform 4 23 609 3 0.001 2.0792043765769086 0.00030362063866458009 0.0069215477229178741 -0.00051401493838881254 0.013800962590345635 0.00087029460619476233 0 -0.00023919685976512195 74.974722978468833 OK 12 11 0.67781100000000005 0.67456499999999997 0.102198 0.57637700000000003 0.41689100000000001 0 0.10143400000000002 0.25767399999999996 0.102198 0.009946 0.0099659999999999992 0.0095879999999999993 0.075809999999999989 0.23189399999999999 0.077076000000000033 0.0025440000000000003 0.0026029999999999998 0.002545 0.00063999999999999994 0.00062700000000000006 0.00061499999999999988 74.974707830297618 74.974707830297618 74.974707830297618 0.038433061360729021 0.038433061360729021 0.038433061360729021 1 1 1 Converged Converged Converged OK OK OK 59 59 59 59 59 59 5 5 5 0 0 0 0 1 0 0 1
60 60 uniform 4 0 609 0 0.0001 2.0792043765769086 0.00030362063866458009 0.0069215477229178741 -0.00051401493838881254 0.013800962590345635 -0.0018983244829723874 0 0.0025294222294020277 73.652533835249656 OK 13 12 0.71716299999999999 0.71363399999999999 0.12804699999999999 0.587561 0.58369300000000002 0 0.12960199999999999 0.12994099999999997 0.12804699999999999 0.010813 0.010581999999999999 0.010366 0.095157000000000033 0.095830000000000026 0.094518999999999978 0.003552 0.0034060000000000002 0.0032929999999999999 0.000834 0.00082000000000000009 0.00083100000000000003 73.652533654130906 73.652533654130906 73.652533654130906 0.0049366295690287214 0.0049366295690287214 0.0049366295690287214 1 1 1 Converged Converged Converged OK OK OK 75 75 75 75 75 75 5 5 5 0 0 0 0 0 1 0 0
60 60 uniform 4 7 609 1 0.0001 2.0792043765769086 0.00030362063866458009 0.0069215477229178741 -0.00051401493838881254 0.013800962590345635 -0.0010557012819215157 0 0.0016867990283511562 74.379812568895261 OK 13 12 0.66647500000000004 0.661165 0.11330800000000001 0.55099500000000001 0.38658199999999998 0 0.11548000000000003 0.27458300000000002 0.11330800000000001 0.0098060000000000005 0.009757 0.0092870000000000001 0.087700000000000014 0.24688600000000002 0.086810999999999958 0.003006 0.0028660000000000001 0.0028429999999999996 0.00095299999999999996 0.00088500000000000004 0.00081499999999999986 74.379812755544833 74.379812755544833 74.379812755544833 0.0025255963483508375 0.0025255963483508375 0.0025255963483508375 1 1 1 Converged Converged Converged OK OK OK 67 67 67 67 67 67 5 5 5 0 0 0 0 1 0 0 1
60 60 uniform 4 15 609 2 0.0001 2.0792043765769086 0.00030362063866458009 0.0069215477229178741 -0.00051401493838881254 0.013800962590345635 -9.2703337863376677e-05 0 0.00072380108429301706 74.869961575303051 OK 13 12 0.73047399999999996 0.73452700000000004 0.10981100000000001 0.61326700000000001 0.45283200000000001 0 0.11720699999999995 0.28169500000000003 0.10981100000000001 0.0097300000000000008 0.0096319999999999999 0.0090480000000000005 0.085191000000000017 0.25432100000000007 0.084002000000000007 0.0033340000000000002 0.002905 0.0027419999999999996 0.00076900000000000004 0.00079999999999999993 0.000745 74.869961545522585 74.869961545522585 74.869961545522585 0.0013347176515617995 0.0013347176515617995 0.0013347176515617995 1 1 1 Converged Converged Converged OK OK OK 67 67 67 67 67 67 5 5 5 0 0 0 0 1 0 0 1
60 60 uniform 4 23 609 3 0.0001 2.0792043765769086 0.00030362063866458009 0.0069215477229178741 -0.00051401493838881254 0.013800962590345635 0.00087029460619476233 0 -0.00023919685976512195 74.974722978468833 OK 12 11 0.68966000000000005 0.70315000000000005 0.110744 0.576179 0.41306599999999999 0 0.11348100000000005 0.29008400000000006 0.110744 0.0099120000000000007 0.010037000000000001 0.0093130000000000001 0.08549000000000001 0.26192999999999994 0.084510000000000016 0.0031459999999999999 0.0031060000000000003 0.0027759999999999998 0.000754 0.00073900000000000007 0.00072300000000000001 74.974723091362847 74.974723091362847 74.974723091362847 0.0016178014299178076 0.0016178014299178076 0.0016178014299178076 1 1 1 Converged Converged Converged OK OK OK 67 67 67 67 67 67 5 5 5 0 0 0 0 1 0 0 1
61 61 linear 0 0 610 0 0.001 1.438754465331304 0.00016501222322392928 8.7560657495703832e-05 -0.7373715975665589 0.0033954968058768596 -0.73738910969805804 0.5 0.73762648260162511 8.9881821598269713 OK 14 13 0.52379200000000004 0.52638799999999997 0.16978099999999999 0.34960999999999998 0.35305999999999998 0 0.17418200000000006 0.17332799999999998 0.16978099999999999 0.038431 0.039431000000000001 0.036910999999999999 0.110115 0.10770599999999998 0.10739900000000001 0.0034589999999999998 0.0037110000000000008 0.0036100000000000004 0.0008470000000000001 0.00086299999999999994 0.00091399999999999999 8.9882047772873364 8.9882047772873364 8.9882047772873364 0.003038733673427628 0.003038733673427628 0.003038733673427628 1 1 1 Converged Converged Converged OK OK OK 75 75 75 75 75 75 5 5 5 0 0 0 0 0 1 0 0
61 61 linear 0 7 610 1 0.001 1.438754465331304 0.00016501222322392928 8.7560657495703832e-05 -0.7373715975665589 0.0033954968058768596 -0.73737845013975423 0.5 0.73761582304332129 8.4559322459226607 OK 14 13 0.60031900000000005 0.52300599999999997 0.16043099999999999 0.434722 0.28686 0 0.16559700000000005 0.23614599999999997 0.16043099999999999 0.037065000000000001 0.039023000000000002 0.035295 0.10811100000000001 0.17630699999999999 0.10514299999999997 0.0035230000000000001 0.0038419999999999995 0.0035270000000000002 0.00083299999999999997 0.00087299999999999997 0.00081999999999999998 8.4559539403699819 8.4559539403699819 8.4559539403699819 0.0029668418325732638 0.0029668418325732638 0.0029668418325732638 1 1 1 Converged Converged Converged OK OK OK 75 75 75 75 75 75 5 5 5 0 0 0 0 1 0 0 1
61 61 linear 0 15 610 2 0.001 1.438754465331304 0.00016501222322392928 8.7560657495703832e-05 -0.7373715975665589 0.0033954968058768596 -0.73736626778740699 0.5 0.73760364069097406 7.8226131448855822 OK 14 13 0.53778400000000004 0.46657399999999999 0.16077900000000001 0.369809 0.22128 0 0.16797500000000004 0.24529399999999998 0.16077900000000001 0.032327000000000002 0.032516000000000003 0.028958000000000001 0.11525499999999995 0.19214299999999998 0.11203899999999994 0.0035799999999999998 0.0038710000000000003 0.0035689999999999997 0.00086300000000000005 0.00092199999999999997 0.000892 7.8226898734243191 7.8226898734243191 7.8226898734243191 0.0028951059474481779 0.0028951059474481779 0.0028951059474481779 1 1 1 Converged Converged Converged OK OK OK 75 75 75 75 75 75 5 5 5 0 0 0 0 1 0 0 1
61 61 linear 0 23 610 3 0.001 1.438754465331304 0.00016501222322392928 8.7560657495703832e-05 -0.7373715975665589 0.0033954968058768596 -0.73735408543505976 0.5 0.73759145833862683 7.1664228938561916 OK 14 13 0.53613200000000005 0.44326399999999999 0.15869900000000001 0.36423899999999998 0.21512100000000001 0 0.17189300000000007 0.22814299999999998 0.15869900000000001 0.036062999999999998 0.033251000000000003 0.031015999999999998 0.11122899999999994 0.17425599999999997 0.10813 0.0037139999999999999 0.0035970000000000004 0.0034069999999999999 0.000977 0.00090299999999999994 0.00095699999999999995 7.1664689786264413 7.1664689786264413 7.1664689786264413 0.0028337899976785086 0.0028337899976785086 0.0028337899976785086 1 1 1 Converged Converged Converged OK OK OK 75 75 75 75 75 75 5 5 5 0 0 0 0 1 0 0 1
61 61 linear 0 0 610 0 0.0001 1.438754465331304 0.00016501222322392928 8.7560657495703832e-05 -0.7373715975665589 0.0033954968058768596 -0.73738910969805804 0.5 0.73762648260162511 8.9881821598269713 OK 14 13 0.59142899999999998 0.58807900000000002 0.231489 0.35146100000000002 0.34885300000000002 0 0.23996799999999996 0.23922599999999999 0.231489 0.038473 0.042909999999999997 0.037419000000000001 0.16304900000000003 0.15741099999999997 0.15607199999999996 0.0053709999999999999 0.0054580000000000002 0.005301000000000001 0.001108 0.001206 0.001201 8.9882047785191297 8.9882047785191297 8.9882047785191297 0.00072142256903539996 0.00072142256903539996 0.00072142256903539996 1 1 1 Converged Converged Converged OK OK OK 107 107 107 107 107 107 5 5 5 0 0 0 0 0 1 0 0
61 61 linear 0 7 610 1 0.0001 1.438754465331304 0.00016501222322392928 8.7560657495703832e-05 -0.7373715975665589 0.0033954968058768596 -0.73737845013975423 0.5 0.73761582304332129 8.4559322459226607 OK 14 13 0.66581800000000002 0.63043700000000003 0.219693 0.43969900000000001 0.28834900000000002 0 0.22611900000000001 0.342088 0.219693 0.038438 0.038814000000000001 0.035827999999999999 0.15696000000000007 0.27153200000000016 0.15382500000000002 0.0054450000000000002 0.0060850000000000001 0.0054320000000000002 0.0011460000000000001 0.0011290000000000002 0.001073 8.4559539416034397 8.4559539416034397 8.4559539416034397 0.00064923735045126273 0.00064923735045126273 0.00064923735045126273 1 1 1 Converged Converged Converged OK OK OK 107 107 107 107 107 107 5 5 5 0 0 0 0 1 0 0 1
61 61 linear 0 15 610 2 0.0001 1.438754465331304 0.00016501222322392928 8.7560657495703832e-05 -0.7373715975665589 0.0033954968058768596 -0.73736626778740699 0.5 0.73760364069097406 7.8226131448855822 OK 14 13 0.60195799999999999 0.57441900000000001 0.221973 0.37229499999999999 0.221332 0 0.22966300000000001 0.35308700000000004 0.221973 0.031996999999999998 0.033111000000000002 0.029397 0.16749299999999998 0.28877000000000008 0.16304300000000005 0.0053389999999999991 0.0058489999999999992 0.0054050000000000001 0.001072 0.0011330000000000001 0.001078 7.8226898746587343 7.8226898746587343 7.8226898746587343 0.00057716555557563371 0.00057716555557563371 0.00057716555557563371 1 1 1 Converged Converged Converged OK OK OK 107 107 107 107 107 107 5 5 5 0 0 0 0 1 0 0 1
61 61 linear 0 23 610 3 0.0001 1.438754465331304 0.00016501222322392928 8.7560657495703832e-05 -0.7373715975665589 0.0033954968058768596 -0.73735408543505976 0.5 0.73759145833862683 7.1664228938561916 OK 14 13 0.59576899999999999 0.55083199999999999 0.218524 0.36702299999999999 0.217975 0 0.228746 0.33285699999999996 0.218524 0.035538 0.033928 0.031384000000000002 0.16200599999999993 0.26753299999999985 0.15768899999999994 0.0057860000000000003 0.0057149999999999996 0.0052110000000000004 0.0013159999999999999 0.001384 0.001217 7.1664689798616239 7.1664689798616239 7.1664689798616239 0.00051551304488537807 0.00051551304488537807 0.00051551304488537807 1 1 1 Converged Converged Converged OK OK OK 107 107 107 107 107 107 5 5 5 0 0 0 0 1 0 0 1
61 61 linear 1 0 611 0 0.001 1.438754465331304 0.00016501222322392928 8.7560657495703832e-05 -0.74448555620498602 0.008111014260102023 -0.74450306833648516 0.5 0.74474044124005223 2.9199038831023976 OK 14 13 0.67988800000000005 0.67296299999999998 0.22365699999999999 0.45150000000000001 0.44494099999999998 0 0.22838800000000004 0.228022 0.22365699999999999 0.062439000000000001 0.063822000000000004 0.060923999999999999 0.132378 0.12993300000000002 0.129304 0.00511 0.0055900000000000004 0.0052780000000000006 0.0011359999999999999 0.0013729999999999997 0.001274 2.9198942460151072 2.9198942460151072 2.9198942460151072 0.0014936777194783301 0.0014936777194783301 0.0014936777194783301 1 1 1 Converged Converged Converged OK OK OK 91 91 91 91 91 91 5 5 5 0 0 0 0 0 1 0 0
61 61 linear 1 7 611 1 0.001 1.438754465331304 0.00016501222322392928 8.7560657495703832e-05 -0.74448555620498602 0.008111014260102023 -0.74449240877818135 0.5 0.74472978168174842 3.8442088761434108 OK 14 13 0.70571799999999996 0.62697400000000003 0.195935 0.50405599999999995 0.34969600000000001 0 0.20166200000000001 0.27727800000000002 0.195935 0.060796000000000003 0.063099000000000002 0.058557999999999999 0.11969500000000001 0.19257500000000005 0.116564 0.0037670000000000004 0.0040410000000000003 0.003986 0.001016 0.001044 0.001059 3.8442211743567385 3.8442211743567385 3.8442211743567385 0.0033258383409314318 0.0033258383409314318 0.0033258383409314318 1 1 1 Converged Converged Converged OK OK OK 75 75 75 75 75 75 5 5 5 0 0 0 0 1 0 0 1
61 61 linear 1 15 611 2 0.001 1.438754465331304 0.00016501222322392928 8.7560657495703832e-05 -0.74448555620498602 0.008111014260102023 -0.74448022642583411 0.5 0.74471759932940118 4.9346841802990262 OK 14 13 0.68686899999999995 0.61285100000000003 0.18463599999999999 0.49162099999999997 0.34097499999999997 0 0.19524799999999998 0.27187600000000006 0.18463599999999999 0.060128000000000001 0.062142000000000003 0.055261999999999999 0.113804 0.188829 0.10906499999999994 0.003748 0.0038030000000000004 0.0036259999999999999 0.001083 0.0010319999999999999 0.001031 4.9346932302272029 4.9346932302272029 4.9346932302272029 0.0033567232901398265 0.0033567232901398265 0.0033567232901398265 1 1 1 Converged Converged Converged OK OK OK 75 75 75 75 75 75 5 5 5 0 0 0 0 1 0 0 1
61 61 linear 1 23 611 3 0.001 1.438754465331304 0.00016501222322392928 8.7560657495703832e-05 -0.74448555620498602 0.008111014260102023 -0.74446804407348688 0.5 0.74470541697705395 6.0228490544633475 OK 14 13 0.71948199999999995 0.63187300000000002 0.209315 0.49694500000000003 0.34706900000000002 0 0.22253699999999993 0.284804 0.209315 0.065043000000000004 0.062357000000000003 0.057822999999999999 0.133798 0.19964600000000002 0.12925600000000004 0.0046059999999999999 0.0042189999999999997 0.0042550000000000001 0.0011349999999999999 0.0010999999999999998 0.001098 6.0228572224486321 6.0228572224486321 6.0228572224486321 0.003605395540966728 0.003605395540966728 0.003605395540966728 1 1 1 Converged Converged Converged OK OK OK 82 82 82 82 82 82 6 6 6 0 0 0 0 1 0 0 1
61 61 linear 1 0 611 0 0.0001 1.438754465331304 0.00016501222322392928 8.7560657495703832e-05 -0.74448555620498602 0.008111014260102023 -0.74450306833648516 0.5 0.74474044124005223 2.9199038831023976 OK 14 13 0.74710699999999997 0.74046100000000004 0.286997 0.45094099999999998 0.440417 0 0.29616599999999998 0.30004400000000003 0.286997 0.064576999999999996 0.066199999999999995 0.060559000000000002 0.18513700000000005 0.18714100000000003 0.18088300000000002 0.0066629999999999997 0.0069079999999999992 0.0065119999999999996 0.0015920000000000001 0.0015740000000000001 0.0015 2.9198942468256659 2.9198942468256659 2.9198942468256659 7.5212613415315273e-06 7.5212613415315273e-06 7.5212613415315273e-06 1 1 1 Converged Converged Converged OK OK OK 123 123 123 123 123 123 5 5 5 0 0 0 0 0 1 0 0
61 61 linear 1 7 611 1 0.0001 1.438754465331304 0.00016501222322392928 8.7560657495703832e-05 -0.74448555620498602 0.008111014260102023 -0.74449240877818135 0.5 0.74472978168174842 3.8442088761434108 OK 14 13 0.78808299999999998 0.78035399999999999 0.28256799999999999 0.49732199999999999 0.35134599999999999 0 0.29076099999999999 0.429008 0.28256799999999999 0.062945000000000001 0.064710000000000004 0.058312999999999997 0.19018200000000002 0.32722799999999996 0.18792899999999987 0.0070159999999999997 0.0068510000000000003 0.0065500000000000003 0.0015659999999999999 0.001572 0.0015800000000000002 3.8442211761439471 3.8442211761439471 3.8442211761439471 2.0440768811370158e-05 2.0440768811370158e-05 2.0440768811370158e-05 1 1 1 Converged Converged Converged OK OK OK 123 123 123 123 123 123 5 5 5 0 0 0 0 1 0 0 1
61 61 linear 1 15 611 2 0.0001 1.438754465331304 0.00016501222322392928 8.7560657495703832e-05 -0.74448555620498602 0.008111014260102023 -0.74448022642583411 0.5 0.74471759932940118 4.9346841802990262 OK 14 13 0.77064100000000002 0.76823900000000001 0.27726499999999998 0.48938500000000001 0.34018399999999999 0 0.28125600000000001 0.42805500000000002 0.27726499999999998 0.060469000000000002 0.063297999999999993 0.056127000000000003 0.18441800000000005 0.32780100000000001 0.18521799999999999 0.0066549999999999995 0.0068310000000000003 0.0063369999999999998 0.001454 0.0014040000000000003 0.001423 4.9346932320178842 4.9346932320178842 4.9346932320178842 4.6349349401049881e-05 4.6349349401049881e-05 4.6349349401049881e-05 1 1 1 Converged Converged Converged OK OK OK 123 123 123 123 123 123 5 5 5 0 0 0 0 1 0 0 1
61 61 linear 1 23 611 3 0.0001 1.438754465331304 0.00016501222322392928 8.7560657495703832e-05 -0.74448555620498602 0.008111014260102023 -0.74446804407348688 0.5 0.74470541697705395 6.0228490544633475 OK 14 13 0.80019099999999999 0.78757200000000005 0.29562300000000002 0.48876199999999997 0.34644799999999998 0 0.31142900000000001 0.44112400000000007 0.29562300000000002 0.067323999999999995 0.062835000000000002 0.057695999999999997 0.20370699999999997 0.33798400000000012 0.19858200000000012 0.0074049999999999993 0.0072069999999999999 0.0072040000000000003 0.0016470000000000002 0.0015279999999999998 0.0015139999999999999 6.0228572242427898 6.0228572242427898 6.0228572242427898 0.0002899898279086057 0.0002899898279086057 0.0002899898279086057 1 1 1 Converged Converged Converged OK OK OK 130 130 130 130 130 130 6 6 6 0 0 0 0 1 0 0 1
61 61 linear 2 0 612 0 0.001 1.438754465331304 0.00016501222322392928 8.7560657495703832e-05 -0.7509041913349338 0.0027313535106702602 -0.75092170346643294 0.5 0.75115907637000001 1.537129046274309 OK 13 12 0.43118800000000002 0.42962899999999998 0.11670700000000001 0.311394 0.31240699999999999 0 0.11979400000000001 0.11722199999999999 0.11670700000000001 0.0091199999999999996 0.009162 0.0090489999999999998 0.088450000000000015 0.086169000000000023 0.085954000000000003 0.0031539999999999997 0.0031110000000000001 0.0031129999999999999 0.0007310000000000001 0.00071199999999999996 0.00072300000000000001 1.5371285950406415 1.5371285950406415 1.5371285950406415 0.00074350303249867136 0.00074350303249867136 0.00074350303249867136 1 1 1 Converged Converged Converged OK OK OK 61 61 61 61 61 61 3 3 3 0 0 0 0 0 1 0 0
61 61 linear 2 7 612 1 0.001 1.438754465331304 0.00016501222322392928 8.7560657495703832e-05 -0.7509041913349338 0.0027313535106702602 -0.75091104390812913 0.5 0.7511484168116962 1.5370567397554491 OK 13 12 0.43315799999999999 0.35136699999999998 0.116547 0.30897999999999998 0.16584599999999999 0 0.12417800000000001 0.18552099999999999 0.116547 0.0083560000000000006 0.0085129999999999997 0.0079220000000000002 0.096083999999999989 0.15763600000000003 0.089659999999999976 0.0033259999999999995 0.0032779999999999997 0.0033050000000000002 0.00070299999999999996 0.00069500000000000009 0.000687 1.5370562893247017 1.5370562893247017 1.5370562893247017 0.00074382326915249165 0.00074382326915249165 0.00074382326915249165 1 1 1 Converged Converged Converged OK OK OK 61 61 61 61 61 61 3 3 3 0 0 0 0 1 0 0 1
61 61 linear 2 15 612 2 0.001 1.438754465331304 0.00016501222322392928 8.7560657495703832e-05 -0.7509041913349338 0.0027313535106702602 -0.75089886155578189 0.5 0.75113623445934896 2.0714684871263009 OK 14 13 0.50296300000000005 0.43154999999999999 0.15826200000000001 0.34311199999999997 0.19622999999999999 0 0.15985100000000008 0.23532 0.15826200000000001 0.011261999999999999 0.011485 0.010515 0.12235600000000001 0.1974139999999999 0.12256199999999995 0.0042310000000000004 0.0044049999999999992 0.0039680000000000002 0.001005 0.001199 0.00099399999999999987 2.0714525736703222 2.0714525736703222 2.0714525736703222 0.00099973614029264879 0.00099973614029264879 0.00099973614029264879 1 1 1 Converged Converged Converged OK OK OK 83 83 83 83 83 83 5 5 5 0 0 0 0 1 0 0 1
61 61 linear 2 23 612 3 0.001 1.438754465331304 0.00016501222322392928 8.7560657495703832e-05 -0.7509041913349338 0.0027313535106702602 -0.75088667920343466 0.5 0.75112405210700173 2.7063201012353515 OK 14 13 0.50838399999999995 0.43562299999999998 0.150176 0.350078 0.20380999999999999 0 0.15830599999999995 0.23181299999999999 0.150176 0.010869 0.010867 0.010252000000000001 0.12384900000000003 0.19739799999999996 0.11687400000000003 0.0040819999999999997 0.0039890000000000004 0.0039189999999999997 0.00097900000000000005 0.00093799999999999992 0.00097399999999999982 2.7063080837976661 2.7063080837976661 2.7063080837976661 0.0021162099453657262 0.0021162099453657262 0.0021162099453657262 1 1 1 Converged Converged Converged OK OK OK 83 83 83 83 83 83 5 5 5 0 0 0 0 1 0 0 1
61 61 linear 2 0 612 0 0.0001 1.438754465331304 0.00016501222322392928 8.7560657495703832e-05 -0.7509041913349338 0.0027313535106702602 -0.75092170346643294 0.5 0.75115907637000001 1.537129046274309 OK 13 12 0.48925299999999999 0.48966599999999999 0.175708 0.30906299999999998 0.30888900000000002 0 0.18019000000000002 0.18077699999999997 0.175708 0.0091269999999999997 0.0090480000000000005 0.0089390000000000008 0.13710199999999992 0.137819 0.13321399999999997 0.004927 0.0048679999999999991 0.0047939999999999997 0.00097599999999999998 0.00097900000000000005 0.00095299999999999996 1.5371285954438885 1.5371285954438885 1.5371285954438885 3.0355571785733414e-09 3.0355571785733414e-09 3.0355571785733414e-09 1 1 1 Converged Converged Converged OK OK OK 93 93 93 93 93 93 3 3 3 0 0 0 0 0 1 0 0
61 61 linear 2 7 612 1 0.0001 1.438754465331304 0.00016501222322392928 8.7560657495703832e-05 -0.7509041913349338 0.0027313535106702602 -0.75091104390812913 0.5 0.7511484168116962 1.5370567397554491 OK 13 12 0.49215700000000001 0.44134699999999999 0.17222899999999999 0.313834 0.16602700000000001 0 0.17832300000000001 0.27532000000000001 0.17222899999999999 0.0084449999999999994 0.0084399999999999996 0.0078790000000000006 0.14057800000000006 0.23737399999999995 0.13573700000000002 0.0049280000000000001 0.0051480000000000007 0.0050889999999999998 0.00091799999999999998 0.00093100000000000008 0.00091399999999999999 1.5370562897290383 1.5370562897290383 1.5370562897290383 3.0368005814951647e-09 3.0368005814951647e-09 3.0368005814951647e-09 1 1 1 Converged Converged Converged OK OK OK 93 93 93 93 93 93 3 3 3 0 0 0 0 1 0 0 1
61 61 linear 2 15 612 2 0.0001 1.438754465331304 0.00016501222322392928 8.7560657495703832e-05 -0.7509041913349338 0.0027313535106702602 -0.75089886155578189 0.5 0.75113623445934896 2.0714684871263009 OK 14 13 0.57279199999999997 0.53993199999999997 0.23064899999999999 0.34042899999999998 0.197437 0 0.23236299999999999 0.34249499999999999 0.23064899999999999 0.011356 0.011488 0.010614999999999999 0.18119799999999994 0.29023300000000007 0.18043499999999996 0.0062719999999999989 0.0065719999999999997 0.0064879999999999998 0.0013649999999999999 0.001516 0.0014269999999999999 2.0714525731482518 2.0714525731482518 2.0714525731482518 0.00011998119846049558 0.00011998119846049558 0.00011998119846049558 1 1 1 Converged Converged Converged OK OK OK 123 123 123 123 123 123 5 5 5 0 0 0 0 1 0 0 1
61 61 linear 2 23 612 3 0.0001 1.438754465331304 0.00016501222322392928 8.7560657495703832e-05 -0.7509041913349338 0.0027313535106702602 -0.75088667920343466 0.5 0.75112405210700173 2.7063201012353515 OK 14 13 0.57584100000000005 0.54379200000000005 0.21822900000000001 0.35237200000000002 0.20522599999999999 0 0.22346900000000003 0.33856600000000003 0.21822900000000001 0.010865 0.011070999999999999 0.010383 0.1776600000000001 0.29147300000000004 0.17326100000000003 0.0060270000000000011 0.0065630000000000003 0.0059659999999999991 0.0013979999999999999 0.001495 0.0013670000000000002 2.7063080382004188 2.7063080382004188 2.7063080382004188 6.7679838826907755e-05 6.7679838826907755e-05 6.7679838826907755e-05 1 1 1 Converged Converged Converged OK OK OK 123 123 123 123 123 123 5 5 5 0 0 0 0 1 0 0 1
61 61 linear 3 0 613 0 0.001 1.438754465331304 0.00016501222322392928 8.7560657495703832e-05 -0.74411945935765267 -0.0089667750561176814 -0.74413697148915181 0.5 0.74437434439271888 2.258588003876195 OK 13 12 0.60456299999999996 0.60577099999999995 0.135464 0.46470099999999998 0.46570699999999998 0 0.13986199999999999 0.14006399999999997 0.135464 0.033978000000000001 0.034618999999999997 0.031999 0.083572000000000021 0.083060000000000009 0.081771999999999984 0.0032070000000000002 0.003323 0.0031460000000000004 0.00071299999999999998 0.00078800000000000007 0.000696 2.2585869761832731 2.2585869761832731 2.2585869761832731 0.0019815966135323187 0.0019815966135323187 0.0019815966135323187 1 1 1 Converged Converged Converged OK OK OK 61 61 61 61 61 61 3 3 3 0 0 0 0 0 1 0 0
61 61 linear 3 7 613 1 0.001 1.438754465331304 0.00016501222322392928 8.7560657495703832e-05 -0.74411945935765267 -0.0089667750561176814 -0.74412631193084799 0.5 0.74436368483441506 2.2656370790689642 OK 13 12 0.46528599999999998 0.40279700000000002 0.13534099999999999 0.32361000000000001 0.179727 0 0.14167599999999997 0.22307000000000002 0.13534099999999999 0.034105999999999997 0.033930000000000002 0.030942000000000001 0.088290999999999981 0.16964300000000002 0.085584000000000007 0.0031999999999999997 0.0032720000000000002 0.003209 0.00072800000000000002 0.00075299999999999998 0.00067100000000000005 2.2656360186640194 2.2656360186640194 2.2656360186640194 0.0019935180203379103 0.0019935180203379103 0.0019935180203379103 1 1 1 Converged Converged Converged OK OK OK 61 61 61 61 61 61 3 3 3 0 0 0 0 1 0 0 1
61 61 linear 3 15 613 2 0.001 1.438754465331304 0.00016501222322392928 8.7560657495703832e-05 -0.74411945935765267 -0.0089667750561176814 -0.74411412957850076 0.5 0.74435150248206783 2.2738593627918742 OK 13 12 0.59936199999999995 0.53716299999999995 0.13433200000000001 0.458123 0.31137100000000001 0 0.14123899999999995 0.22579199999999994 0.13433200000000001 0.034016999999999999 0.034145000000000002 0.030133 0.087355000000000002 0.17227500000000007 0.085471999999999992 0.0033699999999999997 0.0033219999999999999 0.0031410000000000001 0.00072599999999999997 0.00071000000000000002 0.000678 2.2738582631996853 2.2738582631996853 2.2738582631996853 0.0020074252741375926 0.0020074252741375926 0.0020074252741375926 1 1 1 Converged Converged Converged OK OK OK 61 61 61 61 61 61 3 3 3 0 0 0 0 1 0 0 1
61 61 linear 3 23 613 3 0.001 1.438754465331304 0.00016501222322392928 8.7560657495703832e-05 -0.74411945935765267 -0.0089667750561176814 -0.74410194722615353 0.5 0.74433932012972059 2.28226516159862 OK 13 12 0.46415400000000001 0.408053 0.13218199999999999 0.32385700000000001 0.18243400000000001 0 0.14029700000000001 0.22561899999999999 0.13218199999999999 0.034277000000000002 0.034162999999999999 0.029961000000000002 0.086112000000000008 0.17177700000000001 0.083381999999999998 0.0034139999999999999 0.0033769999999999998 0.0032190000000000001 0.00078200000000000003 0.00080000000000000004 0.00076099999999999996 2.2822640207724172 2.2822640207724172 2.2822640207724172 0.0020216449614866108 0.0020216449614866108 0.0020216449614866108 1 1 1 Converged Converged Converged OK OK OK 61 61 61 61 61 61 3 3 3 0 0 0 0 1 0 0 1
61 61 linear 3 0 613 0 0.0001 1.438754465331304 0.00016501222322392928 8.7560657495703832e-05 -0.74411945935765267 -0.0089667750561176814 -0.74413697148915181 0.5 0.74437434439271888 2.258588003876195 OK 13 12 0.67312499999999997 0.66481599999999996 0.19559799999999999 0.47229599999999999 0.46563399999999999 0 0.20082899999999998 0.19918199999999997 0.19559799999999999 0.034432999999999998 0.034528000000000003 0.03211 0.13189599999999999 0.13059899999999999 0.12968899999999997 0.0050169999999999998 0.0050399999999999993 0.0050640000000000008 0.00092399999999999991 0.00093500000000000007 0.000901 2.2585869773044163 2.2585869773044163 2.2585869773044163 4.2342333065443229e-09 4.2342333065443229e-09 4.2342333065443229e-09 1 1 1 Converged Converged Converged OK OK OK 93 93 93 93 93 93 3 3 3 0 0 0 0 0 1 0 0
61 61 linear 3 7 613 1 0.0001 1.438754465331304 0.00016501222322392928 8.7560657495703832e-05 -0.74411945935765267 -0.0089667750561176814 -0.74412631193084799 0.5 0.74436368483441506 2.2656370790689642 OK 13 12 0.52430200000000005 0.484213 0.19604099999999999 0.32471899999999998 0.177532 0 0.19958300000000007 0.30668099999999998 0.19604099999999999 0.033454999999999999 0.033766999999999998 0.030723 0.13650999999999999 0.23987499999999992 0.13666500000000004 0.0050939999999999996 0.0051310000000000001 0.0048900000000000002 0.00092599999999999996 0.00096299999999999999 0.00092800000000000011 2.265636019794032 2.265636019794032 2.265636019794032 4.2529325513427376e-09 4.2529325513427376e-09 4.2529325513427376e-09 1 1 1 Converged Converged Converged OK OK OK 93 93 93 93 93 93 3 3 3 0 0 0 0 1 0 0 1
61 61 linear 3 15 613 2 0.0001 1.438754465331304 0.00016501222322392928 8.7560657495703832e-05 -0.74411945935765267 -0.0089667750561176814 -0.74411412957850076 0.5 0.74435150248206783 2.2738593627918742 OK 13 12 0.65963499999999997 0.62531999999999999 0.19170899999999999 0.46013999999999999 0.310562 0 0.19949499999999998 0.31475799999999998 0.19170899999999999 0.033355999999999997 0.034389000000000003 0.03031 0.13630700000000004 0.2507640000000001 0.13316700000000004 0.0049869999999999992 0.0050700000000000007 0.0048039999999999992 0.0009279999999999999 0.00097100000000000007 0.00088800000000000001 2.2738582643414293 2.2738582643414293 2.2738582643414293 4.2757680474072067e-09 4.2757680474072067e-09 4.2757680474072067e-09 1 1 1 Converged Converged Converged OK OK OK 93 93 93 93 93 93 3 3 3 0 0 0 0 1 0 0 1
61 61 linear 3 23 613 3 0.0001 1.438754465331304 0.00016501222322392928 8.7560657495703832e-05 -0.74411945935765267 -0.0089667750561176814 -0.74410194722615353 0.5 0.74433932012972059 2.28226516159862 OK 13 12 0.52210299999999998 0.48542200000000002 0.19051199999999999 0.32446700000000001 0.178393 0 0.19763599999999998 0.307029 0.19051199999999999 0.033876999999999997 0.034209000000000003 0.030091 0.13439099999999998 0.2431900000000001 0.13186700000000001 0.005025 0.0053469999999999993 0.0049409999999999992 0.0010610000000000001 0.0010470000000000002 0.001008 2.2822640219249619 2.2822640219249619 2.2822640219249619 4.2977955838842387e-09 4.2977955838842387e-09 4.2977955838842387e-09 1 1 1 Converged Converged Converged OK OK OK 93 93 93 93 93 93 3 3 3 0 0 0 0 1 0 0 1
61 61 linear 4 0 614 0 0.001 1.438754465331304 0.00016501222322392928 8.7560657495703832e-05 -0.74414576650619846 -0.0082469344225581439 -0.7441632786376976 0.5 0.74440065154126467 8.0335003538800276 OK 15 14 0.97087199999999996 0.95743599999999995 0.25488300000000003 0.69972100000000004 0.69936799999999999 0 0.27115099999999992 0.25806799999999996 0.25488300000000003 0.081259999999999999 0.081047999999999995 0.077946000000000001 0.15007100000000007 0.13972400000000001 0.13942900000000005 0.0059040000000000013 0.0053970000000000008 0.0055760000000000002 0.001392 0.0012869999999999999 0.0013090000000000001 8.0335028540254108 8.0335028540254108 8.0335028540254108 0.0056447727593348851 0.0056447727593348851 0.0056447727593348851 1 1 1 Converged Converged Converged OK OK OK 98 98 98 98 98 98 6 6 6 0 0 0 0 0 1 0 0
61 61 linear 4 7 614 1 0.001 1.438754465331304 0.00016501222322392928 8.7560657495703832e-05 -0.74414576650619846 -0.0082469344225581439 -0.74415261907939378 0.5 0.74438999198296085 7.8462465624543141 OK 15 14 0.66785399999999995 0.58500099999999999 0.25692199999999998 0.39454899999999998 0.23601800000000001 0 0.27330499999999996 0.34898299999999999 0.25692199999999998 0.067238000000000006 0.065351999999999993 0.061878000000000002 0.16969999999999993 0.24851600000000007 0.16094800000000006 0.0072870000000000009 0.0068269999999999997 0.0063900000000000007 0.001421 0.0013749999999999999 0.0013600000000000001 7.846244497100475 7.846244497100475 7.846244497100475 0.0039312690374851203 0.0039312690374851203 0.0039312690374851203 1 1 1 Converged Converged Converged OK OK OK 114 114 114 114 114 114 6 6 6 0 0 0 0 1 0 0 1
61 61 linear 4 15 614 2 0.001 1.438754465331304 0.00016501222322392928 8.7560657495703832e-05 -0.74414576650619846 -0.0082469344225581439 -0.74414043672704655 0.5 0.74437780963061362 7.6573946085434414 OK 15 14 0.63870000000000005 0.578592 0.24315000000000001 0.38370799999999999 0.24033599999999999 0 0.25499200000000005 0.338256 0.24315000000000001 0.067926 0.066229999999999997 0.061530000000000001 0.15210400000000004 0.23738200000000012 0.14778500000000006 0.006352 0.0062849999999999989 0.0061330000000000004 0.001387 0.001361 0.0013349999999999998 7.6573900165855342 7.6573900165855342 7.6573900165855342 0.0035201747540162692 0.0035201747540162692 0.0035201747540162692 1 1 1 Converged Converged Converged OK OK OK 107 107 107 107 107 107 5 5 5 0 0 0 0 1 0 0 1
61 61 linear 4 23 614 3 0.001 1.438754465331304 0.00016501222322392928 8.7560657495703832e-05 -0.74414576650619846 -0.0082469344225581439 -0.74412825437469932 0.5 0.74436562727826638 7.4903347053424509 OK 15 14 0.64238799999999996 0.58823499999999995 0.24886 0.38365300000000002 0.237507 0 0.25873499999999994 0.35072799999999993 0.24886 0.065478999999999996 0.070277000000000006 0.060750999999999999 0.15870499999999996 0.24604099999999998 0.15478899999999993 0.0061269999999999996 0.0063659999999999993 0.0059089999999999993 0.0013339999999999999 0.001359 0.001266 7.4903301017929227 7.4903301017929227 7.4903301017929227 0.003527904871866991 0.003527904871866991 0.003527904871866991 1 1 1 Converged Converged Converged OK OK OK 107 107 107 107 107 107 5 5 5 0 0 0 0 1 0 0 1
61 61 linear 4 0 614 0 0.0001 1.438754465331304 0.00016501222322392928 8.7560657495703832e-05 -0.74414576650619846 -0.0082469344225581439 -0.7441632786376976 0.5 0.74440065154126467 8.0335003538800276 OK 15 14 1.0490349999999999 1.037509 0.33799699999999999 0.70751900000000001 0.69893700000000003 0 0.34151599999999993 0.33857199999999998 0.33799699999999999 0.079611000000000001 0.080495999999999998 0.081532999999999994 0.20586100000000015 0.20129800000000006 0.20072400000000001 0.0080930000000000012 0.0087039999999999999 0.0081869999999999998 0.0017099999999999997 0.0017910000000000001 0.0016880000000000003 8.0334954795378479 8.0334954795378479 8.0334954795378479 0.00064513833815141839 0.00064513833815141839 0.00064513833815141839 1 1 1 Converged Converged Converged OK OK OK 146 146 146 146 146 146 6 6 6 0 0 0 0 0 1 0 0
61 61 linear 4 7 614 1 0.0001 1.438754465331304 0.00016501222322392928 8.7560657495703832e-05 -0.74414576650619846 -0.0082469344225581439 -0.74415261907939378 0.5 0.74438999198296085 7.8462465624543141 OK 15 14 0.74309800000000004 0.72848599999999997 0.34076800000000002 0.39229000000000003 0.23390900000000001 0 0.35080800000000001 0.49457699999999993 0.34076800000000002 0.066663 0.068419999999999995 0.062662999999999996 0.23338899999999999 0.37286999999999992 0.22818099999999994 0.0094290000000000016 0.010954 0.0093760000000000007 0.0018090000000000001 0.0018600000000000001 0.0018070000000000002 7.8462444990200026 7.8462444990200026 7.8462444990200026 0.00041919523836397355 0.00041919523836397355 0.00041919523836397355 1 1 1 Converged Converged Converged OK OK OK 162 162 162 162 162 162 6 6 6 0 0 0 0 1 0 0 1
61 61 linear 4 15 614 2 0.0001 1.438754465331304 0.00016501222322392928 8.7560657495703832e-05 -0.74414576650619846 -0.0082469344225581439 -0.74414043672704655 0.5 0.74437780963061362 7.6573946085434414 OK 15 14 0.68979599999999996 0.69130499999999995 0.29305399999999998 0.38047199999999998 0.24632100000000001 0 0.30932399999999999 0.44498399999999994 0.29305399999999998 0.066469 0.068638000000000005 0.061790999999999999 0.19291900000000009 0.33097499999999996 0.18755299999999991 0.0082899999999999988 0.0084610000000000015 0.0078730000000000015 0.0016699999999999998 0.0016520000000000003 0.0016210000000000003 7.6573900182305437 7.6573900182305437 7.6573900182305437 0.00051389496777998103 0.00051389496777998103 0.00051389496777998103 1 1 1 Converged Converged Converged OK OK OK 139 139 139 139 139 139 5 5 5 0 0 0 0 1 0 0 1
61 61 linear 4 23 614 3 0.0001 1.438754465331304 0.00016501222322392928 8.7560657495703832e-05 -0.74414576650619846 -0.0082469344225581439 -0.74412825437469932 0.5 0.74436562727826638 7.4903347053424509 OK 15 14 0.69356700000000004 0.69449899999999998 0.29452499999999998 0.386048 0.25031399999999998 0 0.30751900000000004 0.444185 0.29452499999999998 0.067442000000000002 0.067015000000000005 0.060335 0.19569999999999996 0.33313400000000004 0.19108999999999993 0.0081029999999999991 0.0079459999999999999 0.0076999999999999985 0.0015039999999999997 0.0015879999999999998 0.0015129999999999998 7.4903301034430552 7.4903301034430552 7.4903301034430552 0.00051382888566902111 0.00051382888566902111 0.00051382888566902111 1 1 1 Converged Converged Converged OK OK OK 139 139 139 139 139 139 5 5 5 0 0 0 0 1 0 0 1
61 61 uniform 0 0 615 0 0.001 1.438754465331304 0.00016501222322392928 8.7560657495703832e-05 -0.7373715975665589 0.0033954968058768596 -0.73738910969805804 0 0.73762648260162511 8.9338508946923483 OK 14 13 0.492062 0.49257400000000001 0.141265 0.349327 0.34997299999999998 0 0.142735 0.14260100000000003 0.141265 0.037726999999999997 0.038059999999999997 0.036422000000000003 0.079858000000000012 0.079782999999999979 0.079493000000000022 0.0033630000000000005 0.00329 0.0031800000000000001 0.00087299999999999986 0.00084800000000000012 0.00087699999999999996 8.933850645647361 8.933850645647361 8.933850645647361 0.0007806992778563364 0.0007806992778563364 0.0007806992778563364 1 1 1 Converged Converged Converged OK OK OK 75 75 75 75 75 75 5 5 5 0 0 0 0 0 1 0 0
61 61 uniform 0 7 615 1 0.001 1.438754465331304 0.00016501222322392928 8.7560657495703832e-05 -0.7373715975665589 0.0033954968058768596 -0.73737845013975423 0 0.73761582304332129 8.4682240302347243 OK 14 13 0.57525499999999996 0.49208600000000002 0.13128000000000001 0.43942100000000001 0.28859499999999999 0 0.13583399999999995 0.20349100000000003 0.13128000000000001 0.038078000000000001 0.038558000000000002 0.034804000000000002 0.077965999999999994 0.14512899999999998 0.077361999999999986 0.003238 0.0032500000000000003 0.0031410000000000006 0.00084699999999999999 0.00081300000000000003 0.00085699999999999991 8.468223882380725 8.468223882380725 8.468223882380725 0.00074739197253943768 0.00074739197253943768 0.00074739197253943768 1 1 1 Converged Converged Converged OK OK OK 75 75 75 75 75 75 5 5 5 0 0 0 0 1 0 0 1
61 61 uniform 0 15 615 2 0.001 1.438754465331304 0.00016501222322392928 8.7560657495703832e-05 -0.7373715975665589 0.0033954968058768596 -0.73736626778740699 0 0.73760364069097406 7.9114164906538811 OK 14 13 0.509965 0.43707000000000001 0.13248499999999999 0.37165599999999999 0.21770400000000001 0 0.13830900000000002 0.21936600000000001 0.13248499999999999 0.032842999999999997 0.032837999999999999 0.029024000000000001 0.085441999999999976 0.16677499999999995 0.084502999999999981 0.0033229999999999996 0.00331 0.0031210000000000001 0.000852 0.00084000000000000003 0.00084199999999999998 7.9114163390664274 7.9114163390664274 7.9114163390664274 0.00071443352313148723 0.00071443352313148723 0.00071443352313148723 1 1 1 Converged Converged Converged OK OK OK 75 75 75 75 75 75 5 5 5 0 0 0 0 1 0 0 1
61 61 uniform 0 23 615 3 0.001 1.438754465331304 0.00016501222322392928 8.7560657495703832e-05 -0.7373715975665589 0.0033954968058768596 -0.73735408543505976 0 0.73759145833862683 7.3291709460947745 OK 14 13 0.50070800000000004 0.41841 0.133742 0.36368699999999998 0.217777 0 0.13702100000000006 0.20063300000000001 0.133742 0.036059000000000001 0.033391999999999998 0.034477000000000001 0.081308999999999979 0.14729500000000004 0.080253999999999992 0.0032789999999999998 0.0032789999999999998 0.0031250000000000002 0.00083000000000000001 0.00081899999999999985 0.00082299999999999995 7.3291709605125668 7.3291709605125668 7.3291709605125668 0.00068649250247899485 0.00068649250247899485 0.00068649250247899485 1 1 1 Converged Converged Converged OK OK OK 75 75 75 75 75 75 5 5 5 0 0 0 0 1 0 0 1
61 61 uniform 0 0 615 0 0.0001 1.438754465331304 0.00016501222322392928 8.7560657495703832e-05 -0.7373715975665589 0.0033954968058768596 -0.73738910969805804 0 0.73762648260162511 8.9338508946923483 OK 14 13 0.49204799999999999 0.49846299999999999 0.14041100000000001 0.34719299999999997 0.35241800000000001 0 0.14485500000000001 0.14604499999999998 0.14041100000000001 0.038996999999999997 0.040002999999999997 0.036059000000000001 0.080009000000000025 0.080286999999999997 0.079462000000000005 0.0037810000000000001 0.0034510000000000001 0.0031819999999999999 0.00087900000000000001 0.000843 0.00084000000000000003 8.933850645647361 8.933850645647361 8.933850645647361 0.0007806992778563364 0.0007806992778563364 0.0007806992778563364 1 1 1 Converged Converged Converged OK OK OK 75 75 75 75 75 75 5 5 5 0 0 0 0 0 1 0 0
61 61 uniform 0 7 615 1 0.0001 1.438754465331304 0.00016501222322392928 8.7560657495703832e-05 -0.7373715975665589 0.0033954968058768596 -0.73737845013975423 0 0.73761582304332129 8.4682240302347243 OK 14 13 0.57027700000000003 0.49355399999999999 0.13068199999999999 0.43443500000000002 0.29053699999999999 0 0.13584200000000002 0.203017 0.13068199999999999 0.038099000000000001 0.038105 0.034192 0.077884000000000023 0.14520299999999994 0.07746500000000002 0.0032690000000000002 0.0033159999999999995 0.0030980000000000001 0.00083299999999999997 0.00081400000000000005 0.00084899999999999993 8.468223882380725 8.468223882380725 8.468223882380725 0.00074739197253943768 0.00074739197253943768 0.00074739197253943768 1 1 1 Converged Converged Converged OK OK OK 75 75 75 75 75 75 5 5 5 0 0 0 0 1 0 0 1
61 61 uniform 0 15 615 2 0.0001 1.438754465331304 0.00016501222322392928 8.7560657495703832e-05 -0.7373715975665589 0.0033954968058768596 -0.73736626778740699 0 0.73760364069097406 7.9114164906538811 OK 14 13 0.50789399999999996 0.44120300000000001 0.13711300000000001 0.36986000000000002 0.22447900000000001 0 0.13803399999999993 0.216724 0.13711300000000001 0.032999000000000001 0.032670999999999999 0.033144 0.085148000000000029 0.16398900000000002 0.084843000000000002 0.0032950000000000002 0.0033680000000000003 0.0031370000000000005 0.00082899999999999998 0.00084000000000000003 0.00081299999999999992 7.9114163390664274 7.9114163390664274 7.9114163390664274 0.00071443352313148723 0.00071443352313148723 0.00071443352313148723 1 1 1 Converged Converged Converged OK OK OK 75 75 75 75 75 75 5 5 5 0 0 0 0 1 0 0 1
61 61 uniform 0 23 615 3 0.0001 1.438754465331304 0.00016501222322392928 8.7560657495703832e-05 -0.7373715975665589 0.0033954968058768596 -0.73735408543505976 0 0.73759145833862683 7.3291709460947745 OK 14 13 0.49857899999999999 0.41720200000000002 0.13033700000000001 0.36138900000000002 0.21693299999999999 0 0.13718999999999998 0.20026900000000003 0.13033700000000001 0.035888999999999997 0.033681999999999997 0.030952 0.081223000000000004 0.14688199999999998 0.080484999999999987 0.0033059999999999995 0.0032460000000000002 0.0031159999999999998 0.00081400000000000005 0.00081999999999999998 0.00081499999999999986 7.3291709605125668 7.3291709605125668 7.3291709605125668 0.00068649250247899485 0.00068649250247899485 0.00068649250247899485 1 1 1 Converged Converged Converged OK OK OK 75 75 75 75 75 75 5 5 5 0 0 0 0 1 0 0 1
61 61 uniform 1 0 616 0 0.001 1.438754465331304 0.00016501222322392928 8.7560657495703832e-05 -0.74448555620498602 0.008111014260102023 -0.74450306833648516 0 0.74474044124005223 3.1724391354829033 OK 14 13 0.61833000000000005 0.61697800000000003 0.17039000000000001 0.44473400000000002 0.44109199999999998 0 0.17359600000000003 0.17588600000000004 0.17039000000000001 0.062549999999999994 0.061907999999999998 0.060868999999999999 0.084686000000000025 0.088284000000000015 0.08400100000000002 0.0034720000000000003 0.0032239999999999994 0.0033210000000000002 0.0009540000000000001 0.00092399999999999991 0.00097800000000000014 3.1724385916714786 3.1724385916714786 3.1724385916714786 0.00069622695442511325 0.00069622695442511325 0.00069622695442511325 1 1 1 Converged Converged Converged OK OK OK 75 75 75 75 75 75 5 5 5 0 0 0 0 0 1 0 0
61 61 uniform 1 7 616 1 0.001 1.438754465331304 0.00016501222322392928 8.7560657495703832e-05 -0.74448555620498602 0.008111014260102023 -0.74449240877818135 0 0.74472978168174842 4.1621777031768863 OK 14 13 0.67124600000000001 0.61652700000000005 0.16747200000000001 0.49751200000000001 0.34994700000000001 0 0.173734 0.26658000000000004 0.16747200000000001 0.063087000000000004 0.062330999999999998 0.058901000000000002 0.089364999999999986 0.18252000000000007 0.088594000000000034 0.0035969999999999995 0.003432000000000001 0.0032430000000000002 0.00098399999999999985 0.00096100000000000005 0.00092699999999999987 4.1621772214227022 4.1621772214227022 4.1621772214227022 0.00070641764199716104 0.00070641764199716104 0.00070641764199716104 1 1 1 Converged Converged Converged OK OK OK 75 75 75 75 75 75 5 5 5 0 0 0 0 1 0 0 1
61 61 uniform 1 15 616 2 0.001 1.438754465331304 0.00016501222322392928 8.7560657495703832e-05 -0.74448555620498602 0.008111014260102023 -0.74448022642583411 0 0.74471759932940118 5.2397684773828557 OK 14 13 0.65151899999999996 0.59609599999999996 0.15582799999999999 0.48969299999999999 0.34986600000000001 0 0.16182599999999997 0.24622999999999995 0.15582799999999999 0.059496 0.064494999999999997 0.054785 0.081934999999999994 0.16086100000000006 0.081422999999999995 0.0033289999999999995 0.0037069999999999998 0.0032289999999999997 0.00092000000000000003 0.0010069999999999999 0.00088899999999999992 5.2397679384766285 5.2397679384766285 5.2397679384766285 0.00072188776353059275 0.00072188776353059275 0.00072188776353059275 1 1 1 Converged Converged Converged OK OK OK 75 75 75 75 75 75 5 5 5 0 0 0 0 1 0 0 1
61 61 uniform 1 23 616 3 0.001 1.438754465331304 0.00016501222322392928 8.7560657495703832e-05 -0.74448555620498602 0.008111014260102023 -0.74446804407348688 0 0.74470541697705395 6.2576510317080114 OK 14 13 0.68353699999999995 0.60439500000000002 0.179947 0.49673400000000001 0.348165 0 0.18680299999999994 0.25623000000000001 0.179947 0.061541999999999999 0.062751000000000001 0.057245999999999998 0.10161800000000001 0.16674800000000001 0.10010300000000003 0.0038240000000000001 0.0040130000000000001 0.0036390000000000003 0.0010920000000000001 0.00108 0.0010330000000000001 6.2576513297872793 6.2576513297872793 6.2576513297872793 0.0010957324112386498 0.0010957324112386498 0.0010957324112386498 1 1 1 Converged Converged Converged OK OK OK 82 82 82 82 82 82 6 6 6 0 0 0 0 1 0 0 1
61 61 uniform 1 0 616 0 0.0001 1.438754465331304 0.00016501222322392928 8.7560657495703832e-05 -0.74448555620498602 0.008111014260102023 -0.74450306833648516 0 0.74474044124005223 3.1724391354829033 OK 14 13 0.67168099999999997 0.66406200000000004 0.218081 0.45399200000000001 0.444073 0 0.21768899999999997 0.21998900000000005 0.218081 0.062673000000000006 0.064508999999999997 0.063839000000000007 0.11601000000000004 0.11593899999999999 0.11521000000000002 0.0051350000000000007 0.005718 0.0053020000000000003 0.001284 0.0013480000000000002 0.0013060000000000001 3.1724385916767592 3.1724385916767592 3.1724385916767592 0.00011583002907202856 0.00011583002907202856 0.00011583002907202856 1 1 1 Converged Converged Converged OK OK OK 107 107 107 107 107 107 5 5 5 0 0 0 0 0 1 0 0
61 61 uniform 1 7 616 1 0.0001 1.438754465331304 0.00016501222322392928 8.7560657495703832e-05 -0.74448555620498602 0.008111014260102023 -0.74449240877818135 0 0.74472978168174842 4.1621777031768863 OK 14 13 0.69561499999999998 0.65395700000000001 0.18826200000000001 0.49742199999999998 0.35012199999999999 0 0.19819300000000001 0.30383500000000002 0.18826200000000001 0.066616999999999996 0.063228000000000006 0.058555000000000003 0.10518200000000005 0.21503399999999995 0.104589 0.0044840000000000001 0.0043470000000000002 0.0041749999999999999 0.001023 0.001096 0.0010499999999999999 4.1621772214289248 4.1621772214289248 4.1621772214289248 0.00032825510415460379 0.00032825510415460379 0.00032825510415460379 1 1 1 Converged Converged Converged OK OK OK 91 91 91 91 91 91 5 5 5 0 0 0 0 1 0 0 1
61 61 uniform 1 15 616 2 0.0001 1.438754465331304 0.00016501222322392928 8.7560657495703832e-05 -0.74448555620498602 0.008111014260102023 -0.74448022642583411 0 0.74471759932940118 5.2397684773828557 OK 14 13 0.67476800000000003 0.64759800000000001 0.17693900000000001 0.48809200000000003 0.34117900000000001 0 0.18667600000000001 0.306419 0.17693900000000001 0.058513999999999997 0.063664999999999999 0.054872999999999998 0.099163999999999974 0.21710900000000002 0.097742999999999983 0.0041589999999999995 0.0042519999999999997 0.004052 0.0010640000000000001 0.0011639999999999999 0.001052 5.2397679384826787 5.2397679384826787 5.2397679384826787 0.00034372789291444209 0.00034372789291444209 0.00034372789291444209 1 1 1 Converged Converged Converged OK OK OK 91 91 91 91 91 91 5 5 5 0 0 0 0 1 0 0 1
61 61 uniform 1 23 616 3 0.0001 1.438754465331304 0.00016501222322392928 8.7560657495703832e-05 -0.74448555620498602 0.008111014260102023 -0.74446804407348688 0 0.74470541697705395 6.2576510317080114 OK 14 13 0.71877400000000002 0.67674800000000002 0.21715999999999999 0.49141099999999999 0.34740599999999999 0 0.22736300000000004 0.32934200000000002 0.21715999999999999 0.063185000000000005 0.063101000000000004 0.057213 0.13065400000000005 0.23345200000000005 0.12900200000000003 0.0065759999999999994 0.0060759999999999998 0.0053340000000000002 0.0013059999999999999 0.0013570000000000001 0.001273 6.2576506623816348 6.2576506623816348 6.2576506623816348 0.00035835024022547732 0.00035835024022547732 0.00035835024022547732 1 1 1 Converged Converged Converged OK OK OK 114 114 114 114 114 114 6 6 6 0 0 0 0 1 0 0 1
61 61 uniform 2 0 617 0 0.001 1.438754465331304 0.00016501222322392928 8.7560657495703832e-05 -0.7509041913349338 0.0027313535106702602 -0.75092170346643294 0 0.75115907637000001 1.5371301034471709 OK 13 12 0.381411 0.38894499999999999 0.069251999999999994 0.31070799999999998 0.31816800000000001 0 0.070703000000000016 0.070776999999999979 0.069251999999999994 0.0092490000000000003 0.0093570000000000007 0.0087690000000000008 0.04520699999999999 0.045520999999999992 0.044755000000000003 0.0021949999999999999 0.0022769999999999999 0.0021870000000000001 0.00062000000000000011 0.00064999999999999997 0.00058900000000000001 1.5371300910456847 1.5371300910456847 1.5371300910456847 0.0005407632374565736 0.0005407632374565736 0.0005407632374565736 1 1 1 Converged Converged Converged OK OK OK 45 45 45 45 45 45 3 3 3 0 0 0 0 0 1 0 0
61 61 uniform 2 7 617 1 0.001 1.438754465331304 0.00016501222322392928 8.7560657495703832e-05 -0.7509041913349338 0.0027313535106702602 -0.75091104390812913 0 0.7511484168116962 1.5370577949945281 OK 13 12 0.38128499999999999 0.28307500000000002 0.068403000000000005 0.31125399999999998 0.16686200000000001 0 0.07003100000000001 0.11621300000000001 0.068403000000000005 0.0083020000000000004 0.0083899999999999999 0.0078239999999999994 0.047625999999999995 0.09367099999999999 0.047007999999999994 0.0021700000000000001 0.0022690000000000002 0.0021879999999999998 0.00056999999999999998 0.0005930000000000001 0.000544 1.5370577825944463 1.5370577825944463 1.5370577825944463 0.00054073812193635698 0.00054073812193635698 0.00054073812193635698 1 1 1 Converged Converged Converged OK OK OK 45 45 45 45 45 45 3 3 3 0 0 0 0 1 0 0 1
61 61 uniform 2 15 617 2 0.001 1.438754465331304 0.00016501222322392928 8.7560657495703832e-05 -0.7509041913349338 0.0027313535106702602 -0.75089886155578189 0 0.75113623445934896 2.2629956500752089 OK 14 13 0.44936399999999999 0.363927 0.10216799999999999 0.345165 0.198657 0 0.10419899999999999 0.16527 0.10216799999999999 0.011346 0.011518 0.010529 0.072077999999999975 0.13262399999999996 0.07169200000000002 0.0028539999999999998 0.0030829999999999998 0.0028409999999999998 0.00092399999999999991 0.000977 0.00083000000000000001 2.2629952078624411 2.2629952078624411 2.2629952078624411 0.00085697989180836664 0.00085697989180836664 0.00085697989180836664 1 1 1 Converged Converged Converged OK OK OK 67 67 67 67 67 67 5 5 5 0 0 0 0 1 0 0 1
61 61 uniform 2 23 617 3 0.001 1.438754465331304 0.00016501222322392928 8.7560657495703832e-05 -0.7509041913349338 0.0027313535106702602 -0.75088667920343466 0 0.75112405210700173 3.0122077470153572 OK 14 13 0.45268599999999998 0.36849700000000002 0.098473000000000005 0.35223500000000002 0.20429 0 0.10045099999999996 0.16420700000000002 0.098473000000000005 0.010961 0.010858 0.010317 0.071365999999999999 0.13515199999999997 0.07056999999999998 0.0029010000000000004 0.0029079999999999996 0.0028149999999999998 0.00081999999999999998 0.00084600000000000007 0.00079199999999999995 3.0122067256720357 3.0122067256720357 3.0122067256720357 0.0015600177055116124 0.0015600177055116124 0.0015600177055116124 1 1 1 Converged Converged Converged OK OK OK 67 67 67 67 67 67 5 5 5 0 0 0 0 1 0 0 1
61 61 uniform 2 0 617 0 0.0001 1.438754465331304 0.00016501222322392928 8.7560657495703832e-05 -0.7509041913349338 0.0027313535106702602 -0.75092170346643294 0 0.75115907637000001 1.5371301034471709 OK 13 12 0.42087200000000002 0.42471300000000001 0.11541999999999999 0.30920300000000001 0.31166100000000002 0 0.11166900000000002 0.11305199999999999 0.11541999999999999 0.009044 0.0095759999999999994 0.0089049999999999997 0.074977999999999989 0.075506000000000004 0.079474000000000003 0.0038799999999999998 0.0041279999999999997 0.0038249999999999998 0.00085900000000000006 0.00083099999999999992 0.00080800000000000002 1.5371300910501193 1.5371300910501193 1.5371300910501193 4.9673652543098241e-05 4.9673652543098241e-05 4.9673652543098241e-05 1 1 1 Converged Converged Converged OK OK OK 77 77 77 77 77 77 3 3 3 0 0 0 0 0 1 0 0
61 61 uniform 2 7 617 1 0.0001 1.438754465331304 0.00016501222322392928 8.7560657495703832e-05 -0.7509041913349338 0.0027313535106702602 -0.75091104390812913 0 0.7511484168116962 1.5370577949945281 OK 13 12 0.424043 0.359844 0.109083 0.313554 0.165302 0 0.110489 0.19454199999999999 0.109083 0.0083840000000000008 0.0084880000000000008 0.0078910000000000004 0.078246000000000024 0.16162400000000007 0.077916000000000013 0.0038350000000000003 0.004084 0.003836 0.00082799999999999996 0.00083299999999999997 0.00076899999999999994 1.5370577825997416 1.5370577825997416 1.5370577825997416 4.9737632835779658e-05 4.9737632835779658e-05 4.9737632835779658e-05 1 1 1 Converged Converged Converged OK OK OK 77 77 77 77 77 77 3 3 3 0 0 0 0 1 0 0 1
61 61 uniform 2 15 617 2 0.0001 1.438754465331304 0.00016501222322392928 8.7560657495703832e-05 -0.7509041913349338 0.0027313535106702602 -0.75089886155578189 0 0.75113623445934896 2.2629956500752089 OK 14 13 0.49850699999999998 0.43937799999999999 0.15664600000000001 0.34053 0.19719600000000001 0 0.15797699999999998 0.24218199999999998 0.15664600000000001 0.011271 0.011546000000000001 0.010678999999999999 0.11466000000000004 0.19808699999999999 0.11416199999999997 0.004986 0.0053899999999999998 0.0049940000000000002 0.0012679999999999998 0.0013399999999999998 0.0012620000000000001 2.262995097413615 2.262995097413615 2.262995097413615 0.0001553358522330218 0.0001553358522330218 0.0001553358522330218 1 1 1 Converged Converged Converged OK OK OK 107 107 107 107 107 107 5 5 5 0 0 0 0 1 0 0 1
61 61 uniform 2 23 617 3 0.0001 1.438754465331304 0.00016501222322392928 8.7560657495703832e-05 -0.7509041913349338 0.0027313535106702602 -0.75088667920343466 0 0.75112405210700173 3.0122077470153572 OK 14 13 0.48681600000000003 0.42170099999999999 0.130077 0.35417900000000002 0.20364399999999999 0 0.132637 0.218057 0.130077 0.011008 0.011067 0.010356000000000001 0.096022999999999969 0.18175799999999998 0.095342000000000024 0.0044689999999999999 0.0043470000000000002 0.003987000000000001 0.001134 0.001132 0.0011019999999999999 3.0122066938410335 3.0122066938410335 3.0122066938410335 0.00025341091043084657 0.00025341091043084657 0.00025341091043084657 1 1 1 Converged Converged Converged OK OK OK 91 91 91 91 91 91 5 5 5 0 0 0 0 1 0 0 1
61 61 uniform 3 0 618 0 0.001 1.438754465331304 0.00016501222322392928 8.7560657495703832e-05 -0.74411945935765267 -0.0089667750561176814 -0.74413697148915181 0 0.74437434439271888 2.2586870772560976 OK 13 12 0.55881000000000003 0.56516599999999995 0.092233999999999997 0.461399 0.46913899999999997 0 0.097411000000000025 0.096026999999999973 0.092233999999999997 0.035096000000000002 0.034411999999999998 0.031479 0.045792000000000006 0.045878999999999996 0.045057000000000014 0.0022530000000000002 0.0021689999999999999 0.002166 0.00055900000000000004 0.00055700000000000009 0.00056499999999999996 2.2586870604867801 2.2586870604867801 2.2586870604867801 0.00079264670901674434 0.00079264670901674434 0.00079264670901674434 1 1 1 Converged Converged Converged OK OK OK 45 45 45 45 45 45 3 3 3 0 0 0 0 0 1 0 0
61 61 uniform 3 7 618 1 0.001 1.438754465331304 0.00016501222322392928 8.7560657495703832e-05 -0.74411945935765267 -0.0089667750561176814 -0.74412631193084799 0 0.74436368483441506 2.2657393550806959 OK 13 12 0.42110500000000001 0.32299800000000001 0.091814000000000007 0.32441199999999998 0.178394 0 0.096693000000000029 0.14460400000000001 0.091814000000000007 0.034042000000000003 0.033787999999999999 0.030599999999999999 0.048185000000000026 0.096730000000000024 0.047639999999999995 0.0022209999999999999 0.0022319999999999996 0.0021640000000000001 0.00056800000000000004 0.00055300000000000011 0.000544 2.2657393382494235 2.2657393382494235 2.2657393382494235 0.00079507220198362088 0.00079507220198362088 0.00079507220198362088 1 1 1 Converged Converged Converged OK OK OK 45 45 45 45 45 45 3 3 3 0 0 0 0 1 0 0 1
61 61 uniform 3 15 618 2 0.001 1.438754465331304 0.00016501222322392928 8.7560657495703832e-05 -0.74411945935765267 -0.0089667750561176814 -0.74411412957850076 0 0.74435150248206783 2.2739654758110381 OK 13 12 0.55279500000000004 0.45990900000000001 0.095630999999999994 0.45567600000000003 0.30886400000000003 0 0.097119000000000011 0.15104499999999998 0.095630999999999994 0.033486000000000002 0.034000000000000002 0.032998 0.049518999999999987 0.10292599999999999 0.049077999999999997 0.0022300000000000002 0.0022569999999999999 0.002222 0.00055000000000000003 0.00056400000000000005 0.00055400000000000002 2.273965458909597 2.273965458909597 2.273965458909597 0.00079790098581540851 0.00079790098581540851 0.00079790098581540851 1 1 1 Converged Converged Converged OK OK OK 45 45 45 45 45 45 3 3 3 0 0 0 0 1 0 0 1
61 61 uniform 3 23 618 3 0.001 1.438754465331304 0.00016501222322392928 8.7560657495703832e-05 -0.74411945935765267 -0.0089667750561176814 -0.74410194722615353 0 0.74433932012972059 2.2823753123450459 OK 13 12 0.42355300000000001 0.32713599999999998 0.090688000000000005 0.32431599999999999 0.178619 0 0.09923700000000002 0.14851699999999998 0.090688000000000005 0.0332 0.033828999999999998 0.030018 0.05093700000000001 0.10069199999999999 0.047310000000000005 0.0023360000000000004 0.002212 0.0021349999999999997 0.00060700000000000001 0.00058600000000000004 0.00052599999999999999 2.2823752953717751 2.2823752953717751 2.2823752953717751 0.00080079251982045105 0.00080079251982045105 0.00080079251982045105 1 1 1 Converged Converged Converged OK OK OK 45 45 45 45 45 45 3 3 3 0 0 0 0 1 0 0 1
61 61 uniform 3 0 618 0 0.0001 1.438754465331304 0.00016501222322392928 8.7560657495703832e-05 -0.74411945935765267 -0.0089667750561176814 -0.74413697148915181 0 0.74437434439271888 2.2586870772560976 OK 13 12 0.60144500000000001 0.60271799999999998 0.13538600000000001 0.46373399999999998 0.46152100000000001 0 0.13771100000000003 0.14119699999999996 0.13538600000000001 0.034091999999999997 0.033963 0.032285000000000001 0.075939000000000006 0.076483000000000023 0.076070999999999958 0.0038929999999999998 0.0039329999999999999 0.0038640000000000002 0.00076900000000000004 0.00079000000000000012 0.00081100000000000009 2.2586870604801326 2.2586870604801326 2.2586870604801326 0.00010702291969594225 0.00010702291969594225 0.00010702291969594225 1 1 1 Converged Converged Converged OK OK OK 77 77 77 77 77 77 3 3 3 0 0 0 0 0 1 0 0
61 61 uniform 3 7 618 1 0.0001 1.438754465331304 0.00016501222322392928 8.7560657495703832e-05 -0.74411945935765267 -0.0089667750561176814 -0.74412631193084799 0 0.74436368483441506 2.2657393550806959 OK 13 12 0.46303499999999997 0.41100999999999999 0.13399900000000001 0.324855 0.17836399999999999 0 0.13817999999999997 0.23264599999999999 0.13399900000000001 0.033235000000000001 0.033716999999999997 0.030901000000000001 0.080996000000000026 0.17505600000000002 0.079848999999999989 0.0039570000000000004 0.0039259999999999998 0.0038039999999999992 0.00078800000000000007 0.00077600000000000011 0.00076500000000000005 2.2657393382425601 2.2657393382425601 2.2657393382425601 0.00010702571457747331 0.00010702571457747331 0.00010702571457747331 1 1 1 Converged Converged Converged OK OK OK 77 77 77 77 77 77 3 3 3 0 0 0 0 1 0 0 1
61 61 uniform 3 15 618 2 0.0001 1.438754465331304 0.00016501222322392928 8.7560657495703832e-05 -0.74411945935765267 -0.0089667750561176814 -0.74411412957850076 0 0.74435150248206783 2.2739654758110381 OK 13 12 0.59583699999999995 0.55045599999999995 0.13325000000000001 0.456293 0.31031999999999998 0 0.13954399999999995 0.24013599999999996 0.13325000000000001 0.034772999999999998 0.034264000000000003 0.030019000000000001 0.080481000000000011 0.18130599999999999 0.079811999999999994 0.0039509999999999997 0.0041120000000000002 0.003885 0.00077999999999999999 0.000812 0.00075500000000000003 2.2739654589021909 2.2739654589021909 2.2739654589021909 0.00010702890133042367 0.00010702890133042367 0.00010702890133042367 1 1 1 Converged Converged Converged OK OK OK 77 77 77 77 77 77 3 3 3 0 0 0 0 1 0 0 1
61 61 uniform 3 23 618 3 0.0001 1.438754465331304 0.00016501222322392928 8.7560657495703832e-05 -0.74411945935765267 -0.0089667750561176814 -0.74410194722615353 0 0.74433932012972059 2.2823753123450459 OK 13 12 0.463835 0.419101 0.131518 0.327214 0.182421 0 0.13662099999999999 0.23668 0.131518 0.033501999999999997 0.034443000000000001 0.029999000000000001 0.079326000000000008 0.17827499999999996 0.078469999999999998 0.0038909999999999999 0.0039069999999999999 0.0038250000000000003 0.00078399999999999997 0.0007719999999999999 0.00075600000000000005 2.282375295364266 2.282375295364266 2.282375295364266 0.00010703208722457976 0.00010703208722457976 0.00010703208722457976 1 1 1 Converged Converged Converged OK OK OK 77 77 77 77 77 77 3 3 3 0 0 0 0 1 0 0 1
61 61 uniform 4 0 619 0 0.001 1.438754465331304 0.00016501222322392928 8.7560657495703832e-05 -0.74414576650619846 -0.0082469344225581439 -0.7441632786376976 0 0.74440065154126467 8.0520062903458083 OK 15 14 0.90086699999999997 0.90245299999999995 0.199104 0.697963 0.70048200000000005 0 0.20290399999999997 0.2019709999999999 0.199104 0.079236000000000001 0.079521999999999995 0.076882000000000006 0.093202999999999966 0.092668 0.092293999999999973 0.0040309999999999999 0.0039269999999999999 0.0040279999999999995 0.001062 0.001049 0.0010200000000000001 8.0520184695359251 8.0520184695359251 8.0520184695359251 0.0053045215709041941 0.0053045215709041941 0.0053045215709041941 1 1 1 Converged Converged Converged OK OK OK 82 82 82 82 82 82 6 6 6 0 0 0 0 0 1 0 0
61 61 uniform 4 7 619 1 0.001 1.438754465331304 0.00016501222322392928 8.7560657495703832e-05 -0.74414576650619846 -0.0082469344225581439 -0.74415261907939378 0 0.74438999198296085 7.8616428974512509 OK 15 14 0.59157199999999999 0.52040299999999995 0.20005600000000001 0.38462499999999999 0.23403499999999999 0 0.20694699999999999 0.28636799999999996 0.20005600000000001 0.066595000000000001 0.067026000000000002 0.061251 0.11112600000000003 0.19092300000000009 0.11083400000000006 0.005084 0.0053050000000000007 0.0050019999999999995 0.0012719999999999999 0.0011690000000000001 0.0012019999999999999 7.8616474232200053 7.8616474232200053 7.8616474232200053 0.0025144706950946559 0.0025144706950946559 0.0025144706950946559 1 1 1 Converged Converged Converged OK OK OK 98 98 98 98 98 98 6 6 6 0 0 0 0 1 0 0 1
61 61 uniform 4 15 619 2 0.001 1.438754465331304 0.00016501222322392928 8.7560657495703832e-05 -0.74414576650619846 -0.0082469344225581439 -0.74414043672704655 0 0.74437780963061362 7.6700996119133782 OK 15 14 0.55187699999999995 0.48534100000000002 0.165631 0.38249899999999998 0.23733599999999999 0 0.16937799999999997 0.24800500000000003 0.165631 0.063465999999999995 0.068616999999999997 0.061246000000000002 0.08273599999999999 0.15450300000000006 0.081528000000000017 0.0037039999999999998 0.0042529999999999998 0.0036579999999999998 0.00098000000000000019 0.0010869999999999999 0.00097899999999999984 7.6700994910962361 7.6700994910962361 7.6700994910962361 0.0040262734895705841 0.0040262734895705841 0.0040262734895705841 1 1 1 Converged Converged Converged OK OK OK 75 75 75 75 75 75 5 5 5 0 0 0 0 1 0 0 1
61 61 uniform 4 23 619 3 0.001 1.438754465331304 0.00016501222322392928 8.7560657495703832e-05 -0.74414576650619846 -0.0082469344225581439 -0.74412825437469932 0 0.74436562727826638 7.5009865694808102 OK 15 14 0.55842400000000003 0.49651200000000001 0.16891700000000001 0.38092599999999999 0.243254 0 0.17749800000000004 0.25325799999999998 0.16891700000000001 0.063821000000000003 0.066267999999999994 0.060080000000000001 0.090495000000000006 0.16339999999999999 0.086299000000000001 0.0036179999999999997 0.0037950000000000002 0.0035269999999999998 0.00094699999999999993 0.00097499999999999996 0.00098700000000000003 7.5009864684948298 7.5009864684948298 7.5009864684948298 0.0037959784861511074 0.0037959784861511074 0.0037959784861511074 1 1 1 Converged Converged Converged OK OK OK 75 75 75 75 75 75 5 5 5 0 0 0 0 1 0 0 1
61 61 uniform 4 0 619 0 0.0001 1.438754465331304 0.00016501222322392928 8.7560657495703832e-05 -0.74414576650619846 -0.0082469344225581439 -0.7441632786376976 0 0.74440065154126467 8.0520062903458083 OK 15 14 0.94680399999999998 0.94906999999999997 0.24506900000000001 0.69898800000000005 0.69889599999999996 0 0.24781599999999993 0.25017400000000001 0.24506900000000001 0.079527 0.080933000000000005 0.077181 0.12622499999999992 0.126607 0.12578 0.0060720000000000001 0.0065499999999999994 0.0061529999999999996 0.0014410000000000002 0.0015060000000000002 0.0014660000000000003 8.0520061751099359 8.0520061751099359 8.0520061751099359 0.00077027239194585393 0.00077027239194585393 0.00077027239194585393 1 1 1 Converged Converged Converged OK OK OK 114 114 114 114 114 114 6 6 6 0 0 0 0 0 1 0 0
61 61 uniform 4 7 619 1 0.0001 1.438754465331304 0.00016501222322392928 8.7560657495703832e-05 -0.74414576650619846 -0.0082469344225581439 -0.74415261907939378 0 0.74438999198296085 7.8616428974512509 OK 15 14 0.663887 0.60207200000000005 0.26153399999999999 0.38950200000000001 0.23571600000000001 0 0.27438499999999999 0.36635600000000001 0.26153399999999999 0.067048999999999997 0.068041000000000004 0.061345999999999998 0.16429299999999994 0.2561250000000001 0.15904299999999993 0.0088760000000000002 0.0086840000000000007 0.0087250000000000001 0.001444 0.0013849999999999999 0.001413 7.8616428018604454 7.8616428018604454 7.8616428018604454 0.0007402375042615374 0.0007402375042615374 0.0007402375042615374 1 1 1 Converged Converged Converged OK OK OK 146 146 146 146 146 146 6 6 6 0 0 0 0 1 0 0 1
61 61 uniform 4 15 619 2 0.0001 1.438754465331304 0.00016501222322392928 8.7560657495703832e-05 -0.74414576650619846 -0.0082469344225581439 -0.74414043672704655 0 0.74437780963061362 7.6700996119133782 OK 15 14 0.59983900000000001 0.54625500000000005 0.20913399999999999 0.38165300000000002 0.236455 0 0.21818599999999999 0.30980000000000008 0.20913399999999999 0.066417000000000004 0.068543999999999994 0.060366999999999997 0.11762599999999997 0.2059460000000001 0.11578499999999997 0.0056639999999999998 0.0062570000000000004 0.005379000000000001 0.001488 0.0013689999999999998 0.0013420000000000001 7.6700995221663879 7.6700995221663879 7.6700995221663879 0.00073264344595137516 0.00073264344595137516 0.00073264344595137516 1 1 1 Converged Converged Converged OK OK OK 107 107 107 107 107 107 5 5 5 0 0 0 0 1 0 0 1
61 61 uniform 4 23 619 3 0.0001 1.438754465331304 0.00016501222322392928 8.7560657495703832e-05 -0.74414576650619846 -0.0082469344225581439 -0.74412825437469932 0 0.74436562727826638 7.5009865694808102 OK 15 14 0.60739900000000002 0.55842700000000001 0.215558 0.38457999999999998 0.24437600000000001 0 0.22281900000000004 0.31405099999999997 0.215558 0.065636 0.065881999999999996 0.060077999999999999 0.12397800000000002 0.21452900000000003 0.12307699999999998 0.0054210000000000005 0.0058600000000000006 0.0053090000000000004 0.0012829999999999999 0.0012710000000000002 0.0012050000000000001 7.5009864864754849 7.5009864864754849 7.5009864864754849 0.0007342327173112496 0.0007342327173112496 0.0007342327173112496 1 1 1 Converged Converged Converged OK OK OK 107 107 107 107 107 107 5 5 5 0 0 0 0 1 0 0 1
62 62 linear 0 0 620 0 0.001 0.87959899288764087 0.00012462266556795265 0.004254305889366687 -0.0014478986382586842 -4.3129347268021129e-05 -0.0022987598161320214 0.5 0.0024083641280750537 448.87154468960699 OK 13 14 0.93343799999999999 0.92542899999999995 0.30430600000000002 0.61676399999999998 0.61649100000000001 0 0.31667400000000001 0.30893799999999993 0.30430600000000002 0.0068329999999999997 0.0074679999999999998 0.0069239999999999996 0.26855299999999976 0.25868099999999988 0.25635400000000014 0.0067949999999999998 0.0081119999999999994 0.0071590000000000004 0.0012260000000000001 0.001454 0.0012199999999999999 448.86575126447167 448.86575126447167 448.86575126447167 0.24355817734771923 0.24355817734771923 0.24355817734771923 1 1 1 Converged Converged Converged OK OK OK 137 137 137 137 137 137 7 7 7 0 0 0 0 0 1 0 0
62 62 linear 0 7 620 1 0.001 0.87959899288764087 0.00012462266556795265 0.004254305889366687 -0.0014478986382586842 -4.3129347268021129e-05 -0.0017808443165569466 0.5 0.0018904486284999789 470.9348071669948 OK 13 14 0.84571200000000002 0.83253500000000003 0.28460099999999999 0.54541399999999995 0.37650400000000001 0 0.30029800000000006 0.45603100000000002 0.28460099999999999 0.006548 0.0061809999999999999 0.0057470000000000004 0.26045200000000013 0.41841200000000012 0.24880599999999994 0.0082789999999999999 0.0069459999999999999 0.0068219999999999999 0.0011709999999999999 0.0011329999999999999 0.0011140000000000002 470.92825919103944 470.92825919103944 470.92825919103944 0.23942132599741484 0.23942132599741484 0.23942132599741484 1 1 1 Converged Converged Converged OK OK OK 137 137 137 137 137 137 7 7 7 0 0 0 0 1 0 0 1
62 62 linear 0 15 620 2 0.001 0.87959899288764087 0.00012462266556795265 0.004254305889366687 -0.0014478986382586842 -4.3129347268021129e-05 -0.0011889408884711468 0.5 0.0012985452004141791 488.92260415690902 OK 13 14 0.86084099999999997 0.86359699999999995 0.28448200000000001 0.56482500000000002 0.39772099999999999 0 0.29601599999999995 0.46587599999999996 0.28448200000000001 0.0062620000000000002 0.0064739999999999997 0.0056639999999999998 0.25878800000000002 0.425848 0.24926899999999999 0.0067559999999999999 0.0082629999999999995 0.0066449999999999999 0.0011359999999999999 0.001245 0.0010549999999999999 488.91512315109645 488.91512315109645 488.91512315109645 0.23347489885930323 0.23347489885930323 0.23347489885930323 1 1 1 Converged Converged Converged OK OK OK 137 137 137 137 137 137 7 7 7 0 0 0 0 1 0 0 1
62 62 linear 0 23 620 3 0.001 0.87959899288764087 0.00012462266556795265 0.004254305889366687 -0.0014478986382586842 -4.3129347268021129e-05 -0.00059703746038534673 0.5 0.00070664177232837902 499.59384257615358 OK 13 14 0.79169999999999996 0.75470599999999999 0.285833 0.49774400000000002 0.32034099999999999 0 0.29395599999999994 0.434365 0.285833 0.006326 0.0062139999999999999 0.0056950000000000004 0.25613399999999997 0.39720200000000006 0.25039399999999989 0.0073830000000000007 0.0068439999999999994 0.0065979999999999997 0.0013390000000000001 0.0012799999999999999 0.0012160000000000001 499.58981100734246 499.58981100734246 499.58981100734246 0.35165981141671065 0.35165981141671065 0.35165981141671065 1 1 1 Converged Converged Converged OK OK OK 137 137 137 137 137 137 7 7 7 0 0 0 0 1 0 0 1
62 62 linear 0 0 620 0 0.0001 0.87959899288764087 0.00012462266556795265 0.004254305889366687 -0.0014478986382586842 -4.3129347268021129e-05 -0.0022987598161320214 0.5 0.0024083641280750537 448.87154468960699 OK 13 14 1.3419160000000001 1.3237140000000001 0.70419799999999999 0.62020799999999998 0.61402000000000001 0 0.72170800000000013 0.70969400000000005 0.70419799999999999 0.0071929999999999997 0.0073229999999999996 0.007136 0.58057399999999959 0.56697899999999934 0.5633189999999999 0.047674000000000001 0.048575000000000007 0.048857999999999999 0.0017279999999999999 0.0018409999999999998 0.0018339999999999997 448.87459062118967 448.87459062118967 448.87459062118967 0.037149662925215356 0.037149662925215356 0.037149662925215356 1 1 1 Converged Converged Converged OK OK OK 337 337 337 337 337 337 7 7 7 0 0 0 0 0 1 0 0
62 62 linear 0 7 620 1 0.0001 0.87959899288764087 0.00012462266556795265 0.004254305889366687 -0.0014478986382586842 -4.3129347268021129e-05 -0.0017808443165569466 0.5 0.0018904486284999789 470.9348071669948 OK 13 14 1.2456750000000001 1.462917 0.67693300000000001 0.54607000000000006 0.38667899999999999 0 0.69960500000000003 1.076238 0.67693300000000001 0.0061330000000000004 0.0065339999999999999 0.0059329999999999999 0.57574699999999979 0.95393599999999956 0.55667400000000067 0.047697000000000003 0.048324999999999993 0.048543000000000003 0.001632 0.00175 0.001694 470.93709573219667 470.93709573219667 470.93709573219667 0.03317374271778091 0.03317374271778091 0.03317374271778091 1 1 1 Converged Converged Converged OK OK OK 337 337 337 337 337 337 7 7 7 0 0 0 0 1 0 0 1
62 62 linear 0 15 620 2 0.0001 0.87959899288764087 0.00012462266556795265 0.004254305889366687 -0.0014478986382586842 -4.3129347268021129e-05 -0.0011889408884711468 0.5 0.0012985452004141791 488.92260415690902 OK 13 14 1.002926 1.093097 0.44413599999999998 0.56142700000000001 0.39901599999999998 0 0.44149899999999997 0.69408099999999995 0.44413599999999998 0.0062269999999999999 0.006424 0.011672999999999999 0.38330100000000034 0.6313620000000002 0.37973200000000007 0.015505 0.017623999999999997 0.016081999999999999 0.0014059999999999999 0.001547 0.001474 488.92290609400709 488.92290609400709 488.92290609400709 0.044286848657790659 0.044286848657790659 0.044286848657790659 1 1 1 Converged Converged Converged OK OK OK 209 209 209 209 209 209 7 7 7 0 0 0 0 1 0 0 1
62 62 linear 0 23 620 3 0.0001 0.87959899288764087 0.00012462266556795265 0.004254305889366687 -0.0014478986382586842 -4.3129347268021129e-05 -0.00059703746038534673 0.5 0.00070664177232837902 499.59384257615358 OK 13 14 0.96163900000000002 1.0255320000000001 0.44466699999999998 0.50243400000000005 0.31778600000000001 0 0.45920499999999997 0.7077460000000001 0.44466699999999998 0.0063080000000000002 0.0064019999999999997 0.0059100000000000003 0.39708200000000027 0.6451349999999999 0.38584500000000038 0.017236000000000001 0.017174000000000002 0.015698 0.0017670000000000001 0.001787 0.001745 499.59767192160371 499.59767192160371 499.59767192160371 0.031633990526102738 0.031633990526102738 0.031633990526102738 1 1 1 Converged Converged Converged OK OK OK 217 217 217 217 217 217 7 7 7 0 0 0 0 1 0 0 1
62 62 linear 1 0 621 0 0.001 0.87959899288764087 0.00012462266556795265 0.004254305889366687 0.24563112648882812 -0.013091555132234227 0.24478026531095479 0.5 -0.24467066099901175 5.4787908202135078 OK 13 12 0.44465100000000002 0.44190600000000002 0.13905600000000001 0.30237999999999998 0.300514 0 0.14227100000000004 0.14139200000000002 0.13905600000000001 0.0091839999999999995 0.0095809999999999992 0.0088889999999999993 0.10428200000000001 0.10225099999999998 0.10171099999999997 0.0042040000000000003 0.0045449999999999996 0.004228 0.00099800000000000019 0.0010269999999999999 0.0010430000000000001 5.4788050093154217 5.4788050093154217 5.4788050093154217 0.0036338786758245514 0.0036338786758245514 0.0036338786758245514 1 1 1 Converged Converged Converged OK OK OK 91 91 91 91 91 91 5 5 5 0 0 0 0 0 1 0 0
62 62 linear 1 7 621 1 0.001 0.87959899288764087 0.00012462266556795265 0.004254305889366687 0.24563112648882812 -0.013091555132234227 0.24529818081052987 0.5 -0.24518857649858683 5.5052801569460739 OK 13 12 0.44276399999999999 0.30573899999999998 0.13326099999999999 0.30373600000000001 0.14193500000000001 0 0.13902799999999998 0.16380399999999998 0.13326099999999999 0.0085260000000000006 0.0085190000000000005 0.0080219999999999996 0.10612299999999995 0.131804 0.10249399999999999 0.0048070000000000005 0.0044739999999999997 0.0042919999999999998 0.00098900000000000008 0.00097999999999999997 0.00092499999999999993 5.5052916990679055 5.5052916990679055 5.5052916990679055 0.0035032371107536009 0.0035032371107536009 0.0035032371107536009 1 1 1 Converged Converged Converged OK OK OK 91 91 91 91 91 91 5 5 5 0 0 0 0 1 0 0 1
62 62 linear 1 15 621 2 0.001 0.87959899288764087 0.00012462266556795265 0.004254305889366687 0.24563112648882812 -0.013091555132234227 0.24589008423861566 0.5 -0.24578047992667262 5.5357762773945955 OK 13 12 0.43504100000000001 0.30264200000000002 0.130547 0.299759 0.141483 0 0.13528200000000001 0.16115900000000002 0.130547 0.0084320000000000003 0.0085570000000000004 0.0078110000000000002 0.10317900000000003 0.12911000000000006 0.10034299999999997 0.0044450000000000002 0.004333 0.0039619999999999994 0.001088 0.00108 0.00099499999999999979 5.5358010394427044 5.5358010394427044 5.5358010394427044 0.0034441203567671642 0.0034441203567671642 0.0034441203567671642 1 1 1 Converged Converged Converged OK OK OK 91 91 91 91 91 91 5 5 5 0 0 0 0 1 0 0 1
62 62 linear 1 23 621 3 0.001 0.87959899288764087 0.00012462266556795265 0.004254305889366687 0.24563112648882812 -0.013091555132234227 0.24648198766670146 0.5 -0.24637238335475842 5.5664256290088252 OK 13 12 0.439025 0.30935299999999999 0.13183500000000001 0.30230400000000002 0.14352999999999999 0 0.13672099999999998 0.165823 0.13183500000000001 0.0083580000000000008 0.0084320000000000003 0.0078309999999999994 0.104653 0.13377100000000003 0.10129200000000002 0.0045459999999999997 0.0044930000000000005 0.0041919999999999995 0.0011150000000000001 0.001103 0.00099200000000000004 5.5664366798252622 5.5664366798252622 5.5664366798252622 0.0032662105432214837 0.0032662105432214837 0.0032662105432214837 1 1 1 Converged Converged Converged OK OK OK 91 91 91 91 91 91 5 5 5 0 0 0 0 1 0 0 1
62 62 linear 1 0 621 0 0.0001 0.87959899288764087 0.00012462266556795265 0.004254305889366687 0.24563112648882812 -0.013091555132234227 0.24478026531095479 0.5 -0.24467066099901175 5.4787908202135078 OK 13 12 0.48841000000000001 0.48318299999999997 0.17979400000000001 0.30065700000000001 0.30180299999999999 0 0.187753 0.18137999999999999 0.17979400000000001 0.0094230000000000008 0.0092580000000000006 0.0088409999999999999 0.138873 0.13433300000000001 0.13338200000000003 0.0074110000000000009 0.0068320000000000004 0.0068629999999999993 0.0011709999999999997 0.00115 0.001165 5.4787986066479295 5.4787986066479295 5.4787986066479295 7.6389425648841033e-05 7.6389425648841033e-05 7.6389425648841033e-05 1 1 1 Converged Converged Converged OK OK OK 123 123 123 123 123 123 5 5 5 0 0 0 0 0 1 0 0
62 62 linear 1 7 621 1 0.0001 0.87959899288764087 0.00012462266556795265 0.004254305889366687 0.24563112648882812 -0.013091555132234227 0.24529818081052987 0.5 -0.24518857649858683 5.5052801569460739 OK 13 12 0.48036899999999999 0.35141600000000001 0.173982 0.29924400000000001 0.13991000000000001 0 0.18112499999999998 0.211506 0.173982 0.0084309999999999993 0.0085070000000000007 0.0079430000000000004 0.14086600000000002 0.17215799999999995 0.13574300000000011 0.0071059999999999995 0.0068479999999999999 0.0067190000000000001 0.0011800000000000001 0.0010459999999999998 0.0010889999999999999 5.5052893503394591 5.5052893503394591 5.5052893503394591 0.00013355215655495983 0.00013355215655495983 0.00013355215655495983 1 1 1 Converged Converged Converged OK OK OK 123 123 123 123 123 123 5 5 5 0 0 0 0 1 0 0 1
62 62 linear 1 15 621 2 0.0001 0.87959899288764087 0.00012462266556795265 0.004254305889366687 0.24563112648882812 -0.013091555132234227 0.24589008423861566 0.5 -0.24578047992667262 5.5357762773945955 OK 13 12 0.478298 0.34965299999999999 0.169734 0.30215399999999998 0.14332 0 0.17614400000000002 0.20633299999999999 0.169734 0.0083639999999999999 0.0083840000000000008 0.0078639999999999995 0.13596200000000003 0.16740499999999997 0.131749 0.0070109999999999999 0.0065300000000000002 0.0066230000000000004 0.001217 0.001201 0.001281 5.5358015966542373 5.5358015966542373 5.5358015966542373 0.00027319655693428809 0.00027319655693428809 0.00027319655693428809 1 1 1 Converged Converged Converged OK OK OK 123 123 123 123 123 123 5 5 5 0 0 0 0 1 0 0 1
62 62 linear 1 23 621 3 0.0001 0.87959899288764087 0.00012462266556795265 0.004254305889366687 0.24563112648882812 -0.013091555132234227 0.24648198766670146 0.5 -0.24637238335475842 5.5664256290088252 OK 13 12 0.47936099999999998 0.35860300000000001 0.17338899999999999 0.29825800000000002 0.14269999999999999 0 0.18110299999999996 0.21590300000000001 0.17338899999999999 0.0083350000000000004 0.0085690000000000002 0.0079299999999999995 0.139599 0.17692700000000006 0.135601 0.0064429999999999999 0.0066759999999999996 0.0065699999999999995 0.0011919999999999999 0.0011569999999999998 0.0011610000000000001 5.5664390507848767 5.5664390507848767 5.5664390507848767 0.00042431844637529976 0.00042431844637529976 0.00042431844637529976 1 1 1 Converged Converged Converged OK OK OK 123 123 123 123 123 123 5 5 5 0 0 0 0 1 0 0 1
62 62 linear 2 0 622 0 0.001 0.87959899288764087 0.00012462266556795265 0.004254305889366687 0.25228084069670159 -0.01983299343084571 0.25142997951882823 0.5 -0.25132037520688522 4.3739132460322017 OK 13 12 0.40762799999999999 0.40372799999999998 0.099432999999999994 0.30622199999999999 0.30355199999999999 0 0.101406 0.10017599999999999 0.099432999999999994 0.0088079999999999999 0.008966 0.0087069999999999995 0.070834999999999995 0.069952999999999987 0.069353999999999999 0.0031770000000000001 0.0031359999999999995 0.0032010000000000003 0.00076900000000000004 0.00070699999999999995 0.00074600000000000003 4.3739105103831974 4.3739105103831974 4.3739105103831974 0.0033750357939054659 0.0033750357939054659 0.0033750357939054659 1 1 1 Converged Converged Converged OK OK OK 61 61 61 61 61 61 3 3 3 0 0 0 0 0 1 0 0
62 62 linear 2 7 622 1 0.001 0.87959899288764087 0.00012462266556795265 0.004254305889366687 0.25228084069670159 -0.01983299343084571 0.25194789501840331 0.5 -0.2518382907064603 4.3786186011902757 OK 13 12 0.40390199999999998 0.270009 0.096103999999999995 0.30522199999999999 0.143124 0 0.09867999999999999 0.126885 0.096103999999999995 0.0082400000000000008 0.0081939999999999999 0.0077489999999999998 0.071233999999999992 0.099837000000000051 0.069572000000000023 0.0032539999999999999 0.0031700000000000001 0.0032259999999999997 0.00069299999999999993 0.00072199999999999999 0.00069400000000000006 4.3786158316679078 4.3786158316679078 4.3786158316679078 0.0033831810766169128 0.0033831810766169128 0.0033831810766169128 1 1 1 Converged Converged Converged OK OK OK 61 61 61 61 61 61 3 3 3 0 0 0 0 1 0 0 1
62 62 linear 2 15 622 2 0.001 0.87959899288764087 0.00012462266556795265 0.004254305889366687 0.25228084069670159 -0.01983299343084571 0.25253979844648911 0.5 -0.25243019413454609 4.3903768969366777 OK 13 12 0.407717 0.26654899999999998 0.092874999999999999 0.31184899999999999 0.14624400000000001 0 0.095868000000000009 0.12030499999999997 0.092874999999999999 0.0083599999999999994 0.0082140000000000008 0.0078050000000000003 0.068205000000000016 0.09298100000000005 0.066474000000000005 0.0032629999999999998 0.003362 0.0032270000000000003 0.00074899999999999999 0.00075699999999999997 0.00071600000000000006 4.3903736874399728 4.3903736874399728 4.3903736874399728 0.0033984917424600418 0.0033984917424600418 0.0033984917424600418 1 1 1 Converged Converged Converged OK OK OK 61 61 61 61 61 61 3 3 3 0 0 0 0 1 0 0 1
62 62 linear 2 23 622 3 0.001 0.87959899288764087 0.00012462266556795265 0.004254305889366687 0.25228084069670159 -0.01983299343084571 0.25313170187457495 0.5 -0.25302209756263194 4.4456198115545531 OK 13 12 0.45946300000000001 0.32444200000000001 0.125357 0.33005000000000001 0.16694200000000001 0 0.129413 0.1575 0.125357 0.0090189999999999992 0.0089589999999999999 0.0082059999999999998 0.098827999999999971 0.12353100000000002 0.096607000000000012 0.0036769999999999997 0.0038149999999999998 0.0033579999999999999 0.00086700000000000004 0.001005 0.00083600000000000005 4.445614049570624 4.445614049570624 4.445614049570624 0.0043797201905713401 0.0043797201905713401 0.0043797201905713401 1 1 1 Converged Converged Converged OK OK OK 75 75 75 75 75 75 5 5 5 0 0 0 0 1 0 0 1
62 62 linear 2 0 622 0 0.0001 0.87959899288764087 0.00012462266556795265 0.004254305889366687 0.25228084069670159 -0.01983299343084571 0.25142997951882823 0.5 -0.25132037520688522 4.3739132460322017 OK 13 12 0.42840499999999998 0.42934899999999998 0.121521 0.30406899999999998 0.30555500000000002 0 0.124336 0.12379399999999996 0.121521 0.0089700000000000005 0.0097020000000000006 0.0087500000000000008 0.087764000000000009 0.086217999999999989 0.085464000000000026 0.0040479999999999995 0.0042500000000000003 0.0040379999999999999 0.00087900000000000001 0.00091399999999999999 0.00083100000000000003 4.3739105104166303 4.3739105104166303 4.3739105104166303 0.00011607140767753784 0.00011607140767753784 0.00011607140767753784 1 1 1 Converged Converged Converged OK OK OK 77 77 77 77 77 77 3 3 3 0 0 0 0 0 1 0 0
62 62 linear 2 7 622 1 0.0001 0.87959899288764087 0.00012462266556795265 0.004254305889366687 0.25228084069670159 -0.01983299343084571 0.25194789501840331 0.5 -0.2518382907064603 4.3786186011902757 OK 13 12 0.429921 0.29583900000000002 0.118016 0.30606299999999997 0.14121400000000001 0 0.12385800000000002 0.15462500000000001 0.118016 0.008293 0.0083510000000000008 0.00779 0.090218999999999994 0.12213399999999994 0.086812999999999987 0.0047270000000000003 0.0042780000000000006 0.0041209999999999997 0.00089300000000000002 0.00085999999999999998 0.00082300000000000016 4.3786158316190704 4.3786158316190704 4.3786158316190704 0.00012704187709954609 0.00012704187709954609 0.00012704187709954609 1 1 1 Converged Converged Converged OK OK OK 77 77 77 77 77 77 3 3 3 0 0 0 0 1 0 0 1
62 62 linear 2 15 622 2 0.0001 0.87959899288764087 0.00012462266556795265 0.004254305889366687 0.25228084069670159 -0.01983299343084571 0.25253979844648911 0.5 -0.25243019413454609 4.3903768969366777 OK 13 12 0.43399700000000002 0.28986400000000001 0.114897 0.31423400000000001 0.14457500000000001 0 0.11976300000000001 0.145289 0.114897 0.008286 0.0083250000000000008 0.0077619999999999998 0.086501999999999996 0.11310300000000001 0.083851999999999982 0.0044659999999999995 0.0042140000000000007 0.0041059999999999994 0.00087500000000000002 0.00083799999999999999 0.00082299999999999995 4.3903736873029775 4.3903736873029775 4.3903736873029775 0.00014581735074487034 0.00014581735074487034 0.00014581735074487034 1 1 1 Converged Converged Converged OK OK OK 77 77 77 77 77 77 3 3 3 0 0 0 0 1 0 0 1
62 62 linear 2 23 622 3 0.0001 0.87959899288764087 0.00012462266556795265 0.004254305889366687 0.25228084069670159 -0.01983299343084571 0.25313170187457495 0.5 -0.25302209756263194 4.4456198115545531 OK 13 12 0.497226 0.36371799999999999 0.16042300000000001 0.33059699999999997 0.164244 0 0.16662900000000003 0.19947399999999998 0.16042300000000001 0.0089529999999999992 0.0088079999999999999 0.0082050000000000005 0.12682600000000002 0.15999399999999991 0.123186 0.0054610000000000006 0.0053920000000000001 0.0048040000000000001 0.0012490000000000001 0.0012019999999999999 0.001091 4.4456151586733821 4.4456151586733821 4.4456151586733821 7.0731782643576192e-05 7.0731782643576192e-05 7.0731782643576192e-05 1 1 1 Converged Converged Converged OK OK OK 99 99 99 99 99 99 5 5 5 0 0 0 0 1 0 0 1
62 62 linear 3 0 623 0 0.001 0.87959899288764087 0.00012462266556795265 0.004254305889366687 0.0023410231957397957 0.0059058371870171957 0.0014901620178664583 0.5 -0.001380557705923426 177.42342484565762 OK 13 12 0.43427199999999999 0.436583 0.10116799999999999 0.33222200000000002 0.33681 0 0.10204999999999997 0.099773000000000001 0.10116799999999999 0.010666 0.010566000000000001 0.010555 0.07396599999999999 0.072253000000000012 0.073212000000000013 0.0025709999999999999 0.0024120000000000001 0.002526 0.00055900000000000004 0.00055699999999999999 0.00057499999999999999 177.42332146464571 177.42332146464571 177.42332146464571 0.16179709769764922 0.16179709769764922 0.16179709769764922 1 1 1 Converged Converged Converged OK OK OK 51 51 51 51 51 51 5 5 5 0 0 0 0 0 1 0 0
62 62 linear 3 7 623 1 0.001 0.87959899288764087 0.00012462266556795265 0.004254305889366687 0.0023410231957397957 0.0059058371870171957 0.0020080775174415332 0.5 -0.0018984732054985009 173.13939846688018 OK 13 12 0.42657499999999998 0.41436800000000001 0.101656 0.32206000000000001 0.16672699999999999 0 0.10451499999999997 0.24764100000000003 0.101656 0.0097599999999999996 0.0097199999999999995 0.0092599999999999991 0.077058000000000001 0.22075499999999992 0.075626000000000027 0.0029589999999999998 0.0028400000000000001 0.0027240000000000003 0.00075700000000000008 0.00070800000000000008 0.000718 173.13928641001993 173.13928641001993 173.13928641001993 0.075086781912321446 0.075086781912321446 0.075086781912321446 1 1 1 Converged Converged Converged OK OK OK 59 59 59 59 59 59 5 5 5 0 0 0 0 1 0 0 1
62 62 linear 3 15 623 2 0.001 0.87959899288764087 0.00012462266556795265 0.004254305889366687 0.0023410231957397957 0.0059058371870171957 0.0025999809455273331 0.5 -0.0024903766335843008 167.09101109171408 OK 13 12 0.429531 0.41226000000000002 0.100229 0.325434 0.17787500000000001 0 0.104097 0.23438500000000001 0.100229 0.0094420000000000007 0.0093679999999999996 0.0088120000000000004 0.078309999999999991 0.20817300000000002 0.075911000000000006 0.0028670000000000002 0.0028740000000000003 0.0027309999999999999 0.00074700000000000005 0.00074899999999999999 0.00071199999999999996 167.09090562292829 167.09090562292829 167.09090562292829 0.095693467535369087 0.095693467535369087 0.095693467535369087 1 1 1 Converged Converged Converged OK OK OK 59 59 59 59 59 59 5 5 5 0 0 0 0 1 0 0 1
62 62 linear 3 23 623 3 0.001 0.87959899288764087 0.00012462266556795265 0.004254305889366687 0.0023410231957397957 0.0059058371870171957 0.0031918843736131334 0.5 -0.0030822800616701011 160.22915062154433 OK 13 12 0.45546799999999998 0.46632299999999999 0.103474 0.34340700000000002 0.197074 0 0.11206099999999997 0.26924899999999996 0.103474 0.0094909999999999994 0.0094520000000000003 0.0087670000000000005 0.083211999999999994 0.24035800000000007 0.076685000000000031 0.0033349999999999999 0.0034940000000000006 0.0030539999999999999 0.00087799999999999998 0.000892 0.00083900000000000001 160.22898709394664 160.22898709394664 160.22898709394664 0.046816239451390913 0.046816239451390913 0.046816239451390913 1 1 1 Converged Converged Converged OK OK OK 67 67 67 67 67 67 5 5 5 0 0 0 0 1 0 0 1
62 62 linear 3 0 623 0 0.0001 0.87959899288764087 0.00012462266556795265 0.004254305889366687 0.0023410231957397957 0.0059058371870171957 0.0014901620178664583 0.5 -0.001380557705923426 177.42342484565762 OK 13 12 0.47767799999999999 0.48111900000000002 0.140238 0.334065 0.33898 0 0.14361299999999999 0.14213900000000002 0.140238 0.010688 0.010855 0.010338999999999999 0.10698999999999997 0.10489400000000004 0.10405600000000008 0.0037930000000000004 0.0040899999999999999 0.0039990000000000008 0.00085399999999999994 0.00088000000000000014 0.00086399999999999997 177.42330151198686 177.42330151198686 177.42330151198686 0.0097900240376922014 0.0097900240376922014 0.0097900240376922014 1 1 1 Converged Converged Converged OK OK OK 75 75 75 75 75 75 5 5 5 0 0 0 0 0 1 0 0
62 62 linear 3 7 623 1 0.0001 0.87959899288764087 0.00012462266556795265 0.004254305889366687 0.0023410231957397957 0.0059058371870171957 0.0020080775174415332 0.5 -0.0018984732054985009 173.13939846688018 OK 13 12 0.47783999999999999 0.55896100000000004 0.14936199999999999 0.32364599999999999 0.169931 0 0.154194 0.38903000000000004 0.14936199999999999 0.0096849999999999992 0.0098460000000000006 0.0091830000000000002 0.11690799999999997 0.34978900000000007 0.112996 0.0045269999999999998 0.0053249999999999999 0.0046770000000000006 0.00099799999999999997 0.0010469999999999998 0.001044 173.1392827958019 173.1392827958019 173.1392827958019 0.012996831664519886 0.012996831664519886 0.012996831664519886 1 1 1 Converged Converged Converged OK OK OK 91 91 91 91 91 91 5 5 5 0 0 0 0 1 0 0 1
62 62 linear 3 15 623 2 0.0001 0.87959899288764087 0.00012462266556795265 0.004254305889366687 0.0023410231957397957 0.0059058371870171957 0.0025999809455273331 0.5 -0.0024903766335843008 167.09101109171408 OK 13 12 0.49018800000000001 0.55794999999999995 0.16008900000000001 0.32500600000000002 0.17963799999999999 0 0.165182 0.37831199999999998 0.16008900000000001 0.0093109999999999998 0.0094970000000000002 0.0088159999999999992 0.12676699999999999 0.33853799999999989 0.12265600000000002 0.0048839999999999995 0.0055409999999999999 0.0049740000000000001 0.0011669999999999999 0.0011820000000000001 0.001207 167.09090642510961 167.09090642510961 167.09090642510961 0.00025760311817608791 0.00025760311817608791 0.00025760311817608791 1 1 1 Converged Converged Converged OK OK OK 99 99 99 99 99 99 5 5 5 0 0 0 0 1 0 0 1
62 62 linear 3 23 623 3 0.0001 0.87959899288764087 0.00012462266556795265 0.004254305889366687 0.0023410231957397957 0.0059058371870171957 0.0031918843736131334 0.5 -0.0030822800616701011 160.22915062154433 OK 13 12 0.47260099999999999 0.523671 0.121082 0.343385 0.19831199999999999 0 0.129216 0.32535900000000001 0.121082 0.0093399999999999993 0.0095569999999999995 0.008737 0.096916000000000058 0.29184599999999983 0.090158000000000002 0.004058 0.0045690000000000001 0.0040149999999999995 0.001041 0.001021 0.00099700000000000006 160.22905795316959 160.22905795316959 160.22905795316959 0.0048991227341539465 0.0048991227341539465 0.0048991227341539465 1 1 1 Converged Converged Converged OK OK OK 83 83 83 83 83 83 5 5 5 0 0 0 0 1 0 0 1
62 62 linear 4 0 624 0 0.001 0.87959899288764087 0.00012462266556795265 0.004254305889366687 0.0044171986960530908 0.0073749603458796182 0.0035663375181797536 0.5 -0.0034567332062367213 127.80569650325529 OK 13 12 0.48952499999999999 0.48459799999999997 0.115967 0.37041200000000002 0.362817 0 0.11911299999999997 0.12178099999999997 0.115967 0.010800000000000001 0.010792 0.010496999999999999 0.085597999999999994 0.088332999999999981 0.083338000000000037 0.0032489999999999997 0.0034020000000000001 0.0031719999999999999 0.00088500000000000004 0.00089400000000000005 0.00091100000000000013 127.80563523804715 127.80563523804715 127.80563523804715 0.059819752492747832 0.059819752492747832 0.059819752492747832 1 1 1 Converged Converged Converged OK OK OK 67 67 67 67 67 67 5 5 5 0 0 0 0 0 1 0 0
62 62 linear 4 7 624 1 0.001 0.87959899288764087 0.00012462266556795265 0.004254305889366687 0.0044171986960530908 0.0073749603458796182 0.0040842530177548284 0.5 -0.0039746487058117961 124.09395554402839 OK 13 12 0.46673399999999998 0.49282799999999999 0.111373 0.351827 0.19292599999999999 0 0.11490699999999998 0.299902 0.111373 0.0098309999999999995 0.0098580000000000004 0.0092239999999999996 0.08342800000000003 0.26766899999999999 0.081092000000000025 0.0035209999999999998 0.0041199999999999995 0.0037390000000000001 0.00086599999999999991 0.00093899999999999995 0.000883 124.09385181723744 124.09385181723744 124.09385181723744 0.073499474942538737 0.073499474942538737 0.073499474942538737 1 1 1 Converged Converged Converged OK OK OK 75 75 75 75 75 75 5 5 5 0 0 0 0 1 0 0 1
62 62 linear 4 15 624 2 0.001 0.87959899288764087 0.00012462266556795265 0.004254305889366687 0.0044171986960530908 0.0073749603458796182 0.0046761564458406282 0.5 -0.0045665521338975959 119.67565911403922 OK 12 11 0.40563500000000002 0.39204600000000001 0.078953999999999996 0.32333699999999999 0.17347099999999999 0 0.082298000000000038 0.21857500000000002 0.078953999999999996 0.0095420000000000001 0.0099880000000000004 0.0090900000000000009 0.059268999999999995 0.194328 0.057016000000000011 0.0023449999999999999 0.0029089999999999997 0.0023270000000000001 0.00066600000000000003 0.00077300000000000003 0.00064700000000000001 119.67557450369016 119.67557450369016 119.67557450369016 0.10115141926137503 0.10115141926137503 0.10115141926137503 1 1 1 Converged Converged Converged OK OK OK 52 52 52 52 52 52 4 4 4 0 0 0 0 1 0 0 1
62 62 linear 4 23 624 3 0.001 0.87959899288764087 0.00012462266556795265 0.004254305889366687 0.0044171986960530908 0.0073749603458796182 0.005268059873926428 0.5 -0.0051584555619833957 115.17908573491522 OK 12 11 0.39099099999999998 0.33070699999999997 0.075028999999999998 0.31257200000000002 0.15729599999999999 0 0.078418999999999961 0.17341099999999998 0.075028999999999998 0.009188 0.0093869999999999995 0.0086160000000000004 0.055987999999999975 0.15051899999999999 0.053790000000000011 0.002258 0.0024250000000000001 0.0022139999999999998 0.00069400000000000006 0.00073200000000000001 0.00066799999999999997 115.17899285204705 115.17899285204705 115.17899285204705 0.097847285601883521 0.097847285601883521 0.097847285601883521 1 1 1 Converged Converged Converged OK OK OK 52 52 52 52 52 52 4 4 4 0 0 0 0 1 0 0 1
62 62 linear 4 0 624 0 0.0001 0.87959899288764087 0.00012462266556795265 0.004254305889366687 0.0044171986960530908 0.0073749603458796182 0.0035663375181797536 0.5 -0.0034567332062367213 127.80569650325529 OK 13 12 0.50549299999999997 0.50759900000000002 0.13500100000000001 0.36752000000000001 0.36930800000000003 0 0.13797299999999996 0.138291 0.13500100000000001 0.010663000000000001 0.010935 0.010659 0.098576000000000025 0.097285000000000024 0.095513999999999988 0.0043229999999999996 0.0049119999999999997 0.0045369999999999994 0.001042 0.0011720000000000001 0.0011119999999999999 127.80562144181724 127.80562144181724 127.80562144181724 0.0014296186977583657 0.0014296186977583657 0.0014296186977583657 1 1 1 Converged Converged Converged OK OK OK 83 83 83 83 83 83 5 5 5 0 0 0 0 0 1 0 0
62 62 linear 4 7 624 1 0.0001 0.87959899288764087 0.00012462266556795265 0.004254305889366687 0.0044171986960530908 0.0073749603458796182 0.0040842530177548284 0.5 -0.0039746487058117961 124.09395554402839 OK 13 12 0.48564099999999999 0.52526700000000004 0.12915399999999999 0.35212399999999999 0.19272300000000001 0 0.133517 0.33254400000000006 0.12915399999999999 0.0097979999999999994 0.0099170000000000005 0.0092289999999999994 0.10051399999999999 0.29834500000000014 0.097351000000000007 0.0039619999999999994 0.004522 0.0040689999999999997 0.00095799999999999998 0.0011329999999999999 0.00097900000000000005 124.09388247440268 124.09388247440268 124.09388247440268 0.00045251284757478853 0.00045251284757478853 0.00045251284757478853 1 1 1 Converged Converged Converged OK OK OK 83 83 83 83 83 83 5 5 5 0 0 0 0 1 0 0 1
62 62 linear 4 15 624 2 0.0001 0.87959899288764087 0.00012462266556795265 0.004254305889366687 0.0044171986960530908 0.0073749603458796182 0.0046761564458406282 0.5 -0.0045665521338975959 119.67565911403922 OK 12 11 0.42749799999999999 0.44522200000000001 0.099298999999999998 0.32413599999999998 0.17032 0 0.10336200000000001 0.27490199999999998 0.099298999999999998 0.009809 0.0098219999999999991 0.0090600000000000003 0.07499100000000003 0.24537700000000007 0.072322999999999998 0.0034479999999999997 0.0039109999999999995 0.0033829999999999997 0.00082899999999999988 0.00081800000000000004 0.00082100000000000001 119.67558911301171 119.67558911301171 119.67558911301171 0.0004805602923524478 0.0004805602923524478 0.0004805602923524478 1 1 1 Converged Converged Converged OK OK OK 68 68 68 68 68 68 4 4 4 0 0 0 0 1 0 0 1
62 62 linear 4 23 624 3 0.0001 0.87959899288764087 0.00012462266556795265 0.004254305889366687 0.0044171986960530908 0.0073749603458796182 0.005268059873926428 0.5 -0.0051584555619833957 115.17908573491522 OK 12 11 0.41491099999999997 0.38407999999999998 0.096994999999999998 0.31383699999999998 0.15376999999999999 0 0.101074 0.23030999999999999 0.096994999999999998 0.0093830000000000007 0.0092969999999999997 0.0086779999999999999 0.073179999999999995 0.20198300000000005 0.070984999999999979 0.0034169999999999999 0.003588 0.0030569999999999998 0.00084599999999999996 0.00092700000000000009 0.00079200000000000006 115.17901857199122 115.17901857199122 115.17901857199122 0.00060215815148696587 0.00060215815148696587 0.00060215815148696587 1 1 1 Converged Converged Converged OK OK OK 68 68 68 68 68 68 4 4 4 0 0 0 0 1 0 0 1
62 62 uniform 0 0 625 0 0.001 0.87959899288764087 0.00012462266556795265 0.004254305889366687 -0.0014478986382586842 -4.3129347268021129e-05 -0.0022987598161320214 0 0.0024083641280750537 433.23397379312246 OK 13 14 0.852267 0.84348999999999996 0.23578499999999999 0.62155800000000005 0.61153599999999997 0 0.23070899999999994 0.23195399999999999 0.23578499999999999 0.0073369999999999998 0.00743 0.011409000000000001 0.18272300000000008 0.18334400000000001 0.18336500000000003 0.0064539999999999997 0.0068449999999999995 0.0068840000000000004 0.0011199999999999999 0.0011819999999999999 0.0012580000000000002 433.22351935674197 433.22351935674197 433.22351935674197 0.23945033081354361 0.23945033081354361 0.23945033081354361 1 1 1 Converged Converged Converged OK OK OK 137 137 137 137 137 137 7 7 7 0 0 0 0 0 1 0 0
62 62 uniform 0 7 625 1 0.001 0.87959899288764087 0.00012462266556795265 0.004254305889366687 -0.0014478986382586842 -4.3129347268021129e-05 -0.0017808443165569466 0 0.0018904486284999789 448.45281788277708 OK 13 14 0.75835399999999997 0.75796600000000003 0.210282 0.54645900000000003 0.38570199999999999 0 0.21189499999999994 0.37226400000000004 0.210282 0.0061710000000000003 0.0062779999999999997 0.005849 0.175618 0.33494099999999982 0.17508000000000007 0.0064359999999999999 0.0069180000000000005 0.0064519999999999994 0.0010470000000000002 0.0011879999999999998 0.001083 448.44232236596662 448.44232236596662 448.44232236596662 0.23604770453968271 0.23604770453968271 0.23604770453968271 1 1 1 Converged Converged Converged OK OK OK 137 137 137 137 137 137 7 7 7 0 0 0 0 1 0 0 1
62 62 uniform 0 15 625 2 0.001 0.87959899288764087 0.00012462266556795265 0.004254305889366687 -0.0014478986382586842 -4.3129347268021129e-05 -0.0011889408884711468 0 0.0012985452004141791 460.50096204183831 OK 13 14 0.77416600000000002 0.78673099999999996 0.210452 0.55914299999999995 0.39518999999999999 0 0.21502300000000008 0.39154099999999997 0.210452 0.0061510000000000002 0.0065030000000000001 0.0057159999999999997 0.17856099999999994 0.35219099999999998 0.17599899999999993 0.0067050000000000009 0.007783 0.0063560000000000005 0.0010820000000000001 0.0012359999999999999 0.001044 460.4904822874484 460.4904822874484 460.4904822874484 0.23153566102672687 0.23153566102672687 0.23153566102672687 1 1 1 Converged Converged Converged OK OK OK 137 137 137 137 137 137 7 7 7 0 0 0 0 1 0 0 1
62 62 uniform 0 23 625 3 0.001 0.87959899288764087 0.00012462266556795265 0.004254305889366687 -0.0014478986382586842 -4.3129347268021129e-05 -0.00059703746038534673 0 0.00070664177232837902 467.50998210591507 OK 13 14 0.705291 0.67950299999999997 0.208534 0.49085800000000002 0.320158 0 0.21443299999999998 0.35934499999999997 0.208534 0.0061040000000000001 0.0063759999999999997 0.0057720000000000002 0.17798600000000014 0.32160199999999994 0.17363700000000004 0.0065190000000000005 0.0072359999999999994 0.0063530000000000001 0.0012409999999999999 0.001305 0.0012340000000000001 467.4994281360984 467.4994281360984 467.4994281360984 0.34443093147451098 0.34443093147451098 0.34443093147451098 1 1 1 Converged Converged Converged OK OK OK 137 137 137 137 137 137 7 7 7 0 0 0 0 1 0 0 1
62 62 uniform 0 0 625 0 0.0001 0.87959899288764087 0.00012462266556795265 0.004254305889366687 -0.0014478986382586842 -4.3129347268021129e-05 -0.0022987598161320214 0 0.0024083641280750537 433.23397379312246 OK 13 14 1.179732 1.158161 0.54081800000000002 0.62526099999999996 0.61329999999999996 0 0.55447100000000005 0.54486100000000004 0.54081800000000002 0.0076490000000000004 0.0073569999999999998 0.0070359999999999997 0.40977499999999994 0.40633800000000014 0.4032389999999999 0.049163999999999999 0.048409000000000008 0.047923 0.0017800000000000001 0.0018449999999999996 0.0017390000000000001 433.23417286893311 433.23417286893311 433.23417286893311 0.027230557586194946 0.027230557586194946 0.027230557586194946 1 1 1 Converged Converged Converged OK OK OK 337 337 337 337 337 337 7 7 7 0 0 0 0 0 1 0 0
62 62 uniform 0 7 625 1 0.0001 0.87959899288764087 0.00012462266556795265 0.004254305889366687 -0.0014478986382586842 -4.3129347268021129e-05 -0.0017808443165569466 0 0.0018904486284999789 448.45281788277708 OK 13 14 0.86039600000000005 0.94360200000000005 0.31743900000000003 0.54266300000000001 0.37988 0 0.31773300000000004 0.56372200000000006 0.31743900000000003 0.0061450000000000003 0.0063239999999999998 0.0058409999999999998 0.26048100000000018 0.5046520000000001 0.25998399999999999 0.015070999999999999 0.015935000000000001 0.015477000000000001 0.0013990000000000001 0.001601 0.0014399999999999999 448.45151033778507 448.45151033778507 448.45151033778507 0.044031523710904123 0.044031523710904123 0.044031523710904123 1 1 1 Converged Converged Converged OK OK OK 209 209 209 209 209 209 7 7 7 0 0 0 0 1 0 0 1
62 62 uniform 0 15 625 2 0.0001 0.87959899288764087 0.00012462266556795265 0.004254305889366687 -0.0014478986382586842 -4.3129347268021129e-05 -0.0011889408884711468 0 0.0012985452004141791 460.50096204183831 OK 13 14 0.87976500000000002 0.98202100000000003 0.32300899999999999 0.56136799999999998 0.39890999999999999 0 0.31839700000000004 0.58311100000000005 0.32300899999999999 0.0062449999999999997 0.0065189999999999996 0.0056930000000000001 0.26152700000000006 0.52175199999999977 0.26631199999999999 0.015132 0.017195999999999999 0.015407999999999998 0.0014110000000000001 0.0015939999999999997 0.001457 460.49966675773709 460.49966675773709 460.49966675773709 0.039708839759705371 0.039708839759705371 0.039708839759705371 1 1 1 Converged Converged Converged OK OK OK 209 209 209 209 209 209 7 7 7 0 0 0 0 1 0 0 1
62 62 uniform 0 23 625 3 0.0001 0.87959899288764087 0.00012462266556795265 0.004254305889366687 -0.0014478986382586842 -4.3129347268021129e-05 -0.00059703746038534673 0 0.00070664177232837902 467.50998210591507 OK 13 14 0.82896099999999995 0.91393599999999997 0.33644800000000002 0.49410999999999999 0.31934800000000002 0 0.33485099999999995 0.59458799999999989 0.33644800000000002 0.0063140000000000002 0.0063749999999999996 0.0058739999999999999 0.27200299999999999 0.5330450000000001 0.27789100000000011 0.019022999999999998 0.016445000000000005 0.015637999999999999 0.0017609999999999998 0.0018109999999999999 0.001761 467.50868417961294 467.50868417961294 467.50868417961294 0.030762700161404394 0.030762700161404394 0.030762700161404394 1 1 1 Converged Converged Converged OK OK OK 217 217 217 217 217 217 7 7 7 0 0 0 0 1 0 0 1
62 62 uniform 1 0 626 0 0.001 0.87959899288764087 0.00012462266556795265 0.004254305889366687 0.24563112648882812 -0.013091555132234227 0.24478026531095479 0 -0.24467066099901175 5.4274419638755838 OK 13 12 0.405636 0.40490199999999998 0.10241500000000001 0.301902 0.30118600000000001 0 0.10373399999999999 0.10371599999999997 0.10241500000000001 0.0096109999999999998 0.0095169999999999994 0.0091669999999999998 0.071281000000000011 0.071323999999999999 0.070795999999999984 0.0031259999999999999 0.0032179999999999999 0.0031480000000000002 0.00080100000000000017 0.00080099999999999995 0.00083699999999999996 5.427453773419634 5.427453773419634 5.427453773419634 0.004544418380234545 0.004544418380234545 0.004544418380234545 1 1 1 Converged Converged Converged OK OK OK 75 75 75 75 75 75 5 5 5 0 0 0 0 0 1 0 0
62 62 uniform 1 7 626 1 0.001 0.87959899288764087 0.00012462266556795265 0.004254305889366687 0.24563112648882812 -0.013091555132234227 0.24529818081052987 0 -0.24518857649858683 5.4485545201278969 OK 13 12 0.39696300000000001 0.25886399999999998 0.096772999999999998 0.29868299999999998 0.14138700000000001 0 0.098280000000000034 0.11747699999999997 0.096772999999999998 0.0084080000000000005 0.0084309999999999993 0.0078919999999999997 0.072104999999999989 0.091119999999999979 0.071684000000000025 0.003114 0.0032789999999999998 0.0030699999999999998 0.00077200000000000012 0.00078399999999999997 0.00073900000000000007 5.4485602822976746 5.4485602822976746 5.4485602822976746 0.0041468783238060259 0.0041468783238060259 0.0041468783238060259 1 1 1 Converged Converged Converged OK OK OK 75 75 75 75 75 75 5 5 5 0 0 0 0 1 0 0 1
62 62 uniform 1 15 626 2 0.001 0.87959899288764087 0.00012462266556795265 0.004254305889366687 0.24563112648882812 -0.013091555132234227 0.24589008423861566 0 -0.24578047992667262 5.4726618872825616 OK 13 12 0.40542299999999998 0.253662 0.094479999999999995 0.30796000000000001 0.139324 0 0.097462999999999966 0.114338 0.094479999999999995 0.0084930000000000005 0.0082950000000000003 0.0078729999999999998 0.070363999999999982 0.088474999999999998 0.069383000000000014 0.0034299999999999999 0.003124 0.0030370000000000002 0.00086399999999999997 0.00079699999999999997 0.00080199999999999998 5.4726635046310887 5.4726635046310887 5.4726635046310887 0.003827405462118389 0.003827405462118389 0.003827405462118389 1 1 1 Converged Converged Converged OK OK OK 75 75 75 75 75 75 5 5 5 0 0 0 0 1 0 0 1
62 62 uniform 1 23 626 3 0.001 0.87959899288764087 0.00012462266556795265 0.004254305889366687 0.24563112648882812 -0.013091555132234227 0.24648198766670146 0 -0.24637238335475842 5.4966792855737872 OK 13 12 0.40203800000000001 0.25755299999999998 0.096073000000000006 0.30380200000000002 0.13891100000000001 0 0.09823599999999999 0.11864199999999997 0.096073000000000006 0.0084270000000000005 0.0085000000000000006 0.0078810000000000009 0.07140299999999998 0.092399000000000023 0.070915999999999979 0.0035109999999999998 0.003127 0.0031840000000000002 0.00080699999999999999 0.00077799999999999994 0.00074700000000000005 5.4966782768721307 5.4966782768721307 5.4966782768721307 0.0034786052349391763 0.0034786052349391763 0.0034786052349391763 1 1 1 Converged Converged Converged OK OK OK 75 75 75 75 75 75 5 5 5 0 0 0 0 1 0 0 1
62 62 uniform 1 0 626 0 0.0001 0.87959899288764087 0.00012462266556795265 0.004254305889366687 0.24563112648882812 -0.013091555132234227 0.24478026531095479 0 -0.24467066099901175 5.4274419638755838 OK 13 12 0.45940399999999998 0.45630999999999999 0.15579599999999999 0.30106699999999997 0.30055799999999999 0 0.15833700000000001 0.155752 0.15579599999999999 0.0094149999999999998 0.0093279999999999995 0.0089519999999999999 0.11019700000000002 0.10944300000000001 0.10930399999999996 0.0071319999999999995 0.006156 0.0062160000000000002 0.0010820000000000001 0.0011099999999999999 0.0011330000000000001 5.4274417805106028 5.4274417805106028 5.4274417805106028 4.3418294500798209e-05 4.3418294500798209e-05 4.3418294500798209e-05 1 1 1 Converged Converged Converged OK OK OK 123 123 123 123 123 123 5 5 5 0 0 0 0 0 1 0 0
62 62 uniform 1 7 626 1 0.0001 0.87959899288764087 0.00012462266556795265 0.004254305889366687 0.24563112648882812 -0.013091555132234227 0.24529818081052987 0 -0.24518857649858683 5.4485545201278969 OK 13 12 0.45121299999999998 0.32622499999999999 0.149121 0.29680800000000002 0.139464 0 0.15440499999999996 0.18676099999999998 0.149121 0.0083459999999999993 0.0085690000000000002 0.0080909999999999992 0.112498 0.14790999999999999 0.11174000000000001 0.010109 0.0065339999999999999 0.0061360000000000008 0.001039 0.0010999999999999998 0.001047 5.4485545093821726 5.4485545093821726 5.4485545093821726 6.2895634661813365e-05 6.2895634661813365e-05 6.2895634661813365e-05 1 1 1 Converged Converged Converged OK OK OK 123 123 123 123 123 123 5 5 5 0 0 0 0 1 0 0 1
62 62 uniform 1 15 626 2 0.0001 0.87959899288764087 0.00012462266556795265 0.004254305889366687 0.24563112648882812 -0.013091555132234227 0.24589008423861566 0 -0.24578047992667262 5.4726618872825616 OK 13 12 0.44350299999999998 0.33015499999999998 0.144535 0.29768699999999998 0.14391300000000001 0 0.145816 0.18624199999999996 0.144535 0.0084290000000000007 0.0084930000000000005 0.0078860000000000006 0.10791599999999998 0.14807499999999996 0.10764399999999995 0.0061850000000000004 0.0061880000000000008 0.00613 0.0010860000000000002 0.001075 0.0010479999999999999 5.4726619066068531 5.4726619066068531 5.4726619066068531 0.00012204168979189295 0.00012204168979189295 0.00012204168979189295 1 1 1 Converged Converged Converged OK OK OK 123 123 123 123 123 123 5 5 5 0 0 0 0 1 0 0 1
62 62 uniform 1 23 626 3 0.0001 0.87959899288764087 0.00012462266556795265 0.004254305889366687 0.24563112648882812 -0.013091555132234227 0.24648198766670146 0 -0.24637238335475842 5.4966792855737872 OK 13 12 0.44793899999999998 0.33349600000000001 0.15094299999999999 0.29643000000000003 0.142482 0 0.15150899999999995 0.19101400000000002 0.15094299999999999 0.0085520000000000006 0.0085000000000000006 0.0078279999999999999 0.11206500000000003 0.15263600000000002 0.11137499999999999 0.0067950000000000007 0.0063929999999999994 0.0062240000000000004 0.0011130000000000001 0.00099200000000000004 0.0010479999999999999 5.4966793040693549 5.4966793040693549 5.4966793040693549 0.00019524737822766846 0.00019524737822766846 0.00019524737822766846 1 1 1 Converged Converged Converged OK OK OK 123 123 123 123 123 123 5 5 5 0 0 0 0 1 0 0 1
62 62 uniform 2 0 627 0 0.001 0.87959899288764087 0.00012462266556795265 0.004254305889366687 0.25228084069670159 -0.01983299343084571 0.25142997951882823 0 -0.25132037520688522 4.3764815553993035 OK 13 12 0.37219099999999999 0.374884 0.068843000000000001 0.30237000000000003 0.30511300000000002 0 0.069820999999999966 0.069770999999999972 0.068843000000000001 0.0090430000000000007 0.0088889999999999993 0.0086619999999999996 0.044948000000000002 0.044901999999999997 0.044584999999999993 0.0022109999999999999 0.0022620000000000001 0.002202 0.00055900000000000004 0.00056599999999999999 0.00058200000000000005 4.3764815214435409 4.3764815214435409 4.3764815214435409 0.001668425878314699 0.001668425878314699 0.001668425878314699 1 1 1 Converged Converged Converged OK OK OK 45 45 45 45 45 45 3 3 3 0 0 0 0 0 1 0 0
62 62 uniform 2 7 627 1 0.001 0.87959899288764087 0.00012462266556795265 0.004254305889366687 0.25228084069670159 -0.01983299343084571 0.25194789501840331 0 -0.2518382907064603 4.3816931224102271 OK 13 12 0.37156299999999998 0.22653899999999999 0.065951999999999997 0.30312699999999998 0.13999600000000001 0 0.068435999999999997 0.086542999999999981 0.065951999999999997 0.0082030000000000002 0.0083070000000000001 0.0076569999999999997 0.045662999999999995 0.064355999999999997 0.044865999999999996 0.0022620000000000001 0.0022060000000000001 0.0021510000000000001 0.00060899999999999995 0.00056499999999999996 0.00053600000000000002 4.3816930862767505 4.3816930862767505 4.3816930862767505 0.0016753894191012678 0.0016753894191012678 0.0016753894191012678 1 1 1 Converged Converged Converged OK OK OK 45 45 45 45 45 45 3 3 3 0 0 0 0 1 0 0 1
62 62 uniform 2 15 627 2 0.001 0.87959899288764087 0.00012462266556795265 0.004254305889366687 0.25228084069670159 -0.01983299343084571 0.25253979844648911 0 -0.25243019413454609 4.3947584197262701 OK 13 12 0.37484299999999998 0.22295400000000001 0.062898999999999997 0.30942900000000001 0.14260999999999999 0 0.065413999999999972 0.080344000000000027 0.062898999999999997 0.0082199999999999999 0.0082780000000000006 0.0076660000000000001 0.042744000000000004 0.058179000000000008 0.041918999999999998 0.00232 0.002258 0.0021949999999999999 0.00056899999999999995 0.000553 0.00055999999999999995 4.3947582821508338 4.3947582821508338 4.3947582821508338 0.0016800951021622142 0.0016800951021622142 0.0016800951021622142 1 1 1 Converged Converged Converged OK OK OK 45 45 45 45 45 45 3 3 3 0 0 0 0 1 0 0 1
62 62 uniform 2 23 627 3 0.001 0.87959899288764087 0.00012462266556795265 0.004254305889366687 0.25228084069670159 -0.01983299343084571 0.25313170187457495 0 -0.25302209756263194 4.4645040439193933 OK 13 12 0.42375800000000002 0.27410800000000002 0.096389000000000002 0.32813399999999998 0.16341900000000001 0 0.095624000000000042 0.11068900000000001 0.096389000000000002 0.0088540000000000008 0.0089130000000000008 0.011589 0.069561000000000012 0.085062999999999986 0.068699999999999983 0.0026839999999999998 0.0026229999999999999 0.0024510000000000001 0.00071699999999999997 0.00070699999999999995 0.00067900000000000013 4.4645057239130637 4.4645057239130637 4.4645057239130637 0.003282709071269554 0.003282709071269554 0.003282709071269554 1 1 1 Converged Converged Converged OK OK OK 59 59 59 59 59 59 5 5 5 0 0 0 0 1 0 0 1
62 62 uniform 2 0 627 0 0.0001 0.87959899288764087 0.00012462266556795265 0.004254305889366687 0.25228084069670159 -0.01983299343084571 0.25142997951882823 0 -0.25132037520688522 4.3764815553993035 OK 13 12 0.41621900000000001 0.41041899999999998 0.10647 0.30440099999999998 0.30296800000000002 0 0.11181800000000003 0.10745099999999996 0.10647 0.0093369999999999998 0.0090430000000000007 0.0087799999999999996 0.073973999999999998 0.070934000000000025 0.070504000000000011 0.0040359999999999997 0.0039389999999999998 0.0038700000000000002 0.00098399999999999985 0.00089099999999999997 0.00090100000000000011 4.3764815193292037 4.3764815193292037 4.3764815193292037 4.3791223944390214e-05 4.3791223944390214e-05 4.3791223944390214e-05 1 1 1 Converged Converged Converged OK OK OK 77 77 77 77 77 77 3 3 3 0 0 0 0 0 1 0 0
62 62 uniform 2 7 627 1 0.0001 0.87959899288764087 0.00012462266556795265 0.004254305889366687 0.25228084069670159 -0.01983299343084571 0.25194789501840331 0 -0.2518382907064603 4.3816931224102271 OK 13 12 0.409026 0.279032 0.10236000000000001 0.30449399999999999 0.14044499999999999 0 0.10453200000000001 0.13858700000000002 0.10236000000000001 0.0082810000000000002 0.0082179999999999996 0.0078370000000000002 0.072159999999999988 0.10664 0.071449000000000013 0.0040260000000000001 0.003954 0.0038069999999999996 0.00088800000000000012 0.00081300000000000003 0.00077799999999999994 4.3816930841449873 4.3816930841449873 4.3816930841449873 5.1967443870962323e-05 5.1967443870962323e-05 5.1967443870962323e-05 1 1 1 Converged Converged Converged OK OK OK 77 77 77 77 77 77 3 3 3 0 0 0 0 1 0 0 1
62 62 uniform 2 15 627 2 0.0001 0.87959899288764087 0.00012462266556795265 0.004254305889366687 0.25228084069670159 -0.01983299343084571 0.25253979844648911 0 -0.25243019413454609 4.3947584197262701 OK 13 12 0.40975099999999998 0.27685799999999999 0.099279999999999993 0.30898999999999999 0.146591 0 0.10076099999999999 0.13026699999999999 0.099279999999999993 0.0081639999999999994 0.0082150000000000001 0.0076730000000000001 0.069082000000000005 0.098249999999999962 0.068590999999999999 0.0038750000000000004 0.0039389999999999998 0.0038609999999999998 0.0008250000000000001 0.00082100000000000001 0.000767 4.3947582800008496 4.3947582800008496 4.3947582800008496 5.817073734594337e-05 5.817073734594337e-05 5.817073734594337e-05 1 1 1 Converged Converged Converged OK OK OK 77 77 77 77 77 77 3 3 3 0 0 0 0 1 0 0 1
62 62 uniform 2 23 627 3 0.0001 0.87959899288764087 0.00012462266556795265 0.004254305889366687 0.25228084069670159 -0.01983299343084571 0.25313170187457495 0 -0.25302209756263194 4.4645040439193933 OK 13 12 0.47597099999999998 0.34284500000000001 0.14330200000000001 0.334011 0.163684 0 0.14195999999999998 0.17916100000000001 0.14330200000000001 0.0089009999999999992 0.0087729999999999995 0.0081799999999999998 0.10419499999999998 0.14094699999999996 0.10392999999999998 0.0045439999999999994 0.0048019999999999998 0.004267 0.0010379999999999999 0.0010139999999999999 0.001034 4.4645034429222195 4.4645034429222195 4.4645034429222195 0.00019154672336319569 0.00019154672336319569 0.00019154672336319569 1 1 1 Converged Converged Converged OK OK OK 99 99 99 99 99 99 5 5 5 0 0 0 0 1 0 0 1
62 62 uniform 3 0 628 0 0.001 0.87959899288764087 0.00012462266556795265 0.004254305889366687 0.0023410231957397957 0.0059058371870171957 0.0014901620178664583 0 -0.001380557705923426 178.66404405642405 OK 13 12 0.42114000000000001 0.42598599999999998 0.085529999999999995 0.33184200000000003 0.33936500000000003 0 0.089297999999999988 0.086620999999999948 0.085529999999999995 0.011017000000000001 0.010789999999999999 0.010052999999999999 0.060125999999999985 0.059077999999999999 0.05872100000000003 0.0027290000000000001 0.0023350000000000003 0.0022969999999999996 0.00062199999999999994 0.000602 0.00056299999999999992 178.6640563025768 178.6640563025768 178.6640563025768 0.069283738516005125 0.069283738516005125 0.069283738516005125 1 1 1 Converged Converged Converged OK OK OK 51 51 51 51 51 51 5 5 5 0 0 0 0 0 1 0 0
62 62 uniform 3 7 628 1 0.001 0.87959899288764087 0.00012462266556795265 0.004254305889366687 0.0023410231957397957 0.0059058371870171957 0.0020080775174415332 0 -0.0018984732054985009 174.30096293157845 OK 13 12 0.39891599999999999 0.36763600000000002 0.076329999999999995 0.319324 0.167848 0 0.079591999999999996 0.19978800000000002 0.076329999999999995 0.0097850000000000003 0.0096579999999999999 0.0090559999999999998 0.054995000000000002 0.17232700000000004 0.053806000000000007 0.0024549999999999997 0.0058519999999999996 0.0021800000000000001 0.00053300000000000005 0.00051599999999999997 0.00048099999999999998 174.30099007035571 174.30099007035571 174.30099007035571 0.099946766587725042 0.099946766587725042 0.099946766587725042 1 1 1 Converged Converged Converged OK OK OK 51 51 51 51 51 51 5 5 5 0 0 0 0 1 0 0 1
62 62 uniform 3 15 628 2 0.001 0.87959899288764087 0.00012462266556795265 0.004254305889366687 0.0023410231957397957 0.0059058371870171957 0.0025999809455273331 0 -0.0024903766335843008 168.14482882546585 OK 13 12 0.40581800000000001 0.35969299999999998 0.077884999999999996 0.32514300000000002 0.17657300000000001 0 0.080674999999999997 0.18311999999999998 0.077884999999999996 0.009554 0.0093690000000000006 0.0087620000000000007 0.056871000000000005 0.159584 0.055443999999999979 0.0024270000000000003 0.0022179999999999999 0.002186 0.000522 0.00047899999999999999 0.00047899999999999999 168.14488080676801 168.14488080676801 168.14488080676801 0.1560341121667389 0.1560341121667389 0.1560341121667389 1 1 1 Converged Converged Converged OK OK OK 51 51 51 51 51 51 5 5 5 0 0 0 0 1 0 0 1
62 62 uniform 3 23 628 3 0.001 0.87959899288764087 0.00012462266556795265 0.004254305889366687 0.0023410231957397957 0.0059058371870171957 0.0031918843736131334 0 -0.0030822800616701011 161.16858125457173 OK 13 12 0.428373 0.415906 0.079937999999999995 0.34548000000000001 0.19706799999999999 0 0.082892999999999994 0.218838 0.079937999999999995 0.0093790000000000002 0.0094579999999999994 0.0088109999999999994 0.056343999999999998 0.19220300000000001 0.055108999999999998 0.0026749999999999999 0.0026870000000000002 0.0024559999999999998 0.00070300000000000007 0.00066299999999999996 0.00064700000000000001 161.16847726457797 161.16847726457797 161.16847726457797 0.13095015362518342 0.13095015362518342 0.13095015362518342 1 1 1 Converged Converged Converged OK OK OK 59 59 59 59 59 59 5 5 5 0 0 0 0 1 0 0 1
62 62 uniform 3 0 628 0 0.0001 0.87959899288764087 0.00012462266556795265 0.004254305889366687 0.0023410231957397957 0.0059058371870171957 0.0014901620178664583 0 -0.001380557705923426 178.66404405642405 OK 13 12 0.454376 0.45161499999999999 0.122637 0.33458199999999999 0.33270699999999997 0 0.11979400000000001 0.11890800000000001 0.122637 0.010732999999999999 0.010540000000000001 0.014633999999999999 0.083389999999999992 0.083228999999999984 0.083149999999999988 0.0034329999999999999 0.0034840000000000001 0.0034130000000000002 0.00084900000000000015 0.00086000000000000009 0.00081400000000000005 178.66404076954035 178.66404076954035 178.66404076954035 0.010841594165423062 0.010841594165423062 0.010841594165423062 1 1 1 Converged Converged Converged OK OK OK 75 75 75 75 75 75 5 5 5 0 0 0 0 0 1 0 0
62 62 uniform 3 7 628 1 0.0001 0.87959899288764087 0.00012462266556795265 0.004254305889366687 0.0023410231957397957 0.0059058371870171957 0.0020080775174415332 0 -0.0018984732054985009 174.30096293157845 OK 13 12 0.45008300000000001 0.53415000000000001 0.12911600000000001 0.32303999999999999 0.17188300000000001 0 0.12704300000000002 0.36226700000000001 0.12911600000000001 0.0096830000000000006 0.0098560000000000002 0.010299000000000001 0.090067000000000022 0.32459599999999994 0.092116999999999991 0.0043609999999999994 0.0046569999999999997 0.0043560000000000005 0.0009369999999999999 0.00091500000000000001 0.00092900000000000014 174.30095917735099 174.30095917735099 174.30095917735099 0.0093751545439657025 0.0093751545439657025 0.0093751545439657025 1 1 1 Converged Converged Converged OK OK OK 91 91 91 91 91 91 5 5 5 0 0 0 0 1 0 0 1
62 62 uniform 3 15 628 2 0.0001 0.87959899288764087 0.00012462266556795265 0.004254305889366687 0.0023410231957397957 0.0059058371870171957 0.0025999809455273331 0 -0.0024903766335843008 168.14482882546585 OK 13 12 0.43480099999999999 0.47080499999999997 0.10685 0.32659300000000002 0.17768800000000001 0 0.10820799999999997 0.29311699999999996 0.10685 0.0093509999999999999 0.0095090000000000001 0.0087530000000000004 0.076391000000000001 0.25981899999999997 0.076107000000000036 0.003725 0.0043309999999999998 0.0039089999999999993 0.00092400000000000002 0.00098399999999999985 0.00088700000000000009 168.14482561798192 168.14482561798192 168.14482561798192 0.012787746044780703 0.012787746044780703 0.012787746044780703 1 1 1 Converged Converged Converged OK OK OK 83 83 83 83 83 83 5 5 5 0 0 0 0 1 0 0 1
62 62 uniform 3 23 628 3 0.0001 0.87959899288764087 0.00012462266556795265 0.004254305889366687 0.0023410231957397957 0.0059058371870171957 0.0031918843736131334 0 -0.0030822800616701011 161.16858125457173 OK 13 12 0.44916 0.50491900000000001 0.101354 0.34643800000000002 0.19917799999999999 0 0.10272199999999998 0.30574100000000004 0.101354 0.0093939999999999996 0.0093310000000000008 0.0087320000000000002 0.071071999999999969 0.27283999999999992 0.070719999999999991 0.0038020000000000003 0.0042059999999999997 0.003784 0.00094499999999999998 0.001057 0.00096900000000000003 161.16857928493968 161.16857928493968 161.16857928493968 0.0047818185906366231 0.0047818185906366231 0.0047818185906366231 1 1 1 Converged Converged Converged OK OK OK 83 83 83 83 83 83 5 5 5 0 0 0 0 1 0 0 1
62 62 uniform 4 0 629 0 0.001 0.87959899288764087 0.00012462266556795265 0.004254305889366687 0.0044171986960530908 0.0073749603458796182 0.0035663375181797536 0 -0.0034567332062367213 128.23342324429024 OK 13 12 0.45858100000000002 0.45894200000000002 0.091942999999999997 0.36696600000000001 0.36345300000000003 0 0.091615000000000002 0.095488999999999991 0.091942999999999997 0.010742 0.011114000000000001 0.010973999999999999 0.061707999999999992 0.064895999999999981 0.061820000000000021 0.0026050000000000001 0.0027650000000000001 0.002771 0.00066699999999999995 0.00069700000000000003 0.000669 128.23344297912891 128.23344297912891 128.23344297912891 0.11243120107663863 0.11243120107663863 0.11243120107663863 1 1 1 Converged Converged Converged OK OK OK 59 59 59 59 59 59 5 5 5 0 0 0 0 0 1 0 0
62 62 uniform 4 7 629 1 0.001 0.87959899288764087 0.00012462266556795265 0.004254305889366687 0.0044171986960530908 0.0073749603458796182 0.0040842530177548284 0 -0.0039746487058117961 124.48722085200893 OK 13 12 0.45153300000000002 0.44455899999999998 0.095448000000000005 0.354381 0.19178999999999999 0 0.097152000000000016 0.25276900000000002 0.095448000000000005 0.0098829999999999994 0.0099839999999999998 0.0093749999999999997 0.068608999999999989 0.22379100000000005 0.067919999999999994 0.0027440000000000003 0.003058 0.0029000000000000002 0.00085799999999999993 0.00087199999999999995 0.00079599999999999994 124.48718426745465 124.48718426745465 124.48718426745465 0.042867728392254424 0.042867728392254424 0.042867728392254424 1 1 1 Converged Converged Converged OK OK OK 67 67 67 67 67 67 5 5 5 0 0 0 0 1 0 0 1
62 62 uniform 4 15 629 2 0.001 0.87959899288764087 0.00012462266556795265 0.004254305889366687 0.0044171986960530908 0.0073749603458796182 0.0046761564458406282 0 -0.0045665521338975959 120.03055106047424 OK 12 11 0.39136599999999999 0.376778 0.068377999999999994 0.32062600000000002 0.16722100000000001 0 0.07073999999999997 0.20955699999999999 0.068377999999999994 0.0096469999999999993 0.0096399999999999993 0.0090620000000000006 0.047593999999999997 0.18625999999999998 0.046833999999999994 0.002382 0.0023190000000000003 0.0020630000000000002 0.00062799999999999998 0.00064400000000000004 0.00064800000000000003 120.03048476061635 120.03048476061635 120.03048476061635 0.034235326314729614 0.034235326314729614 0.034235326314729614 1 1 1 Converged Converged Converged OK OK OK 52 52 52 52 52 52 4 4 4 0 0 0 0 1 0 0 1
62 62 uniform 4 23 629 3 0.001 0.87959899288764087 0.00012462266556795265 0.004254305889366687 0.0044171986960530908 0.0073749603458796182 0.005268059873926428 0 -0.0051584555619833957 115.49778072094989 OK 12 11 0.38007600000000002 0.32055099999999997 0.064574000000000006 0.31374800000000003 0.153949 0 0.066327999999999998 0.16660199999999997 0.064574000000000006 0.0092750000000000003 0.012305 0.0086719999999999992 0.043914000000000009 0.14053599999999999 0.043547000000000009 0.002382 0.0026609999999999997 0.0020210000000000002 0.00065600000000000012 0.00068500000000000006 0.00064400000000000004 115.49770337119291 115.49770337119291 115.49770337119291 0.038308189494249953 0.038308189494249953 0.038308189494249953 1 1 1 Converged Converged Converged OK OK OK 52 52 52 52 52 52 4 4 4 0 0 0 0 1 0 0 1
62 62 uniform 4 0 629 0 0.0001 0.87959899288764087 0.00012462266556795265 0.004254305889366687 0.0044171986960530908 0.0073749603458796182 0.0035663375181797536 0 -0.0034567332062367213 128.23342324429024 OK 13 12 0.48537999999999998 0.47835 0.115189 0.36808999999999997 0.36290600000000001 0 0.11729000000000001 0.11544399999999999 0.115189 0.010984000000000001 0.010841 0.010558 0.077453000000000022 0.076687999999999992 0.076916999999999985 0.0039199999999999999 0.003784 0.0038329999999999996 0.001088 0.00095299999999999985 0.00098899999999999986 128.2334213119326 128.2334213119326 128.2334213119326 0.0013228946119941212 0.0013228946119941212 0.0013228946119941212 1 1 1 Converged Converged Converged OK OK OK 83 83 83 83 83 83 5 5 5 0 0 0 0 0 1 0 0
62 62 uniform 4 7 629 1 0.0001 0.87959899288764087 0.00012462266556795265 0.004254305889366687 0.0044171986960530908 0.0073749603458796182 0.0040842530177548284 0 -0.0039746487058117961 124.48722085200893 OK 13 12 0.462949 0.50707199999999997 0.109293 0.35238900000000001 0.195547 0 0.11055999999999999 0.31152499999999994 0.109293 0.0098270000000000007 0.0097959999999999992 0.0093430000000000006 0.078599999999999975 0.27857100000000001 0.078217999999999982 0.0036370000000000005 0.0038669999999999998 0.0036139999999999996 0.00088800000000000001 0.00093899999999999995 0.00088499999999999994 124.48721918620298 124.48721918620298 124.48721918620298 0.00061851442000502113 0.00061851442000502113 0.00061851442000502113 1 1 1 Converged Converged Converged OK OK OK 83 83 83 83 83 83 5 5 5 0 0 0 0 1 0 0 1
62 62 uniform 4 15 629 2 0.0001 0.87959899288764087 0.00012462266556795265 0.004254305889366687 0.0044171986960530908 0.0073749603458796182 0.0046761564458406282 0 -0.0045665521338975959 120.03055106047424 OK 12 11 0.41300500000000001 0.42603000000000002 0.085241999999999998 0.32521099999999997 0.16822200000000001 0 0.087794000000000039 0.25780800000000004 0.085241999999999998 0.0098219999999999991 0.009665 0.0090830000000000008 0.059705999999999988 0.22945799999999994 0.058904999999999992 0.0029940000000000001 0.0032819999999999998 0.0028879999999999999 0.00083000000000000001 0.00088400000000000002 0.00080200000000000009 120.03054970990082 120.03054970990082 120.03054970990082 0.00053679274225229892 0.00053679274225229892 0.00053679274225229892 1 1 1 Converged Converged Converged OK OK OK 68 68 68 68 68 68 4 4 4 0 0 0 0 1 0 0 1
62 62 uniform 4 23 629 3 0.0001 0.87959899288764087 0.00012462266556795265 0.004254305889366687 0.0044171986960530908 0.0073749603458796182 0.005268059873926428 0 -0.0051584555619833957 115.49778072094989 OK 12 11 0.39718700000000001 0.37528499999999998 0.082885 0.312052 0.16026899999999999 0 0.085135000000000016 0.21501599999999998 0.082885 0.009391 0.0092460000000000007 0.0086669999999999994 0.057891999999999999 0.18769099999999997 0.057336999999999992 0.0030530000000000002 0.003039 0.0028349999999999998 0.00081000000000000006 0.00083499999999999991 0.00079300000000000009 115.4977798385098 115.4977798385098 115.4977798385098 0.00069250979770798843 0.00069250979770798843 0.00069250979770798843 1 1 1 Converged Converged Converged OK OK OK 68 68 68 68 68 68 4 4 4 0 0 0 0 1 0 0 1
63 63 linear 0 0 630 0 0.001 2.3091029719179157 0.069785425511630653 0.029201851801063852 0.13081040213132503 0.007601350145998784 0.12497003177111225 0.5 0.025659925978027728 63.565001176679239 OK 14 13 0.71495500000000001 0.71658999999999995 0.24832799999999999 0.46036300000000002 0.46600200000000003 0 0.25459199999999998 0.25058799999999992 0.24832799999999999 0.010482999999999999 0.010722000000000001 0.010576 0.20953299999999994 0.20475699999999999 0.20347500000000002 0.0042469999999999999 0.0043959999999999997 0.0044120000000000001 0.0013030000000000001 0.001356 0.00132 63.565351962420124 63.565351962420124 63.565351962420124 0.015929281430987721 0.015929281430987721 0.015929281430987721 1 1 1 Converged Converged Converged OK OK OK 103 103 103 103 103 103 9 9 9 0 0 0 0 0 1 0 0
63 63 linear 0 7 630 1 0.001 2.3091029719179157 0.069785425511630653 0.029201851801063852 0.13081040213132503 0.007601350145998784 0.12852503981645916 0.5 0.022104917932680823 62.45979731944675 OK 14 13 0.72842700000000005 0.64092899999999997 0.251917 0.46792099999999998 0.36957200000000001 0 0.26050600000000007 0.27135699999999996 0.251917 0.0093349999999999995 0.0093509999999999999 0.0087770000000000001 0.22521100000000005 0.23603300000000005 0.21837000000000006 0.0043530000000000001 0.0044699999999999991 0.0041380000000000002 0.0012850000000000001 0.001366 0.0012319999999999998 62.459488379930555 62.459488379930555 62.459488379930555 0.017395511646894294 0.017395511646894294 0.017395511646894294 1 1 1 Converged Converged Converged OK OK OK 110 110 110 110 110 110 10 10 10 0 0 0 0 1 0 0 1
63 63 linear 0 15 630 2 0.001 2.3091029719179157 0.069785425511630653 0.029201851801063852 0.13081040213132503 0.007601350145998784 0.13258790615399849 0.5 0.018042051595141495 59.993307379837255 OK 14 13 0.63412900000000005 0.54791400000000001 0.231849 0.39321099999999998 0.28956799999999999 0 0.24091800000000008 0.25834600000000002 0.231849 0.0093690000000000006 0.0097280000000000005 0.0088280000000000008 0.20697100000000002 0.22448000000000007 0.20029 0.0046800000000000001 0.0044050000000000001 0.0039420000000000002 0.001096 0.0011640000000000001 0.001103 59.993497913898828 59.993497913898828 59.993497913898828 0.056705458520115083 0.056705458520115083 0.056705458520115083 1 1 1 Converged Converged Converged OK OK OK 102 102 102 102 102 102 10 10 10 0 0 0 0 1 0 0 1
63 63 linear 0 23 630 3 0.001 2.3091029719179157 0.069785425511630653 0.029201851801063852 0.13081040213132503 0.007601350145998784 0.13665077249153779 0.5 0.013979185257602195 56.495845581485774 OK 15 14 0.65297899999999998 0.56985300000000005 0.261467 0.383907 0.281773 0 0.26907199999999998 0.28808000000000006 0.261467 0.013166000000000001 0.013152 0.012193000000000001 0.22473699999999996 0.24448199999999995 0.22000400000000003 0.005326 0.0051010000000000005 0.0047130000000000002 0.0013090000000000001 0.001281 0.001266 56.496156753731 56.496156753731 56.496156753731 0.027683735168927411 0.027683735168927411 0.027683735168927411 1 1 1 Converged Converged Converged OK OK OK 117 117 117 117 117 117 11 11 11 0 0 0 0 1 0 0 1
63 63 linear 0 0 630 0 0.0001 2.3091029719179157 0.069785425511630653 0.029201851801063852 0.13081040213132503 0.007601350145998784 0.12497003177111225 0.5 0.025659925978027728 63.565001176679239 OK 14 13 0.76865300000000003 0.76127900000000004 0.29436600000000002 0.462557 0.46068399999999998 0 0.30609600000000003 0.30059500000000006 0.29436600000000002 0.011069000000000001 0.011129 0.010399 0.24994199999999983 0.24473700000000004 0.24119099999999999 0.0063039999999999988 0.006319 0.005592999999999999 0.0016359999999999999 0.0016420000000000002 0.0015490000000000002 63.565361626460671 63.565361626460671 63.565361626460671 0.0057841825366756489 0.0057841825366756489 0.0057841825366756489 1 1 1 Converged Converged Converged OK OK OK 127 127 127 127 127 127 9 9 9 0 0 0 0 0 1 0 0
63 63 linear 0 7 630 1 0.0001 2.3091029719179157 0.069785425511630653 0.029201851801063852 0.13081040213132503 0.007601350145998784 0.12852503981645916 0.5 0.022104917932680823 62.45979731944675 OK 14 13 0.76548000000000005 0.68114399999999997 0.29248800000000003 0.46274399999999999 0.36806899999999998 0 0.30273600000000006 0.31307499999999999 0.29248800000000003 0.0095709999999999996 0.0096629999999999997 0.0088419999999999992 0.26082199999999989 0.27200500000000005 0.25307200000000002 0.0060369999999999998 0.0059479999999999993 0.0056499999999999988 0.001647 0.0016229999999999999 0.001544 62.459498836009516 62.459498836009516 62.459498836009516 0.0045907723086755503 0.0045907723086755503 0.0045907723086755503 1 1 1 Converged Converged Converged OK OK OK 134 134 134 134 134 134 10 10 10 0 0 0 0 1 0 0 1
63 63 linear 0 15 630 2 0.0001 2.3091029719179157 0.069785425511630653 0.029201851801063852 0.13081040213132503 0.007601350145998784 0.13258790615399849 0.5 0.018042051595141495 59.993307379837255 OK 14 13 0.70913400000000004 0.62845799999999996 0.31109300000000001 0.39617799999999997 0.28711199999999998 0 0.31295600000000007 0.34134599999999998 0.31109300000000001 0.0093959999999999998 0.0093779999999999992 0.010071 0.26906700000000011 0.29721799999999987 0.26692900000000003 0.0060150000000000012 0.0064460000000000003 0.0061159999999999999 0.001745 0.0018620000000000002 0.0018890000000000001 59.993585447444637 59.993585447444637 59.993585447444637 0.0052899751738824542 0.0052899751738824542 0.0052899751738824542 1 1 1 Converged Converged Converged OK OK OK 142 142 142 142 142 142 10 10 10 0 0 0 0 1 0 0 1
63 63 linear 0 23 630 3 0.0001 2.3091029719179157 0.069785425511630653 0.029201851801063852 0.13081040213132503 0.007601350145998784 0.13665077249153779 0.5 0.013979185257602195 56.495845581485774 OK 15 14 0.71145499999999995 0.64344699999999999 0.31423499999999999 0.38231599999999999 0.28172900000000001 0 0.32913899999999996 0.36171799999999998 0.31423499999999999 0.013171 0.013525000000000001 0.012413 0.27643600000000007 0.30565600000000004 0.26531999999999994 0.0076400000000000001 0.0075230000000000002 0.0062719999999999989 0.00189 0.001954 0.0018150000000000002 56.49616062133925 56.49616062133925 56.49616062133925 0.0040030431549148695 0.0040030431549148695 0.0040030431549148695 1 1 1 Converged Converged Converged OK OK OK 149 149 149 149 149 149 11 11 11 0 0 0 0 1 0 0 1
63 63 linear 1 0 631 0 0.001 2.3091029719179157 0.069785425511630653 0.029201851801063852 -1.8299175398823373 -0.016142300709891356 -1.8357579102425501 0.5 1.98638786799169 5.8657138261778989 OK 16 15 0.59881899999999999 0.59798899999999999 0.24801799999999999 0.35217500000000002 0.350157 0 0.24664399999999997 0.247832 0.24801799999999999 0.012805 0.012725 0.012462000000000001 0.20306600000000008 0.20465600000000009 0.20487699999999998 0.0040670000000000003 0.0040219999999999995 0.0042160000000000001 0.001016 0.00097099999999999986 0.00096900000000000003 5.8656797260124636 5.8656797260124636 5.8656797260124636 0.0021136656542265399 0.0021136656542265399 0.0021136656542265399 1 1 1 Converged Converged Converged OK OK OK 88 88 88 88 88 88 8 8 8 0 0 0 0 0 1 0 0
63 63 linear 1 7 631 1 0.001 2.3091029719179157 0.069785425511630653 0.029201851801063852 -1.8299175398823373 -0.016142300709891356 -1.8322029021972031 0.5 1.982832859946343 6.1162938395827853 OK 16 15 0.55014600000000002 0.45312000000000002 0.22429499999999999 0.31876900000000002 0.20332500000000001 0 0.231377 0.24979500000000002 0.22429499999999999 0.011856999999999999 0.012049000000000001 0.011062000000000001 0.19658300000000001 0.21453800000000003 0.19125400000000004 0.0040750000000000005 0.0043299999999999996 0.0039560000000000003 0.001036 0.001016 0.00095699999999999995 6.1162933581731762 6.1162933581731762 6.1162933581731762 0.002791698857530106 0.002791698857530106 0.002791698857530106 1 1 1 Converged Converged Converged OK OK OK 88 88 88 88 88 88 8 8 8 0 0 0 0 1 0 0 1
63 63 linear 1 15 631 2 0.001 2.3091029719179157 0.069785425511630653 0.029201851801063852 -1.8299175398823373 -0.016142300709891356 -1.8281400358596638 0.5 1.9787699936088037 6.4015853764131947 OK 16 15 0.55217300000000002 0.45034999999999997 0.229711 0.31813999999999998 0.20236599999999999 0 0.23403300000000005 0.24798399999999998 0.229711 0.012073 0.012244 0.011299 0.19936199999999996 0.212394 0.19638099999999997 0.0039119999999999997 0.0045620000000000001 0.0039459999999999999 0.001029 0.001062 0.0010059999999999999 6.4015858003239412 6.4015858003239412 6.4015858003239412 0.0057804184720554198 0.0057804184720554198 0.0057804184720554198 1 1 1 Converged Converged Converged OK OK OK 88 88 88 88 88 88 8 8 8 0 0 0 0 1 0 0 1
63 63 linear 1 23 631 3 0.001 2.3091029719179157 0.069785425511630653 0.029201851801063852 -1.8299175398823373 -0.016142300709891356 -1.8240771695221245 0.5 1.9747071272712644 6.6801652255113293 OK 16 15 0.60960300000000001 0.50078699999999998 0.27050800000000003 0.32420900000000002 0.21004600000000001 0 0.28539399999999998 0.29074099999999997 0.27050800000000003 0.01367 0.012489999999999999 0.011646 0.24315399999999998 0.24951399999999999 0.23065400000000005 0.0043909999999999999 0.0047320000000000001 0.0044879999999999998 0.0011169999999999999 0.0013270000000000001 0.0011609999999999999 6.6801951343710124 6.6801951343710124 6.6801951343710124 0.003062239742630121 0.003062239742630121 0.003062239742630121 1 1 1 Converged Converged Converged OK OK OK 103 103 103 103 103 103 9 9 9 0 0 0 0 1 0 0 1
63 63 linear 1 0 631 0 0.0001 2.3091029719179157 0.069785425511630653 0.029201851801063852 -1.8299175398823373 -0.016142300709891356 -1.8357579102425501 0.5 1.98638786799169 5.8657138261778989 OK 16 15 0.671126 0.66457299999999997 0.31023899999999999 0.35070800000000002 0.35100599999999998 0 0.32041799999999998 0.31356699999999998 0.31023899999999999 0.012961 0.01303 0.012494999999999999 0.25793500000000014 0.25089 0.24972800000000012 0.0074030000000000007 0.0082790000000000016 0.0070139999999999985 0.001456 0.0013910000000000003 0.0014849999999999998 5.8656773984136761 5.8656773984136761 5.8656773984136761 0.00021035072360188408 0.00021035072360188408 0.00021035072360188408 1 1 1 Converged Converged Converged OK OK OK 128 128 128 128 128 128 8 8 8 0 0 0 0 0 1 0 0
63 63 linear 1 7 631 1 0.0001 2.3091029719179157 0.069785425511630653 0.029201851801063852 -1.8299175398823373 -0.016142300709891356 -1.8322029021972031 0.5 1.982832859946343 6.1162938395827853 OK 16 15 0.64641400000000004 0.54917099999999996 0.31145200000000001 0.32292599999999999 0.20824699999999999 0 0.32348800000000005 0.340924 0.31145200000000001 0.012061000000000001 0.011887999999999999 0.011221999999999999 0.27112299999999989 0.28856699999999985 0.26205600000000007 0.0076029999999999995 0.0075799999999999999 0.0069949999999999986 0.0016630000000000002 0.0018569999999999999 0.0016359999999999999 6.1162922848752874 6.1162922848752874 6.1162922848752874 0.00017550675298552975 0.00017550675298552975 0.00017550675298552975 1 1 1 Converged Converged Converged OK OK OK 136 136 136 136 136 136 8 8 8 0 0 0 0 1 0 0 1
63 63 linear 1 15 631 2 0.0001 2.3091029719179157 0.069785425511630653 0.029201851801063852 -1.8299175398823373 -0.016142300709891356 -1.8281400358596638 0.5 1.9787699936088037 6.4015853764131947 OK 16 15 0.63866699999999998 0.54378599999999999 0.30922500000000003 0.31790200000000002 0.20427400000000001 0 0.32076499999999997 0.33951199999999998 0.30922500000000003 0.012062 0.012389000000000001 0.011339 0.26815099999999981 0.28752899999999987 0.26160000000000011 0.010185 0.0084749999999999999 0.0067479999999999997 0.0016620000000000001 0.0018509999999999998 0.0018269999999999998 6.4016215677953152 6.4016215677953152 6.4016215677953152 0.00025008249269628275 0.00025008249269628275 0.00025008249269628275 1 1 1 Converged Converged Converged OK OK OK 136 136 136 136 136 136 8 8 8 0 0 0 0 1 0 0 1
63 63 linear 1 23 631 3 0.0001 2.3091029719179157 0.069785425511630653 0.029201851801063852 -1.8299175398823373 -0.016142300709891356 -1.8240771695221245 0.5 1.9747071272712644 6.6801652255113293 OK 16 15 0.68121900000000002 0.58535300000000001 0.34279799999999999 0.32421100000000003 0.209645 0 0.35700799999999999 0.37570800000000004 0.34279799999999999 0.012316000000000001 0.012437999999999999 0.011528 0.30704199999999982 0.32442700000000002 0.29419699999999993 0.006594 0.0071209999999999997 0.0067120000000000001 0.0016150000000000003 0.0019210000000000002 0.001598 6.6801933081079969 6.6801933081079969 6.6801933081079969 0.00055528045344469066 0.00055528045344469066 0.00055528045344469066 1 1 1 Converged Converged Converged OK OK OK 143 143 143 143 143 143 9 9 9 0 0 0 0 1 0 0 1
63 63 linear 2 0 632 0 0.001 2.3091029719179157 0.069785425511630653 0.029201851801063852 0.10256188595602919 0.04349540036346982 0.096721515595816418 0.5 0.053908442153323563 16.318209780150962 OK 13 12 0.39487899999999998 0.39063500000000001 0.104863 0.28832099999999999 0.28528999999999999 0 0.10655799999999999 0.10534500000000002 0.104863 0.010881999999999999 0.010905 0.010602 0.075966999999999979 0.074594999999999981 0.073837999999999973 0.003124 0.0033020000000000002 0.0034919999999999999 0.000776 0.00072800000000000002 0.00072000000000000005 16.318199186024145 16.318199186024145 16.318199186024145 0.0069438075420379794 0.0069438075420379794 0.0069438075420379794 1 1 1 Converged Converged Converged OK OK OK 60 60 60 60 60 60 4 4 4 0 0 0 0 0 1 0 0
63 63 linear 2 7 632 1 0.001 2.3091029719179157 0.069785425511630653 0.029201851801063852 0.10256188595602919 0.04349540036346982 0.10027652364116332 0.5 0.050353434107976658 17.329590264038526 OK 13 12 0.39488000000000001 0.32969799999999999 0.107671 0.28257100000000002 0.169182 0 0.11230899999999999 0.16051599999999999 0.107671 0.010735 0.010342 0.0099220000000000003 0.084004000000000009 0.13356499999999999 0.081142999999999993 0.0032160000000000001 0.0030139999999999998 0.003114 0.0009320000000000001 0.00075900000000000013 0.00084999999999999995 17.329542646369259 17.329542646369259 17.329542646369259 0.012267241451628609 0.012267241451628609 0.012267241451628609 1 1 1 Converged Converged Converged OK OK OK 59 59 59 59 59 59 5 5 5 0 0 0 0 1 0 0 1
63 63 linear 2 15 632 2 0.001 2.3091029719179157 0.069785425511630653 0.029201851801063852 0.10256188595602919 0.04349540036346982 0.10433938997870264 0.5 0.046290567770437344 18.982042173027445 OK 14 13 0.45117400000000002 0.43175000000000002 0.15018200000000001 0.29913200000000001 0.17949200000000001 0 0.15204200000000001 0.25225799999999998 0.15018200000000001 0.013776 0.014145 0.013356 0.112174 0.20995999999999995 0.11152399999999997 0.0044010000000000004 0.0055620000000000001 0.0043189999999999999 0.00095399999999999988 0.0011540000000000001 0.00097400000000000004 18.981914170542115 18.981914170542115 18.981914170542115 0.014616885050065791 0.014616885050065791 0.014616885050065791 1 1 1 Converged Converged Converged OK OK OK 82 82 82 82 82 82 6 6 6 0 0 0 0 1 0 0 1
63 63 linear 2 23 632 3 0.001 2.3091029719179157 0.069785425511630653 0.029201851801063852 0.10256188595602919 0.04349540036346982 0.10840225631624197 0.5 0.042227701432898015 22.636901394512449 OK 13 12 0.38819300000000001 0.35907099999999997 0.124652 0.25799800000000001 0.162019 0 0.13019500000000001 0.19705199999999998 0.124652 0.010359999999999999 0.010172 0.0095840000000000005 0.10155999999999998 0.1680039999999999 0.09802799999999999 0.0032070000000000006 0.003614 0.0030500000000000006 0.00087599999999999993 0.00098899999999999986 0.0007670000000000001 22.636878822537856 22.636878822537856 22.636878822537856 0.017133318594893834 0.017133318594893834 0.017133318594893834 1 1 1 Converged Converged Converged OK OK OK 66 66 66 66 66 66 6 6 6 0 0 0 0 1 0 0 1
63 63 linear 2 0 632 0 0.0001 2.3091029719179157 0.069785425511630653 0.029201851801063852 0.10256188595602919 0.04349540036346982 0.096721515595816418 0.5 0.053908442153323563 16.318209780150962 OK 13 12 0.40899400000000002 0.40056999999999998 0.113954 0.292244 0.28404299999999999 0 0.11675000000000002 0.11652699999999999 0.113954 0.011016 0.010786 0.010746 0.082410000000000053 0.08033899999999998 0.080210000000000004 0.0040920000000000002 0.0034710000000000001 0.0041390000000000003 0.00087599999999999993 0.00077000000000000007 0.00087900000000000012 16.318199099481223 16.318199099481223 16.318199099481223 0.00047569918776330306 0.00047569918776330306 0.00047569918776330306 1 1 1 Converged Converged Converged OK OK OK 68 68 68 68 68 68 4 4 4 0 0 0 0 0 1 0 0
63 63 linear 2 7 632 1 0.0001 2.3091029719179157 0.069785425511630653 0.029201851801063852 0.10256188595602919 0.04349540036346982 0.10027652364116332 0.5 0.050353434107976658 17.329590264038526 OK 13 12 0.41820299999999999 0.36749999999999999 0.12706600000000001 0.285273 0.170538 0 0.13292999999999999 0.196962 0.12706600000000001 0.010774000000000001 0.010584 0.0099509999999999998 0.09826799999999998 0.16361200000000004 0.094244999999999995 0.0043860000000000001 0.0041050000000000001 0.0043320000000000008 0.0010249999999999999 0.00093899999999999995 0.00097799999999999992 17.329575809466704 17.329575809466704 17.329575809466704 0.00085719367672800677 0.00085719367672800677 0.00085719367672800677 1 1 1 Converged Converged Converged OK OK OK 75 75 75 75 75 75 5 5 5 0 0 0 0 1 0 0 1
63 63 linear 2 15 632 2 0.0001 2.3091029719179157 0.069785425511630653 0.029201851801063852 0.10256188595602919 0.04349540036346982 0.10433938997870264 0.5 0.046290567770437344 18.982042173027445 OK 14 13 0.48240499999999997 0.48648799999999998 0.172517 0.30290499999999998 0.175097 0 0.17949999999999999 0.31139099999999997 0.172517 0.014052 0.013946 0.013417999999999999 0.13259200000000002 0.26533200000000001 0.12770899999999999 0.0054939999999999998 0.0052380000000000005 0.005522 0.0013790000000000002 0.001212 0.0012209999999999999 18.981919902692258 18.981919902692258 18.981919902692258 0.00074265157244787945 0.00074265157244787945 0.00074265157244787945 1 1 1 Converged Converged Converged OK OK OK 98 98 98 98 98 98 6 6 6 0 0 0 0 1 0 0 1
63 63 linear 2 23 632 3 0.0001 2.3091029719179157 0.069785425511630653 0.029201851801063852 0.10256188595602919 0.04349540036346982 0.10840225631624197 0.5 0.042227701432898015 22.636901394512449 OK 13 12 0.417549 0.41291600000000001 0.15515999999999999 0.25657200000000002 0.16317999999999999 0 0.16097699999999998 0.24973600000000001 0.15515999999999999 0.010049000000000001 0.0099679999999999994 0.0095239999999999995 0.12596899999999997 0.21312200000000001 0.12136700000000002 0.0046060000000000007 0.0054290000000000007 0.0046409999999999993 0.001041 0.001057 0.0011589999999999999 22.63686337047718 22.63686337047718 22.63686337047718 0.00155590298522644 0.00155590298522644 0.00155590298522644 1 1 1 Converged Converged Converged OK OK OK 90 90 90 90 90 90 6 6 6 0 0 0 0 1 0 0 1
63 63 linear 3 0 633 0 0.001 2.3091029719179157 0.069785425511630653 0.029201851801063852 0.070095111397770332 -0.038744497181312912 0.064254741037557558 0.5 0.086375216711582423 11.806124606655935 OK 13 12 0.35537400000000002 0.35710799999999998 0.097263000000000002 0.259214 0.25825599999999999 0 0.096160000000000023 0.098851999999999995 0.097263000000000002 0.0095209999999999999 0.013087 0.0093220000000000004 0.067888000000000018 0.067181000000000018 0.066261999999999988 0.0028339999999999997 0.002823 0.0028520000000000004 0.00059999999999999995 0.00059900000000000003 0.00061200000000000002 11.80611721066496 11.80611721066496 11.80611721066496 0.0056915086107031465 0.0056915086107031465 0.0056915086107031465 1 1 1 Converged Converged Converged OK OK OK 53 53 53 53 53 53 3 3 3 0 0 0 0 0 1 0 0
63 63 linear 3 7 633 1 0.001 2.3091029719179157 0.069785425511630653 0.029201851801063852 0.070095111397770332 -0.038744497181312912 0.067809749082904464 0.5 0.082820208666235517 12.181649593707732 OK 13 12 0.36101800000000001 0.28129399999999999 0.087724999999999997 0.268509 0.16475999999999999 0 0.092509000000000008 0.116534 0.087724999999999997 0.0087589999999999994 0.008907 0.0082830000000000004 0.066175999999999999 0.090888999999999998 0.06320199999999998 0.0031510000000000002 0.0029629999999999999 0.0028370000000000001 0.0006020000000000001 0.00057499999999999999 0.000602 12.181642047778242 12.181642047778242 12.181642047778242 0.0061196013191374236 0.0061196013191374236 0.0061196013191374236 1 1 1 Converged Converged Converged OK OK OK 53 53 53 53 53 53 3 3 3 0 0 0 0 1 0 0 1
63 63 linear 3 15 633 2 0.001 2.3091029719179157 0.069785425511630653 0.029201851801063852 0.070095111397770332 -0.038744497181312912 0.071872615420443778 0.5 0.078757342328696203 12.654102672834117 OK 13 12 0.37149300000000002 0.28105799999999997 0.090437000000000003 0.27688800000000002 0.15908700000000001 0 0.094604999999999995 0.12197099999999997 0.090437000000000003 0.009051 0.0090799999999999995 0.0085959999999999995 0.068519000000000024 0.096168999999999991 0.065872999999999987 0.0030309999999999998 0.0029230000000000003 0.0026689999999999999 0.00064299999999999991 0.00063200000000000007 0.00062200000000000005 12.654094533337641 12.654094533337641 12.654094533337641 0.0066109331905695335 0.0066109331905695335 0.0066109331905695335 1 1 1 Converged Converged Converged OK OK OK 53 53 53 53 53 53 3 3 3 0 0 0 0 1 0 0 1
63 63 linear 3 23 633 3 0.001 2.3091029719179157 0.069785425511630653 0.029201851801063852 0.070095111397770332 -0.038744497181312912 0.075935481757983106 0.5 0.074694475991156875 13.180944186852873 OK 13 12 0.373419 0.29108200000000001 0.086071999999999996 0.283808 0.16478899999999999 0 0.089610999999999996 0.12629300000000002 0.086071999999999996 0.0087930000000000005 0.0088039999999999993 0.0082039999999999995 0.064064999999999997 0.10106400000000004 0.061838999999999984 0.0030349999999999995 0.0028890000000000001 0.002751 0.00059199999999999997 0.00061600000000000001 0.00059099999999999995 13.180935408673907 13.180935408673907 13.180935408673907 0.0070778727382781563 0.0070778727382781563 0.0070778727382781563 1 1 1 Converged Converged Converged OK OK OK 53 53 53 53 53 53 3 3 3 0 0 0 0 1 0 0 1
63 63 linear 3 0 633 0 0.0001 2.3091029719179157 0.069785425511630653 0.029201851801063852 0.070095111397770332 -0.038744497181312912 0.064254741037557558 0.5 0.086375216711582423 11.806124606655935 OK 13 12 0.37822499999999998 0.377417 0.114547 0.25906699999999999 0.26111099999999998 0 0.11915799999999999 0.11630600000000002 0.114547 0.0096319999999999999 0.0094820000000000008 0.0091850000000000005 0.084792999999999993 0.082146000000000011 0.081662999999999986 0.0039690000000000003 0.004006 0.00364 0.00076400000000000003 0.00072000000000000005 0.00074700000000000005 11.806116703993549 11.806116703993549 11.806116703993549 0.00028494455531348072 0.00028494455531348072 0.00028494455531348072 1 1 1 Converged Converged Converged OK OK OK 69 69 69 69 69 69 3 3 3 0 0 0 0 0 1 0 0
63 63 linear 3 7 633 1 0.0001 2.3091029719179157 0.069785425511630653 0.029201851801063852 0.070095111397770332 -0.038744497181312912 0.067809749082904464 0.5 0.082820208666235517 12.181649593707732 OK 13 12 0.38467000000000001 0.31491200000000003 0.109613 0.27085900000000002 0.16089300000000001 0 0.113811 0.15401900000000002 0.109613 0.0087989999999999995 0.0088610000000000008 0.0082450000000000006 0.082992999999999997 0.123432 0.080254000000000006 0.0038890000000000001 0.0037729999999999999 0.0037159999999999997 0.00073200000000000001 0.00076599999999999997 0.00073700000000000002 12.181641572461734 12.181641572461734 12.181641572461734 0.00027458210204315647 0.00027458210204315647 0.00027458210204315647 1 1 1 Converged Converged Converged OK OK OK 69 69 69 69 69 69 3 3 3 0 0 0 0 1 0 0 1
63 63 linear 3 15 633 2 0.0001 2.3091029719179157 0.069785425511630653 0.029201851801063852 0.070095111397770332 -0.038744497181312912 0.071872615420443778 0.5 0.078757342328696203 12.654102672834117 OK 13 12 0.38836900000000002 0.32213199999999997 0.111416 0.27235599999999999 0.15765100000000001 0 0.11601300000000003 0.16448099999999996 0.111416 0.0090550000000000005 0.0092040000000000004 0.0085159999999999993 0.084846999999999992 0.13268700000000003 0.081880999999999995 0.003849 0.003934 0.0037059999999999997 0.00078700000000000005 0.000794 0.00074399999999999987 12.654094117951871 12.654094117951871 12.654094117951871 0.00027033686135990282 0.00027033686135990282 0.00027033686135990282 1 1 1 Converged Converged Converged OK OK OK 69 69 69 69 69 69 3 3 3 0 0 0 0 1 0 0 1
63 63 linear 3 23 633 3 0.0001 2.3091029719179157 0.069785425511630653 0.029201851801063852 0.070095111397770332 -0.038744497181312912 0.075935481757983106 0.5 0.074694475991156875 13.180944186852873 OK 13 12 0.40124799999999999 0.33021800000000001 0.109154 0.288304 0.16795399999999999 0 0.11294399999999999 0.16226400000000002 0.109154 0.008685 0.0087869999999999997 0.008208 0.082604999999999998 0.13181600000000002 0.080124999999999988 0.0038379999999999998 0.0039909999999999998 0.0037159999999999997 0.00081499999999999997 0.0007809999999999999 0.00069000000000000008 13.180935061633535 13.180935061633535 13.180935061633535 0.00025362245637178786 0.00025362245637178786 0.00025362245637178786 1 1 1 Converged Converged Converged OK OK OK 69 69 69 69 69 69 3 3 3 0 0 0 0 1 0 0 1
63 63 linear 4 0 634 0 0.001 2.3091029719179157 0.069785425511630653 0.029201851801063852 -1.6972169459315831 -0.090535554652605571 -1.7030573162917959 0.5 1.8536872740409358 1.9531888254540406 OK 13 12 0.37489400000000001 0.37283899999999998 0.092576000000000006 0.27843000000000001 0.27887400000000001 0 0.096463999999999994 0.093964999999999965 0.092576000000000006 0.0091350000000000008 0.0091769999999999994 0.0085690000000000002 0.065073000000000006 0.063133999999999996 0.062499000000000006 0.0033700000000000002 0.003143 0.0031369999999999996 0.00071200000000000007 0.00068799999999999992 0.00067700000000000008 1.9531876591992474 1.9531876591992474 1.9531876591992474 0.0010534324953410388 0.0010534324953410388 0.0010534324953410388 1 1 1 Converged Converged Converged OK OK OK 61 61 61 61 61 61 3 3 3 0 0 0 0 0 1 0 0
63 63 linear 4 7 634 1 0.001 2.3091029719179157 0.069785425511630653 0.029201851801063852 -1.6972169459315831 -0.090535554652605571 -1.6995023082464489 0.5 1.8501322659955888 1.9117161265356444 OK 13 12 0.34032699999999999 0.26531399999999999 0.084356 0.252301 0.151918 0 0.088025999999999993 0.113396 0.084356 0.008267 0.0082190000000000006 0.0076969999999999998 0.060717000000000007 0.086112999999999995 0.058311000000000002 0.0032539999999999999 0.0032329999999999998 0.003104 0.00069300000000000004 0.00068599999999999998 0.00068100000000000007 1.9117149797237096 1.9117149797237096 1.9117149797237096 0.0010252479774719798 0.0010252479774719798 0.0010252479774719798 1 1 1 Converged Converged Converged OK OK OK 61 61 61 61 61 61 3 3 3 0 0 0 0 1 0 0 1
63 63 linear 4 15 634 2 0.001 2.3091029719179157 0.069785425511630653 0.029201851801063852 -1.6972169459315831 -0.090535554652605571 -1.6954394419089096 0.5 1.8460693996580495 1.8698193973880848 OK 13 12 0.36333500000000002 0.26547700000000002 0.091064999999999993 0.264573 0.149449 0 0.098762000000000016 0.11602800000000002 0.091064999999999993 0.0082579999999999997 0.0082470000000000009 0.0077070000000000003 0.070850999999999983 0.088771000000000017 0.064985000000000001 0.0034029999999999998 0.0032009999999999999 0.0031519999999999999 0.00070100000000000002 0.00066899999999999989 0.0006559999999999999 1.8698183028768964 1.8698183028768964 1.8698183028768964 0.00099209571866995614 0.00099209571866995614 0.00099209571866995614 1 1 1 Converged Converged Converged OK OK OK 61 61 61 61 61 61 3 3 3 0 0 0 0 1 0 0 1
63 63 linear 4 23 634 3 0.001 2.3091029719179157 0.069785425511630653 0.029201851801063852 -1.6972169459315831 -0.090535554652605571 -1.6913765755713703 0.5 1.8420065333205102 1.832749636553356 OK 13 12 0.351132 0.272899 0.091912999999999995 0.25976900000000003 0.15529599999999999 0 0.091362999999999972 0.11760300000000001 0.091912999999999995 0.0081620000000000009 0.008201 0.0076280000000000002 0.063890000000000002 0.090415000000000009 0.06130399999999999 0.0033740000000000003 0.0033700000000000002 0.0075309999999999995 0.00067900000000000002 0.00066600000000000003 0.00070100000000000002 1.8327485537811321 1.8327485537811321 1.8327485537811321 0.00095899199645014621 0.00095899199645014621 0.00095899199645014621 1 1 1 Converged Converged Converged OK OK OK 61 61 61 61 61 61 3 3 3 0 0 0 0 1 0 0 1
63 63 linear 4 0 634 0 0.0001 2.3091029719179157 0.069785425511630653 0.029201851801063852 -1.6972169459315831 -0.090535554652605571 -1.7030573162917959 0.5 1.8536872740409358 1.9531888254540406 OK 13 12 0.406864 0.39781899999999998 0.117939 0.28506300000000001 0.27857399999999999 0 0.12180099999999999 0.11924499999999999 0.117939 0.0088620000000000001 0.0090699999999999999 0.0085950000000000002 0.085017000000000009 0.082731999999999972 0.082223999999999978 0.0040639999999999999 0.0039940000000000002 0.0040540000000000003 0.00079200000000000006 0.00078100000000000001 0.00080400000000000003 1.9531876603025071 1.9531876603025071 1.9531876603025071 5.9694269579212145e-05 5.9694269579212145e-05 5.9694269579212145e-05 1 1 1 Converged Converged Converged OK OK OK 77 77 77 77 77 77 3 3 3 0 0 0 0 0 1 0 0
63 63 linear 4 7 634 1 0.0001 2.3091029719179157 0.069785425511630653 0.029201851801063852 -1.6972169459315831 -0.090535554652605571 -1.6995023082464489 0.5 1.8501322659955888 1.9117161265356444 OK 13 12 0.36686000000000002 0.283914 0.108347 0.25079200000000001 0.149733 0 0.116068 0.13418099999999999 0.108347 0.0083099999999999997 0.0083330000000000001 0.0077990000000000004 0.083641999999999994 0.10181099999999998 0.077346999999999985 0.0040799999999999994 0.0043350000000000003 0.0039940000000000002 0.00078000000000000009 0.00080099999999999995 0.00076000000000000004 1.9117149799774715 1.9117149799774715 1.9117149799774715 6.0020452348387105e-05 6.0020452348387105e-05 6.0020452348387105e-05 1 1 1 Converged Converged Converged OK OK OK 77 77 77 77 77 77 3 3 3 0 0 0 0 1 0 0 1
63 63 linear 4 15 634 2 0.0001 2.3091029719179157 0.069785425511630653 0.029201851801063852 -1.6972169459315831 -0.090535554652605571 -1.6954394419089096 0.5 1.8460693996580495 1.8698193973880848 OK 13 12 0.39015899999999998 0.28884199999999999 0.11867800000000001 0.26749699999999998 0.14874799999999999 0 0.12266199999999999 0.140094 0.11867800000000001 0.0082050000000000005 0.0083359999999999997 0.0077140000000000004 0.090474999999999986 0.10790400000000006 0.08760900000000002 0.0041460000000000004 0.00413 0.0040689999999999997 0.00078800000000000007 0.00078700000000000005 0.00077900000000000007 1.8698183025293478 1.8698183025293478 1.8698183025293478 6.0396594697304187e-05 6.0396594697304187e-05 6.0396594697304187e-05 1 1 1 Converged Converged Converged OK OK OK 77 77 77 77 77 77 3 3 3 0 0 0 0 1 0 0 1
63 63 linear 4 23 634 3 0.0001 2.3091029719179157 0.069785425511630653 0.029201851801063852 -1.6972169459315831 -0.090535554652605571 -1.6913765755713703 0.5 1.8420065333205102 1.832749636553356 OK 13 12 0.37456 0.29688199999999998 0.11126 0.25964100000000001 0.155473 0 0.11491899999999999 0.14140899999999998 0.11126 0.0082249999999999997 0.0084100000000000008 0.0076499999999999997 0.082843999999999973 0.109387 0.080337999999999979 0.0040810000000000004 0.0040429999999999997 0.0040199999999999993 0.00077999999999999999 0.00078799999999999996 0.00076300000000000001 1.8327485530777285 1.8327485530777285 1.8327485530777285 6.0776249403663319e-05 6.0776249403663319e-05 6.0776249403663319e-05 1 1 1 Converged Converged Converged OK OK OK 77 77 77 77 77 77 3 3 3 0 0 0 0 1 0 0 1
63 63 uniform 0 0 635 0 0.001 2.3091029719179157 0.069785425511630653 0.029201851801063852 0.13081040213132503 0.007601350145998784 0.12497003177111225 0 0.025659925978027728 61.037909259357065 OK 14 13 0.64818900000000002 0.64537199999999995 0.18370900000000001 0.46372999999999998 0.46073199999999997 0 0.18445900000000004 0.18463999999999997 0.18370900000000001 0.010553999999999999 0.010855 0.010489 0.13920100000000005 0.13946000000000003 0.13883599999999993 0.003852 0.0040149999999999995 0.0040639999999999999 0.0012689999999999999 0.0012279999999999999 0.001238 61.037920711601188 61.037920711601188 61.037920711601188 0.011660806050393146 0.011660806050393146 0.011660806050393146 1 1 1 Converged Converged Converged OK OK OK 103 103 103 103 103 103 9 9 9 0 0 0 0 0 1 0 0
63 63 uniform 0 7 635 1 0.001 2.3091029719179157 0.069785425511630653 0.029201851801063852 0.13081040213132503 0.007601350145998784 0.12852503981645916 0 0.022104917932680823 60.111914849983897 OK 14 13 0.635876 0.55540199999999995 0.16823399999999999 0.464702 0.36889300000000003 0 0.17117399999999999 0.18650899999999992 0.16823399999999999 0.0096760000000000006 0.0096489999999999996 0.0086499999999999997 0.13915000000000002 0.15505199999999991 0.13869999999999999 0.0036730000000000005 0.003519 0.0033269999999999997 0.0010630000000000001 0.001057 0.00097099999999999997 60.111922455686774 60.111922455686774 60.111922455686774 0.012449671315215606 0.012449671315215606 0.012449671315215606 1 1 1 Converged Converged Converged OK OK OK 102 102 102 102 102 102 10 10 10 0 0 0 0 1 0 0 1
63 63 uniform 0 15 635 2 0.001 2.3091029719179157 0.069785425511630653 0.029201851801063852 0.13081040213132503 0.007601350145998784 0.13258790615399849 0 0.018042051595141495 57.985430698927559 OK 14 13 0.56529300000000005 0.48602299999999998 0.167819 0.39034799999999997 0.286879 0 0.17494500000000007 0.19914399999999999 0.167819 0.0095989999999999999 0.0096559999999999997 0.0088360000000000001 0.14126300000000008 0.16484799999999999 0.13644000000000001 0.0039489999999999994 0.0045760000000000002 0.0037089999999999996 0.0011580000000000002 0.0010549999999999999 0.001124 57.985405134604981 57.985405134604981 57.985405134604981 0.05442309353242953 0.05442309353242953 0.05442309353242953 1 1 1 Converged Converged Converged OK OK OK 102 102 102 102 102 102 10 10 10 0 0 0 0 1 0 0 1
63 63 uniform 0 23 635 3 0.001 2.3091029719179157 0.069785425511630653 0.029201851801063852 0.13081040213132503 0.007601350145998784 0.13665077249153779 0 0.013979185257602195 54.831872312050038 OK 15 14 0.57650299999999999 0.49555500000000002 0.18387600000000001 0.38298700000000002 0.28040199999999998 0 0.19351599999999997 0.21515300000000004 0.18387600000000001 0.013056 0.013271 0.012279 0.15211700000000009 0.17403500000000013 0.14557599999999998 0.0045899999999999995 0.0042920000000000007 0.0039439999999999996 0.001122 0.0011429999999999999 0.00108 54.83201342248217 54.83201342248217 54.83201342248217 0.045341322908131143 0.045341322908131143 0.045341322908131143 1 1 1 Converged Converged Converged OK OK OK 109 109 109 109 109 109 11 11 11 0 0 0 0 1 0 0 1
63 63 uniform 0 0 635 0 0.0001 2.3091029719179157 0.069785425511630653 0.029201851801063852 0.13081040213132503 0.007601350145998784 0.12497003177111225 0 0.025659925978027728 61.037909259357065 OK 14 13 0.65967500000000001 0.66164000000000001 0.198322 0.465949 0.46564800000000001 0 0.19372600000000001 0.195992 0.198322 0.010581 0.010812 0.010447 0.145621 0.14677499999999996 0.15030199999999999 0.0041239999999999992 0.0047840000000000001 0.0043029999999999995 0.0013270000000000001 0.001408 0.001379 61.037922433547259 61.037922433547259 61.037922433547259 0.005467693069114197 0.005467693069114197 0.005467693069114197 1 1 1 Converged Converged Converged OK OK OK 111 111 111 111 111 111 9 9 9 0 0 0 0 0 1 0 0
63 63 uniform 0 7 635 1 0.0001 2.3091029719179157 0.069785425511630653 0.029201851801063852 0.13081040213132503 0.007601350145998784 0.12852503981645916 0 0.022104917932680823 60.111914849983897 OK 14 13 0.64074200000000003 0.56565500000000002 0.17680899999999999 0.46175500000000003 0.36510399999999998 0 0.17898700000000001 0.20055100000000003 0.17680899999999999 0.0094669999999999997 0.0096299999999999997 0.0088769999999999995 0.14570999999999998 0.16647200000000001 0.14521999999999993 0.0037850000000000002 0.0040340000000000003 0.0036949999999999999 0.001333 0.0012649999999999998 0.0012799999999999999 60.111925779445684 60.111925779445684 60.111925779445684 0.0037829627790740188 0.0037829627790740188 0.0037829627790740188 1 1 1 Converged Converged Converged OK OK OK 110 110 110 110 110 110 10 10 10 0 0 0 0 1 0 0 1
63 63 uniform 0 15 635 2 0.0001 2.3091029719179157 0.069785425511630653 0.029201851801063852 0.13081040213132503 0.007601350145998784 0.13258790615399849 0 0.018042051595141495 57.985430698927559 OK 14 13 0.61563599999999996 0.55829799999999996 0.218722 0.39019900000000002 0.28786200000000001 0 0.22543699999999994 0.27043599999999995 0.218722 0.0095510000000000005 0.009691 0.0088360000000000001 0.177921 0.22281400000000004 0.17269099999999998 0.0060779999999999992 0.0061190000000000003 0.0060520000000000001 0.0018189999999999997 0.0018140000000000001 0.0017679999999999996 57.985440279630687 57.985440279630687 57.985440279630687 0.0024042218869526396 0.0024042218869526396 0.0024042218869526396 1 1 1 Converged Converged Converged OK OK OK 142 142 142 142 142 142 10 10 10 0 0 0 0 1 0 0 1
63 63 uniform 0 23 635 3 0.0001 2.3091029719179157 0.069785425511630653 0.029201851801063852 0.13081040213132503 0.007601350145998784 0.13665077249153779 0 0.013979185257602195 54.831872312050038 OK 15 14 0.59953900000000004 0.53850500000000001 0.208199 0.38445600000000002 0.28655399999999998 0 0.21508300000000002 0.25195100000000004 0.208199 0.013475000000000001 0.013357000000000001 0.012211 0.16811700000000002 0.20639299999999997 0.16518599999999992 0.0065960000000000003 0.0056559999999999996 0.0052799999999999991 0.0016069999999999999 0.0016409999999999999 0.0016009999999999998 54.831885173896467 54.831885173896467 54.831885173896467 0.0042293212952882507 0.0042293212952882507 0.0042293212952882507 1 1 1 Converged Converged Converged OK OK OK 133 133 133 133 133 133 11 11 11 0 0 0 0 1 0 0 1
63 63 uniform 1 0 636 0 0.001 2.3091029719179157 0.069785425511630653 0.029201851801063852 -1.8299175398823373 -0.016142300709891356 -1.8357579102425501 0 1.98638786799169 5.8807406875512767 OK 16 15 0.53194200000000003 0.52774699999999997 0.17535899999999999 0.35336600000000001 0.35081200000000001 0 0.17857600000000001 0.17693499999999995 0.17535899999999999 0.012888999999999999 0.012964 0.012262 0.13884600000000002 0.13789699999999999 0.13724600000000001 0.0034880000000000002 0.0031089999999999998 0.0031119999999999997 0.00089400000000000005 0.00084000000000000003 0.00082800000000000007 5.8807402138472389 5.8807402138472389 5.8807402138472389 0.0057874379049939924 0.0057874379049939924 0.0057874379049939924 1 1 1 Converged Converged Converged OK OK OK 80 80 80 80 80 80 8 8 8 0 0 0 0 0 1 0 0
63 63 uniform 1 7 636 1 0.001 2.3091029719179157 0.069785425511630653 0.029201851801063852 -1.8299175398823373 -0.016142300709891356 -1.8322029021972031 0 1.982832859946343 6.1266802700648419 OK 16 15 0.49140200000000001 0.386876 0.168157 0.32458199999999998 0.20208699999999999 0 0.16682000000000002 0.18478900000000001 0.168157 0.011773 0.011799 0.011013 0.13163099999999997 0.14979400000000007 0.13427499999999998 0.0036079999999999997 0.0036110000000000001 0.0036120000000000006 0.00090099999999999989 0.00094600000000000001 0.00092800000000000001 6.1266830035945885 6.1266830035945885 6.1266830035945885 0.002694455539174908 0.002694455539174908 0.002694455539174908 1 1 1 Converged Converged Converged OK OK OK 88 88 88 88 88 88 8 8 8 0 0 0 0 1 0 0 1
63 63 uniform 1 15 636 2 0.001 2.3091029719179157 0.069785425511630653 0.029201851801063852 -1.8299175398823373 -0.016142300709891356 -1.8281400358596638 0 1.9787699936088037 6.4051934577338985 OK 16 15 0.500614 0.39817799999999998 0.17624300000000001 0.32196799999999998 0.20246600000000001 0 0.17864600000000003 0.19571199999999997 0.17624300000000001 0.011934 0.012062 0.011342 0.14146099999999998 0.15862200000000004 0.14064000000000007 0.0039369999999999995 0.0040260000000000001 0.0037759999999999994 0.001003 0.001047 0.0009990000000000001 6.4052005783379879 6.4052005783379879 6.4052005783379879 0.0023646388171997589 0.0023646388171997589 0.0023646388171997589 1 1 1 Converged Converged Converged OK OK OK 96 96 96 96 96 96 8 8 8 0 0 0 0 1 0 0 1
63 63 uniform 1 23 636 3 0.001 2.3091029719179157 0.069785425511630653 0.029201851801063852 -1.8299175398823373 -0.016142300709891356 -1.8240771695221245 0 1.9747071272712644 6.6762500871405166 OK 16 15 0.51822500000000005 0.415238 0.1865 0.32441799999999998 0.20652000000000001 0 0.19380700000000006 0.20871799999999999 0.1865 0.012586999999999999 0.012595 0.011639999999999999 0.15065700000000004 0.16872200000000007 0.14926300000000006 0.0041050000000000001 0.0046589999999999991 0.0039900000000000005 0.0011619999999999998 0.001193 0.0011459999999999999 6.6762540662845824 6.6762540662845824 6.6762540662845824 0.0033119872023573472 0.0033119872023573472 0.0033119872023573472 1 1 1 Converged Converged Converged OK OK OK 103 103 103 103 103 103 9 9 9 0 0 0 0 1 0 0 1
63 63 uniform 1 0 636 0 0.0001 2.3091029719179157 0.069785425511630653 0.029201851801063852 -1.8299175398823373 -0.016142300709891356 -1.8357579102425501 0 1.98638786799169 5.8807406875512767 OK 16 15 0.584395 0.577932 0.22448699999999999 0.35225299999999998 0.35325099999999998 0 0.23214200000000002 0.22468100000000002 0.22448699999999999 0.013166000000000001 0.012721 0.012373 0.17710800000000004 0.17290300000000014 0.17240300000000006 0.0059300000000000004 0.0049119999999999997 0.0050939999999999996 0.0013359999999999997 0.0011950000000000001 0.001281 5.8807414353491971 5.8807414353491971 5.8807414353491971 0.00035191975020409006 0.00035191975020409006 0.00035191975020409006 1 1 1 Converged Converged Converged OK OK OK 112 112 112 112 112 112 8 8 8 0 0 0 0 0 1 0 0
63 63 uniform 1 7 636 1 0.0001 2.3091029719179157 0.069785425511630653 0.029201851801063852 -1.8299175398823373 -0.016142300709891356 -1.8322029021972031 0 1.982832859946343 6.1266802700648419 OK 16 15 0.54387799999999997 0.44611800000000001 0.22342600000000001 0.32224199999999997 0.20344599999999999 0 0.221636 0.24267200000000003 0.22342600000000001 0.011724 0.011653 0.010982 0.17774699999999996 0.19875300000000007 0.18062799999999982 0.0051780000000000003 0.0052749999999999993 0.0052940000000000001 0.0013879999999999999 0.0014020000000000003 0.0014019999999999998 6.1266807369414993 6.1266807369414993 6.1266807369414993 0.00031401821508707115 0.00031401821508707115 0.00031401821508707115 1 1 1 Converged Converged Converged OK OK OK 120 120 120 120 120 120 8 8 8 0 0 0 0 1 0 0 1
63 63 uniform 1 15 636 2 0.0001 2.3091029719179157 0.069785425511630653 0.029201851801063852 -1.8299175398823373 -0.016142300709891356 -1.8281400358596638 0 1.9787699936088037 6.4051934577338985 OK 16 15 0.51521700000000004 0.41278300000000001 0.18887599999999999 0.31839600000000001 0.20103299999999999 0 0.19682100000000002 0.21175000000000002 0.18887599999999999 0.012012 0.012135999999999999 0.011294999999999999 0.15920899999999993 0.17457600000000001 0.15313899999999997 0.0042700000000000004 0.0042999999999999991 0.0040310000000000007 0.0012209999999999999 0.001163 0.0011770000000000001 6.4051935321078801 6.4051935321078801 6.4051935321078801 0.000622905042115119 0.000622905042115119 0.000622905042115119 1 1 1 Converged Converged Converged OK OK OK 104 104 104 104 104 104 8 8 8 0 0 0 0 1 0 0 1
63 63 uniform 1 23 636 3 0.0001 2.3091029719179157 0.069785425511630653 0.029201851801063852 -1.8299175398823373 -0.016142300709891356 -1.8240771695221245 0 1.9747071272712644 6.6762500871405166 OK 16 15 0.55470699999999995 0.46202700000000002 0.22886999999999999 0.32371100000000003 0.20883099999999999 0 0.23099599999999992 0.25319600000000003 0.22886999999999999 0.012286999999999999 0.012446 0.011525000000000001 0.18743599999999996 0.20947300000000005 0.18692699999999995 0.0051310000000000001 0.0053019999999999994 0.0051079999999999997 0.001457 0.0015170000000000001 0.0014379999999999998 6.676250415886706 6.676250415886706 6.676250415886706 0.00045170620262914557 0.00045170620262914557 0.00045170620262914557 1 1 1 Converged Converged Converged OK OK OK 127 127 127 127 127 127 9 9 9 0 0 0 0 1 0 0 1
63 63 uniform 2 0 637 0 0.001 2.3091029719179157 0.069785425511630653 0.029201851801063852 0.10256188595602919 0.04349540036346982 0.096721515595816418 0 0.053908442153323563 16.410803184215009 OK 13 12 0.38098799999999999 0.37988 0.092856999999999995 0.288852 0.286609 0 0.092135999999999996 0.093270999999999993 0.092856999999999995 0.010662 0.010624 0.010786 0.061596999999999999 0.062552999999999997 0.062030000000000009 0.0030280000000000003 0.0033899999999999998 0.003398 0.00068099999999999996 0.00069199999999999991 0.00073499999999999998 16.410802400934369 16.410802400934369 16.410802400934369 0.0035651523292584732 0.0035651523292584732 0.0035651523292584732 1 1 1 Converged Converged Converged OK OK OK 60 60 60 60 60 60 4 4 4 0 0 0 0 0 1 0 0
63 63 uniform 2 7 637 1 0.001 2.3091029719179157 0.069785425511630653 0.029201851801063852 0.10256188595602919 0.04349540036346982 0.10027652364116332 0 0.050353434107976658 17.45781570426286 OK 13 12 0.37967499999999998 0.31709500000000002 0.092425999999999994 0.28462199999999999 0.170933 0 0.095052999999999999 0.14616200000000001 0.092425999999999994 0.010714 0.010527999999999999 0.0099810000000000003 0.067404999999999979 0.11909200000000003 0.066202999999999998 0.002882 0.002777 0.0028520000000000004 0.00084500000000000005 0.00075100000000000004 0.00086399999999999997 17.45778391442073 17.45778391442073 17.45778391442073 0.013581360275850364 0.013581360275850364 0.013581360275850364 1 1 1 Converged Converged Converged OK OK OK 59 59 59 59 59 59 5 5 5 0 0 0 0 1 0 0 1
63 63 uniform 2 15 637 2 0.001 2.3091029719179157 0.069785425511630653 0.029201851801063852 0.10256188595602919 0.04349540036346982 0.10433938997870264 0 0.046290567770437344 19.256586352473619 OK 14 13 0.42457299999999998 0.39681300000000003 0.12053999999999999 0.30131599999999997 0.17722499999999999 0 0.12325700000000001 0.21958800000000003 0.12053999999999999 0.014003 0.014153000000000001 0.013540999999999999 0.085767999999999983 0.18180299999999999 0.084691000000000002 0.0035250000000000004 0.0036890000000000004 0.0033900000000000002 0.001062 0.001158 0.00097300000000000002 19.256566748195571 19.256566748195571 19.256566748195571 0.013023041516081911 0.013023041516081911 0.013023041516081911 1 1 1 Converged Converged Converged OK OK OK 74 74 74 74 74 74 6 6 6 0 0 0 0 1 0 0 1
63 63 uniform 2 23 637 3 0.001 2.3091029719179157 0.069785425511630653 0.029201851801063852 0.10256188595602919 0.04349540036346982 0.10840225631624197 0 0.042227701432898015 23.380022883979347 OK 13 12 0.365116 0.34243899999999999 0.105268 0.257631 0.15958700000000001 0 0.107485 0.18285199999999999 0.105268 0.0099810000000000003 0.011338000000000001 0.0096150000000000003 0.079890000000000058 0.15362200000000001 0.079039000000000026 0.0028879999999999999 0.0029170000000000003 0.0027169999999999998 0.00082400000000000008 0.00076499999999999995 0.00073499999999999998 23.380041667988237 23.380041667988237 23.380041667988237 0.015999191926420752 0.015999191926420752 0.015999191926420752 1 1 1 Converged Converged Converged OK OK OK 66 66 66 66 66 66 6 6 6 0 0 0 0 1 0 0 1
63 63 uniform 2 0 637 0 0.0001 2.3091029719179157 0.069785425511630653 0.029201851801063852 0.10256188595602919 0.04349540036346982 0.096721515595816418 0 0.053908442153323563 16.410803184215009 OK 13 12 0.38296799999999998 0.38717800000000002 0.098678000000000002 0.283831 0.28753600000000001 0 0.099136999999999975 0.099642000000000008 0.098678000000000002 0.010649 0.010836999999999999 0.010544 0.066469000000000014 0.066828000000000012 0.066420999999999994 0.0031939999999999998 0.0033670000000000002 0.0033219999999999999 0.00082299999999999995 0.00083399999999999989 0.00087399999999999999 16.410802330834713 16.410802330834713 16.410802330834713 0.00064212486674776145 0.00064212486674776145 0.00064212486674776145 1 1 1 Converged Converged Converged OK OK OK 68 68 68 68 68 68 4 4 4 0 0 0 0 0 1 0 0
63 63 uniform 2 7 637 1 0.0001 2.3091029719179157 0.069785425511630653 0.029201851801063852 0.10256188595602919 0.04349540036346982 0.10027652364116332 0 0.050353434107976658 17.45781570426286 OK 13 12 0.392876 0.35213100000000003 0.1077 0.28080699999999997 0.17289299999999999 0 0.11206900000000003 0.17923800000000004 0.1077 0.010397 0.010623 0.0098200000000000006 0.078524999999999998 0.145867 0.076178999999999997 0.0037039999999999998 0.0037000000000000002 0.003539 0.0009189999999999999 0.0010150000000000001 0.00092299999999999999 17.45781530013371 17.45781530013371 17.45781530013371 0.00081282756590283557 0.00081282756590283557 0.00081282756590283557 1 1 1 Converged Converged Converged OK OK OK 75 75 75 75 75 75 5 5 5 0 0 0 0 1 0 0 1
63 63 uniform 2 15 637 2 0.0001 2.3091029719179157 0.069785425511630653 0.029201851801063852 0.10256188595602919 0.04349540036346982 0.10433938997870264 0 0.046290567770437344 19.256586352473619 OK 14 13 0.44897399999999998 0.46442699999999998 0.14508699999999999 0.29430600000000001 0.179616 0 0.15466799999999997 0.28481099999999998 0.14508699999999999 0.013553000000000001 0.013863 0.013318999999999999 0.110303 0.24005300000000004 0.10253000000000005 0.0051149999999999998 0.0049090000000000002 0.0046889999999999996 0.0012469999999999998 0.0012930000000000001 0.0011809999999999998 19.256584977102033 19.256584977102033 19.256584977102033 0.00033733742385805298 0.00033733742385805298 0.00033733742385805298 1 1 1 Converged Converged Converged OK OK OK 98 98 98 98 98 98 6 6 6 0 0 0 0 1 0 0 1
63 63 uniform 2 23 637 3 0.0001 2.3091029719179157 0.069785425511630653 0.029201851801063852 0.10256188595602919 0.04349540036346982 0.10840225631624197 0 0.042227701432898015 23.380022883979347 OK 13 12 0.391845 0.38396599999999997 0.12889400000000001 0.259714 0.15956600000000001 0 0.132131 0.22439999999999996 0.12889400000000001 0.010246999999999999 0.010115000000000001 0.0093600000000000003 0.097055000000000016 0.18963599999999992 0.096044999999999978 0.0044800000000000005 0.0042929999999999999 0.0041060000000000003 0.00117 0.0010529999999999999 0.001093 23.380019493060537 23.380019493060537 23.380019493060537 0.0016468879374345916 0.0016468879374345916 0.0016468879374345916 1 1 1 Converged Converged Converged OK OK OK 90 90 90 90 90 90 6 6 6 0 0 0 0 1 0 0 1
63 63 uniform 3 0 638 0 0.001 2.3091029719179157 0.069785425511630653 0.029201851801063852 0.070095111397770332 -0.038744497181312912 0.064254741037557558 0 0.086375216711582423 11.850079854586937 OK 13 12 0.34522399999999998 0.34769600000000001 0.083642999999999995 0.26059199999999999 0.26338099999999998 0 0.084631999999999985 0.084315000000000029 0.083642999999999995 0.0096570000000000007 0.0096190000000000008 0.0092980000000000007 0.056523000000000011 0.056630000000000021 0.056226999999999999 0.002673 0.0026830000000000001 0.0026000000000000003 0.00058100000000000003 0.0006150000000000001 0.00060599999999999998 11.850079822571855 11.850079822571855 11.850079822571855 0.0013607736427835144 0.0013607736427835144 0.0013607736427835144 1 1 1 Converged Converged Converged OK OK OK 53 53 53 53 53 53 3 3 3 0 0 0 0 0 1 0 0
63 63 uniform 3 7 638 1 0.001 2.3091029719179157 0.069785425511630653 0.029201851801063852 0.070095111397770332 -0.038744497181312912 0.067809749082904464 0 0.082820208666235517 12.226614555428389 OK 13 12 0.350827 0.26924700000000001 0.077117000000000005 0.27190199999999998 0.16315399999999999 0 0.078925000000000023 0.10609300000000002 0.077117000000000005 0.0088330000000000006 0.0088280000000000008 0.0082279999999999992 0.05336299999999998 0.080845999999999973 0.052864999999999975 0.0026969999999999997 0.002712 0.0026020000000000001 0.00056300000000000002 0.00057499999999999999 0.00053699999999999993 12.226614621993875 12.226614621993875 12.226614621993875 0.0013306643178194731 0.0013306643178194731 0.0013306643178194731 1 1 1 Converged Converged Converged OK OK OK 53 53 53 53 53 53 3 3 3 0 0 0 0 1 0 0 1
63 63 uniform 3 15 638 2 0.001 2.3091029719179157 0.069785425511630653 0.029201851801063852 0.070095111397770332 -0.038744497181312912 0.071872615420443778 0 0.078757342328696203 12.700813920894801 OK 13 12 0.357238 0.27205499999999999 0.080280000000000004 0.27539999999999998 0.160445 0 0.081838000000000022 0.11160999999999999 0.080280000000000004 0.0091330000000000005 0.0091310000000000002 0.0085900000000000004 0.056037000000000024 0.086128000000000038 0.055779000000000009 0.0027030000000000001 0.0026770000000000001 0.0026199999999999999 0.00061499999999999999 0.00062900000000000011 0.00058799999999999998 12.70081360560253 12.70081360560253 12.70081360560253 0.0012485344634155381 0.0012485344634155381 0.0012485344634155381 1 1 1 Converged Converged Converged OK OK OK 53 53 53 53 53 53 3 3 3 0 0 0 0 1 0 0 1
63 63 uniform 3 23 638 3 0.001 2.3091029719179157 0.069785425511630653 0.029201851801063852 0.070095111397770332 -0.038744497181312912 0.075935481757983106 0 0.074694475991156875 13.230344085982001 OK 13 12 0.36069499999999999 0.28107300000000002 0.075342999999999993 0.28336800000000001 0.165578 0 0.077326999999999979 0.11549500000000001 0.075342999999999993 0.0088100000000000001 0.0087729999999999995 0.0082679999999999993 0.052098000000000005 0.090457000000000037 0.05137199999999998 0.0026560000000000004 0.002712 0.002545 0.000629 0.00057799999999999995 0.000562 13.230343242150846 13.230343242150846 13.230343242150846 0.0011465574177466097 0.0011465574177466097 0.0011465574177466097 1 1 1 Converged Converged Converged OK OK OK 53 53 53 53 53 53 3 3 3 0 0 0 0 1 0 0 1
63 63 uniform 3 0 638 0 0.0001 2.3091029719179157 0.069785425511630653 0.029201851801063852 0.070095111397770332 -0.038744497181312912 0.064254741037557558 0 0.086375216711582423 11.850079854586937 OK 13 12 0.36151499999999998 0.36665700000000001 0.10569000000000001 0.25906099999999999 0.26418599999999998 0 0.10245399999999999 0.10247100000000003 0.10569000000000001 0.0096229999999999996 0.0095849999999999998 0.0091129999999999996 0.068489999999999981 0.068276999999999977 0.067686999999999997 0.0036100000000000004 0.0037980000000000002 0.0084529999999999987 0.00076500000000000005 0.00075099999999999993 0.00075700000000000008 11.850079660079315 11.850079660079315 11.850079660079315 0.00027416152531635604 0.00027416152531635604 0.00027416152531635604 1 1 1 Converged Converged Converged OK OK OK 69 69 69 69 69 69 3 3 3 0 0 0 0 0 1 0 0
63 63 uniform 3 7 638 1 0.0001 2.3091029719179157 0.069785425511630653 0.029201851801063852 0.070095111397770332 -0.038744497181312912 0.067809749082904464 0 0.082820208666235517 12.226614555428389 OK 13 12 0.36650500000000003 0.30205500000000002 0.095519999999999994 0.26965699999999998 0.161247 0 0.096848000000000045 0.14080800000000002 0.095519999999999994 0.0088109999999999994 0.0089510000000000006 0.0082889999999999995 0.066856999999999958 0.10998299999999998 0.066330000000000028 0.0035720000000000001 0.0038549999999999999 0.0035779999999999996 0.00065600000000000001 0.00070600000000000003 0.00066100000000000002 12.226614356323871 12.226614356323871 12.226614356323871 0.00026176928913401861 0.00026176928913401861 0.00026176928913401861 1 1 1 Converged Converged Converged OK OK OK 69 69 69 69 69 69 3 3 3 0 0 0 0 1 0 0 1
63 63 uniform 3 15 638 2 0.0001 2.3091029719179157 0.069785425511630653 0.029201851801063852 0.070095111397770332 -0.038744497181312912 0.071872615420443778 0 0.078757342328696203 12.700813920894801 OK 13 12 0.35657899999999998 0.27013500000000001 0.080109 0.27484399999999998 0.15843099999999999 0 0.081735000000000002 0.11170400000000003 0.080109 0.0090299999999999998 0.0092219999999999993 0.0085129999999999997 0.056429000000000007 0.086195000000000022 0.055943999999999987 0.002611 0.0026389999999999999 0.0025530000000000001 0.00056399999999999994 0.00058799999999999998 0.0005750000000000001 12.70081360560253 12.70081360560253 12.70081360560253 0.0012485344634155381 0.0012485344634155381 0.0012485344634155381 1 1 1 Converged Converged Converged OK OK OK 53 53 53 53 53 53 3 3 3 0 0 0 0 1 0 0 1
63 63 uniform 3 23 638 3 0.0001 2.3091029719179157 0.069785425511630653 0.029201851801063852 0.070095111397770332 -0.038744497181312912 0.075935481757983106 0 0.074694475991156875 13.230344085982001 OK 13 12 0.35954999999999998 0.283744 0.075289999999999996 0.28188200000000002 0.165571 0 0.077667999999999959 0.118173 0.075289999999999996 0.0086949999999999996 0.0088769999999999995 0.0081650000000000004 0.052319000000000011 0.093257999999999994 0.051579 0.002882 0.0025999999999999999 0.0025100000000000001 0.00057199999999999992 0.00052900000000000006 0.00052800000000000004 13.230343242150846 13.230343242150846 13.230343242150846 0.0011465574177466097 0.0011465574177466097 0.0011465574177466097 1 1 1 Converged Converged Converged OK OK OK 53 53 53 53 53 53 3 3 3 0 0 0 0 1 0 0 1
63 63 uniform 4 0 639 0 0.001 2.3091029719179157 0.069785425511630653 0.029201851801063852 -1.6972169459315831 -0.090535554652605571 -1.7030573162917959 0 1.8536872740409358 1.9562295896249451 OK 13 12 0.34384300000000001 0.341694 0.062357000000000003 0.27956999999999999 0.27807300000000001 0 0.064273000000000025 0.063620999999999983 0.062357000000000003 0.0091789999999999997 0.0090709999999999992 0.0088620000000000001 0.038610999999999999 0.038626000000000008 0.037942999999999998 0.0023059999999999999 0.0021999999999999997 0.0021680000000000002 0.00065600000000000001 0.000571 0.00056899999999999995 1.9562295763084512 1.9562295763084512 1.9562295763084512 0.0007285811650188926 0.0007285811650188926 0.0007285811650188926 1 1 1 Converged Converged Converged OK OK OK 45 45 45 45 45 45 3 3 3 0 0 0 0 0 1 0 0
63 63 uniform 4 7 639 1 0.001 2.3091029719179157 0.069785425511630653 0.029201851801063852 -1.6972169459315831 -0.090535554652605571 -1.6995023082464489 0 1.8501322659955888 1.9143205310211782 OK 13 12 0.30941299999999999 0.23202100000000001 0.055925000000000002 0.251606 0.15310599999999999 0 0.057806999999999997 0.078915000000000013 0.055925000000000002 0.0082539999999999992 0.0083879999999999996 0.0076880000000000004 0.035298999999999997 0.056475999999999998 0.034674000000000003 0.0023029999999999999 0.0022339999999999999 0.00215 0.00059299999999999999 0.00054900000000000001 0.000544 1.9143205257242732 1.9143205257242732 1.9143205257242732 0.00069574114565263084 0.00069574114565263084 0.00069574114565263084 1 1 1 Converged Converged Converged OK OK OK 45 45 45 45 45 45 3 3 3 0 0 0 0 1 0 0 1
63 63 uniform 4 15 639 2 0.001 2.3091029719179157 0.069785425511630653 0.029201851801063852 -1.6972169459315831 -0.090535554652605571 -1.6954394419089096 0 1.8460693996580495 1.8720516517078722 OK 13 12 0.325656 0.22894200000000001 0.059755999999999997 0.26436500000000002 0.149948 0 0.061290999999999984 0.078994000000000009 0.059755999999999997 0.0082789999999999999 0.0082690000000000003 0.0077159999999999998 0.039092999999999996 0.056844999999999979 0.038566000000000003 0.0022140000000000003 0.0022729999999999998 0.0021840000000000002 0.000571 0.00056400000000000005 0.00055800000000000001 1.8720516475167979 1.8720516475167979 1.8720516475167979 0.00066363049013987109 0.00066363049013987109 0.00066363049013987109 1 1 1 Converged Converged Converged OK OK OK 45 45 45 45 45 45 3 3 3 0 0 0 0 1 0 0 1
63 63 uniform 4 23 639 3 0.001 2.3091029719179157 0.069785425511630653 0.029201851801063852 -1.6972169459315831 -0.090535554652605571 -1.6913765755713703 0 1.8420065333205102 1.8347033657837688 OK 13 12 0.316527 0.23533000000000001 0.056807000000000003 0.25818400000000002 0.15617400000000001 0 0.058342999999999978 0.079156000000000004 0.056807000000000003 0.0082620000000000002 0.0083420000000000005 0.0075750000000000001 0.036030000000000006 0.056691999999999999 0.035741999999999996 0.0021800000000000001 0.0022269999999999998 0.0021429999999999999 0.00057899999999999998 0.00058200000000000005 0.00054799999999999998 1.8347033611261341 1.8347033611261341 1.8347033611261341 0.00063621883146471373 0.00063621883146471373 0.00063621883146471373 1 1 1 Converged Converged Converged OK OK OK 45 45 45 45 45 45 3 3 3 0 0 0 0 1 0 0 1
63 63 uniform 4 0 639 0 0.0001 2.3091029719179157 0.069785425511630653 0.029201851801063852 -1.6972169459315831 -0.090535554652605571 -1.7030573162917959 0 1.8536872740409358 1.9562295896249451 OK 13 12 0.37983499999999998 0.38682100000000003 0.105726 0.27628599999999998 0.27967199999999998 0 0.103549 0.10714900000000005 0.105726 0.0090010000000000003 0.0088339999999999998 0.0086479999999999994 0.067500000000000004 0.067480999999999999 0.066928000000000001 0.003823 0.0039139999999999999 0.0038200000000000005 0.00084500000000000005 0.00082700000000000015 0.0040660000000000002 1.956229581191594 1.956229581191594 1.956229581191594 1.245769274982301e-05 1.245769274982301e-05 1.245769274982301e-05 1 1 1 Converged Converged Converged OK OK OK 77 77 77 77 77 77 3 3 3 0 0 0 0 0 1 0 0
63 63 uniform 4 7 639 1 0.0001 2.3091029719179157 0.069785425511630653 0.029201851801063852 -1.6972169459315831 -0.090535554652605571 -1.6995023082464489 0 1.8501322659955888 1.9143205310211782 OK 13 12 0.34907500000000002 0.27208599999999999 0.093865000000000004 0.25347599999999998 0.15310000000000001 0 0.095599000000000045 0.11898599999999998 0.093865000000000004 0.0082349999999999993 0.0082299999999999995 0.007757 0.063387000000000013 0.086771999999999988 0.062866999999999992 0.0038830000000000002 0.0038579999999999999 0.003833 0.00077399999999999995 0.00076400000000000003 0.00076999999999999996 1.9143205297842221 1.9143205297842221 1.9143205297842221 1.2525249509979688e-05 1.2525249509979688e-05 1.2525249509979688e-05 1 1 1 Converged Converged Converged OK OK OK 77 77 77 77 77 77 3 3 3 0 0 0 0 1 0 0 1
63 63 uniform 4 15 639 2 0.0001 2.3091029719179157 0.069785425511630653 0.029201851801063852 -1.6972169459315831 -0.090535554652605571 -1.6954394419089096 0 1.8460693996580495 1.8720516517078722 OK 13 12 0.36765199999999998 0.27219399999999999 0.099378999999999995 0.266318 0.14841499999999999 0 0.10133399999999998 0.123779 0.099378999999999995 0.00826 0.0082629999999999995 0.0077279999999999996 0.06925199999999998 0.091886000000000009 0.068634999999999988 0.0038890000000000001 0.0038670000000000002 0.0037790000000000002 0.000825 0.00080900000000000004 0.00081100000000000009 1.8720516509267378 1.8720516509267378 1.8720516509267378 1.2603161167446067e-05 1.2603161167446067e-05 1.2603161167446067e-05 1 1 1 Converged Converged Converged OK OK OK 77 77 77 77 77 77 3 3 3 0 0 0 0 1 0 0 1
63 63 uniform 4 23 639 3 0.0001 2.3091029719179157 0.069785425511630653 0.029201851801063852 -1.6972169459315831 -0.090535554652605571 -1.6913765755713703 0 1.8420065333205102 1.8347033657837688 OK 13 12 0.35481099999999999 0.28223900000000002 0.096334000000000003 0.25712800000000002 0.15559899999999999 0 0.097682999999999964 0.12664000000000003 0.096334000000000003 0.0081499999999999993 0.0082450000000000006 0.0076930000000000002 0.065749000000000002 0.094507000000000035 0.065358000000000041 0.0038889999999999997 0.0039379999999999997 0.0037930000000000004 0.00083399999999999989 0.00086000000000000009 0.00081100000000000009 1.8347033640863031 1.8347033640863031 1.8347033640863031 1.2681853233098396e-05 1.2681853233098396e-05 1.2681853233098396e-05 1 1 1 Converged Converged Converged OK OK OK 77 77 77 77 77 77 3 3 3 0 0 0 0 1 0 0 1
64 64 linear 0 0 640 0 0.001 0.24957021540374721 0.12402793754785084 0.00013987800676461371 2.9276885554569301 2.4345822619179507 2.9276605798555773 0.5 -2.9001224039296059 4.4163817955243108 OK 14 13 54.110805999999997 54.103394000000002 0.32846799999999998 53.700287000000003 53.717272999999999 0 0.41051899999999364 0.38612100000000282 0.32846799999999998 0.016278000000000001 0.015396999999999999 0.015743 0.34323699999999979 0.32281099999999985 0.27544000000000002 0.0087740000000000005 0.0088430000000000002 0.0056229999999999995 0.0017350000000000002 0.001627 0.0014240000000000001 4.4163929613800477 4.4163929613800477 4.4163929613800477 0.0024439091323728854 0.0024439091323728854 0.0024439091323728854 1 1 1 Converged Converged Converged OK OK OK 90 90 90 90 90 90 6 6 6 0 0 0 0 0 1 0 0
64 64 linear 0 7 640 1 0.001 0.24957021540374721 0.12402793754785084 0.00013987800676461371 2.9276885554569301 2.4345822619179507 2.9276776084824876 0.5 -2.9001394325565162 4.1147227837720814 OK 14 13 22.881858000000001 22.912973999999998 0.31771700000000003 22.532426000000001 22.423936000000001 0 0.34943200000000019 0.4890379999999972 0.31771700000000003 0.015605000000000001 0.013840999999999999 0.0134 0.30293400000000009 0.43989199999999995 0.27760299999999993 0.0068630000000000002 0.0074809999999999998 0.0049870000000000001 0.0014989999999999999 0.002274 0.0015019999999999999 4.1147357885679625 4.1147357885679625 4.1147357885679625 0.0026759632485449723 0.0026759632485449723 0.0026759632485449723 1 1 1 Converged Converged Converged OK OK OK 90 90 90 90 90 90 6 6 6 0 0 0 0 1 0 0 1
64 64 linear 0 15 640 2 0.001 0.24957021540374721 0.12402793754785084 0.00013987800676461371 2.9276885554569301 2.4345822619179507 2.9276970697703852 0.5 -2.9001588938444138 3.755827252418356 OK 14 13 32.407806999999998 32.239958000000001 0.25338699999999997 32.130375999999998 31.936695 0 0.27743099999999998 0.30326300000000117 0.25338699999999997 0.014697 0.013270000000000001 0.013082999999999999 0.23638700000000004 0.26548699999999986 0.21906699999999998 0.0059120000000000006 0.0054349999999999997 0.0037910000000000001 0.001354 0.0013570000000000001 0.0010299999999999999 3.7558408825615444 3.7558408825615444 3.7558408825615444 0.0028793229842601254 0.0028793229842601254 0.0028793229842601254 1 1 1 Converged Converged Converged OK OK OK 75 75 75 75 75 75 5 5 5 0 0 0 0 1 0 0 1
64 64 linear 0 23 640 3 0.001 0.24957021540374721 0.12402793754785084 0.00013987800676461371 2.9276885554569301 2.4345822619179507 2.9277165310582829 0.5 -2.9001783551323115 3.3859499612241786 OK 14 13 20.179406 20.208318999999999 0.236758 19.930942000000002 19.818366999999999 0 0.24846399999999846 0.38995200000000096 0.236758 0.015563 0.013657000000000001 0.013282 0.20812700000000001 0.34806999999999994 0.20282699999999998 0.0057589999999999994 0.0066229999999999987 0.0036440000000000001 0.001191 0.001219 0.00097199999999999999 3.3859557786711876 3.3859557786711876 3.3859557786711876 0.002837732518109262 0.002837732518109262 0.002837732518109262 1 1 1 Converged Converged Converged OK OK OK 75 75 75 75 75 75 5 5 5 0 0 0 0 1 0 0 1
64 64 linear 0 0 640 0 0.0001 0.24957021540374721 0.12402793754785084 0.00013987800676461371 2.9276885554569301 2.4345822619179507 2.9276605798555773 0.5 -2.9001224039296059 4.4163817955243108 OK 14 13 54.217677999999999 54.151009000000002 0.38592500000000002 53.753461999999999 53.712743000000003 0 0.46421600000000041 0.43826599999999871 0.38592500000000002 0.016337000000000001 0.015131 0.014364999999999999 0.38705400000000006 0.36901700000000004 0.32273099999999999 0.011272999999999998 0.0098810000000000009 0.0079050000000000006 0.0018999999999999998 0.0019029999999999997 0.001807 4.416392962483136 4.416392962483136 4.416392962483136 0.00042108420827586043 0.00042108420827586043 0.00042108420827586043 1 1 1 Converged Converged Converged OK OK OK 122 122 122 122 122 122 6 6 6 0 0 0 0 0 1 0 0
64 64 linear 0 7 640 1 0.0001 0.24957021540374721 0.12402793754785084 0.00013987800676461371 2.9276885554569301 2.4345822619179507 2.9276776084824876 0.5 -2.9001394325565162 4.1147227837720814 OK 14 13 23.038695000000001 23.212757 0.41949500000000001 22.557924 22.502333 0 0.48077100000000073 0.71042399999999972 0.41949500000000001 0.015758000000000001 0.013975 0.012279999999999999 0.41387300000000005 0.63841499999999995 0.36334899999999981 0.011573 0.013728000000000001 0.0082740000000000001 0.0021309999999999996 0.0021970000000000006 0.0019270000000000003 4.1147357796970718 4.1147357796970718 4.1147357796970718 0.00012020702784133354 0.00012020702784133354 0.00012020702784133354 1 1 1 Converged Converged Converged OK OK OK 138 138 138 138 138 138 6 6 6 0 0 0 0 1 0 0 1
64 64 linear 0 15 640 2 0.0001 0.24957021540374721 0.12402793754785084 0.00013987800676461371 2.9276885554569301 2.4345822619179507 2.9276970697703852 0.5 -2.9001588938444138 3.755827252418356 OK 14 13 32.448416999999999 32.477851000000001 0.37306099999999998 32.028540999999997 31.873467999999999 0 0.41987600000000214 0.60438300000000211 0.37306099999999998 0.014832 0.013327 0.011899 0.36255600000000021 0.54199200000000003 0.32524299999999984 0.0096550000000000004 0.012261000000000001 0.0064640000000000001 0.0016440000000000001 0.0017409999999999999 0.001511 3.7558408840545212 3.7558408840545212 3.7558408840545212 9.1181195328410381e-05 9.1181195328410381e-05 9.1181195328410381e-05 1 1 1 Converged Converged Converged OK OK OK 123 123 123 123 123 123 5 5 5 0 0 0 0 1 0 0 1
64 64 linear 0 23 640 3 0.0001 0.24957021540374721 0.12402793754785084 0.00013987800676461371 2.9276885554569301 2.4345822619179507 2.9277165310582829 0.5 -2.9001783551323115 3.3859499612241786 OK 14 13 20.352982000000001 20.422529000000001 0.36445699999999998 19.928312999999999 19.811530999999999 0 0.42466900000000152 0.61099800000000215 0.36445699999999998 0.015467 0.013698999999999999 0.012187 0.36343300000000012 0.55080099999999987 0.31689500000000009 0.010952 0.010847000000000002 0.0065619999999999993 0.001606 0.0017439999999999999 0.0013139999999999998 3.3859557801582851 3.3859557801582851 3.3859557801582851 6.1223373894032603e-05 6.1223373894032603e-05 6.1223373894032603e-05 1 1 1 Converged Converged Converged OK OK OK 123 123 123 123 123 123 5 5 5 0 0 0 0 1 0 0 1
64 64 linear 1 0 641 0 0.001 0.24957021540374721 0.12402793754785084 0.00013987800676461371 2.930610167152953 -2.4327862560278661 2.9305821915516002 0.5 -2.9030440156256287 4.1802782316516147 OK 14 13 0.90393199999999996 0.89757699999999996 0.246361 0.65256999999999998 0.64937100000000003 0 0.25136199999999997 0.24820599999999993 0.246361 0.012803999999999999 0.012415000000000001 0.012160000000000001 0.20931000000000002 0.20812900000000001 0.20591799999999988 0.0042189999999999997 0.0035789999999999997 0.0037220000000000005 0.0010839999999999999 0.00090600000000000001 0.00091700000000000006 4.1802908711362221 4.1802908711362221 4.1802908711362221 0.0031025169502675891 0.0031025169502675891 0.0031025169502675891 1 1 1 Converged Converged Converged OK OK OK 82 82 82 82 82 82 6 6 6 0 0 0 0 0 1 0 0
64 64 linear 1 7 641 1 0.001 0.24957021540374721 0.12402793754785084 0.00013987800676461371 2.930610167152953 -2.4327862560278661 2.9305992201785105 0.5 -2.9030610442525391 4.0211636043933945 OK 14 13 0.90625599999999995 0.85044799999999998 0.229709 0.67334099999999997 0.49238500000000002 0 0.23291499999999998 0.35806299999999996 0.229709 0.012093 0.012264000000000001 0.011492 0.19914900000000002 0.32410700000000003 0.19677199999999992 0.0037110000000000003 0.0037830000000000003 0.0037679999999999996 0.00093500000000000007 0.00095500000000000001 0.00093599999999999998 4.0211828462033026 4.021182846201711 4.0211828462033026 0.0031027861206469123 0.0031027861174128795 0.0031027861206469123 1 1 1 Converged Converged Converged OK OK OK 82 82 82 82 82 82 6 6 6 0 0 0 0 1 0 0 1
64 64 linear 1 15 641 2 0.001 0.24957021540374721 0.12402793754785084 0.00013987800676461371 2.930610167152953 -2.4327862560278661 2.9306186814664081 0.5 -2.9030805055404367 3.8365167173992267 OK 14 13 0.73421999999999998 0.86999000000000004 0.221917 0.51366699999999998 0.51776199999999994 0 0.220553 0.3522280000000001 0.221917 0.011516999999999999 0.012218 0.010928 0.18726000000000001 0.31787399999999993 0.18963799999999997 0.0037120000000000005 0.0039269999999999999 0.0036490000000000003 0.0009819999999999998 0.0010810000000000001 0.00097000000000000005 3.836525365379535 3.8365253653808713 3.836525365379535 0.0031040875476056576 0.0031040875501298425 0.0031040875476056576 1 1 1 Converged Converged Converged OK OK OK 82 82 82 82 82 82 6 6 6 0 0 0 0 1 0 0 1
64 64 linear 1 23 641 3 0.001 0.24957021540374721 0.12402793754785084 0.00013987800676461371 2.930610167152953 -2.4327862560278661 2.9306381427543058 0.5 -2.9030999668283344 3.6494755369022291 OK 14 13 0.76066699999999998 0.89183999999999997 0.22131500000000001 0.53214499999999998 0.51688699999999999 0 0.228522 0.37495299999999998 0.22131500000000001 0.011782000000000001 0.011893000000000001 0.011150999999999999 0.19180100000000008 0.34071299999999999 0.18912900000000002 0.0036620000000000003 0.0040699999999999998 0.0036469999999999996 0.00092100000000000005 0.0010240000000000002 0.00092800000000000001 3.6494999896032132 3.6494999896049563 3.6494999896032132 0.0031064320895227791 0.0031064320971993385 0.0031064320895227791 1 1 1 Converged Converged Converged OK OK OK 82 82 82 82 82 82 6 6 6 0 0 0 0 1 0 0 1
64 64 linear 1 0 641 0 0.0001 0.24957021540374721 0.12402793754785084 0.00013987800676461371 2.930610167152953 -2.4327862560278661 2.9305821915516002 0.5 -2.9030440156256287 4.1802782316516147 OK 14 13 0.99603399999999997 0.97532399999999997 0.32353999999999999 0.66024799999999995 0.65127299999999999 0 0.33578600000000003 0.32405099999999998 0.32353999999999999 0.013808000000000001 0.0124 0.012061000000000001 0.28013300000000002 0.27067100000000005 0.27073699999999989 0.0054870000000000006 0.005548 0.0055030000000000001 0.0012230000000000001 0.0012139999999999998 0.0012110000000000003 4.1802908721503282 4.1802908721503282 4.1802908721503282 0.00031532140783076311 0.00031532140783076311 0.00031532140783076311 1 1 1 Converged Converged Converged OK OK OK 114 114 114 114 114 114 6 6 6 0 0 0 0 0 1 0 0
64 64 linear 1 7 641 1 0.0001 0.24957021540374721 0.12402793754785084 0.00013987800676461371 2.930610167152953 -2.4327862560278661 2.9305992201785105 0.5 -2.9030610442525391 4.0211636043933945 OK 14 13 0.97786899999999999 0.97312399999999999 0.29960900000000001 0.670628 0.49033399999999999 0 0.30724099999999999 0.48279 0.29960900000000001 0.012142999999999999 0.012194 0.011469 0.26309100000000002 0.43858299999999995 0.25693100000000008 0.0056890000000000005 0.0055799999999999999 0.0054460000000000003 0.001206 0.0013339999999999999 0.0012019999999999999 4.0211828472043409 4.0211828472027502 4.0211828472043409 0.00030958309252151068 0.00030958308928747769 0.00030958309252151068 1 1 1 Converged Converged Converged OK OK OK 114 114 114 114 114 114 6 6 6 0 0 0 0 1 0 0 1
64 64 linear 1 15 641 2 0.0001 0.24957021540374721 0.12402793754785084 0.00013987800676461371 2.930610167152953 -2.4327862560278661 2.9306186814664081 0.5 -2.9030805055404367 3.8365167173992267 OK 14 13 0.80845199999999995 0.99038400000000004 0.29223399999999999 0.50976699999999997 0.51370199999999999 0 0.29868499999999998 0.47668200000000005 0.29223399999999999 0.011417 0.012225 0.010893999999999999 0.25577500000000003 0.43182499999999996 0.25031799999999993 0.0053239999999999997 0.0060370000000000007 0.0052570000000000004 0.001253 0.0013220000000000003 0.0012949999999999999 3.8365253663666836 3.8365253663680194 3.8365253663666836 0.00030396749498982461 0.00030396749751400958 0.00030396749498982461 1 1 1 Converged Converged Converged OK OK OK 114 114 114 114 114 114 6 6 6 0 0 0 0 1 0 0 1
64 64 linear 1 23 641 3 0.0001 0.24957021540374721 0.12402793754785084 0.00013987800676461371 2.930610167152953 -2.4327862560278661 2.9306381427543058 0.5 -2.9030999668283344 3.6494755369022291 OK 14 13 0.83298000000000005 1.017862 0.30066599999999999 0.53389900000000001 0.51735200000000003 0 0.29908100000000004 0.50051000000000001 0.30066599999999999 0.011782000000000001 0.011875 0.011142000000000001 0.25561499999999987 0.45662000000000003 0.25796899999999989 0.0055199999999999997 0.0057289999999999997 0.0054440000000000001 0.0012690000000000002 0.0013050000000000002 0.001219 3.6494999905779015 3.6494999905796446 3.6494999905779015 0.00029934043904784457 0.00029934044672440399 0.00029934043904784457 1 1 1 Converged Converged Converged OK OK OK 114 114 114 114 114 114 6 6 6 0 0 0 0 1 0 0 1
64 64 linear 2 0 642 0 0.001 0.24957021540374721 0.12402793754785084 0.00013987800676461371 2.9258658965003379 -2.4296000292569517 2.9258379208989851 0.5 -2.8982997449730137 2.9563308009056515 OK 13 12 0.541489 0.54391599999999996 0.16916700000000001 0.36991099999999999 0.37429699999999999 0 0.17157800000000001 0.16961899999999996 0.16916700000000001 0.0093620000000000005 0.0093299999999999998 0.0091549999999999999 0.14016699999999999 0.13873599999999994 0.13820199999999996 0.0032240000000000003 0.003189 0.0033369999999999997 0.00070500000000000001 0.00072999999999999996 0.00072300000000000001 2.9563281113467714 2.9563281113467714 2.9563281113467714 0.0018786366947198174 0.0018786366947198174 0.0018786366947198174 1 1 1 Converged Converged Converged OK OK OK 61 61 61 61 61 61 3 3 3 0 0 0 0 0 1 0 0
64 64 linear 2 7 642 1 0.001 0.24957021540374721 0.12402793754785084 0.00013987800676461371 2.9258658965003379 -2.4296000292569517 2.9258549495258954 0.5 -2.898316773599924 3.1288973367247523 OK 13 12 0.78804399999999997 0.622421 0.17247799999999999 0.61206000000000005 0.37013200000000002 0 0.17598399999999992 0.25228899999999999 0.17247799999999999 0.0085880000000000001 0.0088020000000000008 0.0081600000000000006 0.14786100000000005 0.22359599999999993 0.14558600000000002 0.0033690000000000005 0.0035979999999999996 0.0031929999999999997 0.00076800000000000002 0.00076300000000000001 0.00068100000000000007 3.1288926724116868 3.1288926724116868 3.1288926724116868 0.0018790864849075352 0.0018790864849075352 0.0018790864849075352 1 1 1 Converged Converged Converged OK OK OK 61 61 61 61 61 61 3 3 3 0 0 0 0 1 0 0 1
64 64 linear 2 15 642 2 0.001 0.24957021540374721 0.12402793754785084 0.00013987800676461371 2.9258658965003379 -2.4296000292569517 2.9258744108137931 0.5 -2.8983362348878217 3.7392977649904129 OK 13 12 0.77374600000000004 0.84783600000000003 0.150085 0.61740799999999996 0.54924300000000004 0 0.15633800000000009 0.298593 0.150085 0.011658 0.0099450000000000007 0.0081040000000000001 0.128718 0.27146299999999995 0.12643899999999997 0.0027799999999999999 0.0028899999999999998 0.002601 0.00072599999999999997 0.00078699999999999994 0.000754 3.7392676526650765 3.7392676526725999 3.7392676526650765 0.003263983193611584 0.0032639832041992242 0.003263983193611584 1 1 1 Converged Converged Converged OK OK OK 60 60 60 60 60 60 4 4 4 0 0 0 0 1 0 0 1
64 64 linear 2 23 642 3 0.001 0.24957021540374721 0.12402793754785084 0.00013987800676461371 2.9258658965003379 -2.4296000292569517 2.9258938721016907 0.5 -2.8983556961757193 4.8244365469832404 OK 13 12 0.62769900000000001 0.74424400000000002 0.17575099999999999 0.45153700000000002 0.49047299999999999 0 0.17616199999999999 0.25377100000000002 0.17575099999999999 0.008659 0.010090999999999999 0.0081130000000000004 0.15139100000000005 0.22684800000000002 0.152118 0.0027169999999999998 0.002918 0.0026830000000000001 0.00079200000000000006 0.00083900000000000001 0.00079900000000000001 4.8244703441587804 4.8244703441606331 4.8244703441587804 0.0024782030747355806 0.0024782030594528949 0.0024782030747355806 1 1 1 Converged Converged Converged OK OK OK 60 60 60 60 60 60 4 4 4 0 0 0 0 1 0 0 1
64 64 linear 2 0 642 0 0.0001 0.24957021540374721 0.12402793754785084 0.00013987800676461371 2.9258658965003379 -2.4296000292569517 2.9258379208989851 0.5 -2.8982997449730137 2.9563308009056515 OK 13 12 0.58025899999999997 0.57399 0.20346400000000001 0.37429899999999999 0.370728 0 0.20595999999999998 0.203262 0.20346400000000001 0.0094599999999999997 0.0093019999999999995 0.0092820000000000003 0.16859100000000005 0.16642899999999999 0.16617699999999999 0.0040270000000000002 0.0040550000000000004 0.0043020000000000003 0.00088200000000000008 0.00086600000000000002 0.00095099999999999981 2.9563281122700023 2.9563281122700023 2.9563281122700023 0.00018257282356029652 0.00018257282356029652 0.00018257282356029652 1 1 1 Converged Converged Converged OK OK OK 77 77 77 77 77 77 3 3 3 0 0 0 0 0 1 0 0
64 64 linear 2 7 642 1 0.0001 0.24957021540374721 0.12402793754785084 0.00013987800676461371 2.9258658965003379 -2.4296000292569517 2.9258549495258954 0.5 -2.898316773599924 3.1288973367247523 OK 13 12 0.82494000000000001 0.67448200000000003 0.202624 0.61786399999999997 0.37337900000000002 0 0.20707600000000004 0.30110300000000001 0.202624 0.0085620000000000002 0.0085419999999999992 0.008071 0.17405600000000002 0.26841600000000004 0.17050400000000002 0.0042359999999999993 0.0041840000000000002 0.004235 0.00084800000000000001 0.00082600000000000002 0.00084800000000000001 3.1288926733371487 3.1288926733371487 3.1288926733371487 0.00018302269097709379 0.00018302269097709379 0.00018302269097709379 1 1 1 Converged Converged Converged OK OK OK 77 77 77 77 77 77 3 3 3 0 0 0 0 1 0 0 1
64 64 linear 2 15 642 2 0.0001 0.24957021540374721 0.12402793754785084 0.00013987800676461371 2.9258658965003379 -2.4296000292569517 2.9258744108137931 0.5 -2.8983362348878217 3.7392977649904129 OK 13 12 0.85171399999999997 0.94058299999999995 0.22425800000000001 0.62280899999999995 0.549543 0 0.22890500000000003 0.39103999999999994 0.22425800000000001 0.0087349999999999997 0.0087679999999999998 0.0080579999999999992 0.19427299999999997 0.35611499999999996 0.19088500000000003 0.0045720000000000005 0.0045310000000000003 0.0045870000000000008 0.001085 0.0010609999999999999 0.001132 3.7392596773855233 3.7392596773910918 3.7392596773855233 0.00024112528903345309 0.00024112529791380652 0.00024112528903345309 1 1 1 Converged Converged Converged OK OK OK 92 92 92 92 92 92 4 4 4 0 0 0 0 1 0 0 1
64 64 linear 2 23 642 3 0.0001 0.24957021540374721 0.12402793754785084 0.00013987800676461371 2.9258658965003379 -2.4296000292569517 2.9258938721016907 0.5 -2.8983556961757193 4.8244365469832404 OK 13 12 0.71027799999999996 0.83930700000000003 0.25462299999999999 0.45209300000000002 0.47977300000000001 0 0.25818499999999994 0.35953400000000002 0.25462299999999999 0.0086379999999999998 0.0087139999999999995 0.0080529999999999994 0.22530999999999995 0.32546200000000008 0.22301199999999999 0.0043569999999999998 0.005254 0.0043179999999999998 0.0010859999999999999 0.001106 0.001047 4.8244706448457695 4.8244706448423855 4.8244706448457695 0.00023371058927497022 0.00023371057747973028 0.00023371058927497022 1 1 1 Converged Converged Converged OK OK OK 92 92 92 92 92 92 4 4 4 0 0 0 0 1 0 0 1
64 64 linear 3 0 643 0 0.001 0.24957021540374721 0.12402793754785084 0.00013987800676461371 0.0015087530382331578 0.00987431088672335 0.0014807774368802351 0.5 0.02605739848909128 80.465307583501996 OK 13 12 0.42563600000000001 0.42718400000000001 0.10023799999999999 0.32269999999999999 0.326656 0 0.10293600000000003 0.10052800000000001 0.10023799999999999 0.0095149999999999992 0.0093240000000000007 0.00911 0.074726999999999988 0.073003999999999972 0.072841000000000003 0.0027369999999999998 0.0027569999999999999 0.002676 0.00056499999999999996 0.00055499999999999994 0.00055800000000000001 80.465270174575082 80.465270174575082 80.465270174575082 0.040968976170809385 0.040968976170809385 0.040968976170809385 1 1 1 Converged Converged Converged OK OK OK 53 53 53 53 53 53 3 3 3 0 0 0 0 0 1 0 0
64 64 linear 3 7 643 1 0.001 0.24957021540374721 0.12402793754785084 0.00013987800676461371 0.0015087530382331578 0.00987431088672335 0.0014978060637907097 0.5 0.026040369862180807 80.176564948782399 OK 13 12 0.43690400000000001 0.426228 0.095329999999999998 0.33845900000000001 0.201153 0 0.098445000000000005 0.225075 0.095329999999999998 0.0090530000000000003 0.0091570000000000002 0.0085070000000000007 0.072577000000000003 0.19958000000000001 0.070614999999999997 0.0027890000000000002 0.0026979999999999999 0.002784 0.00063499999999999993 0.00060799999999999993 0.00059099999999999995 80.176528530644717 80.176528530644717 80.176528530644717 0.040982373427205961 0.040982373427205961 0.040982373427205961 1 1 1 Converged Converged Converged OK OK OK 53 53 53 53 53 53 3 3 3 0 0 0 0 1 0 0 1
64 64 linear 3 15 643 2 0.001 0.24957021540374721 0.12402793754785084 0.00013987800676461371 0.0015087530382331578 0.00987431088672335 0.0015172673516883951 0.5 0.02602090857428312 79.85185122767983 OK 13 12 0.43181999999999998 0.41864400000000002 0.092190999999999995 0.33568900000000002 0.201073 0 0.096130999999999966 0.21757100000000001 0.092190999999999995 0.0090620000000000006 0.0091120000000000003 0.0084919999999999995 0.070124999999999965 0.19202199999999994 0.067802000000000001 0.0028180000000000002 0.0027759999999999998 0.0026450000000000002 0.00059599999999999996 0.00055899999999999993 0.000544 79.85181578561189 79.85181578561189 79.85181578561189 0.040997705840906729 0.040997705840906729 0.040997705840906729 1 1 1 Converged Converged Converged OK OK OK 53 53 53 53 53 53 3 3 3 0 0 0 0 1 0 0 1
64 64 linear 3 23 643 3 0.001 0.24957021540374721 0.12402793754785084 0.00013987800676461371 0.0015087530382331578 0.00987431088672335 0.0015367286395860805 0.5 0.026001447286385437 79.532628804081469 OK 13 12 0.42228199999999999 0.40270499999999998 0.093770000000000006 0.32555800000000001 0.195406 0 0.096723999999999977 0.20729899999999998 0.093770000000000006 0.0087709999999999993 0.0088559999999999993 0.0082349999999999993 0.071536999999999976 0.18157300000000001 0.069536999999999988 0.0027320000000000001 0.0028890000000000001 0.0027699999999999999 0.00056400000000000005 0.00056300000000000002 0.00055500000000000005 79.532587258411326 79.532587258411326 79.532587258411326 0.041013060887834088 0.041013060887834088 0.041013060887834088 1 1 1 Converged Converged Converged OK OK OK 53 53 53 53 53 53 3 3 3 0 0 0 0 1 0 0 1
64 64 linear 3 0 643 0 0.0001 0.24957021540374721 0.12402793754785084 0.00013987800676461371 0.0015087530382331578 0.00987431088672335 0.0014807774368802351 0.5 0.02605739848909128 80.465307583501996 OK 13 12 0.45174199999999998 0.44918200000000003 0.12534799999999999 0.32134099999999999 0.32306099999999999 0 0.13040099999999999 0.12612100000000004 0.12534799999999999 0.0096480000000000003 0.0095530000000000007 0.0091730000000000006 0.095408000000000007 0.092562000000000019 0.092339000000000004 0.0039449999999999997 0.0036170000000000004 0.003614 0.00071600000000000006 0.00070199999999999993 0.00068500000000000006 80.465270196881363 80.465270196881363 80.465270196881363 7.2609080254410238e-06 7.2609080254410238e-06 7.2609080254410238e-06 1 1 1 Converged Converged Converged OK OK OK 69 69 69 69 69 69 3 3 3 0 0 0 0 0 1 0 0
64 64 linear 3 7 643 1 0.0001 0.24957021540374721 0.12402793754785084 0.00013987800676461371 0.0015087530382331578 0.00987431088672335 0.0014978060637907097 0.5 0.026040369862180807 80.176564948782399 OK 13 12 0.46064300000000002 0.49033399999999999 0.119417 0.337671 0.20066000000000001 0 0.12297200000000003 0.28967399999999999 0.119417 0.0089580000000000007 0.0090609999999999996 0.0086040000000000005 0.092421000000000003 0.25870699999999991 0.089660000000000017 0.0036110000000000001 0.0036410000000000001 0.0035689999999999997 0.00072900000000000005 0.0007319999999999999 0.00072799999999999991 80.176528552910014 80.176528552910014 80.176528552910014 7.251155347018207e-06 7.251155347018207e-06 7.251155347018207e-06 1 1 1 Converged Converged Converged OK OK OK 69 69 69 69 69 69 3 3 3 0 0 0 0 1 0 0 1
64 64 linear 3 15 643 2 0.0001 0.24957021540374721 0.12402793754785084 0.00013987800676461371 0.0015087530382331578 0.00987431088672335 0.0015172673516883951 0.5 0.02602090857428312 79.85185122767983 OK 13 12 0.45488699999999999 0.48655900000000002 0.11677 0.33460200000000001 0.20059099999999999 0 0.12028499999999998 0.285968 0.11677 0.0090840000000000001 0.0090360000000000006 0.0085810000000000001 0.089774000000000007 0.25493399999999999 0.087284999999999988 0.0036099999999999999 0.0037589999999999998 0.003516 0.00070399999999999998 0.00069800000000000005 0.00067599999999999995 79.851815807919891 79.851815807919891 79.851815807919891 7.2404275154100759e-06 7.2404275154100759e-06 7.2404275154100759e-06 1 1 1 Converged Converged Converged OK OK OK 69 69 69 69 69 69 3 3 3 0 0 0 0 1 0 0 1
64 64 linear 3 23 643 3 0.0001 0.24957021540374721 0.12402793754785084 0.00013987800676461371 0.0015087530382331578 0.00987431088672335 0.0015367286395860805 0.5 0.026001447286385437 79.532628804081469 OK 13 12 0.45049400000000001 0.46695399999999998 0.118895 0.32841900000000002 0.192796 0 0.12207499999999999 0.27415800000000001 0.118895 0.0088020000000000008 0.0088959999999999994 0.0082730000000000008 0.091842999999999994 0.24314100000000002 0.08955500000000001 0.0036340000000000001 0.0037880000000000001 0.0035989999999999998 0.00070400000000000009 0.00071099999999999994 0.00068899999999999994 79.532587280714878 79.532587280714878 79.532587280714878 7.2298581808667429e-06 7.2298581808667429e-06 7.2298581808667429e-06 1 1 1 Converged Converged Converged OK OK OK 69 69 69 69 69 69 3 3 3 0 0 0 0 1 0 0 1
64 64 linear 4 0 644 0 0.001 0.24957021540374721 0.12402793754785084 0.00013987800676461371 2.9304814886760049 -2.4325002246514051 2.9304535130746521 0.5 -2.9029153371486807 5.0882909579821156 OK 15 14 1.013252 1.0085850000000001 0.28089999999999998 0.72279099999999996 0.72629500000000002 0 0.29046100000000008 0.28229000000000004 0.28089999999999998 0.01537 0.015458 0.01469 0.23989500000000002 0.23175399999999996 0.23133499999999999 0.004764 0.0047540000000000004 0.004744 0.00106 0.0010789999999999999 0.001016 5.0882878779747047 5.0882878779747047 5.0882878779747047 0.0050508527248230755 0.0050508527248230755 0.0050508527248230755 1 1 1 Converged Converged Converged OK OK OK 91 91 91 91 91 91 5 5 5 0 0 0 0 0 1 0 0
64 64 linear 4 7 644 1 0.001 0.24957021540374721 0.12402793754785084 0.00013987800676461371 2.9304814886760049 -2.4325002246514051 2.9304705417015624 0.5 -2.902932365775591 5.1413335152696629 OK 15 14 1.0799650000000001 0.97392999999999996 0.27215899999999998 0.805724 0.59571200000000002 0 0.27424100000000007 0.37821799999999994 0.27215899999999998 0.014326999999999999 0.014482 0.013459 0.23169499999999982 0.33554899999999999 0.23080700000000004 0.0047999999999999996 0.0047460000000000002 0.0046909999999999999 0.00098400000000000007 0.001 0.001011 5.1413304789349779 5.1413304789349779 5.1413304789349779 0.0050848813433448008 0.0050848813433448008 0.0050848813433448008 1 1 1 Converged Converged Converged OK OK OK 91 91 91 91 91 91 5 5 5 0 0 0 0 1 0 0 1
64 64 linear 4 15 644 2 0.001 0.24957021540374721 0.12402793754785084 0.00013987800676461371 2.9304814886760049 -2.4325002246514051 2.9304900029894601 0.5 -2.9029518270634886 5.2042766489161716 OK 15 14 1.0356529999999999 1.0570409999999999 0.241781 0.78787200000000002 0.65716799999999997 0 0.24778099999999992 0.39987299999999992 0.241781 0.015699999999999999 0.013931000000000001 0.014833000000000001 0.20371799999999993 0.35697500000000015 0.19924899999999995 0.0048609999999999999 0.0050489999999999997 0.0047620000000000006 0.001011 0.0010219999999999999 0.0010150000000000001 5.20427351025962 5.20427351025962 5.20427351025962 0.0051240258218670735 0.0051240258218670735 0.0051240258218670735 1 1 1 Converged Converged Converged OK OK OK 91 91 91 91 91 91 5 5 5 0 0 0 0 1 0 0 1
64 64 linear 4 23 644 3 0.001 0.24957021540374721 0.12402793754785084 0.00013987800676461371 2.9304814886760049 -2.4325002246514051 2.9305094642773577 0.5 -2.9029712883513863 5.2698795864027161 OK 15 14 1.0304120000000001 1.128881 0.24246500000000001 0.77999700000000005 0.72128800000000004 0 0.25041500000000005 0.40759299999999998 0.24246500000000001 0.014732 0.015158 0.013924000000000001 0.20742800000000011 0.36395999999999989 0.20086500000000004 0.004829 0.005019 0.0047369999999999999 0.0010009999999999999 0.0010189999999999999 0.001023 5.2698764101568916 5.2698764101568916 5.2698764101568916 0.0051632713677240054 0.0051632713677240054 0.0051632713677240054 1 1 1 Converged Converged Converged OK OK OK 91 91 91 91 91 91 5 5 5 0 0 0 0 1 0 0 1
64 64 linear 4 0 644 0 0.0001 0.24957021540374721 0.12402793754785084 0.00013987800676461371 2.9304814886760049 -2.4325002246514051 2.9304535130746521 0.5 -2.9029153371486807 5.0882909579821156 OK 15 14 1.1388499999999999 1.1359250000000001 0.40285500000000002 0.72985599999999995 0.727155 0 0.40899399999999997 0.40877000000000008 0.40285500000000002 0.015561 0.015768000000000001 0.01511 0.33839200000000008 0.33850500000000006 0.33374900000000002 0.0074649999999999994 0.0073040000000000006 0.0072000000000000007 0.001395 0.0013739999999999998 0.0013799999999999999 5.0882878722834777 5.0882878722834777 5.0882878722834777 0.0002656084748961418 0.0002656084748961418 0.0002656084748961418 1 1 1 Converged Converged Converged OK OK OK 139 139 139 139 139 139 5 5 5 0 0 0 0 0 1 0 0
64 64 linear 4 7 644 1 0.0001 0.24957021540374721 0.12402793754785084 0.00013987800676461371 2.9304814886760049 -2.4325002246514051 2.9304705417015624 0.5 -2.902932365775591 5.1413335152696629 OK 15 14 1.2009529999999999 1.1763669999999999 0.389791 0.80556000000000005 0.59711599999999998 0 0.39539299999999988 0.57925099999999996 0.389791 0.014258 0.015862000000000001 0.013416000000000001 0.33775099999999986 0.51903199999999983 0.33409699999999987 0.0074600000000000005 0.0076219999999999994 0.007167999999999999 0.001354 0.0013930000000000001 0.001354 5.1413304724643494 5.1413304724643494 5.1413304724643494 0.00026474965307050875 0.00026474965307050875 0.00026474965307050875 1 1 1 Converged Converged Converged OK OK OK 139 139 139 139 139 139 5 5 5 0 0 0 0 1 0 0 1
64 64 linear 4 15 644 2 0.0001 0.24957021540374721 0.12402793754785084 0.00013987800676461371 2.9304814886760049 -2.4325002246514051 2.9304900029894601 0.5 -2.9029518270634886 5.2042766489161716 OK 15 14 1.1667099999999999 1.2396149999999999 0.37093300000000001 0.78890099999999996 0.66203500000000004 0 0.37780899999999995 0.57757999999999987 0.37093300000000001 0.015573999999999999 0.014123999999999999 0.014799 0.31897199999999981 0.51998200000000028 0.31373900000000005 0.0073629999999999998 0.007624999999999999 0.0073019999999999995 0.0013710000000000003 0.00139 0.001397 5.2042735027741207 5.2042735027741207 5.2042735027741207 0.00026378647145108841 0.00026378647145108841 0.00026378647145108841 1 1 1 Converged Converged Converged OK OK OK 139 139 139 139 139 139 5 5 5 0 0 0 0 1 0 0 1
64 64 linear 4 23 644 3 0.0001 0.24957021540374721 0.12402793754785084 0.00013987800676461371 2.9304814886760049 -2.4325002246514051 2.9305094642773577 0.5 -2.9029712883513863 5.2698795864027161 OK 15 14 1.1491070000000001 1.3114060000000001 0.35430699999999998 0.78486500000000003 0.71403799999999995 0 0.36424200000000007 0.59736800000000012 0.35430699999999998 0.014869 0.015192000000000001 0.014027 0.3064099999999999 0.53880399999999962 0.29785300000000003 0.0074009999999999996 0.0074419999999999998 0.0073580000000000008 0.0013760000000000001 0.0013760000000000001 0.001359 5.2698764014970187 5.2698764014970187 5.2698764014970187 0.00026284436686403186 0.00026284436686403186 0.00026284436686403186 1 1 1 Converged Converged Converged OK OK OK 139 139 139 139 139 139 5 5 5 0 0 0 0 1 0 0 1
64 64 uniform 0 0 645 0 0.001 0.24957021540374721 0.12402793754785084 0.00013987800676461371 2.9276885554569301 2.4345822619179507 2.9276605798555773 0 -2.9001224039296059 4.4067699709467272 OK 14 13 53.996819000000002 53.977044999999997 0.26316800000000001 53.650939999999999 53.667234000000001 0 0.3458790000000036 0.30981099999999628 0.26316800000000001 0.01627 0.014841 0.014392 0.28864699999999988 0.25921900000000009 0.21752399999999997 0.0061480000000000007 0.0059590000000000008 0.0046290000000000003 0.0014480000000000001 0.0013870000000000002 0.001271 4.4067807880967944 4.4067807880967944 4.4067807880967944 0.0033250392003271322 0.0033250392003271322 0.0033250392003271322 1 1 1 Converged Converged Converged OK OK OK 82 82 82 82 82 82 6 6 6 0 0 0 0 0 1 0 0
64 64 uniform 0 7 645 1 0.001 0.24957021540374721 0.12402793754785084 0.00013987800676461371 2.9276885554569301 2.4345822619179507 2.9276776084824876 0 -2.9001394325565162 4.1402072324068451 OK 14 13 22.815398999999999 22.82 0.25071300000000002 22.474045 22.417065999999998 0 0.34135399999999905 0.4029340000000019 0.25071300000000002 0.015035 0.013708 0.012426 0.29324900000000004 0.35939200000000004 0.214868 0.0061599999999999997 0.0063889999999999997 0.004444 0.0014 0.0013829999999999997 0.0012779999999999998 4.1402055388507657 4.1402055388507657 4.1402055388507657 0.0033790682726406551 0.0033790682726406551 0.0033790682726406551 1 1 1 Converged Converged Converged OK OK OK 82 82 82 82 82 82 6 6 6 0 0 0 0 1 0 0 1
64 64 uniform 0 15 645 2 0.001 0.24957021540374721 0.12402793754785084 0.00013987800676461371 2.9276885554569301 2.4345822619179507 2.9276970697703852 0 -2.9001588938444138 3.820075629531869 OK 14 13 32.216692999999999 32.151459000000003 0.22334799999999999 31.911947999999999 31.779761000000001 0 0.30474500000000049 0.37169800000000208 0.22334799999999999 0.014703000000000001 0.013537 0.011899 0.26423099999999994 0.33152900000000018 0.19091199999999994 0.0052839999999999996 0.0052589999999999998 0.0036470000000000001 0.001292 0.00131 0.001049 3.8200749121148103 3.8200749121148103 3.8200749121148103 0.00063383087128024971 0.00063383087128024971 0.00063383087128024971 1 1 1 Converged Converged Converged OK OK OK 75 75 75 75 75 75 5 5 5 0 0 0 0 1 0 0 1
64 64 uniform 0 23 645 3 0.001 0.24957021540374721 0.12402793754785084 0.00013987800676461371 2.9276885554569301 2.4345822619179507 2.9277165310582829 0 -2.9001783551323115 3.4843201076889829 OK 14 13 20.137066999999998 20.174292000000001 0.210837 19.85013 19.891482 0 0.28693699999999822 0.28281000000000134 0.210837 0.014917 0.013624000000000001 0.011927 0.246229 0.24534500000000001 0.17889800000000006 0.0053310000000000007 0.0052269999999999999 0.0033789999999999996 0.0012419999999999998 0.0012139999999999998 0.00096000000000000002 3.4843188839230255 3.4843188839230255 3.4843188839230255 0.0006166008259048518 0.0006166008259048518 0.0006166008259048518 1 1 1 Converged Converged Converged OK OK OK 75 75 75 75 75 75 5 5 5 0 0 0 0 1 0 0 1
64 64 uniform 0 0 645 0 0.0001 0.24957021540374721 0.12402793754785084 0.00013987800676461371 2.9276885554569301 2.4345822619179507 2.9276605798555773 0 -2.9001224039296059 4.4067699709467272 OK 14 13 54.085011000000002 54.077244 0.30975599999999998 53.674008000000001 53.667825999999998 0 0.4110030000000009 0.40941800000000228 0.30975599999999998 0.016538000000000001 0.015058999999999999 0.014314 0.33792400000000006 0.33922100000000005 0.25334699999999993 0.0084390000000000003 0.0094029999999999982 0.0066720000000000008 0.0026559999999999999 0.0017380000000000002 0.001557 4.4067695189459446 4.4067695189459446 4.4067695189459446 0.00024142313294688239 0.00024142313294688239 0.00024142313294688239 1 1 1 Converged Converged Converged OK OK OK 106 106 106 106 106 106 6 6 6 0 0 0 0 0 1 0 0
64 64 uniform 0 7 645 1 0.0001 0.24957021540374721 0.12402793754785084 0.00013987800676461371 2.9276885554569301 2.4345822619179507 2.9276776084824876 0 -2.9001394325565162 4.1402072324068451 OK 14 13 22.915872 22.882214000000001 0.29905100000000001 22.538696000000002 22.45393 0 0.37717599999999862 0.42828400000000144 0.29905100000000001 0.014984000000000001 0.013583 0.012139 0.32436799999999988 0.37462300000000021 0.25548799999999999 0.0086829999999999997 0.0080920000000000002 0.0060390000000000001 0.0017229999999999999 0.0017530000000000002 0.0016720000000000001 4.1402069327909032 4.1402069327909032 4.1402069327909032 0.0002644774853943831 0.0002644774853943831 0.0002644774853943831 1 1 1 Converged Converged Converged OK OK OK 106 106 106 106 106 106 6 6 6 0 0 0 0 1 0 0 1
64 64 uniform 0 15 645 2 0.0001 0.24957021540374721 0.12402793754785084 0.00013987800676461371 2.9276885554569301 2.4345822619179507 2.9276970697703852 0 -2.9001588938444138 3.820075629531869 OK 14 13 32.299196000000002 32.266255999999998 0.25165900000000002 31.987936000000001 31.829325999999998 0 0.31126000000000076 0.43693000000000026 0.25165900000000002 0.014612 0.014206999999999999 0.011879000000000001 0.26490699999999995 0.38931700000000008 0.21412099999999992 0.0069959999999999987 0.0068910000000000004 0.004594 0.00142 0.002454 0.00123 3.8200749121231437 3.8200749121231437 3.8200749121231437 0.00028033536127974895 0.00028033536127974895 0.00028033536127974895 1 1 1 Converged Converged Converged OK OK OK 91 91 91 91 91 91 5 5 5 0 0 0 0 1 0 0 1
64 64 uniform 0 23 645 3 0.0001 0.24957021540374721 0.12402793754785084 0.00013987800676461371 2.9276885554569301 2.4345822619179507 2.9277165310582829 0 -2.9001783551323115 3.4843201076889829 OK 14 13 20.229409 20.194383999999999 0.23863100000000001 19.892439 19.756755999999999 0 0.33697000000000088 0.43762800000000013 0.23863100000000001 0.015509 0.013546000000000001 0.012055 0.28650500000000001 0.38813499999999995 0.20196499999999995 0.0072399999999999999 0.0072090000000000001 0.0042789999999999998 0.0021190000000000002 0.0014080000000000002 0.0010200000000000001 3.4843188839311723 3.4843188839311723 3.4843188839311723 0.00026310533398760214 0.00026310533398760214 0.00026310533398760214 1 1 1 Converged Converged Converged OK OK OK 91 91 91 91 91 91 5 5 5 0 0 0 0 1 0 0 1
64 64 uniform 1 0 646 0 0.001 0.24957021540374721 0.12402793754785084 0.00013987800676461371 2.930610167152953 -2.4327862560278661 2.9305821915516002 0 -2.9030440156256287 4.2386677502947343 OK 14 13 0.88200299999999998 0.87882300000000002 0.22692999999999999 0.65300400000000003 0.65126899999999999 0 0.22899899999999995 0.22755400000000003 0.22692999999999999 0.012736000000000001 0.01264 0.012148000000000001 0.18738199999999999 0.18687600000000004 0.18695799999999996 0.0038470000000000006 0.0036259999999999999 0.0034489999999999998 0.00106 0.00095200000000000016 0.00091300000000000007 4.238667324473564 4.238667324473564 4.238667324473564 0.00068114442455090177 0.00068114442455090177 0.00068114442455090177 1 1 1 Converged Converged Converged OK OK OK 82 82 82 82 82 82 6 6 6 0 0 0 0 0 1 0 0
64 64 uniform 1 7 646 1 0.001 0.24957021540374721 0.12402793754785084 0.00013987800676461371 2.930610167152953 -2.4327862560278661 2.9305992201785105 0 -2.9030610442525391 4.0974256980075019 OK 14 13 0.86436999999999997 0.80184599999999995 0.18656200000000001 0.67233900000000002 0.49143199999999998 0 0.19203099999999995 0.31041399999999997 0.18656200000000001 0.012265 0.012168999999999999 0.011554 0.15968499999999997 0.27846300000000007 0.15589200000000006 0.0032989999999999998 0.0032680000000000001 0.0030590000000000005 0.00083199999999999995 0.0007539999999999999 0.00075500000000000003 4.0974262974997515 4.0974262974985969 4.0974262974997515 0.0040758130221646201 0.0040758130196641351 0.0040758130221646201 1 1 1 Converged Converged Converged OK OK OK 74 74 74 74 74 74 6 6 6 0 0 0 0 1 0 0 1
64 64 uniform 1 15 646 2 0.001 0.24957021540374721 0.12402793754785084 0.00013987800676461371 2.930610167152953 -2.4327862560278661 2.9306186814664081 0 -2.9030805055404367 3.9318796240133507 OK 14 13 0.68782799999999999 0.82219299999999995 0.17394499999999999 0.51168599999999997 0.51274299999999995 0 0.17614200000000002 0.30945 0.17394499999999999 0.011499000000000001 0.012246999999999999 0.01089 0.14524599999999996 0.27716600000000013 0.143988 0.0031120000000000002 0.0032679999999999996 0.0031669999999999997 0.000754 0.00079300000000000009 0.00074699999999999994 3.9318799845435741 3.931879984544481 3.9318799845435741 0.0037475544281599001 0.0037475544304881648 0.0037475544281599001 1 1 1 Converged Converged Converged OK OK OK 74 74 74 74 74 74 6 6 6 0 0 0 0 1 0 0 1
64 64 uniform 1 23 646 3 0.001 0.24957021540374721 0.12402793754785084 0.00013987800676461371 2.930610167152953 -2.4327862560278661 2.9306381427543058 0 -2.9030999668283344 3.7620810102099704 OK 14 13 0.71556600000000004 0.83936900000000003 0.178619 0.530447 0.51686699999999997 0 0.18511900000000003 0.32250200000000007 0.178619 0.011823 0.011863 0.011129 0.15375799999999998 0.29072599999999993 0.14837900000000001 0.0030699999999999998 0.0033379999999999998 0.0030360000000000001 0.00079699999999999997 0.00079600000000000005 0.00078199999999999993 3.7620810750448448 3.7620810750471385 3.7620810750448448 0.003331687245509799 0.0033316872498189562 0.003331687245509799 1 1 1 Converged Converged Converged OK OK OK 74 74 74 74 74 74 6 6 6 0 0 0 0 1 0 0 1
64 64 uniform 1 0 646 0 0.0001 0.24957021540374721 0.12402793754785084 0.00013987800676461371 2.930610167152953 -2.4327862560278661 2.9305821915516002 0 -2.9030440156256287 4.2386677502947343 OK 14 13 0.90568499999999996 0.90586100000000003 0.25553100000000001 0.64765600000000001 0.64858400000000005 0 0.25802899999999995 0.25727699999999998 0.25553100000000001 0.012522 0.012474000000000001 0.012043 0.21182600000000001 0.21069700000000005 0.20732099999999998 0.0043109999999999997 0.0045269999999999998 0.0042850000000000006 0.0010480000000000001 0.0010530000000000001 0.0010330000000000001 4.2386673244814244 4.2386673244814244 4.2386673244814244 0.00032765022744403731 0.00032765022744403731 0.00032765022744403731 1 1 1 Converged Converged Converged OK OK OK 98 98 98 98 98 98 6 6 6 0 0 0 0 0 1 0 0
64 64 uniform 1 7 646 1 0.0001 0.24957021540374721 0.12402793754785084 0.00013987800676461371 2.930610167152953 -2.4327862560278661 2.9305992201785105 0 -2.9030610442525391 4.0974256980075019 OK 14 13 0.91062500000000002 0.86831499999999995 0.23520199999999999 0.67106699999999997 0.48732900000000001 0 0.23955800000000005 0.38098599999999994 0.23520199999999999 0.012363000000000001 0.012071999999999999 0.011521 0.20029700000000003 0.34210400000000002 0.19825700000000004 0.0047650000000000001 0.004483 0.004163 0.0011629999999999998 0.0010169999999999999 0.001008 4.0974252484580092 4.0974252484576859 4.0974252484580092 0.00032752666333179723 0.00032752666047782778 0.00032752666333179723 1 1 1 Converged Converged Converged OK OK OK 98 98 98 98 98 98 6 6 6 0 0 0 0 1 0 0 1
64 64 uniform 1 15 646 2 0.0001 0.24957021540374721 0.12402793754785084 0.00013987800676461371 2.930610167152953 -2.4327862560278661 2.9306186814664081 0 -2.9030805055404367 3.9318796240133507 OK 14 13 0.734487 0.89357699999999995 0.22075500000000001 0.51107499999999995 0.51776699999999998 0 0.22341200000000005 0.37580999999999998 0.22075500000000001 0.01162 0.012081 0.010871 0.18462200000000009 0.3373750000000002 0.18431700000000006 0.0047849999999999993 0.004496 0.0042100000000000002 0.001127 0.001047 0.00099500000000000022 3.9318790341893775 3.9318790341909406 3.9318790341893775 0.00032794718542695969 0.00032794718698692083 0.00032794718542695969 1 1 1 Converged Converged Converged OK OK OK 98 98 98 98 98 98 6 6 6 0 0 0 0 1 0 0 1
64 64 uniform 1 23 646 3 0.0001 0.24957021540374721 0.12402793754785084 0.00013987800676461371 2.930610167152953 -2.4327862560278661 2.9306381427543058 0 -2.9030999668283344 3.7620810102099704 OK 14 13 0.76429199999999997 0.91734300000000002 0.22606499999999999 0.53227500000000005 0.51717599999999997 0 0.23201699999999992 0.40016700000000005 0.22606499999999999 0.011894999999999999 0.011906 0.011213000000000001 0.19311200000000012 0.36172799999999999 0.18901899999999999 0.0047219999999999996 0.0044359999999999998 0.0042439999999999995 0.001088 0.001042 0.001052 3.7620804288273448 3.7620804288286847 3.7620804288273448 0.00032904365282809871 0.00032904365886549932 0.00032904365282809871 1 1 1 Converged Converged Converged OK OK OK 98 98 98 98 98 98 6 6 6 0 0 0 0 1 0 0 1
64 64 uniform 2 0 647 0 0.001 0.24957021540374721 0.12402793754785084 0.00013987800676461371 2.9258658965003379 -2.4296000292569517 2.9258379208989851 0 -2.8982997449730137 2.9805709080550962 OK 13 12 0.48379100000000003 0.48291499999999998 0.114227 0.372058 0.37061500000000003 0 0.11173300000000003 0.11229999999999996 0.114227 0.0092890000000000004 0.0094350000000000007 0.0089499999999999996 0.086407000000000012 0.087093000000000004 0.089297000000000015 0.0022099999999999997 0.0022179999999999999 0.0022209999999999999 0.00060999999999999997 0.00060000000000000006 0.00062699999999999995 2.980570779947584 2.980570779947584 2.980570779947584 0.0018876636038963617 0.0018876636038963617 0.0018876636038963617 1 1 1 Converged Converged Converged OK OK OK 45 45 45 45 45 45 3 3 3 0 0 0 0 0 1 0 0
64 64 uniform 2 7 647 1 0.001 0.24957021540374721 0.12402793754785084 0.00013987800676461371 2.9258658965003379 -2.4296000292569517 2.9258549495258954 0 -2.898316773599924 3.1662062698004041 OK 13 12 0.728321 0.54638200000000003 0.11475200000000001 0.60914500000000005 0.36995499999999998 0 0.11917599999999995 0.17642700000000006 0.11475200000000001 0.008574 0.012302 0.0081919999999999996 0.096394999999999995 0.15009900000000001 0.092703000000000008 0.0022859999999999998 0.0022880000000000001 0.002248 0.00058299999999999997 0.00055900000000000004 0.00060599999999999998 3.1662060252284667 3.1662060252284667 3.1662060252284667 0.0025235693248269872 0.0025235693248269872 0.0025235693248269872 1 1 1 Converged Converged Converged OK OK OK 45 45 45 45 45 45 3 3 3 0 0 0 0 1 0 0 1
64 64 uniform 2 15 647 2 0.001 0.24957021540374721 0.12402793754785084 0.00013987800676461371 2.9258658965003379 -2.4296000292569517 2.9258744108137931 0 -2.8983362348878217 3.9397574977136385 OK 13 12 0.75698399999999999 0.79542500000000005 0.13403799999999999 0.62103699999999995 0.55082600000000004 0 0.13594700000000004 0.24459900000000001 0.13403799999999999 0.0087329999999999994 0.0088020000000000008 0.0080700000000000008 0.110023 0.21876199999999996 0.10930400000000001 0.002516 0.002503 0.0024380000000000001 0.00076800000000000002 0.00078899999999999999 0.0007400000000000001 3.9397711105437478 3.9397711105507973 3.9397711105437478 0.0038812835791563389 0.0038812835858095755 0.0038812835791563389 1 1 1 Converged Converged Converged OK OK OK 60 60 60 60 60 60 4 4 4 0 0 0 0 1 0 0 1
64 64 uniform 2 23 647 3 0.001 0.24957021540374721 0.12402793754785084 0.00013987800676461371 2.9258658965003379 -2.4296000292569517 2.9258938721016907 0 -2.8983556961757193 5.1091740115084461 OK 13 12 0.61017500000000002 0.70013300000000001 0.15674299999999999 0.45202999999999999 0.48230699999999999 0 0.15814500000000004 0.21782600000000002 0.15674299999999999 0.0086549999999999995 0.0087130000000000003 0.0080619999999999997 0.13406499999999999 0.19333000000000003 0.13350399999999998 0.0025429999999999997 0.0025969999999999999 0.0025299999999999997 0.00071900000000000002 0.00078299999999999995 0.00070399999999999998 5.1091736000603944 5.1091736000613848 5.1091736000603944 0.00091153359722385247 0.00091153359788814911 0.00091153359722385247 1 1 1 Converged Converged Converged OK OK OK 60 60 60 60 60 60 4 4 4 0 0 0 0 1 0 0 1
64 64 uniform 2 0 647 0 0.0001 0.24957021540374721 0.12402793754785084 0.00013987800676461371 2.9258658965003379 -2.4296000292569517 2.9258379208989851 0 -2.8982997449730137 2.9805709080550962 OK 13 12 0.54939199999999999 0.55361899999999997 0.17823 0.37027100000000002 0.37398100000000001 0 0.17912099999999997 0.17963799999999996 0.17823 0.0094050000000000002 0.0093710000000000009 0.0090629999999999999 0.142183 0.14240199999999997 0.14205200000000001 0.0039150000000000001 0.0039430000000000003 0.0039060000000000002 0.00084100000000000006 0.00084099999999999995 0.000892 2.9805707852698662 2.9805707852698662 2.9805707852698662 3.7993085930902483e-05 3.7993085930902483e-05 3.7993085930902483e-05 1 1 1 Converged Converged Converged OK OK OK 77 77 77 77 77 77 3 3 3 0 0 0 0 0 1 0 0
64 64 uniform 2 7 647 1 0.0001 0.24957021540374721 0.12402793754785084 0.00013987800676461371 2.9258658965003379 -2.4296000292569517 2.9258549495258954 0 -2.898316773599924 3.1662062698004041 OK 13 12 0.79458600000000001 0.64769600000000005 0.17803099999999999 0.61389099999999996 0.37065399999999998 0 0.18069500000000005 0.27704200000000007 0.17803099999999999 0.0085769999999999996 0.008737 0.0080599999999999995 0.14802599999999999 0.24402399999999999 0.14649100000000009 0.0039579999999999997 0.0041460000000000004 0.0039629999999999995 0.00080000000000000015 0.00080500000000000005 0.0007809999999999999 3.1662060334289355 3.1662060334289355 3.1662060334289355 3.8057951386357599e-05 3.8057951386357599e-05 3.8057951386357599e-05 1 1 1 Converged Converged Converged OK OK OK 77 77 77 77 77 77 3 3 3 0 0 0 0 1 0 0 1
64 64 uniform 2 15 647 2 0.0001 0.24957021540374721 0.12402793754785084 0.00013987800676461371 2.9258658965003379 -2.4296000292569517 2.9258744108137931 0 -2.8983362348878217 3.9397574977136385 OK 13 12 0.823048 0.90689900000000001 0.195268 0.62076799999999999 0.55090700000000004 0 0.20228000000000002 0.35599199999999998 0.195268 0.0087019999999999997 0.0088789999999999997 0.0081510000000000003 0.16818700000000014 0.32160700000000014 0.16265899999999997 0.004352 0.0042959999999999995 0.0041539999999999997 0.0010140000000000001 0.0010209999999999998 0.001044 3.9397578267953359 3.9397578268009097 3.9397578267953359 0.0001391876473351728 0.00013918765481420271 0.0001391876473351728 1 1 1 Converged Converged Converged OK OK OK 92 92 92 92 92 92 4 4 4 0 0 0 0 1 0 0 1
64 64 uniform 2 23 647 3 0.0001 0.24957021540374721 0.12402793754785084 0.00013987800676461371 2.9258658965003379 -2.4296000292569517 2.9258938721016907 0 -2.8983556961757193 5.1091740115084461 OK 13 12 0.65014400000000006 0.75514700000000001 0.19511000000000001 0.45279199999999997 0.476387 0 0.19735200000000008 0.27876000000000001 0.19511000000000001 0.0086940000000000003 0.0086459999999999992 0.0080739999999999996 0.16909199999999999 0.24696100000000004 0.16880500000000004 0.003849 0.0033409999999999998 0.0033150000000000002 0.00095600000000000004 0.00087900000000000001 0.00086700000000000015 5.1091741023282085 5.1091741023246593 5.1091741023282085 0.00046836505199532958 0.00046836504275709885 0.00046836505199532958 1 1 1 Converged Converged Converged OK OK OK 76 76 76 76 76 76 4 4 4 0 0 0 0 1 0 0 1
64 64 uniform 3 0 648 0 0.001 0.24957021540374721 0.12402793754785084 0.00013987800676461371 0.0015087530382331578 0.00987431088672335 0.0014807774368802351 0 0.02605739848909128 80.469724632113881 OK 13 12 0.38901000000000002 0.39019599999999999 0.065251000000000003 0.32238499999999998 0.32451600000000003 0 0.066625000000000045 0.065679999999999961 0.065251000000000003 0.0097029999999999998 0.0094210000000000006 0.0091369999999999993 0.043771999999999991 0.043706000000000002 0.043718999999999994 0.001771 0.0018129999999999999 0.0017470000000000001 0.00043400000000000003 0.00043599999999999997 0.000437 80.469724627668896 80.469724627668896 80.469724627668896 0.027086494680358075 0.027086494680358075 0.027086494680358075 1 1 1 Converged Converged Converged OK OK OK 37 37 37 37 37 37 3 3 3 0 0 0 0 0 1 0 0
64 64 uniform 3 7 648 1 0.001 0.24957021540374721 0.12402793754785084 0.00013987800676461371 0.0015087530382331578 0.00987431088672335 0.0014978060637907097 0 0.026040369862180807 80.180876371424517 OK 13 12 0.39743000000000001 0.35031299999999999 0.061133 0.33500200000000002 0.20316999999999999 0 0.062427999999999984 0.147143 0.061133 0.009051 0.0091210000000000006 0.0085079999999999999 0.041820999999999997 0.12664599999999998 0.041512999999999987 0.0017799999999999999 0.0018140000000000001 0.001786 0.00044999999999999999 0.00043700000000000005 0.00042099999999999999 80.180876504228564 80.180876504228564 80.180876504228564 0.027003168619609469 0.027003168619609469 0.027003168619609469 1 1 1 Converged Converged Converged OK OK OK 37 37 37 37 37 37 3 3 3 0 0 0 0 1 0 0 1
64 64 uniform 3 15 648 2 0.001 0.24957021540374721 0.12402793754785084 0.00013987800676461371 0.0015087530382331578 0.00987431088672335 0.0015172673516883951 0 0.02602090857428312 79.856046233088477 OK 13 12 0.39264100000000002 0.34629799999999999 0.058203999999999999 0.33301500000000001 0.20204900000000001 0 0.059626000000000012 0.14424899999999999 0.058203999999999999 0.0089669999999999993 0.0090329999999999994 0.0085269999999999999 0.038989999999999997 0.12377899999999997 0.038724000000000015 0.0017650000000000001 0.0017880000000000001 0.0017409999999999999 0.00044099999999999999 0.00043600000000000003 0.00042200000000000001 79.856046361526609 79.856046361526609 79.856046361526609 0.026909228189047212 0.026909228189047212 0.026909228189047212 1 1 1 Converged Converged Converged OK OK OK 37 37 37 37 37 37 3 3 3 0 0 0 0 1 0 0 1
64 64 uniform 3 23 648 3 0.001 0.24957021540374721 0.12402793754785084 0.00013987800676461371 0.0015087530382331578 0.00987431088672335 0.0015367286395860805 0 0.026001447286385437 79.536704820262116 OK 13 12 0.38505400000000001 0.32858599999999999 0.059214000000000003 0.32465300000000002 0.19464100000000001 0 0.060400999999999982 0.13394499999999998 0.059214000000000003 0.0086709999999999999 0.0088179999999999994 0.008116 0.040239999999999998 0.113716 0.040109999999999993 0.001781 0.0018 0.001735 0.00043200000000000004 0.00046000000000000001 0.00042900000000000002 79.536704807057205 79.536704807057205 79.536704807057205 0.026816634966061445 0.026816634966061445 0.026816634966061445 1 1 1 Converged Converged Converged OK OK OK 37 37 37 37 37 37 3 3 3 0 0 0 0 1 0 0 1
64 64 uniform 3 0 648 0 0.0001 0.24957021540374721 0.12402793754785084 0.00013987800676461371 0.0015087530382331578 0.00987431088672335 0.0014807774368802351 0 0.02605739848909128 80.469724632113881 OK 13 12 0.42890099999999998 0.42357299999999998 0.101884 0.32520399999999999 0.320266 0 0.10369699999999998 0.10330699999999998 0.101884 0.0094820000000000008 0.0095560000000000003 0.0090220000000000005 0.069919000000000009 0.069708000000000006 0.069340000000000013 0.003457 0.0034349999999999997 0.0034069999999999999 0.00071699999999999997 0.00066999999999999991 0.00066600000000000003 80.469724619497157 80.469724619497157 80.469724619497157 6.1516709045534431e-06 6.1516709045534431e-06 6.1516709045534431e-06 1 1 1 Converged Converged Converged OK OK OK 69 69 69 69 69 69 3 3 3 0 0 0 0 0 1 0 0
64 64 uniform 3 7 648 1 0.0001 0.24957021540374721 0.12402793754785084 0.00013987800676461371 0.0015087530382331578 0.00987431088672335 0.0014978060637907097 0 0.026040369862180807 80.180876371424517 OK 13 12 0.43080400000000002 0.47162100000000001 0.095826999999999996 0.33337600000000001 0.20370099999999999 0 0.097428000000000015 0.26792000000000005 0.095826999999999996 0.0090480000000000005 0.0091889999999999993 0.0085269999999999999 0.067180000000000004 0.23723600000000003 0.066566999999999987 0.0034559999999999999 0.0035350000000000004 0.0034120000000000001 0.00067400000000000001 0.00066999999999999991 0.00065700000000000003 80.180876496120717 80.180876496120717 80.180876496120717 6.1515622981302592e-06 6.1515622981302592e-06 6.1515622981302592e-06 1 1 1 Converged Converged Converged OK OK OK 69 69 69 69 69 69 3 3 3 0 0 0 0 1 0 0 1
64 64 uniform 3 15 648 2 0.0001 0.24957021540374721 0.12402793754785084 0.00013987800676461371 0.0015087530382331578 0.00987431088672335 0.0015172673516883951 0 0.02602090857428312 79.856046233088477 OK 13 12 0.43236599999999997 0.46089599999999997 0.093454999999999996 0.33684700000000001 0.20149400000000001 0 0.095518999999999965 0.25940199999999997 0.093454999999999996 0.009051 0.0090959999999999999 0.0084880000000000008 0.065342999999999998 0.22887199999999999 0.064398000000000025 0.0034289999999999998 0.00347 0.0033699999999999997 0.00070800000000000008 0.00066699999999999995 0.00066699999999999995 79.856046353590187 79.856046353590187 79.856046353590187 6.1514549704732596e-06 6.1514549704732596e-06 6.1514549704732596e-06 1 1 1 Converged Converged Converged OK OK OK 69 69 69 69 69 69 3 3 3 0 0 0 0 1 0 0 1
64 64 uniform 3 23 648 3 0.0001 0.24957021540374721 0.12402793754785084 0.00013987800676461371 0.0015087530382331578 0.00987431088672335 0.0015367286395860805 0 0.026001447286385437 79.536704820262116 OK 13 12 0.42009099999999999 0.45030399999999998 0.095614000000000005 0.32332699999999998 0.20034099999999999 0 0.096764000000000017 0.24996299999999999 0.095614000000000005 0.0086390000000000008 0.0088059999999999996 0.008234 0.067018000000000022 0.21971500000000005 0.066822999999999994 0.0033820000000000005 0.0035139999999999998 0.0033750000000000004 0.00067200000000000007 0.00066899999999999989 0.00066200000000000005 79.536704799223713 79.536704799223713 79.536704799223713 6.1513574132743172e-06 6.1513574132743172e-06 6.1513574132743172e-06 1 1 1 Converged Converged Converged OK OK OK 69 69 69 69 69 69 3 3 3 0 0 0 0 1 0 0 1
64 64 uniform 4 0 649 0 0.001 0.24957021540374721 0.12402793754785084 0.00013987800676461371 2.9304814886760049 -2.4325002246514051 2.9304535130746521 0 -2.9029153371486807 5.0992016701044367 OK 15 14 0.94755299999999998 0.938504 0.209567 0.73064600000000002 0.72652300000000003 0 0.21690699999999996 0.21198099999999998 0.209567 0.016660000000000001 0.015213000000000001 0.01482 0.170739 0.16829500000000003 0.16645400000000002 0.0039160000000000002 0.0037599999999999999 0.0037099999999999998 0.0008789999999999999 0.00084400000000000002 0.00083400000000000011 5.0992016109303799 5.0992016109303799 5.0992016109303799 0.0028950650594360586 0.0028950650594360586 0.0028950650594360586 1 1 1 Converged Converged Converged OK OK OK 75 75 75 75 75 75 5 5 5 0 0 0 0 0 1 0 0
64 64 uniform 4 7 649 1 0.001 0.24957021540374721 0.12402793754785084 0.00013987800676461371 2.9304814886760049 -2.4325002246514051 2.9304705417015624 0 -2.902932365775591 5.1529270392765367 OK 15 14 1.027617 0.89396500000000001 0.204847 0.81480699999999995 0.59809800000000002 0 0.21281000000000005 0.29586699999999999 0.204847 0.014520999999999999 0.014546 0.013332999999999999 0.17489400000000002 0.25838000000000005 0.16908000000000001 0.0037910000000000001 0.0038149999999999998 0.0036110000000000001 0.00083900000000000012 0.00084000000000000003 0.00081999999999999998 5.1529269771073558 5.1529269771073558 5.1529269771073558 0.002987614152129539 0.002987614152129539 0.002987614152129539 1 1 1 Converged Converged Converged OK OK OK 75 75 75 75 75 75 5 5 5 0 0 0 0 1 0 0 1
64 64 uniform 4 15 649 2 0.001 0.24957021540374721 0.12402793754785084 0.00013987800676461371 2.9304814886760049 -2.4325002246514051 2.9304900029894601 0 -2.9029518270634886 5.2167268721386533 OK 15 14 0.97847200000000001 0.96432200000000001 0.186275 0.79078700000000002 0.66027100000000005 0 0.18768499999999999 0.30405099999999996 0.186275 0.015658999999999999 0.013925999999999999 0.014808999999999999 0.14912400000000001 0.266934 0.14891800000000008 0.0037289999999999997 0.0037830000000000003 0.0037160000000000001 0.00083699999999999996 0.00084699999999999999 0.00082799999999999996 5.2167268066127734 5.2167268066127734 5.2167268066127734 0.0031024673522461283 0.0031024673522461283 0.0031024673522461283 1 1 1 Converged Converged Converged OK OK OK 75 75 75 75 75 75 5 5 5 0 0 0 0 1 0 0 1
64 64 uniform 4 23 649 3 0.001 0.24957021540374721 0.12402793754785084 0.00013987800676461371 2.9304814886760049 -2.4325002246514051 2.9305094642773577 0 -2.9029712883513863 5.2832798554505738 OK 15 14 0.97019699999999998 1.0322290000000001 0.18526599999999999 0.78365700000000005 0.71271799999999996 0 0.18653999999999993 0.3195110000000001 0.18526599999999999 0.014670000000000001 0.015004999999999999 0.013962 0.14905600000000005 0.28158799999999995 0.14891499999999996 0.0037339999999999999 0.0037610000000000005 0.0036799999999999997 0.00082700000000000004 0.00086499999999999999 0.000843 5.2832797856266112 5.2832797856266112 5.2832797856266112 0.0032391296442812888 0.0032391296442812888 0.0032391296442812888 1 1 1 Converged Converged Converged OK OK OK 75 75 75 75 75 75 5 5 5 0 0 0 0 1 0 0 1
64 64 uniform 4 0 649 0 0.0001 0.24957021540374721 0.12402793754785084 0.00013987800676461371 2.9304814886760049 -2.4325002246514051 2.9304535130746521 0 -2.9029153371486807 5.0992016701044367 OK 15 14 1.0908150000000001 1.06728 0.33883000000000002 0.73786799999999997 0.72786300000000004 0 0.35294700000000012 0.33941699999999997 0.33883000000000002 0.016546000000000002 0.015236 0.014839 0.28738200000000008 0.27678199999999997 0.27647200000000005 0.0064739999999999997 0.0063079999999999994 0.006254 0.0013199999999999998 0.0012690000000000002 0.0012699999999999999 5.0992015914915143 5.0992015914915143 5.0992015914915143 0.00040879455470481011 0.00040879455470481011 0.00040879455470481011 1 1 1 Converged Converged Converged OK OK OK 123 123 123 123 123 123 5 5 5 0 0 0 0 0 1 0 0
64 64 uniform 4 7 649 1 0.0001 0.24957021540374721 0.12402793754785084 0.00013987800676461371 2.9304814886760049 -2.4325002246514051 2.9304705417015624 0 -2.902932365775591 5.1529270392765367 OK 15 14 1.1297029999999999 1.0788660000000001 0.32434299999999999 0.80355100000000002 0.59687599999999996 0 0.32615199999999989 0.48199000000000014 0.32434299999999999 0.01431 0.014514000000000001 0.013424999999999999 0.27372799999999986 0.42992899999999978 0.27347299999999997 0.006293 0.0063029999999999996 0.0062370000000000004 0.0012489999999999999 0.0012459999999999999 0.0012319999999999998 5.1529269562843334 5.1529269562843334 5.1529269562843334 0.00040861570024200428 0.00040861570024200428 0.00040861570024200428 1 1 1 Converged Converged Converged OK OK OK 123 123 123 123 123 123 5 5 5 0 0 0 0 1 0 0 1
64 64 uniform 4 15 649 2 0.0001 0.24957021540374721 0.12402793754785084 0.00013987800676461371 2.9304814886760049 -2.4325002246514051 2.9304900029894601 0 -2.9029518270634886 5.2167268721386533 OK 15 14 1.091486 1.156323 0.33274900000000002 0.78803699999999999 0.65869 0 0.30344899999999997 0.49763299999999999 0.33274900000000002 0.015688000000000001 0.014033 0.014815 0.2497929999999999 0.44540299999999988 0.28018300000000002 0.0063360000000000005 0.0064330000000000003 0.0063810000000000004 0.001268 0.0012829999999999999 0.0012909999999999998 5.2167267840440186 5.2167267840440186 5.2167267840440186 0.0004084152443297174 0.0004084152443297174 0.0004084152443297174 1 1 1 Converged Converged Converged OK OK OK 123 123 123 123 123 123 5 5 5 0 0 0 0 1 0 0 1
64 64 uniform 4 23 649 3 0.0001 0.24957021540374721 0.12402793754785084 0.00013987800676461371 2.9304814886760049 -2.4325002246514051 2.9305094642773577 0 -2.9029712883513863 5.2832798554505738 OK 15 14 1.0827709999999999 1.2278370000000001 0.37586000000000003 0.78543200000000002 0.71608899999999998 0 0.29733899999999991 0.51174800000000009 0.37586000000000003 0.014683999999999999 0.015072 0.015044999999999999 0.24505399999999999 0.45879399999999992 0.32145900000000022 0.0063070000000000001 0.0064310000000000001 0.0064359999999999999 0.001255 0.001255 0.001351 5.2832797610853239 5.2832797610853239 5.2832797610853239 0.00040821933978026938 0.00040821933978026938 0.00040821933978026938 1 1 1 Converged Converged Converged OK OK OK 123 123 123 123 123 123 5 5 5 0 0 0 0 1 0 0 1
65 65 linear 0 0 650 0 0.001 0.66449750306110722 0.020117127126223933 0.95098629250809275 -0.19448521976078151 -0.31785831882027199 -0.3846824782624001 0.5 0.39778664090085819 2.2812654360695102 OK 15 14 0.58295399999999997 0.57665200000000005 0.27722799999999997 0.29350700000000002 0.29167900000000002 0 0.28944699999999995 0.28497300000000003 0.27722799999999997 0.011065 0.010997 0.011004 0.25343700000000013 0.25031300000000001 0.24279899999999999 0.0040569999999999998 0.0035739999999999999 0.0035609999999999999 0.00079900000000000001 0.00084599999999999996 0.00086000000000000009 2.2813065696512753 2.2813065696512753 2.2813065696512753 0.0011825299901167348 0.0011825299901167348 0.0011825299901167348 1 1 1 Converged Converged Converged OK OK OK 72 72 72 72 72 72 8 8 8 0 0 0 0 0 1 0 0
65 65 linear 0 7 650 1 0.001 0.66449750306110722 0.020117127126223933 0.95098629250809275 -0.19448521976078151 -0.31785831882027199 -0.26891023395706704 0.5 0.28201439659552513 2.3407518098643894 OK 13 12 0.52945500000000001 0.40501199999999998 0.258934 0.261293 0.14279500000000001 0 0.26816200000000001 0.26221699999999998 0.258934 0.010007 0.009972 0.0096100000000000005 0.23926900000000001 0.23458300000000007 0.23244800000000002 0.0036380000000000002 0.0031580000000000002 0.0030040000000000002 0.00083799999999999999 0.00087599999999999993 0.00079499999999999992 2.3407687693920796 2.3407687693920796 2.3407687693920796 0.0014810843597978518 0.0014810843597978518 0.0014810843597978518 1 1 1 Converged Converged Converged OK OK OK 72 72 72 72 72 72 8 8 8 0 0 0 0 1 0 0 1
65 65 linear 0 15 650 2 0.001 0.66449750306110722 0.020117127126223933 0.95098629250809275 -0.19448521976078151 -0.31785831882027199 -0.13659909760811498 0.5 0.14970326024657307 2.3836041107483363 OK 12 11 0.57777299999999998 0.44856600000000002 0.29801299999999997 0.26982800000000001 0.145123 0 0.30794499999999997 0.30344300000000002 0.29801299999999997 0.0076470000000000002 0.0073949999999999997 0.0070289999999999997 0.27795600000000004 0.27378700000000006 0.27036799999999994 0.0038209999999999997 0.0039249999999999997 0.0033349999999999994 0.00088599999999999996 0.00095200000000000005 0.00076099999999999996 2.3836123323335445 2.3836123323335445 2.3836123323335445 0.0017586732741454491 0.0017586732741454491 0.0017586732741454491 1 1 1 Converged Converged Converged OK OK OK 86 86 86 86 86 86 10 10 10 0 0 0 0 1 0 0 1
65 65 linear 0 23 650 3 0.001 0.66449750306110722 0.020117127126223933 0.95098629250809275 -0.19448521976078151 -0.31785831882027199 -0.0042879612591629479 0.5 0.017392123897621042 2.3994502794480117 OK 12 11 0.61522299999999996 0.483377 0.34314099999999997 0.26334800000000003 0.13358500000000001 0 0.35187499999999994 0.34979199999999999 0.34314099999999997 0.0067780000000000002 0.0067400000000000003 0.0061419999999999999 0.32504899999999998 0.32376999999999984 0.31928400000000007 0.0036480000000000002 0.0034190000000000006 0.0030669999999999998 0.00098800000000000016 0.00091799999999999998 0.00077099999999999998 2.3994670280331039 2.3994670280331039 2.3994670280331039 0.0013750599224971135 0.0013750599224971135 0.0013750599224971135 1 1 1 Converged Converged Converged OK OK OK 86 86 86 86 86 86 10 10 10 0 0 0 0 1 0 0 1
65 65 linear 0 0 650 0 0.0001 0.66449750306110722 0.020117127126223933 0.95098629250809275 -0.19448521976078151 -0.31785831882027199 -0.3846824782624001 0.5 0.39778664090085819 2.2812654360695102 OK 15 14 0.70690900000000001 0.70099900000000004 0.40132400000000001 0.30093999999999999 0.29436000000000001 0 0.40596900000000002 0.40663900000000003 0.40132400000000001 0.011069000000000001 0.011349 0.011006999999999999 0.35899499999999995 0.3565290000000001 0.35328999999999994 0.0049640000000000005 0.0065689999999999993 0.0057739999999999996 0.0013260000000000001 0.0013860000000000003 0.0013599999999999997 2.281271485271358 2.281271485271358 2.281271485271358 0.00016554565058150405 0.00016554565058150405 0.00016554565058150405 1 1 1 Converged Converged Converged OK OK OK 104 104 104 104 104 104 8 8 8 0 0 0 0 0 1 0 0
65 65 linear 0 7 650 1 0.0001 0.66449750306110722 0.020117127126223933 0.95098629250809275 -0.19448521976078151 -0.31785831882027199 -0.26891023395706704 0.5 0.28201439659552513 2.3407518098643894 OK 13 12 0.65656800000000004 0.52444599999999997 0.37629499999999999 0.26334299999999999 0.14236099999999999 0 0.39322500000000005 0.38208500000000001 0.37629499999999999 0.0098799999999999999 0.0099369999999999997 0.0095739999999999992 0.35393799999999997 0.34354000000000001 0.34002699999999997 0.0062740000000000001 0.006365 0.0052889999999999994 0.0014120000000000001 0.00156 0.0014609999999999998 2.3407620482298079 2.3407620482298079 2.3407620482298079 0.00015351322459636828 0.00015351322459636828 0.00015351322459636828 1 1 1 Converged Converged Converged OK OK OK 104 104 104 104 104 104 8 8 8 0 0 0 0 1 0 0 1
65 65 linear 0 15 650 2 0.0001 0.66449750306110722 0.020117127126223933 0.95098629250809275 -0.19448521976078151 -0.31785831882027199 -0.13659909760811498 0.5 0.14970326024657307 2.3836041107483363 OK 12 11 0.65728699999999995 0.53271100000000005 0.37850099999999998 0.26969399999999999 0.14630000000000001 0 0.38759299999999997 0.38641100000000006 0.37850099999999998 0.0075339999999999999 0.0077039999999999999 0.0070340000000000003 0.34681000000000001 0.34625300000000009 0.34062800000000004 0.006208 0.0056759999999999996 0.0054590000000000003 0.0017329999999999999 0.0015979999999999998 0.001467 2.3836152764994454 2.3836152764994454 2.3836152764994454 0.00021004737027387118 0.00021004737027387118 0.00021004737027387118 1 1 1 Converged Converged Converged OK OK OK 118 118 118 118 118 118 10 10 10 0 0 0 0 1 0 0 1
65 65 linear 0 23 650 3 0.0001 0.66449750306110722 0.020117127126223933 0.95098629250809275 -0.19448521976078151 -0.31785831882027199 -0.0042879612591629479 0.5 0.017392123897621042 2.3994502794480117 OK 12 11 0.77614700000000003 0.64863499999999996 0.49372300000000002 0.266984 0.13974500000000001 0 0.50916300000000003 0.50888999999999995 0.49372300000000002 0.0069420000000000003 0.0068799999999999998 0.0063930000000000002 0.46905999999999981 0.4684439999999998 0.45696300000000012 0.0066710000000000007 0.007167999999999999 0.0057580000000000001 0.0016860000000000002 0.0018139999999999999 0.0014089999999999999 2.399468261464293 2.399468261464293 2.399468261464293 0.00016545205029502681 0.00016545205029502681 0.00016545205029502681 1 1 1 Converged Converged Converged OK OK OK 126 126 126 126 126 126 10 10 10 0 0 0 0 1 0 0 1
65 65 linear 1 0 651 0 0.001 0.66449750306110722 0.020117127126223933 0.95098629250809275 -0.31280126086366772 0.48827932477016134 -0.50299851936528628 0.5 0.51610268200374443 2.0818366044904062 OK 15 14 0.64664299999999997 0.63096600000000003 0.35377700000000001 0.28339199999999998 0.27609099999999998 0 0.36325099999999999 0.35487500000000005 0.35377700000000001 0.011226 0.011072 0.010965000000000001 0.32116799999999979 0.31547100000000006 0.31311900000000009 0.0055030000000000001 0.0044200000000000003 0.004875 0.001026 0.00092900000000000003 0.00099200000000000004 2.081862542859481 2.081862542859481 2.081862542859481 0.0016181970620477971 0.0016181970620477971 0.0016181970620477971 1 1 1 Converged Converged Converged OK OK OK 95 95 95 95 95 95 9 9 9 0 0 0 0 0 1 0 0
65 65 linear 1 7 651 1 0.001 0.66449750306110722 0.020117127126223933 0.95098629250809275 -0.31280126086366772 0.48827932477016134 -0.38722627505995322 0.5 0.40033043769841131 2.1695726817180088 OK 15 14 0.53339499999999995 0.41171200000000002 0.245447 0.27879300000000001 0.15873399999999999 0 0.25460199999999994 0.25297800000000004 0.245447 0.0095989999999999999 0.0097809999999999998 0.0090709999999999992 0.22872600000000007 0.22662100000000002 0.22145699999999999 0.0030590000000000001 0.0034230000000000003 0.0027689999999999998 0.00073499999999999998 0.00070200000000000004 0.00066 2.1695723656331647 2.1695723656331647 2.1695723656331647 0.002072774346186954 0.002072774346186954 0.002072774346186954 1 1 1 Converged Converged Converged OK OK OK 71 71 71 71 71 71 9 9 9 0 0 0 0 1 0 0 1
65 65 linear 1 15 651 2 0.001 0.66449750306110722 0.020117127126223933 0.95098629250809275 -0.31280126086366772 0.48827932477016134 -0.25491513871100119 0.5 0.26801930134945928 2.2394941696532276 OK 14 13 0.55164400000000002 0.436226 0.28933700000000001 0.255994 0.138046 0 0.29565000000000002 0.29818 0.28933700000000001 0.0098080000000000007 0.0098820000000000002 0.0094599999999999997 0.26904700000000004 0.27050800000000003 0.26336599999999993 0.0029490000000000002 0.0035239999999999998 0.0032720000000000006 0.00076599999999999997 0.00088099999999999984 0.00084099999999999995 2.2395134056592179 2.2395134056592179 2.2395134056592179 0.0016634185781940877 0.0016634185781940877 0.0016634185781940877 1 1 1 Converged Converged Converged OK OK OK 79 79 79 79 79 79 9 9 9 0 0 0 0 1 0 0 1
65 65 linear 1 23 651 3 0.001 0.66449750306110722 0.020117127126223933 0.95098629250809275 -0.31280126086366772 0.48827932477016134 -0.12260400236204916 0.5 0.13570816500050725 2.281087848473498 OK 13 12 0.54088099999999995 0.43561499999999997 0.29655900000000002 0.23378499999999999 0.132269 0 0.30709599999999992 0.303346 0.29655900000000002 0.0075240000000000003 0.0074770000000000001 0.0071809999999999999 0.280638 0.27664800000000006 0.27172199999999996 0.0035600000000000007 0.0040599999999999994 0.0032450000000000001 0.001155 0.001091 0.00079099999999999993 2.2810920896851918 2.2810920896851918 2.2810920896851918 0.00099665956589753218 0.00099665956589753218 0.00099665956589753218 1 1 1 Converged Converged Converged OK OK OK 93 93 93 93 93 93 11 11 11 0 0 0 0 1 0 0 1
65 65 linear 1 0 651 0 0.0001 0.66449750306110722 0.020117127126223933 0.95098629250809275 -0.31280126086366772 0.48827932477016134 -0.50299851936528628 0.5 0.51610268200374443 2.0818366044904062 OK 15 14 0.73716199999999998 0.72885200000000006 0.44575199999999998 0.28553099999999998 0.28291300000000003 0 0.451631 0.44593900000000003 0.44575199999999998 0.01094 0.011429 0.010798 0.40183100000000016 0.39408599999999994 0.3921639999999999 0.0052320000000000005 0.0065630000000000003 0.0098840000000000004 0.0014600000000000001 0.0017030000000000001 0.0014000000000000002 2.0818427273901694 2.0818427273901694 2.0818427273901694 0.0001014486956375094 0.0001014486956375094 0.0001014486956375094 1 1 1 Converged Converged Converged OK OK OK 119 119 119 119 119 119 9 9 9 0 0 0 0 0 1 0 0
65 65 linear 1 7 651 1 0.0001 0.66449750306110722 0.020117127126223933 0.95098629250809275 -0.31280126086366772 0.48827932477016134 -0.38722627505995322 0.5 0.40033043769841131 2.1695726817180088 OK 15 14 0.73284199999999999 0.58531 0.42023199999999999 0.28566000000000003 0.159634 0 0.44718199999999997 0.425676 0.42023199999999999 0.011200999999999999 0.0096970000000000008 0.0089619999999999995 0.40915600000000024 0.39021700000000009 0.387154 0.0059440000000000005 0.0058979999999999996 0.0050679999999999996 0.0015430000000000001 0.0014110000000000001 0.001426 2.1695750943222394 2.1695750943222394 2.1695750943222394 0.00021004276633585018 0.00021004276633585018 0.00021004276633585018 1 1 1 Converged Converged Converged OK OK OK 111 111 111 111 111 111 9 9 9 0 0 0 0 1 0 0 1
65 65 linear 1 15 651 2 0.0001 0.66449750306110722 0.020117127126223933 0.95098629250809275 -0.31280126086366772 0.48827932477016134 -0.25491513871100119 0.5 0.26801930134945928 2.2394941696532276 OK 14 13 0.66832499999999995 0.53773700000000002 0.39111200000000002 0.26299699999999998 0.137682 0 0.40532799999999997 0.40005500000000005 0.39111200000000002 0.010351000000000001 0.010030000000000001 0.0096050000000000007 0.36570299999999983 0.36100600000000005 0.35473300000000013 0.0062399999999999999 0.0063770000000000007 0.0055719999999999997 0.0018780000000000001 0.0016870000000000001 0.0014369999999999999 2.2395009367261358 2.2395009367261358 2.2395009367261358 0.00015191739469087561 0.00015191739469087561 0.00015191739469087561 1 1 1 Converged Converged Converged OK OK OK 119 119 119 119 119 119 9 9 9 0 0 0 0 1 0 0 1
65 65 linear 1 23 651 3 0.0001 0.66449750306110722 0.020117127126223933 0.95098629250809275 -0.31280126086366772 0.48827932477016134 -0.12260400236204916 0.5 0.13570816500050725 2.281087848473498 OK 13 12 0.66306600000000004 0.54405300000000001 0.42467500000000002 0.23474600000000001 0.13212099999999999 0 0.42832000000000003 0.41193200000000002 0.42467500000000002 0.007613 0.0074250000000000002 0.0069309999999999997 0.387351 0.37236200000000003 0.38579800000000014 0.0067590000000000003 0.0061659999999999996 0.0056209999999999993 0.0018489999999999999 0.0020470000000000002 0.0016659999999999999 2.2810931166896484 2.2810931166896484 2.2810931166896484 0.00016773126001243518 0.00016773126001243518 0.00016773126001243518 1 1 1 Converged Converged Converged OK OK OK 133 133 133 133 133 133 11 11 11 0 0 0 0 1 0 0 1
65 65 linear 2 0 652 0 0.001 0.66449750306110722 0.020117127126223933 0.95098629250809275 1.574857956970388 -0.97901820995307742 1.3846606984687695 0.5 -1.3715565358303115 1.1264620982774027 OK 11 10 0.36566199999999999 0.358018 0.13304199999999999 0.23100399999999999 0.22558600000000001 0 0.134658 0.13243199999999999 0.13304199999999999 0.0071060000000000003 0.0073680000000000004 0.0074580000000000002 0.10682600000000003 0.10439700000000003 0.10418100000000002 0.0027720000000000002 0.003026 0.0034720000000000003 0.000611 0.00067999999999999994 0.00079199999999999995 1.1264641963878324 1.1264641963878324 1.1264641963878324 0.0003424090160827372 0.0003424090160827372 0.0003424090160827372 1 1 1 Converged Converged Converged OK OK OK 80 80 80 80 80 80 8 8 8 0 0 0 0 0 1 0 0
65 65 linear 2 7 652 1 0.001 0.66449750306110722 0.020117127126223933 0.95098629250809275 1.574857956970388 -0.97901820995307742 1.5004329427741026 0.5 -1.4873287801356445 1.1059866045349653 OK 11 10 0.33209699999999998 0.22878899999999999 0.10188 0.22739300000000001 0.121018 0 0.10470399999999996 0.10777099999999999 0.10188 0.0060299999999999998 0.0062820000000000003 0.0059109999999999996 0.081344000000000027 0.083808999999999967 0.078943999999999973 0.0031220000000000002 0.0035670000000000003 0.0033159999999999999 0.00081800000000000004 0.00087299999999999986 0.00084600000000000007 1.1059847195806003 1.1059847195806003 1.1059847195806003 0.00020829239007829481 0.00020829239007829481 0.00020829239007829481 1 1 1 Converged Converged Converged OK OK OK 81 81 81 81 81 81 7 7 7 0 0 0 0 1 0 0 1
65 65 linear 2 15 652 2 0.001 0.66449750306110722 0.020117127126223933 0.95098629250809275 1.574857956970388 -0.97901820995307742 1.6327440791230545 0.5 -1.6196399164845965 1.0863702293847977 OK 12 11 0.335061 0.22911699999999999 0.090632000000000004 0.23963100000000001 0.131991 0 0.095429999999999987 0.09712599999999999 0.090632000000000004 0.0086199999999999992 0.008829 0.0081969999999999994 0.067874999999999977 0.06956699999999999 0.065018999999999993 0.0031219999999999998 0.0035339999999999998 0.0029980000000000002 0.00076399999999999992 0.00075100000000000004 0.00066299999999999996 1.0863693551252287 1.0863693551252287 1.0863693551252287 9.6188066804969157e-05 9.6188066804969157e-05 9.6188066804969157e-05 1 1 1 Converged Converged Converged OK OK OK 67 67 67 67 67 67 5 5 5 0 0 0 0 1 0 0 1
65 65 linear 2 23 652 3 0.001 0.66449750306110722 0.020117127126223933 0.95098629250809275 1.574857956970388 -0.97901820995307742 1.7650552154720065 0.5 -1.7519510528335485 1.0712382663275126 OK 12 11 0.34314499999999998 0.24230399999999999 0.088993000000000003 0.25147000000000003 0.14165 0 0.091674999999999951 0.10065399999999999 0.088993000000000003 0.0084159999999999999 0.0087430000000000008 0.0080160000000000006 0.066737000000000019 0.074609999999999982 0.064378000000000005 0.0027499999999999998 0.0035149999999999999 0.0029239999999999999 0.00068100000000000007 0.00072800000000000002 0.00073999999999999999 1.0712374828320013 1.0712374828320013 1.0712374828320013 6.2203324257128256e-05 6.2203324257128256e-05 6.2203324257128256e-05 1 1 1 Converged Converged Converged OK OK OK 60 60 60 60 60 60 4 4 4 0 0 0 0 1 0 0 1
65 65 linear 2 0 652 0 0.0001 0.66449750306110722 0.020117127126223933 0.95098629250809275 1.574857956970388 -0.97901820995307742 1.3846606984687695 0.5 -1.3715565358303115 1.1264620982774027 OK 11 10 0.37591599999999997 0.36997200000000002 0.14236299999999999 0.23096700000000001 0.22420599999999999 0 0.14494899999999997 0.14576600000000003 0.14236299999999999 0.0073000000000000001 0.007254 0.0072919999999999999 0.11340100000000006 0.11394699999999994 0.11043500000000002 0.0035739999999999999 0.0034859999999999999 0.0041320000000000003 0.00080599999999999997 0.000919 0.0010280000000000001 1.1264616675268853 1.1264616675268853 1.1264616675268853 5.9210870130189334e-05 5.9210870130189334e-05 5.9210870130189334e-05 1 1 1 Converged Converged Converged OK OK OK 88 88 88 88 88 88 8 8 8 0 0 0 0 0 1 0 0
65 65 linear 2 7 652 1 0.0001 0.66449750306110722 0.020117127126223933 0.95098629250809275 1.574857956970388 -0.97901820995307742 1.5004329427741026 0.5 -1.4873287801356445 1.1059866045349653 OK 11 10 0.34214899999999998 0.243807 0.115673 0.22231600000000001 0.12160899999999999 0 0.11983299999999997 0.122198 0.115673 0.0060850000000000001 0.0063699999999999998 0.0058440000000000002 0.093598999999999988 0.095308999999999977 0.090347999999999998 0.0040399999999999993 0.0044150000000000005 0.004052 0.001098 0.001132 0.00106 1.1059862605196729 1.1059862605196729 1.1059862605196729 0.00010762638831496696 0.00010762638831496696 0.00010762638831496696 1 1 1 Converged Converged Converged OK OK OK 89 89 89 89 89 89 7 7 7 0 0 0 0 1 0 0 1
65 65 linear 2 15 652 2 0.0001 0.66449750306110722 0.020117127126223933 0.95098629250809275 1.574857956970388 -0.97901820995307742 1.6327440791230545 0.5 -1.6196399164845965 1.0863702293847977 OK 12 11 0.32872699999999999 0.22855900000000001 0.091096999999999997 0.23237099999999999 0.12889900000000001 0 0.096355999999999997 0.099659999999999999 0.091096999999999997 0.0088360000000000001 0.00877 0.0082959999999999996 0.068437999999999971 0.072570999999999983 0.065082999999999988 0.003398 0.0031970000000000002 0.0032269999999999998 0.00076899999999999994 0.00083599999999999994 0.00068599999999999998 1.0863693551252287 1.0863693551252287 1.0863693551252287 9.6188066804969157e-05 9.6188066804969157e-05 9.6188066804969157e-05 1 1 1 Converged Converged Converged OK OK OK 67 67 67 67 67 67 5 5 5 0 0 0 0 1 0 0 1
65 65 linear 2 23 652 3 0.0001 0.66449750306110722 0.020117127126223933 0.95098629250809275 1.574857956970388 -0.97901820995307742 1.7650552154720065 0.5 -1.7519510528335485 1.0712382663275126 OK 12 11 0.34585300000000002 0.25030599999999997 0.088491 0.25321700000000003 0.149727 0 0.092635999999999996 0.10057899999999997 0.088491 0.0084969999999999993 0.0086070000000000001 0.0078019999999999999 0.066817000000000015 0.074890000000000012 0.064395000000000008 0.0032680000000000001 0.003248 0.0028270000000000001 0.000767 0.00076899999999999994 0.00073499999999999998 1.0712374828320013 1.0712374828320013 1.0712374828320013 6.2203324257128256e-05 6.2203324257128256e-05 6.2203324257128256e-05 1 1 1 Converged Converged Converged OK OK OK 60 60 60 60 60 60 4 4 4 0 0 0 0 1 0 0 1
65 65 linear 3 0 653 0 0.001 0.66449750306110722 0.020117127126223933 0.95098629250809275 -0.091201279618223413 -1.3139048829469691 -0.28139853811984195 0.5 0.29450270075830004 1.2333640127684848 OK 12 11 0.32818199999999997 0.32741199999999998 0.098224000000000006 0.22652600000000001 0.226411 0 0.10165599999999997 0.10100099999999998 0.098224000000000006 0.0096190000000000008 0.0097680000000000006 0.009188 0.071916000000000008 0.070038000000000003 0.069119999999999987 0.0026959999999999996 0.003065 0.0028020000000000002 0.00076699999999999989 0.00077300000000000003 0.00077500000000000008 1.2333646469835879 1.2333646469835879 1.2333646469835879 0.00065165931968962088 0.00065165931968962088 0.00065165931968962088 1 1 1 Converged Converged Converged OK OK OK 66 66 66 66 66 66 6 6 6 0 0 0 0 0 1 0 0
65 65 linear 3 7 653 1 0.001 0.66449750306110722 0.020117127126223933 0.95098629250809275 -0.091201279618223413 -1.3139048829469691 -0.16562629381450894 0.5 0.17873045645296703 1.2435534638567978 OK 12 11 0.33251900000000001 0.22470999999999999 0.092048000000000005 0.23391000000000001 0.124959 0 0.098609000000000002 0.099750999999999992 0.092048000000000005 0.0086300000000000005 0.011872000000000001 0.0079660000000000009 0.072939999999999977 0.071955000000000033 0.069047999999999998 0.003228 0.0028409999999999998 0.00266 0.00083500000000000002 0.00084499999999999994 0.00076800000000000002 1.243553210939532 1.243553210939532 1.243553210939532 0.00071665756472224693 0.00071665756472224693 0.00071665756472224693 1 1 1 Converged Converged Converged OK OK OK 66 66 66 66 66 66 6 6 6 0 0 0 0 1 0 0 1
65 65 linear 3 15 653 2 0.001 0.66449750306110722 0.020117127126223933 0.95098629250809275 -0.091201279618223413 -1.3139048829469691 -0.03331515746555689 0.5 0.046419320104014984 1.2496349379482785 OK 12 11 0.332785 0.22925100000000001 0.094646999999999995 0.232544 0.12486700000000001 0 0.100241 0.104384 0.094646999999999995 0.0088009999999999998 0.0087779999999999993 0.0079410000000000001 0.075108000000000008 0.080211999999999992 0.071926000000000004 0.0029019999999999996 0.0027529999999999998 0.0025900000000000003 0.000812 0.00076199999999999998 0.000736 1.2496343707485871 1.2496343707485871 1.2496343707485871 0.0010117487622462451 0.0010117487622462451 0.0010117487622462451 1 1 1 Converged Converged Converged OK OK OK 66 66 66 66 66 66 6 6 6 0 0 0 0 1 0 0 1
65 65 linear 3 23 653 3 0.001 0.66449750306110722 0.020117127126223933 0.95098629250809275 -0.091201279618223413 -1.3139048829469691 0.098995978883395147 0.5 -0.085891816244937053 1.2490733038263762 OK 12 11 0.34257599999999999 0.23538300000000001 0.101287 0.233099 0.12681799999999999 0 0.10947699999999999 0.10856500000000002 0.101287 0.008737 0.0085599999999999999 0.0079620000000000003 0.080024999999999985 0.08147900000000001 0.075696000000000027 0.0040590000000000001 0.0032629999999999998 0.002944 0.0010449999999999999 0.00094999999999999989 0.00087099999999999992 1.2490726745558784 1.2490726745558784 1.2490726745558784 0.00030908648085991772 0.00030908648085991772 0.00030908648085991772 1 1 1 Converged Converged Converged OK OK OK 74 74 74 74 74 74 6 6 6 0 0 0 0 1 0 0 1
65 65 linear 3 0 653 0 0.0001 0.66449750306110722 0.020117127126223933 0.95098629250809275 -0.091201279618223413 -1.3139048829469691 -0.28139853811984195 0.5 0.29450270075830004 1.2333640127684848 OK 12 11 0.36368600000000001 0.35206599999999999 0.127582 0.230796 0.22515299999999999 0 0.13289000000000001 0.126913 0.127582 0.0097929999999999996 0.0098589999999999997 0.0092840000000000006 0.09395300000000005 0.090175000000000005 0.090316000000000007 0.0049619999999999994 0.0038840000000000003 0.0046250000000000006 0.0011969999999999999 0.001101 0.001178 1.2333632087868489 1.2333632087868489 1.2333632087868489 5.2154095155589004e-05 5.2154095155589004e-05 5.2154095155589004e-05 1 1 1 Converged Converged Converged OK OK OK 90 90 90 90 90 90 6 6 6 0 0 0 0 0 1 0 0
65 65 linear 3 7 653 1 0.0001 0.66449750306110722 0.020117127126223933 0.95098629250809275 -0.091201279618223413 -1.3139048829469691 -0.16562629381450894 0.5 0.17873045645296703 1.2435534638567978 OK 12 11 0.357767 0.24818100000000001 0.117254 0.234788 0.124692 0 0.122979 0.12348900000000002 0.117254 0.0086379999999999998 0.0086700000000000006 0.0080020000000000004 0.092801000000000036 0.093469000000000024 0.088704000000000005 0.0043859999999999993 0.0042319999999999997 0.004065 0.001212 0.001217 0.0012259999999999999 1.2435526272562936 1.2435526272562936 1.2435526272562936 5.9038232168990006e-05 5.9038232168990006e-05 5.9038232168990006e-05 1 1 1 Converged Converged Converged OK OK OK 90 90 90 90 90 90 6 6 6 0 0 0 0 1 0 0 1
65 65 linear 3 15 653 2 0.0001 0.66449750306110722 0.020117127126223933 0.95098629250809275 -0.091201279618223413 -1.3139048829469691 -0.03331515746555689 0.5 0.046419320104014984 1.2496349379482785 OK 12 11 0.36055799999999999 0.25452999999999998 0.11998 0.23202100000000001 0.12659899999999999 0 0.12853699999999998 0.12793099999999999 0.11998 0.008633 0.0087360000000000007 0.0080199999999999994 0.099417999999999979 0.098335000000000033 0.091865999999999989 0.00382 0.0040850000000000001 0.0038939999999999999 0.001026 0.001085 0.001111 1.249634094536447 1.249634094536447 1.249634094536447 8.4104487360027558e-05 8.4104487360027558e-05 8.4104487360027558e-05 1 1 1 Converged Converged Converged OK OK OK 90 90 90 90 90 90 6 6 6 0 0 0 0 1 0 0 1
65 65 linear 3 23 653 3 0.0001 0.66449750306110722 0.020117127126223933 0.95098629250809275 -0.091201279618223413 -1.3139048829469691 0.098995978883395147 0.5 -0.085891816244937053 1.2490733038263762 OK 12 11 0.36563000000000001 0.26440200000000003 0.13105800000000001 0.23091500000000001 0.126612 0 0.134715 0.13779000000000002 0.13105800000000001 0.0089040000000000005 0.0087299999999999999 0.0080070000000000002 0.10053199999999997 0.10393400000000003 0.10001699999999999 0.0052239999999999995 0.005169 0.0041339999999999997 0.001307 0.0012689999999999999 0.0012210000000000001 1.2490724278928675 1.2490724278928675 1.2490724278928675 4.5324341454849226e-05 4.5324341454849226e-05 4.5324341454849226e-05 1 1 1 Converged Converged Converged OK OK OK 98 98 98 98 98 98 6 6 6 0 0 0 0 1 0 0 1
65 65 linear 4 0 654 0 0.001 0.66449750306110722 0.020117127126223933 0.95098629250809275 -1.5582893098152262 -1.0802248714734948 -1.7484865683168447 0.5 1.7615907309553027 1.0669919047871821 OK 12 11 0.37337799999999999 0.36833700000000003 0.120674 0.24854999999999999 0.24226200000000001 0 0.12482799999999999 0.12607500000000002 0.120674 0.0095370000000000003 0.0098180000000000003 0.0091420000000000008 0.092593999999999968 0.093523000000000037 0.089477000000000029 0.003392 0.003604 0.0032599999999999999 0.000736 0.00076300000000000001 0.00070599999999999992 1.0669907410231827 1.0669907410231827 1.0669907410231827 0.00068343000025023902 0.00068343000025023902 0.00068343000025023902 1 1 1 Converged Converged Converged OK OK OK 67 67 67 67 67 67 5 5 5 0 0 0 0 0 1 0 0
65 65 linear 4 7 654 1 0.001 0.66449750306110722 0.020117127126223933 0.95098629250809275 -1.5582893098152262 -1.0802248714734948 -1.6327143240115116 0.5 1.6458184866499697 1.0779469314775922 OK 12 11 0.36877900000000002 0.23985000000000001 0.120569 0.24674599999999999 0.120195 0 0.12203300000000003 0.11965500000000001 0.120569 0.0088059999999999996 0.0086960000000000006 0.0079780000000000007 0.092945000000000041 0.091550000000000034 0.088553000000000007 0.0035379999999999999 0.0033049999999999998 0.0031050000000000001 0.00078700000000000016 0.00073099999999999999 0.00073999999999999999 1.0779463517247747 1.0779463517247747 1.0779463517247747 0.00014994306730777913 0.00014994306730777913 0.00014994306730777913 1 1 1 Converged Converged Converged OK OK OK 67 67 67 67 67 67 5 5 5 0 0 0 0 1 0 0 1
65 65 linear 4 15 654 2 0.001 0.66449750306110722 0.020117127126223933 0.95098629250809275 -1.5582893098152262 -1.0802248714734948 -1.5004031876625596 0.5 1.5135073503010177 1.092843293528329 OK 12 11 0.38279600000000003 0.249943 0.122227 0.25420300000000001 0.12542500000000001 0 0.12859300000000001 0.12451799999999999 0.122227 0.0084980000000000003 0.0085699999999999995 0.0078969999999999995 0.10082500000000001 0.097168000000000032 0.096117999999999995 0.003434 0.0033509999999999998 0.0032190000000000001 0.00073699999999999992 0.00074099999999999991 0.00068099999999999996 1.0928412759879735 1.0928412759879735 1.0928412759879735 0.00052009667008428336 0.00052009667008428336 0.00052009667008428336 1 1 1 Converged Converged Converged OK OK OK 67 67 67 67 67 67 5 5 5 0 0 0 0 1 0 0 1
65 65 linear 4 23 654 3 0.001 0.66449750306110722 0.020117127126223933 0.95098629250809275 -1.5582893098152262 -1.0802248714734948 -1.3680920513136077 0.5 1.3811962139520657 1.1107161997092883 OK 12 11 0.347111 0.22281999999999999 0.097505999999999995 0.24473300000000001 0.123594 0 0.102378 0.099225999999999995 0.097505999999999995 0.0088059999999999996 0.0086420000000000004 0.0079939999999999994 0.079411000000000023 0.076888999999999999 0.076143999999999989 0.0025799999999999998 0.0024080000000000004 0.0022750000000000001 0.00056900000000000006 0.00058200000000000005 0.00056099999999999998 1.11071539825111 1.11071539825111 1.11071539825111 0.00025088562430063756 0.00025088562430063756 0.00025088562430063756 1 1 1 Converged Converged Converged OK OK OK 51 51 51 51 51 51 5 5 5 0 0 0 0 1 0 0 1
65 65 linear 4 0 654 0 0.0001 0.66449750306110722 0.020117127126223933 0.95098629250809275 -1.5582893098152262 -1.0802248714734948 -1.7484865683168447 0.5 1.7615907309553027 1.0669919047871821 OK 12 11 0.39288099999999998 0.38005100000000003 0.13712199999999999 0.25179800000000002 0.24191699999999999 0 0.14108299999999996 0.13813400000000003 0.13712199999999999 0.0095340000000000008 0.0095080000000000008 0.0093769999999999999 0.10511399999999997 0.10233899999999999 0.10146400000000003 0.0038319999999999999 0.0037289999999999997 0.0042690000000000002 0.00089099999999999997 0.00091099999999999992 0.00095100000000000002 1.0669912805543307 1.0669912805543307 1.0669912805543307 4.1983060727903649e-06 4.1983060727903649e-06 4.1983060727903649e-06 1 1 1 Converged Converged Converged OK OK OK 75 75 75 75 75 75 5 5 5 0 0 0 0 0 1 0 0
65 65 linear 4 7 654 1 0.0001 0.66449750306110722 0.020117127126223933 0.95098629250809275 -1.5582893098152262 -1.0802248714734948 -1.6327143240115116 0.5 1.6458184866499697 1.0779469314775922 OK 12 11 0.38233 0.25498100000000001 0.12893099999999999 0.24835399999999999 0.121624 0 0.13397600000000001 0.133357 0.12893099999999999 0.0084259999999999995 0.0085990000000000007 0.0080870000000000004 0.10416300000000001 0.10282500000000003 0.099788000000000029 0.0036159999999999999 0.0040899999999999999 0.0038249999999999998 0.00089499999999999996 0.0010559999999999999 0.00092900000000000003 1.0779462831661284 1.0779462831661284 1.0779462831661284 3.6075816095499023e-05 3.6075816095499023e-05 3.6075816095499023e-05 1 1 1 Converged Converged Converged OK OK OK 75 75 75 75 75 75 5 5 5 0 0 0 0 1 0 0 1
65 65 linear 4 15 654 2 0.0001 0.66449750306110722 0.020117127126223933 0.95098629250809275 -1.5582893098152262 -1.0802248714734948 -1.5004031876625596 0.5 1.5135073503010177 1.092843293528329 OK 12 11 0.388015 0.26258300000000001 0.13092799999999999 0.25162800000000002 0.128775 0 0.13638699999999998 0.13380800000000001 0.13092799999999999 0.0083960000000000007 0.0084770000000000002 0.0078659999999999997 0.10649600000000002 0.104189 0.101995 0.0037079999999999999 0.0037750000000000001 0.0038099999999999996 0.00084399999999999992 0.00081599999999999999 0.000861 1.0928426521529147 1.0928426521529147 1.0928426521529147 2.0121638687006686e-05 2.0121638687006686e-05 2.0121638687006686e-05 1 1 1 Converged Converged Converged OK OK OK 75 75 75 75 75 75 5 5 5 0 0 0 0 1 0 0 1
65 65 linear 4 23 654 3 0.0001 0.66449750306110722 0.020117127126223933 0.95098629250809275 -1.5582893098152262 -1.0802248714734948 -1.3680920513136077 0.5 1.3811962139520657 1.1107161997092883 OK 12 11 0.38831199999999999 0.25745699999999999 0.13331999999999999 0.24956999999999999 0.120751 0 0.138742 0.13670599999999999 0.13331999999999999 0.0085909999999999997 0.0087089999999999997 0.0080230000000000006 0.110467 0.10804700000000002 0.10594200000000001 0.0037090000000000001 0.0039749999999999994 0.0037610000000000005 0.00081800000000000004 0.00082199999999999981 0.00086499999999999999 1.1107155144451568 1.1107155144451568 1.1107155144451568 6.7320726561481836e-05 6.7320726561481836e-05 6.7320726561481836e-05 1 1 1 Converged Converged Converged OK OK OK 75 75 75 75 75 75 5 5 5 0 0 0 0 1 0 0 1
65 65 uniform 0 0 655 0 0.001 0.66449750306110722 0.020117127126223933 0.95098629250809275 -0.19448521976078151 -0.31785831882027199 -0.3846824782624001 0 0.39778664090085819 2.2132786619124531 OK 15 14 0.424294 0.41664000000000001 0.132877 0.288443 0.28389999999999999 0 0.135851 0.13274000000000002 0.132877 0.010678 0.011174999999999999 0.010513 0.10319700000000002 0.099856999999999974 0.099998000000000017 0.0027650000000000001 0.0028139999999999997 0.0030589999999999997 0.00069399999999999996 0.00078899999999999999 0.00075200000000000006 2.2133392284527464 2.2133392284527464 2.2133392284527464 0.0014219559149571852 0.0014219559149571852 0.0014219559149571852 1 1 1 Converged Converged Converged OK OK OK 72 72 72 72 72 72 8 8 8 0 0 0 0 0 1 0 0
65 65 uniform 0 7 655 1 0.001 0.66449750306110722 0.020117127126223933 0.95098629250809275 -0.19448521976078151 -0.31785831882027199 -0.26891023395706704 0 0.28201439659552513 2.2515916467882651 OK 13 12 0.383019 0.26693299999999998 0.12539 0.25691000000000003 0.13983100000000001 0 0.12610899999999997 0.12710199999999997 0.12539 0.0097680000000000006 0.0097780000000000002 0.0095940000000000001 0.099997000000000003 0.10066600000000002 0.099791999999999964 0.0026280000000000001 0.0026459999999999999 0.002686 0.00065499999999999998 0.00079500000000000003 0.00070699999999999995 2.2516028458577488 2.2516028458577488 2.2516028458577488 0.0015063569120862665 0.0015063569120862665 0.0015063569120862665 1 1 1 Converged Converged Converged OK OK OK 72 72 72 72 72 72 8 8 8 0 0 0 0 1 0 0 1
65 65 uniform 0 15 655 2 0.001 0.66449750306110722 0.020117127126223933 0.95098629250809275 -0.19448521976078151 -0.31785831882027199 -0.13659909760811498 0 0.14970326024657307 2.2793383029197325 OK 12 11 0.39888000000000001 0.27969699999999997 0.13430800000000001 0.25879400000000002 0.14371100000000001 0 0.14008599999999999 0.13598599999999997 0.13430800000000001 0.0074949999999999999 0.00728 0.0065989999999999998 0.11200400000000002 0.108519 0.10795599999999997 0.0029190000000000002 0.0028840000000000003 0.0028980000000000004 0.00078600000000000002 0.00082299999999999995 0.00080600000000000008 2.2793375321022551 2.2793375321022551 2.2793375321022551 0.0012786682952015481 0.0012786682952015481 0.0012786682952015481 1 1 1 Converged Converged Converged OK OK OK 86 86 86 86 86 86 10 10 10 0 0 0 0 1 0 0 1
65 65 uniform 0 23 655 3 0.001 0.66449750306110722 0.020117127126223933 0.95098629250809275 -0.19448521976078151 -0.31785831882027199 -0.0042879612591629479 0 0.017392123897621042 2.2895210039360685 OK 12 11 0.39171800000000001 0.27193400000000001 0.13045000000000001 0.25922899999999999 0.13597400000000001 0 0.13248900000000002 0.13596 0.13045000000000001 0.0065300000000000002 0.0068589999999999996 0.0059199999999999999 0.108335 0.11112799999999998 0.10766199999999999 0.002728 0.002905 0.0027140000000000003 0.00068000000000000005 0.00087699999999999996 0.00070200000000000004 2.2895189962382863 2.2895189962382863 2.2895189962382863 0.00093820904940403432 0.00093820904940403432 0.00093820904940403432 1 1 1 Converged Converged Converged OK OK OK 86 86 86 86 86 86 10 10 10 0 0 0 0 1 0 0 1
65 65 uniform 0 0 655 0 0.0001 0.66449750306110722 0.020117127126223933 0.95098629250809275 -0.19448521976078151 -0.31785831882027199 -0.3846824782624001 0 0.39778664090085819 2.2132786619124531 OK 15 14 0.47547899999999998 0.478966 0.18412300000000001 0.29121000000000002 0.293964 0 0.18426899999999996 0.185002 0.18412300000000001 0.011013 0.010876 0.010756999999999999 0.13698300000000002 0.13733900000000002 0.13685200000000003 0.0049630000000000004 0.0053410000000000003 0.0055479999999999991 0.0012149999999999999 0.0012639999999999999 0.001286 2.2132784740934244 2.2132784740934244 2.2132784740934244 0.00019047742693053984 0.00019047742693053984 0.00019047742693053984 1 1 1 Converged Converged Converged OK OK OK 112 112 112 112 112 112 8 8 8 0 0 0 0 0 1 0 0
65 65 uniform 0 7 655 1 0.0001 0.66449750306110722 0.020117127126223933 0.95098629250809275 -0.19448521976078151 -0.31785831882027199 -0.26891023395706704 0 0.28201439659552513 2.2515916467882651 OK 13 12 0.42873499999999998 0.31050100000000003 0.16853499999999999 0.25908399999999998 0.13977300000000001 0 0.169651 0.17072800000000002 0.16853499999999999 0.0098480000000000009 0.0099410000000000002 0.0094920000000000004 0.13481899999999994 0.135347 0.134459 0.0041960000000000001 0.0045039999999999993 0.0043959999999999997 0.0011820000000000001 0.0012129999999999999 0.0011280000000000001 2.2515916067095252 2.2515916067095252 2.2515916067095252 0.00016713711876544435 0.00016713711876544435 0.00016713711876544435 1 1 1 Converged Converged Converged OK OK OK 104 104 104 104 104 104 8 8 8 0 0 0 0 1 0 0 1
65 65 uniform 0 15 655 2 0.0001 0.66449750306110722 0.020117127126223933 0.95098629250809275 -0.19448521976078151 -0.31785831882027199 -0.13659909760811498 0 0.14970326024657307 2.2793383029197325 OK 12 11 0.45020900000000003 0.33104699999999998 0.18087800000000001 0.26761400000000002 0.14504500000000001 0 0.18259500000000001 0.18600199999999997 0.18087800000000001 0.0073309999999999998 0.0075810000000000001 0.006829 0.14333299999999996 0.145925 0.14313299999999998 0.004777 0.0052700000000000004 0.0046920000000000009 0.0016129999999999999 0.001694 0.0016980000000000003 2.279338088944439 2.279338088944439 2.279338088944439 9.1509780665007825e-05 9.1509780665007825e-05 9.1509780665007825e-05 1 1 1 Converged Converged Converged OK OK OK 126 126 126 126 126 126 10 10 10 0 0 0 0 1 0 0 1
65 65 uniform 0 23 655 3 0.0001 0.66449750306110722 0.020117127126223933 0.95098629250809275 -0.19448521976078151 -0.31785831882027199 -0.0042879612591629479 0 0.017392123897621042 2.2895210039360685 OK 12 11 0.44349699999999997 0.32832299999999998 0.18179000000000001 0.25720999999999999 0.13936000000000001 0 0.18628699999999998 0.18896299999999996 0.18179000000000001 0.0068050000000000003 0.0068100000000000001 0.0059839999999999997 0.15063799999999997 0.15319999999999998 0.14877399999999996 0.0053419999999999995 0.0056050000000000006 0.0048819999999999992 0.001392 0.0013619999999999999 0.0011850000000000001 2.2895209878924137 2.2895209878924137 2.2895209878924137 7.5098133153720436e-05 7.5098133153720436e-05 7.5098133153720436e-05 1 1 1 Converged Converged Converged OK OK OK 126 126 126 126 126 126 10 10 10 0 0 0 0 1 0 0 1
65 65 uniform 1 0 656 0 0.001 0.66449750306110722 0.020117127126223933 0.95098629250809275 -0.31280126086366772 0.48827932477016134 -0.50299851936528628 0 0.51610268200374443 2.0758856395853442 OK 15 14 0.447517 0.451714 0.16993900000000001 0.27979700000000002 0.27960699999999999 0 0.16771999999999998 0.17210700000000001 0.16993900000000001 0.01074 0.011478 0.011096999999999999 0.126392 0.12842000000000006 0.12742800000000001 0.0040140000000000002 0.0050569999999999999 0.0045519999999999996 0.00096999999999999994 0.0011380000000000001 0.0012279999999999999 2.0759147680314225 2.0759147680314225 2.0759147680314225 0.0013677153783795027 0.0013677153783795027 0.0013677153783795027 1 1 1 Converged Converged Converged OK OK OK 103 103 103 103 103 103 9 9 9 0 0 0 0 0 1 0 0
65 65 uniform 1 7 656 1 0.001 0.66449750306110722 0.020117127126223933 0.95098629250809275 -0.31280126086366772 0.48827932477016134 -0.38722627505995322 0 0.40033043769841131 2.13837906185418 OK 15 14 0.40380700000000003 0.28705700000000001 0.128612 0.27263700000000002 0.15631800000000001 0 0.13117000000000001 0.13073899999999999 0.128612 0.009391 0.0095130000000000006 0.0088140000000000007 0.10350900000000003 0.10365199999999997 0.10246399999999997 0.0033480000000000003 0.0032119999999999996 0.0031329999999999999 0.00075999999999999993 0.00069800000000000005 0.00070600000000000003 2.1383798529644569 2.1383798529644569 2.1383798529644569 0.0013529695267770515 0.0013529695267770515 0.0013529695267770515 1 1 1 Converged Converged Converged OK OK OK 87 87 87 87 87 87 9 9 9 0 0 0 0 1 0 0 1
65 65 uniform 1 15 656 2 0.001 0.66449750306110722 0.020117127126223933 0.95098629250809275 -0.31280126086366772 0.48827932477016134 -0.25491513871100119 0 0.26801930134945928 2.1860518194742657 OK 14 13 0.38370399999999999 0.28103299999999998 0.134191 0.24784100000000001 0.13986699999999999 0 0.13586299999999998 0.14116599999999999 0.134191 0.0096509999999999999 0.011232000000000001 0.0092630000000000004 0.11026200000000007 0.113216 0.10961800000000001 0.0025609999999999999 0.0029460000000000003 0.0025739999999999999 0.00069500000000000009 0.00081500000000000008 0.00066400000000000009 2.1860736471729325 2.1860736471729325 2.1860736471729325 0.0019578613997252707 0.0019578613997252707 0.0019578613997252707 1 1 1 Converged Converged Converged OK OK OK 79 79 79 79 79 79 9 9 9 0 0 0 0 1 0 0 1
65 65 uniform 1 23 656 3 0.001 0.66449750306110722 0.020117127126223933 0.95098629250809275 -0.31280126086366772 0.48827932477016134 -0.12260400236204916 0 0.13570816500050725 2.2143364613063512 OK 13 12 0.37100300000000003 0.26581100000000002 0.13073699999999999 0.228906 0.13086200000000001 0 0.14209700000000003 0.13494900000000001 0.13073699999999999 0.0085979999999999997 0.007391 0.0067279999999999996 0.11496200000000002 0.11034999999999999 0.10762799999999999 0.0031349999999999998 0.002745 0.0026029999999999998 0.00080999999999999996 0.00086200000000000003 0.00074699999999999994 2.2143364120561237 2.2143364120561237 2.2143364120561237 0.0010532794839801997 0.0010532794839801997 0.0010532794839801997 1 1 1 Converged Converged Converged OK OK OK 93 93 93 93 93 93 11 11 11 0 0 0 0 1 0 0 1
65 65 uniform 1 0 656 0 0.0001 0.66449750306110722 0.020117127126223933 0.95098629250809275 -0.31280126086366772 0.48827932477016134 -0.50299851936528628 0 0.51610268200374443 2.0758856395853442 OK 15 14 0.487645 0.48316199999999998 0.20078599999999999 0.28281600000000001 0.27888499999999999 0 0.20482899999999998 0.20427699999999999 0.20078599999999999 0.011296 0.011266 0.011093 0.15400200000000003 0.15504600000000004 0.15160400000000002 0.0058060000000000004 0.0048240000000000002 0.0053200000000000001 0.001526 0.0015510000000000001 0.0015719999999999998 2.0758861826221313 2.0758861826221313 2.0758861826221313 0.00013782678791328864 0.00013782678791328864 0.00013782678791328864 1 1 1 Converged Converged Converged OK OK OK 119 119 119 119 119 119 9 9 9 0 0 0 0 0 1 0 0
65 65 uniform 1 7 656 1 0.0001 0.66449750306110722 0.020117127126223933 0.95098629250809275 -0.31280126086366772 0.48827932477016134 -0.38722627505995322 0 0.40033043769841131 2.13837906185418 OK 15 14 0.445878 0.32717200000000002 0.169131 0.27254400000000001 0.15335799999999999 0 0.17333399999999999 0.17381400000000002 0.169131 0.0096860000000000002 0.0094959999999999992 0.0090130000000000002 0.13941200000000004 0.14041000000000003 0.13719400000000007 0.0047889999999999999 0.0049989999999999991 0.0042680000000000001 0.0013189999999999999 0.0012869999999999999 0.0013139999999999998 2.1383800268787221 2.1383800268787221 2.1383800268787221 0.0002037254108952466 0.0002037254108952466 0.0002037254108952466 1 1 1 Converged Converged Converged OK OK OK 111 111 111 111 111 111 9 9 9 0 0 0 0 1 0 0 1
65 65 uniform 1 15 656 2 0.0001 0.66449750306110722 0.020117127126223933 0.95098629250809275 -0.31280126086366772 0.48827932477016134 -0.25491513871100119 0 0.26801930134945928 2.1860518194742657 OK 14 13 0.43088700000000002 0.31529800000000002 0.17541799999999999 0.252139 0.13627600000000001 0 0.17874800000000002 0.17902200000000001 0.17541799999999999 0.0099089999999999994 0.0097450000000000002 0.0095490000000000002 0.14220599999999992 0.14273799999999992 0.14041100000000009 0.0049389999999999998 0.0050959999999999998 0.0048140000000000006 0.0016130000000000001 0.0017230000000000001 0.0015379999999999999 2.1860519475445486 2.1860519475445486 2.1860519475445486 0.00013274759575812879 0.00013274759575812879 0.00013274759575812879 1 1 1 Converged Converged Converged OK OK OK 119 119 119 119 119 119 9 9 9 0 0 0 0 1 0 0 1
65 65 uniform 1 23 656 3 0.0001 0.66449750306110722 0.020117127126223933 0.95098629250809275 -0.31280126086366772 0.48827932477016134 -0.12260400236204916 0 0.13570816500050725 2.2143364613063512 OK 13 12 0.40913899999999997 0.31400600000000001 0.17507300000000001 0.23006299999999999 0.13086200000000001 0 0.17907599999999999 0.183144 0.17507300000000001 0.0074469999999999996 0.0074229999999999999 0.0066620000000000004 0.14141999999999999 0.14579300000000006 0.13966500000000004 0.0049639999999999997 0.004934 0.0044489999999999998 0.0017109999999999998 0.001645 0.001505 2.2143366177075063 2.2143366177075063 2.2143366177075063 0.00012566730576949912 0.00012566730576949912 0.00012566730576949912 1 1 1 Converged Converged Converged OK OK OK 133 133 133 133 133 133 11 11 11 0 0 0 0 1 0 0 1
65 65 uniform 2 0 657 0 0.001 0.66449750306110722 0.020117127126223933 0.95098629250809275 1.574857956970388 -0.97901820995307742 1.3846606984687695 0 -1.3715565358303115 1.1291945837303552 OK 11 10 0.31997999999999999 0.32109599999999999 0.092771999999999993 0.22453999999999999 0.22713 0 0.095439999999999997 0.093965999999999994 0.092771999999999993 0.0076680000000000003 0.0074450000000000002 0.0074029999999999999 0.065650999999999987 0.065642000000000006 0.064855000000000051 0.0035479999999999999 0.0032390000000000001 0.0029729999999999999 0.00082200000000000003 0.000718 0.00070600000000000003 1.129200608835607 1.129200608835607 1.129200608835607 0.00087522623086432451 0.00087522623086432451 0.00087522623086432451 1 1 1 Converged Converged Converged OK OK OK 80 80 80 80 80 80 8 8 8 0 0 0 0 0 1 0 0
65 65 uniform 2 7 657 1 0.001 0.66449750306110722 0.020117127126223933 0.95098629250809275 1.574857956970388 -0.97901820995307742 1.5004329427741026 0 -1.4873287801356445 1.1083512985629935 OK 11 10 0.30677300000000002 0.21326999999999999 0.084393999999999997 0.22131700000000001 0.118187 0 0.085456000000000004 0.095082999999999987 0.084393999999999997 0.0062570000000000004 0.0062690000000000003 0.0058240000000000002 0.062304999999999972 0.071165999999999993 0.062136000000000025 0.0028779999999999999 0.0035240000000000002 0.0028329999999999996 0.00077999999999999999 0.00076599999999999997 0.00073800000000000005 1.1083499915624755 1.1083499915624755 1.1083499915624755 0.0003183856247240324 0.0003183856247240324 0.0003183856247240324 1 1 1 Converged Converged Converged OK OK OK 81 81 81 81 81 81 7 7 7 0 0 0 0 1 0 0 1
65 65 uniform 2 15 657 2 0.001 0.66449750306110722 0.020117127126223933 0.95098629250809275 1.574857956970388 -0.97901820995307742 1.6327440791230545 0 -1.6196399164845965 1.0879631072447293 OK 12 11 0.29779 0.19583900000000001 0.060055999999999998 0.236349 0.13148499999999999 0 0.061440999999999996 0.064354000000000022 0.060055999999999998 0.0086180000000000007 0.0088830000000000003 0.0082369999999999995 0.040059000000000011 0.041634999999999998 0.039521000000000014 0.0020219999999999999 0.002464 0.002085 0.00057200000000000003 0.00067400000000000001 0.00058099999999999992 1.0879642815094814 1.0879642815094814 1.0879642815094814 0.00031172768798506684 0.00031172768798506684 0.00031172768798506684 1 1 1 Converged Converged Converged OK OK OK 51 51 51 51 51 51 5 5 5 0 0 0 0 1 0 0 1
65 65 uniform 2 23 657 3 0.001 0.66449750306110722 0.020117127126223933 0.95098629250809275 1.574857956970388 -0.97901820995307742 1.7650552154720065 0 -1.7519510528335485 1.072446383599936 OK 12 11 0.31150699999999998 0.20730599999999999 0.059339000000000003 0.25038199999999999 0.14075199999999999 0 0.061124999999999985 0.066554000000000002 0.059339000000000003 0.0084910000000000003 0.0086770000000000007 0.0078890000000000002 0.040973000000000002 0.045823000000000003 0.040371999999999998 0.0019300000000000001 0.002019 0.001779 0.00056100000000000008 0.00059600000000000007 0.00054699999999999996 1.0724468642229419 1.0724468642229419 1.0724468642229419 0.00025370521519468375 0.00025370521519468375 0.00025370521519468375 1 1 1 Converged Converged Converged OK OK OK 44 44 44 44 44 44 4 4 4 0 0 0 0 1 0 0 1
65 65 uniform 2 0 657 0 0.0001 0.66449750306110722 0.020117127126223933 0.95098629250809275 1.574857956970388 -0.97901820995307742 1.3846606984687695 0 -1.3715565358303115 1.1291945837303552 OK 11 10 0.32583000000000001 0.33178400000000002 0.100953 0.225249 0.226744 0 0.100581 0.10504000000000002 0.100953 0.0073229999999999996 0.007522 0.0074999999999999997 0.069304000000000018 0.074204999999999979 0.069573999999999997 0.0030860000000000002 0.0030449999999999995 0.0032399999999999998 0.00080400000000000003 0.00080499999999999994 0.00087000000000000011 1.1291946942628905 1.1291946942628905 1.1291946942628905 3.9997089123818592e-05 3.9997089123818592e-05 3.9997089123818592e-05 1 1 1 Converged Converged Converged OK OK OK 88 88 88 88 88 88 8 8 8 0 0 0 0 0 1 0 0
65 65 uniform 2 7 657 1 0.0001 0.66449750306110722 0.020117127126223933 0.95098629250809275 1.574857956970388 -0.97901820995307742 1.5004329427741026 0 -1.4873287801356445 1.1083512985629935 OK 11 10 0.357873 0.255689 0.12697900000000001 0.226796 0.120244 0 0.131077 0.13544499999999998 0.12697900000000001 0.0064050000000000001 0.0064479999999999997 0.0058259999999999996 0.093843999999999983 0.099489000000000008 0.093021999999999966 0.0079629999999999996 0.0075470000000000008 0.0065900000000000004 0.001178 0.001322 0.0012320000000000002 1.1083514228426978 1.1083514228426978 1.1083514228426978 4.1819639754628106e-05 4.1819639754628106e-05 4.1819639754628106e-05 1 1 1 Converged Converged Converged OK OK OK 121 121 121 121 121 121 7 7 7 0 0 0 0 1 0 0 1
65 65 uniform 2 15 657 2 0.0001 0.66449750306110722 0.020117127126223933 0.95098629250809275 1.574857956970388 -0.97901820995307742 1.6327440791230545 0 -1.6196399164845965 1.0879631072447293 OK 12 11 0.320081 0.21826499999999999 0.077600000000000002 0.23885799999999999 0.13233800000000001 0 0.081223000000000017 0.085926999999999976 0.077600000000000002 0.0089309999999999997 0.0092440000000000005 0.0085059999999999997 0.052870000000000007 0.056711000000000004 0.051464000000000003 0.0035700000000000003 0.0036109999999999996 0.0029950000000000003 0.00085899999999999995 0.00087600000000000004 0.00073400000000000006 1.0879629124722283 1.0879629124722283 1.0879629124722283 0.00010232317483125573 0.00010232317483125573 0.00010232317483125573 1 1 1 Converged Converged Converged OK OK OK 67 67 67 67 67 67 5 5 5 0 0 0 0 1 0 0 1
65 65 uniform 2 23 657 3 0.0001 0.66449750306110722 0.020117127126223933 0.95098629250809275 1.574857956970388 -0.97901820995307742 1.7650552154720065 0 -1.7519510528335485 1.072446383599936 OK 12 11 0.32876 0.22898399999999999 0.076123999999999997 0.24939500000000001 0.13997799999999999 0 0.079364999999999991 0.089006000000000002 0.076123999999999997 0.0087489999999999998 0.0087840000000000001 0.0079190000000000007 0.052941999999999975 0.062362999999999995 0.052119999999999986 0.0032890000000000003 0.0032040000000000003 0.0026919999999999999 0.00078600000000000002 0.00071799999999999989 0.00069999999999999999 1.0724462802451875 1.0724462802451875 1.0724462802451875 5.9984407433846867e-05 5.9984407433846867e-05 5.9984407433846867e-05 1 1 1 Converged Converged Converged OK OK OK 60 60 60 60 60 60 4 4 4 0 0 0 0 1 0 0 1
65 65 uniform 3 0 658 0 0.001 0.66449750306110722 0.020117127126223933 0.95098629250809275 -0.091201279618223413 -1.3139048829469691 -0.28139853811984195 0 0.29450270075830004 1.2393579179885468 OK 12 11 0.30309799999999998 0.30228500000000003 0.075008000000000005 0.22594500000000001 0.22325500000000001 0 0.077152999999999972 0.079030000000000017 0.075008000000000005 0.0099430000000000004 0.0097750000000000007 0.0092029999999999994 0.049140999999999997 0.052193999999999977 0.04863300000000001 0.0023 0.0021839999999999997 0.0022989999999999998 0.00070699999999999995 0.000629 0.00069799999999999994 1.2393601270140211 1.2393601270140211 1.2393601270140211 0.0012137603944532725 0.0012137603944532725 0.0012137603944532725 1 1 1 Converged Converged Converged OK OK OK 58 58 58 58 58 58 6 6 6 0 0 0 0 0 1 0 0
65 65 uniform 3 7 658 1 0.001 0.66449750306110722 0.020117127126223933 0.95098629250809275 -0.091201279618223413 -1.3139048829469691 -0.16562629381450894 0 0.17873045645296703 1.2499481237270396 OK 12 11 0.31662000000000001 0.202879 0.077224000000000001 0.23541599999999999 0.122089 0 0.081204000000000026 0.080790000000000001 0.077224000000000001 0.0088339999999999998 0.0086009999999999993 0.0079070000000000008 0.054680999999999987 0.055773999999999983 0.053219000000000002 0.0030229999999999996 0.0025359999999999996 0.0025100000000000005 0.00088700000000000009 0.00076199999999999998 0.00084899999999999993 1.2499489365893102 1.2499489365893102 1.2499489365893102 0.0006216795941914186 0.0006216795941914186 0.0006216795941914186 1 1 1 Converged Converged Converged OK OK OK 66 66 66 66 66 66 6 6 6 0 0 0 0 1 0 0 1
65 65 uniform 3 15 658 2 0.001 0.66449750306110722 0.020117127126223933 0.95098629250809275 -0.091201279618223413 -1.3139048829469691 -0.03331515746555689 0 0.046419320104014984 1.2562896850755567 OK 12 11 0.31070900000000001 0.211038 0.078851000000000004 0.23017599999999999 0.123194 0 0.080533000000000021 0.087844000000000005 0.078851000000000004 0.0086289999999999995 0.0087889999999999999 0.0080110000000000008 0.056362999999999996 0.062683000000000016 0.056018999999999999 0.0024529999999999999 0.0030990000000000002 0.002444 0.00079299999999999998 0.00083100000000000003 0.00074999999999999991 1.256290227218767 1.256290227218767 1.256290227218767 0.00070959781174973185 0.00070959781174973185 0.00070959781174973185 1 1 1 Converged Converged Converged OK OK OK 66 66 66 66 66 66 6 6 6 0 0 0 0 1 0 0 1
65 65 uniform 3 23 658 3 0.001 0.66449750306110722 0.020117127126223933 0.95098629250809275 -0.091201279618223413 -1.3139048829469691 0.098995978883395147 0 -0.085891816244937053 1.2557397699004342 OK 12 11 0.30922100000000002 0.209421 0.076446 0.23008100000000001 0.12578500000000001 0 0.079140000000000016 0.083635999999999988 0.076446 0.0086650000000000008 0.0086510000000000007 0.0078910000000000004 0.054758000000000001 0.059254000000000001 0.054000000000000006 0.0025820000000000001 0.0027700000000000003 0.0024089999999999997 0.00082200000000000003 0.0008160000000000001 0.00075099999999999993 1.2557402147143863 1.2557402147143863 1.2557402147143863 0.00098832243909299832 0.00098832243909299832 0.00098832243909299832 1 1 1 Converged Converged Converged OK OK OK 66 66 66 66 66 66 6 6 6 0 0 0 0 1 0 0 1
65 65 uniform 3 0 658 0 0.0001 0.66449750306110722 0.020117127126223933 0.95098629250809275 -0.091201279618223413 -1.3139048829469691 -0.28139853811984195 0 0.29450270075830004 1.2393579179885468 OK 12 11 0.33634199999999997 0.33333099999999999 0.105604 0.22753999999999999 0.22492500000000001 0 0.10880199999999998 0.10840599999999997 0.105604 0.0098200000000000006 0.010026 0.0091669999999999998 0.070267999999999983 0.070444000000000034 0.069022999999999987 0.0045110000000000003 0.0044419999999999998 0.0040090000000000004 0.0012569999999999999 0.0012490000000000001 0.0012589999999999997 1.2393578489733572 1.2393578489733572 1.2393578489733572 5.1254324346306575e-05 5.1254324346306575e-05 5.1254324346306575e-05 1 1 1 Converged Converged Converged OK OK OK 90 90 90 90 90 90 6 6 6 0 0 0 0 0 1 0 0
65 65 uniform 3 7 658 1 0.0001 0.66449750306110722 0.020117127126223933 0.95098629250809275 -0.091201279618223413 -1.3139048829469691 -0.16562629381450894 0 0.17873045645296703 1.2499481237270396 OK 12 11 0.33504200000000001 0.22680700000000001 0.095351000000000005 0.23636699999999999 0.12554000000000001 0 0.098675000000000013 0.101267 0.095351000000000005 0.0087609999999999997 0.0087849999999999994 0.0079349999999999993 0.068604000000000026 0.072111999999999968 0.067679000000000017 0.0040859999999999994 0.0037489999999999997 0.0035720000000000005 0.0011100000000000001 0.001098 0.0010369999999999999 1.2499480313379623 1.2499480313379623 1.2499480313379623 5.0362254885091416e-05 5.0362254885091416e-05 5.0362254885091416e-05 1 1 1 Converged Converged Converged OK OK OK 90 90 90 90 90 90 6 6 6 0 0 0 0 1 0 0 1
65 65 uniform 3 15 658 2 0.0001 0.66449750306110722 0.020117127126223933 0.95098629250809275 -0.091201279618223413 -1.3139048829469691 -0.03331515746555689 0 0.046419320104014984 1.2562896850755567 OK 12 11 0.33649600000000002 0.23013800000000001 0.098102999999999996 0.235013 0.123586 0 0.10148300000000002 0.10655200000000001 0.098102999999999996 0.0087240000000000009 0.0087779999999999993 0.0079799999999999992 0.071715000000000015 0.077432999999999974 0.070641999999999996 0.004006 0.0037990000000000003 0.003519 0.0012000000000000001 0.0011460000000000001 0.001126 1.2562895812896542 1.2562895812896542 1.2562895812896542 6.7891008497136931e-05 6.7891008497136931e-05 6.7891008497136931e-05 1 1 1 Converged Converged Converged OK OK OK 90 90 90 90 90 90 6 6 6 0 0 0 0 1 0 0 1
65 65 uniform 3 23 658 3 0.0001 0.66449750306110722 0.020117127126223933 0.95098629250809275 -0.091201279618223413 -1.3139048829469691 0.098995978883395147 0 -0.085891816244937053 1.2557397699004342 OK 12 11 0.33241399999999999 0.23144400000000001 0.096153000000000002 0.233316 0.12689900000000001 0 0.099097999999999992 0.104545 0.096153000000000002 0.0086929999999999993 0.0086660000000000001 0.008012 0.069462999999999997 0.075679999999999997 0.068748999999999977 0.003954 0.003839 0.0035279999999999999 0.0011169999999999999 0.001034 0.0009859999999999999 1.2557396438063282 1.2557396438063282 1.2557396438063282 0.00011860630054829386 0.00011860630054829386 0.00011860630054829386 1 1 1 Converged Converged Converged OK OK OK 90 90 90 90 90 90 6 6 6 0 0 0 0 1 0 0 1
65 65 uniform 4 0 659 0 0.001 0.66449750306110722 0.020117127126223933 0.95098629250809275 -1.5582893098152262 -1.0802248714734948 -1.7484865683168447 0 1.7615907309553027 1.0680805538987685 OK 12 11 0.35142899999999999 0.35570299999999999 0.10755199999999999 0.24085500000000001 0.24487 0 0.11057399999999998 0.11083299999999999 0.10755199999999999 0.0093130000000000001 0.0098189999999999996 0.0092840000000000006 0.07550399999999996 0.076838000000000031 0.075565000000000007 0.0030670000000000003 0.0041190000000000003 0.0033909999999999999 0.0038239999999999997 0.00079199999999999995 0.00076099999999999996 1.0680815077470083 1.0680815077470083 1.0680815077470083 0.00054375459180809702 0.00054375459180809702 0.00054375459180809702 1 1 1 Converged Converged Converged OK OK OK 67 67 67 67 67 67 5 5 5 0 0 0 0 0 1 0 0
65 65 uniform 4 7 659 1 0.001 0.66449750306110722 0.020117127126223933 0.95098629250809275 -1.5582893098152262 -1.0802248714734948 -1.6327143240115116 0 1.6458184866499697 1.0792778595353594 OK 12 11 0.32173800000000002 0.197048 0.074610999999999997 0.24527099999999999 0.118529 0 0.076467000000000035 0.078519000000000005 0.074610999999999997 0.0085260000000000006 0.0086859999999999993 0.0079070000000000008 0.053245999999999981 0.055224000000000009 0.052985000000000004 0.0022880000000000001 0.0025769999999999999 0.0021700000000000001 0.00060300000000000002 0.00061799999999999995 0.00055699999999999999 1.0792781956748767 1.0792781956748767 1.0792781956748767 0.00074879666485305947 0.00074879666485305947 0.00074879666485305947 1 1 1 Converged Converged Converged OK OK OK 51 51 51 51 51 51 5 5 5 0 0 0 0 1 0 0 1
65 65 uniform 4 15 659 2 0.001 0.66449750306110722 0.020117127126223933 0.95098629250809275 -1.5582893098152262 -1.0802248714734948 -1.5004031876625596 0 1.5135073503010177 1.0945225909038159 OK 12 11 0.35294799999999998 0.22908700000000001 0.10118000000000001 0.25015999999999999 0.12560199999999999 0 0.10278799999999999 0.10348500000000002 0.10118000000000001 0.008397 0.0085450000000000005 0.0078709999999999995 0.07570399999999998 0.075969000000000023 0.075133999999999992 0.0031289999999999998 0.0033879999999999995 0.0030759999999999997 0.00070700000000000005 0.00071799999999999989 0.00066100000000000002 1.0945221425217975 1.0945221425217975 1.0945221425217975 0.00060192696023599372 0.00060192696023599372 0.00060192696023599372 1 1 1 Converged Converged Converged OK OK OK 67 67 67 67 67 67 5 5 5 0 0 0 0 1 0 0 1
65 65 uniform 4 23 659 3 0.001 0.66449750306110722 0.020117127126223933 0.95098629250809275 -1.5582893098152262 -1.0802248714734948 -1.3680920513136077 0 1.3811962139520657 1.112841019677147 OK 12 11 0.33218799999999998 0.205037 0.081761 0.24859700000000001 0.12042600000000001 0 0.083590999999999971 0.084610999999999992 0.081761 0.0086370000000000006 0.0090220000000000005 0.0079970000000000006 0.061377000000000001 0.061740000000000017 0.060908999999999998 0.002147 0.0024429999999999999 0.0020770000000000003 0.000571 0.00059199999999999997 0.00054500000000000002 1.1128409481141557 1.1128409481141557 1.1128409481141557 0.00020191540019201551 0.00020191540019201551 0.00020191540019201551 1 1 1 Converged Converged Converged OK OK OK 51 51 51 51 51 51 5 5 5 0 0 0 0 1 0 0 1
65 65 uniform 4 0 659 0 0.0001 0.66449750306110722 0.020117127126223933 0.95098629250809275 -1.5582893098152262 -1.0802248714734948 -1.7484865683168447 0 1.7615907309553027 1.0680805538987685 OK 12 11 0.36307099999999998 0.35710700000000001 0.11443200000000001 0.24653700000000001 0.242201 0 0.11653399999999997 0.11490600000000001 0.11443200000000001 0.0094129999999999995 0.0094889999999999992 0.0091079999999999998 0.080453000000000052 0.080186000000000007 0.079951999999999968 0.0040020000000000003 0.00363 0.003764 0.00085699999999999991 0.00082699999999999994 0.00088100000000000006 1.0680805701887655 1.0680805701887655 1.0680805701887655 4.5703393446915741e-06 4.5703393446915741e-06 4.5703393446915741e-06 1 1 1 Converged Converged Converged OK OK OK 75 75 75 75 75 75 5 5 5 0 0 0 0 0 1 0 0
65 65 uniform 4 7 659 1 0.0001 0.66449750306110722 0.020117127126223933 0.95098629250809275 -1.5582893098152262 -1.0802248714734948 -1.6327143240115116 0 1.6458184866499697 1.0792778595353594 OK 12 11 0.35322799999999999 0.225966 0.104412 0.247143 0.118628 0 0.10608499999999998 0.107338 0.104412 0.0085349999999999992 0.0085199999999999998 0.0079430000000000004 0.076421000000000003 0.077904000000000001 0.075877000000000028 0.0034439999999999996 0.0035739999999999999 0.0034590000000000003 0.00087100000000000003 0.00088500000000000004 0.00087699999999999996 1.0792778699702623 1.0792778699702623 1.0792778699702623 3.6843223843642013e-05 3.6843223843642013e-05 3.6843223843642013e-05 1 1 1 Converged Converged Converged OK OK OK 75 75 75 75 75 75 5 5 5 0 0 0 0 1 0 0 1
65 65 uniform 4 15 659 2 0.0001 0.66449750306110722 0.020117127126223933 0.95098629250809275 -1.5582893098152262 -1.0802248714734948 -1.5004031876625596 0 1.5135073503010177 1.0945225909038159 OK 12 11 0.363427 0.238701 0.107719 0.24924099999999999 0.124026 0 0.11418600000000001 0.114675 0.107719 0.0084690000000000008 0.0085810000000000001 0.0079260000000000008 0.084121000000000001 0.085561999999999985 0.079546999999999979 0.0035779999999999996 0.0034069999999999999 0.0033020000000000002 0.00088499999999999994 0.00079000000000000001 0.00080100000000000006 1.0945226327765103 1.0945226327765103 1.0945226327765103 2.8267786275605055e-05 2.8267786275605055e-05 2.8267786275605055e-05 1 1 1 Converged Converged Converged OK OK OK 75 75 75 75 75 75 5 5 5 0 0 0 0 1 0 0 1
65 65 uniform 4 23 659 3 0.0001 0.66449750306110722 0.020117127126223933 0.95098629250809275 -1.5582893098152262 -1.0802248714734948 -1.3680920513136077 0 1.3811962139520657 1.112841019677147 OK 12 11 0.33885900000000002 0.21263499999999999 0.088885000000000006 0.24815400000000001 0.120548 0 0.090705000000000008 0.092086999999999988 0.088885000000000006 0.0087270000000000004 0.0087449999999999993 0.0079869999999999993 0.065952000000000011 0.067375000000000018 0.065365999999999994 0.0027000000000000001 0.0026459999999999999 0.0026250000000000002 0.00069200000000000012 0.00070599999999999992 0.000718 1.1128410207342727 1.1128410207342727 1.1128410207342727 4.1891710599409667e-05 4.1891710599409667e-05 4.1891710599409667e-05 1 1 1 Converged Converged Converged OK OK OK 59 59 59 59 59 59 5 5 5 0 0 0 0 1 0 0 1
66 66 linear 0 0 660 0 0.001 2.7793726046465639 0.0012658251847306198 0.056042869513476791 -2.4317138073175442 -0.011357927870144604 -2.4429223812202396 0.5 2.4464361332651201 1.6438550679983037 OK 15 14 0.62601700000000005 0.61763100000000004 0.32464100000000001 0.297705 0.29090899999999997 0 0.32831200000000005 0.32672200000000007 0.32464100000000001 0.011046 0.011298000000000001 0.010888999999999999 0.27814999999999995 0.27580300000000013 0.27467400000000008 0.0052469999999999999 0.0061170000000000009 0.0059639999999999988 0.0013759999999999998 0.0015069999999999999 0.0013680000000000001 1.6438560070729846 1.6438560070729846 1.6438560070729846 0.0010611828556127058 0.0010611828556127058 0.0010611828556127058 1 1 1 Converged Converged Converged OK OK OK 118 118 118 118 118 118 10 10 10 0 0 0 0 0 1 0 0
66 66 linear 0 7 660 1 0.001 2.7793726046465639 0.0012658251847306198 0.056042869513476791 -2.4317138073175442 -0.011357927870144604 -2.4360997710185988 0.5 2.4396135230634792 1.6748812962717601 OK 15 14 0.62959900000000002 0.503471 0.31884000000000001 0.304199 0.16638700000000001 0 0.32540000000000002 0.33708399999999999 0.31884000000000001 0.010011000000000001 0.0097479999999999997 0.0093489999999999997 0.28703400000000001 0.30031400000000003 0.28028399999999998 0.0064270000000000004 0.0059129999999999999 0.0059439999999999996 0.0013179999999999999 0.0012980000000000001 0.0012130000000000001 1.6748837510803687 1.6748837510803687 1.6748837510803687 0.0013334606219148316 0.0013334606219148316 0.0013334606219148316 1 1 1 Converged Converged Converged OK OK OK 118 118 118 118 118 118 10 10 10 0 0 0 0 1 0 0 1
66 66 linear 0 15 660 2 0.001 2.7793726046465639 0.0012658251847306198 0.056042869513476791 -2.4317138073175442 -0.011357927870144604 -2.4283025022167237 0.5 2.4318162542616042 1.6983030657431522 OK 16 15 0.62537799999999999 0.50011300000000003 0.31629099999999999 0.29660500000000001 0.16274 0 0.32877299999999998 0.33737300000000003 0.31629099999999999 0.013202999999999999 0.013283 0.012222 0.28703299999999998 0.29614999999999997 0.27757100000000007 0.0057980000000000011 0.0056899999999999997 0.0052299999999999994 0.001268 0.0013309999999999999 0.001219 1.6983049680170808 1.6983049680170808 1.6983049680170808 0.00099000472786798925 0.00099000472786798925 0.00099000472786798925 1 1 1 Converged Converged Converged OK OK OK 109 109 109 109 109 109 11 11 11 0 0 0 0 1 0 0 1
66 66 linear 0 23 660 3 0.001 2.7793726046465639 0.0012658251847306198 0.056042869513476791 -2.4317138073175442 -0.011357927870144604 -2.4205052334148487 0.5 2.4240189854597292 1.7099721629414697 OK 16 15 0.77163999999999999 0.64101200000000003 0.32433800000000002 0.43392799999999998 0.29613299999999998 0 0.33771200000000001 0.34487900000000005 0.32433800000000002 0.012656000000000001 0.012636 0.011856999999999999 0.29630899999999999 0.30391100000000004 0.28580899999999992 0.0057270000000000003 0.0055929999999999999 0.0048989999999999997 0.001379 0.0013450000000000001 0.0013010000000000001 1.7099762908353087 1.7099762908353087 1.7099762908353087 0.00077610196481745994 0.00077610196481745994 0.00077610196481745994 1 1 1 Converged Converged Converged OK OK OK 109 109 109 109 109 109 11 11 11 0 0 0 0 1 0 0 1
66 66 linear 0 0 660 0 0.0001 2.7793726046465639 0.0012658251847306198 0.056042869513476791 -2.4317138073175442 -0.011357927870144604 -2.4429223812202396 0.5 2.4464361332651201 1.6438550679983037 OK 15 14 0.666547 0.65659299999999998 0.362126 0.29299199999999997 0.29015400000000002 0 0.37355500000000003 0.36643899999999996 0.362126 0.011779 0.011566 0.011109000000000001 0.31186799999999992 0.30717800000000001 0.30446999999999991 0.0083099999999999997 0.0075120000000000013 0.0067279999999999996 0.0017209999999999999 0.0018010000000000001 0.00174 1.6438555734734313 1.6438555734734313 1.6438555734734313 0.00010364731432554607 0.00010364731432554607 0.00010364731432554607 1 1 1 Converged Converged Converged OK OK OK 134 134 134 134 134 134 10 10 10 0 0 0 0 0 1 0 0
66 66 linear 0 7 660 1 0.0001 2.7793726046465639 0.0012658251847306198 0.056042869513476791 -2.4317138073175442 -0.011357927870144604 -2.4360997710185988 0.5 2.4396135230634792 1.6748812962717601 OK 15 14 0.67563600000000001 0.537277 0.35952899999999999 0.306033 0.15925300000000001 0 0.36960300000000001 0.37802400000000003 0.35952899999999999 0.010784999999999999 0.010038999999999999 0.0093310000000000008 0.32941099999999995 0.33673700000000001 0.31988999999999995 0.0059909999999999989 0.0071289999999999999 0.0066689999999999996 0.0016159999999999998 0.0017859999999999998 0.0016929999999999998 1.6748853668622377 1.6748853668622377 1.6748853668622377 9.328669431859375e-05 9.328669431859375e-05 9.328669431859375e-05 1 1 1 Converged Converged Converged OK OK OK 134 134 134 134 134 134 10 10 10 0 0 0 0 1 0 0 1
66 66 linear 0 15 660 2 0.0001 2.7793726046465639 0.0012658251847306198 0.056042869513476791 -2.4317138073175442 -0.011357927870144604 -2.4283025022167237 0.5 2.4318162542616042 1.6983030657431522 OK 16 15 0.72363299999999997 0.60132200000000002 0.41264099999999998 0.29494799999999999 0.16537099999999999 0 0.42868499999999998 0.43595100000000003 0.41264099999999998 0.013147000000000001 0.013348 0.012298 0.37609300000000029 0.38429200000000002 0.36334700000000003 0.0086230000000000005 0.0081530000000000005 0.0076329999999999992 0.001923 0.0019260000000000002 0.0017500000000000003 1.698305006914806 1.698305006914806 1.698305006914806 0.00014850491236381884 0.00014850491236381884 0.00014850491236381884 1 1 1 Converged Converged Converged OK OK OK 141 141 141 141 141 141 11 11 11 0 0 0 0 1 0 0 1
66 66 linear 0 23 660 3 0.0001 2.7793726046465639 0.0012658251847306198 0.056042869513476791 -2.4317138073175442 -0.011357927870144604 -2.4205052334148487 0.5 2.4240189854597292 1.7099721629414697 OK 16 15 0.82970999999999995 0.70200899999999999 0.37946299999999999 0.437033 0.297319 0 0.39267699999999994 0.40468999999999999 0.37946299999999999 0.01285 0.012543 0.011705 0.34657800000000005 0.35613799999999995 0.33723699999999984 0.0070399999999999994 0.0098780000000000014 0.0061810000000000007 0.0016740000000000001 0.0019550000000000001 0.0016179999999999999 1.7099764129526172 1.7099764129526172 1.7099764129526172 9.1334698146559772e-05 9.1334698146559772e-05 9.1334698146559772e-05 1 1 1 Converged Converged Converged OK OK OK 125 125 125 125 125 125 11 11 11 0 0 0 0 1 0 0 1
66 66 linear 1 0 661 0 0.001 2.7793726046465639 0.0012658251847306198 0.056042869513476791 -2.4036215321326893 -0.044684122185549728 -2.4148301060353847 0.5 2.4183438580802652 1.4801555417696115 OK 14 13 0.53873000000000004 0.53347 0.25209900000000002 0.28961599999999998 0.283003 0 0.24911400000000006 0.250467 0.25209900000000002 0.010404999999999999 0.010957 0.010834 0.21044900000000002 0.20996999999999996 0.21249100000000004 0.0039679999999999993 0.0044340000000000004 0.0043510000000000007 0.00085999999999999998 0.0010679999999999999 0.00093000000000000005 1.4801487338127572 1.4801487338127572 1.4801487338127572 0.0014570980027470994 0.0014570980027470994 0.0014570980027470994 1 1 1 Converged Converged Converged OK OK OK 95 95 95 95 95 95 9 9 9 0 0 0 0 0 1 0 0
66 66 linear 1 7 661 1 0.001 2.7793726046465639 0.0012658251847306198 0.056042869513476791 -2.4036215321326893 -0.044684122185549728 -2.4080074958337438 0.5 2.4115212478786243 1.4712725789990013 OK 14 13 0.52491900000000002 0.40506599999999998 0.22571099999999999 0.29053200000000001 0.15546499999999999 0 0.23438700000000001 0.24960099999999999 0.22571099999999999 0.0093779999999999992 0.0095919999999999998 0.0090740000000000005 0.20352500000000001 0.21891100000000005 0.19665899999999989 0.0042169999999999994 0.0043360000000000004 0.004032 0.00087299999999999986 0.00089600000000000009 0.000825 1.4712749432036976 1.4712749432036976 1.4712749432036976 0.0009048300645190428 0.0009048300645190428 0.0009048300645190428 1 1 1 Converged Converged Converged OK OK OK 95 95 95 95 95 95 9 9 9 0 0 0 0 1 0 0 1
66 66 linear 1 15 661 2 0.001 2.7793726046465639 0.0012658251847306198 0.056042869513476791 -2.4036215321326893 -0.044684122185549728 -2.4002102270318688 0.5 2.4037239790767493 1.4451214867486331 OK 14 13 0.51421399999999995 0.39865899999999999 0.22554099999999999 0.28048800000000002 0.14968500000000001 0 0.23372599999999993 0.24897399999999997 0.22554099999999999 0.0092829999999999996 0.0092720000000000007 0.0086660000000000001 0.20247299999999993 0.21739900000000001 0.19713500000000009 0.0045960000000000003 0.004947 0.0038219999999999999 0.00083199999999999995 0.00088099999999999995 0.00079200000000000006 1.445118004827965 1.445118004827965 1.445118004827965 0.00099939485189549319 0.00099939485189549319 0.00099939485189549319 1 1 1 Converged Converged Converged OK OK OK 95 95 95 95 95 95 9 9 9 0 0 0 0 1 0 0 1
66 66 linear 1 23 661 3 0.001 2.7793726046465639 0.0012658251847306198 0.056042869513476791 -2.4036215321326893 -0.044684122185549728 -2.3924129582299938 0.5 2.3959267102748742 1.3972090242127231 OK 15 14 0.56246300000000005 0.44561299999999998 0.25351299999999999 0.29811100000000001 0.16636400000000001 0 0.26435200000000003 0.27924899999999997 0.25351299999999999 0.0087019999999999997 0.0089119999999999998 0.0082839999999999997 0.2305910000000001 0.24601499999999996 0.22247800000000009 0.004974000000000001 0.0046379999999999998 0.004398 0.0010889999999999999 0.0010119999999999999 0.00085599999999999999 1.3971961054791988 1.3971961054791988 1.3971961054791988 0.0012989616044951275 0.0012989616044951275 0.0012989616044951275 1 1 1 Converged Converged Converged OK OK OK 102 102 102 102 102 102 10 10 10 0 0 0 0 1 0 0 1
66 66 linear 1 0 661 0 0.0001 2.7793726046465639 0.0012658251847306198 0.056042869513476791 -2.4036215321326893 -0.044684122185549728 -2.4148301060353847 0.5 2.4183438580802652 1.4801555417696115 OK 14 13 0.667462 0.64177399999999996 0.357433 0.29526000000000002 0.28689300000000001 0 0.37220199999999998 0.35488099999999995 0.357433 0.012279 0.010701 0.01078 0.31308900000000001 0.30041499999999988 0.30321000000000004 0.0074759999999999991 0.0064189999999999994 0.0063990000000000002 0.001702 0.001645 0.0016370000000000002 1.4801604849750147 1.4801604849750147 1.4801604849750147 9.4523707016769813e-05 9.4523707016769813e-05 9.4523707016769813e-05 1 1 1 Converged Converged Converged OK OK OK 127 127 127 127 127 127 9 9 9 0 0 0 0 0 1 0 0
66 66 linear 1 7 661 1 0.0001 2.7793726046465639 0.0012658251847306198 0.056042869513476791 -2.4036215321326893 -0.044684122185549728 -2.4080074958337438 0.5 2.4115212478786243 1.4712725789990013 OK 14 13 0.66455900000000001 0.54676400000000003 0.36169200000000001 0.29005300000000001 0.15737499999999999 0 0.37450600000000001 0.38938900000000004 0.36169200000000001 0.0095580000000000005 0.0093460000000000001 0.0090679999999999997 0.32617999999999986 0.34277500000000011 0.31652699999999995 0.0096590000000000009 0.009044 0.0087520000000000011 0.0016850000000000001 0.0016239999999999998 0.0015649999999999998 1.471274756635361 1.471274756635361 1.471274756635361 5.5527796770740137e-05 5.5527796770740137e-05 5.5527796770740137e-05 1 1 1 Converged Converged Converged OK OK OK 151 151 151 151 151 151 9 9 9 0 0 0 0 1 0 0 1
66 66 linear 1 15 661 2 0.0001 2.7793726046465639 0.0012658251847306198 0.056042869513476791 -2.4036215321326893 -0.044684122185549728 -2.4002102270318688 0.5 2.4037239790767493 1.4451214867486331 OK 14 13 0.59512200000000004 0.46988200000000002 0.30318899999999999 0.27842 0.14353099999999999 0 0.31670200000000004 0.32635100000000006 0.30318899999999999 0.0095119999999999996 0.012562 0.0087399999999999995 0.2792389999999999 0.28656600000000015 0.26823799999999998 0.0061749999999999999 0.0056270000000000001 0.005306 0.001415 0.0014500000000000001 0.0013889999999999998 1.4451183525019342 1.4451183525019342 1.4451183525019342 8.7488968359934204e-05 8.7488968359934204e-05 8.7488968359934204e-05 1 1 1 Converged Converged Converged OK OK OK 119 119 119 119 119 119 9 9 9 0 0 0 0 1 0 0 1
66 66 linear 1 23 661 3 0.0001 2.7793726046465639 0.0012658251847306198 0.056042869513476791 -2.4036215321326893 -0.044684122185549728 -2.3924129582299938 0.5 2.3959267102748742 1.3972090242127231 OK 15 14 0.65670200000000001 0.54690700000000003 0.346696 0.30198599999999998 0.16805500000000001 0 0.35471600000000003 0.37885200000000002 0.346696 0.0089160000000000003 0.0088419999999999992 0.0083700000000000007 0.31204200000000004 0.33515200000000001 0.30285099999999993 0.0087420000000000015 0.0097049999999999984 0.011819 0.001356 0.0013829999999999999 0.0012300000000000002 1.397205749655424 1.397205749655424 1.397205749655424 0.00013600665536549035 0.00013600665536549035 0.00013600665536549035 1 1 1 Converged Converged Converged OK OK OK 142 142 142 142 142 142 10 10 10 0 0 0 0 1 0 0 1
66 66 linear 2 0 662 0 0.001 2.7793726046465639 0.0012658251847306198 0.056042869513476791 0.00066449227819361835 0.06644361214284969 -0.010544081624501741 0.5 0.014057833669382392 16.359731945901554 OK 13 12 0.64200999999999997 0.63145700000000005 0.108568 0.52754199999999996 0.52306299999999994 0 0.11446800000000001 0.1083940000000001 0.108568 0.0095200000000000007 0.0095720000000000006 0.0096200000000000001 0.085130999999999971 0.079388999999999987 0.079113000000000017 0.0028110000000000001 0.002794 0.0030210000000000002 0.00070500000000000001 0.00070299999999999996 0.00076499999999999995 16.359714653687828 16.359714653687828 16.359714653687828 0.014477346046871249 0.014477346046871249 0.014477346046871249 1 1 1 Converged Converged Converged OK OK OK 59 59 59 59 59 59 5 5 5 0 0 0 0 0 1 0 0
66 66 linear 2 7 662 1 0.001 2.7793726046465639 0.0012658251847306198 0.056042869513476791 0.00066449227819361835 0.06644361214284969 -0.0037214714228610869 0.5 0.0072352234677417393 16.694555184469287 OK 13 12 0.65008299999999997 0.51446499999999995 0.10605299999999999 0.53834499999999996 0.38068999999999997 0 0.111738 0.13377499999999998 0.10605299999999999 0.0089259999999999999 0.0088400000000000006 0.0080660000000000003 0.086286000000000015 0.10923699999999999 0.082921999999999982 0.0030579999999999995 0.0027290000000000001 0.0026489999999999999 0.00079299999999999998 0.00071100000000000004 0.00074699999999999994 16.694528806164925 16.694528806164925 16.694528806164925 0.0086651630337394158 0.0086651630337394158 0.0086651630337394158 1 1 1 Converged Converged Converged OK OK OK 59 59 59 59 59 59 5 5 5 0 0 0 0 1 0 0 1
66 66 linear 2 15 662 2 0.001 2.7793726046465639 0.0012658251847306198 0.056042869513476791 0.00066449227819361835 0.06644361214284969 0.0040757973790139452 0.5 -0.00056204533413329281 16.812750979457039 OK 12 11 0.62274499999999999 0.49358099999999999 0.097691 0.52063300000000001 0.36383599999999999 0 0.10211199999999998 0.129745 0.097691 0.0091070000000000005 0.0091170000000000001 0.0085839999999999996 0.079903000000000002 0.10694200000000001 0.076772000000000007 0.0021650000000000003 0.0026920000000000004 0.0021069999999999999 0.00055800000000000001 0.00059099999999999995 0.000553 16.812725676581323 16.812725676581323 16.812725676581323 0.0066039827143473968 0.0066039827143473968 0.0066039827143473968 1 1 1 Converged Converged Converged OK OK OK 51 51 51 51 51 51 5 5 5 0 0 0 0 1 0 0 1
66 66 linear 2 23 662 3 0.001 2.7793726046465639 0.0012658251847306198 0.056042869513476791 0.00066449227819361835 0.06644361214284969 0.011873066180888977 0.5 -0.0083593141360083258 16.631285580220155 OK 11 10 0.70690900000000001 0.58244899999999999 0.114713 0.58292200000000005 0.43603399999999998 0 0.12398699999999996 0.14641500000000002 0.114713 0.0086999999999999994 0.0087779999999999993 0.0082489999999999994 0.091636999999999968 0.11791000000000001 0.088002999999999984 0.0029740000000000001 0.0037040000000000003 0.0031080000000000001 0.00079900000000000001 0.00092899999999999992 0.00083400000000000011 16.631265892158765 16.631265892158765 16.631265892158765 0.00029035931214169478 0.00029035931214169478 0.00029035931214169478 1 1 1 Converged Converged Converged OK OK OK 67 67 67 67 67 67 5 5 5 0 0 0 0 1 0 0 1
66 66 linear 2 0 662 0 0.0001 2.7793726046465639 0.0012658251847306198 0.056042869513476791 0.00066449227819361835 0.06644361214284969 -0.010544081624501741 0.5 0.014057833669382392 16.359731945901554 OK 13 12 0.649725 0.65137699999999998 0.120953 0.521617 0.52866199999999997 0 0.128108 0.12271500000000002 0.120953 0.0097610000000000006 0.0098029999999999992 0.0094699999999999993 0.09268499999999999 0.090512999999999982 0.089147000000000004 0.0032320000000000001 0.003117 0.0034359999999999998 0.00088499999999999994 0.00090199999999999992 0.00090499999999999999 16.359713341460075 16.359713341460075 16.359713341460075 0.00047167900451867837 0.00047167900451867837 0.00047167900451867837 1 1 1 Converged Converged Converged OK OK OK 67 67 67 67 67 67 5 5 5 0 0 0 0 0 1 0 0
66 66 linear 2 7 662 1 0.0001 2.7793726046465639 0.0012658251847306198 0.056042869513476791 0.00066449227819361835 0.06644361214284969 -0.0037214714228610869 0.5 0.0072352234677417393 16.694555184469287 OK 13 12 0.65782499999999999 0.53635699999999997 0.11847000000000001 0.53775600000000001 0.381025 0 0.12006899999999998 0.15533199999999997 0.11847000000000001 0.0086929999999999993 0.0089180000000000006 0.0081569999999999993 0.093178000000000066 0.12801799999999999 0.092253000000000029 0.003088 0.0032910000000000001 0.0034060000000000002 0.00086100000000000011 0.00089100000000000008 0.000861 16.694535022369472 16.694535022369472 16.694535022369472 0.00044748226503985207 0.00044748226503985207 0.00044748226503985207 1 1 1 Converged Converged Converged OK OK OK 67 67 67 67 67 67 5 5 5 0 0 0 0 1 0 0 1
66 66 linear 2 15 662 2 0.0001 2.7793726046465639 0.0012658251847306198 0.056042869513476791 0.00066449227819361835 0.06644361214284969 0.0040757973790139452 0.5 -0.00056204533413329281 16.812750979457039 OK 12 11 0.62972899999999998 0.51859 0.106789 0.51772200000000002 0.369311 0 0.11200699999999997 0.149279 0.106789 0.0092110000000000004 0.009417 0.0087829999999999991 0.086867000000000014 0.12376599999999999 0.083058999999999952 0.0028670000000000002 0.0030270000000000002 0.0026589999999999999 0.00076199999999999998 0.00077000000000000007 0.00072300000000000001 16.812730090076926 16.812730090076926 16.812730090076926 0.00081872172768396659 0.00081872172768396659 0.00081872172768396659 1 1 1 Converged Converged Converged OK OK OK 59 59 59 59 59 59 5 5 5 0 0 0 0 1 0 0 1
66 66 linear 2 23 662 3 0.0001 2.7793726046465639 0.0012658251847306198 0.056042869513476791 0.00066449227819361835 0.06644361214284969 0.011873066180888977 0.5 -0.0083593141360083258 16.631285580220155 OK 11 10 0.71060999999999996 0.58001999999999998 0.113495 0.590893 0.434504 0 0.11971699999999996 0.14551599999999998 0.113495 0.0089490000000000004 0.0091669999999999998 0.0079419999999999994 0.092441999999999941 0.11766800000000002 0.088174000000000002 0.0032550000000000001 0.0035049999999999999 0.0029940000000000001 0.00095799999999999998 0.00091600000000000015 0.00083900000000000012 16.631265892158765 16.631265892158765 16.631265892158765 0.00029035931214169478 0.00029035931214169478 0.00029035931214169478 1 1 1 Converged Converged Converged OK OK OK 67 67 67 67 67 67 5 5 5 0 0 0 0 1 0 0 1
66 66 linear 3 0 663 0 0.001 2.7793726046465639 0.0012658251847306198 0.056042869513476791 0.056042893040912693 0.045188948407567972 0.044834319138217338 0.5 -0.041320567093336688 18.704462618241639 OK 15 14 0.84043199999999996 0.82952700000000001 0.295483 0.53638200000000003 0.53320999999999996 0 0.30404999999999993 0.29631700000000005 0.295483 0.016167999999999998 0.016206000000000002 0.015741000000000002 0.23784600000000003 0.22967300000000002 0.22874999999999998 0.0061230000000000017 0.0060540000000000021 0.0065059999999999996 0.0015099999999999998 0.0015610000000000001 0.0015730000000000002 18.704442877954325 18.704442877954325 18.704442877954325 0.013151296131983087 0.013151296131983087 0.013151296131983087 1 1 1 Converged Converged Converged OK OK OK 125 125 125 125 125 125 11 11 11 0 0 0 0 0 1 0 0
66 66 linear 3 7 663 1 0.001 2.7793726046465639 0.0012658251847306198 0.056042869513476791 0.056042893040912693 0.045188948407567972 0.051656929339857986 0.5 -0.048143177294977337 16.85407256932341 OK 15 14 0.82303599999999999 0.69880200000000003 0.26824300000000001 0.54533299999999996 0.38749299999999998 0 0.27770300000000003 0.31130900000000006 0.26824300000000001 0.015117999999999999 0.015468000000000001 0.01447 0.22850000000000004 0.26027400000000006 0.22009999999999996 0.0058420000000000008 0.0068520000000000005 0.0060020000000000004 0.0014860000000000001 0.001536 0.0015740000000000001 16.854068442515395 16.854068442515395 16.854068442515395 0.01389837608113214 0.01389837608113214 0.01389837608113214 1 1 1 Converged Converged Converged OK OK OK 125 125 125 125 125 125 11 11 11 0 0 0 0 1 0 0 1
66 66 linear 3 15 663 2 0.001 2.7793726046465639 0.0012658251847306198 0.056042869513476791 0.056042893040912693 0.045188948407567972 0.059454198141733021 0.5 -0.055940446096852371 15.12742699455924 OK 15 14 0.64758300000000002 0.50977600000000001 0.22389200000000001 0.41793599999999997 0.26094000000000001 0 0.22964700000000005 0.248836 0.22389200000000001 0.01477 0.014971999999999999 0.013938000000000001 0.18848599999999988 0.20699999999999996 0.18377599999999994 0.0044209999999999996 0.0048510000000000003 0.0045539999999999999 0.0010689999999999999 0.0011540000000000001 0.0011529999999999999 15.127420279163607 15.127420279163607 15.127420279163607 0.014093371315342306 0.014093371315342306 0.014093371315342306 1 1 1 Converged Converged Converged OK OK OK 102 102 102 102 102 102 10 10 10 0 0 0 0 1 0 0 1
66 66 linear 3 23 663 3 0.001 2.7793726046465639 0.0012658251847306198 0.056042869513476791 0.056042893040912693 0.045188948407567972 0.067251466943608049 0.5 -0.063737714898727399 13.699554703483798 OK 15 14 0.76809700000000003 0.64125200000000004 0.247201 0.51782700000000004 0.36157899999999998 0 0.25026999999999999 0.27967300000000006 0.247201 0.014857 0.015082 0.013965 0.20529000000000003 0.23375599999999999 0.20376199999999994 0.0056059999999999999 0.0062310000000000004 0.0055259999999999997 0.00123 0.0013600000000000001 0.001271 13.699514275488983 13.699514275488983 13.699514275488983 0.0097888965976391223 0.0097888965976391223 0.0097888965976391223 1 1 1 Converged Converged Converged OK OK OK 118 118 118 118 118 118 10 10 10 0 0 0 0 1 0 0 1
66 66 linear 3 0 663 0 0.0001 2.7793726046465639 0.0012658251847306198 0.056042869513476791 0.056042893040912693 0.045188948407567972 0.044834319138217338 0.5 -0.041320567093336688 18.704462618241639 OK 15 14 0.89500299999999999 0.88302599999999998 0.34839599999999998 0.54027199999999997 0.53341400000000005 0 0.35473100000000002 0.34961199999999992 0.34839599999999998 0.016274 0.015918999999999999 0.015730999999999998 0.26950299999999999 0.26520799999999989 0.26376799999999989 0.0089039999999999987 0.0085299999999999994 0.0093380000000000008 0.002013 0.0019940000000000001 0.0020010000000000002 18.704428646179505 18.704428646179505 18.704428646179505 0.0010702210408513487 0.0010702210408513487 0.0010702210408513487 1 1 1 Converged Converged Converged OK OK OK 165 165 165 165 165 165 11 11 11 0 0 0 0 0 1 0 0
66 66 linear 3 7 663 1 0.0001 2.7793726046465639 0.0012658251847306198 0.056042869513476791 0.056042893040912693 0.045188948407567972 0.051656929339857986 0.5 -0.048143177294977337 16.85407256932341 OK 15 14 0.874718 0.755301 0.32057400000000003 0.54764500000000005 0.39118999999999998 0 0.32707299999999995 0.36411100000000002 0.32057400000000003 0.015289000000000001 0.015311 0.014433 0.26663399999999993 0.30344999999999978 0.26106100000000004 0.0080279999999999987 0.0085950000000000019 0.0086560000000000005 0.0018889999999999996 0.002039 0.0018809999999999999 16.854051978647156 16.854051978647156 16.854051978647156 0.00075555778142039553 0.00075555778142039553 0.00075555778142039553 1 1 1 Converged Converged Converged OK OK OK 165 165 165 165 165 165 11 11 11 0 0 0 0 1 0 0 1
66 66 linear 3 15 663 2 0.0001 2.7793726046465639 0.0012658251847306198 0.056042869513476791 0.056042893040912693 0.045188948407567972 0.059454198141733021 0.5 -0.055940446096852371 15.12742699455924 OK 15 14 0.72528999999999999 0.60399999999999998 0.29830200000000001 0.42007699999999998 0.26105400000000001 0 0.30521300000000001 0.34294599999999997 0.29830200000000001 0.014991000000000001 0.015172 0.013952000000000001 0.25021800000000011 0.28711599999999993 0.24470500000000001 0.007156 0.0073790000000000001 0.007339 0.0017100000000000001 0.0017000000000000001 0.001781 15.127413937973271 15.127413937973271 15.127413937973271 0.0010758602132154207 0.0010758602132154207 0.0010758602132154207 1 1 1 Converged Converged Converged OK OK OK 150 150 150 150 150 150 10 10 10 0 0 0 0 1 0 0 1
66 66 linear 3 23 663 3 0.0001 2.7793726046465639 0.0012658251847306198 0.056042869513476791 0.056042893040912693 0.045188948407567972 0.067251466943608049 0.5 -0.063737714898727399 13.699554703483798 OK 15 14 0.83468399999999998 0.71969300000000003 0.30578300000000003 0.52103600000000005 0.36306899999999998 0 0.31364799999999993 0.35662400000000005 0.30578300000000003 0.014877 0.014961 0.013958999999999999 0.25833099999999992 0.29995500000000003 0.25197500000000012 0.0074820000000000017 0.0080610000000000005 0.0076059999999999999 0.0018149999999999998 0.0018500000000000001 0.0018339999999999999 13.699547637192682 13.699547637192682 13.699547637192682 0.0011063038294289182 0.0011063038294289182 0.0011063038294289182 1 1 1 Converged Converged Converged OK OK OK 150 150 150 150 150 150 10 10 10 0 0 0 0 1 0 0 1
66 66 linear 4 0 664 0 0.001 2.7793726046465639 0.0012658251847306198 0.056042869513476791 -2.4001607365798341 0.10399400221512302 -2.4113693104825296 0.5 2.41488306252741 1.0371928619308457 OK 12 11 0.351354 0.34748499999999999 0.089342000000000005 0.26085799999999998 0.25827099999999997 0 0.090496000000000021 0.089214000000000016 0.089342000000000005 0.0086680000000000004 0.0088310000000000003 0.0087829999999999991 0.060040000000000031 0.058791000000000017 0.058881000000000003 0.0031739999999999997 0.0031800000000000001 0.0033249999999999998 0.00065200000000000002 0.00067000000000000002 0.00067600000000000006 1.0371921961857868 1.0371921961857868 1.0371921961857868 4.5779807490414957e-05 4.5779807490414957e-05 4.5779807490414957e-05 1 1 1 Converged Converged Converged OK OK OK 61 61 61 61 61 61 3 3 3 0 0 0 0 0 1 0 0
66 66 linear 4 7 664 1 0.001 2.7793726046465639 0.0012658251847306198 0.056042869513476791 -2.4001607365798341 0.10399400221512302 -2.4045467002808887 0.5 2.4080604523257692 1.0372181166173162 OK 12 11 0.33890399999999998 0.239209 0.082879999999999995 0.25306000000000001 0.13039899999999999 0 0.085843999999999976 0.10881000000000002 0.082879999999999995 0.0079950000000000004 0.0082019999999999992 0.0076369999999999997 0.058493999999999997 0.080998000000000001 0.056534999999999995 0.0033579999999999999 0.0035530000000000002 0.0032810000000000001 0.00064399999999999993 0.00073099999999999999 0.00063600000000000006 1.0372174642743981 1.0372174642743981 1.0372174642743981 4.5759498522272407e-05 4.5759498522272407e-05 4.5759498522272407e-05 1 1 1 Converged Converged Converged OK OK OK 61 61 61 61 61 61 3 3 3 0 0 0 0 1 0 0 1
66 66 linear 4 15 664 2 0.001 2.7793726046465639 0.0012658251847306198 0.056042869513476791 -2.4001607365798341 0.10399400221512302 -2.3967494314790136 0.5 2.4002631835238941 1.0372235796371996 OK 12 11 0.34829300000000002 0.23591699999999999 0.084266999999999995 0.26064700000000002 0.13009999999999999 0 0.087646000000000002 0.10581699999999999 0.084266999999999995 0.0081150000000000007 0.0081180000000000002 0.0076899999999999998 0.060400999999999996 0.078575000000000006 0.058141999999999992 0.0032269999999999998 0.003333 0.00315 0.00066399999999999999 0.00064599999999999998 0.00063500000000000004 1.0372229223078147 1.0372229223078147 1.0372229223078147 4.5490585741460665e-05 4.5490585741460665e-05 4.5490585741460665e-05 1 1 1 Converged Converged Converged OK OK OK 61 61 61 61 61 61 3 3 3 0 0 0 0 1 0 0 1
66 66 linear 4 23 664 3 0.001 2.7793726046465639 0.0012658251847306198 0.056042869513476791 -2.4001607365798341 0.10399400221512302 -2.3889521626771386 0.5 2.3924659147220191 1.0372420107613707 OK 12 11 0.34234199999999998 0.233879 0.083352999999999997 0.25570900000000002 0.131936 0 0.08663299999999996 0.10194300000000001 0.083352999999999997 0.0080940000000000005 0.0081300000000000001 0.0076049999999999998 0.059849999999999987 0.074809 0.057624000000000009 0.0030729999999999998 0.0033249999999999998 0.0030850000000000001 0.00065099999999999999 0.0006510000000000001 0.00065099999999999989 1.0372413557281357 1.0372413557281357 1.0372413557281357 4.4992777207127742e-05 4.4992777207127742e-05 4.4992777207127742e-05 1 1 1 Converged Converged Converged OK OK OK 61 61 61 61 61 61 3 3 3 0 0 0 0 1 0 0 1
66 66 linear 4 0 664 0 0.0001 2.7793726046465639 0.0012658251847306198 0.056042869513476791 -2.4001607365798341 0.10399400221512302 -2.4113693104825296 0.5 2.41488306252741 1.0371928619308457 OK 12 11 0.349638 0.35415799999999997 0.088466000000000003 0.25891599999999998 0.26352700000000001 0 0.090722000000000025 0.090630999999999962 0.088466000000000003 0.0086110000000000006 0.0088800000000000007 0.0086110000000000006 0.060433999999999988 0.059477000000000009 0.058279999999999998 0.003199 0.0033930000000000002 0.0031719999999999999 0.00067100000000000005 0.00068300000000000001 0.00063999999999999994 1.0371921961857868 1.0371921961857868 1.0371921961857868 4.5779807490414957e-05 4.5779807490414957e-05 4.5779807490414957e-05 1 1 1 Converged Converged Converged OK OK OK 61 61 61 61 61 61 3 3 3 0 0 0 0 0 1 0 0
66 66 linear 4 7 664 1 0.0001 2.7793726046465639 0.0012658251847306198 0.056042869513476791 -2.4001607365798341 0.10399400221512302 -2.4045467002808887 0.5 2.4080604523257692 1.0372181166173162 OK 12 11 0.33761600000000003 0.236319 0.082742999999999997 0.25183100000000003 0.13231899999999999 0 0.085785 0.10400000000000001 0.082742999999999997 0.0080979999999999993 0.0081469999999999997 0.0075820000000000002 0.058579000000000006 0.076747999999999997 0.056504999999999972 0.0032980000000000002 0.0034460000000000003 0.0032599999999999999 0.00067000000000000002 0.00066699999999999995 0.00063200000000000007 1.0372174642743981 1.0372174642743981 1.0372174642743981 4.5759498522272407e-05 4.5759498522272407e-05 4.5759498522272407e-05 1 1 1 Converged Converged Converged OK OK OK 61 61 61 61 61 61 3 3 3 0 0 0 0 1 0 0 1
66 66 linear 4 15 664 2 0.0001 2.7793726046465639 0.0012658251847306198 0.056042869513476791 -2.4001607365798341 0.10399400221512302 -2.3967494314790136 0.5 2.4002631835238941 1.0372235796371996 OK 12 11 0.34816599999999998 0.235983 0.084346000000000004 0.26053700000000002 0.13000999999999999 0 0.087628999999999957 0.10597300000000001 0.084346000000000004 0.008038 0.0082070000000000008 0.0076660000000000001 0.060483999999999996 0.078609999999999985 0.058207000000000009 0.0032670000000000004 0.0034530000000000003 0.0031749999999999999 0.00070199999999999993 0.00065500000000000009 0.00063400000000000001 1.0372229223078147 1.0372229223078147 1.0372229223078147 4.5490585741460665e-05 4.5490585741460665e-05 4.5490585741460665e-05 1 1 1 Converged Converged Converged OK OK OK 61 61 61 61 61 61 3 3 3 0 0 0 0 1 0 0 1
66 66 linear 4 23 664 3 0.0001 2.7793726046465639 0.0012658251847306198 0.056042869513476791 -2.4001607365798341 0.10399400221512302 -2.3889521626771386 0.5 2.3924659147220191 1.0372420107613707 OK 12 11 0.34458699999999998 0.23260700000000001 0.083376000000000006 0.25678899999999999 0.13070399999999999 0 0.087797999999999987 0.10190300000000002 0.083376000000000006 0.0082570000000000005 0.0081519999999999995 0.007613 0.059953999999999986 0.074813000000000018 0.057605999999999997 0.0034730000000000004 0.0033379999999999998 0.0030949999999999997 0.00067100000000000005 0.00064800000000000003 0.00063400000000000001 1.0372413557281357 1.0372413557281357 1.0372413557281357 4.4992777207127742e-05 4.4992777207127742e-05 4.4992777207127742e-05 1 1 1 Converged Converged Converged OK OK OK 61 61 61 61 61 61 3 3 3 0 0 0 0 1 0 0 1
66 66 uniform 0 0 665 0 0.001 2.7793726046465639 0.0012658251847306198 0.056042869513476791 -2.4317138073175442 -0.011357927870144604 -2.4429223812202396 0 2.4464361332651201 1.6037550277914219 OK 15 14 0.45894800000000002 0.45669500000000002 0.17094799999999999 0.28883900000000001 0.286298 0 0.17010900000000001 0.17039700000000002 0.17094799999999999 0.01064 0.010784999999999999 0.010468 0.12248300000000005 0.12273700000000005 0.12291200000000002 0.0044499999999999991 0.0044079999999999996 0.0048239999999999993 0.001245 0.001188 0.001433 1.6037546721953078 1.6037546721953078 1.6037546721953078 0.0009032134321239107 0.0009032134321239107 0.0009032134321239107 1 1 1 Converged Converged Converged OK OK OK 118 118 118 118 118 118 10 10 10 0 0 0 0 0 1 0 0
66 66 uniform 0 7 665 1 0.001 2.7793726046465639 0.0012658251847306198 0.056042869513476791 -2.4317138073175442 -0.011357927870144604 -2.4360997710185988 0 2.4396135230634792 1.6218711730059985 OK 15 14 0.45456400000000002 0.33697300000000002 0.160326 0.29155500000000001 0.157939 0 0.16300900000000001 0.17903400000000003 0.160326 0.0097249999999999993 0.0098130000000000005 0.0089630000000000005 0.12766899999999995 0.14369700000000005 0.12667600000000001 0.0050720000000000001 0.0050980000000000001 0.0047419999999999997 0.0012470000000000001 0.001227 0.0012819999999999997 1.621870673207799 1.621870673207799 1.621870673207799 0.0013381796856846524 0.0013381796856846524 0.0013381796856846524 1 1 1 Converged Converged Converged OK OK OK 118 118 118 118 118 118 10 10 10 0 0 0 0 1 0 0 1
66 66 uniform 0 15 665 2 0.001 2.7793726046465639 0.0012658251847306198 0.056042869513476791 -2.4317138073175442 -0.011357927870144604 -2.4283025022167237 0 2.4318162542616042 1.634980445950597 OK 16 15 0.46013599999999999 0.34382800000000002 0.16465199999999999 0.290744 0.15876699999999999 0 0.16939199999999999 0.18506100000000003 0.16465199999999999 0.017256000000000001 0.012860999999999999 0.011949 0.12601300000000001 0.14208800000000008 0.12836800000000001 0.0047289999999999997 0.0048640000000000003 0.0041600000000000005 0.0011559999999999999 0.00124 0.0010809999999999999 1.6349798983526636 1.6349798983526636 1.6349798983526636 0.0011146245864730488 0.0011146245864730488 0.0011146245864730488 1 1 1 Converged Converged Converged OK OK OK 109 109 109 109 109 109 11 11 11 0 0 0 0 1 0 0 1
66 66 uniform 0 23 665 3 0.001 2.7793726046465639 0.0012658251847306198 0.056042869513476791 -2.4317138073175442 -0.011357927870144604 -2.4205052334148487 0 2.4240189854597292 1.6414047826555389 OK 16 15 0.59186399999999995 0.46906500000000001 0.158222 0.42914999999999998 0.29207300000000003 0 0.16271399999999997 0.17699199999999998 0.158222 0.012513 0.012706 0.011589 0.12324599999999999 0.13827 0.12145099999999996 0.0048540000000000007 0.0045980000000000005 0.0043460000000000009 0.001255 0.0011070000000000001 0.001049 1.6414042551766697 1.6414042551766697 1.6414042551766697 0.00086187200052752807 0.00086187200052752807 0.00086187200052752807 1 1 1 Converged Converged Converged OK OK OK 109 109 109 109 109 109 11 11 11 0 0 0 0 1 0 0 1
66 66 uniform 0 0 665 0 0.0001 2.7793726046465639 0.0012658251847306198 0.056042869513476791 -2.4317138073175442 -0.011357927870144604 -2.4429223812202396 0 2.4464361332651201 1.6037550277914219 OK 15 14 0.46314100000000002 0.466308 0.18063299999999999 0.28357399999999999 0.284252 0 0.17956700000000003 0.182056 0.18063299999999999 0.010567 0.011381 0.01077 0.12482500000000002 0.12554399999999999 0.12511999999999995 0.0053440000000000007 0.0059329999999999999 0.0057219999999999997 0.001663 0.0017129999999999999 0.0017169999999999998 1.6037546721953078 1.6037546721953078 1.6037546721953078 0.00010515082596990828 0.00010515082596990828 0.00010515082596990828 1 1 1 Converged Converged Converged OK OK OK 134 134 134 134 134 134 10 10 10 0 0 0 0 0 1 0 0
66 66 uniform 0 7 665 1 0.0001 2.7793726046465639 0.0012658251847306198 0.056042869513476791 -2.4317138073175442 -0.011357927870144604 -2.4360997710185988 0 2.4396135230634792 1.6218711730059985 OK 15 14 0.46358300000000002 0.34512199999999998 0.168874 0.29442400000000002 0.16037000000000001 0 0.169159 0.18475199999999997 0.168874 0.0097370000000000009 0.0098879999999999992 0.0087810000000000006 0.12998600000000005 0.1456680000000001 0.1326460000000001 0.0059650000000000007 0.006084 0.0052460000000000007 0.0015589999999999998 0.0014429999999999998 0.0014940000000000001 1.621870673207799 1.621870673207799 1.621870673207799 9.7953352690639093e-05 9.7953352690639093e-05 9.7953352690639093e-05 1 1 1 Converged Converged Converged OK OK OK 134 134 134 134 134 134 10 10 10 0 0 0 0 1 0 0 1
66 66 uniform 0 15 665 2 0.0001 2.7793726046465639 0.0012658251847306198 0.056042869513476791 -2.4317138073175442 -0.011357927870144604 -2.4283025022167237 0 2.4318162542616042 1.634980445950597 OK 16 15 0.508409 0.39757100000000001 0.20735200000000001 0.29552800000000001 0.164188 0 0.21288099999999999 0.23338300000000001 0.20735200000000001 0.01298 0.013050000000000001 0.012142 0.16353300000000007 0.18334600000000004 0.16091899999999992 0.006483 0.006817000000000001 0.0059420000000000002 0.0018140000000000001 0.0017280000000000002 0.0015669999999999998 1.6349802721366478 1.6349802721366478 1.6349802721366478 0.00013693478637977243 0.00013693478637977243 0.00013693478637977243 1 1 1 Converged Converged Converged OK OK OK 141 141 141 141 141 141 11 11 11 0 0 0 0 1 0 0 1
66 66 uniform 0 23 665 3 0.0001 2.7793726046465639 0.0012658251847306198 0.056042869513476791 -2.4317138073175442 -0.011357927870144604 -2.4205052334148487 0 2.4240189854597292 1.6414047826555389 OK 16 15 0.61253999999999997 0.48547600000000002 0.17530499999999999 0.42917699999999998 0.29057100000000002 0 0.183363 0.19490499999999999 0.17530499999999999 0.012560999999999999 0.012656000000000001 0.011434 0.13826899999999995 0.15229499999999999 0.134933 0.0069610000000000002 0.0053819999999999996 0.005265999999999999 0.0016619999999999998 0.0016090000000000002 0.001397 1.641404778236303 1.641404778236303 1.641404778236303 5.3805864125308557e-05 5.3805864125308557e-05 5.3805864125308557e-05 1 1 1 Converged Converged Converged OK OK OK 125 125 125 125 125 125 11 11 11 0 0 0 0 1 0 0 1
66 66 uniform 1 0 666 0 0.001 2.7793726046465639 0.0012658251847306198 0.056042869513476791 -2.4036215321326893 -0.044684122185549728 -2.4148301060353847 0 2.4183438580802652 1.4968348073367099 OK 14 13 0.426624 0.42962800000000001 0.146758 0.27765299999999998 0.28114299999999998 0 0.14897100000000002 0.14848500000000003 0.146758 0.010536999999999999 0.010411 0.010177 0.10678799999999999 0.10674399999999996 0.105568 0.004182 0.0041540000000000006 0.0043070000000000001 0.0011440000000000001 0.001111 0.0010870000000000001 1.4968346065779559 1.4968346065779559 1.4968346065779559 0.00070399132698380662 0.00070399132698380662 0.00070399132698380662 1 1 1 Converged Converged Converged OK OK OK 103 103 103 103 103 103 9 9 9 0 0 0 0 0 1 0 0
66 66 uniform 1 7 666 1 0.001 2.7793726046465639 0.0012658251847306198 0.056042869513476791 -2.4036215321326893 -0.044684122185549728 -2.4080074958337438 0 2.4115212478786243 1.4899232654911057 OK 14 13 0.40609299999999998 0.28859400000000002 0.112885 0.29194500000000001 0.156413 0 0.11414799999999997 0.13218100000000002 0.112885 0.0090130000000000002 0.0090810000000000005 0.0084189999999999994 0.085613999999999996 0.10343599999999997 0.085376000000000021 0.0032910000000000005 0.003454 0.0032389999999999997 0.00081100000000000009 0.00086499999999999999 0.00079400000000000011 1.4899237821936551 1.4899237821936551 1.4899237821936551 0.00072323078869803521 0.00072323078869803521 0.00072323078869803521 1 1 1 Converged Converged Converged OK OK OK 95 95 95 95 95 95 9 9 9 0 0 0 0 1 0 0 1
66 66 uniform 1 15 666 2 0.001 2.7793726046465639 0.0012658251847306198 0.056042869513476791 -2.4036215321326893 -0.044684122185549728 -2.4002102270318688 0 2.4037239790767493 1.4685795127663488 OK 14 13 0.39737800000000001 0.27975299999999997 0.114659 0.274088 0.140955 0 0.12329000000000001 0.13879799999999998 0.114659 0.0091330000000000005 0.009195 0.0083739999999999995 0.092905999999999975 0.10959500000000004 0.087383999999999989 0.0043410000000000002 0.0035450000000000004 0.0032940000000000001 0.000852 0.00078800000000000007 0.00077099999999999988 1.4685795419039902 1.4685795419039902 1.4685795419039902 0.00069304140115348308 0.00069304140115348308 0.00069304140115348308 1 1 1 Converged Converged Converged OK OK OK 95 95 95 95 95 95 9 9 9 0 0 0 0 1 0 0 1
66 66 uniform 1 23 666 3 0.001 2.7793726046465639 0.0012658251847306198 0.056042869513476791 -2.4036215321326893 -0.044684122185549728 -2.3924129582299938 0 2.3959267102748742 1.4254116993047685 OK 15 14 0.44683800000000001 0.33251999999999998 0.145339 0.295929 0.16276099999999999 0 0.15090900000000002 0.16975899999999999 0.145339 0.0086079999999999993 0.0086379999999999998 0.00777 0.116532 0.13606799999999997 0.11406499999999996 0.0045990000000000007 0.0045039999999999993 0.0040239999999999998 0.0011490000000000001 0.001134 0.0010869999999999999 1.4254037379291091 1.4254037379291091 1.4254037379291091 0.00071801303091984002 0.00071801303091984002 0.00071801303091984002 1 1 1 Converged Converged Converged OK OK OK 110 110 110 110 110 110 10 10 10 0 0 0 0 1 0 0 1
66 66 uniform 1 0 666 0 0.0001 2.7793726046465639 0.0012658251847306198 0.056042869513476791 -2.4036215321326893 -0.044684122185549728 -2.4148301060353847 0 2.4183438580802652 1.4968348073367099 OK 14 13 0.46586499999999997 0.463453 0.18062600000000001 0.28050000000000003 0.27809499999999998 0 0.18536499999999995 0.18535800000000002 0.18062600000000001 0.010702 0.010596 0.01004 0.13094899999999998 0.13216999999999995 0.12997899999999993 0.0063489999999999996 0.0061270000000000005 0.0048719999999999996 0.0016879999999999998 0.0016799999999999999 0.0015839999999999999 1.4968346046166914 1.4968346046166914 1.4968346046166914 9.5702020205844416e-05 9.5702020205844416e-05 9.5702020205844416e-05 1 1 1 Converged Converged Converged OK OK OK 127 127 127 127 127 127 9 9 9 0 0 0 0 0 1 0 0
66 66 uniform 1 7 666 1 0.0001 2.7793726046465639 0.0012658251847306198 0.056042869513476791 -2.4036215321326893 -0.044684122185549728 -2.4080074958337438 0 2.4115212478786243 1.4899232654911057 OK 14 13 0.47710900000000001 0.36147699999999999 0.183335 0.28498099999999998 0.15237300000000001 0 0.19212800000000002 0.20910399999999998 0.183335 0.0093139999999999994 0.0092779999999999998 0.0084349999999999998 0.13857200000000003 0.16000200000000014 0.13669800000000001 0.012140999999999997 0.007894 0.007515 0.0015999999999999999 0.001567 0.001549 1.4899235521223633 1.4899235521223633 1.4899235521223633 3.7324530325140617e-05 3.7324530325140617e-05 3.7324530325140617e-05 1 1 1 Converged Converged Converged OK OK OK 151 151 151 151 151 151 9 9 9 0 0 0 0 1 0 0 1
66 66 uniform 1 15 666 2 0.0001 2.7793726046465639 0.0012658251847306198 0.056042869513476791 -2.4036215321326893 -0.044684122185549728 -2.4002102270318688 0 2.4037239790767493 1.4685795127663488 OK 14 13 0.423927 0.31352400000000002 0.151393 0.27493499999999998 0.147929 0 0.14899200000000001 0.16559500000000002 0.151393 0.0090980000000000002 0.0092890000000000004 0.0084569999999999992 0.11536499999999997 0.13260699999999997 0.11977399999999998 0.0046300000000000004 0.0044009999999999995 0.0041799999999999997 0.00115 0.0011620000000000001 0.0011250000000000001 1.4685797627552388 1.4685797627552388 1.4685797627552388 0.00014650545543107827 0.00014650545543107827 0.00014650545543107827 1 1 1 Converged Converged Converged OK OK OK 111 111 111 111 111 111 9 9 9 0 0 0 0 1 0 0 1
66 66 uniform 1 23 666 3 0.0001 2.7793726046465639 0.0012658251847306198 0.056042869513476791 -2.4036215321326893 -0.044684122185549728 -2.3924129582299938 0 2.3959267102748742 1.4254116993047685 OK 15 14 0.48001100000000002 0.36768699999999999 0.17700099999999999 0.29477900000000001 0.16390099999999999 0 0.18523200000000001 0.20378599999999999 0.17700099999999999 0.0087320000000000002 0.0085459999999999998 0.0080389999999999993 0.14502900000000002 0.16485500000000003 0.13960199999999998 0.0073799999999999994 0.0069639999999999997 0.0062810000000000001 0.0012930000000000003 0.0013290000000000001 0.0012729999999999998 1.4254098204355516 1.4254098204355516 1.4254098204355516 0.00011445311281548404 0.00011445311281548404 0.00011445311281548404 1 1 1 Converged Converged Converged OK OK OK 142 142 142 142 142 142 10 10 10 0 0 0 0 1 0 0 1
66 66 uniform 2 0 667 0 0.001 2.7793726046465639 0.0012658251847306198 0.056042869513476791 0.00066449227819361835 0.06644361214284969 -0.010544081624501741 0 0.014057833669382392 16.537610888199282 OK 13 12 0.619869 0.613564 0.090509000000000006 0.52713399999999999 0.52215800000000001 0 0.092735000000000012 0.091405999999999987 0.090509000000000006 0.009606 0.0095750000000000002 0.0093270000000000002 0.063222 0.062546000000000004 0.062041999999999986 0.0028159999999999999 0.0026259999999999999 0.0024479999999999997 0.0007580000000000001 0.00073700000000000002 0.00066400000000000009 16.537609788994036 16.537609788994036 16.537609788994036 0.0021287101449703957 0.0021287101449703957 0.0021287101449703957 1 1 1 Converged Converged Converged OK OK OK 59 59 59 59 59 59 5 5 5 0 0 0 0 0 1 0 0
66 66 uniform 2 7 667 1 0.001 2.7793726046465639 0.0012658251847306198 0.056042869513476791 0.00066449227819361835 0.06644361214284969 -0.0037214714228610869 0 0.0072352234677417393 16.885559973422801 OK 13 12 0.61434599999999995 0.48369899999999999 0.079033000000000006 0.53379600000000005 0.38187900000000002 0 0.080549999999999899 0.10181999999999997 0.079033000000000006 0.0087569999999999992 0.0087550000000000006 0.0080770000000000008 0.057996999999999986 0.079766999999999991 0.058010999999999993 0.002055 0.002075 0.002 0.00056799999999999993 0.00053899999999999998 0.000513 16.885547967764293 16.885547967764293 16.885547967764293 0.015281178524930049 0.015281178524930049 0.015281178524930049 1 1 1 Converged Converged Converged OK OK OK 51 51 51 51 51 51 5 5 5 0 0 0 0 1 0 0 1
66 66 uniform 2 15 667 2 0.001 2.7793726046465639 0.0012658251847306198 0.056042869513476791 0.00066449227819361835 0.06644361214284969 0.0040757973790139452 0 -0.00056204533413329281 17.008006308825539 OK 12 11 0.60472099999999995 0.47514699999999999 0.081971000000000002 0.52131499999999997 0.361591 0 0.08340599999999998 0.11355599999999999 0.081971000000000002 0.0092409999999999992 0.0093150000000000004 0.0086250000000000007 0.061006999999999999 0.091460000000000041 0.060955999999999989 0.0022030000000000001 0.0021410000000000001 0.002055 0.00062799999999999998 0.00061300000000000005 0.000602 17.008002250306042 17.008002250306042 17.008002250306042 0.0099966694524211801 0.0099966694524211801 0.0099966694524211801 1 1 1 Converged Converged Converged OK OK OK 51 51 51 51 51 51 5 5 5 0 0 0 0 1 0 0 1
66 66 uniform 2 23 667 3 0.001 2.7793726046465639 0.0012658251847306198 0.056042869513476791 0.00066449227819361835 0.06644361214284969 0.011873066180888977 0 -0.0083593141360083258 16.81809927889466 OK 11 10 0.67606900000000003 0.54621699999999995 0.085417000000000007 0.58826900000000004 0.435199 0 0.087799999999999989 0.11101799999999995 0.085417000000000007 0.0086910000000000008 0.0089859999999999992 0.0080009999999999994 0.062622999999999998 0.086174000000000014 0.062003000000000003 0.0027559999999999998 0.0025979999999999996 0.0024159999999999997 0.00066200000000000005 0.00063100000000000005 0.00063999999999999994 16.818091835032309 16.818091835032309 16.818091835032309 0.0030154545881208999 0.0030154545881208999 0.0030154545881208999 1 1 1 Converged Converged Converged OK OK OK 59 59 59 59 59 59 5 5 5 0 0 0 0 1 0 0 1
66 66 uniform 2 0 667 0 0.0001 2.7793726046465639 0.0012658251847306198 0.056042869513476791 0.00066449227819361835 0.06644361214284969 -0.010544081624501741 0 0.014057833669382392 16.537610888199282 OK 13 12 0.63146899999999995 0.62833499999999998 0.100601 0.52999499999999999 0.52251499999999995 0 0.10147399999999995 0.10582000000000003 0.100601 0.0095180000000000004 0.0096959999999999998 0.009384 0.07002499999999999 0.070415000000000005 0.069651000000000046 0.0027889999999999998 0.0027989999999999998 0.002702 0.00088599999999999996 0.00088499999999999994 0.00080599999999999997 16.537610716793633 16.537610716793633 16.537610716793633 0.00079529262741938984 0.00079529262741938984 0.00079529262741938984 1 1 1 Converged Converged Converged OK OK OK 67 67 67 67 67 67 5 5 5 0 0 0 0 0 1 0 0
66 66 uniform 2 7 667 1 0.0001 2.7793726046465639 0.0012658251847306198 0.056042869513476791 0.00066449227819361835 0.06644361214284969 -0.0037214714228610869 0 0.0072352234677417393 16.885559973422801 OK 13 12 0.63530200000000003 0.512212 0.095559000000000005 0.53713500000000003 0.37931599999999999 0 0.098167000000000004 0.13289600000000001 0.095559000000000005 0.0087399999999999995 0.0087290000000000006 0.0081429999999999992 0.071240000000000026 0.10654799999999998 0.070275999999999977 0.003045 0.002875 0.0028470000000000001 0.00081399999999999994 0.00080300000000000011 0.00079900000000000001 16.885559850657238 16.885559850657238 16.885559850657238 0.00068692277981957195 0.00068692277981957195 0.00068692277981957195 1 1 1 Converged Converged Converged OK OK OK 67 67 67 67 67 67 5 5 5 0 0 0 0 1 0 0 1
66 66 uniform 2 15 667 2 0.0001 2.7793726046465639 0.0012658251847306198 0.056042869513476791 0.00066449227819361835 0.06644361214284969 0.0040757973790139452 0 -0.00056204533413329281 17.008006308825539 OK 12 11 0.60803300000000005 0.49683699999999997 0.088819999999999996 0.516988 0.36670199999999997 0 0.091045000000000043 0.130135 0.088819999999999996 0.0093469999999999994 0.0092259999999999998 0.0086610000000000003 0.066152000000000016 0.10522600000000001 0.065304000000000001 0.0026570000000000001 0.002826 0.0025040000000000001 0.00077499999999999986 0.00078299999999999995 0.00069399999999999985 17.008005835337929 17.008005835337929 17.008005835337929 0.0013709526605219008 0.0013709526605219008 0.0013709526605219008 1 1 1 Converged Converged Converged OK OK OK 59 59 59 59 59 59 5 5 5 0 0 0 0 1 0 0 1
66 66 uniform 2 23 667 3 0.0001 2.7793726046465639 0.0012658251847306198 0.056042869513476791 0.00066449227819361835 0.06644361214284969 0.011873066180888977 0 -0.0083593141360083258 16.81809927889466 OK 11 10 0.68233500000000002 0.55952999999999997 0.094380000000000006 0.58664499999999997 0.43418299999999999 0 0.095690000000000053 0.12534699999999999 0.094380000000000006 0.0086020000000000003 0.0088739999999999999 0.0080409999999999995 0.069503999999999996 0.098542999999999992 0.069263999999999992 0.0027379999999999995 0.0031969999999999993 0.002751 0.00078799999999999986 0.00085500000000000007 0.00080699999999999999 16.818099075187963 16.818099075187963 16.818099075187963 0.00052577382436683195 0.00052577382436683195 0.00052577382436683195 1 1 1 Converged Converged Converged OK OK OK 67 67 67 67 67 67 5 5 5 0 0 0 0 1 0 0 1
66 66 uniform 3 0 668 0 0.001 2.7793726046465639 0.0012658251847306198 0.056042869513476791 0.056042893040912693 0.045188948407567972 0.044834319138217338 0 -0.041320567093336688 18.995949808027216 OK 15 14 0.76404099999999997 0.76341000000000003 0.23027400000000001 0.539184 0.53525400000000001 0 0.22485699999999997 0.22815600000000003 0.23027400000000001 0.016004999999999998 0.01643 0.015910000000000001 0.15947700000000017 0.16128600000000015 0.15983699999999998 0.0056290000000000003 0.0062089999999999992 0.0059800000000000001 0.0014350000000000001 0.001441 0.001487 18.995972751066965 18.995972751066965 18.995972751066965 0.017373527236688835 0.017373527236688835 0.017373527236688835 1 1 1 Converged Converged Converged OK OK OK 125 125 125 125 125 125 11 11 11 0 0 0 0 0 1 0 0
66 66 uniform 3 7 668 1 0.001 2.7793726046465639 0.0012658251847306198 0.056042869513476791 0.056042893040912693 0.045188948407567972 0.051656929339857986 0 -0.048143177294977337 17.048900955992455 OK 15 14 0.749386 0.632521 0.20310400000000001 0.54687600000000003 0.38824999999999998 0 0.20250999999999997 0.24427100000000002 0.20310400000000001 0.015015000000000001 0.015457 0.014453000000000001 0.154362 0.19434699999999999 0.15540199999999996 0.0054359999999999999 0.0057410000000000004 0.0055389999999999997 0.0014140000000000001 0.001583 0.0015860000000000002 17.048923162436896 17.048923162436896 17.048923162436896 0.016166703145573239 0.016166703145573239 0.016166703145573239 1 1 1 Converged Converged Converged OK OK OK 125 125 125 125 125 125 11 11 11 0 0 0 0 1 0 0 1
66 66 uniform 3 15 668 2 0.001 2.7793726046465639 0.0012658251847306198 0.056042869513476791 0.056042893040912693 0.045188948407567972 0.059454198141733021 0 -0.055940446096852371 15.259581902993157 OK 15 14 0.58738400000000002 0.45853300000000002 0.16871 0.41594500000000001 0.26475500000000002 0 0.17143900000000001 0.19377800000000001 0.16871 0.014763999999999999 0.014896 0.014053 0.13061099999999998 0.15249599999999996 0.12930400000000003 0.0040530000000000002 0.0044350000000000006 0.0040819999999999997 0.00099399999999999987 0.0010690000000000001 0.001091 15.259586641764418 15.259586641764418 15.259586641764418 0.014067760343488079 0.014067760343488079 0.014067760343488079 1 1 1 Converged Converged Converged OK OK OK 102 102 102 102 102 102 10 10 10 0 0 0 0 1 0 0 1
66 66 uniform 3 23 668 3 0.001 2.7793726046465639 0.0012658251847306198 0.056042869513476791 0.056042893040912693 0.045188948407567972 0.067251466943608049 0 -0.063737714898727399 13.793624833445838 OK 15 14 0.70501000000000003 0.576793 0.183119 0.51629700000000001 0.357128 0 0.18871300000000002 0.219665 0.183119 0.015018999999999999 0.014947999999999999 0.01389 0.14301699999999998 0.17444400000000002 0.14072599999999993 0.0056570000000000006 0.0056299999999999996 0.0050100000000000006 0.00125 0.001304 0.0011230000000000001 13.793579360084108 13.793579360084108 13.793579360084108 0.0098131923295590971 0.0098131923295590971 0.0098131923295590971 1 1 1 Converged Converged Converged OK OK OK 118 118 118 118 118 118 10 10 10 0 0 0 0 1 0 0 1
66 66 uniform 3 0 668 0 0.0001 2.7793726046465639 0.0012658251847306198 0.056042869513476791 0.056042893040912693 0.045188948407567972 0.044834319138217338 0 -0.041320567093336688 18.995949808027216 OK 15 14 0.80618900000000004 0.80596000000000001 0.275175 0.53071599999999997 0.53248899999999999 0 0.27547300000000008 0.27347100000000002 0.275175 0.016463999999999999 0.016181000000000001 0.015918000000000002 0.19000500000000009 0.18722300000000011 0.18644299999999994 0.0084589999999999995 0.0091579999999999995 0.0083490000000000005 0.0020570000000000002 0.002068 0.0021029999999999998 18.995949697202981 18.995949697202981 18.995949697202981 0.00052504379120345789 0.00052504379120345789 0.00052504379120345789 1 1 1 Converged Converged Converged OK OK OK 165 165 165 165 165 165 11 11 11 0 0 0 0 0 1 0 0
66 66 uniform 3 7 668 1 0.0001 2.7793726046465639 0.0012658251847306198 0.056042869513476791 0.056042893040912693 0.045188948407567972 0.051656929339857986 0 -0.048143177294977337 17.048900955992455 OK 15 14 0.79786599999999996 0.68333900000000003 0.241982 0.54491000000000001 0.38939299999999999 0 0.25295599999999996 0.29394600000000004 0.241982 0.015554999999999999 0.015459000000000001 0.014298999999999999 0.190861 0.23220599999999991 0.18310800000000008 0.0087190000000000011 0.0087340000000000004 0.0078919999999999997 0.0021359999999999999 0.002186 0.0021120000000000002 17.048900819764373 17.048900819764373 17.048900819764373 0.00030978109656159739 0.00030978109656159739 0.00030978109656159739 1 1 1 Converged Converged Converged OK OK OK 165 165 165 165 165 165 11 11 11 0 0 0 0 1 0 0 1
66 66 uniform 3 15 668 2 0.0001 2.7793726046465639 0.0012658251847306198 0.056042869513476791 0.056042893040912693 0.045188948407567972 0.059454198141733021 0 -0.055940446096852371 15.259581902993157 OK 15 14 0.64361699999999999 0.53158300000000003 0.22253899999999999 0.42061799999999999 0.26486300000000002 0 0.222999 0.26672000000000001 0.22253899999999999 0.014723 0.014997 0.01392 0.16866900000000007 0.2101299999999999 0.16930499999999998 0.0067580000000000001 0.0079740000000000019 0.0070439999999999999 0.0017160000000000001 0.0017279999999999997 0.0017399999999999998 15.259581786038616 15.259581786038616 15.259581786038616 0.00039857055675682581 0.00039857055675682581 0.00039857055675682581 1 1 1 Converged Converged Converged OK OK OK 150 150 150 150 150 150 10 10 10 0 0 0 0 1 0 0 1
66 66 uniform 3 23 668 3 0.0001 2.7793726046465639 0.0012658251847306198 0.056042869513476791 0.056042893040912693 0.045188948407567972 0.067251466943608049 0 -0.063737714898727399 13.793624833445838 OK 15 14 0.74863400000000002 0.63816700000000004 0.230937 0.51817500000000005 0.360097 0 0.23045899999999997 0.27807000000000004 0.230937 0.01499 0.015114000000000001 0.014182 0.17493599999999998 0.22212699999999994 0.17728800000000003 0.0074590000000000004 0.007738000000000001 0.006875 0.0018550000000000001 0.0017769999999999999 0.001748 13.793628014128236 13.793628014128236 13.793628014128236 0.00091688720532018763 0.00091688720532018763 0.00091688720532018763 1 1 1 Converged Converged Converged OK OK OK 150 150 150 150 150 150 10 10 10 0 0 0 0 1 0 0 1
66 66 uniform 4 0 669 0 0.001 2.7793726046465639 0.0012658251847306198 0.056042869513476791 -2.4001607365798341 0.10399400221512302 -2.4113693104825296 0 2.41488306252741 1.0379416028773174 OK 12 11 0.31978600000000001 0.31934499999999999 0.057772999999999998 0.26101000000000002 0.25966 0 0.058775999999999995 0.059684999999999988 0.057772999999999998 0.0087340000000000004 0.0092239999999999996 0.0085229999999999993 0.033774999999999999 0.034274000000000006 0.033567 0.0021910000000000002 0.0022049999999999999 0.0022079999999999999 0.00053699999999999993 0.00052899999999999996 0.00052999999999999998 1.0379416222580669 1.0379416222580669 1.0379416222580669 0.00046900574940747047 0.00046900574940747047 0.00046900574940747047 1 1 1 Converged Converged Converged OK OK OK 45 45 45 45 45 45 3 3 3 0 0 0 0 0 1 0 0
66 66 uniform 4 7 669 1 0.001 2.7793726046465639 0.0012658251847306198 0.056042869513476791 -2.4001607365798341 0.10399400221512302 -2.4045467002808887 0 2.4080604523257692 1.0379518481232408 OK 12 11 0.30836599999999997 0.20508999999999999 0.054530000000000002 0.247923 0.133577 0 0.060442999999999969 0.071512999999999993 0.054530000000000002 0.00809 0.0080859999999999994 0.0076449999999999999 0.038280000000000002 0.049572000000000005 0.033433999999999998 0.0022200000000000002 0.0022789999999999998 0.0021780000000000002 0.00053000000000000009 0.00053399999999999997 0.00052000000000000006 1.0379518677129571 1.0379518677129571 1.0379518677129571 0.00047188069977407293 0.00047188069977407293 0.00047188069977407293 1 1 1 Converged Converged Converged OK OK OK 45 45 45 45 45 45 3 3 3 0 0 0 0 1 0 0 1
66 66 uniform 4 15 669 2 0.001 2.7793726046465639 0.0012658251847306198 0.056042869513476791 -2.4001607365798341 0.10399400221512302 -2.3967494314790136 0 2.4002631835238941 1.037926675948345 OK 12 11 0.30934200000000001 0.20191999999999999 0.054304999999999999 0.25387799999999999 0.13076599999999999 0 0.055464000000000013 0.071153999999999995 0.054304999999999999 0.0081709999999999994 0.0081860000000000006 0.0076280000000000002 0.033444000000000008 0.049099999999999991 0.033192000000000006 0.0022109999999999999 0.0022460000000000002 0.0021630000000000004 0.00055000000000000003 0.00054799999999999998 0.00053299999999999995 1.0379266952898711 1.0379266952898711 1.0379266952898711 0.00047826545976687769 0.00047826545976687769 0.00047826545976687769 1 1 1 Converged Converged Converged OK OK OK 45 45 45 45 45 45 3 3 3 0 0 0 0 1 0 0 1
66 66 uniform 4 23 669 3 0.001 2.7793726046465639 0.0012658251847306198 0.056042869513476791 -2.4001607365798341 0.10399400221512302 -2.3889521626771386 0 2.3924659147220191 1.0379032391800129 OK 12 11 0.31548700000000002 0.20189699999999999 0.053836000000000002 0.25507800000000003 0.13111200000000001 0 0.06040899999999999 0.070784999999999987 0.053836000000000002 0.0082019999999999992 0.0081519999999999995 0.0075500000000000003 0.037555999999999992 0.048904999999999997 0.032961999999999998 0.0024849999999999998 0.0022270000000000002 0.0021910000000000002 0.00055100000000000006 0.00053799999999999996 0.00052800000000000004 1.0379032573660978 1.0379032573660978 1.0379032573660978 0.00048811534982257424 0.00048811534982257424 0.00048811534982257424 1 1 1 Converged Converged Converged OK OK OK 45 45 45 45 45 45 3 3 3 0 0 0 0 1 0 0 1
66 66 uniform 4 0 669 0 0.0001 2.7793726046465639 0.0012658251847306198 0.056042869513476791 -2.4001607365798341 0.10399400221512302 -2.4113693104825296 0 2.41488306252741 1.0379416028773174 OK 12 11 0.33487 0.334283 0.075763999999999998 0.25793700000000003 0.25673200000000002 0 0.076932999999999974 0.077550999999999981 0.075763999999999998 0.0087749999999999998 0.0089280000000000002 0.008541 0.046522000000000001 0.047096000000000006 0.045978000000000005 0.0030989999999999998 0.0030090000000000004 0.0031220000000000002 0.00065500000000000009 0.00065200000000000013 0.00064700000000000001 1.0379415971421266 1.0379415971421266 1.0379415971421266 1.9937068223153803e-05 1.9937068223153803e-05 1.9937068223153803e-05 1 1 1 Converged Converged Converged OK OK OK 61 61 61 61 61 61 3 3 3 0 0 0 0 0 1 0 0
66 66 uniform 4 7 669 1 0.0001 2.7793726046465639 0.0012658251847306198 0.056042869513476791 -2.4001607365798341 0.10399400221512302 -2.4045467002808887 0 2.4080604523257692 1.0379518481232408 OK 12 11 0.32302999999999998 0.22109599999999999 0.070390999999999995 0.25092300000000001 0.12928400000000001 0 0.072106999999999977 0.091811999999999977 0.070390999999999995 0.0080569999999999999 0.0081740000000000007 0.0075339999999999999 0.045265999999999994 0.064861999999999989 0.044582999999999998 0.0029810000000000001 0.0030499999999999998 0.0030180000000000003 0.00064300000000000002 0.00064300000000000013 0.000638 1.0379518423877894 1.0379518423877894 1.0379518423877894 1.9577340356487906e-05 1.9577340356487906e-05 1.9577340356487906e-05 1 1 1 Converged Converged Converged OK OK OK 61 61 61 61 61 61 3 3 3 0 0 0 0 1 0 0 1
66 66 uniform 4 15 669 2 0.0001 2.7793726046465639 0.0012658251847306198 0.056042869513476791 -2.4001607365798341 0.10399400221512302 -2.3967494314790136 0 2.4002631835238941 1.037926675948345 OK 12 11 0.33267999999999998 0.22096299999999999 0.071987999999999996 0.25942700000000002 0.12773100000000001 0 0.073252999999999957 0.093231999999999982 0.071987999999999996 0.0081250000000000003 0.008234 0.007646 0.046532999999999991 0.066306000000000004 0.046268999999999991 0.0030350000000000004 0.0030540000000000003 0.0029560000000000003 0.00067000000000000002 0.00066100000000000002 0.00064400000000000004 1.0379266698481437 1.0379266698481437 1.0379266698481437 1.8821919731752019e-05 1.8821919731752019e-05 1.8821919731752019e-05 1 1 1 Converged Converged Converged OK OK OK 61 61 61 61 61 61 3 3 3 0 0 0 0 1 0 0 1
66 66 uniform 4 23 669 3 0.0001 2.7793726046465639 0.0012658251847306198 0.056042869513476791 -2.4001607365798341 0.10399400221512302 -2.3889521626771386 0 2.3924659147220191 1.0379032391800129 OK 12 11 0.33019999999999999 0.22114900000000001 0.070917999999999995 0.25689600000000001 0.13028999999999999 0 0.07330399999999998 0.090859000000000023 0.070917999999999995 0.0081209999999999997 0.0083479999999999995 0.0075339999999999999 0.046319999999999993 0.063253999999999991 0.045365999999999976 0.0031210000000000001 0.0034549999999999997 0.002993 0.00068899999999999994 0.00068900000000000005 0.00064300000000000002 1.0379032319357864 1.0379032319357864 1.0379032319357864 1.7794760413447591e-05 1.7794760413447591e-05 1.7794760413447591e-05 1 1 1 Converged Converged Converged OK OK OK 61 61 61 61 61 61 3 3 3 0 0 0 0 1 0 0 1
67 67 linear 0 0 670 0 0.001 0.68159415015677582 0.17059076745980006 0.33354772745371392 0.62318945366947542 -0.79300872287866431 0.55647990817873261 0.5 -0.45715085792176685 1.6974182967313289 OK 13 12 0.444268 0.434033 0.179703 0.25994 0.253911 0 0.18432799999999999 0.180122 0.179703 0.011313999999999999 0.011398999999999999 0.010958000000000001 0.14842299999999997 0.14503700000000003 0.14519399999999993 0.0033140000000000001 0.0032210000000000003 0.0034199999999999999 0.00085100000000000009 0.00083600000000000005 0.00070999999999999991 1.6974094629678766 1.6974094629678766 1.6974094629678766 0.0016700485504789458 0.0016700485504789458 0.0016700485504789458 1 1 1 Converged Converged Converged OK OK OK 79 79 79 79 79 79 9 9 9 0 0 0 0 0 1 0 0
67 67 linear 0 7 670 1 0.001 0.68159415015677582 0.17059076745980006 0.33354772745371392 0.62318945366947542 -0.79300872287866431 0.59708571847744563 0.5 -0.49775666822047987 1.659768597444464 OK 11 10 0.317137 0.25056099999999998 0.121101 0.19078100000000001 0.122588 0 0.126356 0.12797299999999998 0.121101 0.0062599999999999999 0.0062899999999999996 0.0059350000000000002 0.10604599999999999 0.10806200000000001 0.10164899999999998 0.0023750000000000004 0.0025119999999999999 0.0026010000000000004 0.00059000000000000003 0.00064199999999999988 0.00066600000000000003 1.6597977530295618 1.6597977530295618 1.6597977530295618 0.0012176230247231022 0.0012176230247231022 0.0012176230247231022 1 1 1 Converged Converged Converged OK OK OK 72 72 72 72 72 72 8 8 8 0 0 0 0 1 0 0 1
67 67 linear 0 15 670 2 0.001 0.68159415015677582 0.17059076745980006 0.33354772745371392 0.62318945366947542 -0.79300872287866431 0.64349235881883193 0.5 -0.54416330856186623 1.6135208891501291 OK 11 10 0.30677700000000002 0.24102999999999999 0.11500100000000001 0.18721099999999999 0.12238300000000001 0 0.11956600000000003 0.11864699999999999 0.11500100000000001 0.0060790000000000002 0.0061939999999999999 0.0056470000000000001 0.099181000000000019 0.09872400000000002 0.095863000000000004 0.0028400000000000001 0.0026530000000000004 0.002545 0.00070300000000000007 0.00063299999999999999 0.00064599999999999998 1.6135513389092795 1.6135513389092795 1.6135513389092795 0.0012543220237299358 0.0012543220237299358 0.0012543220237299358 1 1 1 Converged Converged Converged OK OK OK 72 72 72 72 72 72 8 8 8 0 0 0 0 1 0 0 1
67 67 linear 0 23 670 3 0.001 0.68159415015677582 0.17059076745980006 0.33354772745371392 0.62318945366947542 -0.79300872287866431 0.68989899916021824 0.5 -0.59056994890325254 1.5644725919306173 OK 11 10 0.297489 0.22397600000000001 0.104043 0.18618799999999999 0.116317 0 0.11130100000000001 0.107659 0.104043 0.0062329999999999998 0.0062249999999999996 0.0056210000000000001 0.092340000000000019 0.08925600000000003 0.086402000000000007 0.0022950000000000002 0.0021850000000000003 0.0021539999999999997 0.00063900000000000003 0.00063199999999999997 0.00058900000000000001 1.564495836528778 1.564495836528778 1.564495836528778 0.00098328403768689534 0.00098328403768689534 0.00098328403768689534 1 1 1 Converged Converged Converged OK OK OK 65 65 65 65 65 65 7 7 7 0 0 0 0 1 0 0 1
67 67 linear 0 0 670 0 0.0001 0.68159415015677582 0.17059076745980006 0.33354772745371392 0.62318945366947542 -0.79300872287866431 0.55647990817873261 0.5 -0.45715085792176685 1.6974182967313289 OK 13 12 0.46894400000000003 0.46242899999999998 0.200991 0.265291 0.256218 0 0.20365300000000003 0.20621099999999998 0.200991 0.011142000000000001 0.011615 0.011214999999999999 0.16267899999999999 0.16022899999999993 0.1589759999999999 0.0037969999999999996 0.0043470000000000002 0.0045929999999999999 0.0011230000000000001 0.0013999999999999998 0.001227 1.6974093728869035 1.6974093728869035 1.6974093728869035 0.00015785573081255878 0.00015785573081255878 0.00015785573081255878 1 1 1 Converged Converged Converged OK OK OK 95 95 95 95 95 95 9 9 9 0 0 0 0 0 1 0 0
67 67 linear 0 7 670 1 0.0001 0.68159415015677582 0.17059076745980006 0.33354772745371392 0.62318945366947542 -0.79300872287866431 0.59708571847744563 0.5 -0.49775666822047987 1.659768597444464 OK 11 10 0.401476 0.33519700000000002 0.201905 0.19528499999999999 0.12503900000000001 0 0.20619100000000001 0.21015800000000001 0.201905 0.0061799999999999997 0.0063810000000000004 0.0061289999999999999 0.17789699999999992 0.18106800000000006 0.17332600000000012 0.0038520000000000004 0.0042529999999999998 0.0046750000000000003 0.0010990000000000002 0.0011230000000000001 0.0010690000000000001 1.6597527926914537 1.6597527926914537 1.6597527926914537 0.00016005004547258654 0.00016005004547258654 0.00016005004547258654 1 1 1 Converged Converged Converged OK OK OK 104 104 104 104 104 104 8 8 8 0 0 0 0 1 0 0 1
67 67 linear 0 15 670 2 0.0001 0.68159415015677582 0.17059076745980006 0.33354772745371392 0.62318945366947542 -0.79300872287866431 0.64349235881883193 0.5 -0.54416330856186623 1.6135208891501291 OK 11 10 0.418846 0.347858 0.22031200000000001 0.18603900000000001 0.119063 0 0.23280699999999999 0.228795 0.22031200000000001 0.0061749999999999999 0.0063509999999999999 0.0056179999999999997 0.19572899999999999 0.19271399999999991 0.18544900000000003 0.0066650000000000008 0.0061070000000000004 0.0061780000000000003 0.0016070000000000001 0.001457 0.0013599999999999999 1.6135164476073809 1.6135164476073809 1.6135164476073809 0.00013374633192418415 0.00013374633192418415 0.00013374633192418415 1 1 1 Converged Converged Converged OK OK OK 128 128 128 128 128 128 8 8 8 0 0 0 0 1 0 0 1
67 67 linear 0 23 670 3 0.0001 0.68159415015677582 0.17059076745980006 0.33354772745371392 0.62318945366947542 -0.79300872287866431 0.68989899916021824 0.5 -0.59056994890325254 1.5644725919306173 OK 11 10 0.38366099999999997 0.31980599999999998 0.18982599999999999 0.18782399999999999 0.117316 0 0.19583699999999998 0.20248999999999998 0.18982599999999999 0.0061419999999999999 0.0062729999999999999 0.0057619999999999998 0.16869199999999995 0.17478899999999997 0.16312599999999999 0.0039270000000000008 0.0044380000000000001 0.0042050000000000004 0.0011739999999999999 0.001217 0.0012000000000000001 1.5644740040844647 1.5644740040844647 1.5644740040844647 0.00013637143186728752 0.00013637143186728752 0.00013637143186728752 1 1 1 Converged Converged Converged OK OK OK 105 105 105 105 105 105 7 7 7 0 0 0 0 1 0 0 1
67 67 linear 1 0 671 0 0.001 0.68159415015677582 0.17059076745980006 0.33354772745371392 0.62723213630380692 0.63154004011100817 0.5605225908130641 0.5 -0.46119354055609835 1.7930372861559671 OK 12 11 0.37850099999999998 0.37170199999999998 0.17901600000000001 0.19516500000000001 0.18848400000000001 0 0.18333599999999997 0.18321799999999996 0.17901600000000001 0.0098849999999999997 0.010081 0.0098960000000000003 0.14713299999999999 0.14688299999999999 0.14275600000000002 0.003398 0.0034750000000000002 0.0036649999999999999 0.00082300000000000006 0.00087699999999999996 0.00087799999999999998 1.793043899417667 1.793043899417667 1.793043899417667 0.00095571680617230253 0.00095571680617230253 0.00095571680617230253 1 1 1 Converged Converged Converged OK OK OK 87 87 87 87 87 87 9 9 9 0 0 0 0 0 1 0 0
67 67 linear 1 7 671 1 0.001 0.68159415015677582 0.17059076745980006 0.33354772745371392 0.62723213630380692 0.63154004011100817 0.60112840111177712 0.5 -0.50179935085481131 1.7335555933415356 OK 12 11 0.37111300000000003 0.30352299999999999 0.169539 0.195744 0.12331499999999999 0 0.17536900000000002 0.18020799999999998 0.169539 0.0088249999999999995 0.0089130000000000008 0.0081600000000000006 0.14794099999999999 0.14984299999999995 0.14270899999999989 0.0034360000000000007 0.0033000000000000004 0.0036899999999999997 0.000767 0.00075200000000000006 0.00076400000000000003 1.7335783857953155 1.7335783857953155 1.7335783857953155 0.0010074924224625114 0.0010074924224625114 0.0010074924224625114 1 1 1 Converged Converged Converged OK OK OK 87 87 87 87 87 87 9 9 9 0 0 0 0 1 0 0 1
67 67 linear 1 15 671 2 0.001 0.68159415015677582 0.17059076745980006 0.33354772745371392 0.62723213630380692 0.63154004011100817 0.64753504145316343 0.5 -0.54820599119619762 1.6647688924521851 OK 12 11 0.362987 0.29331200000000002 0.161414 0.19245300000000001 0.124358 0 0.17053399999999999 0.16895400000000002 0.161414 0.0089359999999999995 0.0092840000000000006 0.0084379999999999993 0.14468499999999998 0.14147200000000001 0.13610800000000003 0.0028780000000000003 0.0036190000000000007 0.0030889999999999997 0.00081399999999999994 0.00096600000000000006 0.00080500000000000005 1.6647723756024639 1.6647723756024639 1.6647723756024639 0.0015204987958426931 0.0015204987958426931 0.0015204987958426931 1 1 1 Converged Converged Converged OK OK OK 80 80 80 80 80 80 8 8 8 0 0 0 0 1 0 0 1
67 67 linear 1 23 671 3 0.001 0.68159415015677582 0.17059076745980006 0.33354772745371392 0.62723213630380692 0.63154004011100817 0.69394168179454974 0.5 -0.59461263153758392 1.5954505026323846 OK 12 11 0.36053299999999999 0.29805799999999999 0.161632 0.193022 0.12728 0 0.16751099999999999 0.17077799999999999 0.161632 0.0085400000000000007 0.0089040000000000005 0.0081390000000000004 0.14182000000000003 0.14422000000000004 0.13691600000000004 0.0030159999999999996 0.0034039999999999999 0.0030690000000000001 0.00076000000000000004 0.00089299999999999991 0.00077800000000000005 1.595451978367751 1.595451978367751 1.595451978367751 0.0012684668551247119 0.0012684668551247119 0.0012684668551247119 1 1 1 Converged Converged Converged OK OK OK 80 80 80 80 80 80 8 8 8 0 0 0 0 1 0 0 1
67 67 linear 1 0 671 0 0.0001 0.68159415015677582 0.17059076745980006 0.33354772745371392 0.62723213630380692 0.63154004011100817 0.5605225908130641 0.5 -0.46119354055609835 1.7930372861559671 OK 12 11 0.43346299999999999 0.42586099999999999 0.23066999999999999 0.196272 0.19436899999999999 0 0.23719099999999999 0.231492 0.23066999999999999 0.010240000000000001 0.010408000000000001 0.0098340000000000007 0.18876100000000001 0.18196200000000001 0.18249900000000002 0.004886999999999999 0.0055030000000000001 0.0050879999999999988 0.0013680000000000001 0.0014299999999999998 0.001446 1.7930429703599078 1.7930429703599078 1.7930429703599078 0.00013529733116545396 0.00013529733116545396 0.00013529733116545396 1 1 1 Converged Converged Converged OK OK OK 111 111 111 111 111 111 9 9 9 0 0 0 0 0 1 0 0
67 67 linear 1 7 671 1 0.0001 0.68159415015677582 0.17059076745980006 0.33354772745371392 0.62723213630380692 0.63154004011100817 0.60112840111177712 0.5 -0.50179935085481131 1.7335555933415356 OK 12 11 0.42001100000000002 0.36415500000000001 0.21817500000000001 0.19187299999999999 0.12747700000000001 0 0.22813800000000004 0.236678 0.21817500000000001 0.0090410000000000004 0.009103 0.0082690000000000003 0.18901699999999994 0.19722800000000001 0.18180000000000002 0.006046000000000001 0.0064749999999999999 0.0053249999999999999 0.0013009999999999999 0.001315 0.0013029999999999999 1.7335622585968531 1.7335622585968531 1.7335622585968531 0.00010143991634869898 0.00010143991634869898 0.00010143991634869898 1 1 1 Converged Converged Converged OK OK OK 119 119 119 119 119 119 9 9 9 0 0 0 0 1 0 0 1
67 67 linear 1 15 671 2 0.0001 0.68159415015677582 0.17059076745980006 0.33354772745371392 0.62723213630380692 0.63154004011100817 0.64753504145316343 0.5 -0.54820599119619762 1.6647688924521851 OK 12 11 0.41106100000000001 0.348271 0.20969499999999999 0.19379099999999999 0.127946 0 0.21727000000000002 0.22032499999999999 0.20969499999999999 0.0090419999999999997 0.0091920000000000005 0.0084919999999999995 0.18313899999999991 0.18456800000000007 0.17677099999999993 0.0044980000000000003 0.0056619999999999995 0.0047100000000000006 0.001243 0.0013990000000000003 0.0012820000000000002 1.6647728639571528 1.6647728639571528 1.6647728639571528 8.982038561620374e-05 8.982038561620374e-05 8.982038561620374e-05 1 1 1 Converged Converged Converged OK OK OK 112 112 112 112 112 112 8 8 8 0 0 0 0 1 0 0 1
67 67 linear 1 23 671 3 0.0001 0.68159415015677582 0.17059076745980006 0.33354772745371392 0.62723213630380692 0.63154004011100817 0.69394168179454974 0.5 -0.59461263153758392 1.5954505026323846 OK 12 11 0.42679299999999998 0.36652400000000002 0.22084599999999999 0.197105 0.13033 0 0.22968799999999998 0.23619400000000002 0.22084599999999999 0.0087480000000000006 0.0088979999999999997 0.0080149999999999996 0.19051599999999994 0.19682800000000009 0.18406100000000014 0.0058510000000000003 0.0060680000000000005 0.0053340000000000002 0.0014580000000000001 0.0015659999999999999 0.0014549999999999997 1.5954527487028674 1.5954527487028674 1.5954527487028674 5.2311573171014937e-05 5.2311573171014937e-05 5.2311573171014937e-05 1 1 1 Converged Converged Converged OK OK OK 120 120 120 120 120 120 8 8 8 0 0 0 0 1 0 0 1
67 67 linear 2 0 672 0 0.001 0.68159415015677582 0.17059076745980006 0.33354772745371392 -0.22071420451551882 -0.33131953125850477 -0.28742375000626164 0.5 0.38675280026322739 2.4496769048486851 OK 15 14 0.42719499999999999 0.42266199999999998 0.16204399999999999 0.26219799999999999 0.25814300000000001 0 0.164997 0.16451899999999997 0.16204399999999999 0.010722000000000001 0.011119 0.010434000000000001 0.12790100000000001 0.12633900000000003 0.12553400000000001 0.0035239999999999998 0.0042499999999999994 0.0037129999999999997 0.00099899999999999989 0.001122 0.0012390000000000001 2.4496686255999749 2.4496686255999749 2.4496686255999749 0.0017713019689995202 0.0017713019689995202 0.0017713019689995202 1 1 1 Converged Converged Converged OK OK OK 80 80 80 80 80 80 8 8 8 0 0 0 0 0 1 0 0
67 67 linear 2 7 672 1 0.001 0.68159415015677582 0.17059076745980006 0.33354772745371392 -0.22071420451551882 -0.33131953125850477 -0.24681793970754862 0.5 0.34614698996451437 2.7121587703980268 OK 16 15 0.55273600000000001 0.46816600000000003 0.23837800000000001 0.30335699999999999 0.21848400000000001 0 0.24937900000000002 0.24968200000000002 0.23837800000000001 0.013809 0.013963 0.013257 0.1989489999999999 0.19920600000000008 0.19105400000000003 0.0070950000000000006 0.0071059999999999995 0.0058659999999999997 0.0012279999999999999 0.0011929999999999998 0.0011259999999999998 2.7122114177460817 2.7122114177460817 2.7122114177460817 0.0018522153212366757 0.0018522153212366757 0.0018522153212366757 1 1 1 Converged Converged Converged OK OK OK 117 117 117 117 117 117 11 11 11 0 0 0 0 1 0 0 1
67 67 linear 2 15 672 2 0.001 0.68159415015677582 0.17059076745980006 0.33354772745371392 -0.22071420451551882 -0.33131953125850477 -0.20041129936616231 0.5 0.29974034962312807 3.163879979850361 OK 15 14 0.470439 0.38639400000000002 0.19438900000000001 0.26580799999999999 0.18654599999999999 0 0.20463100000000001 0.19984800000000003 0.19438900000000001 0.0098829999999999994 0.010156999999999999 0.0092079999999999992 0.17711900000000003 0.17249000000000003 0.16979200000000003 0.0036600000000000005 0.003473 0.0028740000000000007 0.000611 0.00066500000000000001 0.00051500000000000005 3.1638560933347986 3.1638560933347986 3.1638560933347986 0.0022341873970885807 0.0022341873970885807 0.0022341873970885807 1 1 1 Converged Converged Converged OK OK OK 78 78 78 78 78 78 10 10 10 0 0 0 0 1 0 0 1
67 67 linear 2 23 672 3 0.001 0.68159415015677582 0.17059076745980006 0.33354772745371392 -0.22071420451551882 -0.33131953125850477 -0.15400465902477603 0.5 0.25333370928174181 3.4395791181576811 OK 15 14 0.43920599999999999 0.35358400000000001 0.178922 0.24973200000000001 0.16958000000000001 0 0.18947399999999998 0.184004 0.178922 0.0096749999999999996 0.0099030000000000003 0.0088199999999999997 0.162439 0.15759399999999987 0.15477799999999997 0.0036540000000000001 0.0032950000000000002 0.0028290000000000004 0.00059699999999999998 0.00058399999999999999 0.00052599999999999999 3.4395671197662105 3.4395671197662105 3.4395671197662105 0.0024161602544265975 0.0024161602544265975 0.0024161602544265975 1 1 1 Converged Converged Converged OK OK OK 78 78 78 78 78 78 10 10 10 0 0 0 0 1 0 0 1
67 67 linear 2 0 672 0 0.0001 0.68159415015677582 0.17059076745980006 0.33354772745371392 -0.22071420451551882 -0.33131953125850477 -0.28742375000626164 0.5 0.38675280026322739 2.4496769048486851 OK 15 14 0.480159 0.47658499999999998 0.214721 0.258243 0.25625399999999998 0 0.221916 0.220331 0.214721 0.011165 0.010784999999999999 0.010701 0.16883999999999999 0.16823399999999997 0.16306000000000001 0.0066499999999999997 0.0065880000000000001 0.0066250000000000007 0.00167 0.001851 0.0016610000000000001 2.4496727378481356 2.4496727378481356 2.4496727378481356 0.00011747973857140264 0.00011747973857140264 0.00011747973857140264 1 1 1 Converged Converged Converged OK OK OK 112 112 112 112 112 112 8 8 8 0 0 0 0 0 1 0 0
67 67 linear 2 7 672 1 0.0001 0.68159415015677582 0.17059076745980006 0.33354772745371392 -0.22071420451551882 -0.33131953125850477 -0.24681793970754862 0.5 0.34614698996451437 2.7121587703980268 OK 16 15 0.60737200000000002 0.52257200000000004 0.29542499999999999 0.30290899999999998 0.21514800000000001 0 0.30446300000000004 0.30742400000000003 0.29542499999999999 0.013911 0.014167000000000001 0.013349 0.24341700000000008 0.2424930000000001 0.23282000000000008 0.0075370000000000012 0.0077260000000000002 0.0072550000000000002 0.001934 0.002075 0.0017870000000000002 2.71214313454717 2.71214313454717 2.71214313454717 0.00022624180191210919 0.00022624180191210919 0.00022624180191210919 1 1 1 Converged Converged Converged OK OK OK 149 149 149 149 149 149 11 11 11 0 0 0 0 1 0 0 1
67 67 linear 2 15 672 2 0.0001 0.68159415015677582 0.17059076745980006 0.33354772745371392 -0.22071420451551882 -0.33131953125850477 -0.20041129936616231 0.5 0.29974034962312807 3.163879979850361 OK 15 14 0.53571599999999997 0.45646799999999998 0.25622099999999998 0.26309100000000002 0.18710499999999999 0 0.27262499999999995 0.26936300000000002 0.25622099999999998 0.0098949999999999993 0.0098519999999999996 0.0091579999999999995 0.23418199999999997 0.23298800000000008 0.22106499999999979 0.006389999999999999 0.0056499999999999996 0.0055019999999999991 0.0014170000000000001 0.0013210000000000001 0.001242 3.1638668727552695 3.1638668727552695 3.1638668727552695 0.0002649813968818887 0.0002649813968818887 0.0002649813968818887 1 1 1 Converged Converged Converged OK OK OK 118 118 118 118 118 118 10 10 10 0 0 0 0 1 0 0 1
67 67 linear 2 23 672 3 0.0001 0.68159415015677582 0.17059076745980006 0.33354772745371392 -0.22071420451551882 -0.33131953125850477 -0.15400465902477603 0.5 0.25333370928174181 3.4395791181576811 OK 15 14 0.50321499999999997 0.42995800000000001 0.24409800000000001 0.247473 0.17385500000000001 0 0.25574199999999997 0.25610299999999997 0.24409800000000001 0.0097689999999999999 0.0098659999999999998 0.008966 0.21815400000000001 0.21852800000000006 0.20959299999999995 0.0062389999999999998 0.0066790000000000009 0.0053400000000000001 0.0013549999999999999 0.0013500000000000001 0.0013169999999999998 3.439571591721978 3.439571591721978 3.439571591721978 0.00029076144327423855 0.00029076144327423855 0.00029076144327423855 1 1 1 Converged Converged Converged OK OK OK 118 118 118 118 118 118 10 10 10 0 0 0 0 1 0 0 1
67 67 linear 3 0 673 0 0.001 0.68159415015677582 0.17059076745980006 0.33354772745371392 -0.28269056540714788 0.45029619284842715 -0.34940011089789069 0.5 0.44872916115485645 1.9162773017561179 OK 13 12 0.30579800000000001 0.300875 0.107334 0.19687099999999999 0.19553599999999999 0 0.10892700000000002 0.10533900000000002 0.107334 0.0094859999999999996 0.0094090000000000007 0.010173 0.077248999999999998 0.074166999999999997 0.075399000000000008 0.003588 0.0035110000000000002 0.0034559999999999999 0.00066400000000000009 0.00065600000000000001 0.00063199999999999997 1.9162719806060562 1.9162719806060562 1.9162719806060562 0.0014282120573013105 0.0014282120573013105 0.0014282120573013105 1 1 1 Converged Converged Converged OK OK OK 60 60 60 60 60 60 4 4 4 0 0 0 0 0 1 0 0
67 67 linear 3 7 673 1 0.001 0.68159415015677582 0.17059076745980006 0.33354772745371392 -0.28269056540714788 0.45029619284842715 -0.30879430059917767 0.5 0.40812335085614343 1.9865545449179394 OK 13 12 0.31583 0.23944299999999999 0.098360000000000003 0.21331700000000001 0.13253799999999999 0 0.10251299999999999 0.106905 0.098360000000000003 0.0084030000000000007 0.0085859999999999999 0.0078200000000000006 0.075204999999999994 0.078606000000000023 0.072197999999999984 0.003202 0.0038089999999999999 0.0032820000000000002 0.00063199999999999997 0.00064599999999999998 0.00062500000000000001 1.9865493381538635 1.9865493381538635 1.9865493381538635 0.00088154603866312769 0.00088154603866312769 0.00088154603866312769 1 1 1 Converged Converged Converged OK OK OK 60 60 60 60 60 60 4 4 4 0 0 0 0 1 0 0 1
67 67 linear 3 15 673 2 0.001 0.68159415015677582 0.17059076745980006 0.33354772745371392 -0.28269056540714788 0.45029619284842715 -0.26238766025779137 0.5 0.36171671051475712 2.0756061566272992 OK 13 12 0.30001800000000001 0.23599999999999999 0.102451 0.19275999999999999 0.12687399999999999 0 0.10725800000000002 0.109126 0.102451 0.0084709999999999994 0.0086479999999999994 0.0077600000000000004 0.079770000000000008 0.081086999999999992 0.076360999999999971 0.0032659999999999998 0.0036400000000000004 0.003349 0.00066600000000000003 0.00068800000000000003 0.00064499999999999996 2.0756002412737455 2.0756002412737455 2.0756002412737455 0.0012953548937538043 0.0012953548937538043 0.0012953548937538043 1 1 1 Converged Converged Converged OK OK OK 60 60 60 60 60 60 4 4 4 0 0 0 0 1 0 0 1
67 67 linear 3 23 673 3 0.001 0.68159415015677582 0.17059076745980006 0.33354772745371392 -0.28269056540714788 0.45029619284842715 -0.21598101991640509 0.5 0.31531007017337087 2.1776439739013651 OK 13 12 0.31023600000000001 0.25909900000000002 0.112414 0.19261300000000001 0.13377900000000001 0 0.11762300000000001 0.12532000000000001 0.112414 0.0086040000000000005 0.0085889999999999994 0.0078410000000000007 0.086124999999999979 0.093412000000000009 0.082764000000000018 0.0040720000000000001 0.0043920000000000009 0.0037450000000000001 0.000825 0.00081499999999999997 0.00073999999999999999 2.1776373338832089 2.1776373338832089 2.1776373338832089 0.00087937399307677969 0.00087937399307677969 0.00087937399307677969 1 1 1 Converged Converged Converged OK OK OK 68 68 68 68 68 68 4 4 4 0 0 0 0 1 0 0 1
67 67 linear 3 0 673 0 0.0001 0.68159415015677582 0.17059076745980006 0.33354772745371392 -0.28269056540714788 0.45029619284842715 -0.34940011089789069 0.5 0.44872916115485645 1.9162773017561179 OK 13 12 0.32533499999999999 0.31849300000000003 0.124963 0.19622200000000001 0.193024 0 0.12911299999999998 0.12546900000000002 0.124963 0.0091940000000000008 0.0091649999999999995 0.0087320000000000002 0.091237000000000013 0.087777000000000022 0.087567999999999993 0.004313 0.0043449999999999999 0.0043700000000000006 0.00094600000000000001 0.00096599999999999995 0.00093000000000000005 1.9162761542589921 1.9162761542589921 1.9162761542589921 0.00011448331632802278 0.00011448331632802278 0.00011448331632802278 1 1 1 Converged Converged Converged OK OK OK 76 76 76 76 76 76 4 4 4 0 0 0 0 0 1 0 0
67 67 linear 3 7 673 1 0.0001 0.68159415015677582 0.17059076745980006 0.33354772745371392 -0.28269056540714788 0.45029619284842715 -0.30879430059917767 0.5 0.40812335085614343 1.9865545449179394 OK 13 12 0.324216 0.24851400000000001 0.107469 0.21205499999999999 0.13111400000000001 0 0.11216100000000001 0.1174 0.107469 0.0084279999999999997 0.0085620000000000002 0.007744 0.082414999999999961 0.087588999999999986 0.078878999999999991 0.0036359999999999995 0.0037939999999999996 0.0036879999999999999 0.000776 0.000812 0.00077299999999999992 1.9865532781547062 1.9865532781547062 1.9865532781547062 0.0001781215295558988 0.0001781215295558988 0.0001781215295558988 1 1 1 Converged Converged Converged OK OK OK 68 68 68 68 68 68 4 4 4 0 0 0 0 1 0 0 1
67 67 linear 3 15 673 2 0.0001 0.68159415015677582 0.17059076745980006 0.33354772745371392 -0.28269056540714788 0.45029619284842715 -0.26238766025779137 0.5 0.36171671051475712 2.0756061566272992 OK 13 12 0.32560499999999998 0.25922800000000001 0.121082 0.19423699999999999 0.12839600000000001 0 0.13136799999999998 0.130832 0.121082 0.0085290000000000001 0.0084729999999999996 0.0077609999999999997 0.098855000000000012 0.098639999999999992 0.089936000000000016 0.004163 0.0042260000000000006 0.0042290000000000001 0.00095799999999999998 0.00091499999999999991 0.00092400000000000013 2.0756048167410714 2.0756048167410714 2.0756048167410714 3.8441227810227056e-05 3.8441227810227056e-05 3.8441227810227056e-05 1 1 1 Converged Converged Converged OK OK OK 76 76 76 76 76 76 4 4 4 0 0 0 0 1 0 0 1
67 67 linear 3 23 673 3 0.0001 0.68159415015677582 0.17059076745980006 0.33354772745371392 -0.28269056540714788 0.45029619284842715 -0.21598101991640509 0.5 0.31531007017337087 2.1776439739013651 OK 13 12 0.31693199999999999 0.26278099999999999 0.123391 0.19162799999999999 0.13056100000000001 0 0.125304 0.13221999999999998 0.123391 0.0084060000000000003 0.0085089999999999992 0.0077920000000000003 0.093168000000000029 0.100394 0.092398000000000022 0.0039879999999999994 0.0040829999999999998 0.0041599999999999996 0.00087399999999999999 0.00087000000000000001 0.00088000000000000014 2.1776420838141122 2.1776420838141122 2.1776420838141122 2.4397908598101722e-05 2.4397908598101722e-05 2.4397908598101722e-05 1 1 1 Converged Converged Converged OK OK OK 76 76 76 76 76 76 4 4 4 0 0 0 0 1 0 0 1
67 67 linear 4 0 674 0 0.001 0.68159415015677582 0.17059076745980006 0.33354772745371392 1.1319560223497804 -0.58378635893596731 1.0652464768590377 0.5 -0.96591742660207203 1.1934936449535887 OK 12 11 0.29375600000000002 0.287157 0.091859999999999997 0.19667899999999999 0.19375200000000001 0 0.097077000000000024 0.093404999999999988 0.091859999999999997 0.0095759999999999994 0.0092890000000000004 0.0087530000000000004 0.065999999999999961 0.063467999999999997 0.063136000000000012 0.003441 0.0031470000000000001 0.0029809999999999997 0.00073999999999999999 0.000803 0.00075100000000000004 1.1934934309198346 1.1934934309198346 1.1934934309198346 0.00090215108490598753 0.00090215108490598753 0.00090215108490598753 1 1 1 Converged Converged Converged OK OK OK 60 60 60 60 60 60 4 4 4 0 0 0 0 0 1 0 0
67 67 linear 4 7 674 1 0.001 0.68159415015677582 0.17059076745980006 0.33354772745371392 1.1319560223497804 -0.58378635893596731 1.1058522871577507 0.5 -1.006523236900785 1.1789751949040295 OK 12 11 0.28489700000000001 0.21757099999999999 0.087044999999999997 0.19294600000000001 0.124275 0 0.091951000000000005 0.09329599999999999 0.087044999999999997 0.0084370000000000001 0.0083990000000000002 0.0077409999999999996 0.065366999999999981 0.067343999999999987 0.062440999999999997 0.0032789999999999998 0.0031339999999999996 0.0030629999999999998 0.00071099999999999994 0.00079900000000000001 0.00070800000000000008 1.1789745393534776 1.1789745393534776 1.1789745393534776 0.00050231015767855875 0.00050231015767855875 0.00050231015767855875 1 1 1 Converged Converged Converged OK OK OK 60 60 60 60 60 60 4 4 4 0 0 0 0 1 0 0 1
67 67 linear 4 15 674 2 0.001 0.68159415015677582 0.17059076745980006 0.33354772745371392 1.1319560223497804 -0.58378635893596731 1.1522589274991368 0.5 -1.0529298772421711 1.1641549353064973 OK 12 11 0.28542200000000001 0.223388 0.087301000000000004 0.19436800000000001 0.12749099999999999 0 0.091053999999999996 0.09589700000000001 0.087301000000000004 0.0082920000000000008 0.0082380000000000005 0.007672 0.065153000000000003 0.070246000000000003 0.062800999999999996 0.0031830000000000001 0.0031580000000000002 0.003075 0.00072799999999999991 0.00071900000000000002 0.000696 1.1641544207544414 1.1641544207544414 1.1641544207544414 0.0005959552513170207 0.0005959552513170207 0.0005959552513170207 1 1 1 Converged Converged Converged OK OK OK 60 60 60 60 60 60 4 4 4 0 0 0 0 1 0 0 1
67 67 linear 4 23 674 3 0.001 0.68159415015677582 0.17059076745980006 0.33354772745371392 1.1319560223497804 -0.58378635893596731 1.1986655678405231 0.5 -1.0993365175835574 1.1509180368507086 OK 12 11 0.284576 0.22117400000000001 0.089509000000000005 0.191104 0.123179 0 0.093472 0.097995000000000013 0.089509000000000005 0.0085129999999999997 0.0085360000000000002 0.0078169999999999993 0.064431999999999975 0.069110999999999992 0.062089999999999992 0.0034020000000000001 0.0033370000000000001 0.003287 0.000803 0.00080800000000000002 0.00073600000000000011 1.1509173708910649 1.1509173708910649 1.1509173708910649 0.00010451319431105522 0.00010451319431105522 0.00010451319431105522 1 1 1 Converged Converged Converged OK OK OK 61 61 61 61 61 61 3 3 3 0 0 0 0 1 0 0 1
67 67 linear 4 0 674 0 0.0001 0.68159415015677582 0.17059076745980006 0.33354772745371392 1.1319560223497804 -0.58378635893596731 1.0652464768590377 0.5 -0.96591742660207203 1.1934936449535887 OK 12 11 0.32447300000000001 0.31769500000000001 0.123415 0.196377 0.19456100000000001 0 0.12809600000000002 0.12313399999999999 0.123415 0.0093039999999999998 0.0090039999999999999 0.0088620000000000001 0.088489000000000026 0.08563599999999999 0.085286999999999974 0.0048579999999999995 0.0043290000000000004 0.0047530000000000003 0.0010399999999999999 0.00093700000000000001 0.0010200000000000001 1.1934929029411951 1.1934929029411951 1.1934929029411951 5.2559913029111025e-05 5.2559913029111025e-05 5.2559913029111025e-05 1 1 1 Converged Converged Converged OK OK OK 84 84 84 84 84 84 4 4 4 0 0 0 0 0 1 0 0
67 67 linear 4 7 674 1 0.0001 0.68159415015677582 0.17059076745980006 0.33354772745371392 1.1319560223497804 -0.58378635893596731 1.1058522871577507 0.5 -1.006523236900785 1.1789751949040295 OK 12 11 0.30346499999999998 0.24007300000000001 0.106908 0.19279299999999999 0.127523 0 0.11067199999999999 0.11255000000000001 0.106908 0.0082369999999999995 0.0084259999999999995 0.0078320000000000004 0.081450000000000009 0.083127000000000006 0.078175999999999982 0.0038419999999999999 0.0040569999999999998 0.0038589999999999996 0.00093300000000000002 0.00096699999999999998 0.00098200000000000002 1.1789744864835237 1.1789744864835237 1.1789744864835237 0.00010264473927471682 0.00010264473927471682 0.00010264473927471682 1 1 1 Converged Converged Converged OK OK OK 76 76 76 76 76 76 4 4 4 0 0 0 0 1 0 0 1
67 67 linear 4 15 674 2 0.0001 0.68159415015677582 0.17059076745980006 0.33354772745371392 1.1319560223497804 -0.58378635893596731 1.1522589274991368 0.5 -1.0529298772421711 1.1641549353064973 OK 12 11 0.31629699999999999 0.25271399999999999 0.116466 0.195519 0.12203 0 0.120778 0.13068399999999999 0.116466 0.0081740000000000007 0.0083219999999999995 0.00777 0.088360999999999967 0.098091000000000025 0.085057000000000021 0.0043540000000000002 0.0044720000000000003 0.0042810000000000001 0.0010199999999999999 0.0010740000000000001 0.0010040000000000001 1.1641542251639707 1.1641542251639707 1.1641542251639707 3.1479617257457368e-05 3.1479617257457368e-05 3.1479617257457368e-05 1 1 1 Converged Converged Converged OK OK OK 84 84 84 84 84 84 4 4 4 0 0 0 0 1 0 0 1
67 67 linear 4 23 674 3 0.0001 0.68159415015677582 0.17059076745980006 0.33354772745371392 1.1319560223497804 -0.58378635893596731 1.1986655678405231 0.5 -1.0993365175835574 1.1509180368507086 OK 12 11 0.285331 0.222883 0.088777999999999996 0.19303400000000001 0.125025 0 0.09229699999999999 0.097858000000000001 0.088777999999999996 0.0082850000000000007 0.0085050000000000004 0.0078130000000000005 0.064475000000000005 0.069532000000000024 0.062319000000000006 0.0032029999999999997 0.0035510000000000003 0.0031209999999999996 0.00080099999999999995 0.00077600000000000011 0.00079100000000000004 1.1509173708910649 1.1509173708910649 1.1509173708910649 0.00010451319431105522 0.00010451319431105522 0.00010451319431105522 1 1 1 Converged Converged Converged OK OK OK 61 61 61 61 61 61 3 3 3 0 0 0 0 1 0 0 1
67 67 uniform 0 0 675 0 0.001 0.68159415015677582 0.17059076745980006 0.33354772745371392 0.62318945366947542 -0.79300872287866431 0.55647990817873261 0 -0.45715085792176685 1.6730307971917229 OK 13 12 0.380106 0.37727100000000002 0.121226 0.25905400000000001 0.25469799999999998 0 0.12105199999999999 0.12257300000000004 0.121226 0.011256 0.011455999999999999 0.011018999999999999 0.086571000000000009 0.087668999999999969 0.087147000000000002 0.0025860000000000002 0.0027439999999999999 0.002833 0.00067699999999999998 0.00076399999999999992 0.00072000000000000005 1.6730310231535985 1.6730310231535985 1.6730310231535985 0.0010161131241427661 0.0010161131241427661 0.0010161131241427661 1 1 1 Converged Converged Converged OK OK OK 79 79 79 79 79 79 9 9 9 0 0 0 0 0 1 0 0
67 67 uniform 0 7 675 1 0.001 0.68159415015677582 0.17059076745980006 0.33354772745371392 0.62318945366947542 -0.79300872287866431 0.59708571847744563 0 -0.49775666822047987 1.6372709799090879 OK 11 10 0.26734999999999998 0.20200399999999999 0.073682999999999998 0.191298 0.123006 0 0.076051999999999981 0.078997999999999985 0.073682999999999998 0.0064640000000000001 0.0061549999999999999 0.0057229999999999998 0.057745000000000005 0.061696999999999995 0.057002000000000018 0.001817 0.00167 0.0016649999999999998 0.00049100000000000001 0.00043900000000000005 0.00044899999999999996 1.6373268322902914 1.6373268322902914 1.6373268322902914 0.0015711987343014272 0.0015711987343014272 0.0015711987343014272 1 1 1 Converged Converged Converged OK OK OK 64 64 64 64 64 64 8 8 8 0 0 0 0 1 0 0 1
67 67 uniform 0 15 675 2 0.001 0.68159415015677582 0.17059076745980006 0.33354772745371392 0.62318945366947542 -0.79300872287866431 0.64349235881883193 0 -0.54416330856186623 1.594721600794816 OK 11 10 0.26207200000000003 0.19433500000000001 0.074163999999999994 0.186114 0.117128 0 0.075958000000000025 0.077207000000000012 0.074163999999999994 0.0060699999999999999 0.0059090000000000002 0.0055820000000000002 0.056751000000000003 0.058217000000000005 0.055925000000000002 0.0020869999999999999 0.0022300000000000002 0.0021919999999999999 0.00065099999999999999 0.00066799999999999997 0.00062599999999999993 1.5947731599829993 1.5947731599829993 1.5947731599829993 0.0012084947220916702 0.0012084947220916702 0.0012084947220916702 1 1 1 Converged Converged Converged OK OK OK 72 72 72 72 72 72 8 8 8 0 0 0 0 1 0 0 1
67 67 uniform 0 23 675 3 0.001 0.68159415015677582 0.17059076745980006 0.33354772745371392 0.62318945366947542 -0.79300872287866431 0.68989899916021824 0 -0.59056994890325254 1.5506923176236291 OK 11 10 0.25727299999999997 0.18870999999999999 0.066465999999999997 0.188467 0.118308 0 0.068805999999999978 0.070401999999999992 0.066465999999999997 0.006215 0.0060299999999999998 0.0055250000000000004 0.050242000000000002 0.052458000000000012 0.049397999999999997 0.0019740000000000001 0.0019580000000000001 0.001866 0.00066399999999999999 0.00067299999999999999 0.00060700000000000001 1.5507257072262095 1.5507257072262095 1.5507257072262095 0.0011646521009727098 0.0011646521009727098 0.0011646521009727098 1 1 1 Converged Converged Converged OK OK OK 65 65 65 65 65 65 7 7 7 0 0 0 0 1 0 0 1
67 67 uniform 0 0 675 0 0.0001 0.68159415015677582 0.17059076745980006 0.33354772745371392 0.62318945366947542 -0.79300872287866431 0.55647990817873261 0 -0.45715085792176685 1.6730307971917229 OK 13 12 0.395312 0.40226299999999998 0.142231 0.25747700000000001 0.26186799999999999 0 0.13783499999999999 0.14039499999999999 0.142231 0.011159000000000001 0.011632 0.011029000000000001 0.097085000000000005 0.098354999999999984 0.10220800000000001 0.0032719999999999997 0.0037399999999999998 0.0033269999999999997 0.0011029999999999998 0.0012509999999999999 0.001096 1.6730307115353358 1.6730307115353358 1.6730307115353358 9.8251479358962767e-05 9.8251479358962767e-05 9.8251479358962767e-05 1 1 1 Converged Converged Converged OK OK OK 95 95 95 95 95 95 9 9 9 0 0 0 0 0 1 0 0
67 67 uniform 0 7 675 1 0.0001 0.68159415015677582 0.17059076745980006 0.33354772745371392 0.62318945366947542 -0.79300872287866431 0.59708571847744563 0 -0.49775666822047987 1.6372709799090879 OK 11 10 0.30714799999999998 0.24341299999999999 0.1103 0.19528599999999999 0.124414 0 0.11186199999999999 0.11899899999999999 0.1103 0.0061399999999999996 0.0064599999999999996 0.0059119999999999997 0.084154999999999994 0.090618999999999977 0.083600999999999995 0.0036709999999999998 0.0039500000000000004 0.0035620000000000001 0.0011580000000000002 0.0012270000000000002 0.0011069999999999999 1.6372693722325276 1.6372693722325276 1.6372693722325276 0.00012981328787018721 0.00012981328787018721 0.00012981328787018721 1 1 1 Converged Converged Converged OK OK OK 104 104 104 104 104 104 8 8 8 0 0 0 0 1 0 0 1
67 67 uniform 0 15 675 2 0.0001 0.68159415015677582 0.17059076745980006 0.33354772745371392 0.62318945366947542 -0.79300872287866431 0.64349235881883193 0 -0.54416330856186623 1.594721600794816 OK 11 10 0.31288899999999997 0.25658599999999998 0.125967 0.185756 0.12037399999999999 0 0.12713299999999997 0.136212 0.125967 0.0060920000000000002 0.0063879999999999996 0.0056470000000000001 0.092816000000000037 0.09965099999999999 0.092987 0.0048929999999999998 0.0063009999999999993 0.0049919999999999999 0.001304 0.001629 0.0013419999999999999 1.5947215303652513 1.5947215303652513 1.5947215303652513 0.00012854066303592094 0.00012854066303592094 0.00012854066303592094 1 1 1 Converged Converged Converged OK OK OK 128 128 128 128 128 128 8 8 8 0 0 0 0 1 0 0 1
67 67 uniform 0 23 675 3 0.0001 0.68159415015677582 0.17059076745980006 0.33354772745371392 0.62318945366947542 -0.79300872287866431 0.68989899916021824 0 -0.59056994890325254 1.5506923176236291 OK 11 10 0.30605100000000002 0.24047399999999999 0.113861 0.186915 0.117188 0 0.11913600000000002 0.12328599999999999 0.113861 0.0061520000000000004 0.006143 0.0057530000000000003 0.086803000000000005 0.093623999999999999 0.084962999999999997 0.0062030000000000002 0.0046469999999999992 0.0045770000000000003 0.0015680000000000002 0.001333 0.0012999999999999999 1.5506918739017053 1.5506918739017053 1.5506918739017053 0.000138442088686837 0.000138442088686837 0.000138442088686837 1 1 1 Converged Converged Converged OK OK OK 121 121 121 121 121 121 7 7 7 0 0 0 0 1 0 0 1
67 67 uniform 1 0 676 0 0.001 0.68159415015677582 0.17059076745980006 0.33354772745371392 0.62723213630380692 0.63154004011100817 0.5605225908130641 0 -0.46119354055609835 1.7792536942365929 OK 12 11 0.302846 0.30514000000000002 0.111498 0.19028200000000001 0.19105 0 0.112564 0.11409000000000002 0.111498 0.0097920000000000004 0.010083 0.0096109999999999998 0.077295000000000003 0.077708999999999973 0.07655900000000003 0.0029259999999999998 0.0030890000000000006 0.0029389999999999998 0.00085299999999999992 0.00083699999999999985 0.00084500000000000005 1.7792554039390405 1.7792554039390405 1.7792554039390405 0.00093950507335469275 0.00093950507335469275 0.00093950507335469275 1 1 1 Converged Converged Converged OK OK OK 87 87 87 87 87 87 9 9 9 0 0 0 0 0 1 0 0
67 67 uniform 1 7 676 1 0.001 0.68159415015677582 0.17059076745980006 0.33354772745371392 0.62723213630380692 0.63154004011100817 0.60112840111177712 0 -0.50179935085481131 1.7238895517820847 OK 12 11 0.29317199999999999 0.236459 0.100587 0.19039 0.12800600000000001 0 0.10278199999999998 0.10845299999999999 0.100587 0.0088830000000000003 0.0088660000000000006 0.0081869999999999998 0.075356000000000006 0.081379000000000007 0.074768999999999988 0.0029729999999999999 0.0031160000000000003 0.0029990000000000008 0.00088100000000000006 0.00085999999999999998 0.00083099999999999992 1.7239173805123105 1.7239173805123105 1.7239173805123105 0.0012156450914835239 0.0012156450914835239 0.0012156450914835239 1 1 1 Converged Converged Converged OK OK OK 87 87 87 87 87 87 9 9 9 0 0 0 0 1 0 0 1
67 67 uniform 1 15 676 2 0.001 0.68159415015677582 0.17059076745980006 0.33354772745371392 0.62723213630380692 0.63154004011100817 0.64753504145316343 0 -0.54820599119619762 1.66077173773557 OK 12 11 0.28204000000000001 0.22273899999999999 0.091283000000000003 0.188499 0.1268 0 0.093541000000000013 0.095938999999999997 0.091283000000000003 0.0090740000000000005 0.0091090000000000008 0.0083590000000000001 0.067490000000000008 0.070192999999999992 0.066837999999999995 0.0027330000000000002 0.0027890000000000007 0.0027810000000000001 0.000834 0.00084699999999999999 0.00075799999999999999 1.660771651987639 1.660771651987639 1.660771651987639 0.0011295335514646271 0.0011295335514646271 0.0011295335514646271 1 1 1 Converged Converged Converged OK OK OK 80 80 80 80 80 80 8 8 8 0 0 0 0 1 0 0 1
67 67 uniform 1 23 676 3 0.001 0.68159415015677582 0.17059076745980006 0.33354772745371392 0.62723213630380692 0.63154004011100817 0.69394168179454974 0 -0.59461263153758392 1.597767393725984 OK 12 11 0.288489 0.233823 0.091968999999999995 0.19120599999999999 0.128216 0 0.097283000000000008 0.10560700000000001 0.091968999999999995 0.008744 0.0088409999999999999 0.0080239999999999999 0.071486999999999995 0.074488999999999986 0.067777999999999991 0.0028559999999999996 0.0030840000000000004 0.002653 0.00081999999999999998 0.00080100000000000006 0.00079699999999999997 1.5977670653192921 1.5977670653192921 1.5977670653192921 0.0010587158246860976 0.0010587158246860976 0.0010587158246860976 1 1 1 Converged Converged Converged OK OK OK 80 80 80 80 80 80 8 8 8 0 0 0 0 1 0 0 1
67 67 uniform 1 0 676 0 0.0001 0.68159415015677582 0.17059076745980006 0.33354772745371392 0.62723213630380692 0.63154004011100817 0.5605225908130641 0 -0.46119354055609835 1.7792536942365929 OK 12 11 0.34591100000000002 0.34309699999999999 0.147947 0.19254399999999999 0.19386800000000001 0 0.15336700000000003 0.14922899999999997 0.147947 0.010260999999999999 0.010074 0.0098770000000000004 0.10451100000000008 0.100929 0.1003 0.0047660000000000003 0.0046229999999999995 0.004568 0.0015240000000000002 0.001444 0.0015020000000000001 1.7792536946543849 1.7792536946543849 1.7792536946543849 9.9289704336097154e-05 9.9289704336097154e-05 9.9289704336097154e-05 1 1 1 Converged Converged Converged OK OK OK 111 111 111 111 111 111 9 9 9 0 0 0 0 0 1 0 0
67 67 uniform 1 7 676 1 0.0001 0.68159415015677582 0.17059076745980006 0.33354772745371392 0.62723213630380692 0.63154004011100817 0.60112840111177712 0 -0.50179935085481131 1.7238895517820847 OK 12 11 0.32857199999999998 0.274924 0.13637299999999999 0.189833 0.12592999999999999 0 0.13873899999999997 0.14899400000000002 0.13637299999999999 0.0087170000000000008 0.0089269999999999992 0.0081700000000000002 0.10168000000000002 0.11175399999999995 0.101064 0.005143 0.0050520000000000001 0.0047809999999999997 0.0013199999999999996 0.0013210000000000001 0.0012590000000000001 1.7238897711577714 1.7238897711577714 1.7238897711577714 0.00013884200523343318 0.00013884200523343318 0.00013884200523343318 1 1 1 Converged Converged Converged OK OK OK 119 119 119 119 119 119 9 9 9 0 0 0 0 1 0 0 1
67 67 uniform 1 15 676 2 0.0001 0.68159415015677582 0.17059076745980006 0.33354772745371392 0.62723213630380692 0.63154004011100817 0.64753504145316343 0 -0.54820599119619762 1.66077173773557 OK 12 11 0.31917800000000002 0.26042100000000001 0.12718099999999999 0.189303 0.126247 0 0.12987500000000002 0.13417400000000002 0.12718099999999999 0.0091350000000000008 0.008992 0.0083689999999999997 0.095843000000000025 0.10119200000000002 0.095012999999999986 0.0045820000000000001 0.004365 0.0042920000000000007 0.001333 0.0012520000000000001 0.0012459999999999999 1.6607717253721201 1.6607717253721201 1.6607717253721201 0.00010088881345381535 0.00010088881345381535 0.00010088881345381535 1 1 1 Converged Converged Converged OK OK OK 112 112 112 112 112 112 8 8 8 0 0 0 0 1 0 0 1
67 67 uniform 1 23 676 3 0.0001 0.68159415015677582 0.17059076745980006 0.33354772745371392 0.62723213630380692 0.63154004011100817 0.69394168179454974 0 -0.59461263153758392 1.597767393725984 OK 12 11 0.32209300000000002 0.27235399999999998 0.121242 0.19492200000000001 0.136161 0 0.12717100000000001 0.13619299999999998 0.121242 0.0086420000000000004 0.0088389999999999996 0.0080110000000000008 0.094866000000000075 0.10195499999999993 0.090135000000000007 0.003908 0.0049750000000000003 0.0038809999999999999 0.0012900000000000001 0.0014 0.0012180000000000001 1.5977674710479188 1.5977674710479188 1.5977674710479188 0.00011919030792722586 0.00011919030792722586 0.00011919030792722586 1 1 1 Converged Converged Converged OK OK OK 104 104 104 104 104 104 8 8 8 0 0 0 0 1 0 0 1
67 67 uniform 2 0 677 0 0.001 0.68159415015677582 0.17059076745980006 0.33354772745371392 -0.22071420451551882 -0.33131953125850477 -0.28742375000626164 0 0.38675280026322739 2.4830621922447156 OK 15 14 0.39829100000000001 0.401005 0.139572 0.25833299999999998 0.25949899999999998 0 0.13995800000000003 0.14150600000000002 0.139572 0.010614 0.011146 0.010473 0.10393300000000004 0.10472999999999996 0.10385399999999997 0.0031190000000000002 0.0032919999999999998 0.0032150000000000004 0.00093700000000000012 0.001078 0.00095999999999999992 2.4830615457572756 2.4830615457572756 2.4830615457572756 0.0014402469637294398 0.0014402469637294398 0.0014402469637294398 1 1 1 Converged Converged Converged OK OK OK 80 80 80 80 80 80 8 8 8 0 0 0 0 0 1 0 0
67 67 uniform 2 7 677 1 0.001 0.68159415015677582 0.17059076745980006 0.33354772745371392 -0.22071420451551882 -0.33131953125850477 -0.24681793970754862 0 0.34614698996451437 2.7989265512015202 OK 16 15 0.502826 0.41814499999999999 0.192575 0.30270000000000002 0.22047700000000001 0 0.20012599999999997 0.19766799999999998 0.192575 0.013705 0.013832000000000001 0.013216 0.15219500000000002 0.15370500000000001 0.14996000000000004 0.0083549999999999978 0.0043379999999999998 0.0041869999999999997 0.001132 0.0012860000000000003 0.0011850000000000001 2.7989929063697141 2.7989929063697141 2.7989929063697141 0.0022246725798232151 0.0022246725798232151 0.0022246725798232151 1 1 1 Converged Converged Converged OK OK OK 109 109 109 109 109 109 11 11 11 0 0 0 0 1 0 0 1
67 67 uniform 2 15 677 2 0.001 0.68159415015677582 0.17059076745980006 0.33354772745371392 -0.22071420451551882 -0.33131953125850477 -0.20041129936616231 0 0.29974034962312807 3.2993893795183937 OK 15 14 0.40001100000000001 0.322268 0.13197999999999999 0.264511 0.186726 0 0.13550000000000001 0.135542 0.13197999999999999 0.0098110000000000003 0.0099659999999999992 0.0091660000000000005 0.10928699999999998 0.10955099999999994 0.10783700000000002 0.0026710000000000002 0.0026310000000000005 0.0024440000000000004 0.00060399999999999994 0.00064900000000000005 0.00053399999999999997 3.2993752359420676 3.2993752359420676 3.2993752359420676 0.0031464634260627211 0.0031464634260627211 0.0031464634260627211 1 1 1 Converged Converged Converged OK OK OK 78 78 78 78 78 78 10 10 10 0 0 0 0 1 0 0 1
67 67 uniform 2 23 677 3 0.001 0.68159415015677582 0.17059076745980006 0.33354772745371392 -0.22071420451551882 -0.33131953125850477 -0.15400465902477603 0 0.25333370928174181 3.5445547210211874 OK 15 14 0.39013799999999998 0.31007699999999999 0.13433200000000001 0.25262400000000002 0.171487 0 0.13751399999999997 0.13858999999999999 0.13433200000000001 0.0097370000000000009 0.0098860000000000007 0.0087980000000000003 0.11217200000000004 0.11287399999999996 0.11075399999999999 0.002506 0.002604 0.0023120000000000003 0.00058299999999999997 0.00056299999999999992 0.00053499999999999999 3.5445576802595569 3.5445576802595569 3.5445576802595569 0.0027880901043799327 0.0027880901043799327 0.0027880901043799327 1 1 1 Converged Converged Converged OK OK OK 78 78 78 78 78 78 10 10 10 0 0 0 0 1 0 0 1
67 67 uniform 2 0 677 0 0.0001 0.68159415015677582 0.17059076745980006 0.33354772745371392 -0.22071420451551882 -0.33131953125850477 -0.28742375000626164 0 0.38675280026322739 2.4830621922447156 OK 15 14 0.44576700000000002 0.44623400000000002 0.18367 0.26416400000000001 0.26118599999999997 0 0.18160300000000001 0.18504800000000005 0.18367 0.010611000000000001 0.011058999999999999 0.010592000000000001 0.13187900000000011 0.13383100000000006 0.133493 0.0051190000000000003 0.005742999999999999 0.0054599999999999996 0.001397 0.001622 0.0015919999999999999 2.4830625078220092 2.4830625078220092 2.4830625078220092 0.000168675775297792 0.000168675775297792 0.000168675775297792 1 1 1 Converged Converged Converged OK OK OK 112 112 112 112 112 112 8 8 8 0 0 0 0 0 1 0 0
67 67 uniform 2 7 677 1 0.0001 0.68159415015677582 0.17059076745980006 0.33354772745371392 -0.22071420451551882 -0.33131953125850477 -0.24681793970754862 0 0.34614698996451437 2.7989265512015202 OK 16 15 0.55976499999999996 0.48075699999999999 0.25302799999999998 0.30227100000000001 0.22150500000000001 0 0.25749399999999995 0.25925199999999998 0.25302799999999998 0.013821 0.013972999999999999 0.013682 0.19433200000000003 0.19857699999999992 0.19299300000000011 0.0082939999999999993 0.0074519999999999994 0.0070070000000000002 0.002078 0.0019959999999999999 0.0019 2.7989317847510615 2.7989317847510615 2.7989317847510615 0.00021642632548866963 0.00021642632548866963 0.00021642632548866963 1 1 1 Converged Converged Converged OK OK OK 157 157 157 157 157 157 11 11 11 0 0 0 0 1 0 0 1
67 67 uniform 2 15 677 2 0.0001 0.68159415015677582 0.17059076745980006 0.33354772745371392 -0.22071420451551882 -0.33131953125850477 -0.20041129936616231 0 0.29974034962312807 3.2993893795183937 OK 15 14 0.46190199999999998 0.38708599999999999 0.193269 0.26420700000000003 0.18643399999999999 0 0.19769499999999995 0.200652 0.193269 0.010024999999999999 0.0099310000000000006 0.0092589999999999999 0.15876199999999988 0.16274300000000003 0.15741399999999997 0.0056039999999999996 0.0055550000000000009 0.0051100000000000008 0.001593 0.001387 0.0014200000000000003 3.2993895708578291 3.2993895708578291 3.2993895708578291 0.00010684671400084284 0.00010684671400084284 0.00010684671400084284 1 1 1 Converged Converged Converged OK OK OK 126 126 126 126 126 126 10 10 10 0 0 0 0 1 0 0 1
67 67 uniform 2 23 677 3 0.0001 0.68159415015677582 0.17059076745980006 0.33354772745371392 -0.22071420451551882 -0.33131953125850477 -0.15400465902477603 0 0.25333370928174181 3.5445547210211874 OK 15 14 0.46427000000000002 0.390123 0.20751800000000001 0.25195299999999998 0.16917699999999999 0 0.21231700000000003 0.220946 0.20751800000000001 0.0096240000000000006 0.0099139999999999992 0.0088229999999999992 0.17460000000000001 0.18325499999999995 0.17253899999999994 0.0053719999999999992 0.0054070000000000003 0.0048040000000000001 0.001529 0.001565 0.001456 3.5445570796668466 3.5445570796668466 3.5445570796668466 0.00023984023751365429 0.00023984023751365429 0.00023984023751365429 1 1 1 Converged Converged Converged OK OK OK 126 126 126 126 126 126 10 10 10 0 0 0 0 1 0 0 1
67 67 uniform 3 0 678 0 0.001 0.68159415015677582 0.17059076745980006 0.33354772745371392 -0.28269056540714788 0.45029619284842715 -0.34940011089789069 0 0.44872916115485645 1.925189882003983 OK 13 12 0.270366 0.26825599999999999 0.070910000000000001 0.19775200000000001 0.19583999999999999 0 0.072613999999999984 0.072416000000000008 0.070910000000000001 0.0092820000000000003 0.0091540000000000007 0.008659 0.044549999999999992 0.044655999999999987 0.043822 0.0025399999999999997 0.0025820000000000001 0.0025530000000000001 0.00060400000000000004 0.00062500000000000001 0.00057200000000000003 1.9251889904305024 1.9251889904305024 1.9251889904305024 0.0013671927315503974 0.0013671927315503974 0.0013671927315503974 1 1 1 Converged Converged Converged OK OK OK 52 52 52 52 52 52 4 4 4 0 0 0 0 0 1 0 0
67 67 uniform 3 7 678 1 0.001 0.68159415015677582 0.17059076745980006 0.33354772745371392 -0.28269056540714788 0.45029619284842715 -0.30879430059917767 0 0.40812335085614343 1.9968914592440983 OK 13 12 0.272534 0.19576499999999999 0.058582000000000002 0.211283 0.13489899999999999 0 0.061251 0.060866000000000003 0.058582000000000002 0.0085769999999999996 0.0086049999999999998 0.0078200000000000006 0.038740999999999998 0.038983000000000004 0.03770600000000001 0.0021489999999999999 0.0021219999999999998 0.0020920000000000001 0.00051199999999999998 0.00047899999999999999 0.00046499999999999997 1.996889870280137 1.996889870280137 1.996889870280137 0.0018432902141838569 0.0018432902141838569 0.0018432902141838569 1 1 1 Converged Converged Converged OK OK OK 44 44 44 44 44 44 4 4 4 0 0 0 0 1 0 0 1
67 67 uniform 3 15 678 2 0.001 0.68159415015677582 0.17059076745980006 0.33354772745371392 -0.28269056540714788 0.45029619284842715 -0.26238766025779137 0 0.36171671051475712 2.0881076838452981 OK 13 12 0.28392099999999998 0.217173 0.084940000000000002 0.195855 0.12623200000000001 0 0.088065999999999978 0.090940999999999994 0.084940000000000002 0.0084829999999999992 0.0085800000000000008 0.0078120000000000004 0.059636999999999996 0.062759000000000009 0.058323999999999994 0.0033830000000000002 0.0032989999999999998 0.003202 0.000638 0.00062100000000000002 0.00057200000000000003 2.0881062400508505 2.0881062400508505 2.0881062400508505 0.0015066766389267923 0.0015066766389267923 0.0015066766389267923 1 1 1 Converged Converged Converged OK OK OK 60 60 60 60 60 60 4 4 4 0 0 0 0 1 0 0 1
67 67 uniform 3 23 678 3 0.001 0.68159415015677582 0.17059076745980006 0.33354772745371392 -0.28269056540714788 0.45029619284842715 -0.21598101991640509 0 0.31531007017337087 2.1935848672765079 OK 13 12 0.28777000000000003 0.235454 0.091976000000000002 0.192352 0.13073799999999999 0 0.095418000000000031 0.104716 0.091976000000000002 0.0084340000000000005 0.0084720000000000004 0.0078050000000000003 0.064220999999999986 0.074122000000000007 0.062904000000000002 0.0038900000000000002 0.0037720000000000002 0.0035019999999999999 0.00072000000000000005 0.00071000000000000002 0.00069999999999999999 2.1935835201517024 2.1935835201517024 2.1935835201517024 0.00084915959132649877 0.00084915959132649877 0.00084915959132649877 1 1 1 Converged Converged Converged OK OK OK 68 68 68 68 68 68 4 4 4 0 0 0 0 1 0 0 1
67 67 uniform 3 0 678 0 0.0001 0.68159415015677582 0.17059076745980006 0.33354772745371392 -0.28269056540714788 0.45029619284842715 -0.34940011089789069 0 0.44872916115485645 1.925189882003983 OK 13 12 0.30149500000000001 0.30163499999999999 0.10272299999999999 0.197356 0.19428799999999999 0 0.10413900000000001 0.107347 0.10272299999999999 0.0092800000000000001 0.0092759999999999995 0.0087670000000000005 0.066769999999999968 0.070187999999999987 0.066403000000000018 0.0038649999999999999 0.0038960000000000006 0.0039750000000000002 0.00089100000000000008 0.00083999999999999993 0.00084000000000000003 1.925189815079694 1.925189815079694 1.925189815079694 1.9801674581484259e-05 1.9801674581484259e-05 1.9801674581484259e-05 1 1 1 Converged Converged Converged OK OK OK 76 76 76 76 76 76 4 4 4 0 0 0 0 0 1 0 0
67 67 uniform 3 7 678 1 0.0001 0.68159415015677582 0.17059076745980006 0.33354772745371392 -0.28269056540714788 0.45029619284842715 -0.30879430059917767 0 0.40812335085614343 1.9968914592440983 OK 13 12 0.305261 0.22831099999999999 0.087382000000000001 0.21568200000000001 0.13384599999999999 0 0.089578999999999992 0.094464999999999993 0.087382000000000001 0.0086420000000000004 0.0087030000000000007 0.0078740000000000008 0.059915999999999983 0.064686000000000021 0.058998000000000009 0.0034929999999999996 0.0036759999999999996 0.0035739999999999999 0.00074700000000000005 0.00075999999999999993 0.00073700000000000002 1.9968913092607385 1.9968913092607385 1.9968913092607385 0.00017806141661927025 0.00017806141661927025 0.00017806141661927025 1 1 1 Converged Converged Converged OK OK OK 68 68 68 68 68 68 4 4 4 0 0 0 0 1 0 0 1
67 67 uniform 3 15 678 2 0.0001 0.68159415015677582 0.17059076745980006 0.33354772745371392 -0.28269056540714788 0.45029619284842715 -0.26238766025779137 0 0.36171671051475712 2.0881076838452981 OK 13 12 0.30056300000000002 0.236563 0.099845000000000003 0.19379099999999999 0.12729599999999999 0 0.10677200000000003 0.109267 0.099845000000000003 0.013823999999999999 0.0086800000000000002 0.0077730000000000004 0.069604000000000041 0.077187000000000006 0.069311999999999985 0.0038760000000000001 0.0040850000000000001 0.0039090000000000001 0.00085000000000000006 0.00090400000000000007 0.00083599999999999994 2.0881075325961924 2.0881075325961924 2.0881075325961924 1.1369865939050101e-05 1.1369865939050101e-05 1.1369865939050101e-05 1 1 1 Converged Converged Converged OK OK OK 76 76 76 76 76 76 4 4 4 0 0 0 0 1 0 0 1
67 67 uniform 3 23 678 3 0.0001 0.68159415015677582 0.17059076745980006 0.33354772745371392 -0.28269056540714788 0.45029619284842715 -0.21598101991640509 0 0.31531007017337087 2.1935848672765079 OK 13 12 0.29322599999999999 0.24348400000000001 0.098639000000000004 0.19250800000000001 0.132602 0 0.10071799999999997 0.11088200000000001 0.098639000000000004 0.0085050000000000004 0.008574 0.0077910000000000002 0.068951000000000012 0.079094000000000025 0.068314 0.0039139999999999999 0.0040550000000000004 0.0037529999999999998 0.00085400000000000005 0.00084800000000000001 0.00082399999999999997 2.193584573488943 2.193584573488943 2.193584573488943 1.129550174461459e-05 1.129550174461459e-05 1.129550174461459e-05 1 1 1 Converged Converged Converged OK OK OK 76 76 76 76 76 76 4 4 4 0 0 0 0 1 0 0 1
67 67 uniform 4 0 679 0 0.001 0.68159415015677582 0.17059076745980006 0.33354772745371392 1.1319560223497804 -0.58378635893596731 1.0652464768590377 0 -0.96591742660207203 1.1948291981581061 OK 12 11 0.26039499999999999 0.25800600000000001 0.061275000000000003 0.19816600000000001 0.19578400000000001 0 0.062228999999999979 0.062222 0.061275000000000003 0.0090419999999999997 0.009136 0.0088100000000000001 0.038869999999999995 0.039088999999999992 0.038558999999999996 0.0018679999999999999 0.0018279999999999998 0.0018440000000000002 0.00054599999999999994 0.00056299999999999992 0.00053799999999999996 1.194829793780201 1.194829793780201 1.194829793780201 0.00077239242891421014 0.00077239242891421014 0.00077239242891421014 1 1 1 Converged Converged Converged OK OK OK 44 44 44 44 44 44 4 4 4 0 0 0 0 0 1 0 0
67 67 uniform 4 7 679 1 0.001 0.68159415015677582 0.17059076745980006 0.33354772745371392 1.1319560223497804 -0.58378635893596731 1.1058522871577507 0 -1.006523236900785 1.1800599136018501 OK 12 11 0.25147000000000003 0.18424599999999999 0.057757999999999997 0.19219700000000001 0.12348000000000001 0 0.05927300000000002 0.060765999999999987 0.057757999999999997 0.0080879999999999997 0.0082789999999999999 0.0076959999999999997 0.038805000000000013 0.040324000000000006 0.038307999999999995 0.001885 0.001861 0.0018100000000000002 0.00055500000000000005 0.000562 0.00056700000000000001 1.1800598322182956 1.1800598322182956 1.1800598322182956 0.00045154684080173378 0.00045154684080173378 0.00045154684080173378 1 1 1 Converged Converged Converged OK OK OK 44 44 44 44 44 44 4 4 4 0 0 0 0 1 0 0 1
67 67 uniform 4 15 679 2 0.001 0.68159415015677582 0.17059076745980006 0.33354772745371392 1.1319560223497804 -0.58378635893596731 1.1522589274991368 0 -1.0529298772421711 1.1650309650461534 OK 12 11 0.25230599999999997 0.18395400000000001 0.057896000000000003 0.192302 0.123344 0 0.060003999999999974 0.060610000000000011 0.057896000000000003 0.0083470000000000003 0.0082190000000000006 0.0076099999999999996 0.039061000000000005 0.040413000000000011 0.038515000000000015 0.0020100000000000001 0.001895 0.0018290000000000001 0.000602 0.00058399999999999999 0.00057499999999999999 1.1650311379520195 1.1650311379520195 1.1650311379520195 0.00043503343870530839 0.00043503343870530839 0.00043503343870530839 1 1 1 Converged Converged Converged OK OK OK 44 44 44 44 44 44 4 4 4 0 0 0 0 1 0 0 1
67 67 uniform 4 23 679 3 0.001 0.68159415015677582 0.17059076745980006 0.33354772745371392 1.1319560223497804 -0.58378635893596731 1.1986655678405231 0 -1.0993365175835574 1.1516398735593198 OK 12 11 0.254083 0.18646099999999999 0.059726000000000001 0.19244800000000001 0.124098 0 0.061634999999999995 0.062362999999999988 0.059726000000000001 0.0083840000000000008 0.0084910000000000003 0.007816 0.037866000000000004 0.03898699999999998 0.037382000000000006 0.0022960000000000003 0.0023340000000000001 0.002258 0.00066100000000000002 0.00062600000000000004 0.00060700000000000001 1.1516398026969057 1.1516398026969057 1.1516398026969057 0.00022652159434284592 0.00022652159434284592 0.00022652159434284592 1 1 1 Converged Converged Converged OK OK OK 45 45 45 45 45 45 3 3 3 0 0 0 0 1 0 0 1
67 67 uniform 4 0 679 0 0.0001 0.68159415015677582 0.17059076745980006 0.33354772745371392 1.1319560223497804 -0.58378635893596731 1.0652464768590377 0 -0.96591742660207203 1.1948291981581061 OK 12 11 0.28500700000000001 0.27995599999999998 0.086696999999999996 0.194301 0.19196199999999999 0 0.090706000000000009 0.087993999999999989 0.086696999999999996 0.0089800000000000001 0.009188 0.0086770000000000007 0.056341000000000002 0.056380999999999994 0.055751000000000002 0.0030529999999999997 0.0030330000000000001 0.0030870000000000003 0.00084399999999999992 0.000861 0.00087299999999999997 1.1948291753034939 1.1948291753034939 1.1948291753034939 7.3735522478178274e-05 7.3735522478178274e-05 7.3735522478178274e-05 1 1 1 Converged Converged Converged OK OK OK 68 68 68 68 68 68 4 4 4 0 0 0 0 0 1 0 0
67 67 uniform 4 7 679 1 0.0001 0.68159415015677582 0.17059076745980006 0.33354772745371392 1.1319560223497804 -0.58378635893596731 1.1058522871577507 0 -1.006523236900785 1.1800599136018501 OK 12 11 0.27764800000000001 0.21192800000000001 0.081019999999999995 0.19525999999999999 0.125276 0 0.082388000000000017 0.086652000000000007 0.081019999999999995 0.0082089999999999993 0.0082199999999999999 0.0077400000000000004 0.055413000000000004 0.059923000000000011 0.054937000000000014 0.0029799999999999996 0.0030019999999999999 0.0030100000000000001 0.0008020000000000002 0.00079900000000000001 0.000794 1.1800599083861241 1.1800599083861241 1.1800599083861241 0.00011744505345301842 0.00011744505345301842 0.00011744505345301842 1 1 1 Converged Converged Converged OK OK OK 68 68 68 68 68 68 4 4 4 0 0 0 0 1 0 0 1
67 67 uniform 4 15 679 2 0.0001 0.68159415015677582 0.17059076745980006 0.33354772745371392 1.1319560223497804 -0.58378635893596731 1.1522589274991368 0 -1.0529298772421711 1.1650309650461534 OK 12 11 0.27696300000000001 0.21409700000000001 0.081517000000000006 0.19378000000000001 0.124528 0 0.083183000000000007 0.08956900000000001 0.081517000000000006 0.0082019999999999992 0.0082310000000000005 0.0076750000000000004 0.055823999999999985 0.062736999999999973 0.055393999999999999 0.0031910000000000003 0.0031060000000000003 0.0030509999999999999 0.00089099999999999997 0.00081799999999999993 0.0008470000000000001 1.1650309558834391 1.1650309558834391 1.1650309558834391 3.5601537469005445e-05 3.5601537469005445e-05 3.5601537469005445e-05 1 1 1 Converged Converged Converged OK OK OK 68 68 68 68 68 68 4 4 4 0 0 0 0 1 0 0 1
67 67 uniform 4 23 679 3 0.0001 0.68159415015677582 0.17059076745980006 0.33354772745371392 1.1319560223497804 -0.58378635893596731 1.1986655678405231 0 -1.0993365175835574 1.1516398735593198 OK 12 11 0.272841 0.208784 0.075456999999999996 0.19578599999999999 0.12516099999999999 0 0.077055000000000012 0.083623000000000003 0.075456999999999996 0.0082780000000000006 0.0084779999999999994 0.0078079999999999998 0.049396000000000009 0.055913000000000011 0.048979000000000002 0.0030939999999999995 0.0031009999999999996 0.0030669999999999998 0.00075200000000000006 0.00070800000000000008 0.00073499999999999998 1.1516398653728268 1.1516398653728268 1.1516398653728268 3.2989581313779271e-05 3.2989581313779271e-05 3.2989581313779271e-05 1 1 1 Converged Converged Converged OK OK OK 61 61 61 61 61 61 3 3 3 0 0 0 0 1 0 0 1
68 68 linear 0 0 680 0 0.001 1.9549853189984128 0.032406362138765847 0.040435409615805537 -1.4244415556831713 0.048725494637376687 -1.4325286376063324 0.5 1.4938939725624123 3.5187516632438047 OK 14 13 0.48399500000000001 0.479153 0.182785 0.29467300000000002 0.29326600000000003 0 0.18932199999999999 0.18588699999999997 0.182785 0.012088 0.012331999999999999 0.011724999999999999 0.14207900000000001 0.13761799999999999 0.13576000000000005 0.0047339999999999995 0.0050500000000000007 0.0046539999999999993 0.0012179999999999999 0.0012639999999999999 0.0011620000000000001 3.5187491796708055 3.5187491796708055 3.5187491796708055 0.0033484122636743352 0.0033484122636743352 0.0033484122636743352 1 1 1 Converged Converged Converged OK OK OK 96 96 96 96 96 96 8 8 8 0 0 0 0 0 1 0 0
68 68 linear 0 7 680 1 0.001 1.9549853189984128 0.032406362138765847 0.040435409615805537 -1.4244415556831713 0.048725494637376687 -1.42760606600093 0.5 1.4889714009570099 3.8763337935605744 OK 14 13 0.48553400000000002 0.37315300000000001 0.18826499999999999 0.29014400000000001 0.16825499999999999 0 0.19539000000000001 0.20489800000000002 0.18826499999999999 0.011135000000000001 0.011283 0.010477 0.15886700000000004 0.16833300000000004 0.15268000000000001 0.0043239999999999989 0.0043540000000000011 0.0044069999999999995 0.0010539999999999998 0.0010249999999999999 0.001124 3.8763603988174631 3.8763603988174631 3.8763603988174631 0.0033209808828858962 0.0033209808828858962 0.0033209808828858962 1 1 1 Converged Converged Converged OK OK OK 96 96 96 96 96 96 8 8 8 0 0 0 0 1 0 0 1
68 68 linear 0 15 680 2 0.001 1.9549853189984128 0.032406362138765847 0.040435409615805537 -1.4244415556831713 0.048725494637376687 -1.4219802698804702 0.5 1.4833456048365501 4.1603577547230097 OK 14 13 0.51178500000000005 0.42403000000000002 0.22475000000000001 0.27685900000000002 0.17761299999999999 0 0.23492600000000002 0.24641700000000002 0.22475000000000001 0.011344999999999999 0.011317000000000001 0.010559000000000001 0.19327799999999995 0.20536999999999997 0.18546000000000004 0.0053449999999999999 0.0051609999999999998 0.0050529999999999993 0.0013420000000000001 0.0012850000000000001 0.001294 4.1603718196202211 4.1603718196202211 4.1603718196202211 0.0016521570219583178 0.0016521570219583178 0.0016521570219583178 1 1 1 Converged Converged Converged OK OK OK 104 104 104 104 104 104 8 8 8 0 0 0 0 1 0 0 1
68 68 linear 0 23 680 3 0.001 1.9549853189984128 0.032406362138765847 0.040435409615805537 -1.4244415556831713 0.048725494637376687 -1.4163544737600102 0.5 1.4777198087160901 4.370206102652884 OK 14 13 0.52107899999999996 0.42139500000000002 0.22894100000000001 0.284329 0.17050799999999999 0 0.23674999999999996 0.25088700000000003 0.22894100000000001 0.011308 0.011228999999999999 0.010536 0.19801800000000011 0.21226000000000009 0.19140299999999999 0.0048430000000000001 0.0050099999999999997 0.0050049999999999999 0.001281 0.0012840000000000002 0.001255 4.3702278176866729 4.3702278176866729 4.3702278176866729 0.0014833995927647111 0.0014833995927647111 0.0014833995927647111 1 1 1 Converged Converged Converged OK OK OK 104 104 104 104 104 104 8 8 8 0 0 0 0 1 0 0 1
68 68 linear 0 0 680 0 0.0001 1.9549853189984128 0.032406362138765847 0.040435409615805537 -1.4244415556831713 0.048725494637376687 -1.4325286376063324 0.5 1.4938939725624123 3.5187516632438047 OK 14 13 0.54798100000000005 0.53618600000000005 0.244365 0.29869499999999999 0.29789500000000002 0 0.24928600000000006 0.23829100000000003 0.244365 0.012255 0.012041 0.013129 0.18186599999999997 0.17484199999999991 0.17866899999999999 0.0068920000000000006 0.0067270000000000003 0.0070429999999999998 0.0016399999999999997 0.00165 0.001653 3.5187427283865333 3.5187427283865333 3.5187427283865333 0.00021908396156859693 0.00021908396156859693 0.00021908396156859693 1 1 1 Converged Converged Converged OK OK OK 136 136 136 136 136 136 8 8 8 0 0 0 0 0 1 0 0
68 68 linear 0 7 680 1 0.0001 1.9549853189984128 0.032406362138765847 0.040435409615805537 -1.4244415556831713 0.048725494637376687 -1.42760606600093 0.5 1.4889714009570099 3.8763337935605744 OK 14 13 0.57749200000000001 0.47746100000000002 0.28201700000000002 0.28689300000000001 0.16667999999999999 0 0.290599 0.31078100000000003 0.28201700000000002 0.011464 0.011328 0.010501999999999999 0.23689300000000002 0.25780500000000012 0.23060100000000006 0.0076749999999999995 0.0073369999999999998 0.0071599999999999997 0.0017149999999999999 0.0016669999999999999 0.001696 3.8763577129293942 3.8763577129293942 3.8763577129293942 0.00018070439223421731 0.00018070439223421731 0.00018070439223421731 1 1 1 Converged Converged Converged OK OK OK 144 144 144 144 144 144 8 8 8 0 0 0 0 1 0 0 1
68 68 linear 0 15 680 2 0.0001 1.9549853189984128 0.032406362138765847 0.040435409615805537 -1.4244415556831713 0.048725494637376687 -1.4219802698804702 0.5 1.4833456048365501 4.1603577547230097 OK 14 13 0.55921100000000001 0.46685399999999999 0.26709899999999998 0.281389 0.17350499999999999 0 0.27782200000000001 0.29334899999999997 0.26709899999999998 0.011186 0.011341 0.010664 0.231326 0.24743499999999999 0.22233100000000003 0.0065560000000000011 0.0063929999999999994 0.0062879999999999993 0.0016459999999999999 0.0016410000000000001 0.0016260000000000001 4.1603717375488927 4.1603717375488927 4.1603717375488927 0.0003216769270340543 0.0003216769270340543 0.0003216769270340543 1 1 1 Converged Converged Converged OK OK OK 128 128 128 128 128 128 8 8 8 0 0 0 0 1 0 0 1
68 68 linear 0 23 680 3 0.0001 1.9549853189984128 0.032406362138765847 0.040435409615805537 -1.4244415556831713 0.048725494637376687 -1.4163544737600102 0.5 1.4777198087160901 4.370206102652884 OK 14 13 0.54286599999999996 0.44570500000000002 0.25042300000000001 0.28138800000000003 0.172816 0 0.26147799999999993 0.27288900000000005 0.25042300000000001 0.011452 0.011335 0.010495000000000001 0.21662900000000002 0.22882299999999994 0.20788999999999999 0.006195 0.0062370000000000004 0.0059190000000000006 0.0014959999999999999 0.0014790000000000001 0.0014689999999999998 4.3702278324471298 4.3702278324471298 4.3702278324471298 0.00034546902204751051 0.00034546902204751051 0.00034546902204751051 1 1 1 Converged Converged Converged OK OK OK 120 120 120 120 120 120 8 8 8 0 0 0 0 1 0 0 1
68 68 linear 1 0 681 0 0.001 1.9549853189984128 0.032406362138765847 0.040435409615805537 -1.2973862409808028 -0.033312145202387462 -1.3054733229039639 0.5 1.3668386578600438 2.8689553322380799 OK 16 15 0.49432900000000002 0.48788799999999999 0.19550999999999999 0.29461300000000001 0.29025099999999998 0 0.199716 0.19763700000000001 0.19550999999999999 0.012206 0.012728 0.01204 0.16065699999999999 0.157606 0.15631199999999995 0.0035159999999999996 0.003764 0.0036879999999999999 0.00074300000000000006 0.00076499999999999995 0.00076100000000000007 2.8688432211773316 2.8688432211773316 2.8688432211773316 0.002479708603889806 0.002479708603889806 0.002479708603889806 1 1 1 Converged Converged Converged OK OK OK 80 80 80 80 80 80 8 8 8 0 0 0 0 0 1 0 0
68 68 linear 1 7 681 1 0.001 1.9549853189984128 0.032406362138765847 0.040435409615805537 -1.2973862409808028 -0.033312145202387462 -1.3005507512985615 0.5 1.3619160862546413 2.8184451704611528 OK 16 15 0.50839199999999996 0.41905300000000001 0.193189 0.31114199999999997 0.20572099999999999 0 0.19724999999999998 0.21333200000000002 0.193189 0.011684999999999999 0.011627 0.010789 0.16064700000000004 0.17771700000000001 0.159025 0.0044610000000000006 0.0042789999999999998 0.0039849999999999998 0.00098299999999999993 0.00097600000000000009 0.00092999999999999995 2.8184559771447133 2.8184559771447133 2.8184559771447133 0.0020682177272922293 0.0020682177272922293 0.0020682177272922293 1 1 1 Converged Converged Converged OK OK OK 88 88 88 88 88 88 8 8 8 0 0 0 0 1 0 0 1
68 68 linear 1 15 681 2 0.001 1.9549853189984128 0.032406362138765847 0.040435409615805537 -1.2973862409808028 -0.033312145202387462 -1.2949249551781017 0.5 1.3562902901341816 2.7558457451785827 OK 16 15 0.50080100000000005 0.40480500000000003 0.19503400000000001 0.30051299999999997 0.184056 0 0.20028800000000008 0.22074900000000003 0.19503400000000001 0.011311 0.011724999999999999 0.010746 0.166767 0.18586300000000011 0.16228599999999999 0.0039870000000000001 0.0044559999999999999 0.0041510000000000002 0.0008879999999999999 0.00094999999999999989 0.00087900000000000001 2.7558550402039654 2.7558550402039654 2.7558550402039654 0.0025296197181261552 0.0025296197181261552 0.0025296197181261552 1 1 1 Converged Converged Converged OK OK OK 88 88 88 88 88 88 8 8 8 0 0 0 0 1 0 0 1
68 68 linear 1 23 681 3 0.001 1.9549853189984128 0.032406362138765847 0.040435409615805537 -1.2973862409808028 -0.033312145202387462 -1.2892991590576417 0.5 1.3506644940137216 2.6913687850748791 OK 16 15 0.52102499999999996 0.41421999999999998 0.20335 0.30840499999999998 0.19159300000000001 0 0.21261999999999998 0.22262699999999996 0.20335 0.011450999999999999 0.011512 0.010774000000000001 0.17880499999999996 0.18829600000000002 0.17057600000000001 0.0040029999999999996 0.0043680000000000004 0.0040290000000000005 0.00092299999999999999 0.00097099999999999997 0.00095100000000000002 2.6913922417336527 2.6913922417336527 2.6913922417336527 0.0024533219041844761 0.0024533219041844761 0.0024533219041844761 1 1 1 Converged Converged Converged OK OK OK 88 88 88 88 88 88 8 8 8 0 0 0 0 1 0 0 1
68 68 linear 1 0 681 0 0.0001 1.9549853189984128 0.032406362138765847 0.040435409615805537 -1.2973862409808028 -0.033312145202387462 -1.3054733229039639 0.5 1.3668386578600438 2.8689553322380799 OK 16 15 0.66903400000000002 0.64156899999999994 0.34807300000000002 0.29417199999999999 0.29031800000000002 0 0.37486200000000003 0.35125099999999992 0.34807300000000002 0.013547 0.012678 0.012089000000000001 0.30230899999999977 0.28049700000000005 0.27840800000000004 0.0087719999999999985 0.0083899999999999999 0.0082449999999999989 0.0018579999999999998 0.001983 0.0020219999999999999 2.8689634576750702 2.8689634576750702 2.8689634576750702 0.00019735846404182451 0.00019735846404182451 0.00019735846404182451 1 1 1 Converged Converged Converged OK OK OK 152 152 152 152 152 152 8 8 8 0 0 0 0 0 1 0 0
68 68 linear 1 7 681 1 0.0001 1.9549853189984128 0.032406362138765847 0.040435409615805537 -1.2973862409808028 -0.033312145202387462 -1.3005507512985615 0.5 1.3619160862546413 2.8184451704611528 OK 16 15 0.62378599999999995 0.54140900000000003 0.28842299999999998 0.31925599999999998 0.20175799999999999 0 0.30452999999999997 0.33965100000000004 0.28842299999999998 0.012825 0.011648 0.01089 0.25235400000000002 0.287914 0.23938399999999993 0.0072660000000000008 0.008201 0.0076349999999999994 0.0016860000000000002 0.0018410000000000002 0.001696 2.8184564809669723 2.8184564809669723 2.8184564809669723 0.0002402235005673414 0.0002402235005673414 0.0002402235005673414 1 1 1 Converged Converged Converged OK OK OK 144 144 144 144 144 144 8 8 8 0 0 0 0 1 0 0 1
68 68 linear 1 15 681 2 0.0001 1.9549853189984128 0.032406362138765847 0.040435409615805537 -1.2973862409808028 -0.033312145202387462 -1.2949249551781017 0.5 1.3562902901341816 2.7558457451785827 OK 16 15 0.60813499999999998 0.52202499999999996 0.30113899999999999 0.30209200000000003 0.18063599999999999 0 0.30604299999999995 0.34138899999999994 0.30113899999999999 0.011520000000000001 0.011632 0.010711 0.25681599999999988 0.29096900000000009 0.25300400000000012 0.0071300000000000001 0.0079729999999999992 0.0074120000000000002 0.0016490000000000001 0.0017749999999999999 0.0015839999999999999 2.7558563346656975 2.7558563346656975 2.7558563346656975 0.0001777534994196148 0.0001777534994196148 0.0001777534994196148 1 1 1 Converged Converged Converged OK OK OK 144 144 144 144 144 144 8 8 8 0 0 0 0 1 0 0 1
68 68 linear 1 23 681 3 0.0001 1.9549853189984128 0.032406362138765847 0.040435409615805537 -1.2973862409808028 -0.033312145202387462 -1.2892991590576417 0.5 1.3506644940137216 2.6913687850748791 OK 16 15 0.61739999999999995 0.52957200000000004 0.29329699999999997 0.31008799999999997 0.19484099999999999 0 0.30731199999999997 0.33473100000000006 0.29329699999999997 0.011648 0.011597 0.010758 0.25716299999999997 0.28477799999999992 0.245556 0.0077029999999999998 0.0077620000000000007 0.0071600000000000006 0.001789 0.0018870000000000002 0.0017230000000000001 2.6913801583220223 2.6913801583220223 2.6913801583220223 0.00016286346262743161 0.00016286346262743161 0.00016286346262743161 1 1 1 Converged Converged Converged OK OK OK 144 144 144 144 144 144 8 8 8 0 0 0 0 1 0 0 1
68 68 linear 2 0 682 0 0.001 1.9549853189984128 0.032406362138765847 0.040435409615805537 0.016973270049883214 0.051480129824936126 0.0088861881267221065 0.5 0.05247914682935774 14.361592117272705 OK 13 12 0.37843399999999999 0.37506899999999999 0.115596 0.26214900000000002 0.26063799999999998 0 0.11628499999999997 0.114431 0.115596 0.010973 0.011103 0.01191 0.082376999999999964 0.080124000000000001 0.081036000000000025 0.0035430000000000001 0.0040509999999999999 0.0035509999999999995 0.00075700000000000008 0.0008070000000000001 0.00084800000000000001 14.361578936181642 14.361578936181642 14.361578936181642 0.013736573486687951 0.013736573486687951 0.013736573486687951 1 1 1 Converged Converged Converged OK OK OK 67 67 67 67 67 67 5 5 5 0 0 0 0 0 1 0 0
68 68 linear 2 7 682 1 0.001 1.9549853189984128 0.032406362138765847 0.040435409615805537 0.016973270049883214 0.051480129824936126 0.013808759732124521 0.5 0.04755657522395533 15.208048194639327 OK 13 12 0.35323900000000003 0.29051700000000003 0.107199 0.24559400000000001 0.14654800000000001 0 0.10764500000000002 0.14396900000000001 0.107199 0.0095630000000000003 0.0098099999999999993 0.010290000000000001 0.081733000000000014 0.11744600000000001 0.080624000000000029 0.0027590000000000002 0.0030139999999999998 0.0028120000000000003 0.00070399999999999998 0.00081700000000000002 0.00077700000000000013 15.208002131526122 15.208002131526122 15.208002131526122 0.006401798328957699 0.006401798328957699 0.006401798328957699 1 1 1 Converged Converged Converged OK OK OK 59 59 59 59 59 59 5 5 5 0 0 0 0 1 0 0 1
68 68 linear 2 15 682 2 0.001 1.9549853189984128 0.032406362138765847 0.040435409615805537 0.016973270049883214 0.051480129824936126 0.019434555852584422 0.5 0.041930779103495422 16.324383085172343 OK 13 12 0.36841400000000002 0.29947099999999999 0.106131 0.255994 0.152196 0 0.11242000000000002 0.14727499999999999 0.106131 0.010141000000000001 0.0099469999999999992 0.0091660000000000005 0.084756999999999999 0.12085 0.081058999999999978 0.0033869999999999998 0.002921 0.0028440000000000002 0.00071999999999999994 0.00083099999999999992 0.00074299999999999995 16.324345751319981 16.324345751319981 16.324345751319981 0.004336445814945836 0.004336445814945836 0.004336445814945836 1 1 1 Converged Converged Converged OK OK OK 59 59 59 59 59 59 5 5 5 0 0 0 0 1 0 0 1
68 68 linear 2 23 682 3 0.001 1.9549853189984128 0.032406362138765847 0.040435409615805537 0.016973270049883214 0.051480129824936126 0.02506035197304432 0.5 0.036304982983035528 17.72740477146424 OK 13 12 0.36267700000000003 0.29004600000000003 0.107392 0.25035600000000002 0.14807799999999999 0 0.112321 0.14196800000000004 0.107392 0.010076999999999999 0.010111 0.0094160000000000008 0.085572000000000037 0.11567599999999999 0.082363999999999993 0.0030779999999999996 0.0029269999999999999 0.0027190000000000001 0.00079999999999999993 0.00080900000000000004 0.00075199999999999996 17.727368481140882 17.727368481140882 17.727368481140882 0.017035726925830684 0.017035726925830684 0.017035726925830684 1 1 1 Converged Converged Converged OK OK OK 59 59 59 59 59 59 5 5 5 0 0 0 0 1 0 0 1
68 68 linear 2 0 682 0 0.0001 1.9549853189984128 0.032406362138765847 0.040435409615805537 0.016973270049883214 0.051480129824936126 0.0088861881267221065 0.5 0.05247914682935774 14.361592117272705 OK 13 12 0.40343299999999999 0.39645900000000001 0.13886599999999999 0.26400699999999999 0.25908500000000001 0 0.13942599999999999 0.137374 0.13886599999999999 0.010784 0.011161000000000001 0.010460000000000001 0.099780000000000008 0.097206999999999988 0.098850999999999981 0.0044849999999999994 0.0044380000000000001 0.0047610000000000005 0.001054 0.0010950000000000001 0.001147 14.361583272247579 14.361583272247579 14.361583272247579 0.00049329207826252872 0.00049329207826252872 0.00049329207826252872 1 1 1 Converged Converged Converged OK OK OK 83 83 83 83 83 83 5 5 5 0 0 0 0 0 1 0 0
68 68 linear 2 7 682 1 0.0001 1.9549853189984128 0.032406362138765847 0.040435409615805537 0.016973270049883214 0.051480129824936126 0.013808759732124521 0.5 0.04755657522395533 15.208048194639327 OK 13 12 0.37617800000000001 0.31012000000000001 0.12145400000000001 0.249227 0.149622 0 0.12695100000000001 0.160498 0.12145400000000001 0.0096550000000000004 0.0095999999999999992 0.0090329999999999994 0.09518699999999998 0.12947200000000003 0.091509999999999994 0.0040059999999999991 0.0038549999999999999 0.0038139999999999997 0.0010199999999999999 0.00084199999999999987 0.00088699999999999988 15.208036651317416 15.208036651317416 15.208036651317416 0.00069772283706097719 0.00069772283706097719 0.00069772283706097719 1 1 1 Converged Converged Converged OK OK OK 75 75 75 75 75 75 5 5 5 0 0 0 0 1 0 0 1
68 68 linear 2 15 682 2 0.0001 1.9549853189984128 0.032406362138765847 0.040435409615805537 0.016973270049883214 0.051480129824936126 0.019434555852584422 0.5 0.041930779103495422 16.324383085172343 OK 13 12 0.40935300000000002 0.346968 0.14415 0.26008599999999998 0.151814 0 0.14926700000000004 0.19515399999999999 0.14415 0.0099100000000000004 0.010038999999999999 0.0092289999999999994 0.11157800000000001 0.15634000000000009 0.10792 0.0047880000000000006 0.0053739999999999994 0.0047009999999999994 0.000968 0.00098499999999999998 0.00095999999999999992 16.324366507896372 16.324366507896372 16.324366507896372 0.00035119038060561108 0.00035119038060561108 0.00035119038060561108 1 1 1 Converged Converged Converged OK OK OK 91 91 91 91 91 91 5 5 5 0 0 0 0 1 0 0 1
68 68 linear 2 23 682 3 0.0001 1.9549853189984128 0.032406362138765847 0.040435409615805537 0.016973270049883214 0.051480129824936126 0.02506035197304432 0.5 0.036304982983035528 17.72740477146424 OK 13 12 0.39529900000000001 0.34107100000000001 0.13808999999999999 0.25101200000000001 0.147533 0 0.144287 0.19353800000000002 0.13808999999999999 0.010135 0.010263 0.0093570000000000007 0.11051 0.15949499999999997 0.10623200000000001 0.0044219999999999997 0.0047089999999999996 0.0040959999999999998 0.0011379999999999999 0.001127 0.0010009999999999999 17.727372289632335 17.727372289632335 17.727372289632335 0.00022518476336180193 0.00022518476336180193 0.00022518476336180193 1 1 1 Converged Converged Converged OK OK OK 83 83 83 83 83 83 5 5 5 0 0 0 0 1 0 0 1
68 68 linear 3 0 683 0 0.001 1.9549853189984128 0.032406362138765847 0.040435409615805537 -1.3377318002906644 0.085010145433382783 -1.3458188822138255 0.5 1.4071842171699054 1.5753402443092925 OK 13 12 0.37643700000000002 0.36655700000000002 0.094240000000000004 0.27943000000000001 0.27164500000000003 0 0.09700700000000001 0.094911999999999996 0.094240000000000004 0.0089529999999999992 0.0091450000000000004 0.0086219999999999995 0.065960000000000019 0.064186999999999994 0.063926999999999998 0.003375 0.003258 0.0034289999999999998 0.00070899999999999999 0.00068899999999999994 0.00067400000000000001 1.575339189243705 1.575339189243705 1.575339189243705 0.00058513775062629236 0.00058513775062629236 0.00058513775062629236 1 1 1 Converged Converged Converged OK OK OK 61 61 61 61 61 61 3 3 3 0 0 0 0 0 1 0 0
68 68 linear 3 7 683 1 0.001 1.9549853189984128 0.032406362138765847 0.040435409615805537 -1.3377318002906644 0.085010145433382783 -1.3408963106084231 0.5 1.4022616455645029 1.5366377488874934 OK 13 12 0.35903400000000002 0.26144899999999999 0.087049000000000001 0.26868999999999998 0.15251999999999999 0 0.090344000000000035 0.108929 0.087049000000000001 0.0082500000000000004 0.0081919999999999996 0.0077499999999999999 0.062795000000000004 0.081890000000000004 0.060662000000000015 0.0032820000000000002 0.0032160000000000001 0.0032479999999999996 0.00067600000000000006 0.00067500000000000004 0.00069899999999999997 1.5366367886694947 1.5366367886694947 1.5366367886694947 0.00058070625925734233 0.00058070625925734233 0.00058070625925734233 1 1 1 Converged Converged Converged OK OK OK 61 61 61 61 61 61 3 3 3 0 0 0 0 1 0 0 1
68 68 linear 3 15 683 2 0.001 1.9549853189984128 0.032406362138765847 0.040435409615805537 -1.3377318002906644 0.085010145433382783 -1.3352705144879633 0.5 1.3966358494440432 1.5008786862637284 OK 13 12 0.36007600000000001 0.26530100000000001 0.086181999999999995 0.27071699999999999 0.15956000000000001 0 0.089359000000000022 0.105741 0.086181999999999995 0.0082089999999999993 0.0082410000000000001 0.0077419999999999998 0.061685999999999991 0.07859300000000001 0.05968699999999999 0.0033470000000000001 0.0032529999999999998 0.0032360000000000002 0.00068499999999999995 0.00067099999999999994 0.00066400000000000009 1.5008777729090659 1.5008777729090659 1.5008777729090659 0.00057480421365768296 0.00057480421365768296 0.00057480421365768296 1 1 1 Converged Converged Converged OK OK OK 61 61 61 61 61 61 3 3 3 0 0 0 0 1 0 0 1
68 68 linear 3 23 683 3 0.001 1.9549853189984128 0.032406362138765847 0.040435409615805537 -1.3377318002906644 0.085010145433382783 -1.3296447183675033 0.5 1.3910100533235832 1.4717103122404245 OK 13 12 0.35028700000000002 0.26036100000000001 0.084021999999999999 0.26278200000000002 0.15190300000000001 0 0.087504999999999999 0.108458 0.084021999999999999 0.0082909999999999998 0.0084010000000000005 0.0076909999999999999 0.059958000000000018 0.080468999999999971 0.057870999999999999 0.0033509999999999998 0.0035560000000000001 0.0031539999999999997 0.00067200000000000007 0.00068899999999999994 0.00067899999999999992 1.4717094257147834 1.4717094257147834 1.4717094257147834 0.00056273267142136223 0.00056273267142136223 0.00056273267142136223 1 1 1 Converged Converged Converged OK OK OK 61 61 61 61 61 61 3 3 3 0 0 0 0 1 0 0 1
68 68 linear 3 0 683 0 0.0001 1.9549853189984128 0.032406362138765847 0.040435409615805537 -1.3377318002906644 0.085010145433382783 -1.3458188822138255 0.5 1.4071842171699054 1.5753402443092925 OK 13 12 0.40265099999999998 0.39616699999999999 0.12009400000000001 0.27800999999999998 0.27477099999999999 0 0.124641 0.121396 0.12009400000000001 0.0089239999999999996 0.0091830000000000002 0.0086949999999999996 0.08649500000000003 0.084414999999999976 0.084086000000000022 0.0042750000000000002 0.0041089999999999998 0.0041920000000000004 0.00082100000000000012 0.00079900000000000001 0.000843 1.5753391944636761 1.5753391944636761 1.5753391944636761 0.00012903886881201186 0.00012903886881201186 0.00012903886881201186 1 1 1 Converged Converged Converged OK OK OK 77 77 77 77 77 77 3 3 3 0 0 0 0 0 1 0 0
68 68 linear 3 7 683 1 0.0001 1.9549853189984128 0.032406362138765847 0.040435409615805537 -1.3377318002906644 0.085010145433382783 -1.3408963106084231 0.5 1.4022616455645029 1.5366377488874934 OK 13 12 0.38809500000000002 0.28733900000000001 0.11148 0.27279100000000001 0.15294099999999999 0 0.11530400000000002 0.13439800000000002 0.11148 0.0082030000000000002 0.0082959999999999996 0.0077549999999999997 0.082832000000000003 0.10220699999999998 0.080387999999999973 0.0041550000000000007 0.0041670000000000006 0.0040639999999999999 0.00082399999999999997 0.00079199999999999995 0.0007809999999999999 1.536636792791261 1.536636792791261 1.536636792791261 0.00013017271297772383 0.00013017271297772383 0.00013017271297772383 1 1 1 Converged Converged Converged OK OK OK 77 77 77 77 77 77 3 3 3 0 0 0 0 1 0 0 1
68 68 linear 3 15 683 2 0.0001 1.9549853189984128 0.032406362138765847 0.040435409615805537 -1.3377318002906644 0.085010145433382783 -1.3352705144879633 0.5 1.3966358494440432 1.5008786862637284 OK 13 12 0.38460100000000003 0.282972 0.11035300000000001 0.27031100000000002 0.15193699999999999 0 0.11429 0.13103500000000001 0.11035300000000001 0.0081659999999999996 0.0082159999999999993 0.0076819999999999996 0.081621999999999986 0.098841000000000026 0.079245000000000052 0.004117 0.0041960000000000001 0.0039740000000000001 0.00078700000000000005 0.00078700000000000005 0.00078699999999999994 1.5008777754011364 1.5008777754011364 1.5008777754011364 0.00013148172566216431 0.00013148172566216431 0.00013148172566216431 1 1 1 Converged Converged Converged OK OK OK 77 77 77 77 77 77 3 3 3 0 0 0 0 1 0 0 1
68 68 linear 3 23 683 3 0.0001 1.9549853189984128 0.032406362138765847 0.040435409615805537 -1.3377318002906644 0.085010145433382783 -1.3296447183675033 0.5 1.3910100533235832 1.4717103122404245 OK 13 12 0.37286900000000001 0.28429700000000002 0.106281 0.26272699999999999 0.15262000000000001 0 0.11014200000000002 0.13167700000000002 0.106281 0.0084119999999999993 0.0083619999999999996 0.0077279999999999996 0.077833999999999987 0.098237000000000005 0.075052000000000021 0.0040969999999999999 0.0049740000000000001 0.004248 0.00079300000000000009 0.00086399999999999997 0.00077099999999999998 1.4717094270514104 1.4717094270514104 1.4717094270514104 0.00013280516076910647 0.00013280516076910647 0.00013280516076910647 1 1 1 Converged Converged Converged OK OK OK 77 77 77 77 77 77 3 3 3 0 0 0 0 1 0 0 1
68 68 linear 4 0 684 0 0.001 1.9549853189984128 0.032406362138765847 0.040435409615805537 -0.014665595147090024 0.071665943641205668 -0.02275267707025113 0.5 0.084118012026330985 9.1592177773340886 OK 13 12 0.34494799999999998 0.34324100000000002 0.093276999999999999 0.24852099999999999 0.248253 0 0.096426999999999985 0.094988000000000017 0.093276999999999999 0.0094029999999999999 0.0096080000000000002 0.0089200000000000008 0.068262000000000017 0.066438999999999998 0.066129000000000021 0.0027550000000000001 0.0029740000000000001 0.0026769999999999997 0.00062399999999999999 0.00063199999999999997 0.00062299999999999996 9.1592122131893312 9.1592122131893312 9.1592122131893312 0.0041488704010077026 0.0041488704010077026 0.0041488704010077026 1 1 1 Converged Converged Converged OK OK OK 53 53 53 53 53 53 3 3 3 0 0 0 0 0 1 0 0
68 68 linear 4 7 684 1 0.001 1.9549853189984128 0.032406362138765847 0.040435409615805537 -0.014665595147090024 0.071665943641205668 -0.017830105464848717 0.5 0.079195440420928562 9.4776221378863266 OK 13 12 0.34765299999999999 0.27423900000000001 0.091175999999999993 0.25220100000000001 0.14375299999999999 0 0.095451999999999981 0.13048600000000002 0.091175999999999993 0.0086289999999999995 0.0086359999999999996 0.0081130000000000004 0.069757999999999987 0.10482100000000001 0.066810000000000008 0.0028770000000000002 0.0029460000000000003 0.0027650000000000001 0.00063100000000000005 0.00060700000000000001 0.00062 9.4776163408038734 9.4776163408038734 9.4776163408038734 0.0044441099623223805 0.0044441099623223805 0.0044441099623223805 1 1 1 Converged Converged Converged OK OK OK 53 53 53 53 53 53 3 3 3 0 0 0 0 1 0 0 1
68 68 linear 4 15 684 2 0.001 1.9549853189984128 0.032406362138765847 0.040435409615805537 -0.014665595147090024 0.071665943641205668 -0.012204309344388818 0.5 0.073569644300468667 9.8636664327826598 OK 13 12 0.35601100000000002 0.28275099999999997 0.10004200000000001 0.25222099999999997 0.14612800000000001 0 0.10379000000000005 0.13662299999999997 0.10004200000000001 0.0092739999999999993 0.0092619999999999994 0.0086999999999999994 0.077161999999999994 0.10991399999999996 0.074677999999999994 0.0027179999999999999 0.0027919999999999998 0.0026610000000000002 0.00069000000000000008 0.00069500000000000009 0.00065700000000000003 9.8636904999688415 9.8636904999688415 9.8636904999688415 0.0057330069680790021 0.0057330069680790021 0.0057330069680790021 1 1 1 Converged Converged Converged OK OK OK 60 60 60 60 60 60 4 4 4 0 0 0 0 1 0 0 1
68 68 linear 4 23 684 3 0.001 1.9549853189984128 0.032406362138765847 0.040435409615805537 -0.014665595147090024 0.071665943641205668 -0.0065785132239289165 0.5 0.067943848180008759 10.273884930309855 OK 13 12 0.33889200000000003 0.27916400000000002 0.099796999999999997 0.238926 0.14249300000000001 0 0.099966000000000027 0.13667100000000001 0.099796999999999997 0.0092420000000000002 0.0092099999999999994 0.0087329999999999994 0.074168999999999985 0.11118599999999998 0.071473999999999996 0.0029320000000000001 0.002836 0.0026440000000000001 0.0006420000000000001 0.0006739999999999999 0.00062199999999999994 10.273880174015742 10.273880174015742 10.273880174015742 0.0022954110304791923 0.0022954110304791923 0.0022954110304791923 1 1 1 Converged Converged Converged OK OK OK 60 60 60 60 60 60 4 4 4 0 0 0 0 1 0 0 1
68 68 linear 4 0 684 0 0.0001 1.9549853189984128 0.032406362138765847 0.040435409615805537 -0.014665595147090024 0.071665943641205668 -0.02275267707025113 0.5 0.084118012026330985 9.1592177773340886 OK 13 12 0.37436900000000001 0.364672 0.116008 0.25049399999999999 0.24709100000000001 0 0.12387500000000001 0.11758099999999999 0.116008 0.013067 0.0092910000000000006 0.0089680000000000003 0.085659000000000027 0.08350299999999998 0.082947000000000007 0.0039269999999999999 0.0039090000000000001 0.00379 0.000718 0.00071900000000000002 0.00070199999999999993 9.1592120650557796 9.1592120650557796 9.1592120650557796 4.414552267249657e-05 4.414552267249657e-05 4.414552267249657e-05 1 1 1 Converged Converged Converged OK OK OK 69 69 69 69 69 69 3 3 3 0 0 0 0 0 1 0 0
68 68 linear 4 7 684 1 0.0001 1.9549853189984128 0.032406362138765847 0.040435409615805537 -0.014665595147090024 0.071665943641205668 -0.017830105464848717 0.5 0.079195440420928562 9.4776221378863266 OK 13 12 0.37333 0.30526500000000001 0.11214499999999999 0.25712299999999999 0.144512 0 0.116207 0.16075300000000001 0.11214499999999999 0.0085550000000000001 0.0087100000000000007 0.0080739999999999996 0.085544999999999982 0.12964599999999998 0.082609999999999989 0.0040499999999999998 0.0040840000000000008 0.0037480000000000005 0.00072999999999999996 0.0007809999999999999 0.00069299999999999993 9.4776162261305892 9.4776162261305892 9.4776162261305892 4.3757765989187282e-05 4.3757765989187282e-05 4.3757765989187282e-05 1 1 1 Converged Converged Converged OK OK OK 69 69 69 69 69 69 3 3 3 0 0 0 0 1 0 0 1
68 68 linear 4 15 684 2 0.0001 1.9549853189984128 0.032406362138765847 0.040435409615805537 -0.014665595147090024 0.071665943641205668 -0.012204309344388818 0.5 0.073569644300468667 9.8636664327826598 OK 13 12 0.37398900000000002 0.30890499999999999 0.11837 0.248255 0.14691899999999999 0 0.12573400000000001 0.16198599999999999 0.11837 0.0092580000000000006 0.009417 0.0087799999999999996 0.095280999999999991 0.13142599999999999 0.08907000000000001 0.0036080000000000001 0.0037469999999999999 0.003594 0.00080000000000000015 0.00081300000000000003 0.00075199999999999996 9.8636602685499604 9.8636602685499604 9.8636602685499604 0.00019239820658424256 0.00019239820658424256 0.00019239820658424256 1 1 1 Converged Converged Converged OK OK OK 76 76 76 76 76 76 4 4 4 0 0 0 0 1 0 0 1
68 68 linear 4 23 684 3 0.0001 1.9549853189984128 0.032406362138765847 0.040435409615805537 -0.014665595147090024 0.071665943641205668 -0.0065785132239289165 0.5 0.067943848180008759 10.273884930309855 OK 13 12 0.35988100000000001 0.300985 0.11379599999999999 0.24093999999999999 0.14299300000000001 0 0.11894100000000002 0.15799199999999999 0.11379599999999999 0.0092149999999999992 0.0092820000000000003 0.0086969999999999999 0.089085000000000011 0.12910400000000002 0.085923999999999945 0.0040609999999999995 0.0035969999999999999 0.0034980000000000002 0.00082699999999999994 0.00079099999999999993 0.00074399999999999998 10.27387830197598 10.27387830197598 10.27387830197598 0.00070608973461206846 0.00070608973461206846 0.00070608973461206846 1 1 1 Converged Converged Converged OK OK OK 76 76 76 76 76 76 4 4 4 0 0 0 0 1 0 0 1
68 68 uniform 0 0 685 0 0.001 1.9549853189984128 0.032406362138765847 0.040435409615805537 -1.4244415556831713 0.048725494637376687 -1.4325286376063324 0 1.4938939725624123 3.5935903715897362 OK 14 13 0.44908100000000001 0.44932699999999998 0.15440899999999999 0.29491600000000001 0.29552400000000001 0 0.154165 0.15380299999999997 0.15440899999999999 0.012326 0.012063000000000001 0.011701 0.10696600000000002 0.10717599999999997 0.10763299999999999 0.0043839999999999999 0.0043779999999999999 0.0044159999999999998 0.0011169999999999999 0.0010869999999999999 0.0011129999999999998 3.5935953633674105 3.5935953633674105 3.5935953633674105 0.0017722394496425527 0.0017722394496425527 0.0017722394496425527 1 1 1 Converged Converged Converged OK OK OK 96 96 96 96 96 96 8 8 8 0 0 0 0 0 1 0 0
68 68 uniform 0 7 685 1 0.001 1.9549853189984128 0.032406362138765847 0.040435409615805537 -1.4244415556831713 0.048725494637376687 -1.42760606600093 0 1.4889714009570099 3.9298035363513582 OK 14 13 0.41765400000000003 0.32070399999999999 0.13179099999999999 0.284827 0.168605 0 0.13282700000000003 0.15209899999999998 0.13179099999999999 0.011292999999999999 0.011396 0.010449 0.096369999999999983 0.11400999999999999 0.096338000000000049 0.0039790000000000008 0.0047720000000000002 0.0041520000000000003 0.0010120000000000001 0.0010839999999999999 0.00099500000000000001 3.9298060606517651 3.9298060606517651 3.9298060606517651 0.0029159814269051005 0.0029159814269051005 0.0029159814269051005 1 1 1 Converged Converged Converged OK OK OK 96 96 96 96 96 96 8 8 8 0 0 0 0 1 0 0 1
68 68 uniform 0 15 685 2 0.001 1.9549853189984128 0.032406362138765847 0.040435409615805537 -1.4244415556831713 0.048725494637376687 -1.4219802698804702 0 1.4833456048365501 4.1534512817643954 OK 14 13 0.417881 0.33325500000000002 0.13552900000000001 0.27558100000000002 0.17618400000000001 0 0.14229999999999998 0.15707100000000002 0.13552900000000001 0.011150999999999999 0.012378999999999999 0.010397999999999999 0.10587200000000004 0.118785 0.10044499999999994 0.0041650000000000003 0.0041509999999999993 0.0039589999999999998 0.0010820000000000001 0.001103 0.001088 4.1534775683254246 4.1534775683254246 4.1534775683254246 0.0031182348522586509 0.0031182348522586509 0.0031182348522586509 1 1 1 Converged Converged Converged OK OK OK 96 96 96 96 96 96 8 8 8 0 0 0 0 1 0 0 1
68 68 uniform 0 23 685 3 0.001 1.9549853189984128 0.032406362138765847 0.040435409615805537 -1.4244415556831713 0.048725494637376687 -1.4163544737600102 0 1.4777198087160901 4.307218192827639 OK 14 13 0.433 0.34226400000000001 0.15159 0.27859099999999998 0.17185800000000001 0 0.15440900000000002 0.170406 0.15159 0.011083000000000001 0.011384999999999999 0.010456 0.11459999999999999 0.12981799999999999 0.11320600000000004 0.0045740000000000008 0.0048820000000000001 0.0045159999999999992 0.0013059999999999999 0.001408 0.0012639999999999999 4.3072180431933562 4.3072180431933562 4.3072180431933562 0.00073870835683641049 0.00073870835683641049 0.00073870835683641049 1 1 1 Converged Converged Converged OK OK OK 104 104 104 104 104 104 8 8 8 0 0 0 0 1 0 0 1
68 68 uniform 0 0 685 0 0.0001 1.9549853189984128 0.032406362138765847 0.040435409615805537 -1.4244415556831713 0.048725494637376687 -1.4325286376063324 0 1.4938939725624123 3.5935903715897362 OK 14 13 0.49921199999999999 0.49759300000000001 0.19982800000000001 0.29873699999999997 0.296128 0 0.20047500000000001 0.20146500000000001 0.19982800000000001 0.012211 0.012371 0.011734 0.13680600000000007 0.13667500000000002 0.13640399999999997 0.0065570000000000012 0.0067229999999999998 0.0067219999999999988 0.0015990000000000002 0.0016789999999999999 0.001652 3.5935896199951967 3.5935896199951967 3.5935896199951967 0.00018113370333585225 0.00018113370333585225 0.00018113370333585225 1 1 1 Converged Converged Converged OK OK OK 136 136 136 136 136 136 8 8 8 0 0 0 0 0 1 0 0
68 68 uniform 0 7 685 1 0.0001 1.9549853189984128 0.032406362138765847 0.040435409615805537 -1.4244415556831713 0.048725494637376687 -1.42760606600093 0 1.4889714009570099 3.9298035363513582 OK 14 13 0.45314599999999999 0.35360599999999998 0.16626299999999999 0.28516399999999997 0.16577600000000001 0 0.16798200000000002 0.18782999999999997 0.16626299999999999 0.011143999999999999 0.011129999999999999 0.010451999999999999 0.12322899999999998 0.14310600000000001 0.12242900000000001 0.005666 0.005667000000000001 0.0056779999999999999 0.0014390000000000002 0.0014769999999999998 0.001508 3.9298036461132968 3.9298036461132968 3.9298036461132968 0.0001731030840462102 0.0001731030840462102 0.0001731030840462102 1 1 1 Converged Converged Converged OK OK OK 128 128 128 128 128 128 8 8 8 0 0 0 0 1 0 0 1
68 68 uniform 0 15 685 2 0.0001 1.9549853189984128 0.032406362138765847 0.040435409615805537 -1.4244415556831713 0.048725494637376687 -1.4219802698804702 0 1.4833456048365501 4.1534512817643954 OK 14 13 0.44623000000000002 0.35912699999999997 0.16197400000000001 0.28038099999999999 0.17049800000000001 0 0.16584900000000002 0.18862899999999996 0.16197400000000001 0.011193 0.011206000000000001 0.010518 0.12210800000000004 0.14567400000000003 0.12064200000000001 0.0055250000000000004 0.0052949999999999994 0.005104 0.0014430000000000001 0.0013669999999999999 0.0012930000000000001 4.1534512565175925 4.1534512565175925 4.1534512565175925 0.00035909461612259577 0.00035909461612259577 0.00035909461612259577 1 1 1 Converged Converged Converged OK OK OK 120 120 120 120 120 120 8 8 8 0 0 0 0 1 0 0 1
68 68 uniform 0 23 685 3 0.0001 1.9549853189984128 0.032406362138765847 0.040435409615805537 -1.4244415556831713 0.048725494637376687 -1.4163544737600102 0 1.4777198087160901 4.307218192827639 OK 14 13 0.449241 0.36506 0.17071700000000001 0.27933200000000002 0.17113999999999999 0 0.16990899999999998 0.19392000000000001 0.17071700000000001 0.011183999999999999 0.011186 0.010345999999999999 0.12677200000000008 0.15028900000000012 0.12933199999999997 0.005574 0.0056370000000000005 0.005228 0.0014260000000000002 0.0014470000000000002 0.0013899999999999997 4.3072180200092838 4.3072180200092838 4.3072180200092838 0.00027382493661870424 0.00027382493661870424 0.00027382493661870424 1 1 1 Converged Converged Converged OK OK OK 120 120 120 120 120 120 8 8 8 0 0 0 0 1 0 0 1
68 68 uniform 1 0 686 0 0.001 1.9549853189984128 0.032406362138765847 0.040435409615805537 -1.2973862409808028 -0.033312145202387462 -1.3054733229039639 0 1.3668386578600438 3.0157393505881487 OK 16 15 0.449129 0.44708300000000001 0.15850600000000001 0.28833700000000001 0.28810000000000002 0 0.16079199999999999 0.15898299999999999 0.15850600000000001 0.012591 0.012237 0.011893000000000001 0.11779300000000006 0.117355 0.11720799999999995 0.0038340000000000006 0.0036410000000000001 0.003601 0.00088800000000000001 0.00088800000000000001 0.00090799999999999995 3.0157410625885848 3.0157410625885848 3.0157410625885848 0.0013476740069783683 0.0013476740069783683 0.0013476740069783683 1 1 1 Converged Converged Converged OK OK OK 88 88 88 88 88 88 8 8 8 0 0 0 0 0 1 0 0
68 68 uniform 1 7 686 1 0.001 1.9549853189984128 0.032406362138765847 0.040435409615805537 -1.2973862409808028 -0.033312145202387462 -1.3005507512985615 0 1.3619160862546413 2.9662234289667375 OK 16 15 0.45768999999999999 0.36727399999999999 0.14405999999999999 0.312442 0.199628 0 0.14524799999999999 0.16764599999999999 0.14405999999999999 0.011657000000000001 0.011462999999999999 0.010694 0.11109899999999996 0.134492 0.11234699999999996 0.0039059999999999993 0.0034230000000000003 0.0033710000000000003 0.00089299999999999991 0.00086400000000000008 0.00082799999999999996 2.9662221238456561 2.9662221238456561 2.9662221238456561 0.0013555724414997367 0.0013555724414997367 0.0013555724414997367 1 1 1 Converged Converged Converged OK OK OK 88 88 88 88 88 88 8 8 8 0 0 0 0 1 0 0 1
68 68 uniform 1 15 686 2 0.001 1.9549853189984128 0.032406362138765847 0.040435409615805537 -1.2973862409808028 -0.033312145202387462 -1.2949249551781017 0 1.3562902901341816 2.9005656736590217 OK 16 15 0.44068499999999999 0.35303400000000001 0.144618 0.293991 0.183673 0 0.14669399999999999 0.16936100000000001 0.144618 0.011402000000000001 0.011524 0.010592000000000001 0.11378100000000003 0.13556299999999993 0.113098 0.0034290000000000002 0.0037739999999999996 0.0033639999999999994 0.00084000000000000003 0.00088100000000000006 0.00081499999999999997 2.9005622822379005 2.9005622822379005 2.9005622822379005 0.0017056808122704336 0.0017056808122704336 0.0017056808122704336 1 1 1 Converged Converged Converged OK OK OK 88 88 88 88 88 88 8 8 8 0 0 0 0 1 0 0 1
68 68 uniform 1 23 686 3 0.001 1.9549853189984128 0.032406362138765847 0.040435409615805537 -1.2973862409808028 -0.033312145202387462 -1.2892991590576417 0 1.3506644940137216 2.8301471714258288 OK 16 15 0.45935799999999999 0.35316900000000001 0.144065 0.313388 0.18860399999999999 0 0.14596999999999999 0.16456500000000002 0.144065 0.011402000000000001 0.011762999999999999 0.010659 0.113173 0.13065600000000002 0.11239899999999999 0.0034360000000000003 0.0037390000000000006 0.0034330000000000007 0.00084600000000000007 0.00088099999999999995 0.00081700000000000002 2.8301413668441304 2.8301413668441304 2.8301413668441304 0.0022642633179260031 0.0022642633179260031 0.0022642633179260031 1 1 1 Converged Converged Converged OK OK OK 88 88 88 88 88 88 8 8 8 0 0 0 0 1 0 0 1
68 68 uniform 1 0 686 0 0.0001 1.9549853189984128 0.032406362138765847 0.040435409615805537 -1.2973862409808028 -0.033312145202387462 -1.3054733229039639 0 1.3668386578600438 3.0157393505881487 OK 16 15 0.515795 0.51371699999999998 0.22318499999999999 0.29006399999999999 0.28719699999999998 0 0.22573100000000001 0.22652 0.22318499999999999 0.01239 0.012534999999999999 0.012160000000000001 0.16289900000000002 0.16337599999999999 0.16298900000000002 0.0062139999999999999 0.0089810000000000011 0.0063740000000000003 0.00141 0.0014140000000000001 0.001413 3.0157395201273571 3.0157395201273571 3.0157395201273571 0.00025351866424597647 0.00025351866424597647 0.00025351866424597647 1 1 1 Converged Converged Converged OK OK OK 136 136 136 136 136 136 8 8 8 0 0 0 0 0 1 0 0
68 68 uniform 1 7 686 1 0.0001 1.9549853189984128 0.032406362138765847 0.040435409615805537 -1.2973862409808028 -0.033312145202387462 -1.3005507512985615 0 1.3619160862546413 2.9662234289667375 OK 16 15 0.52027100000000004 0.43065199999999998 0.198654 0.31246000000000002 0.20192499999999999 0 0.20781100000000002 0.22872699999999999 0.198654 0.011642 0.011690000000000001 0.010746 0.16245900000000008 0.18358999999999995 0.15621299999999991 0.0060230000000000006 0.0059099999999999995 0.0055630000000000002 0.0015480000000000001 0.001616 0.001464 2.9662235913272794 2.9662235913272794 2.9662235913272794 0.00019186601371665868 0.00019186601371665868 0.00019186601371665868 1 1 1 Converged Converged Converged OK OK OK 128 128 128 128 128 128 8 8 8 0 0 0 0 1 0 0 1
68 68 uniform 1 15 686 2 0.0001 1.9549853189984128 0.032406362138765847 0.040435409615805537 -1.2973862409808028 -0.033312145202387462 -1.2949249551781017 0 1.3562902901341816 2.9005656736590217 OK 16 15 0.492058 0.39519599999999999 0.18994 0.29586899999999999 0.17969199999999999 0 0.196189 0.215504 0.18994 0.011301 0.011722 0.010708000000000001 0.15453500000000003 0.17329499999999995 0.14978099999999997 0.005058 0.0052920000000000007 0.0050659999999999993 0.001292 0.0013590000000000002 0.0012489999999999999 2.9005655077817969 2.9005655077817969 2.9005655077817969 0.00024629245399386231 0.00024629245399386231 0.00024629245399386231 1 1 1 Converged Converged Converged OK OK OK 120 120 120 120 120 120 8 8 8 0 0 0 0 1 0 0 1
68 68 uniform 1 23 686 3 0.0001 1.9549853189984128 0.032406362138765847 0.040435409615805537 -1.2973862409808028 -0.033312145202387462 -1.2892991590576417 0 1.3506644940137216 2.8301471714258288 OK 16 15 0.50129900000000005 0.404088 0.18743799999999999 0.30813200000000002 0.19272300000000001 0 0.19316700000000003 0.211365 0.18743799999999999 0.014491 0.011481999999999999 0.010692999999999999 0.14856399999999995 0.16960999999999998 0.147428 0.0052209999999999999 0.005339 0.0050380000000000008 0.0012829999999999999 0.0013219999999999998 0.0012669999999999999 2.8301470337431458 2.8301470337431458 2.8301470337431458 0.00022185981871705452 0.00022185981871705452 0.00022185981871705452 1 1 1 Converged Converged Converged OK OK OK 120 120 120 120 120 120 8 8 8 0 0 0 0 1 0 0 1
68 68 uniform 2 0 687 0 0.001 1.9549853189984128 0.032406362138765847 0.040435409615805537 0.016973270049883214 0.051480129824936126 0.0088861881267221065 0 0.05247914682935774 14.448099092756992 OK 13 12 0.37551200000000001 0.37090400000000001 0.108613 0.26571 0.26145699999999999 0 0.10980200000000001 0.10944700000000002 0.108613 0.010874999999999999 0.010983 0.010496999999999999 0.073054000000000008 0.073099000000000011 0.072574000000000041 0.0035779999999999996 0.0035409999999999999 0.0035849999999999996 0.00084800000000000001 0.00085499999999999997 0.00097499999999999996 14.448096196083885 14.448096196083885 14.448096196083885 0.0056719662332952829 0.0056719662332952829 0.0056719662332952829 1 1 1 Converged Converged Converged OK OK OK 75 75 75 75 75 75 5 5 5 0 0 0 0 0 1 0 0
68 68 uniform 2 7 687 1 0.001 1.9549853189984128 0.032406362138765847 0.040435409615805537 0.016973270049883214 0.051480129824936126 0.013808759732124521 0 0.04755657522395533 15.313233169848514 OK 13 12 0.354688 0.29309600000000002 0.10317999999999999 0.24816099999999999 0.14757300000000001 0 0.10652700000000001 0.14552300000000001 0.10317999999999999 0.0097479999999999997 0.01269 0.0088610000000000008 0.074518000000000015 0.11172299999999998 0.073870999999999978 0.003954 0.0035379999999999999 0.0035100000000000001 0.00095500000000000001 0.00089599999999999999 0.00080599999999999997 15.313231984182162 15.313231984182162 15.313231984182162 0.00079741236891149082 0.00079741236891149082 0.00079741236891149082 1 1 1 Converged Converged Converged OK OK OK 75 75 75 75 75 75 5 5 5 0 0 0 0 1 0 0 1
68 68 uniform 2 15 687 2 0.001 1.9549853189984128 0.032406362138765847 0.040435409615805537 0.016973270049883214 0.051480129824936126 0.019434555852584422 0 0.041930779103495422 16.46591986452011 OK 13 12 0.34981899999999999 0.28342099999999998 0.089643 0.25820700000000002 0.152339 0 0.091611999999999971 0.13108199999999998 0.089643 0.0099369999999999997 0.0098840000000000004 0.0091739999999999999 0.065150999999999987 0.10496200000000008 0.064893000000000006 0.0026310000000000001 0.002647 0.0025630000000000002 0.00074399999999999998 0.000754 0.00071699999999999997 16.46589854852769 16.46589854852769 16.46589854852769 0.0083398587324401956 0.0083398587324401956 0.0083398587324401956 1 1 1 Converged Converged Converged OK OK OK 59 59 59 59 59 59 5 5 5 0 0 0 0 1 0 0 1
68 68 uniform 2 23 687 3 0.001 1.9549853189984128 0.032406362138765847 0.040435409615805537 0.016973270049883214 0.051480129824936126 0.02506035197304432 0 0.036304982983035528 17.957029670433645 OK 13 12 0.340582 0.27276099999999998 0.094378000000000004 0.247558 0.14710300000000001 0 0.093023999999999996 0.12565799999999996 0.094378000000000004 0.010069 0.010129000000000001 0.0093799999999999994 0.06669700000000002 0.099394999999999997 0.069787000000000002 0.0025329999999999997 0.0027629999999999998 0.0024750000000000002 0.00080499999999999994 0.00077400000000000006 0.00068399999999999993 17.957020636831498 17.957020636831498 17.957020636831498 0.011969967615057628 0.011969967615057628 0.011969967615057628 1 1 1 Converged Converged Converged OK OK OK 59 59 59 59 59 59 5 5 5 0 0 0 0 1 0 0 1
68 68 uniform 2 0 687 0 0.0001 1.9549853189984128 0.032406362138765847 0.040435409615805537 0.016973270049883214 0.051480129824936126 0.0088861881267221065 0 0.05247914682935774 14.448099092756992 OK 13 12 0.38000499999999998 0.381691 0.115521 0.26314500000000002 0.26394000000000001 0 0.11685999999999996 0.11775099999999999 0.115521 0.010645999999999999 0.010935 0.010481000000000001 0.077437000000000034 0.07810099999999999 0.076999999999999971 0.0040489999999999996 0.0042430000000000002 0.0040390000000000001 0.001026 0.0011410000000000001 0.0010479999999999999 14.448098891609769 14.448098891609769 14.448098891609769 0.0008443847108531346 0.0008443847108531346 0.0008443847108531346 1 1 1 Converged Converged Converged OK OK OK 83 83 83 83 83 83 5 5 5 0 0 0 0 0 1 0 0
68 68 uniform 2 7 687 1 0.0001 1.9549853189984128 0.032406362138765847 0.040435409615805537 0.016973270049883214 0.051480129824936126 0.013808759732124521 0 0.04755657522395533 15.313233169848514 OK 13 12 0.35743000000000003 0.28911399999999998 0.10287499999999999 0.251689 0.147483 0 0.10574100000000003 0.14163099999999998 0.10287499999999999 0.0096500000000000006 0.0095600000000000008 0.0089650000000000007 0.074301000000000006 0.11123499999999997 0.073623000000000008 0.0038999999999999998 0.0035650000000000005 0.0034459999999999998 0.00091700000000000006 0.00080199999999999998 0.00075700000000000008 15.313231984182162 15.313231984182162 15.313231984182162 0.00079741236891149082 0.00079741236891149082 0.00079741236891149082 1 1 1 Converged Converged Converged OK OK OK 75 75 75 75 75 75 5 5 5 0 0 0 0 1 0 0 1
68 68 uniform 2 15 687 2 0.0001 1.9549853189984128 0.032406362138765847 0.040435409615805537 0.016973270049883214 0.051480129824936126 0.019434555852584422 0 0.041930779103495422 16.46591986452011 OK 13 12 0.36124400000000001 0.30212 0.104603 0.25420300000000001 0.15473600000000001 0 0.107041 0.14738399999999999 0.104603 0.010015 0.0098530000000000006 0.0091900000000000003 0.075650999999999982 0.11641700000000003 0.07521499999999999 0.0035969999999999999 0.0035690000000000001 0.0034230000000000003 0.00085900000000000006 0.00084500000000000005 0.00084199999999999987 16.465918407939309 16.465918407939309 16.465918407939309 0.00064920847389754682 0.00064920847389754682 0.00064920847389754682 1 1 1 Converged Converged Converged OK OK OK 75 75 75 75 75 75 5 5 5 0 0 0 0 1 0 0 1
68 68 uniform 2 23 687 3 0.0001 1.9549853189984128 0.032406362138765847 0.040435409615805537 0.016973270049883214 0.051480129824936126 0.02506035197304432 0 0.036304982983035528 17.957029670433645 OK 13 12 0.36853200000000003 0.31677899999999998 0.115122 0.25100499999999998 0.146644 0 0.11752700000000005 0.17013499999999998 0.115122 0.010085999999999999 0.010152 0.0093849999999999992 0.084561999999999984 0.13737800000000003 0.08370900000000002 0.0039909999999999998 0.0039119999999999997 0.0039759999999999995 0.0010790000000000001 0.001062 0.001034 17.957028422433019 17.957028422433019 17.957028422433019 0.00012180242881727274 0.00012180242881727274 0.00012180242881727274 1 1 1 Converged Converged Converged OK OK OK 83 83 83 83 83 83 5 5 5 0 0 0 0 1 0 0 1
68 68 uniform 3 0 688 0 0.001 1.9549853189984128 0.032406362138765847 0.040435409615805537 -1.3377318002906644 0.085010145433382783 -1.3458188822138255 0 1.4071842171699054 1.5799104803186039 OK 13 12 0.33990100000000001 0.33663199999999999 0.063588000000000006 0.27440799999999999 0.27139099999999999 0 0.065493000000000023 0.065240999999999993 0.063588000000000006 0.0092840000000000006 0.0091669999999999998 0.0086280000000000003 0.040029999999999989 0.040149000000000004 0.039341000000000008 0.0022650000000000001 0.0022390000000000001 0.002222 0.00055900000000000004 0.00058799999999999998 0.00054299999999999997 1.5799104099031007 1.5799104099031007 1.5799104099031007 0.00066628548247242732 0.00066628548247242732 0.00066628548247242732 1 1 1 Converged Converged Converged OK OK OK 45 45 45 45 45 45 3 3 3 0 0 0 0 0 1 0 0
68 68 uniform 3 7 688 1 0.001 1.9549853189984128 0.032406362138765847 0.040435409615805537 -1.3377318002906644 0.085010145433382783 -1.3408963106084231 0 1.4022616455645029 1.5402433351415719 OK 13 12 0.32788400000000001 0.22683400000000001 0.057743000000000003 0.267986 0.15234200000000001 0 0.059898000000000007 0.074492000000000003 0.057743000000000003 0.0084200000000000004 0.0081949999999999992 0.0076769999999999998 0.037374000000000004 0.05239400000000001 0.03655199999999998 0.0022430000000000002 0.0022449999999999996 0.002186 0.00056900000000000006 0.00056899999999999995 0.00053600000000000002 1.540243301049657 1.540243301049657 1.540243301049657 0.00063398262124202229 0.00063398262124202229 0.00063398262124202229 1 1 1 Converged Converged Converged OK OK OK 45 45 45 45 45 45 3 3 3 0 0 0 0 1 0 0 1
68 68 uniform 3 15 688 2 0.001 1.9549853189984128 0.032406362138765847 0.040435409615805537 -1.3377318002906644 0.085010145433382783 -1.3352705144879633 0 1.3966358494440432 1.5037993327492873 OK 13 12 0.32970100000000002 0.22699800000000001 0.056210000000000003 0.26771200000000001 0.15317500000000001 0 0.061989000000000016 0.073823 0.056210000000000003 0.0082620000000000002 0.0082439999999999996 0.0076769999999999998 0.035385 0.05170799999999999 0.035029999999999992 0.0023249999999999998 0.0022890000000000002 0.0022259999999999997 0.00054500000000000002 0.00055100000000000006 0.00053200000000000003 1.5037993138202275 1.5037993138202275 1.5037993138202275 0.00060224650894910136 0.00060224650894910136 0.00060224650894910136 1 1 1 Converged Converged Converged OK OK OK 45 45 45 45 45 45 3 3 3 0 0 0 0 1 0 0 1
68 68 uniform 3 23 688 3 0.001 1.9549853189984128 0.032406362138765847 0.040435409615805537 -1.3377318002906644 0.085010145433382783 -1.3296447183675033 0 1.3910100533235832 1.4741931073712762 OK 13 12 0.31996999999999998 0.224248 0.055872999999999999 0.26246199999999997 0.150864 0 0.057508000000000004 0.073384000000000005 0.055872999999999999 0.0082760000000000004 0.0083400000000000002 0.0076140000000000001 0.035176000000000013 0.051431999999999999 0.034896999999999997 0.0022729999999999998 0.002189 0.0021929999999999996 0.000553 0.00057200000000000003 0.00052899999999999996 1.4741930973188546 1.4741930973188546 1.4741930973188546 0.00057616619670141441 0.00057616619670141441 0.00057616619670141441 1 1 1 Converged Converged Converged OK OK OK 45 45 45 45 45 45 3 3 3 0 0 0 0 1 0 0 1
68 68 uniform 3 0 688 0 0.0001 1.9549853189984128 0.032406362138765847 0.040435409615805537 -1.3377318002906644 0.085010145433382783 -1.3458188822138255 0 1.4071842171699054 1.5799104803186039 OK 13 12 0.38072499999999998 0.37932300000000002 0.104813 0.27491300000000002 0.272893 0 0.10581199999999996 0.10643000000000002 0.104813 0.0087399999999999995 0.0091660000000000005 0.0087399999999999995 0.069759999999999989 0.06951800000000001 0.068956000000000017 0.0038969999999999999 0.0041380000000000002 0.0038539999999999998 0.00081699999999999991 0.00084399999999999992 0.00082700000000000015 1.579910417158171 1.579910417158171 1.579910417158171 2.6935767880915865e-05 2.6935767880915865e-05 2.6935767880915865e-05 1 1 1 Converged Converged Converged OK OK OK 77 77 77 77 77 77 3 3 3 0 0 0 0 0 1 0 0
68 68 uniform 3 7 688 1 0.0001 1.9549853189984128 0.032406362138765847 0.040435409615805537 -1.3377318002906644 0.085010145433382783 -1.3408963106084231 0 1.4022616455645029 1.5402433351415719 OK 13 12 0.36668000000000001 0.274671 0.096116999999999994 0.26843899999999998 0.15216099999999999 0 0.098241000000000023 0.12251000000000001 0.096116999999999994 0.0082500000000000004 0.0083280000000000003 0.007744 0.066176000000000013 0.090351999999999988 0.065124000000000001 0.0039379999999999997 0.0039900000000000005 0.0038539999999999998 0.0007890000000000001 0.00080000000000000015 0.00076899999999999994 1.5402433089519219 1.5402433089519219 1.5402433089519219 2.7160236651529428e-05 2.7160236651529428e-05 2.7160236651529428e-05 1 1 1 Converged Converged Converged OK OK OK 77 77 77 77 77 77 3 3 3 0 0 0 0 1 0 0 1
68 68 uniform 3 15 688 2 0.0001 1.9549853189984128 0.032406362138765847 0.040435409615805537 -1.3377318002906644 0.085010145433382783 -1.3352705144879633 0 1.3966358494440432 1.5037993327492873 OK 13 12 0.36617100000000002 0.274399 0.094768000000000005 0.26949600000000001 0.15890899999999999 0 0.096675000000000011 0.11549000000000001 0.094768000000000005 0.0082520000000000007 0.0083429999999999997 0.0076990000000000001 0.064599999999999991 0.083384999999999987 0.063753000000000018 0.003999 0.0040249999999999999 0.0039220000000000001 0.00078799999999999996 0.00084200000000000008 0.00076000000000000004 1.5037993210728569 1.5037993210728569 1.5037993210728569 2.7431089725672061e-05 2.7431089725672061e-05 2.7431089725672061e-05 1 1 1 Converged Converged Converged OK OK OK 77 77 77 77 77 77 3 3 3 0 0 0 0 1 0 0 1
68 68 uniform 3 23 688 3 0.0001 1.9549853189984128 0.032406362138765847 0.040435409615805537 -1.3377318002906644 0.085010145433382783 -1.3296447183675033 0 1.3910100533235832 1.4741931073712762 OK 13 12 0.35486400000000001 0.26542300000000002 0.090267 0.26300899999999999 0.15165999999999999 0 0.09185500000000002 0.11376300000000003 0.090267 0.0082970000000000006 0.0083169999999999997 0.0077390000000000002 0.060285999999999985 0.081978999999999996 0.059689999999999993 0.0038410000000000007 0.0039430000000000003 0.0038019999999999998 0.000785 0.00078799999999999996 0.00076199999999999998 1.4741931039443266 1.4741931039443266 1.4741931039443266 2.7706022785011093e-05 2.7706022785011093e-05 2.7706022785011093e-05 1 1 1 Converged Converged Converged OK OK OK 77 77 77 77 77 77 3 3 3 0 0 0 0 1 0 0 1
68 68 uniform 4 0 689 0 0.001 1.9549853189984128 0.032406362138765847 0.040435409615805537 -0.014665595147090024 0.071665943641205668 -0.02275267707025113 0 0.084118012026330985 9.1793034492416865 OK 13 12 0.31716499999999997 0.31541999999999998 0.065194000000000002 0.24950600000000001 0.24810699999999999 0 0.067658999999999969 0.067312999999999984 0.065194000000000002 0.0095919999999999998 0.0093159999999999996 0.0089879999999999995 0.044031999999999988 0.044332000000000003 0.04335 0.0019529999999999999 0.00199 0.0018570000000000001 0.00051000000000000004 0.00048099999999999998 0.00046799999999999999 9.1793021602434468 9.1793021602434468 9.1793021602434468 0.0045379804684436004 0.0045379804684436004 0.0045379804684436004 1 1 1 Converged Converged Converged OK OK OK 37 37 37 37 37 37 3 3 3 0 0 0 0 0 1 0 0
68 68 uniform 4 7 689 1 0.001 1.9549853189984128 0.032406362138765847 0.040435409615805537 -0.014665595147090024 0.071665943641205668 -0.017830105464848717 0 0.079195440420928562 9.49926396816854 OK 13 12 0.314444 0.227189 0.062784000000000006 0.25050600000000001 0.144229 0 0.063937999999999995 0.082960000000000006 0.062784000000000006 0.0085330000000000007 0.0085970000000000005 0.0080230000000000006 0.043796000000000002 0.06282299999999999 0.043591000000000005 0.0017730000000000001 0.0017859999999999998 0.0017030000000000001 0.00044900000000000002 0.000457 0.00043600000000000003 9.4992621998626543 9.4992621998626543 9.4992621998626543 0.0045438081518613749 0.0045438081518613749 0.0045438081518613749 1 1 1 Converged Converged Converged OK OK OK 37 37 37 37 37 37 3 3 3 0 0 0 0 1 0 0 1
68 68 uniform 4 15 689 2 0.001 1.9549853189984128 0.032406362138765847 0.040435409615805537 -0.014665595147090024 0.071665943641205668 -0.012204309344388818 0 0.073569644300468667 9.887411523324225 OK 13 12 0.33764300000000003 0.26721299999999998 0.086022000000000001 0.24928900000000001 0.14547099999999999 0 0.088354000000000016 0.12174199999999999 0.086022000000000001 0.0093050000000000008 0.0092890000000000004 0.0087180000000000001 0.062046999999999998 0.096280999999999992 0.061489000000000016 0.0031879999999999999 0.0027319999999999996 0.0027439999999999999 0.000696 0.00061200000000000002 0.00063699999999999998 9.8874090305180751 9.8874090305180751 9.8874090305180751 0.0039264882210173465 0.0039264882210173465 0.0039264882210173465 1 1 1 Converged Converged Converged OK OK OK 60 60 60 60 60 60 4 4 4 0 0 0 0 1 0 0 1
68 68 uniform 4 23 689 3 0.001 1.9549853189984128 0.032406362138765847 0.040435409615805537 -0.014665595147090024 0.071665943641205668 -0.0065785132239289165 0 0.067943848180008759 10.300159170780123 OK 13 12 0.30893100000000001 0.23861599999999999 0.066826999999999998 0.24064199999999999 0.14099400000000001 0 0.068289000000000016 0.097621999999999987 0.066826999999999998 0.0092770000000000005 0.009306 0.0086969999999999999 0.047736000000000001 0.074335999999999999 0.047368999999999988 0.0017259999999999999 0.0019810000000000001 0.001702 0.00047099999999999996 0.003114 0.00046699999999999997 10.300159212389277 10.300159212389277 10.300159212389277 0.0069872925650608028 0.0069872925650608028 0.0069872925650608028 1 1 1 Converged Converged Converged OK OK OK 44 44 44 44 44 44 4 4 4 0 0 0 0 1 0 0 1
68 68 uniform 4 0 689 0 0.0001 1.9549853189984128 0.032406362138765847 0.040435409615805537 -0.014665595147090024 0.071665943641205668 -0.02275267707025113 0 0.084118012026330985 9.1793034492416865 OK 13 12 0.35354799999999997 0.35458899999999999 0.101789 0.24989900000000001 0.25108799999999998 0 0.10364899999999996 0.10350100000000001 0.101789 0.0093410000000000003 0.0092359999999999994 0.0089210000000000001 0.069881000000000013 0.070082999999999993 0.069157999999999997 0.003571 0.0036040000000000004 0.0033980000000000004 0.00074399999999999987 0.00076800000000000002 0.00069999999999999999 9.1793032321429404 9.1793032321429404 9.1793032321429404 4.7978112422390401e-05 4.7978112422390401e-05 4.7978112422390401e-05 1 1 1 Converged Converged Converged OK OK OK 69 69 69 69 69 69 3 3 3 0 0 0 0 0 1 0 0
68 68 uniform 4 7 689 1 0.0001 1.9549853189984128 0.032406362138765847 0.040435409615805537 -0.014665595147090024 0.071665943641205668 -0.017830105464848717 0 0.079195440420928562 9.49926396816854 OK 13 12 0.34174300000000002 0.25728699999999999 0.079910999999999996 0.259799 0.14396200000000001 0 0.081944000000000017 0.11332499999999998 0.079910999999999996 0.0086269999999999993 0.0086309999999999998 0.0081060000000000004 0.056742999999999974 0.088423000000000029 0.055910000000000001 0.0025870000000000003 0.002542 0.0024859999999999999 0.00062600000000000004 0.00059000000000000003 0.00059999999999999995 9.499263920099553 9.499263920099553 9.499263920099553 0.00090571598119734784 0.00090571598119734784 0.00090571598119734784 1 1 1 Converged Converged Converged OK OK OK 53 53 53 53 53 53 3 3 3 0 0 0 0 1 0 0 1
68 68 uniform 4 15 689 2 0.0001 1.9549853189984128 0.032406362138765847 0.040435409615805537 -0.014665595147090024 0.071665943641205668 -0.012204309344388818 0 0.073569644300468667 9.887411523324225 OK 13 12 0.355408 0.29344199999999998 0.10201300000000001 0.25145800000000001 0.146622 0 0.10394999999999999 0.14681999999999998 0.10201300000000001 0.0091439999999999994 0.0094380000000000002 0.0086960000000000006 0.074271000000000004 0.11582100000000001 0.073400000000000035 0.003359 0.003813 0.0032499999999999999 0.00073300000000000004 0.00078199999999999993 0.00071300000000000009 9.8874111348370413 9.8874111348370413 9.8874111348370413 0.00018820186692197798 0.00018820186692197798 0.00018820186692197798 1 1 1 Converged Converged Converged OK OK OK 76 76 76 76 76 76 4 4 4 0 0 0 0 1 0 0 1
68 68 uniform 4 23 689 3 0.0001 1.9549853189984128 0.032406362138765847 0.040435409615805537 -0.014665595147090024 0.071665943641205668 -0.0065785132239289165 0 0.067943848180008759 10.300159170780123 OK 13 12 0.34028199999999997 0.28822799999999998 0.097909999999999997 0.24074000000000001 0.145452 0 0.099541999999999964 0.14277599999999999 0.097909999999999997 0.0092309999999999996 0.0092700000000000005 0.0086809999999999995 0.07107800000000003 0.11371400000000001 0.070538000000000017 0.0033170000000000001 0.0036549999999999998 0.0031880000000000003 0.00074899999999999999 0.00076800000000000002 0.00070500000000000011 10.300158447938172 10.300158447938172 10.300158447938172 0.00043211833290220949 0.00043211833290220949 0.00043211833290220949 1 1 1 Converged Converged Converged OK OK OK 76 76 76 76 76 76 4 4 4 0 0 0 0 1 0 0 1
69 69 linear 0 0 690 0 0.001 0.68061195545608311 0.00071180269989998973 0.0053561870743712844 0.00078267877877182684 0.0026808702589997575 -0.00028855863610243013 0.5 0.00077267546791233237 361.63621151592389 OK 12 12 0.88793800000000001 0.88327699999999998 0.30501899999999998 0.57324399999999998 0.57517399999999996 0 0.31469400000000003 0.30810300000000002 0.30501899999999998 0.0087229999999999999 0.0087569999999999992 0.0082640000000000005 0.26523400000000019 0.25891400000000014 0.25906400000000002 0.0080929999999999995 0.0081529999999999988 0.0068820000000000001 0.0012650000000000001 0.001297 0.0011789999999999999 361.63671127806674 361.63671127806674 361.63671127806674 0.1229059322309061 0.1229059322309061 0.1229059322309061 1 1 1 Converged Converged Converged OK OK OK 130 130 130 130 130 130 6 6 6 0 0 0 0 0 1 0 0
69 69 linear 0 7 690 1 0.001 0.68061195545608311 0.00071180269989998973 0.0053561870743712844 0.00078267877877182684 0.0026808702589997575 0.00036349892077755243 0.5 0.00012061791103234977 361.29814586313864 OK 12 12 0.84107500000000002 0.71458500000000003 0.29130499999999998 0.53483700000000001 0.38583400000000001 0 0.30623800000000001 0.32875100000000002 0.29130499999999998 0.0079299999999999995 0.0078519999999999996 0.0071349999999999998 0.26508300000000001 0.28987099999999988 0.25528400000000001 0.0088159999999999992 0.0073190000000000009 0.0066470000000000001 0.0012650000000000001 0.0011870000000000001 0.001073 361.2987716933801 361.2987716933801 361.2987716933801 0.12288266881654135 0.12288266881654135 0.12288266881654135 1 1 1 Converged Converged Converged OK OK OK 130 130 130 130 130 130 6 6 6 0 0 0 0 1 0 0 1
69 69 linear 0 15 690 2 0.001 0.68061195545608311 0.00071180269989998973 0.0053561870743712844 0.00078267877877182684 0.0026808702589997575 0.0011087075572118181 0.5 -0.00062459072540191601 355.41409950602463 OK 12 12 0.73083699999999996 0.61862799999999996 0.28773700000000002 0.42888199999999999 0.29158899999999999 0 0.30195499999999997 0.32703899999999997 0.28773700000000002 0.0078250000000000004 0.0076410000000000002 0.0070470000000000003 0.26291799999999999 0.28924099999999986 0.25183800000000006 0.007869000000000001 0.0071139999999999988 0.0066790000000000009 0.001145 0.0010950000000000001 0.001062 355.414366793787 355.414366793787 355.414366793787 0.12285507272088113 0.12285507272088113 0.12285507272088113 1 1 1 Converged Converged Converged OK OK OK 130 130 130 130 130 130 6 6 6 0 0 0 0 1 0 0 1
69 69 linear 0 23 690 3 0.001 0.68061195545608311 0.00071180269989998973 0.0053561870743712844 0.00078267877877182684 0.0026808702589997575 0.0018539161936460837 0.5 -0.0013697993618361816 343.51893443147497 OK 13 12 0.86001300000000003 0.75973100000000005 0.34437299999999998 0.50197099999999995 0.36521999999999999 0 0.35804200000000008 0.39451100000000006 0.34437299999999998 0.0077619999999999998 0.0080140000000000003 0.0072059999999999997 0.3169989999999997 0.35307100000000019 0.30562299999999998 0.0072790000000000007 0.007195 0.006692 0.0013699999999999999 0.0013750000000000001 0.0013349999999999998 343.51870882023343 343.51870882023343 343.51870882023343 0.12281878130362565 0.12281878130362565 0.12281878130362565 1 1 1 Converged Converged Converged OK OK OK 137 137 137 137 137 137 7 7 7 0 0 0 0 1 0 0 1
69 69 linear 0 0 690 0 0.0001 0.68061195545608311 0.00071180269989998973 0.0053561870743712844 0.00078267877877182684 0.0026808702589997575 -0.00028855863610243013 0.5 0.00077267546791233237 361.63621151592389 OK 12 12 1.0518190000000001 1.033512 0.45619599999999999 0.58132499999999998 0.57376300000000002 0 0.47049400000000008 0.45974899999999996 0.45619599999999999 0.0085760000000000003 0.0087740000000000005 0.0082550000000000002 0.39757200000000004 0.38626300000000013 0.38394799999999984 0.015418999999999999 0.016116000000000002 0.016041999999999997 0.0014379999999999996 0.0014739999999999998 0.0014339999999999999 361.63757600947974 361.63757600947974 361.63757600947974 0.026524612431923555 0.026524612431923555 0.026524612431923555 1 1 1 Converged Converged Converged OK OK OK 202 202 202 202 202 202 6 6 6 0 0 0 0 0 1 0 0
69 69 linear 0 7 690 1 0.0001 0.68061195545608311 0.00071180269989998973 0.0053561870743712844 0.00078267877877182684 0.0026808702589997575 0.00036349892077755243 0.5 0.00012061791103234977 361.29814586313864 OK 12 12 0.98948400000000003 0.85900500000000002 0.434531 0.53242299999999998 0.387378 0 0.45706100000000005 0.47162700000000002 0.434531 0.007953 0.0077689999999999999 0.007195 0.3946030000000002 0.41113100000000002 0.37728300000000015 0.01772 0.016567000000000002 0.015508000000000001 0.0014430000000000003 0.001464 0.0013259999999999997 361.29964979888939 361.29964979888939 361.29964979888939 0.026523306541707155 0.026523306541707155 0.026523306541707155 1 1 1 Converged Converged Converged OK OK OK 202 202 202 202 202 202 6 6 6 0 0 0 0 1 0 0 1
69 69 linear 0 15 690 2 0.0001 0.68061195545608311 0.00071180269989998973 0.0053561870743712844 0.00078267877877182684 0.0026808702589997575 0.0011087075572118181 0.5 -0.00062459072540191601 355.41409950602463 OK 12 12 0.88188599999999995 0.76904700000000004 0.44329000000000002 0.431392 0.29244199999999998 0 0.45049399999999995 0.47660500000000006 0.44329000000000002 0.0078700000000000003 0.0078670000000000007 0.007149 0.39026199999999983 0.41695500000000013 0.38530399999999981 0.016596 0.016639999999999999 0.015805999999999997 0.0013849999999999999 0.001451 0.0014790000000000001 355.41526089776249 355.41526089776249 355.41526089776249 0.026521202842745926 0.026521202842745926 0.026521202842745926 1 1 1 Converged Converged Converged OK OK OK 202 202 202 202 202 202 6 6 6 0 0 0 0 1 0 0 1
69 69 linear 0 23 690 3 0.0001 0.68061195545608311 0.00071180269989998973 0.0053561870743712844 0.00078267877877182684 0.0026808702589997575 0.0018539161936460837 0.5 -0.0013697993618361816 343.51893443147497 OK 13 12 1.01054 0.90143899999999999 0.50600699999999998 0.50316499999999997 0.366286 0 0.50737500000000002 0.53515299999999999 0.50600699999999998 0.0078910000000000004 0.007868 0.0074130000000000003 0.44305100000000008 0.47081099999999987 0.43793999999999988 0.016378 0.016226000000000001 0.015408 0.0016799999999999999 0.0021180000000000001 0.0017949999999999999 343.51961797658839 343.51961797658839 343.51961797658839 0.026515100930136409 0.026515100930136409 0.026515100930136409 1 1 1 Converged Converged Converged OK OK OK 209 209 209 209 209 209 7 7 7 0 0 0 0 1 0 0 1
69 69 linear 1 0 691 0 0.001 0.68061195545608311 0.00071180269989998973 0.0053561870743712844 0.79033030220426925 -0.065760383293942043 0.789259064789395 0.5 -0.78877494795758507 2.2616603226187073 OK 13 12 0.462397 0.44862200000000002 0.14416399999999999 0.31657999999999997 0.30737799999999998 0 0.14581700000000003 0.14124400000000004 0.14416399999999999 0.0097999999999999997 0.0094920000000000004 0.0089619999999999995 0.10784200000000001 0.10541799999999998 0.10845199999999998 0.0041470000000000005 0.0036020000000000002 0.0036359999999999999 0.00097999999999999997 0.00089399999999999994 0.00090200000000000002 2.2616646979825425 2.2616646979825425 2.2616646979825425 0.0021277533353837048 0.0021277533353837048 0.0021277533353837048 1 1 1 Converged Converged Converged OK OK OK 82 82 82 82 82 82 6 6 6 0 0 0 0 0 1 0 0
69 69 linear 1 7 691 1 0.001 0.68061195545608311 0.00071180269989998973 0.0053561870743712844 0.79033030220426925 -0.065760383293942043 0.78991112234627503 0.5 -0.7894270055144651 2.2256751150710237 OK 13 12 0.48111100000000001 0.36866100000000002 0.13592899999999999 0.341756 0.18694 0 0.13935500000000001 0.18172100000000002 0.13592899999999999 0.00843 0.0084510000000000002 0.0079260000000000008 0.10965899999999998 0.152036 0.10717000000000002 0.0035730000000000002 0.0037259999999999997 0.0036220000000000002 0.00081599999999999999 0.00083100000000000003 0.00083299999999999997 2.2256815104540437 2.2256815104540437 2.2256815104540437 0.0020995234837981429 0.0020995234837981429 0.0020995234837981429 1 1 1 Converged Converged Converged OK OK OK 82 82 82 82 82 82 6 6 6 0 0 0 0 1 0 0 1
69 69 linear 1 15 691 2 0.001 0.68061195545608311 0.00071180269989998973 0.0053561870743712844 0.79033030220426925 -0.065760383293942043 0.79065633098270927 0.5 -0.79017221415089933 2.1701926726243812 OK 13 12 0.41967199999999999 0.31384000000000001 0.11552800000000001 0.30066300000000001 0.15689600000000001 0 0.11900899999999998 0.156944 0.11552800000000001 0.0084950000000000008 0.0085240000000000003 0.0078860000000000006 0.090799000000000019 0.12873500000000002 0.088492000000000015 0.0032979999999999997 0.0032859999999999999 0.0032910000000000005 0.00072300000000000001 0.00076499999999999984 0.00070300000000000007 2.1701959065577991 2.1701959065577991 2.1701959065577991 0.0021643792080598737 0.0021643792080598737 0.0021643792080598737 1 1 1 Converged Converged Converged OK OK OK 74 74 74 74 74 74 6 6 6 0 0 0 0 1 0 0 1
69 69 linear 1 23 691 3 0.001 0.68061195545608311 0.00071180269989998973 0.0053561870743712844 0.79033030220426925 -0.065760383293942043 0.7914015396191435 0.5 -0.79091742278733357 2.098105456519455 OK 13 12 0.44331399999999999 0.33026299999999997 0.115651 0.328098 0.174063 0 0.11521599999999999 0.15619999999999998 0.115651 0.0084919999999999995 0.0084270000000000005 0.0091599999999999997 0.087373000000000006 0.12834000000000001 0.087273000000000003 0.003163 0.0032919999999999998 0.0032830000000000003 0.00067400000000000012 0.00072499999999999995 0.00071199999999999996 2.0981153319660208 2.0981153319660208 2.0981153319660208 0.0013198363844667729 0.0013198363844667729 0.0013198363844667729 1 1 1 Converged Converged Converged OK OK OK 74 74 74 74 74 74 6 6 6 0 0 0 0 1 0 0 1
69 69 linear 1 0 691 0 0.0001 0.68061195545608311 0.00071180269989998973 0.0053561870743712844 0.79033030220426925 -0.065760383293942043 0.789259064789395 0.5 -0.78877494795758507 2.2616603226187073 OK 13 12 0.50636800000000004 0.50140099999999999 0.18919900000000001 0.31414199999999998 0.31179600000000002 0 0.19222600000000006 0.18960499999999997 0.18919900000000001 0.0092669999999999992 0.0093609999999999995 0.0090900000000000009 0.14320899999999998 0.14094899999999999 0.140573 0.0052769999999999996 0.0052360000000000002 0.0053209999999999993 0.001366 0.0013630000000000001 0.0013679999999999999 2.2616609115267878 2.2616609115267878 2.2616609115267878 4.1854367733919307e-05 4.1854367733919307e-05 4.1854367733919307e-05 1 1 1 Converged Converged Converged OK OK OK 114 114 114 114 114 114 6 6 6 0 0 0 0 0 1 0 0
69 69 linear 1 7 691 1 0.0001 0.68061195545608311 0.00071180269989998973 0.0053561870743712844 0.79033030220426925 -0.065760383293942043 0.78991112234627503 0.5 -0.7894270055144651 2.2256751150710237 OK 13 12 0.52960799999999997 0.41433300000000001 0.18331500000000001 0.34534300000000001 0.18733900000000001 0 0.18426499999999996 0.226994 0.18331500000000001 0.0084749999999999999 0.0085640000000000004 0.0079649999999999999 0.14583300000000007 0.18831700000000004 0.14623400000000003 0.0052169999999999994 0.0054790000000000004 0.0052370000000000003 0.0013439999999999999 0.001268 0.0013159999999999999 2.2256757802863913 2.2256757802863913 2.2256757802863913 3.2204699739021905e-05 3.2204699739021905e-05 3.2204699739021905e-05 1 1 1 Converged Converged Converged OK OK OK 114 114 114 114 114 114 6 6 6 0 0 0 0 1 0 0 1
69 69 linear 1 15 691 2 0.0001 0.68061195545608311 0.00071180269989998973 0.0053561870743712844 0.79033030220426925 -0.065760383293942043 0.79065633098270927 0.5 -0.79017221415089933 2.1701926726243812 OK 13 12 0.48203400000000002 0.377058 0.17161199999999999 0.30557899999999999 0.15393499999999999 0 0.17645500000000003 0.22312300000000002 0.17161199999999999 0.0085819999999999994 0.0085249999999999996 0.007986 0.13841999999999993 0.18500600000000003 0.13475800000000004 0.0052189999999999997 0.0052529999999999999 0.0052459999999999998 0.0012639999999999999 0.0012590000000000001 0.0012339999999999999 2.170192612799529 2.170192612799529 2.170192612799529 2.7484819426264459e-05 2.7484819426264459e-05 2.7484819426264459e-05 1 1 1 Converged Converged Converged OK OK OK 114 114 114 114 114 114 6 6 6 0 0 0 0 1 0 0 1
69 69 linear 1 23 691 3 0.0001 0.68061195545608311 0.00071180269989998973 0.0053561870743712844 0.79033030220426925 -0.065760383293942043 0.7914015396191435 0.5 -0.79091742278733357 2.098105456519455 OK 13 12 0.48374600000000001 0.37973000000000001 0.15293499999999999 0.32513500000000001 0.17304 0 0.158611 0.20669000000000001 0.15293499999999999 0.0084110000000000001 0.0085019999999999991 0.0078650000000000005 0.12189299999999999 0.17093500000000003 0.11831499999999998 0.0051769999999999993 0.0046970000000000007 0.0046109999999999996 0.0010999999999999998 0.001111 0.0010980000000000002 2.0981046519052144 2.0981046519052144 2.0981046519052144 0.00010837991719256452 0.00010837991719256452 0.00010837991719256452 1 1 1 Converged Converged Converged OK OK OK 106 106 106 106 106 106 6 6 6 0 0 0 0 1 0 0 1
69 69 linear 2 0 692 0 0.001 0.68061195545608311 0.00071180269989998973 0.0053561870743712844 0.79021802991167522 0.052155493483284542 0.78914679249680098 0.5 -0.78866267566499104 1.5162904613484576 OK 14 13 0.56867800000000002 0.56739099999999998 0.16929900000000001 0.394978 0.395812 0 0.17370000000000002 0.17157899999999998 0.16929900000000001 0.01225 0.012085 0.011819 0.12864500000000001 0.12617 0.12496699999999999 0.0046470000000000001 0.0051589999999999995 0.0047710000000000001 0.0011020000000000001 0.0011230000000000001 0.001085 1.5162843365170848 1.5162843365170848 1.5162843365170848 0.00064003039417318626 0.00064003039417318626 0.00064003039417318626 1 1 1 Converged Converged Converged OK OK OK 90 90 90 90 90 90 6 6 6 0 0 0 0 0 1 0 0
69 69 linear 2 7 692 1 0.001 0.68061195545608311 0.00071180269989998973 0.0053561870743712844 0.79021802991167522 0.052155493483284542 0.789798850053681 0.5 -0.78931473322187107 1.5202638769053098 OK 14 13 0.48954199999999998 0.38522499999999998 0.15435399999999999 0.32968900000000001 0.175597 0 0.15985299999999997 0.20962799999999998 0.15435399999999999 0.011063 0.011207 0.010375000000000001 0.12158699999999996 0.17174100000000003 0.11788799999999999 0.0051140000000000005 0.0049759999999999995 0.0047460000000000002 0.0010010000000000002 0.001039 0.000968 1.5202584071196961 1.5202584071196961 1.5202584071196961 0.00028931904194625459 0.00028931904194625459 0.00028931904194625459 1 1 1 Converged Converged Converged OK OK OK 90 90 90 90 90 90 6 6 6 0 0 0 0 1 0 0 1
69 69 linear 2 15 692 2 0.001 0.68061195545608311 0.00071180269989998973 0.0053561870743712844 0.79021802991167522 0.052155493483284542 0.79054405869011524 0.5 -0.7900599418583053 1.5309164323565767 OK 14 13 0.47226899999999999 0.36891299999999999 0.15578600000000001 0.31090400000000001 0.16036600000000001 0 0.16136499999999998 0.20854699999999998 0.15578600000000001 0.011055000000000001 0.011037 0.01035 0.12318000000000001 0.17086000000000001 0.11954800000000003 0.0051460000000000004 0.0048669999999999998 0.0046109999999999996 0.0010819999999999998 0.001083 0.001003 1.5309112716483151 1.5309112716483151 1.5309112716483151 0.00035477031456409446 0.00035477031456409446 0.00035477031456409446 1 1 1 Converged Converged Converged OK OK OK 90 90 90 90 90 90 6 6 6 0 0 0 0 1 0 0 1
69 69 linear 2 23 692 3 0.001 0.68061195545608311 0.00071180269989998973 0.0053561870743712844 0.79021802991167522 0.052155493483284542 0.79128926732654947 0.5 -0.79080515049473954 1.5497726377755816 OK 14 13 0.55812600000000001 0.45628999999999997 0.15054100000000001 0.40127800000000002 0.24859800000000001 0 0.15684799999999999 0.20769199999999996 0.15054100000000001 0.010841 0.011124 0.010276 0.11891000000000002 0.16996400000000003 0.11450799999999996 0.0051140000000000005 0.0049480000000000001 0.0046649999999999999 0.0011529999999999999 0.0010870000000000001 0.0010430000000000001 1.5497694456312705 1.5497694456312705 1.5497694456312705 0.00054821532112449593 0.00054821532112449593 0.00054821532112449593 1 1 1 Converged Converged Converged OK OK OK 90 90 90 90 90 90 6 6 6 0 0 0 0 1 0 0 1
69 69 linear 2 0 692 0 0.0001 0.68061195545608311 0.00071180269989998973 0.0053561870743712844 0.79021802991167522 0.052155493483284542 0.78914679249680098 0.5 -0.78866267566499104 1.5162904613484576 OK 14 13 0.58329399999999998 0.57741500000000001 0.18542800000000001 0.39279999999999998 0.394177 0 0.190494 0.18323800000000001 0.18542800000000001 0.011898000000000001 0.01196 0.011812 0.14195699999999994 0.134682 0.13378099999999996 0.0050020000000000004 0.0049899999999999988 0.008712000000000001 0.0011599999999999998 0.001137 0.0012149999999999999 1.5162852138866016 1.5162852138866016 1.5162852138866016 7.8790570954231454e-05 7.8790570954231454e-05 7.8790570954231454e-05 1 1 1 Converged Converged Converged OK OK OK 98 98 98 98 98 98 6 6 6 0 0 0 0 0 1 0 0
69 69 linear 2 7 692 1 0.0001 0.68061195545608311 0.00071180269989998973 0.0053561870743712844 0.79021802991167522 0.052155493483284542 0.789798850053681 0.5 -0.78931473322187107 1.5202638769053098 OK 14 13 0.492149 0.39761800000000003 0.16450699999999999 0.32261000000000001 0.173067 0 0.169539 0.22455100000000003 0.16450699999999999 0.011062000000000001 0.011311 0.01052 0.13031300000000001 0.18459400000000001 0.12652599999999994 0.004834999999999999 0.0052409999999999991 0.0049680000000000002 0.0011090000000000002 0.0011409999999999999 0.001088 1.5202584052923152 1.5202584052923152 1.5202584052923152 0.00013873133318058738 0.00013873133318058738 0.00013873133318058738 1 1 1 Converged Converged Converged OK OK OK 98 98 98 98 98 98 6 6 6 0 0 0 0 1 0 0 1
69 69 linear 2 15 692 2 0.0001 0.68061195545608311 0.00071180269989998973 0.0053561870743712844 0.79021802991167522 0.052155493483284542 0.79054405869011524 0.5 -0.7900599418583053 1.5309164323565767 OK 14 13 0.47779199999999999 0.37840499999999999 0.17146700000000001 0.30342999999999998 0.15984899999999999 0 0.17436200000000002 0.218556 0.17146700000000001 0.010983 0.011245 0.011761000000000001 0.13169600000000004 0.179143 0.13153599999999996 0.0048240000000000002 0.0050940000000000004 0.0050199999999999993 0.001201 0.001232 0.0011560000000000001 1.5309112672900875 1.5309112672900875 1.5309112672900875 0.00013709916523568354 0.00013709916523568354 0.00013709916523568354 1 1 1 Converged Converged Converged OK OK OK 98 98 98 98 98 98 6 6 6 0 0 0 0 1 0 0 1
69 69 linear 2 23 692 3 0.0001 0.68061195545608311 0.00071180269989998973 0.0053561870743712844 0.79021802991167522 0.052155493483284542 0.79128926732654947 0.5 -0.79080515049473954 1.5497726377755816 OK 14 13 0.59062300000000001 0.50452300000000005 0.18569099999999999 0.39976800000000001 0.25725100000000001 0 0.190855 0.24727200000000005 0.18569099999999999 0.010924 0.011375 0.010345 0.145339 0.20095200000000008 0.14127700000000001 0.0058219999999999991 0.0060759999999999998 0.0059799999999999992 0.0013449999999999998 0.001377 0.001405 1.549769436646848 1.549769436646848 1.549769436646848 9.1354650715209655e-05 9.1354650715209655e-05 9.1354650715209655e-05 1 1 1 Converged Converged Converged OK OK OK 114 114 114 114 114 114 6 6 6 0 0 0 0 1 0 0 1
69 69 linear 3 0 693 0 0.001 0.68061195545608311 0.00071180269989998973 0.0053561870743712844 0.79472927607196342 -0.067009762920374569 0.79365803865708917 0.5 -0.79317392182527924 1.8455139874838382 OK 13 12 0.409665 0.399671 0.100132 0.30593300000000001 0.29850599999999999 0 0.10373199999999999 0.101165 0.100132 0.0092169999999999995 0.0090980000000000002 0.0086580000000000008 0.071989999999999998 0.070298000000000013 0.069801000000000002 0.0033029999999999995 0.003212 0.0032139999999999998 0.00075600000000000005 0.00071899999999999991 0.00076800000000000002 1.8455127440133794 1.8455127440133794 1.8455127440133794 0.0010124134749495846 0.0010124134749495846 0.0010124134749495846 1 1 1 Converged Converged Converged OK OK OK 61 61 61 61 61 61 3 3 3 0 0 0 0 0 1 0 0
69 69 linear 3 7 693 1 0.001 0.68061195545608311 0.00071180269989998973 0.0053561870743712844 0.79472927607196342 -0.067009762920374569 0.7943100962139692 0.5 -0.79382597938215926 1.8292082566171399 OK 13 12 0.40113900000000002 0.28919600000000001 0.094413999999999998 0.30652000000000001 0.15539900000000001 0 0.094619000000000009 0.133797 0.094413999999999998 0.0083119999999999999 0.0083079999999999994 0.0089420000000000003 0.066985000000000003 0.10580799999999999 0.066367000000000009 0.0033270000000000001 0.0035310000000000003 0.0033370000000000001 0.000687 0.00070100000000000002 0.00069000000000000008 1.8292070851393001 1.8292070851393001 1.8292070851393001 0.00099419583381482818 0.00099419583381482818 0.00099419583381482818 1 1 1 Converged Converged Converged OK OK OK 61 61 61 61 61 61 3 3 3 0 0 0 0 1 0 0 1
69 69 linear 3 15 693 2 0.001 0.68061195545608311 0.00071180269989998973 0.0053561870743712844 0.79472927607196342 -0.067009762920374569 0.79505530485040343 0.5 -0.7945711880185935 1.8147619596113158 OK 13 12 0.43097800000000003 0.31982500000000003 0.090503 0.33749699999999999 0.18974099999999999 0 0.093481000000000036 0.13008400000000003 0.090503 0.0081630000000000001 0.0084119999999999993 0.0077210000000000004 0.066248999999999975 0.10175299999999998 0.064268000000000006 0.0031199999999999999 0.003545 0.0031479999999999998 0.00076800000000000002 0.00077099999999999998 0.00074200000000000004 1.8147608432387001 1.8147608432387001 1.8147608432387001 0.0009752503758461116 0.0009752503758461116 0.0009752503758461116 1 1 1 Converged Converged Converged OK OK OK 61 61 61 61 61 61 3 3 3 0 0 0 0 1 0 0 1
69 69 linear 3 23 693 3 0.001 0.68061195545608311 0.00071180269989998973 0.0053561870743712844 0.79472927607196342 -0.067009762920374569 0.79580051348683767 0.5 -0.79531639665502774 1.8030595761743202 OK 13 12 0.389519 0.27781099999999997 0.092713000000000004 0.29333599999999999 0.140349 0 0.096183000000000018 0.13746199999999997 0.092713000000000004 0.0080999999999999996 0.0084030000000000007 0.007737 0.068699999999999997 0.109416 0.066472000000000003 0.0032270000000000003 0.0034540000000000005 0.003127 0.0008650000000000001 0.00078700000000000005 0.00077799999999999994 1.8030584705906834 1.8030584705906834 1.8030584705906834 0.00095797361409268272 0.00095797361409268272 0.00095797361409268272 1 1 1 Converged Converged Converged OK OK OK 61 61 61 61 61 61 3 3 3 0 0 0 0 1 0 0 1
69 69 linear 3 0 693 0 0.0001 0.68061195545608311 0.00071180269989998973 0.0053561870743712844 0.79472927607196342 -0.067009762920374569 0.79365803865708917 0.5 -0.79317392182527924 1.8455139874838382 OK 13 12 0.43008999999999997 0.42536200000000002 0.12500800000000001 0.30146800000000001 0.30023699999999998 0 0.12862199999999996 0.12512500000000004 0.12500800000000001 0.0090959999999999999 0.0089999999999999993 0.0088149999999999999 0.091009999999999994 0.088798000000000002 0.088623999999999994 0.0041869999999999997 0.004032 0.0040809999999999996 0.00084100000000000006 0.00081400000000000005 0.000852 1.8455127466953487 1.8455127466953487 1.8455127466953487 0.00017358529286091125 0.00017358529286091125 0.00017358529286091125 1 1 1 Converged Converged Converged OK OK OK 77 77 77 77 77 77 3 3 3 0 0 0 0 0 1 0 0
69 69 linear 3 7 693 1 0.0001 0.68061195545608311 0.00071180269989998973 0.0053561870743712844 0.79472927607196342 -0.067009762920374569 0.7943100962139692 0.5 -0.79382597938215926 1.8292082566171399 OK 13 12 0.42130000000000001 0.32264199999999998 0.113218 0.30451699999999998 0.16134699999999999 0 0.11678300000000003 0.16129499999999999 0.113218 0.0083049999999999999 0.0083510000000000008 0.0077409999999999996 0.084390000000000007 0.12781200000000004 0.081730999999999984 0.0041279999999999997 0.0047470000000000004 0.0041879999999999999 0.00080900000000000004 0.00081099999999999998 0.000767 1.82920708781299 1.82920708781299 1.82920708781299 0.00015833884952718932 0.00015833884952718932 0.00015833884952718932 1 1 1 Converged Converged Converged OK OK OK 77 77 77 77 77 77 3 3 3 0 0 0 0 1 0 0 1
69 69 linear 3 15 693 2 0.0001 0.68061195545608311 0.00071180269989998973 0.0053561870743712844 0.79472927607196342 -0.067009762920374569 0.79505530485040343 0.5 -0.7945711880185935 1.8147619596113158 OK 13 12 0.45435300000000001 0.345918 0.11290799999999999 0.33375899999999997 0.18945699999999999 0 0.12059400000000003 0.15646100000000002 0.11290799999999999 0.008234 0.0083459999999999993 0.007705 0.084335000000000007 0.12441599999999997 0.081717000000000012 0.0040699999999999998 0.0040920000000000002 0.0040100000000000005 0.00087500000000000013 0.00088800000000000001 0.000852 1.814760845900548 1.814760845900548 1.814760845900548 0.00014315627285479453 0.00014315627285479453 0.00014315627285479453 1 1 1 Converged Converged Converged OK OK OK 77 77 77 77 77 77 3 3 3 0 0 0 0 1 0 0 1
69 69 linear 3 23 693 3 0.0001 0.68061195545608311 0.00071180269989998973 0.0053561870743712844 0.79472927607196342 -0.067009762920374569 0.79580051348683767 0.5 -0.79531639665502774 1.8030595761743202 OK 13 12 0.41637800000000003 0.31012200000000001 0.11755 0.29493200000000003 0.143653 0 0.121446 0.16646900000000001 0.11755 0.0083619999999999996 0.0082050000000000005 0.0077359999999999998 0.088832000000000008 0.13420599999999996 0.086388999999999994 0.0041799999999999997 0.0040590000000000001 0.0040409999999999995 0.00089999999999999998 0.00092299999999999999 0.00090200000000000002 1.8030584732380939 1.8030584732380939 1.8030584732380939 0.00013001968998757482 0.00013001968998757482 0.00013001968998757482 1 1 1 Converged Converged Converged OK OK OK 77 77 77 77 77 77 3 3 3 0 0 0 0 1 0 0 1
69 69 linear 4 0 694 0 0.001 0.68061195545608311 0.00071180269989998973 0.0053561870743712844 0.77570712129275488 0.064664864348205717 0.77463588387788063 0.5 -0.77415176704607069 1.8233298936648794 OK 13 12 0.39225900000000002 0.38744899999999999 0.093857999999999997 0.29620099999999999 0.292211 0 0.096058000000000032 0.095237999999999989 0.093857999999999997 0.0090109999999999999 0.0090100000000000006 0.008626 0.06538999999999999 0.064496999999999999 0.063923999999999995 0.003228 0.0033730000000000001 0.0032190000000000005 0.00074600000000000014 0.00070699999999999995 0.00069200000000000002 1.8233287908227478 1.8233287908227478 1.8233287908227478 0.00098415023976460838 0.00098415023976460838 0.00098415023976460838 1 1 1 Converged Converged Converged OK OK OK 61 61 61 61 61 61 3 3 3 0 0 0 0 0 1 0 0
69 69 linear 4 7 694 1 0.001 0.68061195545608311 0.00071180269989998973 0.0053561870743712844 0.77570712129275488 0.064664864348205717 0.77528794143476065 0.5 -0.77480382460295072 1.8281208054579772 OK 13 12 0.38370199999999999 0.28417799999999999 0.093875 0.28988599999999998 0.14358899999999999 0 0.09381600000000001 0.14058899999999999 0.093875 0.0082730000000000008 0.0082730000000000008 0.0079279999999999993 0.065994000000000025 0.11301800000000001 0.066125000000000003 0.0034490000000000002 0.0032190000000000001 0.0033099999999999996 0.00069999999999999999 0.00072200000000000009 0.00069400000000000006 1.8281197057085128 1.8281197057085128 1.8281197057085128 0.00099748030081076998 0.00099748030081076998 0.00099748030081076998 1 1 1 Converged Converged Converged OK OK OK 61 61 61 61 61 61 3 3 3 0 0 0 0 1 0 0 1
69 69 linear 4 15 694 2 0.001 0.68061195545608311 0.00071180269989998973 0.0053561870743712844 0.77570712129275488 0.064664864348205717 0.77603315007119489 0.5 -0.77554903323938496 1.8340313221716615 OK 13 12 0.38020599999999999 0.27372400000000002 0.087956999999999994 0.28914299999999998 0.141934 0 0.091063000000000005 0.13179000000000002 0.087956999999999994 0.0082740000000000001 0.0082059999999999998 0.0077019999999999996 0.063508999999999996 0.10458400000000004 0.061796999999999991 0.0033809999999999999 0.0032680000000000001 0.003114 0.00069899999999999997 0.00072099999999999996 0.00066500000000000001 1.8340302029836908 1.8340302029836908 1.8340302029836908 0.0010134946515070356 0.0010134946515070356 0.0010134946515070356 1 1 1 Converged Converged Converged OK OK OK 61 61 61 61 61 61 3 3 3 0 0 0 0 1 0 0 1
69 69 linear 4 23 694 3 0.001 0.68061195545608311 0.00071180269989998973 0.0053561870743712844 0.77570712129275488 0.064664864348205717 0.77677835870762912 0.5 -0.77629424187581919 1.8405088336941591 OK 13 12 0.39343899999999998 0.29194500000000001 0.092834 0.30080499999999999 0.15282000000000001 0 0.092633999999999994 0.139125 0.092834 0.0081880000000000008 0.0082839999999999997 0.0078560000000000001 0.065243999999999983 0.111943 0.066014000000000003 0.0033549999999999999 0.0032919999999999998 0.003333 0.00069799999999999994 0.00068099999999999996 0.00068800000000000003 1.8405076838376586 1.8405076838376586 1.8405076838376586 0.001030439101721506 0.001030439101721506 0.001030439101721506 1 1 1 Converged Converged Converged OK OK OK 61 61 61 61 61 61 3 3 3 0 0 0 0 1 0 0 1
69 69 linear 4 0 694 0 0.0001 0.68061195545608311 0.00071180269989998973 0.0053561870743712844 0.77570712129275488 0.064664864348205717 0.77463588387788063 0.5 -0.77415176704607069 1.8233298936648794 OK 13 12 0.418132 0.41140900000000002 0.118589 0.29709000000000002 0.29206799999999999 0 0.12104199999999998 0.11934100000000003 0.118589 0.0090189999999999992 0.0089350000000000002 0.0085280000000000009 0.084394999999999998 0.082830000000000029 0.082728999999999983 0.004052 0.0041790000000000004 0.0041240000000000001 0.00085299999999999981 0.00082399999999999997 0.00080100000000000006 1.8233287943529848 1.8233287943529848 1.8233287943529848 8.0493222128344232e-05 8.0493222128344232e-05 8.0493222128344232e-05 1 1 1 Converged Converged Converged OK OK OK 77 77 77 77 77 77 3 3 3 0 0 0 0 0 1 0 0
69 69 linear 4 7 694 1 0.0001 0.68061195545608311 0.00071180269989998973 0.0053561870743712844 0.77570712129275488 0.064664864348205717 0.77528794143476065 0.5 -0.77480382460295072 1.8281208054579772 OK 13 12 0.40697299999999997 0.313583 0.118838 0.288939 0.14274700000000001 0 0.11803399999999997 0.17083599999999999 0.118838 0.0082459999999999999 0.0083040000000000006 0.0077190000000000002 0.085722999999999952 0.13822299999999998 0.087359999999999993 0.0040400000000000002 0.0042589999999999998 0.0040889999999999998 0.00082799999999999996 0.00080500000000000016 0.00080199999999999998 1.8281197093013337 1.8281197093013337 1.8281197093013337 8.5493656159167747e-05 8.5493656159167747e-05 8.5493656159167747e-05 1 1 1 Converged Converged Converged OK OK OK 77 77 77 77 77 77 3 3 3 0 0 0 0 1 0 0 1
69 69 linear 4 15 694 2 0.0001 0.68061195545608311 0.00071180269989998973 0.0053561870743712844 0.77570712129275488 0.064664864348205717 0.77603315007119489 0.5 -0.77554903323938496 1.8340313221716615 OK 13 12 0.401841 0.29763699999999998 0.11426600000000001 0.28796899999999997 0.13875899999999999 0 0.11387200000000003 0.15887799999999999 0.11426600000000001 0.0081980000000000004 0.0081309999999999993 0.0076909999999999999 0.081869000000000011 0.126888 0.083014999999999992 0.003993 0.0040090000000000004 0.0041219999999999998 0.00078600000000000002 0.00079899999999999991 0.00077700000000000002 1.8340302066452534 1.8340302066452534 1.8340302066452534 9.1878272161039992e-05 9.1878272161039992e-05 9.1878272161039992e-05 1 1 1 Converged Converged Converged OK OK OK 77 77 77 77 77 77 3 3 3 0 0 0 0 1 0 0 1
69 69 linear 4 23 694 3 0.0001 0.68061195545608311 0.00071180269989998973 0.0053561870743712844 0.77570712129275488 0.064664864348205717 0.77677835870762912 0.5 -0.77629424187581919 1.8405088336941591 OK 13 12 0.41894700000000001 0.321463 0.115341 0.29990699999999998 0.150196 0 0.11904000000000003 0.171267 0.115341 0.0082620000000000002 0.0082679999999999993 0.0077070000000000003 0.08694300000000002 0.13890900000000003 0.084393999999999983 0.004104 0.0043309999999999998 0.0040980000000000001 0.00081499999999999997 0.00079299999999999998 0.00077400000000000006 1.8405076875649722 1.8405076875649722 1.8405076875649722 9.9107416592041379e-05 9.9107416592041379e-05 9.9107416592041379e-05 1 1 1 Converged Converged Converged OK OK OK 77 77 77 77 77 77 3 3 3 0 0 0 0 1 0 0 1
69 69 uniform 0 0 695 0 0.001 0.68061195545608311 0.00071180269989998973 0.0053561870743712844 0.00078267877877182684 0.0026808702589997575 -0.00028855863610243013 0 0.00077267546791233237 347.64082732520569 OK 12 12 0.816527 0.806975 0.229687 0.58213199999999998 0.57468699999999995 0 0.23439500000000002 0.23228800000000005 0.229687 0.0085819999999999994 0.0089800000000000001 0.0082889999999999995 0.18785799999999997 0.18511599999999992 0.18431899999999998 0.0063029999999999996 0.0069429999999999995 0.0063289999999999996 0.0010539999999999998 0.0011289999999999998 0.0010920000000000001 347.63939959632279 347.63939959632279 347.63939959632279 0.12811182061679968 0.12811182061679968 0.12811182061679968 1 1 1 Converged Converged Converged OK OK OK 130 130 130 130 130 130 6 6 6 0 0 0 0 0 1 0 0
69 69 uniform 0 7 695 1 0.001 0.68061195545608311 0.00071180269989998973 0.0053561870743712844 0.00078267877877182684 0.0026808702589997575 0.00036349892077755243 0 0.00012061791103234977 347.32898485585412 OK 12 12 0.75154399999999999 0.63755300000000004 0.221521 0.53145699999999996 0.38597999999999999 0 0.22008700000000003 0.25157300000000005 0.221521 0.0075579999999999996 0.0076769999999999998 0.0071640000000000002 0.18313199999999996 0.21501200000000009 0.18201700000000004 0.006378 0.0063759999999999997 0.010472 0.00101 0.00098899999999999986 0.001047 347.3275130108841 347.3275130108841 347.3275130108841 0.12804290220247799 0.12804290220247799 0.12804290220247799 1 1 1 Converged Converged Converged OK OK OK 130 130 130 130 130 130 6 6 6 0 0 0 0 1 0 0 1
69 69 uniform 0 15 695 2 0.001 0.68061195545608311 0.00071180269989998973 0.0053561870743712844 0.00078267877877182684 0.0026808702589997575 0.0011087075572118181 0 -0.00062459072540191601 343.13227060540032 OK 12 12 0.64668999999999999 0.55081400000000003 0.216839 0.42707099999999998 0.29206900000000002 0 0.21961900000000001 0.258745 0.216839 0.0075339999999999999 0.0078469999999999998 0.0070790000000000002 0.1828240000000001 0.220802 0.18196500000000004 0.006337999999999999 0.0070430000000000006 0.0062249999999999996 0.0010359999999999998 0.001052 0.00101 343.13077654374194 343.13077654374194 343.13077654374194 0.12795978939990676 0.12795978939990676 0.12795978939990676 1 1 1 Converged Converged Converged OK OK OK 130 130 130 130 130 130 6 6 6 0 0 0 0 1 0 0 1
69 69 uniform 0 23 695 3 0.001 0.68061195545608311 0.00071180269989998973 0.0053561870743712844 0.00078267877877182684 0.0026808702589997575 0.0018539161936460837 0 -0.0013697993618361816 334.59503905242218 OK 13 12 0.74728000000000006 0.655891 0.24409800000000001 0.49793700000000002 0.36501499999999998 0 0.24934300000000004 0.29087600000000002 0.24409800000000001 0.0079620000000000003 0.0078890000000000002 0.0072360000000000002 0.20825000000000007 0.25084600000000007 0.20619999999999999 0.007195 0.0068439999999999994 0.0062779999999999989 0.001328 0.0011690000000000001 0.00124 334.59352888215631 334.59352888215631 334.59352888215631 0.12786277749808966 0.12786277749808966 0.12786277749808966 1 1 1 Converged Converged Converged OK OK OK 137 137 137 137 137 137 7 7 7 0 0 0 0 1 0 0 1
69 69 uniform 0 0 695 0 0.0001 0.68061195545608311 0.00071180269989998973 0.0053561870743712844 0.00078267877877182684 0.0026808702589997575 -0.00028855863610243013 0 0.00077267546791233237 347.64082732520569 OK 12 12 0.92328900000000003 0.92573899999999998 0.35771500000000001 0.57589199999999996 0.57477299999999998 0 0.34739700000000007 0.350966 0.35771500000000001 0.0085660000000000007 0.0090010000000000003 0.0097689999999999999 0.27592099999999997 0.27706499999999973 0.28202600000000011 0.014987999999999998 0.016064000000000002 0.015967000000000002 0.0013309999999999999 0.0014830000000000002 0.0013949999999999998 347.64057624300739 347.64057624300739 347.64057624300739 0.01943156238269405 0.01943156238269405 0.01943156238269405 1 1 1 Converged Converged Converged OK OK OK 202 202 202 202 202 202 6 6 6 0 0 0 0 0 1 0 0
69 69 uniform 0 7 695 1 0.0001 0.68061195545608311 0.00071180269989998973 0.0053561870743712844 0.00078267877877182684 0.0026808702589997575 0.00036349892077755243 0 0.00012061791103234977 347.32898485585412 OK 12 12 0.864846 0.75117599999999995 0.34164899999999998 0.52969999999999995 0.38769300000000001 0 0.33514600000000005 0.36348299999999995 0.34164899999999998 0.007718 0.0078449999999999995 0.00728 0.27773000000000003 0.30487900000000001 0.28201100000000018 0.015136 0.015709000000000001 0.016958000000000001 0.0013030000000000001 0.00142 0.001384 347.32870980371956 347.32870980371956 347.32870980371956 0.019406104993586741 0.019406104993586741 0.019406104993586741 1 1 1 Converged Converged Converged OK OK OK 202 202 202 202 202 202 6 6 6 0 0 0 0 1 0 0 1
69 69 uniform 0 15 695 2 0.0001 0.68061195545608311 0.00071180269989998973 0.0053561870743712844 0.00078267877877182684 0.0026808702589997575 0.0011087075572118181 0 -0.00062459072540191601 343.13227060540032 OK 12 12 0.76390199999999997 0.65997099999999997 0.338729 0.427786 0.28876499999999999 0 0.33611599999999997 0.37120599999999998 0.338729 0.0077159999999999998 0.0076759999999999997 0.0082810000000000002 0.2726340000000001 0.31279799999999985 0.281028 0.015564999999999999 0.015677 0.015041000000000001 0.001346 0.0013750000000000001 0.0013219999999999998 343.13199753608308 343.13199753608308 343.13199753608308 0.019374557368905993 0.019374557368905993 0.019374557368905993 1 1 1 Converged Converged Converged OK OK OK 202 202 202 202 202 202 6 6 6 0 0 0 0 1 0 0 1
69 69 uniform 0 23 695 3 0.0001 0.68061195545608311 0.00071180269989998973 0.0053561870743712844 0.00078267877877182684 0.0026808702589997575 0.0018539161936460837 0 -0.0013697993618361816 334.59503905242218 OK 13 12 0.85390699999999997 0.77161400000000002 0.351634 0.49693399999999999 0.36011799999999999 0 0.35697299999999998 0.41149600000000003 0.351634 0.0079360000000000003 0.007979 0.0072059999999999997 0.29417900000000008 0.345941 0.29134499999999991 0.015868 0.016420999999999998 0.015029999999999998 0.0015810000000000002 0.0016079999999999998 0.00148 334.59477290710493 334.59477290710493 334.59477290710493 0.019335850330953877 0.019335850330953877 0.019335850330953877 1 1 1 Converged Converged Converged OK OK OK 209 209 209 209 209 209 7 7 7 0 0 0 0 1 0 0 1
69 69 uniform 1 0 696 0 0.001 0.68061195545608311 0.00071180269989998973 0.0053561870743712844 0.79033030220426925 -0.065760383293942043 0.789259064789395 0 -0.78877494795758507 2.2566971915550305 OK 13 12 0.40958600000000001 0.40375699999999998 0.094425999999999996 0.31436500000000001 0.30943300000000001 0 0.095221 0.094323999999999963 0.094425999999999996 0.0092429999999999995 0.0091669999999999998 0.0089350000000000002 0.065675000000000011 0.065474000000000004 0.065372000000000013 0.0025229999999999996 0.002483 0.002575 0.00077099999999999998 0.00075200000000000006 0.00076500000000000005 2.2567012344717421 2.2567012344717421 2.2567012344717421 0.0018989995187700529 0.0018989995187700529 0.0018989995187700529 1 1 1 Converged Converged Converged OK OK OK 66 66 66 66 66 66 6 6 6 0 0 0 0 0 1 0 0
69 69 uniform 1 7 696 1 0.001 0.68061195545608311 0.00071180269989998973 0.0053561870743712844 0.79033030220426925 -0.065760383293942043 0.78991112234627503 0 -0.7894270055144651 2.2282648791495521 OK 13 12 0.43269800000000003 0.30411500000000002 0.093697000000000003 0.33817199999999997 0.18853400000000001 0 0.094526000000000054 0.11558100000000002 0.093697000000000003 0.0083770000000000008 0.0084360000000000008 0.0078860000000000006 0.070040000000000005 0.091006000000000017 0.070013999999999993 0.0024780000000000002 0.0025500000000000002 0.0025009999999999998 0.000718 0.00072099999999999996 0.00073999999999999999 2.2282729594985389 2.2282729594985389 2.2282729594985389 0.0020552476999707845 0.0020552476999707845 0.0020552476999707845 1 1 1 Converged Converged Converged OK OK OK 66 66 66 66 66 66 6 6 6 0 0 0 0 1 0 0 1
69 69 uniform 1 15 696 2 0.001 0.68061195545608311 0.00071180269989998973 0.0053561870743712844 0.79033030220426925 -0.065760383293942043 0.79065633098270927 0 -0.79017221415089933 2.1826559734880955 OK 13 12 0.39313900000000002 0.26491999999999999 0.090482000000000007 0.30172100000000002 0.15290400000000001 0 0.091417999999999999 0.11201599999999998 0.090482000000000007 0.0084539999999999997 0.0084899999999999993 0.0079190000000000007 0.067210000000000006 0.087794999999999998 0.06697599999999998 0.0024680000000000001 0.0025379999999999999 0.0024710000000000001 0.00068800000000000003 0.00068499999999999995 0.0007000000000000001 2.1826489528095387 2.1826489528095387 2.1826489528095387 0.0014224325137917246 0.0014224325137917246 0.0014224325137917246 1 1 1 Converged Converged Converged OK OK OK 66 66 66 66 66 66 6 6 6 0 0 0 0 1 0 0 1
69 69 uniform 1 23 696 3 0.001 0.68061195545608311 0.00071180269989998973 0.0053561870743712844 0.79033030220426925 -0.065760383293942043 0.7914015396191435 0 -0.79091742278733357 2.1196155815888491 OK 13 12 0.417323 0.288298 0.092100000000000001 0.32154899999999997 0.17363999999999999 0 0.095774000000000026 0.11465800000000001 0.092100000000000001 0.0083739999999999995 0.0084650000000000003 0.0080800000000000004 0.07148800000000001 0.090468000000000021 0.068301000000000028 0.0025989999999999997 0.002591 0.0026099999999999995 0.00066300000000000007 0.00064800000000000003 0.00068999999999999997 2.1196144380635458 2.1196144380635458 2.1196144380635458 0.00086261255644434396 0.00086261255644434396 0.00086261255644434396 1 1 1 Converged Converged Converged OK OK OK 66 66 66 66 66 66 6 6 6 0 0 0 0 1 0 0 1
69 69 uniform 1 0 696 0 0.0001 0.68061195545608311 0.00071180269989998973 0.0053561870743712844 0.79033030220426925 -0.065760383293942043 0.789259064789395 0 -0.78877494795758507 2.2566971915550305 OK 13 12 0.45955000000000001 0.466173 0.15135000000000001 0.30741600000000002 0.31416100000000002 0 0.15213399999999999 0.15201199999999998 0.15135000000000001 0.0092999999999999992 0.0092130000000000007 0.0090299999999999998 0.10416099999999993 0.10460199999999999 0.10416900000000003 0.0049040000000000004 0.0049460000000000007 0.0049259999999999998 0.0013680000000000001 0.001266 0.0013090000000000001 2.2566955993324784 2.2566955993324784 2.2566955993324784 9.8697674118413333e-05 9.8697674118413333e-05 9.8697674118413333e-05 1 1 1 Converged Converged Converged OK OK OK 114 114 114 114 114 114 6 6 6 0 0 0 0 0 1 0 0
69 69 uniform 1 7 696 1 0.0001 0.68061195545608311 0.00071180269989998973 0.0053561870743712844 0.79033030220426925 -0.065760383293942043 0.78991112234627503 0 -0.7894270055144651 2.2282648791495521 OK 13 12 0.483707 0.37881700000000001 0.14408099999999999 0.338119 0.18743599999999999 0 0.145588 0.19138100000000002 0.14408099999999999 0.0084180000000000001 0.0084679999999999998 0.0078890000000000002 0.10822400000000003 0.15319499999999997 0.10795099999999999 0.0047660000000000003 0.0051229999999999999 0.004738 0.0012930000000000001 0.001307 0.0012130000000000001 2.2282644690945541 2.2282644690945541 2.2282644690945541 3.4470461567584812e-05 3.4470461567584812e-05 3.4470461567584812e-05 1 1 1 Converged Converged Converged OK OK OK 114 114 114 114 114 114 6 6 6 0 0 0 0 1 0 0 1
69 69 uniform 1 15 696 2 0.0001 0.68061195545608311 0.00071180269989998973 0.0053561870743712844 0.79033030220426925 -0.065760383293942043 0.79065633098270927 0 -0.79017221415089933 2.1826559734880955 OK 13 12 0.44906299999999999 0.34592200000000001 0.140182 0.30646499999999999 0.150893 0 0.142598 0.19502900000000001 0.140182 0.0084130000000000003 0.0085760000000000003 0.0080619999999999997 0.10461099999999994 0.1567569999999999 0.10363799999999994 0.0048370000000000002 0.0049129999999999998 0.0046889999999999996 0.0012760000000000002 0.001307 0.0012749999999999999 2.1826555236264475 2.1826555236264475 2.1826555236264475 3.885559374879358e-05 3.885559374879358e-05 3.885559374879358e-05 1 1 1 Converged Converged Converged OK OK OK 114 114 114 114 114 114 6 6 6 0 0 0 0 1 0 0 1
69 69 uniform 1 23 696 3 0.0001 0.68061195545608311 0.00071180269989998973 0.0053561870743712844 0.79033030220426925 -0.065760383293942043 0.7914015396191435 0 -0.79091742278733357 2.1196155815888491 OK 13 12 0.44999400000000001 0.34728599999999998 0.122888 0.32544899999999999 0.174709 0 0.12454500000000002 0.17257699999999998 0.122888 0.0083689999999999997 0.0084410000000000006 0.0079310000000000005 0.090479000000000018 0.13867200000000005 0.090069000000000066 0.0041919999999999995 0.0041479999999999998 0.0041059999999999994 0.00096600000000000006 0.00097900000000000005 0.00098400000000000007 2.1196144377565189 2.1196144377565189 2.1196144377565189 0.00019558433227812071 0.00019558433227812071 0.00019558433227812071 1 1 1 Converged Converged Converged OK OK OK 98 98 98 98 98 98 6 6 6 0 0 0 0 1 0 0 1
69 69 uniform 2 0 697 0 0.001 0.68061195545608311 0.00071180269989998973 0.0053561870743712844 0.79021802991167522 0.052155493483284542 0.78914679249680098 0 -0.78866267566499104 1.5253556627229223 OK 14 13 0.52718299999999996 0.52402899999999997 0.135266 0.39339299999999999 0.391565 0 0.13378999999999996 0.13246399999999997 0.135266 0.011920999999999999 0.012099 0.011868999999999999 0.095088000000000006 0.094539000000000026 0.097757000000000024 0.0037779999999999997 0.003493 0.0034970000000000001 0.00085599999999999999 0.00084500000000000005 0.0008470000000000001 1.5253553429260001 1.5253553429260001 1.5253553429260001 0.0012675289254585138 0.0012675289254585138 0.0012675289254585138 1 1 1 Converged Converged Converged OK OK OK 74 74 74 74 74 74 6 6 6 0 0 0 0 0 1 0 0
69 69 uniform 2 7 697 1 0.001 0.68061195545608311 0.00071180269989998973 0.0053561870743712844 0.79021802991167522 0.052155493483284542 0.789798850053681 0 -0.78931473322187107 1.5297348014374859 OK 14 13 0.45144200000000001 0.33424399999999999 0.118994 0.32988499999999998 0.17988199999999999 0 0.12155700000000003 0.154362 0.118994 0.011188999999999999 0.011147000000000001 0.010364 0.088603000000000001 0.12216899999999999 0.088077999999999962 0.0035839999999999999 0.0034510000000000001 0.0034309999999999996 0.00096200000000000007 0.00088699999999999998 0.00086499999999999988 1.5297346349233447 1.5297346349233447 1.5297346349233447 0.0005567042848612909 0.0005567042848612909 0.0005567042848612909 1 1 1 Converged Converged Converged OK OK OK 74 74 74 74 74 74 6 6 6 0 0 0 0 1 0 0 1
69 69 uniform 2 15 697 2 0.001 0.68061195545608311 0.00071180269989998973 0.0053561870743712844 0.79021802991167522 0.052155493483284542 0.79054405869011524 0 -0.7900599418583053 1.5424942640365127 OK 14 13 0.42772199999999999 0.31000899999999998 0.12089999999999999 0.30439300000000002 0.15590799999999999 0 0.12332899999999997 0.15410099999999999 0.12089999999999999 0.011057000000000001 0.011124 0.010243 0.090788000000000008 0.12176900000000002 0.090014999999999984 0.0036979999999999999 0.0035979999999999996 0.0034269999999999995 0.00092099999999999994 0.00089700000000000001 0.00089299999999999991 1.5424939996909015 1.5424939996909015 1.5424939996909015 0.00059596667125683448 0.00059596667125683448 0.00059596667125683448 1 1 1 Converged Converged Converged OK OK OK 74 74 74 74 74 74 6 6 6 0 0 0 0 1 0 0 1
69 69 uniform 2 23 697 3 0.001 0.68061195545608311 0.00071180269989998973 0.0053561870743712844 0.79021802991167522 0.052155493483284542 0.79128926732654947 0 -0.79080515049473954 1.5655650167664723 OK 14 13 0.52039899999999994 0.39880199999999999 0.11522300000000001 0.40249200000000002 0.25145200000000001 0 0.11790699999999993 0.14734999999999998 0.11522300000000001 0.011136999999999999 0.011082 0.010366 0.085219999999999962 0.11529399999999999 0.084530999999999967 0.0035810000000000004 0.0034760000000000008 0.0033729999999999997 0.0009180000000000002 0.00091300000000000007 0.00088100000000000006 1.5655647478670918 1.5655647478670918 1.5655647478670918 0.00070334768484398371 0.00070334768484398371 0.00070334768484398371 1 1 1 Converged Converged Converged OK OK OK 74 74 74 74 74 74 6 6 6 0 0 0 0 1 0 0 1
69 69 uniform 2 0 697 0 0.0001 0.68061195545608311 0.00071180269989998973 0.0053561870743712844 0.79021802991167522 0.052155493483284542 0.78914679249680098 0 -0.78866267566499104 1.5253556627229223 OK 14 13 0.55326600000000004 0.55132800000000004 0.15817899999999999 0.39517799999999997 0.39279599999999998 0 0.15808800000000006 0.15853200000000006 0.15817899999999999 0.011964000000000001 0.012196 0.011756000000000001 0.11058899999999998 0.11105400000000004 0.11061699999999999 0.0047669999999999995 0.0047520000000000001 0.0048249999999999994 0.0011709999999999999 0.001093 0.0011580000000000002 1.5253557917182194 1.5253557917182194 1.5253557917182194 0.00011006829860877309 0.00011006829860877309 0.00011006829860877309 1 1 1 Converged Converged Converged OK OK OK 98 98 98 98 98 98 6 6 6 0 0 0 0 0 1 0 0
69 69 uniform 2 7 697 1 0.0001 0.68061195545608311 0.00071180269989998973 0.0053561870743712844 0.79021802991167522 0.052155493483284542 0.789798850053681 0 -0.78931473322187107 1.5297348014374859 OK 14 13 0.46259 0.36299500000000001 0.13331899999999999 0.32743 0.174563 0 0.13516 0.18843200000000002 0.13331899999999999 0.01095 0.011077 0.010408000000000001 0.098229999999999998 0.15127200000000002 0.097529999999999992 0.0042559999999999994 0.0043990000000000001 0.0044099999999999999 0.000977 0.0009630000000000001 0.00098799999999999995 1.5297346349266263 1.5297346349266263 1.5297346349266263 0.00010962135760825099 0.00010962135760825099 0.00010962135760825099 1 1 1 Converged Converged Converged OK OK OK 90 90 90 90 90 90 6 6 6 0 0 0 0 1 0 0 1
69 69 uniform 2 15 697 2 0.0001 0.68061195545608311 0.00071180269989998973 0.0053561870743712844 0.79021802991167522 0.052155493483284542 0.79054405869011524 0 -0.7900599418583053 1.5424942640365127 OK 14 13 0.443218 0.34763500000000003 0.13508700000000001 0.30597800000000003 0.159746 0 0.13723999999999997 0.18788900000000003 0.13508700000000001 0.011077999999999999 0.011233 0.010292000000000001 0.10012 0.15033199999999999 0.099446000000000034 0.0042299999999999994 0.0043929999999999993 0.0043480000000000003 0.0010790000000000001 0.0011000000000000001 0.0010300000000000001 1.5424939996941687 1.5424939996941687 1.5424939996941687 0.00014904925751017047 0.00014904925751017047 0.00014904925751017047 1 1 1 Converged Converged Converged OK OK OK 90 90 90 90 90 90 6 6 6 0 0 0 0 1 0 0 1
69 69 uniform 2 23 697 3 0.0001 0.68061195545608311 0.00071180269989998973 0.0053561870743712844 0.79021802991167522 0.052155493483284542 0.79128926732654947 0 -0.79080515049473954 1.5655650167664723 OK 14 13 0.54513299999999998 0.44331100000000001 0.137846 0.40562700000000002 0.25082900000000002 0 0.13950599999999996 0.19248199999999999 0.137846 0.011103999999999999 0.011004 0.010290000000000001 0.10103599999999997 0.15339400000000003 0.10084699999999999 0.0045240000000000002 0.0049250000000000006 0.0044599999999999996 0.0011850000000000001 0.0012510000000000002 0.001191 1.5655647320756731 1.5655647320756731 1.5655647320756731 0.00014464153252556814 0.00014464153252556814 0.00014464153252556814 1 1 1 Converged Converged Converged OK OK OK 98 98 98 98 98 98 6 6 6 0 0 0 0 1 0 0 1
69 69 uniform 3 0 698 0 0.001 0.68061195545608311 0.00071180269989998973 0.0053561870743712844 0.79472927607196342 -0.067009762920374569 0.79365803865708917 0 -0.79317392182527924 1.8483045460898013 OK 13 12 0.37555899999999998 0.373137 0.072239999999999999 0.301757 0.30031200000000002 0 0.073801999999999979 0.072824999999999973 0.072239999999999999 0.0090740000000000005 0.0089910000000000007 0.0086739999999999994 0.048600000000000004 0.048220999999999993 0.047830999999999992 0.0021929999999999996 0.002163 0.0021479999999999997 0.000562 0.000571 0.00056299999999999992 1.8483045041676049 1.8483045041676049 1.8483045041676049 0.00068868929915102582 0.00068868929915102582 0.00068868929915102582 1 1 1 Converged Converged Converged OK OK OK 45 45 45 45 45 45 3 3 3 0 0 0 0 0 1 0 0
69 69 uniform 3 7 698 1 0.001 0.68061195545608311 0.00071180269989998973 0.0053561870743712844 0.79472927607196342 -0.067009762920374569 0.7943100962139692 0 -0.79382597938215926 1.8313284560990875 OK 13 12 0.37085499999999999 0.24052100000000001 0.063381999999999994 0.30575200000000002 0.15412999999999999 0 0.065102999999999966 0.086391000000000023 0.063381999999999994 0.0080599999999999995 0.0082799999999999992 0.0077010000000000004 0.042952000000000011 0.060610999999999991 0.042255000000000001 0.0022140000000000003 0.0058799999999999998 0.0022390000000000001 0.00056000000000000006 0.00056099999999999998 0.00054000000000000001 1.8313284382842481 1.8313284382842481 1.8313284382842481 0.00067850764478345619 0.00067850764478345619 0.00067850764478345619 1 1 1 Converged Converged Converged OK OK OK 45 45 45 45 45 45 3 3 3 0 0 0 0 1 0 0 1
69 69 uniform 3 15 698 2 0.001 0.68061195545608311 0.00071180269989998973 0.0053561870743712844 0.79472927607196342 -0.067009762920374569 0.79505530485040343 0 -0.7945711880185935 1.8164553943428907 OK 13 12 0.40512799999999999 0.27061099999999999 0.063815999999999998 0.33517799999999998 0.187915 0 0.069950000000000012 0.082695999999999992 0.063815999999999998 0.0081919999999999996 0.0083119999999999999 0.0076969999999999998 0.04748200000000001 0.060611000000000005 0.042662000000000012 0.0021619999999999999 0.0022040000000000002 0.0021359999999999999 0.00055999999999999995 0.00056700000000000001 0.000544 1.8164553776235977 1.8164553776235977 1.8164553776235977 0.00066914071551257739 0.00066914071551257739 0.00066914071551257739 1 1 1 Converged Converged Converged OK OK OK 45 45 45 45 45 45 3 3 3 0 0 0 0 1 0 0 1
69 69 uniform 3 23 698 3 0.001 0.68061195545608311 0.00071180269989998973 0.0053561870743712844 0.79472927607196342 -0.067009762920374569 0.79580051348683767 0 -0.79531639665502774 1.804493842523565 OK 13 12 0.361979 0.22944000000000001 0.065300999999999998 0.29536499999999999 0.141897 0 0.066614000000000007 0.08754300000000001 0.065300999999999998 0.0082279999999999992 0.0083250000000000008 0.0076620000000000004 0.044594999999999996 0.065531999999999979 0.044280000000000007 0.002209 0.0022290000000000001 0.0022000000000000001 0.00055000000000000003 0.00055999999999999995 0.00053799999999999996 1.8044938263893562 1.8044938263893562 1.8044938263893562 0.00066168063768067616 0.00066168063768067616 0.00066168063768067616 1 1 1 Converged Converged Converged OK OK OK 45 45 45 45 45 45 3 3 3 0 0 0 0 1 0 0 1
69 69 uniform 3 0 698 0 0.0001 0.68061195545608311 0.00071180269989998973 0.0053561870743712844 0.79472927607196342 -0.067009762920374569 0.79365803865708917 0 -0.79317392182527924 1.8483045460898013 OK 13 12 0.413244 0.41141100000000003 0.109154 0.301394 0.30101899999999998 0 0.11185 0.11039200000000005 0.109154 0.0091219999999999999 0.0090589999999999993 0.0085640000000000004 0.074342999999999992 0.073878000000000013 0.073477000000000015 0.00445 0.0039020000000000005 0.003803 0.00083799999999999999 0.00081599999999999989 0.00077399999999999995 1.8483045040747623 1.8483045040747623 1.8483045040747623 5.2014175843951352e-05 5.2014175843951352e-05 5.2014175843951352e-05 1 1 1 Converged Converged Converged OK OK OK 77 77 77 77 77 77 3 3 3 0 0 0 0 0 1 0 0
69 69 uniform 3 7 698 1 0.0001 0.68061195545608311 0.00071180269989998973 0.0053561870743712844 0.79472927607196342 -0.067009762920374569 0.7943100962139692 0 -0.79382597938215926 1.8313284560990875 OK 13 12 0.40709600000000001 0.29842299999999999 0.097640000000000005 0.30766700000000002 0.153833 0 0.09942899999999999 0.14459 0.097640000000000005 0.0082640000000000005 0.0083820000000000006 0.0077070000000000003 0.067643999999999968 0.112707 0.066950000000000023 0.0038480000000000003 0.003872 0.0037649999999999997 0.00076499999999999995 0.00082100000000000012 0.00075199999999999996 1.8313284382015538 1.8313284382015538 1.8313284382015538 4.3050610386602579e-05 4.3050610386602579e-05 4.3050610386602579e-05 1 1 1 Converged Converged Converged OK OK OK 77 77 77 77 77 77 3 3 3 0 0 0 0 1 0 0 1
69 69 uniform 3 15 698 2 0.0001 0.68061195545608311 0.00071180269989998973 0.0053561870743712844 0.79472927607196342 -0.067009762920374569 0.79505530485040343 0 -0.7945711880185935 1.8164553943428907 OK 13 12 0.43944299999999997 0.32705499999999998 0.097521999999999998 0.33952300000000002 0.18567700000000001 0 0.099919999999999953 0.14137799999999998 0.097521999999999998 0.0082710000000000006 0.0082349999999999993 0.0077029999999999998 0.067969000000000002 0.10964600000000006 0.066890999999999992 0.00381 0.0038400000000000005 0.0037719999999999997 0.00077700000000000002 0.00078499999999999989 0.00075299999999999998 1.8164553775539309 1.8164553775539309 1.8164553775539309 3.5214601622661213e-05 3.5214601622661213e-05 3.5214601622661213e-05 1 1 1 Converged Converged Converged OK OK OK 77 77 77 77 77 77 3 3 3 0 0 0 0 1 0 0 1
69 69 uniform 3 23 698 3 0.0001 0.68061195545608311 0.00071180269989998973 0.0053561870743712844 0.79472927607196342 -0.067009762920374569 0.79580051348683767 0 -0.79531639665502774 1.804493842523565 OK 13 12 0.39687800000000001 0.29776200000000003 0.10191699999999999 0.29341699999999998 0.14069400000000001 0 0.10346100000000003 0.15706800000000001 0.10191699999999999 0.0081609999999999999 0.0084139999999999996 0.007685 0.071833999999999981 0.12517400000000004 0.071187999999999987 0.0038159999999999999 0.0038580000000000003 0.0038130000000000004 0.00077300000000000003 0.00077799999999999994 0.00075799999999999999 1.8044938263340342 1.8044938263340342 1.8044938263340342 2.9425924607282556e-05 2.9425924607282556e-05 2.9425924607282556e-05 1 1 1 Converged Converged Converged OK OK OK 77 77 77 77 77 77 3 3 3 0 0 0 0 1 0 0 1
69 69 uniform 4 0 699 0 0.001 0.68061195545608311 0.00071180269989998973 0.0053561870743712844 0.77570712129275488 0.064664864348205717 0.77463588387788063 0 -0.77415176704607069 1.8245831486973982 OK 13 12 0.36175299999999999 0.363149 0.068184999999999996 0.293429 0.29492699999999999 0 0.068323999999999996 0.068222000000000005 0.068184999999999996 0.0088009999999999998 0.008881 0.0089079999999999993 0.04333299999999999 0.04349500000000002 0.043250000000000004 0.0022190000000000001 0.0022279999999999999 0.0022179999999999999 0.00057499999999999999 0.00055999999999999995 0.00054099999999999992 1.8245831322004298 1.8245831322004298 1.8245831322004298 0.00066974273094703377 0.00066974273094703377 0.00066974273094703377 1 1 1 Converged Converged Converged OK OK OK 45 45 45 45 45 45 3 3 3 0 0 0 0 0 1 0 0
69 69 uniform 4 7 699 1 0.001 0.68061195545608311 0.00071180269989998973 0.0053561870743712844 0.77570712129275488 0.064664864348205717 0.77528794143476065 0 -0.77480382460295072 1.8294611966258787 OK 13 12 0.35524099999999997 0.23879400000000001 0.064661999999999997 0.288962 0.143623 0 0.066278999999999977 0.095171000000000006 0.064661999999999997 0.0081399999999999997 0.0082699999999999996 0.0077299999999999999 0.043998000000000009 0.072942000000000007 0.043324000000000001 0.0021700000000000001 0.0022370000000000003 0.0021849999999999999 0.00057899999999999998 0.00056000000000000006 0.00053400000000000008 1.8294611798947056 1.8294611798947056 1.8294611798947056 0.0006737308686802885 0.0006737308686802885 0.0006737308686802885 1 1 1 Converged Converged Converged OK OK OK 45 45 45 45 45 45 3 3 3 0 0 0 0 1 0 0 1
69 69 uniform 4 15 699 2 0.001 0.68061195545608311 0.00071180269989998973 0.0053561870743712844 0.77570712129275488 0.064664864348205717 0.77603315007119489 0 -0.77554903323938496 1.8354826310691768 OK 13 12 0.35374100000000003 0.222106 0.062380999999999999 0.29020800000000002 0.138123 0 0.063533000000000006 0.083983000000000002 0.062380999999999999 0.008201 0.0082609999999999992 0.0077029999999999998 0.041257999999999996 0.061810000000000004 0.041100999999999992 0.0022980000000000001 0.0022560000000000002 0.0022000000000000001 0.00055500000000000005 0.00054900000000000001 0.00054500000000000002 1.8354826140399494 1.8354826140399494 1.8354826140399494 0.00067840278865917783 0.00067840278865917783 0.00067840278865917783 1 1 1 Converged Converged Converged OK OK OK 45 45 45 45 45 45 3 3 3 0 0 0 0 1 0 0 1
69 69 uniform 4 23 699 3 0.001 0.68061195545608311 0.00071180269989998973 0.0053561870743712844 0.77570712129275488 0.064664864348205717 0.77677835870762912 0 -0.77629424187581919 1.8420870384101533 OK 13 12 0.36195100000000002 0.247169 0.063033000000000006 0.29747400000000002 0.149398 0 0.064477000000000007 0.097770999999999997 0.063033000000000006 0.0082000000000000007 0.0083899999999999999 0.0077289999999999998 0.042421999999999994 0.074869999999999992 0.042044999999999992 0.002163 0.002519 0.0021580000000000002 0.00056400000000000005 0.00058 0.00053899999999999998 1.8420870210413889 1.8420870210413889 1.8420870210413889 0.00068358149868629728 0.00068358149868629728 0.00068358149868629728 1 1 1 Converged Converged Converged OK OK OK 45 45 45 45 45 45 3 3 3 0 0 0 0 1 0 0 1
69 69 uniform 4 0 699 0 0.0001 0.68061195545608311 0.00071180269989998973 0.0053561870743712844 0.77570712129275488 0.064664864348205717 0.77463588387788063 0 -0.77415176704607069 1.8245831486973982 OK 13 12 0.39841199999999999 0.39691500000000002 0.10372099999999999 0.293987 0.29274800000000001 0 0.10442499999999999 0.10416700000000001 0.10372099999999999 0.0089739999999999993 0.0089639999999999997 0.0088940000000000009 0.067663000000000001 0.067892999999999995 0.067755000000000024 0.0038900000000000002 0.0038209999999999997 0.0038189999999999999 0.00081599999999999989 0.00082200000000000003 0.00079600000000000005 1.8245831321818002 1.8245831321818002 1.8245831321818002 1.5577201945482089e-05 1.5577201945482089e-05 1.5577201945482089e-05 1 1 1 Converged Converged Converged OK OK OK 77 77 77 77 77 77 3 3 3 0 0 0 0 0 1 0 0
69 69 uniform 4 7 699 1 0.0001 0.68061195545608311 0.00071180269989998973 0.0053561870743712844 0.77570712129275488 0.064664864348205717 0.77528794143476065 0 -0.77480382460295072 1.8294611966258787 OK 13 12 0.39164199999999999 0.29788399999999998 0.10000199999999999 0.28989700000000002 0.13916100000000001 0 0.10174499999999997 0.15872299999999998 0.10000199999999999 0.0082609999999999992 0.008319 0.0077099999999999998 0.069673999999999986 0.12675300000000003 0.069100999999999982 0.0038240000000000001 0.003849 0.0037999999999999996 0.00077200000000000012 0.00080000000000000004 0.00075799999999999999 1.8294611798371627 1.8294611798371627 1.8294611798371627 1.6319718203403627e-05 1.6319718203403627e-05 1.6319718203403627e-05 1 1 1 Converged Converged Converged OK OK OK 77 77 77 77 77 77 3 3 3 0 0 0 0 1 0 0 1
69 69 uniform 4 15 699 2 0.0001 0.68061195545608311 0.00071180269989998973 0.0053561870743712844 0.77570712129275488 0.064664864348205717 0.77603315007119489 0 -0.77554903323938496 1.8354826310691768 OK 13 12 0.38618000000000002 0.28144799999999998 0.095675999999999997 0.28895900000000002 0.139234 0 0.097221000000000002 0.14221399999999998 0.095675999999999997 0.0082529999999999999 0.0083250000000000008 0.0077099999999999998 0.065429000000000001 0.11017100000000001 0.064719000000000027 0.0038500000000000001 0.0038569999999999993 0.0038049999999999998 0.00081900000000000007 0.00080299999999999989 0.00075699999999999997 1.8354826139362523 1.8354826139362523 1.8354826139362523 1.7184145106319521e-05 1.7184145106319521e-05 1.7184145106319521e-05 1 1 1 Converged Converged Converged OK OK OK 77 77 77 77 77 77 3 3 3 0 0 0 0 1 0 0 1
69 69 uniform 4 23 699 3 0.0001 0.68061195545608311 0.00071180269989998973 0.0053561870743712844 0.77570712129275488 0.064664864348205717 0.77677835870762912 0 -0.77629424187581919 1.8420870384101533 OK 13 12 0.40282000000000001 0.30923400000000001 0.10315299999999999 0.30092200000000002 0.14879400000000001 0 0.10189799999999999 0.16044 0.10315299999999999 0.0083169999999999997 0.0083129999999999992 0.0076309999999999998 0.070244000000000001 0.123795 0.072597000000000009 0.0038339999999999997 0.008822 0.0037599999999999999 0.00080100000000000006 0.00081300000000000003 0.00076900000000000004 1.8420870208903293 1.8420870208903293 1.8420870208903293 1.8462950718054077e-05 1.8462950718054077e-05 1.8462950718054077e-05 1 1 1 Converged Converged Converged OK OK OK 77 77 77 77 77 77 3 3 3 0 0 0 0 1 0 0 1
70 70 linear 0 0 700 0 0.001 3.1050033231016565 0.00053559887471000211 0.0012402856138218829 -2.781452545233646 -0.0039638643845505122 -2.7817006023564104 0.5 2.7833627483986847 12.090823836574254 OK 14 13 0.64051899999999995 0.64504499999999998 0.19716700000000001 0.43910700000000003 0.44666800000000001 0 0.20141199999999992 0.19837699999999997 0.19716700000000001 0.012246 0.012331 0.011762999999999999 0.16076799999999994 0.15789699999999998 0.15710899999999994 0.0038550000000000004 0.0036449999999999998 0.0037730000000000003 0.00081700000000000002 0.00083400000000000011 0.00082200000000000003 12.090891267590431 12.090891267590431 12.090891267590431 0.0087067068936274045 0.0087067068936274045 0.0087067068936274045 1 1 1 Converged Converged Converged OK OK OK 81 81 81 81 81 81 7 7 7 0 0 0 0 0 1 0 0
70 70 linear 0 7 700 1 0.001 3.1050033231016565 0.00053559887471000211 0.0012402856138218829 -2.781452545233646 -0.0039638643845505122 -2.781549611064293 0.5 2.7832117571065673 12.274858648292756 OK 14 13 0.53502099999999997 0.388206 0.182313 0.34656100000000001 0.19897899999999999 0 0.18845999999999996 0.18922700000000001 0.182313 0.011209 0.011276 0.010433 0.15589199999999992 0.157359 0.15139899999999998 0.003689 0.0035370000000000002 0.0034319999999999997 0.00086800000000000006 0.000852 0.00082400000000000008 12.274715811903354 12.274715811903354 12.274715811903354 0.0074772324685887463 0.0074772324685887463 0.0074772324685887463 1 1 1 Converged Converged Converged OK OK OK 81 81 81 81 81 81 7 7 7 0 0 0 0 1 0 0 1
70 70 linear 0 15 700 2 0.001 3.1050033231016565 0.00053559887471000211 0.0012402856138218829 -2.781452545233646 -0.0039638643845505122 -2.7813770495875874 0.5 2.7830391956298617 12.279505492953263 OK 14 13 0.53625100000000003 0.39050299999999999 0.18493200000000001 0.34451999999999999 0.19697600000000001 0 0.19173100000000004 0.19352699999999998 0.18493200000000001 0.011502 0.011283 0.010468999999999999 0.15853900000000001 0.16123200000000007 0.15418099999999998 0.0039689999999999994 0.0036930000000000005 0.0035360000000000001 0.00088000000000000003 0.00084699999999999999 0.00079499999999999992 12.279370708265635 12.279370708265635 12.279370708265635 0.0069044551138205661 0.0069044551138205661 0.0069044551138205661 1 1 1 Converged Converged Converged OK OK OK 81 81 81 81 81 81 7 7 7 0 0 0 0 1 0 0 1
70 70 linear 0 23 700 3 0.001 3.1050033231016565 0.00053559887471000211 0.0012402856138218829 -2.781452545233646 -0.0039638643845505122 -2.7812044881108817 0.5 2.782866634153156 12.064523431206862 OK 14 13 0.53705700000000001 0.40074900000000002 0.19325999999999999 0.34325899999999998 0.20114599999999999 0 0.19379800000000003 0.19960300000000003 0.19325999999999999 0.011188 0.011237 0.010481000000000001 0.16073499999999999 0.16639700000000002 0.16140499999999997 0.0038040000000000001 0.0040020000000000003 0.0038359999999999996 0.00080599999999999997 0.00083700000000000007 0.00080699999999999999 12.064644812205557 12.064644812205557 12.064644812205557 0.0087023059653375777 0.0087023059653375777 0.0087023059653375777 1 1 1 Converged Converged Converged OK OK OK 81 81 81 81 81 81 7 7 7 0 0 0 0 1 0 0 1
70 70 linear 0 0 700 0 0.0001 3.1050033231016565 0.00053559887471000211 0.0012402856138218829 -2.781452545233646 -0.0039638643845505122 -2.7817006023564104 0.5 2.7833627483986847 12.090823836574254 OK 14 13 0.69728000000000001 0.69723599999999997 0.25558599999999998 0.43948999999999999 0.44194 0 0.25779000000000002 0.25529599999999997 0.25558599999999998 0.012248999999999999 0.012616 0.011786 0.20267199999999996 0.20029600000000009 0.20174600000000004 0.005679 0.00577 0.0055849999999999997 0.001271 0.0013020000000000002 0.001235 12.090898853654709 12.090898853654709 12.090898853654709 0.00037125301731006386 0.00037125301731006386 0.00037125301731006386 1 1 1 Converged Converged Converged OK OK OK 113 113 113 113 113 113 7 7 7 0 0 0 0 0 1 0 0
70 70 linear 0 7 700 1 0.0001 3.1050033231016565 0.00053559887471000211 0.0012402856138218829 -2.781452545233646 -0.0039638643845505122 -2.781549611064293 0.5 2.7832117571065673 12.274858648292756 OK 14 13 0.58707900000000002 0.46133099999999999 0.236239 0.33972599999999997 0.20184199999999999 0 0.24735300000000005 0.25948899999999997 0.236239 0.011370999999999999 0.011462 0.010441000000000001 0.20400900000000002 0.21644900000000003 0.19500700000000001 0.0057470000000000004 0.005659 0.005496 0.0012960000000000001 0.001268 0.0012290000000000001 12.274725917458879 12.274725917458879 12.274725917458879 0.0004693801620622301 0.0004693801620622301 0.0004693801620622301 1 1 1 Converged Converged Converged OK OK OK 113 113 113 113 113 113 7 7 7 0 0 0 0 1 0 0 1
70 70 linear 0 15 700 2 0.0001 3.1050033231016565 0.00053559887471000211 0.0012402856138218829 -2.781452545233646 -0.0039638643845505122 -2.7813770495875874 0.5 2.7830391956298617 12.279505492953263 OK 14 13 0.59046200000000004 0.45677600000000002 0.24257000000000001 0.34375600000000001 0.19897100000000001 0 0.24670600000000004 0.25780500000000001 0.24257000000000001 0.011379999999999999 0.011192000000000001 0.010462000000000001 0.20264699999999999 0.21534500000000006 0.19647100000000015 0.006071 0.0054810000000000006 0.00564 0.0013730000000000001 0.001304 0.0012840000000000002 12.279380617623262 12.279380617623262 12.279380617623262 0.00048293688860947398 0.00048293688860947398 0.00048293688860947398 1 1 1 Converged Converged Converged OK OK OK 113 113 113 113 113 113 7 7 7 0 0 0 0 1 0 0 1
70 70 linear 0 23 700 3 0.0001 3.1050033231016565 0.00053559887471000211 0.0012402856138218829 -2.781452545233646 -0.0039638643845505122 -2.7812044881108817 0.5 2.782866634153156 12.064523431206862 OK 14 13 0.59073600000000004 0.47055000000000002 0.23938300000000001 0.342086 0.208619 0 0.24865000000000004 0.26193100000000002 0.23938300000000001 0.011351 0.011280999999999999 0.01042 0.20514599999999991 0.21905899999999995 0.198239 0.0061260000000000004 0.0060099999999999997 0.0056650000000000008 0.0013069999999999998 0.001317 0.0012270000000000002 12.06465235325388 12.06465235325388 12.06465235325388 0.00037480976244542844 0.00037480976244542844 0.00037480976244542844 1 1 1 Converged Converged Converged OK OK OK 113 113 113 113 113 113 7 7 7 0 0 0 0 1 0 0 1
70 70 linear 1 0 701 0 0.001 3.1050033231016565 0.00053559887471000211 0.0012402856138218829 -2.7822647094649455 -0.0044956614003650169 -2.7825127665877099 0.5 2.7841749126299842 6.8659580100060014 OK 13 12 0.58877500000000005 0.58736699999999997 0.181612 0.41127399999999997 0.41181699999999999 0 0.17750100000000008 0.17554999999999998 0.181612 0.0094109999999999992 0.009606 0.0094240000000000001 0.1393049999999999 0.13766 0.143063 0.0044949999999999999 0.0044180000000000001 0.0049329999999999999 0.00098799999999999995 0.00095000000000000011 0.000941 6.8660237052911857 6.8660237052911857 6.8660237052911857 0.0066612313450746322 0.0066612313450746322 0.0066612313450746322 1 1 1 Converged Converged Converged OK OK OK 91 91 91 91 91 91 5 5 5 0 0 0 0 0 1 0 0
70 70 linear 1 7 701 1 0.001 3.1050033231016565 0.00053559887471000211 0.0012402856138218829 -2.7822647094649455 -0.0044956614003650169 -2.7823617752955925 0.5 2.7840239213378668 7.9240994771744679 OK 13 12 0.54371100000000006 0.41413299999999997 0.15923300000000001 0.37719200000000003 0.237236 0 0.16651900000000003 0.17689699999999997 0.15923300000000001 0.0089849999999999999 0.0088540000000000008 0.0081359999999999991 0.135736 0.14693899999999999 0.13108900000000001 0.0049839999999999997 0.0045279999999999999 0.0040790000000000002 0.00117 0.00099899999999999989 0.0010040000000000001 7.924154823162131 7.924154823162131 7.924154823162131 0.0075934509440607444 0.0075934509440607444 0.0075934509440607444 1 1 1 Converged Converged Converged OK OK OK 83 83 83 83 83 83 5 5 5 0 0 0 0 1 0 0 1
70 70 linear 1 15 701 2 0.001 3.1050033231016565 0.00053559887471000211 0.0012402856138218829 -2.7822647094649455 -0.0044956614003650169 -2.7821892138188868 0.5 2.7838513598611612 8.8906399925424449 OK 14 13 0.55793700000000002 0.41056799999999999 0.17253499999999999 0.38181799999999999 0.23491300000000001 0 0.17611900000000003 0.17565499999999998 0.17253499999999999 0.011192000000000001 0.011749000000000001 0.010614999999999999 0.14518100000000003 0.14328299999999999 0.142537 0.0033909999999999999 0.0039909999999999998 0.0034910000000000002 0.00087399999999999999 0.00091600000000000004 0.00086300000000000005 8.8907076292085883 8.8907076292085883 8.8907076292085883 0.0070146915636304071 0.0070146915636304071 0.0070146915636304071 1 1 1 Converged Converged Converged OK OK OK 74 74 74 74 74 74 6 6 6 0 0 0 0 1 0 0 1
70 70 linear 1 23 701 3 0.001 3.1050033231016565 0.00053559887471000211 0.0012402856138218829 -2.7822647094649455 -0.0044956614003650169 -2.7820166523421812 0.5 2.7836787983844555 9.6344037260214339 OK 14 13 0.83594299999999999 0.69749799999999995 0.19250900000000001 0.63158000000000003 0.49920900000000001 0 0.20436299999999996 0.19828899999999994 0.19250900000000001 0.012045999999999999 0.011513000000000001 0.010900999999999999 0.16477400000000003 0.16474399999999995 0.15994700000000003 0.0041749999999999999 0.0038409999999999998 0.0039289999999999993 0.00099500000000000022 0.00092000000000000003 0.00089099999999999997 9.6344639790880411 9.6344639790880411 9.6344639790880411 0.0056550007550852915 0.0056550007550852915 0.0056550007550852915 1 1 1 Converged Converged Converged OK OK OK 81 81 81 81 81 81 7 7 7 0 0 0 0 1 0 0 1
70 70 linear 1 0 701 0 0.0001 3.1050033231016565 0.00053559887471000211 0.0012402856138218829 -2.7822647094649455 -0.0044956614003650169 -2.7825127665877099 0.5 2.7841749126299842 6.8659580100060014 OK 13 12 0.71682800000000002 0.70777400000000001 0.29615399999999997 0.41128399999999998 0.41460200000000003 0 0.30554400000000004 0.29317199999999999 0.29615399999999997 0.0098899999999999995 0.0097479999999999997 0.0094129999999999995 0.24342800000000012 0.23213199999999995 0.23143500000000009 0.0093620000000000005 0.0088320000000000013 0.008827999999999999 0.001606 0.001464 0.0015000000000000002 6.8660173845370815 6.8660173845370815 6.8660173845370815 0.0001117785872898285 0.0001117785872898285 0.0001117785872898285 1 1 1 Converged Converged Converged OK OK OK 155 155 155 155 155 155 5 5 5 0 0 0 0 0 1 0 0
70 70 linear 1 7 701 1 0.0001 3.1050033231016565 0.00053559887471000211 0.0012402856138218829 -2.7822647094649455 -0.0044956614003650169 -2.7823617752955925 0.5 2.7840239213378668 7.9240994771744679 OK 13 12 0.66705599999999998 0.552199 0.28288400000000002 0.37731100000000001 0.23736199999999999 0 0.28974499999999997 0.31483700000000003 0.28288400000000002 0.0086529999999999992 0.0089130000000000008 0.0081030000000000008 0.24245199999999992 0.26654699999999987 0.23735199999999995 0.0089960000000000005 0.009129 0.0086679999999999986 0.0015660000000000001 0.0016660000000000002 0.0015220000000000001 7.9241436959206482 7.9241436959206482 7.9241436959206482 0.00060473782474386353 0.00060473782474386353 0.00060473782474386353 1 1 1 Converged Converged Converged OK OK OK 155 155 155 155 155 155 5 5 5 0 0 0 0 1 0 0 1
70 70 linear 1 15 701 2 0.0001 3.1050033231016565 0.00053559887471000211 0.0012402856138218829 -2.7822647094649455 -0.0044956614003650169 -2.7821892138188868 0.5 2.7838513598611612 8.8906399925424449 OK 14 13 0.65497899999999998 0.51303100000000001 0.26653199999999999 0.386654 0.231654 0 0.26832499999999998 0.28137699999999999 0.26653199999999999 0.011622 0.011866 0.0154 0.221328 0.23362500000000017 0.21567700000000009 0.0065950000000000002 0.0068919999999999997 0.0067939999999999997 0.0014339999999999999 0.0015399999999999999 0.0014480000000000001 8.8907163421151125 8.8907163421151125 8.8907163421151125 0.0001679339139349792 0.0001679339139349792 0.0001679339139349792 1 1 1 Converged Converged Converged OK OK OK 122 122 122 122 122 122 6 6 6 0 0 0 0 1 0 0 1
70 70 linear 1 23 701 3 0.0001 3.1050033231016565 0.00053559887471000211 0.0012402856138218829 -2.7822647094649455 -0.0044956614003650169 -2.7820166523421812 0.5 2.7836787983844555 9.6344037260214339 OK 14 13 0.88437399999999999 0.75238799999999995 0.255247 0.63503500000000002 0.49348999999999998 0 0.24933899999999998 0.25889799999999996 0.255247 0.011545 0.011823 0.012206 0.20617600000000003 0.21525599999999998 0.21122000000000016 0.0057340000000000004 0.0059919999999999999 0.0057109999999999999 0.0013010000000000001 0.0013370000000000001 0.001328 9.6344696853513518 9.6344696853513518 9.6344696853513518 0.00057256466446104393 0.00057256466446104393 0.00057256466446104393 1 1 1 Converged Converged Converged OK OK OK 113 113 113 113 113 113 7 7 7 0 0 0 0 1 0 0 1
70 70 linear 2 0 702 0 0.001 3.1050033231016565 0.00053559887471000211 0.0012402856138218829 -2.7829521174758765 -0.0044929734783433137 -2.7832001745986408 0.5 2.7848623206409151 3.7750352252603139 OK 13 12 0.44661200000000001 0.44370500000000002 0.12205100000000001 0.32246900000000001 0.32103599999999999 0 0.124143 0.12266900000000003 0.12205100000000001 0.0089449999999999998 0.0090430000000000007 0.0087299999999999999 0.090799000000000019 0.089531000000000013 0.089198999999999973 0.0036970000000000002 0.0036340000000000001 0.0036840000000000002 0.00074699999999999994 0.00072999999999999996 0.00073000000000000007 3.7750234459083001 3.7750234459083001 3.7750234459083001 0.0015674089394707316 0.0015674089394707316 0.0015674089394707316 1 1 1 Converged Converged Converged OK OK OK 69 69 69 69 69 69 3 3 3 0 0 0 0 0 1 0 0
70 70 linear 2 7 702 1 0.001 3.1050033231016565 0.00053559887471000211 0.0012402856138218829 -2.7829521174758765 -0.0044929734783433137 -2.7830491833065234 0.5 2.7847113293487977 3.9456794599944156 OK 13 12 0.43089699999999997 0.29765399999999997 0.095383999999999997 0.33184799999999998 0.185084 0 0.099048999999999998 0.11256999999999998 0.095383999999999997 0.0083099999999999997 0.0083180000000000007 0.0077660000000000003 0.073214000000000001 0.087679999999999994 0.071457999999999994 0.0030039999999999997 0.0028019999999999998 0.0027070000000000002 0.0007049999999999999 0.00061200000000000002 0.00058200000000000005 3.9456675207231351 3.9456675207231351 3.9456675207231351 0.003912451619136002 0.003912451619136002 0.003912451619136002 1 1 1 Converged Converged Converged OK OK OK 53 53 53 53 53 53 3 3 3 0 0 0 0 1 0 0 1
70 70 linear 2 15 702 2 0.001 3.1050033231016565 0.00053559887471000211 0.0012402856138218829 -2.7829521174758765 -0.0044929734783433137 -2.7828766218298178 0.5 2.7845387678720921 4.2129131753177802 OK 13 12 0.430788 0.30381799999999998 0.097780000000000006 0.33011200000000002 0.19165099999999999 0 0.10067599999999999 0.11216699999999999 0.097780000000000006 0.0082950000000000003 0.0083180000000000007 0.0076949999999999996 0.075542999999999999 0.087143999999999999 0.073856999999999978 0.002797 0.0027390000000000001 0.0027069999999999998 0.00061399999999999996 0.00060599999999999998 0.00056599999999999999 4.2128997137234094 4.2128997137234094 4.2128997137234094 0.003955831572263882 0.003955831572263882 0.003955831572263882 1 1 1 Converged Converged Converged OK OK OK 53 53 53 53 53 53 3 3 3 0 0 0 0 1 0 0 1
70 70 linear 2 23 702 3 0.001 3.1050033231016565 0.00053559887471000211 0.0012402856138218829 -2.7829521174758765 -0.0044929734783433137 -2.7827040603531121 0.5 2.7843662063953865 5.0004198310129873 OK 13 12 0.57694000000000001 0.45014999999999999 0.16753999999999999 0.402671 0.262658 0 0.17426900000000001 0.18749199999999999 0.16753999999999999 0.00894 0.0089049999999999997 0.0081919999999999996 0.13901300000000003 0.15365700000000002 0.134884 0.0049170000000000004 0.0044019999999999997 0.0042979999999999997 0.001044 0.00091500000000000012 0.00091100000000000003 5.0001224118845 5.0001224118845 5.0001224118845 0.0044686629026125489 0.0044686629026125489 0.0044686629026125489 1 1 1 Converged Converged Converged OK OK OK 91 91 91 91 91 91 5 5 5 0 0 0 0 1 0 0 1
70 70 linear 2 0 702 0 0.0001 3.1050033231016565 0.00053559887471000211 0.0012402856138218829 -2.7829521174758765 -0.0044929734783433137 -2.7832001745986408 0.5 2.7848623206409151 3.7750352252603139 OK 13 12 0.47009200000000001 0.46294600000000002 0.13892699999999999 0.327517 0.31947700000000001 0 0.14257500000000001 0.14346900000000001 0.13892699999999999 0.0092870000000000001 0.0090860000000000003 0.0086920000000000001 0.10424599999999999 0.10606199999999999 0.102204 0.0043599999999999993 0.0042849999999999997 0.0043090000000000003 0.00090800000000000017 0.00090300000000000005 0.00090099999999999989 3.7750326071127218 3.7750326071127218 3.7750326071127218 1.8361521516228446e-05 1.8361521516228446e-05 1.8361521516228446e-05 1 1 1 Converged Converged Converged OK OK OK 77 77 77 77 77 77 3 3 3 0 0 0 0 0 1 0 0
70 70 linear 2 7 702 1 0.0001 3.1050033231016565 0.00053559887471000211 0.0012402856138218829 -2.7829521174758765 -0.0044929734783433137 -2.7830491833065234 0.5 2.7847113293487977 3.9456794599944156 OK 13 12 0.46653099999999997 0.348499 0.13395099999999999 0.32896799999999998 0.18908800000000001 0 0.13756299999999999 0.159411 0.13395099999999999 0.0084259999999999995 0.0083110000000000007 0.0077710000000000001 0.10440900000000002 0.12690099999999996 0.10213300000000002 0.0042989999999999999 0.0042440000000000004 0.0042620000000000002 0.00089499999999999996 0.00087900000000000001 0.00089499999999999996 3.9456766834373243 3.9456766834373243 3.9456766834373243 1.844417392771076e-05 1.844417392771076e-05 1.844417392771076e-05 1 1 1 Converged Converged Converged OK OK OK 77 77 77 77 77 77 3 3 3 0 0 0 0 1 0 0 1
70 70 linear 2 15 702 2 0.0001 3.1050033231016565 0.00053559887471000211 0.0012402856138218829 -2.7829521174758765 -0.0044929734783433137 -2.7828766218298178 0.5 2.7845387678720921 4.2129131753177802 OK 13 12 0.47650199999999998 0.355485 0.13824600000000001 0.33401999999999998 0.18992899999999999 0 0.142482 0.16555600000000001 0.13824600000000001 0.0083059999999999991 0.0083049999999999999 0.0077299999999999999 0.10936200000000001 0.13289000000000001 0.10657600000000003 0.0043840000000000007 0.0042560000000000002 0.0042929999999999999 0.00087599999999999993 0.00083799999999999999 0.00085299999999999992 4.212908707838964 4.212908707838964 4.212908707838964 1.8740774010450595e-05 1.8740774010450595e-05 1.8740774010450595e-05 1 1 1 Converged Converged Converged OK OK OK 77 77 77 77 77 77 3 3 3 0 0 0 0 1 0 0 1
70 70 linear 2 23 702 3 0.0001 3.1050033231016565 0.00053559887471000211 0.0012402856138218829 -2.7829521174758765 -0.0044929734783433137 -2.7827040603531121 0.5 2.7843662063953865 5.0004198310129873 OK 13 12 0.74996600000000002 0.64697700000000002 0.34629399999999999 0.40359499999999998 0.26381199999999999 0 0.34637100000000004 0.38316500000000003 0.34629399999999999 0.0089049999999999997 0.0089359999999999995 0.00826 0.27414200000000016 0.30910499999999985 0.27345899999999979 0.016586999999999998 0.017878999999999999 0.017660000000000002 0.0013979999999999997 0.001498 0.0014889999999999999 5.0003833434759146 5.0003833434759146 5.0003833434759146 0.00030497520503317433 0.00030497520503317433 0.00030497520503317433 1 1 1 Converged Converged Converged OK OK OK 211 211 211 211 211 211 5 5 5 0 0 0 0 1 0 0 1
70 70 linear 3 0 703 0 0.001 3.1050033231016565 0.00053559887471000211 0.0012402856138218829 -2.7791848308351552 -0.0037028249001149604 -2.7794328879579195 0.5 2.7810950340001939 3.536265763124776 OK 13 12 0.46153499999999997 0.46003300000000003 0.130354 0.32660099999999997 0.32472400000000001 0 0.134934 0.13530900000000001 0.130354 0.0091990000000000006 0.0091280000000000007 0.0085369999999999994 0.10095200000000006 0.10209300000000003 0.097643999999999995 0.0038140000000000001 0.0036289999999999998 0.003754 0.00071100000000000004 0.00071199999999999996 0.00067299999999999999 3.5362543981279999 3.5362543981279999 3.5362543981279999 0.0015743988410334446 0.0015743988410334446 0.0015743988410334446 1 1 1 Converged Converged Converged OK OK OK 69 69 69 69 69 69 3 3 3 0 0 0 0 0 1 0 0
70 70 linear 3 7 703 1 0.001 3.1050033231016565 0.00053559887471000211 0.0012402856138218829 -2.7791848308351552 -0.0037028249001149604 -2.7792818966658022 0.5 2.7809440427080765 3.4593283535084347 OK 13 12 0.44267200000000001 0.31343500000000002 0.121224 0.31506000000000001 0.17719399999999999 0 0.127612 0.13624100000000003 0.121224 0.0083049999999999999 0.0082920000000000008 0.0078399999999999997 0.094962999999999978 0.10666800000000004 0.092259000000000035 0.0037779999999999997 0.0036150000000000002 0.003787 0.00066299999999999996 0.00065499999999999998 0.00063000000000000003 3.4593170636403152 3.4593170636403152 3.4593170636403152 0.0015746775870921896 0.0015746775870921896 0.0015746775870921896 1 1 1 Converged Converged Converged OK OK OK 69 69 69 69 69 69 3 3 3 0 0 0 0 1 0 0 1
70 70 linear 3 15 703 2 0.001 3.1050033231016565 0.00053559887471000211 0.0012402856138218829 -2.7791848308351552 -0.0037028249001149604 -2.7791093351890965 0.5 2.7807714812313709 3.3824254564106968 OK 13 12 0.44764900000000002 0.317019 0.126633 0.31630900000000001 0.17444599999999999 0 0.13134000000000001 0.14257300000000001 0.126633 0.0083440000000000007 0.0082539999999999992 0.0077790000000000003 0.10108499999999998 0.11285500000000001 0.098222999999999977 0.0038109999999999997 0.0036679999999999998 0.0035440000000000003 0.00068400000000000004 0.00067200000000000007 0.00063200000000000007 3.3824142278669407 3.3824142278669407 3.3824142278669407 0.0015749945549300445 0.0015749945549300445 0.0015749945549300445 1 1 1 Converged Converged Converged OK OK OK 69 69 69 69 69 69 3 3 3 0 0 0 0 1 0 0 1
70 70 linear 3 23 703 3 0.001 3.1050033231016565 0.00053559887471000211 0.0012402856138218829 -2.7791848308351552 -0.0037028249001149604 -2.7789367737123909 0.5 2.7805989197546652 3.3150549084358909 OK 13 12 0.447106 0.32604699999999998 0.12638099999999999 0.31598100000000001 0.17809 0 0.13112499999999999 0.14795699999999998 0.12638099999999999 0.0084360000000000008 0.0082590000000000007 0.0076699999999999997 0.100883 0.11840599999999996 0.097727000000000036 0.0038479999999999999 0.0036770000000000001 0.0036570000000000001 0.00070200000000000004 0.00065300000000000004 0.00062500000000000001 3.3150437623493154 3.3150437623493154 3.3150437623493154 0.0015753113004139537 0.0015753113004139537 0.0015753113004139537 1 1 1 Converged Converged Converged OK OK OK 69 69 69 69 69 69 3 3 3 0 0 0 0 1 0 0 1
70 70 linear 3 0 703 0 0.0001 3.1050033231016565 0.00053559887471000211 0.0012402856138218829 -2.7791848308351552 -0.0037028249001149604 -2.7794328879579195 0.5 2.7810950340001939 3.536265763124776 OK 13 12 0.48191800000000001 0.47244599999999998 0.15061099999999999 0.327546 0.32418000000000002 0 0.15437200000000001 0.14826599999999995 0.15061099999999999 0.0089739999999999993 0.0089899999999999997 0.0086090000000000003 0.11713 0.11173599999999997 0.11087099999999998 0.0042199999999999998 0.0040810000000000004 0.0040679999999999996 0.0008479999999999999 0.00078299999999999995 0.0007890000000000001 3.536263600160646 3.536263600160646 3.536263600160646 1.8447866623641296e-05 1.8447866623641296e-05 1.8447866623641296e-05 1 1 1 Converged Converged Converged OK OK OK 77 77 77 77 77 77 3 3 3 0 0 0 0 0 1 0 0
70 70 linear 3 7 703 1 0.0001 3.1050033231016565 0.00053559887471000211 0.0012402856138218829 -2.7791848308351552 -0.0037028249001149604 -2.7792818966658022 0.5 2.7809440427080765 3.4593283535084347 OK 13 12 0.45882600000000001 0.33741599999999999 0.13661899999999999 0.31822 0.17910999999999999 0 0.14060600000000001 0.158306 0.13661899999999999 0.0082450000000000006 0.0083260000000000001 0.007744 0.10822000000000001 0.12617600000000007 0.10533000000000001 0.0040619999999999996 0.0040559999999999997 0.0040560000000000006 0.00080699999999999999 0.00080099999999999995 0.00078200000000000003 3.4593262673134215 3.4593262673134215 3.4593262673134215 1.8449230476614992e-05 1.8449230476614992e-05 1.8449230476614992e-05 1 1 1 Converged Converged Converged OK OK OK 77 77 77 77 77 77 3 3 3 0 0 0 0 1 0 0 1
70 70 linear 3 15 703 2 0.0001 3.1050033231016565 0.00053559887471000211 0.0012402856138218829 -2.7791848308351552 -0.0037028249001149604 -2.7791093351890965 0.5 2.7807714812313709 3.3824254564106968 OK 13 12 0.46314300000000003 0.33506200000000003 0.14217399999999999 0.31685200000000002 0.17451700000000001 0 0.146291 0.16054500000000002 0.14217399999999999 0.0082389999999999998 0.0082950000000000003 0.0077419999999999998 0.11404700000000001 0.12854200000000002 0.11108000000000003 0.0039810000000000002 0.0040680000000000004 0.0039849999999999998 0.00078799999999999996 0.00079500000000000003 0.00076500000000000005 3.3824234334152972 3.3824234334152972 3.3824234334152972 1.844911672271179e-05 1.844911672271179e-05 1.844911672271179e-05 1 1 1 Converged Converged Converged OK OK OK 77 77 77 77 77 77 3 3 3 0 0 0 0 1 0 0 1
70 70 linear 3 23 703 3 0.0001 3.1050033231016565 0.00053559887471000211 0.0012402856138218829 -2.7791848308351552 -0.0037028249001149604 -2.7789367737123909 0.5 2.7805989197546652 3.3150549084358909 OK 13 12 0.46599800000000002 0.343393 0.141847 0.319579 0.17671899999999999 0 0.14641900000000002 0.16667400000000002 0.141847 0.0082330000000000007 0.0082109999999999995 0.0077039999999999999 0.11415100000000003 0.13442799999999999 0.11079900000000001 0.003947 0.0042030000000000001 0.0040539999999999994 0.00077999999999999999 0.00078600000000000002 0.000776 3.315052969773383 3.315052969773383 3.315052969773383 1.844870245665634e-05 1.844870245665634e-05 1.844870245665634e-05 1 1 1 Converged Converged Converged OK OK OK 77 77 77 77 77 77 3 3 3 0 0 0 0 1 0 0 1
70 70 linear 4 0 704 0 0.001 3.1050033231016565 0.00053559887471000211 0.0012402856138218829 -2.7762464621382095 -0.0023790063999829993 -2.7764945192609738 0.5 2.7781566653032481 3.317782844796394 OK 13 12 0.43655699999999997 0.43263600000000002 0.11615200000000001 0.31783699999999998 0.31583 0 0.11871999999999999 0.11680600000000002 0.11615200000000001 0.0087679999999999998 0.0088920000000000006 0.0085380000000000005 0.091406000000000043 0.089893999999999988 0.089530999999999958 0.002627 0.002647 0.0025850000000000001 0.00056399999999999994 0.00054799999999999998 0.00053600000000000002 3.3177715603036764 3.3177715603036764 3.3177715603036764 0.0030043255483872106 0.0030043255483872106 0.0030043255483872106 1 1 1 Converged Converged Converged OK OK OK 53 53 53 53 53 53 3 3 3 0 0 0 0 0 1 0 0
70 70 linear 4 7 704 1 0.001 3.1050033231016565 0.00053559887471000211 0.0012402856138218829 -2.7762464621382095 -0.0023790063999829993 -2.7763435279688564 0.5 2.7780056740111307 3.3187361520213043 OK 13 12 0.42775099999999999 0.29395700000000002 0.108109 0.31641000000000002 0.17368900000000001 0 0.11134099999999997 0.12026800000000001 0.108109 0.0081829999999999993 0.0081740000000000007 0.0076519999999999999 0.086718999999999977 0.095965999999999996 0.08458800000000001 0.0027590000000000002 0.002699 0.0026689999999999999 0.00054900000000000001 0.00054900000000000001 0.00053300000000000005 3.3187248679225911 3.3187248679225911 3.3187248679225911 0.0029768257865010772 0.0029768257865010772 0.0029768257865010772 1 1 1 Converged Converged Converged OK OK OK 53 53 53 53 53 53 3 3 3 0 0 0 0 1 0 0 1
70 70 linear 4 15 704 2 0.001 3.1050033231016565 0.00053559887471000211 0.0012402856138218829 -2.7762464621382095 -0.0023790063999829993 -2.7761709664921508 0.5 2.7778331125344251 3.3203943830262204 OK 13 12 0.41928500000000002 0.288657 0.104273 0.31124800000000002 0.16947799999999999 0 0.10803699999999999 0.11917900000000001 0.104273 0.0082719999999999998 0.0082640000000000005 0.0076969999999999998 0.083280000000000007 0.094787999999999997 0.080796999999999966 0.0027590000000000002 0.0027550000000000001 0.002614 0.00054000000000000001 0.00055999999999999995 0.00053300000000000005 3.3203831009449623 3.3203831009449623 3.3203831009449623 0.0029462247119901612 0.0029462247119901612 0.0029462247119901612 1 1 1 Converged Converged Converged OK OK OK 53 53 53 53 53 53 3 3 3 0 0 0 0 1 0 0 1
70 70 linear 4 23 704 3 0.001 3.1050033231016565 0.00053559887471000211 0.0012402856138218829 -2.7762464621382095 -0.0023790063999829993 -2.7759984050154451 0.5 2.7776605510577195 3.3223983500155829 OK 13 12 0.53478999999999999 0.40450199999999997 0.106294 0.42436000000000001 0.28264699999999998 0 0.11042999999999997 0.12185499999999999 0.106294 0.0082959999999999996 0.0081890000000000001 0.0076569999999999997 0.085544999999999996 0.097331999999999988 0.082750000000000032 0.002797 0.0027899999999999999 0.002673 0.00054100000000000003 0.00054900000000000001 0.00054300000000000008 3.3223870776958035 3.3223870776958035 3.3223870776958035 0.0029164870301353505 0.0029164870301353505 0.0029164870301353505 1 1 1 Converged Converged Converged OK OK OK 53 53 53 53 53 53 3 3 3 0 0 0 0 1 0 0 1
70 70 linear 4 0 704 0 0.0001 3.1050033231016565 0.00053559887471000211 0.0012402856138218829 -2.7762464621382095 -0.0023790063999829993 -2.7764945192609738 0.5 2.7781566653032481 3.317782844796394 OK 13 12 0.493203 0.49221300000000001 0.173566 0.31560500000000002 0.317658 0 0.17759799999999998 0.17455500000000002 0.173566 0.0090430000000000007 0.0090240000000000008 0.0086049999999999998 0.14099000000000006 0.13788799999999998 0.137764 0.0040020000000000003 0.0040089999999999995 0.0040289999999999996 0.0008070000000000001 0.00080199999999999998 0.00079199999999999995 3.3177807925775538 3.3177807925775538 3.3177807925775538 1.8531165060343143e-05 1.8531165060343143e-05 1.8531165060343143e-05 1 1 1 Converged Converged Converged OK OK OK 77 77 77 77 77 77 3 3 3 0 0 0 0 0 1 0 0
70 70 linear 4 7 704 1 0.0001 3.1050033231016565 0.00053559887471000211 0.0012402856138218829 -2.7762464621382095 -0.0023790063999829993 -2.7763435279688564 0.5 2.7780056740111307 3.3187361520213043 OK 13 12 0.484927 0.35285899999999998 0.16107199999999999 0.31612800000000002 0.17357300000000001 0 0.16879899999999998 0.17928599999999997 0.16107199999999999 0.0081689999999999992 0.0082249999999999997 0.0076449999999999999 0.13624399999999998 0.14743500000000001 0.130359 0.004235 0.0040899999999999999 0.0038780000000000004 0.00079599999999999994 0.00077700000000000002 0.0007580000000000001 3.3187341019302665 3.3187341019302665 3.3187341019302665 1.853841227787868e-05 1.853841227787868e-05 1.853841227787868e-05 1 1 1 Converged Converged Converged OK OK OK 77 77 77 77 77 77 3 3 3 0 0 0 0 1 0 0 1
70 70 linear 4 15 704 2 0.0001 3.1050033231016565 0.00053559887471000211 0.0012402856138218829 -2.7762464621382095 -0.0023790063999829993 -2.7761709664921508 0.5 2.7778331125344251 3.3203943830262204 OK 13 12 0.47489999999999999 0.349354 0.15748599999999999 0.312249 0.17058400000000001 0 0.16265099999999999 0.17876999999999998 0.15748599999999999 0.0082850000000000007 0.0084209999999999997 0.0076270000000000001 0.12998200000000001 0.14652799999999999 0.12665200000000001 0.0042810000000000001 0.0042070000000000007 0.0041079999999999997 0.00079200000000000006 0.00077099999999999998 0.00076999999999999996 3.320392336933252 3.320392336933252 3.320392336933252 1.8547656391163107e-05 1.8547656391163107e-05 1.8547656391163107e-05 1 1 1 Converged Converged Converged OK OK OK 77 77 77 77 77 77 3 3 3 0 0 0 0 1 0 0 1
70 70 linear 4 23 704 3 0.0001 3.1050033231016565 0.00053559887471000211 0.0012402856138218829 -2.7762464621382095 -0.0023790063999829993 -2.7759984050154451 0.5 2.7776605510577195 3.3223983500155829 OK 13 12 0.58857199999999998 0.46127800000000002 0.15773799999999999 0.42613000000000001 0.28215000000000001 0 0.16244199999999998 0.17912800000000001 0.15773799999999999 0.008208 0.0082819999999999994 0.0076660000000000001 0.130491 0.14711700000000003 0.12701799999999994 0.0039619999999999994 0.004091 0.0039769999999999996 0.00078500000000000011 0.00078199999999999993 0.00076100000000000007 3.3223963156629055 3.3223963156629055 3.3223963156629055 1.8558039240557931e-05 1.8558039240557931e-05 1.8558039240557931e-05 1 1 1 Converged Converged Converged OK OK OK 77 77 77 77 77 77 3 3 3 0 0 0 0 1 0 0 1
70 70 uniform 0 0 705 0 0.001 3.1050033231016565 0.00053559887471000211 0.0012402856138218829 -2.781452545233646 -0.0039638643845505122 -2.7817006023564104 0 2.7833627483986847 11.658802354524491 OK 14 13 0.57691199999999998 0.57893799999999995 0.13756399999999999 0.43875599999999998 0.43995200000000001 0 0.138156 0.13898599999999994 0.13756399999999999 0.012234999999999999 0.012142 0.011612000000000001 0.098181999999999978 0.098842000000000013 0.098285000000000011 0.0034320000000000002 0.003591 0.0035369999999999998 0.00081300000000000014 0.000843 0.00080699999999999999 11.658801543312611 11.658801543312611 11.658801543312611 0.0041561639609033231 0.0041561639609033231 0.0041561639609033231 1 1 1 Converged Converged Converged OK OK OK 81 81 81 81 81 81 7 7 7 0 0 0 0 0 1 0 0
70 70 uniform 0 7 705 1 0.001 3.1050033231016565 0.00053559887471000211 0.0012402856138218829 -2.781452545233646 -0.0039638643845505122 -2.781549611064293 0 2.7832117571065673 11.787884652906683 OK 14 13 0.46107500000000001 0.32038800000000001 0.116647 0.338393 0.19716600000000001 0 0.12268200000000001 0.123222 0.116647 0.011198 0.011299999999999999 0.01044 0.092524000000000023 0.092996000000000037 0.087955999999999993 0.002928 0.0030470000000000002 0.0029820000000000003 0.00067200000000000007 0.00067499999999999993 0.00065099999999999999 11.787883519853295 11.787883519853295 11.787883519853295 0.0091435715577524949 0.0091435715577524949 0.0091435715577524949 1 1 1 Converged Converged Converged OK OK OK 73 73 73 73 73 73 7 7 7 0 0 0 0 1 0 0 1
70 70 uniform 0 15 705 2 0.001 3.1050033231016565 0.00053559887471000211 0.0012402856138218829 -2.781452545233646 -0.0039638643845505122 -2.7813770495875874 0 2.7830391956298617 11.792129588758971 OK 14 13 0.45994200000000002 0.32224999999999998 0.118918 0.33831899999999998 0.19214100000000001 0 0.12162300000000004 0.13010899999999997 0.118918 0.011270000000000001 0.011108 0.010362 0.09117500000000002 0.10005899999999998 0.090345000000000009 0.0031740000000000002 0.0030889999999999997 0.0029879999999999998 0.00066599999999999993 0.00068300000000000001 0.00065000000000000008 11.792128804149762 11.792128804149762 11.792128804149762 0.0084313779624915503 0.0084313779624915503 0.0084313779624915503 1 1 1 Converged Converged Converged OK OK OK 73 73 73 73 73 73 7 7 7 0 0 0 0 1 0 0 1
70 70 uniform 0 23 705 3 0.001 3.1050033231016565 0.00053559887471000211 0.0012402856138218829 -2.781452545233646 -0.0039638643845505122 -2.7812044881108817 0 2.782866634153156 11.643272266285093 OK 14 13 0.47043499999999999 0.339306 0.13225100000000001 0.33804299999999998 0.19921700000000001 0 0.13239200000000001 0.14008899999999999 0.13225100000000001 0.011282 0.011173000000000001 0.010434000000000001 0.099137000000000031 0.107492 0.10114300000000001 0.0036649999999999999 0.0035139999999999998 0.0033769999999999994 0.0008209999999999999 0.00083499999999999991 0.00081499999999999997 11.64327160651399 11.64327160651399 11.64327160651399 0.0041804474277186377 0.0041804474277186377 0.0041804474277186377 1 1 1 Converged Converged Converged OK OK OK 81 81 81 81 81 81 7 7 7 0 0 0 0 1 0 0 1
70 70 uniform 0 0 705 0 0.0001 3.1050033231016565 0.00053559887471000211 0.0012402856138218829 -2.781452545233646 -0.0039638643845505122 -2.7817006023564104 0 2.7833627483986847 11.658802354524491 OK 14 13 0.60038499999999995 0.59509900000000004 0.158162 0.44090600000000002 0.43634400000000001 0 0.15947899999999993 0.15875500000000003 0.158162 0.01208 0.012002000000000001 0.011586000000000001 0.11238100000000001 0.11215600000000002 0.11161399999999995 0.0043319999999999999 0.0043130000000000009 0.0044359999999999998 0.0011099999999999999 0.001111 0.0010790000000000001 11.658802109042961 11.658802109042961 11.658802109042961 0.00077743522876792955 0.00077743522876792955 0.00077743522876792955 1 1 1 Converged Converged Converged OK OK OK 97 97 97 97 97 97 7 7 7 0 0 0 0 0 1 0 0
70 70 uniform 0 7 705 1 0.0001 3.1050033231016565 0.00053559887471000211 0.0012402856138218829 -2.781452545233646 -0.0039638643845505122 -2.781549611064293 0 2.7832117571065673 11.787884652906683 OK 14 13 0.485649 0.35465200000000002 0.14380200000000001 0.34016000000000002 0.197245 0 0.14548899999999998 0.15740700000000002 0.14380200000000001 0.011113 0.011179 0.010467000000000001 0.10903599999999999 0.12124299999999998 0.10821000000000001 0.004261 0.0042060000000000005 0.0042619999999999993 0.001042 0.001085 0.001049 11.787884225130528 11.787884225130528 11.787884225130528 0.00084167490099821933 0.00084167490099821933 0.00084167490099821933 1 1 1 Converged Converged Converged OK OK OK 97 97 97 97 97 97 7 7 7 0 0 0 0 1 0 0 1
70 70 uniform 0 15 705 2 0.0001 3.1050033231016565 0.00053559887471000211 0.0012402856138218829 -2.781452545233646 -0.0039638643845505122 -2.7813770495875874 0 2.7830391956298617 11.792129588758971 OK 14 13 0.48709799999999998 0.35540699999999997 0.148703 0.33565899999999999 0.19512099999999999 0 0.15143899999999999 0.16028599999999998 0.148703 0.01116 0.011242 0.01072 0.11497600000000001 0.12383799999999999 0.11316500000000002 0.0041980000000000003 0.0041050000000000001 0.0041380000000000002 0.0010579999999999999 0.001059 0.0010549999999999999 11.792129155873287 11.792129155873287 11.792129155873287 0.00084709920902258497 0.00084709920902258497 0.00084709920902258497 1 1 1 Converged Converged Converged OK OK OK 97 97 97 97 97 97 7 7 7 0 0 0 0 1 0 0 1
70 70 uniform 0 23 705 3 0.0001 3.1050033231016565 0.00053559887471000211 0.0012402856138218829 -2.781452545233646 -0.0039638643845505122 -2.7812044881108817 0 2.782866634153156 11.643272266285093 OK 14 13 0.48636800000000002 0.36799799999999999 0.146538 0.33807799999999999 0.204619 0 0.14829000000000003 0.163379 0.146538 0.01108 0.011195 0.010425 0.11190199999999996 0.12620300000000004 0.11147000000000003 0.004213999999999999 0.0045509999999999995 0.0041930000000000005 0.001044 0.0010919999999999999 0.0010629999999999999 11.643272072573346 11.643272072573346 11.643272072573346 0.00078509621348943793 0.00078509621348943793 0.00078509621348943793 1 1 1 Converged Converged Converged OK OK OK 97 97 97 97 97 97 7 7 7 0 0 0 0 1 0 0 1
70 70 uniform 1 0 706 0 0.001 3.1050033231016565 0.00053559887471000211 0.0012402856138218829 -2.7822647094649455 -0.0044956614003650169 -2.7825127665877099 0 2.7841749126299842 7.2191358524586642 OK 13 12 0.531694 0.52753300000000003 0.11727600000000001 0.408225 0.40805000000000002 0 0.123469 0.11948300000000001 0.11727600000000001 0.0097689999999999999 0.0099139999999999992 0.0092130000000000007 0.088562000000000016 0.084043999999999994 0.083775000000000002 0.0037190000000000001 0.0037139999999999994 0.0035099999999999997 0.00099600000000000014 0.001077 0.00093400000000000015 7.2191246186053153 7.2191246186053153 7.2191246186053153 0.0064460170223927717 0.0064460170223927717 0.0064460170223927717 1 1 1 Converged Converged Converged OK OK OK 83 83 83 83 83 83 5 5 5 0 0 0 0 0 1 0 0
70 70 uniform 1 7 706 1 0.001 3.1050033231016565 0.00053559887471000211 0.0012402856138218829 -2.7822647094649455 -0.0044956614003650169 -2.7823617752955925 0 2.7840239213378668 8.1571722575201022 OK 13 12 0.50439400000000001 0.37651099999999998 0.12507599999999999 0.37650600000000001 0.234183 0 0.127888 0.14232799999999998 0.12507599999999999 0.0086650000000000008 0.0085570000000000004 0.0080820000000000006 0.096197999999999978 0.11194600000000003 0.095419000000000018 0.0042909999999999997 0.0039269999999999999 0.0040549999999999996 0.00096200000000000007 0.00097899999999999984 0.00096400000000000012 8.1569838742211829 8.1569838742211829 8.1569838742211829 0.0069137626243866348 0.0069137626243866348 0.0069137626243866348 1 1 1 Converged Converged Converged OK OK OK 91 91 91 91 91 91 5 5 5 0 0 0 0 1 0 0 1
70 70 uniform 1 15 706 2 0.001 3.1050033231016565 0.00053559887471000211 0.0012402856138218829 -2.7822647094649455 -0.0044956614003650169 -2.7821892138188868 0 2.7838513598611612 8.9496978301708232 OK 14 13 0.49348799999999998 0.34397899999999998 0.113164 0.38036799999999998 0.22861999999999999 0 0.11312 0.11535899999999999 0.113164 0.011332 0.01172 0.010684000000000001 0.08390800000000001 0.085525999999999991 0.084961000000000009 0.002869 0.0029059999999999997 0.0028549999999999999 0.00070300000000000007 0.00078399999999999997 0.00069000000000000008 8.9496993039047261 8.9496993039047261 8.9496993039047261 0.0057828841585656002 0.0057828841585656002 0.0057828841585656002 1 1 1 Converged Converged Converged OK OK OK 66 66 66 66 66 66 6 6 6 0 0 0 0 1 0 0 1
70 70 uniform 1 23 706 3 0.001 3.1050033231016565 0.00053559887471000211 0.0012402856138218829 -2.7822647094649455 -0.0044956614003650169 -2.7820166523421812 0 2.7836787983844555 9.5275339731535649 OK 14 13 0.77158700000000002 0.63512299999999999 0.13522000000000001 0.63421000000000005 0.489429 0 0.13737699999999997 0.14569399999999999 0.13522000000000001 0.011495999999999999 0.011376000000000001 0.010525 0.10447799999999999 0.11287899999999997 0.10379500000000001 0.0034299999999999999 0.0036090000000000002 0.0034449999999999997 0.00082799999999999996 0.00084800000000000001 0.00091699999999999995 9.5275370287497765 9.5275370287497765 9.5275370287497765 0.0040457835973095584 0.0040457835973095584 0.0040457835973095584 1 1 1 Converged Converged Converged OK OK OK 81 81 81 81 81 81 7 7 7 0 0 0 0 1 0 0 1
70 70 uniform 1 0 706 0 0.0001 3.1050033231016565 0.00053559887471000211 0.0012402856138218829 -2.7822647094649455 -0.0044956614003650169 -2.7825127665877099 0 2.7841749126299842 7.2191358524586642 OK 13 12 0.59686399999999995 0.59693799999999997 0.18376200000000001 0.412638 0.40943099999999999 0 0.18422599999999995 0.18750699999999998 0.18376200000000001 0.0094979999999999995 0.0099839999999999998 0.0095119999999999996 0.13140300000000005 0.132716 0.13137400000000002 0.0072710000000000006 0.0085090000000000009 0.0072219999999999993 0.0013830000000000001 0.001441 0.0014490000000000002 7.2191356799427933 7.2191356799427933 7.2191356799427933 0.00060595862607699534 0.00060595862607699534 0.00060595862607699534 1 1 1 Converged Converged Converged OK OK OK 139 139 139 139 139 139 5 5 5 0 0 0 0 0 1 0 0
70 70 uniform 1 7 706 1 0.0001 3.1050033231016565 0.00053559887471000211 0.0012402856138218829 -2.7822647094649455 -0.0044956614003650169 -2.7823617752955925 0 2.7840239213378668 8.1571722575201022 OK 13 12 0.61922500000000003 0.51027699999999998 0.235509 0.37654799999999999 0.24209700000000001 0 0.24267700000000003 0.26817999999999997 0.235509 0.0089689999999999995 0.0087740000000000005 0.0080529999999999994 0.182064 0.2081610000000001 0.17842700000000003 0.011684999999999999 0.011520000000000001 0.010638 0.0018049999999999997 0.0017289999999999999 0.001701 8.1571378581796044 8.1571378581796044 8.1571378581796044 0.00052596227269776676 0.00052596227269776676 0.00052596227269776676 1 1 1 Converged Converged Converged OK OK OK 187 187 187 187 187 187 5 5 5 0 0 0 0 1 0 0 1
70 70 uniform 1 15 706 2 0.0001 3.1050033231016565 0.00053559887471000211 0.0012402856138218829 -2.7822647094649455 -0.0044956614003650169 -2.7821892138188868 0 2.7838513598611612 8.9496978301708232 OK 14 13 0.55141300000000004 0.41395900000000002 0.170904 0.38194899999999998 0.231377 0 0.16946400000000006 0.18258200000000002 0.170904 0.011615 0.011762 0.010951000000000001 0.12708599999999998 0.13966499999999998 0.12963 0.0054669999999999996 0.0058950000000000001 0.0053990000000000002 0.0013810000000000001 0.001475 0.0013880000000000001 8.9496965557367858 8.9496965557367858 8.9496965557367858 0.00060115503955700267 0.00060115503955700267 0.00060115503955700267 1 1 1 Converged Converged Converged OK OK OK 106 106 106 106 106 106 6 6 6 0 0 0 0 1 0 0 1
70 70 uniform 1 23 706 3 0.0001 3.1050033231016565 0.00053559887471000211 0.0012402856138218829 -2.7822647094649455 -0.0044956614003650169 -2.7820166523421812 0 2.7836787983844555 9.5275339731535649 OK 14 13 0.78998500000000005 0.66098599999999996 0.15321699999999999 0.63517900000000005 0.49446499999999999 0 0.154806 0.16652099999999997 0.15321699999999999 0.011421000000000001 0.011847999999999999 0.010692999999999999 0.117358 0.12824500000000003 0.11682300000000004 0.0043049999999999998 0.0046559999999999995 0.004359 0.001204 0.001242 0.001178 9.5275331656274052 9.5275331656274052 9.5275331656274052 0.0008289246027155117 0.0008289246027155117 0.0008289246027155117 1 1 1 Converged Converged Converged OK OK OK 97 97 97 97 97 97 7 7 7 0 0 0 0 1 0 0 1
70 70 uniform 2 0 707 0 0.001 3.1050033231016565 0.00053559887471000211 0.0012402856138218829 -2.7829521174758765 -0.0044929734783433137 -2.7832001745986408 0 2.7848623206409151 3.7903249225327089 OK 13 12 0.38705299999999998 0.378637 0.057923000000000002 0.32832099999999997 0.31858199999999998 0 0.058732000000000006 0.060055000000000025 0.057923000000000002 0.0090539999999999995 0.0092809999999999993 0.0087950000000000007 0.036499999999999991 0.037339999999999998 0.036195999999999992 0.0018439999999999999 0.0019789999999999999 0.00183 0.000428 0.00043800000000000002 0.00041399999999999998 3.7903226868972633 3.7903226868972633 3.7903226868972633 0.0030842005551521595 0.0030842005551521595 0.0030842005551521595 1 1 1 Converged Converged Converged OK OK OK 37 37 37 37 37 37 3 3 3 0 0 0 0 0 1 0 0
70 70 uniform 2 7 707 1 0.001 3.1050033231016565 0.00053559887471000211 0.0012402856138218829 -2.7829521174758765 -0.0044929734783433137 -2.7830491833065234 0 2.7847113293487977 3.9672828508293181 OK 13 12 0.38994299999999998 0.24768599999999999 0.055979000000000001 0.33207599999999998 0.18518499999999999 0 0.057867000000000002 0.062501000000000001 0.055979000000000001 0.0082389999999999998 0.0083789999999999993 0.0077140000000000004 0.03781000000000001 0.042441 0.037109000000000003 0.0018459999999999998 0.001879 0.001768 0.00043500000000000006 0.00043500000000000006 0.00040999999999999999 3.9672805510480211 3.9672805510480211 3.9672805510480211 0.0031723573368749492 0.0031723573368749492 0.0031723573368749492 1 1 1 Converged Converged Converged OK OK OK 37 37 37 37 37 37 3 3 3 0 0 0 0 1 0 0 1
70 70 uniform 2 15 707 2 0.001 3.1050033231016565 0.00053559887471000211 0.0012402856138218829 -2.7829521174758765 -0.0044929734783433137 -2.7828766218298178 0 2.7845387678720921 4.2493475696827785 OK 13 12 0.39213599999999998 0.25639200000000001 0.058278000000000003 0.332146 0.19243399999999999 0 0.059989999999999988 0.063958000000000015 0.058278000000000003 0.0083110000000000007 0.0082360000000000003 0.0076569999999999997 0.039857999999999991 0.044172000000000003 0.039476999999999991 0.0018600000000000001 0.0019009999999999999 0.001771 0.000446 0.000417 0.00040799999999999994 4.2493454688380563 4.2493454688380563 4.2493454688380563 0.0031435100210641465 0.0031435100210641465 0.0031435100210641465 1 1 1 Converged Converged Converged OK OK OK 37 37 37 37 37 37 3 3 3 0 0 0 0 1 0 0 1
70 70 uniform 2 23 707 3 0.001 3.1050033231016565 0.00053559887471000211 0.0012402856138218829 -2.7829521174758765 -0.0044929734783433137 -2.7827040603531121 0 2.7843662063953865 5.2354318634415513 OK 13 12 0.62053700000000001 0.49868099999999999 0.21569199999999999 0.39895000000000003 0.26120900000000002 0 0.22158699999999998 0.23747199999999996 0.21569199999999999 0.0089169999999999996 0.0088310000000000003 0.0082430000000000003 0.16014900000000001 0.17957300000000001 0.15985600000000003 0.014631000000000002 0.015538999999999999 0.014433999999999999 0.0010350000000000001 0.00099299999999999996 0.00093300000000000002 5.2343643039287562 5.2343643039287562 5.2343643039287562 0.0040057428392745271 0.0040057428392745271 0.0040057428392745271 1 1 1 Converged Converged Converged OK OK OK 163 163 163 163 163 163 5 5 5 0 0 0 0 1 0 0 1
70 70 uniform 2 0 707 0 0.0001 3.1050033231016565 0.00053559887471000211 0.0012402856138218829 -2.7829521174758765 -0.0044929734783433137 -2.7832001745986408 0 2.7848623206409151 3.7903249225327089 OK 13 12 0.43783100000000003 0.43333100000000002 0.11330999999999999 0.32338600000000001 0.32032500000000003 0 0.11444500000000002 0.113006 0.11330999999999999 0.0089490000000000004 0.0088470000000000007 0.0087760000000000008 0.077604000000000034 0.076878999999999989 0.076475000000000001 0.0040509999999999999 0.0040289999999999996 0.004052 0.00082700000000000004 0.0007809999999999999 0.00083100000000000003 3.7903246127830026 3.7903246127830026 3.7903246127830026 3.8941132567304672e-06 3.8941132567304672e-06 3.8941132567304672e-06 1 1 1 Converged Converged Converged OK OK OK 77 77 77 77 77 77 3 3 3 0 0 0 0 0 1 0 0
70 70 uniform 2 7 707 1 0.0001 3.1050033231016565 0.00053559887471000211 0.0012402856138218829 -2.7829521174758765 -0.0044929734783433137 -2.7830491833065234 0 2.7847113293487977 3.9672828508293181 OK 13 12 0.438386 0.32058399999999998 0.107838 0.32888800000000001 0.186192 0 0.10949799999999998 0.13439199999999998 0.107838 0.0084180000000000001 0.0084740000000000006 0.0077530000000000003 0.076802000000000009 0.10163199999999997 0.076587999999999976 0.0039420000000000002 0.0040409999999999995 0.0040169999999999997 0.00077399999999999995 0.00077300000000000003 0.00075100000000000015 3.9672824495232013 3.9672824495232013 3.9672824495232013 4.0260408254203099e-06 4.0260408254203099e-06 4.0260408254203099e-06 1 1 1 Converged Converged Converged OK OK OK 77 77 77 77 77 77 3 3 3 0 0 0 0 1 0 0 1
70 70 uniform 2 15 707 2 0.0001 3.1050033231016565 0.00053559887471000211 0.0012402856138218829 -2.7829521174758765 -0.0044929734783433137 -2.7828766218298178 0 2.7845387678720921 4.2493475696827785 OK 13 12 0.44920900000000002 0.32592100000000002 0.111953 0.33022299999999999 0.190218 0 0.11898600000000004 0.13570300000000002 0.111953 0.0082880000000000002 0.0083859999999999994 0.0077460000000000003 0.082035000000000038 0.10309999999999998 0.080630000000000035 0.0040559999999999997 0.0040070000000000001 0.003947 0.00073999999999999999 0.00075299999999999998 0.00072800000000000002 4.249347158449444 4.249347158449444 4.249347158449444 4.3231455627617707e-06 4.3231455627617707e-06 4.3231455627617707e-06 1 1 1 Converged Converged Converged OK OK OK 77 77 77 77 77 77 3 3 3 0 0 0 0 1 0 0 1
70 70 uniform 2 23 707 3 0.0001 3.1050033231016565 0.00053559887471000211 0.0012402856138218829 -2.7829521174758765 -0.0044929734783433137 -2.7827040603531121 0 2.7843662063953865 5.2354318634415513 OK 13 12 0.68622399999999995 0.58672199999999997 0.28110800000000002 0.40311900000000001 0.26406400000000002 0 0.28310499999999994 0.32265799999999994 0.28110800000000002 0.0090729999999999995 0.0090460000000000002 0.0083350000000000004 0.20694400000000016 0.24467399999999992 0.20643300000000001 0.017003999999999998 0.018600000000000002 0.016785999999999999 0.0015139999999999999 0.0015379999999999999 0.0014969999999999998 5.2354478114165204 5.2354478114165204 5.2354478114165204 0.00047247224619981594 0.00047247224619981594 0.00047247224619981594 1 1 1 Converged Converged Converged OK OK OK 211 211 211 211 211 211 5 5 5 0 0 0 0 1 0 0 1
70 70 uniform 3 0 708 0 0.001 3.1050033231016565 0.00053559887471000211 0.0012402856138218829 -2.7791848308351552 -0.0037028249001149604 -2.7794328879579195 0 2.7810950340001939 3.5433890756142974 OK 13 12 0.39195099999999999 0.38956400000000002 0.064560000000000006 0.32366800000000001 0.32441300000000001 0 0.068282999999999983 0.065151000000000014 0.064560000000000006 0.0088260000000000005 0.0090209999999999995 0.0086549999999999995 0.043350000000000014 0.043392999999999994 0.043267000000000007 0.001794 0.0017470000000000001 0.0016999999999999999 0.00045599999999999997 0.00047099999999999996 0.00042199999999999996 3.5433870938238967 3.5433870938238967 3.5433870938238967 0.0029032348440813454 0.0029032348440813454 0.0029032348440813454 1 1 1 Converged Converged Converged OK OK OK 37 37 37 37 37 37 3 3 3 0 0 0 0 0 1 0 0
70 70 uniform 3 7 708 1 0.001 3.1050033231016565 0.00053559887471000211 0.0012402856138218829 -2.7791848308351552 -0.0037028249001149604 -2.7792818966658022 0 2.7809440427080765 3.4653517644183034 OK 13 12 0.37458900000000001 0.24210000000000001 0.057855999999999998 0.315498 0.17455399999999999 0 0.059091000000000005 0.067546000000000023 0.057855999999999998 0.0081709999999999994 0.0082799999999999992 0.0076860000000000001 0.039341999999999995 0.048056999999999982 0.039303999999999992 0.001781 0.0017529999999999998 0.0016850000000000001 0.00043199999999999998 0.00044199999999999996 0.00042299999999999998 3.4653498110057481 3.4653498110057481 3.4653498110057481 0.0028448279267272005 0.0028448279267272005 0.0028448279267272005 1 1 1 Converged Converged Converged OK OK OK 37 37 37 37 37 37 3 3 3 0 0 0 0 1 0 0 1
70 70 uniform 3 15 708 2 0.001 3.1050033231016565 0.00053559887471000211 0.0012402856138218829 -2.7791848308351552 -0.0037028249001149604 -2.7791093351890965 0 2.7807714812313709 3.3875256592383018 OK 13 12 0.378278 0.24648500000000001 0.062770000000000006 0.31410500000000002 0.172762 0 0.06417299999999998 0.073723000000000011 0.062770000000000006 0.0082170000000000003 0.0082140000000000008 0.007731 0.044425999999999993 0.05402400000000001 0.044079999999999994 0.0018049999999999997 0.001846 0.0017829999999999999 0.00043200000000000004 0.00043300000000000001 0.000417 3.387523717951316 3.387523717951316 3.387523717951316 0.0027862823958017613 0.0027862823958017613 0.0027862823958017613 1 1 1 Converged Converged Converged OK OK OK 37 37 37 37 37 37 3 3 3 0 0 0 0 1 0 0 1
70 70 uniform 3 23 708 3 0.001 3.1050033231016565 0.00053559887471000211 0.0012402856138218829 -2.7791848308351552 -0.0037028249001149604 -2.7789367737123909 0 2.7805989197546652 3.319474218441655 OK 13 12 0.38075399999999998 0.24632299999999999 0.060946 0.31826599999999999 0.175624 0 0.062487999999999988 0.070698999999999984 0.060946 0.0081689999999999992 0.0082620000000000002 0.0076829999999999997 0.042614000000000006 0.051137999999999982 0.042347000000000003 0.0018039999999999998 0.0017420000000000001 0.0016980000000000001 0.00042800000000000005 0.00044400000000000006 0.000415 3.3194722961234548 3.3194722961234548 3.3194722961234548 0.0027354774003270736 0.0027354774003270736 0.0027354774003270736 1 1 1 Converged Converged Converged OK OK OK 37 37 37 37 37 37 3 3 3 0 0 0 0 1 0 0 1
70 70 uniform 3 0 708 0 0.0001 3.1050033231016565 0.00053559887471000211 0.0012402856138218829 -2.7791848308351552 -0.0037028249001149604 -2.7794328879579195 0 2.7810950340001939 3.5433890756142974 OK 13 12 0.44545400000000002 0.450849 0.120738 0.32341599999999998 0.32890799999999998 0 0.12203800000000004 0.12194100000000002 0.120738 0.0090849999999999993 0.0091470000000000006 0.0086379999999999998 0.085347999999999993 0.085478999999999986 0.085085999999999981 0.0039159999999999993 0.0039059999999999997 0.0038170000000000001 0.00080099999999999995 0.00082400000000000008 0.00077699999999999991 3.5433890222388946 3.5433890222388946 3.5433890222388946 3.8635736297993938e-06 3.8635736297993938e-06 3.8635736297993938e-06 1 1 1 Converged Converged Converged OK OK OK 77 77 77 77 77 77 3 3 3 0 0 0 0 0 1 0 0
70 70 uniform 3 7 708 1 0.0001 3.1050033231016565 0.00053559887471000211 0.0012402856138218829 -2.7791848308351552 -0.0037028249001149604 -2.7792818966658022 0 2.7809440427080765 3.4653517644183034 OK 13 12 0.42864000000000002 0.30756499999999998 0.11045099999999999 0.31394300000000003 0.17628099999999999 0 0.11469699999999999 0.13128399999999998 0.11045099999999999 0.0082319999999999997 0.0081510000000000003 0.0077470000000000004 0.082724999999999979 0.09974899999999999 0.079553000000000026 0.0038539999999999998 0.003823 0.0038250000000000003 0.00082899999999999998 0.00078600000000000002 0.00075999999999999993 3.465351738163581 3.465351738163581 3.465351738163581 3.8621849250934433e-06 3.8621849250934433e-06 3.8621849250934433e-06 1 1 1 Converged Converged Converged OK OK OK 77 77 77 77 77 77 3 3 3 0 0 0 0 1 0 0 1
70 70 uniform 3 15 708 2 0.0001 3.1050033231016565 0.00053559887471000211 0.0012402856138218829 -2.7791848308351552 -0.0037028249001149604 -2.7791093351890965 0 2.7807714812313709 3.3875256592383018 OK 13 12 0.43244899999999997 0.30959100000000001 0.116184 0.31470999999999999 0.17457600000000001 0 0.11773899999999998 0.135015 0.116184 0.008201 0.0082120000000000005 0.0077299999999999999 0.085947999999999983 0.10306299999999999 0.085482000000000002 0.0038809999999999999 0.003967 0.0038839999999999999 0.0007890000000000001 0.00078700000000000005 0.00075300000000000009 3.3875256438728334 3.3875256438728334 3.3875256438728334 3.86266841187384e-06 3.86266841187384e-06 3.86266841187384e-06 1 1 1 Converged Converged Converged OK OK OK 77 77 77 77 77 77 3 3 3 0 0 0 0 1 0 0 1
70 70 uniform 3 23 708 3 0.0001 3.1050033231016565 0.00053559887471000211 0.0012402856138218829 -2.7791848308351552 -0.0037028249001149604 -2.7789367737123909 0 2.7805989197546652 3.319474218441655 OK 13 12 0.43570700000000001 0.31697999999999998 0.11612699999999999 0.31801299999999999 0.17720900000000001 0 0.11769400000000002 0.13977099999999998 0.11612699999999999 0.0082389999999999998 0.0081779999999999995 0.0076940000000000003 0.085845999999999992 0.10820399999999998 0.085342000000000001 0.0038839999999999999 0.0038890000000000001 0.0038110000000000002 0.0007899999999999999 0.00078800000000000007 0.00075799999999999999 3.3194742211541808 3.3194742211541808 3.3194742211541808 3.8624798767303145e-06 3.8624798767303145e-06 3.8624798767303145e-06 1 1 1 Converged Converged Converged OK OK OK 77 77 77 77 77 77 3 3 3 0 0 0 0 1 0 0 1
70 70 uniform 4 0 709 0 0.001 3.1050033231016565 0.00053559887471000211 0.0012402856138218829 -2.7762464621382095 -0.0023790063999829993 -2.7764945192609738 0 2.7781566653032481 3.3241501185627205 OK 13 12 0.39621299999999998 0.39747700000000002 0.077632999999999994 0.31744699999999998 0.31967499999999999 0 0.078766000000000003 0.077802000000000038 0.077632999999999994 0.0089639999999999997 0.0087760000000000008 0.008744 0.056728999999999988 0.056551999999999991 0.056225999999999984 0.001833 0.0017770000000000002 0.0017279999999999999 0.00043699999999999994 0.00043900000000000005 0.00042099999999999999 3.3241480803126202 3.3241480803126202 3.3241480803126202 0.0028123378563139228 0.0028123378563139228 0.0028123378563139228 1 1 1 Converged Converged Converged OK OK OK 37 37 37 37 37 37 3 3 3 0 0 0 0 0 1 0 0
70 70 uniform 4 7 709 1 0.001 3.1050033231016565 0.00053559887471000211 0.0012402856138218829 -2.7762464621382095 -0.0023790063999829993 -2.7763435279688564 0 2.7780056740111307 3.3253073595885225 OK 13 12 0.38734600000000002 0.25547199999999998 0.074540999999999996 0.314253 0.173931 0 0.073093000000000019 0.081540999999999975 0.074540999999999996 0.0081919999999999996 0.0082609999999999992 0.0078589999999999997 0.053263999999999992 0.062070999999999987 0.055370999999999983 0.001761 0.001735 0.001755 0.00043599999999999997 0.00042899999999999997 0.000428 3.3253053136235473 3.3253053136235473 3.3253053136235473 0.0028201872290459112 0.0028201872290459112 0.0028201872290459112 1 1 1 Converged Converged Converged OK OK OK 37 37 37 37 37 37 3 3 3 0 0 0 0 1 0 0 1
70 70 uniform 4 15 709 2 0.001 3.1050033231016565 0.00053559887471000211 0.0012402856138218829 -2.7762464621382095 -0.0023790063999829993 -2.7761709664921508 0 2.7778331125344251 3.3271882607767496 OK 13 12 0.38196799999999997 0.24560499999999999 0.067714999999999997 0.31276599999999999 0.168243 0 0.069201999999999986 0.077361999999999986 0.067714999999999997 0.0082059999999999998 0.0081189999999999995 0.0075919999999999998 0.049436000000000008 0.058021000000000017 0.049149999999999985 0.0017959999999999999 0.0017910000000000001 0.001745 0.00043100000000000001 0.00043199999999999998 0.00042299999999999998 3.3271862106801517 3.3271862106801517 3.3271862106801517 0.0028305657297746085 0.0028305657297746085 0.0028305657297746085 1 1 1 Converged Converged Converged OK OK OK 37 37 37 37 37 37 3 3 3 0 0 0 0 1 0 0 1
70 70 uniform 4 23 709 3 0.001 3.1050033231016565 0.00053559887471000211 0.0012402856138218829 -2.7762464621382095 -0.0023790063999829993 -2.7759984050154451 0 2.7776605510577195 3.3293975315359829 OK 13 12 0.49016100000000001 0.36572399999999999 0.06905 0.419572 0.28669299999999998 0 0.070589000000000013 0.079031000000000018 0.06905 0.0080839999999999992 0.0082150000000000001 0.0076080000000000002 0.051140000000000012 0.059694000000000004 0.050560000000000001 0.0017769999999999999 0.001807 0.0017420000000000001 0.00045100000000000001 0.00043199999999999998 0.00042400000000000001 3.329395478260599 3.329395478260599 3.329395478260599 0.0028423421312133929 0.0028423421312133929 0.0028423421312133929 1 1 1 Converged Converged Converged OK OK OK 37 37 37 37 37 37 3 3 3 0 0 0 0 1 0 0 1
70 70 uniform 4 0 709 0 0.0001 3.1050033231016565 0.00053559887471000211 0.0012402856138218829 -2.7762464621382095 -0.0023790063999829993 -2.7764945192609738 0 2.7781566653032481 3.3241501185627205 OK 13 12 0.42489500000000002 0.42596200000000001 0.109681 0.31423600000000002 0.31559999999999999 0 0.11065900000000001 0.11036200000000002 0.109681 0.008881 0.008914 0.0086060000000000008 0.080376000000000017 0.080447999999999964 0.079944999999999988 0.0030020000000000003 0.002996 0.0030300000000000001 0.00068800000000000003 0.00069899999999999997 0.00067299999999999999 3.3241500183307733 3.3241500183307733 3.3241500183307733 0.00027931829763700551 0.00027931829763700551 0.00027931829763700551 1 1 1 Converged Converged Converged OK OK OK 61 61 61 61 61 61 3 3 3 0 0 0 0 0 1 0 0
70 70 uniform 4 7 709 1 0.0001 3.1050033231016565 0.00053559887471000211 0.0012402856138218829 -2.7762464621382095 -0.0023790063999829993 -2.7763435279688564 0 2.7780056740111307 3.3253073595885225 OK 13 12 0.41678100000000001 0.298427 0.10115200000000001 0.31423200000000001 0.17877199999999999 0 0.102549 0.11965500000000001 0.10115200000000001 0.0081429999999999992 0.0083470000000000003 0.0076959999999999997 0.075624999999999956 0.092662999999999995 0.075197000000000028 0.0030379999999999999 0.00298 0.002947 0.00067600000000000006 0.00066500000000000001 0.00065700000000000003 3.3253072528750538 3.3253072528750538 3.3253072528750538 0.00026913957239478505 0.00026913957239478505 0.00026913957239478505 1 1 1 Converged Converged Converged OK OK OK 61 61 61 61 61 61 3 3 3 0 0 0 0 1 0 0 1
70 70 uniform 4 15 709 2 0.0001 3.1050033231016565 0.00053559887471000211 0.0012402856138218829 -2.7762464621382095 -0.0023790063999829993 -2.7761709664921508 0 2.7778331125344251 3.3271882607767496 OK 13 12 0.40908499999999998 0.28780899999999998 0.097210000000000005 0.31035499999999999 0.16636899999999999 0 0.098729999999999984 0.12143999999999999 0.097210000000000005 0.0082129999999999998 0.0082319999999999997 0.0075909999999999997 0.071712999999999999 0.094688999999999982 0.071436999999999987 0.0029790000000000003 0.0030590000000000001 0.0030510000000000003 0.00068500000000000006 0.00068400000000000004 0.00064899999999999995 3.3271881514195334 3.3271881514195334 3.3271881514195334 0.00025819347570720641 0.00025819347570720641 0.00025819347570720641 1 1 1 Converged Converged Converged OK OK OK 61 61 61 61 61 61 3 3 3 0 0 0 0 1 0 0 1
70 70 uniform 4 23 709 3 0.0001 3.1050033231016565 0.00053559887471000211 0.0012402856138218829 -2.7762464621382095 -0.0023790063999829993 -2.7759984050154451 0 2.7776605510577195 3.3293975315359829 OK 13 12 0.52496399999999999 0.40191500000000002 0.099469000000000002 0.42400399999999999 0.28158699999999998 0 0.10095999999999999 0.12032800000000005 0.099469000000000002 0.0082260000000000007 0.0082719999999999998 0.0076470000000000002 0.074026999999999968 0.093445000000000014 0.073672999999999988 0.0030379999999999999 0.0030790000000000001 0.0029849999999999998 0.00068900000000000005 0.00068000000000000005 0.00065400000000000007 3.3293974205324304 3.3293974205324304 3.3293974205324304 0.00024792128770623098 0.00024792128770623098 0.00024792128770623098 1 1 1 Converged Converged Converged OK OK OK 61 61 61 61 61 61 3 3 3 0 0 0 0 1 0 0 1
71 71 linear 0 0 710 0 0.001 0.31490864013845676 0.89231381664423004 0.0034095685586602439 0.16157498567635917 -3.0011135793432544 0.16089307196462713 0.5 -0.012399028268163192 2.7754599668789188 OK 13 12 0.47789999999999999 0.47437800000000002 0.14265900000000001 0.33295000000000002 0.32947799999999999 0 0.14494999999999997 0.14490000000000003 0.14265900000000001 0.010572 0.010832 0.010215999999999999 0.11054500000000003 0.109858 0.109167 0.003209 0.0034390000000000002 0.0032190000000000001 0.00089800000000000014 0.001047 0.00088400000000000002 2.7754702400820119 2.7754702400820119 2.7754702400820119 0.0021978946318797431 0.0021978946318797431 0.0021978946318797431 1 1 1 Converged Converged Converged OK OK OK 74 74 74 74 74 74 6 6 6 0 0 0 0 0 1 0 0
71 71 linear 0 7 710 1 0.001 0.31490864013845676 0.89231381664423004 0.0034095685586602439 0.16157498567635917 -3.0011135793432544 0.16130814987611619 0.5 -0.012814106179652257 2.8751291388131426 OK 13 12 0.48325600000000002 0.46613199999999999 0.13780400000000001 0.33906799999999998 0.213973 0 0.14418800000000004 0.25215900000000002 0.13780400000000001 0.0095899999999999996 0.0096170000000000005 0.0091760000000000001 0.11321699999999997 0.22466 0.11072500000000002 0.0031900000000000001 0.003045 0.0031470000000000001 0.0008879999999999999 0.00085299999999999992 0.00084599999999999996 2.8751237493962454 2.8751237493962454 2.8751237493962454 0.0026146737417486986 0.0026146737417486986 0.0026146737417486986 1 1 1 Converged Converged Converged OK OK OK 74 74 74 74 74 74 6 6 6 0 0 0 0 1 0 0 1
71 71 linear 0 15 710 2 0.001 0.31490864013845676 0.89231381664423004 0.0034095685586602439 0.16157498567635917 -3.0011135793432544 0.16178252463210371 0.5 -0.013288480935639779 2.9481662876298143 OK 13 12 0.50626300000000002 0.52874399999999999 0.170324 0.33221699999999998 0.21498500000000001 0 0.17404600000000003 0.31375900000000001 0.170324 0.0095130000000000006 0.0096989999999999993 0.0090489999999999998 0.13869200000000007 0.27771399999999996 0.13612799999999994 0.0039950000000000003 0.0042919999999999998 0.0040130000000000001 0.0010460000000000001 0.001114 0.0010530000000000001 2.9481659044590312 2.9481659044590312 2.9481659044590312 0.001729833934084578 0.001729833934084578 0.001729833934084578 1 1 1 Converged Converged Converged OK OK OK 90 90 90 90 90 90 6 6 6 0 0 0 0 1 0 0 1
71 71 linear 0 23 710 3 0.001 0.31490864013845676 0.89231381664423004 0.0034095685586602439 0.16157498567635917 -3.0011135793432544 0.16225689938809121 0.5 -0.013762855691627274 2.9781421794364871 OK 13 12 0.536852 0.55809699999999995 0.185581 0.34997099999999998 0.21729899999999999 0 0.18688100000000002 0.34079799999999993 0.185581 0.0095289999999999993 0.0095759999999999994 0.0091090000000000008 0.15399700000000008 0.30799499999999996 0.15349299999999996 0.0039680000000000002 0.0040750000000000005 0.0039379999999999997 0.00092800000000000001 0.00097299999999999991 0.00099500000000000001 2.9780784868200363 2.9780784868200363 2.9780784868200363 0.0015917889579711538 0.0015917889579711538 0.0015917889579711538 1 1 1 Converged Converged Converged OK OK OK 90 90 90 90 90 90 6 6 6 0 0 0 0 1 0 0 1
71 71 linear 0 0 710 0 0.0001 0.31490864013845676 0.89231381664423004 0.0034095685586602439 0.16157498567635917 -3.0011135793432544 0.16089307196462713 0.5 -0.012399028268163192 2.7754599668789188 OK 13 12 0.51866800000000002 0.51696399999999998 0.18754199999999999 0.32786399999999999 0.32559100000000002 0 0.19080400000000003 0.19137299999999996 0.18754199999999999 0.010580000000000001 0.010593 0.010244 0.14760600000000004 0.14860700000000002 0.14512799999999995 0.0043639999999999998 0.0043130000000000009 0.0044159999999999989 0.0012059999999999998 0.001137 0.0011640000000000001 2.7754702420808885 2.7754702420808885 2.7754702420808885 0.00026619991146463527 0.00026619991146463527 0.00026619991146463527 1 1 1 Converged Converged Converged OK OK OK 98 98 98 98 98 98 6 6 6 0 0 0 0 0 1 0 0
71 71 linear 0 7 710 1 0.0001 0.31490864013845676 0.89231381664423004 0.0034095685586602439 0.16157498567635917 -3.0011135793432544 0.16130814987611619 0.5 -0.012814106179652257 2.8751291388131426 OK 13 12 0.52324199999999998 0.56398099999999995 0.17832000000000001 0.34452500000000003 0.21388599999999999 0 0.17871699999999996 0.35009499999999993 0.17832000000000001 0.0095689999999999994 0.0099120000000000007 0.0091439999999999994 0.14445299999999997 0.31438999999999989 0.14519099999999996 0.0040690000000000006 0.0048710000000000003 0.0041289999999999999 0.0010790000000000001 0.0011480000000000001 0.0010920000000000001 2.8751237569159231 2.8751237569159231 2.8751237569159231 0.00023626541441824138 0.00023626541441824138 0.00023626541441824138 1 1 1 Converged Converged Converged OK OK OK 98 98 98 98 98 98 6 6 6 0 0 0 0 1 0 0 1
71 71 linear 0 15 710 2 0.0001 0.31490864013845676 0.89231381664423004 0.0034095685586602439 0.16157498567635917 -3.0011135793432544 0.16178252463210371 0.5 -0.013288480935639779 2.9481662876298143 OK 13 12 0.51913799999999999 0.55111399999999999 0.184914 0.330289 0.21534 0 0.18884899999999999 0.33577400000000002 0.184914 0.0095809999999999992 0.0097560000000000008 0.0090980000000000002 0.15450699999999992 0.30027200000000004 0.151536 0.0041530000000000004 0.0047050000000000008 0.0042579999999999996 0.0010999999999999998 0.0011379999999999999 0.0010870000000000001 2.9481659247038006 2.9481659247038006 2.9481659247038006 0.0002130826973895138 0.0002130826973895138 0.0002130826973895138 1 1 1 Converged Converged Converged OK OK OK 98 98 98 98 98 98 6 6 6 0 0 0 0 1 0 0 1
71 71 linear 0 23 710 3 0.0001 0.31490864013845676 0.89231381664423004 0.0034095685586602439 0.16157498567635917 -3.0011135793432544 0.16225689938809121 0.5 -0.013762855691627274 2.9781421794364871 OK 13 12 0.54499500000000001 0.56524399999999997 0.19140199999999999 0.349049 0.21574399999999999 0 0.19594600000000001 0.34949999999999998 0.19140199999999999 0.0097070000000000004 0.0097929999999999996 0.0089960000000000005 0.16163999999999998 0.31430699999999989 0.15848499999999996 0.0042890000000000003 0.0047090000000000005 0.0042079999999999999 0.0010570000000000002 0.0011199999999999999 0.0010759999999999999 2.9780790709319573 2.9780790709319573 2.9780790709319573 0.00019710936044722301 0.00019710936044722301 0.00019710936044722301 1 1 1 Converged Converged Converged OK OK OK 98 98 98 98 98 98 6 6 6 0 0 0 0 1 0 0 1
71 71 linear 1 0 711 0 0.001 0.31490864013845676 0.89231381664423004 0.0034095685586602439 0.17204484369629419 -3.0206106106420667 0.17136292998456215 0.5 -0.022868886288098217 2.2987309176696056 OK 13 12 0.49873600000000001 0.503745 0.16709199999999999 0.32897799999999999 0.33406799999999998 0 0.16975800000000002 0.16967700000000002 0.16709199999999999 0.010881 0.01108 0.010455000000000001 0.13242899999999999 0.13096899999999995 0.13005099999999994 0.0035019999999999999 0.0040200000000000001 0.0036740000000000002 0.00084099999999999995 0.00094499999999999988 0.00087799999999999998 2.2987411923893353 2.2987411923893353 2.2987411923893353 0.0011016706582609797 0.0011016706582609797 0.0011016706582609797 1 1 1 Converged Converged Converged OK OK OK 82 82 82 82 82 82 6 6 6 0 0 0 0 0 1 0 0
71 71 linear 1 7 711 1 0.001 0.31490864013845676 0.89231381664423004 0.0034095685586602439 0.17204484369629419 -3.0206106106420667 0.17177800789605122 0.5 -0.023283964199587281 2.3389905554558843 OK 13 12 0.51663300000000001 0.51120399999999999 0.17726800000000001 0.33617000000000002 0.20807899999999999 0 0.18046299999999998 0.30312499999999998 0.17726800000000001 0.0096939999999999995 0.0097380000000000001 0.0090749999999999997 0.14936599999999997 0.271785 0.14726599999999998 0.0035330000000000001 0.0035609999999999999 0.0037109999999999999 0.00085500000000000007 0.00086200000000000003 0.00087100000000000003 2.3389974242141003 2.3389974242141003 2.3389974242141003 0.001017110346140481 0.001017110346140481 0.001017110346140481 1 1 1 Converged Converged Converged OK OK OK 82 82 82 82 82 82 6 6 6 0 0 0 0 1 0 0 1
71 71 linear 1 15 711 2 0.001 0.31490864013845676 0.89231381664423004 0.0034095685586602439 0.17204484369629419 -3.0206106106420667 0.17225238265203874 0.5 -0.023758338955574804 2.3686390987807928 OK 13 12 0.50978999999999997 0.50111600000000001 0.163658 0.342387 0.21806300000000001 0 0.16740299999999997 0.283053 0.163658 0.0096439999999999998 0.0095759999999999994 0.0090919999999999994 0.13634199999999996 0.25125599999999998 0.13347700000000001 0.0035570000000000003 0.003973 0.003669 0.00085300000000000003 0.00091200000000000005 0.00083100000000000003 2.3686424444209031 2.3686424444209031 2.3686424444209031 0.00095427952443397025 0.00095427952443397025 0.00095427952443397025 1 1 1 Converged Converged Converged OK OK OK 82 82 82 82 82 82 6 6 6 0 0 0 0 1 0 0 1
71 71 linear 1 23 711 3 0.001 0.31490864013845676 0.89231381664423004 0.0034095685586602439 0.17204484369629419 -3.0206106106420667 0.17272675740802623 0.5 -0.024232713711562298 2.3831166437039482 OK 13 12 0.495064 0.49592399999999998 0.168458 0.32314900000000002 0.20186299999999999 0 0.17191499999999998 0.29406100000000002 0.168458 0.0096939999999999995 0.0096170000000000005 0.0091479999999999999 0.14084300000000002 0.26234599999999997 0.13873600000000008 0.0035419999999999996 0.0038440000000000002 0.0035270000000000002 0.00083000000000000012 0.00098399999999999985 0.00081599999999999999 2.3831205956561523 2.3831205956561523 2.3831205956561523 0.00092725117648637372 0.00092725117648637372 0.00092725117648637372 1 1 1 Converged Converged Converged OK OK OK 82 82 82 82 82 82 6 6 6 0 0 0 0 1 0 0 1
71 71 linear 1 0 711 0 0.0001 0.31490864013845676 0.89231381664423004 0.0034095685586602439 0.17204484369629419 -3.0206106106420667 0.17136292998456215 0.5 -0.022868886288098217 2.2987309176696056 OK 13 12 0.57422600000000001 0.57095600000000002 0.23744799999999999 0.328986 0.33254600000000001 0 0.24524000000000001 0.23841000000000001 0.23744799999999999 0.013766 0.010921 0.010409 0.18953099999999998 0.18643700000000002 0.18617599999999995 0.0058700000000000002 0.0055779999999999996 0.0055640000000000004 0.0013359999999999999 0.0013500000000000003 0.001307 2.2987410836352189 2.2987410836352189 2.2987410836352189 0.00011524207441384782 0.00011524207441384782 0.00011524207441384782 1 1 1 Converged Converged Converged OK OK OK 122 122 122 122 122 122 6 6 6 0 0 0 0 0 1 0 0
71 71 linear 1 7 711 1 0.0001 0.31490864013845676 0.89231381664423004 0.0034095685586602439 0.17204484369629419 -3.0206106106420667 0.17177800789605122 0.5 -0.023283964199587281 2.3389905554558843 OK 13 12 0.58990699999999996 0.61898799999999998 0.24765499999999999 0.33449699999999999 0.207843 0 0.25540999999999997 0.41114499999999998 0.24765499999999999 0.009502 0.0095860000000000008 0.0090790000000000003 0.21597599999999995 0.37039099999999991 0.20900000000000002 0.0050700000000000007 0.0057390000000000002 0.0051910000000000003 0.0012909999999999998 0.0013139999999999998 0.001294 2.3389973366585268 2.3389973366585268 2.3389973366585268 0.00013212096209882962 0.00013212096209882962 0.00013212096209882962 1 1 1 Converged Converged Converged OK OK OK 114 114 114 114 114 114 6 6 6 0 0 0 0 1 0 0 1
71 71 linear 1 15 711 2 0.0001 0.31490864013845676 0.89231381664423004 0.0034095685586602439 0.17204484369629419 -3.0206106106420667 0.17225238265203874 0.5 -0.023758338955574804 2.3686390987807928 OK 13 12 0.58330000000000004 0.59040599999999999 0.22939899999999999 0.34883799999999998 0.220803 0 0.23446200000000006 0.36960300000000001 0.22939899999999999 0.0095519999999999997 0.0095610000000000001 0.0090390000000000002 0.19482200000000002 0.3295300000000001 0.19121200000000008 0.0052449999999999997 0.0056360000000000004 0.0051069999999999996 0.0012100000000000001 0.0012470000000000003 0.0012260000000000001 2.3686423838492634 2.3686423838492634 2.3686423838492634 0.00010752914734785823 0.00010752914734785823 0.00010752914734785823 1 1 1 Converged Converged Converged OK OK OK 114 114 114 114 114 114 6 6 6 0 0 0 0 1 0 0 1
71 71 linear 1 23 711 3 0.0001 0.31490864013845676 0.89231381664423004 0.0034095685586602439 0.17204484369629419 -3.0206106106420667 0.17272675740802623 0.5 -0.024232713711562298 2.3831166437039482 OK 13 12 0.56737899999999997 0.58413099999999996 0.24335000000000001 0.31956400000000001 0.200013 0 0.24781499999999995 0.38411799999999996 0.24335000000000001 0.0096179999999999998 0.0095860000000000008 0.0090500000000000008 0.20824099999999993 0.34456199999999992 0.20510200000000009 0.005274 0.0051910000000000003 0.0051229999999999999 0.001291 0.0012650000000000001 0.0012880000000000001 2.3831205508892981 2.3831205508892981 2.3831205508892981 8.4476473591030727e-05 8.4476473591030727e-05 8.4476473591030727e-05 1 1 1 Converged Converged Converged OK OK OK 114 114 114 114 114 114 6 6 6 0 0 0 0 1 0 0 1
71 71 linear 2 0 712 0 0.001 0.31490864013845676 0.89231381664423004 0.0034095685586602439 0.15944636123151759 3.0210151116329911 0.15876444751978555 0.5 -0.010270403823321617 1.5201121190982707 OK 13 12 0.50495199999999996 0.499944 0.15437699999999999 0.347943 0.345883 0 0.15700899999999995 0.154061 0.15437699999999999 0.010999999999999999 0.011091 0.010907 0.121313 0.11884300000000003 0.11847400000000007 0.0034350000000000001 0.0034479999999999997 0.0035560000000000001 0.00085299999999999992 0.00079999999999999993 0.000892 1.5201111600972685 1.5201111600972685 1.5201111600972685 0.0003569529514685634 0.0003569529514685634 0.0003569529514685634 1 1 1 Converged Converged Converged OK OK OK 75 75 75 75 75 75 5 5 5 0 0 0 0 0 1 0 0
71 71 linear 2 7 712 1 0.001 0.31490864013845676 0.89231381664423004 0.0034095685586602439 0.15944636123151759 3.0210151116329911 0.15917952543127462 0.5 -0.010685481734810681 1.506475824987715 OK 13 12 0.51965600000000001 0.53974 0.16359499999999999 0.35417700000000002 0.230855 0 0.16547899999999999 0.30888499999999997 0.16359499999999999 0.010167000000000001 0.010241999999999999 0.010899000000000001 0.13443799999999995 0.27751700000000001 0.13314299999999998 0.0037080000000000004 0.0038809999999999999 0.0032859999999999999 0.00074499999999999989 0.00087200000000000016 0.00075999999999999993 1.5064749076634902 1.5064749076634896 1.5064749076634902 0.00034270755202823214 0.00034270755202105998 0.00034270755202823214 1 1 1 Converged Converged Converged OK OK OK 75 75 75 75 75 75 5 5 5 0 0 0 0 1 0 0 1
71 71 linear 2 15 712 2 0.001 0.31490864013845676 0.89231381664423004 0.0034095685586602439 0.15944636123151759 3.0210151116329911 0.15965390018726214 0.5 -0.011159856490798203 1.4936654816562569 OK 13 12 0.52781599999999995 0.55018400000000001 0.15646399999999999 0.36668499999999998 0.25278899999999999 0 0.16113099999999997 0.29739500000000002 0.15646399999999999 0.010292000000000001 0.010269 0.0096190000000000008 0.13029299999999999 0.26615500000000003 0.12729299999999999 0.003473 0.0038740000000000003 0.0033990000000000001 0.00078699999999999994 0.00091299999999999997 0.00075699999999999997 1.4936646412728452 1.4936646412728536 1.4936646412728452 0.00038048571189739245 0.00038048571191056664 0.00038048571189739245 1 1 1 Converged Converged Converged OK OK OK 75 75 75 75 75 75 5 5 5 0 0 0 0 1 0 0 1
71 71 linear 2 23 712 3 0.001 0.31490864013845676 0.89231381664423004 0.0034095685586602439 0.15944636123151759 3.0210151116329911 0.16012827494324963 0.5 -0.011634231246785698 1.4832650273823413 OK 13 12 0.502135 0.51670899999999997 0.13747300000000001 0.360543 0.22944300000000001 0 0.141592 0.28726599999999997 0.13747300000000001 0.010163 0.010283 0.0097979999999999994 0.11199299999999997 0.25696799999999997 0.10937100000000002 0.0034039999999999999 0.0033949999999999996 0.0031489999999999999 0.00082600000000000002 0.00089799999999999982 0.00078100000000000001 1.4832642091921604 1.4832642091921504 1.4832642091921604 0.00045128721130297152 0.00045128721126576755 0.00045128721130297152 1 1 1 Converged Converged Converged OK OK OK 68 68 68 68 68 68 4 4 4 0 0 0 0 1 0 0 1
71 71 linear 2 0 712 0 0.0001 0.31490864013845676 0.89231381664423004 0.0034095685586602439 0.15944636123151759 3.0210151116329911 0.15876444751978555 0.5 -0.010270403823321617 1.5201121190982707 OK 13 12 0.53398800000000002 0.52760499999999999 0.181727 0.3468 0.343885 0 0.18718800000000002 0.18371999999999999 0.181727 0.011431999999999999 0.010957 0.010913000000000001 0.14425200000000005 0.14160000000000003 0.14064999999999997 0.0045149999999999999 0.0045170000000000002 0.0042899999999999995 0.0010349999999999999 0.001029 0.00097299999999999991 1.5201111602466058 1.5201111602466058 1.5201111602466058 6.033228239717075e-05 6.033228239717075e-05 6.033228239717075e-05 1 1 1 Converged Converged Converged OK OK OK 91 91 91 91 91 91 5 5 5 0 0 0 0 0 1 0 0
71 71 linear 2 7 712 1 0.0001 0.31490864013845676 0.89231381664423004 0.0034095685586602439 0.15944636123151759 3.0210151116329911 0.15917952543127462 0.5 -0.010685481734810681 1.506475824987715 OK 13 12 0.55288499999999996 0.61748899999999995 0.18726999999999999 0.36006899999999997 0.22936100000000001 0 0.19281599999999999 0.38812799999999992 0.18726999999999999 0.010101000000000001 0.010222 0.0095390000000000006 0.15661700000000001 0.35232700000000011 0.15324000000000002 0.0048640000000000003 0.0043379999999999998 0.0042009999999999999 0.0009859999999999999 0.00092599999999999996 0.000941 1.5064749078132411 1.5064749078132404 1.5064749078132411 3.9874882969531907e-05 3.987488296235974e-05 3.9874882969531907e-05 1 1 1 Converged Converged Converged OK OK OK 91 91 91 91 91 91 5 5 5 0 0 0 0 1 0 0 1
71 71 linear 2 15 712 2 0.0001 0.31490864013845676 0.89231381664423004 0.0034095685586602439 0.15944636123151759 3.0210151116329911 0.15965390018726214 0.5 -0.011159856490798203 1.4936654816562569 OK 13 12 0.55265299999999995 0.62180999999999997 0.18343100000000001 0.36511700000000002 0.248418 0 0.18753599999999992 0.37339199999999995 0.18343100000000001 0.010158 0.010135999999999999 0.0095110000000000004 0.15230299999999999 0.33774799999999994 0.14918600000000001 0.0042550000000000001 0.0043379999999999998 0.0042629999999999994 0.00090499999999999999 0.00092600000000000007 0.00089100000000000008 1.493664641422604 1.4936646414226125 1.493664641422604 7.0178184783502266e-05 7.0178184796676447e-05 7.0178184783502266e-05 1 1 1 Converged Converged Converged OK OK OK 91 91 91 91 91 91 5 5 5 0 0 0 0 1 0 0 1
71 71 linear 2 23 712 3 0.0001 0.31490864013845676 0.89231381664423004 0.0034095685586602439 0.15944636123151759 3.0210151116329911 0.16012827494324963 0.5 -0.011634231246785698 1.4832650273823413 OK 13 12 0.53081100000000003 0.59141500000000002 0.161826 0.36035099999999998 0.227164 0 0.17046000000000006 0.36425099999999999 0.161826 0.014316000000000001 0.010389000000000001 0.0096410000000000003 0.13211500000000007 0.32955100000000004 0.12888800000000006 0.0040140000000000002 0.0041519999999999994 0.0040169999999999997 0.00089500000000000018 0.00097300000000000012 0.00090700000000000004 1.4832642093412669 1.4832642093412569 1.4832642093412669 0.00013306962511379971 0.00013306962507659575 0.00013306962511379971 1 1 1 Converged Converged Converged OK OK OK 84 84 84 84 84 84 4 4 4 0 0 0 0 1 0 0 1
71 71 linear 3 0 713 0 0.001 0.31490864013845676 0.89231381664423004 0.0034095685586602439 0.155719017062703 3.0069563108173809 0.15503710335097096 0.5 -0.0065430596545070219 1.3763118497930202 OK 13 12 0.43690499999999999 0.43724800000000003 0.108891 0.32464100000000001 0.32761200000000001 0 0.11226399999999997 0.10963600000000001 0.108891 0.0099740000000000002 0.010163999999999999 0.0096430000000000005 0.080324999999999952 0.078024999999999997 0.077978999999999979 0.003202 0.0032129999999999997 0.0030929999999999998 0.0007539999999999999 0.00073399999999999995 0.00075000000000000002 1.3763110368038105 1.3763110368038105 1.3763110368038105 0.00062172327127303563 0.00062172327127303563 0.00062172327127303563 1 1 1 Converged Converged Converged OK OK OK 61 61 61 61 61 61 3 3 3 0 0 0 0 0 1 0 0
71 71 linear 3 7 713 1 0.001 0.31490864013845676 0.89231381664423004 0.0034095685586602439 0.155719017062703 3.0069563108173809 0.15545218126246002 0.5 -0.0069581375659960865 1.3849459257827403 OK 13 12 0.44123099999999998 0.49807200000000001 0.106807 0.331206 0.21132500000000001 0 0.11002499999999998 0.28674699999999997 0.106807 0.0093299999999999998 0.0094050000000000002 0.0088430000000000002 0.081658000000000036 0.25782200000000005 0.079324999999999993 0.0031050000000000001 0.0032789999999999998 0.0030299999999999997 0.00071199999999999996 0.00071600000000000006 0.00068499999999999995 1.3849451422070331 1.3849451422070331 1.3849451422070331 0.00063632359875757428 0.00063632359875757428 0.00063632359875757428 1 1 1 Converged Converged Converged OK OK OK 61 61 61 61 61 61 3 3 3 0 0 0 0 1 0 0 1
71 71 linear 3 15 713 2 0.001 0.31490864013845676 0.89231381664423004 0.0034095685586602439 0.155719017062703 3.0069563108173809 0.15592655601844754 0.5 -0.0074325123219836087 1.3956696561289514 OK 13 12 0.46895799999999999 0.51139400000000002 0.108782 0.35717300000000002 0.231015 0 0.11178499999999997 0.28037900000000004 0.108782 0.0093570000000000007 0.0094500000000000001 0.0088170000000000002 0.083506999999999998 0.25133499999999992 0.081411999999999984 0.0031080000000000001 0.0032950000000000002 0.003094 0.00067600000000000006 0.0007000000000000001 0.00066 1.3956688247993674 1.3956688247993674 1.3956688247993674 0.00065445007195579039 0.00065445007195579039 0.00065445007195579039 1 1 1 Converged Converged Converged OK OK OK 61 61 61 61 61 61 3 3 3 0 0 0 0 1 0 0 1
71 71 linear 3 23 713 3 0.001 0.31490864013845676 0.89231381664423004 0.0034095685586602439 0.155719017062703 3.0069563108173809 0.15640093077443504 0.5 -0.0079068870779711031 1.4074753151764519 OK 13 12 0.448328 0.48211399999999999 0.10823199999999999 0.336729 0.21254600000000001 0 0.111599 0.26956799999999997 0.10823199999999999 0.0094529999999999996 0.0094920000000000004 0.0088319999999999996 0.083000000000000018 0.24076699999999998 0.080778999999999976 0.0030539999999999999 0.0032420000000000001 0.0031130000000000003 0.00076099999999999996 0.00074600000000000003 0.00074200000000000004 1.407474479505666 1.407474479505666 1.407474479505666 0.0006743948766201424 0.0006743948766201424 0.0006743948766201424 1 1 1 Converged Converged Converged OK OK OK 61 61 61 61 61 61 3 3 3 0 0 0 0 1 0 0 1
71 71 linear 3 0 713 0 0.0001 0.31490864013845676 0.89231381664423004 0.0034095685586602439 0.155719017062703 3.0069563108173809 0.15503710335097096 0.5 -0.0065430596545070219 1.3763118497930202 OK 13 12 0.50200400000000001 0.495786 0.16730400000000001 0.33091900000000002 0.32760600000000001 0 0.17108499999999999 0.16818 0.16730400000000001 0.010064999999999999 0.010222999999999999 0.0097979999999999994 0.12726199999999999 0.12444100000000002 0.12407100000000001 0.004934 0.004901 0.0048800000000000007 0.00096400000000000001 0.00097100000000000007 0.00097500000000000006 1.3763110371066194 1.3763110371066194 1.3763110371066194 1.0110652744893557e-08 1.0110652744893557e-08 1.0110652744893557e-08 1 1 1 Converged Converged Converged OK OK OK 93 93 93 93 93 93 3 3 3 0 0 0 0 0 1 0 0
71 71 linear 3 7 713 1 0.0001 0.31490864013845676 0.89231381664423004 0.0034095685586602439 0.155719017062703 3.0069563108173809 0.15545218126246002 0.5 -0.0069581375659960865 1.3849459257827403 OK 13 12 0.49419200000000002 0.64937100000000003 0.16197600000000001 0.32787699999999997 0.213308 0 0.16631500000000005 0.43606300000000003 0.16197600000000001 0.0093880000000000005 0.0095040000000000003 0.0088859999999999998 0.12767799999999999 0.39703899999999998 0.12463300000000001 0.004999 0.0051199999999999996 0.0049350000000000002 0.00088999999999999995 0.00093199999999999999 0.00091500000000000001 1.3849451425037371 1.3849451425037371 1.3849451425037371 1.079624606360669e-08 1.079624606360669e-08 1.079624606360669e-08 1 1 1 Converged Converged Converged OK OK OK 93 93 93 93 93 93 3 3 3 0 0 0 0 1 0 0 1
71 71 linear 3 15 713 2 0.0001 0.31490864013845676 0.89231381664423004 0.0034095685586602439 0.155719017062703 3.0069563108173809 0.15592655601844754 0.5 -0.0074325123219836087 1.3956696561289514 OK 13 12 0.52549299999999999 0.659327 0.16223000000000001 0.35931099999999999 0.23133699999999999 0 0.166182 0.42798999999999998 0.16223000000000001 0.0093150000000000004 0.0094789999999999996 0.0088470000000000007 0.12790400000000005 0.38856799999999986 0.12479800000000003 0.0049109999999999996 0.0052620000000000002 0.0049620000000000003 0.00090100000000000011 0.00090499999999999999 0.00088199999999999997 1.3956688250844287 1.3956688250844287 1.3956688250844287 1.1718048057562451e-08 1.1718048057562451e-08 1.1718048057562451e-08 1 1 1 Converged Converged Converged OK OK OK 93 93 93 93 93 93 3 3 3 0 0 0 0 1 0 0 1
71 71 linear 3 23 713 3 0.0001 0.31490864013845676 0.89231381664423004 0.0034095685586602439 0.155719017062703 3.0069563108173809 0.15640093077443504 0.5 -0.0079068870779711031 1.4074753151764519 OK 13 12 0.50611399999999995 0.631942 0.16478599999999999 0.33393600000000001 0.216641 0 0.17217799999999994 0.41530100000000003 0.16478599999999999 0.0093729999999999994 0.0094599999999999997 0.0088470000000000007 0.130576 0.37580800000000009 0.12756399999999998 0.0050960000000000007 0.0053709999999999999 0.0048799999999999998 0.001008 0.0009859999999999999 0.00096199999999999996 1.4074744797718317 1.4074744797718317 1.4074744797718317 1.2830632584309828e-08 1.2830632584309828e-08 1.2830632584309828e-08 1 1 1 Converged Converged Converged OK OK OK 93 93 93 93 93 93 3 3 3 0 0 0 0 1 0 0 1
71 71 linear 4 0 714 0 0.001 0.31490864013845676 0.89231381664423004 0.0034095685586602439 0.16862982115574612 3.0008886371375358 0.16794790744401408 0.5 -0.019453863747550149 1.4442401257589754 OK 13 12 0.441689 0.440357 0.121187 0.31714399999999998 0.31822400000000001 0 0.12454500000000002 0.12213299999999999 0.121187 0.010222999999999999 0.010107 0.0095899999999999996 0.092291000000000026 0.090666000000000024 0.090388999999999997 0.0031540000000000001 0.0031200000000000004 0.0030709999999999995 0.00079000000000000001 0.00074300000000000017 0.00072799999999999991 1.4442392419310062 1.4442392419310062 1.4442392419310062 0.00077383767732841274 0.00077383767732841274 0.00077383767732841274 1 1 1 Converged Converged Converged OK OK OK 61 61 61 61 61 61 3 3 3 0 0 0 0 0 1 0 0
71 71 linear 4 7 714 1 0.001 0.31490864013845676 0.89231381664423004 0.0034095685586602439 0.16862982115574612 3.0008886371375358 0.16836298535550315 0.5 -0.019868941659039213 1.4252407126591711 OK 13 12 0.43818800000000002 0.47555399999999998 0.109657 0.32566099999999998 0.21058399999999999 0 0.11252700000000004 0.26496999999999998 0.109657 0.009384 0.0093120000000000008 0.0088280000000000008 0.084181999999999993 0.23634599999999997 0.082298999999999969 0.0031200000000000004 0.003277 0.0030800000000000003 0.00071000000000000002 0.00071100000000000004 0.00068499999999999995 1.4252398371331731 1.4252398371331731 1.4252398371331731 0.00072797390610526399 0.00072797390610526399 0.00072797390610526399 1 1 1 Converged Converged Converged OK OK OK 61 61 61 61 61 61 3 3 3 0 0 0 0 1 0 0 1
71 71 linear 4 15 714 2 0.001 0.31490864013845676 0.89231381664423004 0.0034095685586602439 0.16862982115574612 3.0008886371375358 0.16883736011149067 0.5 -0.020343316415026735 1.4065723772297356 OK 13 12 0.45977400000000002 0.47376800000000002 0.119815 0.34068399999999999 0.21290400000000001 0 0.11909000000000003 0.26086399999999998 0.119815 0.0093659999999999993 0.0093410000000000003 0.0087939999999999997 0.090582999999999969 0.23238499999999995 0.092267999999999947 0.0031679999999999998 0.0032179999999999999 0.0031619999999999999 0.0006820000000000001 0.000678 0.00067000000000000002 1.4065715191721528 1.4065715191721528 1.4065715191721528 0.00068676488181416235 0.00068676488181416235 0.00068676488181416235 1 1 1 Converged Converged Converged OK OK OK 61 61 61 61 61 61 3 3 3 0 0 0 0 1 0 0 1
71 71 linear 4 23 714 3 0.001 0.31490864013845676 0.89231381664423004 0.0034095685586602439 0.16862982115574612 3.0008886371375358 0.16931173486747816 0.5 -0.02081769117101423 1.39041594603151 OK 13 12 0.436718 0.47639799999999999 0.12170599999999999 0.313587 0.20693300000000001 0 0.12313099999999999 0.26946499999999995 0.12170599999999999 0.009443 0.0093340000000000003 0.0088540000000000008 0.094324999999999978 0.24096799999999999 0.091763000000000011 0.0031510000000000002 0.0031780000000000003 0.0030860000000000002 0.00069800000000000005 0.00067400000000000001 0.00066599999999999993 1.3904150946106055 1.3904150946106055 1.3904150946106055 0.00065357746007292097 0.00065357746007292097 0.00065357746007292097 1 1 1 Converged Converged Converged OK OK OK 61 61 61 61 61 61 3 3 3 0 0 0 0 1 0 0 1
71 71 linear 4 0 714 0 0.0001 0.31490864013845676 0.89231381664423004 0.0034095685586602439 0.16862982115574612 3.0008886371375358 0.16794790744401408 0.5 -0.019453863747550149 1.4442401257589754 OK 13 12 0.51187199999999999 0.50904799999999994 0.192083 0.31331700000000001 0.31289499999999998 0 0.19855499999999998 0.19615299999999997 0.192083 0.010044000000000001 0.0099989999999999992 0.010073 0.154997 0.14885699999999996 0.14843200000000001 0.0048739999999999999 0.0047950000000000007 0.0047660000000000003 0.000977 0.00098999999999999999 0.00098900000000000008 1.4442392426018353 1.4442392426018353 1.4442392426018353 3.9533798631166297e-09 3.9533798631166297e-09 3.9533798631166297e-09 1 1 1 Converged Converged Converged OK OK OK 93 93 93 93 93 93 3 3 3 0 0 0 0 0 1 0 0
71 71 linear 4 7 714 1 0.0001 0.31490864013845676 0.89231381664423004 0.0034095685586602439 0.16862982115574612 3.0008886371375358 0.16836298535550315 0.5 -0.019868941659039213 1.4252407126591711 OK 13 12 0.50666999999999995 0.60841400000000001 0.17991299999999999 0.32574700000000001 0.21235000000000001 0 0.18092299999999994 0.39606399999999997 0.17991299999999999 0.0093449999999999991 0.0094240000000000001 0.0088260000000000005 0.14269799999999996 0.35762899999999992 0.14270999999999998 0.00481 0.0048909999999999995 0.0048399999999999997 0.00090200000000000002 0.00090700000000000004 0.00088499999999999994 1.4252398378639648 1.4252398378639648 1.4252398378639648 4.223270229036512e-09 4.223270229036512e-09 4.223270229036512e-09 1 1 1 Converged Converged Converged OK OK OK 93 93 93 93 93 93 3 3 3 0 0 0 0 1 0 0 1
71 71 linear 4 15 714 2 0.0001 0.31490864013845676 0.89231381664423004 0.0034095685586602439 0.16862982115574612 3.0008886371375358 0.16883736011149067 0.5 -0.020343316415026735 1.4065723772297356 OK 13 12 0.52376 0.61066100000000001 0.178811 0.33607700000000001 0.216978 0 0.18768299999999999 0.39368300000000001 0.178811 0.0094680000000000007 0.0093779999999999992 0.0088699999999999994 0.14924999999999999 0.35491100000000009 0.141378 0.0048219999999999999 0.0050360000000000005 0.0049040000000000004 0.000892 0.00091599999999999993 0.00088900000000000003 1.4065715199019486 1.4065715199019486 1.4065715199019486 4.488963169236021e-09 4.488963169236021e-09 4.488963169236021e-09 1 1 1 Converged Converged Converged OK OK OK 93 93 93 93 93 93 3 3 3 0 0 0 0 1 0 0 1
71 71 linear 4 23 714 3 0.0001 0.31490864013845676 0.89231381664423004 0.0034095685586602439 0.16862982115574612 3.0008886371375358 0.16931173486747816 0.5 -0.02081769117101423 1.39041594603151 OK 13 12 0.50301300000000004 0.60503499999999999 0.182148 0.31479000000000001 0.205793 0 0.18822300000000003 0.39924199999999999 0.182148 0.0096819999999999996 0.00941 0.0088579999999999996 0.14886499999999994 0.36065999999999976 0.1448549999999999 0.0050639999999999991 0.0049919999999999999 0.004862 0.00096000000000000002 0.00091 0.00088599999999999996 1.3904150953023187 1.3904150953023187 1.3904150953023187 4.5977820359963377e-09 4.5977820359963377e-09 4.5977820359963377e-09 1 1 1 Converged Converged Converged OK OK OK 93 93 93 93 93 93 3 3 3 0 0 0 0 1 0 0 1
71 71 uniform 0 0 715 0 0.001 0.31490864013845676 0.89231381664423004 0.0034095685586602439 0.16157498567635917 -3.0011135793432544 0.16089307196462713 0 -0.012399028268163192 2.7453283578281491 OK 13 12 0.447716 0.44560899999999998 0.118996 0.32764199999999999 0.32536599999999999 0 0.12007400000000001 0.12024299999999999 0.118996 0.010581999999999999 0.010685999999999999 0.0101 0.088976000000000041 0.08921399999999996 0.088989000000000026 0.0025429999999999997 0.0025789999999999997 0.0024889999999999999 0.0007310000000000001 0.00076300000000000001 0.00068599999999999998 2.7453281215595027 2.7453281215595027 2.7453281215595027 0.0021685105570151851 0.0021685105570151851 0.0021685105570151851 1 1 1 Converged Converged Converged OK OK OK 66 66 66 66 66 66 6 6 6 0 0 0 0 0 1 0 0
71 71 uniform 0 7 715 1 0.001 0.31490864013845676 0.89231381664423004 0.0034095685586602439 0.16157498567635917 -3.0011135793432544 0.16130814987611619 0 -0.012814106179652257 2.8196669759435151 OK 13 12 0.46030199999999999 0.44091999999999998 0.113686 0.34549200000000002 0.20976400000000001 0 0.11480999999999997 0.23115599999999997 0.113686 0.0094839999999999994 0.0096729999999999993 0.0091140000000000006 0.089377999999999957 0.20531999999999995 0.08903999999999998 0.0025170000000000001 0.0026320000000000002 0.0024530000000000003 0.00062199999999999994 0.00064999999999999997 0.00062299999999999996 2.8196666515192073 2.8196666515192073 2.8196666515192073 0.0021904274438172312 0.0021904274438172312 0.0021904274438172312 1 1 1 Converged Converged Converged OK OK OK 66 66 66 66 66 66 6 6 6 0 0 0 0 1 0 0 1
71 71 uniform 0 15 715 2 0.001 0.31490864013845676 0.89231381664423004 0.0034095685586602439 0.16157498567635917 -3.0011135793432544 0.16178252463210371 0 -0.013288480935639779 2.8732240965786802 OK 13 12 0.450988 0.43104300000000001 0.119268 0.33051399999999997 0.21365200000000001 0 0.12047400000000003 0.217391 0.119268 0.0095160000000000002 0.009698 0.0090659999999999994 0.094997000000000012 0.19176599999999999 0.094655000000000003 0.0024680000000000001 0.0026010000000000004 0.0024870000000000001 0.000629 0.00063999999999999994 0.00063400000000000001 2.8732235426988937 2.8732235426988937 2.8732235426988937 0.0023691340131245919 0.0023691340131245919 0.0023691340131245919 1 1 1 Converged Converged Converged OK OK OK 66 66 66 66 66 66 6 6 6 0 0 0 0 1 0 0 1
71 71 uniform 0 23 715 3 0.001 0.31490864013845676 0.89231381664423004 0.0034095685586602439 0.16157498567635917 -3.0011135793432544 0.16225689938809121 0 -0.013762855691627274 2.8951785020228864 OK 13 12 0.46975499999999998 0.44858999999999999 0.119643 0.34908899999999998 0.21210499999999999 0 0.120666 0.236485 0.119643 0.0095390000000000006 0.0095969999999999996 0.0090720000000000002 0.095326000000000008 0.21112299999999995 0.095211000000000032 0.0024619999999999998 0.0025089999999999999 0.0024819999999999998 0.00062399999999999999 0.00063099999999999994 0.00061200000000000013 2.8951775630901788 2.8951775630901788 2.8951775630901788 0.0026936392000898061 0.0026936392000898061 0.0026936392000898061 1 1 1 Converged Converged Converged OK OK OK 66 66 66 66 66 66 6 6 6 0 0 0 0 1 0 0 1
71 71 uniform 0 0 715 0 0.0001 0.31490864013845676 0.89231381664423004 0.0034095685586602439 0.16157498567635917 -3.0011135793432544 0.16089307196462713 0 -0.012399028268163192 2.7453283578281491 OK 13 12 0.47811199999999998 0.47886000000000001 0.15145500000000001 0.32803300000000002 0.32858300000000001 0 0.15007899999999996 0.15027699999999999 0.15145500000000001 0.01057 0.010642 0.010167000000000001 0.11034500000000001 0.11030900000000006 0.11246499999999995 0.0037450000000000001 0.0038199999999999996 0.0036519999999999999 0.001021 0.00108 0.00099800000000000019 2.745328274831675 2.745328274831675 2.745328274831675 0.00020705195330541869 0.00020705195330541869 0.00020705195330541869 1 1 1 Converged Converged Converged OK OK OK 90 90 90 90 90 90 6 6 6 0 0 0 0 0 1 0 0
71 71 uniform 0 7 715 1 0.0001 0.31490864013845676 0.89231381664423004 0.0034095685586602439 0.16157498567635917 -3.0011135793432544 0.16130814987611619 0 -0.012814106179652257 2.8196669759435151 OK 13 12 0.49788700000000002 0.54114899999999999 0.15353900000000001 0.33892899999999998 0.210031 0 0.15895800000000004 0.33111800000000002 0.15353900000000001 0.0095479999999999992 0.0096570000000000007 0.0090910000000000001 0.11978700000000002 0.29535900000000004 0.11938000000000001 0.0076300000000000014 0.0040670000000000003 0.0038889999999999997 0.0010339999999999998 0.001052 0.0010860000000000002 2.8196670098878993 2.8196670098878993 2.8196670098878993 7.6097745187966455e-05 7.6097745187966455e-05 7.6097745187966455e-05 1 1 1 Converged Converged Converged OK OK OK 98 98 98 98 98 98 6 6 6 0 0 0 0 1 0 0 1
71 71 uniform 0 15 715 2 0.0001 0.31490864013845676 0.89231381664423004 0.0034095685586602439 0.16157498567635917 -3.0011135793432544 0.16178252463210371 0 -0.013288480935639779 2.8732240965786802 OK 13 12 0.49538500000000002 0.52580700000000002 0.16207199999999999 0.33114399999999999 0.217002 0 0.16424100000000003 0.308805 0.16207199999999999 0.0096839999999999999 0.0096970000000000008 0.0090969999999999992 0.13006200000000001 0.27468100000000006 0.12944199999999997 0.0040400000000000002 0.0040590000000000001 0.003934 0.0010189999999999999 0.001013 0.0010189999999999999 2.8732241129707248 2.8732241129707248 2.8732241129707248 5.9978860558044672e-05 5.9978860558044672e-05 5.9978860558044672e-05 1 1 1 Converged Converged Converged OK OK OK 98 98 98 98 98 98 6 6 6 0 0 0 0 1 0 0 1
71 71 uniform 0 23 715 3 0.0001 0.31490864013845676 0.89231381664423004 0.0034095685586602439 0.16157498567635917 -3.0011135793432544 0.16225689938809121 0 -0.013762855691627274 2.8951785020228864 OK 13 12 0.51884399999999997 0.54640699999999998 0.17180400000000001 0.34475899999999998 0.21997700000000001 0 0.17408499999999999 0.32643 0.17180400000000001 0.0096469999999999993 0.0097450000000000002 0.0091020000000000007 0.13672899999999999 0.29213000000000006 0.13931900000000003 0.0078230000000000001 0.0041489999999999999 0.0038860000000000001 0.00099199999999999983 0.0010349999999999999 0.0010079999999999998 2.8951784181997069 2.8951784181997069 2.8951784181997069 5.0302568498248464e-05 5.0302568498248464e-05 5.0302568498248464e-05 1 1 1 Converged Converged Converged OK OK OK 98 98 98 98 98 98 6 6 6 0 0 0 0 1 0 0 1
71 71 uniform 1 0 716 0 0.001 0.31490864013845676 0.89231381664423004 0.0034095685586602439 0.17204484369629419 -3.0206106106420667 0.17136292998456215 0 -0.022868886288098217 2.3371330490634734 OK 13 12 0.456901 0.45872499999999999 0.12906599999999999 0.32803100000000002 0.32952700000000001 0 0.12886999999999998 0.12919799999999998 0.12906599999999999 0.010506 0.010658000000000001 0.010527999999999999 0.098130000000000023 0.098368000000000025 0.098143999999999995 0.002545 0.0025399999999999997 0.0025849999999999996 0.00071000000000000002 0.00069899999999999997 0.00079200000000000006 2.3371330406855009 2.3371330406855009 2.3371330406855009 0.0010485504374203743 0.0010485504374203743 0.0010485504374203743 1 1 1 Converged Converged Converged OK OK OK 66 66 66 66 66 66 6 6 6 0 0 0 0 0 1 0 0
71 71 uniform 1 7 716 1 0.001 0.31490864013845676 0.89231381664423004 0.0034095685586602439 0.17204484369629419 -3.0206106106420667 0.17177800789605122 0 -0.023283964199587281 2.3617642669638759 OK 13 12 0.47770299999999999 0.42858800000000002 0.13861399999999999 0.33803800000000001 0.207924 0 0.13966499999999998 0.22066400000000003 0.13861399999999999 0.0095709999999999996 0.0097400000000000004 0.0090720000000000002 0.11395299999999998 0.19491000000000003 0.11406499999999997 0.0025869999999999999 0.0026589999999999999 0.0024750000000000002 0.00062199999999999994 0.00061699999999999993 0.00061200000000000002 2.3617641400223657 2.3617641400223657 2.3617641400223657 0.00096779825606414219 0.00096779825606414219 0.00096779825606414219 1 1 1 Converged Converged Converged OK OK OK 66 66 66 66 66 66 6 6 6 0 0 0 0 1 0 0 1
71 71 uniform 1 15 716 2 0.001 0.31490864013845676 0.89231381664423004 0.0034095685586602439 0.17204484369629419 -3.0206106106420667 0.17225238265203874 0 -0.023758338955574804 2.3758354261044952 OK 13 12 0.46944999999999998 0.42455500000000002 0.12507699999999999 0.343115 0.21773500000000001 0 0.12633499999999998 0.20682 0.12507699999999999 0.0095069999999999998 0.0095790000000000007 0.0090650000000000001 0.10093999999999999 0.18122399999999997 0.10036299999999998 0.0024910000000000002 0.002601 0.002591 0.00060800000000000003 0.00061200000000000002 0.00061200000000000013 2.3758351222743652 2.3758351222743652 2.3758351222743652 0.00089818396214163957 0.00089818396214163957 0.00089818396214163957 1 1 1 Converged Converged Converged OK OK OK 66 66 66 66 66 66 6 6 6 0 0 0 0 1 0 0 1
71 71 uniform 1 23 716 3 0.001 0.31490864013845676 0.89231381664423004 0.0034095685586602439 0.17204484369629419 -3.0206106106420667 0.17272675740802623 0 -0.024232713711562298 2.3775665723244619 OK 13 12 0.45471699999999998 0.416292 0.129748 0.32345600000000002 0.20227500000000001 0 0.13126099999999996 0.21401699999999999 0.129748 0.0095650000000000006 0.00975 0.0090449999999999992 0.105881 0.18823699999999999 0.10536900000000003 0.002555 0.0026640000000000001 0.002464 0.00061699999999999993 0.00062600000000000004 0.00061700000000000004 2.3775663077736406 2.3775663077736406 2.3775663077736406 0.00085297396272178037 0.00085297396272178037 0.00085297396272178037 1 1 1 Converged Converged Converged OK OK OK 66 66 66 66 66 66 6 6 6 0 0 0 0 1 0 0 1
71 71 uniform 1 0 716 0 0.0001 0.31490864013845676 0.89231381664423004 0.0034095685586602439 0.17204484369629419 -3.0206106106420667 0.17136292998456215 0 -0.022868886288098217 2.3371330490634734 OK 13 12 0.48707600000000001 0.48717700000000003 0.155418 0.33158799999999999 0.33144200000000001 0 0.15548800000000002 0.15573500000000001 0.155418 0.010669 0.01078 0.010580000000000001 0.11593499999999995 0.11588200000000004 0.11581499999999995 0.0036470000000000001 0.0039550000000000002 0.0037240000000000003 0.001 0.0010579999999999999 0.00099099999999999991 2.3371328587972928 2.3371328587972928 2.3371328587972928 0.00019657402620507349 0.00019657402620507349 0.00019657402620507349 1 1 1 Converged Converged Converged OK OK OK 90 90 90 90 90 90 6 6 6 0 0 0 0 0 1 0 0
71 71 uniform 1 7 716 1 0.0001 0.31490864013845676 0.89231381664423004 0.0034095685586602439 0.17204484369629419 -3.0206106106420667 0.17177800789605122 0 -0.023283964199587281 2.3617642669638759 OK 13 12 0.50404499999999997 0.49638700000000002 0.16842199999999999 0.33448 0.20596100000000001 0 0.16956499999999997 0.29042600000000002 0.16842199999999999 0.0096550000000000004 0.0096159999999999995 0.0091079999999999998 0.13737599999999997 0.25814900000000002 0.137244 0.0036540000000000001 0.0037520000000000001 0.0036360000000000003 0.00091299999999999986 0.000901 0.00088999999999999995 2.361764006437324 2.361764006437324 2.361764006437324 0.00021448273152551914 0.00021448273152551914 0.00021448273152551914 1 1 1 Converged Converged Converged OK OK OK 90 90 90 90 90 90 6 6 6 0 0 0 0 1 0 0 1
71 71 uniform 1 15 716 2 0.0001 0.31490864013845676 0.89231381664423004 0.0034095685586602439 0.17204484369629419 -3.0206106106420667 0.17225238265203874 0 -0.023758338955574804 2.3758354261044952 OK 13 12 0.497527 0.48485699999999998 0.15459500000000001 0.340366 0.21953500000000001 0 0.157161 0.26532199999999995 0.15459500000000001 0.0096100000000000005 0.0097079999999999996 0.0090650000000000001 0.124668 0.23279299999999992 0.11960100000000004 0.0037340000000000003 0.0038089999999999999 0.0075690000000000002 0.00089300000000000002 0.00087799999999999998 0.00087500000000000002 2.3758350308714378 2.3758350308714378 2.3758350308714378 0.00023143637839906042 0.00023143637839906042 0.00023143637839906042 1 1 1 Converged Converged Converged OK OK OK 90 90 90 90 90 90 6 6 6 0 0 0 0 1 0 0 1
71 71 uniform 1 23 716 3 0.0001 0.31490864013845676 0.89231381664423004 0.0034095685586602439 0.17204484369629419 -3.0206106106420667 0.17272675740802623 0 -0.024232713711562298 2.3775665723244619 OK 13 12 0.496029 0.51543099999999997 0.175896 0.31864300000000001 0.200686 0 0.17738599999999999 0.31474499999999994 0.175896 0.009639 0.0097459999999999995 0.0089840000000000007 0.14206200000000008 0.27706600000000003 0.14180900000000002 0.0040809999999999996 0.0042199999999999998 0.0040340000000000003 0.0010480000000000001 0.0010429999999999999 0.0010350000000000001 2.3775662466090899 2.3775662466090899 2.3775662466090899 0.00010065472244776969 0.00010065472244776969 0.00010065472244776969 1 1 1 Converged Converged Converged OK OK OK 98 98 98 98 98 98 6 6 6 0 0 0 0 1 0 0 1
71 71 uniform 2 0 717 0 0.001 0.31490864013845676 0.89231381664423004 0.0034095685586602439 0.15944636123151759 3.0210151116329911 0.15876444751978555 0 -0.010270403823321617 1.5224175242113061 OK 13 12 0.45830199999999999 0.45859899999999998 0.115484 0.34285300000000002 0.34302500000000002 0 0.11544899999999997 0.11557399999999995 0.115484 0.011049 0.011023 0.010991000000000001 0.086311000000000054 0.086511000000000074 0.086142999999999997 0.0022950000000000002 0.0023289999999999999 0.0024009999999999999 0.00064499999999999996 0.00064399999999999993 0.00063999999999999994 1.5224175132173658 1.5224175132173658 1.5224175132173658 0.00047038510188343287 0.00047038510188343287 0.00047038510188343287 1 1 1 Converged Converged Converged OK OK OK 59 59 59 59 59 59 5 5 5 0 0 0 0 0 1 0 0
71 71 uniform 2 7 717 1 0.001 0.31490864013845676 0.89231381664423004 0.0034095685586602439 0.15944636123151759 3.0210151116329911 0.15917952543127462 0 -0.010685481734810681 1.5083803218983889 OK 13 12 0.48282199999999997 0.45422600000000002 0.124373 0.35673300000000002 0.228826 0 0.12608899999999995 0.22540000000000002 0.124373 0.010194999999999999 0.010099 0.0096249999999999999 0.10105200000000002 0.20013699999999998 0.100495 0.0023140000000000001 0.002483 0.0023539999999999998 0.00065800000000000006 0.00063499999999999993 0.00062600000000000004 1.5083803216511786 1.5083803216511786 1.5083803216511786 0.00047248235433064721 0.00047248235432104828 0.00047248235433064721 1 1 1 Converged Converged Converged OK OK OK 59 59 59 59 59 59 5 5 5 0 0 0 0 1 0 0 1
71 71 uniform 2 15 717 2 0.001 0.31490864013845676 0.89231381664423004 0.0034095685586602439 0.15944636123151759 3.0210151116329911 0.15965390018726214 0 -0.011159856490798203 1.4952405667150719 OK 13 12 0.48387999999999998 0.47229199999999999 0.120245 0.36232599999999998 0.24974199999999999 0 0.121554 0.22255 0.120245 0.010017 0.010149999999999999 0.0095560000000000003 0.096853000000000009 0.19737299999999999 0.096364999999999992 0.0023349999999999998 0.0024250000000000001 0.0022539999999999999 0.00061799999999999995 0.00064000000000000005 0.00063999999999999994 1.4952407078383785 1.4952407078383847 1.4952407078383785 0.0005348140934217624 0.00053481409342487482 0.0005348140934217624 1 1 1 Converged Converged Converged OK OK OK 59 59 59 59 59 59 5 5 5 0 0 0 0 1 0 0 1
71 71 uniform 2 23 717 3 0.001 0.31490864013845676 0.89231381664423004 0.0034095685586602439 0.15944636123151759 3.0210151116329911 0.16012827494324963 0 -0.011634231246785698 1.4846032873072235 OK 13 12 0.469246 0.44212400000000002 0.10417899999999999 0.36333199999999999 0.22822600000000001 0 0.10591400000000001 0.213898 0.10417899999999999 0.010251 0.010168999999999999 0.0097789999999999995 0.081779000000000004 0.18976000000000004 0.081289999999999987 0.0021819999999999999 0.0022279999999999999 0.0021069999999999999 0.00066500000000000001 0.00068400000000000004 0.00065700000000000003 1.4846034447212322 1.4846034447212251 1.4846034447212322 0.00059751630047988379 0.00059751630046433221 0.00059751630047988379 1 1 1 Converged Converged Converged OK OK OK 52 52 52 52 52 52 4 4 4 0 0 0 0 1 0 0 1
71 71 uniform 2 0 717 0 0.0001 0.31490864013845676 0.89231381664423004 0.0034095685586602439 0.15944636123151759 3.0210151116329911 0.15876444751978555 0 -0.010270403823321617 1.5224175242113061 OK 13 12 0.48050900000000002 0.47741800000000001 0.13503399999999999 0.344501 0.34148699999999999 0 0.13600800000000002 0.13593100000000002 0.13503399999999999 0.011047 0.011107000000000001 0.010855 0.10094700000000002 0.10117000000000001 0.10064399999999998 0.0031319999999999994 0.0031259999999999994 0.0031190000000000002 0.00076099999999999996 0.00075900000000000013 0.00077400000000000006 1.5224175132245665 1.5224175132245665 1.5224175132245665 0.00011533254150378514 0.00011533254150378514 0.00011533254150378514 1 1 1 Converged Converged Converged OK OK OK 75 75 75 75 75 75 5 5 5 0 0 0 0 0 1 0 0
71 71 uniform 2 7 717 1 0.0001 0.31490864013845676 0.89231381664423004 0.0034095685586602439 0.15944636123151759 3.0210151116329911 0.15917952543127462 0 -0.010685481734810681 1.5083803218983889 OK 13 12 0.50230699999999995 0.51652299999999995 0.142424 0.35860500000000001 0.226267 0 0.14370199999999994 0.29025599999999996 0.142424 0.010093 0.010152 0.0096629999999999997 0.11398200000000004 0.26008100000000006 0.11348900000000001 0.0031479999999999998 0.0032890000000000003 0.0031549999999999998 0.00073000000000000007 0.00075000000000000002 0.00074400000000000009 1.508380321658344 1.508380321658344 1.508380321658344 0.00011742986170308114 0.00011742986169348221 0.00011742986170308114 1 1 1 Converged Converged Converged OK OK OK 75 75 75 75 75 75 5 5 5 0 0 0 0 1 0 0 1
71 71 uniform 2 15 717 2 0.0001 0.31490864013845676 0.89231381664423004 0.0034095685586602439 0.15944636123151759 3.0210151116329911 0.15965390018726214 0 -0.011159856490798203 1.4952405667150719 OK 13 12 0.52857399999999999 0.60077800000000003 0.166156 0.36375600000000002 0.24845300000000001 0 0.16481799999999996 0.352325 0.166156 0.010156999999999999 0.010198 0.0095709999999999996 0.12863499999999994 0.3157029999999999 0.13114799999999996 0.0039789999999999999 0.0041139999999999996 0.0039810000000000002 0.00087499999999999991 0.00089100000000000008 0.00087799999999999998 1.4952407078572068 1.495240707857213 1.4952407078572068 0.0001133561967383291 0.0001133561967414416 0.0001133561967383291 1 1 1 Converged Converged Converged OK OK OK 91 91 91 91 91 91 5 5 5 0 0 0 0 1 0 0 1
71 71 uniform 2 23 717 3 0.0001 0.31490864013845676 0.89231381664423004 0.0034095685586602439 0.15944636123151759 3.0210151116329911 0.16012827494324963 0 -0.011634231246785698 1.4846032873072235 OK 13 12 0.51095000000000002 0.53751499999999997 0.14732200000000001 0.36230800000000002 0.225799 0 0.148642 0.31171599999999999 0.14732200000000001 0.010283 0.010179000000000001 0.0097210000000000005 0.11658999999999999 0.27937400000000007 0.11630700000000002 0.0037920000000000002 0.0038440000000000002 0.003738 0.00087699999999999996 0.00090899999999999998 0.00089800000000000004 1.4846032748485019 1.4846032748485027 1.4846032748485019 9.3304924322254302e-05 9.3304924298807102e-05 9.3304924322254302e-05 1 1 1 Converged Converged Converged OK OK OK 84 84 84 84 84 84 4 4 4 0 0 0 0 1 0 0 1
71 71 uniform 3 0 718 0 0.001 0.31490864013845676 0.89231381664423004 0.0034095685586602439 0.155719017062703 3.0069563108173809 0.15503710335097096 0 -0.0065430596545070219 1.3768945562066401 OK 13 12 0.40185100000000001 0.40041500000000002 0.075275999999999996 0.32602500000000001 0.32387199999999999 0 0.075826000000000005 0.076543000000000028 0.075275999999999996 0.010031 0.010395 0.009835 0.04978500000000001 0.050190999999999993 0.049587999999999993 0.0021510000000000001 0.0022260000000000001 0.002127 0.000562 0.00059899999999999992 0.000544 1.3768945448495964 1.3768945448495964 1.3768945448495964 0.00048798701584681253 0.00048798701584681253 0.00048798701584681253 1 1 1 Converged Converged Converged OK OK OK 45 45 45 45 45 45 3 3 3 0 0 0 0 0 1 0 0
71 71 uniform 3 7 718 1 0.001 0.31490864013845676 0.89231381664423004 0.0034095685586602439 0.155719017062703 3.0069563108173809 0.15545218126246002 0 -0.0069581375659960865 1.3855923575584921 OK 13 12 0.400698 0.414856 0.073483999999999994 0.325791 0.21233399999999999 0 0.074907000000000001 0.20252200000000001 0.073483999999999994 0.0093170000000000006 0.0093869999999999995 0.0087489999999999998 0.051697999999999994 0.17917100000000002 0.051216999999999985 0.002153 0.0023179999999999997 0.0021349999999999997 0.00056500000000000007 0.00055600000000000007 0.00053899999999999998 1.3855923461091024 1.3855923461091024 1.3855923461091024 0.00049173978029198688 0.00049173978029198688 0.00049173978029198688 1 1 1 Converged Converged Converged OK OK OK 45 45 45 45 45 45 3 3 3 0 0 0 0 1 0 0 1
71 71 uniform 3 15 718 2 0.001 0.31490864013845676 0.89231381664423004 0.0034095685586602439 0.155719017062703 3.0069563108173809 0.15592655601844754 0 -0.0074325123219836087 1.3964047875628651 OK 13 12 0.43449300000000002 0.43073299999999998 0.074445999999999998 0.35513299999999998 0.23236200000000001 0 0.079360000000000042 0.19837099999999996 0.074445999999999998 0.0094339999999999997 0.0094710000000000003 0.0087510000000000001 0.055986999999999995 0.17484699999999995 0.052228999999999991 0.0022079999999999999 0.0023059999999999999 0.0021689999999999999 0.00055000000000000003 0.00056499999999999996 0.00053499999999999999 1.3964047759952534 1.3964047759952534 1.3964047759952534 0.00049654975348065959 0.00049654975348065959 0.00049654975348065959 1 1 1 Converged Converged Converged OK OK OK 45 45 45 45 45 45 3 3 3 0 0 0 0 1 0 0 1
71 71 uniform 3 23 718 3 0.001 0.31490864013845676 0.89231381664423004 0.0034095685586602439 0.155719017062703 3.0069563108173809 0.15640093077443504 0 -0.0079068870779711031 1.4083219609892499 OK 13 12 0.41169099999999997 0.40848400000000001 0.076741000000000004 0.33306599999999997 0.21626799999999999 0 0.078625 0.19221600000000003 0.076741000000000004 0.009384 0.009443 0.0087399999999999995 0.055192999999999992 0.16885300000000006 0.054549000000000007 0.0021479999999999997 0.0022520000000000001 0.0021060000000000002 0.00057700000000000004 0.00056299999999999992 0.00053200000000000003 1.4083219492869359 1.4083219492869359 1.4083219492869359 0.00050206551015714103 0.00050206551015714103 0.00050206551015714103 1 1 1 Converged Converged Converged OK OK OK 45 45 45 45 45 45 3 3 3 0 0 0 0 1 0 0 1
71 71 uniform 3 0 718 0 0.0001 0.31490864013845676 0.89231381664423004 0.0034095685586602439 0.155719017062703 3.0069563108173809 0.15503710335097096 0 -0.0065430596545070219 1.3768945562066401 OK 13 12 0.41991899999999999 0.42061700000000002 0.093882999999999994 0.32528899999999999 0.32608199999999998 0 0.094629999999999992 0.094535000000000036 0.093882999999999994 0.01004 0.010161999999999999 0.0095680000000000001 0.06325900000000001 0.062979000000000035 0.063105999999999995 0.0030000000000000001 0.0029820000000000003 0.0029490000000000002 0.00067200000000000007 0.00070699999999999995 0.000678 1.3768945448568108 1.3768945448568108 1.3768945448568108 0.00013288895219791986 0.00013288895219791986 0.00013288895219791986 1 1 1 Converged Converged Converged OK OK OK 61 61 61 61 61 61 3 3 3 0 0 0 0 0 1 0 0
71 71 uniform 3 7 718 1 0.0001 0.31490864013845676 0.89231381664423004 0.0034095685586602439 0.155719017062703 3.0069563108173809 0.15545218126246002 0 -0.0069581375659960865 1.3855923575584921 OK 13 12 0.42397000000000001 0.48206199999999999 0.091669 0.32647900000000002 0.21384800000000001 0 0.097490999999999994 0.26821399999999995 0.091669 0.0093229999999999997 0.0094970000000000002 0.0088529999999999998 0.069295999999999969 0.23973600000000003 0.064613000000000018 0.0029990000000000004 0.0030530000000000002 0.0029350000000000001 0.00066200000000000005 0.00066699999999999995 0.00064999999999999997 1.3855923461162849 1.3855923461162849 1.3855923461162849 0.00013664178438575444 0.00013664178438575444 0.00013664178438575444 1 1 1 Converged Converged Converged OK OK OK 61 61 61 61 61 61 3 3 3 0 0 0 0 1 0 0 1
71 71 uniform 3 15 718 2 0.0001 0.31490864013845676 0.89231381664423004 0.0034095685586602439 0.155719017062703 3.0069563108173809 0.15592655601844754 0 -0.0074325123219836087 1.3964047875628651 OK 13 12 0.47672300000000001 0.57174599999999998 0.117717 0.35647099999999998 0.22992799999999999 0 0.12025200000000003 0.34181799999999996 0.117717 0.0093959999999999998 0.0094240000000000001 0.008763 0.085323999999999997 0.30713600000000013 0.084776999999999991 0.004156 0.0039500000000000004 0.0038419999999999999 0.00082100000000000012 0.0007980000000000001 0.00077099999999999998 1.3964047760259979 1.3964047760259979 1.3964047760259979 4.8336132178946051e-05 4.8336132178946051e-05 4.8336132178946051e-05 1 1 1 Converged Converged Converged OK OK OK 77 77 77 77 77 77 3 3 3 0 0 0 0 1 0 0 1
71 71 uniform 3 23 718 3 0.0001 0.31490864013845676 0.89231381664423004 0.0034095685586602439 0.155719017062703 3.0069563108173809 0.15640093077443504 0 -0.0079068870779711031 1.4083219609892499 OK 13 12 0.45380700000000002 0.54087200000000002 0.11673500000000001 0.33582699999999999 0.211482 0 0.11798000000000003 0.32939000000000002 0.11673500000000001 0.0094020000000000006 0.0094610000000000007 0.0089090000000000003 0.084903000000000034 0.29589700000000008 0.084529999999999966 0.0037739999999999996 0.0039529999999999999 0.0038060000000000004 0.00078600000000000002 0.00080499999999999994 0.00077400000000000006 1.4083219493194283 1.4083219493194283 1.4083219493194283 4.8655846576103213e-05 4.8655846576103213e-05 4.8655846576103213e-05 1 1 1 Converged Converged Converged OK OK OK 77 77 77 77 77 77 3 3 3 0 0 0 0 1 0 0 1
71 71 uniform 4 0 719 0 0.001 0.31490864013845676 0.89231381664423004 0.0034095685586602439 0.16862982115574612 3.0008886371375358 0.16794790744401408 0 -0.019453863747550149 1.4460042968262699 OK 13 12 0.40290999999999999 0.40511599999999998 0.086425000000000002 0.315554 0.31761699999999998 0 0.087355999999999989 0.087498999999999993 0.086425000000000002 0.0099819999999999996 0.010078 0.009606 0.061305999999999986 0.061466 0.06118500000000001 0.0022199999999999998 0.0022059999999999996 0.0021800000000000001 0.00056099999999999998 0.00055499999999999994 0.00056300000000000002 1.446004284200735 1.446004284200735 1.446004284200735 0.00051715242551838637 0.00051715242551838637 0.00051715242551838637 1 1 1 Converged Converged Converged OK OK OK 45 45 45 45 45 45 3 3 3 0 0 0 0 0 1 0 0
71 71 uniform 4 7 719 1 0.001 0.31490864013845676 0.89231381664423004 0.0034095685586602439 0.16862982115574612 3.0008886371375358 0.16836298535550315 0 -0.019868941659039213 1.4266535882923872 OK 13 12 0.40498499999999998 0.39566899999999999 0.076434000000000002 0.32419399999999998 0.21202299999999999 0 0.080791000000000002 0.183646 0.076434000000000002 0.0092689999999999995 0.0093229999999999997 0.008829 0.057415000000000008 0.16012300000000002 0.054098000000000021 0.0022160000000000001 0.0023270000000000001 0.0021970000000000002 0.00055200000000000008 0.00056099999999999998 0.00053899999999999998 1.4266535763375279 1.4266535763375279 1.4266535763375279 0.00050404719481473203 0.00050404719481473203 0.00050404719481473203 1 1 1 Converged Converged Converged OK OK OK 45 45 45 45 45 45 3 3 3 0 0 0 0 1 0 0 1
71 71 uniform 4 15 719 2 0.001 0.31490864013845676 0.89231381664423004 0.0034095685586602439 0.16862982115574612 3.0008886371375358 0.16883736011149067 0 -0.020343316415026735 1.407698276109377 OK 13 12 0.42288999999999999 0.395644 0.082628999999999994 0.33828999999999998 0.213334 0 0.084600000000000009 0.18231 0.082628999999999994 0.0093849999999999992 0.0093900000000000008 0.0088260000000000005 0.061162999999999995 0.15882400000000005 0.060386000000000002 0.0022059999999999996 0.0022529999999999998 0.0021479999999999997 0.00055100000000000006 0.00055899999999999993 0.00054000000000000001 1.4076982643641258 1.4076982643641258 1.4076982643641258 0.00049357399003047619 0.00049357399003047619 0.00049357399003047619 1 1 1 Converged Converged Converged OK OK OK 45 45 45 45 45 45 3 3 3 0 0 0 0 1 0 0 1
71 71 uniform 4 23 719 3 0.001 0.31490864013845676 0.89231381664423004 0.0034095685586602439 0.16862982115574612 3.0008886371375358 0.16931173486747816 0 -0.02081769117101423 1.3913339486912852 OK 13 12 0.40635900000000003 0.39627499999999999 0.084764000000000006 0.31949499999999997 0.20266500000000001 0 0.086864000000000052 0.19360999999999998 0.084764000000000006 0.0093360000000000005 0.0093679999999999996 0.0087740000000000005 0.063167000000000015 0.17018400000000003 0.062507999999999994 0.0022139999999999998 0.0023140000000000001 0.002212 0.00058100000000000003 0.00055800000000000012 0.00053899999999999998 1.3913339371213354 1.3913339371213354 1.3913339371213354 0.00048596950303060507 0.00048596950303060507 0.00048596950303060507 1 1 1 Converged Converged Converged OK OK OK 45 45 45 45 45 45 3 3 3 0 0 0 0 1 0 0 1
71 71 uniform 4 0 719 0 0.0001 0.31490864013845676 0.89231381664423004 0.0034095685586602439 0.16862982115574612 3.0008886371375358 0.16794790744401408 0 -0.019453863747550149 1.4460042968262699 OK 13 12 0.464171 0.46602900000000003 0.144569 0.31890200000000002 0.32051299999999999 0 0.14526899999999998 0.14551600000000003 0.144569 0.0099559999999999996 0.0099950000000000004 0.0097599999999999996 0.10760799999999995 0.10810400000000001 0.10766199999999998 0.0038910000000000004 0.003888 0.0038059999999999999 0.00080200000000000009 0.00081099999999999998 0.00077600000000000011 1.4460042840524394 1.4460042840524394 1.4460042840524394 3.4544000117277715e-05 3.4544000117277715e-05 3.4544000117277715e-05 1 1 1 Converged Converged Converged OK OK OK 77 77 77 77 77 77 3 3 3 0 0 0 0 0 1 0 0
71 71 uniform 4 7 719 1 0.0001 0.31490864013845676 0.89231381664423004 0.0034095685586602439 0.16862982115574612 3.0008886371375358 0.16836298535550315 0 -0.019868941659039213 1.4266535882923872 OK 13 12 0.45839999999999997 0.50945499999999999 0.132602 0.32436300000000001 0.21279799999999999 0 0.13403699999999996 0.296657 0.132602 0.0093959999999999998 0.0093889999999999998 0.0088780000000000005 0.101132 0.26315699999999997 0.100517 0.0038080000000000002 0.0040289999999999996 0.003797 0.00076300000000000001 0.00077999999999999999 0.0007629999999999999 1.4266535762510271 1.4266535762510271 1.4266535762510271 3.4514178959063343e-05 3.4514178959063343e-05 3.4514178959063343e-05 1 1 1 Converged Converged Converged OK OK OK 77 77 77 77 77 77 3 3 3 0 0 0 0 1 0 0 1
71 71 uniform 4 15 719 2 0.0001 0.31490864013845676 0.89231381664423004 0.0034095685586602439 0.16862982115574612 3.0008886371375358 0.16883736011149067 0 -0.020343316415026735 1.407698276109377 OK 13 12 0.44348500000000002 0.45548300000000003 0.10091600000000001 0.33867999999999998 0.21207300000000001 0 0.10480500000000004 0.24341000000000002 0.10091600000000001 0.0093439999999999999 0.0093150000000000004 0.0088249999999999995 0.076063000000000019 0.21491400000000005 0.073658000000000001 0.003094 0.003078 0.0029819999999999998 0.00073499999999999998 0.000678 0.00066200000000000005 1.4076982643713152 1.4076982643713152 1.4076982643713152 0.00013845866393399114 0.00013845866393399114 0.00013845866393399114 1 1 1 Converged Converged Converged OK OK OK 61 61 61 61 61 61 3 3 3 0 0 0 0 1 0 0 1
71 71 uniform 4 23 719 3 0.0001 0.31490864013845676 0.89231381664423004 0.0034095685586602439 0.16862982115574612 3.0008886371375358 0.16931173486747816 0 -0.02081769117101423 1.3913339486912852 OK 13 12 0.42278300000000002 0.46135300000000001 0.10388 0.31723600000000002 0.20601800000000001 0 0.105547 0.25533499999999998 0.10388 0.0093620000000000005 0.009443 0.008829 0.077276999999999971 0.22662099999999993 0.076779000000000042 0.002996 0.0031430000000000004 0.0029640000000000001 0.00067899999999999992 0.00068399999999999993 0.00064400000000000004 1.3913339371285141 1.3913339371285141 1.3913339371285141 0.00013085426219174308 0.00013085426219174308 0.00013085426219174308 1 1 1 Converged Converged Converged OK OK OK 61 61 61 61 61 61 3 3 3 0 0 0 0 1 0 0 1
72 72 linear 0 0 720 0 0.001 0.59395944855810534 0.42171104421592825 8.5216011683766644e-05 0.029853516938121653 -0.20225226081515596 0.029836473735784901 0.5 0.1463450789731163 700.98140726791053 OK 13 12 0.39855400000000002 0.40118900000000002 0.105945 0.29110799999999998 0.28788799999999998 0 0.10744600000000004 0.11330100000000004 0.105945 0.0095519999999999997 0.0094199999999999996 0.0092870000000000001 0.081222000000000016 0.08701200000000002 0.080045000000000005 0.002196 0.0022539999999999999 0.0021329999999999999 0.00063099999999999994 0.00063699999999999998 0.00061800000000000006 700.98340914400728 700.98340914400728 700.98340914400728 0.35695776694866949 0.35695776694866949 0.35695776694866949 1 1 1 Converged Converged Converged OK OK OK 59 59 59 59 59 59 5 5 5 0 0 0 0 0 1 0 0
72 72 linear 0 7 720 1 0.001 0.59395944855810534 0.42171104421592825 8.5216011683766644e-05 0.029853516938121653 -0.20225226081515596 0.029846847858946403 0.5 0.14633470484995481 712.73541428344947 OK 13 12 0.39097999999999999 0.40672199999999997 0.098205000000000001 0.29009499999999999 0.18671299999999999 0 0.100885 0.22000899999999998 0.098205000000000001 0.0085590000000000006 0.0085749999999999993 0.0080459999999999993 0.078932000000000016 0.19808100000000006 0.077442000000000011 0.0022539999999999999 0.0023209999999999997 0.0022309999999999999 0.00059699999999999998 0.00060099999999999997 0.00060300000000000002 712.73485305923487 712.73485305923487 712.73485305923487 0.35494431843321445 0.35494431843321445 0.35494431843321445 1 1 1 Converged Converged Converged OK OK OK 59 59 59 59 59 59 5 5 5 0 0 0 0 1 0 0 1
72 72 linear 0 15 720 2 0.001 0.59395944855810534 0.42171104421592825 8.5216011683766644e-05 0.029853516938121653 -0.20225226081515596 0.029858703999702405 0.5 0.14632284870919882 709.52102340897181 OK 13 12 0.38992399999999999 0.39444000000000001 0.103182 0.284273 0.17747199999999999 0 0.10565099999999999 0.21696800000000002 0.103182 0.0087969999999999993 0.0091299999999999992 0.0083479999999999995 0.083616000000000024 0.19419900000000004 0.082053000000000015 0.0022520000000000001 0.0024080000000000004 0.0022460000000000002 0.00063200000000000007 0.00070200000000000004 0.0006820000000000001 709.52241100271101 709.52241100271101 709.52241100271101 0.35579114317772625 0.35579114317772625 0.35579114317772625 1 1 1 Converged Converged Converged OK OK OK 59 59 59 59 59 59 5 5 5 0 0 0 0 1 0 0 1
72 72 linear 0 23 720 3 0.001 0.59395944855810534 0.42171104421592825 8.5216011683766644e-05 0.029853516938121653 -0.20225226081515596 0.029870560140458406 0.5 0.14631099256844279 688.54773463998333 OK 13 12 0.38576500000000002 0.39657700000000001 0.103698 0.27923999999999999 0.17637800000000001 0 0.10652500000000004 0.22019900000000001 0.103698 0.0085529999999999998 0.0087010000000000004 0.0080350000000000005 0.084685000000000024 0.19841300000000003 0.083065999999999987 0.002189 0.002212 0.0022030000000000001 0.00064499999999999996 0.00064499999999999996 0.00064000000000000005 688.54868891774277 688.54868891774277 688.54868891774277 0.36004259377082137 0.36004259377082137 0.36004259377082137 1 1 1 Converged Converged Converged OK OK OK 59 59 59 59 59 59 5 5 5 0 0 0 0 1 0 0 1
72 72 linear 0 0 720 0 0.0001 0.59395944855810534 0.42171104421592825 8.5216011683766644e-05 0.029853516938121653 -0.20225226081515596 0.029836473735784901 0.5 0.1463450789731163 700.98140726791053 OK 13 12 0.418875 0.41265099999999999 0.12418800000000001 0.29186800000000002 0.28718500000000002 0 0.12700699999999998 0.12546599999999997 0.12418800000000001 0.0095209999999999999 0.0093439999999999999 0.0091000000000000004 0.097030999999999965 0.095771999999999982 0.095186000000000048 0.0026490000000000003 0.0027880000000000005 0.0026970000000000002 0.00080499999999999994 0.00088500000000000004 0.00079499999999999992 700.98521599719902 700.98521599719902 700.98521599719902 0.051441097316271299 0.051441097316271299 0.051441097316271299 1 1 1 Converged Converged Converged OK OK OK 67 67 67 67 67 67 5 5 5 0 0 0 0 0 1 0 0
72 72 linear 0 7 720 1 0.0001 0.59395944855810534 0.42171104421592825 8.5216011683766644e-05 0.029853516938121653 -0.20225226081515596 0.029846847858946403 0.5 0.14633470484995481 712.73541428344947 OK 13 12 0.40818599999999999 0.451011 0.116025 0.289715 0.187526 0 0.11847099999999999 0.26348499999999997 0.116025 0.0086060000000000008 0.0085229999999999993 0.0081790000000000005 0.094102000000000005 0.23877499999999999 0.092376 0.00266 0.002813 0.002696 0.000745 0.00074100000000000001 0.00070600000000000003 712.73665992862232 712.73665992862232 712.73665992862232 0.04942491057522496 0.04942491057522496 0.04942491057522496 1 1 1 Converged Converged Converged OK OK OK 67 67 67 67 67 67 5 5 5 0 0 0 0 1 0 0 1
72 72 linear 0 15 720 2 0.0001 0.59395944855810534 0.42171104421592825 8.5216011683766644e-05 0.029853516938121653 -0.20225226081515596 0.029858703999702405 0.5 0.14632284870919882 709.52102340897181 OK 13 12 0.40054899999999999 0.43276599999999998 0.11941499999999999 0.27795199999999998 0.17730699999999999 0 0.12259700000000001 0.25545899999999999 0.11941499999999999 0.0089079999999999993 0.0090729999999999995 0.0083470000000000003 0.097601000000000007 0.22987000000000007 0.095716000000000037 0.0027290000000000001 0.0029889999999999999 0.002774 0.0008479999999999999 0.00090499999999999999 0.00081999999999999998 709.52421789060634 709.52421789060634 709.52421789060634 0.050268605892489965 0.050268605892489965 0.050268605892489965 1 1 1 Converged Converged Converged OK OK OK 67 67 67 67 67 67 5 5 5 0 0 0 0 1 0 0 1
72 72 linear 0 23 720 3 0.0001 0.59395944855810534 0.42171104421592825 8.5216011683766644e-05 0.029853516938121653 -0.20225226081515596 0.029870560140458406 0.5 0.14631099256844279 688.54773463998333 OK 13 12 0.40415400000000001 0.429172 0.121424 0.28004899999999999 0.17432300000000001 0 0.12410500000000002 0.25484899999999999 0.121424 0.0085039999999999994 0.0086540000000000002 0.0080689999999999998 0.099731000000000028 0.23029900000000003 0.097986999999999991 0.0027020000000000004 0.0026899999999999997 0.002715 0.00079000000000000001 0.00076800000000000002 0.00076699999999999989 688.55049582414676 688.55049582414676 688.55049582414676 0.054516926989043979 0.054516926989043979 0.054516926989043979 1 1 1 Converged Converged Converged OK OK OK 67 67 67 67 67 67 5 5 5 0 0 0 0 1 0 0 1
72 72 linear 1 0 721 0 0.001 0.59395944855810534 0.42171104421592825 8.5216011683766644e-05 -0.11483359108764912 -0.02213544826209211 -0.11485063428998588 0.5 0.29103218699888711 210.53218783660731 OK 14 13 0.46533099999999999 0.471891 0.12733 0.33533800000000002 0.34259499999999998 0 0.12999299999999997 0.12929600000000002 0.12733 0.012033 0.012149999999999999 0.011512 0.096211000000000005 0.09511799999999998 0.094321000000000002 0.0029740000000000001 0.0030590000000000005 0.0028899999999999998 0.00084400000000000002 0.00090200000000000002 0.00084100000000000006 210.5330317153327 210.5330317153327 210.5330317153327 0.040098761634217932 0.040098761634217932 0.040098761634217932 1 1 1 Converged Converged Converged OK OK OK 67 67 67 67 67 67 5 5 5 0 0 0 0 0 1 0 0
72 72 linear 1 7 721 1 0.001 0.59395944855810534 0.42171104421592825 8.5216011683766644e-05 -0.11483359108764912 -0.02213544826209211 -0.11484026016682437 0.5 0.29102181287572559 210.87160837804277 OK 14 13 0.46713100000000002 0.47435699999999997 0.123308 0.33580700000000002 0.21096699999999999 0 0.131324 0.26339000000000001 0.123308 0.011121000000000001 0.011138 0.010536999999999999 0.10253799999999996 0.23463000000000003 0.095747000000000013 0.0028729999999999997 0.0029789999999999999 0.0027979999999999997 0.00076800000000000002 0.00078399999999999997 0.00073799999999999994 210.87248032174125 210.87248032174125 210.87248032174125 0.041545052245371597 0.041545052245371597 0.041545052245371597 1 1 1 Converged Converged Converged OK OK OK 67 67 67 67 67 67 5 5 5 0 0 0 0 1 0 0 1
72 72 linear 1 15 721 2 0.001 0.59395944855810534 0.42171104421592825 8.5216011683766644e-05 -0.11483359108764912 -0.02213544826209211 -0.11482840402606838 0.5 0.2910099567349696 209.83338681335272 OK 14 13 0.45663799999999999 0.451268 0.124791 0.328517 0.198406 0 0.12812099999999998 0.25286200000000003 0.124791 0.011384 0.011516999999999999 0.010795000000000001 0.099208999999999964 0.22372800000000001 0.097146000000000038 0.0029239999999999995 0.0029870000000000001 0.0028630000000000001 0.00078200000000000003 0.00077899999999999996 0.00077500000000000008 209.83280452034103 209.83280452034103 209.83280452034103 0.041582378119310814 0.041582378119310814 0.041582378119310814 1 1 1 Converged Converged Converged OK OK OK 67 67 67 67 67 67 5 5 5 0 0 0 0 1 0 0 1
72 72 linear 1 23 721 3 0.001 0.59395944855810534 0.42171104421592825 8.5216011683766644e-05 -0.11483359108764912 -0.02213544826209211 -0.11481654788531237 0.5 0.2909981005942136 207.12016577205904 OK 14 13 0.43925999999999998 0.43376599999999998 0.119173 0.31996400000000003 0.18937300000000001 0 0.11929599999999996 0.24439299999999997 0.119173 0.010758 0.011143 0.013355000000000001 0.091316999999999982 0.21583399999999994 0.088908000000000043 0.0028869999999999998 0.002967 0.002872 0.00080099999999999995 0.00083099999999999992 0.00082299999999999995 207.12049972561138 207.12049972561138 207.12049972561138 0.038203632388337599 0.038203632388337599 0.038203632388337599 1 1 1 Converged Converged Converged OK OK OK 67 67 67 67 67 67 5 5 5 0 0 0 0 1 0 0 1
72 72 linear 1 0 721 0 0.0001 0.59395944855810534 0.42171104421592825 8.5216011683766644e-05 -0.11483359108764912 -0.02213544826209211 -0.11485063428998588 0.5 0.29103218699888711 210.53218783660731 OK 14 13 0.51013600000000003 0.50528200000000001 0.167934 0.33846999999999999 0.33682000000000001 0 0.17166600000000004 0.168462 0.167934 0.011953999999999999 0.011981 0.011679 0.12942199999999998 0.12635199999999994 0.12586000000000003 0.0044410000000000005 0.0044879999999999998 0.0043400000000000001 0.0010629999999999999 0.001034 0.0010330000000000001 210.53303300591466 210.53303300591466 210.53303300591466 0.010026302884798173 0.010026302884798173 0.010026302884798173 1 1 1 Converged Converged Converged OK OK OK 99 99 99 99 99 99 5 5 5 0 0 0 0 0 1 0 0
72 72 linear 1 7 721 1 0.0001 0.59395944855810534 0.42171104421592825 8.5216011683766644e-05 -0.11483359108764912 -0.02213544826209211 -0.11484026016682437 0.5 0.29102181287572559 210.87160837804277 OK 14 13 0.50542100000000001 0.59679800000000005 0.16428799999999999 0.33893499999999999 0.21573300000000001 0 0.16648600000000002 0.38106500000000004 0.16428799999999999 0.011303000000000001 0.011124999999999999 0.010527999999999999 0.13097299999999998 0.34559099999999998 0.13038999999999998 0.0046029999999999995 0.0047019999999999996 0.0044100000000000007 0.0010269999999999999 0.0010430000000000001 0.00097900000000000005 210.87248327202587 210.87248327202587 210.87248327202587 0.010030479813186386 0.010030479813186386 0.010030479813186386 1 1 1 Converged Converged Converged OK OK OK 99 99 99 99 99 99 5 5 5 0 0 0 0 1 0 0 1
72 72 linear 1 15 721 2 0.0001 0.59395944855810534 0.42171104421592825 8.5216011683766644e-05 -0.11483359108764912 -0.02213544826209211 -0.11482840402606838 0.5 0.2910099567349696 209.83338681335272 OK 14 13 0.49623 0.58052300000000001 0.163073 0.32860200000000001 0.199126 0 0.167628 0.38139699999999999 0.163073 0.011424 0.011625999999999999 0.010795000000000001 0.132384 0.34511799999999992 0.12897499999999998 0.0043730000000000002 0.0046730000000000001 0.0044019999999999997 0.0010140000000000001 0.001024 0.00097300000000000002 209.83281141865757 209.83281141865757 209.83281141865757 0.01003818533601894 0.01003818533601894 0.01003818533601894 1 1 1 Converged Converged Converged OK OK OK 99 99 99 99 99 99 5 5 5 0 0 0 0 1 0 0 1
72 72 linear 1 23 721 3 0.0001 0.59395944855810534 0.42171104421592825 8.5216011683766644e-05 -0.11483359108764912 -0.02213544826209211 -0.11481654788531237 0.5 0.2909981005942136 207.12016577205904 OK 14 13 0.478908 0.55106699999999997 0.15170600000000001 0.322461 0.191605 0 0.156447 0.35946199999999995 0.15170600000000001 0.010822999999999999 0.010973999999999999 0.010319999999999999 0.121486 0.32408400000000004 0.11785000000000001 0.0046490000000000004 0.0048450000000000003 0.0045709999999999995 0.0010950000000000001 0.0011130000000000001 0.0010510000000000003 207.12051427897237 207.12051427897237 207.12051427897237 0.010050214327201991 0.010050214327201991 0.010050214327201991 1 1 1 Converged Converged Converged OK OK OK 99 99 99 99 99 99 5 5 5 0 0 0 0 1 0 0 1
72 72 linear 2 0 722 0 0.001 0.59395944855810534 0.42171104421592825 8.5216011683766644e-05 0.44906867233101677 -1.2867697608206525 0.44905162912868002 0.5 -0.27287007641977878 1.8787443178200798 OK 14 13 0.59765500000000005 0.59630000000000005 0.207507 0.38521499999999997 0.38878000000000001 0 0.21244000000000007 0.20752000000000004 0.207507 0.013176999999999999 0.013259 0.012945999999999999 0.16902999999999985 0.16579000000000002 0.16609300000000002 0.004333 0.003839 0.0038389999999999995 0.001049 0.0010170000000000001 0.00097099999999999986 1.8786934370111479 1.8786934370111479 1.8786934370111479 0.001442628019240674 0.001442628019240674 0.001442628019240674 1 1 1 Converged Converged Converged OK OK OK 83 83 83 83 83 83 5 5 5 0 0 0 0 0 1 0 0
72 72 linear 2 7 722 1 0.001 0.59395944855810534 0.42171104421592825 8.5216011683766644e-05 0.44906867233101677 -1.2867697608206525 0.44906200325184153 0.5 -0.2728804505429403 1.7552685660015328 OK 13 12 0.46842099999999998 0.452658 0.14136099999999999 0.32316800000000001 0.20680399999999999 0 0.14525299999999997 0.24585400000000002 0.14136099999999999 0.0089519999999999999 0.0089280000000000002 0.0083940000000000004 0.11691699999999998 0.21735800000000005 0.11423300000000003 0.003124 0.003163 0.0030829999999999998 0.00084100000000000006 0.00080099999999999995 0.0007670000000000001 1.7552685161896489 1.7552685161896489 1.7552685161896489 0.0011431191587397186 0.0011431191587397186 0.0011431191587397186 1 1 1 Converged Converged Converged OK OK OK 61 61 61 61 61 61 3 3 3 0 0 0 0 1 0 0 1
72 72 linear 2 15 722 2 0.001 0.59395944855810534 0.42171104421592825 8.5216011683766644e-05 0.44906867233101677 -1.2867697608206525 0.44907385939259753 0.5 -0.27289230668369635 1.755251453036945 OK 13 12 0.47597699999999998 0.44703100000000001 0.143321 0.327984 0.19714699999999999 0 0.14799299999999999 0.24988400000000002 0.143321 0.0089510000000000006 0.0089099999999999995 0.0081939999999999999 0.11943100000000001 0.22142499999999998 0.11657400000000001 0.0033249999999999998 0.0032170000000000002 0.0031120000000000002 0.00072099999999999996 0.000745 0.00069999999999999999 1.7552514032257387 1.7552514032257387 1.7552514032257387 0.00114309097096845 0.00114309097096845 0.00114309097096845 1 1 1 Converged Converged Converged OK OK OK 61 61 61 61 61 61 3 3 3 0 0 0 0 1 0 0 1
72 72 linear 2 23 722 3 0.001 0.59395944855810534 0.42171104421592825 8.5216011683766644e-05 0.44906867233101677 -1.2867697608206525 0.44908571553335352 0.5 -0.27290416282445229 1.7552343910423231 OK 13 12 0.49010799999999999 0.45510899999999999 0.15107599999999999 0.33540599999999998 0.19995599999999999 0 0.15470200000000001 0.25515299999999996 0.15107599999999999 0.0087500000000000008 0.0088330000000000006 0.0081759999999999992 0.12681500000000004 0.22691699999999998 0.12423299999999998 0.0031489999999999999 0.0032110000000000003 0.0031229999999999999 0.00073800000000000005 0.00077800000000000005 0.00070899999999999999 1.7552343412524722 1.7552343412524722 1.7552343412524722 0.0011430628617796913 0.0011430628617796913 0.0011430628617796913 1 1 1 Converged Converged Converged OK OK OK 61 61 61 61 61 61 3 3 3 0 0 0 0 1 0 0 1
72 72 linear 2 0 722 0 0.0001 0.59395944855810534 0.42171104421592825 8.5216011683766644e-05 0.44906867233101677 -1.2867697608206525 0.44905162912868002 0.5 -0.27287007641977878 1.8787443178200798 OK 14 13 0.68710700000000002 0.68874199999999997 0.29938599999999999 0.38125999999999999 0.38459300000000002 0 0.30584700000000004 0.30414899999999995 0.29938599999999999 0.013323 0.013252999999999999 0.012784999999999999 0.24732400000000002 0.24551000000000003 0.24121999999999985 0.0059170000000000013 0.0064320000000000011 0.0058369999999999993 0.0013669999999999999 0.001431 0.0013679999999999999 1.8786934086234535 1.8786934086234535 1.8786934086234535 9.9416289269801382e-07 9.9416289269801382e-07 9.9416289269801382e-07 1 1 1 Converged Converged Converged OK OK OK 123 123 123 123 123 123 5 5 5 0 0 0 0 0 1 0 0
72 72 linear 2 7 722 1 0.0001 0.59395944855810534 0.42171104421592825 8.5216011683766644e-05 0.44906867233101677 -1.2867697608206525 0.44906200325184153 0.5 -0.2728804505429403 1.7552685660015328 OK 13 12 0.52481100000000003 0.58397399999999999 0.20375699999999999 0.316861 0.20450399999999999 0 0.20795000000000002 0.37946999999999997 0.20375699999999999 0.0088830000000000003 0.0090220000000000005 0.0084089999999999998 0.17012999999999995 0.34122699999999989 0.16692800000000002 0.0048070000000000005 0.0047889999999999999 0.0047100000000000006 0.00099700000000000006 0.000977 0.00096900000000000003 1.7552685168128943 1.7552685168128943 1.7552685168128943 3.3057359690462461e-09 3.3057359690462461e-09 3.3057359690462461e-09 1 1 1 Converged Converged Converged OK OK OK 93 93 93 93 93 93 3 3 3 0 0 0 0 1 0 0 1
72 72 linear 2 15 722 2 0.0001 0.59395944855810534 0.42171104421592825 8.5216011683766644e-05 0.44906867233101677 -1.2867697608206525 0.44907385939259753 0.5 -0.27289230668369635 1.755251453036945 OK 13 12 0.55110999999999999 0.57353100000000001 0.21440799999999999 0.33227099999999998 0.197628 0 0.21883900000000001 0.37590299999999999 0.21440799999999999 0.0087569999999999992 0.0089289999999999994 0.0082489999999999994 0.1811289999999999 0.33819900000000003 0.17781100000000005 0.0048320000000000004 0.0048259999999999996 0.0047689999999999998 0.00096400000000000001 0.00097099999999999997 0.000919 1.7552514038491411 1.7552514038491411 1.7552514038491411 3.3063979503919904e-09 3.3063979503919904e-09 3.3063979503919904e-09 1 1 1 Converged Converged Converged OK OK OK 93 93 93 93 93 93 3 3 3 0 0 0 0 1 0 0 1
72 72 linear 2 23 722 3 0.0001 0.59395944855810534 0.42171104421592825 8.5216011683766644e-05 0.44906867233101677 -1.2867697608206525 0.44908571553335352 0.5 -0.27290416282445229 1.7552343910423231 OK 13 12 0.55362199999999995 0.58122399999999996 0.212502 0.33541900000000002 0.20081499999999999 0 0.21820299999999992 0.380409 0.212502 0.008829 0.0088070000000000006 0.0082220000000000001 0.1802159999999999 0.34223599999999998 0.17610800000000004 0.0049220000000000002 0.0048699999999999993 0.0047320000000000001 0.0010190000000000002 0.00093700000000000001 0.00093099999999999997 1.7552343418755454 1.7552343418755454 1.7552343418755454 3.3010878648924952e-09 3.3010878648924952e-09 3.3010878648924952e-09 1 1 1 Converged Converged Converged OK OK OK 93 93 93 93 93 93 3 3 3 0 0 0 0 1 0 0 1
72 72 linear 3 0 723 0 0.001 0.59395944855810534 0.42171104421592825 8.5216011683766644e-05 0.46431567462216961 -1.249030767673486 0.46429863141983285 0.5 -0.28811707871093162 1.5117186526809439 OK 13 12 0.45037300000000002 0.45310499999999998 0.14419199999999999 0.30271100000000001 0.30411700000000003 0 0.14766200000000002 0.14898799999999995 0.14419199999999999 0.010038999999999999 0.0099249999999999998 0.0097149999999999997 0.11579800000000001 0.11354800000000002 0.11293499999999997 0.003058 0.0031790000000000004 0.0031049999999999997 0.00069899999999999997 0.00071499999999999992 0.00068899999999999994 1.5117186176355892 1.5117186176355892 1.5117186176355892 0.00072386716170830495 0.00072386716170830495 0.00072386716170830495 1 1 1 Converged Converged Converged OK OK OK 61 61 61 61 61 61 3 3 3 0 0 0 0 0 1 0 0
72 72 linear 3 7 723 1 0.001 0.59395944855810534 0.42171104421592825 8.5216011683766644e-05 0.46431567462216961 -1.249030767673486 0.46430900554299437 0.5 -0.28812745283409313 1.5116840976887558 OK 13 12 0.47038999999999997 0.46141900000000002 0.14311099999999999 0.32335199999999997 0.20069000000000001 0 0.147038 0.26072899999999999 0.14311099999999999 0.0093570000000000007 0.0093460000000000001 0.0089079999999999993 0.11862200000000002 0.2323879999999999 0.11575700000000001 0.0031020000000000002 0.0031929999999999997 0.0029740000000000001 0.00068899999999999994 0.00067500000000000004 0.00066699999999999995 1.51168406265072 1.51168406265072 1.51168406265072 0.00072380949184555263 0.00072380949184555263 0.00072380949184555263 1 1 1 Converged Converged Converged OK OK OK 61 61 61 61 61 61 3 3 3 0 0 0 0 1 0 0 1
72 72 linear 3 15 723 2 0.001 0.59395944855810534 0.42171104421592825 8.5216011683766644e-05 0.46431567462216961 -1.249030767673486 0.46432086168375036 0.5 -0.28813930897484918 1.511644622987919 OK 13 12 0.46759000000000001 0.45756400000000003 0.13985 0.324573 0.19715199999999999 0 0.14301700000000001 0.26041200000000003 0.13985 0.0093220000000000004 0.0094409999999999997 0.0088280000000000008 0.11461400000000001 0.23164100000000007 0.11239699999999996 0.0031210000000000001 0.0031210000000000005 0.0031080000000000001 0.00069099999999999999 0.00069999999999999988 0.00067499999999999993 1.5116445879492386 1.5116445879492386 1.5116445879492386 0.00072374360854458831 0.00072374360854458831 0.00072374360854458831 1 1 1 Converged Converged Converged OK OK OK 61 61 61 61 61 61 3 3 3 0 0 0 0 1 0 0 1
72 72 linear 3 23 723 3 0.001 0.59395944855810534 0.42171104421592825 8.5216011683766644e-05 0.46431567462216961 -1.249030767673486 0.46433271782450636 0.5 -0.28815116511560512 1.511605166081684 OK 13 12 0.442222 0.45081300000000002 0.13915 0.29940899999999998 0.195219 0 0.14281300000000002 0.25559399999999999 0.13915 0.0093329999999999993 0.0093489999999999997 0.0088929999999999999 0.11435999999999996 0.22696999999999998 0.11175199999999998 0.0030959999999999998 0.0032369999999999994 0.0031029999999999999 0.00068099999999999996 0.000696 0.00066600000000000003 1.5116051310576748 1.5116051310576748 1.5116051310576748 0.00072367775786363821 0.00072367775786363821 0.00072367775786363821 1 1 1 Converged Converged Converged OK OK OK 61 61 61 61 61 61 3 3 3 0 0 0 0 1 0 0 1
72 72 linear 3 0 723 0 0.0001 0.59395944855810534 0.42171104421592825 8.5216011683766644e-05 0.46431567462216961 -1.249030767673486 0.46429863141983285 0.5 -0.28811707871093162 1.5117186526809439 OK 13 12 0.51420500000000002 0.51203299999999996 0.20729500000000001 0.30363600000000002 0.30444599999999999 0 0.21056900000000001 0.20758699999999997 0.20729500000000001 0.010196999999999999 0.010023000000000001 0.0098860000000000007 0.16658199999999995 0.16408800000000007 0.16405700000000001 0.0047929999999999995 0.0048500000000000001 0.0047670000000000004 0.00093199999999999989 0.00096299999999999999 0.00093300000000000002 1.5117186180302065 1.5117186180302065 1.5117186180302065 2.8586636485666834e-09 2.8586636485666834e-09 2.8586636485666834e-09 1 1 1 Converged Converged Converged OK OK OK 93 93 93 93 93 93 3 3 3 0 0 0 0 0 1 0 0
72 72 linear 3 7 723 1 0.0001 0.59395944855810534 0.42171104421592825 8.5216011683766644e-05 0.46431567462216961 -1.249030767673486 0.46430900554299437 0.5 -0.28812745283409313 1.5116840976887558 OK 13 12 0.53850200000000004 0.60922900000000002 0.20678199999999999 0.32230900000000001 0.198189 0 0.21619300000000002 0.41104000000000002 0.20678199999999999 0.009469 0.0094240000000000001 0.0088760000000000002 0.17232300000000006 0.37234699999999993 0.16982600000000003 0.0047660000000000003 0.0047770000000000009 0.0047680000000000005 0.00091800000000000009 0.00094899999999999997 0.00089900000000000006 1.5116840630452135 1.5116840630452135 1.5116840630452135 2.8560888495181915e-09 2.8560888495181915e-09 2.8560888495181915e-09 1 1 1 Converged Converged Converged OK OK OK 93 93 93 93 93 93 3 3 3 0 0 0 0 1 0 0 1
72 72 linear 3 15 723 2 0.0001 0.59395944855810534 0.42171104421592825 8.5216011683766644e-05 0.46431567462216961 -1.249030767673486 0.46432086168375036 0.5 -0.28813930897484918 1.511644622987919 OK 13 12 0.52724599999999999 0.60906199999999999 0.199494 0.32289099999999998 0.1986 0 0.20435500000000001 0.41046199999999999 0.199494 0.0095820000000000002 0.0093559999999999997 0.0087659999999999995 0.16589800000000005 0.37190400000000001 0.16250400000000004 0.0047740000000000005 0.0047930000000000004 0.0046439999999999997 0.00092599999999999996 0.00094700000000000003 0.00092000000000000003 1.5116445883436191 1.5116445883436191 1.5116445883436191 2.8501534530643787e-09 2.8501534530643787e-09 2.8501534530643787e-09 1 1 1 Converged Converged Converged OK OK OK 93 93 93 93 93 93 3 3 3 0 0 0 0 1 0 0 1
72 72 linear 3 23 723 3 0.0001 0.59395944855810534 0.42171104421592825 8.5216011683766644e-05 0.46431567462216961 -1.249030767673486 0.46433271782450636 0.5 -0.28815116511560512 1.511605166081684 OK 13 12 0.506633 0.60272899999999996 0.200183 0.30209200000000003 0.19860900000000001 0 0.20454099999999997 0.40411999999999992 0.200183 0.0095650000000000006 0.0094190000000000003 0.0088579999999999996 0.16630999999999999 0.36565199999999998 0.16318199999999991 0.0047280000000000004 0.004816 0.0047039999999999998 0.00092699999999999998 0.00094999999999999989 0.00089900000000000006 1.5116051314517787 1.5116051314517787 1.5116051314517787 2.8468834974325735e-09 2.8468834974325735e-09 2.8468834974325735e-09 1 1 1 Converged Converged Converged OK OK OK 93 93 93 93 93 93 3 3 3 0 0 0 0 1 0 0 1
72 72 linear 4 0 724 0 0.001 0.59395944855810534 0.42171104421592825 8.5216011683766644e-05 0.41880067167220514 -1.2991023920027835 0.41878362846986839 0.5 -0.24260207576096718 2.0505107612722693 OK 13 12 0.53292700000000004 0.52878899999999995 0.14932999999999999 0.38046400000000002 0.37830000000000003 0 0.15246300000000002 0.15048899999999993 0.14932999999999999 0.010655 0.010736000000000001 0.010314 0.11977699999999998 0.11799099999999998 0.11745199999999996 0.0030860000000000002 0.0031709999999999998 0.0032129999999999997 0.00067099999999999994 0.00069300000000000004 0.00066800000000000008 2.0505101102269361 2.0505101102269361 2.0505101102269361 0.0016429546524930098 0.0016429546524930098 0.0016429546524930098 1 1 1 Converged Converged Converged OK OK OK 61 61 61 61 61 61 3 3 3 0 0 0 0 0 1 0 0
72 72 linear 4 7 724 1 0.001 0.59395944855810534 0.42171104421592825 8.5216011683766644e-05 0.41880067167220514 -1.2991023920027835 0.4187940025930299 0.5 -0.24261244988412869 2.0500382743881067 OK 13 12 0.53077600000000003 0.49822100000000002 0.148837 0.38219199999999998 0.25385099999999999 0 0.14858400000000005 0.24437000000000003 0.148837 0.0093460000000000001 0.0097230000000000007 0.0087980000000000003 0.120008 0.21552199999999994 0.12130199999999998 0.0031310000000000001 0.003186 0.0030740000000000003 0.00068100000000000007 0.00068800000000000003 0.00066099999999999991 2.0500376251739514 2.0500376251739514 2.0500376251739514 0.0016421569361734765 0.0016421569361734765 0.0016421569361734765 1 1 1 Converged Converged Converged OK OK OK 61 61 61 61 61 61 3 3 3 0 0 0 0 1 0 0 1
72 72 linear 4 15 724 2 0.001 0.59395944855810534 0.42171104421592825 8.5216011683766644e-05 0.41880067167220514 -1.2991023920027835 0.4188058587337859 0.5 -0.24262430602488469 2.0494993415200322 OK 13 12 0.53521300000000005 0.49344500000000002 0.15507799999999999 0.37668600000000002 0.26572200000000001 0 0.15852700000000003 0.22772300000000001 0.15507799999999999 0.0093609999999999995 0.0096279999999999994 0.0088140000000000007 0.13011400000000001 0.19839899999999999 0.12780199999999997 0.0031179999999999997 0.0035599999999999998 0.003065 0.00067599999999999995 0.00070999999999999991 0.00066100000000000002 2.0494986943940097 2.0494986943940097 2.0494986943940097 0.001641247032401484 0.001641247032401484 0.001641247032401484 1 1 1 Converged Converged Converged OK OK OK 61 61 61 61 61 61 3 3 3 0 0 0 0 1 0 0 1
72 72 linear 4 23 724 3 0.001 0.59395944855810534 0.42171104421592825 8.5216011683766644e-05 0.41880067167220514 -1.2991023920027835 0.41881771487454189 0.5 -0.24263616216564068 2.0489615274527715 OK 13 12 0.53066999999999998 0.53361199999999998 0.14613300000000001 0.38091799999999998 0.266901 0 0.149752 0.26671099999999998 0.14613300000000001 0.0099469999999999992 0.0099839999999999998 0.0094160000000000008 0.12077400000000001 0.23715900000000001 0.11817799999999996 0.0030920000000000001 0.003372 0.0030899999999999999 0.00068100000000000007 0.00070699999999999995 0.00068300000000000001 2.0489608824027479 2.0489608824027479 2.0489608824027479 0.001640339008856596 0.001640339008856596 0.001640339008856596 1 1 1 Converged Converged Converged OK OK OK 61 61 61 61 61 61 3 3 3 0 0 0 0 1 0 0 1
72 72 linear 4 0 724 0 0.0001 0.59395944855810534 0.42171104421592825 8.5216011683766644e-05 0.41880067167220514 -1.2991023920027835 0.41878362846986839 0.5 -0.24260207576096718 2.0505107612722693 OK 13 12 0.60683600000000004 0.61037399999999997 0.227461 0.37546800000000002 0.38165900000000003 0 0.23136800000000002 0.22871499999999995 0.227461 0.010681 0.010706 0.010413 0.18692500000000012 0.18442699999999995 0.18357199999999996 0.0047910000000000001 0.0048579999999999995 0.0048130000000000004 0.00093199999999999999 0.00096000000000000013 0.00093599999999999987 2.0505101111217088 2.0505101111217088 2.0505101111217088 3.849091607422427e-09 3.849091607422427e-09 3.849091607422427e-09 1 1 1 Converged Converged Converged OK OK OK 93 93 93 93 93 93 3 3 3 0 0 0 0 0 1 0 0
72 72 linear 4 7 724 1 0.0001 0.59395944855810534 0.42171104421592825 8.5216011683766644e-05 0.41880067167220514 -1.2991023920027835 0.4187940025930299 0.5 -0.24261244988412869 2.0500382743881067 OK 13 12 0.60062400000000005 0.62534900000000004 0.21074899999999999 0.38480599999999998 0.254218 0 0.21581800000000007 0.37113100000000004 0.21074899999999999 0.0094050000000000002 0.0096659999999999992 0.008855 0.17767500000000003 0.3326960000000001 0.17369300000000007 0.0047659999999999994 0.0047910000000000001 0.0046730000000000001 0.00093599999999999998 0.00094899999999999997 0.00092000000000000003 2.0500376260690047 2.0500376260690047 2.0500376260690047 3.854668692915485e-09 3.854668692915485e-09 3.854668692915485e-09 1 1 1 Converged Converged Converged OK OK OK 93 93 93 93 93 93 3 3 3 0 0 0 0 1 0 0 1
72 72 linear 4 15 724 2 0.0001 0.59395944855810534 0.42171104421592825 8.5216011683766644e-05 0.41880067167220514 -1.2991023920027835 0.4188058587337859 0.5 -0.24262430602488469 2.0494993415200322 OK 13 12 0.60791700000000004 0.60228300000000001 0.23181199999999999 0.371506 0.26688600000000001 0 0.23641100000000004 0.335397 0.23181199999999999 0.0093539999999999995 0.0094800000000000006 0.0088059999999999996 0.19835599999999995 0.29703800000000002 0.19480900000000001 0.0047030000000000006 0.0048019999999999998 0.0046569999999999997 0.00095 0.00094400000000000007 0.000941 2.0494986952876393 2.0494986952876393 2.0494986952876393 3.8556642814190093e-09 3.8556642814190093e-09 3.8556642814190093e-09 1 1 1 Converged Converged Converged OK OK OK 93 93 93 93 93 93 3 3 3 0 0 0 0 1 0 0 1
72 72 linear 4 23 724 3 0.0001 0.59395944855810534 0.42171104421592825 8.5216011683766644e-05 0.41880067167220514 -1.2991023920027835 0.41881771487454189 0.5 -0.24263616216564068 2.0489615274527715 OK 13 12 0.60824100000000003 0.65441899999999997 0.22220000000000001 0.38357999999999998 0.26289899999999999 0 0.22466100000000006 0.39151999999999998 0.22220000000000001 0.0098639999999999995 0.0099570000000000006 0.0092980000000000007 0.18610599999999994 0.35244399999999992 0.18466299999999997 0.0047690000000000007 0.004862 0.0047939999999999997 0.00094600000000000001 0.00093199999999999999 0.00092400000000000002 2.0489608832954658 2.0489608832954658 2.0489608832954658 3.8470431799437282e-09 3.8470431799437282e-09 3.8470431799437282e-09 1 1 1 Converged Converged Converged OK OK OK 93 93 93 93 93 93 3 3 3 0 0 0 0 1 0 0 1
72 72 uniform 0 0 725 0 0.001 0.59395944855810534 0.42171104421592825 8.5216011683766644e-05 0.029853516938121653 -0.20225226081515596 0.029836473735784901 0 0.1463450789731163 675.25816561542706 OK 13 12 0.375392 0.37647799999999998 0.085833000000000007 0.28818300000000002 0.29025299999999998 0 0.087208999999999981 0.086224999999999996 0.085833000000000007 0.0097800000000000005 0.0094610000000000007 0.0093720000000000001 0.060513000000000004 0.060638999999999992 0.060150000000000009 0.0023680000000000003 0.0021590000000000003 0.0022129999999999997 0.00060499999999999996 0.00062100000000000002 0.00058600000000000004 675.25780814181655 675.25780814181655 675.25780814181655 0.33045922845918541 0.33045922845918541 0.33045922845918541 1 1 1 Converged Converged Converged OK OK OK 59 59 59 59 59 59 5 5 5 0 0 0 0 0 1 0 0
72 72 uniform 0 7 725 1 0.001 0.59395944855810534 0.42171104421592825 8.5216011683766644e-05 0.029853516938121653 -0.20225226081515596 0.029846847858946403 0 0.14633470484995481 683.50508389439312 OK 13 12 0.37037100000000001 0.38506299999999999 0.078372999999999998 0.29049599999999998 0.18509999999999999 0 0.079875000000000029 0.199963 0.078372999999999998 0.0086020000000000003 0.0085679999999999992 0.0081309999999999993 0.058268000000000021 0.17835500000000004 0.057735000000000002 0.0021410000000000001 0.0021780000000000002 0.0020790000000000001 0.00064599999999999998 0.00063299999999999988 0.00063200000000000007 683.50472271435285 683.50472271435285 683.50472271435285 0.32614892106792054 0.32614892106792054 0.32614892106792054 1 1 1 Converged Converged Converged OK OK OK 59 59 59 59 59 59 5 5 5 0 0 0 0 1 0 0 1
72 72 uniform 0 15 725 2 0.001 0.59395944855810534 0.42171104421592825 8.5216011683766644e-05 0.029853516938121653 -0.20225226081515596 0.029858703999702405 0 0.14632284870919882 680.91744146614406 OK 13 12 0.36400399999999999 0.37536900000000001 0.083019999999999997 0.27949000000000002 0.179706 0 0.084513999999999978 0.195663 0.083019999999999997 0.0088170000000000002 0.0088050000000000003 0.0083219999999999995 0.062825999999999993 0.17363899999999999 0.062334999999999995 0.00216 0.002251 0.002019 0.00059399999999999991 0.00062799999999999998 0.00058799999999999998 680.91708329028108 680.91708329028108 680.91708329028108 0.32573043586755102 0.32573043586755102 0.32573043586755102 1 1 1 Converged Converged Converged OK OK OK 59 59 59 59 59 59 5 5 5 0 0 0 0 1 0 0 1
72 72 uniform 0 23 725 3 0.001 0.59395944855810534 0.42171104421592825 8.5216011683766644e-05 0.029853516938121653 -0.20225226081515596 0.029870560140458406 0 0.14631099256844279 665.42772346017284 OK 13 12 0.36141000000000001 0.375865 0.083812999999999999 0.27566600000000002 0.17579500000000001 0 0.085743999999999987 0.20007 0.083812999999999999 0.0087089999999999997 0.0086140000000000001 0.0080300000000000007 0.063854000000000022 0.17833700000000008 0.063451000000000007 0.0021879999999999998 0.0022239999999999998 0.0019820000000000003 0.000669 0.00065699999999999992 0.00062399999999999999 665.42737044848059 665.42737044848059 665.42737044848059 0.3304791146656566 0.3304791146656566 0.3304791146656566 1 1 1 Converged Converged Converged OK OK OK 59 59 59 59 59 59 5 5 5 0 0 0 0 1 0 0 1
72 72 uniform 0 0 725 0 0.0001 0.59395944855810534 0.42171104421592825 8.5216011683766644e-05 0.029853516938121653 -0.20225226081515596 0.029836473735784901 0 0.1463450789731163 675.25816561542706 OK 13 12 0.38735399999999998 0.38979799999999998 0.099058999999999994 0.28769899999999998 0.28737699999999999 0 0.099654999999999994 0.10242099999999998 0.099058999999999994 0.0094879999999999999 0.012241 0.0091540000000000007 0.070568999999999993 0.070814000000000016 0.070317000000000005 0.002653 0.0026090000000000002 0.0027039999999999998 0.00072300000000000012 0.00072499999999999995 0.00073400000000000006 675.2581847334219 675.2581847334219 675.2581847334219 0.030566802649094872 0.030566802649094872 0.030566802649094872 1 1 1 Converged Converged Converged OK OK OK 67 67 67 67 67 67 5 5 5 0 0 0 0 0 1 0 0
72 72 uniform 0 7 725 1 0.0001 0.59395944855810534 0.42171104421592825 8.5216011683766644e-05 0.029853516938121653 -0.20225226081515596 0.029846847858946403 0 0.14633470484995481 683.50508389439312 OK 13 12 0.37792900000000001 0.421599 0.090494000000000005 0.28603499999999998 0.18721199999999999 0 0.091894000000000031 0.23438700000000001 0.090494000000000005 0.008633 0.0084849999999999995 0.0079719999999999999 0.067838999999999997 0.21009599999999995 0.067496000000000014 0.0025590000000000005 0.0027070000000000002 0.0025660000000000001 0.00072199999999999999 0.00075500000000000003 0.00072800000000000013 683.50509930933447 683.50509930933447 683.50509930933447 0.026253807444170652 0.026253807444170652 0.026253807444170652 1 1 1 Converged Converged Converged OK OK OK 67 67 67 67 67 67 5 5 5 0 0 0 0 1 0 0 1
72 72 uniform 0 15 725 2 0.0001 0.59395944855810534 0.42171104421592825 8.5216011683766644e-05 0.029853516938121653 -0.20225226081515596 0.029858703999702405 0 0.14632284870919882 680.91744146614406 OK 13 12 0.376137 0.41186699999999998 0.096901000000000001 0.28079399999999999 0.181896 0 0.095343000000000011 0.22997099999999998 0.096901000000000001 0.0087600000000000004 0.0088909999999999996 0.010982 0.071150000000000005 0.20480799999999999 0.070769000000000012 0.0024820000000000003 0.0027489999999999997 0.0025469999999999998 0.00073899999999999997 0.000754 0.00072600000000000008 680.91745988912055 680.91745988912055 680.91745988912055 0.025832250423224422 0.025832250423224422 0.025832250423224422 1 1 1 Converged Converged Converged OK OK OK 67 67 67 67 67 67 5 5 5 0 0 0 0 1 0 0 1
72 72 uniform 0 23 725 3 0.0001 0.59395944855810534 0.42171104421592825 8.5216011683766644e-05 0.029853516938121653 -0.20225226081515596 0.029870560140458406 0 0.14631099256844279 665.42772346017284 OK 13 12 0.373969 0.40673700000000002 0.096072000000000005 0.27627499999999999 0.17715600000000001 0 0.097694000000000003 0.22958100000000001 0.096072000000000005 0.0086300000000000005 0.0085810000000000001 0.0080249999999999991 0.073498000000000008 0.20504599999999998 0.072998999999999981 0.0025250000000000003 0.0026770000000000001 0.0024739999999999996 0.00076999999999999996 0.00079600000000000005 0.00074700000000000005 665.42774705117859 665.42774705117859 665.42774705117859 0.030577857341548106 0.030577857341548106 0.030577857341548106 1 1 1 Converged Converged Converged OK OK OK 67 67 67 67 67 67 5 5 5 0 0 0 0 1 0 0 1
72 72 uniform 1 0 726 0 0.001 0.59395944855810534 0.42171104421592825 8.5216011683766644e-05 -0.11483359108764912 -0.02213544826209211 -0.11485063428998588 0 0.29103218699888711 205.35869962830913 OK 14 13 0.44246000000000002 0.44264999999999999 0.102689 0.33871299999999999 0.335449 0 0.10374700000000003 0.10720099999999999 0.102689 0.012262 0.012031 0.011677 0.070016999999999954 0.070126000000000008 0.070010999999999948 0.0028170000000000001 0.0027860000000000003 0.0027300000000000002 0.00082799999999999996 0.00082199999999999992 0.00075799999999999999 205.35870594627221 205.35870594627221 205.35870594627221 0.02051127727640437 0.02051127727640437 0.02051127727640437 1 1 1 Converged Converged Converged OK OK OK 67 67 67 67 67 67 5 5 5 0 0 0 0 0 1 0 0
72 72 uniform 1 7 726 1 0.001 0.59395944855810534 0.42171104421592825 8.5216011683766644e-05 -0.11483359108764912 -0.02213544826209211 -0.11484026016682437 0 0.29102181287572559 206.7964933432668 OK 14 13 0.43581599999999998 0.44896399999999997 0.098602999999999996 0.33607599999999999 0.209926 0 0.099739999999999995 0.23903799999999997 0.098602999999999996 0.011167 0.011199000000000001 0.010503999999999999 0.07150999999999999 0.21018999999999993 0.071297000000000013 0.0027230000000000002 0.0029259999999999998 0.0026920000000000004 0.00076399999999999992 0.0008160000000000001 0.00081599999999999999 206.79649104005887 206.79649104005887 206.79649104005887 0.020711326913062527 0.020711326913062527 0.020711326913062527 1 1 1 Converged Converged Converged OK OK OK 67 67 67 67 67 67 5 5 5 0 0 0 0 1 0 0 1
72 72 uniform 1 15 726 2 0.001 0.59395944855810534 0.42171104421592825 8.5216011683766644e-05 -0.11483359108764912 -0.02213544826209211 -0.11482840402606838 0 0.2910099567349696 207.29320217603006 OK 14 13 0.43279099999999998 0.42821799999999999 0.099955000000000002 0.331285 0.20011799999999999 0 0.10150599999999999 0.2281 0.099955000000000002 0.011348 0.011495 0.010793000000000001 0.07301500000000001 0.19884499999999999 0.072625999999999982 0.0027920000000000002 0.0029049999999999996 0.0026780000000000003 0.00078000000000000009 0.00085999999999999987 0.00077000000000000007 207.29319836178578 207.29319836178578 207.29319836178578 0.023225873328869849 0.023225873328869849 0.023225873328869849 1 1 1 Converged Converged Converged OK OK OK 67 67 67 67 67 67 5 5 5 0 0 0 0 1 0 0 1
72 72 uniform 1 23 726 3 0.001 0.59395944855810534 0.42171104421592825 8.5216011683766644e-05 -0.11483359108764912 -0.02213544826209211 -0.11481654788531237 0 0.2909981005942136 206.37150587568232 OK 14 13 0.40884700000000002 0.40921999999999997 0.091136999999999996 0.31631100000000001 0.19402900000000001 0 0.092536000000000007 0.21519099999999997 0.091136999999999996 0.010768 0.011011 0.010179000000000001 0.064674000000000009 0.18685200000000005 0.064345000000000041 0.0027529999999999998 0.0028809999999999999 0.0027080000000000003 0.00077399999999999995 0.00077499999999999997 0.00077099999999999998 206.37148245842491 206.37148245842491 206.37148245842491 0.030668473299314485 0.030668473299314485 0.030668473299314485 1 1 1 Converged Converged Converged OK OK OK 67 67 67 67 67 67 5 5 5 0 0 0 0 1 0 0 1
72 72 uniform 1 0 726 0 0.0001 0.59395944855810534 0.42171104421592825 8.5216011683766644e-05 -0.11483359108764912 -0.02213544826209211 -0.11485063428998588 0 0.29103218699888711 205.35869962830913 OK 14 13 0.44235200000000002 0.44444499999999998 0.10273400000000001 0.33883099999999999 0.34083999999999998 0 0.10352100000000003 0.103605 0.10273400000000001 0.012075000000000001 0.012116999999999999 0.011675 0.069960999999999968 0.07036400000000001 0.069899000000000017 0.002836 0.0027760000000000003 0.0027300000000000002 0.00077899999999999996 0.00076300000000000001 0.00077099999999999998 205.35870594627221 205.35870594627221 205.35870594627221 0.02051127727640437 0.02051127727640437 0.02051127727640437 1 1 1 Converged Converged Converged OK OK OK 67 67 67 67 67 67 5 5 5 0 0 0 0 0 1 0 0
72 72 uniform 1 7 726 1 0.0001 0.59395944855810534 0.42171104421592825 8.5216011683766644e-05 -0.11483359108764912 -0.02213544826209211 -0.11484026016682437 0 0.29102181287572559 206.7964933432668 OK 14 13 0.45491900000000002 0.50690400000000002 0.11773400000000001 0.33733800000000003 0.20807 0 0.11758099999999999 0.29883400000000004 0.11773400000000001 0.011247 0.011073 0.01057 0.083651999999999976 0.265795 0.082625000000000018 0.0039960000000000004 0.0036600000000000001 0.0068709999999999995 0.00094600000000000001 0.00095500000000000012 0.00095100000000000013 206.79649250324721 206.79649250324721 206.79649250324721 0.011450536096477176 0.011450536096477176 0.011450536096477176 1 1 1 Converged Converged Converged OK OK OK 83 83 83 83 83 83 5 5 5 0 0 0 0 1 0 0 1
72 72 uniform 1 15 726 2 0.0001 0.59395944855810534 0.42171104421592825 8.5216011683766644e-05 -0.11483359108764912 -0.02213544826209211 -0.11482840402606838 0 0.2910099567349696 207.29320217603006 OK 14 13 0.44790999999999997 0.48812800000000001 0.11931 0.33143400000000001 0.20498 0 0.11647599999999997 0.28314800000000001 0.11931 0.011417 0.011531 0.012186000000000001 0.084684000000000051 0.25099700000000008 0.086574999999999999 0.0036160000000000003 0.0035699999999999998 0.0036569999999999997 0.00086699999999999993 0.00090999999999999989 0.00089700000000000001 207.29320590921932 207.29320590921932 207.29320590921932 0.011876476127781758 0.011876476127781758 0.011876476127781758 1 1 1 Converged Converged Converged OK OK OK 83 83 83 83 83 83 5 5 5 0 0 0 0 1 0 0 1
72 72 uniform 1 23 726 3 0.0001 0.59395944855810534 0.42171104421592825 8.5216011683766644e-05 -0.11483359108764912 -0.02213544826209211 -0.11481654788531237 0 0.2909981005942136 206.37150587568232 OK 14 13 0.42496899999999999 0.458287 0.105194 0.31810699999999997 0.190494 0 0.10686200000000001 0.267793 0.105194 0.010935 0.010905 0.01025 0.075615000000000002 0.23627899999999999 0.075142000000000014 0.0034940000000000001 0.0037400000000000003 0.0034739999999999997 0.00091299999999999986 0.00094099999999999989 0.00089300000000000013 206.37149727755735 206.37149727755735 206.37149727755735 0.01207548794131246 0.01207548794131246 0.01207548794131246 1 1 1 Converged Converged Converged OK OK OK 83 83 83 83 83 83 5 5 5 0 0 0 0 1 0 0 1
72 72 uniform 2 0 727 0 0.001 0.59395944855810534 0.42171104421592825 8.5216011683766644e-05 0.44906867233101677 -1.2867697608206525 0.44905162912868002 0 -0.27287007641977878 1.9435699276174032 OK 14 13 0.53329000000000004 0.52984900000000001 0.150004 0.38295499999999999 0.38276700000000002 0 0.15033500000000005 0.14708199999999999 0.150004 0.013106 0.013008 0.012929 0.11473800000000001 0.11151199999999999 0.11483699999999998 0.0029889999999999999 0.0029730000000000004 0.002898 0.00084400000000000002 0.00082700000000000004 0.00078899999999999999 1.943569672143479 1.943569672143479 1.943569672143479 0.00097038505415950602 0.00097038505415950602 0.00097038505415950602 1 1 1 Converged Converged Converged OK OK OK 67 67 67 67 67 67 5 5 5 0 0 0 0 0 1 0 0
72 72 uniform 2 7 727 1 0.001 0.59395944855810534 0.42171104421592825 8.5216011683766644e-05 0.44906867233101677 -1.2867697608206525 0.44906200325184153 0 -0.2728804505429403 1.7552685660002705 OK 13 12 0.40651199999999998 0.37280200000000002 0.088080000000000006 0.316888 0.208066 0 0.089623999999999981 0.16473600000000002 0.088080000000000006 0.0089320000000000007 0.0090629999999999999 0.0084270000000000005 0.066651000000000002 0.14149300000000001 0.065999000000000002 0.0021869999999999997 0.0022399999999999998 0.0021260000000000003 0.00057699999999999993 0.00061799999999999995 0.000602 1.7552685519228721 1.7552685519228721 1.7552685519228721 0.00061818202350714924 0.00061818202350714924 0.00061818202350714924 1 1 1 Converged Converged Converged OK OK OK 45 45 45 45 45 45 3 3 3 0 0 0 0 1 0 0 1
72 72 uniform 2 15 727 2 0.001 0.59395944855810534 0.42171104421592825 8.5216011683766644e-05 0.44906867233101677 -1.2867697608206525 0.44907385939259753 0 -0.27289230668369635 1.7552514530378454 OK 13 12 0.42142000000000002 0.36222300000000002 0.091358999999999996 0.32830599999999999 0.19767699999999999 0 0.09311400000000003 0.16454600000000003 0.091358999999999996 0.0087620000000000007 0.0089020000000000002 0.0082410000000000001 0.070323000000000011 0.14164100000000002 0.069551999999999989 0.0021350000000000002 0.002225 0.0020869999999999999 0.00056300000000000002 0.00064299999999999991 0.00053799999999999996 1.7552514389534259 1.7552514389534259 1.7552514389534259 0.00061817598907155003 0.00061817598907155003 0.00061817598907155003 1 1 1 Converged Converged Converged OK OK OK 45 45 45 45 45 45 3 3 3 0 0 0 0 1 0 0 1
72 72 uniform 2 23 727 3 0.001 0.59395944855810534 0.42171104421592825 8.5216011683766644e-05 0.44906867233101677 -1.2867697608206525 0.44908571553335352 0 -0.27290416282445229 1.755234391041961 OK 13 12 0.43277300000000002 0.36901099999999998 0.097810999999999995 0.33344200000000002 0.201152 0 0.099331000000000003 0.16785899999999998 0.097810999999999995 0.0087189999999999993 0.0088260000000000005 0.0082489999999999994 0.076524000000000009 0.14491800000000002 0.076057 0.0022200000000000002 0.0022699999999999999 0.0021299999999999999 0.00056599999999999999 0.00054900000000000001 0.00055800000000000001 1.7552343769761143 1.7552343769761143 1.7552343769761143 0.00061816998750176407 0.00061816998750176407 0.00061816998750176407 1 1 1 Converged Converged Converged OK OK OK 45 45 45 45 45 45 3 3 3 0 0 0 0 1 0 0 1
72 72 uniform 2 0 727 0 0.0001 0.59395944855810534 0.42171104421592825 8.5216011683766644e-05 0.44906867233101677 -1.2867697608206525 0.44905162912868002 0 -0.27287007641977878 1.9435699276174032 OK 14 13 0.60029999999999994 0.60652300000000003 0.21671000000000001 0.38204900000000003 0.38278400000000001 0 0.21825099999999992 0.22373900000000002 0.21671000000000001 0.013310000000000001 0.013088000000000001 0.013106 0.16667699999999999 0.17305399999999999 0.16581399999999993 0.0050170000000000006 0.005091 0.0050769999999999999 0.0012849999999999999 0.0012569999999999999 0.0012589999999999999 1.9435696245954792 1.9435696245954792 1.9435696245954792 0.00010313737085738754 0.00010313737085738754 0.00010313737085738754 1 1 1 Converged Converged Converged OK OK OK 107 107 107 107 107 107 5 5 5 0 0 0 0 0 1 0 0
72 72 uniform 2 7 727 1 0.0001 0.59395944855810534 0.42171104421592825 8.5216011683766644e-05 0.44906867233101677 -1.2867697608206525 0.44906200325184153 0 -0.2728804505429403 1.7552685660002705 OK 13 12 0.45494400000000002 0.47264 0.13539000000000001 0.31533600000000001 0.202482 0 0.13960800000000001 0.27015800000000001 0.13539000000000001 0.008914 0.0089409999999999993 0.0084139999999999996 0.10659699999999998 0.236841 0.103602 0.0039440000000000005 0.0040080000000000003 0.0037950000000000002 0.00082100000000000012 0.00086300000000000005 0.00083100000000000003 1.7552685519331357 1.7552685519331357 1.7552685519331357 0.00010147845327144511 0.00010147845327144511 0.00010147845327144511 1 1 1 Converged Converged Converged OK OK OK 77 77 77 77 77 77 3 3 3 0 0 0 0 1 0 0 1
72 72 uniform 2 15 727 2 0.0001 0.59395944855810534 0.42171104421592825 8.5216011683766644e-05 0.44906867233101677 -1.2867697608206525 0.44907385939259753 0 -0.27289230668369635 1.7552514530378454 OK 13 12 0.46860800000000002 0.468725 0.13858899999999999 0.32845400000000002 0.197573 0 0.140154 0.271152 0.13858899999999999 0.0088149999999999999 0.0088350000000000008 0.0082330000000000007 0.10765100000000001 0.23810500000000004 0.10713099999999999 0.0037690000000000002 0.0039160000000000002 0.003764 0.00080800000000000002 0.00083800000000000009 0.00077899999999999996 1.7552514389639344 1.7552514389639344 1.7552514389639344 0.00010145577295592032 0.00010145577295592032 0.00010145577295592032 1 1 1 Converged Converged Converged OK OK OK 77 77 77 77 77 77 3 3 3 0 0 0 0 1 0 0 1
72 72 uniform 2 23 727 3 0.0001 0.59395944855810534 0.42171104421592825 8.5216011683766644e-05 0.44906867233101677 -1.2867697608206525 0.44908571553335352 0 -0.27290416282445229 1.755234391041961 OK 13 12 0.47808 0.47655700000000001 0.14361599999999999 0.32993600000000001 0.20083200000000001 0 0.148144 0.275725 0.14361599999999999 0.0087639999999999992 0.0087779999999999993 0.0082330000000000007 0.11273900000000002 0.24253600000000006 0.11212099999999997 0.0039230000000000003 0.0039490000000000003 0.0038189999999999995 0.00079200000000000006 0.00083699999999999996 0.00078100000000000012 1.7552343769858438 1.7552343769858438 1.7552343769858438 0.00010143310141415068 0.00010143310141415068 0.00010143310141415068 1 1 1 Converged Converged Converged OK OK OK 77 77 77 77 77 77 3 3 3 0 0 0 0 1 0 0 1
72 72 uniform 3 0 728 0 0.001 0.59395944855810534 0.42171104421592825 8.5216011683766644e-05 0.46431567462216961 -1.249030767673486 0.46429863141983285 0 -0.28811707871093162 1.5117186526817608 OK 13 12 0.39706200000000003 0.39890700000000001 0.095158000000000006 0.30121199999999998 0.30296600000000001 0 0.095850000000000046 0.095940999999999999 0.095158000000000006 0.0097920000000000004 0.010070000000000001 0.0097649999999999994 0.070018999999999998 0.070055000000000006 0.069601999999999983 0.002176 0.002189 0.0022179999999999999 0.000553 0.00056300000000000002 0.00055099999999999995 1.5117186404761564 1.5117186404761564 1.5117186404761564 0.00053240711192874821 0.00053240711192874821 0.00053240711192874821 1 1 1 Converged Converged Converged OK OK OK 45 45 45 45 45 45 3 3 3 0 0 0 0 0 1 0 0
72 72 uniform 3 7 728 1 0.001 0.59395944855810534 0.42171104421592825 8.5216011683766644e-05 0.46431567462216961 -1.249030767673486 0.46430900554299437 0 -0.28812745283409313 1.5116840976883843 OK 13 12 0.42192099999999999 0.38672200000000001 0.096713999999999994 0.32444400000000001 0.19597200000000001 0 0.09747699999999998 0.19075 0.096713999999999994 0.0093860000000000002 0.0094739999999999998 0.009044 0.074161999999999992 0.16730900000000001 0.074125999999999997 0.0021700000000000001 0.002199 0.0021810000000000002 0.00055800000000000001 0.00056499999999999996 0.00053799999999999996 1.5116840854884988 1.5116840854884988 1.5116840854884988 0.00053239494131293119 0.00053239494131293119 0.00053239494131293119 1 1 1 Converged Converged Converged OK OK OK 45 45 45 45 45 45 3 3 3 0 0 0 0 1 0 0 1
72 72 uniform 3 15 728 2 0.001 0.59395944855810534 0.42171104421592825 8.5216011683766644e-05 0.46431567462216961 -1.249030767673486 0.46432086168375036 0 -0.28813930897484918 1.5116446229839091 OK 13 12 0.41886600000000002 0.383189 0.091139999999999999 0.32681399999999999 0.19702900000000001 0 0.092052000000000023 0.18615999999999999 0.091139999999999999 0.0092270000000000008 0.0093460000000000001 0.0088350000000000008 0.068891000000000008 0.16275500000000001 0.06883199999999999 0.0021579999999999998 0.0022100000000000002 0.0021189999999999998 0.00055500000000000005 0.00056499999999999996 0.00054200000000000006 1.5116446107843893 1.5116446107843893 1.5116446107843893 0.00053238104084980743 0.00053238104084980743 0.00053238104084980743 1 1 1 Converged Converged Converged OK OK OK 45 45 45 45 45 45 3 3 3 0 0 0 0 1 0 0 1
72 72 uniform 3 23 728 3 0.001 0.59395944855810534 0.42171104421592825 8.5216011683766644e-05 0.46431567462216961 -1.249030767673486 0.46433271782450636 0 -0.28815116511560512 1.5116051660851741 OK 13 12 0.394513 0.37739899999999998 0.089118000000000003 0.303622 0.19722700000000001 0 0.090891 0.18017199999999997 0.089118000000000003 0.0092910000000000006 0.0093530000000000002 0.0088269999999999998 0.067266000000000006 0.15671599999999997 0.066829 0.0022160000000000001 0.0022289999999999996 0.0021590000000000003 0.00054999999999999992 0.00054599999999999994 0.00053800000000000007 1.5116051538869246 1.5116051538869246 1.5116051538869246 0.00053236714230007099 0.00053236714230007099 0.00053236714230007099 1 1 1 Converged Converged Converged OK OK OK 45 45 45 45 45 45 3 3 3 0 0 0 0 1 0 0 1
72 72 uniform 3 0 728 0 0.0001 0.59395944855810534 0.42171104421592825 8.5216011683766644e-05 0.46431567462216961 -1.249030767673486 0.46429863141983285 0 -0.28811707871093162 1.5117186526817608 OK 13 12 0.42165399999999997 0.419045 0.121347 0.302477 0.29993300000000001 0 0.11917699999999998 0.119112 0.121347 0.010232 0.010071 0.013362000000000001 0.087443999999999994 0.087813999999999962 0.087055000000000007 0.0030049999999999994 0.0029710000000000001 0.002967 0.000669 0.00067799999999999989 0.00067099999999999994 1.5117186404860998 1.5117186404860998 1.5117186404860998 0.00015087100304397765 0.00015087100304397765 0.00015087100304397765 1 1 1 Converged Converged Converged OK OK OK 61 61 61 61 61 61 3 3 3 0 0 0 0 0 1 0 0
72 72 uniform 3 7 728 1 0.0001 0.59395944855810534 0.42171104421592825 8.5216011683766644e-05 0.46431567462216961 -1.249030767673486 0.46430900554299437 0 -0.28812745283409313 1.5116840976883843 OK 13 12 0.44308599999999998 0.43563000000000002 0.117159 0.32424599999999998 0.19613 0 0.11884 0.23950000000000002 0.117159 0.0093399999999999993 0.0094070000000000004 0.0089429999999999996 0.09073100000000002 0.205791 0.089971999999999983 0.0030019999999999995 0.0030480000000000004 0.0029719999999999998 0.00067100000000000005 0.00066900000000000011 0.00065099999999999999 1.5116840854981048 1.5116840854981048 1.5116840854981048 0.00015085898335227474 0.00015085898335227474 0.00015085898335227474 1 1 1 Converged Converged Converged OK OK OK 61 61 61 61 61 61 3 3 3 0 0 0 0 1 0 0 1
72 72 uniform 3 15 728 2 0.0001 0.59395944855810534 0.42171104421592825 8.5216011683766644e-05 0.46431567462216961 -1.249030767673486 0.46432086168375036 0 -0.28813930897484918 1.5116446229839091 OK 13 12 0.43614399999999998 0.42953000000000002 0.11325499999999999 0.32087199999999999 0.198495 0 0.11527199999999999 0.23103500000000002 0.11325499999999999 0.0094500000000000001 0.0093690000000000006 0.0088249999999999995 0.087126000000000023 0.20244699999999999 0.086238000000000037 0.0029570000000000004 0.0031379999999999997 0.0029510000000000001 0.00066799999999999997 0.00067800000000000011 0.00066 1.5116446107910975 1.5116446107910975 1.5116446107910975 0.00015084524743231049 0.00015084524743231049 0.00015084524743231049 1 1 1 Converged Converged Converged OK OK OK 61 61 61 61 61 61 3 3 3 0 0 0 0 1 0 0 1
72 72 uniform 3 23 728 3 0.0001 0.59395944855810534 0.42171104421592825 8.5216011683766644e-05 0.46431567462216961 -1.249030767673486 0.46433271782450636 0 -0.28815116511560512 1.5116051660851741 OK 13 12 0.41550199999999998 0.430927 0.112792 0.301172 0.197848 0 0.11432999999999999 0.23307900000000001 0.112792 0.0093760000000000007 0.0093919999999999993 0.0088339999999999998 0.08605199999999999 0.20441399999999998 0.085798999999999973 0.003016 0.0030869999999999999 0.0029500000000000004 0.00068400000000000004 0.00068199999999999988 0.00064900000000000005 1.511605153893433 1.511605153893433 1.511605153893433 0.00015083152255242904 0.00015083152255242904 0.00015083152255242904 1 1 1 Converged Converged Converged OK OK OK 61 61 61 61 61 61 3 3 3 0 0 0 0 1 0 0 1
72 72 uniform 4 0 729 0 0.001 0.59395944855810534 0.42171104421592825 8.5216011683766644e-05 0.41880067167220514 -1.2991023920027835 0.41878362846986839 0 -0.24260207576096718 2.0505107612675357 OK 13 12 0.47622900000000001 0.48213800000000001 0.098100000000000007 0.37691400000000003 0.38055899999999998 0 0.099314999999999987 0.10157900000000003 0.098100000000000007 0.010776000000000001 0.01099 0.010371999999999999 0.072322999999999998 0.074289000000000022 0.071900000000000006 0.0021540000000000001 0.0022420000000000001 0.002137 0.00059000000000000003 0.00060099999999999997 0.00054799999999999998 2.0505107458062768 2.0505107458062768 2.0505107458062768 0.00072213504216865805 0.00072213504216865805 0.00072213504216865805 1 1 1 Converged Converged Converged OK OK OK 45 45 45 45 45 45 3 3 3 0 0 0 0 0 1 0 0
72 72 uniform 4 7 729 1 0.001 0.59395944855810534 0.42171104421592825 8.5216011683766644e-05 0.41880067167220514 -1.2991023920027835 0.4187940025930299 0 -0.24261244988412869 2.0500382743899537 OK 13 12 0.48017199999999999 0.42725000000000002 0.098575999999999997 0.37923600000000002 0.25698599999999999 0 0.10093599999999997 0.17026400000000003 0.098575999999999997 0.0093299999999999998 0.012604000000000001 0.012862999999999999 0.077499999999999972 0.14326800000000003 0.072155999999999998 0.0021739999999999997 0.0022590000000000002 0.0020869999999999999 0.00054800000000000009 0.00057499999999999999 0.00053200000000000003 2.0500382589228887 2.0500382589228887 2.0500382589228887 0.00072196873093603058 0.00072196873093603058 0.00072196873093603058 1 1 1 Converged Converged Converged OK OK OK 45 45 45 45 45 45 3 3 3 0 0 0 0 1 0 0 1
72 72 uniform 4 15 729 2 0.001 0.59395944855810534 0.42171104421592825 8.5216011683766644e-05 0.41880067167220514 -1.2991023920027835 0.4188058587337859 0 -0.24262430602488469 2.0494993415203524 OK 13 12 0.47754799999999997 0.41320800000000002 0.10184699999999999 0.36940600000000001 0.27041599999999999 0 0.10814199999999996 0.14279200000000003 0.10184699999999999 0.0093869999999999995 0.0094039999999999992 0.0088459999999999997 0.084063999999999986 0.11944299999999998 0.079576000000000022 0.0023049999999999998 0.002222 0.0021129999999999999 0.00060999999999999997 0.00056000000000000006 0.00052899999999999996 2.0494993260585681 2.0494993260585681 2.0494993260585681 0.00072177902548195886 0.00072177902548195886 0.00072177902548195886 1 1 1 Converged Converged Converged OK OK OK 45 45 45 45 45 45 3 3 3 0 0 0 0 1 0 0 1
72 72 uniform 4 23 729 3 0.001 0.59395944855810534 0.42171104421592825 8.5216011683766644e-05 0.41880067167220514 -1.2991023920027835 0.41881771487454189 0 -0.24263616216564068 2.0489615274584523 OK 13 12 0.50011799999999995 0.45339099999999999 0.096615999999999994 0.37852799999999998 0.26955699999999999 0 0.12158999999999998 0.183834 0.096615999999999994 0.0099950000000000004 0.0099380000000000007 0.0094599999999999997 0.096583000000000016 0.159806 0.07374 0.0023259999999999999 0.0022829999999999999 0.0021739999999999997 0.00059800000000000001 0.00056900000000000006 0.00054000000000000001 2.0489615119977729 2.0489615119977729 2.0489615119977729 0.00072158971549673989 0.00072158971549673989 0.00072158971549673989 1 1 1 Converged Converged Converged OK OK OK 45 45 45 45 45 45 3 3 3 0 0 0 0 1 0 0 1
72 72 uniform 4 0 729 0 0.0001 0.59395944855810534 0.42171104421592825 8.5216011683766644e-05 0.41880067167220514 -1.2991023920027835 0.41878362846986839 0 -0.24260207576096718 2.0505107612675357 OK 13 12 0.54295400000000005 0.54294699999999996 0.16092899999999999 0.376751 0.38076900000000002 0 0.16620300000000005 0.16217799999999993 0.16092899999999999 0.010802000000000001 0.010588999999999999 0.010290000000000001 0.127412 0.12386399999999997 0.12350000000000001 0.0041050000000000001 0.0040630000000000006 0.003803 0.00078300000000000006 0.00079500000000000003 0.00077800000000000005 2.0505107458178409 2.0505107458178409 2.0505107458178409 9.7795981137206196e-05 9.7795981137206196e-05 9.7795981137206196e-05 1 1 1 Converged Converged Converged OK OK OK 77 77 77 77 77 77 3 3 3 0 0 0 0 0 1 0 0
72 72 uniform 4 7 729 1 0.0001 0.59395944855810534 0.42171104421592825 8.5216011683766644e-05 0.41880067167220514 -1.2991023920027835 0.4187940025930299 0 -0.24261244988412869 2.0500382743899537 OK 13 12 0.53409200000000001 0.533003 0.15402199999999999 0.381191 0.25281599999999999 0 0.15290100000000001 0.28018700000000002 0.15402199999999999 0.0093930000000000003 0.0096699999999999998 0.0088319999999999996 0.11967000000000001 0.24656999999999998 0.12184700000000002 0.0037729999999999994 0.0038319999999999999 0.0037990000000000003 0.00076300000000000001 0.00076799999999999991 0.00075500000000000003 2.0500382589367825 2.0500382589367825 2.0500382589367825 9.7801546455847187e-05 9.7801546455847187e-05 9.7801546455847187e-05 1 1 1 Converged Converged Converged OK OK OK 77 77 77 77 77 77 3 3 3 0 0 0 0 1 0 0 1
72 72 uniform 4 15 729 2 0.0001 0.59395944855810534 0.42171104421592825 8.5216011683766644e-05 0.41880067167220514 -1.2991023920027835 0.4188058587337859 0 -0.24262430602488469 2.0494993415203524 OK 13 12 0.55271000000000003 0.521235 0.172926 0.37368699999999999 0.26866400000000001 0 0.17902300000000004 0.25257099999999999 0.172926 0.0094339999999999997 0.0094079999999999997 0.0088380000000000004 0.145542 0.21938399999999997 0.14096199999999998 0.0039589999999999998 0.0038930000000000002 0.0038070000000000005 0.00080199999999999998 0.00076800000000000002 0.00075099999999999993 2.0494993260736818 2.0494993260736818 2.0494993260736818 9.7807903580539879e-05 9.7807903580539879e-05 9.7807903580539879e-05 1 1 1 Converged Converged Converged OK OK OK 77 77 77 77 77 77 3 3 3 0 0 0 0 1 0 0 1
72 72 uniform 4 23 729 3 0.0001 0.59395944855810534 0.42171104421592825 8.5216011683766644e-05 0.41880067167220514 -1.2991023920027835 0.41881771487454189 0 -0.24263616216564068 2.0489615274584523 OK 13 12 0.54256700000000002 0.56239600000000001 0.15798499999999999 0.38267699999999999 0.26430700000000001 0 0.15989000000000003 0.29808899999999999 0.15798499999999999 0.0099019999999999993 0.0099539999999999993 0.0094120000000000002 0.12611100000000006 0.26369400000000009 0.12545800000000007 0.0039199999999999999 0.004071 0.00381 0.0007980000000000001 0.00081499999999999997 0.00076999999999999996 2.048961512009901 2.048961512009901 2.048961512009901 9.7814256943073462e-05 9.7814256943073462e-05 9.7814256943073462e-05 1 1 1 Converged Converged Converged OK OK OK 77 77 77 77 77 77 3 3 3 0 0 0 0 1 0 0 1
73 73 linear 0 0 730 0 0.001 2.4167658110661892 0.0039737238187508147 0.0025264036338102074 -1.9968470076391414 -0.015368838719012715 -1.9973522883659034 0.5 2.0069178373837082 8.3681775042624036 OK 14 13 0.51881500000000003 0.51586500000000002 0.170852 0.34459800000000002 0.342391 0 0.17421700000000001 0.17347400000000002 0.170852 0.0121 0.012395 0.011696 0.12658899999999998 0.12461100000000003 0.12356299999999999 0.004509 0.005097 0.0047359999999999989 0.001207 0.0012130000000000001 0.001217 8.3681928552385862 8.3681928552385862 8.3681928552385862 0.005021866311446601 0.005021866311446601 0.005021866311446601 1 1 1 Converged Converged Converged OK OK OK 97 97 97 97 97 97 7 7 7 0 0 0 0 0 1 0 0
73 73 linear 0 7 730 1 0.001 2.4167658110661892 0.0039737238187508147 0.0025264036338102074 -1.9968470076391414 -0.015368838719012715 -1.997044726184396 0.5 2.0066102752022008 9.2919121644352174 OK 14 13 0.51893999999999996 0.41064699999999998 0.15525600000000001 0.35966399999999998 0.23091999999999999 0 0.15927599999999997 0.179727 0.15525600000000001 0.011043000000000001 0.011306999999999999 0.010453 0.12444000000000005 0.14408100000000001 0.121533 0.0041459999999999995 0.0043990000000000001 0.0040949999999999997 0.00099200000000000004 0.00098800000000000016 0.00097800000000000014 9.291961255914325 9.291961255914325 9.291961255914325 0.0091618196614286149 0.0091618196614286149 0.0091618196614286149 1 1 1 Converged Converged Converged OK OK OK 89 89 89 89 89 89 7 7 7 0 0 0 0 1 0 0 1
73 73 linear 0 15 730 2 0.001 2.4167658110661892 0.0039737238187508147 0.0025264036338102074 -1.9968470076391414 -0.015368838719012715 -1.9966932265483877 0.5 2.0062587755661925 10.426901172444936 OK 14 13 0.49258099999999999 0.38203199999999998 0.15632599999999999 0.32792900000000003 0.19861899999999999 0 0.16465199999999997 0.18341299999999999 0.15632599999999999 0.011464999999999999 0.01133 0.010467000000000001 0.12671599999999994 0.14622300000000002 0.12093300000000001 0.0050689999999999997 0.0047749999999999997 0.0044150000000000005 0.00131 0.00123 0.0012619999999999999 10.426923705856415 10.426923705856415 10.426923705856415 0.0082016969298750585 0.0082016969298750585 0.0082016969298750585 1 1 1 Converged Converged Converged OK OK OK 97 97 97 97 97 97 7 7 7 0 0 0 0 1 0 0 1
73 73 linear 0 23 730 3 0.001 2.4167658110661892 0.0039737238187508147 0.0025264036338102074 -1.9968470076391414 -0.015368838719012715 -1.9963417269123793 0.5 2.0059072759301841 11.841076535757008 OK 14 13 0.50338899999999998 0.38417400000000002 0.166878 0.33045099999999999 0.199405 0 0.17293799999999998 0.18476900000000002 0.166878 0.011309 0.011219 0.010432 0.13892999999999997 0.15208899999999995 0.13517899999999994 0.0040460000000000001 0.0036189999999999998 0.0036350000000000002 0.001 0.00092999999999999995 0.00095199999999999994 11.840992943345929 11.840992943345929 11.840992943345929 0.01068480822229274 0.01068480822229274 0.01068480822229274 1 1 1 Converged Converged Converged OK OK OK 81 81 81 81 81 81 7 7 7 0 0 0 0 1 0 0 1
73 73 linear 0 0 730 0 0.0001 2.4167658110661892 0.0039737238187508147 0.0025264036338102074 -1.9968470076391414 -0.015368838719012715 -1.9973522883659034 0.5 2.0069178373837082 8.3681775042624036 OK 14 13 0.58860800000000002 0.59028400000000003 0.24113699999999999 0.33977600000000002 0.34965800000000002 0 0.248832 0.24062600000000001 0.24113699999999999 0.012361 0.012213999999999999 0.011672 0.18057800000000004 0.1739140000000001 0.17339600000000008 0.007953 0.0077879999999999998 0.0075630000000000011 0.001799 0.0016540000000000003 0.0016510000000000001 8.3681929701174287 8.3681929701174287 8.3681929701174287 0.00053141494372560148 0.00053141494372560148 0.00053141494372560148 1 1 1 Converged Converged Converged OK OK OK 145 145 145 145 145 145 7 7 7 0 0 0 0 0 1 0 0
73 73 linear 0 7 730 1 0.0001 2.4167658110661892 0.0039737238187508147 0.0025264036338102074 -1.9968470076391414 -0.015368838719012715 -1.997044726184396 0.5 2.0066102752022008 9.2919121644352174 OK 14 13 0.58507399999999998 0.48814000000000002 0.220607 0.357211 0.228551 0 0.22786299999999998 0.25958900000000001 0.220607 0.011176999999999999 0.0111 0.010495000000000001 0.17748900000000001 0.21024600000000015 0.17230600000000004 0.0073269999999999993 0.006992 0.007071 0.001604 0.0015889999999999999 0.0015779999999999998 9.2919890623364516 9.2919890623364516 9.2919890623364516 0.00065480770522732227 0.00065480770522732227 0.00065480770522732227 1 1 1 Converged Converged Converged OK OK OK 137 137 137 137 137 137 7 7 7 0 0 0 0 1 0 0 1
73 73 linear 0 15 730 2 0.0001 2.4167658110661892 0.0039737238187508147 0.0025264036338102074 -1.9968470076391414 -0.015368838719012715 -1.9966932265483877 0.5 2.0062587755661925 10.426901172444936 OK 14 13 0.59451399999999999 0.50185500000000005 0.252639 0.330571 0.19614400000000001 0 0.26394299999999998 0.30571100000000007 0.252639 0.011251000000000001 0.011235 0.010546 0.2063380000000001 0.24512499999999998 0.19740200000000008 0.0082349999999999993 0.0089069999999999983 0.0079780000000000007 0.0018919999999999998 0.0047840000000000001 0.001905 10.426948985234016 10.426948985234016 10.426948985234016 0.00040691398137565062 0.00040691398137565062 0.00040691398137565062 1 1 1 Converged Converged Converged OK OK OK 153 153 153 153 153 153 7 7 7 0 0 0 0 1 0 0 1
73 73 linear 0 23 730 3 0.0001 2.4167658110661892 0.0039737238187508147 0.0025264036338102074 -1.9968470076391414 -0.015368838719012715 -1.9963417269123793 0.5 2.0059072759301841 11.841076535757008 OK 14 13 0.58695399999999998 0.48219699999999999 0.24569199999999999 0.33305099999999999 0.20266899999999999 0 0.25390299999999999 0.279528 0.24569199999999999 0.011259 0.011323 0.010392999999999999 0.20714900000000008 0.23316699999999999 0.2018599999999999 0.0066140000000000001 0.0065099999999999993 0.0058829999999999993 0.0014600000000000001 0.0014329999999999998 0.0013520000000000001 11.841019284460069 11.841019284460069 11.841019284460069 0.00088545239745623872 0.00088545239745623872 0.00088545239745623872 1 1 1 Converged Converged Converged OK OK OK 121 121 121 121 121 121 7 7 7 0 0 0 0 1 0 0 1
73 73 linear 1 0 731 0 0.001 2.4167658110661892 0.0039737238187508147 0.0025264036338102074 0.009588542976101044 0.0010566864861775551 0.0090832622493390025 0.5 0.00048228676846586577 688.17833894783109 OK 13 12 0.85032600000000003 0.83800200000000002 0.280476 0.56279000000000001 0.55305700000000002 0 0.28753600000000001 0.284945 0.280476 0.0082889999999999995 0.0077580000000000001 0.007731 0.24100599999999997 0.23833900000000008 0.23536699999999988 0.0049420000000000002 0.0056399999999999992 0.0052779999999999997 0.001379 0.0014710000000000001 0.0014289999999999997 688.18418371518726 688.18418371518726 688.18418371518726 0.53187469687994005 0.53187469687994005 0.53187469687994005 1 1 1 Converged Converged Converged OK OK OK 112 112 112 112 112 112 8 8 8 0 0 0 0 0 1 0 0
73 73 linear 1 7 731 1 0.001 2.4167658110661892 0.0039737238187508147 0.0025264036338102074 0.009588542976101044 0.0010566864861775551 0.0093908244308463316 0.5 0.0001747245869585367 640.9417199436067 OK 14 13 0.78576299999999999 0.82167699999999999 0.32533800000000002 0.44481199999999999 0.320525 0 0.340951 0.50115200000000004 0.32533800000000002 0.010796 0.010795000000000001 0.010214000000000001 0.28503099999999992 0.4476919999999997 0.27384500000000001 0.0083770000000000008 0.0072840000000000005 0.0068360000000000001 0.00174 0.001683 0.0016620000000000001 640.94558164673208 640.94558164673208 640.94558164673208 0.2156872244792154 0.2156872244792154 0.2156872244792154 1 1 1 Converged Converged Converged OK OK OK 135 135 135 135 135 135 9 9 9 0 0 0 0 1 0 0 1
73 73 linear 1 15 731 2 0.001 2.4167658110661892 0.0039737238187508147 0.0025264036338102074 0.009588542976101044 0.0010566864861775551 0.0097423240668547094 0.5 -0.00017677504904984112 585.15795932513572 OK 14 13 0.89069900000000002 0.92430599999999996 0.31733600000000001 0.55838399999999999 0.42988500000000002 0 0.33231500000000003 0.49442099999999994 0.31733600000000001 0.010057999999999999 0.010315 0.0093410000000000003 0.28469700000000014 0.44448900000000002 0.27258399999999988 0.007278999999999999 0.0086220000000000012 0.0064809999999999998 0.0016780000000000002 0.0018029999999999999 0.00165 585.16069676787617 585.16069676787617 585.16069676787617 0.13645107625117825 0.13645107625117825 0.13645107625117825 1 1 1 Converged Converged Converged OK OK OK 135 135 135 135 135 135 9 9 9 0 0 0 0 1 0 0 1
73 73 linear 1 23 731 3 0.001 2.4167658110661892 0.0039737238187508147 0.0025264036338102074 0.009588542976101044 0.0010566864861775551 0.010093823702863085 0.5 -0.0005282746850582172 522.40505364957073 OK 15 14 0.84836999999999996 0.86993200000000004 0.30703599999999998 0.527258 0.40709800000000002 0 0.32111199999999995 0.46283400000000002 0.30703599999999998 0.010916 0.010895999999999999 0.0098960000000000003 0.27316699999999983 0.41425899999999988 0.26220099999999996 0.0070290000000000005 0.0075700000000000003 0.0063210000000000002 0.0017439999999999997 0.001737 0.0015939999999999999 522.4062336034234 522.4062336034234 522.4062336034234 0.37461587783974171 0.37461587783974171 0.37461587783974171 1 1 1 Converged Converged Converged OK OK OK 134 134 134 134 134 134 10 10 10 0 0 0 0 1 0 0 1
73 73 linear 1 0 731 0 0.0001 2.4167658110661892 0.0039737238187508147 0.0025264036338102074 0.009588542976101044 0.0010566864861775551 0.0090832622493390025 0.5 0.00048228676846586577 688.17833894783109 OK 13 12 0.877058 0.87429999999999997 0.31409199999999998 0.55511699999999997 0.55416799999999999 0 0.32194100000000003 0.32013199999999997 0.31409199999999998 0.0079220000000000002 0.0084880000000000008 0.00777 0.26718500000000001 0.2666139999999998 0.26379800000000003 0.0056780000000000008 0.006803 0.0058370000000000002 0.0016519999999999998 0.0017389999999999997 0.001622 688.18628706038555 688.18628706038555 688.18628706038555 0.055908222465576723 0.055908222465576723 0.055908222465576723 1 1 1 Converged Converged Converged OK OK OK 128 128 128 128 128 128 8 8 8 0 0 0 0 0 1 0 0
73 73 linear 1 7 731 1 0.0001 2.4167658110661892 0.0039737238187508147 0.0025264036338102074 0.009588542976101044 0.0010566864861775551 0.0093908244308463316 0.5 0.0001747245869585367 640.9417199436067 OK 14 13 0.795462 0.88433700000000004 0.33600600000000003 0.44734099999999999 0.33320699999999998 0 0.34812100000000001 0.55113000000000012 0.33600600000000003 0.010456 0.011464999999999999 0.010319999999999999 0.29548100000000005 0.49503799999999998 0.28343900000000016 0.0069569999999999996 0.0079509999999999997 0.0074290000000000007 0.0018259999999999999 0.0021250000000000002 0.0019550000000000001 640.94559021602493 640.94559021602493 640.94559021602493 0.058037294264585843 0.058037294264585843 0.058037294264585843 1 1 1 Converged Converged Converged OK OK OK 143 143 143 143 143 143 9 9 9 0 0 0 0 1 0 0 1
73 73 linear 1 15 731 2 0.0001 2.4167658110661892 0.0039737238187508147 0.0025264036338102074 0.009588542976101044 0.0010566864861775551 0.0097423240668547094 0.5 -0.00017677504904984112 585.15795932513572 OK 14 13 0.92494100000000001 1.050578 0.35425600000000002 0.55749199999999999 0.43989400000000001 0 0.36744900000000003 0.610684 0.35425600000000002 0.00975 0.01056 0.0092969999999999997 0.3123149999999999 0.55249900000000007 0.30025299999999999 0.0079070000000000008 0.0088929999999999999 0.0083770000000000008 0.0019119999999999999 0.0020010000000000002 0.0019329999999999998 585.16071846920534 585.16071846920534 585.16071846920534 0.047271782737623662 0.047271782737623662 0.047271782737623662 1 1 1 Converged Converged Converged OK OK OK 159 159 159 159 159 159 9 9 9 0 0 0 0 1 0 0 1
73 73 linear 1 23 731 3 0.0001 2.4167658110661892 0.0039737238187508147 0.0025264036338102074 0.009588542976101044 0.0010566864861775551 0.010093823702863085 0.5 -0.0005282746850582172 522.40505364957073 OK 15 14 0.93736699999999995 1.059639 0.38869399999999998 0.52977799999999997 0.40059099999999997 0 0.40758899999999998 0.65904800000000008 0.38869399999999998 0.010869 0.010997 0.012692999999999999 0.34063899999999997 0.5933790000000001 0.32391500000000012 0.011013999999999999 0.010246999999999999 0.0091680000000000008 0.0022860000000000003 0.0022260000000000001 0.0020579999999999999 522.40688398006796 522.40688398006796 522.40688398006796 0.016685279531467919 0.016685279531467919 0.016685279531467919 1 1 1 Converged Converged Converged OK OK OK 182 182 182 182 182 182 10 10 10 0 0 0 0 1 0 0 1
73 73 linear 2 0 732 0 0.001 2.4167658110661892 0.0039737238187508147 0.0025264036338102074 -1.9963417537609462 -0.011070802727345496 -1.9968470344877083 0.5 2.0064125835055133 10.286566630884236 OK 14 13 0.52496200000000004 0.52523200000000003 0.176594 0.34046500000000002 0.34240900000000002 0 0.18449700000000002 0.18282300000000001 0.176594 0.012656000000000001 0.012305 0.012153000000000001 0.13275599999999987 0.13271999999999998 0.12578400000000001 0.0051779999999999994 0.0048900000000000002 0.0052029999999999993 0.0014989999999999999 0.0013219999999999998 0.0014210000000000002 10.286573956461387 10.286573956461387 10.286573956461387 0.0090037293836289726 0.0090037293836289726 0.0090037293836289726 1 1 1 Converged Converged Converged OK OK OK 104 104 104 104 104 104 8 8 8 0 0 0 0 0 1 0 0
73 73 linear 2 7 732 1 0.001 2.4167658110661892 0.0039737238187508147 0.0025264036338102074 -1.9963417537609462 -0.011070802727345496 -1.9965394723062009 0.5 2.0061050213240059 10.113046489453001 OK 14 13 0.54599200000000003 0.43624200000000002 0.172037 0.36595499999999997 0.22845699999999999 0 0.18003700000000006 0.20778500000000003 0.172037 0.011313 0.011684 0.010791 0.14083200000000004 0.16798600000000002 0.13351999999999997 0.0049179999999999996 0.0051130000000000004 0.0050310000000000007 0.001294 0.0013919999999999998 0.0013860000000000001 10.113033441262282 10.113033441262282 10.113033441262282 0.0096022070568502951 0.0096022070568502951 0.0096022070568502951 1 1 1 Converged Converged Converged OK OK OK 104 104 104 104 104 104 8 8 8 0 0 0 0 1 0 0 1
73 73 linear 2 15 732 2 0.001 2.4167658110661892 0.0039737238187508147 0.0025264036338102074 -1.9963417537609462 -0.011070802727345496 -1.9961879726701925 0.5 2.0057535216879976 9.6844811219453515 OK 14 13 0.560724 0.43904500000000002 0.19300100000000001 0.36550300000000002 0.23091400000000001 0 0.19522099999999998 0.20813100000000001 0.19300100000000001 0.011344 0.011499000000000001 0.010619 0.15128499999999992 0.16439199999999998 0.150809 0.0060440000000000008 0.0060080000000000003 0.005984999999999999 0.0014629999999999999 0.001474 0.001433 9.6844398153944944 9.6844398153944944 9.6844398153944944 0.0081851448596701269 0.0081851448596701269 0.0081851448596701269 1 1 1 Converged Converged Converged OK OK OK 120 120 120 120 120 120 8 8 8 0 0 0 0 1 0 0 1
73 73 linear 2 23 732 3 0.001 2.4167658110661892 0.0039737238187508147 0.0025264036338102074 -1.9963417537609462 -0.011070802727345496 -1.9958364730341842 0.5 2.0054020220519893 9.1205709815248408 OK 15 14 0.55517000000000005 0.43584200000000001 0.195629 0.35786099999999998 0.20791100000000001 0 0.19730900000000007 0.22793099999999999 0.195629 0.014487 0.014585000000000001 0.013762 0.15182900000000008 0.1824339999999999 0.15121300000000001 0.0054860000000000013 0.0055279999999999999 0.0055949999999999993 0.001382 0.001464 0.0014459999999999998 9.120572103062079 9.120572103062079 9.120572103062079 0.0051863389504594902 0.0051863389504594902 0.0051863389504594902 1 1 1 Converged Converged Converged OK OK OK 112 112 112 112 112 112 8 8 8 0 0 0 0 1 0 0 1
73 73 linear 2 0 732 0 0.0001 2.4167658110661892 0.0039737238187508147 0.0025264036338102074 -1.9963417537609462 -0.011070802727345496 -1.9968470344877083 0.5 2.0064125835055133 10.286566630884236 OK 14 13 0.60385 0.60374099999999997 0.252307 0.34105799999999997 0.34797800000000001 0 0.26279200000000003 0.25576299999999996 0.252307 0.012640999999999999 0.012822999999999999 0.011908 0.18896900000000003 0.180981 0.17962700000000006 0.0080350000000000005 0.0085649999999999997 0.0079559999999999995 0.0020499999999999997 0.0020699999999999998 0.001872 10.286576040736291 10.286576040736291 10.286576040736291 0.00023942785708523632 0.00023942785708523632 0.00023942785708523632 1 1 1 Converged Converged Converged OK OK OK 160 160 160 160 160 160 8 8 8 0 0 0 0 0 1 0 0
73 73 linear 2 7 732 1 0.0001 2.4167658110661892 0.0039737238187508147 0.0025264036338102074 -1.9963417537609462 -0.011070802727345496 -1.9965394723062009 0.5 2.0061050213240059 10.113046489453001 OK 14 13 0.61968100000000004 0.52823200000000003 0.244366 0.36893599999999999 0.234981 0 0.25074500000000005 0.29325100000000004 0.244366 0.011285 0.011646 0.010652 0.196904 0.23746399999999998 0.19098800000000002 0.0078890000000000002 0.0085260000000000023 0.0082190000000000006 0.0018809999999999999 0.0020370000000000002 0.0019579999999999997 10.113065432011737 10.113065432011737 10.113065432011737 0.00056777299006753829 0.00056777299006753829 0.00056777299006753829 1 1 1 Converged Converged Converged OK OK OK 160 160 160 160 160 160 8 8 8 0 0 0 0 1 0 0 1
73 73 linear 2 15 732 2 0.0001 2.4167658110661892 0.0039737238187508147 0.0025264036338102074 -1.9963417537609462 -0.011070802727345496 -1.9961879726701925 0.5 2.0057535216879976 9.6844811219453515 OK 14 13 0.63380899999999996 0.52815800000000002 0.254637 0.36691499999999999 0.236347 0 0.26689399999999996 0.29181100000000004 0.254637 0.011299999999999999 0.011561 0.010607999999999999 0.21237899999999982 0.23632899999999998 0.20158899999999996 0.0079459999999999999 0.0084020000000000015 0.0080479999999999996 0.0020509999999999999 0.002016 0.0019460000000000002 9.6844651241316893 9.6844651241316893 9.6844651241316893 0.00076064777451985649 0.00076064777451985649 0.00076064777451985649 1 1 1 Converged Converged Converged OK OK OK 160 160 160 160 160 160 8 8 8 0 0 0 0 1 0 0 1
73 73 linear 2 23 732 3 0.0001 2.4167658110661892 0.0039737238187508147 0.0025264036338102074 -1.9963417537609462 -0.011070802727345496 -1.9958364730341842 0.5 2.0054020220519893 9.1205709815248408 OK 15 14 0.62925799999999998 0.52468800000000004 0.26770300000000002 0.35292099999999998 0.21235100000000001 0 0.276337 0.31233700000000003 0.26770300000000002 0.014678 0.014683 0.013931000000000001 0.21581399999999998 0.25279399999999996 0.20975700000000005 0.0088529999999999998 0.0084759999999999992 0.0084650000000000003 0.0019039999999999999 0.0018139999999999996 0.001887 9.1205621713652238 9.1205621713652238 9.1205621713652238 0.00058125114072778345 0.00058125114072778345 0.00058125114072778345 1 1 1 Converged Converged Converged OK OK OK 160 160 160 160 160 160 8 8 8 0 0 0 0 1 0 0 1
73 73 linear 3 0 733 0 0.001 2.4167658110661892 0.0039737238187508147 0.0025264036338102074 -2.0128636562728275 0.0049988196121732963 -2.0133689369995897 0.5 2.0229344860173946 2.7110405469828791 OK 13 12 0.41909600000000002 0.41494599999999998 0.098641999999999994 0.31653100000000001 0.31518699999999999 0 0.10256500000000002 0.099758999999999987 0.098641999999999994 0.0090539999999999995 0.0090320000000000001 0.0084049999999999993 0.071542999999999982 0.069198999999999969 0.068944999999999979 0.0032429999999999994 0.003153 0.0031679999999999998 0.00070600000000000003 0.00069899999999999986 0.00071100000000000004 2.7110388913342454 2.7110388913342454 2.7110388913342454 0.0009133069699789998 0.0009133069699789998 0.0009133069699789998 1 1 1 Converged Converged Converged OK OK OK 61 61 61 61 61 61 3 3 3 0 0 0 0 0 1 0 0
73 73 linear 3 7 733 1 0.001 2.4167658110661892 0.0039737238187508147 0.0025264036338102074 -2.0128636562728275 0.0049988196121732963 -2.0130613748180823 0.5 2.0226269238358872 2.6954231550198497 OK 13 12 0.42562800000000001 0.31433800000000001 0.096283999999999995 0.32474399999999998 0.19308900000000001 0 0.10088400000000003 0.121249 0.096283999999999995 0.0081939999999999999 0.0082369999999999995 0.0078100000000000001 0.073223999999999997 0.09400399999999999 0.069955000000000003 0.0033449999999999999 0.0031519999999999999 0.0030890000000000002 0.00072200000000000009 0.00071699999999999997 0.00069500000000000009 2.6954215347972488 2.6954215347972488 2.6954215347972488 0.00092374384444710044 0.00092374384444710044 0.00092374384444710044 1 1 1 Converged Converged Converged OK OK OK 61 61 61 61 61 61 3 3 3 0 0 0 0 1 0 0 1
73 73 linear 3 15 733 2 0.001 2.4167658110661892 0.0039737238187508147 0.0025264036338102074 -2.0128636562728275 0.0049988196121732963 -2.012709875182074 0.5 2.0222754241998788 2.6782247736411744 OK 13 12 0.40087299999999998 0.300404 0.093543000000000001 0.30345899999999998 0.17979100000000001 0 0.097414000000000001 0.120613 0.093543000000000001 0.0081860000000000006 0.0083219999999999995 0.0076480000000000003 0.07010000000000001 0.093341000000000007 0.067363000000000006 0.003258 0.0032519999999999997 0.0031590000000000003 0.00068900000000000005 0.00070399999999999998 0.00068800000000000003 2.6782231779509371 2.6782231779509371 2.6782231779509371 0.00093587299588805152 0.00093587299588805152 0.00093587299588805152 1 1 1 Converged Converged Converged OK OK OK 61 61 61 61 61 61 3 3 3 0 0 0 0 1 0 0 1
73 73 linear 3 23 733 3 0.001 2.4167658110661892 0.0039737238187508147 0.0025264036338102074 -2.0128636562728275 0.0049988196121732963 -2.0123583755460652 0.5 2.02192392456387 2.6617406850726879 OK 13 12 0.41971700000000001 0.298008 0.092391000000000001 0.32367400000000002 0.18090500000000001 0 0.096042999999999989 0.11710299999999998 0.092391000000000001 0.0081910000000000004 0.008201 0.0076309999999999998 0.068744 0.090096000000000009 0.066404999999999992 0.0031520000000000003 0.0031860000000000005 0.0030569999999999998 0.00074200000000000004 0.00071200000000000007 0.00071000000000000002 2.661739113075249 2.661739113075249 2.661739113075249 0.00094822171823228611 0.00094822171823228611 0.00094822171823228611 1 1 1 Converged Converged Converged OK OK OK 61 61 61 61 61 61 3 3 3 0 0 0 0 1 0 0 1
73 73 linear 3 0 733 0 0.0001 2.4167658110661892 0.0039737238187508147 0.0025264036338102074 -2.0128636562728275 0.0049988196121732963 -2.0133689369995897 0.5 2.0229344860173946 2.7110405469828791 OK 13 12 0.44153399999999998 0.44104900000000002 0.120953 0.31712600000000002 0.319276 0 0.12440799999999996 0.12177300000000002 0.120953 0.0086820000000000005 0.0089730000000000001 0.0087309999999999992 0.088232999999999978 0.085851999999999998 0.085232000000000002 0.0039760000000000004 0.0039100000000000003 0.0039430000000000003 0.00080400000000000003 0.00080499999999999994 0.00078200000000000003 2.7110388912682959 2.7110388912682959 2.7110388912682959 4.9383136380463785e-05 4.9383136380463785e-05 4.9383136380463785e-05 1 1 1 Converged Converged Converged OK OK OK 77 77 77 77 77 77 3 3 3 0 0 0 0 0 1 0 0
73 73 linear 3 7 733 1 0.0001 2.4167658110661892 0.0039737238187508147 0.0025264036338102074 -2.0128636562728275 0.0049988196121732963 -2.0130613748180823 0.5 2.0226269238358872 2.6954231550198497 OK 13 12 0.44536900000000001 0.340368 0.11776300000000001 0.32323499999999999 0.19481899999999999 0 0.12213400000000002 0.14554900000000001 0.11776300000000001 0.0082730000000000008 0.0083440000000000007 0.0077320000000000002 0.089992999999999976 0.11345300000000001 0.086662999999999962 0.0040499999999999998 0.0039979999999999998 0.0039229999999999994 0.00082600000000000002 0.00079600000000000005 0.000785 2.6954215347187116 2.6954215347187116 2.6954215347187116 4.940565259596226e-05 4.940565259596226e-05 4.940565259596226e-05 1 1 1 Converged Converged Converged OK OK OK 77 77 77 77 77 77 3 3 3 0 0 0 0 1 0 0 1
73 73 linear 3 15 733 2 0.0001 2.4167658110661892 0.0039737238187508147 0.0025264036338102074 -2.0128636562728275 0.0049988196121732963 -2.012709875182074 0.5 2.0222754241998788 2.6782247736411744 OK 13 12 0.427728 0.32036599999999998 0.114717 0.30889699999999998 0.17563300000000001 0 0.11883100000000002 0.14473299999999997 0.114717 0.0082209999999999991 0.0082059999999999998 0.0076270000000000001 0.086705000000000004 0.11288599999999999 0.083592 0.0040080000000000003 0.0040430000000000006 0.0039949999999999994 0.00078100000000000001 0.00078200000000000003 0.00076999999999999996 2.6782231778572529 2.6782231778572529 2.6782231778572529 4.9431330900345239e-05 4.9431330900345239e-05 4.9431330900345239e-05 1 1 1 Converged Converged Converged OK OK OK 77 77 77 77 77 77 3 3 3 0 0 0 0 1 0 0 1
73 73 linear 3 23 733 3 0.0001 2.4167658110661892 0.0039737238187508147 0.0025264036338102074 -2.0128636562728275 0.0049988196121732963 -2.0123583755460652 0.5 2.02192392456387 2.6617406850726879 OK 13 12 0.44118499999999999 0.32123800000000002 0.113747 0.32325300000000001 0.179754 0 0.11793199999999998 0.14148400000000003 0.113747 0.0081040000000000001 0.0082360000000000003 0.0076340000000000002 0.085932999999999982 0.10964700000000005 0.082993999999999971 0.0040250000000000008 0.0041019999999999997 0.0038779999999999999 0.00081099999999999998 0.00082100000000000001 0.000825 2.6617391129655745 2.6617391129655745 2.6617391129655745 4.9456960811336263e-05 4.9456960811336263e-05 4.9456960811336263e-05 1 1 1 Converged Converged Converged OK OK OK 77 77 77 77 77 77 3 3 3 0 0 0 0 1 0 0 1
73 73 linear 4 0 734 0 0.001 2.4167658110661892 0.0039737238187508147 0.0025264036338102074 -1.9893243310780264 -0.017030303848540158 -1.9898296118047885 0.5 1.9993951608225933 2.6088696073214011 OK 13 12 0.40517599999999998 0.40725800000000001 0.103605 0.297763 0.30260199999999998 0 0.10741299999999998 0.10465600000000003 0.103605 0.0090760000000000007 0.009214 0.0085210000000000008 0.076031000000000015 0.073983000000000007 0.073641000000000012 0.0033280000000000002 0.0031249999999999997 0.0032200000000000002 0.00081599999999999999 0.000745 0.000794 2.6088680771107047 2.6088680771107047 2.6088680771107047 0.0021019937826123104 0.0021019937826123104 0.0021019937826123104 1 1 1 Converged Converged Converged OK OK OK 61 61 61 61 61 61 3 3 3 0 0 0 0 0 1 0 0
73 73 linear 4 7 734 1 0.001 2.4167658110661892 0.0039737238187508147 0.0025264036338102074 -1.9893243310780264 -0.017030303848540158 -1.9895220496232811 0.5 1.9990875986410859 2.5637975999726605 OK 13 12 0.41809499999999999 0.30285000000000001 0.099786 0.31367299999999998 0.18119099999999999 0 0.10442200000000001 0.12165900000000002 0.099786 0.0083960000000000007 0.0082950000000000003 0.0076689999999999996 0.076038999999999968 0.094327000000000022 0.073766999999999985 0.0034529999999999999 0.0033320000000000003 0.0031779999999999998 0.00077399999999999995 0.00071999999999999994 0.00066200000000000005 2.5637961307434143 2.5637961307434143 2.5637961307434143 0.0020438632313325919 0.0020438632313325919 0.0020438632313325919 1 1 1 Converged Converged Converged OK OK OK 61 61 61 61 61 61 3 3 3 0 0 0 0 1 0 0 1
73 73 linear 4 15 734 2 0.001 2.4167658110661892 0.0039737238187508147 0.0025264036338102074 -1.9893243310780264 -0.017030303848540158 -1.9891705499872727 0.5 1.9987360990050775 2.5166806551372187 OK 13 12 0.40234500000000001 0.29509200000000002 0.096158999999999994 0.30241899999999999 0.17094200000000001 0 0.099926000000000015 0.12415000000000001 0.096158999999999994 0.0082629999999999995 0.0083719999999999992 0.007685 0.072424000000000002 0.096731999999999999 0.06983499999999998 0.003225 0.003215 0.0032360000000000002 0.000767 0.00076400000000000003 0.00078300000000000006 2.5166791773907806 2.5166791773907806 2.5166791773907806 0.0019811366116210074 0.0019811366116210074 0.0019811366116210074 1 1 1 Converged Converged Converged OK OK OK 61 61 61 61 61 61 3 3 3 0 0 0 0 1 0 0 1
73 73 linear 4 23 734 3 0.001 2.4167658110661892 0.0039737238187508147 0.0025264036338102074 -1.9893243310780264 -0.017030303848540158 -1.9888190503512644 0.5 1.9983845993690692 2.473601624450954 OK 13 12 0.50559799999999999 0.38870399999999999 0.099609000000000003 0.40628900000000001 0.26294699999999999 0 0.099308999999999981 0.12575700000000001 0.099609000000000003 0.0083219999999999995 0.0083389999999999992 0.0076649999999999999 0.071596000000000035 0.098349999999999993 0.073379000000000014 0.003323 0.0033449999999999999 0.0031880000000000003 0.00078600000000000002 0.00076500000000000005 0.00065499999999999998 2.4736001568459249 2.4736001568459249 2.4736001568459249 0.0019226053654570238 0.0019226053654570238 0.0019226053654570238 1 1 1 Converged Converged Converged OK OK OK 61 61 61 61 61 61 3 3 3 0 0 0 0 1 0 0 1
73 73 linear 4 0 734 0 0.0001 2.4167658110661892 0.0039737238187508147 0.0025264036338102074 -1.9893243310780264 -0.017030303848540158 -1.9898296118047885 0.5 1.9993951608225933 2.6088696073214011 OK 13 12 0.43281399999999998 0.428203 0.127582 0.29832599999999998 0.30066599999999999 0 0.134488 0.12753700000000001 0.127582 0.0088920000000000006 0.0090650000000000001 0.0088500000000000002 0.097953999999999999 0.091323000000000015 0.091164000000000009 0.0040090000000000004 0.0040510000000000008 0.0041009999999999996 0.00082700000000000004 0.00079500000000000013 0.00086199999999999992 2.6088680760935183 2.6088680760935183 2.6088680760935183 5.1102935977623741e-05 5.1102935977623741e-05 5.1102935977623741e-05 1 1 1 Converged Converged Converged OK OK OK 77 77 77 77 77 77 3 3 3 0 0 0 0 0 1 0 0
73 73 linear 4 7 734 1 0.0001 2.4167658110661892 0.0039737238187508147 0.0025264036338102074 -1.9893243310780264 -0.017030303848540158 -1.9895220496232811 0.5 1.9990875986410859 2.5637975999726605 OK 13 12 0.435 0.329573 0.124975 0.30656699999999998 0.18310699999999999 0 0.12843300000000002 0.14646600000000001 0.124975 0.0083479999999999995 0.0083909999999999992 0.007698 0.096290000000000001 0.11412099999999996 0.093876000000000001 0.0040559999999999997 0.004163 0.0041149999999999997 0.00081999999999999998 0.00083099999999999992 0.00079900000000000001 2.5637961294311231 2.5637961294311231 2.5637961294311231 5.1126446838874019e-05 5.1126446838874019e-05 5.1126446838874019e-05 1 1 1 Converged Converged Converged OK OK OK 77 77 77 77 77 77 3 3 3 0 0 0 0 1 0 0 1
73 73 linear 4 15 734 2 0.0001 2.4167658110661892 0.0039737238187508147 0.0025264036338102074 -1.9893243310780264 -0.017030303848540158 -1.9891705499872727 0.5 1.9987360990050775 2.5166806551372187 OK 13 12 0.42527399999999999 0.31570700000000002 0.12117600000000001 0.30033300000000002 0.16724600000000001 0 0.12494099999999997 0.14846100000000001 0.12117600000000001 0.0082019999999999992 0.0083610000000000004 0.0076839999999999999 0.092850999999999989 0.11629199999999998 0.090197000000000013 0.004058 0.0041390000000000003 0.0040289999999999996 0.00087399999999999999 0.00085399999999999994 0.00082600000000000013 2.5166791759965621 2.5166791759965621 2.5166791759965621 5.1153234972611047e-05 5.1153234972611047e-05 5.1153234972611047e-05 1 1 1 Converged Converged Converged OK OK OK 77 77 77 77 77 77 3 3 3 0 0 0 0 1 0 0 1
73 73 linear 4 23 734 3 0.0001 2.4167658110661892 0.0039737238187508147 0.0025264036338102074 -1.9893243310780264 -0.017030303848540158 -1.9888190503512644 0.5 1.9983845993690692 2.473601624450954 OK 13 12 0.52923500000000001 0.41821900000000001 0.12081799999999999 0.40412999999999999 0.26740700000000001 0 0.12510500000000002 0.150812 0.12081799999999999 0.0082260000000000007 0.0082269999999999999 0.0077060000000000002 0.092750000000000013 0.11884000000000003 0.089861999999999984 0.0041679999999999998 0.0040540000000000003 0.0040010000000000002 0.00083900000000000001 0.00084600000000000007 0.00078400000000000008 2.4736001554283691 2.4736001554283691 2.4736001554283691 5.1179928000513123e-05 5.1179928000513123e-05 5.1179928000513123e-05 1 1 1 Converged Converged Converged OK OK OK 77 77 77 77 77 77 3 3 3 0 0 0 0 1 0 0 1
73 73 uniform 0 0 735 0 0.001 2.4167658110661892 0.0039737238187508147 0.0025264036338102074 -1.9968470076391414 -0.015368838719012715 -1.9973522883659034 0 2.0069178373837082 8.4037572354654504 OK 14 13 0.47965099999999999 0.48104999999999998 0.13522600000000001 0.34383999999999998 0.34492899999999999 0 0.13581100000000002 0.13612099999999999 0.13522600000000001 0.011993 0.012194999999999999 0.011603 0.091902999999999999 0.092100000000000015 0.091792999999999986 0.004006 0.0039829999999999996 0.003908 0.0011020000000000001 0.0010740000000000001 0.001062 8.403763010601951 8.403763010601951 8.403763010601951 0.0055405780100395187 0.0055405780100395187 0.0055405780100395187 1 1 1 Converged Converged Converged OK OK OK 89 89 89 89 89 89 7 7 7 0 0 0 0 0 1 0 0
73 73 uniform 0 7 735 1 0.001 2.4167658110661892 0.0039737238187508147 0.0025264036338102074 -1.9968470076391414 -0.015368838719012715 -1.997044726184396 0 2.0066102752022008 9.2609199787620557 OK 14 13 0.49158400000000002 0.39038299999999998 0.13386899999999999 0.35573100000000002 0.225632 0 0.135853 0.16475099999999998 0.13386899999999999 0.011063 0.011211 0.010474000000000001 0.10023699999999998 0.12951900000000005 0.099765999999999966 0.0040390000000000001 0.00398 0.0039360000000000003 0.00098600000000000011 0.001 0.001016 9.2609244400362378 9.2609244400362378 9.2609244400362378 0.0055169619436327942 0.0055169619436327942 0.0055169619436327942 1 1 1 Converged Converged Converged OK OK OK 89 89 89 89 89 89 7 7 7 0 0 0 0 1 0 0 1
73 73 uniform 0 15 735 2 0.001 2.4167658110661892 0.0039737238187508147 0.0025264036338102074 -1.9968470076391414 -0.015368838719012715 -1.9966932265483877 0 2.0062587755661925 10.350234511759769 OK 14 13 0.45730900000000002 0.34399299999999999 0.123154 0.33081300000000002 0.19538900000000001 0 0.126496 0.14860399999999999 0.123154 0.011082 0.011337 0.010473 0.091879000000000002 0.11405399999999997 0.090174000000000018 0.003993 0.0039919999999999999 0.0038070000000000001 0.0011150000000000001 0.001065 0.0010570000000000002 10.35023714140007 10.35023714140007 10.35023714140007 0.0074295800956464524 0.0074295800956464524 0.0074295800956464524 1 1 1 Converged Converged Converged OK OK OK 89 89 89 89 89 89 7 7 7 0 0 0 0 1 0 0 1
73 73 uniform 0 23 735 3 0.001 2.4167658110661892 0.0039737238187508147 0.0025264036338102074 -1.9968470076391414 -0.015368838719012715 -1.9963417269123793 0 2.0059072759301841 11.773397380367266 OK 14 13 0.45357399999999998 0.34548000000000001 0.124224 0.32710499999999998 0.20299 0 0.126469 0.14249000000000001 0.124224 0.011192000000000001 0.011135000000000001 0.010454 0.093547000000000005 0.11016599999999999 0.092867999999999992 0.003643 0.0035960000000000002 0.003542 0.00085199999999999989 0.00081399999999999994 0.00085799999999999993 11.773390640058475 11.773390640058475 11.773390640058475 0.007113854969242682 0.007113854969242682 0.007113854969242682 1 1 1 Converged Converged Converged OK OK OK 81 81 81 81 81 81 7 7 7 0 0 0 0 1 0 0 1
73 73 uniform 0 0 735 0 0.0001 2.4167658110661892 0.0039737238187508147 0.0025264036338102074 -1.9968470076391414 -0.015368838719012715 -1.9973522883659034 0 2.0069178373837082 8.4037572354654504 OK 14 13 0.53720000000000001 0.53413100000000002 0.19215199999999999 0.34611599999999998 0.34055099999999999 0 0.19108400000000003 0.19358000000000003 0.19215199999999999 0.01205 0.012286 0.011689 0.12920099999999995 0.130361 0.13003300000000004 0.0064210000000000005 0.0069529999999999991 0.0067809999999999988 0.0015970000000000001 0.0016429999999999999 0.0017320000000000002 8.4037571879189485 8.4037571879189485 8.4037571879189485 0.00044748443106271927 0.00044748443106271927 0.00044748443106271927 1 1 1 Converged Converged Converged OK OK OK 137 137 137 137 137 137 7 7 7 0 0 0 0 0 1 0 0
73 73 uniform 0 7 735 1 0.0001 2.4167658110661892 0.0039737238187508147 0.0025264036338102074 -1.9968470076391414 -0.015368838719012715 -1.997044726184396 0 2.0066102752022008 9.2609199787620557 OK 14 13 0.527115 0.42488900000000002 0.166655 0.35994700000000002 0.22690099999999999 0 0.16716799999999998 0.19798800000000003 0.166655 0.011232000000000001 0.011186 0.010444999999999999 0.12562399999999996 0.15527299999999997 0.12544799999999992 0.0053620000000000004 0.0058629999999999993 0.0056179999999999997 0.0014150000000000002 0.0014569999999999997 0.0014130000000000002 9.2609201419266061 9.2609201419266061 9.2609201419266061 0.00088203749674098657 0.00088203749674098657 0.00088203749674098657 1 1 1 Converged Converged Converged OK OK OK 121 121 121 121 121 121 7 7 7 0 0 0 0 1 0 0 1
73 73 uniform 0 15 735 2 0.0001 2.4167658110661892 0.0039737238187508147 0.0025264036338102074 -1.9968470076391414 -0.015368838719012715 -1.9966932265483877 0 2.0062587755661925 10.350234511759769 OK 14 13 0.48839100000000002 0.40514299999999998 0.160658 0.325569 0.20144899999999999 0 0.16282200000000002 0.20369399999999999 0.160658 0.011126 0.011252 0.010451999999999999 0.11870899999999995 0.15914300000000006 0.11804200000000002 0.0059170000000000004 0.0059719999999999999 0.0056550000000000003 0.0015160000000000002 0.0015350000000000001 0.0015139999999999999 10.350234195142376 10.350234195142376 10.350234195142376 0.00090529581988691246 0.00090529581988691246 0.00090529581988691246 1 1 1 Converged Converged Converged OK OK OK 121 121 121 121 121 121 7 7 7 0 0 0 0 1 0 0 1
73 73 uniform 0 23 735 3 0.0001 2.4167658110661892 0.0039737238187508147 0.0025264036338102074 -1.9968470076391414 -0.015368838719012715 -1.9963417269123793 0 2.0059072759301841 11.773397380367266 OK 14 13 0.49694199999999999 0.39635700000000001 0.16445299999999999 0.329515 0.20455400000000001 0 0.16742699999999999 0.191803 0.16445299999999999 0.011285 0.011313 0.010430999999999999 0.12650700000000001 0.15080999999999992 0.12556600000000001 0.005195 0.005267 0.0048760000000000001 0.001204 0.0011879999999999998 0.0011619999999999998 11.773397214018557 11.773397214018557 11.773397214018557 0.0010099894997870763 0.0010099894997870763 0.0010099894997870763 1 1 1 Converged Converged Converged OK OK OK 105 105 105 105 105 105 7 7 7 0 0 0 0 1 0 0 1
73 73 uniform 1 0 736 0 0.001 2.4167658110661892 0.0039737238187508147 0.0025264036338102074 0.009588542976101044 0.0010566864861775551 0.0090832622493390025 0 0.00048228676846586577 672.38559098128394 OK 13 12 0.79049000000000003 0.78438699999999995 0.227493 0.55510099999999996 0.55313500000000004 0 0.23538900000000007 0.2312519999999999 0.227493 0.0085679999999999992 0.0083540000000000003 0.0076600000000000001 0.186191 0.18376600000000004 0.182449 0.0061390000000000004 0.0056849999999999991 0.0050010000000000002 0.0014710000000000001 0.0015200000000000001 0.0012900000000000001 672.38554488356931 672.38554488356931 672.38554488356931 0.4582617352742967 0.4582617352742967 0.4582617352742967 1 1 1 Converged Converged Converged OK OK OK 120 120 120 120 120 120 8 8 8 0 0 0 0 0 1 0 0
73 73 uniform 1 7 736 1 0.001 2.4167658110661892 0.0039737238187508147 0.0025264036338102074 0.009588542976101044 0.0010566864861775551 0.0093908244308463316 0 0.0001747245869585367 629.63378224893222 OK 14 13 0.68604900000000002 0.73303300000000005 0.237314 0.44690299999999999 0.31788100000000002 0 0.23914600000000003 0.41515200000000002 0.237314 0.011044 0.010737 0.010241999999999999 0.19115400000000002 0.36760500000000013 0.19247199999999995 0.0066789999999999992 0.0065690000000000002 0.0058939999999999999 0.001426 0.001506 0.0014480000000000003 629.63375346746011 629.63375346746011 629.63375346746011 0.62419657150798302 0.62419657150798302 0.62419657150798302 1 1 1 Converged Converged Converged OK OK OK 127 127 127 127 127 127 9 9 9 0 0 0 0 1 0 0 1
73 73 uniform 1 15 736 2 0.001 2.4167658110661892 0.0039737238187508147 0.0025264036338102074 0.009588542976101044 0.0010566864861775551 0.0097423240668547094 0 -0.00017677504904984112 582.35370584483564 OK 14 13 0.79766199999999998 0.83035499999999995 0.23300499999999999 0.56388700000000003 0.42504799999999998 0 0.23377499999999996 0.40530699999999997 0.23300499999999999 0.0097509999999999993 0.010191 0.0093889999999999998 0.19148100000000007 0.36119799999999991 0.19126899999999991 0.0055710000000000004 0.0063379999999999999 0.0057249999999999992 0.00134 0.001428 0.0014109999999999999 582.35366457320481 582.35366457320481 582.35366457320481 0.52340423763758825 0.52340423763758825 0.52340423763758825 1 1 1 Converged Converged Converged OK OK OK 127 127 127 127 127 127 9 9 9 0 0 0 0 1 0 0 1
73 73 uniform 1 23 736 3 0.001 2.4167658110661892 0.0039737238187508147 0.0025264036338102074 0.009588542976101044 0.0010566864861775551 0.010093823702863085 0 -0.0005282746850582172 528.99335223281935 OK 15 14 0.77432999999999996 0.79449599999999998 0.23551 0.53284200000000004 0.40467500000000001 0 0.24148799999999992 0.38982099999999997 0.23551 0.010666999999999999 0.010581999999999999 0.010090999999999999 0.19260500000000003 0.3414009999999999 0.18908399999999992 0.0065520000000000005 0.0062200000000000016 0.0059690000000000003 0.0016130000000000001 0.001565 0.0015700000000000002 528.99326715513075 528.99326715513075 528.99326715513075 0.37617907746022516 0.37617907746022516 0.37617907746022516 1 1 1 Converged Converged Converged OK OK OK 134 134 134 134 134 134 10 10 10 0 0 0 0 1 0 0 1
73 73 uniform 1 0 736 0 0.0001 2.4167658110661892 0.0039737238187508147 0.0025264036338102074 0.009588542976101044 0.0010566864861775551 0.0090832622493390025 0 0.00048228676846586577 672.38559098128394 OK 13 12 0.79319899999999999 0.79473300000000002 0.23738300000000001 0.55734499999999998 0.55763700000000005 0 0.23585400000000001 0.23709599999999997 0.23738300000000001 0.0078899999999999994 0.0082699999999999996 0.0078600000000000007 0.18580599999999986 0.186138 0.18619699999999986 0.0054459999999999995 0.0056629999999999996 0.0062769999999999996 0.0015299999999999999 0.0016650000000000002 0.001603 672.38567566881625 672.38567566881625 672.38567566881625 0.055554576950895163 0.055554576950895163 0.055554576950895163 1 1 1 Converged Converged Converged OK OK OK 128 128 128 128 128 128 8 8 8 0 0 0 0 0 1 0 0
73 73 uniform 1 7 736 1 0.0001 2.4167658110661892 0.0039737238187508147 0.0025264036338102074 0.009588542976101044 0.0010566864861775551 0.0093908244308463316 0 0.0001747245869585367 629.63378224893222 OK 14 13 0.70789100000000005 0.781721 0.258517 0.446156 0.31681900000000002 0 0.26173500000000005 0.46490199999999998 0.258517 0.010562 0.011323 0.010269 0.20967199999999989 0.40953699999999987 0.20631800000000003 0.0067809999999999997 0.0075970000000000005 0.0070850000000000002 0.0018359999999999997 0.0019630000000000003 0.0018929999999999999 629.63390162145208 629.63390162145208 629.63390162145208 0.049955689246314071 0.049955689246314071 0.049955689246314071 1 1 1 Converged Converged Converged OK OK OK 143 143 143 143 143 143 9 9 9 0 0 0 0 1 0 0 1
73 73 uniform 1 15 736 2 0.0001 2.4167658110661892 0.0039737238187508147 0.0025264036338102074 0.009588542976101044 0.0010566864861775551 0.0097423240668547094 0 -0.00017677504904984112 582.35370584483564 OK 14 13 0.863093 1.003498 0.30093700000000001 0.56006900000000004 0.42475400000000002 0 0.30302399999999996 0.57874399999999993 0.30093700000000001 0.0098849999999999997 0.01038 0.009214 0.24185400000000001 0.51370600000000022 0.24451700000000004 0.0093790000000000002 0.010232999999999999 0.009528 0.0019960000000000004 0.002013 0.0019719999999999998 582.35377784546415 582.35377784546415 582.35377784546415 0.039089373971582346 0.039089373971582346 0.039089373971582346 1 1 1 Converged Converged Converged OK OK OK 175 175 175 175 175 175 9 9 9 0 0 0 0 1 0 0 1
73 73 uniform 1 23 736 3 0.0001 2.4167658110661892 0.0039737238187508147 0.0025264036338102074 0.009588542976101044 0.0010566864861775551 0.010093823702863085 0 -0.0005282746850582172 528.99335223281935 OK 15 14 0.82541100000000001 0.97456299999999996 0.29175099999999998 0.53031600000000001 0.40524399999999999 0 0.295095 0.56931899999999991 0.29175099999999998 0.01089 0.010791 0.010255 0.23345499999999988 0.50392199999999987 0.23235400000000017 0.0093419999999999996 0.011347000000000001 0.0085260000000000006 0.0022160000000000001 0.0023549999999999999 0.0020760000000000002 528.99343088568139 528.99343088568139 528.99343088568139 0.0052549342518126629 0.0052549342518126629 0.0052549342518126629 1 1 1 Converged Converged Converged OK OK OK 182 182 182 182 182 182 10 10 10 0 0 0 0 1 0 0 1
73 73 uniform 2 0 737 0 0.001 2.4167658110661892 0.0039737238187508147 0.0025264036338102074 -1.9963417537609462 -0.011070802727345496 -1.9968470344877083 0 2.0064125835055133 10.291966577312445 OK 14 13 0.48686200000000002 0.48334899999999997 0.144288 0.34229100000000001 0.34320400000000001 0 0.14457100000000001 0.14014499999999996 0.144288 0.012167000000000001 0.012429000000000001 0.013318 0.097409999999999983 0.093303999999999984 0.09540499999999999 0.0043 0.0042799999999999991 0.0044010000000000004 0.001204 0.001286 0.001232 10.29195085298903 10.29195085298903 10.29195085298903 0.0073544647902863153 0.0073544647902863153 0.0073544647902863153 1 1 1 Converged Converged Converged OK OK OK 96 96 96 96 96 96 8 8 8 0 0 0 0 0 1 0 0
73 73 uniform 2 7 737 1 0.001 2.4167658110661892 0.0039737238187508147 0.0025264036338102074 -1.9963417537609462 -0.011070802727345496 -1.9965394723062009 0 2.0061050213240059 10.21169719092274 OK 14 13 0.51600199999999996 0.40698600000000001 0.14751900000000001 0.36614400000000002 0.22769500000000001 0 0.14985799999999994 0.17929100000000001 0.14751900000000001 0.011416000000000001 0.011544 0.010632000000000001 0.10947200000000006 0.13885000000000006 0.10875800000000004 0.0046039999999999996 0.0046609999999999993 0.0044680000000000006 0.0013079999999999999 0.0012830000000000001 0.0012520000000000001 10.211702799535136 10.211702799535136 10.211702799535136 0.0060176241994732366 0.0060176241994732366 0.0060176241994732366 1 1 1 Converged Converged Converged OK OK OK 104 104 104 104 104 104 8 8 8 0 0 0 0 1 0 0 1
73 73 uniform 2 15 737 2 0.001 2.4167658110661892 0.0039737238187508147 0.0025264036338102074 -1.9963417537609462 -0.011070802727345496 -1.9961879726701925 0 2.0057535216879976 9.8500935359213777 OK 14 13 0.52358199999999999 0.401613 0.153699 0.36803900000000001 0.230156 0 0.15554299999999999 0.171457 0.153699 0.011354 0.011369000000000001 0.011372999999999999 0.11407699999999998 0.129938 0.11339800000000004 0.0051710000000000002 0.0053670000000000002 0.0050010000000000002 0.00132 0.0014300000000000001 0.001238 9.8500899295711264 9.8500899295711264 9.8500899295711264 0.0073815833966888724 0.0073815833966888724 0.0073815833966888724 1 1 1 Converged Converged Converged OK OK OK 112 112 112 112 112 112 8 8 8 0 0 0 0 1 0 0 1
73 73 uniform 2 23 737 3 0.001 2.4167658110661892 0.0039737238187508147 0.0025264036338102074 -1.9963417537609462 -0.011070802727345496 -1.9958364730341842 0 2.0054020220519893 9.1950854375311852 OK 15 14 0.50334599999999996 0.38031700000000002 0.14743899999999999 0.35082200000000002 0.215665 0 0.15252399999999994 0.16465200000000002 0.14743899999999999 0.014649000000000001 0.014595 0.013618 0.11043099999999997 0.12378500000000003 0.10794200000000001 0.0047850000000000002 0.0044260000000000002 0.0044159999999999989 0.001227 0.0010769999999999998 0.0010660000000000001 9.1950974103139718 9.1950974103139718 9.1950974103139718 0.008499193977107895 0.008499193977107895 0.008499193977107895 1 1 1 Converged Converged Converged OK OK OK 96 96 96 96 96 96 8 8 8 0 0 0 0 1 0 0 1
73 73 uniform 2 0 737 0 0.0001 2.4167658110661892 0.0039737238187508147 0.0025264036338102074 -1.9963417537609462 -0.011070802727345496 -1.9968470344877083 0 2.0064125835055133 10.291966577312445 OK 14 13 0.52166000000000001 0.52228399999999997 0.17580299999999999 0.343613 0.34373700000000001 0 0.17804700000000001 0.17854699999999996 0.17580299999999999 0.012617 0.012670000000000001 0.011958 0.11877900000000002 0.11874900000000004 0.11774300000000004 0.0058769999999999994 0.0063829999999999998 0.0059960000000000013 0.0016220000000000002 0.0017280000000000002 0.001606 10.291966433105477 10.291966433105477 10.291966433105477 0.00085395473352549369 0.00085395473352549369 0.00085395473352549369 1 1 1 Converged Converged Converged OK OK OK 128 128 128 128 128 128 8 8 8 0 0 0 0 0 1 0 0
73 73 uniform 2 7 737 1 0.0001 2.4167658110661892 0.0039737238187508147 0.0025264036338102074 -1.9963417537609462 -0.011070802727345496 -1.9965394723062009 0 2.0061050213240059 10.21169719092274 OK 14 13 0.54087499999999999 0.44081399999999998 0.168654 0.37032799999999999 0.22763900000000001 0 0.170547 0.21317499999999998 0.168654 0.011405999999999999 0.011393 0.010714 0.12667400000000001 0.16964699999999999 0.12615300000000002 0.0057460000000000002 0.005660000000000001 0.0056540000000000002 0.0015890000000000001 0.0015559999999999999 0.0016590000000000001 10.211697253121613 10.211697253121613 10.211697253121613 0.00094198519566033342 0.00094198519566033342 0.00094198519566033342 1 1 1 Converged Converged Converged OK OK OK 128 128 128 128 128 128 8 8 8 0 0 0 0 1 0 0 1
73 73 uniform 2 15 737 2 0.0001 2.4167658110661892 0.0039737238187508147 0.0025264036338102074 -1.9963417537609462 -0.011070802727345496 -1.9961879726701925 0 2.0057535216879976 9.8500935359213777 OK 14 13 0.57533100000000004 0.47252499999999997 0.20774999999999999 0.36426199999999997 0.23059099999999999 0 0.21106900000000006 0.24193399999999998 0.20774999999999999 0.011502999999999999 0.011566999999999999 0.010585000000000001 0.15439399999999989 0.18476000000000004 0.1528810000000001 0.0077669999999999996 0.008088999999999999 0.0077259999999999985 0.0018630000000000001 0.0019899999999999996 0.0018380000000000004 9.8500939197327639 9.8500939197327639 9.8500939197327639 0.00075676663095769437 0.00075676663095769437 0.00075676663095769437 1 1 1 Converged Converged Converged OK OK OK 160 160 160 160 160 160 8 8 8 0 0 0 0 1 0 0 1
73 73 uniform 2 23 737 3 0.0001 2.4167658110661892 0.0039737238187508147 0.0025264036338102074 -1.9963417537609462 -0.011070802727345496 -1.9958364730341842 0 2.0054020220519893 9.1950854375311852 OK 15 14 0.56852899999999995 0.45676800000000001 0.20652599999999999 0.35620099999999999 0.214561 0 0.21232799999999996 0.24220700000000001 0.20652599999999999 0.014785 0.014923000000000001 0.013684 0.15682600000000002 0.18810099999999993 0.15482500000000002 0.0082279999999999992 0.007247 0.0068479999999999999 0.0018039999999999996 0.0017700000000000001 0.001686 9.1950849843811149 9.1950849843811149 9.1950849843811149 0.00071591958570419562 0.00071591958570419562 0.00071591958570419562 1 1 1 Converged Converged Converged OK OK OK 144 144 144 144 144 144 8 8 8 0 0 0 0 1 0 0 1
73 73 uniform 3 0 738 0 0.001 2.4167658110661892 0.0039737238187508147 0.0025264036338102074 -2.0128636562728275 0.0049988196121732963 -2.0133689369995897 0 2.0229344860173946 2.7145927731919652 OK 13 12 0.37998700000000002 0.38017000000000001 0.063653000000000001 0.31450899999999998 0.31576100000000001 0 0.065478000000000036 0.064408999999999994 0.063653000000000001 0.0091669999999999998 0.0087569999999999992 0.0086289999999999995 0.040299000000000001 0.040099999999999997 0.039607999999999997 0.0021809999999999998 0.0021520000000000003 0.002176 0.00055100000000000006 0.00054500000000000002 0.00055199999999999997 2.7145927345919203 2.7145927345919203 2.7145927345919203 0.00086451568141633704 0.00086451568141633704 0.00086451568141633704 1 1 1 Converged Converged Converged OK OK OK 45 45 45 45 45 45 3 3 3 0 0 0 0 0 1 0 0
73 73 uniform 3 7 738 1 0.001 2.4167658110661892 0.0039737238187508147 0.0025264036338102074 -2.0128636562728275 0.0049988196121732963 -2.0130613748180823 0 2.0226269238358872 2.6988064674593697 OK 13 12 0.38192999999999999 0.27728000000000003 0.058878 0.321436 0.19941400000000001 0 0.060493999999999992 0.077866000000000019 0.058878 0.0082839999999999997 0.0082970000000000006 0.0077190000000000002 0.038217000000000001 0.055787000000000003 0.037789999999999997 0.002212 0.002186 0.0021459999999999999 0.000544 0.00058 0.00054000000000000001 2.6988064334587021 2.6988064334587021 2.6988064334587021 0.00085409743849466262 0.00085409743849466262 0.00085409743849466262 1 1 1 Converged Converged Converged OK OK OK 45 45 45 45 45 45 3 3 3 0 0 0 0 1 0 0 1
73 73 uniform 3 15 738 2 0.001 2.4167658110661892 0.0039737238187508147 0.0025264036338102074 -2.0128636562728275 0.0049988196121732963 -2.012709875182074 0 2.0222754241998788 2.6814241694687646 OK 13 12 0.36726799999999998 0.25276599999999999 0.058693000000000002 0.30701200000000001 0.17438300000000001 0 0.060255999999999976 0.07838299999999998 0.058693000000000002 0.0081949999999999992 0.0082100000000000003 0.007724 0.03826799999999999 0.056556999999999989 0.037622999999999997 0.0021749999999999999 0.0022049999999999999 0.0021259999999999999 0.00056400000000000005 0.00055900000000000004 0.00054199999999999995 2.6814241349891592 2.6814241349891592 2.6814241349891592 0.00084275254841219337 0.00084275254841219337 0.00084275254841219337 1 1 1 Converged Converged Converged OK OK OK 45 45 45 45 45 45 3 3 3 0 0 0 0 1 0 0 1
73 73 uniform 3 23 738 3 0.001 2.4167658110661892 0.0039737238187508147 0.0025264036338102074 -2.0128636562728275 0.0049988196121732963 -2.0123583755460652 0 2.02192392456387 2.6647658593066432 OK 13 12 0.37961600000000001 0.25725100000000001 0.057729000000000003 0.320357 0.18077499999999999 0 0.059259000000000006 0.076476000000000016 0.057729000000000003 0.0080669999999999995 0.0082279999999999992 0.0076360000000000004 0.037277000000000005 0.054519999999999992 0.036666999999999998 0.0021460000000000003 0.0021780000000000002 0.0021260000000000003 0.00054500000000000002 0.00056599999999999999 0.000522 2.6647658251167043 2.6647658251167043 2.6647658251167043 0.00083198713042326481 0.00083198713042326481 0.00083198713042326481 1 1 1 Converged Converged Converged OK OK OK 45 45 45 45 45 45 3 3 3 0 0 0 0 1 0 0 1
73 73 uniform 3 0 738 0 0.0001 2.4167658110661892 0.0039737238187508147 0.0025264036338102074 -2.0128636562728275 0.0049988196121732963 -2.0133689369995897 0 2.0229344860173946 2.7145927731919652 OK 13 12 0.39909 0.40307799999999999 0.083151000000000003 0.31395299999999998 0.31846400000000002 0 0.085137000000000018 0.084613999999999967 0.083151000000000003 0.0091430000000000001 0.0090390000000000002 0.0085959999999999995 0.054293999999999995 0.054268999999999984 0.053600000000000009 0.0030959999999999998 0.0029849999999999998 0.0029439999999999996 0.00070899999999999999 0.00070100000000000002 0.00067699999999999998 2.7145927384034403 2.7145927384034403 2.7145927384034403 0.00018136126893532196 0.00018136126893532196 0.00018136126893532196 1 1 1 Converged Converged Converged OK OK OK 61 61 61 61 61 61 3 3 3 0 0 0 0 0 1 0 0
73 73 uniform 3 7 738 1 0.0001 2.4167658110661892 0.0039737238187508147 0.0025264036338102074 -2.0128636562728275 0.0049988196121732963 -2.0130613748180823 0 2.0226269238358872 2.6988064674593697 OK 13 12 0.40839700000000001 0.301261 0.080882999999999997 0.32541500000000001 0.19506699999999999 0 0.082982 0.10619400000000001 0.080882999999999997 0.0083219999999999995 0.0083490000000000005 0.0077669999999999996 0.055543000000000002 0.078826000000000007 0.054766000000000009 0.0030609999999999999 0.0030739999999999995 0.0029510000000000001 0.00068900000000000016 0.00070800000000000008 0.00066600000000000003 2.6988064370032676 2.6988064370032676 2.6988064370032676 0.00018321072626070281 0.00018321072626070281 0.00018321072626070281 1 1 1 Converged Converged Converged OK OK OK 61 61 61 61 61 61 3 3 3 0 0 0 0 1 0 0 1
73 73 uniform 3 15 738 2 0.0001 2.4167658110661892 0.0039737238187508147 0.0025264036338102074 -2.0128636562728275 0.0049988196121732963 -2.012709875182074 0 2.0222754241998788 2.6814241694687646 OK 13 12 0.383384 0.28121600000000002 0.077753000000000003 0.303678 0.176061 0 0.079705999999999999 0.10515500000000003 0.077753000000000003 0.0082699999999999996 0.0082780000000000006 0.0076579999999999999 0.052476999999999996 0.077986 0.051823999999999995 0.002983 0.0031379999999999997 0.0029370000000000004 0.00067799999999999989 0.00070100000000000002 0.00066500000000000001 2.6814241382550241 2.6814241382550241 2.6814241382550241 0.00018534879770843284 0.00018534879770843284 0.00018534879770843284 1 1 1 Converged Converged Converged OK OK OK 61 61 61 61 61 61 3 3 3 0 0 0 0 1 0 0 1
73 73 uniform 3 23 738 3 0.0001 2.4167658110661892 0.0039737238187508147 0.0025264036338102074 -2.0128636562728275 0.0049988196121732963 -2.0123583755460652 0 2.02192392456387 2.6647658593066432 OK 13 12 0.40562100000000001 0.28470299999999998 0.076902999999999999 0.32691199999999998 0.17906 0 0.078709000000000029 0.10564299999999999 0.076902999999999999 0.0082129999999999998 0.0081169999999999992 0.0076249999999999998 0.051681000000000005 0.078671000000000005 0.051055000000000003 0.0030280000000000003 0.00313 0.0029220000000000001 0.00068699999999999989 0.00067599999999999995 0.00066199999999999994 2.6647658281292461 2.6647658281292461 2.6647658281292461 0.00018751281466107143 0.00018751281466107143 0.00018751281466107143 1 1 1 Converged Converged Converged OK OK OK 61 61 61 61 61 61 3 3 3 0 0 0 0 1 0 0 1
73 73 uniform 4 0 739 0 0.001 2.4167658110661892 0.0039737238187508147 0.0025264036338102074 -1.9893243310780264 -0.017030303848540158 -1.9898296118047885 0 1.9993951608225933 2.6114994595556094 OK 13 12 0.36516399999999999 0.36943300000000001 0.065975000000000006 0.298126 0.30239199999999999 0 0.067037999999999986 0.067041000000000017 0.065975000000000006 0.0089250000000000006 0.0090279999999999996 0.0086250000000000007 0.042304999999999995 0.042511000000000021 0.041908999999999995 0.0021480000000000002 0.0022159999999999997 0.0021230000000000003 0.00060500000000000007 0.00059600000000000007 0.00059900000000000003 2.6114994484393073 2.6114994484393073 2.6114994484393073 0.00084523844210040338 0.00084523844210040338 0.00084523844210040338 1 1 1 Converged Converged Converged OK OK OK 45 45 45 45 45 45 3 3 3 0 0 0 0 0 1 0 0
73 73 uniform 4 7 739 1 0.001 2.4167658110661892 0.0039737238187508147 0.0025264036338102074 -1.9893243310780264 -0.017030303848540158 -1.9895220496232811 0 1.9990875986410859 2.5660907861448714 OK 13 12 0.37881199999999998 0.26565 0.065850000000000006 0.31127700000000003 0.180225 0 0.067534999999999956 0.085425000000000001 0.065850000000000006 0.0081980000000000004 0.0083829999999999998 0.0076610000000000003 0.045233000000000016 0.062986000000000014 0.044692000000000003 0.0022269999999999998 0.0022820000000000002 0.0021160000000000003 0.00059199999999999997 0.00055100000000000006 0.00053699999999999993 2.5660907744544437 2.5660907744544437 2.5660907744544437 0.00082082241465307091 0.00082082241465307091 0.00082082241465307091 1 1 1 Converged Converged Converged OK OK OK 45 45 45 45 45 45 3 3 3 0 0 0 0 1 0 0 1
73 73 uniform 4 15 739 2 0.001 2.4167658110661892 0.0039737238187508147 0.0025264036338102074 -1.9893243310780264 -0.017030303848540158 -1.9891705499872727 0 1.9987360990050775 2.5186617086840921 OK 13 12 0.36202600000000001 0.24870900000000001 0.062239000000000003 0.298628 0.16728799999999999 0 0.06339800000000001 0.081421000000000021 0.062239000000000003 0.0081799999999999998 0.0082579999999999997 0.0076509999999999998 0.041333999999999996 0.059094000000000008 0.041096000000000001 0.0022009999999999998 0.0022590000000000002 0.0021409999999999997 0.00057799999999999995 0.00061200000000000002 0.00058600000000000004 2.5186616975518397 2.5186616975518397 2.5186616975518397 0.00079581202711933056 0.00079581202711933056 0.00079581202711933056 1 1 1 Converged Converged Converged OK OK OK 45 45 45 45 45 45 3 3 3 0 0 0 0 1 0 0 1
73 73 uniform 4 23 739 3 0.001 2.4167658110661892 0.0039737238187508147 0.0025264036338102074 -1.9893243310780264 -0.017030303848540158 -1.9888190503512644 0 1.9983845993690692 2.4753298338944196 OK 13 12 0.46460699999999999 0.35251199999999999 0.061219999999999997 0.40164499999999997 0.26654800000000001 0 0.062962000000000018 0.085963999999999985 0.061219999999999997 0.008208 0.0082380000000000005 0.0076010000000000001 0.040667000000000002 0.063943 0.040094000000000012 0.0021879999999999998 0.0022030000000000001 0.0021719999999999999 0.00057700000000000004 0.00056400000000000005 0.00056400000000000005 2.4753298214497366 2.4753298214497366 2.4753298214497366 0.00077346491699714181 0.00077346491699714181 0.00077346491699714181 1 1 1 Converged Converged Converged OK OK OK 45 45 45 45 45 45 3 3 3 0 0 0 0 1 0 0 1
73 73 uniform 4 0 739 0 0.0001 2.4167658110661892 0.0039737238187508147 0.0025264036338102074 -1.9893243310780264 -0.017030303848540158 -1.9898296118047885 0 1.9993951608225933 2.6114994595556094 OK 13 12 0.41345599999999999 0.40952499999999997 0.108973 0.30358000000000002 0.29976000000000003 0 0.10987599999999997 0.10976499999999995 0.108973 0.0088979999999999997 0.0090390000000000002 0.0085979999999999997 0.073903000000000024 0.073921000000000042 0.073444000000000023 0.0038990000000000001 0.0038340000000000006 0.0038319999999999995 0.00086799999999999985 0.00086800000000000006 0.00082900000000000009 2.6114994493463555 2.6114994493463555 2.6114994493463555 1.0655930560558252e-05 1.0655930560558252e-05 1.0655930560558252e-05 1 1 1 Converged Converged Converged OK OK OK 77 77 77 77 77 77 3 3 3 0 0 0 0 0 1 0 0
73 73 uniform 4 7 739 1 0.0001 2.4167658110661892 0.0039737238187508147 0.0025264036338102074 -1.9893243310780264 -0.017030303848540158 -1.9895220496232811 0 1.9990875986410859 2.5660907861448714 OK 13 12 0.41943900000000001 0.310805 0.106909 0.31053700000000001 0.18203 0 0.108902 0.128775 0.106909 0.0083280000000000003 0.0083689999999999997 0.0076990000000000001 0.076430000000000012 0.096601000000000006 0.076117000000000032 0.0039350000000000001 0.003885 0.0037620000000000002 0.00082200000000000003 0.00081099999999999998 0.00077800000000000005 2.5660907750474702 2.5660907750474702 2.5660907750474702 1.0659873155119358e-05 1.0659873155119358e-05 1.0659873155119358e-05 1 1 1 Converged Converged Converged OK OK OK 77 77 77 77 77 77 3 3 3 0 0 0 0 1 0 0 1
73 73 uniform 4 15 739 2 0.0001 2.4167658110661892 0.0039737238187508147 0.0025264036338102074 -1.9893243310780264 -0.017030303848540158 -1.9891705499872727 0 1.9987360990050775 2.5186617086840921 OK 13 12 0.40500599999999998 0.29908699999999999 0.10291400000000001 0.29989700000000002 0.16864299999999999 0 0.10510899999999995 0.130444 0.10291400000000001 0.0082839999999999997 0.0082419999999999993 0.0077060000000000002 0.073086000000000012 0.098399000000000014 0.071973000000000023 0.0038190000000000003 0.003882 0.0037470000000000003 0.00085499999999999986 0.00088600000000000007 0.00084900000000000004 2.5186616978814795 2.5186616978814795 2.5186616978814795 1.0664475043410733e-05 1.0664475043410733e-05 1.0664475043410733e-05 1 1 1 Converged Converged Converged OK OK OK 77 77 77 77 77 77 3 3 3 0 0 0 0 1 0 0 1
73 73 uniform 4 23 739 3 0.0001 2.4167658110661892 0.0039737238187508147 0.0025264036338102074 -1.9893243310780264 -0.017030303848540158 -1.9888190503512644 0 1.9983845993690692 2.4753298338944196 OK 13 12 0.50765300000000002 0.39616400000000002 0.10270700000000001 0.40342099999999997 0.26367499999999999 0 0.10423200000000005 0.13248900000000002 0.10270700000000001 0.0082039999999999995 0.0083420000000000005 0.007744 0.072384999999999991 0.10062499999999999 0.072011999999999993 0.0039789999999999999 0.003859 0.0037699999999999999 0.00079799999999999999 0.00078799999999999996 0.00077499999999999997 2.4753298215901824 2.4753298215901824 2.4753298215901824 1.0669191910100686e-05 1.0669191910100686e-05 1.0669191910100686e-05 1 1 1 Converged Converged Converged OK OK OK 77 77 77 77 77 77 3 3 3 0 0 0 0 1 0 0 1
74 74 linear 0 0 740 0 0.001 1.1279414901241995 0.10046342389444557 3.4199842827785417e-05 -0.5791721216577298 1.2634633528214406e-06 -0.57917896162629534 0.5 0.68215091107052261 635.71049642745197 OK 14 15 1.1777120000000001 1.1476090000000001 0.38632699999999998 0.77032599999999996 0.75910900000000003 0 0.40738600000000014 0.38850000000000007 0.38632699999999998 0.010795000000000001 0.0095560000000000003 0.0093810000000000004 0.36779699999999993 0.35061200000000009 0.34893400000000002 0.0052360000000000002 0.0059939999999999993 0.0050019999999999995 0.00073899999999999997 0.00075299999999999998 0.00074799999999999997 635.70018331907909 635.70018331907909 635.70018331907909 0.53352145555492758 0.53352145555492758 0.53352145555492758 1 1 1 Converged Converged Converged OK OK OK 99 99 99 99 99 99 5 5 5 0 0 0 0 0 1 0 0
74 74 linear 0 7 740 1 0.001 1.1279414901241995 0.10046342389444557 3.4199842827785417e-05 -0.5791721216577298 1.2634633528214406e-06 -0.57917479816716855 0.5 0.68214674761139582 637.64613035799107 OK 14 15 1.2707269999999999 1.1267499999999999 0.37367699999999998 0.88454600000000005 0.74487899999999996 0 0.38618099999999989 0.38187099999999996 0.37367699999999998 0.0085129999999999997 0.0087419999999999998 0.0079900000000000006 0.35434300000000002 0.34903200000000018 0.34353099999999986 0.0051160000000000008 0.0059590000000000008 0.005012 0.00073899999999999997 0.000776 0.00070300000000000007 637.63267966917044 637.63267966917044 637.63267966917044 0.53566823447875644 0.53566823447875644 0.53566823447875644 1 1 1 Converged Converged Converged OK OK OK 99 99 99 99 99 99 5 5 5 0 0 0 0 1 0 0 1
74 74 linear 0 15 740 2 0.001 1.1279414901241995 0.10046342389444557 3.4199842827785417e-05 -0.5791721216577298 1.2634633528214406e-06 -0.5791700399281664 0.5 0.68214198937239368 639.85424725393045 OK 14 15 1.107793 0.98679799999999995 0.38489699999999999 0.71501000000000003 0.59734299999999996 0 0.39278299999999999 0.389455 0.38489699999999999 0.0088339999999999998 0.0088459999999999997 0.008267 0.36070999999999998 0.35728900000000002 0.35411199999999993 0.005213999999999999 0.0054480000000000006 0.0050899999999999999 0.00070399999999999998 0.00075500000000000014 0.00073300000000000004 639.83871086200145 639.83871086200145 639.83871086200145 0.53813741695124184 0.53813741695124184 0.53813741695124184 1 1 1 Converged Converged Converged OK OK OK 99 99 99 99 99 99 5 5 5 0 0 0 0 1 0 0 1
74 74 linear 0 23 740 3 0.001 1.1279414901241995 0.10046342389444557 3.4199842827785417e-05 -0.5791721216577298 1.2634633528214406e-06 -0.57916528168916426 0.5 0.68213723113339153 642.05915771371917 OK 14 15 1.1653549999999999 1.0281769999999999 0.38942199999999999 0.78191100000000002 0.65200199999999997 0 0.3834439999999999 0.37617499999999993 0.38942199999999999 0.0085579999999999996 0.0086440000000000006 0.0091260000000000004 0.35161700000000007 0.34436900000000009 0.35754599999999981 0.0051320000000000003 0.0052750000000000002 0.005071 0.00072300000000000001 0.00075000000000000002 0.000718 642.04187182173052 642.04187182173052 642.04187182173052 0.54062340079364368 0.54062340079364368 0.54062340079364368 1 1 1 Converged Converged Converged OK OK OK 99 99 99 99 99 99 5 5 5 0 0 0 0 1 0 0 1
74 74 linear 0 0 740 0 0.0001 1.1279414901241995 0.10046342389444557 3.4199842827785417e-05 -0.5791721216577298 1.2634633528214406e-06 -0.57917896162629534 0.5 0.68215091107052261 635.71049642745197 OK 14 15 1.5557559999999999 1.53026 0.75900599999999996 0.76608100000000001 0.77021600000000001 0 0.7896749999999999 0.76004399999999994 0.75900599999999996 0.0098279999999999999 0.0097970000000000002 0.0094310000000000001 0.71022599999999958 0.68362799999999979 0.68400499999999997 0.015847 0.016237999999999999 0.015481 0.0012819999999999999 0.0012989999999999998 0.0013010000000000001 635.70889661238789 635.70889661238789 635.70889661238789 0.052022513185520113 0.052022513185520113 0.052022513185520113 1 1 1 Converged Converged Converged OK OK OK 195 195 195 195 195 195 5 5 5 0 0 0 0 0 1 0 0
74 74 linear 0 7 740 1 0.0001 1.1279414901241995 0.10046342389444557 3.4199842827785417e-05 -0.5791721216577298 1.2634633528214406e-06 -0.57917479816716855 0.5 0.68214674761139582 637.64613035799107 OK 14 15 1.6392389999999999 1.4822090000000001 0.73285400000000001 0.88162399999999996 0.74534299999999998 0 0.75761499999999993 0.73686600000000013 0.73285400000000001 0.0086840000000000007 0.0086529999999999992 0.0080059999999999992 0.69628299999999999 0.67294699999999996 0.67468699999999993 0.015621999999999999 0.015862000000000001 0.014936 0.001297 0.0012189999999999998 0.001253 637.64151778572227 637.64151778572227 637.64151778572227 0.052270994088443379 0.052270994088443379 0.052270994088443379 1 1 1 Converged Converged Converged OK OK OK 195 195 195 195 195 195 5 5 5 0 0 0 0 1 0 0 1
74 74 linear 0 15 740 2 0.0001 1.1279414901241995 0.10046342389444557 3.4199842827785417e-05 -0.5791721216577298 1.2634633528214406e-06 -0.5791700399281664 0.5 0.68214198937239368 639.85424725393045 OK 14 15 1.4876229999999999 1.346249 0.73580999999999996 0.71831500000000004 0.59725600000000001 0 0.76930799999999988 0.74899300000000002 0.73580999999999996 0.0089090000000000003 0.0089189999999999998 0.0083879999999999996 0.70953500000000025 0.6885190000000001 0.67759000000000014 0.014974000000000001 0.015559 0.014661999999999998 0.0012490000000000001 0.001261 0.0012109999999999998 639.84769245534233 639.84769245534233 639.84769245534233 0.05255658601576061 0.05255658601576061 0.05255658601576061 1 1 1 Converged Converged Converged OK OK OK 195 195 195 195 195 195 5 5 5 0 0 0 0 1 0 0 1
74 74 linear 0 23 740 3 0.0001 1.1279414901241995 0.10046342389444557 3.4199842827785417e-05 -0.5791721216577298 1.2634633528214406e-06 -0.57916528168916426 0.5 0.68213723113339153 642.05915771371917 OK 14 15 1.5653619999999999 1.396239 0.74706600000000001 0.77832100000000004 0.64972200000000002 0 0.78704099999999988 0.74651699999999999 0.74706600000000001 0.011566 0.008711 0.012172000000000001 0.72100699999999995 0.68238800000000055 0.68513800000000025 0.017244000000000002 0.015273000000000002 0.014588 0.0013140000000000003 0.0012179999999999999 0.0012129999999999999 642.05099776948578 642.05099776948578 642.05099776948578 0.052843901926969063 0.052843901926969063 0.052843901926969063 1 1 1 Converged Converged Converged OK OK OK 195 195 195 195 195 195 5 5 5 0 0 0 0 1 0 0 1
74 74 linear 1 0 741 0 0.001 1.1279414901241995 0.10046342389444557 3.4199842827785417e-05 -0.22877017833784427 0.29835201331813294 -0.22877701830640984 0.5 0.33174896775063706 25.546688609967088 OK 14 13 0.52225100000000002 0.51955700000000005 0.18748999999999999 0.33033899999999999 0.331094 0 0.19191200000000003 0.18846300000000005 0.18748999999999999 0.013082999999999999 0.013280999999999999 0.012629 0.15271999999999997 0.14950500000000003 0.149309 0.0033289999999999999 0.0033120000000000003 0.0033029999999999999 0.0010240000000000002 0.0009819999999999998 0.001042 25.546765950950917 25.546765950950917 25.546765950950917 0.0053065856450483619 0.0053065856450483619 0.0053065856450483619 1 1 1 Converged Converged Converged OK OK OK 75 75 75 75 75 75 5 5 5 0 0 0 0 0 1 0 0
74 74 linear 1 7 741 1 0.001 1.1279414901241995 0.10046342389444557 3.4199842827785417e-05 -0.22877017833784427 0.29835201331813294 -0.22877285484728296 0.5 0.33174480429151021 21.211878815534515 OK 14 13 0.52579200000000004 0.52537500000000004 0.18109500000000001 0.33577800000000002 0.21076900000000001 0 0.19001400000000002 0.31460600000000005 0.18109500000000001 0.012423999999999999 0.012266000000000001 0.011729 0.15699000000000002 0.28183699999999995 0.14982500000000001 0.0032940000000000001 0.0034169999999999999 0.0032369999999999999 0.00096900000000000003 0.00096099999999999994 0.00091200000000000005 21.211893904118561 21.211893904118561 21.211893904118561 0.0051173748549553791 0.0051173748549553791 0.0051173748549553791 1 1 1 Converged Converged Converged OK OK OK 75 75 75 75 75 75 5 5 5 0 0 0 0 1 0 0 1
74 74 linear 1 15 741 2 0.001 1.1279414901241995 0.10046342389444557 3.4199842827785417e-05 -0.22877017833784427 0.29835201331813294 -0.22876809660828085 0.5 0.33174004605250806 16.210487111585778 OK 14 13 0.50955899999999998 0.51221000000000005 0.175232 0.32916099999999998 0.20612900000000001 0 0.180398 0.30608100000000005 0.175232 0.012147 0.012099 0.011454000000000001 0.14785499999999999 0.27339499999999994 0.14440099999999995 0.0034939999999999997 0.0034949999999999998 0.0033499999999999997 0.00092700000000000009 0.00095199999999999994 0.00090200000000000002 16.210615569424426 16.210615569424426 16.210615569424426 0.0049607311993461337 0.0049607311993461337 0.0049607311993461337 1 1 1 Converged Converged Converged OK OK OK 75 75 75 75 75 75 5 5 5 0 0 0 0 1 0 0 1
74 74 linear 1 23 741 3 0.001 1.1279414901241995 0.10046342389444557 3.4199842827785417e-05 -0.22877017833784427 0.29835201331813294 -0.2287633383692787 0.5 0.33173528781350592 11.263144774513318 OK 14 13 0.53002800000000005 0.56050599999999995 0.178784 0.350773 0.22726099999999999 0 0.17925500000000005 0.33324499999999996 0.178784 0.012622 0.012749 0.011953 0.14644100000000004 0.30004499999999995 0.14730099999999999 0.0034339999999999996 0.003607 0.0032790000000000002 0.00087900000000000001 0.00094499999999999998 0.00086300000000000005 11.263239547457387 11.263239547457387 11.263239547457387 0.004859446199332363 0.004859446199332363 0.004859446199332363 1 1 1 Converged Converged Converged OK OK OK 75 75 75 75 75 75 5 5 5 0 0 0 0 1 0 0 1
74 74 linear 1 0 741 0 0.0001 1.1279414901241995 0.10046342389444557 3.4199842827785417e-05 -0.22877017833784427 0.29835201331813294 -0.22877701830640984 0.5 0.33174896775063706 25.546688609967088 OK 14 13 0.60684400000000005 0.60545899999999997 0.26895599999999997 0.33071600000000001 0.33192500000000003 0 0.27612800000000004 0.27353399999999994 0.26895599999999997 0.013148999999999999 0.013112 0.012781000000000001 0.22489300000000004 0.22262900000000002 0.21858000000000002 0.0050419999999999996 0.004921 0.0049710000000000006 0.0011999999999999999 0.0012080000000000001 0.0011790000000000001 25.546765952993191 25.546765952993191 25.546765952993191 0.0015585286602393866 0.0015585286602393866 0.0015585286602393866 1 1 1 Converged Converged Converged OK OK OK 107 107 107 107 107 107 5 5 5 0 0 0 0 0 1 0 0
74 74 linear 1 7 741 1 0.0001 1.1279414901241995 0.10046342389444557 3.4199842827785417e-05 -0.22877017833784427 0.29835201331813294 -0.22877285484728296 0.5 0.33174480429151021 21.211878815534515 OK 14 13 0.60910900000000001 0.63022999999999996 0.26242599999999999 0.33848499999999998 0.206624 0 0.27062400000000003 0.42360599999999993 0.26242599999999999 0.012342000000000001 0.012311000000000001 0.01175 0.22812100000000002 0.38142800000000016 0.22098499999999988 0.0050290000000000005 0.0049919999999999999 0.0050080000000000003 0.0012049999999999999 0.0011839999999999999 0.0011789999999999999 21.211893906157322 21.211893906157322 21.211893906157322 0.001369293658423789 0.001369293658423789 0.001369293658423789 1 1 1 Converged Converged Converged OK OK OK 107 107 107 107 107 107 5 5 5 0 0 0 0 1 0 0 1
74 74 linear 1 15 741 2 0.0001 1.1279414901241995 0.10046342389444557 3.4199842827785417e-05 -0.22877017833784427 0.29835201331813294 -0.22876809660828085 0.5 0.33174004605250806 16.210487111585778 OK 14 13 0.59751200000000004 0.62520100000000001 0.25539800000000001 0.33167099999999999 0.20865900000000001 0 0.26584100000000005 0.41654199999999997 0.25539800000000001 0.012089000000000001 0.012082000000000001 0.011448 0.22369699999999998 0.37432800000000022 0.21457399999999999 0.0050929999999999994 0.0051580000000000003 0.0050239999999999998 0.0012150000000000002 0.0011430000000000001 0.0011460000000000001 16.210615571470349 16.210615571470349 16.210615571470349 0.0012126223510814413 0.0012126223510814413 0.0012126223510814413 1 1 1 Converged Converged Converged OK OK OK 107 107 107 107 107 107 5 5 5 0 0 0 0 1 0 0 1
74 74 linear 1 23 741 3 0.0001 1.1279414901241995 0.10046342389444557 3.4199842827785417e-05 -0.22877017833784427 0.29835201331813294 -0.2287633383692787 0.5 0.33173528781350592 11.263144774513318 OK 14 13 0.60270500000000005 0.66086999999999996 0.25097599999999998 0.348445 0.22358900000000001 0 0.25426000000000004 0.43728099999999992 0.25097599999999998 0.012633999999999999 0.012772 0.011911 0.21141500000000005 0.39437699999999987 0.20963999999999991 0.0051209999999999997 0.0052820000000000002 0.0050949999999999997 0.0011790000000000001 0.0011870000000000001 0.0011709999999999999 11.263239549501469 11.263239549501469 11.263239549501469 0.0011113096665840933 0.0011113096665840933 0.0011113096665840933 1 1 1 Converged Converged Converged OK OK OK 107 107 107 107 107 107 5 5 5 0 0 0 0 1 0 0 1
74 74 linear 2 0 742 0 0.001 1.1279414901241995 0.10046342389444557 3.4199842827785417e-05 0.17566421366869742 0.22075437089741137 0.17565737370013185 0.5 -0.072685424255904615 329.05413974272687 OK 14 13 0.51677499999999998 0.51380899999999996 0.20425499999999999 0.307591 0.30871300000000002 0 0.20918399999999998 0.20509599999999995 0.20425499999999999 0.011771 0.011945000000000001 0.011714 0.17058099999999993 0.16670199999999996 0.16594100000000001 0.0039119999999999997 0.0037930000000000004 0.0041580000000000002 0.00095200000000000016 0.001011 0.0010019999999999999 329.05316122175509 329.05316122175509 329.05316122175509 0.28482327483289405 0.28482327483289405 0.28482327483289405 1 1 1 Converged Converged Converged OK OK OK 83 83 83 83 83 83 5 5 5 0 0 0 0 0 1 0 0
74 74 linear 2 7 742 1 0.001 1.1279414901241995 0.10046342389444557 3.4199842827785417e-05 0.17566421366869742 0.22075437089741137 0.17566153715925872 0.5 -0.072689587715031492 315.39167871559283 OK 15 14 0.58640999999999999 0.59105700000000005 0.26844099999999999 0.314606 0.20507800000000001 0 0.27180399999999999 0.38597900000000007 0.26844099999999999 0.013920999999999999 0.014115000000000001 0.013161000000000001 0.22436700000000001 0.33757300000000012 0.22242299999999995 0.005288000000000001 0.0057059999999999993 0.0051879999999999999 0.001073 0.0012329999999999999 0.0010660000000000001 315.39112323011761 315.39112323011761 315.39112323011761 0.099409678791395853 0.099409678791395853 0.099409678791395853 1 1 1 Converged Converged Converged OK OK OK 99 99 99 99 99 99 5 5 5 0 0 0 0 1 0 0 1
74 74 linear 2 15 742 2 0.001 1.1279414901241995 0.10046342389444557 3.4199842827785417e-05 0.17566421366869742 0.22075437089741137 0.17566629539826084 0.5 -0.07269434595403361 306.03828799017521 OK 15 14 0.57608099999999995 0.57671600000000001 0.26237500000000002 0.30718200000000001 0.193083 0 0.26889899999999994 0.383633 0.26237500000000002 0.013566 0.013661 0.012919999999999999 0.22469500000000003 0.33898900000000004 0.21942600000000001 0.0052399999999999999 0.0054310000000000001 0.0050949999999999997 0.001047 0.001065 0.001052 306.03791617722732 306.03791617722732 306.03791617722732 0.10018180246566676 0.10018180246566676 0.10018180246566676 1 1 1 Converged Converged Converged OK OK OK 99 99 99 99 99 99 5 5 5 0 0 0 0 1 0 0 1
74 74 linear 2 23 742 3 0.001 1.1279414901241995 0.10046342389444557 3.4199842827785417e-05 0.17566421366869742 0.22075437089741137 0.17567105363726299 0.5 -0.072699104193035755 298.90579489703703 OK 15 14 0.59034900000000001 0.57858699999999996 0.25869900000000001 0.32428600000000002 0.211227 0 0.26606299999999999 0.36735999999999996 0.25869900000000001 0.013667 0.013468000000000001 0.012767000000000001 0.22153600000000007 0.32306899999999983 0.21595000000000006 0.0051310000000000001 0.0052259999999999997 0.0051089999999999998 0.0011490000000000001 0.0010950000000000001 0.0010790000000000001 298.90551259087727 298.90551259087727 298.90551259087727 0.10099083623362622 0.10099083623362622 0.10099083623362622 1 1 1 Converged Converged Converged OK OK OK 99 99 99 99 99 99 5 5 5 0 0 0 0 1 0 0 1
74 74 linear 2 0 742 0 0.0001 1.1279414901241995 0.10046342389444557 3.4199842827785417e-05 0.17566421366869742 0.22075437089741137 0.17565737370013185 0.5 -0.072685424255904615 329.05413974272687 OK 14 13 0.60042600000000002 0.59198200000000001 0.28555900000000001 0.30942599999999998 0.30352099999999999 0 0.29100000000000004 0.28846100000000002 0.28555900000000001 0.012153000000000001 0.011856999999999999 0.011712 0.24123200000000009 0.23596300000000001 0.23569199999999987 0.0054590000000000003 0.0055079999999999999 0.0056389999999999999 0.001274 0.001276 0.001286 329.05308275795301 329.05308275795301 329.05308275795301 0.016735997197134988 0.016735997197134988 0.016735997197134988 1 1 1 Converged Converged Converged OK OK OK 115 115 115 115 115 115 5 5 5 0 0 0 0 0 1 0 0
74 74 linear 2 7 742 1 0.0001 1.1279414901241995 0.10046342389444557 3.4199842827785417e-05 0.17566421366869742 0.22075437089741137 0.17566153715925872 0.5 -0.072689587715031492 315.39167871559283 OK 15 14 0.62268800000000002 0.64171699999999998 0.30185699999999999 0.30828299999999997 0.20013300000000001 0 0.31440500000000005 0.44158399999999998 0.30185699999999999 0.014016000000000001 0.013983000000000001 0.013435000000000001 0.26477299999999993 0.39163000000000009 0.25314900000000001 0.006038 0.00611 0.0060410000000000004 0.0012599999999999998 0.0012430000000000002 0.0012589999999999997 315.39112311455727 315.39112311455727 315.39112311455727 0.009801490436890898 0.009801490436890898 0.009801490436890898 1 1 1 Converged Converged Converged OK OK OK 115 115 115 115 115 115 5 5 5 0 0 0 0 1 0 0 1
74 74 linear 2 15 742 2 0.0001 1.1279414901241995 0.10046342389444557 3.4199842827785417e-05 0.17566421366869742 0.22075437089741137 0.17566629539826084 0.5 -0.07269434595403361 306.03828799017521 OK 15 14 0.611622 0.62855899999999998 0.30081999999999998 0.30371599999999999 0.195353 0 0.30790600000000001 0.43320599999999998 0.30081999999999998 0.013612000000000001 0.013535 0.01298 0.25894100000000009 0.38434300000000005 0.25281400000000009 0.0059259999999999998 0.0060140000000000002 0.0059819999999999995 0.001201 0.001191 0.0012639999999999997 306.03791605467586 306.03791605467586 306.03791605467586 0.0097636215233756814 0.0097636215233756814 0.0097636215233756814 1 1 1 Converged Converged Converged OK OK OK 115 115 115 115 115 115 5 5 5 0 0 0 0 1 0 0 1
74 74 linear 2 23 742 3 0.0001 1.1279414901241995 0.10046342389444557 3.4199842827785417e-05 0.17566421366869742 0.22075437089741137 0.17567105363726299 0.5 -0.072699104193035755 298.90579489703703 OK 15 14 0.62236899999999995 0.63393100000000002 0.29638799999999998 0.32192799999999999 0.21215200000000001 0 0.30044099999999996 0.42177900000000002 0.29638799999999998 0.013483999999999999 0.013594 0.012832 0.25170900000000002 0.37273899999999999 0.24885999999999991 0.0059520000000000007 0.0060039999999999998 0.0059130000000000007 0.0012589999999999999 0.0012360000000000001 0.0012260000000000001 298.90551246038467 298.90551246038467 298.90551246038467 0.0097444469472564958 0.0097444469472564958 0.0097444469472564958 1 1 1 Converged Converged Converged OK OK OK 115 115 115 115 115 115 5 5 5 0 0 0 0 1 0 0 1
74 74 linear 3 0 743 0 0.001 1.1279414901241995 0.10046342389444557 3.4199842827785417e-05 0.07888994273724674 -0.00011503124248403939 0.078883102768681185 0.5 0.024088846675546047 245.84010628756539 OK 13 12 0.72063999999999995 0.72088300000000005 0.125526 0.59490799999999999 0.59680200000000005 0 0.12573199999999995 0.124081 0.125526 0.0071760000000000001 0.0071159999999999999 0.0069690000000000004 0.10387399999999998 0.10222399999999998 0.10390400000000002 0.0020969999999999999 0.00216 0.0021640000000000001 0.00046799999999999999 0.00045199999999999998 0.00045300000000000001 245.83993885334212 245.83993885334212 245.83993885334212 0.0344046487831767 0.0344046487831767 0.0344046487831767 1 1 1 Converged Converged Converged OK OK OK 45 45 45 45 45 45 3 3 3 0 0 0 0 0 1 0 0
74 74 linear 3 7 743 1 0.001 1.1279414901241995 0.10046342389444557 3.4199842827785417e-05 0.07888994273724674 -0.00011503124248403939 0.078887266227808048 0.5 0.024084683216419184 246.63586057013885 OK 13 12 0.73585900000000004 0.649922 0.114638 0.61704800000000004 0.47993799999999998 0 0.118811 0.16998400000000002 0.114638 0.0064859999999999996 0.0063930000000000002 0.005901 0.098704999999999987 0.15027200000000002 0.096018999999999993 0.0022469999999999999 0.0022079999999999999 0.0020889999999999997 0.00045300000000000001 0.00047299999999999995 0.000437 246.63569186638301 246.63569186638301 246.63569186638301 0.034404762230142827 0.034404762230142827 0.034404762230142827 1 1 1 Converged Converged Converged OK OK OK 45 45 45 45 45 45 3 3 3 0 0 0 0 1 0 0 1
74 74 linear 3 15 743 2 0.001 1.1279414901241995 0.10046342389444557 3.4199842827785417e-05 0.07888994273724674 -0.00011503124248403939 0.078892024466810165 0.5 0.024079924977417067 247.55011476203549 OK 13 12 0.67977299999999996 0.58043199999999995 0.118404 0.55676899999999996 0.41389700000000001 0 0.123004 0.16653499999999993 0.118404 0.0062789999999999999 0.0063759999999999997 0.0058780000000000004 0.10309699999999999 0.14695899999999998 0.099984999999999977 0.002238 0.0021619999999999999 0.0020219999999999999 0.000475 0.00043799999999999997 0.00043399999999999998 247.54994401414689 247.54994401414689 247.54994401414689 0.034404895711974803 0.034404895711974803 0.034404895711974803 1 1 1 Converged Converged Converged OK OK OK 45 45 45 45 45 45 3 3 3 0 0 0 0 1 0 0 1
74 74 linear 3 23 743 3 0.001 1.1279414901241995 0.10046342389444557 3.4199842827785417e-05 0.07888994273724674 -0.00011503124248403939 0.078896782705812296 0.5 0.024075166738414935 248.46953524248323 OK 13 12 0.68207399999999996 0.59211100000000005 0.11770799999999999 0.55954099999999996 0.41590700000000003 0 0.122533 0.17620400000000003 0.11770799999999999 0.0062880000000000002 0.0064009999999999996 0.0059119999999999997 0.10296500000000001 0.15665999999999997 0.099099999999999994 0.0021879999999999998 0.0021510000000000001 0.0020639999999999999 0.00044799999999999999 0.00044299999999999998 0.00043199999999999998 248.46936145318185 248.46936145318185 248.46936145318185 0.034405027079557296 0.034405027079557296 0.034405027079557296 1 1 1 Converged Converged Converged OK OK OK 45 45 45 45 45 45 3 3 3 0 0 0 0 1 0 0 1
74 74 linear 3 0 743 0 0.0001 1.1279414901241995 0.10046342389444557 3.4199842827785417e-05 0.07888994273724674 -0.00011503124248403939 0.078883102768681185 0.5 0.024088846675546047 245.84010628756539 OK 13 12 0.73988100000000001 0.73282099999999994 0.135323 0.601136 0.59645099999999995 0 0.13874500000000001 0.13636999999999999 0.135323 0.0070330000000000002 0.0071310000000000002 0.0069490000000000003 0.11359500000000003 0.11151599999999999 0.11066500000000003 0.002581 0.0025640000000000003 0.0025450000000000004 0.00057200000000000003 0.00057800000000000006 0.00056100000000000008 245.84012980650587 245.84012980650587 245.84012980650587 0.0021168261101400759 0.0021168261101400759 0.0021168261101400759 1 1 1 Converged Converged Converged OK OK OK 53 53 53 53 53 53 3 3 3 0 0 0 0 0 1 0 0
74 74 linear 3 7 743 1 0.0001 1.1279414901241995 0.10046342389444557 3.4199842827785417e-05 0.07888994273724674 -0.00011503124248403939 0.078887266227808048 0.5 0.024084683216419184 246.63586057013885 OK 13 12 0.74681799999999998 0.66425299999999998 0.126634 0.61264399999999997 0.47895100000000002 0 0.13417400000000002 0.18530199999999997 0.126634 0.0063140000000000002 0.0063480000000000003 0.0060260000000000001 0.11190000000000001 0.163213 0.10530899999999999 0.0025340000000000002 0.0025739999999999999 0.002526 0.00060899999999999995 0.00057499999999999999 0.00054900000000000001 246.63588282037966 246.63588282037966 246.63588282037966 0.0021167987478268135 0.0021167987478268135 0.0021167987478268135 1 1 1 Converged Converged Converged OK OK OK 53 53 53 53 53 53 3 3 3 0 0 0 0 1 0 0 1
74 74 linear 3 15 743 2 0.0001 1.1279414901241995 0.10046342389444557 3.4199842827785417e-05 0.07888994273724674 -0.00011503124248403939 0.078892024466810165 0.5 0.024079924977417067 247.55011476203549 OK 13 12 0.68948100000000001 0.60140300000000002 0.130324 0.55533200000000005 0.41506999999999999 0 0.13414899999999996 0.18633300000000003 0.130324 0.0062919999999999998 0.0063109999999999998 0.0059220000000000002 0.11202000000000002 0.16453599999999999 0.10929799999999996 0.0025409999999999999 0.0026129999999999999 0.0024810000000000001 0.00056400000000000005 0.00055800000000000001 0.00054799999999999998 247.55013496909501 247.55013496909501 247.55013496909501 0.0021167713067184557 0.0021167713067184557 0.0021167713067184557 1 1 1 Converged Converged Converged OK OK OK 53 53 53 53 53 53 3 3 3 0 0 0 0 1 0 0 1
74 74 linear 3 23 743 3 0.0001 1.1279414901241995 0.10046342389444557 3.4199842827785417e-05 0.07888994273724674 -0.00011503124248403939 0.078896782705812296 0.5 0.024075166738414935 248.46953524248323 OK 13 12 0.69398800000000005 0.60989300000000002 0.12981599999999999 0.56008599999999997 0.409196 0 0.13390200000000008 0.20069700000000001 0.12981599999999999 0.0063299999999999997 0.0064209999999999996 0.0058910000000000004 0.11166400000000001 0.17858400000000002 0.10878400000000001 0.002542 0.002519 0.0024729999999999999 0.00055900000000000004 0.00057300000000000005 0.00054799999999999998 248.46955240908136 248.46955240908136 248.46955240908136 0.0021167417543580692 0.0021167417543580692 0.0021167417543580692 1 1 1 Converged Converged Converged OK OK OK 53 53 53 53 53 53 3 3 3 0 0 0 0 1 0 0 1
74 74 linear 4 0 744 0 0.001 1.1279414901241995 0.10046342389444557 3.4199842827785417e-05 0.16667065604962444 0.21523862285789275 0.16666381608105887 0.5 -0.063691866636831643 7.5420719557043867 OK 13 12 0.42741499999999999 0.42441499999999999 0.13671700000000001 0.28689300000000001 0.28707500000000002 0 0.14052199999999998 0.13733999999999996 0.13671700000000001 0.0090570000000000008 0.0087200000000000003 0.0086540000000000002 0.10943699999999995 0.10659299999999999 0.106184 0.0030899999999999999 0.0031539999999999997 0.0030700000000000002 0.00071299999999999998 0.00070899999999999999 0.00070100000000000002 7.5420704213062288 7.5420704213062288 7.5420704213062288 0.0042119985996731408 0.0042119985996731408 0.0042119985996731408 1 1 1 Converged Converged Converged OK OK OK 61 61 61 61 61 61 3 3 3 0 0 0 0 0 1 0 0
74 74 linear 4 7 744 1 0.001 1.1279414901241995 0.10046342389444557 3.4199842827785417e-05 0.16667065604962444 0.21523862285789275 0.16666797954018575 0.5 -0.06369603009595852 7.5405234401368926 OK 13 12 0.43099399999999999 0.40488499999999999 0.14111899999999999 0.28589999999999999 0.17852100000000001 0 0.145094 0.22636399999999998 0.14111899999999999 0.0082590000000000007 0.0081980000000000004 0.0077429999999999999 0.11761100000000001 0.19872599999999993 0.11459999999999997 0.0032829999999999999 0.0032620000000000001 0.0031489999999999999 0.000727 0.00074399999999999998 0.0007000000000000001 7.5405219075239023 7.5405219075239023 7.5405219075239023 0.0042119861264058329 0.0042119861264058329 0.0042119861264058329 1 1 1 Converged Converged Converged OK OK OK 61 61 61 61 61 61 3 3 3 0 0 0 0 1 0 0 1
74 74 linear 4 15 744 2 0.001 1.1279414901241995 0.10046342389444557 3.4199842827785417e-05 0.16667065604962444 0.21523862285789275 0.16667273777918787 0.5 -0.063700788334960637 7.5387551679320497 OK 13 12 0.41664299999999999 0.38675500000000002 0.135101 0.27682499999999999 0.168346 0 0.139818 0.21840900000000002 0.135101 0.0081440000000000002 0.0083739999999999995 0.0077140000000000004 0.11232599999999998 0.19072000000000008 0.10900399999999999 0.0031440000000000001 0.0031519999999999999 0.0030139999999999998 0.00074199999999999993 0.00071000000000000002 0.00069899999999999997 7.5387536372768968 7.5387536372768968 7.5387536372768968 0.0042119718409654372 0.0042119718409654372 0.0042119718409654372 1 1 1 Converged Converged Converged OK OK OK 61 61 61 61 61 61 3 3 3 0 0 0 0 1 0 0 1
74 74 linear 4 23 744 3 0.001 1.1279414901241995 0.10046342389444557 3.4199842827785417e-05 0.16667065604962444 0.21523862285789275 0.16667749601819001 0.5 -0.063705546573962782 7.5369884501474544 OK 13 12 0.43487900000000002 0.40271200000000001 0.13955300000000001 0.29106100000000001 0.175397 0 0.143818 0.22731500000000002 0.13955300000000001 0.0081239999999999993 0.0083330000000000001 0.00762 0.11634200000000001 0.19975200000000001 0.11333100000000002 0.003202 0.0031970000000000002 0.0030719999999999996 0.00070599999999999992 0.00071600000000000006 0.00070500000000000001 7.5369869219519057 7.5369869219519057 7.5369869219519057 0.0042119575696084452 0.0042119575696084452 0.0042119575696084452 1 1 1 Converged Converged Converged OK OK OK 61 61 61 61 61 61 3 3 3 0 0 0 0 1 0 0 1
74 74 linear 4 0 744 0 0.0001 1.1279414901241995 0.10046342389444557 3.4199842827785417e-05 0.16667065604962444 0.21523862285789275 0.16666381608105887 0.5 -0.063691866636831643 7.5420719557043867 OK 13 12 0.47359600000000002 0.47201900000000002 0.18399599999999999 0.28531800000000002 0.28719499999999998 0 0.188278 0.18482400000000004 0.18399599999999999 0.0088310000000000003 0.0089689999999999995 0.0086060000000000008 0.15140999999999996 0.14825200000000002 0.14768899999999996 0.0039280000000000001 0.0039190000000000006 0.0039459999999999999 0.00080899999999999993 0.00084100000000000017 0.00080899999999999993 7.5420704235718947 7.5420704235718947 7.5420704235718947 6.8900886485870219e-05 6.8900886485870219e-05 6.8900886485870219e-05 1 1 1 Converged Converged Converged OK OK OK 77 77 77 77 77 77 3 3 3 0 0 0 0 0 1 0 0
74 74 linear 4 7 744 1 0.0001 1.1279414901241995 0.10046342389444557 3.4199842827785417e-05 0.16667065604962444 0.21523862285789275 0.16666797954018575 0.5 -0.06369603009595852 7.5405234401368926 OK 13 12 0.48159400000000002 0.452401 0.19212699999999999 0.287943 0.17685400000000001 0 0.19365100000000002 0.27554699999999999 0.19212699999999999 0.008116 0.0082279999999999992 0.0077749999999999998 0.16147000000000003 0.24295200000000003 0.16045200000000001 0.0039779999999999998 0.0041219999999999998 0.0041580000000000002 0.00081500000000000008 0.0008209999999999999 0.00079799999999999999 7.540521909785844 7.540521909785844 7.540521909785844 6.8899621994272919e-05 6.8899621994272919e-05 6.8899621994272919e-05 1 1 1 Converged Converged Converged OK OK OK 77 77 77 77 77 77 3 3 3 0 0 0 0 1 0 0 1
74 74 linear 4 15 744 2 0.0001 1.1279414901241995 0.10046342389444557 3.4199842827785417e-05 0.16667065604962444 0.21523862285789275 0.16667273777918787 0.5 -0.063700788334960637 7.5387551679320497 OK 13 12 0.470744 0.44536900000000001 0.18565699999999999 0.28023999999999999 0.17316200000000001 0 0.19050400000000001 0.27220699999999998 0.18565699999999999 0.0081440000000000002 0.0082380000000000005 0.0076569999999999997 0.15805000000000002 0.23977500000000004 0.15455200000000002 0.0039900000000000005 0.004006 0.0038599999999999997 0.0008789999999999999 0.000803 0.00078700000000000005 7.5387536395320671 7.5387536395320671 7.5387536395320671 6.8898158063220935e-05 6.8898158063220935e-05 6.8898158063220935e-05 1 1 1 Converged Converged Converged OK OK OK 77 77 77 77 77 77 3 3 3 0 0 0 0 1 0 0 1
74 74 linear 4 23 744 3 0.0001 1.1279414901241995 0.10046342389444557 3.4199842827785417e-05 0.16667065604962444 0.21523862285789275 0.16667749601819001 0.5 -0.063705546573962782 7.5369884501474544 OK 13 12 0.47995700000000002 0.45809899999999998 0.19026100000000001 0.28460200000000002 0.17632200000000001 0 0.195355 0.28177699999999994 0.19026100000000001 0.0080850000000000002 0.0081410000000000007 0.0075969999999999996 0.16299899999999995 0.24939999999999996 0.15911899999999998 0.003993 0.0039480000000000001 0.0038679999999999999 0.00082399999999999997 0.00083000000000000001 0.00083300000000000008 7.5369869242200922 7.5369869242200922 7.5369869242200922 6.8896728615015584e-05 6.8896728615015584e-05 6.8896728615015584e-05 1 1 1 Converged Converged Converged OK OK OK 77 77 77 77 77 77 3 3 3 0 0 0 0 1 0 0 1
74 74 uniform 0 0 745 0 0.001 1.1279414901241995 0.10046342389444557 3.4199842827785417e-05 -0.5791721216577298 1.2634633528214406e-06 -0.57917896162629534 0 0.68215091107052261 607.51256496190467 OK 14 15 1.2843929999999999 1.280581 0.51629000000000003 0.767011 0.76173199999999996 0 0.5173819999999999 0.518849 0.51629000000000003 0.0096799999999999994 0.0096120000000000008 0.0093170000000000006 0.45988199999999979 0.46185299999999996 0.45952599999999993 0.012978 0.013215000000000001 0.013077999999999999 0.00087599999999999993 0.00085900000000000006 0.00084500000000000005 607.5215112150172 607.5215112150172 607.5215112150172 0.37082934672703377 0.37082934672703377 0.37082934672703377 1 1 1 Converged Converged Converged OK OK OK 163 163 163 163 163 163 5 5 5 0 0 0 0 0 1 0 0
74 74 uniform 0 7 745 1 0.001 1.1279414901241995 0.10046342389444557 3.4199842827785417e-05 -0.5791721216577298 1.2634633528214406e-06 -0.57917479816716855 0 0.68214674761139582 609.26589634244124 OK 14 15 1.3869629999999999 1.2670349999999999 0.50280599999999998 0.88718799999999998 0.74700699999999998 0 0.49977499999999997 0.52002799999999993 0.50280599999999998 0.0087089999999999997 0.009868 0.0079959999999999996 0.44934200000000019 0.46739899999999984 0.4543370000000001 0.01294 0.013908 0.012803 0.00082399999999999997 0.00086299999999999994 0.00084599999999999996 609.27480851499661 609.27480851499661 609.27480851499661 0.37092391157464766 0.37092391157464766 0.37092391157464766 1 1 1 Converged Converged Converged OK OK OK 163 163 163 163 163 163 5 5 5 0 0 0 0 1 0 0 1
74 74 uniform 0 15 745 2 0.001 1.1279414901241995 0.10046342389444557 3.4199842827785417e-05 -0.5791721216577298 1.2634633528214406e-06 -0.5791700399281664 0 0.68214198937239368 611.26788006258289 OK 14 15 1.2351399999999999 1.1312500000000001 0.50600900000000004 0.72335799999999995 0.61123000000000005 0 0.51178199999999996 0.52002000000000004 0.50600900000000004 0.0087989999999999995 0.010201999999999999 0.0082629999999999995 0.461476 0.46279600000000004 0.45756300000000011 0.013215000000000001 0.013295 0.012661 0.00085300000000000003 0.00081299999999999992 0.00082199999999999992 611.276762768136 611.276762768136 611.276762768136 0.37103404084118213 0.37103404084118213 0.37103404084118213 1 1 1 Converged Converged Converged OK OK OK 163 163 163 163 163 163 5 5 5 0 0 0 0 1 0 0 1
74 74 uniform 0 23 745 3 0.001 1.1279414901241995 0.10046342389444557 3.4199842827785417e-05 -0.5791721216577298 1.2634633528214406e-06 -0.57916528168916426 0 0.68213723113339153 613.26781855125444 OK 14 15 1.2865420000000001 1.161368 0.50393500000000002 0.77778700000000001 0.64976699999999998 0 0.50875500000000007 0.51160099999999997 0.50393500000000002 0.0086309999999999998 0.0086099999999999996 0.0078840000000000004 0.45884499999999973 0.46179299999999984 0.455953 0.013116000000000001 0.013139000000000001 0.012545000000000001 0.00083200000000000006 0.00084899999999999993 0.00081599999999999999 613.2766661962944 613.2766661962944 613.2766661962944 0.37114638199243505 0.37114638199243505 0.37114638199243505 1 1 1 Converged Converged Converged OK OK OK 163 163 163 163 163 163 5 5 5 0 0 0 0 1 0 0 1
74 74 uniform 0 0 745 0 0.0001 1.1279414901241995 0.10046342389444557 3.4199842827785417e-05 -0.5791721216577298 1.2634633528214406e-06 -0.57917896162629534 0 0.68215091107052261 607.51256496190467 OK 14 15 1.836557 1.8241560000000001 1.16015 0.762432 0.76251000000000002 0 1.074125 1.0616460000000001 1.16015 0.011015 0.0097890000000000008 0.009214 0.93150100000000002 0.91615299999999944 1.0146679999999997 0.047289000000000005 0.049892999999999993 0.050397999999999998 0.0014319999999999999 0.001513 0.0014270000000000001 607.51368284017394 607.51368284017394 607.51368284017394 0.033471310286986071 0.033471310286986071 0.033471310286986071 1 1 1 Converged Converged Converged OK OK OK 323 323 323 323 323 323 5 5 5 0 0 0 0 0 1 0 0
74 74 uniform 0 7 745 1 0.0001 1.1279414901241995 0.10046342389444557 3.4199842827785417e-05 -0.5791721216577298 1.2634633528214406e-06 -0.57917479816716855 0 0.68214674761139582 609.26589634244124 OK 14 15 1.916946 1.782076 1.040789 0.88931499999999997 0.74719500000000005 0 1.027631 1.0348809999999999 1.040789 0.0089090000000000003 0.0087880000000000007 0.0080619999999999997 0.906752 0.91407200000000033 0.92141800000000018 0.047476000000000004 0.047820000000000001 0.046855000000000001 0.0013669999999999999 0.001403 0.001351 609.26700199351444 609.26700199351444 609.26700199351444 0.033519298785117932 0.033519298785117932 0.033519298785117932 1 1 1 Converged Converged Converged OK OK OK 323 323 323 323 323 323 5 5 5 0 0 0 0 1 0 0 1
74 74 uniform 0 15 745 2 0.0001 1.1279414901241995 0.10046342389444557 3.4199842827785417e-05 -0.5791721216577298 1.2634633528214406e-06 -0.5791700399281664 0 0.68214198937239368 611.26788006258289 OK 14 15 1.7551639999999999 1.64601 1.0320910000000001 0.71940400000000004 0.60538700000000001 0 1.0357599999999998 1.0406230000000001 1.0320910000000001 0.0087799999999999996 0.009103 0.0082389999999999998 0.91644299999999923 0.92019200000000023 0.91479199999999994 0.046653999999999994 0.047967000000000003 0.046315999999999996 0.0013670000000000002 0.0013729999999999999 0.001323 611.26898136609282 611.26898136609282 611.26898136609282 0.033574410360388517 0.033574410360388517 0.033574410360388517 1 1 1 Converged Converged Converged OK OK OK 323 323 323 323 323 323 5 5 5 0 0 0 0 1 0 0 1
74 74 uniform 0 23 745 3 0.0001 1.1279414901241995 0.10046342389444557 3.4199842827785417e-05 -0.5791721216577298 1.2634633528214406e-06 -0.57916528168916426 0 0.68213723113339153 613.26781855125444 OK 14 15 1.845993 1.7042060000000001 1.033185 0.78431200000000001 0.65331700000000004 0 1.0616810000000001 1.0508890000000002 1.033185 0.0087469999999999996 0.0087299999999999999 0.0079469999999999992 0.94011500000000003 0.92983099999999996 0.91650799999999999 0.047118 0.048535999999999996 0.046094999999999997 0.0014 0.0014170000000000001 0.0013079999999999999 613.26891006716926 613.26891006716926 613.26891006716926 0.033629807512302247 0.033629807512302247 0.033629807512302247 1 1 1 Converged Converged Converged OK OK OK 323 323 323 323 323 323 5 5 5 0 0 0 0 1 0 0 1
74 74 uniform 1 0 746 0 0.001 1.1279414901241995 0.10046342389444557 3.4199842827785417e-05 -0.22877017833784427 0.29835201331813294 -0.22877701830640984 0 0.33174896775063706 26.794701729131212 OK 14 13 0.48742200000000002 0.48726399999999997 0.15418599999999999 0.33168700000000001 0.33248499999999998 0 0.15573500000000001 0.154779 0.15418599999999999 0.013205 0.013004999999999999 0.012534999999999999 0.11712800000000001 0.11711000000000001 0.116756 0.0032049999999999999 0.0032180000000000004 0.0031850000000000003 0.00088000000000000003 0.00086899999999999998 0.00088099999999999995 26.794699933169035 26.794699933169035 26.794699933169035 0.0012828407291001491 0.0012828407291001491 0.0012828407291001491 1 1 1 Converged Converged Converged OK OK OK 75 75 75 75 75 75 5 5 5 0 0 0 0 0 1 0 0
74 74 uniform 1 7 746 1 0.001 1.1279414901241995 0.10046342389444557 3.4199842827785417e-05 -0.22877017833784427 0.29835201331813294 -0.22877285484728296 0 0.33174480429151021 22.77930314652102 OK 14 13 0.48793700000000001 0.497807 0.14846000000000001 0.33742100000000003 0.20753199999999999 0 0.15051599999999998 0.29027500000000001 0.14846000000000001 0.012314 0.020641 0.011752 0.11802900000000001 0.24950299999999995 0.11743999999999997 0.0034479999999999997 0.0032670000000000004 0.0030739999999999999 0.00088699999999999998 0.00085099999999999998 0.00083700000000000007 22.779300079512545 22.779300079512545 22.779300079512545 0.0012020785551934928 0.0012020785551934928 0.0012020785551934928 1 1 1 Converged Converged Converged OK OK OK 75 75 75 75 75 75 5 5 5 0 0 0 0 1 0 0 1
74 74 uniform 1 15 746 2 0.001 1.1279414901241995 0.10046342389444557 3.4199842827785417e-05 -0.22877017833784427 0.29835201331813294 -0.22876809660828085 0 0.33174004605250806 17.968886107480287 OK 14 13 0.47392200000000001 0.47939300000000001 0.142258 0.33035300000000001 0.20605000000000001 0 0.143569 0.273343 0.142258 0.012052 0.012119 0.011396 0.11190599999999995 0.24115300000000003 0.11171099999999996 0.0031040000000000004 0.0032439999999999999 0.0031270000000000004 0.00087199999999999995 0.00086000000000000009 0.00083300000000000008 17.968882354231145 17.968882354231145 17.968882354231145 0.0011271977185547553 0.0011271977185547553 0.0011271977185547553 1 1 1 Converged Converged Converged OK OK OK 75 75 75 75 75 75 5 5 5 0 0 0 0 1 0 0 1
74 74 uniform 1 23 746 3 0.001 1.1279414901241995 0.10046342389444557 3.4199842827785417e-05 -0.22877017833784427 0.29835201331813294 -0.2287633383692787 0 0.33173528781350592 12.93082182234385 OK 14 13 0.49170799999999998 0.52835799999999999 0.141407 0.34848499999999999 0.22498299999999999 0 0.14322299999999999 0.30337500000000001 0.141407 0.012636 0.01273 0.011946 0.11046599999999998 0.27046100000000012 0.11024799999999998 0.0032620000000000001 0.0032599999999999999 0.003104 0.00086600000000000002 0.00087500000000000013 0.00086000000000000009 12.930816849580992 12.930816849580992 12.930816849580992 0.0010689212010263603 0.0010689212010263603 0.0010689212010263603 1 1 1 Converged Converged Converged OK OK OK 75 75 75 75 75 75 5 5 5 0 0 0 0 1 0 0 1
74 74 uniform 1 0 746 0 0.0001 1.1279414901241995 0.10046342389444557 3.4199842827785417e-05 -0.22877017833784427 0.29835201331813294 -0.22877701830640984 0 0.33174896775063706 26.794701729131212 OK 14 13 0.48618 0.49176599999999998 0.15410499999999999 0.330822 0.33636100000000002 0 0.155358 0.15540499999999996 0.15410499999999999 0.012815999999999999 0.013041000000000001 0.012439 0.117155 0.117119 0.11683800000000004 0.0032160000000000001 0.0032070000000000002 0.0031509999999999997 0.00092900000000000003 0.00087700000000000007 0.00089900000000000006 26.794699933169035 26.794699933169035 26.794699933169035 0.0012828407291001491 0.0012828407291001491 0.0012828407291001491 1 1 1 Converged Converged Converged OK OK OK 75 75 75 75 75 75 5 5 5 0 0 0 0 0 1 0 0
74 74 uniform 1 7 746 1 0.0001 1.1279414901241995 0.10046342389444557 3.4199842827785417e-05 -0.22877017833784427 0.29835201331813294 -0.22877285484728296 0 0.33174480429151021 22.77930314652102 OK 14 13 0.483653 0.49436200000000002 0.14827399999999999 0.33440999999999999 0.210756 0 0.14924300000000001 0.28360600000000002 0.14827399999999999 0.012293999999999999 0.012123 0.011724 0.117447 0.25185299999999994 0.11749699999999999 0.0031129999999999999 0.0031509999999999997 0.0030799999999999998 0.00081099999999999998 0.00081899999999999996 0.0008209999999999999 22.779300079512545 22.779300079512545 22.779300079512545 0.0012020785551934928 0.0012020785551934928 0.0012020785551934928 1 1 1 Converged Converged Converged OK OK OK 75 75 75 75 75 75 5 5 5 0 0 0 0 1 0 0 1
74 74 uniform 1 15 746 2 0.0001 1.1279414901241995 0.10046342389444557 3.4199842827785417e-05 -0.22877017833784427 0.29835201331813294 -0.22876809660828085 0 0.33174004605250806 17.968886107480287 OK 14 13 0.47263899999999998 0.478381 0.14206299999999999 0.32750899999999999 0.203903 0 0.14512999999999998 0.274478 0.14206299999999999 0.011949 0.011965999999999999 0.011429 0.11302500000000001 0.24276400000000009 0.11164299999999996 0.0032599999999999999 0.0032129999999999997 0.0030850000000000001 0.00086399999999999997 0.00084900000000000004 0.00083200000000000006 17.968882354231145 17.968882354231145 17.968882354231145 0.0011271977185547553 0.0011271977185547553 0.0011271977185547553 1 1 1 Converged Converged Converged OK OK OK 75 75 75 75 75 75 5 5 5 0 0 0 0 1 0 0 1
74 74 uniform 1 23 746 3 0.0001 1.1279414901241995 0.10046342389444557 3.4199842827785417e-05 -0.22877017833784427 0.29835201331813294 -0.2287633383692787 0 0.33173528781350592 12.93082182234385 OK 14 13 0.49260199999999998 0.52593599999999996 0.14402400000000001 0.349408 0.22609099999999999 0 0.14319399999999999 0.29984499999999997 0.14402400000000001 0.012619 0.012699 0.011971000000000001 0.11082499999999998 0.26719599999999999 0.11299899999999999 0.003189 0.0032270000000000003 0.0030899999999999999 0.00084500000000000005 0.000852 0.00083700000000000007 12.930816849580992 12.930816849580992 12.930816849580992 0.0010689212010263603 0.0010689212010263603 0.0010689212010263603 1 1 1 Converged Converged Converged OK OK OK 75 75 75 75 75 75 5 5 5 0 0 0 0 1 0 0 1
74 74 uniform 2 0 747 0 0.001 1.1279414901241995 0.10046342389444557 3.4199842827785417e-05 0.17566421366869742 0.22075437089741137 0.17565737370013185 0 -0.072685424255904615 335.66521610416333 OK 14 13 0.50650499999999998 0.50504400000000005 0.197043 0.30758099999999999 0.306593 0 0.19892399999999999 0.19845100000000004 0.197043 0.012309 0.012418999999999999 0.011686 0.15433399999999992 0.15467800000000007 0.15389299999999997 0.0054870000000000006 0.0049119999999999997 0.0049420000000000002 0.001044 0.001096 0.001047 335.66523925734447 335.66523925734447 335.66523925734447 0.036866199975622203 0.036866199975622203 0.036866199975622203 1 1 1 Converged Converged Converged OK OK OK 99 99 99 99 99 99 5 5 5 0 0 0 0 0 1 0 0
74 74 uniform 2 7 747 1 0.001 1.1279414901241995 0.10046342389444557 3.4199842827785417e-05 0.17566421366869742 0.22075437089741137 0.17566153715925872 0 -0.072689587715031492 319.35282236117848 OK 15 14 0.495894 0.49647200000000002 0.18082899999999999 0.31379499999999999 0.209257 0 0.18209900000000001 0.287215 0.18082899999999999 0.013780000000000001 0.015351999999999999 0.013390000000000001 0.14261900000000008 0.24537599999999996 0.14233700000000002 0.0041799999999999997 0.0043150000000000003 0.0041050000000000001 0.00086600000000000012 0.00093300000000000002 0.00086099999999999989 319.35281913909972 319.35281913909972 319.35281913909972 0.17941423122010733 0.17941423122010733 0.17941423122010733 1 1 1 Converged Converged Converged OK OK OK 83 83 83 83 83 83 5 5 5 0 0 0 0 1 0 0 1
74 74 uniform 2 15 747 2 0.001 1.1279414901241995 0.10046342389444557 3.4199842827785417e-05 0.17566421366869742 0.22075437089741137 0.17566629539826084 0 -0.07269434595403361 308.95652561681163 OK 15 14 0.48766100000000001 0.47788999999999998 0.180421 0.30476599999999998 0.199267 0 0.18289500000000003 0.27862299999999995 0.180421 0.013932999999999999 0.013828 0.012988 0.1434979999999999 0.23874699999999996 0.14280400000000004 0.0043250000000000007 0.0042680000000000001 0.0040359999999999997 0.0009180000000000002 0.00091100000000000003 0.00086600000000000002 308.95652300823889 308.95652300823889 308.95652300823889 0.1488398427971741 0.1488398427971741 0.1488398427971741 1 1 1 Converged Converged Converged OK OK OK 83 83 83 83 83 83 5 5 5 0 0 0 0 1 0 0 1
74 74 uniform 2 23 747 3 0.001 1.1279414901241995 0.10046342389444557 3.4199842827785417e-05 0.17566421366869742 0.22075437089741137 0.17567105363726299 0 -0.072699104193035755 301.22452591409188 OK 15 14 0.47788599999999998 0.434666 0.148338 0.32784200000000002 0.213389 0 0.15004399999999996 0.221277 0.148338 0.013429 0.013507 0.012760000000000001 0.11622500000000004 0.18736499999999995 0.11570199999999996 0.0032500000000000003 0.0033149999999999998 0.0031459999999999999 0.00077100000000000009 0.00081499999999999986 0.0007899999999999999 301.22452142199438 301.22452142199438 301.22452142199438 0.28493388404553383 0.28493388404553383 0.28493388404553383 1 1 1 Converged Converged Converged OK OK OK 67 67 67 67 67 67 5 5 5 0 0 0 0 1 0 0 1
74 74 uniform 2 0 747 0 0.0001 1.1279414901241995 0.10046342389444557 3.4199842827785417e-05 0.17566421366869742 0.22075437089741137 0.17565737370013185 0 -0.072685424255904615 335.66521610416333 OK 14 13 0.54050299999999996 0.538968 0.23222200000000001 0.30674400000000002 0.30533300000000002 0 0.23375899999999994 0.23363499999999998 0.23222200000000001 0.011998999999999999 0.012185 0.011729 0.18397500000000003 0.18384400000000001 0.18320800000000001 0.0054320000000000002 0.0055689999999999993 0.0055130000000000005 0.0011529999999999999 0.0011450000000000002 0.001126 335.6652392553309 335.6652392553309 335.6652392553309 0.018068400101080521 0.018068400101080521 0.018068400101080521 1 1 1 Converged Converged Converged OK OK OK 115 115 115 115 115 115 5 5 5 0 0 0 0 0 1 0 0
74 74 uniform 2 7 747 1 0.0001 1.1279414901241995 0.10046342389444557 3.4199842827785417e-05 0.17566421366869742 0.22075437089741137 0.17566153715925872 0 -0.072689587715031492 319.35282236117848 OK 15 14 0.52675300000000003 0.53533399999999998 0.20816799999999999 0.31292999999999999 0.20071600000000001 0 0.21382300000000004 0.33461799999999997 0.20816799999999999 0.018273999999999999 0.014473 0.013247999999999999 0.16506999999999991 0.28879399999999994 0.164825 0.0051079999999999997 0.0055170000000000002 0.0051790000000000004 0.0010150000000000001 0.001047 0.0010480000000000001 319.35281906325895 319.35281906325895 319.35281906325895 0.025285701057483283 0.025285701057483283 0.025285701057483283 1 1 1 Converged Converged Converged OK OK OK 99 99 99 99 99 99 5 5 5 0 0 0 0 1 0 0 1
74 74 uniform 2 15 747 2 0.0001 1.1279414901241995 0.10046342389444557 3.4199842827785417e-05 0.17566421366869742 0.22075437089741137 0.17566629539826084 0 -0.07269434595403361 308.95652561681163 OK 15 14 0.51708299999999996 0.52135100000000001 0.210068 0.30586799999999997 0.193688 0 0.21121499999999999 0.32766300000000004 0.210068 0.013559 0.013582 0.012931 0.16736599999999996 0.28358700000000009 0.16765800000000003 0.0049540000000000001 0.0050260000000000001 0.0049829999999999996 0.001041 0.001026 0.0009990000000000001 308.95652272874196 308.95652272874196 308.95652272874196 0.025464157810243967 0.025464157810243967 0.025464157810243967 1 1 1 Converged Converged Converged OK OK OK 99 99 99 99 99 99 5 5 5 0 0 0 0 1 0 0 1
74 74 uniform 2 23 747 3 0.0001 1.1279414901241995 0.10046342389444557 3.4199842827785417e-05 0.17566421366869742 0.22075437089741137 0.17567105363726299 0 -0.072699104193035755 301.22452591409188 OK 15 14 0.53429099999999996 0.53278300000000001 0.20539099999999999 0.326627 0.218116 0 0.20766399999999996 0.31466700000000003 0.20539099999999999 0.013329000000000001 0.013436999999999999 0.012759 0.16405599999999998 0.27100399999999997 0.16349300000000003 0.0049389999999999998 0.0050299999999999997 0.0047620000000000006 0.0010250000000000001 0.00099599999999999992 0.00097600000000000009 301.22452187906458 301.22452187906458 301.22452187906458 0.025649697779505199 0.025649697779505199 0.025649697779505199 1 1 1 Converged Converged Converged OK OK OK 99 99 99 99 99 99 5 5 5 0 0 0 0 1 0 0 1
74 74 uniform 3 0 748 0 0.001 1.1279414901241995 0.10046342389444557 3.4199842827785417e-05 0.07888994273724674 -0.00011503124248403939 0.078883102768681185 0 0.024088846675546047 245.92798799619314 OK 13 12 0.66268700000000003 0.66854499999999994 0.068440000000000001 0.59337799999999996 0.59900600000000004 0 0.069309000000000065 0.069538999999999906 0.068440000000000001 0.0071060000000000003 0.0070460000000000002 0.0067939999999999997 0.052955000000000002 0.053206000000000003 0.052973999999999993 0.0011980000000000001 0.001243 0.0011739999999999999 0.000319 0.00032399999999999996 0.00031500000000000001 245.92818468664404 245.92818468664404 245.92818468664404 0.11931874998188252 0.11931874998188252 0.11931874998188252 1 1 1 Converged Converged Converged OK OK OK 29 29 29 29 29 29 3 3 3 0 0 0 0 0 1 0 0
74 74 uniform 3 7 748 1 0.001 1.1279414901241995 0.10046342389444557 3.4199842827785417e-05 0.07888994273724674 -0.00011503124248403939 0.078887266227808048 0 0.024084683216419184 246.72478474450236 OK 13 12 0.67758099999999999 0.57295399999999996 0.059795000000000001 0.61670700000000001 0.48081600000000002 0 0.060873999999999984 0.092137999999999942 0.059795000000000001 0.0064209999999999996 0.0063559999999999997 0.0059080000000000001 0.04608099999999999 0.077502000000000015 0.046113999999999995 0.001217 0.0012279999999999999 0.001191 0.00033799999999999998 0.000321 0.00031 246.72498195886601 246.72498195886601 246.72498195886601 0.11956388129500878 0.11956388129500878 0.11956388129500878 1 1 1 Converged Converged Converged OK OK OK 29 29 29 29 29 29 3 3 3 0 0 0 0 1 0 0 1
74 74 uniform 3 15 748 2 0.001 1.1279414901241995 0.10046342389444557 3.4199842827785417e-05 0.07888994273724674 -0.00011503124248403939 0.078892024466810165 0 0.024079924977417067 247.64024688501743 OK 13 12 0.62229199999999996 0.50478299999999998 0.062389 0.55865200000000004 0.41164400000000001 0 0.063639999999999919 0.093138999999999972 0.062389 0.0063590000000000001 0.0063839999999999999 0.0059569999999999996 0.048933999999999998 0.078608000000000011 0.048661000000000003 0.001242 0.0012470000000000001 0.001214 0.00031799999999999998 0.000321 0.00030699999999999998 247.64044412119918 247.64044412119918 247.64044412119918 0.11984480251876177 0.11984480251876177 0.11984480251876177 1 1 1 Converged Converged Converged OK OK OK 29 29 29 29 29 29 3 3 3 0 0 0 0 1 0 0 1
74 74 uniform 3 23 748 3 0.001 1.1279414901241995 0.10046342389444557 3.4199842827785417e-05 0.07888994273724674 -0.00011503124248403939 0.078896782705812296 0 0.024075166738414935 248.56089401970112 OK 13 12 0.62299400000000005 0.51644000000000001 0.063952999999999996 0.55797799999999997 0.41098499999999999 0 0.065016000000000074 0.10545500000000002 0.063952999999999996 0.0063090000000000004 0.0063249999999999999 0.005901 0.050353000000000002 0.090890000000000026 0.050204000000000013 0.00123 0.0012279999999999999 0.001157 0.00031599999999999998 0.000319 0.00031700000000000001 248.56108950320692 248.56108950320692 248.56108950320692 0.12012651304042769 0.12012651304042769 0.12012651304042769 1 1 1 Converged Converged Converged OK OK OK 29 29 29 29 29 29 3 3 3 0 0 0 0 1 0 0 1
74 74 uniform 3 0 748 0 0.0001 1.1279414901241995 0.10046342389444557 3.4199842827785417e-05 0.07888994273724674 -0.00011503124248403939 0.078883102768681185 0 0.024088846675546047 245.92798799619314 OK 13 12 0.70408899999999996 0.70084299999999999 0.10503800000000001 0.59838199999999997 0.59553599999999995 0 0.105707 0.10530700000000004 0.10503800000000001 0.007038 0.0069849999999999999 0.0069069999999999999 0.080721000000000029 0.08107300000000002 0.080552000000000026 0.0025119999999999999 0.0024720000000000002 0.0024420000000000002 0.00057200000000000003 0.00057300000000000005 0.00055499999999999994 245.92822448025362 245.92822448025362 245.92822448025362 0.0029689318323063265 0.0029689318323063265 0.0029689318323063265 1 1 1 Converged Converged Converged OK OK OK 53 53 53 53 53 53 3 3 3 0 0 0 0 0 1 0 0
74 74 uniform 3 7 748 1 0.0001 1.1279414901241995 0.10046342389444557 3.4199842827785417e-05 0.07888994273724674 -0.00011503124248403939 0.078887266227808048 0 0.024084683216419184 246.72478474450236 OK 13 12 0.71518199999999998 0.63769399999999998 0.096032000000000006 0.61768599999999996 0.48269000000000001 0 0.097496000000000027 0.15500399999999998 0.096032000000000006 0.0063689999999999997 0.0063610000000000003 0.005934 0.075299999999999992 0.13302299999999997 0.074999999999999983 0.002519 0.0025039999999999997 0.002457 0.00054799999999999998 0.00056800000000000004 0.00055400000000000002 246.72502175103003 246.72502175103003 246.72502175103003 0.0029688759687813491 0.0029688759687813491 0.0029688759687813491 1 1 1 Converged Converged Converged OK OK OK 53 53 53 53 53 53 3 3 3 0 0 0 0 1 0 0 1
74 74 uniform 3 15 748 2 0.0001 1.1279414901241995 0.10046342389444557 3.4199842827785417e-05 0.07888994273724674 -0.00011503124248403939 0.078892024466810165 0 0.024079924977417067 247.64024688501743 OK 13 12 0.66484200000000004 0.56904900000000003 0.100496 0.563087 0.40909699999999999 0 0.10175500000000004 0.15995200000000004 0.100496 0.00643 0.0063660000000000001 0.0064700000000000001 0.079453999999999969 0.13822399999999996 0.079056000000000015 0.0025949999999999997 0.0024989999999999999 0.0024020000000000001 0.00058600000000000004 0.00055000000000000003 0.00054999999999999992 247.64048391380302 247.64048391380302 247.64048391380302 0.0029688153859865761 0.0029688153859865761 0.0029688153859865761 1 1 1 Converged Converged Converged OK OK OK 53 53 53 53 53 53 3 3 3 0 0 0 0 1 0 0 1
74 74 uniform 3 23 748 3 0.0001 1.1279414901241995 0.10046342389444557 3.4199842827785417e-05 0.07888994273724674 -0.00011503124248403939 0.078896782705812296 0 0.024075166738414935 248.56089401970112 OK 13 12 0.66450699999999996 0.58019299999999996 0.099835999999999994 0.56342300000000001 0.40842099999999998 0 0.10108399999999995 0.17177199999999998 0.099835999999999994 0.0063140000000000002 0.0064580000000000002 0.0059630000000000004 0.079136000000000012 0.14971699999999996 0.078873000000000026 0.0024650000000000002 0.0024650000000000002 0.0023930000000000002 0.000562 0.00055800000000000001 0.00053499999999999999 248.56112929657664 248.56112929657664 248.56112929657664 0.0029687528515850146 0.0029687528515850146 0.0029687528515850146 1 1 1 Converged Converged Converged OK OK OK 53 53 53 53 53 53 3 3 3 0 0 0 0 1 0 0 1
74 74 uniform 4 0 749 0 0.001 1.1279414901241995 0.10046342389444557 3.4199842827785417e-05 0.16667065604962444 0.21523862285789275 0.16666381608105887 0 -0.063691866636831643 7.5420820437105212 OK 13 12 0.38114399999999998 0.37542500000000001 0.089303999999999994 0.28398299999999999 0.28564699999999998 0 0.097160999999999997 0.089778000000000024 0.089303999999999994 0.0090589999999999993 0.0089519999999999999 0.0086090000000000003 0.072106000000000003 0.065098000000000017 0.064954999999999999 0.0022030000000000001 0.0021589999999999999 0.0021210000000000001 0.00056700000000000001 0.00056100000000000008 0.00054299999999999997 7.5420820006708249 7.5420820006708249 7.5420820006708249 0.0026554977605853939 0.0026554977605853939 0.0026554977605853939 1 1 1 Converged Converged Converged OK OK OK 45 45 45 45 45 45 3 3 3 0 0 0 0 0 1 0 0
74 74 uniform 4 7 749 1 0.001 1.1279414901241995 0.10046342389444557 3.4199842827785417e-05 0.16667065604962444 0.21523862285789275 0.16666797954018575 0 -0.06369603009595852 7.5405335151317798 OK 13 12 0.379187 0.34061799999999998 0.093188999999999994 0.284611 0.17580399999999999 0 0.094575999999999993 0.16481399999999999 0.093188999999999994 0.0081530000000000005 0.0082430000000000003 0.007737 0.07233599999999997 0.14213800000000001 0.071918999999999983 0.0021979999999999999 0.0023040000000000001 0.002124 0.00054699999999999996 0.000602 0.00052800000000000004 7.5405334720218731 7.5405334720218731 7.5405334720218731 0.0026549531902102649 0.0026549531902102649 0.0026549531902102649 1 1 1 Converged Converged Converged OK OK OK 45 45 45 45 45 45 3 3 3 0 0 0 0 1 0 0 1
74 74 uniform 4 15 749 2 0.001 1.1279414901241995 0.10046342389444557 3.4199842827785417e-05 0.16667065604962444 0.21523862285789275 0.16667273777918787 0 -0.063700788334960637 7.5387652281851132 OK 13 12 0.36814999999999998 0.33007399999999998 0.088586999999999999 0.27842 0.17008000000000001 0 0.089729999999999976 0.15999399999999997 0.088586999999999999 0.0080409999999999995 0.0081650000000000004 0.0075900000000000004 0.067658999999999983 0.13775600000000002 0.067470000000000016 0.0022030000000000001 0.0022490000000000001 0.0021120000000000002 0.00054100000000000003 0.000562 0.00052700000000000002 7.5387651847885842 7.5387651847885842 7.5387651847885842 0.0026543313380269014 0.0026543313380269014 0.0026543313380269014 1 1 1 Converged Converged Converged OK OK OK 45 45 45 45 45 45 3 3 3 0 0 0 0 1 0 0 1
74 74 uniform 4 23 749 3 0.001 1.1279414901241995 0.10046342389444557 3.4199842827785417e-05 0.16667065604962444 0.21523862285789275 0.16667749601819001 0 -0.063705546573962782 7.536998495606654 OK 13 12 0.37895499999999999 0.34384700000000001 0.091842999999999994 0.28566000000000003 0.17824200000000001 0 0.093294999999999961 0.165605 0.091842999999999994 0.0083230000000000005 0.0082369999999999995 0.0075709999999999996 0.070904999999999996 0.14314499999999999 0.07069099999999999 0.00215 0.0022180000000000004 0.0021450000000000002 0.00055300000000000011 0.00055699999999999999 0.00053200000000000003 7.5369984525251077 7.5369984525251077 7.5369984525251077 0.0026537099800376888 0.0026537099800376888 0.0026537099800376888 1 1 1 Converged Converged Converged OK OK OK 45 45 45 45 45 45 3 3 3 0 0 0 0 1 0 0 1
74 74 uniform 4 0 749 0 0.0001 1.1279414901241995 0.10046342389444557 3.4199842827785417e-05 0.16667065604962444 0.21523862285789275 0.16666381608105887 0 -0.063691866636831643 7.5420820437105212 OK 13 12 0.44211400000000001 0.43911499999999998 0.151753 0.28472900000000001 0.28620499999999999 0 0.157385 0.15290999999999999 0.151753 0.0088599999999999998 0.0088050000000000003 0.0085389999999999997 0.120722 0.11671900000000004 0.11610799999999999 0.0038539999999999998 0.0038670000000000002 0.0038419999999999999 0.00081799999999999993 0.00082400000000000008 0.00078799999999999996 7.5420820007325888 7.5420820007325888 7.5420820007325888 1.4357680677056118e-05 1.4357680677056118e-05 1.4357680677056118e-05 1 1 1 Converged Converged Converged OK OK OK 77 77 77 77 77 77 3 3 3 0 0 0 0 0 1 0 0
74 74 uniform 4 7 749 1 0.0001 1.1279414901241995 0.10046342389444557 3.4199842827785417e-05 0.16667065604962444 0.21523862285789275 0.16666797954018575 0 -0.06369603009595852 7.5405335151317798 OK 13 12 0.44397300000000001 0.42092800000000002 0.15659400000000001 0.28539399999999998 0.177483 0 0.15857900000000003 0.24344500000000002 0.15659400000000001 0.0082369999999999995 0.0082649999999999998 0.0077549999999999997 0.12640699999999999 0.21110400000000004 0.125581 0.0038 0.0038960000000000002 0.0037699999999999999 0.00079300000000000009 0.00080599999999999997 0.00075700000000000008 7.5405334720717052 7.5405334720717052 7.5405334720717052 1.4357420592108726e-05 1.4357420592108726e-05 1.4357420592108726e-05 1 1 1 Converged Converged Converged OK OK OK 77 77 77 77 77 77 3 3 3 0 0 0 0 1 0 0 1
74 74 uniform 4 15 749 2 0.0001 1.1279414901241995 0.10046342389444557 3.4199842827785417e-05 0.16667065604962444 0.21523862285789275 0.16667273777918787 0 -0.063700788334960637 7.5387652281851132 OK 13 12 0.43318800000000002 0.40965000000000001 0.153362 0.27440900000000001 0.169575 0 0.158779 0.24007500000000001 0.153362 0.0081770000000000002 0.0082269999999999999 0.0076490000000000004 0.126916 0.20784199999999994 0.12258099999999998 0.0038559999999999996 0.0038779999999999999 0.0037729999999999999 0.00080999999999999996 0.00078500000000000011 0.0007580000000000001 7.5387651848364827 7.5387651848364827 7.5387651848364827 1.435711322649864e-05 1.435711322649864e-05 1.435711322649864e-05 1 1 1 Converged Converged Converged OK OK OK 77 77 77 77 77 77 3 3 3 0 0 0 0 1 0 0 1
74 74 uniform 4 23 749 3 0.0001 1.1279414901241995 0.10046342389444557 3.4199842827785417e-05 0.16667065604962444 0.21523862285789275 0.16667749601819001 0 -0.063705546573962782 7.536998495606654 OK 13 12 0.447743 0.42691299999999999 0.15818099999999999 0.28762199999999999 0.17694199999999999 0 0.16012100000000001 0.249971 0.15818099999999999 0.0082050000000000005 0.0082249999999999997 0.007554 0.12808 0.21778399999999992 0.127216 0.0038390000000000004 0.0039050000000000005 0.0038549999999999999 0.00079600000000000005 0.000794 0.00076800000000000002 7.5369984525758023 7.5369984525758023 7.5369984525758023 1.43568271146166e-05 1.43568271146166e-05 1.43568271146166e-05 1 1 1 Converged Converged Converged OK OK OK 77 77 77 77 77 77 3 3 3 0 0 0 0 1 0 0 1
75 75 linear 0 0 750 0 0.001 3.0046102476251835 0.0037341362234464795 0.063080382000772761 0.020574319702509745 -0.020063782650918158 0.0079582433023551932 0.5 0.0032196409182707712 32.660051875999322 OK 13 12 0.71890200000000004 0.72058500000000003 0.215087 0.5 0.506776 0 0.21890200000000004 0.21380900000000003 0.215087 0.010605 0.010342 0.0099399999999999992 0.18045199999999995 0.17662299999999997 0.17948700000000004 0.0039389999999999998 0.0037549999999999997 0.0032750000000000001 0.00098999999999999999 0.001018 0.00094800000000000006 32.660052686053362 32.660052686053362 32.660052686053362 0.0053902517618523273 0.0053902517618523273 0.0053902517618523273 1 1 1 Converged Converged Converged OK OK OK 81 81 81 81 81 81 7 7 7 0 0 0 0 0 1 0 0
75 75 linear 0 7 750 1 0.001 3.0046102476251835 0.0037341362234464795 0.063080382000772761 0.020574319702509745 -0.020063782650918158 0.01563759415462318 0.5 -0.0044597099339972156 32.570834737716183 OK 11 10 0.71771600000000002 0.57553699999999997 0.201268 0.51113399999999998 0.36932700000000002 0 0.20658200000000004 0.20620999999999995 0.201268 0.0089800000000000001 0.0091160000000000008 0.0085500000000000003 0.1782389999999999 0.17721100000000001 0.17369999999999999 0.0031580000000000002 0.0034980000000000002 0.0033940000000000003 0.00089499999999999996 0.00093799999999999992 0.00084800000000000001 32.571094779690696 32.571094779690696 32.571094779690696 0.0054015404410114268 0.0054015404410114268 0.0054015404410114268 1 1 1 Converged Converged Converged OK OK OK 81 81 81 81 81 81 7 7 7 0 0 0 0 1 0 0 1
75 75 linear 0 15 750 2 0.001 3.0046102476251835 0.0037341362234464795 0.063080382000772761 0.020574319702509745 -0.020063782650918158 0.024413995128643739 0.5 -0.013236110908017774 32.017180877447352 OK 11 10 0.717144 0.55644700000000002 0.19967099999999999 0.50326099999999996 0.35191099999999997 0 0.21388300000000005 0.20453600000000005 0.19967099999999999 0.0089999999999999993 0.0088450000000000004 0.0080890000000000007 0.182836 0.17610200000000001 0.17286699999999999 0.0041640000000000002 0.0034049999999999996 0.0033 0.00094800000000000006 0.00089999999999999998 0.00092099999999999994 32.017377242938686 32.017377242938686 32.017377242938686 0.0054222457905500447 0.0054222457905500447 0.0054222457905500447 1 1 1 Converged Converged Converged OK OK OK 81 81 81 81 81 81 7 7 7 0 0 0 0 1 0 0 1
75 75 linear 0 23 750 3 0.001 3.0046102476251835 0.0037341362234464795 0.063080382000772761 0.020574319702509745 -0.020063782650918158 0.033190396102664298 0.5 -0.022012511882038333 30.969949706309539 OK 12 11 0.73718600000000001 0.59011899999999995 0.199849 0.53018100000000001 0.38218999999999997 0 0.20700499999999999 0.20792899999999997 0.199849 0.0094999999999999998 0.0095560000000000003 0.008515 0.17746900000000002 0.17805699999999994 0.17281399999999991 0.0035630000000000006 0.0038300000000000001 0.0032310000000000004 0.00096200000000000007 0.001073 0.00089599999999999999 30.970097217715107 30.970097217715107 30.970097217715107 0.0054520290277936881 0.0054520290277936881 0.0054520290277936881 1 1 1 Converged Converged Converged OK OK OK 81 81 81 81 81 81 7 7 7 0 0 0 0 1 0 0 1
75 75 linear 0 0 750 0 0.0001 3.0046102476251835 0.0037341362234464795 0.063080382000772761 0.020574319702509745 -0.020063782650918158 0.0079582433023551932 0.5 0.0032196409182707712 32.660051875999322 OK 13 12 0.75656900000000005 0.75126099999999996 0.24133499999999999 0.50248700000000002 0.507552 0 0.25408200000000003 0.24370899999999995 0.24133499999999999 0.010477 0.010271000000000001 0.0098379999999999995 0.21130100000000004 0.20154399999999997 0.20131800000000002 0.0044869999999999997 0.0046170000000000004 0.0040810000000000004 0.0010789999999999999 0.0010939999999999999 0.0010579999999999999 32.66005871965735 32.66005871965735 32.66005871965735 0.0032074534166332946 0.0032074534166332946 0.0032074534166332946 1 1 1 Converged Converged Converged OK OK OK 97 97 97 97 97 97 7 7 7 0 0 0 0 0 1 0 0
75 75 linear 0 7 750 1 0.0001 3.0046102476251835 0.0037341362234464795 0.063080382000772761 0.020574319702509745 -0.020063782650918158 0.01563759415462318 0.5 -0.0044597099339972156 32.570834737716183 OK 11 10 0.752108 0.60540300000000002 0.22997000000000001 0.51488900000000004 0.37057000000000001 0 0.23721899999999996 0.23483300000000001 0.22997000000000001 0.0093889999999999998 0.0090690000000000007 0.0084880000000000008 0.20413699999999999 0.202872 0.19905700000000009 0.0044900000000000001 0.004313 0.0040670000000000003 0.001024 0.00099400000000000009 0.0010429999999999999 32.571100850223345 32.571100850223345 32.571100850223345 0.0031989178665566575 0.0031989178665566575 0.0031989178665566575 1 1 1 Converged Converged Converged OK OK OK 97 97 97 97 97 97 7 7 7 0 0 0 0 1 0 0 1
75 75 linear 0 15 750 2 0.0001 3.0046102476251835 0.0037341362234464795 0.063080382000772761 0.020574319702509745 -0.020063782650918158 0.024413995128643739 0.5 -0.013236110908017774 32.017180877447352 OK 11 10 0.74953599999999998 0.58537700000000004 0.22733100000000001 0.50440099999999999 0.348275 0 0.24513499999999999 0.23710200000000003 0.22733100000000001 0.010355 0.0088730000000000007 0.0081010000000000006 0.20969099999999991 0.20551800000000003 0.19710599999999995 0.0050359999999999997 0.0041809999999999998 0.0040089999999999995 0.001168 0.0010250000000000001 0.0010200000000000001 32.017383361841709 32.017383361841709 32.017383361841709 0.0031919724299953214 0.0031919724299953214 0.0031919724299953214 1 1 1 Converged Converged Converged OK OK OK 97 97 97 97 97 97 7 7 7 0 0 0 0 1 0 0 1
75 75 linear 0 23 750 3 0.0001 3.0046102476251835 0.0037341362234464795 0.063080382000772761 0.020574319702509745 -0.020063782650918158 0.033190396102664298 0.5 -0.022012511882038333 30.969949706309539 OK 12 11 0.79205499999999995 0.65485899999999997 0.26024199999999997 0.52196799999999999 0.38500699999999999 0 0.27008699999999997 0.26985199999999998 0.26024199999999997 0.0093050000000000008 0.0095200000000000007 0.0086289999999999995 0.23114000000000001 0.22996499999999997 0.22455999999999993 0.0060400000000000002 0.0061949999999999991 0.0048999999999999998 0.0012669999999999999 0.0014040000000000001 0.0011880000000000003 30.970107691924841 30.970107691924841 30.970107691924841 0.0017007078638373991 0.0017007078638373991 0.0017007078638373991 1 1 1 Converged Converged Converged OK OK OK 113 113 113 113 113 113 7 7 7 0 0 0 0 1 0 0 1
75 75 linear 1 0 751 0 0.001 3.0046102476251835 0.0037341362234464795 0.063080382000772761 -2.6181648497652059 -0.01424201119037502 -2.6307809261653605 0.5 2.6419588103859866 2.15336916628618 OK 15 14 0.63380800000000004 0.61453100000000005 0.24580299999999999 0.373751 0.36610500000000001 0 0.26005700000000004 0.24842600000000004 0.24580299999999999 0.012174000000000001 0.010802000000000001 0.010369 0.21616199999999999 0.20708499999999996 0.20578199999999999 0.0043919999999999992 0.0042350000000000009 0.004287 0.0011130000000000001 0.0010219999999999999 0.00089800000000000004 2.1533682584854623 2.1533682584854623 2.1533682584854623 0.0019595106279000547 0.0019595106279000547 0.0019595106279000547 1 1 1 Converged Converged Converged OK OK OK 94 94 94 94 94 94 10 10 10 0 0 0 0 0 1 0 0
75 75 linear 1 7 751 1 0.001 3.0046102476251835 0.0037341362234464795 0.063080382000772761 -2.6181648497652059 -0.01424201119037502 -2.6231015753130924 0.5 2.6342794595337184 2.071211239566551 OK 15 14 0.54886900000000005 0.43895499999999998 0.25279299999999999 0.28829900000000003 0.16234899999999999 0 0.26057000000000002 0.27660600000000002 0.25279299999999999 0.0095060000000000006 0.0096889999999999997 0.0088229999999999992 0.22629999999999986 0.24246400000000007 0.22066299999999986 0.0047789999999999994 0.0046759999999999996 0.0043770000000000007 0.001137 0.001145 0.0011020000000000001 2.0711700194428575 2.0711700194428575 2.0711700194428575 0.0017143504659688294 0.0017143504659688294 0.0017143504659688294 1 1 1 Converged Converged Converged OK OK OK 102 102 102 102 102 102 10 10 10 0 0 0 0 1 0 0 1
75 75 linear 1 15 751 2 0.001 3.0046102476251835 0.0037341362234464795 0.063080382000772761 -2.6181648497652059 -0.01424201119037502 -2.6143251743390721 0.5 2.6255030585596981 1.9469368366129662 OK 15 14 0.67732800000000004 0.56745400000000001 0.28590500000000002 0.379299 0.26270700000000002 0 0.29802900000000004 0.30474699999999999 0.28590500000000002 0.012219000000000001 0.0081709999999999994 0.0076030000000000004 0.25957200000000002 0.27112300000000006 0.25369399999999992 0.0050520000000000001 0.0048350000000000008 0.0046789999999999991 0.0011980000000000001 0.001189 0.001139 1.9469336084108289 1.9469336084108289 1.9469336084108289 0.0011223837038490992 0.0011223837038490992 0.0011223837038490992 1 1 1 Converged Converged Converged OK OK OK 110 110 110 110 110 110 10 10 10 0 0 0 0 1 0 0 1
75 75 linear 1 23 751 3 0.001 3.0046102476251835 0.0037341362234464795 0.063080382000772761 -2.6181648497652059 -0.01424201119037502 -2.6055487733650513 0.5 2.6167266575856774 1.7736142241633295 OK 15 14 0.667489 0.55760100000000001 0.288412 0.37201099999999998 0.25204500000000002 0 0.29547800000000002 0.30555599999999999 0.288412 0.0096380000000000007 0.0095289999999999993 0.0087469999999999996 0.26103999999999999 0.27167499999999994 0.25675699999999985 0.0052160000000000002 0.0051800000000000006 0.0046510000000000006 0.001088 0.0011410000000000001 0.001023 1.7736169175575853 1.7736169175575853 1.7736169175575853 0.00061683936516479456 0.00061683936516479456 0.00061683936516479456 1 1 1 Converged Converged Converged OK OK OK 110 110 110 110 110 110 10 10 10 0 0 0 0 1 0 0 1
75 75 linear 1 0 751 0 0.0001 3.0046102476251835 0.0037341362234464795 0.063080382000772761 -2.6181648497652059 -0.01424201119037502 -2.6307809261653605 0.5 2.6419588103859866 2.15336916628618 OK 15 14 0.73750099999999996 0.72940899999999997 0.361182 0.37415300000000001 0.36458299999999999 0 0.36334799999999995 0.36482599999999998 0.361182 0.010508999999999999 0.010864 0.010766 0.30773000000000023 0.30671600000000016 0.30477899999999997 0.0058629999999999993 0.0073350000000000012 0.0066469999999999993 0.0017110000000000001 0.0019659999999999999 0.0018909999999999999 2.1533806880709783 2.1533806880709783 2.1533806880709783 0.00016682356428970478 0.00016682356428970478 0.00016682356428970478 1 1 1 Converged Converged Converged OK OK OK 134 134 134 134 134 134 10 10 10 0 0 0 0 0 1 0 0
75 75 linear 1 7 751 1 0.0001 3.0046102476251835 0.0037341362234464795 0.063080382000772761 -2.6181648497652059 -0.01424201119037502 -2.6231015753130924 0.5 2.6342794595337184 2.071211239566551 OK 15 14 0.64205999999999996 0.52923799999999999 0.34273399999999998 0.29035 0.167573 0 0.35170999999999997 0.36166500000000001 0.34273399999999998 0.013109000000000001 0.0097359999999999999 0.0088839999999999995 0.30706600000000001 0.32144199999999995 0.30498799999999987 0.0071710000000000012 0.006548 0.0058710000000000004 0.0018030000000000001 0.0017039999999999998 0.0015989999999999999 2.0712138124667012 2.0712138124667012 2.0712138124667012 0.0001759510492968119 0.0001759510492968119 0.0001759510492968119 1 1 1 Converged Converged Converged OK OK OK 134 134 134 134 134 134 10 10 10 0 0 0 0 1 0 0 1
75 75 linear 1 15 751 2 0.0001 3.0046102476251835 0.0037341362234464795 0.063080382000772761 -2.6181648497652059 -0.01424201119037502 -2.6143251743390721 0.5 2.6255030585596981 1.9469368366129662 OK 15 14 0.79785499999999998 0.69132800000000005 0.402893 0.38034899999999999 0.262824 0 0.41750599999999999 0.42850400000000005 0.402893 0.0081949999999999992 0.008489 0.0076660000000000001 0.37076000000000009 0.38005899999999998 0.3590770000000002 0.0089189999999999998 0.0097219999999999997 0.0081689999999999992 0.0019 0.0017209999999999999 0.0016490000000000001 1.9469391272993217 1.9469391272993217 1.9469391272993217 0.00012593228624805587 0.00012593228624805587 0.00012593228624805587 1 1 1 Converged Converged Converged OK OK OK 158 158 158 158 158 158 10 10 10 0 0 0 0 1 0 0 1
75 75 linear 1 23 751 3 0.0001 3.0046102476251835 0.0037341362234464795 0.063080382000772761 -2.6181648497652059 -0.01424201119037502 -2.6055487733650513 0.5 2.6167266575856774 1.7736142241633295 OK 15 14 0.72428199999999998 0.61173 0.34070499999999998 0.376695 0.250668 0 0.34758699999999998 0.36106199999999999 0.34070499999999998 0.0096080000000000002 0.0098010000000000007 0.0088559999999999993 0.30794099999999991 0.32028499999999999 0.30378700000000014 0.0063559999999999997 0.0069690000000000004 0.0057019999999999996 0.0014250000000000001 0.0014359999999999998 0.0014339999999999999 1.7736144663105369 1.7736144663105369 1.7736144663105369 0.00015339938225332957 0.00015339938225332957 0.00015339938225332957 1 1 1 Converged Converged Converged OK OK OK 134 134 134 134 134 134 10 10 10 0 0 0 0 1 0 0 1
75 75 linear 2 0 752 0 0.001 3.0046102476251835 0.0037341362234464795 0.063080382000772761 -0.032363598615760783 -0.037653348352708199 -0.044979675015915335 0.5 0.056157559236541296 17.635460394638098 OK 17 16 0.84867000000000004 0.84592500000000004 0.29385699999999998 0.542269 0.55072299999999996 0 0.30640100000000003 0.29520200000000008 0.29385699999999998 0.017645999999999998 0.017374000000000001 0.017374000000000001 0.23644699999999991 0.22605200000000017 0.22536200000000001 0.0068250000000000003 0.0067239999999999999 0.0064369999999999991 0.0016199999999999999 0.0015989999999999999 0.001586 17.635431698380128 17.635431698380128 17.635431698380128 0.0056111139813246483 0.0056111139813246483 0.0056111139813246483 1 1 1 Converged Converged Converged OK OK OK 125 125 125 125 125 125 11 11 11 0 0 0 0 0 1 0 0
75 75 linear 2 7 752 1 0.001 3.0046102476251835 0.0037341362234464795 0.063080382000772761 -0.032363598615760783 -0.037653348352708199 -0.037300324163647348 0.5 0.048478208384273316 21.284738369726874 OK 15 14 0.76150399999999996 0.65107899999999996 0.23625499999999999 0.517374 0.38224399999999997 0 0.24412999999999996 0.26883499999999999 0.23625499999999999 0.0097230000000000007 0.0096310000000000007 0.0092689999999999995 0.20904099999999989 0.234791 0.20302400000000009 0.0045440000000000003 0.0044799999999999996 0.0043330000000000009 0.0012880000000000001 0.0013090000000000001 0.001188 21.284678038688337 21.284678038688337 21.284678038688337 0.0036217184905718699 0.0036217184905718699 0.0036217184905718699 1 1 1 Converged Converged Converged OK OK OK 103 103 103 103 103 103 9 9 9 0 0 0 0 1 0 0 1
75 75 linear 2 15 752 2 0.001 3.0046102476251835 0.0037341362234464795 0.063080382000772761 -0.032363598615760783 -0.037653348352708199 -0.02852392318962679 0.5 0.039701807410252754 24.313630377934505 OK 15 14 0.82720499999999997 0.67623500000000003 0.232907 0.59009800000000001 0.44090600000000002 0 0.23710699999999996 0.23532900000000001 0.232907 0.0093500000000000007 0.0094780000000000003 0.0087159999999999998 0.203121 0.20087500000000008 0.19723100000000007 0.0045130000000000005 0.0047029999999999997 0.0076690000000000005 0.001238 0.0013369999999999999 0.0011619999999999998 24.313671534879273 24.313671534879273 24.313671534879273 0.01371022330640405 0.01371022330640405 0.01371022330640405 1 1 1 Converged Converged Converged OK OK OK 103 103 103 103 103 103 9 9 9 0 0 0 0 1 0 0 1
75 75 linear 2 23 752 3 0.001 3.0046102476251835 0.0037341362234464795 0.063080382000772761 -0.032363598615760783 -0.037653348352708199 -0.019747522215606231 0.5 0.030925406436232195 26.467341519466256 OK 14 13 0.782273 0.61982999999999999 0.21058499999999999 0.55804200000000004 0.4042 0 0.22423099999999996 0.21562999999999999 0.21058499999999999 0.0099410000000000002 0.0097000000000000003 0.0088599999999999998 0.19277299999999989 0.18585899999999994 0.18218299999999998 0.0041879999999999999 0.0038000000000000004 0.003571 0.0011800000000000001 0.0011090000000000002 0.001026 26.46738513889083 26.46738513889083 26.46738513889083 0.0049001346920628458 0.0049001346920628458 0.0049001346920628458 1 1 1 Converged Converged Converged OK OK OK 88 88 88 88 88 88 8 8 8 0 0 0 0 1 0 0 1
75 75 linear 2 0 752 0 0.0001 3.0046102476251835 0.0037341362234464795 0.063080382000772761 -0.032363598615760783 -0.037653348352708199 -0.044979675015915335 0.5 0.056157559236541296 17.635460394638098 OK 17 16 0.99036000000000002 0.97107500000000002 0.42150700000000002 0.55096500000000004 0.54848200000000003 0 0.43939499999999998 0.422593 0.42150700000000002 0.018931 0.017652000000000001 0.017741 0.338507 0.32584999999999992 0.32690399999999997 0.010266999999999998 0.011424 0.010291 0.0021789999999999999 0.0023380000000000002 0.0021080000000000005 17.635417868019374 17.635417868019374 17.635417868019374 0.0011845763590476455 0.0011845763590476455 0.0011845763590476455 1 1 1 Converged Converged Converged OK OK OK 181 181 181 181 181 181 11 11 11 0 0 0 0 0 1 0 0
75 75 linear 2 7 752 1 0.0001 3.0046102476251835 0.0037341362234464795 0.063080382000772761 -0.032363598615760783 -0.037653348352708199 -0.037300324163647348 0.5 0.048478208384273316 21.284738369726874 OK 15 14 0.811442 0.71769000000000005 0.28112999999999999 0.52379100000000001 0.39002799999999999 0 0.28765099999999999 0.32766200000000006 0.28112999999999999 0.0093939999999999996 0.0098639999999999995 0.0092289999999999994 0.24822799999999998 0.28542000000000006 0.24211499999999991 0.0054820000000000008 0.0070390000000000001 0.0057749999999999989 0.0015170000000000001 0.001619 0.0015830000000000002 21.284679396172496 21.284679396172496 21.284679396172496 0.0015605065830305335 0.0015605065830305335 0.0015605065830305335 1 1 1 Converged Converged Converged OK OK OK 127 127 127 127 127 127 9 9 9 0 0 0 0 1 0 0 1
75 75 linear 2 15 752 2 0.0001 3.0046102476251835 0.0037341362234464795 0.063080382000772761 -0.032363598615760783 -0.037653348352708199 -0.02852392318962679 0.5 0.039701807410252754 24.313630377934505 OK 15 14 0.86853599999999997 0.722464 0.26956999999999998 0.58914299999999997 0.44195899999999999 0 0.279393 0.280505 0.26956999999999998 0.0096919999999999992 0.0094789999999999996 0.0088419999999999992 0.23890699999999995 0.24060400000000007 0.23180099999999992 0.0062329999999999998 0.0063299999999999988 0.0057619999999999998 0.001585 0.0017129999999999999 0.0015689999999999999 24.313698749800437 24.313698749800437 24.313698749800437 0.0015382821825944927 0.0015382821825944927 0.0015382821825944927 1 1 1 Converged Converged Converged OK OK OK 127 127 127 127 127 127 9 9 9 0 0 0 0 1 0 0 1
75 75 linear 2 23 752 3 0.0001 3.0046102476251835 0.0037341362234464795 0.063080382000772761 -0.032363598615760783 -0.037653348352708199 -0.019747522215606231 0.5 0.030925406436232195 26.467341519466256 OK 14 13 0.82433599999999996 0.67959800000000004 0.26865099999999997 0.54627899999999996 0.40451100000000001 0 0.278057 0.27508700000000003 0.26865099999999997 0.0099000000000000008 0.0099069999999999991 0.0088199999999999997 0.23986799999999989 0.23778100000000002 0.23367599999999999 0.0058070000000000005 0.0057710000000000001 0.0053080000000000002 0.0015060000000000002 0.001488 0.001366 26.467394448577849 26.467394448577849 26.467394448577849 0.00097859176211026813 0.00097859176211026813 0.00097859176211026813 1 1 1 Converged Converged Converged OK OK OK 120 120 120 120 120 120 8 8 8 0 0 0 0 1 0 0 1
75 75 linear 3 0 753 0 0.001 3.0046102476251835 0.0037341362234464795 0.063080382000772761 -2.6007678889858279 0.065718713409787813 -2.6133839653859825 0.5 2.6245618496066085 1.2484804691753306 OK 13 12 0.33926400000000001 0.33774199999999999 0.078884999999999997 0.25614399999999998 0.25867000000000001 0 0.083120000000000027 0.079071999999999976 0.078884999999999997 0.0089910000000000007 0.0089560000000000004 0.0088559999999999993 0.057335999999999991 0.053579000000000009 0.053436000000000004 0.0024990000000000004 0.002513 0.0025460000000000001 0.00067200000000000007 0.00062099999999999992 0.00067700000000000008 1.2484792581824162 1.2484792581824162 1.2484792581824162 0.00097971813898208135 0.00097971813898208135 0.00097971813898208135 1 1 1 Converged Converged Converged OK OK OK 45 45 45 45 45 45 3 3 3 0 0 0 0 0 1 0 0
75 75 linear 3 7 753 1 0.001 3.0046102476251835 0.0037341362234464795 0.063080382000772761 -2.6007678889858279 0.065718713409787813 -2.6057046145337144 0.5 2.6168824987543404 1.2189993925570048 OK 13 12 0.37166700000000003 0.26682899999999998 0.100411 0.26663900000000001 0.14365600000000001 0 0.10502800000000001 0.12317299999999998 0.100411 0.008482 0.0084069999999999995 0.0078250000000000004 0.076000000000000012 0.094663999999999998 0.073415000000000008 0.0039839999999999997 0.003986 0.0036540000000000001 0.00089700000000000001 0.00097900000000000005 0.00083900000000000001 1.2189986136825759 1.2189986136825759 1.2189986136825759 0.00022914859027096016 0.00022914859027096016 0.00022914859027096016 1 1 1 Converged Converged Converged OK OK OK 68 68 68 68 68 68 4 4 4 0 0 0 0 1 0 0 1
75 75 linear 3 15 753 2 0.001 3.0046102476251835 0.0037341362234464795 0.063080382000772761 -2.6007678889858279 0.065718713409787813 -2.5969282135596941 0.5 2.6081060977803201 1.1909577243256897 OK 13 12 0.34004299999999998 0.23886299999999999 0.079296000000000005 0.25797100000000001 0.14086499999999999 0 0.082071999999999978 0.097998000000000002 0.079296000000000005 0.0082400000000000008 0.0084779999999999994 0.0077010000000000004 0.059640999999999993 0.074910999999999991 0.057936000000000015 0.002356 0.0027269999999999998 0.0024359999999999998 0.00068800000000000003 0.00080500000000000005 0.00067099999999999994 1.1909572561502073 1.1909572561502073 1.1909572561502073 0.00084445673428785138 0.00084445673428785138 0.00084445673428785138 1 1 1 Converged Converged Converged OK OK OK 52 52 52 52 52 52 4 4 4 0 0 0 0 1 0 0 1
75 75 linear 3 23 753 3 0.001 3.0046102476251835 0.0037341362234464795 0.063080382000772761 -2.6007678889858279 0.065718713409787813 -2.5881518125856733 0.5 2.5993296968062993 1.1679229231641042 OK 13 12 0.363875 0.26296199999999997 0.087790000000000007 0.27291900000000002 0.15343999999999999 0 0.090955999999999981 0.10952199999999998 0.087790000000000007 0.0083899999999999999 0.011927999999999999 0.0076880000000000004 0.067036000000000012 0.081451999999999983 0.064898999999999998 0.0026180000000000001 0.003075 0.0027729999999999999 0.00075200000000000006 0.00084999999999999995 0.00082899999999999998 1.1679221962473869 1.1679221962473869 1.1679221962473869 0.00016256910596921487 0.00016256910596921487 0.00016256910596921487 1 1 1 Converged Converged Converged OK OK OK 60 60 60 60 60 60 4 4 4 0 0 0 0 1 0 0 1
75 75 linear 3 0 753 0 0.0001 3.0046102476251835 0.0037341362234464795 0.063080382000772761 -2.6007678889858279 0.065718713409787813 -2.6133839653859825 0.5 2.6245618496066085 1.2484804691753306 OK 13 12 0.39035599999999998 0.39293699999999998 0.13525200000000001 0.25626100000000002 0.257162 0 0.13409499999999996 0.13577499999999998 0.13525200000000001 0.0092020000000000001 0.009129 0.010126 0.096232999999999971 0.094580999999999985 0.096053000000000013 0.0046759999999999996 0.0048929999999999998 0.0048730000000000006 0.00093700000000000012 0.00095099999999999991 0.00097300000000000012 1.2484793484306926 1.2484793484306926 1.2484793484306926 2.2871692752511583e-05 2.2871692752511583e-05 2.2871692752511583e-05 1 1 1 Converged Converged Converged OK OK OK 77 77 77 77 77 77 3 3 3 0 0 0 0 0 1 0 0
75 75 linear 3 7 753 1 0.0001 3.0046102476251835 0.0037341362234464795 0.063080382000772761 -2.6007678889858279 0.065718713409787813 -2.6057046145337144 0.5 2.6168824987543404 1.2189993925570048 OK 13 12 0.40012500000000001 0.29545100000000002 0.13117300000000001 0.264407 0.141842 0 0.13571800000000001 0.15360900000000002 0.13117300000000001 0.0083619999999999996 0.0084950000000000008 0.0078580000000000004 0.10295099999999997 0.12038700000000002 0.099682000000000021 0.0046890000000000005 0.0047140000000000003 0.0044180000000000001 0.00098499999999999998 0.0011000000000000001 0.0010330000000000001 1.2189986109665074 1.2189986109665074 1.2189986109665074 0.00010714051788090603 0.00010714051788090603 0.00010714051788090603 1 1 1 Converged Converged Converged OK OK OK 84 84 84 84 84 84 4 4 4 0 0 0 0 1 0 0 1
75 75 linear 3 15 753 2 0.0001 3.0046102476251835 0.0037341362234464795 0.063080382000772761 -2.6007678889858279 0.065718713409787813 -2.5969282135596941 0.5 2.6081060977803201 1.1909577243256897 OK 13 12 0.36900100000000002 0.262241 0.105077 0.25947799999999999 0.13903399999999999 0 0.10952300000000004 0.12320700000000001 0.105077 0.0084510000000000002 0.0083540000000000003 0.0077860000000000004 0.080662000000000011 0.095406999999999964 0.078106000000000037 0.0044070000000000003 0.0039829999999999996 0.0038729999999999997 0.0010630000000000001 0.00095800000000000008 0.00099299999999999996 1.1909569995254876 1.1909569995254876 1.1909569995254876 0.00011800045647856192 0.00011800045647856192 0.00011800045647856192 1 1 1 Converged Converged Converged OK OK OK 76 76 76 76 76 76 4 4 4 0 0 0 0 1 0 0 1
75 75 linear 3 23 753 3 0.0001 3.0046102476251835 0.0037341362234464795 0.063080382000772761 -2.6007678889858279 0.065718713409787813 -2.5881518125856733 0.5 2.5993296968062993 1.1679229231641042 OK 13 12 0.39709499999999998 0.29355399999999998 0.118316 0.274057 0.15595899999999999 0 0.12303799999999998 0.137595 0.118316 0.0082369999999999995 0.0084259999999999995 0.0076899999999999998 0.093722 0.10725899999999999 0.090539999999999995 0.0038999999999999998 0.0044180000000000001 0.0035130000000000001 0.00092100000000000016 0.00097300000000000002 0.00094700000000000003 1.1679221973244958 1.1679221973244958 1.1679221973244958 9.056099072608918e-05 9.056099072608918e-05 9.056099072608918e-05 1 1 1 Converged Converged Converged OK OK OK 76 76 76 76 76 76 4 4 4 0 0 0 0 1 0 0 1
75 75 linear 4 0 754 0 0.001 3.0046102476251835 0.0037341362234464795 0.063080382000772761 -0.088269425361268833 0.05182809859622723 -0.10088550176142339 0.5 0.11206338598204935 8.4894052601924113 OK 15 14 0.73587599999999997 0.73454399999999997 0.23747699999999999 0.49325799999999997 0.49100700000000003 0 0.242618 0.24353699999999995 0.23747699999999999 0.010439 0.010578000000000001 0.010345999999999999 0.18906500000000007 0.18874500000000002 0.18391100000000016 0.0079719999999999999 0.0091120000000000003 0.0083859999999999994 0.0014469999999999999 0.0014159999999999997 0.0014139999999999999 8.489395821388122 8.489395821388122 8.489395821388122 0.0061028675366969877 0.0061028675366969877 0.0061028675366969877 1 1 1 Converged Converged Converged OK OK OK 145 145 145 145 145 145 7 7 7 0 0 0 0 0 1 0 0
75 75 linear 4 7 754 1 0.001 3.0046102476251835 0.0037341362234464795 0.063080382000772761 -0.088269425361268833 0.05182809859622723 -0.093206150909155391 0.5 0.10438403512978135 9.0309360230087155 OK 16 15 0.75394600000000001 0.63363800000000003 0.212091 0.53552299999999997 0.38732100000000003 0 0.21842300000000003 0.24631700000000001 0.212091 0.011853000000000001 0.012104 0.011075 0.18081500000000003 0.20708699999999999 0.17601600000000003 0.0047419999999999997 0.0054889999999999991 0.0049540000000000001 0.0010940000000000001 0.0011639999999999999 0.0011059999999999998 9.0309229849224621 9.0309229849224621 9.0309229849224621 0.0050081122077786557 0.0050081122077786557 0.0050081122077786557 1 1 1 Converged Converged Converged OK OK OK 104 104 104 104 104 104 8 8 8 0 0 0 0 1 0 0 1
75 75 linear 4 15 754 2 0.001 3.0046102476251835 0.0037341362234464795 0.063080382000772761 -0.088269425361268833 0.05182809859622723 -0.084429749935134843 0.5 0.095607634155760804 9.7354552887889785 OK 16 15 0.75922299999999998 0.63402199999999997 0.20261999999999999 0.54482799999999998 0.396791 0 0.214395 0.23723099999999997 0.20261999999999999 0.011886000000000001 0.011792 0.010810999999999999 0.17554999999999996 0.19911099999999993 0.16770299999999996 0.0057879999999999997 0.0051900000000000002 0.0046159999999999994 0.0011839999999999999 0.0011830000000000002 0.0010549999999999999 9.7355098839569685 9.7355098839569685 9.7355098839569685 0.0060720954202604753 0.0060720954202604753 0.0060720954202604753 1 1 1 Converged Converged Converged OK OK OK 104 104 104 104 104 104 8 8 8 0 0 0 0 1 0 0 1
75 75 linear 4 23 754 3 0.001 3.0046102476251835 0.0037341362234464795 0.063080382000772761 -0.088269425361268833 0.05182809859622723 -0.075653348961114281 0.5 0.086831233181740242 10.550410442013252 OK 16 15 0.732935 0.63011799999999996 0.23810300000000001 0.48389599999999999 0.334202 0 0.24903900000000001 0.29591599999999996 0.23810300000000001 0.011875999999999999 0.011547 0.010857 0.20338500000000001 0.25136799999999998 0.19614399999999999 0.0082959999999999996 0.0076399999999999992 0.0069470000000000001 0.0012549999999999998 0.0013339999999999999 0.001235 10.550378201228407 10.550378201228407 10.550378201228407 0.0056414779889832701 0.0056414779889832701 0.0056414779889832701 1 1 1 Converged Converged Converged OK OK OK 136 136 136 136 136 136 8 8 8 0 0 0 0 1 0 0 1
75 75 linear 4 0 754 0 0.0001 3.0046102476251835 0.0037341362234464795 0.063080382000772761 -0.088269425361268833 0.05182809859622723 -0.10088550176142339 0.5 0.11206338598204935 8.4894052601924113 OK 15 14 0.88441099999999995 0.87571600000000005 0.380324 0.49584699999999998 0.494728 0 0.38856399999999996 0.38098800000000005 0.380324 0.010553 0.010595 0.010290000000000001 0.29455699999999985 0.28509599999999991 0.28533800000000037 0.021077000000000002 0.02231 0.022434000000000003 0.0018929999999999999 0.0019350000000000001 0.0019140000000000001 8.4894034074666269 8.4894034074666269 8.4894034074666269 0.00071979363739080738 0.00071979363739080738 0.00071979363739080738 1 1 1 Converged Converged Converged OK OK OK 257 257 257 257 257 257 7 7 7 0 0 0 0 0 1 0 0
75 75 linear 4 7 754 1 0.0001 3.0046102476251835 0.0037341362234464795 0.063080382000772761 -0.088269425361268833 0.05182809859622723 -0.093206150909155391 0.5 0.10438403512978135 9.0309360230087155 OK 16 15 0.81820999999999999 0.72621599999999997 0.27126299999999998 0.54228399999999999 0.38968700000000001 0 0.275926 0.33652899999999997 0.27126299999999998 0.011749000000000001 0.012388 0.011179 0.22579399999999999 0.28331600000000007 0.22158699999999995 0.0081539999999999998 0.009587 0.0086189999999999999 0.00141 0.0015609999999999999 0.001475 9.0309310401560641 9.0309310401560641 9.0309310401560641 0.00063623355053072739 0.00063623355053072739 0.00063623355053072739 1 1 1 Converged Converged Converged OK OK OK 152 152 152 152 152 152 8 8 8 0 0 0 0 1 0 0 1
75 75 linear 4 15 754 2 0.0001 3.0046102476251835 0.0037341362234464795 0.063080382000772761 -0.088269425361268833 0.05182809859622723 -0.084429749935134843 0.5 0.095607634155760804 9.7354552887889785 OK 16 15 0.84294899999999995 0.75307500000000005 0.29386400000000001 0.54666199999999998 0.39526699999999998 0 0.29628699999999997 0.35780800000000007 0.29386400000000001 0.011780000000000001 0.016272999999999999 0.012104 0.23996899999999993 0.29965599999999992 0.23911000000000013 0.010702000000000001 0.0096200000000000001 0.009504000000000002 0.0018730000000000001 0.0017669999999999997 0.0020690000000000001 9.7354494776034244 9.7354494776034244 9.7354494776034244 0.00064948190671791975 0.00064948190671791975 0.00064948190671791975 1 1 1 Converged Converged Converged OK OK OK 160 160 160 160 160 160 8 8 8 0 0 0 0 1 0 0 1
75 75 linear 4 23 754 3 0.0001 3.0046102476251835 0.0037341362234464795 0.063080382000772761 -0.088269425361268833 0.05182809859622723 -0.075653348961114281 0.5 0.086831233181740242 10.550410442013252 OK 16 15 0.773895 0.68221399999999999 0.28457900000000003 0.483462 0.33809099999999997 0 0.290433 0.34412300000000001 0.28457900000000003 0.011701 0.011771999999999999 0.010784 0.23666499999999988 0.29091 0.23381900000000003 0.0099129999999999999 0.0095060000000000006 0.0087489999999999998 0.0017090000000000002 0.0017280000000000002 0.0015740000000000001 10.550402846936226 10.550402846936226 10.550402846936226 0.00089641965752701544 0.00089641965752701544 0.00089641965752701544 1 1 1 Converged Converged Converged OK OK OK 160 160 160 160 160 160 8 8 8 0 0 0 0 1 0 0 1
75 75 uniform 0 0 755 0 0.001 3.0046102476251835 0.0037341362234464795 0.063080382000772761 0.020574319702509745 -0.020063782650918158 0.0079582433023551932 0 0.0032196409182707712 30.838548757420558 OK 13 12 0.658551 0.65983199999999997 0.15237999999999999 0.50360099999999997 0.50483999999999996 0 0.15495000000000003 0.15499200000000002 0.15237999999999999 0.010499 0.010357999999999999 0.0099740000000000002 0.11786900000000006 0.11831299999999999 0.11693700000000003 0.0034380000000000001 0.0033220000000000003 0.0030179999999999998 0.00088099999999999995 0.00092299999999999999 0.00080599999999999997 30.838550065179902 30.838550065179902 30.838550065179902 0.0041723060429380184 0.0041723060429380184 0.0041723060429380184 1 1 1 Converged Converged Converged OK OK OK 81 81 81 81 81 81 7 7 7 0 0 0 0 0 1 0 0
75 75 uniform 0 7 755 1 0.001 3.0046102476251835 0.0037341362234464795 0.063080382000772761 0.020574319702509745 -0.020063782650918158 0.01563759415462318 0 -0.0044597099339972156 30.779322405661485 OK 11 10 0.65570300000000004 0.51482000000000006 0.142761 0.51226700000000003 0.36545899999999998 0 0.14343600000000001 0.14936100000000008 0.142761 0.0089110000000000005 0.0089470000000000001 0.0085450000000000005 0.11571000000000001 0.12022799999999997 0.11547399999999994 0.0031680000000000002 0.0036439999999999997 0.0031280000000000001 0.00082899999999999998 0.00085099999999999998 0.00079599999999999983 30.779323728528972 30.779323728528972 30.779323728528972 0.0041739140940762563 0.0041739140940762563 0.0041739140940762563 1 1 1 Converged Converged Converged OK OK OK 81 81 81 81 81 81 7 7 7 0 0 0 0 1 0 0 1
75 75 uniform 0 15 755 2 0.001 3.0046102476251835 0.0037341362234464795 0.063080382000772761 0.020574319702509745 -0.020063782650918158 0.024413995128643739 0 -0.013236110908017774 30.40880959549407 OK 11 10 0.63523499999999999 0.49773499999999998 0.144783 0.49219099999999999 0.35033199999999998 0 0.143044 0.14740300000000001 0.144783 0.0086969999999999999 0.0090799999999999995 0.012112 0.11520300000000004 0.11890600000000005 0.11447899999999998 0.0030709999999999999 0.0033569999999999997 0.0030199999999999997 0.000803 0.00083799999999999999 0.00078500000000000011 30.408810797887519 30.408810797887519 30.408810797887519 0.0041752061590268558 0.0041752061590268558 0.0041752061590268558 1 1 1 Converged Converged Converged OK OK OK 81 81 81 81 81 81 7 7 7 0 0 0 0 1 0 0 1
75 75 uniform 0 23 755 3 0.001 3.0046102476251835 0.0037341362234464795 0.063080382000772761 0.020574319702509745 -0.020063782650918158 0.033190396102664298 0 -0.022012511882038333 29.696337656452016 OK 12 11 0.66042100000000004 0.53410400000000002 0.14146300000000001 0.51558999999999999 0.38666699999999998 0 0.14483100000000004 0.14743700000000004 0.14146300000000001 0.0090500000000000008 0.0093539999999999995 0.0086650000000000008 0.11666299999999996 0.11897800000000003 0.11477899999999995 0.0032399999999999998 0.0032249999999999996 0.0028710000000000003 0.00087199999999999995 0.00081499999999999997 0.00078399999999999997 29.696338636409251 29.696338636409251 29.696338636409251 0.0041788159968472148 0.0041788159968472148 0.0041788159968472148 1 1 1 Converged Converged Converged OK OK OK 81 81 81 81 81 81 7 7 7 0 0 0 0 1 0 0 1
75 75 uniform 0 0 755 0 0.0001 3.0046102476251835 0.0037341362234464795 0.063080382000772761 0.020574319702509745 -0.020063782650918158 0.0079582433023551932 0 0.0032196409182707712 30.838548757420558 OK 13 12 0.67613999999999996 0.68563099999999999 0.17195099999999999 0.50261900000000004 0.51004499999999997 0 0.17352099999999993 0.17558600000000002 0.17195099999999999 0.0099640000000000006 0.010271000000000001 0.0099240000000000005 0.13324499999999997 0.13439899999999994 0.13211799999999996 0.0039120000000000005 0.0041159999999999999 0.0038750000000000004 0.00093599999999999998 0.00097199999999999999 0.00092999999999999995 30.838549358275255 30.838549358275255 30.838549358275255 0.0019366737506438768 0.0019366737506438768 0.0019366737506438768 1 1 1 Converged Converged Converged OK OK OK 97 97 97 97 97 97 7 7 7 0 0 0 0 0 1 0 0
75 75 uniform 0 7 755 1 0.0001 3.0046102476251835 0.0037341362234464795 0.063080382000772761 0.020574319702509745 -0.020063782650918158 0.01563759415462318 0 -0.0044597099339972156 30.779322405661485 OK 11 10 0.67255500000000001 0.53764900000000004 0.16045400000000001 0.50598900000000002 0.369944 0 0.16656599999999999 0.16770500000000005 0.16045400000000001 0.0088419999999999992 0.0092189999999999998 0.0084390000000000003 0.13150300000000006 0.13576900000000008 0.13016300000000003 0.0038489999999999996 0.004052 0.00379 0.0049490000000000003 0.00095399999999999999 0.00090900000000000009 30.779323019036326 30.779323019036326 30.779323019036326 0.0019272132973894517 0.0019272132973894517 0.0019272132973894517 1 1 1 Converged Converged Converged OK OK OK 97 97 97 97 97 97 7 7 7 0 0 0 0 1 0 0 1
75 75 uniform 0 15 755 2 0.0001 3.0046102476251835 0.0037341362234464795 0.063080382000772761 0.020574319702509745 -0.020063782650918158 0.024413995128643739 0 -0.013236110908017774 30.40880959549407 OK 11 10 0.65747900000000004 0.51543000000000005 0.15893199999999999 0.491284 0.35030299999999998 0 0.16619500000000004 0.16512700000000008 0.15893199999999999 0.0087200000000000003 0.0087749999999999998 0.0080750000000000006 0.13465900000000008 0.13387299999999999 0.12910599999999997 0.0041079999999999997 0.0041219999999999998 0.0037780000000000001 0.00093399999999999993 0.00099199999999999983 0.00091 30.408810086004952 30.408810086004952 30.408810086004952 0.0019163328611326782 0.0019163328611326782 0.0019163328611326782 1 1 1 Converged Converged Converged OK OK OK 97 97 97 97 97 97 7 7 7 0 0 0 0 1 0 0 1
75 75 uniform 0 23 755 3 0.0001 3.0046102476251835 0.0037341362234464795 0.063080382000772761 0.020574319702509745 -0.020063782650918158 0.033190396102664298 0 -0.022012511882038333 29.696337656452016 OK 12 11 0.682805 0.55152100000000004 0.160192 0.51532900000000004 0.38185400000000003 0 0.16747599999999996 0.16966700000000001 0.160192 0.0093489999999999997 0.0091610000000000007 0.0084480000000000006 0.13544699999999998 0.13851900000000003 0.13050700000000007 0.0039639999999999996 0.0038510000000000007 0.0036800000000000001 0.00098600000000000011 0.00096699999999999998 0.00092500000000000004 29.69633792272564 29.69633792272564 29.69633792272564 0.0019048460953768592 0.0019048460953768592 0.0019048460953768592 1 1 1 Converged Converged Converged OK OK OK 97 97 97 97 97 97 7 7 7 0 0 0 0 1 0 0 1
75 75 uniform 1 0 756 0 0.001 3.0046102476251835 0.0037341362234464795 0.063080382000772761 -2.6181648497652059 -0.01424201119037502 -2.6307809261653605 0 2.6419588103859866 2.0941727717041432 OK 15 14 0.49410100000000001 0.49935299999999999 0.135241 0.35972399999999999 0.36307899999999999 0 0.13437700000000002 0.13627400000000001 0.135241 0.010274999999999999 0.010396000000000001 0.010245000000000001 0.095855999999999969 0.096926000000000012 0.096295999999999965 0.0031850000000000003 0.0035580000000000004 0.0033059999999999995 0.00088599999999999996 0.00094199999999999991 0.00093899999999999995 2.0941542288208814 2.0941542288208814 2.0941542288208814 0.0017681503740416109 0.0017681503740416109 0.0017681503740416109 1 1 1 Converged Converged Converged OK OK OK 94 94 94 94 94 94 10 10 10 0 0 0 0 0 1 0 0
75 75 uniform 1 7 756 1 0.001 3.0046102476251835 0.0037341362234464795 0.063080382000772761 -2.6181648497652059 -0.01424201119037502 -2.6231015753130924 0 2.6342794595337184 2.0386643738633321 OK 15 14 0.42175099999999999 0.31996200000000002 0.140288 0.28087400000000001 0.160886 0 0.14087699999999997 0.15907600000000002 0.140288 0.0091020000000000007 0.0093509999999999999 0.0087449999999999993 0.10795499999999998 0.12466800000000007 0.10789000000000004 0.0037710000000000005 0.0044939999999999997 0.0038920000000000001 0.001088 0.001109 0.0011230000000000001 2.0386726670308914 2.0386726670308914 2.0386726670308914 0.0018318968292344636 0.0018318968292344636 0.0018318968292344636 1 1 1 Converged Converged Converged OK OK OK 110 110 110 110 110 110 10 10 10 0 0 0 0 1 0 0 1
75 75 uniform 1 15 756 2 0.001 3.0046102476251835 0.0037341362234464795 0.063080382000772761 -2.6181648497652059 -0.01424201119037502 -2.6143251743390721 0 2.6255030585596981 1.9476499448352442 OK 15 14 0.52560499999999999 0.42239300000000002 0.14219799999999999 0.378936 0.25553300000000001 0 0.14666899999999999 0.16686000000000001 0.14219799999999999 0.0080420000000000005 0.0084089999999999998 0.0074980000000000003 0.11456500000000001 0.13446499999999997 0.11283099999999993 0.0049360000000000003 0.0047859999999999995 0.0038070000000000001 0.0011789999999999999 0.0011539999999999999 0.001116 1.9476367619784047 1.9476367619784047 1.9476367619784047 0.0011911587543102142 0.0011911587543102142 0.0011911587543102142 1 1 1 Converged Converged Converged OK OK OK 110 110 110 110 110 110 10 10 10 0 0 0 0 1 0 0 1
75 75 uniform 1 23 756 3 0.001 3.0046102476251835 0.0037341362234464795 0.063080382000772761 -2.6181648497652059 -0.01424201119037502 -2.6055487733650513 0 2.6167266575856774 1.8002080302245704 OK 15 14 0.51642100000000002 0.40692400000000001 0.14138700000000001 0.37107200000000001 0.24680299999999999 0 0.14534900000000001 0.16012100000000001 0.14138700000000001 0.0094920000000000004 0.0094640000000000002 0.008848 0.11261900000000002 0.12787600000000002 0.11090899999999999 0.0042230000000000002 0.0042499999999999994 0.0037860000000000003 0.0010659999999999999 0.00099099999999999991 0.0010250000000000001 1.8002115209619973 1.8002115209619973 1.8002115209619973 0.0004881466059057396 0.0004881466059057396 0.0004881466059057396 1 1 1 Converged Converged Converged OK OK OK 110 110 110 110 110 110 10 10 10 0 0 0 0 1 0 0 1
75 75 uniform 1 0 756 0 0.0001 3.0046102476251835 0.0037341362234464795 0.063080382000772761 -2.6181648497652059 -0.01424201119037502 -2.6307809261653605 0 2.6419588103859866 2.0941727717041432 OK 15 14 0.53623600000000005 0.53712000000000004 0.17660400000000001 0.36015999999999998 0.35804799999999998 0 0.17607600000000007 0.17907200000000006 0.17660400000000001 0.010324 0.010359999999999999 0.01043 0.12216799999999996 0.125671 0.1222799999999999 0.0049980000000000007 0.0048929999999999998 0.0051409999999999997 0.0016900000000000001 0.0016559999999999999 0.0017649999999999999 2.0941736076112196 2.0941736076112196 2.0941736076112196 0.00017994422813975689 0.00017994422813975689 0.00017994422813975689 1 1 1 Converged Converged Converged OK OK OK 134 134 134 134 134 134 10 10 10 0 0 0 0 0 1 0 0
75 75 uniform 1 7 756 1 0.0001 3.0046102476251835 0.0037341362234464795 0.063080382000772761 -2.6181648497652059 -0.01424201119037502 -2.6231015753130924 0 2.6342794595337184 2.0386643738633321 OK 15 14 0.47841499999999998 0.37560700000000002 0.190104 0.28643099999999999 0.16622899999999999 0 0.19198399999999999 0.20937800000000004 0.190104 0.0094109999999999992 0.0093740000000000004 0.0088050000000000003 0.14544800000000002 0.16194800000000015 0.14485200000000006 0.0072680000000000002 0.0084059999999999985 0.0076700000000000006 0.0016419999999999998 0.0018269999999999998 0.0016630000000000004 2.0386640181902274 2.0386640181902274 2.0386640181902274 0.00010329819311515488 0.00010329819311515488 0.00010329819311515488 1 1 1 Converged Converged Converged OK OK OK 166 166 166 166 166 166 10 10 10 0 0 0 0 1 0 0 1
75 75 uniform 1 15 756 2 0.0001 3.0046102476251835 0.0037341362234464795 0.063080382000772761 -2.6181648497652059 -0.01424201119037502 -2.6143251743390721 0 2.6255030585596981 1.9476499448352442 OK 15 14 0.56667299999999998 0.462806 0.18473200000000001 0.37584099999999998 0.258822 0 0.190832 0.203984 0.18473200000000001 0.0079830000000000005 0.0081440000000000002 0.007378 0.15001300000000012 0.16221799999999995 0.14505599999999996 0.0067900000000000009 0.0076799999999999993 0.0068230000000000001 0.0015449999999999999 0.0015610000000000001 0.0015049999999999998 1.9476472541096359 1.9476472541096359 1.9476472541096359 0.0001121216410528869 0.0001121216410528869 0.0001121216410528869 1 1 1 Converged Converged Converged OK OK OK 158 158 158 158 158 158 10 10 10 0 0 0 0 1 0 0 1
75 75 uniform 1 23 756 3 0.0001 3.0046102476251835 0.0037341362234464795 0.063080382000772761 -2.6181648497652059 -0.01424201119037502 -2.6055487733650513 0 2.6167266575856774 1.8002080302245704 OK 15 14 0.54694299999999996 0.44071100000000002 0.17035600000000001 0.372811 0.249085 0 0.17413199999999995 0.19162600000000002 0.17035600000000001 0.0096039999999999997 0.0094970000000000002 0.0087019999999999997 0.13621700000000003 0.15343500000000004 0.13471200000000003 0.0056120000000000007 0.0057529999999999994 0.0050550000000000005 0.0014110000000000001 0.0013489999999999999 0.001348 1.8002080460889125 1.8002080460889125 1.8002080460889125 0.00013148012655384283 0.00013148012655384283 0.00013148012655384283 1 1 1 Converged Converged Converged OK OK OK 134 134 134 134 134 134 10 10 10 0 0 0 0 1 0 0 1
75 75 uniform 2 0 757 0 0.001 3.0046102476251835 0.0037341362234464795 0.063080382000772761 -0.032363598615760783 -0.037653348352708199 -0.044979675015915335 0 0.056157559236541296 17.97744007673781 OK 17 16 0.76938499999999999 0.77726099999999998 0.22675500000000001 0.54207799999999995 0.54817700000000003 0 0.22730700000000004 0.22908399999999995 0.22675500000000001 0.017146999999999999 0.017436 0.016847999999999998 0.15953699999999996 0.16041799999999998 0.15973300000000004 0.005934 0.0061030000000000008 0.0060320000000000009 0.0014809999999999999 0.001565 0.001462 17.977468067572236 17.977468067572236 17.977468067572236 0.0071163035691273044 0.0071163035691273044 0.0071163035691273044 1 1 1 Converged Converged Converged OK OK OK 125 125 125 125 125 125 11 11 11 0 0 0 0 0 1 0 0
75 75 uniform 2 7 757 1 0.001 3.0046102476251835 0.0037341362234464795 0.063080382000772761 -0.032363598615760783 -0.037653348352708199 -0.037300324163647348 0 0.048478208384273316 22.000057732106544 OK 15 14 0.69708199999999998 0.58670699999999998 0.172709 0.51741000000000004 0.384355 0 0.17967199999999994 0.20235199999999998 0.172709 0.0098630000000000002 0.010038999999999999 0.0090699999999999999 0.14545600000000009 0.16815799999999995 0.14046500000000003 0.0039739999999999992 0.0040959999999999998 0.0039029999999999998 0.00123 0.0012149999999999999 0.0012049999999999999 22.000058027159145 22.000058027159145 22.000058027159145 0.0020383674427178339 0.0020383674427178339 0.0020383674427178339 1 1 1 Converged Converged Converged OK OK OK 103 103 103 103 103 103 9 9 9 0 0 0 0 1 0 0 1
75 75 uniform 2 15 757 2 0.001 3.0046102476251835 0.0037341362234464795 0.063080382000772761 -0.032363598615760783 -0.037653348352708199 -0.02852392318962679 0 0.039701807410252754 24.701377250647951 OK 15 14 0.75848199999999999 0.61186600000000002 0.16791400000000001 0.58715600000000001 0.43859599999999999 0 0.17132599999999998 0.17327000000000004 0.16791400000000001 0.0093749999999999997 0.0092020000000000001 0.0086029999999999995 0.13770099999999996 0.14010500000000004 0.13616299999999998 0.0041059999999999994 0.0041040000000000009 0.0039490000000000003 0.001235 0.0012400000000000002 0.0012080000000000001 24.701357285304304 24.701357285304304 24.701357285304304 0.015907977736047053 0.015907977736047053 0.015907977736047053 1 1 1 Converged Converged Converged OK OK OK 103 103 103 103 103 103 9 9 9 0 0 0 0 1 0 0 1
75 75 uniform 2 23 757 3 0.001 3.0046102476251835 0.0037341362234464795 0.063080382000772761 -0.032363598615760783 -0.037653348352708199 -0.019747522215606231 0 0.030925406436232195 26.424572031008104 OK 14 13 0.69766099999999998 0.55427400000000004 0.149837 0.54568399999999995 0.40002599999999999 0 0.15197700000000003 0.15424800000000005 0.149837 0.0099059999999999999 0.0095409999999999991 0.0088229999999999992 0.12227000000000005 0.12536499999999992 0.12239699999999995 0.0034200000000000003 0.0033890000000000005 0.0031800000000000001 0.001088 0.001013 0.00092100000000000005 26.424574209268368 26.424574209268368 26.424574209268368 0.0051980528022619495 0.0051980528022619495 0.0051980528022619495 1 1 1 Converged Converged Converged OK OK OK 88 88 88 88 88 88 8 8 8 0 0 0 0 1 0 0 1
75 75 uniform 2 0 757 0 0.0001 3.0046102476251835 0.0037341362234464795 0.063080382000772761 -0.032363598615760783 -0.037653348352708199 -0.044979675015915335 0 0.056157559236541296 17.97744007673781 OK 17 16 0.81489100000000003 0.80670900000000001 0.26529799999999998 0.55011500000000002 0.54025999999999996 0 0.26477600000000001 0.26644900000000005 0.26529799999999998 0.017416999999999998 0.017203 0.018016000000000001 0.18546499999999996 0.18721999999999997 0.18380500000000005 0.0074739999999999989 0.0074200000000000004 0.0078370000000000002 0.0019219999999999999 0.0019520000000000002 0.001916 17.977440149825249 17.977440149825249 17.977440149825249 0.0013646689185664634 0.0013646689185664634 0.0013646689185664634 1 1 1 Converged Converged Converged OK OK OK 149 149 149 149 149 149 11 11 11 0 0 0 0 0 1 0 0
75 75 uniform 2 7 757 1 0.0001 3.0046102476251835 0.0037341362234464795 0.063080382000772761 -0.032363598615760783 -0.037653348352708199 -0.037300324163647348 0 0.048478208384273316 22.000057732106544 OK 15 14 0.70174199999999998 0.58811599999999997 0.17383799999999999 0.52321399999999996 0.38095499999999999 0 0.17852800000000002 0.20716099999999998 0.17383799999999999 0.0099330000000000009 0.009672 0.0092219999999999993 0.14252000000000001 0.17228899999999997 0.14071899999999996 0.0048340000000000006 0.0047609999999999996 0.0040400000000000002 0.001289 0.0012309999999999999 0.001232 22.000058027159145 22.000058027159145 22.000058027159145 0.0020383674427178339 0.0020383674427178339 0.0020383674427178339 1 1 1 Converged Converged Converged OK OK OK 103 103 103 103 103 103 9 9 9 0 0 0 0 1 0 0 1
75 75 uniform 2 15 757 2 0.0001 3.0046102476251835 0.0037341362234464795 0.063080382000772761 -0.032363598615760783 -0.037653348352708199 -0.02852392318962679 0 0.039701807410252754 24.701377250647951 OK 15 14 0.78638200000000003 0.63984200000000002 0.195993 0.58643800000000001 0.43996400000000002 0 0.19994400000000001 0.199878 0.195993 0.0093609999999999995 0.0095399999999999999 0.0084930000000000005 0.16026899999999997 0.16095999999999999 0.15941900000000003 0.0058770000000000003 0.0057439999999999991 0.0050850000000000001 0.001575 0.0015100000000000001 0.001591 24.701377284065966 24.701377284065966 24.701377284065966 0.0003546536387274942 0.0003546536387274942 0.0003546536387274942 1 1 1 Converged Converged Converged OK OK OK 127 127 127 127 127 127 9 9 9 0 0 0 0 1 0 0 1
75 75 uniform 2 23 757 3 0.0001 3.0046102476251835 0.0037341362234464795 0.063080382000772761 -0.032363598615760783 -0.037653348352708199 -0.019747522215606231 0 0.030925406436232195 26.424572031008104 OK 14 13 0.71534900000000001 0.57700600000000002 0.16800000000000001 0.54377600000000004 0.40297899999999998 0 0.17157299999999998 0.17402700000000004 0.16800000000000001 0.0098750000000000001 0.0097630000000000008 0.0089379999999999998 0.13820599999999997 0.141066 0.13678999999999999 0.0045719999999999997 0.0044720000000000003 0.0042420000000000001 0.001193 0.001238 0.001183 26.4245731483927 26.4245731483927 26.4245731483927 0.0025685730664108714 0.0025685730664108714 0.0025685730664108714 1 1 1 Converged Converged Converged OK OK OK 104 104 104 104 104 104 8 8 8 0 0 0 0 1 0 0 1
75 75 uniform 3 0 758 0 0.001 3.0046102476251835 0.0037341362234464795 0.063080382000772761 -2.6007678889858279 0.065718713409787813 -2.6133839653859825 0 2.6245618496066085 1.2589805392807802 OK 13 12 0.32346599999999998 0.33114100000000002 0.068473999999999993 0.25341900000000001 0.26029799999999997 0 0.07004699999999997 0.070843000000000045 0.068473999999999993 0.0092490000000000003 0.0092160000000000002 0.0089149999999999993 0.044096999999999997 0.044650000000000002 0.043499999999999983 0.0023240000000000001 0.0023730000000000001 0.0022520000000000001 0.00067699999999999998 0.00067299999999999999 0.00062600000000000004 1.2589800881022808 1.2589800881022808 1.2589800881022808 0.0004723822911244765 0.0004723822911244765 0.0004723822911244765 1 1 1 Converged Converged Converged OK OK OK 45 45 45 45 45 45 3 3 3 0 0 0 0 0 1 0 0
75 75 uniform 3 7 758 1 0.001 3.0046102476251835 0.0037341362234464795 0.063080382000772761 -2.6007678889858279 0.065718713409787813 -2.6057046145337144 0 2.6168824987543404 1.2271936325043458 OK 13 12 0.35306700000000002 0.250554 0.085928000000000004 0.26560899999999998 0.13930500000000001 0 0.087458000000000036 0.11124899999999999 0.085928000000000004 0.0083899999999999999 0.0083990000000000002 0.0078519999999999996 0.059691999999999988 0.083415000000000017 0.059130000000000016 0.003248 0.003588 0.0035519999999999996 0.00083599999999999994 0.00083999999999999993 0.00085100000000000009 1.2271937222710698 1.2271937222710698 1.2271937222710698 0.00024494277981628994 0.00024494277981628994 0.00024494277981628994 1 1 1 Converged Converged Converged OK OK OK 68 68 68 68 68 68 4 4 4 0 0 0 0 1 0 0 1
75 75 uniform 3 15 758 2 0.001 3.0046102476251835 0.0037341362234464795 0.063080382000772761 -2.6007678889858279 0.065718713409787813 -2.5969282135596941 0 2.6081060977803201 1.1971458929411867 OK 13 12 0.32802399999999998 0.22528699999999999 0.068039000000000002 0.257853 0.139761 0 0.070170999999999983 0.085525999999999991 0.068039000000000002 0.0083239999999999998 0.0085039999999999994 0.0077790000000000003 0.047888000000000007 0.063059000000000018 0.046999000000000006 0.0021810000000000002 0.0022699999999999999 0.0021249999999999997 0.00062500000000000012 0.00071299999999999998 0.00065099999999999999 1.1971462445739325 1.1971462445739325 1.1971462445739325 0.00082958028116446802 0.00082958028116446802 0.00082958028116446802 1 1 1 Converged Converged Converged OK OK OK 52 52 52 52 52 52 4 4 4 0 0 0 0 1 0 0 1
75 75 uniform 3 23 758 3 0.001 3.0046102476251835 0.0037341362234464795 0.063080382000772761 -2.6007678889858279 0.065718713409787813 -2.5881518125856733 0 2.5993296968062993 1.1726122618011698 OK 13 12 0.34103499999999998 0.23843800000000001 0.068028000000000005 0.27038899999999999 0.152589 0 0.070645999999999987 0.085849000000000009 0.068028000000000005 0.0083999999999999995 0.0084030000000000007 0.0077060000000000002 0.048122999999999985 0.063667000000000001 0.047251999999999988 0.0023400000000000001 0.0022269999999999998 0.0020829999999999998 0.00068599999999999998 0.00061300000000000005 0.00060999999999999997 1.1726119662918251 1.1726119662918251 1.1726119662918251 0.00082805252938136895 0.00082805252938136895 0.00082805252938136895 1 1 1 Converged Converged Converged OK OK OK 52 52 52 52 52 52 4 4 4 0 0 0 0 1 0 0 1
75 75 uniform 3 0 758 0 0.0001 3.0046102476251835 0.0037341362234464795 0.063080382000772761 -2.6007678889858279 0.065718713409787813 -2.6133839653859825 0 2.6245618496066085 1.2589805392807802 OK 13 12 0.37115999999999999 0.37312800000000002 0.11298900000000001 0.25297599999999998 0.25829999999999997 0 0.11818400000000001 0.11482800000000004 0.11298900000000001 0.0091310000000000002 0.0092919999999999999 0.0088339999999999998 0.080863000000000004 0.077258999999999994 0.076552999999999996 0.0042709999999999996 0.0042909999999999997 0.0041159999999999999 0.00090199999999999992 0.00089400000000000005 0.000901 1.2589805072164133 1.2589805072164133 1.2589805072164133 5.7808869818419483e-06 5.7808869818419483e-06 5.7808869818419483e-06 1 1 1 Converged Converged Converged OK OK OK 77 77 77 77 77 77 3 3 3 0 0 0 0 0 1 0 0
75 75 uniform 3 7 758 1 0.0001 3.0046102476251835 0.0037341362234464795 0.063080382000772761 -2.6007678889858279 0.065718713409787813 -2.6057046145337144 0 2.6168824987543404 1.2271936325043458 OK 13 12 0.41501100000000002 0.30530299999999999 0.140958 0.270569 0.14050599999999999 0 0.14444200000000001 0.164797 0.140958 0.0085280000000000009 0.0085240000000000003 0.0079240000000000005 0.10255300000000005 0.12327899999999997 0.10090099999999994 0.0072290000000000002 0.0072649999999999998 0.0069169999999999995 0.0010790000000000001 0.001039 0.0010430000000000001 1.2271935503419233 1.2271935503419233 1.2271935503419233 1.8008110502303225e-05 1.8008110502303225e-05 1.8008110502303225e-05 1 1 1 Converged Converged Converged OK OK OK 116 116 116 116 116 116 4 4 4 0 0 0 0 1 0 0 1
75 75 uniform 3 15 758 2 0.0001 3.0046102476251835 0.0037341362234464795 0.063080382000772761 -2.6007678889858279 0.065718713409787813 -2.5969282135596941 0 2.6081060977803201 1.1971458929411867 OK 13 12 0.34956199999999998 0.248361 0.088091000000000003 0.259185 0.14008399999999999 0 0.090376999999999985 0.10827700000000001 0.088091000000000003 0.0084069999999999995 0.0085529999999999998 0.0077819999999999999 0.063098999999999975 0.080187000000000022 0.062091999999999987 0.0034170000000000003 0.0038619999999999995 0.0033309999999999998 0.00093599999999999998 0.00097800000000000014 0.00093599999999999998 1.1971458561708401 1.1971458561708401 1.1971458561708401 9.7369484159161881e-05 9.7369484159161881e-05 9.7369484159161881e-05 1 1 1 Converged Converged Converged OK OK OK 76 76 76 76 76 76 4 4 4 0 0 0 0 1 0 0 1
75 75 uniform 3 23 758 3 0.0001 3.0046102476251835 0.0037341362234464795 0.063080382000772761 -2.6007678889858279 0.065718713409787813 -2.5881518125856733 0 2.5993296968062993 1.1726122618011698 OK 13 12 0.36685000000000001 0.26082499999999997 0.087956000000000006 0.276258 0.15366299999999999 0 0.090592000000000006 0.10716199999999998 0.087956000000000006 0.0082059999999999998 0.0083789999999999993 0.0077380000000000001 0.063650999999999985 0.080080999999999999 0.062311999999999992 0.0034120000000000001 0.0034040000000000003 0.0032110000000000003 0.00087499999999999991 0.00084400000000000002 0.00087500000000000002 1.1726121854104348 1.1726121854104348 1.1726121854104348 7.8589420163539773e-05 7.8589420163539773e-05 7.8589420163539773e-05 1 1 1 Converged Converged Converged OK OK OK 76 76 76 76 76 76 4 4 4 0 0 0 0 1 0 0 1
75 75 uniform 4 0 759 0 0.001 3.0046102476251835 0.0037341362234464795 0.063080382000772761 -0.088269425361268833 0.05182809859622723 -0.10088550176142339 0 0.11206338598204935 8.5154666943617006 OK 15 14 0.69808199999999998 0.76615 0.20418900000000001 0.49227399999999999 0.55976800000000004 0 0.20580799999999999 0.20638199999999995 0.20418900000000001 0.010540000000000001 0.010385 0.010017 0.14992100000000005 0.15194600000000008 0.15072199999999994 0.0091399999999999988 0.0080400000000000003 0.0079220000000000002 0.0014369999999999999 0.0014250000000000001 0.0013610000000000002 8.5154551415475019 8.5154551415475019 8.5154551415475019 0.0074805423037926184 0.0074805423037926184 0.0074805423037926184 1 1 1 Converged Converged Converged OK OK OK 145 145 145 145 145 145 7 7 7 0 0 0 0 0 1 0 0
75 75 uniform 4 7 759 1 0.001 3.0046102476251835 0.0037341362234464795 0.063080382000772761 -0.088269425361268833 0.05182809859622723 -0.093206150909155391 0 0.10438403512978135 9.0627830533186859 OK 16 15 0.71118800000000004 0.58527300000000004 0.17244499999999999 0.53575700000000004 0.38510499999999998 0 0.175431 0.20016800000000007 0.17244499999999999 0.012355 0.011707 0.01095 0.13568800000000009 0.16351999999999997 0.13724900000000001 0.0053759999999999997 0.004463 0.0044129999999999994 0.0012119999999999998 0.001041 0.001018 9.0627751558746485 9.0627751558746485 9.0627751558746485 0.0060432684054151078 0.0060432684054151078 0.0060432684054151078 1 1 1 Converged Converged Converged OK OK OK 104 104 104 104 104 104 8 8 8 0 0 0 0 1 0 0 1
75 75 uniform 4 15 759 2 0.001 3.0046102476251835 0.0037341362234464795 0.063080382000772761 -0.088269425361268833 0.05182809859622723 -0.084429749935134843 0 0.095607634155760804 9.7761681002274656 OK 16 15 0.74515699999999996 0.59223000000000003 0.161275 0.56062599999999996 0.39805000000000001 0 0.184531 0.19418000000000002 0.161275 0.013592 0.011650000000000001 0.010867999999999999 0.14255799999999999 0.15804199999999999 0.12698299999999998 0.0052890000000000012 0.0043049999999999998 0.0039779999999999998 0.001222 0.0010280000000000001 0.00097999999999999997 9.7762458909083936 9.7762458909083936 9.7762458909083936 0.0074233139160970402 0.0074233139160970402 0.0074233139160970402 1 1 1 Converged Converged Converged OK OK OK 104 104 104 104 104 104 8 8 8 0 0 0 0 1 0 0 1
75 75 uniform 4 23 759 3 0.001 3.0046102476251835 0.0037341362234464795 0.063080382000772761 -0.088269425361268833 0.05182809859622723 -0.075653348961114281 0 0.086831233181740242 10.603522492593434 OK 16 15 0.78006699999999995 0.57579899999999995 0.19071299999999999 0.54374599999999995 0.33493899999999999 0 0.236321 0.24085999999999996 0.19071299999999999 0.014041 0.011421000000000001 0.010651000000000001 0.18489399999999992 0.19769200000000009 0.14949599999999996 0.0077669999999999996 0.0070209999999999986 0.0065009999999999998 0.001379 0.0011969999999999999 0.001183 10.603484424146759 10.603484424146759 10.603484424146759 0.0058523585461931465 0.0058523585461931465 0.0058523585461931465 1 1 1 Converged Converged Converged OK OK OK 136 136 136 136 136 136 8 8 8 0 0 0 0 1 0 0 1
75 75 uniform 4 0 759 0 0.0001 3.0046102476251835 0.0037341362234464795 0.063080382000772761 -0.088269425361268833 0.05182809859622723 -0.10088550176142339 0 0.11206338598204935 8.5154666943617006 OK 15 14 0.97711899999999996 0.94460900000000003 0.452849 0.50349699999999997 0.490008 0 0.47362199999999999 0.45460100000000003 0.452849 0.01167 0.010580000000000001 0.010311000000000001 0.30911399999999989 0.29324699999999987 0.29301800000000028 0.054537000000000002 0.055840999999999995 0.055 0.0019759999999999999 0.002013 0.0019270000000000001 8.5154988884723721 8.5154988884723721 8.5154988884723721 0.00061429381222460899 0.00061429381222460899 0.00061429381222460899 1 1 1 Converged Converged Converged OK OK OK 385 385 385 385 385 385 7 7 7 0 0 0 0 0 1 0 0
75 75 uniform 4 7 759 1 0.0001 3.0046102476251835 0.0037341362234464795 0.063080382000772761 -0.088269425361268833 0.05182809859622723 -0.093206150909155391 0 0.10438403512978135 9.0627830533186859 OK 16 15 0.76119499999999995 0.67256000000000005 0.21720700000000001 0.53939199999999998 0.38857999999999998 0 0.22180299999999997 0.28398000000000007 0.21720700000000001 0.011708 0.012168 0.011188999999999999 0.17224999999999999 0.2284429999999999 0.16779500000000003 0.0076169999999999996 0.012352999999999999 0.0082119999999999988 0.0014470000000000002 0.001493 0.001503 9.0627830965576042 9.0627830965576042 9.0627830965576042 0.0005468058953645409 0.0005468058953645409 0.0005468058953645409 1 1 1 Converged Converged Converged OK OK OK 152 152 152 152 152 152 8 8 8 0 0 0 0 1 0 0 1
75 75 uniform 4 15 759 2 0.0001 3.0046102476251835 0.0037341362234464795 0.063080382000772761 -0.088269425361268833 0.05182809859622723 -0.084429749935134843 0 0.095607634155760804 9.7761681002274656 OK 16 15 0.77092499999999997 0.68706699999999998 0.226101 0.54884200000000005 0.39659 0 0.22208299999999992 0.29047699999999999 0.226101 0.011535999999999999 0.011885 0.01093 0.17118200000000003 0.23769099999999993 0.17559500000000003 0.0078219999999999991 0.0087900000000000009 0.0082710000000000006 0.001469 0.0016509999999999999 0.001572 9.7761672962790076 9.7761672962790076 9.7761672962790076 0.00063137186250849836 0.00063137186250849836 0.00063137186250849836 1 1 1 Converged Converged Converged OK OK OK 160 160 160 160 160 160 8 8 8 0 0 0 0 1 0 0 1
75 75 uniform 4 23 759 3 0.0001 3.0046102476251835 0.0037341362234464795 0.063080382000772761 -0.088269425361268833 0.05182809859622723 -0.075653348961114281 0 0.086831233181740242 10.603522492593434 OK 16 15 0.70509200000000005 0.62137500000000001 0.22295100000000001 0.48200700000000002 0.34045900000000001 0 0.22308500000000003 0.280916 0.22295100000000001 0.011568999999999999 0.011672 0.010848 0.1720900000000001 0.22921400000000006 0.17295499999999994 0.0079389999999999999 0.0083210000000000003 0.0079190000000000007 0.0015210000000000002 0.0016920000000000001 0.001552 10.603519613915999 10.603519613915999 10.603519613915999 0.00099325642790606939 0.00099325642790606939 0.00099325642790606939 1 1 1 Converged Converged Converged OK OK OK 160 160 160 160 160 160 8 8 8 0 0 0 0 1 0 0 1
76 76 linear 0 0 760 0 0.001 2.5988088534682996 0.68506854779640958 0.082593805710412985 -1.304632460378089 0.13010018351188232 -1.3211512215201715 0.5 2.3777030214894888 6.4621476345051505 OK 14 13 0.45377499999999998 0.444853 0.16855700000000001 0.27554499999999998 0.27600000000000002 0 0.17823 0.16885299999999998 0.16855700000000001 0.012616 0.012900999999999999 0.012437999999999999 0.14000200000000004 0.132331 0.13190000000000002 0.0036779999999999998 0.0031460000000000004 0.0034250000000000001 0.00073200000000000001 0.00067500000000000004 0.00066 6.4621475048799866 6.4621475048799866 6.4621475048799866 0.0059984085367817972 0.0059984085367817972 0.0059984085367817972 1 1 1 Converged Converged Converged OK OK OK 72 72 72 72 72 72 8 8 8 0 0 0 0 0 1 0 0
76 76 linear 0 7 760 1 0.001 2.5988088534682996 0.68506854779640958 0.082593805710412985 -1.304632460378089 0.13010018351188232 -1.3110963234336865 0.5 2.3676481234030038 6.4348152711025932 OK 14 13 0.52795400000000003 0.411414 0.181426 0.34080700000000003 0.21928300000000001 0 0.18714700000000001 0.192131 0.181426 0.011528 0.015297 0.010855 0.15359699999999998 0.15508399999999994 0.14896200000000001 0.0035969999999999999 0.0035299999999999997 0.0037059999999999992 0.00076899999999999994 0.00077799999999999994 0.00083200000000000006 6.4348285470555195 6.4348285470555195 6.4348285470555195 0.0048868098043340731 0.0048868098043340731 0.0048868098043340731 1 1 1 Converged Converged Converged OK OK OK 80 80 80 80 80 80 8 8 8 0 0 0 0 1 0 0 1
76 76 linear 0 15 760 2 0.001 2.5988088534682996 0.68506854779640958 0.082593805710412985 -1.304632460378089 0.13010018351188232 -1.2996050113348465 0.5 2.3561568113041638 6.3080692481502876 OK 13 12 0.47936899999999999 0.366647 0.19405900000000001 0.27660899999999999 0.162242 0 0.20276 0.204405 0.19405900000000001 0.0090360000000000006 0.0091830000000000002 0.0083059999999999991 0.17137699999999995 0.17311499999999996 0.16470399999999999 0.0041720000000000004 0.0040530000000000002 0.0039259999999999998 0.00089500000000000018 0.00091500000000000001 0.00084400000000000013 6.3080109742054233 6.3080109742054233 6.3080109742054233 0.0054002253495057887 0.0054002253495057887 0.0054002253495057887 1 1 1 Converged Converged Converged OK OK OK 89 89 89 89 89 89 7 7 7 0 0 0 0 1 0 0 1
76 76 linear 0 23 760 3 0.001 2.5988088534682996 0.68506854779640958 0.082593805710412985 -1.304632460378089 0.13010018351188232 -1.2881136992360065 0.5 2.3446654992053237 6.0744631060087393 OK 13 12 0.45610899999999999 0.34271099999999999 0.166409 0.28309899999999999 0.16706699999999999 0 0.17301 0.17564399999999999 0.166409 0.0086060000000000008 0.0089259999999999999 0.0081340000000000006 0.14441399999999996 0.14640399999999998 0.13888899999999998 0.0036450000000000007 0.00413 0.0037540000000000004 0.000892 0.00094899999999999987 0.00084599999999999996 6.0744637546553024 6.0744637546553024 6.0744637546553024 0.0050137377486434926 0.0050137377486434926 0.0050137377486434926 1 1 1 Converged Converged Converged OK OK OK 89 89 89 89 89 89 7 7 7 0 0 0 0 1 0 0 1
76 76 linear 0 0 760 0 0.0001 2.5988088534682996 0.68506854779640958 0.082593805710412985 -1.304632460378089 0.13010018351188232 -1.3211512215201715 0.5 2.3777030214894888 6.4621476345051505 OK 14 13 0.52516799999999997 0.52625699999999997 0.245501 0.274557 0.28326800000000002 0 0.25061099999999997 0.24298899999999996 0.245501 0.012152 0.012741000000000001 0.012779 0.195627 0.18744300000000003 0.18985599999999994 0.0059710000000000006 0.0060019999999999995 0.0061240000000000001 0.001253 0.0013930000000000001 0.0014040000000000001 6.4621550242926089 6.4621550242926089 6.4621550242926089 0.00057005661677826669 0.00057005661677826669 0.00057005661677826669 1 1 1 Converged Converged Converged OK OK OK 112 112 112 112 112 112 8 8 8 0 0 0 0 0 1 0 0
76 76 linear 0 7 760 1 0.0001 2.5988088534682996 0.68506854779640958 0.082593805710412985 -1.304632460378089 0.13010018351188232 -1.3110963234336865 0.5 2.3676481234030038 6.4348152711025932 OK 14 13 0.61328199999999999 0.50820399999999999 0.265903 0.338808 0.22368499999999999 0 0.274474 0.28451899999999997 0.265903 0.011707 0.011682 0.011206000000000001 0.22837799999999994 0.23896399999999982 0.22124300000000005 0.0066019999999999985 0.0061440000000000002 0.0061689999999999991 0.0013190000000000001 0.0012579999999999998 0.0012690000000000002 6.4348336273986426 6.4348336273986426 6.4348336273986426 0.0005138610964317299 0.0005138610964317299 0.0005138610964317299 1 1 1 Converged Converged Converged OK OK OK 120 120 120 120 120 120 8 8 8 0 0 0 0 1 0 0 1
76 76 linear 0 15 760 2 0.0001 2.5988088534682996 0.68506854779640958 0.082593805710412985 -1.304632460378089 0.13010018351188232 -1.2996050113348465 0.5 2.3561568113041638 6.3080692481502876 OK 13 12 0.64279600000000003 0.56294 0.36049599999999998 0.27268799999999999 0.173762 0 0.37010800000000005 0.38917800000000002 0.36049599999999998 0.009018 0.0092680000000000002 0.0083529999999999993 0.31483399999999989 0.33263199999999998 0.30468200000000017 0.0096380000000000007 0.010059999999999999 0.0089489999999999986 0.0016189999999999998 0.0016580000000000002 0.0014529999999999999 6.3080863328292009 6.3080863328292009 6.3080863328292009 0.00044469149572851861 0.00044469149572851861 0.00044469149572851861 1 1 1 Converged Converged Converged OK OK OK 161 161 161 161 161 161 7 7 7 0 0 0 0 1 0 0 1
76 76 linear 0 23 760 3 0.0001 2.5988088534682996 0.68506854779640958 0.082593805710412985 -1.304632460378089 0.13010018351188232 -1.2881136992360065 0.5 2.3446654992053237 6.0744631060087393 OK 13 12 0.54210999999999998 0.44048300000000001 0.25490400000000002 0.28066400000000002 0.16983899999999999 0 0.26144599999999996 0.270644 0.25490400000000002 0.0088999999999999999 0.0087720000000000003 0.0082310000000000005 0.22075500000000001 0.23083000000000001 0.21591000000000002 0.006581 0.006025 0.0061590000000000004 0.001353 0.0013439999999999999 0.0013310000000000002 6.0744760685553825 6.0744760685553825 6.0744760685553825 0.00042772573190468118 0.00042772573190468118 0.00042772573190468118 1 1 1 Converged Converged Converged OK OK OK 129 129 129 129 129 129 7 7 7 0 0 0 0 1 0 0 1
76 76 linear 1 0 761 0 0.001 2.5988088534682996 0.68506854779640958 0.082593805710412985 0.76319240148989964 -0.045650015532886203 0.74667364034781702 0.5 0.30987815962150023 6.5485013795900597 OK 16 15 0.550261 0.542987 0.204739 0.33916400000000002 0.33773900000000001 0 0.21109699999999998 0.20524799999999999 0.204739 0.013265000000000001 0.013046 0.012628 0.16377300000000003 0.15931500000000001 0.15871399999999999 0.0046190000000000007 0.0041540000000000006 0.0043859999999999993 0.0011119999999999999 0.00109 0.0010709999999999999 6.5485198266853937 6.5485198266853937 6.5485198266853937 0.0034923953836465526 0.0034923953836465526 0.0034923953836465526 1 1 1 Converged Converged Converged OK OK OK 96 96 96 96 96 96 8 8 8 0 0 0 0 0 1 0 0
76 76 linear 1 7 761 1 0.001 2.5988088534682996 0.68506854779640958 0.082593805710412985 0.76319240148989964 -0.045650015532886203 0.7567285384343021 0.5 0.29982326153501515 6.8683601913056656 OK 16 15 0.529111 0.41354000000000002 0.19315199999999999 0.328928 0.197185 0 0.200183 0.21635500000000002 0.19315199999999999 0.012234999999999999 0.012168999999999999 0.011453 0.16319599999999992 0.17929000000000006 0.15866700000000003 0.0044149999999999997 0.0049019999999999992 0.0040560000000000006 0.001057 0.0010679999999999999 0.0010009999999999999 6.8684043225709752 6.8684043225709752 6.8684043225709752 0.0039424211065770447 0.0039424211065770447 0.0039424211065770447 1 1 1 Converged Converged Converged OK OK OK 96 96 96 96 96 96 8 8 8 0 0 0 0 1 0 0 1
76 76 linear 1 15 761 2 0.001 2.5988088534682996 0.68506854779640958 0.082593805710412985 0.76319240148989964 -0.045650015532886203 0.76821985053314212 0.5 0.28833194943617513 7.2660567159485092 OK 16 15 0.54344499999999996 0.42057099999999997 0.19223399999999999 0.34468399999999999 0.20913300000000001 0 0.19876099999999997 0.21143799999999996 0.19223399999999999 0.01206 0.012122000000000001 0.011356 0.162802 0.17570400000000003 0.15764399999999995 0.0040309999999999999 0.0041240000000000001 0.0040760000000000006 0.00099899999999999989 0.0010069999999999999 0.00097900000000000005 7.2661078501914051 7.2661078501914051 7.2661078501914051 0.0039293856447909451 0.0039293856447909451 0.0039293856447909451 1 1 1 Converged Converged Converged OK OK OK 96 96 96 96 96 96 8 8 8 0 0 0 0 1 0 0 1
76 76 linear 1 23 761 3 0.001 2.5988088534682996 0.68506854779640958 0.082593805710412985 0.76319240148989964 -0.045650015532886203 0.77971116263198226 0.5 0.27684063733733499 7.7034775945216172 OK 16 15 0.54405499999999996 0.43752600000000003 0.19837399999999999 0.33897100000000002 0.21157699999999999 0 0.20508399999999993 0.22594900000000004 0.19837399999999999 0.012207000000000001 0.01227 0.011254 0.16891700000000004 0.189969 0.16413999999999992 0.004071 0.004177000000000001 0.0039149999999999992 0.0010330000000000001 0.0010740000000000001 0.00099700000000000006 7.703583754852743 7.703583754852743 7.703583754852743 0.0056390422904613879 0.0056390422904613879 0.0056390422904613879 1 1 1 Converged Converged Converged OK OK OK 96 96 96 96 96 96 8 8 8 0 0 0 0 1 0 0 1
76 76 linear 1 0 761 0 0.0001 2.5988088534682996 0.68506854779640958 0.082593805710412985 0.76319240148989964 -0.045650015532886203 0.74667364034781702 0.5 0.30987815962150023 6.5485013795900597 OK 16 15 0.64466000000000001 0.64104099999999997 0.29494799999999999 0.33765800000000001 0.34561500000000001 0 0.307002 0.29542599999999997 0.29494799999999999 0.013238 0.012933999999999999 0.012574 0.24139599999999994 0.23083199999999998 0.23084700000000014 0.0073619999999999996 0.0069940000000000002 0.0068879999999999992 0.001572 0.0015709999999999999 0.0015259999999999998 6.5485222278264539 6.5485222278264539 6.5485222278264539 0.00031673903023792985 0.00031673903023792985 0.00031673903023792985 1 1 1 Converged Converged Converged OK OK OK 144 144 144 144 144 144 8 8 8 0 0 0 0 0 1 0 0
76 76 linear 1 7 761 1 0.0001 2.5988088534682996 0.68506854779640958 0.082593805710412985 0.76319240148989964 -0.045650015532886203 0.7567285384343021 0.5 0.29982326153501515 6.8683601913056656 OK 16 15 0.61430300000000004 0.51398100000000002 0.27694999999999997 0.326766 0.19920499999999999 0 0.28753700000000004 0.31477600000000006 0.27694999999999997 0.012264000000000001 0.012233000000000001 0.011402000000000001 0.23580299999999998 0.26523099999999999 0.22872600000000007 0.0075569999999999995 0.006888 0.0069750000000000003 0.0015340000000000002 0.0015060000000000002 0.001449 6.868403505380571 6.868403505380571 6.868403505380571 0.00032429910551779687 0.00032429910551779687 0.00032429910551779687 1 1 1 Converged Converged Converged OK OK OK 144 144 144 144 144 144 8 8 8 0 0 0 0 1 0 0 1
76 76 linear 1 15 761 2 0.0001 2.5988088534682996 0.68506854779640958 0.082593805710412985 0.76319240148989964 -0.045650015532886203 0.76821985053314212 0.5 0.28833194943617513 7.2660567159485092 OK 16 15 0.63552600000000004 0.51969900000000002 0.27768300000000001 0.351547 0.206705 0 0.28397900000000004 0.31299399999999999 0.27768300000000001 0.012034 0.012226000000000001 0.011475000000000001 0.23364000000000001 0.26184699999999983 0.22957400000000003 0.0069880000000000003 0.0077240000000000008 0.006685 0.001534 0.0016099999999999999 0.0014649999999999997 7.2660913651881343 7.2660913651881343 7.2660913651881343 0.00038403698139272884 0.00038403698139272884 0.00038403698139272884 1 1 1 Converged Converged Converged OK OK OK 144 144 144 144 144 144 8 8 8 0 0 0 0 1 0 0 1
76 76 linear 1 23 761 3 0.0001 2.5988088534682996 0.68506854779640958 0.082593805710412985 0.76319240148989964 -0.045650015532886203 0.77971116263198226 0.5 0.27684063733733499 7.7034775945216172 OK 16 15 0.63510800000000001 0.53281100000000003 0.28065299999999999 0.340478 0.21059900000000001 0 0.29463 0.32221200000000005 0.28065299999999999 0.011915 0.012099 0.011313999999999999 0.24473099999999989 0.27285900000000002 0.23311700000000007 0.0070889999999999998 0.0070160000000000005 0.0066979999999999991 0.001552 0.001503 0.0014580000000000001 7.7035255356222017 7.7035255356222017 7.7035255356222017 0.00052227197508001612 0.00052227197508001612 0.00052227197508001612 1 1 1 Converged Converged Converged OK OK OK 144 144 144 144 144 144 8 8 8 0 0 0 0 1 0 0 1
76 76 linear 2 0 762 0 0.001 2.5988088534682996 0.68506854779640958 0.082593805710412985 1.014191473184346 -0.061397641636973088 0.99767271204226338 0.5 0.058879087927053875 7.6754761356904906 OK 16 15 0.56853500000000001 0.56891700000000001 0.219551 0.341113 0.342005 0 0.22742200000000001 0.226912 0.219551 0.013875999999999999 0.014069999999999999 0.013731999999999999 0.17864699999999994 0.17636299999999996 0.17050700000000002 0.0045090000000000009 0.0052559999999999994 0.005095999999999999 0.0013120000000000002 0.001469 0.001304 7.6757586277770518 7.6757586277770518 7.6757586277770518 0.0042056276711626575 0.0042056276711626575 0.0042056276711626575 1 1 1 Converged Converged Converged OK OK OK 103 103 103 103 103 103 9 9 9 0 0 0 0 0 1 0 0
76 76 linear 2 7 762 1 0.001 2.5988088534682996 0.68506854779640958 0.082593805710412985 1.014191473184346 -0.061397641636973088 1.0077276101287485 0.5 0.048824189840568799 6.7057941424508485 OK 16 15 0.54158499999999998 0.44703799999999999 0.206482 0.33360299999999998 0.22309200000000001 0 0.207982 0.22394599999999998 0.206482 0.012354 0.012597000000000001 0.011948 0.17007800000000001 0.18580099999999988 0.16568799999999997 0.0047819999999999989 0.0051810000000000007 0.0050149999999999995 0.001196 0.0011919999999999999 0.0012009999999999998 6.7058748514352695 6.7058748514352695 6.7058748514352695 0.0034758462497686466 0.0034758462497686466 0.0034758462497686466 1 1 1 Converged Converged Converged OK OK OK 96 96 96 96 96 96 8 8 8 0 0 0 0 1 0 0 1
76 76 linear 2 15 762 2 0.001 2.5988088534682996 0.68506854779640958 0.082593805710412985 1.014191473184346 -0.061397641636973088 1.0192189222275885 0.5 0.037332877741728776 6.0953084386882281 OK 16 15 0.52224099999999996 0.43982500000000002 0.214504 0.299626 0.19636000000000001 0 0.22261499999999995 0.24346500000000001 0.214504 0.012478 0.012605999999999999 0.011827000000000001 0.18268199999999998 0.20203400000000007 0.17499700000000007 0.0050729999999999994 0.0058949999999999992 0.0055359999999999993 0.001168 0.0013270000000000001 0.0012200000000000002 6.095303023513778 6.095303023513778 6.095303023513778 0.00602232945310465 0.00602232945310465 0.00602232945310465 1 1 1 Converged Converged Converged OK OK OK 111 111 111 111 111 111 9 9 9 0 0 0 0 1 0 0 1
76 76 linear 2 23 762 3 0.001 2.5988088534682996 0.68506854779640958 0.082593805710412985 1.014191473184346 -0.061397641636973088 1.0307102343264285 0.5 0.025841565642888753 5.6647411060666535 OK 16 15 0.51689399999999996 0.429647 0.203323 0.30354900000000001 0.20142399999999999 0 0.21334499999999995 0.22822300000000001 0.203323 0.012777 0.012730999999999999 0.011884 0.1744089999999999 0.190858 0.16787799999999997 0.0055169999999999993 0.0048999999999999998 0.0044679999999999997 0.001289 0.001243 0.0012679999999999998 5.6647440831038463 5.6647440831038463 5.6647440831038463 0.0051267594064521504 0.0051267594064521504 0.0051267594064521504 1 1 1 Converged Converged Converged OK OK OK 103 103 103 103 103 103 9 9 9 0 0 0 0 1 0 0 1
76 76 linear 2 0 762 0 0.0001 2.5988088534682996 0.68506854779640958 0.082593805710412985 1.014191473184346 -0.061397641636973088 0.99767271204226338 0.5 0.058879087927053875 7.6754761356904906 OK 16 15 0.65758899999999998 0.65396699999999996 0.30982100000000001 0.345024 0.34137400000000001 0 0.31256499999999998 0.31259299999999995 0.30982100000000001 0.013728000000000001 0.014272999999999999 0.013972999999999999 0.24321400000000004 0.24091700000000013 0.23916999999999999 0.010008 0.010974000000000001 0.010683 0.0017650000000000001 0.0019979999999999998 0.0018980000000000002 7.6754508726607673 7.6754508726607673 7.6754508726607673 0.00052185683528137663 0.00052185683528137663 0.00052185683528137663 1 1 1 Converged Converged Converged OK OK OK 167 167 167 167 167 167 9 9 9 0 0 0 0 0 1 0 0
76 76 linear 2 7 762 1 0.0001 2.5988088534682996 0.68506854779640958 0.082593805710412985 1.014191473184346 -0.061397641636973088 1.0077276101287485 0.5 0.048824189840568799 6.7057941424508485 OK 16 15 0.64006700000000005 0.54964999999999997 0.29438999999999999 0.33523700000000001 0.220164 0 0.30483000000000005 0.32948599999999995 0.29438999999999999 0.012459 0.012633 0.012037000000000001 0.25260399999999988 0.27618700000000002 0.242537 0.0082489999999999994 0.0090200000000000002 0.0087080000000000005 0.001709 0.0017690000000000002 0.0017780000000000001 6.7057773920461328 6.7057773920461328 6.7057773920461328 0.00044880469173874698 0.00044880469173874698 0.00044880469173874698 1 1 1 Converged Converged Converged OK OK OK 144 144 144 144 144 144 8 8 8 0 0 0 0 1 0 0 1
76 76 linear 2 15 762 2 0.0001 2.5988088534682996 0.68506854779640958 0.082593805710412985 1.014191473184346 -0.061397641636973088 1.0192189222275885 0.5 0.037332877741728776 6.0953084386882281 OK 16 15 0.58319100000000001 0.49766300000000002 0.26551399999999997 0.30050900000000003 0.19922799999999999 0 0.28268199999999999 0.29843500000000001 0.26551399999999997 0.012885000000000001 0.012980999999999999 0.011920999999999999 0.23185700000000004 0.24540299999999998 0.21882599999999999 0.0084770000000000002 0.0080420000000000005 0.0071460000000000004 0.0018550000000000001 0.00181 0.001743 6.095301959775048 6.095301959775048 6.095301959775048 0.00026674046299091596 0.00026674046299091596 0.00026674046299091596 1 1 1 Converged Converged Converged OK OK OK 143 143 143 143 143 143 9 9 9 0 0 0 0 1 0 0 1
76 76 linear 2 23 762 3 0.0001 2.5988088534682996 0.68506854779640958 0.082593805710412985 1.014191473184346 -0.061397641636973088 1.0307102343264285 0.5 0.025841565642888753 5.6647411060666535 OK 16 15 0.57796199999999998 0.50116499999999997 0.26249099999999997 0.30455399999999999 0.20250199999999999 0 0.27340799999999998 0.29866300000000001 0.26249099999999997 0.012945999999999999 0.01295 0.012054 0.22316200000000003 0.2488230000000001 0.21583600000000006 0.0086280000000000003 0.0082720000000000016 0.0073360000000000005 0.0020220000000000004 0.001918 0.0017570000000000001 5.6647382471600203 5.6647382471600203 5.6647382471600203 0.00050502755623793648 0.00050502755623793648 0.00050502755623793648 1 1 1 Converged Converged Converged OK OK OK 143 143 143 143 143 143 9 9 9 0 0 0 0 1 0 0 1
76 76 linear 3 0 763 0 0.001 2.5988088534682996 0.68506854779640958 0.082593805710412985 -1.2253470779792919 -0.15585029785394408 -1.2418658391213744 0.5 2.2984176390906916 3.2007326761854045 OK 13 12 0.36904700000000001 0.36819499999999999 0.094464000000000006 0.27160099999999998 0.27193600000000001 0 0.097446000000000033 0.096258999999999983 0.094464000000000006 0.0089239999999999996 0.0090969999999999992 0.008685 0.069732999999999989 0.068032000000000009 0.067449999999999968 0.0028799999999999997 0.0031019999999999997 0.0028350000000000003 0.00070399999999999998 0.00060800000000000003 0.000687 3.2007213465855924 3.2007213465855924 3.2007213465855924 0.0030255751660650133 0.0030255751660650133 0.0030255751660650133 1 1 1 Converged Converged Converged OK OK OK 53 53 53 53 53 53 3 3 3 0 0 0 0 0 1 0 0
76 76 linear 3 7 763 1 0.001 2.5988088534682996 0.68506854779640958 0.082593805710412985 -1.2253470779792919 -0.15585029785394408 -1.2318109410348894 0.5 2.2883627410042067 3.0298310149783516 OK 13 12 0.36322500000000002 0.27406900000000001 0.094925999999999996 0.263932 0.16047400000000001 0 0.09929300000000002 0.113595 0.094925999999999996 0.0084569999999999992 0.0083070000000000001 0.0077019999999999996 0.070152999999999979 0.084711000000000036 0.067669000000000007 0.0035379999999999999 0.0034849999999999998 0.0033790000000000001 0.00073999999999999999 0.00073499999999999998 0.00068599999999999998 3.0298290037752151 3.0298290037752151 3.0298290037752151 0.0015099121821690968 0.0015099121821690968 0.0015099121821690968 1 1 1 Converged Converged Converged OK OK OK 61 61 61 61 61 61 3 3 3 0 0 0 0 1 0 0 1
76 76 linear 3 15 763 2 0.001 2.5988088534682996 0.68506854779640958 0.082593805710412985 -1.2253470779792919 -0.15585029785394408 -1.2203196289360494 0.5 2.2768714289053666 2.87629035150424 OK 13 12 0.36734800000000001 0.26444400000000001 0.085952000000000001 0.27766400000000002 0.15501599999999999 0 0.089683999999999986 0.10942800000000003 0.085952000000000001 0.0082290000000000002 0.0083269999999999993 0.0076059999999999999 0.061881000000000026 0.081949000000000008 0.059576999999999991 0.0034729999999999995 0.0033189999999999999 0.0033089999999999999 0.00069999999999999999 0.00066799999999999997 0.00065600000000000001 2.8762884356688128 2.8762884356688128 2.8762884356688128 0.0014584879716083943 0.0014584879716083943 0.0014584879716083943 1 1 1 Converged Converged Converged OK OK OK 61 61 61 61 61 61 3 3 3 0 0 0 0 1 0 0 1
76 76 linear 3 23 763 3 0.001 2.5988088534682996 0.68506854779640958 0.082593805710412985 -1.2253470779792919 -0.15585029785394408 -1.2088283168372094 0.5 2.2653801168065266 2.750790013966264 OK 13 12 0.36685800000000002 0.27130399999999999 0.091961000000000001 0.27527299999999999 0.15992999999999999 0 0.091585000000000027 0.111374 0.091961000000000001 0.0081810000000000008 0.0081600000000000006 0.0076410000000000002 0.064038000000000025 0.084047000000000038 0.065632999999999983 0.0034209999999999996 0.0034510000000000001 0.0032890000000000003 0.00066500000000000001 0.00065900000000000008 0.00064900000000000005 2.7507881777707475 2.7507881777707475 2.7507881777707475 0.0013148700891353231 0.0013148700891353231 0.0013148700891353231 1 1 1 Converged Converged Converged OK OK OK 61 61 61 61 61 61 3 3 3 0 0 0 0 1 0 0 1
76 76 linear 3 0 763 0 0.0001 2.5988088534682996 0.68506854779640958 0.082593805710412985 -1.2253470779792919 -0.15585029785394408 -1.2418658391213744 0.5 2.2984176390906916 3.2007326761854045 OK 13 12 0.39828400000000003 0.39882699999999999 0.125191 0.26990399999999998 0.27171699999999999 0 0.12838000000000005 0.12711 0.125191 0.0088850000000000005 0.0091760000000000001 0.0086969999999999999 0.091706999999999997 0.089821999999999999 0.088996000000000006 0.0040820000000000006 0.0043099999999999996 0.0042119999999999996 0.00090900000000000009 0.00098499999999999998 0.00090300000000000005 3.2007302117170107 3.2007302117170107 3.2007302117170107 1.8146673946266651e-05 1.8146673946266651e-05 1.8146673946266651e-05 1 1 1 Converged Converged Converged OK OK OK 77 77 77 77 77 77 3 3 3 0 0 0 0 0 1 0 0
76 76 linear 3 7 763 1 0.0001 2.5988088534682996 0.68506854779640958 0.082593805710412985 -1.2253470779792919 -0.15585029785394408 -1.2318109410348894 0.5 2.2883627410042067 3.0298310149783516 OK 13 12 0.38461899999999999 0.299346 0.11597399999999999 0.263376 0.15589700000000001 0 0.12124299999999999 0.14344899999999999 0.11597399999999999 0.0083129999999999992 0.0083180000000000007 0.0077349999999999997 0.087979000000000029 0.11087300000000003 0.084739000000000023 0.0046909999999999999 0.0043569999999999998 0.0041519999999999994 0.00093599999999999998 0.0008470000000000001 0.00084899999999999993 3.0298290322635939 3.0298290322635939 3.0298290322635939 1.8176711748326418e-05 1.8176711748326418e-05 1.8176711748326418e-05 1 1 1 Converged Converged Converged OK OK OK 77 77 77 77 77 77 3 3 3 0 0 0 0 1 0 0 1
76 76 linear 3 15 763 2 0.0001 2.5988088534682996 0.68506854779640958 0.082593805710412985 -1.2253470779792919 -0.15585029785394408 -1.2203196289360494 0.5 2.2768714289053666 2.87629035150424 OK 13 12 0.384272 0.29124899999999998 0.11215899999999999 0.27148099999999997 0.155089 0 0.11279100000000003 0.13615999999999998 0.11215899999999999 0.0082880000000000002 0.0083090000000000004 0.0088900000000000003 0.080453999999999998 0.10395699999999997 0.079313999999999982 0.0041069999999999995 0.0041059999999999994 0.0042339999999999999 0.00076900000000000004 0.00076799999999999991 0.00077399999999999995 2.8762884604875487 2.8762884604875487 2.8762884604875487 1.8377319895681014e-05 1.8377319895681014e-05 1.8377319895681014e-05 1 1 1 Converged Converged Converged OK OK OK 77 77 77 77 77 77 3 3 3 0 0 0 0 1 0 0 1
76 76 linear 3 23 763 3 0.0001 2.5988088534682996 0.68506854779640958 0.082593805710412985 -1.2253470779792919 -0.15585029785394408 -1.2088283168372094 0.5 2.2653801168065266 2.750790013966264 OK 13 12 0.39591300000000001 0.29474499999999998 0.11243599999999999 0.27900900000000001 0.15942400000000001 0 0.11690400000000001 0.13532099999999997 0.11243599999999999 0.0082740000000000001 0.0082179999999999996 0.0076499999999999997 0.084282999999999997 0.10338799999999999 0.081278000000000017 0.004372 0.0041100000000000008 0.0041570000000000001 0.00078799999999999996 0.00078799999999999996 0.00075099999999999993 2.7507882008056277 2.7507882008056277 2.7507882008056277 1.8689072089716063e-05 1.8689072089716063e-05 1.8689072089716063e-05 1 1 1 Converged Converged Converged OK OK OK 77 77 77 77 77 77 3 3 3 0 0 0 0 1 0 0 1
76 76 linear 4 0 764 0 0.001 2.5988088534682996 0.68506854779640958 0.082593805710412985 -1.4561807452613329 0.15188635771526138 -1.4726995064034154 0.5 2.5292513063727329 2.9069437628901258 OK 13 12 0.35907699999999998 0.351858 0.083269999999999997 0.27310800000000002 0.26802999999999999 0 0.085968999999999962 0.083828000000000014 0.083269999999999997 0.0091339999999999998 0.0091750000000000009 0.0088950000000000001 0.057488000000000004 0.056104000000000008 0.055488000000000016 0.0029759999999999995 0.0028929999999999997 0.0029439999999999996 0.000727 0.00063400000000000001 0.00063699999999999998 2.9069358546673345 2.9069358546673345 2.9069358546673345 0.0020848383753684294 0.0020848383753684294 0.0020848383753684294 1 1 1 Converged Converged Converged OK OK OK 53 53 53 53 53 53 3 3 3 0 0 0 0 0 1 0 0
76 76 linear 4 7 764 1 0.001 2.5988088534682996 0.68506854779640958 0.082593805710412985 -1.4561807452613329 0.15188635771526138 -1.4626446083169304 0.5 2.5191964082862475 2.9811194616128533 OK 13 12 0.38683699999999999 0.28654800000000002 0.105624 0.27652599999999999 0.16479099999999999 0 0.11031099999999999 0.12175700000000003 0.105624 0.0084659999999999996 0.0084530000000000004 0.0077980000000000002 0.080210000000000017 0.091994000000000006 0.076860999999999985 0.0036819999999999995 0.0036749999999999994 0.003669 0.00069499999999999998 0.00069899999999999997 0.00074700000000000005 2.9811278534906904 2.9811278534906904 2.9811278534906904 0.0016215829035292717 0.0016215829035292717 0.0016215829035292717 1 1 1 Converged Converged Converged OK OK OK 76 76 76 76 76 76 4 4 4 0 0 0 0 1 0 0 1
76 76 linear 4 15 764 2 0.001 2.5988088534682996 0.68506854779640958 0.082593805710412985 -1.4561807452613329 0.15188635771526138 -1.4511532962180904 0.5 2.5077050961874079 3.0793153188042703 OK 13 12 0.37065199999999998 0.26405499999999998 0.086856000000000003 0.28004200000000001 0.165381 0 0.090609999999999968 0.098673999999999984 0.086856000000000003 0.0083250000000000008 0.0083239999999999998 0.0077650000000000002 0.066026000000000015 0.074121000000000006 0.063296999999999992 0.0027350000000000005 0.0027730000000000003 0.0027729999999999999 0.00059800000000000001 0.00058299999999999997 0.00059500000000000004 3.0793085596591232 3.0793085596591232 3.0793085596591232 0.0020962870759028375 0.0020962870759028375 0.0020962870759028375 1 1 1 Converged Converged Converged OK OK OK 60 60 60 60 60 60 4 4 4 0 0 0 0 1 0 0 1
76 76 linear 4 23 764 3 0.001 2.5988088534682996 0.68506854779640958 0.082593805710412985 -1.4561807452613329 0.15188635771526138 -1.4396619841192504 0.5 2.4962137840885674 3.2000515682300534 OK 13 12 0.36475400000000002 0.25486399999999998 0.085281999999999997 0.27492800000000001 0.16101199999999999 0 0.089826000000000017 0.093851999999999991 0.085281999999999997 0.0084460000000000004 0.0083580000000000008 0.0077190000000000002 0.064976999999999993 0.069481000000000001 0.061958999999999979 0.0026250000000000002 0.0027000000000000001 0.0026350000000000002 0.00062100000000000002 0.00062100000000000002 0.00061300000000000005 3.2000431025824985 3.2000431025824985 3.2000431025824985 0.002248940573313961 0.002248940573313961 0.002248940573313961 1 1 1 Converged Converged Converged OK OK OK 60 60 60 60 60 60 4 4 4 0 0 0 0 1 0 0 1
76 76 linear 4 0 764 0 0.0001 2.5988088534682996 0.68506854779640958 0.082593805710412985 -1.4561807452613329 0.15188635771526138 -1.4726995064034154 0.5 2.5292513063727329 2.9069437628901258 OK 13 12 0.38715699999999997 0.385492 0.114483 0.26634799999999997 0.26689400000000002 0 0.120809 0.11859799999999998 0.114483 0.0093290000000000005 0.0093559999999999997 0.0088760000000000002 0.08175700000000001 0.080763000000000029 0.077099000000000015 0.0048580000000000003 0.0045770000000000003 0.0047570000000000008 0.00096400000000000001 0.00089000000000000017 0.0009189999999999999 2.9069421785839475 2.9069421785839475 2.9069421785839475 1.2737884058096076e-05 1.2737884058096076e-05 1.2737884058096076e-05 1 1 1 Converged Converged Converged OK OK OK 77 77 77 77 77 77 3 3 3 0 0 0 0 0 1 0 0
76 76 linear 4 7 764 1 0.0001 2.5988088534682996 0.68506854779640958 0.082593805710412985 -1.4561807452613329 0.15188635771526138 -1.4626446083169304 0.5 2.5191964082862475 2.9811194616128533 OK 13 12 0.43519600000000003 0.34179199999999998 0.15260299999999999 0.27705099999999999 0.16281499999999999 0 0.15814500000000004 0.178977 0.15260299999999999 0.0083260000000000001 0.0084049999999999993 0.0078770000000000003 0.11744399999999997 0.13849700000000004 0.11256599999999997 0.0067749999999999998 0.0068470000000000007 0.0071599999999999997 0.0010070000000000001 0.001 0.001024 2.9811181210989512 2.9811181210989512 2.9811181210989512 4.522520418683108e-05 4.522520418683108e-05 4.522520418683108e-05 1 1 1 Converged Converged Converged OK OK OK 116 116 116 116 116 116 4 4 4 0 0 0 0 1 0 0 1
76 76 linear 4 15 764 2 0.0001 2.5988088534682996 0.68506854779640958 0.082593805710412985 -1.4561807452613329 0.15188635771526138 -1.4511532962180904 0.5 2.5077050961874079 3.0793153188042703 OK 13 12 0.40267900000000001 0.29977399999999998 0.113695 0.28443499999999999 0.16040099999999999 0 0.11824400000000002 0.139373 0.113695 0.0083610000000000004 0.0083730000000000002 0.007783 0.087549999999999975 0.10831699999999998 0.084096999999999977 0.0040499999999999998 0.0044679999999999997 0.0040800000000000003 0.00085200000000000011 0.00094200000000000002 0.00086499999999999999 3.0793135275812116 3.0793135275812116 3.0793135275812116 0.00013535635668719437 0.00013535635668719437 0.00013535635668719437 1 1 1 Converged Converged Converged OK OK OK 84 84 84 84 84 84 4 4 4 0 0 0 0 1 0 0 1
76 76 linear 4 23 764 3 0.0001 2.5988088534682996 0.68506854779640958 0.082593805710412985 -1.4561807452613329 0.15188635771526138 -1.4396619841192504 0.5 2.4962137840885674 3.2000515682300534 OK 13 12 0.382382 0.28432099999999999 0.104144 0.27382299999999998 0.160579 0 0.10855900000000002 0.12374199999999999 0.104144 0.0083829999999999998 0.0082760000000000004 0.0077400000000000004 0.079362999999999975 0.094482999999999998 0.076529 0.0037940000000000001 0.0039649999999999998 0.0036090000000000002 0.00089600000000000009 0.00092499999999999993 0.00092900000000000003 3.2000497176028779 3.2000497176028779 3.2000497176028779 0.00025156402910115282 0.00025156402910115282 0.00025156402910115282 1 1 1 Converged Converged Converged OK OK OK 76 76 76 76 76 76 4 4 4 0 0 0 0 1 0 0 1
76 76 uniform 0 0 765 0 0.001 2.5988088534682996 0.68506854779640958 0.082593805710412985 -1.304632460378089 0.13010018351188232 -1.3211512215201715 0 2.3777030214894888 6.334551568609359 OK 14 13 0.40108300000000002 0.40079999999999999 0.122504 0.276148 0.274034 0 0.12493500000000002 0.12676599999999999 0.122504 0.012919999999999999 0.012234 0.012314 0.084021000000000054 0.087754000000000013 0.083154999999999979 0.0035439999999999998 0.0033750000000000004 0.0034280000000000001 0.00084200000000000008 0.00079100000000000004 0.00078799999999999996 6.3345476573961728 6.3345476573961728 6.3345476573961728 0.0042738063604731476 0.0042738063604731476 0.0042738063604731476 1 1 1 Converged Converged Converged OK OK OK 80 80 80 80 80 80 8 8 8 0 0 0 0 0 1 0 0
76 76 uniform 0 7 765 1 0.001 2.5988088534682996 0.68506854779640958 0.082593805710412985 -1.304632460378089 0.13010018351188232 -1.3110963234336865 0 2.3676481234030038 6.3233729798014346 OK 14 13 0.45741599999999999 0.34656100000000001 0.121008 0.33473000000000003 0.21697 0 0.12268599999999996 0.12959100000000001 0.121008 0.011466 0.011575 0.010782999999999999 0.090889000000000011 0.09717099999999998 0.090414999999999981 0.0031779999999999998 0.0035960000000000002 0.0032060000000000001 0.00077700000000000002 0.00083299999999999997 0.00076099999999999996 6.3233723355414284 6.3233723355414284 6.3233723355414284 0.0034173623713301829 0.0034173623713301829 0.0034173623713301829 1 1 1 Converged Converged Converged OK OK OK 80 80 80 80 80 80 8 8 8 0 0 0 0 1 0 0 1
76 76 uniform 0 15 765 2 0.001 2.5988088534682996 0.68506854779640958 0.082593805710412985 -1.304632460378089 0.13010018351188232 -1.2996050113348465 0 2.3561568113041638 6.2380340180320157 OK 13 12 0.38169599999999998 0.27777600000000002 0.10834000000000001 0.27123799999999998 0.16195000000000001 0 0.110458 0.11582600000000001 0.10834000000000001 0.0087469999999999996 0.0087749999999999998 0.0082869999999999992 0.080479000000000009 0.086155000000000023 0.07978799999999997 0.0034919999999999999 0.0035119999999999999 0.0034109999999999995 0.00088199999999999997 0.00087900000000000001 0.00092299999999999999 6.2379319685406056 6.2379319685406056 6.2379319685406056 0.0051368289960951746 0.0051368289960951746 0.0051368289960951746 1 1 1 Converged Converged Converged OK OK OK 89 89 89 89 89 89 7 7 7 0 0 0 0 1 0 0 1
76 76 uniform 0 23 765 3 0.001 2.5988088534682996 0.68506854779640958 0.082593805710412985 -1.304632460378089 0.13010018351188232 -1.2881136992360065 0 2.3446654992053237 6.0686942866257203 OK 13 12 0.39135700000000001 0.28476099999999999 0.109859 0.278225 0.16641 0 0.11313200000000001 0.11835099999999998 0.109859 0.008763 0.0088870000000000008 0.0081449999999999995 0.083672000000000038 0.089489999999999972 0.082488999999999993 0.0038579999999999995 0.0037380000000000004 0.0036410000000000001 0.00089700000000000001 0.00084500000000000005 0.00084599999999999996 6.068690354188802 6.068690354188802 6.068690354188802 0.0047868179100697223 0.0047868179100697223 0.0047868179100697223 1 1 1 Converged Converged Converged OK OK OK 89 89 89 89 89 89 7 7 7 0 0 0 0 1 0 0 1
76 76 uniform 0 0 765 0 0.0001 2.5988088534682996 0.68506854779640958 0.082593805710412985 -1.304632460378089 0.13010018351188232 -1.3211512215201715 0 2.3777030214894888 6.334551568609359 OK 14 13 0.46851799999999999 0.46721699999999999 0.18775 0.28027600000000003 0.275447 0 0.18824199999999996 0.19177 0.18775 0.012746 0.012387 0.012414 0.12887100000000004 0.13313300000000003 0.12863599999999994 0.0059939999999999993 0.0061070000000000004 0.0061539999999999997 0.0014679999999999999 0.001428 0.0015109999999999998 6.3345500755340982 6.3345500755340982 6.3345500755340982 9.7078058971936202e-05 9.7078058971936202e-05 9.7078058971936202e-05 1 1 1 Converged Converged Converged OK OK OK 128 128 128 128 128 128 8 8 8 0 0 0 0 0 1 0 0
76 76 uniform 0 7 765 1 0.0001 2.5988088534682996 0.68506854779640958 0.082593805710412985 -1.304632460378089 0.13010018351188232 -1.3110963234336865 0 2.3676481234030038 6.3233729798014346 OK 14 13 0.50185999999999997 0.40552500000000002 0.164215 0.33494000000000002 0.22073400000000001 0 0.16691999999999996 0.18479100000000001 0.164215 0.011422 0.01157 0.010872 0.12398000000000006 0.14091299999999995 0.12264899999999999 0.0054039999999999999 0.0060699999999999999 0.0054440000000000001 0.0012879999999999999 0.001361 0.0012690000000000002 6.3233715631823602 6.3233715631823602 6.3233715631823602 0.00041001982234966321 0.00041001982234966321 0.00041001982234966321 1 1 1 Converged Converged Converged OK OK OK 120 120 120 120 120 120 8 8 8 0 0 0 0 1 0 0 1
76 76 uniform 0 15 765 2 0.0001 2.5988088534682996 0.68506854779640958 0.082593805710412985 -1.304632460378089 0.13010018351188232 -1.2996050113348465 0 2.3561568113041638 6.2380340180320157 OK 13 12 0.46509200000000001 0.38320399999999999 0.18781999999999999 0.27076 0.16844400000000001 0 0.194332 0.21475999999999998 0.18781999999999999 0.0090539999999999995 0.0089589999999999999 0.0084290000000000007 0.14269200000000004 0.16236700000000012 0.13786999999999999 0.0085369999999999994 0.0090810000000000005 0.0085339999999999999 0.0014960000000000002 0.0015199999999999999 0.0015530000000000001 6.2380346648794571 6.2380346648794571 6.2380346648794571 0.00037906931221534657 0.00037906931221534657 0.00037906931221534657 1 1 1 Converged Converged Converged OK OK OK 161 161 161 161 161 161 7 7 7 0 0 0 0 1 0 0 1
76 76 uniform 0 23 765 3 0.0001 2.5988088534682996 0.68506854779640958 0.082593805710412985 -1.304632460378089 0.13010018351188232 -1.2881136992360065 0 2.3446654992053237 6.0686942866257203 OK 13 12 0.43317 0.34087899999999999 0.15215600000000001 0.27935500000000002 0.16841 0 0.15381499999999998 0.17246899999999998 0.15215600000000001 0.0087670000000000005 0.0088559999999999993 0.0080800000000000004 0.11402900000000007 0.13227399999999997 0.11378500000000003 0.0058129999999999996 0.0060629999999999998 0.0055729999999999998 0.001358 0.0014229999999999998 0.0012999999999999999 6.0686930408817243 6.0686930408817243 6.0686930408817243 0.00036625346034291692 0.00036625346034291692 0.00036625346034291692 1 1 1 Converged Converged Converged OK OK OK 129 129 129 129 129 129 7 7 7 0 0 0 0 1 0 0 1
76 76 uniform 1 0 766 0 0.001 2.5988088534682996 0.68506854779640958 0.082593805710412985 0.76319240148989964 -0.045650015532886203 0.74667364034781702 0 0.30987815962150023 6.5724104766341638 OK 16 15 0.498944 0.50571100000000002 0.16619999999999999 0.33582800000000002 0.33771600000000002 0 0.16311599999999998 0.16799500000000001 0.16619999999999999 0.012952 0.013032 0.012566000000000001 0.11787799999999996 0.11891000000000003 0.12147300000000005 0.0037069999999999994 0.0039750000000000002 0.0037519999999999997 0.0010319999999999999 0.001145 0.0010760000000000001 6.5724097042688419 6.5724097042688419 6.5724097042688419 0.0021855336141178004 0.0021855336141178004 0.0021855336141178004 1 1 1 Converged Converged Converged OK OK OK 96 96 96 96 96 96 8 8 8 0 0 0 0 0 1 0 0
76 76 uniform 1 7 766 1 0.001 2.5988088534682996 0.68506854779640958 0.082593805710412985 0.76319240148989964 -0.045650015532886203 0.7567285384343021 0 0.29982326153501515 6.8931979772079988 OK 16 15 0.48070600000000002 0.37053000000000003 0.15210799999999999 0.32682699999999998 0.19528999999999999 0 0.15387900000000004 0.17524000000000003 0.15210799999999999 0.012189 0.012238000000000001 0.011368 0.11835400000000003 0.13882799999999998 0.11767600000000002 0.003702 0.0042299999999999994 0.0037309999999999999 0.00098499999999999998 0.0010369999999999999 0.0010059999999999999 6.8932009003080781 6.8932009003080781 6.8932009003080781 0.0024276976875109357 0.0024276976875109357 0.0024276976875109357 1 1 1 Converged Converged Converged OK OK OK 96 96 96 96 96 96 8 8 8 0 0 0 0 1 0 0 1
76 76 uniform 1 15 766 2 0.001 2.5988088534682996 0.68506854779640958 0.082593805710412985 0.76319240148989964 -0.045650015532886203 0.76821985053314212 0 0.28833194943617513 7.292190740859958 OK 16 15 0.50078100000000003 0.37839299999999998 0.151117 0.34418799999999999 0.20669599999999999 0 0.15659300000000004 0.17169699999999999 0.151117 0.012082000000000001 0.01222 0.011305000000000001 0.12132600000000004 0.13592399999999999 0.11714899999999998 0.0037309999999999999 0.0038980000000000004 0.0036969999999999998 0.001003 0.0010460000000000001 0.00097900000000000005 7.2922124872735461 7.2922124872735461 7.2922124872735461 0.002164762927032173 0.002164762927032173 0.002164762927032173 1 1 1 Converged Converged Converged OK OK OK 96 96 96 96 96 96 8 8 8 0 0 0 0 1 0 0 1
76 76 uniform 1 23 766 3 0.001 2.5988088534682996 0.68506854779640958 0.082593805710412985 0.76319240148989964 -0.045650015532886203 0.77971116263198226 0 0.27684063733733499 7.7317020451809748 OK 16 15 0.498583 0.39629599999999998 0.159138 0.33606900000000001 0.21500900000000001 0 0.16251399999999999 0.18128699999999998 0.159138 0.011979999999999999 0.012097 0.011232000000000001 0.12683900000000001 0.14579700000000001 0.12521300000000002 0.0040270000000000002 0.0039490000000000003 0.0037779999999999997 0.0011120000000000001 0.0011070000000000001 0.0010600000000000002 7.7317747367727669 7.7317747367727669 7.7317747367727669 0.0040227495446768817 0.0040227495446768817 0.0040227495446768817 1 1 1 Converged Converged Converged OK OK OK 96 96 96 96 96 96 8 8 8 0 0 0 0 1 0 0 1
76 76 uniform 1 0 766 0 0.0001 2.5988088534682996 0.68506854779640958 0.082593805710412985 0.76319240148989964 -0.045650015532886203 0.74667364034781702 0 0.30987815962150023 6.5724104766341638 OK 16 15 0.54688400000000004 0.54287700000000005 0.20239299999999999 0.342671 0.33775699999999997 0 0.20421300000000003 0.20512000000000008 0.20239299999999999 0.013387 0.012914 0.012789 0.14569600000000002 0.14874700000000007 0.14524499999999987 0.0062920000000000007 0.0054989999999999995 0.0056950000000000004 0.001467 0.0013120000000000002 0.001353 6.5724113943148224 6.5724113943148224 6.5724113943148224 0.00037251232074402241 0.00037251232074402241 0.00037251232074402241 1 1 1 Converged Converged Converged OK OK OK 128 128 128 128 128 128 8 8 8 0 0 0 0 0 1 0 0
76 76 uniform 1 7 766 1 0.0001 2.5988088534682996 0.68506854779640958 0.082593805710412985 0.76319240148989964 -0.045650015532886203 0.7567285384343021 0 0.29982326153501515 6.8931979772079988 OK 16 15 0.51886600000000005 0.42154700000000001 0.19050700000000001 0.330403 0.19542499999999999 0 0.18846300000000005 0.22612200000000002 0.19050700000000001 0.011934999999999999 0.012338999999999999 0.01136 0.14478700000000005 0.18046700000000007 0.14419700000000005 0.0054869999999999997 0.0065649999999999997 0.0055390000000000005 0.0013329999999999998 0.001395 0.0013130000000000001 6.893198262496389 6.893198262496389 6.893198262496389 0.00042583477612934703 0.00042583477612934703 0.00042583477612934703 1 1 1 Converged Converged Converged OK OK OK 128 128 128 128 128 128 8 8 8 0 0 0 0 1 0 0 1
76 76 uniform 1 15 766 2 0.0001 2.5988088534682996 0.68506854779640958 0.082593805710412985 0.76319240148989964 -0.045650015532886203 0.76821985053314212 0 0.28833194943617513 7.292190740859958 OK 16 15 0.53945299999999996 0.43444700000000003 0.190415 0.34628799999999998 0.21304699999999999 0 0.19316499999999998 0.22140000000000004 0.190415 0.011996 0.012277 0.011334 0.14921799999999993 0.17673100000000005 0.14775199999999986 0.005476 0.0056820000000000004 0.0055069999999999997 0.0013340000000000001 0.001421 0.0014170000000000001 7.2921899117274895 7.2921899117274895 7.2921899117274895 0.00052808605679763971 0.00052808605679763971 0.00052808605679763971 1 1 1 Converged Converged Converged OK OK OK 128 128 128 128 128 128 8 8 8 0 0 0 0 1 0 0 1
76 76 uniform 1 23 766 3 0.0001 2.5988088534682996 0.68506854779640958 0.082593805710412985 0.76319240148989964 -0.045650015532886203 0.77971116263198226 0 0.27684063733733499 7.7317020451809748 OK 16 15 0.55051099999999997 0.46584100000000001 0.210732 0.33768999999999999 0.21626600000000001 0 0.21282099999999998 0.24957499999999999 0.210732 0.011905000000000001 0.012244 0.011348 0.16383300000000009 0.19879400000000014 0.16281100000000001 0.0064489999999999999 0.0072449999999999997 0.0066259999999999991 0.0015239999999999997 0.001647 0.0014849999999999998 7.731701828813768 7.731701828813768 7.731701828813768 0.00034705831826220622 0.00034705831826220622 0.00034705831826220622 1 1 1 Converged Converged Converged OK OK OK 144 144 144 144 144 144 8 8 8 0 0 0 0 1 0 0 1
76 76 uniform 2 0 767 0 0.001 2.5988088534682996 0.68506854779640958 0.082593805710412985 1.014191473184346 -0.061397641636973088 0.99767271204226338 0 0.058879087927053875 7.9856961762853818 OK 16 15 0.53325299999999998 0.53712899999999997 0.191661 0.33937 0.34392299999999998 0 0.19388299999999997 0.19320599999999999 0.191661 0.013872000000000001 0.014267 0.013780000000000001 0.14056599999999991 0.13805599999999998 0.1380279999999999 0.0051619999999999999 0.0061190000000000012 0.0056309999999999997 0.0013849999999999999 0.0015120000000000001 0.0015089999999999999 7.9857480423355822 7.9857480423355822 7.9857480423355822 0.0033844660154456517 0.0033844660154456517 0.0033844660154456517 1 1 1 Converged Converged Converged OK OK OK 119 119 119 119 119 119 9 9 9 0 0 0 0 0 1 0 0
76 76 uniform 2 7 767 1 0.001 2.5988088534682996 0.68506854779640958 0.082593805710412985 1.014191473184346 -0.061397641636973088 1.0077276101287485 0 0.048824189840568799 6.8606941384238658 OK 16 15 0.49963200000000002 0.40312300000000001 0.161358 0.33074399999999998 0.22178200000000001 0 0.16888800000000004 0.181341 0.161358 0.012526000000000001 0.012331999999999999 0.011835 0.12665499999999999 0.1448290000000001 0.12531899999999993 0.0044299999999999999 0.0040600000000000002 0.0044149999999999997 0.001199 0.0011359999999999999 0.001134 6.8608066082269303 6.8608066082269303 6.8608066082269303 0.0021842876998120625 0.0021842876998120625 0.0021842876998120625 1 1 1 Converged Converged Converged OK OK OK 96 96 96 96 96 96 8 8 8 0 0 0 0 1 0 0 1
76 76 uniform 2 15 767 2 0.001 2.5988088534682996 0.68506854779640958 0.082593805710412985 1.014191473184346 -0.061397641636973088 1.0192189222275885 0 0.037332877741728776 6.1739511545404708 OK 16 15 0.457928 0.369948 0.155748 0.29688300000000001 0.19539100000000001 0 0.16104499999999999 0.17455699999999999 0.155748 0.012636 0.012626999999999999 0.011802 0.124878 0.13884199999999999 0.12271699999999999 0.0045009999999999998 0.0042420000000000001 0.0035159999999999996 0.001062 0.001098 0.00097799999999999992 6.1739863764334508 6.1739863764334508 6.1739863764334508 0.0047195496995760212 0.0047195496995760212 0.0047195496995760212 1 1 1 Converged Converged Converged OK OK OK 95 95 95 95 95 95 9 9 9 0 0 0 0 1 0 0 1
76 76 uniform 2 23 767 3 0.001 2.5988088534682996 0.68506854779640958 0.082593805710412985 1.014191473184346 -0.061397641636973088 1.0307102343264285 0 0.025841565642888753 5.7117439398102405 OK 16 15 0.468165 0.38281700000000002 0.16014300000000001 0.30276700000000001 0.19856699999999999 0 0.16539799999999999 0.18425000000000002 0.16014300000000001 0.012959 0.012782999999999999 0.011969 0.12724400000000005 0.14749900000000002 0.12526599999999996 0.0047620000000000006 0.004248 0.0039429999999999995 0.0014210000000000002 0.0013010000000000001 0.001212 5.7117528224547609 5.7117528224547609 5.7117528224547609 0.0046232342548582208 0.0046232342548582208 0.0046232342548582208 1 1 1 Converged Converged Converged OK OK OK 103 103 103 103 103 103 9 9 9 0 0 0 0 1 0 0 1
76 76 uniform 2 0 767 0 0.0001 2.5988088534682996 0.68506854779640958 0.082593805710412985 1.014191473184346 -0.061397641636973088 0.99767271204226338 0 0.058879087927053875 7.9856961762853818 OK 16 15 0.58416199999999996 0.580399 0.24584300000000001 0.338343 0.33852599999999999 0 0.24581899999999995 0.241873 0.24584300000000001 0.014087000000000001 0.013864 0.013849999999999999 0.17429199999999997 0.17301900000000001 0.17615699999999984 0.010907000000000002 0.0092409999999999992 0.0097299999999999991 0.0017760000000000002 0.0017769999999999999 0.0018239999999999999 7.9856994996520134 7.9856994996520134 7.9856994996520134 0.00024714614538129089 0.00024714614538129089 0.00024714614538129089 1 1 1 Converged Converged Converged OK OK OK 167 167 167 167 167 167 9 9 9 0 0 0 0 0 1 0 0
76 76 uniform 2 7 767 1 0.0001 2.5988088534682996 0.68506854779640958 0.082593805710412985 1.014191473184346 -0.061397641636973088 1.0077276101287485 0 0.048824189840568799 6.8606941384238658 OK 16 15 0.54274100000000003 0.46340599999999998 0.20430000000000001 0.33476099999999998 0.22262399999999999 0 0.20798000000000005 0.240782 0.20430000000000001 0.012663000000000001 0.012677000000000001 0.012104 0.16101300000000007 0.19325199999999995 0.15952700000000009 0.0063540000000000003 0.0070369999999999999 0.0059829999999999996 0.00164 0.001606 0.0015169999999999999 6.8606961504927826 6.8606961504927826 6.8606961504927826 0.00043461464534575714 0.00043461464534575714 0.00043461464534575714 1 1 1 Converged Converged Converged OK OK OK 128 128 128 128 128 128 8 8 8 0 0 0 0 1 0 0 1
76 76 uniform 2 15 767 2 0.0001 2.5988088534682996 0.68506854779640958 0.082593805710412985 1.014191473184346 -0.061397641636973088 1.0192189222275885 0 0.037332877741728776 6.1739511545404708 OK 16 15 0.494365 0.41914499999999999 0.19178899999999999 0.29869699999999999 0.20028199999999999 0 0.19566800000000001 0.218863 0.19178899999999999 0.012763 0.012885000000000001 0.011926000000000001 0.14960500000000004 0.17275199999999996 0.14837799999999998 0.0061989999999999988 0.0065120000000000004 0.0057430000000000007 0.0015529999999999999 0.001547 0.0014469999999999999 6.1739537013451926 6.1739537013451926 6.1739537013451926 0.00031768732713076696 0.00031768732713076696 0.00031768732713076696 1 1 1 Converged Converged Converged OK OK OK 135 135 135 135 135 135 9 9 9 0 0 0 0 1 0 0 1
76 76 uniform 2 23 767 3 0.0001 2.5988088534682996 0.68506854779640958 0.082593805710412985 1.014191473184346 -0.061397641636973088 1.0307102343264285 0 0.025841565642888753 5.7117439398102405 OK 16 15 0.50431499999999996 0.44312600000000002 0.19700699999999999 0.30070200000000002 0.201851 0 0.20361299999999993 0.24127500000000002 0.19700699999999999 0.012942 0.012900999999999999 0.012187 0.15776400000000007 0.19502500000000006 0.15292899999999993 0.0066319999999999999 0.0068270000000000006 0.0061259999999999995 0.001678 0.0018130000000000004 0.0017770000000000002 5.7117458681457522 5.7117458681457522 5.7117458681457522 0.00017696923679631887 0.00017696923679631887 0.00017696923679631887 1 1 1 Converged Converged Converged OK OK OK 143 143 143 143 143 143 9 9 9 0 0 0 0 1 0 0 1
76 76 uniform 3 0 768 0 0.001 2.5988088534682996 0.68506854779640958 0.082593805710412985 -1.2253470779792919 -0.15585029785394408 -1.2418658391213744 0 2.2984176390906916 3.2224809561148406 OK 13 12 0.33825699999999997 0.33809099999999997 0.064328999999999997 0.27319399999999999 0.27313500000000002 0 0.065062999999999982 0.064955999999999958 0.064328999999999997 0.0088870000000000008 0.0089269999999999992 0.0088199999999999997 0.040077000000000008 0.04019699999999999 0.039775999999999992 0.002235 0.0022139999999999998 0.0022200000000000002 0.00061200000000000002 0.00063100000000000005 0.00056599999999999999 3.2224809728191328 3.2224809728191328 3.2224809728191328 0.0018454982817009621 0.0018454982817009621 0.0018454982817009621 1 1 1 Converged Converged Converged OK OK OK 45 45 45 45 45 45 3 3 3 0 0 0 0 0 1 0 0
76 76 uniform 3 7 768 1 0.001 2.5988088534682996 0.68506854779640958 0.082593805710412985 -1.2253470779792919 -0.15585029785394408 -1.2318109410348894 0 2.2883627410042067 3.0449093562234966 OK 13 12 0.32448700000000003 0.23381099999999999 0.059787 0.26341999999999999 0.15628600000000001 0 0.061067000000000038 0.077524999999999983 0.059787 0.0082170000000000003 0.0082150000000000001 0.0078189999999999996 0.038683999999999989 0.055437 0.038528999999999987 0.0022989999999999998 0.0023039999999999996 0.0021559999999999999 0.00057799999999999995 0.00052299999999999992 0.00052899999999999996 3.0449092575998371 3.0449092575998371 3.0449092575998371 0.0016015102082187786 0.0016015102082187786 0.0016015102082187786 1 1 1 Converged Converged Converged OK OK OK 45 45 45 45 45 45 3 3 3 0 0 0 0 1 0 0 1
76 76 uniform 3 15 768 2 0.001 2.5988088534682996 0.68506854779640958 0.082593805710412985 -1.2253470779792919 -0.15585029785394408 -1.2203196289360494 0 2.2768714289053666 2.8873603645848145 OK 13 12 0.32672299999999999 0.22802500000000001 0.056464 0.26862999999999998 0.15384600000000001 0 0.058093000000000006 0.074178999999999995 0.056464 0.0083169999999999997 0.0082539999999999992 0.0077450000000000001 0.035775999999999988 0.052167999999999999 0.035301000000000006 0.0022829999999999999 0.0021870000000000001 0.0021679999999999998 0.000531 0.000531 0.00052300000000000003 2.8873601989664044 2.8873601989664044 2.8873601989664044 0.0015129510526324811 0.0015129510526324811 0.0015129510526324811 1 1 1 Converged Converged Converged OK OK OK 45 45 45 45 45 45 3 3 3 0 0 0 0 1 0 0 1
76 76 uniform 3 23 768 3 0.001 2.5988088534682996 0.68506854779640958 0.082593805710412985 -1.2253470779792919 -0.15585029785394408 -1.2088283168372094 0 2.2653801168065266 2.7595383504020794 OK 13 12 0.33735500000000002 0.23510900000000001 0.058130000000000001 0.277478 0.158725 0 0.059877000000000014 0.076384000000000007 0.058130000000000001 0.0081910000000000004 0.0081019999999999998 0.0076379999999999998 0.037788000000000002 0.054377000000000009 0.037096000000000011 0.0021949999999999999 0.002294 0.0022049999999999999 0.00053200000000000003 0.00054299999999999997 0.00051599999999999997 2.7595381286023715 2.7595381286023715 2.7595381286023715 0.0014199586890228627 0.0014199586890228627 0.0014199586890228627 1 1 1 Converged Converged Converged OK OK OK 45 45 45 45 45 45 3 3 3 0 0 0 0 1 0 0 1
76 76 uniform 3 0 768 0 0.0001 2.5988088534682996 0.68506854779640958 0.082593805710412985 -1.2253470779792919 -0.15585029785394408 -1.2418658391213744 0 2.2984176390906916 3.2224809561148406 OK 13 12 0.381907 0.38158700000000001 0.10761999999999999 0.27319199999999999 0.272094 0 0.10871500000000001 0.10949300000000001 0.10761999999999999 0.0089420000000000003 0.0090139999999999994 0.0086660000000000001 0.072172000000000014 0.072498000000000007 0.07196799999999999 0.0039519999999999998 0.0040439999999999999 0.0039579999999999997 0.000812 0.00088699999999999998 0.00081700000000000013 3.222480772767033 3.222480772767033 3.222480772767033 4.2466212365254794e-06 4.2466212365254794e-06 4.2466212365254794e-06 1 1 1 Converged Converged Converged OK OK OK 77 77 77 77 77 77 3 3 3 0 0 0 0 0 1 0 0
76 76 uniform 3 7 768 1 0.0001 2.5988088534682996 0.68506854779640958 0.082593805710412985 -1.2253470779792919 -0.15585029785394408 -1.2318109410348894 0 2.2883627410042067 3.0449093562234966 OK 13 12 0.36173899999999998 0.280999 0.099032999999999996 0.26082300000000003 0.15803900000000001 0 0.10091599999999995 0.12295999999999999 0.099032999999999996 0.0082260000000000007 0.0082640000000000005 0.0077169999999999999 0.068944000000000005 0.090865999999999975 0.068147000000000027 0.0038940000000000003 0.0040309999999999999 0.0038960000000000002 0.00076900000000000015 0.00077499999999999997 0.00076500000000000005 3.0449092191150617 3.0449092191150617 3.0449092191150617 4.0575084358365169e-06 4.0575084358365169e-06 4.0575084358365169e-06 1 1 1 Converged Converged Converged OK OK OK 77 77 77 77 77 77 3 3 3 0 0 0 0 1 0 0 1
76 76 uniform 3 15 768 2 0.0001 2.5988088534682996 0.68506854779640958 0.082593805710412985 -1.2253470779792919 -0.15585029785394408 -1.2203196289360494 0 2.2768714289053666 2.8873603645848145 OK 13 12 0.363842 0.27381899999999998 0.092666999999999999 0.26921099999999998 0.15765999999999999 0 0.094631000000000021 0.11615899999999998 0.092666999999999999 0.0081770000000000002 0.0082570000000000005 0.007718 0.062574999999999992 0.084214999999999998 0.061962999999999983 0.0039280000000000001 0.0039459999999999999 0.0038430000000000001 0.00077300000000000003 0.00081399999999999994 0.00075000000000000012 2.887360204431014 2.887360204431014 2.887360204431014 3.9709930380904234e-06 3.9709930380904234e-06 3.9709930380904234e-06 1 1 1 Converged Converged Converged OK OK OK 77 77 77 77 77 77 3 3 3 0 0 0 0 1 0 0 1
76 76 uniform 3 23 768 3 0.0001 2.5988088534682996 0.68506854779640958 0.082593805710412985 -1.2253470779792919 -0.15585029785394408 -1.2088283168372094 0 2.2653801168065266 2.7595383504020794 OK 13 12 0.37693900000000002 0.28179500000000002 0.095796000000000006 0.27873199999999998 0.162435 0 0.098207000000000044 0.11936000000000002 0.095796000000000006 0.0082400000000000008 0.0081659999999999996 0.0076889999999999997 0.065978000000000009 0.087236000000000008 0.064914999999999987 0.004078 0.003993 0.0038040000000000001 0.000825 0.00077400000000000006 0.00074899999999999999 2.75953814309984 2.75953814309984 2.75953814309984 3.9752036293531568e-06 3.9752036293531568e-06 3.9752036293531568e-06 1 1 1 Converged Converged Converged OK OK OK 77 77 77 77 77 77 3 3 3 0 0 0 0 1 0 0 1
76 76 uniform 4 0 769 0 0.001 2.5988088534682996 0.68506854779640958 0.082593805710412985 -1.4561807452613329 0.15188635771526138 -1.4726995064034154 0 2.5292513063727329 2.9153526360375506 OK 13 12 0.32106200000000001 0.31857999999999997 0.053587000000000003 0.26724399999999998 0.26501200000000003 0 0.053818000000000032 0.053567999999999949 0.053587000000000003 0.0089940000000000003 0.0090919999999999994 0.0089079999999999993 0.031309999999999998 0.031433000000000003 0.031326 0.0019469999999999999 0.0018799999999999999 0.0019090000000000001 0.00057200000000000003 0.00054900000000000001 0.00051599999999999997 2.9153514510721776 2.9153514510721776 2.9153514510721776 0.0023713040539376611 0.0023713040539376611 0.0023713040539376611 1 1 1 Converged Converged Converged OK OK OK 37 37 37 37 37 37 3 3 3 0 0 0 0 0 1 0 0
76 76 uniform 4 7 769 1 0.001 2.5988088534682996 0.68506854779640958 0.082593805710412985 -1.4561807452613329 0.15188635771526138 -1.4626446083169304 0 2.5191964082862475 2.9911507134846489 OK 13 12 0.348271 0.25398399999999999 0.072929999999999995 0.27345000000000003 0.16059300000000001 0 0.074820999999999971 0.093390999999999974 0.072929999999999995 0.0084399999999999996 0.013205 0.0078340000000000007 0.050004000000000021 0.064643000000000006 0.049533999999999995 0.0027720000000000002 0.0026210000000000001 0.0026570000000000001 0.00058399999999999999 0.00056000000000000006 0.00059699999999999998 2.9911769022415076 2.9911769022415076 2.9911769022415076 0.0027226805291338581 0.0027226805291338581 0.0027226805291338581 1 1 1 Converged Converged Converged OK OK OK 60 60 60 60 60 60 4 4 4 0 0 0 0 1 0 0 1
76 76 uniform 4 15 769 2 0.001 2.5988088534682996 0.68506854779640958 0.082593805710412985 -1.4561807452613329 0.15188635771526138 -1.4511532962180904 0 2.5077050961874079 3.0919148363491762 OK 13 12 0.35042299999999998 0.246365 0.071096999999999994 0.27709 0.15865099999999999 0 0.073332999999999982 0.087714000000000014 0.071096999999999994 0.0083379999999999999 0.0082920000000000008 0.0077099999999999998 0.050090000000000003 0.064267000000000005 0.049472000000000009 0.0026639999999999997 0.0028730000000000001 0.0025349999999999999 0.0006600000000000001 0.00069300000000000004 0.00063100000000000005 3.0919134117186977 3.0919134117186977 3.0919134117186977 0.0019925509599151648 0.0019925509599151648 0.0019925509599151648 1 1 1 Converged Converged Converged OK OK OK 60 60 60 60 60 60 4 4 4 0 0 0 0 1 0 0 1
76 76 uniform 4 23 769 3 0.001 2.5988088534682996 0.68506854779640958 0.082593805710412985 -1.4561807452613329 0.15188635771526138 -1.4396619841192504 0 2.4962137840885674 3.2164946160913335 OK 13 12 0.32866899999999999 0.22877400000000001 0.056231999999999997 0.27061600000000002 0.16350700000000001 0 0.058052999999999966 0.065266999999999992 0.056231999999999997 0.0083479999999999995 0.0083800000000000003 0.0078359999999999992 0.038370000000000001 0.045307 0.037829000000000008 0.0018289999999999999 0.001867 0.0016930000000000001 0.00055999999999999995 0.00060300000000000002 0.00043799999999999997 3.2164931520690638 3.2164931520690638 3.2164931520690638 0.0029046978319138598 0.0029046978319138598 0.0029046978319138598 1 1 1 Converged Converged Converged OK OK OK 44 44 44 44 44 44 4 4 4 0 0 0 0 1 0 0 1
76 76 uniform 4 0 769 0 0.0001 2.5988088534682996 0.68506854779640958 0.082593805710412985 -1.4561807452613329 0.15188635771526138 -1.4726995064034154 0 2.5292513063727329 2.9153526360375506 OK 13 12 0.36849199999999999 0.36524899999999999 0.101926 0.26894600000000002 0.26331700000000002 0 0.099545999999999968 0.10193199999999997 0.101926 0.0089759999999999996 0.0091809999999999999 0.010055 0.062432000000000001 0.065043999999999991 0.063352000000000006 0.0041110000000000001 0.0042160000000000001 0.0043530000000000001 0.00089099999999999997 0.00087900000000000001 0.00090700000000000004 2.9153527826472954 2.9153527826472954 2.9153527826472954 2.6892712261743544e-06 2.6892712261743544e-06 2.6892712261743544e-06 1 1 1 Converged Converged Converged OK OK OK 77 77 77 77 77 77 3 3 3 0 0 0 0 0 1 0 0
76 76 uniform 4 7 769 1 0.0001 2.5988088534682996 0.68506854779640958 0.082593805710412985 -1.4561807452613329 0.15188635771526138 -1.4626446083169304 0 2.5191964082862475 2.9911507134846489 OK 13 12 0.40837200000000001 0.31839499999999998 0.12948399999999999 0.27654899999999999 0.16244400000000001 0 0.13182300000000002 0.15595099999999998 0.12948399999999999 0.0085950000000000002 0.0083099999999999997 0.0079989999999999992 0.089768999999999988 0.11582800000000004 0.089727000000000043 0.0072309999999999996 0.0065410000000000008 0.0067380000000000001 0.001072 0.0010240000000000002 0.0010119999999999999 2.9911513409868702 2.9911513409868702 2.9911513409868702 5.6549911278584097e-05 5.6549911278584097e-05 5.6549911278584097e-05 1 1 1 Converged Converged Converged OK OK OK 116 116 116 116 116 116 4 4 4 0 0 0 0 1 0 0 1
76 76 uniform 4 15 769 2 0.0001 2.5988088534682996 0.68506854779640958 0.082593805710412985 -1.4561807452613329 0.15188635771526138 -1.4511532962180904 0 2.5077050961874079 3.0919148363491762 OK 13 12 0.37717200000000001 0.28423999999999999 0.096765000000000004 0.27915899999999999 0.16222400000000001 0 0.098013000000000017 0.12201599999999999 0.096765000000000004 0.0083149999999999995 0.0083429999999999997 0.0077980000000000002 0.067486999999999991 0.091551000000000021 0.067496999999999974 0.0037160000000000006 0.0037439999999999999 0.00379 0.00092599999999999996 0.00088199999999999997 0.00089100000000000008 3.0919147795040289 3.0919147795040289 3.0919147795040289 0.00010475427360127642 0.00010475427360127642 0.00010475427360127642 1 1 1 Converged Converged Converged OK OK OK 84 84 84 84 84 84 4 4 4 0 0 0 0 1 0 0 1
76 76 uniform 4 23 769 3 0.0001 2.5988088534682996 0.68506854779640958 0.082593805710412985 -1.4561807452613329 0.15188635771526138 -1.4396619841192504 0 2.4962137840885674 3.2164946160913335 OK 13 12 0.37457600000000002 0.285611 0.102813 0.26978200000000002 0.159164 0 0.104794 0.126447 0.102813 0.0084139999999999996 0.0083280000000000003 0.0077749999999999998 0.072958000000000023 0.094864000000000046 0.072284999999999988 0.0041809999999999998 0.004228 0.0041790000000000004 0.00097300000000000002 0.00098900000000000008 0.00094899999999999997 3.2164944209416855 3.2164944209416855 3.2164944209416855 3.182060956368568e-06 3.182060956368568e-06 3.182060956368568e-06 1 1 1 Converged Converged Converged OK OK OK 92 92 92 92 92 92 4 4 4 0 0 0 0 1 0 0 1
77 77 linear 0 0 770 0 0.001 0.71586277562070622 0.075571062469608735 0.0024551066785721025 0.5700125410989817 -0.57647717256523012 0.56952151976326726 0.5 -0.5192240429867121 7.9636411349398983 OK 14 13 0.72447700000000004 0.70302799999999999 0.229576 0.47078599999999998 0.47238599999999997 0 0.25369100000000006 0.23064200000000001 0.229576 0.014154 0.013132 0.012479000000000001 0.20234499999999994 0.18237999999999999 0.18184299999999998 0.0049960000000000004 0.0045279999999999999 0.004751 0.0012049999999999999 0.0012149999999999999 0.0011719999999999999 7.9636456331750489 7.9636456331750489 7.9636456331750489 0.0036191577844891893 0.0036191577844891893 0.0036191577844891893 1 1 1 Converged Converged Converged OK OK OK 97 97 97 97 97 97 7 7 7 0 0 0 0 0 1 0 0
77 77 linear 0 7 770 1 0.001 0.71586277562070622 0.075571062469608735 0.0024551066785721025 0.5700125410989817 -0.57647717256523012 0.56982040231544129 0.5 -0.51952292553888613 7.9143432564036438 OK 14 13 0.70980900000000002 0.63207000000000002 0.200852 0.49633100000000002 0.35483700000000001 0 0.213478 0.27723300000000001 0.200852 0.013363 0.012073 0.011297 0.174564 0.24041499999999988 0.16586399999999998 0.004385 0.0042570000000000004 0.0039829999999999996 0.0010169999999999999 0.00096799999999999989 0.00093499999999999996 7.9143682364127281 7.9143682364127281 7.9143682364127281 0.0046833688621151981 0.0046833688621151981 0.0046833688621151981 1 1 1 Converged Converged Converged OK OK OK 89 89 89 89 89 89 7 7 7 0 0 0 0 1 0 0 1
77 77 linear 0 15 770 2 0.001 0.71586277562070622 0.075571062469608735 0.0024551066785721025 0.5700125410989817 -0.57647717256523012 0.57016198237506865 0.5 -0.51986450559851349 7.7269036600945169 OK 14 13 0.57828800000000002 0.51026300000000002 0.21340899999999999 0.35958200000000001 0.236092 0 0.21870600000000001 0.27417100000000005 0.21340899999999999 0.012225 0.012256 0.011303000000000001 0.18148099999999995 0.23744700000000005 0.178344 0.0043299999999999996 0.0042349999999999992 0.0040649999999999992 0.0010250000000000001 0.00097900000000000005 0.00097599999999999998 7.7269228279786821 7.7269228279786821 7.7269228279786821 0.0042600228908753358 0.0042600228908753358 0.0042600228908753358 1 1 1 Converged Converged Converged OK OK OK 89 89 89 89 89 89 7 7 7 0 0 0 0 1 0 0 1
77 77 linear 0 23 770 3 0.001 0.71586277562070622 0.075571062469608735 0.0024551066785721025 0.5700125410989817 -0.57647717256523012 0.57050356243469613 0.5 -0.52020608565814097 7.3926560047216485 OK 14 13 0.70450699999999999 0.67686000000000002 0.21974099999999999 0.483265 0.371614 0 0.22124199999999999 0.30524600000000002 0.21974099999999999 0.012003 0.012146000000000001 0.011346 0.18466300000000008 0.26835799999999999 0.18452299999999996 0.0043499999999999997 0.0044600000000000004 0.0041849999999999995 0.00098600000000000011 0.00098700000000000003 0.00097500000000000006 7.392692515695928 7.392692515695928 7.392692515695928 0.0046989278326502286 0.0046989278326502286 0.0046989278326502286 1 1 1 Converged Converged Converged OK OK OK 89 89 89 89 89 89 7 7 7 0 0 0 0 1 0 0 1
77 77 linear 0 0 770 0 0.0001 0.71586277562070622 0.075571062469608735 0.0024551066785721025 0.5700125410989817 -0.57647717256523012 0.56952151976326726 0.5 -0.5192240429867121 7.9636411349398983 OK 14 13 0.75337799999999999 0.74782999999999999 0.27790700000000002 0.474632 0.47109099999999998 0 0.27874599999999999 0.27673900000000001 0.27790700000000002 0.013048000000000001 0.013328 0.012532 0.21687900000000004 0.21416000000000004 0.21714900000000001 0.0065209999999999999 0.0067099999999999998 0.0065449999999999996 0.0014289999999999999 0.001421 0.0014429999999999998 7.963645634800943 7.963645634800943 7.963645634800943 0.00066222135998429644 0.00066222135998429644 0.00066222135998429644 1 1 1 Converged Converged Converged OK OK OK 129 129 129 129 129 129 7 7 7 0 0 0 0 0 1 0 0
77 77 linear 0 7 770 1 0.0001 0.71586277562070622 0.075571062469608735 0.0024551066785721025 0.5700125410989817 -0.57647717256523012 0.56982040231544129 0.5 -0.51952292553888613 7.9143432564036438 OK 14 13 0.74277899999999997 0.75408699999999995 0.25021700000000002 0.48370299999999999 0.35617100000000002 0 0.25907599999999997 0.39791599999999994 0.25021700000000002 0.014664999999999999 0.012204 0.011318999999999999 0.20811399999999991 0.34894400000000014 0.20322900000000002 0.0064860000000000004 0.0065350000000000009 0.0063629999999999997 0.0014089999999999999 0.001392 0.0013499999999999999 7.9143648851072799 7.9143648851072799 7.9143648851072799 0.00067272077859857561 0.00067272077859857561 0.00067272077859857561 1 1 1 Converged Converged Converged OK OK OK 129 129 129 129 129 129 7 7 7 0 0 0 0 1 0 0 1
77 77 linear 0 15 770 2 0.0001 0.71586277562070622 0.075571062469608735 0.0024551066785721025 0.5700125410989817 -0.57647717256523012 0.57016198237506865 0.5 -0.51986450559851349 7.7269036600945169 OK 14 13 0.67288000000000003 0.68495099999999998 0.30830600000000002 0.35855999999999999 0.23619999999999999 0 0.31432000000000004 0.44875100000000001 0.30830600000000002 0.012074 0.012182999999999999 0.011339999999999999 0.26078199999999996 0.39405300000000021 0.25602799999999992 0.0069519999999999998 0.0071809999999999999 0.0069620000000000003 0.0013859999999999999 0.001431 0.0013320000000000001 7.7269229883896431 7.7269229883896431 7.7269229883896431 0.00052805770217700856 0.00052805770217700856 0.00052805770217700856 1 1 1 Converged Converged Converged OK OK OK 137 137 137 137 137 137 7 7 7 0 0 0 0 1 0 0 1
77 77 linear 0 23 770 3 0.0001 0.71586277562070622 0.075571062469608735 0.0024551066785721025 0.5700125410989817 -0.57647717256523012 0.57050356243469613 0.5 -0.52020608565814097 7.3926560047216485 OK 14 13 0.79624099999999998 0.833291 0.30576700000000001 0.48487799999999998 0.37039499999999997 0 0.311363 0.46289600000000003 0.30576700000000001 0.01208 0.012147 0.011325 0.26002800000000004 0.41059299999999999 0.25563000000000002 0.0069189999999999998 0.0074270000000000004 0.007147999999999999 0.0013839999999999998 0.0014159999999999997 0.0013519999999999999 7.3926927093501842 7.3926927093501842 7.3926927093501842 0.00061811745085204499 0.00061811745085204499 0.00061811745085204499 1 1 1 Converged Converged Converged OK OK OK 137 137 137 137 137 137 7 7 7 0 0 0 0 1 0 0 1
77 77 linear 1 0 771 0 0.001 0.71586277562070622 0.075571062469608735 0.0024551066785721025 0.66192617215351546 0.52632826306643576 0.66143515081780102 0.5 -0.61113767404124586 8.4106506496999121 OK 13 12 0.451233 0.44194800000000001 0.111802 0.33662500000000001 0.329901 0 0.11460799999999999 0.11204700000000001 0.111802 0.0093229999999999997 0.009358 0.0090360000000000006 0.083963000000000024 0.081744000000000025 0.081729999999999983 0.0029389999999999998 0.00281 0.0029710000000000001 0.00073300000000000004 0.00074200000000000004 0.00075999999999999993 8.4106832477887554 8.4106832477887554 8.4106832477887554 0.0034439904753465213 0.0034439904753465213 0.0034439904753465213 1 1 1 Converged Converged Converged OK OK OK 67 67 67 67 67 67 5 5 5 0 0 0 0 0 1 0 0
77 77 linear 1 7 771 1 0.001 0.71586277562070622 0.075571062469608735 0.0024551066785721025 0.66192617215351546 0.52632826306643576 0.66173403336997505 0.5 -0.61143655659341989 8.3859654559659518 OK 13 12 0.415746 0.41911799999999999 0.10327500000000001 0.308753 0.187421 0 0.106993 0.23169699999999999 0.10327500000000001 0.0084980000000000003 0.011639 0.0079419999999999994 0.081689000000000012 0.20338800000000001 0.079042000000000001 0.0028210000000000006 0.0028909999999999999 0.002836 0.00080100000000000006 0.00079100000000000004 0.00079599999999999994 8.385988136840588 8.385988136840588 8.385988136840588 0.0032235761325500592 0.0032235761325500592 0.0032235761325500592 1 1 1 Converged Converged Converged OK OK OK 67 67 67 67 67 67 5 5 5 0 0 0 0 1 0 0 1
77 77 linear 1 15 771 2 0.001 0.71586277562070622 0.075571062469608735 0.0024551066785721025 0.66192617215351546 0.52632826306643576 0.66207561342960242 0.5 -0.61177813665304726 8.3523754435183619 OK 13 12 0.40646599999999999 0.41456700000000002 0.10095800000000001 0.302008 0.18741099999999999 0 0.104458 0.22715600000000002 0.10095800000000001 0.0087080000000000005 0.0086510000000000007 0.0081469999999999997 0.078854000000000035 0.20138099999999995 0.076392000000000002 0.0029350000000000001 0.0030019999999999999 0.0028730000000000001 0.00077899999999999996 0.00074399999999999987 0.00078399999999999997 8.3523997003360826 8.3523997003360826 8.3523997003360826 0.0030667663451576671 0.0030667663451576671 0.0030667663451576671 1 1 1 Converged Converged Converged OK OK OK 67 67 67 67 67 67 5 5 5 0 0 0 0 1 0 0 1
77 77 linear 1 23 771 3 0.001 0.71586277562070622 0.075571062469608735 0.0024551066785721025 0.66192617215351546 0.52632826306643576 0.66241719348922989 0.5 -0.61211971671267473 8.3135062995352307 OK 13 12 0.39942899999999998 0.40360200000000002 0.109207 0.28668500000000002 0.171879 0 0.11274399999999996 0.23172300000000001 0.109207 0.0086660000000000001 0.0087180000000000001 0.0080540000000000004 0.086852999999999958 0.20569099999999996 0.08465300000000002 0.0030309999999999994 0.0031639999999999997 0.0028939999999999999 0.00087199999999999995 0.00085000000000000006 0.00080600000000000008 8.3135099485811512 8.3135099485811512 8.3135099485811512 0.0030250443338212356 0.0030250443338212356 0.0030250443338212356 1 1 1 Converged Converged Converged OK OK OK 67 67 67 67 67 67 5 5 5 0 0 0 0 1 0 0 1
77 77 linear 1 0 771 0 0.0001 0.71586277562070622 0.075571062469608735 0.0024551066785721025 0.66192617215351546 0.52632826306643576 0.66143515081780102 0.5 -0.61113767404124586 8.4106506496999121 OK 13 12 0.48260900000000001 0.47841800000000001 0.14466200000000001 0.33522999999999997 0.33274700000000001 0 0.14737900000000004 0.14567099999999999 0.14466200000000001 0.0092350000000000002 0.0093200000000000002 0.0089519999999999999 0.10849500000000005 0.10578500000000002 0.105701 0.0039870000000000001 0.0044670000000000005 0.0041980000000000003 0.00098700000000000003 0.0010739999999999999 0.0010920000000000001 8.4106832479229361 8.4106832479229361 8.4106832479229361 0.00066913569650366384 0.00066913569650366384 0.00066913569650366384 1 1 1 Converged Converged Converged OK OK OK 91 91 91 91 91 91 5 5 5 0 0 0 0 0 1 0 0
77 77 linear 1 7 771 1 0.0001 0.71586277562070622 0.075571062469608735 0.0024551066785721025 0.66192617215351546 0.52632826306643576 0.66173403336997505 0.5 -0.61143655659341989 8.3859654559659518 OK 13 12 0.44830599999999998 0.51103799999999999 0.13323099999999999 0.310114 0.18670100000000001 0 0.13819199999999998 0.32433699999999999 0.13323099999999999 0.0082839999999999997 0.0084980000000000003 0.0078960000000000002 0.105531 0.29223700000000002 0.102284 0.0046770000000000006 0.0040210000000000003 0.0040149999999999995 0.0011200000000000001 0.0011180000000000001 0.0010640000000000001 8.3859881374612861 8.3859881374612861 8.3859881374612861 0.00065038164377880826 0.00065038164377880826 0.00065038164377880826 1 1 1 Converged Converged Converged OK OK OK 91 91 91 91 91 91 5 5 5 0 0 0 0 1 0 0 1
77 77 linear 1 15 771 2 0.0001 0.71586277562070622 0.075571062469608735 0.0024551066785721025 0.66192617215351546 0.52632826306643576 0.66207561342960242 0.5 -0.61177813665304726 8.3523754435183619 OK 13 12 0.43831900000000001 0.50602000000000003 0.13103200000000001 0.30167899999999997 0.18771199999999999 0 0.13664000000000004 0.31830800000000004 0.13103200000000001 0.0086960000000000006 0.0087930000000000005 0.0082269999999999999 0.10352800000000004 0.28532299999999999 0.09973700000000002 0.0045079999999999999 0.0043420000000000004 0.0041159999999999999 0.0011119999999999999 0.001003 0.0010010000000000002 8.3523997012643925 8.3523997012643925 8.3523997012643925 0.00067097743230321808 0.00067097743230321808 0.00067097743230321808 1 1 1 Converged Converged Converged OK OK OK 91 91 91 91 91 91 5 5 5 0 0 0 0 1 0 0 1
77 77 linear 1 23 771 3 0.0001 0.71586277562070622 0.075571062469608735 0.0024551066785721025 0.66192617215351546 0.52632826306643576 0.66241719348922989 0.5 -0.61211971671267473 8.3135062995352307 OK 13 12 0.44145000000000001 0.511988 0.15184300000000001 0.28787699999999999 0.16889100000000001 0 0.15357300000000002 0.34309699999999999 0.15184300000000001 0.0086610000000000003 0.0088000000000000005 0.0081429999999999992 0.11760699999999998 0.30677199999999993 0.11757000000000001 0.0051049999999999993 0.0050260000000000001 0.0045969999999999995 0.001175 0.0012050000000000001 0.0011220000000000002 8.3135093996420117 8.3135093996420117 8.3135093996420117 0.00050719534824094866 0.00050719534824094866 0.00050719534824094866 1 1 1 Converged Converged Converged OK OK OK 99 99 99 99 99 99 5 5 5 0 0 0 0 1 0 0 1
77 77 linear 2 0 772 0 0.001 0.71586277562070622 0.075571062469608735 0.0024551066785721025 0.01368061008112314 0.044340978775126869 0.013189588745408719 0.5 0.037107888031146424 54.463497587319246 OK 15 14 0.47248200000000001 0.46725499999999998 0.17402899999999999 0.29372100000000001 0.29114699999999999 0 0.178761 0.17610799999999999 0.17402899999999999 0.016499 0.016739 0.016486000000000001 0.12371699999999995 0.12024999999999997 0.11901400000000006 0.0051960000000000001 0.0056920000000000009 0.0054610000000000006 0.0011130000000000001 0.0011169999999999999 0.001091 54.463459945146916 54.463459945146916 54.463459945146916 0.035086287457040205 0.035086287457040205 0.035086287457040205 1 1 1 Converged Converged Converged OK OK OK 98 98 98 98 98 98 6 6 6 0 0 0 0 0 1 0 0
77 77 linear 2 7 772 1 0.001 0.71586277562070622 0.075571062469608735 0.0024551066785721025 0.01368061008112314 0.044340978775126869 0.013488471297582716 0.5 0.03680900547897243 57.301757847404431 OK 15 14 0.52740500000000001 0.61368500000000004 0.168433 0.34809899999999999 0.242311 0 0.17930600000000002 0.37137400000000004 0.168433 0.015587 0.015497 0.014762000000000001 0.12882800000000005 0.32466800000000007 0.12353299999999998 0.005757 0.0054360000000000007 0.0053959999999999998 0.0011349999999999999 0.0011000000000000001 0.0010449999999999999 57.30171940920571 57.30171940920571 57.30171940920571 0.033846425674680651 0.033846425674680651 0.033846425674680651 1 1 1 Converged Converged Converged OK OK OK 98 98 98 98 98 98 6 6 6 0 0 0 0 1 0 0 1
77 77 linear 2 15 772 2 0.001 0.71586277562070622 0.075571062469608735 0.0024551066785721025 0.01368061008112314 0.044340978775126869 0.013830051357210138 0.5 0.036467425419345008 61.636659705839193 OK 15 14 0.463256 0.58010799999999996 0.155362 0.30121300000000001 0.208124 0 0.16204299999999999 0.37198399999999998 0.155362 0.015245999999999999 0.015350000000000001 0.014416 0.11603499999999999 0.32571299999999986 0.11118 0.0057279999999999996 0.0055490000000000001 0.0052390000000000006 0.001139 0.001119 0.0010839999999999999 61.636594228691855 61.636594228691855 61.636594228691855 0.030294445481001117 0.030294445481001117 0.030294445481001117 1 1 1 Converged Converged Converged OK OK OK 98 98 98 98 98 98 6 6 6 0 0 0 0 1 0 0 1
77 77 linear 2 23 772 3 0.001 0.71586277562070622 0.075571062469608735 0.0024551066785721025 0.01368061008112314 0.044340978775126869 0.014171631416837562 0.5 0.036125845359717586 69.692249878625717 OK 14 13 0.43737399999999999 0.54914300000000005 0.15332399999999999 0.27271600000000001 0.16764200000000001 0 0.16465799999999997 0.38150100000000003 0.15332399999999999 0.013126000000000001 0.013084 0.012171 0.12468599999999996 0.34125899999999998 0.115575 0.0055770000000000004 0.0055430000000000002 0.0050369999999999998 0.0011749999999999998 0.001083 0.0010920000000000001 69.69204549186091 69.69204549186091 69.69204549186091 0.029855431915542928 0.029855431915542928 0.029855431915542928 1 1 1 Converged Converged Converged OK OK OK 98 98 98 98 98 98 6 6 6 0 0 0 0 1 0 0 1
77 77 linear 2 0 772 0 0.0001 0.71586277562070622 0.075571062469608735 0.0024551066785721025 0.01368061008112314 0.044340978775126869 0.013189588745408719 0.5 0.037107888031146424 54.463497587319246 OK 15 14 0.52537500000000004 0.52429400000000004 0.230327 0.28992299999999999 0.29072900000000002 0 0.23545200000000005 0.23356500000000002 0.230327 0.016278999999999998 0.0166 0.016427000000000001 0.16698199999999996 0.16512200000000002 0.16203900000000004 0.0073890000000000006 0.0072900000000000005 0.0075159999999999984 0.0013610000000000002 0.0014190000000000001 0.0013449999999999998 54.463459673132107 54.463459673132107 54.463459673132107 0.0039590486885244733 0.0039590486885244733 0.0039590486885244733 1 1 1 Converged Converged Converged OK OK OK 130 130 130 130 130 130 6 6 6 0 0 0 0 0 1 0 0
77 77 linear 2 7 772 1 0.0001 0.71586277562070622 0.075571062469608735 0.0024551066785721025 0.01368061008112314 0.044340978775126869 0.013488471297582716 0.5 0.03680900547897243 57.301757847404431 OK 15 14 0.57553900000000002 0.774119 0.21981899999999999 0.34829100000000002 0.245169 0 0.22724800000000001 0.52895000000000003 0.21981899999999999 0.015486 0.015396999999999999 0.014722000000000001 0.170714 0.47225699999999982 0.16522600000000007 0.0076429999999999996 0.0074969999999999993 0.0071730000000000006 0.0013570000000000001 0.0013619999999999997 0.0013090000000000001 57.301719259641118 57.301719259641118 57.301719259641118 0.0039244783764830725 0.0039244783764830725 0.0039244783764830725 1 1 1 Converged Converged Converged OK OK OK 130 130 130 130 130 130 6 6 6 0 0 0 0 1 0 0 1
77 77 linear 2 15 772 2 0.0001 0.71586277562070622 0.075571062469608735 0.0024551066785721025 0.01368061008112314 0.044340978775126869 0.013830051357210138 0.5 0.036467425419345008 61.636659705839193 OK 15 14 0.51640799999999998 0.75435799999999997 0.208342 0.30102400000000001 0.225273 0 0.21538399999999996 0.52908500000000003 0.208342 0.015129 0.016532000000000002 0.014366 0.15971699999999994 0.47036500000000003 0.15401700000000002 0.0071840000000000003 0.0078870000000000016 0.007241 0.0013159999999999999 0.0013400000000000003 0.00132 61.636594125434705 61.636594125434705 61.636594125434705 0.0045651343228893752 0.0045651343228893752 0.0045651343228893752 1 1 1 Converged Converged Converged OK OK OK 130 130 130 130 130 130 6 6 6 0 0 0 0 1 0 0 1
77 77 linear 2 23 772 3 0.0001 0.71586277562070622 0.075571062469608735 0.0024551066785721025 0.01368061008112314 0.044340978775126869 0.014171631416837562 0.5 0.036125845359717586 69.692249878625717 OK 14 13 0.50969799999999998 0.75288999999999995 0.228349 0.27700599999999997 0.17058699999999999 0 0.23269200000000001 0.58230300000000002 0.228349 0.012930000000000001 0.013006999999999999 0.012078 0.17796199999999995 0.52569400000000022 0.17488300000000001 0.0078279999999999999 0.0088780000000000022 0.0076909999999999991 0.0015249999999999999 0.001578 0.001508 69.692039996982672 69.692039996982672 69.692039996982672 0.0040786952032047579 0.0040786952032047579 0.0040786952032047579 1 1 1 Converged Converged Converged OK OK OK 146 146 146 146 146 146 6 6 6 0 0 0 0 1 0 0 1
77 77 linear 3 0 773 0 0.001 0.71586277562070622 0.075571062469608735 0.0024551066785721025 0.56113248482618949 -0.54030278218637484 0.56064146349047506 0.5 -0.51034398671391989 2.078886222456596 OK 13 12 0.38653599999999999 0.386519 0.099385000000000001 0.27985100000000002 0.28632999999999997 0 0.10668499999999997 0.10018900000000003 0.099385000000000001 0.0093170000000000006 0.009332 0.0089130000000000008 0.075545999999999988 0.069348999999999994 0.069041999999999992 0.003156 0.0030800000000000003 0.0031140000000000004 0.00074100000000000001 0.00071400000000000001 0.00067900000000000002 2.0788853584384239 2.0788853584384239 2.0788853584384239 0.0013411748963078126 0.0013411748963078126 0.0013411748963078126 1 1 1 Converged Converged Converged OK OK OK 61 61 61 61 61 61 3 3 3 0 0 0 0 0 1 0 0
77 77 linear 3 7 773 1 0.001 0.71586277562070622 0.075571062469608735 0.0024551066785721025 0.56113248482618949 -0.54030278218637484 0.56094034604264909 0.5 -0.51064286926609392 2.0802147294609483 OK 13 12 0.41726600000000003 0.41881099999999999 0.093663999999999997 0.32032300000000002 0.19378500000000001 0 0.096943000000000001 0.22502599999999998 0.093663999999999997 0.0088470000000000007 0.0088999999999999999 0.0083160000000000005 0.068985000000000005 0.19660999999999998 0.066666000000000017 0.0032269999999999998 0.0035250000000000004 0.0032579999999999996 0.00071000000000000002 0.00070700000000000005 0.00067099999999999994 2.0802138527319793 2.0802138527319793 2.0802138527319793 0.0013436624706733367 0.0013436624706733367 0.0013436624706733367 1 1 1 Converged Converged Converged OK OK OK 61 61 61 61 61 61 3 3 3 0 0 0 0 1 0 0 1
77 77 linear 3 15 773 2 0.001 0.71586277562070622 0.075571062469608735 0.0024551066785721025 0.56113248482618949 -0.54030278218637484 0.56128192610227645 0.5 -0.51098444932572129 2.0817499599086111 OK 13 12 0.41600199999999998 0.42657899999999999 0.100893 0.31171599999999999 0.19592000000000001 0 0.10428599999999999 0.23065899999999998 0.100893 0.0085789999999999998 0.0085220000000000001 0.0079959999999999996 0.07651899999999999 0.19816799999999996 0.074370000000000006 0.0031120000000000002 0.0032290000000000001 0.003153 0.000785 0.00076099999999999996 0.00073800000000000005 2.0817490682920767 2.0817490682920767 2.0817490682920767 0.0013465341049649414 0.0013465341049649414 0.0013465341049649414 1 1 1 Converged Converged Converged OK OK OK 61 61 61 61 61 61 3 3 3 0 0 0 0 1 0 0 1
77 77 linear 3 23 773 3 0.001 0.71586277562070622 0.075571062469608735 0.0024551066785721025 0.56113248482618949 -0.54030278218637484 0.56162350616190393 0.5 -0.51132602938534877 2.0833035541929643 OK 13 12 0.400779 0.39797199999999999 0.091814000000000007 0.30552299999999999 0.18900800000000001 0 0.095256000000000007 0.20896399999999998 0.091814000000000007 0.0088570000000000003 0.0089280000000000002 0.0082950000000000003 0.067195999999999992 0.18102700000000002 0.065078000000000011 0.003137 0.0031389999999999999 0.0030349999999999999 0.00068399999999999993 0.00067599999999999995 0.00065799999999999995 2.0833026472908567 2.0833026472908567 2.0833026472908567 0.0013494368560112136 0.0013494368560112136 0.0013494368560112136 1 1 1 Converged Converged Converged OK OK OK 61 61 61 61 61 61 3 3 3 0 0 0 0 1 0 0 1
77 77 linear 3 0 773 0 0.0001 0.71586277562070622 0.075571062469608735 0.0024551066785721025 0.56113248482618949 -0.54030278218637484 0.56064146349047506 0.5 -0.51034398671391989 2.078886222456596 OK 13 12 0.43016399999999999 0.42785600000000001 0.14453099999999999 0.28168700000000002 0.28157399999999999 0 0.14847699999999997 0.14628200000000002 0.14453099999999999 0.0093390000000000001 0.0093609999999999995 0.0089309999999999997 0.10482499999999999 0.10312600000000005 0.10232399999999997 0.0049420000000000002 0.0049249999999999997 0.0047799999999999995 0.00096100000000000016 0.00099599999999999992 0.00095100000000000002 2.0788853591961236 2.0788853591961236 2.0788853591961236 4.7153965160646087e-09 4.7153965160646087e-09 4.7153965160646087e-09 1 1 1 Converged Converged Converged OK OK OK 93 93 93 93 93 93 3 3 3 0 0 0 0 0 1 0 0
77 77 linear 3 7 773 1 0.0001 0.71586277562070622 0.075571062469608735 0.0024551066785721025 0.56113248482618949 -0.54030278218637484 0.56094034604264909 0.5 -0.51064286926609392 2.0802147294609483 OK 13 12 0.45725199999999999 0.52150600000000003 0.13458999999999999 0.31916 0.19719300000000001 0 0.13809199999999999 0.32431300000000002 0.13458999999999999 0.0088120000000000004 0.0088760000000000002 0.0083750000000000005 0.10049200000000003 0.28609500000000015 0.097810999999999981 0.0049480000000000001 0.0051099999999999991 0.0049630000000000004 0.00091699999999999995 0.00096900000000000003 0.00091600000000000004 2.0802138534913794 2.0802138534913794 2.0802138534913794 4.7269540194644756e-09 4.7269540194644756e-09 4.7269540194644756e-09 1 1 1 Converged Converged Converged OK OK OK 93 93 93 93 93 93 3 3 3 0 0 0 0 1 0 0 1
77 77 linear 3 15 773 2 0.0001 0.71586277562070622 0.075571062469608735 0.0024551066785721025 0.56113248482618949 -0.54030278218637484 0.56128192610227645 0.5 -0.51098444932572129 2.0817499599086111 OK 13 12 0.46275699999999997 0.52679100000000001 0.14157400000000001 0.31734099999999998 0.19502 0 0.14541599999999999 0.33177100000000004 0.14157400000000001 0.0085089999999999992 0.0086090000000000003 0.0080009999999999994 0.10814800000000002 0.29348600000000002 0.105323 0.0048539999999999998 0.0051149999999999998 0.0047070000000000002 0.00098600000000000011 0.0010170000000000001 0.00098299999999999993 2.0817490690534393 2.0817490690534393 2.0817490690534393 4.7405597644823008e-09 4.7405597644823008e-09 4.7405597644823008e-09 1 1 1 Converged Converged Converged OK OK OK 93 93 93 93 93 93 3 3 3 0 0 0 0 1 0 0 1
77 77 linear 3 23 773 3 0.0001 0.71586277562070622 0.075571062469608735 0.0024551066785721025 0.56113248482618949 -0.54030278218637484 0.56162350616190393 0.5 -0.51132602938534877 2.0833035541929643 OK 13 12 0.446071 0.49984000000000001 0.13444500000000001 0.30627399999999999 0.185335 0 0.139797 0.31450500000000003 0.13444500000000001 0.0088459999999999997 0.0087690000000000008 0.0082660000000000008 0.10159299999999996 0.27631600000000006 0.09809600000000003 0.0050549999999999996 0.0050739999999999995 0.0047640000000000009 0.0010009999999999999 0.00095100000000000002 0.00089999999999999987 2.0833026480542132 2.0833026480542132 2.0833026480542132 4.7545080184602523e-09 4.7545080184602523e-09 4.7545080184602523e-09 1 1 1 Converged Converged Converged OK OK OK 93 93 93 93 93 93 3 3 3 0 0 0 0 1 0 0 1
77 77 linear 4 0 774 0 0.001 0.71586277562070622 0.075571062469608735 0.0024551066785721025 -0.18548410330727488 -0.0042288762852506568 -0.18597512464298929 0.5 0.23627260141954443 12.077800599702798 OK 13 12 0.39751900000000001 0.40079399999999998 0.081671999999999995 0.31317200000000001 0.31862400000000002 0 0.084347000000000005 0.082169999999999965 0.081671999999999995 0.0090810000000000005 0.0089040000000000005 0.0086079999999999993 0.05660599999999999 0.055226999999999998 0.055039999999999999 0.0028249999999999998 0.00264 0.002627 0.00057399999999999997 0.00055399999999999991 0.00054199999999999995 12.077790256886981 12.077790256886981 12.077790256886981 0.0035131935969185137 0.0035131935969185137 0.0035131935969185137 1 1 1 Converged Converged Converged OK OK OK 53 53 53 53 53 53 3 3 3 0 0 0 0 0 1 0 0
77 77 linear 4 7 774 1 0.001 0.71586277562070622 0.075571062469608735 0.0024551066785721025 -0.18548410330727488 -0.0042288762852506568 -0.18567624209081532 0.5 0.23597371886737045 12.017194641297962 OK 13 12 0.40016299999999999 0.301284 0.080731999999999998 0.31629600000000002 0.18484200000000001 0 0.083866999999999969 0.11644199999999999 0.080731999999999998 0.0083300000000000006 0.0082430000000000003 0.0076959999999999997 0.058884999999999986 0.09206300000000002 0.057276999999999995 0.0029269999999999999 0.0026859999999999996 0.0026340000000000001 0.00054799999999999998 0.00057200000000000003 0.00055699999999999999 12.017184439311231 12.017184439311231 12.017184439311231 0.0035186163410450325 0.0035186163410450325 0.0035186163410450325 1 1 1 Converged Converged Converged OK OK OK 53 53 53 53 53 53 3 3 3 0 0 0 0 1 0 0 1
77 77 linear 4 15 774 2 0.001 0.71586277562070622 0.075571062469608735 0.0024551066785721025 -0.18548410330727488 -0.0042288762852506568 -0.1853346620311879 0.5 0.23563213880774303 11.947873380991036 OK 13 12 0.405611 0.30262499999999998 0.079406000000000004 0.32354300000000003 0.192713 0 0.082067999999999974 0.10991199999999998 0.079406000000000004 0.0082229999999999994 0.0083119999999999999 0.0076299999999999996 0.057432000000000011 0.085081999999999977 0.055877999999999997 0.0027109999999999999 0.0029000000000000002 0.00266 0.000553 0.00053700000000000004 0.00054100000000000003 11.947863114821635 11.947863114821635 11.947863114821635 0.0035248345316184785 0.0035248345316184785 0.0035248345316184785 1 1 1 Converged Converged Converged OK OK OK 53 53 53 53 53 53 3 3 3 0 0 0 0 1 0 0 1
77 77 linear 4 23 774 3 0.001 0.71586277562070622 0.075571062469608735 0.0024551066785721025 -0.18548410330727488 -0.0042288762852506568 -0.18499308197156047 0.5 0.23529055874811561 11.878549826815956 OK 13 12 0.38947900000000002 0.29836200000000002 0.082289000000000001 0.30488999999999999 0.18512500000000001 0 0.084589000000000025 0.113237 0.082289000000000001 0.0082159999999999993 0.0083099999999999997 0.0077060000000000002 0.060065999999999994 0.08859400000000002 0.058677999999999973 0.0026719999999999999 0.002758 0.0026909999999999998 0.00055699999999999999 0.00054700000000000007 0.00054000000000000001 11.878539736865063 11.878539736865063 11.878539736865063 0.0035310816106480631 0.0035310816106480631 0.0035310816106480631 1 1 1 Converged Converged Converged OK OK OK 53 53 53 53 53 53 3 3 3 0 0 0 0 1 0 0 1
77 77 linear 4 0 774 0 0.0001 0.71586277562070622 0.075571062469608735 0.0024551066785721025 -0.18548410330727488 -0.0042288762852506568 -0.18597512464298929 0.5 0.23627260141954443 12.077800599702798 OK 13 12 0.416381 0.41716199999999998 0.10480399999999999 0.31219999999999998 0.31372 0 0.10418100000000002 0.10344199999999998 0.10480399999999999 0.0087460000000000003 0.0089099999999999995 0.0086049999999999998 0.071474999999999969 0.070583000000000007 0.072674999999999976 0.0035020000000000003 0.0036110000000000001 0.00347 0.00068300000000000001 0.00070099999999999991 0.00067499999999999993 12.077790258114479 12.077790258114479 12.077790258114479 0.00049172192773598794 0.00049172192773598794 0.00049172192773598794 1 1 1 Converged Converged Converged OK OK OK 69 69 69 69 69 69 3 3 3 0 0 0 0 0 1 0 0
77 77 linear 4 7 774 1 0.0001 0.71586277562070622 0.075571062469608735 0.0024551066785721025 -0.18548410330727488 -0.0042288762852506568 -0.18567624209081532 0.5 0.23597371886737045 12.017194641297962 OK 13 12 0.41990699999999997 0.34034599999999998 0.100059 0.317079 0.18707699999999999 0 0.10282799999999997 0.15326899999999999 0.100059 0.0081089999999999999 0.0081840000000000003 0.0077530000000000003 0.073395000000000002 0.12361099999999998 0.071479000000000001 0.0035969999999999999 0.003771 0.0036439999999999997 0.00066999999999999991 0.00069499999999999998 0.00066700000000000006 12.017184440538589 12.017184440538589 12.017184440538589 0.00049210864028177725 0.00049210864028177725 0.00049210864028177725 1 1 1 Converged Converged Converged OK OK OK 69 69 69 69 69 69 3 3 3 0 0 0 0 1 0 0 1
77 77 linear 4 15 774 2 0.0001 0.71586277562070622 0.075571062469608735 0.0024551066785721025 -0.18548410330727488 -0.0042288762852506568 -0.1853346620311879 0.5 0.23563213880774303 11.947873380991036 OK 13 12 0.42428300000000002 0.34726299999999999 0.099247000000000002 0.32252900000000001 0.193663 0 0.10175400000000001 0.15359999999999999 0.099247000000000002 0.0081480000000000007 0.0082380000000000005 0.0077000000000000002 0.072189999999999963 0.12358599999999999 0.070515000000000022 0.0035929999999999998 0.0038739999999999998 0.0036280000000000001 0.00068000000000000005 0.00070099999999999991 0.00067499999999999993 11.947863116048703 11.947863116048703 11.947863116048703 0.00049255470148752733 0.00049255470148752733 0.00049255470148752733 1 1 1 Converged Converged Converged OK OK OK 69 69 69 69 69 69 3 3 3 0 0 0 0 1 0 0 1
77 77 linear 4 23 774 3 0.0001 0.71586277562070622 0.075571062469608735 0.0024551066785721025 -0.18548410330727488 -0.0042288762852506568 -0.18499308197156047 0.5 0.23529055874811561 11.878549826815956 OK 13 12 0.41045700000000002 0.33507399999999998 0.102174 0.30211199999999999 0.18484600000000001 0 0.10834500000000002 0.15022799999999997 0.102174 0.0081150000000000007 0.0082229999999999994 0.0077229999999999998 0.078891999999999976 0.12070300000000002 0.073835999999999999 0.0036849999999999999 0.0037679999999999996 0.0035479999999999999 0.00068099999999999996 0.00067000000000000013 0.00066399999999999999 11.878539738091773 11.878539738091773 11.878539738091773 0.00049301179916916228 0.00049301179916916228 0.00049301179916916228 1 1 1 Converged Converged Converged OK OK OK 69 69 69 69 69 69 3 3 3 0 0 0 0 1 0 0 1
77 77 uniform 0 0 775 0 0.001 0.71586277562070622 0.075571062469608735 0.0024551066785721025 0.5700125410989817 -0.57647717256523012 0.56952151976326726 0 -0.5192240429867121 7.6606935368064146 OK 14 13 0.63723300000000005 0.63903900000000002 0.165657 0.47137000000000001 0.47117199999999998 0 0.16586300000000004 0.16786700000000004 0.165657 0.012737 0.013131 0.012756 0.12140599999999996 0.12238599999999997 0.12102499999999999 0.0039389999999999998 0.0041350000000000007 0.0040039999999999997 0.00097199999999999988 0.00096699999999999987 0.00099700000000000006 7.6606969272770442 7.6606969272770442 7.6606969272770442 0.0050894281492346767 0.0050894281492346767 0.0050894281492346767 1 1 1 Converged Converged Converged OK OK OK 89 89 89 89 89 89 7 7 7 0 0 0 0 0 1 0 0
77 77 uniform 0 7 775 1 0.001 0.71586277562070622 0.075571062469608735 0.0024551066785721025 0.5700125410989817 -0.57647717256523012 0.56982040231544129 0 -0.51952292553888613 7.6368244978074644 OK 14 13 0.62949500000000003 0.57208800000000004 0.13891200000000001 0.488537 0.35991000000000001 0 0.14095800000000003 0.21217800000000003 0.13891200000000001 0.012156 0.012305 0.011313999999999999 0.10635300000000003 0.17657600000000001 0.10584699999999998 0.0035170000000000002 0.0040140000000000002 0.0034610000000000005 0.00087100000000000003 0.00094399999999999996 0.00079999999999999993 7.6368325233288497 7.6368325233288497 7.6368325233288497 0.0070429433399302292 0.0070429433399302292 0.0070429433399302292 1 1 1 Converged Converged Converged OK OK OK 81 81 81 81 81 81 7 7 7 0 0 0 0 1 0 0 1
77 77 uniform 0 15 775 2 0.001 0.71586277562070622 0.075571062469608735 0.0024551066785721025 0.5700125410989817 -0.57647717256523012 0.57016198237506865 0 -0.51986450559851349 7.5163549411956954 OK 14 13 0.508683 0.44500200000000001 0.14785799999999999 0.35698400000000002 0.23680100000000001 0 0.15169899999999997 0.208201 0.14785799999999999 0.012226000000000001 0.012064999999999999 0.01129 0.11637300000000005 0.17372500000000002 0.11487899999999997 0.0039530000000000008 0.0036389999999999999 0.0035690000000000001 0.00086899999999999998 0.00079500000000000003 0.00078799999999999986 7.5163576101659713 7.5163576101659713 7.5163576101659713 0.006260591537614559 0.006260591537614559 0.006260591537614559 1 1 1 Converged Converged Converged OK OK OK 81 81 81 81 81 81 7 7 7 0 0 0 0 1 0 0 1
77 77 uniform 0 23 775 3 0.001 0.71586277562070622 0.075571062469608735 0.0024551066785721025 0.5700125410989817 -0.57647717256523012 0.57050356243469613 0 -0.52020608565814097 7.2865468093825863 OK 14 13 0.63224100000000005 0.60464899999999999 0.148731 0.48086000000000001 0.36799799999999999 0 0.15138100000000004 0.236651 0.148731 0.012071999999999999 0.012111 0.011270000000000001 0.11747299999999999 0.202794 0.11653700000000003 0.0035059999999999996 0.0035300000000000002 0.0033449999999999994 0.00083700000000000007 0.00085000000000000006 0.00082600000000000013 7.2865461303660384 7.2865461303660384 7.2865461303660384 0.005437910451173698 0.005437910451173698 0.005437910451173698 1 1 1 Converged Converged Converged OK OK OK 81 81 81 81 81 81 7 7 7 0 0 0 0 1 0 0 1
77 77 uniform 0 0 775 0 0.0001 0.71586277562070622 0.075571062469608735 0.0024551066785721025 0.5700125410989817 -0.57647717256523012 0.56952151976326726 0 -0.5192240429867121 7.6606935368064146 OK 14 13 0.66894699999999996 0.66924499999999998 0.19652 0.470169 0.47204299999999999 0 0.19877799999999995 0.19720199999999999 0.19652 0.013224 0.012839 0.012643 0.14361999999999997 0.14317500000000002 0.14271100000000003 0.0052979999999999998 0.0053260000000000009 0.0051529999999999996 0.001323 0.0013090000000000001 0.001286 7.6606958713266984 7.6606958713266984 7.6606958713266984 0.00064133882839352075 0.00064133882839352075 0.00064133882839352075 1 1 1 Converged Converged Converged OK OK OK 113 113 113 113 113 113 7 7 7 0 0 0 0 0 1 0 0
77 77 uniform 0 7 775 1 0.0001 0.71586277562070622 0.075571062469608735 0.0024551066785721025 0.5700125410989817 -0.57647717256523012 0.56982040231544129 0 -0.51952292553888613 7.6368244978074644 OK 14 13 0.66910999999999998 0.64270400000000005 0.176008 0.489703 0.35645199999999999 0 0.17940699999999998 0.28625200000000006 0.176008 0.012333 0.012345 0.0114 0.13559100000000004 0.24294999999999994 0.13461000000000006 0.0055160000000000001 0.0053120000000000007 0.0050010000000000002 0.001273 0.001297 0.0012339999999999999 7.6368255192052281 7.6368255192052281 7.6368255192052281 0.00039104346681523863 0.00039104346681523863 0.00039104346681523863 1 1 1 Converged Converged Converged OK OK OK 113 113 113 113 113 113 7 7 7 0 0 0 0 1 0 0 1
77 77 uniform 0 15 775 2 0.0001 0.71586277562070622 0.075571062469608735 0.0024551066785721025 0.5700125410989817 -0.57647717256523012 0.57016198237506865 0 -0.51986450559851349 7.5163549411956954 OK 14 13 0.58405499999999999 0.542628 0.21706700000000001 0.35907699999999998 0.236096 0 0.22497800000000001 0.30653200000000003 0.21706700000000001 0.012322 0.012151 0.011306999999999999 0.17540900000000009 0.258299 0.1704 0.0062660000000000007 0.0059109999999999996 0.0057859999999999995 0.0012780000000000001 0.0012679999999999998 0.0012669999999999999 7.5163558094012988 7.5163558094012988 7.5163558094012988 0.00051547231438069606 0.00051547231438069606 0.00051547231438069606 1 1 1 Converged Converged Converged OK OK OK 121 121 121 121 121 121 7 7 7 0 0 0 0 1 0 0 1
77 77 uniform 0 23 775 3 0.0001 0.71586277562070622 0.075571062469608735 0.0024551066785721025 0.5700125410989817 -0.57647717256523012 0.57050356243469613 0 -0.52020608565814097 7.2865468093825863 OK 14 13 0.70111599999999996 0.70374300000000001 0.220279 0.48171799999999998 0.37151499999999998 0 0.21939799999999998 0.33222800000000002 0.220279 0.012029 0.012107 0.011323 0.17303800000000005 0.28619900000000004 0.17195800000000003 0.0057080000000000004 0.0056849999999999999 0.005666 0.0013129999999999999 0.0012800000000000003 0.0012700000000000003 7.2865473976524839 7.2865473976524839 7.2865473976524839 0.00032894894038048379 0.00032894894038048379 0.00032894894038048379 1 1 1 Converged Converged Converged OK OK OK 121 121 121 121 121 121 7 7 7 0 0 0 0 1 0 0 1
77 77 uniform 1 0 776 0 0.001 0.71586277562070622 0.075571062469608735 0.0024551066785721025 0.66192617215351546 0.52632826306643576 0.66143515081780102 0 -0.61113767404124586 8.5353638584001086 OK 13 12 0.42976500000000001 0.43274600000000002 0.097734000000000001 0.330872 0.33414899999999997 0 0.098893000000000009 0.098597000000000046 0.097734000000000001 0.0093089999999999996 0.0093150000000000004 0.0090849999999999993 0.068619000000000013 0.068645999999999985 0.068260999999999974 0.0026459999999999999 0.0026390000000000003 0.0026679999999999998 0.000767 0.00075500000000000003 0.00070500000000000001 8.5353650410028905 8.5353650410028905 8.5353650410028905 0.0013670056965870852 0.0013670056965870852 0.0013670056965870852 1 1 1 Converged Converged Converged OK OK OK 67 67 67 67 67 67 5 5 5 0 0 0 0 0 1 0 0
77 77 uniform 1 7 776 1 0.001 0.71586277562070622 0.075571062469608735 0.0024551066785721025 0.66192617215351546 0.52632826306643576 0.66173403336997505 0 -0.61143655659341989 8.4932510554798224 OK 13 12 0.40268799999999999 0.40314899999999998 0.089182999999999998 0.30812400000000001 0.18882599999999999 0 0.094563999999999981 0.21432299999999999 0.089182999999999998 0.0083859999999999994 0.008378 0.0078790000000000006 0.069543999999999981 0.18954400000000007 0.065444000000000002 0.0026320000000000002 0.002588 0.0025490000000000001 0.00077300000000000003 0.00071299999999999988 0.00068599999999999998 8.4932518153458467 8.4932518153458467 8.4932518153458467 0.0013051332600438556 0.0013051332600438556 0.0013051332600438556 1 1 1 Converged Converged Converged OK OK OK 67 67 67 67 67 67 5 5 5 0 0 0 0 1 0 0 1
77 77 uniform 1 15 776 2 0.001 0.71586277562070622 0.075571062469608735 0.0024551066785721025 0.66192617215351546 0.52632826306643576 0.66207561342960242 0 -0.61177813665304726 8.4407693327062461 OK 13 12 0.38906600000000002 0.40371499999999999 0.087314000000000003 0.29598000000000002 0.19045500000000001 0 0.093086000000000002 0.21325999999999998 0.087314000000000003 0.0087510000000000001 0.0087760000000000008 0.0081569999999999993 0.067508000000000026 0.18787899999999993 0.063268000000000005 0.0028080000000000002 0.0027369999999999998 0.0025850000000000001 0.000745 0.000727 0.00069800000000000005 8.440770369257697 8.440770369257697 8.440770369257697 0.0013144196990349812 0.0013144196990349812 0.0013144196990349812 1 1 1 Converged Converged Converged OK OK OK 67 67 67 67 67 67 5 5 5 0 0 0 0 1 0 0 1
77 77 uniform 1 23 776 3 0.001 0.71586277562070622 0.075571062469608735 0.0024551066785721025 0.66192617215351546 0.52632826306643576 0.66241719348922989 0 -0.61211971671267473 8.3841018491248285 OK 13 12 0.38280199999999998 0.38733800000000002 0.095569000000000001 0.28615099999999999 0.169072 0 0.096650999999999987 0.21826600000000002 0.095569000000000001 0.0085710000000000005 0.0086730000000000002 0.0081239999999999993 0.071617999999999987 0.19290599999999997 0.071352000000000013 0.0027010000000000003 0.002745 0.0026220000000000002 0.00080400000000000003 0.000785 0.00075900000000000002 8.3841031874636549 8.3841031874636549 8.3841031874636549 0.0014412569213799254 0.0014412569213799254 0.0014412569213799254 1 1 1 Converged Converged Converged OK OK OK 67 67 67 67 67 67 5 5 5 0 0 0 0 1 0 0 1
77 77 uniform 1 0 776 0 0.0001 0.71586277562070622 0.075571062469608735 0.0024551066785721025 0.66192617215351546 0.52632826306643576 0.66143515081780102 0 -0.61113767404124586 8.5353638584001086 OK 13 12 0.46742600000000001 0.46775899999999998 0.13500000000000001 0.33182899999999999 0.332594 0 0.13559700000000002 0.13516499999999998 0.13500000000000001 0.0094029999999999999 0.0093290000000000005 0.0089940000000000003 0.094832999999999959 0.094896999999999954 0.094772999999999968 0.0042960000000000003 0.0042979999999999997 0.0044879999999999998 0.00098799999999999995 0.00095 0.00099100000000000013 8.5353650762293203 8.5353650762293203 8.5353650762293203 0.00056470102995860377 0.00056470102995860377 0.00056470102995860377 1 1 1 Converged Converged Converged OK OK OK 99 99 99 99 99 99 5 5 5 0 0 0 0 0 1 0 0
77 77 uniform 1 7 776 1 0.0001 0.71586277562070622 0.075571062469608735 0.0024551066785721025 0.66192617215351546 0.52632826306643576 0.66173403336997505 0 -0.61143655659341989 8.4932510554798224 OK 13 12 0.43403000000000003 0.51423099999999999 0.12078700000000001 0.31156499999999998 0.19028400000000001 0 0.12246500000000005 0.32394699999999998 0.12078700000000001 0.0082819999999999994 0.0084239999999999992 0.0078259999999999996 0.089828000000000005 0.29044300000000001 0.08914100000000004 0.0042130000000000006 0.0043170000000000005 0.0041250000000000002 0.00093400000000000004 0.00092299999999999988 0.00092000000000000003 8.4932516368056277 8.4932516368056277 8.4932516368056277 0.0005542874843144092 0.0005542874843144092 0.0005542874843144092 1 1 1 Converged Converged Converged OK OK OK 99 99 99 99 99 99 5 5 5 0 0 0 0 1 0 0 1
77 77 uniform 1 15 776 2 0.0001 0.71586277562070622 0.075571062469608735 0.0024551066785721025 0.66192617215351546 0.52632826306643576 0.66207561342960242 0 -0.61177813665304726 8.4407693327062461 OK 13 12 0.41718499999999997 0.51364699999999996 0.118364 0.29688100000000001 0.18950700000000001 0 0.12030399999999997 0.32413999999999998 0.118364 0.0086809999999999995 0.00877 0.0081880000000000008 0.086919999999999997 0.29010700000000011 0.086400000000000018 0.0042129999999999997 0.0046100000000000004 0.0041729999999999996 0.00094300000000000004 0.00095799999999999987 0.00093700000000000001 8.4407699781716072 8.4407699781716072 8.4407699781716072 0.00041893741573750901 0.00041893741573750901 0.00041893741573750901 1 1 1 Converged Converged Converged OK OK OK 99 99 99 99 99 99 5 5 5 0 0 0 0 1 0 0 1
77 77 uniform 1 23 776 3 0.0001 0.71586277562070622 0.075571062469608735 0.0024551066785721025 0.66192617215351546 0.52632826306643576 0.66241719348922989 0 -0.61211971671267473 8.3841018491248285 OK 13 12 0.40065000000000001 0.43624000000000002 0.10907600000000001 0.29022399999999998 0.16699900000000001 0 0.11042600000000002 0.26924100000000001 0.10907600000000001 0.0086379999999999998 0.0086719999999999992 0.0081550000000000008 0.082211000000000034 0.24012100000000006 0.081762000000000015 0.0034329999999999999 0.0037110000000000003 0.0033749999999999995 0.00095500000000000001 0.00098400000000000007 0.0010189999999999999 8.3841022706423747 8.3841022706423747 8.3841022706423747 0.00075205358741560957 0.00075205358741560957 0.00075205358741560957 1 1 1 Converged Converged Converged OK OK OK 83 83 83 83 83 83 5 5 5 0 0 0 0 1 0 0 1
77 77 uniform 2 0 777 0 0.001 0.71586277562070622 0.075571062469608735 0.0024551066785721025 0.01368061008112314 0.044340978775126869 0.013189588745408719 0 0.037107888031146424 54.707593128218825 OK 15 14 0.42753400000000003 0.42171199999999998 0.131971 0.294742 0.28911199999999998 0 0.13279200000000002 0.1326 0.131971 0.016249 0.016698999999999999 0.016413000000000001 0.084708999999999965 0.08441700000000002 0.084335999999999994 0.0040530000000000002 0.0039890000000000004 0.0040119999999999999 0.00095200000000000005 0.00097799999999999992 0.00094600000000000001 54.707592924340254 54.707592924340254 54.707592924340254 0.027628917135022756 0.027628917135022756 0.027628917135022756 1 1 1 Converged Converged Converged OK OK OK 82 82 82 82 82 82 6 6 6 0 0 0 0 0 1 0 0
77 77 uniform 2 7 777 1 0.001 0.71586277562070622 0.075571062469608735 0.0024551066785721025 0.01368061008112314 0.044340978775126869 0.013488471297582716 0 0.03680900547897243 57.643944589701668 OK 15 14 0.48231299999999999 0.54873899999999998 0.128248 0.35195500000000002 0.24190400000000001 0 0.13035799999999997 0.30683499999999997 0.128248 0.015424999999999999 0.015639 0.014630000000000001 0.090069999999999956 0.26570399999999988 0.08919100000000002 0.0039490000000000003 0.0041389999999999995 0.0039610000000000001 0.00090799999999999995 0.00093199999999999989 0.00091199999999999994 57.643945555254852 57.643945555254852 57.643945555254852 0.029886063829981685 0.029886063829981685 0.029886063829981685 1 1 1 Converged Converged Converged OK OK OK 82 82 82 82 82 82 6 6 6 0 0 0 0 1 0 0 1
77 77 uniform 2 15 777 2 0.001 0.71586277562070622 0.075571062469608735 0.0024551066785721025 0.01368061008112314 0.044340978775126869 0.013830051357210138 0 0.036467425419345008 62.204756564338417 OK 15 14 0.42034899999999997 0.50152699999999995 0.11584700000000001 0.30226399999999998 0.203818 0 0.118085 0.29770899999999995 0.11584700000000001 0.015146 0.015193999999999999 0.014425 0.077903000000000014 0.25704700000000003 0.077074000000000017 0.003967 0.0041240000000000001 0.00396 0.0009180000000000002 0.00092400000000000002 0.00088900000000000003 62.204758696314357 62.204758696314357 62.204758696314357 0.034703179103350704 0.034703179103350704 0.034703179103350704 1 1 1 Converged Converged Converged OK OK OK 82 82 82 82 82 82 6 6 6 0 0 0 0 1 0 0 1
77 77 uniform 2 23 777 3 0.001 0.71586277562070622 0.075571062469608735 0.0024551066785721025 0.01368061008112314 0.044340978775126869 0.014171631416837562 0 0.036125845359717586 71.289373115633083 OK 14 13 0.40907900000000003 0.52686999999999995 0.132074 0.275557 0.16884399999999999 0 0.13352200000000003 0.35802599999999996 0.132074 0.012637000000000001 0.013072 0.012097999999999999 0.09405100000000001 0.31725800000000004 0.093761999999999998 0.0046259999999999999 0.0049900000000000005 0.0046019999999999993 0.0010860000000000002 0.0011050000000000001 0.001073 71.289386521154597 71.289386521154597 71.289386521154597 0.015287701367038895 0.015287701367038895 0.015287701367038895 1 1 1 Converged Converged Converged OK OK OK 98 98 98 98 98 98 6 6 6 0 0 0 0 1 0 0 1
77 77 uniform 2 0 777 0 0.0001 0.71586277562070622 0.075571062469608735 0.0024551066785721025 0.01368061008112314 0.044340978775126869 0.013189588745408719 0 0.037107888031146424 54.707593128218825 OK 15 14 0.46340799999999999 0.46198400000000001 0.16966300000000001 0.29158299999999998 0.292188 0 0.17182500000000001 0.169796 0.16966300000000001 0.016820999999999999 0.016336 0.016428999999999999 0.109845 0.10956300000000001 0.109056 0.0061850000000000004 0.0057620000000000006 0.0058560000000000001 0.0013090000000000001 0.0012749999999999999 0.00125 54.707592919207414 54.707592919207414 54.707592919207414 0.0036107142575566276 0.0036107142575566276 0.0036107142575566276 1 1 1 Converged Converged Converged OK OK OK 114 114 114 114 114 114 6 6 6 0 0 0 0 0 1 0 0
77 77 uniform 2 7 777 1 0.0001 0.71586277562070622 0.075571062469608735 0.0024551066785721025 0.01368061008112314 0.044340978775126869 0.013488471297582716 0 0.03680900547897243 57.643944589701668 OK 15 14 0.51104400000000005 0.66134300000000001 0.161581 0.34460299999999999 0.240644 0 0.16644100000000006 0.42069900000000005 0.161581 0.015682000000000001 0.015656 0.014733 0.11298200000000003 0.36967999999999984 0.11252599999999997 0.0087720000000000003 0.0058130000000000005 0.0056930000000000001 0.0012249999999999997 0.0012309999999999999 0.0012100000000000001 57.643945569130381 57.643945569130381 57.643945569130381 0.0043055454511572904 0.0043055454511572904 0.0043055454511572904 1 1 1 Converged Converged Converged OK OK OK 114 114 114 114 114 114 6 6 6 0 0 0 0 1 0 0 1
77 77 uniform 2 15 777 2 0.0001 0.71586277562070622 0.075571062469608735 0.0024551066785721025 0.01368061008112314 0.044340978775126869 0.013830051357210138 0 0.036467425419345008 62.204756564338417 OK 15 14 0.45317499999999999 0.62421099999999996 0.150453 0.30127300000000001 0.20416100000000001 0 0.15190199999999998 0.42004999999999992 0.150453 0.015140000000000001 0.01536 0.014526000000000001 0.10194299999999994 0.36825799999999997 0.10162499999999999 0.005757 0.0060949999999999989 0.0058180000000000003 0.001207 0.0012569999999999999 0.0012150000000000002 62.204758683682883 62.204758683682883 62.204758683682883 0.0046826478766037981 0.0046826478766037981 0.0046826478766037981 1 1 1 Converged Converged Converged OK OK OK 114 114 114 114 114 114 6 6 6 0 0 0 0 1 0 0 1
77 77 uniform 2 23 777 3 0.0001 0.71586277562070622 0.075571062469608735 0.0024551066785721025 0.01368061008112314 0.044340978775126869 0.014171631416837562 0 0.036125845359717586 71.289373115633083 OK 14 13 0.43675599999999998 0.640517 0.163714 0.27155099999999999 0.17064299999999999 0 0.16520499999999999 0.46987400000000001 0.163714 0.012645999999999999 0.013076000000000001 0.012309 0.11694099999999995 0.41948599999999986 0.11667100000000005 0.0062510000000000005 0.0068839999999999995 0.0062260000000000006 0.001317 0.00134 0.0013139999999999998 71.289377458698269 71.289377458698269 71.289377458698269 0.0045565154271322884 0.0045565154271322884 0.0045565154271322884 1 1 1 Converged Converged Converged OK OK OK 130 130 130 130 130 130 6 6 6 0 0 0 0 1 0 0 1
77 77 uniform 3 0 778 0 0.001 0.71586277562070622 0.075571062469608735 0.0024551066785721025 0.56113248482618949 -0.54030278218637484 0.56064146349047506 0 -0.51034398671391989 2.0789102714926044 OK 13 12 0.34823100000000001 0.34950199999999998 0.066901000000000002 0.28031200000000001 0.282248 0 0.067919000000000007 0.06725399999999998 0.066901000000000002 0.0094359999999999999 0.0092829999999999996 0.0089460000000000008 0.042457999999999989 0.042328000000000005 0.042136000000000007 0.0021850000000000003 0.002186 0.0021350000000000002 0.000553 0.000562 0.000544 2.0789102560387058 2.0789102560387058 2.0789102560387058 0.00073240267947468404 0.00073240267947468404 0.00073240267947468404 1 1 1 Converged Converged Converged OK OK OK 45 45 45 45 45 45 3 3 3 0 0 0 0 0 1 0 0
77 77 uniform 3 7 778 1 0.001 0.71586277562070622 0.075571062469608735 0.0024551066785721025 0.56113248482618949 -0.54030278218637484 0.56094034604264909 0 -0.51064286926609392 2.0802391386422547 OK 13 12 0.38360499999999997 0.34838000000000002 0.06123 0.32077899999999998 0.19440399999999999 0 0.062825999999999993 0.15397600000000003 0.06123 0.0088280000000000008 0.0088789999999999997 0.0083680000000000004 0.039951 0.13106200000000001 0.039517999999999998 0.002166 0.002209 0.002153 0.00057700000000000004 0.00055699999999999999 0.00053299999999999995 2.0802391231784449 2.0802391231784449 2.0802391231784449 0.00073287104498772227 0.00073287104498772227 0.00073287104498772227 1 1 1 Converged Converged Converged OK OK OK 45 45 45 45 45 45 3 3 3 0 0 0 0 1 0 0 1
77 77 uniform 3 15 778 2 0.001 0.71586277562070622 0.075571062469608735 0.0024551066785721025 0.56113248482618949 -0.54030278218637484 0.56128192610227645 0 -0.51098444932572129 2.0817747909143156 OK 13 12 0.38241399999999998 0.34868199999999999 0.069120000000000001 0.31170700000000001 0.195434 0 0.070706999999999964 0.153248 0.069120000000000001 0.0084639999999999993 0.0086920000000000001 0.0079039999999999996 0.048140000000000009 0.13055700000000003 0.047809999999999998 0.002245 0.0022530000000000002 0.0021450000000000002 0.00056099999999999998 0.00055599999999999996 0.00055199999999999997 2.0817747754389702 2.0817747754389702 2.0817747754389702 0.0007334123341521567 0.0007334123341521567 0.0007334123341521567 1 1 1 Converged Converged Converged OK OK OK 45 45 45 45 45 45 3 3 3 0 0 0 0 1 0 0 1
77 77 uniform 3 23 778 3 0.001 0.71586277562070622 0.075571062469608735 0.0024551066785721025 0.56113248482618949 -0.54030278218637484 0.56162350616190393 0 -0.51132602938534877 2.0833288183022898 OK 13 12 0.36882399999999999 0.32538699999999998 0.062337999999999998 0.305255 0.18634999999999999 0 0.063568999999999987 0.13903699999999999 0.062337999999999998 0.0087600000000000004 0.0088439999999999994 0.0081679999999999999 0.040945000000000002 0.11621000000000001 0.040736999999999995 0.0021450000000000002 0.0021919999999999999 0.0021320000000000002 0.00058199999999999994 0.00055100000000000006 0.000544 2.0833288028152874 2.0833288028152874 2.0833288028152874 0.00073396014806945023 0.00073396014806945023 0.00073396014806945023 1 1 1 Converged Converged Converged OK OK OK 45 45 45 45 45 45 3 3 3 0 0 0 0 1 0 0 1
77 77 uniform 3 0 778 0 0.0001 0.71586277562070622 0.075571062469608735 0.0024551066785721025 0.56113248482618949 -0.54030278218637484 0.56064146349047506 0 -0.51034398671391989 2.0789102714926044 OK 13 12 0.38417800000000002 0.391347 0.104128 0.27893400000000002 0.28645599999999999 0 0.105244 0.10489100000000001 0.104128 0.0092779999999999998 0.0092449999999999997 0.0089259999999999999 0.068312000000000025 0.068089000000000011 0.068095000000000003 0.0038379999999999998 0.0038519999999999995 0.0037699999999999999 0.00077899999999999996 0.00078800000000000007 0.00076399999999999992 2.0789102560551842 2.0789102560551842 2.0789102560551842 6.2770288743835818e-05 6.2770288743835818e-05 6.2770288743835818e-05 1 1 1 Converged Converged Converged OK OK OK 77 77 77 77 77 77 3 3 3 0 0 0 0 0 1 0 0
77 77 uniform 3 7 778 1 0.0001 0.71586277562070622 0.075571062469608735 0.0024551066785721025 0.56113248482618949 -0.54030278218637484 0.56094034604264909 0 -0.51064286926609392 2.0802391386422547 OK 13 12 0.41943599999999998 0.45602999999999999 0.097212000000000007 0.320442 0.19470399999999999 0 0.098993999999999971 0.261326 0.097212000000000007 0.0088839999999999995 0.0088979999999999997 0.0083420000000000005 0.066320000000000032 0.22838399999999998 0.065789999999999987 0.0037990000000000003 0.003967 0.0038149999999999998 0.00077799999999999994 0.00077700000000000002 0.00075700000000000008 2.0802391231948976 2.0802391231948976 2.0802391231948976 6.3149383790301136e-05 6.3149383790301136e-05 6.3149383790301136e-05 1 1 1 Converged Converged Converged OK OK OK 77 77 77 77 77 77 3 3 3 0 0 0 0 1 0 0 1
77 77 uniform 3 15 778 2 0.0001 0.71586277562070622 0.075571062469608735 0.0024551066785721025 0.56113248482618949 -0.54030278218637484 0.56128192610227645 0 -0.51098444932572129 2.0817747909143156 OK 13 12 0.41939500000000002 0.46603699999999998 0.104181 0.31201899999999999 0.197543 0 0.10737600000000003 0.26849400000000001 0.104181 0.0085939999999999992 0.0085000000000000006 0.0079760000000000005 0.074691000000000021 0.23588299999999995 0.073169999999999971 0.0038890000000000001 0.0039319999999999997 0.003774 0.00078199999999999993 0.00077300000000000003 0.00076099999999999996 2.081774775455425 2.081774775455425 2.081774775455425 6.3587762619071665e-05 6.3587762619071665e-05 6.3587762619071665e-05 1 1 1 Converged Converged Converged OK OK OK 77 77 77 77 77 77 3 3 3 0 0 0 0 1 0 0 1
77 77 uniform 3 23 778 3 0.0001 0.71586277562070622 0.075571062469608735 0.0024551066785721025 0.56113248482618949 -0.54030278218637484 0.56162350616190393 0 -0.51132602938534877 2.0833288183022898 OK 13 12 0.405138 0.43302099999999999 0.095027 0.30535400000000001 0.18435099999999999 0 0.099783999999999984 0.24867 0.095027 0.0088509999999999995 0.0088489999999999992 0.008286 0.067162999999999987 0.21548199999999992 0.063632000000000008 0.003836 0.0039290000000000002 0.0037289999999999997 0.00076899999999999994 0.000776 0.00075700000000000008 2.0833288028317853 2.0833288028317853 2.0833288028317853 6.4031714390155048e-05 6.4031714390155048e-05 6.4031714390155048e-05 1 1 1 Converged Converged Converged OK OK OK 77 77 77 77 77 77 3 3 3 0 0 0 0 1 0 0 1
77 77 uniform 4 0 779 0 0.001 0.71586277562070622 0.075571062469608735 0.0024551066785721025 -0.18548410330727488 -0.0042288762852506568 -0.18597512464298929 0 0.23627260141954443 12.120886669925794 OK 13 12 0.36818699999999999 0.36720999999999998 0.051385 0.31547500000000001 0.31467800000000001 0 0.052711999999999981 0.052531999999999968 0.051385 0.009044 0.008881 0.0085070000000000007 0.030827000000000004 0.030989000000000003 0.030624000000000002 0.001725 0.0017229999999999999 0.001689 0.00042599999999999995 0.00043599999999999997 0.00042499999999999998 12.12088588293607 12.12088588293607 12.12088588293607 0.0035713567578697474 0.0035713567578697474 0.0035713567578697474 1 1 1 Converged Converged Converged OK OK OK 37 37 37 37 37 37 3 3 3 0 0 0 0 0 1 0 0
77 77 uniform 4 7 779 1 0.001 0.71586277562070622 0.075571062469608735 0.0024551066785721025 -0.18548410330727488 -0.0042288762852506568 -0.18567624209081532 0 0.23597371886737045 12.059426373440697 OK 13 12 0.36936600000000003 0.263984 0.051965999999999998 0.31574099999999999 0.18192900000000001 0 0.053625000000000034 0.082054999999999989 0.051965999999999998 0.00826 0.0083440000000000007 0.0076379999999999998 0.033938999999999997 0.062279999999999995 0.033378000000000005 0.0018209999999999999 0.0017730000000000001 0.0017470000000000001 0.00042400000000000001 0.00043300000000000001 0.00042499999999999998 12.059425571201061 12.059425571201061 12.059425571201061 0.0035352525462691311 0.0035352525462691311 0.0035352525462691311 1 1 1 Converged Converged Converged OK OK OK 37 37 37 37 37 37 3 3 3 0 0 0 0 1 0 0 1
77 77 uniform 4 15 779 2 0.001 0.71586277562070622 0.075571062469608735 0.0024551066785721025 -0.18548410330727488 -0.0042288762852506568 -0.1853346620311879 0 0.23563213880774303 11.989125753374481 OK 13 12 0.37475199999999997 0.265233 0.049796 0.32338699999999998 0.19100600000000001 0 0.051364999999999994 0.074226999999999987 0.049796 0.0082529999999999999 0.0083140000000000002 0.0076579999999999999 0.031425999999999996 0.05451799999999999 0.031070999999999994 0.0018109999999999999 0.0018079999999999997 0.0016869999999999999 0.00044099999999999999 0.00044700000000000002 0.000417 11.989124931705799 11.989124931705799 11.989124931705799 0.0034941677105355192 0.0034941677105355192 0.0034941677105355192 1 1 1 Converged Converged Converged OK OK OK 37 37 37 37 37 37 3 3 3 0 0 0 0 1 0 0 1
77 77 uniform 4 23 779 3 0.001 0.71586277562070622 0.075571062469608735 0.0024551066785721025 -0.18548410330727488 -0.0042288762852506568 -0.18499308197156047 0 0.23529055874811561 11.918822594561684 OK 13 12 0.35616900000000001 0.25998399999999999 0.052492999999999998 0.30220900000000001 0.18270700000000001 0 0.053960000000000008 0.077276999999999985 0.052492999999999998 0.0082179999999999996 0.0082730000000000008 0.0076930000000000002 0.034162000000000005 0.057648000000000005 0.033844000000000013 0.001774 0.001797 0.0017309999999999999 0.000426 0.000444 0.00041399999999999998 11.918821768649904 11.918821768649904 11.918821768649904 0.0034533834848966814 0.0034533834848966814 0.0034533834848966814 1 1 1 Converged Converged Converged OK OK OK 37 37 37 37 37 37 3 3 3 0 0 0 0 1 0 0 1
77 77 uniform 4 0 779 0 0.0001 0.71586277562070622 0.075571062469608735 0.0024551066785721025 -0.18548410330727488 -0.0042288762852506568 -0.18597512464298929 0 0.23627260141954443 12.120886669925794 OK 13 12 0.38662400000000002 0.38782 0.071417999999999995 0.31488500000000003 0.31580399999999997 0 0.071738999999999997 0.072016000000000024 0.071417999999999995 0.0086680000000000004 0.0089460000000000008 0.0085489999999999993 0.045009000000000007 0.045073000000000009 0.044799000000000005 0.0025730000000000002 0.0025440000000000003 0.0026380000000000002 0.00055199999999999997 0.00055500000000000005 0.00055400000000000002 12.120885853901079 12.120885853901079 12.120885853901079 0.0011018668384128693 0.0011018668384128693 0.0011018668384128693 1 1 1 Converged Converged Converged OK OK OK 53 53 53 53 53 53 3 3 3 0 0 0 0 0 1 0 0
77 77 uniform 4 7 779 1 0.0001 0.71586277562070622 0.075571062469608735 0.0024551066785721025 -0.18548410330727488 -0.0042288762852506568 -0.18567624209081532 0 0.23597371886737045 12.059426373440697 OK 13 12 0.38858300000000001 0.29186099999999998 0.070431999999999995 0.31685200000000002 0.185749 0 0.071730999999999989 0.10611199999999998 0.070431999999999995 0.0082050000000000005 0.0082419999999999993 0.0076420000000000004 0.047307000000000002 0.081484000000000015 0.046905999999999989 0.0026130000000000003 0.002601 0.0026220000000000002 0.00054900000000000001 0.00054699999999999996 0.00052499999999999997 12.05942554991694 12.05942554991694 12.05942554991694 0.0011032304019246613 0.0011032304019246613 0.0011032304019246613 1 1 1 Converged Converged Converged OK OK OK 53 53 53 53 53 53 3 3 3 0 0 0 0 1 0 0 1
77 77 uniform 4 15 779 2 0.0001 0.71586277562070622 0.075571062469608735 0.0024551066785721025 -0.18548410330727488 -0.0042288762852506568 -0.1853346620311879 0 0.23563213880774303 11.989125753374481 OK 13 12 0.39643699999999998 0.29053000000000001 0.069218000000000002 0.32583800000000002 0.19097700000000001 0 0.070598999999999967 0.099553000000000003 0.069218000000000002 0.0081919999999999996 0.0082799999999999992 0.0077019999999999996 0.046064999999999988 0.075047999999999976 0.04572600000000001 0.002601 0.0026210000000000001 0.0025219999999999999 0.00054500000000000002 0.00056999999999999998 0.00052900000000000006 11.9891249180617 11.9891249180617 11.9891249180617 0.0011047952108759495 0.0011047952108759495 0.0011047952108759495 1 1 1 Converged Converged Converged OK OK OK 53 53 53 53 53 53 3 3 3 0 0 0 0 1 0 0 1
77 77 uniform 4 23 779 3 0.0001 0.71586277562070622 0.075571062469608735 0.0024551066785721025 -0.18548410330727488 -0.0042288762852506568 -0.18499308197156047 0 0.23529055874811561 11.918822594561684 OK 13 12 0.37530799999999997 0.28492499999999998 0.071748999999999993 0.30211100000000002 0.18235000000000001 0 0.073196999999999957 0.10257499999999997 0.071748999999999993 0.0081539999999999998 0.0082220000000000001 0.007639 0.048892999999999992 0.078205000000000024 0.048390000000000002 0.0025700000000000002 0.0026839999999999998 0.0025509999999999999 0.00056800000000000004 0.00056800000000000004 0.00052999999999999998 11.918821761481325 11.918821761481325 11.918821761481325 0.0011063667570063061 0.0011063667570063061 0.0011063667570063061 1 1 1 Converged Converged Converged OK OK OK 53 53 53 53 53 53 3 3 3 0 0 0 0 1 0 0 1
78 78 linear 0 0 780 0 0.001 0.5620933780489592 0.52519210973647046 0.0052210142767647825 0.40305623299658644 -1.438114035798193 0.40201203014123349 0.5 -0.20845804753019076 4.3293482515550288 OK 14 13 0.434423 0.43667600000000001 0.139539 0.29234599999999999 0.29617100000000002 0 0.14207700000000001 0.14050499999999999 0.139539 0.012855 0.013157 0.012744 0.10157100000000001 0.099677999999999989 0.099405999999999994 0.0036760000000000004 0.0036189999999999998 0.003578 0.00095200000000000005 0.00099299999999999974 0.00094999999999999989 4.3293617412717618 4.3293617412717618 4.3293617412717618 0.0033063797419052845 0.0033063797419052845 0.0033063797419052845 1 1 1 Converged Converged Converged OK OK OK 82 82 82 82 82 82 6 6 6 0 0 0 0 0 1 0 0
78 78 linear 0 7 780 1 0.001 0.5620933780489592 0.52519210973647046 0.0052210142767647825 0.40305623299658644 -1.438114035798193 0.40264763187927444 0.5 -0.20909364926823171 4.34631428560761 OK 14 13 0.44796599999999998 0.49182199999999998 0.13179199999999999 0.31322 0.21418000000000001 0 0.13474599999999998 0.27764199999999994 0.13179199999999999 0.012043999999999999 0.012243 0.011501000000000001 0.10138699999999999 0.24380399999999994 0.099433999999999981 0.003614 0.0039870000000000001 0.003614 0.00096499999999999993 0.00097800000000000014 0.00092599999999999996 4.3463319972117862 4.3463319972117862 4.3463319972117862 0.003322372227826424 0.003322372227826424 0.003322372227826424 1 1 1 Converged Converged Converged OK OK OK 82 82 82 82 82 82 6 6 6 0 0 0 0 1 0 0 1
78 78 linear 0 15 780 2 0.001 0.5620933780489592 0.52519210973647046 0.0052210142767647825 0.40305623299658644 -1.438114035798193 0.40337403386560688 0.5 -0.20982005125456415 4.3679626670573031 OK 14 13 0.45322800000000002 0.47073399999999999 0.123281 0.32639600000000002 0.20713699999999999 0 0.126832 0.26359699999999997 0.123281 0.012070000000000001 0.012125 0.011419 0.093467000000000064 0.22982700000000003 0.091230000000000033 0.0037959999999999999 0.0038540000000000007 0.0036359999999999999 0.00098299999999999993 0.0009630000000000001 0.00096499999999999993 4.3679717548056907 4.3679717548056907 4.3679717548056907 0.0033435880300803481 0.0033435880300803481 0.0033435880300803481 1 1 1 Converged Converged Converged OK OK OK 82 82 82 82 82 82 6 6 6 0 0 0 0 1 0 0 1
78 78 linear 0 23 780 3 0.001 0.5620933780489592 0.52519210973647046 0.0052210142767647825 0.40305623299658644 -1.438114035798193 0.40410043585193939 0.5 -0.21054645324089666 4.3921577410818848 OK 14 13 0.47533999999999998 0.46847100000000003 0.13450200000000001 0.337586 0.216751 0 0.13775399999999999 0.25172000000000005 0.13450200000000001 0.012031 0.012135 0.011416000000000001 0.104452 0.21790200000000001 0.10253100000000001 0.003738 0.0038439999999999998 0.0036120000000000006 0.00097100000000000007 0.0010059999999999999 0.00092200000000000008 4.3921645405517991 4.3921645405517991 4.3921645405517991 0.0033682186632267319 0.0033682186632267319 0.0033682186632267319 1 1 1 Converged Converged Converged OK OK OK 82 82 82 82 82 82 6 6 6 0 0 0 0 1 0 0 1
78 78 linear 0 0 780 0 0.0001 0.5620933780489592 0.52519210973647046 0.0052210142767647825 0.40305623299658644 -1.438114035798193 0.40201203014123349 0.5 -0.20845804753019076 4.3293482515550288 OK 14 13 0.50568900000000006 0.50510200000000005 0.21046599999999999 0.29124699999999998 0.2944 0 0.21444200000000008 0.21070200000000006 0.21046599999999999 0.013129 0.012916 0.012736000000000001 0.15422000000000005 0.15141099999999993 0.150945 0.0063369999999999989 0.0062770000000000005 0.0063179999999999998 0.0013909999999999999 0.0013909999999999999 0.0013940000000000001 4.3293617427087927 4.3293617427087927 4.3293617427087927 0.00019983507736555311 0.00019983507736555311 0.00019983507736555311 1 1 1 Converged Converged Converged OK OK OK 130 130 130 130 130 130 6 6 6 0 0 0 0 0 1 0 0
78 78 linear 0 7 780 1 0.0001 0.5620933780489592 0.52519210973647046 0.0052210142767647825 0.40305623299658644 -1.438114035798193 0.40264763187927444 0.5 -0.20909364926823171 4.34631428560761 OK 14 13 0.51888800000000002 0.66725699999999999 0.200322 0.31395099999999998 0.21377299999999999 0 0.20493700000000004 0.453484 0.200322 0.012109 0.01209 0.01146 0.15636899999999992 0.40429699999999985 0.15348999999999988 0.0064489999999999999 0.0066669999999999993 0.0062070000000000007 0.0013680000000000001 0.001431 0.0013179999999999999 4.3463319986212978 4.3463319986212978 4.3463319986212978 0.00020219219090022151 0.00020219219090022151 0.00020219219090022151 1 1 1 Converged Converged Converged OK OK OK 130 130 130 130 130 130 6 6 6 0 0 0 0 1 0 0 1
78 78 linear 0 15 780 2 0.0001 0.5620933780489592 0.52519210973647046 0.0052210142767647825 0.40305623299658644 -1.438114035798193 0.40337403386560688 0.5 -0.20982005125456415 4.3679626670573031 OK 14 13 0.515795 0.649787 0.18631300000000001 0.32521099999999997 0.20932899999999999 0 0.19058400000000003 0.44045800000000002 0.18631300000000001 0.012062 0.012186000000000001 0.011454000000000001 0.14253899999999994 0.39122499999999988 0.13946000000000006 0.0063990000000000002 0.0067210000000000004 0.0063360000000000005 0.0013749999999999999 0.0014510000000000002 0.0013499999999999999 4.3679717561773321 4.3679717561773321 4.3679717561773321 0.00020675615075376063 0.00020675615075376063 0.00020675615075376063 1 1 1 Converged Converged Converged OK OK OK 130 130 130 130 130 130 6 6 6 0 0 0 0 1 0 0 1
78 78 linear 0 23 780 3 0.0001 0.5620933780489592 0.52519210973647046 0.0052210142767647825 0.40305623299658644 -1.438114035798193 0.40410043585193939 0.5 -0.21054645324089666 4.3921577410818848 OK 14 13 0.54501699999999997 0.64007999999999998 0.19881499999999999 0.34167700000000001 0.22014600000000001 0 0.20333999999999997 0.41993399999999997 0.19881499999999999 0.012019999999999999 0.012179000000000001 0.011424999999999999 0.15531899999999998 0.37107699999999999 0.15188199999999985 0.0062300000000000003 0.0065530000000000007 0.0062879999999999993 0.0013760000000000001 0.001402 0.001403 4.3921645418771185 4.3921645418771185 4.3921645418771185 0.00021350725915677591 0.00021350725915677591 0.00021350725915677591 1 1 1 Converged Converged Converged OK OK OK 130 130 130 130 130 130 6 6 6 0 0 0 0 1 0 0 1
78 78 linear 1 0 781 0 0.001 0.5620933780489592 0.52519210973647046 0.0052210142767647825 0.088398237402794358 0.0012652557453035451 0.087354034547441395 0.5 0.10619994806360133 82.498881561521799 OK 16 15 0.59890900000000002 0.58861699999999995 0.24274899999999999 0.35009699999999999 0.342945 0 0.24881200000000003 0.24567199999999995 0.24274899999999999 0.013769 0.013949 0.013384 0.20261900000000005 0.19906000000000013 0.19726599999999994 0.0041980000000000003 0.0046119999999999998 0.0042949999999999993 0.00093700000000000001 0.00097399999999999993 0.000941 82.499472448436777 82.499472448436777 82.499472448436777 0.074143681529236574 0.074143681529236574 0.074143681529236574 1 1 1 Converged Converged Converged OK OK OK 103 103 103 103 103 103 9 9 9 0 0 0 0 0 1 0 0
78 78 linear 1 7 781 1 0.001 0.5620933780489592 0.52519210973647046 0.0052210142767647825 0.088398237402794358 0.0012652557453035451 0.087989636285482328 0.5 0.1055643463255604 85.031986384458193 OK 16 15 0.59645400000000004 0.52077899999999999 0.23496600000000001 0.354578 0.22338 0 0.24187600000000004 0.29739899999999997 0.23496600000000001 0.012903 0.012666 0.011979999999999999 0.20408099999999998 0.26097700000000007 0.2002000000000001 0.0048840000000000003 0.0043699999999999998 0.0042290000000000001 0.00099500000000000001 0.00091500000000000001 0.00089999999999999998 85.032775036340183 85.032775036340183 85.032775036340183 0.074474758185340495 0.074474758185340495 0.074474758185340495 1 1 1 Converged Converged Converged OK OK OK 103 103 103 103 103 103 9 9 9 0 0 0 0 1 0 0 1
78 78 linear 1 15 781 2 0.001 0.5620933780489592 0.52519210973647046 0.0052210142767647825 0.088398237402794358 0.0012652557453035451 0.088716038271814818 0.5 0.10483794433922791 86.98739864740179 OK 16 15 0.59534500000000001 0.50728499999999999 0.228494 0.35439799999999999 0.22792299999999999 0 0.24094700000000002 0.279362 0.228494 0.012718 0.012777999999999999 0.012015 0.20411000000000004 0.24250600000000005 0.19383199999999998 0.0044180000000000001 0.0045859999999999998 0.0041619999999999999 0.00094900000000000008 0.00089900000000000006 0.00089900000000000006 86.98842140121593 86.98842140121593 86.98842140121593 0.076000007421017021 0.076000007421017021 0.076000007421017021 1 1 1 Converged Converged Converged OK OK OK 103 103 103 103 103 103 9 9 9 0 0 0 0 1 0 0 1
78 78 linear 1 23 781 3 0.001 0.5620933780489592 0.52519210973647046 0.0052210142767647825 0.088398237402794358 0.0012652557453035451 0.089442440258147321 0.5 0.10411154235289541 88.283432069854697 OK 16 15 0.581619 0.49542700000000001 0.22763900000000001 0.34631200000000001 0.21695 0 0.23530699999999999 0.27847699999999997 0.22763900000000001 0.012383999999999999 0.012522999999999999 0.011663 0.19956599999999994 0.24225799999999992 0.19316299999999995 0.0041599999999999996 0.0046100000000000012 0.0043579999999999999 0.000919 0.00093400000000000004 0.00091600000000000004 88.284349994933578 88.284349994933578 88.284349994933578 0.07795912672008648 0.07795912672008648 0.07795912672008648 1 1 1 Converged Converged Converged OK OK OK 103 103 103 103 103 103 9 9 9 0 0 0 0 1 0 0 1
78 78 linear 1 0 781 0 0.0001 0.5620933780489592 0.52519210973647046 0.0052210142767647825 0.088398237402794358 0.0012652557453035451 0.087354034547441395 0.5 0.10619994806360133 82.498881561521799 OK 16 15 0.694295 0.66308500000000004 0.315606 0.357155 0.34609000000000001 0 0.33714 0.31699500000000003 0.315606 0.015218000000000001 0.013875 0.013440000000000001 0.27347299999999991 0.25603300000000007 0.255415 0.0059610000000000002 0.0060090000000000005 0.0062490000000000011 0.001451 0.001408 0.001387 82.49870136381071 82.49870136381071 82.49870136381071 0.0064415135512429778 0.0064415135512429778 0.0064415135512429778 1 1 1 Converged Converged Converged OK OK OK 135 135 135 135 135 135 9 9 9 0 0 0 0 0 1 0 0
78 78 linear 1 7 781 1 0.0001 0.5620933780489592 0.52519210973647046 0.0052210142767647825 0.088398237402794358 0.0012652557453035451 0.087989636285482328 0.5 0.1055643463255604 85.031986384458193 OK 16 15 0.68385300000000004 0.60567599999999999 0.29989399999999999 0.36420400000000003 0.22378000000000001 0 0.31964900000000002 0.38189600000000001 0.29989399999999999 0.014087000000000001 0.012725999999999999 0.012016000000000001 0.27200899999999995 0.33592399999999983 0.25575999999999999 0.0060010000000000003 0.0063259999999999992 0.0059700000000000013 0.0013979999999999999 0.0013849999999999999 0.0013500000000000001 85.032009086967278 85.032009086967278 85.032009086967278 0.0049424369041197866 0.0049424369041197866 0.0049424369041197866 1 1 1 Converged Converged Converged OK OK OK 135 135 135 135 135 135 9 9 9 0 0 0 0 1 0 0 1
78 78 linear 1 15 781 2 0.0001 0.5620933780489592 0.52519210973647046 0.0052210142767647825 0.088398237402794358 0.0012652557453035451 0.088716038271814818 0.5 0.10483794433922791 86.98739864740179 OK 16 15 0.66606200000000004 0.58704000000000001 0.294904 0.35711599999999999 0.225663 0 0.30894600000000005 0.361377 0.294904 0.012834999999999999 0.012633 0.011955 0.26218600000000009 0.31652400000000008 0.25129500000000005 0.006705 0.0058090000000000008 0.0057959999999999999 0.0014130000000000002 0.001366 0.0013350000000000002 86.987661459944192 86.987661459944192 86.987661459944192 0.0042560851920331079 0.0042560851920331079 0.0042560851920331079 1 1 1 Converged Converged Converged OK OK OK 135 135 135 135 135 135 9 9 9 0 0 0 0 1 0 0 1
78 78 linear 1 23 781 3 0.0001 0.5620933780489592 0.52519210973647046 0.0052210142767647825 0.088398237402794358 0.0012652557453035451 0.089442440258147321 0.5 0.10411154235289541 88.283432069854697 OK 16 15 0.65025200000000005 0.58739600000000003 0.29620400000000002 0.34467100000000001 0.21799499999999999 0 0.30558100000000005 0.36940100000000003 0.29620400000000002 0.01251 0.012433 0.011667 0.25958500000000001 0.32374100000000006 0.25247799999999992 0.0067409999999999987 0.0064850000000000012 0.0061589999999999995 0.001439 0.0014650000000000002 0.0013509999999999998 88.283596248774074 88.283596248774074 88.283596248774074 0.0038688381823674149 0.0038688381823674149 0.0038688381823674149 1 1 1 Converged Converged Converged OK OK OK 135 135 135 135 135 135 9 9 9 0 0 0 0 1 0 0 1
78 78 linear 2 0 782 0 0.001 0.5620933780489592 0.52519210973647046 0.0052210142767647825 -0.090857524447284371 -0.035920012147790906 -0.091901727302637334 0.5 0.28545570991368008 5.3661252312139611 OK 13 12 0.40197500000000003 0.39823599999999998 0.083387000000000003 0.31652200000000003 0.31425799999999998 0 0.085453000000000001 0.083977999999999997 0.083387000000000003 0.0088920000000000006 0.0088830000000000003 0.0086219999999999995 0.057956000000000008 0.056674000000000009 0.056527000000000015 0.002862 0.002696 0.002728 0.00059900000000000003 0.00058399999999999999 0.00057100000000000011 5.3661182420275368 5.3661182420275368 5.3661182420275368 0.0041557568396756303 0.0041557568396756303 0.0041557568396756303 1 1 1 Converged Converged Converged OK OK OK 53 53 53 53 53 53 3 3 3 0 0 0 0 0 1 0 0
78 78 linear 2 7 782 1 0.001 0.5620933780489592 0.52519210973647046 0.0052210142767647825 -0.090857524447284371 -0.035920012147790906 -0.091266125564596401 0.5 0.28482010817563913 5.3673546570119788 OK 13 12 0.37815199999999999 0.28619299999999998 0.075941999999999996 0.29953200000000002 0.170852 0 0.078619999999999968 0.11534099999999997 0.075941999999999996 0.0081270000000000005 0.0081720000000000004 0.0077790000000000003 0.053918000000000008 0.087144000000000027 0.052154000000000013 0.0027229999999999997 0.0028119999999999998 0.002771 0.00058699999999999996 0.00058599999999999993 0.00054900000000000001 5.367347691839182 5.367347691839182 5.367347691839182 0.0041704305419038969 0.0041704305419038969 0.0041704305419038969 1 1 1 Converged Converged Converged OK OK OK 53 53 53 53 53 53 3 3 3 0 0 0 0 1 0 0 1
78 78 linear 2 15 782 2 0.001 0.5620933780489592 0.52519210973647046 0.0052210142767647825 -0.090857524447284371 -0.035920012147790906 -0.090539723578263911 0.5 0.28409370618930663 5.3689377758813963 OK 13 12 0.38752399999999998 0.28604499999999999 0.078725000000000003 0.306423 0.180203 0 0.081100999999999979 0.10584199999999999 0.078725000000000003 0.0082749999999999994 0.0082699999999999996 0.0077000000000000002 0.056358999999999999 0.081153000000000017 0.054959000000000008 0.0026649999999999998 0.0028069999999999996 0.002673 0.00057600000000000001 0.00056400000000000005 0.00055899999999999993 5.3689308370662774 5.3689308370662774 5.3689308370662774 0.004187322783870873 0.004187322783870873 0.004187322783870873 1 1 1 Converged Converged Converged OK OK OK 53 53 53 53 53 53 3 3 3 0 0 0 0 1 0 0 1
78 78 linear 2 23 782 3 0.001 0.5620933780489592 0.52519210973647046 0.0052210142767647825 -0.090857524447284371 -0.035920012147790906 -0.089813321591931408 0.5 0.28336730420297412 5.3707112886338546 OK 13 12 0.39081700000000003 0.29236600000000001 0.075592999999999994 0.30870999999999998 0.182812 0 0.082107000000000041 0.10955400000000001 0.075592999999999994 0.0082430000000000003 0.0082920000000000008 0.0077270000000000004 0.056982999999999999 0.084321000000000035 0.051907999999999996 0.0029729999999999999 0.002934 0.0027440000000000003 0.00060000000000000006 0.00060900000000000006 0.00056700000000000001 5.3707043757052402 5.3707043757052402 5.3707043757052402 0.0042043462710300798 0.0042043462710300798 0.0042043462710300798 1 1 1 Converged Converged Converged OK OK OK 53 53 53 53 53 53 3 3 3 0 0 0 0 1 0 0 1
78 78 linear 2 0 782 0 0.0001 0.5620933780489592 0.52519210973647046 0.0052210142767647825 -0.090857524447284371 -0.035920012147790906 -0.091901727302637334 0.5 0.28545570991368008 5.3661252312139611 OK 13 12 0.43285699999999999 0.43073800000000001 0.113126 0.31237900000000002 0.31696999999999997 0 0.12047799999999997 0.11376800000000004 0.113126 0.0089119999999999998 0.0089739999999999993 0.0085260000000000006 0.083872999999999961 0.077526000000000012 0.077346999999999985 0.0040720000000000001 0.0039459999999999999 0.0040249999999999999 0.00086300000000000016 0.00084899999999999993 0.00079000000000000012 5.3661228015965934 5.3661228015965934 5.3661228015965934 9.1287494375361244e-06 9.1287494375361244e-06 9.1287494375361244e-06 1 1 1 Converged Converged Converged OK OK OK 77 77 77 77 77 77 3 3 3 0 0 0 0 0 1 0 0
78 78 linear 2 7 782 1 0.0001 0.5620933780489592 0.52519210973647046 0.0052210142767647825 -0.090857524447284371 -0.035920012147790906 -0.091266125564596401 0.5 0.28482010817563913 5.3673546570119788 OK 13 12 0.40554200000000001 0.33910899999999999 0.103284 0.29939300000000002 0.17613500000000001 0 0.10614899999999999 0.16297399999999998 0.103284 0.0081779999999999995 0.0083499999999999998 0.007698 0.074073999999999987 0.13059900000000005 0.072017999999999999 0.003999 0.0041910000000000003 0.0040740000000000004 0.00081900000000000007 0.000803 0.000794 5.3673522532024931 5.3673522532024931 5.3673522532024931 9.1324447477030956e-06 9.1324447477030956e-06 9.1324447477030956e-06 1 1 1 Converged Converged Converged OK OK OK 77 77 77 77 77 77 3 3 3 0 0 0 0 1 0 0 1
78 78 linear 2 15 782 2 0.0001 0.5620933780489592 0.52519210973647046 0.0052210142767647825 -0.090857524447284371 -0.035920012147790906 -0.090539723578263911 0.5 0.28409370618930663 5.3689377758813963 OK 13 12 0.41508200000000001 0.33337099999999997 0.106698 0.30499100000000001 0.178977 0 0.11009099999999999 0.15439399999999998 0.106698 0.0082269999999999999 0.0082150000000000001 0.00777 0.077887000000000026 0.12262299999999998 0.075774999999999995 0.0040309999999999999 0.0040899999999999999 0.0039299999999999995 0.00079700000000000007 0.00081700000000000013 0.00076899999999999994 5.3689354004801944 5.3689354004801944 5.3689354004801944 9.1366785200169704e-06 9.1366785200169704e-06 9.1366785200169704e-06 1 1 1 Converged Converged Converged OK OK OK 77 77 77 77 77 77 3 3 3 0 0 0 0 1 0 0 1
78 78 linear 2 23 782 3 0.0001 0.5620933780489592 0.52519210973647046 0.0052210142767647825 -0.090857524447284371 -0.035920012147790906 -0.089813321591931408 0.5 0.28336730420297412 5.3707112886338546 OK 13 12 0.42095700000000003 0.33922799999999997 0.10384599999999999 0.31412800000000002 0.181176 0 0.10682900000000001 0.15805199999999997 0.10384599999999999 0.0081899999999999994 0.0083210000000000003 0.0076600000000000001 0.074570999999999943 0.12581900000000001 0.073058999999999985 0.004215 0.0042110000000000003 0.0039420000000000002 0.00081999999999999998 0.00083500000000000002 0.00081800000000000015 5.3707089411697462 5.3707089411697462 5.3707089411697462 9.1409238737457648e-06 9.1409238737457648e-06 9.1409238737457648e-06 1 1 1 Converged Converged Converged OK OK OK 77 77 77 77 77 77 3 3 3 0 0 0 0 1 0 0 1
78 78 linear 3 0 783 0 0.001 0.5620933780489592 0.52519210973647046 0.0052210142767647825 0.43178404947508681 -1.4349452039817945 0.43073984661973386 0.5 -0.23718586400869113 1.8274836893781998 OK 13 12 0.39781699999999998 0.39456799999999997 0.100746 0.294095 0.29405999999999999 0 0.10372199999999998 0.10050799999999999 0.100746 0.010317 0.010115000000000001 0.0099670000000000002 0.070835000000000023 0.068926000000000001 0.069008 0.0034760000000000004 0.0030989999999999998 0.003392 0.00074299999999999995 0.00067299999999999999 0.00067700000000000008 1.8274825416961946 1.8274825416961946 1.8274825416961946 0.0013493760433480914 0.0013493760433480914 0.0013493760433480914 1 1 1 Converged Converged Converged OK OK OK 61 61 61 61 61 61 3 3 3 0 0 0 0 0 1 0 0
78 78 linear 3 7 783 1 0.001 0.5620933780489592 0.52519210973647046 0.0052210142767647825 0.43178404947508681 -1.4349452039817945 0.4313754483577748 0.5 -0.23782146574673207 1.8187402911987194 OK 13 12 0.39068000000000003 0.42872500000000002 0.097083000000000003 0.29089199999999998 0.189139 0 0.099788000000000043 0.23958600000000002 0.097083000000000003 0.0092519999999999998 0.009391 0.0089770000000000006 0.071339 0.21091300000000002 0.069422999999999985 0.0032530000000000002 0.0033089999999999999 0.0032439999999999999 0.0007000000000000001 0.00067699999999999998 0.00065899999999999997 1.8187391404094857 1.8187391404094857 1.8187391404094857 0.001308275887114676 0.001308275887114676 0.001308275887114676 1 1 1 Converged Converged Converged OK OK OK 61 61 61 61 61 61 3 3 3 0 0 0 0 1 0 0 1
78 78 linear 3 15 783 2 0.001 0.5620933780489592 0.52519210973647046 0.0052210142767647825 0.43178404947508681 -1.4349452039817945 0.43210185034410725 0.5 -0.23854786773306452 1.8089294217118237 OK 13 12 0.39723199999999997 0.421427 0.095893999999999993 0.29819800000000002 0.190056 0 0.099033999999999955 0.23137099999999999 0.095893999999999993 0.0094009999999999996 0.0094920000000000004 0.0088660000000000006 0.070253999999999997 0.20237399999999994 0.068301999999999974 0.0032929999999999999 0.0033400000000000001 0.003143 0.000785 0.00076900000000000004 0.00075100000000000015 1.8089282734786731 1.8089282734786731 1.8089282734786731 0.0012639504599152682 0.0012639504599152682 0.0012639504599152682 1 1 1 Converged Converged Converged OK OK OK 61 61 61 61 61 61 3 3 3 0 0 0 0 1 0 0 1
78 78 linear 3 23 783 3 0.001 0.5620933780489592 0.52519210973647046 0.0052210142767647825 0.43178404947508681 -1.4349452039817945 0.43282825233043976 0.5 -0.23927426971939703 1.7993076361992058 OK 13 12 0.39930100000000002 0.42172199999999999 0.096707000000000001 0.29974400000000001 0.187255 0 0.099557000000000007 0.23446699999999998 0.096707000000000001 0.0094459999999999995 0.009469 0.0088190000000000004 0.071125000000000008 0.205535 0.069405000000000036 0.0031640000000000001 0.0033500000000000001 0.0031260000000000003 0.00068000000000000005 0.00069700000000000003 0.00066999999999999991 1.799306530472931 1.799306530472931 1.799306530472931 0.0012222277331750547 0.0012222277331750547 0.0012222277331750547 1 1 1 Converged Converged Converged OK OK OK 61 61 61 61 61 61 3 3 3 0 0 0 0 1 0 0 1
78 78 linear 3 0 783 0 0.0001 0.5620933780489592 0.52519210973647046 0.0052210142767647825 0.43178404947508681 -1.4349452039817945 0.43073984661973386 0.5 -0.23718586400869113 1.8274836893781998 OK 13 12 0.45196399999999998 0.44308900000000001 0.149093 0.29491600000000001 0.29376099999999999 0 0.15704799999999997 0.14932800000000002 0.149093 0.010149 0.0099410000000000002 0.0097669999999999996 0.108528 0.10589199999999997 0.10551600000000001 0.0050299999999999997 0.0049110000000000004 0.0051410000000000006 0.00091499999999999991 0.00090199999999999992 0.00089700000000000001 1.8274825292885208 1.8274825292885208 1.8274825292885208 7.9735483610196948e-08 7.9735483610196948e-08 7.9735483610196948e-08 1 1 1 Converged Converged Converged OK OK OK 93 93 93 93 93 93 3 3 3 0 0 0 0 0 1 0 0
78 78 linear 3 7 783 1 0.0001 0.5620933780489592 0.52519210973647046 0.0052210142767647825 0.43178404947508681 -1.4349452039817945 0.4313754483577748 0.5 -0.23782146574673207 1.8187402911987194 OK 13 12 0.43764599999999998 0.53226600000000002 0.143682 0.28987200000000002 0.19517000000000001 0 0.14777399999999996 0.33709600000000001 0.143682 0.0094160000000000008 0.0094129999999999995 0.0088599999999999998 0.10945600000000001 0.29875000000000007 0.10648100000000001 0.0050499999999999998 0.0050459999999999993 0.0050030000000000005 0.00090399999999999996 0.00090499999999999999 0.00088099999999999995 1.8187391288785066 1.8187391288785066 1.8187391288785066 7.5581157903539793e-08 7.5581157903539793e-08 7.5581157903539793e-08 1 1 1 Converged Converged Converged OK OK OK 93 93 93 93 93 93 3 3 3 0 0 0 0 1 0 0 1
78 78 linear 3 15 783 2 0.0001 0.5620933780489592 0.52519210973647046 0.0052210142767647825 0.43178404947508681 -1.4349452039817945 0.43210185034410725 0.5 -0.23854786773306452 1.8089294217118237 OK 13 12 0.44600400000000001 0.52099700000000004 0.14227500000000001 0.29997000000000001 0.18733 0 0.146034 0.33366700000000005 0.14227500000000001 0.0093399999999999993 0.0094739999999999998 0.0089259999999999999 0.107974 0.29485899999999993 0.10506100000000002 0.0050520000000000001 0.0050980000000000001 0.0049249999999999997 0.00096299999999999988 0.00098900000000000008 0.00095600000000000004 1.8089282628626902 1.8089282628626902 1.8089282628626902 7.1197537336440297e-08 7.1197537336440297e-08 7.1197537336440297e-08 1 1 1 Converged Converged Converged OK OK OK 93 93 93 93 93 93 3 3 3 0 0 0 0 1 0 0 1
78 78 linear 3 23 783 3 0.0001 0.5620933780489592 0.52519210973647046 0.0052210142767647825 0.43178404947508681 -1.4349452039817945 0.43282825233043976 0.5 -0.23927426971939703 1.7993076361992058 OK 13 12 0.44671499999999997 0.529254 0.14582100000000001 0.29642600000000002 0.18658 0 0.15028899999999995 0.34267400000000003 0.14582100000000001 0.009358 0.0094009999999999996 0.0088050000000000003 0.11216900000000003 0.30390400000000001 0.105547 0.0049439999999999996 0.0052980000000000006 0.0048739999999999999 0.00090200000000000013 0.00092400000000000002 0.00089100000000000008 1.7993065206891816 1.7993065206891816 1.7993065206891816 6.7162949891323603e-08 6.7162949891323603e-08 6.7162949891323603e-08 1 1 1 Converged Converged Converged OK OK OK 93 93 93 93 93 93 3 3 3 0 0 0 0 1 0 0 1
78 78 linear 4 0 784 0 0.001 0.5620933780489592 0.52519210973647046 0.0052210142767647825 0.0094816119635952843 0.1893290484698891 0.0084374091082423282 0.5 0.18511657350280039 9.2537516941136584 OK 13 12 0.38780599999999998 0.38425700000000002 0.086168999999999996 0.297263 0.29738599999999998 0 0.090542999999999985 0.086871000000000032 0.086168999999999996 0.0095479999999999992 0.0091430000000000001 0.0087819999999999999 0.061557000000000001 0.059541000000000004 0.059295000000000021 0.0032510000000000004 0.0026870000000000002 0.0027629999999999998 0.000562 0.00056000000000000006 0.00054799999999999998 9.2537413030363815 9.2537413030363815 9.2537413030363815 0.0044716313784384926 0.0044716313784384926 0.0044716313784384926 1 1 1 Converged Converged Converged OK OK OK 53 53 53 53 53 53 3 3 3 0 0 0 0 0 1 0 0
78 78 linear 4 7 784 1 0.001 0.5620933780489592 0.52519210973647046 0.0052210142767647825 0.0094816119635952843 0.1893290484698891 0.0090730108462832582 0.5 0.18448097176475947 9.539324172231991 OK 13 12 0.36418 0.32104300000000002 0.078546000000000005 0.282559 0.16361700000000001 0 0.081620999999999999 0.15742600000000001 0.078546000000000005 0.0084849999999999995 0.0085889999999999994 0.0079819999999999995 0.056219999999999985 0.13223699999999997 0.054319999999999993 0.0027239999999999999 0.002771 0.0027039999999999998 0.00055699999999999999 0.00056099999999999998 0.00053800000000000007 9.5393136387091904 9.5393136387091904 9.5393136387091904 0.004473546470559601 0.004473546470559601 0.004473546470559601 1 1 1 Converged Converged Converged OK OK OK 53 53 53 53 53 53 3 3 3 0 0 0 0 1 0 0 1
78 78 linear 4 15 784 2 0.001 0.5620933780489592 0.52519210973647046 0.0052210142767647825 0.0094816119635952843 0.1893290484698891 0.0097994128326157493 0.5 0.18375456977842697 9.9094347658908326 OK 13 12 0.38150699999999999 0.33766499999999999 0.082170000000000007 0.29638500000000001 0.1774 0 0.085121999999999975 0.16026499999999999 0.082170000000000007 0.0085400000000000007 0.0086639999999999998 0.0079769999999999997 0.060141000000000007 0.13514400000000001 0.058144000000000015 0.0026899999999999997 0.002751 0.0026519999999999998 0.00054600000000000004 0.00056900000000000006 0.00053699999999999993 9.9094241686892257 9.9094241686892257 9.9094241686892257 0.004475749562584821 0.004475749562584821 0.004475749562584821 1 1 1 Converged Converged Converged OK OK OK 53 53 53 53 53 53 3 3 3 0 0 0 0 1 0 0 1
78 78 linear 4 23 784 3 0.001 0.5620933780489592 0.52519210973647046 0.0052210142767647825 0.0094816119635952843 0.1893290484698891 0.01052581481894824 0.5 0.18302816779209449 10.338622571238519 OK 13 12 0.37557499999999999 0.32486100000000001 0.080591999999999997 0.29186400000000001 0.16600799999999999 0 0.08371099999999998 0.15885300000000002 0.080591999999999997 0.0081860000000000006 0.0082710000000000006 0.0077530000000000003 0.058748000000000009 0.13391799999999998 0.056708000000000008 0.0027889999999999998 0.0028320000000000003 0.0027690000000000002 0.00055500000000000005 0.00055699999999999999 0.00054199999999999995 10.338611688807285 10.338611688807285 10.338611688807285 0.0044779707313486869 0.0044779707313486869 0.0044779707313486869 1 1 1 Converged Converged Converged OK OK OK 53 53 53 53 53 53 3 3 3 0 0 0 0 1 0 0 1
78 78 linear 4 0 784 0 0.0001 0.5620933780489592 0.52519210973647046 0.0052210142767647825 0.0094816119635952843 0.1893290484698891 0.0084374091082423282 0.5 0.18511657350280039 9.2537516941136584 OK 13 12 0.40911700000000001 0.40860600000000002 0.11036799999999999 0.29634100000000002 0.29769600000000002 0 0.11277599999999999 0.11091000000000001 0.11036799999999999 0.0091529999999999997 0.0091179999999999994 0.009025 0.079271999999999995 0.077546999999999991 0.077176000000000008 0.0035919999999999997 0.0035200000000000001 0.0036129999999999999 0.00068300000000000001 0.00069400000000000006 0.00066999999999999991 9.2537413048474395 9.2537413048474395 9.2537413048474395 0.00084011259800476665 0.00084011259800476665 0.00084011259800476665 1 1 1 Converged Converged Converged OK OK OK 69 69 69 69 69 69 3 3 3 0 0 0 0 0 1 0 0
78 78 linear 4 7 784 1 0.0001 0.5620933780489592 0.52519210973647046 0.0052210142767647825 0.0094816119635952843 0.1893290484698891 0.0090730108462832582 0.5 0.18448097176475947 9.539324172231991 OK 13 12 0.38700000000000001 0.37240000000000001 0.101271 0.28212500000000001 0.16292100000000001 0 0.104875 0.209479 0.101271 0.0085120000000000005 0.0085719999999999998 0.0081689999999999992 0.07454299999999997 0.17911199999999988 0.072042999999999996 0.0036550000000000003 0.0036870000000000002 0.003558 0.00068000000000000005 0.00068800000000000003 0.00065900000000000008 9.5393136405201737 9.5393136405201737 9.5393136405201737 0.00084043283049665908 0.00084043283049665908 0.00084043283049665908 1 1 1 Converged Converged Converged OK OK OK 69 69 69 69 69 69 3 3 3 0 0 0 0 1 0 0 1
78 78 linear 4 15 784 2 0.0001 0.5620933780489592 0.52519210973647046 0.0052210142767647825 0.0094816119635952843 0.1893290484698891 0.0097994128326157493 0.5 0.18375456977842697 9.9094347658908326 OK 13 12 0.406024 0.38469399999999998 0.10427400000000001 0.29817500000000002 0.177541 0 0.10784899999999997 0.20715299999999998 0.10427400000000001 0.0084419999999999999 0.0086709999999999999 0.0080630000000000007 0.077766999999999989 0.17681200000000005 0.075267000000000001 0.0036120000000000002 0.0036449999999999998 0.0035240000000000002 0.000678 0.000687 0.00066299999999999996 9.9094241705000705 9.9094241705000705 9.9094241705000705 0.00084080566804457617 0.00084080566804457617 0.00084080566804457617 1 1 1 Converged Converged Converged OK OK OK 69 69 69 69 69 69 3 3 3 0 0 0 0 1 0 0 1
78 78 linear 4 23 784 3 0.0001 0.5620933780489592 0.52519210973647046 0.0052210142767647825 0.0094816119635952843 0.1893290484698891 0.01052581481894824 0.5 0.18302816779209449 10.338622571238519 OK 13 12 0.39215299999999997 0.377438 0.106436 0.28548899999999999 0.16791600000000001 0 0.10666399999999998 0.20952199999999999 0.106436 0.0081250000000000003 0.0083079999999999994 0.007698 0.076603999999999992 0.17936399999999997 0.07745100000000002 0.0037469999999999999 0.0038059999999999995 0.0036570000000000001 0.00069099999999999999 0.00069700000000000003 0.000696 10.338611690618052 10.338611690618052 10.338611690618052 0.00084118860942989325 0.00084118860942989325 0.00084118860942989325 1 1 1 Converged Converged Converged OK OK OK 69 69 69 69 69 69 3 3 3 0 0 0 0 1 0 0 1
78 78 uniform 0 0 785 0 0.001 0.5620933780489592 0.52519210973647046 0.0052210142767647825 0.40305623299658644 -1.438114035798193 0.40201203014123349 0 -0.20845804753019076 4.2453559251060184 OK 14 13 0.41720299999999999 0.41809200000000002 0.12341299999999999 0.29225899999999999 0.29380299999999998 0 0.124944 0.12428900000000004 0.12341299999999999 0.013325999999999999 0.013297 0.012635 0.083813999999999944 0.083715000000000012 0.083428999999999975 0.0033830000000000002 0.0033169999999999996 0.0034299999999999995 0.00090100000000000011 0.00089099999999999997 0.00089099999999999997 4.2453562390264343 4.2453562390264343 4.2453562390264343 0.00077448370071443403 0.00077448370071443403 0.00077448370071443403 1 1 1 Converged Converged Converged OK OK OK 82 82 82 82 82 82 6 6 6 0 0 0 0 0 1 0 0
78 78 uniform 0 7 785 1 0.001 0.5620933780489592 0.52519210973647046 0.0052210142767647825 0.40305623299658644 -1.438114035798193 0.40264763187927444 0 -0.20909364926823171 4.2621656421480996 OK 14 13 0.42757699999999998 0.47137800000000002 0.115441 0.31075999999999998 0.210565 0 0.116817 0.26081300000000002 0.115441 0.012168 0.012241 0.011516999999999999 0.083717999999999987 0.22751399999999994 0.083378999999999995 0.0034400000000000003 0.003454 0.0034060000000000002 0.00087200000000000005 0.00088399999999999991 0.00086199999999999992 4.2621659541034074 4.2621659541034074 4.2621659541034074 0.00077958181466411536 0.00077958181466411536 0.00077958181466411536 1 1 1 Converged Converged Converged OK OK OK 82 82 82 82 82 82 6 6 6 0 0 0 0 1 0 0 1
78 78 uniform 0 15 785 2 0.001 0.5620933780489592 0.52519210973647046 0.0052210142767647825 0.40305623299658644 -1.438114035798193 0.40337403386560688 0 -0.20982005125456415 4.2836224109579151 OK 14 13 0.43682599999999999 0.45417200000000002 0.110377 0.32849299999999998 0.20485700000000001 0 0.10833300000000001 0.24931500000000001 0.110377 0.012 0.012128 0.011369000000000001 0.075397999999999979 0.21606299999999992 0.078733999999999985 0.0033549999999999995 0.003607 0.0033240000000000001 0.00095000000000000011 0.00092199999999999997 0.00090100000000000011 4.2836227012376487 4.2836227012376487 4.2836227012376487 0.00078691294780952983 0.00078691294780952983 0.00078691294780952983 1 1 1 Converged Converged Converged OK OK OK 82 82 82 82 82 82 6 6 6 0 0 0 0 1 0 0 1
78 78 uniform 0 23 785 3 0.001 0.5620933780489592 0.52519210973647046 0.0052210142767647825 0.40305623299658644 -1.438114035798193 0.40410043585193939 0 -0.21054645324089666 4.30763029789731 OK 14 13 0.456897 0.450762 0.11829199999999999 0.33780700000000002 0.216306 0 0.11908999999999997 0.234456 0.11829199999999999 0.011971000000000001 0.012128999999999999 0.011471 0.086535999999999946 0.20155999999999996 0.086525000000000019 0.0033899999999999998 0.0034770000000000001 0.0033210000000000006 0.00086899999999999998 0.00086100000000000011 0.00084500000000000005 4.3076305782691424 4.3076305782691424 4.3076305782691424 0.00079601549968888788 0.00079601549968888788 0.00079601549968888788 1 1 1 Converged Converged Converged OK OK OK 82 82 82 82 82 82 6 6 6 0 0 0 0 1 0 0 1
78 78 uniform 0 0 785 0 0.0001 0.5620933780489592 0.52519210973647046 0.0052210142767647825 0.40305623299658644 -1.438114035798193 0.40201203014123349 0 -0.20845804753019076 4.2453559251060184 OK 14 13 0.43218099999999998 0.43206499999999998 0.14002600000000001 0.29144599999999998 0.29209499999999999 0 0.140735 0.13996999999999998 0.14002600000000001 0.012881999999999999 0.012747 0.012748000000000001 0.094326999999999953 0.094338000000000005 0.094145000000000048 0.0041309999999999993 0.0041710000000000002 0.0041289999999999999 0.001036 0.001031 0.0010299999999999999 4.2453562390341784 4.2453562390341784 4.2453562390341784 0.00040026291682409941 0.00040026291682409941 0.00040026291682409941 1 1 1 Converged Converged Converged OK OK OK 98 98 98 98 98 98 6 6 6 0 0 0 0 0 1 0 0
78 78 uniform 0 7 785 1 0.0001 0.5620933780489592 0.52519210973647046 0.0052210142767647825 0.40305623299658644 -1.438114035798193 0.40264763187927444 0 -0.20909364926823171 4.2621656421480996 OK 14 13 0.44832300000000003 0.54350799999999999 0.13433 0.31574099999999999 0.212232 0 0.13258200000000003 0.33127600000000001 0.13433 0.012045 0.012019999999999999 0.011417 0.094745999999999955 0.29299599999999998 0.094247999999999971 0.0043099999999999996 0.0044470000000000004 0.004104 0.00098999999999999999 0.0010299999999999999 0.0010009999999999999 4.2621659541112029 4.2621659541112029 4.2621659541112029 0.0004053661784271171 0.0004053661784271171 0.0004053661784271171 1 1 1 Converged Converged Converged OK OK OK 98 98 98 98 98 98 6 6 6 0 0 0 0 1 0 0 1
78 78 uniform 0 15 785 2 0.0001 0.5620933780489592 0.52519210973647046 0.0052210142767647825 0.40305623299658644 -1.438114035798193 0.40337403386560688 0 -0.20982005125456415 4.2836224109579151 OK 14 13 0.44965100000000002 0.52406799999999998 0.122419 0.32507000000000003 0.20674300000000001 0 0.124581 0.31732499999999997 0.122419 0.012057999999999999 0.016192000000000002 0.011464 0.086622999999999964 0.27489500000000006 0.085991999999999999 0.0042250000000000005 0.0043819999999999996 0.0041650000000000003 0.0010739999999999999 0.0010479999999999999 0.001016 4.283622701245462 4.283622701245462 4.283622701245462 0.00041270320347758016 0.00041270320347758016 0.00041270320347758016 1 1 1 Converged Converged Converged OK OK OK 98 98 98 98 98 98 6 6 6 0 0 0 0 1 0 0 1
78 78 uniform 0 23 785 3 0.0001 0.5620933780489592 0.52519210973647046 0.0052210142767647825 0.40305623299658644 -1.438114035798193 0.40410043585193939 0 -0.21054645324089666 4.30763029789731 OK 14 13 0.47720400000000002 0.51199700000000004 0.13333999999999999 0.342196 0.21585199999999999 0 0.13500800000000002 0.29614500000000005 0.13333999999999999 0.012193000000000001 0.012303 0.011488 0.097256000000000037 0.25764099999999995 0.097096000000000016 0.0042370000000000003 0.0044480000000000006 0.0040930000000000003 0.00099200000000000004 0.001018 0.00097900000000000005 4.3076305782768856 4.3076305782768856 4.3076305782768856 0.00042181165633160171 0.00042181165633160171 0.00042181165633160171 1 1 1 Converged Converged Converged OK OK OK 98 98 98 98 98 98 6 6 6 0 0 0 0 1 0 0 1
78 78 uniform 1 0 786 0 0.001 0.5620933780489592 0.52519210973647046 0.0052210142767647825 0.088398237402794358 0.0012652557453035451 0.087354034547441395 0 0.10619994806360133 82.402260619642121 OK 16 15 0.54932199999999998 0.54894699999999996 0.20563500000000001 0.342947 0.341086 0 0.20637499999999998 0.20786099999999996 0.20563500000000001 0.013934999999999999 0.013955 0.013390000000000001 0.15571999999999991 0.15662099999999998 0.15572600000000006 0.004705 0.004516 0.0049050000000000005 0.0010940000000000001 0.0010810000000000001 0.001073 82.403635200603574 82.403635200603574 82.403635200603574 0.048710572112869471 0.048710572112869471 0.048710572112869471 1 1 1 Converged Converged Converged OK OK OK 111 111 111 111 111 111 9 9 9 0 0 0 0 0 1 0 0
78 78 uniform 1 7 786 1 0.001 0.5620933780489592 0.52519210973647046 0.0052210142767647825 0.088398237402794358 0.0012652557453035451 0.087989636285482328 0 0.1055643463255604 84.6936502008259 OK 16 15 0.55261199999999999 0.50244699999999998 0.193826 0.356348 0.228078 0 0.19626399999999999 0.27436899999999997 0.193826 0.012782999999999999 0.012772 0.012093 0.15670200000000004 0.235456 0.15602300000000005 0.0050000000000000001 0.004614 0.0046010000000000001 0.001083 0.001077 0.001059 84.695025182693044 84.695025182693044 84.695025182693044 0.046864524621775705 0.046864524621775705 0.046864524621775705 1 1 1 Converged Converged Converged OK OK OK 111 111 111 111 111 111 9 9 9 0 0 0 0 1 0 0 1
78 78 uniform 1 15 786 2 0.001 0.5620933780489592 0.52519210973647046 0.0052210142767647825 0.088398237402794358 0.0012652557453035451 0.088716038271814818 0 0.10483794433922791 86.163645534639656 OK 16 15 0.54410499999999995 0.47942800000000002 0.19320399999999999 0.35460399999999997 0.228463 0 0.18950099999999998 0.25096499999999999 0.19320399999999999 0.01272 0.013032 0.012009000000000001 0.15099099999999999 0.21120000000000003 0.15598699999999999 0.0044220000000000006 0.0051590000000000004 0.0044129999999999994 0.0010280000000000001 0.001122 0.0010510000000000001 86.165010259435419 86.165010259435419 86.165010259435419 0.046333056885940145 0.046333056885940145 0.046333056885940145 1 1 1 Converged Converged Converged OK OK OK 111 111 111 111 111 111 9 9 9 0 0 0 0 1 0 0 1
78 78 uniform 1 23 786 3 0.001 0.5620933780489592 0.52519210973647046 0.0052210142767647825 0.088398237402794358 0.0012652557453035451 0.089442440258147321 0 0.10411154235289541 86.951269038228844 OK 16 15 0.53600000000000003 0.48052400000000001 0.18687400000000001 0.34645999999999999 0.22090599999999999 0 0.18954000000000004 0.25961800000000002 0.18687400000000001 0.012341 0.012661 0.011679 0.15172800000000006 0.22047900000000009 0.15005399999999994 0.0043699999999999998 0.0049629999999999995 0.0043950000000000005 0.00099800000000000019 0.0010949999999999998 0.0010059999999999999 86.952627102157933 86.952627102157933 86.952627102157933 0.046071762563668441 0.046071762563668441 0.046071762563668441 1 1 1 Converged Converged Converged OK OK OK 111 111 111 111 111 111 9 9 9 0 0 0 0 1 0 0 1
78 78 uniform 1 0 786 0 0.0001 0.5620933780489592 0.52519210973647046 0.0052210142767647825 0.088398237402794358 0.0012652557453035451 0.087354034547441395 0 0.10619994806360133 82.402260619642121 OK 16 15 0.57405200000000001 0.572129 0.22734099999999999 0.34369499999999997 0.34310600000000002 0 0.23035700000000003 0.22902299999999998 0.22734099999999999 0.013512 0.013703999999999999 0.013265000000000001 0.17711700000000016 0.17602899999999996 0.17507899999999998 0.0048509999999999994 0.0048640000000000003 0.0046439999999999997 0.0012920000000000002 0.001256 0.001201 82.402286991232728 82.402286991232728 82.402286991232728 0.0068343399221765227 0.0068343399221765227 0.0068343399221765227 1 1 1 Converged Converged Converged OK OK OK 119 119 119 119 119 119 9 9 9 0 0 0 0 0 1 0 0
78 78 uniform 1 7 786 1 0.0001 0.5620933780489592 0.52519210973647046 0.0052210142767647825 0.088398237402794358 0.0012652557453035451 0.087989636285482328 0 0.1055643463255604 84.6936502008259 OK 16 15 0.573577 0.52135100000000001 0.21441299999999999 0.35291 0.22459699999999999 0 0.220667 0.29675400000000002 0.21441299999999999 0.012853 0.012747 0.012017 0.17999300000000007 0.2566179999999999 0.17560399999999998 0.0047470000000000012 0.0047989999999999994 0.0047410000000000004 0.0012670000000000001 0.0013079999999999999 0.0011969999999999999 84.693681612756833 84.693681612756833 84.693681612756833 0.0051331994632616285 0.0051331994632616285 0.0051331994632616285 1 1 1 Converged Converged Converged OK OK OK 119 119 119 119 119 119 9 9 9 0 0 0 0 1 0 0 1
78 78 uniform 1 15 786 2 0.0001 0.5620933780489592 0.52519210973647046 0.0052210142767647825 0.088398237402794358 0.0012652557453035451 0.088716038271814818 0 0.10483794433922791 86.163645534639656 OK 16 15 0.56969599999999998 0.49693999999999999 0.20680299999999999 0.36023699999999997 0.227522 0 0.20945900000000001 0.26941799999999999 0.20680299999999999 0.012614999999999999 0.01282 0.01197 0.16957299999999989 0.22886099999999995 0.16826899999999986 0.0047110000000000008 0.0048850000000000005 0.0046259999999999999 0.0012540000000000001 0.001235 0.0011720000000000001 86.163671961091993 86.163671961091993 86.163671961091993 0.004766370301752405 0.004766370301752405 0.004766370301752405 1 1 1 Converged Converged Converged OK OK OK 119 119 119 119 119 119 9 9 9 0 0 0 0 1 0 0 1
78 78 uniform 1 23 786 3 0.0001 0.5620933780489592 0.52519210973647046 0.0052210142767647825 0.088398237402794358 0.0012652557453035451 0.089442440258147321 0 0.10411154235289541 86.951269038228844 OK 16 15 0.55818199999999996 0.49491099999999999 0.20805599999999999 0.344337 0.21268599999999999 0 0.21384499999999995 0.282225 0.20805599999999999 0.012222 0.012532 0.011637 0.17418299999999998 0.24251699999999998 0.17004599999999992 0.0046629999999999996 0.004718 0.0046990000000000001 0.0012159999999999996 0.001219 0.001147 86.951294043028213 86.951294043028213 86.951294043028213 0.0046686895674777473 0.0046686895674777473 0.0046686895674777473 1 1 1 Converged Converged Converged OK OK OK 119 119 119 119 119 119 9 9 9 0 0 0 0 1 0 0 1
78 78 uniform 2 0 787 0 0.001 0.5620933780489592 0.52519210973647046 0.0052210142767647825 -0.090857524447284371 -0.035920012147790906 -0.091901727302637334 0 0.28545570991368008 5.3663606974326141 OK 13 12 0.37003399999999997 0.37778400000000001 0.052977000000000003 0.31558999999999998 0.32139000000000001 0 0.054443999999999992 0.056394 0.052977000000000003 0.0088649999999999996 0.010253 0.0084700000000000001 0.032501000000000002 0.033384000000000004 0.032207 0.0017539999999999999 0.001794 0.0017260000000000001 0.000464 0.00043800000000000002 0.00042299999999999998 5.3663597183074474 5.3663597183074474 5.3663597183074474 0.0026641270457486497 0.0026641270457486497 0.0026641270457486497 1 1 1 Converged Converged Converged OK OK OK 37 37 37 37 37 37 3 3 3 0 0 0 0 0 1 0 0
78 78 uniform 2 7 787 1 0.001 0.5620933780489592 0.52519210973647046 0.0052210142767647825 -0.090857524447284371 -0.035920012147790906 -0.091266125564596401 0 0.28482010817563913 5.3675875898830876 OK 13 12 0.34932299999999999 0.25007499999999999 0.047684999999999998 0.29810799999999998 0.174651 0 0.051215000000000011 0.075423999999999991 0.047684999999999998 0.0093670000000000003 0.0083529999999999993 0.007626 0.030041999999999989 0.055757999999999995 0.028910999999999999 0.0018240000000000001 0.0018609999999999998 0.001776 0.00044299999999999998 0.00044700000000000002 0.00041399999999999998 5.3675866103712195 5.3675866103712195 5.3675866103712195 0.0026657915503070818 0.0026657915503070818 0.0026657915503070818 1 1 1 Converged Converged Converged OK OK OK 37 37 37 37 37 37 3 3 3 0 0 0 0 1 0 0 1
78 78 uniform 2 15 787 2 0.001 0.5620933780489592 0.52519210973647046 0.0052210142767647825 -0.090857524447284371 -0.035920012147790906 -0.090539723578263911 0 0.28409370618930663 5.3691678859033294 OK 13 12 0.36047899999999999 0.25047999999999998 0.050675999999999999 0.30840200000000001 0.17797099999999999 0 0.052076999999999984 0.07250899999999999 0.050675999999999999 0.0081329999999999996 0.0082220000000000001 0.0076969999999999998 0.032174000000000001 0.052928999999999997 0.03198900000000001 0.0017440000000000001 0.001758 0.001727 0.00042400000000000001 0.00044500000000000003 0.00041400000000000003 5.369166905437698 5.369166905437698 5.369166905437698 0.0026677605084210547 0.0026677605084210547 0.0026677605084210547 1 1 1 Converged Converged Converged OK OK OK 37 37 37 37 37 37 3 3 3 0 0 0 0 1 0 0 1
78 78 uniform 2 23 787 3 0.001 0.5620933780489592 0.52519210973647046 0.0052210142767647825 -0.090857524447284371 -0.035920012147790906 -0.089813321591931408 0 0.28336730420297412 5.3709386516219055 OK 13 12 0.35874 0.25062800000000002 0.047434999999999998 0.30979099999999998 0.18090200000000001 0 0.04894900000000002 0.06972600000000001 0.047434999999999998 0.0081340000000000006 0.0083099999999999997 0.0076090000000000003 0.02934199999999999 0.050051999999999985 0.028847999999999999 0.0017789999999999998 0.0017650000000000001 0.0017420000000000001 0.00044200000000000001 0.00042500000000000003 0.00041599999999999997 5.3709376707299628 5.3709376707299628 5.3709376707299628 0.0026698006490022408 0.0026698006490022408 0.0026698006490022408 1 1 1 Converged Converged Converged OK OK OK 37 37 37 37 37 37 3 3 3 0 0 0 0 1 0 0 1
78 78 uniform 2 0 787 0 0.0001 0.5620933780489592 0.52519210973647046 0.0052210142767647825 -0.090857524447284371 -0.035920012147790906 -0.091901727302637334 0 0.28545570991368008 5.3663606974326141 OK 13 12 0.413657 0.42001300000000003 0.098282999999999995 0.31413400000000002 0.31964599999999999 0 0.099522999999999973 0.10036700000000004 0.098282999999999995 0.0088439999999999994 0.0090109999999999999 0.0084370000000000001 0.063294999999999976 0.063312999999999994 0.06307299999999999 0.0039199999999999999 0.0042830000000000003 0.003888 0.00083000000000000001 0.00089400000000000005 0.00080100000000000006 5.3663606680646367 5.3663606680646367 5.3663606680646367 1.9002777643344476e-06 1.9002777643344476e-06 1.9002777643344476e-06 1 1 1 Converged Converged Converged OK OK OK 77 77 77 77 77 77 3 3 3 0 0 0 0 0 1 0 0
78 78 uniform 2 7 787 1 0.0001 0.5620933780489592 0.52519210973647046 0.0052210142767647825 -0.090857524447284371 -0.035920012147790906 -0.091266125564596401 0 0.28482010817563913 5.3675875898830876 OK 13 12 0.39022099999999998 0.32044699999999998 0.088602 0.30041299999999999 0.17205799999999999 0 0.089807999999999999 0.14838899999999999 0.088602 0.0082470000000000009 0.0083610000000000004 0.0077879999999999998 0.057817000000000007 0.11616900000000004 0.057498999999999981 0.003852 0.0039819999999999994 0.0038060000000000004 0.00081099999999999998 0.00084400000000000002 0.00079500000000000003 5.3675875605030994 5.3675875605030994 5.3675875605030994 1.9010065523684252e-06 1.9010065523684252e-06 1.9010065523684252e-06 1 1 1 Converged Converged Converged OK OK OK 77 77 77 77 77 77 3 3 3 0 0 0 0 1 0 0 1
78 78 uniform 2 15 787 2 0.0001 0.5620933780489592 0.52519210973647046 0.0052210142767647825 -0.090857524447284371 -0.035920012147790906 -0.090539723578263911 0 0.28409370618930663 5.3691678859033294 OK 13 12 0.40343200000000001 0.31917200000000001 0.091578000000000007 0.31024499999999999 0.17885899999999999 0 0.09318700000000002 0.14031300000000002 0.091578000000000007 0.0082819999999999994 0.0082120000000000005 0.0077299999999999999 0.06114600000000002 0.10822200000000001 0.061063999999999979 0.0038859999999999997 0.0039700000000000004 0.0037650000000000001 0.00079600000000000005 0.0008160000000000001 0.00079700000000000007 5.369167855997957 5.369167855997957 5.369167855997957 1.9018393407258824e-06 1.9018393407258824e-06 1.9018393407258824e-06 1 1 1 Converged Converged Converged OK OK OK 77 77 77 77 77 77 3 3 3 0 0 0 0 1 0 0 1
78 78 uniform 2 23 787 3 0.0001 0.5620933780489592 0.52519210973647046 0.0052210142767647825 -0.090857524447284371 -0.035920012147790906 -0.089813321591931408 0 0.28336730420297412 5.3709386516219055 OK 13 12 0.40165499999999998 0.32361299999999998 0.088669999999999999 0.30763200000000002 0.18031700000000001 0 0.094022999999999968 0.14329599999999998 0.088669999999999999 0.008234 0.0082050000000000005 0.0076099999999999996 0.062144999999999992 0.11161100000000002 0.058019999999999981 0.0038329999999999996 0.003906999999999999 0.0038170000000000001 0.00079500000000000003 0.00079799999999999999 0.00079699999999999997 5.370938621718806 5.370938621718806 5.370938621718806 1.9026720498281466e-06 1.9026720498281466e-06 1.9026720498281466e-06 1 1 1 Converged Converged Converged OK OK OK 77 77 77 77 77 77 3 3 3 0 0 0 0 1 0 0 1
78 78 uniform 3 0 788 0 0.001 0.5620933780489592 0.52519210973647046 0.0052210142767647825 0.43178404947508681 -1.4349452039817945 0.43073984661973386 0 -0.23718586400869113 1.8316692435868858 OK 13 12 0.37043900000000002 0.363259 0.071315000000000003 0.29462300000000002 0.291794 0 0.075815999999999995 0.071465000000000001 0.071315000000000003 0.010057999999999999 0.010067 0.0096240000000000006 0.046149999999999997 0.045887999999999991 0.045898000000000008 0.0023839999999999998 0.00216 0.0021429999999999999 0.00060000000000000006 0.00055099999999999995 0.00053899999999999998 1.8316692163165302 1.8316692163165302 1.8316692163165302 0.00077597514157379374 0.00077597514157379374 0.00077597514157379374 1 1 1 Converged Converged Converged OK OK OK 45 45 45 45 45 45 3 3 3 0 0 0 0 0 1 0 0
78 78 uniform 3 7 788 1 0.001 0.5620933780489592 0.52519210973647046 0.0052210142767647825 0.43178404947508681 -1.4349452039817945 0.4313754483577748 0 -0.23782146574673207 1.8226717194141235 OK 13 12 0.35787999999999998 0.34818500000000002 0.068849999999999995 0.28792299999999998 0.18890100000000001 0 0.069956999999999991 0.15928400000000001 0.068849999999999995 0.0092779999999999998 0.012581999999999999 0.0087530000000000004 0.046762000000000005 0.13267500000000002 0.046544999999999982 0.0021210000000000001 0.0022959999999999999 0.00214 0.00054099999999999992 0.00054799999999999998 0.00053800000000000007 1.8226716933658151 1.8226716933658151 1.8226716933658151 0.00076119064679164078 0.00076119064679164078 0.00076119064679164078 1 1 1 Converged Converged Converged OK OK OK 45 45 45 45 45 45 3 3 3 0 0 0 0 1 0 0 1
78 78 uniform 3 15 788 2 0.001 0.5620933780489592 0.52519210973647046 0.0052210142767647825 0.43178404947508681 -1.4349452039817945 0.43210185034410725 0 -0.23854786773306452 1.8125921892038985 OK 13 12 0.36822899999999997 0.34190500000000001 0.070440000000000003 0.29927799999999999 0.189275 0 0.068950999999999985 0.15263000000000002 0.070440000000000003 0.0094450000000000003 0.0094730000000000005 0.0089599999999999992 0.045496000000000002 0.12908799999999998 0.046546000000000011 0.0021849999999999999 0.0022669999999999999 0.002209 0.00056300000000000002 0.00056900000000000006 0.00054700000000000007 1.8125921643915981 1.8125921643915981 1.8125921643915981 0.00074531566011497015 0.00074531566011497015 0.00074531566011497015 1 1 1 Converged Converged Converged OK OK OK 45 45 45 45 45 45 3 3 3 0 0 0 0 1 0 0 1
78 78 uniform 3 23 788 3 0.001 0.5620933780489592 0.52519210973647046 0.0052210142767647825 0.43178404947508681 -1.4349452039817945 0.43282825233043976 0 -0.23927426971939703 1.8027229285608157 OK 13 12 0.37032100000000001 0.33988099999999999 0.068564 0.30043999999999998 0.184172 0 0.069881000000000026 0.15570899999999999 0.068564 0.0094389999999999995 0.0092820000000000003 0.0088100000000000001 0.046639 0.13261099999999998 0.046385000000000003 0.0021510000000000001 0.0022659999999999998 0.0020920000000000001 0.00055600000000000007 0.00056599999999999999 0.00052900000000000006 1.8027229048409878 1.8027229048409878 1.8027229048409878 0.00073044022653134095 0.00073044022653134095 0.00073044022653134095 1 1 1 Converged Converged Converged OK OK OK 45 45 45 45 45 45 3 3 3 0 0 0 0 1 0 0 1
78 78 uniform 3 0 788 0 0.0001 0.5620933780489592 0.52519210973647046 0.0052210142767647825 0.43178404947508681 -1.4349452039817945 0.43073984661973386 0 -0.23718586400869113 1.8316692435868858 OK 13 12 0.40642699999999998 0.40545399999999998 0.10863100000000001 0.297016 0.29200700000000002 0 0.10941099999999998 0.11344699999999996 0.10863100000000001 0.010149 0.010298 0.0098139999999999998 0.071777999999999967 0.075681999999999985 0.071870000000000003 0.0038319999999999999 0.0038219999999999999 0.0037920000000000002 0.00078799999999999996 0.00078700000000000005 0.00076599999999999997 1.8316692181042717 1.8316692181042717 1.8316692181042717 5.7404684453602947e-05 5.7404684453602947e-05 5.7404684453602947e-05 1 1 1 Converged Converged Converged OK OK OK 77 77 77 77 77 77 3 3 3 0 0 0 0 0 1 0 0
78 78 uniform 3 7 788 1 0.0001 0.5620933780489592 0.52519210973647046 0.0052210142767647825 0.43178404947508681 -1.4349452039817945 0.4313754483577748 0 -0.23782146574673207 1.8226717194141235 OK 13 12 0.39425100000000002 0.47472700000000001 0.105047 0.28767500000000001 0.19109200000000001 0 0.106576 0.28363499999999997 0.105047 0.0093970000000000008 0.0094129999999999995 0.0088559999999999993 0.073399999999999993 0.24990799999999994 0.073021999999999976 0.0038960000000000002 0.0039740000000000001 0.0038080000000000002 0.00075200000000000006 0.00076900000000000004 0.00074300000000000006 1.822671695001528 1.822671695001528 1.822671695001528 5.7084292620320936e-05 5.7084292620320936e-05 5.7084292620320936e-05 1 1 1 Converged Converged Converged OK OK OK 77 77 77 77 77 77 3 3 3 0 0 0 0 1 0 0 1
78 78 uniform 3 15 788 2 0.0001 0.5620933780489592 0.52519210973647046 0.0052210142767647825 0.43178404947508681 -1.4349452039817945 0.43210185034410725 0 -0.23854786773306452 1.8125921892038985 OK 13 12 0.40540500000000002 0.45540000000000003 0.10306 0.30052800000000002 0.18639 0 0.104877 0.26901000000000003 0.10306 0.0093810000000000004 0.0094439999999999993 0.0088269999999999998 0.071442999999999993 0.23533800000000002 0.071074999999999999 0.0039280000000000001 0.0040040000000000006 0.0038150000000000002 0.00077500000000000008 0.00076300000000000001 0.00076600000000000008 1.8125921658715796 1.8125921658715796 1.8125921658715796 5.6723165875906136e-05 5.6723165875906136e-05 5.6723165875906136e-05 1 1 1 Converged Converged Converged OK OK OK 77 77 77 77 77 77 3 3 3 0 0 0 0 1 0 0 1
78 78 uniform 3 23 788 3 0.0001 0.5620933780489592 0.52519210973647046 0.0052210142767647825 0.43178404947508681 -1.4349452039817945 0.43282825233043976 0 -0.23927426971939703 1.8027229285608157 OK 13 12 0.40684900000000002 0.46347899999999997 0.104014 0.30116599999999999 0.185783 0 0.10568300000000003 0.27769599999999994 0.104014 0.0092860000000000009 0.0093519999999999992 0.0087810000000000006 0.072825000000000015 0.24407799999999999 0.072342000000000031 0.0039439999999999996 0.0041279999999999997 0.0037790000000000002 0.00078399999999999997 0.00078200000000000003 0.00075100000000000004 1.802722906182205 1.802722906182205 1.802722906182205 5.6367288244646702e-05 5.6367288244646702e-05 5.6367288244646702e-05 1 1 1 Converged Converged Converged OK OK OK 77 77 77 77 77 77 3 3 3 0 0 0 0 1 0 0 1
78 78 uniform 4 0 789 0 0.001 0.5620933780489592 0.52519210973647046 0.0052210142767647825 0.0094816119635952843 0.1893290484698891 0.0084374091082423282 0 0.18511657350280039 9.2709833489922886 OK 13 12 0.35157899999999997 0.35258200000000001 0.056737000000000003 0.29520800000000003 0.29418699999999998 0 0.056370999999999949 0.05839500000000003 0.056737000000000003 0.0092250000000000006 0.010423999999999999 0.0090740000000000005 0.033976000000000006 0.034849000000000005 0.034762999999999988 0.0018400000000000001 0.0017929999999999999 0.001787 0.000437 0.00044700000000000002 0.00043400000000000003 9.2709823521498205 9.2709823521498205 9.2709823521498205 0.0047249994702760808 0.0047249994702760808 0.0047249994702760808 1 1 1 Converged Converged Converged OK OK OK 37 37 37 37 37 37 3 3 3 0 0 0 0 0 1 0 0
78 78 uniform 4 7 789 1 0.001 0.5620933780489592 0.52519210973647046 0.0052210142767647825 0.0094816119635952843 0.1893290484698891 0.0090730108462832582 0 0.18448097176475947 9.5598706291568689 OK 13 12 0.33390199999999998 0.26896300000000001 0.049513000000000001 0.282974 0.164544 0 0.050927999999999973 0.10441900000000001 0.049513000000000001 0.0085900000000000004 0.0085459999999999998 0.0079780000000000007 0.030836000000000002 0.084386999999999976 0.030440999999999996 0.0017530000000000002 0.0018 0.001738 0.00043599999999999997 0.00043999999999999996 0.00041800000000000002 9.5598696668340057 9.5598696668340057 9.5598696668340057 0.0050539791421854692 0.0050539791421854692 0.0050539791421854692 1 1 1 Converged Converged Converged OK OK OK 37 37 37 37 37 37 3 3 3 0 0 0 0 1 0 0 1
78 78 uniform 4 15 789 2 0.001 0.5620933780489592 0.52519210973647046 0.0052210142767647825 0.0094816119635952843 0.1893290484698891 0.0097994128326157493 0 0.18375456977842697 9.9350039258010732 OK 13 12 0.34793499999999999 0.281391 0.052565000000000001 0.29408800000000002 0.17713499999999999 0 0.053846999999999978 0.10425600000000002 0.052565000000000001 0.0084939999999999998 0.0086339999999999993 0.0079240000000000005 0.033898000000000005 0.084148000000000001 0.033633999999999997 0.001758 0.001779 0.00172 0.00044500000000000003 0.00044000000000000002 0.00042200000000000001 9.9350029577007888 9.9350029577007888 9.9350029577007888 0.0055196095124661086 0.0055196095124661086 0.0055196095124661086 1 1 1 Converged Converged Converged OK OK OK 37 37 37 37 37 37 3 3 3 0 0 0 0 1 0 0 1
78 78 uniform 4 23 789 3 0.001 0.5620933780489592 0.52519210973647046 0.0052210142767647825 0.0094816119635952843 0.1893290484698891 0.01052581481894824 0 0.18302816779209449 10.371185749288735 OK 13 12 0.33663199999999999 0.27316400000000002 0.049946999999999998 0.28531899999999999 0.16523399999999999 0 0.051312999999999998 0.10793000000000003 0.049946999999999998 0.0081550000000000008 0.0082629999999999995 0.0076140000000000001 0.031741999999999986 0.088289000000000006 0.031415000000000005 0.001719 0.00175 0.001699 0.00044499999999999997 0.000437 0.00041200000000000004 10.371184767385392 10.371184767385392 10.371184767385392 0.0061199701798695331 0.0061199701798695331 0.0061199701798695331 1 1 1 Converged Converged Converged OK OK OK 37 37 37 37 37 37 3 3 3 0 0 0 0 1 0 0 1
78 78 uniform 4 0 789 0 0.0001 0.5620933780489592 0.52519210973647046 0.0052210142767647825 0.0094816119635952843 0.1893290484698891 0.0084374091082423282 0 0.18511657350280039 9.2709833489922886 OK 13 12 0.384878 0.38375700000000001 0.084045999999999996 0.29576799999999998 0.29397000000000001 0 0.089110000000000023 0.089787000000000006 0.084045999999999996 0.0091109999999999993 0.013524 0.0086859999999999993 0.058222999999999976 0.054726999999999977 0.054064000000000015 0.0029710000000000001 0.0030049999999999999 0.0029580000000000001 0.00070100000000000002 0.00070399999999999998 0.00067699999999999998 9.2709833731391402 9.2709833731391402 9.2709833731391402 0.00075650111459007454 0.00075650111459007454 0.00075650111459007454 1 1 1 Converged Converged Converged OK OK OK 61 61 61 61 61 61 3 3 3 0 0 0 0 0 1 0 0
78 78 uniform 4 7 789 1 0.0001 0.5620933780489592 0.52519210973647046 0.0052210142767647825 0.0094816119635952843 0.1893290484698891 0.0090730108462832582 0 0.18448097176475947 9.5598706291568689 OK 13 12 0.35755799999999999 0.33116899999999999 0.075188000000000005 0.28104099999999999 0.16167400000000001 0 0.076517000000000002 0.16949499999999998 0.075188000000000005 0.0084139999999999996 0.0085400000000000007 0.0079330000000000008 0.049180999999999989 0.14200700000000002 0.048965999999999996 0.0030090000000000004 0.0031550000000000003 0.0029640000000000001 0.00068099999999999996 0.00070599999999999992 0.00066699999999999995 9.5598706880601387 9.5598706880601387 9.5598706880601387 0.0007568237259398267 0.0007568237259398267 0.0007568237259398267 1 1 1 Converged Converged Converged OK OK OK 61 61 61 61 61 61 3 3 3 0 0 0 0 1 0 0 1
78 78 uniform 4 15 789 2 0.0001 0.5620933780489592 0.52519210973647046 0.0052210142767647825 0.0094816119635952843 0.1893290484698891 0.0097994128326157493 0 0.18375456977842697 9.9350039258010732 OK 13 12 0.376529 0.35077599999999998 0.078871999999999998 0.29574400000000001 0.17719099999999999 0 0.080784999999999996 0.17358499999999999 0.078871999999999998 0.00843 0.0085869999999999991 0.0079670000000000001 0.053331999999999991 0.14594599999999999 0.052574999999999997 0.0029769999999999996 0.0030690000000000001 0.002944 0.00068400000000000004 0.00068500000000000006 0.00068199999999999999 9.9350039792329508 9.9350039792329508 9.9350039792329508 0.00075719391283041409 0.00075719391283041409 0.00075719391283041409 1 1 1 Converged Converged Converged OK OK OK 61 61 61 61 61 61 3 3 3 0 0 0 0 1 0 0 1
78 78 uniform 4 23 789 3 0.0001 0.5620933780489592 0.52519210973647046 0.0052210142767647825 0.0094816119635952843 0.1893290484698891 0.01052581481894824 0 0.18302816779209449 10.371185749288735 OK 13 12 0.36221999999999999 0.33246599999999998 0.077476000000000003 0.28316999999999998 0.16619400000000001 0 0.079050000000000009 0.16627199999999998 0.077476000000000003 0.0081829999999999993 0.0083160000000000005 0.0077260000000000002 0.052087000000000001 0.13903499999999996 0.051533999999999996 0.003003 0.003156 0.0029420000000000002 0.00067199999999999996 0.00067400000000000001 0.00065899999999999997 10.37118578931978 10.37118578931978 10.37118578931978 0.00075756563523247348 0.00075756563523247348 0.00075756563523247348 1 1 1 Converged Converged Converged OK OK OK 61 61 61 61 61 61 3 3 3 0 0 0 0 1 0 0 1
79 79 linear 0 0 790 0 0.001 0.56065110449611255 0.019306026755728022 0.0093464496992730923 -0.0021879541234544183 0.0074881712815198318 -0.0040572440633090366 0.5 0.01467617982932342 125.86686411812914 OK 16 15 0.79525400000000002 0.78679900000000003 0.295796 0.490649 0.49094100000000002 0 0.30460500000000001 0.29585800000000001 0.295796 0.014546999999999999 0.014102999999999999 0.013431999999999999 0.24129899999999996 0.23399099999999998 0.23563799999999993 0.0068350000000000008 0.0063049999999999998 0.0059649999999999998 0.0016980000000000001 0.001634 0.0015210000000000002 125.8681325520937 125.8681325520937 125.8681325520937 0.094653426211121688 0.094653426211121688 0.094653426211121688 1 1 1 Converged Converged Converged OK OK OK 133 133 133 133 133 133 11 11 11 0 0 0 0 0 1 0 0
79 79 linear 0 7 790 1 0.001 0.56065110449611255 0.019306026755728022 0.0093464496992730923 -0.0021879541234544183 0.0074881712815198318 -0.0029194154042670949 0.5 0.013538351170281479 132.06738830391581 OK 16 15 0.73438700000000001 0.63590999999999998 0.27430199999999999 0.44849499999999998 0.32917999999999997 0 0.28589200000000003 0.30673 0.27430199999999999 0.013042 0.012810999999999999 0.011816 0.23955099999999996 0.26101300000000016 0.23118499999999997 0.0067879999999999998 0.0067640000000000009 0.0060499999999999998 0.001539 0.001534 0.001513 132.06942347531648 132.06942347531648 132.06942347531648 0.10966629618193421 0.10966629618193421 0.10966629618193421 1 1 1 Converged Converged Converged OK OK OK 133 133 133 133 133 133 11 11 11 0 0 0 0 1 0 0 1
79 79 linear 0 15 790 2 0.001 0.56065110449611255 0.019306026755728022 0.0093464496992730923 -0.0021879541234544183 0.0074881712815198318 -0.0016190397939334473 0.5 0.012237975559947831 138.05454904496378 OK 16 15 0.78558300000000003 0.69028699999999998 0.32453500000000002 0.44890799999999997 0.32872000000000001 0 0.33667500000000006 0.36156699999999997 0.32453500000000002 0.01319 0.013014 0.011990000000000001 0.28241000000000011 0.30670000000000003 0.2730189999999999 0.0073480000000000012 0.007587 0.0068120000000000012 0.00182 0.0019880000000000002 0.0017569999999999999 138.05514943668589 138.05514943668589 138.05514943668589 0.073073963478518786 0.073073963478518786 0.073073963478518786 1 1 1 Converged Converged Converged OK OK OK 148 148 148 148 148 148 12 12 12 0 0 0 0 1 0 0 1
79 79 linear 0 23 790 3 0.001 0.56065110449611255 0.019306026755728022 0.0093464496992730923 -0.0021879541234544183 0.0074881712815198318 -0.00031866418359979983 0.5 0.010937599949614183 143.51392651770834 OK 16 15 0.76421600000000001 0.68030800000000002 0.29585299999999998 0.45779900000000001 0.343192 0 0.30641699999999999 0.33711600000000003 0.29585299999999998 0.012902 0.012841 0.015044999999999999 0.25834299999999993 0.289491 0.24748700000000007 0.0066029999999999995 0.0068949999999999984 0.0063020000000000003 0.0018240000000000003 0.001944 0.00174 143.51409911235282 143.51409911235282 143.51409911235282 0.047997936084919542 0.047997936084919542 0.047997936084919542 1 1 1 Converged Converged Converged OK OK OK 140 140 140 140 140 140 12 12 12 0 0 0 0 1 0 0 1
79 79 linear 0 0 790 0 0.0001 0.56065110449611255 0.019306026755728022 0.0093464496992730923 -0.0021879541234544183 0.0074881712815198318 -0.0040572440633090366 0.5 0.01467617982932342 125.86686411812914 OK 16 15 0.91703500000000004 0.90784299999999996 0.42096600000000001 0.49909300000000001 0.49051499999999998 0 0.41794200000000004 0.41732799999999998 0.42096600000000001 0.013805 0.014087000000000001 0.014970000000000001 0.33029000000000008 0.32393700000000003 0.33034300000000016 0.01047 0.011741999999999999 0.011251000000000001 0.0022119999999999996 0.0024160000000000002 0.0022300000000000002 125.86741506914295 125.86741506914295 125.86741506914295 0.0091859102757966566 0.0091859102757966566 0.0091859102757966566 1 1 1 Converged Converged Converged OK OK OK 197 197 197 197 197 197 11 11 11 0 0 0 0 0 1 0 0
79 79 linear 0 7 790 1 0.0001 0.56065110449611255 0.019306026755728022 0.0093464496992730923 -0.0021879541234544183 0.0074881712815198318 -0.0029194154042670949 0.5 0.013538351170281479 132.06738830391581 OK 16 15 0.84081600000000001 0.74370400000000003 0.39646100000000001 0.447214 0.32216 0 0.39360200000000001 0.42154400000000003 0.39646100000000001 0.012612 0.012819000000000001 0.013223 0.33208000000000021 0.35586100000000009 0.33344899999999988 0.010321 0.014008000000000001 0.011105000000000002 0.002173 0.0021809999999999998 0.002264 132.06847268221239 132.06847268221239 132.06847268221239 0.0077492856297215976 0.0077492856297215976 0.0077492856297215976 1 1 1 Converged Converged Converged OK OK OK 197 197 197 197 197 197 11 11 11 0 0 0 0 1 0 0 1
79 79 linear 0 15 790 2 0.0001 0.56065110449611255 0.019306026755728022 0.0093464496992730923 -0.0021879541234544183 0.0074881712815198318 -0.0016190397939334473 0.5 0.012237975559947831 138.05454904496378 OK 16 15 0.85774799999999995 0.76360899999999998 0.397202 0.44840000000000002 0.32753100000000002 0 0.40934799999999993 0.43607799999999997 0.397202 0.012779 0.013249 0.013316 0.34306400000000015 0.36875700000000006 0.33106399999999997 0.010810000000000002 0.011547 0.011049999999999999 0.0023349999999999998 0.0023289999999999999 0.0023010000000000001 138.05519421395852 138.05519421395852 138.05519421395852 0.012778872550298196 0.012778872550298196 0.012778872550298196 1 1 1 Converged Converged Converged OK OK OK 204 204 204 204 204 204 12 12 12 0 0 0 0 1 0 0 1
79 79 linear 0 23 790 3 0.0001 0.56065110449611255 0.019306026755728022 0.0093464496992730923 -0.0021879541234544183 0.0074881712815198318 -0.00031866418359979983 0.5 0.010937599949614183 143.51392651770834 OK 16 15 0.82827700000000004 0.74624400000000002 0.34836699999999998 0.46014300000000002 0.351246 0 0.36813400000000002 0.39499800000000002 0.34836699999999998 0.012796 0.013295 0.01191 0.3119050000000001 0.33860500000000016 0.29564299999999999 0.0087810000000000006 0.0086470000000000002 0.0081000000000000013 0.0024910000000000002 0.0025210000000000007 0.0024180000000000004 143.51329923916532 143.51329923916532 143.51329923916532 0.012297379960494161 0.012297379960494161 0.012297379960494161 1 1 1 Converged Converged Converged OK OK OK 172 172 172 172 172 172 12 12 12 0 0 0 0 1 0 0 1
79 79 linear 1 0 791 0 0.001 0.56065110449611255 0.019306026755728022 0.0093464496992730923 -0.0067992379455245914 -0.013429995795007092 -0.0086685278853792097 0.5 0.019287463651393593 59.973596376012651 OK 14 13 0.44296799999999997 0.436249 0.14164499999999999 0.29349199999999998 0.295124 0 0.149476 0.141125 0.14164499999999999 0.013577000000000001 0.01345 0.013202 0.10582000000000003 0.098658000000000023 0.09902099999999997 0.004921 0.0046239999999999996 0.0046480000000000002 0.001121 0.00091299999999999997 0.00094499999999999998 59.973709089549317 59.973709089549317 59.973709089549317 0.056677209586628419 0.056677209586628419 0.056677209586628419 1 1 1 Converged Converged Converged OK OK OK 82 82 82 82 82 82 6 6 6 0 0 0 0 0 1 0 0
79 79 linear 1 7 791 1 0.001 0.56065110449611255 0.019306026755728022 0.0093464496992730923 -0.0067992379455245914 -0.013429995795007092 -0.0075306992263372684 0.5 0.01814963499235165 65.572452699629551 OK 14 13 0.44650499999999999 0.38940599999999997 0.13574900000000001 0.30479299999999998 0.18667300000000001 0 0.141712 0.20273299999999997 0.13574900000000001 0.012487 0.012525 0.011776 0.10582900000000003 0.16631099999999993 0.10164199999999998 0.0045049999999999995 0.0049169999999999995 0.0043219999999999995 0.0011349999999999999 0.0010769999999999998 0.0010809999999999999 65.572352285122435 65.572352285122435 65.572352285122435 0.055669250316809082 0.055669250316809082 0.055669250316809082 1 1 1 Converged Converged Converged OK OK OK 82 82 82 82 82 82 6 6 6 0 0 0 0 1 0 0 1
79 79 linear 1 15 791 2 0.001 0.56065110449611255 0.019306026755728022 0.0093464496992730923 -0.0067992379455245914 -0.013429995795007092 -0.0062303236160036208 0.5 0.016849259382018006 73.997107240567004 OK 14 13 0.53331899999999999 0.50085900000000005 0.16817099999999999 0.35694100000000001 0.24097099999999999 0 0.17637799999999998 0.25988800000000006 0.16817099999999999 0.012838 0.012664 0.011927 0.13240199999999994 0.21676400000000004 0.12666800000000003 0.0052469999999999999 0.0052380000000000005 0.0050090000000000004 0.0013479999999999998 0.0012509999999999997 0.0012289999999999998 73.996789825438242 73.996789825438242 73.996789825438242 0.035930484307424806 0.035930484307424806 0.035930484307424806 1 1 1 Converged Converged Converged OK OK OK 97 97 97 97 97 97 7 7 7 0 0 0 0 1 0 0 1
79 79 linear 1 23 791 3 0.001 0.56065110449611255 0.019306026755728022 0.0093464496992730923 -0.0067992379455245914 -0.013429995795007092 -0.0049299480056699731 0.5 0.015548883771684356 85.515878766112223 OK 13 12 0.45447700000000002 0.399113 0.120879 0.32767499999999999 0.227606 0 0.12680200000000003 0.17150699999999999 0.120879 0.0099089999999999994 0.0099699999999999997 0.0090310000000000008 0.098246999999999987 0.14333099999999999 0.094473000000000001 0.0040200000000000001 0.0037780000000000001 0.003493 0.00094899999999999997 0.00091699999999999995 0.00091700000000000006 85.515979700683175 85.515979700683175 85.515979700683175 0.084560738383514425 0.084560738383514425 0.084560738383514425 1 1 1 Converged Converged Converged OK OK OK 74 74 74 74 74 74 6 6 6 0 0 0 0 1 0 0 1
79 79 linear 1 0 791 0 0.0001 0.56065110449611255 0.019306026755728022 0.0093464496992730923 -0.0067992379455245914 -0.013429995795007092 -0.0086685278853792097 0.5 0.019287463651393593 59.973596376012651 OK 14 13 0.48931200000000002 0.48382799999999998 0.191325 0.29624600000000001 0.29342800000000002 0 0.19306600000000002 0.19039999999999996 0.191325 0.013429999999999999 0.013582 0.013226999999999999 0.13650899999999999 0.13345100000000001 0.13362200000000005 0.0064009999999999996 0.0064440000000000001 0.0073190000000000009 0.0014269999999999999 0.0014970000000000001 0.0015900000000000001 59.973725200757094 59.973725200757094 59.973725200757094 0.001788930965735544 0.001788930965735544 0.001788930965735544 1 1 1 Converged Converged Converged OK OK OK 114 114 114 114 114 114 6 6 6 0 0 0 0 0 1 0 0
79 79 linear 1 7 791 1 0.0001 0.56065110449611255 0.019306026755728022 0.0093464496992730923 -0.0067992379455245914 -0.013429995795007092 -0.0075306992263372684 0.5 0.01814963499235165 65.572452699629551 OK 14 13 0.49153799999999997 0.45118900000000001 0.176812 0.31090899999999999 0.18748100000000001 0 0.18062899999999998 0.263708 0.176812 0.012458 0.012668 0.011917000000000001 0.13544100000000003 0.21758300000000014 0.13162599999999997 0.0060560000000000006 0.0066400000000000001 0.0066949999999999996 0.0012639999999999999 0.0013749999999999999 0.001402 65.57249605709535 65.57249605709535 65.57249605709535 0.0022468083181537831 0.0022468083181537831 0.0022468083181537831 1 1 1 Converged Converged Converged OK OK OK 114 114 114 114 114 114 6 6 6 0 0 0 0 1 0 0 1
79 79 linear 1 15 791 2 0.0001 0.56065110449611255 0.019306026755728022 0.0093464496992730923 -0.0067992379455245914 -0.013429995795007092 -0.0062303236160036208 0.5 0.016849259382018006 73.997107240567004 OK 14 13 0.56686099999999995 0.55888099999999996 0.20752499999999999 0.354381 0.24056900000000001 0 0.21247999999999995 0.31831199999999993 0.20752499999999999 0.012683 0.012867 0.012036 0.16014699999999998 0.26552199999999998 0.15648999999999993 0.0069449999999999998 0.0072650000000000006 0.0072429999999999994 0.0014839999999999999 0.0015809999999999999 0.001518 73.996940631325685 73.996940631325685 73.996940631325685 0.0043676701322131802 0.0043676701322131802 0.0043676701322131802 1 1 1 Converged Converged Converged OK OK OK 129 129 129 129 129 129 7 7 7 0 0 0 0 1 0 0 1
79 79 linear 1 23 791 3 0.0001 0.56065110449611255 0.019306026755728022 0.0093464496992730923 -0.0067992379455245914 -0.013429995795007092 -0.0049299480056699731 0.5 0.015548883771684356 85.515878766112223 OK 13 12 0.49073899999999998 0.44022099999999997 0.15309600000000001 0.32901599999999998 0.22703799999999999 0 0.16172300000000001 0.21318299999999998 0.15309600000000001 0.0098259999999999997 0.010067 0.0090200000000000002 0.12586999999999993 0.17646399999999995 0.119769 0.0055420000000000001 0.0061930000000000006 0.0051000000000000004 0.0012799999999999999 0.001279 0.001201 85.516070406364264 85.516070406364264 85.516070406364264 0.0037391533015329807 0.0037391533015329807 0.0037391533015329807 1 1 1 Converged Converged Converged OK OK OK 98 98 98 98 98 98 6 6 6 0 0 0 0 1 0 0 1
79 79 linear 2 0 792 0 0.001 0.56065110449611255 0.019306026755728022 0.0093464496992730923 0.013482756519246252 0.0063731022692154766 0.011613466579391633 0.5 -0.00099453081337724965 76.760368952658013 OK 15 14 0.79984500000000003 0.77847999999999995 0.33017200000000002 0.457897 0.44415900000000003 0 0.34194800000000003 0.33432099999999992 0.33017200000000002 0.014874999999999999 0.014012 0.013480000000000001 0.27390499999999995 0.26695500000000011 0.26058200000000004 0.0094120000000000002 0.010378999999999999 0.0099270000000000001 0.0017290000000000001 0.0017859999999999998 0.001823 76.76160998007758 76.76160998007758 76.76160998007758 0.048314915278778382 0.048314915278778382 0.048314915278778382 1 1 1 Converged Converged Converged OK OK OK 151 151 151 151 151 151 9 9 9 0 0 0 0 0 1 0 0
79 79 linear 2 7 792 1 0.001 0.56065110449611255 0.019306026755728022 0.0093464496992730923 0.013482756519246252 0.0063731022692154766 0.012751295238433576 0.5 -0.0021323594724191926 64.590149233395309 OK 15 14 0.67257100000000003 0.57610099999999997 0.25901000000000002 0.402891 0.29067599999999999 0 0.26968000000000003 0.28542499999999998 0.25901000000000002 0.012753 0.012597000000000001 0.011821999999999999 0.22611899999999993 0.24256700000000003 0.21771099999999993 0.0065730000000000007 0.0065079999999999999 0.006071 0.0014130000000000002 0.0015279999999999998 0.00149 64.589645371744325 64.589645371744325 64.589645371744325 0.053054157588092184 0.053054157588092184 0.053054157588092184 1 1 1 Converged Converged Converged OK OK OK 112 112 112 112 112 112 8 8 8 0 0 0 0 1 0 0 1
79 79 linear 2 15 792 2 0.001 0.56065110449611255 0.019306026755728022 0.0093464496992730923 0.013482756519246252 0.0063731022692154766 0.014051670848767224 0.5 -0.0034327350827528403 58.773959748266392 OK 15 14 0.55887100000000001 0.47977500000000001 0.26908399999999999 0.28064299999999998 0.176235 0 0.27822800000000003 0.30354000000000003 0.26908399999999999 0.012004000000000001 0.012045 0.011077999999999999 0.23646 0.2617339999999998 0.22982299999999997 0.0061720000000000004 0.0062940000000000001 0.005574 0.0013499999999999999 0.0013580000000000003 0.001281 58.773638492414463 58.773638492414463 58.773638492414463 0.047042976128867597 0.047042976128867597 0.047042976128867597 1 1 1 Converged Converged Converged OK OK OK 112 112 112 112 112 112 8 8 8 0 0 0 0 1 0 0 1
79 79 linear 2 23 792 3 0.001 0.56065110449611255 0.019306026755728022 0.0093464496992730923 0.013482756519246252 0.0063731022692154766 0.015352046459100871 0.5 -0.0047331106930864879 54.150473067987114 OK 15 14 0.56591800000000003 0.48752699999999999 0.27128200000000002 0.281302 0.184806 0 0.28461600000000004 0.30272100000000002 0.27128200000000002 0.012659999999999999 0.012628 0.011612000000000001 0.23849199999999979 0.257822 0.22998599999999997 0.0075789999999999998 0.006961000000000001 0.0060619999999999997 0.0015409999999999998 0.001456 0.0014019999999999998 54.150439442214577 54.150439442214577 54.150439442214577 0.037538489818779906 0.037538489818779906 0.037538489818779906 1 1 1 Converged Converged Converged OK OK OK 119 119 119 119 119 119 9 9 9 0 0 0 0 1 0 0 1
79 79 linear 2 0 792 0 0.0001 0.56065110449611255 0.019306026755728022 0.0093464496992730923 0.013482756519246252 0.0063731022692154766 0.011613466579391633 0.5 -0.00099453081337724965 76.760368952658013 OK 15 14 0.91715400000000002 0.89826399999999995 0.45239499999999999 0.45772699999999999 0.445129 0 0.45942700000000003 0.45313499999999995 0.45239499999999999 0.01404 0.013733 0.014811 0.37578699999999982 0.37025199999999997 0.3682629999999999 0.012477 0.012272999999999999 0.01221 0.0023989999999999992 0.0024940000000000001 0.0022599999999999999 76.759874398250446 76.759874398250446 76.759874398250446 0.0070324150037475511 0.0070324150037475511 0.0070324150037475511 1 1 1 Converged Converged Converged OK OK OK 191 191 191 191 191 191 9 9 9 0 0 0 0 0 1 0 0
79 79 linear 2 7 792 1 0.0001 0.56065110449611255 0.019306026755728022 0.0093464496992730923 0.013482756519246252 0.0063731022692154766 0.012751295238433576 0.5 -0.0021323594724191926 64.590149233395309 OK 15 14 0.834534 0.76956800000000003 0.42162899999999998 0.39765499999999998 0.29504000000000002 0 0.43687900000000002 0.47452800000000001 0.42162899999999998 0.012846 0.012666999999999999 0.011809999999999999 0.36751999999999996 0.4049950000000001 0.35539799999999971 0.013063000000000002 0.013129000000000002 0.012354999999999998 0.0020470000000000002 0.0021870000000000001 0.0021090000000000002 64.590052812489233 64.590052812489233 64.590052812489233 0.003487365644851052 0.003487365644851052 0.003487365644851052 1 1 1 Converged Converged Converged OK OK OK 192 192 192 192 192 192 8 8 8 0 0 0 0 1 0 0 1
79 79 linear 2 15 792 2 0.0001 0.56065110449611255 0.019306026755728022 0.0093464496992730923 0.013482756519246252 0.0063731022692154766 0.014051670848767224 0.5 -0.0034327350827528403 58.773959748266392 OK 15 14 0.667296 0.60562499999999997 0.36810999999999999 0.28222700000000001 0.177872 0 0.38506899999999999 0.42775299999999994 0.36810999999999999 0.012234999999999999 0.012267999999999999 0.011213000000000001 0.3237520000000001 0.36697200000000008 0.3102859999999999 0.011391000000000002 0.011191 0.010757000000000001 0.0018629999999999999 0.0018450000000000001 0.0018039999999999998 58.773959948692962 58.773959948692962 58.773959948692962 0.0058432488300861453 0.0058432488300861453 0.0058432488300861453 1 1 1 Converged Converged Converged OK OK OK 176 176 176 176 176 176 8 8 8 0 0 0 0 1 0 0 1
79 79 linear 2 23 792 3 0.0001 0.56065110449611255 0.019306026755728022 0.0093464496992730923 0.013482756519246252 0.0063731022692154766 0.015352046459100871 0.5 -0.0047331106930864879 54.150473067987114 OK 15 14 0.68020199999999997 0.61554200000000003 0.38497900000000002 0.281829 0.18631900000000001 0 0.39837299999999998 0.42922300000000002 0.38497900000000002 0.012713 0.012848999999999999 0.011701 0.3399330000000001 0.36824600000000018 0.32997099999999996 0.0097220000000000015 0.010963000000000001 0.0090050000000000009 0.0020800000000000003 0.0020210000000000002 0.0019489999999999998 54.15044296844075 54.15044296844075 54.15044296844075 0.004502826644744602 0.004502826644744602 0.004502826644744602 1 1 1 Converged Converged Converged OK OK OK 167 167 167 167 167 167 9 9 9 0 0 0 0 1 0 0 1
79 79 linear 3 0 793 0 0.001 0.56065110449611255 0.019306026755728022 0.0093464496992730923 1.1867778371600677 -0.42567794824323851 1.184908547220213 0.5 -1.1742896114541985 1.6321756655705202 OK 13 12 0.46824300000000002 0.470308 0.10161000000000001 0.36311900000000003 0.36737599999999998 0 0.105124 0.10293200000000002 0.10161000000000001 0.00877 0.0091050000000000002 0.008652 0.074497999999999995 0.072190999999999991 0.071521000000000001 0.0031870000000000002 0.0033139999999999997 0.0032000000000000002 0.00075100000000000004 0.00076300000000000011 0.000745 1.6321744577110495 1.6321744577110495 1.6321744577110495 0.00083240774634663203 0.00083240774634663203 0.00083240774634663203 1 1 1 Converged Converged Converged OK OK OK 61 61 61 61 61 61 3 3 3 0 0 0 0 0 1 0 0
79 79 linear 3 7 793 1 0.001 0.56065110449611255 0.019306026755728022 0.0093464496992730923 1.1867778371600677 -0.42567794824323851 1.186046375879255 0.5 -1.1754274401132405 1.607737899635044 OK 13 12 0.65456199999999998 0.58489199999999997 0.099523 0.55049599999999999 0.41848999999999997 0 0.10406599999999999 0.16640199999999999 0.099523 0.0083409999999999995 0.0083269999999999993 0.0076179999999999998 0.075823000000000029 0.138849 0.073208000000000023 0.0036800000000000001 0.0034870000000000001 0.0032979999999999997 0.00077200000000000001 0.00068800000000000003 0.00067800000000000011 1.6077368337311528 1.6077368337311528 1.6077368337311528 0.00082438534854923154 0.00082438534854923154 0.00082438534854923154 1 1 1 Converged Converged Converged OK OK OK 61 61 61 61 61 61 3 3 3 0 0 0 0 1 0 0 1
79 79 linear 3 15 793 2 0.001 0.56065110449611255 0.019306026755728022 0.0093464496992730923 1.1867778371600677 -0.42567794824323851 1.1873467514895886 0.5 -1.1767278157235741 1.5872656936800933 OK 13 12 0.67695300000000003 0.60499899999999995 0.096551999999999999 0.57653699999999997 0.446876 0 0.10041600000000006 0.15812299999999996 0.096551999999999999 0.008097 0.0082889999999999995 0.0076829999999999997 0.072956999999999994 0.13065000000000004 0.070636000000000018 0.0032009999999999999 0.0033189999999999999 0.0030720000000000001 0.00069300000000000004 0.00069800000000000005 0.00066300000000000007 1.5872647072188324 1.5872647072188324 1.5872647072188324 0.0008085987340930833 0.0008085987340930833 0.0008085987340930833 1 1 1 Converged Converged Converged OK OK OK 61 61 61 61 61 61 3 3 3 0 0 0 0 1 0 0 1
79 79 linear 3 23 793 3 0.001 0.56065110449611255 0.019306026755728022 0.0093464496992730923 1.1867778371600677 -0.42567794824323851 1.1886471270999224 0.5 -1.1780281913339079 1.5714306539438645 OK 13 12 0.66696200000000005 0.59984499999999996 0.097084000000000004 0.56595300000000004 0.43889400000000001 0 0.10100900000000002 0.16095099999999996 0.097084000000000004 0.0082640000000000005 0.0082430000000000003 0.0076800000000000002 0.073290999999999981 0.13348400000000005 0.070886999999999992 0.0034150000000000001 0.0034160000000000002 0.003225 0.00069499999999999998 0.000687 0.000678 1.5714297019304313 1.5714297019304313 1.5714297019304313 0.00079162001155882674 0.00079162001155882674 0.00079162001155882674 1 1 1 Converged Converged Converged OK OK OK 61 61 61 61 61 61 3 3 3 0 0 0 0 1 0 0 1
79 79 linear 3 0 793 0 0.0001 0.56065110449611255 0.019306026755728022 0.0093464496992730923 1.1867778371600677 -0.42567794824323851 1.184908547220213 0.5 -1.1742896114541985 1.6321756655705202 OK 13 12 0.52062799999999998 0.53052900000000003 0.15126700000000001 0.36277700000000002 0.363091 0 0.15785099999999996 0.16743800000000003 0.15126700000000001 0.0091990000000000006 0.0090150000000000004 0.0084670000000000006 0.11323000000000003 0.122276 0.10945400000000002 0.005673000000000001 0.0049239999999999996 0.0048590000000000005 0.0010219999999999999 0.00098700000000000003 0.00096900000000000003 1.6321744624734842 1.6321744624734842 1.6321744624734842 2.4429089506100775e-08 2.4429089506100775e-08 2.4429089506100775e-08 1 1 1 Converged Converged Converged OK OK OK 93 93 93 93 93 93 3 3 3 0 0 0 0 0 1 0 0
79 79 linear 3 7 793 1 0.0001 0.56065110449611255 0.019306026755728022 0.0093464496992730923 1.1867778371600677 -0.42567794824323851 1.186046375879255 0.5 -1.1754274401132405 1.607737899635044 OK 13 12 0.70051600000000003 0.66006900000000002 0.14846000000000001 0.54725599999999996 0.427288 0 0.15326000000000006 0.23278100000000002 0.14846000000000001 0.0081860000000000006 0.0095399999999999999 0.0076610000000000003 0.115979 0.19389800000000013 0.11232800000000001 0.0050130000000000001 0.0051570000000000001 0.0050089999999999996 0.00092400000000000013 0.00093400000000000004 0.00095200000000000005 1.6077368375138112 1.6077368375138112 1.6077368375138112 1.5399562067970078e-08 1.5399562067970078e-08 1.5399562067970078e-08 1 1 1 Converged Converged Converged OK OK OK 93 93 93 93 93 93 3 3 3 0 0 0 0 1 0 0 1
79 79 linear 3 15 793 2 0.0001 0.56065110449611255 0.019306026755728022 0.0093464496992730923 1.1867778371600677 -0.42567794824323851 1.1873467514895886 0.5 -1.1767278157235741 1.5872656936800933 OK 13 12 0.72885599999999995 0.66793000000000002 0.14596200000000001 0.57744099999999998 0.44856600000000002 0 0.15141499999999997 0.219364 0.14596200000000001 0.0082389999999999998 0.0083920000000000002 0.0076860000000000001 0.11373900000000001 0.18169299999999997 0.11002200000000004 0.0051349999999999998 0.0051910000000000003 0.0049390000000000007 0.00092400000000000002 0.0009410000000000001 0.00090400000000000007 1.5872647092183882 1.5872647092183882 1.5872647092183882 1.3609411109334406e-08 1.3609411109334406e-08 1.3609411109334406e-08 1 1 1 Converged Converged Converged OK OK OK 93 93 93 93 93 93 3 3 3 0 0 0 0 1 0 0 1
79 79 linear 3 23 793 3 0.0001 0.56065110449611255 0.019306026755728022 0.0093464496992730923 1.1867778371600677 -0.42567794824323851 1.1886471270999224 0.5 -1.1780281913339079 1.5714306539438645 OK 13 12 0.71386300000000003 0.66601999999999995 0.14638100000000001 0.56313500000000005 0.44189899999999999 0 0.15072799999999997 0.22412099999999996 0.14638100000000001 0.0082229999999999994 0.0081379999999999994 0.0076829999999999997 0.11361700000000002 0.18699900000000003 0.11046299999999999 0.0049569999999999996 0.0051860000000000005 0.0049109999999999996 0.00090900000000000009 0.0009189999999999999 0.00089200000000000011 1.5714297033276843 1.5714297033276843 1.5714297033276843 1.2030057122802174e-08 1.2030057122802174e-08 1.2030057122802174e-08 1 1 1 Converged Converged Converged OK OK OK 93 93 93 93 93 93 3 3 3 0 0 0 0 1 0 0 1
79 79 linear 4 0 794 0 0.001 0.56065110449611255 0.019306026755728022 0.0093464496992730923 1.1675852987063489 0.38001013223055419 1.1657160087664942 0.5 -1.1550970730004797 1.3622773321250816 OK 13 12 0.64002000000000003 0.63700100000000004 0.107737 0.52844000000000002 0.53199200000000002 0 0.11158000000000001 0.10500900000000002 0.107737 0.0089309999999999997 0.0089090000000000003 0.0085089999999999992 0.080654999999999977 0.074500000000000025 0.077686000000000005 0.003202 0.0031670000000000001 0.0031709999999999998 0.00070699999999999995 0.00069299999999999993 0.00070200000000000004 1.3622764834258305 1.3622764834258305 1.3622764834258305 0.00045660855962382894 0.00045660855962382894 0.00045660855962382894 1 1 1 Converged Converged Converged OK OK OK 61 61 61 61 61 61 3 3 3 0 0 0 0 0 1 0 0
79 79 linear 4 7 794 1 0.001 0.56065110449611255 0.019306026755728022 0.0093464496992730923 1.1675852987063489 0.38001013223055419 1.1668538374255362 0.5 -1.1562349016595217 1.3543460870158819 OK 13 12 0.54316799999999998 0.48730299999999999 0.097350999999999993 0.44248199999999999 0.32767299999999999 0 0.100686 0.15962999999999999 0.097350999999999993 0.0081790000000000005 0.0082059999999999998 0.0076629999999999997 0.073480999999999977 0.13265099999999999 0.071130999999999972 0.003153 0.0031889999999999996 0.0031580000000000002 0.0006820000000000001 0.00067900000000000002 0.00066200000000000005 1.3543452922933732 1.3543452922933732 1.3543452922933732 0.00043729506959371299 0.00043729506959371299 0.00043729506959371299 1 1 1 Converged Converged Converged OK OK OK 61 61 61 61 61 61 3 3 3 0 0 0 0 1 0 0 1
79 79 linear 4 15 794 2 0.001 0.56065110449611255 0.019306026755728022 0.0093464496992730923 1.1675852987063489 0.38001013223055419 1.1681542130358697 0.5 -1.1575352772698553 1.3462467562517679 OK 13 12 0.49646499999999999 0.45048500000000002 0.095906000000000005 0.39396700000000001 0.29554599999999998 0 0.10249799999999998 0.15493900000000005 0.095906000000000005 0.0081930000000000006 0.0082869999999999992 0.0076490000000000004 0.071725000000000011 0.127447 0.069709000000000021 0.0031259999999999999 0.0032859999999999999 0.0031550000000000003 0.000696 0.00069800000000000005 0.00067200000000000007 1.3462459778291382 1.3462459778291382 1.3462459778291382 0.00041841854180826838 0.00041841854180826838 0.00041841854180826838 1 1 1 Converged Converged Converged OK OK OK 61 61 61 61 61 61 3 3 3 0 0 0 0 1 0 0 1
79 79 linear 4 23 794 3 0.001 0.56065110449611255 0.019306026755728022 0.0093464496992730923 1.1675852987063489 0.38001013223055419 1.1694545886462036 0.5 -1.1588356528801891 1.3390558753595068 OK 13 12 0.49423 0.43702200000000002 0.09937 0.39140399999999997 0.28438099999999999 0 0.10282600000000003 0.15264100000000003 0.09937 0.0081200000000000005 0.008208 0.0076490000000000004 0.075687000000000018 0.12560399999999999 0.073044999999999985 0.003176 0.003251 0.0032599999999999999 0.000678 0.00067299999999999999 0.00066200000000000005 1.3390550963406005 1.3390550963406005 1.3390550963406005 0.00040240063039067339 0.00040240063039067339 0.00040240063039067339 1 1 1 Converged Converged Converged OK OK OK 61 61 61 61 61 61 3 3 3 0 0 0 0 1 0 0 1
79 79 linear 4 0 794 0 0.0001 0.56065110449611255 0.019306026755728022 0.0093464496992730923 1.1675852987063489 0.38001013223055419 1.1657160087664942 0.5 -1.1550970730004797 1.3622773321250816 OK 13 12 0.66677299999999995 0.66147599999999995 0.13086900000000001 0.53154699999999999 0.52883800000000003 0 0.13522599999999996 0.13263799999999992 0.13086900000000001 0.0090650000000000001 0.0090580000000000001 0.0085990000000000007 0.097869000000000025 0.095593000000000025 0.094670999999999977 0.004215 0.0043150000000000003 0.0040600000000000002 0.00084100000000000017 0.00081700000000000002 0.00079100000000000004 1.3622764845157476 1.3622764845157476 1.3622764845157476 0.00010676148604430924 0.00010676148604430924 0.00010676148604430924 1 1 1 Converged Converged Converged OK OK OK 77 77 77 77 77 77 3 3 3 0 0 0 0 0 1 0 0
79 79 linear 4 7 794 1 0.0001 0.56065110449611255 0.019306026755728022 0.0093464496992730923 1.1675852987063489 0.38001013223055419 1.1668538374255362 0.5 -1.1562349016595217 1.3543460870158819 OK 13 12 0.57331900000000002 0.52422800000000003 0.123392 0.44598199999999999 0.33332000000000001 0 0.12733700000000003 0.19090800000000002 0.123392 0.0082100000000000003 0.0081670000000000006 0.0076680000000000003 0.094890999999999989 0.15880599999999995 0.092203999999999967 0.0042010000000000007 0.0042250000000000005 0.0040980000000000001 0.00078899999999999999 0.00082700000000000004 0.00077600000000000011 1.3543452931802089 1.3543452931802089 1.3543452931802089 0.00010916016756997872 0.00010916016756997872 0.00010916016756997872 1 1 1 Converged Converged Converged OK OK OK 77 77 77 77 77 77 3 3 3 0 0 0 0 1 0 0 1
79 79 linear 4 15 794 2 0.0001 0.56065110449611255 0.019306026755728022 0.0093464496992730923 1.1675852987063489 0.38001013223055419 1.1681542130358697 0.5 -1.1575352772698553 1.3462467562517679 OK 13 12 0.51769799999999999 0.481659 0.12059400000000001 0.39308500000000002 0.29615599999999997 0 0.12461299999999997 0.18550300000000003 0.12059400000000001 0.0081650000000000004 0.0081569999999999993 0.0076449999999999999 0.092610000000000026 0.15320300000000003 0.089523000000000005 0.004084 0.0042299999999999994 0.0040809999999999996 0.00081099999999999998 0.00083999999999999993 0.00078000000000000009 1.3462459785513867 1.3462459785513867 1.3462459785513867 0.00011199283206765074 0.00011199283206765074 0.00011199283206765074 1 1 1 Converged Converged Converged OK OK OK 77 77 77 77 77 77 3 3 3 0 0 0 0 1 0 0 1
79 79 linear 4 23 794 3 0.0001 0.56065110449611255 0.019306026755728022 0.0093464496992730923 1.1675852987063489 0.38001013223055419 1.1694545886462036 0.5 -1.1588356528801891 1.3390558753595068 OK 13 12 0.52632000000000001 0.47383999999999998 0.12518000000000001 0.39599499999999999 0.28690900000000003 0 0.13032500000000002 0.18693099999999996 0.12518000000000001 0.0081840000000000003 0.0082730000000000008 0.007685 0.097586999999999993 0.15506499999999993 0.094196999999999975 0.0043779999999999999 0.0040179999999999999 0.0040340000000000003 0.00079299999999999998 0.0007980000000000001 0.00078300000000000006 1.3390550969430222 1.3390550969430222 1.3390550969430222 0.00011492665258929946 0.00011492665258929946 0.00011492665258929946 1 1 1 Converged Converged Converged OK OK OK 77 77 77 77 77 77 3 3 3 0 0 0 0 1 0 0 1
79 79 uniform 0 0 795 0 0.001 0.56065110449611255 0.019306026755728022 0.0093464496992730923 -0.0021879541234544183 0.0074881712815198318 -0.0040572440633090366 0 0.01467617982932342 124.51466039946509 OK 16 15 0.73506199999999999 0.72902100000000003 0.23733499999999999 0.491481 0.49157800000000001 0 0.24358099999999999 0.23744300000000002 0.23733499999999999 0.014562 0.013823 0.013641 0.17980199999999993 0.17715499999999995 0.17645000000000008 0.0067070000000000012 0.005751 0.0063959999999999998 0.001609 0.0015079999999999998 0.001642 124.51584841161869 124.51584841161869 124.51584841161869 0.1192131559888048 0.1192131559888048 0.1192131559888048 1 1 1 Converged Converged Converged OK OK OK 133 133 133 133 133 133 11 11 11 0 0 0 0 0 1 0 0
79 79 uniform 0 7 795 1 0.001 0.56065110449611255 0.019306026755728022 0.0093464496992730923 -0.0021879541234544183 0.0074881712815198318 -0.0029194154042670949 0 0.013538351170281479 129.72731127619795 OK 16 15 0.68404299999999996 0.59555400000000003 0.240754 0.44487100000000002 0.32086900000000002 0 0.23917199999999994 0.27468500000000001 0.240754 0.012685999999999999 0.012737 0.011886000000000001 0.19039799999999987 0.22580999999999996 0.19343799999999997 0.0060730000000000003 0.0061459999999999996 0.0060269999999999994 0.0016549999999999998 0.0016370000000000002 0.0016119999999999997 129.72907953516957 129.72907953516957 129.72907953516957 0.10261428421638785 0.10261428421638785 0.10261428421638785 1 1 1 Converged Converged Converged OK OK OK 141 141 141 141 141 141 11 11 11 0 0 0 0 1 0 0 1
79 79 uniform 0 15 795 2 0.001 0.56065110449611255 0.019306026755728022 0.0093464496992730923 -0.0021879541234544183 0.0074881712815198318 -0.0016190397939334473 0 0.012237975559947831 135.05097010615083 OK 16 15 0.71183700000000005 0.617197 0.25792599999999999 0.44926100000000002 0.32851399999999997 0 0.26257600000000003 0.28868300000000002 0.25792599999999999 0.013011 0.012992999999999999 0.011984 0.21231700000000006 0.23832599999999998 0.20969199999999993 0.006222000000000001 0.00643 0.0060920000000000002 0.001699 0.0017600000000000001 0.001745 135.05154239327393 135.05154239327393 135.05154239327393 0.10517935597823436 0.10517935597823436 0.10517935597823436 1 1 1 Converged Converged Converged OK OK OK 148 148 148 148 148 148 12 12 12 0 0 0 0 1 0 0 1
79 79 uniform 0 23 795 3 0.001 0.56065110449611255 0.019306026755728022 0.0093464496992730923 -0.0021879541234544183 0.0074881712815198318 -0.00031866418359979983 0 0.010937599949614183 140.57477770388556 OK 16 15 0.68979199999999996 0.60904999999999998 0.228155 0.46216099999999999 0.343501 0 0.22763099999999997 0.26554899999999998 0.228155 0.012888 0.013233999999999999 0.011854 0.18328299999999997 0.21916200000000002 0.18575499999999998 0.0051630000000000009 0.0060919999999999993 0.0052129999999999998 0.0017369999999999998 0.0016460000000000001 0.0014960000000000002 140.57607584440208 140.57607584440208 140.57607584440208 0.096605166576323329 0.096605166576323329 0.096605166576323329 1 1 1 Converged Converged Converged OK OK OK 132 132 132 132 132 132 12 12 12 0 0 0 0 1 0 0 1
79 79 uniform 0 0 795 0 0.0001 0.56065110449611255 0.019306026755728022 0.0093464496992730923 -0.0021879541234544183 0.0074881712815198318 -0.0040572440633090366 0 0.01467617982932342 124.51466039946509 OK 16 15 0.835059 0.83668200000000004 0.34259200000000001 0.490012 0.48666799999999999 0 0.34504699999999999 0.35001400000000005 0.34259200000000001 0.014284 0.014050999999999999 0.013605000000000001 0.25192599999999998 0.25716500000000014 0.250913 0.010727 0.011359999999999999 0.011113000000000001 0.002398 0.0026489999999999999 0.0024859999999999999 124.51486637452503 124.51486637452503 124.51486637452503 0.0064065509457561518 0.0064065509457561518 0.0064065509457561518 1 1 1 Converged Converged Converged OK OK OK 205 205 205 205 205 205 11 11 11 0 0 0 0 0 1 0 0
79 79 uniform 0 7 795 1 0.0001 0.56065110449611255 0.019306026755728022 0.0093464496992730923 -0.0021879541234544183 0.0074881712815198318 -0.0029194154042670949 0 0.013538351170281479 129.72731127619795 OK 16 15 0.76043700000000003 0.69154400000000005 0.31397199999999997 0.445743 0.32974300000000001 0 0.31469400000000003 0.36180100000000004 0.31397199999999997 0.01282 0.013178 0.011953999999999999 0.25214599999999998 0.29618500000000003 0.25266599999999984 0.0098069999999999997 0.012186999999999998 0.010071 0.0022499999999999998 0.002333 0.0022529999999999998 129.72752504356359 129.72752504356359 129.72752504356359 0.006278167217243235 0.006278167217243235 0.006278167217243235 1 1 1 Converged Converged Converged OK OK OK 205 205 205 205 205 205 11 11 11 0 0 0 0 1 0 0 1
79 79 uniform 0 15 795 2 0.0001 0.56065110449611255 0.019306026755728022 0.0093464496992730923 -0.0021879541234544183 0.0074881712815198318 -0.0016190397939334473 0 0.012237975559947831 135.05097010615083 OK 16 15 0.80228500000000003 0.70774499999999996 0.33805600000000002 0.45369199999999998 0.32963999999999999 0 0.34859300000000004 0.37810499999999997 0.33805600000000002 0.013228 0.013344 0.012104999999999999 0.27555500000000011 0.30909800000000009 0.27198600000000001 0.014311000000000001 0.011317999999999998 0.010505 0.0024190000000000001 0.0023699999999999997 0.002405 135.05098088297899 135.05098088297899 135.05098088297899 0.0060424399525175147 0.0060424399525175147 0.0060424399525175147 1 1 1 Converged Converged Converged OK OK OK 212 212 212 212 212 212 12 12 12 0 0 0 0 1 0 0 1
79 79 uniform 0 23 795 3 0.0001 0.56065110449611255 0.019306026755728022 0.0093464496992730923 -0.0021879541234544183 0.0074881712815198318 -0.00031866418359979983 0 0.010937599949614183 140.57477770388556 OK 16 15 0.74751400000000001 0.67133399999999999 0.28374100000000002 0.46362300000000001 0.35077000000000003 0 0.283891 0.32056399999999996 0.28374100000000002 0.013051 0.013037999999999999 0.011793 0.22985300000000003 0.26665199999999994 0.23242699999999994 0.0074490000000000008 0.007647000000000001 0.0069150000000000001 0.002405 0.0023969999999999998 0.0022160000000000001 140.57478860226982 140.57478860226982 140.57478860226982 0.010820072585175139 0.010820072585175139 0.010820072585175139 1 1 1 Converged Converged Converged OK OK OK 172 172 172 172 172 172 12 12 12 0 0 0 0 1 0 0 1
79 79 uniform 1 0 796 0 0.001 0.56065110449611255 0.019306026755728022 0.0093464496992730923 -0.0067992379455245914 -0.013429995795007092 -0.0086685278853792097 0 0.019287463651393593 61.470668435752899 OK 14 13 0.41622399999999998 0.415356 0.123871 0.29358499999999998 0.29218899999999998 0 0.122639 0.12316700000000003 0.123871 0.013512 0.013393 0.013316 0.080801999999999985 0.081266999999999992 0.081582000000000016 0.0039550000000000002 0.0039909999999999998 0.0041960000000000001 0.00095399999999999999 0.00098299999999999993 0.000977 61.470568920348036 61.470568920348036 61.470568920348036 0.053620258583457626 0.053620258583457626 0.053620258583457626 1 1 1 Converged Converged Converged OK OK OK 82 82 82 82 82 82 6 6 6 0 0 0 0 0 1 0 0
79 79 uniform 1 7 796 1 0.001 0.56065110449611255 0.019306026755728022 0.0093464496992730923 -0.0067992379455245914 -0.013429995795007092 -0.0075306992263372684 0 0.01814963499235165 67.153873385256304 OK 14 13 0.44204100000000002 0.39560099999999998 0.131518 0.30997000000000002 0.186976 0 0.13207099999999999 0.20862499999999998 0.131518 0.012433 0.012329 0.011929 0.091385000000000022 0.16946700000000003 0.092966000000000035 0.0049289999999999994 0.0045589999999999997 0.0046300000000000004 0.001062 0.001013 0.0010330000000000001 67.153641012539595 67.153641012539595 67.153641012539595 0.054737525535969764 0.054737525535969764 0.054737525535969764 1 1 1 Converged Converged Converged OK OK OK 90 90 90 90 90 90 6 6 6 0 0 0 0 1 0 0 1
79 79 uniform 1 15 796 2 0.001 0.56065110449611255 0.019306026755728022 0.0093464496992730923 -0.0067992379455245914 -0.013429995795007092 -0.0062303236160036208 0 0.016849259382018006 75.923650988716048 OK 14 13 0.51123200000000002 0.51356400000000002 0.157606 0.35220800000000002 0.246034 0 0.159024 0.26753000000000005 0.157606 0.012537 0.012628 0.012063000000000001 0.11203499999999993 0.22003200000000006 0.11141699999999999 0.0053419999999999995 0.0057119999999999992 0.0054929999999999996 0.0013530000000000003 0.0013909999999999999 0.0013759999999999998 75.923647956430159 75.923647956430159 75.923647956430159 0.0062292018791443885 0.0062292018791443885 0.0062292018791443885 1 1 1 Converged Converged Converged OK OK OK 113 113 113 113 113 113 7 7 7 0 0 0 0 1 0 0 1
79 79 uniform 1 23 796 3 0.001 0.56065110449611255 0.019306026755728022 0.0093464496992730923 -0.0067992379455245914 -0.013429995795007092 -0.0049299480056699731 0 0.015548883771684356 87.604472027855763 OK 13 12 0.43988699999999997 0.378521 0.10115300000000001 0.32886700000000002 0.22483900000000001 0 0.11101999999999995 0.15368199999999999 0.10115300000000001 0.016303999999999999 0.0098329999999999997 0.0090320000000000001 0.076767000000000002 0.12599499999999997 0.075597999999999999 0.0033230000000000004 0.0033179999999999998 0.0029220000000000001 0.00095800000000000008 0.00090899999999999998 0.00087399999999999999 87.604431854589834 87.604431854589834 87.604431854589834 0.08144871980592068 0.08144871980592068 0.08144871980592068 1 1 1 Converged Converged Converged OK OK OK 74 74 74 74 74 74 6 6 6 0 0 0 0 1 0 0 1
79 79 uniform 1 0 796 0 0.0001 0.56065110449611255 0.019306026755728022 0.0093464496992730923 -0.0067992379455245914 -0.013429995795007092 -0.0086685278853792097 0 0.019287463651393593 61.470668435752899 OK 14 13 0.46457799999999999 0.460119 0.16538800000000001 0.29339100000000001 0.29575400000000002 0 0.17118699999999998 0.16436499999999998 0.16538800000000001 0.01772 0.013748 0.013280999999999999 0.10977200000000001 0.10807699999999999 0.11038799999999997 0.0065389999999999997 0.0060689999999999989 0.0057260000000000002 0.0014619999999999998 0.0014090000000000001 0.0014839999999999999 61.470668714249577 61.470668714249577 61.470668714249577 0.0024661151125002665 0.0024661151125002665 0.0024661151125002665 1 1 1 Converged Converged Converged OK OK OK 114 114 114 114 114 114 6 6 6 0 0 0 0 0 1 0 0
79 79 uniform 1 7 796 1 0.0001 0.56065110449611255 0.019306026755728022 0.0093464496992730923 -0.0067992379455245914 -0.013429995795007092 -0.0075306992263372684 0 0.01814963499235165 67.153873385256304 OK 14 13 0.446274 0.40468799999999999 0.133822 0.30848500000000001 0.18471699999999999 0 0.13778899999999999 0.219971 0.133822 0.012801 0.012428 0.011790999999999999 0.096447999999999992 0.18054800000000001 0.094925999999999996 0.0050920000000000002 0.004718 0.0047489999999999997 0.0013359999999999999 0.001196 0.001305 67.153876235023191 67.153876235023191 67.153876235023191 0.0047297183313217495 0.0047297183313217495 0.0047297183313217495 1 1 1 Converged Converged Converged OK OK OK 98 98 98 98 98 98 6 6 6 0 0 0 0 1 0 0 1
79 79 uniform 1 15 796 2 0.0001 0.56065110449611255 0.019306026755728022 0.0093464496992730923 -0.0067992379455245914 -0.013429995795007092 -0.0062303236160036208 0 0.016849259382018006 75.923650988716048 OK 14 13 0.51699600000000001 0.505776 0.15440000000000001 0.35851699999999997 0.240119 0 0.15847900000000004 0.26565700000000003 0.15440000000000001 0.012985999999999999 0.012919 0.011993999999999999 0.112787 0.22063400000000005 0.11102700000000001 0.0059069999999999999 0.0055789999999999998 0.0054869999999999988 0.0014219999999999999 0.0013720000000000002 0.0014059999999999999 75.923647956430159 75.923647956430159 75.923647956430159 0.0062292018791443885 0.0062292018791443885 0.0062292018791443885 1 1 1 Converged Converged Converged OK OK OK 113 113 113 113 113 113 7 7 7 0 0 0 0 1 0 0 1
79 79 uniform 1 23 796 3 0.0001 0.56065110449611255 0.019306026755728022 0.0093464496992730923 -0.0067992379455245914 -0.013429995795007092 -0.0049299480056699731 0 0.015548883771684356 87.604472027855763 OK 13 12 0.45913700000000002 0.41141299999999997 0.127027 0.32865499999999997 0.22525400000000001 0 0.13048200000000004 0.18615899999999996 0.127027 0.0099810000000000003 0.0098340000000000007 0.0090799999999999995 0.095602999999999994 0.15134900000000007 0.094539000000000026 0.0049199999999999999 0.0050000000000000001 0.0044180000000000001 0.0012469999999999998 0.0012520000000000001 0.0011769999999999999 87.604474685513111 87.604474685513111 87.604474685513111 0.0041762027352344128 0.0041762027352344128 0.0041762027352344128 1 1 1 Converged Converged Converged OK OK OK 98 98 98 98 98 98 6 6 6 0 0 0 0 1 0 0 1
79 79 uniform 2 0 797 0 0.001 0.56065110449611255 0.019306026755728022 0.0093464496992730923 0.013482756519246252 0.0063731022692154766 0.011613466579391633 0 -0.00099453081337724965 80.383148210972578 OK 15 14 0.71528599999999998 0.71779300000000001 0.26524900000000001 0.45087100000000002 0.45132100000000003 0 0.26441499999999996 0.26647199999999999 0.26524900000000001 0.013724999999999999 0.01414 0.013501000000000001 0.19994600000000001 0.200513 0.20016600000000001 0.0084110000000000001 0.0095839999999999988 0.0090709999999999992 0.0016310000000000001 0.0017210000000000001 0.0016149999999999999 80.385692319486978 80.385692319486978 80.385692319486978 0.054815059563306866 0.054815059563306866 0.054815059563306866 1 1 1 Converged Converged Converged OK OK OK 151 151 151 151 151 151 9 9 9 0 0 0 0 0 1 0 0
79 79 uniform 2 7 797 1 0.001 0.56065110449611255 0.019306026755728022 0.0093464496992730923 0.013482756519246252 0.0063731022692154766 0.012751295238433576 0 -0.0021323594724191926 65.539234252630393 OK 15 14 0.60405200000000003 0.52796100000000001 0.203795 0.39147500000000002 0.29537799999999997 0 0.21257700000000002 0.23258300000000004 0.203795 0.013684999999999999 0.012555 0.011665999999999999 0.16921399999999998 0.18940400000000007 0.16446 0.005451000000000001 0.0064009999999999996 0.0051009999999999996 0.0013630000000000001 0.0013140000000000001 0.001361 65.538812871121308 65.538812871121308 65.538812871121308 0.062072319188044622 0.062072319188044622 0.062072319188044622 1 1 1 Converged Converged Converged OK OK OK 112 112 112 112 112 112 8 8 8 0 0 0 0 1 0 0 1
79 79 uniform 2 15 797 2 0.001 0.56065110449611255 0.019306026755728022 0.0093464496992730923 0.013482756519246252 0.0063731022692154766 0.014051670848767224 0 -0.0034327350827528403 59.302737832642258 OK 15 14 0.50100299999999998 0.42649700000000001 0.21284600000000001 0.28278300000000001 0.18083399999999999 0 0.21821999999999997 0.24566300000000002 0.21284600000000001 0.012397999999999999 0.012220999999999999 0.011148 0.17676400000000009 0.20328000000000007 0.173872 0.005353000000000001 0.0059290000000000002 0.005019 0.0012589999999999999 0.001255 0.0013000000000000002 59.302402825936177 59.302402825936177 59.302402825936177 0.049559754021985335 0.049559754021985335 0.049559754021985335 1 1 1 Converged Converged Converged OK OK OK 112 112 112 112 112 112 8 8 8 0 0 0 0 1 0 0 1
79 79 uniform 2 23 797 3 0.001 0.56065110449611255 0.019306026755728022 0.0093464496992730923 0.013482756519246252 0.0063731022692154766 0.015352046459100871 0 -0.0047331106930864879 54.500067367155104 OK 15 14 0.50336000000000003 0.42852499999999999 0.217144 0.28005400000000003 0.18195 0 0.223306 0.24657499999999999 0.217144 0.012458 0.012626 0.011585 0.18071099999999993 0.20319599999999988 0.17679199999999995 0.0055040000000000011 0.0061139999999999988 0.0053889999999999997 0.0014290000000000001 0.0013749999999999999 0.0013849999999999999 54.500073588338616 54.500073588338616 54.500073588338616 0.037611459241674083 0.037611459241674083 0.037611459241674083 1 1 1 Converged Converged Converged OK OK OK 119 119 119 119 119 119 9 9 9 0 0 0 0 1 0 0 1
79 79 uniform 2 0 797 0 0.0001 0.56065110449611255 0.019306026755728022 0.0093464496992730923 0.013482756519246252 0.0063731022692154766 0.011613466579391633 0 -0.00099453081337724965 80.383148210972578 OK 15 14 0.809778 0.80175200000000002 0.35235899999999998 0.44825999999999999 0.44754500000000003 0 0.36151800000000001 0.35420699999999999 0.35235899999999998 0.013983000000000001 0.013839000000000001 0.013676000000000001 0.27955999999999992 0.27346300000000001 0.27193399999999984 0.011395000000000001 0.010792999999999999 0.010708000000000001 0.0020960000000000002 0.0021579999999999998 0.0021540000000000001 80.383176639863692 80.383176639863692 80.383176639863692 0.0065705101671230054 0.0065705101671230054 0.0065705101671230054 1 1 1 Converged Converged Converged OK OK OK 191 191 191 191 191 191 9 9 9 0 0 0 0 0 1 0 0
79 79 uniform 2 7 797 1 0.0001 0.56065110449611255 0.019306026755728022 0.0093464496992730923 0.013482756519246252 0.0063731022692154766 0.012751295238433576 0 -0.0021323594724191926 65.539234252630393 OK 15 14 0.73196600000000001 0.66880300000000004 0.33023799999999998 0.39617200000000002 0.28844399999999998 0 0.33579399999999998 0.38035900000000006 0.33023799999999998 0.012748000000000001 0.012397 0.011563 0.26854800000000006 0.3153109999999999 0.26651100000000005 0.011418000000000001 0.010916 0.010673 0.0019840000000000001 0.0019070000000000001 0.0020229999999999996 65.53926152917083 65.53926152917083 65.53926152917083 0.0023614353933984217 0.0023614353933984217 0.0023614353933984217 1 1 1 Converged Converged Converged OK OK OK 192 192 192 192 192 192 8 8 8 0 0 0 0 1 0 0 1
79 79 uniform 2 15 797 2 0.0001 0.56065110449611255 0.019306026755728022 0.0093464496992730923 0.013482756519246252 0.0063731022692154766 0.014051670848767224 0 -0.0034327350827528403 59.302737832642258 OK 15 14 0.59862000000000004 0.53190599999999999 0.30158200000000002 0.289858 0.17555999999999999 0 0.30876200000000004 0.356346 0.30158200000000002 0.01226 0.012227 0.010954999999999999 0.24979099999999982 0.29913699999999999 0.2472160000000001 0.010757999999999998 0.009773999999999998 0.0091649999999999995 0.0017889999999999998 0.0018349999999999998 0.0017469999999999999 59.302756450796586 59.302756450796586 59.302756450796586 0.0047842310427098243 0.0047842310427098243 0.0047842310427098243 1 1 1 Converged Converged Converged OK OK OK 176 176 176 176 176 176 8 8 8 0 0 0 0 1 0 0 1
79 79 uniform 2 23 797 3 0.0001 0.56065110449611255 0.019306026755728022 0.0093464496992730923 0.013482756519246252 0.0063731022692154766 0.015352046459100871 0 -0.0047331106930864879 54.500067367155104 OK 15 14 0.55977699999999997 0.49649599999999999 0.27590100000000001 0.27707799999999999 0.18049299999999999 0 0.28269899999999998 0.31600300000000003 0.27590100000000001 0.012706 0.012600999999999999 0.011683000000000001 0.23175999999999997 0.26466199999999984 0.22701099999999999 0.0072709999999999988 0.0076949999999999996 0.0071019999999999998 0.0017570000000000001 0.0018119999999999998 0.0017200000000000002 54.500066867102404 54.500066867102404 54.500066867102404 0.0053831735840903549 0.0053831735840903549 0.0053831735840903549 1 1 1 Converged Converged Converged OK OK OK 151 151 151 151 151 151 9 9 9 0 0 0 0 1 0 0 1
79 79 uniform 3 0 798 0 0.001 0.56065110449611255 0.019306026755728022 0.0093464496992730923 1.1867778371600677 -0.42567794824323851 1.184908547220213 0 -1.1742896114541985 1.6361562645963241 OK 13 12 0.43664900000000001 0.440355 0.069922999999999999 0.36543300000000001 0.36951699999999998 0 0.071216000000000002 0.070838000000000012 0.069922999999999999 0.0088369999999999994 0.0090360000000000006 0.008744 0.046100000000000023 0.045895000000000012 0.045632000000000006 0.0021519999999999998 0.0021939999999999998 0.0021190000000000002 0.00062399999999999999 0.00061399999999999996 0.00058600000000000004 1.6361562222099206 1.6361562222099206 1.6361562222099206 0.00057371148118933444 0.00057371148118933444 0.00057371148118933444 1 1 1 Converged Converged Converged OK OK OK 45 45 45 45 45 45 3 3 3 0 0 0 0 0 1 0 0
79 79 uniform 3 7 798 1 0.001 0.56065110449611255 0.019306026755728022 0.0093464496992730923 1.1867778371600677 -0.42567794824323851 1.186046375879255 0 -1.1754274401132405 1.6104314096243693 OK 13 12 0.61978500000000003 0.53353899999999999 0.068414000000000003 0.54323900000000003 0.42165999999999998 0 0.076546000000000003 0.11187900000000001 0.068414000000000003 0.0081679999999999999 0.0081980000000000004 0.0076429999999999996 0.054252000000000015 0.089637999999999982 0.047106000000000002 0.0021949999999999999 0.0022750000000000001 0.0021490000000000003 0.000571 0.00055199999999999997 0.00057600000000000001 1.6104313836867046 1.6104313836867046 1.6104313836867046 0.00056698750858045599 0.00056698750858045599 0.00056698750858045599 1 1 1 Converged Converged Converged OK OK OK 45 45 45 45 45 45 3 3 3 0 0 0 0 1 0 0 1
79 79 uniform 3 15 798 2 0.001 0.56065110449611255 0.019306026755728022 0.0093464496992730923 1.1867778371600677 -0.42567794824323851 1.1873467514895886 0 -1.1767278157235741 1.5892149985240911 OK 13 12 0.64231799999999994 0.55077399999999999 0.064479999999999996 0.57670699999999997 0.44764100000000001 0 0.065610999999999975 0.10313299999999997 0.064479999999999996 0.0080129999999999993 0.0082140000000000008 0.0075849999999999997 0.043760999999999987 0.081053 0.043400000000000015 0.002147 0.0022179999999999999 0.002127 0.00057700000000000004 0.00055099999999999995 0.00053499999999999999 1.5892149828574416 1.5892149828574416 1.5892149828574416 0.00055726773998494275 0.00055726773998494275 0.00055726773998494275 1 1 1 Converged Converged Converged OK OK OK 45 45 45 45 45 45 3 3 3 0 0 0 0 1 0 0 1
79 79 uniform 3 23 798 3 0.001 0.56065110449611255 0.019306026755728022 0.0093464496992730923 1.1867778371600677 -0.42567794824323851 1.1886471270999224 0 -1.1780281913339079 1.5729585444955791 OK 13 12 0.62848599999999999 0.54788599999999998 0.066789000000000001 0.56061399999999995 0.44065199999999999 0 0.067872000000000043 0.107234 0.066789000000000001 0.0081259999999999995 0.0082439999999999996 0.0075680000000000001 0.045826999999999993 0.085176000000000002 0.045760999999999996 0.0022000000000000001 0.002281 0.0021410000000000001 0.00056599999999999999 0.00055500000000000005 0.00054900000000000001 1.5729585304347724 1.5729585304347724 1.5729585304347724 0.00054952622720708512 0.00054952622720708512 0.00054952622720708512 1 1 1 Converged Converged Converged OK OK OK 45 45 45 45 45 45 3 3 3 0 0 0 0 1 0 0 1
79 79 uniform 3 0 798 0 0.0001 0.56065110449611255 0.019306026755728022 0.0093464496992730923 1.1867778371600677 -0.42567794824323851 1.184908547220213 0 -1.1742896114541985 1.6361562645963241 OK 13 12 0.47900100000000001 0.47164600000000001 0.108514 0.36882300000000001 0.36302200000000001 0 0.110178 0.108624 0.108514 0.0089879999999999995 0.0089540000000000002 0.0086119999999999999 0.073595000000000008 0.072990999999999973 0.072935 0.0039180000000000005 0.0038019999999999998 0.0038919999999999996 0.00084800000000000001 0.00083299999999999997 0.00082799999999999996 1.6361562222385735 1.6361562222385735 1.6361562222385735 6.8325708214067314e-05 6.8325708214067314e-05 6.8325708214067314e-05 1 1 1 Converged Converged Converged OK OK OK 77 77 77 77 77 77 3 3 3 0 0 0 0 0 1 0 0
79 79 uniform 3 7 798 1 0.0001 0.56065110449611255 0.019306026755728022 0.0093464496992730923 1.1867778371600677 -0.42567794824323851 1.186046375879255 0 -1.1754274401132405 1.6104314096243693 OK 13 12 0.65602400000000005 0.59903799999999996 0.107367 0.54712300000000003 0.42171900000000001 0 0.10890100000000003 0.17731899999999995 0.107367 0.008352 0.0082730000000000008 0.0076839999999999999 0.076796000000000003 0.14525999999999997 0.076559999999999989 0.0038090000000000003 0.0038560000000000001 0.0037330000000000002 0.00079299999999999998 0.0007890000000000001 0.00076900000000000004 1.610431383715635 1.610431383715635 1.610431383715635 6.1370411376123653e-05 6.1370411376123653e-05 6.1370411376123653e-05 1 1 1 Converged Converged Converged OK OK OK 77 77 77 77 77 77 3 3 3 0 0 0 0 1 0 0 1
79 79 uniform 3 15 798 2 0.0001 0.56065110449611255 0.019306026755728022 0.0093464496992730923 1.1867778371600677 -0.42567794824323851 1.1873467514895886 0 -1.1767278157235741 1.5892149985240911 OK 13 12 0.68620499999999995 0.61614899999999995 0.104547 0.58002699999999996 0.44248900000000002 0 0.10617799999999999 0.17365999999999993 0.104547 0.0081600000000000006 0.0082710000000000006 0.0076090000000000003 0.074431000000000011 0.13722399999999998 0.07396000000000004 0.0038089999999999999 0.0038120000000000003 0.003718 0.00077399999999999995 0.00079299999999999998 0.00076899999999999994 1.589214982886876 1.589214982886876 1.589214982886876 5.1431055999497644e-05 5.1431055999497644e-05 5.1431055999497644e-05 1 1 1 Converged Converged Converged OK OK OK 77 77 77 77 77 77 3 3 3 0 0 0 0 1 0 0 1
79 79 uniform 3 23 798 3 0.0001 0.56065110449611255 0.019306026755728022 0.0093464496992730923 1.1867778371600677 -0.42567794824323851 1.1886471270999224 0 -1.1780281913339079 1.5729585444955791 OK 13 12 0.67165399999999997 0.61207999999999996 0.10489800000000001 0.56530899999999995 0.43839299999999998 0 0.10634500000000002 0.17368699999999998 0.10489800000000001 0.0081869999999999998 0.0082520000000000007 0.007646 0.074501999999999999 0.141731 0.074226000000000042 0.00396 0.0038370000000000001 0.003836 0.00078399999999999997 0.00077399999999999995 0.00076999999999999996 1.5729585304648184 1.5729585304648184 1.5729585304648184 4.3521294266129475e-05 4.3521294266129475e-05 4.3521294266129475e-05 1 1 1 Converged Converged Converged OK OK OK 77 77 77 77 77 77 3 3 3 0 0 0 0 1 0 0 1
79 79 uniform 4 0 799 0 0.001 0.56065110449611255 0.019306026755728022 0.0093464496992730923 1.1675852987063489 0.38001013223055419 1.1657160087664942 0 -1.1550970730004797 1.3633148960101655 OK 13 12 0.60816800000000004 0.60645099999999996 0.073762999999999995 0.52864999999999995 0.53187700000000004 0 0.079518000000000089 0.074573999999999918 0.073762999999999995 0.013091999999999999 0.008933 0.0086020000000000003 0.049817000000000014 0.049719000000000013 0.049258000000000003 0.0022770000000000004 0.0021949999999999999 0.0021770000000000001 0.00055500000000000005 0.00055400000000000002 0.00054500000000000002 1.3633148848348668 1.3633148848348668 1.3633148848348668 0.00049831503374114295 0.00049831503374114295 0.00049831503374114295 1 1 1 Converged Converged Converged OK OK OK 45 45 45 45 45 45 3 3 3 0 0 0 0 0 1 0 0
79 79 uniform 4 7 799 1 0.001 0.56065110449611255 0.019306026755728022 0.0093464496992730923 1.1675852987063489 0.38001013223055419 1.1668538374255362 0 -1.1562349016595217 1.3552529987192188 OK 13 12 0.51330399999999998 0.42744599999999999 0.067610000000000003 0.44374000000000002 0.32561499999999999 0 0.069563999999999959 0.101831 0.067610000000000003 0.008286 0.0081709999999999994 0.0076160000000000004 0.04702400000000001 0.079834999999999975 0.046586000000000002 0.0022000000000000001 0.0021430000000000004 0.0021949999999999999 0.00055800000000000001 0.00055099999999999995 0.00053899999999999998 1.3552529875631425 1.3552529875631425 1.3552529875631425 0.00049041556796994084 0.00049041556796994084 0.00049041556796994084 1 1 1 Converged Converged Converged OK OK OK 45 45 45 45 45 45 3 3 3 0 0 0 0 1 0 0 1
79 79 uniform 4 15 799 2 0.001 0.56065110449611255 0.019306026755728022 0.0093464496992730923 1.1675852987063489 0.38001013223055419 1.1681542130358697 0 -1.1575352772698553 1.3470318298220274 OK 13 12 0.46762999999999999 0.40383999999999998 0.066272999999999999 0.39493800000000001 0.295043 0 0.072691999999999979 0.10879699999999998 0.066272999999999999 0.0081250000000000003 0.013984 0.0076660000000000001 0.050453000000000005 0.081088999999999994 0.045333000000000026 0.0021930000000000001 0.0022310000000000003 0.0021029999999999998 0.00056999999999999998 0.00055499999999999994 0.00053499999999999999 1.3470318187082608 1.3470318187082608 1.3470318187082608 0.00048327167868698477 0.00048327167868698477 0.00048327167868698477 1 1 1 Converged Converged Converged OK OK OK 45 45 45 45 45 45 3 3 3 0 0 0 0 1 0 0 1
79 79 uniform 4 23 799 3 0.001 0.56065110449611255 0.019306026755728022 0.0093464496992730923 1.1675852987063489 0.38001013223055419 1.1694545886462036 0 -1.1588356528801891 1.3397424779530602 OK 13 12 0.46187899999999998 0.38438600000000001 0.068436999999999998 0.391845 0.282497 0 0.070033999999999985 0.10188900000000001 0.068436999999999998 0.0082120000000000005 0.0082620000000000002 0.0076169999999999996 0.047878999999999984 0.079798000000000008 0.047452000000000008 0.00214 0.0021919999999999999 0.0021050000000000001 0.00055100000000000006 0.000571 0.00053600000000000002 1.3397424668907767 1.3397424668907767 1.3397424668907767 0.00047765171161640122 0.00047765171161640122 0.00047765171161640122 1 1 1 Converged Converged Converged OK OK OK 45 45 45 45 45 45 3 3 3 0 0 0 0 1 0 0 1
79 79 uniform 4 0 799 0 0.0001 0.56065110449611255 0.019306026755728022 0.0093464496992730923 1.1675852987063489 0.38001013223055419 1.1657160087664942 0 -1.1550970730004797 1.3633148960101655 OK 13 12 0.623417 0.62415100000000001 0.091587000000000002 0.53034300000000001 0.53022199999999997 0 0.09307399999999999 0.09392900000000004 0.091587000000000002 0.0089479999999999994 0.0092069999999999999 0.0084969999999999993 0.062130999999999999 0.062712999999999991 0.061803000000000004 0.0030600000000000002 0.003284 0.0030169999999999997 0.00067100000000000005 0.00069700000000000003 0.00066500000000000001 1.3633148848405727 1.3633148848405727 1.3633148848405727 0.00010777571373674006 0.00010777571373674006 0.00010777571373674006 1 1 1 Converged Converged Converged OK OK OK 61 61 61 61 61 61 3 3 3 0 0 0 0 0 1 0 0
79 79 uniform 4 7 799 1 0.0001 0.56065110449611255 0.019306026755728022 0.0093464496992730923 1.1675852987063489 0.38001013223055419 1.1668538374255362 0 -1.1562349016595217 1.3552529987192188 OK 13 12 0.534883 0.47467900000000002 0.084753999999999996 0.44827800000000001 0.32952399999999998 0 0.086604999999999988 0.14515500000000003 0.084753999999999996 0.0082019999999999992 0.0083119999999999999 0.0076239999999999997 0.059602000000000023 0.11771699999999997 0.058776999999999996 0.003019 0.003228 0.003029 0.00067099999999999994 0.00068500000000000006 0.00065199999999999991 1.355252987568853 1.355252987568853 1.355252987568853 9.9954835543149126e-05 9.9954835543149126e-05 9.9954835543149126e-05 1 1 1 Converged Converged Converged OK OK OK 61 61 61 61 61 61 3 3 3 0 0 0 0 1 0 0 1
79 79 uniform 4 15 799 2 0.0001 0.56065110449611255 0.019306026755728022 0.0093464496992730923 1.1675852987063489 0.38001013223055419 1.1681542130358697 0 -1.1575352772698553 1.3470318298220274 OK 13 12 0.48079699999999997 0.442334 0.083579000000000001 0.39214500000000002 0.29688999999999999 0 0.088651999999999953 0.14544400000000002 0.083579000000000001 0.012160000000000001 0.0081980000000000004 0.0076099999999999996 0.057748999999999995 0.11821300000000001 0.057563000000000003 0.0030140000000000002 0.0031519999999999999 0.0029399999999999999 0.00068599999999999998 0.00066799999999999997 0.00065399999999999996 1.3470318187139625 1.3470318187139625 1.3470318187139625 9.2900527892362386e-05 9.2900527892362386e-05 9.2900527892362386e-05 1 1 1 Converged Converged Converged OK OK OK 61 61 61 61 61 61 3 3 3 0 0 0 0 1 0 0 1
79 79 uniform 4 23 799 3 0.0001 0.56065110449611255 0.019306026755728022 0.0093464496992730923 1.1675852987063489 0.38001013223055419 1.1694545886462036 0 -1.1588356528801891 1.3397424779530602 OK 13 12 0.48368499999999998 0.424286 0.087057999999999996 0.39154600000000001 0.28338099999999999 0 0.092138999999999971 0.140905 0.087057999999999996 0.0082190000000000006 0.0082159999999999993 0.0076940000000000003 0.065078999999999998 0.11361200000000002 0.061177000000000023 0.0030669999999999998 0.0031089999999999998 0.0029520000000000002 0.00067199999999999996 0.00067000000000000002 0.00065700000000000003 1.3397424668964659 1.3397424668964659 1.3397424668964659 8.7369895137263598e-05 8.7369895137263598e-05 8.7369895137263598e-05 1 1 1 Converged Converged Converged OK OK OK 61 61 61 61 61 61 3 3 3 0 0 0 0 1 0 0 1
80 80 linear 0 0 800 0 0.001 1.3918949561934966 0.05427131159180839 3.7409023340754514e-05 -0.12962449160899719 -0.035006303044321077 -0.12963197341366534 0.5 0.2012833254328989 79.208741473404586 OK 14 13 0.49824200000000002 0.49391600000000002 0.160249 0.337146 0.33588699999999999 0 0.16109600000000002 0.15802900000000003 0.160249 0.012045 0.012008 0.011635 0.12700900000000001 0.12454400000000003 0.12738699999999997 0.0029779999999999997 0.002849 0.0027950000000000002 0.00076000000000000004 0.00074799999999999997 0.00077500000000000008 79.208901621083783 79.208901621083783 79.208901621083783 0.012711529622221593 0.012711529622221593 0.012711529622221593 1 1 1 Converged Converged Converged OK OK OK 67 67 67 67 67 67 5 5 5 0 0 0 0 0 1 0 0
80 80 linear 0 7 800 1 0.001 1.3918949561934966 0.05427131159180839 3.7409023340754514e-05 -0.12962449160899719 -0.035006303044321077 -0.12962741927169344 0.5 0.20127877129092703 79.903107166921814 OK 14 13 0.50978400000000001 0.48056599999999999 0.152887 0.35234100000000002 0.21518999999999999 0 0.157443 0.265376 0.152887 0.011261 0.011110999999999999 0.010487 0.12843200000000007 0.23676800000000001 0.125498 0.0028910000000000003 0.0029319999999999997 0.0028779999999999995 0.00076199999999999998 0.00078399999999999997 0.00077799999999999994 79.903964594317159 79.903964594317159 79.903964594317159 0.012786887079643981 0.012786887079643981 0.012786887079643981 1 1 1 Converged Converged Converged OK OK OK 67 67 67 67 67 67 5 5 5 0 0 0 0 1 0 0 1
80 80 linear 0 15 800 2 0.001 1.3918949561934966 0.05427131159180839 3.7409023340754514e-05 -0.12962449160899719 -0.035006303044321077 -0.12962221453801123 0.5 0.20127356655724482 80.693488589334336 OK 14 13 0.48755500000000002 0.47404000000000002 0.15340799999999999 0.32994000000000001 0.21429000000000001 0 0.15761500000000001 0.25975000000000004 0.15340799999999999 0.011396 0.011405 0.01085 0.12851900000000002 0.23064200000000007 0.12576799999999999 0.0029330000000000003 0.0029139999999999999 0.0028389999999999999 0.00076500000000000005 0.00073400000000000006 0.00072499999999999995 80.693714977183134 80.693714977183134 80.693714977183134 0.012874275121244241 0.012874275121244241 0.012874275121244241 1 1 1 Converged Converged Converged OK OK OK 67 67 67 67 67 67 5 5 5 0 0 0 0 1 0 0 1
80 80 linear 0 23 800 3 0.001 1.3918949561934966 0.05427131159180839 3.7409023340754514e-05 -0.12962449160899719 -0.035006303044321077 -0.12961700980432905 0.5 0.20126836182356261 81.477587811469803 OK 14 13 0.50692199999999998 0.47178900000000001 0.14408399999999999 0.35914499999999999 0.22109599999999999 0 0.14777699999999999 0.25069300000000005 0.14408399999999999 0.011617000000000001 0.011611 0.011037 0.11866399999999999 0.22156199999999998 0.11623100000000004 0.0028579999999999999 0.0029370000000000004 0.0027619999999999997 0.00084599999999999996 0.00083999999999999993 0.00083600000000000005 81.478476770475737 81.478476770475737 81.478476770475737 0.012963015102681051 0.012963015102681051 0.012963015102681051 1 1 1 Converged Converged Converged OK OK OK 67 67 67 67 67 67 5 5 5 0 0 0 0 1 0 0 1
80 80 linear 0 0 800 0 0.0001 1.3918949561934966 0.05427131159180839 3.7409023340754514e-05 -0.12962449160899719 -0.035006303044321077 -0.12963197341366534 0.5 0.2012833254328989 79.208741473404586 OK 14 13 0.57411199999999996 0.57043600000000005 0.235485 0.336953 0.33672299999999999 0 0.23715899999999995 0.23371300000000006 0.235485 0.012088 0.011993 0.014607999999999999 0.19099800000000006 0.18805300000000003 0.18710300000000002 0.0046410000000000002 0.0046230000000000004 0.0045599999999999998 0.0010480000000000001 0.0010200000000000001 0.0010350000000000001 79.208901625057734 79.208901625057734 79.208901625057734 0.0054153807160512218 0.0054153807160512218 0.0054153807160512218 1 1 1 Converged Converged Converged OK OK OK 99 99 99 99 99 99 5 5 5 0 0 0 0 0 1 0 0
80 80 linear 0 7 800 1 0.0001 1.3918949561934966 0.05427131159180839 3.7409023340754514e-05 -0.12962449160899719 -0.035006303044321077 -0.12962741927169344 0.5 0.20127877129092703 79.903107166921814 OK 14 13 0.57756399999999997 0.60819900000000005 0.230796 0.34550399999999998 0.216587 0 0.23205999999999999 0.39161200000000007 0.230796 0.01112 0.014853 0.010541 0.193555 0.34893500000000005 0.193301 0.0045999999999999999 0.0046819999999999995 0.0046340000000000001 0.0010240000000000002 0.00109 0.0011299999999999999 79.903964598297733 79.903964598297733 79.903964598297733 0.0054905781533454209 0.0054905781533454209 0.0054905781533454209 1 1 1 Converged Converged Converged OK OK OK 99 99 99 99 99 99 5 5 5 0 0 0 0 1 0 0 1
80 80 linear 0 15 800 2 0.0001 1.3918949561934966 0.05427131159180839 3.7409023340754514e-05 -0.12962449160899719 -0.035006303044321077 -0.12962221453801123 0.5 0.20127356655724482 80.693488589334336 OK 14 13 0.56158200000000003 0.59794499999999995 0.229411 0.32684400000000002 0.217806 0 0.234738 0.38013899999999995 0.229411 0.011507999999999999 0.011443 0.010729000000000001 0.1958609999999999 0.34124200000000005 0.19175000000000003 0.0044980000000000003 0.0045509999999999995 0.0045739999999999999 0.0010120000000000001 0.0010249999999999999 0.0010139999999999999 80.693714981155807 80.693714981155807 80.693714981155807 0.0055777833585111793 0.0055777833585111793 0.0055777833585111793 1 1 1 Converged Converged Converged OK OK OK 99 99 99 99 99 99 5 5 5 0 0 0 0 1 0 0 1
80 80 linear 0 23 800 3 0.0001 1.3918949561934966 0.05427131159180839 3.7409023340754514e-05 -0.12962449160899719 -0.035006303044321077 -0.12961700980432905 0.5 0.20126836182356261 81.477587811469803 OK 14 13 0.58220000000000005 0.59520200000000001 0.220051 0.35637600000000003 0.219218 0 0.22582400000000002 0.37598399999999998 0.220051 0.011769999999999999 0.011719 0.011096999999999999 0.18642699999999998 0.33634500000000001 0.18224900000000013 0.0046680000000000003 0.0046499999999999996 0.0044920000000000003 0.001178 0.0011390000000000003 0.0011150000000000001 81.478476774457476 81.478476774457476 81.478476774457476 0.0056663404890720196 0.0056663404890720196 0.0056663404890720196 1 1 1 Converged Converged Converged OK OK OK 99 99 99 99 99 99 5 5 5 0 0 0 0 1 0 0 1
80 80 linear 1 0 801 0 0.001 1.3918949561934966 0.05427131159180839 3.7409023340754514e-05 0.050487787201717003 -0.042919275444184932 0.050480305397048855 0.5 0.021171046622184719 581.83692221102547 OK 14 13 0.52551700000000001 0.52049500000000004 0.201464 0.32014799999999999 0.31926100000000002 0 0.20536900000000002 0.20123400000000002 0.201464 0.012932000000000001 0.012869 0.012690999999999999 0.17188099999999998 0.16825100000000004 0.16830300000000004 0.0027060000000000001 0.0026330000000000004 0.002679 0.00071000000000000002 0.00071200000000000007 0.00071199999999999996 581.83611033365946 581.83611033365946 581.83611033365946 0.32017702577612223 0.32017702577612223 0.32017702577612223 1 1 1 Converged Converged Converged OK OK OK 66 66 66 66 66 66 6 6 6 0 0 0 0 0 1 0 0
80 80 linear 1 7 801 1 0.001 1.3918949561934966 0.05427131159180839 3.7409023340754514e-05 0.050487787201717003 -0.042919275444184932 0.050484859539020772 0.5 0.021166492480212802 604.60221146820584 OK 14 13 0.52141599999999999 0.42084700000000003 0.20316100000000001 0.31355899999999998 0.20204800000000001 0 0.20785700000000001 0.21879900000000002 0.20316100000000001 0.01197 0.012206 0.011445 0.17948800000000004 0.19017499999999993 0.17590799999999995 0.0026199999999999999 0.002722 0.0025669999999999998 0.00064700000000000001 0.00063600000000000006 0.00060599999999999998 604.60148831799029 604.60148831799029 604.60148831799029 0.34813827184093371 0.34813827184093371 0.34813827184093371 1 1 1 Converged Converged Converged OK OK OK 66 66 66 66 66 66 6 6 6 0 0 0 0 1 0 0 1
80 80 linear 1 15 801 2 0.001 1.3918949561934966 0.05427131159180839 3.7409023340754514e-05 0.050487787201717003 -0.042919275444184932 0.050490064272702966 0.5 0.021161287746530609 614.08390175753755 OK 14 13 0.53573199999999999 0.40692 0.20192399999999999 0.32951799999999998 0.190221 0 0.20621400000000001 0.216699 0.20192399999999999 0.011922 0.012233000000000001 0.011379999999999999 0.17784100000000005 0.188419 0.17472999999999991 0.0026029999999999998 0.0026439999999999996 0.0026159999999999998 0.00061800000000000006 0.000629 0.00061199999999999991 614.0832531898094 614.0832531898094 614.0832531898094 0.34865647016719181 0.34865647016719181 0.34865647016719181 1 1 1 Converged Converged Converged OK OK OK 66 66 66 66 66 66 6 6 6 0 0 0 0 1 0 0 1
80 80 linear 1 23 801 3 0.001 1.3918949561934966 0.05427131159180839 3.7409023340754514e-05 0.050487787201717003 -0.042919275444184932 0.050495269006385152 0.5 0.021156083012848423 608.97425152719723 OK 14 13 0.52522899999999995 0.417543 0.20618500000000001 0.31070900000000001 0.19905600000000001 0 0.21451999999999993 0.21848699999999999 0.20618500000000001 0.011805 0.012197 0.011480000000000001 0.18628000000000003 0.19000700000000006 0.17902700000000007 0.0026210000000000001 0.0028230000000000004 0.0026420000000000003 0.00072000000000000005 0.0007049999999999999 0.00067400000000000001 608.97545135839448 608.97545135839448 608.97545135839448 0.34081368778105631 0.34081368778105631 0.34081368778105631 1 1 1 Converged Converged Converged OK OK OK 66 66 66 66 66 66 6 6 6 0 0 0 0 1 0 0 1
80 80 linear 1 0 801 0 0.0001 1.3918949561934966 0.05427131159180839 3.7409023340754514e-05 0.050487787201717003 -0.042919275444184932 0.050480305397048855 0.5 0.021171046622184719 581.83692221102547 OK 14 13 0.536972 0.53476500000000005 0.21526600000000001 0.31833 0.319218 0 0.218642 0.21554700000000004 0.21526600000000001 0.012904000000000001 0.013091 0.012728 0.18166599999999999 0.17819100000000004 0.17812299999999998 0.0031290000000000003 0.0031830000000000001 0.0031229999999999999 0.00081100000000000009 0.00083400000000000011 0.00083399999999999989 581.83774697066576 581.83774697066576 581.83774697066576 0.043434944593937569 0.043434944593937569 0.043434944593937569 1 1 1 Converged Converged Converged OK OK OK 74 74 74 74 74 74 6 6 6 0 0 0 0 0 1 0 0
80 80 linear 1 7 801 1 0.0001 1.3918949561934966 0.05427131159180839 3.7409023340754514e-05 0.050487787201717003 -0.042919275444184932 0.050484859539020772 0.5 0.021166492480212802 604.60221146820584 OK 14 13 0.57694000000000001 0.49031200000000003 0.25787100000000002 0.31086799999999998 0.20344899999999999 0 0.26607200000000003 0.28686300000000003 0.25787100000000002 0.012158 0.012094000000000001 0.011423000000000001 0.23022000000000004 0.25121600000000011 0.22344900000000004 0.0039269999999999999 0.0040390000000000001 0.0039360000000000003 0.00091500000000000001 0.00096099999999999994 0.00090899999999999987 604.60314299899846 604.60314299899846 604.60314299899846 0.029646577759111011 0.029646577759111011 0.029646577759111011 1 1 1 Converged Converged Converged OK OK OK 90 90 90 90 90 90 6 6 6 0 0 0 0 1 0 0 1
80 80 linear 1 15 801 2 0.0001 1.3918949561934966 0.05427131159180839 3.7409023340754514e-05 0.050487787201717003 -0.042919275444184932 0.050490064272702966 0.5 0.021161287746530609 614.08390175753755 OK 14 13 0.58455800000000002 0.47439599999999998 0.25612800000000002 0.32289200000000001 0.191021 0 0.26166600000000001 0.28337499999999999 0.25612800000000002 0.011939999999999999 0.012133 0.011414000000000001 0.22758299999999992 0.24925700000000003 0.22320499999999999 0.0037529999999999998 0.003833 0.0037890000000000003 0.00087200000000000005 0.00088099999999999984 0.00087199999999999995 614.08489379593743 614.08489379593743 614.08489379593743 0.028962152126619432 0.028962152126619432 0.028962152126619432 1 1 1 Converged Converged Converged OK OK OK 90 90 90 90 90 90 6 6 6 0 0 0 0 1 0 0 1
80 80 linear 1 23 801 3 0.0001 1.3918949561934966 0.05427131159180839 3.7409023340754514e-05 0.050487787201717003 -0.042919275444184932 0.050495269006385152 0.5 0.021156083012848423 608.97425152719723 OK 14 13 0.57784800000000003 0.48895 0.264428 0.31223699999999999 0.19870599999999999 0 0.26561100000000004 0.290244 0.264428 0.012056000000000001 0.012055 0.011403999999999999 0.231488 0.25597700000000001 0.23142599999999994 0.0037659999999999998 0.0039570000000000004 0.0038630000000000005 0.00093199999999999999 0.00096100000000000005 0.00095100000000000002 608.97708845718284 608.97708845718284 608.97708845718284 0.028036367734183609 0.028036367734183609 0.028036367734183609 1 1 1 Converged Converged Converged OK OK OK 90 90 90 90 90 90 6 6 6 0 0 0 0 1 0 0 1
80 80 linear 2 0 802 0 0.001 1.3918949561934966 0.05427131159180839 3.7409023340754514e-05 0.052947382930207516 -0.0039443321273444302 0.052939901125539368 0.5 0.018711450893694206 164.25940618895254 OK 14 13 0.73000100000000001 0.72542200000000001 0.197939 0.52985499999999996 0.53146499999999997 0 0.20014600000000005 0.19395700000000005 0.197939 0.015823 0.012989000000000001 0.013462999999999999 0.16151100000000002 0.15920600000000001 0.16221699999999997 0.0032150000000000004 0.0028280000000000002 0.0029579999999999997 0.00086600000000000002 0.00084699999999999999 0.00083700000000000007 164.26028334424149 164.26028334424149 164.26028334424149 0.051026581413463189 0.051026581413463189 0.051026581413463189 1 1 1 Converged Converged Converged OK OK OK 67 67 67 67 67 67 5 5 5 0 0 0 0 0 1 0 0
80 80 linear 2 7 802 1 0.001 1.3918949561934966 0.05427131159180839 3.7409023340754514e-05 0.052947382930207516 -0.0039443321273444302 0.052944455267511285 0.5 0.018706896751722289 73.347541664735971 OK 14 13 0.73229200000000005 0.61624100000000004 0.19614200000000001 0.53083100000000005 0.39898899999999998 0 0.201461 0.21725200000000006 0.19614200000000001 0.012324999999999999 0.012304000000000001 0.011618 0.17074499999999992 0.18698100000000001 0.16711799999999991 0.003058 0.0030629999999999998 0.0029229999999999998 0.00088699999999999998 0.00085999999999999987 0.00082599999999999991 73.344187754671353 73.344187754671353 73.344187754671353 0.050180794900638273 0.050180794900638273 0.050180794900638273 1 1 1 Converged Converged Converged OK OK OK 67 67 67 67 67 67 5 5 5 0 0 0 0 1 0 0 1
80 80 linear 2 15 802 2 0.001 1.3918949561934966 0.05427131159180839 3.7409023340754514e-05 0.052947382930207516 -0.0039443321273444302 0.052949660001193478 0.5 0.018701692018040096 28.991951441061044 OK 13 12 0.58964300000000003 0.46870200000000001 0.15937299999999999 0.42691200000000001 0.29455300000000001 0 0.16273100000000001 0.174149 0.15937299999999999 0.0090650000000000001 0.0090840000000000001 0.0083789999999999993 0.13640300000000002 0.14823900000000004 0.134793 0.0028879999999999999 0.002797 0.0026739999999999997 0.00064400000000000004 0.00065199999999999991 0.00058199999999999994 28.991936093168082 28.991936093168082 28.991936093168082 0.0030642353989111617 0.0030642353989111617 0.0030642353989111617 1 1 1 Converged Converged Converged OK OK OK 53 53 53 53 53 53 3 3 3 0 0 0 0 1 0 0 1
80 80 linear 2 23 802 3 0.001 1.3918949561934966 0.05427131159180839 3.7409023340754514e-05 0.052947382930207516 -0.0039443321273444302 0.052954864734875665 0.5 0.01869648728435791 29.003323017599602 OK 13 12 0.67294200000000004 0.56354599999999999 0.161665 0.50529599999999997 0.38401099999999999 0 0.16764600000000007 0.179535 0.161665 0.0088610000000000008 0.0092420000000000002 0.008293 0.14209000000000002 0.15326399999999996 0.13724899999999995 0.0027339999999999999 0.002823 0.002575 0.00064600000000000009 0.00064400000000000004 0.00057499999999999999 29.003307656427481 29.003307656427481 29.003307656427481 0.0030641920854749833 0.0030641920854749833 0.0030641920854749833 1 1 1 Converged Converged Converged OK OK OK 53 53 53 53 53 53 3 3 3 0 0 0 0 1 0 0 1
80 80 linear 2 0 802 0 0.0001 1.3918949561934966 0.05427131159180839 3.7409023340754514e-05 0.052947382930207516 -0.0039443321273444302 0.052939901125539368 0.5 0.018711450893694206 164.25940618895254 OK 14 13 0.78556999999999999 0.78246300000000002 0.25122699999999998 0.52837599999999996 0.52857299999999996 0 0.25719400000000003 0.25389000000000006 0.25122699999999998 0.012962 0.013025999999999999 0.013037 0.21608699999999995 0.21314699999999995 0.20997499999999997 0.0036259999999999999 0.003715 0.0040049999999999999 0.00095700000000000006 0.00094399999999999996 0.0010040000000000001 164.26028336968835 164.26028336968835 164.26028336968835 0.0042174182014636701 0.0042174182014636701 0.0042174182014636701 1 1 1 Converged Converged Converged OK OK OK 83 83 83 83 83 83 5 5 5 0 0 0 0 0 1 0 0
80 80 linear 2 7 802 1 0.0001 1.3918949561934966 0.05427131159180839 3.7409023340754514e-05 0.052947382930207516 -0.0039443321273444302 0.052944455267511285 0.5 0.018706896751722289 73.347541664735971 OK 14 13 0.80259599999999998 0.66509799999999997 0.248 0.53482200000000002 0.40100599999999997 0 0.26777399999999996 0.26409199999999999 0.248 0.013295 0.012203 0.011564 0.23098799999999997 0.22943699999999995 0.21423400000000004 0.0038510000000000003 0.0037150000000000004 0.0036810000000000002 0.001031 0.00093499999999999996 0.00095800000000000008 73.344187780254103 73.344187780254103 73.344187780254103 0.0033548201823593161 0.0033548201823593161 0.0033548201823593161 1 1 1 Converged Converged Converged OK OK OK 83 83 83 83 83 83 5 5 5 0 0 0 0 1 0 0 1
80 80 linear 2 15 802 2 0.0001 1.3918949561934966 0.05427131159180839 3.7409023340754514e-05 0.052947382930207516 -0.0039443321273444302 0.052949660001193478 0.5 0.018701692018040096 28.991951441061044 OK 13 12 0.63010999999999995 0.51027100000000003 0.185613 0.43534600000000001 0.29070600000000002 0 0.19476399999999994 0.21956500000000001 0.185613 0.0099299999999999996 0.0091050000000000002 0.0083590000000000001 0.16228800000000002 0.18812999999999996 0.15628699999999995 0.003555 0.0038790000000000005 0.003447 0.00080199999999999998 0.00077699999999999991 0.00070799999999999997 28.991936094330175 28.991936094330175 28.991936094330175 0.00093133337255396685 0.00093133337255396685 0.00093133337255396685 1 1 1 Converged Converged Converged OK OK OK 69 69 69 69 69 69 3 3 3 0 0 0 0 1 0 0 1
80 80 linear 2 23 802 3 0.0001 1.3918949561934966 0.05427131159180839 3.7409023340754514e-05 0.052947382930207516 -0.0039443321273444302 0.052954864734875665 0.5 0.01869648728435791 29.003323017599602 OK 13 12 0.708762 0.60085299999999997 0.191437 0.51344599999999996 0.373448 0 0.19531600000000005 0.22740499999999997 0.191437 0.0088170000000000002 0.011826 0.0083040000000000006 0.16498699999999994 0.19374399999999997 0.1623430000000001 0.0035209999999999998 0.0036089999999999998 0.0034189999999999997 0.00074399999999999998 0.00073799999999999994 0.00070399999999999998 29.003307657588827 29.003307657588827 29.003307657588827 0.00093131157968914682 0.00093131157968914682 0.00093131157968914682 1 1 1 Converged Converged Converged OK OK OK 69 69 69 69 69 69 3 3 3 0 0 0 0 1 0 0 1
80 80 linear 3 0 803 0 0.001 1.3918949561934966 0.05427131159180839 3.7409023340754514e-05 0.054368695626112129 -0.0023549036113242891 0.054361213821443981 0.5 0.017290138197789594 786.52548169507622 OK 15 14 0.80299799999999999 0.799149 0.27309499999999998 0.52729899999999996 0.52712099999999995 0 0.27569900000000003 0.27202800000000005 0.27309499999999998 0.016108000000000001 0.016264000000000001 0.015476999999999999 0.22586799999999996 0.22230999999999995 0.22449000000000002 0.0046319999999999998 0.0045929999999999999 0.004496 0.00093100000000000008 0.00093900000000000016 0.00090399999999999986 786.5239556350831 786.5239556350831 786.5239556350831 0.24509710645128774 0.24509710645128774 0.24509710645128774 1 1 1 Converged Converged Converged OK OK OK 91 91 91 91 91 91 5 5 5 0 0 0 0 0 1 0 0
80 80 linear 3 7 803 1 0.001 1.3918949561934966 0.05427131159180839 3.7409023340754514e-05 0.054368695626112129 -0.0023549036113242891 0.054365767963415898 0.5 0.017285584055817677 808.53827690176433 OK 15 14 0.81322000000000005 0.71645599999999998 0.26305099999999998 0.54469699999999999 0.42332500000000001 0 0.26852300000000007 0.29313099999999997 0.26305099999999998 0.015133000000000001 0.015273999999999999 0.014563 0.22532999999999997 0.25001000000000007 0.22076899999999999 0.0045529999999999998 0.0046040000000000005 0.0046740000000000002 0.00089400000000000005 0.00092100000000000016 0.00091600000000000015 808.53672311118908 808.53672311118908 808.53672311118908 0.24513235182557691 0.24513235182557691 0.24513235182557691 1 1 1 Converged Converged Converged OK OK OK 91 91 91 91 91 91 5 5 5 0 0 0 0 1 0 0 1
80 80 linear 3 15 803 2 0.001 1.3918949561934966 0.05427131159180839 3.7409023340754514e-05 0.054368695626112129 -0.0023549036113242891 0.054370972697098091 0.5 0.017280379322135483 836.59974923378172 OK 15 14 0.83825300000000003 0.72668999999999995 0.256434 0.57071799999999995 0.44144099999999997 0 0.26753500000000008 0.28524899999999997 0.256434 0.018298999999999999 0.015295 0.01455 0.22120899999999993 0.24199999999999999 0.21454700000000004 0.0045969999999999995 0.0045880000000000001 0.004483 0.00089899999999999995 0.00092500000000000004 0.00087099999999999992 836.59820851092547 836.59820851092547 836.59820851092547 0.24517419899750872 0.24517419899750872 0.24517419899750872 1 1 1 Converged Converged Converged OK OK OK 91 91 91 91 91 91 5 5 5 0 0 0 0 1 0 0 1
80 80 linear 3 23 803 3 0.001 1.3918949561934966 0.05427131159180839 3.7409023340754514e-05 0.054368695626112129 -0.0023549036113242891 0.054376177430780277 0.5 0.017275174588453297 868.54375924389296 OK 15 14 0.72896499999999997 0.60134399999999999 0.26644299999999999 0.45657900000000001 0.314307 0 0.27238599999999996 0.28703699999999999 0.26644299999999999 0.015145 0.015435000000000001 0.014463 0.2290299999999999 0.24341499999999991 0.22441299999999983 0.0046519999999999999 0.0048999999999999998 0.0046259999999999999 0.00093500000000000007 0.00099500000000000001 0.00092199999999999986 868.54220957482642 868.54220957482642 868.54220957482642 0.24521845392603756 0.24521845392603756 0.24521845392603756 1 1 1 Converged Converged Converged OK OK OK 91 91 91 91 91 91 5 5 5 0 0 0 0 1 0 0 1
80 80 linear 3 0 803 0 0.0001 1.3918949561934966 0.05427131159180839 3.7409023340754514e-05 0.054368695626112129 -0.0023549036113242891 0.054361213821443981 0.5 0.017290138197789594 786.52548169507622 OK 15 14 0.82033699999999998 0.81439799999999996 0.2853 0.52785099999999996 0.52759699999999998 0 0.29248600000000002 0.28680099999999997 0.2853 0.016201 0.016347 0.015438 0.23863999999999999 0.23263700000000018 0.23249799999999993 0.0050299999999999997 0.0053369999999999997 0.0050130000000000001 0.00106 0.0010820000000000001 0.0010589999999999998 786.52501726709693 786.52501726709693 786.52501726709693 0.065586217889339021 0.065586217889339021 0.065586217889339021 1 1 1 Converged Converged Converged OK OK OK 99 99 99 99 99 99 5 5 5 0 0 0 0 0 1 0 0
80 80 linear 3 7 803 1 0.0001 1.3918949561934966 0.05427131159180839 3.7409023340754514e-05 0.054368695626112129 -0.0023549036113242891 0.054365767963415898 0.5 0.017285584055817677 808.53827690176433 OK 15 14 0.82967400000000002 0.73592599999999997 0.28391 0.54507399999999995 0.42061100000000001 0 0.28460000000000008 0.31531499999999996 0.28391 0.015237000000000001 0.015206000000000001 0.019937 0.23858900000000002 0.26959500000000014 0.23392400000000002 0.0050079999999999994 0.0051910000000000003 0.0049879999999999994 0.001026 0.0010749999999999998 0.0010449999999999999 808.53778473385455 808.53778473385455 808.53778473385455 0.065623044005040251 0.065623044005040251 0.065623044005040251 1 1 1 Converged Converged Converged OK OK OK 99 99 99 99 99 99 5 5 5 0 0 0 0 1 0 0 1
80 80 linear 3 15 803 2 0.0001 1.3918949561934966 0.05427131159180839 3.7409023340754514e-05 0.054368695626112129 -0.0023549036113242891 0.054370972697098091 0.5 0.017280379322135483 836.59974923378172 OK 15 14 0.85511300000000001 0.74846199999999996 0.27551900000000001 0.57773600000000003 0.43683100000000002 0 0.27737699999999998 0.31163099999999994 0.27551900000000001 0.015301 0.015165 0.014409 0.23142299999999993 0.26590299999999994 0.23113400000000003 0.0050120000000000008 0.0050849999999999992 0.0049910000000000006 0.0010369999999999999 0.0010740000000000001 0.0010120000000000001 836.59927012290711 836.59927012290711 836.59927012290711 0.065666697735448282 0.065666697735448282 0.065666697735448282 1 1 1 Converged Converged Converged OK OK OK 99 99 99 99 99 99 5 5 5 0 0 0 0 1 0 0 1
80 80 linear 3 23 803 3 0.0001 1.3918949561934966 0.05427131159180839 3.7409023340754514e-05 0.054368695626112129 -0.0023549036113242891 0.054376177430780277 0.5 0.017275174588453297 868.54375924389296 OK 15 14 0.744062 0.62635200000000002 0.27790900000000002 0.46036100000000002 0.31711499999999998 0 0.28370099999999998 0.30923700000000004 0.27790900000000002 0.015240999999999999 0.015261 0.014519000000000001 0.23783800000000002 0.26349800000000007 0.23314600000000002 0.0051549999999999999 0.0051540000000000006 0.0050799999999999994 0.0010820000000000001 0.0011619999999999998 0.001111 868.54327117612308 868.54327117612308 868.54327117612308 0.0657127592255978 0.0657127592255978 0.0657127592255978 1 1 1 Converged Converged Converged OK OK OK 99 99 99 99 99 99 5 5 5 0 0 0 0 1 0 0 1
80 80 linear 4 0 804 0 0.001 1.3918949561934966 0.05427131159180839 3.7409023340754514e-05 -0.0080442725600093721 0.050189373230960038 -0.0080517543646775238 0.5 0.079703106383911093 93.400310301605018 OK 15 14 0.53105800000000003 0.52995300000000001 0.21482799999999999 0.31061499999999997 0.31011100000000003 0 0.22044300000000006 0.21984199999999998 0.21482799999999999 0.014721 0.014782 0.014300999999999999 0.174321 0.16979600000000003 0.169742 0.0042529999999999998 0.0042769999999999996 0.0042090000000000001 0.00096800000000000011 0.0010280000000000001 0.00097000000000000005 93.400248426140237 93.400248426140237 93.400248426140237 0.0777107988208664 0.0777107988208664 0.0777107988208664 1 1 1 Converged Converged Converged OK OK OK 83 83 83 83 83 83 5 5 5 0 0 0 0 0 1 0 0
80 80 linear 4 7 804 1 0.001 1.3918949561934966 0.05427131159180839 3.7409023340754514e-05 -0.0080442725600093721 0.050189373230960038 -0.0080472002227056048 0.5 0.079698552241939183 92.816899327704832 OK 15 14 0.56537599999999999 0.52328799999999998 0.22079399999999999 0.33716800000000002 0.21364900000000001 0 0.22820799999999997 0.309639 0.22079399999999999 0.014409999999999999 0.014418 0.013709000000000001 0.18787099999999998 0.26957999999999993 0.18192 0.0042910000000000005 0.0043150000000000003 0.0041660000000000004 0.00091500000000000001 0.00095099999999999991 0.00093399999999999993 92.81683744919232 92.81683744919232 92.81683744919232 0.077516823321744338 0.077516823321744338 0.077516823321744338 1 1 1 Converged Converged Converged OK OK OK 83 83 83 83 83 83 5 5 5 0 0 0 0 1 0 0 1
80 80 linear 4 15 804 2 0.001 1.3918949561934966 0.05427131159180839 3.7409023340754514e-05 -0.0080442725600093721 0.050189373230960038 -0.0080419954890234135 0.5 0.07969334750825699 92.166132822556122 OK 15 14 0.53233799999999998 0.49052400000000002 0.20146500000000001 0.32465699999999997 0.19755 0 0.207681 0.29297400000000001 0.20146500000000001 0.014142999999999999 0.014019999999999999 0.013297 0.16784999999999997 0.25330799999999998 0.16303499999999993 0.0042419999999999992 0.0042129999999999997 0.0041849999999999995 0.00089399999999999994 0.00092699999999999998 0.00090799999999999995 92.166071179423241 92.166071179423241 92.166071179423241 0.077290368371601109 0.077290368371601109 0.077290368371601109 1 1 1 Converged Converged Converged OK OK OK 83 83 83 83 83 83 5 5 5 0 0 0 0 1 0 0 1
80 80 linear 4 23 804 3 0.001 1.3918949561934966 0.05427131159180839 3.7409023340754514e-05 -0.0080442725600093721 0.050189373230960038 -0.0080367907553412204 0.5 0.079688142774574797 91.531688176553644 OK 15 14 0.56108000000000002 0.520872 0.21564700000000001 0.33934599999999998 0.213391 0 0.22173400000000004 0.307481 0.21564700000000001 0.014002000000000001 0.014097 0.013339 0.18190199999999995 0.26763199999999993 0.17726400000000009 0.0043399999999999992 0.0042730000000000008 0.004228 0.00096400000000000001 0.0009859999999999999 0.00095100000000000002 91.53162678310548 91.53162678310548 91.53162678310548 0.077059631261094608 0.077059631261094608 0.077059631261094608 1 1 1 Converged Converged Converged OK OK OK 83 83 83 83 83 83 5 5 5 0 0 0 0 1 0 0 1
80 80 linear 4 0 804 0 0.0001 1.3918949561934966 0.05427131159180839 3.7409023340754514e-05 -0.0080442725600093721 0.050189373230960038 -0.0080517543646775238 0.5 0.079703106383911093 93.400310301605018 OK 15 14 0.61062700000000003 0.59843599999999997 0.29277799999999998 0.31379899999999999 0.30867 0 0.29682800000000004 0.28976599999999997 0.29277799999999998 0.014853 0.014923000000000001 0.014388 0.23799599999999996 0.23114099999999993 0.23497699999999994 0.0058440000000000002 0.0059370000000000004 0.0058860000000000006 0.0012769999999999999 0.0012829999999999999 0.001286 93.400247946545704 93.400247946545704 93.400247946545704 0.0085186955303727524 0.0085186955303727524 0.0085186955303727524 1 1 1 Converged Converged Converged OK OK OK 115 115 115 115 115 115 5 5 5 0 0 0 0 0 1 0 0
80 80 linear 4 7 804 1 0.0001 1.3918949561934966 0.05427131159180839 3.7409023340754514e-05 -0.0080442725600093721 0.050189373230960038 -0.0080472002227056048 0.5 0.079698552241939183 92.816899327704832 OK 15 14 0.64060700000000004 0.632131 0.29552400000000001 0.33396399999999998 0.20923900000000001 0 0.30664300000000005 0.42289199999999999 0.29552400000000001 0.01427 0.014371 0.013650000000000001 0.25679400000000002 0.3719650000000001 0.24683400000000003 0.0059300000000000004 0.0061909999999999995 0.0058189999999999995 0.001194 0.0012470000000000001 0.0012110000000000001 92.81683698724666 92.81683698724666 92.81683698724666 0.0085188390136593344 0.0085188390136593344 0.0085188390136593344 1 1 1 Converged Converged Converged OK OK OK 115 115 115 115 115 115 5 5 5 0 0 0 0 1 0 0 1
80 80 linear 4 15 804 2 0.0001 1.3918949561934966 0.05427131159180839 3.7409023340754514e-05 -0.0080442725600093721 0.050189373230960038 -0.0080419954890234135 0.5 0.07969334750825699 92.166132822556122 OK 15 14 0.60867899999999997 0.59472400000000003 0.27378599999999997 0.32632800000000001 0.19638800000000001 0 0.28235099999999996 0.39833600000000002 0.27378599999999997 0.014234 0.014137 0.013313 0.23229400000000003 0.34841300000000008 0.22563700000000003 0.0059220000000000002 0.005866999999999999 0.0058019999999999999 0.001214 0.0011929999999999998 0.001189 92.166070736329814 92.166070736329814 92.166070736329814 0.0085190082793627549 0.0085190082793627549 0.0085190082793627549 1 1 1 Converged Converged Converged OK OK OK 115 115 115 115 115 115 5 5 5 0 0 0 0 1 0 0 1
80 80 linear 4 23 804 3 0.0001 1.3918949561934966 0.05427131159180839 3.7409023340754514e-05 -0.0080442725600093721 0.050189373230960038 -0.0080367907553412204 0.5 0.079688142774574797 91.531688176553644 OK 15 14 0.63657200000000003 0.61529800000000001 0.28968100000000002 0.33939200000000003 0.20927899999999999 0 0.29718 0.40601900000000002 0.28968100000000002 0.013990000000000001 0.014186000000000001 0.013285 0.2480989999999999 0.35608800000000024 0.24154099999999995 0.0058539999999999998 0.0059609999999999993 0.005836 0.0012439999999999999 0.0013039999999999998 0.001276 91.531626358023161 91.531626358023161 91.531626358023161 0.008519182769486865 0.008519182769486865 0.008519182769486865 1 1 1 Converged Converged Converged OK OK OK 115 115 115 115 115 115 5 5 5 0 0 0 0 1 0 0 1
80 80 uniform 0 0 805 0 0.001 1.3918949561934966 0.05427131159180839 3.7409023340754514e-05 -0.12962449160899719 -0.035006303044321077 -0.12963197341366534 0 0.2012833254328989 78.836668045728885 OK 14 13 0.46878700000000001 0.466835 0.129029 0.33862100000000001 0.33710200000000001 0 0.130166 0.12973299999999999 0.129029 0.012029 0.011906 0.011690000000000001 0.096329999999999999 0.096392000000000033 0.096017000000000005 0.0027910000000000001 0.0027140000000000003 0.0027600000000000003 0.00075199999999999996 0.00077299999999999992 0.00073099999999999988 78.836661545447285 78.836661545447285 78.836661545447285 0.0051638131878668052 0.0051638131878668052 0.0051638131878668052 1 1 1 Converged Converged Converged OK OK OK 67 67 67 67 67 67 5 5 5 0 0 0 0 0 1 0 0
80 80 uniform 0 7 805 1 0.001 1.3918949561934966 0.05427131159180839 3.7409023340754514e-05 -0.12962449160899719 -0.035006303044321077 -0.12962741927169344 0 0.20127877129092703 79.444502267502358 OK 14 13 0.47295599999999999 0.450598 0.127883 0.343642 0.21590400000000001 0 0.12931399999999998 0.23469399999999999 0.127883 0.01112 0.011284000000000001 0.010756 0.10079600000000002 0.20606400000000002 0.099989999999999982 0.0027539999999999995 0.002813 0.0027970000000000004 0.00070400000000000009 0.00073799999999999994 0.00071699999999999997 79.444492554749559 79.444492554749559 79.444492554749559 0.0051980200389304503 0.0051980200389304503 0.0051980200389304503 1 1 1 Converged Converged Converged OK OK OK 67 67 67 67 67 67 5 5 5 0 0 0 0 1 0 0 1
80 80 uniform 0 15 805 2 0.001 1.3918949561934966 0.05427131159180839 3.7409023340754514e-05 -0.12962449160899719 -0.035006303044321077 -0.12962221453801123 0 0.20127356655724482 80.134939065994189 OK 14 13 0.45785199999999998 0.45214199999999999 0.125696 0.33030199999999998 0.219914 0 0.12755 0.23222799999999999 0.125696 0.011408 0.011358 0.010845 0.098644999999999983 0.20352400000000004 0.097798999999999997 0.0028440000000000002 0.0028450000000000003 0.00282 0.00071500000000000003 0.00070299999999999996 0.0006820000000000001 80.134928397096473 80.134928397096473 80.134928397096473 0.0052378484392792517 0.0052378484392792517 0.0052378484392792517 1 1 1 Converged Converged Converged OK OK OK 67 67 67 67 67 67 5 5 5 0 0 0 0 1 0 0 1
80 80 uniform 0 23 805 3 0.001 1.3918949561934966 0.05427131159180839 3.7409023340754514e-05 -0.12962449160899719 -0.035006303044321077 -0.12961700980432905 0 0.20126836182356261 80.820839894311575 OK 14 13 0.46915400000000002 0.446963 0.115901 0.35184500000000002 0.22431100000000001 0 0.117309 0.22265199999999999 0.115901 0.011723000000000001 0.011663 0.011053 0.088333999999999968 0.1934790000000001 0.088108000000000034 0.002725 0.0029169999999999999 0.0026689999999999999 0.00074400000000000009 0.00080199999999999998 0.00075799999999999999 80.82083255511975 80.82083255511975 80.82083255511975 0.0052784704974175208 0.0052784704974175208 0.0052784704974175208 1 1 1 Converged Converged Converged OK OK OK 67 67 67 67 67 67 5 5 5 0 0 0 0 1 0 0 1
80 80 uniform 0 0 805 0 0.0001 1.3918949561934966 0.05427131159180839 3.7409023340754514e-05 -0.12962449160899719 -0.035006303044321077 -0.12963197341366534 0 0.2012833254328989 78.836668045728885 OK 14 13 0.466335 0.46709200000000001 0.12839700000000001 0.33722600000000003 0.33345399999999997 0 0.12910899999999997 0.13363800000000003 0.12839700000000001 0.011828 0.012109999999999999 0.011560000000000001 0.095814999999999956 0.10004700000000001 0.095635999999999985 0.0027300000000000002 0.0027819999999999998 0.0028529999999999996 0.00072800000000000002 0.00073700000000000002 0.00070500000000000001 78.836661545447285 78.836661545447285 78.836661545447285 0.0051638131878668052 0.0051638131878668052 0.0051638131878668052 1 1 1 Converged Converged Converged OK OK OK 67 67 67 67 67 67 5 5 5 0 0 0 0 0 1 0 0
80 80 uniform 0 7 805 1 0.0001 1.3918949561934966 0.05427131159180839 3.7409023340754514e-05 -0.12962449160899719 -0.035006303044321077 -0.12962741927169344 0 0.20127877129092703 79.444502267502358 OK 14 13 0.46979399999999999 0.44883499999999998 0.124391 0.34358899999999998 0.21615100000000001 0 0.12620500000000001 0.23268399999999997 0.124391 0.011010000000000001 0.011077999999999999 0.010501999999999999 0.097959000000000004 0.20438699999999999 0.097239999999999979 0.0027110000000000003 0.0027390000000000001 0.0026329999999999999 0.00069700000000000003 0.00069500000000000009 0.00068500000000000006 79.444492554749559 79.444492554749559 79.444492554749559 0.0051980200389304503 0.0051980200389304503 0.0051980200389304503 1 1 1 Converged Converged Converged OK OK OK 67 67 67 67 67 67 5 5 5 0 0 0 0 1 0 0 1
80 80 uniform 0 15 805 2 0.0001 1.3918949561934966 0.05427131159180839 3.7409023340754514e-05 -0.12962449160899719 -0.035006303044321077 -0.12962221453801123 0 0.20127356655724482 80.134939065994189 OK 14 13 0.45643099999999998 0.44701400000000002 0.12501399999999999 0.33027400000000001 0.21307200000000001 0 0.12615699999999996 0.23394200000000001 0.12501399999999999 0.011298000000000001 0.011440000000000001 0.010817 0.097760000000000027 0.20492500000000005 0.097353999999999996 0.0028029999999999999 0.0028389999999999995 0.0027299999999999998 0.00069799999999999994 0.0007000000000000001 0.00068599999999999998 80.134928397096473 80.134928397096473 80.134928397096473 0.0052378484392792517 0.0052378484392792517 0.0052378484392792517 1 1 1 Converged Converged Converged OK OK OK 67 67 67 67 67 67 5 5 5 0 0 0 0 1 0 0 1
80 80 uniform 0 23 805 3 0.0001 1.3918949561934966 0.05427131159180839 3.7409023340754514e-05 -0.12962449160899719 -0.035006303044321077 -0.12961700980432905 0 0.20126836182356261 80.820839894311575 OK 14 13 0.47090900000000002 0.44583400000000001 0.11547200000000001 0.35390199999999999 0.22384000000000001 0 0.11700700000000003 0.221994 0.11547200000000001 0.011658999999999999 0.011672999999999999 0.011051999999999999 0.088187999999999989 0.19288499999999992 0.087805000000000008 0.002774 0.0028579999999999999 0.002689 0.00076099999999999996 0.00076999999999999996 0.00075299999999999998 80.82083255511975 80.82083255511975 80.82083255511975 0.0052784704974175208 0.0052784704974175208 0.0052784704974175208 1 1 1 Converged Converged Converged OK OK OK 67 67 67 67 67 67 5 5 5 0 0 0 0 1 0 0 1
80 80 uniform 1 0 806 0 0.001 1.3918949561934966 0.05427131159180839 3.7409023340754514e-05 0.050487787201717003 -0.042919275444184932 0.050480305397048855 0 0.021171046622184719 587.88502743206516 OK 14 13 0.49287599999999998 0.49369600000000002 0.17036000000000001 0.32175199999999998 0.32250099999999998 0 0.171124 0.17119500000000004 0.17036000000000001 0.012999 0.013018 0.012493000000000001 0.13759100000000002 0.13803699999999999 0.13744699999999996 0.0026349999999999998 0.0026089999999999998 0.0026570000000000001 0.00064300000000000013 0.000629 0.00063400000000000001 587.88465951616058 587.88465951616058 587.88465951616058 0.39044940808492185 0.39044940808492185 0.39044940808492185 1 1 1 Converged Converged Converged OK OK OK 66 66 66 66 66 66 6 6 6 0 0 0 0 0 1 0 0
80 80 uniform 1 7 806 1 0.001 1.3918949561934966 0.05427131159180839 3.7409023340754514e-05 0.050487787201717003 -0.042919275444184932 0.050484859539020772 0 0.021166492480212802 601.60325634266974 OK 14 13 0.489153 0.38691199999999998 0.17252500000000001 0.31512200000000001 0.19917599999999999 0 0.17403099999999999 0.18773599999999999 0.17252500000000001 0.011941999999999999 0.01214 0.011594 0.14566999999999999 0.15963999999999998 0.14512700000000003 0.0024780000000000002 0.0025019999999999999 0.0025730000000000002 0.00060300000000000002 0.000602 0.000602 601.60292475337167 601.60292475337167 601.60292475337167 0.32778749386603118 0.32778749386603118 0.32778749386603118 1 1 1 Converged Converged Converged OK OK OK 66 66 66 66 66 66 6 6 6 0 0 0 0 1 0 0 1
80 80 uniform 1 15 806 2 0.001 1.3918949561934966 0.05427131159180839 3.7409023340754514e-05 0.050487787201717003 -0.042919275444184932 0.050490064272702966 0 0.021161287746530609 602.32962855845017 OK 14 13 0.49798300000000001 0.379465 0.17044300000000001 0.325986 0.19620799999999999 0 0.17199700000000001 0.183257 0.17044300000000001 0.011955 0.012028 0.011446 0.14384400000000003 0.15518699999999996 0.14350700000000005 0.0025739999999999999 0.0025569999999999998 0.002493 0.00064700000000000001 0.00062500000000000001 0.00060599999999999998 602.32928708642521 602.32928708642521 602.32928708642521 0.31182986509759114 0.31182986509759114 0.31182986509759114 1 1 1 Converged Converged Converged OK OK OK 66 66 66 66 66 66 6 6 6 0 0 0 0 1 0 0 1
80 80 uniform 1 23 806 3 0.001 1.3918949561934966 0.05427131159180839 3.7409023340754514e-05 0.050487787201717003 -0.042919275444184932 0.050495269006385152 0 0.021156083012848423 591.27161674198135 OK 14 13 0.48985299999999998 0.38550000000000001 0.17507300000000001 0.309751 0.19786500000000001 0 0.18010199999999998 0.187635 0.17507300000000001 0.011993 0.012050999999999999 0.011486 0.151921 0.15947699999999995 0.14798500000000001 0.0025360000000000001 0.0026689999999999999 0.0025179999999999998 0.00063500000000000004 0.00061499999999999999 0.0006069999999999999 591.27127845961752 591.27127845961752 591.27127845961752 0.30627768089437452 0.30627768089437452 0.30627768089437452 1 1 1 Converged Converged Converged OK OK OK 66 66 66 66 66 66 6 6 6 0 0 0 0 1 0 0 1
80 80 uniform 1 0 806 0 0.0001 1.3918949561934966 0.05427131159180839 3.7409023340754514e-05 0.050487787201717003 -0.042919275444184932 0.050480305397048855 0 0.021171046622184719 587.88502743206516 OK 14 13 0.53359800000000002 0.53461099999999995 0.218027 0.31751600000000002 0.31528699999999998 0 0.216082 0.21932399999999996 0.218027 0.01308 0.012873000000000001 0.012492 0.17421499999999995 0.17494900000000002 0.17720499999999995 0.0039830000000000004 0.0038910000000000004 0.0039160000000000002 0.00090600000000000001 0.00092500000000000004 0.00094300000000000004 587.88505839092011 587.88505839092011 587.88505839092011 0.02980182878611367 0.02980182878611367 0.02980182878611367 1 1 1 Converged Converged Converged OK OK OK 90 90 90 90 90 90 6 6 6 0 0 0 0 0 1 0 0
80 80 uniform 1 7 806 1 0.0001 1.3918949561934966 0.05427131159180839 3.7409023340754514e-05 0.050487787201717003 -0.042919275444184932 0.050484859539020772 0 0.021166492480212802 601.60325634266974 OK 14 13 0.50443000000000005 0.41214200000000001 0.18484 0.314419 0.19865099999999999 0 0.19001100000000004 0.21349100000000001 0.18484 0.012034 0.012141000000000001 0.011495 0.1553149999999999 0.18281999999999995 0.15484800000000004 0.0029349999999999997 0.0029350000000000001 0.0029359999999999998 0.00076099999999999996 0.00078800000000000007 0.00077900000000000007 601.6032658483158 601.6032658483158 601.6032658483158 0.056148180734548955 0.056148180734548955 0.056148180734548955 1 1 1 Converged Converged Converged OK OK OK 74 74 74 74 74 74 6 6 6 0 0 0 0 1 0 0 1
80 80 uniform 1 15 806 2 0.0001 1.3918949561934966 0.05427131159180839 3.7409023340754514e-05 0.050487787201717003 -0.042919275444184932 0.050490064272702966 0 0.021161287746530609 602.32962855845017 OK 14 13 0.50725699999999996 0.39629700000000001 0.17990100000000001 0.32175100000000001 0.19250600000000001 0 0.18550599999999995 0.203791 0.17990100000000001 0.011995 0.012061000000000001 0.011512 0.15487400000000001 0.17320499999999997 0.150252 0.0029909999999999997 0.0029819999999999998 0.0029090000000000001 0.00079100000000000004 0.00078100000000000001 0.00073600000000000011 602.3296281702028 602.3296281702028 602.3296281702028 0.040199446894541191 0.040199446894541191 0.040199446894541191 1 1 1 Converged Converged Converged OK OK OK 74 74 74 74 74 74 6 6 6 0 0 0 0 1 0 0 1
80 80 uniform 1 23 806 3 0.0001 1.3918949561934966 0.05427131159180839 3.7409023340754514e-05 0.050487787201717003 -0.042919275444184932 0.050495269006385152 0 0.021156083012848423 591.27161674198135 OK 14 13 0.50066200000000005 0.41153299999999998 0.187199 0.31071100000000001 0.20028000000000001 0 0.18995100000000004 0.21125299999999997 0.187199 0.011885 0.012154 0.011446 0.15935100000000002 0.18035799999999996 0.15460400000000005 0.0030499999999999998 0.0030370000000000002 0.0058539999999999998 0.00073899999999999997 0.00080599999999999986 0.00074599999999999992 591.27161953222617 591.27161953222617 591.27161953222617 0.034656156916787431 0.034656156916787431 0.034656156916787431 1 1 1 Converged Converged Converged OK OK OK 74 74 74 74 74 74 6 6 6 0 0 0 0 1 0 0 1
80 80 uniform 2 0 807 0 0.001 1.3918949561934966 0.05427131159180839 3.7409023340754514e-05 0.052947382930207516 -0.0039443321273444302 0.052939901125539368 0 0.018711450893694206 196.46004152314691 OK 14 13 0.688994 0.68323400000000001 0.15313599999999999 0.530829 0.52962900000000002 0 0.158165 0.15360499999999999 0.15313599999999999 0.016695000000000002 0.012971999999999999 0.01286 0.122992 0.12262799999999997 0.122169 0.0023800000000000002 0.0022989999999999998 0.002431 0.00065000000000000008 0.00063699999999999998 0.00066500000000000012 196.45982411164579 196.45982411164579 196.45982411164579 0.18933797290302073 0.18933797290302073 0.18933797290302073 1 1 1 Converged Converged Converged OK OK OK 59 59 59 59 59 59 5 5 5 0 0 0 0 0 1 0 0
80 80 uniform 2 7 807 1 0.001 1.3918949561934966 0.05427131159180839 3.7409023340754514e-05 0.052947382930207516 -0.0039443321273444302 0.052944455267511285 0 0.018706896751722289 90.016734392472245 OK 14 13 0.70236600000000005 0.58504800000000001 0.16773399999999999 0.53376999999999997 0.40033000000000002 0 0.16859600000000008 0.18471799999999999 0.16773399999999999 0.011972 0.012322 0.011464 0.13816399999999995 0.15367100000000003 0.13840100000000002 0.0027780000000000001 0.0029730000000000004 0.0026840000000000002 0.00075499999999999992 0.00079599999999999994 0.00075099999999999993 90.016733845988597 90.016733845988597 90.016733845988597 0.01153320890463584 0.01153320890463584 0.01153320890463584 1 1 1 Converged Converged Converged OK OK OK 67 67 67 67 67 67 5 5 5 0 0 0 0 1 0 0 1
80 80 uniform 2 15 807 2 0.001 1.3918949561934966 0.05427131159180839 3.7409023340754514e-05 0.052947382930207516 -0.0039443321273444302 0.052949660001193478 0 0.018701692018040096 28.991951441146199 OK 13 12 0.51303100000000001 0.39346500000000001 0.087325 0.42493900000000001 0.28975000000000001 0 0.088092000000000004 0.103715 0.087325 0.0089259999999999999 0.0089009999999999992 0.0084510000000000002 0.067671000000000023 0.083428000000000016 0.067773 0.0017430000000000002 0.001771 0.00174 0.00044699999999999997 0.00045799999999999997 0.00044499999999999997 28.991950121878553 28.991950121878553 28.991950121878553 0.011113682241718844 0.011113682241718844 0.011113682241718844 1 1 1 Converged Converged Converged OK OK OK 37 37 37 37 37 37 3 3 3 0 0 0 0 1 0 0 1
80 80 uniform 2 23 807 3 0.001 1.3918949561934966 0.05427131159180839 3.7409023340754514e-05 0.052947382930207516 -0.0039443321273444302 0.052954864734875665 0 0.01869648728435791 29.003323017719822 OK 13 12 0.59798399999999996 0.48088500000000001 0.088584999999999997 0.50825699999999996 0.37628400000000001 0 0.089727000000000001 0.104601 0.088584999999999997 0.0088170000000000002 0.0089420000000000003 0.0082839999999999997 0.069335999999999967 0.084209999999999979 0.069219000000000003 0.0017390000000000001 0.001833 0.0017129999999999999 0.00045799999999999997 0.00044799999999999999 0.00044799999999999999 29.003321698577444 29.003321698577444 29.003321698577444 0.011117665424440336 0.011117665424440336 0.011117665424440336 1 1 1 Converged Converged Converged OK OK OK 37 37 37 37 37 37 3 3 3 0 0 0 0 1 0 0 1
80 80 uniform 2 0 807 0 0.0001 1.3918949561934966 0.05427131159180839 3.7409023340754514e-05 0.052947382930207516 -0.0039443321273444302 0.052939901125539368 0 0.018711450893694206 196.46004152314691 OK 14 13 0.695712 0.69930000000000003 0.16306899999999999 0.53143799999999997 0.53007899999999997 0 0.16427400000000003 0.16922100000000007 0.16306899999999999 0.012933999999999999 0.012619999999999999 0.012848 0.12935700000000003 0.13548699999999997 0.12889900000000001 0.0028709999999999994 0.0027420000000000001 0.0027540000000000004 0.000825 0.0007899999999999999 0.00078899999999999999 196.46004638610012 196.46004638610012 196.46004638610012 0.01232912471297588 0.01232912471297588 0.01232912471297588 1 1 1 Converged Converged Converged OK OK OK 67 67 67 67 67 67 5 5 5 0 0 0 0 0 1 0 0
80 80 uniform 2 7 807 1 0.0001 1.3918949561934966 0.05427131159180839 3.7409023340754514e-05 0.052947382930207516 -0.0039443321273444302 0.052944455267511285 0 0.018706896751722289 90.016734392472245 OK 14 13 0.74492700000000001 0.62595100000000004 0.208088 0.53104099999999999 0.40098699999999998 0 0.21388600000000002 0.22496400000000005 0.208088 0.011996 0.012069 0.011578 0.17815699999999995 0.189197 0.17380199999999998 0.0037259999999999997 0.0037540000000000004 0.0036250000000000006 0.00090799999999999995 0.00088700000000000009 0.00087900000000000001 90.016733846236122 90.016733846236122 90.016733846236122 0.0017737920091846285 0.0017737920091846285 0.0017737920091846285 1 1 1 Converged Converged Converged OK OK OK 83 83 83 83 83 83 5 5 5 0 0 0 0 1 0 0 1
80 80 uniform 2 15 807 2 0.0001 1.3918949561934966 0.05427131159180839 3.7409023340754514e-05 0.052947382930207516 -0.0039443321273444302 0.052949660001193478 0 0.018701692018040096 28.991951441146199 OK 13 12 0.55612099999999998 0.44030799999999998 0.12867100000000001 0.42537999999999998 0.2954 0 0.130741 0.14490799999999998 0.12867100000000001 0.0089040000000000005 0.0089379999999999998 0.0083899999999999999 0.10534900000000001 0.11978599999999999 0.10433500000000001 0.0026210000000000001 0.0026339999999999996 0.0025890000000000002 0.00059500000000000004 0.00060000000000000006 0.000571 28.991950122142981 28.991950122142981 28.991950122142981 0.0013502589948890642 0.0013502589948890642 0.0013502589948890642 1 1 1 Converged Converged Converged OK OK OK 53 53 53 53 53 53 3 3 3 0 0 0 0 1 0 0 1
80 80 uniform 2 23 807 3 0.0001 1.3918949561934966 0.05427131159180839 3.7409023340754514e-05 0.052947382930207516 -0.0039443321273444302 0.052954864734875665 0 0.01869648728435791 29.003323017719822 OK 13 12 0.64091799999999999 0.52472700000000005 0.12992799999999999 0.50861900000000004 0.37861600000000001 0 0.13229899999999994 0.14611100000000005 0.12992799999999999 0.0088039999999999993 0.0087840000000000001 0.0082640000000000005 0.10712700000000001 0.12117800000000004 0.10590200000000001 0.002601 0.002647 0.0025640000000000003 0.00057700000000000004 0.00057300000000000005 0.00055100000000000006 29.003321698684864 29.003321698684864 29.003321698684864 0.0013502336383156219 0.0013502336383156219 0.0013502336383156219 1 1 1 Converged Converged Converged OK OK OK 53 53 53 53 53 53 3 3 3 0 0 0 0 1 0 0 1
80 80 uniform 3 0 808 0 0.001 1.3918949561934966 0.05427131159180839 3.7409023340754514e-05 0.054368695626112129 -0.0023549036113242891 0.054361213821443981 0 0.017290138197789594 788.93904129006478 OK 15 14 0.69119200000000003 0.69300799999999996 0.16437299999999999 0.52198500000000003 0.52530900000000003 0 0.169207 0.16769899999999993 0.16437299999999999 0.016125 0.015953999999999999 0.015578 0.12835299999999997 0.13023200000000001 0.12772900000000001 0.0028830000000000001 0.0029369999999999999 0.0028309999999999997 0.00066500000000000001 0.00066799999999999997 0.00062999999999999992 788.93881657369002 788.93881657369002 788.93881657369002 0.60168455719117298 0.60168455719117298 0.60168455719117298 1 1 1 Converged Converged Converged OK OK OK 59 59 59 59 59 59 5 5 5 0 0 0 0 0 1 0 0
80 80 uniform 3 7 808 1 0.001 1.3918949561934966 0.05427131159180839 3.7409023340754514e-05 0.054368695626112129 -0.0023549036113242891 0.054365767963415898 0 0.017285584055817677 811.35136652807626 OK 15 14 0.70477199999999995 0.597603 0.15850800000000001 0.54440100000000002 0.42288799999999999 0 0.16037099999999993 0.17471500000000001 0.15850800000000001 0.015161000000000001 0.015245 0.014544 0.12722899999999998 0.141543 0.12648899999999996 0.00282 0.0028629999999999997 0.0027469999999999999 0.00061899999999999998 0.000629 0.00060399999999999994 811.35115053555774 811.35115053555774 811.35115053555774 0.63903838647894307 0.63903838647894307 0.63903838647894307 1 1 1 Converged Converged Converged OK OK OK 59 59 59 59 59 59 5 5 5 0 0 0 0 1 0 0 1
80 80 uniform 3 15 808 2 0.001 1.3918949561934966 0.05427131159180839 3.7409023340754514e-05 0.054368695626112129 -0.0023549036113242891 0.054370972697098091 0 0.017280379322135483 840.00417979105248 OK 15 14 0.72963900000000004 0.61401600000000001 0.15378800000000001 0.57038999999999995 0.43896400000000002 0 0.15924900000000008 0.17505199999999999 0.15378800000000001 0.015207 0.015173000000000001 0.014498 0.12602599999999997 0.14196400000000001 0.121962 0.0028170000000000001 0.0028500000000000001 0.0028209999999999997 0.00061899999999999998 0.00060899999999999995 0.00060599999999999998 840.00398120040734 840.00398120040734 840.00398120040734 0.69110984304731238 0.69110984304731238 0.69110984304731238 1 1 1 Converged Converged Converged OK OK OK 59 59 59 59 59 59 5 5 5 0 0 0 0 1 0 0 1
80 80 uniform 3 23 808 3 0.001 1.3918949561934966 0.05427131159180839 3.7409023340754514e-05 0.054368695626112129 -0.0023549036113242891 0.054376177430780277 0 0.017275174588453297 872.75160519037195 OK 15 14 0.61554699999999996 0.49402299999999999 0.157558 0.45665499999999998 0.31366100000000002 0 0.15889199999999998 0.18036199999999997 0.157558 0.015145 0.015155999999999999 0.014422000000000001 0.12593900000000002 0.14744699999999997 0.12587000000000001 0.002758 0.002843 0.0027130000000000001 0.00062999999999999992 0.00063500000000000004 0.00062500000000000001 872.75140308759705 872.75140308759705 872.75140308759705 0.75720531323080098 0.75720531323080098 0.75720531323080098 1 1 1 Converged Converged Converged OK OK OK 59 59 59 59 59 59 5 5 5 0 0 0 0 1 0 0 1
80 80 uniform 3 0 808 0 0.0001 1.3918949561934966 0.05427131159180839 3.7409023340754514e-05 0.054368695626112129 -0.0023549036113242891 0.054361213821443981 0 0.017290138197789594 788.93904129006478 OK 15 14 0.77410900000000005 0.77337599999999995 0.24798200000000001 0.52328300000000005 0.52613699999999997 0 0.25082599999999999 0.24723899999999999 0.24798200000000001 0.015796999999999999 0.015871 0.015254 0.19827500000000003 0.19466900000000004 0.19616800000000001 0.0049179999999999996 0.004986 0.0049060000000000006 0.0010610000000000001 0.001088 0.001065 788.93903769324618 788.93903769324618 788.93903769324618 0.014368872377595236 0.014368872377595236 0.014368872377595236 1 1 1 Converged Converged Converged OK OK OK 99 99 99 99 99 99 5 5 5 0 0 0 0 0 1 0 0
80 80 uniform 3 7 808 1 0.0001 1.3918949561934966 0.05427131159180839 3.7409023340754514e-05 0.054368695626112129 -0.0023549036113242891 0.054365767963415898 0 0.017285584055817677 811.35136652807626 OK 15 14 0.78842400000000001 0.69564700000000002 0.241728 0.54065300000000005 0.41543000000000002 0 0.24777099999999996 0.28021699999999999 0.241728 0.020501999999999999 0.015205 0.014539 0.19674900000000006 0.23459699999999997 0.1976679999999999 0.0051279999999999997 0.0050070000000000002 0.0049239999999999996 0.0010369999999999999 0.0010400000000000001 0.00099700000000000006 811.35137164309447 811.35137164309447 811.35137164309447 0.01437564708620531 0.01437564708620531 0.01437564708620531 1 1 1 Converged Converged Converged OK OK OK 99 99 99 99 99 99 5 5 5 0 0 0 0 1 0 0 1
80 80 uniform 3 15 808 2 0.0001 1.3918949561934966 0.05427131159180839 3.7409023340754514e-05 0.054368695626112129 -0.0023549036113242891 0.054370972697098091 0 0.017280379322135483 840.00417979105248 OK 15 14 0.80859700000000001 0.70827099999999998 0.23888799999999999 0.57433100000000004 0.43855 0 0.23426599999999997 0.26972099999999999 0.23888799999999999 0.0152 0.015226999999999999 0.017326000000000001 0.18909899999999999 0.22436399999999998 0.19162100000000004 0.0049399999999999991 0.0049560000000000003 0.0048979999999999996 0.0010329999999999998 0.00099200000000000004 0.0010389999999999998 840.00420228873134 840.00420228873134 840.00420228873134 0.014383462314874746 0.014383462314874746 0.014383462314874746 1 1 1 Converged Converged Converged OK OK OK 99 99 99 99 99 99 5 5 5 0 0 0 0 1 0 0 1
80 80 uniform 3 23 808 3 0.0001 1.3918949561934966 0.05427131159180839 3.7409023340754514e-05 0.054368695626112129 -0.0023549036113242891 0.054376177430780277 0 0.017275174588453297 872.75160519037195 OK 15 14 0.69850599999999996 0.58937799999999996 0.246448 0.45750000000000002 0.31639499999999998 0 0.24100599999999994 0.27298299999999998 0.246448 0.015101 0.015132 0.015706000000000001 0.19573599999999997 0.22799900000000003 0.19955399999999998 0.004993 0.0049530000000000008 0.0060550000000000005 0.0010629999999999999 0.001034 0.00099899999999999989 872.75162413970679 872.75162413970679 872.75162413970679 0.014391361454082003 0.014391361454082003 0.014391361454082003 1 1 1 Converged Converged Converged OK OK OK 99 99 99 99 99 99 5 5 5 0 0 0 0 1 0 0 1
80 80 uniform 4 0 809 0 0.001 1.3918949561934966 0.05427131159180839 3.7409023340754514e-05 -0.0080442725600093721 0.050189373230960038 -0.0080517543646775238 0 0.079703106383911093 93.598600339468135 OK 15 14 0.46922199999999997 0.46785599999999999 0.15584500000000001 0.30921300000000002 0.31079600000000002 0 0.16000899999999996 0.15705999999999998 0.15584500000000001 0.014592000000000001 0.014973 0.014482999999999999 0.117049 0.11759099999999996 0.11697900000000004 0.0068170000000000001 0.003238 0.0031800000000000001 0.00076800000000000002 0.00076199999999999998 0.00076900000000000004 93.598598298440265 93.598598298440265 93.598598298440265 0.042221799552377752 0.042221799552377752 0.042221799552377752 1 1 1 Converged Converged Converged OK OK OK 67 67 67 67 67 67 5 5 5 0 0 0 0 0 1 0 0
80 80 uniform 4 7 809 1 0.001 1.3918949561934966 0.05427131159180839 3.7409023340754514e-05 -0.0080442725600093721 0.050189373230960038 -0.0080472002227056048 0 0.079698552241939183 93.008057747612426 OK 15 14 0.49329699999999999 0.42938700000000002 0.157807 0.333625 0.20846799999999999 0 0.15967199999999998 0.22091900000000003 0.157807 0.014361000000000001 0.01436 0.013638000000000001 0.12483499999999997 0.18607400000000002 0.12408999999999998 0.0032009999999999999 0.003251 0.0031689999999999999 0.00076100000000000007 0.00075900000000000002 0.00076599999999999997 93.008055716444673 93.008055716444673 93.008055716444673 0.041442768652839419 0.041442768652839419 0.041442768652839419 1 1 1 Converged Converged Converged OK OK OK 67 67 67 67 67 67 5 5 5 0 0 0 0 1 0 0 1
80 80 uniform 4 15 809 2 0.001 1.3918949561934966 0.05427131159180839 3.7409023340754514e-05 -0.0080442725600093721 0.050189373230960038 -0.0080419954890234135 0 0.07969334750825699 92.349590787321148 OK 15 14 0.46842299999999998 0.40561900000000001 0.14199999999999999 0.32462000000000002 0.198904 0 0.14380299999999996 0.20671500000000001 0.14199999999999999 0.014087000000000001 0.013925999999999999 0.013337999999999999 0.10931900000000003 0.17244199999999998 0.10866699999999999 0.0032329999999999998 0.0032649999999999997 0.0032690000000000002 0.000767 0.00075699999999999997 0.00075699999999999997 92.349588761918994 92.349588761918994 92.349588761918994 0.040590053600041975 0.040590053600041975 0.040590053600041975 1 1 1 Converged Converged Converged OK OK OK 67 67 67 67 67 67 5 5 5 0 0 0 0 1 0 0 1
80 80 uniform 4 23 809 3 0.001 1.3918949561934966 0.05427131159180839 3.7409023340754514e-05 -0.0080442725600093721 0.050189373230960038 -0.0080367907553412204 0 0.079688142774574797 91.70788986435646 OK 15 14 0.49471100000000001 0.422232 0.15498600000000001 0.33785900000000002 0.209035 0 0.15685199999999999 0.213197 0.15498600000000001 0.013891000000000001 0.014285000000000001 0.013436 0.122403 0.17806499999999997 0.12176800000000002 0.0032439999999999995 0.0033830000000000002 0.0031450000000000002 0.00076000000000000004 0.00088800000000000001 0.00074399999999999987 91.707887845576693 91.707887845576693 91.707887845576693 0.039774948404182345 0.039774948404182345 0.039774948404182345 1 1 1 Converged Converged Converged OK OK OK 67 67 67 67 67 67 5 5 5 0 0 0 0 1 0 0 1
80 80 uniform 4 0 809 0 0.0001 1.3918949561934966 0.05427131159180839 3.7409023340754514e-05 -0.0080442725600093721 0.050189373230960038 -0.0080517543646775238 0 0.079703106383911093 93.598600339468135 OK 15 14 0.515961 0.51696200000000003 0.20715600000000001 0.30786599999999997 0.30820700000000001 0 0.20809500000000003 0.20875500000000002 0.20715600000000001 0.014832 0.014896 0.014477 0.15652399999999994 0.15739400000000006 0.15610999999999997 0.0048450000000000003 0.0049280000000000001 0.004823 0.001096 0.0010799999999999998 0.001049 93.598598297368156 93.598598297368156 93.598598297368156 0.0047066575888452091 0.0047066575888452091 0.0047066575888452091 1 1 1 Converged Converged Converged OK OK OK 99 99 99 99 99 99 5 5 5 0 0 0 0 0 1 0 0
80 80 uniform 4 7 809 1 0.0001 1.3918949561934966 0.05427131159180839 3.7409023340754514e-05 -0.0080442725600093721 0.050189373230960038 -0.0080472002227056048 0 0.079698552241939183 93.008057747612426 OK 15 14 0.55262599999999995 0.54358200000000001 0.214477 0.33367799999999997 0.211836 0 0.21894799999999998 0.33174599999999999 0.214477 0.014279999999999999 0.014281 0.013631000000000001 0.17421800000000004 0.28700300000000012 0.17134899999999995 0.0050349999999999995 0.0050019999999999995 0.0048809999999999999 0.001021 0.001042 0.001 93.008055715547016 93.008055715547016 93.008055715547016 0.0047067983304419306 0.0047067983304419306 0.0047067983304419306 1 1 1 Converged Converged Converged OK OK OK 99 99 99 99 99 99 5 5 5 0 0 0 0 1 0 0 1
80 80 uniform 4 15 809 2 0.0001 1.3918949561934966 0.05427131159180839 3.7409023340754514e-05 -0.0080442725600093721 0.050189373230960038 -0.0080419954890234135 0 0.07969334750825699 92.349590787321148 OK 15 14 0.51944000000000001 0.51048199999999999 0.20041500000000001 0.32113599999999998 0.19875399999999999 0 0.19830400000000004 0.31172800000000001 0.20041500000000001 0.014017 0.014005 0.013301 0.15397199999999997 0.26677400000000001 0.15355500000000008 0.0049509999999999997 0.0049390000000000007 0.0049190000000000006 0.0010679999999999999 0.0011000000000000001 0.0010400000000000001 92.349588761094253 92.349588761094253 92.349588761094253 0.0047069593539102979 0.0047069593539102979 0.0047069593539102979 1 1 1 Converged Converged Converged OK OK OK 99 99 99 99 99 99 5 5 5 0 0 0 0 1 0 0 1
80 80 uniform 4 23 809 3 0.0001 1.3918949561934966 0.05427131159180839 3.7409023340754514e-05 -0.0080442725600093721 0.050189373230960038 -0.0080367907553412204 0 0.079688142774574797 91.70788986435646 OK 15 14 0.54507399999999995 0.53286999999999995 0.20916899999999999 0.33659299999999998 0.21460699999999999 0 0.20848099999999997 0.31826299999999996 0.20916899999999999 0.014265 0.014029 0.013305000000000001 0.16411800000000001 0.27383299999999999 0.16316100000000003 0.0049310000000000005 0.0049630000000000004 0.0048510000000000003 0.0010710000000000001 0.0010330000000000001 0.0010539999999999998 91.707887845029944 91.707887845029944 91.707887845029944 0.0047071202110976762 0.0047071202110976762 0.0047071202110976762 1 1 1 Converged Converged Converged OK OK OK 99 99 99 99 99 99 5 5 5 0 0 0 0 1 0 0 1
81 81 linear 0 0 810 0 0.001 1.3227926450639056 0.13310116471611078 0.11697155960158567 0.11691659091214704 -0.15139190767961735 0.09352227899182991 0.5 0.0618612359302666 8.4354759559695793 OK 13 12 0.37387399999999998 0.366757 0.14163600000000001 0.230932 0.22975100000000001 0 0.14294199999999999 0.13700599999999999 0.14163600000000001 0.010396000000000001 0.0097310000000000001 0.0096600000000000002 0.10504400000000001 0.10221700000000002 0.10655299999999999 0.0042630000000000003 0.0034289999999999998 0.0036920000000000004 0.0012199999999999999 0.00090299999999999994 0.0010220000000000001 8.4354583225805388 8.4354583225805388 8.4354583225805388 0.0062035654230364803 0.0062035654230364803 0.0062035654230364803 1 1 1 Converged Converged Converged OK OK OK 81 81 81 81 81 81 7 7 7 0 0 0 0 0 1 0 0
81 81 linear 0 7 810 1 0.001 1.3227926450639056 0.13310116471611078 0.11697155960158567 0.11691659091214704 -0.15139190767961735 0.10776229494332729 0.5 0.047621219978769225 8.3181872811448709 OK 13 12 0.34898699999999999 0.27993400000000002 0.119893 0.22412499999999999 0.14843000000000001 0 0.124862 0.13150400000000001 0.119893 0.0088299999999999993 0.0089250000000000006 0.0083140000000000002 0.098294000000000034 0.105771 0.094687000000000035 0.003261 0.0030169999999999997 0.0030930000000000003 0.00086699999999999993 0.00083000000000000001 0.000892 8.3181598158977934 8.3181598158977934 8.3181598158977934 0.0078292069986034985 0.0078292069986034985 0.0078292069986034985 1 1 1 Converged Converged Converged OK OK OK 73 73 73 73 73 73 7 7 7 0 0 0 0 1 0 0 1
81 81 linear 0 15 810 2 0.001 1.3227926450639056 0.13310116471611078 0.11697155960158567 0.11691659091214704 -0.15139190767961735 0.12403659888789573 0.5 0.031346916034200784 8.0792847767793035 OK 13 12 0.37670300000000001 0.30917699999999998 0.152168 0.21604899999999999 0.139296 0 0.16065400000000002 0.16988099999999998 0.152168 0.0089949999999999995 0.0088830000000000003 0.0083009999999999994 0.12351700000000006 0.13586199999999998 0.11888800000000001 0.0049720000000000007 0.0047069999999999994 0.004895 0.001152 0.0011429999999999999 0.0011669999999999999 8.0792379988221672 8.0792379988221672 8.0792379988221672 0.0066044639510154813 0.0066044639510154813 0.0066044639510154813 1 1 1 Converged Converged Converged OK OK OK 98 98 98 98 98 98 6 6 6 0 0 0 0 1 0 0 1
81 81 linear 0 23 810 3 0.001 1.3227926450639056 0.13310116471611078 0.11697155960158567 0.11691659091214704 -0.15139190767961735 0.14031090283246417 0.5 0.015072612089632342 7.7375454222914071 OK 12 11 0.36139300000000002 0.29369699999999999 0.119065 0.237119 0.158802 0 0.12427400000000002 0.13489499999999999 0.119065 0.0092560000000000003 0.0094900000000000002 0.0085100000000000002 0.093281000000000031 0.10355800000000001 0.090064999999999978 0.0043150000000000003 0.0046090000000000002 0.0038910000000000004 0.0010580000000000001 0.00094499999999999998 0.00084599999999999996 7.7375367680960894 7.7375367680960894 7.7375367680960894 0.0069930632711508447 0.0069930632711508447 0.0069930632711508447 1 1 1 Converged Converged Converged OK OK OK 82 82 82 82 82 82 6 6 6 0 0 0 0 1 0 0 1
81 81 linear 0 0 810 0 0.0001 1.3227926450639056 0.13310116471611078 0.11697155960158567 0.11691659091214704 -0.15139190767961735 0.09352227899182991 0.5 0.0618612359302666 8.4354759559695793 OK 13 12 0.42175000000000001 0.41271400000000003 0.18293599999999999 0.23425299999999999 0.23031599999999999 0 0.18749700000000002 0.18239800000000003 0.18293599999999999 0.0098879999999999992 0.009868 0.0097339999999999996 0.13940900000000003 0.13517700000000002 0.13539699999999996 0.0055490000000000001 0.0051850000000000004 0.005703999999999999 0.0015879999999999998 0.0014750000000000002 0.0015950000000000001 8.4354616428569251 8.4354616428569251 8.4354616428569251 0.00062589570423924657 0.00062589570423924657 0.00062589570423924657 1 1 1 Converged Converged Converged OK OK OK 113 113 113 113 113 113 7 7 7 0 0 0 0 0 1 0 0
81 81 linear 0 7 810 1 0.0001 1.3227926450639056 0.13310116471611078 0.11697155960158567 0.11691659091214704 -0.15139190767961735 0.10776229494332729 0.5 0.047621219978769225 8.3181872811448709 OK 13 12 0.42275200000000002 0.35303000000000001 0.192186 0.228218 0.14460500000000001 0 0.19453400000000001 0.208425 0.192186 0.0088859999999999998 0.0088699999999999994 0.0082579999999999997 0.151613 0.16612199999999996 0.15040099999999998 0.006267 0.0061249999999999994 0.006365 0.0016070000000000001 0.0016350000000000002 0.0017129999999999999 8.3181595578934058 8.3181595578934058 8.3181595578934058 0.00020848173860043667 0.00020848173860043667 0.00020848173860043667 1 1 1 Converged Converged Converged OK OK OK 129 129 129 129 129 129 7 7 7 0 0 0 0 1 0 0 1
81 81 linear 0 15 810 2 0.0001 1.3227926450639056 0.13310116471611078 0.11697155960158567 0.11691659091214704 -0.15139190767961735 0.12403659888789573 0.5 0.031346916034200784 8.0792847767793035 OK 13 12 0.43271799999999999 0.37187900000000002 0.207598 0.21879899999999999 0.14532500000000001 0 0.213919 0.22655400000000001 0.207598 0.0087930000000000005 0.0087989999999999995 0.0082900000000000005 0.16850800000000007 0.18104300000000001 0.16301900000000008 0.0082290000000000002 0.0083819999999999988 0.0086060000000000008 0.0015509999999999999 0.0015900000000000001 0.001673 8.0792603262526352 8.0792603262526352 8.0792603262526352 0.00019007202331422791 0.00019007202331422791 0.00019007202331422791 1 1 1 Converged Converged Converged OK OK OK 146 146 146 146 146 146 6 6 6 0 0 0 0 1 0 0 1
81 81 linear 0 23 810 3 0.0001 1.3227926450639056 0.13310116471611078 0.11697155960158567 0.11691659091214704 -0.15139190767961735 0.14031090283246417 0.5 0.015072612089632342 7.7375454222914071 OK 12 11 0.42537199999999997 0.35694199999999998 0.17888899999999999 0.23794100000000001 0.157582 0 0.18743099999999996 0.19935999999999998 0.17888899999999999 0.0089359999999999995 0.0092739999999999993 0.0085199999999999998 0.14795400000000006 0.15886 0.14028399999999996 0.0058230000000000001 0.0065140000000000007 0.0058809999999999999 0.0014109999999999997 0.0014790000000000001 0.0013929999999999999 7.7375570836678298 7.7375570836678298 7.7375570836678298 0.00032149625869103355 0.00032149625869103355 0.00032149625869103355 1 1 1 Converged Converged Converged OK OK OK 114 114 114 114 114 114 6 6 6 0 0 0 0 1 0 0 1
81 81 linear 1 0 811 0 0.001 1.3227926450639056 0.13310116471611078 0.11697155960158567 -0.59524932468472114 0.28700846854406104 -0.61864363660503829 0.5 0.77402715152713486 1.9805733487177686 OK 13 12 0.31315399999999999 0.30918499999999999 0.099444000000000005 0.20957799999999999 0.20751600000000001 0 0.103576 0.10166899999999998 0.099444000000000005 0.0096469999999999993 0.0093720000000000001 0.0091850000000000005 0.071116000000000026 0.069619 0.068486000000000005 0.0034810000000000002 0.0037930000000000004 0.0031970000000000002 0.000812 0.00071499999999999992 0.00077000000000000007 1.9805964460162369 1.9805964460162369 1.9805964460162369 0.0014050775591811428 0.0014050775591811428 0.0014050775591811428 1 1 1 Converged Converged Converged OK OK OK 67 67 67 67 67 67 5 5 5 0 0 0 0 0 1 0 0
81 81 linear 1 7 811 1 0.001 1.3227926450639056 0.13310116471611078 0.11697155960158567 -0.59524932468472114 0.28700846854406104 -0.60440362065354092 0.5 0.75978713557563737 2.1224515744036245 OK 13 12 0.32238899999999998 0.27887499999999998 0.11894299999999999 0.199046 0.13352 0 0.12334299999999998 0.14535499999999998 0.11894299999999999 0.0083929999999999994 0.008829 0.0079920000000000008 0.09218999999999998 0.11232599999999998 0.088918999999999998 0.0036870000000000002 0.0046320000000000007 0.003627 0.00091999999999999992 0.00098999999999999999 0.00093000000000000005 2.1224573320644331 2.1224573320644331 2.1224573320644331 0.0014112938032577781 0.0014112938032577781 0.0014112938032577781 1 1 1 Converged Converged Converged OK OK OK 82 82 82 82 82 82 6 6 6 0 0 0 0 1 0 0 1
81 81 linear 1 15 811 2 0.001 1.3227926450639056 0.13310116471611078 0.11697155960158567 -0.59524932468472114 0.28700846854406104 -0.58812931670897239 0.5 0.74351283163106885 2.2648427055683058 OK 13 12 0.32744600000000001 0.275559 0.124657 0.201735 0.13317699999999999 0 0.12571100000000002 0.14238200000000001 0.124657 0.0085660000000000007 0.0087100000000000007 0.0078539999999999999 0.095477000000000034 0.11146000000000005 0.096183999999999992 0.0036920000000000004 0.0041970000000000002 0.0036050000000000006 0.00088200000000000008 0.00098900000000000008 0.000901 2.2648342885556971 2.2648342885556971 2.2648342885556971 0.00096727977132085715 0.00096727977132085715 0.00096727977132085715 1 1 1 Converged Converged Converged OK OK OK 82 82 82 82 82 82 6 6 6 0 0 0 0 1 0 0 1
81 81 linear 1 23 811 3 0.001 1.3227926450639056 0.13310116471611078 0.11697155960158567 -0.59524932468472114 0.28700846854406104 -0.57185501276440398 0.5 0.72723852768650055 2.3857088050714905 OK 13 12 0.33974900000000002 0.27294499999999999 0.12986300000000001 0.20458799999999999 0.13109799999999999 0 0.13516100000000003 0.141847 0.12986300000000001 0.0084849999999999995 0.0085819999999999994 0.0079240000000000005 0.10828099999999993 0.114718 0.10442299999999995 0.0032270000000000003 0.0034310000000000005 0.0030249999999999999 0.0010609999999999999 0.00099299999999999996 0.00092299999999999999 2.3857128220962038 2.3857128220962038 2.3857128220962038 0.0022193984314797161 0.0022193984314797161 0.0022193984314797161 1 1 1 Converged Converged Converged OK OK OK 74 74 74 74 74 74 6 6 6 0 0 0 0 1 0 0 1
81 81 linear 1 0 811 0 0.0001 1.3227926450639056 0.13310116471611078 0.11697155960158567 -0.59524932468472114 0.28700846854406104 -0.61864363660503829 0.5 0.77402715152713486 1.9805733487177686 OK 13 12 0.36880099999999999 0.36627799999999999 0.151944 0.21052000000000001 0.212367 0 0.15828099999999998 0.15391099999999999 0.151944 0.0096690000000000005 0.0097160000000000007 0.0093139999999999994 0.11075699999999997 0.10521199999999999 0.10463299999999999 0.0054260000000000003 0.0061969999999999994 0.005646 0.0013659999999999998 0.0013810000000000001 0.0013209999999999999 1.9805722632354366 1.9805722632354366 1.9805722632354366 4.8408667629165867e-05 4.8408667629165867e-05 4.8408667629165867e-05 1 1 1 Converged Converged Converged OK OK OK 107 107 107 107 107 107 5 5 5 0 0 0 0 0 1 0 0
81 81 linear 1 7 811 1 0.0001 1.3227926450639056 0.13310116471611078 0.11697155960158567 -0.59524932468472114 0.28700846854406104 -0.60440362065354092 0.5 0.75978713557563737 2.1224515744036245 OK 13 12 0.36651699999999998 0.32016499999999998 0.16145699999999999 0.20041700000000001 0.13350400000000001 0 0.16609999999999997 0.18666099999999997 0.16145699999999999 0.0084290000000000007 0.0085599999999999999 0.0081890000000000001 0.12579100000000001 0.14604 0.12176900000000006 0.0055319999999999996 0.0056670000000000002 0.0056420000000000003 0.0013839999999999998 0.0014189999999999999 0.0014540000000000002 2.122452193595902 2.122452193595902 2.122452193595902 4.6946916706440609e-05 4.6946916706440609e-05 4.6946916706440609e-05 1 1 1 Converged Converged Converged OK OK OK 114 114 114 114 114 114 6 6 6 0 0 0 0 1 0 0 1
81 81 linear 1 15 811 2 0.0001 1.3227926450639056 0.13310116471611078 0.11697155960158567 -0.59524932468472114 0.28700846854406104 -0.58812931670897239 0.5 0.74351283163106885 2.2648427055683058 OK 13 12 0.36338599999999999 0.31306099999999998 0.15878 0.19931699999999999 0.12868099999999999 0 0.16406899999999999 0.18437999999999999 0.15878 0.008404 0.0085159999999999993 0.0079729999999999992 0.12735100000000002 0.14774199999999998 0.12314899999999999 0.0050939999999999996 0.005006 0.0050430000000000006 0.0012030000000000001 0.0011749999999999998 0.001206 2.2648450416551391 2.2648450416551391 2.2648450416551391 0.00018723625505492376 0.00018723625505492376 0.00018723625505492376 1 1 1 Converged Converged Converged OK OK OK 106 106 106 106 106 106 6 6 6 0 0 0 0 1 0 0 1
81 81 linear 1 23 811 3 0.0001 1.3227926450639056 0.13310116471611078 0.11697155960158567 -0.59524932468472114 0.28700846854406104 -0.57185501276440398 0.5 0.72723852768650055 2.3857088050714905 OK 13 12 0.39515899999999998 0.330291 0.18248500000000001 0.20838499999999999 0.12920799999999999 0 0.186774 0.20108300000000001 0.18248500000000001 0.0085970000000000005 0.0086239999999999997 0.0079360000000000003 0.14768400000000001 0.16003899999999999 0.1454899999999999 0.0058559999999999992 0.0071250000000000003 0.0053500000000000006 0.0014140000000000001 0.0014829999999999999 0.00133 2.3857128331865645 2.3857128331865645 2.3857128331865645 5.5043379123009192e-05 5.5043379123009192e-05 5.5043379123009192e-05 1 1 1 Converged Converged Converged OK OK OK 114 114 114 114 114 114 6 6 6 0 0 0 0 1 0 0 1
81 81 linear 2 0 812 0 0.001 1.3227926450639056 0.13310116471611078 0.11697155960158567 -0.70513968265573568 0.18779704500256433 -0.72853399457605283 0.5 0.88391750949814929 1.5158076607024653 OK 13 12 0.30090899999999998 0.29406599999999999 0.088662000000000005 0.210281 0.20485400000000001 0 0.090627999999999986 0.089211999999999986 0.088662000000000005 0.0089770000000000006 0.0091739999999999999 0.0089259999999999999 0.059709999999999999 0.05829899999999999 0.057948 0.0032919999999999998 0.0033469999999999997 0.0033360000000000004 0.00072999999999999996 0.00077700000000000002 0.00078199999999999993 1.5158067120204062 1.5158067120204062 1.5158067120204062 0.00050975448790384012 0.00050975448790384012 0.00050975448790384012 1 1 1 Converged Converged Converged OK OK OK 61 61 61 61 61 61 3 3 3 0 0 0 0 0 1 0 0
81 81 linear 2 7 812 1 0.001 1.3227926450639056 0.13310116471611078 0.11697155960158567 -0.70513968265573568 0.18779704500256433 -0.71429397862455546 0.5 0.86967749354665203 1.51884155458394 OK 13 12 0.31533699999999998 0.23539299999999999 0.084669999999999995 0.227182 0.14089099999999999 0 0.088154999999999983 0.094502000000000003 0.084669999999999995 0.0082389999999999998 0.0084159999999999999 0.0077889999999999999 0.060805999999999992 0.066997000000000001 0.058247000000000014 0.003238 0.0034899999999999992 0.0032530000000000002 0.00070600000000000003 0.00072599999999999987 0.00070600000000000003 1.5188406018584157 1.5188406018584157 1.5188406018584157 0.00053037712843994299 0.00053037712843994299 0.00053037712843994299 1 1 1 Converged Converged Converged OK OK OK 61 61 61 61 61 61 3 3 3 0 0 0 0 1 0 0 1
81 81 linear 2 15 812 2 0.001 1.3227926450639056 0.13310116471611078 0.11697155960158567 -0.70513968265573568 0.18779704500256433 -0.69801967467998693 0.5 0.8534031896020835 1.5246705919823955 OK 13 12 0.31167800000000001 0.23180400000000001 0.082072000000000006 0.22522200000000001 0.13996900000000001 0 0.086456000000000005 0.091835 0.082072000000000006 0.0082649999999999998 0.0082369999999999995 0.0077169999999999999 0.058586999999999993 0.064487000000000003 0.055904000000000009 0.003594 0.0034559999999999999 0.0032880000000000001 0.00071999999999999994 0.00074899999999999999 0.00067499999999999993 1.5246696529841341 1.5246696529841341 1.5246696529841341 0.00055499264353221637 0.00055499264353221637 0.00055499264353221637 1 1 1 Converged Converged Converged OK OK OK 61 61 61 61 61 61 3 3 3 0 0 0 0 1 0 0 1
81 81 linear 2 23 812 3 0.001 1.3227926450639056 0.13310116471611078 0.11697155960158567 -0.70513968265573568 0.18779704500256433 -0.68174537073541852 0.5 0.83712888565751498 1.6073230850362095 OK 14 13 0.364263 0.28808400000000001 0.12195400000000001 0.23747699999999999 0.157944 0 0.12678600000000001 0.13014000000000001 0.12195400000000001 0.011778 0.012012999999999999 0.011035 0.089837999999999987 0.092814000000000008 0.086019999999999999 0.0039870000000000001 0.0041880000000000007 0.0041069999999999995 0.00088999999999999995 0.00093499999999999996 0.00095800000000000008 1.6073310827165963 1.6073310827165963 1.6073310827165963 0.0013723813685727643 0.0013723813685727643 0.0013723813685727643 1 1 1 Converged Converged Converged OK OK OK 82 82 82 82 82 82 6 6 6 0 0 0 0 1 0 0 1
81 81 linear 2 0 812 0 0.0001 1.3227926450639056 0.13310116471611078 0.11697155960158567 -0.70513968265573568 0.18779704500256433 -0.72853399457605283 0.5 0.88391750949814929 1.5158076607024653 OK 13 12 0.34219899999999998 0.33546599999999999 0.13172900000000001 0.20721100000000001 0.204043 0 0.13498799999999997 0.13142299999999998 0.13172900000000001 0.0092180000000000005 0.0091999999999999998 0.0090709999999999992 0.091513999999999956 0.088238999999999984 0.088297 0.0052339999999999999 0.0051020000000000006 0.0053239999999999997 0.0010549999999999999 0.001016 0.0011000000000000001 1.5158067118123693 1.5158067118123693 1.5158067118123693 3.8673982552332278e-08 3.8673982552332278e-08 3.8673982552332278e-08 1 1 1 Converged Converged Converged OK OK OK 93 93 93 93 93 93 3 3 3 0 0 0 0 0 1 0 0
81 81 linear 2 7 812 1 0.0001 1.3227926450639056 0.13310116471611078 0.11697155960158567 -0.70513968265573568 0.18779704500256433 -0.71429397862455546 0.5 0.86967749354665203 1.51884155458394 OK 13 12 0.35266500000000001 0.28287299999999999 0.123143 0.22475500000000001 0.14344399999999999 0 0.12791 0.139429 0.123143 0.0083169999999999997 0.0084840000000000002 0.0078340000000000007 0.090698999999999988 0.10132599999999994 0.087048000000000028 0.0052099999999999994 0.0054979999999999994 0.0051209999999999997 0.00092700000000000009 0.00093300000000000002 0.00088800000000000001 1.5188406017074492 1.5188406017074492 1.5188406017074492 3.9410229812961812e-08 3.9410229812961812e-08 3.9410229812961812e-08 1 1 1 Converged Converged Converged OK OK OK 93 93 93 93 93 93 3 3 3 0 0 0 0 1 0 0 1
81 81 linear 2 15 812 2 0.0001 1.3227926450639056 0.13310116471611078 0.11697155960158567 -0.70513968265573568 0.18779704500256433 -0.69801967467998693 0.5 0.8534031896020835 1.5246705919823955 OK 13 12 0.34972399999999998 0.281134 0.121291 0.223304 0.141593 0 0.12641999999999998 0.139541 0.121291 0.008175 0.0084419999999999999 0.0077999999999999996 0.08914900000000002 0.10198300000000002 0.085231999999999974 0.0050850000000000001 0.0052640000000000004 0.0051380000000000002 0.00093300000000000002 0.00091300000000000007 0.00089300000000000002 1.5246696529462431 1.5246696529462431 1.5246696529462431 4.0676836657224406e-08 4.0676836657224406e-08 4.0676836657224406e-08 1 1 1 Converged Converged Converged OK OK OK 93 93 93 93 93 93 3 3 3 0 0 0 0 1 0 0 1
81 81 linear 2 23 812 3 0.0001 1.3227926450639056 0.13310116471611078 0.11697155960158567 -0.70513968265573568 0.18779704500256433 -0.68174537073541852 0.5 0.83712888565751498 1.6073230850362095 OK 14 13 0.42672700000000002 0.36319800000000002 0.18448800000000001 0.23297200000000001 0.15554000000000001 0 0.19375500000000001 0.20765800000000001 0.18448800000000001 0.011868999999999999 0.012031 0.010987 0.13919999999999996 0.15103100000000005 0.132468 0.0070189999999999992 0.0079129999999999999 0.0067270000000000003 0.0015860000000000002 0.001583 0.0014779999999999997 1.607318333540686 1.607318333540686 1.607318333540686 2.5587917062557865e-05 2.5587917062557865e-05 2.5587917062557865e-05 1 1 1 Converged Converged Converged OK OK OK 130 130 130 130 130 130 6 6 6 0 0 0 0 1 0 0 1
81 81 linear 3 0 813 0 0.001 1.3227926450639056 0.13310116471611078 0.11697155960158567 0.066272659484764754 -0.32620222163187523 0.042878347564447618 0.5 0.1125051673576489 3.0154578305522319 OK 13 12 0.318305 0.32227699999999998 0.10874 0.204684 0.211588 0 0.113621 0.11068899999999998 0.10874 0.0099059999999999999 0.0097839999999999993 0.0093819999999999997 0.081165999999999988 0.078615000000000004 0.077887000000000012 0.0035369999999999998 0.0037369999999999999 0.0032439999999999999 0.00078600000000000002 0.000718 0.00068499999999999995 3.0154553514010227 3.0154553514010227 3.0154553514010227 0.0011221926647992184 0.0011221926647992184 0.0011221926647992184 1 1 1 Converged Converged Converged OK OK OK 60 60 60 60 60 60 4 4 4 0 0 0 0 0 1 0 0
81 81 linear 3 7 813 1 0.001 1.3227926450639056 0.13310116471611078 0.11697155960158567 0.066272659484764754 -0.32620222163187523 0.057118363515945007 0.5 0.098265151406151496 3.0735141889879984 OK 13 12 0.31835599999999997 0.25844499999999998 0.115561 0.19766800000000001 0.13137599999999999 0 0.12068799999999996 0.12706899999999999 0.115561 0.0092399999999999999 0.0092659999999999999 0.0084720000000000004 0.090571999999999944 0.097417999999999991 0.087025000000000019 0.0036519999999999999 0.0036110000000000005 0.003516 0.00077200000000000001 0.00081999999999999998 0.00074600000000000003 3.073510725610666 3.073510725610666 3.073510725610666 0.0021945942338113412 0.0021945942338113412 0.0021945942338113412 1 1 1 Converged Converged Converged OK OK OK 67 67 67 67 67 67 5 5 5 0 0 0 0 1 0 0 1
81 81 linear 3 15 813 2 0.001 1.3227926450639056 0.13310116471611078 0.11697155960158567 0.066272659484764754 -0.32620222163187523 0.073392667460513442 0.5 0.081990847461583069 3.1388638712990056 OK 13 12 0.29403200000000002 0.229382 0.093281000000000003 0.19545000000000001 0.125225 0 0.098582000000000003 0.104157 0.093281000000000003 0.0087049999999999992 0.0085570000000000004 0.0079559999999999995 0.071992000000000014 0.07876699999999999 0.068744999999999973 0.003392 0.0030130000000000001 0.0029719999999999998 0.00073099999999999999 0.000718 0.00065500000000000009 3.1388618600488205 3.1388618600488205 3.1388618600488205 0.0025089901010807662 0.0025089901010807662 0.0025089901010807662 1 1 1 Converged Converged Converged OK OK OK 59 59 59 59 59 59 5 5 5 0 0 0 0 1 0 0 1
81 81 linear 3 23 813 3 0.001 1.3227926450639056 0.13310116471611078 0.11697155960158567 0.066272659484764754 -0.32620222163187523 0.089666971405081897 0.5 0.065716543517014614 3.2027948171386167 OK 13 12 0.29165400000000002 0.23791399999999999 0.090870000000000006 0.19584699999999999 0.12656100000000001 0 0.095807000000000031 0.11135299999999998 0.090870000000000006 0.0085629999999999994 0.0087240000000000009 0.0079050000000000006 0.069848999999999981 0.085349000000000008 0.066606000000000012 0.0031470000000000001 0.0032690000000000002 0.0029090000000000001 0.00073499999999999998 0.00077499999999999997 0.00065299999999999993 3.2027927388397504 3.2027927388397504 3.2027927388397504 0.0023881800678017821 0.0023881800678017821 0.0023881800678017821 1 1 1 Converged Converged Converged OK OK OK 59 59 59 59 59 59 5 5 5 0 0 0 0 1 0 0 1
81 81 linear 3 0 813 0 0.0001 1.3227926450639056 0.13310116471611078 0.11697155960158567 0.066272659484764754 -0.32620222163187523 0.042878347564447618 0.5 0.1125051673576489 3.0154578305522319 OK 13 12 0.34140799999999999 0.33523199999999997 0.13003100000000001 0.207512 0.20527899999999999 0 0.13389599999999999 0.12995299999999999 0.13003100000000001 0.0098860000000000007 0.0096799999999999994 0.0095639999999999996 0.09484800000000003 0.091795000000000015 0.09175999999999998 0.0043049999999999998 0.0041589999999999995 0.0043479999999999994 0.00097300000000000012 0.00098299999999999993 0.00098999999999999999 3.0154558727676903 3.0154558727676903 3.0154558727676903 5.2328308620492908e-05 5.2328308620492908e-05 5.2328308620492908e-05 1 1 1 Converged Converged Converged OK OK OK 76 76 76 76 76 76 4 4 4 0 0 0 0 0 1 0 0
81 81 linear 3 7 813 1 0.0001 1.3227926450639056 0.13310116471611078 0.11697155960158567 0.066272659484764754 -0.32620222163187523 0.057118363515945007 0.5 0.098265151406151496 3.0735141889879984 OK 13 12 0.32927899999999999 0.26789000000000002 0.12741 0.199544 0.12822900000000001 0 0.12973499999999999 0.13966100000000001 0.12741 0.0093369999999999998 0.0091450000000000004 0.012881999999999999 0.097494999999999971 0.10904599999999996 0.093445000000000014 0.0042889999999999994 0.0037429999999999998 0.003738 0.00091700000000000006 0.00085300000000000003 0.00081799999999999993 3.0735122870881839 3.0735122870881839 3.0735122870881839 0.00017010640241599425 0.00017010640241599425 0.00017010640241599425 1 1 1 Converged Converged Converged OK OK OK 75 75 75 75 75 75 5 5 5 0 0 0 0 1 0 0 1
81 81 linear 3 15 813 2 0.0001 1.3227926450639056 0.13310116471611078 0.11697155960158567 0.066272659484764754 -0.32620222163187523 0.073392667460513442 0.5 0.081990847461583069 3.1388638712990056 OK 13 12 0.33049899999999999 0.27338099999999999 0.12875900000000001 0.19669500000000001 0.12524399999999999 0 0.13380399999999998 0.14813699999999999 0.12875900000000001 0.0086130000000000009 0.0086759999999999997 0.0080249999999999991 0.10022499999999998 0.11333899999999997 0.096340000000000023 0.0042989999999999999 0.0050240000000000007 0.004235 0.001072 0.0010889999999999999 0.001029 3.1388618209310679 3.1388618209310679 3.1388618209310679 0.00024237020543632916 0.00024237020543632916 0.00024237020543632916 1 1 1 Converged Converged Converged OK OK OK 83 83 83 83 83 83 5 5 5 0 0 0 0 1 0 0 1
81 81 linear 3 23 813 3 0.0001 1.3227926450639056 0.13310116471611078 0.11697155960158567 0.066272659484764754 -0.32620222163187523 0.089666971405081897 0.5 0.065716543517014614 3.2027948171386167 OK 13 12 0.33514500000000003 0.29742200000000002 0.136299 0.19351599999999999 0.125669 0 0.14162900000000003 0.17175300000000002 0.136299 0.0085909999999999997 0.0087119999999999993 0.0079640000000000006 0.10629700000000002 0.13533599999999998 0.10256500000000002 0.0045900000000000003 0.0053209999999999993 0.0043829999999999997 0.0010680000000000002 0.0010959999999999998 0.0010459999999999998 3.2027926662905988 3.2027926662905988 3.2027926662905988 0.00017397766798975102 0.00017397766798975102 0.00017397766798975102 1 1 1 Converged Converged Converged OK OK OK 91 91 91 91 91 91 5 5 5 0 0 0 0 1 0 0 1
81 81 linear 4 0 814 0 0.001 1.3227926450639056 0.13310116471611078 0.11697155960158567 -0.73652529228543362 -0.290317592210108 -0.75991960420575078 0.5 0.91530311912784734 1.431730897002065 OK 13 12 0.28662199999999999 0.28398699999999999 0.090226000000000001 0.18993599999999999 0.19287099999999999 0 0.096685999999999994 0.091116000000000003 0.090226000000000001 0.0091020000000000007 0.0091039999999999992 0.0086250000000000007 0.065151999999999988 0.060104000000000005 0.059535999999999992 0.003421 0.003424 0.00347 0.000687 0.00071500000000000003 0.00067900000000000002 1.4317300384148473 1.4317300384148473 1.4317300384148473 0.00046625862296994597 0.00046625862296994597 0.00046625862296994597 1 1 1 Converged Converged Converged OK OK OK 61 61 61 61 61 61 3 3 3 0 0 0 0 0 1 0 0
81 81 linear 4 7 814 1 0.001 1.3227926450639056 0.13310116471611078 0.11697155960158567 -0.73652529228543362 -0.290317592210108 -0.7456795882542534 0.5 0.90106310317634986 1.4429982446409613 OK 13 12 0.28027999999999997 0.21899399999999999 0.083177000000000001 0.19444700000000001 0.121188 0 0.085832999999999965 0.09780599999999999 0.083177000000000001 0.0082839999999999997 0.0083199999999999993 0.007724 0.058724000000000012 0.070082000000000005 0.056805000000000008 0.0031440000000000001 0.003594 0.0031599999999999996 0.00067000000000000002 0.00072999999999999996 0.00067199999999999996 1.4429973604185733 1.4429973604185733 1.4429973604185733 0.0004877263125109337 0.0004877263125109337 0.0004877263125109337 1 1 1 Converged Converged Converged OK OK OK 61 61 61 61 61 61 3 3 3 0 0 0 0 1 0 0 1
81 81 linear 4 15 814 2 0.001 1.3227926450639056 0.13310116471611078 0.11697155960158567 -0.73652529228543362 -0.290317592210108 -0.72940528430968488 0.5 0.88478879923178133 1.4582992399086268 OK 13 12 0.27894600000000003 0.22492699999999999 0.084381999999999999 0.19150600000000001 0.125026 0 0.087440000000000018 0.09990099999999999 0.084381999999999999 0.0082470000000000009 0.0083899999999999999 0.0078059999999999996 0.060153000000000012 0.071582000000000021 0.058021000000000017 0.0031359999999999999 0.003627 0.0032069999999999998 0.00071099999999999994 0.000776 0.00067199999999999996 1.4582983623328105 1.4582983623328105 1.4582983623328105 0.00051408801685636429 0.00051408801685636429 0.00051408801685636429 1 1 1 Converged Converged Converged OK OK OK 61 61 61 61 61 61 3 3 3 0 0 0 0 1 0 0 1
81 81 linear 4 23 814 3 0.001 1.3227926450639056 0.13310116471611078 0.11697155960158567 -0.73652529228543362 -0.290317592210108 -0.71313098036511646 0.5 0.86851449528721303 1.4769408296422966 OK 13 12 0.277841 0.220971 0.087415999999999994 0.190469 0.12595200000000001 0 0.087372000000000005 0.095018999999999992 0.087415999999999994 0.0083250000000000008 0.0081720000000000004 0.0076680000000000003 0.05971400000000001 0.067691000000000001 0.061304999999999991 0.003398 0.0035100000000000001 0.0032429999999999998 0.00068400000000000004 0.00069700000000000003 0.00065799999999999995 1.4769398976999439 1.4769398976999439 1.4769398976999439 0.00054254822488222158 0.00054254822488222158 0.00054254822488222158 1 1 1 Converged Converged Converged OK OK OK 61 61 61 61 61 61 3 3 3 0 0 0 0 1 0 0 1
81 81 linear 4 0 814 0 0.0001 1.3227926450639056 0.13310116471611078 0.11697155960158567 -0.73652529228543362 -0.290317592210108 -0.75991960420575078 0.5 0.91530311912784734 1.431730897002065 OK 13 12 0.32494400000000001 0.32339899999999999 0.12947400000000001 0.192943 0.19173599999999999 0 0.13200100000000001 0.131663 0.12947400000000001 0.0089359999999999995 0.0090799999999999995 0.0085830000000000004 0.089460000000000012 0.088494999999999949 0.087497999999999979 0.0051079999999999997 0.0053629999999999997 0.0051189999999999994 0.00092200000000000008 0.00093499999999999996 0.00090799999999999984 1.4317300383789926 1.4317300383789926 1.4317300383789926 3.97145340957733e-08 3.97145340957733e-08 3.97145340957733e-08 1 1 1 Converged Converged Converged OK OK OK 93 93 93 93 93 93 3 3 3 0 0 0 0 0 1 0 0
81 81 linear 4 7 814 1 0.0001 1.3227926450639056 0.13310116471611078 0.11697155960158567 -0.73652529228543362 -0.290317592210108 -0.7456795882542534 0.5 0.90106310317634986 1.4429982446409613 OK 13 12 0.31649899999999997 0.27258100000000002 0.122534 0.19090399999999999 0.12170400000000001 0 0.12559499999999998 0.15087700000000001 0.122534 0.0081110000000000002 0.0082649999999999998 0.0076550000000000003 0.088675000000000045 0.113814 0.086595000000000047 0.0049709999999999997 0.0051740000000000006 0.0050049999999999999 0.00092600000000000017 0.00094000000000000008 0.00089800000000000004 1.4429973604001796 1.4429973604001796 1.4429973604001796 3.9755725275230787e-08 3.9755725275230787e-08 3.9755725275230787e-08 1 1 1 Converged Converged Converged OK OK OK 93 93 93 93 93 93 3 3 3 0 0 0 0 1 0 0 1
81 81 linear 4 15 814 2 0.0001 1.3227926450639056 0.13310116471611078 0.11697155960158567 -0.73652529228543362 -0.290317592210108 -0.72940528430968488 0.5 0.88478879923178133 1.4582992399086268 OK 13 12 0.31781999999999999 0.27290599999999998 0.123491 0.19082099999999999 0.12682599999999999 0 0.126999 0.14607999999999999 0.123491 0.0082299999999999995 0.0084030000000000007 0.0076940000000000003 0.090087 0.10898599999999999 0.087713000000000027 0.004921 0.0051770000000000002 0.0049610000000000001 0.000941 0.00095900000000000011 0.00092800000000000011 1.4582983623398649 1.4582983623398649 1.4582983623398649 3.9859682543956941e-08 3.9859682543956941e-08 3.9859682543956941e-08 1 1 1 Converged Converged Converged OK OK OK 93 93 93 93 93 93 3 3 3 0 0 0 0 1 0 0 1
81 81 linear 4 23 814 3 0.0001 1.3227926450639056 0.13310116471611078 0.11697155960158567 -0.73652529228543362 -0.290317592210108 -0.71313098036511646 0.5 0.86851449528721303 1.4769408296422966 OK 13 12 0.323903 0.26557999999999998 0.12310500000000001 0.19439400000000001 0.123082 0 0.12950899999999999 0.14249799999999999 0.12310500000000001 0.0084069999999999995 0.0083009999999999994 0.0077250000000000001 0.090953000000000034 0.10540499999999998 0.087322999999999998 0.0055009999999999998 0.0051539999999999997 0.0049620000000000003 0.00097399999999999993 0.00095100000000000002 0.0009059999999999999 1.4769398977113919 1.4769398977113919 1.4769398977113919 4.003099498528239e-08 4.003099498528239e-08 4.003099498528239e-08 1 1 1 Converged Converged Converged OK OK OK 93 93 93 93 93 93 3 3 3 0 0 0 0 1 0 0 1
81 81 uniform 0 0 815 0 0.001 1.3227926450639056 0.13310116471611078 0.11697155960158567 0.11691659091214704 -0.15139190767961735 0.09352227899182991 0 0.0618612359302666 8.251038673843123 OK 13 12 0.33819100000000002 0.34028199999999997 0.10678700000000001 0.23113900000000001 0.23139899999999999 0 0.10705200000000001 0.10888299999999998 0.10678700000000001 0.0097350000000000006 0.010156 0.0096799999999999994 0.072563999999999976 0.072666000000000008 0.072243000000000002 0.0029759999999999999 0.0035790000000000006 0.0031570000000000001 0.00091200000000000005 0.00094499999999999998 0.0009810000000000001 8.251033617698722 8.251033617698722 8.251033617698722 0.0063379491134023811 0.0063379491134023811 0.0063379491134023811 1 1 1 Converged Converged Converged OK OK OK 81 81 81 81 81 81 7 7 7 0 0 0 0 0 1 0 0
81 81 uniform 0 7 815 1 0.001 1.3227926450639056 0.13310116471611078 0.11697155960158567 0.11691659091214704 -0.15139190767961735 0.10776229494332729 0 0.047621219978769225 8.140511152290177 OK 13 12 0.34018999999999999 0.27982600000000002 0.119743 0.218666 0.145034 0 0.12152399999999999 0.13479200000000002 0.119743 0.0087950000000000007 0.0091590000000000005 0.0081279999999999998 0.091216999999999993 0.10339199999999997 0.090581000000000009 0.0037650000000000006 0.0041459999999999995 0.0038630000000000001 0.00095099999999999991 0.0010839999999999999 0.00098999999999999999 8.1405076167034238 8.1405076167034238 8.1405076167034238 0.0057181258152477644 0.0057181258152477644 0.0057181258152477644 1 1 1 Converged Converged Converged OK OK OK 89 89 89 89 89 89 7 7 7 0 0 0 0 1 0 0 1
81 81 uniform 0 15 815 2 0.001 1.3227926450639056 0.13310116471611078 0.11697155960158567 0.11691659091214704 -0.15139190767961735 0.12403659888789573 0 0.031346916034200784 7.9252901927170782 OK 13 12 0.33987299999999998 0.28590700000000002 0.123155 0.21359900000000001 0.14413699999999999 0 0.12627399999999997 0.14177000000000003 0.123155 0.0089569999999999997 0.0090989999999999994 0.0080879999999999997 0.093677000000000052 0.10880900000000002 0.092394000000000004 0.0043610000000000003 0.0045739999999999999 0.0041880000000000007 0.0010330000000000001 0.0011329999999999999 0.0010250000000000001 7.9252839830888515 7.9252839830888515 7.9252839830888515 0.0057298505308244286 0.0057298505308244286 0.0057298505308244286 1 1 1 Converged Converged Converged OK OK OK 98 98 98 98 98 98 6 6 6 0 0 0 0 1 0 0 1
81 81 uniform 0 23 815 3 0.001 1.3227926450639056 0.13310116471611078 0.11697155960158567 0.11691659091214704 -0.15139190767961735 0.14031090283246417 0 0.015072612089632342 7.6191601078930677 OK 12 11 0.343584 0.27049899999999999 0.099599999999999994 0.23948800000000001 0.15699399999999999 0 0.10409599999999999 0.11350499999999999 0.099599999999999994 0.0093849999999999992 0.0092940000000000002 0.0083239999999999998 0.072624999999999995 0.083419999999999994 0.071356000000000003 0.0044779999999999993 0.0038760000000000001 0.0035970000000000004 0.00090900000000000009 0.00086300000000000005 0.00086600000000000002 7.6191544885971574 7.6191544885971574 7.6191544885971574 0.0055235967886455061 0.0055235967886455061 0.0055235967886455061 1 1 1 Converged Converged Converged OK OK OK 82 82 82 82 82 82 6 6 6 0 0 0 0 1 0 0 1
81 81 uniform 0 0 815 0 0.0001 1.3227926450639056 0.13310116471611078 0.11697155960158567 0.11691659091214704 -0.15139190767961735 0.09352227899182991 0 0.0618612359302666 8.251038673843123 OK 13 12 0.38566499999999998 0.381276 0.15221399999999999 0.23061999999999999 0.22867000000000001 0 0.15504499999999999 0.15260599999999999 0.15221399999999999 0.010024 0.0099109999999999997 0.0097780000000000002 0.10627500000000002 0.10624699999999997 0.10535099999999994 0.0054150000000000005 0.0048260000000000004 0.0049229999999999994 0.0016050000000000001 0.0014580000000000001 0.0015489999999999998 8.2510380421541747 8.2510380421541747 8.2510380421541747 0.00027104716592057265 0.00027104716592057265 0.00027104716592057265 1 1 1 Converged Converged Converged OK OK OK 113 113 113 113 113 113 7 7 7 0 0 0 0 0 1 0 0
81 81 uniform 0 7 815 1 0.0001 1.3227926450639056 0.13310116471611078 0.11697155960158567 0.11691659091214704 -0.15139190767961735 0.10776229494332729 0 0.047621219978769225 8.140511152290177 OK 13 12 0.37960300000000002 0.31767099999999998 0.154221 0.22283800000000001 0.14338999999999999 0 0.15676500000000002 0.17428099999999999 0.154221 0.0088229999999999992 0.0090889999999999999 0.008234 0.11427500000000003 0.13272599999999998 0.11369600000000002 0.005947 0.0058089999999999999 0.0056079999999999993 0.0015509999999999999 0.0015179999999999998 0.0016030000000000003 8.1405103416185973 8.1405103416185973 8.1405103416185973 3.7922920786404711e-05 3.7922920786404711e-05 3.7922920786404711e-05 1 1 1 Converged Converged Converged OK OK OK 129 129 129 129 129 129 7 7 7 0 0 0 0 1 0 0 1
81 81 uniform 0 15 815 2 0.0001 1.3227926450639056 0.13310116471611078 0.11697155960158567 0.11691659091214704 -0.15139190767961735 0.12403659888789573 0 0.031346916034200784 7.9252901927170782 OK 13 12 0.389598 0.33434599999999998 0.17172499999999999 0.21576899999999999 0.14235600000000001 0 0.17382900000000001 0.19198999999999997 0.17172499999999999 0.0088170000000000002 0.0088710000000000004 0.0081300000000000001 0.12719099999999997 0.14547200000000005 0.12666500000000003 0.0080070000000000002 0.0078000000000000005 0.0078180000000000003 0.0015810000000000002 0.0015269999999999999 0.0014819999999999998 7.925289458450993 7.925289458450993 7.925289458450993 0.00023992780343590488 0.00023992780343590488 0.00023992780343590488 1 1 1 Converged Converged Converged OK OK OK 146 146 146 146 146 146 6 6 6 0 0 0 0 1 0 0 1
81 81 uniform 0 23 815 3 0.0001 1.3227926450639056 0.13310116471611078 0.11697155960158567 0.11691659091214704 -0.15139190767961735 0.14031090283246417 0 0.015072612089632342 7.6191601078930677 OK 12 11 0.39056299999999999 0.33041599999999999 0.14938000000000001 0.23973700000000001 0.156386 0 0.15082599999999999 0.17402999999999999 0.14938000000000001 0.0093039999999999998 0.0091900000000000003 0.008286 0.11156499999999998 0.13392599999999991 0.11145200000000002 0.0054620000000000007 0.0060630000000000007 0.005588000000000001 0.0013269999999999998 0.0015070000000000001 0.0013319999999999999 7.6191589369505683 7.6191589369505683 7.6191589369505683 0.00040130352017864884 0.00040130352017864884 0.00040130352017864884 1 1 1 Converged Converged Converged OK OK OK 114 114 114 114 114 114 6 6 6 0 0 0 0 1 0 0 1
81 81 uniform 1 0 816 0 0.001 1.3227926450639056 0.13310116471611078 0.11697155960158567 -0.59524932468472114 0.28700846854406104 -0.61864363660503829 0 0.77402715152713486 2.0147248436096676 OK 13 12 0.28417100000000001 0.28739100000000001 0.075374999999999998 0.20771500000000001 0.207376 0 0.076455999999999996 0.080015000000000003 0.075374999999999998 0.0097640000000000001 0.0094859999999999996 0.0092069999999999999 0.048317999999999993 0.05206199999999999 0.048032999999999999 0.002395 0.0025760000000000006 0.0026680000000000002 0.00069399999999999996 0.00078299999999999995 0.00074899999999999999 2.0147313609646909 2.0147313609646909 2.0147313609646909 0.00063529316787254528 0.00063529316787254528 0.00063529316787254528 1 1 1 Converged Converged Converged OK OK OK 59 59 59 59 59 59 5 5 5 0 0 0 0 0 1 0 0
81 81 uniform 1 7 816 1 0.001 1.3227926450639056 0.13310116471611078 0.11697155960158567 -0.59524932468472114 0.28700846854406104 -0.60440362065354092 0 0.75978713557563737 2.1438405571276964 OK 13 12 0.28293099999999999 0.226128 0.080096000000000001 0.20080999999999999 0.13141 0 0.082121 0.094717999999999997 0.080096000000000001 0.0085810000000000001 0.0087690000000000008 0.0080649999999999993 0.055892000000000004 0.068485999999999991 0.055488000000000037 0.0026480000000000006 0.0026910000000000002 0.0026640000000000001 0.00077999999999999999 0.00079100000000000004 0.00069000000000000008 2.143848156491865 2.143848156491865 2.143848156491865 0.0014526768956559812 0.0014526768956559812 0.0014526768956559812 1 1 1 Converged Converged Converged OK OK OK 66 66 66 66 66 66 6 6 6 0 0 0 0 1 0 0 1
81 81 uniform 1 15 816 2 0.001 1.3227926450639056 0.13310116471611078 0.11697155960158567 -0.59524932468472114 0.28700846854406104 -0.58812931670897239 0 0.74351283163106885 2.2676766032284714 OK 13 12 0.27932899999999999 0.22325200000000001 0.077841999999999995 0.19840099999999999 0.130611 0 0.080928 0.092641000000000001 0.077841999999999995 0.0085889999999999994 0.0087270000000000004 0.0079240000000000005 0.055655999999999997 0.067618999999999999 0.054411999999999995 0.002728 0.0027179999999999999 0.0025139999999999997 0.00070600000000000003 0.00070200000000000004 0.00068599999999999998 2.2676611941869846 2.2676611941869846 2.2676611941869846 0.0015697944617955814 0.0015697944617955814 0.0015697944617955814 1 1 1 Converged Converged Converged OK OK OK 66 66 66 66 66 66 6 6 6 0 0 0 0 1 0 0 1
81 81 uniform 1 23 816 3 0.001 1.3227926450639056 0.13310116471611078 0.11697155960158567 -0.59524932468472114 0.28700846854406104 -0.57185501276440398 0 0.72723852768650055 2.3703378451809516 OK 13 12 0.29341800000000001 0.22501199999999999 0.085415000000000005 0.20524600000000001 0.12778700000000001 0 0.088172 0.097224999999999978 0.085415000000000005 0.0084880000000000008 0.0085299999999999994 0.0078410000000000007 0.06037399999999999 0.069521000000000013 0.059507000000000004 0.0032259999999999997 0.0030970000000000004 0.0028590000000000004 0.00086100000000000011 0.00087399999999999999 0.00086899999999999998 2.3703368234245947 2.3703368234245947 2.3703368234245947 0.00039048840846905397 0.00039048840846905397 0.00039048840846905397 1 1 1 Converged Converged Converged OK OK OK 74 74 74 74 74 74 6 6 6 0 0 0 0 1 0 0 1
81 81 uniform 1 0 816 0 0.0001 1.3227926450639056 0.13310116471611078 0.11697155960158567 -0.59524932468472114 0.28700846854406104 -0.61864363660503829 0 0.77402715152713486 2.0147248436096676 OK 13 12 0.32761299999999999 0.32158599999999998 0.11051 0.21652199999999999 0.212198 0 0.111091 0.10938799999999999 0.11051 0.009639 0.0093539999999999995 0.009214 0.071080000000000032 0.071141999999999997 0.071275000000000019 0.0040739999999999995 0.0038500000000000001 0.0042060000000000005 0.001181 0.001204 0.0011800000000000001 2.0147243247703388 2.0147243247703388 2.0147243247703388 0.00016601322202950921 0.00016601322202950921 0.00016601322202950921 1 1 1 Converged Converged Converged OK OK OK 91 91 91 91 91 91 5 5 5 0 0 0 0 0 1 0 0
81 81 uniform 1 7 816 1 0.0001 1.3227926450639056 0.13310116471611078 0.11697155960158567 -0.59524932468472114 0.28700846854406104 -0.60440362065354092 0 0.75978713557563737 2.1438405571276964 OK 13 12 0.31540099999999999 0.26380599999999998 0.112319 0.20116100000000001 0.13089700000000001 0 0.11423999999999998 0.13290899999999997 0.112319 0.0084849999999999995 0.0086569999999999998 0.008038 0.079471000000000042 0.097620999999999958 0.078643999999999964 0.0043370000000000006 0.0048999999999999998 0.0044479999999999997 0.0011430000000000001 0.0011770000000000001 0.0012109999999999998 2.1438400096073025 2.1438400096073025 2.1438400096073025 0.00016888428543491272 0.00016888428543491272 0.00016888428543491272 1 1 1 Converged Converged Converged OK OK OK 98 98 98 98 98 98 6 6 6 0 0 0 0 1 0 0 1
81 81 uniform 1 15 816 2 0.0001 1.3227926450639056 0.13310116471611078 0.11697155960158567 -0.59524932468472114 0.28700846854406104 -0.58812931670897239 0 0.74351283163106885 2.2676766032284714 OK 13 12 0.31023200000000001 0.26133400000000001 0.108833 0.20024500000000001 0.13189600000000001 0 0.109987 0.129438 0.108833 0.008378 0.0085660000000000007 0.0079369999999999996 0.077615000000000003 0.095787999999999984 0.077237999999999959 0.0040090000000000004 0.004548 0.0041769999999999993 0.0011050000000000001 0.0011699999999999998 0.0011709999999999999 2.2676759640766484 2.2676759640766484 2.2676759640766484 0.00018266231504653136 0.00018266231504653136 0.00018266231504653136 1 1 1 Converged Converged Converged OK OK OK 98 98 98 98 98 98 6 6 6 0 0 0 0 1 0 0 1
81 81 uniform 1 23 816 3 0.0001 1.3227926450639056 0.13310116471611078 0.11697155960158567 -0.59524932468472114 0.28700846854406104 -0.57185501276440398 0 0.72723852768650055 2.3703378451809516 OK 13 12 0.33281300000000003 0.272559 0.120224 0.205788 0.13084899999999999 0 0.12702500000000003 0.14171 0.120224 0.0085199999999999998 0.008397 0.0079609999999999993 0.089384999999999964 0.10358199999999994 0.083785999999999999 0.0045570000000000003 0.005019 0.0046479999999999994 0.0011680000000000002 0.001114 0.001175 2.3703368268789884 2.3703368268789884 2.3703368268789884 0.00013206938675571606 0.00013206938675571606 0.00013206938675571606 1 1 1 Converged Converged Converged OK OK OK 106 106 106 106 106 106 6 6 6 0 0 0 0 1 0 0 1
81 81 uniform 2 0 817 0 0.001 1.3227926450639056 0.13310116471611078 0.11697155960158567 -0.70513968265573568 0.18779704500256433 -0.72853399457605283 0 0.88391750949814929 1.5187883699037212 OK 13 12 0.264237 0.261131 0.058250999999999997 0.20414399999999999 0.20191300000000001 0 0.060093000000000008 0.059217999999999993 0.058250999999999997 0.0092639999999999997 0.0090039999999999999 0.0089040000000000005 0.034353000000000009 0.034328999999999991 0.033840999999999989 0.002258 0.0021989999999999996 0.0021539999999999997 0.00064600000000000009 0.00061400000000000007 0.00053800000000000007 1.5187883494478969 1.5187883494478969 1.5187883494478969 0.00044061553658847043 0.00044061553658847043 0.00044061553658847043 1 1 1 Converged Converged Converged OK OK OK 45 45 45 45 45 45 3 3 3 0 0 0 0 0 1 0 0
81 81 uniform 2 7 817 1 0.001 1.3227926450639056 0.13310116471611078 0.11697155960158567 -0.70513968265573568 0.18779704500256433 -0.71429397862455546 0 0.86967749354665203 1.5217410816689041 OK 13 12 0.28122000000000003 0.20200099999999999 0.054739999999999997 0.224609 0.14153399999999999 0 0.056611000000000022 0.060466999999999993 0.054739999999999997 0.0083510000000000008 0.0084519999999999994 0.0077860000000000004 0.034066999999999993 0.037946000000000001 0.033393999999999986 0.002251 0.0022079999999999999 0.0021930000000000001 0.00055100000000000006 0.00060800000000000003 0.00052700000000000002 1.5217410632907524 1.5217410632907524 1.5217410632907524 0.00044268765737272146 0.00044268765737272146 0.00044268765737272146 1 1 1 Converged Converged Converged OK OK OK 45 45 45 45 45 45 3 3 3 0 0 0 0 1 0 0 1
81 81 uniform 2 15 817 2 0.001 1.3227926450639056 0.13310116471611078 0.11697155960158567 -0.70513968265573568 0.18779704500256433 -0.69801967467998693 0 0.8534031896020835 1.5275255259745244 OK 13 12 0.28211199999999997 0.19913700000000001 0.053758 0.22628300000000001 0.13971900000000001 0 0.055828999999999962 0.059417999999999999 0.053758 0.0082220000000000001 0.0084340000000000005 0.0077549999999999997 0.033399000000000005 0.036938999999999993 0.032417999999999995 0.0023780000000000003 0.0023049999999999998 0.0022789999999999998 0.00059800000000000001 0.00056899999999999995 0.000531 1.5275255055844879 1.5275255055844879 1.5275255055844879 0.00044703377258761498 0.00044703377258761498 0.00044703377258761498 1 1 1 Converged Converged Converged OK OK OK 45 45 45 45 45 45 3 3 3 0 0 0 0 1 0 0 1
81 81 uniform 2 23 817 3 0.001 1.3227926450639056 0.13310116471611078 0.11697155960158567 -0.70513968265573568 0.18779704500256433 -0.68174537073541852 0 0.83712888565751498 1.638414436039654 OK 14 13 0.32494600000000001 0.249276 0.088868000000000003 0.233873 0.15429300000000001 0 0.091073000000000015 0.094982999999999984 0.088868000000000003 0.011653999999999999 0.011821 0.010727 0.059319999999999991 0.063278000000000015 0.058484999999999988 0.0028140000000000001 0.0028509999999999998 0.0028349999999999998 0.0007490000000000001 0.00073600000000000011 0.00074499999999999989 1.6384360119591985 1.6384360119591985 1.6384360119591985 0.0014327312348116242 0.0014327312348116242 0.0014327312348116242 1 1 1 Converged Converged Converged OK OK OK 66 66 66 66 66 66 6 6 6 0 0 0 0 1 0 0 1
81 81 uniform 2 0 817 0 0.0001 1.3227926450639056 0.13310116471611078 0.11697155960158567 -0.70513968265573568 0.18779704500256433 -0.72853399457605283 0 0.88391750949814929 1.5187883699037212 OK 13 12 0.27848299999999998 0.29460399999999998 0.076129000000000002 0.20075299999999999 0.21060899999999999 0 0.077729999999999994 0.083994999999999986 0.076129000000000002 0.0093659999999999993 0.0091059999999999995 0.0089969999999999998 0.046491000000000011 0.050986999999999991 0.045904 0.0031019999999999997 0.0035050000000000003 0.0030370000000000002 0.00075100000000000004 0.00088099999999999995 0.00077300000000000003 1.5187883381508089 1.5187883381508089 1.5187883381508089 0.00013232734358907934 0.00013232734358907934 0.00013232734358907934 1 1 1 Converged Converged Converged OK OK OK 61 61 61 61 61 61 3 3 3 0 0 0 0 0 1 0 0
81 81 uniform 2 7 817 1 0.0001 1.3227926450639056 0.13310116471611078 0.11697155960158567 -0.70513968265573568 0.18779704500256433 -0.71429397862455546 0 0.86967749354665203 1.5217410816689041 OK 13 12 0.29949199999999998 0.22939799999999999 0.072548000000000001 0.225548 0.14663599999999999 0 0.073943999999999982 0.082762000000000002 0.072548000000000001 0.0083979999999999992 0.0083700000000000007 0.007803 0.046436000000000012 0.055424999999999995 0.046294999999999996 0.0031360000000000003 0.0031569999999999997 0.0030310000000000003 0.00071000000000000013 0.00076300000000000001 0.00068600000000000009 1.5217410527069393 1.5217410527069393 1.5217410527069393 0.00014134804344895661 0.00014134804344895661 0.00014134804344895661 1 1 1 Converged Converged Converged OK OK OK 61 61 61 61 61 61 3 3 3 0 0 0 0 1 0 0 1
81 81 uniform 2 15 817 2 0.0001 1.3227926450639056 0.13310116471611078 0.11697155960158567 -0.70513968265573568 0.18779704500256433 -0.69801967467998693 0 0.8534031896020835 1.5275255259745244 OK 13 12 0.323826 0.23913200000000001 0.087524000000000005 0.232601 0.138733 0 0.091225000000000001 0.10039900000000002 0.087524000000000005 0.0083890000000000006 0.0084150000000000006 0.0077530000000000003 0.057375999999999969 0.066812000000000024 0.055589000000000006 0.004163 0.004052 0.0039779999999999998 0.00087600000000000004 0.00088900000000000003 0.00092099999999999994 1.5275254959658713 1.5275254959658713 1.5275254959658713 7.1607955589546546e-05 7.1607955589546546e-05 7.1607955589546546e-05 1 1 1 Converged Converged Converged OK OK OK 77 77 77 77 77 77 3 3 3 0 0 0 0 1 0 0 1
81 81 uniform 2 23 817 3 0.0001 1.3227926450639056 0.13310116471611078 0.11697155960158567 -0.70513968265573568 0.18779704500256433 -0.68174537073541852 0 0.83712888565751498 1.638414436039654 OK 14 13 0.39450600000000002 0.308309 0.139603 0.24432799999999999 0.15437999999999999 0 0.15017800000000003 0.15392900000000001 0.139603 0.011953 0.01205 0.01093 0.099838000000000024 0.10632400000000004 0.09453499999999998 0.0061090000000000007 0.0055190000000000005 0.0051720000000000004 0.001359 0.001364 0.001237 1.638414742622005 1.638414742622005 1.638414742622005 0.00012361661229999765 0.00012361661229999765 0.00012361661229999765 1 1 1 Converged Converged Converged OK OK OK 114 114 114 114 114 114 6 6 6 0 0 0 0 1 0 0 1
81 81 uniform 3 0 818 0 0.001 1.3227926450639056 0.13310116471611078 0.11697155960158567 0.066272659484764754 -0.32620222163187523 0.042878347564447618 0 0.1125051673576489 3.0213110554122569 OK 13 12 0.29858099999999999 0.30052899999999999 0.090712000000000001 0.206534 0.20747599999999999 0 0.09204699999999999 0.093052999999999997 0.090712000000000001 0.0098110000000000003 0.0099679999999999994 0.0094929999999999997 0.060430999999999992 0.060809000000000002 0.060232999999999981 0.0032339999999999999 0.0036210000000000001 0.0031320000000000002 0.00071400000000000001 0.00077999999999999999 0.00067900000000000002 3.0213102328270711 3.0213102328270711 3.0213102328270711 0.001630038800981049 0.001630038800981049 0.001630038800981049 1 1 1 Converged Converged Converged OK OK OK 60 60 60 60 60 60 4 4 4 0 0 0 0 0 1 0 0
81 81 uniform 3 7 818 1 0.001 1.3227926450639056 0.13310116471611078 0.11697155960158567 0.066272659484764754 -0.32620222163187523 0.057118363515945007 0 0.098265151406151496 3.0801041698900926 OK 13 12 0.28084599999999998 0.220803 0.082083000000000003 0.19705900000000001 0.12517300000000001 0 0.083786999999999973 0.095629999999999993 0.082083000000000003 0.0091889999999999993 0.0092160000000000002 0.0084550000000000007 0.057717999999999992 0.069466999999999987 0.057202999999999983 0.0027299999999999998 0.0028779999999999999 0.002728 0.00069499999999999998 0.00077099999999999998 0.00070699999999999995 3.0801041864191587 3.0801041864191587 3.0801041864191587 0.0017200912533946698 0.0017200912533946698 0.0017200912533946698 1 1 1 Converged Converged Converged OK OK OK 59 59 59 59 59 59 5 5 5 0 0 0 0 1 0 0 1
81 81 uniform 3 15 818 2 0.001 1.3227926450639056 0.13310116471611078 0.11697155960158567 0.066272659484764754 -0.32620222163187523 0.073392667460513442 0 0.081990847461583069 3.1464643387326463 OK 13 12 0.27623799999999998 0.21857399999999999 0.078126000000000001 0.196025 0.12896199999999999 0 0.080212999999999979 0.089611999999999997 0.078126000000000001 0.0088149999999999999 0.0087779999999999993 0.0078250000000000004 0.054684000000000003 0.064149000000000012 0.05435099999999999 0.0026909999999999998 0.0027720000000000002 0.0025730000000000002 0.00082799999999999996 0.00070299999999999996 0.00068899999999999994 3.1464642611567957 3.1464642611567957 3.1464642611567957 0.0012678634524863467 0.0012678634524863467 0.0012678634524863467 1 1 1 Converged Converged Converged OK OK OK 59 59 59 59 59 59 5 5 5 0 0 0 0 1 0 0 1
81 81 uniform 3 23 818 3 0.001 1.3227926450639056 0.13310116471611078 0.11697155960158567 0.066272659484764754 -0.32620222163187523 0.089666971405081897 0 0.065716543517014614 3.2116315587210345 OK 13 12 0.27257300000000001 0.22351399999999999 0.075882000000000005 0.19445499999999999 0.12720100000000001 0 0.078118000000000021 0.096312999999999982 0.075882000000000005 0.0086569999999999998 0.0086759999999999997 0.0079109999999999996 0.052874000000000004 0.070990000000000039 0.052109000000000016 0.0027159999999999997 0.0027909999999999996 0.0025339999999999998 0.00070200000000000004 0.00068599999999999998 0.00061600000000000001 3.2116314681851232 3.2116314681851232 3.2116314681851232 0.0011357979340203496 0.0011357979340203496 0.0011357979340203496 1 1 1 Converged Converged Converged OK OK OK 59 59 59 59 59 59 5 5 5 0 0 0 0 1 0 0 1
81 81 uniform 3 0 818 0 0.0001 1.3227926450639056 0.13310116471611078 0.11697155960158567 0.066272659484764754 -0.32620222163187523 0.042878347564447618 0 0.1125051673576489 3.0213110554122569 OK 13 12 0.31889800000000001 0.31378200000000001 0.108615 0.20730599999999999 0.204653 0 0.11159200000000002 0.109129 0.108615 0.0098530000000000006 0.0096559999999999997 0.0092460000000000007 0.071926000000000004 0.070862999999999982 0.070614999999999983 0.0045229999999999992 0.0041400000000000005 0.0044119999999999993 0.0010089999999999999 0.00098999999999999999 0.00098799999999999995 3.0213108944923595 3.0213108944923595 3.0213108944923595 1.3727389721541674e-05 1.3727389721541674e-05 1.3727389721541674e-05 1 1 1 Converged Converged Converged OK OK OK 76 76 76 76 76 76 4 4 4 0 0 0 0 0 1 0 0
81 81 uniform 3 7 818 1 0.0001 1.3227926450639056 0.13310116471611078 0.11697155960158567 0.066272659484764754 -0.32620222163187523 0.057118363515945007 0 0.098265151406151496 3.0801041698900926 OK 13 12 0.30721300000000001 0.24387500000000001 0.103473 0.201852 0.12402199999999999 0 0.10536100000000001 0.11985300000000002 0.103473 0.0094669999999999997 0.0091710000000000003 0.008515 0.07370800000000001 0.088832000000000008 0.073508999999999991 0.0038679999999999999 0.0038189999999999999 0.0036450000000000007 0.00090499999999999999 0.0008830000000000001 0.00088499999999999994 3.0801041497695154 3.0801041497695154 3.0801041497695154 0.00013900029466637075 0.00013900029466637075 0.00013900029466637075 1 1 1 Converged Converged Converged OK OK OK 75 75 75 75 75 75 5 5 5 0 0 0 0 1 0 0 1
81 81 uniform 3 15 818 2 0.0001 1.3227926450639056 0.13310116471611078 0.11697155960158567 0.066272659484764754 -0.32620222163187523 0.073392667460513442 0 0.081990847461583069 3.1464643387326463 OK 13 12 0.29813699999999999 0.2397 0.098975999999999995 0.19675300000000001 0.123048 0 0.10138399999999997 0.11665199999999999 0.098975999999999995 0.0087270000000000004 0.0086400000000000001 0.0078989999999999998 0.07068900000000003 0.086013999999999938 0.070154999999999981 0.0036939999999999998 0.0038760000000000001 0.0034220000000000001 0.00092400000000000002 0.00087499999999999991 0.00086200000000000003 3.1464642538400165 3.1464642538400165 3.1464642538400165 0.00026724010780619244 0.00026724010780619244 0.00026724010780619244 1 1 1 Converged Converged Converged OK OK OK 75 75 75 75 75 75 5 5 5 0 0 0 0 1 0 0 1
81 81 uniform 3 23 818 3 0.0001 1.3227926450639056 0.13310116471611078 0.11697155960158567 0.066272659484764754 -0.32620222163187523 0.089666971405081897 0 0.065716543517014614 3.2116315587210345 OK 13 12 0.30420199999999997 0.26188899999999998 0.109303 0.19686600000000001 0.12611700000000001 0 0.10733599999999996 0.13577199999999998 0.109303 0.0083949999999999997 0.012222 0.0079340000000000001 0.074522999999999992 0.098670000000000008 0.077719999999999956 0.0038830000000000002 0.0042250000000000005 0.0038810000000000003 0.00097999999999999997 0.00098900000000000008 0.00094899999999999987 3.211631414019533 3.211631414019533 3.211631414019533 0.00018929494915986535 0.00018929494915986535 0.00018929494915986535 1 1 1 Converged Converged Converged OK OK OK 83 83 83 83 83 83 5 5 5 0 0 0 0 1 0 0 1
81 81 uniform 4 0 819 0 0.001 1.3227926450639056 0.13310116471611078 0.11697155960158567 -0.73652529228543362 -0.290317592210108 -0.75991960420575078 0 0.91530311912784734 1.4330518007612629 OK 13 12 0.250664 0.25025900000000001 0.057591000000000003 0.19227900000000001 0.19214999999999999 0 0.058384999999999992 0.058109000000000022 0.057591000000000003 0.0088679999999999991 0.0089180000000000006 0.0086420000000000004 0.033578000000000004 0.033593999999999999 0.033362000000000003 0.0021710000000000002 0.0021700000000000001 0.0022030000000000001 0.00055899999999999993 0.00059700000000000009 0.00057200000000000003 1.4330517800677414 1.4330517800677414 1.4330517800677414 0.00028219623851290031 0.00028219623851290031 0.00028219623851290031 1 1 1 Converged Converged Converged OK OK OK 45 45 45 45 45 45 3 3 3 0 0 0 0 0 1 0 0
81 81 uniform 4 7 819 1 0.001 1.3227926450639056 0.13310116471611078 0.11697155960158567 -0.73652529228543362 -0.290317592210108 -0.7456795882542534 0 0.90106310317634986 1.4444274412736802 OK 13 12 0.25069900000000001 0.18240899999999999 0.052900000000000003 0.19584799999999999 0.123782 0 0.054851000000000011 0.058626999999999985 0.052900000000000003 0.0083090000000000004 0.0082590000000000007 0.0076839999999999999 0.032343000000000004 0.036552000000000001 0.031734000000000005 0.0022790000000000002 0.002212 0.0021259999999999999 0.00060300000000000002 0.00056599999999999999 0.00055800000000000001 1.4444274208028034 1.4444274208028034 1.4444274208028034 0.00028958853202274944 0.00028958853202274944 0.00028958853202274944 1 1 1 Converged Converged Converged OK OK OK 45 45 45 45 45 45 3 3 3 0 0 0 0 1 0 0 1
81 81 uniform 4 15 819 2 0.001 1.3227926450639056 0.13310116471611078 0.11697155960158567 -0.73652529228543362 -0.290317592210108 -0.72940528430968488 0 0.88478879923178133 1.4599157695114784 OK 13 12 0.24802399999999999 0.18527099999999999 0.053177000000000002 0.193192 0.12640100000000001 0 0.054831999999999992 0.058869999999999978 0.053177000000000002 0.0081049999999999994 0.0083429999999999997 0.0077710000000000001 0.032780999999999984 0.036555000000000018 0.031959000000000008 0.0022880000000000001 0.0022570000000000003 0.002196 0.00055800000000000001 0.00060700000000000012 0.000531 1.4599157521559758 1.4599157521559758 1.4599157521559758 0.00029993636833856819 0.00029993636833856819 0.00029993636833856819 1 1 1 Converged Converged Converged OK OK OK 45 45 45 45 45 45 3 3 3 0 0 0 0 1 0 0 1
81 81 uniform 4 23 819 3 0.001 1.3227926450639056 0.13310116471611078 0.11697155960158567 -0.73652529228543362 -0.290317592210108 -0.71313098036511646 0 0.86851449528721303 1.4788596339209641 OK 13 12 0.247747 0.181779 0.053886000000000003 0.192409 0.122478 0 0.055337999999999998 0.059300999999999993 0.053886000000000003 0.0081689999999999992 0.0082579999999999997 0.0076750000000000004 0.033198000000000005 0.037104999999999985 0.032736999999999995 0.0022290000000000001 0.0022669999999999999 0.0022000000000000001 0.00057700000000000004 0.00055199999999999997 0.000544 1.4788596160343559 1.4788596160343559 1.4788596160343559 0.00031302080683244158 0.00031302080683244158 0.00031302080683244158 1 1 1 Converged Converged Converged OK OK OK 45 45 45 45 45 45 3 3 3 0 0 0 0 1 0 0 1
81 81 uniform 4 0 819 0 0.0001 1.3227926450639056 0.13310116471611078 0.11697155960158567 -0.73652529228543362 -0.290317592210108 -0.75991960420575078 0 0.91530311912784734 1.4330518007612629 OK 13 12 0.26887 0.27222800000000003 0.077710000000000001 0.19008700000000001 0.19190499999999999 0 0.078782999999999992 0.080323000000000033 0.077710000000000001 0.0089560000000000004 0.0090379999999999992 0.0085640000000000004 0.048127000000000003 0.048978000000000015 0.047721999999999994 0.0031329999999999999 0.0035009999999999998 0.0031129999999999999 0.00069500000000000009 0.00070100000000000013 0.00067100000000000016 1.4330517836061285 1.4330517836061285 1.4330517836061285 0.00012028155190289517 0.00012028155190289517 0.00012028155190289517 1 1 1 Converged Converged Converged OK OK OK 61 61 61 61 61 61 3 3 3 0 0 0 0 0 1 0 0
81 81 uniform 4 7 819 1 0.0001 1.3227926450639056 0.13310116471611078 0.11697155960158567 -0.73652529228543362 -0.290317592210108 -0.7456795882542534 0 0.90106310317634986 1.4444274412736802 OK 13 12 0.26443100000000003 0.20905399999999999 0.070717000000000002 0.192106 0.123209 0 0.072325000000000028 0.085844999999999991 0.070717000000000002 0.0082319999999999997 0.0084440000000000001 0.007698 0.045276999999999998 0.05830599999999999 0.044897000000000006 0.0030850000000000001 0.0032109999999999999 0.0029710000000000001 0.00066900000000000011 0.00066700000000000006 0.00065899999999999997 1.4444274242880812 1.4444274242880812 1.4444274242880812 0.00012978664324165794 0.00012978664324165794 0.00012978664324165794 1 1 1 Converged Converged Converged OK OK OK 61 61 61 61 61 61 3 3 3 0 0 0 0 1 0 0 1
81 81 uniform 4 15 819 2 0.0001 1.3227926450639056 0.13310116471611078 0.11697155960158567 -0.73652529228543362 -0.290317592210108 -0.72940528430968488 0 0.88478879923178133 1.4599157695114784 OK 13 12 0.26672899999999999 0.21057100000000001 0.072122000000000006 0.188997 0.124762 0 0.077731999999999996 0.08580900000000001 0.072122000000000006 0.0082369999999999995 0.0083879999999999996 0.0077219999999999997 0.050765999999999978 0.058976999999999988 0.046268999999999984 0.0030929999999999998 0.003117 0.0030849999999999996 0.00070200000000000004 0.00070800000000000008 0.00067500000000000004 1.4599157555806805 1.4599157555806805 1.4599157555806805 0.0001426547912641581 0.0001426547912641581 0.0001426547912641581 1 1 1 Converged Converged Converged OK OK OK 61 61 61 61 61 61 3 3 3 0 0 0 0 1 0 0 1
81 81 uniform 4 23 819 3 0.0001 1.3227926450639056 0.13310116471611078 0.11697155960158567 -0.73652529228543362 -0.290317592210108 -0.71313098036511646 0 0.86851449528721303 1.4788596339209641 OK 13 12 0.28501500000000002 0.228684 0.090670000000000001 0.1925 0.124517 0 0.092515000000000014 0.104167 0.090670000000000001 0.0082129999999999998 0.0082620000000000002 0.0076229999999999996 0.059535000000000005 0.071292000000000022 0.058771000000000011 0.003947 0.003921 0.0038970000000000003 0.00085100000000000009 0.00083299999999999997 0.00080000000000000004 1.478859619769457 1.478859619769457 1.478859619769457 7.5923552998094038e-05 7.5923552998094038e-05 7.5923552998094038e-05 1 1 1 Converged Converged Converged OK OK OK 77 77 77 77 77 77 3 3 3 0 0 0 0 1 0 0 1
82 82 linear 0 0 820 0 0.001 0.44280210839663364 0.0011433724215168545 0.081536265851757508 -0.013942947836168383 0.0095815752357935637 -0.030250201006519886 0.5 0.030755910511149221 24.848326110046635 OK 15 14 0.60200100000000001 0.60028499999999996 0.26411000000000001 0.33234900000000001 0.32949000000000001 0 0.269652 0.27079499999999995 0.26411000000000001 0.011376000000000001 0.012015 0.011629 0.23114000000000001 0.231155 0.22560800000000009 0.0038399999999999997 0.0040379999999999999 0.0039629999999999995 0.0010250000000000001 0.001111 0.0011830000000000002 24.848322785395307 24.848322785395307 24.848322785395307 0.020127254438079098 0.020127254438079098 0.020127254438079098 1 1 1 Converged Converged Converged OK OK OK 88 88 88 88 88 88 8 8 8 0 0 0 0 0 1 0 0
82 82 linear 0 7 820 1 0.001 0.44280210839663364 0.0011433724215168545 0.081536265851757508 -0.013942947836168383 0.0095815752357935637 -0.020324046902827665 0.5 0.020829756407457 25.574264879394853 OK 14 13 0.665856 0.485626 0.31700499999999998 0.33637600000000001 0.16258400000000001 0 0.32948 0.323042 0.31700499999999998 0.012116 0.010260999999999999 0.0098729999999999998 0.288323 0.2838230000000001 0.27966100000000005 0.0065020000000000008 0.0067060000000000002 0.0059699999999999996 0.00096899999999999992 0.00096699999999999998 0.00099799999999999997 25.574624026785376 25.574624026785376 25.574624026785376 0.010902703839125942 0.010902703839125942 0.010902703839125942 1 1 1 Converged Converged Converged OK OK OK 114 114 114 114 114 114 6 6 6 0 0 0 0 1 0 0 1
82 82 linear 0 15 820 2 0.001 0.44280210839663364 0.0011433724215168545 0.081536265851757508 -0.013942947836168383 0.0095815752357935637 -0.0089798707843222747 0.5 0.0094855802889516096 26.050303301962238 OK 13 12 0.63563800000000004 0.465005 0.30981500000000001 0.31186700000000001 0.14464099999999999 0 0.32377100000000003 0.32036399999999998 0.30981500000000001 0.010041 0.0097879999999999998 0.0090939999999999997 0.28547600000000012 0.28346500000000008 0.27521200000000007 0.0067609999999999996 0.0059749999999999994 0.0056410000000000002 0.00094500000000000009 0.0010460000000000001 0.00096699999999999998 26.05049834445126 26.05049834445126 26.05049834445126 0.010849812285390866 0.010849812285390866 0.010849812285390866 1 1 1 Converged Converged Converged OK OK OK 114 114 114 114 114 114 6 6 6 0 0 0 0 1 0 0 1
82 82 linear 0 23 820 3 0.001 0.44280210839663364 0.0011433724215168545 0.081536265851757508 -0.013942947836168383 0.0095815752357935637 0.0023643053341831175 0.5 -0.0018585958295537818 26.157444277130232 OK 13 12 0.66110199999999997 0.47639999999999999 0.31371399999999999 0.32663199999999998 0.156607 0 0.33446999999999999 0.31979299999999999 0.31371399999999999 0.0095099999999999994 0.0095969999999999996 0.0087760000000000008 0.29736799999999985 0.28330799999999989 0.27934999999999993 0.0062909999999999997 0.0061750000000000008 0.0054549999999999998 0.0010920000000000001 0.001145 0.0010479999999999999 26.157405735587368 26.157405735587368 26.157405735587368 0.010791820073631891 0.010791820073631891 0.010791820073631891 1 1 1 Converged Converged Converged OK OK OK 114 114 114 114 114 114 6 6 6 0 0 0 0 1 0 0 1
82 82 linear 0 0 820 0 0.0001 0.44280210839663364 0.0011433724215168545 0.081536265851757508 -0.013942947836168383 0.0095815752357935637 -0.030250201006519886 0.5 0.030755910511149221 24.848326110046635 OK 15 14 0.73830799999999996 0.71878699999999995 0.38391700000000001 0.33457700000000001 0.33198 0 0.40373099999999995 0.38680699999999996 0.38391700000000001 0.01285 0.011455999999999999 0.011566999999999999 0.34763899999999986 0.33236100000000024 0.3294189999999998 0.006762999999999999 0.0074080000000000014 0.0069830000000000005 0.001629 0.0016789999999999999 0.0017499999999999998 24.84843461632779 24.84843461632779 24.84843461632779 0.0023702736253721356 0.0023702736253721356 0.0023702736253721356 1 1 1 Converged Converged Converged OK OK OK 136 136 136 136 136 136 8 8 8 0 0 0 0 0 1 0 0
82 82 linear 0 7 820 1 0.0001 0.44280210839663364 0.0011433724215168545 0.081536265851757508 -0.013942947836168383 0.0095815752357935637 -0.020324046902827665 0.5 0.020829756407457 25.574264879394853 OK 14 13 0.85016000000000003 0.68628500000000003 0.51358199999999998 0.32203500000000002 0.164961 0 0.52812499999999996 0.52132400000000001 0.51358199999999998 0.01018 0.010237 0.0096849999999999992 0.46534099999999984 0.45601299999999978 0.45209300000000024 0.015568000000000002 0.017972000000000002 0.016219000000000001 0.0013439999999999997 0.0014180000000000002 0.0014090000000000001 25.574464464268281 25.574464464268281 25.574464464268281 0.0025279693921783533 0.0025279693921783533 0.0025279693921783533 1 1 1 Converged Converged Converged OK OK OK 194 194 194 194 194 194 6 6 6 0 0 0 0 1 0 0 1
82 82 linear 0 15 820 2 0.0001 0.44280210839663364 0.0011433724215168545 0.081536265851757508 -0.013942947836168383 0.0095815752357935637 -0.0089798707843222747 0.5 0.0094855802889516096 26.050303301962238 OK 13 12 0.82554799999999995 0.66226200000000002 0.49855899999999997 0.30839499999999997 0.15041399999999999 0 0.51715299999999997 0.51184800000000008 0.49855899999999997 0.009783 0.0098549999999999992 0.0094000000000000004 0.45406800000000019 0.44840799999999986 0.44022399999999973 0.018963000000000001 0.018235000000000001 0.015733 0.0012770000000000001 0.0012669999999999999 0.0012310000000000001 26.050352663516701 26.050352663516701 26.050352663516701 0.0025309564497923696 0.0025309564497923696 0.0025309564497923696 1 1 1 Converged Converged Converged OK OK OK 194 194 194 194 194 194 6 6 6 0 0 0 0 1 0 0 1
82 82 linear 0 23 820 3 0.0001 0.44280210839663364 0.0011433724215168545 0.081536265851757508 -0.013942947836168383 0.0095815752357935637 0.0023643053341831175 0.5 -0.0018585958295537818 26.157444277130232 OK 13 12 0.846495 0.68084900000000004 0.50830200000000003 0.32561600000000002 0.16232099999999999 0 0.52087899999999998 0.5185280000000001 0.50830200000000003 0.0097249999999999993 0.010012999999999999 0.0089490000000000004 0.46076599999999979 0.45349299999999976 0.45100499999999999 0.016043999999999999 0.019964000000000003 0.014738999999999999 0.0014879999999999997 0.0014820000000000002 0.0013980000000000002 26.157274015047943 26.157274015047943 26.157274015047943 0.002530481035954477 0.002530481035954477 0.002530481035954477 1 1 1 Converged Converged Converged OK OK OK 194 194 194 194 194 194 6 6 6 0 0 0 0 1 0 0 1
82 82 linear 1 0 821 0 0.001 0.44280210839663364 0.0011433724215168545 0.081536265851757508 1.8505619024828226 -0.16582853564966993 1.8342546493124712 0.5 -1.8337489398078419 1.1004671694148824 OK 11 10 0.39255099999999998 0.38997700000000002 0.108296 0.28143400000000002 0.280252 0 0.11111699999999997 0.10972500000000002 0.108296 0.0071929999999999997 0.0071250000000000003 0.006881 0.085398999999999975 0.083999000000000004 0.083599000000000021 0.0026830000000000001 0.0029620000000000002 0.0026090000000000002 0.00062399999999999999 0.000696 0.000571 1.1004672563965994 1.1004672563965994 1.1004672563965994 0.00038167838777056022 0.00038167838777056022 0.00038167838777056022 1 1 1 Converged Converged Converged OK OK OK 59 59 59 59 59 59 5 5 5 0 0 0 0 0 1 0 0
82 82 linear 1 7 821 1 0.001 0.44280210839663364 0.0011433724215168545 0.081536265851757508 1.8505619024828226 -0.16582853564966993 1.8441808034161633 0.5 -1.8436750939115341 1.0981222545029148 OK 11 10 0.39920699999999998 0.25862099999999999 0.11222600000000001 0.28270299999999998 0.13195699999999999 0 0.116504 0.126664 0.11222600000000001 0.0060150000000000004 0.0059760000000000004 0.0054299999999999999 0.092608999999999983 0.10283399999999998 0.090186999999999962 0.0030070000000000001 0.0030530000000000002 0.0027569999999999999 0.00061300000000000005 0.00070500000000000001 0.00061600000000000001 1.0981224827607461 1.0981224827607461 1.0981224827607461 0.00034294470383131872 0.00034294470383131872 0.00034294470383131872 1 1 1 Converged Converged Converged OK OK OK 66 66 66 66 66 66 6 6 6 0 0 0 0 1 0 0 1
82 82 linear 1 15 821 2 0.001 0.44280210839663364 0.0011433724215168545 0.081536265851757508 1.8505619024828226 -0.16582853564966993 1.8555249795346687 0.5 -1.8550192700300394 1.0950312057789744 OK 11 10 0.40012300000000001 0.248032 0.110043 0.28958800000000001 0.13228599999999999 0 0.11053499999999999 0.11574600000000002 0.110043 0.0058919999999999997 0.0059439999999999996 0.0054479999999999997 0.088021000000000002 0.092940999999999968 0.085613000000000009 0.0027909999999999996 0.0030400000000000002 0.0027060000000000001 0.00060599999999999998 0.00066200000000000005 0.00062999999999999992 1.0950315241870079 1.0950315241870079 1.0950315241870079 0.00037252804585329052 0.00037252804585329052 0.00037252804585329052 1 1 1 Converged Converged Converged OK OK OK 66 66 66 66 66 66 6 6 6 0 0 0 0 1 0 0 1
82 82 linear 1 23 821 3 0.001 0.44280210839663364 0.0011433724215168545 0.081536265851757508 1.8505619024828226 -0.16582853564966993 1.866869155653174 0.5 -1.8663634461485448 1.091443994528239 OK 11 10 0.36808600000000002 0.21937200000000001 0.089538000000000006 0.27346199999999998 0.121424 0 0.094624000000000041 0.097948000000000007 0.089538000000000006 0.0059420000000000002 0.0060590000000000001 0.0053870000000000003 0.071399000000000004 0.07555400000000001 0.068617999999999998 0.0031120000000000002 0.0027140000000000003 0.0024980000000000002 0.00080999999999999996 0.00057799999999999995 0.00058599999999999993 1.0914450190915546 1.0914450190915546 1.0914450190915546 0.00047033434481321177 0.00047033434481321177 0.00047033434481321177 1 1 1 Converged Converged Converged OK OK OK 66 66 66 66 66 66 6 6 6 0 0 0 0 1 0 0 1
82 82 linear 1 0 821 0 0.0001 0.44280210839663364 0.0011433724215168545 0.081536265851757508 1.8505619024828226 -0.16582853564966993 1.8342546493124712 0.5 -1.8337489398078419 1.1004671694148824 OK 11 10 0.40274399999999999 0.39560600000000001 0.117648 0.28278500000000001 0.27742600000000001 0 0.11995899999999998 0.11818000000000001 0.117648 0.0067559999999999999 0.0068440000000000003 0.0068100000000000001 0.092616000000000018 0.090858000000000036 0.090319000000000024 0.0029160000000000002 0.0030959999999999998 0.0030719999999999996 0.00080499999999999994 0.00077300000000000003 0.00072799999999999991 1.100467283893978 1.100467283893978 1.100467283893978 7.3789343675434256e-05 7.3789343675434256e-05 7.3789343675434256e-05 1 1 1 Converged Converged Converged OK OK OK 67 67 67 67 67 67 5 5 5 0 0 0 0 0 1 0 0
82 82 linear 1 7 821 1 0.0001 0.44280210839663364 0.0011433724215168545 0.081536265851757508 1.8505619024828226 -0.16582853564966993 1.8441808034161633 0.5 -1.8436750939115341 1.0981222545029148 OK 11 10 0.41403200000000001 0.261295 0.121492 0.288551 0.13089200000000001 0 0.12548100000000001 0.13040299999999999 0.121492 0.005921 0.006058 0.0055030000000000001 0.10026500000000002 0.10468600000000002 0.097320999999999977 0.0030989999999999998 0.0033620000000000004 0.0031360000000000003 0.00074799999999999997 0.00077399999999999995 0.00077000000000000007 1.0981224942908752 1.0981224942908752 1.0981224942908752 2.3189021210360008e-05 2.3189021210360008e-05 2.3189021210360008e-05 1 1 1 Converged Converged Converged OK OK OK 74 74 74 74 74 74 6 6 6 0 0 0 0 1 0 0 1
82 82 linear 1 15 821 2 0.0001 0.44280210839663364 0.0011433724215168545 0.081536265851757508 1.8505619024828226 -0.16582853564966993 1.8555249795346687 0.5 -1.8550192700300394 1.0950312057789744 OK 11 10 0.40669699999999998 0.26214799999999999 0.115208 0.28300799999999998 0.13248799999999999 0 0.12368899999999999 0.12966 0.115208 0.005914 0.0061190000000000003 0.005496 0.09955 0.10471799999999999 0.092285000000000006 0.0031179999999999997 0.0037390000000000001 0.0031229999999999999 0.00076200000000000009 0.00078399999999999997 0.00074799999999999997 1.0950315210188326 1.0950315210188326 1.0950315210188326 2.8328900765561675e-05 2.8328900765561675e-05 2.8328900765561675e-05 1 1 1 Converged Converged Converged OK OK OK 74 74 74 74 74 74 6 6 6 0 0 0 0 1 0 0 1
82 82 linear 1 23 821 3 0.0001 0.44280210839663364 0.0011433724215168545 0.081536265851757508 1.8505619024828226 -0.16582853564966993 1.866869155653174 0.5 -1.8663634461485448 1.091443994528239 OK 11 10 0.37835400000000002 0.23141200000000001 0.098335000000000006 0.27133800000000002 0.12266299999999999 0 0.107016 0.10874900000000001 0.098335000000000006 0.0058960000000000002 0.0059389999999999998 0.0054840000000000002 0.082298000000000024 0.084530999999999995 0.075731000000000021 0.0032899999999999995 0.0032960000000000003 0.0029399999999999999 0.0008389999999999999 0.00085800000000000004 0.00075099999999999993 1.0914450098022188 1.0914450098022188 1.0914450098022188 9.0559197853246466e-05 9.0559197853246466e-05 9.0559197853246466e-05 1 1 1 Converged Converged Converged OK OK OK 74 74 74 74 74 74 6 6 6 0 0 0 0 1 0 0 1
82 82 linear 2 0 822 0 0.001 0.44280210839663364 0.0011433724215168545 0.081536265851757508 1.8864792851353847 0.087877936740802479 1.8701720319650332 0.5 -1.869666322460404 1.0725119662266493 OK 12 11 0.5645 0.55865900000000002 0.160998 0.39840100000000001 0.39650800000000003 0 0.166099 0.16215099999999999 0.160998 0.010109999999999999 0.0098919999999999998 0.0096229999999999996 0.13059699999999999 0.12862599999999993 0.123668 0.0038349999999999999 0.0031830000000000001 0.0034479999999999997 0.00071500000000000003 0.00063699999999999998 0.0007319999999999999 1.0725103071871649 1.0725103071871649 1.0725103071871649 0.00035112515179009523 0.00035112515179009523 0.00035112515179009523 1 1 1 Converged Converged Converged OK OK OK 73 73 73 73 73 73 7 7 7 0 0 0 0 0 1 0 0
82 82 linear 2 7 822 1 0.001 0.44280210839663364 0.0011433724215168545 0.081536265851757508 1.8864792851353847 0.087877936740802479 1.8800981860687254 0.5 -1.8795924765640961 1.0685786671168203 OK 12 11 0.46311099999999999 0.31172800000000001 0.14563599999999999 0.312162 0.15837399999999999 0 0.150949 0.15335400000000002 0.14563599999999999 0.0088699999999999994 0.00877 0.0083859999999999994 0.11939699999999996 0.123115 0.11571200000000005 0.0040660000000000002 0.0034469999999999995 0.0038300000000000001 0.00085099999999999987 0.00075299999999999998 0.00079300000000000009 1.0685768408628975 1.0685768408628975 1.0685768408628975 0.00021734301303404368 0.00021734301303404368 0.00021734301303404368 1 1 1 Converged Converged Converged OK OK OK 81 81 81 81 81 81 7 7 7 0 0 0 0 1 0 0 1
82 82 linear 2 15 822 2 0.001 0.44280210839663364 0.0011433724215168545 0.081536265851757508 1.8864792851353847 0.087877936740802479 1.8914423621872307 0.5 -1.8909366526826015 1.0659037454426386 OK 12 11 0.47711500000000001 0.327963 0.132133 0.33610899999999999 0.18406800000000001 0 0.14100600000000002 0.143895 0.132133 0.0086709999999999999 0.0088669999999999999 0.0079970000000000006 0.11139800000000001 0.11367099999999999 0.10425599999999993 0.0038249999999999994 0.0042230000000000002 0.003542 0.00075999999999999993 0.000785 0.00077200000000000012 1.0659015556835267 1.0659015556835267 1.0659015556835267 0.00036916252513692198 0.00036916252513692198 0.00036916252513692198 1 1 1 Converged Converged Converged OK OK OK 81 81 81 81 81 81 7 7 7 0 0 0 0 1 0 0 1
82 82 linear 2 23 822 3 0.001 0.44280210839663364 0.0011433724215168545 0.081536265851757508 1.8864792851353847 0.087877936740802479 1.9027865383057361 0.5 -1.9022808288011068 1.0639944051202659 OK 12 11 0.41880000000000001 0.27853899999999998 0.119349 0.29591099999999998 0.148865 0 0.12288900000000003 0.12967399999999998 0.119349 0.0087010000000000004 0.0088699999999999994 0.0080829999999999999 0.09605200000000004 0.101297 0.093722000000000014 0.0030199999999999997 0.0036459999999999999 0.0029900000000000005 0.00077000000000000007 0.00099799999999999997 0.00079499999999999992 1.0639955448774905 1.0639955448774905 1.0639955448774905 0.00024210822753080081 0.00024210822753080081 0.00024210822753080081 1 1 1 Converged Converged Converged OK OK OK 74 74 74 74 74 74 6 6 6 0 0 0 0 1 0 0 1
82 82 linear 2 0 822 0 0.0001 0.44280210839663364 0.0011433724215168545 0.081536265851757508 1.8864792851353847 0.087877936740802479 1.8701720319650332 0.5 -1.869666322460404 1.0725119662266493 OK 12 11 0.61785000000000001 0.61733700000000002 0.212421 0.39631300000000003 0.39742100000000002 0 0.22153699999999998 0.219916 0.212421 0.0097859999999999996 0.0099900000000000006 0.0095790000000000007 0.18047999999999997 0.17690999999999996 0.17192000000000007 0.0043230000000000005 0.0053740000000000003 0.0044130000000000003 0.0010169999999999999 0.0011709999999999999 0.0010139999999999999 1.072505436792013 1.072505436792013 1.072505436792013 0.00010260639284499598 0.00010260639284499598 0.00010260639284499598 1 1 1 Converged Converged Converged OK OK OK 89 89 89 89 89 89 7 7 7 0 0 0 0 0 1 0 0
82 82 linear 2 7 822 1 0.0001 0.44280210839663364 0.0011433724215168545 0.081536265851757508 1.8864792851353847 0.087877936740802479 1.8800981860687254 0.5 -1.8795924765640961 1.0685786671168203 OK 12 11 0.48440100000000003 0.333063 0.16402 0.30995899999999998 0.15865299999999999 0 0.17444200000000004 0.17441000000000001 0.16402 0.0089929999999999993 0.0089969999999999998 0.0081790000000000005 0.14100400000000002 0.14138899999999999 0.13307300000000002 0.0045949999999999993 0.004437 0.0041489999999999999 0.001083 0.0010369999999999999 0.00097000000000000005 1.0685777623751493 1.0685777623751493 1.0685777623751493 1.6070839512984598e-05 1.6070839512984598e-05 1.6070839512984598e-05 1 1 1 Converged Converged Converged OK OK OK 89 89 89 89 89 89 7 7 7 0 0 0 0 1 0 0 1
82 82 linear 2 15 822 2 0.0001 0.44280210839663364 0.0011433724215168545 0.081536265851757508 1.8864792851353847 0.087877936740802479 1.8914423621872307 0.5 -1.8909366526826015 1.0659037454426386 OK 12 11 0.49802400000000002 0.34677400000000003 0.15048500000000001 0.336779 0.18450900000000001 0 0.16124500000000003 0.16226500000000002 0.15048500000000001 0.0086569999999999998 0.0088059999999999996 0.0080680000000000005 0.123656 0.12940099999999996 0.11993899999999998 0.0042779999999999997 0.0047139999999999994 0.0041749999999999999 0.00093100000000000019 0.00099600000000000014 0.000852 1.0659030175458939 1.0659030175458939 1.0659030175458939 1.0768238906325857e-05 1.0768238906325857e-05 1.0768238906325857e-05 1 1 1 Converged Converged Converged OK OK OK 89 89 89 89 89 89 7 7 7 0 0 0 0 1 0 0 1
82 82 linear 2 23 822 3 0.0001 0.44280210839663364 0.0011433724215168545 0.081536265851757508 1.8864792851353847 0.087877936740802479 1.9027865383057361 0.5 -1.9022808288011068 1.0639944051202659 OK 12 11 0.440444 0.29338199999999998 0.137463 0.29603499999999999 0.14652699999999999 0 0.14440900000000001 0.14685499999999999 0.137463 0.0088880000000000001 0.0088730000000000007 0.0081469999999999997 0.11361299999999996 0.11768999999999999 0.10990900000000001 0.0042979999999999997 0.0036449999999999998 0.0032759999999999998 0.001114 0.0010160000000000002 0.00089300000000000002 1.0639938244124743 1.0639938244124743 1.0639938244124743 7.5428724457840435e-06 7.5428724457840435e-06 7.5428724457840435e-06 1 1 1 Converged Converged Converged OK OK OK 82 82 82 82 82 82 6 6 6 0 0 0 0 1 0 0 1
82 82 linear 3 0 823 0 0.001 0.44280210839663364 0.0011433724215168545 0.081536265851757508 1.8286790490426721 -0.25365859572538263 1.8123717958723207 0.5 -1.8118660863676914 1.0860905714496853 OK 12 11 0.39841900000000002 0.40467900000000001 0.088371000000000005 0.30725999999999998 0.31468499999999999 0 0.091159000000000046 0.089994000000000018 0.088371000000000005 0.0089809999999999994 0.0092029999999999994 0.0086070000000000001 0.06325900000000001 0.061752000000000001 0.061096999999999992 0.0027660000000000002 0.0030999999999999999 0.0027279999999999995 0.00058299999999999997 0.00064499999999999996 0.00058900000000000001 1.0860953480656048 1.0860953480656048 1.0860953480656048 0.00025689090081600508 0.00025689090081600508 0.00025689090081600508 1 1 1 Converged Converged Converged OK OK OK 60 60 60 60 60 60 4 4 4 0 0 0 0 0 1 0 0
82 82 linear 3 7 823 1 0.001 0.44280210839663364 0.0011433724215168545 0.081536265851757508 1.8286790490426721 -0.25365859572538263 1.8222979499760128 0.5 -1.8217922404713836 1.0847813439335645 OK 12 11 0.37327700000000003 0.23661499999999999 0.088988999999999999 0.28543099999999999 0.13940900000000001 0 0.087846000000000035 0.097205999999999987 0.088988999999999999 0.0083029999999999996 0.0082260000000000007 0.0077780000000000002 0.063171999999999978 0.072247999999999993 0.06531099999999998 0.0028579999999999999 0.0031470000000000005 0.0029139999999999999 0.00063299999999999999 0.00062000000000000011 0.00058200000000000005 1.0847845688618944 1.0847845688618944 1.0847845688618944 0.00024154058132822383 0.00024154058132822383 0.00024154058132822383 1 1 1 Converged Converged Converged OK OK OK 60 60 60 60 60 60 4 4 4 0 0 0 0 1 0 0 1
82 82 linear 3 15 823 2 0.001 0.44280210839663364 0.0011433724215168545 0.081536265851757508 1.8286790490426721 -0.25365859572538263 1.8336421260945182 0.5 -1.8331364165898889 1.0832186897907683 OK 12 11 0.38555 0.24929999999999999 0.087248999999999993 0.29541299999999998 0.149862 0 0.090137000000000023 0.099437999999999999 0.087248999999999993 0.0082369999999999995 0.0083890000000000006 0.0076839999999999999 0.065601999999999994 0.074597999999999998 0.06368600000000002 0.0027820000000000002 0.0029559999999999999 0.002794 0.00062 0.00065800000000000006 0.00058300000000000008 1.0832221207843162 1.0832221207843162 1.0832221207843162 0.00023766216317214358 0.00023766216317214358 0.00023766216317214358 1 1 1 Converged Converged Converged OK OK OK 60 60 60 60 60 60 4 4 4 0 0 0 0 1 0 0 1
82 82 linear 3 23 823 3 0.001 0.44280210839663364 0.0011433724215168545 0.081536265851757508 1.8286790490426721 -0.25365859572538263 1.8449863022130235 0.5 -1.8444805927083943 1.0815970557431849 OK 12 11 0.376994 0.23402300000000001 0.086985000000000007 0.28684100000000001 0.133491 0 0.090152999999999983 0.10053200000000001 0.086985000000000007 0.0081689999999999992 0.0082869999999999992 0.0076880000000000004 0.065756999999999996 0.075760999999999995 0.063640000000000002 0.0027229999999999997 0.0029710000000000001 0.0027199999999999998 0.00059899999999999992 0.00060300000000000002 0.00059699999999999998 1.0816032326298395 1.0816032326298395 1.0816032326298395 0.00024922809728508455 0.00024922809728508455 0.00024922809728508455 1 1 1 Converged Converged Converged OK OK OK 60 60 60 60 60 60 4 4 4 0 0 0 0 1 0 0 1
82 82 linear 3 0 823 0 0.0001 0.44280210839663364 0.0011433724215168545 0.081536265851757508 1.8286790490426721 -0.25365859572538263 1.8123717958723207 0.5 -1.8118660863676914 1.0860905714496853 OK 12 11 0.43086999999999998 0.43572699999999998 0.118562 0.30929400000000001 0.316104 0 0.12157599999999996 0.11962299999999998 0.118562 0.0090360000000000006 0.0092750000000000003 0.0085459999999999998 0.085352000000000025 0.083719000000000043 0.083168999999999993 0.0044079999999999996 0.0041079999999999997 0.0040909999999999992 0.00083100000000000014 0.00082799999999999996 0.00082200000000000003 1.0860901963032081 1.0860901963032081 1.0860901963032081 1.2598220954778142e-05 1.2598220954778142e-05 1.2598220954778142e-05 1 1 1 Converged Converged Converged OK OK OK 84 84 84 84 84 84 4 4 4 0 0 0 0 0 1 0 0
82 82 linear 3 7 823 1 0.0001 0.44280210839663364 0.0011433724215168545 0.081536265851757508 1.8286790490426721 -0.25365859572538263 1.8222979499760128 0.5 -1.8217922404713836 1.0847813439335645 OK 12 11 0.40573900000000002 0.266177 0.111405 0.29013099999999997 0.13850100000000001 0 0.11560800000000004 0.12767599999999998 0.111405 0.0081399999999999997 0.0082229999999999994 0.0076930000000000002 0.084776999999999991 0.097540999999999975 0.082160999999999998 0.0043919999999999992 0.0041530000000000004 0.0040359999999999997 0.00086300000000000005 0.00081500000000000008 0.00080899999999999993 1.0847808788147815 1.0847808788147815 1.0847808788147815 9.6582295690324982e-06 9.6582295690324982e-06 9.6582295690324982e-06 1 1 1 Converged Converged Converged OK OK OK 84 84 84 84 84 84 4 4 4 0 0 0 0 1 0 0 1
82 82 linear 3 15 823 2 0.0001 0.44280210839663364 0.0011433724215168545 0.081536265851757508 1.8286790490426721 -0.25365859572538263 1.8336421260945182 0.5 -1.8331364165898889 1.0832186897907683 OK 12 11 0.41514800000000002 0.27908100000000002 0.116051 0.29462300000000002 0.14896499999999999 0 0.12052499999999999 0.13011600000000004 0.116051 0.0083199999999999993 0.0083569999999999998 0.0077089999999999997 0.089497000000000063 0.099204000000000001 0.086522000000000002 0.004411 0.0044590000000000003 0.0041009999999999996 0.00085800000000000004 0.000861 0.00083600000000000005 1.0832182721946286 1.0832182721946286 1.0832182721946286 9.8880699740275107e-06 9.8880699740275107e-06 9.8880699740275107e-06 1 1 1 Converged Converged Converged OK OK OK 84 84 84 84 84 84 4 4 4 0 0 0 0 1 0 0 1
82 82 linear 3 23 823 3 0.0001 0.44280210839663364 0.0011433724215168545 0.081536265851757508 1.8286790490426721 -0.25365859572538263 1.8449863022130235 0.5 -1.8444805927083943 1.0815970557431849 OK 12 11 0.41223100000000001 0.26286399999999999 0.115827 0.28735500000000003 0.132023 0 0.12487599999999999 0.13084099999999999 0.115827 0.0082480000000000001 0.0083049999999999999 0.0076839999999999999 0.093857999999999955 0.100184 0.086601999999999998 0.0041960000000000001 0.0043049999999999998 0.0040499999999999998 0.00083999999999999993 0.00082600000000000013 0.0007980000000000001 1.0815968742298421 1.0815968742298421 1.0815968742298421 1.4766687206263451e-05 1.4766687206263451e-05 1.4766687206263451e-05 1 1 1 Converged Converged Converged OK OK OK 84 84 84 84 84 84 4 4 4 0 0 0 0 1 0 0 1
82 82 linear 4 0 824 0 0.001 0.44280210839663364 0.0011433724215168545 0.081536265851757508 1.7100190029404481 -0.029086392401668992 1.6937117497700966 0.5 -1.6932060402654674 1.081722514698541 OK 13 12 0.424985 0.42087999999999998 0.12537000000000001 0.29671999999999998 0.29566399999999998 0 0.12826500000000002 0.12521599999999999 0.12537000000000001 0.0094909999999999994 0.0095390000000000006 0.0096609999999999994 0.098073000000000007 0.095604999999999982 0.095034000000000007 0.0029550000000000002 0.0027729999999999994 0.003101 0.00052500000000000008 0.000522 0.00052500000000000008 1.0817224977268491 1.0817224977268491 1.0817224977268491 0.00032069397108423694 0.00032069397108423694 0.00032069397108423694 1 1 1 Converged Converged Converged OK OK OK 66 66 66 66 66 66 6 6 6 0 0 0 0 0 1 0 0
82 82 linear 4 7 824 1 0.001 0.44280210839663364 0.0011433724215168545 0.081536265851757508 1.7100190029404481 -0.029086392401668992 1.7036379038737888 0.5 -1.7031321943691595 1.0796054464362943 OK 13 12 0.44689299999999998 0.30031000000000002 0.12485499999999999 0.31509700000000002 0.165049 0 0.13179599999999997 0.13526100000000002 0.12485499999999999 0.0084030000000000007 0.0085660000000000007 0.0081550000000000008 0.10334600000000002 0.10851199999999998 0.099925999999999987 0.0028540000000000002 0.0034559999999999999 0.00296 0.00052900000000000006 0.00058299999999999997 0.00050799999999999999 1.0796055694427789 1.0796055694427789 1.0796055694427789 0.00037930688979588404 0.00037930688979588404 0.00037930688979588404 1 1 1 Converged Converged Converged OK OK OK 66 66 66 66 66 66 6 6 6 0 0 0 0 1 0 0 1
82 82 linear 4 15 824 2 0.001 0.44280210839663364 0.0011433724215168545 0.081536265851757508 1.7100190029404481 -0.029086392401668992 1.7149820799922941 0.5 -1.7144763704876649 1.0772259152341284 OK 13 12 0.45583699999999999 0.310749 0.13133800000000001 0.32423400000000002 0.17246400000000001 0 0.13160299999999997 0.13828499999999999 0.13133800000000001 0.0083909999999999992 0.0085959999999999995 0.0079330000000000008 0.10614999999999997 0.111625 0.10325499999999996 0.0029059999999999997 0.0034090000000000001 0.0028530000000000005 0.00053399999999999997 0.00058900000000000001 0.00051699999999999999 1.077226206267498 1.077226206267498 1.077226206267498 0.00047406062001383308 0.00047406062001383308 0.00047406062001383308 1 1 1 Converged Converged Converged OK OK OK 66 66 66 66 66 66 6 6 6 0 0 0 0 1 0 0 1
82 82 linear 4 23 824 3 0.001 0.44280210839663364 0.0011433724215168545 0.081536265851757508 1.7100190029404481 -0.029086392401668992 1.7263262561107995 0.5 -1.7258205466061702 1.0749004642193263 OK 14 13 0.45404600000000001 0.31431199999999998 0.130077 0.318274 0.17463100000000001 0 0.135772 0.13968099999999997 0.130077 0.0093019999999999995 0.0093650000000000001 0.0084209999999999997 0.10918499999999998 0.11274000000000003 0.10536099999999998 0.0029780000000000002 0.0031619999999999999 0.0027309999999999999 0.00054599999999999994 0.00057699999999999993 0.00051599999999999997 1.0749012741172799 1.0749012741172799 1.0749012741172799 0.00062707145753756381 0.00062707145753756381 0.00062707145753756381 1 1 1 Converged Converged Converged OK OK OK 66 66 66 66 66 66 6 6 6 0 0 0 0 1 0 0 1
82 82 linear 4 0 824 0 0.0001 0.44280210839663364 0.0011433724215168545 0.081536265851757508 1.7100190029404481 -0.029086392401668992 1.6937117497700966 0.5 -1.6932060402654674 1.081722514698541 OK 13 12 0.44043399999999999 0.43152000000000001 0.135709 0.29912699999999998 0.29197600000000001 0 0.14130700000000002 0.139544 0.135709 0.0098750000000000001 0.0095390000000000006 0.0091070000000000005 0.10631099999999996 0.10271700000000002 0.10260799999999998 0.0036419999999999998 0.0032030000000000001 0.0033839999999999999 0.00075599999999999994 0.00070399999999999998 0.000678 1.081723607339041 1.081723607339041 1.081723607339041 0.00010627856416951018 0.00010627856416951018 0.00010627856416951018 1 1 1 Converged Converged Converged OK OK OK 74 74 74 74 74 74 6 6 6 0 0 0 0 0 1 0 0
82 82 linear 4 7 824 1 0.0001 0.44280210839663364 0.0011433724215168545 0.081536265851757508 1.7100190029404481 -0.029086392401668992 1.7036379038737888 0.5 -1.7031321943691595 1.0796054464362943 OK 13 12 0.47031099999999998 0.32006400000000002 0.148674 0.31709700000000002 0.163105 0 0.15321399999999996 0.15695900000000002 0.148674 0.0084729999999999996 0.0084650000000000003 0.0081169999999999992 0.12258599999999996 0.12620299999999998 0.11850600000000001 0.0035750000000000001 0.0037580000000000001 0.0036600000000000001 0.00080900000000000004 0.00084600000000000018 0.0007809999999999999 1.0796048801491285 1.0796048801491285 1.0796048801491285 1.038272847643229e-05 1.038272847643229e-05 1.038272847643229e-05 1 1 1 Converged Converged Converged OK OK OK 82 82 82 82 82 82 6 6 6 0 0 0 0 1 0 0 1
82 82 linear 4 15 824 2 0.0001 0.44280210839663364 0.0011433724215168545 0.081536265851757508 1.7100190029404481 -0.029086392401668992 1.7149820799922941 0.5 -1.7144763704876649 1.0772259152341284 OK 13 12 0.48515999999999998 0.32860899999999998 0.150311 0.32449899999999998 0.16961000000000001 0 0.160661 0.15899899999999997 0.150311 0.0083569999999999998 0.0084200000000000004 0.0078250000000000004 0.131413 0.129135 0.12184800000000001 0.0035009999999999998 0.003777 0.0036280000000000001 0.00081100000000000009 0.00082200000000000003 0.00077800000000000005 1.0772253521542963 1.0772253521542963 1.0772253521542963 1.0185290701128305e-05 1.0185290701128305e-05 1.0185290701128305e-05 1 1 1 Converged Converged Converged OK OK OK 82 82 82 82 82 82 6 6 6 0 0 0 0 1 0 0 1
82 82 linear 4 23 824 3 0.0001 0.44280210839663364 0.0011433724215168545 0.081536265851757508 1.7100190029404481 -0.029086392401668992 1.7263262561107995 0.5 -1.7258205466061702 1.0749004642193263 OK 14 13 0.479738 0.33634599999999998 0.15437400000000001 0.319492 0.172319 0 0.160246 0.16402699999999998 0.15437400000000001 0.0091450000000000004 0.0092099999999999994 0.0084340000000000005 0.129798 0.13330299999999998 0.12539399999999995 0.0037140000000000003 0.003836 0.0036240000000000001 0.00080500000000000005 0.00080200000000000009 0.00077799999999999994 1.0748999029566264 1.0748999029566264 1.0748999029566264 1.2110064242836151e-05 1.2110064242836151e-05 1.2110064242836151e-05 1 1 1 Converged Converged Converged OK OK OK 82 82 82 82 82 82 6 6 6 0 0 0 0 1 0 0 1
82 82 uniform 0 0 825 0 0.001 0.44280210839663364 0.0011433724215168545 0.081536265851757508 -0.013942947836168383 0.0095815752357935637 -0.030250201006519886 0 0.030755910511149221 23.594423929004446 OK 15 14 0.50611700000000004 0.50573199999999996 0.181563 0.32935300000000001 0.32533899999999999 0 0.17676400000000003 0.18039299999999997 0.181563 0.011415 0.011075 0.011448 0.13720299999999994 0.14046500000000006 0.142121 0.0038929999999999998 0.0046110000000000005 0.0040959999999999998 0.00093199999999999999 0.0010640000000000001 0.001029 23.595024044344445 23.595024044344445 23.595024044344445 0.015649216644283214 0.015649216644283214 0.015649216644283214 1 1 1 Converged Converged Converged OK OK OK 96 96 96 96 96 96 8 8 8 0 0 0 0 0 1 0 0
82 82 uniform 0 7 825 1 0.001 0.44280210839663364 0.0011433724215168545 0.081536265851757508 -0.013942947836168383 0.0095815752357935637 -0.020324046902827665 0 0.020829756407457 24.07782886771728 OK 14 13 0.52413500000000002 0.369475 0.19647300000000001 0.32117000000000001 0.161719 0 0.20296500000000001 0.207756 0.19647300000000001 0.0099380000000000007 0.01027 0.0096120000000000008 0.16543499999999997 0.16740500000000008 0.15952999999999998 0.0057800000000000004 0.0072309999999999996 0.0058910000000000004 0.0009410000000000001 0.0010560000000000001 0.0010019999999999999 24.078178834312141 24.078178834312141 24.078178834312141 0.014718644880283245 0.014718644880283245 0.014718644880283245 1 1 1 Converged Converged Converged OK OK OK 114 114 114 114 114 114 6 6 6 0 0 0 0 1 0 0 1
82 82 uniform 0 15 825 2 0.001 0.44280210839663364 0.0011433724215168545 0.081536265851757508 -0.013942947836168383 0.0095815752357935637 -0.0089798707843222747 0 0.0094855802889516096 24.389839718035969 OK 13 12 0.50700000000000001 0.345808 0.18942400000000001 0.30821500000000002 0.14602899999999999 0 0.19878499999999999 0.19977900000000001 0.18942400000000001 0.010088 0.010090999999999999 0.0090980000000000002 0.15880900000000006 0.16109000000000004 0.15520200000000001 0.0080079999999999995 0.0068820000000000001 0.0054840000000000002 0.0010110000000000002 0.00097300000000000012 0.00094000000000000008 24.390161505832264 24.390161505832264 24.390161505832264 0.014590322138121206 0.014590322138121206 0.014590322138121206 1 1 1 Converged Converged Converged OK OK OK 114 114 114 114 114 114 6 6 6 0 0 0 0 1 0 0 1
82 82 uniform 0 23 825 3 0.001 0.44280210839663364 0.0011433724215168545 0.081536265851757508 -0.013942947836168383 0.0095815752357935637 0.0023643053341831175 0 -0.0018585958295537818 24.459428854154563 OK 13 12 0.51912999999999998 0.35386099999999998 0.196996 0.320911 0.15248200000000001 0 0.19821899999999998 0.20137899999999997 0.196996 0.0095700000000000004 0.0097000000000000003 0.0086549999999999995 0.16172900000000009 0.16417999999999996 0.16358399999999998 0.0061510000000000002 0.0067860000000000004 0.0053140000000000001 0.00099299999999999996 0.00096100000000000005 0.00089600000000000009 24.459722351380876 24.459722351380876 24.459722351380876 0.014456137259197718 0.014456137259197718 0.014456137259197718 1 1 1 Converged Converged Converged OK OK OK 114 114 114 114 114 114 6 6 6 0 0 0 0 1 0 0 1
82 82 uniform 0 0 825 0 0.0001 0.44280210839663364 0.0011433724215168545 0.081536265851757508 -0.013942947836168383 0.0095815752357935637 -0.030250201006519886 0 0.030755910511149221 23.594423929004446 OK 15 14 0.61968199999999996 0.61473100000000003 0.28345199999999998 0.33485100000000001 0.33457799999999999 0 0.28483099999999995 0.28015300000000004 0.28345199999999998 0.011377 0.011297 0.011195 0.2201810000000001 0.21807000000000001 0.22080700000000014 0.010181000000000001 0.0088760000000000002 0.0090800000000000013 0.0016389999999999998 0.0016520000000000003 0.0016949999999999999 23.594498938074402 23.594498938074402 23.594498938074402 0.0014587923687271636 0.0014587923687271636 0.0014587923687271636 1 1 1 Converged Converged Converged OK OK OK 168 168 168 168 168 168 8 8 8 0 0 0 0 0 1 0 0
82 82 uniform 0 7 825 1 0.0001 0.44280210839663364 0.0011433724215168545 0.081536265851757508 -0.013942947836168383 0.0095815752357935637 -0.020324046902827665 0 0.020829756407457 24.07782886771728 OK 14 13 0.64760399999999996 0.48146800000000001 0.31138900000000003 0.32539200000000001 0.16274 0 0.32221199999999994 0.31872800000000001 0.31138900000000003 0.010182 0.010068000000000001 0.0096670000000000002 0.25496800000000014 0.25548999999999994 0.25090099999999982 0.016702000000000002 0.016816000000000001 0.015414999999999998 0.001292 0.0013500000000000001 0.0012239999999999998 24.077876159302296 24.077876159302296 24.077876159302296 0.00192387945593745 0.00192387945593745 0.00192387945593745 1 1 1 Converged Converged Converged OK OK OK 194 194 194 194 194 194 6 6 6 0 0 0 0 1 0 0 1
82 82 uniform 0 15 825 2 0.0001 0.44280210839663364 0.0011433724215168545 0.081536265851757508 -0.013942947836168383 0.0095815752357935637 -0.0089798707843222747 0 0.0094855802889516096 24.389839718035969 OK 13 12 0.61828899999999998 0.45926099999999997 0.30313699999999999 0.31010399999999999 0.14824000000000001 0 0.30818499999999999 0.31102099999999999 0.30313699999999999 0.0097780000000000002 0.0099970000000000007 0.0093860000000000002 0.24600500000000008 0.24998200000000004 0.24547899999999998 0.015032999999999999 0.016577000000000001 0.015183 0.0012430000000000002 0.0012650000000000001 0.0012309999999999999 24.389880717572616 24.389880717572616 24.389880717572616 0.0019122121183850489 0.0019122121183850489 0.0019122121183850489 1 1 1 Converged Converged Converged OK OK OK 194 194 194 194 194 194 6 6 6 0 0 0 0 1 0 0 1
82 82 uniform 0 23 825 3 0.0001 0.44280210839663364 0.0011433724215168545 0.081536265851757508 -0.013942947836168383 0.0095815752357935637 0.0023643053341831175 0 -0.0018585958295537818 24.459428854154563 OK 13 12 0.63816899999999999 0.47406199999999998 0.30594100000000002 0.32203300000000001 0.155865 0 0.31613599999999997 0.31819699999999995 0.30594100000000002 0.0098300000000000002 0.0098619999999999992 0.0087460000000000003 0.25478100000000009 0.25584099999999993 0.24990000000000004 0.016912 0.017584000000000002 0.014567 0.0012159999999999999 0.0014369999999999999 0.0011930000000000003 24.459463601993011 24.459463601993011 24.459463601993011 0.0018983440402279915 0.0018983440402279915 0.0018983440402279915 1 1 1 Converged Converged Converged OK OK OK 194 194 194 194 194 194 6 6 6 0 0 0 0 1 0 0 1
82 82 uniform 1 0 826 0 0.001 0.44280210839663364 0.0011433724215168545 0.081536265851757508 1.8505619024828226 -0.16582853564966993 1.8342546493124712 0 -1.8337489398078419 1.098611025796957 OK 11 10 0.33426400000000001 0.341034 0.056287999999999998 0.27661799999999998 0.28338099999999999 0 0.057646000000000031 0.05765300000000001 0.056287999999999998 0.0069490000000000003 0.0067340000000000004 0.0065820000000000002 0.038649000000000003 0.038651000000000005 0.038188 0.001488 0.001629 0.0014419999999999999 0.00044100000000000004 0.00046699999999999997 0.00042500000000000003 1.098610901065505 1.098610901065505 1.098610901065505 0.00053781331140644538 0.00053781331140644538 0.00053781331140644538 1 1 1 Converged Converged Converged OK OK OK 43 43 43 43 43 43 5 5 5 0 0 0 0 0 1 0 0
82 82 uniform 1 7 826 1 0.001 0.44280210839663364 0.0011433724215168545 0.081536265851757508 1.8505619024828226 -0.16582853564966993 1.8441808034161633 0 -1.8436750939115341 1.0966190754186398 OK 11 10 0.34824100000000002 0.19824600000000001 0.059811000000000003 0.28678700000000001 0.132628 0 0.061454000000000009 0.06561800000000001 0.059811000000000003 0.0059439999999999996 0.0059430000000000004 0.0054409999999999997 0.043521999999999998 0.047620000000000003 0.043088999999999995 0.0016640000000000001 0.0017260000000000001 0.0015900000000000003 0.00044499999999999997 0.00049100000000000001 0.00046699999999999997 1.0966189670613611 1.0966189670613611 1.0966189670613611 0.00052308635011036656 0.00052308635011036656 0.00052308635011036656 1 1 1 Converged Converged Converged OK OK OK 50 50 50 50 50 50 6 6 6 0 0 0 0 1 0 0 1
82 82 uniform 1 15 826 2 0.001 0.44280210839663364 0.0011433724215168545 0.081536265851757508 1.8505619024828226 -0.16582853564966993 1.8555249795346687 0 -1.8550192700300394 1.0940481748396631 OK 11 10 0.34272200000000003 0.19339200000000001 0.055504999999999999 0.28400700000000001 0.13239200000000001 0 0.058715000000000017 0.060999999999999999 0.055504999999999999 0.0059779999999999998 0.0059119999999999997 0.0054099999999999999 0.040902000000000015 0.044111999999999998 0.039619999999999995 0.0019690000000000003 0.0016969999999999999 0.0016740000000000001 0.000486 0.00046200000000000001 0.00042299999999999998 1.0940482846005868 1.0940482846005868 1.0940482846005868 0.000521721337369156 0.000521721337369156 0.000521721337369156 1 1 1 Converged Converged Converged OK OK OK 50 50 50 50 50 50 6 6 6 0 0 0 0 1 0 0 1
82 82 uniform 1 23 826 3 0.001 0.44280210839663364 0.0011433724215168545 0.081536265851757508 1.8505619024828226 -0.16582853564966993 1.866869155653174 0 -1.8663634461485448 1.0910671243201251 OK 11 10 0.33167200000000002 0.182005 0.060378000000000001 0.27308300000000002 0.120153 0 0.058589000000000002 0.061852000000000004 0.060378000000000001 0.0057829999999999999 0.0057489999999999998 0.0053940000000000004 0.041467999999999991 0.045295000000000002 0.044593999999999988 0.001735 0.0016760000000000002 0.0016219999999999997 0.00047600000000000002 0.00046100000000000004 0.00041899999999999999 1.0910679384005348 1.0910679384005348 1.0910679384005348 0.00058087141968539717 0.00058087141968539717 0.00058087141968539717 1 1 1 Converged Converged Converged OK OK OK 50 50 50 50 50 50 6 6 6 0 0 0 0 1 0 0 1
82 82 uniform 1 0 826 0 0.0001 0.44280210839663364 0.0011433724215168545 0.081536265851757508 1.8505619024828226 -0.16582853564966993 1.8342546493124712 0 -1.8337489398078419 1.098611025796957 OK 11 10 0.367201 0.35880200000000001 0.080813999999999997 0.28386800000000001 0.27720499999999998 0 0.08333299999999999 0.081597000000000031 0.080813999999999997 0.0069740000000000002 0.0069629999999999996 0.0066620000000000004 0.055321999999999982 0.054744000000000008 0.054681000000000021 0.0028539999999999998 0.0026739999999999997 0.002611 0.00075600000000000005 0.00071000000000000002 0.000718 1.0986108982231477 1.0986108982231477 1.0986108982231477 6.3510299569565504e-05 6.3510299569565504e-05 6.3510299569565504e-05 1 1 1 Converged Converged Converged OK OK OK 67 67 67 67 67 67 5 5 5 0 0 0 0 0 1 0 0
82 82 uniform 1 7 826 1 0.0001 0.44280210839663364 0.0011433724215168545 0.081536265851757508 1.8505619024828226 -0.16582853564966993 1.8441808034161633 0 -1.8436750939115341 1.0966190754186398 OK 11 10 0.372479 0.22195400000000001 0.083317000000000002 0.28552100000000002 0.12996099999999999 0 0.08695799999999998 0.091993000000000019 0.083317000000000002 0.0060210000000000003 0.0059509999999999997 0.0054390000000000003 0.060911 0.067218999999999987 0.059876999999999993 0.0032169999999999998 0.0028379999999999998 0.0027929999999999999 0.000843 0.00076800000000000002 0.00077099999999999988 1.0966189532150161 1.0966189532150161 1.0966189532150161 3.7961151816406869e-05 3.7961151816406869e-05 3.7961151816406869e-05 1 1 1 Converged Converged Converged OK OK OK 74 74 74 74 74 74 6 6 6 0 0 0 0 1 0 0 1
82 82 uniform 1 15 826 2 0.0001 0.44280210839663364 0.0011433724215168545 0.081536265851757508 1.8505619024828226 -0.16582853564966993 1.8555249795346687 0 -1.8550192700300394 1.0940481748396631 OK 11 10 0.36762099999999998 0.220443 0.078886999999999999 0.28643099999999999 0.12937599999999999 0 0.081189999999999984 0.091067000000000009 0.078886999999999999 0.0059620000000000003 0.0058560000000000001 0.0054669999999999996 0.056810000000000006 0.067687000000000011 0.056466999999999989 0.003186 0.0029649999999999998 0.0028509999999999998 0.00075099999999999993 0.00070300000000000007 0.00072600000000000008 1.0940482598803138 1.0940482598803138 1.0940482598803138 1.7986716815114529e-05 1.7986716815114529e-05 1.7986716815114529e-05 1 1 1 Converged Converged Converged OK OK OK 74 74 74 74 74 74 6 6 6 0 0 0 0 1 0 0 1
82 82 uniform 1 23 826 3 0.0001 0.44280210839663364 0.0011433724215168545 0.081536265851757508 1.8505619024828226 -0.16582853564966993 1.866869155653174 0 -1.8663634461485448 1.0910671243201251 OK 11 10 0.35933399999999999 0.20893500000000001 0.08029 0.27687699999999998 0.119174 0 0.082457000000000003 0.089761000000000007 0.08029 0.0059030000000000003 0.005868 0.0053940000000000004 0.058642999999999994 0.066325999999999968 0.058015999999999991 0.0028539999999999998 0.0028340000000000001 0.0026999999999999997 0.00083900000000000012 0.00078700000000000005 0.00075799999999999999 1.0910679077682386 1.0910679077682386 1.0910679077682386 5.2364440089361433e-05 5.2364440089361433e-05 5.2364440089361433e-05 1 1 1 Converged Converged Converged OK OK OK 74 74 74 74 74 74 6 6 6 0 0 0 0 1 0 0 1
82 82 uniform 2 0 827 0 0.001 0.44280210839663364 0.0011433724215168545 0.081536265851757508 1.8864792851353847 0.087877936740802479 1.8701720319650332 0 -1.869666322460404 1.0735642730183634 OK 12 11 0.50609400000000004 0.50137799999999999 0.10466499999999999 0.39860299999999999 0.395623 0 0.10749100000000006 0.10575499999999999 0.10466499999999999 0.010055 0.00975 0.0096030000000000004 0.078887999999999986 0.078250999999999973 0.077702999999999967 0.0022599999999999999 0.0024610000000000001 0.0022209999999999999 0.00059000000000000003 0.00053499999999999999 0.00050900000000000001 1.0735627061398951 1.0735627061398951 1.0735627061398951 0.0007278598433133525 0.0007278598433133525 0.0007278598433133525 1 1 1 Converged Converged Converged OK OK OK 57 57 57 57 57 57 7 7 7 0 0 0 0 0 1 0 0
82 82 uniform 2 7 827 1 0.001 0.44280210839663364 0.0011433724215168545 0.081536265851757508 1.8864792851353847 0.087877936740802479 1.8800981860687254 0 -1.8795924765640961 1.0691696319516928 OK 12 11 0.42482199999999998 0.27363500000000002 0.10829 0.31299199999999999 0.15889200000000001 0 0.11182999999999998 0.11474300000000001 0.10829 0.0088360000000000001 0.0088100000000000001 0.0080909999999999992 0.085821000000000008 0.08941900000000004 0.084621999999999975 0.0028059999999999999 0.0026629999999999996 0.0024490000000000002 0.00064700000000000001 0.00066100000000000002 0.00061600000000000001 1.0691691474099805 1.0691691474099805 1.0691691474099805 0.00055142185542557225 0.00055142185542557225 0.00055142185542557225 1 1 1 Converged Converged Converged OK OK OK 65 65 65 65 65 65 7 7 7 0 0 0 0 1 0 0 1
82 82 uniform 2 15 827 2 0.001 0.44280210839663364 0.0011433724215168545 0.081536265851757508 1.8864792851353847 0.087877936740802479 1.8914423621872307 0 -1.8909366526826015 1.0662567580618456 OK 12 11 0.43480600000000003 0.28835 0.097067000000000001 0.33551900000000001 0.1842 0 0.099287000000000014 0.10414999999999999 0.097067000000000001 0.0088120000000000004 0.0087379999999999992 0.0079989999999999992 0.075093000000000021 0.080430000000000015 0.074552000000000021 0.002673 0.0024629999999999999 0.0024460000000000003 0.00061200000000000002 0.00060000000000000006 0.00059199999999999997 1.06625655566681 1.06625655566681 1.06625655566681 0.00069922208207162022 0.00069922208207162022 0.00069922208207162022 1 1 1 Converged Converged Converged OK OK OK 65 65 65 65 65 65 7 7 7 0 0 0 0 1 0 0 1
82 82 uniform 2 23 827 3 0.001 0.44280210839663364 0.0011433724215168545 0.081536265851757508 1.8864792851353847 0.087877936740802479 1.9027865383057361 0 -1.9022808288011068 1.0642322114251732 OK 12 11 0.38714500000000002 0.24218000000000001 0.088644000000000001 0.29624899999999998 0.14774999999999999 0 0.090896000000000032 0.094430000000000014 0.088644000000000001 0.008737 0.0088269999999999998 0.0081089999999999999 0.068838999999999984 0.072617000000000001 0.068146000000000012 0.002055 0.0020440000000000002 0.0019469999999999999 0.00066799999999999997 0.00064700000000000001 0.000602 1.0642350871472346 1.0642350871472346 1.0642350871472346 0.00059262324880481867 0.00059262324880481867 0.00059262324880481867 1 1 1 Converged Converged Converged OK OK OK 58 58 58 58 58 58 6 6 6 0 0 0 0 1 0 0 1
82 82 uniform 2 0 827 0 0.0001 0.44280210839663364 0.0011433724215168545 0.081536265851757508 1.8864792851353847 0.087877936740802479 1.8701720319650332 0 -1.869666322460404 1.0735642730183634 OK 12 11 0.56641600000000003 0.57205799999999996 0.16598199999999999 0.39937899999999998 0.40279900000000002 0 0.16703700000000005 0.16925899999999994 0.16598199999999999 0.0099839999999999998 0.010127000000000001 0.0094439999999999993 0.12341599999999997 0.124642 0.12322399999999999 0.0044209999999999996 0.0048719999999999996 0.0044900000000000001 0.0011069999999999999 0.001219 0.001111 1.0735638492813186 1.0735638492813186 1.0735638492813186 6.7495915366086467e-05 6.7495915366086467e-05 6.7495915366086467e-05 1 1 1 Converged Converged Converged OK OK OK 97 97 97 97 97 97 7 7 7 0 0 0 0 0 1 0 0
82 82 uniform 2 7 827 1 0.0001 0.44280210839663364 0.0011433724215168545 0.081536265851757508 1.8864792851353847 0.087877936740802479 1.8800981860687254 0 -1.8795924765640961 1.0691696319516928 OK 12 11 0.45158700000000002 0.30698799999999998 0.14150199999999999 0.30885699999999999 0.15678900000000001 0 0.14273000000000002 0.15019899999999997 0.14150199999999999 0.008652 0.0087969999999999993 0.0081670000000000006 0.11138100000000002 0.11793399999999996 0.11089499999999997 0.003725 0.0040639999999999999 0.0038770000000000002 0.00093500000000000007 0.00095 0.00097000000000000005 1.0691694315663347 1.0691694315663347 1.0691694315663347 1.8232591340009939e-05 1.8232591340009939e-05 1.8232591340009939e-05 1 1 1 Converged Converged Converged OK OK OK 89 89 89 89 89 89 7 7 7 0 0 0 0 1 0 0 1
82 82 uniform 2 15 827 2 0.0001 0.44280210839663364 0.0011433724215168545 0.081536265851757508 1.8864792851353847 0.087877936740802479 1.8914423621872307 0 -1.8909366526826015 1.0662567580618456 OK 12 11 0.47301900000000002 0.32199499999999998 0.12864999999999999 0.33921299999999999 0.182394 0 0.13380600000000004 0.13960099999999998 0.12864999999999999 0.0088240000000000002 0.0086899999999999998 0.0080700000000000008 0.10036400000000002 0.10791299999999998 0.098536999999999958 0.0048009999999999997 0.0039569999999999996 0.0037810000000000005 0.00093199999999999999 0.00098600000000000011 0.00097499999999999996 1.0662566784339813 1.0662566784339813 1.0662566784339813 1.5241318628947571e-05 1.5241318628947571e-05 1.5241318628947571e-05 1 1 1 Converged Converged Converged OK OK OK 89 89 89 89 89 89 7 7 7 0 0 0 0 1 0 0 1
82 82 uniform 2 23 827 3 0.0001 0.44280210839663364 0.0011433724215168545 0.081536265851757508 1.8864792851353847 0.087877936740802479 1.9027865383057361 0 -1.9022808288011068 1.0642322114251732 OK 12 11 0.41725800000000002 0.28063100000000002 0.120125 0.29423199999999999 0.151585 0 0.12302600000000002 0.12904600000000002 0.120125 0.0087569999999999992 0.0088140000000000007 0.0081010000000000006 0.093824000000000046 0.10059000000000001 0.092989999999999989 0.00347 0.0032949999999999998 0.0031310000000000001 0.00097999999999999997 0.00095199999999999994 0.00092400000000000002 1.064232223015199 1.064232223015199 1.064232223015199 1.143896944476953e-05 1.143896944476953e-05 1.143896944476953e-05 1 1 1 Converged Converged Converged OK OK OK 82 82 82 82 82 82 6 6 6 0 0 0 0 1 0 0 1
82 82 uniform 3 0 828 0 0.001 0.44280210839663364 0.0011433724215168545 0.081536265851757508 1.8286790490426721 -0.25365859572538263 1.8123717958723207 0 -1.8118660863676914 1.0861933494302929 OK 12 11 0.37743399999999999 0.37607000000000002 0.060068999999999997 0.31266300000000002 0.31470900000000002 0 0.064770999999999967 0.061360999999999999 0.060068999999999997 0.010253999999999999 0.0091859999999999997 0.0087060000000000002 0.040654999999999997 0.038890000000000001 0.038318000000000005 0.0018249999999999998 0.0018110000000000001 0.0017699999999999999 0.00046899999999999996 0.00044500000000000003 0.00044100000000000004 1.0862029552559069 1.0862029552559069 1.0862029552559069 0.00071622910679141564 0.00071622910679141564 0.00071622910679141564 1 1 1 Converged Converged Converged OK OK OK 44 44 44 44 44 44 4 4 4 0 0 0 0 0 1 0 0
82 82 uniform 3 7 828 1 0.001 0.44280210839663364 0.0011433724215168545 0.081536265851757508 1.8286790490426721 -0.25365859572538263 1.8222979499760128 0 -1.8217922404713836 1.0848813113830886 OK 12 11 0.34588799999999997 0.20522399999999999 0.056915 0.28724899999999998 0.138234 0 0.058638999999999997 0.066989999999999994 0.056915 0.0081449999999999995 0.0083929999999999994 0.0076699999999999997 0.039140000000000001 0.047384999999999983 0.03855299999999999 0.0017100000000000001 0.001836 0.0016580000000000002 0.00046799999999999999 0.00048300000000000003 0.000437 1.0848882994564348 1.0848882994564348 1.0848882994564348 0.00069094928266418454 0.00069094928266418454 0.00069094928266418454 1 1 1 Converged Converged Converged OK OK OK 44 44 44 44 44 44 4 4 4 0 0 0 0 1 0 0 1
82 82 uniform 3 15 828 2 0.001 0.44280210839663364 0.0011433724215168545 0.081536265851757508 1.8286790490426721 -0.25365859572538263 1.8336421260945182 0 -1.8331364165898889 1.0833119990945601 OK 12 11 0.351659 0.21399000000000001 0.058973999999999999 0.29067399999999999 0.14791199999999999 0 0.060985000000000011 0.066078000000000026 0.058973999999999999 0.0082500000000000004 0.0082159999999999993 0.007731 0.041506000000000001 0.046439000000000001 0.040716999999999996 0.0017420000000000001 0.0019299999999999999 0.001689 0.00044200000000000006 0.00047400000000000003 0.00043799999999999997 1.0833192508466676 1.0833192508466676 1.0833192508466676 0.00068685672843396832 0.00068685672843396832 0.00068685672843396832 1 1 1 Converged Converged Converged OK OK OK 44 44 44 44 44 44 4 4 4 0 0 0 0 1 0 0 1
82 82 uniform 3 23 828 3 0.001 0.44280210839663364 0.0011433724215168545 0.081536265851757508 1.8286790490426721 -0.25365859572538263 1.8449863022130235 0 -1.8444805927083943 1.0816808878737343 OK 12 11 0.35225499999999998 0.201124 0.059015999999999999 0.29144900000000001 0.131776 0 0.060805999999999971 0.069347999999999993 0.059015999999999999 0.0082190000000000006 0.0081930000000000006 0.0075979999999999997 0.041493999999999989 0.050349999999999992 0.040885999999999992 0.0017919999999999998 0.001725 0.0016749999999999998 0.000455 0.00044700000000000002 0.00043600000000000003 1.0816927201448729 1.0816927201448729 1.0816927201448729 0.0007102263883668556 0.0007102263883668556 0.0007102263883668556 1 1 1 Converged Converged Converged OK OK OK 44 44 44 44 44 44 4 4 4 0 0 0 0 1 0 0 1
82 82 uniform 3 0 828 0 0.0001 0.44280210839663364 0.0011433724215168545 0.081536265851757508 1.8286790490426721 -0.25365859572538263 1.8123717958723207 0 -1.8118660863676914 1.0861933494302929 OK 12 11 0.414219 0.41536000000000001 0.10134 0.31002000000000002 0.312724 0 0.10419899999999999 0.10263600000000001 0.10134 0.0089379999999999998 0.0089510000000000006 0.0086370000000000006 0.067219999999999974 0.067112999999999992 0.066272000000000011 0.0045750000000000001 0.0038759999999999997 0.003787 0.00084499999999999994 0.00081500000000000008 0.00079599999999999994 1.0861936835192612 1.0861936835192612 1.0861936835192612 1.9611213342658764e-05 1.9611213342658764e-05 1.9611213342658764e-05 1 1 1 Converged Converged Converged OK OK OK 84 84 84 84 84 84 4 4 4 0 0 0 0 0 1 0 0
82 82 uniform 3 7 828 1 0.0001 0.44280210839663364 0.0011433724215168545 0.081536265851757508 1.8286790490426721 -0.25365859572538263 1.8222979499760128 0 -1.8217922404713836 1.0848813113830886 OK 12 11 0.38142199999999998 0.24960099999999999 0.094786999999999996 0.285358 0.137984 0 0.096063999999999983 0.11161699999999999 0.094786999999999996 0.0082649999999999998 0.0084220000000000007 0.0077669999999999996 0.066176999999999986 0.081337999999999994 0.065751000000000018 0.0037609999999999996 0.0038729999999999997 0.003692 0.00082100000000000001 0.00079799999999999999 0.00078699999999999983 1.0848814694073956 1.0848814694073956 1.0848814694073956 1.4702788754132189e-05 1.4702788754132189e-05 1.4702788754132189e-05 1 1 1 Converged Converged Converged OK OK OK 84 84 84 84 84 84 4 4 4 0 0 0 0 1 0 0 1
82 82 uniform 3 15 828 2 0.0001 0.44280210839663364 0.0011433724215168545 0.081536265851757508 1.8286790490426721 -0.25365859572538263 1.8336421260945182 0 -1.8331364165898889 1.0833119990945601 OK 12 11 0.39756999999999998 0.26174999999999998 0.099067000000000002 0.296987 0.14915 0 0.10058299999999998 0.11259999999999998 0.099067000000000002 0.0082249999999999997 0.0082410000000000001 0.007783 0.070834999999999981 0.082311999999999969 0.070132999999999973 0.0038059999999999999 0.003908 0.0037239999999999999 0.00078600000000000002 0.00083000000000000001 0.00078600000000000002 1.0833121746002117 1.0833121746002117 1.0833121746002117 1.5126365041545896e-05 1.5126365041545896e-05 1.5126365041545896e-05 1 1 1 Converged Converged Converged OK OK OK 84 84 84 84 84 84 4 4 4 0 0 0 0 1 0 0 1
82 82 uniform 3 23 828 3 0.0001 0.44280210839663364 0.0011433724215168545 0.081536265851757508 1.8286790490426721 -0.25365859572538263 1.8449863022130235 0 -1.8444805927083943 1.0816808878737343 OK 12 11 0.38835999999999998 0.24757499999999999 0.098551 0.28579500000000002 0.13373099999999999 0 0.10256499999999996 0.113844 0.098551 0.0081989999999999997 0.0081790000000000005 0.0076610000000000003 0.070823000000000011 0.084091999999999945 0.070189999999999989 0.004914 0.003869 0.0036290000000000003 0.00085800000000000004 0.00080499999999999994 0.00079699999999999997 1.0816814897911797 1.0816814897911797 1.0816814897911797 2.3343229869732129e-05 2.3343229869732129e-05 2.3343229869732129e-05 1 1 1 Converged Converged Converged OK OK OK 84 84 84 84 84 84 4 4 4 0 0 0 0 1 0 0 1
82 82 uniform 4 0 829 0 0.001 0.44280210839663364 0.0011433724215168545 0.081536265851757508 1.7100190029404481 -0.029086392401668992 1.6937117497700966 0 -1.6932060402654674 1.0819235702318328 OK 13 12 0.38964599999999999 0.38888800000000001 0.094041 0.29389799999999999 0.293908 0 0.095748 0.094980000000000009 0.094041 0.0099539999999999993 0.0095940000000000001 0.0093690000000000006 0.070646999999999988 0.070589000000000013 0.070106999999999989 0.0018860000000000001 0.0019979999999999998 0.0019740000000000001 0.00037199999999999999 0.00037800000000000003 0.00036299999999999999 1.0819260340363921 1.0819260340363921 1.0819260340363921 0.00073420060344214701 0.00073420060344214701 0.00073420060344214701 1 1 1 Converged Converged Converged OK OK OK 50 50 50 50 50 50 6 6 6 0 0 0 0 0 1 0 0
82 82 uniform 4 7 829 1 0.001 0.44280210839663364 0.0011433724215168545 0.081536265851757508 1.7100190029404481 -0.029086392401668992 1.7036379038737888 0 -1.7031321943691595 1.0798243151063369 OK 13 12 0.41628100000000001 0.26360600000000001 0.094938999999999996 0.32023200000000002 0.16393199999999999 0 0.096048999999999995 0.099674000000000013 0.094938999999999996 0.0084740000000000006 0.0084589999999999995 0.0078969999999999995 0.075746999999999967 0.07961099999999996 0.075598000000000012 0.0017389999999999999 0.0018180000000000002 0.0017829999999999999 0.00036600000000000001 0.00039199999999999999 0.00035800000000000003 1.079827251485614 1.079827251485614 1.079827251485614 0.00079912336787238772 0.00079912336787238772 0.00079912336787238772 1 1 1 Converged Converged Converged OK OK OK 50 50 50 50 50 50 6 6 6 0 0 0 0 1 0 0 1
82 82 uniform 4 15 829 2 0.001 0.44280210839663364 0.0011433724215168545 0.081536265851757508 1.7100190029404481 -0.029086392401668992 1.7149820799922941 0 -1.7144763704876649 1.077466859461415 OK 13 12 0.42429299999999998 0.272567 0.097790000000000002 0.32475399999999999 0.16852200000000001 0 0.099538999999999989 0.104045 0.097790000000000002 0.0083119999999999999 0.0085599999999999999 0.0078930000000000007 0.079302999999999985 0.083694000000000005 0.078622999999999985 0.0018189999999999999 0.0018870000000000002 0.001707 0.000368 0.00037699999999999995 0.00035500000000000001 1.0774704348439192 1.0774704348439192 1.0774704348439192 0.0009096470197170575 0.0009096470197170575 0.0009096470197170575 1 1 1 Converged Converged Converged OK OK OK 50 50 50 50 50 50 6 6 6 0 0 0 0 1 0 0 1
82 82 uniform 4 23 829 3 0.001 0.44280210839663364 0.0011433724215168545 0.081536265851757508 1.7100190029404481 -0.029086392401668992 1.7263262561107995 0 -1.7258205466061702 1.0751649845890012 OK 14 13 0.43718299999999999 0.29135699999999998 0.114424 0.31994299999999998 0.17000999999999999 0 0.11724000000000001 0.12134699999999998 0.114424 0.0093019999999999995 0.0091990000000000006 0.0082629999999999995 0.092810999999999977 0.096894999999999995 0.092172999999999991 0.0024530000000000003 0.0025269999999999997 0.0021610000000000002 0.00059500000000000004 0.00060399999999999994 0.00054600000000000004 1.075164463342799 1.075164463342799 1.075164463342799 0.0007350903657573608 0.0007350903657573608 0.0007350903657573608 1 1 1 Converged Converged Converged OK OK OK 58 58 58 58 58 58 6 6 6 0 0 0 0 1 0 0 1
82 82 uniform 4 0 829 0 0.0001 0.44280210839663364 0.0011433724215168545 0.081536265851757508 1.7100190029404481 -0.029086392401668992 1.6937117497700966 0 -1.6932060402654674 1.0819235702318328 OK 13 12 0.42976700000000001 0.428867 0.132603 0.29242899999999999 0.29568 0 0.13733800000000002 0.133187 0.132603 0.009469 0.0096190000000000008 0.0093489999999999997 0.096735999999999975 0.09699499999999997 0.096596000000000001 0.0035959999999999998 0.0034679999999999997 0.0036329999999999995 0.00083600000000000005 0.00084199999999999998 0.0008479999999999999 1.0819235948099151 1.0819235948099151 1.0819235948099151 1.6677913496177549e-05 1.6677913496177549e-05 1.6677913496177549e-05 1 1 1 Converged Converged Converged OK OK OK 82 82 82 82 82 82 6 6 6 0 0 0 0 0 1 0 0
82 82 uniform 4 7 829 1 0.0001 0.44280210839663364 0.0011433724215168545 0.081536265851757508 1.7100190029404481 -0.029086392401668992 1.7036379038737888 0 -1.7031321943691595 1.0798243151063369 OK 13 12 0.44878899999999999 0.30498900000000001 0.13010099999999999 0.316467 0.16411999999999999 0 0.132322 0.14086900000000002 0.13010099999999999 0.0085540000000000008 0.0088100000000000001 0.0079260000000000008 0.102155 0.10935700000000001 0.10152600000000006 0.0037179999999999995 0.0041749999999999999 0.003398 0.00078699999999999994 0.00088999999999999995 0.00076500000000000005 1.0798243408354333 1.0798243408354333 1.0798243408354333 1.2370539027316228e-05 1.2370539027316228e-05 1.2370539027316228e-05 1 1 1 Converged Converged Converged OK OK OK 82 82 82 82 82 82 6 6 6 0 0 0 0 1 0 0 1
82 82 uniform 4 15 829 2 0.0001 0.44280210839663364 0.0011433724215168545 0.081536265851757508 1.7100190029404481 -0.029086392401668992 1.7149820799922941 0 -1.7144763704876649 1.077466859461415 OK 13 12 0.45966000000000001 0.31430200000000003 0.133357 0.323824 0.17242399999999999 0 0.13583600000000001 0.14187800000000003 0.133357 0.0085629999999999994 0.0083899999999999999 0.0078609999999999999 0.10547100000000001 0.11213800000000003 0.10496200000000001 0.0036449999999999998 0.0035600000000000002 0.0034260000000000002 0.00081599999999999999 0.00085700000000000012 0.00080999999999999996 1.0774668946030959 1.0774668946030959 1.0774668946030959 1.1599448985435858e-05 1.1599448985435858e-05 1.1599448985435858e-05 1 1 1 Converged Converged Converged OK OK OK 82 82 82 82 82 82 6 6 6 0 0 0 0 1 0 0 1
82 82 uniform 4 23 829 3 0.0001 0.44280210839663364 0.0011433724215168545 0.081536265851757508 1.7100190029404481 -0.029086392401668992 1.7263262561107995 0 -1.7258205466061702 1.0751649845890012 OK 14 13 0.46374399999999999 0.32012499999999999 0.13689499999999999 0.323432 0.17416499999999999 0 0.14031199999999999 0.14596000000000001 0.13689499999999999 0.0092659999999999999 0.0092250000000000006 0.0083040000000000006 0.10922799999999999 0.11555600000000001 0.10829700000000003 0.0038519999999999995 0.0035759999999999998 0.0034030000000000002 0.00086899999999999998 0.0008699999999999999 0.00085400000000000005 1.0751650329599152 1.0751650329599152 1.0751650329599152 1.4353945109003648e-05 1.4353945109003648e-05 1.4353945109003648e-05 1 1 1 Converged Converged Converged OK OK OK 82 82 82 82 82 82 6 6 6 0 0 0 0 1 0 0 1
83 83 linear 0 0 830 0 0.001 0.53380287479688393 0.00016575656363103554 0.00022876857648152009 1.3383311524314243 0.041195680417527178 1.3382853987161281 0.5 -1.3381969320498759 2.9539575394737163 OK 14 13 0.88045399999999996 0.87211899999999998 0.26261899999999999 0.61361900000000003 0.60545899999999997 0 0.26683499999999993 0.26666000000000001 0.26261899999999999 0.086315000000000003 0.088007000000000002 0.084871000000000002 0.14505200000000001 0.14229 0.14218200000000003 0.0051489999999999991 0.0057659999999999994 0.0054039999999999999 0.001255 0.001348 0.001289 2.9539654934306379 2.9539654934306379 2.9539654934306379 0.0012611492701542141 0.0012611492701542141 0.0012611492701542141 1 1 1 Converged Converged Converged OK OK OK 98 98 98 98 98 98 6 6 6 0 0 0 0 0 1 0 0
83 83 linear 0 7 830 1 0.001 0.53380287479688393 0.00016575656363103554 0.00022876857648152009 1.3383311524314243 0.041195680417527178 1.3383132488036997 0.5 -1.3382247821374476 3.1146269211471527 OK 14 13 0.89261800000000002 0.82021200000000005 0.25428099999999998 0.62432799999999999 0.479765 0 0.26829000000000003 0.34044700000000006 0.25428099999999998 0.088793999999999998 0.089246000000000006 0.079973000000000002 0.14992600000000003 0.22073799999999988 0.14634899999999998 0.0060219999999999996 0.0066299999999999996 0.0055729999999999998 0.0012839999999999998 0.001431 0.0012029999999999999 3.1146315135833249 3.1146315135833249 3.1146315135833249 0.0012775367123426481 0.0012775367123426481 0.0012775367123426481 1 1 1 Converged Converged Converged OK OK OK 98 98 98 98 98 98 6 6 6 0 0 0 0 1 0 0 1
83 83 linear 0 15 830 2 0.001 0.53380287479688393 0.00016575656363103554 0.00022876857648152009 1.3383311524314243 0.041195680417527178 1.3383450774752101 0.5 -1.338256610808958 3.2882775465675538 OK 14 13 0.82006699999999999 0.72767999999999999 0.22505800000000001 0.58078700000000005 0.437861 0 0.23927999999999994 0.28981899999999999 0.22505800000000001 0.086435999999999999 0.085680999999999993 0.080962000000000006 0.12597400000000003 0.18087199999999998 0.12232200000000004 0.0046610000000000002 0.0044460000000000003 0.0041140000000000005 0.0010930000000000002 0.001075 0.001098 3.2882956853287091 3.2882956853287091 3.2882956853287091 0.0031613961932893679 0.0031613961932893679 0.0031613961932893679 1 1 1 Converged Converged Converged OK OK OK 82 82 82 82 82 82 6 6 6 0 0 0 0 1 0 0 1
83 83 linear 0 23 830 3 0.001 0.53380287479688393 0.00016575656363103554 0.00022876857648152009 1.3383311524314243 0.041195680417527178 1.3383769061467206 0.5 -1.3382884394804684 3.4492181667607094 OK 14 13 0.90175000000000005 0.80968700000000005 0.22366900000000001 0.66627499999999995 0.51360700000000004 0 0.2354750000000001 0.29608000000000001 0.22366900000000001 0.083949999999999997 0.087226999999999999 0.078103000000000006 0.12851299999999999 0.18605899999999997 0.12400099999999999 0.0043600000000000002 0.0042979999999999997 0.0039290000000000002 0.0010250000000000001 0.001013 0.0010129999999999998 3.4492254005518301 3.4492254005518301 3.4492254005518301 0.003222409476318759 0.003222409476318759 0.003222409476318759 1 1 1 Converged Converged Converged OK OK OK 82 82 82 82 82 82 6 6 6 0 0 0 0 1 0 0 1
83 83 linear 0 0 830 0 0.0001 0.53380287479688393 0.00016575656363103554 0.00022876857648152009 1.3383311524314243 0.041195680417527178 1.3382853987161281 0.5 -1.3381969320498759 2.9539575394737163 OK 14 13 0.90835100000000002 0.90108600000000005 0.29586800000000002 0.610016 0.60352600000000001 0 0.29833500000000002 0.29756000000000005 0.29586800000000002 0.087308999999999998 0.089396000000000003 0.088737999999999997 0.16832399999999997 0.16579800000000003 0.16494700000000009 0.0065310000000000003 0.0064249999999999984 0.0061790000000000005 0.0013310000000000002 0.0013620000000000001 0.0013969999999999998 2.9539654944541516 2.9539654944541516 2.9539654944541516 0.00024662710503549329 0.00024662710503549329 0.00024662710503549329 1 1 1 Converged Converged Converged OK OK OK 114 114 114 114 114 114 6 6 6 0 0 0 0 0 1 0 0
83 83 linear 0 7 830 1 0.0001 0.53380287479688393 0.00016575656363103554 0.00022876857648152009 1.3383311524314243 0.041195680417527178 1.3383132488036997 0.5 -1.3382247821374476 3.1146269211471527 OK 14 13 0.91977500000000001 0.85233899999999996 0.28030300000000002 0.62787599999999999 0.47248699999999999 0 0.29189900000000002 0.37985199999999997 0.28030300000000002 0.085217000000000001 0.088401999999999994 0.079837000000000005 0.17255099999999995 0.25822299999999998 0.16805199999999992 0.0065789999999999998 0.006111000000000001 0.0060140000000000011 0.001374 0.001359 0.0014450000000000001 3.1146315146164842 3.1146315146164842 3.1146315146164842 0.00025893097188775966 0.00025893097188775966 0.00025893097188775966 1 1 1 Converged Converged Converged OK OK OK 114 114 114 114 114 114 6 6 6 0 0 0 0 1 0 0 1
83 83 linear 0 15 830 2 0.0001 0.53380287479688393 0.00016575656363103554 0.00022876857648152009 1.3383311524314243 0.041195680417527178 1.3383450774752101 0.5 -1.338256610808958 3.2882775465675538 OK 14 13 0.87188600000000005 0.80169199999999996 0.27696900000000002 0.58341399999999999 0.43590499999999999 0 0.28847200000000006 0.36578699999999997 0.27696900000000002 0.087993000000000002 0.084667000000000006 0.081853999999999996 0.16748999999999997 0.24802200000000008 0.16342999999999999 0.0060800000000000003 0.0062790000000000007 0.0058310000000000002 0.0013609999999999998 0.0012990000000000002 0.0013219999999999998 3.2882956873751366 3.2882956873751366 3.2882956873751366 0.00029895679721848319 0.00029895679721848319 0.00029895679721848319 1 1 1 Converged Converged Converged OK OK OK 114 114 114 114 114 114 6 6 6 0 0 0 0 1 0 0 1
83 83 linear 0 23 830 3 0.0001 0.53380287479688393 0.00016575656363103554 0.00022876857648152009 1.3383311524314243 0.041195680417527178 1.3383769061467206 0.5 -1.3382884394804684 3.4492181667607094 OK 14 13 0.98371299999999995 0.93777999999999995 0.30597400000000002 0.66084399999999999 0.51603399999999999 0 0.32286899999999996 0.42174599999999995 0.30597400000000002 0.084790000000000004 0.088710999999999998 0.078883999999999996 0.19769500000000001 0.29290900000000014 0.18796299999999991 0.0074339999999999996 0.0072619999999999994 0.0073080000000000003 0.0015460000000000001 0.0015049999999999998 0.001487 3.4492254027569222 3.4492254027569222 3.4492254027569222 0.00011748126569253478 0.00011748126569253478 0.00011748126569253478 1 1 1 Converged Converged Converged OK OK OK 130 130 130 130 130 130 6 6 6 0 0 0 0 1 0 0 1
83 83 linear 1 0 831 0 0.001 0.53380287479688393 0.00016575656363103554 0.00022876857648152009 1.3377102516606698 -0.040773250991531444 1.3376644979453736 0.5 -1.3375760312791214 3.3165568145533433 OK 13 12 0.55625400000000003 0.55039099999999996 0.16950499999999999 0.37794299999999997 0.37747000000000003 0 0.17831100000000005 0.17292099999999994 0.16950499999999999 0.063461000000000004 0.060902999999999999 0.058381000000000002 0.094068000000000013 0.092079999999999981 0.091514999999999971 0.003261 0.0030079999999999998 0.0030120000000000004 0.00093500000000000007 0.00084899999999999993 0.00094600000000000001 3.3165676568775204 3.3165676568775204 3.3165676568775204 0.0021490502587728061 0.0021490502587728061 0.0021490502587728061 1 1 1 Converged Converged Converged OK OK OK 60 60 60 60 60 60 4 4 4 0 0 0 0 0 1 0 0
83 83 linear 1 7 831 1 0.001 0.53380287479688393 0.00016575656363103554 0.00022876857648152009 1.3377102516606698 -0.040773250991531444 1.3376923480329452 0.5 -1.3376038813666931 3.5136685675735051 OK 13 12 0.592831 0.49265799999999998 0.19192799999999999 0.39141599999999999 0.23872499999999999 0 0.20141500000000001 0.25393299999999996 0.19192799999999999 0.061774000000000003 0.062494000000000001 0.056870999999999998 0.11736299999999997 0.16983200000000004 0.11427000000000002 0.0039690000000000003 0.0039220000000000001 0.003516 0.0010559999999999999 0.0010809999999999999 0.0010579999999999999 3.5136856959080429 3.5136856959080429 3.5136856959080429 0.0028511598493560432 0.0028511598493560432 0.0028511598493560432 1 1 1 Converged Converged Converged OK OK OK 74 74 74 74 74 74 6 6 6 0 0 0 0 1 0 0 1
83 83 linear 1 15 831 2 0.001 0.53380287479688393 0.00016575656363103554 0.00022876857648152009 1.3377102516606698 -0.040773250991531444 1.3377241767044556 0.5 -1.3376357100382035 3.7289967719172443 OK 13 12 0.59495900000000002 0.48868800000000001 0.186281 0.394289 0.244367 0 0.20067000000000002 0.24432100000000001 0.186281 0.066512000000000002 0.062715999999999994 0.056410000000000002 0.114582 0.16197299999999995 0.11174300000000001 0.003771 0.003888 0.0033660000000000001 0.00097800000000000014 0.000977 0.00091500000000000001 3.7290052831546627 3.7290052831546627 3.7290052831546627 0.0024771840683526967 0.0024771840683526967 0.0024771840683526967 1 1 1 Converged Converged Converged OK OK OK 74 74 74 74 74 74 6 6 6 0 0 0 0 1 0 0 1
83 83 linear 1 23 831 3 0.001 0.53380287479688393 0.00016575656363103554 0.00022876857648152009 1.3377102516606698 -0.040773250991531444 1.3377560053759661 0.5 -1.3376675387097139 3.933669000792182 OK 13 12 0.63908399999999999 0.52886100000000003 0.17988299999999999 0.44950800000000002 0.29461599999999999 0 0.18957599999999997 0.23424500000000004 0.17988299999999999 0.06191 0.061159999999999999 0.056104000000000001 0.10877800000000001 0.15404099999999996 0.10589399999999999 0.003437 0.0036180000000000001 0.0032030000000000001 0.00098400000000000007 0.001018 0.00088399999999999991 3.933686359110165 3.933686359110165 3.933686359110165 0.0026644923392374481 0.0026644923392374481 0.0026644923392374481 1 1 1 Converged Converged Converged OK OK OK 74 74 74 74 74 74 6 6 6 0 0 0 0 1 0 0 1
83 83 linear 1 0 831 0 0.0001 0.53380287479688393 0.00016575656363103554 0.00022876857648152009 1.3377102516606698 -0.040773250991531444 1.3376644979453736 0.5 -1.3375760312791214 3.3165568145533433 OK 13 12 0.58688300000000004 0.57889900000000005 0.198856 0.37624800000000003 0.374552 0 0.21063500000000002 0.20434700000000006 0.198856 0.066997000000000001 0.063450000000000006 0.058878 0.11645600000000002 0.11395299999999998 0.11363699999999999 0.0043010000000000001 0.0046289999999999994 0.0039949999999999994 0.0011729999999999998 0.00107 0.0011440000000000001 3.3165676578806305 3.3165676578806305 3.3165676578806305 0.00030962222990224504 0.00030962222990224504 0.00030962222990224504 1 1 1 Converged Converged Converged OK OK OK 76 76 76 76 76 76 4 4 4 0 0 0 0 0 1 0 0
83 83 linear 1 7 831 1 0.0001 0.53380287479688393 0.00016575656363103554 0.00022876857648152009 1.3377102516606698 -0.040773250991531444 1.3376923480329452 0.5 -1.3376038813666931 3.5136685675735051 OK 13 12 0.639567 0.55949300000000002 0.24060100000000001 0.39011299999999999 0.23913000000000001 0 0.24945400000000001 0.32036300000000001 0.24060100000000001 0.061085 0.062848000000000001 0.056298000000000001 0.15849000000000005 0.22641299999999992 0.15480600000000003 0.0050049999999999999 0.0060169999999999998 0.0053880000000000004 0.001255 0.0013309999999999999 0.001232 3.5136810564731502 3.5136810564731502 3.5136810564731502 0.00033950137213089758 0.00033950137213089758 0.00033950137213089758 1 1 1 Converged Converged Converged OK OK OK 106 106 106 106 106 106 6 6 6 0 0 0 0 1 0 0 1
83 83 linear 1 15 831 2 0.0001 0.53380287479688393 0.00016575656363103554 0.00022876857648152009 1.3377102516606698 -0.040773250991531444 1.3377241767044556 0.5 -1.3376357100382035 3.7289967719172443 OK 13 12 0.66541899999999998 0.58503899999999998 0.26307399999999997 0.39597900000000003 0.24240800000000001 0 0.26943999999999996 0.34263099999999996 0.26307399999999997 0.061037000000000001 0.062017000000000003 0.056783 0.17547799999999994 0.24659600000000004 0.17416099999999993 0.0063909999999999991 0.0072429999999999994 0.0060689999999999997 0.001325 0.001348 0.0012899999999999997 3.7290052504963231 3.7290052504963231 3.7290052504963231 0.00025389629880067196 0.00025389629880067196 0.00025389629880067196 1 1 1 Converged Converged Converged OK OK OK 122 122 122 122 122 122 6 6 6 0 0 0 0 1 0 0 1
83 83 linear 1 23 831 3 0.0001 0.53380287479688393 0.00016575656363103554 0.00022876857648152009 1.3377102516606698 -0.040773250991531444 1.3377560053759661 0.5 -1.3376675387097139 3.933669000792182 OK 13 12 0.70075799999999999 0.62629800000000002 0.241173 0.44615300000000002 0.29963299999999998 0 0.25460499999999997 0.32666500000000004 0.241173 0.065359 0.061676000000000002 0.057195000000000003 0.15987700000000007 0.23538799999999996 0.15558400000000006 0.0060060000000000001 0.0060550000000000005 0.0055609999999999991 0.0014499999999999999 0.0014790000000000001 0.001428 3.9336864813264425 3.9336864813264425 3.9336864813264425 0.00024115590929612012 0.00024115590929612012 0.00024115590929612012 1 1 1 Converged Converged Converged OK OK OK 114 114 114 114 114 114 6 6 6 0 0 0 0 1 0 0 1
83 83 linear 2 0 832 0 0.001 0.53380287479688393 0.00016575656363103554 0.00022876857648152009 1.3400635585988618 0.041327165365050052 1.3400178048835656 0.5 -1.3399293382173134 1.7499118082361211 OK 14 13 0.72932200000000003 0.72483500000000001 0.24382899999999999 0.474663 0.47772100000000001 0 0.25465900000000002 0.247114 0.24382899999999999 0.085894999999999999 0.085178000000000004 0.082775000000000001 0.13677699999999995 0.12978500000000007 0.12914900000000001 0.0047129999999999993 0.0049579999999999997 0.0048739999999999999 0.0011119999999999999 0.001142 0.0010460000000000001 1.749905757543488 1.749905757543488 1.749905757543488 0.0010030607148094109 0.0010030607148094109 0.0010030607148094109 1 1 1 Converged Converged Converged OK OK OK 84 84 84 84 84 84 4 4 4 0 0 0 0 0 1 0 0
83 83 linear 2 7 832 1 0.001 0.53380287479688393 0.00016575656363103554 0.00022876857648152009 1.3400635585988618 0.041327165365050052 1.3400456549711373 0.5 -1.3399571883048851 1.7410981566011712 OK 13 12 0.64560700000000004 0.55660399999999999 0.15679699999999999 0.475804 0.33088499999999998 0 0.16980300000000004 0.225719 0.15679699999999999 0.062548999999999993 0.059086 0.053802000000000003 0.086080999999999977 0.14644599999999999 0.083750999999999992 0.0038799999999999998 0.003669 0.0034279999999999996 0.00079500000000000003 0.00077000000000000007 0.00076400000000000003 1.7410971255794634 1.7410971255794634 1.7410971255794634 0.0011130554564849208 0.0011130554564849208 0.0011130554564849208 1 1 1 Converged Converged Converged OK OK OK 61 61 61 61 61 61 3 3 3 0 0 0 0 1 0 0 1
83 83 linear 2 15 832 2 0.001 0.53380287479688393 0.00016575656363103554 0.00022876857648152009 1.3400635585988618 0.041327165365050052 1.3400774836426477 0.5 -1.3399890169763955 1.7373920295377094 OK 13 12 0.724217 0.63381200000000004 0.15932199999999999 0.55401500000000004 0.40587499999999999 0 0.17020199999999996 0.22793700000000006 0.15932199999999999 0.060366000000000003 0.058720000000000001 0.053267000000000002 0.089434000000000013 0.14910999999999999 0.087358999999999978 0.0037229999999999997 0.0035430000000000001 0.0033399999999999992 0.00072999999999999985 0.00076500000000000005 0.00069400000000000006 1.7373910171179807 1.7373910171179807 1.7373910171179807 0.001106611273909005 0.001106611273909005 0.001106611273909005 1 1 1 Converged Converged Converged OK OK OK 61 61 61 61 61 61 3 3 3 0 0 0 0 1 0 0 1
83 83 linear 2 23 832 3 0.001 0.53380287479688393 0.00016575656363103554 0.00022876857648152009 1.3400635585988618 0.041327165365050052 1.3401093123141581 0.5 -1.3400208456479059 1.7337256619894437 OK 13 12 0.61175500000000005 0.53547400000000001 0.165662 0.44030799999999998 0.29828700000000002 0 0.17144700000000007 0.23718699999999998 0.165662 0.056141000000000003 0.059476000000000001 0.053818999999999999 0.095293000000000003 0.15771400000000002 0.093064000000000008 0.0035010000000000002 0.0035969999999999999 0.003143 0.00076300000000000001 0.00073499999999999998 0.00070899999999999999 1.7337246681213538 1.7337246681213538 1.7337246681213538 0.00110023116988459 0.00110023116988459 0.00110023116988459 1 1 1 Converged Converged Converged OK OK OK 61 61 61 61 61 61 3 3 3 0 0 0 0 1 0 0 1
83 83 linear 2 0 832 0 0.0001 0.53380287479688393 0.00016575656363103554 0.00022876857648152009 1.3400635585988618 0.041327165365050052 1.3400178048835656 0.5 -1.3399293382173134 1.7499118082361211 OK 14 13 0.77384600000000003 0.77239599999999997 0.28915400000000002 0.47596300000000002 0.47406199999999998 0 0.29788300000000001 0.29833399999999999 0.28915400000000002 0.083504999999999996 0.086777999999999994 0.082743999999999998 0.17221700000000001 0.16890400000000005 0.16398699999999999 0.0060720000000000001 0.0063800000000000003 0.0061739999999999989 0.0013179999999999999 0.001366 0.0013439999999999999 1.7499072646704801 1.7499072646704801 1.7499072646704801 3.0312153058105019e-06 3.0312153058105019e-06 3.0312153058105019e-06 1 1 1 Converged Converged Converged OK OK OK 108 108 108 108 108 108 4 4 4 0 0 0 0 0 1 0 0
83 83 linear 2 7 832 1 0.0001 0.53380287479688393 0.00016575656363103554 0.00022876857648152009 1.3400635585988618 0.041327165365050052 1.3400456549711373 0.5 -1.3399571883048851 1.7410981566011712 OK 13 12 0.70172599999999996 0.63640600000000003 0.211448 0.47768899999999997 0.32310299999999997 0 0.22403699999999999 0.31330300000000005 0.211448 0.060859000000000003 0.059505000000000002 0.053763999999999999 0.13126199999999999 0.22354900000000003 0.12817000000000003 0.0063150000000000003 0.0056879999999999995 0.0053830000000000006 0.001054 0.001 0.0010189999999999999 1.7410971265494823 1.7410971265494823 1.7410971265494823 1.7075380032112172e-08 1.7075380032112172e-08 1.7075380032112172e-08 1 1 1 Converged Converged Converged OK OK OK 93 93 93 93 93 93 3 3 3 0 0 0 0 1 0 0 1
83 83 linear 2 15 832 2 0.0001 0.53380287479688393 0.00016575656363103554 0.00022876857648152009 1.3400635585988618 0.041327165365050052 1.3400774836426477 0.5 -1.3399890169763955 1.7373920295377094 OK 13 12 0.77964599999999995 0.71503300000000003 0.213869 0.55862800000000001 0.40501199999999998 0 0.22101799999999994 0.31002100000000005 0.213869 0.058070999999999998 0.062003000000000003 0.053962999999999997 0.13342499999999999 0.21832499999999996 0.13093299999999999 0.0051749999999999999 0.0053690000000000005 0.005241 0.00090299999999999994 0.00092400000000000013 0.00092299999999999999 1.7373910180779284 1.7373910180779284 1.7373910180779284 1.6909576776998312e-08 1.6909576776998312e-08 1.6909576776998312e-08 1 1 1 Converged Converged Converged OK OK OK 93 93 93 93 93 93 3 3 3 0 0 0 0 1 0 0 1
83 83 linear 2 23 832 3 0.0001 0.53380287479688393 0.00016575656363103554 0.00022876857648152009 1.3400635585988618 0.041327165365050052 1.3401093123141581 0.5 -1.3400208456479059 1.7337256619894437 OK 13 12 0.683419 0.62051999999999996 0.21740599999999999 0.44960600000000001 0.29818299999999998 0 0.23381299999999999 0.32233699999999998 0.21740599999999999 0.059798999999999998 0.059792999999999999 0.050402000000000002 0.14227200000000001 0.23303100000000007 0.13822699999999988 0.0060850000000000001 0.0052469999999999999 0.0050039999999999998 0.001008 0.00090000000000000008 0.00088699999999999998 1.7337246690715391 1.7337246690715391 1.7337246690715391 1.6743529493056178e-08 1.6743529493056178e-08 1.6743529493056178e-08 1 1 1 Converged Converged Converged OK OK OK 93 93 93 93 93 93 3 3 3 0 0 0 0 1 0 0 1
83 83 linear 3 0 833 0 0.001 0.53380287479688393 0.00016575656363103554 0.00022876857648152009 1.3387240612028912 -0.042555391216095098 1.338678307487595 0.5 -1.3385898408213428 1.7386159403950112 OK 13 12 0.53243600000000002 0.53412700000000002 0.14843600000000001 0.38052399999999997 0.382077 0 0.15191200000000005 0.15205000000000002 0.14843600000000001 0.034646000000000003 0.036054000000000003 0.033055000000000001 0.095102999999999993 0.093649999999999997 0.093447000000000016 0.003235 0.0035149999999999999 0.0032320000000000005 0.00071599999999999995 0.00067800000000000011 0.00068100000000000007 1.7386148844575842 1.7386148844575842 1.7386148844575842 0.0010582151752083432 0.0010582151752083432 0.0010582151752083432 1 1 1 Converged Converged Converged OK OK OK 61 61 61 61 61 61 3 3 3 0 0 0 0 0 1 0 0
83 83 linear 3 7 833 1 0.001 0.53380287479688393 0.00016575656363103554 0.00022876857648152009 1.3387240612028912 -0.042555391216095098 1.3387061575751666 0.5 -1.3386176909089145 1.7625633825137448 OK 13 12 0.528976 0.44952799999999998 0.156058 0.37318099999999998 0.22528300000000001 0 0.15579500000000002 0.22424499999999997 0.156058 0.034637000000000001 0.035843 0.031660000000000001 0.10180399999999996 0.16849199999999998 0.10531500000000001 0.0032160000000000001 0.00348 0.0032119999999999996 0.00074400000000000009 0.00080499999999999994 0.00077300000000000003 1.7625622892598589 1.7625622892598589 1.7625622892598589 0.0010850544237829658 0.0010850544237829658 0.0010850544237829658 1 1 1 Converged Converged Converged OK OK OK 61 61 61 61 61 61 3 3 3 0 0 0 0 1 0 0 1
83 83 linear 3 15 833 2 0.001 0.53380287479688393 0.00016575656363103554 0.00022876857648152009 1.3387240612028912 -0.042555391216095098 1.3387379862466771 0.5 -1.3386495195804249 1.795299943215755 OK 13 12 0.53751800000000005 0.43662299999999998 0.13744300000000001 0.39253300000000002 0.240401 0 0.14498500000000003 0.19622199999999998 0.13744300000000001 0.035478999999999997 0.035143000000000001 0.031264 0.089862000000000011 0.14163600000000007 0.087274999999999991 0.0034489999999999998 0.0033290000000000004 0.0031930000000000001 0.00075199999999999996 0.00075600000000000016 0.00072900000000000005 1.7952987998586336 1.7952987998586336 1.7952987998586336 0.0011167724544915319 0.0011167724544915319 0.0011167724544915319 1 1 1 Converged Converged Converged OK OK OK 61 61 61 61 61 61 3 3 3 0 0 0 0 1 0 0 1
83 83 linear 3 23 833 3 0.001 0.53380287479688393 0.00016575656363103554 0.00022876857648152009 1.3387240612028912 -0.042555391216095098 1.3387698149181875 0.5 -1.3386813482519353 1.8362658681283917 OK 13 12 0.50640200000000002 0.40167700000000001 0.14291300000000001 0.35609299999999999 0.19273199999999999 0 0.15030900000000003 0.20894500000000002 0.14291300000000001 0.035374000000000003 0.035281 0.031038 0.095276000000000013 0.15381899999999998 0.093148000000000009 0.0034859999999999999 0.0034970000000000001 0.0032360000000000002 0.00068300000000000001 0.00072399999999999993 0.00066999999999999991 1.8362646469455064 1.8362646469455064 1.8362646469455064 0.0011476895900348315 0.0011476895900348315 0.0011476895900348315 1 1 1 Converged Converged Converged OK OK OK 61 61 61 61 61 61 3 3 3 0 0 0 0 1 0 0 1
83 83 linear 3 0 833 0 0.0001 0.53380287479688393 0.00016575656363103554 0.00022876857648152009 1.3387240612028912 -0.042555391216095098 1.338678307487595 0.5 -1.3385898408213428 1.7386159403950112 OK 13 12 0.59018899999999996 0.58888499999999999 0.20369000000000001 0.38095099999999998 0.37808599999999998 0 0.20923799999999998 0.21079900000000001 0.20369000000000001 0.035111999999999997 0.03483 0.032627999999999997 0.13960299999999995 0.14202799999999993 0.13720500000000005 0.0050749999999999997 0.0050330000000000001 0.0050939999999999996 0.00098200000000000002 0.00093800000000000003 0.00089900000000000006 1.7386148858009198 1.7386148858009198 1.7386148858009198 1.1514600904032794e-08 1.1514600904032794e-08 1.1514600904032794e-08 1 1 1 Converged Converged Converged OK OK OK 93 93 93 93 93 93 3 3 3 0 0 0 0 0 1 0 0
83 83 linear 3 7 833 1 0.0001 0.53380287479688393 0.00016575656363103554 0.00022876857648152009 1.3387240612028912 -0.042555391216095098 1.3387061575751666 0.5 -1.3386176909089145 1.7625633825137448 OK 13 12 0.58308700000000002 0.52548799999999996 0.20584 0.36811700000000003 0.22582099999999999 0 0.21496999999999999 0.29966699999999996 0.20584 0.034188000000000003 0.036181999999999999 0.031572000000000003 0.15161899999999998 0.23355500000000004 0.14534899999999995 0.0049079999999999992 0.005195 0.0050109999999999998 0.00098200000000000023 0.0010430000000000001 0.0009630000000000001 1.7625622914100203 1.7625622914100203 1.7625622914100203 1.3819659422152176e-08 1.3819659422152176e-08 1.3819659422152176e-08 1 1 1 Converged Converged Converged OK OK OK 93 93 93 93 93 93 3 3 3 0 0 0 0 1 0 0 1
83 83 linear 3 15 833 2 0.0001 0.53380287479688393 0.00016575656363103554 0.00022876857648152009 1.3387240612028912 -0.042555391216095098 1.3387379862466771 0.5 -1.3386495195804249 1.795299943215755 OK 13 12 0.58776799999999996 0.51662399999999997 0.188724 0.39190599999999998 0.23835999999999999 0 0.19586199999999998 0.27826399999999996 0.188724 0.034604999999999997 0.035006000000000002 0.031113999999999999 0.13204300000000002 0.21366000000000004 0.12899099999999994 0.0050650000000000001 0.0050740000000000004 0.0049900000000000005 0.00096800000000000011 0.001029 0.00092699999999999998 1.795298803820214 1.795298803820214 1.795298803820214 1.671984783167637e-08 1.671984783167637e-08 1.671984783167637e-08 1 1 1 Converged Converged Converged OK OK OK 93 93 93 93 93 93 3 3 3 0 0 0 0 1 0 0 1
83 83 linear 3 23 833 3 0.0001 0.53380287479688393 0.00016575656363103554 0.00022876857648152009 1.3387240612028912 -0.042555391216095098 1.3387698149181875 0.5 -1.3386813482519353 1.8362658681283917 OK 13 12 0.56957100000000005 0.484435 0.19562399999999999 0.35839700000000002 0.195997 0 0.21117400000000003 0.28843799999999997 0.19562399999999999 0.035425999999999999 0.035432999999999999 0.030713000000000001 0.14573900000000006 0.22374299999999994 0.13655700000000004 0.0055430000000000002 0.0051229999999999991 0.0049700000000000005 0.00097199999999999999 0.00095600000000000004 0.00090200000000000013 1.836264654089746 1.836264654089746 1.836264654089746 1.7735418972575496e-08 1.7735418972575496e-08 1.7735418972575496e-08 1 1 1 Converged Converged Converged OK OK OK 93 93 93 93 93 93 3 3 3 0 0 0 0 1 0 0 1
83 83 linear 4 0 834 0 0.001 0.53380287479688393 0.00016575656363103554 0.00022876857648152009 1.3386470967260551 -0.040369527254411466 1.3386013430107588 0.5 -1.3385128763445067 1.4389598930614533 OK 13 12 0.89824099999999996 0.88905500000000004 0.171935 0.72184700000000002 0.71168699999999996 0 0.17639399999999994 0.17736800000000008 0.171935 0.059561000000000003 0.058774 0.057062000000000002 0.094561999999999993 0.096481000000000011 0.092848000000000014 0.003228 0.0031810000000000002 0.0032929999999999999 0.00070299999999999996 0.00072300000000000001 0.00068099999999999996 1.4389591115756819 1.4389591115756819 1.4389591115756819 0.00059806297608915547 0.00059806297608915547 0.00059806297608915547 1 1 1 Converged Converged Converged OK OK OK 61 61 61 61 61 61 3 3 3 0 0 0 0 0 1 0 0
83 83 linear 4 7 834 1 0.001 0.53380287479688393 0.00016575656363103554 0.00022876857648152009 1.3386470967260551 -0.040369527254411466 1.3386291930983305 0.5 -1.3385407264320783 1.4354464664778617 OK 13 12 0.73635099999999998 0.63836199999999999 0.16875000000000001 0.56471800000000005 0.408383 0 0.17163299999999992 0.22997899999999999 0.16875000000000001 0.059015999999999999 0.059152000000000003 0.056503999999999999 0.092971999999999985 0.15146000000000004 0.09282799999999998 0.003339 0.003369 0.0034650000000000002 0.00068599999999999998 0.00068999999999999997 0.00068399999999999993 1.4354456603803676 1.4354456603803676 1.4354456603803676 0.00059154154114989649 0.00059154154114989649 0.00059154154114989649 1 1 1 Converged Converged Converged OK OK OK 61 61 61 61 61 61 3 3 3 0 0 0 0 1 0 0 1
83 83 linear 4 15 834 2 0.001 0.53380287479688393 0.00016575656363103554 0.00022876857648152009 1.3386470967260551 -0.040369527254411466 1.3386610217698409 0.5 -1.3385725551035887 1.4317371700623982 OK 13 12 0.63640699999999994 0.54786400000000002 0.17010800000000001 0.46235900000000002 0.30911499999999997 0 0.17404799999999992 0.23874900000000004 0.17010800000000001 0.059597999999999998 0.064933000000000005 0.055765000000000002 0.094936999999999966 0.15389900000000006 0.095263999999999974 0.0032460000000000002 0.0036570000000000001 0.0032949999999999998 0.0006820000000000001 0.00077500000000000008 0.00070199999999999993 1.4317364146436236 1.4317364146436236 1.4317364146436236 0.00058468608674007612 0.00058468608674007612 0.00058468608674007612 1 1 1 Converged Converged Converged OK OK OK 61 61 61 61 61 61 3 3 3 0 0 0 0 1 0 0 1
83 83 linear 4 23 834 3 0.001 0.53380287479688393 0.00016575656363103554 0.00022876857648152009 1.3386470967260551 -0.040369527254411466 1.3386928504413513 0.5 -1.3386043837750992 1.4283376023814403 OK 13 12 0.963005 0.87133300000000002 0.16578999999999999 0.78666499999999995 0.63241400000000003 0 0.17634000000000005 0.23891899999999999 0.16578999999999999 0.061648000000000001 0.058646999999999998 0.054038999999999997 0.095299000000000009 0.160495 0.092917999999999931 0.003238 0.0035539999999999999 0.0032050000000000004 0.00069700000000000003 0.00072600000000000008 0.0007000000000000001 1.4283368132665961 1.4283368132665961 1.4283368132665961 0.00057842989694013966 0.00057842989694013966 0.00057842989694013966 1 1 1 Converged Converged Converged OK OK OK 61 61 61 61 61 61 3 3 3 0 0 0 0 1 0 0 1
83 83 linear 4 0 834 0 0.0001 0.53380287479688393 0.00016575656363103554 0.00022876857648152009 1.3386470967260551 -0.040369527254411466 1.3386013430107588 0.5 -1.3385128763445067 1.4389598930614533 OK 13 12 0.96788700000000005 0.95990399999999998 0.22753200000000001 0.73104999999999998 0.72464200000000001 0 0.23683700000000008 0.23526199999999997 0.22753200000000001 0.059972999999999999 0.061286 0.057718999999999999 0.141651 0.13902500000000004 0.135654 0.0052269999999999999 0.0052899999999999996 0.0051460000000000004 0.00097599999999999987 0.00094399999999999996 0.00090100000000000011 1.4389591121859497 1.4389591121859497 1.4389591121859497 5.3880251266577627e-09 5.3880251266577627e-09 5.3880251266577627e-09 1 1 1 Converged Converged Converged OK OK OK 93 93 93 93 93 93 3 3 3 0 0 0 0 0 1 0 0
83 83 linear 4 7 834 1 0.0001 0.53380287479688393 0.00016575656363103554 0.00022876857648152009 1.3386470967260551 -0.040369527254411466 1.3386291930983305 0.5 -1.3385407264320783 1.4354464664778617 OK 13 12 0.79371999999999998 0.72666200000000003 0.21745800000000001 0.56733599999999995 0.41800599999999999 0 0.22638400000000003 0.30865600000000004 0.21745800000000001 0.060123999999999997 0.061330999999999997 0.055513 0.13662199999999999 0.21779799999999999 0.133328 0.0051009999999999996 0.0051919999999999996 0.0049510000000000005 0.00091600000000000004 0.00092600000000000007 0.00088900000000000003 1.4354456609648818 1.4354456609648818 1.4354456609648818 5.2033854993258056e-09 5.2033854993258056e-09 5.2033854993258056e-09 1 1 1 Converged Converged Converged OK OK OK 93 93 93 93 93 93 3 3 3 0 0 0 0 1 0 0 1
83 83 linear 4 15 834 2 0.0001 0.53380287479688393 0.00016575656363103554 0.00022876857648152009 1.3386470967260551 -0.040369527254411466 1.3386610217698409 0.5 -1.3385725551035887 1.4317371700623982 OK 13 12 0.68687399999999998 0.62009999999999998 0.21865999999999999 0.45802300000000001 0.31120399999999998 0 0.22885099999999997 0.308896 0.21865999999999999 0.059435000000000002 0.059175999999999999 0.054667 0.139677 0.22024000000000002 0.13527199999999998 0.0051890000000000009 0.0053230000000000005 0.0050680000000000005 0.00091600000000000004 0.00092199999999999997 0.00089500000000000007 1.4317364152017955 1.4317364152017955 1.4317364152017955 5.0136552077413372e-09 5.0136552077413372e-09 5.0136552077413372e-09 1 1 1 Converged Converged Converged OK OK OK 93 93 93 93 93 93 3 3 3 0 0 0 0 1 0 0 1
83 83 linear 4 23 834 3 0.0001 0.53380287479688393 0.00016575656363103554 0.00022876857648152009 1.3386470967260551 -0.040369527254411466 1.3386928504413513 0.5 -1.3386043837750992 1.4283376023814403 OK 13 12 1.0188699999999999 0.94550000000000001 0.21675 0.79347299999999998 0.63670099999999996 0 0.22539699999999996 0.30879900000000005 0.21675 0.058474999999999999 0.058494999999999998 0.053932000000000001 0.13742499999999999 0.220802 0.13428799999999994 0.0050730000000000003 0.0052209999999999991 0.0050100000000000006 0.00090399999999999996 0.00092600000000000007 0.00091199999999999994 1.4283368138013239 1.4283368138013239 1.4283368138013239 4.850384353636418e-09 4.850384353636418e-09 4.850384353636418e-09 1 1 1 Converged Converged Converged OK OK OK 93 93 93 93 93 93 3 3 3 0 0 0 0 1 0 0 1
83 83 uniform 0 0 835 0 0.001 0.53380287479688393 0.00016575656363103554 0.00022876857648152009 1.3383311524314243 0.041195680417527178 1.3382853987161281 0 -1.3381969320498759 2.9807303571002741 OK 14 13 0.81659899999999996 0.81356099999999998 0.20149900000000001 0.60776399999999997 0.60498600000000002 0 0.20883499999999999 0.20857499999999995 0.20149900000000001 0.086613999999999997 0.089460999999999999 0.083799999999999999 0.096850999999999965 0.093580000000000052 0.09285599999999998 0.0031710000000000002 0.0035099999999999997 0.0031649999999999998 0.00075799999999999999 0.00091 0.00077700000000000002 2.9807302175585613 2.9807302175585613 2.9807302175585613 0.0019672677656151771 0.0019672677656151771 0.0019672677656151771 1 1 1 Converged Converged Converged OK OK OK 74 74 74 74 74 74 6 6 6 0 0 0 0 0 1 0 0
83 83 uniform 0 7 835 1 0.001 0.53380287479688393 0.00016575656363103554 0.00022876857648152009 1.3383311524314243 0.041195680417527178 1.3383132488036997 0 -1.3382247821374476 3.123508046208924 OK 14 13 0.82764700000000002 0.72896000000000005 0.198265 0.62386799999999998 0.47301399999999999 0 0.20377900000000004 0.25594600000000006 0.198265 0.081206 0.091328999999999994 0.077964000000000006 0.10272299999999997 0.14473699999999998 0.10048899999999999 0.0031810000000000002 0.0033359999999999996 0.0032619999999999997 0.00078399999999999997 0.00079900000000000001 0.00080500000000000005 3.1235085361927206 3.1235085361927206 3.1235085361927206 0.0022715189148097138 0.0022715189148097138 0.0022715189148097138 1 1 1 Converged Converged Converged OK OK OK 74 74 74 74 74 74 6 6 6 0 0 0 0 1 0 0 1
83 83 uniform 0 15 835 2 0.001 0.53380287479688393 0.00016575656363103554 0.00022876857648152009 1.3383311524314243 0.041195680417527178 1.3383450774752101 0 -1.338256610808958 3.2768810045694714 OK 14 13 0.77911699999999995 0.68046899999999999 0.19728899999999999 0.58152999999999999 0.42907699999999999 0 0.19758699999999996 0.251392 0.19728899999999999 0.084009 0.084904999999999994 0.082174999999999998 0.093672000000000005 0.14653700000000006 0.095270999999999981 0.0032009999999999999 0.0033170000000000001 0.003222 0.00074600000000000003 0.00079200000000000006 0.00083600000000000005 3.2768823773878699 3.2768823773878699 3.2768823773878699 0.0026394927900252971 0.0026394927900252971 0.0026394927900252971 1 1 1 Converged Converged Converged OK OK OK 74 74 74 74 74 74 6 6 6 0 0 0 0 1 0 0 1
83 83 uniform 0 23 835 3 0.001 0.53380287479688393 0.00016575656363103554 0.00022876857648152009 1.3383311524314243 0.041195680417527178 1.3383769061467206 0 -1.3382884394804684 3.4191851575675432 OK 14 13 0.86722100000000002 0.77377600000000002 0.192575 0.66349800000000003 0.517455 0 0.20372299999999999 0.25632100000000002 0.192575 0.085674 0.086563000000000001 0.078438999999999995 0.096673000000000023 0.14972999999999997 0.095059999999999978 0.0040159999999999996 0.003339 0.0031420000000000007 0.00094800000000000006 0.000754 0.00076000000000000004 3.4191883737570246 3.4191883737570246 3.4191883737570246 0.0030311907869210032 0.0030311907869210032 0.0030311907869210032 1 1 1 Converged Converged Converged OK OK OK 74 74 74 74 74 74 6 6 6 0 0 0 0 1 0 0 1
83 83 uniform 0 0 835 0 0.0001 0.53380287479688393 0.00016575656363103554 0.00022876857648152009 1.3383311524314243 0.041195680417527178 1.3382853987161281 0 -1.3381969320498759 2.9807303571002741 OK 14 13 0.84409400000000001 0.845468 0.234095 0.60097400000000001 0.60380199999999995 0 0.24312 0.24166600000000005 0.234095 0.089610999999999996 0.088564000000000004 0.085663000000000003 0.11720499999999998 0.11772399999999998 0.112735 0.005189 0.0050170000000000006 0.0052760000000000003 0.0012329999999999999 0.001245 0.0012309999999999999 2.9807298722643858 2.9807298722643858 2.9807298722643858 0.00028659884947018158 0.00028659884947018158 0.00028659884947018158 1 1 1 Converged Converged Converged OK OK OK 98 98 98 98 98 98 6 6 6 0 0 0 0 0 1 0 0
83 83 uniform 0 7 835 1 0.0001 0.53380287479688393 0.00016575656363103554 0.00022876857648152009 1.3383311524314243 0.041195680417527178 1.3383132488036997 0 -1.3382247821374476 3.123508046208924 OK 14 13 0.85696899999999998 0.776335 0.22225200000000001 0.62907199999999996 0.47242000000000001 0 0.22789700000000002 0.30391499999999999 0.22225200000000001 0.083085999999999993 0.086735999999999994 0.078885999999999998 0.11772400000000001 0.18949399999999988 0.11680800000000002 0.0044359999999999998 0.0049160000000000002 0.0044749999999999998 0.001103 0.0011739999999999999 0.001137 3.1235077806631426 3.1235077806631426 3.1235077806631426 0.00029241529567191634 0.00029241529567191634 0.00029241529567191634 1 1 1 Converged Converged Converged OK OK OK 98 98 98 98 98 98 6 6 6 0 0 0 0 1 0 0 1
83 83 uniform 0 15 835 2 0.0001 0.53380287479688393 0.00016575656363103554 0.00022876857648152009 1.3383311524314243 0.041195680417527178 1.3383450774752101 0 -1.338256610808958 3.2768810045694714 OK 14 13 0.80824300000000004 0.73890299999999998 0.219251 0.58056700000000006 0.43247600000000003 0 0.22767599999999999 0.30642699999999995 0.219251 0.087193000000000007 0.086265999999999995 0.080207000000000001 0.11331899999999999 0.19214099999999995 0.112737 0.004710999999999999 0.005078 0.0045449999999999996 0.0010640000000000001 0.001103 0.0011000000000000001 3.2768807310581742 3.2768807310581742 3.2768807310581742 0.00031503768597165789 0.00031503768597165789 0.00031503768597165789 1 1 1 Converged Converged Converged OK OK OK 98 98 98 98 98 98 6 6 6 0 0 0 0 1 0 0 1
83 83 uniform 0 23 835 3 0.0001 0.53380287479688393 0.00016575656363103554 0.00022876857648152009 1.3383311524314243 0.041195680417527178 1.3383769061467206 0 -1.3382884394804684 3.4191851575675432 OK 14 13 0.91821399999999997 0.864097 0.24296999999999999 0.66038399999999997 0.518737 0 0.25783 0.34536 0.24296999999999999 0.083939 0.088566000000000006 0.077764 0.13799600000000009 0.22017299999999998 0.13247300000000001 0.0066960000000000006 0.0075449999999999996 0.0052350000000000001 0.0015210000000000002 0.001387 0.001279 3.4191851373224091 3.4191851373224091 3.4191851373224091 0.00011857094312149613 0.00011857094312149613 0.00011857094312149613 1 1 1 Converged Converged Converged OK OK OK 114 114 114 114 114 114 6 6 6 0 0 0 0 1 0 0 1
83 83 uniform 1 0 836 0 0.001 0.53380287479688393 0.00016575656363103554 0.00022876857648152009 1.3377102516606698 -0.040773250991531444 1.3376644979453736 0 -1.3375760312791214 3.4479936635288437 OK 13 12 0.53755399999999998 0.53454400000000002 0.15409900000000001 0.37905699999999998 0.37820300000000001 0 0.158497 0.15634100000000001 0.15409900000000001 0.061178999999999997 0.062631999999999993 0.056966999999999997 0.077282999999999991 0.073621000000000034 0.077466999999999994 0.0027600000000000003 0.0029129999999999998 0.0028999999999999998 0.00086199999999999992 0.00089499999999999985 0.00081800000000000004 3.4479937361923039 3.4479937361923039 3.4479937361923039 0.0010408499307302439 0.0010408499307302439 0.0010408499307302439 1 1 1 Converged Converged Converged OK OK OK 60 60 60 60 60 60 4 4 4 0 0 0 0 0 1 0 0
83 83 uniform 1 7 836 1 0.001 0.53380287479688393 0.00016575656363103554 0.00022876857648152009 1.3377102516606698 -0.040773250991531444 1.3376923480329452 0 -1.3376038813666931 3.6260951598222513 OK 13 12 0.55809900000000001 0.467524 0.17058799999999999 0.38439200000000001 0.236489 0 0.173707 0.23103499999999999 0.17058799999999999 0.059839999999999997 0.061889 0.057615 0.093339000000000005 0.14863000000000001 0.092863999999999988 0.003003 0.0031939999999999998 0.0030790000000000001 0.00097600000000000009 0.00091999999999999992 0.0010269999999999999 3.6261029776224487 3.6261029776224487 3.6261029776224487 0.0020090719514585303 0.0020090719514585303 0.0020090719514585303 1 1 1 Converged Converged Converged OK OK OK 74 74 74 74 74 74 6 6 6 0 0 0 0 1 0 0 1
83 83 uniform 1 15 836 2 0.001 0.53380287479688393 0.00016575656363103554 0.00022876857648152009 1.3377102516606698 -0.040773250991531444 1.3377241767044556 0 -1.3376357100382035 3.814100061175782 OK 13 12 0.56633500000000003 0.463648 0.16453899999999999 0.39410400000000001 0.244918 0 0.17223100000000002 0.21873000000000001 0.16453899999999999 0.061976999999999997 0.062189000000000001 0.056301999999999998 0.09156000000000003 0.13705200000000003 0.090598000000000012 0.0032010000000000003 0.003434 0.0028350000000000003 0.001049 0.0010740000000000001 0.00094400000000000007 3.8141004405834362 3.8141004405834362 3.8141004405834362 0.0011282915503088077 0.0011282915503088077 0.0011282915503088077 1 1 1 Converged Converged Converged OK OK OK 74 74 74 74 74 74 6 6 6 0 0 0 0 1 0 0 1
83 83 uniform 1 23 836 3 0.001 0.53380287479688393 0.00016575656363103554 0.00022876857648152009 1.3377102516606698 -0.040773250991531444 1.3377560053759661 0 -1.3376675387097139 3.9878025936953927 OK 13 12 0.61255300000000001 0.50514800000000004 0.158696 0.44530500000000001 0.29298099999999999 0 0.16724800000000001 0.21216700000000005 0.158696 0.062197000000000002 0.061129000000000003 0.056035000000000001 0.086069999999999994 0.13288400000000003 0.085017999999999996 0.003385 0.0030560000000000001 0.0029090000000000001 0.00092400000000000002 0.00095800000000000008 0.00088999999999999995 3.9878028199748896 3.9878028199748896 3.9878028199748896 0.0010304991801568554 0.0010304991801568554 0.0010304991801568554 1 1 1 Converged Converged Converged OK OK OK 74 74 74 74 74 74 6 6 6 0 0 0 0 1 0 0 1
83 83 uniform 1 0 836 0 0.0001 0.53380287479688393 0.00016575656363103554 0.00022876857648152009 1.3377102516606698 -0.040773250991531444 1.3376644979453736 0 -1.3375760312791214 3.4479936635288437 OK 13 12 0.57334600000000002 0.56894599999999995 0.19449 0.38064100000000001 0.37758700000000001 0 0.19270500000000002 0.19135899999999995 0.19449 0.061556 0.060539000000000003 0.059103000000000003 0.10085300000000003 0.10119800000000001 0.10106400000000001 0.0045819999999999993 0.004463 0.0046519999999999999 0.0011670000000000001 0.0010989999999999999 0.001098 3.4479941317088612 3.4479941317088612 3.4479941317088612 9.4418518594493333e-05 9.4418518594493333e-05 9.4418518594493333e-05 1 1 1 Converged Converged Converged OK OK OK 92 92 92 92 92 92 4 4 4 0 0 0 0 0 1 0 0
83 83 uniform 1 7 836 1 0.0001 0.53380287479688393 0.00016575656363103554 0.00022876857648152009 1.3377102516606698 -0.040773250991531444 1.3376923480329452 0 -1.3376038813666931 3.6260951598222513 OK 13 12 0.61797299999999999 0.56012899999999999 0.22606200000000001 0.38668400000000003 0.24140700000000001 0 0.23128899999999997 0.31872199999999995 0.22606200000000001 0.060484000000000003 0.064812999999999996 0.057002999999999998 0.13712600000000003 0.21855400000000003 0.13623999999999989 0.0057140000000000003 0.006945999999999999 0.0056859999999999992 0.0014189999999999999 0.0014340000000000002 0.001451 3.6260956166242448 3.6260956166242448 3.6260956166242448 5.1509800403972699e-05 5.1509800403972699e-05 5.1509800403972699e-05 1 1 1 Converged Converged Converged OK OK OK 122 122 122 122 122 122 6 6 6 0 0 0 0 1 0 0 1
83 83 uniform 1 15 836 2 0.0001 0.53380287479688393 0.00016575656363103554 0.00022876857648152009 1.3377102516606698 -0.040773250991531444 1.3377241767044556 0 -1.3376357100382035 3.814100061175782 OK 13 12 0.62246800000000002 0.55206599999999995 0.223667 0.39743899999999999 0.24914900000000001 0 0.22502900000000003 0.30291699999999994 0.223667 0.060637000000000003 0.063592999999999997 0.056300000000000003 0.13423099999999991 0.20886100000000005 0.13734499999999994 0.0053780000000000008 0.005744 0.0058279999999999998 0.0013209999999999997 0.001353 0.0012819999999999999 3.8141003830074727 3.8141003830074727 3.8141003830074727 9.195285923472588e-05 9.195285923472588e-05 9.195285923472588e-05 1 1 1 Converged Converged Converged OK OK OK 122 122 122 122 122 122 6 6 6 0 0 0 0 1 0 0 1
83 83 uniform 1 23 836 3 0.0001 0.53380287479688393 0.00016575656363103554 0.00022876857648152009 1.3377102516606698 -0.040773250991531444 1.3377560053759661 0 -1.3376675387097139 3.9878025936953927 OK 13 12 0.652111 0.57370500000000002 0.195767 0.45166000000000001 0.29528199999999999 0 0.20045099999999999 0.27842300000000003 0.195767 0.060518000000000002 0.061876 0.056945000000000003 0.11370800000000005 0.18955900000000001 0.112981 0.0045649999999999996 0.0048310000000000002 0.004692 0.0011539999999999999 0.001196 0.0011540000000000001 3.9878030379726468 3.9878030379726468 3.9878030379726468 0.00035338961511171494 0.00035338961511171494 0.00035338961511171494 1 1 1 Converged Converged Converged OK OK OK 106 106 106 106 106 106 6 6 6 0 0 0 0 1 0 0 1
83 83 uniform 2 0 837 0 0.001 0.53380287479688393 0.00016575656363103554 0.00022876857648152009 1.3400635585988618 0.041327165365050052 1.3400178048835656 0 -1.3399293382173134 1.75382095032606 OK 14 13 0.67298599999999997 0.66804399999999997 0.186255 0.48186400000000001 0.47551300000000002 0 0.19112199999999996 0.19253099999999995 0.186255 0.087008000000000002 0.085360000000000005 0.082845000000000002 0.081315000000000026 0.081249000000000002 0.080700999999999995 0.0029499999999999999 0.0030239999999999998 0.0030950000000000001 0.00088100000000000006 0.0009810000000000001 0.00088399999999999991 1.7538207581752894 1.7538207581752894 1.7538207581752894 0.00062964154468592647 0.00062964154468592647 0.00062964154468592647 1 1 1 Converged Converged Converged OK OK OK 60 60 60 60 60 60 4 4 4 0 0 0 0 0 1 0 0
83 83 uniform 2 7 837 1 0.001 0.53380287479688393 0.00016575656363103554 0.00022876857648152009 1.3400635585988618 0.041327165365050052 1.3400456549711373 0 -1.3399571883048851 1.7418369074195177 OK 13 12 0.602441 0.49449599999999999 0.11810900000000001 0.47878500000000002 0.32540999999999998 0 0.12365599999999999 0.16908600000000001 0.11810900000000001 0.058326000000000003 0.059301 0.053734999999999998 0.050640999999999985 0.095329000000000025 0.050264000000000003 0.0022190000000000001 0.0022789999999999998 0.0022340000000000003 0.00067900000000000002 0.00066200000000000005 0.00062399999999999999 1.7418368928174459 1.7418368928174459 1.7418368928174459 0.00062521178080916827 0.00062521178080916827 0.00062521178080916827 1 1 1 Converged Converged Converged OK OK OK 45 45 45 45 45 45 3 3 3 0 0 0 0 1 0 0 1
83 83 uniform 2 15 837 2 0.001 0.53380287479688393 0.00016575656363103554 0.00022876857648152009 1.3400635585988618 0.041327165365050052 1.3400774836426477 0 -1.3399890169763955 1.7381172928231334 OK 13 12 0.68013699999999999 0.57362199999999997 0.118107 0.55460600000000004 0.40334900000000001 0 0.12553099999999995 0.17027299999999995 0.118107 0.058916000000000003 0.058445999999999998 0.053337000000000002 0.051665000000000003 0.097421000000000008 0.051025999999999988 0.0023549999999999999 0.0023319999999999999 0.0022279999999999999 0.00058900000000000001 0.000571 0.00055000000000000003 1.738117278265666 1.738117278265666 1.738117278265666 0.00062368300127818479 0.00062368300127818479 0.00062368300127818479 1 1 1 Converged Converged Converged OK OK OK 45 45 45 45 45 45 3 3 3 0 0 0 0 1 0 0 1
83 83 uniform 2 23 837 3 0.001 0.53380287479688393 0.00016575656363103554 0.00022876857648152009 1.3400635585988618 0.041327165365050052 1.3401093123141581 0 -1.3400208456479059 1.7344374730723773 OK 13 12 0.56996500000000005 0.47688399999999997 0.12501100000000001 0.43982900000000003 0.29999799999999999 0 0.13013600000000003 0.17688599999999999 0.12501100000000001 0.056592000000000003 0.059064999999999999 0.051708999999999998 0.058812999999999997 0.10307699999999997 0.05922199999999999 0.0023579999999999999 0.0022890000000000002 0.0022619999999999997 0.00062 0.00062600000000000004 0.00058600000000000004 1.7344374585581253 1.7344374585581253 1.7344374585581253 0.0006221627073558333 0.0006221627073558333 0.0006221627073558333 1 1 1 Converged Converged Converged OK OK OK 45 45 45 45 45 45 3 3 3 0 0 0 0 1 0 0 1
83 83 uniform 2 0 837 0 0.0001 0.53380287479688393 0.00016575656363103554 0.00022876857648152009 1.3400635585988618 0.041327165365050052 1.3400178048835656 0 -1.3399293382173134 1.75382095032606 OK 14 13 0.70860500000000004 0.71632399999999996 0.23899500000000001 0.47373700000000002 0.47908800000000001 0 0.23486800000000002 0.23723599999999995 0.23899500000000001 0.086108000000000004 0.087567999999999993 0.083876000000000006 0.11310800000000006 0.11333699999999998 0.11897600000000004 0.0049360000000000003 0.005489 0.0050150000000000004 0.0012070000000000002 0.0012050000000000001 0.001219 1.7538207582486713 1.7538207582486713 1.7538207582486713 4.8938333066819646e-05 4.8938333066819646e-05 4.8938333066819646e-05 1 1 1 Converged Converged Converged OK OK OK 92 92 92 92 92 92 4 4 4 0 0 0 0 0 1 0 0
83 83 uniform 2 7 837 1 0.0001 0.53380287479688393 0.00016575656363103554 0.00022876857648152009 1.3400635585988618 0.041327165365050052 1.3400456549711373 0 -1.3399571883048851 1.7418369074195177 OK 13 12 0.64680199999999999 0.58597600000000005 0.16133700000000001 0.48476000000000002 0.33238499999999999 0 0.16204199999999996 0.25359100000000007 0.16133700000000001 0.056979000000000002 0.059386000000000001 0.054830999999999998 0.080659000000000022 0.16881299999999999 0.081830000000000028 0.0039139999999999999 0.004235 0.0040070000000000001 0.00082799999999999996 0.000977 0.00090899999999999998 1.7418368928905159 1.7418368928905159 1.7418368928905159 4.5131231577815177e-05 4.5131231577815177e-05 4.5131231577815177e-05 1 1 1 Converged Converged Converged OK OK OK 77 77 77 77 77 77 3 3 3 0 0 0 0 1 0 0 1
83 83 uniform 2 15 837 2 0.0001 0.53380287479688393 0.00016575656363103554 0.00022876857648152009 1.3400635585988618 0.041327165365050052 1.3400774836426477 0 -1.3399890169763955 1.7381172928231334 OK 13 12 0.71967499999999995 0.673651 0.163628 0.55281599999999997 0.40566799999999997 0 0.16685899999999998 0.26798300000000003 0.163628 0.058680999999999997 0.061765 0.057176999999999999 0.08378900000000003 0.17899200000000004 0.082806000000000005 0.0040270000000000002 0.0045890000000000002 0.003908 0.0008470000000000001 0.00095800000000000008 0.00080800000000000012 1.7381172783376095 1.7381172783376095 1.7381172783376095 4.4332124558412272e-05 4.4332124558412272e-05 4.4332124558412272e-05 1 1 1 Converged Converged Converged OK OK OK 77 77 77 77 77 77 3 3 3 0 0 0 0 1 0 0 1
83 83 uniform 2 23 837 3 0.0001 0.53380287479688393 0.00016575656363103554 0.00022876857648152009 1.3400635585988618 0.041327165365050052 1.3401093123141581 0 -1.3400208456479059 1.7344374730723773 OK 13 12 0.61563699999999999 0.61223700000000003 0.176843 0.44103199999999998 0.32431900000000002 0 0.17460500000000001 0.28791800000000001 0.176843 0.057409000000000002 0.064602999999999994 0.050321999999999999 0.091257000000000033 0.19699800000000003 0.10029400000000004 0.0048949999999999992 0.0043410000000000002 0.0042509999999999996 0.00082899999999999988 0.00084400000000000002 0.00087500000000000013 1.734437458630018 1.734437458630018 1.734437458630018 4.3559847213269307e-05 4.3559847213269307e-05 4.3559847213269307e-05 1 1 1 Converged Converged Converged OK OK OK 77 77 77 77 77 77 3 3 3 0 0 0 0 1 0 0 1
83 83 uniform 3 0 838 0 0.001 0.53380287479688393 0.00016575656363103554 0.00022876857648152009 1.3387240612028912 -0.042555391216095098 1.338678307487595 0 -1.3385898408213428 1.7403948979579869 OK 13 12 0.49837500000000001 0.49877700000000003 0.104601 0.38145600000000002 0.39025900000000002 0 0.116919 0.108518 0.104601 0.041044999999999998 0.035331000000000001 0.032524999999999998 0.058298999999999997 0.056883000000000003 0.056295999999999992 0.0023860000000000001 0.0022539999999999999 0.0021909999999999998 0.00063299999999999999 0.00058799999999999998 0.00053499999999999999 1.7403948802416904 1.7403948802416904 1.7403948802416904 0.00056624426748293915 0.00056624426748293915 0.00056624426748293915 1 1 1 Converged Converged Converged OK OK OK 45 45 45 45 45 45 3 3 3 0 0 0 0 0 1 0 0
83 83 uniform 3 7 838 1 0.001 0.53380287479688393 0.00016575656363103554 0.00022876857648152009 1.3387240612028912 -0.042555391216095098 1.3387061575751666 0 -1.3386176909089145 1.7648070312926967 OK 13 12 0.49174499999999999 0.38294 0.107558 0.38339400000000001 0.223189 0 0.10835099999999998 0.159751 0.107558 0.035246 0.035223999999999998 0.031329000000000003 0.058762999999999996 0.11029699999999999 0.062450000000000033 0.0021909999999999998 0.0022049999999999999 0.0022109999999999999 0.00054199999999999995 0.00056700000000000001 0.00055199999999999997 1.7648070111188539 1.7648070111188539 1.7648070111188539 0.00057488217622775871 0.00057488217622775871 0.00057488217622775871 1 1 1 Converged Converged Converged OK OK OK 45 45 45 45 45 45 3 3 3 0 0 0 0 1 0 0 1
83 83 uniform 3 15 838 2 0.001 0.53380287479688393 0.00016575656363103554 0.00022876857648152009 1.3387240612028912 -0.042555391216095098 1.3387379862466771 0 -1.3386495195804249 1.7983320320505338 OK 13 12 0.50299300000000002 0.37670999999999999 0.095519999999999994 0.39845399999999997 0.23924400000000001 0 0.10453900000000005 0.13746599999999998 0.095519999999999994 0.035763000000000003 0.035340000000000003 0.031119999999999998 0.053985999999999999 0.08817599999999999 0.050828000000000012 0.0022470000000000003 0.002212 0.002147 0.00061200000000000002 0.00057300000000000005 0.00056099999999999998 1.7983320071196356 1.7983320071196356 1.7983320071196356 0.00058632127679436271 0.00058632127679436271 0.00058632127679436271 1 1 1 Converged Converged Converged OK OK OK 45 45 45 45 45 45 3 3 3 0 0 0 0 1 0 0 1
83 83 uniform 3 23 838 3 0.001 0.53380287479688393 0.00016575656363103554 0.00022876857648152009 1.3387240612028912 -0.042555391216095098 1.3387698149181875 0 -1.3386813482519353 1.840589435591852 OK 13 12 0.47920299999999999 0.33367999999999998 0.098780999999999994 0.37070599999999998 0.19150300000000001 0 0.10849700000000001 0.14217699999999997 0.098780999999999994 0.039056 0.035623000000000002 0.030719 0.055025000000000018 0.092263000000000026 0.054457999999999999 0.0022959999999999999 0.0023029999999999999 0.0021520000000000003 0.0006020000000000001 0.000629 0.000553 1.8405894014961091 1.8405894014961091 1.8405894014961091 0.00059823350921574335 0.00059823350921574335 0.00059823350921574335 1 1 1 Converged Converged Converged OK OK OK 45 45 45 45 45 45 3 3 3 0 0 0 0 1 0 0 1
83 83 uniform 3 0 838 0 0.0001 0.53380287479688393 0.00016575656363103554 0.00022876857648152009 1.3387240612028912 -0.042555391216095098 1.338678307487595 0 -1.3385898408213428 1.7403948979579869 OK 13 12 0.53120699999999998 0.54317899999999997 0.15372 0.379554 0.38710800000000001 0 0.15165299999999998 0.15607099999999996 0.15372 0.035456000000000001 0.037265 0.034782 0.088178999999999966 0.090120999999999965 0.090114 0.0039750000000000002 0.0041010000000000005 0.0040040000000000006 0.00087499999999999991 0.00085000000000000006 0.00083499999999999991 1.7403948802563338 1.7403948802563338 1.7403948802563338 8.1157483633633191e-05 8.1157483633633191e-05 8.1157483633633191e-05 1 1 1 Converged Converged Converged OK OK OK 77 77 77 77 77 77 3 3 3 0 0 0 0 0 1 0 0
83 83 uniform 3 7 838 1 0.0001 0.53380287479688393 0.00016575656363103554 0.00022876857648152009 1.3387240612028912 -0.042555391216095098 1.3387061575751666 0 -1.3386176909089145 1.7648070312926967 OK 13 12 0.52439599999999997 0.47025400000000001 0.148422 0.37265100000000001 0.225574 0 0.15174499999999996 0.24468000000000001 0.148422 0.034213 0.035691000000000001 0.031238999999999999 0.093735999999999986 0.18287199999999995 0.093481000000000022 0.003921 0.0040369999999999998 0.0038800000000000002 0.00080799999999999991 0.00088499999999999994 0.00077500000000000008 1.7648070111334242 1.7648070111334242 1.7648070111334242 8.9762892238213853e-05 8.9762892238213853e-05 8.9762892238213853e-05 1 1 1 Converged Converged Converged OK OK OK 77 77 77 77 77 77 3 3 3 0 0 0 0 1 0 0 1
83 83 uniform 3 15 838 2 0.0001 0.53380287479688393 0.00016575656363103554 0.00022876857648152009 1.3387240612028912 -0.042555391216095098 1.3387379862466771 0 -1.3386495195804249 1.7983320320505338 OK 13 12 0.52842500000000003 0.46916600000000003 0.13367699999999999 0.38995099999999999 0.237959 0 0.13847400000000004 0.23120700000000002 0.13367699999999999 0.034120999999999999 0.035136000000000001 0.031119999999999998 0.080059000000000019 0.169796 0.079359999999999972 0.0038779999999999999 0.0043280000000000002 0.0038049999999999998 0.00093799999999999992 0.00088400000000000002 0.00076500000000000005 1.7983320071333964 1.7983320071333964 1.7983320071333964 0.00010116681352074706 0.00010116681352074706 0.00010116681352074706 1 1 1 Converged Converged Converged OK OK OK 77 77 77 77 77 77 3 3 3 0 0 0 0 1 0 0 1
83 83 uniform 3 23 838 3 0.0001 0.53380287479688393 0.00016575656363103554 0.00022876857648152009 1.3387240612028912 -0.042555391216095098 1.3387698149181875 0 -1.3386813482519353 1.840589435591852 OK 13 12 0.52002700000000002 0.42963800000000002 0.14105799999999999 0.36432100000000001 0.20868300000000001 0 0.15570600000000001 0.22095500000000001 0.14105799999999999 0.040447999999999998 0.038878999999999997 0.030811999999999999 0.090203000000000019 0.15562100000000006 0.086934999999999985 0.0041850000000000004 0.0048179999999999994 0.0038449999999999999 0.00091200000000000005 0.00090399999999999996 0.00080999999999999996 1.8405894066501438 1.8405894066501438 1.8405894066501438 0.00010188230649398053 0.00010188230649398053 0.00010188230649398053 1 1 1 Converged Converged Converged OK OK OK 77 77 77 77 77 77 3 3 3 0 0 0 0 1 0 0 1
83 83 uniform 4 0 839 0 0.001 0.53380287479688393 0.00016575656363103554 0.00022876857648152009 1.3386470967260551 -0.040369527254411466 1.3386013430107588 0 -1.3385128763445067 1.4392788606791842 OK 13 12 0.85251699999999997 0.85196700000000003 0.127995 0.72097999999999995 0.71518700000000002 0 0.13153700000000002 0.13678000000000001 0.127995 0.05885 0.058383999999999998 0.056242 0.056091000000000002 0.060830000000000023 0.055770999999999994 0.0022699999999999999 0.0023520000000000004 0.0021919999999999999 0.0005840000000000001 0.00061499999999999999 0.00054199999999999995 1.4392788489351642 1.4392788489351642 1.4392788489351642 0.00050995932654071909 0.00050995932654071909 0.00050995932654071909 1 1 1 Converged Converged Converged OK OK OK 45 45 45 45 45 45 3 3 3 0 0 0 0 0 1 0 0
83 83 uniform 4 7 839 1 0.001 0.53380287479688393 0.00016575656363103554 0.00022876857648152009 1.3386470967260551 -0.040369527254411466 1.3386291930983305 0 -1.3385407264320783 1.4357465805937877 OK 13 12 0.69020599999999999 0.60502100000000003 0.12085700000000001 0.55957500000000004 0.41330099999999997 0 0.13063099999999994 0.19172000000000006 0.12085700000000001 0.063577999999999996 0.066153000000000003 0.055046999999999999 0.052681999999999993 0.10969899999999999 0.052131000000000011 0.0022190000000000001 0.00248 0.0022170000000000002 0.00056499999999999996 0.0006150000000000001 0.00053800000000000007 1.4357465688850328 1.4357465688850328 1.4357465688850328 0.00050824443353547253 0.00050824443353547253 0.00050824443353547253 1 1 1 Converged Converged Converged OK OK OK 45 45 45 45 45 45 3 3 3 0 0 0 0 1 0 0 1
83 83 uniform 4 15 839 2 0.001 0.53380287479688393 0.00016575656363103554 0.00022876857648152009 1.3386470967260551 -0.040369527254411466 1.3386610217698409 0 -1.3385725551035887 1.4320181908285272 OK 13 12 0.59151399999999998 0.53437999999999997 0.12500900000000001 0.46293200000000001 0.33433499999999999 0 0.12858199999999997 0.20004499999999997 0.12500900000000001 0.059018000000000001 0.065684000000000006 0.055670999999999998 0.054854 0.11858400000000002 0.055195000000000001 0.0022049999999999999 0.0025139999999999997 0.0022550000000000001 0.00060899999999999995 0.00063100000000000005 0.00056800000000000004 1.4320181791565569 1.4320181791565569 1.4320181791565569 0.000506468600009546 0.000506468600009546 0.000506468600009546 1 1 1 Converged Converged Converged OK OK OK 45 45 45 45 45 45 3 3 3 0 0 0 0 1 0 0 1
83 83 uniform 4 23 839 3 0.001 0.53380287479688393 0.00016575656363103554 0.00022876857648152009 1.3386470967260551 -0.040369527254411466 1.3386928504413513 0 -1.3386043837750992 1.4286016951722647 OK 13 12 0.92266899999999996 0.83082599999999995 0.120533 0.79760500000000001 0.66225599999999996 0 0.12506399999999995 0.16857 0.120533 0.057144 0.058626999999999999 0.054053999999999998 0.053570000000000007 0.095971000000000001 0.052812000000000012 0.0022829999999999999 0.0022389999999999997 0.0022049999999999999 0.00059600000000000007 0.00055800000000000001 0.00053799999999999996 1.4286016835336914 1.4286016835336914 1.4286016835336914 0.00050487163087031893 0.00050487163087031893 0.00050487163087031893 1 1 1 Converged Converged Converged OK OK OK 45 45 45 45 45 45 3 3 3 0 0 0 0 1 0 0 1
83 83 uniform 4 0 839 0 0.0001 0.53380287479688393 0.00016575656363103554 0.00022876857648152009 1.3386470967260551 -0.040369527254411466 1.3386013430107588 0 -1.3385128763445067 1.4392788606791842 OK 13 12 0.90294300000000005 0.89340699999999995 0.14912900000000001 0.751247 0.73367400000000005 0 0.15169600000000005 0.1597329999999999 0.14912900000000001 0.060386000000000002 0.058328999999999999 0.057549999999999997 0.068687999999999971 0.078934000000000004 0.06930699999999998 0.003026 0.0032040000000000003 0.0032120000000000004 0.00072999999999999996 0.00069799999999999994 0.00071500000000000003 1.4392788489426271 1.4392788489426271 1.4392788489426271 0.00012662979312943822 0.00012662979312943822 0.00012662979312943822 1 1 1 Converged Converged Converged OK OK OK 61 61 61 61 61 61 3 3 3 0 0 0 0 0 1 0 0
83 83 uniform 4 7 839 1 0.0001 0.53380287479688393 0.00016575656363103554 0.00022876857648152009 1.3386470967260551 -0.040369527254411466 1.3386291930983305 0 -1.3385407264320783 1.4357465805937877 OK 13 12 0.71987500000000004 0.64186200000000004 0.14383000000000001 0.56841399999999997 0.41999399999999998 0 0.15146100000000007 0.22186800000000007 0.14383000000000001 0.063967999999999997 0.063616000000000006 0.057113999999999998 0.067971999999999991 0.13709299999999999 0.067603999999999997 0.003176 0.0035250000000000004 0.0031229999999999999 0.00069400000000000006 0.00079900000000000001 0.00068100000000000007 1.4357465688924644 1.4357465688924644 1.4357465688924644 0.00012491646572390658 0.00012491646572390658 0.00012491646572390658 1 1 1 Converged Converged Converged OK OK OK 61 61 61 61 61 61 3 3 3 0 0 0 0 1 0 0 1
83 83 uniform 4 15 839 2 0.0001 0.53380287479688393 0.00016575656363103554 0.00022876857648152009 1.3386470967260551 -0.040369527254411466 1.3386610217698409 0 -1.3385725551035887 1.4320181908285272 OK 13 12 0.60997299999999999 0.52968899999999997 0.144397 0.46424100000000001 0.31820999999999999 0 0.14573199999999997 0.21147899999999997 0.144397 0.058269000000000001 0.059997000000000002 0.054792 0.068527999999999992 0.13201000000000002 0.070978000000000013 0.0029780000000000002 0.0030800000000000003 0.0029629999999999999 0.00068900000000000005 0.00069899999999999997 0.00067299999999999999 1.4320181791633357 1.4320181791633357 1.4320181791633357 0.000123142426284709 0.000123142426284709 0.000123142426284709 1 1 1 Converged Converged Converged OK OK OK 61 61 61 61 61 61 3 3 3 0 0 0 0 1 0 0 1
83 83 uniform 4 23 839 3 0.0001 0.53380287479688393 0.00016575656363103554 0.00022876857648152009 1.3386470967260551 -0.040369527254411466 1.3386928504413513 0 -1.3386043837750992 1.4286016951722647 OK 13 12 0.95516900000000005 0.86078600000000005 0.14049300000000001 0.80283899999999997 0.65120800000000001 0 0.15233000000000008 0.20957800000000004 0.14049300000000001 0.064255000000000007 0.058706000000000001 0.054101999999999997 0.06883000000000003 0.130882 0.068045000000000008 0.003065 0.0036049999999999997 0.0029919999999999999 0.000669 0.00067500000000000004 0.00065300000000000004 1.4286016835412514 1.4286016835412514 1.4286016835412514 0.00012154725087460994 0.00012154725087460994 0.00012154725087460994 1 1 1 Converged Converged Converged OK OK OK 61 61 61 61 61 61 3 3 3 0 0 0 0 1 0 0 1
84 84 linear 0 0 840 0 0.001 1.3100625593493955 0.13027658659932273 0.0013914891710092186 -0.01226374727931716 0.13230853349231386 -0.012542045113519003 0.5 0.16354090723903669 18.59606258826933 OK 14 13 0.44490600000000002 0.431174 0.11798 0.32205099999999998 0.31480200000000003 0 0.12285500000000005 0.11637199999999998 0.11798 0.013335 0.011724999999999999 0.011769 0.086844000000000005 0.082441 0.084261000000000016 0.0030630000000000002 0.0031140000000000004 0.0029509999999999996 0.00080499999999999994 0.00079899999999999991 0.00076799999999999991 18.595935714254551 18.595935714254551 18.595935714254551 0.015491160237569166 0.015491160237569166 0.015491160237569166 1 1 1 Converged Converged Converged OK OK OK 67 67 67 67 67 67 5 5 5 0 0 0 0 0 1 0 0
84 84 linear 0 7 840 1 0.001 1.3100625593493955 0.13027658659932273 0.0013914891710092186 -0.01226374727931716 0.13230853349231386 -0.012372646431830924 0.5 0.16337150855734861 18.713009423002639 OK 14 13 0.406862 0.47653400000000001 0.10580100000000001 0.29373300000000002 0.19745499999999999 0 0.11312899999999998 0.27907900000000002 0.10580100000000001 0.01081 0.010918000000000001 0.010522999999999999 0.083835999999999994 0.24889500000000001 0.077798999999999965 0.0029640000000000001 0.003271 0.0030130000000000001 0.00074700000000000005 0.00087399999999999999 0.00075500000000000003 18.71276546240918 18.71276546240918 18.71276546240918 0.015530414317968857 0.015530414317968857 0.015530414317968857 1 1 1 Converged Converged Converged OK OK OK 67 67 67 67 67 67 5 5 5 0 0 0 0 1 0 0 1
84 84 linear 0 15 840 2 0.001 1.3100625593493955 0.13027658659932273 0.0013914891710092186 -0.01226374727931716 0.13230853349231386 -0.012179047938473121 0.5 0.16317791006399082 18.843975125272809 OK 14 13 0.39931299999999997 0.46092499999999997 0.10106 0.29222599999999999 0.20155300000000001 0 0.10708699999999999 0.25937199999999994 0.10106 0.010841 0.0121 0.010459 0.078060000000000018 0.22906299999999999 0.073223000000000024 0.0031419999999999998 0.0030660000000000001 0.0028630000000000001 0.00084899999999999993 0.00081999999999999998 0.00081400000000000005 18.84382991601602 18.84382991601602 18.84382991601602 0.015575967195254285 0.015575967195254285 0.015575967195254285 1 1 1 Converged Converged Converged OK OK OK 67 67 67 67 67 67 5 5 5 0 0 0 0 1 0 0 1
84 84 linear 0 23 840 3 0.001 1.3100625593493955 0.13027658659932273 0.0013914891710092186 -0.01226374727931716 0.13230853349231386 -0.011985449445115317 0.5 0.16298431157063301 18.972144402372155 OK 14 13 0.39440999999999998 0.446851 0.107488 0.28585899999999997 0.19994400000000001 0 0.10855100000000001 0.24690699999999999 0.107488 0.010854000000000001 0.011197 0.010572 0.080149999999999971 0.21761399999999995 0.07962600000000003 0.0028150000000000002 0.0030739999999999999 0.0028999999999999998 0.00077399999999999995 0.000767 0.00074299999999999985 18.972208371128755 18.972208371128755 18.972208371128755 0.015622239112968148 0.015622239112968148 0.015622239112968148 1 1 1 Converged Converged Converged OK OK OK 67 67 67 67 67 67 5 5 5 0 0 0 0 1 0 0 1
84 84 linear 0 0 840 0 0.0001 1.3100625593493955 0.13027658659932273 0.0013914891710092186 -0.01226374727931716 0.13230853349231386 -0.012542045113519003 0.5 0.16354090723903669 18.59606258826933 OK 14 13 0.48847600000000002 0.48406100000000002 0.17548900000000001 0.31342700000000001 0.31301299999999999 0 0.17504900000000001 0.17104800000000003 0.17548900000000001 0.011786 0.011743 0.012553 0.12520300000000001 0.12157500000000003 0.12454399999999996 0.0050349999999999995 0.0050879999999999996 0.0051700000000000001 0.001142 0.001178 0.0012100000000000001 18.59597328632961 18.59597328632961 18.59597328632961 0.0015992571907377693 0.0015992571907377693 0.0015992571907377693 1 1 1 Converged Converged Converged OK OK OK 107 107 107 107 107 107 5 5 5 0 0 0 0 0 1 0 0
84 84 linear 0 7 840 1 0.0001 1.3100625593493955 0.13027658659932273 0.0013914891710092186 -0.01226374727931716 0.13230853349231386 -0.012372646431830924 0.5 0.16337150855734861 18.713009423002639 OK 14 13 0.457401 0.59923800000000005 0.163577 0.29781099999999999 0.20106299999999999 0 0.15959000000000001 0.39817500000000006 0.163577 0.010841999999999999 0.010919999999999999 0.011668 0.11878399999999993 0.35568399999999994 0.12210799999999997 0.0050990000000000002 0.0054970000000000001 0.0051609999999999998 0.0011440000000000001 0.0011919999999999999 0.0011239999999999998 18.71280300842621 18.71280300842621 18.71280300842621 0.0016371516550783482 0.0016371516550783482 0.0016371516550783482 1 1 1 Converged Converged Converged OK OK OK 107 107 107 107 107 107 5 5 5 0 0 0 0 1 0 0 1
84 84 linear 0 15 840 2 0.0001 1.3100625593493955 0.13027658659932273 0.0013914891710092186 -0.01226374727931716 0.13230853349231386 -0.012179047938473121 0.5 0.16317791006399082 18.843975125272809 OK 14 13 0.44988400000000001 0.60642700000000005 0.15831899999999999 0.29233900000000002 0.20086399999999999 0 0.15754499999999999 0.40556300000000006 0.15831899999999999 0.010947999999999999 0.012222999999999999 0.010237 0.11621700000000001 0.36160699999999996 0.11733500000000002 0.0052729999999999999 0.0052890000000000003 0.0051679999999999999 0.0012460000000000001 0.001274 0.0012529999999999998 18.8438674322785 18.8438674322785 18.8438674322785 0.0016811368293851475 0.0016811368293851475 0.0016811368293851475 1 1 1 Converged Converged Converged OK OK OK 107 107 107 107 107 107 5 5 5 0 0 0 0 1 0 0 1
84 84 linear 0 23 840 3 0.0001 1.3100625593493955 0.13027658659932273 0.0013914891710092186 -0.01226374727931716 0.13230853349231386 -0.011985449445115317 0.5 0.16298431157063301 18.972144402372155 OK 14 13 0.45301900000000001 0.60774099999999998 0.158835 0.28539300000000001 0.20489399999999999 0 0.167626 0.40284699999999996 0.158835 0.010763 0.017725999999999999 0.010192 0.12690000000000001 0.354238 0.119431 0.0049919999999999999 0.0051869999999999998 0.0049620000000000003 0.00117 0.001199 0.0011449999999999998 18.972245857664085 18.972245857664085 18.972245857664085 0.0017258262566782439 0.0017258262566782439 0.0017258262566782439 1 1 1 Converged Converged Converged OK OK OK 107 107 107 107 107 107 5 5 5 0 0 0 0 1 0 0 1
84 84 linear 1 0 841 0 0.001 1.3100625593493955 0.13027658659932273 0.0013914891710092186 -0.3772202676019879 0.17981046766033193 -0.37749856543618976 0.5 0.52849742756170748 6.9807969099343516 OK 14 13 0.48491600000000001 0.49593199999999998 0.13691500000000001 0.343555 0.35381200000000002 0 0.14136100000000001 0.14211999999999997 0.13691500000000001 0.012030000000000001 0.013174 0.01142 0.10131800000000002 0.10085499999999996 0.098178000000000015 0.0035620000000000001 0.0035890000000000002 0.0034819999999999999 0.000968 0.00098400000000000007 0.00093199999999999999 6.9808379114600667 6.9808379114600667 6.9808379114600667 0.0035815004847328698 0.0035815004847328698 0.0035815004847328698 1 1 1 Converged Converged Converged OK OK OK 82 82 82 82 82 82 6 6 6 0 0 0 0 0 1 0 0
84 84 linear 1 7 841 1 0.001 1.3100625593493955 0.13027658659932273 0.0013914891710092186 -0.3772202676019879 0.17981046766033193 -0.37732916675450168 0.5 0.5283280288800194 6.5564667738381051 OK 14 13 0.45101200000000002 0.48841499999999999 0.126663 0.32025799999999999 0.21801999999999999 0 0.13075400000000004 0.270395 0.126663 0.010998000000000001 0.012271000000000001 0.010377000000000001 0.098597999999999991 0.23614199999999999 0.09517200000000002 0.0036369999999999996 0.0038149999999999998 0.0037860000000000003 0.00097900000000000005 0.0010660000000000001 0.00099500000000000001 6.5564966067913293 6.5564966067913293 6.5564966067913293 0.0034785832883481153 0.0034785832883481153 0.0034785832883481153 1 1 1 Converged Converged Converged OK OK OK 82 82 82 82 82 82 6 6 6 0 0 0 0 1 0 0 1
84 84 linear 1 15 841 2 0.001 1.3100625593493955 0.13027658659932273 0.0013914891710092186 -0.3772202676019879 0.17981046766033193 -0.37713556826114386 0.5 0.52813443038666152 6.0633693164513049 OK 14 13 0.44116100000000003 0.48445700000000003 0.123741 0.31321500000000002 0.20247499999999999 0 0.127946 0.28198200000000007 0.123741 0.010817 0.010984000000000001 0.010246999999999999 0.096026000000000028 0.24918500000000005 0.093050999999999967 0.00362 0.003875 0.0035690000000000001 0.0009059999999999999 0.00094300000000000004 0.00092099999999999994 6.0633827831321154 6.0633827831321154 6.0633827831321154 0.0035224165255787082 0.0035224165255787082 0.0035224165255787082 1 1 1 Converged Converged Converged OK OK OK 82 82 82 82 82 82 6 6 6 0 0 0 0 1 0 0 1
84 84 linear 1 23 841 3 0.001 1.3100625593493955 0.13027658659932273 0.0013914891710092186 -0.3772202676019879 0.17981046766033193 -0.37694196976778604 0.5 0.52794083189330376 5.5636786130984941 OK 14 13 0.44952199999999998 0.48078900000000002 0.121228 0.32396999999999998 0.21654599999999999 0 0.125552 0.26424300000000001 0.121228 0.010895 0.010951000000000001 0.010177 0.093333000000000013 0.23192899999999986 0.090314999999999951 0.0036770000000000001 0.0036969999999999998 0.0036239999999999996 0.0010640000000000001 0.00099899999999999989 0.001024 5.563742057892469 5.563742057892469 5.563742057892469 0.0042159119947046851 0.0042159119947046851 0.0042159119947046851 1 1 1 Converged Converged Converged OK OK OK 82 82 82 82 82 82 6 6 6 0 0 0 0 1 0 0 1
84 84 linear 1 0 841 0 0.0001 1.3100625593493955 0.13027658659932273 0.0013914891710092186 -0.3772202676019879 0.17981046766033193 -0.37749856543618976 0.5 0.52849742756170748 6.9807969099343516 OK 14 13 0.56543900000000002 0.56243299999999996 0.21390200000000001 0.340366 0.34281 0 0.22507300000000002 0.21962299999999996 0.21390200000000001 0.011916 0.011958999999999999 0.011464 0.16608399999999993 0.15565699999999999 0.15483699999999997 0.0061899999999999993 0.0063950000000000005 0.0067339999999999995 0.0014279999999999998 0.0014940000000000001 0.0014810000000000001 6.9808379132348239 6.9808379132348239 6.9808379132348239 0.00031544955684232147 0.00031544955684232147 0.00031544955684232147 1 1 1 Converged Converged Converged OK OK OK 130 130 130 130 130 130 6 6 6 0 0 0 0 0 1 0 0
84 84 linear 1 7 841 1 0.0001 1.3100625593493955 0.13027658659932273 0.0013914891710092186 -0.3772202676019879 0.17981046766033193 -0.37732916675450168 0.5 0.5283280288800194 6.5564667738381051 OK 14 13 0.49975900000000001 0.59128700000000001 0.17513200000000001 0.32023099999999999 0.20613799999999999 0 0.17952800000000002 0.38514900000000002 0.17513200000000001 0.011006999999999999 0.010965000000000001 0.011714 0.13721799999999998 0.34276300000000004 0.13230199999999998 0.0054410000000000005 0.005359 0.0054280000000000005 0.00124 0.001253 0.0012539999999999999 6.5564966083363005 6.5564966083363005 6.5564966083363005 0.00063604348120906726 0.00063604348120906726 0.00063604348120906726 1 1 1 Converged Converged Converged OK OK OK 114 114 114 114 114 114 6 6 6 0 0 0 0 1 0 0 1
84 84 linear 1 15 841 2 0.0001 1.3100625593493955 0.13027658659932273 0.0013914891710092186 -0.3772202676019879 0.17981046766033193 -0.37713556826114386 0.5 0.52813443038666152 6.0633693164513049 OK 14 13 0.51746000000000003 0.672794 0.19625200000000001 0.31490200000000002 0.199931 0 0.20255800000000002 0.47286300000000003 0.19625200000000001 0.010923 0.012295 0.01035 0.15532900000000005 0.42131199999999991 0.15006400000000003 0.006330999999999999 0.0069509999999999997 0.006483 0.0013630000000000001 0.001464 0.001384 6.0633827849070929 6.0633827849070929 6.0633827849070929 0.00025594120136205776 0.00025594120136205776 0.00025594120136205776 1 1 1 Converged Converged Converged OK OK OK 130 130 130 130 130 130 6 6 6 0 0 0 0 1 0 0 1
84 84 linear 1 23 841 3 0.0001 1.3100625593493955 0.13027658659932273 0.0013914891710092186 -0.3772202676019879 0.17981046766033193 -0.37694196976778604 0.5 0.52794083189330376 5.5636786130984941 OK 14 13 0.519598 0.66689699999999996 0.18668299999999999 0.325602 0.22069 0 0.193996 0.44620699999999996 0.18668299999999999 0.010935 0.010982 0.010187 0.14813400000000002 0.39969099999999969 0.1427149999999999 0.0063760000000000006 0.0065819999999999993 0.0062860000000000008 0.0015179999999999998 0.0014680000000000001 0.0014010000000000001 5.5637334782023222 5.5637334782023222 5.5637334782023222 0.00045945649890420551 0.00045945649890420551 0.00045945649890420551 1 1 1 Converged Converged Converged OK OK OK 130 130 130 130 130 130 6 6 6 0 0 0 0 1 0 0 1
84 84 linear 2 0 842 0 0.001 1.3100625593493955 0.13027658659932273 0.0013914891710092186 -0.46365263715280375 -0.22692360839661435 -0.46393093498700561 0.5 0.61492979711252327 9.0700060412204717 OK 15 14 0.51269900000000002 0.512961 0.18157799999999999 0.32659700000000003 0.32256200000000002 0 0.18610199999999999 0.19039899999999998 0.18157799999999999 0.014896 0.014814000000000001 0.014272 0.13219199999999998 0.13601200000000002 0.12903400000000004 0.0051579999999999994 0.0054260000000000003 0.005006 0.001248 0.001304 0.0011860000000000002 9.0700002544739711 9.0700002544739711 9.0700002544739711 0.0034847541922706613 0.0034847541922706613 0.0034847541922706613 1 1 1 Converged Converged Converged OK OK OK 106 106 106 106 106 106 6 6 6 0 0 0 0 0 1 0 0
84 84 linear 2 7 842 1 0.001 1.3100625593493955 0.13027658659932273 0.0013914891710092186 -0.46365263715280375 -0.22692360839661435 -0.46376153630531752 0.5 0.61476039843083519 9.3712298559212996 OK 15 14 0.50142699999999996 0.52579500000000001 0.172295 0.32483299999999998 0.200016 0 0.17659399999999997 0.32577900000000004 0.172295 0.01396 0.014071 0.013056999999999999 0.13278400000000001 0.28137999999999996 0.12995999999999999 0.0052360000000000002 0.0052690000000000002 0.0050749999999999997 0.001222 0.0012280000000000001 0.001238 9.3712230576667768 9.3712230576667768 9.3712230576667768 0.0034949940326081466 0.0034949940326081466 0.0034949940326081466 1 1 1 Converged Converged Converged OK OK OK 106 106 106 106 106 106 6 6 6 0 0 0 0 1 0 0 1
84 84 linear 2 15 842 2 0.001 1.3100625593493955 0.13027658659932273 0.0013914891710092186 -0.46365263715280375 -0.22692360839661435 -0.46356793781195971 0.5 0.61456679993747743 9.7991065348096011 OK 15 14 0.500803 0.54512000000000005 0.176229 0.32083099999999998 0.203903 0 0.17997200000000002 0.34121700000000005 0.176229 0.013755 0.013849999999999999 0.013214 0.13648600000000002 0.2973630000000001 0.13383199999999995 0.0051660000000000005 0.005378 0.005352 0.00117 0.001206 0.001183 9.7990959862113041 9.7990959862113041 9.7990959862113041 0.0035267508039543848 0.0035267508039543848 0.0035267508039543848 1 1 1 Converged Converged Converged OK OK OK 106 106 106 106 106 106 6 6 6 0 0 0 0 1 0 0 1
84 84 linear 2 23 842 3 0.001 1.3100625593493955 0.13027658659932273 0.0013914891710092186 -0.46365263715280375 -0.22692360839661435 -0.46337433931860189 0.5 0.61437320144411955 10.410405771247811 OK 15 14 0.48376799999999998 0.52505999999999997 0.17539199999999999 0.30407899999999999 0.18915999999999999 0 0.17968899999999999 0.33589999999999998 0.17539199999999999 0.013927999999999999 0.014030000000000001 0.013091 0.13543300000000003 0.29033600000000021 0.13320300000000002 0.00562 0.0062100000000000002 0.0052520000000000006 0.0012710000000000002 0.0012930000000000001 0.001209 10.410383162178579 10.410383162178579 10.410383162178579 0.0036466534439748197 0.0036466534439748197 0.0036466534439748197 1 1 1 Converged Converged Converged OK OK OK 106 106 106 106 106 106 6 6 6 0 0 0 0 1 0 0 1
84 84 linear 2 0 842 0 0.0001 1.3100625593493955 0.13027658659932273 0.0013914891710092186 -0.46365263715280375 -0.22692360839661435 -0.46393093498700561 0.5 0.61492979711252327 9.0700060412204717 OK 15 14 0.56506100000000004 0.56339799999999995 0.233982 0.32672299999999999 0.32786100000000001 0 0.23833800000000005 0.23553699999999994 0.233982 0.014644000000000001 0.014973999999999999 0.014305999999999999 0.17130799999999999 0.16786400000000004 0.16734600000000016 0.0069760000000000004 0.0070969999999999991 0.0069880000000000003 0.0015389999999999998 0.0015249999999999999 0.0015490000000000002 9.0700002559970709 9.0700002559970709 9.0700002559970709 0.00067595851937530974 0.00067595851937530974 0.00067595851937530974 1 1 1 Converged Converged Converged OK OK OK 138 138 138 138 138 138 6 6 6 0 0 0 0 0 1 0 0
84 84 linear 2 7 842 1 0.0001 1.3100625593493955 0.13027658659932273 0.0013914891710092186 -0.46365263715280375 -0.22692360839661435 -0.46376153630531752 0.5 0.61476039843083519 9.3712298559212996 OK 15 14 0.56821500000000003 0.63329199999999997 0.21857499999999999 0.34053699999999998 0.200295 0 0.22767800000000005 0.43299699999999997 0.21857499999999999 0.013854 0.013808000000000001 0.013195 0.17411099999999999 0.37900400000000001 0.16631400000000007 0.0068449999999999995 0.0069479999999999993 0.0068419999999999991 0.001554 0.001534 0.0014939999999999999 9.371223059188873 9.371223059188873 9.371223059188873 0.00068793185637536485 0.00068793185637536485 0.00068793185637536485 1 1 1 Converged Converged Converged OK OK OK 138 138 138 138 138 138 6 6 6 0 0 0 0 1 0 0 1
84 84 linear 2 15 842 2 0.0001 1.3100625593493955 0.13027658659932273 0.0013914891710092186 -0.46365263715280375 -0.22692360839661435 -0.46356793781195971 0.5 0.61456679993747743 9.7991065348096011 OK 15 14 0.56494 0.64359599999999995 0.22655500000000001 0.332897 0.206924 0 0.232043 0.43667199999999995 0.22655500000000001 0.013861 0.013949 0.013079 0.17834200000000006 0.38217800000000024 0.17410200000000003 0.0070920000000000011 0.0073709999999999999 0.0070450000000000009 0.0014539999999999998 0.0015069999999999999 0.0014249999999999998 9.7990959877324126 9.7990959877324126 9.7990959877324126 0.00072165955291477932 0.00072165955291477932 0.00072165955291477932 1 1 1 Converged Converged Converged OK OK OK 138 138 138 138 138 138 6 6 6 0 0 0 0 1 0 0 1
84 84 linear 2 23 842 3 0.0001 1.3100625593493955 0.13027658659932273 0.0013914891710092186 -0.46365263715280375 -0.22692360839661435 -0.46337433931860189 0.5 0.61437320144411955 10.410405771247811 OK 15 14 0.52881900000000004 0.62558999999999998 0.224074 0.29927599999999999 0.190668 0 0.22954300000000005 0.43492199999999998 0.224074 0.013782000000000001 0.013942 0.013056999999999999 0.17599600000000007 0.38086500000000006 0.17184900000000003 0.0071539999999999998 0.0073210000000000003 0.0071009999999999997 0.0014689999999999998 0.0015319999999999999 0.0014640000000000002 10.410383163698517 10.410383163698517 10.410383163698517 0.00084352230917559353 0.00084352230917559353 0.00084352230917559353 1 1 1 Converged Converged Converged OK OK OK 138 138 138 138 138 138 6 6 6 0 0 0 0 1 0 0 1
84 84 linear 3 0 843 0 0.001 1.3100625593493955 0.13027658659932273 0.0013914891710092186 -0.51186587377145532 -0.28737743473475919 -0.51214417160565717 0.5 0.66314303373117489 6.0108724475723232 OK 13 12 0.45567800000000003 0.45219199999999998 0.11511 0.34014699999999998 0.33830399999999999 0 0.11553100000000005 0.11388799999999999 0.11511 0.0097300000000000008 0.0095700000000000004 0.0092809999999999993 0.08348499999999999 0.081875000000000003 0.084450999999999998 0.0033059999999999999 0.0034340000000000004 0.0032309999999999995 0.000736 0.00079099999999999993 0.00068600000000000009 6.0108687714967193 6.0108687714967193 6.0108687714967193 0.0024725880321814372 0.0024725880321814372 0.0024725880321814372 1 1 1 Converged Converged Converged OK OK OK 61 61 61 61 61 61 3 3 3 0 0 0 0 0 1 0 0
84 84 linear 3 7 843 1 0.001 1.3100625593493955 0.13027658659932273 0.0013914891710092186 -0.51186587377145532 -0.28737743473475919 -0.51197477292396909 0.5 0.66297363504948681 5.762960330358581 OK 13 12 0.44193199999999999 0.407584 0.111418 0.32759899999999997 0.20565 0 0.11433300000000002 0.201934 0.111418 0.0088439999999999994 0.0087950000000000007 0.0082830000000000004 0.086454000000000003 0.17393899999999995 0.084567999999999977 0.0032069999999999998 0.0033299999999999996 0.0030969999999999999 0.00069000000000000008 0.00069700000000000003 0.00067099999999999994 5.7629568814551817 5.7629568814551817 5.7629568814551817 0.0024728786670698607 0.0024728786670698607 0.0024728786670698607 1 1 1 Converged Converged Converged OK OK OK 61 61 61 61 61 61 3 3 3 0 0 0 0 1 0 0 1
84 84 linear 3 15 843 2 0.001 1.3100625593493955 0.13027658659932273 0.0013914891710092186 -0.51186587377145532 -0.28737743473475919 -0.51178117443061133 0.5 0.66278003655612905 5.5219209900158095 OK 13 12 0.49074800000000002 0.434975 0.11483599999999999 0.37328600000000001 0.245037 0 0.11746200000000001 0.189938 0.11483599999999999 0.0087469999999999996 0.0088079999999999999 0.008234 0.089759999999999993 0.16216799999999998 0.088065999999999992 0.0031699999999999996 0.0032490000000000002 0.0032139999999999998 0.00067299999999999999 0.00067200000000000007 0.00064400000000000004 5.521917637921856 5.521917637921856 5.521917637921856 0.0024732216301080411 0.0024732216301080411 0.0024732216301080411 1 1 1 Converged Converged Converged OK OK OK 61 61 61 61 61 61 3 3 3 0 0 0 0 1 0 0 1
84 84 linear 3 23 843 3 0.001 1.3100625593493955 0.13027658659932273 0.0013914891710092186 -0.51186587377145532 -0.28737743473475919 -0.51158757593725346 0.5 0.66258643806277118 5.3150750906234858 OK 13 12 0.44927800000000001 0.41643400000000003 0.110543 0.335731 0.21340300000000001 0 0.11354700000000001 0.20303100000000002 0.110543 0.0087329999999999994 0.0089949999999999995 0.0081989999999999997 0.085875000000000007 0.17491299999999999 0.083827000000000026 0.003209 0.003346 0.0032110000000000003 0.00072300000000000001 0.00073700000000000002 0.00069900000000000008 5.3150719256340571 5.3150719256340571 5.3150719256340571 0.0024735640978996031 0.0024735640978996031 0.0024735640978996031 1 1 1 Converged Converged Converged OK OK OK 61 61 61 61 61 61 3 3 3 0 0 0 0 1 0 0 1
84 84 linear 3 0 843 0 0.0001 1.3100625593493955 0.13027658659932273 0.0013914891710092186 -0.51186587377145532 -0.28737743473475919 -0.51214417160565717 0.5 0.66314303373117489 6.0108724475723232 OK 13 12 0.48222700000000002 0.48162199999999999 0.135634 0.34387499999999999 0.345889 0 0.13835200000000003 0.13573299999999999 0.135634 0.0095790000000000007 0.0094599999999999997 0.0092669999999999992 0.10076299999999999 0.099096000000000004 0.098888999999999991 0.0040540000000000003 0.0039559999999999994 0.0041159999999999999 0.00080400000000000003 0.00082199999999999992 0.00082299999999999995 6.010868772544959 6.010868772544959 6.010868772544959 0.00054403783602983253 0.00054403783602983253 0.00054403783602983253 1 1 1 Converged Converged Converged OK OK OK 77 77 77 77 77 77 3 3 3 0 0 0 0 0 1 0 0
84 84 linear 3 7 843 1 0.0001 1.3100625593493955 0.13027658659932273 0.0013914891710092186 -0.51186587377145532 -0.28737743473475919 -0.51197477292396909 0.5 0.66297363504948681 5.762960330358581 OK 13 12 0.460727 0.486535 0.13381999999999999 0.32367099999999999 0.20494499999999999 0 0.13705600000000001 0.28159000000000001 0.13381999999999999 0.0087299999999999999 0.0087790000000000003 0.0083269999999999993 0.10431300000000003 0.247423 0.10200699999999997 0.00413 0.0044190000000000002 0.0040930000000000003 0.00076499999999999995 0.00082700000000000004 0.00075100000000000004 5.7629568825033859 5.7629568825033859 5.7629568825033859 0.00054424253637776329 0.00054424253637776329 0.00054424253637776329 1 1 1 Converged Converged Converged OK OK OK 77 77 77 77 77 77 3 3 3 0 0 0 0 1 0 0 1
84 84 linear 3 15 843 2 0.0001 1.3100625593493955 0.13027658659932273 0.0013914891710092186 -0.51186587377145532 -0.28737743473475919 -0.51178117443061133 0.5 0.66278003655612905 5.5219209900158095 OK 13 12 0.52700000000000002 0.505274 0.137043 0.38639600000000002 0.24479000000000001 0 0.14060400000000001 0.26048399999999999 0.137043 0.0089119999999999998 0.0087899999999999992 0.0083549999999999996 0.107879 0.22745500000000007 0.105184 0.0040480000000000004 0.0042269999999999999 0.0041200000000000004 0.00077099999999999998 0.00077700000000000002 0.00075700000000000008 5.5219176389702511 5.5219176389702511 5.5219176389702511 0.00054448711171887121 0.00054448711171887121 0.00054448711171887121 1 1 1 Converged Converged Converged OK OK OK 77 77 77 77 77 77 3 3 3 0 0 0 0 1 0 0 1
84 84 linear 3 23 843 3 0.0001 1.3100625593493955 0.13027658659932273 0.0013914891710092186 -0.51186587377145532 -0.28737743473475919 -0.51158757593725346 0.5 0.66258643806277118 5.3150750906234858 OK 13 12 0.501309 0.54948600000000003 0.15878600000000001 0.33807399999999999 0.21335799999999999 0 0.16323500000000002 0.33612800000000004 0.15878600000000001 0.0088009999999999998 0.0089420000000000003 0.0082199999999999999 0.12378199999999999 0.29623400000000005 0.12090400000000001 0.0053940000000000004 0.0052309999999999995 0.0049789999999999999 0.00095900000000000011 0.0010560000000000001 0.00097600000000000009 5.3150719269794013 5.3150719269794013 5.3150719269794013 8.2243228633387664e-08 8.2243228633387664e-08 8.2243228633387664e-08 1 1 1 Converged Converged Converged OK OK OK 93 93 93 93 93 93 3 3 3 0 0 0 0 1 0 0 1
84 84 linear 4 0 844 0 0.001 1.3100625593493955 0.13027658659932273 0.0013914891710092186 -0.58991412165699142 0.10349392070813501 -0.59019241949119328 0.5 0.741191281616711 10.822404474101671 OK 15 14 0.50561 0.50603100000000001 0.18631400000000001 0.31541200000000003 0.313635 0 0.19019799999999998 0.19239600000000001 0.18631400000000001 0.014681 0.014836 0.014452 0.13648599999999997 0.13674400000000003 0.13277699999999998 0.0049859999999999991 0.0056740000000000011 0.0052539999999999991 0.001307 0.001392 0.001323 10.822397976859254 10.822397976859254 10.822397976859254 0.0031691308534317086 0.0031691308534317086 0.0031691308534317086 1 1 1 Converged Converged Converged OK OK OK 105 105 105 105 105 105 7 7 7 0 0 0 0 0 1 0 0
84 84 linear 4 7 844 1 0.001 1.3100625593493955 0.13027658659932273 0.0013914891710092186 -0.58991412165699142 0.10349392070813501 -0.59002302080950519 0.5 0.74102188293502291 10.554416152846612 OK 15 14 0.50645499999999999 0.501803 0.17464399999999999 0.32712999999999998 0.201769 0 0.17932500000000001 0.30003400000000002 0.17464399999999999 0.013698999999999999 0.013866 0.013002 0.13581500000000007 0.25638299999999997 0.13196799999999997 0.0050770000000000008 0.0051119999999999994 0.0051739999999999998 0.0012389999999999999 0.0012439999999999999 0.0012869999999999999 10.554411156693142 10.554411156693142 10.554411156693142 0.0034186434137793149 0.0034186434137793149 0.0034186434137793149 1 1 1 Converged Converged Converged OK OK OK 105 105 105 105 105 105 7 7 7 0 0 0 0 1 0 0 1
84 84 linear 4 15 844 2 0.001 1.3100625593493955 0.13027658659932273 0.0013914891710092186 -0.58991412165699142 0.10349392070813501 -0.58982942231614743 0.5 0.74082828444166515 10.277193615358938 OK 15 14 0.50426300000000002 0.48553299999999999 0.16341800000000001 0.33107500000000001 0.21803500000000001 0 0.17318800000000001 0.26749800000000001 0.16341800000000001 0.013727 0.013925 0.012924 0.131105 0.22390499999999999 0.12254699999999999 0.0048320000000000004 0.0056490000000000004 0.0048929999999999998 0.0011440000000000003 0.0012040000000000002 0.001183 10.277187510838381 10.277187510838381 10.277187510838381 0.0040169489226581116 0.0040169489226581116 0.0040169489226581116 1 1 1 Converged Converged Converged OK OK OK 98 98 98 98 98 98 6 6 6 0 0 0 0 1 0 0 1
84 84 linear 4 23 844 3 0.001 1.3100625593493955 0.13027658659932273 0.0013914891710092186 -0.58991412165699142 0.10349392070813501 -0.58963582382278956 0.5 0.74063468594830728 10.025928370616928 OK 15 14 0.50706799999999996 0.49576599999999998 0.15937200000000001 0.33330300000000002 0.23125799999999999 0 0.17376499999999995 0.26450799999999997 0.15937200000000001 0.014095 0.013823999999999999 0.012932000000000001 0.13007800000000003 0.22195299999999998 0.11941900000000003 0.0056570000000000006 0.0053010000000000002 0.0046439999999999997 0.0012040000000000002 0.0011199999999999999 0.0010639999999999998 10.025923157444973 10.025923157444973 10.025923157444973 0.0039179603648434608 0.0039179603648434608 0.0039179603648434608 1 1 1 Converged Converged Converged OK OK OK 98 98 98 98 98 98 6 6 6 0 0 0 0 1 0 0 1
84 84 linear 4 0 844 0 0.0001 1.3100625593493955 0.13027658659932273 0.0013914891710092186 -0.58991412165699142 0.10349392070813501 -0.59019241949119328 0.5 0.741191281616711 10.822404474101671 OK 15 14 0.55893999999999999 0.55222599999999999 0.23535300000000001 0.318882 0.31229000000000001 0 0.24005799999999999 0.23993599999999998 0.23535300000000001 0.014773 0.014860999999999999 0.014472 0.17272800000000008 0.17189000000000007 0.16784500000000005 0.0069790000000000008 0.0071270000000000005 0.0070520000000000001 0.0015809999999999999 0.0016479999999999999 0.0015330000000000001 10.822397978155346 10.822397978155346 10.822397978155346 0.0007709796794941017 0.0007709796794941017 0.0007709796794941017 1 1 1 Converged Converged Converged OK OK OK 137 137 137 137 137 137 7 7 7 0 0 0 0 0 1 0 0
84 84 linear 4 7 844 1 0.0001 1.3100625593493955 0.13027658659932273 0.0013914891710092186 -0.58991412165699142 0.10349392070813501 -0.59002302080950519 0.5 0.74102188293502291 10.554416152846612 OK 15 14 0.53644499999999995 0.581507 0.20438899999999999 0.32525900000000002 0.20416300000000001 0 0.21118599999999993 0.37734400000000001 0.20438899999999999 0.013844 0.013946 0.013109000000000001 0.15999100000000005 0.32566000000000017 0.154913 0.0067200000000000003 0.0068659999999999997 0.0065539999999999999 0.001583 0.0015939999999999999 0.0015120000000000001 10.55440982150113 10.55440982150113 10.55440982150113 0.00095599058771303361 0.00095599058771303361 0.00095599058771303361 1 1 1 Converged Converged Converged OK OK OK 129 129 129 129 129 129 7 7 7 0 0 0 0 1 0 0 1
84 84 linear 4 15 844 2 0.0001 1.3100625593493955 0.13027658659932273 0.0013914891710092186 -0.58991412165699142 0.10349392070813501 -0.58982942231614743 0.5 0.74082828444166515 10.277193615358938 OK 15 14 0.56802900000000001 0.59706800000000004 0.226691 0.33700599999999997 0.21301 0 0.23102300000000003 0.38405800000000001 0.226691 0.013894999999999999 0.013857 0.013043000000000001 0.17384600000000003 0.32784800000000003 0.17196000000000006 0.0078139999999999998 0.0070850000000000002 0.0071719999999999996 0.0017490000000000001 0.0016069999999999999 0.0016689999999999999 10.277187493614658 10.277187493614658 10.277187493614658 0.00057598836258331584 0.00057598836258331584 0.00057598836258331584 1 1 1 Converged Converged Converged OK OK OK 138 138 138 138 138 138 6 6 6 0 0 0 0 1 0 0 1
84 84 linear 4 23 844 3 0.0001 1.3100625593493955 0.13027658659932273 0.0013914891710092186 -0.58991412165699142 0.10349392070813501 -0.58963582382278956 0.5 0.74063468594830728 10.025928370616928 OK 15 14 0.57186000000000003 0.63051900000000005 0.22591600000000001 0.33391799999999999 0.23209099999999999 0 0.23794200000000004 0.39842800000000006 0.22591600000000001 0.013746 0.013653999999999999 0.012951000000000001 0.17998299999999992 0.34071599999999996 0.17001299999999994 0.0078720000000000005 0.0077929999999999996 0.007456 0.0015900000000000001 0.0016040000000000002 0.0015559999999999999 10.025922213321858 10.025922213321858 10.025922213321858 0.00063621034685033741 0.00063621034685033741 0.00063621034685033741 1 1 1 Converged Converged Converged OK OK OK 146 146 146 146 146 146 6 6 6 0 0 0 0 1 0 0 1
84 84 uniform 0 0 845 0 0.001 1.3100625593493955 0.13027658659932273 0.0013914891710092186 -0.01226374727931716 0.13230853349231386 -0.012542045113519003 0 0.16354090723903669 18.106863576760951 OK 14 13 0.41567799999999999 0.41888700000000001 0.101489 0.31299900000000003 0.31663799999999998 0 0.10267899999999996 0.10224900000000003 0.101489 0.011788 0.011755 0.011358 0.069059000000000009 0.069070000000000034 0.068767000000000009 0.0028389999999999999 0.0028110000000000001 0.0027920000000000002 0.00073399999999999995 0.00074899999999999999 0.00070300000000000007 18.106856667733155 18.106856667733155 18.106856667733155 0.0086000949419724783 0.0086000949419724783 0.0086000949419724783 1 1 1 Converged Converged Converged OK OK OK 67 67 67 67 67 67 5 5 5 0 0 0 0 0 1 0 0
84 84 uniform 0 7 845 1 0.001 1.3100625593493955 0.13027658659932273 0.0013914891710092186 -0.01226374727931716 0.13230853349231386 -0.012372646431830924 0 0.16337150855734861 18.214205361348871 OK 14 13 0.39016899999999999 0.43985999999999997 0.089867000000000002 0.29866500000000001 0.193301 0 0.091503999999999974 0.24655899999999997 0.089867000000000002 0.010952 0.010947 0.010208 0.063051999999999983 0.21785299999999999 0.062919000000000017 0.0027609999999999996 0.0028970000000000003 0.0026770000000000001 0.00073099999999999999 0.00078799999999999996 0.00070399999999999998 18.214198242485683 18.214198242485683 18.214198242485683 0.0086143770388529203 0.0086143770388529203 0.0086143770388529203 1 1 1 Converged Converged Converged OK OK OK 67 67 67 67 67 67 5 5 5 0 0 0 0 1 0 0 1
84 84 uniform 0 15 845 2 0.001 1.3100625593493955 0.13027658659932273 0.0013914891710092186 -0.01226374727931716 0.13230853349231386 -0.012179047938473121 0 0.16317791006399082 18.335160720212979 OK 14 13 0.381353 0.42805700000000002 0.084727999999999998 0.29479300000000003 0.188609 0 0.08655999999999997 0.23944800000000002 0.084727999999999998 0.010736000000000001 0.010933 0.01009 0.058543999999999992 0.21020900000000012 0.057966000000000004 0.0027389999999999997 0.0030339999999999998 0.0027069999999999998 0.00074100000000000001 0.00080800000000000012 0.00070400000000000009 18.33515349851568 18.33515349851568 18.33515349851568 0.0086308734973820113 0.0086308734973820113 0.0086308734973820113 1 1 1 Converged Converged Converged OK OK OK 67 67 67 67 67 67 5 5 5 0 0 0 0 1 0 0 1
84 84 uniform 0 23 845 3 0.001 1.3100625593493955 0.13027658659932273 0.0013914891710092186 -0.01226374727931716 0.13230853349231386 -0.011985449445115317 0 0.16298431157063301 18.454237864971319 OK 14 13 0.37791599999999997 0.41813800000000001 0.091373999999999997 0.28512100000000001 0.19063099999999999 0 0.092794999999999961 0.22750700000000001 0.091373999999999997 0.010865 0.010947 0.010363000000000001 0.064509999999999984 0.19868299999999994 0.064413999999999999 0.0028069999999999996 0.0029480000000000001 0.0027279999999999995 0.00072900000000000005 0.0007229999999999999 0.00070899999999999999 18.454231067528248 18.454231067528248 18.454231067528248 0.0086475176756708461 0.0086475176756708461 0.0086475176756708461 1 1 1 Converged Converged Converged OK OK OK 67 67 67 67 67 67 5 5 5 0 0 0 0 1 0 0 1
84 84 uniform 0 0 845 0 0.0001 1.3100625593493955 0.13027658659932273 0.0013914891710092186 -0.01226374727931716 0.13230853349231386 -0.012542045113519003 0 0.16354090723903669 18.106863576760951 OK 14 13 0.44644600000000001 0.44151499999999999 0.130438 0.31184200000000001 0.310554 0 0.134604 0.13096099999999999 0.130438 0.01183 0.011814 0.011395000000000001 0.091342000000000062 0.088302999999999993 0.088001000000000038 0.0040260000000000001 0.0039190000000000006 0.0039379999999999997 0.00099599999999999992 0.00098600000000000011 0.001026 18.106864497759389 18.106864497759389 18.106864497759389 0.0015616863944026703 0.0015616863944026703 0.0015616863944026703 1 1 1 Converged Converged Converged OK OK OK 91 91 91 91 91 91 5 5 5 0 0 0 0 0 1 0 0
84 84 uniform 0 7 845 1 0.0001 1.3100625593493955 0.13027658659932273 0.0013914891710092186 -0.01226374727931716 0.13230853349231386 -0.012372646431830924 0 0.16337150855734861 18.214205361348871 OK 14 13 0.40973799999999999 0.51060000000000005 0.115702 0.29267199999999999 0.19251699999999999 0 0.117066 0.31808300000000006 0.115702 0.010758999999999999 0.010926999999999999 0.010290000000000001 0.081642999999999993 0.28106499999999995 0.081384000000000012 0.0040720000000000001 0.0045229999999999992 0.0039259999999999998 0.00097599999999999998 0.0011099999999999999 0.00096500000000000004 18.214206067080283 18.214206067080283 18.214206067080283 0.0015795043900658796 0.0015795043900658796 0.0015795043900658796 1 1 1 Converged Converged Converged OK OK OK 91 91 91 91 91 91 5 5 5 0 0 0 0 1 0 0 1
84 84 uniform 0 15 845 2 0.0001 1.3100625593493955 0.13027658659932273 0.0013914891710092186 -0.01226374727931716 0.13230853349231386 -0.012179047938473121 0 0.16317791006399082 18.335160720212979 OK 14 13 0.40537800000000002 0.50523499999999999 0.11073 0.289489 0.18872800000000001 0 0.11588900000000002 0.31650699999999998 0.11073 0.010708000000000001 0.010832 0.010142 0.080714999999999995 0.28037100000000015 0.076664999999999969 0.0039220000000000001 0.0041749999999999999 0.0039000000000000003 0.00097599999999999998 0.0009859999999999999 0.00098399999999999985 18.335161316908202 18.335161316908202 18.335161316908202 0.0016000361050856969 0.0016000361050856969 0.0016000361050856969 1 1 1 Converged Converged Converged OK OK OK 91 91 91 91 91 91 5 5 5 0 0 0 0 1 0 0 1
84 84 uniform 0 23 845 3 0.0001 1.3100625593493955 0.13027658659932273 0.0013914891710092186 -0.01226374727931716 0.13230853349231386 -0.011985449445115317 0 0.16298431157063301 18.454237864971319 OK 14 13 0.40684199999999998 0.48921399999999998 0.11856999999999999 0.28657500000000002 0.19096299999999999 0 0.12026699999999996 0.29825099999999999 0.11856999999999999 0.01072 0.010966 0.010189 0.085045999999999997 0.26225700000000007 0.084645999999999999 0.0039280000000000001 0.0041650000000000003 0.0039710000000000006 0.00096500000000000004 0.000977 0.0009549999999999999 18.454238879724379 18.454238879724379 18.454238879724379 0.0016207093912111146 0.0016207093912111146 0.0016207093912111146 1 1 1 Converged Converged Converged OK OK OK 91 91 91 91 91 91 5 5 5 0 0 0 0 1 0 0 1
84 84 uniform 1 0 846 0 0.001 1.3100625593493955 0.13027658659932273 0.0013914891710092186 -0.3772202676019879 0.17981046766033193 -0.37749856543618976 0 0.52849742756170748 7.1260258370156224 OK 14 13 0.463453 0.45949899999999999 0.12471400000000001 0.34180100000000002 0.33845799999999998 0 0.12165199999999998 0.12104100000000001 0.12471400000000001 0.011809 0.01187 0.011638000000000001 0.082307999999999992 0.081935999999999995 0.085766000000000009 0.0033990000000000001 0.0035019999999999995 0.0034740000000000001 0.00096400000000000001 0.00097999999999999997 0.001036 7.1260230584023043 7.1260230584023043 7.1260230584023043 0.00090956183740552212 0.00090956183740552212 0.00090956183740552212 1 1 1 Converged Converged Converged OK OK OK 82 82 82 82 82 82 6 6 6 0 0 0 0 0 1 0 0
84 84 uniform 1 7 846 1 0.001 1.3100625593493955 0.13027658659932273 0.0013914891710092186 -0.3772202676019879 0.17981046766033193 -0.37732916675450168 0 0.5283280288800194 6.7453716071693179 OK 14 13 0.43457699999999999 0.45573000000000002 0.109735 0.32356600000000002 0.20588200000000001 0 0.11101099999999997 0.24984800000000001 0.109735 0.010984000000000001 0.011004 0.010325000000000001 0.079157000000000019 0.21744900000000003 0.079195999999999975 0.003339 0.0034849999999999998 0.0032800000000000004 0.00089900000000000006 0.00093900000000000016 0.00093499999999999985 6.7453691989684659 6.7453691989684659 6.7453691989684659 0.00089168566722103832 0.00089168566722103832 0.00089168566722103832 1 1 1 Converged Converged Converged OK OK OK 82 82 82 82 82 82 6 6 6 0 0 0 0 1 0 0 1
84 84 uniform 1 15 846 2 0.001 1.3100625593493955 0.13027658659932273 0.0013914891710092186 -0.3772202676019879 0.17981046766033193 -0.37713556826114386 0 0.52813443038666152 6.2975777977066789 OK 14 13 0.418601 0.45621 0.107095 0.30969200000000002 0.19764000000000001 0 0.10890899999999998 0.25856999999999997 0.107095 0.01098 0.010969 0.010240000000000001 0.077177000000000009 0.22657200000000005 0.076844999999999983 0.0032420000000000001 0.0034290000000000002 0.0032450000000000001 0.00089099999999999987 0.00091500000000000001 0.00087799999999999998 6.2975755962279267 6.2975755962279267 6.2975755962279267 0.0010428954592035947 0.0010428954592035947 0.0010428954592035947 1 1 1 Converged Converged Converged OK OK OK 82 82 82 82 82 82 6 6 6 0 0 0 0 1 0 0 1
84 84 uniform 1 23 846 3 0.001 1.3100625593493955 0.13027658659932273 0.0013914891710092186 -0.3772202676019879 0.17981046766033193 -0.37694196976778604 0 0.52794083189330376 5.8365113161442652 OK 14 13 0.43377599999999999 0.45853699999999997 0.104495 0.32786599999999999 0.210121 0 0.10591 0.24841599999999997 0.104495 0.010853 0.011115 0.010217 0.074373999999999996 0.21586000000000002 0.074149000000000034 0.0034210000000000004 0.0035820000000000001 0.0033479999999999998 0.00096100000000000005 0.001049 0.00093499999999999996 5.8365230219186053 5.8365230219186053 5.8365230219186053 0.0022397956414061024 0.0022397956414061024 0.0022397956414061024 1 1 1 Converged Converged Converged OK OK OK 82 82 82 82 82 82 6 6 6 0 0 0 0 1 0 0 1
84 84 uniform 1 0 846 0 0.0001 1.3100625593493955 0.13027658659932273 0.0013914891710092186 -0.3772202676019879 0.17981046766033193 -0.37749856543618976 0 0.52849742756170748 7.1260258370156224 OK 14 13 0.48092200000000002 0.480236 0.139934 0.34074199999999999 0.33932299999999999 0 0.14018000000000003 0.14091300000000001 0.139934 0.011859 0.012034 0.011627999999999999 0.094655000000000045 0.095262000000000069 0.094931999999999933 0.0042559999999999994 0.0042620000000000002 0.0042670000000000008 0.001157 0.0011330000000000001 0.0010970000000000001 7.1260230584100661 7.1260230584100661 7.1260230584100661 0.00049689942289524625 0.00049689942289524625 0.00049689942289524625 1 1 1 Converged Converged Converged OK OK OK 98 98 98 98 98 98 6 6 6 0 0 0 0 0 1 0 0
84 84 uniform 1 7 846 1 0.0001 1.3100625593493955 0.13027658659932273 0.0013914891710092186 -0.3772202676019879 0.17981046766033193 -0.37732916675450168 0 0.5283280288800194 6.7453716071693179 OK 14 13 0.45149499999999998 0.51942900000000003 0.129243 0.32101000000000002 0.20641599999999999 0 0.13048499999999996 0.31301300000000004 0.129243 0.010900999999999999 0.010997 0.010269 0.094026000000000012 0.2759910000000001 0.093658000000000005 0.0041399999999999996 0.004202 0.0041390000000000003 0.0010709999999999999 0.00107 0.001062 6.745369198976233 6.745369198976233 6.745369198976233 0.00047897557756425329 0.00047897557756425329 0.00047897557756425329 1 1 1 Converged Converged Converged OK OK OK 98 98 98 98 98 98 6 6 6 0 0 0 0 1 0 0 1
84 84 uniform 1 15 846 2 0.0001 1.3100625593493955 0.13027658659932273 0.0013914891710092186 -0.3772202676019879 0.17981046766033193 -0.37713556826114386 0 0.52813443038666152 6.2975777977066789 OK 14 13 0.45307199999999997 0.565465 0.14158299999999999 0.30941600000000002 0.204488 0 0.14365599999999995 0.36097699999999999 0.14158299999999999 0.010912 0.011037 0.010369 0.10189599999999996 0.31794699999999998 0.10153799999999998 0.0050490000000000005 0.0054039999999999999 0.0048640000000000003 0.001206 0.0013030000000000001 0.0011439999999999998 6.2975751311923114 6.2975751311923114 6.2975751311923114 0.00029997647747386484 0.00029997647747386484 0.00029997647747386484 1 1 1 Converged Converged Converged OK OK OK 114 114 114 114 114 114 6 6 6 0 0 0 0 1 0 0 1
84 84 uniform 1 23 846 3 0.0001 1.3100625593493955 0.13027658659932273 0.0013914891710092186 -0.3772202676019879 0.17981046766033193 -0.37694196976778604 0 0.52794083189330376 5.8365113161442652 OK 14 13 0.46220699999999998 0.58007500000000001 0.13766400000000001 0.322741 0.20904200000000001 0 0.13946599999999998 0.371033 0.13766400000000001 0.010814000000000001 0.010931 0.010297000000000001 0.099265999999999965 0.33060900000000004 0.099082999999999977 0.0051850000000000004 0.0051419999999999999 0.0050280000000000004 0.0013109999999999997 0.0012810000000000002 0.001235 5.836508719866675 5.836508719866675 5.836508719866675 0.00030626342466586972 0.00030626342466586972 0.00030626342466586972 1 1 1 Converged Converged Converged OK OK OK 114 114 114 114 114 114 6 6 6 0 0 0 0 1 0 0 1
84 84 uniform 2 0 847 0 0.001 1.3100625593493955 0.13027658659932273 0.0013914891710092186 -0.46365263715280375 -0.22692360839661435 -0.46393093498700561 0 0.61492979711252327 9.1183863946741965 OK 15 14 0.46666200000000002 0.46238200000000002 0.13849600000000001 0.32387700000000003 0.32290600000000003 0 0.142785 0.13947599999999999 0.13849600000000001 0.014851 0.014807000000000001 0.014284 0.095634999999999956 0.092600000000000002 0.092269999999999991 0.0040169999999999997 0.003967 0.0039710000000000006 0.0010559999999999999 0.0010820000000000001 0.001093 9.1183861002352877 9.1183861002352877 9.1183861002352877 0.0026575365525733845 0.0026575365525733845 0.0026575365525733845 1 1 1 Converged Converged Converged OK OK OK 90 90 90 90 90 90 6 6 6 0 0 0 0 0 1 0 0
84 84 uniform 2 7 847 1 0.001 1.3100625593493955 0.13027658659932273 0.0013914891710092186 -0.46365263715280375 -0.22692360839661435 -0.46376153630531752 0 0.61476039843083519 9.4332204384733931 OK 15 14 0.448625 0.45343600000000001 0.13050700000000001 0.31706000000000001 0.203899 0 0.13156499999999999 0.24953700000000001 0.13050700000000001 0.01391 0.013860000000000001 0.013081000000000001 0.093539999999999984 0.21116900000000005 0.093382000000000034 0.0039220000000000001 0.0040549999999999996 0.0037830000000000008 0.0010429999999999999 0.00108 0.0010499999999999999 9.4332200477780948 9.4332200477780948 9.4332200477780948 0.0030476441046906003 0.0030476441046906003 0.0030476441046906003 1 1 1 Converged Converged Converged OK OK OK 90 90 90 90 90 90 6 6 6 0 0 0 0 1 0 0 1
84 84 uniform 2 15 847 2 0.001 1.3100625593493955 0.13027658659932273 0.0013914891710092186 -0.46365263715280375 -0.22692360839661435 -0.46356793781195971 0 0.61456679993747743 9.8871334667454054 OK 15 14 0.454874 0.46523599999999998 0.13061300000000001 0.31867899999999999 0.20406199999999999 0 0.13619500000000001 0.26117400000000002 0.13061300000000001 0.01384 0.013934 0.013063999999999999 0.098224000000000034 0.22268800000000002 0.093839000000000006 0.0040049999999999999 0.0042209999999999991 0.003921 0.0010480000000000001 0.001049 0.0010140000000000001 9.8871328367653515 9.8871328367653515 9.8871328367653515 0.0037687911101356949 0.0037687911101356949 0.0037687911101356949 1 1 1 Converged Converged Converged OK OK OK 90 90 90 90 90 90 6 6 6 0 0 0 0 1 0 0 1
84 84 uniform 2 23 847 3 0.001 1.3100625593493955 0.13027658659932273 0.0013914891710092186 -0.46365263715280375 -0.22692360839661435 -0.46337433931860189 0 0.61437320144411955 10.559985820377083 OK 15 14 0.43599700000000002 0.45382099999999997 0.132579 0.30123800000000001 0.19081000000000001 0 0.13475900000000002 0.26301099999999999 0.132579 0.013923 0.013857 0.013216 0.096185000000000048 0.224272 0.095637000000000069 0.0041450000000000002 0.0042569999999999995 0.003921 0.0010609999999999999 0.0010370000000000002 0.001021 10.559984527841092 10.559984527841092 10.559984527841092 0.0054132437663901708 0.0054132437663901708 0.0054132437663901708 1 1 1 Converged Converged Converged OK OK OK 90 90 90 90 90 90 6 6 6 0 0 0 0 1 0 0 1
84 84 uniform 2 0 847 0 0.0001 1.3100625593493955 0.13027658659932273 0.0013914891710092186 -0.46365263715280375 -0.22692360839661435 -0.46393093498700561 0 0.61492979711252327 9.1183863946741965 OK 15 14 0.48459099999999999 0.48282900000000001 0.15782199999999999 0.32562400000000002 0.32354300000000003 0 0.15896699999999997 0.15928599999999998 0.15782199999999999 0.015088000000000001 0.014952 0.014177 0.10543099999999998 0.10572899999999996 0.10572899999999993 0.004829 0.0047970000000000009 0.0048010000000000006 0.0012219999999999998 0.00123 0.0012199999999999999 9.1183861054674775 9.1183861054674775 9.1183861054674775 0.00073658455449873402 0.00073658455449873402 0.00073658455449873402 1 1 1 Converged Converged Converged OK OK OK 106 106 106 106 106 106 6 6 6 0 0 0 0 0 1 0 0
84 84 uniform 2 7 847 1 0.0001 1.3100625593493955 0.13027658659932273 0.0013914891710092186 -0.46365263715280375 -0.22692360839661435 -0.46376153630531752 0 0.61476039843083519 9.4332204384733931 OK 15 14 0.46775099999999997 0.499446 0.14807999999999999 0.31756200000000001 0.19886400000000001 0 0.15018899999999996 0.30058200000000002 0.14807999999999999 0.013858000000000001 0.013894999999999999 0.013081000000000001 0.10690099999999997 0.25728100000000004 0.10633000000000005 0.0048249999999999994 0.0049059999999999998 0.0046540000000000002 0.001207 0.001366 0.0011500000000000002 9.4332200546192606 9.4332200546192606 9.4332200546192606 0.00073845171563302614 0.00073845171563302614 0.00073845171563302614 1 1 1 Converged Converged Converged OK OK OK 106 106 106 106 106 106 6 6 6 0 0 0 0 1 0 0 1
84 84 uniform 2 15 847 2 0.0001 1.3100625593493955 0.13027658659932273 0.0013914891710092186 -0.46365263715280375 -0.22692360839661435 -0.46356793781195971 0 0.61456679993747743 9.8871334667454054 OK 15 14 0.47465600000000002 0.51740200000000003 0.152556 0.31812699999999999 0.20125199999999999 0 0.15652900000000003 0.31615000000000004 0.152556 0.013661 0.013860000000000001 0.013246000000000001 0.11388000000000002 0.27259299999999997 0.11026100000000003 0.0048280000000000007 0.0050959999999999998 0.0048700000000000002 0.0011799999999999998 0.0011849999999999999 0.001175 9.8871328490181725 9.8871328490181725 9.8871328490181725 0.00075363035378172086 0.00075363035378172086 0.00075363035378172086 1 1 1 Converged Converged Converged OK OK OK 106 106 106 106 106 106 6 6 6 0 0 0 0 1 0 0 1
84 84 uniform 2 23 847 3 0.0001 1.3100625593493955 0.13027658659932273 0.0013914891710092186 -0.46365263715280375 -0.22692360839661435 -0.46337433931860189 0 0.61437320144411955 10.559985820377083 OK 15 14 0.45017699999999999 0.49637199999999998 0.15083299999999999 0.29679699999999998 0.18831800000000001 0 0.15338000000000002 0.30805399999999994 0.15083299999999999 0.013934999999999999 0.013927 0.013220000000000001 0.10984499999999996 0.264681 0.10906699999999997 0.005091 0.0051319999999999994 0.0048419999999999991 0.001186 0.001168 0.0011920000000000001 10.559984594539831 10.559984594539831 10.559984594539831 0.00081809902320765864 0.00081809902320765864 0.00081809902320765864 1 1 1 Converged Converged Converged OK OK OK 106 106 106 106 106 106 6 6 6 0 0 0 0 1 0 0 1
84 84 uniform 3 0 848 0 0.001 1.3100625593493955 0.13027658659932273 0.0013914891710092186 -0.51186587377145532 -0.28737743473475919 -0.51214417160565717 0 0.66314303373117489 6.0349464492813016 OK 13 12 0.41265400000000002 0.41955999999999999 0.075974 0.33827000000000002 0.34504000000000001 0 0.074384000000000006 0.074519999999999975 0.075974 0.0093989999999999994 0.0095200000000000007 0.010292000000000001 0.048896999999999989 0.049238000000000004 0.049859999999999988 0.0021570000000000001 0.0022249999999999995 0.0021999999999999997 0.00056500000000000007 0.00054799999999999998 0.000544 6.0349463660977358 6.0349463660977358 6.0349463660977358 0.0017951023233312761 0.0017951023233312761 0.0017951023233312761 1 1 1 Converged Converged Converged OK OK OK 45 45 45 45 45 45 3 3 3 0 0 0 0 0 1 0 0
84 84 uniform 3 7 848 1 0.001 1.3100625593493955 0.13027658659932273 0.0013914891710092186 -0.51186587377145532 -0.28737743473475919 -0.51197477292396909 0 0.66297363504948681 5.7817901514098882 OK 13 12 0.39969900000000003 0.36354399999999998 0.071971999999999994 0.32199800000000001 0.20929400000000001 0 0.07770100000000002 0.15424999999999997 0.071971999999999994 0.0087650000000000002 0.0089309999999999997 0.0083000000000000001 0.054393999999999984 0.131184 0.050055999999999996 0.0023319999999999999 0.002232 0.0021559999999999999 0.00054199999999999995 0.00054700000000000007 0.00051400000000000003 5.7817900635655022 5.7817900635655022 5.7817900635655022 0.0017112308711841383 0.0017112308711841383 0.0017112308711841383 1 1 1 Converged Converged Converged OK OK OK 45 45 45 45 45 45 3 3 3 0 0 0 0 1 0 0 1
84 84 uniform 3 15 848 2 0.001 1.3100625593493955 0.13027658659932273 0.0013914891710092186 -0.51186587377145532 -0.28737743473475919 -0.51178117443061133 0 0.66278003655612905 5.5365858555221088 OK 13 12 0.44850800000000002 0.39790300000000001 0.075328000000000006 0.37204399999999999 0.247476 0 0.076464000000000032 0.15042700000000001 0.075328000000000006 0.0088159999999999992 0.0088610000000000008 0.0082439999999999996 0.053723 0.12726699999999996 0.053463000000000011 0.002202 0.0022980000000000001 0.002173 0.000562 0.00053900000000000009 0.00052899999999999996 5.5365857736578041 5.5365857736578041 5.5365857736578041 0.0016134196819892232 0.0016134196819892232 0.0016134196819892232 1 1 1 Converged Converged Converged OK OK OK 45 45 45 45 45 45 3 3 3 0 0 0 0 1 0 0 1
84 84 uniform 3 23 848 3 0.001 1.3100625593493955 0.13027658659932273 0.0013914891710092186 -0.51186587377145532 -0.28737743473475919 -0.51158757593725346 0 0.66258643806277118 5.3267897455118209 OK 13 12 0.40633999999999998 0.372832 0.073746000000000006 0.33135500000000001 0.215924 0 0.074984999999999968 0.15690799999999999 0.073746000000000006 0.0088140000000000007 0.0088210000000000007 0.0082330000000000007 0.052096999999999997 0.13395200000000002 0.051875000000000004 0.0022179999999999999 0.0023150000000000002 0.0021810000000000002 0.00060400000000000004 0.00062500000000000012 0.00062699999999999995 5.3267896770874916 5.3267896770874916 5.3267896770874916 0.0015229148268268279 0.0015229148268268279 0.0015229148268268279 1 1 1 Converged Converged Converged OK OK OK 45 45 45 45 45 45 3 3 3 0 0 0 0 1 0 0 1
84 84 uniform 3 0 848 0 0.0001 1.3100625593493955 0.13027658659932273 0.0013914891710092186 -0.51186587377145532 -0.28737743473475919 -0.51214417160565717 0 0.66314303373117489 6.0349464492813016 OK 13 12 0.44290099999999999 0.43703999999999998 0.096690999999999999 0.33901599999999998 0.33896199999999999 0 0.10388500000000001 0.098077999999999999 0.096690999999999999 0.0095239999999999995 0.0096740000000000003 0.0091570000000000002 0.066926000000000013 0.066724000000000006 0.06633799999999998 0.0031320000000000002 0.0030770000000000003 0.0030289999999999996 0.00068700000000000011 0.00068599999999999998 0.00065400000000000007 6.0349463796194165 6.0349463796194165 6.0349463796194165 0.0005154820657985367 0.0005154820657985367 0.0005154820657985367 1 1 1 Converged Converged Converged OK OK OK 61 61 61 61 61 61 3 3 3 0 0 0 0 0 1 0 0
84 84 uniform 3 7 848 1 0.0001 1.3100625593493955 0.13027658659932273 0.0013914891710092186 -0.51186587377145532 -0.28737743473475919 -0.51197477292396909 0 0.66297363504948681 5.7817901514098882 OK 13 12 0.42216999999999999 0.39194000000000001 0.097430000000000003 0.32463999999999998 0.209202 0 0.097530000000000006 0.18273800000000001 0.097430000000000003 0.0088100000000000001 0.0088319999999999996 0.0082990000000000008 0.069776999999999992 0.15500000000000003 0.070733000000000018 0.0030009999999999998 0.003078 0.003006 0.0006510000000000001 0.00068599999999999998 0.00065499999999999998 5.7817900872292833 5.7817900872292833 5.7817900872292833 0.00051544769994143699 0.00051544769994143699 0.00051544769994143699 1 1 1 Converged Converged Converged OK OK OK 61 61 61 61 61 61 3 3 3 0 0 0 0 1 0 0 1
84 84 uniform 3 15 848 2 0.0001 1.3100625593493955 0.13027658659932273 0.0013914891710092186 -0.51186587377145532 -0.28737743473475919 -0.51178117443061133 0 0.66278003655612905 5.5365858555221088 OK 13 12 0.47975400000000001 0.41901100000000002 0.099603999999999998 0.37814199999999998 0.24418699999999999 0 0.10161200000000004 0.17482400000000003 0.099603999999999998 0.0088430000000000002 0.0088739999999999999 0.0083420000000000005 0.073793000000000011 0.14718400000000001 0.073018999999999987 0.0030400000000000002 0.0031539999999999997 0.0030000000000000001 0.00066300000000000007 0.00066200000000000005 0.00064900000000000005 5.5365857954539397 5.5365857954539397 5.5365857954539397 0.00051548167109420672 0.00051548167109420672 0.00051548167109420672 1 1 1 Converged Converged Converged OK OK OK 61 61 61 61 61 61 3 3 3 0 0 0 0 1 0 0 1
84 84 uniform 3 23 848 3 0.0001 1.3100625593493955 0.13027658659932273 0.0013914891710092186 -0.51186587377145532 -0.28737743473475919 -0.51158757593725346 0 0.66258643806277118 5.3267897455118209 OK 13 12 0.43013299999999999 0.40161999999999998 0.095554 0.333094 0.21146300000000001 0 0.097038999999999986 0.19015699999999996 0.095554 0.0087080000000000005 0.0088690000000000001 0.0083909999999999992 0.069537000000000002 0.16239599999999996 0.06881799999999999 0.003124 0.0031610000000000002 0.0030500000000000002 0.00073399999999999995 0.00073200000000000001 0.00074200000000000004 5.3267896940584203 5.3267896940584203 5.3267896940584203 0.00051554518881194076 0.00051554518881194076 0.00051554518881194076 1 1 1 Converged Converged Converged OK OK OK 61 61 61 61 61 61 3 3 3 0 0 0 0 1 0 0 1
84 84 uniform 4 0 849 0 0.001 1.3100625593493955 0.13027658659932273 0.0013914891710092186 -0.58991412165699142 0.10349392070813501 -0.59019241949119328 0 0.741191281616711 10.850683977077647 OK 15 14 0.45466499999999999 0.45676800000000001 0.138762 0.315419 0.31748300000000002 0 0.13924599999999998 0.13928499999999999 0.138762 0.014883 0.014893999999999999 0.014291999999999999 0.092287999999999981 0.09243599999999999 0.092431000000000027 0.0038640000000000002 0.003885 0.0039069999999999999 0.00101 0.0010059999999999999 0.001005 10.85068385665511 10.85068385665511 10.85068385665511 0.003188437546683992 0.003188437546683992 0.003188437546683992 1 1 1 Converged Converged Converged OK OK OK 89 89 89 89 89 89 7 7 7 0 0 0 0 0 1 0 0
84 84 uniform 4 7 849 1 0.001 1.3100625593493955 0.13027658659932273 0.0013914891710092186 -0.58991412165699142 0.10349392070813501 -0.59002302080950519 0 0.74102188293502291 10.578638261651957 OK 15 14 0.458399 0.44684400000000002 0.12992400000000001 0.32266600000000001 0.20462900000000001 0 0.13573299999999999 0.24221500000000001 0.12992400000000001 0.013655 0.013958 0.013084 0.094147000000000008 0.20335800000000009 0.093195000000000028 0.0076680000000000003 0.0042839999999999996 0.0037590000000000002 0.00096699999999999998 0.0010480000000000001 0.00095300000000000007 10.578640358208215 10.578640358208215 10.578640358208215 0.0038808475100005602 0.0038808475100005602 0.0038808475100005602 1 1 1 Converged Converged Converged OK OK OK 89 89 89 89 89 89 7 7 7 0 0 0 0 1 0 0 1
84 84 uniform 4 15 849 2 0.001 1.3100625593493955 0.13027658659932273 0.0013914891710092186 -0.58991412165699142 0.10349392070813501 -0.58982942231614743 0 0.74082828444166515 10.297746803377642 OK 15 14 0.45939099999999999 0.43212699999999998 0.12105200000000001 0.33681499999999998 0.211538 0 0.12257600000000002 0.22058899999999998 0.12105200000000001 0.013854 0.013880999999999999 0.013056999999999999 0.085965000000000014 0.17851500000000003 0.085664000000000018 0.0036030000000000003 0.0039240000000000004 0.0035490000000000001 0.00097599999999999998 0.0009859999999999999 0.00098400000000000007 10.297746860792698 10.297746860792698 10.297746860792698 0.0036896920676015516 0.0036896920676015516 0.0036896920676015516 1 1 1 Converged Converged Converged OK OK OK 82 82 82 82 82 82 6 6 6 0 0 0 0 1 0 0 1
84 84 uniform 4 23 849 3 0.001 1.3100625593493955 0.13027658659932273 0.0013914891710092186 -0.58991412165699142 0.10349392070813501 -0.58963582382278956 0 0.74063468594830728 10.043570158363371 OK 15 14 0.45023600000000003 0.44174099999999999 0.117614 0.33049699999999999 0.230327 0 0.11973900000000004 0.21141399999999999 0.117614 0.013747000000000001 0.013754000000000001 0.012911000000000001 0.083309999999999981 0.17471099999999995 0.082788 0.0035759999999999998 0.0037590000000000002 0.0035450000000000004 0.00094000000000000008 0.000941 0.00090799999999999995 10.043571612616894 10.043571612616894 10.043571612616894 0.0040970666096649564 0.0040970666096649564 0.0040970666096649564 1 1 1 Converged Converged Converged OK OK OK 82 82 82 82 82 82 6 6 6 0 0 0 0 1 0 0 1
84 84 uniform 4 0 849 0 0.0001 1.3100625593493955 0.13027658659932273 0.0013914891710092186 -0.58991412165699142 0.10349392070813501 -0.59019241949119328 0 0.741191281616711 10.850683977077647 OK 15 14 0.47619699999999998 0.47384300000000001 0.16125300000000001 0.31401499999999999 0.31193900000000002 0 0.16218199999999999 0.16190399999999999 0.16125300000000001 0.014813 0.014659 0.014147 0.10889800000000002 0.109176 0.108685 0.0047809999999999997 0.0046839999999999998 0.0047740000000000005 0.001173 0.0012349999999999998 0.0011839999999999999 10.850683861052879 10.850683861052879 10.850683861052879 0.00088257823182043998 0.00088257823182043998 0.00088257823182043998 1 1 1 Converged Converged Converged OK OK OK 105 105 105 105 105 105 7 7 7 0 0 0 0 0 1 0 0
84 84 uniform 4 7 849 1 0.0001 1.3100625593493955 0.13027658659932273 0.0013914891710092186 -0.58991412165699142 0.10349392070813501 -0.59002302080950519 0 0.74102188293502291 10.578638261651957 OK 15 14 0.48697000000000001 0.48852200000000001 0.15787499999999999 0.32316400000000001 0.20438500000000001 0 0.16380600000000001 0.28413699999999997 0.15787499999999999 0.013719 0.013767 0.012906000000000001 0.11746300000000001 0.23735300000000006 0.11308100000000006 0.0050150000000000004 0.0052620000000000002 0.0048889999999999992 0.0012569999999999999 0.00131 0.0012949999999999999 10.578638135011035 10.578638135011035 10.578638135011035 0.00074881561602309235 0.00074881561602309235 0.00074881561602309235 1 1 1 Converged Converged Converged OK OK OK 113 113 113 113 113 113 7 7 7 0 0 0 0 1 0 0 1
84 84 uniform 4 15 849 2 0.0001 1.3100625593493955 0.13027658659932273 0.0013914891710092186 -0.58991412165699142 0.10349392070813501 -0.58982942231614743 0 0.74082828444166515 10.297746803377642 OK 15 14 0.49729099999999998 0.49340800000000001 0.166523 0.32865699999999998 0.214228 0 0.16863400000000001 0.27917999999999998 0.166523 0.013637 0.013859 0.012989000000000001 0.12063800000000004 0.23093900000000006 0.11983300000000009 0.0056610000000000002 0.0057330000000000002 0.0055620000000000001 0.001377 0.0014059999999999999 0.0013729999999999999 10.297746670808737 10.297746670808737 10.297746670808737 0.00055438483913210733 0.00055438483913210733 0.00055438483913210733 1 1 1 Converged Converged Converged OK OK OK 122 122 122 122 122 122 6 6 6 0 0 0 0 1 0 0 1
84 84 uniform 4 23 849 3 0.0001 1.3100625593493955 0.13027658659932273 0.0013914891710092186 -0.58991412165699142 0.10349392070813501 -0.58963582382278956 0 0.74063468594830728 10.043570158363371 OK 15 14 0.48947600000000002 0.49117699999999997 0.15406 0.33330300000000002 0.22919900000000001 0 0.15617300000000001 0.26197799999999993 0.15406 0.01357 0.013696 0.012766 0.111362 0.21729299999999999 0.11079299999999996 0.0053969999999999999 0.0053659999999999992 0.0053090000000000012 0.0012179999999999999 0.0012590000000000001 0.0012269999999999998 10.043570039778993 10.043570039778993 10.043570039778993 0.00071235647237944907 0.00071235647237944907 0.00071235647237944907 1 1 1 Converged Converged Converged OK OK OK 114 114 114 114 114 114 6 6 6 0 0 0 0 1 0 0 1
85 85 linear 0 0 850 0 0.001 1.1413567545568002 0.047859635560571635 0.0031461944421554795 -0.43790823873185247 -0.040912650787397073 -0.43853747762028356 0.5 0.49066747334100114 9.56948821737865 OK 14 13 0.45193299999999997 0.45357500000000001 0.115555 0.33246100000000001 0.33678999999999998 0 0.11947199999999997 0.11678500000000003 0.115555 0.01171 0.01171 0.011344 0.081906999999999994 0.07989499999999998 0.079365999999999992 0.0036389999999999999 0.0033059999999999999 0.0033820000000000005 0.00098200000000000002 0.00097199999999999999 0.00093800000000000014 9.5695544453578663 9.5695544453578663 9.5695544453578663 0.0043706075348050452 0.0043706075348050452 0.0043706075348050452 1 1 1 Converged Converged Converged OK OK OK 75 75 75 75 75 75 5 5 5 0 0 0 0 0 1 0 0
85 85 linear 0 7 850 1 0.001 1.1413567545568002 0.047859635560571635 0.0031461944421554795 -0.43790823873185247 -0.040912650787397073 -0.4381544626447168 0.5 0.49028445836543438 9.9409297723996808 OK 14 13 0.40920699999999999 0.33131100000000002 0.108639 0.29769400000000001 0.17454 0 0.11151299999999997 0.15677100000000002 0.108639 0.010810999999999999 0.010972000000000001 0.010215999999999999 0.080720999999999946 0.12580799999999998 0.078944000000000014 0.0034010000000000004 0.0035549999999999996 0.0034360000000000003 0.00087799999999999998 0.00090200000000000002 0.00082700000000000004 9.9409775872792761 9.9409775872792761 9.9409775872792761 0.0044478534439069822 0.0044478534439069822 0.0044478534439069822 1 1 1 Converged Converged Converged OK OK OK 75 75 75 75 75 75 5 5 5 0 0 0 0 1 0 0 1
85 85 linear 0 15 850 2 0.001 1.1413567545568002 0.047859635560571635 0.0031461944421554795 -0.43790823873185247 -0.040912650787397073 -0.43771673124406907 0.5 0.48984672696478665 10.334586743635098 OK 14 13 0.427153 0.34651799999999999 0.10784100000000001 0.31429000000000001 0.192359 0 0.11286299999999999 0.15415899999999999 0.10784100000000001 0.010787 0.01094 0.010201 0.081346000000000016 0.12338499999999994 0.078291000000000027 0.0035279999999999999 0.003457 0.003326 0.0010269999999999999 0.00099200000000000004 0.00095799999999999998 10.334435683497473 10.334435683497473 10.334435683497473 0.0045377245575336416 0.0045377245575336416 0.0045377245575336416 1 1 1 Converged Converged Converged OK OK OK 75 75 75 75 75 75 5 5 5 0 0 0 0 1 0 0 1
85 85 linear 0 23 850 3 0.001 1.1413567545568002 0.047859635560571635 0.0031461944421554795 -0.43790823873185247 -0.040912650787397073 -0.43727899984342139 0.5 0.48940899556413897 10.69237026704495 OK 14 13 0.43530600000000003 0.35160799999999998 0.108303 0.31858799999999998 0.19445999999999999 0 0.11671800000000004 0.15714799999999998 0.108303 0.010892000000000001 0.01094 0.010161 0.081584999999999949 0.126308 0.07870000000000002 0.0036370000000000005 0.0035570000000000003 0.0033219999999999999 0.00088500000000000015 0.00091700000000000006 0.00092499999999999993 10.692328307397815 10.692328307397815 10.692328307397815 0.0046280933675026783 0.0046280933675026783 0.0046280933675026783 1 1 1 Converged Converged Converged OK OK OK 75 75 75 75 75 75 5 5 5 0 0 0 0 1 0 0 1
85 85 linear 0 0 850 0 0.0001 1.1413567545568002 0.047859635560571635 0.0031461944421554795 -0.43790823873185247 -0.040912650787397073 -0.43853747762028356 0.5 0.49066747334100114 9.56948821737865 OK 14 13 0.52001900000000001 0.52155099999999999 0.18267900000000001 0.33302399999999999 0.33789599999999997 0 0.18699500000000002 0.18365500000000001 0.18267900000000001 0.011882999999999999 0.012056000000000001 0.011342 0.13202900000000004 0.12900700000000004 0.12867399999999993 0.0060489999999999988 0.0058939999999999999 0.0058960000000000011 0.001299 0.0012899999999999999 0.0012940000000000002 9.5695544429675685 9.5695544429675685 9.5695544429675685 0.00021887954263731445 0.00021887954263731445 0.00021887954263731445 1 1 1 Converged Converged Converged OK OK OK 123 123 123 123 123 123 5 5 5 0 0 0 0 0 1 0 0
85 85 linear 0 7 850 1 0.0001 1.1413567545568002 0.047859635560571635 0.0031461944421554795 -0.43790823873185247 -0.040912650787397073 -0.4381544626447168 0.5 0.49028445836543438 9.9409297723996808 OK 14 13 0.47761900000000002 0.42610999999999999 0.17117599999999999 0.30172399999999999 0.179975 0 0.17589500000000002 0.24613499999999999 0.17117599999999999 0.010834999999999999 0.010840000000000001 0.010255999999999999 0.13171100000000002 0.20138300000000001 0.128356 0.0061059999999999994 0.0065320000000000005 0.0061000000000000004 0.0012679999999999998 0.0012799999999999999 0.001248 9.9409775857961673 9.9409775857961673 9.9409775857961673 0.00025348483106613675 0.00025348483106613675 0.00025348483106613675 1 1 1 Converged Converged Converged OK OK OK 123 123 123 123 123 123 5 5 5 0 0 0 0 1 0 0 1
85 85 linear 0 15 850 2 0.0001 1.1413567545568002 0.047859635560571635 0.0031461944421554795 -0.43790823873185247 -0.040912650787397073 -0.43771673124406907 0.5 0.48984672696478665 10.334586743635098 OK 14 13 0.49123600000000001 0.44827699999999998 0.17180200000000001 0.31496499999999999 0.194878 0 0.17627100000000001 0.25339899999999999 0.17180200000000001 0.010861000000000001 0.010913000000000001 0.010208999999999999 0.13265199999999999 0.20932200000000001 0.12936199999999998 0.0058259999999999996 0.0059959999999999996 0.0058720000000000005 0.0013639999999999998 0.001364 0.001359 10.334435683854894 10.334435683854894 10.334435683854894 0.00030075659524525381 0.00030075659524525381 0.00030075659524525381 1 1 1 Converged Converged Converged OK OK OK 123 123 123 123 123 123 5 5 5 0 0 0 0 1 0 0 1
85 85 linear 0 23 850 3 0.0001 1.1413567545568002 0.047859635560571635 0.0031461944421554795 -0.43790823873185247 -0.040912650787397073 -0.43727899984342139 0.5 0.48940899556413897 10.69237026704495 OK 14 13 0.50085000000000002 0.44346000000000002 0.170934 0.325017 0.198716 0 0.17583300000000002 0.24474400000000002 0.170934 0.010841999999999999 0.010848999999999999 0.010390999999999999 0.13150799999999996 0.20094999999999996 0.1282319999999999 0.0063660000000000001 0.0060149999999999995 0.0059389999999999998 0.0012780000000000003 0.0012950000000000001 0.001268 10.692328311262441 10.692328311262441 10.692328311262441 0.0003570915606102888 0.0003570915606102888 0.0003570915606102888 1 1 1 Converged Converged Converged OK OK OK 123 123 123 123 123 123 5 5 5 0 0 0 0 1 0 0 1
85 85 linear 1 0 851 0 0.001 1.1413567545568002 0.047859635560571635 0.0031461944421554795 -0.23569469794430598 0.19131675157083441 -0.23632393683273706 0.5 0.28845393255345464 7.9648690579619021 OK 14 13 0.48530600000000002 0.47878900000000002 0.141372 0.33236399999999999 0.33622099999999999 0 0.15294200000000002 0.14256800000000003 0.141372 0.01261 0.012234999999999999 0.011972 0.10532200000000001 0.10231999999999999 0.10171000000000001 0.0040440000000000007 0.0036870000000000002 0.0037309999999999995 0.00096099999999999994 0.00097000000000000005 0.0009459999999999999 7.9648835152879487 7.9648835152879487 7.9648835152879487 0.0059043784576888383 0.0059043784576888383 0.0059043784576888383 1 1 1 Converged Converged Converged OK OK OK 82 82 82 82 82 82 6 6 6 0 0 0 0 0 1 0 0
85 85 linear 1 7 851 1 0.001 1.1413567545568002 0.047859635560571635 0.0031461944421554795 -0.23569469794430598 0.19131675157083441 -0.2359409218571703 0.5 0.28807091757788789 8.0016193815813299 OK 14 13 0.47206199999999998 0.42644700000000002 0.13023799999999999 0.337061 0.20807100000000001 0 0.13500099999999998 0.21837600000000001 0.13023799999999999 0.010961 0.011076000000000001 0.010315 0.10212499999999997 0.18557899999999994 0.099023000000000014 0.0037079999999999995 0.0038109999999999997 0.0035569999999999998 0.0009369999999999999 0.0010009999999999999 0.00093700000000000001 8.0016381766868392 8.0016381766868392 8.0016381766868392 0.0058527298103702293 0.0058527298103702293 0.0058527298103702293 1 1 1 Converged Converged Converged OK OK OK 82 82 82 82 82 82 6 6 6 0 0 0 0 1 0 0 1
85 85 linear 1 15 851 2 0.001 1.1413567545568002 0.047859635560571635 0.0031461944421554795 -0.23569469794430598 0.19131675157083441 -0.2355031904565226 0.5 0.28763318617724015 7.9910389622286129 OK 14 13 0.454957 0.41814699999999999 0.13236899999999999 0.31830999999999998 0.18495700000000001 0 0.13664700000000002 0.23318999999999998 0.13236899999999999 0.0111 0.011245 0.010558 0.10456599999999998 0.20051800000000006 0.10119 0.0035289999999999996 0.0037020000000000004 0.0035969999999999999 0.00090700000000000004 0.00091399999999999999 0.00090900000000000009 7.9910645454282916 7.9910645454282916 7.9910645454282916 0.005769058097019406 0.005769058097019406 0.005769058097019406 1 1 1 Converged Converged Converged OK OK OK 82 82 82 82 82 82 6 6 6 0 0 0 0 1 0 0 1
85 85 linear 1 23 851 3 0.001 1.1413567545568002 0.047859635560571635 0.0031461944421554795 -0.23569469794430598 0.19131675157083441 -0.23506545905587489 0.5 0.28719545477659247 7.9300974852416592 OK 14 13 0.44457000000000002 0.41975299999999999 0.132936 0.30770599999999998 0.18924099999999999 0 0.13686400000000004 0.23051199999999999 0.132936 0.011313 0.011334 0.010506 0.10413699999999999 0.19744100000000003 0.10150399999999998 0.0038480000000000003 0.0038880000000000004 0.0037310000000000004 0.00092500000000000004 0.00091099999999999992 0.00087600000000000004 7.9301029025368983 7.9301029025368983 7.9301029025368983 0.0056819346202006526 0.0056819346202006526 0.0056819346202006526 1 1 1 Converged Converged Converged OK OK OK 82 82 82 82 82 82 6 6 6 0 0 0 0 1 0 0 1
85 85 linear 1 0 851 0 0.0001 1.1413567545568002 0.047859635560571635 0.0031461944421554795 -0.23569469794430598 0.19131675157083441 -0.23632393683273706 0.5 0.28845393255345464 7.9648690579619021 OK 14 13 0.55321100000000001 0.54975799999999997 0.21077199999999999 0.33376600000000001 0.33210899999999999 0 0.219445 0.21764899999999998 0.21077199999999999 0.012354 0.017888999999999999 0.011710999999999999 0.15747199999999992 0.15246300000000002 0.15201699999999999 0.0076699999999999997 0.0062640000000000005 0.0064190000000000002 0.001474 0.0013990000000000001 0.001392 7.9648835180159079 7.9648835180159079 7.9648835180159079 0.00067308952495693131 0.00067308952495693131 0.00067308952495693131 1 1 1 Converged Converged Converged OK OK OK 130 130 130 130 130 130 6 6 6 0 0 0 0 0 1 0 0
85 85 linear 1 7 851 1 0.0001 1.1413567545568002 0.047859635560571635 0.0031461944421554795 -0.23569469794430598 0.19131675157083441 -0.2359409218571703 0.5 0.28807091757788789 8.0016193815813299 OK 14 13 0.53733299999999995 0.576631 0.19555600000000001 0.33652500000000002 0.20694199999999999 0 0.20080799999999993 0.36968900000000005 0.19555600000000001 0.01093 0.010938 0.010371999999999999 0.15337100000000001 0.32228099999999982 0.149121 0.0063419999999999995 0.0062660000000000007 0.0062050000000000004 0.0013749999999999999 0.0013570000000000001 0.0013810000000000001 8.0016381794145364 8.0016381794145364 8.0016381794145364 0.00062095991739891316 0.00062095991739891316 0.00062095991739891316 1 1 1 Converged Converged Converged OK OK OK 130 130 130 130 130 130 6 6 6 0 0 0 0 1 0 0 1
85 85 linear 1 15 851 2 0.0001 1.1413567545568002 0.047859635560571635 0.0031461944421554795 -0.23569469794430598 0.19131675157083441 -0.2355031904565226 0.5 0.28763318617724015 7.9910389622286129 OK 14 13 0.52323399999999998 0.56552800000000003 0.19690099999999999 0.32033800000000001 0.191192 0 0.20289599999999997 0.374336 0.19690099999999999 0.011235999999999999 0.0112 0.010673 0.15511800000000001 0.32681399999999994 0.15053800000000006 0.0063299999999999997 0.0064540000000000005 0.0063400000000000001 0.001325 0.001312 0.0013160000000000001 7.9910645481557836 7.9910645481557836 7.9910645481557836 0.00053667085939146028 0.00053667085939146028 0.00053667085939146028 1 1 1 Converged Converged Converged OK OK OK 130 130 130 130 130 130 6 6 6 0 0 0 0 1 0 0 1
85 85 linear 1 23 851 3 0.0001 1.1413567545568002 0.047859635560571635 0.0031461944421554795 -0.23569469794430598 0.19131675157083441 -0.23506545905587489 0.5 0.28719545477659247 7.9300974852416592 OK 14 13 0.51059600000000005 0.55819300000000005 0.195711 0.30866500000000002 0.18557100000000001 0 0.20193100000000003 0.37262200000000001 0.195711 0.011220000000000001 0.011279000000000001 0.010626 0.15462399999999996 0.32381300000000007 0.14966199999999996 0.0062280000000000009 0.0069069999999999991 0.006319 0.001294 0.0013730000000000001 0.0013110000000000001 7.9301029052642464 7.9301029052642464 7.9301029052642464 0.00044885927302786786 0.00044885927302786786 0.00044885927302786786 1 1 1 Converged Converged Converged OK OK OK 130 130 130 130 130 130 6 6 6 0 0 0 0 1 0 0 1
85 85 linear 2 0 852 0 0.001 1.1413567545568002 0.047859635560571635 0.0031461944421554795 -0.28641272934923373 0.18932097994193703 -0.28704196823766481 0.5 0.33917196395838239 2.7306587154811948 OK 13 12 0.39129900000000001 0.393849 0.095547000000000007 0.29262899999999997 0.29794300000000001 0 0.098670000000000035 0.095905999999999991 0.095547000000000007 0.0090959999999999999 0.0089049999999999997 0.0087139999999999995 0.067364999999999994 0.065194000000000016 0.065287999999999999 0.0031749999999999999 0.0030730000000000002 0.0031580000000000002 0.00071199999999999996 0.00070999999999999991 0.00071599999999999995 2.7306578106859978 2.7306578106859978 2.7306578106859978 0.0019348167254659384 0.0019348167254659384 0.0019348167254659384 1 1 1 Converged Converged Converged OK OK OK 61 61 61 61 61 61 3 3 3 0 0 0 0 0 1 0 0
85 85 linear 2 7 852 1 0.001 1.1413567545568002 0.047859635560571635 0.0031461944421554795 -0.28641272934923373 0.18932097994193703 -0.28665895326209806 0.5 0.33878894898281564 2.7342185957069201 OK 13 12 0.409775 0.40366999999999997 0.088619000000000003 0.311865 0.18787300000000001 0 0.097909999999999997 0.21579699999999996 0.088619000000000003 0.0082290000000000002 0.0081980000000000004 0.0077850000000000003 0.069998000000000005 0.18792999999999999 0.062006999999999986 0.0034120000000000001 0.0033219999999999999 0.0031949999999999999 0.00070699999999999995 0.00066500000000000001 0.00068900000000000005 2.7342176737680841 2.7342176737680841 2.7342176737680841 0.001939338667931316 0.001939338667931316 0.001939338667931316 1 1 1 Converged Converged Converged OK OK OK 61 61 61 61 61 61 3 3 3 0 0 0 0 1 0 0 1
85 85 linear 2 15 852 2 0.001 1.1413567545568002 0.047859635560571635 0.0031461944421554795 -0.28641272934923373 0.18932097994193703 -0.28622122186145033 0.5 0.33835121758216791 2.7383124746483212 OK 13 12 0.41370000000000001 0.42580000000000001 0.099923999999999999 0.31728499999999998 0.20238 0 0.096415000000000028 0.22342000000000001 0.099923999999999999 0.0080770000000000008 0.0082430000000000003 0.0076420000000000004 0.069152999999999992 0.19586100000000006 0.073486999999999983 0.0031900000000000001 0.0033650000000000004 0.0031620000000000003 0.00069300000000000004 0.00067400000000000001 0.00065700000000000003 2.7383115325622081 2.7383115325622081 2.7383115325622081 0.0019445460071401447 0.0019445460071401447 0.0019445460071401447 1 1 1 Converged Converged Converged OK OK OK 61 61 61 61 61 61 3 3 3 0 0 0 0 1 0 0 1
85 85 linear 2 23 852 3 0.001 1.1413567545568002 0.047859635560571635 0.0031461944421554795 -0.28641272934923373 0.18932097994193703 -0.28578349046080265 0.5 0.33791348618152023 2.9692653682495238 OK 14 13 0.50387999999999999 0.54471599999999998 0.16436400000000001 0.33401199999999998 0.20317399999999999 0 0.16986800000000002 0.34154200000000001 0.16436400000000001 0.011531 0.011795 0.010912 0.12613699999999997 0.29777000000000003 0.12279999999999999 0.0050609999999999995 0.0049689999999999995 0.0046389999999999999 0.00108 0.0011230000000000001 0.001036 2.9692557210763941 2.9692557210763941 2.9692557210763941 0.0016790368983433282 0.0016790368983433282 0.0016790368983433282 1 1 1 Converged Converged Converged OK OK OK 98 98 98 98 98 98 6 6 6 0 0 0 0 1 0 0 1
85 85 linear 2 0 852 0 0.0001 1.1413567545568002 0.047859635560571635 0.0031461944421554795 -0.28641272934923373 0.18932097994193703 -0.28704196823766481 0.5 0.33917196395838239 2.7306587154811948 OK 13 12 0.44770799999999999 0.440687 0.14502000000000001 0.29424899999999998 0.29536000000000001 0 0.15345900000000001 0.14532699999999998 0.14502000000000001 0.0088979999999999997 0.0089589999999999999 0.0086510000000000007 0.10568899999999998 0.10291800000000002 0.102594 0.0049160000000000002 0.0048459999999999996 0.0048000000000000004 0.0061010000000000005 0.00098299999999999993 0.001 2.7306578117139702 2.7306578117139702 2.7306578117139702 5.8976586495789176e-09 5.8976586495789176e-09 5.8976586495789176e-09 1 1 1 Converged Converged Converged OK OK OK 93 93 93 93 93 93 3 3 3 0 0 0 0 0 1 0 0
85 85 linear 2 7 852 1 0.0001 1.1413567545568002 0.047859635560571635 0.0031461944421554795 -0.28641272934923373 0.18932097994193703 -0.28665895326209806 0.5 0.33878894898281564 2.7342185957069201 OK 13 12 0.45299400000000001 0.49819600000000003 0.133074 0.30871199999999999 0.18673899999999999 0 0.14428200000000002 0.31145700000000004 0.133074 0.00809 0.0082959999999999996 0.007698 0.106956 0.27348099999999992 0.096876999999999977 0.0049020000000000001 0.0051229999999999999 0.0049540000000000001 0.00099100000000000013 0.0010139999999999999 0.00091500000000000012 2.734217674798471 2.734217674798471 2.734217674798471 5.9097976177556036e-09 5.9097976177556036e-09 5.9097976177556036e-09 1 1 1 Converged Converged Converged OK OK OK 93 93 93 93 93 93 3 3 3 0 0 0 0 1 0 0 1
85 85 linear 2 15 852 2 0.0001 1.1413567545568002 0.047859635560571635 0.0031461944421554795 -0.28641272934923373 0.18932097994193703 -0.28622122186145033 0.5 0.33835121758216791 2.7383124746483212 OK 13 12 0.46138899999999999 0.51915599999999995 0.137599 0.31883899999999998 0.20272499999999999 0 0.14255000000000001 0.31643099999999996 0.137599 0.0082279999999999992 0.0083199999999999993 0.0076290000000000004 0.105116 0.27840999999999994 0.10160099999999997 0.0050669999999999995 0.0053350000000000003 0.0049620000000000003 0.00093600000000000009 0.00097800000000000014 0.00090900000000000009 2.7383115335954895 2.7383115335954895 2.7383115335954895 5.9237245854397449e-09 5.9237245854397449e-09 5.9237245854397449e-09 1 1 1 Converged Converged Converged OK OK OK 93 93 93 93 93 93 3 3 3 0 0 0 0 1 0 0 1
85 85 linear 2 23 852 3 0.0001 1.1413567545568002 0.047859635560571635 0.0031461944421554795 -0.28641272934923373 0.18932097994193703 -0.28578349046080265 0.5 0.33791348618152023 2.9692653682495238 OK 14 13 0.55508800000000003 0.61748999999999998 0.21037800000000001 0.33373999999999998 0.209393 0 0.22134800000000004 0.40809699999999999 0.21037800000000001 0.011419 0.011880999999999999 0.010747 0.16215500000000002 0.35228399999999993 0.15744199999999986 0.0063570000000000007 0.0067580000000000001 0.0063029999999999996 0.0014249999999999998 0.0014460000000000002 0.0013990000000000001 2.9692541368102354 2.9692541368102354 2.9692541368102354 6.700607468634461e-06 6.700607468634461e-06 6.700607468634461e-06 1 1 1 Converged Converged Converged OK OK OK 130 130 130 130 130 130 6 6 6 0 0 0 0 1 0 0 1
85 85 linear 3 0 853 0 0.001 1.1413567545568002 0.047859635560571635 0.0031461944421554795 -0.34973926221387541 -0.10896940262671174 -0.3503685011023065 0.5 0.40249849682302408 2.2930203664875703 OK 13 12 0.40265000000000001 0.40201799999999999 0.097360000000000002 0.30340499999999998 0.304203 0 0.099245000000000028 0.097814999999999985 0.097360000000000002 0.0089499999999999996 0.0089560000000000004 0.0086730000000000002 0.06873399999999999 0.067234000000000016 0.06708500000000002 0.0030959999999999998 0.0033219999999999999 0.0032420000000000001 0.00070400000000000009 0.00069099999999999999 0.00069000000000000008 2.293019799676959 2.293019799676959 2.293019799676959 0.0015091570430843329 0.0015091570430843329 0.0015091570430843329 1 1 1 Converged Converged Converged OK OK OK 61 61 61 61 61 61 3 3 3 0 0 0 0 0 1 0 0
85 85 linear 3 7 853 1 0.001 1.1413567545568002 0.047859635560571635 0.0031461944421554795 -0.34973926221387541 -0.10896940262671174 -0.34998548612673974 0.5 0.40211548184745732 2.29485622223689 OK 13 12 0.408248 0.37650600000000001 0.095333000000000001 0.30951600000000001 0.18650600000000001 0 0.098731999999999986 0.19 0.095333000000000001 0.008234 0.0081449999999999995 0.0077879999999999998 0.070852000000000026 0.16241700000000001 0.069047999999999971 0.0036129999999999999 0.0032980000000000002 0.0031020000000000002 0.00069800000000000005 0.00069400000000000006 0.00064700000000000001 2.2948556547837256 2.2948556547837256 2.2948556547837256 0.0015113301794788079 0.0015113301794788079 0.0015113301794788079 1 1 1 Converged Converged Converged OK OK OK 61 61 61 61 61 61 3 3 3 0 0 0 0 1 0 0 1
85 85 linear 3 15 853 2 0.001 1.1413567545568002 0.047859635560571635 0.0031461944421554795 -0.34973926221387541 -0.10896940262671174 -0.34954775472609201 0.5 0.40167775044680959 2.2969601722752859 OK 13 12 0.40088200000000002 0.36973699999999998 0.090994000000000005 0.30979000000000001 0.18722800000000001 0 0.091092000000000006 0.18250899999999998 0.090994000000000005 0.0080859999999999994 0.0082979999999999998 0.0078359999999999992 0.063947000000000018 0.15507999999999997 0.064032000000000006 0.0032000000000000002 0.0032290000000000001 0.0032160000000000001 0.00067400000000000001 0.00067200000000000007 0.00067700000000000008 2.2969596040716778 2.2969596040716778 2.2969596040716778 0.0015138191310895724 0.0015138191310895724 0.0015138191310895724 1 1 1 Converged Converged Converged OK OK OK 61 61 61 61 61 61 3 3 3 0 0 0 0 1 0 0 1
85 85 linear 3 23 853 3 0.001 1.1413567545568002 0.047859635560571635 0.0031461944421554795 -0.34973926221387541 -0.10896940262671174 -0.34911002332544433 0.5 0.40124001904616191 2.2990703542826445 OK 13 12 0.37634499999999999 0.34164 0.092343999999999996 0.28376699999999999 0.166134 0 0.092577999999999994 0.175506 0.092343999999999996 0.008201 0.0082959999999999996 0.0079129999999999999 0.065593999999999972 0.14813199999999999 0.065835999999999992 0.0030469999999999994 0.0032290000000000001 0.0031000000000000003 0.00066299999999999996 0.000687 0.00067299999999999999 2.2990697853119837 2.2990697853119837 2.2990697853119837 0.0015163138246858943 0.0015163138246858943 0.0015163138246858943 1 1 1 Converged Converged Converged OK OK OK 61 61 61 61 61 61 3 3 3 0 0 0 0 1 0 0 1
85 85 linear 3 0 853 0 0.0001 1.1413567545568002 0.047859635560571635 0.0031461944421554795 -0.34973926221387541 -0.10896940262671174 -0.3503685011023065 0.5 0.40249849682302408 2.2930203664875703 OK 13 12 0.434695 0.42558600000000002 0.121336 0.305863 0.30366100000000001 0 0.128832 0.12192500000000001 0.121336 0.010784 0.0090290000000000006 0.0086940000000000003 0.090507999999999963 0.085655999999999996 0.085563 0.003947 0.0038920000000000001 0.0039069999999999999 0.00083100000000000003 0.00080400000000000003 0.00078300000000000006 2.2930198004404754 2.2930198004404754 2.2930198004404754 0.00016871582754263739 0.00016871582754263739 0.00016871582754263739 1 1 1 Converged Converged Converged OK OK OK 77 77 77 77 77 77 3 3 3 0 0 0 0 0 1 0 0
85 85 linear 3 7 853 1 0.0001 1.1413567545568002 0.047859635560571635 0.0031461944421554795 -0.34973926221387541 -0.10896940262671174 -0.34998548612673974 0.5 0.40211548184745732 2.29485622223689 OK 13 12 0.44258500000000001 0.42319099999999998 0.119766 0.31658599999999998 0.18721699999999999 0 0.12599900000000003 0.23597399999999999 0.119766 0.0083479999999999995 0.0082830000000000004 0.0076530000000000001 0.093158000000000005 0.20357199999999998 0.088821000000000011 0.0040739999999999995 0.0040269999999999993 0.003875 0.00079499999999999992 0.00080200000000000009 0.00078399999999999997 2.2948556555483344 2.2948556555483344 2.2948556555483344 0.00016911756075209045 0.00016911756075209045 0.00016911756075209045 1 1 1 Converged Converged Converged OK OK OK 77 77 77 77 77 77 3 3 3 0 0 0 0 1 0 0 1
85 85 linear 3 15 853 2 0.0001 1.1413567545568002 0.047859635560571635 0.0031461944421554795 -0.34973926221387541 -0.10896940262671174 -0.34954775472609201 0.5 0.40167775044680959 2.2969601722752859 OK 13 12 0.43412099999999998 0.41326099999999999 0.112875 0.314305 0.18285799999999999 0 0.11981599999999998 0.230403 0.112875 0.0093970000000000008 0.0082780000000000006 0.0076800000000000002 0.085799 0.19798499999999999 0.081964999999999996 0.0040249999999999999 0.0040490000000000005 0.0038940000000000003 0.00079699999999999997 0.00078200000000000003 0.00075900000000000002 2.2969596048374661 2.2969596048374661 2.2969596048374661 0.00016957799357374096 0.00016957799357374096 0.00016957799357374096 1 1 1 Converged Converged Converged OK OK OK 77 77 77 77 77 77 3 3 3 0 0 0 0 1 0 0 1
85 85 linear 3 23 853 3 0.0001 1.1413567545568002 0.047859635560571635 0.0031461944421554795 -0.34973926221387541 -0.10896940262671174 -0.34911002332544433 0.5 0.40124001904616191 2.2990703542826445 OK 13 12 0.404638 0.38927899999999999 0.111717 0.28958899999999999 0.16536100000000001 0 0.11504900000000001 0.22391799999999998 0.111717 0.0082380000000000005 0.0081770000000000002 0.0076530000000000001 0.083131999999999984 0.19162800000000002 0.080852000000000021 0.0039430000000000003 0.0040749999999999996 0.0039110000000000004 0.00080599999999999997 0.00083100000000000003 0.00080199999999999998 2.2990697860790061 2.2990697860790061 2.2990697860790061 0.00017003982795317678 0.00017003982795317678 0.00017003982795317678 1 1 1 Converged Converged Converged OK OK OK 77 77 77 77 77 77 3 3 3 0 0 0 0 1 0 0 1
85 85 linear 4 0 854 0 0.001 1.1413567545568002 0.047859635560571635 0.0031461944421554795 -0.47719704486418835 -0.016247837146858835 -0.47782628375261943 0.5 0.52995627947333701 9.2195837109620538 OK 15 14 0.50487000000000004 0.49684099999999998 0.15556500000000001 0.34573900000000002 0.33942099999999997 0 0.15913100000000002 0.15742 0.15556500000000001 0.014586999999999999 0.014468 0.014045999999999999 0.10897299999999999 0.10724999999999998 0.10601900000000002 0.0047569999999999999 0.0050429999999999997 0.0047469999999999995 0.0011430000000000001 0.0011929999999999998 0.0011310000000000001 9.219578539482173 9.219578539482173 9.219578539482173 0.0068260466983728965 0.0068260466983728965 0.0068260466983728965 1 1 1 Converged Converged Converged OK OK OK 98 98 98 98 98 98 6 6 6 0 0 0 0 0 1 0 0
85 85 linear 4 7 854 1 0.001 1.1413567545568002 0.047859635560571635 0.0031461944421554795 -0.47719704486418835 -0.016247837146858835 -0.47744326877705268 0.5 0.5295732644977702 9.1019110135470207 OK 15 14 0.47645199999999999 0.39730599999999999 0.14799799999999999 0.31984800000000002 0.19834299999999999 0 0.15660399999999997 0.198963 0.14799799999999999 0.017543 0.013764 0.012917 0.11088199999999998 0.157698 0.10805699999999999 0.004901 0.0047499999999999999 0.0047219999999999996 0.0011609999999999999 0.001142 0.0011499999999999998 9.1019056332199852 9.1019056332199852 9.1019056332199852 0.0071562616220250952 0.0071562616220250952 0.0071562616220250952 1 1 1 Converged Converged Converged OK OK OK 98 98 98 98 98 98 6 6 6 0 0 0 0 1 0 0 1
85 85 linear 4 15 854 2 0.001 1.1413567545568002 0.047859635560571635 0.0031461944421554795 -0.47719704486418835 -0.016247837146858835 -0.47700553737640494 0.5 0.52913553309712247 8.9744471293419679 OK 15 14 0.488512 0.40419699999999997 0.13895099999999999 0.34457100000000002 0.21416299999999999 0 0.14394099999999999 0.19003399999999998 0.13895099999999999 0.013655 0.013748 0.012798 0.10242800000000001 0.14880099999999999 0.09920699999999992 0.0047620000000000006 0.0046510000000000006 0.0046080000000000001 0.0011360000000000001 0.0010899999999999998 0.0010640000000000001 8.9744417752152419 8.9744417752152419 8.9744417752152419 0.0076658035203753449 0.0076658035203753449 0.0076658035203753449 1 1 1 Converged Converged Converged OK OK OK 98 98 98 98 98 98 6 6 6 0 0 0 0 1 0 0 1
85 85 linear 4 23 854 3 0.001 1.1413567545568002 0.047859635560571635 0.0031461944421554795 -0.47719704486418835 -0.016247837146858835 -0.47656780597575726 0.5 0.52869780169647485 8.8537469443416761 OK 15 14 0.47856300000000002 0.39008999999999999 0.14749200000000001 0.32654499999999997 0.19311200000000001 0 0.15201800000000004 0.19697799999999999 0.14749200000000001 0.013575 0.013653 0.012834 0.11056499999999997 0.15509400000000007 0.10753 0.00481 0.0050360000000000005 0.0047650000000000001 0.001091 0.0011349999999999999 0.001132 8.8537416384163876 8.8537416384163876 8.8537416384163876 0.0082748799799283682 0.0082748799799283682 0.0082748799799283682 1 1 1 Converged Converged Converged OK OK OK 98 98 98 98 98 98 6 6 6 0 0 0 0 1 0 0 1
85 85 linear 4 0 854 0 0.0001 1.1413567545568002 0.047859635560571635 0.0031461944421554795 -0.47719704486418835 -0.016247837146858835 -0.47782628375261943 0.5 0.52995627947333701 9.2195837109620538 OK 15 14 0.56183099999999997 0.55754300000000001 0.21593200000000001 0.34170099999999998 0.33950799999999998 0 0.22012999999999999 0.21803500000000003 0.21593200000000001 0.014474000000000001 0.014579 0.014030000000000001 0.15347199999999991 0.15064199999999989 0.149757 0.0068820000000000001 0.0070610000000000004 0.0068839999999999995 0.0015690000000000003 0.0016040000000000004 0.0016079999999999998 9.2195785538555732 9.2195785538555732 9.2195785538555732 0.00075533581658068555 0.00075533581658068555 0.00075533581658068555 1 1 1 Converged Converged Converged OK OK OK 138 138 138 138 138 138 6 6 6 0 0 0 0 0 1 0 0
85 85 linear 4 7 854 1 0.0001 1.1413567545568002 0.047859635560571635 0.0031461944421554795 -0.47719704486418835 -0.016247837146858835 -0.47744326877705268 0.5 0.5295732644977702 9.1019110135470207 OK 15 14 0.53586199999999995 0.47576099999999999 0.20288300000000001 0.32167800000000002 0.195081 0 0.21418399999999993 0.28067999999999999 0.20288300000000001 0.013650000000000001 0.013509 0.012939000000000001 0.16103899999999999 0.22781299999999999 0.15131600000000012 0.0068989999999999998 0.0068059999999999996 0.0067289999999999989 0.001627 0.00156 0.0015300000000000001 9.1019056518024559 9.1019056518024559 9.1019056518024559 0.00060418788823429412 0.00060418788823429412 0.00060418788823429412 1 1 1 Converged Converged Converged OK OK OK 138 138 138 138 138 138 6 6 6 0 0 0 0 1 0 0 1
85 85 linear 4 15 854 2 0.0001 1.1413567545568002 0.047859635560571635 0.0031461944421554795 -0.47719704486418835 -0.016247837146858835 -0.47700553737640494 0.5 0.52913553309712247 8.9744471293419679 OK 15 14 0.54502799999999996 0.48147400000000001 0.19375899999999999 0.34589799999999998 0.213452 0 0.19912999999999997 0.26802199999999998 0.19375899999999999 0.013620999999999999 0.013585 0.012902 0.14590899999999998 0.21496600000000005 0.142288 0.0071849999999999995 0.0070589999999999993 0.0067110000000000008 0.0015299999999999999 0.0015229999999999998 0.0014820000000000002 8.9744417997498704 8.9744417997498704 8.9744417997498704 0.00049517167359795474 0.00049517167359795474 0.00049517167359795474 1 1 1 Converged Converged Converged OK OK OK 138 138 138 138 138 138 6 6 6 0 0 0 0 1 0 0 1
85 85 linear 4 23 854 3 0.0001 1.1413567545568002 0.047859635560571635 0.0031461944421554795 -0.47719704486418835 -0.016247837146858835 -0.47656780597575726 0.5 0.52869780169647485 8.8537469443416761 OK 15 14 0.53432100000000005 0.46864899999999998 0.206596 0.32347199999999998 0.19070400000000001 0 0.21084900000000006 0.277945 0.206596 0.017385000000000001 0.013668 0.012782999999999999 0.15394699999999997 0.22002099999999991 0.15032800000000004 0.0069270000000000009 0.0070599999999999986 0.012010999999999999 0.0015379999999999997 0.0014720000000000002 0.0014830000000000002 8.8537416702369658 8.8537416702369658 8.8537416702369658 0.00040924309520108215 0.00040924309520108215 0.00040924309520108215 1 1 1 Converged Converged Converged OK OK OK 138 138 138 138 138 138 6 6 6 0 0 0 0 1 0 0 1
85 85 uniform 0 0 855 0 0.001 1.1413567545568002 0.047859635560571635 0.0031461944421554795 -0.43790823873185247 -0.040912650787397073 -0.43853747762028356 0 0.49066747334100114 9.3921496397892863 OK 14 13 0.42493199999999998 0.44104700000000002 0.092244000000000007 0.331706 0.344192 0 0.093225999999999976 0.096855000000000024 0.092244000000000007 0.011764 0.013268 0.011224 0.060140000000000013 0.061714999999999999 0.059990000000000016 0.0027930000000000003 0.0028420000000000003 0.0027750000000000001 0.00076900000000000004 0.00080500000000000005 0.00075900000000000002 9.3921395095061957 9.3921395095061957 9.3921395095061957 0.0092234957096299745 0.0092234957096299745 0.0092234957096299745 1 1 1 Converged Converged Converged OK OK OK 67 67 67 67 67 67 5 5 5 0 0 0 0 0 1 0 0
85 85 uniform 0 7 855 1 0.001 1.1413567545568002 0.047859635560571635 0.0031461944421554795 -0.43790823873185247 -0.040912650787397073 -0.4381544626447168 0 0.49028445836543438 9.7189457800123087 OK 14 13 0.385629 0.30815799999999999 0.086094000000000004 0.297873 0.17963599999999999 0 0.087756000000000001 0.128522 0.086094000000000004 0.010730999999999999 0.012239 0.010125 0.059806000000000019 0.098648 0.05943699999999999 0.0027060000000000001 0.0028960000000000001 0.0027030000000000001 0.00075299999999999987 0.00081899999999999996 0.00071599999999999995 9.7189354880892758 9.7189354880892758 9.7189354880892758 0.0092705685769688372 0.0092705685769688372 0.0092705685769688372 1 1 1 Converged Converged Converged OK OK OK 67 67 67 67 67 67 5 5 5 0 0 0 0 1 0 0 1
85 85 uniform 0 15 855 2 0.001 1.1413567545568002 0.047859635560571635 0.0031461944421554795 -0.43790823873185247 -0.040912650787397073 -0.43771673124406907 0 0.48984672696478665 10.068539023548093 OK 14 13 0.40731299999999998 0.320855 0.085085999999999995 0.31634600000000002 0.19721 0 0.090966999999999965 0.123645 0.085085999999999995 0.010699 0.010916 0.010203 0.063424000000000008 0.095876000000000003 0.058573 0.0027469999999999999 0.0027460000000000002 0.0026499999999999996 0.000727 0.00073399999999999995 0.00070200000000000004 10.068528966507545 10.068528966507545 10.068528966507545 0.0093234463269955478 0.0093234463269955478 0.0093234463269955478 1 1 1 Converged Converged Converged OK OK OK 67 67 67 67 67 67 5 5 5 0 0 0 0 1 0 0 1
85 85 uniform 0 23 855 3 0.001 1.1413567545568002 0.047859635560571635 0.0031461944421554795 -0.43790823873185247 -0.040912650787397073 -0.43727899984342139 0 0.48940899556413897 10.391497218686572 OK 14 13 0.412302 0.31920199999999999 0.085805000000000006 0.32523099999999999 0.194801 0 0.087071000000000009 0.12440099999999998 0.085805000000000006 0.010769000000000001 0.010942 0.010168999999999999 0.059552999999999981 0.096683000000000019 0.059261999999999988 0.0026850000000000003 0.002728 0.0026059999999999998 0.00070099999999999991 0.0007090000000000001 0.00068099999999999996 10.391487179866578 10.391487179866578 10.391487179866578 0.0093731417185902981 0.0093731417185902981 0.0093731417185902981 1 1 1 Converged Converged Converged OK OK OK 67 67 67 67 67 67 5 5 5 0 0 0 0 1 0 0 1
85 85 uniform 0 0 855 0 0.0001 1.1413567545568002 0.047859635560571635 0.0031461944421554795 -0.43790823873185247 -0.040912650787397073 -0.43853747762028356 0 0.49066747334100114 9.3921496397892863 OK 14 13 0.45135700000000001 0.45133299999999998 0.116213 0.32981199999999999 0.33365099999999998 0 0.12154500000000001 0.11768200000000001 0.116213 0.011757 0.011861 0.011325999999999999 0.080512000000000028 0.076698000000000016 0.075664999999999982 0.0040040000000000006 0.0040149999999999995 0.0038830000000000002 0.001065 0.001065 0.0010190000000000002 9.3921494935967669 9.3921494935967669 9.3921494935967669 0.00074631378195332498 0.00074631378195332498 0.00074631378195332498 1 1 1 Converged Converged Converged OK OK OK 91 91 91 91 91 91 5 5 5 0 0 0 0 0 1 0 0
85 85 uniform 0 7 855 1 0.0001 1.1413567545568002 0.047859635560571635 0.0031461944421554795 -0.43790823873185247 -0.040912650787397073 -0.4381544626447168 0 0.49028445836543438 9.7189457800123087 OK 14 13 0.40627999999999997 0.33168300000000001 0.107256 0.29798599999999997 0.17485500000000001 0 0.108294 0.156828 0.107256 0.010766 0.010795000000000001 0.010153000000000001 0.075237000000000012 0.12363799999999996 0.075095999999999982 0.0038149999999999998 0.0038890000000000001 0.0038339999999999997 0.00098200000000000002 0.00098899999999999986 0.00099400000000000009 9.7189454940064799 9.7189454940064799 9.7189454940064799 0.00075762443817000747 0.00075762443817000747 0.00075762443817000747 1 1 1 Converged Converged Converged OK OK OK 91 91 91 91 91 91 5 5 5 0 0 0 0 1 0 0 1
85 85 uniform 0 15 855 2 0.0001 1.1413567545568002 0.047859635560571635 0.0031461944421554795 -0.43790823873185247 -0.040912650787397073 -0.43771673124406907 0 0.48984672696478665 10.068539023548093 OK 14 13 0.42325499999999999 0.34991 0.10785 0.31420500000000001 0.19394800000000001 0 0.10904999999999998 0.15596199999999999 0.10785 0.010817 0.010971 0.010243 0.076003000000000015 0.12272899999999998 0.075747000000000023 0.0038679999999999999 0.0038959999999999997 0.0037780000000000001 0.00095399999999999977 0.00097099999999999997 0.00099100000000000013 10.068538998803536 10.068538998803536 10.068538998803536 0.00077308551648199646 0.00077308551648199646 0.00077308551648199646 1 1 1 Converged Converged Converged OK OK OK 91 91 91 91 91 91 5 5 5 0 0 0 0 1 0 0 1
85 85 uniform 0 23 855 3 0.0001 1.1413567545568002 0.047859635560571635 0.0031461944421554795 -0.43790823873185247 -0.040912650787397073 -0.43727899984342139 0 0.48940899556413897 10.391497218686572 OK 14 13 0.42999999999999999 0.35890100000000003 0.106603 0.31757800000000003 0.19924700000000001 0 0.11242199999999997 0.15965400000000002 0.106603 0.010788000000000001 0.010932000000000001 0.010189 0.079271999999999954 0.12636800000000001 0.074563999999999978 0.0038430000000000001 0.0038899999999999998 0.003823 0.00093300000000000002 0.00096000000000000013 0.00092599999999999996 10.391497241436905 10.391497241436905 10.391497241436905 0.00079151152544679865 0.00079151152544679865 0.00079151152544679865 1 1 1 Converged Converged Converged OK OK OK 91 91 91 91 91 91 5 5 5 0 0 0 0 1 0 0 1
85 85 uniform 1 0 856 0 0.001 1.1413567545568002 0.047859635560571635 0.0031461944421554795 -0.23569469794430598 0.19131675157083441 -0.23632393683273706 0 0.28845393255345464 7.9211915747026884 OK 14 13 0.45936199999999999 0.46180900000000003 0.12506400000000001 0.333957 0.33429500000000001 0 0.12540499999999999 0.12751400000000002 0.12506400000000001 0.011965999999999999 0.012298999999999999 0.011689 0.085947999999999997 0.086477999999999999 0.085845000000000019 0.0034449999999999997 0.0038120000000000003 0.0034759999999999999 0.0010660000000000001 0.00099400000000000009 0.0010059999999999999 7.9211931315065822 7.9211931315065822 7.9211931315065822 0.0016896819595778204 0.0016896819595778204 0.0016896819595778204 1 1 1 Converged Converged Converged OK OK OK 82 82 82 82 82 82 6 6 6 0 0 0 0 0 1 0 0
85 85 uniform 1 7 856 1 0.001 1.1413567545568002 0.047859635560571635 0.0031461944421554795 -0.23569469794430598 0.19131675157083441 -0.2359409218571703 0 0.28807091757788789 7.9163489203564463 OK 14 13 0.45274500000000001 0.40931200000000001 0.113761 0.33751500000000001 0.20798800000000001 0 0.11523 0.201324 0.113761 0.010944000000000001 0.011041 0.010279 0.083104999999999984 0.16933899999999993 0.082749000000000017 0.0034060000000000002 0.0034170000000000003 0.0033010000000000005 0.00094200000000000013 0.00089500000000000007 0.0009189999999999999 7.9163501655868753 7.9163501655868753 7.9163501655868753 0.0014969487958473261 0.0014969487958473261 0.0014969487958473261 1 1 1 Converged Converged Converged OK OK OK 82 82 82 82 82 82 6 6 6 0 0 0 0 1 0 0 1
85 85 uniform 1 15 856 2 0.001 1.1413567545568002 0.047859635560571635 0.0031461944421554795 -0.23569469794430598 0.19131675157083441 -0.2355031904565226 0 0.28763318617724015 7.8681637993223452 OK 14 13 0.43645699999999998 0.406393 0.116244 0.31902599999999998 0.184307 0 0.11743100000000001 0.22208600000000001 0.116244 0.011193 0.011220000000000001 0.010599000000000001 0.085421999999999998 0.18918600000000005 0.085253999999999996 0.0033070000000000005 0.0036830000000000001 0.0034549999999999997 0.00089400000000000005 0.00098200000000000002 0.00088200000000000008 7.8681642829008949 7.8681642829008949 7.8681642829008949 0.0014054943772299632 0.0014054943772299632 0.0014054943772299632 1 1 1 Converged Converged Converged OK OK OK 82 82 82 82 82 82 6 6 6 0 0 0 0 1 0 0 1
85 85 uniform 1 23 856 3 0.001 1.1413567545568002 0.047859635560571635 0.0031461944421554795 -0.23569469794430598 0.19131675157083441 -0.23506545905587489 0 0.28719545477659247 7.7812259416605922 OK 14 13 0.42541400000000001 0.40022600000000003 0.11973300000000001 0.30782900000000002 0.18635599999999999 0 0.117585 0.21387000000000003 0.11973300000000001 0.01116 0.011204 0.01189 0.085441999999999962 0.1812939999999999 0.087050999999999989 0.0034349999999999997 0.0036449999999999998 0.003437 0.00090899999999999998 0.00097799999999999992 0.00088800000000000012 7.7812267402767459 7.7812267402767459 7.7812267402767459 0.0013596036769002854 0.0013596036769002854 0.0013596036769002854 1 1 1 Converged Converged Converged OK OK OK 82 82 82 82 82 82 6 6 6 0 0 0 0 1 0 0 1
85 85 uniform 1 0 856 0 0.0001 1.1413567545568002 0.047859635560571635 0.0031461944421554795 -0.23569469794430598 0.19131675157083441 -0.23632393683273706 0 0.28845393255345464 7.9211915747026884 OK 14 13 0.493031 0.494726 0.16086300000000001 0.33156999999999998 0.33335100000000001 0 0.16146100000000002 0.16137499999999999 0.16086300000000001 0.011892 0.012109 0.011592 0.10934400000000002 0.10973000000000008 0.10930699999999999 0.005131000000000001 0.0050750000000000005 0.0052570000000000004 0.001248 0.0012120000000000002 0.0012570000000000001 7.9211931315141264 7.9211931315141264 7.9211931315141264 0.00071930966643246955 0.00071930966643246955 0.00071930966643246955 1 1 1 Converged Converged Converged OK OK OK 114 114 114 114 114 114 6 6 6 0 0 0 0 0 1 0 0
85 85 uniform 1 7 856 1 0.0001 1.1413567545568002 0.047859635560571635 0.0031461944421554795 -0.23569469794430598 0.19131675157083441 -0.2359409218571703 0 0.28807091757788789 7.9163489203564463 OK 14 13 0.487429 0.52319199999999999 0.14615400000000001 0.34034399999999998 0.21101300000000001 0 0.14708500000000002 0.31217899999999998 0.14615400000000001 0.010867999999999999 0.011122 0.010272 0.10574399999999999 0.26990100000000006 0.105432 0.0050299999999999997 0.005176 0.0049430000000000003 0.00114 0.0011529999999999999 0.001134 7.9163501655943653 7.9163501655943653 7.9163501655943653 0.00052570123991102166 0.00052570123991102166 0.00052570123991102166 1 1 1 Converged Converged Converged OK OK OK 114 114 114 114 114 114 6 6 6 0 0 0 0 1 0 0 1
85 85 uniform 1 15 856 2 0.0001 1.1413567545568002 0.047859635560571635 0.0031461944421554795 -0.23569469794430598 0.19131675157083441 -0.2355031904565226 0 0.28763318617724015 7.8681637993223452 OK 14 13 0.46524300000000002 0.50474699999999995 0.148364 0.31503199999999998 0.18646099999999999 0 0.15021100000000004 0.31828599999999996 0.148364 0.011233999999999999 0.011305000000000001 0.010552000000000001 0.10850999999999997 0.27557799999999993 0.10813099999999999 0.0049859999999999991 0.005156 0.0049230000000000003 0.0011869999999999999 0.0011569999999999998 0.0011380000000000001 7.8681642829083689 7.8681642829083689 7.8681642829083689 0.00043324466882056344 0.00043324466882056344 0.00043324466882056344 1 1 1 Converged Converged Converged OK OK OK 114 114 114 114 114 114 6 6 6 0 0 0 0 1 0 0 1
85 85 uniform 1 23 856 3 0.0001 1.1413567545568002 0.047859635560571635 0.0031461944421554795 -0.23569469794430598 0.19131675157083441 -0.23506545905587489 0 0.28719545477659247 7.7812259416605922 OK 14 13 0.442637 0.464229 0.130996 0.30909199999999998 0.18856800000000001 0 0.13354500000000002 0.27566099999999999 0.130996 0.011207999999999999 0.011276 0.01056 0.096166000000000029 0.23791199999999996 0.095350999999999991 0.0043989999999999993 0.0043470000000000002 0.0041800000000000006 0.0010839999999999999 0.0010510000000000001 0.001026 7.7812267402850281 7.7812267402850281 7.7812267402850281 0.00075381712095659689 0.00075381712095659689 0.00075381712095659689 1 1 1 Converged Converged Converged OK OK OK 98 98 98 98 98 98 6 6 6 0 0 0 0 1 0 0 1
85 85 uniform 2 0 857 0 0.001 1.1413567545568002 0.047859635560571635 0.0031461944421554795 -0.28641272934923373 0.18932097994193703 -0.28704196823766481 0 0.33917196395838239 2.7306772650779645 OK 13 12 0.35985 0.36308200000000002 0.067311999999999997 0.29161599999999999 0.29027700000000001 0 0.068234000000000017 0.072805000000000009 0.067311999999999997 0.0090170000000000007 0.0090209999999999995 0.0086449999999999999 0.043054999999999996 0.047421999999999992 0.043015000000000012 0.002153 0.0022950000000000002 0.0021199999999999999 0.00059400000000000002 0.00063199999999999997 0.000562 2.7306772457547077 2.7306772457547077 2.7306772457547077 0.0009604399059201425 0.0009604399059201425 0.0009604399059201425 1 1 1 Converged Converged Converged OK OK OK 45 45 45 45 45 45 3 3 3 0 0 0 0 0 1 0 0
85 85 uniform 2 7 857 1 0.001 1.1413567545568002 0.047859635560571635 0.0031461944421554795 -0.28641272934923373 0.18932097994193703 -0.28665895326209806 0 0.33878894898281564 2.7342375041969129 OK 13 12 0.37628299999999998 0.32482699999999998 0.061629000000000003 0.313197 0.19034499999999999 0 0.063085999999999975 0.13448199999999999 0.061629000000000003 0.0082799999999999992 0.0083590000000000001 0.0077190000000000002 0.040679999999999994 0.11201299999999999 0.040267999999999998 0.0021819999999999999 0.0023059999999999999 0.002163 0.00057899999999999998 0.00058399999999999999 0.00055199999999999997 2.7342374848479616 2.7342374848479616 2.7342374848479616 0.00096168383110036503 0.00096168383110036503 0.00096168383110036503 1 1 1 Converged Converged Converged OK OK OK 45 45 45 45 45 45 3 3 3 0 0 0 0 1 0 0 1
85 85 uniform 2 15 857 2 0.001 1.1413567545568002 0.047859635560571635 0.0031461944421554795 -0.28641272934923373 0.18932097994193703 -0.28622122186145033 0 0.33835121758216791 2.7383318049208829 OK 13 12 0.38321499999999997 0.34040999999999999 0.065987000000000004 0.31632700000000002 0.19897899999999999 0 0.066887999999999947 0.141431 0.065987000000000004 0.0080879999999999997 0.0082500000000000004 0.0076990000000000001 0.045058000000000001 0.11921499999999999 0.044863 0.0021510000000000001 0.0022629999999999998 0.0021229999999999999 0.00057700000000000004 0.00056999999999999998 0.00055200000000000008 2.7383317855423157 2.7383317855423157 2.7383317855423157 0.00096311431299583644 0.00096311431299583644 0.00096311431299583644 1 1 1 Converged Converged Converged OK OK OK 45 45 45 45 45 45 3 3 3 0 0 0 0 1 0 0 1
85 85 uniform 2 23 857 3 0.001 1.1413567545568002 0.047859635560571635 0.0031461944421554795 -0.28641272934923373 0.18932097994193703 -0.28578349046080265 0 0.33791348618152023 3.0531318488244548 OK 14 13 0.44724199999999997 0.41586800000000002 0.11047999999999999 0.33494400000000002 0.208479 0 0.11229799999999995 0.20738900000000002 0.11047999999999999 0.011403999999999999 0.011714 0.010704 0.080549999999999983 0.17515100000000003 0.080391000000000046 0.0029090000000000001 0.003032 0.002696 0.00071699999999999997 0.000812 0.00073299999999999993 3.0531339170976053 3.0531339170976053 3.0531339170976053 0.0022707276360405169 0.0022707276360405169 0.0022707276360405169 1 1 1 Converged Converged Converged OK OK OK 66 66 66 66 66 66 6 6 6 0 0 0 0 1 0 0 1
85 85 uniform 2 0 857 0 0.0001 1.1413567545568002 0.047859635560571635 0.0031461944421554795 -0.28641272934923373 0.18932097994193703 -0.28704196823766481 0 0.33917196395838239 2.7306772650779645 OK 13 12 0.400532 0.39726299999999998 0.103424 0.29606900000000003 0.29318499999999997 0 0.10446299999999997 0.104078 0.103424 0.0089320000000000007 0.0089829999999999997 0.0086400000000000001 0.067903999999999964 0.067891000000000007 0.067486000000000018 0.0038330000000000005 0.0037889999999999994 0.0037810000000000005 0.00079699999999999997 0.00079699999999999997 0.00086600000000000002 2.730677245765579 2.730677245765579 2.730677245765579 9.2420701102314238e-05 9.2420701102314238e-05 9.2420701102314238e-05 1 1 1 Converged Converged Converged OK OK OK 77 77 77 77 77 77 3 3 3 0 0 0 0 0 1 0 0
85 85 uniform 2 7 857 1 0.0001 1.1413567545568002 0.047859635560571635 0.0031461944421554795 -0.28641272934923373 0.18932097994193703 -0.28665895326209806 0 0.33878894898281564 2.7342375041969129 OK 13 12 0.40676899999999999 0.43858200000000003 0.094347 0.31085600000000002 0.19062399999999999 0 0.095912999999999971 0.24795800000000004 0.094347 0.0082229999999999994 0.0082439999999999996 0.0076959999999999997 0.063888000000000014 0.21551400000000007 0.063141000000000003 0.0038330000000000005 0.00396 0.0038430000000000001 0.00079400000000000011 0.00080999999999999996 0.00076099999999999996 2.734237484858792 2.734237484858792 2.734237484858792 9.2966400915886526e-05 9.2966400915886526e-05 9.2966400915886526e-05 1 1 1 Converged Converged Converged OK OK OK 77 77 77 77 77 77 3 3 3 0 0 0 0 1 0 0 1
85 85 uniform 2 15 857 2 0.0001 1.1413567545568002 0.047859635560571635 0.0031461944421554795 -0.28641272934923373 0.18932097994193703 -0.28622122186145033 0 0.33835121758216791 2.7383318049208829 OK 13 12 0.42399700000000001 0.45357999999999998 0.100483 0.31721300000000002 0.19786000000000001 0 0.10678399999999999 0.25571999999999995 0.100483 0.0080960000000000008 0.0081419999999999999 0.0075770000000000004 0.074862000000000012 0.22366999999999998 0.069830000000000017 0.0038199999999999996 0.0038419999999999999 0.003735 0.00082899999999999988 0.00077700000000000002 0.00075500000000000003 2.7383317855531413 2.7383317855531413 2.7383317855531413 9.3597375285096773e-05 9.3597375285096773e-05 9.3597375285096773e-05 1 1 1 Converged Converged Converged OK OK OK 77 77 77 77 77 77 3 3 3 0 0 0 0 1 0 0 1
85 85 uniform 2 23 857 3 0.0001 1.1413567545568002 0.047859635560571635 0.0031461944421554795 -0.28641272934923373 0.18932097994193703 -0.28578349046080265 0 0.33791348618152023 3.0531318488244548 OK 14 13 0.49948300000000001 0.55440800000000001 0.16278699999999999 0.33501500000000001 0.20672199999999999 0 0.164468 0.34768600000000005 0.16278699999999999 0.011318 0.011745999999999999 0.010857 0.11782900000000004 0.29978900000000008 0.11750000000000005 0.0051919999999999996 0.0056620000000000004 0.005189 0.0012100000000000001 0.001351 0.001245 3.0531312946410845 3.0531312946410845 3.0531312946410845 0.00010331991665452937 0.00010331991665452937 0.00010331991665452937 1 1 1 Converged Converged Converged OK OK OK 114 114 114 114 114 114 6 6 6 0 0 0 0 1 0 0 1
85 85 uniform 3 0 858 0 0.001 1.1413567545568002 0.047859635560571635 0.0031461944421554795 -0.34973926221387541 -0.10896940262671174 -0.3503685011023065 0 0.40249849682302408 2.2930216917595554 OK 13 12 0.36837599999999998 0.37383300000000003 0.069435999999999998 0.30200500000000002 0.30754599999999999 0 0.066370999999999958 0.06628700000000004 0.069435999999999998 0.0088859999999999998 0.0088850000000000005 0.012297000000000001 0.04163 0.041611999999999996 0.041503999999999999 0.0021640000000000001 0.0021449999999999998 0.0021559999999999999 0.00056599999999999999 0.00054100000000000003 0.00055400000000000002 2.2930216754249435 2.2930216754249435 2.2930216754249435 0.00080699114182079617 0.00080699114182079617 0.00080699114182079617 1 1 1 Converged Converged Converged OK OK OK 45 45 45 45 45 45 3 3 3 0 0 0 0 0 1 0 0
85 85 uniform 3 7 858 1 0.001 1.1413567545568002 0.047859635560571635 0.0031461944421554795 -0.34973926221387541 -0.10896940262671174 -0.34998548612673974 0 0.40211548184745732 2.2948575490238392 OK 13 12 0.37840800000000002 0.30708800000000003 0.064977999999999994 0.30737999999999999 0.185311 0 0.071028000000000036 0.12177700000000002 0.064977999999999994 0.0082480000000000001 0.0082780000000000006 0.0076280000000000002 0.048727999999999987 0.099621999999999974 0.043816999999999988 0.0022369999999999998 0.00232 0.002176 0.00057799999999999995 0.00054099999999999992 0.00053200000000000003 2.2948575326762457 2.2948575326762457 2.2948575326762457 0.000807639905347628 0.000807639905347628 0.000807639905347628 1 1 1 Converged Converged Converged OK OK OK 45 45 45 45 45 45 3 3 3 0 0 0 0 1 0 0 1
85 85 uniform 3 15 858 2 0.001 1.1413567545568002 0.047859635560571635 0.0031461944421554795 -0.34973926221387541 -0.10896940262671174 -0.34954775472609201 0 0.40167775044680959 2.2969615008314488 OK 13 12 0.36636099999999999 0.30653799999999998 0.058210999999999999 0.30678100000000003 0.181591 0 0.059579999999999966 0.12494699999999997 0.058210999999999999 0.0081119999999999994 0.0082369999999999995 0.0076889999999999997 0.037629999999999997 0.10296400000000001 0.037127000000000007 0.0021410000000000001 0.0021970000000000002 0.0021450000000000002 0.00055199999999999997 0.000553 0.00052800000000000004 2.2969614844686896 2.2969614844686896 2.2969614844686896 0.00080838339293436883 0.00080838339293436883 0.00080838339293436883 1 1 1 Converged Converged Converged OK OK OK 45 45 45 45 45 45 3 3 3 0 0 0 0 1 0 0 1
85 85 uniform 3 23 858 3 0.001 1.1413567545568002 0.047859635560571635 0.0031461944421554795 -0.34973926221387541 -0.10896940262671174 -0.34911002332544433 0 0.40124001904616191 2.2990716846487329 OK 13 12 0.34107300000000002 0.28282299999999999 0.059652999999999998 0.28020200000000001 0.164909 0 0.060871000000000008 0.11791399999999999 0.059652999999999998 0.0080730000000000003 0.0082959999999999996 0.0076519999999999999 0.038926000000000002 0.095831000000000013 0.038647999999999988 0.0021779999999999998 0.0021940000000000002 0.0021280000000000001 0.000544 0.00053799999999999996 0.00053300000000000005 2.2990716682709875 2.2990716682709875 2.2990716682709875 0.00080912906568447556 0.00080912906568447556 0.00080912906568447556 1 1 1 Converged Converged Converged OK OK OK 45 45 45 45 45 45 3 3 3 0 0 0 0 1 0 0 1
85 85 uniform 3 0 858 0 0.0001 1.1413567545568002 0.047859635560571635 0.0031461944421554795 -0.34973926221387541 -0.10896940262671174 -0.3503685011023065 0 0.40249849682302408 2.2930216917595554 OK 13 12 0.40721800000000002 0.40774500000000002 0.10392899999999999 0.30279499999999998 0.30258099999999999 0 0.10442300000000004 0.10516400000000004 0.10392899999999999 0.0089379999999999998 0.0088800000000000007 0.0084840000000000002 0.068328000000000014 0.068579000000000015 0.068154000000000006 0.0038070000000000005 0.0039550000000000002 0.0037959999999999999 0.00081800000000000004 0.00084800000000000001 0.00079600000000000005 2.2930216754363979 2.2930216754363979 2.2930216754363979 3.5139632480936707e-05 3.5139632480936707e-05 3.5139632480936707e-05 1 1 1 Converged Converged Converged OK OK OK 77 77 77 77 77 77 3 3 3 0 0 0 0 0 1 0 0
85 85 uniform 3 7 858 1 0.0001 1.1413567545568002 0.047859635560571635 0.0031461944421554795 -0.34973926221387541 -0.10896940262671174 -0.34998548612673974 0 0.40211548184745732 2.2948575490238392 OK 13 12 0.41059200000000001 0.407115 0.10199900000000001 0.30744300000000002 0.18907299999999999 0 0.10314899999999999 0.21804200000000001 0.10199900000000001 0.0081840000000000003 0.0082059999999999998 0.0076899999999999998 0.071341000000000002 0.18598799999999993 0.071195000000000036 0.0038919999999999996 0.0039290000000000002 0.0037799999999999995 0.00078899999999999999 0.00079699999999999997 0.00077299999999999992 2.2948575326877236 2.2948575326877236 2.2948575326877236 3.5223207881964563e-05 3.5223207881964563e-05 3.5223207881964563e-05 1 1 1 Converged Converged Converged OK OK OK 77 77 77 77 77 77 3 3 3 0 0 0 0 1 0 0 1
85 85 uniform 3 15 858 2 0.0001 1.1413567545568002 0.047859635560571635 0.0031461944421554795 -0.34973926221387541 -0.10896940262671174 -0.34954775472609201 0 0.40167775044680959 2.2969615008314488 OK 13 12 0.40662100000000001 0.40112700000000001 0.095385999999999999 0.30984800000000001 0.188855 0 0.096772999999999998 0.21227200000000002 0.095385999999999999 0.0081010000000000006 0.0082290000000000002 0.0077089999999999997 0.065115000000000006 0.18013599999999994 0.064789999999999986 0.0037929999999999995 0.0039299999999999995 0.003761 0.00078299999999999995 0.00081999999999999998 0.00076500000000000005 2.2969614844802035 2.2969614844802035 2.2969614844802035 3.5318994185557402e-05 3.5318994185557402e-05 3.5318994185557402e-05 1 1 1 Converged Converged Converged OK OK OK 77 77 77 77 77 77 3 3 3 0 0 0 0 1 0 0 1
85 85 uniform 3 23 858 3 0.0001 1.1413567545568002 0.047859635560571635 0.0031461944421554795 -0.34973926221387541 -0.10896940262671174 -0.34911002332544433 0 0.40124001904616191 2.2990716846487329 OK 13 12 0.37667400000000001 0.37477500000000002 0.094176999999999997 0.28107500000000002 0.167404 0 0.09559899999999999 0.20737100000000003 0.094176999999999997 0.0081939999999999999 0.0082470000000000009 0.007633 0.063751999999999989 0.17552099999999998 0.063663000000000011 0.0038970000000000003 0.003846 0.003771 0.00078000000000000009 0.00080599999999999997 0.00077600000000000011 2.2990716682825374 2.2990716682825374 2.2990716682825374 3.5415071267005446e-05 3.5415071267005446e-05 3.5415071267005446e-05 1 1 1 Converged Converged Converged OK OK OK 77 77 77 77 77 77 3 3 3 0 0 0 0 1 0 0 1
85 85 uniform 4 0 859 0 0.001 1.1413567545568002 0.047859635560571635 0.0031461944421554795 -0.47719704486418835 -0.016247837146858835 -0.47782628375261943 0 0.52995627947333701 9.2428700278507421 OK 15 14 0.460868 0.46568799999999999 0.116145 0.34252500000000002 0.33804699999999999 0 0.11834299999999998 0.127641 0.116145 0.014579999999999999 0.018584 0.014005 0.074313000000000004 0.077251999999999987 0.073548999999999976 0.0037469999999999999 0.0049750000000000003 0.0035499999999999993 0.001013 0.00099299999999999996 0.00093099999999999997 9.2428705506410118 9.2428705506410118 9.2428705506410118 0.004580159081365877 0.004580159081365877 0.004580159081365877 1 1 1 Converged Converged Converged OK OK OK 82 82 82 82 82 82 6 6 6 0 0 0 0 0 1 0 0
85 85 uniform 4 7 859 1 0.001 1.1413567545568002 0.047859635560571635 0.0031461944421554795 -0.47719704486418835 -0.016247837146858835 -0.47744326877705268 0 0.5295732644977702 9.1232418603231373 OK 15 14 0.43402800000000002 0.34947699999999998 0.11 0.32280999999999999 0.19733700000000001 0 0.11121800000000004 0.15213999999999997 0.11 0.013504 0.013561 0.012862 0.075518000000000002 0.11644600000000001 0.075115000000000015 0.0035410000000000003 0.0035659999999999997 0.0035190000000000004 0.00087499999999999991 0.00088599999999999996 0.00089099999999999987 9.1232421459196651 9.1232421459196651 9.1232421459196651 0.0044517512087624035 0.0044517512087624035 0.0044517512087624035 1 1 1 Converged Converged Converged OK OK OK 82 82 82 82 82 82 6 6 6 0 0 0 0 1 0 0 1
85 85 uniform 4 15 859 2 0.001 1.1413567545568002 0.047859635560571635 0.0031461944421554795 -0.47719704486418835 -0.016247837146858835 -0.47700553737640494 0 0.52913553309712247 8.9938226303077489 OK 15 14 0.454009 0.36349399999999998 0.102599 0.34957100000000002 0.21561900000000001 0 0.10443799999999998 0.14787499999999998 0.102599 0.013442000000000001 0.013651999999999999 0.012808999999999999 0.068762999999999963 0.11190899999999998 0.068113000000000021 0.0036299999999999995 0.003588 0.0035799999999999994 0.00091300000000000007 0.00091500000000000001 0.00090999999999999989 8.9938227497289773 8.9938227497289773 8.9938227497289773 0.004404475586889973 0.004404475586889973 0.004404475586889973 1 1 1 Converged Converged Converged OK OK OK 82 82 82 82 82 82 6 6 6 0 0 0 0 1 0 0 1
85 85 uniform 4 23 859 3 0.001 1.1413567545568002 0.047859635560571635 0.0031461944421554795 -0.47719704486418835 -0.016247837146858835 -0.47656780597575726 0 0.52869780169647485 8.8714158920572306 OK 15 14 0.43555300000000002 0.34375800000000001 0.110919 0.32289899999999999 0.190304 0 0.11265400000000003 0.15345400000000001 0.110919 0.013466000000000001 0.013599999999999999 0.012829 0.07681900000000004 0.11753900000000003 0.076360000000000011 0.0036099999999999995 0.0036080000000000001 0.0035139999999999998 0.00089099999999999997 0.00091100000000000003 0.000861 8.8714159156714221 8.8714159156714221 8.8714159156714221 0.0044440994383272 0.0044440994383272 0.0044440994383272 1 1 1 Converged Converged Converged OK OK OK 82 82 82 82 82 82 6 6 6 0 0 0 0 1 0 0 1
85 85 uniform 4 0 859 0 0.0001 1.1413567545568002 0.047859635560571635 0.0031461944421554795 -0.47719704486418835 -0.016247837146858835 -0.47782628375261943 0 0.52995627947333701 9.2428700278507421 OK 15 14 0.52901399999999998 0.51092400000000004 0.166737 0.345669 0.344773 0 0.18334499999999998 0.16615100000000005 0.166737 0.016008999999999999 0.014687 0.013913 0.11979200000000004 0.10829799999999999 0.10960699999999998 0.0060639999999999999 0.005522 0.005644999999999999 0.0015199999999999999 0.0013699999999999999 0.0014109999999999999 9.2428698940507932 9.2428698940507932 9.2428698940507932 0.00076563521584991712 0.00076563521584991712 0.00076563521584991712 1 1 1 Converged Converged Converged OK OK OK 122 122 122 122 122 122 6 6 6 0 0 0 0 0 1 0 0
85 85 uniform 4 7 859 1 0.0001 1.1413567545568002 0.047859635560571635 0.0031461944421554795 -0.47719704486418835 -0.016247837146858835 -0.47744326877705268 0 0.5295732644977702 9.1232418603231373 OK 15 14 0.48714099999999999 0.404117 0.152722 0.32773600000000003 0.19545799999999999 0 0.15940499999999996 0.20865900000000001 0.152722 0.015043000000000001 0.013518000000000001 0.012970000000000001 0.11134500000000004 0.16271800000000011 0.10823499999999996 0.0056540000000000002 0.0055329999999999997 0.0054010000000000004 0.0013240000000000001 0.001361 0.001268 9.1232417415293998 9.1232417415293998 9.1232417415293998 0.00076452286001781674 0.00076452286001781674 0.00076452286001781674 1 1 1 Converged Converged Converged OK OK OK 122 122 122 122 122 122 6 6 6 0 0 0 0 1 0 0 1
85 85 uniform 4 15 859 2 0.0001 1.1413567545568002 0.047859635560571635 0.0031461944421554795 -0.47719704486418835 -0.016247837146858835 -0.47700553737640494 0 0.52913553309712247 8.9938226303077489 OK 15 14 0.50683699999999998 0.41418700000000003 0.14288200000000001 0.35817599999999999 0.21838399999999999 0 0.14866099999999999 0.19580300000000003 0.14288200000000001 0.01486 0.01349 0.012860999999999999 0.10096299999999996 0.1496849999999999 0.098548000000000011 0.00577 0.005757 0.0054739999999999997 0.0013160000000000001 0.001353 0.0012729999999999998 8.993822519319874 8.993822519319874 8.993822519319874 0.00076348132024462638 0.00076348132024462638 0.00076348132024462638 1 1 1 Converged Converged Converged OK OK OK 122 122 122 122 122 122 6 6 6 0 0 0 0 1 0 0 1
85 85 uniform 4 23 859 3 0.0001 1.1413567545568002 0.047859635560571635 0.0031461944421554795 -0.47719704486418835 -0.016247837146858835 -0.47656780597575726 0 0.52869780169647485 8.8714158920572306 OK 15 14 0.49350300000000002 0.402055 0.16236700000000001 0.33151700000000001 0.192303 0 0.16198600000000002 0.20975199999999999 0.16236700000000001 0.014907 0.013679999999999999 0.012766 0.11262999999999995 0.16223699999999999 0.11462399999999999 0.0057479999999999996 0.0057039999999999999 0.0057109999999999999 0.0013699999999999999 0.0013650000000000001 0.0014300000000000001 8.8714159262079431 8.8714159262079431 8.8714159262079431 0.00071108345690101783 0.00071108345690101783 0.00071108345690101783 1 1 1 Converged Converged Converged OK OK OK 122 122 122 122 122 122 6 6 6 0 0 0 0 1 0 0 1
86 86 linear 0 0 860 0 0.001 1.29900361224098 0.0010243587122850783 0.16205600041471202 -0.5160811878304018 0.074109948765156669 -0.5484923879133442 0.5 0.54982167191718256 2.1037983037875163 OK 15 14 0.64624899999999996 0.66448300000000005 0.31755100000000003 0.32298900000000003 0.33236599999999999 0 0.32325999999999994 0.33211700000000005 0.31755100000000003 0.013594999999999999 0.015464 0.013788999999999999 0.26925399999999988 0.27322399999999991 0.26309200000000016 0.0053630000000000006 0.0066300000000000005 0.0055350000000000009 0.001348 0.0016179999999999999 0.0015790000000000001 2.1037836778325025 2.1037836778325025 2.1037836778325025 0.0019578333983990672 0.0019578333983990672 0.0019578333983990672 1 1 1 Converged Converged Converged OK OK OK 110 110 110 110 110 110 10 10 10 0 0 0 0 0 1 0 0
86 86 linear 0 7 860 1 0.001 1.29900361224098 0.0010243587122850783 0.16205600041471202 -0.5160811878304018 0.074109948765156669 -0.52876383134111837 0.5 0.53009311534495673 2.1654973444308245 OK 15 14 0.75979300000000005 0.63492700000000002 0.32676100000000002 0.418128 0.28172000000000003 0 0.34166500000000005 0.35320699999999999 0.32676100000000002 0.01239 0.012458 0.011632 0.29675999999999991 0.30824400000000002 0.28451200000000004 0.00696 0.0066290000000000003 0.0063160000000000004 0.0014749999999999997 0.0014890000000000001 0.001428 2.1654971219779848 2.1654971219779848 2.1654971219779848 0.0020468218616659225 0.0020468218616659225 0.0020468218616659225 1 1 1 Converged Converged Converged OK OK OK 118 118 118 118 118 118 10 10 10 0 0 0 0 1 0 0 1
86 86 linear 0 15 860 2 0.001 1.29900361224098 0.0010243587122850783 0.16205600041471202 -0.5160811878304018 0.074109948765156669 -0.50621690954428888 0.5 0.50754619354812724 2.2415570790042829 OK 15 14 0.62814800000000004 0.458316 0.265789 0.33824799999999999 0.185696 0 0.28990000000000005 0.27261999999999997 0.265789 0.012697 0.012485 0.015252999999999999 0.249524 0.2341649999999999 0.22551199999999991 0.0051660000000000005 0.0050270000000000002 0.0048180000000000002 0.001469 0.0013430000000000002 0.001224 2.2415642427909814 2.2415642427909814 2.2415642427909814 0.0020447422755291008 0.0020447422755291008 0.0020447422755291008 1 1 1 Converged Converged Converged OK OK OK 109 109 109 109 109 109 11 11 11 0 0 0 0 1 0 0 1
86 86 linear 0 23 860 3 0.001 1.29900361224098 0.0010243587122850783 0.16205600041471202 -0.5160811878304018 0.074109948765156669 -0.4836699877474594 0.5 0.48499927175129781 2.3244247292029412 OK 16 15 0.68565900000000002 0.52502099999999996 0.26984799999999998 0.39668700000000001 0.239985 0 0.28897200000000001 0.28503599999999996 0.26984799999999998 0.014539 0.013167999999999999 0.012361 0.24734199999999987 0.24444599999999997 0.23260800000000001 0.0053799999999999994 0.0061330000000000004 0.0047620000000000006 0.001457 0.0013319999999999999 0.001256 2.3244213369632987 2.3244213369632987 2.3244213369632987 0.001482159592974445 0.001482159592974445 0.001482159592974445 1 1 1 Converged Converged Converged OK OK OK 109 109 109 109 109 109 11 11 11 0 0 0 0 1 0 0 1
86 86 linear 0 0 860 0 0.0001 1.29900361224098 0.0010243587122850783 0.16205600041471202 -0.5160811878304018 0.074109948765156669 -0.5484923879133442 0.5 0.54982167191718256 2.1037983037875163 OK 15 14 0.78368899999999997 0.74630099999999999 0.42020999999999997 0.33840900000000002 0.32337199999999999 0 0.44527999999999995 0.422929 0.42020999999999997 0.014959999999999999 0.01413 0.013861 0.36412099999999969 0.34117899999999984 0.34386399999999989 0.010596999999999999 0.01005 0.0096480000000000003 0.0022160000000000001 0.0021680000000000002 0.002111 2.1037990581574131 2.1037990581574131 2.1037990581574131 0.00019564596108850529 0.00019564596108850529 0.00019564596108850529 1 1 1 Converged Converged Converged OK OK OK 158 158 158 158 158 158 10 10 10 0 0 0 0 0 1 0 0
86 86 linear 0 7 860 1 0.0001 1.29900361224098 0.0010243587122850783 0.16205600041471202 -0.5160811878304018 0.074109948765156669 -0.52876383134111837 0.5 0.53009311534495673 2.1654973444308245 OK 15 14 0.85929500000000003 0.71264899999999998 0.421427 0.42492000000000002 0.27209100000000003 0 0.43437500000000001 0.44055799999999995 0.421427 0.012605999999999999 0.012836 0.011808000000000001 0.37300099999999992 0.37909799999999982 0.3631849999999997 0.0098070000000000015 0.0099919999999999991 0.0090919999999999994 0.0022390000000000005 0.0022620000000000001 0.0021590000000000003 2.1654971602438073 2.1654971602438073 2.1654971602438073 7.1263010794488606e-05 7.1263010794488606e-05 7.1263010794488606e-05 1 1 1 Converged Converged Converged OK OK OK 166 166 166 166 166 166 10 10 10 0 0 0 0 1 0 0 1
86 86 linear 0 15 860 2 0.0001 1.29900361224098 0.0010243587122850783 0.16205600041471202 -0.5160811878304018 0.074109948765156669 -0.50621690954428888 0.5 0.50754619354812724 2.2415570790042829 OK 15 14 0.70183200000000001 0.55774699999999999 0.355049 0.34037000000000001 0.190224 0 0.36146200000000001 0.36752299999999999 0.355049 0.012645999999999999 0.012855999999999999 0.01193 0.30829899999999982 0.31452600000000008 0.30509999999999993 0.0088940000000000009 0.0088389999999999996 0.0081340000000000006 0.002202 0.0022270000000000002 0.0020049999999999998 2.2415573092429968 2.2415573092429968 2.2415573092429968 0.00016891998610775918 0.00016891998610775918 0.00016891998610775918 1 1 1 Converged Converged Converged OK OK OK 157 157 157 157 157 157 11 11 11 0 0 0 0 1 0 0 1
86 86 linear 0 23 860 3 0.0001 1.29900361224098 0.0010243587122850783 0.16205600041471202 -0.5160811878304018 0.074109948765156669 -0.4836699877474594 0.5 0.48499927175129781 2.3244247292029412 OK 16 15 0.78067500000000001 0.63785400000000003 0.38685900000000001 0.38986700000000002 0.24082500000000001 0 0.39080799999999999 0.39702900000000002 0.38685900000000001 0.013076000000000001 0.013339 0.012478 0.33858699999999992 0.34475899999999987 0.33690499999999984 0.008173999999999999 0.0084040000000000017 0.0074570000000000001 0.0021679999999999998 0.0021389999999999998 0.0020250000000000003 2.3244265322562545 2.3244265322562545 2.3244265322562545 0.00022682136798487867 0.00022682136798487867 0.00022682136798487867 1 1 1 Converged Converged Converged OK OK OK 157 157 157 157 157 157 11 11 11 0 0 0 0 1 0 0 1
86 86 linear 1 0 861 0 0.001 1.29900361224098 0.0010243587122850783 0.16205600041471202 -0.0057923088315006387 -0.10131742738981978 -0.038203508914443046 0.5 0.039532792918281448 11.047625260346123 OK 13 12 0.60523700000000002 0.60726400000000003 0.20049600000000001 0.39717200000000003 0.40575499999999998 0 0.208065 0.20150900000000005 0.20049600000000001 0.0097529999999999995 0.0097929999999999996 0.0094979999999999995 0.17035900000000001 0.16535499999999995 0.16508199999999998 0.0041080000000000005 0.0034629999999999995 0.0033649999999999999 0.00097499999999999996 0.00086600000000000002 0.00088200000000000008 11.047660542690455 11.047660542690455 11.047660542690455 0.0014644340532746728 0.0014644340532746728 0.0014644340532746728 1 1 1 Converged Converged Converged OK OK OK 81 81 81 81 81 81 7 7 7 0 0 0 0 0 1 0 0
86 86 linear 1 7 861 1 0.001 1.29900361224098 0.0010243587122850783 0.16205600041471202 -0.0057923088315006387 -0.10131742738981978 -0.01847495234221723 0.5 0.019804236346055631 11.270217934889313 OK 13 12 0.64239000000000002 0.497556 0.197325 0.43771199999999999 0.296676 0 0.20467800000000003 0.20088 0.197325 0.0087969999999999993 0.0087690000000000008 0.008208 0.17552199999999996 0.17264500000000005 0.17014899999999997 0.0037579999999999996 0.003418 0.0034669999999999996 0.00088199999999999997 0.00087699999999999996 0.00083199999999999995 11.270239906877059 11.270239906877059 11.270239906877059 0.0014852474948640428 0.0014852474948640428 0.0014852474948640428 1 1 1 Converged Converged Converged OK OK OK 81 81 81 81 81 81 7 7 7 0 0 0 0 1 0 0 1
86 86 linear 1 15 861 2 0.001 1.29900361224098 0.0010243587122850783 0.16205600041471202 -0.0057923088315006387 -0.10131742738981978 0.0040719694546122679 0.5 -0.0027426854507738656 11.337652324851865 OK 13 12 0.72085100000000002 0.57014100000000001 0.19533500000000001 0.51909799999999995 0.35911999999999999 0 0.20175300000000007 0.21102100000000001 0.19533500000000001 0.0087390000000000002 0.0088749999999999992 0.0080479999999999996 0.17349700000000004 0.18053300000000005 0.16876799999999995 0.0032429999999999994 0.004117 0.0031840000000000002 0.00083300000000000008 0.001054 0.00081400000000000005 11.33768785467138 11.33768785467138 11.33768785467138 0.0015136397269212383 0.0015136397269212383 0.0015136397269212383 1 1 1 Converged Converged Converged OK OK OK 81 81 81 81 81 81 7 7 7 0 0 0 0 1 0 0 1
86 86 linear 1 23 861 3 0.001 1.29900361224098 0.0010243587122850783 0.16205600041471202 -0.0057923088315006387 -0.10131742738981978 0.026618891251441765 0.5 -0.025289607247603364 11.207499809005038 OK 13 12 0.55399399999999999 0.37065300000000001 0.20621900000000001 0.350883 0.17032900000000001 0 0.20311099999999999 0.200324 0.20621900000000001 0.0096450000000000008 0.008744 0.0080210000000000004 0.17416199999999996 0.17143100000000003 0.177731 0.0031780000000000003 0.0036470000000000001 0.0035820000000000001 0.00086399999999999997 0.00093999999999999997 0.00094800000000000006 11.207551001130295 11.207551001130295 11.207551001130295 0.0015446499388137389 0.0015446499388137389 0.0015446499388137389 1 1 1 Converged Converged Converged OK OK OK 81 81 81 81 81 81 7 7 7 0 0 0 0 1 0 0 1
86 86 linear 1 0 861 0 0.0001 1.29900361224098 0.0010243587122850783 0.16205600041471202 -0.0057923088315006387 -0.10131742738981978 -0.038203508914443046 0.5 0.039532792918281448 11.047625260346123 OK 13 12 0.64726899999999998 0.64064900000000002 0.243621 0.39756200000000003 0.40290100000000001 0 0.24970699999999996 0.23774800000000001 0.243621 0.0098440000000000003 0.010226000000000001 0.0095379999999999996 0.20766400000000002 0.19546099999999997 0.20260999999999996 0.0046150000000000002 0.0047809999999999997 0.0046749999999999995 0.0010790000000000001 0.001083 0.001034 11.047661130566217 11.047661130566217 11.047661130566217 0.00086630594087864121 0.00086630594087864121 0.00086630594087864121 1 1 1 Converged Converged Converged OK OK OK 97 97 97 97 97 97 7 7 7 0 0 0 0 0 1 0 0
86 86 linear 1 7 861 1 0.0001 1.29900361224098 0.0010243587122850783 0.16205600041471202 -0.0057923088315006387 -0.10131742738981978 -0.01847495234221723 0.5 0.019804236346055631 11.270217934889313 OK 13 12 0.67096900000000004 0.528362 0.23976800000000001 0.43307499999999999 0.290962 0 0.23789400000000005 0.2374 0.23976800000000001 0.0086510000000000007 0.0089200000000000008 0.0089809999999999994 0.20640600000000006 0.203989 0.20794400000000005 0.0041019999999999997 0.0053339999999999993 0.0043 0.0009850000000000002 0.0011020000000000001 0.00096999999999999994 11.270240505172355 11.270240505172355 11.270240505172355 0.00087658989250975988 0.00087658989250975988 0.00087658989250975988 1 1 1 Converged Converged Converged OK OK OK 97 97 97 97 97 97 7 7 7 0 0 0 0 1 0 0 1
86 86 linear 1 15 861 2 0.0001 1.29900361224098 0.0010243587122850783 0.16205600041471202 -0.0057923088315006387 -0.10131742738981978 0.0040719694546122679 0.5 -0.0027426854507738656 11.337652324851865 OK 13 12 0.74560000000000004 0.608043 0.24130599999999999 0.50904899999999997 0.37392900000000001 0 0.23655100000000007 0.23411399999999999 0.24130599999999999 0.0087489999999999998 0.0089079999999999993 0.0088999999999999999 0.20515400000000003 0.20090500000000006 0.20957499999999993 0.0040340000000000003 0.0051270000000000013 0.0041850000000000004 0.00095399999999999999 0.001041 0.00093799999999999992 11.337688466001353 11.337688466001353 11.337688466001353 0.00088881288692413505 0.00088881288692413505 0.00088881288692413505 1 1 1 Converged Converged Converged OK OK OK 97 97 97 97 97 97 7 7 7 0 0 0 0 1 0 0 1
86 86 linear 1 23 861 3 0.0001 1.29900361224098 0.0010243587122850783 0.16205600041471202 -0.0057923088315006387 -0.10131742738981978 0.026618891251441765 0.5 -0.025289607247603364 11.207499809005038 OK 13 12 0.55879800000000002 0.41077900000000001 0.233044 0.319824 0.17797499999999999 0 0.23897400000000002 0.23280400000000001 0.233044 0.0088850000000000005 0.0087320000000000002 0.0083230000000000005 0.20549599999999993 0.20075399999999999 0.20218899999999998 0.0049969999999999997 0.0044850000000000003 0.0040550000000000004 0.0011040000000000002 0.00114 0.0010249999999999999 11.207551626922671 11.207551626922671 11.207551626922671 0.00090122571565167146 0.00090122571565167146 0.00090122571565167146 1 1 1 Converged Converged Converged OK OK OK 97 97 97 97 97 97 7 7 7 0 0 0 0 1 0 0 1
86 86 linear 2 0 862 0 0.001 1.29900361224098 0.0010243587122850783 0.16205600041471202 0.13778310366368396 -0.099591044953057414 0.10537190358074155 0.5 -0.10404261957690315 9.1246987525128258 OK 14 13 0.62247799999999998 0.61587099999999995 0.23644000000000001 0.35544700000000001 0.37365100000000001 0 0.26703099999999996 0.24221999999999994 0.23644000000000001 0.011638000000000001 0.011724999999999999 0.010501 0.22026799999999991 0.19701400000000002 0.19399399999999994 0.0046360000000000004 0.0049350000000000002 0.0041740000000000006 0.0013359999999999999 0.0013600000000000001 0.0011809999999999998 9.1247344506768915 9.1247344506768915 9.1247344506768915 0.003612062929110716 0.003612062929110716 0.003612062929110716 1 1 1 Converged Converged Converged OK OK OK 95 95 95 95 95 95 9 9 9 0 0 0 0 0 1 0 0
86 86 linear 2 7 862 1 0.001 1.29900361224098 0.0010243587122850783 0.16205600041471202 0.13778310366368396 -0.099591044953057414 0.12510046015296736 0.5 -0.12377117614912896 7.971493676431038 OK 14 13 0.60370000000000001 0.41353899999999999 0.220663 0.35245199999999999 0.18931600000000001 0 0.25124800000000003 0.22422299999999998 0.220663 0.010439 0.0098209999999999999 0.0086180000000000007 0.21507600000000002 0.19111499999999987 0.18940100000000001 0.00464 0.0044549999999999998 0.0041679999999999998 0.0012159999999999999 0.001176 0.001052 7.9714597840970267 7.9714597840970267 7.9714597840970267 0.0070667072877284706 0.0070667072877284706 0.0070667072877284706 1 1 1 Converged Converged Converged OK OK OK 95 95 95 95 95 95 9 9 9 0 0 0 0 1 0 0 1
86 86 linear 2 15 862 2 0.001 1.29900361224098 0.0010243587122850783 0.16205600041471202 0.13778310366368396 -0.099591044953057414 0.14764738194979687 0.5 -0.14631809794595846 6.5445172965424137 OK 16 15 0.67306699999999997 0.55047800000000002 0.29680299999999998 0.36275000000000002 0.208479 0 0.31031699999999995 0.34199900000000005 0.29680299999999998 0.015637999999999999 0.015585 0.015748000000000002 0.24587100000000014 0.27660399999999991 0.23505700000000007 0.006829 0.0075849999999999989 0.0068899999999999994 0.0017200000000000002 0.0019859999999999999 0.0017110000000000003 6.544504893088364 6.544504893088364 6.544504893088364 0.001653984153916487 0.001653984153916487 0.001653984153916487 1 1 1 Converged Converged Converged OK OK OK 133 133 133 133 133 133 11 11 11 0 0 0 0 1 0 0 1
86 86 linear 2 23 862 3 0.001 1.29900361224098 0.0010243587122850783 0.16205600041471202 0.13778310366368396 -0.099591044953057414 0.17019430374662636 0.5 -0.16886501974278795 5.7073531515869353 OK 16 15 0.66312599999999999 0.50406600000000001 0.28251199999999999 0.37409500000000001 0.22162899999999999 0 0.28903099999999998 0.28243700000000005 0.28251199999999999 0.016503 0.016355000000000001 0.015136 0.23702900000000005 0.23331399999999997 0.23255200000000004 0.0068469999999999998 0.0061019999999999998 0.0065059999999999996 0.0018060000000000001 0.001464 0.001781 5.707347232157459 5.707347232157459 5.707347232157459 0.0022739645617251927 0.0022739645617251927 0.0022739645617251927 1 1 1 Converged Converged Converged OK OK OK 118 118 118 118 118 118 10 10 10 0 0 0 0 1 0 0 1
86 86 linear 2 0 862 0 0.0001 1.29900361224098 0.0010243587122850783 0.16205600041471202 0.13778310366368396 -0.099591044953057414 0.10537190358074155 0.5 -0.10404261957690315 9.1246987525128258 OK 14 13 0.65830699999999998 0.66676100000000005 0.294298 0.352271 0.34461199999999997 0 0.30603599999999997 0.32214900000000007 0.294298 0.011838 0.011795999999999999 0.0109 0.25135100000000005 0.26456500000000011 0.24065599999999995 0.0055740000000000008 0.0063509999999999999 0.0062190000000000006 0.0014349999999999999 0.0015310000000000002 0.0015119999999999999 9.1247380122906776 9.1247380122906776 9.1247380122906776 0.00076574632417109533 0.00076574632417109533 0.00076574632417109533 1 1 1 Converged Converged Converged OK OK OK 119 119 119 119 119 119 9 9 9 0 0 0 0 0 1 0 0
86 86 linear 2 7 862 1 0.0001 1.29900361224098 0.0010243587122850783 0.16205600041471202 0.13778310366368396 -0.099591044953057414 0.12510046015296736 0.5 -0.12377117614912896 7.971493676431038 OK 14 13 0.60502800000000001 0.48168699999999998 0.28261599999999998 0.33315600000000001 0.18130399999999999 0 0.271872 0.30038299999999996 0.28261599999999998 0.0091020000000000007 0.0093889999999999998 0.0089040000000000005 0.23338000000000006 0.25691300000000006 0.24187 0.0052649999999999997 0.0064659999999999987 0.0061159999999999999 0.0014039999999999999 0.0015750000000000002 0.0015699999999999998 7.9714674842455731 7.9714674842455731 7.9714674842455731 0.00059732138028454175 0.00059732138028454175 0.00059732138028454175 1 1 1 Converged Converged Converged OK OK OK 119 119 119 119 119 119 9 9 9 0 0 0 0 1 0 0 1
86 86 linear 2 15 862 2 0.0001 1.29900361224098 0.0010243587122850783 0.16205600041471202 0.13778310366368396 -0.099591044953057414 0.14764738194979687 0.5 -0.14631809794595846 6.5445172965424137 OK 16 15 0.70670900000000003 0.603603 0.35789500000000002 0.34540700000000002 0.208457 0 0.36130200000000001 0.395146 0.35789500000000002 0.015049999999999999 0.017101999999999999 0.017309000000000001 0.28696199999999994 0.31583 0.27992 0.0090250000000000018 0.010076000000000002 0.0092899999999999996 0.0021450000000000002 0.002385 0.0021710000000000002 6.54450494834526 6.54450494834526 6.54450494834526 0.00043493616430425881 0.00043493616430425881 0.00043493616430425881 1 1 1 Converged Converged Converged OK OK OK 173 173 173 173 173 173 11 11 11 0 0 0 0 1 0 0 1
86 86 linear 2 23 862 3 0.0001 1.29900361224098 0.0010243587122850783 0.16205600041471202 0.13778310366368396 -0.099591044953057414 0.17019430374662636 0.5 -0.16886501974278795 5.7073531515869353 OK 16 15 0.683083 0.57078799999999996 0.31996400000000003 0.35448000000000002 0.21304799999999999 0 0.32860299999999998 0.35773999999999995 0.31996400000000003 0.015084999999999999 0.015384999999999999 0.013864 0.26723700000000022 0.28715299999999994 0.26227100000000003 0.0093760000000000007 0.017129999999999999 0.0084519999999999994 0.0020630000000000002 0.0023080000000000002 0.0019579999999999997 5.7073468122547242 5.7073468122547242 5.7073468122547242 0.00031966365881273292 0.00031966365881273292 0.00031966365881273292 1 1 1 Converged Converged Converged OK OK OK 158 158 158 158 158 158 10 10 10 0 0 0 0 1 0 0 1
86 86 linear 3 0 863 0 0.001 1.29900361224098 0.0010243587122850783 0.16205600041471202 -0.22928747117462087 0.021630202517959211 -0.2616986712575633 0.5 0.26302795526140171 4.1182514314331256 OK 17 16 0.79762900000000003 0.77204200000000001 0.24605199999999999 0.54131499999999999 0.52807499999999996 0 0.25631400000000004 0.24396700000000004 0.24605199999999999 0.015153 0.015509999999999999 0.01519 0.19892300000000013 0.18841699999999989 0.18729600000000005 0.0053639999999999998 0.0051470000000000005 0.0053100000000000005 0.0012690000000000002 0.00114 0.0011649999999999998 4.11825005503675 4.11825005503675 4.11825005503675 0.0030949543176096691 0.0030949543176096691 0.0030949543176096691 1 1 1 Converged Converged Converged OK OK OK 103 103 103 103 103 103 9 9 9 0 0 0 0 0 1 0 0
86 86 linear 3 7 863 1 0.001 1.29900361224098 0.0010243587122850783 0.16205600041471202 -0.22928747117462087 0.021630202517959211 -0.24197011468533747 0.5 0.24329939868917588 4.4749319006912893 OK 17 16 0.80408100000000005 0.665744 0.24692 0.54834099999999997 0.39871800000000002 0 0.25574000000000008 0.26702599999999999 0.24692 0.014507000000000001 0.014817 0.013474 0.206486 0.21655400000000005 0.20015700000000014 0.0057259999999999993 0.0068300000000000001 0.0055050000000000003 0.0013519999999999997 0.0014400000000000001 0.0013130000000000001 4.4749295691868509 4.4749295691868509 4.4749295691868509 0.0019399253271901611 0.0019399253271901611 0.0019399253271901611 1 1 1 Converged Converged Converged OK OK OK 111 111 111 111 111 111 9 9 9 0 0 0 0 1 0 0 1
86 86 linear 3 15 863 2 0.001 1.29900361224098 0.0010243587122850783 0.16205600041471202 -0.22928747117462087 0.021630202517959211 -0.21942319288850795 0.5 0.22075247689234637 4.9841867400408395 OK 17 16 0.81761899999999998 0.690442 0.24370600000000001 0.55511999999999995 0.42225499999999999 0 0.26249900000000004 0.26818700000000001 0.24370600000000001 0.014520999999999999 0.014329 0.013474 0.21421400000000007 0.22184900000000002 0.19905199999999995 0.0063639999999999999 0.0057359999999999998 0.0054900000000000001 0.0013240000000000001 0.001276 0.001235 4.9841830632347 4.9841830632347 4.9841830632347 0.0020406378393899977 0.0020406378393899977 0.0020406378393899977 1 1 1 Converged Converged Converged OK OK OK 111 111 111 111 111 111 9 9 9 0 0 0 0 1 0 0 1
86 86 linear 3 23 863 3 0.001 1.29900361224098 0.0010243587122850783 0.16205600041471202 -0.22928747117462087 0.021630202517959211 -0.19687627109167846 0.5 0.19820555509551688 5.6584499463688758 OK 17 16 0.77503200000000005 0.63104199999999999 0.24724299999999999 0.516509 0.363651 0 0.25852300000000006 0.26739099999999999 0.24724299999999999 0.014324 0.014522 0.013374 0.20871700000000001 0.22038500000000003 0.20286600000000005 0.005275000000000001 0.0058860000000000006 0.0052249999999999996 0.0013369999999999999 0.001333 0.0013179999999999999 5.6584435606693946 5.6584435606693946 5.6584435606693946 0.0021842797617150547 0.0021842797617150547 0.0021842797617150547 1 1 1 Converged Converged Converged OK OK OK 111 111 111 111 111 111 9 9 9 0 0 0 0 1 0 0 1
86 86 linear 3 0 863 0 0.0001 1.29900361224098 0.0010243587122850783 0.16205600041471202 -0.22928747117462087 0.021630202517959211 -0.2616986712575633 0.5 0.26302795526140171 4.1182514314331256 OK 17 16 0.92115899999999995 0.94703099999999996 0.38348900000000002 0.52790000000000004 0.55318100000000003 0 0.39325899999999991 0.39384999999999992 0.38348900000000002 0.015706999999999999 0.016995 0.015049999999999999 0.31054299999999996 0.30898399999999981 0.30208699999999999 0.0095670000000000009 0.0094289999999999981 0.0092280000000000001 0.0018439999999999999 0.0018729999999999999 0.0017529999999999998 4.1182497684194423 4.1182497684194423 4.1182497684194423 4.9224880401883038e-05 4.9224880401883038e-05 4.9224880401883038e-05 1 1 1 Converged Converged Converged OK OK OK 159 159 159 159 159 159 9 9 9 0 0 0 0 0 1 0 0
86 86 linear 3 7 863 1 0.0001 1.29900361224098 0.0010243587122850783 0.16205600041471202 -0.22928747117462087 0.021630202517959211 -0.24197011468533747 0.5 0.24329939868917588 4.4749319006912893 OK 17 16 0.91522400000000004 0.78528200000000004 0.35484399999999999 0.55579699999999999 0.393986 0 0.35942700000000005 0.39129600000000003 0.35484399999999999 0.014422000000000001 0.016142 0.013606 0.29772800000000005 0.32374800000000004 0.29449799999999998 0.008376999999999999 0.0098200000000000006 0.0087009999999999987 0.0017900000000000001 0.0019260000000000002 0.001853 4.4749298608573413 4.4749298608573413 4.4749298608573413 5.6077174590999575e-05 5.6077174590999575e-05 5.6077174590999575e-05 1 1 1 Converged Converged Converged OK OK OK 159 159 159 159 159 159 9 9 9 0 0 0 0 1 0 0 1
86 86 linear 3 15 863 2 0.0001 1.29900361224098 0.0010243587122850783 0.16205600041471202 -0.22928747117462087 0.021630202517959211 -0.21942319288850795 0.5 0.22075247689234637 4.9841867400408395 OK 17 16 0.92947199999999996 0.78400499999999995 0.34659800000000002 0.55737000000000003 0.40889199999999998 0 0.37210199999999993 0.37511299999999997 0.34659800000000002 0.014768999999999999 0.014555 0.013495999999999999 0.30780000000000018 0.31181500000000012 0.28658600000000006 0.0096380000000000007 0.0093980000000000001 0.0085529999999999998 0.0019109999999999999 0.0017929999999999999 0.0017030000000000001 4.984183519141749 4.984183519141749 4.984183519141749 5.9307255415333564e-05 5.9307255415333564e-05 5.9307255415333564e-05 1 1 1 Converged Converged Converged OK OK OK 159 159 159 159 159 159 9 9 9 0 0 0 0 1 0 0 1
86 86 linear 3 23 863 3 0.0001 1.29900361224098 0.0010243587122850783 0.16205600041471202 -0.22928747117462087 0.021630202517959211 -0.19687627109167846 0.5 0.19820555509551688 5.6584499463688758 OK 17 16 0.90439899999999995 0.74304800000000004 0.35177199999999997 0.52280000000000004 0.36169099999999998 0 0.38159899999999991 0.38135700000000006 0.35177199999999997 0.015597 0.014648 0.013521999999999999 0.31590299999999993 0.31833299999999981 0.29199300000000006 0.0092229999999999986 0.0091170000000000001 0.0084260000000000012 0.0024529999999999999 0.0018499999999999999 0.00181 5.6584442371588661 5.6584442371588661 5.6584442371588661 9.6526680775653722e-05 9.6526680775653722e-05 9.6526680775653722e-05 1 1 1 Converged Converged Converged OK OK OK 159 159 159 159 159 159 9 9 9 0 0 0 0 1 0 0 1
86 86 linear 4 0 864 0 0.001 1.29900361224098 0.0010243587122850783 0.16205600041471202 0.2681031446047486 -0.1407825088322382 0.2356919445218062 0.5 -0.23436266051796778 3.925138193226672 OK 14 13 0.73963400000000001 0.74790400000000001 0.190666 0.54060399999999997 0.54068499999999997 0 0.19903000000000004 0.20721900000000004 0.190666 0.010208 0.011035 0.0097439999999999992 0.1548199999999999 0.15871899999999997 0.14870299999999997 0.0056120000000000007 0.0050850000000000001 0.0049170000000000004 0.0014039999999999999 0.0013180000000000002 0.001266 3.9251555066437089 3.9251555066437089 3.9251555066437089 0.00095955486642519423 0.00095955486642519423 0.00095955486642519423 1 1 1 Converged Converged Converged OK OK OK 113 113 113 113 113 113 7 7 7 0 0 0 0 0 1 0 0
86 86 linear 4 7 864 1 0.001 1.29900361224098 0.0010243587122850783 0.16205600041471202 0.2681031446047486 -0.1407825088322382 0.25542050109403203 0.5 -0.25409121709019361 3.6853652532067773 OK 14 13 0.497359 0.36293300000000001 0.15803300000000001 0.33300299999999999 0.18673200000000001 0 0.164356 0.176201 0.15803300000000001 0.0089689999999999995 0.010196999999999999 0.0083669999999999994 0.13574900000000004 0.14604999999999999 0.13107599999999997 0.0039969999999999997 0.0038679999999999999 0.0037469999999999999 0.001073 0.0011349999999999999 0.0010530000000000001 3.685444473836367 3.685444473836367 3.685444473836367 0.0017457653045708703 0.0017457653045708703 0.0017457653045708703 1 1 1 Converged Converged Converged OK OK OK 97 97 97 97 97 97 7 7 7 0 0 0 0 1 0 0 1
86 86 linear 4 15 864 2 0.001 1.29900361224098 0.0010243587122850783 0.16205600041471202 0.2681031446047486 -0.1407825088322382 0.27796742289086152 0.5 -0.2766381388870231 3.4447465521456921 OK 13 12 0.58024799999999999 0.42060399999999998 0.15456 0.40986099999999998 0.24910199999999999 0 0.17038700000000001 0.17150199999999999 0.15456 0.0098410000000000008 0.0090270000000000003 0.0081560000000000001 0.14095099999999999 0.14259200000000008 0.12800899999999998 0.0038050000000000007 0.0044490000000000007 0.0036969999999999998 0.0010090000000000001 0.0010429999999999999 0.000968 3.4447719745237224 3.4447719745237224 3.4447719745237224 0.0014906751291435525 0.0014906751291435525 0.0014906751291435525 1 1 1 Converged Converged Converged OK OK OK 97 97 97 97 97 97 7 7 7 0 0 0 0 1 0 0 1
86 86 linear 4 23 864 3 0.001 1.29900361224098 0.0010243587122850783 0.16205600041471202 0.2681031446047486 -0.1407825088322382 0.300514344687691 0.5 -0.29918506068385259 3.2341645778277948 OK 13 12 0.62915500000000002 0.44676100000000002 0.157225 0.45713100000000001 0.27664499999999997 0 0.17202400000000001 0.17011600000000004 0.157225 0.0099190000000000007 0.0087770000000000001 0.0080920000000000002 0.141458 0.14217600000000002 0.13082099999999999 0.0043969999999999999 0.0039449999999999997 0.0036350000000000002 0.001044 0.0010110000000000002 0.00096400000000000001 3.2341673014515862 3.2341673014515862 3.2341673014515862 0.0020010784174417364 0.0020010784174417364 0.0020010784174417364 1 1 1 Converged Converged Converged OK OK OK 97 97 97 97 97 97 7 7 7 0 0 0 0 1 0 0 1
86 86 linear 4 0 864 0 0.0001 1.29900361224098 0.0010243587122850783 0.16205600041471202 0.2681031446047486 -0.1407825088322382 0.2356919445218062 0.5 -0.23436266051796778 3.925138193226672 OK 14 13 0.81202799999999997 0.80777299999999996 0.26383000000000001 0.53851599999999999 0.53745500000000002 0 0.27351199999999998 0.27031799999999995 0.26383000000000001 0.0098980000000000005 0.0099450000000000007 0.0095429999999999994 0.210893 0.2084190000000001 0.20386400000000002 0.011037 0.010821999999999998 0.0097889999999999991 0.0017640000000000002 0.0016390000000000003 0.001606 3.9251342596009358 3.9251342596009358 3.9251342596009358 0.00032184455781318302 0.00032184455781318302 0.00032184455781318302 1 1 1 Converged Converged Converged OK OK OK 177 177 177 177 177 177 7 7 7 0 0 0 0 0 1 0 0
86 86 linear 4 7 864 1 0.0001 1.29900361224098 0.0010243587122850783 0.16205600041471202 0.2681031446047486 -0.1407825088322382 0.25542050109403203 0.5 -0.25409121709019361 3.6853652532067773 OK 14 13 0.53554299999999999 0.38541199999999998 0.19369500000000001 0.33312700000000001 0.17765300000000001 0 0.20241599999999998 0.20775899999999997 0.19369500000000001 0.0089650000000000007 0.0088909999999999996 0.0083599999999999994 0.16596600000000009 0.17230800000000004 0.15977299999999997 0.0064400000000000004 0.0060830000000000007 0.0055890000000000002 0.001467 0.0014650000000000002 0.0013439999999999999 3.6853723787463397 3.6853723787463397 3.6853723787463397 0.00034175611237095501 0.00034175611237095501 0.00034175611237095501 1 1 1 Converged Converged Converged OK OK OK 129 129 129 129 129 129 7 7 7 0 0 0 0 1 0 0 1
86 86 linear 4 15 864 2 0.0001 1.29900361224098 0.0010243587122850783 0.16205600041471202 0.2681031446047486 -0.1407825088322382 0.27796742289086152 0.5 -0.2766381388870231 3.4447465521456921 OK 13 12 0.61588799999999999 0.48319299999999998 0.206455 0.40119100000000002 0.241897 0 0.21469699999999997 0.24129599999999998 0.206455 0.0092479999999999993 0.0090060000000000001 0.0085000000000000006 0.17440600000000006 0.20205300000000009 0.16920700000000005 0.0078979999999999988 0.0074949999999999999 0.0069289999999999994 0.0014660000000000003 0.0013939999999999998 0.0012769999999999999 3.4447443145288386 3.4447443145288386 3.4447443145288386 0.00026243583282572233 0.00026243583282572233 0.00026243583282572233 1 1 1 Converged Converged Converged OK OK OK 145 145 145 145 145 145 7 7 7 0 0 0 0 1 0 0 1
86 86 linear 4 23 864 3 0.0001 1.29900361224098 0.0010243587122850783 0.16205600041471202 0.2681031446047486 -0.1407825088322382 0.300514344687691 0.5 -0.29918506068385259 3.2341645778277948 OK 13 12 0.64776599999999995 0.509154 0.207339 0.43326799999999999 0.27397100000000002 0 0.21449799999999997 0.23518299999999998 0.207339 0.0088419999999999992 0.0088129999999999997 0.0081300000000000001 0.17567000000000002 0.19611500000000015 0.17071100000000003 0.0076439999999999998 0.0078049999999999994 0.0067070000000000012 0.00134 0.0014030000000000002 0.001307 3.23416274719514 3.23416274719514 3.23416274719514 0.00019932987285870501 0.00019932987285870501 0.00019932987285870501 1 1 1 Converged Converged Converged OK OK OK 145 145 145 145 145 145 7 7 7 0 0 0 0 1 0 0 1
86 86 uniform 0 0 865 0 0.001 1.29900361224098 0.0010243587122850783 0.16205600041471202 -0.5160811878304018 0.074109948765156669 -0.5484923879133442 0 0.54982167191718256 2.0994459979628979 OK 15 14 0.50360000000000005 0.50336899999999996 0.18510599999999999 0.317799 0.31618800000000002 0 0.18580100000000005 0.18718099999999993 0.18510599999999999 0.013731 0.013646 0.013618999999999999 0.13047899999999998 0.132188 0.12990599999999991 0.0054489999999999999 0.0057579999999999992 0.0060309999999999999 0.0014010000000000001 0.0013830000000000001 0.0014000000000000002 2.0994454609036284 2.0994454609036284 2.0994454609036284 0.0014153946979576805 0.0014153946979576805 0.0014153946979576805 1 1 1 Converged Converged Converged OK OK OK 118 118 118 118 118 118 10 10 10 0 0 0 0 0 1 0 0
86 86 uniform 0 7 865 1 0.001 1.29900361224098 0.0010243587122850783 0.16205600041471202 -0.5160811878304018 0.074109948765156669 -0.52876383134111837 0 0.53009311534495673 2.1611437513264433 OK 15 14 0.58477500000000004 0.43517400000000001 0.16905999999999999 0.417632 0.263075 0 0.16714300000000004 0.172099 0.16905999999999999 0.012276 0.012338999999999999 0.01132 0.12702600000000006 0.13254600000000002 0.13032100000000005 0.0050559999999999997 0.0047809999999999997 0.0051889999999999992 0.0012880000000000001 0.001173 0.0012869999999999999 2.1611423977057065 2.1611423977057065 2.1611423977057065 0.0012720943326636007 0.0012720943326636007 0.0012720943326636007 1 1 1 Converged Converged Converged OK OK OK 118 118 118 118 118 118 10 10 10 0 0 0 0 1 0 0 1
86 86 uniform 0 15 865 2 0.001 1.29900361224098 0.0010243587122850783 0.16205600041471202 -0.5160811878304018 0.074109948765156669 -0.50621690954428888 0 0.50754619354812724 2.237856092388375 OK 15 14 0.492259 0.33738400000000002 0.149813 0.33168799999999998 0.17729500000000001 0 0.16057100000000002 0.16008900000000001 0.149813 0.012553999999999999 0.012801 0.011520000000000001 0.12097300000000001 0.12005599999999997 0.112356 0.0052169999999999994 0.0052710000000000005 0.0050569999999999999 0.0011440000000000001 0.001132 0.0011209999999999998 2.2378342658378192 2.2378342658378192 2.2378342658378192 0.0020163341295455855 0.0020163341295455855 0.0020163341295455855 1 1 1 Converged Converged Converged OK OK OK 117 117 117 117 117 117 11 11 11 0 0 0 0 1 0 0 1
86 86 uniform 0 23 865 3 0.001 1.29900361224098 0.0010243587122850783 0.16205600041471202 -0.5160811878304018 0.074109948765156669 -0.4836699877474594 0 0.48499927175129781 2.3220785295755344 OK 16 15 0.539489 0.39688499999999999 0.144728 0.38606800000000002 0.23824300000000001 0 0.15342099999999997 0.15864199999999998 0.144728 0.012851 0.013342 0.01234 0.11517300000000003 0.11923099999999996 0.10886299999999999 0.0044730000000000004 0.0049810000000000002 0.0040480000000000004 0.0011180000000000001 0.0012779999999999998 0.0010530000000000001 2.3220721476816948 2.3220721476816948 2.3220721476816948 0.0015464062493015134 0.0015464062493015134 0.0015464062493015134 1 1 1 Converged Converged Converged OK OK OK 109 109 109 109 109 109 11 11 11 0 0 0 0 1 0 0 1
86 86 uniform 0 0 865 0 0.0001 1.29900361224098 0.0010243587122850783 0.16205600041471202 -0.5160811878304018 0.074109948765156669 -0.5484923879133442 0 0.54982167191718256 2.0994459979628979 OK 15 14 0.53164500000000003 0.53348200000000001 0.21335999999999999 0.31535999999999997 0.31437799999999999 0 0.21628500000000006 0.21910400000000002 0.21335999999999999 0.013924000000000001 0.013446 0.013353 0.14511400000000008 0.1446670000000001 0.14402300000000007 0.0077059999999999993 0.0069830000000000005 0.0072789999999999999 0.0021120000000000002 0.0017879999999999999 0.0020680000000000004 2.0994455349737198 2.0994455349737198 2.0994455349737198 0.00018466063720654457 0.00018466063720654457 0.00018466063720654457 1 1 1 Converged Converged Converged OK OK OK 150 150 150 150 150 150 10 10 10 0 0 0 0 0 1 0 0
86 86 uniform 0 7 865 1 0.0001 1.29900361224098 0.0010243587122850783 0.16205600041471202 -0.5160811878304018 0.074109948765156669 -0.52876383134111837 0 0.53009311534495673 2.1611437513264433 OK 15 14 0.64179299999999995 0.50186799999999998 0.21845400000000001 0.41922300000000001 0.264073 0 0.22256999999999993 0.23779499999999998 0.21845400000000001 0.01234 0.012362 0.011297 0.16471000000000005 0.17831100000000014 0.16333900000000004 0.0083370000000000007 0.0092410000000000027 0.0075149999999999991 0.0020709999999999999 0.002313 0.0019789999999999999 2.1611425488150813 2.1611425488150813 2.1611425488150813 9.4879340382140806e-05 9.4879340382140806e-05 9.4879340382140806e-05 1 1 1 Converged Converged Converged OK OK OK 166 166 166 166 166 166 10 10 10 0 0 0 0 1 0 0 1
86 86 uniform 0 15 865 2 0.0001 1.29900361224098 0.0010243587122850783 0.16205600041471202 -0.5160811878304018 0.074109948765156669 -0.50621690954428888 0 0.50754619354812724 2.237856092388375 OK 15 14 0.51707199999999998 0.37646800000000002 0.18157300000000001 0.32719999999999999 0.18035899999999999 0 0.18987199999999999 0.19610900000000003 0.18157300000000001 0.012534999999999999 0.012553 0.011653999999999999 0.13983699999999991 0.14569799999999999 0.134075 0.0074339999999999996 0.0077150000000000005 0.0068160000000000009 0.0018569999999999999 0.001934 0.0019890000000000003 2.2378556601791453 2.2378556601791453 2.2378556601791453 0.00018168745894776395 0.00018168745894776395 0.00018168745894776395 1 1 1 Converged Converged Converged OK OK OK 157 157 157 157 157 157 11 11 11 0 0 0 0 1 0 0 1
86 86 uniform 0 23 865 3 0.0001 1.29900361224098 0.0010243587122850783 0.16205600041471202 -0.5160811878304018 0.074109948765156669 -0.4836699877474594 0 0.48499927175129781 2.3220785295755344 OK 16 15 0.571658 0.43521700000000002 0.18349799999999999 0.38585599999999998 0.241506 0 0.18580200000000002 0.19371100000000002 0.18349799999999999 0.013167999999999999 0.013135000000000001 0.016233999999999998 0.13643699999999992 0.14536600000000002 0.13419899999999996 0.0074420000000000007 0.0072039999999999986 0.0062920000000000007 0.0019909999999999997 0.0019009999999999997 0.0018179999999999997 2.3220782236916606 2.3220782236916606 2.3220782236916606 0.00020307547583007089 0.00020307547583007089 0.00020307547583007089 1 1 1 Converged Converged Converged OK OK OK 157 157 157 157 157 157 11 11 11 0 0 0 0 1 0 0 1
86 86 uniform 1 0 866 0 0.001 1.29900361224098 0.0010243587122850783 0.16205600041471202 -0.0057923088315006387 -0.10131742738981978 -0.038203508914443046 0 0.039532792918281448 10.862133511701217 OK 13 12 0.53608500000000003 0.53765200000000002 0.139207 0.39593299999999998 0.39835700000000002 0 0.14015200000000005 0.139295 0.139207 0.0097630000000000008 0.0099609999999999994 0.0095239999999999995 0.10433199999999998 0.10411900000000002 0.10394599999999997 0.0035620000000000001 0.0030089999999999995 0.0032010000000000003 0.00087699999999999996 0.00081900000000000007 0.00079600000000000005 10.862133356836967 10.862133356836967 10.862133356836967 0.00047360112107922361 0.00047360112107922361 0.00047360112107922361 1 1 1 Converged Converged Converged OK OK OK 81 81 81 81 81 81 7 7 7 0 0 0 0 0 1 0 0
86 86 uniform 1 7 866 1 0.001 1.29900361224098 0.0010243587122850783 0.16205600041471202 -0.0057923088315006387 -0.10131742738981978 -0.01847495234221723 0 0.019804236346055631 11.023895278014422 OK 13 12 0.572241 0.42318 0.136324 0.43293199999999998 0.281109 0 0.13930900000000002 0.142071 0.136324 0.008685 0.008933 0.0081700000000000002 0.11097499999999999 0.112881 0.10985500000000002 0.0034540000000000005 0.0037909999999999997 0.0030359999999999996 0.00082400000000000008 0.00086499999999999999 0.00078399999999999997 11.023895285586237 11.023895285586237 11.023895285586237 0.00047421568425239959 0.00047421568425239959 0.00047421568425239959 1 1 1 Converged Converged Converged OK OK OK 81 81 81 81 81 81 7 7 7 0 0 0 0 1 0 0 1
86 86 uniform 1 15 866 2 0.001 1.29900361224098 0.0010243587122850783 0.16205600041471202 -0.0057923088315006387 -0.10131742738981978 0.0040719694546122679 0 -0.0027426854507738656 11.07218545849369 OK 13 12 0.64314499999999997 0.50077799999999995 0.13488900000000001 0.50631599999999999 0.35842000000000002 0 0.13682899999999998 0.14235799999999993 0.13488900000000001 0.0088579999999999996 0.0087989999999999995 0.0080110000000000008 0.10862000000000001 0.113898 0.10856499999999999 0.0031060000000000003 0.0034480000000000001 0.0030069999999999997 0.00080999999999999996 0.00084900000000000004 0.00078799999999999996 11.072185159343013 11.072185159343013 11.072185159343013 0.00047751448586312302 0.00047751448586312302 0.00047751448586312302 1 1 1 Converged Converged Converged OK OK OK 81 81 81 81 81 81 7 7 7 0 0 0 0 1 0 0 1
86 86 uniform 1 23 866 3 0.001 1.29900361224098 0.0010243587122850783 0.16205600041471202 -0.0057923088315006387 -0.10131742738981978 0.026618891251441765 0 -0.025289607247603364 10.977792614257904 OK 13 12 0.45416400000000001 0.30424600000000002 0.138715 0.31676500000000002 0.16429099999999999 0 0.13739899999999999 0.13995500000000002 0.138715 0.0087039999999999999 0.0088610000000000008 0.0081359999999999991 0.10951599999999999 0.11167500000000001 0.11232599999999998 0.0031130000000000003 0.0034169999999999999 0.0029930000000000004 0.00079999999999999993 0.00083900000000000001 0.00078799999999999996 10.977792405521726 10.977792405521726 10.977792405521726 0.00048106764420205407 0.00048106764420205407 0.00048106764420205407 1 1 1 Converged Converged Converged OK OK OK 81 81 81 81 81 81 7 7 7 0 0 0 0 1 0 0 1
86 86 uniform 1 0 866 0 0.0001 1.29900361224098 0.0010243587122850783 0.16205600041471202 -0.0057923088315006387 -0.10131742738981978 -0.038203508914443046 0 0.039532792918281448 10.862133511701217 OK 13 12 0.53724799999999995 0.53891699999999998 0.13805000000000001 0.39781 0.39523799999999998 0 0.13943799999999995 0.143679 0.13805000000000001 0.0096830000000000006 0.0099229999999999995 0.0093030000000000005 0.10413500000000002 0.107641 0.10339599999999999 0.0029859999999999999 0.003398 0.0030629999999999998 0.00081700000000000002 0.00083100000000000003 0.00080600000000000008 10.862133356836967 10.862133356836967 10.862133356836967 0.00047360112107922361 0.00047360112107922361 0.00047360112107922361 1 1 1 Converged Converged Converged OK OK OK 81 81 81 81 81 81 7 7 7 0 0 0 0 0 1 0 0
86 86 uniform 1 7 866 1 0.0001 1.29900361224098 0.0010243587122850783 0.16205600041471202 -0.0057923088315006387 -0.10131742738981978 -0.01847495234221723 0 0.019804236346055631 11.023895278014422 OK 13 12 0.569662 0.419879 0.136264 0.43140699999999998 0.279503 0 0.13825500000000002 0.140376 0.136264 0.0085660000000000007 0.0089449999999999998 0.0080680000000000005 0.11059800000000002 0.11223699999999995 0.10967499999999999 0.0031019999999999997 0.003372 0.0030509999999999999 0.00080300000000000011 0.00085399999999999994 0.00079199999999999995 11.023895285586237 11.023895285586237 11.023895285586237 0.00047421568425239959 0.00047421568425239959 0.00047421568425239959 1 1 1 Converged Converged Converged OK OK OK 81 81 81 81 81 81 7 7 7 0 0 0 0 1 0 0 1
86 86 uniform 1 15 866 2 0.0001 1.29900361224098 0.0010243587122850783 0.16205600041471202 -0.0057923088315006387 -0.10131742738981978 0.0040719694546122679 0 -0.0027426854507738656 11.07218545849369 OK 13 12 0.64265700000000003 0.494085 0.13427 0.50421400000000005 0.35636600000000002 0 0.13844299999999998 0.13771899999999998 0.13427 0.0087790000000000003 0.0086210000000000002 0.0080470000000000003 0.10932599999999998 0.11005700000000004 0.108055 0.0037940000000000001 0.0031900000000000001 0.003045 0.00092500000000000004 0.000825 0.00080699999999999999 11.072185159343013 11.072185159343013 11.072185159343013 0.00047751448586312302 0.00047751448586312302 0.00047751448586312302 1 1 1 Converged Converged Converged OK OK OK 81 81 81 81 81 81 7 7 7 0 0 0 0 1 0 0 1
86 86 uniform 1 23 866 3 0.0001 1.29900361224098 0.0010243587122850783 0.16205600041471202 -0.0057923088315006387 -0.10131742738981978 0.026618891251441765 0 -0.025289607247603364 10.977792614257904 OK 13 12 0.45674399999999998 0.30389500000000003 0.135404 0.31662299999999999 0.16520699999999999 0 0.140121 0.13868800000000003 0.135404 0.0087670000000000005 0.0086940000000000003 0.0080180000000000008 0.11098499999999997 0.11109800000000006 0.109265 0.0036490000000000003 0.0032519999999999997 0.0029989999999999999 0.000834 0.00080099999999999995 0.00079299999999999987 10.977792405521726 10.977792405521726 10.977792405521726 0.00048106764420205407 0.00048106764420205407 0.00048106764420205407 1 1 1 Converged Converged Converged OK OK OK 81 81 81 81 81 81 7 7 7 0 0 0 0 1 0 0 1
86 86 uniform 2 0 867 0 0.001 1.29900361224098 0.0010243587122850783 0.16205600041471202 0.13778310366368396 -0.099591044953057414 0.10537190358074155 0 -0.10404261957690315 9.3354419097981758 OK 14 13 0.51025200000000004 0.50910299999999997 0.16799900000000001 0.34004899999999999 0.33822999999999998 0 0.17020300000000005 0.170873 0.16799900000000001 0.010907999999999999 0.010533000000000001 0.010685 0.12713799999999997 0.12801300000000002 0.12599199999999991 0.00379 0.0040289999999999996 0.0037700000000000008 0.0011479999999999999 0.0011429999999999999 0.0011199999999999999 9.3354415259495536 9.3354415259495536 9.3354415259495536 0.0033353611046527017 0.0033353611046527017 0.0033353611046527017 1 1 1 Converged Converged Converged OK OK OK 95 95 95 95 95 95 9 9 9 0 0 0 0 0 1 0 0
86 86 uniform 2 7 867 1 0.001 1.29900361224098 0.0010243587122850783 0.16205600041471202 0.13778310366368396 -0.099591044953057414 0.12510046015296736 0 -0.12377117614912896 8.2445004553381835 OK 14 13 0.48260399999999998 0.34053099999999997 0.15143000000000001 0.329152 0.178093 0 0.15345199999999998 0.16243799999999997 0.15143000000000001 0.0092940000000000002 0.0094479999999999998 0.0087530000000000004 0.12228999999999997 0.12490400000000002 0.12126299999999998 0.0035170000000000002 0.003986 0.0034619999999999998 0.0010090000000000001 0.0011450000000000002 0.0010560000000000001 8.2445081175274382 8.2445081175274382 8.2445081175274382 0.0070792908574525137 0.0070792908574525137 0.0070792908574525137 1 1 1 Converged Converged Converged OK OK OK 95 95 95 95 95 95 9 9 9 0 0 0 0 1 0 0 1
86 86 uniform 2 15 867 2 0.001 1.29900361224098 0.0010243587122850783 0.16205600041471202 0.13778310366368396 -0.099591044953057414 0.14764738194979687 0 -0.14631809794595846 6.6467413344543385 OK 16 15 0.55666400000000005 0.433286 0.207315 0.34369100000000002 0.19867599999999999 0 0.21297300000000002 0.23461000000000001 0.207315 0.015063 0.015932000000000002 0.014498 0.15688799999999992 0.17654599999999993 0.15196899999999994 0.0055480000000000008 0.0062360000000000002 0.0057770000000000009 0.0015810000000000002 0.0016000000000000001 0.001539 6.6467462122862049 6.6467462122862049 6.6467462122862049 0.0059774943375345835 0.0059774943375345835 0.0059774943375345835 1 1 1 Converged Converged Converged OK OK OK 125 125 125 125 125 125 11 11 11 0 0 0 0 1 0 0 1
86 86 uniform 2 23 867 3 0.001 1.29900361224098 0.0010243587122850783 0.16205600041471202 0.13778310366368396 -0.099591044953057414 0.17019430374662636 0 -0.16886501974278795 5.7670553075829449 OK 16 15 0.52123699999999995 0.38591399999999998 0.17196500000000001 0.34705399999999997 0.199765 0 0.17418299999999998 0.18614899999999998 0.17196500000000001 0.014733 0.01523 0.013838 0.13071199999999994 0.14177400000000004 0.12979899999999997 0.004690999999999999 0.004947 0.0047199999999999985 0.001263 0.0013810000000000003 0.001243 5.7670570790044176 5.7670570790044176 5.7670570790044176 0.005108906436455461 0.005108906436455461 0.005108906436455461 1 1 1 Converged Converged Converged OK OK OK 110 110 110 110 110 110 10 10 10 0 0 0 0 1 0 0 1
86 86 uniform 2 0 867 0 0.0001 1.29900361224098 0.0010243587122850783 0.16205600041471202 0.13778310366368396 -0.099591044953057414 0.10537190358074155 0 -0.10404261957690315 9.3354419097981758 OK 14 13 0.52445799999999998 0.51831499999999997 0.17971300000000001 0.33623500000000001 0.33821499999999999 0 0.18822299999999997 0.18009999999999998 0.17971300000000001 0.010558 0.010599000000000001 0.010337000000000001 0.13614399999999993 0.13520300000000005 0.13496799999999998 0.0099029999999999986 0.0040419999999999996 0.0040299999999999997 0.001317 0.0013039999999999998 0.0013219999999999998 9.3354414532183032 9.3354414532183032 9.3354414532183032 0.00067209263722525043 0.00067209263722525043 0.00067209263722525043 1 1 1 Converged Converged Converged OK OK OK 103 103 103 103 103 103 9 9 9 0 0 0 0 0 1 0 0
86 86 uniform 2 7 867 1 0.0001 1.29900361224098 0.0010243587122850783 0.16205600041471202 0.13778310366368396 -0.099591044953057414 0.12510046015296736 0 -0.12377117614912896 8.2445004553381835 OK 14 13 0.49440499999999998 0.34484300000000001 0.165462 0.330542 0.177867 0 0.16386299999999998 0.16697600000000001 0.165462 0.0090480000000000005 0.0094500000000000001 0.0087410000000000005 0.13071299999999991 0.1327610000000001 0.13029800000000002 0.0040260000000000001 0.0042570000000000004 0.0039189999999999997 0.001212 0.0013439999999999997 0.0012859999999999998 8.2445012480537674 8.2445012480537674 8.2445012480537674 0.00059901036738751914 0.00059901036738751914 0.00059901036738751914 1 1 1 Converged Converged Converged OK OK OK 103 103 103 103 103 103 9 9 9 0 0 0 0 1 0 0 1
86 86 uniform 2 15 867 2 0.0001 1.29900361224098 0.0010243587122850783 0.16205600041471202 0.13778310366368396 -0.099591044953057414 0.14764738194979687 0 -0.14631809794595846 6.6467413344543385 OK 16 15 0.58327200000000001 0.46049000000000001 0.22963900000000001 0.34908299999999998 0.204314 0 0.23418900000000004 0.25617600000000001 0.22963900000000001 0.015583 0.015757 0.014434000000000001 0.16691699999999998 0.188608 0.165075 0.0076409999999999994 0.0077999999999999996 0.0072919999999999999 0.002104 0.0020960000000000002 0.0018829999999999999 6.6467409976536977 6.6467409976536977 6.6467409976536977 0.00064380575372256614 0.00064380575372256614 0.00064380575372256614 1 1 1 Converged Converged Converged OK OK OK 149 149 149 149 149 149 11 11 11 0 0 0 0 1 0 0 1
86 86 uniform 2 23 867 3 0.0001 1.29900361224098 0.0010243587122850783 0.16205600041471202 0.13778310366368396 -0.099591044953057414 0.17019430374662636 0 -0.16886501974278795 5.7670553075829449 OK 16 15 0.55676700000000001 0.42094799999999999 0.200129 0.35105500000000001 0.197521 0 0.20571200000000001 0.22342699999999999 0.200129 0.014761 0.015058 0.013691 0.15245600000000006 0.17017199999999996 0.15059800000000004 0.0072870000000000009 0.0071050000000000002 0.0060750000000000005 0.001743 0.0018390000000000001 0.0016690000000000001 5.7670552644588238 5.7670552644588238 5.7670552644588238 0.00054185102547531011 0.00054185102547531011 0.00054185102547531011 1 1 1 Converged Converged Converged OK OK OK 134 134 134 134 134 134 10 10 10 0 0 0 0 1 0 0 1
86 86 uniform 3 0 868 0 0.001 1.29900361224098 0.0010243587122850783 0.16205600041471202 -0.22928747117462087 0.021630202517959211 -0.2616986712575633 0 0.26302795526140171 4.1335627509182977 OK 17 16 0.71711100000000005 0.70529600000000003 0.180033 0.53462299999999996 0.524509 0 0.18248800000000009 0.18078700000000003 0.180033 0.015744999999999999 0.015504 0.014918000000000001 0.12644300000000003 0.12566099999999994 0.125724 0.0048270000000000006 0.0046689999999999995 0.004712 0.00114 0.0011000000000000001 0.001098 4.1335637741082856 4.1335637741082856 4.1335637741082856 0.0020419602338603493 0.0020419602338603493 0.0020419602338603493 1 1 1 Converged Converged Converged OK OK OK 103 103 103 103 103 103 9 9 9 0 0 0 0 0 1 0 0
86 86 uniform 3 7 868 1 0.001 1.29900361224098 0.0010243587122850783 0.16205600041471202 -0.22928747117462087 0.021630202517959211 -0.24197011468533747 0 0.24329939868917588 4.4964091995926543 OK 17 16 0.71360800000000002 0.57129399999999997 0.16497200000000001 0.54694100000000001 0.39306999999999997 0 0.16666700000000001 0.17822399999999999 0.16497200000000001 0.014161 0.014315 0.013433 0.12346699999999998 0.13480699999999998 0.12308800000000006 0.004607 0.0047249999999999992 0.0045130000000000005 0.0010530000000000001 0.001088 0.0010640000000000001 4.4964108098596851 4.4964108098596851 4.4964108098596851 0.003866666772084611 0.003866666772084611 0.003866666772084611 1 1 1 Converged Converged Converged OK OK OK 103 103 103 103 103 103 9 9 9 0 0 0 0 1 0 0 1
86 86 uniform 3 15 868 2 0.001 1.29900361224098 0.0010243587122850783 0.16205600041471202 -0.22928747117462087 0.021630202517959211 -0.21942319288850795 0 0.22075247689234637 5.0170055014006021 OK 17 16 0.73501300000000003 0.60626500000000005 0.18096000000000001 0.55568600000000001 0.404312 0 0.17932700000000001 0.20195300000000005 0.18096000000000001 0.014123999999999999 0.014574 0.013365999999999999 0.13230300000000006 0.15280199999999999 0.13527299999999998 0.0051089999999999998 0.0058120000000000003 0.0050340000000000003 0.0012879999999999999 0.001423 0.0013019999999999998 5.0170058055065949 5.0170058055065949 5.0170058055065949 0.00063705060344296769 0.00063705060344296769 0.00063705060344296769 1 1 1 Converged Converged Converged OK OK OK 111 111 111 111 111 111 9 9 9 0 0 0 0 1 0 0 1
86 86 uniform 3 23 868 3 0.001 1.29900361224098 0.0010243587122850783 0.16205600041471202 -0.22928747117462087 0.021630202517959211 -0.19687627109167846 0 0.19820555509551688 5.7123230246713463 OK 17 16 0.69532400000000005 0.56217799999999996 0.17716100000000001 0.51027400000000001 0.36392099999999999 0 0.18505000000000005 0.19825699999999996 0.17716100000000001 0.014307 0.014498 0.013287 0.13968699999999998 0.15155300000000005 0.13325800000000004 0.0050339999999999994 0.0057229999999999989 0.0049170000000000004 0.0012330000000000002 0.0013579999999999998 0.0012340000000000001 5.712323222729057 5.712323222729057 5.712323222729057 0.00078875167378080586 0.00078875167378080586 0.00078875167378080586 1 1 1 Converged Converged Converged OK OK OK 111 111 111 111 111 111 9 9 9 0 0 0 0 1 0 0 1
86 86 uniform 3 0 868 0 0.0001 1.29900361224098 0.0010243587122850783 0.16205600041471202 -0.22928747117462087 0.021630202517959211 -0.2616986712575633 0 0.26302795526140171 4.1335627509182977 OK 17 16 0.76510900000000004 0.75040499999999999 0.21750700000000001 0.536412 0.529945 0 0.22869700000000004 0.22045999999999999 0.21750700000000001 0.01669 0.015610000000000001 0.015107000000000001 0.16049199999999994 0.15424700000000008 0.15234400000000003 0.0061779999999999995 0.006059000000000001 0.0058050000000000003 0.0014789999999999998 0.0014349999999999999 0.0014040000000000001 4.1335634003051904 4.1335634003051904 4.1335634003051904 0.00034796788929751884 0.00034796788929751884 0.00034796788929751884 1 1 1 Converged Converged Converged OK OK OK 127 127 127 127 127 127 9 9 9 0 0 0 0 0 1 0 0
86 86 uniform 3 7 868 1 0.0001 1.29900361224098 0.0010243587122850783 0.16205600041471202 -0.22928747117462087 0.021630202517959211 -0.24197011468533747 0 0.24329939868917588 4.4964091995926543 OK 17 16 0.75635799999999997 0.61524100000000004 0.19978199999999999 0.54712899999999998 0.39618500000000001 0 0.209229 0.21905600000000003 0.19978199999999999 0.014437 0.014411 0.013499000000000001 0.15748800000000004 0.16805100000000003 0.15036099999999994 0.0062480000000000001 0.00594 0.0058330000000000014 0.0015250000000000001 0.0014400000000000001 0.001369 4.4964097682739546 4.4964097682739546 4.4964097682739546 0.00034815352449894636 0.00034815352449894636 0.00034815352449894636 1 1 1 Converged Converged Converged OK OK OK 127 127 127 127 127 127 9 9 9 0 0 0 0 1 0 0 1
86 86 uniform 3 15 868 2 0.0001 1.29900361224098 0.0010243587122850783 0.16205600041471202 -0.22928747117462087 0.021630202517959211 -0.21942319288850795 0 0.22075247689234637 5.0170055014006021 OK 17 16 0.75404400000000005 0.62892899999999996 0.19699 0.55349999999999999 0.40285700000000002 0 0.20054400000000006 0.22607199999999994 0.19699 0.014423999999999999 0.014167000000000001 0.013435000000000001 0.14944799999999997 0.175398 0.14820899999999995 0.0061919999999999996 0.0060549999999999996 0.0059189999999999989 0.0014289999999999999 0.001444 0.0013979999999999999 5.0170058008522913 5.0170058008522913 5.0170058008522913 0.00035434792456358257 0.00035434792456358257 0.00035434792456358257 1 1 1 Converged Converged Converged OK OK OK 127 127 127 127 127 127 9 9 9 0 0 0 0 1 0 0 1
86 86 uniform 3 23 868 3 0.0001 1.29900361224098 0.0010243587122850783 0.16205600041471202 -0.22928747117462087 0.021630202517959211 -0.19687627109167846 0 0.19820555509551688 5.7123230246713463 OK 17 16 0.71779000000000004 0.58848999999999996 0.203209 0.51585999999999999 0.36635400000000001 0 0.20193000000000005 0.22213599999999994 0.203209 0.014312999999999999 0.01447 0.013318 0.15106700000000003 0.17102299999999984 0.15442200000000009 0.0060020000000000004 0.0060820000000000006 0.0057340000000000012 0.0014010000000000001 0.0013809999999999998 0.001364 5.7123231960535321 5.7123231960535321 5.7123231960535321 0.00035445163696240436 0.00035445163696240436 0.00035445163696240436 1 1 1 Converged Converged Converged OK OK OK 127 127 127 127 127 127 9 9 9 0 0 0 0 1 0 0 1
86 86 uniform 4 0 869 0 0.001 1.29900361224098 0.0010243587122850783 0.16205600041471202 0.2681031446047486 -0.1407825088322382 0.2356919445218062 0 -0.23436266051796778 3.9408233878939334 OK 14 13 0.70394100000000004 0.71014900000000003 0.16712299999999999 0.53628900000000002 0.541404 0 0.16765200000000002 0.16874500000000003 0.16712299999999999 0.0097059999999999994 0.010122000000000001 0.0097809999999999998 0.126278 0.12668400000000002 0.12594 0.0043449999999999999 0.0046170000000000004 0.0043639999999999998 0.0012179999999999999 0.0013550000000000001 0.001286 3.9408499261726995 3.9408499261726995 3.9408499261726995 0.0014993195020375858 0.0014993195020375858 0.0014993195020375858 1 1 1 Converged Converged Converged OK OK OK 113 113 113 113 113 113 7 7 7 0 0 0 0 0 1 0 0
86 86 uniform 4 7 869 1 0.001 1.29900361224098 0.0010243587122850783 0.16205600041471202 0.2681031446047486 -0.1407825088322382 0.25542050109403203 0 -0.25409121709019361 3.698104252645948 OK 14 13 0.47426200000000002 0.32531100000000002 0.13777900000000001 0.33512999999999998 0.17610600000000001 0 0.13913200000000003 0.149205 0.13777900000000001 0.0087819999999999999 0.009188 0.0083359999999999997 0.11156600000000005 0.12088699999999997 0.111305 0.0033220000000000003 0.0036419999999999998 0.0032439999999999999 0.00096600000000000006 0.001034 0.00099700000000000006 3.6982065022894468 3.6982065022894468 3.6982065022894468 0.0024266198198180135 0.0024266198198180135 0.0024266198198180135 1 1 1 Converged Converged Converged OK OK OK 97 97 97 97 97 97 7 7 7 0 0 0 0 1 0 0 1
86 86 uniform 4 15 869 2 0.001 1.29900361224098 0.0010243587122850783 0.16205600041471202 0.2681031446047486 -0.1407825088322382 0.27796742289086152 0 -0.2766381388870231 3.4549595062929046 OK 13 12 0.53029499999999996 0.39648499999999998 0.13441600000000001 0.39427099999999998 0.24602399999999999 0 0.13602399999999998 0.15046099999999998 0.13441600000000001 0.0088699999999999994 0.0090880000000000006 0.0083639999999999999 0.10858899999999995 0.12247000000000004 0.10811199999999999 0.0035199999999999997 0.0035370000000000002 0.003277 0.00096299999999999999 0.00099200000000000004 0.00099100000000000013 3.4549935442048776 3.4549935442048776 3.4549935442048776 0.0015986138397668915 0.0015986138397668915 0.0015986138397668915 1 1 1 Converged Converged Converged OK OK OK 97 97 97 97 97 97 7 7 7 0 0 0 0 1 0 0 1
86 86 uniform 4 23 869 3 0.001 1.29900361224098 0.0010243587122850783 0.16205600041471202 0.2681031446047486 -0.1407825088322382 0.300514344687691 0 -0.29918506068385259 3.2424823388557087 OK 13 12 0.56334600000000001 0.42283900000000002 0.136602 0.42418 0.27420099999999997 0 0.13916600000000001 0.14863800000000005 0.136602 0.0086969999999999999 0.008626 0.0081419999999999999 0.11235400000000001 0.12188500000000005 0.11075999999999998 0.0032339999999999999 0.0033270000000000001 0.0032670000000000004 0.0010249999999999999 0.001008 0.00096499999999999993 3.2424877135528445 3.2424877135528445 3.2424877135528445 0.002200196652262018 0.002200196652262018 0.002200196652262018 1 1 1 Converged Converged Converged OK OK OK 97 97 97 97 97 97 7 7 7 0 0 0 0 1 0 0 1
86 86 uniform 4 0 869 0 0.0001 1.29900361224098 0.0010243587122850783 0.16205600041471202 0.2681031446047486 -0.1407825088322382 0.2356919445218062 0 -0.23436266051796778 3.9408233878939334 OK 14 13 0.78827999999999998 0.78536799999999996 0.248996 0.53580000000000005 0.53490899999999997 0 0.25247999999999993 0.25045899999999999 0.248996 0.0095750000000000002 0.0099150000000000002 0.0098069999999999997 0.18794799999999989 0.18597800000000003 0.18390900000000002 0.0095379999999999996 0.009755999999999999 0.0098799999999999999 0.0017879999999999999 0.0017230000000000001 0.0018029999999999999 3.9408230911789084 3.9408230911789084 3.9408230911789084 0.00010579823271993546 0.00010579823271993546 0.00010579823271993546 1 1 1 Converged Converged Converged OK OK OK 193 193 193 193 193 193 7 7 7 0 0 0 0 0 1 0 0
86 86 uniform 4 7 869 1 0.0001 1.29900361224098 0.0010243587122850783 0.16205600041471202 0.2681031446047486 -0.1407825088322382 0.25542050109403203 0 -0.25409121709019361 3.698104252645948 OK 14 13 0.53115599999999996 0.39667999999999998 0.19370999999999999 0.33202500000000001 0.17225599999999999 0 0.19913099999999995 0.22442399999999998 0.19370999999999999 0.0088409999999999999 0.0090390000000000002 0.0083789999999999993 0.15830599999999997 0.18305400000000002 0.15373100000000009 0.0070420000000000005 0.0074120000000000002 0.0069769999999999988 0.001441 0.0014439999999999998 0.0014610000000000001 3.6981039893031413 3.6981039893031413 3.6981039893031413 0.00024099872263624495 0.00024099872263624495 0.00024099872263624495 1 1 1 Converged Converged Converged OK OK OK 161 161 161 161 161 161 7 7 7 0 0 0 0 1 0 0 1
86 86 uniform 4 15 869 2 0.0001 1.29900361224098 0.0010243587122850783 0.16205600041471202 0.2681031446047486 -0.1407825088322382 0.27796742289086152 0 -0.2766381388870231 3.4549595062929046 OK 13 12 0.58999900000000005 0.47194599999999998 0.18948400000000001 0.39501199999999997 0.24337700000000001 0 0.19498700000000008 0.22856899999999997 0.18948400000000001 0.0088129999999999997 0.0089870000000000002 0.0083540000000000003 0.15460800000000002 0.18710899999999994 0.14980200000000002 0.0071219999999999999 0.0074070000000000004 0.007012 0.0013780000000000003 0.0014619999999999998 0.0014580000000000001 3.4549595120108565 3.4549595120108565 3.4549595120108565 9.6787417298361292e-05 9.6787417298361292e-05 9.6787417298361292e-05 1 1 1 Converged Converged Converged OK OK OK 161 161 161 161 161 161 7 7 7 0 0 0 0 1 0 0 1
86 86 uniform 4 23 869 3 0.0001 1.29900361224098 0.0010243587122850783 0.16205600041471202 0.2681031446047486 -0.1407825088322382 0.300514344687691 0 -0.29918506068385259 3.2424823388557087 OK 13 12 0.606159 0.47760900000000001 0.176895 0.427037 0.27526 0 0.179122 0.202349 0.176895 0.0087749999999999998 0.0087030000000000007 0.0081440000000000002 0.14135899999999996 0.16512800000000002 0.14082499999999998 0.0065400000000000007 0.0064700000000000001 0.0062950000000000002 0.0013390000000000001 0.0013140000000000001 0.0013029999999999999 3.2424820591762464 3.2424820591762464 3.2424820591762464 0.00031266356901971543 0.00031266356901971543 0.00031266356901971543 1 1 1 Converged Converged Converged OK OK OK 145 145 145 145 145 145 7 7 7 0 0 0 0 1 0 0 1
87 87 linear 0 0 870 0 0.001 0.55003536487386284 0.035732011122967547 0.13224070361538659 1.1644905394464766 -0.5215326262912231 1.1380423987233994 0.5 -1.1190665733509759 1.4121498590617685 OK 12 11 0.32791700000000001 0.32539499999999999 0.111834 0.21407300000000001 0.21349299999999999 0 0.113844 0.111902 0.111834 0.0070699999999999999 0.0074640000000000001 0.007012 0.086753999999999984 0.084618999999999972 0.084513000000000005 0.0028080000000000002 0.0029500000000000004 0.0031640000000000001 0.00059800000000000001 0.000629 0.00057499999999999999 1.4121561504317375 1.4121561504317375 1.4121561504317375 0.00082106809131265708 0.00082106809131265708 0.00082106809131265708 1 1 1 Converged Converged Converged OK OK OK 66 66 66 66 66 66 6 6 6 0 0 0 0 0 1 0 0
87 87 linear 0 7 870 1 0.001 0.55003536487386284 0.035732011122967547 0.13224070361538659 1.1644905394464766 -0.5215326262912231 1.1541412669896203 0.5 -1.1351654416171968 1.4052209782073219 OK 12 11 0.33005600000000002 0.24549199999999999 0.10775899999999999 0.21903400000000001 0.12231599999999999 0 0.11102200000000001 0.12317599999999999 0.10775899999999999 0.0060990000000000003 0.0061789999999999996 0.0058900000000000003 0.088429999999999995 0.100614 0.085929000000000005 0.0027260000000000001 0.0028330000000000004 0.0027230000000000002 0.00055399999999999991 0.00057499999999999999 0.00058900000000000001 1.4052457044838895 1.4052457044838895 1.4052457044838895 0.00075966184234601978 0.00075966184234601978 0.00075966184234601978 1 1 1 Converged Converged Converged OK OK OK 66 66 66 66 66 66 6 6 6 0 0 0 0 1 0 0 1
87 87 linear 0 15 870 2 0.001 0.55003536487386284 0.035732011122967547 0.13224070361538659 1.1644905394464766 -0.5215326262912231 1.1725399735795872 0.5 -1.1535641482071637 1.3948231777278344 OK 13 12 0.56524200000000002 0.477267 0.163054 0.392374 0.29727599999999998 0 0.17286800000000002 0.17999100000000001 0.163054 0.0090570000000000008 0.0091109999999999993 0.0082679999999999993 0.14006000000000002 0.14668700000000001 0.13202100000000003 0.0036909999999999998 0.0039259999999999998 0.0035719999999999997 0.00080500000000000005 0.00081799999999999993 0.000812 1.3948251961504081 1.3948251961504081 1.3948251961504081 0.00025473039656508063 0.00025473039656508063 0.00025473039656508063 1 1 1 Converged Converged Converged OK OK OK 81 81 81 81 81 81 7 7 7 0 0 0 0 1 0 0 1
87 87 linear 0 23 870 3 0.001 0.55003536487386284 0.035732011122967547 0.13224070361538659 1.1644905394464766 -0.5215326262912231 1.1909386801695538 0.5 -1.1719628547971304 1.3819142652613781 OK 13 12 0.53035600000000005 0.43622899999999998 0.158026 0.36731000000000003 0.26880199999999999 0 0.16304600000000002 0.16742699999999999 0.158026 0.0086140000000000001 0.0091559999999999992 0.0080479999999999996 0.13355499999999998 0.13647500000000001 0.12948099999999998 0.0034919999999999999 0.0041489999999999999 0.0034979999999999998 0.00080800000000000002 0.00087199999999999995 0.00078100000000000001 1.3819152522004152 1.3819152522004152 1.3819152522004152 0.00024826440481962432 0.00024826440481962432 0.00024826440481962432 1 1 1 Converged Converged Converged OK OK OK 81 81 81 81 81 81 7 7 7 0 0 0 0 1 0 0 1
87 87 linear 0 0 870 0 0.0001 0.55003536487386284 0.035732011122967547 0.13224070361538659 1.1644905394464766 -0.5215326262912231 1.1380423987233994 0.5 -1.1190665733509759 1.4121498590617685 OK 12 11 0.38917099999999999 0.38319700000000001 0.163331 0.22328200000000001 0.22120699999999999 0 0.16588899999999998 0.16199000000000002 0.163331 0.0069589999999999999 0.0069899999999999997 0.0069750000000000003 0.12732599999999999 0.12377700000000003 0.124234 0.0043530000000000001 0.0043760000000000005 0.004921 0.001201 0.0012029999999999999 0.001258 1.4121500666547568 1.4121500666547568 1.4121500666547568 5.0063532624360576e-05 5.0063532624360576e-05 5.0063532624360576e-05 1 1 1 Converged Converged Converged OK OK OK 98 98 98 98 98 98 6 6 6 0 0 0 0 0 1 0 0
87 87 linear 0 7 870 1 0.0001 0.55003536487386284 0.035732011122967547 0.13224070361538659 1.1644905394464766 -0.5215326262912231 1.1541412669896203 0.5 -1.1351654416171968 1.4052209782073219 OK 12 11 0.38171100000000002 0.29951699999999998 0.15934300000000001 0.21779999999999999 0.12001199999999999 0 0.16391100000000003 0.17950499999999997 0.15934300000000001 0.0061149999999999998 0.00613 0.0058009999999999997 0.13456200000000001 0.15035499999999993 0.13054700000000005 0.0042500000000000003 0.0041910000000000003 0.0043409999999999994 0.001137 0.001126 0.0011349999999999999 1.4052262779030051 1.4052262779030051 1.4052262779030051 8.2432943345116147e-05 8.2432943345116147e-05 8.2432943345116147e-05 1 1 1 Converged Converged Converged OK OK OK 98 98 98 98 98 98 6 6 6 0 0 0 0 1 0 0 1
87 87 linear 0 15 870 2 0.0001 0.55003536487386284 0.035732011122967547 0.13224070361538659 1.1644905394464766 -0.5215326262912231 1.1725399735795872 0.5 -1.1535641482071637 1.3948231777278344 OK 13 12 0.57984599999999997 0.50552600000000003 0.17743100000000001 0.39682600000000001 0.305286 0 0.18301999999999996 0.20024000000000003 0.17743100000000001 0.0089189999999999998 0.0093229999999999997 0.0084239999999999992 0.14934399999999998 0.16388200000000003 0.14488700000000004 0.0042649999999999997 0.0058410000000000007 0.0043879999999999995 0.0011300000000000001 0.0012470000000000001 0.0010790000000000001 1.3948253443395111 1.3948253443395111 1.3948253443395111 7.7751397559359681e-05 7.7751397559359681e-05 7.7751397559359681e-05 1 1 1 Converged Converged Converged OK OK OK 97 97 97 97 97 97 7 7 7 0 0 0 0 1 0 0 1
87 87 linear 0 23 870 3 0.0001 0.55003536487386284 0.035732011122967547 0.13224070361538659 1.1644905394464766 -0.5215326262912231 1.1909386801695538 0.5 -1.1719628547971304 1.3819142652613781 OK 13 12 0.53744899999999995 0.44586300000000001 0.166826 0.36561900000000003 0.26702999999999999 0 0.17182999999999993 0.17883300000000002 0.166826 0.0087240000000000009 0.0090200000000000002 0.0082050000000000005 0.14027100000000006 0.14555199999999996 0.13606299999999999 0.0039180000000000005 0.0048149999999999998 0.0041460000000000004 0.00092599999999999996 0.001114 0.000977 1.3819151313852192 1.3819151313852192 1.3819151313852192 0.00010348996540151173 0.00010348996540151173 0.00010348996540151173 1 1 1 Converged Converged Converged OK OK OK 89 89 89 89 89 89 7 7 7 0 0 0 0 1 0 0 1
87 87 linear 1 0 871 0 0.001 0.55003536487386284 0.035732011122967547 0.13224070361538659 1.2374255679473189 0.61314174757869189 1.2109774272242417 0.5 -1.1920016018518182 1.3714083051005661 OK 12 11 0.34276800000000002 0.33697199999999999 0.11489199999999999 0.22428100000000001 0.22098699999999999 0 0.11848700000000001 0.115985 0.11489199999999999 0.0068250000000000003 0.0067479999999999997 0.0066699999999999997 0.089331999999999981 0.087108000000000019 0.086386000000000004 0.003127 0.0031350000000000002 0.0029489999999999998 0.00064299999999999991 0.00072599999999999997 0.0007139999999999999 1.3714123632126856 1.3714123632126856 1.3714123632126856 0.0010091303552526875 0.0010091303552526875 0.0010091303552526875 1 1 1 Converged Converged Converged OK OK OK 73 73 73 73 73 73 7 7 7 0 0 0 0 0 1 0 0
87 87 linear 1 7 871 1 0.001 0.55003536487386284 0.035732011122967547 0.13224070361538659 1.2374255679473189 0.61314174757869189 1.2270762954904626 0.5 -1.2081004701180391 1.3581940099250416 OK 12 11 0.331345 0.24095800000000001 0.11074100000000001 0.21617700000000001 0.118878 0 0.11516799999999999 0.12208000000000001 0.11074100000000001 0.0060910000000000001 0.0061130000000000004 0.0056379999999999998 0.091168000000000027 0.097662000000000027 0.088261999999999993 0.0030630000000000006 0.0033369999999999997 0.0028629999999999997 0.00063999999999999994 0.00071200000000000007 0.00063199999999999997 1.3581988673213019 1.3581988673213019 1.3581988673213019 0.00090350174091378087 0.00090350174091378087 0.00090350174091378087 1 1 1 Converged Converged Converged OK OK OK 73 73 73 73 73 73 7 7 7 0 0 0 0 1 0 0 1
87 87 linear 1 15 871 2 0.001 0.55003536487386284 0.035732011122967547 0.13224070361538659 1.2374255679473189 0.61314174757869189 1.2454750020804295 0.5 -1.226499176708006 1.3405507941093049 OK 12 11 0.32586900000000002 0.23938599999999999 0.10702100000000001 0.21446200000000001 0.119174 0 0.11140700000000001 0.12021199999999999 0.10702100000000001 0.0060000000000000001 0.0059230000000000003 0.0055290000000000001 0.087686999999999973 0.096276 0.084663999999999948 0.0029610000000000001 0.0031390000000000003 0.0027739999999999996 0.0006510000000000001 0.00071300000000000009 0.00064399999999999993 1.340557820791423 1.340557820791423 1.340557820791423 0.00098650283388679056 0.00098650283388679056 0.00098650283388679056 1 1 1 Converged Converged Converged OK OK OK 73 73 73 73 73 73 7 7 7 0 0 0 0 1 0 0 1
87 87 linear 1 23 871 3 0.001 0.55003536487386284 0.035732011122967547 0.13224070361538659 1.2374255679473189 0.61314174757869189 1.2638737086703962 0.5 -1.2448978832979727 1.3200373619903758 OK 12 11 0.334781 0.240564 0.109713 0.21571699999999999 0.116831 0 0.119064 0.123733 0.109713 0.0060219999999999996 0.006045 0.0055919999999999997 0.088172999999999974 0.093593999999999983 0.084513999999999992 0.0036160000000000003 0.0068970000000000012 0.0032339999999999999 0.00087000000000000001 0.00084800000000000001 0.000776 1.3200382779412423 1.3200382779412423 1.3200382779412423 0.00055904759847286622 0.00055904759847286622 0.00055904759847286622 1 1 1 Converged Converged Converged OK OK OK 81 81 81 81 81 81 7 7 7 0 0 0 0 1 0 0 1
87 87 linear 1 0 871 0 0.0001 0.55003536487386284 0.035732011122967547 0.13224070361538659 1.2374255679473189 0.61314174757869189 1.2109774272242417 0.5 -1.1920016018518182 1.3714083051005661 OK 12 11 0.35624499999999998 0.35146300000000003 0.133468 0.216558 0.217665 0 0.13968699999999998 0.13379800000000003 0.133468 0.0071939999999999999 0.0069410000000000001 0.0066880000000000004 0.10376500000000002 0.099545999999999968 0.099125000000000005 0.0042329999999999998 0.0036279999999999997 0.0036029999999999999 0.00097099999999999997 0.001016 0.00096599999999999995 1.3714106826349952 1.3714106826349952 1.3714106826349952 4.0938601152376766e-05 4.0938601152376766e-05 4.0938601152376766e-05 1 1 1 Converged Converged Converged OK OK OK 89 89 89 89 89 89 7 7 7 0 0 0 0 0 1 0 0
87 87 linear 1 7 871 1 0.0001 0.55003536487386284 0.035732011122967547 0.13224070361538659 1.2374255679473189 0.61314174757869189 1.2270762954904626 0.5 -1.2081004701180391 1.3581940099250416 OK 12 11 0.357458 0.25796799999999998 0.12654699999999999 0.22370399999999999 0.116204 0 0.13375400000000001 0.14176399999999997 0.12654699999999999 0.006097 0.0060099999999999997 0.0055659999999999998 0.10546799999999991 0.11462499999999999 0.10090299999999999 0.0042189999999999997 0.0037400000000000003 0.003607 0.0010009999999999999 0.00099199999999999983 0.00096599999999999995 1.3581951942452757 1.3581951942452757 1.3581951942452757 2.6182115043706811e-05 2.6182115043706811e-05 2.6182115043706811e-05 1 1 1 Converged Converged Converged OK OK OK 89 89 89 89 89 89 7 7 7 0 0 0 0 1 0 0 1
87 87 linear 1 15 871 2 0.0001 0.55003536487386284 0.035732011122967547 0.13224070361538659 1.2374255679473189 0.61314174757869189 1.2454750020804295 0.5 -1.226499176708006 1.3405507941093049 OK 12 11 0.34440700000000002 0.25341000000000002 0.123708 0.21471499999999999 0.115427 0 0.12969200000000003 0.13798300000000002 0.123708 0.006084 0.00594 0.0055360000000000001 0.10162000000000011 0.11093599999999998 0.097996000000000055 0.0041389999999999995 0.003895 0.003728 0.0010369999999999999 0.0010460000000000001 0.00098299999999999993 1.3405513983704698 1.3405513983704698 1.3405513983704698 5.7930132559820321e-05 5.7930132559820321e-05 5.7930132559820321e-05 1 1 1 Converged Converged Converged OK OK OK 89 89 89 89 89 89 7 7 7 0 0 0 0 1 0 0 1
87 87 linear 1 23 871 3 0.0001 0.55003536487386284 0.035732011122967547 0.13224070361538659 1.2374255679473189 0.61314174757869189 1.2638737086703962 0.5 -1.2448978832979727 1.3200373619903758 OK 12 11 0.34189900000000001 0.25300400000000001 0.117106 0.21521799999999999 0.11605799999999999 0 0.12668100000000002 0.13694600000000001 0.117106 0.0060780000000000001 0.0060169999999999998 0.0055380000000000004 0.098839999999999956 0.10443700000000003 0.091432000000000013 0.0040759999999999998 0.0039969999999999997 0.0036429999999999995 0.00107 0.001016 0.00091 1.3200383130640834 1.3200383130640834 1.3200383130640834 0.00010584914465579413 0.00010584914465579413 0.00010584914465579413 1 1 1 Converged Converged Converged OK OK OK 89 89 89 89 89 89 7 7 7 0 0 0 0 1 0 0 1
87 87 linear 2 0 872 0 0.001 0.55003536487386284 0.035732011122967547 0.13224070361538659 0.10582074977403323 -0.10591102685567935 0.079372609050955917 0.5 -0.060396783678532462 9.5306069206755026 OK 15 14 0.60434399999999999 0.60119500000000003 0.30972899999999998 0.28813100000000003 0.29194199999999998 0 0.31621299999999997 0.30925300000000006 0.30972899999999998 0.014401000000000001 0.014590000000000001 0.013946 0.2603560000000002 0.25357799999999991 0.25478600000000001 0.0065169999999999994 0.0061090000000000007 0.0061370000000000001 0.0015280000000000001 0.0015409999999999998 0.0015830000000000002 9.5305992361427005 9.5305992361427005 9.5305992361427005 0.0022846953652217797 0.0022846953652217797 0.0022846953652217797 1 1 1 Converged Converged Converged OK OK OK 118 118 118 118 118 118 10 10 10 0 0 0 0 0 1 0 0
87 87 linear 2 7 872 1 0.001 0.55003536487386284 0.035732011122967547 0.13224070361538659 0.10582074977403323 -0.10591102685567935 0.095471477317176895 0.5 -0.07649565194475344 8.4239150390390449 OK 15 14 0.47696 0.405837 0.22592699999999999 0.24521699999999999 0.164884 0 0.231743 0.240953 0.22592699999999999 0.012321 0.012666 0.011952000000000001 0.18910399999999994 0.19714600000000004 0.18351200000000004 0.0054450000000000002 0.0059430000000000004 0.0058770000000000003 0.0014039999999999999 0.0014720000000000002 0.0013859999999999999 8.4241190086091553 8.4241190086091553 8.4241190086091553 0.0084129267237877288 0.0084129267237877288 0.0084129267237877288 1 1 1 Converged Converged Converged OK OK OK 110 110 110 110 110 110 10 10 10 0 0 0 0 1 0 0 1
87 87 linear 2 15 872 2 0.001 0.55003536487386284 0.035732011122967547 0.13224070361538659 0.10582074977403323 -0.10591102685567935 0.11387018390714372 0.5 -0.094894358534720266 7.438626117506697 OK 15 14 0.48887000000000003 0.416352 0.22686300000000001 0.25606899999999999 0.17216300000000001 0 0.23280100000000004 0.24418899999999999 0.22686300000000001 0.012057999999999999 0.012265 0.011358 0.19155700000000003 0.20170499999999994 0.18665800000000007 0.0054840000000000002 0.0063350000000000004 0.0056360000000000004 0.0012380000000000002 0.0012519999999999999 0.001256 7.4385685357495843 7.4385685357495843 7.4385685357495843 0.0072449396981766256 0.0072449396981766256 0.0072449396981766256 1 1 1 Converged Converged Converged OK OK OK 110 110 110 110 110 110 10 10 10 0 0 0 0 1 0 0 1
87 87 linear 2 23 872 3 0.001 0.55003536487386284 0.035732011122967547 0.13224070361538659 0.10582074977403323 -0.10591102685567935 0.13226889049711055 0.5 -0.11329306512468709 6.6438433625837696 OK 14 13 0.49436600000000003 0.43953399999999998 0.25503999999999999 0.23150899999999999 0.153612 0 0.26285700000000001 0.28592200000000001 0.25503999999999999 0.0095340000000000008 0.0097470000000000005 0.0092149999999999992 0.21352700000000002 0.23394499999999993 0.20628900000000003 0.0088380000000000021 0.010303 0.0092029999999999994 0.0016649999999999998 0.001704 0.001542 6.6438127838949432 6.6438127838949432 6.6438127838949432 0.00560464177459677 0.00560464177459677 0.00560464177459677 1 1 1 Converged Converged Converged OK OK OK 152 152 152 152 152 152 8 8 8 0 0 0 0 1 0 0 1
87 87 linear 2 0 872 0 0.0001 0.55003536487386284 0.035732011122967547 0.13224070361538659 0.10582074977403323 -0.10591102685567935 0.079372609050955917 0.5 -0.060396783678532462 9.5306069206755026 OK 15 14 0.68523800000000001 0.671821 0.38211200000000001 0.29328399999999999 0.28614299999999998 0 0.39195400000000002 0.38567800000000002 0.38211200000000001 0.014234 0.014097999999999999 0.014335000000000001 0.32282199999999994 0.31515300000000007 0.31137899999999991 0.0073719999999999992 0.0084069999999999995 0.0089759999999999996 0.0018680000000000001 0.0020579999999999999 0.0021259999999999999 9.5306029969695274 9.5306029969695274 9.5306029969695274 0.0007040326686470358 0.0007040326686470358 0.0007040326686470358 1 1 1 Converged Converged Converged OK OK OK 150 150 150 150 150 150 10 10 10 0 0 0 0 0 1 0 0
87 87 linear 2 7 872 1 0.0001 0.55003536487386284 0.035732011122967547 0.13224070361538659 0.10582074977403323 -0.10591102685567935 0.095471477317176895 0.5 -0.07649565194475344 8.4239150390390449 OK 15 14 0.627054 0.54116699999999995 0.35259499999999999 0.26109900000000003 0.17205699999999999 0 0.36595499999999997 0.36910999999999994 0.35259499999999999 0.013668 0.012872 0.012118 0.30114299999999994 0.30402599999999985 0.28913600000000012 0.0092940000000000002 0.010459999999999999 0.0097660000000000004 0.0021860000000000004 0.0023410000000000002 0.0024689999999999998 8.4238978124471018 8.4238978124471018 8.4238978124471018 0.00044387866294006719 0.00044387866294006719 0.00044387866294006719 1 1 1 Converged Converged Converged OK OK OK 174 174 174 174 174 174 10 10 10 0 0 0 0 1 0 0 1
87 87 linear 2 15 872 2 0.0001 0.55003536487386284 0.035732011122967547 0.13224070361538659 0.10582074977403323 -0.10591102685567935 0.11387018390714372 0.5 -0.094894358534720266 7.438626117506697 OK 15 14 0.60440499999999997 0.52297700000000003 0.33318300000000001 0.25988699999999998 0.17504500000000001 0 0.34451799999999999 0.34793200000000002 0.33318300000000001 0.012460000000000001 0.01257 0.011388000000000001 0.28161399999999992 0.28478599999999982 0.27423700000000006 0.011365 0.011176000000000002 0.0099499999999999988 0.0022049999999999999 0.002127 0.002078 7.4386144444311775 7.4386144444311775 7.4386144444311775 0.00050246443875719333 0.00050246443875719333 0.00050246443875719333 1 1 1 Converged Converged Converged OK OK OK 174 174 174 174 174 174 10 10 10 0 0 0 0 1 0 0 1
87 87 linear 2 23 872 3 0.0001 0.55003536487386284 0.035732011122967547 0.13224070361538659 0.10582074977403323 -0.10591102685567935 0.13226889049711055 0.5 -0.11329306512468709 6.6438433625837696 OK 14 13 0.66518699999999997 0.62562600000000002 0.41503899999999999 0.23575599999999999 0.15129000000000001 0 0.42943100000000001 0.47433599999999998 0.41503899999999999 0.0098180000000000003 0.0097350000000000006 0.0092149999999999992 0.3420169999999999 0.38682599999999995 0.33034500000000011 0.023716000000000001 0.023977999999999999 0.023088999999999998 0.0023810000000000003 0.0024530000000000003 0.0022900000000000004 6.6438366030586389 6.6438366030586389 6.6438366030586389 0.00021971435703983791 0.00021971435703983791 0.00021971435703983791 1 1 1 Converged Converged Converged OK OK OK 272 272 272 272 272 272 8 8 8 0 0 0 0 1 0 0 1
87 87 linear 3 0 873 0 0.001 0.55003536487386284 0.035732011122967547 0.13224070361538659 1.3069867589469297 0.42069874415067515 1.2805386182238525 0.5 -1.261562792851429 1.1665938032149739 OK 12 11 0.35336400000000001 0.352352 0.128584 0.22120799999999999 0.222242 0 0.13215600000000002 0.13011 0.128584 0.0095619999999999993 0.0096399999999999993 0.0090030000000000006 0.096645999999999982 0.094264999999999988 0.093631999999999951 0.0037689999999999998 0.0040169999999999997 0.0041840000000000002 0.00088900000000000003 0.00088900000000000003 0.00096699999999999998 1.1665920435647188 1.1665920435647188 1.1665920435647188 0.00051877809692606755 0.00051877809692606755 0.00051877809692606755 1 1 1 Converged Converged Converged OK OK OK 75 75 75 75 75 75 5 5 5 0 0 0 0 0 1 0 0
87 87 linear 3 7 873 1 0.001 0.55003536487386284 0.035732011122967547 0.13224070361538659 1.3069867589469297 0.42069874415067515 1.2966374864900734 0.5 -1.2776616611176499 1.1603672287847928 OK 12 11 0.35494900000000001 0.26056099999999999 0.12592600000000001 0.22298899999999999 0.122609 0 0.13196000000000002 0.13795199999999999 0.12592600000000001 0.0085990000000000007 0.0086479999999999994 0.0078790000000000006 0.100739 0.10754500000000002 0.097198000000000048 0.0044330000000000003 0.0040009999999999993 0.0038350000000000003 0.00092899999999999992 0.00085699999999999991 0.00080600000000000008 1.1603637763580272 1.1603637763580272 1.1603637763580272 0.00072754495485418313 0.00072754495485418313 0.00072754495485418313 1 1 1 Converged Converged Converged OK OK OK 75 75 75 75 75 75 5 5 5 0 0 0 0 1 0 0 1
87 87 linear 3 15 873 2 0.001 0.55003536487386284 0.035732011122967547 0.13224070361538659 1.3069867589469297 0.42069874415067515 1.3150361930800403 0.5 -1.2960603677076168 1.1537933280734993 OK 12 11 0.340723 0.25029699999999999 0.117078 0.21950600000000001 0.125468 0 0.12121699999999999 0.124829 0.117078 0.0083870000000000004 0.0084440000000000001 0.0078779999999999996 0.090770000000000031 0.094206999999999999 0.087598999999999996 0.0037620000000000002 0.0040769999999999999 0.0038660000000000001 0.00087699999999999996 0.00098299999999999993 0.00084899999999999993 1.1537930952028781 1.1537930952028781 1.1537930952028781 0.0002387897801122836 0.0002387897801122836 0.0002387897801122836 1 1 1 Converged Converged Converged OK OK OK 75 75 75 75 75 75 5 5 5 0 0 0 0 1 0 0 1
87 87 linear 3 23 873 3 0.001 0.55003536487386284 0.035732011122967547 0.13224070361538659 1.3069867589469297 0.42069874415067515 1.3334348996700069 0.5 -1.3144590742975835 1.1476831811177661 OK 12 11 0.34928599999999999 0.262901 0.12105 0.21937200000000001 0.12768699999999999 0 0.12991399999999997 0.135214 0.12105 0.0084720000000000004 0.0086149999999999994 0.0078150000000000008 0.098751999999999937 0.10403799999999999 0.092095999999999997 0.0042269999999999999 0.0042640000000000004 0.0036440000000000001 0.00095600000000000004 0.00090200000000000002 0.00079299999999999998 1.1476824821432328 1.1476824821432328 1.1476824821432328 9.5568180215942989e-05 9.5568180215942989e-05 9.5568180215942989e-05 1 1 1 Converged Converged Converged OK OK OK 75 75 75 75 75 75 5 5 5 0 0 0 0 1 0 0 1
87 87 linear 3 0 873 0 0.0001 0.55003536487386284 0.035732011122967547 0.13224070361538659 1.3069867589469297 0.42069874415067515 1.2805386182238525 0.5 -1.261562792851429 1.1665938032149739 OK 12 11 0.36302200000000001 0.35839900000000002 0.139237 0.218222 0.219194 0 0.14480000000000001 0.13920500000000002 0.139237 0.0093360000000000005 0.0093989999999999994 0.0090039999999999999 0.10480700000000001 0.10067100000000001 0.10045699999999996 0.0047530000000000003 0.0042009999999999999 0.0044759999999999999 0.001034 0.001018 0.001122 1.1665933907432899 1.1665933907432899 1.1665933907432899 5.6759966391384379e-05 5.6759966391384379e-05 5.6759966391384379e-05 1 1 1 Converged Converged Converged OK OK OK 83 83 83 83 83 83 5 5 5 0 0 0 0 0 1 0 0
87 87 linear 3 7 873 1 0.0001 0.55003536487386284 0.035732011122967547 0.13224070361538659 1.3069867589469297 0.42069874415067515 1.2966374864900734 0.5 -1.2776616611176499 1.1603672287847928 OK 12 11 0.36072399999999999 0.27033299999999999 0.13503200000000001 0.21986 0.120936 0 0.14086399999999999 0.149397 0.13503200000000001 0.0085419999999999992 0.0085229999999999993 0.0078790000000000006 0.10777500000000002 0.11728999999999999 0.10344500000000001 0.0045529999999999998 0.0041999999999999997 0.0044840000000000001 0.00099399999999999987 0.00094999999999999989 0.0010070000000000001 1.1603664723373379 1.1603664723373379 1.1603664723373379 4.1457738557406408e-05 4.1457738557406408e-05 4.1457738557406408e-05 1 1 1 Converged Converged Converged OK OK OK 83 83 83 83 83 83 5 5 5 0 0 0 0 1 0 0 1
87 87 linear 3 15 873 2 0.0001 0.55003536487386284 0.035732011122967547 0.13224070361538659 1.3069867589469297 0.42069874415067515 1.3150361930800403 0.5 -1.2960603677076168 1.1537933280734993 OK 12 11 0.358095 0.267787 0.133378 0.21837000000000001 0.124984 0 0.13972499999999999 0.14280300000000001 0.133378 0.0084379999999999993 0.0085319999999999997 0.0077739999999999997 0.10740499999999999 0.110329 0.10249399999999999 0.0042519999999999997 0.0044479999999999997 0.0042170000000000003 0.001 0.0010019999999999999 0.0010280000000000001 1.1537925734308077 1.1537925734308077 1.1537925734308077 5.5030086808674947e-05 5.5030086808674947e-05 5.5030086808674947e-05 1 1 1 Converged Converged Converged OK OK OK 83 83 83 83 83 83 5 5 5 0 0 0 0 1 0 0 1
87 87 linear 3 23 873 3 0.0001 0.55003536487386284 0.035732011122967547 0.13224070361538659 1.3069867589469297 0.42069874415067515 1.3334348996700069 0.5 -1.3144590742975835 1.1476831811177661 OK 12 11 0.34656500000000001 0.25963000000000003 0.124957 0.220139 0.125391 0 0.12642600000000001 0.13423900000000002 0.124957 0.0083949999999999997 0.0084019999999999997 0.0079950000000000004 0.095748 0.10345199999999999 0.094030999999999948 0.0039459999999999999 0.0042310000000000004 0.0038349999999999994 0.00085400000000000005 0.00082899999999999988 0.00082600000000000002 1.1476824821432328 1.1476824821432328 1.1476824821432328 9.5568180215942989e-05 9.5568180215942989e-05 9.5568180215942989e-05 1 1 1 Converged Converged Converged OK OK OK 75 75 75 75 75 75 5 5 5 0 0 0 0 1 0 0 1
87 87 linear 4 0 874 0 0.001 0.55003536487386284 0.035732011122967547 0.13224070361538659 1.3184906539056485 -0.37259470756218216 1.2920425131825712 0.5 -1.2730666878101478 1.1469371848929664 OK 12 11 0.34773300000000001 0.34727799999999998 0.109199 0.23455000000000001 0.236874 0 0.11318300000000001 0.11040399999999997 0.109199 0.0097160000000000007 0.0095239999999999995 0.0093189999999999992 0.079691999999999985 0.07718000000000004 0.076614000000000002 0.0035950000000000001 0.0036709999999999998 0.0036080000000000001 0.00090699999999999993 0.00087199999999999995 0.000794 1.146935723808044 1.146935723808044 1.146935723808044 0.00099640803431123317 0.00099640803431123317 0.00099640803431123317 1 1 1 Converged Converged Converged OK OK OK 67 67 67 67 67 67 5 5 5 0 0 0 0 0 1 0 0
87 87 linear 4 7 874 1 0.001 0.55003536487386284 0.035732011122967547 0.13224070361538659 1.3184906539056485 -0.37259470756218216 1.3081413814487921 0.5 -1.2891655560763686 1.1424672374870464 OK 12 11 0.33289200000000002 0.25240299999999999 0.113436 0.21446699999999999 0.122797 0 0.11842500000000003 0.129606 0.113436 0.0085120000000000005 0.0085500000000000003 0.0078890000000000002 0.086149000000000017 0.097731000000000012 0.082571000000000019 0.0040090000000000004 0.0040899999999999999 0.0040939999999999995 0.00087599999999999993 0.00098799999999999995 0.0008879999999999999 1.1424665499484516 1.1424665499484516 1.1424665499484516 0.00016844131218460325 0.00016844131218460325 0.00016844131218460325 1 1 1 Converged Converged Converged OK OK OK 75 75 75 75 75 75 5 5 5 0 0 0 0 1 0 0 1
87 87 linear 4 15 874 2 0.001 0.55003536487386284 0.035732011122967547 0.13224070361538659 1.3184906539056485 -0.37259470756218216 1.326540088038759 0.5 -1.3075642626663355 1.1376618080734491 OK 12 11 0.322494 0.24090300000000001 0.10001 0.217168 0.12836900000000001 0 0.105326 0.112534 0.10001 0.0085050000000000004 0.0084580000000000002 0.0078860000000000006 0.076717000000000007 0.084970000000000032 0.073502999999999971 0.0036080000000000001 0.0032810000000000001 0.0032129999999999997 0.000843 0.00078399999999999997 0.00075199999999999996 1.1376592704646007 1.1376592704646007 1.1376592704646007 0.00087704786641481581 0.00087704786641481581 0.00087704786641481581 1 1 1 Converged Converged Converged OK OK OK 67 67 67 67 67 67 5 5 5 0 0 0 0 1 0 0 1
87 87 linear 4 23 874 3 0.001 0.55003536487386284 0.035732011122967547 0.13224070361538659 1.3184906539056485 -0.37259470756218216 1.3449387946287257 0.5 -1.3259629692563022 1.1331228920263157 OK 12 11 0.32741599999999998 0.24049899999999999 0.103436 0.21993099999999999 0.127668 0 0.107485 0.11283099999999999 0.103436 0.0084290000000000007 0.0085199999999999998 0.0077499999999999999 0.079719999999999999 0.085076000000000013 0.077025999999999956 0.003277 0.0033880000000000004 0.0031750000000000003 0.00071900000000000002 0.00072099999999999996 0.00085300000000000003 1.1331218697928434 1.1331218697928434 1.1331218697928434 0.00050796358461076198 0.00050796358461076198 0.00050796358461076198 1 1 1 Converged Converged Converged OK OK OK 67 67 67 67 67 67 5 5 5 0 0 0 0 1 0 0 1
87 87 linear 4 0 874 0 0.0001 0.55003536487386284 0.035732011122967547 0.13224070361538659 1.3184906539056485 -0.37259470756218216 1.2920425131825712 0.5 -1.2730666878101478 1.1469371848929664 OK 12 11 0.376855 0.370979 0.13318099999999999 0.23622199999999999 0.235345 0 0.14063300000000001 0.135634 0.13318099999999999 0.00975 0.0099860000000000001 0.0091350000000000008 0.099459999999999979 0.095382999999999996 0.094389000000000001 0.0051289999999999999 0.0044949999999999999 0.0045240000000000002 0.0011670000000000001 0.001114 0.001059 1.1469365048599642 1.1469365048599642 1.1469365048599642 1.4069034087027723e-05 1.4069034087027723e-05 1.4069034087027723e-05 1 1 1 Converged Converged Converged OK OK OK 83 83 83 83 83 83 5 5 5 0 0 0 0 0 1 0 0
87 87 linear 4 7 874 1 0.0001 0.55003536487386284 0.035732011122967547 0.13224070361538659 1.3184906539056485 -0.37259470756218216 1.3081413814487921 0.5 -1.2891655560763686 1.1424672374870464 OK 12 11 0.34334900000000002 0.26055 0.12020400000000001 0.21572 0.12339899999999999 0 0.12762900000000002 0.13715100000000002 0.12020400000000001 0.0087760000000000008 0.008711 0.0079089999999999994 0.093630000000000033 0.10397699999999999 0.089003000000000013 0.0048180000000000002 0.0046259999999999999 0.0041450000000000002 0.0011430000000000001 0.001157 0.0010200000000000001 1.1424665370182554 1.1424665370182554 1.1424665370182554 2.3204105359440817e-05 2.3204105359440817e-05 2.3204105359440817e-05 1 1 1 Converged Converged Converged OK OK OK 83 83 83 83 83 83 5 5 5 0 0 0 0 1 0 0 1
87 87 linear 4 15 874 2 0.0001 0.55003536487386284 0.035732011122967547 0.13224070361538659 1.3184906539056485 -0.37259470756218216 1.326540088038759 0.5 -1.3075642626663355 1.1376618080734491 OK 12 11 0.34937400000000002 0.26757999999999998 0.122659 0.21590699999999999 0.12770799999999999 0 0.13346700000000003 0.139872 0.122659 0.0086379999999999998 0.0085660000000000007 0.0078270000000000006 0.096293000000000004 0.10749199999999996 0.091698000000000057 0.0045440000000000003 0.0043679999999999995 0.0041549999999999998 0.0011839999999999999 0.001163 0.001021 1.1376611434406634 1.1376611434406634 1.1376611434406634 5.3950173906317153e-05 5.3950173906317153e-05 5.3950173906317153e-05 1 1 1 Converged Converged Converged OK OK OK 83 83 83 83 83 83 5 5 5 0 0 0 0 1 0 0 1
87 87 linear 4 23 874 3 0.0001 0.55003536487386284 0.035732011122967547 0.13224070361538659 1.3184906539056485 -0.37259470756218216 1.3449387946287257 0.5 -1.3259629692563022 1.1331228920263157 OK 12 11 0.35125000000000001 0.259882 0.12950800000000001 0.220244 0.12313499999999999 0 0.13100600000000001 0.13674700000000001 0.12950800000000001 0.0085319999999999997 0.0085620000000000002 0.0078230000000000001 0.097952999999999971 0.10449399999999998 0.098123000000000057 0.0047010000000000003 0.0044790000000000003 0.0043560000000000005 0.001134 0.001147 0.0011419999999999998 1.1331222261409979 1.1331222261409979 1.1331222261409979 7.625711756090399e-05 7.625711756090399e-05 7.625711756090399e-05 1 1 1 Converged Converged Converged OK OK OK 83 83 83 83 83 83 5 5 5 0 0 0 0 1 0 0 1
87 87 uniform 0 0 875 0 0.001 0.55003536487386284 0.035732011122967547 0.13224070361538659 1.1644905394464766 -0.5215326262912231 1.1380423987233994 0 -1.1190665733509759 1.3998860423601038 OK 12 11 0.27564300000000003 0.28308 0.062301000000000002 0.21099699999999999 0.21883 0 0.064646000000000037 0.064250000000000002 0.062301000000000002 0.0074479999999999998 0.0070780000000000001 0.0066449999999999999 0.042852999999999995 0.043218999999999994 0.042253999999999986 0.0019289999999999999 0.0019170000000000001 0.0017039999999999998 0.00047199999999999998 0.00051400000000000003 0.00043100000000000001 1.3998997612030732 1.3998997612030732 1.3998997612030732 0.0012885482952701031 0.0012885482952701031 0.0012885482952701031 1 1 1 Converged Converged Converged OK OK OK 50 50 50 50 50 50 6 6 6 0 0 0 0 0 1 0 0
87 87 uniform 0 7 875 1 0.001 0.55003536487386284 0.035732011122967547 0.13224070361538659 1.1644905394464766 -0.5215326262912231 1.1541412669896203 0 -1.1351654416171968 1.3920808398189408 OK 12 11 0.27621099999999998 0.18646799999999999 0.060164000000000002 0.210646 0.118754 0 0.065564999999999984 0.067713999999999996 0.060164000000000002 0.0059909999999999998 0.0061890000000000001 0.0055970000000000004 0.048600999999999998 0.050242999999999996 0.044179999999999997 0.0016609999999999999 0.0017589999999999999 0.001573 0.00037100000000000002 0.00042999999999999999 0.00035599999999999998 1.3921133327118851 1.3921133327118851 1.3921133327118851 0.0011554448454504295 0.0011554448454504295 0.0011554448454504295 1 1 1 Converged Converged Converged OK OK OK 50 50 50 50 50 50 6 6 6 0 0 0 0 1 0 0 1
87 87 uniform 0 15 875 2 0.001 0.55003536487386284 0.035732011122967547 0.13224070361538659 1.1644905394464766 -0.5215326262912231 1.1725399735795872 0 -1.1535641482071637 1.381595782238578 OK 13 12 0.48737000000000003 0.40361000000000002 0.094613000000000003 0.391237 0.29746400000000001 0 0.096133000000000024 0.10614600000000002 0.094613000000000003 0.0088739999999999999 0.0089680000000000003 0.0081679999999999999 0.069374999999999978 0.078931999999999974 0.06949000000000001 0.0024790000000000003 0.0026609999999999997 0.0023699999999999997 0.00059500000000000004 0.00074100000000000001 0.00066299999999999996 1.3815954263047174 1.3815954263047174 1.3815954263047174 0.00063031689021720997 0.00063031689021720997 0.00063031689021720997 1 1 1 Converged Converged Converged OK OK OK 65 65 65 65 65 65 7 7 7 0 0 0 0 1 0 0 1
87 87 uniform 0 23 875 3 0.001 0.55003536487386284 0.035732011122967547 0.13224070361538659 1.1644905394464766 -0.5215326262912231 1.1909386801695538 0 -1.1719628547971304 1.3695611117020077 OK 13 12 0.44789200000000001 0.35794700000000002 0.083312999999999998 0.36130699999999999 0.27009300000000003 0 0.086585000000000023 0.087853999999999988 0.083312999999999998 0.0088260000000000005 0.0087620000000000007 0.0080739999999999996 0.061442000000000024 0.063603999999999994 0.060278999999999985 0.0028589999999999996 0.0025020000000000003 0.0023640000000000002 0.00064800000000000003 0.00060300000000000002 0.00059099999999999995 1.3695609321212301 1.3695609321212301 1.3695609321212301 0.0006259211588213623 0.0006259211588213623 0.0006259211588213623 1 1 1 Converged Converged Converged OK OK OK 65 65 65 65 65 65 7 7 7 0 0 0 0 1 0 0 1
87 87 uniform 0 0 875 0 0.0001 0.55003536487386284 0.035732011122967547 0.13224070361538659 1.1644905394464766 -0.5215326262912231 1.1380423987233994 0 -1.1190665733509759 1.3998860423601038 OK 12 11 0.31895800000000002 0.32089299999999998 0.104882 0.214255 0.21347099999999999 0 0.10470300000000002 0.10742199999999999 0.104882 0.0070169999999999998 0.0069389999999999999 0.0069760000000000004 0.069918999999999995 0.073225999999999972 0.07009 0.0035249999999999999 0.003483 0.0036810000000000007 0.00095700000000000006 0.00098800000000000016 0.001018 1.3998857902775883 1.3998857902775883 1.3998857902775883 0.00013521740409512135 0.00013521740409512135 0.00013521740409512135 1 1 1 Converged Converged Converged OK OK OK 90 90 90 90 90 90 6 6 6 0 0 0 0 0 1 0 0
87 87 uniform 0 7 875 1 0.0001 0.55003536487386284 0.035732011122967547 0.13224070361538659 1.1644905394464766 -0.5215326262912231 1.1541412669896203 0 -1.1351654416171968 1.3920808398189408 OK 12 11 0.33141599999999999 0.25457800000000003 0.115914 0.21474499999999999 0.12009300000000001 0 0.116671 0.13448500000000002 0.115914 0.0060720000000000001 0.0062490000000000002 0.0059239999999999996 0.084736000000000006 0.10116200000000003 0.084448000000000023 0.0044190000000000002 0.0053179999999999998 0.0044679999999999997 0.001065 0.0011730000000000002 0.0010660000000000001 1.3920799647291811 1.3920799647291811 1.3920799647291811 8.4456721681884601e-05 8.4456721681884601e-05 8.4456721681884601e-05 1 1 1 Converged Converged Converged OK OK OK 106 106 106 106 106 106 6 6 6 0 0 0 0 1 0 0 1
87 87 uniform 0 15 875 2 0.0001 0.55003536487386284 0.035732011122967547 0.13224070361538659 1.1644905394464766 -0.5215326262912231 1.1725399735795872 0 -1.1535641482071637 1.381595782238578 OK 13 12 0.51272799999999996 0.433952 0.115568 0.395839 0.30088700000000002 0 0.11688899999999997 0.13306499999999999 0.115568 0.0088839999999999995 0.0092919999999999999 0.0084910000000000003 0.085626000000000008 0.10040200000000001 0.085117000000000012 0.0035820000000000001 0.0040850000000000001 0.0035739999999999999 0.0008969999999999999 0.0010460000000000001 0.00088800000000000001 1.38159566532571 1.38159566532571 1.38159566532571 0.00012919536607821931 0.00012919536607821931 0.00012919536607821931 1 1 1 Converged Converged Converged OK OK OK 89 89 89 89 89 89 7 7 7 0 0 0 0 1 0 0 1
87 87 uniform 0 23 875 3 0.0001 0.55003536487386284 0.035732011122967547 0.13224070361538659 1.1644905394464766 -0.5215326262912231 1.1909386801695538 0 -1.1719628547971304 1.3695611117020077 OK 13 12 0.47255000000000003 0.387212 0.10632900000000001 0.36263800000000002 0.26883099999999999 0 0.10991200000000001 0.11838100000000001 0.10632900000000001 0.0089730000000000001 0.0090270000000000003 0.0080549999999999997 0.078251000000000029 0.086554999999999993 0.07664 0.003774 0.0038779999999999999 0.0034589999999999998 0.0010330000000000001 0.0010659999999999999 0.00090499999999999988 1.369561081133805 1.369561081133805 1.369561081133805 8.5605571639840814e-05 8.5605571639840814e-05 8.5605571639840814e-05 1 1 1 Converged Converged Converged OK OK OK 89 89 89 89 89 89 7 7 7 0 0 0 0 1 0 0 1
87 87 uniform 1 0 876 0 0.001 0.55003536487386284 0.035732011122967547 0.13224070361538659 1.2374255679473189 0.61314174757869189 1.2109774272242417 0 -1.1920016018518182 1.3606516817572856 OK 12 11 0.28470699999999999 0.28300999999999998 0.067113999999999993 0.21537400000000001 0.215058 0 0.069332999999999978 0.067951999999999985 0.067113999999999993 0.0069979999999999999 0.0067600000000000004 0.0066610000000000003 0.046379000000000004 0.046015 0.045416999999999992 0.0020170000000000001 0.0018590000000000004 0.001758 0.00048200000000000001 0.00050000000000000001 0.000444 1.3606537756563364 1.3606537756563364 1.3606537756563364 0.00089589628106990235 0.00089589628106990235 0.00089589628106990235 1 1 1 Converged Converged Converged OK OK OK 57 57 57 57 57 57 7 7 7 0 0 0 0 0 1 0 0
87 87 uniform 1 7 876 1 0.001 0.55003536487386284 0.035732011122967547 0.13224070361538659 1.2374255679473189 0.61314174757869189 1.2270762954904626 0 -1.2081004701180391 1.3490800586625724 OK 12 11 0.28500300000000001 0.188639 0.066474000000000005 0.21642600000000001 0.11759500000000001 0 0.068576999999999999 0.071043999999999996 0.066474000000000005 0.0060390000000000001 0.0060790000000000002 0.0055160000000000001 0.050087 0.052840999999999992 0.049597000000000002 0.0018770000000000002 0.0018760000000000001 0.001745 0.00050000000000000001 0.00048300000000000003 0.00043600000000000003 1.3490841790259278 1.3490841790259278 1.3490841790259278 0.00077763861758230819 0.00077763861758230819 0.00077763861758230819 1 1 1 Converged Converged Converged OK OK OK 57 57 57 57 57 57 7 7 7 0 0 0 0 1 0 0 1
87 87 uniform 1 15 876 2 0.001 0.55003536487386284 0.035732011122967547 0.13224070361538659 1.2374255679473189 0.61314174757869189 1.2454750020804295 0 -1.226499176708006 1.3340749135343286 OK 12 11 0.28097499999999997 0.189446 0.064493999999999996 0.215643 0.120738 0 0.065331999999999973 0.068708000000000005 0.064493999999999996 0.0058950000000000001 0.006038 0.0055019999999999999 0.047421000000000012 0.050571999999999999 0.047560000000000005 0.0017870000000000002 0.0018380000000000002 0.001761 0.00047800000000000002 0.00051499999999999994 0.000446 1.334083239234618 1.334083239234618 1.334083239234618 0.00093374419866566673 0.00093374419866566673 0.00093374419866566673 1 1 1 Converged Converged Converged OK OK OK 57 57 57 57 57 57 7 7 7 0 0 0 0 1 0 0 1
87 87 uniform 1 23 876 3 0.001 0.55003536487386284 0.035732011122967547 0.13224070361538659 1.2374255679473189 0.61314174757869189 1.2638737086703962 0 -1.2448978832979727 1.3168113936302375 OK 12 11 0.29019099999999998 0.19356000000000001 0.070021 0.21754999999999999 0.11411 0 0.072640999999999983 0.079450000000000007 0.070021 0.0059519999999999998 0.0059519999999999998 0.0055279999999999999 0.050924999999999998 0.058456999999999995 0.050428000000000008 0.0023080000000000002 0.002215 0.0020070000000000001 0.00065800000000000006 0.00067400000000000001 0.00062299999999999996 1.3168116024994432 1.3168116024994432 1.3168116024994432 0.00059806419778905893 0.00059806419778905893 0.00059806419778905893 1 1 1 Converged Converged Converged OK OK OK 65 65 65 65 65 65 7 7 7 0 0 0 0 1 0 0 1
87 87 uniform 1 0 876 0 0.0001 0.55003536487386284 0.035732011122967547 0.13224070361538659 1.2374255679473189 0.61314174757869189 1.2109774272242417 0 -1.1920016018518182 1.3606516817572856 OK 12 11 0.31926599999999999 0.32258300000000001 0.10348499999999999 0.21632000000000001 0.22173599999999999 0 0.10294599999999998 0.10084700000000002 0.10348499999999999 0.0071149999999999998 0.0068129999999999996 0.0076829999999999997 0.067796999999999982 0.067587999999999981 0.068912999999999988 0.0035119999999999999 0.0033039999999999996 0.0033480000000000003 0.00097300000000000012 0.00091299999999999997 0.00094699999999999993 1.3606524724750952 1.3606524724750952 1.3606524724750952 7.6624035398514717e-05 7.6624035398514717e-05 7.6624035398514717e-05 1 1 1 Converged Converged Converged OK OK OK 89 89 89 89 89 89 7 7 7 0 0 0 0 0 1 0 0
87 87 uniform 1 7 876 1 0.0001 0.55003536487386284 0.035732011122967547 0.13224070361538659 1.2374255679473189 0.61314174757869189 1.2270762954904626 0 -1.2081004701180391 1.3490800586625724 OK 12 11 0.31301899999999999 0.22942699999999999 0.095990000000000006 0.21620500000000001 0.119837 0 0.096813999999999983 0.10958999999999999 0.095990000000000006 0.0059620000000000003 0.0059979999999999999 0.0056429999999999996 0.070545999999999998 0.08301600000000002 0.070076000000000041 0.0033149999999999998 0.003372 0.0034169999999999999 0.00086899999999999998 0.00098799999999999995 0.0009369999999999999 1.3490803508532727 1.3490803508532727 1.3490803508532727 1.6358459301316562e-05 1.6358459301316562e-05 1.6358459301316562e-05 1 1 1 Converged Converged Converged OK OK OK 89 89 89 89 89 89 7 7 7 0 0 0 0 1 0 0 1
87 87 uniform 1 15 876 2 0.0001 0.55003536487386284 0.035732011122967547 0.13224070361538659 1.2374255679473189 0.61314174757869189 1.2454750020804295 0 -1.226499176708006 1.3340749135343286 OK 12 11 0.30888700000000002 0.22239400000000001 0.094934000000000004 0.212455 0.113806 0 0.096432000000000018 0.108588 0.094934000000000004 0.0059680000000000002 0.0059170000000000004 0.0055760000000000002 0.07014399999999997 0.082324000000000022 0.069765000000000008 0.0033449999999999999 0.003333 0.0033249999999999998 0.00093399999999999993 0.000977 0.00099100000000000013 1.334075185495458 1.334075185495458 1.334075185495458 4.5253148095983754e-05 4.5253148095983754e-05 4.5253148095983754e-05 1 1 1 Converged Converged Converged OK OK OK 89 89 89 89 89 89 7 7 7 0 0 0 0 1 0 0 1
87 87 uniform 1 23 876 3 0.0001 0.55003536487386284 0.035732011122967547 0.13224070361538659 1.2374255679473189 0.61314174757869189 1.2638737086703962 0 -1.2448978832979727 1.3168113936302375 OK 12 11 0.30865199999999998 0.22492899999999999 0.092970999999999998 0.21438699999999999 0.116688 0 0.094264999999999988 0.10824099999999999 0.092970999999999998 0.0059699999999999996 0.0060359999999999997 0.0055770000000000004 0.067903999999999992 0.08088999999999999 0.067656000000000022 0.0032569999999999999 0.0038700000000000002 0.003176 0.00092199999999999997 0.00099199999999999983 0.00089499999999999996 1.3168116231870599 1.3168116231870599 1.3168116231870599 8.8955646317162243e-05 8.8955646317162243e-05 8.8955646317162243e-05 1 1 1 Converged Converged Converged OK OK OK 89 89 89 89 89 89 7 7 7 0 0 0 0 1 0 0 1
87 87 uniform 2 0 877 0 0.001 0.55003536487386284 0.035732011122967547 0.13224070361538659 0.10582074977403323 -0.10591102685567935 0.079372609050955917 0 -0.060396783678532462 9.7109734208609879 OK 15 14 0.51554999999999995 0.51261900000000005 0.22357299999999999 0.28491300000000003 0.28684700000000002 0 0.23063699999999993 0.22577200000000003 0.22357299999999999 0.014388 0.014374 0.014054000000000001 0.17510200000000001 0.17138299999999992 0.17042099999999996 0.0060260000000000001 0.005468999999999999 0.0054310000000000001 0.0014599999999999999 0.001524 0.0014630000000000003 9.710969579891179 9.710969579891179 9.710969579891179 0.0023871414333016846 0.0023871414333016846 0.0023871414333016846 1 1 1 Converged Converged Converged OK OK OK 118 118 118 118 118 118 10 10 10 0 0 0 0 0 1 0 0
87 87 uniform 2 7 877 1 0.001 0.55003536487386284 0.035732011122967547 0.13224070361538659 0.10582074977403323 -0.10591102685567935 0.095471477317176895 0 -0.07649565194475344 8.5303009909341672 OK 15 14 0.42766999999999999 0.35811599999999999 0.18369199999999999 0.24371100000000001 0.16374900000000001 0 0.18395899999999998 0.19436699999999998 0.18369199999999999 0.012826000000000001 0.012670000000000001 0.012024999999999999 0.13790299999999994 0.14932099999999995 0.13667900000000005 0.0060569999999999999 0.0056979999999999999 0.0054250000000000001 0.0015219999999999999 0.0016229999999999999 0.0015799999999999998 8.5302707737146299 8.5302707737146299 8.5302707737146299 0.0055101670613648479 0.0055101670613648479 0.0055101670613648479 1 1 1 Converged Converged Converged OK OK OK 118 118 118 118 118 118 10 10 10 0 0 0 0 1 0 0 1
87 87 uniform 2 15 877 2 0.001 0.55003536487386284 0.035732011122967547 0.13224070361538659 0.10582074977403323 -0.10591102685567935 0.11387018390714372 0 -0.094894358534720266 7.4991531511015941 OK 15 14 0.434313 0.36397400000000002 0.17769799999999999 0.25521899999999997 0.16994899999999999 0 0.17909400000000003 0.19402500000000003 0.17769799999999999 0.012068000000000001 0.01218 0.011408 0.13746500000000003 0.14603399999999994 0.137101 0.0049420000000000011 0.010631999999999999 0.0049550000000000002 0.0013339999999999997 0.001407 0.0013169999999999998 7.4991464220372599 7.4991464220372599 7.4991464220372599 0.0043187645102680909 0.0043187645102680909 0.0043187645102680909 1 1 1 Converged Converged Converged OK OK OK 118 118 118 118 118 118 10 10 10 0 0 0 0 1 0 0 1
87 87 uniform 2 23 877 3 0.001 0.55003536487386284 0.035732011122967547 0.13224070361538659 0.10582074977403323 -0.10591102685567935 0.13226889049711055 0 -0.11329306512468709 6.6846449122011045 OK 14 13 0.449909 0.38928800000000002 0.21496699999999999 0.23100100000000001 0.14697099999999999 0 0.21890799999999999 0.24231700000000003 0.21496699999999999 0.0096509999999999999 0.0097439999999999992 0.0088419999999999992 0.164051 0.18867099999999995 0.16116900000000003 0.0098059999999999987 0.0093880000000000005 0.0083800000000000003 0.001727 0.0016430000000000001 0.0015969999999999999 6.6846507136418021 6.6846507136418021 6.6846507136418021 0.0030412265303903941 0.0030412265303903941 0.0030412265303903941 1 1 1 Converged Converged Converged OK OK OK 160 160 160 160 160 160 8 8 8 0 0 0 0 1 0 0 1
87 87 uniform 2 0 877 0 0.0001 0.55003536487386284 0.035732011122967547 0.13224070361538659 0.10582074977403323 -0.10591102685567935 0.079372609050955917 0 -0.060396783678532462 9.7109734208609879 OK 15 14 0.54181999999999997 0.54352199999999995 0.25335299999999999 0.28627999999999998 0.29140700000000003 0 0.25553999999999999 0.25211499999999992 0.25335299999999999 0.014413 0.014298 0.014055 0.19333699999999995 0.18999699999999994 0.19194600000000006 0.0063670000000000003 0.0068390000000000005 0.0066700000000000006 0.0018860000000000001 0.0017619999999999999 0.0017930000000000001 9.7109744901481978 9.7109744901481978 9.7109744901481978 0.0009199001113649654 0.0009199001113649654 0.0009199001113649654 1 1 1 Converged Converged Converged OK OK OK 134 134 134 134 134 134 10 10 10 0 0 0 0 0 1 0 0
87 87 uniform 2 7 877 1 0.0001 0.55003536487386284 0.035732011122967547 0.13224070361538659 0.10582074977403323 -0.10591102685567935 0.095471477317176895 0 -0.07649565194475344 8.5303009909341672 OK 15 14 0.47790300000000002 0.417103 0.23236100000000001 0.246776 0.16930500000000001 0 0.23112700000000003 0.24779799999999999 0.23236100000000001 0.012174000000000001 0.012853 0.011871 0.17568800000000009 0.18940699999999999 0.17637499999999989 0.0072390000000000006 0.0085059999999999997 0.0076179999999999989 0.0018360000000000002 0.0021310000000000001 0.0019849999999999998 8.5303013431068191 8.5303013431068191 8.5303013431068191 0.00071548551947572781 0.00071548551947572781 0.00071548551947572781 1 1 1 Converged Converged Converged OK OK OK 158 158 158 158 158 158 10 10 10 0 0 0 0 1 0 0 1
87 87 uniform 2 15 877 2 0.0001 0.55003536487386284 0.035732011122967547 0.13224070361538659 0.10582074977403323 -0.10591102685567935 0.11387018390714372 0 -0.094894358534720266 7.4991531511015941 OK 15 14 0.51166999999999996 0.443025 0.24701000000000001 0.25462200000000001 0.177819 0 0.25704799999999994 0.265206 0.24701000000000001 0.012812 0.012807000000000001 0.011266999999999999 0.19556399999999988 0.20234600000000005 0.18944200000000008 0.0090180000000000017 0.0098990000000000033 0.008431000000000001 0.0020119999999999999 0.002124 0.0019779999999999997 7.4991507845423815 7.4991507845423815 7.4991507845423815 0.00034825651397541021 0.00034825651397541021 0.00034825651397541021 1 1 1 Converged Converged Converged OK OK OK 174 174 174 174 174 174 10 10 10 0 0 0 0 1 0 0 1
87 87 uniform 2 23 877 3 0.0001 0.55003536487386284 0.035732011122967547 0.13224070361538659 0.10582074977403323 -0.10591102685567935 0.13226889049711055 0 -0.11329306512468709 6.6846449122011045 OK 14 13 0.55855900000000003 0.52778000000000003 0.31956800000000002 0.232436 0.15062500000000001 0 0.32612300000000005 0.37715500000000002 0.31956800000000002 0.0096819999999999996 0.0097940000000000006 0.0090130000000000002 0.24037699999999995 0.29132499999999972 0.23769800000000008 0.022996000000000003 0.022893999999999998 0.020894999999999997 0.0021949999999999999 0.0022769999999999999 0.0021849999999999999 6.6846434959510441 6.6846434959510441 6.6846434959510441 0.0002695435259264059 0.0002695435259264059 0.0002695435259264059 1 1 1 Converged Converged Converged OK OK OK 272 272 272 272 272 272 8 8 8 0 0 0 0 1 0 0 1
87 87 uniform 3 0 878 0 0.001 0.55003536487386284 0.035732011122967547 0.13224070361538659 1.3069867589469297 0.42069874415067515 1.2805386182238525 0 -1.261562792851429 1.1682527587168214 OK 12 11 0.31981199999999999 0.316359 0.095892000000000005 0.22048699999999999 0.223939 0 0.099324999999999997 0.092420000000000002 0.095892000000000005 0.0094140000000000005 0.0092519999999999998 0.0091780000000000004 0.065278000000000003 0.063938999999999996 0.06730899999999998 0.0032260000000000001 0.0027060000000000001 0.0025949999999999997 0.00072499999999999995 0.00071200000000000007 0.00067299999999999999 1.1682529945905666 1.1682529945905666 1.1682529945905666 0.00092663711800942039 0.00092663711800942039 0.00092663711800942039 1 1 1 Converged Converged Converged OK OK OK 59 59 59 59 59 59 5 5 5 0 0 0 0 0 1 0 0
87 87 uniform 3 7 878 1 0.001 0.55003536487386284 0.035732011122967547 0.13224070361538659 1.3069867589469297 0.42069874415067515 1.2966374864900734 0 -1.2776616611176499 1.1617382791459119 OK 12 11 0.31562699999999999 0.22317899999999999 0.090457999999999997 0.222609 0.123777 0 0.09301799999999999 0.09940199999999999 0.090457999999999997 0.0085100000000000002 0.0085280000000000009 0.0078709999999999995 0.067920000000000008 0.07501099999999998 0.067156999999999994 0.0028459999999999996 0.0026120000000000002 0.0026199999999999999 0.00076300000000000001 0.00068100000000000007 0.0006510000000000001 1.1617373696581419 1.1617373696581419 1.1617373696581419 0.0010790694649541524 0.0010790694649541524 0.0010790694649541524 1 1 1 Converged Converged Converged OK OK OK 59 59 59 59 59 59 5 5 5 0 0 0 0 1 0 0 1
87 87 uniform 3 15 878 2 0.001 0.55003536487386284 0.035732011122967547 0.13224070361538659 1.3069867589469297 0.42069874415067515 1.3150361930800403 0 -1.2960603677076168 1.1549001677040978 OK 12 11 0.30372199999999999 0.213724 0.083368999999999999 0.217672 0.122303 0 0.086049999999999988 0.091421000000000002 0.083368999999999999 0.0084720000000000004 0.0098449999999999996 0.0078259999999999996 0.060199000000000016 0.064233999999999999 0.059439000000000013 0.0028679999999999999 0.0028660000000000001 0.0027209999999999999 0.00078000000000000009 0.00076699999999999989 0.00069799999999999984 1.1549010029447686 1.1549010029447686 1.1549010029447686 0.00056060847122250046 0.00056060847122250046 0.00056060847122250046 1 1 1 Converged Converged Converged OK OK OK 59 59 59 59 59 59 5 5 5 0 0 0 0 1 0 0 1
87 87 uniform 3 23 878 3 0.001 0.55003536487386284 0.035732011122967547 0.13224070361538659 1.3069867589469297 0.42069874415067515 1.3334348996700069 0 -1.3144590742975835 1.1485803286126448 OK 12 11 0.310888 0.220198 0.088272000000000003 0.220888 0.12471500000000001 0 0.089999999999999997 0.095482999999999998 0.088272000000000003 0.0084899999999999993 0.0085299999999999994 0.0078609999999999999 0.064396000000000009 0.070186999999999999 0.064157999999999993 0.0027780000000000001 0.0028040000000000001 0.0026650000000000003 0.00077799999999999994 0.00077999999999999999 0.00071400000000000001 1.1485803205337421 1.1485803205337421 1.1485803205337421 0.00039088896055967026 0.00039088896055967026 0.00039088896055967026 1 1 1 Converged Converged Converged OK OK OK 59 59 59 59 59 59 5 5 5 0 0 0 0 1 0 0 1
87 87 uniform 3 0 878 0 0.0001 0.55003536487386284 0.035732011122967547 0.13224070361538659 1.3069867589469297 0.42069874415067515 1.2805386182238525 0 -1.261562792851429 1.1682527587168214 OK 12 11 0.33845599999999998 0.33780399999999999 0.11684700000000001 0.21940100000000001 0.21890899999999999 0 0.11905499999999997 0.118895 0.11684700000000001 0.0094649999999999995 0.00992 0.0089049999999999997 0.080499000000000015 0.080077999999999996 0.079583999999999988 0.0041180000000000001 0.004020000000000001 0.0039870000000000001 0.0010070000000000001 0.00092899999999999992 0.00097800000000000014 1.1682534489874528 1.1682534489874528 1.1682534489874528 7.8438509397336809e-05 7.8438509397336809e-05 7.8438509397336809e-05 1 1 1 Converged Converged Converged OK OK OK 83 83 83 83 83 83 5 5 5 0 0 0 0 0 1 0 0
87 87 uniform 3 7 878 1 0.0001 0.55003536487386284 0.035732011122967547 0.13224070361538659 1.3069867589469297 0.42069874415067515 1.2966374864900734 0 -1.2776616611176499 1.1617382791459119 OK 12 11 0.334171 0.25090899999999999 0.11360199999999999 0.218665 0.12571399999999999 0 0.115506 0.125195 0.11360199999999999 0.0084720000000000004 0.0084919999999999995 0.0078499999999999993 0.083441000000000001 0.093377000000000029 0.082836000000000007 0.0039319999999999997 0.0038929999999999998 0.0038429999999999996 0.00088699999999999998 0.00096899999999999992 0.00091799999999999998 1.1617382932149729 1.1617382932149729 1.1617382932149729 3.5382375171663445e-05 3.5382375171663445e-05 3.5382375171663445e-05 1 1 1 Converged Converged Converged OK OK OK 83 83 83 83 83 83 5 5 5 0 0 0 0 1 0 0 1
87 87 uniform 3 15 878 2 0.0001 0.55003536487386284 0.035732011122967547 0.13224070361538659 1.3069867589469297 0.42069874415067515 1.3150361930800403 0 -1.2960603677076168 1.1549001677040978 OK 12 11 0.33092899999999997 0.247026 0.109209 0.219442 0.12629699999999999 0 0.11148699999999998 0.120729 0.109209 0.0085450000000000005 0.0085570000000000004 0.0077929999999999996 0.079216000000000036 0.089202000000000004 0.078616999999999979 0.0039350000000000001 0.003771 0.0038820000000000005 0.001054 0.0010020000000000001 0.0009369999999999999 1.154900133930584 1.154900133930584 1.154900133930584 2.8019046279471843e-05 2.8019046279471843e-05 2.8019046279471843e-05 1 1 1 Converged Converged Converged OK OK OK 83 83 83 83 83 83 5 5 5 0 0 0 0 1 0 0 1
87 87 uniform 3 23 878 3 0.0001 0.55003536487386284 0.035732011122967547 0.13224070361538659 1.3069867589469297 0.42069874415067515 1.3334348996700069 0 -1.3144590742975835 1.1485803286126448 OK 12 11 0.32696199999999997 0.24185200000000001 0.103293 0.22199199999999999 0.12385500000000001 0 0.10496999999999998 0.117997 0.103293 0.0085470000000000008 0.0085730000000000008 0.0078320000000000004 0.074858000000000008 0.086722999999999995 0.074396000000000018 0.0034820000000000003 0.0040769999999999999 0.0035080000000000003 0.0008299999999999999 0.00098200000000000002 0.00080900000000000004 1.1485803205888274 1.1485803205888274 1.1485803205888274 4.7109670936206989e-05 4.7109670936206989e-05 4.7109670936206989e-05 1 1 1 Converged Converged Converged OK OK OK 75 75 75 75 75 75 5 5 5 0 0 0 0 1 0 0 1
87 87 uniform 4 0 879 0 0.001 0.55003536487386284 0.035732011122967547 0.13224070361538659 1.3184906539056485 -0.37259470756218216 1.2920425131825712 0 -1.2730666878101478 1.1475364832811903 OK 12 11 0.31746400000000002 0.33361400000000002 0.084260000000000002 0.232182 0.245897 0 0.085282000000000024 0.087717000000000017 0.084260000000000002 0.0097260000000000003 0.0099389999999999999 0.0092849999999999999 0.054893000000000004 0.056570000000000023 0.054578999999999996 0.0028660000000000001 0.003042 0.002856 0.00073099999999999999 0.00080999999999999996 0.00085099999999999998 1.1475375729530652 1.1475375729530652 1.1475375729530652 0.00069449773736768251 0.00069449773736768251 0.00069449773736768251 1 1 1 Converged Converged Converged OK OK OK 59 59 59 59 59 59 5 5 5 0 0 0 0 0 1 0 0
87 87 uniform 4 7 879 1 0.001 0.55003536487386284 0.035732011122967547 0.13224070361538659 1.3184906539056485 -0.37259470756218216 1.3081413814487921 0 -1.2891655560763686 1.1430082205758076 OK 12 11 0.298925 0.219754 0.077576999999999993 0.22001499999999999 0.12939600000000001 0 0.078910000000000008 0.090357999999999994 0.077576999999999993 0.0085140000000000007 0.0087819999999999999 0.0078829999999999994 0.05366000000000002 0.064486000000000002 0.053438000000000006 0.0027040000000000002 0.002797 0.0026899999999999997 0.00066700000000000006 0.00079999999999999993 0.00071699999999999997 1.1430082288187586 1.1430082288187586 1.1430082288187586 0.00040814604288442037 0.00040814604288442037 0.00040814604288442037 1 1 1 Converged Converged Converged OK OK OK 59 59 59 59 59 59 5 5 5 0 0 0 0 1 0 0 1
87 87 uniform 4 15 879 2 0.001 0.55003536487386284 0.035732011122967547 0.13224070361538659 1.3184906539056485 -0.37259470756218216 1.326540088038759 0 -1.3075642626663355 1.1381423663525407 OK 12 11 0.30752800000000002 0.22109200000000001 0.079671000000000006 0.22657099999999999 0.132435 0 0.080957000000000029 0.088657000000000014 0.079671000000000006 0.0084349999999999998 0.0085220000000000001 0.0078519999999999996 0.055910999999999995 0.063215999999999994 0.055784999999999987 0.0026329999999999999 0.0028049999999999998 0.002614 0.00067699999999999998 0.00068400000000000004 0.00067999999999999994 1.1381423641846724 1.1381423641846724 1.1381423641846724 0.00039881349146420823 0.00039881349146420823 0.00039881349146420823 1 1 1 Converged Converged Converged OK OK OK 59 59 59 59 59 59 5 5 5 0 0 0 0 1 0 0 1
87 87 uniform 4 23 879 3 0.001 0.55003536487386284 0.035732011122967547 0.13224070361538659 1.3184906539056485 -0.37259470756218216 1.3449387946287257 0 -1.3259629692563022 1.133548574001491 OK 12 11 0.30575799999999997 0.19942799999999999 0.071534 0.230211 0.12296799999999999 0 0.075546999999999975 0.07646 0.071534 0.0085929999999999999 0.008711 0.0078209999999999998 0.051650000000000001 0.053433000000000022 0.050120999999999985 0.0025119999999999999 0.0022660000000000002 0.0020939999999999999 0.00069399999999999996 0.00067700000000000008 0.000571 1.1335483521387744 1.1335483521387744 1.1335483521387744 0.0008219527460164276 0.0008219527460164276 0.0008219527460164276 1 1 1 Converged Converged Converged OK OK OK 51 51 51 51 51 51 5 5 5 0 0 0 0 1 0 0 1
87 87 uniform 4 0 879 0 0.0001 0.55003536487386284 0.035732011122967547 0.13224070361538659 1.3184906539056485 -0.37259470756218216 1.2920425131825712 0 -1.2730666878101478 1.1475364832811903 OK 12 11 0.34923599999999999 0.34896700000000003 0.11347599999999999 0.235461 0.232709 0 0.11377499999999999 0.11625800000000003 0.11347599999999999 0.0095729999999999999 0.0097529999999999995 0.0092569999999999996 0.074849000000000041 0.074598999999999999 0.074819999999999984 0.004143 0.007306 0.0045139999999999998 0.0010219999999999999 0.00093199999999999999 0.0011129999999999998 1.1475364744264502 1.1475364744264502 1.1475364744264502 8.1487800933650038e-06 8.1487800933650038e-06 8.1487800933650038e-06 1 1 1 Converged Converged Converged OK OK OK 83 83 83 83 83 83 5 5 5 0 0 0 0 0 1 0 0
87 87 uniform 4 7 879 1 0.0001 0.55003536487386284 0.035732011122967547 0.13224070361538659 1.3184906539056485 -0.37259470756218216 1.3081413814487921 0 -1.2891655560763686 1.1430082205758076 OK 12 11 0.31554300000000002 0.230654 0.096851000000000007 0.21995100000000001 0.120708 0 0.09559200000000001 0.109946 0.096851000000000007 0.0084759999999999992 0.0086160000000000004 0.0078560000000000001 0.065380000000000021 0.079499000000000014 0.06462100000000004 0.003666 0.0036930000000000001 0.0035339999999999994 0.00086900000000000009 0.00082700000000000004 0.00076599999999999997 1.1430082289383816 1.1430082289383816 1.1430082289383816 6.789586831074305e-05 6.789586831074305e-05 6.789586831074305e-05 1 1 1 Converged Converged Converged OK OK OK 75 75 75 75 75 75 5 5 5 0 0 0 0 1 0 0 1
87 87 uniform 4 15 879 2 0.0001 0.55003536487386284 0.035732011122967547 0.13224070361538659 1.3184906539056485 -0.37259470756218216 1.326540088038759 0 -1.3075642626663355 1.1381423663525407 OK 12 11 0.31468699999999999 0.23566400000000001 0.096405000000000005 0.21693399999999999 0.122895 0 0.097753000000000007 0.11276900000000001 0.096405000000000005 0.0084759999999999992 0.0086529999999999992 0.0078230000000000001 0.067896999999999985 0.082550000000000012 0.06751699999999998 0.00348 0.003627 0.0035339999999999998 0.00081700000000000002 0.00082699999999999994 0.00082100000000000001 1.1381423642951976 1.1381423642951976 1.1381423642951976 5.8003674320346055e-05 5.8003674320346055e-05 5.8003674320346055e-05 1 1 1 Converged Converged Converged OK OK OK 75 75 75 75 75 75 5 5 5 0 0 0 0 1 0 0 1
87 87 uniform 4 23 879 3 0.0001 0.55003536487386284 0.035732011122967547 0.13224070361538659 1.3184906539056485 -0.37259470756218216 1.3449387946287257 0 -1.3259629692563022 1.133548574001491 OK 12 11 0.32319500000000001 0.24909700000000001 0.10585700000000001 0.21599299999999999 0.12859899999999999 0 0.10720200000000002 0.12049800000000002 0.10585700000000001 0.0085920000000000007 0.0087080000000000005 0.0078530000000000006 0.075440999999999966 0.086659999999999987 0.075341000000000033 0.0038180000000000002 0.0049509999999999997 0.0037389999999999997 0.001039 0.001157 0.001062 1.1335485661906384 1.1335485661906384 1.1335485661906384 2.4378905755823709e-05 2.4378905755823709e-05 2.4378905755823709e-05 1 1 1 Converged Converged Converged OK OK OK 83 83 83 83 83 83 5 5 5 0 0 0 0 1 0 0 1
88 88 linear 0 0 880 0 0.001 3.3507502431243217 0.0088607234299780662 0.0033401688516595551 0.027706176713222525 0.0012453226816715761 0.027038142942890614 0.5 0.0023911633010025024 590.52360448852312 OK 14 13 0.82034799999999997 0.81662900000000005 0.27428399999999997 0.53986999999999996 0.54073599999999999 0 0.28047800000000001 0.27589300000000005 0.27428399999999997 0.0074209999999999996 0.0076550000000000003 0.007358 0.23808799999999997 0.23324799999999998 0.23219500000000001 0.0047430000000000007 0.005025 0.0048729999999999997 0.0011119999999999999 0.0011970000000000001 0.0011360000000000001 590.51863297349746 590.51863297349746 590.51863297349746 0.52503842195050598 0.52503842195050598 0.52503842195050598 1 1 1 Converged Converged Converged OK OK OK 112 112 112 112 112 112 8 8 8 0 0 0 0 0 1 0 0
88 88 linear 0 7 880 1 0.001 3.3507502431243217 0.0088607234299780662 0.0033401688516595551 0.027706176713222525 0.0012453226816715761 0.027444772194396994 0.5 0.0019845340494961221 582.68660838676146 OK 14 13 0.81272299999999997 0.79256499999999996 0.27567799999999998 0.52895099999999995 0.37659700000000002 0 0.28377200000000002 0.41596799999999995 0.27567799999999998 0.0069769999999999997 0.0069969999999999997 0.0064250000000000002 0.24687100000000015 0.37841300000000022 0.24027700000000005 0.005020000000000001 0.0053509999999999999 0.0053709999999999999 0.001421 0.0014579999999999999 0.0013990000000000001 582.6950636191267 582.6950636191267 582.6950636191267 0.4586147697622443 0.4586147697622443 0.4586147697622443 1 1 1 Converged Converged Converged OK OK OK 119 119 119 119 119 119 9 9 9 0 0 0 0 1 0 0 1
88 88 linear 0 15 880 2 0.001 3.3507502431243217 0.0088607234299780662 0.0033401688516595551 0.027706176713222525 0.0012453226816715761 0.027909491338975717 0.5 0.0015198149049173992 564.71859397008177 OK 14 13 0.78839300000000001 0.77331099999999997 0.27488499999999999 0.50083900000000003 0.36418200000000001 0 0.28755399999999998 0.40912899999999996 0.27488499999999999 0.0065250000000000004 0.0065300000000000002 0.0058989999999999997 0.25328500000000004 0.37507900000000005 0.242476 0.0049050000000000005 0.0048189999999999995 0.0047530000000000003 0.0014029999999999997 0.001364 0.0013730000000000001 564.71931733631732 564.71931733631732 564.71931733631732 0.097985998983778688 0.097985998983778688 0.097985998983778688 1 1 1 Converged Converged Converged OK OK OK 119 119 119 119 119 119 9 9 9 0 0 0 0 1 0 0 1
88 88 linear 0 23 880 3 0.001 3.3507502431243217 0.0088607234299780662 0.0033401688516595551 0.027706176713222525 0.0012453226816715761 0.028374210483554436 0.5 0.0010550957603386799 536.42245620474671 OK 14 13 0.85916499999999996 0.86955300000000002 0.27372600000000002 0.57203599999999999 0.44009799999999999 0 0.28712899999999997 0.42945500000000003 0.27372600000000002 0.0064710000000000002 0.0067039999999999999 0.0060920000000000002 0.25368400000000002 0.39278299999999999 0.24165200000000001 0.0047089999999999996 0.00677 0.0047120000000000009 0.0013030000000000001 0.0014729999999999999 0.001286 536.42842452177649 536.42842452177649 536.42842452177649 0.23534721371115525 0.23534721371115525 0.23534721371115525 1 1 1 Converged Converged Converged OK OK OK 119 119 119 119 119 119 9 9 9 0 0 0 0 1 0 0 1
88 88 linear 0 0 880 0 0.0001 3.3507502431243217 0.0088607234299780662 0.0033401688516595551 0.027706176713222525 0.0012453226816715761 0.027038142942890614 0.5 0.0023911633010025024 590.52360448852312 OK 14 13 0.84101199999999998 0.83720099999999997 0.29186099999999998 0.53538399999999997 0.54226300000000005 0 0.30562800000000001 0.29493799999999992 0.29186099999999998 0.0074689999999999999 0.0075519999999999997 0.0070959999999999999 0.25764200000000009 0.24800300000000008 0.24659299999999992 0.0062880000000000011 0.0056089999999999994 0.005104 0.001338 0.0014169999999999999 0.001268 590.5196715819668 590.5196715819668 590.5196715819668 0.02916861328365529 0.02916861328365529 0.02916861328365529 1 1 1 Converged Converged Converged OK OK OK 120 120 120 120 120 120 8 8 8 0 0 0 0 0 1 0 0
88 88 linear 0 7 880 1 0.0001 3.3507502431243217 0.0088607234299780662 0.0033401688516595551 0.027706176713222525 0.0012453226816715761 0.027444772194396994 0.5 0.0019845340494961221 582.68660838676146 OK 14 13 0.83493200000000001 0.86909000000000003 0.30024200000000001 0.51944999999999997 0.37895800000000002 0 0.31548200000000004 0.49013200000000001 0.30024200000000001 0.0069870000000000002 0.0070369999999999999 0.006319 0.27403799999999989 0.4493720000000001 0.26182199999999983 0.0065339999999999999 0.0061050000000000011 0.0057000000000000002 0.0016689999999999999 0.0016950000000000001 0.001464 582.69642352379526 582.69642352379526 582.69642352379526 0.030102740831845543 0.030102740831845543 0.030102740831845543 1 1 1 Converged Converged Converged OK OK OK 135 135 135 135 135 135 9 9 9 0 0 0 0 1 0 0 1
88 88 linear 0 15 880 2 0.0001 3.3507502431243217 0.0088607234299780662 0.0033401688516595551 0.027706176713222525 0.0012453226816715761 0.027909491338975717 0.5 0.0015198149049173992 564.71859397008177 OK 14 13 0.81641300000000006 0.82078799999999996 0.30796400000000002 0.50187400000000004 0.36284100000000002 0 0.31453900000000001 0.45794699999999994 0.30796400000000002 0.0066090000000000003 0.0066 0.0059550000000000002 0.27597900000000009 0.41954200000000014 0.27199599999999985 0.0061589999999999995 0.0060129999999999992 0.0055109999999999994 0.0016739999999999999 0.0016180000000000001 0.001536 564.71954156453 564.71954156453 564.71954156453 0.035921764339924236 0.035921764339924236 0.035921764339924236 1 1 1 Converged Converged Converged OK OK OK 135 135 135 135 135 135 9 9 9 0 0 0 0 1 0 0 1
88 88 linear 0 23 880 3 0.0001 3.3507502431243217 0.0088607234299780662 0.0033401688516595551 0.027706176713222525 0.0012453226816715761 0.028374210483554436 0.5 0.0010550957603386799 536.42245620474671 OK 14 13 0.89107800000000004 0.91464800000000002 0.303533 0.57704900000000003 0.43726700000000002 0 0.314029 0.477381 0.303533 0.0065779999999999996 0.0065160000000000001 0.0058900000000000003 0.27522000000000008 0.43454500000000018 0.26793899999999987 0.0063619999999999996 0.0058909999999999995 0.0054549999999999998 0.00174 0.0017099999999999999 0.0015630000000000002 536.42929206209237 536.42929206209237 536.42929206209237 0.022670118631601753 0.022670118631601753 0.022670118631601753 1 1 1 Converged Converged Converged OK OK OK 135 135 135 135 135 135 9 9 9 0 0 0 0 1 0 0 1
88 88 linear 1 0 881 0 0.001 3.3507502431243217 0.0088607234299780662 0.0033401688516595551 -3.0182139296903516 0.0072258131418432466 -3.0188819634606836 0.5 3.0483112697045769 9.7252688919250652 OK 14 13 0.46526099999999998 0.45801999999999998 0.13680700000000001 0.32187500000000002 0.32038699999999998 0 0.14338599999999996 0.13763300000000001 0.13680700000000001 0.011986 0.012067 0.011428000000000001 0.10161099999999995 0.099092999999999945 0.098976999999999968 0.0035000000000000001 0.0033120000000000003 0.003522 0.000861 0.00081700000000000002 0.00085099999999999998 9.7252755389033929 9.7252755389033929 9.7252755389033929 0.007427868359667418 0.007427868359667418 0.007427868359667418 1 1 1 Converged Converged Converged OK OK OK 81 81 81 81 81 81 7 7 7 0 0 0 0 0 1 0 0
88 88 linear 1 7 881 1 0.001 3.3507502431243217 0.0088607234299780662 0.0033401688516595551 -3.0182139296903516 0.0072258131418432466 -3.0184753342091772 0.5 3.0479046404530705 8.9390154889644151 OK 14 13 0.52248899999999998 0.39653300000000002 0.130277 0.38810699999999998 0.25278899999999999 0 0.134382 0.14374400000000004 0.130277 0.01102 0.011048000000000001 0.010369 0.10321999999999996 0.11295799999999996 0.10020800000000003 0.0033669999999999998 0.0034069999999999999 0.0035379999999999999 0.00077200000000000012 0.00080299999999999989 0.00078399999999999997 8.9390357117094261 8.9390357117094261 8.9390357117094261 0.007366100927390218 0.007366100927390218 0.007366100927390218 1 1 1 Converged Converged Converged OK OK OK 81 81 81 81 81 81 7 7 7 0 0 0 0 1 0 0 1
88 88 linear 1 15 881 2 0.001 3.3507502431243217 0.0088607234299780662 0.0033401688516595551 -3.0182139296903516 0.0072258131418432466 -3.0180106150645982 0.5 3.0474399213084915 8.0317932514275565 OK 14 13 0.46086300000000002 0.34227400000000002 0.13373099999999999 0.32166499999999998 0.18773999999999999 0 0.13919800000000004 0.15453400000000003 0.13373099999999999 0.011037999999999999 0.011117999999999999 0.010314 0.10726799999999995 0.12327200000000006 0.10393300000000004 0.003774 0.0036249999999999998 0.0034549999999999997 0.00083500000000000002 0.00083900000000000012 0.00075999999999999993 8.0318216857428197 8.0318216857428197 8.0318216857428197 0.0073147372769145451 0.0073147372769145451 0.0073147372769145451 1 1 1 Converged Converged Converged OK OK OK 81 81 81 81 81 81 7 7 7 0 0 0 0 1 0 0 1
88 88 linear 1 23 881 3 0.001 3.3507502431243217 0.0088607234299780662 0.0033401688516595551 -3.0182139296903516 0.0072258131418432466 -3.0175458959200196 0.5 3.0469752021639129 7.1263686702654709 OK 14 13 0.58035099999999995 0.46934100000000001 0.14955099999999999 0.42613000000000001 0.29643799999999998 0 0.15422099999999994 0.17290300000000003 0.14955099999999999 0.010956 0.011183 0.010323000000000001 0.11857299999999998 0.13644399999999998 0.11543399999999997 0.0040330000000000001 0.0046149999999999993 0.0039789999999999999 0.00086400000000000008 0.000941 0.00084599999999999996 7.1263967788946019 7.1263967788946019 7.1263967788946019 0.0063876298448194086 0.0063876298448194086 0.0063876298448194086 1 1 1 Converged Converged Converged OK OK OK 89 89 89 89 89 89 7 7 7 0 0 0 0 1 0 0 1
88 88 linear 1 0 881 0 0.0001 3.3507502431243217 0.0088607234299780662 0.0033401688516595551 -3.0182139296903516 0.0072258131418432466 -3.0188819634606836 0.5 3.0483112697045769 9.7252688919250652 OK 14 13 0.52510999999999997 0.52451599999999998 0.20218800000000001 0.31665100000000002 0.31673299999999999 0 0.20845899999999995 0.207783 0.20218800000000001 0.011827000000000001 0.011998 0.011401 0.15220800000000004 0.15189499999999995 0.147505 0.0061060000000000012 0.0055849999999999997 0.0056340000000000001 0.0012590000000000001 0.0013180000000000002 0.0012820000000000002 9.7252822355033235 9.7252822355033235 9.7252822355033235 7.3642687789552102e-05 7.3642687789552102e-05 7.3642687789552102e-05 1 1 1 Converged Converged Converged OK OK OK 121 121 121 121 121 121 7 7 7 0 0 0 0 0 1 0 0
88 88 linear 1 7 881 1 0.0001 3.3507502431243217 0.0088607234299780662 0.0033401688516595551 -3.0182139296903516 0.0072258131418432466 -3.0184753342091772 0.5 3.0479046404530705 8.9390154889644151 OK 14 13 0.58808000000000005 0.471858 0.18898200000000001 0.39239800000000002 0.25186599999999998 0 0.19568200000000002 0.21999200000000002 0.18898200000000001 0.011159000000000001 0.01111 0.010444999999999999 0.15115599999999996 0.17644700000000008 0.146951 0.0061330000000000004 0.0057069999999999994 0.0055539999999999999 0.0013269999999999998 0.0012439999999999999 0.001253 8.9390424110218891 8.9390424110218891 8.9390424110218891 4.7169861463510561e-05 4.7169861463510561e-05 4.7169861463510561e-05 1 1 1 Converged Converged Converged OK OK OK 121 121 121 121 121 121 7 7 7 0 0 0 0 1 0 0 1
88 88 linear 1 15 881 2 0.0001 3.3507502431243217 0.0088607234299780662 0.0033401688516595551 -3.0182139296903516 0.0072258131418432466 -3.0180106150645982 0.5 3.0474399213084915 8.0317932514275565 OK 14 13 0.51946099999999995 0.41100599999999998 0.196322 0.32168000000000002 0.18632599999999999 0 0.19778099999999993 0.22467999999999999 0.196322 0.01116 0.011115 0.010312 0.15322900000000003 0.18094699999999994 0.15433599999999997 0.0060739999999999995 0.0057669999999999996 0.0055120000000000013 0.001346 0.0013239999999999999 0.0012280000000000001 8.0318283882717534 8.0318283882717534 8.0318283882717534 3.4137096069754286e-05 3.4137096069754286e-05 3.4137096069754286e-05 1 1 1 Converged Converged Converged OK OK OK 121 121 121 121 121 121 7 7 7 0 0 0 0 1 0 0 1
88 88 linear 1 23 881 3 0.0001 3.3507502431243217 0.0088607234299780662 0.0033401688516595551 -3.0182139296903516 0.0072258131418432466 -3.0175458959200196 0.5 3.0469752021639129 7.1263686702654709 OK 14 13 0.63488299999999998 0.52480300000000002 0.19709299999999999 0.43035099999999998 0.29693399999999998 0 0.20453199999999999 0.22786900000000004 0.19709299999999999 0.011072 0.011032999999999999 0.010326 0.16038600000000006 0.18432699999999999 0.15530399999999994 0.005860999999999999 0.0056340000000000001 0.0054580000000000002 0.0014030000000000002 0.0014019999999999998 0.0013160000000000003 7.1264035444695741 7.1264035444695741 7.1264035444695741 3.5521325232650619e-05 3.5521325232650619e-05 3.5521325232650619e-05 1 1 1 Converged Converged Converged OK OK OK 121 121 121 121 121 121 7 7 7 0 0 0 0 1 0 0 1
88 88 linear 2 0 882 0 0.001 3.3507502431243217 0.0088607234299780662 0.0033401688516595551 -3.02899276742622 -0.014550034875440206 -3.029660801196552 0.5 3.0590901074404453 5.0972491480967577 OK 13 12 0.43201000000000001 0.42243900000000001 0.091606000000000007 0.33535799999999999 0.32895600000000003 0 0.096652000000000016 0.093482999999999983 0.091606000000000007 0.010536 0.0096659999999999992 0.0092669999999999992 0.066687999999999997 0.064504000000000006 0.063543999999999989 0.0029490000000000002 0.0032119999999999996 0.0029760000000000003 0.00071100000000000004 0.00064700000000000001 0.00063400000000000001 5.0972387572348694 5.0972387572348694 5.0972387572348694 0.0041514404913715781 0.0041514404913715781 0.0041514404913715781 1 1 1 Converged Converged Converged OK OK OK 53 53 53 53 53 53 3 3 3 0 0 0 0 0 1 0 0
88 88 linear 2 7 882 1 0.001 3.3507502431243217 0.0088607234299780662 0.0033401688516595551 -3.02899276742622 -0.014550034875440206 -3.0292541719450456 0.5 3.0586834781889389 5.7358001812491946 OK 14 13 0.52982899999999999 0.42897999999999997 0.13497200000000001 0.38325100000000001 0.27291300000000002 0 0.14657799999999999 0.15606699999999996 0.13497200000000001 0.011649 0.011407 0.010702 0.11062499999999999 0.12089900000000001 0.10152699999999998 0.0041329999999999995 0.0042339999999999999 0.0039420000000000002 0.000892 0.00096900000000000003 0.00084599999999999996 5.7357865443413871 5.7357865443413871 5.7357865443413871 0.005243789569976425 0.005243789569976425 0.005243789569976425 1 1 1 Converged Converged Converged OK OK OK 75 75 75 75 75 75 5 5 5 0 0 0 0 1 0 0 1
88 88 linear 2 15 882 2 0.001 3.3507502431243217 0.0088607234299780662 0.0033401688516595551 -3.02899276742622 -0.014550034875440206 -3.0287894528004666 0.5 3.0582187590443599 8.3631075801443657 OK 14 13 0.83364300000000002 0.72214299999999998 0.180307 0.64878599999999997 0.522984 0 0.18485700000000005 0.19915899999999997 0.180307 0.0111 0.011305000000000001 0.010364999999999999 0.148619 0.16196799999999997 0.14541799999999991 0.0042469999999999999 0.004614 0.0042749999999999993 0.00087199999999999995 0.00092900000000000014 0.00088800000000000001 8.3625106635641124 8.3625106635641124 8.3625106635641124 0.0079964065466938163 0.0079964065466938163 0.0079964065466938163 1 1 1 Converged Converged Converged OK OK OK 82 82 82 82 82 82 6 6 6 0 0 0 0 1 0 0 1
88 88 linear 2 23 882 3 0.001 3.3507502431243217 0.0088607234299780662 0.0033401688516595551 -3.02899276742622 -0.014550034875440206 -3.0283247336558881 0.5 3.0577540398997813 10.654683749586001 OK 14 13 0.55885899999999999 0.43553399999999998 0.201629 0.35486400000000001 0.221216 0 0.20399499999999998 0.21431799999999998 0.201629 0.011285 0.011398999999999999 0.010461 0.16956699999999997 0.17993000000000001 0.16900200000000004 0.0044929999999999996 0.0044289999999999998 0.0041279999999999997 0.00096900000000000003 0.0010059999999999999 0.00098999999999999999 10.654726783464042 10.654726783464042 10.654726783464042 0.0075561989173739208 0.0075561989173739208 0.0075561989173739208 1 1 1 Converged Converged Converged OK OK OK 82 82 82 82 82 82 6 6 6 0 0 0 0 1 0 0 1
88 88 linear 2 0 882 0 0.0001 3.3507502431243217 0.0088607234299780662 0.0033401688516595551 -3.02899276742622 -0.014550034875440206 -3.029660801196552 0.5 3.0590901074404453 5.0972491480967577 OK 13 12 0.46407399999999999 0.46229599999999998 0.12812899999999999 0.33171899999999999 0.33365499999999998 0 0.132355 0.12864100000000001 0.12812899999999999 0.0098420000000000001 0.0096179999999999998 0.0093419999999999996 0.093529000000000015 0.091131999999999963 0.090965000000000018 0.0043609999999999994 0.0041850000000000004 0.0042030000000000001 0.00097400000000000004 0.00093199999999999989 0.00092400000000000013 5.0972453762509788 5.0972453762509788 5.0972453762509788 1.3496235980099662e-05 1.3496235980099662e-05 1.3496235980099662e-05 1 1 1 Converged Converged Converged OK OK OK 77 77 77 77 77 77 3 3 3 0 0 0 0 0 1 0 0
88 88 linear 2 7 882 1 0.0001 3.3507502431243217 0.0088607234299780662 0.0033401688516595551 -3.02899276742622 -0.014550034875440206 -3.0292541719450456 0.5 3.0586834781889389 5.7358001812491946 OK 14 13 0.57972299999999999 0.521227 0.196161 0.37927899999999998 0.27086700000000002 0 0.20044400000000001 0.25035999999999997 0.196161 0.011440000000000001 0.01268 0.010867 0.15236699999999992 0.20019100000000001 0.14906700000000001 0.0061969999999999994 0.0063700000000000007 0.006398 0.0012999999999999999 0.001274 0.0013190000000000001 5.7357744042601952 5.7357744042601952 5.7357744042601952 5.1520039023869349e-05 5.1520039023869349e-05 5.1520039023869349e-05 1 1 1 Converged Converged Converged OK OK OK 115 115 115 115 115 115 5 5 5 0 0 0 0 1 0 0 1
88 88 linear 2 15 882 2 0.0001 3.3507502431243217 0.0088607234299780662 0.0033401688516595551 -3.02899276742622 -0.014550034875440206 -3.0287894528004666 0.5 3.0582187590443599 8.3631075801443657 OK 14 13 0.91668400000000005 0.81549499999999997 0.25703599999999999 0.65254500000000004 0.52201900000000001 0 0.26413900000000001 0.29347599999999996 0.25703599999999999 0.011413 0.011244000000000001 0.010475 0.21070300000000006 0.24050200000000008 0.20581799999999995 0.0076749999999999995 0.0076259999999999991 0.0073569999999999998 0.0014730000000000001 0.0015659999999999999 0.0014499999999999999 8.3631170659083853 8.3631170659083853 8.3631170659083853 0.00077505601355072086 0.00077505601355072086 0.00077505601355072086 1 1 1 Converged Converged Converged OK OK OK 130 130 130 130 130 130 6 6 6 0 0 0 0 1 0 0 1
88 88 linear 2 23 882 3 0.0001 3.3507502431243217 0.0088607234299780662 0.0033401688516595551 -3.02899276742622 -0.014550034875440206 -3.0283247336558881 0.5 3.0577540398997813 10.654683749586001 OK 14 13 0.62206099999999998 0.50999300000000003 0.25367499999999998 0.35724800000000001 0.22579199999999999 0 0.26481299999999997 0.28420100000000004 0.25367499999999998 0.011226 0.01132 0.010485 0.21735199999999993 0.23751300000000017 0.20853700000000008 0.0068340000000000007 0.0066290000000000003 0.0063909999999999991 0.0014849999999999998 0.0014949999999999996 0.0015080000000000002 10.65473353152484 10.65473353152484 10.65473353152484 0.00019983078283962205 0.00019983078283962205 0.00019983078283962205 1 1 1 Converged Converged Converged OK OK OK 122 122 122 122 122 122 6 6 6 0 0 0 0 1 0 0 1
88 88 linear 3 0 883 0 0.001 3.3507502431243217 0.0088607234299780662 0.0033401688516595551 -3.0180007966898348 0.011975034646619292 -3.0186688304601668 0.5 3.04809813670406 4.1087199069715945 OK 13 12 0.43464399999999997 0.43801400000000001 0.11912499999999999 0.31195099999999998 0.31687100000000001 0 0.122693 0.121143 0.11912499999999999 0.0091339999999999998 0.0091590000000000005 0.0085859999999999999 0.089030000000000012 0.08714100000000001 0.086441999999999991 0.0037600000000000003 0.0038239999999999997 0.0036480000000000002 0.00077200000000000001 0.00084800000000000001 0.00076300000000000001 4.1087107626517954 4.1087107626517954 4.1087107626517954 0.0011470157466331797 0.0011470157466331797 0.0011470157466331797 1 1 1 Converged Converged Converged OK OK OK 69 69 69 69 69 69 3 3 3 0 0 0 0 0 1 0 0
88 88 linear 3 7 883 1 0.001 3.3507502431243217 0.0088607234299780662 0.0033401688516595551 -3.0180007966898348 0.011975034646619292 -3.0182622012086604 0.5 3.0476915074525537 4.0437993922476005 OK 13 12 0.43547799999999998 0.31626300000000002 0.117954 0.31383 0.18035499999999999 0 0.12164799999999998 0.13590800000000003 0.117954 0.008404 0.0081779999999999995 0.0077390000000000002 0.091489999999999974 0.10591700000000001 0.089175999999999978 0.0036770000000000001 0.0037730000000000003 0.0036379999999999997 0.00081299999999999992 0.00081900000000000007 0.00073400000000000006 4.0437903000300066 4.0437903000300066 4.0437903000300066 0.0011475300740630778 0.0011475300740630778 0.0011475300740630778 1 1 1 Converged Converged Converged OK OK OK 69 69 69 69 69 69 3 3 3 0 0 0 0 1 0 0 1
88 88 linear 3 15 883 2 0.001 3.3507502431243217 0.0088607234299780662 0.0033401688516595551 -3.0180007966898348 0.011975034646619292 -3.0177974820640814 0.5 3.0472267883079747 3.9761307693707306 OK 13 12 0.42382900000000001 0.318938 0.11351799999999999 0.30698900000000001 0.18029400000000001 0 0.11684 0.13864399999999999 0.11351799999999999 0.0082050000000000005 0.0082749999999999994 0.0076649999999999999 0.087247000000000005 0.10919700000000004 0.084927000000000002 0.0035729999999999998 0.0035659999999999997 0.0035739999999999999 0.00071000000000000002 0.00069200000000000002 0.00065800000000000006 3.9761217270780338 3.9761217270780338 3.9761217270780338 0.0011481186925218188 0.0011481186925218188 0.0011481186925218188 1 1 1 Converged Converged Converged OK OK OK 69 69 69 69 69 69 3 3 3 0 0 0 0 1 0 0 1
88 88 linear 3 23 883 3 0.001 3.3507502431243217 0.0088607234299780662 0.0033401688516595551 -3.0180007966898348 0.011975034646619292 -3.0173327629195028 0.5 3.0467620691633961 3.9145093033617862 OK 13 12 0.42710399999999998 0.31072100000000002 0.110704 0.31198900000000002 0.178427 0 0.11511499999999997 0.13229400000000002 0.110704 0.0082249999999999997 0.008234 0.0076880000000000004 0.084574999999999984 0.10260200000000001 0.08223500000000003 0.0039329999999999999 0.0037010000000000003 0.0035900000000000003 0.00068400000000000004 0.00069700000000000003 0.00065200000000000002 3.9145003789196151 3.9145003789196151 3.9145003789196151 0.0011487083008629444 0.0011487083008629444 0.0011487083008629444 1 1 1 Converged Converged Converged OK OK OK 69 69 69 69 69 69 3 3 3 0 0 0 0 1 0 0 1
88 88 linear 3 0 883 0 0.0001 3.3507502431243217 0.0088607234299780662 0.0033401688516595551 -3.0180007966898348 0.011975034646619292 -3.0186688304601668 0.5 3.04809813670406 4.1087199069715945 OK 13 12 0.45032699999999998 0.44486700000000001 0.13291600000000001 0.31418400000000002 0.310728 0 0.13614299999999996 0.13413900000000001 0.13291600000000001 0.0089040000000000005 0.0090539999999999995 0.0088850000000000005 0.09925299999999998 0.097288999999999945 0.096509999999999999 0.0040420000000000005 0.0040180000000000007 0.0039969999999999997 0.00087799999999999998 0.00090400000000000007 0.00086200000000000003 4.1087174667489617 4.1087174667489617 4.1087174667489617 1.3431073518748205e-05 1.3431073518748205e-05 1.3431073518748205e-05 1 1 1 Converged Converged Converged OK OK OK 77 77 77 77 77 77 3 3 3 0 0 0 0 0 1 0 0
88 88 linear 3 7 883 1 0.0001 3.3507502431243217 0.0088607234299780662 0.0033401688516595551 -3.0180007966898348 0.011975034646619292 -3.0182622012086604 0.5 3.0476915074525537 4.0437993922476005 OK 13 12 0.45049899999999998 0.33810000000000001 0.130687 0.31196499999999999 0.180702 0 0.13853399999999999 0.15739800000000001 0.130687 0.0081740000000000007 0.0082990000000000008 0.0076670000000000002 0.10634700000000002 0.12436199999999997 0.099618999999999971 0.0040809999999999996 0.0044940000000000006 0.0040160000000000005 0.00090299999999999994 0.00088699999999999998 0.00088099999999999995 4.0437970071480667 4.0437970071480667 4.0437970071480667 1.3434602119268084e-05 1.3434602119268084e-05 1.3434602119268084e-05 1 1 1 Converged Converged Converged OK OK OK 77 77 77 77 77 77 3 3 3 0 0 0 0 1 0 0 1
88 88 linear 3 15 883 2 0.0001 3.3507502431243217 0.0088607234299780662 0.0033401688516595551 -3.0180007966898348 0.011975034646619292 -3.0177974820640814 0.5 3.0472267883079747 3.9761307693707306 OK 13 12 0.43663000000000002 0.33613199999999999 0.13045799999999999 0.30658999999999997 0.18018500000000001 0 0.13004000000000004 0.15594699999999997 0.13045799999999999 0.0082100000000000003 0.0083309999999999999 0.0077039999999999999 0.097688000000000025 0.12340399999999997 0.09944600000000002 0.0040010000000000002 0.0041180000000000001 0.0039300000000000003 0.000794 0.00088699999999999998 0.00077700000000000013 3.9761284376505857 3.9761284376505857 3.9761284376505857 1.3439107927458946e-05 1.3439107927458946e-05 1.3439107927458946e-05 1 1 1 Converged Converged Converged OK OK OK 77 77 77 77 77 77 3 3 3 0 0 0 0 1 0 0 1
88 88 linear 3 23 883 3 0.0001 3.3507502431243217 0.0088607234299780662 0.0033401688516595551 -3.0180007966898348 0.011975034646619292 -3.0173327629195028 0.5 3.0467620691633961 3.9145093033617862 OK 13 12 0.44137999999999999 0.32782 0.12374 0.31383899999999998 0.17859900000000001 0 0.12754100000000002 0.14922099999999999 0.12374 0.0082249999999999997 0.0081939999999999999 0.0077320000000000002 0.095145000000000007 0.11724499999999997 0.092681000000000027 0.0040359999999999997 0.0041180000000000001 0.0040559999999999997 0.00081700000000000002 0.00077800000000000005 0.0007670000000000001 3.9145070929487749 3.9145070929487749 3.9145070929487749 1.3444237745006738e-05 1.3444237745006738e-05 1.3444237745006738e-05 1 1 1 Converged Converged Converged OK OK OK 77 77 77 77 77 77 3 3 3 0 0 0 0 1 0 0 1
88 88 linear 4 0 884 0 0.001 3.3507502431243217 0.0088607234299780662 0.0033401688516595551 -3.006698555254983 0.0065517747489934348 -3.007366589025315 0.5 3.0367958952692082 4.1147287989336556 OK 13 12 0.41775400000000001 0.41580400000000001 0.11383 0.30534499999999998 0.30582100000000001 0 0.11240900000000004 0.109983 0.11383 0.0091529999999999997 0.0089350000000000002 0.0086400000000000001 0.084548999999999999 0.082833999999999977 0.087106999999999948 0.0027420000000000001 0.0027169999999999998 0.0026740000000000002 0.000553 0.00055800000000000001 0.00056000000000000006 4.1147194563729368 4.1147194563729368 4.1147194563729368 0.0029008320918161826 0.0029008320918161826 0.0029008320918161826 1 1 1 Converged Converged Converged OK OK OK 53 53 53 53 53 53 3 3 3 0 0 0 0 0 1 0 0
88 88 linear 4 7 884 1 0.001 3.3507502431243217 0.0088607234299780662 0.0033401688516595551 -3.006698555254983 0.0065517747489934348 -3.0069599597738086 0.5 3.0363892660177019 4.1233780617899951 OK 13 12 0.55804100000000001 0.44432500000000003 0.103703 0.45125900000000002 0.31948900000000002 0 0.10678199999999999 0.124836 0.103703 0.0082869999999999992 0.0083339999999999994 0.0077159999999999998 0.081801999999999986 0.10027499999999998 0.080122000000000027 0.0027260000000000001 0.0027620000000000001 0.0027239999999999999 0.000562 0.00057300000000000005 0.000553 4.1233687203052503 4.1233687203052503 4.1233687203052503 0.0028751171560442157 0.0028751171560442157 0.0028751171560442157 1 1 1 Converged Converged Converged OK OK OK 53 53 53 53 53 53 3 3 3 0 0 0 0 1 0 0 1
88 88 linear 4 15 884 2 0.001 3.3507502431243217 0.0088607234299780662 0.0033401688516595551 -3.006698555254983 0.0065517747489934348 -3.0064952406292296 0.5 3.0359245468731229 4.1332656924516664 OK 13 12 0.43181000000000003 0.31155699999999997 0.10367 0.32511000000000001 0.19128700000000001 0 0.10670000000000002 0.12026999999999996 0.10367 0.0082520000000000007 0.0082730000000000008 0.0076480000000000003 0.082038999999999945 0.095568999999999987 0.080016999999999991 0.0026900000000000001 0.002764 0.002679 0.00055199999999999997 0.00053799999999999996 0.00053399999999999997 4.1332563484807521 4.1332563484807521 4.1332563484807521 0.0028464100844661413 0.0028464100844661413 0.0028464100844661413 1 1 1 Converged Converged Converged OK OK OK 53 53 53 53 53 53 3 3 3 0 0 0 0 1 0 0 1
88 88 linear 4 23 884 3 0.001 3.3507502431243217 0.0088607234299780662 0.0033401688516595551 -3.006698555254983 0.0065517747489934348 -3.006030521484651 0.5 3.0354598277285443 4.1429328086653676 OK 13 12 0.51465700000000003 0.38944099999999998 0.100145 0.41123500000000002 0.27527299999999999 0 0.10342200000000001 0.11416799999999999 0.100145 0.0081770000000000002 0.0081790000000000005 0.0076210000000000002 0.078872000000000025 0.089420999999999987 0.076681000000000013 0.0027330000000000002 0.002774 0.0026839999999999998 0.00059000000000000003 0.00058699999999999996 0.00053499999999999999 4.1429233911679875 4.1429233911679875 4.1429233911679875 0.0028184090742822145 0.0028184090742822145 0.0028184090742822145 1 1 1 Converged Converged Converged OK OK OK 53 53 53 53 53 53 3 3 3 0 0 0 0 1 0 0 1
88 88 linear 4 0 884 0 0.0001 3.3507502431243217 0.0088607234299780662 0.0033401688516595551 -3.006698555254983 0.0065517747489934348 -3.007366589025315 0.5 3.0367958952692082 4.1147287989336556 OK 13 12 0.47411999999999999 0.46916600000000003 0.16436300000000001 0.30567899999999998 0.30526799999999998 0 0.16844100000000001 0.16389800000000004 0.16436300000000001 0.0089949999999999995 0.0090679999999999997 0.0086049999999999998 0.13100299999999998 0.12723200000000007 0.12787200000000004 0.0043429999999999996 0.0040269999999999993 0.0042100000000000002 0.00085599999999999999 0.000812 0.00079100000000000004 4.1147262439144612 4.1147262439144612 4.1147262439144612 1.363777655772509e-05 1.363777655772509e-05 1.363777655772509e-05 1 1 1 Converged Converged Converged OK OK OK 77 77 77 77 77 77 3 3 3 0 0 0 0 0 1 0 0
88 88 linear 4 7 884 1 0.0001 3.3507502431243217 0.0088607234299780662 0.0033401688516595551 -3.006698555254983 0.0065517747489934348 -3.0069599597738086 0.5 3.0363892660177019 4.1233780617899951 OK 13 12 0.61402599999999996 0.50704199999999999 0.15995899999999999 0.44609599999999999 0.31874400000000003 0 0.16792999999999997 0.18829799999999997 0.15995899999999999 0.0083049999999999999 0.0082480000000000001 0.0076249999999999998 0.135325 0.15608799999999998 0.12886999999999998 0.0042639999999999996 0.0042430000000000002 0.004052 0.00080800000000000002 0.00080300000000000011 0.00080300000000000011 4.1233755109872661 4.1233755109872661 4.1233755109872661 1.3649451382102397e-05 1.3649451382102397e-05 1.3649451382102397e-05 1 1 1 Converged Converged Converged OK OK OK 77 77 77 77 77 77 3 3 3 0 0 0 0 1 0 0 1
88 88 linear 4 15 884 2 0.0001 3.3507502431243217 0.0088607234299780662 0.0033401688516595551 -3.006698555254983 0.0065517747489934348 -3.0064952406292296 0.5 3.0359245468731229 4.1332656924516664 OK 13 12 0.49105900000000002 0.37779699999999999 0.16348199999999999 0.32555800000000001 0.19097 0 0.16550100000000001 0.18682699999999999 0.16348199999999999 0.0082749999999999994 0.0083180000000000007 0.0077140000000000004 0.13311100000000006 0.15450900000000004 0.12992300000000001 0.0042009999999999999 0.0041860000000000005 0.0040639999999999999 0.00079999999999999993 0.00078899999999999999 0.00079599999999999994 4.1332631427499065 4.1332631427499065 4.1332631427499065 1.3663934097882824e-05 1.3663934097882824e-05 1.3663934097882824e-05 1 1 1 Converged Converged Converged OK OK OK 77 77 77 77 77 77 3 3 3 0 0 0 0 1 0 0 1
88 88 linear 4 23 884 3 0.0001 3.3507502431243217 0.0088607234299780662 0.0033401688516595551 -3.006698555254983 0.0065517747489934348 -3.006030521484651 0.5 3.0354598277285443 4.1429328086653676 OK 13 12 0.57347000000000004 0.46048099999999997 0.15884000000000001 0.40985700000000003 0.27500200000000002 0 0.16361300000000001 0.18547899999999995 0.15884000000000001 0.0081630000000000001 0.0082780000000000006 0.0076410000000000002 0.13156700000000005 0.153007 0.12781500000000001 0.0040460000000000001 0.0042009999999999999 0.00415 0.00080599999999999997 0.00079699999999999997 0.00078300000000000006 4.1429301890223496 4.1429301890223496 4.1429301890223496 1.3679725699190155e-05 1.3679725699190155e-05 1.3679725699190155e-05 1 1 1 Converged Converged Converged OK OK OK 77 77 77 77 77 77 3 3 3 0 0 0 0 1 0 0 1
88 88 uniform 0 0 885 0 0.001 3.3507502431243217 0.0088607234299780662 0.0033401688516595551 0.027706176713222525 0.0012453226816715761 0.027038142942890614 0 0.0023911633010025024 563.61932725853296 OK 14 13 0.75931400000000004 0.75276699999999996 0.21155199999999999 0.541489 0.53939099999999995 0 0.21782500000000005 0.21337600000000001 0.21155199999999999 0.0080569999999999999 0.0078189999999999996 0.0075339999999999999 0.17435699999999987 0.17007199999999989 0.16985800000000001 0.0045329999999999997 0.0053810000000000004 0.0046670000000000001 0.001183 0.001238 0.0011690000000000001 563.61917666199145 563.61917666199145 563.61917666199145 0.41450618291087471 0.41450618291087471 0.41450618291087471 1 1 1 Converged Converged Converged OK OK OK 112 112 112 112 112 112 8 8 8 0 0 0 0 0 1 0 0
88 88 uniform 0 7 885 1 0.001 3.3507502431243217 0.0088607234299780662 0.0033401688516595551 0.027706176713222525 0.0012453226816715761 0.027444772194396994 0 0.0019845340494961221 557.96637603594229 OK 14 13 0.73877599999999999 0.77621200000000001 0.213668 0.52181500000000003 0.37980399999999997 0 0.21696099999999996 0.39640800000000004 0.213668 0.0070619999999999997 0.0068789999999999997 0.0063600000000000002 0.17912500000000009 0.35852600000000001 0.17845800000000001 0.0056290000000000003 0.0059610000000000002 0.0049010000000000008 0.0014060000000000001 0.001407 0.0013140000000000001 557.96624066725099 557.96624066725099 557.96624066725099 0.41879620350006491 0.41879620350006491 0.41879620350006491 1 1 1 Converged Converged Converged OK OK OK 127 127 127 127 127 127 9 9 9 0 0 0 0 1 0 0 1
88 88 uniform 0 15 885 2 0.001 3.3507502431243217 0.0088607234299780662 0.0033401688516595551 0.027706176713222525 0.0012453226816715761 0.027909491338975717 0 0.0015198149049173992 544.93750868021652 OK 14 13 0.70345800000000003 0.69098099999999996 0.19459699999999999 0.50704499999999997 0.36502600000000002 0 0.19641300000000006 0.32595499999999994 0.19459699999999999 0.0063460000000000001 0.0065989999999999998 0.0058339999999999998 0.16541300000000009 0.29438500000000006 0.16513400000000006 0.0040499999999999998 0.0044380000000000001 0.0039850000000000007 0.001129 0.0011690000000000001 0.0011150000000000001 544.93737250592358 544.93737250592358 544.93737250592358 0.50666031583324356 0.50666031583324356 0.50666031583324356 1 1 1 Converged Converged Converged OK OK OK 111 111 111 111 111 111 9 9 9 0 0 0 0 1 0 0 1
88 88 uniform 0 23 885 3 0.001 3.3507502431243217 0.0088607234299780662 0.0033401688516595551 0.027706176713222525 0.0012453226816715761 0.028374210483554436 0 0.0010550957603386799 523.77752703491353 OK 14 13 0.78762200000000004 0.79359500000000005 0.208893 0.57306900000000005 0.43719799999999998 0 0.21455299999999999 0.35639700000000007 0.208893 0.0064440000000000001 0.0064390000000000003 0.0059800000000000001 0.180975 0.32223100000000005 0.17671500000000001 0.0046819999999999995 0.0052430000000000003 0.0045389999999999996 0.001395 0.001402 0.0014270000000000001 523.77733625226506 523.77733625226506 523.77733625226506 0.24793931875265793 0.24793931875265793 0.24793931875265793 1 1 1 Converged Converged Converged OK OK OK 119 119 119 119 119 119 9 9 9 0 0 0 0 1 0 0 1
88 88 uniform 0 0 885 0 0.0001 3.3507502431243217 0.0088607234299780662 0.0033401688516595551 0.027706176713222525 0.0012453226816715761 0.027038142942890614 0 0.0023911633010025024 563.61932725853296 OK 14 13 0.759293 0.75711499999999998 0.221358 0.53759199999999996 0.534999 0 0.22170100000000004 0.22211599999999998 0.221358 0.0078799999999999999 0.0076099999999999996 0.007443 0.17551900000000004 0.17582999999999996 0.17488800000000004 0.0048110000000000002 0.0049540000000000001 0.0049310000000000005 0.0012470000000000001 0.0012670000000000001 0.0012829999999999999 563.61930576649524 563.61930576649524 563.61930576649524 0.018498195451602979 0.018498195451602979 0.018498195451602979 1 1 1 Converged Converged Converged OK OK OK 120 120 120 120 120 120 8 8 8 0 0 0 0 0 1 0 0
88 88 uniform 0 7 885 1 0.0001 3.3507502431243217 0.0088607234299780662 0.0033401688516595551 0.027706176713222525 0.0012453226816715761 0.027444772194396994 0 0.0019845340494961221 557.96637603594229 OK 14 13 0.75028700000000004 0.78466800000000003 0.22527 0.52435900000000002 0.37567600000000001 0 0.22592800000000002 0.40899200000000002 0.22527 0.0068669999999999998 0.0068869999999999999 0.0062509999999999996 0.18523000000000001 0.36749900000000013 0.184476 0.0053040000000000006 0.0054610000000000006 0.00528 0.0015 0.001511 0.001508 557.96636970771294 557.96636970771294 557.96636970771294 0.022984524310889952 0.022984524310889952 0.022984524310889952 1 1 1 Converged Converged Converged OK OK OK 135 135 135 135 135 135 9 9 9 0 0 0 0 1 0 0 1
88 88 uniform 0 15 885 2 0.0001 3.3507502431243217 0.0088607234299780662 0.0033401688516595551 0.027706176713222525 0.0012453226816715761 0.027909491338975717 0 0.0015198149049173992 544.93750868021652 OK 14 13 0.73190699999999997 0.74014599999999997 0.223526 0.50591399999999997 0.36168299999999998 0 0.225993 0.37846299999999999 0.223526 0.0063850000000000001 0.006515 0.0058100000000000001 0.18942199999999998 0.34091699999999991 0.1880980000000001 0.0051310000000000001 0.0055240000000000003 0.0051599999999999997 0.001493 0.0015659999999999999 0.0015249999999999999 544.93752115182826 544.93752115182826 544.93752115182826 0.030564386684688239 0.030564386684688239 0.030564386684688239 1 1 1 Converged Converged Converged OK OK OK 135 135 135 135 135 135 9 9 9 0 0 0 0 1 0 0 1
88 88 uniform 0 23 885 3 0.0001 3.3507502431243217 0.0088607234299780662 0.0033401688516595551 0.027706176713222525 0.0012453226816715761 0.028374210483554436 0 0.0010550957603386799 523.77752703491353 OK 14 13 0.80331600000000003 0.83795699999999995 0.230653 0.57234300000000005 0.43938500000000003 0 0.23097299999999998 0.39857199999999993 0.230653 0.0064250000000000002 0.0064380000000000001 0.0058199999999999997 0.19444700000000001 0.36096900000000021 0.19540599999999994 0.0052939999999999992 0.005692 0.0052420000000000001 0.0014920000000000001 0.0015820000000000001 0.0015240000000000002 523.77759685019657 523.77759685019657 523.77759685019657 0.017131971857708615 0.017131971857708615 0.017131971857708615 1 1 1 Converged Converged Converged OK OK OK 135 135 135 135 135 135 9 9 9 0 0 0 0 1 0 0 1
88 88 uniform 1 0 886 0 0.001 3.3507502431243217 0.0088607234299780662 0.0033401688516595551 -3.0182139296903516 0.0072258131418432466 -3.0188819634606836 0 3.0483112697045769 9.8682209507597296 OK 14 13 0.43732199999999999 0.43505300000000002 0.11666799999999999 0.31988499999999997 0.31793300000000002 0 0.11743700000000001 0.11712 0.11666799999999999 0.011868999999999999 0.011854 0.011533 0.079174000000000036 0.079672000000000021 0.078935999999999978 0.0032859999999999999 0.0031159999999999994 0.0031210000000000005 0.00081000000000000006 0.00081099999999999998 0.00080400000000000003 9.868219534282856 9.868219534282856 9.868219534282856 0.0026725293001246676 0.0026725293001246676 0.0026725293001246676 1 1 1 Converged Converged Converged OK OK OK 81 81 81 81 81 81 7 7 7 0 0 0 0 0 1 0 0
88 88 uniform 1 7 886 1 0.001 3.3507502431243217 0.0088607234299780662 0.0033401688516595551 -3.0182139296903516 0.0072258131418432466 -3.0184753342091772 0 3.0479046404530705 9.1573751709152074 OK 14 13 0.49388599999999999 0.37018499999999999 0.101175 0.39103399999999999 0.25009799999999999 0 0.102852 0.120087 0.101175 0.01103 0.010902 0.010307999999999999 0.07405699999999997 0.085538999999999976 0.073569000000000023 0.0028310000000000002 0.0087070000000000012 0.0027799999999999999 0.00064400000000000004 0.0006420000000000001 0.00063299999999999999 9.1573730850115798 9.1573730850115798 9.1573730850115798 0.008547060422227493 0.008547060422227493 0.008547060422227493 1 1 1 Converged Converged Converged OK OK OK 73 73 73 73 73 73 7 7 7 0 0 0 0 1 0 0 1
88 88 uniform 1 15 886 2 0.001 3.3507502431243217 0.0088607234299780662 0.0033401688516595551 -3.0182139296903516 0.0072258131418432466 -3.0180106150645982 0 3.0474399213084915 8.320913268996021 OK 14 13 0.42778699999999997 0.30707000000000001 0.10478999999999999 0.32112299999999999 0.18629699999999999 0 0.10666399999999998 0.12077300000000002 0.10478999999999999 0.010921999999999999 0.010984000000000001 0.010326999999999999 0.078061000000000019 0.092005000000000031 0.077392999999999976 0.0028549999999999999 0.0029510000000000001 0.002745 0.00063199999999999997 0.00066200000000000005 0.00062699999999999995 8.3209115799205957 8.3209115799205957 8.3209115799205957 0.005876295490151685 0.005876295490151685 0.005876295490151685 1 1 1 Converged Converged Converged OK OK OK 73 73 73 73 73 73 7 7 7 0 0 0 0 1 0 0 1
88 88 uniform 1 23 886 3 0.001 3.3507502431243217 0.0088607234299780662 0.0033401688516595551 -3.0182139296903516 0.0072258131418432466 -3.0175458959200196 0 3.0469752021639129 7.4606278716146148 OK 14 13 0.53770899999999999 0.41328599999999999 0.105639 0.42990499999999998 0.295323 0 0.10780400000000001 0.11796299999999998 0.105639 0.01106 0.011072 0.010330000000000001 0.079011000000000012 0.089389999999999956 0.077950000000000005 0.0028020000000000007 0.0028180000000000002 0.0027829999999999999 0.00073700000000000002 0.00071400000000000001 0.00074800000000000008 7.4606264502545478 7.4606264502545478 7.4606264502545478 0.0040114025083255369 0.0040114025083255369 0.0040114025083255369 1 1 1 Converged Converged Converged OK OK OK 73 73 73 73 73 73 7 7 7 0 0 0 0 1 0 0 1
88 88 uniform 1 0 886 0 0.0001 3.3507502431243217 0.0088607234299780662 0.0033401688516595551 -3.0182139296903516 0.0072258131418432466 -3.0188819634606836 0 3.0483112697045769 9.8682209507597296 OK 14 13 0.46681699999999998 0.47234300000000001 0.14657000000000001 0.31543700000000002 0.31893500000000002 0 0.15137999999999996 0.15340799999999999 0.14657000000000001 0.011743999999999999 0.016704 0.01141 0.10329400000000002 0.10018200000000001 0.099458000000000019 0.0044099999999999999 0.0046699999999999997 0.0044510000000000001 0.0011069999999999999 0.0011800000000000001 0.0011019999999999999 9.868220934559842 9.868220934559842 9.868220934559842 0.00077396869025179917 0.00077396869025179917 0.00077396869025179917 1 1 1 Converged Converged Converged OK OK OK 105 105 105 105 105 105 7 7 7 0 0 0 0 0 1 0 0
88 88 uniform 1 7 886 1 0.0001 3.3507502431243217 0.0088607234299780662 0.0033401688516595551 -3.0182139296903516 0.0072258131418432466 -3.0184753342091772 0 3.0479046404530705 9.1573751709152074 OK 14 13 0.52295000000000003 0.42103699999999999 0.13572100000000001 0.38620399999999999 0.25429000000000002 0 0.13674600000000003 0.16674699999999998 0.13572100000000001 0.011051 0.011115999999999999 0.010366 0.098863999999999952 0.12797200000000003 0.098725000000000007 0.004359 0.0045820000000000001 0.0043680000000000004 0.001059 0.001098 0.0010290000000000002 9.1573748047755128 9.1573748047755128 9.1573748047755128 0.00071293013551058622 0.00071293013551058622 0.00071293013551058622 1 1 1 Converged Converged Converged OK OK OK 105 105 105 105 105 105 7 7 7 0 0 0 0 1 0 0 1
88 88 uniform 1 15 886 2 0.0001 3.3507502431243217 0.0088607234299780662 0.0033401688516595551 -3.0182139296903516 0.0072258131418432466 -3.0180106150645982 0 3.0474399213084915 8.320913268996021 OK 14 13 0.46432200000000001 0.36361700000000002 0.13909199999999999 0.32370700000000002 0.19043499999999999 0 0.14061499999999999 0.17318200000000003 0.13909199999999999 0.010968 0.011058999999999999 0.010297000000000001 0.10283099999999999 0.13489099999999998 0.10234900000000004 0.004411 0.0045859999999999998 0.0045120000000000004 0.0010609999999999999 0.001059 0.001047 8.3209131518935795 8.3209131518935795 8.3209131518935795 0.00066626483623983439 0.00066626483623983439 0.00066626483623983439 1 1 1 Converged Converged Converged OK OK OK 105 105 105 105 105 105 7 7 7 0 0 0 0 1 0 0 1
88 88 uniform 1 23 886 3 0.0001 3.3507502431243217 0.0088607234299780662 0.0033401688516595551 -3.0182139296903516 0.0072258131418432466 -3.0175458959200196 0 3.0469752021639129 7.4606278716146148 OK 14 13 0.57549499999999998 0.471993 0.14386599999999999 0.42383999999999999 0.29258099999999998 0 0.15165499999999998 0.17941200000000002 0.14386599999999999 0.011018999999999999 0.011075 0.010312999999999999 0.11255199999999996 0.14125000000000004 0.10749300000000002 0.0047829999999999999 0.0046070000000000009 0.0043900000000000007 0.0012269999999999998 0.0011409999999999999 0.001126 7.4606278840850901 7.4606278840850901 7.4606278840850901 0.00063661420310269924 0.00063661420310269924 0.00063661420310269924 1 1 1 Converged Converged Converged OK OK OK 105 105 105 105 105 105 7 7 7 0 0 0 0 1 0 0 1
88 88 uniform 2 0 887 0 0.001 3.3507502431243217 0.0088607234299780662 0.0033401688516595551 -3.02899276742622 -0.014550034875440206 -3.029660801196552 0 3.0590901074404453 5.1292000273894995 OK 13 12 0.38938 0.391849 0.058628 0.32935799999999998 0.33201199999999997 0 0.06002200000000002 0.059837000000000029 0.058628 0.0095700000000000004 0.0096190000000000008 0.0090639999999999991 0.03699100000000001 0.036903999999999999 0.036663999999999988 0.001897 0.0019240000000000001 0.0018479999999999998 0.00052599999999999999 0.00057499999999999999 0.00051000000000000004 5.1291981763019034 5.1291981763019034 5.1291981763019034 0.0030718770214173416 0.0030718770214173416 0.0030718770214173416 1 1 1 Converged Converged Converged OK OK OK 37 37 37 37 37 37 3 3 3 0 0 0 0 0 1 0 0
88 88 uniform 2 7 887 1 0.001 3.3507502431243217 0.0088607234299780662 0.0033401688516595551 -3.02899276742622 -0.014550034875440206 -3.0292541719450456 0 3.0586834781889389 5.9249062496346889 OK 14 13 0.47249600000000003 0.37776500000000002 0.096378000000000005 0.374892 0.26663100000000001 0 0.097604000000000024 0.11113400000000001 0.096378000000000005 0.011311 0.011441 0.010735 0.068148999999999987 0.081288000000000027 0.068046999999999983 0.0026300000000000004 0.0027660000000000002 0.002748 0.00065499999999999998 0.00077000000000000007 0.00071099999999999994 5.9249360238160049 5.9249360238160049 5.9249360238160049 0.0048187510992698532 0.0048187510992698532 0.0048187510992698532 1 1 1 Converged Converged Converged OK OK OK 59 59 59 59 59 59 5 5 5 0 0 0 0 1 0 0 1
88 88 uniform 2 15 887 2 0.001 3.3507502431243217 0.0088607234299780662 0.0033401688516595551 -3.02899276742622 -0.014550034875440206 -3.0287894528004666 0 3.0582187590443599 9.0236267022050409 OK 14 13 0.77804899999999999 0.66579999999999995 0.128858 0.64732299999999998 0.52571000000000001 0 0.13072600000000001 0.14008999999999994 0.128858 0.011122 0.01119 0.010329 0.096935999999999967 0.10679900000000005 0.096612999999999935 0.0035979999999999996 0.0033890000000000001 0.0033549999999999999 0.00085199999999999989 0.0008209999999999999 0.00087199999999999995 9.0236349235865116 9.0236349235865116 9.0236349235865116 0.0058967134977357984 0.0058967134977357984 0.0058967134977357984 1 1 1 Converged Converged Converged OK OK OK 74 74 74 74 74 74 6 6 6 0 0 0 0 1 0 0 1
88 88 uniform 2 23 887 3 0.001 3.3507502431243217 0.0088607234299780662 0.0033401688516595551 -3.02899276742622 -0.014550034875440206 -3.0283247336558881 0 3.0577540398997813 11.184813179341598 OK 14 13 0.48364800000000002 0.369197 0.128327 0.35291400000000001 0.22427900000000001 0 0.13073400000000002 0.14491799999999999 0.128327 0.011188999999999999 0.011218000000000001 0.01035 0.098910999999999985 0.11352799999999999 0.09842300000000001 0.0034009999999999995 0.0034009999999999999 0.0032629999999999998 0.00081300000000000003 0.00085800000000000004 0.00081099999999999998 11.184791303909314 11.184791303909314 11.184791303909314 0.01100918578849132 0.01100918578849132 0.01100918578849132 1 1 1 Converged Converged Converged OK OK OK 74 74 74 74 74 74 6 6 6 0 0 0 0 1 0 0 1
88 88 uniform 2 0 887 0 0.0001 3.3507502431243217 0.0088607234299780662 0.0033401688516595551 -3.02899276742622 -0.014550034875440206 -3.029660801196552 0 3.0590901074404453 5.1292000273894995 OK 13 12 0.43735200000000002 0.43728800000000001 0.107709 0.32744400000000001 0.32780300000000001 0 0.10990800000000001 0.109485 0.107709 0.0095519999999999997 0.0093790000000000002 0.0090860000000000003 0.071559999999999971 0.07120199999999996 0.070551000000000003 0.0043420000000000004 0.0044949999999999999 0.0041419999999999998 0.00093099999999999997 0.0010039999999999999 0.00090199999999999992 5.1291994850068043 5.1291994850068043 5.1291994850068043 3.0642707801343338e-06 3.0642707801343338e-06 3.0642707801343338e-06 1 1 1 Converged Converged Converged OK OK OK 77 77 77 77 77 77 3 3 3 0 0 0 0 0 1 0 0
88 88 uniform 2 7 887 1 0.0001 3.3507502431243217 0.0088607234299780662 0.0033401688516595551 -3.02899276742622 -0.014550034875440206 -3.0292541719450456 0 3.0586834781889389 5.9249062496346889 OK 14 13 0.527895 0.45214199999999999 0.14610300000000001 0.375357 0.27312999999999998 0 0.15253800000000001 0.179012 0.14610300000000001 0.011317000000000001 0.011665999999999999 0.010659 0.10659999999999997 0.136877 0.10630099999999998 0.0049540000000000001 0.0053559999999999997 0.0050769999999999999 0.0011010000000000002 0.00117 0.001121 5.9249059128158734 5.9249059128158734 5.9249059128158734 0.00058097004328432945 0.00058097004328432945 0.00058097004328432945 1 1 1 Converged Converged Converged OK OK OK 99 99 99 99 99 99 5 5 5 0 0 0 0 1 0 0 1
88 88 uniform 2 15 887 2 0.0001 3.3507502431243217 0.0088607234299780662 0.0033401688516595551 -3.02899276742622 -0.014550034875440206 -3.0287894528004666 0 3.0582187590443599 9.0236267022050409 OK 14 13 0.83538400000000002 0.73520200000000002 0.18695600000000001 0.64576100000000003 0.52065899999999998 0 0.18962299999999999 0.21454300000000004 0.18695600000000001 0.01112 0.01133 0.010498 0.13975799999999999 0.16101000000000001 0.13875700000000005 0.0064750000000000007 0.0064479999999999997 0.0062880000000000002 0.0014139999999999999 0.005254 0.0014119999999999998 9.0236273950760282 9.0236273950760282 9.0236273950760282 0.00055948160897996955 0.00055948160897996955 0.00055948160897996955 1 1 1 Converged Converged Converged OK OK OK 122 122 122 122 122 122 6 6 6 0 0 0 0 1 0 0 1
88 88 uniform 2 23 887 3 0.0001 3.3507502431243217 0.0088607234299780662 0.0033401688516595551 -3.02899276742622 -0.014550034875440206 -3.0283247336558881 0 3.0577540398997813 11.184813179341598 OK 14 13 0.52602099999999996 0.41602899999999998 0.168179 0.358263 0.22364500000000001 0 0.16775799999999996 0.19238399999999997 0.168179 0.011142000000000001 0.011316 0.010381 0.12561100000000003 0.151173 0.12865100000000002 0.0059150000000000001 0.0054159999999999998 0.0050689999999999997 0.001268 0.0012949999999999999 0.0012150000000000002 11.184813086599695 11.184813086599695 11.184813086599695 0.00078503787834517864 0.00078503787834517864 0.00078503787834517864 1 1 1 Converged Converged Converged OK OK OK 106 106 106 106 106 106 6 6 6 0 0 0 0 1 0 0 1
88 88 uniform 3 0 888 0 0.001 3.3507502431243217 0.0088607234299780662 0.0033401688516595551 -3.0180007966898348 0.011975034646619292 -3.0186688304601668 0 3.04809813670406 4.1131443308259783 OK 13 12 0.37066199999999999 0.37241200000000002 0.057485000000000001 0.31182700000000002 0.31413999999999997 0 0.058834999999999971 0.058272000000000046 0.057485000000000001 0.0089110000000000005 0.0089510000000000006 0.0086739999999999994 0.036553000000000009 0.036492000000000004 0.036058999999999994 0.001756 0.001769 0.0017210000000000003 0.000531 0.00047599999999999997 0.00045300000000000006 4.113142937578643 4.113142937578643 4.113142937578643 0.0024576289225632028 0.0024576289225632028 0.0024576289225632028 1 1 1 Converged Converged Converged OK OK OK 37 37 37 37 37 37 3 3 3 0 0 0 0 0 1 0 0
88 88 uniform 3 7 888 1 0.001 3.3507502431243217 0.0088607234299780662 0.0033401688516595551 -3.0180007966898348 0.011975034646619292 -3.0182622012086604 0 3.0476915074525537 4.0477546893764718 OK 13 12 0.36926799999999999 0.24940000000000001 0.057514000000000003 0.31012299999999998 0.17951900000000001 0 0.059145000000000003 0.069880999999999999 0.057514000000000003 0.0083630000000000006 0.0082690000000000003 0.0076629999999999997 0.039188000000000008 0.050113000000000012 0.038800000000000008 0.0017490000000000001 0.001774 0.0017149999999999999 0.000495 0.00049299999999999995 0.00047100000000000001 4.0477532932616631 4.0477532932616631 4.0477532932616631 0.0024146035274814318 0.0024146035274814318 0.0024146035274814318 1 1 1 Converged Converged Converged OK OK OK 37 37 37 37 37 37 3 3 3 0 0 0 0 1 0 0 1
88 88 uniform 3 15 888 2 0.001 3.3507502431243217 0.0088607234299780662 0.0033401688516595551 -3.0180007966898348 0.011975034646619292 -3.0177974820640814 0 3.0472267883079747 3.9796542508113264 OK 13 12 0.36473699999999998 0.24745200000000001 0.054516000000000002 0.30857299999999999 0.180837 0 0.056163999999999992 0.066615000000000008 0.054516000000000002 0.0082360000000000003 0.0081960000000000002 0.007613 0.036398 0.047141000000000002 0.035924999999999992 0.0018129999999999999 0.0018339999999999999 0.0017519999999999999 0.00044099999999999999 0.00042099999999999999 0.00042500000000000003 3.9796528579442212 3.9796528579442212 3.9796528579442212 0.0023705990083245699 0.0023705990083245699 0.0023705990083245699 1 1 1 Converged Converged Converged OK OK OK 37 37 37 37 37 37 3 3 3 0 0 0 0 1 0 0 1
88 88 uniform 3 23 888 3 0.001 3.3507502431243217 0.0088607234299780662 0.0033401688516595551 -3.0180007966898348 0.011975034646619292 -3.0173327629195028 0 3.0467620691633961 3.9176864090491463 OK 13 12 0.36684499999999998 0.24282799999999999 0.053705000000000003 0.31140200000000001 0.17679500000000001 0 0.055442999999999965 0.066032999999999981 0.053705000000000003 0.0081679999999999999 0.0082109999999999995 0.0076109999999999997 0.035642 0.046450000000000005 0.035160999999999991 0.0017169999999999998 0.001853 0.0016920000000000001 0.00043899999999999994 0.00049200000000000003 0.00040999999999999999 3.9176850180397897 3.9176850180397897 3.9176850180397897 0.0023314008705235503 0.0023314008705235503 0.0023314008705235503 1 1 1 Converged Converged Converged OK OK OK 37 37 37 37 37 37 3 3 3 0 0 0 0 1 0 0 1
88 88 uniform 3 0 888 0 0.0001 3.3507502431243217 0.0088607234299780662 0.0033401688516595551 -3.0180007966898348 0.011975034646619292 -3.0186688304601668 0 3.04809813670406 4.1131443308259783 OK 13 12 0.42371500000000001 0.429257 0.11124199999999999 0.31120500000000001 0.316664 0 0.11251 0.112593 0.11124199999999999 0.0088050000000000003 0.0090189999999999992 0.0086809999999999995 0.076018000000000002 0.075672999999999976 0.075463999999999989 0.003869 0.0039499999999999995 0.0038170000000000001 0.00087299999999999997 0.00091500000000000001 0.00084400000000000002 4.1131443390746707 4.1131443390746707 4.1131443390746707 2.8172407083845718e-06 2.8172407083845718e-06 2.8172407083845718e-06 1 1 1 Converged Converged Converged OK OK OK 77 77 77 77 77 77 3 3 3 0 0 0 0 0 1 0 0
88 88 uniform 3 7 888 1 0.0001 3.3507502431243217 0.0088607234299780662 0.0033401688516595551 -3.0180007966898348 0.011975034646619292 -3.0182622012086604 0 3.0476915074525537 4.0477546893764718 OK 13 12 0.425373 0.31460500000000002 0.108863 0.31506600000000001 0.179621 0 0.11030699999999999 0.13498400000000002 0.108863 0.0081960000000000002 0.0081899999999999994 0.0077689999999999999 0.078406000000000003 0.102935 0.077802999999999997 0.0039399999999999999 0.0039410000000000001 0.003862 0.00080699999999999999 0.00082399999999999997 0.00083000000000000001 4.0477546946067262 4.0477546946067262 4.0477546946067262 2.8171816319470098e-06 2.8171816319470098e-06 2.8171816319470098e-06 1 1 1 Converged Converged Converged OK OK OK 77 77 77 77 77 77 3 3 3 0 0 0 0 1 0 0 1
88 88 uniform 3 15 888 2 0.0001 3.3507502431243217 0.0088607234299780662 0.0033401688516595551 -3.0180007966898348 0.011975034646619292 -3.0177974820640814 0 3.0472267883079747 3.9796542508113264 OK 13 12 0.415043 0.31880199999999997 0.104321 0.30801800000000001 0.179558 0 0.10702499999999998 0.13924399999999998 0.104321 0.0082369999999999995 0.0083239999999999998 0.0076540000000000002 0.074411999999999978 0.10707400000000002 0.073430000000000023 0.0041260000000000003 0.0039870000000000001 0.0038880000000000004 0.00081000000000000006 0.00075899999999999991 0.00074299999999999995 3.9796542593105642 3.9796542593105642 3.9796542593105642 2.8171336689698737e-06 2.8171336689698737e-06 2.8171336689698737e-06 1 1 1 Converged Converged Converged OK OK OK 77 77 77 77 77 77 3 3 3 0 0 0 0 1 0 0 1
88 88 uniform 3 23 888 3 0.0001 3.3507502431243217 0.0088607234299780662 0.0033401688516595551 -3.0180007966898348 0.011975034646619292 -3.0173327629195028 0 3.0467620691633961 3.9176864090491463 OK 13 12 0.41571599999999997 0.30640200000000001 0.10131900000000001 0.31212099999999998 0.178538 0 0.10359499999999999 0.12786400000000001 0.10131900000000001 0.0082869999999999992 0.0082109999999999995 0.0076189999999999999 0.07141900000000001 0.095697000000000032 0.070700000000000013 0.0039959999999999996 0.0040369999999999998 0.0037980000000000002 0.00075200000000000006 0.00078300000000000006 0.00073999999999999999 3.9176864195892951 3.9176864195892951 3.9176864195892951 2.8171882882588331e-06 2.8171882882588331e-06 2.8171882882588331e-06 1 1 1 Converged Converged Converged OK OK OK 77 77 77 77 77 77 3 3 3 0 0 0 0 1 0 0 1
88 88 uniform 4 0 889 0 0.001 3.3507502431243217 0.0088607234299780662 0.0033401688516595551 -3.006698555254983 0.0065517747489934348 -3.007366589025315 0 3.0367958952692082 4.1226493904055248 OK 13 12 0.38512999999999997 0.38434099999999999 0.075845999999999997 0.30814799999999998 0.304317 0 0.076981999999999995 0.080023999999999984 0.075845999999999997 0.0087810000000000006 0.0090060000000000001 0.0086300000000000005 0.055106000000000009 0.058166000000000002 0.054725999999999983 0.0018110000000000001 0.0018240000000000001 0.001748 0.00044099999999999999 0.00045100000000000001 0.000426 4.1226478336516816 4.1226478336516816 4.1226478336516816 0.0026583837799237756 0.0026583837799237756 0.0026583837799237756 1 1 1 Converged Converged Converged OK OK OK 37 37 37 37 37 37 3 3 3 0 0 0 0 0 1 0 0
88 88 uniform 4 7 889 1 0.001 3.3507502431243217 0.0088607234299780662 0.0033401688516595551 -3.006698555254983 0.0065517747489934348 -3.0069599597738086 0 3.0363892660177019 4.1315542654688899 OK 13 12 0.519899 0.40330100000000002 0.071416999999999994 0.44702500000000001 0.32100899999999999 0 0.072873999999999994 0.082292000000000032 0.071416999999999994 0.0082129999999999998 0.0082019999999999992 0.0076740000000000003 0.053270000000000012 0.062914000000000012 0.052812999999999992 0.001776 0.0017389999999999999 0.0017310000000000001 0.00045600000000000003 0.00043199999999999998 0.00041399999999999998 4.1315526998187666 4.1315526998187666 4.1315526998187666 0.0026782145334787416 0.0026782145334787416 0.0026782145334787416 1 1 1 Converged Converged Converged OK OK OK 37 37 37 37 37 37 3 3 3 0 0 0 0 1 0 0 1
88 88 uniform 4 15 889 2 0.001 3.3507502431243217 0.0088607234299780662 0.0033401688516595551 -3.006698555254983 0.0065517747489934348 -3.0064952406292296 0 3.0359245468731229 4.1417174539891679 OK 13 12 0.39870899999999998 0.27663900000000002 0.069720000000000004 0.32727000000000001 0.19569800000000001 0 0.071438999999999975 0.080941000000000013 0.069720000000000004 0.0081340000000000006 0.0083490000000000005 0.0076610000000000003 0.051764999999999999 0.061286999999999994 0.051051999999999986 0.0017780000000000001 0.001804 0.0017329999999999999 0.00044900000000000002 0.00042999999999999999 0.00041899999999999999 4.1417158781134562 4.1417158781134562 4.1417158781134562 0.0027017209743454354 0.0027017209743454354 0.0027017209743454354 1 1 1 Converged Converged Converged OK OK OK 37 37 37 37 37 37 3 3 3 0 0 0 0 1 0 0 1
88 88 uniform 4 23 889 3 0.001 3.3507502431243217 0.0088607234299780662 0.0033401688516595551 -3.006698555254983 0.0065517747489934348 -3.006030521484651 0 3.0354598277285443 4.1516366445942889 OK 13 12 0.480236 0.35367700000000002 0.067497000000000001 0.41074899999999998 0.27318500000000001 0 0.069487000000000021 0.080492000000000008 0.067497000000000001 0.0083099999999999997 0.0083210000000000003 0.0075789999999999998 0.049544000000000012 0.060536999999999987 0.048975000000000005 0.001745 0.001964 0.0017070000000000002 0.00046500000000000003 0.00047199999999999998 0.000415 4.1516350706082692 4.1516350706082692 4.1516350706082692 0.002726092303155409 0.002726092303155409 0.002726092303155409 1 1 1 Converged Converged Converged OK OK OK 37 37 37 37 37 37 3 3 3 0 0 0 0 1 0 0 1
88 88 uniform 4 0 889 0 0.0001 3.3507502431243217 0.0088607234299780662 0.0033401688516595551 -3.006698555254983 0.0065517747489934348 -3.007366589025315 0 3.0367958952692082 4.1226493904055248 OK 13 12 0.40987200000000001 0.40972900000000001 0.10383000000000001 0.30435800000000002 0.30493399999999998 0 0.105514 0.10479500000000003 0.10383000000000001 0.0088620000000000001 0.0089709999999999998 0.0086820000000000005 0.074781999999999987 0.074533000000000044 0.074022000000000032 0.0030470000000000002 0.0030340000000000002 0.0030219999999999999 0.00067100000000000005 0.00067699999999999998 0.00065200000000000002 4.1226492633636616 4.1226492633636616 4.1226492633636616 0.0003231020182809517 0.0003231020182809517 0.0003231020182809517 1 1 1 Converged Converged Converged OK OK OK 61 61 61 61 61 61 3 3 3 0 0 0 0 0 1 0 0
88 88 uniform 4 7 889 1 0.0001 3.3507502431243217 0.0088607234299780662 0.0033401688516595551 -3.006698555254983 0.0065517747489934348 -3.0069599597738086 0 3.0363892660177019 4.1315542654688899 OK 13 12 0.550396 0.44322899999999998 0.097446000000000005 0.45073800000000003 0.32042900000000002 0 0.099657999999999969 0.12279999999999996 0.097446000000000005 0.0082660000000000008 0.0082869999999999992 0.0077289999999999998 0.072519999999999987 0.095772999999999983 0.071578000000000017 0.0030569999999999998 0.003039 0.0029719999999999998 0.00067500000000000004 0.00068599999999999998 0.00063600000000000006 4.1315541312434245 4.1315541312434245 4.1315541312434245 0.00031968253980742365 0.00031968253980742365 0.00031968253980742365 1 1 1 Converged Converged Converged OK OK OK 61 61 61 61 61 61 3 3 3 0 0 0 0 1 0 0 1
88 88 uniform 4 15 889 2 0.0001 3.3507502431243217 0.0088607234299780662 0.0033401688516595551 -3.006698555254983 0.0065517747489934348 -3.0064952406292296 0 3.0359245468731229 4.1417174539891679 OK 13 12 0.42668200000000001 0.31668400000000002 0.097629999999999995 0.32741900000000002 0.19015399999999999 0 0.09926299999999999 0.12653000000000003 0.097629999999999995 0.0082349999999999993 0.0083490000000000005 0.007685 0.071928999999999993 0.09929300000000002 0.071649999999999978 0.0031189999999999998 0.0030300000000000001 0.003032 0.00066100000000000002 0.00066800000000000008 0.00065099999999999999 4.1417173115581436 4.1417173115581436 4.1417173115581436 0.0003157656736558573 0.0003157656736558573 0.0003157656736558573 1 1 1 Converged Converged Converged OK OK OK 61 61 61 61 61 61 3 3 3 0 0 0 0 1 0 0 1
88 88 uniform 4 23 889 3 0.0001 3.3507502431243217 0.0088607234299780662 0.0033401688516595551 -3.006698555254983 0.0065517747489934348 -3.006030521484651 0 3.0354598277285443 4.1516366445942889 OK 13 12 0.50563599999999997 0.39023099999999999 0.094121999999999997 0.40967300000000001 0.27425500000000003 0 0.095962999999999965 0.11597599999999997 0.094121999999999997 0.0081949999999999992 0.0082129999999999998 0.0076899999999999998 0.068718999999999975 0.089204999999999979 0.068320999999999993 0.0030310000000000003 0.0030170000000000002 0.0029970000000000001 0.00068999999999999997 0.00067299999999999999 0.00063700000000000009 4.1516365060933493 4.1516365060933493 4.1516365060933493 0.0003118481101051928 0.0003118481101051928 0.0003118481101051928 1 1 1 Converged Converged Converged OK OK OK 61 61 61 61 61 61 3 3 3 0 0 0 0 1 0 0 1
89 89 linear 0 0 890 0 0.001 1.275615921840497 0.00074697233373779211 0.0088098583333743961 0.0014469212435275721 0.0035166622651577667 -0.00031505042314730722 0.5 0.0012671890040597622 227.78420928411748 OK 13 12 0.84871799999999997 0.85001499999999997 0.266291 0.573909 0.58300300000000005 0 0.27480899999999997 0.26701199999999992 0.266291 0.0098049999999999995 0.0098759999999999994 0.0094599999999999997 0.231873 0.22436400000000006 0.225468 0.0045850000000000005 0.0048760000000000001 0.004444 0.0010460000000000001 0.00107 0.000959 227.7855722751743 227.7855722751743 227.7855722751743 0.17477107209558543 0.17477107209558543 0.17477107209558543 1 1 1 Converged Converged Converged OK OK OK 105 105 105 105 105 105 7 7 7 0 0 0 0 0 1 0 0
89 89 linear 0 7 890 1 0.001 1.275615921840497 0.00074697233373779211 0.0088098583333743961 0.0014469212435275721 0.0035166622651577667 0.00075745406961131515 0.5 0.00019468451130113986 228.12271055689166 OK 13 12 0.73485900000000004 0.68121500000000001 0.25109399999999998 0.47597299999999998 0.334621 0 0.25888600000000006 0.34659400000000001 0.25109399999999998 0.0087100000000000007 0.0089949999999999995 0.0082480000000000001 0.22664100000000001 0.31154199999999993 0.21996500000000005 0.0043420000000000004 0.0056160000000000003 0.0044479999999999997 0.00092800000000000001 0.001083 0.00094400000000000007 228.12343530282567 228.12343530282567 228.12343530282567 0.17474933245756871 0.17474933245756871 0.17474933245756871 1 1 1 Converged Converged Converged OK OK OK 105 105 105 105 105 105 7 7 7 0 0 0 0 1 0 0 1
89 89 linear 0 15 890 2 0.001 1.275615921840497 0.00074697233373779211 0.0088098583333743961 0.0014469212435275721 0.0035166622651577667 0.0019831734899068833 0.5 -0.0010310349089944282 225.23872816645058 OK 13 12 0.79608000000000001 0.745116 0.251718 0.53510599999999997 0.40527299999999999 0 0.26097400000000004 0.33984300000000001 0.251718 0.0087580000000000002 0.0091809999999999999 0.0081180000000000002 0.22808299999999998 0.30592699999999995 0.22084800000000002 0.0045259999999999996 0.0048900000000000002 0.0043479999999999994 0.00098299999999999993 0.0010369999999999999 0.00095900000000000011 225.23952119775689 225.23952119775689 225.23952119775689 0.17472163430636956 0.17472163430636956 0.17472163430636956 1 1 1 Converged Converged Converged OK OK OK 105 105 105 105 105 105 7 7 7 0 0 0 0 1 0 0 1
89 89 linear 0 23 890 3 0.001 1.275615921840497 0.00074697233373779211 0.0088098583333743961 0.0014469212435275721 0.0035166622651577667 0.0032088929102024513 0.5 -0.002256754329289996 218.8087147169224 OK 13 12 0.77797000000000005 0.71762099999999995 0.24915799999999999 0.51996200000000004 0.381803 0 0.25800800000000002 0.33581799999999995 0.24915799999999999 0.0088559999999999993 0.0087790000000000003 0.0080610000000000005 0.22525200000000012 0.30281299999999989 0.21837000000000004 0.0045900000000000003 0.0048349999999999999 0.0044009999999999995 0.00097400000000000015 0.001072 0.00093999999999999997 218.80939124559362 218.80939124559362 218.80939124559362 0.17469088999847066 0.17469088999847066 0.17469088999847066 1 1 1 Converged Converged Converged OK OK OK 105 105 105 105 105 105 7 7 7 0 0 0 0 1 0 0 1
89 89 linear 0 0 890 0 0.0001 1.275615921840497 0.00074697233373779211 0.0088098583333743961 0.0014469212435275721 0.0035166622651577667 -0.00031505042314730722 0.5 0.0012671890040597622 227.78420928411748 OK 13 12 0.86793200000000004 0.86651500000000004 0.28472999999999998 0.57856099999999999 0.57867599999999997 0 0.28937100000000004 0.28783900000000007 0.28472999999999998 0.0096360000000000005 0.0098320000000000005 0.0092309999999999996 0.24346100000000004 0.24038600000000002 0.23979200000000014 0.0050200000000000002 0.0062260000000000006 0.0049760000000000004 0.0011490000000000003 0.0013099999999999997 0.0011349999999999999 227.78590045770625 227.78590045770625 227.78590045770625 0.010182353401569907 0.010182353401569907 0.010182353401569907 1 1 1 Converged Converged Converged OK OK OK 113 113 113 113 113 113 7 7 7 0 0 0 0 0 1 0 0
89 89 linear 0 7 890 1 0.0001 1.275615921840497 0.00074697233373779211 0.0088098583333743961 0.0014469212435275721 0.0035166622651577667 0.00075745406961131515 0.5 0.00019468451130113986 228.12271055689166 OK 13 12 0.75953300000000001 0.69933000000000001 0.27259299999999997 0.47858699999999998 0.33574900000000002 0 0.28094600000000003 0.36358099999999999 0.27259299999999997 0.0088310000000000003 0.0089250000000000006 0.0080689999999999998 0.24421499999999999 0.32652900000000012 0.23572499999999999 0.0057249999999999992 0.0056290000000000003 0.0048689999999999992 0.001307 0.001219 0.001129 228.12376346159681 228.12376346159681 228.12376346159681 0.010189118440919244 0.010189118440919244 0.010189118440919244 1 1 1 Converged Converged Converged OK OK OK 113 113 113 113 113 113 7 7 7 0 0 0 0 1 0 0 1
89 89 linear 0 15 890 2 0.0001 1.275615921840497 0.00074697233373779211 0.0088098583333743961 0.0014469212435275721 0.0035166622651577667 0.0019831734899068833 0.5 -0.0010310349089944282 225.23872816645058 OK 13 12 0.81926699999999997 0.75354399999999999 0.27251300000000001 0.53912700000000002 0.39757700000000001 0 0.28013999999999994 0.35596699999999998 0.27251300000000001 0.0087919999999999995 0.0088870000000000008 0.0080890000000000007 0.24393799999999996 0.320911 0.23777600000000002 0.0053100000000000005 0.004908 0.0052400000000000007 0.0011640000000000001 0.001142 0.0015679999999999999 225.23984933634932 225.23984933634932 225.23984933634932 0.010196308480593578 0.010196308480593578 0.010196308480593578 1 1 1 Converged Converged Converged OK OK OK 113 113 113 113 113 113 7 7 7 0 0 0 0 1 0 0 1
89 89 linear 0 23 890 3 0.0001 1.275615921840497 0.00074697233373779211 0.0088098583333743961 0.0014469212435275721 0.0035166622651577667 0.0032088929102024513 0.5 -0.002256754329289996 218.8087147169224 OK 13 12 0.793771 0.73902999999999996 0.27466499999999999 0.51890899999999995 0.38290200000000002 0 0.27486200000000005 0.35612799999999994 0.27466499999999999 0.0086829999999999997 0.0088249999999999995 0.0082349999999999993 0.24046899999999996 0.32067899999999999 0.240955 0.0048219999999999999 0.0052760000000000003 0.0048520000000000004 0.0011559999999999999 0.0011709999999999999 0.001134 218.80971937393798 218.80971937393798 218.80971937393798 0.010202915441093958 0.010202915441093958 0.010202915441093958 1 1 1 Converged Converged Converged OK OK OK 113 113 113 113 113 113 7 7 7 0 0 0 0 1 0 0 1
89 89 linear 1 0 891 0 0.001 1.275615921840497 0.00074697233373779211 0.0088098583333743961 -0.53203532455532976 -0.0052185046782276248 -0.53379729622200467 0.5 0.53474943480291715 3.662835854432136 OK 16 15 0.82841200000000004 0.81848299999999996 0.30816500000000002 0.51042500000000002 0.504996 0 0.31798700000000002 0.31348699999999996 0.30816500000000002 0.011034 0.011318 0.011048000000000001 0.26886100000000007 0.26452500000000001 0.25886599999999999 0.0050639999999999999 0.0051250000000000002 0.0055699999999999994 0.0012779999999999998 0.0011889999999999997 0.0013210000000000001 3.6628342921377635 3.6628342921377635 3.6628342921377635 0.0023088493620700159 0.0023088493620700159 0.0023088493620700159 1 1 1 Converged Converged Converged OK OK OK 112 112 112 112 112 112 8 8 8 0 0 0 0 0 1 0 0
89 89 linear 1 7 891 1 0.001 1.275615921840497 0.00074697233373779211 0.0088098583333743961 -0.53203532455532976 -0.0052185046782276248 -0.53272479172924603 0.5 0.5336769303101585 3.6972395521356849 OK 16 15 0.725271 0.59683900000000001 0.30046400000000001 0.414358 0.27176899999999998 0 0.31091299999999999 0.32507000000000003 0.30046400000000001 0.010547000000000001 0.010307 0.0098809999999999992 0.27153600000000011 0.28780999999999984 0.26350100000000004 0.005751 0.0048450000000000003 0.0051749999999999999 0.0012630000000000002 0.0011839999999999999 0.0011869999999999999 3.6972488962516961 3.6972488962516961 3.6972488962516961 0.0024761302270044244 0.0024761302270044244 0.0024761302270044244 1 1 1 Converged Converged Converged OK OK OK 112 112 112 112 112 112 8 8 8 0 0 0 0 1 0 0 1
89 89 linear 1 15 891 2 0.001 1.275615921840497 0.00074697233373779211 0.0088098583333743961 -0.53203532455532976 -0.0052185046782276248 -0.53149907230895044 0.5 0.53245121088986291 3.7347268145273889 OK 16 15 0.80017300000000002 0.67329399999999995 0.308168 0.482935 0.344385 0 0.31723800000000002 0.32890899999999995 0.308168 0.012172000000000001 0.012042000000000001 0.011221999999999999 0.27651299999999995 0.28966599999999987 0.27001500000000017 0.005587 0.0049390000000000007 0.0049030000000000002 0.001281 0.0012300000000000002 0.0012489999999999999 3.7347345719473104 3.7347345719473104 3.7347345719473104 0.0025983855632000837 0.0025983855632000837 0.0025983855632000837 1 1 1 Converged Converged Converged OK OK OK 112 112 112 112 112 112 8 8 8 0 0 0 0 1 0 0 1
89 89 linear 1 23 891 3 0.001 1.275615921840497 0.00074697233373779211 0.0088098583333743961 -0.53203532455532976 -0.0052185046782276248 -0.53027335288865485 0.5 0.53122549146956732 3.7697965883553768 OK 16 15 0.81938599999999995 0.69725300000000001 0.29974299999999998 0.51011499999999999 0.36945899999999998 0 0.30927099999999996 0.32779400000000003 0.29974299999999998 0.011774 0.012047 0.010975 0.27013700000000002 0.28820599999999985 0.26213899999999996 0.0050359999999999997 0.0052069999999999998 0.0050329999999999993 0.0012110000000000001 0.0011980000000000001 0.0011979999999999998 3.7698007282476929 3.7698007282476929 3.7698007282476929 0.0027966197356248841 0.0027966197356248841 0.0027966197356248841 1 1 1 Converged Converged Converged OK OK OK 112 112 112 112 112 112 8 8 8 0 0 0 0 1 0 0 1
89 89 linear 1 0 891 0 0.0001 1.275615921840497 0.00074697233373779211 0.0088098583333743961 -0.53203532455532976 -0.0052185046782276248 -0.53379729622200467 0.5 0.53474943480291715 3.662835854432136 OK 16 15 0.98466699999999996 0.96609699999999998 0.45349499999999998 0.51975499999999997 0.51050200000000001 0 0.46491199999999999 0.45559499999999997 0.45349499999999998 0.012636 0.011598000000000001 0.01095 0.38577800000000001 0.37743799999999983 0.37535600000000002 0.0099059999999999999 0.010383 0.010919999999999999 0.002016 0.0020470000000000002 0.0020850000000000005 3.6628509098646811 3.6628509098646811 3.6628509098646811 0.00021454547180620463 0.00021454547180620463 0.00021454547180620463 1 1 1 Converged Converged Converged OK OK OK 184 184 184 184 184 184 8 8 8 0 0 0 0 0 1 0 0
89 89 linear 1 7 891 1 0.0001 1.275615921840497 0.00074697233373779211 0.0088098583333743961 -0.53203532455532976 -0.0052185046782276248 -0.53272479172924603 0.5 0.5336769303101585 3.6972395521356849 OK 16 15 0.86288100000000001 0.76183699999999999 0.43368099999999998 0.41199000000000002 0.27570699999999998 0 0.45089099999999999 0.48613000000000001 0.43368099999999998 0.015065 0.010468 0.0097310000000000001 0.38883799999999991 0.42726999999999971 0.3775929999999999 0.0096069999999999992 0.010489 0.0097960000000000009 0.001944 0.0020340000000000002 0.0019069999999999998 3.6972662324669798 3.6972662324669798 3.6972662324669798 0.00020900193790428408 0.00020900193790428408 0.00020900193790428408 1 1 1 Converged Converged Converged OK OK OK 184 184 184 184 184 184 8 8 8 0 0 0 0 1 0 0 1
89 89 linear 1 15 891 2 0.0001 1.275615921840497 0.00074697233373779211 0.0088098583333743961 -0.53203532455532976 -0.0052185046782276248 -0.53149907230895044 0.5 0.53245121088986291 3.7347268145273889 OK 16 15 0.93516200000000005 0.828816 0.45193800000000001 0.48018 0.342663 0 0.45498200000000005 0.486153 0.45193800000000001 0.011941999999999999 0.012088 0.011356 0.39609199999999989 0.42586099999999971 0.39302399999999982 0.0095320000000000005 0.010266999999999998 0.0099110000000000014 0.001884 0.0019399999999999997 0.0019690000000000003 3.7347495651343072 3.7347495651343072 3.7347495651343072 0.00013179918617470002 0.00013179918617470002 0.00013179918617470002 1 1 1 Converged Converged Converged OK OK OK 184 184 184 184 184 184 8 8 8 0 0 0 0 1 0 0 1
89 89 linear 1 23 891 3 0.0001 1.275615921840497 0.00074697233373779211 0.0088098583333743961 -0.53203532455532976 -0.0052185046782276248 -0.53027335288865485 0.5 0.53122549146956732 3.7697965883553768 OK 16 15 0.96139200000000002 0.85275699999999999 0.44459399999999999 0.50681399999999999 0.37338500000000002 0 0.45457800000000004 0.47937199999999996 0.44459399999999999 0.011981 0.012088 0.012428 0.39261799999999997 0.4197309999999998 0.38516000000000017 0.011817000000000001 0.010198 0.0098029999999999992 0.0019740000000000001 0.0018149999999999998 0.0018189999999999999 3.7698110490173011 3.7698110490173011 3.7698110490173011 0.00013189576476098765 0.00013189576476098765 0.00013189576476098765 1 1 1 Converged Converged Converged OK OK OK 184 184 184 184 184 184 8 8 8 0 0 0 0 1 0 0 1
89 89 linear 2 0 892 0 0.001 1.275615921840497 0.00074697233373779211 0.0088098583333743961 -0.50134704556341136 -0.025194507546615615 -0.50310901723008628 0.5 0.50406115581099875 2.1145027004749939 OK 13 12 0.38444499999999998 0.38929799999999998 0.097414000000000001 0.28339900000000001 0.29128900000000002 0 0.10104599999999997 0.098008999999999957 0.097414000000000001 0.0090489999999999998 0.0093200000000000002 0.0089689999999999995 0.069449000000000011 0.067035999999999998 0.066755999999999996 0.0033239999999999997 0.0031650000000000003 0.0032439999999999999 0.00080099999999999995 0.00077100000000000009 0.00077999999999999999 2.1145012965792249 2.1145012965792249 2.1145012965792249 0.0012111819886651688 0.0012111819886651688 0.0012111819886651688 1 1 1 Converged Converged Converged OK OK OK 61 61 61 61 61 61 3 3 3 0 0 0 0 0 1 0 0
89 89 linear 2 7 892 1 0.001 1.275615921840497 0.00074697233373779211 0.0088098583333743961 -0.50134704556341136 -0.025194507546615615 -0.50203651273732763 0.5 0.50298865131824011 2.1413101199367128 OK 13 12 0.38419799999999998 0.26176199999999999 0.092460000000000001 0.283806 0.144483 0 0.10039199999999998 0.11727899999999999 0.092460000000000001 0.0084130000000000003 0.0084270000000000005 0.0078549999999999991 0.072005 0.089270000000000016 0.065690999999999986 0.003307 0.0033880000000000004 0.003313 0.00083399999999999989 0.00078300000000000006 0.00071700000000000008 2.1413086125359175 2.1413086125359175 2.1413086125359175 0.0012255008440171414 0.0012255008440171414 0.0012255008440171414 1 1 1 Converged Converged Converged OK OK OK 61 61 61 61 61 61 3 3 3 0 0 0 0 1 0 0 1
89 89 linear 2 15 892 2 0.001 1.275615921840497 0.00074697233373779211 0.0088098583333743961 -0.50134704556341136 -0.025194507546615615 -0.50081079331703204 0.5 0.50176293189794452 2.2666709667411933 OK 14 13 0.44982899999999998 0.33159699999999998 0.13230900000000001 0.31143900000000002 0.170205 0 0.13838999999999996 0.16139199999999998 0.13230900000000001 0.012082000000000001 0.011842 0.011193 0.099413000000000071 0.12256399999999999 0.095862000000000003 0.0045869999999999999 0.0048770000000000003 0.0041729999999999996 0.001193 0.001072 0.0010190000000000002 2.2666739204380004 2.2666739204380004 2.2666739204380004 0.0015687562716853018 0.0015687562716853018 0.0015687562716853018 1 1 1 Converged Converged Converged OK OK OK 83 83 83 83 83 83 5 5 5 0 0 0 0 1 0 0 1
89 89 linear 2 23 892 3 0.001 1.275615921840497 0.00074697233373779211 0.0088098583333743961 -0.50134704556341136 -0.025194507546615615 -0.49958507389673651 0.5 0.50053721247764893 2.5292594379061804 OK 13 12 0.46256399999999998 0.34033600000000003 0.151696 0.30470799999999998 0.15939200000000001 0 0.157856 0.18094400000000002 0.151696 0.0089219999999999994 0.0088299999999999993 0.0081810000000000008 0.12139000000000003 0.14470499999999994 0.11783799999999997 0.0052729999999999999 0.0051439999999999993 0.004483 0.001085 0.001073 0.00098900000000000008 2.529268350297468 2.529268350297468 2.529268350297468 0.0022759499521073341 0.0022759499521073341 0.0022759499521073341 1 1 1 Converged Converged Converged OK OK OK 98 98 98 98 98 98 6 6 6 0 0 0 0 1 0 0 1
89 89 linear 2 0 892 0 0.0001 1.275615921840497 0.00074697233373779211 0.0088098583333743961 -0.50134704556341136 -0.025194507546615615 -0.50310901723008628 0.5 0.50406115581099875 2.1145027004749939 OK 13 12 0.42981999999999998 0.43193500000000001 0.14089499999999999 0.28634999999999999 0.28871000000000002 0 0.14346999999999999 0.14322499999999999 0.14089499999999999 0.0091920000000000005 0.0094140000000000005 0.0087519999999999994 0.10021599999999997 0.099181000000000019 0.098250999999999963 0.0052220000000000009 0.0052629999999999994 0.0049890000000000004 0.0010250000000000001 0.0010769999999999998 0.0010249999999999999 2.1145012977022382 2.1145012977022382 2.1145012977022382 4.0440597740676802e-08 4.0440597740676802e-08 4.0440597740676802e-08 1 1 1 Converged Converged Converged OK OK OK 93 93 93 93 93 93 3 3 3 0 0 0 0 0 1 0 0
89 89 linear 2 7 892 1 0.0001 1.275615921840497 0.00074697233373779211 0.0088098583333743961 -0.50134704556341136 -0.025194507546615615 -0.50203651273732763 0.5 0.50298865131824011 2.1413101199367128 OK 13 12 0.42083599999999999 0.31997799999999998 0.134434 0.28324100000000002 0.14158899999999999 0 0.13759499999999997 0.17838899999999999 0.134434 0.0082900000000000005 0.0084189999999999994 0.0078549999999999991 0.10029900000000004 0.140735 0.097909999999999997 0.0051359999999999999 0.0051380000000000002 0.005032 0.00091600000000000004 0.001031 0.00095699999999999995 2.1413086109635349 2.1413086109635349 2.1413086109635349 5.228448123899268e-08 5.228448123899268e-08 5.228448123899268e-08 1 1 1 Converged Converged Converged OK OK OK 93 93 93 93 93 93 3 3 3 0 0 0 0 1 0 0 1
89 89 linear 2 15 892 2 0.0001 1.275615921840497 0.00074697233373779211 0.0088098583333743961 -0.50134704556341136 -0.025194507546615615 -0.50081079331703204 0.5 0.50176293189794452 2.2666709667411933 OK 14 13 0.51699600000000001 0.42744900000000002 0.202652 0.31093700000000002 0.17687 0 0.20605899999999999 0.250579 0.202652 0.011712999999999999 0.011589 0.011155999999999999 0.152115 0.19796299999999994 0.14789400000000003 0.0071450000000000003 0.0069550000000000002 0.0068609999999999999 0.0014789999999999998 0.0013050000000000002 0.0013300000000000002 2.2666654832666757 2.2666654832666757 2.2666654832666757 1.695725381664628e-05 1.695725381664628e-05 1.695725381664628e-05 1 1 1 Converged Converged Converged OK OK OK 131 131 131 131 131 131 5 5 5 0 0 0 0 1 0 0 1
89 89 linear 2 23 892 3 0.0001 1.275615921840497 0.00074697233373779211 0.0088098583333743961 -0.50134704556341136 -0.025194507546615615 -0.49958507389673651 0.5 0.50053721247764893 2.5292594379061804 OK 13 12 0.50895500000000005 0.397561 0.20001099999999999 0.30013400000000001 0.15506900000000001 0 0.20882100000000003 0.24249199999999999 0.20001099999999999 0.0088109999999999994 0.0088669999999999999 0.0082330000000000007 0.16661799999999999 0.19967300000000007 0.15858800000000012 0.006293 0.0067220000000000005 0.0063859999999999993 0.0013729999999999999 0.0014400000000000001 0.001405 2.5292641152785942 2.5292641152785942 2.5292641152785942 0.00011583565874763135 0.00011583565874763135 0.00011583565874763135 1 1 1 Converged Converged Converged OK OK OK 130 130 130 130 130 130 6 6 6 0 0 0 0 1 0 0 1
89 89 linear 3 0 893 0 0.001 1.275615921840497 0.00074697233373779211 0.0088098583333743961 -0.0021602655811817917 0.01513274773708157 -0.0039222372478566712 0.5 0.0048743758287691265 64.981806349097795 OK 13 12 0.64277899999999999 0.63539599999999996 0.117976 0.51966699999999999 0.51741700000000002 0 0.123112 0.11797899999999995 0.117976 0.010902 0.010619 0.010744999999999999 0.091059000000000015 0.08787600000000001 0.08723999999999997 0.00329 0.0028679999999999999 0.0029870000000000001 0.000825 0.00067599999999999995 0.00071699999999999997 64.981766902112 64.981766902112 64.981766902112 0.022104051426635671 0.022104051426635671 0.022104051426635671 1 1 1 Converged Converged Converged OK OK OK 59 59 59 59 59 59 5 5 5 0 0 0 0 0 1 0 0
89 89 linear 3 7 893 1 0.001 1.275615921840497 0.00074697233373779211 0.0088098583333743961 -0.0021602655811817917 0.01513274773708157 -0.0028497327550980485 0.5 0.0038018713360105033 66.441368605204488 OK 13 12 0.59559899999999999 0.568075 0.11441 0.47640700000000002 0.32987100000000003 0 0.11919199999999996 0.23820399999999997 0.11441 0.0099109999999999997 0.009776 0.0092270000000000008 0.092544000000000015 0.21213199999999993 0.089343999999999951 0.0029550000000000002 0.0027920000000000002 0.0028469999999999997 0.00066400000000000009 0.00065499999999999998 0.00064199999999999999 66.441327599398335 66.441327599398335 66.441327599398335 0.030452318734060332 0.030452318734060332 0.030452318734060332 1 1 1 Converged Converged Converged OK OK OK 59 59 59 59 59 59 5 5 5 0 0 0 0 1 0 0 1
89 89 linear 3 15 893 2 0.001 1.275615921840497 0.00074697233373779211 0.0088098583333743961 -0.0021602655811817917 0.01513274773708157 -0.0016240133348024806 0.5 0.0025761519157149358 67.784756882930466 OK 13 12 0.53021300000000005 0.52224700000000002 0.11765200000000001 0.40738600000000003 0.27771600000000002 0 0.12282700000000002 0.244531 0.11765200000000001 0.0099059999999999999 0.0095960000000000004 0.0089219999999999994 0.095602000000000034 0.21805399999999997 0.092788999999999996 0.0032079999999999999 0.0030460000000000001 0.0027619999999999997 0.00076300000000000001 0.00075899999999999991 0.00070800000000000008 67.78472367463975 67.78472367463975 67.78472367463975 0.0098310342235828369 0.0098310342235828369 0.0098310342235828369 1 1 1 Converged Converged Converged OK OK OK 59 59 59 59 59 59 5 5 5 0 0 0 0 1 0 0 1
89 89 linear 3 23 893 3 0.001 1.275615921840497 0.00074697233373779211 0.0088098583333743961 -0.0021602655811817917 0.01513274773708157 -0.00039829391450691234 0.5 0.0013504324954193674 68.714217761772574 OK 13 12 0.65793299999999999 0.62423700000000004 0.112141 0.54118699999999997 0.40298200000000001 0 0.11674600000000002 0.22125500000000003 0.112141 0.0097699999999999992 0.0097590000000000003 0.0091769999999999994 0.09285599999999998 0.19724499999999995 0.089770999999999962 0.0025790000000000006 0.002637 0.0022880000000000001 0.00058 0.00058900000000000001 0.00053800000000000007 68.714167103106206 68.714167103106206 68.714167103106206 0.041025876561138139 0.041025876561138139 0.041025876561138139 1 1 1 Converged Converged Converged OK OK OK 51 51 51 51 51 51 5 5 5 0 0 0 0 1 0 0 1
89 89 linear 3 0 893 0 0.0001 1.275615921840497 0.00074697233373779211 0.0088098583333743961 -0.0021602655811817917 0.01513274773708157 -0.0039222372478566712 0.5 0.0048743758287691265 64.981806349097795 OK 13 12 0.69097399999999998 0.69531299999999996 0.16830000000000001 0.51750600000000002 0.52536000000000005 0 0.17346799999999996 0.16995299999999991 0.16830000000000001 0.010864 0.01091 0.010545000000000001 0.13009799999999999 0.12621099999999999 0.12568099999999996 0.0050270000000000002 0.0052809999999999992 0.004945999999999999 0.0010059999999999999 0.0010809999999999999 0.00099800000000000019 64.981766884531098 64.981766884531098 64.981766884531098 0.0013577214394677188 0.0013577214394677188 0.0013577214394677188 1 1 1 Converged Converged Converged OK OK OK 91 91 91 91 91 91 5 5 5 0 0 0 0 0 1 0 0
89 89 linear 3 7 893 1 0.0001 1.275615921840497 0.00074697233373779211 0.0088098583333743961 -0.0021602655811817917 0.01513274773708157 -0.0028497327550980485 0.5 0.0038018713360105033 66.441368605204488 OK 13 12 0.61904700000000001 0.64501799999999998 0.14205599999999999 0.47137000000000001 0.33693099999999998 0 0.147677 0.308087 0.14205599999999999 0.0096799999999999994 0.0099769999999999998 0.0092119999999999997 0.11599499999999997 0.2758469999999999 0.111994 0.0039580000000000006 0.0041459999999999995 0.0038660000000000005 0.00086400000000000008 0.00089899999999999995 0.00081899999999999996 66.441328026253984 66.441328026253984 66.441328026253984 0.003353126501203803 0.003353126501203803 0.003353126501203803 1 1 1 Converged Converged Converged OK OK OK 75 75 75 75 75 75 5 5 5 0 0 0 0 1 0 0 1
89 89 linear 3 15 893 2 0.0001 1.275615921840497 0.00074697233373779211 0.0088098583333743961 -0.0021602655811817917 0.01513274773708157 -0.0016240133348024806 0.5 0.0025761519157149358 67.784756882930466 OK 13 12 0.56428900000000004 0.59043800000000002 0.144783 0.41270400000000002 0.27801700000000001 0 0.15158500000000003 0.312421 0.144783 0.0095379999999999996 0.0096550000000000004 0.008914 0.12141900000000001 0.28246199999999999 0.11636799999999999 0.0040470000000000002 0.0040959999999999998 0.0038300000000000001 0.00096599999999999995 0.00095299999999999996 0.00095599999999999993 67.784715619601116 67.784715619601116 67.784715619601116 0.0052257015081663329 0.0052257015081663329 0.0052257015081663329 1 1 1 Converged Converged Converged OK OK OK 75 75 75 75 75 75 5 5 5 0 0 0 0 1 0 0 1
89 89 linear 3 23 893 3 0.0001 1.275615921840497 0.00074697233373779211 0.0088098583333743961 -0.0021602655811817917 0.01513274773708157 -0.00039829391450691234 0.5 0.0013504324954193674 68.714217761772574 OK 13 12 0.69315599999999999 0.70571399999999995 0.134851 0.54438900000000001 0.40488600000000002 0 0.14876699999999998 0.30082799999999993 0.134851 0.010972000000000001 0.0098770000000000004 0.009025 0.118841 0.27247799999999994 0.10843599999999992 0.003398 0.0034230000000000003 0.0030730000000000002 0.00091100000000000013 0.00088600000000000007 0.00083800000000000009 68.714177811326579 68.714177811326579 68.714177811326579 0.0016885179000040924 0.0016885179000040924 0.0016885179000040924 1 1 1 Converged Converged Converged OK OK OK 67 67 67 67 67 67 5 5 5 0 0 0 0 1 0 0 1
89 89 linear 4 0 894 0 0.001 1.275615921840497 0.00074697233373779211 0.0088098583333743961 -0.0056896717330056036 -0.017504292882163878 -0.0074516433996804831 0.5 0.0084037819805929375 52.368439581241056 OK 13 12 0.65181500000000003 0.650065 0.12887199999999999 0.51805900000000005 0.51941000000000004 0 0.13375599999999999 0.13065499999999997 0.12887199999999999 0.010579 0.010612999999999999 0.010062 0.10093299999999999 0.098043000000000019 0.097091999999999928 0.0033919999999999996 0.0030930000000000003 0.0029849999999999998 0.00078499999999999989 0.00084800000000000001 0.00084499999999999994 52.368414387160747 52.368414387160747 52.368414387160747 0.030624192648896847 0.030624192648896847 0.030624192648896847 1 1 1 Converged Converged Converged OK OK OK 67 67 67 67 67 67 5 5 5 0 0 0 0 0 1 0 0
89 89 linear 4 7 894 1 0.001 1.275615921840497 0.00074697233373779211 0.0088098583333743961 -0.0056896717330056036 -0.017504292882163878 -0.0063791389069218609 0.5 0.0073312774878343161 53.707773388200948 OK 13 12 0.65427100000000005 0.67510499999999996 0.122872 0.52582700000000004 0.39614199999999999 0 0.128444 0.27896299999999996 0.122872 0.0094959999999999992 0.0093889999999999998 0.0088660000000000006 0.10075200000000005 0.251384 0.096868000000000024 0.0032710000000000005 0.0033249999999999998 0.0030419999999999996 0.00074400000000000009 0.0008119999999999999 0.00079199999999999995 53.707744260387464 53.707744260387464 53.707744260387464 0.023019986505826189 0.023019986505826189 0.023019986505826189 1 1 1 Converged Converged Converged OK OK OK 67 67 67 67 67 67 5 5 5 0 0 0 0 1 0 0 1
89 89 linear 4 15 894 2 0.001 1.275615921840497 0.00074697233373779211 0.0088098583333743961 -0.0056896717330056036 -0.017504292882163878 -0.0051534194866262924 0.5 0.0061055580675387477 55.127583192423344 OK 13 12 0.52776800000000001 0.51661699999999999 0.113526 0.40879300000000002 0.27355400000000002 0 0.118975 0.24306299999999997 0.113526 0.0095060000000000006 0.0094999999999999998 0.0088240000000000002 0.092676000000000022 0.21686199999999992 0.089195000000000052 0.0029719999999999998 0.0028400000000000001 0.002601 0.00079199999999999995 0.00070500000000000001 0.00069199999999999991 55.127552336802701 55.127552336802701 55.127552336802701 0.037302453266508065 0.037302453266508065 0.037302453266508065 1 1 1 Converged Converged Converged OK OK OK 59 59 59 59 59 59 5 5 5 0 0 0 0 1 0 0 1
89 89 linear 4 23 894 3 0.001 1.275615921840497 0.00074697233373779211 0.0088098583333743961 -0.0056896717330056036 -0.017504292882163878 -0.003927700066330724 0.5 0.0048798386472431792 56.388205271891557 OK 13 12 0.67441600000000002 0.66981599999999997 0.11666 0.55668099999999998 0.41628999999999999 0 0.11773500000000003 0.25352599999999997 0.11666 0.0096670000000000002 0.0098119999999999995 0.009025 0.092009999999999981 0.22734999999999994 0.09208100000000001 0.0027359999999999997 0.0029209999999999996 0.0025969999999999999 0.00071699999999999997 0.00072500000000000006 0.00073999999999999999 56.388172107115842 56.388172107115842 56.388172107115842 0.021322284811405707 0.021322284811405707 0.021322284811405707 1 1 1 Converged Converged Converged OK OK OK 59 59 59 59 59 59 5 5 5 0 0 0 0 1 0 0 1
89 89 linear 4 0 894 0 0.0001 1.275615921840497 0.00074697233373779211 0.0088098583333743961 -0.0056896717330056036 -0.017504292882163878 -0.0074516433996804831 0.5 0.0084037819805929375 52.368439581241056 OK 13 12 0.67078499999999996 0.66934800000000005 0.149954 0.51592000000000005 0.51814000000000004 0 0.15486499999999992 0.15120800000000001 0.149954 0.010548 0.010621999999999999 0.010276 0.11555300000000004 0.11250099999999995 0.11210100000000003 0.0044079999999999996 0.0040740000000000004 0.0039550000000000002 0.0010359999999999998 0.0010199999999999999 0.00096100000000000016 52.368408673956445 52.368408673956445 52.368408673956445 0.00038588911199156965 0.00038588911199156965 0.00038588911199156965 1 1 1 Converged Converged Converged OK OK OK 83 83 83 83 83 83 5 5 5 0 0 0 0 0 1 0 0
89 89 linear 4 7 894 1 0.0001 1.275615921840497 0.00074697233373779211 0.0088098583333743961 -0.0056896717330056036 -0.017504292882163878 -0.0063791389069218609 0.5 0.0073312774878343161 53.707773388200948 OK 13 12 0.68691599999999997 0.72507600000000005 0.14374799999999999 0.53629499999999997 0.39312399999999997 0 0.150621 0.33195200000000008 0.14374799999999999 0.0096819999999999996 0.0094590000000000004 0.0088339999999999998 0.117103 0.29921499999999995 0.11316099999999996 0.0043610000000000003 0.0041519999999999994 0.0038810000000000003 0.00098299999999999993 0.00096599999999999995 0.00092400000000000002 53.707742407259218 53.707742407259218 53.707742407259218 0.001239162000059021 0.001239162000059021 0.001239162000059021 1 1 1 Converged Converged Converged OK OK OK 83 83 83 83 83 83 5 5 5 0 0 0 0 1 0 0 1
89 89 linear 4 15 894 2 0.0001 1.275615921840497 0.00074697233373779211 0.0088098583333743961 -0.0056896717330056036 -0.017504292882163878 -0.0051534194866262924 0.5 0.0061055580675387477 55.127583192423344 OK 13 12 0.56337499999999996 0.60654200000000003 0.13892399999999999 0.41375899999999999 0.26849699999999999 0 0.14961599999999997 0.33804500000000004 0.13892399999999999 0.014258 0.0093880000000000005 0.0088199999999999997 0.11174700000000001 0.30491499999999999 0.10772800000000003 0.0043140000000000001 0.0042689999999999994 0.0039160000000000002 0.00108 0.0010439999999999998 0.00095100000000000002 55.127551312685505 55.127551312685505 55.127551312685505 0.0040115625375688581 0.0040115625375688581 0.0040115625375688581 1 1 1 Converged Converged Converged OK OK OK 83 83 83 83 83 83 5 5 5 0 0 0 0 1 0 0 1
89 89 linear 4 23 894 3 0.0001 1.275615921840497 0.00074697233373779211 0.0088098583333743961 -0.0056896717330056036 -0.017504292882163878 -0.003927700066330724 0.5 0.0048798386472431792 56.388205271891557 OK 13 12 0.72225200000000001 0.79890600000000001 0.16231599999999999 0.55457400000000001 0.418547 0 0.16767799999999999 0.380359 0.16231599999999999 0.0096539999999999994 0.0098259999999999997 0.0090939999999999997 0.13027300000000003 0.342055 0.12611600000000003 0.0047749999999999997 0.0049249999999999997 0.0046259999999999999 0.0010459999999999998 0.001026 0.0010479999999999999 56.388172298546174 56.388172298546174 56.388172298546174 0.0049470362350971771 0.0049470362350971771 0.0049470362350971771 1 1 1 Converged Converged Converged OK OK OK 91 91 91 91 91 91 5 5 5 0 0 0 0 1 0 0 1
89 89 uniform 0 0 895 0 0.001 1.275615921840497 0.00074697233373779211 0.0088098583333743961 0.0014469212435275721 0.0035166622651577667 -0.00031505042314730722 0 0.0012671890040597622 216.77224938776598 OK 13 12 0.78182799999999997 0.77968000000000004 0.20113900000000001 0.57738100000000003 0.57694900000000005 0 0.20444699999999993 0.20273099999999999 0.20113900000000001 0.0095090000000000001 0.0096880000000000004 0.0092779999999999998 0.161859 0.16147500000000004 0.16038200000000002 0.0049800000000000001 0.0042129999999999997 0.0042339999999999999 0.00099599999999999992 0.00096100000000000005 0.00094800000000000006 216.77219920815267 216.77219920815267 216.77219920815267 0.13501346745025739 0.13501346745025739 0.13501346745025739 1 1 1 Converged Converged Converged OK OK OK 105 105 105 105 105 105 7 7 7 0 0 0 0 0 1 0 0
89 89 uniform 0 7 895 1 0.001 1.275615921840497 0.00074697233373779211 0.0088098583333743961 0.0014469212435275721 0.0035166622651577667 0.00075745406961131515 0 0.00019468451130113986 216.97424870560548 OK 13 12 0.66942299999999999 0.61372199999999999 0.19186800000000001 0.47649000000000002 0.33741599999999999 0 0.19293299999999997 0.276306 0.19186800000000001 0.0088240000000000002 0.0087410000000000005 0.0095230000000000002 0.15971699999999983 0.24375599999999989 0.15971099999999994 0.0045129999999999997 0.0043359999999999996 0.004071 0.00093499999999999996 0.00097100000000000007 0.00091399999999999999 216.9742013668758 216.9742013668758 216.9742013668758 0.13498240003621578 0.13498240003621578 0.13498240003621578 1 1 1 Converged Converged Converged OK OK OK 105 105 105 105 105 105 7 7 7 0 0 0 0 1 0 0 1
89 89 uniform 0 15 895 2 0.001 1.275615921840497 0.00074697233373779211 0.0088098583333743961 0.0014469212435275721 0.0035166622651577667 0.0019831734899068833 0 -0.0010310349089944282 214.98837233994183 OK 13 12 0.72926299999999999 0.682647 0.19087399999999999 0.53238399999999997 0.39723000000000003 0 0.19687900000000003 0.28541699999999998 0.19087399999999999 0.0088859999999999998 0.0089099999999999995 0.0080890000000000007 0.16080799999999998 0.251301 0.16021900000000006 0.0044759999999999999 0.005045 0.0041399999999999996 0.00093599999999999998 0.0011019999999999999 0.00093300000000000002 214.98832502474369 214.98832502474369 214.98832502474369 0.13494320852076605 0.13494320852076605 0.13494320852076605 1 1 1 Converged Converged Converged OK OK OK 105 105 105 105 105 105 7 7 7 0 0 0 0 1 0 0 1
89 89 uniform 0 23 895 3 0.001 1.275615921840497 0.00074697233373779211 0.0088098583333743961 0.0014469212435275721 0.0035166622651577667 0.0032088929102024513 0 -0.002256754329289996 210.54103403400725 OK 13 12 0.70630199999999999 0.65817199999999998 0.187277 0.51560099999999998 0.38360499999999997 0 0.19070100000000001 0.27456700000000001 0.187277 0.0087639999999999992 0.0088430000000000002 0.0079930000000000001 0.15832900000000003 0.24178400000000005 0.15701300000000001 0.0043359999999999996 0.0045389999999999996 0.0040800000000000003 0.00092699999999999998 0.00097900000000000027 0.00090899999999999987 210.54098392663377 210.54098392663377 210.54098392663377 0.13490008567191761 0.13490008567191761 0.13490008567191761 1 1 1 Converged Converged Converged OK OK OK 105 105 105 105 105 105 7 7 7 0 0 0 0 1 0 0 1
89 89 uniform 0 0 895 0 0.0001 1.275615921840497 0.00074697233373779211 0.0088098583333743961 0.0014469212435275721 0.0035166622651577667 -0.00031505042314730722 0 0.0012671890040597622 216.77224938776598 OK 13 12 0.79426300000000005 0.78991 0.21093700000000001 0.58257899999999996 0.57708199999999998 0 0.21168400000000009 0.21282800000000002 0.21093700000000001 0.0093170000000000006 0.0097479999999999997 0.0092750000000000003 0.16701699999999994 0.16781500000000002 0.16650599999999999 0.0045439999999999994 0.0045399999999999998 0.0046860000000000001 0.0010820000000000001 0.0011000000000000001 0.0010989999999999999 216.77223602695224 216.77223602695224 216.77223602695224 0.0030685648197522216 0.0030685648197522216 0.0030685648197522216 1 1 1 Converged Converged Converged OK OK OK 113 113 113 113 113 113 7 7 7 0 0 0 0 0 1 0 0
89 89 uniform 0 7 895 1 0.0001 1.275615921840497 0.00074697233373779211 0.0088098583333743961 0.0014469212435275721 0.0035166622651577667 0.00075745406961131515 0 0.00019468451130113986 216.97424870560548 OK 13 12 0.68076300000000001 0.62021899999999996 0.201156 0.48112500000000002 0.33641599999999999 0 0.19963799999999998 0.28380299999999997 0.201156 0.0087930000000000005 0.0087039999999999999 0.0080909999999999992 0.16493200000000005 0.24956800000000004 0.16455899999999993 0.0045719999999999997 0.0046489999999999995 0.0046149999999999993 0.0010970000000000001 0.0010830000000000002 0.0010630000000000001 216.97423819023081 216.97423819023081 216.97423819023081 0.0030701158928278091 0.0030701158928278091 0.0030701158928278091 1 1 1 Converged Converged Converged OK OK OK 113 113 113 113 113 113 7 7 7 0 0 0 0 1 0 0 1
89 89 uniform 0 15 895 2 0.0001 1.275615921840497 0.00074697233373779211 0.0088098583333743961 0.0014469212435275721 0.0035166622651577667 0.0019831734899068833 0 -0.0010310349089944282 214.98837233994183 OK 13 12 0.74138800000000005 0.68678600000000001 0.199347 0.53457399999999999 0.39500999999999997 0 0.20681400000000005 0.29177600000000004 0.199347 0.013774 0.0089160000000000003 0.0081060000000000004 0.16737800000000005 0.25062999999999991 0.16626700000000005 0.0046749999999999995 0.010684000000000001 0.0047699999999999999 0.001075 0.00116 0.0010660000000000001 214.98836185275096 214.98836185275096 214.98836185275096 0.0030714475500190517 0.0030714475500190517 0.0030714475500190517 1 1 1 Converged Converged Converged OK OK OK 113 113 113 113 113 113 7 7 7 0 0 0 0 1 0 0 1
89 89 uniform 0 23 895 3 0.0001 1.275615921840497 0.00074697233373779211 0.0088098583333743961 0.0014469212435275721 0.0035166622651577667 0.0032088929102024513 0 -0.002256754329289996 210.54103403400725 OK 13 12 0.71621299999999999 0.66440500000000002 0.19659599999999999 0.51686799999999999 0.38040099999999999 0 0.19934499999999999 0.28400400000000003 0.19659599999999999 0.0087799999999999996 0.0087349999999999997 0.0080280000000000004 0.16456799999999996 0.24917799999999993 0.16379399999999994 0.0049830000000000004 0.004875 0.0045900000000000003 0.0010709999999999999 0.0011389999999999998 0.001083 210.5410207587538 210.5410207587538 210.5410207587538 0.0030723179872641174 0.0030723179872641174 0.0030723179872641174 1 1 1 Converged Converged Converged OK OK OK 113 113 113 113 113 113 7 7 7 0 0 0 0 1 0 0 1
89 89 uniform 1 0 896 0 0.001 1.275615921840497 0.00074697233373779211 0.0088098583333743961 -0.53203532455532976 -0.0052185046782276248 -0.53379729622200467 0 0.53474943480291715 3.6904952121583112 OK 16 15 0.71806000000000003 0.71968699999999997 0.225051 0.50590500000000005 0.50432999999999995 0 0.21215499999999998 0.21535700000000002 0.225051 0.011535 0.011193 0.012093 0.16585500000000006 0.16972200000000001 0.17756199999999997 0.004431 0.0044530000000000004 0.0050509999999999991 0.0012079999999999999 0.0010759999999999999 0.001224 3.6904649827745453 3.6904649827745453 3.6904649827745453 0.00189250557987323 0.00189250557987323 0.00189250557987323 1 1 1 Converged Converged Converged OK OK OK 104 104 104 104 104 104 8 8 8 0 0 0 0 0 1 0 0
89 89 uniform 1 7 896 1 0.001 1.275615921840497 0.00074697233373779211 0.0088098583333743961 -0.53203532455532976 -0.0052185046782276248 -0.53272479172924603 0 0.5336769303101585 3.7257619854479787 OK 16 15 0.61414500000000005 0.49673499999999998 0.208205 0.40755999999999998 0.27278400000000003 0 0.20658500000000007 0.22395099999999996 0.208205 0.010352 0.010305 0.011096 0.17108200000000007 0.18881700000000001 0.17205800000000004 0.004385 0.0043330000000000009 0.0045349999999999991 0.001021 0.001008 0.001059 3.7257302310327298 3.7257302310327298 3.7257302310327298 0.002072104458133718 0.002072104458133718 0.002072104458133718 1 1 1 Converged Converged Converged OK OK OK 104 104 104 104 104 104 8 8 8 0 0 0 0 1 0 0 1
89 89 uniform 1 15 896 2 0.001 1.275615921840497 0.00074697233373779211 0.0088098583333743961 -0.53203532455532976 -0.0052185046782276248 -0.53149907230895044 0 0.53245121088986291 3.7642562045385666 OK 16 15 0.70130199999999998 0.58702299999999996 0.219745 0.48051700000000003 0.34561500000000001 0 0.22078499999999995 0.24140799999999996 0.219745 0.01221 0.011873999999999999 0.011305000000000001 0.18046499999999999 0.20126099999999997 0.180454 0.004679 0.004823 0.0048370000000000002 0.0011819999999999999 0.0012099999999999999 0.0012130000000000001 3.7642304707633416 3.7642304707633416 3.7642304707633416 0.0023149783939956843 0.0023149783939956843 0.0023149783939956843 1 1 1 Converged Converged Converged OK OK OK 112 112 112 112 112 112 8 8 8 0 0 0 0 1 0 0 1
89 89 uniform 1 23 896 3 0.001 1.275615921840497 0.00074697233373779211 0.0088098583333743961 -0.53203532455532976 -0.0052185046782276248 -0.53027335288865485 0 0.53122549146956732 3.8003898287795517 OK 16 15 0.72252300000000003 0.61981200000000003 0.211947 0.50783800000000001 0.36987300000000001 0 0.21468500000000001 0.24993900000000002 0.211947 0.011827000000000001 0.013122 0.011054 0.17596699999999996 0.20691299999999996 0.17483799999999997 0.0048050000000000002 0.0063720000000000001 0.0046180000000000006 0.001181 0.001341 0.001173 3.8003733038891938 3.8003733038891938 3.8003733038891938 0.002622614907275311 0.002622614907275311 0.002622614907275311 1 1 1 Converged Converged Converged OK OK OK 112 112 112 112 112 112 8 8 8 0 0 0 0 1 0 0 1
89 89 uniform 1 0 896 0 0.0001 1.275615921840497 0.00074697233373779211 0.0088098583333743961 -0.53203532455532976 -0.0052185046782276248 -0.53379729622200467 0 0.53474943480291715 3.6904952121583112 OK 16 15 0.83111000000000002 0.82482299999999997 0.31798300000000002 0.50932599999999995 0.50350700000000004 0 0.32178400000000007 0.32131599999999993 0.31798300000000002 0.011403999999999999 0.011231 0.010853 0.25185099999999999 0.252911 0.24824199999999988 0.0082249999999999997 0.0083359999999999997 0.0080759999999999998 0.001913 0.0017519999999999999 0.0017910000000000001 3.690490261917299 3.690490261917299 3.690490261917299 0.00022333092961625978 0.00022333092961625978 0.00022333092961625978 1 1 1 Converged Converged Converged OK OK OK 168 168 168 168 168 168 8 8 8 0 0 0 0 0 1 0 0
89 89 uniform 1 7 896 1 0.0001 1.275615921840497 0.00074697233373779211 0.0088098583333743961 -0.53203532455532976 -0.0052185046782276248 -0.53272479172924603 0 0.5336769303101585 3.7257619854479787 OK 16 15 0.705816 0.60736500000000004 0.29433300000000001 0.41111599999999998 0.27415899999999999 0 0.29470000000000002 0.33320600000000006 0.29433300000000001 0.01017 0.010423 0.0096679999999999995 0.24553000000000003 0.28103299999999992 0.24618299999999999 0.0077559999999999999 0.0090079999999999986 0.0077820000000000007 0.0014910000000000001 0.001725 0.001526 3.725756545282604 3.725756545282604 3.725756545282604 0.00031560754204019417 0.00031560754204019417 0.00031560754204019417 1 1 1 Converged Converged Converged OK OK OK 160 160 160 160 160 160 8 8 8 0 0 0 0 1 0 0 1
89 89 uniform 1 15 896 2 0.0001 1.275615921840497 0.00074697233373779211 0.0088098583333743961 -0.53203532455532976 -0.0052185046782276248 -0.53149907230895044 0 0.53245121088986291 3.7642562045385666 OK 16 15 0.78909499999999999 0.69345800000000002 0.30619499999999999 0.482738 0.345165 0 0.30635699999999999 0.34829300000000002 0.30619499999999999 0.011887 0.011908 0.011277000000000001 0.25386599999999987 0.29526599999999997 0.25471400000000005 0.008265999999999999 0.0083549999999999996 0.0083339999999999994 0.0017419999999999998 0.0016980000000000001 0.0016860000000000002 3.7642527635105907 3.7642527635105907 3.7642527635105907 0.00023834506013311672 0.00023834506013311672 0.00023834506013311672 1 1 1 Converged Converged Converged OK OK OK 168 168 168 168 168 168 8 8 8 0 0 0 0 1 0 0 1
89 89 uniform 1 23 896 3 0.0001 1.275615921840497 0.00074697233373779211 0.0088098583333743961 -0.53203532455532976 -0.0052185046782276248 -0.53027335288865485 0 0.53122549146956732 3.8003898287795517 OK 16 15 0.81064400000000003 0.71760400000000002 0.30020599999999997 0.50931700000000002 0.37353599999999998 0 0.30132700000000001 0.34406800000000004 0.30020599999999997 0.011743 0.012052999999999999 0.011122999999999999 0.24918100000000004 0.29084499999999996 0.24915999999999996 0.0080129999999999993 0.0083740000000000012 0.0082120000000000005 0.0017049999999999999 0.0017329999999999999 0.0016500000000000002 3.8003879351230485 3.8003879351230485 3.8003879351230485 0.00023196879522212753 0.00023196879522212753 0.00023196879522212753 1 1 1 Converged Converged Converged OK OK OK 168 168 168 168 168 168 8 8 8 0 0 0 0 1 0 0 1
89 89 uniform 2 0 897 0 0.001 1.275615921840497 0.00074697233373779211 0.0088098583333743961 -0.50134704556341136 -0.025194507546615615 -0.50310901723008628 0 0.50406115581099875 2.1163432513751186 OK 13 12 0.35228599999999999 0.34526800000000002 0.064463000000000006 0.28713499999999997 0.28059499999999998 0 0.065151000000000014 0.064673000000000036 0.064463000000000006 0.0089680000000000003 0.0089219999999999994 0.0088009999999999998 0.039878999999999998 0.040031999999999998 0.039514999999999988 0.0022689999999999997 0.002245 0.0024870000000000001 0.00062200000000000005 0.00059900000000000003 0.00060899999999999995 2.1163432315200881 2.1163432315200881 2.1163432315200881 0.00058850760953531105 0.00058850760953531105 0.00058850760953531105 1 1 1 Converged Converged Converged OK OK OK 45 45 45 45 45 45 3 3 3 0 0 0 0 0 1 0 0
89 89 uniform 2 7 897 1 0.001 1.275615921840497 0.00074697233373779211 0.0088098583333743961 -0.50134704556341136 -0.025194507546615615 -0.50203651273732763 0 0.50298865131824011 2.1441630074451608 OK 13 12 0.34538799999999997 0.22270000000000001 0.061180999999999999 0.282804 0.13938700000000001 0 0.062583999999999973 0.083312999999999998 0.061180999999999999 0.0082749999999999994 0.008267 0.0076990000000000001 0.040151000000000006 0.060801000000000001 0.039713999999999999 0.0023020000000000002 0.0022990000000000003 0.0022790000000000002 0.00058599999999999993 0.00058900000000000001 0.00056300000000000002 2.1441629766679475 2.1441629766679475 2.1441629766679475 0.00060459894739319875 0.00060459894739319875 0.00060459894739319875 1 1 1 Converged Converged Converged OK OK OK 45 45 45 45 45 45 3 3 3 0 0 0 0 1 0 0 1
89 89 uniform 2 15 897 2 0.001 1.275615921840497 0.00074697233373779211 0.0088098583333743961 -0.50134704556341136 -0.025194507546615615 -0.50081079331703204 0 0.50176293189794452 2.3007070086835144 OK 14 13 0.41161999999999999 0.284696 0.097090999999999997 0.30965900000000002 0.16972200000000001 0 0.10196099999999997 0.11497399999999999 0.097090999999999997 0.015009 0.011722 0.011162999999999999 0.066064000000000012 0.082632999999999984 0.065410999999999969 0.0029659999999999999 0.0030569999999999998 0.0030920000000000001 0.00090600000000000001 0.00088700000000000009 0.00085599999999999999 2.3007208581301879 2.3007208581301879 2.3007208581301879 0.0010925776521468439 0.0010925776521468439 0.0010925776521468439 1 1 1 Converged Converged Converged OK OK OK 67 67 67 67 67 67 5 5 5 0 0 0 0 1 0 0 1
89 89 uniform 2 23 897 3 0.001 1.275615921840497 0.00074697233373779211 0.0088098583333743961 -0.50134704556341136 -0.025194507546615615 -0.49958507389673651 0 0.50053721247764893 2.5941541583025844 OK 13 12 0.40098 0.27871400000000002 0.103324 0.29788399999999998 0.15548500000000001 0 0.10309600000000002 0.12322900000000001 0.103324 0.0087580000000000002 0.0086960000000000006 0.0092980000000000007 0.072688000000000003 0.093414999999999984 0.073746999999999993 0.0040639999999999999 0.0039529999999999999 0.0034189999999999997 0.00091099999999999992 0.00087499999999999991 0.00077400000000000017 2.5941623302403327 2.5941623302403327 2.5941623302403327 0.0021393446786424223 0.0021393446786424223 0.0021393446786424223 1 1 1 Converged Converged Converged OK OK OK 82 82 82 82 82 82 6 6 6 0 0 0 0 1 0 0 1
89 89 uniform 2 0 897 0 0.0001 1.275615921840497 0.00074697233373779211 0.0088098583333743961 -0.50134704556341136 -0.025194507546615615 -0.50310901723008628 0 0.50406115581099875 2.1163432513751186 OK 13 12 0.38771800000000001 0.39230300000000001 0.102118 0.28479500000000002 0.28696199999999999 0 0.10292299999999999 0.10534100000000002 0.102118 0.0091439999999999994 0.0093629999999999998 0.0090170000000000007 0.065815999999999986 0.067001000000000005 0.065377000000000005 0.0040990000000000002 0.0048190000000000004 0.0041279999999999997 0.00087500000000000002 0.001 0.00084599999999999986 2.1163432344613651 2.1163432344613651 2.1163432344613651 0.0001105476176007062 0.0001105476176007062 0.0001105476176007062 1 1 1 Converged Converged Converged OK OK OK 77 77 77 77 77 77 3 3 3 0 0 0 0 0 1 0 0
89 89 uniform 2 7 897 1 0.0001 1.275615921840497 0.00074697233373779211 0.0088098583333743961 -0.50134704556341136 -0.025194507546615615 -0.50203651273732763 0 0.50298865131824011 2.1441630074451608 OK 13 12 0.38299499999999997 0.28174700000000003 0.096265000000000003 0.28488799999999997 0.14243900000000001 0 0.098107 0.13930800000000002 0.096265000000000003 0.0084690000000000008 0.0083389999999999992 0.0078169999999999993 0.065230999999999983 0.10686499999999996 0.065016000000000018 0.004117 0.0041650000000000003 0.0039849999999999998 0.00090499999999999999 0.00082400000000000008 0.000803 2.1441629795967159 2.1441629795967159 2.1441629795967159 0.00012503299838590993 0.00012503299838590993 0.00012503299838590993 1 1 1 Converged Converged Converged OK OK OK 77 77 77 77 77 77 3 3 3 0 0 0 0 1 0 0 1
89 89 uniform 2 15 897 2 0.0001 1.275615921840497 0.00074697233373779211 0.0088098583333743961 -0.50134704556341136 -0.025194507546615615 -0.50081079331703204 0 0.50176293189794452 2.3007070086835144 OK 14 13 0.46511000000000002 0.37379400000000002 0.153532 0.30786400000000003 0.17028499999999999 0 0.157246 0.20350900000000002 0.153532 0.011615 0.011944 0.011325999999999999 0.10981400000000001 0.15516199999999997 0.1069 0.0058029999999999991 0.0062840000000000005 0.0057539999999999996 0.001237 0.0014239999999999999 0.0012790000000000002 2.3007068308434611 2.3007068308434611 2.3007068308434611 0.00014001277839061787 0.00014001277839061787 0.00014001277839061787 1 1 1 Converged Converged Converged OK OK OK 115 115 115 115 115 115 5 5 5 0 0 0 0 1 0 0 1
89 89 uniform 2 23 897 3 0.0001 1.275615921840497 0.00074697233373779211 0.0088098583333743961 -0.50134704556341136 -0.025194507546615615 -0.49958507389673651 0 0.50053721247764893 2.5941541583025844 OK 13 12 0.45935300000000001 0.35517100000000001 0.15456700000000001 0.30249999999999999 0.15778500000000001 0 0.15685300000000002 0.19738600000000001 0.15456700000000001 0.0087329999999999994 0.0087530000000000004 0.008201 0.11257099999999999 0.15299800000000002 0.11201699999999994 0.0062799999999999991 0.0065059999999999996 0.0060070000000000002 0.0014579999999999997 0.0015300000000000001 0.0014320000000000001 2.5941550452413855 2.5941550452413855 2.5941550452413855 0.00013601322984045189 0.00013601322984045189 0.00013601322984045189 1 1 1 Converged Converged Converged OK OK OK 130 130 130 130 130 130 6 6 6 0 0 0 0 1 0 0 1
89 89 uniform 3 0 898 0 0.001 1.275615921840497 0.00074697233373779211 0.0088098583333743961 -0.0021602655811817917 0.01513274773708157 -0.0039222372478566712 0 0.0048743758287691265 65.210608361551195 OK 13 12 0.61688900000000002 0.611097 0.094366000000000005 0.51999899999999999 0.51600000000000001 0 0.096890000000000032 0.095096999999999987 0.094366000000000005 0.010973 0.010839 0.010494 0.068289000000000016 0.067560999999999982 0.067307999999999993 0.0025969999999999999 0.0022409999999999999 0.0022599999999999999 0.00056899999999999995 0.00054999999999999992 0.00057700000000000004 65.210622180562851 65.210622180562851 65.210622180562851 0.049834544076864398 0.049834544076864398 0.049834544076864398 1 1 1 Converged Converged Converged OK OK OK 51 51 51 51 51 51 5 5 5 0 0 0 0 0 1 0 0
89 89 uniform 3 7 898 1 0.001 1.275615921840497 0.00074697233373779211 0.0088098583333743961 -0.0021602655811817917 0.01513274773708157 -0.0028497327550980485 0 0.0038018713360105033 66.68909069257208 OK 13 12 0.56445900000000004 0.53971899999999995 0.092663999999999996 0.46966200000000002 0.33214900000000003 0 0.09479700000000002 0.20756999999999992 0.092663999999999996 0.0098480000000000009 0.0099229999999999995 0.0092680000000000002 0.070086999999999997 0.18299199999999993 0.069818000000000019 0.0024139999999999999 0.0024199999999999998 0.0022309999999999999 0.00052699999999999991 0.000553 0.00048300000000000009 66.689094759614761 66.689094759614761 66.689094759614761 0.036633994849513823 0.036633994849513823 0.036633994849513823 1 1 1 Converged Converged Converged OK OK OK 51 51 51 51 51 51 5 5 5 0 0 0 0 1 0 0 1
89 89 uniform 3 15 898 2 0.001 1.275615921840497 0.00074697233373779211 0.0088098583333743961 -0.0021602655811817917 0.01513274773708157 -0.0016240133348024806 0 0.0025761519157149358 68.051669798603953 OK 13 12 0.51622699999999999 0.50443400000000005 0.102272 0.41244599999999998 0.27641100000000002 0 0.10378100000000001 0.22802300000000003 0.102272 0.0095300000000000003 0.0095029999999999993 0.0088819999999999993 0.077189999999999967 0.20103100000000002 0.077107999999999996 0.002578 0.0029090000000000001 0.0025970000000000003 0.00072599999999999987 0.00075500000000000003 0.00071600000000000006 68.051680692631564 68.051680692631564 68.051680692631564 0.011614079914301892 0.011614079914301892 0.011614079914301892 1 1 1 Converged Converged Converged OK OK OK 59 59 59 59 59 59 5 5 5 0 0 0 0 1 0 0 1
89 89 uniform 3 23 898 3 0.001 1.275615921840497 0.00074697233373779211 0.0088098583333743961 -0.0021602655811817917 0.01513274773708157 -0.00039829391450691234 0 0.0013504324954193674 68.996259169719522 OK 13 12 0.64073100000000005 0.61504899999999996 0.097338999999999995 0.53816200000000003 0.40862599999999999 0 0.10256900000000002 0.20642299999999997 0.097338999999999995 0.0096869999999999994 0.0097780000000000002 0.0090939999999999997 0.079467999999999969 0.182666 0.075413000000000036 0.002075 0.0023049999999999998 0.0019939999999999997 0.00056300000000000002 0.00057899999999999998 0.000571 68.996241969289869 68.996241969289869 68.996241969289869 0.050295318412078342 0.050295318412078342 0.050295318412078342 1 1 1 Converged Converged Converged OK OK OK 51 51 51 51 51 51 5 5 5 0 0 0 0 1 0 0 1
89 89 uniform 3 0 898 0 0.0001 1.275615921840497 0.00074697233373779211 0.0088098583333743961 -0.0021602655811817917 0.01513274773708157 -0.0039222372478566712 0 0.0048743758287691265 65.210608361551195 OK 13 12 0.66392200000000001 0.66770099999999999 0.144117 0.51944199999999996 0.52121300000000004 0 0.14448000000000005 0.14648799999999995 0.144117 0.01072 0.011018 0.010437 0.101857 0.10267500000000003 0.101775 0.0043889999999999997 0.005228 0.0050479999999999995 0.001008 0.0010690000000000001 0.00099200000000000004 65.210606664356689 65.210606664356689 65.210606664356689 0.00098305456459877303 0.00098305456459877303 0.00098305456459877303 1 1 1 Converged Converged Converged OK OK OK 91 91 91 91 91 91 5 5 5 0 0 0 0 0 1 0 0
89 89 uniform 3 7 898 1 0.0001 1.275615921840497 0.00074697233373779211 0.0088098583333743961 -0.0021602655811817917 0.01513274773708157 -0.0028497327550980485 0 0.0038018713360105033 66.68909069257208 OK 13 12 0.59500900000000001 0.62508300000000006 0.12031699999999999 0.46902199999999999 0.33323399999999997 0 0.12598700000000002 0.29184900000000008 0.12031699999999999 0.0098340000000000007 0.0098209999999999999 0.0092280000000000001 0.095212999999999992 0.255357 0.090737000000000012 0.0034019999999999996 0.0039189999999999997 0.003447 0.00080300000000000011 0.00091200000000000005 0.00079000000000000012 66.689088514981663 66.689088514981663 66.689088514981663 0.003290653035445127 0.003290653035445127 0.003290653035445127 1 1 1 Converged Converged Converged OK OK OK 75 75 75 75 75 75 5 5 5 0 0 0 0 1 0 0 1
89 89 uniform 3 15 898 2 0.0001 1.275615921840497 0.00074697233373779211 0.0088098583333743961 -0.0021602655811817917 0.01513274773708157 -0.0016240133348024806 0 0.0025761519157149358 68.051669798603953 OK 13 12 0.53579500000000002 0.56845100000000004 0.122144 0.407779 0.27672799999999997 0 0.12801600000000002 0.29172300000000007 0.122144 0.013627999999999999 0.0096659999999999992 0.0088240000000000002 0.095112999999999948 0.26160900000000009 0.094340000000000035 0.00349 0.003882 0.0034519999999999998 0.00086899999999999998 0.00086499999999999988 0.00080199999999999998 68.051667271008355 68.051667271008355 68.051667271008355 0.0029719694043371914 0.0029719694043371914 0.0029719694043371914 1 1 1 Converged Converged Converged OK OK OK 75 75 75 75 75 75 5 5 5 0 0 0 0 1 0 0 1
89 89 uniform 3 23 898 3 0.0001 1.275615921840497 0.00074697233373779211 0.0088098583333743961 -0.0021602655811817917 0.01513274773708157 -0.00039829391450691234 0 0.0013504324954193674 68.996259169719522 OK 13 12 0.65855799999999998 0.68660100000000002 0.115162 0.53986900000000004 0.40501599999999999 0 0.11868899999999993 0.28158500000000003 0.115162 0.0098230000000000001 0.0097929999999999996 0.0091120000000000003 0.090021000000000004 0.25351600000000002 0.088894999999999988 0.003405 0.0032070000000000002 0.0027880000000000001 0.00087399999999999999 0.00086600000000000002 0.00092499999999999993 68.99625787674475 68.99625787674475 68.99625787674475 0.0042557742761161685 0.0042557742761161685 0.0042557742761161685 1 1 1 Converged Converged Converged OK OK OK 67 67 67 67 67 67 5 5 5 0 0 0 0 1 0 0 1
89 89 uniform 4 0 899 0 0.001 1.275615921840497 0.00074697233373779211 0.0088098583333743961 -0.0056896717330056036 -0.017504292882163878 -0.0074516433996804831 0 0.0084037819805929375 52.482506645414041 OK 13 12 0.63149100000000002 0.631498 0.11304 0.51400800000000002 0.51733399999999996 0 0.117483 0.11416400000000004 0.11304 0.010538 0.01065 0.010264000000000001 0.084922000000000039 0.081942000000000015 0.081569000000000003 0.0028530000000000001 0.0029049999999999996 0.0028890000000000001 0.00080699999999999999 0.00077899999999999996 0.00081700000000000002 52.482509437788835 52.482509437788835 52.482509437788835 0.021385201232371271 0.021385201232371271 0.021385201232371271 1 1 1 Converged Converged Converged OK OK OK 67 67 67 67 67 67 5 5 5 0 0 0 0 0 1 0 0
89 89 uniform 4 7 899 1 0.001 1.275615921840497 0.00074697233373779211 0.0088098583333743961 -0.0056896717330056036 -0.017504292882163878 -0.0063791389069218609 0 0.0073312774878343161 53.831867922473627 OK 13 12 0.62650600000000001 0.62120900000000001 0.10015300000000001 0.52422500000000005 0.38893100000000003 0 0.10228099999999996 0.23227799999999998 0.10015300000000001 0.0094500000000000001 0.0095469999999999999 0.0087569999999999992 0.076577000000000006 0.20682299999999995 0.076221000000000039 0.0026280000000000001 0.0026220000000000002 0.0024710000000000001 0.00067299999999999999 0.00069900000000000008 0.00064700000000000001 53.831870307306943 53.831870307306943 53.831870307306943 0.049322214226799867 0.049322214226799867 0.049322214226799867 1 1 1 Converged Converged Converged OK OK OK 59 59 59 59 59 59 5 5 5 0 0 0 0 1 0 0 1
89 89 uniform 4 15 899 2 0.001 1.275615921840497 0.00074697233373779211 0.0088098583333743961 -0.0056896717330056036 -0.017504292882163878 -0.0051534194866262924 0 0.0061055580675387477 55.263109358267158 OK 13 12 0.506104 0.49657600000000002 0.098746 0.40608100000000003 0.26961499999999999 0 0.10002299999999997 0.22696100000000002 0.098746 0.0091870000000000007 0.0095119999999999996 0.0088409999999999999 0.075024000000000007 0.20127900000000004 0.074465999999999977 0.0024819999999999998 0.0026400000000000004 0.002516 0.00071799999999999989 0.00074200000000000004 0.00072499999999999995 55.263110468606548 55.263110468606548 55.263110468606548 0.023362724733474054 0.023362724733474054 0.023362724733474054 1 1 1 Converged Converged Converged OK OK OK 59 59 59 59 59 59 5 5 5 0 0 0 0 1 0 0 1
89 89 uniform 4 23 899 3 0.001 1.275615921840497 0.00074697233373779211 0.0088098583333743961 -0.0056896717330056036 -0.017504292882163878 -0.003927700066330724 0 0.0048798386472431792 56.534677433231579 OK 13 12 0.64748799999999995 0.62892300000000001 0.091646000000000005 0.55022400000000005 0.41792699999999999 0 0.097263999999999906 0.21099600000000002 0.091646000000000005 0.0098160000000000001 0.0096729999999999993 0.0090279999999999996 0.073240999999999987 0.18681600000000004 0.069110000000000005 0.0022310000000000003 0.002366 0.0020879999999999996 0.00053700000000000004 0.00055699999999999999 0.00053499999999999999 56.53468231974459 56.53468231974459 56.53468231974459 0.034425296751456495 0.034425296751456495 0.034425296751456495 1 1 1 Converged Converged Converged OK OK OK 51 51 51 51 51 51 5 5 5 0 0 0 0 1 0 0 1
89 89 uniform 4 0 899 0 0.0001 1.275615921840497 0.00074697233373779211 0.0088098583333743961 -0.0056896717330056036 -0.017504292882163878 -0.0074516433996804831 0 0.0084037819805929375 52.482506645414041 OK 13 12 0.65197799999999995 0.64906600000000003 0.13045999999999999 0.52085499999999996 0.51708299999999996 0 0.13112299999999999 0.13198300000000007 0.13045999999999999 0.010736000000000001 0.010704 0.010371 0.092753999999999989 0.093275999999999984 0.092671000000000059 0.0037530000000000003 0.0038320000000000003 0.0037730000000000003 0.00098200000000000002 0.001018 0.000977 52.482505837242485 52.482505837242485 52.482505837242485 0.00036754156063168071 0.00036754156063168071 0.00036754156063168071 1 1 1 Converged Converged Converged OK OK OK 83 83 83 83 83 83 5 5 5 0 0 0 0 0 1 0 0
89 89 uniform 4 7 899 1 0.0001 1.275615921840497 0.00074697233373779211 0.0088098583333743961 -0.0056896717330056036 -0.017504292882163878 -0.0063791389069218609 0 0.0073312774878343161 53.831867922473627 OK 13 12 0.65001799999999998 0.70344499999999999 0.12193900000000001 0.52678100000000005 0.39163999999999999 0 0.12323699999999993 0.311805 0.12193900000000001 0.0093449999999999991 0.0094839999999999994 0.0087690000000000008 0.09167900000000001 0.27897600000000006 0.091376000000000027 0.0036700000000000001 0.0038519999999999995 0.00364 0.00092299999999999999 0.001018 0.00095100000000000002 53.831867198362779 53.831867198362779 53.831867198362779 0.00085228363923907716 0.00085228363923907716 0.00085228363923907716 1 1 1 Converged Converged Converged OK OK OK 83 83 83 83 83 83 5 5 5 0 0 0 0 1 0 0 1
89 89 uniform 4 15 899 2 0.0001 1.275615921840497 0.00074697233373779211 0.0088098583333743961 -0.0056896717330056036 -0.017504292882163878 -0.0051534194866262924 0 0.0061055580675387477 55.263109358267158 OK 13 12 0.537879 0.58664400000000005 0.119294 0.41336499999999998 0.26936300000000002 0 0.12451400000000001 0.31728100000000004 0.119294 0.0097269999999999995 0.0094710000000000003 0.0088719999999999997 0.091315999999999981 0.28479399999999988 0.088778000000000024 0.0039870000000000001 0.0037650000000000001 0.0035119999999999999 0.001039 0.0010009999999999999 0.00098400000000000007 55.263108688195935 55.263108688195935 55.263108688195935 0.0027071096152560632 0.0027071096152560632 0.0027071096152560632 1 1 1 Converged Converged Converged OK OK OK 83 83 83 83 83 83 5 5 5 0 0 0 0 1 0 0 1
89 89 uniform 4 23 899 3 0.0001 1.275615921840497 0.00074697233373779211 0.0088098583333743961 -0.0056896717330056036 -0.017504292882163878 -0.003927700066330724 0 0.0048798386472431792 56.534677433231579 OK 13 12 0.69964199999999999 0.77421300000000004 0.1376 0.56005899999999997 0.41882000000000003 0 0.13958300000000001 0.35539300000000001 0.1376 0.0098169999999999993 0.0096550000000000004 0.0090740000000000005 0.10230200000000003 0.3179050000000001 0.10185000000000004 0.0045660000000000006 0.0045519999999999996 0.0042510000000000004 0.00099300000000000018 0.00098299999999999993 0.00097799999999999992 56.534677065190373 56.534677065190373 56.534677065190373 0.0034160490959871735 0.0034160490959871735 0.0034160490959871735 1 1 1 Converged Converged Converged OK OK OK 91 91 91 91 91 91 5 5 5 0 0 0 0 1 0 0 1
90 90 linear 0 0 900 0 0.001 0.81281723120675509 0.0024529729118915561 0.51836227852783645 0.0092845998917221173 0.15986627100973821 -0.094387855813845178 0.5 0.096376795648775576 4.0764334427309743 OK 12 11 0.606877 0.604182 0.28820200000000001 0.31637700000000002 0.31206899999999999 0 0.29049999999999998 0.29211300000000001 0.28820200000000001 0.0089280000000000002 0.012937000000000001 0.0089119999999999998 0.25133099999999997 0.24825099999999994 0.24940500000000004 0.0040800000000000003 0.0044900000000000001 0.003885 0.001075 0.0011069999999999999 0.001085 4.0763657693855011 4.0763657693855011 4.0763657693855011 0.002946978111211859 0.002946978111211859 0.002946978111211859 1 1 1 Converged Converged Converged OK OK OK 94 94 94 94 94 94 10 10 10 0 0 0 0 0 1 0 0
90 90 linear 0 7 900 1 0.001 0.81281723120675509 0.0024529729118915561 0.51836227852783645 0.0092845998917221173 0.15986627100973821 -0.031282882775673773 0.5 0.033271822610604171 4.1204775430757712 OK 13 12 0.66153899999999999 0.48369600000000001 0.33418199999999998 0.313751 0.14224200000000001 0 0.34778799999999999 0.34145400000000004 0.33418199999999998 0.011664000000000001 0.010737 0.010526000000000001 0.31207800000000008 0.30507199999999995 0.30000099999999985 0.0041050000000000001 0.0048479999999999999 0.0042280000000000009 0.00097899999999999984 0.001111 0.0010530000000000001 4.120380016581616 4.120380016581616 4.120380016581616 0.0035305130342634704 0.0035305130342634704 0.0035305130342634704 1 1 1 Converged Converged Converged OK OK OK 101 101 101 101 101 101 11 11 11 0 0 0 0 1 0 0 1
90 90 linear 0 15 900 2 0.001 0.81281723120675509 0.0024529729118915561 0.51836227852783645 0.0092845998917221173 0.15986627100973821 0.04083708641080782 0.5 -0.038848146575877422 4.1183048605861989 OK 13 12 0.64765099999999998 0.47153699999999998 0.313384 0.32174799999999998 0.15140799999999999 0 0.325903 0.320129 0.313384 0.010286 0.010246 0.0095670000000000009 0.28881499999999993 0.28207199999999988 0.27760100000000004 0.0043699999999999998 0.0049350000000000002 0.0047369999999999999 0.0011249999999999999 0.0013029999999999999 0.001121 4.1183175424608303 4.1183175424608303 4.1183175424608303 0.0011267726535499295 0.0011267726535499295 0.0011267726535499295 1 1 1 Converged Converged Converged OK OK OK 109 109 109 109 109 109 11 11 11 0 0 0 0 1 0 0 1
90 90 linear 0 23 900 3 0.001 0.81281723120675509 0.0024529729118915561 0.51836227852783645 0.0092845998917221173 0.15986627100973821 0.11295705559728941 0.5 -0.11096811576235902 4.0601661173691816 OK 14 13 0.65900700000000001 0.49076799999999998 0.33333200000000002 0.31858700000000001 0.15801499999999999 0 0.34042 0.33275299999999997 0.33333200000000002 0.010758999999999999 0.010959 0.010541999999999999 0.30076400000000003 0.29388899999999996 0.29725399999999991 0.0058780000000000004 0.0052460000000000007 0.004274 0.001495 0.001575 0.0012569999999999999 4.0602385214368768 4.0602385214368768 4.0602385214368768 0.0034634825954653189 0.0034634825954653189 0.0034634825954653189 1 1 1 Converged Converged Converged OK OK OK 116 116 116 116 116 116 12 12 12 0 0 0 0 1 0 0 1
90 90 linear 0 0 900 0 0.0001 0.81281723120675509 0.0024529729118915561 0.51836227852783645 0.0092845998917221173 0.15986627100973821 -0.094387855813845178 0.5 0.096376795648775576 4.0764334427309743 OK 12 11 0.67305099999999995 0.65972900000000001 0.34648499999999999 0.31662699999999999 0.31333899999999998 0 0.35642399999999996 0.34639000000000003 0.34648499999999999 0.0089809999999999994 0.0090670000000000004 0.0089510000000000006 0.30486099999999994 0.29590099999999997 0.29633399999999971 0.0065519999999999997 0.0058919999999999997 0.0061449999999999994 0.0015319999999999999 0.001498 0.0014659999999999999 4.0764416173047637 4.0764416173047637 4.0764416173047637 0.00037983935489965077 0.00037983935489965077 0.00037983935489965077 1 1 1 Converged Converged Converged OK OK OK 118 118 118 118 118 118 10 10 10 0 0 0 0 0 1 0 0
90 90 linear 0 7 900 1 0.0001 0.81281723120675509 0.0024529729118915561 0.51836227852783645 0.0092845998917221173 0.15986627100973821 -0.031282882775673773 0.5 0.033271822610604171 4.1204775430757712 OK 13 12 0.74999099999999996 0.58070200000000005 0.433952 0.31068899999999999 0.14336499999999999 0 0.43930199999999997 0.43733700000000009 0.433952 0.010664999999999999 0.010684000000000001 0.010309 0.38972500000000004 0.3891690000000001 0.38739200000000013 0.0077130000000000002 0.0070270000000000003 0.0070820000000000006 0.0016280000000000001 0.0016639999999999997 0.0015379999999999999 4.1204969597767764 4.1204969597767764 4.1204969597767764 0.00025885847658029546 0.00025885847658029546 0.00025885847658029546 1 1 1 Converged Converged Converged OK OK OK 141 141 141 141 141 141 11 11 11 0 0 0 0 1 0 0 1
90 90 linear 0 15 900 2 0.0001 0.81281723120675509 0.0024529729118915561 0.51836227852783645 0.0092845998917221173 0.15986627100973821 0.04083708641080782 0.5 -0.038848146575877422 4.1183048605861989 OK 13 12 0.72111099999999995 0.54515199999999997 0.38730199999999998 0.31347799999999998 0.15024299999999999 0 0.40763299999999997 0.39490899999999995 0.38730199999999998 0.01026 0.010413 0.0096740000000000003 0.36031499999999989 0.34848899999999988 0.34351800000000016 0.0083099999999999997 0.0077530000000000012 0.0068129999999999987 0.0016359999999999999 0.001719 0.0015410000000000001 4.118326355190808 4.118326355190808 4.118326355190808 0.00033880720683733881 0.00033880720683733881 0.00033880720683733881 1 1 1 Converged Converged Converged OK OK OK 141 141 141 141 141 141 11 11 11 0 0 0 0 1 0 0 1
90 90 linear 0 23 900 3 0.0001 0.81281723120675509 0.0024529729118915561 0.51836227852783645 0.0092845998917221173 0.15986627100973821 0.11295705559728941 0.5 -0.11096811576235902 4.0601661173691816 OK 14 13 0.80110899999999996 0.63859900000000003 0.47112100000000001 0.318963 0.16449800000000001 0 0.48214599999999996 0.47410099999999999 0.47112100000000001 0.010973 0.01124 0.011448 0.42779400000000006 0.41762199999999999 0.41199200000000002 0.0084200000000000004 0.0091489999999999991 0.0076449999999999999 0.0021050000000000001 0.0020529999999999997 0.0019420000000000001 4.0601785736306137 4.0601785736306137 4.0601785736306137 0.00026060423730304191 0.00026060423730304191 0.00026060423730304191 1 1 1 Converged Converged Converged OK OK OK 164 164 164 164 164 164 12 12 12 0 0 0 0 1 0 0 1
90 90 linear 1 0 901 0 0.001 0.81281723120675509 0.0024529729118915561 0.51836227852783645 0.66650459853477728 0.23873180378683212 0.56283214282921001 0.5 -0.56084320299427959 2.0666855523091039 OK 16 15 0.82754000000000005 0.80633299999999997 0.34250900000000001 0.46744000000000002 0.45732899999999999 0 0.36010000000000003 0.34900399999999998 0.34250900000000001 0.019206999999999998 0.017697999999999998 0.017122999999999999 0.28736700000000021 0.28057300000000007 0.27405699999999994 0.0076769999999999998 0.0071000000000000004 0.0076769999999999989 0.0015879999999999998 0.0013489999999999999 0.0013569999999999999 2.0666649657047467 2.0666649657047467 2.0666649657047467 0.0019636903933451422 0.0019636903933451422 0.0019636903933451422 1 1 1 Converged Converged Converged OK OK OK 131 131 131 131 131 131 13 13 13 0 0 0 0 0 1 0 0
90 90 linear 1 7 901 1 0.001 0.81281723120675509 0.0024529729118915561 0.51836227852783645 0.66650459853477728 0.23873180378683212 0.62593711586738143 0.5 -0.62394817603245101 1.8821024517417684 OK 16 15 0.778169 0.62533099999999997 0.33602599999999999 0.42993799999999999 0.26824100000000001 0 0.34823100000000001 0.35708999999999996 0.33602599999999999 0.013858000000000001 0.013034 0.01213 0.29580600000000001 0.2993409999999998 0.28492299999999993 0.0071440000000000002 0.0092479999999999993 0.0080680000000000005 0.0015560000000000001 0.0019339999999999997 0.0017420000000000001 1.8820934454157343 1.8820934454157343 1.8820934454157343 0.0014243536222319185 0.0014243536222319185 0.0014243536222319185 1 1 1 Converged Converged Converged OK OK OK 155 155 155 155 155 155 13 13 13 0 0 0 0 1 0 0 1
90 90 linear 1 15 901 2 0.001 0.81281723120675509 0.0024529729118915561 0.51836227852783645 0.66650459853477728 0.23873180378683212 0.69805708505386299 0.5 -0.69606814521893257 1.7237958694473012 OK 16 15 0.74543899999999996 0.59817200000000004 0.30144199999999999 0.43022899999999997 0.27666000000000002 0 0.31520999999999999 0.32151200000000002 0.30144199999999999 0.012775 0.012984000000000001 0.011549 0.26992300000000002 0.27151400000000009 0.25995900000000011 0.0073480000000000012 0.007428999999999999 0.0064479999999999997 0.001523 0.0015589999999999998 0.001418 1.7237398413401352 1.7237398413401352 1.7237398413401352 0.0016113130239242661 0.0016113130239242661 0.0016113130239242661 1 1 1 Converged Converged Converged OK OK OK 139 139 139 139 139 139 13 13 13 0 0 0 0 1 0 0 1
90 90 linear 1 23 901 3 0.001 0.81281723120675509 0.0024529729118915561 0.51836227852783645 0.66650459853477728 0.23873180378683212 0.77017705424034455 0.5 -0.76818811440541412 1.6019514274756614 OK 16 15 0.59853699999999999 0.45501200000000003 0.25813799999999998 0.331816 0.18309300000000001 0 0.26672099999999999 0.27191900000000002 0.25813799999999998 0.012716999999999999 0.012664999999999999 0.011564 0.22540399999999999 0.2303649999999999 0.22008900000000006 0.0061679999999999999 0.0062659999999999999 0.0053070000000000001 0.001343 0.0014659999999999999 0.001196 1.6018823488109604 1.6018823488109604 1.6018823488109604 0.0015968718723609319 0.0015968718723609319 0.0015968718723609319 1 1 1 Converged Converged Converged OK OK OK 124 124 124 124 124 124 12 12 12 0 0 0 0 1 0 0 1
90 90 linear 1 0 901 0 0.0001 0.81281723120675509 0.0024529729118915561 0.51836227852783645 0.66650459853477728 0.23873180378683212 0.56283214282921001 0.5 -0.56084320299427959 2.0666855523091039 OK 16 15 0.91186999999999996 0.89783800000000002 0.43692399999999998 0.46392 0.45702700000000002 0 0.44794999999999996 0.44081100000000001 0.43692399999999998 0.017561 0.017569999999999999 0.017333000000000001 0.35702600000000007 0.34942400000000001 0.34636699999999998 0.0094859999999999996 0.0099909999999999999 0.01001 0.0025249999999999999 0.0027219999999999996 0.0025370000000000002 2.0666802737021355 2.0666802737021355 2.0666802737021355 0.00014770547763699407 0.00014770547763699407 0.00014770547763699407 1 1 1 Converged Converged Converged OK OK OK 171 171 171 171 171 171 13 13 13 0 0 0 0 0 1 0 0
90 90 linear 1 7 901 1 0.0001 0.81281723120675509 0.0024529729118915561 0.51836227852783645 0.66650459853477728 0.23873180378683212 0.62593711586738143 0.5 -0.62394817603245101 1.8821024517417684 OK 16 15 1.070308 0.94349899999999998 0.63578699999999999 0.41702899999999998 0.27791399999999999 0 0.65327900000000005 0.66558499999999998 0.63578699999999999 0.013102000000000001 0.013106 0.012263 0.54310799999999992 0.55398999999999965 0.52855700000000017 0.025859999999999998 0.027177000000000003 0.025900000000000003 0.003114 0.0031919999999999995 0.003078 1.8820986124879848 1.8820986124879848 1.8820986124879848 0.00013746998582452784 0.00013746998582452784 0.00013746998582452784 1 1 1 Converged Converged Converged OK OK OK 315 315 315 315 315 315 13 13 13 0 0 0 0 1 0 0 1
90 90 linear 1 15 901 2 0.0001 0.81281723120675509 0.0024529729118915561 0.51836227852783645 0.66650459853477728 0.23873180378683212 0.69805708505386299 0.5 -0.69606814521893257 1.7237958694473012 OK 16 15 0.90957399999999999 0.78136499999999998 0.46274300000000002 0.42553999999999997 0.29140500000000003 0 0.48403400000000002 0.48995999999999995 0.46274300000000002 0.01307 0.014218 0.011858 0.41741100000000009 0.42283700000000007 0.40123100000000039 0.014121999999999999 0.014019999999999999 0.012407000000000001 0.0025820000000000001 0.0026450000000000002 0.0024010000000000004 1.7237938946143601 1.7237938946143601 1.7237938946143601 0.00011423668052196112 0.00011423668052196112 0.00011423668052196112 1 1 1 Converged Converged Converged OK OK OK 227 227 227 227 227 227 13 13 13 0 0 0 0 1 0 0 1
90 90 linear 1 23 901 3 0.0001 0.81281723120675509 0.0024529729118915561 0.51836227852783645 0.66650459853477728 0.23873180378683212 0.77017705424034455 0.5 -0.76818811440541412 1.6019514274756614 OK 16 15 0.74019100000000004 0.62956900000000005 0.39967200000000003 0.32688200000000001 0.1976 0 0.41330900000000004 0.43196900000000005 0.39967200000000003 0.012721 0.013176999999999999 0.011546000000000001 0.35566400000000009 0.36403699999999983 0.3455410000000001 0.010778000000000001 0.020224000000000002 0.010092 0.0022039999999999998 0.0022219999999999996 0.0019850000000000002 1.6019498636571186 1.6019498636571186 1.6019498636571186 0.00013260922993094405 0.00013260922993094405 0.00013260922993094405 1 1 1 Converged Converged Converged OK OK OK 188 188 188 188 188 188 12 12 12 0 0 0 0 1 0 0 1
90 90 linear 2 0 902 0 0.001 0.81281723120675509 0.0024529729118915561 0.51836227852783645 0.90862716022582146 0.13053407263720357 0.80495470452025419 0.5 -0.80296576468532377 1.5880177819768964 OK 16 15 0.64789799999999997 0.64393999999999996 0.33128099999999999 0.31094500000000003 0.30985099999999999 0 0.33695299999999995 0.33408899999999997 0.33128099999999999 0.013991 0.013591000000000001 0.013509 0.27145899999999995 0.26702099999999995 0.267177 0.0072079999999999991 0.0097669999999999996 0.0070000000000000001 0.0017439999999999999 0.0019589999999999998 0.0019 1.5880175657785605 1.5880175657785605 1.5880175657785605 0.0010708931653486144 0.0010708931653486144 0.0010708931653486144 1 1 1 Converged Converged Converged OK OK OK 140 140 140 140 140 140 12 12 12 0 0 0 0 0 1 0 0
90 90 linear 2 7 902 1 0.001 0.81281723120675509 0.0024529729118915561 0.51836227852783645 0.90862716022582146 0.13053407263720357 0.86805967755842561 0.5 -0.86607073772349519 1.5024059359455522 OK 16 15 0.63541899999999996 0.48723699999999998 0.31160399999999999 0.30706499999999998 0.15926199999999999 0 0.32835399999999998 0.32797500000000002 0.31160399999999999 0.012888 0.012763999999999999 0.011927999999999999 0.27849400000000007 0.28495799999999993 0.26973099999999978 0.0070139999999999994 0.0062719999999999998 0.006143 0.0015930000000000002 0.0014260000000000002 0.0016019999999999997 1.5024051196297332 1.5024051196297332 1.5024051196297332 0.0012263421693920911 0.0012263421693920911 0.0012263421693920911 1 1 1 Converged Converged Converged OK OK OK 132 132 132 132 132 132 12 12 12 0 0 0 0 1 0 0 1
90 90 linear 2 15 902 2 0.001 0.81281723120675509 0.0024529729118915561 0.51836227852783645 0.90862716022582146 0.13053407263720357 0.94017964674490717 0.5 -0.93819070690997675 1.422087125139367 OK 16 15 0.53739999999999999 0.39620699999999998 0.220586 0.308753 0.16167000000000001 0 0.22864699999999999 0.23453699999999997 0.220586 0.012172000000000001 0.012373 0.011391 0.19115799999999997 0.19587899999999994 0.18472599999999997 0.0050609999999999987 0.0059059999999999989 0.0050850000000000001 0.00115 0.0013210000000000001 0.001129 1.4220847665723519 1.4220847665723519 1.4220847665723519 0.00075457684249832042 0.00075457684249832042 0.00075457684249832042 1 1 1 Converged Converged Converged OK OK OK 110 110 110 110 110 110 10 10 10 0 0 0 0 1 0 0 1
90 90 linear 2 23 902 3 0.001 0.81281723120675509 0.0024529729118915561 0.51836227852783645 0.90862716022582146 0.13053407263720357 1.0122996159313888 0.5 -1.0103106760964584 1.3589502129351565 OK 16 15 0.50649999999999995 0.36998599999999998 0.18357599999999999 0.312114 0.17558699999999999 0 0.19438599999999995 0.19439899999999999 0.18357599999999999 0.012073 0.012083999999999999 0.011018999999999999 0.15730100000000002 0.15724500000000005 0.148864 0.0054089999999999997 0.0055970000000000004 0.0049370000000000004 0.0010399999999999999 0.001052 0.00097099999999999997 1.3589488579125166 1.3589488579125166 1.3589488579125166 0.00052355375601554049 0.00052355375601554049 0.00052355375601554049 1 1 1 Converged Converged Converged OK OK OK 96 96 96 96 96 96 8 8 8 0 0 0 0 1 0 0 1
90 90 linear 2 0 902 0 0.0001 0.81281723120675509 0.0024529729118915561 0.51836227852783645 0.90862716022582146 0.13053407263720357 0.80495470452025419 0.5 -0.80296576468532377 1.5880177819768964 OK 16 15 0.77938300000000005 0.77215900000000004 0.45551599999999998 0.31962000000000002 0.31622099999999997 0 0.45976300000000003 0.45593800000000007 0.45551599999999998 0.013798 0.014147 0.013698999999999999 0.37360099999999996 0.36721100000000001 0.36730099999999982 0.01108 0.012760000000000001 0.012807000000000001 0.0022539999999999999 0.002611 0.0024089999999999997 1.5880161478700374 1.5880161478700374 1.5880161478700374 7.0077504194297343e-05 7.0077504194297343e-05 7.0077504194297343e-05 1 1 1 Converged Converged Converged OK OK OK 204 204 204 204 204 204 12 12 12 0 0 0 0 0 1 0 0
90 90 linear 2 7 902 1 0.0001 0.81281723120675509 0.0024529729118915561 0.51836227852783645 0.90862716022582146 0.13053407263720357 0.86805967755842561 0.5 -0.86607073772349519 1.5024059359455522 OK 16 15 0.69850100000000004 0.54293400000000003 0.36139900000000003 0.31983499999999998 0.16040299999999999 0 0.37866600000000006 0.38253100000000007 0.36139900000000003 0.014574 0.012767000000000001 0.012156 0.32199599999999995 0.32808000000000004 0.30826300000000012 0.0098160000000000001 0.010246999999999999 0.010307999999999999 0.001977 0.0018939999999999999 0.0018549999999999999 1.5024035995138605 1.5024035995138605 1.5024035995138605 0.00012487302654255622 0.00012487302654255622 0.00012487302654255622 1 1 1 Converged Converged Converged OK OK OK 172 172 172 172 172 172 12 12 12 0 0 0 0 1 0 0 1
90 90 linear 2 15 902 2 0.0001 0.81281723120675509 0.0024529729118915561 0.51836227852783645 0.90862716022582146 0.13053407263720357 0.94017964674490717 0.5 -0.93819070690997675 1.422087125139367 OK 16 15 0.61516999999999999 0.47198899999999999 0.28706100000000001 0.31621500000000002 0.16453699999999999 0 0.29895499999999997 0.307452 0.28706100000000001 0.01243 0.012437 0.011712999999999999 0.24651100000000001 0.25446200000000002 0.23830600000000007 0.010474000000000001 0.010429999999999998 0.0088919999999999989 0.0017849999999999999 0.0017720000000000001 0.0018 1.4220866089307318 1.4220866089307318 1.4220866089307318 6.6955324603737808e-05 6.6955324603737808e-05 6.6955324603737808e-05 1 1 1 Converged Converged Converged OK OK OK 158 158 158 158 158 158 10 10 10 0 0 0 0 1 0 0 1
90 90 linear 2 23 902 3 0.0001 0.81281723120675509 0.0024529729118915561 0.51836227852783645 0.90862716022582146 0.13053407263720357 1.0122996159313888 0.5 -1.0103106760964584 1.3589502129351565 OK 16 15 0.61349399999999998 0.468472 0.27965000000000001 0.31943899999999997 0.17194599999999999 0 0.29405500000000001 0.29652600000000001 0.27965000000000001 0.012191 0.012324 0.011036000000000001 0.23766899999999991 0.24270999999999998 0.22882500000000008 0.011627999999999999 0.010025000000000001 0.0096460000000000001 0.001676 0.0016069999999999999 0.0015100000000000001 1.358949349667105 1.358949349667105 1.358949349667105 2.5447190861506343e-05 2.5447190861506343e-05 2.5447190861506343e-05 1 1 1 Converged Converged Converged OK OK OK 152 152 152 152 152 152 8 8 8 0 0 0 0 1 0 0 1
90 90 linear 3 0 903 0 0.001 0.81281723120675509 0.0024529729118915561 0.51836227852783645 -0.56274983333556672 -0.45555502707329942 -0.66642228904113399 0.5 0.66841122887606441 1.5997800543344924 OK 15 14 0.46014300000000002 0.46216200000000002 0.15238199999999999 0.29901699999999998 0.30540699999999998 0 0.16112600000000005 0.15675500000000003 0.15238199999999999 0.0098919999999999998 0.010315 0.0097330000000000003 0.127441 0.12131599999999998 0.11925200000000004 0.0029670000000000005 0.0038180000000000002 0.00299 0.00067800000000000011 0.00085800000000000004 0.00079899999999999991 1.5997791817120233 1.5997791817120233 1.5997791817120233 0.00097915408610762633 0.00097915408610762633 0.00097915408610762633 1 1 1 Converged Converged Converged OK OK OK 79 79 79 79 79 79 9 9 9 0 0 0 0 0 1 0 0
90 90 linear 3 7 903 1 0.001 0.81281723120675509 0.0024529729118915561 0.51836227852783645 -0.56274983333556672 -0.45555502707329942 -0.60331731600296257 0.5 0.60530625583789299 1.6863238151211593 OK 15 14 0.42736099999999999 0.28284599999999999 0.13853599999999999 0.28319299999999997 0.13575000000000001 0 0.14416800000000002 0.14709599999999998 0.13853599999999999 0.0091229999999999992 0.0092700000000000005 0.008482 0.11757400000000004 0.11978800000000001 0.11313699999999993 0.0028930000000000002 0.0031670000000000005 0.0029129999999999998 0.00075000000000000002 0.00080000000000000004 0.00072999999999999996 1.6863231892639519 1.6863231892639519 1.6863231892639519 0.00086056444779579412 0.00086056444779579412 0.00086056444779579412 1 1 1 Converged Converged Converged OK OK OK 79 79 79 79 79 79 9 9 9 0 0 0 0 1 0 0 1
90 90 linear 3 15 903 2 0.001 0.81281723120675509 0.0024529729118915561 0.51836227852783645 -0.56274983333556672 -0.45555502707329942 -0.53119734681648101 0.5 0.53318628665141143 1.8034267783538998 OK 15 14 0.44494899999999998 0.29864299999999999 0.14183299999999999 0.29747899999999999 0.15354100000000001 0 0.14746999999999999 0.14510199999999998 0.14183299999999999 0.0090340000000000004 0.0091260000000000004 0.0084049999999999993 0.12114099999999997 0.11812100000000005 0.11669999999999997 0.0028739999999999998 0.0032550000000000001 0.002921 0.00070899999999999999 0.00085799999999999993 0.00070700000000000005 1.8034269779505432 1.8034269779505432 1.8034269779505432 0.0010052768716056243 0.0010052768716056243 0.0010052768716056243 1 1 1 Converged Converged Converged OK OK OK 79 79 79 79 79 79 9 9 9 0 0 0 0 1 0 0 1
90 90 linear 3 23 903 3 0.001 0.81281723120675509 0.0024529729118915561 0.51836227852783645 -0.56274983333556672 -0.45555502707329942 -0.45907737762999945 0.5 0.46106631746492988 1.9440758037183965 OK 15 14 0.43717499999999998 0.28444399999999997 0.12707099999999999 0.30231999999999998 0.15487799999999999 0 0.134855 0.12956599999999999 0.12707099999999999 0.0092540000000000001 0.00911 0.0082950000000000003 0.10896799999999995 0.10485199999999997 0.10369800000000004 0.0028449999999999999 0.0027109999999999999 0.0025699999999999998 0.00058399999999999999 0.00058500000000000002 0.00051999999999999995 1.9440794764744043 1.9440794764744043 1.9440794764744043 0.001794710923807023 0.001794710923807023 0.001794710923807023 1 1 1 Converged Converged Converged OK OK OK 71 71 71 71 71 71 9 9 9 0 0 0 0 1 0 0 1
90 90 linear 3 0 903 0 0.0001 0.81281723120675509 0.0024529729118915561 0.51836227852783645 -0.56274983333556672 -0.45555502707329942 -0.66642228904113399 0.5 0.66841122887606441 1.5997800543344924 OK 15 14 0.50307000000000002 0.50425299999999995 0.19359399999999999 0.29964000000000002 0.30297200000000002 0 0.20343 0.20128099999999993 0.19359399999999999 0.010347 0.010548999999999999 0.0099179999999999997 0.15861100000000003 0.15574500000000002 0.15008100000000002 0.0046420000000000003 0.004829 0.004509 0.0011820000000000001 0.0012160000000000001 0.0012149999999999999 1.5997792069380463 1.5997792069380463 1.5997792069380463 0.00010430593988673863 0.00010430593988673863 0.00010430593988673863 1 1 1 Converged Converged Converged OK OK OK 103 103 103 103 103 103 9 9 9 0 0 0 0 0 1 0 0
90 90 linear 3 7 903 1 0.0001 0.81281723120675509 0.0024529729118915561 0.51836227852783645 -0.56274983333556672 -0.45555502707329942 -0.60331731600296257 0.5 0.60530625583789299 1.6863238151211593 OK 15 14 0.47209099999999998 0.32590999999999998 0.175839 0.286773 0.137794 0 0.18531799999999998 0.18811599999999998 0.175839 0.0092820000000000003 0.0091959999999999993 0.0085609999999999992 0.15023300000000001 0.15324499999999999 0.14302700000000004 0.0049829999999999996 0.0050790000000000002 0.0044269999999999995 0.001178 0.001191 0.0011800000000000001 1.6863232153878056 1.6863232153878056 1.6863232153878056 0.00015471315265511685 0.00015471315265511685 0.00015471315265511685 1 1 1 Converged Converged Converged OK OK OK 103 103 103 103 103 103 9 9 9 0 0 0 0 1 0 0 1
90 90 linear 3 15 903 2 0.0001 0.81281723120675509 0.0024529729118915561 0.51836227852783645 -0.56274983333556672 -0.45555502707329942 -0.53119734681648101 0.5 0.53318628665141143 1.8034267783538998 OK 15 14 0.50285500000000005 0.36185 0.19194700000000001 0.30000300000000002 0.153616 0 0.20285200000000003 0.208234 0.19194700000000001 0.0091470000000000006 0.009325 0.0084189999999999994 0.16458000000000003 0.169485 0.15686200000000003 0.0054329999999999995 0.0052469999999999991 0.0043869999999999994 0.0012329999999999999 0.0013870000000000002 0.0013350000000000002 1.8034254911481864 1.8034254911481864 1.8034254911481864 7.0139742681765412e-05 7.0139742681765412e-05 7.0139742681765412e-05 1 1 1 Converged Converged Converged OK OK OK 111 111 111 111 111 111 9 9 9 0 0 0 0 1 0 0 1
90 90 linear 3 23 903 3 0.0001 0.81281723120675509 0.0024529729118915561 0.51836227852783645 -0.56274983333556672 -0.45555502707329942 -0.45907737762999945 0.5 0.46106631746492988 1.9440758037183965 OK 15 14 0.499496 0.35317700000000002 0.18626000000000001 0.29949999999999999 0.154972 0 0.19999600000000001 0.19820500000000002 0.18626000000000001 0.009391 0.0091369999999999993 0.0083350000000000004 0.16206099999999998 0.16216200000000008 0.15283799999999997 0.0060650000000000009 0.0051700000000000001 0.0045360000000000001 0.0013260000000000001 0.001351 0.0011420000000000002 1.944073968319979 1.944073968319979 1.944073968319979 5.8923996691052178e-05 5.8923996691052178e-05 5.8923996691052178e-05 1 1 1 Converged Converged Converged OK OK OK 111 111 111 111 111 111 9 9 9 0 0 0 0 1 0 0 1
90 90 linear 4 0 904 0 0.001 0.81281723120675509 0.0024529729118915561 0.51836227852783645 -0.4123350271385991 -0.89590911243707572 -0.51600748284416642 0.5 0.51799642267909685 1.3524994409558031 OK 12 11 0.39498800000000001 0.38281900000000002 0.099463999999999997 0.289794 0.281999 0 0.10519400000000001 0.10082000000000002 0.099463999999999997 0.0095580000000000005 0.0095230000000000002 0.0089689999999999995 0.072426999999999991 0.069296999999999997 0.068674000000000013 0.0034879999999999998 0.0030879999999999996 0.0030140000000000002 0.000959 0.00089599999999999988 0.00084500000000000005 1.3524986254302462 1.3524986254302462 1.3524986254302462 0.00042433261331527593 0.00042433261331527593 0.00042433261331527593 1 1 1 Converged Converged Converged OK OK OK 67 67 67 67 67 67 5 5 5 0 0 0 0 0 1 0 0
90 90 linear 4 7 904 1 0.001 0.81281723120675509 0.0024529729118915561 0.51836227852783645 -0.4123350271385991 -0.89590911243707572 -0.452902509805995 0.5 0.45489144964092543 1.376389738642938 OK 12 11 0.384357 0.23621400000000001 0.097258999999999998 0.28162900000000002 0.12601999999999999 0 0.10272799999999999 0.11019400000000001 0.097258999999999998 0.0085660000000000007 0.0086499999999999997 0.0078580000000000004 0.07566999999999996 0.083354000000000011 0.072216999999999976 0.0034490000000000002 0.0035039999999999997 0.0030709999999999999 0.00077700000000000002 0.00076999999999999996 0.00074699999999999994 1.3763888851426906 1.3763888851426906 1.3763888851426906 0.00042645760196440312 0.00042645760196440312 0.00042645760196440312 1 1 1 Converged Converged Converged OK OK OK 67 67 67 67 67 67 5 5 5 0 0 0 0 1 0 0 1
90 90 linear 4 15 904 2 0.001 0.81281723120675509 0.0024529729118915561 0.51836227852783645 -0.4123350271385991 -0.89590911243707572 -0.38078254061951339 0.5 0.38277148045444381 1.4027948756618893 OK 12 11 0.37226799999999999 0.22106300000000001 0.087494000000000002 0.28024100000000002 0.129022 0 0.09202699999999997 0.092041000000000012 0.087494000000000002 0.0084960000000000001 0.0086779999999999999 0.0079059999999999998 0.067897000000000013 0.068291000000000018 0.064840999999999996 0.002849 0.0027360000000000006 0.0026769999999999997 0.00076900000000000004 0.000718 0.00069799999999999994 1.4027938448736821 1.4027938448736821 1.4027938448736821 0.0011219501552663855 0.0011219501552663855 0.0011219501552663855 1 1 1 Converged Converged Converged OK OK OK 59 59 59 59 59 59 5 5 5 0 0 0 0 1 0 0 1
90 90 linear 4 23 904 3 0.001 0.81281723120675509 0.0024529729118915561 0.51836227852783645 -0.4123350271385991 -0.89590911243707572 -0.30866257143303177 0.5 0.3106515112679622 1.4272308763454613 OK 12 11 0.37942199999999998 0.226358 0.086350999999999997 0.28860400000000003 0.127027 0 0.090817999999999954 0.099331000000000003 0.086350999999999997 0.0089499999999999996 0.0089779999999999999 0.0080590000000000002 0.066369000000000011 0.074536000000000005 0.063740999999999964 0.0027809999999999996 0.0030180000000000003 0.0026719999999999999 0.00070200000000000004 0.00081800000000000004 0.00067100000000000005 1.4272302496617706 1.4272302496617706 1.4272302496617706 0.00040968738647426443 0.00040968738647426443 0.00040968738647426443 1 1 1 Converged Converged Converged OK OK OK 59 59 59 59 59 59 5 5 5 0 0 0 0 1 0 0 1
90 90 linear 4 0 904 0 0.0001 0.81281723120675509 0.0024529729118915561 0.51836227852783645 -0.4123350271385991 -0.89590911243707572 -0.51600748284416642 0.5 0.51799642267909685 1.3524994409558031 OK 12 11 0.420076 0.41579899999999997 0.13323399999999999 0.287852 0.28607199999999999 0 0.13222400000000001 0.12972699999999998 0.13323399999999999 0.0094330000000000004 0.0096450000000000008 0.010355 0.094398999999999983 0.091427000000000022 0.093622999999999956 0.0040620000000000005 0.0044559999999999999 0.0044970000000000001 0.0010380000000000001 0.001047 0.0010550000000000002 1.3524986291277914 1.3524986291277914 1.3524986291277914 1.4161938231722922e-05 1.4161938231722922e-05 1.4161938231722922e-05 1 1 1 Converged Converged Converged OK OK OK 83 83 83 83 83 83 5 5 5 0 0 0 0 0 1 0 0
90 90 linear 4 7 904 1 0.0001 0.81281723120675509 0.0024529729118915561 0.51836227852783645 -0.4123350271385991 -0.89590911243707572 -0.452902509805995 0.5 0.45489144964092543 1.376389738642938 OK 12 11 0.41572300000000001 0.26855200000000001 0.12750300000000001 0.28507900000000003 0.12734100000000001 0 0.13064399999999998 0.141211 0.12750300000000001 0.0085170000000000003 0.0087089999999999997 0.0090480000000000005 0.09833299999999999 0.10873099999999997 0.095904999999999976 0.0046129999999999999 0.0047819999999999998 0.0041599999999999996 0.00092900000000000003 0.000941 0.00095 1.3763888949592962 1.3763888949592962 1.3763888949592962 9.2480994741438609e-06 9.2480994741438609e-06 9.2480994741438609e-06 1 1 1 Converged Converged Converged OK OK OK 83 83 83 83 83 83 5 5 5 0 0 0 0 1 0 0 1
90 90 linear 4 15 904 2 0.0001 0.81281723120675509 0.0024529729118915561 0.51836227852783645 -0.4123350271385991 -0.89590911243707572 -0.38078254061951339 0.5 0.38277148045444381 1.4027948756618893 OK 12 11 0.41192099999999998 0.261876 0.12385500000000001 0.28135500000000002 0.12571199999999999 0 0.13056599999999996 0.13616400000000001 0.12385500000000001 0.0085920000000000007 0.0085780000000000006 0.0079229999999999995 0.098267999999999994 0.10383800000000001 0.093662000000000009 0.0045909999999999996 0.0048270000000000006 0.0042360000000000002 0.001013 0.001013 0.00096999999999999994 1.4027940207243619 1.4027940207243619 1.4027940207243619 5.3829810472611618e-06 5.3829810472611618e-06 5.3829810472611618e-06 1 1 1 Converged Converged Converged OK OK OK 83 83 83 83 83 83 5 5 5 0 0 0 0 1 0 0 1
90 90 linear 4 23 904 3 0.0001 0.81281723120675509 0.0024529729118915561 0.51836227852783645 -0.4123350271385991 -0.89590911243707572 -0.30866257143303177 0.5 0.3106515112679622 1.4272308763454613 OK 12 11 0.40331699999999998 0.26164700000000002 0.113786 0.28406300000000001 0.128745 0 0.11925399999999997 0.13290200000000002 0.113786 0.0086829999999999997 0.008881 0.0080759999999999998 0.08983099999999998 0.10292399999999999 0.086012999999999992 0.0040990000000000002 0.0042940000000000001 0.0035940000000000004 0.00089500000000000007 0.00091799999999999998 0.0008879999999999999 1.4272300061582512 1.4272300061582512 1.4272300061582512 7.632420150410886e-06 7.632420150410886e-06 7.632420150410886e-06 1 1 1 Converged Converged Converged OK OK OK 75 75 75 75 75 75 5 5 5 0 0 0 0 1 0 0 1
90 90 uniform 0 0 905 0 0.001 0.81281723120675509 0.0024529729118915561 0.51836227852783645 0.0092845998917221173 0.15986627100973821 -0.094387855813845178 0 0.096376795648775576 3.8728229563913401 OK 12 11 0.47374300000000003 0.46533000000000002 0.16314600000000001 0.30835899999999999 0.30765999999999999 0 0.16538400000000003 0.15767000000000003 0.16314600000000001 0.0088590000000000006 0.0085810000000000001 0.0086180000000000007 0.12605200000000005 0.12012699999999996 0.12528900000000004 0.0040850000000000001 0.003222 0.003568 0.00099599999999999992 0.0009549999999999999 0.001059 3.8727139787524063 3.8727139787524063 3.8727139787524063 0.0033259540678590317 0.0033259540678590317 0.0033259540678590317 1 1 1 Converged Converged Converged OK OK OK 94 94 94 94 94 94 10 10 10 0 0 0 0 0 1 0 0
90 90 uniform 0 7 905 1 0.001 0.81281723120675509 0.0024529729118915561 0.51836227852783645 0.0092845998917221173 0.15986627100973821 -0.031282882775673773 0 0.033271822610604171 3.9022984199046324 OK 13 12 0.46341199999999999 0.313143 0.16611000000000001 0.29665900000000001 0.14507 0 0.16675299999999998 0.168073 0.16611000000000001 0.010822 0.01043 0.0099729999999999992 0.13217099999999998 0.13356600000000005 0.13342100000000007 0.0040030000000000005 0.0044170000000000008 0.0038120000000000003 0.001052 0.0010240000000000002 0.0010520000000000002 3.902193513895134 3.902193513895134 3.902193513895134 0.0037261064485918731 0.0037261064485918731 0.0037261064485918731 1 1 1 Converged Converged Converged OK OK OK 101 101 101 101 101 101 11 11 11 0 0 0 0 1 0 0 1
90 90 uniform 0 15 905 2 0.001 0.81281723120675509 0.0024529729118915561 0.51836227852783645 0.0092845998917221173 0.15986627100973821 0.04083708641080782 0 -0.038848146575877422 3.9010034562482154 OK 13 12 0.453546 0.29619400000000001 0.14243 0.30662899999999998 0.14980099999999999 0 0.14691700000000002 0.14639300000000002 0.14243 0.010181000000000001 0.010074 0.0097610000000000006 0.10988499999999997 0.10977000000000001 0.10762799999999999 0.0044659999999999995 0.0046759999999999996 0.0040629999999999998 0.0011510000000000001 0.0012040000000000002 0.001132 3.900990073915815 3.900990073915815 3.900990073915815 0.00074757476369357234 0.00074757476369357234 0.00074757476369357234 1 1 1 Converged Converged Converged OK OK OK 109 109 109 109 109 109 11 11 11 0 0 0 0 1 0 0 1
90 90 uniform 0 23 905 3 0.001 0.81281723120675509 0.0024529729118915561 0.51836227852783645 0.0092845998917221173 0.15986627100973821 0.11295705559728941 0 -0.11096811576235902 3.8629752488323481 OK 14 13 0.48826900000000001 0.32752799999999999 0.1646 0.31835200000000002 0.15499499999999999 0 0.16991699999999998 0.17253299999999999 0.1646 0.010937000000000001 0.010878000000000001 0.009809 0.12655 0.12871800000000005 0.12467999999999997 0.0055780000000000005 0.0062419999999999993 0.0049810000000000002 0.001596 0.0015300000000000001 0.0013189999999999999 3.8629544257511652 3.8629544257511652 3.8629544257511652 0.00092514356998077277 0.00092514356998077277 0.00092514356998077277 1 1 1 Converged Converged Converged OK OK OK 132 132 132 132 132 132 12 12 12 0 0 0 0 1 0 0 1
90 90 uniform 0 0 905 0 0.0001 0.81281723120675509 0.0024529729118915561 0.51836227852783645 0.0092845998917221173 0.15986627100973821 -0.094387855813845178 0 0.096376795648775576 3.8728229563913401 OK 12 11 0.532806 0.52856000000000003 0.21574099999999999 0.31273800000000002 0.30705199999999999 0 0.22006799999999999 0.22150800000000004 0.21574099999999999 0.0088679999999999991 0.0084729999999999996 0.0088330000000000006 0.16744399999999998 0.17102999999999993 0.16450500000000007 0.005947 0.0052480000000000009 0.005836 0.0015629999999999999 0.0014190000000000001 0.0014659999999999999 3.8728210461490193 3.8728210461490193 3.8728210461490193 0.00030492811078461899 0.00030492811078461899 0.00030492811078461899 1 1 1 Converged Converged Converged OK OK OK 134 134 134 134 134 134 10 10 10 0 0 0 0 0 1 0 0
90 90 uniform 0 7 905 1 0.0001 0.81281723120675509 0.0024529729118915561 0.51836227852783645 0.0092845998917221173 0.15986627100973821 -0.031282882775673773 0 0.033271822610604171 3.9022984199046324 OK 13 12 0.52215800000000001 0.35835499999999998 0.21482000000000001 0.29759400000000003 0.14005799999999999 0 0.22456399999999999 0.21829699999999999 0.21482000000000001 0.010552000000000001 0.010599000000000001 0.010005999999999999 0.18125499999999992 0.17563499999999993 0.17383799999999994 0.0059049999999999997 0.0060919999999999993 0.0056429999999999996 0.0015319999999999999 0.001524 0.0014649999999999999 3.9022986002900009 3.9022986002900009 3.9022986002900009 0.00025871429287848671 0.00025871429287848671 0.00025871429287848671 1 1 1 Converged Converged Converged OK OK OK 141 141 141 141 141 141 11 11 11 0 0 0 0 1 0 0 1
90 90 uniform 0 15 905 2 0.0001 0.81281723120675509 0.0024529729118915561 0.51836227852783645 0.0092845998917221173 0.15986627100973821 0.04083708641080782 0 -0.038848146575877422 3.9010034562482154 OK 13 12 0.47488900000000001 0.31429099999999999 0.161386 0.30876100000000001 0.14988599999999999 0 0.166128 0.164405 0.161386 0.010414 0.010286999999999999 0.0093270000000000002 0.12703900000000001 0.12636500000000009 0.12506600000000004 0.0051330000000000004 0.0050010000000000011 0.0048720000000000005 0.0014090000000000001 0.0014549999999999999 0.0013750000000000001 3.9010034348191378 3.9010034348191378 3.9010034348191378 0.0003376329332633578 0.0003376329332633578 0.0003376329332633578 1 1 1 Converged Converged Converged OK OK OK 125 125 125 125 125 125 11 11 11 0 0 0 0 1 0 0 1
90 90 uniform 0 23 905 3 0.0001 0.81281723120675509 0.0024529729118915561 0.51836227852783645 0.0092845998917221173 0.15986627100973821 0.11295705559728941 0 -0.11096811576235902 3.8629752488323481 OK 14 13 0.53362500000000002 0.37699700000000003 0.212835 0.31881500000000002 0.154775 0 0.21481 0.22222200000000003 0.212835 0.010541 0.010808999999999999 0.0098980000000000005 0.16189400000000007 0.16310299999999991 0.16084899999999988 0.008267 0.0095680000000000001 0.0084910000000000003 0.0017030000000000001 0.0018980000000000002 0.0016740000000000001 3.862974548601501 3.862974548601501 3.862974548601501 0.00017818110899770601 0.00017818110899770601 0.00017818110899770601 1 1 1 Converged Converged Converged OK OK OK 180 180 180 180 180 180 12 12 12 0 0 0 0 1 0 0 1
90 90 uniform 1 0 906 0 0.001 0.81281723120675509 0.0024529729118915561 0.51836227852783645 0.66650459853477728 0.23873180378683212 0.56283214282921001 0 -0.56084320299427959 2.0897764618870363 OK 16 15 0.643235 0.64870799999999995 0.187976 0.45530199999999998 0.45590000000000003 0 0.18793300000000002 0.19280799999999992 0.187976 0.016664000000000002 0.016830000000000001 0.016771000000000001 0.12582100000000004 0.12949800000000006 0.12476700000000004 0.0050020000000000004 0.0053550000000000004 0.0054270000000000004 0.0013339999999999999 0.0013500000000000001 0.0012919999999999997 2.08975123568097 2.08975123568097 2.08975123568097 0.0015080572521053478 0.0015080572521053478 0.0015080572521053478 1 1 1 Converged Converged Converged OK OK OK 123 123 123 123 123 123 13 13 13 0 0 0 0 0 1 0 0
90 90 uniform 1 7 906 1 0.001 0.81281723120675509 0.0024529729118915561 0.51836227852783645 0.66650459853477728 0.23873180378683212 0.62593711586738143 0 -0.62394817603245101 1.8976857030056078 OK 16 15 0.61173200000000005 0.47256900000000002 0.195046 0.41628399999999999 0.26691199999999998 0 0.19544800000000007 0.20565700000000003 0.195046 0.012349000000000001 0.012548 0.011997000000000001 0.14522200000000002 0.15502299999999999 0.1452440000000001 0.0058500000000000002 0.0061329999999999996 0.0061440000000000002 0.001526 0.0015929999999999998 0.001606 1.8976785500430806 1.8976785500430806 1.8976785500430806 0.0018909531010689138 0.0018909531010689138 0.0018909531010689138 1 1 1 Converged Converged Converged OK OK OK 155 155 155 155 155 155 13 13 13 0 0 0 0 1 0 0 1
90 90 uniform 1 15 906 2 0.001 0.81281723120675509 0.0024529729118915561 0.51836227852783645 0.66650459853477728 0.23873180378683212 0.69805708505386299 0 -0.69606814521893257 1.7347548266491779 OK 16 15 0.59921599999999997 0.46479900000000002 0.175981 0.42019099999999998 0.273067 0 0.17902499999999999 0.19173200000000001 0.175981 0.012323000000000001 0.012423999999999999 0.011526 0.13606799999999999 0.14397500000000002 0.13467999999999999 0.005574 0.0061269999999999996 0.0054670000000000005 0.0016179999999999999 0.0016540000000000001 0.001601 1.7347546382789281 1.7347546382789281 1.7347546382789281 0.0015681652034453292 0.0015681652034453292 0.0015681652034453292 1 1 1 Converged Converged Converged OK OK OK 147 147 147 147 147 147 13 13 13 0 0 0 0 1 0 0 1
90 90 uniform 1 23 906 3 0.001 0.81281723120675509 0.0024529729118915561 0.51836227852783645 0.66650459853477728 0.23873180378683212 0.77017705424034455 0 -0.76818811440541412 1.6102318418113997 OK 16 15 0.48794799999999999 0.34465499999999999 0.15828600000000001 0.33017000000000002 0.180448 0 0.15777799999999997 0.16420699999999999 0.15828600000000001 0.012246999999999999 0.012078999999999999 0.011338000000000001 0.117234 0.124787 0.12012300000000001 0.0051459999999999995 0.0050299999999999997 0.0048049999999999994 0.0014430000000000001 0.001379 0.0013829999999999999 1.6102258868734907 1.6102258868734907 1.6102258868734907 0.0010786392148214249 0.0010786392148214249 0.0010786392148214249 1 1 1 Converged Converged Converged OK OK OK 132 132 132 132 132 132 12 12 12 0 0 0 0 1 0 0 1
90 90 uniform 1 0 906 0 0.0001 0.81281723120675509 0.0024529729118915561 0.51836227852783645 0.66650459853477728 0.23873180378683212 0.56283214282921001 0 -0.56084320299427959 2.0897764618870363 OK 16 15 0.69998499999999997 0.70532700000000004 0.24141799999999999 0.45651399999999998 0.46148499999999998 0 0.24347099999999999 0.24384200000000006 0.24141799999999999 0.017052000000000001 0.01754 0.016982000000000001 0.15657900000000008 0.15512200000000004 0.15418199999999996 0.0084370000000000001 0.0086400000000000018 0.0084590000000000012 0.0022000000000000001 0.0024689999999999998 0.002447 2.0897743394919783 2.0897743394919783 2.0897743394919783 0.00016875134159334437 0.00016875134159334437 0.00016875134159334437 1 1 1 Converged Converged Converged OK OK OK 171 171 171 171 171 171 13 13 13 0 0 0 0 0 1 0 0
90 90 uniform 1 7 906 1 0.0001 0.81281723120675509 0.0024529729118915561 0.51836227852783645 0.66650459853477728 0.23873180378683212 0.62593711586738143 0 -0.62394817603245101 1.8976857030056078 OK 16 15 0.77313699999999996 0.65795700000000001 0.35507300000000003 0.415904 0.27369599999999999 0 0.35723299999999997 0.38426100000000002 0.35507300000000003 0.012945 0.012992 0.012081 0.24897399999999983 0.2752619999999999 0.25135500000000005 0.025167999999999999 0.025570000000000002 0.022991000000000001 0.0030239999999999998 0.0029789999999999999 0.0029090000000000001 1.8976841035949892 1.8976841035949892 1.8976841035949892 0.00015618552766980795 0.00015618552766980795 0.00015618552766980795 1 1 1 Converged Converged Converged OK OK OK 315 315 315 315 315 315 13 13 13 0 0 0 0 1 0 0 1
90 90 uniform 1 15 906 2 0.0001 0.81281723120675509 0.0024529729118915561 0.51836227852783645 0.66650459853477728 0.23873180378683212 0.69805708505386299 0 -0.69606814521893257 1.7347548266491779 OK 16 15 0.70371600000000001 0.54215000000000002 0.249087 0.42539500000000002 0.275279 0 0.27832099999999999 0.26687100000000002 0.249087 0.012825 0.012477 0.011764999999999999 0.21052000000000007 0.20409799999999981 0.18861399999999998 0.013075000000000002 0.011920999999999999 0.011549999999999998 0.0024039999999999999 0.0024200000000000003 0.0023779999999999999 1.7347546226834856 1.7347546226834856 1.7347546226834856 0.00012266783288713662 0.00012266783288713662 0.00012266783288713662 1 1 1 Converged Converged Converged OK OK OK 227 227 227 227 227 227 13 13 13 0 0 0 0 1 0 0 1
90 90 uniform 1 23 906 3 0.0001 0.81281723120675509 0.0024529729118915561 0.51836227852783645 0.66650459853477728 0.23873180378683212 0.77017705424034455 0 -0.76818811440541412 1.6102318418113997 OK 16 15 0.55704500000000001 0.41273799999999999 0.20911199999999999 0.33654299999999998 0.18219099999999999 0 0.22050200000000003 0.230547 0.20911199999999999 0.013658 0.012435 0.011294999999999999 0.16287199999999996 0.17415099999999997 0.15693200000000002 0.0094990000000000005 0.01017 0.0085519999999999988 0.002039 0.0020900000000000003 0.0020079999999999998 1.6102318720030915 1.6102318720030915 1.6102318720030915 0.00013484148366719407 0.00013484148366719407 0.00013484148366719407 1 1 1 Converged Converged Converged OK OK OK 188 188 188 188 188 188 12 12 12 0 0 0 0 1 0 0 1
90 90 uniform 2 0 907 0 0.001 0.81281723120675509 0.0024529729118915561 0.51836227852783645 0.90862716022582146 0.13053407263720357 0.80495470452025419 0 -0.80296576468532377 1.5964039159032017 OK 16 15 0.51847500000000002 0.51042699999999996 0.209782 0.31326999999999999 0.306367 0 0.20520500000000003 0.20405999999999996 0.209782 0.013414000000000001 0.013252 0.013091999999999999 0.13749600000000009 0.136766 0.14266999999999999 0.008258999999999999 0.0081799999999999998 0.0082319999999999997 0.0015619999999999998 0.001487 0.001547 1.5962488751160882 1.5962488751160882 1.5962488751160882 0.0011713004210952712 0.0011713004210952712 0.0011713004210952712 1 1 1 Converged Converged Converged OK OK OK 164 164 164 164 164 164 12 12 12 0 0 0 0 0 1 0 0
90 90 uniform 2 7 907 1 0.001 0.81281723120675509 0.0024529729118915561 0.51836227852783645 0.90862716022582146 0.13053407263720357 0.86805967755842561 0 -0.86607073772349519 1.5093130188364183 OK 16 15 0.48925800000000003 0.36036600000000002 0.18341199999999999 0.31059399999999998 0.161083 0 0.17866400000000004 0.19928300000000002 0.18341199999999999 0.012389000000000001 0.012599000000000001 0.011689 0.13560100000000005 0.15428799999999993 0.14047300000000001 0.0053759999999999997 0.0064020000000000006 0.0059350000000000002 0.001508 0.0015919999999999999 0.0015840000000000001 1.5093055856729076 1.5093055856729076 1.5093055856729076 0.00084662097491425704 0.00084662097491425704 0.00084662097491425704 1 1 1 Converged Converged Converged OK OK OK 140 140 140 140 140 140 12 12 12 0 0 0 0 1 0 0 1
90 90 uniform 2 15 907 2 0.001 0.81281723120675509 0.0024529729118915561 0.51836227852783645 0.90862716022582146 0.13053407263720357 0.94017964674490717 0 -0.93819070690997675 1.4270118194698953 OK 16 15 0.46143499999999998 0.324986 0.15265100000000001 0.30749100000000001 0.16191700000000001 0 0.15394399999999997 0.16306899999999999 0.15265100000000001 0.01184 0.012406 0.011181999999999999 0.11807200000000004 0.12594400000000003 0.11814999999999996 0.0042249999999999996 0.0048130000000000004 0.0044599999999999996 0.0010789999999999999 0.0011360000000000001 0.0010460000000000001 1.4270096885829877 1.4270096885829877 1.4270096885829877 0.00098279837994264007 0.00098279837994264007 0.00098279837994264007 1 1 1 Converged Converged Converged OK OK OK 110 110 110 110 110 110 10 10 10 0 0 0 0 1 0 0 1
90 90 uniform 2 23 907 3 0.001 0.81281723120675509 0.0024529729118915561 0.51836227852783645 0.90862716022582146 0.13053407263720357 1.0122996159313888 0 -1.0103106760964584 1.3625896561991229 OK 16 15 0.45425399999999999 0.31525900000000001 0.13731599999999999 0.315328 0.16669800000000001 0 0.13892599999999999 0.148561 0.13731599999999999 0.011839000000000001 0.011932 0.010892000000000001 0.10386999999999995 0.11314399999999999 0.10396200000000003 0.0041259999999999995 0.0043020000000000003 0.0040910000000000009 0.00098299999999999993 0.001029 0.00097600000000000009 1.3625887228044471 1.3625887228044471 1.3625887228044471 0.00062264795436640008 0.00062264795436640008 0.00062264795436640008 1 1 1 Converged Converged Converged OK OK OK 96 96 96 96 96 96 8 8 8 0 0 0 0 1 0 0 1
90 90 uniform 2 0 907 0 0.0001 0.81281723120675509 0.0024529729118915561 0.51836227852783645 0.90862716022582146 0.13053407263720357 0.80495470452025419 0 -0.80296576468532377 1.5964039159032017 OK 16 15 0.56823299999999999 0.56313299999999999 0.25101600000000002 0.31841900000000001 0.31153799999999998 0 0.24981399999999998 0.25159500000000001 0.25101600000000002 0.013606 0.013292 0.013576 0.16627399999999998 0.16711399999999993 0.16617500000000016 0.0095199999999999989 0.010698999999999998 0.010527 0.0022060000000000001 0.0022149999999999995 0.0021790000000000004 1.5964028522632963 1.5964028522632963 1.5964028522632963 8.8821709184158212e-05 8.8821709184158212e-05 8.8821709184158212e-05 1 1 1 Converged Converged Converged OK OK OK 204 204 204 204 204 204 12 12 12 0 0 0 0 0 1 0 0
90 90 uniform 2 7 907 1 0.0001 0.81281723120675509 0.0024529729118915561 0.51836227852783645 0.90862716022582146 0.13053407263720357 0.86805967755842561 0 -0.86607073772349519 1.5093130188364183 OK 16 15 0.53006900000000001 0.40647100000000003 0.218338 0.30759999999999998 0.16387399999999999 0 0.22246900000000003 0.24259700000000003 0.218338 0.012267999999999999 0.012867 0.011972 0.16893199999999997 0.18400200000000008 0.16485700000000011 0.0083780000000000018 0.010932000000000001 0.0088589999999999988 0.0019499999999999997 0.0021349999999999997 0.0020089999999999999 1.5093132100017521 1.5093132100017521 1.5093132100017521 5.153075959549107e-05 5.153075959549107e-05 5.153075959549107e-05 1 1 1 Converged Converged Converged OK OK OK 188 188 188 188 188 188 12 12 12 0 0 0 0 1 0 0 1
90 90 uniform 2 15 907 2 0.0001 0.81281723120675509 0.0024529729118915561 0.51836227852783645 0.90862716022582146 0.13053407263720357 0.94017964674490717 0 -0.93819070690997675 1.4270118194698953 OK 16 15 0.51348499999999997 0.38372800000000001 0.20214199999999999 0.31293599999999999 0.16719899999999999 0 0.20054899999999998 0.21652900000000003 0.20214199999999999 0.012009000000000001 0.012291 0.011261 0.15300000000000008 0.16647200000000012 0.15577199999999994 0.0075999999999999983 0.0088990000000000007 0.0075569999999999995 0.0015350000000000001 0.0016329999999999997 0.0015669999999999998 1.4270124240759456 1.4270124240759456 1.4270124240759456 8.6736070430739262e-05 8.6736070430739262e-05 8.6736070430739262e-05 1 1 1 Converged Converged Converged OK OK OK 158 158 158 158 158 158 10 10 10 0 0 0 0 1 0 0 1
90 90 uniform 2 23 907 3 0.0001 0.81281723120675509 0.0024529729118915561 0.51836227852783645 0.90862716022582146 0.13053407263720357 1.0122996159313888 0 -1.0103106760964584 1.3625896561991229 OK 16 15 0.50057799999999997 0.363456 0.17542099999999999 0.31601000000000001 0.17224200000000001 0 0.18456799999999995 0.191214 0.17542099999999999 0.011922 0.012019999999999999 0.011028 0.13831600000000002 0.14500700000000002 0.13212700000000005 0.0077479999999999988 0.007842 0.0070140000000000003 0.0013230000000000002 0.0013389999999999999 0.0013130000000000001 1.3625895975244284 1.3625895975244284 1.3625895975244284 7.9472554848737743e-05 7.9472554848737743e-05 7.9472554848737743e-05 1 1 1 Converged Converged Converged OK OK OK 136 136 136 136 136 136 8 8 8 0 0 0 0 1 0 0 1
90 90 uniform 3 0 908 0 0.001 0.81281723120675509 0.0024529729118915561 0.51836227852783645 -0.56274983333556672 -0.45555502707329942 -0.66642228904113399 0 0.66841122887606441 1.6074038698553543 OK 15 14 0.43863999999999997 0.43396299999999999 0.13223099999999999 0.30480000000000002 0.29812100000000002 0 0.13383999999999996 0.13584199999999996 0.13223099999999999 0.010317 0.010145 0.0097590000000000003 0.099437000000000039 0.10217199999999993 0.098919999999999952 0.0027840000000000005 0.0028279999999999998 0.0026859999999999996 0.00084699999999999999 0.00078399999999999997 0.00083600000000000005 1.607403958120931 1.607403958120931 1.607403958120931 0.00057332949873560492 0.00057332949873560492 0.00057332949873560492 1 1 1 Converged Converged Converged OK OK OK 79 79 79 79 79 79 9 9 9 0 0 0 0 0 1 0 0
90 90 uniform 3 7 908 1 0.001 0.81281723120675509 0.0024529729118915561 0.51836227852783645 -0.56274983333556672 -0.45555502707329942 -0.60331731600296257 0 0.60530625583789299 1.6960150662604419 OK 15 14 0.40327200000000002 0.258216 0.11723 0.28392499999999998 0.134968 0 0.11934700000000004 0.123248 0.11723 0.0090609999999999996 0.0092860000000000009 0.0083359999999999997 0.09271299999999999 0.095926999999999985 0.092441000000000023 0.0028179999999999998 0.0032480000000000005 0.0026069999999999999 0.000745 0.00074299999999999995 0.00075299999999999998 1.6960155985787513 1.6960155985787513 1.6960155985787513 0.00062675205222191674 0.00062675205222191674 0.00062675205222191674 1 1 1 Converged Converged Converged OK OK OK 79 79 79 79 79 79 9 9 9 0 0 0 0 1 0 0 1
90 90 uniform 3 15 908 2 0.001 0.81281723120675509 0.0024529729118915561 0.51836227852783645 -0.56274983333556672 -0.45555502707329942 -0.53119734681648101 0 0.53318628665141143 1.8164706683140261 OK 15 14 0.40796500000000002 0.26891100000000001 0.116772 0.29330600000000001 0.152701 0 0.11465900000000001 0.11621000000000001 0.116772 0.0090259999999999993 0.0091629999999999993 0.0086660000000000001 0.090407000000000015 0.091244000000000047 0.093270999999999965 0.0023379999999999998 0.0025530000000000001 0.0023019999999999998 0.00051400000000000003 0.00059299999999999999 0.00051900000000000004 1.8164733315500707 1.8164733315500707 1.8164733315500707 0.0013078173712327804 0.0013078173712327804 0.0013078173712327804 1 1 1 Converged Converged Converged OK OK OK 71 71 71 71 71 71 9 9 9 0 0 0 0 1 0 0 1
90 90 uniform 3 23 908 3 0.001 0.81281723120675509 0.0024529729118915561 0.51836227852783645 -0.56274983333556672 -0.45555502707329942 -0.45907737762999945 0 0.46106631746492988 1.9621761098698458 OK 15 14 0.40738200000000002 0.26765 0.107348 0.294124 0.157086 0 0.11325800000000003 0.110564 0.107348 0.0090939999999999997 0.0090709999999999992 0.0083370000000000007 0.085202999999999987 0.086043999999999995 0.084472999999999965 0.002405 0.0024119999999999996 0.0022630000000000003 0.000484 0.00051900000000000004 0.00049700000000000005 1.962185564750166 1.962185564750166 1.962185564750166 0.0015062784480949028 0.0015062784480949028 0.0015062784480949028 1 1 1 Converged Converged Converged OK OK OK 71 71 71 71 71 71 9 9 9 0 0 0 0 1 0 0 1
90 90 uniform 3 0 908 0 0.0001 0.81281723120675509 0.0024529729118915561 0.51836227852783645 -0.56274983333556672 -0.45555502707329942 -0.66642228904113399 0 0.66841122887606441 1.6074038698553543 OK 15 14 0.46153499999999997 0.47244599999999998 0.16322700000000001 0.29661999999999999 0.305865 0 0.16491499999999998 0.16658099999999998 0.16322700000000001 0.010187999999999999 0.010416999999999999 0.0098689999999999993 0.12121699999999998 0.12219099999999999 0.12072600000000001 0.0040729999999999994 0.0045760000000000002 0.0042420000000000001 0.0011000000000000001 0.0011969999999999999 0.0011090000000000002 1.6074039679807168 1.6074039679807168 1.6074039679807168 0.00013350442681643037 0.00013350442681643037 0.00013350442681643037 1 1 1 Converged Converged Converged OK OK OK 103 103 103 103 103 103 9 9 9 0 0 0 0 0 1 0 0
90 90 uniform 3 7 908 1 0.0001 0.81281723120675509 0.0024529729118915561 0.51836227852783645 -0.56274983333556672 -0.45555502707329942 -0.60331731600296257 0 0.60530625583789299 1.6960150662604419 OK 15 14 0.45029200000000003 0.30875399999999997 0.15918099999999999 0.28354000000000001 0.13764799999999999 0 0.16675200000000001 0.17110599999999998 0.15918099999999999 0.0092010000000000008 0.009214 0.0083909999999999992 0.12981199999999998 0.13395799999999994 0.12426300000000001 0.0044140000000000004 0.0047029999999999997 0.0042899999999999995 0.0011890000000000002 0.00133 0.001219 1.6960150551829103 1.6960150551829103 1.6960150551829103 8.7357138566390103e-05 8.7357138566390103e-05 8.7357138566390103e-05 1 1 1 Converged Converged Converged OK OK OK 111 111 111 111 111 111 9 9 9 0 0 0 0 1 0 0 1
90 90 uniform 3 15 908 2 0.0001 0.81281723120675509 0.0024529729118915561 0.51836227852783645 -0.56274983333556672 -0.45555502707329942 -0.53119734681648101 0 0.53318628665141143 1.8164706683140261 OK 15 14 0.456953 0.32610800000000001 0.158024 0.29595399999999999 0.15360799999999999 0 0.160999 0.17250000000000001 0.158024 0.0091020000000000007 0.0091369999999999993 0.0083809999999999996 0.12617200000000006 0.13730300000000001 0.125306 0.0044329999999999994 0.0045529999999999998 0.004091 0.001178 0.001279 0.001212 1.816470645001218 1.816470645001218 1.816470645001218 7.7576714214148696e-05 7.7576714214148696e-05 7.7576714214148696e-05 1 1 1 Converged Converged Converged OK OK OK 111 111 111 111 111 111 9 9 9 0 0 0 0 1 0 0 1
90 90 uniform 3 23 908 3 0.0001 0.81281723120675509 0.0024529729118915561 0.51836227852783645 -0.56274983333556672 -0.45555502707329942 -0.45907737762999945 0 0.46106631746492988 1.9621761098698458 OK 15 14 0.45719300000000002 0.32131799999999999 0.15385699999999999 0.29646699999999998 0.154636 0 0.16072600000000004 0.166682 0.15385699999999999 0.0093209999999999994 0.0091680000000000008 0.0083639999999999999 0.124183 0.1311769999999999 0.12117599999999999 0.0051000000000000004 0.0047360000000000006 0.0041539999999999997 0.0012310000000000001 0.0014379999999999998 0.0011180000000000001 1.962176110913824 1.962176110913824 1.962176110913824 7.1693933650665399e-05 7.1693933650665399e-05 7.1693933650665399e-05 1 1 1 Converged Converged Converged OK OK OK 111 111 111 111 111 111 9 9 9 0 0 0 0 1 0 0 1
90 90 uniform 4 0 909 0 0.001 0.81281723120675509 0.0024529729118915561 0.51836227852783645 -0.4123350271385991 -0.89590911243707572 -0.51600748284416642 0 0.51799642267909685 1.3557313326641298 OK 12 11 0.36408200000000002 0.36184500000000003 0.075301000000000007 0.28786 0.28492200000000001 0 0.076222000000000012 0.076923000000000019 0.075301000000000007 0.0092630000000000004 0.0097949999999999999 0.0090639999999999991 0.04795 0.047659 0.047219999999999998 0.0024889999999999999 0.0024849999999999998 0.0024780000000000002 0.00069000000000000008 0.00066899999999999989 0.00063900000000000003 1.3557315032952699 1.3557315032952699 1.3557315032952699 0.0011585282131982516 0.0011585282131982516 0.0011585282131982516 1 1 1 Converged Converged Converged OK OK OK 59 59 59 59 59 59 5 5 5 0 0 0 0 0 1 0 0
90 90 uniform 4 7 909 1 0.001 0.81281723120675509 0.0024529729118915561 0.51836227852783645 -0.4123350271385991 -0.89590911243707572 -0.452902509805995 0 0.45489144964092543 1.3799549502925683 OK 12 11 0.36370999999999998 0.206765 0.073339000000000001 0.28365200000000002 0.125781 0 0.080057999999999963 0.080984 0.073339000000000001 0.0087279999999999996 0.0083619999999999996 0.0077689999999999999 0.055408000000000006 0.056954000000000005 0.050259999999999992 0.0024869999999999996 0.0025520000000000004 0.002398 0.00065200000000000002 0.00061300000000000005 0.00066 1.3799548059231628 1.3799548059231628 1.3799548059231628 0.0012106341495478807 0.0012106341495478807 0.0012106341495478807 1 1 1 Converged Converged Converged OK OK OK 59 59 59 59 59 59 5 5 5 0 0 0 0 1 0 0 1
90 90 uniform 4 15 909 2 0.001 0.81281723120675509 0.0024529729118915561 0.51836227852783645 -0.4123350271385991 -0.89590911243707572 -0.38078254061951339 0 0.38277148045444381 1.4067469217481201 OK 12 11 0.35680800000000001 0.201685 0.072270000000000001 0.282281 0.124516 0 0.07452700000000001 0.077169000000000001 0.072270000000000001 0.0086020000000000003 0.0084229999999999999 0.007894 0.050961000000000013 0.054010999999999997 0.050157000000000028 0.0024989999999999999 0.0024020000000000001 0.0023819999999999996 0.00066399999999999999 0.00064999999999999997 0.000638 1.4067465964463084 1.4067465964463084 1.4067465964463084 0.0012287492493886589 0.0012287492493886589 0.0012287492493886589 1 1 1 Converged Converged Converged OK OK OK 59 59 59 59 59 59 5 5 5 0 0 0 0 1 0 0 1
90 90 uniform 4 23 909 3 0.001 0.81281723120675509 0.0024529729118915561 0.51836227852783645 -0.4123350271385991 -0.89590911243707572 -0.30866257143303177 0 0.3106515112679622 1.4315588739947114 OK 12 11 0.36443399999999998 0.21067 0.071056999999999995 0.28735899999999998 0.12779299999999999 0 0.077075000000000005 0.082877000000000006 0.071056999999999995 0.0087740000000000005 0.0087939999999999997 0.0081080000000000006 0.053422000000000018 0.058965999999999998 0.04871700000000001 0.0024399999999999999 0.0026649999999999998 0.0023630000000000001 0.00065899999999999997 0.00066299999999999996 0.00063699999999999998 1.4315592602061618 1.4315592602061618 1.4315592602061618 0.00020843601176320409 0.00020843601176320409 0.00020843601176320409 1 1 1 Converged Converged Converged OK OK OK 59 59 59 59 59 59 5 5 5 0 0 0 0 1 0 0 1
90 90 uniform 4 0 909 0 0.0001 0.81281723120675509 0.0024529729118915561 0.51836227852783645 -0.4123350271385991 -0.89590911243707572 -0.51600748284416642 0 0.51799642267909685 1.3557313326641298 OK 12 11 0.39005099999999998 0.39459499999999997 0.104252 0.28481499999999998 0.28858299999999998 0 0.105236 0.106012 0.104252 0.009188 0.0096050000000000007 0.0089149999999999993 0.068555999999999978 0.068716999999999973 0.067892000000000008 0.0036819999999999995 0.0037439999999999999 0.0038119999999999999 0.00088499999999999994 0.00091 0.00093800000000000003 1.3557312821703345 1.3557312821703345 1.3557312821703345 8.539591488669117e-06 8.539591488669117e-06 8.539591488669117e-06 1 1 1 Converged Converged Converged OK OK OK 83 83 83 83 83 83 5 5 5 0 0 0 0 0 1 0 0
90 90 uniform 4 7 909 1 0.0001 0.81281723120675509 0.0024529729118915561 0.51836227852783645 -0.4123350271385991 -0.89590911243707572 -0.452902509805995 0 0.45489144964092543 1.3799549502925683 OK 12 11 0.39235100000000001 0.24016199999999999 0.101183 0.28705199999999997 0.124268 0 0.10529900000000003 0.11589399999999998 0.101183 0.0084910000000000003 0.0085649999999999997 0.007835 0.073208999999999996 0.084850000000000023 0.071819999999999995 0.0043020000000000003 0.0037980000000000002 0.0036329999999999999 0.00089299999999999991 0.00087100000000000003 0.00083600000000000005 1.3799548929864334 1.3799548929864334 1.3799548929864334 6.436934550002234e-06 6.436934550002234e-06 6.436934550002234e-06 1 1 1 Converged Converged Converged OK OK OK 83 83 83 83 83 83 5 5 5 0 0 0 0 1 0 0 1
90 90 uniform 4 15 909 2 0.0001 0.81281723120675509 0.0024529729118915561 0.51836227852783645 -0.4123350271385991 -0.89590911243707572 -0.38078254061951339 0 0.38277148045444381 1.4067469217481201 OK 12 11 0.38513199999999997 0.235539 0.100371 0.280947 0.124057 0 0.10418499999999997 0.111482 0.100371 0.0086070000000000001 0.0085430000000000002 0.0078480000000000008 0.072530999999999998 0.080676000000000012 0.071111000000000008 0.0040430000000000006 0.0037149999999999996 0.0036029999999999994 0.00089399999999999994 0.00088100000000000006 0.00086400000000000008 1.4067468587895728 1.4067468587895728 1.4067468587895728 4.894934995368829e-06 4.894934995368829e-06 4.894934995368829e-06 1 1 1 Converged Converged Converged OK OK OK 83 83 83 83 83 83 5 5 5 0 0 0 0 1 0 0 1
90 90 uniform 4 23 909 3 0.0001 0.81281723120675509 0.0024529729118915561 0.51836227852783645 -0.4123350271385991 -0.89590911243707572 -0.30866257143303177 0 0.3106515112679622 1.4315588739947114 OK 12 11 0.379832 0.24010200000000001 0.092143000000000003 0.28533599999999998 0.129748 0 0.094496000000000024 0.11035400000000001 0.092143000000000003 0.0087829999999999991 0.008992 0.0081600000000000006 0.066089000000000009 0.081418000000000004 0.064949000000000007 0.0032199999999999998 0.0035979999999999996 0.0033209999999999997 0.00074999999999999991 0.00076599999999999997 0.00070899999999999999 1.4315588058985202 1.4315588058985202 1.4315588058985202 9.9356661735654474e-06 9.9356661735654474e-06 9.9356661735654474e-06 1 1 1 Converged Converged Converged OK OK OK 75 75 75 75 75 75 5 5 5 0 0 0 0 1 0 0 1
91 91 linear 0 0 910 0 0.001 1.3478352535846061 0.25642644737705456 0.84235481418019298 -0.79276889316223176 0.26988566105706763 -0.96123985599827033 0.5 1.2363220993303632 1.6730009555523098 OK 15 14 0.56617600000000001 0.56437300000000001 0.34355799999999997 0.218334 0.21916099999999999 0 0.34784199999999998 0.34521200000000002 0.34355799999999997 0.011469999999999999 0.011361 0.011242 0.29582799999999992 0.29010100000000005 0.29316899999999996 0.0063019999999999994 0.0063849999999999992 0.0058270000000000006 0.0014589999999999998 0.0014199999999999998 0.0012830000000000001 1.6730095414516959 1.6730095414516959 1.6730095414516959 0.00097961026529866792 0.00097961026529866792 0.00097961026529866792 1 1 1 Converged Converged Converged OK OK OK 117 117 117 117 117 117 11 11 11 0 0 0 0 0 1 0 0
91 91 linear 0 7 910 1 0.001 1.3478352535846061 0.25642644737705456 0.84235481418019298 -0.79276889316223176 0.26988566105706763 -0.8586923134024208 0.5 1.1337745567345137 1.7667340680935615 OK 16 15 0.58533599999999997 0.49357800000000002 0.32283000000000001 0.251108 0.16491 0 0.33422799999999997 0.32866800000000002 0.32283000000000001 0.013767 0.013787000000000001 0.013056 0.29154599999999986 0.28748200000000007 0.28323999999999988 0.0056699999999999997 0.0054580000000000002 0.0050410000000000003 0.0012369999999999998 0.0011119999999999999 0.0011580000000000002 1.7667369171740894 1.7667369171740894 1.7667369171740894 0.00072188391933688037 0.00072188391933688037 0.00072188391933688037 1 1 1 Converged Converged Converged OK OK OK 115 115 115 115 115 115 13 13 13 0 0 0 0 1 0 0 1
91 91 linear 0 15 910 2 0.001 1.3478352535846061 0.25642644737705456 0.84235481418019298 -0.79276889316223176 0.26988566105706763 -0.74149512186430699 0.5 1.0165773651963999 1.8993136305093867 OK 16 15 0.60978100000000002 0.53269699999999998 0.34510200000000002 0.247895 0.163605 0 0.36188600000000004 0.36909199999999998 0.34510200000000002 0.013374 0.013597 0.012687 0.31245500000000015 0.32071699999999986 0.299898 0.0066150000000000002 0.0061040000000000001 0.0054749999999999998 0.001408 0.001426 0.001328 1.8993100218252337 1.8993100218252337 1.8993100218252337 0.0013587952759821411 0.0013587952759821411 0.0013587952759821411 1 1 1 Converged Converged Converged OK OK OK 130 130 130 130 130 130 14 14 14 0 0 0 0 1 0 0 1
91 91 linear 0 23 910 3 0.001 1.3478352535846061 0.25642644737705456 0.84235481418019298 -0.79276889316223176 0.26988566105706763 -0.62429793032619318 0.5 0.89938017365828604 2.1190246444365863 OK 15 14 0.62623700000000004 0.52521099999999998 0.36967800000000001 0.24520400000000001 0.15382899999999999 0 0.38103300000000007 0.37138199999999999 0.36967800000000001 0.010808 0.010644000000000001 0.0099129999999999999 0.34125000000000011 0.33346500000000012 0.33395199999999975 0.0061560000000000009 0.0057530000000000003 0.0046650000000000007 0.0014320000000000001 0.0012890000000000002 0.0012180000000000001 2.1190266618585429 2.1190266618585429 2.1190266618585429 0.00078979635871904476 0.00078979635871904476 0.00078979635871904476 1 1 1 Converged Converged Converged OK OK OK 123 123 123 123 123 123 13 13 13 0 0 0 0 1 0 0 1
91 91 linear 0 0 910 0 0.0001 1.3478352535846061 0.25642644737705456 0.84235481418019298 -0.79276889316223176 0.26988566105706763 -0.96123985599827033 0.5 1.2363220993303632 1.6730009555523098 OK 15 14 0.79736399999999996 0.78644999999999998 0.56555699999999998 0.21645300000000001 0.218168 0 0.58091099999999996 0.56828199999999995 0.56555699999999998 0.011524 0.011414000000000001 0.011285999999999999 0.49551200000000029 0.4849750000000001 0.48205199999999987 0.013002 0.011997999999999998 0.012239999999999999 0.0023360000000000004 0.0023290000000000003 0.0023580000000000003 1.673004172707671 1.673004172707671 1.673004172707671 8.7230636381445116e-05 8.7230636381445116e-05 8.7230636381445116e-05 1 1 1 Converged Converged Converged OK OK OK 197 197 197 197 197 197 11 11 11 0 0 0 0 0 1 0 0
91 91 linear 0 7 910 1 0.0001 1.3478352535846061 0.25642644737705456 0.84235481418019298 -0.79276889316223176 0.26988566105706763 -0.8586923134024208 0.5 1.1337745567345137 1.7667340680935615 OK 16 15 0.68591599999999997 0.60930700000000004 0.43569799999999997 0.24729999999999999 0.16959399999999999 0 0.43861600000000001 0.43971300000000002 0.43569799999999997 0.013089999999999999 0.013684 0.013074000000000001 0.38808299999999996 0.38612800000000019 0.38048500000000024 0.007038 0.0084869999999999998 0.0077519999999999993 0.0018129999999999999 0.0020890000000000001 0.0019550000000000001 1.7667368577854354 1.7667368577854354 1.7667368577854354 0.00013388628065748174 0.00013388628065748174 0.00013388628065748174 1 1 1 Converged Converged Converged OK OK OK 155 155 155 155 155 155 13 13 13 0 0 0 0 1 0 0 1
91 91 linear 0 15 910 2 0.0001 1.3478352535846061 0.25642644737705456 0.84235481418019298 -0.79276889316223176 0.26988566105706763 -0.74149512186430699 0.5 1.0165773651963999 1.8993136305093867 OK 16 15 0.73601300000000003 0.65594300000000005 0.48768099999999998 0.247722 0.16409899999999999 0 0.48829100000000003 0.49184400000000006 0.48768099999999998 0.013110999999999999 0.013679 0.0134 0.42755500000000018 0.43170800000000004 0.42941699999999983 0.010608999999999999 0.010286 0.0088959999999999994 0.002526 0.0025700000000000002 0.0025099999999999992 1.8993106565132167 1.8993106565132167 1.8993106565132167 0.000101821625511484 0.000101821625511484 0.000101821625511484 1 1 1 Converged Converged Converged OK OK OK 186 186 186 186 186 186 14 14 14 0 0 0 0 1 0 0 1
91 91 linear 0 23 910 3 0.0001 1.3478352535846061 0.25642644737705456 0.84235481418019298 -0.79276889316223176 0.26988566105706763 -0.62429793032619318 0.5 0.89938017365828604 2.1190246444365863 OK 15 14 0.70315499999999997 0.60744900000000002 0.44432500000000003 0.252886 0.15304899999999999 0 0.45026899999999997 0.45440000000000003 0.44432500000000003 0.010874999999999999 0.010982 0.01136 0.40436200000000022 0.4089299999999999 0.39942800000000006 0.0075390000000000006 0.007724 0.0069449999999999998 0.0018950000000000002 0.001897 0.001768 2.1190276058892312 2.1190276058892312 2.1190276058892312 0.00020132999044087597 0.00020132999044087597 0.00020132999044087597 1 1 1 Converged Converged Converged OK OK OK 155 155 155 155 155 155 13 13 13 0 0 0 0 1 0 0 1
91 91 linear 1 0 911 0 0.001 1.3478352535846061 0.25642644737705456 0.84235481418019298 0.64866156634014116 0.15295871857102222 0.48019060350410259 0.5 -0.20510836017200967 2.406030376134038 OK 14 13 0.51268100000000005 0.50893200000000005 0.26689499999999999 0.23690700000000001 0.23882500000000001 0 0.27577400000000007 0.27010700000000004 0.26689499999999999 0.010973 0.011363 0.010951000000000001 0.22700200000000004 0.22259000000000007 0.22036 0.0047710000000000001 0.004561 0.0044810000000000006 0.0011529999999999999 0.0013079999999999999 0.001242 2.4060401954193105 2.4060401954193105 2.4060401954193105 0.0013759632808444731 0.0013759632808444731 0.0013759632808444731 1 1 1 Converged Converged Converged OK OK OK 109 109 109 109 109 109 11 11 11 0 0 0 0 0 1 0 0
91 91 linear 1 7 911 1 0.001 1.3478352535846061 0.25642644737705456 0.84235481418019298 0.64866156634014116 0.15295871857102222 0.58273814609995211 0.5 -0.3076559027678592 2.3088046765591086 OK 14 13 0.41700199999999998 0.35861599999999999 0.21440300000000001 0.19411300000000001 0.14004900000000001 0 0.22288899999999998 0.21856699999999998 0.21440300000000001 0.010038 0.010446 0.0093880000000000005 0.19127900000000003 0.18695199999999992 0.18511599999999992 0.0039969999999999997 0.0039659999999999999 0.0034489999999999998 0.001101 0.001108 0.001042 2.3088141969361149 2.3088141969361149 2.3088141969361149 0.0019177440826597181 0.0019177440826597181 0.0019177440826597181 1 1 1 Converged Converged Converged OK OK OK 94 94 94 94 94 94 10 10 10 0 0 0 0 1 0 0 1
91 91 linear 1 15 911 2 0.001 1.3478352535846061 0.25642644737705456 0.84235481418019298 0.64866156634014116 0.15295871857102222 0.69993533763806592 0.5 -0.42485309430597301 2.1750783065879005 OK 14 13 0.41905999999999999 0.35275499999999999 0.20977999999999999 0.20069699999999999 0.14016899999999999 0 0.218363 0.212586 0.20977999999999999 0.0095619999999999993 0.0094549999999999999 0.0089680000000000003 0.18868499999999999 0.18395599999999993 0.18269999999999995 0.00349 0.0035899999999999994 0.0033060000000000003 0.0011940000000000002 0.00096600000000000006 0.00091199999999999994 2.1751044324392077 2.1751044324392077 2.1751044324392077 0.0017683300695968027 0.0017683300695968027 0.0017683300695968027 1 1 1 Converged Converged Converged OK OK OK 87 87 87 87 87 87 9 9 9 0 0 0 0 1 0 0 1
91 91 linear 1 23 911 3 0.001 1.3478352535846061 0.25642644737705456 0.84235481418019298 0.64866156634014116 0.15295871857102222 0.81713252917617973 0.5 -0.54205028584408677 2.0071470610858895 OK 15 14 0.43684600000000001 0.371944 0.21015300000000001 0.21820400000000001 0.15797600000000001 0 0.218642 0.21396799999999999 0.21015300000000001 0.01031 0.010255999999999999 0.0092840000000000006 0.18883499999999998 0.18451700000000001 0.18287 0.0033710000000000003 0.0034749999999999998 0.003166 0.0010119999999999999 0.00095399999999999999 0.00082599999999999991 2.0071622239164997 2.0071622239164997 2.0071622239164997 0.0016262575168197349 0.0016262575168197349 0.0016262575168197349 1 1 1 Converged Converged Converged OK OK OK 87 87 87 87 87 87 9 9 9 0 0 0 0 1 0 0 1
91 91 linear 1 0 911 0 0.0001 1.3478352535846061 0.25642644737705456 0.84235481418019298 0.64866156634014116 0.15295871857102222 0.48019060350410259 0.5 -0.20510836017200967 2.406030376134038 OK 14 13 0.58031999999999995 0.56406999999999996 0.33070699999999997 0.24363299999999999 0.23754900000000001 0 0.33668699999999996 0.32652099999999995 0.33070699999999997 0.011514999999999999 0.011011999999999999 0.011101 0.27730499999999997 0.26941700000000002 0.269596 0.0066879999999999995 0.005569000000000001 0.0060560000000000006 0.001699 0.0016000000000000001 0.0017259999999999999 2.4060410268000334 2.4060410268000334 2.4060410268000334 0.00011599001629822327 0.00011599001629822327 0.00011599001629822327 1 1 1 Converged Converged Converged OK OK OK 133 133 133 133 133 133 11 11 11 0 0 0 0 0 1 0 0
91 91 linear 1 7 911 1 0.0001 1.3478352535846061 0.25642644737705456 0.84235481418019298 0.64866156634014116 0.15295871857102222 0.58273814609995211 0.5 -0.3076559027678592 2.3088046765591086 OK 14 13 0.50273000000000001 0.436805 0.28987200000000002 0.20127500000000001 0.14046700000000001 0 0.30145500000000003 0.29633799999999999 0.28987200000000002 0.010349000000000001 0.010281 0.0094780000000000003 0.259488 0.25529199999999991 0.25150100000000003 0.0065260000000000006 0.0060600000000000003 0.0051770000000000002 0.001699 0.0016819999999999999 0.001591 2.3088157414371384 2.3088157414371384 2.3088157414371384 6.7641980700785363e-05 6.7641980700785363e-05 6.7641980700785363e-05 1 1 1 Converged Converged Converged OK OK OK 126 126 126 126 126 126 10 10 10 0 0 0 0 1 0 0 1
91 91 linear 1 15 911 2 0.0001 1.3478352535846061 0.25642644737705456 0.84235481418019298 0.64866156634014116 0.15295871857102222 0.69993533763806592 0.5 -0.42485309430597301 2.1750783065879005 OK 14 13 0.500197 0.42535499999999998 0.27880500000000003 0.21126800000000001 0.13747400000000001 0 0.28892899999999999 0.28788099999999994 0.27880500000000003 0.0095350000000000001 0.0096989999999999993 0.0089040000000000005 0.25029100000000004 0.24755799999999997 0.24261600000000003 0.0057800000000000004 0.0068069999999999997 0.0052259999999999997 0.0016890000000000002 0.0016930000000000001 0.001418 2.1750888628739715 2.1750888628739715 2.1750888628739715 8.3249980395982403e-05 8.3249980395982403e-05 8.3249980395982403e-05 1 1 1 Converged Converged Converged OK OK OK 119 119 119 119 119 119 9 9 9 0 0 0 0 1 0 0 1
91 91 linear 1 23 911 3 0.0001 1.3478352535846061 0.25642644737705456 0.84235481418019298 0.64866156634014116 0.15295871857102222 0.81713252917617973 0.5 -0.54205028584408677 2.0071470610858895 OK 15 14 0.505324 0.43824999999999997 0.27886899999999998 0.21773899999999999 0.15790599999999999 0 0.28758499999999998 0.28034399999999998 0.27886899999999998 0.010066 0.010304000000000001 0.0094959999999999992 0.24963500000000011 0.24174799999999999 0.24229400000000001 0.0048720000000000005 0.0053940000000000012 0.0051339999999999997 0.0013470000000000001 0.0016769999999999999 0.0013310000000000002 2.0071515217035811 2.0071515217035811 2.0071515217035811 6.6493241818223311e-05 6.6493241818223311e-05 6.6493241818223311e-05 1 1 1 Converged Converged Converged OK OK OK 119 119 119 119 119 119 9 9 9 0 0 0 0 1 0 0 1
91 91 linear 2 0 912 0 0.001 1.3478352535846061 0.25642644737705456 0.84235481418019298 0.0025615524197230566 0.95588463431578952 -0.16590941041631554 0.5 0.44099165374840843 1.4795565362509822 OK 12 11 0.37144199999999999 0.36385000000000001 0.17053099999999999 0.19644600000000001 0.19083 0 0.17499599999999998 0.17302000000000001 0.17053099999999999 0.0079419999999999994 0.0083359999999999997 0.0081329999999999996 0.13959999999999995 0.13682899999999995 0.13514100000000001 0.0033440000000000011 0.0038779999999999999 0.0035690000000000001 0.00089500000000000007 0.0010280000000000001 0.0009630000000000001 1.4795436213622439 1.4795436213622439 1.4795436213622439 0.0010804242258737073 0.0010804242258737073 0.0010804242258737073 1 1 1 Converged Converged Converged OK OK OK 94 94 94 94 94 94 10 10 10 0 0 0 0 0 1 0 0
91 91 linear 2 7 912 1 0.001 1.3478352535846061 0.25642644737705456 0.84235481418019298 0.0025615524197230566 0.95588463431578952 -0.063361867820465947 0.5 0.33844411115255885 1.5060023256768622 OK 12 11 0.35350300000000001 0.28372900000000001 0.157698 0.19050400000000001 0.121032 0 0.162999 0.16269700000000001 0.157698 0.0068589999999999996 0.0067080000000000004 0.0065139999999999998 0.13789499999999996 0.13778100000000001 0.13335399999999997 0.0031850000000000003 0.0033630000000000001 0.0033119999999999998 0.00082299999999999995 0.00086200000000000003 0.00088800000000000001 1.5059993192224082 1.5059993192224082 1.5059993192224082 0.001098282445191058 0.001098282445191058 0.001098282445191058 1 1 1 Converged Converged Converged OK OK OK 94 94 94 94 94 94 10 10 10 0 0 0 0 1 0 0 1
91 91 linear 2 15 912 2 0.001 1.3478352535846061 0.25642644737705456 0.84235481418019298 0.0025615524197230566 0.95588463431578952 0.053835323717647855 0.5 0.22124691961444506 1.5052754620326971 OK 13 12 0.35163 0.29158600000000001 0.14516100000000001 0.19817499999999999 0.13910600000000001 0 0.15345500000000001 0.15248 0.14516100000000001 0.0091870000000000007 0.0099450000000000007 0.0090810000000000005 0.12214400000000002 0.11894999999999997 0.11430500000000003 0.0036400000000000004 0.0041010000000000005 0.0037169999999999998 0.0010020000000000001 0.0011180000000000001 0.0010170000000000001 1.5052723161741834 1.5052723161741834 1.5052723161741834 0.0008986900370689478 0.0008986900370689478 0.0008986900370689478 1 1 1 Converged Converged Converged OK OK OK 95 95 95 95 95 95 9 9 9 0 0 0 0 1 0 0 1
91 91 linear 2 23 912 3 0.001 1.3478352535846061 0.25642644737705456 0.84235481418019298 0.0025615524197230566 0.95588463431578952 0.17103251525576166 0.5 0.10404972807633125 1.4973870941941398 OK 13 12 0.34545100000000001 0.281912 0.12717700000000001 0.21043400000000001 0.14946899999999999 0 0.135017 0.13244300000000001 0.12717700000000001 0.0092169999999999995 0.0093760000000000007 0.0085810000000000001 0.107609 0.10540100000000001 0.101664 0.0036769999999999997 0.0034040000000000003 0.0031840000000000002 0.0010780000000000002 0.0012279999999999999 0.00090799999999999995 1.4973848293943868 1.4973848293943868 1.4973848293943868 0.00086092675307745286 0.00086092675307745286 0.00086092675307745286 1 1 1 Converged Converged Converged OK OK OK 88 88 88 88 88 88 8 8 8 0 0 0 0 1 0 0 1
91 91 linear 2 0 912 0 0.0001 1.3478352535846061 0.25642644737705456 0.84235481418019298 0.0025615524197230566 0.95588463431578952 -0.16590941041631554 0.5 0.44099165374840843 1.4795565362509822 OK 12 11 0.41296100000000002 0.402611 0.214639 0.194519 0.18937200000000001 0 0.21844200000000003 0.21323899999999998 0.214639 0.0079500000000000005 0.0080739999999999996 0.0080540000000000004 0.17316700000000002 0.16790700000000003 0.1683369999999999 0.0045819999999999993 0.0049139999999999991 0.0051200000000000004 0.0014149999999999998 0.0014109999999999999 0.001632 1.4795520135548659 1.4795520135548659 1.4795520135548659 8.566624866304491e-05 8.566624866304491e-05 8.566624866304491e-05 1 1 1 Converged Converged Converged OK OK OK 118 118 118 118 118 118 10 10 10 0 0 0 0 0 1 0 0
91 91 linear 2 7 912 1 0.0001 1.3478352535846061 0.25642644737705456 0.84235481418019298 0.0025615524197230566 0.95588463431578952 -0.063361867820465947 0.5 0.33844411115255885 1.5060023256768622 OK 12 11 0.37462299999999998 0.310365 0.18221899999999999 0.18822900000000001 0.124543 0 0.18639399999999998 0.18582199999999999 0.18221899999999999 0.0071929999999999997 0.0069069999999999999 0.006489 0.15679199999999996 0.15591700000000003 0.15396600000000002 0.0041739999999999998 0.0047430000000000007 0.0039280000000000001 0.0014880000000000002 0.0013699999999999999 0.0013179999999999999 1.5059986559145364 1.5059986559145364 1.5059986559145364 8.3242052235307768e-05 8.3242052235307768e-05 8.3242052235307768e-05 1 1 1 Converged Converged Converged OK OK OK 110 110 110 110 110 110 10 10 10 0 0 0 0 1 0 0 1
91 91 linear 2 15 912 2 0.0001 1.3478352535846061 0.25642644737705456 0.84235481418019298 0.0025615524197230566 0.95588463431578952 0.053835323717647855 0.5 0.22124691961444506 1.5052754620326971 OK 13 12 0.37607299999999999 0.30716199999999999 0.164247 0.20034099999999999 0.135576 0 0.175732 0.17158599999999999 0.164247 0.0095969999999999996 0.0098429999999999993 0.0090790000000000003 0.14091199999999995 0.13616499999999998 0.13075899999999999 0.0046090000000000002 0.0051459999999999995 0.0046350000000000002 0.0013680000000000001 0.001547 0.0013829999999999999 1.5052722660935678 1.5052722660935678 1.5052722660935678 6.8356671315289051e-05 6.8356671315289051e-05 6.8356671315289051e-05 1 1 1 Converged Converged Converged OK OK OK 111 111 111 111 111 111 9 9 9 0 0 0 0 1 0 0 1
91 91 linear 2 23 912 3 0.0001 1.3478352535846061 0.25642644737705456 0.84235481418019298 0.0025615524197230566 0.95588463431578952 0.17103251525576166 0.5 0.10404972807633125 1.4973870941941398 OK 13 12 0.36269400000000002 0.30210399999999998 0.14730399999999999 0.20952599999999999 0.149337 0 0.15316800000000003 0.15276699999999999 0.14730399999999999 0.009025 0.0093460000000000001 0.0086289999999999995 0.12316299999999999 0.12208100000000004 0.11805300000000001 0.0038530000000000005 0.0041719999999999995 0.0039260000000000007 0.0013659999999999998 0.0015039999999999999 0.001348 1.4973848615763581 1.4973848615763581 1.4973848615763581 7.639822386384422e-05 7.639822386384422e-05 7.639822386384422e-05 1 1 1 Converged Converged Converged OK OK OK 104 104 104 104 104 104 8 8 8 0 0 0 0 1 0 0 1
91 91 linear 3 0 913 0 0.001 1.3478352535846061 0.25642644737705456 0.84235481418019298 0.88194570776766013 -1.027626553016604 0.71347474493162155 0.5 -0.43839250159952864 1.2847573330385487 OK 12 11 0.32059399999999999 0.31755800000000001 0.12089999999999999 0.19294500000000001 0.194468 0 0.12764899999999998 0.12309 0.12089999999999999 0.0096319999999999999 0.0098049999999999995 0.0092379999999999997 0.090534999999999977 0.087354000000000015 0.086683999999999969 0.004562000000000001 0.0037459999999999998 0.0033040000000000001 0.001091 0.001093 0.00092000000000000014 1.2847573144731934 1.2847573144731934 1.2847573144731934 0.00087374033420915939 0.00087374033420915939 0.00087374033420915939 1 1 1 Converged Converged Converged OK OK OK 81 81 81 81 81 81 7 7 7 0 0 0 0 0 1 0 0
91 91 linear 3 7 913 1 0.001 1.3478352535846061 0.25642644737705456 0.84235481418019298 0.88194570776766013 -1.027626553016604 0.81602228752747108 0.5 -0.54094004419537822 1.2519464793526369 OK 12 11 0.29062399999999999 0.223578 0.090398000000000006 0.195072 0.128302 0 0.095551999999999998 0.095276 0.090398000000000006 0.0085059999999999997 0.0084180000000000001 0.0079129999999999999 0.071194999999999994 0.072241000000000014 0.068088999999999983 0.0030149999999999999 0.0025440000000000003 0.0026189999999999998 0.00087499999999999991 0.00075900000000000013 0.00075599999999999994 1.2519558018546468 1.2519558018546468 1.2519558018546468 0.0011034016679576722 0.0011034016679576722 0.0011034016679576722 1 1 1 Converged Converged Converged OK OK OK 66 66 66 66 66 66 6 6 6 0 0 0 0 1 0 0 1
91 91 linear 3 15 913 2 0.001 1.3478352535846061 0.25642644737705456 0.84235481418019298 0.88194570776766013 -1.027626553016604 0.93321947906558489 0.5 -0.65813723573349203 1.2163242184001966 OK 12 11 0.29867300000000002 0.238681 0.093685000000000004 0.201099 0.136466 0 0.097574000000000022 0.102215 0.093685000000000004 0.0083639999999999999 0.0084679999999999998 0.00777 0.074301000000000006 0.078897000000000037 0.071529999999999996 0.0026319999999999998 0.0026319999999999998 0.0025570000000000002 0.00078899999999999999 0.00077200000000000001 0.00074700000000000005 1.2163267617051416 1.2163267617051416 1.2163267617051416 0.00066155487804544849 0.00066155487804544849 0.00066155487804544849 1 1 1 Converged Converged Converged OK OK OK 66 66 66 66 66 66 6 6 6 0 0 0 0 1 0 0 1
91 91 linear 3 23 913 3 0.001 1.3478352535846061 0.25642644737705456 0.84235481418019298 0.88194570776766013 -1.027626553016604 1.0504166706036988 0.5 -0.77533442727160584 1.1840505658258245 OK 12 11 0.27910699999999999 0.215447 0.076263999999999998 0.19961599999999999 0.13184599999999999 0 0.079491000000000006 0.083601000000000009 0.076263999999999998 0.0083599999999999994 0.0085050000000000004 0.0078200000000000006 0.05899900000000001 0.062994999999999995 0.056767999999999992 0.0020990000000000002 0.0021000000000000003 0.0020869999999999999 0.00063100000000000005 0.00064099999999999997 0.00059399999999999991 1.1840489940603205 1.1840489940603205 1.1840489940603205 0.0010302699376666315 0.0010302699376666315 0.0010302699376666315 1 1 1 Converged Converged Converged OK OK OK 58 58 58 58 58 58 6 6 6 0 0 0 0 1 0 0 1
91 91 linear 3 0 913 0 0.0001 1.3478352535846061 0.25642644737705456 0.84235481418019298 0.88194570776766013 -1.027626553016604 0.71347474493162155 0.5 -0.43839250159952864 1.2847573330385487 OK 12 11 0.38550099999999998 0.38000699999999998 0.18329999999999999 0.195133 0.19365599999999999 0 0.19036799999999998 0.18635099999999999 0.18329999999999999 0.0098099999999999993 0.0097800000000000005 0.0093519999999999992 0.135543 0.13143000000000002 0.13035099999999997 0.0073239999999999998 0.0081440000000000002 0.0070529999999999994 0.001794 0.0017129999999999997 0.0017359999999999999 1.2847574008999427 1.2847574008999427 1.2847574008999427 7.8010339623753945e-05 7.8010339623753945e-05 7.8010339623753945e-05 1 1 1 Converged Converged Converged OK OK OK 129 129 129 129 129 129 7 7 7 0 0 0 0 0 1 0 0
91 91 linear 3 7 913 1 0.0001 1.3478352535846061 0.25642644737705456 0.84235481418019298 0.88194570776766013 -1.027626553016604 0.81602228752747108 0.5 -0.54094004419537822 1.2519464793526369 OK 12 11 0.32159100000000002 0.27066299999999999 0.12363399999999999 0.19436 0.129917 0 0.12723100000000001 0.14074599999999998 0.12363399999999999 0.0083330000000000001 0.0084030000000000007 0.0079500000000000005 0.097432000000000005 0.10930999999999998 0.093773000000000023 0.004058 0.0050899999999999999 0.0044830000000000009 0.0012409999999999999 0.0013699999999999999 0.0012619999999999999 1.2519459570070968 1.2519459570070968 1.2519459570070968 0.00012137209639151066 0.00012137209639151066 0.00012137209639151066 1 1 1 Converged Converged Converged OK OK OK 98 98 98 98 98 98 6 6 6 0 0 0 0 1 0 0 1
91 91 linear 3 15 913 2 0.0001 1.3478352535846061 0.25642644737705456 0.84235481418019298 0.88194570776766013 -1.027626553016604 0.93321947906558489 0.5 -0.65813723573349203 1.2163242184001966 OK 12 11 0.32264599999999999 0.26216600000000001 0.123445 0.20002 0.13277800000000001 0 0.12262599999999999 0.129388 0.123445 0.0083700000000000007 0.0084460000000000004 0.0090950000000000007 0.094239000000000003 0.10038899999999999 0.093613000000000043 0.0036719999999999999 0.0042950000000000002 0.0043099999999999996 0.001077 0.0011529999999999999 0.001201 1.2163233935252238 1.2163233935252238 1.2163233935252238 0.0001041467428068675 0.0001041467428068675 0.0001041467428068675 1 1 1 Converged Converged Converged OK OK OK 90 90 90 90 90 90 6 6 6 0 0 0 0 1 0 0 1
91 91 linear 3 23 913 3 0.0001 1.3478352535846061 0.25642644737705456 0.84235481418019298 0.88194570776766013 -1.027626553016604 1.0504166706036988 0.5 -0.77533442727160584 1.1840505658258245 OK 12 11 0.31674400000000003 0.25579299999999999 0.11469 0.197628 0.132105 0 0.11911600000000003 0.12368799999999999 0.11469 0.0085730000000000008 0.0084349999999999998 0.0078539999999999999 0.090253000000000014 0.094793000000000016 0.087314000000000017 0.0039170000000000003 0.004339 0.0039519999999999998 0.0010929999999999998 0.0012410000000000001 0.00115 1.1840497714810383 1.1840497714810383 1.1840497714810383 4.8113570745263318e-05 4.8113570745263318e-05 4.8113570745263318e-05 1 1 1 Converged Converged Converged OK OK OK 90 90 90 90 90 90 6 6 6 0 0 0 0 1 0 0 1
91 91 linear 4 0 914 0 0.001 1.3478352535846061 0.25642644737705456 0.84235481418019298 0.44411769432932635 1.5832041314986278 0.27564673149328778 0.5 -0.00056448816119486489 1.1182696971530155 OK 13 12 0.30502400000000002 0.30250300000000002 0.106697 0.19708300000000001 0.19585 0 0.10794100000000001 0.10665300000000003 0.106697 0.0097219999999999997 0.010015 0.0097979999999999994 0.07760400000000002 0.075617999999999963 0.075937000000000004 0.0025899999999999999 0.0027860000000000003 0.0028169999999999996 0.00080400000000000003 0.00087100000000000003 0.000968 1.1182689193201074 1.1182689193201074 1.1182689193201074 0.00055524333381935906 0.00055524333381935906 0.00055524333381935906 1 1 1 Converged Converged Converged OK OK OK 73 73 73 73 73 73 7 7 7 0 0 0 0 0 1 0 0
91 91 linear 4 7 914 1 0.001 1.3478352535846061 0.25642644737705456 0.84235481418019298 0.44411769432932635 1.5832041314986278 0.37819427408913736 0.5 -0.10311203075704445 1.1164389631032521 OK 13 12 0.286937 0.22437299999999999 0.083943000000000004 0.19658 0.13131999999999999 0 0.090356999999999993 0.093052999999999997 0.083943000000000004 0.0087449999999999993 0.008829 0.0082749999999999994 0.065967999999999999 0.068282999999999983 0.060480000000000006 0.0026899999999999997 0.0028780000000000003 0.0027210000000000003 0.00083399999999999989 0.00096699999999999998 0.00088499999999999994 1.1164381532128764 1.1164381532128764 1.1164381532128764 0.00058385215853134164 0.00058385215853134164 0.00058385215853134164 1 1 1 Converged Converged Converged OK OK OK 67 67 67 67 67 67 5 5 5 0 0 0 0 1 0 0 1
91 91 linear 4 15 914 2 0.001 1.3478352535846061 0.25642644737705456 0.84235481418019298 0.44411769432932635 1.5832041314986278 0.49539146562725117 0.5 -0.22030922229515826 1.1126749085746885 OK 12 11 0.27380700000000002 0.20654600000000001 0.074118000000000003 0.195602 0.12712499999999999 0 0.078205000000000024 0.079421000000000019 0.074118000000000003 0.008796 0.0086250000000000007 0.0081110000000000002 0.056129999999999992 0.058096999999999989 0.053940999999999989 0.0025400000000000002 0.0021789999999999999 0.0021989999999999996 0.00071699999999999997 0.00069099999999999999 0.00066 1.1126714358123777 1.1126714358123777 1.1126714358123777 0.00098656232545437056 0.00098656232545437056 0.00098656232545437056 1 1 1 Converged Converged Converged OK OK OK 59 59 59 59 59 59 5 5 5 0 0 0 0 1 0 0 1
91 91 linear 4 23 914 3 0.001 1.3478352535846061 0.25642644737705456 0.84235481418019298 0.44411769432932635 1.5832041314986278 0.61258865716536492 0.5 -0.33750641383327201 1.1073447363491336 OK 12 11 0.27643899999999999 0.21116399999999999 0.076546000000000003 0.195798 0.12776100000000001 0 0.08064099999999999 0.083402999999999977 0.076546000000000003 0.0085339999999999999 0.0087349999999999997 0.007842 0.059053000000000001 0.061509999999999988 0.056782999999999993 0.002392 0.002604 0.0021059999999999998 0.00073799999999999994 0.00071999999999999994 0.00063299999999999988 1.1073416787319448 1.1073416787319448 1.1073416787319448 0.00076954319657080751 0.00076954319657080751 0.00076954319657080751 1 1 1 Converged Converged Converged OK OK OK 59 59 59 59 59 59 5 5 5 0 0 0 0 1 0 0 1
91 91 linear 4 0 914 0 0.0001 1.3478352535846061 0.25642644737705456 0.84235481418019298 0.44411769432932635 1.5832041314986278 0.27564673149328778 0.5 -0.00056448816119486489 1.1182696971530155 OK 13 12 0.32942500000000002 0.32005600000000001 0.125388 0.20099900000000001 0.19567100000000001 0 0.12842600000000001 0.124385 0.125388 0.010014 0.0098910000000000005 0.0099010000000000001 0.091476000000000043 0.088479000000000002 0.088371000000000005 0.003326 0.003176 0.0036930000000000005 0.0011669999999999999 0.0011590000000000001 0.0012650000000000003 1.1182689799618715 1.1182689799618715 1.1182689799618715 0.00010000673731294897 0.00010000673731294897 0.00010000673731294897 1 1 1 Converged Converged Converged OK OK OK 89 89 89 89 89 89 7 7 7 0 0 0 0 0 1 0 0
91 91 linear 4 7 914 1 0.0001 1.3478352535846061 0.25642644737705456 0.84235481418019298 0.44411769432932635 1.5832041314986278 0.37819427408913736 0.5 -0.10311203075704445 1.1164389631032521 OK 13 12 0.30281400000000003 0.23060600000000001 0.095098000000000002 0.20555200000000001 0.12631300000000001 0 0.097262000000000015 0.104293 0.095098000000000002 0.0088179999999999994 0.00877 0.0084349999999999998 0.071010999999999977 0.078109999999999999 0.069662000000000002 0.0029120000000000001 0.0032479999999999996 0.002944 0.001018 0.0011150000000000001 0.0010910000000000002 1.1164382836212052 1.1164382836212052 1.1164382836212052 5.9298013299405313e-05 5.9298013299405313e-05 5.9298013299405313e-05 1 1 1 Converged Converged Converged OK OK OK 75 75 75 75 75 75 5 5 5 0 0 0 0 1 0 0 1
91 91 linear 4 15 914 2 0.0001 1.3478352535846061 0.25642644737705456 0.84235481418019298 0.44411769432932635 1.5832041314986278 0.49539146562725117 0.5 -0.22030922229515826 1.1126749085746885 OK 12 11 0.29414600000000002 0.22479199999999999 0.092157000000000003 0.19636600000000001 0.125197 0 0.097780000000000006 0.099594999999999989 0.092157000000000003 0.0089090000000000003 0.008567 0.0080929999999999995 0.070449999999999957 0.073950000000000043 0.067321999999999993 0.0037170000000000003 0.002996 0.0030620000000000005 0.0011180000000000001 0.00099799999999999997 0.00108 1.1126742170303914 1.1126742170303914 1.1126742170303914 6.9132877648858944e-05 6.9132877648858944e-05 6.9132877648858944e-05 1 1 1 Converged Converged Converged OK OK OK 75 75 75 75 75 75 5 5 5 0 0 0 0 1 0 0 1
91 91 linear 4 23 914 3 0.0001 1.3478352535846061 0.25642644737705456 0.84235481418019298 0.44411769432932635 1.5832041314986278 0.61258865716536492 0.5 -0.33750641383327201 1.1073447363491336 OK 12 11 0.29767100000000002 0.23722599999999999 0.094743999999999995 0.197684 0.13187599999999999 0 0.09998700000000002 0.10535 0.094743999999999995 0.0086890000000000005 0.0085459999999999998 0.0080820000000000006 0.07362299999999998 0.079693 0.070551000000000016 0.0035860000000000006 0.0032410000000000004 0.0029990000000000004 0.0010789999999999999 0.0010370000000000002 0.00091199999999999994 1.1073440756937734 1.1073440756937734 1.1073440756937734 8.1876633006573984e-05 8.1876633006573984e-05 8.1876633006573984e-05 1 1 1 Converged Converged Converged OK OK OK 75 75 75 75 75 75 5 5 5 0 0 0 0 1 0 0 1
91 91 uniform 0 0 915 0 0.001 1.3478352535846061 0.25642644737705456 0.84235481418019298 -0.79276889316223176 0.26988566105706763 -0.96123985599827033 0 1.2363220993303632 1.6610241006739628 OK 15 14 0.38037300000000002 0.38383800000000001 0.16314300000000001 0.214309 0.21892600000000001 0 0.16606400000000002 0.164912 0.16314300000000001 0.011551000000000001 0.011594 0.010949 0.11570999999999997 0.114396 0.11440399999999999 0.0053759999999999997 0.0056230000000000004 0.0054089999999999997 0.0012570000000000001 0.0012670000000000001 0.0011309999999999998 1.6610335950905633 1.6610335950905633 1.6610335950905633 0.0011404229316036936 0.0011404229316036936 0.0011404229316036936 1 1 1 Converged Converged Converged OK OK OK 117 117 117 117 117 117 11 11 11 0 0 0 0 0 1 0 0
91 91 uniform 0 7 915 1 0.001 1.3478352535846061 0.25642644737705456 0.84235481418019298 -0.79276889316223176 0.26988566105706763 -0.8586923134024208 0 1.1337745567345137 1.7480737193429017 OK 16 15 0.40534999999999999 0.325739 0.15986300000000001 0.24480499999999999 0.16212599999999999 0 0.16054499999999999 0.16361300000000001 0.15986300000000001 0.012959 0.012925000000000001 0.012881 0.12230699999999997 0.12485199999999998 0.12177999999999999 0.0040549999999999987 0.0045760000000000002 0.0044700000000000009 0.0010120000000000001 0.001173 0.001062 1.748073881579959 1.748073881579959 1.748073881579959 0.00068702159524066373 0.00068702159524066373 0.00068702159524066373 1 1 1 Converged Converged Converged OK OK OK 115 115 115 115 115 115 13 13 13 0 0 0 0 1 0 0 1
91 91 uniform 0 15 915 2 0.001 1.3478352535846061 0.25642644737705456 0.84235481418019298 -0.79276889316223176 0.26988566105706763 -0.74149512186430699 0 1.0165773651963999 1.878984704562644 OK 16 15 0.416466 0.344109 0.17005400000000001 0.24007100000000001 0.15867500000000001 0 0.176395 0.18543399999999999 0.17005400000000001 0.013304 0.013339 0.012189 0.12955399999999995 0.13950099999999996 0.12665100000000004 0.0053750000000000004 0.0052050000000000004 0.0045969999999999995 0.0013849999999999999 0.0013670000000000002 0.001284 1.8789840555033619 1.8789840555033619 1.8789840555033619 0.0011576286511900348 0.0011576286511900348 0.0011576286511900348 1 1 1 Converged Converged Converged OK OK OK 130 130 130 130 130 130 14 14 14 0 0 0 0 1 0 0 1
91 91 uniform 0 23 915 3 0.001 1.3478352535846061 0.25642644737705456 0.84235481418019298 -0.79276889316223176 0.26988566105706763 -0.62429793032619318 0 0.89938017365828604 2.1150706092642837 OK 15 14 0.41121999999999997 0.32147900000000001 0.159772 0.24532499999999999 0.15432799999999999 0 0.16589499999999999 0.16715100000000002 0.159772 0.010581999999999999 0.01059 0.0093760000000000007 0.12873000000000001 0.12976199999999996 0.12571400000000002 0.0046629999999999996 0.005337999999999999 0.0042710000000000005 0.0013550000000000001 0.00134 0.0011510000000000001 2.1150694223979811 2.1150694223979811 2.1150694223979811 0.0007834980744145368 0.0007834980744145368 0.0007834980744145368 1 1 1 Converged Converged Converged OK OK OK 123 123 123 123 123 123 13 13 13 0 0 0 0 1 0 0 1
91 91 uniform 0 0 915 0 0.0001 1.3478352535846061 0.25642644737705456 0.84235481418019298 -0.79276889316223176 0.26988566105706763 -0.96123985599827033 0 1.2363220993303632 1.6610241006739628 OK 15 14 0.47009099999999998 0.47339500000000001 0.250527 0.22009799999999999 0.22070200000000001 0 0.24999299999999999 0.252693 0.250527 0.011202 0.011213000000000001 0.010857 0.17657500000000004 0.17869099999999991 0.17688000000000006 0.0096380000000000007 0.010638999999999999 0.010094999999999998 0.0018720000000000004 0.0020200000000000001 0.0020689999999999997 1.6610241710687601 1.6610241710687601 1.6610241710687601 0.00014274683566353416 0.00014274683566353416 0.00014274683566353416 1 1 1 Converged Converged Converged OK OK OK 181 181 181 181 181 181 11 11 11 0 0 0 0 0 1 0 0
91 91 uniform 0 7 915 1 0.0001 1.3478352535846061 0.25642644737705456 0.84235481418019298 -0.79276889316223176 0.26988566105706763 -0.8586923134024208 0 1.1337745567345137 1.7480737193429017 OK 16 15 0.44900400000000001 0.36916900000000002 0.20149900000000001 0.24480299999999999 0.163247 0 0.20420100000000002 0.20592200000000002 0.20149900000000001 0.013491 0.013519 0.013115999999999999 0.15375400000000009 0.15480500000000005 0.15169700000000008 0.006474999999999999 0.0072150000000000001 0.0069179999999999979 0.0021049999999999997 0.0020820000000000001 0.002029 1.7480738903816837 1.7480738903816837 1.7480738903816837 0.00013176249133620645 0.00013176249133620645 0.00013176249133620645 1 1 1 Converged Converged Converged OK OK OK 155 155 155 155 155 155 13 13 13 0 0 0 0 1 0 0 1
91 91 uniform 0 15 915 2 0.0001 1.3478352535846061 0.25642644737705456 0.84235481418019298 -0.79276889316223176 0.26988566105706763 -0.74149512186430699 0 1.0165773651963999 1.878984704562644 OK 16 15 0.457594 0.39365 0.21079200000000001 0.241089 0.161915 0 0.216505 0.231735 0.21079200000000001 0.01336 0.013502999999999999 0.012236 0.16244300000000009 0.17621700000000001 0.15838600000000005 0.007218999999999998 0.0082050000000000005 0.0074780000000000011 0.0022179999999999999 0.0024549999999999997 0.002284 1.8789848601122228 1.8789848601122228 1.8789848601122228 0.00017968479945947897 0.00017968479945947897 0.00017968479945947897 1 1 1 Converged Converged Converged OK OK OK 178 178 178 178 178 178 14 14 14 0 0 0 0 1 0 0 1
91 91 uniform 0 23 915 3 0.0001 1.3478352535846061 0.25642644737705456 0.84235481418019298 -0.79276889316223176 0.26988566105706763 -0.62429793032619318 0 0.89938017365828604 2.1150706092642837 OK 15 14 0.42371300000000001 0.34928500000000001 0.17996400000000001 0.24180299999999999 0.15612799999999999 0 0.18191000000000002 0.19315700000000002 0.17996400000000001 0.010463999999999999 0.01091 0.0096930000000000002 0.13920000000000024 0.14440100000000017 0.1384730000000001 0.0060989999999999994 0.0075350000000000009 0.0061040000000000009 0.0017609999999999998 0.0020110000000000002 0.001787 2.1150708855067735 2.1150708855067735 2.1150708855067735 0.0001710980696233547 0.0001710980696233547 0.0001710980696233547 1 1 1 Converged Converged Converged OK OK OK 155 155 155 155 155 155 13 13 13 0 0 0 0 1 0 0 1
91 91 uniform 1 0 916 0 0.001 1.3478352535846061 0.25642644737705456 0.84235481418019298 0.64866156634014116 0.15295871857102222 0.48019060350410259 0 -0.20510836017200967 2.324128571708429 OK 14 13 0.41366999999999998 0.41153200000000001 0.17283499999999999 0.23810500000000001 0.23789399999999999 0 0.17556499999999997 0.17363800000000001 0.17283499999999999 0.011424 0.011146 0.010805 0.12820800000000002 0.127751 0.12718600000000002 0.004169 0.0039230000000000003 0.0040359999999999997 0.001263 0.0011459999999999999 0.001273 2.3241312588431557 2.3241312588431557 2.3241312588431557 0.0010734876522899058 0.0010734876522899058 0.0010734876522899058 1 1 1 Converged Converged Converged OK OK OK 109 109 109 109 109 109 11 11 11 0 0 0 0 0 1 0 0
91 91 uniform 1 7 916 1 0.001 1.3478352535846061 0.25642644737705456 0.84235481418019298 0.64866156634014116 0.15295871857102222 0.58273814609995211 0 -0.3076559027678592 2.2531667568689642 OK 14 13 0.336391 0.27976000000000001 0.138298 0.19694999999999999 0.139018 0 0.13944100000000001 0.14074200000000001 0.138298 0.0097140000000000004 0.010038999999999999 0.0094029999999999999 0.11034099999999998 0.11086000000000007 0.10976599999999996 0.003127 0.0033470000000000001 0.0032719999999999997 0.00087199999999999995 0.00097000000000000005 0.00093599999999999998 2.2531685548049474 2.2531685548049474 2.2531685548049474 0.0015266381807459437 0.0015266381807459437 0.0015266381807459437 1 1 1 Converged Converged Converged OK OK OK 94 94 94 94 94 94 10 10 10 0 0 0 0 1 0 0 1
91 91 uniform 1 15 916 2 0.001 1.3478352535846061 0.25642644737705456 0.84235481418019298 0.64866156634014116 0.15295871857102222 0.69993533763806592 0 -0.42485309430597301 2.1563006501860804 OK 14 13 0.33386399999999999 0.26993600000000001 0.13132199999999999 0.199604 0.13431000000000001 0 0.13425999999999999 0.135626 0.13132199999999999 0.0094970000000000002 0.0095930000000000008 0.0089130000000000008 0.10572700000000003 0.10621999999999999 0.104781 0.0031779999999999998 0.0034280000000000001 0.0030300000000000001 0.00085700000000000012 0.00091499999999999991 0.00083700000000000007 2.156328826694399 2.156328826694399 2.156328826694399 0.0015749736994310772 0.0015749736994310772 0.0015749736994310772 1 1 1 Converged Converged Converged OK OK OK 87 87 87 87 87 87 9 9 9 0 0 0 0 1 0 0 1
91 91 uniform 1 23 916 3 0.001 1.3478352535846061 0.25642644737705456 0.84235481418019298 0.64866156634014116 0.15295871857102222 0.81713252917617973 0 -0.54205028584408677 2.0282881036014571 OK 15 14 0.35201399999999999 0.292628 0.13369400000000001 0.214314 0.15645400000000001 0 0.13769999999999999 0.13617399999999999 0.13369400000000001 0.010213 0.010201 0.00941 0.10830000000000004 0.10782600000000002 0.106863 0.0032729999999999994 0.0030499999999999998 0.0028610000000000003 0.00095000000000000011 0.000883 0.00083599999999999994 2.0283076327328975 2.0283076327328975 2.0283076327328975 0.0013394149285924908 0.0013394149285924908 0.0013394149285924908 1 1 1 Converged Converged Converged OK OK OK 87 87 87 87 87 87 9 9 9 0 0 0 0 1 0 0 1
91 91 uniform 1 0 916 0 0.0001 1.3478352535846061 0.25642644737705456 0.84235481418019298 0.64866156634014116 0.15295871857102222 0.48019060350410259 0 -0.20510836017200967 2.324128571708429 OK 14 13 0.44629600000000003 0.44780599999999998 0.20186699999999999 0.239954 0.2445 0 0.20634200000000003 0.20330599999999999 0.20186699999999999 0.010959 0.011374 0.011106 0.14622699999999997 0.14607500000000009 0.14535600000000004 0.0049690000000000003 0.0053860000000000002 0.0052630000000000003 0.0015209999999999998 0.0016350000000000002 0.0016019999999999999 2.3241313882817463 2.3241313882817463 2.3241313882817463 0.00016153828398463154 0.00016153828398463154 0.00016153828398463154 1 1 1 Converged Converged Converged OK OK OK 133 133 133 133 133 133 11 11 11 0 0 0 0 0 1 0 0
91 91 uniform 1 7 916 1 0.0001 1.3478352535846061 0.25642644737705456 0.84235481418019298 0.64866156634014116 0.15295871857102222 0.58273814609995211 0 -0.3076559027678592 2.2531667568689642 OK 14 13 0.37293900000000002 0.32234400000000002 0.175098 0.19209999999999999 0.14081099999999999 0 0.18083900000000003 0.18153300000000003 0.175098 0.010022 0.010371 0.0095449999999999997 0.137797 0.14069299999999998 0.13741100000000006 0.0089740000000000011 0.0058990000000000006 0.0047699999999999999 0.001482 0.001585 0.0014599999999999999 2.2531686776989703 2.2531686776989703 2.2531686776989703 0.00010225477531219982 0.00010225477531219982 0.00010225477531219982 1 1 1 Converged Converged Converged OK OK OK 126 126 126 126 126 126 10 10 10 0 0 0 0 1 0 0 1
91 91 uniform 1 15 916 2 0.0001 1.3478352535846061 0.25642644737705456 0.84235481418019298 0.64866156634014116 0.15295871857102222 0.69993533763806592 0 -0.42485309430597301 2.1563006501860804 OK 14 13 0.37243900000000002 0.31118000000000001 0.16880400000000001 0.19903699999999999 0.13744799999999999 0 0.17340200000000003 0.17373200000000003 0.16880400000000001 0.0095510000000000005 0.0096080000000000002 0.0088459999999999997 0.135521 0.13607800000000006 0.13363200000000006 0.0052639999999999996 0.0049899999999999996 0.0044099999999999999 0.001392 0.0014750000000000002 0.0014190000000000001 2.1563018164019887 2.1563018164019887 2.1563018164019887 8.7406814839972199e-05 8.7406814839972199e-05 8.7406814839972199e-05 1 1 1 Converged Converged Converged OK OK OK 119 119 119 119 119 119 9 9 9 0 0 0 0 1 0 0 1
91 91 uniform 1 23 916 3 0.0001 1.3478352535846061 0.25642644737705456 0.84235481418019298 0.64866156634014116 0.15295871857102222 0.81713252917617973 0 -0.54205028584408677 2.0282881036014571 OK 15 14 0.39019399999999999 0.335115 0.16891700000000001 0.215916 0.15997400000000001 0 0.17427799999999999 0.17514099999999999 0.16891700000000001 0.010449999999999999 0.010397999999999999 0.0092720000000000007 0.1356420000000001 0.13684299999999996 0.13367900000000008 0.004888 0.0049769999999999997 0.0043730000000000002 0.0015 0.0014789999999999998 0.0014599999999999999 2.0282888220336397 2.0282888220336397 2.0282888220336397 6.8670874676539983e-05 6.8670874676539983e-05 6.8670874676539983e-05 1 1 1 Converged Converged Converged OK OK OK 119 119 119 119 119 119 9 9 9 0 0 0 0 1 0 0 1
91 91 uniform 2 0 917 0 0.001 1.3478352535846061 0.25642644737705456 0.84235481418019298 0.0025615524197230566 0.95588463431578952 -0.16590941041631554 0 0.44099165374840843 1.5128906579944992 OK 12 11 0.31368000000000001 0.31252999999999997 0.12069199999999999 0.19340199999999999 0.189804 0 0.12027800000000002 0.12272599999999997 0.12069199999999999 0.0081449999999999995 0.0080719999999999993 0.0081349999999999999 0.085308000000000037 0.086772000000000002 0.085362000000000035 0.0030610000000000004 0.0037090000000000001 0.0032609999999999996 0.0010150000000000001 0.001011 0.001021 1.5128804119324468 1.5128804119324468 1.5128804119324468 0.00082437829980687102 0.00082437829980687102 0.00082437829980687102 1 1 1 Converged Converged Converged OK OK OK 94 94 94 94 94 94 10 10 10 0 0 0 0 0 1 0 0
91 91 uniform 2 7 917 1 0.001 1.3478352535846061 0.25642644737705456 0.84235481418019298 0.0025615524197230566 0.95588463431578952 -0.063361867820465947 0 0.33844411115255885 1.5388853488951366 OK 12 11 0.29703099999999999 0.240263 0.10789700000000001 0.18846299999999999 0.12528800000000001 0 0.108568 0.11497499999999999 0.10789700000000001 0.0067580000000000001 0.0069210000000000001 0.0063730000000000002 0.084342 0.089181999999999997 0.084234000000000003 0.002872 0.0037580000000000001 0.0029899999999999996 0.00086799999999999996 0.00107 0.00095000000000000011 1.5388848645441091 1.5388848645441091 1.5388848645441091 0.00077216431223941931 0.00077216431223941931 0.00077216431223941931 1 1 1 Converged Converged Converged OK OK OK 94 94 94 94 94 94 10 10 10 0 0 0 0 1 0 0 1
91 91 uniform 2 15 917 2 0.001 1.3478352535846061 0.25642644737705456 0.84235481418019298 0.0025615524197230566 0.95588463431578952 0.053835323717647855 0 0.22124691961444506 1.5309429628657614 OK 13 12 0.31838100000000003 0.27030100000000001 0.118071 0.199045 0.14366300000000001 0 0.11933600000000003 0.126638 0.118071 0.0094420000000000007 0.0098049999999999995 0.0090489999999999998 0.088005999999999959 0.093453000000000022 0.087485000000000035 0.0033780000000000008 0.0041340000000000005 0.0034549999999999993 0.00096299999999999988 0.0010800000000000002 0.0010269999999999999 1.5309422255322869 1.5309422255322869 1.5309422255322869 0.00061547358599175421 0.00061547358599175421 0.00061547358599175421 1 1 1 Converged Converged Converged OK OK OK 95 95 95 95 95 95 9 9 9 0 0 0 0 1 0 0 1
91 91 uniform 2 23 917 3 0.001 1.3478352535846061 0.25642644737705456 0.84235481418019298 0.0025615524197230566 0.95588463431578952 0.17103251525576166 0 0.10404972807633125 1.5171169710385604 OK 13 12 0.31615300000000002 0.25944600000000001 0.10309699999999999 0.210808 0.15085799999999999 0 0.10534500000000002 0.10858800000000002 0.10309699999999999 0.0091179999999999994 0.0095049999999999996 0.0085199999999999998 0.079300999999999983 0.081851000000000021 0.078189999999999996 0.0029130000000000002 0.0032059999999999996 0.0028419999999999999 0.0009859999999999999 0.00109 0.00089799999999999993 1.517116640371138 1.517116640371138 1.517116640371138 0.00059879211257008716 0.00059879211257008716 0.00059879211257008716 1 1 1 Converged Converged Converged OK OK OK 88 88 88 88 88 88 8 8 8 0 0 0 0 1 0 0 1
91 91 uniform 2 0 917 0 0.0001 1.3478352535846061 0.25642644737705456 0.84235481418019298 0.0025615524197230566 0.95588463431578952 -0.16590941041631554 0 0.44099165374840843 1.5128906579944992 OK 12 11 0.34144400000000003 0.34323700000000001 0.15182699999999999 0.191861 0.19425999999999999 0 0.14958300000000002 0.14897700000000003 0.15182699999999999 0.0082129999999999998 0.0080890000000000007 0.0078740000000000008 0.10410000000000001 0.10383600000000003 0.10699499999999997 0.0040820000000000006 0.0041980000000000003 0.0042199999999999998 0.0015169999999999999 0.001508 0.001439 1.5128903140170307 1.5128903140170307 1.5128903140170307 0.00010339479506314197 0.00010339479506314197 0.00010339479506314197 1 1 1 Converged Converged Converged OK OK OK 118 118 118 118 118 118 10 10 10 0 0 0 0 0 1 0 0
91 91 uniform 2 7 917 1 0.0001 1.3478352535846061 0.25642644737705456 0.84235481418019298 0.0025615524197230566 0.95588463431578952 -0.063361867820465947 0 0.33844411115255885 1.5388853488951366 OK 12 11 0.31837599999999999 0.25012699999999999 0.12352299999999999 0.19392000000000001 0.120797 0 0.12445599999999998 0.12933 0.12352299999999999 0.0069300000000000004 0.0069719999999999999 0.0064050000000000001 0.096529000000000031 0.10092800000000006 0.096121999999999999 0.0035230000000000001 0.0038870000000000003 0.0035910000000000004 0.0012290000000000001 0.0013979999999999999 0.0012520000000000001 1.5388849653455807 1.5388849653455807 1.5388849653455807 0.00010104897966620306 0.00010104897966620306 0.00010104897966620306 1 1 1 Converged Converged Converged OK OK OK 110 110 110 110 110 110 10 10 10 0 0 0 0 1 0 0 1
91 91 uniform 2 15 917 2 0.0001 1.3478352535846061 0.25642644737705456 0.84235481418019298 0.0025615524197230566 0.95588463431578952 0.053835323717647855 0 0.22124691961444506 1.5309429628657614 OK 13 12 0.33259 0.27360400000000001 0.131856 0.19983500000000001 0.13425000000000001 0 0.13275499999999998 0.13935400000000001 0.131856 0.0093720000000000001 0.0096849999999999992 0.008881 0.09968100000000002 0.10545100000000003 0.099615000000000065 0.0039789999999999999 0.0042990000000000007 0.004091 0.0012929999999999999 0.0013030000000000001 0.0012529999999999998 1.5309424240208962 1.5309424240208962 1.5309424240208962 6.6990265333441559e-05 6.6990265333441559e-05 6.6990265333441559e-05 1 1 1 Converged Converged Converged OK OK OK 111 111 111 111 111 111 9 9 9 0 0 0 0 1 0 0 1
91 91 uniform 2 23 917 3 0.0001 1.3478352535846061 0.25642644737705456 0.84235481418019298 0.0025615524197230566 0.95588463431578952 0.17103251525576166 0 0.10404972807633125 1.5171169710385604 OK 13 12 0.33118799999999998 0.27509 0.118592 0.21068100000000001 0.151059 0 0.12050699999999998 0.124031 0.118592 0.0092020000000000001 0.0094929999999999997 0.0085869999999999991 0.090581999999999968 0.093944 0.090104000000000017 0.0035839999999999999 0.0036229999999999999 0.0034329999999999994 0.0012929999999999999 0.0013700000000000001 0.001256 1.5171166469172805 1.5171166469172805 1.5171166469172805 9.5946091691514251e-05 9.5946091691514251e-05 9.5946091691514251e-05 1 1 1 Converged Converged Converged OK OK OK 104 104 104 104 104 104 8 8 8 0 0 0 0 1 0 0 1
91 91 uniform 3 0 918 0 0.001 1.3478352535846061 0.25642644737705456 0.84235481418019298 0.88194570776766013 -1.027626553016604 0.71347474493162155 0 -0.43839250159952864 1.2913794088085369 OK 12 11 0.29705599999999999 0.29829899999999998 0.10331700000000001 0.19458600000000001 0.194249 0 0.10246999999999998 0.10404999999999998 0.10331700000000001 0.0094149999999999998 0.0097750000000000007 0.0092680000000000002 0.068290000000000003 0.068839999999999998 0.068790000000000004 0.0030620000000000005 0.0031940000000000002 0.0033189999999999999 0.0008879999999999999 0.00098600000000000011 0.0011199999999999999 1.2913805644311975 1.2913805644311975 1.2913805644311975 0.0010861345134405731 0.0010861345134405731 0.0010861345134405731 1 1 1 Converged Converged Converged OK OK OK 81 81 81 81 81 81 7 7 7 0 0 0 0 0 1 0 0
91 91 uniform 3 7 918 1 0.001 1.3478352535846061 0.25642644737705456 0.84235481418019298 0.88194570776766013 -1.027626553016604 0.81602228752747108 0 -0.54094004419537822 1.257549888017929 OK 12 11 0.26597700000000002 0.20419999999999999 0.070169999999999996 0.19494500000000001 0.12729299999999999 0 0.071032000000000012 0.076907000000000003 0.070169999999999996 0.0083169999999999997 0.0085950000000000002 0.0079209999999999992 0.049087999999999993 0.054238999999999968 0.048699999999999979 0.002147 0.0026840000000000002 0.0022459999999999997 0.00073200000000000001 0.000785 0.00077900000000000007 1.2575488881338985 1.2575488881338985 1.2575488881338985 0.0011481710959476373 0.0011481710959476373 0.0011481710959476373 1 1 1 Converged Converged Converged OK OK OK 66 66 66 66 66 66 6 6 6 0 0 0 0 1 0 0 1
91 91 uniform 3 15 918 2 0.001 1.3478352535846061 0.25642644737705456 0.84235481418019298 0.88194570776766013 -1.027626553016604 0.93321947906558489 0 -0.65813723573349203 1.2209092176627721 OK 12 11 0.271507 0.21257400000000001 0.072616 0.19696 0.130408 0 0.074547000000000002 0.082166000000000017 0.072616 0.0085909999999999997 0.0084989999999999996 0.007744 0.052242999999999998 0.059321999999999993 0.051731000000000027 0.0021310000000000001 0.0025799999999999998 0.0020979999999999996 0.00077300000000000003 0.00079900000000000001 0.00078300000000000006 1.2209084055597601 1.2209084055597601 1.2209084055597601 0.00086876066438466013 0.00086876066438466013 0.00086876066438466013 1 1 1 Converged Converged Converged OK OK OK 66 66 66 66 66 66 6 6 6 0 0 0 0 1 0 0 1
91 91 uniform 3 23 918 3 0.001 1.3478352535846061 0.25642644737705456 0.84235481418019298 0.88194570776766013 -1.027626553016604 1.0504166706036988 0 -0.77533442727160584 1.1877642231261072 OK 12 11 0.274588 0.207287 0.070087999999999998 0.20069600000000001 0.129887 0 0.073891999999999985 0.077399999999999997 0.070087999999999998 0.0084810000000000007 0.0083660000000000002 0.0077739999999999997 0.050470000000000001 0.055348999999999988 0.049249000000000001 0.0028409999999999998 0.0022489999999999997 0.0021679999999999998 0.00076999999999999996 0.00074799999999999997 0.00070199999999999993 1.1877636116710777 1.1877636116710777 1.1877636116710777 0.00070114609966116413 0.00070114609966116413 0.00070114609966116413 1 1 1 Converged Converged Converged OK OK OK 66 66 66 66 66 66 6 6 6 0 0 0 0 1 0 0 1
91 91 uniform 3 0 918 0 0.0001 1.3478352535846061 0.25642644737705456 0.84235481418019298 0.88194570776766013 -1.027626553016604 0.71347474493162155 0 -0.43839250159952864 1.2913794088085369 OK 12 11 0.345773 0.34986099999999998 0.14915999999999999 0.193579 0.19491800000000001 0 0.152194 0.15494299999999997 0.14915999999999999 0.0096710000000000008 0.009724 0.0092820000000000003 0.09872899999999997 0.10200799999999996 0.097806999999999991 0.0065930000000000016 0.0064050000000000001 0.0060299999999999998 0.001665 0.0019140000000000001 0.00164 1.2913794208021758 1.2913794208021758 1.2913794208021758 8.7208983549526907e-05 8.7208983549526907e-05 8.7208983549526907e-05 1 1 1 Converged Converged Converged OK OK OK 129 129 129 129 129 129 7 7 7 0 0 0 0 0 1 0 0
91 91 uniform 3 7 918 1 0.0001 1.3478352535846061 0.25642644737705456 0.84235481418019298 0.88194570776766013 -1.027626553016604 0.81602228752747108 0 -0.54094004419537822 1.257549888017929 OK 12 11 0.30746600000000002 0.250143 0.109764 0.19519700000000001 0.129695 0 0.11226900000000001 0.120448 0.109764 0.0085220000000000001 0.0084799999999999997 0.0079129999999999999 0.07950299999999999 0.088968000000000019 0.079183999999999991 0.0050460000000000001 0.0045279999999999999 0.0045620000000000001 0.0012960000000000001 0.0012609999999999998 0.0012040000000000002 1.2575498220018784 1.2575498220018784 1.2575498220018784 9.4181383772075654e-05 9.4181383772075654e-05 9.4181383772075654e-05 1 1 1 Converged Converged Converged OK OK OK 106 106 106 106 106 106 6 6 6 0 0 0 0 1 0 0 1
91 91 uniform 3 15 918 2 0.0001 1.3478352535846061 0.25642644737705456 0.84235481418019298 0.88194570776766013 -1.027626553016604 0.93321947906558489 0 -0.65813723573349203 1.2209092176627721 OK 12 11 0.30251899999999998 0.24284500000000001 0.099017999999999995 0.200013 0.13295499999999999 0 0.10250599999999999 0.10989000000000002 0.099017999999999995 0.0084430000000000009 0.0084259999999999995 0.0077739999999999997 0.073304000000000008 0.081293000000000018 0.072164999999999993 0.0040490000000000005 0.0038119999999999999 0.0034419999999999997 0.0010920000000000001 0.0011120000000000001 0.0010380000000000001 1.2209090745191682 1.2209090745191682 1.2209090745191682 0.00010070563251430437 0.00010070563251430437 0.00010070563251430437 1 1 1 Converged Converged Converged OK OK OK 90 90 90 90 90 90 6 6 6 0 0 0 0 1 0 0 1
91 91 uniform 3 23 918 3 0.0001 1.3478352535846061 0.25642644737705456 0.84235481418019298 0.88194570776766013 -1.027626553016604 1.0504166706036988 0 -0.77533442727160584 1.1877642231261072 OK 12 11 0.29575000000000001 0.23711699999999999 0.095062999999999995 0.19816600000000001 0.13219800000000001 0 0.097584000000000004 0.10491899999999998 0.095062999999999995 0.0084089999999999998 0.0085190000000000005 0.0077739999999999997 0.069304000000000004 0.076116000000000003 0.068388999999999978 0.0037080000000000004 0.0040509999999999999 0.0034289999999999998 0.001127 0.0012210000000000001 0.0010849999999999998 1.1877641115423256 1.1877641115423256 1.1877641115423256 4.4878208390580162e-05 4.4878208390580162e-05 4.4878208390580162e-05 1 1 1 Converged Converged Converged OK OK OK 90 90 90 90 90 90 6 6 6 0 0 0 0 1 0 0 1
91 91 uniform 4 0 919 0 0.001 1.3478352535846061 0.25642644737705456 0.84235481418019298 0.44411769432932635 1.5832041314986278 0.27564673149328778 0 -0.00056448816119486489 1.1204065094830364 OK 13 12 0.27842499999999998 0.280615 0.082313999999999998 0.19625799999999999 0.19661300000000001 0 0.08216699999999999 0.084001999999999993 0.082313999999999998 0.0099080000000000001 0.010269 0.0098849999999999997 0.054270000000000006 0.055515000000000002 0.054800000000000001 0.002042 0.002186 0.0021200000000000004 0.00072999999999999996 0.00077500000000000008 0.00077000000000000007 1.120406911094556 1.120406911094556 1.120406911094556 0.00066426244527220159 0.00066426244527220159 0.00066426244527220159 1 1 1 Converged Converged Converged OK OK OK 65 65 65 65 65 65 7 7 7 0 0 0 0 0 1 0 0
91 91 uniform 4 7 919 1 0.001 1.3478352535846061 0.25642644737705456 0.84235481418019298 0.44411769432932635 1.5832041314986278 0.37819427408913736 0 -0.10311203075704445 1.1185244853832592 OK 13 12 0.26286599999999999 0.200262 0.063308000000000003 0.19664200000000001 0.12959699999999999 0 0.066223999999999977 0.070665000000000006 0.063308000000000003 0.0089300000000000004 0.0087119999999999993 0.0082640000000000005 0.043043000000000005 0.048329000000000004 0.042057000000000011 0.0026509999999999997 0.0022780000000000005 0.0021229999999999999 0.00074700000000000005 0.00071199999999999996 0.00069700000000000003 1.1185246041249999 1.1185246041249999 1.1185246041249999 0.00046165117533373927 0.00046165117533373927 0.00046165117533373927 1 1 1 Converged Converged Converged OK OK OK 59 59 59 59 59 59 5 5 5 0 0 0 0 1 0 0 1
91 91 uniform 4 15 919 2 0.001 1.3478352535846061 0.25642644737705456 0.84235481418019298 0.44411769432932635 1.5832041314986278 0.49539146562725117 0 -0.22030922229515826 1.1146633998093574 OK 12 11 0.25600400000000001 0.184452 0.055322999999999997 0.19883899999999999 0.12516099999999999 0 0.057165000000000021 0.05929100000000001 0.055322999999999997 0.0086759999999999997 0.0086160000000000004 0.0080649999999999993 0.037563000000000006 0.039920999999999998 0.037068999999999998 0.0016980000000000001 0.001689 0.001604 0.00054900000000000001 0.00060399999999999994 0.00055100000000000006 1.1146627431355205 1.1146627431355205 1.1146627431355205 0.0010760394955993419 0.0010760394955993419 0.0010760394955993419 1 1 1 Converged Converged Converged OK OK OK 51 51 51 51 51 51 5 5 5 0 0 0 0 1 0 0 1
91 91 uniform 4 23 919 3 0.001 1.3478352535846061 0.25642644737705456 0.84235481418019298 0.44411769432932635 1.5832041314986278 0.61258865716536492 0 -0.33750641383327201 1.1092023198506575 OK 12 11 0.25618999999999997 0.18843699999999999 0.058064999999999999 0.195691 0.12577099999999999 0 0.060498999999999969 0.062665999999999999 0.058064999999999999 0.0084080000000000005 0.0084779999999999994 0.0078059999999999996 0.041093999999999978 0.043506000000000003 0.040032999999999992 0.0017470000000000001 0.0016900000000000001 0.0015839999999999999 0.00061399999999999996 0.00056599999999999999 0.000571 1.1092019795416286 1.1092019795416286 1.1092019795416286 0.0010717847817837069 0.0010717847817837069 0.0010717847817837069 1 1 1 Converged Converged Converged OK OK OK 51 51 51 51 51 51 5 5 5 0 0 0 0 1 0 0 1
91 91 uniform 4 0 919 0 0.0001 1.3478352535846061 0.25642644737705456 0.84235481418019298 0.44411769432932635 1.5832041314986278 0.27564673149328778 0 -0.00056448816119486489 1.1204065094830364 OK 13 12 0.30676300000000001 0.30690299999999998 0.108373 0.19570199999999999 0.19689599999999999 0 0.11106100000000002 0.11000699999999999 0.108373 0.010078999999999999 0.0099749999999999995 0.0096769999999999998 0.072544000000000025 0.072320999999999996 0.071619999999999989 0.0039969999999999997 0.0034070000000000003 0.0033110000000000001 0.0012050000000000001 0.001299 0.001199 1.1204064961068247 1.1204064961068247 1.1204064961068247 9.8336133126871602e-05 9.8336133126871602e-05 9.8336133126871602e-05 1 1 1 Converged Converged Converged OK OK OK 89 89 89 89 89 89 7 7 7 0 0 0 0 0 1 0 0
91 91 uniform 4 7 919 1 0.0001 1.3478352535846061 0.25642644737705456 0.84235481418019298 0.44411769432932635 1.5832041314986278 0.37819427408913736 0 -0.10311203075704445 1.1185244853832592 OK 13 12 0.27514 0.21678500000000001 0.076407000000000003 0.19648299999999999 0.12746199999999999 0 0.078657000000000005 0.089323000000000013 0.076407000000000003 0.0087860000000000004 0.0087500000000000008 0.008286 0.052616999999999983 0.063571000000000016 0.051697000000000007 0.0028150000000000002 0.0028570000000000002 0.0027760000000000003 0.00101 0.0010070000000000001 0.000977 1.1185244664391787 1.1185244664391787 1.1185244664391787 4.714641820490804e-05 4.714641820490804e-05 4.714641820490804e-05 1 1 1 Converged Converged Converged OK OK OK 75 75 75 75 75 75 5 5 5 0 0 0 0 1 0 0 1
91 91 uniform 4 15 919 2 0.0001 1.3478352535846061 0.25642644737705456 0.84235481418019298 0.44411769432932635 1.5832041314986278 0.49539146562725117 0 -0.22030922229515826 1.1146633998093574 OK 12 11 0.27661599999999997 0.21091099999999999 0.076590000000000005 0.193607 0.12761900000000001 0 0.083008999999999972 0.083291999999999977 0.076590000000000005 0.0088199999999999997 0.0087519999999999994 0.0080929999999999995 0.052999999999999999 0.057867999999999982 0.052469999999999982 0.0029060000000000006 0.0027950000000000002 0.0026859999999999996 0.0047749999999999997 0.00096199999999999996 0.00089600000000000009 1.1146633871900562 1.1146633871900562 1.1146633871900562 5.4073830763926478e-05 5.4073830763926478e-05 5.4073830763926478e-05 1 1 1 Converged Converged Converged OK OK OK 75 75 75 75 75 75 5 5 5 0 0 0 0 1 0 0 1
91 91 uniform 4 23 919 3 0.0001 1.3478352535846061 0.25642644737705456 0.84235481418019298 0.44411769432932635 1.5832041314986278 0.61258865716536492 0 -0.33750641383327201 1.1092023198506575 OK 12 11 0.279474 0.213167 0.079379000000000005 0.197461 0.123678 0 0.082013000000000003 0.089488999999999999 0.079379000000000005 0.0086350000000000003 0.0084580000000000002 0.0079670000000000001 0.056541999999999995 0.064736999999999989 0.055543000000000009 0.0028319999999999999 0.0026869999999999997 0.0026589999999999999 0.00097500000000000006 0.00095700000000000006 0.00091799999999999998 1.1092023175192443 1.1092023175192443 1.1092023175192443 6.2382751242444554e-05 6.2382751242444554e-05 6.2382751242444554e-05 1 1 1 Converged Converged Converged OK OK OK 75 75 75 75 75 75 5 5 5 0 0 0 0 1 0 0 1
92 92 linear 0 0 920 0 0.001 3.8691964055932191 0.0045820894088154547 3.1430126951461966e-05 0.016823722726384265 -1.7129651189458623e-05 0.016817436700993973 0.5 0.00083070182109417495 13038.465036666923 OK 17 16 1.268413 1.2554320000000001 0.60446200000000005 0.66623600000000005 0.65764100000000003 0 0.60217699999999996 0.59779100000000007 0.60446200000000005 0.016892999999999998 0.017332 0.016798 0.51867800000000019 0.51149899999999981 0.51926499999999953 0.0076199999999999974 0.0093370000000000015 0.008398000000000001 0.0019690000000000003 0.0020820000000000001 0.0019710000000000001 13038.466194043604 13038.466194043604 13038.466194043604 9.9607798052665153 9.9607798052665153 9.9607798052665153 1 1 1 Converged Converged Converged OK OK OK 157 157 157 157 157 157 11 11 11 0 0 0 0 0 1 0 0
92 92 linear 0 7 920 1 0.001 3.8691964055932191 0.0045820894088154547 3.1430126951461966e-05 0.016823722726384265 -1.7129651189458623e-05 0.016821262977318497 0.5 0.00082687554476965075 13087.98547671294 OK 17 16 1.2723340000000001 1.2083410000000001 0.620147 0.69272 0.54372200000000004 0 0.57961400000000007 0.66461900000000007 0.620147 0.015675999999999999 0.015726 0.016140000000000002 0.51940600000000026 0.60373200000000005 0.55873300000000015 0.0077030000000000006 0.0081919999999999996 0.0079050000000000006 0.001887 0.0019329999999999998 0.0019330000000000003 13087.957364885891 13087.957364885891 13087.957364885891 10.628138934342861 10.628138934342861 10.628138934342861 1 1 1 Converged Converged Converged OK OK OK 157 157 157 157 157 157 11 11 11 0 0 0 0 1 0 0 1
92 92 linear 0 15 920 2 0.001 3.8691964055932191 0.0045820894088154547 3.1430126951461966e-05 0.016823722726384265 -1.7129651189458623e-05 0.016825635864546527 0.5 0.00082250265754162111 13129.319885231944 OK 17 16 1.2531909999999999 1.206337 0.57129799999999997 0.67728600000000005 0.54833600000000005 0 0.57590499999999989 0.65800099999999995 0.57129799999999997 0.017111000000000001 0.017163000000000001 0.016327999999999999 0.51367100000000032 0.59566600000000003 0.51192200000000032 0.0079220000000000002 0.0081400000000000014 0.0075339999999999999 0.001977 0.0020170000000000001 0.0019330000000000003 13129.340005077869 13129.340005077869 13129.340005077869 11.663491483350253 11.663491483350253 11.663491483350253 1 1 1 Converged Converged Converged OK OK OK 157 157 157 157 157 157 11 11 11 0 0 0 0 1 0 0 1
92 92 linear 0 23 920 3 0.001 3.8691964055932191 0.0045820894088154547 3.1430126951461966e-05 0.016823722726384265 -1.7129651189458623e-05 0.016830008751774556 0.5 0.00081812977031359146 13164.291226813451 OK 17 16 1.418115 1.371356 0.70086800000000005 0.70801700000000001 0.56432599999999999 0 0.71009800000000001 0.80703000000000003 0.70086800000000005 0.016116999999999999 0.016541 0.015381000000000001 0.63600199999999996 0.73112500000000014 0.62877599999999967 0.0099590000000000008 0.010568000000000001 0.0098389999999999988 0.0018630000000000001 0.00197 0.0018450000000000001 13164.283996782939 13164.283996782939 13164.283996782939 11.640155884955105 11.640155884955105 11.640155884955105 1 1 1 Converged Converged Converged OK OK OK 181 181 181 181 181 181 11 11 11 0 0 0 0 1 0 0 1
92 92 linear 0 0 920 0 0.0001 3.8691964055932191 0.0045820894088154547 3.1430126951461966e-05 0.016823722726384265 -1.7129651189458623e-05 0.016817436700993973 0.5 0.00083070182109417495 13038.465036666923 OK 17 16 1.501844 1.4922329999999999 0.83652499999999996 0.65604600000000002 0.65314399999999995 0 0.84579799999999994 0.83908899999999997 0.83652499999999996 0.017278999999999999 0.017118999999999999 0.016583000000000001 0.73449700000000062 0.72804000000000058 0.72294700000000012 0.011695999999999998 0.012470999999999999 0.012295 0.0025699999999999998 0.0026520000000000003 0.0025930000000000007 13038.492424573809 13038.492424573809 13038.492424573809 0.78613302694109422 0.78613302694109422 0.78613302694109422 1 1 1 Converged Converged Converged OK OK OK 213 213 213 213 213 213 11 11 11 0 0 0 0 0 1 0 0
92 92 linear 0 7 920 1 0.0001 3.8691964055932191 0.0045820894088154547 3.1430126951461966e-05 0.016823722726384265 -1.7129651189458623e-05 0.016821262977318497 0.5 0.00082687554476965075 13087.98547671294 OK 17 16 1.508364 1.4699530000000001 0.80392799999999998 0.68901199999999996 0.54062100000000002 0 0.81935200000000008 0.92933200000000005 0.80392799999999998 0.015559999999999999 0.015805 0.014862999999999999 0.74043099999999984 0.85046499999999992 0.72652799999999973 0.011742000000000001 0.011614999999999999 0.011765999999999999 0.0024040000000000003 0.0024169999999999999 0.0024670000000000004 13087.986524675198 13087.986524675198 13087.986524675198 0.79593280054853277 0.79593280054853277 0.79593280054853277 1 1 1 Converged Converged Converged OK OK OK 213 213 213 213 213 213 11 11 11 0 0 0 0 1 0 0 1
92 92 linear 0 15 920 2 0.0001 3.8691964055932191 0.0045820894088154547 3.1430126951461966e-05 0.016823722726384265 -1.7129651189458623e-05 0.016825635864546527 0.5 0.00082250265754162111 13129.319885231944 OK 17 16 1.5019830000000001 1.471671 0.81120000000000003 0.67411200000000004 0.54100099999999995 0 0.82787100000000002 0.93067 0.81120000000000003 0.017576999999999999 0.017590999999999999 0.016181000000000001 0.74444400000000011 0.84770199999999951 0.73313500000000009 0.013511 0.013177000000000001 0.011281000000000001 0.0026770000000000001 0.0026260000000000003 0.0025509999999999999 13129.373786637043 13129.373786637043 13129.373786637043 0.80659447597765832 0.80659447597765832 0.80659447597765832 1 1 1 Converged Converged Converged OK OK OK 213 213 213 213 213 213 11 11 11 0 0 0 0 1 0 0 1
92 92 linear 0 23 920 3 0.0001 3.8691964055932191 0.0045820894088154547 3.1430126951461966e-05 0.016823722726384265 -1.7129651189458623e-05 0.016830008751774556 0.5 0.00081812977031359146 13164.291226813451 OK 17 16 1.573385 1.5311870000000001 0.84889899999999996 0.70883399999999996 0.56937099999999996 0 0.86455100000000007 0.96181600000000012 0.84889899999999996 0.016427000000000001 0.016372999999999999 0.015415 0.78387599999999968 0.88209300000000002 0.76684799999999964 0.012489 0.011868 0.011341000000000002 0.0025789999999999997 0.002578 0.0024259999999999998 13164.298210070774 13164.298210070774 13164.298210070774 0.83462487231146087 0.83462487231146087 0.83462487231146087 1 1 1 Converged Converged Converged OK OK OK 213 213 213 213 213 213 11 11 11 0 0 0 0 1 0 0 1
92 92 linear 1 0 921 0 0.001 3.8691964055932191 0.0045820894088154547 3.1430126951461966e-05 -3.5942242514177383 -0.0081078164947163342 -3.5942305374431287 0.5 3.6118786759652171 95.172726503177856 OK 14 13 0.59527300000000005 0.59124299999999996 0.14169000000000001 0.45177400000000001 0.44994699999999999 0 0.14349900000000004 0.14129599999999998 0.14169000000000001 0.011754000000000001 0.011802999999999999 0.011575999999999999 0.10955699999999997 0.10785100000000003 0.10780899999999999 0.0031320000000000002 0.0030349999999999999 0.0033169999999999996 0.00074199999999999993 0.00077800000000000005 0.00080000000000000004 95.173152762212581 95.173152762212581 95.173152762212581 0.043942017807428728 0.043942017807428728 0.043942017807428728 1 1 1 Converged Converged Converged OK OK OK 67 67 67 67 67 67 5 5 5 0 0 0 0 0 1 0 0
92 92 linear 1 7 921 1 0.001 3.8691964055932191 0.0045820894088154547 3.1430126951461966e-05 -3.5942242514177383 -0.0081078164947163342 -3.594226711166804 0.5 3.6118748496888924 79.029626264582916 OK 14 13 0.68333299999999997 0.60742099999999999 0.134437 0.54044899999999996 0.41000199999999998 0 0.14288400000000001 0.19741900000000001 0.134437 0.010886 0.011025999999999999 0.010246999999999999 0.10883899999999999 0.16849899999999998 0.10678599999999999 0.0029250000000000001 0.0030330000000000005 0.0029259999999999998 0.00069800000000000005 0.00078799999999999986 0.00070799999999999997 79.030592463559188 79.030592463559188 79.030592463559188 0.042051298997229543 0.042051298997229543 0.042051298997229543 1 1 1 Converged Converged Converged OK OK OK 67 67 67 67 67 67 5 5 5 0 0 0 0 1 0 0 1
92 92 linear 1 15 921 2 0.001 3.8691964055932191 0.0045820894088154547 3.1430126951461966e-05 -3.5942242514177383 -0.0081078164947163342 -3.5942223382795762 0.5 3.6118704768016645 60.15777565813513 OK 14 13 0.73432399999999998 0.68612700000000004 0.133405 0.59656100000000001 0.47305199999999997 0 0.13776299999999997 0.21307500000000007 0.133405 0.010914 0.012338 0.010211 0.10871700000000002 0.18198900000000007 0.10606799999999997 0.0033559999999999996 0.0035420000000000004 0.0029979999999999998 0.00076599999999999997 0.00077899999999999996 0.00070400000000000009 60.158158601916625 60.158158601916625 60.158158601916625 0.04009669001646049 0.04009669001646049 0.04009669001646049 1 1 1 Converged Converged Converged OK OK OK 67 67 67 67 67 67 5 5 5 0 0 0 0 1 0 0 1
92 92 linear 1 23 921 3 0.001 3.8691964055932191 0.0045820894088154547 3.1430126951461966e-05 -3.5942242514177383 -0.0081078164947163342 -3.5942179653923478 0.5 3.6118661039144362 41.46307979726469 OK 14 13 0.76710500000000004 0.71638299999999999 0.14924599999999999 0.61392199999999997 0.48298000000000002 0 0.15318300000000007 0.23340299999999997 0.14924599999999999 0.010952 0.013736 0.010196999999999999 0.12008199999999997 0.19674599999999995 0.11750199999999997 0.0036359999999999995 0.004241 0.0036369999999999996 0.000785 0.00082700000000000004 0.00078199999999999993 41.463627119189169 41.463627119189169 41.463627119189169 0.024847013351293797 0.024847013351293797 0.024847013351293797 1 1 1 Converged Converged Converged OK OK OK 75 75 75 75 75 75 5 5 5 0 0 0 0 1 0 0 1
92 92 linear 1 0 921 0 0.0001 3.8691964055932191 0.0045820894088154547 3.1430126951461966e-05 -3.5942242514177383 -0.0081078164947163342 -3.5942305374431287 0.5 3.6118786759652171 95.172726503177856 OK 14 13 0.64278100000000005 0.641764 0.19161900000000001 0.44339800000000001 0.44901999999999997 0 0.19938300000000003 0.19274400000000003 0.19161900000000001 0.011913 0.011908999999999999 0.01137 0.15425100000000005 0.14834499999999998 0.14763000000000007 0.0049669999999999992 0.0046280000000000002 0.0048869999999999999 0.0010400000000000001 0.001049 0.001005 95.173152581363254 95.173152581363254 95.173152581363254 0.005202217850077356 0.005202217850077356 0.005202217850077356 1 1 1 Converged Converged Converged OK OK OK 99 99 99 99 99 99 5 5 5 0 0 0 0 0 1 0 0
92 92 linear 1 7 921 1 0.0001 3.8691964055932191 0.0045820894088154547 3.1430126951461966e-05 -3.5942242514177383 -0.0081078164947163342 -3.594226711166804 0.5 3.6118748496888924 79.029626264582916 OK 14 13 0.73409199999999997 0.69078799999999996 0.18374599999999999 0.54612700000000003 0.41200100000000001 0 0.18796499999999994 0.27878699999999995 0.18374599999999999 0.010943 0.010966 0.010378 0.15065499999999998 0.24174400000000004 0.148062 0.0047290000000000006 0.0047060000000000001 0.0045560000000000002 0.00094700000000000003 0.0010070000000000001 0.000959 79.030592253589873 79.030592253589873 79.030592253589873 0.0048250267077297728 0.0048250267077297728 0.0048250267077297728 1 1 1 Converged Converged Converged OK OK OK 99 99 99 99 99 99 5 5 5 0 0 0 0 1 0 0 1
92 92 linear 1 15 921 2 0.0001 3.8691964055932191 0.0045820894088154547 3.1430126951461966e-05 -3.5942242514177383 -0.0081078164947163342 -3.5942223382795762 0.5 3.6118704768016645 60.15777565813513 OK 14 13 0.79112499999999997 0.75615299999999996 0.18301000000000001 0.60293200000000002 0.46893899999999999 0 0.18819299999999994 0.28721399999999997 0.18301000000000001 0.010945 0.010931 0.010244 0.15074299999999996 0.250222 0.14740199999999992 0.0048679999999999999 0.0048869999999999999 0.0047740000000000005 0.00098799999999999995 0.00096199999999999996 0.00094600000000000001 60.158158212922807 60.158158212922807 60.158158212922807 0.0046522203794505937 0.0046522203794505937 0.0046522203794505937 1 1 1 Converged Converged Converged OK OK OK 99 99 99 99 99 99 5 5 5 0 0 0 0 1 0 0 1
92 92 linear 1 23 921 3 0.0001 3.8691964055932191 0.0045820894088154547 3.1430126951461966e-05 -3.5942242514177383 -0.0081078164947163342 -3.5942179653923478 0.5 3.6118661039144362 41.46307979726469 OK 14 13 0.82542599999999999 0.83131600000000005 0.20674000000000001 0.61156200000000005 0.47689199999999998 0 0.21386399999999994 0.35442400000000007 0.20674000000000001 0.010932000000000001 0.010744999999999999 0.010159 0.16905100000000001 0.31063400000000008 0.16496600000000003 0.0061679999999999999 0.0058599999999999998 0.0054780000000000002 0.0013190000000000001 0.0012360000000000001 0.0012149999999999999 41.463624715666718 41.463624715666718 41.463624715666718 0.00064797766957699454 0.00064797766957699454 0.00064797766957699454 1 1 1 Converged Converged Converged OK OK OK 115 115 115 115 115 115 5 5 5 0 0 0 0 1 0 0 1
92 92 linear 2 0 922 0 0.001 3.8691964055932191 0.0045820894088154547 3.1430126951461966e-05 -3.5876446317320241 0.00084169269883212455 -3.5876509177574145 0.5 3.6052990562795029 95.111557742231895 OK 15 14 0.66436099999999998 0.65827000000000002 0.218858 0.435305 0.43521399999999999 0 0.22905599999999998 0.22305600000000003 0.218858 0.015022000000000001 0.014827 0.014519000000000001 0.17406199999999997 0.16693699999999992 0.16580900000000001 0.0065029999999999992 0.0059129999999999999 0.0059839999999999997 0.00116 0.0010859999999999999 0.0011000000000000001 95.111426572990837 95.111426572990837 95.111426572990837 0.013013483021811408 0.013013483021811408 0.013013483021811408 1 1 1 Converged Converged Converged OK OK OK 99 99 99 99 99 99 5 5 5 0 0 0 0 0 1 0 0
92 92 linear 2 7 922 1 0.001 3.8691964055932191 0.0045820894088154547 3.1430126951461966e-05 -3.5876446317320241 0.00084169269883212455 -3.5876470914810898 0.5 3.6052952300031782 99.385447623159806 OK 15 14 0.697936 0.66336099999999998 0.21410199999999999 0.47714000000000001 0.34498499999999999 0 0.22079599999999999 0.31837599999999999 0.21410199999999999 0.014152 0.013658999999999999 0.013304 0.17428199999999999 0.27295000000000008 0.16974699999999993 0.0061309999999999993 0.0057759999999999999 0.0057780000000000001 0.001096 0.001067 0.0011300000000000001 99.385240016453835 99.385240016453835 99.385240016453835 0.01302706520932677 0.01302706520932677 0.01302706520932677 1 1 1 Converged Converged Converged OK OK OK 99 99 99 99 99 99 5 5 5 0 0 0 0 1 0 0 1
92 92 linear 2 15 922 2 0.001 3.8691964055932191 0.0045820894088154547 3.1430126951461966e-05 -3.5876446317320241 0.00084169269883212455 -3.587642718593862 0.5 3.6052908571159503 107.01521713466202 OK 14 13 0.80325800000000003 0.76591699999999996 0.175951 0.61748999999999998 0.49695299999999998 0 0.18576800000000004 0.26896399999999998 0.175951 0.011191 0.01137 0.010567999999999999 0.15278800000000003 0.23537099999999997 0.14446099999999998 0.0041450000000000002 0.0045020000000000008 0.0039950000000000003 0.00094899999999999997 0.00094499999999999998 0.00088400000000000002 107.01526219759704 107.01526219759704 107.01526219759704 0.066478464662568848 0.066478464662568848 0.066478464662568848 1 1 1 Converged Converged Converged OK OK OK 83 83 83 83 83 83 5 5 5 0 0 0 0 1 0 0 1
92 92 linear 2 23 922 3 0.001 3.8691964055932191 0.0045820894088154547 3.1430126951461966e-05 -3.5876446317320241 0.00084169269883212455 -3.5876383457066336 0.5 3.605286484228722 112.4652487937723 OK 14 13 0.77483400000000002 0.70027600000000001 0.15218100000000001 0.61785199999999996 0.49539899999999998 0 0.15698200000000007 0.20487700000000003 0.15218100000000001 0.010994 0.011047 0.010385999999999999 0.12822500000000003 0.17578199999999997 0.12434800000000003 0.0030010000000000002 0.0032299999999999998 0.003075 0.0008119999999999999 0.00084599999999999996 0.00083100000000000014 112.46520859285613 112.46520859285613 112.46520859285613 0.047577608233600119 0.047577608233600119 0.047577608233600119 1 1 1 Converged Converged Converged OK OK OK 67 67 67 67 67 67 5 5 5 0 0 0 0 1 0 0 1
92 92 linear 2 0 922 0 0.0001 3.8691964055932191 0.0045820894088154547 3.1430126951461966e-05 -3.5876446317320241 0.00084169269883212455 -3.5876509177574145 0.5 3.6052990562795029 95.111557742231895 OK 15 14 0.68881099999999995 0.682697 0.247554 0.442691 0.43354300000000001 0 0.24611999999999995 0.24915399999999999 0.247554 0.014489999999999999 0.01473 0.014706 0.18739600000000003 0.19001299999999996 0.18911199999999997 0.0064329999999999995 0.006646 0.0063319999999999991 0.001206 0.001237 0.0011929999999999998 95.111426577951804 95.111426577951804 95.111426577951804 0.0038723230492328387 0.0038723230492328387 0.0038723230492328387 1 1 1 Converged Converged Converged OK OK OK 115 115 115 115 115 115 5 5 5 0 0 0 0 0 1 0 0
92 92 linear 2 7 922 1 0.0001 3.8691964055932191 0.0045820894088154547 3.1430126951461966e-05 -3.5876446317320241 0.00084169269883212455 -3.5876470914810898 0.5 3.6052952300031782 99.385447623159806 OK 15 14 0.72256500000000001 0.72421999999999997 0.239595 0.47734799999999999 0.34333900000000001 0 0.24521700000000002 0.38088099999999997 0.239595 0.013651999999999999 0.013694 0.013095000000000001 0.19583899999999999 0.33143200000000006 0.19073300000000004 0.006326 0.0063240000000000006 0.0064100000000000008 0.001186 0.0011620000000000001 0.0011919999999999999 99.385240021417303 99.385240021417303 99.385240021417303 0.0038813419417531954 0.0038813419417531954 0.0038813419417531954 1 1 1 Converged Converged Converged OK OK OK 115 115 115 115 115 115 5 5 5 0 0 0 0 1 0 0 1
92 92 linear 2 15 922 2 0.0001 3.8691964055932191 0.0045820894088154547 3.1430126951461966e-05 -3.5876446317320241 0.00084169269883212455 -3.587642718593862 0.5 3.6052908571159503 107.01521713466202 OK 14 13 0.84852000000000005 0.85757000000000005 0.220801 0.62053100000000005 0.49103599999999997 0 0.227989 0.36653400000000008 0.220801 0.011341 0.011171 0.010596 0.18602600000000016 0.32457600000000014 0.18117499999999995 0.0061609999999999998 0.0062160000000000002 0.0057660000000000003 0.0011980000000000001 0.0011619999999999998 0.001147 107.0150490340296 107.0150490340296 107.0150490340296 0.0048283017635919077 0.0048283017635919077 0.0048283017635919077 1 1 1 Converged Converged Converged OK OK OK 115 115 115 115 115 115 5 5 5 0 0 0 0 1 0 0 1
92 92 linear 2 23 922 3 0.0001 3.8691964055932191 0.0045820894088154547 3.1430126951461966e-05 -3.5876446317320241 0.00084169269883212455 -3.5876383457066336 0.5 3.605286484228722 112.4652487937723 OK 14 13 0.84431900000000004 0.84837700000000005 0.219446 0.61692499999999995 0.50007299999999999 0 0.2273940000000001 0.34830400000000006 0.219446 0.011107000000000001 0.011169999999999999 0.010267999999999999 0.18619000000000002 0.30676799999999999 0.18037099999999989 0.0059470000000000009 0.0058709999999999995 0.005633 0.0012289999999999998 0.001191 0.0011509999999999999 112.46513609391077 112.46513609391077 112.46513609391077 0.0040842392806316819 0.0040842392806316819 0.0040842392806316819 1 1 1 Converged Converged Converged OK OK OK 115 115 115 115 115 115 5 5 5 0 0 0 0 1 0 0 1
92 92 linear 3 0 923 0 0.001 3.8691964055932191 0.0045820894088154547 3.1430126951461966e-05 -3.5866394637182273 0.00049510079262744724 -3.5866457497436177 0.5 3.6042938882657061 9.1098782165382683 OK 13 12 0.688226 0.68658300000000005 0.131989 0.55293999999999999 0.553373 0 0.13528600000000002 0.13321000000000005 0.131989 0.0091199999999999996 0.0090220000000000005 0.0087989999999999995 0.10726699999999997 0.10552100000000002 0.104723 0.002725 0.0027030000000000001 0.0027569999999999999 0.00057799999999999995 0.00056300000000000002 0.00056499999999999996 9.1098710747770273 9.1098710747770273 9.1098710747770273 0.0036121319263451887 0.0036121319263451887 0.0036121319263451887 1 1 1 Converged Converged Converged OK OK OK 53 53 53 53 53 53 3 3 3 0 0 0 0 0 1 0 0
92 92 linear 3 7 923 1 0.001 3.8691964055932191 0.0045820894088154547 3.1430126951461966e-05 -3.5866394637182273 0.00049510079262744724 -3.586641923467293 0.5 3.6042900619893814 9.1155085560189821 OK 13 12 0.71614299999999997 0.64974900000000002 0.12898399999999999 0.58290399999999998 0.46260099999999998 0 0.133239 0.18714800000000004 0.12898399999999999 0.0083470000000000003 0.0082880000000000002 0.0077720000000000003 0.10797999999999998 0.16213800000000006 0.10484199999999999 0.0027520000000000001 0.0028240000000000001 0.0027289999999999997 0.00055500000000000005 0.00058100000000000003 0.00054900000000000001 9.1155014017485456 9.1155014017485456 9.1155014017485456 0.0036112835502977469 0.0036112835502977469 0.0036112835502977469 1 1 1 Converged Converged Converged OK OK OK 53 53 53 53 53 53 3 3 3 0 0 0 0 1 0 0 1
92 92 linear 3 15 923 2 0.001 3.8691964055932191 0.0045820894088154547 3.1430126951461966e-05 -3.5866394637182273 0.00049510079262744724 -3.5866375505800652 0.5 3.6042856891021535 9.121956500052816 OK 13 12 0.52240600000000004 0.47132600000000002 0.127945 0.38621699999999998 0.26638899999999999 0 0.13618900000000006 0.20493700000000004 0.127945 0.0082159999999999993 0.0083789999999999993 0.0076160000000000004 0.10747900000000001 0.17913699999999996 0.10408399999999998 0.0062600000000000008 0.0029880000000000002 0.002748 0.000544 0.00058599999999999993 0.00054799999999999998 9.1219493314026323 9.1219493314026323 9.1219493314026323 0.0036103144705053099 0.0036103144705053099 0.0036103144705053099 1 1 1 Converged Converged Converged OK OK OK 53 53 53 53 53 53 3 3 3 0 0 0 0 1 0 0 1
92 92 linear 3 23 923 3 0.001 3.8691964055932191 0.0045820894088154547 3.1430126951461966e-05 -3.5866394637182273 0.00049510079262744724 -3.5866331776928368 0.5 3.6042813162149252 9.1284186247795738 OK 13 12 0.59552400000000005 0.51485800000000004 0.13359699999999999 0.46253 0.32802500000000001 0 0.13299400000000006 0.18683300000000003 0.13359699999999999 0.0082240000000000004 0.008352 0.0087910000000000002 0.10765900000000002 0.16140500000000005 0.10822399999999996 0.0028349999999999998 0.0028190000000000003 0.0027910000000000001 0.00055599999999999996 0.00056300000000000002 0.000553 9.1284114416879163 9.1284114416879163 9.1284114416879163 0.0036093459083827808 0.0036093459083827808 0.0036093459083827808 1 1 1 Converged Converged Converged OK OK OK 53 53 53 53 53 53 3 3 3 0 0 0 0 1 0 0 1
92 92 linear 3 0 923 0 0.0001 3.8691964055932191 0.0045820894088154547 3.1430126951461966e-05 -3.5866394637182273 0.00049510079262744724 -3.5866457497436177 0.5 3.6042938882657061 9.1098782165382683 OK 13 12 0.74697000000000002 0.74735399999999996 0.18943399999999999 0.55519099999999999 0.55736799999999997 0 0.19177900000000003 0.18998599999999999 0.18943399999999999 0.0088990000000000007 0.0087279999999999996 0.0086060000000000008 0.15837399999999999 0.15383999999999998 0.15696100000000007 0.0034559999999999999 0.0035699999999999998 0.0035019999999999999 0.00071600000000000006 0.00068999999999999997 0.00066399999999999999 9.1098710763904283 9.1098710763904283 9.1098710763904283 0.00064740585807253445 0.00064740585807253445 0.00064740585807253445 1 1 1 Converged Converged Converged OK OK OK 69 69 69 69 69 69 3 3 3 0 0 0 0 0 1 0 0
92 92 linear 3 7 923 1 0.0001 3.8691964055932191 0.0045820894088154547 3.1430126951461966e-05 -3.5866394637182273 0.00049510079262744724 -3.586641923467293 0.5 3.6042900619893814 9.1155085560189821 OK 13 12 0.77320599999999995 0.700241 0.18218899999999999 0.57995699999999994 0.46109499999999998 0 0.193249 0.23914600000000003 0.18218899999999999 0.0082850000000000007 0.0082970000000000006 0.0077140000000000004 0.16315500000000005 0.20943600000000004 0.15354899999999999 0.0035609999999999999 0.0034929999999999996 0.0034770000000000001 0.00066700000000000006 0.00068100000000000007 0.00066100000000000002 9.1155014033616357 9.1155014033616357 9.1155014033616357 0.00064740828257818571 0.00064740828257818571 0.00064740828257818571 1 1 1 Converged Converged Converged OK OK OK 69 69 69 69 69 69 3 3 3 0 0 0 0 1 0 0 1
92 92 linear 3 15 923 2 0.0001 3.8691964055932191 0.0045820894088154547 3.1430126951461966e-05 -3.5866394637182273 0.00049510079262744724 -3.5866375505800652 0.5 3.6042856891021535 9.121956500052816 OK 13 12 0.57486599999999999 0.52206600000000003 0.181451 0.38814599999999999 0.268623 0 0.18672 0.25344300000000003 0.181451 0.0082480000000000001 0.0082500000000000004 0.0077079999999999996 0.15687299999999998 0.22340099999999996 0.15294199999999999 0.003496 0.0036550000000000003 0.0034999999999999996 0.00071499999999999992 0.00069099999999999999 0.00065799999999999995 9.1219493330149533 9.1219493330149533 9.1219493330149533 0.0006474110557987818 0.0006474110557987818 0.0006474110557987818 1 1 1 Converged Converged Converged OK OK OK 69 69 69 69 69 69 3 3 3 0 0 0 0 1 0 0 1
92 92 linear 3 23 923 3 0.0001 3.8691964055932191 0.0045820894088154547 3.1430126951461966e-05 -3.5866394637182273 0.00049510079262744724 -3.5866331776928368 0.5 3.6042813162149252 9.1284186247795738 OK 13 12 0.66073499999999996 0.56434700000000004 0.18160799999999999 0.46795399999999998 0.329592 0 0.19278099999999998 0.23475500000000005 0.18160799999999999 0.008482 0.0082459999999999999 0.0076530000000000001 0.16219300000000003 0.20495300000000005 0.15301800000000002 0.0035829999999999994 0.0035890000000000002 0.0035270000000000002 0.00069999999999999999 0.00068799999999999992 0.00066799999999999997 9.1284114432998393 9.1284114432998393 9.1284114432998393 0.00064741382839352121 0.00064741382839352121 0.00064741382839352121 1 1 1 Converged Converged Converged OK OK OK 69 69 69 69 69 69 3 3 3 0 0 0 0 1 0 0 1
92 92 linear 4 0 924 0 0.001 3.8691964055932191 0.0045820894088154547 3.1430126951461966e-05 0.016419910475931707 0.00053883174096152177 0.016413624450541415 0.5 0.0012345140715467329 1622.1763859370465 OK 12 11 0.76107899999999995 0.75339500000000004 0.174146 0.584673 0.57981000000000005 0 0.17640599999999995 0.17358499999999999 0.174146 0.0084740000000000006 0.0085210000000000008 0.0083719999999999992 0.15181399999999998 0.14870700000000001 0.14946700000000004 0.0023020000000000002 0.0024060000000000002 0.00232 0.00059099999999999995 0.00062799999999999998 0.00058799999999999998 1622.1755849488811 1622.1755849488811 1622.1755849488811 0.60297969903183857 0.60297969903183857 0.60297969903183857 1 1 1 Converged Converged Converged OK OK OK 53 53 53 53 53 53 3 3 3 0 0 0 0 0 1 0 0
92 92 linear 4 7 924 1 0.001 3.8691964055932191 0.0045820894088154547 3.1430126951461966e-05 0.016419910475931707 0.00053883174096152177 0.016417450726865939 0.5 0.0012306877952222087 1642.2500253983842 OK 12 11 0.75385100000000005 0.60260999999999998 0.169345 0.57620700000000002 0.42924800000000002 0 0.17764400000000002 0.17336199999999996 0.169345 0.0081010000000000006 0.0080149999999999996 0.0076340000000000002 0.15441199999999999 0.15106800000000001 0.14769700000000002 0.0026699999999999996 0.002392 0.002284 0.00059100000000000005 0.00059900000000000003 0.00060500000000000007 1642.249237533704 1642.249237533704 1642.249237533704 0.31411605859512459 0.31411605859512459 0.31411605859512459 1 1 1 Converged Converged Converged OK OK OK 53 53 53 53 53 53 3 3 3 0 0 0 0 1 0 0 1
92 92 linear 4 15 924 2 0.001 3.8691964055932191 0.0045820894088154547 3.1430126951461966e-05 0.016419910475931707 0.00053883174096152177 0.016421823614093969 0.5 0.001226314907994179 1666.367606286527 OK 12 11 0.68500700000000003 0.526285 0.171371 0.50462700000000005 0.35370400000000002 0 0.18037999999999998 0.17258099999999998 0.171371 0.0079710000000000007 0.0077629999999999999 0.0073080000000000003 0.15724099999999996 0.15065799999999999 0.15026999999999999 0.0025360000000000001 0.0023029999999999999 0.0023020000000000002 0.00058100000000000003 0.00059500000000000004 0.00056700000000000001 1666.3668522863579 1666.3668522863579 1666.3668522863579 0.18158841742979911 0.18158841742979911 0.18158841742979911 1 1 1 Converged Converged Converged OK OK OK 53 53 53 53 53 53 3 3 3 0 0 0 0 1 0 0 1
92 92 linear 4 23 924 3 0.001 3.8691964055932191 0.0045820894088154547 3.1430126951461966e-05 0.016419910475931707 0.00053883174096152177 0.016426196501321998 0.5 0.0012219420207661494 1691.8599744321068 OK 12 11 0.63421400000000006 0.49244599999999999 0.17963199999999999 0.45017299999999999 0.308305 0 0.18404100000000007 0.184141 0.17963199999999999 0.0079920000000000008 0.0079970000000000006 0.0075760000000000003 0.16145100000000001 0.161855 0.15828399999999995 0.002359 0.0023740000000000002 0.002294 0.00057700000000000004 0.00060099999999999997 0.00057300000000000005 1691.8600164098962 1691.8600164098962 1691.8600164098962 0.3238816433864235 0.3238816433864235 0.3238816433864235 1 1 1 Converged Converged Converged OK OK OK 53 53 53 53 53 53 3 3 3 0 0 0 0 1 0 0 1
92 92 linear 4 0 924 0 0.0001 3.8691964055932191 0.0045820894088154547 3.1430126951461966e-05 0.016419910475931707 0.00053883174096152177 0.016413624450541415 0.5 0.0012345140715467329 1622.1763859370465 OK 12 11 0.78169999999999995 0.78194200000000003 0.196798 0.58096400000000004 0.584449 0 0.20073599999999991 0.19749300000000003 0.196798 0.0084840000000000002 0.0085380000000000005 0.0083059999999999991 0.17291999999999996 0.17008799999999996 0.16961700000000002 0.0027040000000000002 0.0027780000000000001 0.0026950000000000003 0.00072999999999999996 0.00073499999999999987 0.000696 1622.1755800431017 1622.1755800431017 1622.1755800431017 0.013867391128855214 0.013867391128855214 0.013867391128855214 1 1 1 Converged Converged Converged OK OK OK 61 61 61 61 61 61 3 3 3 0 0 0 0 0 1 0 0
92 92 linear 4 7 924 1 0.0001 3.8691964055932191 0.0045820894088154547 3.1430126951461966e-05 0.016419910475931707 0.00053883174096152177 0.016417450726865939 0.5 0.0012306877952222087 1642.2500253983842 OK 12 11 0.77403299999999997 0.62681900000000002 0.19269700000000001 0.57649899999999998 0.429558 0 0.19753399999999999 0.19726100000000002 0.19269700000000001 0.0080560000000000007 0.0080099999999999998 0.0075880000000000001 0.17304300000000006 0.17314999999999997 0.16951599999999994 0.0026740000000000002 0.0026839999999999998 0.0026289999999999998 0.00070300000000000007 0.00072300000000000001 0.00068100000000000007 1642.2492363995279 1642.2492363995279 1642.2492363995279 0.032515762676399391 0.032515762676399391 0.032515762676399391 1 1 1 Converged Converged Converged OK OK OK 61 61 61 61 61 61 3 3 3 0 0 0 0 1 0 0 1
92 92 linear 4 15 924 2 0.0001 3.8691964055932191 0.0045820894088154547 3.1430126951461966e-05 0.016419910475931707 0.00053883174096152177 0.016421823614093969 0.5 0.001226314907994179 1666.367606286527 OK 12 11 0.73697400000000002 0.57462800000000003 0.21671099999999999 0.50412500000000005 0.35349399999999997 0 0.23284899999999997 0.22113400000000005 0.21671099999999999 0.0089180000000000006 0.0077530000000000003 0.0073000000000000001 0.20506899999999997 0.19501299999999999 0.19158399999999998 0.0032049999999999999 0.0031669999999999997 0.002947 0.00073200000000000001 0.00073000000000000007 0.00066500000000000001 1666.3667751468283 1666.3667751468283 1666.3667751468283 0.089501729756803053 0.089501729756803053 0.089501729756803053 1 1 1 Converged Converged Converged OK OK OK 69 69 69 69 69 69 3 3 3 0 0 0 0 1 0 0 1
92 92 linear 4 23 924 3 0.0001 3.8691964055932191 0.0045820894088154547 3.1430126951461966e-05 0.016419910475931707 0.00053883174096152177 0.016426196501321998 0.5 0.0012219420207661494 1691.8599744321068 OK 12 11 0.68910000000000005 0.53229400000000004 0.22165199999999999 0.45568900000000001 0.306865 0 0.23341100000000004 0.22542900000000005 0.22165199999999999 0.0082170000000000003 0.007986 0.0075550000000000001 0.20692099999999997 0.19945600000000002 0.196994 0.0032130000000000006 0.0034550000000000002 0.0030660000000000001 0.00071700000000000008 0.00077699999999999991 0.00068199999999999999 1691.8590449247934 1691.8590449247934 1691.8590449247934 0.017725002992716603 0.017725002992716603 0.017725002992716603 1 1 1 Converged Converged Converged OK OK OK 69 69 69 69 69 69 3 3 3 0 0 0 0 1 0 0 1
92 92 uniform 0 0 925 0 0.001 3.8691964055932191 0.0045820894088154547 3.1430126951461966e-05 0.016823722726384265 -1.7129651189458623e-05 0.016817436700993973 0 0.00083070182109417495 12758.925665305214 OK 17 16 1.0512710000000001 1.05898 0.39013799999999998 0.66083999999999998 0.66223200000000004 0 0.39043100000000008 0.39674799999999999 0.39013799999999998 0.016768999999999999 0.018200999999999998 0.016570999999999999 0.31275599999999992 0.31746000000000002 0.31226300000000023 0.0065170000000000002 0.0069809999999999985 0.0068819999999999992 0.001779 0.0018020000000000002 0.0018089999999999998 12758.924198120316 12758.924198120316 12758.924198120316 11.656842443310921 11.656842443310921 11.656842443310921 1 1 1 Converged Converged Converged OK OK OK 149 149 149 149 149 149 11 11 11 0 0 0 0 0 1 0 0
92 92 uniform 0 7 925 1 0.001 3.8691964055932191 0.0045820894088154547 3.1430126951461966e-05 0.016823722726384265 -1.7129651189458623e-05 0.016821262977318497 0 0.00082687554476965075 12804.341219945867 OK 17 16 1.0566759999999999 0.99077899999999997 0.37077599999999999 0.68789800000000001 0.53863000000000005 0 0.36877799999999994 0.45214899999999991 0.37077599999999999 0.015315 0.015900000000000001 0.014777999999999999 0.31254700000000007 0.39319100000000001 0.31535300000000016 0.0065879999999999992 0.0076249999999999998 0.0068010000000000006 0.0017100000000000001 0.0018939999999999999 0.0016440000000000001 12804.337444803741 12804.337444803741 12804.337444803741 12.283431416250894 12.283431416250894 12.283431416250894 1 1 1 Converged Converged Converged OK OK OK 149 149 149 149 149 149 11 11 11 0 0 0 0 1 0 0 1
92 92 uniform 0 15 925 2 0.001 3.8691964055932191 0.0045820894088154547 3.1430126951461966e-05 0.016823722726384265 -1.7129651189458623e-05 0.016825635864546527 0 0.00082250265754162111 12853.766045608703 OK 17 16 1.1194980000000001 1.081941 0.44451000000000002 0.67228600000000005 0.54761400000000005 0 0.44721200000000005 0.534327 0.44451000000000002 0.017191000000000001 0.017368999999999999 0.016295 0.3752790000000002 0.46063899999999997 0.37471599999999999 0.0096949999999999988 0.010513999999999999 0.0092090000000000002 0.00197 0.0020079999999999998 0.0019359999999999996 12853.773838808123 12853.773838808123 12853.773838808123 8.9194919736592286 8.9194919736592286 8.9194919736592286 1 1 1 Converged Converged Converged OK OK OK 181 181 181 181 181 181 11 11 11 0 0 0 0 1 0 0 1
92 92 uniform 0 23 925 3 0.001 3.8691964055932191 0.0045820894088154547 3.1430126951461966e-05 0.016823722726384265 -1.7129651189458623e-05 0.016830008751774556 0 0.00081812977031359146 12910.364228324577 OK 17 16 1.1748209999999999 1.0725979999999999 0.42023100000000002 0.70844099999999999 0.56192200000000003 0 0.46637999999999991 0.51067599999999991 0.42023100000000002 0.016049000000000001 0.016043000000000002 0.015363999999999999 0.39744100000000016 0.4439349999999998 0.35606599999999988 0.009214 0.0095620000000000011 0.0086929999999999993 0.0017570000000000003 0.001853 0.001689 12910.533584124616 12910.533584124616 12910.533584124616 12.531450980724061 12.531450980724061 12.531450980724061 1 1 1 Converged Converged Converged OK OK OK 173 173 173 173 173 173 11 11 11 0 0 0 0 1 0 0 1
92 92 uniform 0 0 925 0 0.0001 3.8691964055932191 0.0045820894088154547 3.1430126951461966e-05 0.016823722726384265 -1.7129651189458623e-05 0.016817436700993973 0 0.00083070182109417495 12758.925665305214 OK 17 16 1.2126079999999999 1.2085939999999999 0.55001800000000001 0.65408900000000003 0.65851099999999996 0 0.55851899999999988 0.55008299999999999 0.55001800000000001 0.016933 0.016907999999999999 0.016643999999999999 0.44996400000000025 0.44160700000000025 0.44123000000000001 0.010745999999999999 0.011011999999999999 0.011582 0.0024369999999999999 0.0024319999999999997 0.0025360000000000001 12758.936076335882 12758.936076335882 12758.936076335882 0.62148289302844328 0.62148289302844328 0.62148289302844328 1 1 1 Converged Converged Converged OK OK OK 213 213 213 213 213 213 11 11 11 0 0 0 0 0 1 0 0
92 92 uniform 0 7 925 1 0.0001 3.8691964055932191 0.0045820894088154547 3.1430126951461966e-05 0.016823722726384265 -1.7129651189458623e-05 0.016821262977318497 0 0.00082687554476965075 12804.341219945867 OK 17 16 1.2125649999999999 1.1864330000000001 0.52164999999999995 0.69420099999999996 0.54614399999999996 0 0.51836399999999994 0.64028900000000011 0.52164999999999995 0.015542 0.015705 0.014815 0.44067999999999968 0.5609339999999996 0.4457549999999999 0.011004 0.011963000000000001 0.010803999999999999 0.0023650000000000003 0.00249 0.0023729999999999997 12804.350748695135 12804.350748695135 12804.350748695135 0.62564427913163367 0.62564427913163367 0.62564427913163367 1 1 1 Converged Converged Converged OK OK OK 213 213 213 213 213 213 11 11 11 0 0 0 0 1 0 0 1
92 92 uniform 0 15 925 2 0.0001 3.8691964055932191 0.0045820894088154547 3.1430126951461966e-05 0.016823722726384265 -1.7129651189458623e-05 0.016825635864546527 0 0.00082250265754162111 12853.766045608703 OK 17 16 1.198661 1.1839090000000001 0.517845 0.67642500000000005 0.548319 0 0.52223599999999992 0.6355900000000001 0.517845 0.017045999999999999 0.017087000000000001 0.016365999999999999 0.4430400000000001 0.55510099999999973 0.44064100000000012 0.010913000000000001 0.011532000000000002 0.010805999999999998 0.0024250000000000001 0.0025190000000000004 0.002392 12853.782313460946 12853.782313460946 12853.782313460946 0.62766142082678289 0.62766142082678289 0.62766142082678289 1 1 1 Converged Converged Converged OK OK OK 213 213 213 213 213 213 11 11 11 0 0 0 0 1 0 0 1
92 92 uniform 0 23 925 3 0.0001 3.8691964055932191 0.0045820894088154547 3.1430126951461966e-05 0.016823722726384265 -1.7129651189458623e-05 0.016830008751774556 0 0.00081812977031359146 12910.364228324577 OK 17 16 1.2354890000000001 1.1942250000000001 0.51726799999999995 0.71174499999999996 0.56425700000000001 0 0.5237440000000001 0.62996800000000008 0.51726799999999995 0.016312 0.016192000000000002 0.015376000000000001 0.44576899999999997 0.55114899999999967 0.44159199999999998 0.011067 0.011533999999999999 0.010801999999999999 0.0024120000000000001 0.002405 0.0023569999999999997 12910.54022427871 12910.54022427871 12910.54022427871 0.64443055754185674 0.64443055754185674 0.64443055754185674 1 1 1 Converged Converged Converged OK OK OK 213 213 213 213 213 213 11 11 11 0 0 0 0 1 0 0 1
92 92 uniform 1 0 926 0 0.001 3.8691964055932191 0.0045820894088154547 3.1430126951461966e-05 -3.5942242514177383 -0.0081078164947163342 -3.5942305374431287 0 3.6118786759652171 97.394300779043974 OK 14 13 0.56902399999999997 0.56581899999999996 0.11795 0.44920300000000002 0.446656 0 0.11982099999999996 0.11916299999999996 0.11795 0.011949 0.011854999999999999 0.01136 0.085908999999999999 0.085819000000000006 0.085574999999999971 0.0027799999999999999 0.0028129999999999995 0.0028779999999999999 0.00078299999999999995 0.00076499999999999995 0.00074799999999999997 97.394290076198715 97.394290076198715 97.394290076198715 0.01436271176166555 0.01436271176166555 0.01436271176166555 1 1 1 Converged Converged Converged OK OK OK 67 67 67 67 67 67 5 5 5 0 0 0 0 0 1 0 0
92 92 uniform 1 7 926 1 0.001 3.8691964055932191 0.0045820894088154547 3.1430126951461966e-05 -3.5942242514177383 -0.0081078164947163342 -3.594226711166804 0 3.6118748496888924 82.736628951913772 OK 14 13 0.658138 0.57909600000000006 0.111649 0.54520999999999997 0.40581400000000001 0 0.11292800000000003 0.17328200000000005 0.111649 0.010876 0.01094 0.010298 0.084915999999999978 0.14520200000000003 0.084543999999999994 0.0027620000000000001 0.0028290000000000004 0.0027660000000000002 0.00069099999999999999 0.00070599999999999992 0.00068499999999999995 82.736623773081618 82.736623773081618 82.736623773081618 0.014026621012976449 0.014026621012976449 0.014026621012976449 1 1 1 Converged Converged Converged OK OK OK 67 67 67 67 67 67 5 5 5 0 0 0 0 1 0 0 1
92 92 uniform 1 15 926 2 0.001 3.8691964055932191 0.0045820894088154547 3.1430126951461966e-05 -3.5942242514177383 -0.0081078164947163342 -3.5942223382795762 0 3.6118704768016645 64.907039107490888 OK 14 13 0.71221900000000005 0.64827599999999996 0.110815 0.599221 0.465387 0 0.11299800000000004 0.18288899999999997 0.110815 0.010833000000000001 0.010836 0.010116 0.08475999999999996 0.15471500000000002 0.083925000000000013 0.0028 0.0029010000000000004 0.0026869999999999997 0.000745 0.00072499999999999995 0.00072100000000000007 64.907037762525604 64.907037762525604 64.907037762525604 0.013937870212644898 0.013937870212644898 0.013937870212644898 1 1 1 Converged Converged Converged OK OK OK 67 67 67 67 67 67 5 5 5 0 0 0 0 1 0 0 1
92 92 uniform 1 23 926 3 0.001 3.8691964055932191 0.0045820894088154547 3.1430126951461966e-05 -3.5942242514177383 -0.0081078164947163342 -3.5942179653923478 0 3.6118661039144362 45.990589543349202 OK 14 13 0.71194900000000005 0.64343700000000004 0.104541 0.60957099999999997 0.47577799999999998 0 0.10237800000000008 0.16765900000000006 0.104541 0.01076 0.014050999999999999 0.011622 0.076004999999999975 0.13806599999999997 0.077376000000000014 0.0025239999999999998 0.0026379999999999997 0.0024229999999999998 0.00059900000000000003 0.00057799999999999995 0.000611 45.99059155146626 45.99059155146626 45.99059155146626 0.027522252614978319 0.027522252614978319 0.027522252614978319 1 1 1 Converged Converged Converged OK OK OK 59 59 59 59 59 59 5 5 5 0 0 0 0 1 0 0 1
92 92 uniform 1 0 926 0 0.0001 3.8691964055932191 0.0045820894088154547 3.1430126951461966e-05 -3.5942242514177383 -0.0081078164947163342 -3.5942305374431287 0 3.6118786759652171 97.394300779043974 OK 14 13 0.58936900000000003 0.59132700000000005 0.138653 0.44974500000000001 0.45148899999999997 0 0.13962400000000003 0.13983800000000007 0.138653 0.011795 0.012011000000000001 0.011353 0.10167099999999998 0.101856 0.10147600000000001 0.0035109999999999998 0.0035929999999999998 0.0035479999999999999 0.00091000000000000011 0.00090000000000000008 0.00091099999999999992 97.394289772510632 97.394289772510632 97.394289772510632 0.007765312953359969 0.007765312953359969 0.007765312953359969 1 1 1 Converged Converged Converged OK OK OK 83 83 83 83 83 83 5 5 5 0 0 0 0 0 1 0 0
92 92 uniform 1 7 926 1 0.0001 3.8691964055932191 0.0045820894088154547 3.1430126951461966e-05 -3.5942242514177383 -0.0081078164947163342 -3.594226711166804 0 3.6118748496888924 82.736628951913772 OK 14 13 0.67684699999999998 0.61811400000000005 0.13084499999999999 0.54401999999999995 0.408553 0 0.13282700000000003 0.20956100000000005 0.13084499999999999 0.010978 0.010988 0.010322 0.10146400000000003 0.17807600000000007 0.10059900000000005 0.0034919999999999999 0.0037260000000000001 0.0034000000000000002 0.00082400000000000008 0.00084699999999999999 0.00080800000000000002 82.736623395306424 82.736623395306424 82.736623395306424 0.0075378013629806839 0.0075378013629806839 0.0075378013629806839 1 1 1 Converged Converged Converged OK OK OK 83 83 83 83 83 83 5 5 5 0 0 0 0 1 0 0 1
92 92 uniform 1 15 926 2 0.0001 3.8691964055932191 0.0045820894088154547 3.1430126951461966e-05 -3.5942242514177383 -0.0081078164947163342 -3.5942223382795762 0 3.6118704768016645 64.907039107490888 OK 14 13 0.75499300000000003 0.72679499999999997 0.15518899999999999 0.59748100000000004 0.466005 0 0.15751199999999999 0.26078999999999997 0.15518899999999999 0.010999999999999999 0.011073 0.010239 0.11920600000000002 0.2219040000000001 0.11874499999999995 0.0046839999999999998 0.0049849999999999998 0.004385 0.0010010000000000002 0.0011119999999999999 0.00097500000000000006 64.907037078349504 64.907037078349504 64.907037078349504 0.0014773683904277038 0.0014773683904277038 0.0014773683904277038 1 1 1 Converged Converged Converged OK OK OK 99 99 99 99 99 99 5 5 5 0 0 0 0 1 0 0 1
92 92 uniform 1 23 926 3 0.0001 3.8691964055932191 0.0045820894088154547 3.1430126951461966e-05 -3.5942242514177383 -0.0081078164947163342 -3.5942179653923478 0 3.6118661039144362 45.990589543349202 OK 14 13 0.77337900000000004 0.74095299999999997 0.154728 0.61496099999999998 0.47855700000000001 0 0.15841800000000006 0.26239599999999996 0.154728 0.010815999999999999 0.010947 0.010128 0.12067299999999993 0.22540099999999996 0.11980900000000001 0.0050530000000000002 0.004888 0.0044000000000000003 0.0010470000000000002 0.0010280000000000001 0.00098700000000000003 45.99058820045304 45.99058820045304 45.99058820045304 0.0014613135076895075 0.0014613135076895075 0.0014613135076895075 1 1 1 Converged Converged Converged OK OK OK 99 99 99 99 99 99 5 5 5 0 0 0 0 1 0 0 1
92 92 uniform 2 0 927 0 0.001 3.8691964055932191 0.0045820894088154547 3.1430126951461966e-05 -3.5876446317320241 0.00084169269883212455 -3.5876509177574145 0 3.6052990562795029 96.212487662644676 OK 15 14 0.60021500000000005 0.60057199999999999 0.16042799999999999 0.43820599999999998 0.43902000000000002 0 0.16200900000000007 0.16155199999999997 0.16042799999999999 0.014897000000000001 0.014845000000000001 0.014655 0.11542900000000006 0.11569299999999995 0.11490000000000003 0.0043939999999999995 0.0042300000000000003 0.0042929999999999999 0.00089700000000000012 0.00092200000000000008 0.00090499999999999988 96.212489211218724 96.212489211218724 96.212489211218724 0.038703909124776212 0.038703909124776212 0.038703909124776212 1 1 1 Converged Converged Converged OK OK OK 83 83 83 83 83 83 5 5 5 0 0 0 0 0 1 0 0
92 92 uniform 2 7 927 1 0.001 3.8691964055932191 0.0045820894088154547 3.1430126951461966e-05 -3.5876446317320241 0.00084169269883212455 -3.5876470914810898 0 3.6052952300031782 100.91038527738615 OK 15 14 0.64259699999999997 0.59479599999999999 0.15923200000000001 0.481325 0.34241100000000002 0 0.16127199999999997 0.25238499999999997 0.15923200000000001 0.013854999999999999 0.013953 0.01312 0.12148200000000005 0.21208999999999997 0.12098399999999998 0.0043909999999999999 0.0046059999999999999 0.0042360000000000002 0.00089299999999999991 0.00092499999999999993 0.00085399999999999994 100.91038535680127 100.91038535680127 100.91038535680127 0.048831907507233992 0.048831907507233992 0.048831907507233992 1 1 1 Converged Converged Converged OK OK OK 83 83 83 83 83 83 5 5 5 0 0 0 0 1 0 0 1
92 92 uniform 2 15 927 2 0.001 3.8691964055932191 0.0045820894088154547 3.1430126951461966e-05 -3.5876446317320241 0.00084169269883212455 -3.587642718593862 0 3.6052908571159503 109.66203828569637 OK 14 13 0.77095899999999995 0.72475699999999998 0.147231 0.61719299999999999 0.48586600000000002 0 0.15376599999999996 0.23889099999999996 0.147231 0.01132 0.011161000000000001 0.010494 0.12027800000000001 0.20652999999999996 0.116258 0.0046020000000000002 0.00413 0.0038289999999999999 0.000883 0.00090200000000000002 0.00084899999999999993 109.66239758121768 109.66239758121768 109.66239758121768 0.10424161558263639 0.10424161558263639 0.10424161558263639 1 1 1 Converged Converged Converged OK OK OK 83 83 83 83 83 83 5 5 5 0 0 0 0 1 0 0 1
92 92 uniform 2 23 927 3 0.001 3.8691964055932191 0.0045820894088154547 3.1430126951461966e-05 -3.5876446317320241 0.00084169269883212455 -3.5876383457066336 0 3.605286484228722 114.70382125871333 OK 14 13 0.745251 0.67498100000000005 0.129882 0.615344 0.49549199999999999 0 0.12990699999999999 0.17948900000000007 0.129882 0.011141 0.011173000000000001 0.013524 0.10056000000000002 0.15069399999999997 0.099192999999999962 0.0031779999999999994 0.0031340000000000001 0.002892 0.00079600000000000005 0.00077300000000000003 0.00080900000000000004 114.70394730761595 114.70394730761595 114.70394730761595 0.090327426576083419 0.090327426576083419 0.090327426576083419 1 1 1 Converged Converged Converged OK OK OK 67 67 67 67 67 67 5 5 5 0 0 0 0 1 0 0 1
92 92 uniform 2 0 927 0 0.0001 3.8691964055932191 0.0045820894088154547 3.1430126951461966e-05 -3.5876446317320241 0.00084169269883212455 -3.5876509177574145 0 3.6052990562795029 96.212487662644676 OK 15 14 0.62675999999999998 0.62348599999999998 0.18539600000000001 0.434695 0.43641799999999997 0 0.19206499999999999 0.18706800000000001 0.18539600000000001 0.018717000000000001 0.015054 0.014411 0.13470899999999994 0.13436500000000004 0.13382399999999997 0.0056410000000000002 0.0051619999999999999 0.0050390000000000001 0.001013 0.0010510000000000001 0.00099699999999999984 96.212489320400209 96.212489320400209 96.212489320400209 0.003203241018592865 0.003203241018592865 0.003203241018592865 1 1 1 Converged Converged Converged OK OK OK 99 99 99 99 99 99 5 5 5 0 0 0 0 0 1 0 0
92 92 uniform 2 7 927 1 0.0001 3.8691964055932191 0.0045820894088154547 3.1430126951461966e-05 -3.5876446317320241 0.00084169269883212455 -3.5876470914810898 0 3.6052952300031782 100.91038527738615 OK 15 14 0.66472299999999995 0.63073100000000004 0.18102399999999999 0.48070400000000002 0.34613100000000002 0 0.18401899999999993 0.28460000000000002 0.18102399999999999 0.013738 0.013786 0.013009 0.13895999999999997 0.24006300000000005 0.13813099999999998 0.0053380000000000007 0.0052900000000000004 0.005032 0.00098799999999999995 0.0009810000000000001 0.00097100000000000007 100.910385837121 100.910385837121 100.910385837121 0.0032053302319538092 0.0032053302319538092 0.0032053302319538092 1 1 1 Converged Converged Converged OK OK OK 99 99 99 99 99 99 5 5 5 0 0 0 0 1 0 0 1
92 92 uniform 2 15 927 2 0.0001 3.8691964055932191 0.0045820894088154547 3.1430126951461966e-05 -3.5876446317320241 0.00084169269883212455 -3.587642718593862 0 3.6052908571159503 109.66203828569637 OK 14 13 0.79275399999999996 0.76243099999999997 0.16742299999999999 0.62291300000000005 0.48633799999999999 0 0.16984099999999991 0.27609299999999998 0.16742299999999999 0.011480000000000001 0.011309 0.010463999999999999 0.13339000000000004 0.24017599999999997 0.13322699999999998 0.005006 0.00479 0.0046010000000000001 0.001034 0.0010270000000000001 0.00098999999999999999 109.6620423030632 109.6620423030632 109.6620423030632 0.00483404082596086 0.00483404082596086 0.00483404082596086 1 1 1 Converged Converged Converged OK OK OK 99 99 99 99 99 99 5 5 5 0 0 0 0 1 0 0 1
92 92 uniform 2 23 927 3 0.0001 3.8691964055932191 0.0045820894088154547 3.1430126951461966e-05 -3.5876446317320241 0.00084169269883212455 -3.5876383457066336 0 3.605286484228722 114.70382125871333 OK 14 13 0.78630999999999995 0.74585699999999999 0.165691 0.614394 0.48992999999999998 0 0.17191599999999996 0.25592700000000002 0.165691 0.011154000000000001 0.010902 0.010336 0.13610299999999995 0.22044500000000003 0.13190600000000002 0.0049229999999999994 0.0049500000000000004 0.0046769999999999997 0.0010679999999999999 0.0010679999999999999 0.0010199999999999999 114.70382645941457 114.70382645941457 114.70382645941457 0.003596698607407411 0.003596698607407411 0.003596698607407411 1 1 1 Converged Converged Converged OK OK OK 99 99 99 99 99 99 5 5 5 0 0 0 0 1 0 0 1
92 92 uniform 3 0 928 0 0.001 3.8691964055932191 0.0045820894088154547 3.1430126951461966e-05 -3.5866394637182273 0.00049510079262744724 -3.5866457497436177 0 3.6042938882657061 9.1099474668988556 OK 13 12 0.64070099999999996 0.644791 0.088107000000000005 0.55156000000000005 0.55524700000000005 0 0.089140999999999915 0.089543999999999957 0.088107000000000005 0.0090010000000000003 0.0090720000000000002 0.0087150000000000005 0.066647000000000012 0.067223999999999978 0.06658399999999999 0.0019009999999999999 0.001867 0.0017729999999999998 0.00043099999999999996 0.00044200000000000001 0.00043399999999999998 9.1099466231969721 9.1099466231969721 9.1099466231969721 0.0038331992582430843 0.0038331992582430843 0.0038331992582430843 1 1 1 Converged Converged Converged OK OK OK 37 37 37 37 37 37 3 3 3 0 0 0 0 0 1 0 0
92 92 uniform 3 7 928 1 0.001 3.8691964055932191 0.0045820894088154547 3.1430126951461966e-05 -3.5866394637182273 0.00049510079262744724 -3.586641923467293 0 3.6042900619893814 9.11557806787342 OK 13 12 0.67043900000000001 0.57682199999999995 0.084778999999999993 0.58288600000000002 0.46054299999999998 0 0.087552999999999992 0.11627899999999997 0.084778999999999993 0.0082990000000000008 0.0083269999999999993 0.0076769999999999998 0.067459000000000005 0.096321000000000004 0.066030000000000005 0.001763 0.0018469999999999999 0.0017239999999999998 0.00043800000000000002 0.00042900000000000002 0.00041399999999999998 9.1155772241451292 9.1155772241451292 9.1155772241451292 0.0038351739297264016 0.0038351739297264016 0.0038351739297264016 1 1 1 Converged Converged Converged OK OK OK 37 37 37 37 37 37 3 3 3 0 0 0 0 1 0 0 1
92 92 uniform 3 15 928 2 0.001 3.8691964055932191 0.0045820894088154547 3.1430126951461966e-05 -3.5866394637182273 0.00049510079262744724 -3.5866375505800652 0 3.6042856891021535 9.1220263121320784 OK 13 12 0.481213 0.391764 0.083134 0.39640399999999998 0.26517000000000002 0 0.084809000000000023 0.12659399999999998 0.083134 0.0082439999999999996 0.0082579999999999997 0.0076030000000000004 0.064667000000000002 0.10675000000000001 0.064435999999999993 0.001877 0.001836 0.0017149999999999999 0.00043199999999999998 0.000428 0.00042999999999999999 9.1220254683496442 9.1220254683496442 9.1220254683496442 0.0038374352924062547 0.0038374352924062547 0.0038374352924062547 1 1 1 Converged Converged Converged OK OK OK 37 37 37 37 37 37 3 3 3 0 0 0 0 1 0 0 1
92 92 uniform 3 23 928 3 0.001 3.8691964055932191 0.0045820894088154547 3.1430126951461966e-05 -3.5866394637182273 0.00049510079262744724 -3.5866331776928368 0 3.6042813162149252 9.1284887385644549 OK 13 12 0.54859199999999997 0.44321700000000003 0.084967000000000001 0.462009 0.32967299999999999 0 0.086582999999999966 0.11354400000000003 0.084967000000000001 0.0081259999999999995 0.0082760000000000004 0.0076309999999999998 0.066874000000000031 0.093602999999999992 0.066150000000000014 0.0017390000000000001 0.0018129999999999999 0.001761 0.00043600000000000003 0.00045200000000000004 0.000417 9.1284878947308457 9.1284878947308457 9.1284878947308457 0.0038397015794582627 0.0038397015794582627 0.0038397015794582627 1 1 1 Converged Converged Converged OK OK OK 37 37 37 37 37 37 3 3 3 0 0 0 0 1 0 0 1
92 92 uniform 3 0 928 0 0.0001 3.8691964055932191 0.0045820894088154547 3.1430126951461966e-05 -3.5866394637182273 0.00049510079262744724 -3.5866457497436177 0 3.6042938882657061 9.1099474668988556 OK 13 12 0.67701999999999996 0.67721699999999996 0.12088500000000001 0.55507300000000004 0.55446700000000004 0 0.12194699999999992 0.12274999999999991 0.12088500000000001 0.0089099999999999995 0.0090559999999999998 0.0086210000000000002 0.090665000000000009 0.091531000000000001 0.090682000000000026 0.0030429999999999997 0.00316 0.003039 0.00069300000000000004 0.00073399999999999995 0.00065999999999999989 9.1099474118931258 9.1099474118931258 9.1099474118931258 0.00061946945958697231 0.00061946945958697231 0.00061946945958697231 1 1 1 Converged Converged Converged OK OK OK 61 61 61 61 61 61 3 3 3 0 0 0 0 0 1 0 0
92 92 uniform 3 7 928 1 0.0001 3.8691964055932191 0.0045820894088154547 3.1430126951461966e-05 -3.5866394637182273 0.00049510079262744724 -3.586641923467293 0 3.6042900619893814 9.11557806787342 OK 13 12 0.70253699999999997 0.637216 0.117086 0.57999100000000003 0.46329999999999999 0 0.12254599999999993 0.17391600000000002 0.117086 0.0093600000000000003 0.0082649999999999998 0.0077279999999999996 0.093680000000000013 0.14657200000000001 0.090992999999999963 0.003078 0.003117 0.002944 0.00068600000000000009 0.00069099999999999999 0.00066100000000000002 9.1155780128422084 9.1155780128422084 9.1155780128422084 0.00061929216732518118 0.00061929216732518118 0.00061929216732518118 1 1 1 Converged Converged Converged OK OK OK 61 61 61 61 61 61 3 3 3 0 0 0 0 1 0 0 1
92 92 uniform 3 15 928 2 0.0001 3.8691964055932191 0.0045820894088154547 3.1430126951461966e-05 -3.5866394637182273 0.00049510079262744724 -3.5866375505800652 0 3.6042856891021535 9.1220263121320784 OK 13 12 0.51135299999999995 0.45257500000000001 0.115865 0.393094 0.26502999999999999 0 0.11825899999999995 0.18754500000000002 0.115865 0.0082229999999999994 0.0083389999999999992 0.0075969999999999996 0.090576999999999991 0.159777 0.089843999999999979 0.0031929999999999997 0.0033640000000000002 0.0029870000000000001 0.00070899999999999999 0.00069400000000000006 0.00065200000000000002 9.1220262570516919 9.1220262570516919 9.1220262570516919 0.0006190896472288099 0.0006190896472288099 0.0006190896472288099 1 1 1 Converged Converged Converged OK OK OK 61 61 61 61 61 61 3 3 3 0 0 0 0 1 0 0 1
92 92 uniform 3 23 928 3 0.0001 3.8691964055932191 0.0045820894088154547 3.1430126951461966e-05 -3.5866394637182273 0.00049510079262744724 -3.5866331776928368 0 3.6042813162149252 9.1284887385644549 OK 13 12 0.58349700000000004 0.50278800000000001 0.116101 0.46557300000000001 0.32921299999999998 0 0.11792400000000003 0.17357500000000003 0.116101 0.0082760000000000004 0.0082439999999999996 0.0076109999999999997 0.090688000000000046 0.14644999999999997 0.090170000000000014 0.0030139999999999998 0.0030479999999999999 0.0029709999999999997 0.00069500000000000009 0.00068999999999999997 0.00065800000000000006 9.1284886834352346 9.1284886834352346 9.1284886834352346 0.00061888723955695352 0.00061888723955695352 0.00061888723955695352 1 1 1 Converged Converged Converged OK OK OK 61 61 61 61 61 61 3 3 3 0 0 0 0 1 0 0 1
92 92 uniform 4 0 929 0 0.001 3.8691964055932191 0.0045820894088154547 3.1430126951461966e-05 0.016419910475931707 0.00053883174096152177 0.016413624450541415 0 0.0012345140715467329 1622.712680020592 OK 12 11 0.68676099999999995 0.69261799999999996 0.10975500000000001 0.57629300000000006 0.582789 0 0.1104679999999999 0.10982899999999995 0.10975500000000001 0.0083549999999999996 0.0085140000000000007 0.0082970000000000006 0.091294 0.09067299999999999 0.091105999999999965 0.0014299999999999998 0.0014320000000000001 0.001403 0.000426 0.000446 0.00040900000000000002 1622.71278231161 1622.71278231161 1622.71278231161 0.77008001308507024 0.77008001308507024 0.77008001308507024 1 1 1 Converged Converged Converged OK OK OK 37 37 37 37 37 37 3 3 3 0 0 0 0 0 1 0 0
92 92 uniform 4 7 929 1 0.001 3.8691964055932191 0.0045820894088154547 3.1430126951461966e-05 0.016419910475931707 0.00053883174096152177 0.016417450726865939 0 0.0012306877952222087 1642.8306788789314 OK 12 11 0.68343900000000002 0.53996500000000003 0.10899499999999999 0.57773600000000003 0.43438399999999999 0 0.10570299999999999 0.10558100000000004 0.10899499999999999 0.0080160000000000006 0.0081030000000000008 0.01137 0.088350000000000012 0.088267999999999999 0.088704000000000005 0.0014940000000000001 0.0014839999999999999 0.001456 0.00042400000000000001 0.00041599999999999997 0.00040899999999999997 1642.8308346791296 1642.8308346791296 1642.8308346791296 0.69276831915026649 0.69276831915026649 0.69276831915026649 1 1 1 Converged Converged Converged OK OK OK 37 37 37 37 37 37 3 3 3 0 0 0 0 1 0 0 1
92 92 uniform 4 15 929 2 0.001 3.8691964055932191 0.0045820894088154547 3.1430126951461966e-05 0.016419910475931707 0.00053883174096152177 0.016421823614093969 0 0.001226314907994179 1667.0056170825746 OK 12 11 0.60993399999999998 0.47079500000000002 0.11169900000000001 0.50143800000000005 0.36177100000000001 0 0.10849599999999993 0.10902400000000001 0.11169900000000001 0.0076709999999999999 0.0077710000000000001 0.0072769999999999996 0.091525999999999968 0.092006000000000004 0.095614999999999992 0.001397 0.001449 0.0013969999999999998 0.000435 0.00045299999999999995 0.00042700000000000002 1667.0058452036428 1667.0058452036428 1667.0058452036428 0.73211399308834857 0.73211399308834857 0.73211399308834857 1 1 1 Converged Converged Converged OK OK OK 37 37 37 37 37 37 3 3 3 0 0 0 0 1 0 0 1
92 92 uniform 4 23 929 3 0.001 3.8691964055932191 0.0045820894088154547 3.1430126951461966e-05 0.016419910475931707 0.00053883174096152177 0.016426196501321998 0 0.0012219420207661494 1692.5636165758501 OK 12 11 0.564863 0.425848 0.11533400000000001 0.44899899999999998 0.30920399999999998 0 0.11586400000000002 0.11664400000000003 0.11533400000000001 0.0079360000000000003 0.0079760000000000005 0.0075449999999999996 0.098713999999999996 0.099586000000000022 0.09909900000000002 0.0014 0.0014360000000000002 0.0013640000000000002 0.00041800000000000002 0.00045300000000000001 0.00042299999999999998 1692.5652675204317 1692.5652675204317 1692.5652675204317 1.0789177321698069 1.0789177321698069 1.0789177321698069 1 1 1 Converged Converged Converged OK OK OK 37 37 37 37 37 37 3 3 3 0 0 0 0 1 0 0 1
92 92 uniform 4 0 929 0 0.0001 3.8691964055932191 0.0045820894088154547 3.1430126951461966e-05 0.016419910475931707 0.00053883174096152177 0.016413624450541415 0 0.0012345140715467329 1622.712680020592 OK 12 11 0.75492400000000004 0.75272899999999998 0.171482 0.58238599999999996 0.57665500000000003 0 0.17253800000000008 0.17607399999999995 0.171482 0.0083199999999999993 0.012194 0.0081510000000000003 0.14521599999999993 0.14522400000000002 0.14487700000000001 0.002575 0.002637 0.0026319999999999998 0.00064300000000000002 0.00066799999999999997 0.00070299999999999996 1622.7127742387984 1622.7127742387984 1622.7127742387984 0.023082234246785859 0.023082234246785859 0.023082234246785859 1 1 1 Converged Converged Converged OK OK OK 61 61 61 61 61 61 3 3 3 0 0 0 0 0 1 0 0
92 92 uniform 4 7 929 1 0.0001 3.8691964055932191 0.0045820894088154547 3.1430126951461966e-05 0.016419910475931707 0.00053883174096152177 0.016417450726865939 0 0.0012306877952222087 1642.8306788789314 OK 12 11 0.74529500000000004 0.59872300000000001 0.17161499999999999 0.57317600000000002 0.43079899999999999 0 0.17211900000000002 0.16792400000000002 0.17161499999999999 0.0079679999999999994 0.0080450000000000001 0.0075810000000000001 0.14812399999999995 0.14414300000000002 0.14874200000000007 0.0026180000000000001 0.0026340000000000001 0.0025959999999999998 0.00067600000000000006 0.00065700000000000003 0.00068000000000000005 1642.8308329080328 1642.8308329080328 1642.8308329080328 0.054160425798073564 0.054160425798073564 0.054160425798073564 1 1 1 Converged Converged Converged OK OK OK 61 61 61 61 61 61 3 3 3 0 0 0 0 1 0 0 1
92 92 uniform 4 15 929 2 0.0001 3.8691964055932191 0.0045820894088154547 3.1430126951461966e-05 0.016419910475931707 0.00053883174096152177 0.016421823614093969 0 0.001226314907994179 1667.0056170825746 OK 12 11 0.68578099999999997 0.546821 0.19137299999999999 0.49560799999999999 0.35671399999999998 0 0.19017299999999998 0.19010700000000003 0.19137299999999999 0.007639 0.0078490000000000001 0.0072880000000000002 0.16415899999999997 0.16406499999999999 0.16626299999999999 0.0031030000000000003 0.003163 0.003078 0.000669 0.00066900000000000011 0.00068599999999999998 1667.00571679311 1667.00571679311 1667.00571679311 0.042205894420509586 0.042205894420509586 0.042205894420509586 1 1 1 Converged Converged Converged OK OK OK 69 69 69 69 69 69 3 3 3 0 0 0 0 1 0 0 1
92 92 uniform 4 23 929 3 0.0001 3.8691964055932191 0.0045820894088154547 3.1430126951461966e-05 0.016419910475931707 0.00053883174096152177 0.016426196501321998 0 0.0012219420207661494 1692.5636165758501 OK 12 11 0.64799099999999998 0.50161299999999998 0.20020099999999999 0.45272400000000002 0.30774099999999999 0 0.19526699999999997 0.19387199999999999 0.20020099999999999 0.0080000000000000002 0.0080059999999999992 0.0087200000000000003 0.16985699999999995 0.16902699999999998 0.17343799999999995 0.003156 0.0030059999999999996 0.0030859999999999998 0.00067000000000000002 0.00065499999999999998 0.00067100000000000005 1692.5636485788218 1692.5636485788218 1692.5636485788218 0.010803547925207475 0.010803547925207475 0.010803547925207475 1 1 1 Converged Converged Converged OK OK OK 69 69 69 69 69 69 3 3 3 0 0 0 0 1 0 0 1
93 93 linear 0 0 930 0 0.001 0.32943996477599613 0.0041261391215020593 0.0088867766223649398 2.6820237264164368 -0.36941654482816288 2.6802463710919637 0.5 -2.6788926416411623 1.275411574279381 OK 12 11 0.46776600000000002 0.46560499999999999 0.118895 0.34256500000000001 0.34570499999999998 0 0.12520100000000001 0.11990000000000001 0.118895 0.0068510000000000003 0.0068900000000000003 0.0066350000000000003 0.096113000000000032 0.091060999999999989 0.090374000000000038 0.0030660000000000001 0.003026 0.0031229999999999999 0.00075299999999999998 0.00076600000000000008 0.00080800000000000002 1.2754123015883874 1.2754123015883874 1.2754123015883874 0.00024871937939308287 0.00024871937939308287 0.00024871937939308287 1 1 1 Converged Converged Converged OK OK OK 74 74 74 74 74 74 6 6 6 0 0 0 0 0 1 0 0
93 93 linear 0 7 930 1 0.001 0.32943996477599613 0.0041261391215020593 0.0088867766223649398 2.6820237264164368 -0.36941654482816288 2.6813282395503388 0.5 -2.6799745100995374 1.2829785063312173 OK 12 11 0.47538999999999998 0.38117899999999999 0.12014900000000001 0.35003499999999999 0.21424699999999999 0 0.12535499999999999 0.166932 0.12014900000000001 0.0061120000000000002 0.0060350000000000004 0.0055100000000000001 0.10050199999999999 0.14291599999999999 0.097610999999999948 0.0036049999999999997 0.0032890000000000003 0.002947 0.00069000000000000008 0.00066200000000000005 0.00065200000000000002 1.2829769304090393 1.2829769304090393 1.2829769304090393 0.00059297574728963331 0.00059297574728963331 0.00059297574728963331 1 1 1 Converged Converged Converged OK OK OK 74 74 74 74 74 74 6 6 6 0 0 0 0 1 0 0 1
93 93 linear 0 15 930 2 0.001 0.32943996477599613 0.0041261391215020593 0.0088867766223649398 2.6820237264164368 -0.36941654482816288 2.6825646606456242 0.5 -2.6812109311948227 1.2881269397606046 OK 12 11 0.45212400000000003 0.37298900000000001 0.11899999999999999 0.328515 0.186838 0 0.12360900000000002 0.18615100000000001 0.11899999999999999 0.0060759999999999998 0.0059890000000000004 0.0055149999999999999 0.099196999999999966 0.16179800000000005 0.096381000000000022 0.0033400000000000001 0.0033660000000000001 0.0029989999999999999 0.000678 0.00066399999999999999 0.00064199999999999999 1.2881575490441874 1.2881575490441874 1.2881575490441874 0.0012801317940963053 0.0012801317940963053 0.0012801317940963053 1 1 1 Converged Converged Converged OK OK OK 74 74 74 74 74 74 6 6 6 0 0 0 0 1 0 0 1
93 93 linear 0 23 930 3 0.001 0.32943996477599613 0.0041261391215020593 0.0088867766223649398 2.6820237264164368 -0.36941654482816288 2.6838010817409099 0.5 -2.6824473522901084 1.289652933467557 OK 12 12 0.60254700000000005 0.503996 0.13270499999999999 0.46479700000000002 0.32510099999999997 0 0.13775000000000004 0.17889500000000003 0.13270499999999999 0.0064489999999999999 0.0069119999999999997 0.0060130000000000001 0.11095600000000004 0.15169800000000006 0.10777999999999996 0.0035100000000000001 0.0033959999999999997 0.0031169999999999995 0.00085700000000000001 0.00084599999999999996 0.00081400000000000005 1.2896511973405234 1.2896511973405234 1.2896511973405234 5.9287436902428464e-05 5.9287436902428464e-05 5.9287436902428464e-05 1 1 1 Converged Converged Converged OK OK OK 75 75 75 75 75 75 5 5 5 0 0 0 0 1 0 0 1
93 93 linear 0 0 930 0 0.0001 0.32943996477599613 0.0041261391215020593 0.0088867766223649398 2.6820237264164368 -0.36941654482816288 2.6802463710919637 0.5 -2.6788926416411623 1.275411574279381 OK 12 11 0.48172799999999999 0.48212500000000003 0.131637 0.34738000000000002 0.3503 0 0.13434799999999997 0.13182500000000003 0.131637 0.0067920000000000003 0.0067419999999999997 0.0066210000000000001 0.10279400000000001 0.10069199999999998 0.10055 0.0033630000000000001 0.0033790000000000001 0.0034859999999999999 0.00087799999999999998 0.00087600000000000004 0.00091799999999999998 1.2754143850921937 1.2754143850921937 1.2754143850921937 5.901783455145938e-05 5.901783455145938e-05 5.901783455145938e-05 1 1 1 Converged Converged Converged OK OK OK 82 82 82 82 82 82 6 6 6 0 0 0 0 0 1 0 0
93 93 linear 0 7 930 1 0.0001 0.32943996477599613 0.0041261391215020593 0.0088867766223649398 2.6820237264164368 -0.36941654482816288 2.6813282395503388 0.5 -2.6799745100995374 1.2829785063312173 OK 12 11 0.48823499999999997 0.39295400000000003 0.130189 0.35381200000000002 0.210842 0 0.13442299999999996 0.18211200000000002 0.130189 0.0060689999999999997 0.0058069999999999997 0.0055189999999999996 0.108587 0.15681699999999998 0.10574899999999997 0.0033540000000000002 0.0033969999999999998 0.0033669999999999998 0.000803 0.00082499999999999989 0.00081000000000000006 1.2829803767589512 1.2829803767589512 1.2829803767589512 6.1453443309558722e-05 6.1453443309558722e-05 6.1453443309558722e-05 1 1 1 Converged Converged Converged OK OK OK 82 82 82 82 82 82 6 6 6 0 0 0 0 1 0 0 1
93 93 linear 0 15 930 2 0.0001 0.32943996477599613 0.0041261391215020593 0.0088867766223649398 2.6820237264164368 -0.36941654482816288 2.6825646606456242 0.5 -2.6812109311948227 1.2881269397606046 OK 12 11 0.46547500000000003 0.38310100000000002 0.13317999999999999 0.328407 0.18493399999999999 0 0.13706800000000002 0.19816700000000004 0.13317999999999999 0.005868 0.0058659999999999997 0.0055719999999999997 0.11177200000000001 0.17262899999999992 0.10875299999999997 0.00331 0.0034399999999999999 0.0034330000000000003 0.00076800000000000002 0.00081700000000000002 0.00079999999999999993 1.2881302241496129 1.2881302241496129 1.2881302241496129 0.00010746391510949687 0.00010746391510949687 0.00010746391510949687 1 1 1 Converged Converged Converged OK OK OK 82 82 82 82 82 82 6 6 6 0 0 0 0 1 0 0 1
93 93 linear 0 23 930 3 0.0001 0.32943996477599613 0.0041261391215020593 0.0088867766223649398 2.6820237264164368 -0.36941654482816288 2.6838010817409099 0.5 -2.6824473522901084 1.289652933467557 OK 12 12 0.60238700000000001 0.49753700000000001 0.13101299999999999 0.46702100000000002 0.325235 0 0.13536599999999999 0.17230200000000001 0.13101299999999999 0.00613 0.0064609999999999997 0.0058240000000000002 0.11057600000000004 0.14756600000000003 0.10758900000000003 0.003284 0.0032940000000000001 0.0030119999999999999 0.00083700000000000007 0.00080599999999999997 0.0007899999999999999 1.2896511973405234 1.2896511973405234 1.2896511973405234 5.9287436902428464e-05 5.9287436902428464e-05 5.9287436902428464e-05 1 1 1 Converged Converged Converged OK OK OK 75 75 75 75 75 75 5 5 5 0 0 0 0 1 0 0 1
93 93 linear 1 0 931 0 0.001 0.32943996477599613 0.0041261391215020593 0.0088867766223649398 2.6886238153081385 0.37228058423225513 2.6868464599836654 0.5 -2.685492730532864 1.2500600367610148 OK 12 11 0.46953400000000001 0.46804099999999998 0.121528 0.34507599999999999 0.34545700000000001 0 0.12445800000000001 0.12258399999999997 0.121528 0.0067330000000000003 0.0068300000000000001 0.0065560000000000002 0.096075999999999981 0.093934000000000073 0.093508000000000008 0.0029230000000000003 0.0031029999999999999 0.003016 0.00070399999999999998 0.00079900000000000001 0.00069700000000000014 1.2500609749642526 1.2500609749642526 1.2500609749642526 0.00031369211472528604 0.00031369211472528604 0.00031369211472528604 1 1 1 Converged Converged Converged OK OK OK 74 74 74 74 74 74 6 6 6 0 0 0 0 0 1 0 0
93 93 linear 1 7 931 1 0.001 0.32943996477599613 0.0041261391215020593 0.0088867766223649398 2.6886238153081385 0.37228058423225513 2.6879283284420405 0.5 -2.6865745989912391 1.2401429283849146 OK 12 11 0.45071899999999998 0.35082799999999997 0.117077 0.33009899999999998 0.18759100000000001 0 0.12062 0.16323699999999997 0.117077 0.0058890000000000001 0.005934 0.00547 0.096789000000000042 0.13972099999999998 0.094384999999999983 0.0030460000000000001 0.0030189999999999995 0.0029569999999999996 0.00074800000000000008 0.00070700000000000005 0.00073899999999999997 1.2401443265619609 1.2401443265619609 1.2401443265619609 0.00022566159402204162 0.00022566159402204162 0.00022566159402204162 1 1 1 Converged Converged Converged OK OK OK 74 74 74 74 74 74 6 6 6 0 0 0 0 1 0 0 1
93 93 linear 1 15 931 2 0.001 0.32943996477599613 0.0041261391215020593 0.0088867766223649398 2.6886238153081385 0.37228058423225513 2.6891647495373259 0.5 -2.6878110200865244 1.2246360148121038 OK 12 11 0.47852899999999998 0.37646600000000002 0.11615499999999999 0.35838199999999998 0.219331 0 0.120147 0.15713500000000002 0.11615499999999999 0.0058589999999999996 0.0058450000000000004 0.0054450000000000002 0.096400000000000055 0.13370699999999996 0.093862000000000015 0.0030760000000000002 0.0030070000000000001 0.0027960000000000003 0.000794 0.00076599999999999997 0.00072300000000000001 1.2246367772909728 1.2246367772909728 1.2246367772909728 0.00037104641947985638 0.00037104641947985638 0.00037104641947985638 1 1 1 Converged Converged Converged OK OK OK 74 74 74 74 74 74 6 6 6 0 0 0 0 1 0 0 1
93 93 linear 1 23 931 3 0.001 0.32943996477599613 0.0041261391215020593 0.0088867766223649398 2.6886238153081385 0.37228058423225513 2.6904011706326116 0.5 -2.6890474411818102 1.2037598836463759 OK 12 11 0.467138 0.37290200000000001 0.130741 0.33202100000000001 0.192829 0 0.13511699999999999 0.18007300000000001 0.130741 0.0057850000000000002 0.005862 0.0054520000000000002 0.10825700000000002 0.15289500000000009 0.105434 0.0035559999999999997 0.0036240000000000001 0.0032649999999999997 0.00090400000000000007 0.001 0.00084500000000000005 1.2037611957791872 1.2037611957791872 1.2037611957791872 0.00030322421283221496 0.00030322421283221496 0.00030322421283221496 1 1 1 Converged Converged Converged OK OK OK 82 82 82 82 82 82 6 6 6 0 0 0 0 1 0 0 1
93 93 linear 1 0 931 0 0.0001 0.32943996477599613 0.0041261391215020593 0.0088867766223649398 2.6886238153081385 0.37228058423225513 2.6868464599836654 0.5 -2.685492730532864 1.2500600367610148 OK 12 11 0.48136699999999999 0.490869 0.133993 0.34494399999999997 0.35229100000000002 0 0.13642300000000002 0.13857799999999998 0.133993 0.0068120000000000003 0.0069459999999999999 0.0065490000000000001 0.10513799999999995 0.10664799999999998 0.10261799999999996 0.0033030000000000004 0.003372 0.0035620000000000001 0.00084399999999999992 0.00092999999999999984 0.00089499999999999996 1.2500605123566197 1.2500605123566197 1.2500605123566197 5.6142169927276865e-05 5.6142169927276865e-05 5.6142169927276865e-05 1 1 1 Converged Converged Converged OK OK OK 82 82 82 82 82 82 6 6 6 0 0 0 0 0 1 0 0
93 93 linear 1 7 931 1 0.0001 0.32943996477599613 0.0041261391215020593 0.0088867766223649398 2.6886238153081385 0.37228058423225513 2.6879283284420405 0.5 -2.6865745989912391 1.2401429283849146 OK 12 11 0.46368999999999999 0.36700899999999997 0.128002 0.33088499999999998 0.188498 0 0.13280500000000001 0.17851099999999998 0.128002 0.0060910000000000001 0.0059170000000000004 0.0055799999999999999 0.10656599999999997 0.15324700000000002 0.10358099999999996 0.003718 0.0033130000000000004 0.0034099999999999998 0.00092500000000000004 0.00084599999999999996 0.00087500000000000002 1.2401441178947723 1.2401441178947723 1.2401441178947723 9.5750285554691041e-05 9.5750285554691041e-05 9.5750285554691041e-05 1 1 1 Converged Converged Converged OK OK OK 82 82 82 82 82 82 6 6 6 0 0 0 0 1 0 0 1
93 93 linear 1 15 931 2 0.0001 0.32943996477599613 0.0041261391215020593 0.0088867766223649398 2.6886238153081385 0.37228058423225513 2.6891647495373259 0.5 -2.6878110200865244 1.2246360148121038 OK 12 11 0.51123099999999999 0.42209600000000003 0.15095500000000001 0.35391400000000001 0.221165 0 0.15731699999999998 0.20093100000000003 0.15095500000000001 0.0059420000000000002 0.0058580000000000004 0.0054770000000000001 0.12623299999999998 0.17138300000000001 0.12249300000000002 0.0047559999999999998 0.0040660000000000002 0.0040000000000000001 0.0010689999999999999 0.00097199999999999999 0.00094200000000000002 1.2246367275698258 1.2246367275698258 1.2246367275698258 5.9284916678152138e-05 5.9284916678152138e-05 5.9284916678152138e-05 1 1 1 Converged Converged Converged OK OK OK 98 98 98 98 98 98 6 6 6 0 0 0 0 1 0 0 1
93 93 linear 1 23 931 3 0.0001 0.32943996477599613 0.0041261391215020593 0.0088867766223649398 2.6886238153081385 0.37228058423225513 2.6904011706326116 0.5 -2.6890474411818102 1.2037598836463759 OK 12 11 0.50275000000000003 0.39475100000000002 0.15293599999999999 0.34323999999999999 0.18865199999999999 0 0.15951000000000004 0.20609900000000003 0.15293599999999999 0.005816 0.0058950000000000001 0.0055069999999999997 0.13043000000000005 0.17716500000000004 0.12552300000000002 0.0043769999999999998 0.004535 0.0040130000000000001 0.001011 0.0010390000000000002 0.00093000000000000005 1.2037612030691258 1.2037612030691258 1.2037612030691258 1.2399674282324463e-05 1.2399674282324463e-05 1.2399674282324463e-05 1 1 1 Converged Converged Converged OK OK OK 98 98 98 98 98 98 6 6 6 0 0 0 0 1 0 0 1
93 93 linear 2 0 932 0 0.001 0.32943996477599613 0.0041261391215020593 0.0088867766223649398 2.6922320146854628 -0.36250142889407483 2.6904546593609897 0.5 -2.6891009299101882 1.194932016495944 OK 13 12 1.0240899999999999 0.98429599999999995 0.23008899999999999 0.80186000000000002 0.74497000000000002 0 0.22222999999999993 0.23932599999999993 0.23008899999999999 0.0094870000000000006 0.0097129999999999994 0.010655 0.18127899999999991 0.195328 0.18754899999999999 0.0043149999999999994 0.0047889999999999999 0.0044200000000000003 0.00094700000000000003 0.001191 0.00098400000000000007 1.19491226352417 1.19491226352417 1.19491226352417 0.00049745351842795879 0.00049745351842795879 0.00049745351842795879 1 1 1 Converged Converged Converged OK OK OK 89 89 89 89 89 89 7 7 7 0 0 0 0 0 1 0 0
93 93 linear 2 7 932 1 0.001 0.32943996477599613 0.0041261391215020593 0.0088867766223649398 2.6922320146854628 -0.36250142889407483 2.6915365278193648 0.5 -2.6901827983685633 1.1703508019378912 OK 13 12 0.77779299999999996 0.67341300000000004 0.15390499999999999 0.62464200000000003 0.48816700000000002 0 0.15315099999999993 0.18524600000000002 0.15390499999999999 0.0089870000000000002 0.0090060000000000001 0.0098560000000000002 0.12233699999999997 0.155025 0.122557 0.0039509999999999997 0.0036770000000000001 0.0037939999999999996 0.00082599999999999991 0.00083200000000000006 0.000883 1.170350713314591 1.170350713314591 1.170350713314591 0.00064755716893504379 0.00064755716893504379 0.00064755716893504379 1 1 1 Converged Converged Converged OK OK OK 81 81 81 81 81 81 7 7 7 0 0 0 0 1 0 0 1
93 93 linear 2 15 932 2 0.001 0.32943996477599613 0.0041261391215020593 0.0088867766223649398 2.6922320146854628 -0.36250142889407483 2.6927729489146501 0.5 -2.6914192194638487 1.1527551116986809 OK 13 12 0.76382000000000005 0.70533999999999997 0.14410600000000001 0.62301399999999996 0.51263599999999998 0 0.1408060000000001 0.19270399999999999 0.14410600000000001 0.0089949999999999995 0.0098289999999999992 0.0093240000000000007 0.109349 0.16055500000000003 0.11319899999999995 0.0038909999999999999 0.0039269999999999999 0.0038450000000000003 0.00086399999999999997 0.00091299999999999997 0.00074700000000000005 1.1527548293977961 1.1527548293977961 1.1527548293977961 0.00072656227933935475 0.00072656227933935475 0.00072656227933935475 1 1 1 Converged Converged Converged OK OK OK 81 81 81 81 81 81 7 7 7 0 0 0 0 1 0 0 1
93 93 linear 2 23 932 3 0.001 0.32943996477599613 0.0041261391215020593 0.0088867766223649398 2.6922320146854628 -0.36250142889407483 2.6940093700099359 0.5 -2.6926556405591344 1.1389993780192316 OK 13 12 0.56509799999999999 0.499498 0.135578 0.42973099999999997 0.30684699999999998 0 0.13536700000000002 0.19265100000000002 0.135578 0.0084740000000000006 0.0093650000000000001 0.0091109999999999993 0.10659600000000001 0.16233100000000003 0.10679600000000002 0.0035329999999999997 0.0036379999999999997 0.0033939999999999999 0.00080999999999999996 0.00076899999999999994 0.00072799999999999991 1.1389996345421387 1.1389996345421387 1.1389996345421387 0.00071076667981458445 0.00071076667981458445 0.00071076667981458445 1 1 1 Converged Converged Converged OK OK OK 74 74 74 74 74 74 6 6 6 0 0 0 0 1 0 0 1
93 93 linear 2 0 932 0 0.0001 0.32943996477599613 0.0041261391215020593 0.0088867766223649398 2.6922320146854628 -0.36250142889407483 2.6904546593609897 0.5 -2.6891009299101882 1.194932016495944 OK 13 12 1.0166219999999999 0.992066 0.251002 0.75010500000000002 0.74299300000000001 0 0.26651699999999989 0.24907299999999999 0.251002 0.0096249999999999999 0.0096790000000000001 0.0093950000000000006 0.21570499999999998 0.2009460000000001 0.20336900000000002 0.0057390000000000002 0.0056560000000000013 0.0053969999999999999 0.0013700000000000003 0.001403 0.0013770000000000002 1.1949310323489364 1.1949310323489364 1.1949310323489364 0.00010119590414061554 0.00010119590414061554 0.00010119590414061554 1 1 1 Converged Converged Converged OK OK OK 105 105 105 105 105 105 7 7 7 0 0 0 0 0 1 0 0
93 93 linear 2 7 932 1 0.0001 0.32943996477599613 0.0041261391215020593 0.0088867766223649398 2.6922320146854628 -0.36250142889407483 2.6915365278193648 0.5 -2.6901827983685633 1.1703508019378912 OK 13 12 0.83394199999999996 0.72615300000000005 0.18726799999999999 0.63773999999999997 0.49035200000000001 0 0.19620199999999999 0.23580100000000004 0.18726799999999999 0.0090720000000000002 0.010070000000000001 0.0092449999999999997 0.15966800000000003 0.20013700000000012 0.15287400000000004 0.0047729999999999995 0.0045850000000000005 0.0045620000000000001 0.0012280000000000001 0.0011600000000000002 0.0011380000000000001 1.1703496214273674 1.1703496214273674 1.1703496214273674 7.4353156995253994e-05 7.4353156995253994e-05 7.4353156995253994e-05 1 1 1 Converged Converged Converged OK OK OK 97 97 97 97 97 97 7 7 7 0 0 0 0 1 0 0 1
93 93 linear 2 15 932 2 0.0001 0.32943996477599613 0.0041261391215020593 0.0088867766223649398 2.6922320146854628 -0.36250142889407483 2.6927729489146501 0.5 -2.6914192194638487 1.1527551116986809 OK 13 12 0.80730800000000003 0.73496700000000004 0.167078 0.63663400000000003 0.50841000000000003 0 0.17067399999999999 0.22655700000000001 0.167078 0.00877 0.0087709999999999993 0.0090069999999999994 0.13414999999999999 0.19155299999999997 0.13139900000000004 0.0053530000000000001 0.0045909999999999996 0.0047499999999999999 0.001237 0.001072 0.001054 1.1527545832578054 1.1527545832578054 1.1527545832578054 7.1862998215632397e-05 7.1862998215632397e-05 7.1862998215632397e-05 1 1 1 Converged Converged Converged OK OK OK 97 97 97 97 97 97 7 7 7 0 0 0 0 1 0 0 1
93 93 linear 2 23 932 3 0.0001 0.32943996477599613 0.0041261391215020593 0.0088867766223649398 2.6922320146854628 -0.36250142889407483 2.6940093700099359 0.5 -2.6926556405591344 1.1389993780192316 OK 13 12 0.57621199999999995 0.49630299999999999 0.13666500000000001 0.43493999999999999 0.28447299999999998 0 0.14127199999999995 0.21183000000000002 0.13666500000000001 0.0084609999999999998 0.0093670000000000003 0.0079380000000000006 0.11097300000000004 0.17955800000000005 0.10785099999999996 0.0039150000000000001 0.0041180000000000001 0.0037200000000000002 0.00093800000000000003 0.00093999999999999997 0.00083100000000000003 1.1389993255139874 1.1389993255139874 1.1389993255139874 0.00010074952228556727 0.00010074952228556727 0.00010074952228556727 1 1 1 Converged Converged Converged OK OK OK 82 82 82 82 82 82 6 6 6 0 0 0 0 1 0 0 1
93 93 linear 3 0 933 0 0.001 0.32943996477599613 0.0041261391215020593 0.0088867766223649398 0.0018728388208700203 0.011606772833936779 9.5483496397032359e-05 0.5 0.0012582459544045834 94.191371303958562 OK 13 12 0.39099 0.39152399999999998 0.085892999999999997 0.30119400000000002 0.30392000000000002 0 0.089795999999999987 0.08760399999999996 0.085892999999999997 0.010170999999999999 0.010382000000000001 0.0097450000000000002 0.063741000000000006 0.061501000000000021 0.060933999999999995 0.0023100000000000004 0.0024269999999999995 0.0022729999999999998 0.00047100000000000001 0.00047199999999999998 0.00046200000000000001 94.191270045377465 94.191270045377465 94.191270045377465 0.076402823631816524 0.076402823631816524 0.076402823631816524 1 1 1 Converged Converged Converged OK OK OK 44 44 44 44 44 44 4 4 4 0 0 0 0 0 1 0 0
93 93 linear 3 7 933 1 0.001 0.32943996477599613 0.0041261391215020593 0.0088867766223649398 0.0018728388208700203 0.011606772833936779 0.0011773519547718947 0.5 0.00017637749602972112 94.086646442468592 OK 12 11 0.38559500000000002 0.29135899999999998 0.092525999999999997 0.28980600000000001 0.164691 0 0.095789000000000013 0.12666799999999998 0.092525999999999997 0.0090650000000000001 0.0091920000000000005 0.0085590000000000006 0.069532999999999998 0.10046300000000001 0.067306000000000005 0.0028089999999999999 0.002856 0.0027910000000000001 0.00060400000000000004 0.00063000000000000003 0.00058399999999999999 94.086576777398392 94.086576777398392 94.086576777398392 0.056613094892069726 0.056613094892069726 0.056613094892069726 1 1 1 Converged Converged Converged OK OK OK 52 52 52 52 52 52 4 4 4 0 0 0 0 1 0 0 1
93 93 linear 3 15 933 2 0.001 0.32943996477599613 0.0041261391215020593 0.0088867766223649398 0.0018728388208700203 0.011606772833936779 0.0024137730500574514 0.5 -0.0010600435992558356 92.718070347592686 OK 12 11 0.374471 0.265316 0.088626999999999997 0.28160299999999999 0.15314800000000001 0 0.092868000000000006 0.11216799999999999 0.088626999999999997 0.0092440000000000005 0.0090880000000000006 0.0084489999999999999 0.066843999999999987 0.086909 0.064286999999999997 0.0029789999999999999 0.0027270000000000003 0.0027569999999999999 0.00064700000000000001 0.00065700000000000014 0.00058 92.718004661350136 92.718004661350136 92.718004661350136 0.041610249976732336 0.041610249976732336 0.041610249976732336 1 1 1 Converged Converged Converged OK OK OK 52 52 52 52 52 52 4 4 4 0 0 0 0 1 0 0 1
93 93 linear 3 23 933 3 0.001 0.32943996477599613 0.0041261391215020593 0.0088867766223649398 0.0018728388208700203 0.011606772833936779 0.0036501941453430083 0.5 -0.0022964646945413925 90.192171048613702 OK 11 10 0.37038500000000002 0.261932 0.086430000000000007 0.27972900000000001 0.157416 0 0.090656000000000014 0.104516 0.086430000000000007 0.0090539999999999995 0.0089169999999999996 0.0085550000000000001 0.064926999999999999 0.079589999999999966 0.062027999999999986 0.003006 0.0027629999999999998 0.0027010000000000003 0.00058399999999999999 0.00062199999999999994 0.00058 90.192109182005922 90.192109182005922 90.192109182005922 0.031951863019239621 0.031951863019239621 0.031951863019239621 1 1 1 Converged Converged Converged OK OK OK 52 52 52 52 52 52 4 4 4 0 0 0 0 1 0 0 1
93 93 linear 3 0 933 0 0.0001 0.32943996477599613 0.0041261391215020593 0.0088867766223649398 0.0018728388208700203 0.011606772833936779 9.5483496397032359e-05 0.5 0.0012582459544045834 94.191371303958562 OK 13 12 0.42609599999999997 0.424317 0.12056500000000001 0.30063299999999998 0.30251600000000001 0 0.12546299999999999 0.12180099999999999 0.12056500000000001 0.010749 0.01055 0.010319 0.092338999999999991 0.089177999999999993 0.088383000000000003 0.00363 0.0037320000000000001 0.0035230000000000001 0.00061900000000000008 0.00061800000000000006 0.00067699999999999998 94.19128550738121 94.19128550738121 94.19128550738121 0.0048980836051090212 0.0048980836051090212 0.0048980836051090212 1 1 1 Converged Converged Converged OK OK OK 60 60 60 60 60 60 4 4 4 0 0 0 0 0 1 0 0
93 93 linear 3 7 933 1 0.0001 0.32943996477599613 0.0041261391215020593 0.0088867766223649398 0.0018728388208700203 0.011606772833936779 0.0011773519547718947 0.5 0.00017637749602972112 94.086646442468592 OK 12 11 0.41876400000000003 0.33045999999999998 0.12474300000000001 0.28939700000000002 0.16545499999999999 0 0.12936700000000001 0.16500499999999999 0.12474300000000001 0.0092350000000000002 0.0091669999999999998 0.0086569999999999998 0.097379999999999994 0.13369400000000004 0.093957999999999986 0.0039290000000000002 0.0038320000000000003 0.0039849999999999998 0.00076100000000000007 0.00075799999999999999 0.000754 94.086568047802984 94.086568047802984 94.086568047802984 0.00079549123408920858 0.00079549123408920858 0.00079549123408920858 1 1 1 Converged Converged Converged OK OK OK 68 68 68 68 68 68 4 4 4 0 0 0 0 1 0 0 1
93 93 linear 3 15 933 2 0.0001 0.32943996477599613 0.0041261391215020593 0.0088867766223649398 0.0018728388208700203 0.011606772833936779 0.0024137730500574514 0.5 -0.0010600435992558356 92.718070347592686 OK 12 11 0.40338600000000002 0.31421900000000003 0.120548 0.27771099999999999 0.155279 0 0.12567500000000004 0.15894000000000003 0.120548 0.0091269999999999997 0.0090959999999999999 0.0084250000000000002 0.094952000000000036 0.12837099999999999 0.091060999999999989 0.0038600000000000006 0.0038419999999999999 0.0038589999999999996 0.00076000000000000004 0.00072599999999999997 0.00074399999999999998 92.717999437335806 92.717999437335806 92.717999437335806 0.0048433240880211871 0.0048433240880211871 0.0048433240880211871 1 1 1 Converged Converged Converged OK OK OK 68 68 68 68 68 68 4 4 4 0 0 0 0 1 0 0 1
93 93 linear 3 23 933 3 0.0001 0.32943996477599613 0.0041261391215020593 0.0088867766223649398 0.0018728388208700203 0.011606772833936779 0.0036501941453430083 0.5 -0.0022964646945413925 90.192171048613702 OK 11 10 0.42680200000000001 0.33132600000000001 0.13980000000000001 0.28229599999999999 0.154978 0 0.14450600000000002 0.176348 0.13980000000000001 0.0089180000000000006 0.0090939999999999997 0.0085290000000000001 0.10846499999999995 0.13912099999999997 0.10445800000000001 0.0045370000000000002 0.0048349999999999999 0.0045989999999999998 0.00084600000000000007 0.00089600000000000009 0.0008299999999999999 90.192108300540212 90.192108300540212 90.192108300540212 0.0049116606712117511 0.0049116606712117511 0.0049116606712117511 1 1 1 Converged Converged Converged OK OK OK 84 84 84 84 84 84 4 4 4 0 0 0 0 1 0 0 1
93 93 linear 4 0 934 0 0.001 0.32943996477599613 0.0041261391215020593 0.0088867766223649398 2.6775192795739806 -0.38172872643027173 2.6757419242495075 0.5 -2.674388194798706 1.0894228521342986 OK 13 12 0.46499499999999999 0.46474900000000002 0.10480100000000001 0.35862100000000002 0.35493200000000003 0 0.10637399999999997 0.109817 0.10480100000000001 0.0089169999999999996 0.0090360000000000006 0.0087980000000000003 0.075422999999999948 0.078439000000000009 0.074088000000000015 0.0032480000000000005 0.0032950000000000002 0.0033059999999999999 0.00073300000000000004 0.00076600000000000008 0.00072599999999999997 1.0894222376048748 1.0894222376048748 1.0894222376048748 0.00013553437880687295 0.00013553437880687295 0.00013553437880687295 1 1 1 Converged Converged Converged OK OK OK 61 61 61 61 61 61 3 3 3 0 0 0 0 0 1 0 0
93 93 linear 4 7 934 1 0.001 0.32943996477599613 0.0041261391215020593 0.0088867766223649398 2.6775192795739806 -0.38172872643027173 2.6768237927078826 0.5 -2.6754700632570811 1.0919448654498272 OK 13 12 0.42597699999999999 0.32039000000000001 0.097075999999999996 0.32395200000000002 0.162244 0 0.10202499999999998 0.15814600000000001 0.097075999999999996 0.0082559999999999995 0.008286 0.0076860000000000001 0.073518999999999987 0.130659 0.070805999999999994 0.0036769999999999997 0.0032550000000000001 0.0030990000000000002 0.000767 0.00073900000000000007 0.00073899999999999997 1.091944252603378 1.091944252603378 1.091944252603378 0.00014083814913215688 0.00014083814913215688 0.00014083814913215688 1 1 1 Converged Converged Converged OK OK OK 61 61 61 61 61 61 3 3 3 0 0 0 0 1 0 0 1
93 93 linear 4 15 934 2 0.001 0.32943996477599613 0.0041261391215020593 0.0088867766223649398 2.6775192795739806 -0.38172872643027173 2.6780602138031679 0.5 -2.6767064843523665 1.0947426299731224 OK 13 12 0.44287700000000002 0.348883 0.099794999999999995 0.34290100000000001 0.187724 0 0.099976000000000009 0.161159 0.099794999999999995 0.0082279999999999992 0.0082389999999999998 0.0076160000000000004 0.072473999999999997 0.13361600000000001 0.073487999999999984 0.0032190000000000001 0.0032359999999999997 0.0031190000000000002 0.000727 0.0007980000000000001 0.00074099999999999991 1.0947419873949895 1.0947419873949895 1.0947419873949895 0.00014690388702343462 0.00014690388702343462 0.00014690388702343462 1 1 1 Converged Converged Converged OK OK OK 61 61 61 61 61 61 3 3 3 0 0 0 0 1 0 0 1
93 93 linear 4 23 934 3 0.001 0.32943996477599613 0.0041261391215020593 0.0088867766223649398 2.6775192795739806 -0.38172872643027173 2.6792966348984537 0.5 -2.6779429054476522 1.0972934989634946 OK 13 12 0.43330200000000002 0.324743 0.093603000000000006 0.33607500000000001 0.17671500000000001 0 0.097227000000000008 0.14802799999999999 0.093603000000000006 0.0082190000000000006 0.0082730000000000008 0.0077229999999999998 0.069561999999999999 0.12054100000000002 0.067399999999999988 0.0034080000000000004 0.0033350000000000003 0.0031260000000000003 0.00073800000000000005 0.00071400000000000001 0.0006829999999999999 1.0972928410408112 1.0972928410408112 1.0972928410408112 0.00015255194995700714 0.00015255194995700714 0.00015255194995700714 1 1 1 Converged Converged Converged OK OK OK 61 61 61 61 61 61 3 3 3 0 0 0 0 1 0 0 1
93 93 linear 4 0 934 0 0.0001 0.32943996477599613 0.0041261391215020593 0.0088867766223649398 2.6775192795739806 -0.38172872643027173 2.6757419242495075 0.5 -2.674388194798706 1.0894228521342986 OK 13 12 0.487456 0.491284 0.13073599999999999 0.35405700000000001 0.35894399999999999 0 0.13339899999999999 0.13234000000000001 0.13073599999999999 0.0087939999999999997 0.0089829999999999997 0.0085710000000000005 0.096886 0.095730000000000023 0.094543000000000002 0.0040260000000000001 0.004078 0.004182 0.00081500000000000008 0.00084300000000000011 0.00079900000000000001 1.0894222377968772 1.0894222377968772 1.0894222377968772 4.8877052787834637e-05 4.8877052787834637e-05 4.8877052787834637e-05 1 1 1 Converged Converged Converged OK OK OK 77 77 77 77 77 77 3 3 3 0 0 0 0 0 1 0 0
93 93 linear 4 7 934 1 0.0001 0.32943996477599613 0.0041261391215020593 0.0088867766223649398 2.6775192795739806 -0.38172872643027173 2.6768237927078826 0.5 -2.6754700632570811 1.0919448654498272 OK 13 12 0.44563399999999997 0.34533700000000001 0.12137199999999999 0.31590600000000002 0.159276 0 0.12972799999999995 0.186061 0.12137199999999999 0.0080929999999999995 0.0081110000000000002 0.0077359999999999998 0.097599000000000005 0.15403600000000006 0.09035399999999999 0.0041000000000000003 0.0041269999999999996 0.0039500000000000004 0.00082799999999999996 0.00080900000000000015 0.00081700000000000002 1.091944252802395 1.091944252802395 1.091944252802395 5.3064633756624368e-05 5.3064633756624368e-05 5.3064633756624368e-05 1 1 1 Converged Converged Converged OK OK OK 77 77 77 77 77 77 3 3 3 0 0 0 0 1 0 0 1
93 93 linear 4 15 934 2 0.0001 0.32943996477599613 0.0041261391215020593 0.0088867766223649398 2.6775192795739806 -0.38172872643027173 2.6780602138031679 0.5 -2.6767064843523665 1.0947426299731224 OK 13 12 0.47321099999999999 0.38534000000000002 0.12071999999999999 0.34792400000000001 0.19247700000000001 0 0.12528699999999998 0.19286300000000001 0.12071999999999999 0.0082579999999999997 0.0081309999999999993 0.0075979999999999997 0.092497999999999941 0.16088999999999995 0.089962000000000028 0.004352 0.0040399999999999993 0.0039050000000000001 0.00082900000000000009 0.00083800000000000009 0.00081900000000000007 1.0947419876012616 1.0947419876012616 1.0947419876012616 5.7964259944290108e-05 5.7964259944290108e-05 5.7964259944290108e-05 1 1 1 Converged Converged Converged OK OK OK 77 77 77 77 77 77 3 3 3 0 0 0 0 1 0 0 1
93 93 linear 4 23 934 3 0.0001 0.32943996477599613 0.0041261391215020593 0.0088867766223649398 2.6775192795739806 -0.38172872643027173 2.6792966348984537 0.5 -2.6779429054476522 1.0972934989634946 OK 13 12 0.45747100000000002 0.35713 0.117823 0.33613300000000002 0.17678199999999999 0 0.121338 0.18034800000000001 0.117823 0.0082769999999999996 0.0082839999999999997 0.0076790000000000001 0.088904999999999998 0.14808499999999997 0.086660000000000015 0.0042009999999999999 0.0042230000000000002 0.0041000000000000003 0.00079600000000000005 0.00080799999999999991 0.0008119999999999999 1.0972928412533731 1.0972928412533731 1.0972928412533731 6.2594034511805107e-05 6.2594034511805107e-05 6.2594034511805107e-05 1 1 1 Converged Converged Converged OK OK OK 77 77 77 77 77 77 3 3 3 0 0 0 0 1 0 0 1
93 93 uniform 0 0 935 0 0.001 0.32943996477599613 0.0041261391215020593 0.0088867766223649398 2.6820237264164368 -0.36941654482816288 2.6802463710919637 0 -2.6788926416411623 1.2642883955813715 OK 12 11 0.437838 0.43760300000000002 0.088552000000000006 0.34757700000000002 0.34834500000000002 0 0.09026099999999998 0.089258000000000004 0.088552000000000006 0.0069449999999999998 0.0069189999999999998 0.0068310000000000003 0.065914999999999987 0.06616699999999999 0.065925000000000011 0.0019580000000000001 0.0020370000000000002 0.0019040000000000001 0.00054500000000000002 0.00058100000000000003 0.00054500000000000002 1.2642861534007248 1.2642861534007248 1.2642861534007248 0.00070267276614315445 0.00070267276614315445 0.00070267276614315445 1 1 1 Converged Converged Converged OK OK OK 58 58 58 58 58 58 6 6 6 0 0 0 0 0 1 0 0
93 93 uniform 0 7 935 1 0.001 0.32943996477599613 0.0041261391215020593 0.0088867766223649398 2.6820237264164368 -0.36941654482816288 2.6813282395503388 0 -2.6799745100995374 1.269295359721889 OK 12 11 0.44507200000000002 0.32106800000000002 0.088450000000000001 0.35498600000000002 0.21370900000000001 0 0.090085999999999999 0.10735900000000001 0.088450000000000001 0.0060089999999999996 0.0060819999999999997 0.0054869999999999997 0.071413000000000018 0.088854000000000016 0.071008999999999989 0.0020300000000000001 0.001977 0.0019550000000000001 0.00051400000000000003 0.00053300000000000005 0.00052599999999999999 1.26929333024005 1.26929333024005 1.26929333024005 0.0012305408138516144 0.0012305408138516144 0.0012305408138516144 1 1 1 Converged Converged Converged OK OK OK 58 58 58 58 58 58 6 6 6 0 0 0 0 1 0 0 1
93 93 uniform 0 15 935 2 0.001 0.32943996477599613 0.0041261391215020593 0.0088867766223649398 2.6820237264164368 -0.36941654482816288 2.6825646606456242 0 -2.6812109311948227 1.2726070406010674 OK 12 11 0.431392 0.309948 0.093551999999999996 0.336534 0.184892 0 0.094857999999999998 0.125056 0.093551999999999996 0.0058199999999999997 0.0060910000000000001 0.0055430000000000002 0.073594000000000007 0.10335700000000002 0.073179000000000022 0.0022390000000000001 0.00247 0.0023990000000000001 0.00073200000000000001 0.00085300000000000003 0.00072499999999999995 1.2726063288471856 1.2726063288471856 1.2726063288471856 0.00050759889710386716 0.00050759889710386716 0.00050759889710386716 1 1 1 Converged Converged Converged OK OK OK 66 66 66 66 66 66 6 6 6 0 0 0 0 1 0 0 1
93 93 uniform 0 23 935 3 0.001 0.32943996477599613 0.0041261391215020593 0.0088867766223649398 2.6820237264164368 -0.36941654482816288 2.6838010817409099 0 -2.6824473522901084 1.273508201624461 OK 12 12 0.55829799999999996 0.436697 0.088665999999999995 0.46788999999999997 0.32602300000000001 0 0.090407999999999988 0.11067399999999999 0.088665999999999995 0.006404 0.0066230000000000004 0.0058089999999999999 0.070738999999999982 0.090849999999999986 0.070186000000000012 0.0021080000000000001 0.0021180000000000001 0.0021879999999999998 0.00063400000000000001 0.00067700000000000008 0.00065200000000000002 1.2735079007789152 1.2735079007789152 1.2735079007789152 0.00042755154896082604 0.00042755154896082604 0.00042755154896082604 1 1 1 Converged Converged Converged OK OK OK 59 59 59 59 59 59 5 5 5 0 0 0 0 1 0 0 1
93 93 uniform 0 0 935 0 0.0001 0.32943996477599613 0.0041261391215020593 0.0088867766223649398 2.6820237264164368 -0.36941654482816288 2.6802463710919637 0 -2.6788926416411623 1.2642883955813715 OK 12 11 0.461895 0.46189799999999998 0.11436499999999999 0.34694199999999997 0.34762300000000002 0 0.11495300000000003 0.11427499999999996 0.11436499999999999 0.0069499999999999996 0.0069059999999999998 0.0067669999999999996 0.082958000000000018 0.082751999999999978 0.082672000000000051 0.0031719999999999999 0.0031440000000000001 0.0032300000000000002 0.00091500000000000012 0.00083500000000000002 0.00090700000000000004 1.2642888323303076 1.2642888323303076 1.2642888323303076 4.9502515792720222e-05 4.9502515792720222e-05 4.9502515792720222e-05 1 1 1 Converged Converged Converged OK OK OK 82 82 82 82 82 82 6 6 6 0 0 0 0 0 1 0 0
93 93 uniform 0 7 935 1 0.0001 0.32943996477599613 0.0041261391215020593 0.0088867766223649398 2.6820237264164368 -0.36941654482816288 2.6813282395503388 0 -2.6799745100995374 1.269295359721889 OK 12 11 0.46777999999999997 0.36801699999999998 0.111597 0.35216500000000001 0.21021000000000001 0 0.11561499999999997 0.15780699999999998 0.111597 0.0058259999999999996 0.0058869999999999999 0.0055110000000000003 0.088268999999999972 0.13303099999999998 0.087778999999999927 0.0031129999999999999 0.0031819999999999999 0.0030300000000000001 0.00076300000000000001 0.00083200000000000006 0.00079000000000000012 1.2692954205507414 1.2692954205507414 1.2692954205507414 5.3369511934408808e-05 5.3369511934408808e-05 5.3369511934408808e-05 1 1 1 Converged Converged Converged OK OK OK 82 82 82 82 82 82 6 6 6 0 0 0 0 1 0 0 1
93 93 uniform 0 15 935 2 0.0001 0.32943996477599613 0.0041261391215020593 0.0088867766223649398 2.6820237264164368 -0.36941654482816288 2.6825646606456242 0 -2.6812109311948227 1.2726070406010674 OK 12 11 0.45490599999999998 0.373971 0.12920100000000001 0.32812200000000002 0.18613399999999999 0 0.12678399999999995 0.187837 0.12920100000000001 0.0059389999999999998 0.0059509999999999997 0.0056769999999999998 0.096404000000000045 0.15353 0.099818000000000018 0.0042850000000000006 0.0044099999999999999 0.0040819999999999997 0.001065 0.001075 0.001039 1.272607021443219 1.272607021443219 1.272607021443219 5.4604527484268186e-05 5.4604527484268186e-05 5.4604527484268186e-05 1 1 1 Converged Converged Converged OK OK OK 98 98 98 98 98 98 6 6 6 0 0 0 0 1 0 0 1
93 93 uniform 0 23 935 3 0.0001 0.32943996477599613 0.0041261391215020593 0.0088867766223649398 2.6820237264164368 -0.36941654482816288 2.6838010817409099 0 -2.6824473522901084 1.273508201624461 OK 12 12 0.56795600000000002 0.47138600000000003 0.10689 0.46251300000000001 0.32594499999999998 0 0.10544300000000001 0.14544100000000004 0.10689 0.0063460000000000001 0.0067099999999999998 0.0060470000000000003 0.080686000000000008 0.120157 0.083042999999999978 0.003104 0.0031380000000000002 0.003019 0.00081800000000000004 0.00081700000000000002 0.00085399999999999994 1.2735079007860393 1.2735079007860393 1.2735079007860393 7.1190152404322643e-05 7.1190152404322643e-05 7.1190152404322643e-05 1 1 1 Converged Converged Converged OK OK OK 75 75 75 75 75 75 5 5 5 0 0 0 0 1 0 0 1
93 93 uniform 1 0 936 0 0.001 0.32943996477599613 0.0041261391215020593 0.0088867766223649398 2.6886238153081385 0.37228058423225513 2.6868464599836654 0 -2.685492730532864 1.2462503477724554 OK 12 11 0.43573699999999999 0.43670799999999999 0.092116000000000003 0.34239999999999998 0.34413899999999997 0 0.093337000000000003 0.092569000000000012 0.092116000000000003 0.0067860000000000004 0.006731 0.0067679999999999997 0.070248000000000005 0.069866999999999999 0.069781999999999997 0.0020690000000000001 0.0019610000000000001 0.0019710000000000001 0.00057200000000000003 0.00057799999999999995 0.00054699999999999996 1.246251469037162 1.246251469037162 1.246251469037162 0.00066227159154627082 0.00066227159154627082 0.00066227159154627082 1 1 1 Converged Converged Converged OK OK OK 58 58 58 58 58 58 6 6 6 0 0 0 0 0 1 0 0
93 93 uniform 1 7 936 1 0.001 0.32943996477599613 0.0041261391215020593 0.0088867766223649398 2.6886238153081385 0.37228058423225513 2.6879283284420405 0 -2.6865745989912391 1.2389259377492041 OK 12 11 0.41985899999999998 0.298014 0.088382000000000002 0.32967299999999999 0.185777 0 0.090185999999999988 0.112237 0.088382000000000002 0.0059369999999999996 0.0058929999999999998 0.0055360000000000001 0.071343999999999963 0.093929000000000012 0.070872000000000018 0.0020470000000000002 0.0020239999999999998 0.001915 0.00054000000000000001 0.00051100000000000006 0.00052799999999999993 1.2389264588060982 1.2389264588060982 1.2389264588060982 0.0004924735647784201 0.0004924735647784201 0.0004924735647784201 1 1 1 Converged Converged Converged OK OK OK 58 58 58 58 58 58 6 6 6 0 0 0 0 1 0 0 1
93 93 uniform 1 15 936 2 0.001 0.32943996477599613 0.0041261391215020593 0.0088867766223649398 2.6886238153081385 0.37228058423225513 2.6891647495373259 0 -2.6878110200865244 1.2269935680905879 OK 12 11 0.43846099999999999 0.32475300000000001 0.087502999999999997 0.34960200000000002 0.21747900000000001 0 0.088858999999999966 0.10727400000000001 0.087502999999999997 0.0057980000000000002 0.0058580000000000004 0.0054559999999999999 0.070237999999999981 0.08866700000000001 0.070074000000000039 0.0020470000000000002 0.0021359999999999999 0.0019350000000000001 0.000571 0.00064400000000000004 0.00052599999999999999 1.2269941043908694 1.2269941043908694 1.2269941043908694 0.00058347552876104837 0.00058347552876104837 0.00058347552876104837 1 1 1 Converged Converged Converged OK OK OK 58 58 58 58 58 58 6 6 6 0 0 0 0 1 0 0 1
93 93 uniform 1 23 936 3 0.001 0.32943996477599613 0.0041261391215020593 0.0088867766223649398 2.6886238153081385 0.37228058423225513 2.6904011706326116 0 -2.6890474411818102 1.209731220425555 OK 12 11 0.42278700000000002 0.30521300000000001 0.089926000000000006 0.331125 0.190942 0 0.091662000000000021 0.11427100000000001 0.089926000000000006 0.0058919999999999997 0.0059709999999999997 0.0054219999999999997 0.072985999999999981 0.09585100000000002 0.072560999999999987 0.0020570000000000002 0.0020369999999999997 0.0019839999999999997 0.00055199999999999997 0.00053899999999999998 0.00054000000000000001 1.2097327222663712 1.2097327222663712 1.2097327222663712 0.0011866304332864021 0.0011866304332864021 0.0011866304332864021 1 1 1 Converged Converged Converged OK OK OK 58 58 58 58 58 58 6 6 6 0 0 0 0 1 0 0 1
93 93 uniform 1 0 936 0 0.0001 0.32943996477599613 0.0041261391215020593 0.0088867766223649398 2.6886238153081385 0.37228058423225513 2.6868464599836654 0 -2.685492730532864 1.2462503477724554 OK 12 11 0.46147500000000002 0.46023900000000001 0.120305 0.34348600000000001 0.34235700000000002 0 0.11798900000000001 0.11788199999999999 0.120305 0.0068389999999999996 0.0068519999999999996 0.0065890000000000002 0.086217999999999961 0.086268000000000011 0.089046000000000028 0.0032390000000000001 0.0031860000000000005 0.0031840000000000002 0.00082000000000000009 0.00081799999999999993 0.00083699999999999996 1.2462507301969421 1.2462507301969421 1.2462507301969421 5.7128563761526604e-05 5.7128563761526604e-05 5.7128563761526604e-05 1 1 1 Converged Converged Converged OK OK OK 82 82 82 82 82 82 6 6 6 0 0 0 0 0 1 0 0
93 93 uniform 1 7 936 1 0.0001 0.32943996477599613 0.0041261391215020593 0.0088867766223649398 2.6886238153081385 0.37228058423225513 2.6879283284420405 0 -2.6865745989912391 1.2389259377492041 OK 12 11 0.44526700000000002 0.34723599999999999 0.11120099999999999 0.33304600000000001 0.18492800000000001 0 0.11222100000000002 0.16230799999999998 0.11120099999999999 0.0058529999999999997 0.0059630000000000004 0.0055599999999999998 0.087146000000000001 0.13709899999999992 0.086894999999999986 0.0032169999999999998 0.0032890000000000003 0.003228 0.0008299999999999999 0.00079799999999999988 0.00080900000000000004 1.2389262344964738 1.2389262344964738 1.2389262344964738 7.2549554625523919e-05 7.2549554625523919e-05 7.2549554625523919e-05 1 1 1 Converged Converged Converged OK OK OK 82 82 82 82 82 82 6 6 6 0 0 0 0 1 0 0 1
93 93 uniform 1 15 936 2 0.0001 0.32943996477599613 0.0041261391215020593 0.0088867766223649398 2.6886238153081385 0.37228058423225513 2.6891647495373259 0 -2.6878110200865244 1.2269935680905879 OK 12 11 0.47150500000000001 0.386654 0.122074 0.34812300000000002 0.219468 0 0.12338199999999999 0.167186 0.122074 0.005875 0.0059430000000000004 0.0054229999999999999 0.09546799999999997 0.13914299999999999 0.095143999999999992 0.0035760000000000002 0.0037010000000000003 0.0035830000000000002 0.00082600000000000002 0.00083200000000000006 0.0008470000000000001 1.2269940617855832 1.2269940617855832 1.2269940617855832 0.0001172822348701077 0.0001172822348701077 0.0001172822348701077 1 1 1 Converged Converged Converged OK OK OK 90 90 90 90 90 90 6 6 6 0 0 0 0 1 0 0 1
93 93 uniform 1 23 936 3 0.0001 0.32943996477599613 0.0041261391215020593 0.0088867766223649398 2.6886238153081385 0.37228058423225513 2.6904011706326116 0 -2.6890474411818102 1.209731220425555 OK 12 11 0.47395700000000002 0.37669799999999998 0.13444700000000001 0.33765800000000001 0.18978 0 0.136299 0.18691799999999997 0.13444700000000001 0.0058050000000000003 0.0058630000000000002 0.0054869999999999997 0.10668299999999996 0.15721399999999994 0.105849 0.0039329999999999999 0.0039919999999999999 0.0038279999999999998 0.00095299999999999996 0.000977 0.00098999999999999999 1.2097314696955375 1.2097314696955375 1.2097314696955375 1.7605721933910417e-05 1.7605721933910417e-05 1.7605721933910417e-05 1 1 1 Converged Converged Converged OK OK OK 98 98 98 98 98 98 6 6 6 0 0 0 0 1 0 0 1
93 93 uniform 2 0 937 0 0.001 0.32943996477599613 0.0041261391215020593 0.0088867766223649398 2.6922320146854628 -0.36250142889407483 2.6904546593609897 0 -2.6891009299101882 1.1983131368854285 OK 13 12 0.89217199999999997 0.89300299999999999 0.147754 0.74810699999999997 0.748915 0 0.144065 0.14408799999999999 0.147754 0.0096290000000000004 0.0096579999999999999 0.010621999999999999 0.10975699999999999 0.11008100000000001 0.11231000000000001 0.0030279999999999999 0.0031139999999999996 0.0030970000000000004 0.00078100000000000001 0.00079900000000000001 0.00072900000000000005 1.1982832151364402 1.1982832151364402 1.1982832151364402 0.00070775111297012583 0.00070775111297012583 0.00070775111297012583 1 1 1 Converged Converged Converged OK OK OK 73 73 73 73 73 73 7 7 7 0 0 0 0 0 1 0 0
93 93 uniform 2 7 937 1 0.001 0.32943996477599613 0.0041261391215020593 0.0088867766223649398 2.6922320146854628 -0.36250142889407483 2.6915365278193648 0 -2.6901827983685633 1.1711687118848122 OK 13 12 0.739838 0.61661500000000002 0.11466700000000001 0.62398200000000004 0.48388599999999998 0 0.11585599999999996 0.13272900000000004 0.11466700000000001 0.0088920000000000006 0.0089849999999999999 0.0083529999999999993 0.091284000000000004 0.10773199999999999 0.090935000000000016 0.002483 0.0026490000000000003 0.0025240000000000002 0.00057300000000000005 0.00062 0.00056700000000000001 1.1711697602174336 1.1711697602174336 1.1711697602174336 0.00076484705977075825 0.00076484705977075825 0.00076484705977075825 1 1 1 Converged Converged Converged OK OK OK 65 65 65 65 65 65 7 7 7 0 0 0 0 1 0 0 1
93 93 uniform 2 15 937 2 0.001 0.32943996477599613 0.0041261391215020593 0.0088867766223649398 2.6922320146854628 -0.36250142889407483 2.6927729489146501 0 -2.6914192194638487 1.1529778294508539 OK 13 12 0.72299999999999998 0.60929999999999995 0.104133 0.61765499999999995 0.48008299999999998 0 0.10534500000000002 0.12921699999999997 0.104133 0.0087039999999999999 0.0089210000000000001 0.008123 0.080329000000000012 0.10359499999999999 0.080111000000000002 0.00263 0.0027220000000000005 0.0025370000000000002 0.00058100000000000003 0.00066600000000000003 0.00058299999999999997 1.1529776997867465 1.1529776997867465 1.1529776997867465 0.00081513174058864529 0.00081513174058864529 0.00081513174058864529 1 1 1 Converged Converged Converged OK OK OK 65 65 65 65 65 65 7 7 7 0 0 0 0 1 0 0 1
93 93 uniform 2 23 937 3 0.001 0.32943996477599613 0.0041261391215020593 0.0088867766223649398 2.6922320146854628 -0.36250142889407483 2.6940093700099359 0 -2.6926556405591344 1.1390253222794982 OK 13 12 0.52967600000000004 0.41333999999999999 0.097555000000000003 0.43079000000000001 0.287962 0 0.098886000000000029 0.12537799999999999 0.097555000000000003 0.0085889999999999994 0.0085310000000000004 0.0079989999999999992 0.075882000000000005 0.10273099999999999 0.075710000000000027 0.0022880000000000001 0.002238 0.0022690000000000002 0.00062399999999999999 0.00054900000000000001 0.00052900000000000006 1.139025748829428 1.139025748829428 1.139025748829428 0.00071907660190834296 0.00071907660190834296 0.00071907660190834296 1 1 1 Converged Converged Converged OK OK OK 58 58 58 58 58 58 6 6 6 0 0 0 0 1 0 0 1
93 93 uniform 2 0 937 0 0.0001 0.32943996477599613 0.0041261391215020593 0.0088867766223649398 2.6922320146854628 -0.36250142889407483 2.6904546593609897 0 -2.6891009299101882 1.1983131368854285 OK 13 12 0.930315 0.93105800000000005 0.18193599999999999 0.74761900000000003 0.74688200000000005 0 0.18269599999999997 0.18417600000000001 0.18193599999999999 0.0096640000000000007 0.0097420000000000007 0.0092639999999999997 0.13561999999999996 0.13670100000000002 0.13552400000000003 0.0047929999999999995 0.0048960000000000002 0.0046359999999999995 0.001204 0.0013749999999999999 0.0013059999999999999 1.1983115451980408 1.1983115451980408 1.1983115451980408 9.5603204185126082e-05 9.5603204185126082e-05 9.5603204185126082e-05 1 1 1 Converged Converged Converged OK OK OK 105 105 105 105 105 105 7 7 7 0 0 0 0 0 1 0 0
93 93 uniform 2 7 937 1 0.0001 0.32943996477599613 0.0041261391215020593 0.0088867766223649398 2.6922320146854628 -0.36250142889407483 2.6915365278193648 0 -2.6901827983685633 1.1711687118848122 OK 13 12 0.77895199999999998 0.67875399999999997 0.154638 0.62109700000000001 0.481651 0 0.15785499999999997 0.19710299999999997 0.154638 0.0087899999999999992 0.0088710000000000004 0.0083009999999999994 0.12034700000000002 0.16405299999999995 0.12251799999999996 0.0040730000000000002 0.0041400000000000005 0.0041609999999999998 0.0010369999999999999 0.001052 0.0010220000000000001 1.1711683662493284 1.1711683662493284 1.1711683662493284 7.1616213322056376e-05 7.1616213322056376e-05 7.1616213322056376e-05 1 1 1 Converged Converged Converged OK OK OK 97 97 97 97 97 97 7 7 7 0 0 0 0 1 0 0 1
93 93 uniform 2 15 937 2 0.0001 0.32943996477599613 0.0041261391215020593 0.0088867766223649398 2.6922320146854628 -0.36250142889407483 2.6927729489146501 0 -2.6914192194638487 1.1529778294508539 OK 13 12 0.76271999999999995 0.68329899999999999 0.145009 0.61964300000000005 0.47535100000000002 0 0.1430769999999999 0.20794799999999997 0.145009 0.0086440000000000006 0.0088660000000000006 0.0081580000000000003 0.10877500000000002 0.172404 0.11159999999999999 0.0042619999999999993 0.0045910000000000005 0.0041919999999999995 0.0010070000000000001 0.001116 0.0010300000000000001 1.1529775816290371 1.1529775816290371 1.1529775816290371 4.2837583267235979e-05 4.2837583267235979e-05 4.2837583267235979e-05 1 1 1 Converged Converged Converged OK OK OK 97 97 97 97 97 97 7 7 7 0 0 0 0 1 0 0 1
93 93 uniform 2 23 937 3 0.0001 0.32943996477599613 0.0041261391215020593 0.0088867766223649398 2.6922320146854628 -0.36250142889407483 2.6940093700099359 0 -2.6926556405591344 1.1390253222794982 OK 13 12 0.55083700000000002 0.46208399999999999 0.12028700000000001 0.42897200000000002 0.28328999999999999 0 0.121865 0.17879400000000001 0.12028700000000001 0.0085349999999999992 0.0087139999999999995 0.0079260000000000008 0.092361999999999972 0.14863199999999999 0.092024999999999982 0.0034609999999999997 0.0036600000000000001 0.0034679999999999997 0.000883 0.00092699999999999998 0.00078600000000000002 1.1390255315838484 1.1390255315838484 1.1390255315838484 9.2992340961721225e-05 9.2992340961721225e-05 9.2992340961721225e-05 1 1 1 Converged Converged Converged OK OK OK 82 82 82 82 82 82 6 6 6 0 0 0 0 1 0 0 1
93 93 uniform 3 0 938 0 0.001 0.32943996477599613 0.0041261391215020593 0.0088867766223649398 0.0018728388208700203 0.011606772833936779 9.5483496397032359e-05 0 0.0012582459544045834 94.985264970051588 OK 13 12 0.375004 0.38078699999999999 0.075257000000000004 0.29890800000000001 0.303952 0 0.076095999999999997 0.076834999999999987 0.075257000000000004 0.010470999999999999 0.010397 0.010127000000000001 0.049928 0.050731000000000019 0.049851000000000013 0.0021680000000000002 0.002248 0.0021099999999999999 0.00049200000000000003 0.00046900000000000002 0.00045000000000000004 94.985201876955458 94.985201876955458 94.985201876955458 0.08707556864090113 0.08707556864090113 0.08707556864090113 1 1 1 Converged Converged Converged OK OK OK 44 44 44 44 44 44 4 4 4 0 0 0 0 0 1 0 0
93 93 uniform 3 7 938 1 0.001 0.32943996477599613 0.0041261391215020593 0.0088867766223649398 0.0018728388208700203 0.011606772833936779 0.0011773519547718947 0 0.00017637749602972112 94.837072597989462 OK 12 11 0.36954300000000001 0.277339 0.079438999999999996 0.28371400000000002 0.16408400000000001 0 0.085828999999999989 0.11325499999999999 0.079438999999999996 0.0090410000000000004 0.0091599999999999997 0.00877 0.059587000000000001 0.087161999999999989 0.054054000000000005 0.0027100000000000002 0.0026800000000000001 0.0027339999999999995 0.00058799999999999998 0.00062699999999999995 0.00057800000000000006 94.837064702299188 94.837064702299188 94.837064702299188 0.059534355437059955 0.059534355437059955 0.059534355437059955 1 1 1 Converged Converged Converged OK OK OK 52 52 52 52 52 52 4 4 4 0 0 0 0 1 0 0 1
93 93 uniform 3 15 938 2 0.001 0.32943996477599613 0.0041261391215020593 0.0088867766223649398 0.0018728388208700203 0.011606772833936779 0.0024137730500574514 0 -0.0010600435992558356 93.393202792437791 OK 12 11 0.35514699999999999 0.25087100000000001 0.075156000000000001 0.27834599999999998 0.152476 0 0.076801000000000008 0.09839500000000001 0.075156000000000001 0.0088819999999999993 0.0091489999999999991 0.0084229999999999999 0.051833999999999998 0.073244000000000017 0.050988999999999979 0.0025739999999999999 0.0026590000000000003 0.002614 0.00058200000000000005 0.00058500000000000002 0.00056999999999999998 93.393202750282256 93.393202750282256 93.393202750282256 0.033713944473994895 0.033713944473994895 0.033713944473994895 1 1 1 Converged Converged Converged OK OK OK 52 52 52 52 52 52 4 4 4 0 0 0 0 1 0 0 1
93 93 uniform 3 23 938 3 0.001 0.32943996477599613 0.0041261391215020593 0.0088867766223649398 0.0018728388208700203 0.011606772833936779 0.0036501941453430083 0 -0.0022964646945413925 90.779824872335453 OK 11 10 0.35560399999999998 0.24441399999999999 0.072706999999999994 0.280136 0.151867 0 0.07546799999999998 0.09254699999999999 0.072706999999999994 0.0089829999999999997 0.0092309999999999996 0.0084180000000000001 0.050092000000000018 0.067218000000000014 0.048689999999999997 0.0026199999999999999 0.0026220000000000002 0.0025270000000000002 0.00060499999999999996 0.00058600000000000004 0.000571 90.779815160794371 90.779815160794371 90.779815160794371 0.023243830834432926 0.023243830834432926 0.023243830834432926 1 1 1 Converged Converged Converged OK OK OK 52 52 52 52 52 52 4 4 4 0 0 0 0 1 0 0 1
93 93 uniform 3 0 938 0 0.0001 0.32943996477599613 0.0041261391215020593 0.0088867766223649398 0.0018728388208700203 0.011606772833936779 9.5483496397032359e-05 0 0.0012582459544045834 94.985264970051588 OK 13 12 0.40997600000000001 0.40122099999999999 0.102547 0.30168499999999998 0.29846099999999998 0 0.10829100000000003 0.10276000000000002 0.102547 0.010410000000000001 0.010463 0.010477999999999999 0.075666000000000011 0.070756000000000013 0.070460999999999996 0.0033140000000000001 0.0030340000000000002 0.0031570000000000001 0.00064700000000000001 0.00067100000000000005 0.000678 94.985255387797181 94.985255387797181 94.985255387797181 0.0076962603785521678 0.0076962603785521678 0.0076962603785521678 1 1 1 Converged Converged Converged OK OK OK 60 60 60 60 60 60 4 4 4 0 0 0 0 0 1 0 0
93 93 uniform 3 7 938 1 0.0001 0.32943996477599613 0.0041261391215020593 0.0088867766223649398 0.0018728388208700203 0.011606772833936779 0.0011773519547718947 0 0.00017637749602972112 94.837072597989462 OK 12 11 0.39523999999999998 0.30822100000000002 0.105726 0.28750700000000001 0.16183500000000001 0 0.10773299999999997 0.14638600000000002 0.105726 0.0094500000000000001 0.0092339999999999992 0.0091280000000000007 0.075513000000000025 0.11485800000000004 0.074737999999999985 0.0037460000000000002 0.0036679999999999998 0.003591 0.00075699999999999997 0.00074399999999999998 0.000794 94.837067069412413 94.837067069412413 94.837067069412413 0.0014828363352486175 0.0014828363352486175 0.0014828363352486175 1 1 1 Converged Converged Converged OK OK OK 68 68 68 68 68 68 4 4 4 0 0 0 0 1 0 0 1
93 93 uniform 3 15 938 2 0.0001 0.32943996477599613 0.0041261391215020593 0.0088867766223649398 0.0018728388208700203 0.011606772833936779 0.0024137730500574514 0 -0.0010600435992558356 93.393202792437791 OK 12 11 0.383552 0.295572 0.101067 0.28017399999999998 0.153415 0 0.10337800000000003 0.14215700000000001 0.101067 0.0092899999999999996 0.0096819999999999996 0.0084180000000000001 0.072753999999999971 0.11018200000000002 0.071983000000000005 0.0036089999999999998 0.003738 0.0034629999999999999 0.000736 0.00081700000000000002 0.00073000000000000007 93.393196679903866 93.393196679903866 93.393196679903866 0.0065860787116837531 0.0065860787116837531 0.0065860787116837531 1 1 1 Converged Converged Converged OK OK OK 68 68 68 68 68 68 4 4 4 0 0 0 0 1 0 0 1
93 93 uniform 3 23 938 3 0.0001 0.32943996477599613 0.0041261391215020593 0.0088867766223649398 0.0018728388208700203 0.011606772833936779 0.0036501941453430083 0 -0.0022964646945413925 90.779824872335453 OK 11 10 0.39866400000000002 0.30760300000000002 0.115615 0.27946500000000002 0.15545800000000001 0 0.119199 0.152145 0.115615 0.0091380000000000003 0.0093500000000000007 0.0083580000000000008 0.082101000000000007 0.11465800000000005 0.080361999999999975 0.0046639999999999997 0.0046579999999999989 0.0043099999999999996 0.00089700000000000001 0.00097799999999999992 0.00087300000000000008 90.779813296831534 90.779813296831534 90.779813296831534 0.0061375600557551395 0.0061375600557551395 0.0061375600557551395 1 1 1 Converged Converged Converged OK OK OK 84 84 84 84 84 84 4 4 4 0 0 0 0 1 0 0 1
93 93 uniform 4 0 939 0 0.001 0.32943996477599613 0.0041261391215020593 0.0088867766223649398 2.6775192795739806 -0.38172872643027173 2.6757419242495075 0 -2.674388194798706 1.0896931737414475 OK 13 12 0.43147799999999997 0.434257 0.075831999999999997 0.35497699999999999 0.35786600000000002 0 0.076500999999999986 0.076390999999999987 0.075831999999999997 0.0089189999999999998 0.0091050000000000002 0.0087399999999999995 0.05164899999999998 0.051622999999999981 0.051342000000000006 0.0021770000000000001 0.0022200000000000002 0.0021580000000000002 0.00055000000000000003 0.00055699999999999999 0.00054200000000000006 1.0896931613701153 1.0896931613701153 1.0896931613701153 0.00038623859363388506 0.00038623859363388506 0.00038623859363388506 1 1 1 Converged Converged Converged OK OK OK 45 45 45 45 45 45 3 3 3 0 0 0 0 0 1 0 0
93 93 uniform 4 7 939 1 0.001 0.32943996477599613 0.0041261391215020593 0.0088867766223649398 2.6775192795739806 -0.38172872643027173 2.6768237927078826 0 -2.6754700632570811 1.0922337479141646 OK 13 12 0.391461 0.26645099999999999 0.069926000000000002 0.31969399999999998 0.16034499999999999 0 0.071767000000000025 0.10610600000000001 0.069926000000000002 0.0080859999999999994 0.0082349999999999993 0.0076299999999999996 0.049337000000000013 0.08409800000000002 0.048733000000000005 0.0022520000000000001 0.0022190000000000001 0.002166 0.00054799999999999998 0.00055900000000000004 0.00054199999999999995 1.092233734977933 1.092233734977933 1.092233734977933 0.00038791070592967777 0.00038791070592967777 0.00038791070592967777 1 1 1 Converged Converged Converged OK OK OK 45 45 45 45 45 45 3 3 3 0 0 0 0 1 0 0 1
93 93 uniform 4 15 939 2 0.001 0.32943996477599613 0.0041261391215020593 0.0088867766223649398 2.6775192795739806 -0.38172872643027173 2.6780602138031679 0 -2.6767064843523665 1.0950462840614632 OK 13 12 0.41014899999999999 0.293016 0.068723999999999993 0.33987200000000001 0.187472 0 0.070276999999999978 0.105544 0.068723999999999993 0.0080800000000000004 0.0084030000000000007 0.0075690000000000002 0.048233999999999985 0.083110000000000017 0.047726999999999992 0.0021510000000000001 0.002274 0.0021180000000000001 0.00055100000000000006 0.00056999999999999998 0.00053400000000000008 1.0950462726003223 1.0950462726003223 1.0950462726003223 0.00038995393930168272 0.00038995393930168272 0.00038995393930168272 1 1 1 Converged Converged Converged OK OK OK 45 45 45 45 45 45 3 3 3 0 0 0 0 1 0 0 1
93 93 uniform 4 23 939 3 0.001 0.32943996477599613 0.0041261391215020593 0.0088867766223649398 2.6775192795739806 -0.38172872643027173 2.6792966348984537 0 -2.6779429054476522 1.0976041388818272 OK 13 12 0.40282299999999999 0.27618700000000002 0.066415000000000002 0.33521899999999999 0.17724599999999999 0 0.067603999999999997 0.098941000000000029 0.066415000000000002 0.0081670000000000006 0.0082799999999999992 0.0075680000000000001 0.045742999999999992 0.076692999999999997 0.045470000000000003 0.002163 0.0022799999999999999 0.0021930000000000001 0.00054699999999999996 0.00056999999999999998 0.00053499999999999999 1.0976041261386247 1.0976041261386247 1.0976041261386247 0.00039196286080786589 0.00039196286080786589 0.00039196286080786589 1 1 1 Converged Converged Converged OK OK OK 45 45 45 45 45 45 3 3 3 0 0 0 0 1 0 0 1
93 93 uniform 4 0 939 0 0.0001 0.32943996477599613 0.0041261391215020593 0.0088867766223649398 2.6775192795739806 -0.38172872643027173 2.6757419242495075 0 -2.674388194798706 1.0896931737414475 OK 13 12 0.44426199999999999 0.44654700000000003 0.091423000000000004 0.351688 0.35405199999999998 0 0.09257399999999999 0.092495000000000049 0.091423000000000004 0.0089200000000000008 0.0090019999999999996 0.0084930000000000005 0.062257999999999994 0.062335000000000015 0.062050999999999981 0.003078 0.0031419999999999998 0.0030109999999999998 0.00067200000000000007 0.00069700000000000003 0.00065900000000000008 1.0896931613772307 1.0896931613772307 1.0896931613772307 2.9845626360956886e-05 2.9845626360956886e-05 2.9845626360956886e-05 1 1 1 Converged Converged Converged OK OK OK 61 61 61 61 61 61 3 3 3 0 0 0 0 0 1 0 0
93 93 uniform 4 7 939 1 0.0001 0.32943996477599613 0.0041261391215020593 0.0088867766223649398 2.6775192795739806 -0.38172872643027173 2.6768237927078826 0 -2.6754700632570811 1.0922337479141646 OK 13 12 0.40504099999999998 0.30397999999999997 0.084487999999999994 0.318909 0.15865000000000001 0 0.086131999999999986 0.14532999999999996 0.084487999999999994 0.0080999999999999996 0.0081790000000000005 0.0076779999999999999 0.059208999999999977 0.118517 0.058686000000000016 0.0030590000000000001 0.0030860000000000002 0.0029710000000000006 0.00066500000000000001 0.00066399999999999999 0.00064700000000000001 1.0922337349850797 1.0922337349850797 1.0922337349850797 3.1523148624394031e-05 3.1523148624394031e-05 3.1523148624394031e-05 1 1 1 Converged Converged Converged OK OK OK 61 61 61 61 61 61 3 3 3 0 0 0 0 1 0 0 1
93 93 uniform 4 15 939 2 0.0001 0.32943996477599613 0.0041261391215020593 0.0088867766223649398 2.6775192795739806 -0.38172872643027173 2.6780602138031679 0 -2.6767064843523665 1.0950462840614632 OK 13 12 0.42495699999999997 0.33736899999999997 0.083810999999999997 0.33938499999999999 0.18859899999999999 0 0.085571999999999981 0.14876999999999999 0.083810999999999997 0.0081300000000000001 0.0083739999999999995 0.0076400000000000001 0.05864500000000001 0.12118199999999997 0.058025000000000014 0.0030219999999999999 0.003258 0.0029379999999999996 0.00067400000000000012 0.00071800000000000011 0.00065099999999999999 1.0950462726074612 1.0950462726074612 1.0950462726074612 3.3572554586563958e-05 3.3572554586563958e-05 3.3572554586563958e-05 1 1 1 Converged Converged Converged OK OK OK 61 61 61 61 61 61 3 3 3 0 0 0 0 1 0 0 1
93 93 uniform 4 23 939 3 0.0001 0.32943996477599613 0.0041261391215020593 0.0088867766223649398 2.6775192795739806 -0.38172872643027173 2.6792966348984537 0 -2.6779429054476522 1.0976041388818272 OK 13 12 0.41815099999999999 0.31355699999999997 0.081017000000000006 0.33223399999999997 0.17824699999999999 0 0.085917000000000021 0.13530999999999999 0.081017000000000006 0.008116 0.0082100000000000003 0.0076319999999999999 0.059184000000000028 0.108406 0.055158999999999986 0.0029680000000000002 0.0030200000000000001 0.0029429999999999999 0.00067000000000000002 0.00066800000000000008 0.00065200000000000002 1.0976041261457443 1.0976041261457443 1.0976041261457443 3.5587637486181773e-05 3.5587637486181773e-05 3.5587637486181773e-05 1 1 1 Converged Converged Converged OK OK OK 61 61 61 61 61 61 3 3 3 0 0 0 0 1 0 0 1
94 94 linear 0 0 940 0 0.001 2.3278980393197344 0.11422290442553604 0.053285758255890686 -1.7948365511522453 -0.0073906533932125082 -1.8054937028034235 0.5 2.0441347091958573 5.4417837518937606 OK 16 15 0.60829900000000003 0.59451699999999996 0.25958999999999999 0.34065899999999999 0.33266899999999999 0 0.26764000000000004 0.26184799999999997 0.25958999999999999 0.013556 0.01341 0.013011 0.22123700000000002 0.21575300000000014 0.21436199999999977 0.0041960000000000001 0.0043440000000000006 0.0040969999999999999 0.0010780000000000002 0.001083 0.00096200000000000007 5.441735962434354 5.441735962434354 5.441735962434354 0.0043440639784552131 0.0043440639784552131 0.0043440639784552131 1 1 1 Converged Converged Converged OK OK OK 95 95 95 95 95 95 9 9 9 0 0 0 0 0 1 0 0
94 94 linear 0 7 940 1 0.001 2.3278980393197344 0.11422290442553604 0.053285758255890686 -1.7948365511522453 -0.0073906533932125082 -1.7990067409287933 0.5 2.0376477473212273 5.7256842127789191 OK 16 15 0.58424600000000004 0.47463699999999998 0.25889800000000002 0.31435299999999999 0.2026 0 0.26989300000000005 0.27203699999999997 0.25889800000000002 0.012333 0.012265 0.011665999999999999 0.23093199999999992 0.23367299999999999 0.22191900000000006 0.0048730000000000006 0.0046979999999999991 0.0044070000000000012 0.0010079999999999998 0.00098899999999999986 0.00093000000000000005 5.7256983008281725 5.7256983008281725 5.7256983008281725 0.0049772944423864237 0.0049772944423864237 0.0049772944423864237 1 1 1 Converged Converged Converged OK OK OK 102 102 102 102 102 102 10 10 10 0 0 0 0 1 0 0 1
94 94 linear 0 15 940 2 0.001 2.3278980393197344 0.11422290442553604 0.053285758255890686 -1.7948365511522453 -0.0073906533932125082 -1.7915930702149301 0.5 2.0302340766073641 6.0507519580146489 OK 16 15 0.60753999999999997 0.49754300000000001 0.27789999999999998 0.31748199999999999 0.203844 0 0.29005799999999998 0.29369900000000004 0.27789999999999998 0.012399 0.01235 0.011469 0.24845400000000004 0.25281999999999988 0.2387260000000001 0.0050749999999999988 0.0050919999999999993 0.0048129999999999996 0.001271 0.0011760000000000002 0.0011199999999999999 6.0507367061591397 6.0507367061591397 6.0507367061591397 0.0024703317598106971 0.0024703317598106971 0.0024703317598106971 1 1 1 Converged Converged Converged OK OK OK 110 110 110 110 110 110 10 10 10 0 0 0 0 1 0 0 1
94 94 linear 0 23 940 3 0.001 2.3278980393197344 0.11422290442553604 0.053285758255890686 -1.7948365511522453 -0.0073906533932125082 -1.7841793995010671 0.5 2.0228204058935013 6.370775612434457 OK 16 15 0.57972199999999996 0.48980899999999999 0.261851 0.30723499999999998 0.20529900000000001 0 0.27248699999999998 0.28450999999999999 0.261851 0.012253999999999999 0.01235 0.011547999999999999 0.23302800000000007 0.245417 0.22463900000000009 0.0050499999999999998 0.0050680000000000005 0.0047039999999999998 0.001137 0.0011649999999999998 0.001098 6.3708168268463163 6.3708168268463163 6.3708168268463163 0.0037870154479840998 0.0037870154479840998 0.0037870154479840998 1 1 1 Converged Converged Converged OK OK OK 110 110 110 110 110 110 10 10 10 0 0 0 0 1 0 0 1
94 94 linear 0 0 940 0 0.0001 2.3278980393197344 0.11422290442553604 0.053285758255890686 -1.7948365511522453 -0.0073906533932125082 -1.8054937028034235 0.5 2.0441347091958573 5.4417837518937606 OK 16 15 0.70550199999999996 0.68892500000000001 0.35254000000000002 0.34004600000000001 0.33483000000000002 0 0.36545599999999995 0.35409499999999999 0.35254000000000002 0.013918 0.013278999999999999 0.01299 0.30143000000000009 0.29184300000000002 0.29052500000000003 0.0074450000000000002 0.0070289999999999997 0.0071649999999999995 0.001663 0.0015399999999999999 0.0015430000000000001 5.4418030193382965 5.4418030193382965 5.4418030193382965 0.00032366965070956057 0.00032366965070956057 0.00032366965070956057 1 1 1 Converged Converged Converged OK OK OK 135 135 135 135 135 135 9 9 9 0 0 0 0 0 1 0 0
94 94 linear 0 7 940 1 0.0001 2.3278980393197344 0.11422290442553604 0.053285758255890686 -1.7948365511522453 -0.0073906533932125082 -1.7990067409287933 0.5 2.0376477473212273 5.7256842127789191 OK 16 15 0.67339499999999997 0.55130800000000002 0.32809700000000003 0.321409 0.20036699999999999 0 0.35198599999999997 0.35094100000000006 0.32809700000000003 0.012518 0.012304000000000001 0.011671000000000001 0.30056899999999986 0.30085499999999998 0.2791209999999999 0.0067060000000000002 0.0072080000000000009 0.0071199999999999996 0.001488 0.0014889999999999999 0.0014920000000000001 5.7257258461249911 5.7257258461249911 5.7257258461249911 0.0003548497017608838 0.0003548497017608838 0.0003548497017608838 1 1 1 Converged Converged Converged OK OK OK 142 142 142 142 142 142 10 10 10 0 0 0 0 1 0 0 1
94 94 linear 0 15 940 2 0.0001 2.3278980393197344 0.11422290442553604 0.053285758255890686 -1.7948365511522453 -0.0073906533932125082 -1.7915930702149301 0.5 2.0302340766073641 6.0507519580146489 OK 16 15 0.69603599999999999 0.57736100000000001 0.35277199999999997 0.33054699999999998 0.20497899999999999 0 0.36548900000000001 0.37238199999999999 0.35277199999999997 0.012345 0.012234 0.011534000000000001 0.31207599999999991 0.32051500000000016 0.3025960000000002 0.0078130000000000005 0.0074680000000000007 0.0071590000000000004 0.001725 0.0016670000000000001 0.0016269999999999995 6.0507445140124725 6.0507445140124725 6.0507445140124725 0.00051526444834758798 0.00051526444834758798 0.00051526444834758798 1 1 1 Converged Converged Converged OK OK OK 150 150 150 150 150 150 10 10 10 0 0 0 0 1 0 0 1
94 94 linear 0 23 940 3 0.0001 2.3278980393197344 0.11422290442553604 0.053285758255890686 -1.7948365511522453 -0.0073906533932125082 -1.7841793995010671 0.5 2.0228204058935013 6.370775612434457 OK 16 15 0.66402899999999998 0.57076199999999999 0.336781 0.31687900000000002 0.20660999999999999 0 0.34714999999999996 0.36415200000000003 0.336781 0.012187999999999999 0.012544 0.011494000000000001 0.29836299999999982 0.31350199999999989 0.28926999999999997 0.006706000000000001 0.0076640000000000007 0.0069849999999999999 0.0015269999999999999 0.0016489999999999999 0.0015910000000000002 6.370832150538126 6.370832150538126 6.370832150538126 0.00062808399588645109 0.00062808399588645109 0.00062808399588645109 1 1 1 Converged Converged Converged OK OK OK 150 150 150 150 150 150 10 10 10 0 0 0 0 1 0 0 1
94 94 linear 1 0 941 0 0.001 2.3278980393197344 0.11422290442553604 0.053285758255890686 0.17596363826298628 0.064644432767920035 0.16530648661180813 0.5 0.073334519780625884 14.581792814397383 OK 13 12 0.403868 0.39815400000000001 0.120861 0.27920299999999998 0.27690999999999999 0 0.12466500000000003 0.12124400000000002 0.120861 0.010234 0.010208999999999999 0.010257 0.092612000000000028 0.089713000000000001 0.089057000000000011 0.0029220000000000001 0.0028670000000000002 0.003058 0.00080200000000000009 0.00076900000000000004 0.00083600000000000005 14.581816806490538 14.581816806490538 14.581816806490538 0.010077315027194396 0.010077315027194396 0.010077315027194396 1 1 1 Converged Converged Converged OK OK OK 66 66 66 66 66 66 6 6 6 0 0 0 0 0 1 0 0
94 94 linear 1 7 941 1 0.001 2.3278980393197344 0.11422290442553604 0.053285758255890686 0.17596363826298628 0.064644432767920035 0.17179344848643832 0.5 0.066847557905995697 15.732741260660484 OK 13 12 0.39336700000000002 0.30059399999999997 0.12032900000000001 0.267845 0.159077 0 0.12552200000000002 0.14151699999999998 0.12032900000000001 0.0093830000000000007 0.0091219999999999999 0.0086870000000000003 0.098175999999999999 0.11477999999999997 0.094702000000000022 0.0031510000000000002 0.0032659999999999998 0.0028499999999999997 0.00084000000000000003 0.00072800000000000002 0.00075600000000000005 15.732741268015252 15.732741268015252 15.732741268015252 0.0056997232104423054 0.0056997232104423054 0.0056997232104423054 1 1 1 Converged Converged Converged OK OK OK 66 66 66 66 66 66 6 6 6 0 0 0 0 1 0 0 1
94 94 linear 1 15 941 2 0.001 2.3278980393197344 0.11422290442553604 0.053285758255890686 0.17596363826298628 0.064644432767920035 0.17920711920030136 0.5 0.059433887192132662 16.708633765730848 OK 13 12 0.392955 0.30926999999999999 0.114663 0.26904 0.170015 0 0.123915 0.13925499999999999 0.114663 0.0094039999999999992 0.0097050000000000001 0.0089230000000000004 0.097203999999999999 0.11114599999999999 0.088763999999999996 0.0029160000000000002 0.0034789999999999999 0.003026 0.00074399999999999987 0.00082399999999999997 0.0007049999999999999 16.708655197202578 16.708655197202578 16.708655197202578 0.0070326346408855185 0.0070326346408855185 0.0070326346408855185 1 1 1 Converged Converged Converged OK OK OK 66 66 66 66 66 66 6 6 6 0 0 0 0 1 0 0 1
94 94 linear 1 23 941 3 0.001 2.3278980393197344 0.11422290442553604 0.053285758255890686 0.17596363826298628 0.064644432767920035 0.18662078991416442 0.5 0.052020216478269599 17.373786423865358 OK 13 12 0.38752700000000001 0.289352 0.112201 0.26986599999999999 0.15771099999999999 0 0.11766100000000002 0.13164100000000001 0.112201 0.0094280000000000006 0.0095700000000000004 0.0087880000000000007 0.091776000000000024 0.10576399999999998 0.087971999999999981 0.0030639999999999994 0.0031020000000000002 0.0027069999999999998 0.00076399999999999992 0.00080100000000000006 0.00070199999999999993 17.373803479257443 17.373803479257443 17.373803479257443 0.016960041121044087 0.016960041121044087 0.016960041121044087 1 1 1 Converged Converged Converged OK OK OK 66 66 66 66 66 66 6 6 6 0 0 0 0 1 0 0 1
94 94 linear 1 0 941 0 0.0001 2.3278980393197344 0.11422290442553604 0.053285758255890686 0.17596363826298628 0.064644432767920035 0.16530648661180813 0.5 0.073334519780625884 14.581792814397383 OK 13 12 0.441025 0.43277599999999999 0.15490599999999999 0.283107 0.27566099999999999 0 0.157918 0.157115 0.15490599999999999 0.010142 0.010553 0.010329 0.11710300000000005 0.11640999999999993 0.11304000000000007 0.0042690000000000002 0.0040850000000000001 0.0048599999999999997 0.0010769999999999998 0.0010579999999999999 0.0010889999999999999 14.581847799565118 14.581847799565118 14.581847799565118 0.0013162280195869625 0.0013162280195869625 0.0013162280195869625 1 1 1 Converged Converged Converged OK OK OK 90 90 90 90 90 90 6 6 6 0 0 0 0 0 1 0 0
94 94 linear 1 7 941 1 0.0001 2.3278980393197344 0.11422290442553604 0.053285758255890686 0.17596363826298628 0.064644432767920035 0.17179344848643832 0.5 0.066847557905995697 15.732741260660484 OK 13 12 0.44670700000000002 0.36355700000000002 0.17147799999999999 0.26782499999999998 0.158084 0 0.17888200000000004 0.20547300000000002 0.17147799999999999 0.0093530000000000002 0.0092770000000000005 0.0087200000000000003 0.13713 0.1653649999999999 0.13183000000000003 0.0058040000000000001 0.005228 0.0055719999999999997 0.001405 0.0012099999999999999 0.0012979999999999999 15.732758825970592 15.732758825970592 15.732758825970592 0.00070909999150448933 0.00070909999150448933 0.00070909999150448933 1 1 1 Converged Converged Converged OK OK OK 106 106 106 106 106 106 6 6 6 0 0 0 0 1 0 0 1
94 94 linear 1 15 941 2 0.0001 2.3278980393197344 0.11422290442553604 0.053285758255890686 0.17596363826298628 0.064644432767920035 0.17920711920030136 0.5 0.059433887192132662 16.708633765730848 OK 13 12 0.427894 0.33683600000000002 0.145173 0.27575300000000003 0.16663700000000001 0 0.15214099999999997 0.17019900000000002 0.145173 0.0095709999999999996 0.0094629999999999992 0.0088350000000000008 0.11717599999999995 0.13636999999999999 0.11252899999999998 0.0048300000000000001 0.0046410000000000002 0.0045009999999999998 0.001132 0.001036 0.0010240000000000002 16.708648301210065 16.708648301210065 16.708648301210065 0.0015121082800786344 0.0015121082800786344 0.0015121082800786344 1 1 1 Converged Converged Converged OK OK OK 90 90 90 90 90 90 6 6 6 0 0 0 0 1 0 0 1
94 94 linear 1 23 941 3 0.0001 2.3278980393197344 0.11422290442553604 0.053285758255890686 0.17596363826298628 0.064644432767920035 0.18662078991416442 0.5 0.052020216478269599 17.373786423865358 OK 13 12 0.41947299999999998 0.32724900000000001 0.14269200000000001 0.27127800000000002 0.15762000000000001 0 0.14819499999999997 0.169629 0.14269200000000001 0.0093519999999999992 0.0095809999999999992 0.0087469999999999996 0.11606100000000008 0.13649500000000001 0.11159400000000001 0.0041610000000000006 0.0045149999999999999 0.0041140000000000005 0.001073 0.0011410000000000001 0.0010549999999999999 17.373800683191771 17.373800683191771 17.373800683191771 0.00084085425508634174 0.00084085425508634174 0.00084085425508634174 1 1 1 Converged Converged Converged OK OK OK 90 90 90 90 90 90 6 6 6 0 0 0 0 1 0 0 1
94 94 linear 2 0 942 0 0.001 2.3278980393197344 0.11422290442553604 0.053285758255890686 0.11454935572796975 -0.046193789947374879 0.1038922040767916 0.5 0.1347488023156424 9.6989029250798087 OK 16 15 0.54659100000000005 0.542157 0.21101900000000001 0.33138099999999998 0.33060099999999998 0 0.21521000000000007 0.21155600000000002 0.21101900000000001 0.013008 0.01304 0.01259 0.16881499999999991 0.16522699999999998 0.16514700000000002 0.0043860000000000001 0.0046210000000000001 0.0045929999999999999 0.00109 0.00116 0.001096 9.699700262248216 9.699700262248216 9.699700262248216 0.0076995266412300143 0.0076995266412300143 0.0076995266412300143 1 1 1 Converged Converged Converged OK OK OK 96 96 96 96 96 96 8 8 8 0 0 0 0 0 1 0 0
94 94 linear 2 7 942 1 0.001 2.3278980393197344 0.11422290442553604 0.053285758255890686 0.11454935572796975 -0.046193789947374879 0.11037916595142178 0.5 0.12826184044101224 10.251473018340381 OK 16 15 0.54171100000000005 0.45256200000000002 0.21768899999999999 0.313747 0.19429199999999999 0 0.22796400000000006 0.25827 0.21768899999999999 0.012122000000000001 0.012093 0.011309 0.18477899999999997 0.21661399999999989 0.17808299999999999 0.0062830000000000004 0.0053810000000000004 0.0049580000000000006 0.001224 0.0013210000000000001 0.0011890000000000002 10.251504066486662 10.251504066486662 10.251504066486662 0.0058406982221597611 0.0058406982221597611 0.0058406982221597611 1 1 1 Converged Converged Converged OK OK OK 112 112 112 112 112 112 8 8 8 0 0 0 0 1 0 0 1
94 94 linear 2 15 942 2 0.001 2.3278980393197344 0.11422290442553604 0.053285758255890686 0.11454935572796975 -0.046193789947374879 0.11779283666528483 0.5 0.12084816972714919 10.975574627021741 OK 16 15 0.52842900000000004 0.44111600000000001 0.215393 0.30608000000000002 0.19240699999999999 0 0.22234900000000002 0.24870900000000001 0.215393 0.011965 0.012203 0.011324000000000001 0.18292500000000006 0.20901000000000003 0.17744300000000005 0.0049670000000000009 0.0053099999999999996 0.0049839999999999997 0.0011980000000000001 0.0012129999999999999 0.0012060000000000003 10.975604592398088 10.975604592398088 10.975604592398088 0.0068686237912355397 0.0068686237912355397 0.0068686237912355397 1 1 1 Converged Converged Converged OK OK OK 112 112 112 112 112 112 8 8 8 0 0 0 0 1 0 0 1
94 94 linear 2 23 942 3 0.001 2.3278980393197344 0.11422290442553604 0.053285758255890686 0.11454935572796975 -0.046193789947374879 0.12520650737914787 0.5 0.11343449901328614 11.820753385976573 OK 16 15 0.54718800000000001 0.46404099999999998 0.213923 0.32186500000000001 0.20511599999999999 0 0.225323 0.25892499999999996 0.213923 0.012213 0.012107 0.011358999999999999 0.18479099999999998 0.21927800000000006 0.17612700000000003 0.0056429999999999996 0.0052339999999999999 0.0048859999999999997 0.001366 0.0013749999999999999 0.0012790000000000002 11.820792710835551 11.820792710835551 11.820792710835551 0.0078301095791818136 0.0078301095791818136 0.0078301095791818136 1 1 1 Converged Converged Converged OK OK OK 112 112 112 112 112 112 8 8 8 0 0 0 0 1 0 0 1
94 94 linear 2 0 942 0 0.0001 2.3278980393197344 0.11422290442553604 0.053285758255890686 0.11454935572796975 -0.046193789947374879 0.1038922040767916 0.5 0.1347488023156424 9.6989029250798087 OK 16 15 0.63080199999999997 0.62026599999999998 0.29010599999999998 0.33893000000000001 0.33094099999999999 0 0.29187199999999996 0.289325 0.29010599999999998 0.013002 0.013216 0.012573000000000001 0.22541200000000006 0.22105499999999992 0.22058800000000006 0.0083639999999999999 0.0094160000000000008 0.011816 0.0015530000000000001 0.0016049999999999999 0.0015820000000000001 9.6989063457677513 9.6989063457677513 9.6989063457677513 0.00072942627582887637 0.00072942627582887637 0.00072942627582887637 1 1 1 Converged Converged Converged OK OK OK 160 160 160 160 160 160 8 8 8 0 0 0 0 0 1 0 0
94 94 linear 2 7 942 1 0.0001 2.3278980393197344 0.11422290442553604 0.053285758255890686 0.11454935572796975 -0.046193789947374879 0.11037916595142178 0.5 0.12826184044101224 10.251473018340381 OK 16 15 0.59760400000000002 0.52614099999999997 0.27391799999999999 0.31401099999999998 0.200154 0 0.28359300000000004 0.32598699999999997 0.27391799999999999 0.012282 0.012156 0.011334 0.22993699999999992 0.27329199999999998 0.22240699999999991 0.0094059999999999977 0.0089449999999999998 0.0089730000000000001 0.0015330000000000001 0.0015100000000000001 0.0014879999999999997 10.251510006412261 10.251510006412261 10.251510006412261 0.00073835648658113976 0.00073835648658113976 0.00073835648658113976 1 1 1 Converged Converged Converged OK OK OK 160 160 160 160 160 160 8 8 8 0 0 0 0 1 0 0 1
94 94 linear 2 15 942 2 0.0001 2.3278980393197344 0.11422290442553604 0.053285758255890686 0.11454935572796975 -0.046193789947374879 0.11779283666528483 0.5 0.12084816972714919 10.975574627021741 OK 16 15 0.61948000000000003 0.571882 0.30616599999999999 0.30646699999999999 0.193189 0 0.31301300000000004 0.378693 0.30616599999999999 0.012095 0.012283000000000001 0.011339 0.2539829999999999 0.31555 0.24807300000000013 0.0090669999999999987 0.011489000000000001 0.0093369999999999998 0.0016520000000000003 0.00174 0.0016609999999999999 10.975607832609269 10.975607832609269 10.975607832609269 0.00023494898258166142 0.00023494898258166142 0.00023494898258166142 1 1 1 Converged Converged Converged OK OK OK 176 176 176 176 176 176 8 8 8 0 0 0 0 1 0 0 1
94 94 linear 2 23 942 3 0.0001 2.3278980393197344 0.11422290442553604 0.053285758255890686 0.11454935572796975 -0.046193789947374879 0.12520650737914787 0.5 0.11343449901328614 11.820753385976573 OK 16 15 0.63411200000000001 0.57935499999999995 0.29787400000000003 0.32495400000000002 0.203906 0 0.30915799999999999 0.37544899999999992 0.29787400000000003 0.012022 0.012116999999999999 0.011299999999999999 0.25065899999999991 0.31833699999999993 0.24275100000000016 0.010487999999999999 0.0096010000000000002 0.0092009999999999991 0.0017499999999999998 0.0017629999999999998 0.0017030000000000001 11.820771412541957 11.820771412541957 11.820771412541957 0.00030758237411483095 0.00030758237411483095 0.00030758237411483095 1 1 1 Converged Converged Converged OK OK OK 176 176 176 176 176 176 8 8 8 0 0 0 0 1 0 0 1
94 94 linear 3 0 943 0 0.001 2.3278980393197344 0.11422290442553604 0.053285758255890686 0.14111226610592612 0.087775167108466473 0.13045511445474797 0.5 0.10818589193768605 7.5848015018611097 OK 13 12 0.34417199999999998 0.34452199999999999 0.100369 0.24032500000000001 0.24219099999999999 0 0.10384699999999997 0.10233100000000001 0.100369 0.0099570000000000006 0.0099869999999999994 0.0095879999999999993 0.074780000000000013 0.073480999999999963 0.072241000000000014 0.0027910000000000001 0.0027760000000000003 0.0027880000000000001 0.00067000000000000002 0.00066699999999999995 0.0006379999999999999 7.5847990823813225 7.5847990823813225 7.5847990823813225 0.0020253272446820515 0.0020253272446820515 0.0020253272446820515 1 1 1 Converged Converged Converged OK OK OK 60 60 60 60 60 60 4 4 4 0 0 0 0 0 1 0 0
94 94 linear 3 7 943 1 0.001 2.3278980393197344 0.11422290442553604 0.053285758255890686 0.14111226610592612 0.087775167108466473 0.13694207632937816 0.5 0.10169893006305586 7.9030808643252826 OK 13 12 0.35433599999999998 0.27912399999999998 0.096671000000000007 0.25551499999999999 0.151472 0 0.098820999999999992 0.12765199999999999 0.096671000000000007 0.0090580000000000001 0.0089420000000000003 0.0095619999999999993 0.072227 0.10194500000000004 0.070864999999999984 0.003248 0.0030169999999999997 0.0027330000000000002 0.0007310000000000001 0.00067200000000000007 0.00062100000000000002 7.9030752462254954 7.9030752462254954 7.9030752462254954 0.0017547275200176442 0.0017547275200176442 0.0017547275200176442 1 1 1 Converged Converged Converged OK OK OK 60 60 60 60 60 60 4 4 4 0 0 0 0 1 0 0 1
94 94 linear 3 15 943 2 0.001 2.3278980393197344 0.11422290442553604 0.053285758255890686 0.14111226610592612 0.087775167108466473 0.14435574704324119 0.5 0.094285259349192824 8.3072905967094783 OK 13 12 0.36780099999999999 0.29307299999999997 0.102269 0.26386599999999999 0.156304 0 0.103935 0.13676899999999997 0.102269 0.0094000000000000004 0.0095209999999999999 0.012078999999999999 0.07762899999999999 0.11083000000000001 0.074393999999999974 0.0030930000000000003 0.0029290000000000002 0.0027559999999999998 0.00064500000000000007 0.00065900000000000008 0.00062799999999999998 8.3072843839059747 8.3072843839059747 8.3072843839059747 0.0033643198281039502 0.0033643198281039502 0.0033643198281039502 1 1 1 Converged Converged Converged OK OK OK 60 60 60 60 60 60 4 4 4 0 0 0 0 1 0 0 1
94 94 linear 3 23 943 3 0.001 2.3278980393197344 0.11422290442553604 0.053285758255890686 0.14111226610592612 0.087775167108466473 0.15176941775710426 0.5 0.086871588635329761 8.7648463702701935 OK 13 12 0.38784099999999999 0.31550299999999998 0.11945799999999999 0.26256200000000002 0.15720600000000001 0 0.12527899999999997 0.15829699999999997 0.11945799999999999 0.0095750000000000002 0.009443 0.0088050000000000003 0.09288699999999997 0.12644700000000003 0.089047999999999974 0.0040290000000000005 0.0037910000000000001 0.0037149999999999996 0.00094399999999999996 0.00089999999999999998 0.00085999999999999998 8.764839705885846 8.764839705885846 8.764839705885846 0.001151836846935257 0.001151836846935257 0.001151836846935257 1 1 1 Converged Converged Converged OK OK OK 75 75 75 75 75 75 5 5 5 0 0 0 0 1 0 0 1
94 94 linear 3 0 943 0 0.0001 2.3278980393197344 0.11422290442553604 0.053285758255890686 0.14111226610592612 0.087775167108466473 0.13045511445474797 0.5 0.10818589193768605 7.5848015018611097 OK 13 12 0.36310900000000002 0.36068899999999998 0.118329 0.241061 0.241124 0 0.12204800000000002 0.11956499999999998 0.118329 0.010024999999999999 0.0099520000000000008 0.0095040000000000003 0.088790999999999995 0.086229 0.085596999999999965 0.0036229999999999999 0.0035750000000000001 0.0037779999999999997 0.00079200000000000006 0.00080900000000000004 0.00078899999999999999 7.5847959788303596 7.5847959788303596 7.5847959788303596 0.00036956077120713673 0.00036956077120713673 0.00036956077120713673 1 1 1 Converged Converged Converged OK OK OK 76 76 76 76 76 76 4 4 4 0 0 0 0 0 1 0 0
94 94 linear 3 7 943 1 0.0001 2.3278980393197344 0.11422290442553604 0.053285758255890686 0.14111226610592612 0.087775167108466473 0.13694207632937816 0.5 0.10169893006305586 7.9030808643252826 OK 13 12 0.36204799999999998 0.29660500000000001 0.10480399999999999 0.25663999999999998 0.15129000000000001 0 0.105408 0.145315 0.10480399999999999 0.0088299999999999993 0.0088730000000000007 0.0096229999999999996 0.078448000000000004 0.11769100000000003 0.077154000000000014 0.0032170000000000002 0.0035370000000000002 0.0032759999999999998 0.00072800000000000002 0.00077700000000000013 0.00074400000000000009 7.9030752402996614 7.9030752402996614 7.9030752402996614 0.00075516230256439778 0.00075516230256439778 0.00075516230256439778 1 1 1 Converged Converged Converged OK OK OK 68 68 68 68 68 68 4 4 4 0 0 0 0 1 0 0 1
94 94 linear 3 15 943 2 0.0001 2.3278980393197344 0.11422290442553604 0.053285758255890686 0.14111226610592612 0.087775167108466473 0.14435574704324119 0.5 0.094285259349192824 8.3072905967094783 OK 13 12 0.37225399999999997 0.31370500000000001 0.107227 0.25886999999999999 0.160695 0 0.11338399999999998 0.15301000000000001 0.107227 0.0097520000000000003 0.0094479999999999998 0.0088970000000000004 0.084332000000000004 0.12537800000000002 0.08075800000000001 0.0037029999999999997 0.0033430000000000001 0.0031329999999999999 0.00072800000000000002 0.00073400000000000006 0.00068199999999999999 8.3072843446295082 8.3072843446295082 8.3072843446295082 0.00036956588128568953 0.00036956588128568953 0.00036956588128568953 1 1 1 Converged Converged Converged OK OK OK 68 68 68 68 68 68 4 4 4 0 0 0 0 1 0 0 1
94 94 linear 3 23 943 3 0.0001 2.3278980393197344 0.11422290442553604 0.053285758255890686 0.14111226610592612 0.087775167108466473 0.15176941775710426 0.5 0.086871588635329761 8.7648463702701935 OK 13 12 0.39482 0.32263399999999998 0.13102900000000001 0.26292500000000002 0.15586800000000001 0 0.13189499999999998 0.16676599999999997 0.13102900000000001 0.0093799999999999994 0.0094079999999999997 0.0089999999999999993 0.098278000000000032 0.13256599999999996 0.096948999999999952 0.004052 0.0043200000000000001 0.0039789999999999999 0.00101 0.0010660000000000001 0.000959 8.7648396922590557 8.7648396922590557 8.7648396922590557 0.00026034112887728366 0.00026034112887728366 0.00026034112887728366 1 1 1 Converged Converged Converged OK OK OK 83 83 83 83 83 83 5 5 5 0 0 0 0 1 0 0 1
94 94 linear 4 0 944 0 0.001 2.3278980393197344 0.11422290442553604 0.053285758255890686 -1.6206713202594532 -0.12996051831260008 -1.6313284719106314 0.5 1.8699694783030654 1.8660562092348438 OK 13 12 0.35071400000000003 0.34940700000000002 0.093847 0.25472499999999998 0.25543300000000002 0 0.095989000000000047 0.093974000000000002 0.093847 0.009103 0.0089569999999999997 0.0087180000000000001 0.065176999999999999 0.063450000000000006 0.06340999999999998 0.0031150000000000001 0.0032300000000000002 0.0033189999999999999 0.00071400000000000012 0.00071299999999999998 0.00071400000000000001 1.8660549895791054 1.8660549895791054 1.8660549895791054 0.0007831868291996323 0.0007831868291996323 0.0007831868291996323 1 1 1 Converged Converged Converged OK OK OK 61 61 61 61 61 61 3 3 3 0 0 0 0 0 1 0 0
94 94 linear 4 7 944 1 0.001 2.3278980393197344 0.11422290442553604 0.053285758255890686 -1.6206713202594532 -0.12996051831260008 -1.6248415100360012 0.5 1.8634825164284352 1.8145245132581995 OK 13 12 0.35401899999999997 0.25786500000000001 0.089235999999999996 0.26109500000000002 0.14890700000000001 0 0.092923999999999951 0.108958 0.089235999999999996 0.0083389999999999992 0.0082939999999999993 0.007744 0.065161999999999998 0.081527999999999975 0.062650000000000011 0.00329 0.00331 0.0032339999999999999 0.00069999999999999999 0.00071200000000000007 0.00069300000000000004 1.8145233441259354 1.8145233441259354 1.8145233441259354 0.0007783933566378081 0.0007783933566378081 0.0007783933566378081 1 1 1 Converged Converged Converged OK OK OK 61 61 61 61 61 61 3 3 3 0 0 0 0 1 0 0 1
94 94 linear 4 15 944 2 0.001 2.3278980393197344 0.11422290442553604 0.053285758255890686 -1.6206713202594532 -0.12996051831260008 -1.617427839322138 0.5 1.856068845714572 1.7643335261750011 OK 13 12 0.34834700000000002 0.26361000000000001 0.088377999999999998 0.25688699999999998 0.15204899999999999 0 0.091460000000000041 0.11156100000000002 0.088377999999999998 0.0082760000000000004 0.0083180000000000007 0.0076940000000000003 0.064181000000000016 0.084222000000000005 0.062065000000000016 0.0031320000000000002 0.0031459999999999999 0.0032330000000000002 0.00067999999999999994 0.00076899999999999994 0.000669 1.76433243170558 1.76433243170558 1.76433243170558 0.00076361726973591488 0.00076361726973591488 0.00076361726973591488 1 1 1 Converged Converged Converged OK OK OK 61 61 61 61 61 61 3 3 3 0 0 0 0 1 0 0 1
94 94 linear 4 23 944 3 0.001 2.3278980393197344 0.11422290442553604 0.053285758255890686 -1.6206713202594532 -0.12996051831260008 -1.610014168608275 0.5 1.848655175000709 1.7213464304151866 OK 13 12 0.349657 0.26471800000000001 0.088480000000000003 0.25781100000000001 0.15231500000000001 0 0.091845999999999983 0.112403 0.088480000000000003 0.0082450000000000006 0.0084700000000000001 0.0076360000000000004 0.064644000000000007 0.084689999999999988 0.062431000000000014 0.0031479999999999998 0.0033660000000000001 0.0031719999999999999 0.0007000000000000001 0.0007490000000000001 0.00066200000000000005 1.7213453918485071 1.7213453918485071 1.7213453918485071 0.00074342643998214647 0.00074342643998214647 0.00074342643998214647 1 1 1 Converged Converged Converged OK OK OK 61 61 61 61 61 61 3 3 3 0 0 0 0 1 0 0 1
94 94 linear 4 0 944 0 0.0001 2.3278980393197344 0.11422290442553604 0.053285758255890686 -1.6206713202594532 -0.12996051831260008 -1.6313284719106314 0.5 1.8699694783030654 1.8660562092348438 OK 13 12 0.373693 0.36991800000000002 0.116798 0.252689 0.25187100000000001 0 0.121004 0.11804700000000001 0.116798 0.0090639999999999991 0.009051 0.0085400000000000007 0.083990999999999982 0.08162599999999999 0.081119999999999984 0.0041520000000000003 0.0040619999999999996 0.0039629999999999995 0.00084099999999999995 0.00080499999999999994 0.00080000000000000004 1.866054996335091 1.866054996335091 1.866054996335091 5.5774831315549485e-05 5.5774831315549485e-05 5.5774831315549485e-05 1 1 1 Converged Converged Converged OK OK OK 77 77 77 77 77 77 3 3 3 0 0 0 0 0 1 0 0
94 94 linear 4 7 944 1 0.0001 2.3278980393197344 0.11422290442553604 0.053285758255890686 -1.6206713202594532 -0.12996051831260008 -1.6248415100360012 0.5 1.8634825164284352 1.8145245132581995 OK 13 12 0.37296000000000001 0.28755599999999998 0.113357 0.25561899999999999 0.15404499999999999 0 0.11734100000000003 0.13351099999999999 0.113357 0.0081930000000000006 0.0082389999999999998 0.0076930000000000002 0.085430999999999979 0.10129800000000003 0.082134000000000026 0.0039960000000000004 0.0040359999999999997 0.0040379999999999999 0.000767 0.0007980000000000001 0.00078799999999999996 1.814523348649465 1.814523348649465 1.814523348649465 5.6337132498734687e-05 5.6337132498734687e-05 5.6337132498734687e-05 1 1 1 Converged Converged Converged OK OK OK 77 77 77 77 77 77 3 3 3 0 0 0 0 1 0 0 1
94 94 linear 4 15 944 2 0.0001 2.3278980393197344 0.11422290442553604 0.053285758255890686 -1.6206713202594532 -0.12996051831260008 -1.617427839322138 0.5 1.856068845714572 1.7643335261750011 OK 13 12 0.37410199999999999 0.29233100000000001 0.112265 0.25761600000000001 0.153174 0 0.11648599999999998 0.139157 0.112265 0.0081890000000000001 0.0083899999999999999 0.0077429999999999999 0.084004000000000009 0.106507 0.080960000000000004 0.0040239999999999998 0.0043480000000000003 0.0041179999999999993 0.00084099999999999995 0.00081900000000000007 0.00079799999999999999 1.7643324343913149 1.7643324343913149 1.7643324343913149 5.6987613669610084e-05 5.6987613669610084e-05 5.6987613669610084e-05 1 1 1 Converged Converged Converged OK OK OK 77 77 77 77 77 77 3 3 3 0 0 0 0 1 0 0 1
94 94 linear 4 23 944 3 0.0001 2.3278980393197344 0.11422290442553604 0.053285758255890686 -1.6206713202594532 -0.12996051831260008 -1.610014168608275 0.5 1.848655175000709 1.7213464304151866 OK 13 12 0.37531399999999998 0.28356199999999998 0.112133 0.255075 0.14878 0 0.12023899999999998 0.13478199999999999 0.112133 0.0082039999999999995 0.0082880000000000002 0.007705 0.087959000000000037 0.10265999999999999 0.080896999999999997 0.0041540000000000006 0.004091 0.0040969999999999999 0.00080199999999999998 0.00077999999999999999 0.00079199999999999995 1.7213453932973135 1.7213453932973135 1.7213453932973135 5.7647542739184011e-05 5.7647542739184011e-05 5.7647542739184011e-05 1 1 1 Converged Converged Converged OK OK OK 77 77 77 77 77 77 3 3 3 0 0 0 0 1 0 0 1
94 94 uniform 0 0 945 0 0.001 2.3278980393197344 0.11422290442553604 0.053285758255890686 -1.7948365511522453 -0.0073906533932125082 -1.8054937028034235 0 2.0441347091958573 5.2955678916187354 OK 16 15 0.53534300000000001 0.54425599999999996 0.20235800000000001 0.33263999999999999 0.339671 0 0.20270300000000002 0.20458499999999996 0.20235800000000001 0.013243 0.013478 0.013206000000000001 0.15412199999999998 0.15542200000000003 0.15382399999999993 0.0041009999999999996 0.0043150000000000003 0.0043400000000000001 0.0012110000000000001 0.001219 0.0012000000000000001 5.2955733950552011 5.2955733950552011 5.2955733950552011 0.0021979832775401394 0.0021979832775401394 0.0021979832775401394 1 1 1 Converged Converged Converged OK OK OK 103 103 103 103 103 103 9 9 9 0 0 0 0 0 1 0 0
94 94 uniform 0 7 945 1 0.001 2.3278980393197344 0.11422290442553604 0.053285758255890686 -1.7948365511522453 -0.0073906533932125082 -1.7990067409287933 0 2.0376477473212273 5.5561095593670586 OK 16 15 0.49024400000000001 0.392814 0.17898 0.30928600000000001 0.203787 0 0.18095800000000001 0.189027 0.17898 0.012371 0.012499 0.011469999999999999 0.14525200000000002 0.15250299999999994 0.14469400000000004 0.0038759999999999997 0.0042669999999999991 0.0038570000000000002 0.00093599999999999998 0.0010319999999999999 0.00094600000000000001 5.5560999591341158 5.5560999591341158 5.5560999591341158 0.0051080972436482828 0.0051080972436482828 0.0051080972436482828 1 1 1 Converged Converged Converged OK OK OK 102 102 102 102 102 102 10 10 10 0 0 0 0 1 0 0 1
94 94 uniform 0 15 945 2 0.001 2.3278980393197344 0.11422290442553604 0.053285758255890686 -1.7948365511522453 -0.0073906533932125082 -1.7915930702149301 0 2.0302340766073641 5.8544013801044246 OK 16 15 0.525038 0.41557500000000003 0.191691 0.31959599999999999 0.20508499999999999 0 0.20544200000000001 0.21049000000000004 0.191691 0.013457999999999999 0.01231 0.011429999999999999 0.16285299999999994 0.17047799999999999 0.15362299999999995 0.0043620000000000004 0.0046579999999999998 0.0041640000000000002 0.0011250000000000001 0.001178 0.0011099999999999999 5.854392420409039 5.854392420409039 5.854392420409039 0.0027846199243009018 0.0027846199243009018 0.0027846199243009018 1 1 1 Converged Converged Converged OK OK OK 110 110 110 110 110 110 10 10 10 0 0 0 0 1 0 0 1
94 94 uniform 0 23 945 3 0.001 2.3278980393197344 0.11422290442553604 0.053285758255890686 -1.7948365511522453 -0.0073906533932125082 -1.7841793995010671 0 2.0228204058935013 6.149469535622397 OK 16 15 0.496448 0.40320800000000001 0.17952499999999999 0.31449700000000003 0.20530799999999999 0 0.18195099999999997 0.19790000000000002 0.17952499999999999 0.012159 0.012174000000000001 0.011413 0.14420900000000006 0.15986800000000001 0.14329900000000004 0.0041999999999999997 0.0045379999999999995 0.0040400000000000002 0.0010939999999999999 0.001157 0.0010969999999999999 6.1494507227009603 6.1494507227009603 6.1494507227009603 0.0048016396369337513 0.0048016396369337513 0.0048016396369337513 1 1 1 Converged Converged Converged OK OK OK 110 110 110 110 110 110 10 10 10 0 0 0 0 1 0 0 1
94 94 uniform 0 0 945 0 0.0001 2.3278980393197344 0.11422290442553604 0.053285758255890686 -1.7948365511522453 -0.0073906533932125082 -1.8054937028034235 0 2.0441347091958573 5.2955678916187354 OK 16 15 0.58412200000000003 0.58478699999999995 0.246948 0.33474599999999999 0.33331499999999997 0 0.24937600000000004 0.25147199999999997 0.246948 0.013709000000000001 0.013465 0.012913000000000001 0.18806300000000001 0.18992599999999998 0.18763600000000008 0.0060940000000000005 0.0067070000000000003 0.0058140000000000006 0.0015279999999999998 0.0015840000000000001 0.0015179999999999998 5.2955678023771906 5.2955678023771906 5.2955678023771906 0.00041797403920563016 0.00041797403920563016 0.00041797403920563016 1 1 1 Converged Converged Converged OK OK OK 135 135 135 135 135 135 9 9 9 0 0 0 0 0 1 0 0
94 94 uniform 0 7 945 1 0.0001 2.3278980393197344 0.11422290442553604 0.053285758255890686 -1.7948365511522453 -0.0073906533932125082 -1.7990067409287933 0 2.0376477473212273 5.5561095593670586 OK 16 15 0.55335100000000004 0.46229199999999998 0.24455199999999999 0.31270300000000001 0.20290800000000001 0 0.24064800000000003 0.25938399999999995 0.24455199999999999 0.012198000000000001 0.012385999999999999 0.016965999999999998 0.19413499999999986 0.21247199999999994 0.19398799999999991 0.0057269999999999995 0.0061319999999999994 0.0059080000000000001 0.001436 0.0015449999999999999 0.0014329999999999998 5.5561119692540748 5.5561119692540748 5.5561119692540748 0.00046514750521654396 0.00046514750521654396 0.00046514750521654396 1 1 1 Converged Converged Converged OK OK OK 142 142 142 142 142 142 10 10 10 0 0 0 0 1 0 0 1
94 94 uniform 0 15 945 2 0.0001 2.3278980393197344 0.11422290442553604 0.053285758255890686 -1.7948365511522453 -0.0073906533932125082 -1.7915930702149301 0 2.0302340766073641 5.8544013801044246 OK 16 15 0.57149799999999995 0.47778399999999999 0.24822 0.31584200000000001 0.20704400000000001 0 0.25565599999999994 0.27073999999999998 0.24822 0.012463999999999999 0.012259000000000001 0.011513000000000001 0.20487399999999992 0.22072000000000008 0.19991700000000015 0.0062960000000000004 0.0061989999999999988 0.0061399999999999996 0.0016000000000000001 0.001565 0.0015480000000000001 5.8544025697126107 5.8544025697126107 5.8544025697126107 0.00037386934032544939 0.00037386934032544939 0.00037386934032544939 1 1 1 Converged Converged Converged OK OK OK 150 150 150 150 150 150 10 10 10 0 0 0 0 1 0 0 1
94 94 uniform 0 23 945 3 0.0001 2.3278980393197344 0.11422290442553604 0.053285758255890686 -1.7948365511522453 -0.0073906533932125082 -1.7841793995010671 0 2.0228204058935013 6.149469535622397 OK 16 15 0.55024700000000004 0.46624700000000002 0.23647699999999999 0.31055300000000002 0.20474300000000001 0 0.23969400000000002 0.26150400000000001 0.23647699999999999 0.012302 0.012234999999999999 0.011486 0.19161500000000004 0.21368900000000002 0.19030300000000011 0.0063199999999999992 0.0061389999999999995 0.0060000000000000001 0.0015860000000000002 0.0015840000000000001 0.001544 6.1494690802441907 6.1494690802441907 6.1494690802441907 0.00052331452612222064 0.00052331452612222064 0.00052331452612222064 1 1 1 Converged Converged Converged OK OK OK 150 150 150 150 150 150 10 10 10 0 0 0 0 1 0 0 1
94 94 uniform 1 0 946 0 0.001 2.3278980393197344 0.11422290442553604 0.053285758255890686 0.17596363826298628 0.064644432767920035 0.16530648661180813 0 0.073334519780625884 15.081949740824447 OK 13 12 0.39054699999999998 0.383519 0.108072 0.28126699999999999 0.27590100000000001 0 0.10927999999999999 0.10761799999999999 0.108072 0.01047 0.010370000000000001 0.010305999999999999 0.073248000000000021 0.072693000000000008 0.072431000000000009 0.0036189999999999998 0.0034850000000000003 0.0038379999999999998 0.00080399999999999992 0.00074799999999999997 0.00088899999999999992 15.081946719526973 15.081946719526973 15.081946719526973 0.013516129926779171 0.013516129926779171 0.013516129926779171 1 1 1 Converged Converged Converged OK OK OK 74 74 74 74 74 74 6 6 6 0 0 0 0 0 1 0 0
94 94 uniform 1 7 946 1 0.001 2.3278980393197344 0.11422290442553604 0.053285758255890686 0.17596363826298628 0.064644432767920035 0.17179344848643832 0 0.066847557905995697 16.075509239643072 OK 13 12 0.375948 0.28187000000000001 0.101492 0.26758999999999999 0.15939999999999999 0 0.10835800000000001 0.12247000000000002 0.101492 0.013204 0.0092329999999999999 0.0086090000000000003 0.076985000000000026 0.096224000000000004 0.075827999999999993 0.003091 0.0027489999999999997 0.0029399999999999999 0.00095600000000000004 0.00070299999999999996 0.00081299999999999992 16.075485866082367 16.075485866082367 16.075485866082367 0.0087575297317455704 0.0087575297317455704 0.0087575297317455704 1 1 1 Converged Converged Converged OK OK OK 66 66 66 66 66 66 6 6 6 0 0 0 0 1 0 0 1
94 94 uniform 1 15 946 2 0.001 2.3278980393197344 0.11422290442553604 0.053285758255890686 0.17596363826298628 0.064644432767920035 0.17920711920030136 0 0.059433887192132662 16.87161374234789 OK 13 12 0.370977 0.28734300000000002 0.095555000000000001 0.273704 0.16921900000000001 0 0.097272999999999998 0.11812400000000001 0.095555000000000001 0.0094149999999999998 0.0095300000000000003 0.0087760000000000008 0.070855999999999975 0.091260999999999981 0.069884000000000002 0.0026930000000000005 0.0028060000000000003 0.0028379999999999998 0.00073200000000000001 0.00082800000000000007 0.00078399999999999997 16.871614688283515 16.871614688283515 16.871614688283515 0.011130853655460035 0.011130853655460035 0.011130853655460035 1 1 1 Converged Converged Converged OK OK OK 66 66 66 66 66 66 6 6 6 0 0 0 0 1 0 0 1
94 94 uniform 1 23 946 3 0.001 2.3278980393197344 0.11422290442553604 0.053285758255890686 0.17596363826298628 0.064644432767920035 0.18662078991416442 0 0.052020216478269599 17.392133316257517 OK 13 12 0.36839100000000002 0.27449099999999999 0.094308000000000003 0.27209299999999997 0.16014999999999999 0 0.09629800000000005 0.114341 0.094308000000000003 0.0093419999999999996 0.0094310000000000001 0.008829 0.071291000000000007 0.088631000000000029 0.070320000000000021 0.0025630000000000002 0.0030019999999999999 0.0025709999999999999 0.00070200000000000004 0.00076899999999999994 0.00074100000000000012 17.392129829046667 17.392129829046667 17.392129829046667 0.0057114761579542001 0.0057114761579542001 0.0057114761579542001 1 1 1 Converged Converged Converged OK OK OK 66 66 66 66 66 66 6 6 6 0 0 0 0 1 0 0 1
94 94 uniform 1 0 946 0 0.0001 2.3278980393197344 0.11422290442553604 0.053285758255890686 0.17596363826298628 0.064644432767920035 0.16530648661180813 0 0.073334519780625884 15.081949740824447 OK 13 12 0.40570299999999998 0.411468 0.13236700000000001 0.27701399999999998 0.27834399999999998 0 0.128689 0.13312400000000002 0.13236700000000001 0.010356000000000001 0.010684000000000001 0.011225000000000001 0.087727000000000027 0.091389000000000026 0.089772999999999992 0.0041399999999999996 0.0044269999999999995 0.0043839999999999999 0.00099000000000000021 0.001181 0.0010890000000000001 15.081946964346237 15.081946964346237 15.081946964346237 0.0010990211956757429 0.0010990211956757429 0.0010990211956757429 1 1 1 Converged Converged Converged OK OK OK 90 90 90 90 90 90 6 6 6 0 0 0 0 0 1 0 0
94 94 uniform 1 7 946 1 0.0001 2.3278980393197344 0.11422290442553604 0.053285758255890686 0.17596363826298628 0.064644432767920035 0.17179344848643832 0 0.066847557905995697 16.075509239643072 OK 13 12 0.413663 0.341088 0.14199999999999999 0.26937800000000001 0.162296 0 0.144285 0.17879200000000001 0.14199999999999999 0.0093480000000000004 0.009476 0.008848 0.10406599999999999 0.13780400000000004 0.10322199999999992 0.0050340000000000003 0.0055550000000000009 0.0052239999999999995 0.001242 0.0013239999999999999 0.0012540000000000001 16.0755059926713 16.0755059926713 16.0755059926713 0.00093751848012422426 0.00093751848012422426 0.00093751848012422426 1 1 1 Converged Converged Converged OK OK OK 106 106 106 106 106 106 6 6 6 0 0 0 0 1 0 0 1
94 94 uniform 1 15 946 2 0.0001 2.3278980393197344 0.11422290442553604 0.053285758255890686 0.17596363826298628 0.064644432767920035 0.17920711920030136 0 0.059433887192132662 16.87161374234789 OK 13 12 0.40846100000000002 0.34168500000000002 0.13539200000000001 0.27178000000000002 0.17286799999999999 0 0.136681 0.16881700000000002 0.13539200000000001 0.0094409999999999997 0.009672 0.0088100000000000001 0.098537000000000041 0.12833799999999992 0.097853999999999983 0.0049560000000000003 0.0061339999999999997 0.0053689999999999996 0.001091 0.001225 0.0011659999999999999 16.871609334881086 16.871609334881086 16.871609334881086 0.00030093675951393283 0.00030093675951393283 0.00030093675951393283 1 1 1 Converged Converged Converged OK OK OK 106 106 106 106 106 106 6 6 6 0 0 0 0 1 0 0 1
94 94 uniform 1 23 946 3 0.0001 2.3278980393197344 0.11422290442553604 0.053285758255890686 0.17596363826298628 0.064644432767920035 0.18662078991416442 0 0.052020216478269599 17.392133316257517 OK 13 12 0.39597500000000002 0.30416900000000002 0.118159 0.27462799999999998 0.15896199999999999 0 0.12134700000000004 0.14520700000000003 0.118159 0.0094509999999999993 0.0095370000000000003 0.0088170000000000002 0.089312000000000002 0.11235900000000003 0.087736000000000008 0.0037790000000000002 0.0043699999999999998 0.0037189999999999992 0.0010500000000000002 0.0010759999999999999 0.0010210000000000002 17.392128908835254 17.392128908835254 17.392128908835254 0.00080808542621260888 0.00080808542621260888 0.00080808542621260888 1 1 1 Converged Converged Converged OK OK OK 90 90 90 90 90 90 6 6 6 0 0 0 0 1 0 0 1
94 94 uniform 2 0 947 0 0.001 2.3278980393197344 0.11422290442553604 0.053285758255890686 0.11454935572796975 -0.046193789947374879 0.1038922040767916 0 0.1347488023156424 9.9989509478513146 OK 16 15 0.51894700000000005 0.52132699999999998 0.185914 0.333449 0.33403699999999997 0 0.18549800000000005 0.18729000000000001 0.185914 0.01298 0.012947999999999999 0.012710000000000001 0.13500100000000001 0.13682199999999997 0.135273 0.0046830000000000005 0.0046249999999999998 0.0049079999999999992 0.001207 0.0012110000000000001 0.0013059999999999999 9.9989461914073043 9.9989461914073043 9.9989461914073043 0.0032517832600627585 0.0032517832600627585 0.0032517832600627585 1 1 1 Converged Converged Converged OK OK OK 112 112 112 112 112 112 8 8 8 0 0 0 0 0 1 0 0
94 94 uniform 2 7 947 1 0.001 2.3278980393197344 0.11422290442553604 0.053285758255890686 0.11454935572796975 -0.046193789947374879 0.11037916595142178 0 0.12826184044101224 10.600257277682468 OK 16 15 0.49098799999999998 0.40234700000000001 0.173012 0.31718400000000002 0.193441 0 0.17380399999999996 0.20890600000000001 0.173012 0.012097999999999999 0.012274 0.011512 0.13462799999999997 0.16906099999999999 0.13460300000000006 0.0045250000000000004 0.0048330000000000005 0.0047660000000000003 0.0011669999999999999 0.0012419999999999998 0.0011870000000000001 10.600250830341764 10.600250830341764 10.600250830341764 0.0041485268522563953 0.0041485268522563953 0.0041485268522563953 1 1 1 Converged Converged Converged OK OK OK 112 112 112 112 112 112 8 8 8 0 0 0 0 1 0 0 1
94 94 uniform 2 15 947 2 0.001 2.3278980393197344 0.11422290442553604 0.053285758255890686 0.11454935572796975 -0.046193789947374879 0.11779283666528483 0 0.12084816972714919 11.383770182310705 OK 16 15 0.488483 0.40056399999999998 0.17146800000000001 0.31090600000000002 0.19275300000000001 0 0.17757699999999998 0.20781099999999997 0.17146800000000001 0.012211 0.012225 0.011379 0.13761999999999996 0.16656000000000007 0.133794 0.0047289999999999997 0.0059810000000000011 0.0045629999999999993 0.001232 0.0012570000000000001 0.001222 11.383768936795857 11.383768936795857 11.383768936795857 0.0055934684739579119 0.0055934684739579119 0.0055934684739579119 1 1 1 Converged Converged Converged OK OK OK 112 112 112 112 112 112 8 8 8 0 0 0 0 1 0 0 1
94 94 uniform 2 23 947 3 0.001 2.3278980393197344 0.11422290442553604 0.053285758255890686 0.11454935572796975 -0.046193789947374879 0.12520650737914787 0 0.11343449901328614 12.291374314749032 OK 16 15 0.49374899999999999 0.42211599999999999 0.17169899999999999 0.31867000000000001 0.20549200000000001 0 0.17507899999999998 0.21662399999999998 0.17169899999999999 0.012071999999999999 0.012409 0.011279000000000001 0.13542899999999991 0.17628500000000003 0.13438200000000006 0.0050429999999999997 0.0055659999999999998 0.0045260000000000005 0.0012939999999999998 0.001238 0.001155 12.291406802804612 12.291406802804612 12.291406802804612 0.006742285068188112 0.006742285068188112 0.006742285068188112 1 1 1 Converged Converged Converged OK OK OK 112 112 112 112 112 112 8 8 8 0 0 0 0 1 0 0 1
94 94 uniform 2 0 947 0 0.0001 2.3278980393197344 0.11422290442553604 0.053285758255890686 0.11454935572796975 -0.046193789947374879 0.1038922040767916 0 0.1347488023156424 9.9989509478513146 OK 16 15 0.57198499999999997 0.56842999999999999 0.238598 0.33718399999999998 0.33476099999999998 0 0.23480099999999998 0.23366900000000002 0.238598 0.013187000000000001 0.013093 0.012739 0.16727700000000006 0.16742000000000001 0.17132899999999998 0.0080830000000000016 0.0080070000000000002 0.0085609999999999992 0.0015669999999999998 0.001575 0.0016100000000000001 9.9989513941812902 9.9989513941812902 9.9989513941812902 0.00037143935948885247 0.00037143935948885247 0.00037143935948885247 1 1 1 Converged Converged Converged OK OK OK 160 160 160 160 160 160 8 8 8 0 0 0 0 0 1 0 0
94 94 uniform 2 7 947 1 0.0001 2.3278980393197344 0.11422290442553604 0.053285758255890686 0.11454935572796975 -0.046193789947374879 0.11037916595142178 0 0.12826184044101224 10.600257277682468 OK 16 15 0.536327 0.47003099999999998 0.21601500000000001 0.31547900000000001 0.194851 0 0.22084799999999999 0.27517999999999998 0.21601500000000001 0.012034 0.012056000000000001 0.01137 0.16603100000000007 0.220161 0.16583300000000004 0.0078150000000000008 0.011736 0.007951999999999999 0.0014419999999999999 0.0014749999999999997 0.0015029999999999998 10.600258020151177 10.600258020151177 10.600258020151177 0.00067205194738863847 0.00067205194738863847 0.00067205194738863847 1 1 1 Converged Converged Converged OK OK OK 160 160 160 160 160 160 8 8 8 0 0 0 0 1 0 0 1
94 94 uniform 2 15 947 2 0.0001 2.3278980393197344 0.11422290442553604 0.053285758255890686 0.11454935572796975 -0.046193789947374879 0.11779283666528483 0 0.12084816972714919 11.383770182310705 OK 16 15 0.53628699999999996 0.47412399999999999 0.222693 0.31014399999999998 0.196437 0 0.22614299999999998 0.27768700000000002 0.222693 0.012052999999999999 0.012064 0.011315 0.17492000000000005 0.22543500000000011 0.17304099999999997 0.007814999999999999 0.0084390000000000003 0.0079220000000000002 0.0015090000000000001 0.001619 0.001511 11.383769946845996 11.383769946845996 11.383769946845996 0.00080757236881392699 0.00080757236881392699 0.00080757236881392699 1 1 1 Converged Converged Converged OK OK OK 160 160 160 160 160 160 8 8 8 0 0 0 0 1 0 0 1
94 94 uniform 2 23 947 3 0.0001 2.3278980393197344 0.11422290442553604 0.053285758255890686 0.11454935572796975 -0.046193789947374879 0.12520650737914787 0 0.11343449901328614 12.291374314749032 OK 16 15 0.54566300000000001 0.50582000000000005 0.22073799999999999 0.32056699999999999 0.20630999999999999 0 0.22509600000000002 0.29951000000000005 0.22073799999999999 0.012174000000000001 0.012456999999999999 0.011271 0.17299599999999993 0.24610699999999994 0.1715260000000001 0.0084960000000000001 0.0091599999999999997 0.007757 0.0016050000000000001 0.0015910000000000002 0.0014610000000000001 12.29137371655014 12.29137371655014 12.29137371655014 0.00079191262367891036 0.00079191262367891036 0.00079191262367891036 1 1 1 Converged Converged Converged OK OK OK 160 160 160 160 160 160 8 8 8 0 0 0 0 1 0 0 1
94 94 uniform 3 0 948 0 0.001 2.3278980393197344 0.11422290442553604 0.053285758255890686 0.14111226610592612 0.087775167108466473 0.13045511445474797 0 0.10818589193768605 7.6102182511576526 OK 13 12 0.30809199999999998 0.31405 0.072653999999999996 0.23727599999999999 0.24319099999999999 0 0.07081599999999999 0.070859000000000005 0.072653999999999996 0.0098740000000000008 0.0098670000000000008 0.010817 0.047801999999999997 0.047889999999999988 0.048675999999999997 0.0017109999999999998 0.0018729999999999999 0.0017459999999999997 0.000513 0.00051000000000000004 0.00052899999999999996 7.6102175155009766 7.6102175155009766 7.6102175155009766 0.0063349288977002181 0.0063349288977002181 0.0063349288977002181 1 1 1 Converged Converged Converged OK OK OK 44 44 44 44 44 44 4 4 4 0 0 0 0 0 1 0 0
94 94 uniform 3 7 948 1 0.001 2.3278980393197344 0.11422290442553604 0.053285758255890686 0.14111226610592612 0.087775167108466473 0.13694207632937816 0 0.10169893006305586 7.9321439698624703 OK 13 12 0.31867899999999999 0.239895 0.063514000000000001 0.254135 0.155002 0 0.06454399999999999 0.084892999999999996 0.063514000000000001 0.0088690000000000001 0.0090299999999999998 0.0082839999999999997 0.044694000000000005 0.064804000000000014 0.044500999999999999 0.0016489999999999999 0.001766 0.0016870000000000001 0.00047199999999999998 0.000455 0.00047899999999999999 7.9321372582231904 7.9321372582231904 7.9321372582231904 0.0051663506968180686 0.0051663506968180686 0.0051663506968180686 1 1 1 Converged Converged Converged OK OK OK 44 44 44 44 44 44 4 4 4 0 0 0 0 1 0 0 1
94 94 uniform 3 15 948 2 0.001 2.3278980393197344 0.11422290442553604 0.053285758255890686 0.14111226610592612 0.087775167108466473 0.14435574704324119 0 0.094285259349192824 8.3421736383238674 OK 13 12 0.32706299999999999 0.25582199999999999 0.069139999999999993 0.25603300000000001 0.15944700000000001 0 0.071029999999999982 0.096374999999999988 0.069139999999999993 0.0095270000000000007 0.0094140000000000005 0.0089490000000000004 0.050162999999999992 0.075629000000000002 0.049505 0.0017749999999999999 0.001861 0.0016329999999999999 0.00054799999999999998 0.00053800000000000007 0.000522 8.3421650474575859 8.3421650474575859 8.3421650474575859 0.0056245483267898183 0.0056245483267898183 0.0056245483267898183 1 1 1 Converged Converged Converged OK OK OK 44 44 44 44 44 44 4 4 4 0 0 0 0 1 0 0 1
94 94 uniform 3 23 948 3 0.001 2.3278980393197344 0.11422290442553604 0.053285758255890686 0.14111226610592612 0.087775167108466473 0.15176941775710426 0 0.086871588635329761 8.8084148667743953 OK 13 12 0.35058899999999998 0.28099400000000002 0.086773000000000003 0.26272400000000001 0.15731400000000001 0 0.087864999999999971 0.12368000000000001 0.086773000000000003 0.0092680000000000002 0.0094529999999999996 0.0088260000000000005 0.061271999999999986 0.096618999999999997 0.061150999999999997 0.0025609999999999999 0.0027560000000000002 0.0024970000000000001 0.00066699999999999995 0.00069499999999999998 0.00064700000000000001 8.8084104754088681 8.8084104754088681 8.8084104754088681 0.003502787531352144 0.003502787531352144 0.003502787531352144 1 1 1 Converged Converged Converged OK OK OK 59 59 59 59 59 59 5 5 5 0 0 0 0 1 0 0 1
94 94 uniform 3 0 948 0 0.0001 2.3278980393197344 0.11422290442553604 0.053285758255890686 0.14111226610592612 0.087775167108466473 0.13045511445474797 0 0.10818589193768605 7.6102182511576526 OK 13 12 0.34477600000000003 0.34601999999999999 0.108414 0.23997599999999999 0.23855799999999999 0 0.10480000000000003 0.107462 0.108414 0.010038999999999999 0.0097249999999999993 0.0095619999999999993 0.07112700000000001 0.075288999999999981 0.076190999999999981 0.003545 0.0033350000000000003 0.0033650000000000004 0.00088400000000000002 0.00072499999999999995 0.00071600000000000006 7.6102175339545788 7.6102175339545788 7.6102175339545788 0.00028265358597480498 0.00028265358597480498 0.00028265358597480498 1 1 1 Converged Converged Converged OK OK OK 76 76 76 76 76 76 4 4 4 0 0 0 0 0 1 0 0
94 94 uniform 3 7 948 1 0.0001 2.3278980393197344 0.11422290442553604 0.053285758255890686 0.14111226610592612 0.087775167108466473 0.13694207632937816 0 0.10169893006305586 7.9321439698624703 OK 13 12 0.352686 0.28901199999999999 0.094709000000000002 0.252884 0.15137900000000001 0 0.099802000000000002 0.13763299999999998 0.094709000000000002 0.0088330000000000006 0.0088170000000000002 0.0082550000000000002 0.067992999999999998 0.109376 0.067438000000000012 0.0034819999999999999 0.0034359999999999998 0.0032579999999999996 0.00072599999999999997 0.00069799999999999994 0.00068700000000000011 7.9321429256397336 7.9321429256397336 7.9321429256397336 0.00065158436319095992 0.00065158436319095992 0.00065158436319095992 1 1 1 Converged Converged Converged OK OK OK 76 76 76 76 76 76 4 4 4 0 0 0 0 1 0 0 1
94 94 uniform 3 15 948 2 0.0001 2.3278980393197344 0.11422290442553604 0.053285758255890686 0.14111226610592612 0.087775167108466473 0.14435574704324119 0 0.094285259349192824 8.3421736383238674 OK 13 12 0.35870999999999997 0.29443000000000003 0.093297000000000005 0.26342399999999999 0.15578800000000001 0 0.095285999999999982 0.13864200000000002 0.093297000000000005 0.0093290000000000005 0.009469 0.0089589999999999999 0.067738000000000034 0.11144800000000001 0.067177000000000001 0.0030820000000000001 0.0031330000000000004 0.0029069999999999999 0.00079900000000000001 0.00077500000000000008 0.00076800000000000002 8.3421725053495734 8.3421725053495734 8.3421725053495734 0.00052016915052797378 0.00052016915052797378 0.00052016915052797378 1 1 1 Converged Converged Converged OK OK OK 68 68 68 68 68 68 4 4 4 0 0 0 0 1 0 0 1
94 94 uniform 3 23 948 3 0.0001 2.3278980393197344 0.11422290442553604 0.053285758255890686 0.14111226610592612 0.087775167108466473 0.15176941775710426 0 0.086871588635329761 8.8084148667743953 OK 13 12 0.37121700000000002 0.30039500000000002 0.106864 0.26121800000000001 0.15323200000000001 0 0.10999900000000001 0.14716300000000002 0.106864 0.0095619999999999993 0.0094750000000000008 0.0087240000000000009 0.076141000000000014 0.11354500000000001 0.07522100000000001 0.0041099999999999999 0.0043540000000000002 0.0037590000000000002 0.0010539999999999998 0.0010369999999999999 0.00092299999999999999 8.8084137241350469 8.8084137241350469 8.8084137241350469 0.00031087372625425257 0.00031087372625425257 0.00031087372625425257 1 1 1 Converged Converged Converged OK OK OK 83 83 83 83 83 83 5 5 5 0 0 0 0 1 0 0 1
94 94 uniform 4 0 949 0 0.001 2.3278980393197344 0.11422290442553604 0.053285758255890686 -1.6206713202594532 -0.12996051831260008 -1.6313284719106314 0 1.8699694783030654 1.8708436196463007 OK 13 12 0.31871300000000002 0.31614999999999999 0.062698000000000004 0.254299 0.25274400000000002 0 0.064414000000000027 0.063405999999999962 0.062698000000000004 0.0090910000000000001 0.0088789999999999997 0.0086160000000000004 0.038768000000000011 0.038714999999999992 0.03840699999999999 0.0022260000000000001 0.0021639999999999997 0.0021700000000000001 0.00063900000000000003 0.00062399999999999999 0.00061799999999999995 1.8708434958210081 1.8708434958210081 1.8708434958210081 0.00082517046472662498 0.00082517046472662498 0.00082517046472662498 1 1 1 Converged Converged Converged OK OK OK 45 45 45 45 45 45 3 3 3 0 0 0 0 0 1 0 0
94 94 uniform 4 7 949 1 0.001 2.3278980393197344 0.11422290442553604 0.053285758255890686 -1.6206713202594532 -0.12996051831260008 -1.6248415100360012 0 1.8634825164284352 1.8184715889854755 OK 13 12 0.31624600000000003 0.226907 0.059025000000000001 0.25592199999999998 0.150537 0 0.060324000000000044 0.076369999999999993 0.059025000000000001 0.0081670000000000006 0.0083000000000000001 0.0076959999999999997 0.038037000000000008 0.054143999999999998 0.037616999999999998 0.0022299999999999998 0.0023319999999999999 0.0022139999999999998 0.000571 0.00058799999999999998 0.00055199999999999997 1.8184714943385325 1.8184714943385325 1.8184714943385325 0.0007793989917483867 0.0007793989917483867 0.0007793989917483867 1 1 1 Converged Converged Converged OK OK OK 45 45 45 45 45 45 3 3 3 0 0 0 0 1 0 0 1
94 94 uniform 4 15 949 2 0.001 2.3278980393197344 0.11422290442553604 0.053285758255890686 -1.6206713202594532 -0.12996051831260008 -1.617427839322138 0 1.856068845714572 1.7676216945321779 OK 13 12 0.32165199999999999 0.23317199999999999 0.059164000000000001 0.25585999999999998 0.15642300000000001 0 0.065792000000000017 0.076748999999999984 0.059164000000000001 0.0082140000000000008 0.0082500000000000004 0.0076689999999999996 0.038728999999999993 0.054557000000000008 0.037931000000000013 0.0067269999999999995 0.0022780000000000001 0.002199 0.00059199999999999997 0.00057399999999999997 0.000553 1.7676216362949633 1.7676216362949633 1.7676216362949633 0.00073575376929737083 0.00073575376929737083 0.00073575376929737083 1 1 1 Converged Converged Converged OK OK OK 45 45 45 45 45 45 3 3 3 0 0 0 0 1 0 0 1
94 94 uniform 4 23 949 3 0.001 2.3278980393197344 0.11422290442553604 0.053285758255890686 -1.6206713202594532 -0.12996051831260008 -1.610014168608275 0 1.848655175000709 1.7241772239272175 OK 13 12 0.315863 0.22379299999999999 0.058716999999999998 0.25557999999999997 0.147811 0 0.060283000000000031 0.075981999999999994 0.058716999999999998 0.0081740000000000007 0.0083770000000000008 0.007698 0.03802500000000001 0.053784999999999993 0.037518000000000003 0.0021780000000000002 0.0022209999999999999 0.0021389999999999998 0.00056800000000000004 0.00056700000000000001 0.00054699999999999996 1.7241771793186329 1.7241771793186329 1.7241771793186329 0.00069953609279642642 0.00069953609279642642 0.00069953609279642642 1 1 1 Converged Converged Converged OK OK OK 45 45 45 45 45 45 3 3 3 0 0 0 0 1 0 0 1
94 94 uniform 4 0 949 0 0.0001 2.3278980393197344 0.11422290442553604 0.053285758255890686 -1.6206713202594532 -0.12996051831260008 -1.6313284719106314 0 1.8699694783030654 1.8708436196463007 OK 13 12 0.36035899999999998 0.35759000000000002 0.102242 0.25259500000000001 0.25433699999999998 0 0.10776399999999997 0.10325300000000004 0.102242 0.0088699999999999994 0.0091229999999999992 0.008744 0.071359000000000006 0.066502999999999965 0.066229000000000024 0.0039049999999999996 0.0040179999999999999 0.0039319999999999997 0.00086399999999999997 0.00089000000000000017 0.00089700000000000001 1.8708435059424078 1.8708435059424078 1.8708435059424078 1.1651226071153164e-05 1.1651226071153164e-05 1.1651226071153164e-05 1 1 1 Converged Converged Converged OK OK OK 77 77 77 77 77 77 3 3 3 0 0 0 0 0 1 0 0
94 94 uniform 4 7 949 1 0.0001 2.3278980393197344 0.11422290442553604 0.053285758255890686 -1.6206713202594532 -0.12996051831260008 -1.6248415100360012 0 1.8634825164284352 1.8184715889854755 OK 13 12 0.353325 0.27060400000000001 0.098172999999999996 0.25358999999999998 0.15229899999999999 0 0.099735000000000018 0.11830500000000002 0.098172999999999996 0.0083099999999999997 0.0083420000000000005 0.0077229999999999998 0.067361000000000004 0.086126999999999995 0.066955000000000015 0.0038980000000000004 0.0039980000000000007 0.0038679999999999999 0.00084099999999999995 0.00085300000000000003 0.00079099999999999993 1.8184715033540368 1.8184715033540368 1.8184715033540368 1.1767047337816859e-05 1.1767047337816859e-05 1.1767047337816859e-05 1 1 1 Converged Converged Converged OK OK OK 77 77 77 77 77 77 3 3 3 0 0 0 0 1 0 0 1
94 94 uniform 4 15 949 2 0.0001 2.3278980393197344 0.11422290442553604 0.053285758255890686 -1.6206713202594532 -0.12996051831260008 -1.617427839322138 0 1.856068845714572 1.7676216945321779 OK 13 12 0.35461199999999998 0.277258 0.096854999999999997 0.25617600000000001 0.151644 0 0.098435999999999968 0.125614 0.096854999999999997 0.0082360000000000003 0.0083280000000000003 0.0077409999999999996 0.066444000000000017 0.093268000000000031 0.065945000000000017 0.0038440000000000002 0.0039789999999999999 0.0038550000000000004 0.00083900000000000001 0.00082900000000000009 0.00079799999999999999 1.7676216442338033 1.7676216442338033 1.7676216442338033 1.190180140728029e-05 1.190180140728029e-05 1.190180140728029e-05 1 1 1 Converged Converged Converged OK OK OK 77 77 77 77 77 77 3 3 3 0 0 0 0 1 0 0 1
94 94 uniform 4 23 949 3 0.0001 2.3278980393197344 0.11422290442553604 0.053285758255890686 -1.6206713202594532 -0.12996051831260008 -1.610014168608275 0 1.848655175000709 1.7241772239272175 OK 13 12 0.360267 0.26800800000000002 0.096617999999999996 0.26189099999999998 0.14805199999999999 0 0.098376000000000019 0.11995600000000003 0.096617999999999996 0.0082050000000000005 0.0082889999999999995 0.0076559999999999996 0.066546999999999995 0.087634000000000004 0.065721000000000002 0.0038250000000000003 0.0039610000000000001 0.00379 0.00078100000000000001 0.00078699999999999994 0.00076900000000000004 1.7241771864577895 1.7241771864577895 1.7241771864577895 1.203979646629756e-05 1.203979646629756e-05 1.203979646629756e-05 1 1 1 Converged Converged Converged OK OK OK 77 77 77 77 77 77 3 3 3 0 0 0 0 1 0 0 1
95 95 linear 0 0 950 0 0.001 2.4374773061751362 0.067446387773748978 0.00013684798088952349 0.14061054067940126 -9.8205499554224893e-06 0.14058317108322335 0.5 0.013428347869845175 1893.3881577446809 OK 16 15 0.98184899999999997 0.97864700000000004 0.331563 0.63794799999999996 0.64490199999999998 0 0.34390100000000001 0.33374500000000007 0.331563 0.010574999999999999 0.010647 0.010189999999999999 0.29251999999999989 0.28297599999999995 0.28185500000000008 0.0068110000000000002 0.0065539999999999999 0.0062859999999999999 0.00093400000000000004 0.00087799999999999998 0.00093900000000000006 1893.3702440111442 1893.3702440111442 1893.3702440111442 1.6030902065944805 1.6030902065944805 1.6030902065944805 1 1 1 Converged Converged Converged OK OK OK 113 113 113 113 113 113 7 7 7 0 0 0 0 0 1 0 0
95 95 linear 0 7 950 1 0.001 2.4374773061751362 0.067446387773748978 0.00013684798088952349 0.14061054067940126 -9.8205499554224893e-06 0.14059983083741862 0.5 0.013411688115649911 1866.0959250392978 OK 16 15 0.937643 0.95247400000000004 0.32546799999999998 0.59880999999999995 0.47290500000000002 0 0.33883300000000005 0.47956900000000002 0.32546799999999998 0.0095420000000000001 0.0095729999999999999 0.0088520000000000005 0.28993699999999994 0.43401899999999999 0.28389400000000004 0.012109999999999999 0.0069759999999999996 0.0061790000000000005 0.00097100000000000007 0.00095799999999999998 0.00098299999999999993 1866.0660338455198 1866.0660338455198 1866.0660338455198 1.6091568006130363 1.6091568006130363 1.6091568006130363 1 1 1 Converged Converged Converged OK OK OK 113 113 113 113 113 113 7 7 7 0 0 0 0 1 0 0 1
95 95 linear 0 15 950 2 0.001 2.4374773061751362 0.067446387773748978 0.00013684798088952349 0.14061054067940126 -9.8205499554224893e-06 0.14061887055649888 0.5 0.013392648396569645 1834.0951267675723 OK 16 15 0.92965799999999998 0.93588800000000005 0.32202799999999998 0.59534500000000001 0.46968399999999999 0 0.33431299999999997 0.46620400000000006 0.32202799999999998 0.0096460000000000001 0.010758 0.0089049999999999997 0.29136699999999993 0.4211930000000001 0.28075000000000006 0.0064450000000000002 0.0064600000000000005 0.0060949999999999997 0.00093199999999999999 0.00098200000000000002 0.00089599999999999988 1834.0697874431112 1834.0697874431112 1834.0697874431112 1.6162446576465488 1.6162446576465488 1.6162446576465488 1 1 1 Converged Converged Converged OK OK OK 113 113 113 113 113 113 7 7 7 0 0 0 0 1 0 0 1
95 95 linear 0 23 950 3 0.001 2.4374773061751362 0.067446387773748978 0.00013684798088952349 0.14061054067940126 -9.8205499554224893e-06 0.14063791027557918 0.5 0.013373608677489351 1801.3622034944226 OK 16 15 0.87345099999999998 0.82094599999999995 0.25267600000000001 0.61505100000000001 0.48130299999999998 0 0.25839999999999996 0.33964299999999997 0.25267600000000001 0.0094999999999999998 0.0095149999999999992 0.0089160000000000003 0.22322799999999998 0.30445900000000004 0.21936 0.0046640000000000006 0.004654000000000001 0.0040879999999999996 0.00094500000000000009 0.00097900000000000005 0.00091399999999999999 1801.3428753526139 1801.3428753526139 1801.3428753526139 1.5421295340963814 1.5421295340963814 1.5421295340963814 1 1 1 Converged Converged Converged OK OK OK 89 89 89 89 89 89 7 7 7 0 0 0 0 1 0 0 1
95 95 linear 0 0 950 0 0.0001 2.4374773061751362 0.067446387773748978 0.00013684798088952349 0.14061054067940126 -9.8205499554224893e-06 0.14058317108322335 0.5 0.013428347869845175 1893.3881577446809 OK 16 15 1.034845 1.013207 0.36651600000000001 0.65571599999999997 0.63992099999999996 0 0.37912900000000005 0.37328600000000001 0.36651600000000001 0.011686999999999999 0.010687 0.010115000000000001 0.31824600000000003 0.31379300000000016 0.30746999999999991 0.0070780000000000001 0.0072969999999999997 0.007528 0.0012140000000000002 0.0012079999999999999 0.001268 1893.3769403710785 1893.3769403710785 1893.3769403710785 0.052352623156755027 0.052352623156755027 0.052352623156755027 1 1 1 Converged Converged Converged OK OK OK 129 129 129 129 129 129 7 7 7 0 0 0 0 0 1 0 0
95 95 linear 0 7 950 1 0.0001 2.4374773061751362 0.067446387773748978 0.00013684798088952349 0.14061054067940126 -9.8205499554224893e-06 0.14059983083741862 0.5 0.013411688115649911 1866.0959250392978 OK 16 15 0.96933400000000003 0.977074 0.35845100000000002 0.60408200000000001 0.46478700000000001 0 0.36525200000000002 0.51228699999999994 0.35845100000000002 0.0094560000000000009 0.0096010000000000002 0.0088900000000000003 0.3169369999999998 0.46375300000000019 0.31201999999999985 0.0074339999999999996 0.0074489999999999999 0.0072510000000000005 0.0011709999999999999 0.0012260000000000001 0.0012149999999999999 1866.0727306758556 1866.0727306758556 1866.0727306758556 0.051515209216583563 0.051515209216583563 0.051515209216583563 1 1 1 Converged Converged Converged OK OK OK 129 129 129 129 129 129 7 7 7 0 0 0 0 1 0 0 1
95 95 linear 0 15 950 2 0.0001 2.4374773061751362 0.067446387773748978 0.00013684798088952349 0.14061054067940126 -9.8205499554224893e-06 0.14061887055649888 0.5 0.013392648396569645 1834.0951267675723 OK 16 15 0.96324900000000002 0.97299000000000002 0.35853200000000002 0.60330799999999996 0.46589000000000003 0 0.35994100000000007 0.5071 0.35853200000000002 0.0096799999999999994 0.0095890000000000003 0.0089239999999999996 0.31209199999999993 0.45899099999999993 0.31172800000000006 0.0071219999999999999 0.00745 0.0072659999999999999 0.0011719999999999999 0.001237 0.001242 1834.0764846366162 1834.0764846366162 1834.0764846366162 0.05058566663183621 0.05058566663183621 0.05058566663183621 1 1 1 Converged Converged Converged OK OK OK 129 129 129 129 129 129 7 7 7 0 0 0 0 1 0 0 1
95 95 linear 0 23 950 3 0.0001 2.4374773061751362 0.067446387773748978 0.00013684798088952349 0.14061054067940126 -9.8205499554224893e-06 0.14063791027557918 0.5 0.013373608677489351 1801.3622034944226 OK 16 15 0.97733000000000003 0.98130799999999996 0.36730000000000002 0.61820200000000003 0.48362100000000002 0 0.359128 0.49768699999999993 0.36730000000000002 0.0097169999999999999 0.0095879999999999993 0.010042000000000001 0.31138199999999994 0.44854699999999992 0.31917899999999999 0.0070780000000000001 0.0079819999999999995 0.0071799999999999998 0.0012900000000000001 0.0013510000000000002 0.0012359999999999999 1801.3476022492002 1801.3476022492002 1801.3476022492002 0.049687576139553033 0.049687576139553033 0.049687576139553033 1 1 1 Converged Converged Converged OK OK OK 129 129 129 129 129 129 7 7 7 0 0 0 0 1 0 0 1
95 95 linear 1 0 951 0 0.001 2.4374773061751362 0.067446387773748978 0.00013684798088952349 -1.902599954977759 0.071200816583972051 -1.9026273245739369 0.5 2.0566388435270055 115.64341921165375 OK 14 13 0.75535300000000005 0.75299199999999999 0.17300299999999999 0.57940999999999998 0.57464899999999997 0 0.17594300000000007 0.17834300000000003 0.17300299999999999 0.012314 0.012756999999999999 0.011911 0.13669399999999998 0.13711599999999999 0.13396 0.0035249999999999999 0.0038180000000000002 0.0038910000000000004 0.001047 0.001059 0.0010429999999999999 115.6437724333471 115.6437724333471 115.6437724333471 0.046309547772396029 0.046309547772396029 0.046309547772396029 1 1 1 Converged Converged Converged OK OK OK 82 82 82 82 82 82 6 6 6 0 0 0 0 0 1 0 0
95 95 linear 1 7 951 1 0.001 2.4374773061751362 0.067446387773748978 0.00013684798088952349 -1.902599954977759 0.071200816583972051 -1.9026106648197416 0.5 2.0566221837728103 117.70583633954976 OK 14 13 0.68105000000000004 0.65202800000000005 0.16231200000000001 0.51039199999999996 0.39506400000000003 0 0.17065800000000009 0.25696400000000003 0.16231200000000001 0.011490999999999999 0.012795000000000001 0.010895999999999999 0.13844099999999998 0.22269700000000001 0.13107200000000002 0.0035609999999999999 0.0039020000000000005 0.0036570000000000001 0.000968 0.001075 0.00098299999999999993 117.70636253581812 117.70636253581812 117.70636253581812 0.052956254401989096 0.052956254401989096 0.052956254401989096 1 1 1 Converged Converged Converged OK OK OK 82 82 82 82 82 82 6 6 6 0 0 0 0 1 0 0 1
95 95 linear 1 15 951 2 0.001 2.4374773061751362 0.067446387773748978 0.00013684798088952349 -1.902599954977759 0.071200816583972051 -1.9025916251006614 0.5 2.0566031440537298 117.61995213025057 OK 14 13 0.74871799999999999 0.70821800000000001 0.16861200000000001 0.57508199999999998 0.43190099999999998 0 0.17363600000000001 0.27631700000000003 0.16861200000000001 0.011422 0.011969 0.010784999999999999 0.14159799999999997 0.24320600000000006 0.13777600000000004 0.0035370000000000006 0.0037969999999999992 0.0035279999999999999 0.00089000000000000006 0.00097499999999999985 0.00097100000000000007 117.6202558666528 117.6202558666528 117.6202558666528 0.066553192793725846 0.066553192793725846 0.066553192793725846 1 1 1 Converged Converged Converged OK OK OK 82 82 82 82 82 82 6 6 6 0 0 0 0 1 0 0 1
95 95 linear 1 23 951 3 0.001 2.4374773061751362 0.067446387773748978 0.00013684798088952349 -1.902599954977759 0.071200816583972051 -1.9025725853815811 0.5 2.0565841043346498 114.39176012247664 OK 14 13 0.74025300000000005 0.67981199999999997 0.17463699999999999 0.55999500000000002 0.41764800000000002 0 0.18025800000000003 0.26216399999999995 0.17463699999999999 0.011827000000000001 0.011698999999999999 0.010886 0.14736299999999999 0.22958800000000001 0.14389800000000005 0.0038909999999999999 0.0038170000000000001 0.0034979999999999998 0.0010090000000000001 0.0010189999999999999 0.00090799999999999995 114.39206285084991 114.39206285084991 114.39206285084991 0.094248994851788975 0.094248994851788975 0.094248994851788975 1 1 1 Converged Converged Converged OK OK OK 82 82 82 82 82 82 6 6 6 0 0 0 0 1 0 0 1
95 95 linear 1 0 951 0 0.0001 2.4374773061751362 0.067446387773748978 0.00013684798088952349 -1.902599954977759 0.071200816583972051 -1.9026273245739369 0.5 2.0566388435270055 115.64341921165375 OK 14 13 0.81728900000000004 0.80746499999999999 0.22747999999999999 0.580071 0.57455500000000004 0 0.23721800000000004 0.23290999999999995 0.22747999999999999 0.012388 0.012444 0.012 0.18268399999999999 0.18232200000000007 0.17775800000000005 0.0051799999999999997 0.0053270000000000001 0.005464000000000001 0.0013030000000000001 0.0012929999999999999 0.0013129999999999999 115.64377201735228 115.64377201735228 115.64377201735228 0.0069453806345748052 0.0069453806345748052 0.0069453806345748052 1 1 1 Converged Converged Converged OK OK OK 114 114 114 114 114 114 6 6 6 0 0 0 0 0 1 0 0
95 95 linear 1 7 951 1 0.0001 2.4374773061751362 0.067446387773748978 0.00013684798088952349 -1.902599954977759 0.071200816583972051 -1.9026106648197416 0.5 2.0566221837728103 117.70583633954976 OK 14 13 0.73585100000000003 0.73055800000000004 0.21471699999999999 0.51480199999999998 0.38285999999999998 0 0.22104900000000005 0.34769800000000006 0.21471699999999999 0.011814 0.011738 0.010978999999999999 0.17941500000000005 0.30693999999999994 0.17515499999999998 0.0057729999999999995 0.0052329999999999998 0.0054219999999999997 0.0012820000000000002 0.0012880000000000001 0.0012690000000000002 117.70636446063631 117.70636446063631 117.70636446063631 0.0072962225424685386 0.0072962225424685386 0.0072962225424685386 1 1 1 Converged Converged Converged OK OK OK 114 114 114 114 114 114 6 6 6 0 0 0 0 1 0 0 1
95 95 linear 1 15 951 2 0.0001 2.4374773061751362 0.067446387773748978 0.00013684798088952349 -1.902599954977759 0.071200816583972051 -1.9025916251006614 0.5 2.0566031440537298 117.61995213025057 OK 14 13 0.80524899999999999 0.79757199999999995 0.224186 0.57838500000000004 0.42710399999999998 0 0.22686399999999995 0.37046799999999996 0.224186 0.011537 0.01157 0.010864 0.18639299999999995 0.32963100000000006 0.18495399999999987 0.0052599999999999999 0.0054820000000000008 0.0052970000000000005 0.0012199999999999999 0.0012680000000000002 0.0012319999999999998 117.62025910144746 117.62025910144746 117.62025910144746 0.0081453350944092513 0.0081453350944092513 0.0081453350944092513 1 1 1 Converged Converged Converged OK OK OK 114 114 114 114 114 114 6 6 6 0 0 0 0 1 0 0 1
95 95 linear 1 23 951 3 0.0001 2.4374773061751362 0.067446387773748978 0.00013684798088952349 -1.902599954977759 0.071200816583972051 -1.9025725853815811 0.5 2.0565841043346498 114.39176012247664 OK 14 13 0.799126 0.78089299999999995 0.23183799999999999 0.56483700000000003 0.41974299999999998 0 0.23428899999999997 0.36114999999999997 0.23183799999999999 0.011730000000000001 0.011743999999999999 0.010907 0.19324800000000011 0.31964900000000002 0.192443 0.0056319999999999999 0.005889000000000001 0.0054650000000000002 0.0012569999999999999 0.0012719999999999999 0.0012279999999999999 114.39203748026618 114.39203748026618 114.39203748026618 0.01112926427625841 0.01112926427625841 0.01112926427625841 1 1 1 Converged Converged Converged OK OK OK 114 114 114 114 114 114 6 6 6 0 0 0 0 1 0 0 1
95 95 linear 2 0 952 0 0.001 2.4374773061751362 0.067446387773748978 0.00013684798088952349 0.091818474600172784 0.0015816556431529219 0.091791105003994886 0.5 0.062220413949073641 29.87247558642655 OK 13 12 0.74112599999999995 0.73852300000000004 0.13735600000000001 0.59724900000000003 0.59927799999999998 0 0.14387699999999992 0.13924500000000006 0.13735600000000001 0.0099139999999999992 0.0098080000000000007 0.0096620000000000004 0.11453500000000005 0.11039099999999999 0.10928900000000003 0.0029250000000000001 0.0028210000000000002 0.0026879999999999999 0.00071299999999999988 0.00066299999999999996 0.00066699999999999995 29.872465129697321 29.872465129697321 29.872465129697321 0.003777882300208642 0.003777882300208642 0.003777882300208642 1 1 1 Converged Converged Converged OK OK OK 60 60 60 60 60 60 4 4 4 0 0 0 0 0 1 0 0
95 95 linear 2 7 952 1 0.001 2.4374773061751362 0.067446387773748978 0.00013684798088952349 0.091818474600172784 0.0015816556431529219 0.091807764758190122 0.5 0.062203754194878405 29.865108239221055 OK 13 12 0.68915499999999996 0.61866299999999996 0.12753200000000001 0.56137800000000004 0.416603 0 0.12777699999999992 0.20205999999999996 0.12753200000000001 0.0092739999999999993 0.0091269999999999997 0.0084840000000000002 0.10171700000000003 0.176287 0.10311600000000001 0.00298 0.0028479999999999998 0.0026650000000000003 0.00065299999999999993 0.00064099999999999997 0.00062699999999999995 29.865097706446228 29.865097706446228 29.865097706446228 0.0038309249484015078 0.0038309249484015078 0.0038309249484015078 1 1 1 Converged Converged Converged OK OK OK 60 60 60 60 60 60 4 4 4 0 0 0 0 1 0 0 1
95 95 linear 2 15 952 2 0.001 2.4374773061751362 0.067446387773748978 0.00013684798088952349 0.091818474600172784 0.0015816556431529219 0.091826804477270402 0.5 0.062184714475798125 31.915106299109819 OK 14 13 0.79174299999999997 0.72936299999999998 0.19534699999999999 0.59146699999999996 0.44386799999999998 0 0.20027600000000001 0.285495 0.19534699999999999 0.012493000000000001 0.013886000000000001 0.011797 0.165995 0.24940200000000001 0.16241999999999998 0.0035970000000000004 0.0035970000000000004 0.0034380000000000001 0.00078499999999999989 0.00081299999999999992 0.00078399999999999997 31.9141591167167 31.9141591167167 31.9141591167167 0.0051453381653956739 0.0051453381653956739 0.0051453381653956739 1 1 1 Converged Converged Converged OK OK OK 75 75 75 75 75 75 5 5 5 0 0 0 0 1 0 0 1
95 95 linear 2 23 952 3 0.001 2.4374773061751362 0.067446387773748978 0.00013684798088952349 0.091818474600172784 0.0015816556431529219 0.091845844196350682 0.5 0.062165674756717845 37.927721671996338 OK 14 13 0.72470999999999997 0.70059300000000002 0.175093 0.540211 0.41834700000000002 0 0.18449899999999997 0.282246 0.175093 0.011955 0.012022 0.011297 0.15154899999999996 0.24926600000000007 0.14358600000000005 0.0035209999999999998 0.0035739999999999999 0.0034190000000000002 0.00076900000000000015 0.00079500000000000013 0.00080900000000000004 37.927244050496661 37.927244050496661 37.927244050496661 0.0095061809490723809 0.0095061809490723809 0.0095061809490723809 1 1 1 Converged Converged Converged OK OK OK 75 75 75 75 75 75 5 5 5 0 0 0 0 1 0 0 1
95 95 linear 2 0 952 0 0.0001 2.4374773061751362 0.067446387773748978 0.00013684798088952349 0.091818474600172784 0.0015816556431529219 0.091791105003994886 0.5 0.062220413949073641 29.87247558642655 OK 13 12 0.756965 0.75299799999999995 0.15079300000000001 0.59808899999999998 0.59742799999999996 0 0.15887600000000002 0.15556999999999999 0.15079300000000001 0.0099629999999999996 0.0098340000000000007 0.0094769999999999993 0.12262599999999999 0.12381500000000005 0.12000699999999999 0.0031619999999999999 0.0031250000000000002 0.0030240000000000002 0.00084899999999999993 0.00078400000000000008 0.00075299999999999998 29.87246512588661 29.87246512588661 29.87246512588661 0.0016639200322755212 0.0016639200322755212 0.0016639200322755212 1 1 1 Converged Converged Converged OK OK OK 68 68 68 68 68 68 4 4 4 0 0 0 0 0 1 0 0
95 95 linear 2 7 952 1 0.0001 2.4374773061751362 0.067446387773748978 0.00013684798088952349 0.091818474600172784 0.0015816556431529219 0.091807764758190122 0.5 0.062203754194878405 29.865108239221055 OK 13 12 0.70176099999999997 0.64382399999999995 0.134599 0.56329799999999997 0.41802600000000001 0 0.138463 0.22579799999999994 0.134599 0.0090939999999999997 0.0091249999999999994 0.0086409999999999994 0.11150499999999999 0.19838699999999995 0.10858999999999999 0.0029920000000000003 0.0031150000000000001 0.0030359999999999996 0.000745 0.00076800000000000002 0.00072300000000000001 29.865097702193687 29.865097702193687 29.865097702193687 0.0015865432928066281 0.0015865432928066281 0.0015865432928066281 1 1 1 Converged Converged Converged OK OK OK 68 68 68 68 68 68 4 4 4 0 0 0 0 1 0 0 1
95 95 linear 2 15 952 2 0.0001 2.4374773061751362 0.067446387773748978 0.00013684798088952349 0.091818474600172784 0.0015816556431529219 0.091826804477270402 0.5 0.062184714475798125 31.915106299109819 OK 14 13 0.80618800000000002 0.74953800000000004 0.20829800000000001 0.59225499999999998 0.44706400000000002 0 0.21393300000000004 0.30247400000000002 0.20829800000000001 0.012581999999999999 0.012707 0.011847999999999999 0.17648800000000003 0.264936 0.17241800000000002 0.0039070000000000008 0.0039160000000000002 0.0037939999999999996 0.00093800000000000003 0.00088999999999999995 0.00087300000000000008 31.914159111901455 31.914159111901455 31.914159111901455 0.0027454159434490634 0.0027454159434490634 0.0027454159434490634 1 1 1 Converged Converged Converged OK OK OK 83 83 83 83 83 83 5 5 5 0 0 0 0 1 0 0 1
95 95 linear 2 23 952 3 0.0001 2.4374773061751362 0.067446387773748978 0.00013684798088952349 0.091818474600172784 0.0015816556431529219 0.091845844196350682 0.5 0.062165674756717845 37.927721671996338 OK 14 13 0.78839400000000004 0.78905700000000001 0.25026199999999998 0.540578 0.418269 0 0.24781600000000004 0.37078800000000001 0.25026199999999998 0.011900000000000001 0.011875 0.011139 0.20521500000000001 0.32810700000000015 0.20922100000000005 0.0048199999999999996 0.0047889999999999999 0.0046839999999999998 0.0011540000000000001 0.0010939999999999999 0.00109 37.927244013759896 37.927244013759896 37.927244013759896 0.0014247412699115035 0.0014247412699115035 0.0014247412699115035 1 1 1 Converged Converged Converged OK OK OK 99 99 99 99 99 99 5 5 5 0 0 0 0 1 0 0 1
95 95 linear 3 0 953 0 0.001 2.4374773061751362 0.067446387773748978 0.00013684798088952349 -1.9140320523563599 -0.040284290171560405 -1.9140594219525378 0.5 2.0680709409056064 49.001481775730703 OK 15 14 0.58729600000000004 0.58229399999999998 0.18303800000000001 0.40035999999999999 0.39805800000000002 0 0.18693600000000005 0.18423599999999996 0.18303800000000001 0.01447 0.014741000000000001 0.013908999999999999 0.13786399999999999 0.13468999999999998 0.13393800000000003 0.0047099999999999998 0.0048240000000000002 0.0048290000000000008 0.001054 0.001059 0.0010509999999999999 49.001420771880113 49.001420771880113 49.001420771880113 0.0083985907536207136 0.0083985907536207136 0.0083985907536207136 1 1 1 Converged Converged Converged OK OK OK 98 98 98 98 98 98 6 6 6 0 0 0 0 0 1 0 0
95 95 linear 3 7 953 1 0.001 2.4374773061751362 0.067446387773748978 0.00013684798088952349 -1.9140320523563599 -0.040284290171560405 -1.9140427621983425 0.5 2.0680542811514111 46.524470625402778 OK 15 14 0.59872300000000001 0.61815600000000004 0.17278399999999999 0.41508499999999998 0.303788 0 0.18363800000000002 0.31436800000000004 0.17278399999999999 0.013646999999999999 0.013807 0.012935 0.14255200000000001 0.2720100000000002 0.13278000000000001 0.0047669999999999995 0.005274 0.0048230000000000009 0.0010480000000000001 0.001181 0.0010499999999999999 46.524421100898927 46.524421100898927 46.524421100898927 0.0084226428311656668 0.0084226428311656668 0.0084226428311656668 1 1 1 Converged Converged Converged OK OK OK 98 98 98 98 98 98 6 6 6 0 0 0 0 1 0 0 1
95 95 linear 3 15 953 2 0.001 2.4374773061751362 0.067446387773748978 0.00013684798088952349 -1.9140320523563599 -0.040284290171560405 -1.9140237224792622 0.5 2.0680352414323306 44.219853724358089 OK 15 14 0.55409299999999995 0.56187600000000004 0.161603 0.38858300000000001 0.251334 0 0.16550999999999993 0.31054200000000004 0.161603 0.013532000000000001 0.013972999999999999 0.012895 0.12671600000000002 0.27038500000000004 0.12383200000000001 0.0042900000000000004 0.0047150000000000004 0.0042989999999999999 0.00087600000000000004 0.00091999999999999992 0.00086100000000000011 44.219806922956799 44.219806922956799 44.219806922956799 0.024585908978955809 0.024585908978955809 0.024585908978955809 1 1 1 Converged Converged Converged OK OK OK 90 90 90 90 90 90 6 6 6 0 0 0 0 1 0 0 1
95 95 linear 3 23 953 3 0.001 2.4374773061751362 0.067446387773748978 0.00013684798088952349 -1.9140320523563599 -0.040284290171560405 -1.914004682760182 0.5 2.0680162017132506 42.297051873873322 OK 15 14 0.54120000000000001 0.56363300000000005 0.16373199999999999 0.36949799999999999 0.25273600000000002 0 0.17170200000000002 0.31089700000000003 0.16373199999999999 0.016818 0.014036 0.013105 0.12944999999999998 0.27096799999999993 0.12590700000000002 0.0043990000000000001 0.0046389999999999999 0.0043359999999999996 0.00089800000000000004 0.00093899999999999995 0.00092000000000000003 42.297004509985804 42.297004509985804 42.297004509985804 0.014702281450362082 0.014702281450362082 0.014702281450362082 1 1 1 Converged Converged Converged OK OK OK 90 90 90 90 90 90 6 6 6 0 0 0 0 1 0 0 1
95 95 linear 3 0 953 0 0.0001 2.4374773061751362 0.067446387773748978 0.00013684798088952349 -1.9140320523563599 -0.040284290171560405 -1.9140594219525378 0.5 2.0680709409056064 49.001481775730703 OK 15 14 0.62284200000000001 0.60139900000000002 0.20699500000000001 0.40429399999999999 0.39272800000000002 0 0.21854800000000002 0.208671 0.20699500000000001 0.016383999999999999 0.014851 0.014160000000000001 0.16190000000000004 0.15461100000000003 0.153866 0.0053559999999999997 0.0055559999999999993 0.0053100000000000005 0.0012849999999999999 0.0012270000000000002 0.0012360000000000001 49.001442479696571 49.001442479696571 49.001442479696571 0.004728067275848285 0.004728067275848285 0.004728067275848285 1 1 1 Converged Converged Converged OK OK OK 106 106 106 106 106 106 6 6 6 0 0 0 0 0 1 0 0
95 95 linear 3 7 953 1 0.0001 2.4374773061751362 0.067446387773748978 0.00013684798088952349 -1.9140320523563599 -0.040284290171560405 -1.9140427621983425 0.5 2.0680542811514111 46.524470625402778 OK 15 14 0.64482799999999996 0.69275399999999998 0.225992 0.41647299999999998 0.302672 0 0.22835499999999997 0.39008199999999998 0.225992 0.013908999999999999 0.013592 0.012891 0.17769299999999996 0.33931899999999982 0.17694800000000008 0.0061259999999999995 0.0063750000000000005 0.0061809999999999999 0.0013179999999999999 0.001322 0.001317 46.524442810610481 46.524442810610481 46.524442810610481 0.0022367465962999469 0.0022367465962999469 0.0022367465962999469 1 1 1 Converged Converged Converged OK OK OK 122 122 122 122 122 122 6 6 6 0 0 0 0 1 0 0 1
95 95 linear 3 15 953 2 0.0001 2.4374773061751362 0.067446387773748978 0.00013684798088952349 -1.9140320523563599 -0.040284290171560405 -1.9140237224792622 0.5 2.0680352414323306 44.219853724358089 OK 15 14 0.618363 0.67635699999999999 0.21968099999999999 0.39310699999999998 0.25252799999999997 0 0.22525600000000001 0.42382900000000001 0.21968099999999999 0.013771 0.013856 0.012841999999999999 0.17691000000000001 0.37447699999999984 0.1728589999999999 0.0059600000000000009 0.0063269999999999993 0.0059080000000000009 0.0012909999999999998 0.0013010000000000001 0.0012750000000000001 44.219827447401869 44.219827447401869 44.219827447401869 0.0024509531441331235 0.0024509531441331235 0.0024509531441331235 1 1 1 Converged Converged Converged OK OK OK 122 122 122 122 122 122 6 6 6 0 0 0 0 1 0 0 1
95 95 linear 3 23 953 3 0.0001 2.4374773061751362 0.067446387773748978 0.00013684798088952349 -1.9140320523563599 -0.040284290171560405 -1.914004682760182 0.5 2.0680162017132506 42.297051873873322 OK 15 14 0.60123400000000005 0.66383000000000003 0.221498 0.36963699999999999 0.25559500000000002 0 0.23159700000000005 0.40823500000000001 0.221498 0.013965 0.01422 0.013214999999999999 0.183028 0.35882600000000014 0.17447799999999994 0.0059169999999999995 0.0064200000000000012 0.0058890000000000001 0.0013060000000000001 0.001312 0.0012689999999999997 42.297026028089817 42.297026028089817 42.297026028089817 0.003122444901664074 0.003122444901664074 0.003122444901664074 1 1 1 Converged Converged Converged OK OK OK 122 122 122 122 122 122 6 6 6 0 0 0 0 1 0 0 1
95 95 linear 4 0 954 0 0.001 2.4374773061751362 0.067446387773748978 0.00013684798088952349 0.14042634444185156 0.00031117696617042858 0.14039897484567365 0.5 0.013612544107394875 225.48781285435172 OK 13 12 0.68198800000000004 0.67848399999999998 0.12698699999999999 0.55614399999999997 0.55475399999999997 0 0.12584400000000007 0.12373000000000001 0.12698699999999999 0.0071159999999999999 0.0070130000000000001 0.0068609999999999999 0.10071900000000003 0.099310999999999983 0.10267999999999998 0.0025310000000000003 0.0026380000000000002 0.002614 0.00056500000000000007 0.00058099999999999992 0.00055400000000000002 225.48768448620896 225.48768448620896 225.48768448620896 0.013883143531741832 0.013883143531741832 0.013883143531741832 1 1 1 Converged Converged Converged OK OK OK 53 53 53 53 53 53 3 3 3 0 0 0 0 0 1 0 0
95 95 linear 4 7 954 1 0.001 2.4374773061751362 0.067446387773748978 0.00013684798088952349 0.14042634444185156 0.00031117696617042858 0.14041563459986892 0.5 0.013595884353199611 227.5018023842978 OK 13 12 0.67434799999999995 0.636961 0.12196700000000001 0.54875300000000005 0.43990000000000001 0 0.1255949999999999 0.19706099999999999 0.12196700000000001 0.0063870000000000003 0.0064120000000000002 0.0059630000000000004 0.10316900000000002 0.17483399999999993 0.10069600000000005 0.002604 0.0027010000000000003 0.0026159999999999998 0.00059100000000000005 0.00059000000000000003 0.00054799999999999998 227.50167069876142 227.50167069876142 227.50167069876142 0.013878409635294384 0.013878409635294384 0.013878409635294384 1 1 1 Converged Converged Converged OK OK OK 53 53 53 53 53 53 3 3 3 0 0 0 0 1 0 0 1
95 95 linear 4 15 954 2 0.001 2.4374773061751362 0.067446387773748978 0.00013684798088952349 0.14042634444185156 0.00031117696617042858 0.14043467431894918 0.5 0.013576844634119345 229.82701913135048 OK 13 12 0.715673 0.68196699999999999 0.115646 0.59648500000000004 0.49415799999999999 0 0.11918799999999996 0.187809 0.115646 0.00645 0.0064209999999999996 0.0059740000000000001 0.096964000000000022 0.16567700000000007 0.094663000000000025 0.0026049999999999997 0.0026389999999999999 0.0024529999999999999 0.000562 0.00055800000000000001 0.00054799999999999998 229.82688834849694 229.82688834849694 229.82688834849694 0.013873010441520761 0.013873010441520761 0.013873010441520761 1 1 1 Converged Converged Converged OK OK OK 53 53 53 53 53 53 3 3 3 0 0 0 0 1 0 0 1
95 95 linear 4 23 954 3 0.001 2.4374773061751362 0.067446387773748978 0.00013684798088952349 0.14042634444185156 0.00031117696617042858 0.14045371403802948 0.5 0.013557804915039051 232.17665840716273 OK 13 12 0.80504100000000001 0.69449799999999995 0.12092799999999999 0.67962800000000001 0.50294399999999995 0 0.125413 0.191554 0.12092799999999999 0.0063990000000000002 0.0063759999999999997 0.0059179999999999996 0.10298000000000003 0.16923699999999997 0.099912000000000056 0.0025560000000000001 0.0026979999999999999 0.002454 0.00057600000000000001 0.00058 0.00054900000000000001 232.17652814303389 232.17652814303389 232.17652814303389 0.013867623395998379 0.013867623395998379 0.013867623395998379 1 1 1 Converged Converged Converged OK OK OK 53 53 53 53 53 53 3 3 3 0 0 0 0 1 0 0 1
95 95 linear 4 0 954 0 0.0001 2.4374773061751362 0.067446387773748978 0.00013684798088952349 0.14042634444185156 0.00031117696617042858 0.14039897484567365 0.5 0.013612544107394875 225.48781285435172 OK 13 12 0.68301699999999999 0.68076499999999995 0.1226 0.55699100000000001 0.55684900000000004 0 0.12602599999999997 0.12391599999999992 0.1226 0.0070980000000000001 0.0070980000000000001 0.0069199999999999999 0.101032 0.099066000000000001 0.098251999999999992 0.0025370000000000002 0.0025530000000000001 0.0025049999999999998 0.00060599999999999998 0.00057900000000000009 0.000553 225.48768448620896 225.48768448620896 225.48768448620896 0.013883143531741832 0.013883143531741832 0.013883143531741832 1 1 1 Converged Converged Converged OK OK OK 53 53 53 53 53 53 3 3 3 0 0 0 0 0 1 0 0
95 95 linear 4 7 954 1 0.0001 2.4374773061751362 0.067446387773748978 0.00013684798088952349 0.14042634444185156 0.00031117696617042858 0.14041563459986892 0.5 0.013595884353199611 227.5018023842978 OK 13 12 0.67923900000000004 0.63311899999999999 0.121835 0.55009300000000005 0.43411300000000003 0 0.12914599999999998 0.19900599999999996 0.121835 0.0064250000000000002 0.0064590000000000003 0.0059969999999999997 0.10693499999999997 0.17676099999999989 0.100706 0.0025900000000000003 0.0026540000000000001 0.0025240000000000002 0.00059199999999999997 0.00058399999999999999 0.00055500000000000005 227.50167069876142 227.50167069876142 227.50167069876142 0.013878409635294384 0.013878409635294384 0.013878409635294384 1 1 1 Converged Converged Converged OK OK OK 53 53 53 53 53 53 3 3 3 0 0 0 0 1 0 0 1
95 95 linear 4 15 954 2 0.0001 2.4374773061751362 0.067446387773748978 0.00013684798088952349 0.14042634444185156 0.00031117696617042858 0.14043467431894918 0.5 0.013576844634119345 229.82701913135048 OK 13 12 0.71249799999999996 0.67573899999999998 0.115649 0.59271099999999999 0.488869 0 0.11978699999999998 0.18686999999999998 0.115649 0.0063870000000000003 0.0064679999999999998 0.0059410000000000001 0.097700999999999982 0.16441899999999998 0.094592999999999997 0.0025230000000000001 0.00265 0.0025019999999999999 0.00056399999999999994 0.00057300000000000005 0.00054500000000000002 229.82688834849694 229.82688834849694 229.82688834849694 0.013873010441520761 0.013873010441520761 0.013873010441520761 1 1 1 Converged Converged Converged OK OK OK 53 53 53 53 53 53 3 3 3 0 0 0 0 1 0 0 1
95 95 linear 4 23 954 3 0.0001 2.4374773061751362 0.067446387773748978 0.00013684798088952349 0.14042634444185156 0.00031117696617042858 0.14045371403802948 0.5 0.013557804915039051 232.17665840716273 OK 13 12 0.80529499999999998 0.69421699999999997 0.12113599999999999 0.67985399999999996 0.50321800000000005 0 0.12544100000000002 0.19099899999999992 0.12113599999999999 0.0063340000000000002 0.0064029999999999998 0.0058650000000000004 0.10323599999999999 0.16878400000000002 0.10015800000000002 0.0025399999999999997 0.0026230000000000003 0.0024870000000000001 0.00060000000000000006 0.00056099999999999998 0.0005489999999999999 232.17652814303389 232.17652814303389 232.17652814303389 0.013867623395998379 0.013867623395998379 0.013867623395998379 1 1 1 Converged Converged Converged OK OK OK 53 53 53 53 53 53 3 3 3 0 0 0 0 1 0 0 1
95 95 uniform 0 0 955 0 0.001 2.4374773061751362 0.067446387773748978 0.00013684798088952349 0.14061054067940126 -9.8205499554224893e-06 0.14058317108322335 0 0.013428347869845175 1802.6137290504298 OK 16 15 0.88547100000000001 0.882463 0.23649600000000001 0.64697099999999996 0.64033700000000005 0 0.23850000000000005 0.24212599999999995 0.23649600000000001 0.010632000000000001 0.010574 0.010397999999999999 0.18849700000000008 0.19152500000000006 0.18706099999999989 0.0057679999999999997 0.0060619999999999997 0.0059789999999999999 0.00083699999999999985 0.00084599999999999996 0.00082299999999999995 1802.6121332468099 1802.6121332468099 1802.6121332468099 1.7090983291877353 1.7090983291877353 1.7090983291877353 1 1 1 Converged Converged Converged OK OK OK 113 113 113 113 113 113 7 7 7 0 0 0 0 0 1 0 0
95 95 uniform 0 7 955 1 0.001 2.4374773061751362 0.067446387773748978 0.00013684798088952349 0.14061054067940126 -9.8205499554224893e-06 0.14059983083741862 0 0.013411688115649911 1777.2821211397991 OK 16 15 0.83694299999999999 0.83901599999999998 0.23020699999999999 0.60518899999999998 0.475742 0 0.23175400000000002 0.36327399999999999 0.23020699999999999 0.0094649999999999995 0.011091 0.0089820000000000004 0.18965299999999996 0.31818699999999994 0.1892049999999999 0.0057120000000000001 0.0061510000000000002 0.0057530000000000003 0.00080799999999999991 0.00085000000000000006 0.00079699999999999997 1777.2804424831681 1777.2804424831681 1777.2804424831681 1.7188914784522598 1.7188914784522598 1.7188914784522598 1 1 1 Converged Converged Converged OK OK OK 113 113 113 113 113 113 7 7 7 0 0 0 0 1 0 0 1
95 95 uniform 0 15 955 2 0.001 2.4374773061751362 0.067446387773748978 0.00013684798088952349 0.14061054067940126 -9.8205499554224893e-06 0.14061887055649888 0 0.013392648396569645 1747.7710805625268 OK 16 15 0.83034600000000003 0.84304500000000004 0.227131 0.59986799999999996 0.47397 0 0.23047800000000007 0.36907500000000004 0.227131 0.0096810000000000004 0.010976 0.0089210000000000001 0.187249 0.32315199999999999 0.18620300000000004 0.0063639999999999999 0.0060920000000000002 0.0057450000000000001 0.00084600000000000007 0.00087300000000000008 0.00081799999999999993 1747.7692410020375 1747.7692410020375 1747.7692410020375 1.7302883923561885 1.7302883923561885 1.7302883923561885 1 1 1 Converged Converged Converged OK OK OK 113 113 113 113 113 113 7 7 7 0 0 0 0 1 0 0 1
95 95 uniform 0 23 955 3 0.001 2.4374773061751362 0.067446387773748978 0.00013684798088952349 0.14061054067940126 -9.8205499554224893e-06 0.14063791027557918 0 0.013373608677489351 1717.737830818271 OK 16 15 0.85640899999999998 0.84684700000000002 0.23871899999999999 0.61411499999999997 0.47468300000000002 0 0.24229400000000001 0.37216399999999999 0.23871899999999999 0.0095270000000000007 0.0096819999999999996 0.0088319999999999996 0.19542099999999998 0.3247250000000001 0.19422600000000007 0.0065089999999999992 0.00679 0.0061569999999999993 0.0010370000000000002 0.001018 0.0009549999999999999 1717.7373462783012 1717.7373462783012 1717.7373462783012 0.5898998604048471 0.5898998604048471 0.5898998604048471 1 1 1 Converged Converged Converged OK OK OK 121 121 121 121 121 121 7 7 7 0 0 0 0 1 0 0 1
95 95 uniform 0 0 955 0 0.0001 2.4374773061751362 0.067446387773748978 0.00013684798088952349 0.14061054067940126 -9.8205499554224893e-06 0.14058317108322335 0 0.013428347869845175 1802.6137290504298 OK 16 15 0.90566999999999998 0.90561800000000003 0.26596999999999998 0.64226899999999998 0.63990400000000003 0 0.263401 0.26571400000000001 0.26596999999999998 0.010446 0.010630000000000001 0.010232 0.203878 0.20697200000000007 0.20757200000000006 0.0073710000000000008 0.0068430000000000001 0.0068209999999999998 0.0011380000000000001 0.001142 0.0010790000000000001 1802.6134561202566 1802.6134561202566 1802.6134561202566 0.012069732949260765 0.012069732949260765 0.012069732949260765 1 1 1 Converged Converged Converged OK OK OK 129 129 129 129 129 129 7 7 7 0 0 0 0 0 1 0 0
95 95 uniform 0 7 955 1 0.0001 2.4374773061751362 0.067446387773748978 0.00013684798088952349 0.14061054067940126 -9.8205499554224893e-06 0.14059983083741862 0 0.013411688115649911 1777.2821211397991 OK 16 15 0.86199499999999996 0.86877599999999999 0.25499699999999997 0.60368900000000003 0.46468399999999999 0 0.25830599999999992 0.40409200000000001 0.25499699999999997 0.0096019999999999994 0.0096500000000000006 0.0089029999999999995 0.21020800000000003 0.35682600000000003 0.2092119999999999 0.0069940000000000002 0.0067990000000000004 0.006548 0.0011230000000000001 0.0010680000000000002 0.001077 1777.2817674395985 1777.2817674395985 1777.2817674395985 0.011673078821671892 0.011673078821671892 0.011673078821671892 1 1 1 Converged Converged Converged OK OK OK 129 129 129 129 129 129 7 7 7 0 0 0 0 1 0 0 1
95 95 uniform 0 15 955 2 0.0001 2.4374773061751362 0.067446387773748978 0.00013684798088952349 0.14061054067940126 -9.8205499554224893e-06 0.14061887055649888 0 0.013392648396569645 1747.7710805625268 OK 16 15 0.85567499999999996 0.86713499999999999 0.24976100000000001 0.60343999999999998 0.461698 0 0.25223499999999999 0.40543699999999999 0.24976100000000001 0.0095379999999999996 0.0097280000000000005 0.0088570000000000003 0.20467900000000006 0.35780200000000029 0.20419900000000016 0.0071199999999999996 0.0068660000000000006 0.0065849999999999997 0.0011200000000000001 0.0011000000000000001 0.0010860000000000002 1747.7705681889909 1747.7705681889909 1747.7705681889909 0.01123586197367627 0.01123586197367627 0.01123586197367627 1 1 1 Converged Converged Converged OK OK OK 129 129 129 129 129 129 7 7 7 0 0 0 0 1 0 0 1
95 95 uniform 0 23 955 3 0.0001 2.4374773061751362 0.067446387773748978 0.00013684798088952349 0.14061054067940126 -9.8205499554224893e-06 0.14063791027557918 0 0.013373608677489351 1717.737830818271 OK 16 15 0.86607699999999999 0.87089899999999998 0.24924099999999999 0.61380199999999996 0.47776299999999999 0 0.25227500000000003 0.39313599999999999 0.24924099999999999 0.0095519999999999997 0.0095160000000000002 0.0088199999999999997 0.20483400000000002 0.34574800000000011 0.20389499999999999 0.0068229999999999992 0.0068179999999999994 0.0065339999999999999 0.001093 0.001134 0.001091 1717.7375495758613 1717.7375495758613 1717.7375495758613 0.010817257595935888 0.010817257595935888 0.010817257595935888 1 1 1 Converged Converged Converged OK OK OK 129 129 129 129 129 129 7 7 7 0 0 0 0 1 0 0 1
95 95 uniform 1 0 956 0 0.001 2.4374773061751362 0.067446387773748978 0.00013684798088952349 -1.902599954977759 0.071200816583972051 -1.9026273245739369 0 2.0566388435270055 112.48285058380733 OK 14 13 0.71072400000000002 0.71104199999999995 0.130165 0.57535499999999995 0.57828299999999999 0 0.13536900000000007 0.13275899999999996 0.130165 0.012588 0.012657 0.012083 0.098512999999999989 0.095511000000000026 0.094441999999999984 0.0030690000000000001 0.0033629999999999997 0.0030820000000000001 0.00084400000000000002 0.00083599999999999994 0.00082100000000000012 112.48280180701867 112.48280180701867 112.48280180701867 0.10086496917040075 0.10086496917040075 0.10086496917040075 1 1 1 Converged Converged Converged OK OK OK 74 74 74 74 74 74 6 6 6 0 0 0 0 0 1 0 0
95 95 uniform 1 7 956 1 0.001 2.4374773061751362 0.067446387773748978 0.00013684798088952349 -1.902599954977759 0.071200816583972051 -1.9026106648197416 0 2.0566221837728103 115.30237768328838 OK 14 13 0.64875400000000005 0.612591 0.13969699999999999 0.51186600000000004 0.389656 0 0.13688800000000001 0.22293499999999999 0.13969699999999999 0.011531 0.011605000000000001 0.010819 0.10396899999999999 0.18939599999999998 0.10351799999999994 0.0033 0.0036470000000000001 0.0079299999999999995 0.00093600000000000009 0.00092299999999999999 0.00087799999999999987 115.30237374267212 115.30237374267212 115.30237374267212 0.033885586073310013 0.033885586073310013 0.033885586073310013 1 1 1 Converged Converged Converged OK OK OK 82 82 82 82 82 82 6 6 6 0 0 0 0 1 0 0 1
95 95 uniform 1 15 956 2 0.001 2.4374773061751362 0.067446387773748978 0.00013684798088952349 -1.902599954977759 0.071200816583972051 -1.9025916251006614 0 2.0566031440537298 116.61414113561655 OK 14 13 0.71843599999999996 0.67181500000000005 0.14045199999999999 0.57589699999999999 0.42486800000000002 0 0.14253899999999997 0.24694700000000003 0.14045199999999999 0.011525000000000001 0.011663 0.010848 0.11086899999999998 0.21438599999999999 0.11008600000000003 0.0033390000000000004 0.0035080000000000003 0.0032290000000000001 0.00091100000000000003 0.00092699999999999987 0.00090200000000000002 116.61413510432885 116.61413510432885 116.61413510432885 0.051224788178025185 0.051224788178025185 0.051224788178025185 1 1 1 Converged Converged Converged OK OK OK 82 82 82 82 82 82 6 6 6 0 0 0 0 1 0 0 1
95 95 uniform 1 23 956 3 0.001 2.4374773061751362 0.067446387773748978 0.00013684798088952349 -1.902599954977759 0.071200816583972051 -1.9025725853815811 0 2.0565841043346498 115.18953860829859 OK 14 13 0.70945499999999995 0.65047600000000005 0.14640500000000001 0.56049700000000002 0.41966500000000001 0 0.14895799999999992 0.23081100000000004 0.14640500000000001 0.011703 0.011703 0.010958000000000001 0.11685399999999997 0.19883600000000004 0.11602100000000003 0.0035649999999999996 0.0035380000000000003 0.0033979999999999995 0.00088499999999999994 0.00086600000000000002 0.00086600000000000002 115.18958361205434 115.18958361205434 115.18958361205434 0.089929803851219681 0.089929803851219681 0.089929803851219681 1 1 1 Converged Converged Converged OK OK OK 82 82 82 82 82 82 6 6 6 0 0 0 0 1 0 0 1
95 95 uniform 1 0 956 0 0.0001 2.4374773061751362 0.067446387773748978 0.00013684798088952349 -1.902599954977759 0.071200816583972051 -1.9026273245739369 0 2.0566388435270055 112.48285058380733 OK 14 13 0.75482300000000002 0.74812800000000002 0.16842699999999999 0.58314200000000005 0.57526999999999995 0 0.17168099999999997 0.17285800000000007 0.16842699999999999 0.012459 0.012474000000000001 0.012061000000000001 0.12657300000000005 0.12893099999999991 0.12546399999999999 0.0049720000000000007 0.0041780000000000003 0.0042989999999999999 0.0011689999999999999 0.0010780000000000002 0.0011039999999999999 112.48284733808175 112.48284733808175 112.48284733808175 0.0092115811881635524 0.0092115811881635524 0.0092115811881635524 1 1 1 Converged Converged Converged OK OK OK 98 98 98 98 98 98 6 6 6 0 0 0 0 0 1 0 0
95 95 uniform 1 7 956 1 0.0001 2.4374773061751362 0.067446387773748978 0.00013684798088952349 -1.902599954977759 0.071200816583972051 -1.9026106648197416 0 2.0566221837728103 115.30237768328838 OK 14 13 0.67743699999999996 0.63783100000000004 0.15652199999999999 0.51782399999999995 0.38618200000000003 0 0.159613 0.25164900000000001 0.15652199999999999 0.011575 0.011604 0.010893999999999999 0.12346500000000005 0.21631200000000006 0.12269099999999999 0.0044649999999999994 0.0042649999999999997 0.0040379999999999999 0.0010949999999999998 0.0010320000000000001 0.001018 115.30237832953974 115.30237832953974 115.30237832953974 0.009604327911951642 0.009604327911951642 0.009604327911951642 1 1 1 Converged Converged Converged OK OK OK 98 98 98 98 98 98 6 6 6 0 0 0 0 1 0 0 1
95 95 uniform 1 15 956 2 0.0001 2.4374773061751362 0.067446387773748978 0.00013684798088952349 -1.902599954977759 0.071200816583972051 -1.9025916251006614 0 2.0566031440537298 116.61414113561655 OK 14 13 0.74524400000000002 0.69666399999999995 0.162714 0.57473399999999997 0.42488100000000001 0 0.17051000000000005 0.27178299999999994 0.162714 0.011546000000000001 0.011462999999999999 0.010876 0.13561400000000007 0.23650400000000008 0.128857 0.0041149999999999997 0.004235 0.0040619999999999996 0.0009990000000000001 0.0010499999999999999 0.001039 116.61414089825453 116.61414089825453 116.61414089825453 0.010604673733443537 0.010604673733443537 0.010604673733443537 1 1 1 Converged Converged Converged OK OK OK 98 98 98 98 98 98 6 6 6 0 0 0 0 1 0 0 1
95 95 uniform 1 23 956 3 0.0001 2.4374773061751362 0.067446387773748978 0.00013684798088952349 -1.902599954977759 0.071200816583972051 -1.9025725853815811 0 2.0565841043346498 115.18953860829859 OK 14 13 0.75531599999999999 0.74871900000000002 0.19530700000000001 0.55704100000000001 0.423149 0 0.19827499999999998 0.32557000000000003 0.19530700000000001 0.011605000000000001 0.011710999999999999 0.010978999999999999 0.15587599999999999 0.28280600000000006 0.15500700000000003 0.005594 0.0056979999999999999 0.0051219999999999998 0.0012320000000000002 0.0012029999999999999 0.0011969999999999999 115.18954083318192 115.18954083318192 115.18954083318192 0.0088614246278761882 0.0088614246278761882 0.0088614246278761882 1 1 1 Converged Converged Converged OK OK OK 114 114 114 114 114 114 6 6 6 0 0 0 0 1 0 0 1
95 95 uniform 2 0 957 0 0.001 2.4374773061751362 0.067446387773748978 0.00013684798088952349 0.091818474600172784 0.0015816556431529219 0.091791105003994886 0 0.062220413949073641 29.872794815293961 OK 13 12 0.69355599999999995 0.69371899999999997 0.091249999999999998 0.60137200000000002 0.60193099999999999 0 0.092183999999999933 0.091787999999999981 0.091249999999999998 0.010026 0.0097680000000000006 0.0095329999999999998 0.068799999999999986 0.068749000000000032 0.068759999999999974 0.0017340000000000001 0.0017439999999999999 0.0016910000000000002 0.00049900000000000009 0.00053200000000000003 0.000473 29.872796551451152 29.872796551451152 29.872796551451152 0.010925205783638722 0.010925205783638722 0.010925205783638722 1 1 1 Converged Converged Converged OK OK OK 44 44 44 44 44 44 4 4 4 0 0 0 0 0 1 0 0
95 95 uniform 2 7 957 1 0.001 2.4374773061751362 0.067446387773748978 0.00013684798088952349 0.091818474600172784 0.0015816556431529219 0.091807764758190122 0 0.062203754194878405 29.865426497019008 OK 13 12 0.64691799999999999 0.55468700000000004 0.081847000000000003 0.56335400000000002 0.418327 0 0.083563999999999972 0.13636000000000004 0.081847000000000003 0.0090150000000000004 0.0091439999999999994 0.0084749999999999999 0.063182999999999989 0.11603800000000002 0.06274600000000001 0.0017360000000000001 0.0017929999999999999 0.0016770000000000001 0.00046799999999999999 0.00046799999999999999 0.00045399999999999998 29.865428047743187 29.865428047743187 29.865428047743187 0.01084887264860343 0.01084887264860343 0.01084887264860343 1 1 1 Converged Converged Converged OK OK OK 44 44 44 44 44 44 4 4 4 0 0 0 0 1 0 0 1
95 95 uniform 2 15 957 2 0.001 2.4374773061751362 0.067446387773748978 0.00013684798088952349 0.091818474600172784 0.0015816556431529219 0.091826804477270402 0 0.062184714475798125 32.979718882432586 OK 14 13 0.71665699999999999 0.62805900000000003 0.124163 0.59085699999999997 0.44901400000000002 0 0.12580000000000002 0.17904500000000001 0.124163 0.012638 0.012664 0.011775000000000001 0.095933000000000018 0.14940900000000001 0.095939999999999984 0.0023960000000000001 0.0024650000000000002 0.0023670000000000002 0.00068900000000000005 0.00070899999999999999 0.00066500000000000001 32.979719351729692 32.979719351729692 32.979719351729692 0.011749588546411055 0.011749588546411055 0.011749588546411055 1 1 1 Converged Converged Converged OK OK OK 59 59 59 59 59 59 5 5 5 0 0 0 0 1 0 0 1
95 95 uniform 2 23 957 3 0.001 2.4374773061751362 0.067446387773748978 0.00013684798088952349 0.091818474600172784 0.0015816556431529219 0.091845844196350682 0 0.062165674756717845 41.197701233509477 OK 14 13 0.66461999999999999 0.62627699999999997 0.11800099999999999 0.54513999999999996 0.43475999999999998 0 0.11948000000000003 0.19151699999999999 0.11800099999999999 0.012043999999999999 0.011867000000000001 0.011164 0.091930000000000053 0.16417399999999999 0.091831999999999997 0.0024610000000000001 0.0024619999999999998 0.0023749999999999999 0.00063899999999999992 0.00067099999999999994 0.00064499999999999996 41.197703013440595 41.197703013440595 41.197703013440595 0.013074066396898265 0.013074066396898265 0.013074066396898265 1 1 1 Converged Converged Converged OK OK OK 59 59 59 59 59 59 5 5 5 0 0 0 0 1 0 0 1
95 95 uniform 2 0 957 0 0.0001 2.4374773061751362 0.067446387773748978 0.00013684798088952349 0.091818474600172784 0.0015816556431529219 0.091791105003994886 0 0.062220413949073641 29.872794815293961 OK 13 12 0.74190100000000003 0.73899099999999995 0.13565099999999999 0.59968399999999999 0.60224599999999995 0 0.14221700000000004 0.13674500000000001 0.13565099999999999 0.011073 0.0097400000000000004 0.0094719999999999995 0.10752199999999996 0.10405300000000002 0.10370499999999999 0.003447 0.0035489999999999996 0.003405 0.00073799999999999994 0.00072999999999999996 0.00073300000000000004 29.872794605234457 29.872794605234457 29.872794605234457 0.0010256524304483364 0.0010256524304483364 0.0010256524304483364 1 1 1 Converged Converged Converged OK OK OK 76 76 76 76 76 76 4 4 4 0 0 0 0 0 1 0 0
95 95 uniform 2 7 957 1 0.0001 2.4374773061751362 0.067446387773748978 0.00013684798088952349 0.091818474600172784 0.0015816556431529219 0.091807764758190122 0 0.062203754194878405 29.865426497019008 OK 13 12 0.68629600000000002 0.64070800000000006 0.120141 0.56411100000000003 0.414682 0 0.12218499999999999 0.22602600000000006 0.120141 0.0090740000000000005 0.0091039999999999992 0.0085609999999999992 0.093450000000000075 0.19736300000000004 0.092792999999999945 0.0034399999999999999 0.003408 0.0033119999999999998 0.00069499999999999998 0.00071100000000000004 0.00070100000000000002 29.865426287335929 29.865426287335929 29.865426287335929 0.0010817570049911861 0.0010817570049911861 0.0010817570049911861 1 1 1 Converged Converged Converged OK OK OK 76 76 76 76 76 76 4 4 4 0 0 0 0 1 0 0 1
95 95 uniform 2 15 957 2 0.0001 2.4374773061751362 0.067446387773748978 0.00013684798088952349 0.091818474600172784 0.0015816556431529219 0.091826804477270402 0 0.062184714475798125 32.979718882432586 OK 14 13 0.75753800000000004 0.71713700000000002 0.16288800000000001 0.58830700000000002 0.442805 0 0.16923100000000002 0.27433200000000002 0.16288800000000001 0.012588999999999999 0.01281 0.011866 0.13159099999999993 0.23625299999999999 0.12654100000000001 0.0041700000000000001 0.0041320000000000003 0.0040149999999999995 0.0009819999999999998 0.00095100000000000002 0.000959 32.979717780800499 32.979717780800499 32.979717780800499 0.0021255404022082498 0.0021255404022082498 0.0021255404022082498 1 1 1 Converged Converged Converged OK OK OK 91 91 91 91 91 91 5 5 5 0 0 0 0 1 0 0 1
95 95 uniform 2 23 957 3 0.0001 2.4374773061751362 0.067446387773748978 0.00013684798088952349 0.091818474600172784 0.0015816556431529219 0.091845844196350682 0 0.062165674756717845 41.197701233509477 OK 14 13 0.71084000000000003 0.70638000000000001 0.16563900000000001 0.54353899999999999 0.416487 0 0.16730100000000003 0.28989300000000001 0.16563900000000001 0.011904 0.012003 0.011166000000000001 0.12993199999999996 0.25229100000000004 0.12963099999999997 0.0042979999999999997 0.0042830000000000003 0.0041330000000000004 0.00091900000000000011 0.00093499999999999985 0.00087299999999999997 41.197703006102252 41.197703006102252 41.197703006102252 0.0035371214240568082 0.0035371214240568082 0.0035371214240568082 1 1 1 Converged Converged Converged OK OK OK 91 91 91 91 91 91 5 5 5 0 0 0 0 1 0 0 1
95 95 uniform 3 0 958 0 0.001 2.4374773061751362 0.067446387773748978 0.00013684798088952349 -1.9140320523563599 -0.040284290171560405 -1.9140594219525378 0 2.0680709409056064 49.370238582139088 OK 15 14 0.52734899999999996 0.52690099999999995 0.13014400000000001 0.395565 0.39457900000000001 0 0.13178399999999996 0.13232199999999994 0.13014400000000001 0.014659999999999999 0.014812000000000001 0.014033 0.088635000000000033 0.08900599999999996 0.088171999999999986 0.0037130000000000002 0.0037620000000000006 0.0035760000000000002 0.00090200000000000002 0.00095199999999999994 0.00088900000000000003 49.370232334204417 49.370232334204417 49.370232334204417 0.022407730478181859 0.022407730478181859 0.022407730478181859 1 1 1 Converged Converged Converged OK OK OK 82 82 82 82 82 82 6 6 6 0 0 0 0 0 1 0 0
95 95 uniform 3 7 958 1 0.001 2.4374773061751362 0.067446387773748978 0.00013684798088952349 -1.9140320523563599 -0.040284290171560405 -1.9140427621983425 0 2.0680542811514111 46.794529944992043 OK 15 14 0.53439700000000001 0.529111 0.112763 0.41982799999999998 0.30279699999999998 0 0.11456900000000003 0.22631400000000002 0.112763 0.013893000000000001 0.013773000000000001 0.012852000000000001 0.080662999999999957 0.19242200000000001 0.080192999999999987 0.003261 0.0033170000000000001 0.0032100000000000002 0.00077700000000000002 0.00075299999999999998 0.00074600000000000003 46.794528925363991 46.794528925363991 46.794528925363991 0.04425037701544584 0.04425037701544584 0.04425037701544584 1 1 1 Converged Converged Converged OK OK OK 74 74 74 74 74 74 6 6 6 0 0 0 0 1 0 0 1
95 95 uniform 3 15 958 2 0.001 2.4374773061751362 0.067446387773748978 0.00013684798088952349 -1.9140320523563599 -0.040284290171560405 -1.9140237224792622 0 2.0680352414323306 44.420503003712113 OK 15 14 0.50352300000000005 0.49280200000000002 0.11193400000000001 0.38877899999999999 0.25387799999999999 0 0.11474400000000007 0.23892400000000003 0.11193400000000001 0.013889 0.013719 0.012746 0.080426000000000011 0.20474399999999993 0.079453999999999969 0.0033079999999999997 0.0033709999999999999 0.0031900000000000001 0.000843 0.00076199999999999998 0.00078299999999999995 44.420498785888036 44.420498785888036 44.420498785888036 0.026913348507205 0.026913348507205 0.026913348507205 1 1 1 Converged Converged Converged OK OK OK 74 74 74 74 74 74 6 6 6 0 0 0 0 1 0 0 1
95 95 uniform 3 23 958 3 0.001 2.4374773061751362 0.067446387773748978 0.00013684798088952349 -1.9140320523563599 -0.040284290171560405 -1.914004682760182 0 2.0680162017132506 42.45243901765194 OK 15 14 0.49088300000000001 0.49300899999999998 0.11434800000000001 0.37442399999999998 0.25237500000000002 0 0.11645900000000003 0.24063399999999996 0.11434800000000001 0.013972 0.013865000000000001 0.013070999999999999 0.082529999999999992 0.20629899999999995 0.081806999999999991 0.003189 0.0034079999999999996 0.0031260000000000003 0.00074699999999999983 0.00076300000000000001 0.00075000000000000002 42.452434530662551 42.452434530662551 42.452434530662551 0.019559867911267917 0.019559867911267917 0.019559867911267917 1 1 1 Converged Converged Converged OK OK OK 74 74 74 74 74 74 6 6 6 0 0 0 0 1 0 0 1
95 95 uniform 3 0 958 0 0.0001 2.4374773061751362 0.067446387773748978 0.00013684798088952349 -1.9140320523563599 -0.040284290171560405 -1.9140594219525378 0 2.0680709409056064 49.370238582139088 OK 15 14 0.54981500000000005 0.55147999999999997 0.15403600000000001 0.39512999999999998 0.39572200000000002 0 0.15468500000000007 0.15575799999999995 0.15403600000000001 0.014442 0.014754 0.014097999999999999 0.10594099999999994 0.10624999999999998 0.10564799999999999 0.0044039999999999999 0.0046119999999999998 0.0045439999999999994 0.0010460000000000001 0.0011230000000000001 0.001052 49.370232357551025 49.370232357551025 49.370232357551025 0.0046481475540854373 0.0046481475540854373 0.0046481475540854373 1 1 1 Converged Converged Converged OK OK OK 98 98 98 98 98 98 6 6 6 0 0 0 0 0 1 0 0
95 95 uniform 3 7 958 1 0.0001 2.4374773061751362 0.067446387773748978 0.00013684798088952349 -1.9140320523563599 -0.040284290171560405 -1.9140427621983425 0 2.0680542811514111 46.794529944992043 OK 15 14 0.57513999999999998 0.59776499999999999 0.155084 0.41852899999999998 0.30199599999999999 0 0.156611 0.295769 0.155084 0.013653 0.013761000000000001 0.012965000000000001 0.11235000000000001 0.25061700000000003 0.11168299999999998 0.004803 0.0050530000000000002 0.0047830000000000008 0.0011490000000000003 0.0011719999999999999 0.0011280000000000001 46.7945288851271 46.7945288851271 46.7945288851271 0.0011257566667277901 0.0011257566667277901 0.0011257566667277901 1 1 1 Converged Converged Converged OK OK OK 106 106 106 106 106 106 6 6 6 0 0 0 0 1 0 0 1
95 95 uniform 3 15 958 2 0.0001 2.4374773061751362 0.067446387773748978 0.00013684798088952349 -1.9140320523563599 -0.040284290171560405 -1.9140237224792622 0 2.0680352414323306 44.420503003712113 OK 15 14 0.54427899999999996 0.57065600000000005 0.15245700000000001 0.38853399999999999 0.25246600000000002 0 0.15574499999999997 0.31819000000000003 0.15245700000000001 0.013899 0.013761000000000001 0.012867999999999999 0.11204299999999998 0.27464600000000017 0.11089499999999999 0.0050379999999999999 0.0050000000000000001 0.004791000000000001 0.0012440000000000001 0.001222 0.0011840000000000002 44.420502377663915 44.420502377663915 44.420502377663915 0.0014686796584275782 0.0014686796584275782 0.0014686796584275782 1 1 1 Converged Converged Converged OK OK OK 106 106 106 106 106 106 6 6 6 0 0 0 0 1 0 0 1
95 95 uniform 3 23 958 3 0.0001 2.4374773061751362 0.067446387773748978 0.00013684798088952349 -1.9140320523563599 -0.040284290171560405 -1.914004682760182 0 2.0680162017132506 42.45243901765194 OK 15 14 0.53139999999999998 0.56063099999999999 0.15543999999999999 0.37357600000000002 0.25378099999999998 0 0.15782399999999996 0.30685000000000001 0.15543999999999999 0.013984999999999999 0.013986 0.013158 0.11451600000000001 0.2635249999999999 0.11387499999999998 0.0050010000000000002 0.004993 0.0047549999999999997 0.0011519999999999998 0.0011619999999999998 0.0011429999999999997 42.452438921822143 42.452438921822143 42.452438921822143 0.0025446406120909581 0.0025446406120909581 0.0025446406120909581 1 1 1 Converged Converged Converged OK OK OK 106 106 106 106 106 106 6 6 6 0 0 0 0 1 0 0 1
95 95 uniform 4 0 959 0 0.001 2.4374773061751362 0.067446387773748978 0.00013684798088952349 0.14042634444185156 0.00031117696617042858 0.14039897484567365 0 0.013612544107394875 225.8286156050705 OK 13 12 0.628108 0.63382899999999998 0.074399999999999994 0.55215599999999998 0.55819600000000003 0 0.075952000000000019 0.07563299999999995 0.074399999999999994 0.0071139999999999997 0.0071929999999999997 0.0067970000000000001 0.056542000000000016 0.056502000000000011 0.056156999999999992 0.0016329999999999999 0.0016159999999999998 0.0015889999999999999 0.00046000000000000001 0.000435 0.000428 225.82861649293019 225.82861649293019 225.82861649293019 0.065134525328265261 0.065134525328265261 0.065134525328265261 1 1 1 Converged Converged Converged OK OK OK 37 37 37 37 37 37 3 3 3 0 0 0 0 0 1 0 0
95 95 uniform 4 7 959 1 0.001 2.4374773061751362 0.067446387773748978 0.00013684798088952349 0.14042634444185156 0.00031117696617042858 0.14041563459986892 0 0.013595884353199611 227.85343320758182 OK 13 12 0.62517800000000001 0.56388899999999997 0.07349 0.55024700000000004 0.43919200000000003 0 0.07493099999999997 0.12469699999999995 0.07349 0.0064060000000000002 0.0063949999999999996 0.0059189999999999998 0.057613999999999985 0.10768999999999999 0.057440000000000019 0.001639 0.0016429999999999999 0.001598 0.00045200000000000004 0.00043199999999999998 0.00041899999999999999 227.85343572506551 227.85343572506551 227.85343572506551 0.064996861853261048 0.064996861853261048 0.064996861853261048 1 1 1 Converged Converged Converged OK OK OK 37 37 37 37 37 37 3 3 3 0 0 0 0 1 0 0 1
95 95 uniform 4 15 959 2 0.001 2.4374773061751362 0.067446387773748978 0.00013684798088952349 0.14042634444185156 0.00031117696617042858 0.14043467431894918 0 0.013576844634119345 230.19137964736277 OK 13 12 0.66516500000000001 0.60843800000000003 0.068098000000000006 0.59499000000000002 0.49382599999999999 0 0.070174999999999987 0.11461200000000005 0.068098000000000006 0.0064260000000000003 0.0064209999999999996 0.0059659999999999999 0.052981000000000007 0.097515999999999992 0.052060999999999996 0.0016339999999999998 0.0016619999999999998 0.0015489999999999998 0.00044900000000000002 0.00043399999999999998 0.00042400000000000001 230.1913835969757 230.1913835969757 230.1913835969757 0.064782165247532858 0.064782165247532858 0.064782165247532858 1 1 1 Converged Converged Converged OK OK OK 37 37 37 37 37 37 3 3 3 0 0 0 0 1 0 0 1
95 95 uniform 4 23 959 3 0.001 2.4374773061751362 0.067446387773748978 0.00013684798088952349 0.14042634444185156 0.00031117696617042858 0.14045371403802948 0 0.013557804915039051 232.55411986339897 OK 13 12 0.75217400000000001 0.61970700000000001 0.073388999999999996 0.679512 0.50308399999999998 0 0.072662000000000004 0.11662300000000003 0.073388999999999996 0.0062979999999999998 0.0063790000000000001 0.0060590000000000001 0.055424000000000001 0.099396000000000012 0.056793999999999997 0.0016770000000000001 0.0017719999999999999 0.001707 0.000455 0.00044699999999999997 0.000444 232.55412461307606 232.55412461307606 232.55412461307606 0.064501237024281413 0.064501237024281413 0.064501237024281413 1 1 1 Converged Converged Converged OK OK OK 37 37 37 37 37 37 3 3 3 0 0 0 0 1 0 0 1
95 95 uniform 4 0 959 0 0.0001 2.4374773061751362 0.067446387773748978 0.00013684798088952349 0.14042634444185156 0.00031117696617042858 0.14039897484567365 0 0.013612544107394875 225.8286156050705 OK 13 12 0.66031799999999996 0.65622800000000003 0.101975 0.55310400000000004 0.55349199999999998 0 0.10721399999999992 0.10273600000000005 0.101975 0.0071279999999999998 0.0069709999999999998 0.0068310000000000003 0.082199999999999995 0.078504999999999991 0.077952999999999981 0.0025400000000000002 0.002503 0.0024260000000000002 0.00058299999999999997 0.00056899999999999995 0.00058200000000000005 225.82861661832956 225.82861661832956 225.82861661832956 0.0028397557124410209 0.0028397557124410209 0.0028397557124410209 1 1 1 Converged Converged Converged OK OK OK 53 53 53 53 53 53 3 3 3 0 0 0 0 0 1 0 0
95 95 uniform 4 7 959 1 0.0001 2.4374773061751362 0.067446387773748978 0.00013684798088952349 0.14042634444185156 0.00031117696617042858 0.14041563459986892 0 0.013595884353199611 227.85343320758182 OK 13 12 0.65478499999999995 0.61361699999999997 0.101225 0.55261700000000002 0.43486000000000002 0 0.10216799999999993 0.17875699999999994 0.101225 0.006378 0.0064320000000000002 0.0059930000000000001 0.080240999999999993 0.156448 0.080114000000000005 0.002441 0.0025690000000000001 0.0024020000000000001 0.00056899999999999995 0.00056300000000000002 0.00054100000000000003 227.85343586335205 227.85343586335205 227.85343586335205 0.0028385255087384365 0.0028385255087384365 0.0028385255087384365 1 1 1 Converged Converged Converged OK OK OK 53 53 53 53 53 53 3 3 3 0 0 0 0 1 0 0 1
95 95 uniform 4 15 959 2 0.0001 2.4374773061751362 0.067446387773748978 0.00013684798088952349 0.14042634444185156 0.00031117696617042858 0.14043467431894918 0 0.013576844634119345 230.19137964736277 OK 13 12 0.69029399999999996 0.65524800000000005 0.094763 0.59116800000000003 0.48836299999999999 0 0.099125999999999936 0.16688500000000006 0.094763 0.0063540000000000003 0.0064200000000000004 0.0059119999999999997 0.074194999999999983 0.14476700000000001 0.07399399999999999 0.00248 0.0025100000000000001 0.002431 0.00060000000000000006 0.00056100000000000008 0.00053699999999999993 230.19138375084358 230.19138375084358 230.19138375084358 0.0028371224918541629 0.0028371224918541629 0.0028371224918541629 1 1 1 Converged Converged Converged OK OK OK 53 53 53 53 53 53 3 3 3 0 0 0 0 1 0 0 1
95 95 uniform 4 23 959 3 0.0001 2.4374773061751362 0.067446387773748978 0.00013684798088952349 0.14042634444185156 0.00031117696617042858 0.14045371403802948 0 0.013557804915039051 232.55411986339897 OK 13 12 0.77911399999999997 0.67286299999999999 0.102242 0.67468700000000004 0.50392000000000003 0 0.10442699999999994 0.16894299999999995 0.102242 0.0063740000000000003 0.0064180000000000001 0.007149 0.078619999999999995 0.14665200000000003 0.079645999999999995 0.0025690000000000001 0.0026059999999999998 0.0025739999999999999 0.00056899999999999995 0.00056700000000000012 0.00056599999999999999 232.55412478459778 232.55412478459778 232.55412478459778 0.0028357224784798258 0.0028357224784798258 0.0028357224784798258 1 1 1 Converged Converged Converged OK OK OK 53 53 53 53 53 53 3 3 3 0 0 0 0 1 0 0 1
96 96 linear 0 0 960 0 0.001 1.6208752430706728 0.00082193009202609108 0.0035541123802539194 -0.98820960278485814 0.0026406621172324384 -0.98892042526090895 0.5 0.99025157728470348 4.9207747093624237 OK 16 15 0.67862800000000001 0.67232199999999998 0.22928699999999999 0.43811899999999998 0.43539800000000001 0 0.24050900000000003 0.23692399999999997 0.22928699999999999 0.013391 0.013093 0.012564000000000001 0.18762200000000004 0.18405799999999994 0.17871200000000004 0.004797 0.0049400000000000008 0.0046239999999999996 0.0013209999999999999 0.001346 0.0012200000000000002 4.9207883054924997 4.9207883054924997 4.9207883054924997 0.0039690551418840115 0.0039690551418840115 0.0039690551418840115 1 1 1 Converged Converged Converged OK OK OK 110 110 110 110 110 110 10 10 10 0 0 0 0 0 1 0 0
96 96 linear 0 7 960 1 0.001 1.6208752430706728 0.00082193009202609108 0.0035541123802539194 -0.98820960278485814 0.0026406621172324384 -0.98848775071026929 0.5 0.98981890273406381 4.9097943382816043 OK 16 15 0.66462299999999996 0.545157 0.206595 0.446048 0.30635200000000001 0 0.21857499999999996 0.23880499999999999 0.206595 0.011505 0.011651 0.010921999999999999 0.18143300000000001 0.20086199999999996 0.17045299999999991 0.0044780000000000002 0.0050289999999999996 0.0044169999999999999 0.0011810000000000002 0.0012439999999999999 0.001219 4.9097984586537358 4.9097984586537358 4.9097984586537358 0.003909117566825839 0.003909117566825839 0.003909117566825839 1 1 1 Converged Converged Converged OK OK OK 103 103 103 103 103 103 9 9 9 0 0 0 0 1 0 0 1
96 96 linear 0 15 960 2 0.001 1.6208752430706728 0.00082193009202609108 0.0035541123802539194 -0.98820960278485814 0.0026406621172324384 -0.98799326550953837 0.5 0.98932441753333289 4.8895785918598635 OK 16 15 0.60587899999999995 0.48427100000000001 0.19667299999999999 0.40220800000000001 0.255971 0 0.20367099999999994 0.2283 0.19667299999999999 0.011603 0.011521 0.010852000000000001 0.16672699999999996 0.19124800000000003 0.16118300000000002 0.0044249999999999992 0.0044749999999999989 0.0043479999999999994 0.0011660000000000002 0.0011169999999999999 0.0011199999999999999 4.8895892089339101 4.8895892089339101 4.8895892089339101 0.0038254270937137873 0.0038254270937137873 0.0038254270937137873 1 1 1 Converged Converged Converged OK OK OK 103 103 103 103 103 103 9 9 9 0 0 0 0 1 0 0 1
96 96 linear 0 23 960 3 0.001 1.6208752430706728 0.00082193009202609108 0.0035541123802539194 -0.98820960278485814 0.0026406621172324384 -0.98749878030880733 0.5 0.98882993233260186 4.862213320685381 OK 16 15 0.65618500000000002 0.52900400000000003 0.199348 0.44579000000000002 0.30520999999999998 0 0.210395 0.22379400000000005 0.199348 0.011532000000000001 0.011656 0.010704 0.17330600000000002 0.18660100000000002 0.16408300000000001 0.0045379999999999995 0.0046410000000000002 0.0044039999999999999 0.001134 0.0011619999999999998 0.0010510000000000001 4.8622272472092751 4.8622272472092751 4.8622272472092751 0.0037089890662794244 0.0037089890662794244 0.0037089890662794244 1 1 1 Converged Converged Converged OK OK OK 103 103 103 103 103 103 9 9 9 0 0 0 0 1 0 0 1
96 96 linear 0 0 960 0 0.0001 1.6208752430706728 0.00082193009202609108 0.0035541123802539194 -0.98820960278485814 0.0026406621172324384 -0.98892042526090895 0.5 0.99025157728470348 4.9207747093624237 OK 16 15 0.77630399999999999 0.76873199999999997 0.32680100000000001 0.43907800000000002 0.43482900000000002 0 0.33722599999999997 0.33390299999999995 0.32680100000000001 0.012931 0.012906000000000001 0.012619999999999999 0.26186499999999985 0.25879799999999997 0.2513999999999999 0.0076789999999999992 0.0077329999999999994 0.0082889999999999995 0.0020330000000000001 0.0018890000000000003 0.0020320000000000004 4.9207925595077366 4.9207925595077366 4.9207925595077366 0.00036144147274700685 0.00036144147274700685 0.00036144147274700685 1 1 1 Converged Converged Converged OK OK OK 166 166 166 166 166 166 10 10 10 0 0 0 0 0 1 0 0
96 96 linear 0 7 960 1 0.0001 1.6208752430706728 0.00082193009202609108 0.0035541123802539194 -0.98820960278485814 0.0026406621172324384 -0.98848775071026929 0.5 0.98981890273406381 4.9097943382816043 OK 16 15 0.75339599999999995 0.654331 0.29676399999999997 0.44516699999999998 0.30613000000000001 0 0.30822899999999998 0.34820099999999998 0.29676399999999997 0.011554999999999999 0.011742000000000001 0.011004999999999999 0.25482300000000013 0.29530400000000007 0.2446039999999999 0.0079260000000000008 0.0076589999999999991 0.0079309999999999988 0.0019220000000000001 0.0019139999999999999 0.0019420000000000001 4.9098028982597004 4.9098028982597004 4.9098028982597004 0.00030952871457417836 0.00030952871457417836 0.00030952871457417836 1 1 1 Converged Converged Converged OK OK OK 159 159 159 159 159 159 9 9 9 0 0 0 0 1 0 0 1
96 96 linear 0 15 960 2 0.0001 1.6208752430706728 0.00082193009202609108 0.0035541123802539194 -0.98820960278485814 0.0026406621172324384 -0.98799326550953837 0.5 0.98932441753333289 4.8895785918598635 OK 16 15 0.69945100000000004 0.601356 0.29037600000000002 0.40348400000000001 0.26092199999999999 0 0.29596700000000004 0.34043400000000001 0.29037600000000002 0.011560000000000001 0.011693 0.012147 0.24395600000000003 0.285408 0.23841000000000004 0.0074090000000000007 0.0090280000000000013 0.0075209999999999999 0.0017340000000000001 0.002016 0.0017240000000000003 4.8895936308482639 4.8895936308482639 4.8895936308482639 0.00029582358879455078 0.00029582358879455078 0.00029582358879455078 1 1 1 Converged Converged Converged OK OK OK 159 159 159 159 159 159 9 9 9 0 0 0 0 1 0 0 1
96 96 linear 0 23 960 3 0.0001 1.6208752430706728 0.00082193009202609108 0.0035541123802539194 -0.98820960278485814 0.0026406621172324384 -0.98749878030880733 0.5 0.98882993233260186 4.862213320685381 OK 16 15 0.74623099999999998 0.64064299999999996 0.289802 0.45187500000000003 0.30654700000000001 0 0.29435599999999995 0.33409599999999995 0.289802 0.011609 0.011705 0.016705999999999999 0.2417660000000002 0.28078999999999998 0.23310499999999998 0.0078649999999999987 0.0083049999999999999 0.0075769999999999995 0.001755 0.0018239999999999999 0.001717 4.8622314895176499 4.8622314895176499 4.8622314895176499 0.0002928160469382339 0.0002928160469382339 0.0002928160469382339 1 1 1 Converged Converged Converged OK OK OK 159 159 159 159 159 159 9 9 9 0 0 0 0 1 0 0 1
96 96 linear 1 0 961 0 0.001 1.6208752430706728 0.00082193009202609108 0.0035541123802539194 0.0031413087106406698 0.00087733687462875532 0.0024304862345898856 0.5 -0.0010993342107954128 540.87041578167782 OK 13 12 0.70049099999999997 0.69333900000000004 0.26477000000000001 0.43052800000000002 0.42426599999999998 0 0.26996299999999995 0.26907300000000006 0.26477000000000001 0.0089289999999999994 0.0092709999999999997 0.0089230000000000004 0.22810700000000003 0.226549 0.22232000000000007 0.0047379999999999992 0.0049800000000000001 0.0051090000000000007 0.001237 0.001273 0.0013349999999999998 540.87327617536585 540.87327617536585 540.87327617536585 0.41669869434739448 0.41669869434739448 0.41669869434739448 1 1 1 Converged Converged Converged OK OK OK 105 105 105 105 105 105 7 7 7 0 0 0 0 0 1 0 0
96 96 linear 1 7 961 1 0.001 1.6208752430706728 0.00082193009202609108 0.0035541123802539194 0.0031413087106406698 0.00087733687462875532 0.0028631607852294934 0.5 -0.0015320087614350206 512.14618320907834 OK 14 13 0.80315000000000003 0.77152600000000005 0.26755699999999999 0.52297000000000005 0.38586900000000002 0 0.28017999999999998 0.38565700000000003 0.26755699999999999 0.0070920000000000002 0.0072240000000000004 0.0067489999999999998 0.24444899999999994 0.34868899999999992 0.23272799999999991 0.0047580000000000009 0.0054659999999999995 0.0049570000000000005 0.0013369999999999999 0.0014469999999999999 0.0014679999999999999 512.15000151883021 512.15000151883021 512.15000151883021 0.14229770353097507 0.14229770353097507 0.14229770353097507 1 1 1 Converged Converged Converged OK OK OK 112 112 112 112 112 112 8 8 8 0 0 0 0 1 0 0 1
96 96 linear 1 15 961 2 0.001 1.6208752430706728 0.00082193009202609108 0.0035541123802539194 0.0031413087106406698 0.00087733687462875532 0.0033576459859604737 0.5 -0.0020264939621660008 469.41980839840539 OK 13 12 0.78143899999999999 0.76931700000000003 0.29720099999999999 0.47559899999999999 0.346003 0 0.30584 0.42331400000000002 0.29720099999999999 0.0071060000000000003 0.0076030000000000004 0.0065539999999999999 0.26757999999999998 0.382909 0.26035600000000009 0.0055600000000000007 0.0065120000000000004 0.005561 0.0013210000000000001 0.0014960000000000002 0.0013810000000000003 469.42135532637803 469.42135532637803 469.42135532637803 0.27210125334046736 0.27210125334046736 0.27210125334046736 1 1 1 Converged Converged Converged OK OK OK 127 127 127 127 127 127 9 9 9 0 0 0 0 1 0 0 1
96 96 linear 1 23 961 3 0.001 1.6208752430706728 0.00082193009202609108 0.0035541123802539194 0.0031413087106406698 0.00087733687462875532 0.0038521311866914539 0.5 -0.0025209791628969811 413.66063384593713 OK 13 12 0.79712099999999997 0.75062600000000002 0.30831399999999998 0.47457199999999999 0.34166800000000003 0 0.32254899999999997 0.40895799999999999 0.30831399999999998 0.0066860000000000001 0.0067349999999999997 0.0059649999999999998 0.28369900000000009 0.3716979999999997 0.27383499999999994 0.0073419999999999987 0.0062719999999999989 0.0054380000000000001 0.001423 0.001469 0.001413 413.66140436088995 413.66140436088995 413.66140436088995 0.068528061905324789 0.068528061905324789 0.068528061905324789 1 1 1 Converged Converged Converged OK OK OK 127 127 127 127 127 127 9 9 9 0 0 0 0 1 0 0 1
96 96 linear 1 0 961 0 0.0001 1.6208752430706728 0.00082193009202609108 0.0035541123802539194 0.0031413087106406698 0.00087733687462875532 0.0024304862345898856 0.5 -0.0010993342107954128 540.87041578167782 OK 13 12 0.71674800000000005 0.71029699999999996 0.28753699999999999 0.42765999999999998 0.42430600000000002 0 0.28908800000000007 0.28599099999999994 0.28753699999999999 0.0091190000000000004 0.0091450000000000004 0.0086800000000000002 0.24268400000000004 0.23880300000000002 0.24208599999999994 0.0051809999999999998 0.0055019999999999999 0.0052619999999999993 0.0013469999999999999 0.0014659999999999999 0.001315 540.87409781475003 540.87409781475003 540.87409781475003 0.028758705239513748 0.028758705239513748 0.028758705239513748 1 1 1 Converged Converged Converged OK OK OK 113 113 113 113 113 113 7 7 7 0 0 0 0 0 1 0 0
96 96 linear 1 7 961 1 0.0001 1.6208752430706728 0.00082193009202609108 0.0035541123802539194 0.0031413087106406698 0.00087733687462875532 0.0028631607852294934 0.5 -0.0015320087614350206 512.14618320907834 OK 14 13 0.85925499999999999 0.88693100000000002 0.33294800000000002 0.526281 0.38415700000000003 0 0.33297399999999999 0.50277400000000005 0.33294800000000002 0.0071260000000000004 0.0071809999999999999 0.006979 0.28883100000000017 0.45606599999999975 0.28833200000000003 0.0062790000000000007 0.0075590000000000006 0.0067979999999999994 0.0016279999999999999 0.0017730000000000001 0.0017180000000000003 512.15024738951831 512.15024738951831 512.15024738951831 0.01467422345801017 0.01467422345801017 0.01467422345801017 1 1 1 Converged Converged Converged OK OK OK 144 144 144 144 144 144 8 8 8 0 0 0 0 1 0 0 1
96 96 linear 1 15 961 2 0.0001 1.6208752430706728 0.00082193009202609108 0.0035541123802539194 0.0031413087106406698 0.00087733687462875532 0.0033576459859604737 0.5 -0.0020264939621660008 469.41980839840539 OK 13 12 0.80960699999999997 0.84990200000000005 0.32949400000000001 0.47992600000000002 0.34097100000000002 0 0.32968099999999995 0.50893100000000002 0.32949400000000001 0.0071300000000000001 0.0071479999999999998 0.0067650000000000002 0.29010600000000003 0.46787100000000015 0.28938300000000006 0.0060389999999999992 0.0064800000000000014 0.0064570000000000001 0.0016380000000000001 0.0018059999999999999 0.001722 469.42150956697338 469.42150956697338 469.42150956697338 0.016594586557941132 0.016594586557941132 0.016594586557941132 1 1 1 Converged Converged Converged OK OK OK 143 143 143 143 143 143 9 9 9 0 0 0 0 1 0 0 1
96 96 linear 1 23 961 3 0.0001 1.6208752430706728 0.00082193009202609108 0.0035541123802539194 0.0031413087106406698 0.00087733687462875532 0.0038521311866914539 0.5 -0.0025209791628969811 413.66063384593713 OK 13 12 0.79894799999999999 0.78724799999999995 0.33235199999999998 0.46932499999999999 0.34048200000000001 0 0.329623 0.44676599999999994 0.33235199999999998 0.0064520000000000003 0.0065669999999999999 0.0061199999999999996 0.29282300000000006 0.408221 0.29566799999999999 0.0055230000000000001 0.0064359999999999999 0.0057939999999999997 0.0014819999999999998 0.0015900000000000001 0.001537 413.66141109911416 413.66141109911416 413.66141109911416 0.024418196464198284 0.024418196464198284 0.024418196464198284 1 1 1 Converged Converged Converged OK OK OK 135 135 135 135 135 135 9 9 9 0 0 0 0 1 0 0 1
96 96 linear 2 0 962 0 0.001 1.6208752430706728 0.00082193009202609108 0.0035541123802539194 -1.0123966674297216 -0.01083434084708718 -1.0131074899057724 0.5 1.0144386419295668 1.4676870124806907 OK 13 12 0.41289199999999998 0.40555999999999998 0.098276000000000002 0.30828899999999998 0.305755 0 0.104603 0.099804999999999977 0.098276000000000002 0.0092010000000000008 0.0094699999999999993 0.0091459999999999996 0.072927000000000006 0.067847000000000005 0.067124000000000031 0.0032840000000000005 0.0035440000000000003 0.0034339999999999996 0.00088699999999999998 0.00082700000000000004 0.00082400000000000008 1.4676861472717357 1.4676861472717357 1.4676861472717357 0.00070167600668402652 0.00070167600668402652 0.00070167600668402652 1 1 1 Converged Converged Converged OK OK OK 61 61 61 61 61 61 3 3 3 0 0 0 0 0 1 0 0
96 96 linear 2 7 962 1 0.001 1.6208752430706728 0.00082193009202609108 0.0035541123802539194 -1.0123966674297216 -0.01083434084708718 -1.0126748153551328 0.5 1.0140059673789272 1.4740228700845104 OK 13 12 0.40300999999999998 0.28477799999999998 0.092255000000000004 0.30575200000000002 0.164438 0 0.097257999999999956 0.12033999999999997 0.092255000000000004 0.0085789999999999998 0.0083400000000000002 0.0078230000000000001 0.068285999999999972 0.092514999999999986 0.065454000000000012 0.0037260000000000001 0.0032950000000000002 0.0032690000000000002 0.000794 0.00074799999999999997 0.000727 1.4740220337769414 1.4740220337769414 1.4740220337769414 0.0007143615318797663 0.0007143615318797663 0.0007143615318797663 1 1 1 Converged Converged Converged OK OK OK 61 61 61 61 61 61 3 3 3 0 0 0 0 1 0 0 1
96 96 linear 2 15 962 2 0.001 1.6208752430706728 0.00082193009202609108 0.0035541123802539194 -1.0123966674297216 -0.01083434084708718 -1.0121803301544017 0.5 1.0135114821781961 1.5992028086475143 OK 14 13 0.47535300000000003 0.35250999999999999 0.14776400000000001 0.32067499999999999 0.173543 0 0.15467800000000004 0.17896699999999999 0.14776400000000001 0.011636000000000001 0.014775999999999999 0.010799 0.11323899999999999 0.13582300000000003 0.10903700000000001 0.0050860000000000002 0.0044689999999999999 0.0044350000000000006 0.001214 0.001036 0.001029 1.5992009934787867 1.5992009934787867 1.5992009934787867 0.0011375212465376651 0.0011375212465376651 0.0011375212465376651 1 1 1 Converged Converged Converged OK OK OK 90 90 90 90 90 90 6 6 6 0 0 0 0 1 0 0 1
96 96 linear 2 23 962 3 0.001 1.6208752430706728 0.00082193009202609108 0.0035541123802539194 -1.0123966674297216 -0.01083434084708718 -1.0116858449536708 0.5 1.0130169969774652 1.8265232384367009 OK 14 13 0.47394999999999998 0.35821700000000001 0.153057 0.31497199999999997 0.17813399999999999 0 0.15897800000000001 0.18008300000000002 0.153057 0.011391999999999999 0.011195999999999999 0.010330000000000001 0.11876399999999995 0.14080299999999998 0.11540899999999998 0.0051650000000000003 0.0049090000000000002 0.0046099999999999995 0.0011169999999999999 0.0011580000000000002 0.001103 1.826523099270261 1.826523099270261 1.826523099270261 0.00074643656939546378 0.00074643656939546378 0.00074643656939546378 1 1 1 Converged Converged Converged OK OK OK 98 98 98 98 98 98 6 6 6 0 0 0 0 1 0 0 1
96 96 linear 2 0 962 0 0.0001 1.6208752430706728 0.00082193009202609108 0.0035541123802539194 -1.0123966674297216 -0.01083434084708718 -1.0131074899057724 0.5 1.0144386419295668 1.4676870124806907 OK 13 12 0.451434 0.45145999999999997 0.14252000000000001 0.30669200000000002 0.30404500000000001 0 0.14474199999999998 0.14741499999999996 0.14252000000000001 0.0089709999999999998 0.0092429999999999995 0.0089219999999999994 0.10169100000000002 0.10369600000000002 0.099617999999999984 0.0051599999999999997 0.0052119999999999996 0.0051630000000000001 0.001054 0.001013 0.001073 1.4676861470204798 1.4676861470204798 1.4676861470204798 8.6316909037209031e-09 8.6316909037209031e-09 8.6316909037209031e-09 1 1 1 Converged Converged Converged OK OK OK 93 93 93 93 93 93 3 3 3 0 0 0 0 0 1 0 0
96 96 linear 2 7 962 1 0.0001 1.6208752430706728 0.00082193009202609108 0.0035541123802539194 -1.0123966674297216 -0.01083434084708718 -1.0126748153551328 0.5 1.0140059673789272 1.4740228700845104 OK 13 12 0.441778 0.35266900000000001 0.134133 0.30423600000000001 0.16432099999999999 0 0.137542 0.18834800000000002 0.134133 0.008378 0.0084740000000000006 0.0079039999999999996 0.100027 0.15051899999999996 0.097746999999999987 0.005058 0.0051410000000000006 0.0049940000000000002 0.00095500000000000001 0.0010010000000000002 0.00089299999999999991 1.474022033501267 1.474022033501267 1.474022033501267 8.5903769561162327e-09 8.5903769561162327e-09 8.5903769561162327e-09 1 1 1 Converged Converged Converged OK OK OK 93 93 93 93 93 93 3 3 3 0 0 0 0 1 0 0 1
96 96 linear 2 15 962 2 0.0001 1.6208752430706728 0.00082193009202609108 0.0035541123802539194 -1.0123966674297216 -0.01083434084708718 -1.0121803301544017 0.5 1.0135114821781961 1.5992028086475143 OK 14 13 0.526065 0.43137900000000001 0.2019 0.31786500000000001 0.17578099999999999 0 0.2082 0.25559799999999999 0.2019 0.011516999999999999 0.011557 0.010703000000000001 0.15433099999999991 0.20288999999999996 0.15067699999999998 0.0070169999999999998 0.0063339999999999994 0.0062829999999999995 0.0014620000000000002 0.0014320000000000001 0.0014240000000000001 1.5992009639054439 1.5992009639054439 1.5992009639054439 2.2042776416726901e-07 2.2042776416726901e-07 2.2042776416726901e-07 1 1 1 Converged Converged Converged OK OK OK 130 130 130 130 130 130 6 6 6 0 0 0 0 1 0 0 1
96 96 linear 2 23 962 3 0.0001 1.6208752430706728 0.00082193009202609108 0.0035541123802539194 -1.0123966674297216 -0.01083434084708718 -1.0116858449536708 0.5 1.0130169969774652 1.8265232384367009 OK 14 13 0.51228300000000004 0.42016999999999999 0.189946 0.317139 0.17890600000000001 0 0.19514400000000004 0.24126399999999998 0.189946 0.011006999999999999 0.011204 0.010441000000000001 0.14703900000000006 0.19375099999999992 0.14380599999999999 0.0066579999999999999 0.0065139999999999998 0.0064029999999999998 0.001444 0.0013650000000000001 0.0013939999999999998 1.826523098942272 1.826523098942272 1.826523098942272 1.2029469288716889e-06 1.2029469288716889e-06 1.2029469288716889e-06 1 1 1 Converged Converged Converged OK OK OK 130 130 130 130 130 130 6 6 6 0 0 0 0 1 0 0 1
96 96 linear 3 0 963 0 0.001 1.6208752430706728 0.00082193009202609108 0.0035541123802539194 -0.0013858869486018739 -0.0044451610432688958 -0.0020967094246526581 0.5 0.0034278614484471309 186.19891691447265 OK 13 12 0.55524700000000005 0.55486500000000005 0.12372 0.43280800000000003 0.43510599999999999 0 0.12243900000000002 0.11975900000000006 0.12372 0.010461 0.010612 0.011658999999999999 0.091910999999999993 0.089482999999999951 0.091405999999999987 0.002879 0.0028480000000000003 0.0031960000000000001 0.00069200000000000002 0.00075500000000000003 0.000812 186.19901397785307 186.19901397785307 186.19901397785307 0.1354993146163328 0.1354993146163328 0.1354993146163328 1 1 1 Converged Converged Converged OK OK OK 59 59 59 59 59 59 5 5 5 0 0 0 0 0 1 0 0
96 96 linear 3 7 963 1 0.001 1.6208752430706728 0.00082193009202609108 0.0035541123802539194 -0.0013858869486018739 -0.0044451610432688958 -0.0016640348740130503 0.5 0.0029951868978075231 196.49950616298031 OK 13 12 0.51896900000000001 0.52341700000000002 0.111364 0.40348299999999998 0.262602 0 0.11548600000000003 0.26081500000000002 0.111364 0.0096509999999999999 0.0094540000000000006 0.0089280000000000002 0.089327999999999991 0.23491199999999998 0.086504000000000025 0.0029690000000000003 0.0029640000000000001 0.0029610000000000001 0.00070399999999999998 0.00071099999999999994 0.00070899999999999999 196.49922650797791 196.49922650797791 196.49922650797791 0.059120382960073117 0.059120382960073117 0.059120382960073117 1 1 1 Converged Converged Converged OK OK OK 59 59 59 59 59 59 5 5 5 0 0 0 0 1 0 0 1
96 96 linear 3 15 963 2 0.001 1.6208752430706728 0.00082193009202609108 0.0035541123802539194 -0.0013858869486018739 -0.0044451610432688958 -0.00116954967328207 0.5 0.0025007016970765429 208.80386028385058 OK 13 12 0.60471200000000003 0.60321999999999998 0.121463 0.47832000000000002 0.346522 0 0.126392 0.25669799999999998 0.121463 0.0095949999999999994 0.0096930000000000002 0.0088350000000000008 0.10009600000000005 0.22985800000000001 0.09662500000000003 0.0029139999999999999 0.0031700000000000001 0.0029389999999999998 0.00073999999999999999 0.00076199999999999987 0.00076500000000000005 208.80357415546626 208.80357415546626 208.80357415546626 0.033682936129407134 0.033682936129407134 0.033682936129407134 1 1 1 Converged Converged Converged OK OK OK 59 59 59 59 59 59 5 5 5 0 0 0 0 1 0 0 1
96 96 linear 3 23 963 3 0.001 1.6208752430706728 0.00082193009202609108 0.0035541123802539194 -0.0013858869486018739 -0.0044451610432688958 -0.00067506447255109001 0.5 0.0020062164963455626 221.40194534383417 OK 13 12 0.62915500000000002 0.63131400000000004 0.11720999999999999 0.50764900000000002 0.37593900000000002 0 0.121506 0.25537500000000002 0.11720999999999999 0.0099050000000000006 0.0099439999999999997 0.0090639999999999991 0.095321999999999962 0.22876300000000002 0.092265000000000014 0.0027550000000000001 0.0029119999999999997 0.002823 0.00077200000000000001 0.00078200000000000003 0.00072899999999999994 221.4017163452456 221.4017163452456 221.4017163452456 0.065573694238451496 0.065573694238451496 0.065573694238451496 1 1 1 Converged Converged Converged OK OK OK 59 59 59 59 59 59 5 5 5 0 0 0 0 1 0 0 1
96 96 linear 3 0 963 0 0.0001 1.6208752430706728 0.00082193009202609108 0.0035541123802539194 -0.0013858869486018739 -0.0044451610432688958 -0.0020967094246526581 0.5 0.0034278614484471309 186.19891691447265 OK 13 12 0.59117399999999998 0.59065400000000001 0.14827399999999999 0.43424499999999999 0.439772 0 0.15692899999999999 0.15088200000000002 0.14827399999999999 0.010203 0.010623 0.010265 0.11805500000000002 0.10978200000000002 0.10867099999999999 0.0041849999999999995 0.0050789999999999993 0.0046839999999999998 0.00096100000000000005 0.001157 0.0010189999999999999 186.19880473019549 186.19880473019549 186.19880473019549 0.0048139761836585443 0.0048139761836585443 0.0048139761836585443 1 1 1 Converged Converged Converged OK OK OK 83 83 83 83 83 83 5 5 5 0 0 0 0 0 1 0 0
96 96 linear 3 7 963 1 0.0001 1.6208752430706728 0.00082193009202609108 0.0035541123802539194 -0.0013858869486018739 -0.0044451610432688958 -0.0016640348740130503 0.5 0.0029951868978075231 196.49950616298031 OK 13 12 0.53945900000000002 0.58534299999999995 0.12868299999999999 0.40525899999999998 0.27344600000000002 0 0.13420000000000004 0.31189699999999992 0.12868299999999999 0.0098259999999999997 0.0095250000000000005 0.008966 0.10269499999999998 0.28042000000000011 0.098694000000000004 0.0038140000000000005 0.0041069999999999995 0.0037499999999999999 0.00085000000000000006 0.00086899999999999998 0.00082700000000000004 196.49936755777176 196.49936755777176 196.49936755777176 0.00835332216159425 0.00835332216159425 0.00835332216159425 1 1 1 Converged Converged Converged OK OK OK 75 75 75 75 75 75 5 5 5 0 0 0 0 1 0 0 1
96 96 linear 3 15 963 2 0.0001 1.6208752430706728 0.00082193009202609108 0.0035541123802539194 -0.0013858869486018739 -0.0044451610432688958 -0.00116954967328207 0.5 0.0025007016970765429 208.80386028385058 OK 13 12 0.62951100000000004 0.66075099999999998 0.13922899999999999 0.48328300000000002 0.34760200000000002 0 0.14622800000000002 0.31314899999999996 0.13922899999999999 0.0095390000000000006 0.0097429999999999999 0.0090340000000000004 0.11416899999999998 0.28094300000000005 0.10924899999999999 0.0041510000000000002 0.0042940000000000001 0.0039189999999999997 0.00096000000000000002 0.00098999999999999999 0.00091099999999999992 208.80369203072425 208.80369203072425 208.80369203072425 0.015663017396072974 0.015663017396072974 0.015663017396072974 1 1 1 Converged Converged Converged OK OK OK 75 75 75 75 75 75 5 5 5 0 0 0 0 1 0 0 1
96 96 linear 3 23 963 3 0.0001 1.6208752430706728 0.00082193009202609108 0.0035541123802539194 -0.0013858869486018739 -0.0044451610432688958 -0.00067506447255109001 0.5 0.0020062164963455626 221.40194534383417 OK 13 12 0.675481 0.71804400000000002 0.153359 0.51654699999999998 0.37683699999999998 0 0.15893400000000002 0.34120700000000004 0.153359 0.0097380000000000001 0.0098700000000000003 0.0091199999999999996 0.12597500000000003 0.3067339999999999 0.12158099999999995 0.0041659999999999996 0.0047060000000000001 0.0041790000000000004 0.001005 0.0011129999999999998 0.0010679999999999999 221.40172876467634 221.40172876467634 221.40172876467634 0.0033044672558577119 0.0033044672558577119 0.0033044672558577119 1 1 1 Converged Converged Converged OK OK OK 83 83 83 83 83 83 5 5 5 0 0 0 0 1 0 0 1
96 96 linear 4 0 964 0 0.001 1.6208752430706728 0.00082193009202609108 0.0035541123802539194 -1.0263217436900203 -0.0073214113372364834 -1.0270325661660711 0.5 1.0283637181898655 1.5774117613091756 OK 13 12 0.39491500000000002 0.39037699999999997 0.095760999999999999 0.29585299999999998 0.29255599999999998 0 0.099062000000000039 0.097820999999999991 0.095760999999999999 0.0091149999999999998 0.0091310000000000002 0.0086130000000000009 0.067550000000000013 0.066813999999999985 0.065802999999999987 0.0033790000000000001 0.0034280000000000001 0.003215 0.00066999999999999991 0.00077099999999999998 0.00067000000000000002 1.5774108108721521 1.5774108108721521 1.5774108108721521 0.00045593670250665202 0.00045593670250665202 0.00045593670250665202 1 1 1 Converged Converged Converged OK OK OK 61 61 61 61 61 61 3 3 3 0 0 0 0 0 1 0 0
96 96 linear 4 7 964 1 0.001 1.6208752430706728 0.00082193009202609108 0.0035541123802539194 -1.0263217436900203 -0.0073214113372364834 -1.0265998916154315 0.5 1.0279310436392259 1.5698669392054476 OK 13 12 0.38600400000000001 0.27710800000000002 0.090329999999999994 0.29284700000000002 0.15228 0 0.09315699999999999 0.12482800000000002 0.090329999999999994 0.008267 0.0082620000000000002 0.0077070000000000003 0.065647999999999998 0.09744299999999996 0.064051000000000011 0.0033170000000000001 0.0032829999999999999 0.0032399999999999998 0.00069499999999999998 0.00067699999999999998 0.00065899999999999997 1.5698659889353284 1.5698659889353284 1.5698659889353284 0.00046055271446859169 0.00046055271446859169 0.00046055271446859169 1 1 1 Converged Converged Converged OK OK OK 61 61 61 61 61 61 3 3 3 0 0 0 0 1 0 0 1
96 96 linear 4 15 964 2 0.001 1.6208752430706728 0.00082193009202609108 0.0035541123802539194 -1.0263217436900203 -0.0073214113372364834 -1.0261054064147004 0.5 1.0274365584384948 1.561487246424764 OK 13 12 0.386181 0.27468799999999999 0.090222999999999998 0.29303099999999999 0.15426999999999999 0 0.093150000000000011 0.120418 0.090222999999999998 0.0082369999999999995 0.0082819999999999994 0.0076629999999999997 0.065722000000000003 0.092970000000000025 0.064203999999999997 0.0032629999999999998 0.0032920000000000002 0.0031799999999999997 0.000669 0.00067999999999999994 0.00065000000000000008 1.5614863014927514 1.5614863014927514 1.5614863014927514 0.0004659724881279204 0.0004659724881279204 0.0004659724881279204 1 1 1 Converged Converged Converged OK OK OK 61 61 61 61 61 61 3 3 3 0 0 0 0 1 0 0 1
96 96 linear 4 23 964 3 0.001 1.6208752430706728 0.00082193009202609108 0.0035541123802539194 -1.0263217436900203 -0.0073214113372364834 -1.0256109212139695 0.5 1.0269420732377639 1.5533864575374667 OK 13 12 0.39281199999999999 0.27314699999999997 0.096614000000000005 0.295595 0.15313499999999999 0 0.097216999999999998 0.12001199999999998 0.096614000000000005 0.0081440000000000002 0.0082070000000000008 0.0076340000000000002 0.069876000000000008 0.092738000000000001 0.070510000000000003 0.0033109999999999997 0.003375 0.0031649999999999998 0.00068900000000000005 0.00069700000000000003 0.00066400000000000009 1.5533855206028311 1.5533855206028311 1.5533855206028311 0.00047155122676926527 0.00047155122676926527 0.00047155122676926527 1 1 1 Converged Converged Converged OK OK OK 61 61 61 61 61 61 3 3 3 0 0 0 0 1 0 0 1
96 96 linear 4 0 964 0 0.0001 1.6208752430706728 0.00082193009202609108 0.0035541123802539194 -1.0263217436900203 -0.0073214113372364834 -1.0270325661660711 0.5 1.0283637181898655 1.5774117613091756 OK 13 12 0.43548100000000001 0.43344500000000002 0.13931199999999999 0.29307800000000001 0.29316700000000001 0 0.142403 0.14027800000000001 0.13931199999999999 0.0088839999999999995 0.0089569999999999997 0.0086169999999999997 0.099525000000000016 0.097905999999999993 0.097684999999999994 0.0050270000000000002 0.0050019999999999995 0.0049759999999999995 0.00089800000000000004 0.00090899999999999998 0.00088800000000000001 1.5774108110118827 1.5774108110118827 1.5774108110118827 2.1122651455109305e-08 2.1122651455109305e-08 2.1122651455109305e-08 1 1 1 Converged Converged Converged OK OK OK 93 93 93 93 93 93 3 3 3 0 0 0 0 0 1 0 0
96 96 linear 4 7 964 1 0.0001 1.6208752430706728 0.00082193009202609108 0.0035541123802539194 -1.0263217436900203 -0.0073214113372364834 -1.0265998916154315 0.5 1.0279310436392259 1.5698669392054476 OK 13 12 0.42962 0.34472700000000001 0.13238 0.29455900000000002 0.15343699999999999 0 0.13506099999999999 0.19129000000000002 0.13238 0.0082679999999999993 0.0081790000000000005 0.0077669999999999996 0.097824000000000022 0.15406899999999998 0.095940999999999985 0.0049449999999999997 0.005078 0.005019 0.0009540000000000001 0.00091299999999999997 0.00090600000000000001 1.5698659890717075 1.5698659890717075 1.5698659890717075 2.0388607254704758e-08 2.0388607254704758e-08 2.0388607254704758e-08 1 1 1 Converged Converged Converged OK OK OK 93 93 93 93 93 93 3 3 3 0 0 0 0 1 0 0 1
96 96 linear 4 15 964 2 0.0001 1.6208752430706728 0.00082193009202609108 0.0035541123802539194 -1.0263217436900203 -0.0073214113372364834 -1.0261054064147004 0.5 1.0274365584384948 1.561487246424764 OK 13 12 0.42991499999999999 0.33277299999999999 0.13172700000000001 0.29210700000000001 0.153365 0 0.13780799999999999 0.17940799999999998 0.13172700000000001 0.0082450000000000006 0.0082830000000000004 0.0077190000000000002 0.10073200000000003 0.14246300000000003 0.09588800000000007 0.0049210000000000009 0.0049909999999999998 0.0048469999999999997 0.00089300000000000002 0.00090200000000000002 0.00088900000000000003 1.5614863016249327 1.5614863016249327 1.5614863016249327 1.9678857017695062e-08 1.9678857017695062e-08 1.9678857017695062e-08 1 1 1 Converged Converged Converged OK OK OK 93 93 93 93 93 93 3 3 3 0 0 0 0 1 0 0 1
96 96 linear 4 23 964 3 0.0001 1.6208752430706728 0.00082193009202609108 0.0035541123802539194 -1.0263217436900203 -0.0073214113372364834 -1.0256109212139695 0.5 1.0269420732377639 1.5533864575374667 OK 13 12 0.43658599999999997 0.33905800000000003 0.13597600000000001 0.29391200000000001 0.153886 0 0.14267399999999997 0.18517200000000003 0.13597600000000001 0.0082690000000000003 0.0082839999999999997 0.0076740000000000003 0.10559 0.14837900000000001 0.10017199999999994 0.0049369999999999995 0.0049870000000000001 0.0049390000000000007 0.00091500000000000001 0.00089999999999999998 0.00089800000000000004 1.5533855207304181 1.5533855207304181 1.5533855207304181 1.9085535368720612e-08 1.9085535368720612e-08 1.9085535368720612e-08 1 1 1 Converged Converged Converged OK OK OK 93 93 93 93 93 93 3 3 3 0 0 0 0 1 0 0 1
96 96 uniform 0 0 965 0 0.001 1.6208752430706728 0.00082193009202609108 0.0035541123802539194 -0.98820960278485814 0.0026406621172324384 -0.98892042526090895 0 0.99025157728470348 4.822558536553788 OK 16 15 0.64988000000000001 0.64498500000000003 0.20411099999999999 0.43954799999999999 0.43617499999999998 0 0.21033200000000002 0.20881000000000005 0.20411099999999999 0.014154 0.013313999999999999 0.012326999999999999 0.15698700000000004 0.15574800000000003 0.15388899999999994 0.0044320000000000002 0.0051900000000000002 0.0045330000000000006 0.001238 0.0013140000000000001 0.0011709999999999999 4.822553650539013 4.822553650539013 4.822553650539013 0.0036882361487825107 0.0036882361487825107 0.0036882361487825107 1 1 1 Converged Converged Converged OK OK OK 110 110 110 110 110 110 10 10 10 0 0 0 0 0 1 0 0
96 96 uniform 0 7 965 1 0.001 1.6208752430706728 0.00082193009202609108 0.0035541123802539194 -0.98820960278485814 0.0026406621172324384 -0.98848775071026929 0 0.98981890273406381 4.8085662118674684 OK 16 15 0.63270800000000005 0.52353700000000003 0.18194399999999999 0.44572899999999999 0.30504100000000001 0 0.18697900000000006 0.21849600000000002 0.18194399999999999 0.011443 0.011627 0.010976 0.1508229999999999 0.18155799999999997 0.14661499999999997 0.0040880000000000005 0.0040769999999999999 0.0040379999999999991 0.001142 0.0011870000000000001 0.001134 4.8085607336879592 4.8085607336879592 4.8085607336879592 0.0035197237269029989 0.0035197237269029989 0.0035197237269029989 1 1 1 Converged Converged Converged OK OK OK 103 103 103 103 103 103 9 9 9 0 0 0 0 1 0 0 1
96 96 uniform 0 15 965 2 0.001 1.6208752430706728 0.00082193009202609108 0.0035541123802539194 -0.98820960278485814 0.0026406621172324384 -0.98799326550953837 0 0.98932441753333289 4.7878151607878197 OK 16 15 0.57300200000000001 0.45693299999999998 0.17219499999999999 0.398951 0.257413 0 0.17405100000000001 0.19951999999999998 0.17219499999999999 0.011516 0.01141 0.010817999999999999 0.13790399999999994 0.16372900000000007 0.13748300000000002 0.004052 0.004052 0.0040540000000000003 0.001034 0.0010629999999999999 0.0010560000000000001 4.7878094550815504 4.7878094550815504 4.7878094550815504 0.0033613446778513788 0.0033613446778513788 0.0033613446778513788 1 1 1 Converged Converged Converged OK OK OK 103 103 103 103 103 103 9 9 9 0 0 0 0 1 0 0 1
96 96 uniform 0 23 965 3 0.001 1.6208752430706728 0.00082193009202609108 0.0035541123802539194 -0.98820960278485814 0.0026406621172324384 -0.98749878030880733 0 0.98882993233260186 4.7627859434063495 OK 16 15 0.62413399999999997 0.50583699999999998 0.17453199999999999 0.44714999999999999 0.30425200000000002 0 0.17698399999999997 0.20158499999999996 0.17453199999999999 0.011466 0.011525000000000001 0.010710000000000001 0.14102700000000007 0.16469400000000001 0.14002800000000004 0.0040379999999999999 0.0045209999999999998 0.003862 0.0010430000000000001 0.0011039999999999999 0.001042 4.7627809521283089 4.7627809521283089 4.7627809521283089 0.0031870661339534383 0.0031870661339534383 0.0031870661339534383 1 1 1 Converged Converged Converged OK OK OK 103 103 103 103 103 103 9 9 9 0 0 0 0 1 0 0 1
96 96 uniform 0 0 965 0 0.0001 1.6208752430706728 0.00082193009202609108 0.0035541123802539194 -0.98820960278485814 0.0026406621172324384 -0.98892042526090895 0 0.99025157728470348 4.822558536553788 OK 16 15 0.71101899999999996 0.70564899999999997 0.26556400000000002 0.443853 0.43837900000000002 0 0.26716599999999996 0.26726999999999995 0.26556400000000002 0.012862999999999999 0.013343000000000001 0.012402 0.2008690000000001 0.20016499999999998 0.19962399999999988 0.0061720000000000004 0.0065040000000000002 0.006683999999999999 0.0017569999999999999 0.0017159999999999996 0.001737 4.8225592210214847 4.8225592210214847 4.8225592210214847 0.00038187748365198861 0.00038187748365198861 0.00038187748365198861 1 1 1 Converged Converged Converged OK OK OK 150 150 150 150 150 150 10 10 10 0 0 0 0 0 1 0 0
96 96 uniform 0 7 965 1 0.0001 1.6208752430706728 0.00082193009202609108 0.0035541123802539194 -0.98820960278485814 0.0026406621172324384 -0.98848775071026929 0 0.98981890273406381 4.8085662118674684 OK 16 15 0.68847000000000003 0.58175399999999999 0.24351200000000001 0.44708399999999998 0.30796299999999999 0 0.24138600000000004 0.27379100000000001 0.24351200000000001 0.01145 0.011719 0.010833000000000001 0.19480499999999998 0.22694200000000012 0.19449700000000006 0.0059610000000000002 0.0062449999999999988 0.0059899999999999997 0.0016870000000000001 0.0016639999999999999 0.0016299999999999999 4.8085662717813342 4.8085662717813342 4.8085662717813342 0.00029696572651566886 0.00029696572651566886 0.00029696572651566886 1 1 1 Converged Converged Converged OK OK OK 143 143 143 143 143 143 9 9 9 0 0 0 0 1 0 0 1
96 96 uniform 0 15 965 2 0.0001 1.6208752430706728 0.00082193009202609108 0.0035541123802539194 -0.98820960278485814 0.0026406621172324384 -0.98799326550953837 0 0.98932441753333289 4.7878151607878197 OK 16 15 0.64170499999999997 0.52137500000000003 0.23077800000000001 0.40326699999999999 0.25546600000000003 0 0.23843799999999998 0.26590900000000001 0.23077800000000001 0.011417 0.011689 0.010800000000000001 0.19162900000000002 0.219059 0.18589600000000001 0.0061679999999999999 0.0062999999999999992 0.0060159999999999996 0.0015790000000000001 0.001523 0.0016020000000000001 4.7878148001940852 4.7878148001940852 4.7878148001940852 0.00027202539688536459 0.00027202539688536459 0.00027202539688536459 1 1 1 Converged Converged Converged OK OK OK 143 143 143 143 143 143 9 9 9 0 0 0 0 1 0 0 1
96 96 uniform 0 23 965 3 0.0001 1.6208752430706728 0.00082193009202609108 0.0035541123802539194 -0.98820960278485814 0.0026406621172324384 -0.98749878030880733 0 0.98882993233260186 4.7627859434063495 OK 16 15 0.67871499999999996 0.54002099999999997 0.210594 0.45910800000000002 0.30368000000000001 0 0.21960699999999994 0.23634099999999997 0.210594 0.012736000000000001 0.011684999999999999 0.010711 0.17671099999999995 0.19449099999999997 0.17132600000000001 0.0052080000000000008 0.0055839999999999996 0.0049909999999999998 0.0013980000000000002 0.0014139999999999999 0.001371 4.7627859906640735 4.7627859906640735 4.7627859906640735 0.00047417595234716924 0.00047417595234716924 0.00047417595234716924 1 1 1 Converged Converged Converged OK OK OK 127 127 127 127 127 127 9 9 9 0 0 0 0 1 0 0 1
96 96 uniform 1 0 966 0 0.001 1.6208752430706728 0.00082193009202609108 0.0035541123802539194 0.0031413087106406698 0.00087733687462875532 0.0024304862345898856 0 -0.0010993342107954128 520.97395422631723 OK 13 12 0.64485899999999996 0.62511000000000005 0.202796 0.43284 0.421873 0 0.21201899999999996 0.20323700000000006 0.202796 0.010593999999999999 0.0092219999999999993 0.0090469999999999995 0.16656199999999999 0.16167100000000004 0.16087499999999996 0.0051119999999999994 0.0045619999999999992 0.0047620000000000006 0.0012720000000000001 0.0012019999999999999 0.0012620000000000001 520.97380012103179 520.97380012103179 520.97380012103179 0.32130086209855829 0.32130086209855829 0.32130086209855829 1 1 1 Converged Converged Converged OK OK OK 105 105 105 105 105 105 7 7 7 0 0 0 0 0 1 0 0
96 96 uniform 1 7 966 1 0.001 1.6208752430706728 0.00082193009202609108 0.0035541123802539194 0.0031413087106406698 0.00087733687462875532 0.0028631607852294934 0 -0.0015320087614350206 500.66855515468632 OK 14 13 0.72658599999999995 0.68408899999999995 0.18615699999999999 0.53174299999999997 0.38590400000000002 0 0.19484299999999999 0.29818499999999992 0.18615699999999999 0.0082319999999999997 0.0069030000000000003 0.0065890000000000002 0.16285599999999997 0.26785899999999979 0.15689199999999992 0.0039719999999999998 0.0039420000000000002 0.003986 0.00116 0.0011709999999999997 0.0011870000000000001 500.66839801829849 500.66839801829849 500.66839801829849 0.44828251066124497 0.44828251066124497 0.44828251066124497 1 1 1 Converged Converged Converged OK OK OK 104 104 104 104 104 104 8 8 8 0 0 0 0 1 0 0 1
96 96 uniform 1 15 966 2 0.001 1.6208752430706728 0.00082193009202609108 0.0035541123802539194 0.0031413087106406698 0.00087733687462875532 0.0033576459859604737 0 -0.0020264939621660008 468.97531616870702 OK 13 12 0.70669899999999997 0.69534300000000004 0.22386700000000001 0.476547 0.34431800000000001 0 0.23015199999999997 0.35102500000000003 0.22386700000000001 0.0072020000000000001 0.0071320000000000003 0.0066569999999999997 0.18971999999999978 0.31105299999999997 0.18549499999999999 0.0054989999999999995 0.0054710000000000002 0.0053710000000000008 0.0013990000000000001 0.0012960000000000001 0.0013469999999999999 468.97517576648426 468.97517576648426 468.97517576648426 0.24174935521241894 0.24174935521241894 0.24174935521241894 1 1 1 Converged Converged Converged OK OK OK 127 127 127 127 127 127 9 9 9 0 0 0 0 1 0 0 1
96 96 uniform 1 23 966 3 0.001 1.6208752430706728 0.00082193009202609108 0.0035541123802539194 0.0031413087106406698 0.00087733687462875532 0.0038521311866914539 0 -0.0025209791628969811 424.11292849787594 OK 13 12 0.69131500000000001 0.66234599999999999 0.22367500000000001 0.46425899999999998 0.33777299999999999 0 0.22705600000000004 0.324573 0.22367500000000001 0.0066420000000000003 0.0066550000000000003 0.0059579999999999998 0.19399100000000011 0.2903690000000001 0.19281299999999998 0.0046879999999999995 0.0056090000000000003 0.0044539999999999996 0.001271 0.0012589999999999999 0.0011029999999999998 424.112859583344 424.112859583344 424.112859583344 0.35153047877240673 0.35153047877240673 0.35153047877240673 1 1 1 Converged Converged Converged OK OK OK 119 119 119 119 119 119 9 9 9 0 0 0 0 1 0 0 1
96 96 uniform 1 0 966 0 0.0001 1.6208752430706728 0.00082193009202609108 0.0035541123802539194 0.0031413087106406698 0.00087733687462875532 0.0024304862345898856 0 -0.0010993342107954128 520.97395422631723 OK 13 12 0.64491799999999999 0.63482700000000003 0.212781 0.43223 0.42168899999999998 0 0.21268799999999999 0.21313800000000005 0.212781 0.0087849999999999994 0.0089169999999999996 0.0088800000000000007 0.16773500000000005 0.167404 0.16727 0.0048019999999999998 0.0050720000000000001 0.005058 0.001351 0.001578 0.0014679999999999997 520.97389651145818 520.97389651145818 520.97389651145818 0.018643001151305516 0.018643001151305516 0.018643001151305516 1 1 1 Converged Converged Converged OK OK OK 113 113 113 113 113 113 7 7 7 0 0 0 0 0 1 0 0
96 96 uniform 1 7 966 1 0.0001 1.6208752430706728 0.00082193009202609108 0.0035541123802539194 0.0031413087106406698 0.00087733687462875532 0.0028631607852294934 0 -0.0015320087614350206 500.66855515468632 OK 14 13 0.76807599999999998 0.80064400000000002 0.24273600000000001 0.52485300000000001 0.38880799999999999 0 0.24322299999999997 0.41183600000000004 0.24273600000000001 0.0071799999999999998 0.0073699999999999998 0.0067489999999999998 0.19774100000000008 0.36717400000000006 0.19989900000000008 0.0068920000000000006 0.006267 0.0061320000000000003 0.001784 0.0017330000000000002 0.001707 500.66851422200432 500.66851422200432 500.66851422200432 0.0070449346540315556 0.0070449346540315556 0.0070449346540315556 1 1 1 Converged Converged Converged OK OK OK 144 144 144 144 144 144 8 8 8 0 0 0 0 1 0 0 1
96 96 uniform 1 15 966 2 0.0001 1.6208752430706728 0.00082193009202609108 0.0035541123802539194 0.0031413087106406698 0.00087733687462875532 0.0033576459859604737 0 -0.0020264939621660008 468.97531616870702 OK 13 12 0.72197999999999996 0.77119099999999996 0.239486 0.47379399999999999 0.34151799999999999 0 0.24818599999999996 0.42967299999999997 0.239486 0.0072290000000000002 0.0072960000000000004 0.0064149999999999997 0.20807200000000006 0.38852700000000001 0.2018100000000001 0.0064809999999999989 0.0067189999999999993 0.0057170000000000007 0.0017149999999999997 0.0017250000000000002 0.0016409999999999997 468.97531996958821 468.97531996958821 468.97531996958821 0.0047027924489868892 0.0047027924489868892 0.0047027924489868892 1 1 1 Converged Converged Converged OK OK OK 143 143 143 143 143 143 9 9 9 0 0 0 0 1 0 0 1
96 96 uniform 1 23 966 3 0.0001 1.6208752430706728 0.00082193009202609108 0.0035541123802539194 0.0031413087106406698 0.00087733687462875532 0.0038521311866914539 0 -0.0025209791628969811 424.11292849787594 OK 13 12 0.71579000000000004 0.70797699999999997 0.245529 0.46415699999999999 0.33547700000000003 0 0.25163300000000005 0.37249999999999994 0.245529 0.0066660000000000001 0.0066480000000000003 0.0058960000000000002 0.21356600000000014 0.33532800000000001 0.21033799999999994 0.0058470000000000006 0.0054350000000000006 0.0051479999999999998 0.0016229999999999999 0.0015299999999999997 0.0014459999999999998 424.11296223611407 424.11296223611407 424.11296223611407 0.0067845247543249073 0.0067845247543249073 0.0067845247543249073 1 1 1 Converged Converged Converged OK OK OK 135 135 135 135 135 135 9 9 9 0 0 0 0 1 0 0 1
96 96 uniform 2 0 967 0 0.001 1.6208752430706728 0.00082193009202609108 0.0035541123802539194 -1.0123966674297216 -0.01083434084708718 -1.0131074899057724 0 1.0144386419295668 1.4682031232327821 OK 13 12 0.36834 0.37116199999999999 0.064204999999999998 0.30313499999999999 0.30653200000000003 0 0.065205000000000013 0.064629999999999965 0.064204999999999998 0.0092060000000000006 0.0092460000000000007 0.0090279999999999996 0.039778999999999995 0.039595999999999992 0.039276000000000012 0.0021800000000000001 0.0021949999999999999 0.002196 0.00062600000000000004 0.00061399999999999996 0.00063400000000000012 1.4682031100407817 1.4682031100407817 1.4682031100407817 0.00039373175442436692 0.00039373175442436692 0.00039373175442436692 1 1 1 Converged Converged Converged OK OK OK 45 45 45 45 45 45 3 3 3 0 0 0 0 0 1 0 0
96 96 uniform 2 7 967 1 0.001 1.6208752430706728 0.00082193009202609108 0.0035541123802539194 -1.0123966674297216 -0.01083434084708718 -1.0126748153551328 0 1.0140059673789272 1.4745589049056913 OK 13 12 0.367396 0.25053300000000001 0.061915999999999999 0.30454999999999999 0.16366800000000001 0 0.062846000000000013 0.086864999999999998 0.061915999999999999 0.0083389999999999992 0.0084309999999999993 0.0078899999999999994 0.040503999999999998 0.06418900000000001 0.040314000000000003 0.0021459999999999995 0.002346 0.0021489999999999999 0.00058299999999999997 0.00062100000000000002 0.00062500000000000001 1.474558891598889 1.474558891598889 1.474558891598889 0.00039701876173725082 0.00039701876173725082 0.00039701876173725082 1 1 1 Converged Converged Converged OK OK OK 45 45 45 45 45 45 3 3 3 0 0 0 0 1 0 0 1
96 96 uniform 2 15 967 2 0.001 1.6208752430706728 0.00082193009202609108 0.0035541123802539194 -1.0123966674297216 -0.01083434084708718 -1.0121803301544017 0 1.0135114821781961 1.6428893183887809 OK 14 13 0.410495 0.29564400000000002 0.096783999999999995 0.31275599999999998 0.175534 0 0.09773900000000002 0.12011000000000002 0.096783999999999995 0.011237 0.011779 0.010699999999999999 0.066593000000000013 0.088176000000000004 0.066584000000000004 0.0026940000000000002 0.002823 0.0027229999999999997 0.00070199999999999993 0.00082199999999999992 0.00066299999999999996 1.6428891938351726 1.6428891938351726 1.6428891938351726 0.0013053703325521088 0.0013053703325521088 0.0013053703325521088 1 1 1 Converged Converged Converged OK OK OK 66 66 66 66 66 66 6 6 6 0 0 0 0 1 0 0 1
96 96 uniform 2 23 967 3 0.001 1.6208752430706728 0.00082193009202609108 0.0035541123802539194 -1.0123966674297216 -0.01083434084708718 -1.0116858449536708 0 1.0130169969774652 1.9064457653235738 OK 14 13 0.41344199999999998 0.30222900000000003 0.098748000000000002 0.31332300000000002 0.18104500000000001 0 0.10011899999999996 0.12118400000000001 0.098748000000000002 0.011057000000000001 0.011096999999999999 0.010377000000000001 0.068704999999999988 0.089675999999999978 0.068569999999999978 0.0031150000000000001 0.003212 0.00313 0.00081900000000000007 0.00081299999999999992 0.00080900000000000004 1.9064456491995627 1.9064456491995627 1.9064456491995627 0.0016937883175543 0.0016937883175543 0.0016937883175543 1 1 1 Converged Converged Converged OK OK OK 74 74 74 74 74 74 6 6 6 0 0 0 0 1 0 0 1
96 96 uniform 2 0 967 0 0.0001 1.6208752430706728 0.00082193009202609108 0.0035541123802539194 -1.0123966674297216 -0.01083434084708718 -1.0131074899057724 0 1.0144386419295668 1.4682031232327821 OK 13 12 0.391482 0.39324500000000001 0.086202000000000001 0.30432500000000001 0.30708999999999997 0 0.087156999999999984 0.086155000000000037 0.086202000000000001 0.0092309999999999996 0.0090629999999999999 0.0090279999999999996 0.055667000000000008 0.055701000000000001 0.055592999999999997 0.0031379999999999997 0.0031030000000000003 0.002996 0.00083200000000000006 0.00081099999999999998 0.000776 1.4682031108650817 1.4682031108650817 1.4682031108650817 0.00014411185491739915 0.00014411185491739915 0.00014411185491739915 1 1 1 Converged Converged Converged OK OK OK 61 61 61 61 61 61 3 3 3 0 0 0 0 0 1 0 0
96 96 uniform 2 7 967 1 0.0001 1.6208752430706728 0.00082193009202609108 0.0035541123802539194 -1.0123966674297216 -0.01083434084708718 -1.0126748153551328 0 1.0140059673789272 1.4745589049056913 OK 13 12 0.406885 0.29830000000000001 0.099183999999999994 0.30254999999999999 0.16384099999999999 0 0.10433500000000001 0.13445900000000002 0.099183999999999994 0.0084329999999999995 0.0084600000000000005 0.0080070000000000002 0.070751999999999995 0.10110499999999999 0.066642999999999994 0.00398 0.0039030000000000002 0.0038969999999999999 0.00081799999999999993 0.00083100000000000003 0.00085599999999999999 1.4745588924172484 1.4745588924172484 1.4745588924172484 5.840940618720843e-05 5.840940618720843e-05 5.840940618720843e-05 1 1 1 Converged Converged Converged OK OK OK 77 77 77 77 77 77 3 3 3 0 0 0 0 1 0 0 1
96 96 uniform 2 15 967 2 0.0001 1.6208752430706728 0.00082193009202609108 0.0035541123802539194 -1.0123966674297216 -0.01083434084708718 -1.0121803301544017 0 1.0135114821781961 1.6428893183887809 OK 14 13 0.45664500000000002 0.342893 0.137908 0.31703999999999999 0.17493800000000001 0 0.13960500000000003 0.16795499999999999 0.137908 0.011501000000000001 0.011523 0.010845 0.099343000000000029 0.12719999999999995 0.099168999999999966 0.0044089999999999997 0.0049839999999999997 0.0044149999999999997 0.0010870000000000001 0.0011710000000000002 0.0011280000000000001 1.642889049879402 1.642889049879402 1.642889049879402 0.00015417364398192181 0.00015417364398192181 0.00015417364398192181 1 1 1 Converged Converged Converged OK OK OK 98 98 98 98 98 98 6 6 6 0 0 0 0 1 0 0 1
96 96 uniform 2 23 967 3 0.0001 1.6208752430706728 0.00082193009202609108 0.0035541123802539194 -1.0123966674297216 -0.01083434084708718 -1.0116858449536708 0 1.0130169969774652 1.9064457653235738 OK 14 13 0.44575300000000001 0.34256199999999998 0.12743599999999999 0.31658700000000001 0.18321100000000001 0 0.129166 0.15935099999999996 0.12743599999999999 0.011013 0.011294 0.010404 0.092194000000000012 0.12149999999999998 0.09187399999999997 0.0042489999999999993 0.0045570000000000003 0.004241 0.0011429999999999999 0.0012309999999999999 0.0010200000000000001 1.9064454871484011 1.9064454871484011 1.9064454871484011 0.00016100587034101099 0.00016100587034101099 0.00016100587034101099 1 1 1 Converged Converged Converged OK OK OK 98 98 98 98 98 98 6 6 6 0 0 0 0 1 0 0 1
96 96 uniform 3 0 968 0 0.001 1.6208752430706728 0.00082193009202609108 0.0035541123802539194 -0.0013858869486018739 -0.0044451610432688958 -0.0020967094246526581 0 0.0034278614484471309 187.30691541420498 OK 13 12 0.560921 0.56101299999999998 0.119921 0.440554 0.44113400000000003 0 0.120367 0.11987899999999996 0.119921 0.010325000000000001 0.010196 0.01017 0.084133999999999973 0.084320999999999979 0.084079000000000015 0.003967 0.0038169999999999996 0.0037990000000000003 0.00082399999999999997 0.00078399999999999997 0.00083199999999999995 187.30691110366479 187.30691110366479 187.30691110366479 0.026119519888404233 0.026119519888404233 0.026119519888404233 1 1 1 Converged Converged Converged OK OK OK 75 75 75 75 75 75 5 5 5 0 0 0 0 0 1 0 0
96 96 uniform 3 7 968 1 0.001 1.6208752430706728 0.00082193009202609108 0.0035541123802539194 -0.0013858869486018739 -0.0044451610432688958 -0.0016640348740130503 0 0.0029951868978075231 197.79881435022602 OK 13 12 0.50043300000000002 0.51362600000000003 0.096195000000000003 0.40228799999999998 0.26350200000000001 0 0.098145000000000038 0.25012400000000001 0.096195000000000003 0.0095820000000000002 0.0094680000000000007 0.0089300000000000004 0.072127999999999984 0.22054899999999997 0.071668999999999969 0.0027269999999999998 0.002771 0.0025670000000000003 0.00071999999999999994 0.00063699999999999998 0.00063400000000000001 197.79887442650858 197.79887442650858 197.79887442650858 0.15835776863462739 0.15835776863462739 0.15835776863462739 1 1 1 Converged Converged Converged OK OK OK 59 59 59 59 59 59 5 5 5 0 0 0 0 1 0 0 1
96 96 uniform 3 15 968 2 0.001 1.6208752430706728 0.00082193009202609108 0.0035541123802539194 -0.0013858869486018739 -0.0044451610432688958 -0.00116954967328207 0 0.0025007016970765429 210.39040452757786 OK 13 12 0.58953800000000001 0.58200600000000002 0.105172 0.48177900000000001 0.34309499999999998 0 0.10775899999999999 0.23891100000000004 0.105172 0.009587 0.0097269999999999995 0.0089009999999999992 0.081376000000000004 0.21260300000000004 0.08069400000000003 0.0029320000000000001 0.002849 0.0026589999999999999 0.00072199999999999999 0.0006829999999999999 0.00068300000000000001 210.39027173875479 210.39027173875479 210.39027173875479 0.068532848973081886 0.068532848973081886 0.068532848973081886 1 1 1 Converged Converged Converged OK OK OK 59 59 59 59 59 59 5 5 5 0 0 0 0 1 0 0 1
96 96 uniform 3 23 968 3 0.001 1.6208752430706728 0.00082193009202609108 0.0035541123802539194 -0.0013858869486018739 -0.0044451610432688958 -0.00067506447255109001 0 0.0020062164963455626 223.37771212164014 OK 13 12 0.61495599999999995 0.61561600000000005 0.100442 0.50720699999999996 0.37626700000000002 0 0.10774899999999998 0.23934900000000003 0.100442 0.0097470000000000005 0.012753 0.0090799999999999995 0.081618999999999997 0.21006599999999997 0.075840999999999992 0.0027200000000000002 0.0028119999999999998 0.002552 0.00077200000000000001 0.00081399999999999994 0.00069099999999999999 223.37766867041438 223.37766867041438 223.37766867041438 0.041275629253937962 0.041275629253937962 0.041275629253937962 1 1 1 Converged Converged Converged OK OK OK 59 59 59 59 59 59 5 5 5 0 0 0 0 1 0 0 1
96 96 uniform 3 0 968 0 0.0001 1.6208752430706728 0.00082193009202609108 0.0035541123802539194 -0.0013858869486018739 -0.0044451610432688958 -0.0020967094246526581 0 0.0034278614484471309 187.30691541420498 OK 13 12 0.56962299999999999 0.56303300000000001 0.13442499999999999 0.44175199999999998 0.435419 0 0.12787100000000001 0.12761400000000001 0.13442499999999999 0.010269 0.010289 0.011299 0.089187000000000016 0.089547000000000015 0.094046999999999978 0.0040280000000000003 0.0039479999999999993 0.0041570000000000001 0.0010200000000000001 0.00093799999999999992 0.0010640000000000001 187.30691058116719 187.30691058116719 187.30691058116719 0.0083205595426941274 0.0083205595426941274 0.0083205595426941274 1 1 1 Converged Converged Converged OK OK OK 83 83 83 83 83 83 5 5 5 0 0 0 0 0 1 0 0
96 96 uniform 3 7 968 1 0.0001 1.6208752430706728 0.00082193009202609108 0.0035541123802539194 -0.0013858869486018739 -0.0044451610432688958 -0.0016640348740130503 0 0.0029951868978075231 197.79881435022602 OK 13 12 0.51780099999999996 0.55959499999999995 0.110832 0.40584100000000001 0.26480500000000001 0 0.11195999999999995 0.29478999999999994 0.110832 0.0094920000000000004 0.0096089999999999995 0.0088870000000000008 0.081300999999999998 0.26264199999999999 0.081457000000000002 0.0035509999999999999 0.0040070000000000001 0.0035700000000000003 0.0008119999999999999 0.00080099999999999995 0.00075899999999999991 197.79880034509378 197.79880034509378 197.79880034509378 0.010183913678874914 0.010183913678874914 0.010183913678874914 1 1 1 Converged Converged Converged OK OK OK 75 75 75 75 75 75 5 5 5 0 0 0 0 1 0 0 1
96 96 uniform 3 15 968 2 0.0001 1.6208752430706728 0.00082193009202609108 0.0035541123802539194 -0.0013858869486018739 -0.0044451610432688958 -0.00116954967328207 0 0.0025007016970765429 210.39040452757786 OK 13 12 0.60181899999999999 0.63744100000000004 0.119611 0.478823 0.34421800000000002 0 0.12299599999999999 0.29322300000000001 0.119611 0.0097070000000000004 0.00975 0.0088889999999999993 0.091426999999999994 0.25755999999999996 0.090201999999999991 0.0039190000000000006 0.0041970000000000002 0.0036240000000000001 0.00094499999999999998 0.00096100000000000005 0.00082100000000000012 210.39039509916958 210.39039509916958 210.39039509916958 0.010342555902257947 0.010342555902257947 0.010342555902257947 1 1 1 Converged Converged Converged OK OK OK 75 75 75 75 75 75 5 5 5 0 0 0 0 1 0 0 1
96 96 uniform 3 23 968 3 0.0001 1.6208752430706728 0.00082193009202609108 0.0035541123802539194 -0.0013858869486018739 -0.0044451610432688958 -0.00067506447255109001 0 0.0020062164963455626 223.37771212164014 OK 13 12 0.62571900000000003 0.65067399999999997 0.113021 0.51126799999999994 0.37551299999999999 0 0.11445100000000008 0.27516099999999999 0.113021 0.0097660000000000004 0.0099869999999999994 0.0091160000000000008 0.086832999999999966 0.24661500000000003 0.08663499999999999 0.0029450000000000001 0.0031700000000000001 0.002967 0.00091799999999999987 0.0008789999999999999 0.00085699999999999991 223.37766534964368 223.37766534964368 223.37766534964368 0.020518975004251979 0.020518975004251979 0.020518975004251979 1 1 1 Converged Converged Converged OK OK OK 67 67 67 67 67 67 5 5 5 0 0 0 0 1 0 0 1
96 96 uniform 4 0 969 0 0.001 1.6208752430706728 0.00082193009202609108 0.0035541123802539194 -1.0263217436900203 -0.0073214113372364834 -1.0270325661660711 0 1.0283637181898655 1.5793907587549589 OK 13 12 0.35381899999999999 0.35330400000000001 0.060426000000000001 0.29267500000000002 0.29244399999999998 0 0.061143999999999976 0.060860000000000025 0.060426000000000001 0.0088210000000000007 0.0088579999999999996 0.0086759999999999997 0.036534999999999998 0.036382999999999992 0.036045000000000001 0.0021949999999999999 0.0021719999999999999 0.0021330000000000003 0.00055800000000000001 0.00054799999999999998 0.000553 1.5793907339601791 1.5793907339601791 1.5793907339601791 0.00052569854879591952 0.00052569854879591952 0.00052569854879591952 1 1 1 Converged Converged Converged OK OK OK 45 45 45 45 45 45 3 3 3 0 0 0 0 0 1 0 0
96 96 uniform 4 7 969 1 0.001 1.6208752430706728 0.00082193009202609108 0.0035541123802539194 -1.0263217436900203 -0.0073214113372364834 -1.0265998916154315 0 1.0279310436392259 1.5717681689155036 OK 13 12 0.350327 0.232042 0.056471 0.29182200000000003 0.15457199999999999 0 0.058504999999999974 0.077470000000000011 0.056471 0.0082369999999999995 0.0081480000000000007 0.0076470000000000002 0.036188999999999999 0.055365000000000004 0.035401999999999996 0.002166 0.0021670000000000001 0.0021330000000000003 0.00055000000000000003 0.00055499999999999994 0.00053300000000000005 1.5717681444261353 1.5717681444261353 1.5717681444261353 0.00051973571836692759 0.00051973571836692759 0.00051973571836692759 1 1 1 Converged Converged Converged OK OK OK 45 45 45 45 45 45 3 3 3 0 0 0 0 1 0 0 1
96 96 uniform 4 15 969 2 0.001 1.6208752430706728 0.00082193009202609108 0.0035541123802539194 -1.0263217436900203 -0.0073214113372364834 -1.0261054064147004 0 1.0274365584384948 1.5633016492153771 OK 13 12 0.35316799999999998 0.231213 0.057473000000000003 0.29453699999999999 0.15292 0 0.058630999999999989 0.078293000000000001 0.057473000000000003 0.0081569999999999993 0.0082609999999999992 0.0076299999999999996 0.036750999999999999 0.056237999999999989 0.036427000000000008 0.0021939999999999998 0.0022430000000000002 0.0021740000000000002 0.00055400000000000002 0.00055100000000000006 0.00053399999999999997 1.5633016250786995 1.5633016250786995 1.5633016250786995 0.00051322020694690156 0.00051322020694690156 0.00051322020694690156 1 1 1 Converged Converged Converged OK OK OK 45 45 45 45 45 45 3 3 3 0 0 0 0 1 0 0 1
96 96 uniform 4 23 969 3 0.001 1.6208752430706728 0.00082193009202609108 0.0035541123802539194 -1.0263217436900203 -0.0073214113372364834 -1.0256109212139695 0 1.0269420732377639 1.5551165186743954 OK 13 12 0.35625299999999999 0.236044 0.060441000000000002 0.29383900000000002 0.15487799999999999 0 0.06241399999999997 0.081166000000000016 0.060441000000000002 0.008267 0.0082319999999999997 0.0076049999999999998 0.040030000000000003 0.058995000000000006 0.039529000000000009 0.0022230000000000001 0.0022079999999999999 0.0021319999999999998 0.00056799999999999993 0.00055800000000000001 0.00052700000000000002 1.5551164963191222 1.5551164963191222 1.5551164963191222 0.00050701355037764359 0.00050701355037764359 0.00050701355037764359 1 1 1 Converged Converged Converged OK OK OK 45 45 45 45 45 45 3 3 3 0 0 0 0 1 0 0 1
96 96 uniform 4 0 969 0 0.0001 1.6208752430706728 0.00082193009202609108 0.0035541123802539194 -1.0263217436900203 -0.0073214113372364834 -1.0270325661660711 0 1.0283637181898655 1.5793907587549589 OK 13 12 0.38316299999999998 0.37568200000000002 0.083418999999999993 0.298543 0.29138799999999998 0 0.084619999999999973 0.084294000000000036 0.083418999999999993 0.0088850000000000005 0.0089689999999999995 0.0084790000000000004 0.054095000000000004 0.054106999999999988 0.054009000000000001 0.0030739999999999999 0.0030350000000000004 0.0030209999999999998 0.00067900000000000002 0.00066700000000000006 0.00065899999999999997 1.5793907393494875 1.5793907393494875 1.5793907393494875 9.322430432585007e-05 9.322430432585007e-05 9.322430432585007e-05 1 1 1 Converged Converged Converged OK OK OK 61 61 61 61 61 61 3 3 3 0 0 0 0 0 1 0 0
96 96 uniform 4 7 969 1 0.0001 1.6208752430706728 0.00082193009202609108 0.0035541123802539194 -1.0263217436900203 -0.0073214113372364834 -1.0265998916154315 0 1.0279310436392259 1.5717681689155036 OK 13 12 0.37193399999999999 0.26273000000000002 0.077972 0.292794 0.15221999999999999 0 0.079139999999999988 0.11051000000000002 0.077972 0.0082909999999999998 0.0082360000000000003 0.0077530000000000003 0.052161999999999993 0.083354999999999999 0.051844000000000001 0.0030209999999999998 0.0031380000000000002 0.0029940000000000001 0.00066699999999999995 0.00066700000000000006 0.00064300000000000002 1.5717681495413391 1.5717681495413391 1.5717681495413391 9.4072891563200318e-05 9.4072891563200318e-05 9.4072891563200318e-05 1 1 1 Converged Converged Converged OK OK OK 61 61 61 61 61 61 3 3 3 0 0 0 0 1 0 0 1
96 96 uniform 4 15 969 2 0.0001 1.6208752430706728 0.00082193009202609108 0.0035541123802539194 -1.0263217436900203 -0.0073214113372364834 -1.0261054064147004 0 1.0274365584384948 1.5633016492153771 OK 13 12 0.37496800000000002 0.256772 0.077882999999999994 0.29147299999999998 0.15260699999999999 0 0.083495000000000041 0.10416500000000001 0.077882999999999994 0.0082509999999999997 0.0082579999999999997 0.0077530000000000003 0.052492999999999991 0.077120999999999981 0.051988999999999973 0.0068950000000000001 0.0030590000000000001 0.0029740000000000001 0.00065400000000000007 0.000678 0.00065700000000000003 1.5633016299105158 1.5633016299105158 1.5633016299105158 9.506345556464732e-05 9.506345556464732e-05 9.506345556464732e-05 1 1 1 Converged Converged Converged OK OK OK 61 61 61 61 61 61 3 3 3 0 0 0 0 1 0 0 1
96 96 uniform 4 23 969 3 0.0001 1.6208752430706728 0.00082193009202609108 0.0035541123802539194 -1.0263217436900203 -0.0073214113372364834 -1.0256109212139695 0 1.0269420732377639 1.5551165186743954 OK 13 12 0.375191 0.25944899999999999 0.081661999999999998 0.29192899999999999 0.151731 0 0.083262000000000003 0.10771799999999998 0.081661999999999998 0.0081729999999999997 0.0082129999999999998 0.0076369999999999997 0.056158 0.080968999999999999 0.055867 0.0030609999999999999 0.0030409999999999999 0.0029819999999999998 0.00065299999999999993 0.00069200000000000002 0.00065299999999999993 1.5551165008948131 1.5551165008948131 1.5551165008948131 9.6076362557662366e-05 9.6076362557662366e-05 9.6076362557662366e-05 1 1 1 Converged Converged Converged OK OK OK 61 61 61 61 61 61 3 3 3 0 0 0 0 1 0 0 1
97 97 linear 0 0 970 0 0.001 0.70036975432461834 0.15677207844611674 0.032965255327937808 0.51456606792325921 0.79532912888529395 0.5079730168576716 0.5 -0.41305507743631387 2.7235620674584409 OK 14 13 0.54307799999999995 0.54550900000000002 0.211759 0.32560099999999997 0.32692100000000002 0 0.21747699999999998 0.218588 0.211759 0.013103 0.013192000000000001 0.012865 0.16947699999999993 0.17019699999999993 0.16447400000000001 0.0045759999999999993 0.0050140000000000011 0.0044569999999999992 0.00095800000000000008 0.001124 0.00099599999999999992 2.7235779149644124 2.7235779149644124 2.7235779149644124 0.0014282688739276385 0.0014282688739276385 0.0014282688739276385 1 1 1 Converged Converged Converged OK OK OK 97 97 97 97 97 97 7 7 7 0 0 0 0 0 1 0 0
97 97 linear 0 7 970 1 0.001 0.70036975432461834 0.15677207844611674 0.032965255327937808 0.51456606792325921 0.79532912888529395 0.51198617837585536 0.5 -0.41706823895449763 2.7192386942978741 OK 14 13 0.51152399999999998 0.42954100000000001 0.20915900000000001 0.29980400000000001 0.19053700000000001 0 0.21171999999999996 0.23900399999999999 0.20915900000000001 0.011983000000000001 0.012107 0.011644 0.17239700000000005 0.19974500000000001 0.17119999999999996 0.0046940000000000003 0.0048219999999999999 0.0046540000000000002 0.001026 0.0010139999999999999 0.0009859999999999999 2.7192535506293116 2.7192535506293116 2.7192535506293116 0.0015982915766694777 0.0015982915766694777 0.0015982915766694777 1 1 1 Converged Converged Converged OK OK OK 97 97 97 97 97 97 7 7 7 0 0 0 0 1 0 0 1
97 97 linear 0 15 970 2 0.001 0.70036975432461834 0.15677207844611674 0.032965255327937808 0.51456606792325921 0.79532912888529395 0.51657264868235109 0.5 -0.42165470926099335 2.6899553321624663 OK 14 13 0.56880500000000001 0.50578699999999999 0.220827 0.33981 0.24072099999999999 0 0.228995 0.26506600000000002 0.220827 0.012142999999999999 0.012078999999999999 0.011324000000000001 0.18513499999999999 0.22194499999999998 0.17909900000000001 0.005398 0.0052220000000000001 0.0049700000000000005 0.0012040000000000002 0.0011490000000000001 0.0011229999999999999 2.6899642723304455 2.6899642723304455 2.6899642723304455 0.0016604439723589821 0.0016604439723589821 0.0016604439723589821 1 1 1 Converged Converged Converged OK OK OK 105 105 105 105 105 105 7 7 7 0 0 0 0 1 0 0 1
97 97 linear 0 23 970 3 0.001 0.70036975432461834 0.15677207844611674 0.032965255327937808 0.51456606792325921 0.79532912888529395 0.52115911898884681 0.5 -0.42624117956748908 2.6321364682577477 OK 14 13 0.56101100000000004 0.475466 0.217555 0.334233 0.22562499999999999 0 0.22677800000000004 0.24984100000000001 0.217555 0.012522 0.012411 0.011767 0.18326499999999998 0.20759100000000011 0.17675999999999994 0.0058170000000000001 0.0053029999999999996 0.0051299999999999991 0.0013280000000000002 0.001268 0.0012369999999999998 2.6321492967434246 2.6321492967434246 2.6321492967434246 0.0022123086346320132 0.0022123086346320132 0.0022123086346320132 1 1 1 Converged Converged Converged OK OK OK 105 105 105 105 105 105 7 7 7 0 0 0 0 1 0 0 1
97 97 linear 0 0 970 0 0.0001 0.70036975432461834 0.15677207844611674 0.032965255327937808 0.51456606792325921 0.79532912888529395 0.5079730168576716 0.5 -0.41305507743631387 2.7235620674584409 OK 14 13 0.58320399999999994 0.57628199999999996 0.245446 0.32726300000000003 0.32936799999999999 0 0.25594099999999992 0.24691399999999997 0.245446 0.012997 0.013165 0.012847000000000001 0.1981669999999999 0.18901199999999999 0.18811499999999989 0.0059350000000000002 0.0059620000000000003 0.0060540000000000004 0.0012509999999999999 0.0013260000000000001 0.0013179999999999999 2.7235777230468781 2.7235777230468781 2.7235777230468781 0.00022292315971146143 0.00022292315971146143 0.00022292315971146143 1 1 1 Converged Converged Converged OK OK OK 121 121 121 121 121 121 7 7 7 0 0 0 0 0 1 0 0
97 97 linear 0 7 970 1 0.0001 0.70036975432461834 0.15677207844611674 0.032965255327937808 0.51456606792325921 0.79532912888529395 0.51198617837585536 0.5 -0.41706823895449763 2.7192386942978741 OK 14 13 0.53631700000000004 0.47989599999999999 0.23486499999999999 0.294568 0.192048 0 0.24174900000000005 0.28784799999999999 0.23486499999999999 0.012019999999999999 0.011993 0.011214999999999999 0.19631799999999991 0.24098999999999979 0.19053399999999984 0.0059289999999999994 0.006594 0.0059889999999999995 0.001273 0.0013570000000000001 0.0012910000000000003 2.7192529169440922 2.7192529169440922 2.7192529169440922 0.00020432230734644051 0.00020432230734644051 0.00020432230734644051 1 1 1 Converged Converged Converged OK OK OK 121 121 121 121 121 121 7 7 7 0 0 0 0 1 0 0 1
97 97 linear 0 15 970 2 0.0001 0.70036975432461834 0.15677207844611674 0.032965255327937808 0.51456606792325921 0.79532912888529395 0.51657264868235109 0.5 -0.42165470926099335 2.6899553321624663 OK 14 13 0.60233800000000004 0.54488000000000003 0.253938 0.33926299999999998 0.23914099999999999 0 0.26307500000000006 0.30573900000000004 0.253938 0.011988 0.012026999999999999 0.011223 0.21275799999999997 0.25568100000000016 0.20207600000000001 0.006424 0.0064650000000000003 0.0064619999999999999 0.001444 0.0014719999999999998 0.0014400000000000001 2.6899621187341296 2.6899621187341296 2.6899621187341296 2.7654891456344266e-05 2.7654891456344266e-05 2.7654891456344266e-05 1 1 1 Converged Converged Converged OK OK OK 129 129 129 129 129 129 7 7 7 0 0 0 0 1 0 0 1
97 97 linear 0 23 970 3 0.0001 0.70036975432461834 0.15677207844611674 0.032965255327937808 0.51456606792325921 0.79532912888529395 0.52115911898884681 0.5 -0.42624117956748908 2.6321364682577477 OK 14 13 0.58838500000000005 0.52647699999999997 0.24884899999999999 0.33081199999999999 0.230354 0 0.25757300000000005 0.29612299999999997 0.24884899999999999 0.01238 0.012392 0.011657000000000001 0.20870000000000011 0.24725800000000003 0.20144800000000002 0.0064669999999999997 0.0064300000000000008 0.0065420000000000009 0.0016150000000000001 0.0015329999999999999 0.001536 2.6321432248088574 2.6321432248088574 2.6321432248088574 4.9544110328169694e-05 4.9544110328169694e-05 4.9544110328169694e-05 1 1 1 Converged Converged Converged OK OK OK 129 129 129 129 129 129 7 7 7 0 0 0 0 1 0 0 1
97 97 linear 1 0 971 0 0.001 0.70036975432461834 0.15677207844611674 0.032965255327937808 0.48398422733293256 -0.78060492807672455 0.47739117626734501 0.5 -0.38247323684598727 2.2394387832602169 OK 13 12 0.46188899999999999 0.45408300000000001 0.16900999999999999 0.29618899999999998 0.289051 0 0.16570000000000001 0.16503200000000001 0.16900999999999999 0.0097400000000000004 0.0099100000000000004 0.0097719999999999994 0.12367500000000002 0.12197400000000003 0.12648500000000007 0.0046909999999999999 0.0051720000000000004 0.0049350000000000002 0.0011169999999999999 0.0012100000000000001 0.001155 2.239441326738028 2.239441326738028 2.239441326738028 0.00093033415421194866 0.00093033415421194866 0.00093033415421194866 1 1 1 Converged Converged Converged OK OK OK 99 99 99 99 99 99 5 5 5 0 0 0 0 0 1 0 0
97 97 linear 1 7 971 1 0.001 0.70036975432461834 0.15677207844611674 0.032965255327937808 0.48398422733293256 -0.78060492807672455 0.48140433778552871 0.5 -0.38648639836417098 2.3999536438033733 OK 13 12 0.48325200000000001 0.410881 0.17762800000000001 0.29897299999999999 0.19567200000000001 0 0.18427900000000003 0.21520899999999998 0.17762800000000001 0.0088240000000000002 0.0088870000000000008 0.0084150000000000006 0.14735000000000006 0.17815099999999992 0.14153000000000002 0.0047940000000000005 0.0048979999999999996 0.0048469999999999997 0.0011070000000000001 0.001098 0.00109 2.3999653141601858 2.3999653141601858 2.3999653141601858 0.0014831069918344684 0.0014831069918344684 0.0014831069918344684 1 1 1 Converged Converged Converged OK OK OK 106 106 106 106 106 106 6 6 6 0 0 0 0 1 0 0 1
97 97 linear 1 15 971 2 0.001 0.70036975432461834 0.15677207844611674 0.032965255327937808 0.48398422733293256 -0.78060492807672455 0.48599080809202444 0.5 -0.39107286867066671 2.5617370618010877 OK 13 12 0.48263699999999998 0.40084599999999998 0.174598 0.30414200000000002 0.191085 0 0.17849499999999996 0.20976099999999998 0.174598 0.0086650000000000008 0.0089829999999999997 0.008267 0.14330900000000002 0.173738 0.14043700000000003 0.0046389999999999999 0.0050860000000000002 0.0046549999999999994 0.0012079999999999999 0.0013349999999999998 0.0012520000000000001 2.5617410055318621 2.5617410055318621 2.5617410055318621 0.0014283237886418795 0.0014283237886418795 0.0014283237886418795 1 1 1 Converged Converged Converged OK OK OK 106 106 106 106 106 106 6 6 6 0 0 0 0 1 0 0 1
97 97 linear 1 23 971 3 0.001 0.70036975432461834 0.15677207844611674 0.032965255327937808 0.48398422733293256 -0.78060492807672455 0.49057727839852011 0.5 -0.39565933897716238 2.7017464700373193 OK 14 13 0.55990899999999999 0.48410999999999998 0.19589300000000001 0.35627999999999999 0.25633600000000001 0 0.203629 0.22777399999999998 0.19589300000000001 0.012547000000000001 0.012348 0.011715 0.16302500000000006 0.18802999999999992 0.15762200000000007 0.0051789999999999996 0.004934 0.0046280000000000002 0.0011609999999999999 0.001163 0.0010580000000000001 2.7017567064414245 2.7017567064414245 2.7017567064414245 0.0013754537647623082 0.0013754537647623082 0.0013754537647623082 1 1 1 Converged Converged Converged OK OK OK 97 97 97 97 97 97 7 7 7 0 0 0 0 1 0 0 1
97 97 linear 1 0 971 0 0.0001 0.70036975432461834 0.15677207844611674 0.032965255327937808 0.48398422733293256 -0.78060492807672455 0.47739117626734501 0.5 -0.38247323684598727 2.2394387832602169 OK 13 12 0.48383399999999999 0.48374699999999998 0.18615799999999999 0.29299700000000001 0.29512500000000003 0 0.19083699999999998 0.18862199999999996 0.18615799999999999 0.0097450000000000002 0.010135 0.0097350000000000006 0.14148500000000003 0.13823100000000002 0.13754300000000003 0.0060280000000000004 0.0064819999999999999 0.0057530000000000003 0.0013509999999999998 0.0014599999999999999 0.0013439999999999999 2.2394413276475595 2.2394413276475595 2.2394413276475595 0.00022353901133887724 0.00022353901133887724 0.00022353901133887724 1 1 1 Converged Converged Converged OK OK OK 115 115 115 115 115 115 5 5 5 0 0 0 0 0 1 0 0
97 97 linear 1 7 971 1 0.0001 0.70036975432461834 0.15677207844611674 0.032965255327937808 0.48398422733293256 -0.78060492807672455 0.48140433778552871 0.5 -0.38648639836417098 2.3999536438033733 OK 13 12 0.51449900000000004 0.45973199999999997 0.209089 0.2969 0.19790199999999999 0 0.21759900000000004 0.26183000000000001 0.209089 0.0090139999999999994 0.0092040000000000004 0.0084690000000000008 0.17054200000000003 0.21348099999999998 0.16365100000000016 0.0066390000000000008 0.0072739999999999992 0.0064700000000000001 0.00147 0.0015689999999999999 0.0014660000000000003 2.3999610799861433 2.3999610799861433 2.3999610799861433 0.00012065125997678396 0.00012065125997678396 0.00012065125997678396 1 1 1 Converged Converged Converged OK OK OK 130 130 130 130 130 130 6 6 6 0 0 0 0 1 0 0 1
97 97 linear 1 15 971 2 0.0001 0.70036975432461834 0.15677207844611674 0.032965255327937808 0.48398422733293256 -0.78060492807672455 0.48599080809202444 0.5 -0.39107286867066671 2.5617370618010877 OK 13 12 0.60221100000000005 0.54544700000000002 0.29615399999999997 0.30184699999999998 0.192661 0 0.30036400000000008 0.35278600000000004 0.29615399999999997 0.0090159999999999997 0.0088859999999999998 0.0084639999999999993 0.23923900000000015 0.29034600000000005 0.23386200000000013 0.0099810000000000003 0.0097619999999999998 0.009862000000000001 0.0018190000000000003 0.001856 0.001887 2.5617391480490141 2.5617391480490141 2.5617391480490141 0.0001459921226310875 0.0001459921226310875 0.0001459921226310875 1 1 1 Converged Converged Converged OK OK OK 178 178 178 178 178 178 6 6 6 0 0 0 0 1 0 0 1
97 97 linear 1 23 971 3 0.0001 0.70036975432461834 0.15677207844611674 0.032965255327937808 0.48398422733293256 -0.78060492807672455 0.49057727839852011 0.5 -0.39565933897716238 2.7017464700373193 OK 14 13 0.62405999999999995 0.56384999999999996 0.25352999999999998 0.36296699999999998 0.25373299999999999 0 0.26109299999999996 0.31011699999999998 0.25352999999999998 0.012926 0.012956000000000001 0.011873 0.21046899999999996 0.25950699999999999 0.20543699999999998 0.0070919999999999993 0.0071420000000000008 0.0066150000000000011 0.00181 0.0016559999999999999 0.0015299999999999999 2.7017567074058193 2.7017567074058193 2.7017567074058193 0.00022122688950135705 0.00022122688950135705 0.00022122688950135705 1 1 1 Converged Converged Converged OK OK OK 129 129 129 129 129 129 7 7 7 0 0 0 0 1 0 0 1
97 97 linear 2 0 972 0 0.001 0.70036975432461834 0.15677207844611674 0.032965255327937808 -0.19408943579609972 0.045061719146024241 -0.20068248686168727 0.5 0.295600426283045 4.4246639490248318 OK 13 12 0.37075900000000001 0.365674 0.090717999999999993 0.27729399999999998 0.27457900000000002 0 0.09346500000000002 0.091094999999999982 0.090717999999999993 0.0094020000000000006 0.009221 0.0089110000000000005 0.064399000000000026 0.062754999999999991 0.062131999999999972 0.0030210000000000002 0.0029020000000000005 0.0031320000000000002 0.00070100000000000002 0.00066799999999999997 0.00069499999999999998 4.42465593710088 4.42465593710088 4.42465593710088 0.0025982514440798027 0.0025982514440798027 0.0025982514440798027 1 1 1 Converged Converged Converged OK OK OK 60 60 60 60 60 60 4 4 4 0 0 0 0 0 1 0 0
97 97 linear 2 7 972 1 0.001 0.70036975432461834 0.15677207844611674 0.032965255327937808 -0.19408943579609972 0.045061719146024241 -0.19666932534350354 0.5 0.29158726476486124 4.4195675908880485 OK 13 12 0.36854900000000002 0.26722299999999999 0.092296000000000003 0.27172299999999999 0.15954099999999999 0 0.096826000000000023 0.107682 0.092296000000000003 0.00877 0.0088590000000000006 0.0080169999999999998 0.072479999999999989 0.083796000000000023 0.069443000000000019 0.0029610000000000001 0.0027279999999999995 0.00281 0.00065799999999999995 0.00064799999999999992 0.00067599999999999995 4.419566456517809 4.419566456517809 4.419566456517809 0.0036214592948416884 0.0036214592948416884 0.0036214592948416884 1 1 1 Converged Converged Converged OK OK OK 67 67 67 67 67 67 5 5 5 0 0 0 0 1 0 0 1
97 97 linear 2 15 972 2 0.001 0.70036975432461834 0.15677207844611674 0.032965255327937808 -0.19408943579609972 0.045061719146024241 -0.19208285503700784 0.5 0.28700079445836557 4.4164597439414779 OK 13 12 0.35438599999999998 0.246393 0.075818999999999998 0.27467200000000003 0.15821399999999999 0 0.079713999999999952 0.088179000000000007 0.075818999999999998 0.0084779999999999994 0.0083859999999999994 0.007783 0.058611999999999984 0.067380999999999983 0.055861000000000008 0.0022920000000000002 0.0021809999999999998 0.0022420000000000001 0.00062100000000000002 0.00062699999999999995 0.00065700000000000003 4.416463002726668 4.416463002726668 4.416463002726668 0.0025992564223938689 0.0025992564223938689 0.0025992564223938689 1 1 1 Converged Converged Converged OK OK OK 59 59 59 59 59 59 5 5 5 0 0 0 0 1 0 0 1
97 97 linear 2 23 972 3 0.001 0.70036975432461834 0.15677207844611674 0.032965255327937808 -0.19408943579609972 0.045061719146024241 -0.18749638473051217 0.5 0.2824143241518699 4.4165210382557767 OK 13 12 0.36261900000000002 0.25120199999999998 0.079966999999999996 0.27915600000000002 0.161273 0 0.083463000000000009 0.089928999999999981 0.079966999999999996 0.0083510000000000008 0.0086 0.007809 0.062644999999999992 0.068053999999999962 0.060211000000000028 0.0021220000000000002 0.0026190000000000002 0.002085 0.00062399999999999999 0.00072899999999999994 0.00060899999999999995 4.4165149011095481 4.4165149011095481 4.4165149011095481 0.0016930229129926877 0.0016930229129926877 0.0016930229129926877 1 1 1 Converged Converged Converged OK OK OK 59 59 59 59 59 59 5 5 5 0 0 0 0 1 0 0 1
97 97 linear 2 0 972 0 0.0001 0.70036975432461834 0.15677207844611674 0.032965255327937808 -0.19408943579609972 0.045061719146024241 -0.20068248686168727 0.5 0.295600426283045 4.4246639490248318 OK 13 12 0.38849699999999998 0.38969799999999999 0.10960399999999999 0.27506399999999998 0.27900799999999998 0 0.11343300000000001 0.11069000000000001 0.10960399999999999 0.0094389999999999995 0.0092110000000000004 0.0090270000000000003 0.077844999999999998 0.075646999999999992 0.074682000000000012 0.0040540000000000003 0.0040140000000000002 0.0039270000000000008 0.00096699999999999998 0.00090700000000000004 0.00091699999999999995 4.4246610494634719 4.4246610494634719 4.4246610494634719 0.00018174587442569277 0.00018174587442569277 0.00018174587442569277 1 1 1 Converged Converged Converged OK OK OK 76 76 76 76 76 76 4 4 4 0 0 0 0 0 1 0 0
97 97 linear 2 7 972 1 0.0001 0.70036975432461834 0.15677207844611674 0.032965255327937808 -0.19408943579609972 0.045061719146024241 -0.19666932534350354 0.5 0.29158726476486124 4.4195675908880485 OK 13 12 0.42651099999999997 0.337841 0.14700299999999999 0.274474 0.16073399999999999 0 0.15203699999999998 0.17710700000000001 0.14700299999999999 0.0087469999999999996 0.0088350000000000008 0.0081449999999999995 0.11414899999999997 0.134684 0.10981 0.0064930000000000005 0.011083000000000001 0.0067720000000000002 0.001044 0.001127 0.001075 4.4195647629495136 4.4195647629495136 4.4195647629495136 0.00013904721621416915 0.00013904721621416915 0.00013904721621416915 1 1 1 Converged Converged Converged OK OK OK 115 115 115 115 115 115 5 5 5 0 0 0 0 1 0 0 1
97 97 linear 2 15 972 2 0.0001 0.70036975432461834 0.15677207844611674 0.032965255327937808 -0.19408943579609972 0.045061719146024241 -0.19208285503700784 0.5 0.28700079445836557 4.4164597439414779 OK 13 12 0.38282500000000003 0.27768300000000001 0.102218 0.27417999999999998 0.16050400000000001 0 0.10864500000000005 0.11717900000000001 0.102218 0.0085450000000000005 0.0085769999999999996 0.0079670000000000001 0.08034100000000001 0.088497000000000006 0.076341000000000006 0.0042550000000000001 0.0048050000000000002 0.0035209999999999998 0.00093199999999999999 0.00091799999999999998 0.00088100000000000006 4.416456889724456 4.416456889724456 4.416456889724456 0.00012926750087798199 0.00012926750087798199 0.00012926750087798199 1 1 1 Converged Converged Converged OK OK OK 83 83 83 83 83 83 5 5 5 0 0 0 0 1 0 0 1
97 97 linear 2 23 972 3 0.0001 0.70036975432461834 0.15677207844611674 0.032965255327937808 -0.19408943579609972 0.045061719146024241 -0.18749638473051217 0.5 0.2824143241518699 4.4165210382557767 OK 13 12 0.390567 0.27964099999999997 0.106181 0.27907599999999999 0.16067200000000001 0 0.11149100000000001 0.11896899999999996 0.106181 0.0083529999999999993 0.0084209999999999997 0.0078200000000000006 0.083890999999999966 0.091910000000000033 0.080669999999999978 0.0039489999999999994 0.0036710000000000002 0.0033670000000000002 0.00089599999999999988 0.000892 0.00087200000000000005 4.4165182512070622 4.4165182512070622 4.4165182512070622 0.00013346523943560769 0.00013346523943560769 0.00013346523943560769 1 1 1 Converged Converged Converged OK OK OK 83 83 83 83 83 83 5 5 5 0 0 0 0 1 0 0 1
97 97 linear 3 0 973 0 0.001 0.70036975432461834 0.15677207844611674 0.032965255327937808 0.029974629829065083 0.20636601885906855 0.023381578763477521 0.5 0.071536360657880202 5.6050360400090025 OK 13 12 0.32485599999999998 0.320052 0.10838200000000001 0.21338599999999999 0.210429 0 0.11146999999999999 0.109623 0.10838200000000001 0.0094610000000000007 0.0095879999999999993 0.0092669999999999992 0.077042999999999973 0.074840000000000018 0.074244000000000018 0.0037829999999999999 0.0040249999999999999 0.0039570000000000004 0.00074399999999999998 0.00078499999999999989 0.00076200000000000009 5.6050242707939777 5.6050242707939777 5.6050242707939777 0.0035170044564230341 0.0035170044564230341 0.0035170044564230341 1 1 1 Converged Converged Converged OK OK OK 68 68 68 68 68 68 4 4 4 0 0 0 0 0 1 0 0
97 97 linear 3 7 973 1 0.001 0.70036975432461834 0.15677207844611674 0.032965255327937808 0.029974629829065083 0.20636601885906855 0.027394740281661254 0.5 0.067523199139696469 5.7570135803775528 OK 13 12 0.354763 0.30341000000000001 0.10871 0.242005 0.154612 0 0.112758 0.14879800000000001 0.10871 0.0085450000000000005 0.0086689999999999996 0.0082410000000000001 0.082875000000000046 0.11913399999999993 0.079566000000000026 0.0036650000000000003 0.0035500000000000002 0.0037380000000000004 0.00070799999999999997 0.00071600000000000006 0.00072199999999999999 5.7570014071532585 5.7570014071532585 5.7570014071532585 0.0042611844362113131 0.0042611844362113131 0.0042611844362113131 1 1 1 Converged Converged Converged OK OK OK 68 68 68 68 68 68 4 4 4 0 0 0 0 1 0 0 1
97 97 linear 3 15 973 2 0.001 0.70036975432461834 0.15677207844611674 0.032965255327937808 0.029974629829065083 0.20636601885906855 0.03198121058815695 0.5 0.06293672883320077 5.9647499332103431 OK 13 12 0.28945199999999999 0.23605599999999999 0.077845999999999999 0.20862900000000001 0.131687 0 0.080822999999999978 0.10436899999999999 0.077845999999999999 0.0087559999999999999 0.0087690000000000008 0.0083250000000000008 0.055306999999999995 0.079089999999999994 0.05308899999999999 0.0028170000000000001 0.0028640000000000002 0.0029219999999999997 0.00058799999999999998 0.00058199999999999994 0.0005840000000000001 5.9647373202511602 5.9647373202511602 5.9647373202511602 0.0050734751040409963 0.0050734751040409963 0.0050734751040409963 1 1 1 Converged Converged Converged OK OK OK 53 53 53 53 53 53 3 3 3 0 0 0 0 1 0 0 1
97 97 linear 3 23 973 3 0.001 0.70036975432461834 0.15677207844611674 0.032965255327937808 0.029974629829065083 0.20636601885906855 0.036567680894652649 0.5 0.058350258526705071 6.2331208693704099 OK 13 12 0.28024700000000002 0.25204700000000002 0.081683000000000006 0.19528699999999999 0.13084399999999999 0 0.084960000000000035 0.12120300000000003 0.081683000000000006 0.0084069999999999995 0.0084899999999999993 0.0079570000000000005 0.060004999999999996 0.096082000000000001 0.057607999999999986 0.0026849999999999999 0.002862 0.0027130000000000001 0.00058200000000000005 0.00059299999999999999 0.00056099999999999998 6.2331075405407388 6.2331075405407388 6.2331075405407388 0.0050821676797070253 0.0050821676797070253 0.0050821676797070253 1 1 1 Converged Converged Converged OK OK OK 53 53 53 53 53 53 3 3 3 0 0 0 0 1 0 0 1
97 97 linear 3 0 973 0 0.0001 0.70036975432461834 0.15677207844611674 0.032965255327937808 0.029974629829065083 0.20636601885906855 0.023381578763477521 0.5 0.071536360657880202 5.6050360400090025 OK 13 12 0.354209 0.35657 0.13958599999999999 0.21132000000000001 0.215951 0 0.14288899999999999 0.14061899999999999 0.13958599999999999 0.0095479999999999992 0.0095160000000000002 0.0090089999999999996 0.09901500000000002 0.096322000000000019 0.096050999999999997 0.005046000000000001 0.0054559999999999999 0.0053119999999999999 0.001091 0.001098 0.0010319999999999999 5.6050323150555217 5.6050323150555217 5.6050323150555217 8.9323395424196518e-05 8.9323395424196518e-05 8.9323395424196518e-05 1 1 1 Converged Converged Converged OK OK OK 92 92 92 92 92 92 4 4 4 0 0 0 0 0 1 0 0
97 97 linear 3 7 973 1 0.0001 0.70036975432461834 0.15677207844611674 0.032965255327937808 0.029974629829065083 0.20636601885906855 0.027394740281661254 0.5 0.067523199139696469 5.7570135803775528 OK 13 12 0.38347300000000001 0.33915899999999999 0.137929 0.24030499999999999 0.15335699999999999 0 0.14316800000000002 0.18580199999999999 0.137929 0.0087729999999999995 0.0088839999999999995 0.0081169999999999992 0.10570299999999999 0.148284 0.10164900000000002 0.0049969999999999997 0.0050210000000000003 0.0049429999999999995 0.001013 0.001003 0.00097100000000000007 5.7570094501459987 5.7570094501459987 5.7570094501459987 2.361106194716092e-05 2.361106194716092e-05 2.361106194716092e-05 1 1 1 Converged Converged Converged OK OK OK 92 92 92 92 92 92 4 4 4 0 0 0 0 1 0 0 1
97 97 linear 3 15 973 2 0.0001 0.70036975432461834 0.15677207844611674 0.032965255327937808 0.029974629829065083 0.20636601885906855 0.03198121058815695 0.5 0.06293672883320077 5.9647499332103431 OK 13 12 0.31787700000000002 0.27984599999999998 0.10808 0.20544699999999999 0.131158 0 0.11243000000000003 0.14868799999999999 0.10808 0.0088380000000000004 0.0087779999999999993 0.0083219999999999995 0.079298000000000007 0.11581199999999998 0.076051000000000007 0.0042379999999999996 0.0043760000000000005 0.004274 0.00087999999999999992 0.00087300000000000008 0.00084200000000000008 5.9647454943508667 5.9647454943508667 5.9647454943508667 1.6476437734544514e-05 1.6476437734544514e-05 1.6476437734544514e-05 1 1 1 Converged Converged Converged OK OK OK 77 77 77 77 77 77 3 3 3 0 0 0 0 1 0 0 1
97 97 linear 3 23 973 3 0.0001 0.70036975432461834 0.15677207844611674 0.032965255327937808 0.029974629829065083 0.20636601885906855 0.036567680894652649 0.5 0.058350258526705071 6.2331208693704099 OK 13 12 0.31461699999999998 0.29618800000000001 0.113376 0.196719 0.13264200000000001 0 0.11789799999999998 0.163546 0.113376 0.0085109999999999995 0.0085439999999999995 0.0079469999999999992 0.084976999999999997 0.13079200000000002 0.082068000000000002 0.004182 0.0042569999999999995 0.0040049999999999999 0.00085400000000000005 0.00085599999999999999 0.00085700000000000001 6.2331157868647846 6.2331157868647846 6.2331157868647846 1.6647691492706281e-05 1.6647691492706281e-05 1.6647691492706281e-05 1 1 1 Converged Converged Converged OK OK OK 77 77 77 77 77 77 3 3 3 0 0 0 0 1 0 0 1
97 97 linear 4 0 974 0 0.001 0.70036975432461834 0.15677207844611674 0.032965255327937808 0.45005723246486917 -0.76255667467439237 0.44346418139928162 0.5 -0.34854624197792389 1.759063845418477 OK 13 12 0.34499000000000002 0.34087200000000001 0.096600000000000005 0.24554599999999999 0.24245900000000001 0 0.099444000000000032 0.098413 0.096600000000000005 0.0089090000000000003 0.0091109999999999993 0.0086160000000000004 0.068846000000000004 0.067314999999999986 0.066709000000000018 0.0032179999999999999 0.0035100000000000001 0.003179 0.00069399999999999996 0.000736 0.00068900000000000005 1.7590627971725612 1.7590627971725612 1.7590627971725612 0.00092485982008840906 0.00092485982008840906 0.00092485982008840906 1 1 1 Converged Converged Converged OK OK OK 61 61 61 61 61 61 3 3 3 0 0 0 0 0 1 0 0
97 97 linear 4 7 974 1 0.001 0.70036975432461834 0.15677207844611674 0.032965255327937808 0.45005723246486917 -0.76255667467439237 0.44747734291746533 0.5 -0.35255940349610759 1.7667566970919262 OK 13 12 0.35749799999999998 0.29237099999999999 0.098371 0.25611 0.15054500000000001 0 0.10138799999999998 0.14182599999999998 0.098371 0.0080529999999999994 0.0082430000000000003 0.0076779999999999999 0.074286999999999992 0.11430300000000002 0.072180000000000008 0.0031930000000000005 0.003522 0.0031849999999999999 0.00070699999999999995 0.00069499999999999998 0.00066600000000000003 1.7667556636888664 1.7667556636888664 1.7667556636888664 0.00093927399467919157 0.00093927399467919157 0.00093927399467919157 1 1 1 Converged Converged Converged OK OK OK 61 61 61 61 61 61 3 3 3 0 0 0 0 1 0 0 1
97 97 linear 4 15 974 2 0.001 0.70036975432461834 0.15677207844611674 0.032965255327937808 0.45005723246486917 -0.76255667467439237 0.45206381322396105 0.5 -0.35714587380260332 1.7764732441942614 OK 13 12 0.348549 0.27680100000000002 0.089257000000000003 0.25588899999999998 0.15617700000000001 0 0.09266000000000002 0.12062400000000001 0.089257000000000003 0.0080829999999999999 0.0081510000000000003 0.007639 0.065394999999999995 0.093343999999999996 0.063200999999999993 0.0032729999999999999 0.0034919999999999999 0.0032339999999999999 0.00069099999999999999 0.00072399999999999993 0.0006820000000000001 1.7764721885256929 1.7764721885256929 1.7764721885256929 0.00095727126830230246 0.00095727126830230246 0.00095727126830230246 1 1 1 Converged Converged Converged OK OK OK 61 61 61 61 61 61 3 3 3 0 0 0 0 1 0 0 1
97 97 linear 4 23 974 3 0.001 0.70036975432461834 0.15677207844611674 0.032965255327937808 0.45005723246486917 -0.76255667467439237 0.45665028353045672 0.5 -0.36173234410909899 1.7873688656034443 OK 13 12 0.37640000000000001 0.30041800000000002 0.092770000000000005 0.28060600000000002 0.16739799999999999 0 0.09579399999999999 0.13302000000000003 0.092770000000000005 0.0083090000000000004 0.0083169999999999997 0.007705 0.068697999999999995 0.105277 0.066726999999999981 0.0032380000000000004 0.0034460000000000003 0.0032240000000000003 0.0007000000000000001 0.00071400000000000001 0.00068100000000000007 1.7873677590775912 1.7873677590775912 1.7873677590775912 0.0009772332211170165 0.0009772332211170165 0.0009772332211170165 1 1 1 Converged Converged Converged OK OK OK 61 61 61 61 61 61 3 3 3 0 0 0 0 1 0 0 1
97 97 linear 4 0 974 0 0.0001 0.70036975432461834 0.15677207844611674 0.032965255327937808 0.45005723246486917 -0.76255667467439237 0.44346418139928162 0.5 -0.34854624197792389 1.759063845418477 OK 13 12 0.38741700000000001 0.38057800000000003 0.14066500000000001 0.24324399999999999 0.23938400000000001 0 0.14417300000000002 0.14119400000000001 0.14066500000000001 0.0088999999999999999 0.0090570000000000008 0.0085749999999999993 0.10138800000000002 0.098879000000000009 0.098772999999999986 0.0049499999999999995 0.0048659999999999997 0.0049129999999999998 0.00091799999999999998 0.00090300000000000005 0.00089499999999999996 1.7590627982802789 1.7590627982802789 1.7590627982802789 1.6248660987228927e-08 1.6248660987228927e-08 1.6248660987228927e-08 1 1 1 Converged Converged Converged OK OK OK 93 93 93 93 93 93 3 3 3 0 0 0 0 0 1 0 0
97 97 linear 4 7 974 1 0.0001 0.70036975432461834 0.15677207844611674 0.032965255327937808 0.45005723246486917 -0.76255667467439237 0.44747734291746533 0.5 -0.35255940349610759 1.7667566970919262 OK 13 12 0.40169300000000002 0.34950399999999998 0.141127 0.25607000000000002 0.147643 0 0.145623 0.20186099999999998 0.141127 0.0082799999999999992 0.0082710000000000006 0.0077250000000000001 0.10819600000000001 0.16438599999999995 0.10515299999999998 0.0051599999999999997 0.0050950000000000006 0.0051600000000000005 0.00092400000000000002 0.00093000000000000016 0.00088000000000000003 1.7667556648656964 1.7667556648656964 1.7667556648656964 1.6535810289531914e-08 1.6535810289531914e-08 1.6535810289531914e-08 1 1 1 Converged Converged Converged OK OK OK 93 93 93 93 93 93 3 3 3 0 0 0 0 1 0 0 1
97 97 linear 4 15 974 2 0.0001 0.70036975432461834 0.15677207844611674 0.032965255327937808 0.45005723246486917 -0.76255667467439237 0.45206381322396105 0.5 -0.35714587380260332 1.7764732441942614 OK 13 12 0.39708300000000002 0.33080599999999999 0.13308800000000001 0.256774 0.153526 0 0.14030900000000002 0.17727999999999999 0.13308800000000001 0.0083149999999999995 0.0082789999999999999 0.0077079999999999996 0.10280600000000004 0.14071399999999998 0.097015999999999991 0.0051320000000000011 0.0049569999999999996 0.0049739999999999993 0.00094699999999999993 0.00092299999999999999 0.00092500000000000015 1.7764721898046729 1.7764721898046729 1.7764721898046729 1.691634935823387e-08 1.691634935823387e-08 1.691634935823387e-08 1 1 1 Converged Converged Converged OK OK OK 93 93 93 93 93 93 3 3 3 0 0 0 0 1 0 0 1
97 97 linear 4 23 974 3 0.0001 0.70036975432461834 0.15677207844611674 0.032965255327937808 0.45005723246486917 -0.76255667467439237 0.45665028353045672 0.5 -0.36173234410909899 1.7873688656034443 OK 13 12 0.41568100000000002 0.36223499999999997 0.135821 0.27603699999999998 0.16813700000000001 0 0.13964400000000005 0.19409799999999997 0.135821 0.0081510000000000003 0.0082199999999999999 0.0077920000000000003 0.10265400000000005 0.15706299999999998 0.099767999999999968 0.004986 0.0051009999999999996 0.0049760000000000004 0.00094099999999999989 0.00094699999999999993 0.00092599999999999996 1.7873677604940834 1.7873677604940834 1.7873677604940834 1.7347465131081865e-08 1.7347465131081865e-08 1.7347465131081865e-08 1 1 1 Converged Converged Converged OK OK OK 93 93 93 93 93 93 3 3 3 0 0 0 0 1 0 0 1
97 97 uniform 0 0 975 0 0.001 0.70036975432461834 0.15677207844611674 0.032965255327937808 0.51456606792325921 0.79532912888529395 0.5079730168576716 0 -0.41305507743631387 2.6803436841760835 OK 14 13 0.46879700000000002 0.471248 0.13746800000000001 0.33098699999999998 0.33166800000000002 0 0.13781000000000004 0.13957999999999998 0.13746800000000001 0.013073 0.01338 0.012834999999999999 0.096648999999999999 0.097806000000000004 0.096577000000000052 0.0033530000000000001 0.0035929999999999998 0.0033050000000000002 0.00087699999999999985 0.00090899999999999998 0.00084699999999999999 2.6803434191723561 2.6803434191723561 2.6803434191723561 0.0011338847727675088 0.0011338847727675088 0.0011338847727675088 1 1 1 Converged Converged Converged OK OK OK 81 81 81 81 81 81 7 7 7 0 0 0 0 0 1 0 0
97 97 uniform 0 7 975 1 0.001 0.70036975432461834 0.15677207844611674 0.032965255327937808 0.51456606792325921 0.79532912888529395 0.51198617837585536 0 -0.41706823895449763 2.6844433667326104 OK 14 13 0.42664099999999999 0.34478300000000001 0.131631 0.29378399999999999 0.190272 0 0.132857 0.15451100000000001 0.131631 0.011939 0.011946 0.011279000000000001 0.099620999999999987 0.120854 0.099339000000000038 0.003411 0.0034819999999999999 0.0033740000000000003 0.00083499999999999991 0.00082699999999999994 0.00079999999999999993 2.6844434287854413 2.6844434287854413 2.6844434287854413 0.0012459338274456119 0.0012459338274456119 0.0012459338274456119 1 1 1 Converged Converged Converged OK OK OK 81 81 81 81 81 81 7 7 7 0 0 0 0 1 0 0 1
97 97 uniform 0 15 975 2 0.001 0.70036975432461834 0.15677207844611674 0.032965255327937808 0.51456606792325921 0.79532912888529395 0.51657264868235109 0 -0.42165470926099335 2.6710746413060731 OK 14 13 0.4919 0.41048099999999998 0.14371700000000001 0.345999 0.23954 0 0.145901 0.17094099999999998 0.14371700000000001 0.01206 0.012092 0.011278 0.10802000000000002 0.13331100000000001 0.107858 0.004045 0.0039550000000000002 0.003813 0.000959 0.0009720000000000001 0.00096200000000000007 2.6710765844384268 2.6710765844384268 2.6710765844384268 0.0013051872565356412 0.0013051872565356412 0.0013051872565356412 1 1 1 Converged Converged Converged OK OK OK 89 89 89 89 89 89 7 7 7 0 0 0 0 1 0 0 1
97 97 uniform 0 23 975 3 0.001 0.70036975432461834 0.15677207844611674 0.032965255327937808 0.51456606792325921 0.79532912888529395 0.52115911898884681 0 -0.42624117956748908 2.6353298844669677 OK 14 13 0.47127400000000003 0.38571699999999998 0.13810700000000001 0.330849 0.22367200000000001 0 0.14042500000000002 0.16204499999999997 0.13810700000000001 0.012416999999999999 0.012303 0.011634 0.10376199999999998 0.12563600000000003 0.10298400000000002 0.0040659999999999993 0.0040020000000000003 0.0039169999999999995 0.0010350000000000001 0.0010249999999999999 0.0010070000000000001 2.6353370961043825 2.6353370961043825 2.6353370961043825 0.0022001118385608824 0.0022001118385608824 0.0022001118385608824 1 1 1 Converged Converged Converged OK OK OK 89 89 89 89 89 89 7 7 7 0 0 0 0 1 0 0 1
97 97 uniform 0 0 975 0 0.0001 0.70036975432461834 0.15677207844611674 0.032965255327937808 0.51456606792325921 0.79532912888529395 0.5079730168576716 0 -0.41305507743631387 2.6803436841760835 OK 14 13 0.50909300000000002 0.50575400000000004 0.17591899999999999 0.33197599999999999 0.32926800000000001 0 0.17711700000000002 0.17648600000000003 0.17591899999999999 0.013194000000000001 0.013461000000000001 0.012773 0.12183799999999999 0.12175399999999992 0.12129 0.0050040000000000006 0.0049530000000000008 0.0053880000000000004 0.0013190000000000001 0.0012850000000000001 0.0013340000000000001 2.6803433516363873 2.6803433516363873 2.6803433516363873 0.00015677739382865839 0.00015677739382865839 0.00015677739382865839 1 1 1 Converged Converged Converged OK OK OK 113 113 113 113 113 113 7 7 7 0 0 0 0 0 1 0 0
97 97 uniform 0 7 975 1 0.0001 0.70036975432461834 0.15677207844611674 0.032965255327937808 0.51456606792325921 0.79532912888529395 0.51198617837585536 0 -0.41706823895449763 2.6844433667326104 OK 14 13 0.46275500000000003 0.39605000000000001 0.16573299999999999 0.29488799999999998 0.188696 0 0.16786700000000004 0.20735400000000001 0.16573299999999999 0.012028 0.012173 0.011306 0.12523199999999998 0.16479800000000006 0.12414099999999999 0.0051039999999999992 0.0051689999999999991 0.0051380000000000002 0.001232 0.001261 0.0013140000000000001 2.6844429763599535 2.6844429763599535 2.6844429763599535 0.00016174720888280475 0.00016174720888280475 0.00016174720888280475 1 1 1 Converged Converged Converged OK OK OK 113 113 113 113 113 113 7 7 7 0 0 0 0 1 0 0 1
97 97 uniform 0 15 975 2 0.0001 0.70036975432461834 0.15677207844611674 0.032965255327937808 0.51456606792325921 0.79532912888529395 0.51657264868235109 0 -0.42165470926099335 2.6710746413060731 OK 14 13 0.51519599999999999 0.451293 0.16892699999999999 0.34068399999999999 0.23819799999999999 0 0.174512 0.21309500000000001 0.16892699999999999 0.012057999999999999 0.011981 0.011265000000000001 0.13143000000000002 0.17033400000000015 0.12773799999999999 0.0052700000000000004 0.00511 0.004947 0.0012700000000000001 0.0012520000000000001 0.001268 2.6710743434763917 2.6710743434763917 2.6710743434763917 0.00017161945058849875 0.00017161945058849875 0.00017161945058849875 1 1 1 Converged Converged Converged OK OK OK 113 113 113 113 113 113 7 7 7 0 0 0 0 1 0 0 1
97 97 uniform 0 23 975 3 0.0001 0.70036975432461834 0.15677207844611674 0.032965255327937808 0.51456606792325921 0.79532912888529395 0.52115911898884681 0 -0.42624117956748908 2.6353298844669677 OK 14 13 0.49779899999999999 0.43264900000000001 0.16600300000000001 0.32994699999999999 0.22936999999999999 0 0.167852 0.20327900000000002 0.16600300000000001 0.012460000000000001 0.012418999999999999 0.011664000000000001 0.12427499999999998 0.15885400000000002 0.12409800000000003 0.005215 0.0060239999999999998 0.005000000000000001 0.001431 0.0014179999999999998 0.0013679999999999999 2.63532949524051 2.63532949524051 2.63532949524051 0.00019659880558054881 0.00019659880558054881 0.00019659880558054881 1 1 1 Converged Converged Converged OK OK OK 113 113 113 113 113 113 7 7 7 0 0 0 0 1 0 0 1
97 97 uniform 1 0 976 0 0.001 0.70036975432461834 0.15677207844611674 0.032965255327937808 0.48398422733293256 -0.78060492807672455 0.47739117626734501 0 -0.38247323684598727 2.2916852405280896 OK 13 12 0.39667799999999998 0.39698800000000001 0.10645399999999999 0.28971200000000003 0.28978399999999999 0 0.10696599999999995 0.10720400000000002 0.10645399999999999 0.0097909999999999994 0.0098370000000000003 0.0095329999999999998 0.07436300000000004 0.074395000000000031 0.074254999999999988 0.0031019999999999997 0.0034660000000000003 0.003055 0.00092199999999999986 0.00089999999999999998 0.00084599999999999996 2.2916978645117716 2.2916978645117716 2.2916978645117716 0.0010106851161024917 0.0010106851161024917 0.0010106851161024917 1 1 1 Converged Converged Converged OK OK OK 75 75 75 75 75 75 5 5 5 0 0 0 0 0 1 0 0
97 97 uniform 1 7 976 1 0.001 0.70036975432461834 0.15677207844611674 0.032965255327937808 0.48398422733293256 -0.78060492807672455 0.48140433778552871 0 -0.38648639836417098 2.4365725063161943 OK 13 12 0.41395900000000002 0.34052300000000002 0.11640300000000001 0.29680899999999999 0.19591900000000001 0 0.11715000000000003 0.14460400000000001 0.11640300000000001 0.0088030000000000001 0.0090480000000000005 0.0084279999999999997 0.085132999999999959 0.111537 0.084801999999999975 0.003604 0.0039680000000000002 0.0039129999999999998 0.00096499999999999993 0.0010040000000000001 0.0010479999999999999 2.4365806562811558 2.4365806562811558 2.4365806562811558 0.0018065366614373403 0.0018065366614373403 0.0018065366614373403 1 1 1 Converged Converged Converged OK OK OK 90 90 90 90 90 90 6 6 6 0 0 0 0 1 0 0 1
97 97 uniform 1 15 976 2 0.001 0.70036975432461834 0.15677207844611674 0.032965255327937808 0.48398422733293256 -0.78060492807672455 0.48599080809202444 0 -0.39107286867066671 2.5742165837774471 OK 13 12 0.41523199999999999 0.33559899999999998 0.11582199999999999 0.3014 0.200096 0 0.11383199999999999 0.13550299999999998 0.11582199999999999 0.0087899999999999992 0.0088640000000000004 0.0083140000000000002 0.083606999999999973 0.10587199999999998 0.086683999999999997 0.0036600000000000005 0.003748 0.0036870000000000002 0.001042 0.00098200000000000002 0.0010869999999999999 2.5742208144740215 2.5742208144740215 2.5742208144740215 0.00152327133905615 0.00152327133905615 0.00152327133905615 1 1 1 Converged Converged Converged OK OK OK 90 90 90 90 90 90 6 6 6 0 0 0 0 1 0 0 1
97 97 uniform 1 23 976 3 0.001 0.70036975432461834 0.15677207844611674 0.032965255327937808 0.48398422733293256 -0.78060492807672455 0.49057727839852011 0 -0.39565933897716238 2.6891958012091712 OK 14 13 0.473356 0.40207399999999999 0.11553099999999999 0.35645100000000002 0.25878699999999999 0 0.11690499999999998 0.143287 0.11553099999999999 0.012492 0.012756 0.011899 0.084601999999999941 0.11044899999999996 0.084311000000000025 0.0031749999999999999 0.0033250000000000003 0.0030769999999999999 0.00075100000000000004 0.00090799999999999995 0.00078800000000000007 2.6891978837413624 2.6891978837413624 2.6891978837413624 0.0021568607796744986 0.0021568607796744986 0.0021568607796744986 1 1 1 Converged Converged Converged OK OK OK 73 73 73 73 73 73 7 7 7 0 0 0 0 1 0 0 1
97 97 uniform 1 0 976 0 0.0001 0.70036975432461834 0.15677207844611674 0.032965255327937808 0.48398422733293256 -0.78060492807672455 0.47739117626734501 0 -0.38247323684598727 2.2916852405280896 OK 13 12 0.458426 0.45013900000000001 0.15696599999999999 0.29932199999999998 0.29265600000000003 0 0.15910400000000002 0.15748299999999998 0.15696599999999999 0.010070000000000001 0.0097230000000000007 0.0095770000000000004 0.10978200000000003 0.10961099999999996 0.10902500000000002 0.005457 0.0052609999999999992 0.005200999999999999 0.0014530000000000001 0.0012949999999999999 0.0013819999999999998 2.2917016717744318 2.2917016717744318 2.2917016717744318 9.0542188025231833e-05 9.0542188025231833e-05 9.0542188025231833e-05 1 1 1 Converged Converged Converged OK OK OK 115 115 115 115 115 115 5 5 5 0 0 0 0 0 1 0 0
97 97 uniform 1 7 976 1 0.0001 0.70036975432461834 0.15677207844611674 0.032965255327937808 0.48398422733293256 -0.78060492807672455 0.48140433778552871 0 -0.38648639836417098 2.4365725063161943 OK 13 12 0.46307700000000002 0.40201199999999998 0.15957399999999999 0.300458 0.19644600000000001 0 0.16261900000000001 0.20556599999999997 0.15957399999999999 0.0090950000000000007 0.0090399999999999994 0.0083599999999999994 0.11804100000000002 0.16204499999999994 0.11727899999999998 0.0060620000000000005 0.0059020000000000001 0.0056949999999999995 0.0015139999999999997 0.0014400000000000001 0.0014109999999999997 2.4365736157629301 2.4365736157629301 2.4365736157629301 0.00017553990332113553 0.00017553990332113553 0.00017553990332113553 1 1 1 Converged Converged Converged OK OK OK 130 130 130 130 130 130 6 6 6 0 0 0 0 1 0 0 1
97 97 uniform 1 15 976 2 0.0001 0.70036975432461834 0.15677207844611674 0.032965255327937808 0.48398422733293256 -0.78060492807672455 0.48599080809202444 0 -0.39107286867066671 2.5742165837774471 OK 13 12 0.51808900000000002 0.45741500000000002 0.20912800000000001 0.30670799999999998 0.19411500000000001 0 0.21138100000000004 0.26329999999999998 0.20912800000000001 0.0087869999999999997 0.0088699999999999994 0.0083009999999999994 0.15180200000000008 0.20322100000000001 0.15079899999999999 0.0092820000000000003 0.0096799999999999994 0.0093870000000000012 0.0018160000000000001 0.0019800000000000004 0.0018169999999999998 2.5742166593618672 2.5742166593618672 2.5742166593618672 0.00012463747525240108 0.00012463747525240108 0.00012463747525240108 1 1 1 Converged Converged Converged OK OK OK 178 178 178 178 178 178 6 6 6 0 0 0 0 1 0 0 1
97 97 uniform 1 23 976 3 0.0001 0.70036975432461834 0.15677207844611674 0.032965255327937808 0.48398422733293256 -0.78060492807672455 0.49057727839852011 0 -0.39565933897716238 2.6891958012091712 OK 14 13 0.53914600000000001 0.48201300000000002 0.17913200000000001 0.35850599999999999 0.251253 0 0.18064000000000002 0.23076000000000002 0.17913200000000001 0.012413 0.0124 0.011934 0.13425700000000002 0.184137 0.13357800000000003 0.0055910000000000005 0.0058389999999999996 0.0056510000000000006 0.0012949999999999999 0.0013400000000000003 0.0013500000000000001 2.6891956282714671 2.6891956282714671 2.6891956282714671 0.00025210269409793834 0.00025210269409793834 0.00025210269409793834 1 1 1 Converged Converged Converged OK OK OK 121 121 121 121 121 121 7 7 7 0 0 0 0 1 0 0 1
97 97 uniform 2 0 977 0 0.001 0.70036975432461834 0.15677207844611674 0.032965255327937808 -0.19408943579609972 0.045061719146024241 -0.20068248686168727 0 0.295600426283045 4.4390452245367111 OK 13 12 0.340281 0.33671299999999998 0.060921000000000003 0.27843600000000002 0.27106599999999997 0 0.061844999999999983 0.065647000000000011 0.060921000000000003 0.0094039999999999992 0.0092079999999999992 0.0091129999999999996 0.038970000000000012 0.038729999999999994 0.03860199999999999 0.001805 0.0017910000000000001 0.0018509999999999998 0.00050200000000000006 0.00052300000000000003 0.00055100000000000006 4.4390441170285504 4.4390441170285504 4.4390441170285504 0.0025954187487133035 0.0025954187487133035 0.0025954187487133035 1 1 1 Converged Converged Converged OK OK OK 44 44 44 44 44 44 4 4 4 0 0 0 0 0 1 0 0
97 97 uniform 2 7 977 1 0.001 0.70036975432461834 0.15677207844611674 0.032965255327937808 -0.19408943579609972 0.045061719146024241 -0.19666932534350354 0 0.29158726476486124 4.4329634243501044 OK 13 12 0.35779499999999997 0.25264199999999998 0.079369999999999996 0.27288499999999999 0.15865899999999999 0 0.084909999999999985 0.093982999999999983 0.079369999999999996 0.0087379999999999992 0.0086440000000000006 0.0081040000000000001 0.060931999999999986 0.070400999999999991 0.056298000000000001 0.0024269999999999999 0.002431 0.0024560000000000003 0.0006150000000000001 0.00063000000000000003 0.00063299999999999999 4.4329737385945291 4.4329737385945291 4.4329737385945291 0.0025119643872533464 0.0025119643872533464 0.0025119643872533464 1 1 1 Converged Converged Converged OK OK OK 67 67 67 67 67 67 5 5 5 0 0 0 0 1 0 0 1
97 97 uniform 2 15 977 2 0.001 0.70036975432461834 0.15677207844611674 0.032965255327937808 -0.19408943579609972 0.045061719146024241 -0.19208285503700784 0 0.28700079445836557 4.4287925438710589 OK 13 12 0.34376499999999999 0.241789 0.071219000000000005 0.27077499999999999 0.157697 0 0.072989999999999999 0.084092 0.071219000000000005 0.0084910000000000003 0.0083610000000000004 0.0078670000000000007 0.050732999999999986 0.061704000000000002 0.050335999999999999 0.0024999999999999996 0.0027000000000000001 0.0023499999999999997 0.00062699999999999995 0.00066100000000000002 0.00059100000000000005 4.4287914412024465 4.4287914412024465 4.4287914412024465 0.0022163144508608682 0.0022163144508608682 0.0022163144508608682 1 1 1 Converged Converged Converged OK OK OK 67 67 67 67 67 67 5 5 5 0 0 0 0 1 0 0 1
97 97 uniform 2 23 977 3 0.001 0.70036975432461834 0.15677207844611674 0.032965255327937808 -0.19408943579609972 0.045061719146024241 -0.18749638473051217 0 0.2824143241518699 4.4278656387125723 OK 13 12 0.33522600000000002 0.22977500000000001 0.065268000000000007 0.27208399999999999 0.16120300000000001 0 0.063142000000000031 0.068571999999999994 0.065268000000000007 0.0084169999999999991 0.0083660000000000002 0.0090589999999999993 0.044473999999999993 0.049685000000000007 0.04597699999999999 0.0015330000000000001 0.0016950000000000001 0.0016570000000000001 0.00047099999999999996 0.00049700000000000005 0.00048700000000000002 4.4278677716075423 4.4278677716075423 4.4278677716075423 0.0038735679208777105 0.0038735679208777105 0.0038735679208777105 1 1 1 Converged Converged Converged OK OK OK 51 51 51 51 51 51 5 5 5 0 0 0 0 1 0 0 1
97 97 uniform 2 0 977 0 0.0001 0.70036975432461834 0.15677207844611674 0.032965255327937808 -0.19408943579609972 0.045061719146024241 -0.20068248686168727 0 0.295600426283045 4.4390452245367111 OK 13 12 0.372944 0.37323899999999999 0.094173999999999994 0.277619 0.27774900000000002 0 0.095324999999999993 0.095489999999999964 0.094173999999999994 0.0093120000000000008 0.0095250000000000005 0.0089610000000000002 0.060570000000000006 0.060472999999999999 0.060262000000000017 0.003542 0.0034819999999999994 0.0033569999999999997 0.00094499999999999998 0.00089099999999999997 0.0009059999999999999 4.4390451363838457 4.4390451363838457 4.4390451363838457 0.00028955654226642892 0.00028955654226642892 0.00028955654226642892 1 1 1 Converged Converged Converged OK OK OK 76 76 76 76 76 76 4 4 4 0 0 0 0 0 1 0 0
97 97 uniform 2 7 977 1 0.0001 0.70036975432461834 0.15677207844611674 0.032965255327937808 -0.19408943579609972 0.045061719146024241 -0.19666932534350354 0 0.29158726476486124 4.4329634243501044 OK 13 12 0.40688299999999999 0.307946 0.123458 0.27577699999999999 0.158249 0 0.131106 0.149697 0.123458 0.0089230000000000004 0.0087690000000000008 0.0081460000000000005 0.089057000000000039 0.11269 0.087748999999999994 0.0069510000000000006 0.0061130000000000004 0.0059030000000000003 0.001155 0.0010889999999999999 0.00097099999999999997 4.4329633933909491 4.4329633933909491 4.4329633933909491 0.00021598409019767687 0.00021598409019767687 0.00021598409019767687 1 1 1 Converged Converged Converged OK OK OK 115 115 115 115 115 115 5 5 5 0 0 0 0 1 0 0 1
97 97 uniform 2 15 977 2 0.0001 0.70036975432461834 0.15677207844611674 0.032965255327937808 -0.19408943579609972 0.045061719146024241 -0.19208285503700784 0 0.28700079445836557 4.4287925438710589 OK 13 12 0.361765 0.25657600000000003 0.085486999999999994 0.27427400000000002 0.158277 0 0.087490999999999985 0.098299000000000025 0.085486999999999994 0.0084849999999999995 0.008548 0.0078619999999999992 0.060592000000000014 0.071857999999999977 0.06030399999999999 0.0032269999999999998 0.0032599999999999999 0.0030709999999999999 0.00085499999999999997 0.00090700000000000004 0.000861 4.4287924499619074 4.4287924499619074 4.4287924499619074 0.00016395075833270373 0.00016395075833270373 0.00016395075833270373 1 1 1 Converged Converged Converged OK OK OK 83 83 83 83 83 83 5 5 5 0 0 0 0 1 0 0 1
97 97 uniform 2 23 977 3 0.0001 0.70036975432461834 0.15677207844611674 0.032965255327937808 -0.19408943579609972 0.045061719146024241 -0.18749638473051217 0 0.2824143241518699 4.4278656387125723 OK 13 12 0.36571300000000001 0.26666800000000002 0.089308999999999999 0.27467599999999998 0.16086400000000001 0 0.091037000000000035 0.10580400000000001 0.089308999999999999 0.0083890000000000006 0.0085079999999999999 0.0079330000000000008 0.064857999999999985 0.079356999999999955 0.06444500000000003 0.0031180000000000001 0.0031449999999999998 0.0030400000000000002 0.00084399999999999992 0.00086700000000000004 0.00085299999999999992 4.4278655261742426 4.4278655261742426 4.4278655261742426 0.00010809161392711754 0.00010809161392711754 0.00010809161392711754 1 1 1 Converged Converged Converged OK OK OK 83 83 83 83 83 83 5 5 5 0 0 0 0 1 0 0 1
97 97 uniform 3 0 978 0 0.001 0.70036975432461834 0.15677207844611674 0.032965255327937808 0.029974629829065083 0.20636601885906855 0.023381578763477521 0 0.071536360657880202 5.6194692430888837 OK 13 12 0.288304 0.28606799999999999 0.074501999999999999 0.21344399999999999 0.210423 0 0.07486000000000001 0.07564499999999999 0.074501999999999999 0.0092599999999999991 0.009495 0.0091769999999999994 0.046731000000000009 0.047425000000000002 0.046884999999999996 0.0025360000000000001 0.0025790000000000001 0.002581 0.00061400000000000007 0.00064800000000000003 0.00068000000000000005 5.6194673839170806 5.6194673839170806 5.6194673839170806 0.0037575281324570857 0.0037575281324570857 0.0037575281324570857 1 1 1 Converged Converged Converged OK OK OK 52 52 52 52 52 52 4 4 4 0 0 0 0 0 1 0 0
97 97 uniform 3 7 978 1 0.001 0.70036975432461834 0.15677207844611674 0.032965255327937808 0.029974629829065083 0.20636601885906855 0.027394740281661254 0 0.067523199139696469 5.7755256163963855 OK 13 12 0.31575399999999998 0.26389099999999999 0.075364 0.238896 0.15398700000000001 0 0.076857999999999982 0.10990399999999997 0.075364 0.0088059999999999996 0.0086870000000000003 0.0082059999999999998 0.051971999999999997 0.085303999999999991 0.051496 0.0025270000000000002 0.002591 0.0025199999999999997 0.00060499999999999996 0.000571 0.00062500000000000001 5.7755224097676292 5.7755224097676292 5.7755224097676292 0.0044020940732552088 0.0044020940732552088 0.0044020940732552088 1 1 1 Converged Converged Converged OK OK OK 52 52 52 52 52 52 4 4 4 0 0 0 0 1 0 0 1
97 97 uniform 3 15 978 2 0.001 0.70036975432461834 0.15677207844611674 0.032965255327937808 0.029974629829065083 0.20636601885906855 0.03198121058815695 0 0.06293672883320077 5.9907282091806913 OK 13 12 0.25478000000000001 0.19734199999999999 0.048266999999999997 0.204813 0.130358 0 0.049967000000000011 0.066983999999999988 0.048266999999999997 0.0088140000000000007 0.0088400000000000006 0.0082470000000000009 0.029287000000000001 0.046592000000000008 0.028705000000000001 0.001846 0.0018190000000000001 0.0018140000000000001 0.000522 0.00051500000000000005 0.00050100000000000003 5.9907259308515819 5.9907259308515819 5.9907259308515819 0.0049335962249101341 0.0049335962249101341 0.0049335962249101341 1 1 1 Converged Converged Converged OK OK OK 37 37 37 37 37 37 3 3 3 0 0 0 0 1 0 0 1
97 97 uniform 3 23 978 3 0.001 0.70036975432461834 0.15677207844611674 0.032965255327937808 0.029974629829065083 0.20636601885906855 0.036567680894652649 0 0.058350258526705071 6.2733793726559455 OK 13 12 0.249972 0.20135 0.051709999999999999 0.195828 0.12718199999999999 0 0.054143999999999998 0.074168000000000012 0.051709999999999999 0.0085819999999999994 0.0085869999999999991 0.0078530000000000006 0.033291000000000008 0.054193999999999999 0.032674000000000009 0.0020109999999999998 0.001768 0.0017690000000000002 0.00052700000000000002 0.00050599999999999994 0.00045600000000000003 6.2733770342434507 6.2733770342434507 6.2733770342434507 0.0057395170248459053 0.0057395170248459053 0.0057395170248459053 1 1 1 Converged Converged Converged OK OK OK 37 37 37 37 37 37 3 3 3 0 0 0 0 1 0 0 1
97 97 uniform 3 0 978 0 0.0001 0.70036975432461834 0.15677207844611674 0.032965255327937808 0.029974629829065083 0.20636601885906855 0.023381578763477521 0 0.071536360657880202 5.6194692430888837 OK 13 12 0.32940199999999997 0.33190700000000001 0.117977 0.21113499999999999 0.21360499999999999 0 0.11826699999999998 0.11830200000000002 0.117977 0.0093769999999999999 0.0095820000000000002 0.0091459999999999996 0.074630999999999961 0.074964000000000003 0.075215999999999977 0.0047420000000000006 0.0048339999999999998 0.004849 0.0010690000000000001 0.0010679999999999999 0.0010560000000000001 5.6194688753574669 5.6194688753574669 5.6194688753574669 4.877668998311558e-05 4.877668998311558e-05 4.877668998311558e-05 1 1 1 Converged Converged Converged OK OK OK 92 92 92 92 92 92 4 4 4 0 0 0 0 0 1 0 0
97 97 uniform 3 7 978 1 0.0001 0.70036975432461834 0.15677207844611674 0.032965255327937808 0.029974629829065083 0.20636601885906855 0.027394740281661254 0 0.067523199139696469 5.7755256163963855 OK 13 12 0.34249600000000002 0.29539100000000001 0.1003 0.24029 0.152336 0 0.10220600000000002 0.14305500000000002 0.1003 0.0088380000000000004 0.0088690000000000001 0.0082100000000000003 0.069561999999999971 0.11046100000000002 0.068935999999999997 0.0039480000000000001 0.0039109999999999995 0.0038840000000000003 0.00088700000000000009 0.0009230000000000001 0.00087800000000000009 5.7755252687724044 5.7755252687724044 5.7755252687724044 0.00027505520535737175 0.00027505520535737175 0.00027505520535737175 1 1 1 Converged Converged Converged OK OK OK 76 76 76 76 76 76 4 4 4 0 0 0 0 1 0 0 1
97 97 uniform 3 15 978 2 0.0001 0.70036975432461834 0.15677207844611674 0.032965255327937808 0.029974629829065083 0.20636601885906855 0.03198121058815695 0 0.06293672883320077 5.9907282091806913 OK 13 12 0.29799100000000001 0.26336999999999999 0.092536999999999994 0.20385500000000001 0.13028899999999999 0 0.094135999999999997 0.133081 0.092536999999999994 0.0089320000000000007 0.0088889999999999993 0.0083929999999999994 0.061398999999999988 0.10031999999999996 0.060902000000000012 0.0038909999999999999 0.0039759999999999995 0.0038830000000000002 0.00086899999999999998 0.00085499999999999997 0.00083900000000000012 5.990727649478595 5.990727649478595 5.990727649478595 3.4723103118497807e-06 3.4723103118497807e-06 3.4723103118497807e-06 1 1 1 Converged Converged Converged OK OK OK 77 77 77 77 77 77 3 3 3 0 0 0 0 1 0 0 1
97 97 uniform 3 23 978 3 0.0001 0.70036975432461834 0.15677207844611674 0.032965255327937808 0.029974629829065083 0.20636601885906855 0.036567680894652649 0 0.058350258526705071 6.2733793726559455 OK 13 12 0.29438999999999999 0.27781400000000001 0.097796999999999995 0.19475200000000001 0.126975 0 0.099637999999999977 0.150839 0.097796999999999995 0.0084659999999999996 0.0086379999999999998 0.0079690000000000004 0.067367999999999997 0.11824500000000003 0.066825999999999955 0.0038550000000000004 0.0040229999999999997 0.0037549999999999997 0.00084900000000000004 0.000843 0.0008160000000000001 6.2733787695659746 6.2733787695659746 6.2733787695659746 3.5124248039103964e-06 3.5124248039103964e-06 3.5124248039103964e-06 1 1 1 Converged Converged Converged OK OK OK 77 77 77 77 77 77 3 3 3 0 0 0 0 1 0 0 1
97 97 uniform 4 0 979 0 0.001 0.70036975432461834 0.15677207844611674 0.032965255327937808 0.45005723246486917 -0.76255667467439237 0.44346418139928162 0 -0.34854624197792389 1.7598156114035628 OK 13 12 0.30681999999999998 0.30668000000000001 0.065372 0.240393 0.240979 0 0.066426999999999986 0.065701000000000009 0.065372 0.0088719999999999997 0.0089470000000000001 0.0086110000000000006 0.041100000000000018 0.041347000000000016 0.040932999999999997 0.002212 0.0022130000000000001 0.0021849999999999999 0.000562 0.00056300000000000002 0.00054700000000000007 1.7598155967649867 1.7598155967649867 1.7598155967649867 0.00062973364789268909 0.00062973364789268909 0.00062973364789268909 1 1 1 Converged Converged Converged OK OK OK 45 45 45 45 45 45 3 3 3 0 0 0 0 0 1 0 0
97 97 uniform 4 7 979 1 0.001 0.70036975432461834 0.15677207844611674 0.032965255327937808 0.45005723246486917 -0.76255667467439237 0.44747734291746533 0 -0.35255940349610759 1.767608601367481 OK 13 12 0.32425599999999999 0.246116 0.066517000000000007 0.25597500000000001 0.15110299999999999 0 0.068280999999999981 0.095013000000000014 0.066517000000000007 0.0083610000000000004 0.0081620000000000009 0.0076959999999999997 0.045467999999999995 0.073005000000000014 0.045146999999999986 0.0023079999999999997 0.002238 0.0021770000000000001 0.00061800000000000006 0.00058100000000000003 0.00054600000000000004 1.7676085865947606 1.7676085865947606 1.7676085865947606 0.00063170758990315249 0.00063170758990315249 0.00063170758990315249 1 1 1 Converged Converged Converged OK OK OK 45 45 45 45 45 45 3 3 3 0 0 0 0 1 0 0 1
97 97 uniform 4 15 979 2 0.001 0.70036975432461834 0.15677207844611674 0.032965255327937808 0.45005723246486917 -0.76255667467439237 0.45206381322396105 0 -0.35714587380260332 1.7774685848794225 OK 13 12 0.319523 0.236072 0.05926 0.25890000000000002 0.15928 0 0.060622999999999982 0.076791999999999999 0.05926 0.0081410000000000007 0.0082679999999999993 0.0076099999999999996 0.038401000000000005 0.054632999999999987 0.03794800000000001 0.0021910000000000002 0.0022769999999999999 0.002196 0.00055699999999999999 0.000571 0.00054299999999999997 1.7774685699095565 1.7774685699095565 1.7774685699095565 0.00063396980166545826 0.00063396980166545826 0.00063396980166545826 1 1 1 Converged Converged Converged OK OK OK 45 45 45 45 45 45 3 3 3 0 0 0 0 1 0 0 1
97 97 uniform 4 23 979 3 0.001 0.70036975432461834 0.15677207844611674 0.032965255327937808 0.45005723246486917 -0.76255667467439237 0.45665028353045672 0 -0.36173234410909899 1.7885509355080855 OK 13 12 0.339036 0.26361000000000001 0.062938999999999995 0.27501700000000001 0.167768 0 0.064018999999999993 0.095842000000000011 0.062938999999999995 0.0081419999999999999 0.0081589999999999996 0.007705 0.041951999999999975 0.073255000000000001 0.041585999999999977 0.00216 0.0023149999999999998 0.0021590000000000003 0.00054799999999999998 0.00059900000000000003 0.00053600000000000002 1.7885509202923633 1.7885509202923633 1.7885509202923633 0.00063618967662138479 0.00063618967662138479 0.00063618967662138479 1 1 1 Converged Converged Converged OK OK OK 45 45 45 45 45 45 3 3 3 0 0 0 0 1 0 0 1
97 97 uniform 4 0 979 0 0.0001 0.70036975432461834 0.15677207844611674 0.032965255327937808 0.45005723246486917 -0.76255667467439237 0.44346418139928162 0 -0.34854624197792389 1.7598156114035628 OK 13 12 0.342304 0.34212500000000001 0.104878 0.23809 0.23949599999999999 0 0.104214 0.10262900000000003 0.104878 0.0089829999999999997 0.0089309999999999997 0.0084840000000000002 0.06719 0.066752999999999993 0.069250999999999979 0.0042420000000000001 0.0039290000000000002 0.0039350000000000001 0.00081700000000000002 0.00078000000000000009 0.00077900000000000007 1.7598155969273439 1.7598155969273439 1.7598155969273439 3.5083580698713354e-05 3.5083580698713354e-05 3.5083580698713354e-05 1 1 1 Converged Converged Converged OK OK OK 77 77 77 77 77 77 3 3 3 0 0 0 0 0 1 0 0
97 97 uniform 4 7 979 1 0.0001 0.70036975432461834 0.15677207844611674 0.032965255327937808 0.45005723246486917 -0.76255667467439237 0.44747734291746533 0 -0.35255940349610759 1.767608601367481 OK 13 12 0.36128900000000003 0.31069400000000003 0.104989 0.25409100000000001 0.15325 0 0.10719800000000002 0.15744400000000003 0.104989 0.0082920000000000008 0.0082810000000000002 0.0077990000000000004 0.074843000000000021 0.125225 0.074011000000000007 0.0039789999999999999 0.0039690000000000003 0.0038579999999999999 0.00080500000000000005 0.00077799999999999994 0.00076000000000000004 1.7676085867586331 1.7676085867586331 1.7676085867586331 3.6101728609144642e-05 3.6101728609144642e-05 3.6101728609144642e-05 1 1 1 Converged Converged Converged OK OK OK 77 77 77 77 77 77 3 3 3 0 0 0 0 1 0 0 1
97 97 uniform 4 15 979 2 0.0001 0.70036975432461834 0.15677207844611674 0.032965255327937808 0.45005723246486917 -0.76255667467439237 0.45206381322396105 0 -0.35714587380260332 1.7774685848794225 OK 13 12 0.35265999999999997 0.28666999999999998 0.093704999999999997 0.25727299999999997 0.15303700000000001 0 0.095387 0.13363299999999997 0.093704999999999997 0.0081460000000000005 0.0082199999999999999 0.0076880000000000004 0.063545999999999991 0.10158799999999998 0.062966000000000008 0.00396 0.0039830000000000004 0.0038110000000000002 0.00079199999999999995 0.00078899999999999999 0.00076000000000000004 1.777468570075073 1.777468570075073 1.777468570075073 3.7194060401918347e-05 3.7194060401918347e-05 3.7194060401918347e-05 1 1 1 Converged Converged Converged OK OK OK 77 77 77 77 77 77 3 3 3 0 0 0 0 1 0 0 1
97 97 uniform 4 23 979 3 0.0001 0.70036975432461834 0.15677207844611674 0.032965255327937808 0.45005723246486917 -0.76255667467439237 0.45665028353045672 0 -0.36173234410909899 1.7885509355080855 OK 13 12 0.37361100000000003 0.31552000000000002 0.096602999999999994 0.275563 0.16773199999999999 0 0.098048000000000024 0.14778800000000003 0.096602999999999994 0.0081290000000000008 0.0083309999999999999 0.0076709999999999999 0.066449999999999967 0.11561000000000009 0.065762000000000001 0.003859 0.0038860000000000001 0.0038069999999999996 0.00076100000000000007 0.00078699999999999994 0.00075699999999999997 1.7885509204594059 1.7885509204594059 1.7885509204594059 3.8152740933288678e-05 3.8152740933288678e-05 3.8152740933288678e-05 1 1 1 Converged Converged Converged OK OK OK 77 77 77 77 77 77 3 3 3 0 0 0 0 1 0 0 1
98 98 linear 0 0 980 0 0.001 1.0626741756827263 0.00025165138054775307 0.00030391719795672671 0.00019685391832045576 -0.00021760615713969645 0.00013607047872911041 0.5 0.0001312856641114494 4594.2254347346498 OK 15 14 0.87550399999999995 0.86885699999999999 0.29353499999999999 0.57062199999999996 0.57137700000000002 0 0.30488199999999999 0.29747999999999997 0.29353499999999999 0.014487 0.014577 0.014234999999999999 0.25048699999999996 0.24360599999999999 0.24202200000000001 0.0075759999999999994 0.0072709999999999997 0.0063789999999999993 0.0011090000000000002 0.001091 0.0010089999999999999 4594.2226401816588 4594.2226401816588 4594.2226401816588 2.4550692438783499 2.4550692438783499 2.4550692438783499 1 1 1 Converged Converged Converged OK OK OK 127 127 127 127 127 127 9 9 9 0 0 0 0 0 1 0 0
98 98 linear 0 7 980 1 0.001 1.0626741756827263 0.00025165138054775307 0.00030391719795672671 0.00019685391832045576 -0.00021760615713969645 0.00017306909413253803 0.5 9.4287048708021774e-05 4517.0027992738997 OK 14 13 0.86941900000000005 0.94606400000000002 0.28338600000000003 0.57459499999999997 0.42496800000000001 0 0.29482400000000009 0.521096 0.28338600000000003 0.013273 0.014182 0.012187999999999999 0.25151299999999993 0.47656599999999993 0.2434089999999999 0.0069470000000000001 0.0064340000000000005 0.0061619999999999999 0.0010219999999999999 0.0010340000000000002 0.0010009999999999999 4517.0417308340684 4517.0417308340684 4517.0417308340684 2.3456083393114828 2.3456083393114828 2.3456083393114828 1 1 1 Converged Converged Converged OK OK OK 127 127 127 127 127 127 9 9 9 0 0 0 0 1 0 0 1
98 98 linear 0 15 980 2 0.001 1.0626741756827263 0.00025165138054775307 0.00030391719795672671 0.00019685391832045576 -0.00021760615713969645 0.00021535322602216956 0.5 5.2002916818390244e-05 4346.7305944081427 OK 14 13 0.851159 0.91181299999999998 0.285997 0.55302600000000002 0.40561399999999997 0 0.29813299999999998 0.50619900000000007 0.285997 0.012810999999999999 0.012916 0.011899 0.25550000000000006 0.46360900000000005 0.24660800000000005 0.006855 0.0068120000000000003 0.006234 0.0011480000000000001 0.001142 0.001011 4346.7505571206066 4346.7505571206066 4346.7505571206066 2.2878665035709695 2.2878665035709695 2.2878665035709695 1 1 1 Converged Converged Converged OK OK OK 127 127 127 127 127 127 9 9 9 0 0 0 0 1 0 0 1
98 98 linear 0 23 980 3 0.001 1.0626741756827263 0.00025165138054775307 0.00030391719795672671 0.00019685391832045576 -0.00021760615713969645 0.00025763735791180112 0.5 9.7187849287586861e-06 4091.4357387777809 OK 14 13 0.80430000000000001 0.84188499999999999 0.290709 0.506517 0.35660799999999998 0 0.29778300000000002 0.48527700000000001 0.290709 0.012357999999999999 0.012352 0.011599999999999999 0.25601799999999997 0.44398699999999997 0.25134199999999995 0.006879999999999999 0.0063709999999999999 0.0062940000000000001 0.0011100000000000001 0.0010120000000000001 0.00099899999999999989 4091.465303865808 4091.465303865808 4091.465303865808 2.2581006016164191 2.2581006016164191 2.2581006016164191 1 1 1 Converged Converged Converged OK OK OK 127 127 127 127 127 127 9 9 9 0 0 0 0 1 0 0 1
98 98 linear 0 0 980 0 0.0001 1.0626741756827263 0.00025165138054775307 0.00030391719795672671 0.00019685391832045576 -0.00021760615713969645 0.00013607047872911041 0.5 0.0001312856641114494 4594.2254347346498 OK 15 14 0.93543900000000002 0.92755200000000004 0.34970200000000001 0.57580699999999996 0.57061899999999999 0 0.35963200000000006 0.35693300000000006 0.34970200000000001 0.014666999999999999 0.01468 0.014515999999999999 0.29307099999999997 0.28656699999999991 0.28424100000000013 0.0088009999999999998 0.0089280000000000019 0.0083029999999999996 0.0016509999999999999 0.0016790000000000002 0.0016310000000000001 4594.2220895753499 4594.2220895753499 4594.2220895753499 0.38325815945617087 0.38325815945617087 0.38325815945617087 1 1 1 Converged Converged Converged OK OK OK 151 151 151 151 151 151 9 9 9 0 0 0 0 0 1 0 0
98 98 linear 0 7 980 1 0.0001 1.0626741756827263 0.00025165138054775307 0.00030391719795672671 0.00019685391832045576 -0.00021760615713969645 0.00017306909413253803 0.5 9.4287048708021774e-05 4517.0027992738997 OK 14 13 0.92629899999999998 1.0667800000000001 0.33982499999999999 0.57053500000000001 0.43420999999999998 0 0.35576399999999997 0.63257000000000008 0.33982499999999999 0.013095000000000001 0.014333 0.012237 0.30021999999999976 0.57402500000000001 0.28769899999999998 0.0091850000000000005 0.0095809999999999992 0.0082850000000000007 0.0015670000000000003 0.0016919999999999997 0.0014780000000000001 4517.0412066255049 4517.0412066255049 4517.0412066255049 0.30084095964941115 0.30084095964941115 0.30084095964941115 1 1 1 Converged Converged Converged OK OK OK 159 159 159 159 159 159 9 9 9 0 0 0 0 1 0 0 1
98 98 linear 0 15 980 2 0.0001 1.0626741756827263 0.00025165138054775307 0.00030391719795672671 0.00019685391832045576 -0.00021760615713969645 0.00021535322602216956 0.5 5.2002916818390244e-05 4346.7305944081427 OK 14 13 0.90231899999999998 1.019201 0.34559000000000001 0.54988199999999998 0.41003200000000001 0 0.352437 0.60916900000000007 0.34559000000000001 0.012735 0.013133000000000001 0.01191 0.30139499999999997 0.55590400000000018 0.29025100000000009 0.0079850000000000008 0.0090889999999999999 0.013869000000000001 0.001511 0.0015390000000000002 0.0015499999999999999 4346.7500336088833 4346.7500336088833 4346.7500336088833 0.22654242701312283 0.22654242701312283 0.22654242701312283 1 1 1 Converged Converged Converged OK OK OK 159 159 159 159 159 159 9 9 9 0 0 0 0 1 0 0 1
98 98 linear 0 23 980 3 0.0001 1.0626741756827263 0.00025165138054775307 0.00030391719795672671 0.00019685391832045576 -0.00021760615713969645 0.00025763735791180112 0.5 9.7187849287586861e-06 4091.4357387777809 OK 14 13 0.85551100000000002 0.95248999999999995 0.346613 0.50173900000000005 0.36000300000000002 0 0.35377199999999998 0.59248699999999999 0.346613 0.012355 0.01244 0.012744 0.29788500000000018 0.54021099999999989 0.29631999999999997 0.0085369999999999994 0.0091920000000000005 0.0080350000000000005 0.001519 0.0015470000000000002 0.0015009999999999999 4091.4647806281887 4091.4647806281887 4091.4647806281887 0.18308331845120793 0.18308331845120793 0.18308331845120793 1 1 1 Converged Converged Converged OK OK OK 159 159 159 159 159 159 9 9 9 0 0 0 0 1 0 0 1
98 98 linear 1 0 981 0 0.001 1.0626741756827263 0.00025165138054775307 0.00030391719795672671 -0.12251642866597956 -0.017805836663515921 -0.1225772121055709 0.5 0.12284456824841146 12.556943392984159 OK 14 13 0.65190199999999998 0.64969600000000005 0.174204 0.47436400000000001 0.47461199999999998 0 0.17753799999999997 0.17508400000000007 0.174204 0.011868 0.011963 0.011571 0.13170000000000004 0.12916899999999998 0.12852999999999998 0.0047019999999999996 0.004535 0.0047229999999999998 0.0011670000000000001 0.0012149999999999999 0.001219 12.556962325446904 12.556962325446904 12.556962325446904 0.007230320190176295 0.007230320190176295 0.007230320190176295 1 1 1 Converged Converged Converged OK OK OK 98 98 98 98 98 98 6 6 6 0 0 0 0 0 1 0 0
98 98 linear 1 7 981 1 0.001 1.0626741756827263 0.00025165138054775307 0.00030391719795672671 -0.12251642866597956 -0.017805836663515921 -0.12254021349016747 0.5 0.12280756963300803 12.623754306224502 OK 14 13 0.70546699999999996 0.66039099999999995 0.16188 0.53950100000000001 0.39030500000000001 0 0.16596599999999995 0.27008599999999994 0.16188 0.011089999999999999 0.011103 0.010447 0.128632 0.23256299999999999 0.12562099999999993 0.004548 0.0045690000000000001 0.0045280000000000008 0.001145 0.0011879999999999998 0.0011030000000000002 12.623755333735286 12.623755333735286 12.623755333735286 0.0072885415622163698 0.0072885415622163698 0.0072885415622163698 1 1 1 Converged Converged Converged OK OK OK 98 98 98 98 98 98 6 6 6 0 0 0 0 1 0 0 1
98 98 linear 1 15 981 2 0.001 1.0626741756827263 0.00025165138054775307 0.00030391719795672671 -0.12251642866597956 -0.017805836663515921 -0.12249792935827784 0.5 0.1227652855011184 12.622481942857805 OK 14 13 0.51719499999999996 0.47328300000000001 0.16164400000000001 0.35452299999999998 0.209397 0 0.16267199999999998 0.26388600000000001 0.16164400000000001 0.010938 0.010879 0.010324 0.12461899999999998 0.22636499999999998 0.12548000000000001 0.0048719999999999996 0.0046819999999999995 0.0045960000000000003 0.0012180000000000001 0.0011380000000000001 0.001157 12.622486699131684 12.622486699131684 12.622486699131684 0.0076356566883149547 0.0076356566883149547 0.0076356566883149547 1 1 1 Converged Converged Converged OK OK OK 98 98 98 98 98 98 6 6 6 0 0 0 0 1 0 0 1
98 98 linear 1 23 981 3 0.001 1.0626741756827263 0.00025165138054775307 0.00030391719795672671 -0.12251642866597956 -0.017805836663515921 -0.12245564522638822 0.5 0.12272300136922877 12.524320746275905 OK 14 13 0.649115 0.61564300000000005 0.16192500000000001 0.48187600000000003 0.33482400000000001 0 0.16723899999999997 0.28081900000000004 0.16192500000000001 0.011062000000000001 0.011254 0.010316000000000001 0.128992 0.24185600000000007 0.12588300000000002 0.0048960000000000002 0.0053179999999999998 0.0045079999999999999 0.001292 0.001253 0.001201 12.524332333313723 12.524332333313723 12.524332333313723 0.008183631977280106 0.008183631977280106 0.008183631977280106 1 1 1 Converged Converged Converged OK OK OK 98 98 98 98 98 98 6 6 6 0 0 0 0 1 0 0 1
98 98 linear 1 0 981 0 0.0001 1.0626741756827263 0.00025165138054775307 0.00030391719795672671 -0.12251642866597956 -0.017805836663515921 -0.1225772121055709 0.5 0.12284456824841146 12.556943392984159 OK 14 13 0.68091000000000002 0.67760399999999998 0.19928100000000001 0.47710599999999997 0.47644799999999998 0 0.20380400000000004 0.201156 0.19928100000000001 0.011795 0.012066 0.011557 0.15119900000000006 0.14813000000000012 0.14757099999999992 0.0054020000000000006 0.0055799999999999999 0.0052719999999999998 0.0013470000000000001 0.0013879999999999999 0.001358 12.556962328703626 12.556962328703626 12.556962328703626 0.0012262353057968455 0.0012262353057968455 0.0012262353057968455 1 1 1 Converged Converged Converged OK OK OK 114 114 114 114 114 114 6 6 6 0 0 0 0 0 1 0 0
98 98 linear 1 7 981 1 0.0001 1.0626741756827263 0.00025165138054775307 0.00030391719795672671 -0.12251642866597956 -0.017805836663515921 -0.12254021349016747 0.5 0.12280756963300803 12.623754306224502 OK 14 13 0.76383599999999996 0.74040300000000003 0.21232999999999999 0.54613699999999998 0.39055800000000002 0 0.21769899999999998 0.34984500000000002 0.21232999999999999 0.011179 0.011152 0.010373 0.16835800000000001 0.30012800000000006 0.16459200000000002 0.0062740000000000009 0.0064390000000000003 0.0062129999999999989 0.001519 0.001467 0.0014000000000000002 12.623755337447843 12.623755337447843 12.623755337447843 0.0005947813270597937 0.0005947813270597937 0.0005947813270597937 1 1 1 Converged Converged Converged OK OK OK 130 130 130 130 130 130 6 6 6 0 0 0 0 1 0 0 1
98 98 linear 1 15 981 2 0.0001 1.0626741756827263 0.00025165138054775307 0.00030391719795672671 -0.12251642866597956 -0.017805836663515921 -0.12249792935827784 0.5 0.1227652855011184 12.622481942857805 OK 14 13 0.57133 0.55944799999999995 0.20715800000000001 0.36015599999999998 0.209205 0 0.21117400000000003 0.35024299999999997 0.20715800000000001 0.010921999999999999 0.010861000000000001 0.010397 0.16401399999999999 0.30310699999999985 0.16075499999999998 0.0062350000000000001 0.0061710000000000003 0.006241 0.0015190000000000002 0.0014940000000000001 0.001567 12.622486702860499 12.622486702860499 12.622486702860499 0.00092796346845638053 0.00092796346845638053 0.00092796346845638053 1 1 1 Converged Converged Converged OK OK OK 130 130 130 130 130 130 6 6 6 0 0 0 0 1 0 0 1
98 98 linear 1 23 981 3 0.0001 1.0626741756827263 0.00025165138054775307 0.00030391719795672671 -0.12251642866597956 -0.017805836663515921 -0.12245564522638822 0.5 0.12272300136922877 12.524320746275905 OK 14 13 0.723997 0.72537399999999996 0.23358799999999999 0.47834300000000002 0.333957 0 0.24565399999999998 0.39141699999999996 0.23358799999999999 0.010869999999999999 0.010858 0.010244 0.18706599999999993 0.33849099999999988 0.18250800000000003 0.007561 0.0073730000000000002 0.0070400000000000011 0.0017260000000000001 0.001593 0.0016000000000000001 12.524332512408089 12.524332512408089 12.524332512408089 0.00068873056819080867 0.00068873056819080867 0.00068873056819080867 1 1 1 Converged Converged Converged OK OK OK 146 146 146 146 146 146 6 6 6 0 0 0 0 1 0 0 1
98 98 linear 2 0 982 0 0.001 1.0626741756827263 0.00025165138054775307 0.00030391719795672671 0.0012731721534091328 0.00077321386025924462 0.0012123887138177874 0.5 -0.00094503257097722768 502.65426109230805 OK 13 12 0.60986499999999999 0.60002699999999998 0.14007900000000001 0.46167799999999998 0.45964300000000002 0 0.14818700000000001 0.14038399999999995 0.14007900000000001 0.012522 0.01278 0.012585000000000001 0.11072499999999996 0.10302099999999997 0.10254099999999999 0.0035040000000000002 0.0035190000000000004 0.0036480000000000002 0.00074600000000000003 0.00080000000000000004 0.00078799999999999996 502.65581029803673 502.65581029803673 502.65581029803673 0.072649190136186495 0.072649190136186495 0.072649190136186495 1 1 1 Converged Converged Converged OK OK OK 68 68 68 68 68 68 4 4 4 0 0 0 0 0 1 0 0
98 98 linear 2 7 982 1 0.001 1.0626741756827263 0.00025165138054775307 0.00030391719795672671 0.0012731721534091328 0.00077321386025924462 0.001249387329221215 0.5 -0.00098203118638065523 456.52904564454474 OK 13 12 0.60962700000000003 0.56703499999999996 0.13364400000000001 0.47214699999999998 0.32826300000000003 0 0.13748000000000005 0.23877199999999993 0.13364400000000001 0.011667 0.011917000000000001 0.011155999999999999 0.10480299999999999 0.20533299999999999 0.10200499999999998 0.0034459999999999998 0.0037609999999999996 0.0034939999999999997 0.00073099999999999999 0.0007629999999999999 0.00073499999999999987 456.52737304623565 456.52737304623565 456.52737304623565 0.052953723057228064 0.052953723057228064 0.052953723057228064 1 1 1 Converged Converged Converged OK OK OK 68 68 68 68 68 68 4 4 4 0 0 0 0 1 0 0 1
98 98 linear 2 15 982 2 0.001 1.0626741756827263 0.00025165138054775307 0.00030391719795672671 0.0012731721534091328 0.00077321386025924462 0.0012916714611108466 0.5 -0.0010243153182702869 408.56367578804986 OK 13 12 0.67004900000000001 0.63375000000000004 0.13608100000000001 0.53040699999999996 0.38544899999999999 0 0.13964200000000004 0.24830100000000005 0.13608100000000001 0.011856 0.011821 0.011277000000000001 0.10671299999999999 0.21493099999999998 0.10407599999999999 0.0035659999999999997 0.0036669999999999997 0.0035599999999999998 0.00080699999999999999 0.00079999999999999993 0.00077900000000000007 408.56301574555386 408.56301574555386 408.56301574555386 0.038955720126189204 0.038955720126189204 0.038955720126189204 1 1 1 Converged Converged Converged OK OK OK 68 68 68 68 68 68 4 4 4 0 0 0 0 1 0 0 1
98 98 linear 2 23 982 3 0.001 1.0626741756827263 0.00025165138054775307 0.00030391719795672671 0.0012731721534091328 0.00077321386025924462 0.0013339555930004781 0.5 -0.0010665994501599183 371.7265615475759 OK 12 11 0.60041699999999998 0.53940399999999999 0.100309 0.496666 0.35592800000000002 0 0.10375099999999998 0.18347599999999997 0.100309 0.0088620000000000001 0.0088970000000000004 0.0084659999999999996 0.078040999999999958 0.15785599999999997 0.075706000000000009 0.002807 0.0028179999999999998 0.002666 0.00062700000000000006 0.00063900000000000003 0.00066600000000000003 371.7263690299776 371.7263690299776 371.7263690299776 0.021470837293896067 0.021470837293896067 0.021470837293896067 1 1 1 Converged Converged Converged OK OK OK 53 53 53 53 53 53 3 3 3 0 0 0 0 1 0 0 1
98 98 linear 2 0 982 0 0.0001 1.0626741756827263 0.00025165138054775307 0.00030391719795672671 0.0012731721534091328 0.00077321386025924462 0.0012123887138177874 0.5 -0.00094503257097722768 502.65426109230805 OK 13 12 0.63275899999999996 0.62897000000000003 0.17072000000000001 0.45883400000000002 0.45751999999999998 0 0.17392499999999994 0.17145000000000005 0.17072000000000001 0.012499 0.012818 0.012373 0.13022900000000001 0.12756899999999999 0.12727299999999997 0.004529 0.0047259999999999993 0.004666 0.00088000000000000003 0.00097100000000000007 0.00089599999999999999 502.65581613891203 502.65581613891203 502.65581613891203 0.021533280766416633 0.021533280766416633 0.021533280766416633 1 1 1 Converged Converged Converged OK OK OK 84 84 84 84 84 84 4 4 4 0 0 0 0 0 1 0 0
98 98 linear 2 7 982 1 0.0001 1.0626741756827263 0.00025165138054775307 0.00030391719795672671 0.0012731721534091328 0.00077321386025924462 0.001249387329221215 0.5 -0.00098203118638065523 456.52904564454474 OK 13 12 0.64094099999999998 0.64001399999999997 0.163771 0.47178199999999998 0.32417400000000002 0 0.169159 0.31583999999999995 0.163771 0.011919000000000001 0.011901999999999999 0.011235 0.13030799999999998 0.276951 0.12662900000000005 0.004849 0.0047330000000000002 0.00462 0.00093499999999999985 0.00091600000000000015 0.00087299999999999997 456.52737453992472 456.52737453992472 456.52737453992472 0.021510993936406261 0.021510993936406261 0.021510993936406261 1 1 1 Converged Converged Converged OK OK OK 84 84 84 84 84 84 4 4 4 0 0 0 0 1 0 0 1
98 98 linear 2 15 982 2 0.0001 1.0626741756827263 0.00025165138054775307 0.00030391719795672671 0.0012731721534091328 0.00077321386025924462 0.0012916714611108466 0.5 -0.0010243153182702869 408.56367578804986 OK 13 12 0.66768700000000003 0.63544 0.13634199999999999 0.52732500000000004 0.381689 0 0.14036199999999999 0.253751 0.13634199999999999 0.011851 0.011934999999999999 0.011225000000000001 0.107137 0.22003399999999995 0.10437699999999996 0.0035929999999999998 0.003771 0.0034519999999999998 0.00081800000000000004 0.00085399999999999994 0.00077300000000000003 408.56301574555386 408.56301574555386 408.56301574555386 0.038955720126189204 0.038955720126189204 0.038955720126189204 1 1 1 Converged Converged Converged OK OK OK 68 68 68 68 68 68 4 4 4 0 0 0 0 1 0 0 1
98 98 linear 2 23 982 3 0.0001 1.0626741756827263 0.00025165138054775307 0.00030391719795672671 0.0012731721534091328 0.00077321386025924462 0.0013339555930004781 0.5 -0.0010665994501599183 371.7265615475759 OK 12 11 0.60416999999999998 0.54069500000000004 0.100665 0.49424499999999999 0.35650300000000001 0 0.10992499999999999 0.18419200000000002 0.100665 0.0089090000000000003 0.0089320000000000007 0.0084810000000000007 0.083829999999999974 0.15824600000000003 0.076022000000000006 0.002977 0.002954 0.002774 0.00066300000000000007 0.00064400000000000004 0.00061700000000000004 371.7263690299776 371.7263690299776 371.7263690299776 0.021470837293896067 0.021470837293896067 0.021470837293896067 1 1 1 Converged Converged Converged OK OK OK 53 53 53 53 53 53 3 3 3 0 0 0 0 1 0 0 1
98 98 linear 3 0 983 0 0.001 1.0626741756827263 0.00025165138054775307 0.00030391719795672671 -0.12220984082906422 -0.020282398531412449 -0.12227062426865556 0.5 0.12253798041149612 8.8379612670530356 OK 13 12 0.497892 0.49095299999999997 0.119684 0.37329099999999998 0.36914799999999998 0 0.12460100000000002 0.121805 0.119684 0.024612999999999999 0.023521 0.021911 0.077664999999999998 0.076330999999999982 0.075794000000000014 0.0033170000000000005 0.0032779999999999997 0.0033829999999999997 0.000687 0.00069399999999999996 0.00070500000000000011 8.8379561272484946 8.8379561272484946 8.8379561272484946 0.0075590307800521587 0.0075590307800521587 0.0075590307800521587 1 1 1 Converged Converged Converged OK OK OK 61 61 61 61 61 61 3 3 3 0 0 0 0 0 1 0 0
98 98 linear 3 7 983 1 0.001 1.0626741756827263 0.00025165138054775307 0.00030391719795672671 -0.12220984082906422 -0.020282398531412449 -0.12223362565325213 0.5 0.12250098179609269 8.8963231017205082 OK 13 12 0.57318000000000002 0.53693199999999996 0.11611399999999999 0.451853 0.30949199999999999 0 0.12132700000000002 0.22743999999999998 0.11611399999999999 0.022908000000000001 0.022450000000000001 0.020132000000000001 0.078859999999999986 0.18527400000000008 0.076860999999999985 0.003326 0.0034770000000000001 0.0033569999999999997 0.00078399999999999997 0.00077099999999999998 0.0007629999999999999 8.8963178622831407 8.8963178622831407 8.8963178622831407 0.0076308278846522184 0.0076308278846522184 0.0076308278846522184 1 1 1 Converged Converged Converged OK OK OK 61 61 61 61 61 61 3 3 3 0 0 0 0 1 0 0 1
98 98 linear 3 15 983 2 0.001 1.0626741756827263 0.00025165138054775307 0.00030391719795672671 -0.12220984082906422 -0.020282398531412449 -0.1221913415213625 0.5 0.12245869766420306 8.974312052961416 OK 13 12 0.677983 0.63263599999999998 0.112886 0.55945100000000003 0.40660000000000002 0 0.11853199999999997 0.22603599999999996 0.112886 0.022468999999999999 0.022253999999999999 0.019323 0.076577000000000006 0.18412399999999998 0.074730000000000033 0.003284 0.0033320000000000003 0.0031709999999999998 0.00077099999999999998 0.00068400000000000004 0.00068199999999999999 8.9743066222503511 8.9743066222503511 8.9743066222503511 0.0077227540632109296 0.0077227540632109296 0.0077227540632109296 1 1 1 Converged Converged Converged OK OK OK 61 61 61 61 61 61 3 3 3 0 0 0 0 1 0 0 1
98 98 linear 3 23 983 3 0.001 1.0626741756827263 0.00025165138054775307 0.00030391719795672671 -0.12220984082906422 -0.020282398531412449 -0.12214905738947288 0.5 0.12241641353231343 9.0689675773784781 OK 13 12 0.44485999999999998 0.40276600000000001 0.112527 0.32675799999999999 0.18240200000000001 0 0.11810199999999998 0.220364 0.112527 0.023035 0.023477999999999999 0.020072 0.075602000000000003 0.17674500000000001 0.073819999999999983 0.0033860000000000001 0.0036159999999999999 0.0031640000000000001 0.00068599999999999998 0.00076099999999999996 0.00068900000000000005 9.0689618765614064 9.0689618765614064 9.0689618765614064 0.0078302226650984897 0.0078302226650984897 0.0078302226650984897 1 1 1 Converged Converged Converged OK OK OK 61 61 61 61 61 61 3 3 3 0 0 0 0 1 0 0 1
98 98 linear 3 0 983 0 0.0001 1.0626741756827263 0.00025165138054775307 0.00030391719795672671 -0.12220984082906422 -0.020282398531412449 -0.12227062426865556 0.5 0.12253798041149612 8.8379612670530356 OK 13 12 0.54701900000000003 0.54311100000000001 0.173877 0.37041099999999999 0.367732 0 0.17660800000000004 0.17537900000000001 0.173877 0.022862 0.022966 0.021580999999999999 0.11960400000000003 0.11841200000000003 0.11860599999999995 0.0049360000000000003 0.0049450000000000006 0.0048960000000000002 0.00093000000000000005 0.0009189999999999999 0.00090200000000000013 8.8379561344987962 8.8379561344987962 8.8379561344987962 3.1908814127243332e-08 3.1908814127243332e-08 3.1908814127243332e-08 1 1 1 Converged Converged Converged OK OK OK 93 93 93 93 93 93 3 3 3 0 0 0 0 0 1 0 0
98 98 linear 3 7 983 1 0.0001 1.0626741756827263 0.00025165138054775307 0.00030391719795672671 -0.12220984082906422 -0.020282398531412449 -0.12223362565325213 0.5 0.12250098179609269 8.8963231017205082 OK 13 12 0.62100900000000003 0.61951299999999998 0.16451199999999999 0.45093299999999997 0.30454300000000001 0 0.17007600000000006 0.31496999999999997 0.16451199999999999 0.021878999999999999 0.022506000000000002 0.019996 0.118883 0.26330600000000004 0.11574299999999997 0.0049229999999999994 0.0048739999999999999 0.0049649999999999998 0.00095700000000000006 0.00096299999999999999 0.00099400000000000009 8.8963178711186668 8.8963178711186668 8.8963178711186668 3.3865332646127041e-08 3.3865332646127041e-08 3.3865332646127041e-08 1 1 1 Converged Converged Converged OK OK OK 93 93 93 93 93 93 3 3 3 0 0 0 0 1 0 0 1
98 98 linear 3 15 983 2 0.0001 1.0626741756827263 0.00025165138054775307 0.00030391719795672671 -0.12220984082906422 -0.020282398531412449 -0.1221913415213625 0.5 0.12245869766420306 8.974312052961416 OK 13 12 0.72420799999999996 0.71903899999999998 0.162103 0.55676199999999998 0.41623599999999999 0 0.16744599999999998 0.30280299999999999 0.162103 0.021958999999999999 0.022291999999999999 0.019470000000000001 0.11651700000000002 0.25100800000000006 0.11413699999999996 0.0048830000000000002 0.0049510000000000005 0.0048899999999999994 0.00089599999999999988 0.00095200000000000005 0.00089999999999999998 8.9743066334398875 8.9743066334398875 8.9743066334398875 3.4603234685222408e-08 3.4603234685222408e-08 3.4603234685222408e-08 1 1 1 Converged Converged Converged OK OK OK 93 93 93 93 93 93 3 3 3 0 0 0 0 1 0 0 1
98 98 linear 3 23 983 3 0.0001 1.0626741756827263 0.00025165138054775307 0.00030391719795672671 -0.12220984082906422 -0.020282398531412449 -0.12214905738947288 0.5 0.12241641353231343 9.0689675773784781 OK 13 12 0.49146299999999998 0.488201 0.16437099999999999 0.32470300000000002 0.18592400000000001 0 0.16675999999999996 0.30227700000000002 0.16437099999999999 0.022787000000000002 0.024038 0.020112999999999999 0.11462200000000002 0.24864299999999986 0.11571700000000001 0.0049890000000000004 0.0051970000000000002 0.0049240000000000004 0.00098800000000000016 0.00098400000000000007 0.00093400000000000004 9.0689618895379365 9.0689618895379365 9.0689618895379365 3.7934284612047398e-08 3.7934284612047398e-08 3.7934284612047398e-08 1 1 1 Converged Converged Converged OK OK OK 93 93 93 93 93 93 3 3 3 0 0 0 0 1 0 0 1
98 98 linear 4 0 984 0 0.001 1.0626741756827263 0.00025165138054775307 0.00030391719795672671 -0.12785923096275201 0.011870292104927805 -0.12792001440234335 0.5 0.12818737054518392 10.23930364026358 OK 15 14 0.54511900000000002 0.54427199999999998 0.18284300000000001 0.35819600000000001 0.36003400000000002 0 0.18692300000000001 0.18423799999999996 0.18284300000000001 0.014618000000000001 0.014609 0.014052 0.13139500000000001 0.12855000000000003 0.12820100000000001 0.0054470000000000005 0.005607 0.0054879999999999998 0.0012130000000000001 0.0012120000000000002 0.001194 10.239297576475705 10.239297576475705 10.239297576475705 0.0056209086466507208 0.0056209086466507208 0.0056209086466507208 1 1 1 Converged Converged Converged OK OK OK 107 107 107 107 107 107 5 5 5 0 0 0 0 0 1 0 0
98 98 linear 4 7 984 1 0.001 1.0626741756827263 0.00025165138054775307 0.00030391719795672671 -0.12785923096275201 0.011870292104927805 -0.12788301578693992 0.5 0.12815037192978049 10.186466853842996 OK 15 14 0.50182199999999999 0.48943399999999998 0.17433499999999999 0.32228499999999999 0.16980500000000001 0 0.179537 0.31962899999999994 0.17433499999999999 0.013528999999999999 0.013795 0.012913000000000001 0.13245499999999996 0.27213200000000004 0.12871200000000002 0.0056779999999999999 0.0057439999999999991 0.0055230000000000001 0.001305 0.0013059999999999999 0.0012780000000000003 10.186460709022072 10.186460709022072 10.186460709022072 0.0054839154218815278 0.0054839154218815278 0.0054839154218815278 1 1 1 Converged Converged Converged OK OK OK 107 107 107 107 107 107 5 5 5 0 0 0 0 1 0 0 1
98 98 linear 4 15 984 2 0.001 1.0626741756827263 0.00025165138054775307 0.00030391719795672671 -0.12785923096275201 0.011870292104927805 -0.1278407316550503 0.5 0.12810808779789087 10.130377835359539 OK 15 14 0.527003 0.51717900000000006 0.178616 0.34811700000000001 0.19430800000000001 0 0.17888599999999999 0.32287100000000002 0.178616 0.013747000000000001 0.013752 0.012848 0.13125299999999998 0.27572600000000014 0.13295400000000004 0.0058250000000000003 0.0057549999999999988 0.0056709999999999998 0.0012459999999999999 0.0011959999999999998 0.0011559999999999999 10.130372008415971 10.130372008415971 10.130372008415971 0.005339322353268683 0.005339322353268683 0.005339322353268683 1 1 1 Converged Converged Converged OK OK OK 107 107 107 107 107 107 5 5 5 0 0 0 0 1 0 0 1
98 98 linear 4 23 984 3 0.001 1.0626741756827263 0.00025165138054775307 0.00030391719795672671 -0.12785923096275201 0.011870292104927805 -0.12779844752316066 0.5 0.12806580366600123 10.078339429309318 OK 15 14 0.51938399999999996 0.49144900000000002 0.174815 0.34291300000000002 0.18959699999999999 0 0.17647099999999993 0.30185200000000001 0.174815 0.013539000000000001 0.013620999999999999 0.012734000000000001 0.12946400000000005 0.25463599999999997 0.12965100000000002 0.0056959999999999997 0.0056989999999999992 0.0054660000000000004 0.001325 0.001323 0.0012949999999999999 10.078333485226295 10.078333485226295 10.078333485226295 0.0052059910060664382 0.0052059910060664382 0.0052059910060664382 1 1 1 Converged Converged Converged OK OK OK 107 107 107 107 107 107 5 5 5 0 0 0 0 1 0 0 1
98 98 linear 4 0 984 0 0.0001 1.0626741756827263 0.00025165138054775307 0.00030391719795672671 -0.12785923096275201 0.011870292104927805 -0.12792001440234335 0.5 0.12818737054518392 10.23930364026358 OK 15 14 0.60557000000000005 0.60343599999999997 0.238812 0.36146099999999998 0.36002699999999999 0 0.24410900000000008 0.24340899999999999 0.238812 0.014522 0.014602 0.01401 0.17512300000000003 0.17427099999999998 0.17059899999999995 0.0072060000000000015 0.0072900000000000005 0.007193999999999999 0.001475 0.0015049999999999998 0.0015009999999999999 10.239297599616515 10.239297599616515 10.239297599616515 0.00018381703932309076 0.00018381703932309076 0.00018381703932309076 1 1 1 Converged Converged Converged OK OK OK 139 139 139 139 139 139 5 5 5 0 0 0 0 0 1 0 0
98 98 linear 4 7 984 1 0.0001 1.0626741756827263 0.00025165138054775307 0.00030391719795672671 -0.12785923096275201 0.011870292104927805 -0.12788301578693992 0.5 0.12815037192978049 10.186466853842996 OK 15 14 0.55260799999999999 0.56584299999999998 0.22634099999999999 0.318687 0.17207900000000001 0 0.23392099999999999 0.393764 0.22634099999999999 0.01362 0.015167999999999999 0.012862999999999999 0.17614400000000005 0.33466200000000002 0.17077300000000001 0.0077970000000000001 0.0077100000000000007 0.0074390000000000012 0.0015640000000000001 0.0016429999999999999 0.00157 10.186460730568921 10.186460730568921 10.186460730568921 0.00018447519554282718 0.00018447519554282718 0.00018447519554282718 1 1 1 Converged Converged Converged OK OK OK 139 139 139 139 139 139 5 5 5 0 0 0 0 1 0 0 1
98 98 linear 4 15 984 2 0.0001 1.0626741756827263 0.00025165138054775307 0.00030391719795672671 -0.12785923096275201 0.011870292104927805 -0.1278407316550503 0.5 0.12810808779789087 10.130377835359539 OK 15 14 0.58237000000000005 0.58948699999999998 0.226933 0.34832400000000002 0.19598299999999999 0 0.23404600000000003 0.39350399999999996 0.226933 0.013731999999999999 0.013802 0.012801 0.17656300000000011 0.33609899999999993 0.17155099999999993 0.0075910000000000014 0.0075649999999999997 0.0073099999999999997 0.001487 0.001503 0.0014759999999999997 10.130372028297241 10.130372028297241 10.130372028297241 0.00018523464316840969 0.00018523464316840969 0.00018523464316840969 1 1 1 Converged Converged Converged OK OK OK 139 139 139 139 139 139 5 5 5 0 0 0 0 1 0 0 1
98 98 linear 4 23 984 3 0.0001 1.0626741756827263 0.00025165138054775307 0.00030391719795672671 -0.12785923096275201 0.011870292104927805 -0.12779844752316066 0.5 0.12806580366600123 10.078339429309318 OK 15 14 0.57500399999999996 0.55673799999999996 0.22386700000000001 0.33676099999999998 0.183284 0 0.23824299999999998 0.37345399999999995 0.22386700000000001 0.013549 0.013766 0.01274 0.18141999999999997 0.31184400000000001 0.16864200000000007 0.0074089999999999998 0.012032999999999999 0.0073039999999999997 0.001586 0.0015739999999999997 0.0015460000000000003 10.078333503595532 10.078333503595532 10.078333503595532 0.00018600118952473243 0.00018600118952473243 0.00018600118952473243 1 1 1 Converged Converged Converged OK OK OK 139 139 139 139 139 139 5 5 5 0 0 0 0 1 0 0 1
98 98 uniform 0 0 985 0 0.001 1.0626741756827263 0.00025165138054775307 0.00030391719795672671 0.00019685391832045576 -0.00021760615713969645 0.00013607047872911041 0 0.0001312856641114494 4507.5240279713835 OK 15 14 0.81816999999999995 0.81739600000000001 0.245392 0.57106100000000004 0.56647000000000003 0 0.24710899999999991 0.25092599999999998 0.245392 0.014215 0.01461 0.014014 0.19462099999999996 0.19834000000000002 0.19326100000000004 0.0064139999999999996 0.0062630000000000003 0.0062390000000000015 0.001065 0.001075 0.0010440000000000002 4507.5280339841538 4507.5280339841538 4507.5280339841538 2.0338922328959246 2.0338922328959246 2.0338922328959246 1 1 1 Converged Converged Converged OK OK OK 127 127 127 127 127 127 9 9 9 0 0 0 0 0 1 0 0
98 98 uniform 0 7 985 1 0.001 1.0626741756827263 0.00025165138054775307 0.00030391719795672671 0.00019685391832045576 -0.00021760615713969645 0.00017306909413253803 0 9.4287048708021774e-05 4439.1850768061986 OK 14 13 0.81102300000000005 0.87433000000000005 0.236317 0.57211800000000002 0.423211 0 0.23890500000000003 0.45111900000000005 0.236317 0.016681999999999999 0.013044999999999999 0.012097999999999999 0.19383700000000001 0.40856700000000007 0.19667000000000004 0.0062270000000000008 0.0065979999999999997 0.0058869999999999999 0.00096099999999999994 0.00097800000000000014 0.00093199999999999999 4439.1893135386772 4439.1893135386772 4439.1893135386772 2.000420529287799 2.000420529287799 2.000420529287799 1 1 1 Converged Converged Converged OK OK OK 127 127 127 127 127 127 9 9 9 0 0 0 0 1 0 0 1
98 98 uniform 0 15 985 2 0.001 1.0626741756827263 0.00025165138054775307 0.00030391719795672671 0.00019685391832045576 -0.00021760615713969645 0.00021535322602216956 0 5.2002916818390244e-05 4297.9980680963426 OK 14 13 0.79016699999999995 0.85511300000000001 0.234433 0.54857400000000001 0.40078399999999997 0 0.24159299999999995 0.45432900000000004 0.234433 0.012815999999999999 0.012818 0.012001 0.20060600000000003 0.41160099999999994 0.19547200000000006 0.0060599999999999994 0.0066690000000000004 0.0056540000000000002 0.0010379999999999999 0.0010840000000000001 0.00096999999999999994 4298.0024214902924 4298.0024214902924 4298.0024214902924 2.0062021159257557 2.0062021159257557 2.0062021159257557 1 1 1 Converged Converged Converged OK OK OK 127 127 127 127 127 127 9 9 9 0 0 0 0 1 0 0 1
98 98 uniform 0 23 985 3 0.001 1.0626741756827263 0.00025165138054775307 0.00030391719795672671 0.00019685391832045576 -0.00021760615713969645 0.00025763735791180112 0 9.7187849287586861e-06 4089.4440862381284 OK 14 13 0.73878100000000002 0.78985799999999995 0.234102 0.49918600000000002 0.36152200000000001 0 0.239595 0.42833599999999994 0.234102 0.012237 0.012393 0.011518 0.19983800000000007 0.38699099999999992 0.19564300000000004 0.0058849999999999996 0.0063499999999999997 0.0057949999999999998 0.00093800000000000003 0.001062 0.00095299999999999996 4089.448716920776 4089.448716920776 4089.448716920776 2.034382954363001 2.034382954363001 2.034382954363001 1 1 1 Converged Converged Converged OK OK OK 127 127 127 127 127 127 9 9 9 0 0 0 0 1 0 0 1
98 98 uniform 0 0 985 0 0.0001 1.0626741756827263 0.00025165138054775307 0.00030391719795672671 0.00019685391832045576 -0.00021760615713969645 0.00013607047872911041 0 0.0001312856641114494 4507.5240279713835 OK 15 14 0.84573799999999999 0.83607299999999996 0.268289 0.56788799999999995 0.56726500000000002 0 0.27785000000000004 0.26880799999999994 0.268289 0.014234999999999999 0.014548 0.014106 0.21508500000000008 0.208121 0.20812999999999993 0.0083219999999999995 0.0069350000000000002 0.007402999999999999 0.0015639999999999999 0.001359 0.0013979999999999999 4507.5251259132256 4507.5251259132256 4507.5251259132256 0.31216156097622866 0.31216156097622866 0.31216156097622866 1 1 1 Converged Converged Converged OK OK OK 143 143 143 143 143 143 9 9 9 0 0 0 0 0 1 0 0
98 98 uniform 0 7 985 1 0.0001 1.0626741756827263 0.00025165138054775307 0.00030391719795672671 0.00019685391832045576 -0.00021760615713969645 0.00017306909413253803 0 9.4287048708021774e-05 4439.1850768061986 OK 14 13 0.82849300000000003 0.90055099999999999 0.25076199999999998 0.56818900000000006 0.41936299999999999 0 0.26030399999999998 0.481188 0.25076199999999998 0.013122 0.012753 0.012518 0.21306599999999995 0.43534800000000007 0.2063289999999999 0.007737 0.0070039999999999989 0.0068040000000000002 0.0013050000000000002 0.001276 0.001302 4439.1864028181262 4439.1864028181262 4439.1864028181262 0.2788054578514651 0.2788054578514651 0.2788054578514651 1 1 1 Converged Converged Converged OK OK OK 143 143 143 143 143 143 9 9 9 0 0 0 0 1 0 0 1
98 98 uniform 0 15 985 2 0.0001 1.0626741756827263 0.00025165138054775307 0.00030391719795672671 0.00019685391832045576 -0.00021760615713969645 0.00021535322602216956 0 5.2002916818390244e-05 4297.9980680963426 OK 14 13 0.80684 0.88278800000000002 0.25376599999999999 0.54865200000000003 0.40709699999999999 0 0.25818799999999997 0.47569100000000003 0.25376599999999999 0.012880000000000001 0.012812 0.011998999999999999 0.21173100000000011 0.42990800000000035 0.21019900000000016 0.0074129999999999995 0.0067659999999999994 0.0066680000000000003 0.001438 0.0012590000000000001 0.0013090000000000001 4297.9995077445101 4297.9995077445101 4297.9995077445101 0.28474244520867836 0.28474244520867836 0.28474244520867836 1 1 1 Converged Converged Converged OK OK OK 143 143 143 143 143 143 9 9 9 0 0 0 0 1 0 0 1
98 98 uniform 0 23 985 3 0.0001 1.0626741756827263 0.00025165138054775307 0.00030391719795672671 0.00019685391832045576 -0.00021760615713969645 0.00025763735791180112 0 9.7187849287586861e-06 4089.4440862381284 OK 14 13 0.75905800000000001 0.81684199999999996 0.25268699999999999 0.50480700000000001 0.362987 0 0.254251 0.45385499999999995 0.25268699999999999 0.01222 0.012321 0.011480000000000001 0.21009300000000003 0.40902900000000014 0.21008600000000002 0.0067789999999999986 0.0067380000000000001 0.0066410000000000002 0.0012669999999999999 0.001232 0.001237 4089.4458001529874 4089.4458001529874 4089.4458001529874 0.31310351719994495 0.31310351719994495 0.31310351719994495 1 1 1 Converged Converged Converged OK OK OK 143 143 143 143 143 143 9 9 9 0 0 0 0 1 0 0 1
98 98 uniform 1 0 986 0 0.001 1.0626741756827263 0.00025165138054775307 0.00030391719795672671 -0.12251642866597956 -0.017805836663515921 -0.1225772121055709 0 0.12284456824841146 12.426735928797525 OK 14 13 0.60767499999999997 0.60541500000000004 0.13425899999999999 0.47281899999999999 0.47431099999999998 0 0.13485599999999998 0.13110400000000005 0.13425899999999999 0.011929 0.011808000000000001 0.011566 0.091896000000000005 0.09218999999999998 0.095197000000000018 0.0034420000000000006 0.0033849999999999996 0.0035099999999999997 0.00090900000000000009 0.00089200000000000021 0.00094300000000000004 12.42673582877118 12.42673582877118 12.42673582877118 0.0032480629162074349 0.0032480629162074349 0.0032480629162074349 1 1 1 Converged Converged Converged OK OK OK 82 82 82 82 82 82 6 6 6 0 0 0 0 0 1 0 0
98 98 uniform 1 7 986 1 0.001 1.0626741756827263 0.00025165138054775307 0.00030391719795672671 -0.12251642866597956 -0.017805836663515921 -0.12254021349016747 0 0.12280756963300803 12.523048030519359 OK 14 13 0.65597499999999997 0.57808099999999996 0.12120599999999999 0.53421300000000005 0.38966800000000001 0 0.12176199999999993 0.18841299999999994 0.12120599999999999 0.010924 0.010925000000000001 0.010371999999999999 0.090118999999999977 0.15680299999999994 0.090503 0.0033419999999999999 0.0034430000000000003 0.0033419999999999999 0.00088600000000000007 0.00090200000000000002 0.00089499999999999996 12.523048123504674 12.523048123504674 12.523048123504674 0.0034546749229178238 0.0034546749229178238 0.0034546749229178238 1 1 1 Converged Converged Converged OK OK OK 82 82 82 82 82 82 6 6 6 0 0 0 0 1 0 0 1
98 98 uniform 1 15 986 2 0.001 1.0626741756827263 0.00025165138054775307 0.00030391719795672671 -0.12251642866597956 -0.017805836663515921 -0.12249792935827784 0 0.1227652855011184 12.572337232010574 OK 14 13 0.47463499999999997 0.39191599999999999 0.116991 0.35605799999999999 0.210646 0 0.11857699999999999 0.18126999999999999 0.116991 0.010798 0.010859000000000001 0.010289 0.086872000000000005 0.149673 0.086633999999999989 0.0034869999999999996 0.0035339999999999998 0.0032669999999999999 0.00088599999999999996 0.00088699999999999988 0.00088199999999999997 12.572337446827678 12.572337446827678 12.572337446827678 0.0038578294834617204 0.0038578294834617204 0.0038578294834617204 1 1 1 Converged Converged Converged OK OK OK 82 82 82 82 82 82 6 6 6 0 0 0 0 1 0 0 1
98 98 uniform 1 23 986 3 0.001 1.0626741756827263 0.00025165138054775307 0.00030391719795672671 -0.12251642866597956 -0.017805836663515921 -0.12245564522638822 0 0.12272300136922877 12.538676309136868 OK 14 13 0.59829100000000002 0.53417199999999998 0.119613 0.477099 0.336005 0 0.12119200000000002 0.19816699999999998 0.119613 0.011011999999999999 0.010923 0.010279 0.089481999999999992 0.1665009999999999 0.089290000000000022 0.0033969999999999998 0.0034219999999999997 0.0032710000000000005 0.00090299999999999994 0.0009059999999999999 0.00090899999999999987 12.538677495872449 12.538677495872449 12.538677495872449 0.0045712228948211631 0.0045712228948211631 0.0045712228948211631 1 1 1 Converged Converged Converged OK OK OK 82 82 82 82 82 82 6 6 6 0 0 0 0 1 0 0 1
98 98 uniform 1 0 986 0 0.0001 1.0626741756827263 0.00025165138054775307 0.00030391719795672671 -0.12251642866597956 -0.017805836663515921 -0.1225772121055709 0 0.12284456824841146 12.426735928797525 OK 14 13 0.64709000000000005 0.65110599999999996 0.17046900000000001 0.47087299999999999 0.47690500000000002 0 0.17621700000000007 0.17420099999999994 0.17046900000000001 0.011861 0.012012 0.011323 0.12452900000000004 0.12106899999999997 0.11981800000000004 0.0050769999999999999 0.0057650000000000002 0.0050629999999999998 0.001217 0.001289 0.001168 12.426735828829441 12.426735828829441 12.426735828829441 0.00050275682594621695 0.00050275682594621695 0.00050275682594621695 1 1 1 Converged Converged Converged OK OK OK 114 114 114 114 114 114 6 6 6 0 0 0 0 0 1 0 0
98 98 uniform 1 7 986 1 0.0001 1.0626741756827263 0.00025165138054775307 0.00030391719795672671 -0.12251642866597956 -0.017805836663515921 -0.12254021349016747 0 0.12280756963300803 12.523048030519359 OK 14 13 0.69468600000000003 0.71085799999999999 0.157587 0.53543499999999999 0.401615 0 0.15925100000000003 0.30924299999999999 0.157587 0.010956 0.012141000000000001 0.010338999999999999 0.11767600000000003 0.25878700000000004 0.11710200000000001 0.0051110000000000001 0.0053600000000000002 0.0049840000000000006 0.0011949999999999999 0.0012899999999999999 0.001132 12.523048123561896 12.523048123561896 12.523048123561896 0.00070854690776820869 0.00070854690776820869 0.00070854690776820869 1 1 1 Converged Converged Converged OK OK OK 114 114 114 114 114 114 6 6 6 0 0 0 0 1 0 0 1
98 98 uniform 1 15 986 2 0.0001 1.0626741756827263 0.00025165138054775307 0.00030391719795672671 -0.12251642866597956 -0.017805836663515921 -0.12249792935827784 0 0.1227652855011184 12.572337232010574 OK 14 13 0.50803299999999996 0.49447200000000002 0.15220500000000001 0.35422100000000001 0.212619 0 0.15381199999999995 0.28185300000000002 0.15220500000000001 0.01098 0.010954 0.010255999999999999 0.11286599999999999 0.23992100000000002 0.11218100000000004 0.0050660000000000002 0.005241 0.0050229999999999997 0.001155 0.001163 0.001134 12.572337446883946 12.572337446883946 12.572337446883946 0.001110761530828032 0.001110761530828032 0.001110761530828032 1 1 1 Converged Converged Converged OK OK OK 114 114 114 114 114 114 6 6 6 0 0 0 0 1 0 0 1
98 98 uniform 1 23 986 3 0.0001 1.0626741756827263 0.00025165138054775307 0.00030391719795672671 -0.12251642866597956 -0.017805836663515921 -0.12245564522638822 0 0.12272300136922877 12.538676309136868 OK 14 13 0.65857200000000005 0.65651899999999996 0.175233 0.48120400000000002 0.33485399999999998 0 0.17736800000000003 0.32166499999999998 0.175233 0.010800000000000001 0.011075 0.010291 0.13059300000000004 0.27420100000000003 0.13027699999999992 0.0059669999999999992 0.0062550000000000001 0.005788999999999999 0.001302 0.0013109999999999999 0.0012589999999999999 12.538677779138023 12.538677779138023 12.538677779138023 0.0007748953035407128 0.0007748953035407128 0.0007748953035407128 1 1 1 Converged Converged Converged OK OK OK 130 130 130 130 130 130 6 6 6 0 0 0 0 1 0 0 1
98 98 uniform 2 0 987 0 0.001 1.0626741756827263 0.00025165138054775307 0.00030391719795672671 0.0012731721534091328 0.00077321386025924462 0.0012123887138177874 0 -0.00094503257097722768 525.71770844423543 OK 13 12 0.56165500000000002 0.56476999999999999 0.10681499999999999 0.45621099999999998 0.46094200000000002 0 0.10544400000000004 0.10382799999999998 0.10681499999999999 0.013051 0.012751999999999999 0.012276 0.072581999999999994 0.072238000000000011 0.076011000000000009 0.0026929999999999996 0.0026419999999999998 0.0025009999999999998 0.00068800000000000003 0.00064800000000000003 0.00067999999999999994 525.7177986049744 525.7177986049744 525.7177986049744 0.46160350947990741 0.46160350947990741 0.46160350947990741 1 1 1 Converged Converged Converged OK OK OK 52 52 52 52 52 52 4 4 4 0 0 0 0 0 1 0 0
98 98 uniform 2 7 987 1 0.001 1.0626741756827263 0.00025165138054775307 0.00030391719795672671 0.0012731721534091328 0.00077321386025924462 0.001249387329221215 0 -0.00098203118638065523 475.11524909351436 OK 13 12 0.57509500000000002 0.51461100000000004 0.100075 0.47539300000000001 0.32601599999999997 0 0.099702000000000013 0.18859500000000007 0.100075 0.011797999999999999 0.013217 0.011538 0.071739000000000025 0.15307600000000005 0.072946000000000011 0.002568 0.003669 0.0024870000000000001 0.00062 0.00075600000000000005 0.00061300000000000005 475.11533756858591 475.11533756858591 475.11533756858591 0.44071590765648716 0.44071590765648716 0.44071590765648716 1 1 1 Converged Converged Converged OK OK OK 52 52 52 52 52 52 4 4 4 0 0 0 0 1 0 0 1
98 98 uniform 2 15 987 2 0.001 1.0626741756827263 0.00025165138054775307 0.00030391719795672671 0.0012731721534091328 0.00077321386025924462 0.0012916714611108466 0 -0.0010243153182702869 419.24705165878567 OK 13 12 0.649366 0.61924599999999996 0.119439 0.525644 0.38531300000000002 0 0.123722 0.23393299999999995 0.119439 0.011882 0.011892 0.011220000000000001 0.089950999999999975 0.19944600000000004 0.087084999999999982 0.0033699999999999997 0.0036050000000000001 0.0032659999999999998 0.00075000000000000002 0.00081799999999999993 0.00076899999999999994 419.24706856431095 419.24706856431095 419.24706856431095 0.019377989886421504 0.019377989886421504 0.019377989886421504 1 1 1 Converged Converged Converged OK OK OK 68 68 68 68 68 68 4 4 4 0 0 0 0 1 0 0 1
98 98 uniform 2 23 987 3 0.001 1.0626741756827263 0.00025165138054775307 0.00030391719795672671 0.0012731721534091328 0.00077321386025924462 0.0013339555930004781 0 -0.0010665994501599183 371.89600333893759 OK 12 11 0.58410300000000004 0.53107400000000005 0.089396000000000003 0.49272300000000002 0.35779499999999997 0 0.091380000000000017 0.17327900000000007 0.089396000000000003 0.0088299999999999993 0.0089709999999999998 0.008319 0.065680000000000002 0.14726499999999998 0.065208000000000002 0.0027490000000000001 0.002807 0.0025279999999999999 0.00065200000000000002 0.00066999999999999991 0.00061300000000000005 371.89602881137449 371.89602881137449 371.89602881137449 0.012610458780195869 0.012610458780195869 0.012610458780195869 1 1 1 Converged Converged Converged OK OK OK 53 53 53 53 53 53 3 3 3 0 0 0 0 1 0 0 1
98 98 uniform 2 0 987 0 0.0001 1.0626741756827263 0.00025165138054775307 0.00030391719795672671 0.0012731721534091328 0.00077321386025924462 0.0012123887138177874 0 -0.00094503257097722768 525.71770844423543 OK 13 12 0.58710899999999999 0.58005600000000002 0.123233 0.461482 0.455399 0 0.12562699999999999 0.12465700000000002 0.123233 0.012605999999999999 0.012732 0.012357 0.08782700000000003 0.087783999999999973 0.086987999999999996 0.0037130000000000002 0.003307 0.0033709999999999999 0.00081499999999999997 0.00072800000000000002 0.00076699999999999989 525.71772972135113 525.71772972135113 525.71772972135113 0.042375737061463616 0.042375737061463616 0.042375737061463616 1 1 1 Converged Converged Converged OK OK OK 68 68 68 68 68 68 4 4 4 0 0 0 0 0 1 0 0
98 98 uniform 2 7 987 1 0.0001 1.0626741756827263 0.00025165138054775307 0.00030391719795672671 0.0012731721534091328 0.00077321386025924462 0.001249387329221215 0 -0.00098203118638065523 475.11524909351436 OK 13 12 0.59312200000000004 0.54892600000000003 0.118176 0.46970200000000001 0.327681 0 0.12342000000000003 0.22124500000000002 0.118176 0.015594999999999999 0.011915 0.011185 0.086867999999999973 0.18825500000000001 0.08647299999999998 0.003372 0.0034390000000000002 0.0033370000000000001 0.00073099999999999999 0.00073200000000000012 0.00071600000000000006 475.1152698655867 475.1152698655867 475.1152698655867 0.028707472607084616 0.028707472607084616 0.028707472607084616 1 1 1 Converged Converged Converged OK OK OK 68 68 68 68 68 68 4 4 4 0 0 0 0 1 0 0 1
98 98 uniform 2 15 987 2 0.0001 1.0626741756827263 0.00025165138054775307 0.00030391719795672671 0.0012731721534091328 0.00077321386025924462 0.0012916714611108466 0 -0.0010243153182702869 419.24705165878567 OK 13 12 0.64765399999999995 0.61101899999999998 0.118422 0.52702899999999997 0.37976500000000002 0 0.12062499999999998 0.23125399999999996 0.118422 0.011781 0.011875 0.011183999999999999 0.087348999999999996 0.19784800000000002 0.086855000000000016 0.0034450000000000001 0.0034190000000000002 0.0032550000000000001 0.00085599999999999999 0.00082600000000000002 0.00081499999999999997 419.24706856431095 419.24706856431095 419.24706856431095 0.019377989886421504 0.019377989886421504 0.019377989886421504 1 1 1 Converged Converged Converged OK OK OK 68 68 68 68 68 68 4 4 4 0 0 0 0 1 0 0 1
98 98 uniform 2 23 987 3 0.0001 1.0626741756827263 0.00025165138054775307 0.00030391719795672671 0.0012731721534091328 0.00077321386025924462 0.0013339555930004781 0 -0.0010665994501599183 371.89600333893759 OK 12 11 0.58781700000000003 0.52969299999999997 0.089527999999999996 0.49669400000000002 0.35643799999999998 0 0.09112300000000001 0.17325499999999999 0.089527999999999996 0.0088459999999999997 0.0090779999999999993 0.0083660000000000002 0.065548999999999982 0.14718599999999998 0.065146999999999997 0.0026689999999999999 0.0027300000000000002 0.002591 0.00067199999999999996 0.00069899999999999997 0.00065899999999999997 371.89602881137449 371.89602881137449 371.89602881137449 0.012610458780195869 0.012610458780195869 0.012610458780195869 1 1 1 Converged Converged Converged OK OK OK 53 53 53 53 53 53 3 3 3 0 0 0 0 1 0 0 1
98 98 uniform 3 0 988 0 0.001 1.0626741756827263 0.00025165138054775307 0.00030391719795672671 -0.12220984082906422 -0.020282398531412449 -0.12227062426865556 0 0.12253798041149612 8.8419468937997134 OK 13 12 0.45588899999999999 0.45168799999999998 0.083264000000000005 0.371114 0.36688900000000002 0 0.084774999999999989 0.084798999999999958 0.083264000000000005 0.022720000000000001 0.023203000000000001 0.021870000000000001 0.045955000000000003 0.045794999999999982 0.045488000000000001 0.0021930000000000001 0.0022409999999999999 0.0021789999999999999 0.00058 0.00054300000000000008 0.00056400000000000005 8.8419468454827133 8.8419468454827133 8.8419468454827133 0.0029938601716400174 0.0029938601716400174 0.0029938601716400174 1 1 1 Converged Converged Converged OK OK OK 45 45 45 45 45 45 3 3 3 0 0 0 0 0 1 0 0
98 98 uniform 3 7 988 1 0.001 1.0626741756827263 0.00025165138054775307 0.00030391719795672671 -0.12220984082906422 -0.020282398531412449 -0.12223362565325213 0 0.12250098179609269 8.9012781596113815 OK 13 12 0.54290300000000002 0.46083600000000002 0.081476000000000007 0.45712199999999997 0.30828699999999998 0 0.085781000000000052 0.15254900000000005 0.081476000000000007 0.022749999999999999 0.022096999999999999 0.019791 0.048830999999999986 0.11614800000000002 0.048101999999999999 0.0022399999999999998 0.0022780000000000001 0.0021579999999999998 0.00057200000000000003 0.00056300000000000002 0.00054500000000000002 8.9012781103588292 8.9012781103588292 8.9012781103588292 0.0030122746831209388 0.0030122746831209388 0.0030122746831209388 1 1 1 Converged Converged Converged OK OK OK 45 45 45 45 45 45 3 3 3 0 0 0 0 1 0 0 1
98 98 uniform 3 15 988 2 0.001 1.0626741756827263 0.00025165138054775307 0.00030391719795672671 -0.12220984082906422 -0.020282398531412449 -0.1221913415213625 0 0.12245869766420306 8.9808598993187623 OK 13 12 0.63813299999999995 0.55376999999999998 0.078395999999999993 0.55497200000000002 0.40707900000000002 0 0.083160999999999929 0.14669099999999996 0.078395999999999993 0.022720000000000001 0.022283000000000001 0.019354 0.046155999999999996 0.11047899999999998 0.045500999999999993 0.002271 0.0023380000000000002 0.0021410000000000001 0.000562 0.00055600000000000007 0.00053700000000000004 8.980859847601117 8.980859847601117 8.980859847601117 0.0030347417548322068 0.0030347417548322068 0.0030347417548322068 1 1 1 Converged Converged Converged OK OK OK 45 45 45 45 45 45 3 3 3 0 0 0 0 1 0 0 1
98 98 uniform 3 23 988 3 0.001 1.0626741756827263 0.00025165138054775307 0.00030391719795672671 -0.12220984082906422 -0.020282398531412449 -0.12214905738947288 0 0.12241641353231343 9.0780049737195352 OK 13 12 0.41526999999999997 0.32956000000000002 0.079449000000000006 0.330903 0.18431800000000001 0 0.08436699999999997 0.14524200000000001 0.079449000000000006 0.023126000000000001 0.023324000000000001 0.019543000000000001 0.046933000000000009 0.10799200000000002 0.046408999999999999 0.0023509999999999998 0.0022539999999999999 0.00214 0.00061199999999999991 0.00054200000000000006 0.00054199999999999995 9.0780049179204703 9.0780049179204703 9.0780049179204703 0.0030560701378888181 0.0030560701378888181 0.0030560701378888181 1 1 1 Converged Converged Converged OK OK OK 45 45 45 45 45 45 3 3 3 0 0 0 0 1 0 0 1
98 98 uniform 3 0 988 0 0.0001 1.0626741756827263 0.00025165138054775307 0.00030391719795672671 -0.12220984082906422 -0.020282398531412449 -0.12227062426865556 0 0.12253798041149612 8.8419468937997134 OK 13 12 0.49547200000000002 0.49438500000000002 0.121535 0.36712299999999998 0.37032399999999999 0 0.12834900000000005 0.12406100000000003 0.121535 0.023390999999999999 0.023494000000000001 0.021947000000000001 0.076923999999999979 0.073160000000000017 0.07235399999999996 0.0039350000000000001 0.0038880000000000004 0.0038419999999999999 0.00079400000000000011 0.00079199999999999995 0.00078599999999999991 8.8419468455333714 8.8419468455333714 8.8419468455333714 0.00023024529596075551 0.00023024529596075551 0.00023024529596075551 1 1 1 Converged Converged Converged OK OK OK 77 77 77 77 77 77 3 3 3 0 0 0 0 0 1 0 0
98 98 uniform 3 7 988 1 0.0001 1.0626741756827263 0.00025165138054775307 0.00030391719795672671 -0.12220984082906422 -0.020282398531412449 -0.12223362565325213 0 0.12250098179609269 8.9012781596113815 OK 13 12 0.57455400000000001 0.56046600000000002 0.11679100000000001 0.45480300000000001 0.30530499999999999 0 0.119751 0.25516100000000003 0.11679100000000001 0.021644 0.022179000000000001 0.019498000000000001 0.074413000000000007 0.20895799999999995 0.074046000000000001 0.0039020000000000001 0.004006 0.0037949999999999998 0.00077700000000000002 0.00080499999999999994 0.00077299999999999992 8.901278110407711 8.901278110407711 8.901278110407711 0.00024783993109669288 0.00024783993109669288 0.00024783993109669288 1 1 1 Converged Converged Converged OK OK OK 77 77 77 77 77 77 3 3 3 0 0 0 0 1 0 0 1
98 98 uniform 3 15 988 2 0.0001 1.0626741756827263 0.00025165138054775307 0.00030391719795672671 -0.12220984082906422 -0.020282398531412449 -0.1221913415213625 0 0.12245869766420306 8.9808598993187623 OK 13 12 0.67506500000000003 0.65848799999999996 0.118684 0.555423 0.41136 0 0.11964200000000003 0.24712799999999996 0.118684 0.022327 0.022123 0.020539999999999999 0.073230999999999991 0.20079799999999998 0.074420000000000014 0.0039119999999999997 0.004032 0.0039150000000000001 0.00081100000000000009 0.00084800000000000012 0.00076899999999999994 8.9808598476508266 8.9808598476508266 8.9808598476508266 0.00026936941773697814 0.00026936941773697814 0.00026936941773697814 1 1 1 Converged Converged Converged OK OK OK 77 77 77 77 77 77 3 3 3 0 0 0 0 1 0 0 1
98 98 uniform 3 23 988 3 0.0001 1.0626741756827263 0.00025165138054775307 0.00030391719795672671 -0.12220984082906422 -0.020282398531412449 -0.12214905738947288 0 0.12241641353231343 9.0780049737195352 OK 13 12 0.44245699999999999 0.42820999999999998 0.113442 0.325125 0.183367 0 0.11733199999999999 0.24484299999999998 0.113442 0.022682999999999998 0.022998999999999999 0.019701 0.070874999999999994 0.19791400000000009 0.070724999999999982 0.0037810000000000001 0.0039259999999999998 0.0037920000000000002 0.00078699999999999994 0.00080400000000000003 0.0007580000000000001 9.078004917970766 9.078004917970766 9.078004917970766 0.00028975958637585678 0.00028975958637585678 0.00028975958637585678 1 1 1 Converged Converged Converged OK OK OK 77 77 77 77 77 77 3 3 3 0 0 0 0 1 0 0 1
98 98 uniform 4 0 989 0 0.001 1.0626741756827263 0.00025165138054775307 0.00030391719795672671 -0.12785923096275201 0.011870292104927805 -0.12792001440234335 0 0.12818737054518392 10.246229104948053 OK 15 14 0.48279499999999997 0.48239199999999999 0.129327 0.358626 0.35865399999999997 0 0.12416899999999997 0.12373800000000001 0.129327 0.014459 0.014305 0.013774 0.081174999999999997 0.08120899999999999 0.087591000000000002 0.003673 0.0037089999999999996 0.0036489999999999999 0.00091700000000000006 0.00088800000000000001 0.00090399999999999996 10.246229035982642 10.246229035982642 10.246229035982642 0.0040276139265675547 0.0040276139265675547 0.0040276139265675547 1 1 1 Converged Converged Converged OK OK OK 75 75 75 75 75 75 5 5 5 0 0 0 0 0 1 0 0
98 98 uniform 4 7 989 1 0.001 1.0626741756827263 0.00025165138054775307 0.00030391719795672671 -0.12785923096275201 0.011870292104927805 -0.12788301578693992 0 0.12815037192978049 10.192669112945486 OK 15 14 0.44084699999999999 0.37592799999999998 0.115259 0.32337100000000002 0.16563600000000001 0 0.11747599999999997 0.21029199999999998 0.115259 0.013479 0.013414000000000001 0.012819000000000001 0.080695000000000003 0.17376399999999995 0.080057999999999963 0.0036710000000000002 0.0037060000000000001 0.0036380000000000002 0.00087699999999999996 0.00089199999999999989 0.00088400000000000002 10.1926690460585 10.1926690460585 10.1926690460585 0.0039690707430944903 0.0039690707430944903 0.0039690707430944903 1 1 1 Converged Converged Converged OK OK OK 75 75 75 75 75 75 5 5 5 0 0 0 0 1 0 0 1
98 98 uniform 4 15 989 2 0.001 1.0626741756827263 0.00025165138054775307 0.00030391719795672671 -0.12785923096275201 0.011870292104927805 -0.1278407316550503 0 0.12810808779789087 10.135879560668375 OK 15 14 0.46137400000000001 0.39250099999999999 0.114665 0.34453600000000001 0.194964 0 0.116838 0.19753699999999999 0.114665 0.013675 0.013479 0.012789 0.080335000000000004 0.16120899999999999 0.079689999999999955 0.0035820000000000001 0.0037940000000000005 0.0035620000000000001 0.00088699999999999998 0.00088100000000000006 0.00090300000000000005 10.135879494637452 10.135879494637452 10.135879494637452 0.0039095541614000357 0.0039095541614000357 0.0039095541614000357 1 1 1 Converged Converged Converged OK OK OK 75 75 75 75 75 75 5 5 5 0 0 0 0 1 0 0 1
98 98 uniform 4 23 989 3 0.001 1.0626741756827263 0.00025165138054775307 0.00030391719795672671 -0.12785923096275201 0.011870292104927805 -0.12779844752316066 0 0.12806580366600123 10.08324786465894 OK 15 14 0.45746900000000001 0.37590299999999999 0.113577 0.34243000000000001 0.18544099999999999 0 0.115039 0.19046199999999999 0.113577 0.013367 0.013599 0.012675000000000001 0.078999999999999987 0.15428800000000006 0.078796999999999992 0.0036229999999999999 0.003637 0.0035849999999999996 0.00088900000000000003 0.00089599999999999988 0.00087300000000000008 10.083247799369815 10.083247799369815 10.083247799369815 0.0038566368275527885 0.0038566368275527885 0.0038566368275527885 1 1 1 Converged Converged Converged OK OK OK 75 75 75 75 75 75 5 5 5 0 0 0 0 1 0 0 1
98 98 uniform 4 0 989 0 0.0001 1.0626741756827263 0.00025165138054775307 0.00030391719795672671 -0.12785923096275201 0.011870292104927805 -0.12792001440234335 0 0.12818737054518392 10.246229104948053 OK 15 14 0.56926299999999996 0.54760600000000004 0.18227299999999999 0.37975799999999998 0.359263 0 0.18950499999999998 0.18834300000000004 0.18227299999999999 0.015755000000000002 0.020098999999999999 0.014010999999999999 0.12483999999999998 0.12127599999999997 0.120923 0.0062939999999999992 0.0061329999999999987 0.0062199999999999998 0.0013060000000000001 0.001276 0.0012859999999999998 10.246229032150033 10.246229032150033 10.246229032150033 0.00056989257764803326 0.00056989257764803326 0.00056989257764803326 1 1 1 Converged Converged Converged OK OK OK 123 123 123 123 123 123 5 5 5 0 0 0 0 0 1 0 0
98 98 uniform 4 7 989 1 0.0001 1.0626741756827263 0.00025165138054775307 0.00030391719795672671 -0.12785923096275201 0.011870292104927805 -0.12788301578693992 0 0.12815037192978049 10.192669112945486 OK 15 14 0.50875700000000001 0.48749300000000001 0.17544899999999999 0.33067299999999999 0.16605300000000001 0 0.17808400000000002 0.32144 0.17544899999999999 0.014924 0.013642 0.012806 0.12447399999999996 0.27013399999999987 0.125136 0.0064260000000000003 0.006306 0.0063140000000000002 0.0012899999999999999 0.001263 0.0012460000000000001 10.192669042673304 10.192669042673304 10.192669042673304 0.00055006039210845096 0.00055006039210845096 0.00055006039210845096 1 1 1 Converged Converged Converged OK OK OK 123 123 123 123 123 123 5 5 5 0 0 0 0 1 0 0 1
98 98 uniform 4 15 989 2 0.0001 1.0626741756827263 0.00025165138054775307 0.00030391719795672671 -0.12785923096275201 0.011870292104927805 -0.1278407316550503 0 0.12810808779789087 10.135879560668375 OK 15 14 0.53049500000000005 0.52898400000000001 0.17738999999999999 0.34695399999999998 0.19423799999999999 0 0.18354100000000007 0.33474599999999999 0.17738999999999999 0.013416000000000001 0.01357 0.014187 0.131214 0.28340000000000015 0.12545599999999996 0.0064019999999999997 0.0063660000000000001 0.0062379999999999996 0.001307 0.0012739999999999997 0.0013010000000000001 10.135879491675913 10.135879491675913 10.135879491675913 0.00052923194270940188 0.00052923194270940188 0.00052923194270940188 1 1 1 Converged Converged Converged OK OK OK 123 123 123 123 123 123 5 5 5 0 0 0 0 1 0 0 1
98 98 uniform 4 23 989 3 0.0001 1.0626741756827263 0.00025165138054775307 0.00030391719795672671 -0.12785923096275201 0.011870292104927805 -0.12779844752316066 0 0.12806580366600123 10.08324786465894 OK 15 14 0.50821700000000003 0.494284 0.17618500000000001 0.33796300000000001 0.18750600000000001 0 0.17025400000000002 0.306778 0.17618500000000001 0.013457999999999999 0.013616 0.014045 0.11963599999999999 0.25464500000000007 0.12456100000000005 0.0060860000000000003 0.0065709999999999996 0.0061009999999999997 0.0012619999999999999 0.0013320000000000003 0.001286 10.083247796761587 10.083247796761587 10.083247796761587 0.00051012752449303123 0.00051012752449303123 0.00051012752449303123 1 1 1 Converged Converged Converged OK OK OK 123 123 123 123 123 123 5 5 5 0 0 0 0 1 0 0 1
99 99 linear 0 0 990 0 0.001 1.2406262529145762 0.18504006347890556 0.0012431031280619432 0.14837323234520314 -0.00092524917636329078 0.14812461171959074 0.5 0.045595050313587709 210.42787248492863 OK 17 16 0.90940399999999999 0.92350500000000002 0.27074199999999998 0.631193 0.65113399999999999 0 0.27821099999999999 0.27237100000000003 0.27074199999999998 0.016899999999999998 0.016348999999999999 0.015716999999999998 0.21644399999999997 0.21163200000000001 0.21081699999999998 0.0055629999999999994 0.0053829999999999998 0.0052840000000000005 0.0013359999999999999 0.0013409999999999997 0.001279 210.42832108511277 210.42832108511277 210.42832108511277 0.10361257787110612 0.10361257787110612 0.10361257787110612 1 1 1 Converged Converged Converged OK OK OK 118 118 118 118 118 118 10 10 10 0 0 0 0 0 1 0 0
99 99 linear 0 7 990 1 0.001 1.2406262529145762 0.18504006347890556 0.0012431031280619432 0.14837323234520314 -0.00092524917636329078 0.14827594601344177 0.5 0.04544371601973668 209.37259604164129 OK 17 16 0.78353300000000004 0.80622099999999997 0.25553300000000001 0.51561199999999996 0.40756500000000001 0 0.26792100000000008 0.39865599999999995 0.25553300000000001 0.015219 0.014966999999999999 0.014326999999999999 0.22161899999999995 0.35270099999999999 0.21124999999999991 0.0054060000000000002 0.0053210000000000011 0.0050880000000000005 0.0013819999999999998 0.001372 0.0013419999999999999 209.37247821675879 209.37247821675879 209.37247821675879 0.10026966771116741 0.10026966771116741 0.10026966771116741 1 1 1 Converged Converged Converged OK OK OK 118 118 118 118 118 118 10 10 10 0 0 0 0 1 0 0 1
99 99 linear 0 15 990 2 0.001 1.2406262529145762 0.18504006347890556 0.0012431031280619432 0.14837323234520314 -0.00092524917636329078 0.14844889949212864 0.5 0.045270762541049808 207.86357395229788 OK 17 16 0.88232900000000003 0.89547699999999997 0.25689800000000002 0.61807900000000005 0.50155099999999997 0 0.26424999999999998 0.393926 0.25689800000000002 0.01516 0.015067000000000001 0.014338999999999999 0.21831999999999996 0.34781200000000001 0.21230599999999986 0.0053159999999999987 0.0054559999999999999 0.0052799999999999991 0.0014669999999999998 0.0014450000000000001 0.0013920000000000002 207.86420578338397 207.86420578338397 207.86420578338397 0.097472166470061322 0.097472166470061322 0.097472166470061322 1 1 1 Converged Converged Converged OK OK OK 118 118 118 118 118 118 10 10 10 0 0 0 0 1 0 0 1
99 99 linear 0 23 990 3 0.001 1.2406262529145762 0.18504006347890556 0.0012431031280619432 0.14837323234520314 -0.00092524917636329078 0.14862185297081554 0.5 0.045097809062362909 206.0747536278304 OK 17 16 0.77373800000000004 0.77916700000000005 0.25753100000000001 0.50527900000000003 0.39350499999999999 0 0.268459 0.38566200000000006 0.25753100000000001 0.016490000000000001 0.015287 0.014279999999999999 0.22056699999999993 0.33935899999999991 0.21354800000000013 0.0055979999999999997 0.0054640000000000001 0.0051030000000000008 0.001408 0.001407 0.0013139999999999998 206.07442021938257 206.07442021938257 206.07442021938257 0.09624207369591932 0.09624207369591932 0.09624207369591932 1 1 1 Converged Converged Converged OK OK OK 118 118 118 118 118 118 10 10 10 0 0 0 0 1 0 0 1
99 99 linear 0 0 990 0 0.0001 1.2406262529145762 0.18504006347890556 0.0012431031280619432 0.14837323234520314 -0.00092524917636329078 0.14812461171959074 0.5 0.045595050313587709 210.42787248492863 OK 17 16 1.0075130000000001 0.98367899999999997 0.35542000000000001 0.63769799999999999 0.63205999999999996 0 0.36981500000000012 0.35161900000000001 0.35542000000000001 0.017774999999999999 0.016514000000000001 0.015928000000000001 0.279366 0.26769900000000008 0.27218100000000006 0.0088659999999999989 0.0084119999999999993 0.0087140000000000013 0.0021579999999999993 0.0020899999999999998 0.0021029999999999998 210.42856638810656 210.42856638810656 210.42856638810656 0.015511660745261155 0.015511660745261155 0.015511660745261155 1 1 1 Converged Converged Converged OK OK OK 174 174 174 174 174 174 10 10 10 0 0 0 0 0 1 0 0
99 99 linear 0 7 990 1 0.0001 1.2406262529145762 0.18504006347890556 0.0012431031280619432 0.14837323234520314 -0.00092524917636329078 0.14827594601344177 0.5 0.04544371601973668 209.37259604164129 OK 17 16 0.856097 0.98940600000000001 0.32743800000000001 0.51719800000000005 0.41442400000000001 0 0.33889899999999995 0.57498199999999999 0.32743800000000001 0.015134999999999999 0.015406 0.014262 0.27830499999999986 0.51320200000000005 0.268208 0.0082689999999999986 0.0088599999999999981 0.0084950000000000008 0.0021120000000000002 0.0020830000000000002 0.0020960000000000002 209.37272659317506 209.37272659317506 209.37272659317506 0.016147661831231473 0.016147661831231473 0.016147661831231473 1 1 1 Converged Converged Converged OK OK OK 174 174 174 174 174 174 10 10 10 0 0 0 0 1 0 0 1
99 99 linear 0 15 990 2 0.0001 1.2406262529145762 0.18504006347890556 0.0012431031280619432 0.14837323234520314 -0.00092524917636329078 0.14844889949212864 0.5 0.045270762541049808 207.86357395229788 OK 17 16 0.95586700000000002 1.088992 0.33795799999999998 0.61481300000000005 0.50209000000000004 0 0.34105399999999997 0.58690199999999992 0.33795799999999998 0.015004 0.015195 0.014265 0.27907000000000004 0.52409399999999973 0.27168000000000014 0.0082550000000000002 0.0084729999999999996 0.013855000000000003 0.0021509999999999997 0.0021949999999999999 0.0022949999999999997 207.86444932617655 207.86444932617655 207.86444932617655 0.016485575291810956 0.016485575291810956 0.016485575291810956 1 1 1 Converged Converged Converged OK OK OK 174 174 174 174 174 174 10 10 10 0 0 0 0 1 0 0 1
99 99 linear 0 23 990 3 0.0001 1.2406262529145762 0.18504006347890556 0.0012431031280619432 0.14837323234520314 -0.00092524917636329078 0.14862185297081554 0.5 0.045097809062362909 206.0747536278304 OK 17 16 0.83521299999999998 0.97661699999999996 0.34079900000000002 0.49808599999999997 0.39255699999999999 0 0.33712700000000001 0.58406000000000002 0.34079900000000002 0.015236 0.015303000000000001 0.015557 0.27517199999999997 0.52059200000000017 0.27817800000000015 0.008428999999999999 0.0090799999999999995 0.0085880000000000001 0.0020769999999999999 0.002091 0.002124 206.0746648435383 206.0746648435383 206.0746648435383 0.012325359322084877 0.012325359322084877 0.012325359322084877 1 1 1 Converged Converged Converged OK OK OK 174 174 174 174 174 174 10 10 10 0 0 0 0 1 0 0 1
99 99 linear 1 0 991 0 0.001 1.2406262529145762 0.18504006347890556 0.0012431031280619432 0.1527287032763239 0.00054973313904178053 0.1524800826507115 0.5 0.041239579382466945 212.99179073850888 OK 16 15 0.76697099999999996 0.77341899999999997 0.21749299999999999 0.54373000000000005 0.54940100000000003 0 0.22324099999999991 0.22401799999999994 0.21749299999999999 0.010272999999999999 0.010501 0.010208 0.18164500000000008 0.18180800000000005 0.17634500000000003 0.0040929999999999994 0.0042550000000000001 0.0041349999999999998 0.00082800000000000007 0.00089999999999999998 0.00084299999999999989 212.99415983636297 212.99415983636297 212.99415983636297 0.063859956618864039 0.063859956618864039 0.063859956618864039 1 1 1 Converged Converged Converged OK OK OK 89 89 89 89 89 89 7 7 7 0 0 0 0 0 1 0 0
99 99 linear 1 7 991 1 0.001 1.2406262529145762 0.18504006347890556 0.0012431031280619432 0.1527287032763239 0.00054973313904178053 0.15263141694456253 0.5 0.041088245088615916 207.98765996428844 OK 16 15 0.75237600000000004 0.70286199999999999 0.211866 0.533891 0.41606500000000002 0 0.21848500000000004 0.28679699999999997 0.211866 0.0096839999999999999 0.0096520000000000009 0.0090600000000000003 0.18373 0.25220600000000004 0.17868800000000004 0.0042319999999999997 0.0042100000000000002 0.0041229999999999999 0.00085099999999999998 0.00087799999999999998 0.00085599999999999999 207.98809114598762 207.98809114598762 207.98809114598762 0.062897769969575773 0.062897769969575773 0.062897769969575773 1 1 1 Converged Converged Converged OK OK OK 89 89 89 89 89 89 7 7 7 0 0 0 0 1 0 0 1
99 99 linear 1 15 991 2 0.001 1.2406262529145762 0.18504006347890556 0.0012431031280619432 0.1527287032763239 0.00054973313904178053 0.1528043704232494 0.5 0.040915291609929044 202.23434192905077 OK 16 15 0.74458299999999999 0.685554 0.20663699999999999 0.53169999999999995 0.40352399999999999 0 0.21288300000000004 0.28203 0.20663699999999999 0.011036000000000001 0.011169999999999999 0.01051 0.17656899999999998 0.24563300000000005 0.17183000000000009 0.0042339999999999999 0.0042869999999999991 0.004032 0.0009549999999999999 0.00097499999999999996 0.00092900000000000003 202.23547255735943 202.23547255735943 202.23547255735943 0.061792031595689335 0.061792031595689335 0.061792031595689335 1 1 1 Converged Converged Converged OK OK OK 89 89 89 89 89 89 7 7 7 0 0 0 0 1 0 0 1
99 99 linear 1 23 991 3 0.001 1.2406262529145762 0.18504006347890556 0.0012431031280619432 0.1527287032763239 0.00054973313904178053 0.1529773239019363 0.5 0.040742338131242145 196.478461431705 OK 16 15 0.73245199999999999 0.697098 0.205378 0.51958499999999996 0.40983000000000003 0 0.21286700000000003 0.28726799999999997 0.205378 0.0098499999999999994 0.0095910000000000006 0.0089099999999999995 0.17783400000000008 0.25293100000000002 0.17246800000000007 0.0043860000000000001 0.0043530000000000001 0.0040379999999999999 0.00086800000000000006 0.00087299999999999997 0.00083800000000000009 196.47898921200616 196.47898921200616 196.47898921200616 0.060710199912673915 0.060710199912673915 0.060710199912673915 1 1 1 Converged Converged Converged OK OK OK 89 89 89 89 89 89 7 7 7 0 0 0 0 1 0 0 1
99 99 linear 1 0 991 0 0.0001 1.2406262529145762 0.18504006347890556 0.0012431031280619432 0.1527287032763239 0.00054973313904178053 0.1524800826507115 0.5 0.041239579382466945 212.99179073850888 OK 16 15 0.84267000000000003 0.83682999999999996 0.29602200000000001 0.54153099999999998 0.54064400000000001 0 0.30113900000000005 0.29618599999999995 0.29602200000000001 0.010533000000000001 0.010628 0.010181000000000001 0.24281600000000003 0.23800900000000003 0.23955599999999999 0.0069759999999999996 0.0072979999999999998 0.0069610000000000002 0.0011680000000000002 0.001188 0.0011540000000000001 212.99440968537436 212.99440968537436 212.99440968537436 0.012985976367524087 0.012985976367524087 0.012985976367524087 1 1 1 Converged Converged Converged OK OK OK 129 129 129 129 129 129 7 7 7 0 0 0 0 0 1 0 0
99 99 linear 1 7 991 1 0.0001 1.2406262529145762 0.18504006347890556 0.0012431031280619432 0.1527287032763239 0.00054973313904178053 0.15263141694456253 0.5 0.041088245088615916 207.98765996428844 OK 16 15 0.83421699999999999 0.83010799999999996 0.29300500000000002 0.53180799999999995 0.40851300000000001 0 0.30240900000000004 0.42159499999999994 0.29300500000000002 0.0098239999999999994 0.0097420000000000007 0.0088940000000000009 0.25256600000000007 0.37358100000000005 0.24715500000000001 0.0078259999999999996 0.0071299999999999992 0.0069589999999999999 0.0012669999999999999 0.0011929999999999998 0.001175 207.98834004883582 207.98834004883582 207.98834004883582 0.012992784679655509 0.012992784679655509 0.012992784679655509 1 1 1 Converged Converged Converged OK OK OK 129 129 129 129 129 129 7 7 7 0 0 0 0 1 0 0 1
99 99 linear 1 15 991 2 0.0001 1.2406262529145762 0.18504006347890556 0.0012431031280619432 0.1527287032763239 0.00054973313904178053 0.1528043704232494 0.5 0.040915291609929044 202.23434192905077 OK 16 15 0.82369300000000001 0.80901599999999996 0.28156799999999998 0.533192 0.40702899999999997 0 0.29050100000000001 0.40198699999999998 0.28156799999999998 0.011127 0.011271 0.010681 0.24067399999999992 0.35206999999999999 0.23347399999999999 0.0073349999999999995 0.0075329999999999998 0.0070169999999999998 0.0012669999999999999 0.0013110000000000001 0.0012499999999999998 202.23572046085158 202.23572046085158 202.23572046085158 0.012966733176043866 0.012966733176043866 0.012966733176043866 1 1 1 Converged Converged Converged OK OK OK 129 129 129 129 129 129 7 7 7 0 0 0 0 1 0 0 1
99 99 linear 1 23 991 3 0.0001 1.2406262529145762 0.18504006347890556 0.0012431031280619432 0.1527287032763239 0.00054973313904178053 0.1529773239019363 0.5 0.040742338131242145 196.478461431705 OK 16 15 0.809643 0.81903599999999999 0.28184700000000001 0.51830200000000004 0.41359200000000002 0 0.29134099999999996 0.40544399999999997 0.28184700000000001 0.0095680000000000001 0.0097699999999999992 0.0089829999999999997 0.24366700000000002 0.35745300000000002 0.23619399999999996 0.0073769999999999999 0.0074780000000000003 0.0069189999999999998 0.001219 0.001235 0.001183 196.47923620554204 196.47923620554204 196.47923620554204 0.012921510306158132 0.012921510306158132 0.012921510306158132 1 1 1 Converged Converged Converged OK OK OK 129 129 129 129 129 129 7 7 7 0 0 0 0 1 0 0 1
99 99 linear 2 0 992 0 0.001 1.2406262529145762 0.18504006347890556 0.0012431031280619432 -0.68560999465343431 -0.0016789218058288497 -0.68585861527904668 0.5 0.87957827731222515 14.522730466031152 OK 13 12 0.443664 0.44452599999999998 0.087944999999999995 0.35228399999999999 0.35622100000000001 0 0.091380000000000017 0.088304999999999967 0.087944999999999995 0.00894 0.008881 0.0087049999999999992 0.063292999999999988 0.060971999999999998 0.060942999999999997 0.002745 0.0026800000000000001 0.0026389999999999999 0.00057800000000000006 0.00056700000000000001 0.00055199999999999997 14.522663160314204 14.522663160314204 14.522663160314204 0.010502839393080278 0.010502839393080278 0.010502839393080278 1 1 1 Converged Converged Converged OK OK OK 53 53 53 53 53 53 3 3 3 0 0 0 0 0 1 0 0
99 99 linear 2 7 992 1 0.001 1.2406262529145762 0.18504006347890556 0.0012431031280619432 -0.68560999465343431 -0.0016789218058288497 -0.68570728098519562 0.5 0.8794269430183741 14.392235506785406 OK 13 12 0.435006 0.324965 0.082497000000000001 0.34940900000000003 0.216255 0 0.085596999999999979 0.10871 0.082497000000000001 0.0082970000000000006 0.0082909999999999998 0.0077390000000000002 0.060106000000000007 0.083887000000000017 0.058601 0.002947 0.0029169999999999999 0.0027030000000000001 0.00055999999999999995 0.000544 0.00052899999999999996 14.392168182172041 14.392168182172041 14.392168182172041 0.010507401974393397 0.010507401974393397 0.010507401974393397 1 1 1 Converged Converged Converged OK OK OK 53 53 53 53 53 53 3 3 3 0 0 0 0 1 0 0 1
99 99 linear 2 15 992 2 0.001 1.2406262529145762 0.18504006347890556 0.0012431031280619432 -0.68560999465343431 -0.0016789218058288497 -0.68553432750650878 0.5 0.87925398953968725 14.244830924323038 OK 13 12 0.440415 0.32623099999999999 0.082056000000000004 0.35455300000000001 0.219996 0 0.085861999999999994 0.106235 0.082056000000000004 0.0082789999999999999 0.0081639999999999994 0.007672 0.060514000000000012 0.081225999999999993 0.058383999999999991 0.0028479999999999998 0.0028779999999999999 0.0027230000000000002 0.00057300000000000005 0.00056300000000000002 0.00053200000000000003 14.244763544373692 14.244763544373692 14.244763544373692 0.010512617444828084 0.010512617444828084 0.010512617444828084 1 1 1 Converged Converged Converged OK OK OK 53 53 53 53 53 53 3 3 3 0 0 0 0 1 0 0 1
99 99 linear 2 23 992 3 0.001 1.2406262529145762 0.18504006347890556 0.0012431031280619432 -0.68560999465343431 -0.0016789218058288497 -0.68536137402782193 0.5 0.87908103606100041 14.099300574107129 OK 13 12 0.46015899999999998 0.35800999999999999 0.085161000000000001 0.37198999999999999 0.24310799999999999 0 0.088168999999999997 0.114902 0.085161000000000001 0.0080649999999999993 0.0082349999999999993 0.0076210000000000002 0.063368999999999995 0.090186000000000016 0.061627000000000008 0.0026509999999999997 0.0027660000000000002 0.0026360000000000003 0.00060700000000000001 0.00056500000000000007 0.00052900000000000006 14.099233139567447 14.099233139567447 14.099233139567447 0.01051783434386293 0.01051783434386293 0.01051783434386293 1 1 1 Converged Converged Converged OK OK OK 53 53 53 53 53 53 3 3 3 0 0 0 0 1 0 0 1
99 99 linear 2 0 992 0 0.0001 1.2406262529145762 0.18504006347890556 0.0012431031280619432 -0.68560999465343431 -0.0016789218058288497 -0.68585861527904668 0.5 0.87957827731222515 14.522730466031152 OK 13 12 0.450353 0.45135999999999998 0.096418000000000004 0.35171000000000002 0.35138399999999997 0 0.098642999999999981 0.099976000000000009 0.096418000000000004 0.0089289999999999994 0.0088909999999999996 0.0087299999999999999 0.067803999999999975 0.069525000000000017 0.066242999999999996 0.0030510000000000003 0.0031440000000000001 0.003124 0.00069700000000000003 0.00073300000000000004 0.00068199999999999999 14.522722393342685 14.522722393342685 14.522722393342685 0.000487181843802665 0.000487181843802665 0.000487181843802665 1 1 1 Converged Converged Converged OK OK OK 61 61 61 61 61 61 3 3 3 0 0 0 0 0 1 0 0
99 99 linear 2 7 992 1 0.0001 1.2406262529145762 0.18504006347890556 0.0012431031280619432 -0.68560999465343431 -0.0016789218058288497 -0.68570728098519562 0.5 0.8794269430183741 14.392235506785406 OK 13 12 0.44101600000000002 0.34263700000000002 0.090574000000000002 0.34715200000000002 0.21540000000000001 0 0.093864000000000003 0.12723700000000002 0.090574000000000002 0.0083140000000000002 0.0082059999999999998 0.0077790000000000003 0.066198000000000007 0.100176 0.064230000000000009 0.0031940000000000002 0.0031840000000000002 0.0031050000000000001 0.00070100000000000002 0.00069999999999999988 0.00067199999999999996 14.392227441093981 14.392227441093981 14.392227441093981 0.00048736606970523403 0.00048736606970523403 0.00048736606970523403 1 1 1 Converged Converged Converged OK OK OK 61 61 61 61 61 61 3 3 3 0 0 0 0 1 0 0 1
99 99 linear 2 15 992 2 0.0001 1.2406262529145762 0.18504006347890556 0.0012431031280619432 -0.68560999465343431 -0.0016789218058288497 -0.68553432750650878 0.5 0.87925398953968725 14.244830924323038 OK 13 12 0.44348399999999999 0.34799200000000002 0.089846999999999996 0.35081600000000002 0.223688 0 0.092667999999999973 0.12430400000000003 0.089846999999999996 0.0082480000000000001 0.0082869999999999992 0.0076889999999999997 0.065377000000000005 0.096994999999999984 0.063678999999999999 0.0031830000000000001 0.0032320000000000001 0.0031830000000000001 0.00069399999999999996 0.00069700000000000003 0.00064899999999999995 14.244822832900523 14.244822832900523 14.244822832900523 0.0004875756160967342 0.0004875756160967342 0.0004875756160967342 1 1 1 Converged Converged Converged OK OK OK 61 61 61 61 61 61 3 3 3 0 0 0 0 1 0 0 1
99 99 linear 2 23 992 3 0.0001 1.2406262529145762 0.18504006347890556 0.0012431031280619432 -0.68560999465343431 -0.0016789218058288497 -0.68536137402782193 0.5 0.87908103606100041 14.099300574107129 OK 13 12 0.46365899999999999 0.377108 0.092918000000000001 0.36758299999999999 0.242149 0 0.096075999999999995 0.134959 0.092918000000000001 0.0082019999999999992 0.0082699999999999996 0.0076189999999999999 0.068823999999999982 0.10776500000000004 0.066938000000000011 0.0031340000000000001 0.0032049999999999995 0.0030539999999999999 0.00069200000000000002 0.00070599999999999992 0.00067599999999999995 14.099292457712345 14.099292457712345 14.099292457712345 0.00048778436195264868 0.00048778436195264868 0.00048778436195264868 1 1 1 Converged Converged Converged OK OK OK 61 61 61 61 61 61 3 3 3 0 0 0 0 1 0 0 1
99 99 linear 3 0 993 0 0.001 1.2406262529145762 0.18504006347890556 0.0012431031280619432 -0.50225136180767294 0.11714965273122871 -0.50249998243328531 0.5 0.69621964446646378 14.285023788402826 OK 15 14 0.52767900000000001 0.52205100000000004 0.175204 0.35075299999999998 0.349999 0 0.17692600000000003 0.17205200000000004 0.175204 0.014669 0.014468 0.014180999999999999 0.12571899999999997 0.12167299999999999 0.12478400000000008 0.0049919999999999999 0.0049259999999999998 0.0051659999999999996 0.00125 0.0012050000000000001 0.0013449999999999998 14.28504245656009 14.28504245656009 14.28504245656009 0.010248481302256984 0.010248481302256984 0.010248481302256984 1 1 1 Converged Converged Converged OK OK OK 98 98 98 98 98 98 6 6 6 0 0 0 0 0 1 0 0
99 99 linear 3 7 993 1 0.001 1.2406262529145762 0.18504006347890556 0.0012431031280619432 -0.50225136180767294 0.11714965273122871 -0.50234864813943425 0.5 0.69606831017261273 13.760657992121583 OK 15 14 0.48907099999999998 0.49491600000000002 0.164657 0.32318200000000002 0.20910899999999999 0 0.16588899999999995 0.28580700000000003 0.164657 0.013965 0.013629 0.013309 0.12368499999999998 0.24417399999999989 0.12312599999999997 0.0047489999999999997 0.00479 0.0048250000000000003 0.0012880000000000001 0.001207 0.001194 13.760655394499933 13.760655394499933 13.760655394499933 0.0070591341699836269 0.0070591341699836269 0.0070591341699836269 1 1 1 Converged Converged Converged OK OK OK 98 98 98 98 98 98 6 6 6 0 0 0 0 1 0 0 1
99 99 linear 3 15 993 2 0.001 1.2406262529145762 0.18504006347890556 0.0012431031280619432 -0.50225136180767294 0.11714965273122871 -0.50217569466074741 0.5 0.69589535669392588 13.246021025116399 OK 15 14 0.51870300000000003 0.526922 0.15847700000000001 0.351964 0.24401999999999999 0 0.16673900000000003 0.28290199999999999 0.15847700000000001 0.013605000000000001 0.013688000000000001 0.012969 0.12472499999999997 0.24051099999999997 0.11770199999999997 0.004744 0.0049560000000000003 0.0048250000000000003 0.0011500000000000002 0.0011289999999999998 0.001173 13.246013999809241 13.246013999809241 13.246013999809241 0.0065589807985181872 0.0065589807985181872 0.0065589807985181872 1 1 1 Converged Converged Converged OK OK OK 98 98 98 98 98 98 6 6 6 0 0 0 0 1 0 0 1
99 99 linear 3 23 993 3 0.001 1.2406262529145762 0.18504006347890556 0.0012431031280619432 -0.50225136180767294 0.11714965273122871 -0.50200274118206056 0.5 0.69572240321523904 12.799512611882207 OK 15 14 0.52853000000000006 0.52291500000000002 0.173545 0.34881099999999998 0.22730800000000001 0 0.17971900000000007 0.29560700000000001 0.173545 0.014063000000000001 0.013898000000000001 0.013207 0.13458000000000001 0.25072800000000001 0.13025699999999998 0.0050659999999999993 0.0049690000000000003 0.0048330000000000005 0.0012609999999999998 0.0011549999999999998 0.0012439999999999999 12.799511636834742 12.799511636834742 12.799511636834742 0.0048139018450046693 0.0048139018450046693 0.0048139018450046693 1 1 1 Converged Converged Converged OK OK OK 105 105 105 105 105 105 7 7 7 0 0 0 0 1 0 0 1
99 99 linear 3 0 993 0 0.0001 1.2406262529145762 0.18504006347890556 0.0012431031280619432 -0.50225136180767294 0.11714965273122871 -0.50249998243328531 0.5 0.69621964446646378 14.285023788402826 OK 15 14 0.57395600000000002 0.562751 0.21443200000000001 0.35269699999999998 0.34811799999999998 0 0.22125900000000004 0.21463300000000002 0.21443200000000001 0.014775999999999999 0.014622 0.014109999999999999 0.15796799999999989 0.15299200000000004 0.15270500000000001 0.0070920000000000002 0.0064860000000000004 0.0066779999999999999 0.001632 0.001542 0.0015939999999999999 14.28501492713297 14.28501492713297 14.28501492713297 0.0011268899198803731 0.0011268899198803731 0.0011268899198803731 1 1 1 Converged Converged Converged OK OK OK 130 130 130 130 130 130 6 6 6 0 0 0 0 0 1 0 0
99 99 linear 3 7 993 1 0.0001 1.2406262529145762 0.18504006347890556 0.0012431031280619432 -0.50225136180767294 0.11714965273122871 -0.50234864813943425 0.5 0.69606831017261273 13.760657992121583 OK 15 14 0.54281100000000004 0.613958 0.21174599999999999 0.31967600000000002 0.20485600000000001 0 0.22313500000000003 0.40910199999999997 0.21174599999999999 0.018610000000000002 0.013795 0.013035 0.16383900000000007 0.35418199999999994 0.158389 0.0069439999999999997 0.0070720000000000002 0.0068250000000000003 0.0016689999999999997 0.0017149999999999999 0.0017049999999999999 13.760649614115014 13.760649614115014 13.760649614115014 0.00079598609347719174 0.00079598609347719174 0.00079598609347719174 1 1 1 Converged Converged Converged OK OK OK 138 138 138 138 138 138 6 6 6 0 0 0 0 1 0 0 1
99 99 linear 3 15 993 2 0.0001 1.2406262529145762 0.18504006347890556 0.0012431031280619432 -0.50225136180767294 0.11714965273122871 -0.50217569466074741 0.5 0.69589535669392588 13.246021025116399 OK 15 14 0.56831799999999999 0.64621600000000001 0.20577500000000001 0.35575899999999999 0.246555 0 0.212559 0.39966100000000004 0.20577500000000001 0.013696 0.013733 0.012928 0.16035099999999999 0.34680700000000009 0.15499400000000002 0.006953 0.0074289999999999998 0.0068480000000000008 0.0016519999999999998 0.0016060000000000002 0.0016440000000000001 13.246012854518634 13.246012854518634 13.246012854518634 0.00078707003730783159 0.00078707003730783159 0.00078707003730783159 1 1 1 Converged Converged Converged OK OK OK 138 138 138 138 138 138 6 6 6 0 0 0 0 1 0 0 1
99 99 linear 3 23 993 3 0.0001 1.2406262529145762 0.18504006347890556 0.0012431031280619432 -0.50225136180767294 0.11714965273122871 -0.50200274118206056 0.5 0.69572240321523904 12.799512611882207 OK 15 14 0.579488 0.64111799999999997 0.22221299999999999 0.344115 0.22736300000000001 0 0.235373 0.41375499999999998 0.22221299999999999 0.014005999999999999 0.013990000000000001 0.013070999999999999 0.17877999999999999 0.35738699999999995 0.16834300000000002 0.0073360000000000005 0.0074090000000000007 0.0068780000000000004 0.0017850000000000001 0.0017289999999999999 0.001689 12.799504894702634 12.799504894702634 12.799504894702634 0.00082488382751546468 0.00082488382751546468 0.00082488382751546468 1 1 1 Converged Converged Converged OK OK OK 145 145 145 145 145 145 7 7 7 0 0 0 0 1 0 0 1
99 99 linear 4 0 994 0 0.001 1.2406262529145762 0.18504006347890556 0.0012431031280619432 -0.40861998184995174 -0.32936647904444583 -0.40886860247556411 0.5 0.60258826450874259 12.66928348244873 OK 15 14 0.54169100000000003 0.53872799999999998 0.178789 0.35481299999999999 0.35439599999999999 0 0.18687800000000004 0.184332 0.178789 0.016268999999999999 0.016060999999999999 0.015710999999999999 0.134385 0.13253299999999998 0.12766900000000003 0.0049110000000000004 0.0048410000000000007 0.0046990000000000001 0.0011620000000000003 0.0011459999999999999 0.0011310000000000001 12.66927555686034 12.66927555686034 12.66927555686034 0.0062990646131760074 0.0062990646131760074 0.0062990646131760074 1 1 1 Converged Converged Converged OK OK OK 98 98 98 98 98 98 6 6 6 0 0 0 0 0 1 0 0
99 99 linear 4 7 994 1 0.001 1.2406262529145762 0.18504006347890556 0.0012431031280619432 -0.40861998184995174 -0.32936647904444583 -0.40871726818171311 0.5 0.60243693021489153 12.244659736692467 OK 15 14 0.53243399999999996 0.60039100000000001 0.171848 0.35704999999999998 0.26887299999999997 0 0.17538399999999998 0.33151800000000003 0.171848 0.015282 0.015355000000000001 0.014641 0.13185099999999997 0.28776399999999985 0.12967200000000001 0.0047529999999999994 0.0050239999999999998 0.0047400000000000003 0.0010939999999999999 0.0011279999999999999 0.0010740000000000001 12.244654275363899 12.244654275363899 12.244654275363899 0.0053546199990912782 0.0053546199990912782 0.0053546199990912782 1 1 1 Converged Converged Converged OK OK OK 98 98 98 98 98 98 6 6 6 0 0 0 0 1 0 0 1
99 99 linear 4 15 994 2 0.001 1.2406262529145762 0.18504006347890556 0.0012431031280619432 -0.40861998184995174 -0.32936647904444583 -0.40854431470302621 0.5 0.60226397673620469 11.835201025139307 OK 15 14 0.54157100000000002 0.58181000000000005 0.175981 0.361676 0.25259700000000002 0 0.17989500000000003 0.32921300000000003 0.175981 0.015398 0.015402000000000001 0.014567999999999999 0.13642099999999996 0.28553799999999996 0.13378499999999999 0.0047150000000000004 0.0049409999999999992 0.0047450000000000001 0.0011529999999999999 0.0012099999999999999 0.0011659999999999999 11.835246542538096 11.835246542538096 11.835246542538096 0.0095070123225317223 0.0095070123225317223 0.0095070123225317223 1 1 1 Converged Converged Converged OK OK OK 98 98 98 98 98 98 6 6 6 0 0 0 0 1 0 0 1
99 99 linear 4 23 994 3 0.001 1.2406262529145762 0.18504006347890556 0.0012431031280619432 -0.40861998184995174 -0.32936647904444583 -0.40837136122433937 0.5 0.60209102325751784 11.486548916380036 OK 15 14 0.53812800000000005 0.56170299999999995 0.168124 0.366753 0.25543199999999999 0 0.17137500000000006 0.30627099999999996 0.168124 0.015474999999999999 0.015424 0.014626 0.127471 0.26234299999999999 0.12545399999999998 0.0047270000000000003 0.0049020000000000001 0.0048240000000000002 0.0011610000000000001 0.001165 0.0011770000000000001 11.48654191213579 11.48654191213579 11.48654191213579 0.011176472841527361 0.011176472841527361 0.011176472841527361 1 1 1 Converged Converged Converged OK OK OK 91 91 91 91 91 91 5 5 5 0 0 0 0 1 0 0 1
99 99 linear 4 0 994 0 0.0001 1.2406262529145762 0.18504006347890556 0.0012431031280619432 -0.40861998184995174 -0.32936647904444583 -0.40886860247556411 0.5 0.60258826450874259 12.66928348244873 OK 15 14 0.59892999999999996 0.59490200000000004 0.23893800000000001 0.35718499999999997 0.35633799999999999 0 0.24174499999999999 0.23856400000000005 0.23893800000000001 0.015984999999999999 0.016063999999999998 0.015897000000000001 0.17335800000000007 0.17029200000000014 0.17024899999999998 0.0069359999999999995 0.0070059999999999992 0.0073150000000000003 0.0015780000000000002 0.0015679999999999999 0.0016169999999999999 12.669275583520609 12.669275583520609 12.669275583520609 0.0011111007729346762 0.0011111007729346762 0.0011111007729346762 1 1 1 Converged Converged Converged OK OK OK 138 138 138 138 138 138 6 6 6 0 0 0 0 0 1 0 0
99 99 linear 4 7 994 1 0.0001 1.2406262529145762 0.18504006347890556 0.0012431031280619432 -0.40861998184995174 -0.32936647904444583 -0.40871726818171311 0.5 0.60243693021489153 12.244659736692467 OK 15 14 0.61263299999999998 0.77208900000000003 0.242339 0.36317899999999997 0.26394800000000002 0 0.24945400000000001 0.50814099999999995 0.242339 0.015436 0.015313 0.014622 0.18774099999999996 0.44728099999999998 0.18325500000000008 0.0081300000000000001 0.0073590000000000001 0.0074639999999999993 0.001622 0.0016009999999999998 0.0015639999999999999 12.244654277960411 12.244654277960411 12.244654277960411 0.00089554368098252097 0.00089554368098252097 0.00089554368098252097 1 1 1 Converged Converged Converged OK OK OK 146 146 146 146 146 146 6 6 6 0 0 0 0 1 0 0 1
99 99 linear 4 15 994 2 0.0001 1.2406262529145762 0.18504006347890556 0.0012431031280619432 -0.40861998184995174 -0.32936647904444583 -0.40854431470302621 0.5 0.60226397673620469 11.835201025139307 OK 15 14 0.61860700000000002 0.74351299999999998 0.244258 0.36005500000000001 0.25057800000000002 0 0.258552 0.49293499999999996 0.244258 0.015488999999999999 0.015474999999999999 0.014548 0.20077200000000006 0.434502 0.18869900000000012 0.0080000000000000002 0.0081229999999999983 0.0075569999999999995 0.0016900000000000001 0.0017620000000000001 0.0015799999999999998 11.835194057346792 11.835194057346792 11.835194057346792 0.00077655604951956713 0.00077655604951956713 0.00077655604951956713 1 1 1 Converged Converged Converged OK OK OK 146 146 146 146 146 146 6 6 6 0 0 0 0 1 0 0 1
99 99 linear 4 23 994 3 0.0001 1.2406262529145762 0.18504006347890556 0.0012431031280619432 -0.40861998184995174 -0.32936647904444583 -0.40837136122433937 0.5 0.60209102325751784 11.486548916380036 OK 15 14 0.61141800000000002 0.73031599999999997 0.23710500000000001 0.36817699999999998 0.26057999999999998 0 0.24324100000000004 0.46973599999999999 0.23710500000000001 0.015524 0.015610000000000001 0.014774000000000001 0.18391699999999997 0.4098770000000001 0.17933000000000007 0.0076599999999999993 0.0077620000000000007 0.0074869999999999997 0.001678 0.0017309999999999999 0.001588 11.486541929794194 11.486541929794194 11.486541929794194 0.00060797787256410473 0.00060797787256410473 0.00060797787256410473 1 1 1 Converged Converged Converged OK OK OK 139 139 139 139 139 139 5 5 5 0 0 0 0 1 0 0 1
99 99 uniform 0 0 995 0 0.001 1.2406262529145762 0.18504006347890556 0.0012431031280619432 0.14837323234520314 -0.00092524917636329078 0.14812461171959074 0 0.045595050313587709 204.9523296605486 OK 17 16 0.85562099999999996 0.85580100000000003 0.22336700000000001 0.63156500000000004 0.62505500000000003 0 0.22405599999999992 0.23074600000000001 0.22336700000000001 0.016521999999999998 0.016331999999999999 0.015955 0.16354699999999997 0.17012599999999986 0.163692 0.0049670000000000001 0.0050549999999999996 0.0048769999999999994 0.0013290000000000001 0.0014069999999999998 0.001392 204.95227815851717 204.95227815851717 204.95227815851717 0.08582417974806146 0.08582417974806146 0.08582417974806146 1 1 1 Converged Converged Converged OK OK OK 118 118 118 118 118 118 10 10 10 0 0 0 0 0 1 0 0
99 99 uniform 0 7 995 1 0.001 1.2406262529145762 0.18504006347890556 0.0012431031280619432 0.14837323234520314 -0.00092524917636329078 0.14827594601344177 0 0.04544371601973668 204.03039836435681 OK 17 16 0.73145300000000002 0.75688900000000003 0.20790400000000001 0.52059999999999995 0.40928300000000001 0 0.21085300000000007 0.34760600000000003 0.20790400000000001 0.015087 0.015077 0.014369 0.16556500000000007 0.30226299999999995 0.16395300000000004 0.004888 0.0049760000000000004 0.0048589999999999996 0.0012819999999999999 0.0012780000000000001 0.0012470000000000001 204.03034476369928 204.03034476369928 204.03034476369928 0.081694044811505051 0.081694044811505051 0.081694044811505051 1 1 1 Converged Converged Converged OK OK OK 118 118 118 118 118 118 10 10 10 0 0 0 0 1 0 0 1
99 99 uniform 0 15 995 2 0.001 1.2406262529145762 0.18504006347890556 0.0012431031280619432 0.14837323234520314 -0.00092524917636329078 0.14844889949212864 0 0.045270762541049808 202.79471521434354 OK 17 16 0.83039700000000005 0.84957000000000005 0.20852599999999999 0.614066 0.50343800000000005 0 0.21633100000000005 0.346132 0.20852599999999999 0.014924 0.015051 0.014279 0.17074399999999998 0.30061300000000013 0.16474799999999989 0.0050680000000000013 0.0051480000000000007 0.0049020000000000001 0.0013359999999999999 0.0013449999999999998 0.0013289999999999999 202.79466025699023 202.79466025699023 202.79466025699023 0.07800998775920219 0.07800998775920219 0.07800998775920219 1 1 1 Converged Converged Converged OK OK OK 118 118 118 118 118 118 10 10 10 0 0 0 0 1 0 0 1
99 99 uniform 0 23 995 3 0.001 1.2406262529145762 0.18504006347890556 0.0012431031280619432 0.14837323234520314 -0.00092524917636329078 0.14862185297081554 0 0.045097809062362909 201.3958691440921 OK 17 16 0.71284899999999995 0.73311899999999997 0.20613400000000001 0.497863 0.39094099999999998 0 0.21498599999999995 0.34217799999999998 0.20613400000000001 0.016286999999999999 0.015155 0.014252000000000001 0.16768499999999992 0.29653299999999999 0.16249400000000003 0.0050539999999999995 0.0051380000000000002 0.004830000000000001 0.001392 0.0014009999999999999 0.001304 201.39581389120181 201.39581389120181 201.39581389120181 0.076018807496133226 0.076018807496133226 0.076018807496133226 1 1 1 Converged Converged Converged OK OK OK 118 118 118 118 118 118 10 10 10 0 0 0 0 1 0 0 1
99 99 uniform 0 0 995 0 0.0001 1.2406262529145762 0.18504006347890556 0.0012431031280619432 0.14837323234520314 -0.00092524917636329078 0.14812461171959074 0 0.045595050313587709 204.9523296605486 OK 17 16 0.89858700000000002 0.89474299999999996 0.26139200000000001 0.62754600000000005 0.63077000000000005 0 0.27104099999999998 0.2639729999999999 0.26139200000000001 0.016552999999999998 0.016237000000000001 0.015772000000000001 0.18930900000000006 0.18759100000000006 0.187136 0.0078799999999999999 0.0068779999999999996 0.0068039999999999993 0.0021460000000000003 0.0018610000000000002 0.001861 204.95233247496935 204.95233247496935 204.95233247496935 0.010978016419188562 0.010978016419188562 0.010978016419188562 1 1 1 Converged Converged Converged OK OK OK 158 158 158 158 158 158 10 10 10 0 0 0 0 0 1 0 0
99 99 uniform 0 7 995 1 0.0001 1.2406262529145762 0.18504006347890556 0.0012431031280619432 0.14837323234520314 -0.00092524917636329078 0.14827594601344177 0 0.04544371601973668 204.03039836435681 OK 17 16 0.76772600000000002 0.85324800000000001 0.24030000000000001 0.52436400000000005 0.408939 0 0.24336199999999997 0.44430900000000001 0.24030000000000001 0.015089999999999999 0.015032 0.014255 0.18870099999999998 0.38899000000000028 0.18740100000000004 0.0072050000000000013 0.0072189999999999997 0.006914 0.001727 0.001763 0.0017770000000000002 204.03040268791733 204.03040268791733 204.03040268791733 0.011148582958666241 0.011148582958666241 0.011148582958666241 1 1 1 Converged Converged Converged OK OK OK 158 158 158 158 158 158 10 10 10 0 0 0 0 1 0 0 1
99 99 uniform 0 15 995 2 0.0001 1.2406262529145762 0.18504006347890556 0.0012431031280619432 0.14837323234520314 -0.00092524917636329078 0.14844889949212864 0 0.045270762541049808 202.79471521434354 OK 17 16 0.86428499999999997 0.93968200000000002 0.24041399999999999 0.61472000000000004 0.49857000000000001 0 0.24956499999999993 0.441112 0.24041399999999999 0.015299 0.015110999999999999 0.014326 0.19468300000000002 0.38572099999999981 0.18774300000000016 0.0070039999999999998 0.0072380000000000005 0.006768999999999999 0.0018979999999999999 0.0018910000000000001 0.0017939999999999998 202.79471855722548 202.79471855722548 202.79471855722548 0.011381657837109867 0.011381657837109867 0.011381657837109867 1 1 1 Converged Converged Converged OK OK OK 158 158 158 158 158 158 10 10 10 0 0 0 0 1 0 0 1
99 99 uniform 0 23 995 3 0.0001 1.2406262529145762 0.18504006347890556 0.0012431031280619432 0.14837323234520314 -0.00092524917636329078 0.14862185297081554 0 0.045097809062362909 201.3958691440921 OK 17 16 0.73136800000000002 0.79473199999999999 0.22542100000000001 0.49827900000000003 0.39536500000000002 0 0.23308899999999999 0.39936699999999997 0.22542100000000001 0.015074000000000001 0.015067000000000001 0.014305999999999999 0.18232400000000004 0.34821400000000002 0.176315 0.006182 0.0061929999999999997 0.0059110000000000005 0.0016359999999999999 0.0016400000000000002 0.0016180000000000001 201.39586785214024 201.39586785214024 201.39586785214024 0.019105620497930589 0.019105620497930589 0.019105620497930589 1 1 1 Converged Converged Converged OK OK OK 142 142 142 142 142 142 10 10 10 0 0 0 0 1 0 0 1
99 99 uniform 1 0 996 0 0.001 1.2406262529145762 0.18504006347890556 0.0012431031280619432 0.1527287032763239 0.00054973313904178053 0.1524800826507115 0 0.041239579382466945 209.78385280239246 OK 16 15 0.71448800000000001 0.72050400000000003 0.175427 0.53692499999999999 0.54271899999999995 0 0.17756300000000003 0.17778500000000008 0.175427 0.010756 0.010580000000000001 0.0099629999999999996 0.13532 0.13585599999999995 0.13500000000000004 0.0038790000000000001 0.0042269999999999999 0.0038390000000000004 0.00085599999999999999 0.00089499999999999996 0.0008389999999999999 209.78381620091793 209.78381620091793 209.78381620091793 0.047267148975855725 0.047267148975855725 0.047267148975855725 1 1 1 Converged Converged Converged OK OK OK 89 89 89 89 89 89 7 7 7 0 0 0 0 0 1 0 0
99 99 uniform 1 7 996 1 0.001 1.2406262529145762 0.18504006347890556 0.0012431031280619432 0.1527287032763239 0.00054973313904178053 0.15263141694456253 0 0.041088245088615916 204.97244194476471 OK 16 15 0.70454099999999997 0.66078099999999995 0.17016999999999999 0.532335 0.41813 0 0.17220599999999997 0.24265099999999995 0.17016999999999999 0.0097839999999999993 0.0098580000000000004 0.0090010000000000003 0.13763800000000001 0.20774800000000002 0.13707800000000001 0.0040369999999999998 0.0042329999999999998 0.0040550000000000004 0.00082899999999999998 0.00084500000000000016 0.00081599999999999989 204.97240386945654 204.97240386945654 204.97240386945654 0.046754878047298797 0.046754878047298797 0.046754878047298797 1 1 1 Converged Converged Converged OK OK OK 89 89 89 89 89 89 7 7 7 0 0 0 0 1 0 0 1
99 99 uniform 1 15 996 2 0.001 1.2406262529145762 0.18504006347890556 0.0012431031280619432 0.1527287032763239 0.00054973313904178053 0.1528043704232494 0 0.040915291609929044 199.44193186494277 OK 16 15 0.69765600000000005 0.64818600000000004 0.16525999999999999 0.53031200000000001 0.40507900000000002 0 0.16734400000000005 0.24310700000000002 0.16525999999999999 0.01128 0.011162999999999999 0.010536 0.13112599999999999 0.20703699999999997 0.13072900000000004 0.0040660000000000002 0.0040690000000000006 0.0038630000000000001 0.00096900000000000003 0.00093400000000000015 0.00091100000000000003 199.44190826888786 199.44190826888786 199.44190826888786 0.046140667167021837 0.046140667167021837 0.046140667167021837 1 1 1 Converged Converged Converged OK OK OK 89 89 89 89 89 89 7 7 7 0 0 0 0 1 0 0 1
99 99 uniform 1 23 996 3 0.001 1.2406262529145762 0.18504006347890556 0.0012431031280619432 0.1527287032763239 0.00054973313904178053 0.1529773239019363 0 0.040742338131242145 193.90260187249123 OK 16 15 0.68511299999999997 0.65918900000000002 0.16414599999999999 0.51547600000000005 0.41780899999999999 0 0.16963699999999993 0.24138000000000004 0.16414599999999999 0.0095320000000000005 0.009587 0.0090279999999999996 0.13248000000000004 0.20730500000000002 0.131329 0.0039260000000000007 0.0041110000000000001 0.0038539999999999998 0.00087000000000000011 0.00089999999999999987 0.00084900000000000015 193.90258722713372 193.90258722713372 193.90258722713372 0.045542432496584281 0.045542432496584281 0.045542432496584281 1 1 1 Converged Converged Converged OK OK OK 89 89 89 89 89 89 7 7 7 0 0 0 0 1 0 0 1
99 99 uniform 1 0 996 0 0.0001 1.2406262529145762 0.18504006347890556 0.0012431031280619432 0.1527287032763239 0.00054973313904178053 0.1524800826507115 0 0.041239579382466945 209.78385280239246 OK 16 15 0.72731699999999999 0.724777 0.18562899999999999 0.53908400000000001 0.53992700000000005 0 0.18823299999999998 0.18484999999999996 0.18562899999999999 0.010394 0.010303 0.010097 0.14300499999999994 0.14017199999999991 0.14097300000000004 0.0043770000000000007 0.0042839999999999996 0.0043969999999999999 0.00099200000000000004 0.0010039999999999999 0.0010030000000000002 209.78386641929703 209.78386641929703 209.78386641929703 0.0072576125222292513 0.0072576125222292513 0.0072576125222292513 1 1 1 Converged Converged Converged OK OK OK 97 97 97 97 97 97 7 7 7 0 0 0 0 0 1 0 0
99 99 uniform 1 7 996 1 0.0001 1.2406262529145762 0.18504006347890556 0.0012431031280619432 0.1527287032763239 0.00054973313904178053 0.15263141694456253 0 0.041088245088615916 204.97244194476471 OK 16 15 0.71431 0.66911699999999996 0.17730099999999999 0.53403400000000001 0.41093600000000002 0 0.18027599999999999 0.25818099999999994 0.17730099999999999 0.0097249999999999993 0.0096170000000000005 0.0089829999999999997 0.14252499999999993 0.22159600000000004 0.14153300000000002 0.0049050000000000005 0.004568 0.0045459999999999997 0.0010409999999999998 0.00099899999999999989 0.0010120000000000001 204.97245408690284 204.97245408690284 204.97245408690284 0.0067460846892305366 0.0067460846892305366 0.0067460846892305366 1 1 1 Converged Converged Converged OK OK OK 97 97 97 97 97 97 7 7 7 0 0 0 0 1 0 0 1
99 99 uniform 1 15 996 2 0.0001 1.2406262529145762 0.18504006347890556 0.0012431031280619432 0.1527287032763239 0.00054973313904178053 0.1528043704232494 0 0.040915291609929044 199.44193186494277 OK 16 15 0.70454099999999997 0.65881299999999998 0.17256199999999999 0.53072699999999995 0.40436299999999997 0 0.17381400000000002 0.25445000000000001 0.17256199999999999 0.011055000000000001 0.011249 0.010500000000000001 0.13581200000000002 0.21543199999999998 0.13546399999999992 0.0043899999999999998 0.0047600000000000003 0.0042940000000000001 0.001029 0.0010690000000000001 0.0010690000000000001 199.44195848526209 199.44195848526209 199.44195848526209 0.0061327278559202532 0.0061327278559202532 0.0061327278559202532 1 1 1 Converged Converged Converged OK OK OK 97 97 97 97 97 97 7 7 7 0 0 0 0 1 0 0 1
99 99 uniform 1 23 996 3 0.0001 1.2406262529145762 0.18504006347890556 0.0012431031280619432 0.1527287032763239 0.00054973313904178053 0.1529773239019363 0 0.040742338131242145 193.90260187249123 OK 16 15 0.69318500000000005 0.67653399999999997 0.17208699999999999 0.52004300000000003 0.41767900000000002 0 0.17314200000000002 0.25885499999999995 0.17208699999999999 0.0095399999999999999 0.0098019999999999999 0.0089929999999999993 0.13668700000000009 0.22169800000000009 0.13690800000000003 0.004333 0.0046179999999999997 0.0042650000000000006 0.001057 0.0010560000000000001 0.0010500000000000002 193.90263744242949 193.90263744242949 193.90263744242949 0.0055353523455044995 0.0055353523455044995 0.0055353523455044995 1 1 1 Converged Converged Converged OK OK OK 97 97 97 97 97 97 7 7 7 0 0 0 0 1 0 0 1
99 99 uniform 2 0 997 0 0.001 1.2406262529145762 0.18504006347890556 0.0012431031280619432 -0.68560999465343431 -0.0016789218058288497 -0.68585861527904668 0 0.87957827731222515 14.605848828140502 OK 13 12 0.40622999999999998 0.40410800000000002 0.052950999999999998 0.35262700000000002 0.350383 0 0.053602999999999956 0.053725000000000023 0.052950999999999998 0.0088120000000000004 0.0089890000000000005 0.0087329999999999994 0.031662999999999997 0.03203799999999999 0.031512999999999999 0.0017760000000000002 0.0017570000000000001 0.0017290000000000001 0.00045899999999999999 0.000426 0.000415 14.60583659779998 14.60583659779998 14.60583659779998 0.012637782311634474 0.012637782311634474 0.012637782311634474 1 1 1 Converged Converged Converged OK OK OK 37 37 37 37 37 37 3 3 3 0 0 0 0 0 1 0 0
99 99 uniform 2 7 997 1 0.001 1.2406262529145762 0.18504006347890556 0.0012431031280619432 -0.68560999465343431 -0.0016789218058288497 -0.68570728098519562 0 0.8794269430183741 14.472644788325518 OK 13 12 0.401889 0.28900300000000001 0.050437000000000003 0.35022999999999999 0.21639900000000001 0 0.05165900000000001 0.072604000000000002 0.050437000000000003 0.0081239999999999993 0.0082799999999999992 0.0076530000000000001 0.032048 0.052903000000000013 0.031702000000000001 0.0018079999999999999 0.0017820000000000002 0.0017440000000000001 0.000426 0.00043100000000000001 0.00041199999999999999 14.472632436047455 14.472632436047455 14.472632436047455 0.012601137695644993 0.012601137695644993 0.012601137695644993 1 1 1 Converged Converged Converged OK OK OK 37 37 37 37 37 37 3 3 3 0 0 0 0 1 0 0 1
99 99 uniform 2 15 997 2 0.001 1.2406262529145762 0.18504006347890556 0.0012431031280619432 -0.68560999465343431 -0.0016789218058288497 -0.68553432750650878 0 0.87925398953968725 14.322243064603265 OK 13 12 0.39981100000000003 0.293211 0.049695000000000003 0.348638 0.218748 0 0.051173000000000024 0.074463000000000001 0.049695000000000003 0.0080800000000000004 0.0082039999999999995 0.0075969999999999996 0.031563000000000001 0.054722999999999987 0.030953999999999995 0.0017849999999999999 0.001817 0.001771 0.00042300000000000004 0.000446 0.00041299999999999996 14.322230473823577 14.322230473823577 14.322230473823577 0.012559722596938123 0.012559722596938123 0.012559722596938123 1 1 1 Converged Converged Converged OK OK OK 37 37 37 37 37 37 3 3 3 0 0 0 0 1 0 0 1
99 99 uniform 2 23 997 3 0.001 1.2406262529145762 0.18504006347890556 0.0012431031280619432 -0.68560999465343431 -0.0016789218058288497 -0.68536137402782193 0 0.87908103606100041 14.173819905909838 OK 13 12 0.42494500000000002 0.31659700000000002 0.052505000000000003 0.370923 0.24166799999999999 0 0.054022000000000014 0.074929000000000023 0.052505000000000003 0.0079469999999999992 0.0082310000000000005 0.0075909999999999997 0.034605999999999984 0.055291 0.033941000000000006 0.0017339999999999999 0.0018050000000000002 0.0017480000000000002 0.00044700000000000002 0.00044700000000000002 0.00041100000000000002 14.173807069056 14.173807069056 14.173807069056 0.012518942597347728 0.012518942597347728 0.012518942597347728 1 1 1 Converged Converged Converged OK OK OK 37 37 37 37 37 37 3 3 3 0 0 0 0 1 0 0 1
99 99 uniform 2 0 997 0 0.0001 1.2406262529145762 0.18504006347890556 0.0012431031280619432 -0.68560999465343431 -0.0016789218058288497 -0.68585861527904668 0 0.87957827731222515 14.605848828140502 OK 13 12 0.435033 0.43685099999999999 0.082380999999999996 0.35165200000000002 0.35358800000000001 0 0.083380999999999983 0.083262999999999976 0.082380999999999996 0.0091050000000000002 0.0090360000000000006 0.0086099999999999996 0.052409000000000025 0.052694999999999999 0.052178000000000002 0.0030070000000000001 0.0030149999999999999 0.0029879999999999998 0.000687 0.00067000000000000002 0.00067600000000000006 14.605848936179132 14.605848936179132 14.605848936179132 0.00010178507329083251 0.00010178507329083251 0.00010178507329083251 1 1 1 Converged Converged Converged OK OK OK 61 61 61 61 61 61 3 3 3 0 0 0 0 0 1 0 0
99 99 uniform 2 7 997 1 0.0001 1.2406262529145762 0.18504006347890556 0.0012431031280619432 -0.68560999465343431 -0.0016789218058288497 -0.68570728098519562 0 0.8794269430183741 14.472644788325518 OK 13 12 0.42608099999999999 0.33654499999999998 0.076194999999999999 0.348325 0.21848500000000001 0 0.077755999999999992 0.11805999999999997 0.076194999999999999 0.0081869999999999998 0.00826 0.007705 0.050588999999999988 0.090422000000000016 0.050181000000000003 0.0030269999999999997 0.003349 0.0029630000000000004 0.00065399999999999996 0.000727 0.00065200000000000002 14.472644785731191 14.472644785731191 14.472644785731191 0.00010179126720102632 0.00010179126720102632 0.00010179126720102632 1 1 1 Converged Converged Converged OK OK OK 61 61 61 61 61 61 3 3 3 0 0 0 0 1 0 0 1
99 99 uniform 2 15 997 2 0.0001 1.2406262529145762 0.18504006347890556 0.0012431031280619432 -0.68560999465343431 -0.0016789218058288497 -0.68553432750650878 0 0.87925398953968725 14.322243064603265 OK 13 12 0.42771999999999999 0.32757199999999997 0.075692999999999996 0.34767900000000002 0.217421 0 0.080040999999999973 0.11015099999999997 0.075692999999999996 0.0083730000000000002 0.0082730000000000008 0.0076959999999999997 0.052439000000000006 0.08299400000000004 0.049497000000000013 0.0031319999999999998 0.0030039999999999997 0.0029780000000000002 0.00068300000000000001 0.00068100000000000007 0.00066299999999999996 14.322242835114084 14.322242835114084 14.322242835114084 0.00010180240165437638 0.00010180240165437638 0.00010180240165437638 1 1 1 Converged Converged Converged OK OK OK 61 61 61 61 61 61 3 3 3 0 0 0 0 1 0 0 1
99 99 uniform 2 23 997 3 0.0001 1.2406262529145762 0.18504006347890556 0.0012431031280619432 -0.68560999465343431 -0.0016789218058288497 -0.68536137402782193 0 0.87908103606100041 14.173819905909838 OK 13 12 0.45568500000000001 0.35815799999999998 0.078514 0.37518200000000002 0.24326 0 0.080502999999999991 0.11489799999999997 0.078514 0.0082620000000000002 0.0082190000000000006 0.0076140000000000001 0.053397000000000014 0.088166000000000022 0.052686999999999984 0.0031219999999999998 0.0030289999999999996 0.0030169999999999997 0.00066399999999999999 0.0006559999999999999 0.00064599999999999998 14.173819440768176 14.173819440768176 14.173819440768176 0.00010181747340806846 0.00010181747340806846 0.00010181747340806846 1 1 1 Converged Converged Converged OK OK OK 61 61 61 61 61 61 3 3 3 0 0 0 0 1 0 0 1
99 99 uniform 3 0 998 0 0.001 1.2406262529145762 0.18504006347890556 0.0012431031280619432 -0.50225136180767294 0.11714965273122871 -0.50249998243328531 0 0.69621964446646378 14.359164107638138 OK 15 14 0.49878899999999998 0.49302400000000002 0.14519699999999999 0.35226600000000002 0.34766399999999997 0 0.14652299999999996 0.14536000000000004 0.14519699999999999 0.014706 0.014607 0.014241 0.097894000000000023 0.097705999999999973 0.09736800000000001 0.0044839999999999993 0.0043579999999999999 0.004509 0.0011069999999999999 0.001075 0.001181 14.359163734091283 14.359163734091283 14.359163734091283 0.0044117405250826145 0.0044117405250826145 0.0044117405250826145 1 1 1 Converged Converged Converged OK OK OK 98 98 98 98 98 98 6 6 6 0 0 0 0 0 1 0 0
99 99 uniform 3 7 998 1 0.001 1.2406262529145762 0.18504006347890556 0.0012431031280619432 -0.50225136180767294 0.11714965273122871 -0.50234864813943425 0 0.69606831017261273 13.819443309975561 OK 15 14 0.44213999999999998 0.43807000000000001 0.116326 0.32401000000000002 0.20654500000000001 0 0.11812999999999996 0.23152500000000001 0.116326 0.013821 0.013578 0.012888999999999999 0.081821000000000019 0.19488099999999994 0.081198000000000006 0.0035490000000000001 0.0037590000000000002 0.0036020000000000006 0.00091 0.00092699999999999998 0.00092899999999999992 13.819452631483175 13.819452631483175 13.819452631483175 0.0097666585241106794 0.0097666585241106794 0.0097666585241106794 1 1 1 Converged Converged Converged OK OK OK 82 82 82 82 82 82 6 6 6 0 0 0 0 1 0 0 1
99 99 uniform 3 15 998 2 0.001 1.2406262529145762 0.18504006347890556 0.0012431031280619432 -0.50225136180767294 0.11714965273122871 -0.50217569466074741 0 0.69589535669392588 13.292550873566732 OK 15 14 0.47134300000000001 0.47198000000000001 0.11504200000000001 0.35466599999999998 0.242367 0 0.11667700000000003 0.22961300000000001 0.11504200000000001 0.013733 0.013794000000000001 0.012900999999999999 0.080273000000000011 0.18877100000000002 0.080227999999999952 0.0036289999999999998 0.003764 0.003503 0.00091800000000000009 0.00089299999999999991 0.000901 13.292552523583325 13.292552523583325 13.292552523583325 0.0069940431645676582 0.0069940431645676582 0.0069940431645676582 1 1 1 Converged Converged Converged OK OK OK 82 82 82 82 82 82 6 6 6 0 0 0 0 1 0 0 1
99 99 uniform 3 23 998 3 0.001 1.2406262529145762 0.18504006347890556 0.0012431031280619432 -0.50225136180767294 0.11714965273122871 -0.50200274118206056 0 0.69572240321523904 12.837276614483905 OK 15 14 0.47955700000000001 0.46016899999999999 0.127883 0.34988799999999998 0.22611000000000001 0 0.12966900000000003 0.23405899999999999 0.127883 0.013913999999999999 0.013956 0.013228999999999999 0.091725000000000015 0.19558700000000004 0.091514000000000026 0.0038280000000000002 0.0041089999999999998 0.0037480000000000005 0.001003 0.00109 0.00099299999999999996 12.837287641000708 12.837287641000708 12.837287641000708 0.0066641220220120725 0.0066641220220120725 0.0066641220220120725 1 1 1 Converged Converged Converged OK OK OK 89 89 89 89 89 89 7 7 7 0 0 0 0 1 0 0 1
99 99 uniform 3 0 998 0 0.0001 1.2406262529145762 0.18504006347890556 0.0012431031280619432 -0.50225136180767294 0.11714965273122871 -0.50249998243328531 0 0.69621964446646378 14.359164107638138 OK 15 14 0.51893299999999998 0.51608799999999999 0.167404 0.34769800000000001 0.34789900000000001 0 0.17123499999999997 0.16818899999999998 0.167404 0.014409 0.014721 0.014180999999999999 0.11682999999999998 0.11352200000000005 0.11340799999999995 0.0052160000000000002 0.0051590000000000004 0.0053530000000000001 0.0013169999999999998 0.0012890000000000002 0.0013629999999999998 14.359163743125807 14.359163743125807 14.359163743125807 0.00082135852897072292 0.00082135852897072292 0.00082135852897072292 1 1 1 Converged Converged Converged OK OK OK 114 114 114 114 114 114 6 6 6 0 0 0 0 0 1 0 0
99 99 uniform 3 7 998 1 0.0001 1.2406262529145762 0.18504006347890556 0.0012431031280619432 -0.50225136180767294 0.11714965273122871 -0.50234864813943425 0 0.69606831017261273 13.819443309975561 OK 15 14 0.48087600000000003 0.50044500000000003 0.15421499999999999 0.32515699999999997 0.209005 0 0.15571900000000005 0.29144000000000003 0.15421499999999999 0.013788 0.013636000000000001 0.012888 0.11083700000000003 0.24677900000000005 0.11061600000000002 0.0053930000000000002 0.0052989999999999999 0.005274 0.0012359999999999999 0.001206 0.00124 13.819443004708354 13.819443004708354 13.819443004708354 0.0010367293535198333 0.0010367293535198333 0.0010367293535198333 1 1 1 Converged Converged Converged OK OK OK 114 114 114 114 114 114 6 6 6 0 0 0 0 1 0 0 1
99 99 uniform 3 15 998 2 0.0001 1.2406262529145762 0.18504006347890556 0.0012431031280619432 -0.50225136180767294 0.11714965273122871 -0.50217569466074741 0 0.69589535669392588 13.292550873566732 OK 15 14 0.51520900000000003 0.54872200000000004 0.16120100000000001 0.35236499999999998 0.242395 0 0.16284400000000004 0.30632700000000002 0.16120100000000001 0.013648 0.013688000000000001 0.012985999999999999 0.11462300000000004 0.25769900000000001 0.11435400000000004 0.005744 0.0058139999999999997 0.0055600000000000007 0.0013270000000000001 0.0013630000000000003 0.0013600000000000001 13.292550625834298 13.292550625834298 13.292550625834298 0.0005755569283582108 0.0005755569283582108 0.0005755569283582108 1 1 1 Converged Converged Converged OK OK OK 122 122 122 122 122 122 6 6 6 0 0 0 0 1 0 0 1
99 99 uniform 3 23 998 3 0.0001 1.2406262529145762 0.18504006347890556 0.0012431031280619432 -0.50225136180767294 0.11714965273122871 -0.50200274118206056 0 0.69572240321523904 12.837276614483905 OK 15 14 0.52698199999999995 0.53724899999999998 0.17469000000000001 0.34994599999999998 0.226324 0 0.17703599999999997 0.31092500000000001 0.17469000000000001 0.013981 0.014071999999999999 0.013024000000000001 0.126913 0.25973500000000005 0.12637099999999996 0.0058610000000000008 0.0065860000000000007 0.0057329999999999985 0.0014989999999999999 0.0014890000000000003 0.001498 12.837276407575191 12.837276407575191 12.837276407575191 0.00060155359926666993 0.00060155359926666993 0.00060155359926666993 1 1 1 Converged Converged Converged OK OK OK 129 129 129 129 129 129 7 7 7 0 0 0 0 1 0 0 1
99 99 uniform 4 0 999 0 0.001 1.2406262529145762 0.18504006347890556 0.0012431031280619432 -0.40861998184995174 -0.32936647904444583 -0.40886860247556411 0 0.60258826450874259 12.712105302436141 OK 15 14 0.49485000000000001 0.49368000000000001 0.136157 0.352045 0.356375 0 0.14280500000000002 0.13730500000000001 0.136157 0.016129000000000001 0.016448000000000001 0.015691 0.096645999999999996 0.091689999999999994 0.091575000000000017 0.0037040000000000007 0.0036749999999999994 0.0035739999999999999 0.00093599999999999998 0.000977 0.00090799999999999995 12.71210535524096 12.71210535524096 12.71210535524096 0.0036995812081333582 0.0036995812081333582 0.0036995812081333582 1 1 1 Converged Converged Converged OK OK OK 82 82 82 82 82 82 6 6 6 0 0 0 0 0 1 0 0
99 99 uniform 4 7 999 1 0.001 1.2406262529145762 0.18504006347890556 0.0012431031280619432 -0.40861998184995174 -0.32936647904444583 -0.40871726818171311 0 0.60243693021489153 12.278003783329666 OK 15 14 0.49081399999999997 0.53228600000000004 0.13026099999999999 0.35872100000000001 0.26305000000000001 0 0.13209299999999996 0.26923600000000003 0.13026099999999999 0.015348000000000001 0.015294 0.014654 0.093875000000000042 0.23130700000000001 0.093467999999999982 0.0036950000000000004 0.0036770000000000006 0.0035829999999999998 0.00094299999999999994 0.00092100000000000016 0.00086899999999999998 12.27800717896619 12.27800717896619 12.27800717896619 0.0043950676584097129 0.0043950676584097129 0.0043950676584097129 1 1 1 Converged Converged Converged OK OK OK 82 82 82 82 82 82 6 6 6 0 0 0 0 1 0 0 1
99 99 uniform 4 15 999 2 0.001 1.2406262529145762 0.18504006347890556 0.0012431031280619432 -0.40861998184995174 -0.32936647904444583 -0.40854431470302621 0 0.60226397673620469 11.861135208970181 OK 15 14 0.51905999999999997 0.55308500000000005 0.155056 0.36228399999999999 0.25215599999999999 0 0.15677599999999997 0.30092900000000006 0.155056 0.015421000000000001 0.015479 0.014584 0.11359700000000002 0.25740700000000005 0.11328199999999994 0.0047029999999999997 0.0047170000000000007 0.004653 0.001163 0.001232 0.0011919999999999999 11.861135212869023 11.861135212869023 11.861135212869023 0.0026832392112813176 0.0026832392112813176 0.0026832392112813176 1 1 1 Converged Converged Converged OK OK OK 98 98 98 98 98 98 6 6 6 0 0 0 0 1 0 0 1
99 99 uniform 4 23 999 3 0.001 1.2406262529145762 0.18504006347890556 0.0012431031280619432 -0.40861998184995174 -0.32936647904444583 -0.40837136122433937 0 0.60209102325751784 11.507293659915375 OK 15 14 0.49594300000000002 0.51617999999999997 0.122664 0.37173200000000001 0.255604 0 0.12421100000000002 0.26057599999999997 0.122664 0.015316 0.015537 0.014683 0.086087999999999956 0.22188499999999992 0.085777999999999965 0.003637 0.0036749999999999999 0.003568 0.00096000000000000002 0.0009990000000000001 0.00094700000000000003 11.507294412433852 11.507294412433852 11.507294412433852 0.0060509029412873913 0.0060509029412873913 0.0060509029412873913 1 1 1 Converged Converged Converged OK OK OK 75 75 75 75 75 75 5 5 5 0 0 0 0 1 0 0 1
99 99 uniform 4 0 999 0 0.0001 1.2406262529145762 0.18504006347890556 0.0012431031280619432 -0.40861998184995174 -0.32936647904444583 -0.40886860247556411 0 0.60258826450874259 12.712105302436141 OK 15 14 0.52968300000000001 0.52699600000000002 0.16952400000000001 0.35419800000000001 0.35178199999999998 0 0.175485 0.17521400000000004 0.16952400000000001 0.016308 0.016241999999999999 0.015747000000000001 0.11961600000000001 0.12027799999999998 0.114999 0.0051679999999999999 0.0050270000000000002 0.0048389999999999987 0.0013210000000000001 0.001258 0.0012209999999999999 12.712105402713975 12.712105402713975 12.712105402713975 0.0011056738832424461 0.0011056738832424461 0.0011056738832424461 1 1 1 Converged Converged Converged OK OK OK 106 106 106 106 106 106 6 6 6 0 0 0 0 0 1 0 0
99 99 uniform 4 7 999 1 0.0001 1.2406262529145762 0.18504006347890556 0.0012431031280619432 -0.40861998184995174 -0.32936647904444583 -0.40871726818171311 0 0.60243693021489153 12.278003783329666 OK 15 14 0.53230999999999995 0.60278200000000004 0.17366599999999999 0.35594700000000001 0.26346599999999998 0 0.17636299999999994 0.33931600000000006 0.17366599999999999 0.015493 0.015254999999999999 0.014661 0.12820299999999996 0.29157700000000003 0.127279 0.0052750000000000002 0.0053500000000000006 0.0052290000000000001 0.0012600000000000001 0.0011670000000000001 0.001183 12.27800360557225 12.27800360557225 12.27800360557225 0.0010617147373595678 0.0010617147373595678 0.0010617147373595678 1 1 1 Converged Converged Converged OK OK OK 114 114 114 114 114 114 6 6 6 0 0 0 0 1 0 0 1
99 99 uniform 4 15 999 2 0.0001 1.2406262529145762 0.18504006347890556 0.0012431031280619432 -0.40861998184995174 -0.32936647904444583 -0.40854431470302621 0 0.60226397673620469 11.861135208970181 OK 15 14 0.53876199999999996 0.59053199999999995 0.17505499999999999 0.36182500000000001 0.25311899999999998 0 0.17693699999999996 0.33741299999999996 0.17505499999999999 0.015257 0.015185000000000001 0.014586 0.13076100000000002 0.29120000000000013 0.13052099999999997 0.0051999999999999998 0.0053140000000000001 0.0050880000000000005 0.001315 0.0012599999999999998 0.0012520000000000001 11.861135210428563 11.861135210428563 11.861135210428563 0.0011113604616306547 0.0011113604616306547 0.0011113604616306547 1 1 1 Converged Converged Converged OK OK OK 114 114 114 114 114 114 6 6 6 0 0 0 0 1 0 0 1
99 99 uniform 4 23 999 3 0.0001 1.2406262529145762 0.18504006347890556 0.0012431031280619432 -0.40861998184995174 -0.32936647904444583 -0.40837136122433937 0 0.60209102325751784 11.507293659915375 OK 15 14 0.53758600000000001 0.58332499999999998 0.17064499999999999 0.36575999999999997 0.25691700000000001 0 0.17182600000000003 0.32640799999999998 0.17064499999999999 0.015315 0.015544000000000001 0.014675000000000001 0.12395500000000002 0.27748099999999992 0.12367400000000002 0.0052779999999999997 0.0054789999999999995 0.0052160000000000002 0.0012689999999999999 0.0012700000000000001 0.0012899999999999999 11.507293529884942 11.507293529884942 11.507293529884942 0.00093811959526762941 0.00093811959526762941 0.00093811959526762941 1 1 1 Converged Converged Converged OK OK OK 107 107 107 107 107 107 5 5 5 0 0 0 0 1 0 0 1
100 100 linear 0 0 1000 0 0.001 1.6024372844104893 0.35060155863434495 0.057989705361519393 -0.74741204323289279 -0.24330982483898661 -0.75900998430519662 0.5 1.1749853738909923 4.9099878727523274 OK 14 13 0.50267899999999999 0.50426400000000005 0.18848999999999999 0.30891099999999999 0.31164900000000001 0 0.193768 0.19261500000000004 0.18848999999999999 0.012199 0.012427000000000001 0.011691999999999999 0.14864699999999997 0.14681100000000005 0.14499500000000001 0.004437 0.0047600000000000003 0.0042879999999999993 0.0010610000000000001 0.001059 0.0010150000000000001 4.909924338994621 4.909924338994621 4.909924338994621 0.0033410524902892712 0.0033410524902892712 0.0033410524902892712 1 1 1 Converged Converged Converged OK OK OK 89 89 89 89 89 89 7 7 7 0 0 0 0 0 1 0 0
100 100 linear 0 7 1000 1 0.001 1.6024372844104893 0.35060155863434495 0.057989705361519393 -0.74741204323289279 -0.24330982483898661 -0.75195036800031601 0.5 1.1679257575861117 4.9963410894773137 OK 14 13 0.45198899999999997 0.36465399999999998 0.174872 0.27267200000000003 0.16486000000000001 0 0.17931699999999995 0.19979399999999997 0.174872 0.011218000000000001 0.011527000000000001 0.010467000000000001 0.14378399999999997 0.16292699999999999 0.14041600000000001 0.0042839999999999996 0.0046720000000000008 0.0042779999999999997 0.00099599999999999992 0.0011549999999999998 0.00096900000000000013 4.9963308268722715 4.9963308268722715 4.9963308268722715 0.003933264442253768 0.003933264442253768 0.003933264442253768 1 1 1 Converged Converged Converged OK OK OK 89 89 89 89 89 89 7 7 7 0 0 0 0 1 0 0 1
100 100 linear 0 15 1000 2 0.001 1.6024372844104893 0.35060155863434495 0.057989705361519393 -0.74741204323289279 -0.24330982483898661 -0.74388223508045248 0.5 1.1598576246662482 5.0245310155195364 OK 14 13 0.43528299999999998 0.36324899999999999 0.16830999999999999 0.262237 0.167269 0 0.17304599999999998 0.19597999999999999 0.16830999999999999 0.011471 0.011745999999999999 0.010777999999999999 0.13778899999999991 0.15982800000000003 0.13455699999999998 0.0044050000000000009 0.0046279999999999993 0.0042389999999999997 0.0010009999999999999 0.0010509999999999999 0.0009810000000000001 5.0245598289944731 5.0245598289944731 5.0245598289944731 0.0023601345029651277 0.0023601345029651277 0.0023601345029651277 1 1 1 Converged Converged Converged OK OK OK 89 89 89 89 89 89 7 7 7 0 0 0 0 1 0 0 1
100 100 linear 0 23 1000 3 0.001 1.6024372844104893 0.35060155863434495 0.057989705361519393 -0.74741204323289279 -0.24330982483898661 -0.73581410216058896 0.5 1.1517894917463847 4.9739476599487684 OK 14 13 0.45400000000000001 0.35765000000000002 0.172238 0.27592499999999998 0.16314799999999999 0 0.17807500000000004 0.19450200000000004 0.172238 0.011396999999999999 0.011486 0.010492 0.14297500000000002 0.15918700000000002 0.13917599999999997 0.0041989999999999996 0.0044169999999999999 0.0040170000000000006 0.00099100000000000013 0.00098000000000000019 0.00093899999999999995 4.9739830351235401 4.9739830351235401 4.9739830351235401 0.0033385824273950296 0.0033385824273950296 0.0033385824273950296 1 1 1 Converged Converged Converged OK OK OK 89 89 89 89 89 89 7 7 7 0 0 0 0 1 0 0 1
100 100 linear 0 0 1000 0 0.0001 1.6024372844104893 0.35060155863434495 0.057989705361519393 -0.74741204323289279 -0.24330982483898661 -0.75900998430519662 0.5 1.1749853738909923 4.9099878727523274 OK 14 13 0.54084200000000004 0.54027599999999998 0.222633 0.30878299999999997 0.31224600000000002 0 0.23205900000000007 0.22802999999999995 0.222633 0.012326 0.012442999999999999 0.011677 0.17630699999999996 0.17108100000000007 0.16884500000000005 0.0059480000000000002 0.0071249999999999994 0.0057409999999999996 0.0013250000000000002 0.0013439999999999999 0.001379 4.9099239496259708 4.9099239496259708 4.9099239496259708 0.00026214825289153185 0.00026214825289153185 0.00026214825289153185 1 1 1 Converged Converged Converged OK OK OK 113 113 113 113 113 113 7 7 7 0 0 0 0 0 1 0 0
100 100 linear 0 7 1000 1 0.0001 1.6024372844104893 0.35060155863434495 0.057989705361519393 -0.74741204323289279 -0.24330982483898661 -0.75195036800031601 0.5 1.1679257575861117 4.9963410894773137 OK 14 13 0.48524400000000001 0.39870100000000003 0.20684 0.27301999999999998 0.16394500000000001 0 0.21222400000000002 0.23475600000000002 0.20684 0.011299999999999999 0.011512 0.010475999999999999 0.16954100000000003 0.19032699999999997 0.16566099999999997 0.005646 0.0065899999999999995 0.0056350000000000003 0.0012520000000000001 0.0015090000000000001 0.0013030000000000001 4.9963293809182598 4.9963293809182598 4.9963293809182598 0.00025813630310202081 0.00025813630310202081 0.00025813630310202081 1 1 1 Converged Converged Converged OK OK OK 113 113 113 113 113 113 7 7 7 0 0 0 0 1 0 0 1
100 100 linear 0 15 1000 2 0.0001 1.6024372844104893 0.35060155863434495 0.057989705361519393 -0.74741204323289279 -0.24330982483898661 -0.74388223508045248 0.5 1.1598576246662482 5.0245310155195364 OK 14 13 0.46637299999999998 0.39902100000000001 0.19845399999999999 0.26239000000000001 0.16786499999999999 0 0.20398299999999997 0.23115600000000003 0.19845399999999999 0.011547 0.011681 0.010824 0.16148699999999994 0.18690399999999999 0.15679900000000002 0.005448999999999999 0.0063910000000000008 0.0058129999999999996 0.001256 0.0013809999999999998 0.0012769999999999999 5.0245599410405175 5.0245599410405175 5.0245599410405175 0.00029340849916918347 0.00029340849916918347 0.00029340849916918347 1 1 1 Converged Converged Converged OK OK OK 113 113 113 113 113 113 7 7 7 0 0 0 0 1 0 0 1
100 100 linear 0 23 1000 3 0.0001 1.6024372844104893 0.35060155863434495 0.057989705361519393 -0.74741204323289279 -0.24330982483898661 -0.73581410216058896 0.5 1.1517894917463847 4.9739476599487684 OK 14 13 0.48819499999999999 0.404451 0.20873800000000001 0.27277000000000001 0.165965 0 0.21542499999999998 0.238486 0.20873800000000001 0.011216 0.014999999999999999 0.010461 0.17330999999999994 0.19219300000000003 0.16813699999999995 0.0053979999999999992 0.0057530000000000003 0.0054010000000000004 0.0012849999999999999 0.0013140000000000003 0.0013059999999999999 4.9739835422577148 4.9739835422577148 4.9739835422577148 0.00036333589058243826 0.00036333589058243826 0.00036333589058243826 1 1 1 Converged Converged Converged OK OK OK 113 113 113 113 113 113 7 7 7 0 0 0 0 1 0 0 1
100 100 linear 1 0 1001 0 0.001 1.6024372844104893 0.35060155863434495 0.057989705361519393 -0.79292166173833412 0.25522363094441819 -0.80451960281063795 0.5 1.2204949923964337 3.0902324814287687 OK 13 12 0.39573199999999997 0.39513100000000001 0.127636 0.26487899999999998 0.26749699999999998 0 0.130853 0.12763400000000003 0.127636 0.0095630000000000003 0.0095890000000000003 0.0092820000000000003 0.095067999999999972 0.091995999999999967 0.092237000000000027 0.0040569999999999998 0.003901 0.0040010000000000002 0.00096100000000000005 0.001023 0.00098200000000000002 3.0902328638050638 3.0902328638050638 3.0902328638050638 0.0026767294604490219 0.0026767294604490219 0.0026767294604490219 1 1 1 Converged Converged Converged OK OK OK 83 83 83 83 83 83 5 5 5 0 0 0 0 0 1 0 0
100 100 linear 1 7 1001 1 0.001 1.6024372844104893 0.35060155863434495 0.057989705361519393 -0.79292166173833412 0.25522363094441819 -0.79745998650575733 0.5 1.2134353760915531 3.4531554116188925 OK 13 12 0.41330600000000001 0.32602399999999998 0.14598 0.26352999999999999 0.15417600000000001 0 0.14977600000000002 0.17184799999999997 0.14598 0.0085629999999999994 0.0085500000000000003 0.0082950000000000003 0.11781899999999992 0.13630400000000004 0.11404500000000002 0.0040099999999999997 0.0044609999999999997 0.00479 0.001077 0.001163 0.0011959999999999998 3.4531769051758099 3.4531769051758099 3.4531769051758099 0.0019801835390843218 0.0019801835390843218 0.0019801835390843218 1 1 1 Converged Converged Converged OK OK OK 91 91 91 91 91 91 5 5 5 0 0 0 0 1 0 0 1
100 100 linear 1 15 1001 2 0.001 1.6024372844104893 0.35060155863434495 0.057989705361519393 -0.79292166173833412 0.25522363094441819 -0.78939185358589381 0.5 1.2053672431716895 3.8155211940598726 OK 13 12 0.42342099999999999 0.32921499999999998 0.150366 0.2666 0.16050800000000001 0 0.15682099999999999 0.16870699999999997 0.150366 0.0085609999999999992 0.0086829999999999997 0.0079469999999999992 0.12532799999999999 0.13722199999999998 0.12090899999999999 0.00462 0.0047260000000000002 0.0040420000000000005 0.001127 0.0011410000000000001 0.001132 3.8155555598505408 3.8155555598505408 3.8155555598505408 0.0033425652953871423 0.0033425652953871423 0.0033425652953871423 1 1 1 Converged Converged Converged OK OK OK 91 91 91 91 91 91 5 5 5 0 0 0 0 1 0 0 1
100 100 linear 1 23 1001 3 0.001 1.6024372844104893 0.35060155863434495 0.057989705361519393 -0.79292166173833412 0.25522363094441819 -0.78132372066603029 0.5 1.197299110251826 4.1202218722065425 OK 14 13 0.463173 0.384129 0.17077600000000001 0.28426499999999999 0.19475500000000001 0 0.17890800000000001 0.18937399999999999 0.17077600000000001 0.012810999999999999 0.012426 0.011716000000000001 0.14279000000000003 0.15326600000000004 0.13728200000000004 0.0043299999999999996 0.0045560000000000002 0.003764 0.001026 0.0010059999999999999 0.000968 4.1202370579105922 4.1202370579105922 4.1202370579105922 0.0033572892250470702 0.0033572892250470702 0.0033572892250470702 1 1 1 Converged Converged Converged OK OK OK 81 81 81 81 81 81 7 7 7 0 0 0 0 1 0 0 1
100 100 linear 1 0 1001 0 0.0001 1.6024372844104893 0.35060155863434495 0.057989705361519393 -0.79292166173833412 0.25522363094441819 -0.80451960281063795 0.5 1.2204949923964337 3.0902324814287687 OK 13 12 0.43504500000000002 0.43587999999999999 0.16431799999999999 0.26627699999999999 0.26923900000000001 0 0.16876800000000003 0.16664099999999998 0.16431799999999999 0.0095680000000000001 0.0097640000000000001 0.0093399999999999993 0.12261400000000001 0.1197 0.11846200000000003 0.0055050000000000003 0.006398 0.0057760000000000008 0.001297 0.0013599999999999999 0.0013799999999999999 3.0902449437191617 3.0902449437191617 3.0902449437191617 0.00024177838644506147 0.00024177838644506147 0.00024177838644506147 1 1 1 Converged Converged Converged OK OK OK 107 107 107 107 107 107 5 5 5 0 0 0 0 0 1 0 0
100 100 linear 1 7 1001 1 0.0001 1.6024372844104893 0.35060155863434495 0.057989705361519393 -0.79292166173833412 0.25522363094441819 -0.79745998650575733 0.5 1.2134353760915531 3.4531554116188925 OK 13 12 0.43264399999999997 0.35452899999999998 0.165101 0.26303599999999999 0.156859 0 0.16960799999999998 0.19766999999999998 0.165101 0.0084360000000000008 0.0086409999999999994 0.0081340000000000006 0.13407699999999997 0.16070300000000004 0.129551 0.0050759999999999998 0.0058600000000000006 0.0055849999999999997 0.001276 0.0013809999999999998 0.001354 3.4531769030823676 3.4531769030823676 3.4531769030823676 0.00022976420666060218 0.00022976420666060218 0.00022976420666060218 1 1 1 Converged Converged Converged OK OK OK 107 107 107 107 107 107 5 5 5 0 0 0 0 1 0 0 1
100 100 linear 1 15 1001 2 0.0001 1.6024372844104893 0.35060155863434495 0.057989705361519393 -0.79292166173833412 0.25522363094441819 -0.78939185358589381 0.5 1.2053672431716895 3.8155211940598726 OK 13 12 0.53025199999999995 0.45379999999999998 0.25356600000000001 0.26849899999999999 0.161216 0 0.26175299999999996 0.29258399999999996 0.25356600000000001 0.0083800000000000003 0.0085970000000000005 0.0078919999999999997 0.21178800000000006 0.24122800000000003 0.20417400000000013 0.0086840000000000007 0.0096900000000000007 0.0089250000000000006 0.0014729999999999999 0.0015969999999999999 0.0014469999999999999 3.8155398794962379 3.8155398794962379 3.8155398794962379 0.00019953307706791808 0.00019953307706791808 0.00019953307706791808 1 1 1 Converged Converged Converged OK OK OK 155 155 155 155 155 155 5 5 5 0 0 0 0 1 0 0 1
100 100 linear 1 23 1001 3 0.0001 1.6024372844104893 0.35060155863434495 0.057989705361519393 -0.79292166173833412 0.25522363094441819 -0.78132372066603029 0.5 1.197299110251826 4.1202218722065425 OK 14 13 0.54967699999999997 0.477215 0.255741 0.28358100000000003 0.19461100000000001 0 0.26609599999999994 0.28260399999999997 0.255741 0.012529 0.012486000000000001 0.011893000000000001 0.21466300000000008 0.23253300000000005 0.20689999999999989 0.0075960000000000003 0.0070960000000000007 0.0069720000000000008 0.0017059999999999998 0.001603 0.0017250000000000002 4.1202337991882656 4.1202337991882656 4.1202337991882656 0.00024279669103372908 0.00024279669103372908 0.00024279669103372908 1 1 1 Converged Converged Converged OK OK OK 129 129 129 129 129 129 7 7 7 0 0 0 0 1 0 0 1
100 100 linear 2 0 1002 0 0.001 1.6024372844104893 0.35060155863434495 0.057989705361519393 0.36374693153631044 -0.14635568413053385 0.35214899046400655 0.5 0.063826399121789223 3.8385162301629983 OK 14 13 0.41300700000000001 0.40037400000000001 0.155117 0.25483699999999998 0.24632599999999999 0 0.15817000000000003 0.15404800000000002 0.155117 0.012865 0.012684000000000001 0.012766 0.11612900000000004 0.11267899999999999 0.11285299999999999 0.0046009999999999992 0.0042519999999999997 0.0050630000000000007 0.0011179999999999999 0.0010380000000000001 0.0012390000000000001 3.8385001498701987 3.8385001498701987 3.8385001498701987 0.0025786928216865622 0.0025786928216865622 0.0025786928216865622 1 1 1 Converged Converged Converged OK OK OK 90 90 90 90 90 90 6 6 6 0 0 0 0 0 1 0 0
100 100 linear 2 7 1002 1 0.001 1.6024372844104893 0.35060155863434495 0.057989705361519393 0.36374693153631044 -0.14635568413053385 0.35920860676888716 0.5 0.056766782816908612 3.6604880211671338 OK 13 12 0.33098499999999997 0.28831600000000002 0.115801 0.212197 0.149649 0 0.11878799999999998 0.13866700000000001 0.115801 0.0084650000000000003 0.0085439999999999995 0.0082939999999999993 0.092915999999999999 0.112396 0.089994999999999992 0.0033790000000000001 0.0035989999999999998 0.003836 0.00074100000000000001 0.000843 0.00078799999999999996 3.6604857064606455 3.6604857064606455 3.6604857064606455 0.0023044027649708372 0.0023044027649708372 0.0023044027649708372 1 1 1 Converged Converged Converged OK OK OK 68 68 68 68 68 68 4 4 4 0 0 0 0 1 0 0 1
100 100 linear 2 15 1002 2 0.001 1.6024372844104893 0.35060155863434495 0.057989705361519393 0.36374693153631044 -0.14635568413053385 0.36727673968875074 0.5 0.048698649897045032 3.6146035504049019 OK 13 12 0.31322699999999998 0.27355400000000002 0.109643 0.199991 0.13570599999999999 0 0.11323599999999998 0.13784800000000003 0.109643 0.008378 0.0084019999999999997 0.0078390000000000005 0.087684000000000012 0.11161299999999999 0.085027000000000033 0.0033059999999999999 0.003607 0.0033309999999999998 0.00074200000000000004 0.0007490000000000001 0.00073200000000000001 3.6146013095528642 3.6146013095528642 3.6146013095528642 0.0024155899479570745 0.0024155899479570745 0.0024155899479570745 1 1 1 Converged Converged Converged OK OK OK 68 68 68 68 68 68 4 4 4 0 0 0 0 1 0 0 1
100 100 linear 2 23 1002 3 0.001 1.6024372844104893 0.35060155863434495 0.057989705361519393 0.36374693153631044 -0.14635568413053385 0.37534487260861432 0.5 0.040630516977181452 3.5792657950603055 OK 13 12 0.31118099999999999 0.25810499999999997 0.106461 0.201492 0.13584399999999999 0 0.10968899999999998 0.12226099999999998 0.106461 0.0086370000000000006 0.0087080000000000005 0.0081429999999999992 0.085556000000000007 0.097155999999999978 0.083354999999999999 0.0026530000000000004 0.0030740000000000003 0.00265 0.00075599999999999994 0.00085000000000000006 0.000754 3.5792642275863016 3.5792642275863016 3.5792642275863016 0.0035616125543973687 0.0035616125543973687 0.0035616125543973687 1 1 1 Converged Converged Converged OK OK OK 59 59 59 59 59 59 5 5 5 0 0 0 0 1 0 0 1
100 100 linear 2 0 1002 0 0.0001 1.6024372844104893 0.35060155863434495 0.057989705361519393 0.36374693153631044 -0.14635568413053385 0.35214899046400655 0.5 0.063826399121789223 3.8385162301629983 OK 14 13 0.431591 0.42898500000000001 0.17663799999999999 0.25122499999999998 0.24632299999999999 0 0.18036600000000003 0.18266200000000002 0.17663799999999999 0.012677000000000001 0.012578000000000001 0.012567 0.13235599999999997 0.13482499999999997 0.12846399999999999 0.0054749999999999998 0.005274 0.0060290000000000005 0.001263 0.0011609999999999999 0.001217 3.8385001935982666 3.8385001935982666 3.8385001935982666 0.00029388319877904817 0.00029388319877904817 0.00029388319877904817 1 1 1 Converged Converged Converged OK OK OK 106 106 106 106 106 106 6 6 6 0 0 0 0 0 1 0 0
100 100 linear 2 7 1002 1 0.0001 1.6024372844104893 0.35060155863434495 0.057989705361519393 0.36374693153631044 -0.14635568413053385 0.35920860676888716 0.5 0.056766782816908612 3.6604880211671338 OK 13 12 0.35023300000000002 0.32295800000000002 0.135328 0.210814 0.154171 0 0.13941900000000002 0.16878700000000002 0.135328 0.0085769999999999996 0.008652 0.0080169999999999998 0.10848899999999999 0.13633999999999999 0.10500299999999997 0.0041950000000000008 0.0049909999999999998 0.0045449999999999996 0.00089400000000000005 0.00098499999999999998 0.0009549999999999999 3.6604857554195784 3.6604857554195784 3.6604857554195784 0.00015054970733220652 0.00015054970733220652 0.00015054970733220652 1 1 1 Converged Converged Converged OK OK OK 84 84 84 84 84 84 4 4 4 0 0 0 0 1 0 0 1
100 100 linear 2 15 1002 2 0.0001 1.6024372844104893 0.35060155863434495 0.057989705361519393 0.36374693153631044 -0.14635568413053385 0.36727673968875074 0.5 0.048698649897045032 3.6146035504049019 OK 13 12 0.331262 0.30474400000000001 0.13017899999999999 0.19709299999999999 0.138319 0 0.13416900000000001 0.16642500000000002 0.13017899999999999 0.0083800000000000003 0.0085540000000000008 0.0078619999999999992 0.10327299999999998 0.13394599999999998 0.10029200000000001 0.0043200000000000001 0.0052450000000000005 0.0044390000000000002 0.00090200000000000002 0.0010039999999999999 0.00088400000000000002 3.6146013629319103 3.6146013629319103 3.6146013629319103 0.00011540118479232432 0.00011540118479232432 0.00011540118479232432 1 1 1 Converged Converged Converged OK OK OK 84 84 84 84 84 84 4 4 4 0 0 0 0 1 0 0 1
100 100 linear 2 23 1002 3 0.0001 1.6024372844104893 0.35060155863434495 0.057989705361519393 0.36374693153631044 -0.14635568413053385 0.37534487260861432 0.5 0.040630516977181452 3.5792657950603055 OK 13 12 0.33848 0.30593900000000002 0.135463 0.198297 0.13731199999999999 0 0.140183 0.16862700000000003 0.135463 0.0085760000000000003 0.0086960000000000006 0.008071 0.10901899999999998 0.13633899999999993 0.10566600000000002 0.0040159999999999996 0.0047039999999999998 0.004045 0.001049 0.0012239999999999998 0.00108 3.5792637130823515 3.5792637130823515 3.5792637130823515 0.00014029654922609645 0.00014029654922609645 0.00014029654922609645 1 1 1 Converged Converged Converged OK OK OK 83 83 83 83 83 83 5 5 5 0 0 0 0 1 0 0 1
100 100 linear 3 0 1003 0 0.001 1.6024372844104893 0.35060155863434495 0.057989705361519393 0.22836169883213989 -0.23286207287821453 0.216763757759836 0.5 0.19921163182595977 3.3884544896638515 OK 13 12 0.347715 0.35454200000000002 0.11876 0.224607 0.23338800000000001 0 0.123108 0.12115400000000001 0.11876 0.0099360000000000004 0.0099670000000000002 0.0095110000000000004 0.08635600000000003 0.08431000000000001 0.08314400000000001 0.0043020000000000003 0.0043189999999999999 0.0041709999999999994 0.0010189999999999999 0.0010220000000000001 0.00096199999999999996 3.3884521321733367 3.3884521321733367 3.3884521321733367 0.0016470457962475314 0.0016470457962475314 0.0016470457962475314 1 1 1 Converged Converged Converged OK OK OK 75 75 75 75 75 75 5 5 5 0 0 0 0 0 1 0 0
100 100 linear 3 7 1003 1 0.001 1.6024372844104893 0.35060155863434495 0.057989705361519393 0.22836169883213989 -0.23286207287821453 0.22382337406471664 0.5 0.19215201552107913 3.4826756063092743 OK 13 12 0.333596 0.28095199999999998 0.10582800000000001 0.22404299999999999 0.14116899999999999 0 0.10955300000000001 0.13978299999999999 0.10582800000000001 0.0088350000000000008 0.0090030000000000006 0.0083059999999999991 0.08208399999999999 0.11172499999999999 0.079192000000000068 0.0032859999999999999 0.003441 0.0033280000000000002 0.00091200000000000005 0.00091200000000000005 0.00087199999999999995 3.4826738064642706 3.4826738064642706 3.4826738064642706 0.0027101088381600892 0.0027101088381600892 0.0027101088381600892 1 1 1 Converged Converged Converged OK OK OK 67 67 67 67 67 67 5 5 5 0 0 0 0 1 0 0 1
100 100 linear 3 15 1003 2 0.001 1.6024372844104893 0.35060155863434495 0.057989705361519393 0.22836169883213989 -0.23286207287821453 0.23189150698458019 0.5 0.18408388260121558 3.6018270916643642 OK 13 12 0.32215700000000003 0.28630699999999998 0.109392 0.20905499999999999 0.140601 0 0.11310200000000004 0.14570599999999997 0.109392 0.0087760000000000008 0.0088540000000000008 0.0082780000000000006 0.085574999999999998 0.11793099999999999 0.082822999999999994 0.0032790000000000002 0.0034710000000000006 0.003339 0.00085799999999999993 0.00089999999999999998 0.00090300000000000005 3.6018300111980768 3.6018300111980768 3.6018300111980768 0.0026000897452019465 0.0026000897452019465 0.0026000897452019465 1 1 1 Converged Converged Converged OK OK OK 67 67 67 67 67 67 5 5 5 0 0 0 0 1 0 0 1
100 100 linear 3 23 1003 3 0.001 1.6024372844104893 0.35060155863434495 0.057989705361519393 0.22836169883213989 -0.23286207287821453 0.23995963990444377 0.5 0.176015749681352 3.7370348864668399 OK 13 12 0.32576100000000002 0.28121400000000002 0.101232 0.220884 0.14804200000000001 0 0.10487700000000003 0.13317200000000001 0.101232 0.0084709999999999994 0.0087259999999999994 0.0080739999999999996 0.077590000000000034 0.10526499999999998 0.074740000000000001 0.0032320000000000001 0.0035159999999999996 0.0032390000000000001 0.00083700000000000007 0.00088200000000000008 0.00081400000000000005 3.7370322247792291 3.7370322247792291 3.7370322247792291 0.0019805805873886299 0.0019805805873886299 0.0019805805873886299 1 1 1 Converged Converged Converged OK OK OK 60 60 60 60 60 60 4 4 4 0 0 0 0 1 0 0 1
100 100 linear 3 0 1003 0 0.0001 1.6024372844104893 0.35060155863434495 0.057989705361519393 0.22836169883213989 -0.23286207287821453 0.216763757759836 0.5 0.19921163182595977 3.3884544896638515 OK 13 12 0.39403300000000002 0.39171600000000001 0.161166 0.22669500000000001 0.227574 0 0.16733800000000001 0.16414200000000001 0.161166 0.010093 0.01017 0.0095420000000000001 0.11786399999999998 0.11482299999999995 0.11360800000000008 0.0067149999999999996 0.0064579999999999993 0.0061279999999999989 0.0013669999999999999 0.0014919999999999998 0.0012970000000000002 3.3884523033160376 3.3884523033160376 3.3884523033160376 4.9598836833889336e-05 4.9598836833889336e-05 4.9598836833889336e-05 1 1 1 Converged Converged Converged OK OK OK 107 107 107 107 107 107 5 5 5 0 0 0 0 0 1 0 0
100 100 linear 3 7 1003 1 0.0001 1.6024372844104893 0.35060155863434495 0.057989705361519393 0.22836169883213989 -0.23286207287821453 0.22382337406471664 0.5 0.19215201552107913 3.4826756063092743 OK 13 12 0.36902699999999999 0.31879999999999997 0.14005699999999999 0.22445300000000001 0.14038900000000001 0 0.14457399999999998 0.17841099999999996 0.14005699999999999 0.0088920000000000006 0.0089110000000000005 0.0083829999999999998 0.10831899999999997 0.141652 0.10443099999999997 0.0052729999999999999 0.0055699999999999994 0.0053579999999999999 0.0010959999999999998 0.0011920000000000001 0.001232 3.4826732909400349 3.4826732909400349 3.4826732909400349 0.00017390507150362103 0.00017390507150362103 0.00017390507150362103 1 1 1 Converged Converged Converged OK OK OK 99 99 99 99 99 99 5 5 5 0 0 0 0 1 0 0 1
100 100 linear 3 15 1003 2 0.0001 1.6024372844104893 0.35060155863434495 0.057989705361519393 0.22836169883213989 -0.23286207287821453 0.23189150698458019 0.5 0.18408388260121558 3.6018270916643642 OK 13 12 0.36257800000000001 0.33128400000000002 0.142399 0.214779 0.14115 0 0.14779900000000001 0.19013400000000003 0.142399 0.0087349999999999997 0.0090930000000000004 0.0082150000000000001 0.11129699999999997 0.15303400000000003 0.10725700000000002 0.0054659999999999995 0.0055039999999999993 0.0054089999999999989 0.0012139999999999998 0.0013740000000000002 0.0012130000000000001 3.601824688333938 3.601824688333938 3.601824688333938 0.00035701682219959978 0.00035701682219959978 0.00035701682219959978 1 1 1 Converged Converged Converged OK OK OK 99 99 99 99 99 99 5 5 5 0 0 0 0 1 0 0 1
100 100 linear 3 23 1003 3 0.0001 1.6024372844104893 0.35060155863434495 0.057989705361519393 0.22836169883213989 -0.23286207287821453 0.23995963990444377 0.5 0.176015749681352 3.7370348864668399 OK 13 12 0.37676500000000002 0.353856 0.15359999999999999 0.222723 0.15065799999999999 0 0.15404200000000001 0.20319800000000002 0.15359999999999999 0.0087880000000000007 0.0087150000000000005 0.0079889999999999996 0.11522099999999999 0.16368000000000002 0.11667100000000002 0.0057499999999999999 0.0060140000000000002 0.0054609999999999997 0.0011410000000000001 0.0012200000000000002 0.0010560000000000003 3.7370322226482071 3.7370322226482071 3.7370322226482071 0.0001652143766951511 0.0001652143766951511 0.0001652143766951511 1 1 1 Converged Converged Converged OK OK OK 92 92 92 92 92 92 4 4 4 0 0 0 0 1 0 0 1
100 100 linear 4 0 1004 0 0.001 1.6024372844104893 0.35060155863434495 0.057989705361519393 0.1794616924308709 0.020443249951400937 0.16786375135856701 0.5 0.24811163822722876 6.822777904738615 OK 17 16 0.57185699999999995 0.56518199999999996 0.25786999999999999 0.30710500000000002 0.30626199999999998 0 0.26475199999999993 0.25891999999999998 0.25786999999999999 0.016698000000000001 0.016396000000000001 0.01592 0.19769799999999982 0.18943499999999994 0.19163099999999991 0.0063299999999999997 0.006215 0.0065980000000000006 0.0015899999999999998 0.0015040000000000001 0.001588 6.8227660478625358 6.8227660478625358 6.8227660478625358 0.0048354575523787361 0.0048354575523787361 0.0048354575523787361 1 1 1 Converged Converged Converged OK OK OK 134 134 134 134 134 134 10 10 10 0 0 0 0 0 1 0 0
100 100 linear 4 7 1004 1 0.001 1.6024372844104893 0.35060155863434495 0.057989705361519393 0.1794616924308709 0.020443249951400937 0.17492336766344765 0.5 0.24105202192234812 7.015332099258055 OK 17 16 0.54644300000000001 0.46537499999999998 0.23128099999999999 0.313855 0.20391899999999999 0 0.23258800000000002 0.26145600000000002 0.23128099999999999 0.014803 0.01482 0.014068000000000001 0.18539600000000009 0.2140679999999999 0.18491100000000005 0.0061890000000000001 0.0064679999999999998 0.0064920000000000012 0.0014339999999999999 0.001462 0.0014890000000000001 7.015362829185352 7.015362829185352 7.015362829185352 0.0061557176626758836 0.0061557176626758836 0.0061557176626758836 1 1 1 Converged Converged Converged OK OK OK 134 134 134 134 134 134 10 10 10 0 0 0 0 1 0 0 1
100 100 linear 4 15 1004 2 0.001 1.6024372844104893 0.35060155863434495 0.057989705361519393 0.1794616924308709 0.020443249951400937 0.18299150058331121 0.5 0.23298388900248457 7.2606733960416578 OK 17 16 0.58296700000000001 0.50848400000000005 0.25051200000000001 0.32589600000000002 0.209148 0 0.25707099999999999 0.29933600000000005 0.25051200000000001 0.014883 0.015435000000000001 0.014364999999999999 0.20519199999999999 0.24344700000000014 0.19930700000000001 0.0064770000000000001 0.0084949999999999991 0.0068329999999999997 0.0015349999999999999 0.00192 0.001583 7.2606758720504736 7.2606758720504736 7.2606758720504736 0.0049359044944890162 0.0049359044944890162 0.0049359044944890162 1 1 1 Converged Converged Converged OK OK OK 150 150 150 150 150 150 10 10 10 0 0 0 0 1 0 0 1
100 100 linear 4 23 1004 3 0.001 1.6024372844104893 0.35060155863434495 0.057989705361519393 0.1794616924308709 0.020443249951400937 0.19105963350317479 0.5 0.22491575608262099 7.5377476294127188 OK 17 16 0.55414300000000005 0.49237900000000001 0.25159300000000001 0.29653000000000002 0.206651 0 0.25761300000000004 0.28572799999999998 0.25159300000000001 0.014933 0.015268 0.014274 0.20974300000000001 0.23550999999999994 0.20447799999999994 0.0061130000000000004 0.0074840000000000002 0.0065070000000000006 0.0015060000000000002 0.0016260000000000001 0.0015280000000000001 7.5377527581771462 7.5377527581771462 7.5377527581771462 0.0060401290994972967 0.0060401290994972967 0.0060401290994972967 1 1 1 Converged Converged Converged OK OK OK 149 149 149 149 149 149 11 11 11 0 0 0 0 1 0 0 1
100 100 linear 4 0 1004 0 0.0001 1.6024372844104893 0.35060155863434495 0.057989705361519393 0.1794616924308709 0.020443249951400937 0.16786375135856701 0.5 0.24811163822722876 6.822777904738615 OK 17 16 0.66374 0.652142 0.34243699999999999 0.31049300000000002 0.30765100000000001 0 0.35324699999999998 0.34449099999999999 0.34243699999999999 0.016818 0.016632000000000001 0.016154000000000002 0.26169699999999979 0.25659299999999996 0.25171700000000002 0.011482000000000001 0.0093930000000000003 0.009356999999999999 0.002271 0.0022260000000000001 0.0022049999999999999 6.8227745439587464 6.8227745439587464 6.8227745439587464 0.00055081113618021045 0.00055081113618021045 0.00055081113618021045 1 1 1 Converged Converged Converged OK OK OK 190 190 190 190 190 190 10 10 10 0 0 0 0 0 1 0 0
100 100 linear 4 7 1004 1 0.0001 1.6024372844104893 0.35060155863434495 0.057989705361519393 0.1794616924308709 0.020443249951400937 0.17492336766344765 0.5 0.24105202192234812 7.015332099258055 OK 17 16 0.64208500000000002 0.56506500000000004 0.31120799999999998 0.31216500000000003 0.203292 0 0.32991999999999999 0.36177300000000001 0.31120799999999998 0.015093000000000001 0.015034 0.014063000000000001 0.2656150000000001 0.29996299999999998 0.25140199999999985 0.01069 0.009297999999999999 0.0094450000000000003 0.0021670000000000001 0.0021259999999999999 0.002085 7.015328540418353 7.015328540418353 7.015328540418353 0.00053643962349175344 0.00053643962349175344 0.00053643962349175344 1 1 1 Converged Converged Converged OK OK OK 190 190 190 190 190 190 10 10 10 0 0 0 0 1 0 0 1
100 100 linear 4 15 1004 2 0.0001 1.6024372844104893 0.35060155863434495 0.057989705361519393 0.1794616924308709 0.020443249951400937 0.18299150058331121 0.5 0.23298388900248457 7.2606733960416578 OK 17 16 0.657497 0.58478600000000003 0.31791599999999998 0.32482299999999997 0.207344 0 0.33267400000000003 0.37744200000000006 0.31791599999999998 0.015533999999999999 0.015424999999999999 0.014383999999999999 0.26875600000000005 0.31469000000000014 0.25837199999999999 0.010636 0.0099490000000000012 0.0091240000000000002 0.0020419999999999995 0.0021420000000000002 0.0020009999999999997 7.2606690383278822 7.2606690383278822 7.2606690383278822 0.00052823018704728139 0.00052823018704728139 0.00052823018704728139 1 1 1 Converged Converged Converged OK OK OK 190 190 190 190 190 190 10 10 10 0 0 0 0 1 0 0 1
100 100 linear 4 23 1004 3 0.0001 1.6024372844104893 0.35060155863434495 0.057989705361519393 0.1794616924308709 0.020443249951400937 0.19105963350317479 0.5 0.22491575608262099 7.5377476294127188 OK 17 16 0.694801 0.63455600000000001 0.38178000000000001 0.29781200000000002 0.20538799999999999 0 0.39698899999999998 0.42916799999999999 0.38178000000000001 0.019390999999999999 0.015067000000000001 0.014335000000000001 0.31618800000000002 0.3523429999999998 0.30610999999999983 0.013393 0.013346000000000002 0.012316000000000001 0.0024870000000000005 0.0024360000000000002 0.0024360000000000002 7.5377477839026286 7.5377477839026286 7.5377477839026286 0.00054723327660541744 0.00054723327660541744 0.00054723327660541744 1 1 1 Converged Converged Converged OK OK OK 229 229 229 229 229 229 11 11 11 0 0 0 0 1 0 0 1
100 100 uniform 0 0 1005 0 0.001 1.6024372844104893 0.35060155863434495 0.057989705361519393 -0.74741204323289279 -0.24330982483898661 -0.75900998430519662 0 1.1749853738909923 4.7393746082973598 OK 14 13 0.44036399999999998 0.44371500000000003 0.128937 0.311195 0.31262800000000002 0 0.12916899999999998 0.13108700000000001 0.128937 0.012082000000000001 0.012283000000000001 0.011488999999999999 0.085512000000000005 0.086676000000000045 0.085778999999999966 0.0039410000000000001 0.0041850000000000004 0.0040150000000000003 0.0009859999999999999 0.001021 0.0009990000000000001 4.7393746282111566 4.7393746282111566 4.7393746282111566 0.00093117812989470508 0.00093117812989470508 0.00093117812989470508 1 1 1 Converged Converged Converged OK OK OK 89 89 89 89 89 89 7 7 7 0 0 0 0 0 1 0 0
100 100 uniform 0 7 1005 1 0.001 1.6024372844104893 0.35060155863434495 0.057989705361519393 -0.74741204323289279 -0.24330982483898661 -0.75195036800031601 0 1.1679257575861117 4.8154866928695936 OK 14 13 0.38645299999999999 0.30260500000000001 0.115342 0.269598 0.163936 0 0.11685499999999999 0.13866900000000001 0.115342 0.010992999999999999 0.011297 0.010451999999999999 0.082156000000000021 0.10313199999999993 0.081444000000000003 0.0038560000000000001 0.0039950000000000003 0.0038370000000000001 0.00096199999999999996 0.00097100000000000007 0.00094300000000000004 4.8154875425949228 4.8154875425949228 4.8154875425949228 0.0013331709437098122 0.0013331709437098122 0.0013331709437098122 1 1 1 Converged Converged Converged OK OK OK 89 89 89 89 89 89 7 7 7 0 0 0 0 1 0 0 1
100 100 uniform 0 15 1005 2 0.001 1.6024372844104893 0.35060155863434495 0.057989705361519393 -0.74741204323289279 -0.24330982483898661 -0.74388223508045248 0 1.1598576246662482 4.8530707551035412 OK 14 13 0.37049100000000001 0.298371 0.107627 0.26141900000000001 0.16838500000000001 0 0.109072 0.12998599999999999 0.107627 0.011532000000000001 0.011551000000000001 0.010798 0.075922000000000003 0.096637999999999988 0.075755000000000031 0.0035620000000000001 0.0037080000000000004 0.0034450000000000001 0.000883 0.00090200000000000002 0.00085100000000000009 4.8530746805157934 4.8530746805157934 4.8530746805157934 0.0025205449284544375 0.0025205449284544375 0.0025205449284544375 1 1 1 Converged Converged Converged OK OK OK 81 81 81 81 81 81 7 7 7 0 0 0 0 1 0 0 1
100 100 uniform 0 23 1005 3 0.001 1.6024372844104893 0.35060155863434495 0.057989705361519393 -0.74741204323289279 -0.24330982483898661 -0.73581410216058896 0 1.1517894917463847 4.8348847932019705 OK 14 13 0.39910800000000002 0.30390099999999998 0.118185 0.27855600000000003 0.16422100000000001 0 0.12055199999999999 0.13967999999999997 0.118185 0.011206000000000001 0.011110999999999999 0.010484 0.086026000000000005 0.10519499999999998 0.085291999999999937 0.0040070000000000001 0.0041460000000000004 0.0037859999999999999 0.0010009999999999999 0.0010399999999999999 0.00098800000000000016 4.8348843823117313 4.8348843823117313 4.8348843823117313 0.0023141298281094944 0.0023141298281094944 0.0023141298281094944 1 1 1 Converged Converged Converged OK OK OK 89 89 89 89 89 89 7 7 7 0 0 0 0 1 0 0 1
100 100 uniform 0 0 1005 0 0.0001 1.6024372844104893 0.35060155863434495 0.057989705361519393 -0.74741204323289279 -0.24330982483898661 -0.75900998430519662 0 1.1749853738909923 4.7393746082973598 OK 14 13 0.44941399999999998 0.44601299999999999 0.13707 0.31217600000000001 0.30807899999999999 0 0.13723799999999997 0.137934 0.13707 0.012026999999999999 0.012034 0.011549 0.090833000000000039 0.091275999999999954 0.090970999999999996 0.0042259999999999997 0.004278999999999999 0.0043119999999999999 0.001078 0.001093 0.0010580000000000001 4.7393744051165392 4.7393744051165392 4.7393744051165392 0.00035453466418323049 0.00035453466418323049 0.00035453466418323049 1 1 1 Converged Converged Converged OK OK OK 97 97 97 97 97 97 7 7 7 0 0 0 0 0 1 0 0
100 100 uniform 0 7 1005 1 0.0001 1.6024372844104893 0.35060155863434495 0.057989705361519393 -0.74741204323289279 -0.24330982483898661 -0.75195036800031601 0 1.1679257575861117 4.8154866928695936 OK 14 13 0.39850999999999998 0.30757800000000002 0.122213 0.27454600000000001 0.16431499999999999 0 0.12396399999999996 0.14326300000000003 0.122213 0.011103 0.011124 0.01047 0.08733100000000002 0.10645200000000005 0.086809000000000053 0.0041209999999999997 0.0042950000000000011 0.0042550000000000001 0.0010860000000000002 0.0010710000000000001 0.0010369999999999999 4.8154864577157115 4.8154864577157115 4.8154864577157115 0.00036682327420946092 0.00036682327420946092 0.00036682327420946092 1 1 1 Converged Converged Converged OK OK OK 97 97 97 97 97 97 7 7 7 0 0 0 0 1 0 0 1
100 100 uniform 0 15 1005 2 0.0001 1.6024372844104893 0.35060155863434495 0.057989705361519393 -0.74741204323289279 -0.24330982483898661 -0.74388223508045248 0 1.1598576246662482 4.8530707551035412 OK 14 13 0.38924999999999998 0.31768099999999999 0.12163 0.26163799999999998 0.16691400000000001 0 0.127612 0.15076699999999998 0.12163 0.015252 0.011668 0.010729000000000001 0.086752999999999997 0.11302200000000001 0.085757999999999987 0.0043169999999999997 0.0044409999999999996 0.0043220000000000003 0.0011249999999999999 0.0011700000000000002 0.0010870000000000001 4.8530702519894744 4.8530702519894744 4.8530702519894744 0.00038127962926782464 0.00038127962926782464 0.00038127962926782464 1 1 1 Converged Converged Converged OK OK OK 97 97 97 97 97 97 7 7 7 0 0 0 0 1 0 0 1
100 100 uniform 0 23 1005 3 0.0001 1.6024372844104893 0.35060155863434495 0.057989705361519393 -0.74741204323289279 -0.24330982483898661 -0.73581410216058896 0 1.1517894917463847 4.8348847932019705 OK 14 13 0.40000200000000002 0.313444 0.12595799999999999 0.27225300000000002 0.16500200000000001 0 0.127749 0.14844199999999999 0.12595799999999999 0.011198 0.011297 0.010401000000000001 0.091116999999999976 0.11087300000000003 0.090848000000000012 0.0042710000000000005 0.0045960000000000003 0.0041669999999999997 0.0011179999999999999 0.0012080000000000001 0.0010870000000000001 4.8348849001562479 4.8348849001562479 4.8348849001562479 0.0004536434206038297 0.0004536434206038297 0.0004536434206038297 1 1 1 Converged Converged Converged OK OK OK 97 97 97 97 97 97 7 7 7 0 0 0 0 1 0 0 1
100 100 uniform 1 0 1006 0 0.001 1.6024372844104893 0.35060155863434495 0.057989705361519393 -0.79292166173833412 0.25522363094441819 -0.80451960281063795 0 1.2204949923964337 3.1888046768637706 OK 13 12 0.36214099999999999 0.36008899999999999 0.097020999999999996 0.26536300000000002 0.26327499999999998 0 0.096777999999999975 0.096814000000000011 0.097020999999999996 0.0093950000000000006 0.0093980000000000001 0.0094009999999999996 0.064841999999999997 0.064962000000000006 0.064974000000000004 0.0031390000000000003 0.0032660000000000002 0.003274 0.00082300000000000006 0.00086200000000000003 0.00088000000000000003 3.1887915709661652 3.1887915709661652 3.1887915709661652 0.0027839824862174829 0.0027839824862174829 0.0027839824862174829 1 1 1 Converged Converged Converged OK OK OK 75 75 75 75 75 75 5 5 5 0 0 0 0 0 1 0 0
100 100 uniform 1 7 1006 1 0.001 1.6024372844104893 0.35060155863434495 0.057989705361519393 -0.79292166173833412 0.25522363094441819 -0.79745998650575733 0 1.2134353760915531 3.5089098439804558 OK 13 12 0.361979 0.275615 0.097355999999999998 0.261741 0.15547800000000001 0 0.10023799999999999 0.12013699999999999 0.097355999999999998 0.0088310000000000003 0.0086040000000000005 0.0079480000000000002 0.06944999999999997 0.090289999999999968 0.068939999999999974 0.0039490000000000003 0.0036310000000000001 0.0034879999999999998 0.0010369999999999999 0.0009859999999999999 0.00090700000000000015 3.5089129092941342 3.5089129092941342 3.5089129092941342 0.0018726939305573585 0.0018726939305573585 0.0018726939305573585 1 1 1 Converged Converged Converged OK OK OK 83 83 83 83 83 83 5 5 5 0 0 0 0 1 0 0 1
100 100 uniform 1 15 1006 2 0.001 1.6024372844104893 0.35060155863434495 0.057989705361519393 -0.79292166173833412 0.25522363094441819 -0.78939185358589381 0 1.2053672431716895 3.8129094787625899 OK 13 12 0.37182399999999999 0.288078 0.10737099999999999 0.26366099999999998 0.16284999999999999 0 0.10816300000000001 0.12522800000000001 0.10737099999999999 0.0083639999999999999 0.0085430000000000002 0.0079150000000000002 0.077136000000000024 0.093512999999999985 0.077063999999999994 0.0039020000000000001 0.0041120000000000002 0.0039309999999999996 0.00097799999999999992 0.0010199999999999999 0.00097800000000000014 3.812937618334769 3.812937618334769 3.812937618334769 0.0025307426599431911 0.0025307426599431911 0.0025307426599431911 1 1 1 Converged Converged Converged OK OK OK 91 91 91 91 91 91 5 5 5 0 0 0 0 1 0 0 1
100 100 uniform 1 23 1006 3 0.001 1.6024372844104893 0.35060155863434495 0.057989705361519393 -0.79292166173833412 0.25522363094441819 -0.78132372066603029 0 1.197299110251826 4.0607347350515326 OK 14 13 0.39955499999999999 0.32877499999999998 0.118006 0.28060099999999999 0.194441 0 0.118954 0.13433399999999998 0.118006 0.0123 0.012489999999999999 0.011488999999999999 0.085164000000000017 0.10016999999999998 0.085081000000000018 0.0034550000000000002 0.0037290000000000005 0.0035000000000000001 0.00088000000000000014 0.00094399999999999996 0.0009369999999999999 4.0607394751455308 4.0607394751455308 4.0607394751455308 0.0022507541112880545 0.0022507541112880545 0.0022507541112880545 1 1 1 Converged Converged Converged OK OK OK 81 81 81 81 81 81 7 7 7 0 0 0 0 1 0 0 1
100 100 uniform 1 0 1006 0 0.0001 1.6024372844104893 0.35060155863434495 0.057989705361519393 -0.79292166173833412 0.25522363094441819 -0.80451960281063795 0 1.2204949923964337 3.1888046768637706 OK 13 12 0.40179199999999998 0.40245700000000001 0.135628 0.26373200000000002 0.26679700000000001 0 0.13805999999999996 0.13566 0.135628 0.0093509999999999999 0.0097350000000000006 0.0092339999999999992 0.091103999999999991 0.091011999999999982 0.091115000000000015 0.0048349999999999999 0.0049170000000000004 0.005568 0.0012589999999999999 0.00133 0.001307 3.1888040440827168 3.1888040440827168 3.1888040440827168 0.00015765360360036479 0.00015765360360036479 0.00015765360360036479 1 1 1 Converged Converged Converged OK OK OK 107 107 107 107 107 107 5 5 5 0 0 0 0 0 1 0 0
100 100 uniform 1 7 1006 1 0.0001 1.6024372844104893 0.35060155863434495 0.057989705361519393 -0.79292166173833412 0.25522363094441819 -0.79745998650575733 0 1.2134353760915531 3.5089098439804558 OK 13 12 0.38516099999999998 0.308529 0.120862 0.26228499999999999 0.15615699999999999 0 0.12287599999999999 0.15237200000000001 0.120862 0.0086320000000000008 0.0085880000000000001 0.0079740000000000002 0.087343999999999963 0.11742200000000001 0.086962999999999985 0.0049790000000000008 0.0048069999999999996 0.004738 0.0012339999999999999 0.001235 0.0012070000000000002 3.5089086349265926 3.5089086349265926 3.5089086349265926 0.00015817461595766898 0.00015817461595766898 0.00015817461595766898 1 1 1 Converged Converged Converged OK OK OK 107 107 107 107 107 107 5 5 5 0 0 0 0 1 0 0 1
100 100 uniform 1 15 1006 2 0.0001 1.6024372844104893 0.35060155863434495 0.057989705361519393 -0.79292166173833412 0.25522363094441819 -0.78939185358589381 0 1.2053672431716895 3.8129094787625899 OK 13 12 0.43973499999999999 0.36535299999999998 0.17188300000000001 0.26209900000000003 0.158939 0 0.17763599999999996 0.20641399999999999 0.17188300000000001 0.0084539999999999997 0.0083789999999999993 0.0078340000000000007 0.12794099999999994 0.15688899999999997 0.12362999999999998 0.0086250000000000007 0.0085039999999999994 0.0084340000000000005 0.0013839999999999998 0.001428 0.001384 3.8129080729724887 3.8129080729724887 3.8129080729724887 0.00010345605119305615 0.00010345605119305615 0.00010345605119305615 1 1 1 Converged Converged Converged OK OK OK 155 155 155 155 155 155 5 5 5 0 0 0 0 1 0 0 1
100 100 uniform 1 23 1006 3 0.0001 1.6024372844104893 0.35060155863434495 0.057989705361519393 -0.79292166173833412 0.25522363094441819 -0.78132372066603029 0 1.197299110251826 4.0607347350515326 OK 14 13 0.44886799999999999 0.38568599999999997 0.16342699999999999 0.28287400000000001 0.193051 0 0.16599399999999997 0.19263499999999997 0.16342699999999999 0.012629 0.012468999999999999 0.011671000000000001 0.12170699999999997 0.14776299999999995 0.12096299999999995 0.005489 0.0060289999999999996 0.0054899999999999992 0.0013739999999999998 0.0013839999999999998 0.0013260000000000001 4.0607342911429631 4.0607342911429631 4.0607342911429631 0.00025133240184525943 0.00025133240184525943 0.00025133240184525943 1 1 1 Converged Converged Converged OK OK OK 113 113 113 113 113 113 7 7 7 0 0 0 0 1 0 0 1
100 100 uniform 2 0 1007 0 0.001 1.6024372844104893 0.35060155863434495 0.057989705361519393 0.36374693153631044 -0.14635568413053385 0.35214899046400655 0 0.063826399121789223 3.92361452585958 OK 14 13 0.38396000000000002 0.37985000000000002 0.1351 0.24642900000000001 0.24442800000000001 0 0.13753100000000001 0.13542200000000001 0.1351 0.012715000000000001 0.012799 0.012642 0.094959999999999989 0.094557000000000044 0.09456700000000004 0.0048450000000000003 0.0039869999999999992 0.0039230000000000003 0.0011169999999999999 0.0011659999999999999 0.00109 3.9236153541025223 3.9236153541025223 3.9236153541025223 0.0013302657391586778 0.0013302657391586778 0.0013302657391586778 1 1 1 Converged Converged Converged OK OK OK 90 90 90 90 90 90 6 6 6 0 0 0 0 0 1 0 0
100 100 uniform 2 7 1007 1 0.001 1.6024372844104893 0.35060155863434495 0.057989705361519393 0.36374693153631044 -0.14635568413053385 0.35920860676888716 0 0.056766782816908612 3.6802210974101262 OK 13 12 0.31586399999999998 0.27777499999999999 0.10050199999999999 0.212558 0.15305199999999999 0 0.10330599999999998 0.124723 0.10050199999999999 0.0087659999999999995 0.0087039999999999999 0.0080269999999999994 0.076794000000000001 0.098839999999999983 0.076036999999999993 0.0033340000000000006 0.003081 0.0029859999999999995 0.00083700000000000007 0.00080400000000000003 0.0008299999999999999 3.6802214856856006 3.6802214856856006 3.6802214856856006 0.0011509777749950888 0.0011509777749950888 0.0011509777749950888 1 1 1 Converged Converged Converged OK OK OK 68 68 68 68 68 68 4 4 4 0 0 0 0 1 0 0 1
100 100 uniform 2 15 1007 2 0.001 1.6024372844104893 0.35060155863434495 0.057989705361519393 0.36374693153631044 -0.14635568413053385 0.36727673968875074 0 0.048698649897045032 3.6294372357236195 OK 13 12 0.29870000000000002 0.25217800000000001 0.095157000000000005 0.20146 0.134212 0 0.097240000000000021 0.11796600000000002 0.095157000000000005 0.0085280000000000009 0.008567 0.0078220000000000008 0.071448999999999999 0.092588000000000004 0.070954000000000003 0.0032660000000000002 0.0030219999999999999 0.0029250000000000001 0.00088399999999999991 0.00083699999999999996 0.00084100000000000006 3.6294375099437959 3.6294375099437959 3.6294375099437959 0.0011465253282408171 0.0011465253282408171 0.0011465253282408171 1 1 1 Converged Converged Converged OK OK OK 68 68 68 68 68 68 4 4 4 0 0 0 0 1 0 0 1
100 100 uniform 2 23 1007 3 0.001 1.6024372844104893 0.35060155863434495 0.057989705361519393 0.36374693153631044 -0.14635568413053385 0.37534487260861432 0 0.040630516977181452 3.5910907425110214 OK 13 12 0.29100799999999999 0.24263499999999999 0.093814999999999996 0.195162 0.13372000000000001 0 0.095845999999999987 0.10891499999999998 0.093814999999999996 0.0088199999999999997 0.0087410000000000005 0.008071 0.071391999999999997 0.084735000000000033 0.071083999999999994 0.0027910000000000001 0.0027480000000000004 0.0024450000000000001 0.00085300000000000003 0.00079200000000000006 0.00075199999999999996 3.5910914057112193 3.5910914057112193 3.5910914057112193 0.0017045759715982845 0.0017045759715982845 0.0017045759715982845 1 1 1 Converged Converged Converged OK OK OK 59 59 59 59 59 59 5 5 5 0 0 0 0 1 0 0 1
100 100 uniform 2 0 1007 0 0.0001 1.6024372844104893 0.35060155863434495 0.057989705361519393 0.36374693153631044 -0.14635568413053385 0.35214899046400655 0 0.063826399121789223 3.92361452585958 OK 14 13 0.43237500000000001 0.43210500000000002 0.18364800000000001 0.24444299999999999 0.247609 0 0.18793200000000002 0.18449600000000002 0.18364800000000001 0.012730999999999999 0.012848 0.012825 0.13107800000000003 0.12751200000000001 0.12697799999999998 0.0074839999999999993 0.0080750000000000006 0.0078630000000000002 0.0013780000000000001 0.0013989999999999999 0.0014299999999999998 3.9236145160799394 3.9236145160799394 3.9236145160799394 0.00010396623113669011 0.00010396623113669011 0.00010396623113669011 1 1 1 Converged Converged Converged OK OK OK 138 138 138 138 138 138 6 6 6 0 0 0 0 0 1 0 0
100 100 uniform 2 7 1007 1 0.0001 1.6024372844104893 0.35060155863434495 0.057989705361519393 0.36374693153631044 -0.14635568413053385 0.35920860676888716 0 0.056766782816908612 3.6802210974101262 OK 13 12 0.32889299999999999 0.303595 0.117683 0.20635300000000001 0.15257799999999999 0 0.12253999999999998 0.15101700000000001 0.117683 0.008482 0.0087969999999999993 0.008038 0.091633999999999938 0.11867300000000003 0.087842000000000031 0.0039350000000000001 0.0045869999999999999 0.0038060000000000004 0.00098600000000000011 0.001059 0.00094999999999999989 3.6802214765384225 3.6802214765384225 3.6802214765384225 0.00017749052184115301 0.00017749052184115301 0.00017749052184115301 1 1 1 Converged Converged Converged OK OK OK 84 84 84 84 84 84 4 4 4 0 0 0 0 1 0 0 1
100 100 uniform 2 15 1007 2 0.0001 1.6024372844104893 0.35060155863434495 0.057989705361519393 0.36374693153631044 -0.14635568413053385 0.36727673968875074 0 0.048698649897045032 3.6294372357236195 OK 13 12 0.30997000000000002 0.28515699999999999 0.11232300000000001 0.19627500000000001 0.13756099999999999 0 0.11369500000000002 0.147596 0.11232300000000001 0.0083610000000000004 0.0087089999999999997 0.0078079999999999998 0.083482999999999988 0.11629900000000001 0.082929000000000017 0.0038080000000000002 0.0044010000000000004 0.0039399999999999999 0.00096099999999999994 0.0010299999999999999 0.00099799999999999997 3.6294374898671964 3.6294374898671964 3.6294374898671964 0.00010572847077443093 0.00010572847077443093 0.00010572847077443093 1 1 1 Converged Converged Converged OK OK OK 84 84 84 84 84 84 4 4 4 0 0 0 0 1 0 0 1
100 100 uniform 2 23 1007 3 0.0001 1.6024372844104893 0.35060155863434495 0.057989705361519393 0.36374693153631044 -0.14635568413053385 0.37534487260861432 0 0.040630516977181452 3.5910907425110214 OK 13 12 0.31754399999999999 0.28587800000000002 0.118142 0.19731399999999999 0.13530400000000001 0 0.12023 0.15057400000000001 0.118142 0.0088780000000000005 0.0089440000000000006 0.0080079999999999995 0.089050000000000018 0.11907699999999999 0.088699000000000014 0.0040469999999999994 0.0042189999999999997 0.0036330000000000004 0.0010539999999999998 0.00109 0.001052 3.5910910681684571 3.5910910681684571 3.5910910681684571 0.00012989909184734109 0.00012989909184734109 0.00012989909184734109 1 1 1 Converged Converged Converged OK OK OK 83 83 83 83 83 83 5 5 5 0 0 0 0 1 0 0 1
100 100 uniform 3 0 1008 0 0.001 1.6024372844104893 0.35060155863434495 0.057989705361519393 0.22836169883213989 -0.23286207287821453 0.216763757759836 0 0.19921163182595977 3.3939389307215091 OK 13 12 0.31381900000000001 0.31776500000000002 0.086529999999999996 0.226185 0.229439 0 0.087634000000000017 0.088326000000000016 0.086529999999999996 0.0096939999999999995 0.010003 0.0095379999999999996 0.058168000000000004 0.058449999999999995 0.057750999999999997 0.0026800000000000001 0.0028429999999999996 0.0026930000000000001 0.00072999999999999996 0.00085699999999999991 0.00073400000000000006 3.3939379873641133 3.3939379873641133 3.3939379873641133 0.0032964688988710352 0.0032964688988710352 0.0032964688988710352 1 1 1 Converged Converged Converged OK OK OK 59 59 59 59 59 59 5 5 5 0 0 0 0 0 1 0 0
100 100 uniform 3 7 1008 1 0.001 1.6024372844104893 0.35060155863434495 0.057989705361519393 0.22836169883213989 -0.23286207287821453 0.22382337406471664 0 0.19215201552107913 3.4892543126594 OK 13 12 0.312247 0.264658 0.090464000000000003 0.21985499999999999 0.141097 0 0.092392000000000002 0.123561 0.090464000000000003 0.0088369999999999994 0.0088100000000000001 0.0081969999999999994 0.063609999999999986 0.095136999999999985 0.063257000000000008 0.003068 0.003055 0.0029950000000000003 0.00095200000000000005 0.0010080000000000002 0.00094399999999999996 3.4892549301378488 3.4892549301378488 3.4892549301378488 0.0016364908795628134 0.0016364908795628134 0.0016364908795628134 1 1 1 Converged Converged Converged OK OK OK 67 67 67 67 67 67 5 5 5 0 0 0 0 1 0 0 1
100 100 uniform 3 15 1008 2 0.001 1.6024372844104893 0.35060155863434495 0.057989705361519393 0.22836169883213989 -0.23286207287821453 0.23189150698458019 0 0.18408388260121558 3.6101366769318002 OK 13 12 0.30645600000000001 0.27099600000000001 0.092578999999999995 0.211898 0.141758 0 0.094558000000000003 0.12923800000000002 0.092578999999999995 0.008907 0.0089800000000000001 0.0082889999999999995 0.067015999999999992 0.10180399999999994 0.066428000000000015 0.0030530000000000002 0.0030360000000000001 0.00297 0.00089700000000000001 0.00086399999999999997 0.00082399999999999997 3.6101452664407683 3.6101452664407683 3.6101452664407683 0.0022837426401173676 0.0022837426401173676 0.0022837426401173676 1 1 1 Converged Converged Converged OK OK OK 67 67 67 67 67 67 5 5 5 0 0 0 0 1 0 0 1
100 100 uniform 3 23 1008 3 0.001 1.6024372844104893 0.35060155863434495 0.057989705361519393 0.22836169883213989 -0.23286207287821453 0.23995963990444377 0 0.176015749681352 3.7479116639700325 OK 13 12 0.31051099999999998 0.26435399999999998 0.086221999999999993 0.221774 0.149648 0 0.088736999999999983 0.11470599999999997 0.086221999999999993 0.0087329999999999994 0.0088400000000000006 0.0080459999999999993 0.060734999999999997 0.087106000000000003 0.059952000000000005 0.0031589999999999999 0.0031419999999999998 0.0030179999999999998 0.00084999999999999995 0.00084800000000000001 0.00077700000000000002 3.7479113406927014 3.7479113406927014 3.7479113406927014 0.00093839733747965045 0.00093839733747965045 0.00093839733747965045 1 1 1 Converged Converged Converged OK OK OK 60 60 60 60 60 60 4 4 4 0 0 0 0 1 0 0 1
100 100 uniform 3 0 1008 0 0.0001 1.6024372844104893 0.35060155863434495 0.057989705361519393 0.22836169883213989 -0.23286207287821453 0.216763757759836 0 0.19921163182595977 3.3939389307215091 OK 13 12 0.35483399999999998 0.35802899999999999 0.127604 0.22603200000000001 0.22800500000000001 0 0.12880199999999997 0.13002399999999997 0.127604 0.0097450000000000002 0.010241999999999999 0.0096290000000000004 0.085598999999999953 0.085261999999999977 0.084488999999999995 0.0048769999999999994 0.0052209999999999999 0.0047530000000000003 0.00109 0.0012489999999999999 0.0011050000000000001 3.3939387284046094 3.3939387284046094 3.3939387284046094 0.00016040281481937007 0.00016040281481937007 0.00016040281481937007 1 1 1 Converged Converged Converged OK OK OK 99 99 99 99 99 99 5 5 5 0 0 0 0 0 1 0 0
100 100 uniform 3 7 1008 1 0.0001 1.6024372844104893 0.35060155863434495 0.057989705361519393 0.22836169883213989 -0.23286207287821453 0.22382337406471664 0 0.19215201552107913 3.4892543126594 OK 13 12 0.341837 0.299151 0.116512 0.22412599999999999 0.144117 0 0.11771100000000001 0.15503400000000001 0.116512 0.0089300000000000004 0.0090010000000000003 0.0083899999999999999 0.082169000000000006 0.11929099999999999 0.081630999999999981 0.0046819999999999995 0.0049429999999999995 0.0050019999999999995 0.0010809999999999999 0.0011400000000000002 0.0011159999999999998 3.4892540576690565 3.4892540576690565 3.4892540576690565 8.150330130124213e-05 8.150330130124213e-05 8.150330130124213e-05 1 1 1 Converged Converged Converged OK OK OK 99 99 99 99 99 99 5 5 5 0 0 0 0 1 0 0 1
100 100 uniform 3 15 1008 2 0.0001 1.6024372844104893 0.35060155863434495 0.057989705361519393 0.22836169883213989 -0.23286207287821453 0.23189150698458019 0 0.18408388260121558 3.6101366769318002 OK 13 12 0.33573500000000001 0.30362 0.118855 0.21404500000000001 0.14266799999999999 0 0.12168999999999999 0.16095200000000001 0.118855 0.0089630000000000005 0.0089490000000000004 0.0082880000000000002 0.085253999999999983 0.125107 0.084604000000000013 0.0050570000000000007 0.0048649999999999995 0.0047090000000000005 0.0012120000000000002 0.001155 0.001142 3.6101363976714138 3.6101363976714138 3.6101363976714138 0.00016066219580454245 0.00016066219580454245 0.00016066219580454245 1 1 1 Converged Converged Converged OK OK OK 99 99 99 99 99 99 5 5 5 0 0 0 0 1 0 0 1
100 100 uniform 3 23 1008 3 0.0001 1.6024372844104893 0.35060155863434495 0.057989705361519393 0.22836169883213989 -0.23286207287821453 0.23995963990444377 0 0.176015749681352 3.7479116639700325 OK 13 12 0.347298 0.324855 0.123978 0.22061500000000001 0.152258 0 0.12668299999999999 0.172597 0.123978 0.0088120000000000004 0.0087399999999999995 0.0080770000000000008 0.088154999999999956 0.134524 0.087604000000000029 0.0051439999999999993 0.0052139999999999999 0.0049440000000000005 0.0011900000000000001 0.001139 0.0011159999999999998 3.7479113463365925 3.7479113463365925 3.7479113463365925 6.4528316127987573e-05 6.4528316127987573e-05 6.4528316127987573e-05 1 1 1 Converged Converged Converged OK OK OK 92 92 92 92 92 92 4 4 4 0 0 0 0 1 0 0 1
100 100 uniform 4 0 1009 0 0.001 1.6024372844104893 0.35060155863434495 0.057989705361519393 0.1794616924308709 0.020443249951400937 0.16786375135856701 0 0.24811163822722876 6.8381432634982184 OK 17 16 0.52196200000000004 0.52032400000000001 0.21579499999999999 0.31016199999999999 0.30993900000000002 0 0.21180000000000004 0.21038499999999999 0.21579499999999999 0.016367 0.016392 0.016310999999999999 0.14843099999999998 0.14768400000000001 0.15172700000000003 0.0055989999999999998 0.0055019999999999999 0.0062529999999999999 0.0014530000000000001 0.001451 0.0015789999999999999 6.8381684854265732 6.8381684854265732 6.8381684854265732 0.0031192972152435765 0.0031192972152435765 0.0031192972152435765 1 1 1 Converged Converged Converged OK OK OK 134 134 134 134 134 134 10 10 10 0 0 0 0 0 1 0 0
100 100 uniform 4 7 1009 1 0.001 1.6024372844104893 0.35060155863434495 0.057989705361519393 0.1794616924308709 0.020443249951400937 0.17492336766344765 0 0.24105202192234812 7.0317170942125555 OK 17 16 0.50812500000000005 0.43276900000000001 0.19935600000000001 0.312087 0.20280500000000001 0 0.19603800000000005 0.229964 0.19935600000000001 0.014735 0.014793000000000001 0.014082000000000001 0.15027000000000001 0.18382099999999996 0.15426299999999993 0.005437 0.0057149999999999996 0.005437 0.0014199999999999998 0.0013959999999999999 0.001423 7.0317663939283879 7.0317663939283879 7.0317663939283879 0.0044182915169859709 0.0044182915169859709 0.0044182915169859709 1 1 1 Converged Converged Converged OK OK OK 134 134 134 134 134 134 10 10 10 0 0 0 0 1 0 0 1
100 100 uniform 4 15 1009 2 0.001 1.6024372844104893 0.35060155863434495 0.057989705361519393 0.1794616924308709 0.020443249951400937 0.18299150058331121 0 0.23298388900248457 7.2786318758648925 OK 17 16 0.54057900000000003 0.462144 0.213335 0.325208 0.210065 0 0.21537100000000003 0.252079 0.213335 0.014999 0.015127 0.014349000000000001 0.16361700000000004 0.19990799999999997 0.16249899999999998 0.0061689999999999991 0.0066309999999999997 0.0063520000000000017 0.0015770000000000001 0.0016339999999999998 0.001562 7.2786422263544743 7.2786422263544743 7.2786422263544743 0.0027815406686385476 0.0027815406686385476 0.0027815406686385476 1 1 1 Converged Converged Converged OK OK OK 150 150 150 150 150 150 10 10 10 0 0 0 0 1 0 0 1
100 100 uniform 4 23 1009 3 0.001 1.6024372844104893 0.35060155863434495 0.057989705361519393 0.1794616924308709 0.020443249951400937 0.19105963350317479 0 0.22491575608262099 7.557861039117431 OK 17 16 0.50112199999999996 0.446052 0.202178 0.29708400000000001 0.20443800000000001 0 0.20403799999999994 0.241614 0.202178 0.014929 0.015450999999999999 0.014326 0.15692599999999987 0.19203199999999995 0.15598900000000004 0.0058089999999999999 0.0067599999999999995 0.0057460000000000011 0.0015420000000000002 0.0016589999999999999 0.001567 7.5578759813296958 7.5578759813296958 7.5578759813296958 0.0041957571430422192 0.0041957571430422192 0.0041957571430422192 1 1 1 Converged Converged Converged OK OK OK 149 149 149 149 149 149 11 11 11 0 0 0 0 1 0 0 1
100 100 uniform 4 0 1009 0 0.0001 1.6024372844104893 0.35060155863434495 0.057989705361519393 0.1794616924308709 0.020443249951400937 0.16786375135856701 0 0.24811163822722876 6.8381432634982184 OK 17 16 0.608653 0.60231999999999997 0.29515400000000003 0.31122300000000003 0.30344300000000002 0 0.29742999999999997 0.29887699999999995 0.29515400000000003 0.016077000000000001 0.016264000000000001 0.015944 0.21190400000000015 0.20804399999999987 0.20871700000000004 0.0083090000000000021 0.0094640000000000002 0.0091219999999999999 0.002101 0.0021970000000000002 0.0021620000000000007 6.8381438360617368 6.8381438360617368 6.8381438360617368 0.00038985635390977844 0.00038985635390977844 0.00038985635390977844 1 1 1 Converged Converged Converged OK OK OK 190 190 190 190 190 190 10 10 10 0 0 0 0 0 1 0 0
100 100 uniform 4 7 1009 1 0.0001 1.6024372844104893 0.35060155863434495 0.057989705361519393 0.1794616924308709 0.020443249951400937 0.17492336766344765 0 0.24105202192234812 7.0317170942125555 OK 17 16 0.58776300000000004 0.520428 0.26566200000000001 0.31648599999999999 0.206868 0 0.27127700000000005 0.31356000000000001 0.26566200000000001 0.015072 0.01508 0.014104 0.20883400000000008 0.25215500000000007 0.20689999999999983 0.0095739999999999992 0.009297999999999999 0.008405000000000001 0.0020570000000000002 0.0021050000000000001 0.0020690000000000001 7.0317175203632534 7.0317175203632534 7.0317175203632534 0.000389397905089221 0.000389397905089221 0.000389397905089221 1 1 1 Converged Converged Converged OK OK OK 190 190 190 190 190 190 10 10 10 0 0 0 0 1 0 0 1
100 100 uniform 4 15 1009 2 0.0001 1.6024372844104893 0.35060155863434495 0.057989705361519393 0.1794616924308709 0.020443249951400937 0.18299150058331121 0 0.23298388900248457 7.2786318758648925 OK 17 16 0.59611000000000003 0.53005100000000005 0.26983400000000002 0.324096 0.206566 0 0.27201400000000003 0.32348500000000002 0.26983400000000002 0.015251000000000001 0.015192000000000001 0.014399 0.21133399999999999 0.2627440000000002 0.21115400000000001 0.0086460000000000009 0.0088859999999999981 0.0082369999999999995 0.0020179999999999998 0.0020959999999999998 0.002003 7.2786312051785256 7.2786312051785256 7.2786312051785256 0.0004657612749238443 0.0004657612749238443 0.0004657612749238443 1 1 1 Converged Converged Converged OK OK OK 190 190 190 190 190 190 10 10 10 0 0 0 0 1 0 0 1
100 100 uniform 4 23 1009 3 0.0001 1.6024372844104893 0.35060155863434495 0.057989705361519393 0.1794616924308709 0.020443249951400937 0.19105963350317479 0 0.22491575608262099 7.557861039117431 OK 17 16 0.607012 0.560639 0.30311399999999999 0.29996499999999998 0.20832100000000001 0 0.30704700000000001 0.35231800000000002 0.30311399999999999 0.01503 0.015225000000000001 0.014506 0.23332500000000009 0.2785419999999999 0.23214500000000005 0.012063000000000001 0.011654999999999999 0.010697999999999999 0.0024229999999999998 0.0024459999999999998 0.0023750000000000004 7.5578676044951036 7.5578676044951036 7.5578676044951036 0.00047982311402777349 0.00047982311402777349 0.00047982311402777349 1 1 1 Converged Converged Converged OK OK OK 229 229 229 229 229 229 11 11 11 0 0 0 0 1 0 0 1
101 101 linear 0 0 1010 0 0.001 0.99456365081504194 0.12039759355546278 3.7934163280538612e-05 0.077090450866060978 -0.00032987307233948223 0.077082864033404863 0.5 0.029792651305640724 1496.8880758078362 OK 14 13 0.75030300000000005 0.75260099999999996 0.14346 0.60803300000000005 0.61104700000000001 0 0.14227000000000001 0.14155399999999996 0.14346 0.012834 0.013002 0.013828999999999999 0.11128000000000002 0.11004399999999998 0.11112799999999999 0.0024139999999999999 0.0025440000000000003 0.0025460000000000001 0.00064299999999999991 0.00076000000000000004 0.00073400000000000006 1496.8946999900502 1496.8946999900502 1496.8946999900502 0.34742916517213329 0.34742916517213329 0.34742916517213329 1 1 1 Converged Converged Converged OK OK OK 59 59 59 59 59 59 5 5 5 0 0 0 0 0 1 0 0
101 101 linear 0 7 1010 1 0.001 0.99456365081504194 0.12039759355546278 3.7934163280538612e-05 0.077090450866060978 -0.00032987307233948223 0.07708748210545642 0.5 0.029788033233589167 1487.715978664658 OK 14 13 0.66842900000000005 0.63895299999999999 0.12549399999999999 0.53995800000000005 0.41304999999999997 0 0.128471 0.22590300000000002 0.12549399999999999 0.012132 0.012213999999999999 0.012472 0.100914 0.19853799999999991 0.098349999999999951 0.0024980000000000002 0.0025129999999999996 0.0024380000000000001 0.00071299999999999998 0.00068900000000000005 0.00069800000000000005 1487.7176393889356 1487.7176393889356 1487.7176393889356 0.34573977192510702 0.34573977192510702 0.34573977192510702 1 1 1 Converged Converged Converged OK OK OK 59 59 59 59 59 59 5 5 5 0 0 0 0 1 0 0 1
101 101 linear 0 15 1010 2 0.001 0.99456365081504194 0.12039759355546278 3.7934163280538612e-05 0.077090450866060978 -0.00032987307233948223 0.077092759902086749 0.5 0.029782755436958838 1474.8321732831091 OK 14 13 0.74952200000000002 0.71304199999999995 0.13242799999999999 0.616456 0.48997000000000002 0 0.13306600000000002 0.22307199999999994 0.13242799999999999 0.012059 0.013493 0.011323 0.10596600000000003 0.193964 0.10675200000000004 0.002369 0.0026199999999999999 0.0023529999999999996 0.00064599999999999987 0.00073399999999999995 0.00065999999999999989 1474.8317447642571 1474.8317447642571 1474.8317447642571 0.34273661783285153 0.34273661783285153 0.34273661783285153 1 1 1 Converged Converged Converged OK OK OK 59 59 59 59 59 59 5 5 5 0 0 0 0 1 0 0 1
101 101 linear 0 23 1010 3 0.001 0.99456365081504194 0.12039759355546278 3.7934163280538612e-05 0.077090450866060978 -0.00032987307233948223 0.077098037698717092 0.5 0.029777477640328495 1459.4835480674478 OK 14 13 0.66032900000000005 0.647254 0.133633 0.52191399999999999 0.40754499999999999 0 0.13841500000000007 0.23970900000000001 0.133633 0.012175 0.013509 0.011421000000000001 0.11091299999999998 0.210592 0.10789500000000003 0.0026120000000000002 0.002578 0.002392 0.00070799999999999997 0.00071000000000000002 0.0006910000000000001 1459.4841252848823 1459.4841252848823 1459.4841252848823 0.33886850591870071 0.33886850591870071 0.33886850591870071 1 1 1 Converged Converged Converged OK OK OK 59 59 59 59 59 59 5 5 5 0 0 0 0 1 0 0 1
101 101 linear 0 0 1010 0 0.0001 0.99456365081504194 0.12039759355546278 3.7934163280538612e-05 0.077090450866060978 -0.00032987307233948223 0.077082864033404863 0.5 0.029792651305640724 1496.8880758078362 OK 14 13 0.81027199999999999 0.80737099999999995 0.19211600000000001 0.60751599999999994 0.61021499999999995 0 0.20275600000000005 0.197156 0.19211600000000001 0.013162 0.013076000000000001 0.012459 0.16018899999999997 0.15575499999999995 0.15112500000000004 0.004352 0.0039769999999999996 0.0040860000000000002 0.0010600000000000002 0.0010170000000000001 0.00095799999999999998 1496.8947063396392 1496.8947063396392 1496.8947063396392 0.11193919561673334 0.11193919561673334 0.11193919561673334 1 1 1 Converged Converged Converged OK OK OK 91 91 91 91 91 91 5 5 5 0 0 0 0 0 1 0 0
101 101 linear 0 7 1010 1 0.0001 0.99456365081504194 0.12039759355546278 3.7934163280538612e-05 0.077090450866060978 -0.00032987307233948223 0.07708748210545642 0.5 0.029788033233589167 1487.715978664658 OK 14 13 0.72297500000000003 0.755077 0.179866 0.53745799999999999 0.41136800000000001 0 0.18551700000000004 0.34370899999999999 0.179866 0.012218 0.013494000000000001 0.011462999999999999 0.14964800000000003 0.30610899999999996 0.14580599999999999 0.0040639999999999999 0.0041679999999999998 0.0039620000000000002 0.0010059999999999999 0.001049 0.00093300000000000002 1487.7176437277624 1487.7176437277624 1487.7176437277624 0.10879796241207375 0.10879796241207375 0.10879796241207375 1 1 1 Converged Converged Converged OK OK OK 91 91 91 91 91 91 5 5 5 0 0 0 0 1 0 0 1
101 101 linear 0 15 1010 2 0.0001 0.99456365081504194 0.12039759355546278 3.7934163280538612e-05 0.077090450866060978 -0.00032987307233948223 0.077092759902086749 0.5 0.029782755436958838 1474.8321732831091 OK 14 13 0.81137300000000001 0.81914299999999995 0.19062999999999999 0.61934299999999998 0.49199900000000002 0 0.19203000000000003 0.32714399999999993 0.19062999999999999 0.012087000000000001 0.012161 0.011297 0.15686300000000006 0.291576 0.15664599999999995 0.0039889999999999995 0.004032 0.0040179999999999999 0.0009630000000000001 0.00096200000000000007 0.00094600000000000001 1474.8317474739667 1474.8317474739667 1474.8317474739667 0.10504842309241777 0.10504842309241777 0.10504842309241777 1 1 1 Converged Converged Converged OK OK OK 91 91 91 91 91 91 5 5 5 0 0 0 0 1 0 0 1
101 101 linear 0 23 1010 3 0.0001 0.99456365081504194 0.12039759355546278 3.7934163280538612e-05 0.077090450866060978 -0.00032987307233948223 0.077098037698717092 0.5 0.029777477640328495 1459.4835480674478 OK 14 13 0.72192299999999998 0.74603699999999995 0.190442 0.52611399999999997 0.40498099999999998 0 0.19580900000000001 0.34105599999999997 0.190442 0.012097 0.012148000000000001 0.011457 0.16066699999999989 0.30544900000000003 0.15632399999999996 0.0041679999999999998 0.0042240000000000003 0.0039510000000000005 0.00088699999999999998 0.00094500000000000009 0.00092900000000000003 1459.4841268795299 1459.4841268795299 1459.4841268795299 0.10119038202136496 0.10119038202136496 0.10119038202136496 1 1 1 Converged Converged Converged OK OK OK 91 91 91 91 91 91 5 5 5 0 0 0 0 1 0 0 1
101 101 linear 1 0 1011 0 0.001 0.99456365081504194 0.12039759355546278 3.7934163280538612e-05 0.070964677117404631 -0.13893479500736056 0.070957090284748517 0.5 0.035918425054297071 253.70574463051045 OK 14 13 0.48143000000000002 0.47490100000000002 0.188718 0.28908699999999998 0.285466 0 0.19234300000000004 0.18943500000000002 0.188718 0.013457999999999999 0.013466000000000001 0.013244000000000001 0.15531699999999998 0.15262799999999999 0.152534 0.0032000000000000002 0.0029499999999999999 0.0029759999999999999 0.00085399999999999994 0.00083299999999999997 0.000852 253.70529424317769 253.70529424317769 253.70529424317769 0.18122844730113941 0.18122844730113941 0.18122844730113941 1 1 1 Converged Converged Converged OK OK OK 74 74 74 74 74 74 6 6 6 0 0 0 0 0 1 0 0
101 101 linear 1 7 1011 1 0.001 0.99456365081504194 0.12039759355546278 3.7934163280538612e-05 0.070964677117404631 -0.13893479500736056 0.070961708356800074 0.5 0.035913806982245514 274.90364360391402 OK 14 13 0.45426100000000003 0.45569599999999999 0.15853500000000001 0.29153400000000002 0.190191 0 0.16272700000000001 0.26550499999999999 0.15853500000000001 0.012718999999999999 0.012644000000000001 0.011939999999999999 0.13346699999999997 0.23632699999999995 0.13052599999999995 0.0026519999999999998 0.0027199999999999998 0.0026909999999999998 0.00075099999999999993 0.0007719999999999999 0.00070799999999999997 274.90408478815363 274.90408478815363 274.90408478815363 0.17824422478938198 0.17824422478938198 0.17824422478938198 1 1 1 Converged Converged Converged OK OK OK 66 66 66 66 66 66 6 6 6 0 0 0 0 1 0 0 1
101 101 linear 1 15 1011 2 0.001 0.99456365081504194 0.12039759355546278 3.7934163280538612e-05 0.070964677117404631 -0.13893479500736056 0.070966986153430403 0.5 0.035908529185615184 288.02313312878971 OK 14 13 0.45696399999999998 0.45178099999999999 0.15465300000000001 0.293846 0.191717 0 0.16311799999999999 0.26006399999999996 0.15465300000000001 0.012692999999999999 0.012655 0.011972 0.13422499999999998 0.23106600000000002 0.12685800000000003 0.0026489999999999999 0.0028180000000000002 0.0026649999999999998 0.00064599999999999998 0.00066500000000000001 0.00065200000000000002 288.0229382750332 288.0229382750332 288.0229382750332 0.17962189768339459 0.17962189768339459 0.17962189768339459 1 1 1 Converged Converged Converged OK OK OK 66 66 66 66 66 66 6 6 6 0 0 0 0 1 0 0 1
101 101 linear 1 23 1011 3 0.001 0.99456365081504194 0.12039759355546278 3.7934163280538612e-05 0.070964677117404631 -0.13893479500736056 0.070972263950060746 0.5 0.035903251388984841 293.05890125319951 OK 14 13 0.45121600000000001 0.46255200000000002 0.156588 0.29373100000000002 0.17943799999999999 0 0.15748499999999999 0.28311400000000003 0.156588 0.012553999999999999 0.012704999999999999 0.013259999999999999 0.12868399999999999 0.25393799999999994 0.12635199999999999 0.0026589999999999999 0.0028709999999999994 0.0027389999999999997 0.00064900000000000005 0.00065299999999999993 0.00063299999999999999 293.06027811091923 293.06027811091923 293.06027811091923 0.17375507467364418 0.17375507467364418 0.17375507467364418 1 1 1 Converged Converged Converged OK OK OK 66 66 66 66 66 66 6 6 6 0 0 0 0 1 0 0 1
101 101 linear 1 0 1011 0 0.0001 0.99456365081504194 0.12039759355546278 3.7934163280538612e-05 0.070964677117404631 -0.13893479500736056 0.070957090284748517 0.5 0.035918425054297071 253.70574463051045 OK 14 13 0.52946899999999997 0.524729 0.23808599999999999 0.28635100000000002 0.28544999999999998 0 0.24311799999999995 0.23927900000000002 0.23808599999999999 0.013650000000000001 0.013507999999999999 0.013140000000000001 0.19745700000000013 0.19395099999999993 0.19349900000000003 0.0043999999999999994 0.0042060000000000005 0.0043930000000000002 0.001101 0.0011330000000000001 0.0010809999999999999 253.70492568901398 253.70492568901398 253.70492568901398 0.023561692928515631 0.023561692928515631 0.023561692928515631 1 1 1 Converged Converged Converged OK OK OK 98 98 98 98 98 98 6 6 6 0 0 0 0 0 1 0 0
101 101 linear 1 7 1011 1 0.0001 0.99456365081504194 0.12039759355546278 3.7934163280538612e-05 0.070964677117404631 -0.13893479500736056 0.070961708356800074 0.5 0.035913806982245514 274.90364360391402 OK 14 13 0.48254000000000002 0.52424499999999996 0.182867 0.29561399999999999 0.19225800000000001 0 0.18692600000000004 0.33198699999999992 0.182867 0.0126 0.012697 0.012022 0.15369600000000003 0.29854600000000003 0.15075799999999998 0.0034499999999999999 0.0035590000000000005 0.003467 0.00097400000000000004 0.00097399999999999993 0.00096099999999999994 274.90421940289048 274.90421940289048 274.90421940289048 0.026188742534039539 0.026188742534039539 0.026188742534039539 1 1 1 Converged Converged Converged OK OK OK 82 82 82 82 82 82 6 6 6 0 0 0 0 1 0 0 1
101 101 linear 1 15 1011 2 0.0001 0.99456365081504194 0.12039759355546278 3.7934163280538612e-05 0.070964677117404631 -0.13893479500736056 0.070966986153430403 0.5 0.035908529185615184 288.02313312878971 OK 14 13 0.511432 0.57951699999999995 0.21440100000000001 0.29531800000000002 0.19283 0 0.21611399999999997 0.38668699999999995 0.21440100000000001 0.012572 0.012618000000000001 0.015685999999999999 0.17965699999999998 0.34967600000000004 0.17557200000000003 0.004346 0.004516 0.0041779999999999994 0.0010969999999999999 0.00115 0.0010560000000000001 288.0231094053301 288.0231094053301 288.0231094053301 0.021108917778874657 0.021108917778874657 0.021108917778874657 1 1 1 Converged Converged Converged OK OK OK 98 98 98 98 98 98 6 6 6 0 0 0 0 1 0 0 1
101 101 linear 1 23 1011 3 0.0001 0.99456365081504194 0.12039759355546278 3.7934163280538612e-05 0.070964677117404631 -0.13893479500736056 0.070972263950060746 0.5 0.035903251388984841 293.05890125319951 OK 14 13 0.50312000000000001 0.59101800000000004 0.20071600000000001 0.297456 0.181951 0 0.20566400000000001 0.40906700000000007 0.20071600000000001 0.012524 0.012801 0.011991999999999999 0.16933100000000001 0.37209100000000001 0.16587800000000003 0.0044320000000000002 0.004529 0.004169 0.0010250000000000001 0.0010219999999999999 0.001008 293.06043674805903 293.06043674805903 293.06043674805903 0.021017553492367884 0.021017553492367884 0.021017553492367884 1 1 1 Converged Converged Converged OK OK OK 98 98 98 98 98 98 6 6 6 0 0 0 0 1 0 0 1
101 101 linear 2 0 1012 0 0.001 0.99456365081504194 0.12039759355546278 3.7934163280538612e-05 -0.24686051797046146 0.10245190808417516 -0.24686810480311758 0.5 0.35374362014216315 8.4096124007876476 OK 14 13 0.517679 0.51379200000000003 0.19009799999999999 0.323241 0.32242100000000001 0 0.194438 0.19137100000000001 0.19009799999999999 0.011818 0.011705999999999999 0.011305000000000001 0.15708999999999998 0.15407000000000001 0.15359300000000004 0.0034110000000000004 0.0033579999999999999 0.0033450000000000003 0.00099099999999999991 0.00097999999999999997 0.00097899999999999984 8.4094102000840412 8.4094102000840412 8.4094102000840412 0.004358325640440636 0.004358325640440636 0.004358325640440636 1 1 1 Converged Converged Converged OK OK OK 75 75 75 75 75 75 5 5 5 0 0 0 0 0 1 0 0
101 101 linear 2 7 1012 1 0.001 0.99456365081504194 0.12039759355546278 3.7934163280538612e-05 -0.24686051797046146 0.10245190808417516 -0.24686348673106603 0.5 0.35373900207011161 15.273597826721714 OK 14 13 0.48933199999999999 0.48979600000000001 0.15238599999999999 0.32776300000000003 0.201237 0 0.16156899999999996 0.28855900000000001 0.15238599999999999 0.010959 0.010959 0.010288 0.13280600000000001 0.25999 0.12496299999999998 0.0029080000000000004 0.0029509999999999996 0.0028309999999999997 0.00078199999999999993 0.00077899999999999996 0.00078899999999999999 15.273691634917157 15.273691634917157 15.273691634917157 0.010818793781371261 0.010818793781371261 0.010818793781371261 1 1 1 Converged Converged Converged OK OK OK 67 67 67 67 67 67 5 5 5 0 0 0 0 1 0 0 1
101 101 linear 2 15 1012 2 0.001 0.99456365081504194 0.12039759355546278 3.7934163280538612e-05 -0.24686051797046146 0.10245190808417516 -0.24685820893443569 0.5 0.35373372427348126 23.531859872689775 OK 14 13 0.50155300000000003 0.49587700000000001 0.16344 0.33422200000000002 0.21041599999999999 0 0.16733100000000001 0.28546100000000002 0.16344 0.010781000000000001 0.010836999999999999 0.010139 0.13898199999999999 0.25679999999999997 0.13609400000000002 0.0029709999999999997 0.003009 0.0028649999999999999 0.00078499999999999989 0.00079000000000000001 0.00079500000000000003 23.53194618788164 23.53194618788164 23.53194618788164 0.010955967523136295 0.010955967523136295 0.010955967523136295 1 1 1 Converged Converged Converged OK OK OK 67 67 67 67 67 67 5 5 5 0 0 0 0 1 0 0 1
101 101 linear 2 23 1012 3 0.001 0.99456365081504194 0.12039759355546278 3.7934163280538612e-05 -0.24686051797046146 0.10245190808417516 -0.24685293113780535 0.5 0.35372844647685092 31.974490197839113 OK 14 13 0.49513400000000002 0.49776900000000002 0.15090300000000001 0.34031 0.21188399999999999 0 0.15482400000000002 0.28588500000000006 0.15090300000000001 0.010803999999999999 0.010765 0.010200000000000001 0.12659299999999998 0.257581 0.12357100000000001 0.0028440000000000002 0.0029639999999999996 0.0029220000000000001 0.00079799999999999999 0.00079199999999999995 0.00081499999999999997 31.974566262122156 31.974566262122156 31.974566262122156 0.011167978981603974 0.011167978981603974 0.011167978981603974 1 1 1 Converged Converged Converged OK OK OK 67 67 67 67 67 67 5 5 5 0 0 0 0 1 0 0 1
101 101 linear 2 0 1012 0 0.0001 0.99456365081504194 0.12039759355546278 3.7934163280538612e-05 -0.24686051797046146 0.10245190808417516 -0.24686810480311758 0.5 0.35374362014216315 8.4096124007876476 OK 14 13 0.60069300000000003 0.60160899999999995 0.27137899999999998 0.32392599999999999 0.32461099999999998 0 0.27676700000000004 0.27699799999999997 0.27137899999999998 0.011738999999999999 0.01197 0.011341 0.22680400000000003 0.226356 0.22213399999999997 0.0050790000000000002 0.0051390000000000003 0.005043999999999999 0.001263 0.0013389999999999999 0.0012930000000000001 8.4094102023992967 8.4094102023992967 8.4094102023992967 0.00011461114556008055 0.00011461114556008055 0.00011461114556008055 1 1 1 Converged Converged Converged OK OK OK 107 107 107 107 107 107 5 5 5 0 0 0 0 0 1 0 0
101 101 linear 2 7 1012 1 0.0001 0.99456365081504194 0.12039759355546278 3.7934163280538612e-05 -0.24686051797046146 0.10245190808417516 -0.24686348673106603 0.5 0.35373900207011161 15.273597826721714 OK 14 13 0.59124100000000002 0.65285099999999996 0.25209300000000001 0.33101799999999998 0.197184 0 0.26022300000000004 0.45566699999999993 0.25209300000000001 0.010973 0.010972000000000001 0.010292000000000001 0.21800300000000006 0.41396700000000003 0.21216600000000008 0.0056740000000000002 0.0051970000000000002 0.0050769999999999999 0.0012480000000000002 0.0013090000000000001 0.0012540000000000001 15.273729433614141 15.273729433614141 15.273729433614141 0.00018413752316972037 0.00018413752316972037 0.00018413752316972037 1 1 1 Converged Converged Converged OK OK OK 107 107 107 107 107 107 5 5 5 0 0 0 0 1 0 0 1
101 101 linear 2 15 1012 2 0.0001 0.99456365081504194 0.12039759355546278 3.7934163280538612e-05 -0.24686051797046146 0.10245190808417516 -0.24685820893443569 0.5 0.35373372427348126 23.531859872689775 OK 14 13 0.56710099999999997 0.590889 0.22140499999999999 0.33658500000000002 0.20974999999999999 0 0.23051599999999994 0.38113900000000001 0.22140499999999999 0.010911000000000001 0.010794 0.010246999999999999 0.19384199999999999 0.34494699999999984 0.18675700000000003 0.0043940000000000012 0.0042820000000000002 0.0042079999999999991 0.0011799999999999998 0.0011000000000000001 0.0010920000000000001 23.531983986243038 23.531983986243038 23.531983986243038 0.0020008774562920088 0.0020008774562920088 0.0020008774562920088 1 1 1 Converged Converged Converged OK OK OK 91 91 91 91 91 91 5 5 5 0 0 0 0 1 0 0 1
101 101 linear 2 23 1012 3 0.0001 0.99456365081504194 0.12039759355546278 3.7934163280538612e-05 -0.24686051797046146 0.10245190808417516 -0.24685293113780535 0.5 0.35372844647685092 31.974490197839113 OK 14 13 0.55688300000000002 0.60696700000000003 0.20995800000000001 0.341472 0.20888499999999999 0 0.21541100000000002 0.39808200000000005 0.20995800000000001 0.010902999999999999 0.010925000000000001 0.010244 0.17914400000000003 0.36140899999999998 0.175264 0.0042529999999999998 0.0044730000000000004 0.0040889999999999998 0.0011819999999999999 0.0012020000000000002 0.0011389999999999998 31.974604061056674 31.974604061056674 31.974604061056674 0.0022127804547636097 0.0022127804547636097 0.0022127804547636097 1 1 1 Converged Converged Converged OK OK OK 91 91 91 91 91 91 5 5 5 0 0 0 0 1 0 0 1
101 101 linear 3 0 1013 0 0.001 0.99456365081504194 0.12039759355546278 3.7934163280538612e-05 -0.45067945839215073 -0.00025797291974286491 -0.45068704522480685 0.5 0.55756256056385245 28.691872055133015 OK 13 12 0.495334 0.49476799999999999 0.103851 0.385573 0.38919399999999998 0 0.109761 0.105574 0.103851 0.0095119999999999996 0.0094400000000000005 0.0090620000000000006 0.080914999999999973 0.077224000000000001 0.076407000000000003 0.0028509999999999998 0.0028419999999999999 0.0027260000000000001 0.000602 0.00058599999999999993 0.000562 28.691836855265272 28.691836855265272 28.691836855265272 0.0043620595304051909 0.0043620595304051909 0.0043620595304051909 1 1 1 Converged Converged Converged OK OK OK 53 53 53 53 53 53 3 3 3 0 0 0 0 0 1 0 0
101 101 linear 3 7 1013 1 0.001 0.99456365081504194 0.12039759355546278 3.7934163280538612e-05 -0.45067945839215073 -0.00025797291974286491 -0.4506824271527553 0.5 0.55755794249180091 28.673580964983682 OK 13 12 0.47948000000000002 0.38741799999999998 0.100966 0.37526500000000002 0.24673100000000001 0 0.104215 0.14068699999999998 0.100966 0.0085559999999999994 0.0085349999999999992 0.0079900000000000006 0.078359000000000026 0.11541900000000001 0.076874999999999999 0.0027290000000000001 0.0027699999999999999 0.0026550000000000002 0.00066799999999999997 0.00060899999999999995 0.00057499999999999999 28.673545795089275 28.673545795089275 28.673545795089275 0.0043621196758723887 0.0043621196758723887 0.0043621196758723887 1 1 1 Converged Converged Converged OK OK OK 53 53 53 53 53 53 3 3 3 0 0 0 0 1 0 0 1
101 101 linear 3 15 1013 2 0.001 0.99456365081504194 0.12039759355546278 3.7934163280538612e-05 -0.45067945839215073 -0.00025797291974286491 -0.45067714935612496 0.5 0.55755266469517051 28.652700915551648 OK 13 12 0.50256599999999996 0.43323899999999999 0.10177899999999999 0.39350200000000002 0.28634399999999999 0 0.10906399999999994 0.146895 0.10177899999999999 0.0087279999999999996 0.0087729999999999995 0.0082760000000000004 0.083143999999999996 0.12148399999999998 0.077453000000000008 0.0028529999999999996 0.0027060000000000001 0.002676 0.00061499999999999999 0.00061399999999999996 0.00059399999999999991 28.652665787079254 28.652665787079254 28.652665787079254 0.0043621883922633853 0.0043621883922633853 0.0043621883922633853 1 1 1 Converged Converged Converged OK OK OK 53 53 53 53 53 53 3 3 3 0 0 0 0 1 0 0 1
101 101 linear 3 23 1013 3 0.001 0.99456365081504194 0.12039759355546278 3.7934163280538612e-05 -0.45067945839215073 -0.00025797291974286491 -0.45067187155949462 0.5 0.55754738689854022 28.631846493504682 OK 13 12 0.50376699999999996 0.39493499999999998 0.103558 0.39709499999999998 0.25671500000000003 0 0.10667199999999999 0.13821999999999995 0.103558 0.0085129999999999997 0.0084799999999999997 0.0079220000000000002 0.081331000000000014 0.11321400000000001 0.079552999999999985 0.0027859999999999998 0.0027550000000000001 0.0027079999999999999 0.00059000000000000003 0.00058699999999999996 0.00057400000000000007 28.631811411079461 28.631811411079461 28.631811411079461 0.0043622571233208843 0.0043622571233208843 0.0043622571233208843 1 1 1 Converged Converged Converged OK OK OK 53 53 53 53 53 53 3 3 3 0 0 0 0 1 0 0 1
101 101 linear 3 0 1013 0 0.0001 0.99456365081504194 0.12039759355546278 3.7934163280538612e-05 -0.45067945839215073 -0.00025797291974286491 -0.45068704522480685 0.5 0.55756256056385245 28.691872055133015 OK 13 12 0.51122299999999998 0.50611700000000004 0.119806 0.38888 0.38427099999999997 0 0.12234299999999998 0.12184600000000007 0.119806 0.0092449999999999997 0.00941 0.0090220000000000005 0.09104799999999999 0.089966000000000018 0.089093000000000006 0.0031180000000000001 0.0035539999999999999 0.003078 0.00071000000000000002 0.00069899999999999997 0.00067899999999999992 28.691857267050796 28.691857267050796 28.691857267050796 0.0009106789049577608 0.0009106789049577608 0.0009106789049577608 1 1 1 Converged Converged Converged OK OK OK 61 61 61 61 61 61 3 3 3 0 0 0 0 0 1 0 0
101 101 linear 3 7 1013 1 0.0001 0.99456365081504194 0.12039759355546278 3.7934163280538612e-05 -0.45067945839215073 -0.00025797291974286491 -0.4506824271527553 0.5 0.55755794249180091 28.673580964983682 OK 13 12 0.49674699999999999 0.41021800000000003 0.11640200000000001 0.37752799999999997 0.24918799999999999 0 0.11921900000000002 0.16103000000000003 0.11640200000000001 0.0086730000000000002 0.0085319999999999997 0.0080879999999999997 0.091232999999999995 0.13310899999999998 0.089530999999999999 0.0031879999999999999 0.0033670000000000002 0.003209 0.000776 0.00080800000000000012 0.00075600000000000005 28.673566207155794 28.673566207155794 28.673566207155794 0.00091069154495532396 0.00091069154495532396 0.00091069154495532396 1 1 1 Converged Converged Converged OK OK OK 61 61 61 61 61 61 3 3 3 0 0 0 0 1 0 0 1
101 101 linear 3 15 1013 2 0.0001 0.99456365081504194 0.12039759355546278 3.7934163280538612e-05 -0.45067945839215073 -0.00025797291974286491 -0.45067714935612496 0.5 0.55755266469517051 28.652700915551648 OK 13 12 0.51456100000000005 0.450934 0.117312 0.39404699999999998 0.28432400000000002 0 0.12051400000000007 0.16660999999999998 0.117312 0.0088819999999999993 0.0088100000000000001 0.0082909999999999998 0.092614000000000002 0.13810699999999998 0.090373999999999996 0.0031770000000000001 0.0034289999999999998 0.0031470000000000001 0.00070799999999999997 0.00073200000000000012 0.00072600000000000008 28.652686199466871 28.652686199466871 28.652686199466871 0.00091070596907021799 0.00091070596907021799 0.00091070596907021799 1 1 1 Converged Converged Converged OK OK OK 61 61 61 61 61 61 3 3 3 0 0 0 0 1 0 0 1
101 101 linear 3 23 1013 3 0.0001 0.99456365081504194 0.12039759355546278 3.7934163280538612e-05 -0.45067945839215073 -0.00025797291974286491 -0.45067187155949462 0.5 0.55754738689854022 28.631846493504682 OK 13 12 0.52133300000000005 0.42168699999999998 0.118751 0.399092 0.262378 0 0.12224100000000004 0.15930899999999998 0.118751 0.0085220000000000001 0.0084200000000000004 0.0079760000000000005 0.094242999999999993 0.131519 0.092266999999999974 0.0032779999999999997 0.0033610000000000003 0.0031570000000000001 0.00072599999999999997 0.00070800000000000008 0.00070400000000000009 28.631831823788129 28.631831823788129 28.631831823788129 0.00091072040676950085 0.00091072040676950085 0.00091072040676950085 1 1 1 Converged Converged Converged OK OK OK 61 61 61 61 61 61 3 3 3 0 0 0 0 1 0 0 1
101 101 linear 4 0 1014 0 0.001 0.99456365081504194 0.12039759355546278 3.7934163280538612e-05 0.050816672896087996 -0.072473315890792644 0.050809086063431888 0.5 0.056066429275613699 4.5493094165061754 OK 13 12 0.45125199999999999 0.44653799999999999 0.166104 0.28156199999999998 0.27691199999999999 0 0.16969000000000001 0.169626 0.166104 0.010137999999999999 0.0099439999999999997 0.009894 0.13750799999999999 0.13795100000000002 0.13471699999999998 0.0031359999999999999 0.0031080000000000001 0.0031109999999999996 0.00070100000000000002 0.00069200000000000002 0.00068800000000000003 4.5493093802485483 4.5493093802485483 4.5493093802485483 0.00048063010416282004 0.00048063010416282004 0.00048063010416282004 1 1 1 Converged Converged Converged OK OK OK 61 61 61 61 61 61 3 3 3 0 0 0 0 0 1 0 0
101 101 linear 4 7 1014 1 0.001 0.99456365081504194 0.12039759355546278 3.7934163280538612e-05 0.050816672896087996 -0.072473315890792644 0.050813704135483431 0.5 0.056061811203562156 4.5494250932555111 OK 13 12 0.43694899999999998 0.41790100000000002 0.15282999999999999 0.27998499999999998 0.18016099999999999 0 0.15696399999999999 0.23774000000000003 0.15282999999999999 0.0092309999999999996 0.0094549999999999999 0.0088050000000000003 0.12879400000000002 0.20843400000000001 0.12533199999999997 0.0031150000000000001 0.003581 0.0031870000000000002 0.00067900000000000002 0.00072100000000000007 0.00068300000000000001 4.549425056987503 4.549425056987503 4.549425056987503 0.00048062432164411556 0.00048062432164411556 0.00048062432164411556 1 1 1 Converged Converged Converged OK OK OK 61 61 61 61 61 61 3 3 3 0 0 0 0 1 0 0 1
101 101 linear 4 15 1014 2 0.001 0.99456365081504194 0.12039759355546278 3.7934163280538612e-05 0.050816672896087996 -0.072473315890792644 0.050818981932113767 0.5 0.05605653340693182 4.5495572954610548 OK 13 12 0.454982 0.43028300000000003 0.15757199999999999 0.28906700000000002 0.18596299999999999 0 0.16591499999999998 0.24432000000000004 0.15757199999999999 0.0093380000000000008 0.0092980000000000007 0.0088070000000000006 0.137096 0.21570399999999998 0.13009399999999999 0.0031800000000000001 0.0033379999999999998 0.003222 0.00069699999999999992 0.00068199999999999999 0.00066399999999999999 4.5495572591494815 4.5495572591494815 4.5495572591494815 0.00048061750701740166 0.00048061750701740166 0.00048061750701740166 1 1 1 Converged Converged Converged OK OK OK 61 61 61 61 61 61 3 3 3 0 0 0 0 1 0 0 1
101 101 linear 4 23 1014 3 0.001 0.99456365081504194 0.12039759355546278 3.7934163280538612e-05 0.050816672896087996 -0.072473315890792644 0.050824259728744103 0.5 0.056051255610301484 4.5496894978543381 OK 13 12 0.42064499999999999 0.40192899999999998 0.15292900000000001 0.26319100000000001 0.16061500000000001 0 0.15745399999999998 0.24131399999999997 0.15292900000000001 0.0093209999999999994 0.0094179999999999993 0.0087709999999999993 0.12892500000000001 0.21222199999999999 0.12562900000000002 0.0031609999999999997 0.0034250000000000001 0.0031540000000000001 0.000696 0.00071999999999999994 0.00066500000000000001 4.5496894615626715 4.5496894615626715 4.5496894615626715 0.00048061075786992428 0.00048061075786992428 0.00048061075786992428 1 1 1 Converged Converged Converged OK OK OK 61 61 61 61 61 61 3 3 3 0 0 0 0 1 0 0 1
101 101 linear 4 0 1014 0 0.0001 0.99456365081504194 0.12039759355546278 3.7934163280538612e-05 0.050816672896087996 -0.072473315890792644 0.050809086063431888 0.5 0.056066429275613699 4.5493094165061754 OK 13 12 0.473719 0.47206300000000001 0.19068299999999999 0.27517900000000001 0.28052100000000002 0 0.19853999999999999 0.19154199999999999 0.19068299999999999 0.01018 0.009946 0.0096959999999999998 0.16071299999999991 0.15410899999999997 0.15368799999999991 0.0039399999999999999 0.0039900000000000005 0.0039029999999999998 0.00078700000000000005 0.00081799999999999993 0.00078100000000000001 4.5493093804268936 4.5493093804268936 4.5493093804268936 0.00015291922842554416 0.00015291922842554416 0.00015291922842554416 1 1 1 Converged Converged Converged OK OK OK 77 77 77 77 77 77 3 3 3 0 0 0 0 0 1 0 0
101 101 linear 4 7 1014 1 0.0001 0.99456365081504194 0.12039759355546278 3.7934163280538612e-05 0.050816672896087996 -0.072473315890792644 0.050813704135483431 0.5 0.056061811203562156 4.5494250932555111 OK 13 12 0.46196199999999998 0.47254499999999999 0.177178 0.279941 0.17902899999999999 0 0.18202099999999999 0.293516 0.177178 0.0094179999999999993 0.0094380000000000002 0.0088839999999999995 0.148595 0.26018999999999998 0.14478299999999997 0.003999 0.0039960000000000004 0.0039969999999999997 0.00079000000000000001 0.00079599999999999994 0.00077400000000000006 4.5494250571663635 4.5494250571663635 4.5494250571663635 0.00015292068256658517 0.00015292068256658517 0.00015292068256658517 1 1 1 Converged Converged Converged OK OK OK 77 77 77 77 77 77 3 3 3 0 0 0 0 1 0 0 1
101 101 linear 4 15 1014 2 0.0001 0.99456365081504194 0.12039759355546278 3.7934163280538612e-05 0.050816672896087996 -0.072473315890792644 0.050818981932113767 0.5 0.05605653340693182 4.5495572954610548 OK 13 12 0.47601100000000002 0.48491200000000001 0.18179200000000001 0.28915600000000002 0.18376400000000001 0 0.18685499999999999 0.30114799999999997 0.18179200000000001 0.0093819999999999997 0.0093380000000000008 0.0088389999999999996 0.15321900000000008 0.26733800000000002 0.14936299999999997 0.0040090000000000004 0.0042090000000000001 0.0039899999999999996 0.00081200000000000011 0.00080599999999999997 0.00078600000000000002 4.5495572593280569 4.5495572593280569 4.5495572593280569 0.0001529221346518797 0.0001529221346518797 0.0001529221346518797 1 1 1 Converged Converged Converged OK OK OK 77 77 77 77 77 77 3 3 3 0 0 0 0 1 0 0 1
101 101 linear 4 23 1014 3 0.0001 0.99456365081504194 0.12039759355546278 3.7934163280538612e-05 0.050816672896087996 -0.072473315890792644 0.050824259728744103 0.5 0.056051255610301484 4.5496894978543381 OK 13 12 0.44929200000000002 0.45564100000000002 0.18205399999999999 0.26735300000000001 0.15876199999999999 0 0.18193900000000002 0.296879 0.18205399999999999 0.0093740000000000004 0.0093650000000000001 0.0088179999999999994 0.14860099999999998 0.26369300000000001 0.14976800000000001 0.0040339999999999994 0.0040400000000000002 0.0039739999999999992 0.00080400000000000003 0.00079699999999999997 0.000785 4.5496894617412602 4.5496894617412602 4.5496894617412602 0.00015292365389099513 0.00015292365389099513 0.00015292365389099513 1 1 1 Converged Converged Converged OK OK OK 77 77 77 77 77 77 3 3 3 0 0 0 0 1 0 0 1
101 101 uniform 0 0 1015 0 0.001 0.99456365081504194 0.12039759355546278 3.7934163280538612e-05 0.077090450866060978 -0.00032987307233948223 0.077082864033404863 0 0.029792651305640724 1453.4943979236896 OK 14 13 0.73158999999999996 0.73007699999999998 0.118745 0.60866200000000004 0.61033300000000001 0 0.12292799999999993 0.11974399999999996 0.118745 0.012949 0.013155 0.012577 0.088316000000000019 0.088007999999999961 0.087938999999999976 0.0025100000000000001 0.0024429999999999999 0.0023519999999999999 0.0039439999999999996 0.00062699999999999995 0.00060099999999999997 1453.4943755514075 1453.4943755514075 1453.4943755514075 0.13738677853949346 0.13738677853949346 0.13738677853949346 1 1 1 Converged Converged Converged OK OK OK 59 59 59 59 59 59 5 5 5 0 0 0 0 0 1 0 0
101 101 uniform 0 7 1015 1 0.001 0.99456365081504194 0.12039759355546278 3.7934163280538612e-05 0.077090450866060978 -0.00032987307233948223 0.07708748210545642 0 0.029788033233589167 1442.2238074971547 OK 14 13 0.64463000000000004 0.61928000000000005 0.103578 0.53973400000000005 0.41324300000000003 0 0.10489599999999999 0.20603700000000003 0.103578 0.012003 0.012193000000000001 0.01141 0.078114000000000017 0.17867199999999997 0.077958 0.0023189999999999999 0.0025100000000000001 0.002258 0.00062199999999999994 0.00067199999999999996 0.00059299999999999999 1442.2237939517972 1442.2237939517972 1442.2237939517972 0.12585667357522501 0.12585667357522501 0.12585667357522501 1 1 1 Converged Converged Converged OK OK OK 59 59 59 59 59 59 5 5 5 0 0 0 0 1 0 0 1
101 101 uniform 0 15 1015 2 0.001 0.99456365081504194 0.12039759355546278 3.7934163280538612e-05 0.077090450866060978 -0.00032987307233948223 0.077092759902086749 0 0.029782755436958838 1427.5822196845404 OK 14 13 0.72819699999999998 0.68392500000000001 0.109028 0.61328099999999997 0.48730299999999999 0 0.11491600000000002 0.19662200000000002 0.109028 0.016376999999999999 0.012085 0.011427 0.08375299999999998 0.16968500000000006 0.083404999999999951 0.002359 0.0023080000000000002 0.0022469999999999999 0.00061399999999999996 0.00061800000000000006 0.00062200000000000005 1427.5822166986977 1427.5822166986977 1427.5822166986977 0.1162878341809699 0.1162878341809699 0.1162878341809699 1 1 1 Converged Converged Converged OK OK OK 59 59 59 59 59 59 5 5 5 0 0 0 0 1 0 0 1
101 101 uniform 0 23 1015 3 0.001 0.99456365081504194 0.12039759355546278 3.7934163280538612e-05 0.077090450866060978 -0.00032987307233948223 0.077098037698717092 0 0.029777477640328495 1411.1484491768035 OK 14 13 0.63565300000000002 0.61505500000000002 0.115968 0.520397 0.40321499999999999 0 0.11525600000000003 0.21184000000000003 0.115968 0.012115000000000001 0.011975 0.011417 0.088286000000000003 0.18498100000000001 0.090254000000000029 0.0023740000000000002 0.002398 0.0022720000000000001 0.00058900000000000001 0.0005840000000000001 0.00060299999999999991 1411.1484478391394 1411.1484478391394 1411.1484478391394 0.11791438532740474 0.11791438532740474 0.11791438532740474 1 1 1 Converged Converged Converged OK OK OK 59 59 59 59 59 59 5 5 5 0 0 0 0 1 0 0 1
101 101 uniform 0 0 1015 0 0.0001 0.99456365081504194 0.12039759355546278 3.7934163280538612e-05 0.077090450866060978 -0.00032987307233948223 0.077082864033404863 0 0.029792651305640724 1453.4943979236896 OK 14 13 0.73006199999999999 0.72826900000000006 0.117821 0.61092299999999999 0.60904899999999995 0 0.11913899999999999 0.1192200000000001 0.117821 0.013050000000000001 0.012932000000000001 0.012484 0.088211999999999999 0.088712999999999986 0.087784000000000015 0.002343 0.0023009999999999997 0.0022640000000000004 0.00063599999999999996 0.00062399999999999999 0.00061699999999999993 1453.4943755514075 1453.4943755514075 1453.4943755514075 0.13738677853949346 0.13738677853949346 0.13738677853949346 1 1 1 Converged Converged Converged OK OK OK 59 59 59 59 59 59 5 5 5 0 0 0 0 0 1 0 0
101 101 uniform 0 7 1015 1 0.0001 0.99456365081504194 0.12039759355546278 3.7934163280538612e-05 0.077090450866060978 -0.00032987307233948223 0.07708748210545642 0 0.029788033233589167 1442.2238074971547 OK 14 13 0.64707300000000001 0.61283600000000005 0.103532 0.54211200000000004 0.408221 0 0.10496099999999997 0.20461500000000005 0.103532 0.012093 0.012094000000000001 0.011474 0.078141999999999975 0.17760900000000002 0.077832000000000054 0.002248 0.0023729999999999997 0.002258 0.00061699999999999993 0.0006330000000000001 0.00062100000000000002 1442.2237939517972 1442.2237939517972 1442.2237939517972 0.12585667357522501 0.12585667357522501 0.12585667357522501 1 1 1 Converged Converged Converged OK OK OK 59 59 59 59 59 59 5 5 5 0 0 0 0 1 0 0 1
101 101 uniform 0 15 1015 2 0.0001 0.99456365081504194 0.12039759355546278 3.7934163280538612e-05 0.077090450866060978 -0.00032987307233948223 0.077092759902086749 0 0.029782755436958838 1427.5822196845404 OK 14 13 0.72996799999999995 0.68444799999999995 0.10874499999999999 0.619371 0.48879699999999998 0 0.11059699999999995 0.19565099999999996 0.10874499999999999 0.011958999999999999 0.01214 0.011422 0.084090000000000012 0.168604 0.083208999999999991 0.0022899999999999999 0.002366 0.0022270000000000002 0.00060099999999999997 0.00060400000000000004 0.00063000000000000003 1427.5822166986977 1427.5822166986977 1427.5822166986977 0.1162878341809699 0.1162878341809699 0.1162878341809699 1 1 1 Converged Converged Converged OK OK OK 59 59 59 59 59 59 5 5 5 0 0 0 0 1 0 0 1
101 101 uniform 0 23 1015 3 0.0001 0.99456365081504194 0.12039759355546278 3.7934163280538612e-05 0.077090450866060978 -0.00032987307233948223 0.077098037698717092 0 0.029777477640328495 1411.1484491768035 OK 14 13 0.63848899999999997 0.61376399999999998 0.113013 0.52359699999999998 0.39743000000000001 0 0.11489199999999999 0.21633399999999997 0.113013 0.012036 0.012135999999999999 0.011436 0.088239999999999999 0.18929599999999996 0.087461000000000025 0.0023179999999999997 0.002398 0.0022900000000000004 0.00060100000000000008 0.00060800000000000003 0.00059099999999999995 1411.1484478391394 1411.1484478391394 1411.1484478391394 0.11791438532740474 0.11791438532740474 0.11791438532740474 1 1 1 Converged Converged Converged OK OK OK 59 59 59 59 59 59 5 5 5 0 0 0 0 1 0 0 1
101 101 uniform 1 0 1016 0 0.001 0.99456365081504194 0.12039759355546278 3.7934163280538612e-05 0.070964677117404631 -0.13893479500736056 0.070957090284748517 0 0.035918425054297071 260.33579153393845 OK 14 13 0.48109400000000002 0.47744199999999998 0.18840899999999999 0.291323 0.28425 0 0.18977100000000002 0.19319199999999997 0.18840899999999999 0.013499000000000001 0.013457 0.013004999999999999 0.14876599999999995 0.14809499999999998 0.14797600000000002 0.0037669999999999999 0.0037530000000000003 0.0038970000000000003 0.00089799999999999993 0.00090700000000000004 0.00091099999999999992 260.33575933676246 260.33575933676246 260.33575933676246 0.044811705510308941 0.044811705510308941 0.044811705510308941 1 1 1 Converged Converged Converged OK OK OK 90 90 90 90 90 90 6 6 6 0 0 0 0 0 1 0 0
101 101 uniform 1 7 1016 1 0.001 0.99456365081504194 0.12039759355546278 3.7934163280538612e-05 0.070964677117404631 -0.13893479500736056 0.070961708356800074 0 0.035913806982245514 278.58542270208937 OK 14 13 0.42122799999999999 0.42650100000000002 0.12976399999999999 0.28998400000000002 0.19505500000000001 0 0.13124399999999997 0.23144600000000001 0.12976399999999999 0.012675000000000001 0.012633999999999999 0.012113000000000001 0.10252399999999999 0.20273600000000003 0.10195699999999996 0.0025150000000000003 0.0025950000000000001 0.002464 0.00067400000000000001 0.00066799999999999997 0.00071600000000000006 278.58538823809528 278.58538823809528 278.58538823809528 0.2037869976210494 0.2037869976210494 0.2037869976210494 1 1 1 Converged Converged Converged OK OK OK 66 66 66 66 66 66 6 6 6 0 0 0 0 1 0 0 1
101 101 uniform 1 15 1016 2 0.001 0.99456365081504194 0.12039759355546278 3.7934163280538612e-05 0.070964677117404631 -0.13893479500736056 0.070966986153430403 0 0.035908529185615184 286.92313352510297 OK 14 13 0.42919299999999999 0.424952 0.12578600000000001 0.29847699999999999 0.18845600000000001 0 0.130716 0.23649599999999998 0.12578600000000001 0.012593999999999999 0.012695 0.012015 0.10199599999999999 0.20744699999999999 0.098317999999999989 0.0025240000000000002 0.0026689999999999999 0.0024169999999999999 0.00069000000000000008 0.00064099999999999997 0.00063499999999999993 286.92305387982094 286.92305387982094 286.92305387982094 0.14765076350621872 0.14765076350621872 0.14765076350621872 1 1 1 Converged Converged Converged OK OK OK 66 66 66 66 66 66 6 6 6 0 0 0 0 1 0 0 1
101 101 uniform 1 23 1016 3 0.001 0.99456365081504194 0.12039759355546278 3.7934163280538612e-05 0.070964677117404631 -0.13893479500736056 0.070972263950060746 0 0.035903251388984841 287.81672914759213 OK 14 13 0.42226599999999997 0.434139 0.12548400000000001 0.2954 0.18299299999999999 0 0.12686599999999998 0.25114599999999998 0.12548400000000001 0.012536 0.012793000000000001 0.012048 0.09830499999999999 0.22194700000000003 0.097984000000000016 0.0025669999999999998 0.0026490000000000003 0.0025180000000000003 0.00063699999999999998 0.00067299999999999999 0.00063900000000000003 287.81667231815652 287.81667231815652 287.81667231815652 0.12919578461750678 0.12919578461750678 0.12919578461750678 1 1 1 Converged Converged Converged OK OK OK 66 66 66 66 66 66 6 6 6 0 0 0 0 1 0 0 1
101 101 uniform 1 0 1016 0 0.0001 0.99456365081504194 0.12039759355546278 3.7934163280538612e-05 0.070964677117404631 -0.13893479500736056 0.070957090284748517 0 0.035918425054297071 260.33579153393845 OK 14 13 0.488458 0.48636099999999999 0.20195199999999999 0.28598299999999999 0.28386499999999998 0 0.20247500000000002 0.20249600000000001 0.20195199999999999 0.016730999999999999 0.013521 0.016420000000000001 0.15458799999999995 0.15810200000000002 0.15429699999999991 0.0040889999999999998 0.0040720000000000001 0.0041939999999999998 0.0010280000000000001 0.0010280000000000001 0.0010150000000000001 260.33579077126024 260.33579077126024 260.33579077126024 0.019779400951570381 0.019779400951570381 0.019779400951570381 1 1 1 Converged Converged Converged OK OK OK 98 98 98 98 98 98 6 6 6 0 0 0 0 0 1 0 0
101 101 uniform 1 7 1016 1 0.0001 0.99456365081504194 0.12039759355546278 3.7934163280538612e-05 0.070964677117404631 -0.13893479500736056 0.070961708356800074 0 0.035913806982245514 278.58542270208937 OK 14 13 0.46735599999999999 0.53218900000000002 0.17615500000000001 0.29067199999999999 0.190912 0 0.17668400000000001 0.34127700000000005 0.17615500000000001 0.012586 0.012578000000000001 0.012075000000000001 0.14095700000000005 0.30464299999999983 0.141157 0.0040030000000000005 0.0042240000000000003 0.0040140000000000002 0.00099799999999999997 0.0010089999999999999 0.00098300000000000015 278.58541397802577 278.58541397802577 278.58541397802577 0.01648694839528192 0.01648694839528192 0.01648694839528192 1 1 1 Converged Converged Converged OK OK OK 98 98 98 98 98 98 6 6 6 0 0 0 0 1 0 0 1
101 101 uniform 1 15 1016 2 0.0001 0.99456365081504194 0.12039759355546278 3.7934163280538612e-05 0.070964677117404631 -0.13893479500736056 0.070966986153430403 0 0.035908529185615184 286.92313352510297 OK 14 13 0.469748 0.543238 0.17116799999999999 0.29397299999999998 0.19947799999999999 0 0.17577500000000001 0.34376000000000001 0.17116799999999999 0.012763999999999999 0.012736000000000001 0.012004000000000001 0.13920899999999994 0.30700700000000003 0.13648500000000002 0.0040249999999999999 0.0041749999999999999 0.0039830000000000004 0.0010500000000000002 0.001116 0.0010200000000000001 286.92311917639427 286.92311917639427 286.92311917639427 0.016209310521200847 0.016209310521200847 0.016209310521200847 1 1 1 Converged Converged Converged OK OK OK 98 98 98 98 98 98 6 6 6 0 0 0 0 1 0 0 1
101 101 uniform 1 23 1016 3 0.0001 0.99456365081504194 0.12039759355546278 3.7934163280538612e-05 0.070964677117404631 -0.13893479500736056 0.070972263950060746 0 0.035903251388984841 287.81672914759213 OK 14 13 0.43701400000000001 0.50907999999999998 0.14486599999999999 0.29498999999999997 0.180034 0 0.14202400000000004 0.32904599999999995 0.14486599999999999 0.012671999999999999 0.015886999999999998 0.013324000000000001 0.10914600000000001 0.292601 0.11149400000000002 0.0033219999999999999 0.0034350000000000001 0.0032490000000000002 0.00088699999999999998 0.00091600000000000004 0.00089999999999999998 287.81671296775482 287.81671296775482 287.81671296775482 0.02872459765228462 0.02872459765228462 0.02872459765228462 1 1 1 Converged Converged Converged OK OK OK 82 82 82 82 82 82 6 6 6 0 0 0 0 1 0 0 1
101 101 uniform 2 0 1017 0 0.001 0.99456365081504194 0.12039759355546278 3.7934163280538612e-05 -0.24686051797046146 0.10245190808417516 -0.24686810480311758 0 0.35374362014216315 10.353800624864551 OK 14 13 0.44367299999999998 0.44344499999999998 0.120365 0.32247799999999999 0.32251000000000002 0 0.121195 0.12093499999999996 0.120365 0.011769999999999999 0.011745 0.011372 0.087757000000000002 0.087551000000000018 0.087730000000000044 0.0027239999999999999 0.0028079999999999997 0.002702 0.000776 0.00083700000000000007 0.00081099999999999998 10.35378933482674 10.35378933482674 10.35378933482674 0.0072263283061977344 0.0072263283061977344 0.0072263283061977344 1 1 1 Converged Converged Converged OK OK OK 67 67 67 67 67 67 5 5 5 0 0 0 0 0 1 0 0
101 101 uniform 2 7 1017 1 0.001 0.99456365081504194 0.12039759355546278 3.7934163280538612e-05 -0.24686051797046146 0.10245190808417516 -0.24686348673106603 0 0.35373900207011161 18.226964259250579 OK 14 13 0.44270199999999998 0.44863399999999998 0.11131199999999999 0.32613300000000001 0.19741900000000001 0 0.11656899999999998 0.25121499999999997 0.11131199999999999 0.014794 0.010914999999999999 0.01026 0.084344000000000002 0.22279200000000002 0.084294999999999995 0.002794 0.0027790000000000002 0.0026819999999999999 0.00074299999999999995 0.00075200000000000006 0.00070899999999999999 18.226950419925487 18.226950419925487 18.226950419925487 0.0072868792828374787 0.0072868792828374787 0.0072868792828374787 1 1 1 Converged Converged Converged OK OK OK 67 67 67 67 67 67 5 5 5 0 0 0 0 1 0 0 1
101 101 uniform 2 15 1017 2 0.001 0.99456365081504194 0.12039759355546278 3.7934163280538612e-05 -0.24686051797046146 0.10245190808417516 -0.24685820893443569 0 0.35373372427348126 26.922643938349037 OK 14 13 0.45698499999999997 0.45241500000000001 0.12245 0.33317999999999998 0.21185399999999999 0 0.123805 0.24056100000000002 0.12245 0.010775 0.010676 0.010226000000000001 0.095655000000000073 0.21253500000000003 0.09549500000000001 0.0027789999999999998 0.0027430000000000002 0.0027229999999999997 0.0007490000000000001 0.00073999999999999999 0.00071400000000000001 26.92262916290715 26.92262916290715 26.92262916290715 0.0073750964658779684 0.0073750964658779684 0.0073750964658779684 1 1 1 Converged Converged Converged OK OK OK 67 67 67 67 67 67 5 5 5 0 0 0 0 1 0 0 1
101 101 uniform 2 23 1017 3 0.001 0.99456365081504194 0.12039759355546278 3.7934163280538612e-05 -0.24686051797046146 0.10245190808417516 -0.24685293113780535 0 0.35372844647685092 35.286374769007551 OK 14 13 0.45394000000000001 0.45577299999999998 0.109719 0.34191700000000003 0.20997399999999999 0 0.11202299999999998 0.24579899999999999 0.109719 0.010928999999999999 0.010808 0.01017 0.083388999999999991 0.21731999999999993 0.082819999999999991 0.0027729999999999999 0.0027679999999999996 0.0026890000000000004 0.00083100000000000014 0.00082799999999999996 0.00076900000000000004 35.286361493123195 35.286361493123195 35.286361493123195 0.0074862183480180599 0.0074862183480180599 0.0074862183480180599 1 1 1 Converged Converged Converged OK OK OK 67 67 67 67 67 67 5 5 5 0 0 0 0 1 0 0 1
101 101 uniform 2 0 1017 0 0.0001 0.99456365081504194 0.12039759355546278 3.7934163280538612e-05 -0.24686051797046146 0.10245190808417516 -0.24686810480311758 0 0.35374362014216315 10.353800624864551 OK 14 13 0.46044400000000002 0.46450200000000003 0.13628899999999999 0.322905 0.32651000000000002 0 0.13753900000000002 0.137992 0.13628899999999999 0.011778 0.011978000000000001 0.011284000000000001 0.10071299999999998 0.10123700000000001 0.10052600000000005 0.0031220000000000002 0.00313 0.0030460000000000001 0.00088599999999999996 0.00091699999999999995 0.00090200000000000013 10.353797212403869 10.353797212403869 10.353797212403869 0.00095315999876031433 0.00095315999876031433 0.00095315999876031433 1 1 1 Converged Converged Converged OK OK OK 75 75 75 75 75 75 5 5 5 0 0 0 0 0 1 0 0
101 101 uniform 2 7 1017 1 0.0001 0.99456365081504194 0.12039759355546278 3.7934163280538612e-05 -0.24686051797046146 0.10245190808417516 -0.24686348673106603 0 0.35373900207011161 18.226964259250579 OK 14 13 0.45390999999999998 0.46540100000000001 0.12333 0.32922000000000001 0.196938 0 0.12468999999999997 0.26846300000000001 0.12333 0.010812 0.010881999999999999 0.010248999999999999 0.094311000000000034 0.23769500000000002 0.093924000000000021 0.0031440000000000001 0.0031510000000000002 0.0031479999999999998 0.00084600000000000007 0.00087099999999999992 0.00082199999999999992 18.226958297607766 18.226958297607766 18.226958297607766 0.0010136273621848858 0.0010136273621848858 0.0010136273621848858 1 1 1 Converged Converged Converged OK OK OK 75 75 75 75 75 75 5 5 5 0 0 0 0 1 0 0 1
101 101 uniform 2 15 1017 2 0.0001 0.99456365081504194 0.12039759355546278 3.7934163280538612e-05 -0.24686051797046146 0.10245190808417516 -0.24685820893443569 0 0.35373372427348126 26.922643938349037 OK 14 13 0.47233999999999998 0.48292600000000002 0.13774500000000001 0.33288600000000002 0.21221999999999999 0 0.13945399999999997 0.270706 0.13774500000000001 0.010841 0.010957 0.010290000000000001 0.10899199999999996 0.23977799999999994 0.108352 0.0031080000000000005 0.0032390000000000001 0.00313 0.00087699999999999996 0.00087900000000000001 0.00084699999999999999 26.922637040709546 26.922637040709546 26.922637040709546 0.0011017489863317047 0.0011017489863317047 0.0011017489863317047 1 1 1 Converged Converged Converged OK OK OK 75 75 75 75 75 75 5 5 5 0 0 0 0 1 0 0 1
101 101 uniform 2 23 1017 3 0.0001 0.99456365081504194 0.12039759355546278 3.7934163280538612e-05 -0.24686051797046146 0.10245190808417516 -0.24685293113780535 0 0.35372844647685092 35.286374769007551 OK 14 13 0.46135799999999999 0.48193900000000001 0.123264 0.33645900000000001 0.208818 0 0.12489899999999998 0.273121 0.123264 0.010884 0.010841 0.010187 0.094299000000000022 0.24254100000000001 0.093993999999999994 0.0030980000000000001 0.0031199999999999995 0.0030199999999999997 0.001 0.00096599999999999995 0.00089499999999999996 35.28636937104546 35.28636937104546 35.28636937104546 0.0012127753070905452 0.0012127753070905452 0.0012127753070905452 1 1 1 Converged Converged Converged OK OK OK 75 75 75 75 75 75 5 5 5 0 0 0 0 1 0 0 1
101 101 uniform 3 0 1018 0 0.001 0.99456365081504194 0.12039759355546278 3.7934163280538612e-05 -0.45067945839215073 -0.00025797291974286491 -0.45068704522480685 0 0.55756256056385245 28.693595975240864 OK 13 12 0.44389400000000001 0.446571 0.056415 0.38632699999999998 0.38853300000000002 0 0.057567000000000035 0.058037999999999978 0.056415 0.0091540000000000007 0.0095160000000000002 0.0090690000000000007 0.035124999999999997 0.035530999999999993 0.034765000000000004 0.0017819999999999999 0.0018240000000000001 0.00172 0.00044799999999999999 0.000428 0.00042199999999999996 28.693591539721488 28.693591539721488 28.693591539721488 0.013463514463802173 0.013463514463802173 0.013463514463802173 1 1 1 Converged Converged Converged OK OK OK 37 37 37 37 37 37 3 3 3 0 0 0 0 0 1 0 0
101 101 uniform 3 7 1018 1 0.001 0.99456365081504194 0.12039759355546278 3.7934163280538612e-05 -0.45067945839215073 -0.00025797291974286491 -0.4506824271527553 0 0.55755794249180091 28.675300644441208 OK 13 12 0.43213600000000002 0.329984 0.055007 0.37451899999999999 0.24573600000000001 0 0.057617000000000029 0.08424799999999999 0.055007 0.0086610000000000003 0.0086250000000000007 0.0079570000000000005 0.036752000000000014 0.063835000000000017 0.035972000000000004 0.0019729999999999999 0.0018510000000000002 0.0017540000000000001 0.00043800000000000002 0.00046199999999999995 0.000415 28.675296200247754 28.675296200247754 28.675296200247754 0.013457230734595099 0.013457230734595099 0.013457230734595099 1 1 1 Converged Converged Converged OK OK OK 37 37 37 37 37 37 3 3 3 0 0 0 0 1 0 0 1
101 101 uniform 3 15 1018 2 0.001 0.99456365081504194 0.12039759355546278 3.7934163280538612e-05 -0.45067945839215073 -0.00025797291974286491 -0.45067714935612496 0 0.55755266469517051 28.654415760196567 OK 13 12 0.45433600000000002 0.37048700000000001 0.055675000000000002 0.39643200000000001 0.28578100000000001 0 0.057904000000000011 0.084706000000000004 0.055675000000000002 0.0089980000000000008 0.0089709999999999998 0.0082220000000000001 0.037064999999999994 0.064076999999999995 0.036389000000000005 0.0018159999999999999 0.001805 0.0017000000000000001 0.00043599999999999997 0.00044499999999999997 0.00042000000000000002 28.654411316168456 28.654411316168456 28.654411316168456 0.013450057241103337 0.013450057241103337 0.013450057241103337 1 1 1 Converged Converged Converged OK OK OK 37 37 37 37 37 37 3 3 3 0 0 0 0 1 0 0 1
101 101 uniform 3 23 1018 3 0.001 0.99456365081504194 0.12039759355546278 3.7934163280538612e-05 -0.45067945839215073 -0.00025797291974286491 -0.45067187155949462 0 0.55754738689854022 28.633556515331698 OK 13 12 0.454316 0.34101399999999998 0.056233999999999999 0.39628000000000002 0.26039099999999998 0 0.058035999999999976 0.080623 0.056233999999999999 0.0085070000000000007 0.0085800000000000008 0.0079109999999999996 0.037809999999999983 0.060660999999999993 0.037350999999999995 0.0017880000000000001 0.0018090000000000001 0.0017060000000000001 0.00042499999999999998 0.00042499999999999998 0.00041899999999999999 28.633552079623424 28.633552079623424 28.633552079623424 0.01344289220510104 0.01344289220510104 0.01344289220510104 1 1 1 Converged Converged Converged OK OK OK 37 37 37 37 37 37 3 3 3 0 0 0 0 1 0 0 1
101 101 uniform 3 0 1018 0 0.0001 0.99456365081504194 0.12039759355546278 3.7934163280538612e-05 -0.45067945839215073 -0.00025797291974286491 -0.45068704522480685 0 0.55756256056385245 28.693595975240864 OK 13 12 0.47190399999999999 0.47146900000000003 0.092862 0.38347799999999999 0.38360499999999997 0 0.088426000000000005 0.087864000000000053 0.092862 0.0092300000000000004 0.0093439999999999999 0.0089580000000000007 0.057279999999999998 0.057027000000000015 0.062529000000000001 0.0030229999999999996 0.0030030000000000005 0.0030019999999999999 0.00068899999999999994 0.00069200000000000002 0.00068100000000000007 28.69359579401381 28.69359579401381 28.69359579401381 0.0001897942316052078 0.0001897942316052078 0.0001897942316052078 1 1 1 Converged Converged Converged OK OK OK 61 61 61 61 61 61 3 3 3 0 0 0 0 0 1 0 0
101 101 uniform 3 7 1018 1 0.0001 0.99456365081504194 0.12039759355546278 3.7934163280538612e-05 -0.45067945839215073 -0.00025797291974286491 -0.4506824271527553 0 0.55755794249180091 28.675300644441208 OK 13 12 0.46445999999999998 0.37681500000000001 0.083377000000000007 0.37977899999999998 0.24827399999999999 0 0.084681000000000006 0.12854100000000002 0.083377000000000007 0.0085120000000000005 0.0086409999999999994 0.0079959999999999996 0.05712600000000001 0.100923 0.057120999999999984 0.003124 0.0031339999999999996 0.0030600000000000002 0.00068699999999999989 0.00069200000000000002 0.00066399999999999999 28.675300454600805 28.675300454600805 28.675300454600805 0.0001897968665947625 0.0001897968665947625 0.0001897968665947625 1 1 1 Converged Converged Converged OK OK OK 61 61 61 61 61 61 3 3 3 0 0 0 0 1 0 0 1
101 101 uniform 3 15 1018 2 0.0001 0.99456365081504194 0.12039759355546278 3.7934163280538612e-05 -0.45067945839215073 -0.00025797291974286491 -0.45067714935612496 0 0.55755266469517051 28.654415760196567 OK 13 12 0.47931200000000002 0.41721599999999998 0.088704000000000005 0.39294299999999999 0.28717300000000001 0 0.086369000000000029 0.13004299999999996 0.088704000000000005 0.0088570000000000003 0.0089540000000000002 0.0082710000000000006 0.058523999999999993 0.101316 0.06211899999999998 0.0030020000000000003 0.0032970000000000005 0.0029680000000000002 0.00070199999999999993 0.00071699999999999997 0.000678 28.654415570582696 28.654415570582696 28.654415570582696 0.0001897998876651622 0.0001897998876651622 0.0001897998876651622 1 1 1 Converged Converged Converged OK OK OK 61 61 61 61 61 61 3 3 3 0 0 0 0 1 0 0 1
101 101 uniform 3 23 1018 3 0.0001 0.99456365081504194 0.12039759355546278 3.7934163280538612e-05 -0.45067945839215073 -0.00025797291974286491 -0.45067187155949462 0 0.55754738689854022 28.633556515331698 OK 13 12 0.48752499999999999 0.38279800000000003 0.086208000000000007 0.39958199999999999 0.25597199999999998 0 0.087942999999999993 0.12682600000000005 0.086208000000000007 0.0085629999999999994 0.0085749999999999993 0.0080479999999999996 0.060446000000000014 0.099256999999999956 0.059848000000000012 0.0030149999999999999 0.0032539999999999999 0.0029489999999999998 0.00068399999999999993 0.000696 0.00066299999999999996 28.633556334079977 28.633556334079977 28.633556334079977 0.00018980290697638317 0.00018980290697638317 0.00018980290697638317 1 1 1 Converged Converged Converged OK OK OK 61 61 61 61 61 61 3 3 3 0 0 0 0 1 0 0 1
101 101 uniform 4 0 1019 0 0.001 0.99456365081504194 0.12039759355546278 3.7934163280538612e-05 0.050816672896087996 -0.072473315890792644 0.050809086063431888 0 0.056066429275613699 4.5493094165011172 OK 13 12 0.37571199999999999 0.37089100000000003 0.096170000000000005 0.27876899999999999 0.27411200000000002 0 0.096943000000000001 0.096779000000000004 0.096170000000000005 0.010016000000000001 0.010109 0.0097529999999999995 0.070874000000000006 0.070974999999999983 0.070818000000000006 0.002232 0.0021980000000000003 0.0022519999999999997 0.00055800000000000001 0.00056799999999999993 0.00054799999999999998 4.5493093870649597 4.5493093870649597 4.5493093870649597 0.0016022048463752738 0.0016022048463752738 0.0016022048463752738 1 1 1 Converged Converged Converged OK OK OK 45 45 45 45 45 45 3 3 3 0 0 0 0 0 1 0 0
101 101 uniform 4 7 1019 1 0.001 0.99456365081504194 0.12039759355546278 3.7934163280538612e-05 0.050816672896087996 -0.072473315890792644 0.050813704135483431 0 0.056061811203562156 4.5494250932703135 OK 13 12 0.36677700000000002 0.33084000000000002 0.084558999999999995 0.28098000000000001 0.17699300000000001 0 0.085797000000000012 0.15384700000000001 0.084558999999999995 0.0092610000000000001 0.0093489999999999997 0.0088590000000000006 0.062380999999999999 0.13050999999999999 0.062051999999999996 0.0021570000000000001 0.0022990000000000003 0.0021329999999999999 0.00056700000000000001 0.00057800000000000006 0.00054199999999999995 4.5494250637647919 4.5494250637647919 4.5494250637647919 0.0016022455245748618 0.0016022455245748618 0.0016022455245748618 1 1 1 Converged Converged Converged OK OK OK 45 45 45 45 45 45 3 3 3 0 0 0 0 1 0 0 1
101 101 uniform 4 15 1019 2 0.001 0.99456365081504194 0.12039759355546278 3.7934163280538612e-05 0.050816672896087996 -0.072473315890792644 0.050818981932113767 0 0.05605653340693182 4.5495572954446608 OK 13 12 0.38034899999999999 0.34640199999999999 0.088691999999999993 0.29034300000000002 0.18548600000000001 0 0.090005999999999975 0.16091599999999998 0.088691999999999993 0.0092040000000000004 0.0092899999999999996 0.008796 0.066789999999999988 0.1376 0.066390000000000005 0.0021849999999999999 0.0022989999999999998 0.0021800000000000001 0.00056499999999999996 0.000553 0.00054299999999999997 4.5495572659523571 4.5495572659523571 4.5495572659523571 0.0016022921455184371 0.0016022921455184371 0.0016022921455184371 1 1 1 Converged Converged Converged OK OK OK 45 45 45 45 45 45 3 3 3 0 0 0 0 1 0 0 1
101 101 uniform 4 23 1019 3 0.001 0.99456365081504194 0.12039759355546278 3.7934163280538612e-05 0.050816672896087996 -0.072473315890792644 0.050824259728744103 0 0.056051255610301484 4.5496894978317606 OK 13 12 0.35139900000000002 0.31190699999999999 0.084136000000000002 0.26592399999999999 0.15832199999999999 0 0.085475000000000023 0.153585 0.084136000000000002 0.0093299999999999998 0.0093449999999999991 0.0088430000000000002 0.062150999999999998 0.13036300000000001 0.061894000000000005 0.0021359999999999999 0.0022079999999999999 0.00214 0.00055900000000000004 0.00055099999999999995 0.00054000000000000001 4.5496894683531508 4.5496894683531508 4.5496894683531508 0.0016023387114657791 0.0016023387114657791 0.0016023387114657791 1 1 1 Converged Converged Converged OK OK OK 45 45 45 45 45 45 3 3 3 0 0 0 0 1 0 0 1
101 101 uniform 4 0 1019 0 0.0001 0.99456365081504194 0.12039759355546278 3.7934163280538612e-05 0.050816672896087996 -0.072473315890792644 0.050809086063431888 0 0.056066429275613699 4.5493094165011172 OK 13 12 0.41033599999999998 0.40774199999999999 0.13081400000000001 0.27852500000000002 0.27463500000000002 0 0.13181099999999996 0.13310699999999998 0.13081400000000001 0.010063000000000001 0.0099360000000000004 0.0097280000000000005 0.10020200000000004 0.10136600000000001 0.099968000000000001 0.0030639999999999999 0.003212 0.0030249999999999999 0.00069900000000000008 0.00068700000000000011 0.00066 4.5493093870686057 4.5493093870686057 4.5493093870686057 0.00010017372615215877 0.00010017372615215877 0.00010017372615215877 1 1 1 Converged Converged Converged OK OK OK 61 61 61 61 61 61 3 3 3 0 0 0 0 0 1 0 0
101 101 uniform 4 7 1019 1 0.0001 0.99456365081504194 0.12039759355546278 3.7934163280538612e-05 0.050816672896087996 -0.072473315890792644 0.050813704135483431 0 0.056061811203562156 4.5494250932703135 OK 13 12 0.39943099999999998 0.37617600000000001 0.118007 0.280219 0.17399600000000001 0 0.11921199999999998 0.20218 0.118007 0.0091479999999999999 0.0093699999999999999 0.008881 0.091203000000000006 0.17366500000000001 0.090866000000000016 0.0030309999999999998 0.0031349999999999998 0.002954 0.00068499999999999995 0.00070600000000000003 0.00065899999999999997 4.5494250638118565 4.5494250638118565 4.5494250638118565 0.00010017254966677811 0.00010017254966677811 0.00010017254966677811 1 1 1 Converged Converged Converged OK OK OK 61 61 61 61 61 61 3 3 3 0 0 0 0 1 0 0 1
101 101 uniform 4 15 1019 2 0.0001 0.99456365081504194 0.12039759355546278 3.7934163280538612e-05 0.050816672896087996 -0.072473315890792644 0.050818981932113767 0 0.05605653340693182 4.5495572954446608 OK 13 12 0.41638900000000001 0.39355400000000001 0.12255000000000001 0.29008899999999999 0.18495900000000001 0 0.12630000000000002 0.208595 0.12255000000000001 0.0091739999999999999 0.0092820000000000003 0.0088229999999999992 0.095961000000000005 0.18032099999999998 0.095291000000000001 0.0030889999999999997 0.0031110000000000001 0.0029679999999999997 0.00069200000000000002 0.00066600000000000003 0.00067000000000000002 4.5495572659794608 4.5495572659794608 4.5495572659794608 0.00010017109799967429 0.00010017109799967429 0.00010017109799967429 1 1 1 Converged Converged Converged OK OK OK 61 61 61 61 61 61 3 3 3 0 0 0 0 1 0 0 1
101 101 uniform 4 23 1019 3 0.0001 0.99456365081504194 0.12039759355546278 3.7934163280538612e-05 0.050816672896087996 -0.072473315890792644 0.050824259728744103 0 0.056051255610301484 4.5496894978317606 OK 13 12 0.38283 0.36192000000000002 0.11819499999999999 0.26341300000000001 0.160686 0 0.119417 0.20123400000000002 0.11819499999999999 0.0091870000000000007 0.0093120000000000008 0.0087559999999999999 0.091429000000000038 0.17312299999999997 0.091108000000000022 0.0029859999999999999 0.0030990000000000002 0.0029260000000000002 0.00067100000000000005 0.00066699999999999995 0.00066 4.5496894683840319 4.5496894683840319 4.5496894683840319 0.00010016969371349668 0.00010016969371349668 0.00010016969371349668 1 1 1 Converged Converged Converged OK OK OK 61 61 61 61 61 61 3 3 3 0 0 0 0 1 0 0 1
102 102 linear 0 0 1020 0 0.001 1.1475669610233004 0.0065724095829848119 0.00032755186750045486 0.0052329895608151039 -0.0070018093410743982 0.0051674791873150133 0.5 0.0023255536237780355 452.43279560433496 OK 14 13 0.62953899999999996 0.62457499999999999 0.13656799999999999 0.48354399999999997 0.48644999999999999 0 0.14599499999999999 0.138125 0.13656799999999999 0.013209 0.013028 0.012567999999999999 0.11187400000000002 0.104522 0.10401900000000001 0.0028510000000000002 0.0027510000000000008 0.0026750000000000003 0.00069400000000000006 0.00067200000000000007 0.00062999999999999992 452.42254789400914 452.42254789400914 452.42254789400914 0.37678545426064808 0.37678545426064808 0.37678545426064808 1 1 1 Converged Converged Converged OK OK OK 66 66 66 66 66 66 6 6 6 0 0 0 0 0 1 0 0
102 102 linear 0 7 1020 1 0.001 1.1475669610233004 0.0065724095829848119 0.00032755186750045486 0.0052329895608151039 -0.0070018093410743982 0.0052073550668368072 0.5 0.0022856777442562416 418.61975892719943 OK 14 13 0.65343399999999996 0.66134000000000004 0.13447700000000001 0.51537500000000003 0.38245200000000001 0 0.13805899999999993 0.27888800000000002 0.13447700000000001 0.01201 0.012178 0.011468000000000001 0.10966100000000001 0.25016099999999997 0.10736699999999999 0.0026810000000000002 0.0026900000000000001 0.0025799999999999998 0.000638 0.000629 0.00063400000000000001 418.62098721604843 418.62098721604843 418.62098721604843 0.36952350108306353 0.36952350108306353 0.36952350108306353 1 1 1 Converged Converged Converged OK OK OK 66 66 66 66 66 66 6 6 6 0 0 0 0 1 0 0 1
102 102 linear 0 15 1020 2 0.001 1.1475669610233004 0.0065724095829848119 0.00032755186750045486 0.0052329895608151039 -0.0070018093410743982 0.0052529275005760009 0.5 0.0022401053105170479 374.99856254789563 OK 14 13 0.55901800000000001 0.56892399999999999 0.13172 0.42285400000000001 0.30137000000000003 0 0.13616400000000001 0.26755399999999996 0.13172 0.012021 0.012125 0.011405999999999999 0.10759100000000002 0.23899699999999996 0.104666 0.0027109999999999999 0.002696 0.0026580000000000002 0.00063200000000000007 0.00064800000000000003 0.00061600000000000001 375.00242090290442 375.00242090290442 375.00242090290442 0.36289664216312656 0.36289664216312656 0.36289664216312656 1 1 1 Converged Converged Converged OK OK OK 66 66 66 66 66 66 6 6 6 0 0 0 0 1 0 0 1
102 102 linear 0 23 1020 3 0.001 1.1475669610233004 0.0065724095829848119 0.00032755186750045486 0.0052329895608151039 -0.0070018093410743982 0.0052984999343151946 0.5 0.0021945328767778542 326.94082860297385 OK 14 13 0.55962000000000001 0.59341699999999997 0.144791 0.409582 0.29710500000000001 0 0.150038 0.29631199999999996 0.144791 0.012163999999999999 0.012163999999999999 0.011440000000000001 0.11706899999999998 0.26380400000000009 0.11395099999999997 0.0033730000000000001 0.003284 0.0030929999999999998 0.00098899999999999986 0.00094200000000000002 0.00084100000000000006 326.94360734125195 326.94360734125195 326.94360734125195 0.1005630902321737 0.1005630902321737 0.1005630902321737 1 1 1 Converged Converged Converged OK OK OK 74 74 74 74 74 74 6 6 6 0 0 0 0 1 0 0 1
102 102 linear 0 0 1020 0 0.0001 1.1475669610233004 0.0065724095829848119 0.00032755186750045486 0.0052329895608151039 -0.0070018093410743982 0.0051674791873150133 0.5 0.0023255536237780355 452.43279560433496 OK 14 13 0.67220800000000003 0.66855100000000001 0.17937600000000001 0.48797200000000002 0.48541299999999998 0 0.18423600000000001 0.18313800000000002 0.17937600000000001 0.01325 0.01303 0.012788000000000001 0.13986199999999999 0.14013300000000001 0.13645099999999999 0.0041549999999999998 0.0040039999999999997 0.0040769999999999999 0.00095600000000000004 0.00095100000000000013 0.00092900000000000003 452.42406807833493 452.42406807833493 452.42406807833493 0.032187176866446135 0.032187176866446135 0.032187176866446135 1 1 1 Converged Converged Converged OK OK OK 90 90 90 90 90 90 6 6 6 0 0 0 0 0 1 0 0
102 102 linear 0 7 1020 1 0.0001 1.1475669610233004 0.0065724095829848119 0.00032755186750045486 0.0052329895608151039 -0.0070018093410743982 0.0052073550668368072 0.5 0.0022856777442562416 418.61975892719943 OK 14 13 0.69533100000000003 0.74511000000000005 0.17270199999999999 0.51353300000000002 0.38085799999999997 0 0.18179800000000002 0.36425200000000008 0.17270199999999999 0.012302 0.012257000000000001 0.011514999999999999 0.14443 0.32740000000000002 0.13807199999999997 0.0043750000000000004 0.0041679999999999998 0.0038600000000000001 0.00099599999999999992 0.00095800000000000008 0.00091600000000000004 418.62250743563141 418.62250743563141 418.62250743563141 0.02475502260069104 0.02475502260069104 0.02475502260069104 1 1 1 Converged Converged Converged OK OK OK 90 90 90 90 90 90 6 6 6 0 0 0 0 1 0 0 1
102 102 linear 0 15 1020 2 0.0001 1.1475669610233004 0.0065724095829848119 0.00032755186750045486 0.0052329895608151039 -0.0070018093410743982 0.0052529275005760009 0.5 0.0022401053105170479 374.99856254789563 OK 14 13 0.60069899999999998 0.665493 0.17305599999999999 0.422537 0.30138300000000001 0 0.17816199999999999 0.36410999999999999 0.17305599999999999 0.012222999999999999 0.012102999999999999 0.011454000000000001 0.14172200000000004 0.32724900000000001 0.13844700000000001 0.0041570000000000001 0.0042040000000000011 0.004032 0.00095599999999999993 0.00096499999999999993 0.00091799999999999998 375.00394116256768 375.00394116256768 375.00394116256768 0.017935838282416183 0.017935838282416183 0.017935838282416183 1 1 1 Converged Converged Converged OK OK OK 90 90 90 90 90 90 6 6 6 0 0 0 0 1 0 0 1
102 102 linear 0 23 1020 3 0.0001 1.1475669610233004 0.0065724095829848119 0.00032755186750045486 0.0052329895608151039 -0.0070018093410743982 0.0052984999343151946 0.5 0.0021945328767778542 326.94082860297385 OK 14 13 0.59516800000000003 0.66483300000000001 0.17494799999999999 0.41497600000000001 0.295381 0 0.18019200000000002 0.369452 0.17494799999999999 0.012031 0.012259000000000001 0.011462 0.14409 0.33275100000000007 0.14049999999999999 0.0040420000000000005 0.0041199999999999995 0.003849 0.0010430000000000001 0.001016 0.00097499999999999996 326.9436073721767 326.9436073721767 326.9436073721767 0.012771103797583096 0.012771103797583096 0.012771103797583096 1 1 1 Converged Converged Converged OK OK OK 90 90 90 90 90 90 6 6 6 0 0 0 0 1 0 0 1
102 102 linear 1 0 1021 0 0.001 1.1475669610233004 0.0065724095829848119 0.00032755186750045486 0.0058294169547229635 0.00019654698793581819 0.0057639065812228728 0.5 0.0017291262298701759 1524.9788412832761 OK 14 13 0.78676299999999999 0.78453799999999996 0.31441000000000002 0.46675299999999997 0.46854699999999999 0 0.32001000000000002 0.31599099999999997 0.31441000000000002 0.010461 0.010491 0.010161 0.26433099999999998 0.26137300000000008 0.25729799999999992 0.0072009999999999999 0.0065560000000000002 0.0065440000000000003 0.0010739999999999999 0.001047 0.001047 1524.9817180478642 1524.9817180478642 1524.9817180478642 0.30175541695809432 0.30175541695809432 0.30175541695809432 1 1 1 Converged Converged Converged OK OK OK 121 121 121 121 121 121 7 7 7 0 0 0 0 0 1 0 0
102 102 linear 1 7 1021 1 0.001 1.1475669610233004 0.0065724095829848119 0.00032755186750045486 0.0058294169547229635 0.00019654698793581819 0.0058037824607446668 0.5 0.001689250350348382 1464.1553655036992 OK 14 13 0.80874299999999999 0.84658 0.30060100000000001 0.497859 0.36486600000000002 0 0.31088399999999999 0.48171399999999998 0.30060100000000001 0.0096740000000000003 0.010626 0.0089029999999999995 0.26516399999999996 0.43335600000000002 0.25708199999999992 0.0068169999999999984 0.0071510000000000002 0.0064049999999999992 0.001077 0.001023 0.00098400000000000007 1464.1675746922861 1464.1675746922861 1464.1675746922861 0.30426407253125509 0.30426407253125509 0.30426407253125509 1 1 1 Converged Converged Converged OK OK OK 121 121 121 121 121 121 7 7 7 0 0 0 0 1 0 0 1
102 102 linear 1 15 1021 2 0.001 1.1475669610233004 0.0065724095829848119 0.00032755186750045486 0.0058294169547229635 0.00019654698793581819 0.0058493548944838604 0.5 0.0016436779166091884 1391.952884073381 OK 14 13 0.86603200000000002 0.86566699999999996 0.30114999999999997 0.55376899999999996 0.41780200000000001 0 0.31226300000000007 0.44786499999999996 0.30114999999999997 0.0095049999999999996 0.010763 0.0086990000000000001 0.26588100000000003 0.39965600000000007 0.25790100000000005 0.0074669999999999997 0.0076030000000000004 0.0065260000000000006 0.0010559999999999999 0.001062 0.000977 1391.9637472609027 1391.9637472609027 1391.9637472609027 0.30707248210928101 0.30707248210928101 0.30707248210928101 1 1 1 Converged Converged Converged OK OK OK 121 121 121 121 121 121 7 7 7 0 0 0 0 1 0 0 1
102 102 linear 1 23 1021 3 0.001 1.1475669610233004 0.0065724095829848119 0.00032755186750045486 0.0058294169547229635 0.00019654698793581819 0.0058949273282230541 0.5 0.0015981054828699947 1318.6275583910067 OK 14 13 0.90771000000000002 0.90248099999999998 0.30676799999999999 0.59504999999999997 0.45499299999999998 0 0.31266000000000005 0.447488 0.30676799999999999 0.012513 0.012512000000000001 0.011684 0.26299699999999998 0.39856600000000003 0.25978200000000001 0.0075499999999999994 0.0069220000000000002 0.0066889999999999988 0.0012160000000000001 0.001186 0.0011299999999999997 1318.6337085780219 1318.6337085780219 1318.6337085780219 0.30966174403712093 0.30966174403712093 0.30966174403712093 1 1 1 Converged Converged Converged OK OK OK 121 121 121 121 121 121 7 7 7 0 0 0 0 1 0 0 1
102 102 linear 1 0 1021 0 0.0001 1.1475669610233004 0.0065724095829848119 0.00032755186750045486 0.0058294169547229635 0.00019654698793581819 0.0057639065812228728 0.5 0.0017291262298701759 1524.9788412832761 OK 14 13 0.80566800000000005 0.79499500000000001 0.32284299999999999 0.47210299999999999 0.471549 0 0.33356500000000006 0.32344600000000001 0.32284299999999999 0.010481000000000001 0.01052 0.010037000000000001 0.27419999999999989 0.26467399999999985 0.26447699999999985 0.0071609999999999998 0.0071549999999999999 0.007058 0.001232 0.0012570000000000001 0.001204 1524.9831031102783 1524.9831031102783 1524.9831031102783 0.064447153540795929 0.064447153540795929 0.064447153540795929 1 1 1 Converged Converged Converged OK OK OK 129 129 129 129 129 129 7 7 7 0 0 0 0 0 1 0 0
102 102 linear 1 7 1021 1 0.0001 1.1475669610233004 0.0065724095829848119 0.00032755186750045486 0.0058294169547229635 0.00019654698793581819 0.0058037824607446668 0.5 0.001689250350348382 1464.1553655036992 OK 14 13 0.81832099999999997 0.82267599999999996 0.31338199999999999 0.49462800000000001 0.35638700000000001 0 0.32369299999999995 0.46628899999999995 0.31338199999999999 0.0094359999999999999 0.0095569999999999995 0.0088170000000000002 0.27647500000000008 0.41899100000000011 0.26750299999999999 0.0070049999999999999 0.0070369999999999999 0.0069189999999999989 0.0011710000000000002 0.001176 0.0011620000000000001 1464.1689598131045 1464.1689598131045 1464.1689598131045 0.066945647032465569 0.066945647032465569 0.066945647032465569 1 1 1 Converged Converged Converged OK OK OK 129 129 129 129 129 129 7 7 7 0 0 0 0 1 0 0 1
102 102 linear 1 15 1021 2 0.0001 1.1475669610233004 0.0065724095829848119 0.00032755186750045486 0.0058294169547229635 0.00019654698793581819 0.0058493548944838604 0.5 0.0016436779166091884 1391.952884073381 OK 14 13 0.87109999999999999 0.86679300000000004 0.31431599999999998 0.54944800000000005 0.40949200000000002 0 0.32165199999999994 0.45730100000000001 0.31431599999999998 0.0093729999999999994 0.0094699999999999993 0.0087810000000000006 0.27336900000000003 0.40978499999999995 0.2684470000000001 0.0074870000000000006 0.0071400000000000005 0.0069110000000000005 0.001263 0.0011980000000000001 0.00114 1391.9651324483593 1391.9651324483593 1391.9651324483593 0.069742462426980914 0.069742462426980914 0.069742462426980914 1 1 1 Converged Converged Converged OK OK OK 129 129 129 129 129 129 7 7 7 0 0 0 0 1 0 0 1
102 102 linear 1 23 1021 3 0.0001 1.1475669610233004 0.0065724095829848119 0.00032755186750045486 0.0058294169547229635 0.00019654698793581819 0.0058949273282230541 0.5 0.0015981054828699947 1318.6275583910067 OK 14 13 0.91604699999999994 0.92159999999999997 0.31109900000000001 0.58968799999999999 0.45294899999999999 0 0.32635899999999995 0.46865099999999998 0.31109900000000001 0.012224 0.012425 0.011528 0.27542799999999995 0.41387499999999994 0.26226099999999997 0.0073340000000000002 0.0072919999999999999 0.0069309999999999997 0.001307 0.0013180000000000002 0.0012559999999999997 1318.6350938319997 1318.6350938319997 1318.6350938319997 0.072320151101029517 0.072320151101029517 0.072320151101029517 1 1 1 Converged Converged Converged OK OK OK 129 129 129 129 129 129 7 7 7 0 0 0 0 1 0 0 1
102 102 linear 2 0 1022 0 0.001 1.1475669610233004 0.0065724095829848119 0.00032755186750045486 0.004852234439006591 -0.00022057092852731933 0.0047867240655065004 0.5 0.0027063087455865484 1010.3909283192407 OK 18 17 0.88041400000000003 0.86708399999999997 0.33812199999999998 0.53105999999999998 0.52944000000000002 0 0.34935400000000005 0.33764399999999994 0.33812199999999998 0.018633 0.018438 0.018216 0.27496500000000007 0.26879800000000004 0.26917500000000005 0.0068740000000000008 0.0065029999999999992 0.0066709999999999998 0.001696 0.0015900000000000003 0.001616 1010.388729866636 1010.388729866636 1010.388729866636 0.9366783563042842 0.9366783563042842 0.9366783563042842 1 1 1 Converged Converged Converged OK OK OK 126 126 126 126 126 126 10 10 10 0 0 0 0 0 1 0 0
102 102 linear 2 7 1022 1 0.001 1.1475669610233004 0.0065724095829848119 0.00032755186750045486 0.004852234439006591 -0.00022057092852731933 0.0048265999450282943 0.5 0.0026664328660647545 1066.4217675982902 OK 18 17 0.93645900000000004 0.90582799999999997 0.32530100000000001 0.60394700000000001 0.46631800000000001 0 0.33251200000000003 0.43950999999999996 0.32530100000000001 0.016785000000000001 0.016788999999999998 0.016063999999999998 0.27844400000000002 0.38417400000000007 0.27306399999999997 0.0066570000000000006 0.0072649999999999989 0.0065240000000000003 0.00147 0.0014729999999999999 0.001402 1066.41930336415 1066.41930336415 1066.41930336415 1.0016855360988586 1.0016855360988586 1.0016855360988586 1 1 1 Converged Converged Converged OK OK OK 126 126 126 126 126 126 10 10 10 0 0 0 0 1 0 0 1
102 102 linear 2 15 1022 2 0.001 1.1475669610233004 0.0065724095829848119 0.00032755186750045486 0.004852234439006591 -0.00022057092852731933 0.004872172378767488 0.5 0.0026208604323255608 1146.8711203314599 OK 18 17 0.95501800000000003 0.95684999999999998 0.321793 0.62512199999999996 0.49866100000000002 0 0.32989600000000008 0.45818899999999996 0.321793 0.016723999999999999 0.017786 0.015782000000000001 0.27601999999999999 0.40298400000000029 0.27033699999999999 0.0066760000000000005 0.0066219999999999994 0.0062209999999999991 0.0014320000000000001 0.0013870000000000002 0.001415 1146.8678832622779 1146.8678832622779 1146.8678832622779 1.0989498764821986 1.0989498764821986 1.0989498764821986 1 1 1 Converged Converged Converged OK OK OK 126 126 126 126 126 126 10 10 10 0 0 0 0 1 0 0 1
102 102 linear 2 23 1022 3 0.001 1.1475669610233004 0.0065724095829848119 0.00032755186750045486 0.004852234439006591 -0.00022057092852731933 0.0049177448125066817 0.5 0.0025752879985863671 1276.0481039080712 OK 17 16 0.92210899999999996 0.92086299999999999 0.29629800000000001 0.61770700000000001 0.48309299999999999 0 0.30440199999999995 0.43776999999999999 0.29629800000000001 0.014370000000000001 0.014187999999999999 0.013390000000000001 0.25713900000000001 0.39089899999999994 0.251413 0.0061609999999999998 0.006213999999999999 0.0056900000000000006 0.0015920000000000001 0.0015869999999999999 0.0014949999999999998 1276.0437498538672 1276.0437498538672 1276.0437498538672 1.2539092488368724 1.2539092488368724 1.2539092488368724 1 1 1 Converged Converged Converged OK OK OK 126 126 126 126 126 126 10 10 10 0 0 0 0 1 0 0 1
102 102 linear 2 0 1022 0 0.0001 1.1475669610233004 0.0065724095829848119 0.00032755186750045486 0.004852234439006591 -0.00022057092852731933 0.0047867240655065004 0.5 0.0027063087455865484 1010.3909283192407 OK 18 17 0.99509199999999998 1.0131349999999999 0.45703300000000002 0.528173 0.54078700000000002 0 0.46691899999999997 0.47234799999999988 0.45703300000000002 0.019061999999999999 0.020323999999999998 0.017871000000000001 0.37226600000000004 0.37464799999999998 0.36510399999999993 0.009689999999999999 0.0099190000000000007 0.0093380000000000008 0.0023930000000000006 0.0023309999999999997 0.0021329999999999999 1010.3903323790746 1010.3903323790746 1010.3903323790746 0.032872230299494265 0.032872230299494265 0.032872230299494265 1 1 1 Converged Converged Converged OK OK OK 174 174 174 174 174 174 10 10 10 0 0 0 0 0 1 0 0
102 102 linear 2 7 1022 1 0.0001 1.1475669610233004 0.0065724095829848119 0.00032755186750045486 0.004852234439006591 -0.00022057092852731933 0.0048265999450282943 0.5 0.0026664328660647545 1066.4217675982902 OK 18 17 1.0548919999999999 1.0884400000000001 0.43390000000000001 0.609541 0.472472 0 0.44535099999999994 0.61596800000000007 0.43390000000000001 0.016886999999999999 0.017063999999999999 0.015893000000000001 0.37616699999999992 0.54631999999999992 0.36669400000000008 0.0095339999999999991 0.0096050000000000007 0.0093339999999999985 0.002085 0.0021020000000000001 0.0020330000000000001 1066.4209580195552 1066.4209580195552 1066.4209580195552 0.039875349068116329 0.039875349068116329 0.039875349068116329 1 1 1 Converged Converged Converged OK OK OK 174 174 174 174 174 174 10 10 10 0 0 0 0 1 0 0 1
102 102 linear 2 15 1022 2 0.0001 1.1475669610233004 0.0065724095829848119 0.00032755186750045486 0.004852234439006591 -0.00022057092852731933 0.004872172378767488 0.5 0.0026208604323255608 1146.8711203314599 OK 18 17 1.0663469999999999 1.1131219999999999 0.433089 0.62141000000000002 0.48495700000000003 0 0.44493699999999992 0.62816499999999986 0.433089 0.016558 0.016920999999999999 0.015744000000000001 0.37626000000000009 0.55596100000000026 0.36616600000000016 0.0094389999999999995 0.010607 0.0089549999999999994 0.0020809999999999995 0.0022829999999999999 0.0020600000000000002 1146.8696330509706 1146.8696330509706 1146.8696330509706 0.058201748441239438 0.058201748441239438 0.058201748441239438 1 1 1 Converged Converged Converged OK OK OK 174 174 174 174 174 174 10 10 10 0 0 0 0 1 0 0 1
102 102 linear 2 23 1022 3 0.0001 1.1475669610233004 0.0065724095829848119 0.00032755186750045486 0.004852234439006591 -0.00022057092852731933 0.0049177448125066817 0.5 0.0025752879985863671 1276.0481039080712 OK 17 16 1.039237 1.1008290000000001 0.40956500000000001 0.621031 0.48090100000000002 0 0.41820599999999997 0.61992800000000003 0.40956500000000001 0.013923 0.014262 0.013612000000000001 0.35634399999999988 0.5572060000000002 0.34966100000000011 0.0089379999999999998 0.0090650000000000001 0.0085229999999999993 0.0021680000000000002 0.0021970000000000002 0.002117 1276.0456438490833 1276.0456438490833 1276.0456438490833 0.11878793618907096 0.11878793618907096 0.11878793618907096 1 1 1 Converged Converged Converged OK OK OK 174 174 174 174 174 174 10 10 10 0 0 0 0 1 0 0 1
102 102 linear 3 0 1023 0 0.001 1.1475669610233004 0.0065724095829848119 0.00032755186750045486 -0.31341282980931395 0.044650792746005398 -0.31347834018281406 0.5 0.3209713729939071 2.864088716147867 OK 13 12 0.40035399999999999 0.39908900000000003 0.110559 0.28350599999999998 0.287103 0 0.11684800000000001 0.11198600000000003 0.110559 0.0090399999999999994 0.0090369999999999999 0.0088409999999999999 0.085310000000000011 0.080943000000000001 0.080326000000000009 0.0033599999999999997 0.003192 0.0030819999999999997 0.00069299999999999993 0.00069000000000000008 0.00067100000000000005 2.864088691718945 2.864088691718945 2.864088691718945 0.0020478230530084104 0.0020478230530084104 0.0020478230530084104 1 1 1 Converged Converged Converged OK OK OK 61 61 61 61 61 61 3 3 3 0 0 0 0 0 1 0 0
102 102 linear 3 7 1023 1 0.001 1.1475669610233004 0.0065724095829848119 0.00032755186750045486 -0.31341282980931395 0.044650792746005398 -0.31343846430329225 0.5 0.32093149711438529 2.8644656002218385 OK 13 12 0.39780900000000002 0.39257900000000001 0.097959000000000004 0.29690699999999998 0.17352699999999999 0 0.10090200000000005 0.21905200000000002 0.097959000000000004 0.0081620000000000009 0.008234 0.0076790000000000001 0.073521999999999976 0.191556 0.071621999999999991 0.003222 0.0031999999999999997 0.0032269999999999998 0.00068499999999999995 0.000687 0.0006600000000000001 2.8644655757565474 2.8644655757565474 2.8644655757565474 0.0020482566016706226 0.0020482566016706226 0.0020482566016706226 1 1 1 Converged Converged Converged OK OK OK 61 61 61 61 61 61 3 3 3 0 0 0 0 1 0 0 1
102 102 linear 3 15 1023 2 0.001 1.1475669610233004 0.0065724095829848119 0.00032755186750045486 -0.31341282980931395 0.044650792746005398 -0.31339289186955305 0.5 0.32088592468064608 2.8648965349585409 OK 13 12 0.39753899999999998 0.39238600000000001 0.106083 0.28800100000000001 0.163683 0 0.10953799999999997 0.22870300000000002 0.106083 0.008175 0.0083119999999999999 0.0077549999999999997 0.081967000000000026 0.20108499999999996 0.079810999999999993 0.0032589999999999997 0.0031969999999999998 0.0030350000000000004 0.00069399999999999996 0.00069299999999999993 0.00066399999999999999 2.8648965104519002 2.8648965104519002 2.8648965104519002 0.0020487523136351275 0.0020487523136351275 0.0020487523136351275 1 1 1 Converged Converged Converged OK OK OK 61 61 61 61 61 61 3 3 3 0 0 0 0 1 0 0 1
102 102 linear 3 23 1023 3 0.001 1.1475669610233004 0.0065724095829848119 0.00032755186750045486 -0.31341282980931395 0.044650792746005398 -0.31334731943581384 0.5 0.32084035224690688 2.8653276939183243 OK 13 12 0.39354499999999998 0.39577200000000001 0.10112500000000001 0.28968699999999997 0.16483400000000001 0 0.10385800000000001 0.230938 0.10112500000000001 0.0082430000000000003 0.0082889999999999995 0.0076569999999999997 0.076728999999999978 0.203546 0.075070999999999985 0.003101 0.0031710000000000002 0.0030629999999999998 0.00067600000000000006 0.00067499999999999993 0.00065799999999999995 2.8653276693688685 2.8653276693688685 2.8653276693688685 0.0020492482656290696 0.0020492482656290696 0.0020492482656290696 1 1 1 Converged Converged Converged OK OK OK 61 61 61 61 61 61 3 3 3 0 0 0 0 1 0 0 1
102 102 linear 3 0 1023 0 0.0001 1.1475669610233004 0.0065724095829848119 0.00032755186750045486 -0.31341282980931395 0.044650792746005398 -0.31347834018281406 0.5 0.3209713729939071 2.864088716147867 OK 13 12 0.42237000000000002 0.42050100000000001 0.13980100000000001 0.28306900000000002 0.283503 0 0.13930100000000001 0.13699800000000001 0.13980100000000001 0.0090279999999999996 0.0090100000000000006 0.0087419999999999998 0.10263099999999999 0.10034799999999999 0.10393099999999994 0.003921 0.003921 0.0039509999999999997 0.000812 0.00080399999999999992 0.00083900000000000001 2.8640886927400198 2.8640886927400198 2.8640886927400198 0.00017602078375186049 0.00017602078375186049 0.00017602078375186049 1 1 1 Converged Converged Converged OK OK OK 77 77 77 77 77 77 3 3 3 0 0 0 0 0 1 0 0
102 102 linear 3 7 1023 1 0.0001 1.1475669610233004 0.0065724095829848119 0.00032755186750045486 -0.31341282980931395 0.044650792746005398 -0.31343846430329225 0.5 0.32093149711438529 2.8644656002218385 OK 13 12 0.42530400000000002 0.441552 0.123683 0.29847400000000002 0.170183 0 0.12683 0.27136899999999997 0.123683 0.0081620000000000009 0.0082140000000000008 0.0077600000000000004 0.094874999999999932 0.23915800000000004 0.092613999999999974 0.0039419999999999993 0.00398 0.003875 0.00082199999999999992 0.00082200000000000003 0.00078700000000000005 2.8644655767777074 2.8644655767777074 2.8644655767777074 0.00017614598282666381 0.00017614598282666381 0.00017614598282666381 1 1 1 Converged Converged Converged OK OK OK 77 77 77 77 77 77 3 3 3 0 0 0 0 1 0 0 1
102 102 linear 3 15 1023 2 0.0001 1.1475669610233004 0.0065724095829848119 0.00032755186750045486 -0.31341282980931395 0.044650792746005398 -0.31339289186955305 0.5 0.32088592468064608 2.8648965349585409 OK 13 12 0.42168099999999997 0.43491600000000002 0.130689 0.287657 0.16300000000000001 0 0.13402399999999998 0.27191600000000005 0.130689 0.0081890000000000001 0.0083339999999999994 0.0076920000000000001 0.101949 0.23935299999999998 0.099612999999999952 0.0039509999999999997 0.0040689999999999997 0.0038869999999999998 0.00081000000000000006 0.00080599999999999997 0.00080400000000000003 2.864896511473638 2.864896511473638 2.864896511473638 0.0001762892001545846 0.0001762892001545846 0.0001762892001545846 1 1 1 Converged Converged Converged OK OK OK 77 77 77 77 77 77 3 3 3 0 0 0 0 1 0 0 1
102 102 linear 3 23 1023 3 0.0001 1.1475669610233004 0.0065724095829848119 0.00032755186750045486 -0.31341282980931395 0.044650792746005398 -0.31334731943581384 0.5 0.32084035224690688 2.8653276939183243 OK 13 12 0.42263800000000001 0.44172099999999997 0.125941 0.29358400000000001 0.16563600000000001 0 0.129054 0.27608499999999997 0.125941 0.0081300000000000001 0.0083280000000000003 0.0077159999999999998 0.097204000000000013 0.24386799999999989 0.094957999999999973 0.0039189999999999997 0.0039160000000000002 0.0038800000000000002 0.00080799999999999991 0.00082899999999999988 0.00077699999999999991 2.8653276703908936 2.8653276703908936 2.8653276703908936 0.00017643255686470839 0.00017643255686470839 0.00017643255686470839 1 1 1 Converged Converged Converged OK OK OK 77 77 77 77 77 77 3 3 3 0 0 0 0 1 0 0 1
102 102 linear 4 0 1024 0 0.001 1.1475669610233004 0.0065724095829848119 0.00032755186750045486 -0.16668635539196447 0.027933214461618679 -0.16675186576546455 0.5 0.17424489857655759 14.446360212264754 OK 15 14 0.50869799999999998 0.50267399999999995 0.178094 0.32699800000000001 0.32466699999999998 0 0.18169999999999997 0.17800699999999997 0.178094 0.014343 0.014300999999999999 0.014118 0.12984699999999993 0.12644900000000001 0.12651600000000002 0.0053939999999999995 0.0052010000000000008 0.0055690000000000002 0.0011129999999999998 0.0011329999999999999 0.0011519999999999998 14.446320495625374 14.446320495625374 14.446320495625374 0.013547921416682202 0.013547921416682202 0.013547921416682202 1 1 1 Converged Converged Converged OK OK OK 99 99 99 99 99 99 5 5 5 0 0 0 0 0 1 0 0
102 102 linear 4 7 1024 1 0.001 1.1475669610233004 0.0065724095829848119 0.00032755186750045486 -0.16668635539196447 0.027933214461618679 -0.16671198988594277 0.5 0.17420502269703581 14.51560893804246 OK 15 14 0.59287500000000004 0.67012400000000005 0.16178899999999999 0.425736 0.30937999999999999 0 0.16713900000000004 0.36074400000000006 0.16178899999999999 0.013473000000000001 0.013566 0.012761 0.12280900000000003 0.31629599999999986 0.11907400000000004 0.005326 0.0053740000000000003 0.0051630000000000001 0.001137 0.001108 0.0011019999999999999 14.515569201325459 14.515569201325459 14.515569201325459 0.013546637456526728 0.013546637456526728 0.013546637456526728 1 1 1 Converged Converged Converged OK OK OK 99 99 99 99 99 99 5 5 5 0 0 0 0 1 0 0 1
102 102 linear 4 15 1024 2 0.001 1.1475669610233004 0.0065724095829848119 0.00032755186750045486 -0.16668635539196447 0.027933214461618679 -0.16666641745220356 0.5 0.1741594502632966 14.596680113229516 OK 15 14 0.60897500000000004 0.68004799999999999 0.15861900000000001 0.44469999999999998 0.326679 0 0.16427500000000006 0.35336899999999999 0.15861900000000001 0.013657000000000001 0.013561 0.012707 0.12003099999999998 0.30862799999999996 0.11583400000000002 0.0051140000000000005 0.0053210000000000002 0.0052399999999999999 0.0010920000000000001 0.0010940000000000001 0.0010579999999999999 14.596640324634992 14.596640324634992 14.596640324634992 0.013545176944213705 0.013545176944213705 0.013545176944213705 1 1 1 Converged Converged Converged OK OK OK 99 99 99 99 99 99 5 5 5 0 0 0 0 1 0 0 1
102 102 linear 4 23 1024 3 0.001 1.1475669610233004 0.0065724095829848119 0.00032755186750045486 -0.16668635539196447 0.027933214461618679 -0.16662084501846439 0.5 0.17411387782955742 14.679907496464205 OK 15 14 0.56779299999999999 0.61893900000000002 0.162832 0.40321299999999999 0.27422800000000003 0 0.16458 0.34471099999999999 0.162832 0.013491 0.016978 0.012829999999999999 0.12016899999999998 0.29676899999999989 0.11670799999999999 0.0053849999999999992 0.0053280000000000003 0.0086150000000000011 0.001044 0.0010529999999999999 0.0010460000000000001 14.679867630040398 14.679867630040398 14.679867630040398 0.013543723391483136 0.013543723391483136 0.013543723391483136 1 1 1 Converged Converged Converged OK OK OK 99 99 99 99 99 99 5 5 5 0 0 0 0 1 0 0 1
102 102 linear 4 0 1024 0 0.0001 1.1475669610233004 0.0065724095829848119 0.00032755186750045486 -0.16668635539196447 0.027933214461618679 -0.16675186576546455 0.5 0.17424489857655759 14.446360212264754 OK 15 14 0.57962199999999997 0.56873899999999999 0.243616 0.32309199999999999 0.324768 0 0.25652999999999998 0.24397099999999999 0.243616 0.014751999999999999 0.014393 0.013898000000000001 0.18523600000000007 0.17481999999999998 0.17484999999999995 0.0077589999999999994 0.0075599999999999999 0.0073800000000000003 0.001647 0.0015539999999999996 0.0015530000000000001 14.446351464346463 14.446351464346463 14.446351464346463 6.2388292110433986e-05 6.2388292110433986e-05 6.2388292110433986e-05 1 1 1 Converged Converged Converged OK OK OK 139 139 139 139 139 139 5 5 5 0 0 0 0 0 1 0 0
102 102 linear 4 7 1024 1 0.0001 1.1475669610233004 0.0065724095829848119 0.00032755186750045486 -0.16668635539196447 0.027933214461618679 -0.16671198988594277 0.5 0.17420502269703581 14.51560893804246 OK 15 14 0.67197300000000004 0.79396900000000004 0.2218 0.43703500000000001 0.30410399999999999 0 0.23493800000000004 0.48986500000000005 0.2218 0.014964999999999999 0.013546000000000001 0.012754 0.17552600000000002 0.43259100000000006 0.16624599999999992 0.007613 0.007415999999999999 0.0073109999999999998 0.0015939999999999999 0.0015430000000000001 0.0015889999999999999 14.515600151092002 14.515600151092002 14.515600151092002 6.236093162336296e-05 6.236093162336296e-05 6.236093162336296e-05 1 1 1 Converged Converged Converged OK OK OK 139 139 139 139 139 139 5 5 5 0 0 0 0 1 0 0 1
102 102 linear 4 15 1024 2 0.0001 1.1475669610233004 0.0065724095829848119 0.00032755186750045486 -0.16668635539196447 0.027933214461618679 -0.16666641745220356 0.5 0.1741594502632966 14.596680113229516 OK 15 14 0.67583700000000002 0.80316600000000005 0.21740499999999999 0.45186199999999999 0.32367400000000002 0 0.22397500000000004 0.47949200000000003 0.21740499999999999 0.013494000000000001 0.017364000000000001 0.012784 0.16729799999999997 0.41878399999999993 0.16225400000000001 0.0073889999999999997 0.0073399999999999993 0.0072550000000000002 0.0015290000000000002 0.0015249999999999999 0.001487 14.596671252755334 14.596671252755334 14.596671252755334 6.2332784447693379e-05 6.2332784447693379e-05 6.2332784447693379e-05 1 1 1 Converged Converged Converged OK OK OK 139 139 139 139 139 139 5 5 5 0 0 0 0 1 0 0 1
102 102 linear 4 23 1024 3 0.0001 1.1475669610233004 0.0065724095829848119 0.00032755186750045486 -0.16668635539196447 0.027933214461618679 -0.16662084501846439 0.5 0.17411387782955742 14.679907496464205 OK 15 14 0.62732200000000005 0.73227200000000003 0.218421 0.40257799999999999 0.27800799999999998 0 0.22474400000000005 0.45426400000000006 0.218421 0.013575 0.013539000000000001 0.012768 0.16786199999999996 0.39701799999999982 0.16348700000000005 0.007574 0.007673000000000001 0.0074209999999999996 0.0015349999999999999 0.001482 0.0014789999999999998 14.679898536533736 14.679898536533736 14.679898536533736 6.2307591850489812e-05 6.2307591850489812e-05 6.2307591850489812e-05 1 1 1 Converged Converged Converged OK OK OK 139 139 139 139 139 139 5 5 5 0 0 0 0 1 0 0 1
102 102 uniform 0 0 1025 0 0.001 1.1475669610233004 0.0065724095829848119 0.00032755186750045486 0.0052329895608151039 -0.0070018093410743982 0.0051674791873150133 0 0.0023255536237780355 439.89201083102728 OK 14 13 0.60809800000000003 0.60612699999999997 0.119965 0.48684300000000003 0.48525099999999999 0 0.121255 0.12087599999999998 0.119965 0.012995 0.012821000000000001 0.012609 0.087991000000000041 0.088046000000000027 0.087707999999999967 0.00249 0.0024879999999999998 0.002477 0.00062799999999999998 0.00065300000000000004 0.00063199999999999997 439.89169090470256 439.89169090470256 439.89169090470256 0.28620220340073721 0.28620220340073721 0.28620220340073721 1 1 1 Converged Converged Converged OK OK OK 66 66 66 66 66 66 6 6 6 0 0 0 0 0 1 0 0
102 102 uniform 0 7 1025 1 0.001 1.1475669610233004 0.0065724095829848119 0.00032755186750045486 0.0052329895608151039 -0.0070018093410743982 0.0052073550668368072 0 0.0022856777442562416 409.98827537308972 OK 14 13 0.631301 0.646675 0.117766 0.51110500000000003 0.38074799999999998 0 0.12019599999999997 0.26592700000000002 0.117766 0.012012 0.012111 0.011454000000000001 0.091714000000000045 0.23756899999999997 0.091000000000000011 0.002594 0.002545 0.0024360000000000002 0.00064199999999999999 0.00066300000000000007 0.00060999999999999997 409.987958736206 409.987958736206 409.987958736206 0.28175177948648061 0.28175177948648061 0.28175177948648061 1 1 1 Converged Converged Converged OK OK OK 66 66 66 66 66 66 6 6 6 0 0 0 0 1 0 0 1
102 102 uniform 0 15 1025 2 0.001 1.1475669610233004 0.0065724095829848119 0.00032755186750045486 0.0052329895608151039 -0.0070018093410743982 0.0052529275005760009 0 0.0022401053105170479 371.82192100504619 OK 14 13 0.54096 0.55139099999999996 0.115092 0.423983 0.29811399999999999 0 0.116977 0.25327699999999997 0.115092 0.012094000000000001 0.012128999999999999 0.011412 0.088818000000000022 0.22475799999999999 0.088322000000000053 0.0026230000000000003 0.0025639999999999999 0.002477 0.00064099999999999997 0.00065499999999999998 0.00062100000000000002 371.82160325306842 371.82160325306842 371.82160325306842 0.27829736002483718 0.27829736002483718 0.27829736002483718 1 1 1 Converged Converged Converged OK OK OK 66 66 66 66 66 66 6 6 6 0 0 0 0 1 0 0 1
102 102 uniform 0 23 1025 3 0.001 1.1475669610233004 0.0065724095829848119 0.00032755186750045486 0.0052329895608151039 -0.0070018093410743982 0.0052984999343151946 0 0.0021945328767778542 329.7023905710538 OK 14 13 0.53216399999999997 0.55575799999999997 0.117242 0.409748 0.29798400000000003 0 0.12241599999999997 0.25777399999999995 0.117242 0.012074 0.012152 0.011494000000000001 0.094586999999999949 0.22955499999999993 0.090556000000000011 0.0024460000000000003 0.0026549999999999998 0.0024380000000000001 0.00062600000000000004 0.00065200000000000002 0.00061200000000000002 329.70206357817841 329.70206357817841 329.70206357817841 0.27612858809947227 0.27612858809947227 0.27612858809947227 1 1 1 Converged Converged Converged OK OK OK 66 66 66 66 66 66 6 6 6 0 0 0 0 1 0 0 1
102 102 uniform 0 0 1025 0 0.0001 1.1475669610233004 0.0065724095829848119 0.00032755186750045486 0.0052329895608151039 -0.0070018093410743982 0.0051674791873150133 0 0.0023255536237780355 439.89201083102728 OK 14 13 0.61541000000000001 0.61619199999999996 0.13112799999999999 0.48495700000000003 0.481659 0 0.13045299999999999 0.13453299999999996 0.13112799999999999 0.012854000000000001 0.016507000000000001 0.013979 0.093861 0.094683999999999949 0.093932000000000029 0.0029039999999999999 0.0029229999999999994 0.0028400000000000001 0.00077000000000000007 0.00076600000000000019 0.00078600000000000002 439.89200971736489 439.89200971736489 439.89200971736489 0.03366201238001798 0.03366201238001798 0.03366201238001798 1 1 1 Converged Converged Converged OK OK OK 74 74 74 74 74 74 6 6 6 0 0 0 0 0 1 0 0
102 102 uniform 0 7 1025 1 0.0001 1.1475669610233004 0.0065724095829848119 0.00032755186750045486 0.0052329895608151039 -0.0070018093410743982 0.0052073550668368072 0 0.0022856777442562416 409.98827537308972 OK 14 13 0.640656 0.66508199999999995 0.12654000000000001 0.513185 0.38492500000000002 0 0.127471 0.28015699999999993 0.12654000000000001 0.011916 0.012177 0.011559 0.097155000000000005 0.24897900000000001 0.097112000000000004 0.0029589999999999998 0.0031610000000000002 0.0028649999999999999 0.00076100000000000007 0.00081399999999999994 0.000754 409.98827755575678 409.98827755575678 409.98827755575678 0.029205535435671968 0.029205535435671968 0.029205535435671968 1 1 1 Converged Converged Converged OK OK OK 74 74 74 74 74 74 6 6 6 0 0 0 0 1 0 0 1
102 102 uniform 0 15 1025 2 0.0001 1.1475669610233004 0.0065724095829848119 0.00032755186750045486 0.0052329895608151039 -0.0070018093410743982 0.0052529275005760009 0 0.0022401053105170479 371.82192100504619 OK 14 13 0.54360600000000003 0.57155400000000001 0.123695 0.41851500000000003 0.29887000000000002 0 0.12509100000000001 0.27268399999999998 0.123695 0.012024 0.012165 0.011549 0.094639000000000001 0.24146399999999998 0.094333999999999987 0.0029570000000000004 0.0030340000000000002 0.0028710000000000003 0.00075100000000000004 0.00081499999999999997 0.00076200000000000009 371.82192208046581 371.82192208046581 371.82192208046581 0.025744222057131345 0.025744222057131345 0.025744222057131345 1 1 1 Converged Converged Converged OK OK OK 74 74 74 74 74 74 6 6 6 0 0 0 0 1 0 0 1
102 102 uniform 0 23 1025 3 0.0001 1.1475669610233004 0.0065724095829848119 0.00032755186750045486 0.0052329895608151039 -0.0070018093410743982 0.0052984999343151946 0 0.0021945328767778542 329.7023905710538 OK 14 13 0.53828500000000001 0.57383300000000004 0.12558 0.410692 0.29738900000000001 0 0.12759300000000001 0.27644400000000002 0.12558 0.012108000000000001 0.012160000000000001 0.011492 0.097146000000000038 0.24533600000000008 0.096409000000000009 0.0029610000000000001 0.0031180000000000001 0.002826 0.00075500000000000003 0.00079000000000000001 0.00075099999999999993 329.70238241339399 329.70238241339399 329.70238241339399 0.023568581624609324 0.023568581624609324 0.023568581624609324 1 1 1 Converged Converged Converged OK OK OK 74 74 74 74 74 74 6 6 6 0 0 0 0 1 0 0 1
102 102 uniform 1 0 1026 0 0.001 1.1475669610233004 0.0065724095829848119 0.00032755186750045486 0.0058294169547229635 0.00019654698793581819 0.0057639065812228728 0 0.0017291262298701759 1537.5626000336617 OK 14 13 0.72916099999999995 0.73134200000000005 0.25465300000000002 0.47172999999999998 0.47031600000000001 0 0.25743099999999997 0.26102600000000004 0.25465300000000002 0.010413 0.010541999999999999 0.010035000000000001 0.20230400000000007 0.20603500000000002 0.20138799999999998 0.0066439999999999997 0.0069880000000000003 0.0064819999999999999 0.001049 0.001085 0.00096900000000000003 1537.5624441901132 1537.5624441901132 1537.5624441901132 0.25481521299028753 0.25481521299028753 0.25481521299028753 1 1 1 Converged Converged Converged OK OK OK 121 121 121 121 121 121 7 7 7 0 0 0 0 0 1 0 0
102 102 uniform 1 7 1026 1 0.001 1.1475669610233004 0.0065724095829848119 0.00032755186750045486 0.0058294169547229635 0.00019654698793581819 0.0058037824607446668 0 0.001689250350348382 1477.7907331697293 OK 14 13 0.74203300000000005 0.74629900000000005 0.24548400000000001 0.49471199999999999 0.35480800000000001 0 0.24732100000000007 0.39149100000000003 0.24548400000000001 0.0095219999999999992 0.0096270000000000001 0.0089420000000000003 0.20194699999999993 0.34615799999999991 0.20168 0.0065659999999999998 0.0067219999999999997 0.0065199999999999998 0.00098499999999999998 0.0010369999999999997 0.00098999999999999999 1477.7905613106655 1477.7905613106655 1477.7905613106655 0.25402581141443237 0.25402581141443237 0.25402581141443237 1 1 1 Converged Converged Converged OK OK OK 121 121 121 121 121 121 7 7 7 0 0 0 0 1 0 0 1
102 102 uniform 1 15 1026 2 0.001 1.1475669610233004 0.0065724095829848119 0.00032755186750045486 0.0058294169547229635 0.00019654698793581819 0.0058493548944838604 0 0.0016436779166091884 1406.3577582031878 OK 14 13 0.80073300000000003 0.79235 0.24598600000000001 0.55295799999999995 0.41430099999999997 0 0.24777500000000008 0.37804900000000002 0.24598600000000001 0.0093699999999999999 0.0095049999999999996 0.0087250000000000001 0.20286999999999988 0.33307100000000001 0.20261799999999996 0.0064159999999999998 0.0066539999999999993 0.006405000000000001 0.0010119999999999999 0.001049 0.00098900000000000008 1406.3576391137813 1406.3576391137813 1406.3576391137813 0.25237463214442035 0.25237463214442035 0.25237463214442035 1 1 1 Converged Converged Converged OK OK OK 121 121 121 121 121 121 7 7 7 0 0 0 0 1 0 0 1
102 102 uniform 1 23 1026 3 0.001 1.1475669610233004 0.0065724095829848119 0.00032755186750045486 0.0058294169547229635 0.00019654698793581819 0.0058949273282230541 0 0.0015981054828699947 1333.1361270905086 OK 14 13 0.84238999999999997 0.84657899999999997 0.24593999999999999 0.58916999999999997 0.45627000000000001 0 0.25322 0.39030899999999996 0.24593999999999999 0.012395 0.012444999999999999 0.011538 0.20497800000000005 0.34155800000000008 0.19947199999999995 0.0066369999999999997 0.0067789999999999994 0.0063850000000000001 0.001109 0.0011390000000000003 0.001047 1333.1361321474437 1333.1361321474437 1333.1361321474437 0.24987149467859193 0.24987149467859193 0.24987149467859193 1 1 1 Converged Converged Converged OK OK OK 121 121 121 121 121 121 7 7 7 0 0 0 0 1 0 0 1
102 102 uniform 1 0 1026 0 0.0001 1.1475669610233004 0.0065724095829848119 0.00032755186750045486 0.0058294169547229635 0.00019654698793581819 0.0057639065812228728 0 0.0017291262298701759 1537.5626000336617 OK 14 13 0.74487000000000003 0.73429 0.26755800000000002 0.47898000000000002 0.465999 0 0.26589000000000002 0.268291 0.26755800000000002 0.010432 0.010168999999999999 0.0097509999999999993 0.20728800000000003 0.21049100000000007 0.20682500000000006 0.0069679999999999994 0.006901 0.0068649999999999996 0.0011690000000000001 0.0012019999999999999 0.0011980000000000001 1537.5627234116901 1537.5627234116901 1537.5627234116901 0.021993756223045981 0.021993756223045981 0.021993756223045981 1 1 1 Converged Converged Converged OK OK OK 129 129 129 129 129 129 7 7 7 0 0 0 0 0 1 0 0
102 102 uniform 1 7 1026 1 0.0001 1.1475669610233004 0.0065724095829848119 0.00032755186750045486 0.0058294169547229635 0.00019654698793581819 0.0058037824607446668 0 0.001689250350348382 1477.7907331697293 OK 14 13 0.75456599999999996 0.76300199999999996 0.25219900000000001 0.49881999999999999 0.35554400000000003 0 0.25574599999999997 0.40745799999999993 0.25219900000000001 0.0094339999999999997 0.0095980000000000006 0.0088439999999999994 0.20869699999999994 0.36052399999999979 0.20649899999999993 0.0068820000000000001 0.0067920000000000003 0.0067060000000000002 0.0012030000000000001 0.0011400000000000002 0.0011019999999999999 1477.7908405435353 1477.7908405435353 1477.7908405435353 0.021194390660626252 0.021194390660626252 0.021194390660626252 1 1 1 Converged Converged Converged OK OK OK 129 129 129 129 129 129 7 7 7 0 0 0 0 1 0 0 1
102 102 uniform 1 15 1026 2 0.0001 1.1475669610233004 0.0065724095829848119 0.00032755186750045486 0.0058294169547229635 0.00019654698793581819 0.0058493548944838604 0 0.0016436779166091884 1406.3577582031878 OK 14 13 0.80753900000000001 0.80837000000000003 0.25754500000000002 0.54719799999999996 0.40940199999999999 0 0.26034100000000004 0.39896800000000004 0.25754500000000002 0.0092379999999999997 0.013825 0.0088190000000000004 0.21357600000000004 0.34731499999999993 0.21173400000000009 0.0068090000000000008 0.0069319999999999998 0.0067000000000000002 0.0011489999999999998 0.001176 0.0011619999999999998 1406.357918359538 1406.357918359538 1406.357918359538 0.019531843198542183 0.019531843198542183 0.019531843198542183 1 1 1 Converged Converged Converged OK OK OK 129 129 129 129 129 129 7 7 7 0 0 0 0 1 0 0 1
102 102 uniform 1 23 1026 3 0.0001 1.1475669610233004 0.0065724095829848119 0.00032755186750045486 0.0058294169547229635 0.00019654698793581819 0.0058949273282230541 0 0.0015981054828699947 1333.1361270905086 OK 14 13 0.84946600000000005 0.86106300000000002 0.25685799999999998 0.588727 0.45178400000000002 0 0.26073900000000005 0.409279 0.25685799999999998 0.011956 0.012241 0.01167 0.20644900000000008 0.35543799999999987 0.20761900000000003 0.011259 0.010319 0.0067889999999999999 0.0012670000000000001 0.0013190000000000001 0.0012349999999999998 1333.1364114060659 1333.1364114060659 1333.1364114060659 0.017017358039122223 0.017017358039122223 0.017017358039122223 1 1 1 Converged Converged Converged OK OK OK 129 129 129 129 129 129 7 7 7 0 0 0 0 1 0 0 1
102 102 uniform 2 0 1027 0 0.001 1.1475669610233004 0.0065724095829848119 0.00032755186750045486 0.004852234439006591 -0.00022057092852731933 0.0047867240655065004 0 0.0027063087455865484 1016.1472649963667 OK 18 17 0.82254700000000003 0.81836399999999998 0.29221000000000003 0.53103 0.52655099999999999 0 0.29151700000000003 0.29181299999999999 0.29221000000000003 0.018644999999999998 0.0183 0.018246999999999999 0.22228299999999998 0.223914 0.22410400000000011 0.0061650000000000003 0.0058929999999999998 0.0061649999999999995 0.0014970000000000001 0.001433 0.0015069999999999999 1016.1469159343541 1016.1469159343541 1016.1469159343541 0.57186127762969252 0.57186127762969252 0.57186127762969252 1 1 1 Converged Converged Converged OK OK OK 126 126 126 126 126 126 10 10 10 0 0 0 0 0 1 0 0
102 102 uniform 2 7 1027 1 0.001 1.1475669610233004 0.0065724095829848119 0.00032755186750045486 0.004852234439006591 -0.00022057092852731933 0.0048265999450282943 0 0.0026664328660647545 1074.1357164614581 OK 18 17 0.88504700000000003 0.84880800000000001 0.27533099999999999 0.60760499999999995 0.46678599999999998 0 0.27744200000000008 0.38202200000000003 0.27533099999999999 0.016739 0.017142999999999999 0.01627 0.22457499999999994 0.32739599999999991 0.22346799999999983 0.0058579999999999995 0.006685 0.0058469999999999998 0.0013130000000000001 0.0014240000000000001 0.001338 1074.1353558088663 1074.1353558088663 1074.1353558088663 0.65743300259315185 0.65743300259315185 0.65743300259315185 1 1 1 Converged Converged Converged OK OK OK 126 126 126 126 126 126 10 10 10 0 0 0 0 1 0 0 1
102 102 uniform 2 15 1027 2 0.001 1.1475669610233004 0.0065724095829848119 0.00032755186750045486 0.004852234439006591 -0.00022057092852731933 0.004872172378767488 0 0.0026208604323255608 1158.9107404339827 OK 18 17 0.90171699999999999 0.87508399999999997 0.272596 0.62699099999999997 0.48971999999999999 0 0.27472600000000003 0.38536399999999998 0.272596 0.016493000000000001 0.016941000000000001 0.015956000000000001 0.22209099999999998 0.33059799999999984 0.22155700000000011 0.0059229999999999994 0.0067450000000000001 0.0057080000000000004 0.001451 0.0014779999999999999 0.0014220000000000001 1158.9102882929149 1158.9102882929149 1158.9102882929149 0.77769511950930281 0.77769511950930281 0.77769511950930281 1 1 1 Converged Converged Converged OK OK OK 126 126 126 126 126 126 10 10 10 0 0 0 0 1 0 0 1
102 102 uniform 2 23 1027 3 0.001 1.1475669610233004 0.0065724095829848119 0.00032755186750045486 0.004852234439006591 -0.00022057092852731933 0.0049177448125066817 0 0.0025752879985863671 1302.1777807255887 OK 17 16 0.86726099999999995 0.86933199999999999 0.24674099999999999 0.61823700000000004 0.48084300000000002 0 0.24902399999999991 0.38848899999999997 0.24674099999999999 0.013686 0.013944 0.01315 0.20421399999999992 0.34273399999999998 0.20322399999999996 0.005352 0.0058190000000000004 0.0052509999999999987 0.0012820000000000002 0.0013519999999999999 0.001256 1302.1775387012087 1302.1775387012087 1302.1775387012087 1.0537472603663525 1.0537472603663525 1.0537472603663525 1 1 1 Converged Converged Converged OK OK OK 126 126 126 126 126 126 10 10 10 0 0 0 0 1 0 0 1
102 102 uniform 2 0 1027 0 0.0001 1.1475669610233004 0.0065724095829848119 0.00032755186750045486 0.004852234439006591 -0.00022057092852731933 0.0047867240655065004 0 0.0027063087455865484 1016.1472649963667 OK 18 17 0.88267099999999998 0.88253999999999999 0.356738 0.52887499999999998 0.52507000000000004 0 0.353796 0.35746999999999995 0.356738 0.018256000000000001 0.018308000000000001 0.019279000000000001 0.26954199999999995 0.27119200000000021 0.27012500000000006 0.0076299999999999996 0.0087340000000000004 0.008010999999999999 0.0018960000000000005 0.0022449999999999996 0.0019399999999999999 1016.1472229567884 1016.1472229567884 1016.1472229567884 0.098850630910295528 0.098850630910295528 0.098850630910295528 1 1 1 Converged Converged Converged OK OK OK 158 158 158 158 158 158 10 10 10 0 0 0 0 0 1 0 0
102 102 uniform 2 7 1027 1 0.0001 1.1475669610233004 0.0065724095829848119 0.00032755186750045486 0.004852234439006591 -0.00022057092852731933 0.0048265999450282943 0 0.0026664328660647545 1074.1357164614581 OK 18 17 0.97217900000000002 1.0136309999999999 0.36611399999999999 0.60507900000000003 0.46809299999999998 0 0.36709999999999998 0.54553799999999997 0.36611399999999999 0.016524 0.017010999999999998 0.016056000000000001 0.2936200000000001 0.47340199999999982 0.29652599999999985 0.0085739999999999983 0.0093120000000000008 0.0087510000000000001 0.0020249999999999999 0.0020929999999999998 0.0019970000000000001 1074.1357047296033 1074.1357047296033 1074.1357047296033 0.022874413013619584 0.022874413013619584 0.022874413013619584 1 1 1 Converged Converged Converged OK OK OK 174 174 174 174 174 174 10 10 10 0 0 0 0 1 0 0 1
102 102 uniform 2 15 1027 2 0.0001 1.1475669610233004 0.0065724095829848119 0.00032755186750045486 0.004852234439006591 -0.00022057092852731933 0.004872172378767488 0 0.0026208604323255608 1158.9107404339827 OK 18 17 0.98455899999999996 1.031563 0.35752800000000001 0.62098299999999995 0.48442600000000002 0 0.36357600000000001 0.54713699999999998 0.35752800000000001 0.016802999999999998 0.016885000000000001 0.016095999999999999 0.29493600000000003 0.4780290000000002 0.29094799999999993 0.0088979999999999997 0.0090550000000000005 0.0084469999999999996 0.0020930000000000002 0.0021610000000000002 0.0021149999999999997 1158.9106634927693 1158.9106634927693 1158.9106634927693 0.034953004173093799 0.034953004173093799 0.034953004173093799 1 1 1 Converged Converged Converged OK OK OK 174 174 174 174 174 174 10 10 10 0 0 0 0 1 0 0 1
102 102 uniform 2 23 1027 3 0.0001 1.1475669610233004 0.0065724095829848119 0.00032755186750045486 0.004852234439006591 -0.00022057092852731933 0.0049177448125066817 0 0.0025752879985863671 1302.1777807255887 OK 17 16 0.94104200000000005 1.022904 0.317631 0.61541999999999997 0.47762100000000002 0 0.32562200000000008 0.54528299999999996 0.317631 0.013821 0.014323000000000001 0.013214 0.26691999999999994 0.48307500000000003 0.26025500000000001 0.0081250000000000003 0.0086100000000000013 0.0079799999999999992 0.001977 0.0020439999999999998 0.0019970000000000001 1302.177796546493 1302.177796546493 1302.177796546493 0.1083772633527551 0.1083772633527551 0.1083772633527551 1 1 1 Converged Converged Converged OK OK OK 174 174 174 174 174 174 10 10 10 0 0 0 0 1 0 0 1
102 102 uniform 3 0 1028 0 0.001 1.1475669610233004 0.0065724095829848119 0.00032755186750045486 -0.31341282980931395 0.044650792746005398 -0.31347834018281406 0 0.3209713729939071 2.8640887161479576 OK 13 12 0.358765 0.35720499999999999 0.073705999999999994 0.28376099999999999 0.28313700000000003 0 0.075004000000000015 0.074067999999999967 0.073705999999999994 0.0089589999999999999 0.008796 0.0086650000000000008 0.049922000000000008 0.049597999999999996 0.04927299999999999 0.002245 0.0021789999999999999 0.002163 0.00059800000000000001 0.00054299999999999997 0.00053499999999999999 2.8640886960766636 2.8640886960766636 2.8640886960766636 0.0010086260572405832 0.0010086260572405832 0.0010086260572405832 1 1 1 Converged Converged Converged OK OK OK 45 45 45 45 45 45 3 3 3 0 0 0 0 0 1 0 0
102 102 uniform 3 7 1028 1 0.001 1.1475669610233004 0.0065724095829848119 0.00032755186750045486 -0.31341282980931395 0.044650792746005398 -0.31343846430329225 0 0.32093149711438529 2.864465600221954 OK 13 12 0.358263 0.31459900000000002 0.062177000000000003 0.29449599999999998 0.174207 0 0.063767000000000018 0.14039200000000002 0.062177000000000003 0.0082240000000000004 0.0082920000000000008 0.0076540000000000002 0.041435999999999994 0.11815200000000001 0.041116000000000007 0.0021749999999999999 0.002261 0.0021080000000000001 0.0005660000000000001 0.00054900000000000001 0.00052999999999999998 2.8644655801484937 2.8644655801484937 2.8644655801484937 0.0010087588104783969 0.0010087588104783969 0.0010087588104783969 1 1 1 Converged Converged Converged OK OK OK 45 45 45 45 45 45 3 3 3 0 0 0 0 1 0 0 1
102 102 uniform 3 15 1028 2 0.001 1.1475669610233004 0.0065724095829848119 0.00032755186750045486 -0.31341282980931395 0.044650792746005398 -0.31339289186955305 0 0.32088592468064608 2.8648965349585409 OK 13 12 0.36084500000000003 0.31724999999999998 0.072370000000000004 0.290267 0.165049 0 0.07057800000000003 0.15220099999999998 0.072370000000000004 0.0082430000000000003 0.0083420000000000005 0.0076629999999999997 0.048240999999999985 0.129998 0.05110399999999999 0.0021749999999999999 0.0022110000000000003 0.0021770000000000001 0.00056399999999999994 0.00054100000000000003 0.00052899999999999996 2.8648965148825507 2.8648965148825507 2.8648965148825507 0.0010089106033645085 0.0010089106033645085 0.0010089106033645085 1 1 1 Converged Converged Converged OK OK OK 45 45 45 45 45 45 3 3 3 0 0 0 0 1 0 0 1
102 102 uniform 3 23 1028 3 0.001 1.1475669610233004 0.0065724095829848119 0.00032755186750045486 -0.31341282980931395 0.044650792746005398 -0.31334731943581384 0 0.32084035224690688 2.8653276939183949 OK 13 12 0.354545 0.32527400000000001 0.066001000000000004 0.28701399999999999 0.16639799999999999 0 0.067531000000000008 0.15887600000000002 0.066001000000000004 0.0081829999999999993 0.0082570000000000005 0.0076350000000000003 0.045308999999999988 0.13659600000000002 0.044831999999999997 0.00215 0.0022270000000000002 0.0021640000000000001 0.00053899999999999998 0.00054000000000000001 0.000531 2.8653276738386073 2.8653276738386073 2.8653276738386073 0.0010090624741412612 0.0010090624741412612 0.0010090624741412612 1 1 1 Converged Converged Converged OK OK OK 45 45 45 45 45 45 3 3 3 0 0 0 0 1 0 0 1
102 102 uniform 3 0 1028 0 0.0001 1.1475669610233004 0.0065724095829848119 0.00032755186750045486 -0.31341282980931395 0.044650792746005398 -0.31347834018281406 0 0.3209713729939071 2.8640887161479576 OK 13 12 0.39808100000000002 0.39767000000000002 0.111542 0.28539500000000001 0.28549400000000003 0 0.11268600000000001 0.112176 0.111542 0.0088760000000000002 0.0088430000000000002 0.0085839999999999996 0.076399999999999996 0.076139999999999999 0.07599800000000001 0.0038289999999999999 0.003764 0.0037759999999999998 0.00082600000000000002 0.00080000000000000004 0.00079000000000000012 2.8640886960956968 2.8640886960956968 2.8640886960956968 3.6684067618737015e-05 3.6684067618737015e-05 3.6684067618737015e-05 1 1 1 Converged Converged Converged OK OK OK 77 77 77 77 77 77 3 3 3 0 0 0 0 0 1 0 0
102 102 uniform 3 7 1028 1 0.0001 1.1475669610233004 0.0065724095829848119 0.00032755186750045486 -0.31341282980931395 0.044650792746005398 -0.31343846430329225 0 0.32093149711438529 2.864465600221954 OK 13 12 0.39544200000000002 0.412549 0.099249000000000004 0.294742 0.170349 0 0.10070000000000001 0.2422 0.099249000000000004 0.0081829999999999993 0.0082740000000000001 0.007718 0.068549000000000013 0.210282 0.068381000000000011 0.0038940000000000003 0.0038710000000000003 0.0038140000000000001 0.00078499999999999989 0.00079199999999999995 0.00077799999999999994 2.8644655801671552 2.8644655801671552 2.8644655801671552 3.6710158352980616e-05 3.6710158352980616e-05 3.6710158352980616e-05 1 1 1 Converged Converged Converged OK OK OK 77 77 77 77 77 77 3 3 3 0 0 0 0 1 0 0 1
102 102 uniform 3 15 1028 2 0.0001 1.1475669610233004 0.0065724095829848119 0.00032755186750045486 -0.31341282980931395 0.044650792746005398 -0.31339289186955305 0 0.32088592468064608 2.8648965349585409 OK 13 12 0.397928 0.41484700000000002 0.110914 0.28691 0.16766300000000001 0 0.11101800000000001 0.24718400000000001 0.110914 0.0082030000000000002 0.0083160000000000005 0.0076600000000000001 0.079003999999999949 0.21499500000000005 0.080180999999999988 0.0038120000000000003 0.0038999999999999998 0.0037699999999999999 0.00078600000000000002 0.00079600000000000005 0.00078600000000000013 2.8648965149016492 2.8648965149016492 2.8648965149016492 3.6740004448115776e-05 3.6740004448115776e-05 3.6740004448115776e-05 1 1 1 Converged Converged Converged OK OK OK 77 77 77 77 77 77 3 3 3 0 0 0 0 1 0 0 1
102 102 uniform 3 23 1028 3 0.0001 1.1475669610233004 0.0065724095829848119 0.00032755186750045486 -0.31341282980931395 0.044650792746005398 -0.31334731943581384 0 0.32084035224690688 2.8653276939183949 OK 13 12 0.39116099999999998 0.42345699999999997 0.10138900000000001 0.28794399999999998 0.167077 0 0.103217 0.25637999999999994 0.10138900000000001 0.0083999999999999995 0.0082520000000000007 0.0076940000000000003 0.071278999999999981 0.22405400000000006 0.070653999999999995 0.0038189999999999999 0.0039900000000000005 0.0037669999999999999 0.00077899999999999996 0.00078000000000000009 0.00075700000000000008 2.8653276738576796 2.8653276738576796 2.8653276738576796 3.6769879371319828e-05 3.6769879371319828e-05 3.6769879371319828e-05 1 1 1 Converged Converged Converged OK OK OK 77 77 77 77 77 77 3 3 3 0 0 0 0 1 0 0 1
102 102 uniform 4 0 1029 0 0.001 1.1475669610233004 0.0065724095829848119 0.00032755186750045486 -0.16668635539196447 0.027933214461618679 -0.16675186576546455 0 0.17424489857655759 14.470545455386844 OK 15 14 0.43687700000000002 0.43554300000000001 0.113688 0.32141199999999998 0.32096000000000002 0 0.11546500000000004 0.11458299999999999 0.113688 0.014231000000000001 0.014158 0.013864 0.076275000000000009 0.076172000000000004 0.075782000000000016 0.003192 0.0031870000000000006 0.0031780000000000003 0.00079600000000000005 0.00073999999999999999 0.00074099999999999991 14.470538824588177 14.470538824588177 14.470538824588177 0.01180600338957174 0.01180600338957174 0.01180600338957174 1 1 1 Converged Converged Converged OK OK OK 67 67 67 67 67 67 5 5 5 0 0 0 0 0 1 0 0
102 102 uniform 4 7 1029 1 0.001 1.1475669610233004 0.0065724095829848119 0.00032755186750045486 -0.16668635539196447 0.027933214461618679 -0.16671198988594277 0 0.17420502269703581 14.540712754619587 OK 15 14 0.53286999999999995 0.54043399999999997 0.103112 0.42741499999999999 0.30545899999999998 0 0.10545499999999997 0.23497499999999999 0.103112 0.013509999999999999 0.013475000000000001 0.012723 0.071515999999999996 0.20105100000000004 0.070605000000000001 0.0032340000000000003 0.003339 0.0031589999999999999 0.00077799999999999994 0.00073400000000000006 0.00074100000000000001 14.540706123799643 14.540706123799643 14.540706123799643 0.011887276404276592 0.011887276404276592 0.011887276404276592 1 1 1 Converged Converged Converged OK OK OK 67 67 67 67 67 67 5 5 5 0 0 0 0 1 0 0 1
102 102 uniform 4 15 1029 2 0.001 1.1475669610233004 0.0065724095829848119 0.00032755186750045486 -0.16668635539196447 0.027933214461618679 -0.16666641745220356 0 0.1741594502632966 14.622896975341913 OK 15 14 0.54221200000000003 0.53190400000000004 0.099312999999999999 0.440693 0.32133400000000001 0 0.10151900000000003 0.21057000000000003 0.099312999999999999 0.013602 0.013480000000000001 0.012747 0.067653999999999992 0.17676500000000009 0.066779999999999978 0.0031390000000000003 0.0033309999999999998 0.00314 0.00073400000000000006 0.00072500000000000006 0.00072300000000000001 14.622890343897945 14.622890343897945 14.622890343897945 0.011984347693463933 0.011984347693463933 0.011984347693463933 1 1 1 Converged Converged Converged OK OK OK 67 67 67 67 67 67 5 5 5 0 0 0 0 1 0 0 1
102 102 uniform 4 23 1029 3 0.001 1.1475669610233004 0.0065724095829848119 0.00032755186750045486 -0.16668635539196447 0.027933214461618679 -0.16662084501846439 0 0.17411387782955742 14.707310600116109 OK 15 14 0.51129999999999998 0.48327799999999999 0.101344 0.40389199999999997 0.27404400000000001 0 0.107408 0.20923399999999998 0.101344 0.013665999999999999 0.013592999999999999 0.012775 0.073639000000000024 0.17520500000000003 0.068874000000000019 0.0031680000000000002 0.0033110000000000001 0.0031700000000000001 0.00072800000000000002 0.00073800000000000005 0.00073099999999999999 14.707303967965645 14.707303967965645 14.707303967965645 0.012086205325945749 0.012086205325945749 0.012086205325945749 1 1 1 Converged Converged Converged OK OK OK 67 67 67 67 67 67 5 5 5 0 0 0 0 1 0 0 1
102 102 uniform 4 0 1029 0 0.0001 1.1475669610233004 0.0065724095829848119 0.00032755186750045486 -0.16668635539196447 0.027933214461618679 -0.16675186576546455 0 0.17424489857655759 14.470545455386844 OK 15 14 0.50683699999999998 0.50694300000000003 0.18366299999999999 0.321411 0.32191799999999998 0 0.18542599999999998 0.18502500000000005 0.18366299999999999 0.014206999999999999 0.014334 0.013958 0.12372100000000003 0.12378899999999997 0.12279199999999993 0.0062430000000000003 0.0061650000000000012 0.0062189999999999997 0.0012949999999999997 0.0013290000000000001 0.0012749999999999999 14.470545275937397 14.470545275937397 14.470545275937397 0.00085421914921331578 0.00085421914921331578 0.00085421914921331578 1 1 1 Converged Converged Converged OK OK OK 123 123 123 123 123 123 5 5 5 0 0 0 0 0 1 0 0
102 102 uniform 4 7 1029 1 0.0001 1.1475669610233004 0.0065724095829848119 0.00032755186750045486 -0.16668635539196447 0.027933214461618679 -0.16671198988594277 0 0.17420502269703581 14.540712754619587 OK 15 14 0.59367300000000001 0.71191700000000002 0.16778100000000001 0.42638799999999999 0.30431999999999998 0 0.16728500000000002 0.40759700000000004 0.16778100000000001 0.01367 0.013635 0.012793000000000001 0.11626299999999998 0.35624099999999997 0.11830599999999999 0.0061410000000000006 0.0062170000000000003 0.0060719999999999993 0.0012470000000000003 0.001266 0.0012359999999999999 14.540712571102112 14.540712571102112 14.540712571102112 0.00085443575561014126 0.00085443575561014126 0.00085443575561014126 1 1 1 Converged Converged Converged OK OK OK 123 123 123 123 123 123 5 5 5 0 0 0 0 1 0 0 1
102 102 uniform 4 15 1029 2 0.0001 1.1475669610233004 0.0065724095829848119 0.00032755186750045486 -0.16668635539196447 0.027933214461618679 -0.16666641745220356 0 0.1741594502632966 14.622896975341913 OK 15 14 0.61007699999999998 0.72475900000000004 0.16137199999999999 0.44650200000000001 0.32359500000000002 0 0.16357499999999997 0.40116400000000002 0.16137199999999999 0.0134 0.013427 0.012718999999999999 0.11261300000000002 0.34984200000000004 0.11169400000000002 0.0061619999999999999 0.0061670000000000006 0.0061299999999999992 0.0012940000000000002 0.0012729999999999998 0.0012410000000000001 14.622896786572836 14.622896786572836 14.622896786572836 0.00085468347910836102 0.00085468347910836102 0.00085468347910836102 1 1 1 Converged Converged Converged OK OK OK 123 123 123 123 123 123 5 5 5 0 0 0 0 1 0 0 1
102 102 uniform 4 23 1029 3 0.0001 1.1475669610233004 0.0065724095829848119 0.00032755186750045486 -0.16668635539196447 0.027933214461618679 -0.16662084501846439 0 0.17411387782955742 14.707310600116109 OK 15 14 0.56921900000000003 0.65873000000000004 0.16136600000000001 0.40158700000000003 0.27283600000000002 0 0.167632 0.38589400000000001 0.16136600000000001 0.013558000000000001 0.01358 0.012838 0.11714299999999996 0.32819700000000002 0.11208099999999996 0.00611 0.012203 0.0061200000000000004 0.0012630000000000002 0.001256 0.0012359999999999999 14.707310406006368 14.707310406006368 14.707310406006368 0.00085493140027934024 0.00085493140027934024 0.00085493140027934024 1 1 1 Converged Converged Converged OK OK OK 123 123 123 123 123 123 5 5 5 0 0 0 0 1 0 0 1
103 103 linear 0 0 1030 0 0.001 3.1065425418935804 0.15458383262995187 0.0001335298560236962 0.37643717166803825 -0.019281547658736187 0.37641046569683351 0.5 0.039515375963392774 522.57874822505869 OK 14 13 0.58223199999999997 0.58223199999999997 0.223631 0.35491600000000001 0.35805599999999999 0 0.22731599999999996 0.22417599999999999 0.223631 0.013786 0.013919000000000001 0.013764999999999999 0.18490699999999999 0.18165399999999993 0.18099499999999996 0.0038189999999999999 0.0038709999999999994 0.0037300000000000002 0.0010039999999999999 0.0010330000000000001 0.0010039999999999999 522.58029466688151 522.58029466688151 522.58029466688151 0.097774928410012812 0.097774928410012812 0.097774928410012812 1 1 1 Converged Converged Converged OK OK OK 82 82 82 82 82 82 6 6 6 0 0 0 0 0 1 0 0
103 103 linear 0 7 1030 1 0.001 3.1065425418935804 0.15458383262995187 0.0001335298560236962 0.37643717166803825 -0.019281547658736187 0.37642672150539291 0.5 0.039499120154833367 505.94151334268145 OK 14 13 0.59797599999999995 0.53858700000000004 0.216221 0.37573600000000001 0.24446200000000001 0 0.22223999999999994 0.29412500000000003 0.216221 0.013497 0.013785 0.012796 0.18615299999999996 0.25772800000000007 0.18156199999999997 0.0037210000000000003 0.0039480000000000001 0.0036980000000000003 0.001008 0.0010349999999999999 0.00099700000000000006 505.94293114023975 505.94293114023975 505.94293114023975 0.087435431428743826 0.087435431428743826 0.087435431428743826 1 1 1 Converged Converged Converged OK OK OK 82 82 82 82 82 82 6 6 6 0 0 0 0 1 0 0 1
103 103 linear 0 15 1030 2 0.001 3.1065425418935804 0.15458383262995187 0.0001335298560236962 0.37643717166803825 -0.019281547658736187 0.37644529957231793 0.5 0.039480542087908355 477.60854256368413 OK 14 13 0.57149099999999997 0.50200100000000003 0.22542300000000001 0.34035399999999999 0.20622799999999999 0 0.23113699999999998 0.29577300000000006 0.22542300000000001 0.012992 0.013225000000000001 0.012468 0.19594800000000009 0.25995500000000005 0.19096500000000002 0.0036620000000000003 0.0038800000000000002 0.003725 0.0010319999999999999 0.001124 0.0010859999999999999 477.60979090998143 477.60979090998143 477.60979090998143 0.078201355982397414 0.078201355982397414 0.078201355982397414 1 1 1 Converged Converged Converged OK OK OK 82 82 82 82 82 82 6 6 6 0 0 0 0 1 0 0 1
103 103 linear 0 23 1030 3 0.001 3.1065425418935804 0.15458383262995187 0.0001335298560236962 0.37643717166803825 -0.019281547658736187 0.37646387763924299 0.5 0.039461964020983287 440.52445537146201 OK 14 13 0.61009100000000005 0.52166800000000002 0.22645399999999999 0.37743199999999999 0.23277700000000001 0 0.23265900000000006 0.28889100000000001 0.22645399999999999 0.013136 0.013323 0.012458 0.19684899999999994 0.25325800000000004 0.19239600000000001 0.0038790000000000001 0.0037690000000000002 0.0036340000000000009 0.0010530000000000001 0.0009549999999999999 0.00092900000000000014 440.51589408520556 440.51589408520556 440.51589408520556 0.071361338307998873 0.071361338307998873 0.071361338307998873 1 1 1 Converged Converged Converged OK OK OK 82 82 82 82 82 82 6 6 6 0 0 0 0 1 0 0 1
103 103 linear 0 0 1030 0 0.0001 3.1065425418935804 0.15458383262995187 0.0001335298560236962 0.37643717166803825 -0.019281547658736187 0.37641046569683351 0.5 0.039515375963392774 522.57874822505869 OK 14 13 0.65129099999999995 0.63588699999999998 0.282329 0.35996800000000001 0.35170200000000001 0 0.29132299999999994 0.28418499999999997 0.282329 0.013884000000000001 0.014076999999999999 0.013655 0.23716700000000007 0.23016599999999998 0.22899599999999981 0.0056860000000000001 0.0056160000000000003 0.005378 0.0013619999999999997 0.0013730000000000001 0.0013359999999999999 522.58029464891172 522.58029464891172 522.58029464891172 0.037297888567076387 0.037297888567076387 0.037297888567076387 1 1 1 Converged Converged Converged OK OK OK 114 114 114 114 114 114 6 6 6 0 0 0 0 0 1 0 0
103 103 linear 0 7 1030 1 0.0001 3.1065425418935804 0.15458383262995187 0.0001335298560236962 0.37643717166803825 -0.019281547658736187 0.37642672150539291 0.5 0.039499120154833367 505.94151334268145 OK 14 13 0.65631399999999995 0.63503299999999996 0.27401799999999998 0.37368699999999999 0.24376800000000001 0 0.28262699999999996 0.39126499999999997 0.27401799999999998 0.013502 0.013471 0.012766 0.23407699999999987 0.34695300000000012 0.23118399999999995 0.0061000000000000004 0.005523000000000001 0.005457 0.0013179999999999999 0.0012529999999999998 0.001281 505.94293103746298 505.94293103746298 505.94293103746298 0.032246632452841727 0.032246632452841727 0.032246632452841727 1 1 1 Converged Converged Converged OK OK OK 114 114 114 114 114 114 6 6 6 0 0 0 0 1 0 0 1
103 103 linear 0 15 1030 2 0.0001 3.1065425418935804 0.15458383262995187 0.0001335298560236962 0.37643717166803825 -0.019281547658736187 0.37644529957231793 0.5 0.039480542087908355 477.60854256368413 OK 14 13 0.66227000000000003 0.61996600000000002 0.31414199999999998 0.340395 0.20906 0 0.32187500000000002 0.41090599999999999 0.31414199999999998 0.013169999999999999 0.013214999999999999 0.012489 0.27585999999999999 0.36467999999999989 0.26949399999999996 0.0055329999999999997 0.0057180000000000009 0.0055750000000000001 0.0014419999999999997 0.0013559999999999998 0.00134 477.60979093056909 477.60979093056909 477.60979093056909 0.027871676642874002 0.027871676642874002 0.027871676642874002 1 1 1 Converged Converged Converged OK OK OK 114 114 114 114 114 114 6 6 6 0 0 0 0 1 0 0 1
103 103 linear 0 23 1030 3 0.0001 3.1065425418935804 0.15458383262995187 0.0001335298560236962 0.37643717166803825 -0.019281547658736187 0.37646387763924299 0.5 0.039461964020983287 440.52445537146201 OK 14 13 0.63795599999999997 0.56527899999999998 0.25992300000000002 0.373141 0.23164999999999999 0 0.26481499999999997 0.33362899999999995 0.25992300000000002 0.013236 0.013204 0.012399 0.22428499999999985 0.29310399999999998 0.22072600000000009 0.0047130000000000002 0.0046370000000000005 0.0045849999999999997 0.0011480000000000001 0.0011620000000000001 0.0011300000000000001 440.51589409500684 440.51589409500684 440.51589409500684 0.041074677415842462 0.041074677415842462 0.041074677415842462 1 1 1 Converged Converged Converged OK OK OK 98 98 98 98 98 98 6 6 6 0 0 0 0 1 0 0 1
103 103 linear 1 0 1031 0 0.001 3.1065425418935804 0.15458383262995187 0.0001335298560236962 0.36244062010723627 0.013029787503826308 0.36241391413603152 0.5 0.053511927524194758 86.236045858091671 OK 14 13 0.51336199999999999 0.50922000000000001 0.171182 0.33739599999999997 0.33649200000000001 0 0.17596600000000001 0.17272799999999999 0.171182 0.013617000000000001 0.013591000000000001 0.013179 0.140427 0.13741699999999998 0.13655800000000001 0.0030469999999999998 0.0029459999999999998 0.002859 0.00080000000000000004 0.00078700000000000005 0.0007980000000000001 86.23669164830909 86.23669164830909 86.23669164830909 0.047324226654183559 0.047324226654183559 0.047324226654183559 1 1 1 Converged Converged Converged OK OK OK 67 67 67 67 67 67 5 5 5 0 0 0 0 0 1 0 0
103 103 linear 1 7 1031 1 0.001 3.1065425418935804 0.15458383262995187 0.0001335298560236962 0.36244062010723627 0.013029787503826308 0.36243016994459093 0.5 0.053495671715635351 103.99804385660939 OK 14 13 0.50724800000000003 0.45444600000000002 0.157471 0.34433200000000003 0.21006900000000001 0 0.16291600000000001 0.24437700000000001 0.157471 0.0126 0.012636 0.012023000000000001 0.13219399999999998 0.21402400000000005 0.128416 0.0029659999999999999 0.0029510000000000001 0.0027959999999999999 0.00076399999999999992 0.00076199999999999998 0.00075700000000000019 103.99882144497884 103.99882144497884 103.99882144497884 0.047874509245368319 0.047874509245368319 0.047874509245368319 1 1 1 Converged Converged Converged OK OK OK 67 67 67 67 67 67 5 5 5 0 0 0 0 1 0 0 1
103 103 linear 1 15 1031 2 0.001 3.1065425418935804 0.15458383262995187 0.0001335298560236962 0.36244062010723627 0.013029787503826308 0.36244874801151594 0.5 0.053477093648710339 124.35916112314217 OK 14 13 0.51097300000000001 0.43562400000000001 0.164523 0.341252 0.20739099999999999 0 0.16972100000000001 0.22823300000000002 0.164523 0.013011 0.013043000000000001 0.01231 0.13907800000000001 0.1974480000000001 0.13511600000000004 0.0028379999999999998 0.0029029999999999998 0.0028419999999999999 0.00082599999999999991 0.00085299999999999992 0.00079099999999999993 124.36055864126826 124.36055864126826 124.36055864126826 0.04866519215150937 0.04866519215150937 0.04866519215150937 1 1 1 Converged Converged Converged OK OK OK 67 67 67 67 67 67 5 5 5 0 0 0 0 1 0 0 1
103 103 linear 1 23 1031 3 0.001 3.1065425418935804 0.15458383262995187 0.0001335298560236962 0.36244062010723627 0.013029787503826308 0.36246732607844101 0.5 0.053458515581785271 144.5498961243002 OK 14 13 0.49197000000000002 0.43457899999999999 0.16159000000000001 0.32535399999999998 0.20068 0 0.16661600000000004 0.233899 0.16159000000000001 0.012577 0.012633 0.011985000000000001 0.13622400000000004 0.20361999999999997 0.13247800000000004 0.0029849999999999998 0.0029840000000000001 0.0028649999999999999 0.00083700000000000007 0.00082299999999999995 0.00080300000000000011 144.55037941601935 144.55037941601935 144.55037941601935 0.049639541542358806 0.049639541542358806 0.049639541542358806 1 1 1 Converged Converged Converged OK OK OK 67 67 67 67 67 67 5 5 5 0 0 0 0 1 0 0 1
103 103 linear 1 0 1031 0 0.0001 3.1065425418935804 0.15458383262995187 0.0001335298560236962 0.36244062010723627 0.013029787503826308 0.36241391413603152 0.5 0.053511927524194758 86.236045858091671 OK 14 13 0.59125799999999995 0.58572599999999997 0.24782999999999999 0.33525700000000003 0.337669 0 0.25600099999999992 0.24805699999999997 0.24782999999999999 0.013188999999999999 0.013504 0.013273 0.20873700000000003 0.20047600000000002 0.20044200000000001 0.0046299999999999996 0.0046210000000000001 0.0045149999999999999 0.001111 0.001091 0.0010460000000000001 86.236691670281871 86.236691670281871 86.236691670281871 0.00133726314623852 0.00133726314623852 0.00133726314623852 1 1 1 Converged Converged Converged OK OK OK 99 99 99 99 99 99 5 5 5 0 0 0 0 0 1 0 0
103 103 linear 1 7 1031 1 0.0001 3.1065425418935804 0.15458383262995187 0.0001335298560236962 0.36244062010723627 0.013029787503826308 0.36243016994459093 0.5 0.053495671715635351 103.99804385660939 OK 14 13 0.59254499999999999 0.56651300000000004 0.24102699999999999 0.342395 0.21131900000000001 0 0.25014999999999998 0.35519400000000001 0.24102699999999999 0.012574999999999999 0.012607 0.011989 0.20997300000000002 0.31489499999999998 0.20225099999999988 0.0044490000000000007 0.0045269999999999998 0.0044009999999999995 0.0010579999999999999 0.001029 0.001085 103.99882146689724 103.99882146689724 103.99882146689724 0.001866863950295006 0.001866863950295006 0.001866863950295006 1 1 1 Converged Converged Converged OK OK OK 99 99 99 99 99 99 5 5 5 0 0 0 0 1 0 0 1
103 103 linear 1 15 1031 2 0.0001 3.1065425418935804 0.15458383262995187 0.0001335298560236962 0.36244062010723627 0.013029787503826308 0.36244874801151594 0.5 0.053477093648710339 124.35916112314217 OK 14 13 0.58780299999999996 0.53827800000000003 0.23977200000000001 0.34259299999999998 0.20913300000000001 0 0.24520999999999998 0.32914500000000002 0.23977200000000001 0.012919 0.012978999999999999 0.012375000000000001 0.204758 0.28869300000000009 0.200765 0.0045490000000000001 0.0045449999999999996 0.0044580000000000002 0.001114 0.001093 0.0011029999999999998 124.3605586632623 124.3605586632623 124.3605586632623 0.0026338751323694925 0.0026338751323694925 0.0026338751323694925 1 1 1 Converged Converged Converged OK OK OK 99 99 99 99 99 99 5 5 5 0 0 0 0 1 0 0 1
103 103 linear 1 23 1031 3 0.0001 3.1065425418935804 0.15458383262995187 0.0001335298560236962 0.36244062010723627 0.013029787503826308 0.36246732607844101 0.5 0.053458515581785271 144.5498961243002 OK 14 13 0.57337800000000005 0.54023399999999999 0.23941200000000001 0.32685199999999998 0.198516 0 0.24652600000000008 0.34171799999999997 0.23941200000000001 0.012581 0.012579 0.011998999999999999 0.20645799999999986 0.30174699999999993 0.20070600000000005 0.0046109999999999996 0.0046149999999999993 0.0044400000000000004 0.001077 0.0011120000000000001 0.001108 144.55037943797856 144.55037943797856 144.55037943797856 0.0035845153336313807 0.0035845153336313807 0.0035845153336313807 1 1 1 Converged Converged Converged OK OK OK 99 99 99 99 99 99 5 5 5 0 0 0 0 1 0 0 1
103 103 linear 2 0 1032 0 0.001 3.1065425418935804 0.15458383262995187 0.0001335298560236962 -2.3297509271834023 0.00041159003974030022 -2.329777633154607 0.5 2.7457034748148335 39.476276661567105 OK 14 13 0.84562800000000005 0.84128700000000001 0.171629 0.67394799999999999 0.67194500000000001 0 0.17168000000000005 0.16934199999999999 0.171629 0.011753 0.011788 0.011769999999999999 0.13602900000000001 0.13404499999999997 0.13618399999999997 0.0036470000000000001 0.0036909999999999998 0.0037039999999999998 0.00086899999999999998 0.00087600000000000004 0.00085099999999999998 39.476482618327488 39.476482618327488 39.476482618327488 0.036949868450315018 0.036949868450315018 0.036949868450315018 1 1 1 Converged Converged Converged OK OK OK 75 75 75 75 75 75 5 5 5 0 0 0 0 0 1 0 0
103 103 linear 2 7 1032 1 0.001 3.1065425418935804 0.15458383262995187 0.0001335298560236962 -2.3297509271834023 0.00041159003974030022 -2.3297613773460477 0.5 2.7456872190062738 37.465912792484666 OK 14 13 0.80795600000000001 0.72927399999999998 0.155612 0.64739899999999995 0.510934 0 0.16055700000000006 0.21833999999999998 0.155612 0.010906000000000001 0.011183 0.010326 0.13010000000000005 0.18663099999999994 0.12629600000000002 0.0035769999999999999 0.0040340000000000003 0.0037199999999999998 0.00080400000000000003 0.00090600000000000001 0.00080399999999999992 37.466005972582003 37.466005972582003 37.466005972582003 0.036961637443337324 0.036961637443337324 0.036961637443337324 1 1 1 Converged Converged Converged OK OK OK 75 75 75 75 75 75 5 5 5 0 0 0 0 1 0 0 1
103 103 linear 2 15 1032 2 0.001 3.1065425418935804 0.15458383262995187 0.0001335298560236962 -2.3297509271834023 0.00041159003974030022 -2.3297427992791224 0.5 2.7456686409393489 35.196938124396489 OK 14 13 0.83105099999999998 0.784331 0.188198 0.63805299999999998 0.49748700000000001 0 0.192998 0.28684399999999999 0.188198 0.010838 0.011041 0.010234 0.15340999999999999 0.24875600000000003 0.14899900000000008 0.004666 0.005104 0.0046189999999999998 0.00095299999999999996 0.00094800000000000006 0.00099100000000000013 35.197205817155101 35.197205817155101 35.197205817155101 0.013903411805799917 0.013903411805799917 0.013903411805799917 1 1 1 Converged Converged Converged OK OK OK 91 91 91 91 91 91 5 5 5 0 0 0 0 1 0 0 1
103 103 linear 2 23 1032 3 0.001 3.1065425418935804 0.15458383262995187 0.0001335298560236962 -2.3297509271834023 0.00041159003974030022 -2.3297242212121976 0.5 2.7456500628724241 32.963046082989209 OK 14 13 0.67019899999999999 0.61215299999999995 0.14510500000000001 0.518401 0.40510200000000002 0 0.15179799999999999 0.20705099999999993 0.14510500000000001 0.011254 0.011008 0.010321 0.11812600000000004 0.17368200000000009 0.11398600000000002 0.003849 0.0040140000000000002 0.003503 0.00084099999999999995 0.00090499999999999999 0.00087999999999999992 32.962503849170254 32.962503849170254 32.962503849170254 0.012824227148349012 0.012824227148349012 0.012824227148349012 1 1 1 Converged Converged Converged OK OK OK 68 68 68 68 68 68 4 4 4 0 0 0 0 1 0 0 1
103 103 linear 2 0 1032 0 0.0001 3.1065425418935804 0.15458383262995187 0.0001335298560236962 -2.3297509271834023 0.00041159003974030022 -2.329777633154607 0.5 2.7457034748148335 39.476276661567105 OK 14 13 0.92323100000000002 0.91764199999999996 0.24335899999999999 0.67229700000000003 0.66921600000000003 0 0.25093399999999999 0.24842599999999992 0.24335899999999999 0.011963 0.012012999999999999 0.011525000000000001 0.20139000000000001 0.19963200000000003 0.19572400000000004 0.0059360000000000003 0.0059480000000000002 0.0056409999999999993 0.0013090000000000001 0.0011800000000000001 0.0011510000000000001 39.476482641858397 39.476482641858397 39.476482641858397 0.0024363852976153435 0.0024363852976153435 0.0024363852976153435 1 1 1 Converged Converged Converged OK OK OK 107 107 107 107 107 107 5 5 5 0 0 0 0 0 1 0 0
103 103 linear 2 7 1032 1 0.0001 3.1065425418935804 0.15458383262995187 0.0001335298560236962 -2.3297509271834023 0.00041159003974030022 -2.3297613773460477 0.5 2.7456872190062738 37.465912792484666 OK 14 13 0.88373800000000002 0.82478300000000004 0.228019 0.644845 0.50317299999999998 0 0.23889300000000002 0.32161000000000006 0.228019 0.011011999999999999 0.011036000000000001 0.010281999999999999 0.19790100000000002 0.28004800000000002 0.18869100000000005 0.0055200000000000006 0.0058430000000000001 0.0055200000000000006 0.0011240000000000002 0.0011670000000000001 0.0010690000000000001 37.466005996172896 37.466005996172896 37.466005996172896 0.0023807674080522519 0.0023807674080522519 0.0023807674080522519 1 1 1 Converged Converged Converged OK OK OK 107 107 107 107 107 107 5 5 5 0 0 0 0 1 0 0 1
103 103 linear 2 15 1032 2 0.0001 3.1065425418935804 0.15458383262995187 0.0001335298560236962 -2.3297509271834023 0.00041159003974030022 -2.3297427992791224 0.5 2.7456686409393489 35.196938124396489 OK 14 13 0.93264800000000003 0.92478700000000003 0.28303 0.64120200000000005 0.50106399999999995 0 0.29144599999999998 0.42372300000000007 0.28303 0.010961 0.011025 0.010293999999999999 0.23890599999999992 0.37070200000000003 0.23237999999999995 0.0091560000000000009 0.0089680000000000003 0.0085539999999999991 0.001294 0.001268 0.001181 35.19681256621211 35.19681256621211 35.19681256621211 0.0021433705945787264 0.0021433705945787264 0.0021433705945787264 1 1 1 Converged Converged Converged OK OK OK 139 139 139 139 139 139 5 5 5 0 0 0 0 1 0 0 1
103 103 linear 2 23 1032 3 0.0001 3.1065425418935804 0.15458383262995187 0.0001335298560236962 -2.3297509271834023 0.00041159003974030022 -2.3297242212121976 0.5 2.7456500628724241 32.963046082989209 OK 14 13 0.698291 0.657528 0.168964 0.51848899999999998 0.40471600000000002 0 0.17980200000000002 0.25281199999999998 0.168964 0.012296 0.011128000000000001 0.01039 0.14023900000000003 0.21472300000000011 0.132607 0.004653 0.0047530000000000003 0.0044250000000000001 0.00099099999999999991 0.00092999999999999995 0.00095199999999999994 32.962504176970207 32.962504176970207 32.962504176970207 0.0030431131717567009 0.0030431131717567009 0.0030431131717567009 1 1 1 Converged Converged Converged OK OK OK 84 84 84 84 84 84 4 4 4 0 0 0 0 1 0 0 1
103 103 linear 3 0 1033 0 0.001 3.1065425418935804 0.15458383262995187 0.0001335298560236962 -2.4638574512517728 0.00081926527024135686 -2.4638841572229775 0.5 2.8798099988832035 137.74372690886139 OK 15 14 0.59910699999999995 0.59682299999999999 0.18662400000000001 0.40734100000000001 0.40890399999999999 0 0.19176599999999994 0.187919 0.18662400000000001 0.014435 0.014585000000000001 0.013972 0.14549299999999996 0.14214099999999996 0.14147299999999996 0.0046059999999999999 0.0044840000000000001 0.0044130000000000003 0.0010330000000000001 0.0010150000000000001 0.0010430000000000001 137.74363763215337 137.74363763215337 137.74363763215337 0.13516606290947769 0.13516606290947769 0.13516606290947769 1 1 1 Converged Converged Converged OK OK OK 83 83 83 83 83 83 5 5 5 0 0 0 0 0 1 0 0
103 103 linear 3 7 1033 1 0.001 3.1065425418935804 0.15458383262995187 0.0001335298560236962 -2.4638574512517728 0.00081926527024135686 -2.4638679014144182 0.5 2.8797937430746448 135.54843281536051 OK 15 14 0.61841000000000002 0.54711100000000001 0.18378 0.42901099999999998 0.33249099999999998 0 0.18939900000000004 0.21462000000000003 0.18378 0.013572000000000001 0.013648 0.012844 0.15012600000000006 0.17557800000000007 0.14583000000000004 0.0043169999999999997 0.004352 0.0043629999999999997 0.00088199999999999997 0.0008969999999999999 0.00090099999999999989 135.54834898582368 135.54834898582368 135.54834898582368 0.13190485228508092 0.13190485228508092 0.13190485228508092 1 1 1 Converged Converged Converged OK OK OK 83 83 83 83 83 83 5 5 5 0 0 0 0 1 0 0 1
103 103 linear 3 15 1033 2 0.001 3.1065425418935804 0.15458383262995187 0.0001335298560236962 -2.4638574512517728 0.00081926527024135686 -2.463849323347493 0.5 2.879775165007719 133.20561473474277 OK 15 14 0.61939200000000005 0.54940699999999998 0.18163000000000001 0.43247400000000003 0.33211800000000002 0 0.18691800000000003 0.21728899999999995 0.18163000000000001 0.013497 0.013657000000000001 0.012857 0.14775399999999994 0.177088 0.14391199999999998 0.0043819999999999996 0.0047949999999999998 0.0042689999999999994 0.00088599999999999996 0.00094300000000000015 0.00086300000000000005 133.2055321695122 133.2055321695122 133.2055321695122 0.1285686801259627 0.1285686801259627 0.1285686801259627 1 1 1 Converged Converged Converged OK OK OK 83 83 83 83 83 83 5 5 5 0 0 0 0 1 0 0 1
103 103 linear 3 23 1033 3 0.001 3.1065425418935804 0.15458383262995187 0.0001335298560236962 -2.4638574512517728 0.00081926527024135686 -2.4638307452805681 0.5 2.8797565869407942 131.01618992895683 OK 15 14 0.59015600000000001 0.52596900000000002 0.178503 0.40252500000000002 0.316027 0 0.18763099999999999 0.20994200000000002 0.178503 0.013476 0.013637 0.012822 0.14835999999999999 0.17099800000000001 0.14057700000000001 0.0043940000000000003 0.004385 0.0044049999999999992 0.00087100000000000003 0.00089900000000000006 0.00087799999999999987 131.01610936811286 131.01610936811286 131.01610936811286 0.1255703462875048 0.1255703462875048 0.1255703462875048 1 1 1 Converged Converged Converged OK OK OK 83 83 83 83 83 83 5 5 5 0 0 0 0 1 0 0 1
103 103 linear 3 0 1033 0 0.0001 3.1065425418935804 0.15458383262995187 0.0001335298560236962 -2.4638574512517728 0.00081926527024135686 -2.4638841572229775 0.5 2.8798099988832035 137.74372690886139 OK 15 14 0.67045900000000003 0.64469399999999999 0.23899599999999999 0.41508600000000001 0.40514600000000001 0 0.25537300000000002 0.23954799999999998 0.23899599999999999 0.016132000000000001 0.014420000000000001 0.013891000000000001 0.19058400000000003 0.18128999999999998 0.18141200000000002 0.0065200000000000006 0.0061310000000000002 0.0061530000000000005 0.0013319999999999999 0.001238 0.0012719999999999999 137.74363825443498 137.74363825443498 137.74363825443498 0.0031409769214493415 0.0031409769214493415 0.0031409769214493415 1 1 1 Converged Converged Converged OK OK OK 115 115 115 115 115 115 5 5 5 0 0 0 0 0 1 0 0
103 103 linear 3 7 1033 1 0.0001 3.1065425418935804 0.15458383262995187 0.0001335298560236962 -2.4638574512517728 0.00081926527024135686 -2.4638679014144182 0.5 2.8797937430746448 135.54843281536051 OK 15 14 0.67689699999999997 0.60672599999999999 0.23944699999999999 0.434475 0.32995799999999997 0 0.24242199999999997 0.27676800000000001 0.23944699999999999 0.013859 0.013710999999999999 0.012906000000000001 0.19235199999999986 0.22770899999999999 0.1913980000000001 0.0063119999999999999 0.0061500000000000001 0.0061209999999999997 0.001222 0.0011799999999999998 0.001209 135.54834955193243 135.54834955193243 135.54834955193243 0.0031330199642307988 0.0031330199642307988 0.0031330199642307988 1 1 1 Converged Converged Converged OK OK OK 115 115 115 115 115 115 5 5 5 0 0 0 0 1 0 0 1
103 103 linear 3 15 1033 2 0.0001 3.1065425418935804 0.15458383262995187 0.0001335298560236962 -2.4638574512517728 0.00081926527024135686 -2.463849323347493 0.5 2.879775165007719 133.20561473474277 OK 15 14 0.67139599999999999 0.61028700000000002 0.23395299999999999 0.43091000000000002 0.325625 0 0.24048599999999998 0.28466200000000003 0.23395299999999999 0.013473000000000001 0.0135 0.012834999999999999 0.19102299999999997 0.23525299999999999 0.18609800000000007 0.0062810000000000001 0.006293 0.0061080000000000006 0.0012139999999999998 0.0011610000000000001 0.001176 133.2055326832251 133.2055326832251 133.2055326832251 0.003125344500069344 0.003125344500069344 0.003125344500069344 1 1 1 Converged Converged Converged OK OK OK 115 115 115 115 115 115 5 5 5 0 0 0 0 1 0 0 1
103 103 linear 3 23 1033 3 0.0001 3.1065425418935804 0.15458383262995187 0.0001335298560236962 -2.4638574512517728 0.00081926527024135686 -2.4638307452805681 0.5 2.8797565869407942 131.01618992895683 OK 15 14 0.64427000000000001 0.58946299999999996 0.231492 0.40567700000000001 0.31400400000000001 0 0.238593 0.27545899999999995 0.231492 0.013698999999999999 0.013615 0.012774000000000001 0.18924699999999989 0.22568199999999997 0.18387400000000004 0.006200999999999999 0.0064849999999999994 0.0060360000000000006 0.0011590000000000001 0.0011670000000000001 0.0011370000000000002 131.01610983854727 131.01610983854727 131.01610983854727 0.0031188861603499707 0.0031188861603499707 0.0031188861603499707 1 1 1 Converged Converged Converged OK OK OK 115 115 115 115 115 115 5 5 5 0 0 0 0 1 0 0 1
103 103 linear 4 0 1034 0 0.001 3.1065425418935804 0.15458383262995187 0.0001335298560236962 -2.415913230066228 0.054104815428206408 -2.4159399360374327 0.5 2.8318657776976588 79.006603955247883 OK 15 14 0.61144500000000002 0.59514400000000001 0.17641100000000001 0.43194500000000002 0.41823100000000002 0 0.17949999999999999 0.17691299999999999 0.17641100000000001 0.015809 0.015939999999999999 0.015521999999999999 0.13243699999999997 0.13019699999999995 0.129249 0.004326 0.0042570000000000004 0.0044679999999999997 0.00094200000000000002 0.00094299999999999994 0.00094800000000000006 79.006547220841853 79.006547220841853 79.006547220841853 0.073707213912671002 0.073707213912671002 0.073707213912671002 1 1 1 Converged Converged Converged OK OK OK 83 83 83 83 83 83 5 5 5 0 0 0 0 0 1 0 0
103 103 linear 4 7 1034 1 0.001 3.1065425418935804 0.15458383262995187 0.0001335298560236962 -2.415913230066228 0.054104815428206408 -2.4159236802288735 0.5 2.8318495218891 76.567018808717705 OK 15 14 0.61705699999999997 0.656304 0.164548 0.447743 0.34704099999999999 0 0.16931399999999996 0.30926300000000001 0.164548 0.015039 0.015044999999999999 0.014397 0.12808900000000004 0.26758700000000002 0.12452999999999999 0.0043829999999999997 0.0046940000000000003 0.0043429999999999996 0.000941 0.00097999999999999997 0.00091299999999999997 76.56696293892999 76.56696293892999 76.56696293892999 0.071154913725939906 0.071154913725939906 0.071154913725939906 1 1 1 Converged Converged Converged OK OK OK 83 83 83 83 83 83 5 5 5 0 0 0 0 1 0 0 1
103 103 linear 4 15 1034 2 0.001 3.1065425418935804 0.15458383262995187 0.0001335298560236962 -2.415913230066228 0.054104815428206408 -2.4159051021619482 0.5 2.8318309438221743 74.100923677213686 OK 15 14 0.61665700000000001 0.63086500000000001 0.17038800000000001 0.43639800000000001 0.31896099999999999 0 0.180259 0.31190400000000001 0.17038800000000001 0.015601 0.015388000000000001 0.01468 0.13388799999999998 0.27052199999999998 0.130749 0.004607 0.0045669999999999999 0.0044039999999999999 0.001023 0.0010020000000000001 0.00099600000000000014 74.100876637095197 74.100876637095197 74.100876637095197 0.071297777539868143 0.071297777539868143 0.071297777539868143 1 1 1 Converged Converged Converged OK OK OK 90 90 90 90 90 90 6 6 6 0 0 0 0 1 0 0 1
103 103 linear 4 23 1034 3 0.001 3.1065425418935804 0.15458383262995187 0.0001335298560236962 -2.415913230066228 0.054104815428206408 -2.4158865240950234 0.5 2.8318123657552494 71.913088124559181 OK 15 14 0.59786600000000001 0.63506499999999999 0.179344 0.41372300000000001 0.311942 0 0.184143 0.32312299999999999 0.179344 0.014787 0.015037999999999999 0.014106 0.14346499999999998 0.28158100000000003 0.13989700000000002 0.0044679999999999997 0.0047999999999999996 0.0044109999999999991 0.00098899999999999986 0.00099899999999999989 0.001029 71.913146337918349 71.913146337918349 71.913146337918349 0.048278743068829837 0.048278743068829837 0.048278743068829837 1 1 1 Converged Converged Converged OK OK OK 90 90 90 90 90 90 6 6 6 0 0 0 0 1 0 0 1
103 103 linear 4 0 1034 0 0.0001 3.1065425418935804 0.15458383262995187 0.0001335298560236962 -2.415913230066228 0.054104815428206408 -2.4159399360374327 0.5 2.8318657776976588 79.006603955247883 OK 15 14 0.65412700000000001 0.65184299999999995 0.22822600000000001 0.42060999999999998 0.41928399999999999 0 0.23351700000000003 0.23255899999999996 0.22822600000000001 0.015855999999999999 0.015869999999999999 0.015403999999999999 0.17300699999999999 0.171962 0.16908399999999998 0.0063709999999999999 0.0066980000000000008 0.0063330000000000001 0.0013009999999999999 0.0012600000000000001 0.001219 79.006547394818071 79.006547394818071 79.006547394818071 0.0045047522424532839 0.0045047522424532839 0.0045047522424532839 1 1 1 Converged Converged Converged OK OK OK 115 115 115 115 115 115 5 5 5 0 0 0 0 0 1 0 0
103 103 linear 4 7 1034 1 0.0001 3.1065425418935804 0.15458383262995187 0.0001335298560236962 -2.415913230066228 0.054104815428206408 -2.4159236802288735 0.5 2.8318495218891 76.567018808717705 OK 15 14 0.67821500000000001 0.77180400000000005 0.214535 0.44876500000000002 0.34344000000000002 0 0.22944999999999999 0.42836400000000002 0.214535 0.015481 0.015178000000000001 0.01435 0.17332599999999998 0.37615300000000007 0.16462399999999996 0.010115000000000001 0.0064949999999999999 0.0062280000000000009 0.0012880000000000001 0.0012870000000000002 0.0011940000000000002 76.56696309148866 76.56696309148866 76.56696309148866 0.0045040005455074285 0.0045040005455074285 0.0045040005455074285 1 1 1 Converged Converged Converged OK OK OK 115 115 115 115 115 115 5 5 5 0 0 0 0 1 0 0 1
103 103 linear 4 15 1034 2 0.0001 3.1065425418935804 0.15458383262995187 0.0001335298560236962 -2.415913230066228 0.054104815428206408 -2.4159051021619482 0.5 2.8318309438221743 74.100923677213686 OK 15 14 0.66450200000000004 0.74474700000000005 0.21945700000000001 0.437255 0.32251999999999997 0 0.22724700000000003 0.42222700000000007 0.21945700000000001 0.015353 0.015657999999999998 0.014611000000000001 0.17487900000000012 0.36909900000000018 0.16965400000000003 0.006659 0.0068569999999999994 0.0061180000000000002 0.001459 0.0013679999999999999 0.001302 74.100876770602426 74.100876770602426 74.100876770602426 0.0071714934905286361 0.0071714934905286361 0.0071714934905286361 1 1 1 Converged Converged Converged OK OK OK 122 122 122 122 122 122 6 6 6 0 0 0 0 1 0 0 1
103 103 linear 4 23 1034 3 0.0001 3.1065425418935804 0.15458383262995187 0.0001335298560236962 -2.415913230066228 0.054104815428206408 -2.4158865240950234 0.5 2.8318123657552494 71.913088124559181 OK 15 14 0.64303699999999997 0.74237900000000001 0.22520499999999999 0.41200900000000001 0.31318000000000001 0 0.23102799999999996 0.429199 0.22520499999999999 0.014938 0.014921 0.014128999999999999 0.18146099999999984 0.37926799999999988 0.17728200000000011 0.0063550000000000004 0.0065310000000000003 0.0064119999999999993 0.00134 0.0013230000000000002 0.00132 71.913036606223883 71.913036606223883 71.913036606223883 0.0062956538253138251 0.0062956538253138251 0.0062956538253138251 1 1 1 Converged Converged Converged OK OK OK 122 122 122 122 122 122 6 6 6 0 0 0 0 1 0 0 1
103 103 uniform 0 0 1035 0 0.001 3.1065425418935804 0.15458383262995187 0.0001335298560236962 0.37643717166803825 -0.019281547658736187 0.37641046569683351 0 0.039515375963392774 506.77572705505889 OK 14 13 0.55752699999999999 0.55222099999999996 0.197292 0.35853099999999999 0.353049 0 0.19899600000000001 0.19917199999999996 0.197292 0.014028000000000001 0.014193000000000001 0.013443 0.15659200000000001 0.15660899999999997 0.155803 0.0036170000000000004 0.0036030000000000003 0.0035630000000000002 0.00095399999999999999 0.00097599999999999998 0.0010059999999999999 506.7757267791398 506.7757267791398 506.7757267791398 0.037334753798760251 0.037334753798760251 0.037334753798760251 1 1 1 Converged Converged Converged OK OK OK 82 82 82 82 82 82 6 6 6 0 0 0 0 0 1 0 0
103 103 uniform 0 7 1035 1 0.001 3.1065425418935804 0.15458383262995187 0.0001335298560236962 0.37643717166803825 -0.019281547658736187 0.37642672150539291 0 0.039499120154833367 488.74417835898925 OK 14 13 0.56587200000000004 0.51275800000000005 0.19056799999999999 0.37343999999999999 0.240948 0 0.19243200000000005 0.27181000000000005 0.19056799999999999 0.013526 0.013783 0.012840000000000001 0.15662200000000007 0.235651 0.15620200000000001 0.0036710000000000002 0.0037099999999999998 0.0035209999999999998 0.00089700000000000001 0.00092100000000000005 0.00091799999999999998 488.74402896639697 488.74402896639697 488.74402896639697 0.030130041485790043 0.030130041485790043 0.030130041485790043 1 1 1 Converged Converged Converged OK OK OK 82 82 82 82 82 82 6 6 6 0 0 0 0 1 0 0 1
103 103 uniform 0 15 1035 2 0.001 3.1065425418935804 0.15458383262995187 0.0001335298560236962 0.37643717166803825 -0.019281547658736187 0.37644529957231793 0 0.039480542087908355 461.39745272505087 OK 14 13 0.52940600000000004 0.44346099999999999 0.183832 0.34402199999999999 0.20603099999999999 0 0.18538400000000005 0.23743 0.183832 0.013157 0.01319 0.012477 0.15162700000000001 0.20350399999999993 0.151395 0.0034249999999999997 0.0034169999999999999 0.0032469999999999999 0.00084899999999999993 0.00082299999999999995 0.00080000000000000015 461.39891159576388 461.39891159576388 461.39891159576388 0.40359361550502121 0.40359361550502121 0.40359361550502121 1 1 1 Converged Converged Converged OK OK OK 74 74 74 74 74 74 6 6 6 0 0 0 0 1 0 0 1
103 103 uniform 0 23 1035 3 0.001 3.1065425418935804 0.15458383262995187 0.0001335298560236962 0.37643717166803825 -0.019281547658736187 0.37646387763924299 0 0.039461964020983287 427.6853890046649 OK 14 13 0.58179800000000004 0.49757800000000002 0.20114699999999999 0.37343799999999999 0.23150699999999999 0 0.20836000000000005 0.26607100000000006 0.20114699999999999 0.013117 0.013344999999999999 0.012407 0.17289999999999997 0.22723999999999989 0.16711700000000002 0.0038520000000000004 0.0038830000000000002 0.0035999999999999999 0.001018 0.0010839999999999999 0.0010009999999999999 427.68538773924649 427.68538773924649 427.68538773924649 0.019852564674875312 0.019852564674875312 0.019852564674875312 1 1 1 Converged Converged Converged OK OK OK 82 82 82 82 82 82 6 6 6 0 0 0 0 1 0 0 1
103 103 uniform 0 0 1035 0 0.0001 3.1065425418935804 0.15458383262995187 0.0001335298560236962 0.37643717166803825 -0.019281547658736187 0.37641046569683351 0 0.039515375963392774 506.77572705505889 OK 14 13 0.54912000000000005 0.552338 0.19736200000000001 0.350719 0.35022399999999998 0 0.19840100000000005 0.20211400000000002 0.19736200000000001 0.013797 0.013957000000000001 0.013504 0.15628599999999995 0.15696799999999997 0.15593899999999999 0.0035570000000000003 0.0035869999999999999 0.003581 0.00094899999999999997 0.00099599999999999992 0.00096400000000000001 506.7757267791398 506.7757267791398 506.7757267791398 0.037334753798760251 0.037334753798760251 0.037334753798760251 1 1 1 Converged Converged Converged OK OK OK 82 82 82 82 82 82 6 6 6 0 0 0 0 0 1 0 0
103 103 uniform 0 7 1035 1 0.0001 3.1065425418935804 0.15458383262995187 0.0001335298560236962 0.37643717166803825 -0.019281547658736187 0.37642672150539291 0 0.039499120154833367 488.74417835898925 OK 14 13 0.56817799999999996 0.50963199999999997 0.19036800000000001 0.37621300000000002 0.236538 0 0.19196499999999994 0.27309399999999995 0.19036800000000001 0.013497 0.013587 0.012827 0.15648000000000004 0.23734700000000006 0.15600900000000004 0.0035140000000000002 0.00363 0.0035030000000000005 0.000901 0.00092999999999999995 0.00090300000000000016 488.74402896639697 488.74402896639697 488.74402896639697 0.030130041485790043 0.030130041485790043 0.030130041485790043 1 1 1 Converged Converged Converged OK OK OK 82 82 82 82 82 82 6 6 6 0 0 0 0 1 0 0 1
103 103 uniform 0 15 1035 2 0.0001 3.1065425418935804 0.15458383262995187 0.0001335298560236962 0.37643717166803825 -0.019281547658736187 0.37644529957231793 0 0.039480542087908355 461.39745272505087 OK 14 13 0.53681599999999996 0.475526 0.20067599999999999 0.33882400000000001 0.20462 0 0.19799199999999995 0.27090599999999998 0.20067599999999999 0.013141 0.013304 0.012475 0.162798 0.23528099999999999 0.16670400000000002 0.0035990000000000002 0.0036930000000000001 0.0035570000000000003 0.00090000000000000008 0.0009180000000000002 0.000892 461.39744383391508 461.39744383391508 461.39744383391508 0.02390542079875595 0.02390542079875595 0.02390542079875595 1 1 1 Converged Converged Converged OK OK OK 82 82 82 82 82 82 6 6 6 0 0 0 0 1 0 0 1
103 103 uniform 0 23 1035 3 0.0001 3.1065425418935804 0.15458383262995187 0.0001335298560236962 0.37643717166803825 -0.019281547658736187 0.37646387763924299 0 0.039461964020983287 427.6853890046649 OK 14 13 0.593893 0.49918099999999999 0.20130999999999999 0.39120199999999999 0.23678199999999999 0 0.20269100000000001 0.26239899999999999 0.20130999999999999 0.013158 0.013008 0.012532 0.16737000000000002 0.22734699999999994 0.16744100000000001 0.0036670000000000001 0.0036940000000000007 0.0035009999999999998 0.00098400000000000007 0.00097799999999999992 0.00099600000000000014 427.68538773924649 427.68538773924649 427.68538773924649 0.019852564674875312 0.019852564674875312 0.019852564674875312 1 1 1 Converged Converged Converged OK OK OK 82 82 82 82 82 82 6 6 6 0 0 0 0 1 0 0 1
103 103 uniform 1 0 1036 0 0.001 3.1065425418935804 0.15458383262995187 0.0001335298560236962 0.36244062010723627 0.013029787503826308 0.36241391413603152 0 0.053511927524194758 95.444069225494815 OK 14 13 0.48027900000000001 0.482491 0.144396 0.335754 0.338009 0 0.14452500000000001 0.144482 0.144396 0.013313 0.013405 0.012886999999999999 0.10987499999999994 0.109754 0.11043900000000002 0.0027070000000000002 0.0027579999999999996 0.0027790000000000002 0.00074100000000000001 0.00076599999999999997 0.00075200000000000006 95.444071543388915 95.444071543388915 95.444071543388915 0.010760311473716229 0.010760311473716229 0.010760311473716229 1 1 1 Converged Converged Converged OK OK OK 67 67 67 67 67 67 5 5 5 0 0 0 0 0 1 0 0
103 103 uniform 1 7 1036 1 0.001 3.1065425418935804 0.15458383262995187 0.0001335298560236962 0.36244062010723627 0.013029787503826308 0.36243016994459093 0 0.053495671715635351 113.04934406198575 OK 14 13 0.47731000000000001 0.42014400000000002 0.130715 0.34603299999999998 0.207651 0 0.13127700000000003 0.21249300000000002 0.130715 0.012552000000000001 0.012555999999999999 0.012062 0.101438 0.18258699999999997 0.10179399999999997 0.0026849999999999999 0.002771 0.0027560000000000006 0.00072000000000000005 0.000718 0.00070600000000000003 113.04934666931663 113.04934666931663 113.04934666931663 0.011008440492632145 0.011008440492632145 0.011008440492632145 1 1 1 Converged Converged Converged OK OK OK 67 67 67 67 67 67 5 5 5 0 0 0 0 1 0 0 1
103 103 uniform 1 15 1036 2 0.001 3.1065425418935804 0.15458383262995187 0.0001335298560236962 0.36244062010723627 0.013029787503826308 0.36244874801151594 0 0.053477093648710339 132.49868445880253 OK 14 13 0.48134700000000002 0.41075600000000001 0.137488 0.342642 0.21013200000000001 0 0.13870500000000002 0.200624 0.137488 0.012840000000000001 0.01299 0.012411 0.10827599999999997 0.17042200000000005 0.10837599999999999 0.0028619999999999995 0.0027950000000000006 0.0026689999999999999 0.00076000000000000004 0.00074399999999999998 0.00071699999999999997 132.49868836097721 132.49868836097721 132.49868836097721 0.011367924517950493 0.011367924517950493 0.011367924517950493 1 1 1 Converged Converged Converged OK OK OK 67 67 67 67 67 67 5 5 5 0 0 0 0 1 0 0 1
103 103 uniform 1 23 1036 3 0.001 3.1065425418935804 0.15458383262995187 0.0001335298560236962 0.36244062010723627 0.013029787503826308 0.36246732607844101 0 0.053458515581785271 151.21010689759987 OK 14 13 0.46211000000000002 0.40281499999999998 0.13403300000000001 0.326104 0.200903 0 0.13600600000000002 0.20191199999999998 0.13403300000000001 0.012527 0.0126 0.011963 0.10601099999999999 0.17202300000000004 0.10543 0.0027190000000000001 0.0027549999999999996 0.0026520000000000003 0.00077300000000000003 0.00079900000000000001 0.00079000000000000001 151.21010521055933 151.21010521055933 151.21010521055933 0.011819506987169541 0.011819506987169541 0.011819506987169541 1 1 1 Converged Converged Converged OK OK OK 67 67 67 67 67 67 5 5 5 0 0 0 0 1 0 0 1
103 103 uniform 1 0 1036 0 0.0001 3.1065425418935804 0.15458383262995187 0.0001335298560236962 0.36244062010723627 0.013029787503826308 0.36241391413603152 0 0.053511927524194758 95.444069225494815 OK 14 13 0.50553599999999999 0.50464299999999995 0.16832900000000001 0.33645399999999998 0.335567 0 0.16908200000000001 0.16907599999999995 0.16832900000000001 0.013228999999999999 0.013428000000000001 0.013051 0.12843399999999999 0.12822800000000001 0.12804399999999999 0.0036749999999999999 0.0036279999999999997 0.0035729999999999998 0.00088999999999999995 0.00088299999999999989 0.00091 95.444071543205567 95.444071543205567 95.444071543205567 0.00511820053743551 0.00511820053743551 0.00511820053743551 1 1 1 Converged Converged Converged OK OK OK 83 83 83 83 83 83 5 5 5 0 0 0 0 0 1 0 0
103 103 uniform 1 7 1036 1 0.0001 3.1065425418935804 0.15458383262995187 0.0001335298560236962 0.36244062010723627 0.013029787503826308 0.36243016994459093 0 0.053495671715635351 113.04934406198575 OK 14 13 0.478572 0.423794 0.130329 0.34636600000000001 0.21054800000000001 0 0.13220599999999999 0.21324599999999999 0.130329 0.012481000000000001 0.012499 0.011985000000000001 0.10220200000000003 0.183645 0.10156599999999996 0.0026820000000000004 0.0027599999999999999 0.0026939999999999998 0.00076899999999999994 0.00073799999999999994 0.00076999999999999996 113.04934666931663 113.04934666931663 113.04934666931663 0.011008440492632145 0.011008440492632145 0.011008440492632145 1 1 1 Converged Converged Converged OK OK OK 67 67 67 67 67 67 5 5 5 0 0 0 0 1 0 0 1
103 103 uniform 1 15 1036 2 0.0001 3.1065425418935804 0.15458383262995187 0.0001335298560236962 0.36244062010723627 0.013029787503826308 0.36244874801151594 0 0.053477093648710339 132.49868445880253 OK 14 13 0.47891699999999998 0.40613300000000002 0.13709499999999999 0.34017399999999998 0.206064 0 0.13874300000000001 0.20006900000000002 0.13709499999999999 0.012741000000000001 0.012886 0.012356000000000001 0.108588 0.169965 0.10801899999999996 0.0026549999999999998 0.0026969999999999997 0.0026459999999999999 0.000745 0.00073899999999999997 0.00073299999999999993 132.49868836097721 132.49868836097721 132.49868836097721 0.011367924517950493 0.011367924517950493 0.011367924517950493 1 1 1 Converged Converged Converged OK OK OK 67 67 67 67 67 67 5 5 5 0 0 0 0 1 0 0 1
103 103 uniform 1 23 1036 3 0.0001 3.1065425418935804 0.15458383262995187 0.0001335298560236962 0.36244062010723627 0.013029787503826308 0.36246732607844101 0 0.053458515581785271 151.21010689759987 OK 14 13 0.46172800000000003 0.40241700000000002 0.13389799999999999 0.32333800000000001 0.200323 0 0.13839000000000001 0.20209400000000002 0.13389799999999999 0.01244 0.012541 0.011937 0.108624 0.17238599999999993 0.105375 0.0027099999999999997 0.0026970000000000002 0.0026290000000000003 0.00077399999999999995 0.00077299999999999992 0.00077799999999999994 151.21010521055933 151.21010521055933 151.21010521055933 0.011819506987169541 0.011819506987169541 0.011819506987169541 1 1 1 Converged Converged Converged OK OK OK 67 67 67 67 67 67 5 5 5 0 0 0 0 1 0 0 1
103 103 uniform 2 0 1037 0 0.001 3.1065425418935804 0.15458383262995187 0.0001335298560236962 -2.3297509271834023 0.00041159003974030022 -2.329777633154607 0 2.7457034748148335 43.888615799989275 OK 14 13 0.81132800000000005 0.81013199999999996 0.145422 0.66932899999999995 0.66853700000000005 0 0.1419990000000001 0.14159499999999992 0.145422 0.012038999999999999 0.0117 0.012914999999999999 0.10645300000000001 0.10670300000000001 0.10868500000000002 0.0033289999999999999 0.0033510000000000002 0.0034200000000000003 0.00091 0.0008160000000000001 0.00083299999999999986 43.888612697253613 43.888612697253613 43.888612697253613 0.0096849148292772764 0.0096849148292772764 0.0096849148292772764 1 1 1 Converged Converged Converged OK OK OK 75 75 75 75 75 75 5 5 5 0 0 0 0 0 1 0 0
103 103 uniform 2 7 1037 1 0.001 3.1065425418935804 0.15458383262995187 0.0001335298560236962 -2.3297509271834023 0.00041159003974030022 -2.3297613773460477 0 2.7456872190062738 41.66906236078372 OK 14 13 0.77639499999999995 0.69676199999999999 0.12995000000000001 0.64644900000000005 0.50205599999999995 0 0.12994599999999989 0.19470600000000005 0.12995000000000001 0.010956 0.010827 0.011686999999999999 0.10015999999999997 0.16120200000000001 0.099531999999999968 0.0032960000000000003 0.0066820000000000004 0.0033449999999999999 0.00081700000000000002 0.00084699999999999999 0.00079999999999999993 41.669061389824186 41.669061389824186 41.669061389824186 0.010020220334977275 0.010020220334977275 0.010020220334977275 1 1 1 Converged Converged Converged OK OK OK 75 75 75 75 75 75 5 5 5 0 0 0 0 1 0 0 1
103 103 uniform 2 15 1037 2 0.001 3.1065425418935804 0.15458383262995187 0.0001335298560236962 -2.3297509271834023 0.00041159003974030022 -2.3297427992791224 0 2.7456686409393489 39.116789753820115 OK 14 13 0.776837 0.70872199999999996 0.13397600000000001 0.64089499999999999 0.50267399999999995 0 0.13594200000000001 0.20604800000000001 0.13397600000000001 0.010945 0.012381 0.010291 0.10594199999999999 0.17412299999999994 0.10526100000000004 0.003336 0.0034759999999999999 0.003212 0.00079300000000000009 0.00080099999999999995 0.0007400000000000001 39.117464009438585 39.117464009438585 39.117464009438585 0.026521581194467913 0.026521581194467913 0.026521581194467913 1 1 1 Converged Converged Converged OK OK OK 75 75 75 75 75 75 5 5 5 0 0 0 0 1 0 0 1
103 103 uniform 2 23 1037 3 0.001 3.1065425418935804 0.15458383262995187 0.0001335298560236962 -2.3297509271834023 0.00041159003974030022 -2.3297242212121976 0 2.7456500628724241 36.548019815291397 OK 14 13 0.62328600000000001 0.55201999999999996 0.101936 0.51590000000000003 0.40680899999999998 0 0.10738599999999998 0.14521099999999998 0.101936 0.011023 0.012381 0.010403000000000001 0.076971000000000026 0.11613799999999998 0.07580400000000001 0.0055399999999999998 0.0026780000000000003 0.0025460000000000001 0.00072900000000000005 0.00072500000000000006 0.000696 36.548016599314217 36.548016599314217 36.548016599314217 0.016421946332067294 0.016421946332067294 0.016421946332067294 1 1 1 Converged Converged Converged OK OK OK 52 52 52 52 52 52 4 4 4 0 0 0 0 1 0 0 1
103 103 uniform 2 0 1037 0 0.0001 3.1065425418935804 0.15458383262995187 0.0001335298560236962 -2.3297509271834023 0.00041159003974030022 -2.329777633154607 0 2.7457034748148335 43.888615799989275 OK 14 13 0.82925899999999997 0.83113099999999995 0.157864 0.66637900000000005 0.66751899999999997 0 0.16287999999999991 0.16361199999999998 0.157864 0.012007 0.011915 0.011322 0.12098300000000003 0.12155300000000002 0.11760800000000002 0.0041840000000000002 0.0042320000000000005 0.0040620000000000005 0.00098099999999999988 0.001067 0.000919 43.888612696821959 43.888612696821959 43.888612696821959 0.0029635058521825294 0.0029635058521825294 0.0029635058521825294 1 1 1 Converged Converged Converged OK OK OK 91 91 91 91 91 91 5 5 5 0 0 0 0 0 1 0 0
103 103 uniform 2 7 1037 1 0.0001 3.1065425418935804 0.15458383262995187 0.0001335298560236962 -2.3297509271834023 0.00041159003974030022 -2.3297613773460477 0 2.7456872190062738 41.66906236078372 OK 14 13 0.79277399999999998 0.75482099999999996 0.14459900000000001 0.64641999999999999 0.51519599999999999 0 0.14635399999999998 0.23962499999999998 0.14459900000000001 0.011006 0.012106 0.010168999999999999 0.11117699999999994 0.20276099999999997 0.11107100000000004 0.0042509999999999996 0.0043249999999999999 0.0040749999999999996 0.00093599999999999998 0.00093599999999999998 0.00088099999999999995 41.669061389392979 41.669061389392979 41.669061389392979 0.0032860448988400307 0.0032860448988400307 0.0032860448988400307 1 1 1 Converged Converged Converged OK OK OK 91 91 91 91 91 91 5 5 5 0 0 0 0 1 0 0 1
103 103 uniform 2 15 1037 2 0.0001 3.1065425418935804 0.15458383262995187 0.0001335298560236962 -2.3297509271834023 0.00041159003974030022 -2.3297427992791224 0 2.7456686409393489 39.116789753820115 OK 14 13 0.83739399999999997 0.83121999999999996 0.19079699999999999 0.64361999999999997 0.504023 0 0.193774 0.32719699999999996 0.19079699999999999 0.010939000000000001 0.010877 0.010227 0.14796299999999996 0.28163399999999994 0.14674700000000004 0.0071300000000000001 0.0070429999999999998 0.0069459999999999999 0.001042 0.001049 0.0010169999999999999 39.116808589231951 39.116808589231951 39.116808589231951 0.002981443910365636 0.002981443910365636 0.002981443910365636 1 1 1 Converged Converged Converged OK OK OK 123 123 123 123 123 123 5 5 5 0 0 0 0 1 0 0 1
103 103 uniform 2 23 1037 3 0.0001 3.1065425418935804 0.15458383262995187 0.0001335298560236962 -2.3297509271834023 0.00041159003974030022 -2.3297242212121976 0 2.7456500628724241 36.548019815291397 OK 14 13 0.66361300000000001 0.62758700000000001 0.139843 0.52188400000000001 0.403916 0 0.14172899999999999 0.22367100000000001 0.139843 0.011023 0.011106 0.010368 0.10456300000000004 0.18620400000000006 0.10399700000000001 0.0042950000000000002 0.0043679999999999995 0.0043200000000000001 0.00092700000000000009 0.00097799999999999992 0.00093900000000000006 36.548016820439678 36.548016820439678 36.548016820439678 0.0016710070541272716 0.0016710070541272716 0.0016710070541272716 1 1 1 Converged Converged Converged OK OK OK 84 84 84 84 84 84 4 4 4 0 0 0 0 1 0 0 1
103 103 uniform 3 0 1038 0 0.001 3.1065425418935804 0.15458383262995187 0.0001335298560236962 -2.4638574512517728 0.00081926527024135686 -2.4638841572229775 0 2.8798099988832035 138.61388835537088 OK 15 14 0.53334400000000004 0.53564500000000004 0.12590899999999999 0.40685900000000003 0.40530699999999997 0 0.12648500000000001 0.13033800000000006 0.12590899999999999 0.014311000000000001 0.014329 0.014016000000000001 0.087348000000000009 0.091507000000000033 0.087167999999999982 0.0032230000000000002 0.0032349999999999996 0.0031320000000000002 0.00074300000000000006 0.00076599999999999997 0.00073300000000000004 138.61389281816284 138.61389281816284 138.61389281816284 0.13763341169452406 0.13763341169452406 0.13763341169452406 1 1 1 Converged Converged Converged OK OK OK 67 67 67 67 67 67 5 5 5 0 0 0 0 0 1 0 0
103 103 uniform 3 7 1038 1 0.001 3.1065425418935804 0.15458383262995187 0.0001335298560236962 -2.4638574512517728 0.00081926527024135686 -2.4638679014144182 0 2.8797937430746448 136.33468330329359 OK 15 14 0.55471400000000004 0.47710399999999997 0.121226 0.43124000000000001 0.327928 0 0.12347400000000003 0.14917599999999998 0.121226 0.013587999999999999 0.013644 0.012859000000000001 0.089105000000000004 0.11543899999999999 0.08853900000000002 0.0032079999999999999 0.0031810000000000002 0.0032189999999999996 0.00071300000000000009 0.00072999999999999996 0.00069900000000000008 136.33468770019499 136.33468770019499 136.33468770019499 0.13117741339241265 0.13117741339241265 0.13117741339241265 1 1 1 Converged Converged Converged OK OK OK 67 67 67 67 67 67 5 5 5 0 0 0 0 1 0 0 1
103 103 uniform 3 15 1038 2 0.001 3.1065425418935804 0.15458383262995187 0.0001335298560236962 -2.4638574512517728 0.00081926527024135686 -2.463849323347493 0 2.879775165007719 133.91075028008817 OK 15 14 0.55076400000000003 0.48542099999999999 0.12121899999999999 0.42767300000000003 0.33358300000000002 0 0.12309100000000001 0.15183799999999997 0.12121899999999999 0.013528999999999999 0.013578 0.012736000000000001 0.089068999999999995 0.117511 0.088802999999999993 0.0032390000000000001 0.0033130000000000004 0.0031059999999999998 0.00073999999999999988 0.00078100000000000001 0.00070799999999999997 133.91075449415246 133.91075449415246 133.91075449415246 0.12467518093226568 0.12467518093226568 0.12467518093226568 1 1 1 Converged Converged Converged OK OK OK 67 67 67 67 67 67 5 5 5 0 0 0 0 1 0 0 1
103 103 uniform 3 23 1038 3 0.001 3.1065425418935804 0.15458383262995187 0.0001335298560236962 -2.4638574512517728 0.00081926527024135686 -2.4638307452805681 0 2.8797565869407942 131.65261528198343 OK 15 14 0.52094600000000002 0.461897 0.118301 0.400812 0.31614799999999998 0 0.12013400000000002 0.14574900000000002 0.118301 0.013419 0.013684999999999999 0.012762000000000001 0.086358000000000004 0.11173099999999997 0.085713999999999985 0.0032260000000000001 0.0032190000000000001 0.0031829999999999996 0.00076200000000000009 0.00078600000000000002 0.00070100000000000002 131.65261924040598 131.65261924040598 131.65261924040598 0.1189218072632385 0.1189218072632385 0.1189218072632385 1 1 1 Converged Converged Converged OK OK OK 67 67 67 67 67 67 5 5 5 0 0 0 0 1 0 0 1
103 103 uniform 3 0 1038 0 0.0001 3.1065425418935804 0.15458383262995187 0.0001335298560236962 -2.4638574512517728 0.00081926527024135686 -2.4638841572229775 0 2.8798099988832035 138.61388835537088 OK 15 14 0.58896199999999999 0.58829200000000004 0.17959600000000001 0.40825400000000001 0.40545700000000001 0 0.18070799999999998 0.18283500000000003 0.17959600000000001 0.01448 0.014152 0.014071999999999999 0.12897900000000001 0.13200899999999993 0.12863699999999997 0.0050329999999999993 0.0049810000000000011 0.004915000000000001 0.0010309999999999998 0.00099500000000000022 0.001003 138.61389258154401 138.61389258154401 138.61389258154401 0.0065020950560714229 0.0065020950560714229 0.0065020950560714229 1 1 1 Converged Converged Converged OK OK OK 99 99 99 99 99 99 5 5 5 0 0 0 0 0 1 0 0
103 103 uniform 3 7 1038 1 0.0001 3.1065425418935804 0.15458383262995187 0.0001335298560236962 -2.4638574512517728 0.00081926527024135686 -2.4638679014144182 0 2.8797937430746448 136.33468330329359 OK 15 14 0.61070500000000005 0.54285000000000005 0.177593 0.43039699999999997 0.32778200000000002 0 0.18030800000000008 0.21506800000000004 0.177593 0.013690000000000001 0.01345 0.012851 0.13635499999999998 0.17123099999999991 0.13532500000000003 0.0048389999999999996 0.0048719999999999996 0.0048149999999999998 0.0010090000000000001 0.00098299999999999993 0.00097900000000000005 136.33468690113935 136.33468690113935 136.33468690113935 0.0064913888654972197 0.0064913888654972197 0.0064913888654972197 1 1 1 Converged Converged Converged OK OK OK 99 99 99 99 99 99 5 5 5 0 0 0 0 1 0 0 1
103 103 uniform 3 15 1038 2 0.0001 3.1065425418935804 0.15458383262995187 0.0001335298560236962 -2.4638574512517728 0.00081926527024135686 -2.463849323347493 0 2.879775165007719 133.91075028008817 OK 15 14 0.60984099999999997 0.54899500000000001 0.17641599999999999 0.43038300000000002 0.33240799999999998 0 0.17945799999999995 0.21658700000000003 0.17641599999999999 0.013561999999999999 0.013689 0.012867999999999999 0.13588700000000006 0.17274400000000001 0.134212 0.0049440000000000005 0.0048919999999999996 0.0048139999999999997 0.00097799999999999992 0.0009990000000000001 0.00097199999999999999 133.91075320583911 133.91075320583911 133.91075320583911 0.00647955561475092 0.00647955561475092 0.00647955561475092 1 1 1 Converged Converged Converged OK OK OK 99 99 99 99 99 99 5 5 5 0 0 0 0 1 0 0 1
103 103 uniform 3 23 1038 3 0.0001 3.1065425418935804 0.15458383262995187 0.0001335298560236962 -2.4638574512517728 0.00081926527024135686 -2.4638307452805681 0 2.8797565869407942 131.65261528198343 OK 15 14 0.57864599999999999 0.52507099999999995 0.172571 0.40351100000000001 0.31469799999999998 0 0.17513499999999999 0.21037299999999998 0.172571 0.013497 0.013497 0.012788000000000001 0.13134999999999997 0.16670299999999999 0.13028800000000001 0.0049500000000000004 0.0049369999999999995 0.0048339999999999998 0.00098900000000000008 0.00098600000000000011 0.00097599999999999987 131.65261758690812 131.65261758690812 131.65261758690812 0.0064680854862978962 0.0064680854862978962 0.0064680854862978962 1 1 1 Converged Converged Converged OK OK OK 99 99 99 99 99 99 5 5 5 0 0 0 0 1 0 0 1
103 103 uniform 4 0 1039 0 0.001 3.1065425418935804 0.15458383262995187 0.0001335298560236962 -2.415913230066228 0.054104815428206408 -2.4159399360374327 0 2.8318657776976588 79.200126572786687 OK 15 14 0.54589699999999997 0.54623100000000002 0.122908 0.422296 0.418493 0 0.12360099999999996 0.12773800000000002 0.122908 0.015963000000000001 0.015852999999999999 0.015688000000000001 0.082754000000000008 0.087041000000000007 0.082658000000000009 0.0033149999999999998 0.003362 0.0032990000000000007 0.00086600000000000002 0.00083400000000000011 0.00086200000000000003 79.200121317698489 79.200121317698489 79.200121317698489 0.045951164515653675 0.045951164515653675 0.045951164515653675 1 1 1 Converged Converged Converged OK OK OK 67 67 67 67 67 67 5 5 5 0 0 0 0 0 1 0 0
103 103 uniform 4 7 1039 1 0.001 3.1065425418935804 0.15458383262995187 0.0001335298560236962 -2.415913230066228 0.054104815428206408 -2.4159236802288735 0 2.8318495218891 76.727202938881092 OK 15 14 0.56160100000000002 0.58527499999999999 0.114888 0.447907 0.34443099999999999 0 0.11369400000000002 0.240844 0.114888 0.014956000000000001 0.015147000000000001 0.014286 0.078002000000000016 0.204843 0.080263999999999988 0.0032749999999999997 0.0033609999999999998 0.0032660000000000002 0.0008070000000000001 0.00084399999999999992 0.00083799999999999999 76.727198464677102 76.727198464677102 76.727198464677102 0.042184581866361537 0.042184581866361537 0.042184581866361537 1 1 1 Converged Converged Converged OK OK OK 67 67 67 67 67 67 5 5 5 0 0 0 0 1 0 0 1
103 103 uniform 4 15 1039 2 0.001 3.1065425418935804 0.15458383262995187 0.0001335298560236962 -2.415913230066228 0.054104815428206408 -2.4159051021619482 0 2.8318309438221743 74.232390659646796 OK 15 14 0.58003700000000002 0.60340400000000005 0.14210800000000001 0.43698900000000002 0.32043899999999997 0 0.14304800000000001 0.28296500000000008 0.14210800000000001 0.015382 0.015558000000000001 0.014675000000000001 0.10186700000000001 0.24088999999999999 0.10176300000000003 0.0041930000000000005 0.0044030000000000007 0.0043099999999999996 0.00095200000000000005 0.00094600000000000001 0.0009859999999999999 74.23239624022041 74.23239624022041 74.23239624022041 0.02085476471036966 0.02085476471036966 0.02085476471036966 1 1 1 Converged Converged Converged OK OK OK 90 90 90 90 90 90 6 6 6 0 0 0 0 1 0 0 1
103 103 uniform 4 23 1039 3 0.001 3.1065425418935804 0.15458383262995187 0.0001335298560236962 -2.415913230066228 0.054104815428206408 -2.4158865240950234 0 2.8318123657552494 72.022751669215296 OK 15 14 0.53882099999999999 0.56348699999999996 0.125804 0.4113 0.31357800000000002 0 0.127521 0.24990899999999994 0.125804 0.014853999999999999 0.015198 0.014053 0.092403000000000013 0.21325100000000002 0.091994999999999993 0.0032320000000000001 0.0036590000000000004 0.0032380000000000004 0.00078300000000000006 0.00079499999999999992 0.00074899999999999988 72.022931856680941 72.022931856680941 72.022931856680941 0.070050296824001101 0.070050296824001101 0.070050296824001101 1 1 1 Converged Converged Converged OK OK OK 74 74 74 74 74 74 6 6 6 0 0 0 0 1 0 0 1
103 103 uniform 4 0 1039 0 0.0001 3.1065425418935804 0.15458383262995187 0.0001335298560236962 -2.415913230066228 0.054104815428206408 -2.4159399360374327 0 2.8318657776976588 79.200126572786687 OK 15 14 0.59360299999999999 0.59685100000000002 0.173066 0.41853099999999999 0.41948200000000002 0 0.17507200000000001 0.177369 0.173066 0.016083 0.016029999999999999 0.015443999999999999 0.120947 0.12121400000000003 0.12077299999999996 0.0053769999999999998 0.0050549999999999996 0.0052289999999999993 0.001129 0.001044 0.001078 79.200121074606017 79.200121074606017 79.200121074606017 0.0040243967234186969 0.0040243967234186969 0.0040243967234186969 1 1 1 Converged Converged Converged OK OK OK 99 99 99 99 99 99 5 5 5 0 0 0 0 0 1 0 0
103 103 uniform 4 7 1039 1 0.0001 3.1065425418935804 0.15458383262995187 0.0001335298560236962 -2.415913230066228 0.054104815428206408 -2.4159236802288735 0 2.8318495218891 76.727202938881092 OK 15 14 0.60550899999999996 0.68609100000000001 0.16041900000000001 0.44323600000000002 0.35113 0 0.16227299999999995 0.33496100000000001 0.16041900000000001 0.01523 0.016456999999999999 0.014364 0.11606100000000003 0.28648799999999991 0.115829 0.0051489999999999999 0.0053740000000000012 0.0050699999999999999 0.0011220000000000002 0.0011069999999999999 0.001067 76.727198294080964 76.727198294080964 76.727198294080964 0.004029068203712109 0.004029068203712109 0.004029068203712109 1 1 1 Converged Converged Converged OK OK OK 99 99 99 99 99 99 5 5 5 0 0 0 0 1 0 0 1
103 103 uniform 4 15 1039 2 0.0001 3.1065425418935804 0.15458383262995187 0.0001335298560236962 -2.415913230066228 0.054104815428206408 -2.4159051021619482 0 2.8318309438221743 74.232390659646796 OK 15 14 0.64861899999999995 0.72141100000000002 0.20779600000000001 0.439749 0.32933200000000001 0 0.20886999999999994 0.39207900000000001 0.20779600000000001 0.015474999999999999 0.015604 0.014664999999999999 0.15451000000000004 0.33657799999999999 0.15463699999999997 0.007562000000000001 0.007892999999999999 0.0076150000000000002 0.0011879999999999998 0.001224 0.001207 74.232386873601286 74.232386873601286 74.232386873601286 0.0041216493330251194 0.0041216493330251194 0.0041216493330251194 1 1 1 Converged Converged Converged OK OK OK 138 138 138 138 138 138 6 6 6 0 0 0 0 1 0 0 1
103 103 uniform 4 23 1039 3 0.0001 3.1065425418935804 0.15458383262995187 0.0001335298560236962 -2.415913230066228 0.054104815428206408 -2.4158865240950234 0 2.8318123657552494 72.022751669215296 OK 15 14 0.58386300000000002 0.63477600000000001 0.16946900000000001 0.41215499999999999 0.311199 0 0.17170800000000003 0.323577 0.16946900000000001 0.014845000000000001 0.014971 0.014154 0.12847599999999998 0.27929599999999999 0.127364 0.0048199999999999996 0.005306 0.004875 0.001023 0.00109 0.001034 72.022748964042123 72.022748964042123 72.022748964042123 0.0052927572663672741 0.0052927572663672741 0.0052927572663672741 1 1 1 Converged Converged Converged OK OK OK 106 106 106 106 106 106 6 6 6 0 0 0 0 1 0 0 1
104 104 linear 0 0 1040 0 0.001 0.25100956415678272 0.0045216628170951347 0.040833499506696902 -0.0042320781558190194 -0.0065565357811811133 -0.0123987780571584 0.5 0.013528649771223804 50.229183495106504 OK 14 13 0.64520500000000003 0.63577700000000004 0.33597500000000002 0.30310900000000002 0.298628 0 0.34209600000000001 0.33714900000000003 0.33597500000000002 0.010795000000000001 0.011191 0.010744 0.29789200000000016 0.29163699999999987 0.29151599999999983 0.0059509999999999997 0.0064879999999999998 0.0062780000000000006 0.00095399999999999999 0.001003 0.001018 50.229877275623856 50.229877275623856 50.229877275623856 0.024730228366082404 0.024730228366082404 0.024730228366082404 1 1 1 Converged Converged Converged OK OK OK 114 114 114 114 114 114 6 6 6 0 0 0 0 0 1 0 0
104 104 linear 0 7 1040 1 0.001 0.25100956415678272 0.0045216628170951347 0.040833499506696902 -0.0042320781558190194 -0.0065565357811811133 -0.0074277433346039944 0.5 0.0085576150486693977 51.3605936018552 OK 13 12 0.61719800000000002 0.489228 0.32403199999999999 0.28274899999999997 0.15881300000000001 0 0.33444900000000005 0.33041500000000001 0.32403199999999999 0.009698 0.01303 0.0094070000000000004 0.29765100000000005 0.2903720000000003 0.2886419999999999 0.006045 0.0063320000000000008 0.0059550000000000002 0.00096100000000000005 0.0010280000000000001 0.00097199999999999999 51.361375941777901 51.361375941777901 51.361375941777901 0.024750699882967912 0.024750699882967912 0.024750699882967912 1 1 1 Converged Converged Converged OK OK OK 114 114 114 114 114 114 6 6 6 0 0 0 0 1 0 0 1
104 104 linear 0 15 1040 2 0.001 0.25100956415678272 0.0045216628170951347 0.040833499506696902 -0.0042320781558190194 -0.0065565357811811133 -0.0017465607945418163 0.5 0.0028764325086072192 51.955099337105025 OK 13 12 0.62756999999999996 0.49934499999999998 0.32512200000000002 0.28825899999999999 0.16506299999999999 0 0.33931099999999997 0.33428199999999997 0.32512200000000002 0.0096080000000000002 0.0096729999999999993 0.0089770000000000006 0.30029300000000014 0.29574600000000001 0.29022600000000004 0.0076690000000000005 0.0075259999999999997 0.0058669999999999998 0.0010990000000000002 0.001132 0.00090499999999999999 51.955425835891035 51.955425835891035 51.955425835891035 0.024753575751054795 0.024753575751054795 0.024753575751054795 1 1 1 Converged Converged Converged OK OK OK 114 114 114 114 114 114 6 6 6 0 0 0 0 1 0 0 1
104 104 linear 0 23 1040 3 0.001 0.25100956415678272 0.0045216628170951347 0.040833499506696902 -0.0042320781558190194 -0.0065565357811811133 0.0039346217455203617 0.5 -0.0028047500314549588 51.814026048459624 OK 11 10 0.59977599999999998 0.48347899999999999 0.31775900000000001 0.26503300000000002 0.155474 0 0.33474299999999996 0.32800499999999999 0.31775900000000001 0.0098770000000000004 0.0099249999999999998 0.0093240000000000007 0.29711800000000016 0.29043699999999989 0.28310800000000014 0.0068219999999999999 0.006804000000000001 0.0056100000000000004 0.0010300000000000001 0.0010139999999999999 0.0008969999999999999 51.813900746020451 51.813900746020451 51.813900746020451 0.02473751716607309 0.02473751716607309 0.02473751716607309 1 1 1 Converged Converged Converged OK OK OK 114 114 114 114 114 114 6 6 6 0 0 0 0 1 0 0 1
104 104 linear 0 0 1040 0 0.0001 0.25100956415678272 0.0045216628170951347 0.040833499506696902 -0.0042320781558190194 -0.0065565357811811133 -0.0123987780571584 0.5 0.013528649771223804 50.229183495106504 OK 14 13 0.86445300000000003 0.8387 0.53810199999999997 0.30934499999999998 0.30020000000000002 0 0.55510800000000005 0.53849999999999998 0.53810199999999997 0.012385 0.011273 0.010956 0.48247899999999999 0.46632099999999971 0.46634299999999995 0.01507 0.015905999999999997 0.015933000000000003 0.0012740000000000002 0.0013489999999999999 0.001315 50.229573070525362 50.229573070525362 50.229573070525362 0.0050107344876080193 0.0050107344876080193 0.0050107344876080193 1 1 1 Converged Converged Converged OK OK OK 194 194 194 194 194 194 6 6 6 0 0 0 0 0 1 0 0
104 104 linear 0 7 1040 1 0.0001 0.25100956415678272 0.0045216628170951347 0.040833499506696902 -0.0042320781558190194 -0.0065565357811811133 -0.0074277433346039944 0.5 0.0085576150486693977 51.3605936018552 OK 13 12 0.81791400000000003 0.68377900000000003 0.51456900000000005 0.28679100000000002 0.16392399999999999 0 0.53112300000000001 0.51985500000000007 0.51456900000000005 0.0096760000000000006 0.0097389999999999994 0.0095809999999999992 0.46896599999999961 0.45987300000000048 0.45608000000000026 0.015016999999999999 0.016080000000000001 0.015458000000000001 0.001297 0.0012810000000000002 0.0012980000000000001 51.361104417261323 51.361104417261323 51.361104417261323 0.0050239366807232708 0.0050239366807232708 0.0050239366807232708 1 1 1 Converged Converged Converged OK OK OK 194 194 194 194 194 194 6 6 6 0 0 0 0 1 0 0 1
104 104 linear 0 15 1040 2 0.0001 0.25100956415678272 0.0045216628170951347 0.040833499506696902 -0.0042320781558190194 -0.0065565357811811133 -0.0017465607945418163 0.5 0.0028764325086072192 51.955099337105025 OK 13 12 0.83102500000000001 0.69725599999999999 0.52139500000000005 0.29058099999999998 0.168769 0 0.54044400000000004 0.52848699999999993 0.52139500000000005 0.013133000000000001 0.0096959999999999998 0.0088360000000000001 0.47522199999999992 0.46682899999999999 0.46436000000000027 0.017082 0.016816999999999999 0.01489 0.0012950000000000001 0.0013309999999999999 0.0012199999999999999 51.955192502593668 51.955192502593668 51.955192502593668 0.0050300986053659078 0.0050300986053659078 0.0050300986053659078 1 1 1 Converged Converged Converged OK OK OK 194 194 194 194 194 194 6 6 6 0 0 0 0 1 0 0 1
104 104 linear 0 23 1040 3 0.0001 0.25100956415678272 0.0045216628170951347 0.040833499506696902 -0.0042320781558190194 -0.0065565357811811133 0.0039346217455203617 0.5 -0.0028047500314549588 51.814026048459624 OK 11 10 0.80241600000000002 0.68146700000000004 0.53115100000000004 0.265573 0.159832 0 0.53684299999999996 0.52163500000000007 0.53115100000000004 0.0098480000000000009 0.010090999999999999 0.0092020000000000001 0.47624899999999992 0.46144800000000008 0.46976999999999991 0.016466000000000001 0.015944 0.015765000000000001 0.0012830000000000001 0.00133 0.001238 51.813706154859297 51.813706154859297 51.813706154859297 0.0050276421901057989 0.0050276421901057989 0.0050276421901057989 1 1 1 Converged Converged Converged OK OK OK 194 194 194 194 194 194 6 6 6 0 0 0 0 1 0 0 1
104 104 linear 1 0 1041 0 0.001 0.25100956415678272 0.0045216628170951347 0.040833499506696902 3.7276416400681214 0.51722713558918532 3.7194749401667822 0.5 -3.7183450684527166 1.0309788799979493 OK 12 11 0.42802899999999999 0.42433900000000002 0.115538 0.31049100000000002 0.308282 0 0.11753799999999998 0.11605700000000002 0.115538 0.0067609999999999996 0.0068009999999999998 0.006777 0.091112999999999986 0.089532999999999974 0.089425999999999992 0.0026900000000000001 0.002761 0.0027829999999999999 0.00059100000000000005 0.00059499999999999993 0.00065299999999999993 1.0309799983899137 1.0309799983899137 1.0309799983899137 7.4097597381648725e-05 7.4097597381648725e-05 7.4097597381648725e-05 1 1 1 Converged Converged Converged OK OK OK 66 66 66 66 66 66 6 6 6 0 0 0 0 0 1 0 0
104 104 linear 1 7 1041 1 0.001 0.25100956415678272 0.0045216628170951347 0.040833499506696902 3.7276416400681214 0.51722713558918532 3.7244459748893366 0.5 -3.7233161031752711 1.0295077412511486 OK 12 11 0.440465 0.29400100000000001 0.109316 0.32608799999999999 0.16653699999999999 0 0.11437700000000001 0.12746400000000002 0.109316 0.0060460000000000002 0.0059789999999999999 0.0055649999999999996 0.090718999999999994 0.105354 0.087901000000000062 0.0033319999999999999 0.002771 0.0027520000000000001 0.00071100000000000004 0.00063699999999999998 0.00064100000000000008 1.0295081120290117 1.0295081120290117 1.0295081120290117 0.00010150914131970727 0.00010150914131970727 0.00010150914131970727 1 1 1 Converged Converged Converged OK OK OK 66 66 66 66 66 66 6 6 6 0 0 0 0 1 0 0 1
104 104 linear 1 15 1041 2 0.001 0.25100956415678272 0.0045216628170951347 0.040833499506696902 3.7276416400681214 0.51722713558918532 3.7301271574293984 0.5 -3.7289972857153328 1.0273905112460353 OK 12 11 0.421935 0.274841 0.11430700000000001 0.302622 0.141932 0 0.119313 0.132909 0.11430700000000001 0.0060520000000000001 0.0059199999999999999 0.0055659999999999998 0.095932999999999977 0.110655 0.09318499999999999 0.0032249999999999996 0.0028620000000000004 0.0026830000000000005 0.00064999999999999997 0.00060800000000000003 0.00064899999999999995 1.027388978481885 1.027388978481885 1.027388978481885 0.00015930078626300793 0.00015930078626300793 0.00015930078626300793 1 1 1 Converged Converged Converged OK OK OK 66 66 66 66 66 66 6 6 6 0 0 0 0 1 0 0 1
104 104 linear 1 23 1041 3 0.001 0.25100956415678272 0.0045216628170951347 0.040833499506696902 3.7276416400681214 0.51722713558918532 3.7358083399694606 0.5 -3.7346784682553951 1.0246779547496641 OK 12 11 0.41569 0.275252 0.10918899999999999 0.29956199999999999 0.14379500000000001 0 0.11612800000000001 0.13145699999999999 0.10918899999999999 0.0058869999999999999 0.0060179999999999999 0.0054799999999999996 0.09393 0.108665 0.088374999999999981 0.0026710000000000002 0.0030860000000000002 0.002581 0.00060300000000000002 0.00066300000000000007 0.00061299999999999994 1.0246774263505374 1.0246774263505374 1.0246774263505374 0.0002956011865845127 0.0002956011865845127 0.0002956011865845127 1 1 1 Converged Converged Converged OK OK OK 66 66 66 66 66 66 6 6 6 0 0 0 0 1 0 0 1
104 104 linear 1 0 1041 0 0.0001 0.25100956415678272 0.0045216628170951347 0.040833499506696902 3.7276416400681214 0.51722713558918532 3.7194749401667822 0.5 -3.7183450684527166 1.0309788799979493 OK 12 11 0.43085000000000001 0.421047 0.114707 0.31255500000000003 0.305755 0 0.11829499999999998 0.11529200000000001 0.114707 0.0069059999999999998 0.0069100000000000003 0.0065059999999999996 0.091383000000000006 0.089269000000000001 0.089286000000000032 0.0027559999999999998 0.0025049999999999998 0.0026510000000000001 0.00062600000000000004 0.00058900000000000001 0.00060300000000000002 1.0309799983899137 1.0309799983899137 1.0309799983899137 7.4097597381648725e-05 7.4097597381648725e-05 7.4097597381648725e-05 1 1 1 Converged Converged Converged OK OK OK 66 66 66 66 66 66 6 6 6 0 0 0 0 0 1 0 0
104 104 linear 1 7 1041 1 0.0001 0.25100956415678272 0.0045216628170951347 0.040833499506696902 3.7276416400681214 0.51722713558918532 3.7244459748893366 0.5 -3.7233161031752711 1.0295077412511486 OK 12 11 0.43713000000000002 0.2954 0.112261 0.32475900000000002 0.168068 0 0.112371 0.127332 0.112261 0.0060039999999999998 0.0059410000000000001 0.0056319999999999999 0.089947000000000041 0.10542099999999996 0.090909000000000004 0.0026540000000000001 0.0026649999999999998 0.0026069999999999999 0.00059400000000000002 0.00062100000000000002 0.00059299999999999999 1.0295081120290117 1.0295081120290117 1.0295081120290117 0.00010150914131970727 0.00010150914131970727 0.00010150914131970727 1 1 1 Converged Converged Converged OK OK OK 66 66 66 66 66 66 6 6 6 0 0 0 0 1 0 0 1
104 104 linear 1 15 1041 2 0.0001 0.25100956415678272 0.0045216628170951347 0.040833499506696902 3.7276416400681214 0.51722713558918532 3.7301271574293984 0.5 -3.7289972857153328 1.0273905112460353 OK 12 11 0.42974899999999999 0.28497400000000001 0.12942100000000001 0.294099 0.13922200000000001 0 0.13564999999999999 0.14575199999999999 0.12942100000000001 0.0060740000000000004 0.0059449999999999998 0.0055830000000000003 0.11042000000000002 0.12037599999999998 0.105061 0.0030720000000000001 0.0032830000000000003 0.0030699999999999998 0.00073499999999999998 0.00070799999999999997 0.0008160000000000001 1.0273907457762534 1.0273907457762534 1.0273907457762534 2.5617659882258789e-05 2.5617659882258789e-05 2.5617659882258789e-05 1 1 1 Converged Converged Converged OK OK OK 74 74 74 74 74 74 6 6 6 0 0 0 0 1 0 0 1
104 104 linear 1 23 1041 3 0.0001 0.25100956415678272 0.0045216628170951347 0.040833499506696902 3.7276416400681214 0.51722713558918532 3.7358083399694606 0.5 -3.7346784682553951 1.0246779547496641 OK 12 11 0.42196099999999997 0.28624699999999997 0.118885 0.29833300000000001 0.14188500000000001 0 0.12362799999999996 0.14436199999999996 0.118885 0.005986 0.0058520000000000004 0.0054180000000000001 0.099115999999999996 0.12055199999999998 0.096252999999999964 0.0033800000000000002 0.0032650000000000001 0.0030170000000000002 0.00082800000000000007 0.00077100000000000009 0.000727 1.0246780917291574 1.0246780917291574 1.0246780917291574 3.1752638369245157e-05 3.1752638369245157e-05 3.1752638369245157e-05 1 1 1 Converged Converged Converged OK OK OK 74 74 74 74 74 74 6 6 6 0 0 0 0 1 0 0 1
104 104 linear 2 0 1042 0 0.001 0.25100956415678272 0.0045216628170951347 0.040833499506696902 3.7445655741085271 -0.52995058250154925 3.7363988742071879 0.5 -3.7352690024931223 1.0233291904989668 OK 12 11 0.42844100000000002 0.42599599999999999 0.10969 0.31615700000000002 0.31490099999999999 0 0.11228399999999999 0.111095 0.10969 0.007136 0.0073660000000000002 0.0069810000000000002 0.085561999999999999 0.083950000000000038 0.083604000000000012 0.0026849999999999999 0.0028440000000000002 0.0027160000000000001 0.00066799999999999997 0.00064500000000000007 0.00065099999999999989 1.0233024128411936 1.0233024128411936 1.0233024128411936 0.00050836533688946727 0.00050836533688946727 0.00050836533688946727 1 1 1 Converged Converged Converged OK OK OK 66 66 66 66 66 66 6 6 6 0 0 0 0 0 1 0 0
104 104 linear 2 7 1042 1 0.001 0.25100956415678272 0.0045216628170951347 0.040833499506696902 3.7445655741085271 -0.52995058250154925 3.7413699089297423 0.5 -3.7402400372156768 1.0200748349728683 OK 13 12 0.41818499999999997 0.29095399999999999 0.111148 0.303485 0.15612300000000001 0 0.11469999999999997 0.13483099999999998 0.111148 0.0085349999999999992 0.0084399999999999996 0.0079930000000000001 0.086483000000000018 0.10701000000000002 0.084322999999999995 0.003209 0.0030800000000000003 0.0031519999999999999 0.00075200000000000006 0.00072800000000000002 0.00073499999999999998 1.0200740867017928 1.0200740867017928 1.0200740867017928 4.3920943026623214e-05 4.3920943026623214e-05 4.3920943026623214e-05 1 1 1 Converged Converged Converged OK OK OK 67 67 67 67 67 67 5 5 5 0 0 0 0 1 0 0 1
104 104 linear 2 15 1042 2 0.001 0.25100956415678272 0.0045216628170951347 0.040833499506696902 3.7445655741085271 -0.52995058250154925 3.7470510914698041 0.5 -3.7459212197557386 1.0179596914301381 OK 13 12 0.41111999999999999 0.26624999999999999 0.10457 0.29988999999999999 0.14272199999999999 0 0.11123 0.123528 0.10457 0.0086929999999999993 0.0086099999999999996 0.0078969999999999995 0.082222000000000045 0.095788999999999958 0.078821999999999948 0.0038770000000000007 0.0035620000000000001 0.0030530000000000002 0.00080800000000000002 0.00079100000000000004 0.00074399999999999998 1.0179591598299103 1.0179591598299103 1.0179591598299103 5.481087834235127e-05 5.481087834235127e-05 5.481087834235127e-05 1 1 1 Converged Converged Converged OK OK OK 67 67 67 67 67 67 5 5 5 0 0 0 0 1 0 0 1
104 104 linear 2 23 1042 3 0.001 0.25100956415678272 0.0045216628170951347 0.040833499506696902 3.7445655741085271 -0.52995058250154925 3.7527322740098663 0.5 -3.7516024022958008 1.01644755632688 OK 13 12 0.42536600000000002 0.28673999999999999 0.108692 0.31196200000000002 0.15912799999999999 0 0.113404 0.127612 0.108692 0.0084180000000000001 0.0084239999999999992 0.0077809999999999997 0.085913000000000003 0.10028100000000001 0.083024999999999988 0.0032980000000000002 0.0034220000000000001 0.003081 0.00073999999999999999 0.00079100000000000014 0.00075599999999999994 1.016447124494428 1.016447124494428 1.016447124494428 8.8553333425053752e-05 8.8553333425053752e-05 8.8553333425053752e-05 1 1 1 Converged Converged Converged OK OK OK 67 67 67 67 67 67 5 5 5 0 0 0 0 1 0 0 1
104 104 linear 2 0 1042 0 0.0001 0.25100956415678272 0.0045216628170951347 0.040833499506696902 3.7445655741085271 -0.52995058250154925 3.7363988742071879 0.5 -3.7352690024931223 1.0233291904989668 OK 12 11 0.43978600000000001 0.43300100000000002 0.12045500000000001 0.31319399999999997 0.31157899999999999 0 0.12659200000000004 0.12142200000000003 0.12045500000000001 0.0070920000000000002 0.0068970000000000004 0.0069280000000000001 0.093355000000000007 0.091630000000000003 0.091381000000000004 0.0031460000000000004 0.00364 0.0032129999999999997 0.00074399999999999998 0.00078799999999999996 0.00076199999999999987 1.0233286389497187 1.0233286389497187 1.0233286389497187 6.2508643142654928e-05 6.2508643142654928e-05 6.2508643142654928e-05 1 1 1 Converged Converged Converged OK OK OK 74 74 74 74 74 74 6 6 6 0 0 0 0 0 1 0 0
104 104 linear 2 7 1042 1 0.0001 0.25100956415678272 0.0045216628170951347 0.040833499506696902 3.7445655741085271 -0.52995058250154925 3.7413699089297423 0.5 -3.7402400372156768 1.0200748349728683 OK 13 12 0.41750599999999999 0.295261 0.109627 0.30468000000000001 0.15482899999999999 0 0.11282599999999998 0.140432 0.109627 0.0083890000000000006 0.0085360000000000002 0.0079640000000000006 0.08634600000000002 0.107046 0.083871999999999974 0.0029950000000000003 0.0030590000000000001 0.0029560000000000003 0.00069199999999999991 0.00070899999999999999 0.00070099999999999991 1.0200740867017928 1.0200740867017928 1.0200740867017928 4.3920943026623214e-05 4.3920943026623214e-05 4.3920943026623214e-05 1 1 1 Converged Converged Converged OK OK OK 67 67 67 67 67 67 5 5 5 0 0 0 0 1 0 0 1
104 104 linear 2 15 1042 2 0.0001 0.25100956415678272 0.0045216628170951347 0.040833499506696902 3.7445655741085271 -0.52995058250154925 3.7470510914698041 0.5 -3.7459212197557386 1.0179596914301381 OK 13 12 0.40229399999999998 0.26438699999999998 0.104376 0.29450199999999999 0.141565 0 0.107792 0.12282199999999999 0.104376 0.0083119999999999999 0.0084550000000000007 0.0078309999999999994 0.081210999999999978 0.095924999999999983 0.078647000000000009 0.0030019999999999999 0.003055 0.0030159999999999996 0.00074100000000000001 0.000754 0.00074700000000000005 1.0179591598299103 1.0179591598299103 1.0179591598299103 5.481087834235127e-05 5.481087834235127e-05 5.481087834235127e-05 1 1 1 Converged Converged Converged OK OK OK 67 67 67 67 67 67 5 5 5 0 0 0 0 1 0 0 1
104 104 linear 2 23 1042 3 0.0001 0.25100956415678272 0.0045216628170951347 0.040833499506696902 3.7445655741085271 -0.52995058250154925 3.7527322740098663 0.5 -3.7516024022958008 1.01644755632688 OK 13 12 0.42436600000000002 0.28828100000000001 0.111536 0.31197900000000001 0.16121099999999999 0 0.11238700000000001 0.12707000000000002 0.111536 0.0084390000000000003 0.0083219999999999995 0.0080330000000000002 0.085553999999999991 0.100507 0.085301999999999989 0.0031109999999999996 0.0030899999999999999 0.0030940000000000004 0.00072999999999999996 0.0007139999999999999 0.00071000000000000013 1.016447124494428 1.016447124494428 1.016447124494428 8.8553333425053752e-05 8.8553333425053752e-05 8.8553333425053752e-05 1 1 1 Converged Converged Converged OK OK OK 67 67 67 67 67 67 5 5 5 0 0 0 0 1 0 0 1
104 104 linear 3 0 1043 0 0.001 0.25100956415678272 0.0045216628170951347 0.040833499506696902 0.049432409909409919 -0.035590012794359159 0.041265710008070541 0.5 -0.04013583829400514 19.920080578110145 OK 13 12 0.60323800000000005 0.59660500000000005 0.28020499999999998 0.31668400000000002 0.31239899999999998 0 0.28655400000000003 0.28420600000000007 0.28020499999999998 0.0099979999999999999 0.0099810000000000003 0.0095560000000000003 0.22665499999999994 0.22468499999999988 0.22074600000000014 0.010709 0.010451999999999999 0.010463999999999999 0.001421 0.0014250000000000001 0.0014189999999999997 19.920430337537606 19.920430337537606 19.920430337537606 0.016539646275740113 0.016539646275740113 0.016539646275740113 1 1 1 Converged Converged Converged OK OK OK 169 169 169 169 169 169 7 7 7 0 0 0 0 0 1 0 0
104 104 linear 3 7 1043 1 0.001 0.25100956415678272 0.0045216628170951347 0.040833499506696902 0.049432409909409919 -0.035590012794359159 0.046236744730624946 0.5 -0.045106873016559544 18.370026828877382 OK 13 12 0.56845500000000004 0.456401 0.239457 0.31922899999999998 0.181704 0 0.24922600000000006 0.27469699999999997 0.239457 0.0087749999999999998 0.008626 0.0081300000000000001 0.20674799999999999 0.23451199999999978 0.19983799999999993 0.0089339999999999992 0.0076490000000000004 0.0080359999999999997 0.0014519999999999999 0.0013649999999999999 0.0013569999999999999 18.370156898942987 18.370156898942987 18.370156898942987 0.010111703746801414 0.010111703746801414 0.010111703746801414 1 1 1 Converged Converged Converged OK OK OK 145 145 145 145 145 145 7 7 7 0 0 0 0 1 0 0 1
104 104 linear 3 15 1043 2 0.001 0.25100956415678272 0.0045216628170951347 0.040833499506696902 0.049432409909409919 -0.035590012794359159 0.051917927270687121 0.5 -0.05078805555662172 16.836436660439645 OK 13 12 0.52743799999999996 0.39663700000000002 0.19953199999999999 0.318685 0.17857999999999999 0 0.20875299999999997 0.21805700000000003 0.19953199999999999 0.0086510000000000007 0.0085959999999999995 0.0080210000000000004 0.17616100000000004 0.18448499999999995 0.16854000000000002 0.0048310000000000002 0.0059869999999999993 0.0046290000000000003 0.0012390000000000001 0.0013219999999999998 0.0011969999999999999 16.836465879586015 16.836465879586015 16.836465879586015 0.0090228618663549826 0.0090228618663549826 0.0090228618663549826 1 1 1 Converged Converged Converged OK OK OK 113 113 113 113 113 113 7 7 7 0 0 0 0 1 0 0 1
104 104 linear 3 23 1043 3 0.001 0.25100956415678272 0.0045216628170951347 0.040833499506696902 0.049432409909409919 -0.035590012794359159 0.057599109810749297 0.5 -0.056469238096683895 15.514547010345845 OK 13 12 0.490616 0.37041000000000002 0.17655100000000001 0.30641699999999999 0.171485 0 0.184199 0.19892500000000002 0.17655100000000001 0.0085939999999999992 0.0087089999999999997 0.0079900000000000006 0.15297599999999995 0.16762999999999995 0.14736400000000008 0.0051389999999999995 0.0050859999999999985 0.0045059999999999996 0.0011230000000000001 0.0011410000000000001 0.001018 15.514530693711608 15.514530693711608 15.514530693711608 0.011665036127199664 0.011665036127199664 0.011665036127199664 1 1 1 Converged Converged Converged OK OK OK 105 105 105 105 105 105 7 7 7 0 0 0 0 1 0 0 1
104 104 linear 3 0 1043 0 0.0001 0.25100956415678272 0.0045216628170951347 0.040833499506696902 0.049432409909409919 -0.035590012794359159 0.041265710008070541 0.5 -0.04013583829400514 19.920080578110145 OK 13 12 0.65950500000000001 0.64752799999999999 0.33216400000000001 0.32179999999999997 0.31457600000000002 0 0.33770500000000003 0.33295199999999997 0.33216400000000001 0.0096939999999999995 0.010130999999999999 0.0094789999999999996 0.26831100000000024 0.26149399999999989 0.26168700000000017 0.011216 0.011538 0.012604000000000001 0.001722 0.0016959999999999998 0.001758 19.920061601184454 19.920061601184454 19.920061601184454 0.0018443923203780969 0.0018443923203780969 0.0018443923203780969 1 1 1 Converged Converged Converged OK OK OK 193 193 193 193 193 193 7 7 7 0 0 0 0 0 1 0 0
104 104 linear 3 7 1043 1 0.0001 0.25100956415678272 0.0045216628170951347 0.040833499506696902 0.049432409909409919 -0.035590012794359159 0.046236744730624946 0.5 -0.045106873016559544 18.370026828877382 OK 13 12 0.62649699999999997 0.52892700000000004 0.29509000000000002 0.32034400000000002 0.184111 0 0.30615299999999995 0.34481600000000001 0.29509000000000002 0.0086269999999999993 0.0088190000000000004 0.0083099999999999997 0.25554300000000008 0.29281600000000002 0.24482599999999988 0.010724999999999998 0.011545 0.011219 0.0016459999999999999 0.0016899999999999999 0.0017150000000000002 18.370013386764771 18.370013386764771 18.370013386764771 0.00086356248303795979 0.00086356248303795979 0.00086356248303795979 1 1 1 Converged Converged Converged OK OK OK 193 193 193 193 193 193 7 7 7 0 0 0 0 1 0 0 1
104 104 linear 3 15 1043 2 0.0001 0.25100956415678272 0.0045216628170951347 0.040833499506696902 0.049432409909409919 -0.035590012794359159 0.051917927270687121 0.5 -0.05078805555662172 16.836436660439645 OK 13 12 0.58296599999999998 0.453044 0.25301800000000002 0.318413 0.179785 0 0.26455299999999998 0.27325900000000003 0.25301800000000002 0.0087840000000000001 0.0088599999999999998 0.0081279999999999998 0.21853499999999992 0.22940199999999997 0.21072600000000011 0.0098219999999999991 0.0086099999999999996 0.008456 0.0016670000000000001 0.00156 0.0016069999999999999 16.836481039556908 16.836481039556908 16.836481039556908 0.0015344149201886575 0.0015344149201886575 0.0015344149201886575 1 1 1 Converged Converged Converged OK OK OK 161 161 161 161 161 161 7 7 7 0 0 0 0 1 0 0 1
104 104 linear 3 23 1043 3 0.0001 0.25100956415678272 0.0045216628170951347 0.040833499506696902 0.049432409909409919 -0.035590012794359159 0.057599109810749297 0.5 -0.056469238096683895 15.514547010345845 OK 13 12 0.59353900000000004 0.48778300000000002 0.27105499999999999 0.31030999999999997 0.171018 0 0.28322900000000006 0.31676500000000002 0.27105499999999999 0.0086280000000000003 0.0088819999999999993 0.0081099999999999992 0.23488300000000001 0.26528999999999997 0.22551299999999985 0.010661 0.013108999999999999 0.0096159999999999995 0.0017290000000000001 0.001689 0.001521 15.514532389879294 15.514532389879294 15.514532389879294 0.0010757568992303037 0.0010757568992303037 0.0010757568992303037 1 1 1 Converged Converged Converged OK OK OK 177 177 177 177 177 177 7 7 7 0 0 0 0 1 0 0 1
104 104 linear 4 0 1044 0 0.001 0.25100956415678272 0.0045216628170951347 0.040833499506696902 0.050800010350881053 0.048756837925174559 0.042633310449541675 0.5 -0.041503438735476274 16.329905922532792 OK 11 10 0.46298699999999998 0.462391 0.15506400000000001 0.30261700000000002 0.30267699999999997 0 0.16036999999999996 0.15971400000000002 0.15506400000000001 0.0092840000000000006 0.0094500000000000001 0.0089990000000000001 0.118466 0.11448800000000001 0.114106 0.0078230000000000001 0.010774000000000001 0.0069130000000000007 0.0010019999999999999 0.0010489999999999998 0.0011099999999999999 16.329890293805335 16.329890293805335 16.329890293805335 0.0085982691924043359 0.0085982691924043359 0.0085982691924043359 1 1 1 Converged Converged Converged OK OK OK 115 115 115 115 115 115 5 5 5 0 0 0 0 0 1 0 0
104 104 linear 4 7 1044 1 0.001 0.25100956415678272 0.0045216628170951347 0.040833499506696902 0.050800010350881053 0.048756837925174559 0.04760434517209608 0.5 -0.046474473458030678 15.43006928538126 OK 11 10 0.419406 0.302506 0.112793 0.30153000000000002 0.162689 0 0.11787599999999998 0.139817 0.112793 0.0083239999999999998 0.0082880000000000002 0.0078019999999999999 0.090865000000000015 0.112554 0.087837999999999972 0.0042559999999999994 0.0044070000000000003 0.0035109999999999998 0.00087299999999999997 0.000901 0.00081100000000000009 15.430047630213675 15.430047630213675 15.430047630213675 0.015312162675137861 0.015312162675137861 0.015312162675137861 1 1 1 Converged Converged Converged OK OK OK 83 83 83 83 83 83 5 5 5 0 0 0 0 1 0 0 1
104 104 linear 4 15 1044 2 0.001 0.25100956415678272 0.0045216628170951347 0.040833499506696902 0.050800010350881053 0.048756837925174559 0.053285527712158255 0.5 -0.052155655998092854 14.472663391498655 OK 11 10 0.419761 0.296209 0.11717 0.29580299999999998 0.162968 0 0.12395800000000001 0.133241 0.11717 0.008515 0.0082220000000000001 0.0077270000000000004 0.094612999999999947 0.10449100000000001 0.090741999999999989 0.0047940000000000005 0.0046689999999999995 0.003764 0.0010149999999999998 0.00099599999999999992 0.00091099999999999992 14.472651317443939 14.472651317443939 14.472651317443939 0.0056731958171115189 0.0056731958171115189 0.0056731958171115189 1 1 1 Converged Converged Converged OK OK OK 91 91 91 91 91 91 5 5 5 0 0 0 0 1 0 0 1
104 104 linear 4 23 1044 3 0.001 0.25100956415678272 0.0045216628170951347 0.040833499506696902 0.050800010350881053 0.048756837925174559 0.058966710252220431 0.5 -0.057836838538155029 13.593415341569273 OK 11 10 0.421574 0.30152600000000002 0.120355 0.29568899999999998 0.159305 0 0.12588500000000002 0.14222100000000001 0.120355 0.0084060000000000003 0.0082769999999999996 0.0077149999999999996 0.097150000000000014 0.11351600000000006 0.093713999999999978 0.0046600000000000001 0.0044469999999999996 0.0039459999999999999 0.0010739999999999999 0.001083 0.0010349999999999999 13.593405530602885 13.593405530602885 13.593405530602885 0.0047625215654912055 0.0047625215654912055 0.0047625215654912055 1 1 1 Converged Converged Converged OK OK OK 91 91 91 91 91 91 5 5 5 0 0 0 0 1 0 0 1
104 104 linear 4 0 1044 0 0.0001 0.25100956415678272 0.0045216628170951347 0.040833499506696902 0.050800010350881053 0.048756837925174559 0.042633310449541675 0.5 -0.041503438735476274 16.329905922532792 OK 11 10 0.51200199999999996 0.50617199999999996 0.20089299999999999 0.30613800000000002 0.30242799999999997 0 0.20586399999999994 0.20374399999999998 0.20089299999999999 0.009384 0.012756999999999999 0.0089779999999999999 0.15219900000000003 0.14779599999999993 0.14798199999999997 0.0093290000000000005 0.0088899999999999986 0.0094199999999999996 0.0013760000000000001 0.001317 0.0013319999999999999 16.329896743588066 16.329896743588066 16.329896743588066 0.00044570322774156382 0.00044570322774156382 0.00044570322774156382 1 1 1 Converged Converged Converged OK OK OK 155 155 155 155 155 155 5 5 5 0 0 0 0 0 1 0 0
104 104 linear 4 7 1044 1 0.0001 0.25100956415678272 0.0045216628170951347 0.040833499506696902 0.050800010350881053 0.048756837925174559 0.04760434517209608 0.5 -0.046474473458030678 15.43006928538126 OK 11 10 0.50481900000000002 0.40034500000000001 0.19262499999999999 0.30190400000000001 0.16107299999999999 0 0.20291500000000001 0.23927200000000001 0.19262499999999999 0.0086269999999999993 0.008404 0.0077400000000000004 0.15781800000000007 0.19499699999999986 0.15122700000000006 0.010321 0.010485 0.0090279999999999996 0.0013310000000000002 0.0013419999999999999 0.0012329999999999999 15.430060443542585 15.430060443542585 15.430060443542585 0.00085463489333669276 0.00085463489333669276 0.00085463489333669276 1 1 1 Converged Converged Converged OK OK OK 155 155 155 155 155 155 5 5 5 0 0 0 0 1 0 0 1
104 104 linear 4 15 1044 2 0.0001 0.25100956415678272 0.0045216628170951347 0.040833499506696902 0.050800010350881053 0.048756837925174559 0.053285527712158255 0.5 -0.052155655998092854 14.472663391498655 OK 11 10 0.46909000000000001 0.342445 0.16335 0.29793700000000001 0.15910199999999999 0 0.171153 0.18334300000000001 0.16335 0.0085489999999999993 0.0082710000000000006 0.0077650000000000002 0.13261999999999999 0.14628299999999989 0.12751599999999999 0.0075729999999999999 0.0071089999999999999 0.0068590000000000005 0.0012869999999999999 0.0012830000000000001 0.001307 14.472655182678043 14.472655182678043 14.472655182678043 0.00098983703227082005 0.00098983703227082005 0.00098983703227082005 1 1 1 Converged Converged Converged OK OK OK 131 131 131 131 131 131 5 5 5 0 0 0 0 1 0 0 1
104 104 linear 4 23 1044 3 0.0001 0.25100956415678272 0.0045216628170951347 0.040833499506696902 0.050800010350881053 0.048756837925174559 0.058966710252220431 0.5 -0.057836838538155029 13.593415341569273 OK 11 10 0.47361799999999998 0.35125899999999999 0.16609599999999999 0.29929800000000001 0.16059699999999999 0 0.17431999999999997 0.190662 0.16609599999999999 0.0082889999999999995 0.0083020000000000004 0.0077089999999999997 0.136352 0.15332000000000001 0.13081600000000007 0.0073889999999999997 0.0074739999999999997 0.0067499999999999999 0.0014109999999999999 0.0013699999999999997 0.001281 13.593407685875921 13.593407685875921 13.593407685875921 0.00056600824755070878 0.00056600824755070878 0.00056600824755070878 1 1 1 Converged Converged Converged OK OK OK 131 131 131 131 131 131 5 5 5 0 0 0 0 1 0 0 1
104 104 uniform 0 0 1045 0 0.001 0.25100956415678272 0.0045216628170951347 0.040833499506696902 -0.0042320781558190194 -0.0065565357811811133 -0.0123987780571584 0 0.013528649771223804 47.511322223842001 OK 14 13 0.50836700000000001 0.50921099999999997 0.214172 0.29703000000000002 0.29678199999999999 0 0.211337 0.21242899999999998 0.214172 0.010976 0.010984000000000001 0.010662 0.16753400000000002 0.16853100000000001 0.17131100000000002 0.005744 0.0057470000000000004 0.0055999999999999999 0.00092999999999999995 0.00091100000000000003 0.00087000000000000001 47.51202418605601 47.51202418605601 47.51202418605601 0.033991446861324409 0.033991446861324409 0.033991446861324409 1 1 1 Converged Converged Converged OK OK OK 114 114 114 114 114 114 6 6 6 0 0 0 0 0 1 0 0
104 104 uniform 0 7 1045 1 0.001 0.25100956415678272 0.0045216628170951347 0.040833499506696902 -0.0042320781558190194 -0.0065565357811811133 -0.0074277433346039944 0 0.0085576150486693977 48.260404441795963 OK 13 12 0.48466399999999998 0.36399100000000001 0.19805 0.28374899999999997 0.157084 0 0.20091500000000001 0.20690700000000001 0.19805 0.0099740000000000002 0.0097260000000000003 0.0092259999999999998 0.16385399999999992 0.17130299999999998 0.16336800000000007 0.0061019999999999998 0.0057429999999999998 0.0056880000000000003 0.00095800000000000008 0.00086700000000000004 0.00089200000000000011 48.261039740472434 48.261039740472434 48.261039740472434 0.033947153367684779 0.033947153367684779 0.033947153367684779 1 1 1 Converged Converged Converged OK OK OK 114 114 114 114 114 114 6 6 6 0 0 0 0 1 0 0 1
104 104 uniform 0 15 1045 2 0.001 0.25100956415678272 0.0045216628170951347 0.040833499506696902 -0.0042320781558190194 -0.0065565357811811133 -0.0017465607945418163 0 0.0028764325086072192 48.649386675485388 OK 13 12 0.49526399999999998 0.37246099999999999 0.19952 0.29264699999999999 0.16381000000000001 0 0.20261699999999999 0.20865099999999998 0.19952 0.0095930000000000008 0.0095230000000000002 0.0086949999999999996 0.16666199999999998 0.17154400000000003 0.16591599999999998 0.0059519999999999998 0.0067850000000000002 0.0056050000000000006 0.00091199999999999994 0.0010170000000000001 0.00087800000000000009 48.649943539849424 48.649943539849424 48.649943539849424 0.033865968737126696 0.033865968737126696 0.033865968737126696 1 1 1 Converged Converged Converged OK OK OK 114 114 114 114 114 114 6 6 6 0 0 0 0 1 0 0 1
104 104 uniform 0 23 1045 3 0.001 0.25100956415678272 0.0045216628170951347 0.040833499506696902 -0.0042320781558190194 -0.0065565357811811133 0.0039346217455203617 0 -0.0028047500314549588 48.556981676298072 OK 11 10 0.463362 0.35813099999999998 0.201544 0.263266 0.15459999999999999 0 0.200096 0.20353099999999999 0.201544 0.0097190000000000002 0.0097689999999999999 0.010586999999999999 0.16386000000000003 0.16673900000000005 0.16538999999999998 0.0060410000000000004 0.0063210000000000002 0.0056039999999999996 0.00091100000000000003 0.00094800000000000006 0.000901 48.557458818858962 48.557458818858962 48.557458818858962 0.033756564772585922 0.033756564772585922 0.033756564772585922 1 1 1 Converged Converged Converged OK OK OK 114 114 114 114 114 114 6 6 6 0 0 0 0 1 0 0 1
104 104 uniform 0 0 1045 0 0.0001 0.25100956415678272 0.0045216628170951347 0.040833499506696902 -0.0042320781558190194 -0.0065565357811811133 -0.0123987780571584 0 0.013528649771223804 47.511322223842001 OK 14 13 0.63900400000000002 0.63561800000000002 0.33517599999999997 0.29767300000000002 0.29767399999999999 0 0.341331 0.33794400000000002 0.33517599999999997 0.01094 0.011030999999999999 0.010952 0.27180199999999999 0.26632299999999992 0.26480900000000002 0.014655999999999999 0.015942000000000001 0.015323999999999999 0.0011489999999999998 0.0012409999999999999 0.0011689999999999999 47.511421664063128 47.511421664063128 47.511421664063128 0.0042719667073077439 0.0042719667073077439 0.0042719667073077439 1 1 1 Converged Converged Converged OK OK OK 194 194 194 194 194 194 6 6 6 0 0 0 0 0 1 0 0
104 104 uniform 0 7 1045 1 0.0001 0.25100956415678272 0.0045216628170951347 0.040833499506696902 -0.0042320781558190194 -0.0065565357811811133 -0.0074277433346039944 0 0.0085576150486693977 48.260404441795963 OK 13 12 0.60458599999999996 0.48035 0.315357 0.28613899999999998 0.15798499999999999 0 0.31844699999999998 0.32236500000000001 0.315357 0.0098069999999999997 0.0097359999999999999 0.0092949999999999994 0.25872800000000001 0.26402399999999987 0.25823999999999997 0.015896 0.014957000000000002 0.014688 0.0012100000000000001 0.0011589999999999999 0.001155 48.260487908945187 48.260487908945187 48.260487908945187 0.0042758219686395635 0.0042758219686395635 0.0042758219686395635 1 1 1 Converged Converged Converged OK OK OK 194 194 194 194 194 194 6 6 6 0 0 0 0 1 0 0 1
104 104 uniform 0 15 1045 2 0.0001 0.25100956415678272 0.0045216628170951347 0.040833499506696902 -0.0042320781558190194 -0.0065565357811811133 -0.0017465607945418163 0 0.0028764325086072192 48.649386675485388 OK 13 12 0.61667300000000003 0.48917500000000003 0.31637199999999999 0.29628700000000002 0.16253300000000001 0 0.320386 0.32664199999999999 0.31637199999999999 0.0094710000000000003 0.0097339999999999996 0.0090860000000000003 0.26171799999999995 0.26780899999999996 0.25962099999999994 0.01545 0.015224 0.014841999999999998 0.0011800000000000001 0.0011520000000000002 0.0011200000000000001 48.649451138421092 48.649451138421092 48.649451138421092 0.0042710742598544892 0.0042710742598544892 0.0042710742598544892 1 1 1 Converged Converged Converged OK OK OK 194 194 194 194 194 194 6 6 6 0 0 0 0 1 0 0 1
104 104 uniform 0 23 1045 3 0.0001 0.25100956415678272 0.0045216628170951347 0.040833499506696902 -0.0042320781558190194 -0.0065565357811811133 0.0039346217455203617 0 -0.0028047500314549588 48.556981676298072 OK 11 10 0.58657499999999996 0.47745100000000001 0.313328 0.26460800000000001 0.150592 0 0.32196699999999995 0.32685900000000001 0.313328 0.0097859999999999996 0.010003 0.0091039999999999992 0.26351199999999997 0.26733599999999996 0.25752600000000009 0.015184 0.015945000000000001 0.014400999999999999 0.001147 0.0011720000000000001 0.001106 48.557026873657811 48.557026873657811 48.557026873657811 0.0042577369179825969 0.0042577369179825969 0.0042577369179825969 1 1 1 Converged Converged Converged OK OK OK 194 194 194 194 194 194 6 6 6 0 0 0 0 1 0 0 1
104 104 uniform 1 0 1046 0 0.001 0.25100956415678272 0.0045216628170951347 0.040833499506696902 3.7276416400681214 0.51722713558918532 3.7194749401667822 0 -3.7183450684527166 1.0299396602596402 OK 12 11 0.39199000000000001 0.38264999999999999 0.077571000000000001 0.31379099999999999 0.30465100000000001 0 0.078199000000000018 0.077998999999999985 0.077571000000000001 0.0066769999999999998 0.0067470000000000004 0.0063990000000000002 0.058174000000000003 0.058176999999999986 0.058092999999999985 0.001652 0.0015969999999999999 0.0017229999999999999 0.000379 0.00038099999999999994 0.00041200000000000004 1.0299410223528991 1.0299410223528991 1.0299410223528991 0.00041495313559899077 0.00041495313559899077 0.00041495313559899077 1 1 1 Converged Converged Converged OK OK OK 50 50 50 50 50 50 6 6 6 0 0 0 0 0 1 0 0
104 104 uniform 1 7 1046 1 0.001 0.25100956415678272 0.0045216628170951347 0.040833499506696902 3.7276416400681214 0.51722713558918532 3.7244459748893366 0 -3.7233161031752711 1.0288754253679309 OK 12 11 0.39942499999999997 0.244366 0.073074 0.325347 0.16256699999999999 0 0.074077999999999977 0.081799000000000011 0.073074 0.0058380000000000003 0.0057939999999999997 0.0056010000000000001 0.057255 0.065312000000000009 0.057006999999999995 0.0016510000000000001 0.0016359999999999999 0.0016930000000000001 0.00039599999999999998 0.00037300000000000001 0.00039100000000000002 1.0288762076762901 1.0288762076762901 1.0288762076762901 0.00047750755296856217 0.00047750755296856217 0.00047750755296856217 1 1 1 Converged Converged Converged OK OK OK 50 50 50 50 50 50 6 6 6 0 0 0 0 1 0 0 1
104 104 uniform 1 15 1046 2 0.001 0.25100956415678272 0.0045216628170951347 0.040833499506696902 3.7276416400681214 0.51722713558918532 3.7301271574293984 0 -3.7289972857153328 1.0272754270481206 OK 12 11 0.373973 0.225133 0.074823000000000001 0.29805399999999999 0.14199999999999999 0 0.075919000000000014 0.083133000000000012 0.074823000000000001 0.0058999999999999999 0.0060070000000000002 0.0054609999999999997 0.058970999999999989 0.066457000000000002 0.058840999999999977 0.0016440000000000001 0.0016670000000000001 0.0017240000000000001 0.00045000000000000004 0.00044299999999999998 0.00044999999999999999 1.0272735865391638 1.0272735865391638 1.0272735865391638 0.00043337491814440365 0.00043337491814440365 0.00043337491814440365 1 1 1 Converged Converged Converged OK OK OK 50 50 50 50 50 50 6 6 6 0 0 0 0 1 0 0 1
104 104 uniform 1 23 1046 3 0.001 0.25100956415678272 0.0045216628170951347 0.040833499506696902 3.7276416400681214 0.51722713558918532 3.7358083399694606 0 -3.7346784682553951 1.0250465515123519 OK 12 11 0.37480200000000002 0.22675600000000001 0.071276999999999993 0.30226999999999998 0.143985 0 0.072532000000000041 0.082771000000000011 0.071276999999999993 0.0059350000000000002 0.0058960000000000002 0.0053940000000000004 0.05568600000000002 0.065878000000000006 0.055454000000000003 0.0016129999999999999 0.001709 0.0016299999999999999 0.000444 0.00054500000000000002 0.00043999999999999996 1.0250458781971155 1.0250458781971155 1.0250458781971155 0.00046054182354062867 0.00046054182354062867 0.00046054182354062867 1 1 1 Converged Converged Converged OK OK OK 50 50 50 50 50 50 6 6 6 0 0 0 0 1 0 0 1
104 104 uniform 1 0 1046 0 0.0001 0.25100956415678272 0.0045216628170951347 0.040833499506696902 3.7276416400681214 0.51722713558918532 3.7194749401667822 0 -3.7183450684527166 1.0299396602596402 OK 12 11 0.40151700000000001 0.40429999999999999 0.096396999999999997 0.30650300000000003 0.30969999999999998 0 0.095013999999999987 0.094600000000000017 0.096396999999999997 0.0066600000000000001 0.0066189999999999999 0.0067340000000000004 0.069047000000000011 0.06911500000000001 0.07046899999999999 0.0025200000000000001 0.0025089999999999999 0.002496 0.00058599999999999993 0.00054599999999999994 0.000544 1.0299410223602532 1.0299410223602532 1.0299410223602532 6.1367307653668678e-05 6.1367307653668678e-05 6.1367307653668678e-05 1 1 1 Converged Converged Converged OK OK OK 66 66 66 66 66 66 6 6 6 0 0 0 0 0 1 0 0
104 104 uniform 1 7 1046 1 0.0001 0.25100956415678272 0.0045216628170951347 0.040833499506696902 3.7276416400681214 0.51722713558918532 3.7244459748893366 0 -3.7233161031752711 1.0288754253679309 OK 12 11 0.42387999999999998 0.28437800000000002 0.097741999999999996 0.32450899999999999 0.16370899999999999 0 0.099370999999999987 0.12066900000000003 0.097741999999999996 0.0058380000000000003 0.0059870000000000001 0.0055310000000000003 0.074691999999999995 0.095931000000000016 0.074264999999999998 0.0028770000000000002 0.0029269999999999999 0.0028279999999999998 0.00067699999999999998 0.00070600000000000003 0.00067200000000000007 1.0288754835666605 1.0288754835666605 1.0288754835666605 2.246381773064631e-05 2.246381773064631e-05 2.246381773064631e-05 1 1 1 Converged Converged Converged OK OK OK 74 74 74 74 74 74 6 6 6 0 0 0 0 1 0 0 1
104 104 uniform 1 15 1046 2 0.0001 0.25100956415678272 0.0045216628170951347 0.040833499506696902 3.7276416400681214 0.51722713558918532 3.7301271574293984 0 -3.7289972857153328 1.0272754270481206 OK 12 11 0.39108199999999999 0.24959999999999999 0.093511999999999998 0.29810700000000001 0.13816899999999999 0 0.092974999999999974 0.111431 0.093511999999999998 0.0057720000000000002 0.0059150000000000001 0.0055849999999999997 0.071073999999999984 0.089341000000000004 0.072495000000000004 0.002542 0.0025660000000000001 0.0025100000000000001 0.00065299999999999993 0.00059299999999999999 0.00057399999999999997 1.0272735865465199 1.0272735865465199 1.0272735865465199 7.9802146563361822e-05 7.9802146563361822e-05 7.9802146563361822e-05 1 1 1 Converged Converged Converged OK OK OK 66 66 66 66 66 66 6 6 6 0 0 0 0 1 0 0 1
104 104 uniform 1 23 1046 3 0.0001 0.25100956415678272 0.0045216628170951347 0.040833499506696902 3.7276416400681214 0.51722713558918532 3.7358083399694606 0 -3.7346784682553951 1.0250465515123519 OK 12 11 0.39496199999999998 0.26516600000000001 0.094667000000000001 0.29870099999999999 0.14516599999999999 0 0.096260999999999985 0.12000000000000002 0.094667000000000001 0.0058510000000000003 0.0059420000000000002 0.005476 0.072751999999999983 0.096659999999999996 0.072501999999999997 0.0029089999999999997 0.002849 0.0027570000000000003 0.00074799999999999997 0.000776 0.00074599999999999992 1.025046688747534 1.025046688747534 1.025046688747534 1.3982452448009323e-05 1.3982452448009323e-05 1.3982452448009323e-05 1 1 1 Converged Converged Converged OK OK OK 74 74 74 74 74 74 6 6 6 0 0 0 0 1 0 0 1
104 104 uniform 2 0 1047 0 0.001 0.25100956415678272 0.0045216628170951347 0.040833499506696902 3.7445655741085271 -0.52995058250154925 3.7363988742071879 0 -3.7352690024931223 1.0238502198795232 OK 12 11 0.39830300000000002 0.39399499999999998 0.078937999999999994 0.31878600000000001 0.31402999999999998 0 0.079517000000000004 0.079965000000000008 0.078937999999999994 0.0072030000000000002 0.0070930000000000003 0.006914 0.058751999999999992 0.059226999999999995 0.058644999999999996 0.001748 0.0017439999999999999 0.00166 0.00044700000000000002 0.00048700000000000002 0.00040400000000000001 1.0238222392928926 1.0238222392928926 1.0238222392928926 0.00081744618424257204 0.00081744618424257204 0.00081744618424257204 1 1 1 Converged Converged Converged OK OK OK 50 50 50 50 50 50 6 6 6 0 0 0 0 0 1 0 0
104 104 uniform 2 7 1047 1 0.001 0.25100956415678272 0.0045216628170951347 0.040833499506696902 3.7445655741085271 -0.52995058250154925 3.7413699089297423 0 -3.7402400372156768 1.0202800483601306 OK 13 12 0.38658999999999999 0.25170199999999998 0.079033000000000006 0.30496699999999999 0.156218 0 0.081623000000000001 0.095483999999999986 0.079033000000000006 0.0087080000000000005 0.0085050000000000004 0.0079439999999999997 0.058073000000000013 0.072524999999999978 0.057498000000000007 0.0021849999999999999 0.0021739999999999997 0.0020509999999999999 0.00060700000000000001 0.00058500000000000002 0.00056299999999999992 1.0202799680027619 1.0202799680027619 1.0202799680027619 0.00036971367302178926 0.00036971367302178926 0.00036971367302178926 1 1 1 Converged Converged Converged OK OK OK 51 51 51 51 51 51 5 5 5 0 0 0 0 1 0 0 1
104 104 uniform 2 15 1047 2 0.001 0.25100956415678272 0.0045216628170951347 0.040833499506696902 3.7445655741085271 -0.52995058250154925 3.7470510914698041 0 -3.7459212197557386 1.0180649852263546 OK 13 12 0.37277700000000003 0.225935 0.074691999999999995 0.29655900000000002 0.142738 0 0.076218000000000008 0.083196999999999993 0.074691999999999995 0.0082819999999999994 0.0084700000000000001 0.0078980000000000005 0.054626999999999988 0.061670000000000023 0.054099000000000008 0.0020249999999999999 0.0020309999999999998 0.0019940000000000001 0.00059299999999999999 0.00059400000000000002 0.00056100000000000008 1.0180649812797984 1.0180649812797984 1.0180649812797984 0.00037375616969718099 0.00037375616969718099 0.00037375616969718099 1 1 1 Converged Converged Converged OK OK OK 51 51 51 51 51 51 5 5 5 0 0 0 0 1 0 0 1
104 104 uniform 2 23 1047 3 0.001 0.25100956415678272 0.0045216628170951347 0.040833499506696902 3.7445655741085271 -0.52995058250154925 3.7527322740098663 0 -3.7516024022958008 1.0165122501751711 OK 13 12 0.39440700000000001 0.24591199999999999 0.077865000000000004 0.31464799999999998 0.159527 0 0.079759000000000024 0.08638499999999999 0.077865000000000004 0.0084460000000000004 0.0083619999999999996 0.007816 0.057765999999999984 0.065050000000000024 0.057324000000000014 0.0021459999999999999 0.002147 0.002032 0.00058399999999999999 0.000562 0.00056899999999999995 1.0165123119571213 1.0165123119571213 1.0165123119571213 0.0003990091193799008 0.0003990091193799008 0.0003990091193799008 1 1 1 Converged Converged Converged OK OK OK 51 51 51 51 51 51 5 5 5 0 0 0 0 1 0 0 1
104 104 uniform 2 0 1047 0 0.0001 0.25100956415678272 0.0045216628170951347 0.040833499506696902 3.7445655741085271 -0.52995058250154925 3.7363988742071879 0 -3.7352690024931223 1.0238502198795232 OK 12 11 0.41721900000000001 0.41974 0.10481500000000001 0.31174099999999999 0.31361899999999998 0 0.10547800000000002 0.10612100000000002 0.10481500000000001 0.0071469999999999997 0.0071370000000000001 0.0069800000000000001 0.076477999999999977 0.076874999999999999 0.076218000000000008 0.0029250000000000005 0.0029519999999999998 0.002875 0.00075500000000000003 0.00074299999999999995 0.00076099999999999996 1.0238502768422055 1.0238502768422055 1.0238502768422055 6.0168776630384328e-05 6.0168776630384328e-05 6.0168776630384328e-05 1 1 1 Converged Converged Converged OK OK OK 74 74 74 74 74 74 6 6 6 0 0 0 0 0 1 0 0
104 104 uniform 2 7 1047 1 0.0001 0.25100956415678272 0.0045216628170951347 0.040833499506696902 3.7445655741085271 -0.52995058250154925 3.7413699089297423 0 -3.7402400372156768 1.0202800483601306 OK 13 12 0.40533799999999998 0.27500799999999997 0.095831 0.30800699999999998 0.15434200000000001 0 0.097331000000000001 0.12066599999999997 0.095831 0.008378 0.0086210000000000002 0.0079030000000000003 0.070774999999999977 0.093696000000000029 0.070268000000000011 0.0029830000000000004 0.0030010000000000002 0.0028679999999999999 0.000736 0.00076899999999999994 0.00075100000000000015 1.0202799680101173 1.0202799680101173 1.0202799680101173 1.6156632646456519e-05 1.6156632646456519e-05 1.6156632646456519e-05 1 1 1 Converged Converged Converged OK OK OK 67 67 67 67 67 67 5 5 5 0 0 0 0 1 0 0 1
104 104 uniform 2 15 1047 2 0.0001 0.25100956415678272 0.0045216628170951347 0.040833499506696902 3.7445655741085271 -0.52995058250154925 3.7470510914698041 0 -3.7459212197557386 1.0180649852263546 OK 13 12 0.38857999999999998 0.25163799999999997 0.090785000000000005 0.29659000000000002 0.141567 0 0.091989999999999961 0.11007099999999997 0.090785000000000005 0.0083759999999999998 0.0084980000000000003 0.0078169999999999993 0.065678000000000014 0.082820999999999992 0.065380000000000021 0.0028530000000000001 0.0029450000000000001 0.0027929999999999999 0.00071699999999999997 0.00081800000000000004 0.00074899999999999999 1.0180649812871594 1.0180649812871594 1.0180649812871594 2.0205928671637881e-05 2.0205928671637881e-05 2.0205928671637881e-05 1 1 1 Converged Converged Converged OK OK OK 67 67 67 67 67 67 5 5 5 0 0 0 0 1 0 0 1
104 104 uniform 2 23 1047 3 0.0001 0.25100956415678272 0.0045216628170951347 0.040833499506696902 3.7445655741085271 -0.52995058250154925 3.7527322740098663 0 -3.7516024022958008 1.0165122501751711 OK 13 12 0.41271999999999998 0.27075100000000002 0.094931000000000001 0.31618099999999999 0.15756400000000001 0 0.096538999999999986 0.11318700000000001 0.094931000000000001 0.0083730000000000002 0.0084849999999999995 0.007783 0.070202000000000028 0.086914999999999992 0.069748999999999992 0.0028770000000000002 0.002875 0.0028000000000000004 0.00068300000000000012 0.000687 0.00065600000000000001 1.0165123119644857 1.0165123119644857 1.0165123119644857 4.5465635264778897e-05 4.5465635264778897e-05 4.5465635264778897e-05 1 1 1 Converged Converged Converged OK OK OK 67 67 67 67 67 67 5 5 5 0 0 0 0 1 0 0 1
104 104 uniform 3 0 1048 0 0.001 0.25100956415678272 0.0045216628170951347 0.040833499506696902 0.049432409909409919 -0.035590012794359159 0.041265710008070541 0 -0.04013583829400514 20.076252541429881 OK 13 12 0.56607600000000002 0.56584400000000001 0.249694 0.31484499999999999 0.30893399999999999 0 0.25123100000000004 0.25691000000000003 0.249694 0.0099850000000000008 0.0099659999999999992 0.0093600000000000003 0.18802300000000005 0.18779199999999999 0.18745599999999996 0.0099069999999999991 0.0095040000000000003 0.0099869999999999994 0.0015259999999999998 0.0014709999999999999 0.0016080000000000001 20.07621975642601 20.07621975642601 20.07621975642601 0.009504046752534601 0.009504046752534601 0.009504046752534601 1 1 1 Converged Converged Converged OK OK OK 177 177 177 177 177 177 7 7 7 0 0 0 0 0 1 0 0
104 104 uniform 3 7 1048 1 0.001 0.25100956415678272 0.0045216628170951347 0.040833499506696902 0.049432409909409919 -0.035590012794359159 0.046236744730624946 0 -0.045106873016559544 18.488961659612453 OK 13 12 0.52346400000000004 0.424321 0.20172399999999999 0.31828899999999999 0.18162500000000001 0 0.20517500000000005 0.242696 0.20172399999999999 0.0086990000000000001 0.0088489999999999992 0.0081419999999999999 0.16460499999999992 0.20130499999999996 0.16353199999999987 0.0074289999999999998 0.0081379999999999994 0.0070889999999999998 0.001297 0.0015420000000000002 0.0012619999999999999 18.48915984644605 18.48915984644605 18.48915984644605 0.014572088182490192 0.014572088182490192 0.014572088182490192 1 1 1 Converged Converged Converged OK OK OK 145 145 145 145 145 145 7 7 7 0 0 0 0 1 0 0 1
104 104 uniform 3 15 1048 2 0.001 0.25100956415678272 0.0045216628170951347 0.040833499506696902 0.049432409909409919 -0.035590012794359159 0.051917927270687121 0 -0.05078805555662172 16.925774818100656 OK 13 12 0.49294500000000002 0.366064 0.17095299999999999 0.31584800000000002 0.17829 0 0.177097 0.187774 0.17095299999999999 0.0085559999999999994 0.0087170000000000008 0.0079979999999999999 0.14185600000000004 0.15548099999999995 0.14069200000000004 0.004778000000000001 0.0048760000000000001 0.0042829999999999995 0.00114 0.0012489999999999999 0.001152 16.925823787780608 16.925823787780608 16.925823787780608 0.012672762199502571 0.012672762199502571 0.012672762199502571 1 1 1 Converged Converged Converged OK OK OK 113 113 113 113 113 113 7 7 7 0 0 0 0 1 0 0 1
104 104 uniform 3 23 1048 3 0.001 0.25100956415678272 0.0045216628170951347 0.040833499506696902 0.049432409909409919 -0.035590012794359159 0.057599109810749297 0 -0.056469238096683895 15.58318681738994 OK 13 12 0.47855900000000001 0.36101100000000003 0.16978399999999999 0.30629400000000001 0.17028099999999999 0 0.172265 0.19073000000000004 0.16978399999999999 0.0086210000000000002 0.0084910000000000003 0.0079970000000000006 0.14039000000000001 0.15905000000000002 0.13966399999999998 0.0045700000000000011 0.0046499999999999996 0.0043300000000000005 0.0011310000000000001 0.0012150000000000002 0.0011440000000000001 15.583217124182388 15.583217124182388 15.583217124182388 0.007737146806747505 0.007737146806747505 0.007737146806747505 1 1 1 Converged Converged Converged OK OK OK 113 113 113 113 113 113 7 7 7 0 0 0 0 1 0 0 1
104 104 uniform 3 0 1048 0 0.0001 0.25100956415678272 0.0045216628170951347 0.040833499506696902 0.049432409909409919 -0.035590012794359159 0.041265710008070541 0 -0.04013583829400514 20.076252541429881 OK 13 12 0.61855400000000005 0.62122100000000002 0.30644300000000002 0.31277100000000002 0.31168899999999999 0 0.30578300000000003 0.30953200000000003 0.30644300000000002 0.0099389999999999999 0.0099679999999999994 0.0095060000000000006 0.232264 0.23005699999999973 0.23329900000000001 0.010803999999999999 0.011692000000000001 0.010933 0.001774 0.0063209999999999994 0.0018779999999999999 20.076255289477203 20.076255289477203 20.076255289477203 0.0013823641296960272 0.0013823641296960272 0.0013823641296960272 1 1 1 Converged Converged Converged OK OK OK 209 209 209 209 209 209 7 7 7 0 0 0 0 0 1 0 0
104 104 uniform 3 7 1048 1 0.0001 0.25100956415678272 0.0045216628170951347 0.040833499506696902 0.049432409909409919 -0.035590012794359159 0.046236744730624946 0 -0.045106873016559544 18.488961659612453 OK 13 12 0.56741699999999995 0.481491 0.24630199999999999 0.31575399999999998 0.18590100000000001 0 0.25166299999999997 0.29559000000000002 0.24630199999999999 0.0084980000000000003 0.0087500000000000008 0.0081679999999999999 0.2024160000000001 0.24390800000000021 0.198405 0.0097349999999999989 0.011079 0.0097199999999999995 0.001578 0.0016479999999999999 0.0015560000000000001 18.48895827168872 18.48895827168872 18.48895827168872 0.0011268986026802194 0.0011268986026802194 0.0011268986026802194 1 1 1 Converged Converged Converged OK OK OK 193 193 193 193 193 193 7 7 7 0 0 0 0 1 0 0 1
104 104 uniform 3 15 1048 2 0.0001 0.25100956415678272 0.0045216628170951347 0.040833499506696902 0.049432409909409919 -0.035590012794359159 0.051917927270687121 0 -0.05078805555662172 16.925774818100656 OK 13 12 0.56759099999999996 0.46450399999999997 0.24626899999999999 0.31629699999999999 0.183698 0 0.25129399999999996 0.280806 0.24626899999999999 0.0086829999999999997 0.0087049999999999992 0.0080289999999999997 0.19988500000000001 0.23093900000000028 0.198716 0.011041000000000002 0.010440999999999999 0.0097169999999999999 0.0017049999999999999 0.0016509999999999997 0.001616 16.925775132891889 16.925775132891889 16.925775132891889 0.00034679714709365169 0.00034679714709365169 0.00034679714709365169 1 1 1 Converged Converged Converged OK OK OK 193 193 193 193 193 193 7 7 7 0 0 0 0 1 0 0 1
104 104 uniform 3 23 1048 3 0.0001 0.25100956415678272 0.0045216628170951347 0.040833499506696902 0.049432409909409919 -0.035590012794359159 0.057599109810749297 0 -0.056469238096683895 15.58318681738994 OK 13 12 0.56051499999999999 0.45738400000000001 0.24856300000000001 0.30867 0.16743 0 0.25184499999999999 0.28995400000000005 0.24856300000000001 0.0085590000000000006 0.008626 0.0079810000000000002 0.20197300000000004 0.2407669999999999 0.20072499999999999 0.010681000000000001 0.01005 0.0098960000000000003 0.001673 0.0015750000000000002 0.0015880000000000002 15.583186992372873 15.583186992372873 15.583186992372873 0.00021991183653854838 0.00021991183653854838 0.00021991183653854838 1 1 1 Converged Converged Converged OK OK OK 193 193 193 193 193 193 7 7 7 0 0 0 0 1 0 0 1
104 104 uniform 4 0 1049 0 0.001 0.25100956415678272 0.0045216628170951347 0.040833499506696902 0.050800010350881053 0.048756837925174559 0.042633310449541675 0 -0.041503438735476274 16.409672478116548 OK 11 10 0.439274 0.43675799999999998 0.13055900000000001 0.306141 0.30190800000000001 0 0.133133 0.13484999999999997 0.13055900000000001 0.0092739999999999993 0.0091909999999999995 0.0087880000000000007 0.092309000000000016 0.095284000000000008 0.091167999999999944 0.0065100000000000002 0.0062769999999999996 0.0063169999999999997 0.0010560000000000001 0.00098700000000000003 0.0010280000000000001 16.409664415703585 16.409664415703585 16.409664415703585 0.007870258404306012 0.007870258404306012 0.007870258404306012 1 1 1 Converged Converged Converged OK OK OK 115 115 115 115 115 115 5 5 5 0 0 0 0 0 1 0 0
104 104 uniform 4 7 1049 1 0.001 0.25100956415678272 0.0045216628170951347 0.040833499506696902 0.050800010350881053 0.048756837925174559 0.04760434517209608 0 -0.046474473458030678 15.496537631370979 OK 11 10 0.39277899999999999 0.28365699999999999 0.095586000000000004 0.29483799999999999 0.16059799999999999 0 0.097941 0.123059 0.095586000000000004 0.0083059999999999991 0.0083309999999999999 0.0077720000000000003 0.072176000000000004 0.096192999999999931 0.071258999999999989 0.0034490000000000002 0.0041120000000000002 0.003222 0.00077800000000000005 0.00078199999999999993 0.00076599999999999997 15.496522965829524 15.496522965829524 15.496522965829524 0.014833651298875126 0.014833651298875126 0.014833651298875126 1 1 1 Converged Converged Converged OK OK OK 83 83 83 83 83 83 5 5 5 0 0 0 0 1 0 0 1
104 104 uniform 4 15 1049 2 0.001 0.25100956415678272 0.0045216628170951347 0.040833499506696902 0.050800010350881053 0.048756837925174559 0.053285527712158255 0 -0.052155655998092854 14.526879698887335 OK 11 10 0.38998100000000002 0.26469199999999998 0.090326000000000004 0.296954 0.15836700000000001 0 0.093027000000000026 0.10632499999999998 0.090326000000000004 0.0082430000000000003 0.0083999999999999995 0.0077039999999999999 0.067356999999999986 0.079835999999999976 0.066186999999999996 0.0033899999999999998 0.0038869999999999998 0.0031440000000000001 0.00075900000000000002 0.00079699999999999997 0.00077400000000000006 14.526863934808679 14.526863934808679 14.526863934808679 0.013914127700843161 0.013914127700843161 0.013914127700843161 1 1 1 Converged Converged Converged OK OK OK 83 83 83 83 83 83 5 5 5 0 0 0 0 1 0 0 1
104 104 uniform 4 23 1049 3 0.001 0.25100956415678272 0.0045216628170951347 0.040833499506696902 0.050800010350881053 0.048756837925174559 0.058966710252220431 0 -0.057836838538155029 13.637918891953005 OK 11 10 0.39627899999999999 0.28147299999999997 0.099821999999999994 0.293651 0.159105 0 0.102628 0.12236799999999998 0.099821999999999994 0.0082179999999999996 0.0083590000000000001 0.007718 0.075429000000000024 0.09446800000000001 0.074390999999999985 0.00396 0.0040950000000000005 0.0034679999999999997 0.0009999999999999998 0.0010119999999999999 0.00091500000000000001 13.637916425457473 13.637916425457473 13.637916425457473 0.0047207652801278376 0.0047207652801278376 0.0047207652801278376 1 1 1 Converged Converged Converged OK OK OK 91 91 91 91 91 91 5 5 5 0 0 0 0 1 0 0 1
104 104 uniform 4 0 1049 0 0.0001 0.25100956415678272 0.0045216628170951347 0.040833499506696902 0.050800010350881053 0.048756837925174559 0.042633310449541675 0 -0.041503438735476274 16.409672478116548 OK 11 10 0.47517399999999999 0.46924500000000002 0.17114699999999999 0.30729400000000001 0.30104399999999998 0 0.16787999999999997 0.16820100000000004 0.17114699999999999 0.0089110000000000005 0.0092270000000000008 0.0089619999999999995 0.11673600000000002 0.11695900000000009 0.119716 0.0083870000000000004 0.0082799999999999992 0.0082129999999999998 0.0012460000000000001 0.0012589999999999999 0.001268 16.40967233647946 16.40967233647946 16.40967233647946 0.00036964464174399451 0.00036964464174399451 0.00036964464174399451 1 1 1 Converged Converged Converged OK OK OK 155 155 155 155 155 155 5 5 5 0 0 0 0 0 1 0 0
104 104 uniform 4 7 1049 1 0.0001 0.25100956415678272 0.0045216628170951347 0.040833499506696902 0.050800010350881053 0.048756837925174559 0.04760434517209608 0 -0.046474473458030678 15.496537631370979 OK 11 10 0.45766800000000002 0.36471399999999998 0.16145799999999999 0.29570999999999997 0.16098499999999999 0 0.16195800000000005 0.20372899999999999 0.16145799999999999 0.0081600000000000006 0.0082850000000000007 0.0078239999999999994 0.12069799999999994 0.16253799999999993 0.12059800000000007 0.0081100000000000009 0.008206999999999999 0.008598999999999999 0.001168 0.0011460000000000001 0.001183 15.496537416310417 15.496537416310417 15.496537416310417 0.00068257815435970588 0.00068257815435970588 0.00068257815435970588 1 1 1 Converged Converged Converged OK OK OK 155 155 155 155 155 155 5 5 5 0 0 0 0 1 0 0 1
104 104 uniform 4 15 1049 2 0.0001 0.25100956415678272 0.0045216628170951347 0.040833499506696902 0.050800010350881053 0.048756837925174559 0.053285527712158255 0 -0.052155655998092854 14.526879698887335 OK 11 10 0.43124699999999999 0.308979 0.133932 0.29313899999999998 0.155726 0 0.13810800000000001 0.153253 0.133932 0.0083379999999999999 0.0082550000000000002 0.0077200000000000003 0.10234199999999999 0.117546 0.099248000000000045 0.0061780000000000012 0.0062269999999999999 0.0061840000000000003 0.0012330000000000002 0.0011760000000000002 0.0011569999999999998 14.526879642221981 14.526879642221981 14.526879642221981 0.0011404814745066643 0.0011404814745066643 0.0011404814745066643 1 1 1 Converged Converged Converged OK OK OK 131 131 131 131 131 131 5 5 5 0 0 0 0 1 0 0 1
104 104 uniform 4 23 1049 3 0.0001 0.25100956415678272 0.0045216628170951347 0.040833499506696902 0.050800010350881053 0.048756837925174559 0.058966710252220431 0 -0.057836838538155029 13.637918891953005 OK 11 10 0.43027100000000001 0.32103199999999998 0.13633799999999999 0.29239999999999999 0.155533 0 0.13787100000000002 0.16549899999999998 0.13633799999999999 0.0082529999999999999 0.0082730000000000008 0.007672 0.10253799999999996 0.12822299999999992 0.102326 0.0061679999999999999 0.0075579999999999996 0.0060790000000000011 0.0012690000000000002 0.001297 0.0012590000000000001 13.637919109256261 13.637919109256261 13.637919109256261 0.00066142737191875601 0.00066142737191875601 0.00066142737191875601 1 1 1 Converged Converged Converged OK OK OK 131 131 131 131 131 131 5 5 5 0 0 0 0 1 0 0 1
105 105 linear 0 0 1050 0 0.001 1.7124514965431603 0.87676522922964339 6.4384534323202097e-05 0.5662791491827307 -0.15709987435250597 0.56626627227586601 0.5 0.23373678912334661 138.90120052867357 OK 14 13 0.60957499999999998 0.60868100000000003 0.199043 0.404283 0.40868100000000002 0 0.20529199999999997 0.20000000000000001 0.199043 0.013384999999999999 0.013452 0.013283 0.17010299999999998 0.16504499999999994 0.16421100000000002 0.0029010000000000004 0.0028739999999999998 0.0029480000000000001 0.00080699999999999999 0.00078200000000000003 0.00080100000000000006 138.90217412294515 138.90217412294515 138.90217412294515 0.017785742674600244 0.017785742674600244 0.017785742674600244 1 1 1 Converged Converged Converged OK OK OK 67 67 67 67 67 67 5 5 5 0 0 0 0 0 1 0 0
105 105 linear 0 7 1050 1 0.001 1.7124514965431603 0.87676522922964339 6.4384534323202097e-05 0.5662791491827307 -0.15709987435250597 0.56627411039308806 0.5 0.23372895100612456 123.55271328290786 OK 14 13 0.56257000000000001 0.48370299999999999 0.195659 0.36529899999999998 0.24496000000000001 0 0.19727100000000003 0.23874299999999998 0.195659 0.012668 0.012888 0.012003 0.16675200000000001 0.20810099999999998 0.16658700000000007 0.0028839999999999998 0.0029559999999999999 0.0028869999999999998 0.00073999999999999988 0.00076199999999999998 0.00072899999999999994 123.55454082305155 123.55454082305155 123.55454082305155 0.015595074717463478 0.015595074717463478 0.015595074717463478 1 1 1 Converged Converged Converged OK OK OK 67 67 67 67 67 67 5 5 5 0 0 0 0 1 0 0 1
105 105 linear 0 15 1050 2 0.001 1.7124514965431603 0.87676522922964339 6.4384534323202097e-05 0.5662791491827307 -0.15709987435250597 0.56628306824134167 0.5 0.23371999315787095 104.10009195501321 OK 14 13 0.56745100000000004 0.47563899999999998 0.188 0.375004 0.246193 0 0.19244700000000003 0.22944599999999998 0.188 0.012662 0.012754 0.012002000000000001 0.16210299999999991 0.19922600000000001 0.15891199999999994 0.0028370000000000001 0.0028599999999999997 0.0028419999999999999 0.00074199999999999993 0.00077900000000000007 0.00076900000000000004 104.10111980125207 104.10111980125207 104.10111980125207 0.013585761555593953 0.013585761555593953 0.013585761555593953 1 1 1 Converged Converged Converged OK OK OK 67 67 67 67 67 67 5 5 5 0 0 0 0 1 0 0 1
105 105 linear 0 23 1050 3 0.001 1.7124514965431603 0.87676522922964339 6.4384534323202097e-05 0.5662791491827307 -0.15709987435250597 0.56629202608959539 0.5 0.23371103530961723 83.068221581780776 OK 14 13 0.56073899999999999 0.46951300000000001 0.194967 0.36129299999999998 0.23003000000000001 0 0.19944600000000001 0.239483 0.194967 0.012704 0.012784 0.012104999999999999 0.16902400000000004 0.20834899999999998 0.1658 0.0029149999999999996 0.0033649999999999999 0.0028410000000000002 0.00082200000000000003 0.00084500000000000005 0.00081300000000000003 83.068644518140502 83.068644518140502 83.068644518140502 0.012082910976084353 0.012082910976084353 0.012082910976084353 1 1 1 Converged Converged Converged OK OK OK 67 67 67 67 67 67 5 5 5 0 0 0 0 1 0 0 1
105 105 linear 0 0 1050 0 0.0001 1.7124514965431603 0.87676522922964339 6.4384534323202097e-05 0.5662791491827307 -0.15709987435250597 0.56626627227586601 0.5 0.23373678912334661 138.90120052867357 OK 14 13 0.64479299999999995 0.63808200000000004 0.23527799999999999 0.40875699999999998 0.40570000000000001 0 0.23603599999999997 0.23238200000000003 0.23527799999999999 0.013475000000000001 0.013413 0.013157 0.19718400000000008 0.193714 0.19704100000000002 0.0032940000000000001 0.0033899999999999998 0.003261 0.00098200000000000002 0.00096800000000000011 0.00093099999999999997 138.90220742566294 138.90220742566294 138.90220742566294 0.012154664756519334 0.012154664756519334 0.012154664756519334 1 1 1 Converged Converged Converged OK OK OK 75 75 75 75 75 75 5 5 5 0 0 0 0 0 1 0 0
105 105 linear 0 7 1050 1 0.0001 1.7124514965431603 0.87676522922964339 6.4384534323202097e-05 0.5662791491827307 -0.15709987435250597 0.56627411039308806 0.5 0.23372895100612456 123.55271328290786 OK 14 13 0.59791300000000003 0.51844500000000004 0.22414200000000001 0.36396499999999998 0.24763099999999999 0 0.23394800000000004 0.27081400000000005 0.22414200000000001 0.012709 0.012864 0.0121 0.20100100000000004 0.23756399999999994 0.19234399999999993 0.0033639999999999998 0.0035069999999999997 0.0032699999999999995 0.00092400000000000002 0.00092800000000000001 0.00089599999999999999 123.55457412520607 123.55457412520607 123.55457412520607 0.0099640920378989278 0.0099640920378989278 0.0099640920378989278 1 1 1 Converged Converged Converged OK OK OK 75 75 75 75 75 75 5 5 5 0 0 0 0 1 0 0 1
105 105 linear 0 15 1050 2 0.0001 1.7124514965431603 0.87676522922964339 6.4384534323202097e-05 0.5662791491827307 -0.15709987435250597 0.56628306824134167 0.5 0.23371999315787095 104.10009195501321 OK 14 13 0.59839399999999998 0.50598200000000004 0.22025900000000001 0.36991400000000002 0.24493100000000001 0 0.22847999999999996 0.26105100000000003 0.22025900000000001 0.012666 0.012805 0.012055 0.195497 0.22834199999999996 0.188692 0.0033590000000000004 0.0033049999999999998 0.003307 0.00087900000000000001 0.00087900000000000001 0.00090699999999999993 104.10115310276286 104.10115310276286 104.10115310276286 0.0079548877171366356 0.0079548877171366356 0.0079548877171366356 1 1 1 Converged Converged Converged OK OK OK 75 75 75 75 75 75 5 5 5 0 0 0 0 1 0 0 1
105 105 linear 0 23 1050 3 0.0001 1.7124514965431603 0.87676522922964339 6.4384534323202097e-05 0.5662791491827307 -0.15709987435250597 0.56629202608959539 0.5 0.23371103530961723 83.068221581780776 OK 14 13 0.596634 0.499969 0.226434 0.36474699999999999 0.229486 0 0.23188700000000001 0.27048300000000003 0.226434 0.012652999999999999 0.012794 0.012030000000000001 0.19902399999999998 0.23738800000000007 0.19475400000000009 0.0034150000000000001 0.0033979999999999995 0.0033549999999999999 0.00097000000000000005 0.00093700000000000001 0.00094399999999999985 83.068677819007789 83.068677819007789 83.068677819007789 0.0064521459766027113 0.0064521459766027113 0.0064521459766027113 1 1 1 Converged Converged Converged OK OK OK 75 75 75 75 75 75 5 5 5 0 0 0 0 1 0 0 1
105 105 linear 1 0 1051 0 0.001 1.7124514965431603 0.87676522922964339 6.4384534323202097e-05 -0.64792519858078623 -0.24073585578061599 -0.64793807548765092 0.5 1.4479411368868635 46.101511537881919 OK 14 13 25.307731 25.245204999999999 0.27192699999999997 24.962036000000001 24.931348 0 0.3456949999999992 0.31385699999999872 0.27192699999999997 0.016202000000000001 0.014359 0.014884 0.28415200000000007 0.26216899999999999 0.22669299999999989 0.0075859999999999999 0.0070929999999999995 0.0056890000000000005 0.0027660000000000002 0.0022760000000000002 0.0012650000000000001 46.102272643698477 46.102272643698477 46.102272643698477 0.029138358622398268 0.029138358622398268 0.029138358622398268 1 1 1 Converged Converged Converged OK OK OK 83 83 83 83 83 83 5 5 5 0 0 0 0 0 1 0 0
105 105 linear 1 7 1051 1 0.001 1.7124514965431603 0.87676522922964339 6.4384534323202097e-05 -0.64792519858078623 -0.24073585578061599 -0.64793023737042887 0.5 1.4479332987696414 69.251180525023443 OK 14 13 0.86440799999999995 19.737583000000001 0.254359 0.58957400000000004 19.305087 0 0.27483399999999991 0.43249600000000044 0.254359 0.014663000000000001 0.014350999999999999 0.012206 0.23448500000000005 0.38780300000000018 0.22003600000000004 0.0057200000000000003 0.0069940000000000011 0.0045030000000000001 0.0012820000000000002 0.001928 0.0011299999999999999 69.251422630036004 69.251422630020585 69.251422630036004 0.030417544915439767 0.030417544971477962 0.030417544915439767 1 1 1 Converged Converged Converged OK OK OK 83 83 83 83 83 83 5 5 5 0 0 0 0 1 0 0 1
105 105 linear 1 15 1051 2 0.001 1.7124514965431603 0.87676522922964339 6.4384534323202097e-05 -0.64792519858078623 -0.24073585578061599 -0.64792127952217526 0.5 1.447924340921388 95.974272546044617 OK 14 13 0.72995399999999999 28.301514000000001 0.23145199999999999 0.49386000000000002 27.874179000000002 0 0.23609399999999997 0.42733499999999935 0.23145199999999999 0.012924 0.014267999999999999 0.012066 0.19979400000000003 0.38398300000000007 0.19720100000000007 0.0050309999999999999 0.007085000000000001 0.0048780000000000004 0.001103 0.0013489999999999999 0.001016 95.97562748331589 95.97562748331022 95.97562748331589 0.034790001041124466 0.034790001118312833 0.034790001041124466 1 1 1 Converged Converged Converged OK OK OK 83 83 83 83 83 83 5 5 5 0 0 0 0 1 0 0 1
105 105 linear 1 23 1051 3 0.001 1.7124514965431603 0.87676522922964339 6.4384534323202097e-05 -0.64792519858078623 -0.24073585578061599 -0.64791232167392154 0.5 1.4479153830731342 122.09466557532545 OK 14 13 31.376308000000002 31.292206 0.18660099999999999 31.122295000000001 30.962973999999999 0 0.25401300000000049 0.32923200000000108 0.18660099999999999 0.014800000000000001 0.013583 0.011941999999999999 0.20986899999999997 0.29254100000000011 0.15716699999999997 0.0052420000000000001 0.0052220000000000001 0.0031100000000000004 0.0016840000000000002 0.0011490000000000001 0.00080199999999999998 122.09653308299286 122.09653308299286 122.09653308299286 0.085182749432975921 0.085182749432975921 0.085182749432975921 1 1 1 Converged Converged Converged OK OK OK 67 67 67 67 67 67 5 5 5 0 0 0 0 1 0 0 1
105 105 linear 1 0 1051 0 0.0001 1.7124514965431603 0.87676522922964339 6.4384534323202097e-05 -0.64792519858078623 -0.24073585578061599 -0.64793807548765092 0.5 1.4479411368868635 46.101511537881919 OK 14 13 25.311426999999998 25.365929999999999 0.3105 24.899356999999998 24.956492999999998 0 0.41206999999999994 0.40943700000000049 0.3105 0.015848000000000001 0.01473 0.013859 0.34142700000000009 0.33875900000000009 0.25687199999999993 0.011452 0.012456 0.0069010000000000009 0.0035180000000000003 0.0036490000000000008 0.001433 46.10231121388157 46.10231121388157 46.10231121388157 0.0024802164780217211 0.0024802164780217211 0.0024802164780217211 1 1 1 Converged Converged Converged OK OK OK 107 107 107 107 107 107 5 5 5 0 0 0 0 0 1 0 0
105 105 linear 1 7 1051 1 0.0001 1.7124514965431603 0.87676522922964339 6.4384534323202097e-05 -0.64792519858078623 -0.24073585578061599 -0.64793023737042887 0.5 1.4479332987696414 69.251180525023443 OK 14 13 0.90164 19.843948999999999 0.30042799999999997 0.59410600000000002 19.268076000000001 0 0.30753399999999997 0.57587299999999786 0.30042799999999997 0.013172 0.013627 0.012302 0.26154300000000008 0.52110499999999982 0.25835199999999997 0.007528 0.009111000000000001 0.0059520000000000007 0.0015590000000000001 0.001743 0.0014429999999999998 69.251461200882858 69.251461200867425 69.251461200882858 0.0036940722159486206 0.0036940722719868173 0.0036940722159486206 1 1 1 Converged Converged Converged OK OK OK 107 107 107 107 107 107 5 5 5 0 0 0 0 1 0 0 1
105 105 linear 1 15 1051 2 0.0001 1.7124514965431603 0.87676522922964339 6.4384534323202097e-05 -0.64792519858078623 -0.24073585578061599 -0.64792127952217526 0.5 1.447924340921388 95.974272546044617 OK 14 13 0.78733299999999995 28.411569 0.28824499999999997 0.493033 27.811641000000002 0 0.29429999999999995 0.59992799999999846 0.28824499999999997 0.012997 0.013604 0.012088 0.24943200000000007 0.54199399999999998 0.24635799999999997 0.0070110000000000007 0.010143000000000001 0.0061519999999999995 0.0012999999999999999 0.0026240000000000005 0.0012600000000000001 95.975666054922328 95.975666054916658 95.975666054922328 0.0079911943770856735 0.0079911944542740369 0.0079911943770856735 1 1 1 Converged Converged Converged OK OK OK 107 107 107 107 107 107 5 5 5 0 0 0 0 1 0 0 1
105 105 linear 1 23 1051 3 0.0001 1.7124514965431603 0.87676522922964339 6.4384534323202097e-05 -0.64792519858078623 -0.24073585578061599 -0.64791232167392154 0.5 1.4479153830731342 122.09466557532545 OK 14 13 31.514814999999999 31.484057 0.34777000000000002 31.092946999999999 30.903148000000002 0 0.42186799999999991 0.58090899999999834 0.34777000000000002 0.014852000000000001 0.014305 0.011937 0.36069000000000007 0.52193699999999998 0.30020100000000011 0.010695000000000001 0.010259000000000001 0.0065290000000000001 0.0028880000000000004 0.001676 0.0013910000000000001 122.09500175851959 122.09500175851959 122.09500175851959 0.0057010386006860056 0.0057010386006860056 0.0057010386006860056 1 1 1 Converged Converged Converged OK OK OK 123 123 123 123 123 123 5 5 5 0 0 0 0 1 0 0 1
105 105 linear 2 0 1052 0 0.001 1.7124514965431603 0.87676522922964339 6.4384534323202097e-05 0.45275430982161763 0.14807962579983536 0.45274143291475299 0.5 0.34726162848445963 6.4221266647666537 OK 14 13 0.56217300000000003 0.560222 0.22486900000000001 0.33135900000000001 0.33127299999999998 0 0.23081400000000002 0.22894900000000001 0.22486900000000001 0.011982 0.011892 0.011443999999999999 0.19322699999999998 0.19151300000000004 0.18804199999999999 0.0034460000000000007 0.00348 0.0034909999999999997 0.00090499999999999999 0.00095999999999999992 0.00093799999999999992 6.4219812325715671 6.4219812325715671 6.4219812325715671 0.0045186222843028399 0.0045186222843028399 0.0045186222843028399 1 1 1 Converged Converged Converged OK OK OK 75 75 75 75 75 75 5 5 5 0 0 0 0 0 1 0 0
105 105 linear 2 7 1052 1 0.001 1.7124514965431603 0.87676522922964339 6.4384534323202097e-05 0.45275430982161763 0.14807962579983536 0.45274927103197493 0.5 0.34725379036723769 10.201241458339364 OK 14 13 0.53610100000000005 0.42089900000000002 0.201876 0.328123 0.18856700000000001 0 0.20797800000000005 0.23233200000000001 0.201876 0.01123 0.011155999999999999 0.010496999999999999 0.17646500000000007 0.20109100000000005 0.17176099999999997 0.0034530000000000003 0.0033839999999999999 0.0032589999999999997 0.00089599999999999988 0.00087599999999999993 0.00084900000000000004 10.201228507460696 10.201228507460696 10.201228507460696 0.0045495752775848476 0.0045495752775848476 0.0045495752775848476 1 1 1 Converged Converged Converged OK OK OK 75 75 75 75 75 75 5 5 5 0 0 0 0 1 0 0 1
105 105 linear 2 15 1052 2 0.001 1.7124514965431603 0.87676522922964339 6.4384534323202097e-05 0.45275430982161763 0.14807962579983536 0.4527582288802286 0.5 0.34724483251898403 14.749926359783663 OK 14 13 0.51649599999999996 0.41624899999999998 0.17058000000000001 0.33973100000000001 0.201988 0 0.17676499999999995 0.21426099999999998 0.17058000000000001 0.010859000000000001 0.010807000000000001 0.010204 0.14797899999999997 0.18518400000000004 0.14310299999999998 0.0029059999999999997 0.0031519999999999999 0.0027800000000000004 0.00079299999999999998 0.00082299999999999995 0.00075699999999999986 14.750056950998673 14.750056950998673 14.750056950998673 0.011855724813986732 0.011855724813986732 0.011855724813986732 1 1 1 Converged Converged Converged OK OK OK 67 67 67 67 67 67 5 5 5 0 0 0 0 1 0 0 1
105 105 linear 2 23 1052 3 0.001 1.7124514965431603 0.87676522922964339 6.4384534323202097e-05 0.45275430982161763 0.14807962579983536 0.45276718672848226 0.5 0.34723587467073036 19.445894272265928 OK 14 13 0.512459 0.42352099999999998 0.17572499999999999 0.32876899999999998 0.20045199999999999 0 0.18369000000000002 0.22306899999999999 0.17572499999999999 0.010988 0.011204 0.010540000000000001 0.15487499999999998 0.19395699999999999 0.148065 0.0028260000000000004 0.0030239999999999998 0.0028660000000000005 0.00077299999999999992 0.00078799999999999996 0.00077299999999999992 19.445976588201642 19.445976588201642 19.445976588201642 0.01193341659536065 0.01193341659536065 0.01193341659536065 1 1 1 Converged Converged Converged OK OK OK 67 67 67 67 67 67 5 5 5 0 0 0 0 1 0 0 1
105 105 linear 2 0 1052 0 0.0001 1.7124514965431603 0.87676522922964339 6.4384534323202097e-05 0.45275430982161763 0.14807962579983536 0.45274143291475299 0.5 0.34726162848445963 6.4221266647666537 OK 14 13 0.63589200000000001 0.62864500000000001 0.29598200000000002 0.33268999999999999 0.33187499999999998 0 0.30320200000000003 0.29677000000000003 0.29598200000000002 0.011873999999999999 0.011882999999999999 0.011490999999999999 0.25344300000000008 0.24716400000000008 0.247167 0.0052289999999999993 0.005117 0.0050579999999999991 0.0012160000000000001 0.0012080000000000001 0.0012130000000000001 6.4219812349746279 6.4219812349746279 6.4219812349746279 0.00011206779218648238 0.00011206779218648238 0.00011206779218648238 1 1 1 Converged Converged Converged OK OK OK 107 107 107 107 107 107 5 5 5 0 0 0 0 0 1 0 0
105 105 linear 2 7 1052 1 0.0001 1.7124514965431603 0.87676522922964339 6.4384534323202097e-05 0.45275430982161763 0.14807962579983536 0.45274927103197493 0.5 0.34725379036723769 10.201241458339364 OK 14 13 0.60898600000000003 0.52308299999999996 0.27673999999999999 0.32678499999999999 0.19422200000000001 0 0.28220100000000004 0.32886099999999996 0.27673999999999999 0.011037 0.011261 0.010574 0.2410200000000001 0.28725200000000006 0.23463400000000001 0.005176 0.0053369999999999997 0.0051679999999999999 0.001145 0.001163 0.0011239999999999998 10.201228509869956 10.201228509869956 10.201228509869956 0.00014289058774873841 0.00014289058774873841 0.00014289058774873841 1 1 1 Converged Converged Converged OK OK OK 107 107 107 107 107 107 5 5 5 0 0 0 0 1 0 0 1
105 105 linear 2 15 1052 2 0.0001 1.7124514965431603 0.87676522922964339 6.4384534323202097e-05 0.45275430982161763 0.14807962579983536 0.4527582288802286 0.5 0.34724483251898403 14.749926359783663 OK 14 13 0.627247 0.54603299999999999 0.27696599999999999 0.34536 0.202371 0 0.281887 0.34366200000000002 0.27696599999999999 0.010744999999999999 0.010828000000000001 0.010326 0.24082899999999996 0.30225200000000013 0.23718099999999998 0.0051229999999999999 0.0053210000000000002 0.0050209999999999994 0.0012650000000000001 0.001263 0.001227 14.750099842726538 14.750099842726538 14.750099842726538 0.00019683712392409673 0.00019683712392409673 0.00019683712392409673 1 1 1 Converged Converged Converged OK OK OK 107 107 107 107 107 107 5 5 5 0 0 0 0 1 0 0 1
105 105 linear 2 23 1052 3 0.0001 1.7124514965431603 0.87676522922964339 6.4384534323202097e-05 0.45275430982161763 0.14807962579983536 0.45276718672848226 0.5 0.34723587467073036 19.445894272265928 OK 14 13 0.61481300000000005 0.55392300000000005 0.27441900000000002 0.32934999999999998 0.203816 0 0.28546300000000008 0.35010700000000006 0.27441900000000002 0.011115 0.011217 0.010511 0.24423599999999987 0.30852399999999996 0.23418800000000009 0.0050739999999999995 0.0053680000000000004 0.0051070000000000004 0.0011969999999999999 0.0012560000000000002 0.0012079999999999999 19.446019479060169 19.446019479060169 19.446019479060169 0.00027452695324081222 0.00027452695324081222 0.00027452695324081222 1 1 1 Converged Converged Converged OK OK OK 107 107 107 107 107 107 5 5 5 0 0 0 0 1 0 0 1
105 105 linear 3 0 1053 0 0.001 1.7124514965431603 0.87676522922964339 6.4384534323202097e-05 -0.64692757339411622 -0.2412073981633765 -0.64694045030098091 0.5 1.4469435117001934 135.34873413978218 OK 15 14 0.67931600000000003 0.67662800000000001 0.21662200000000001 0.46091700000000002 0.458708 0 0.21839900000000001 0.21792 0.21662200000000001 0.016098000000000001 0.016132000000000001 0.016039000000000001 0.17113400000000006 0.17086700000000002 0.16928799999999997 0.0044250000000000001 0.004372 0.0046870000000000002 0.00091 0.00087999999999999992 0.00089800000000000004 135.34861280991217 135.34861280991217 135.34861280991217 0.12171843430478711 0.12171843430478711 0.12171843430478711 1 1 1 Converged Converged Converged OK OK OK 83 83 83 83 83 83 5 5 5 0 0 0 0 0 1 0 0
105 105 linear 3 7 1053 1 0.001 1.7124514965431603 0.87676522922964339 6.4384534323202097e-05 -0.64692757339411622 -0.2412073981633765 -0.64693261218375886 0.5 1.4469356735829715 139.35587629750319 OK 15 14 0.67782399999999998 0.71178699999999995 0.221444 0.45205899999999999 0.32357599999999997 0 0.22576499999999999 0.38821099999999997 0.221444 0.015952000000000001 0.015977999999999999 0.015138 0.18342799999999998 0.34296399999999999 0.18084800000000004 0.0045719999999999997 0.0045729999999999998 0.0043709999999999999 0.0008699999999999999 0.00089100000000000008 0.00084899999999999993 139.3557477410136 139.3557477410136 139.3557477410136 0.12478065384541698 0.12478065384541698 0.12478065384541698 1 1 1 Converged Converged Converged OK OK OK 83 83 83 83 83 83 5 5 5 0 0 0 0 1 0 0 1
105 105 linear 3 15 1053 2 0.001 1.7124514965431603 0.87676522922964339 6.4384534323202097e-05 -0.64692757339411622 -0.2412073981633765 -0.64692365433550525 0.5 1.4469267157347179 144.66258797024875 OK 15 14 0.70045800000000003 0.70938699999999999 0.23264599999999999 0.467111 0.34396599999999999 0 0.23334700000000003 0.365421 0.23264599999999999 0.015809 0.015965 0.01504 0.19141500000000003 0.32351700000000005 0.19222300000000003 0.0045950000000000001 0.0045210000000000007 0.0043990000000000001 0.00088600000000000007 0.00086799999999999996 0.00085000000000000006 144.66245999261022 144.66245999261022 144.66245999261022 0.12867939387992855 0.12867939387992855 0.12867939387992855 1 1 1 Converged Converged Converged OK OK OK 83 83 83 83 83 83 5 5 5 0 0 0 0 1 0 0 1
105 105 linear 3 23 1053 3 0.001 1.7124514965431603 0.87676522922964339 6.4384534323202097e-05 -0.64692757339411622 -0.2412073981633765 -0.64691469648725153 0.5 1.4469177578864643 151.01994298567112 OK 15 14 0.66714499999999999 0.73818700000000004 0.21832199999999999 0.44495800000000002 0.34153800000000001 0 0.22218699999999997 0.39664900000000003 0.21832199999999999 0.015514999999999999 0.015872000000000001 0.014867999999999999 0.18091300000000005 0.353628 0.17831699999999998 0.0042559999999999994 0.0051420000000000007 0.00428 0.00086200000000000003 0.00088699999999999998 0.00083999999999999993 151.01981083174792 151.01981083174792 151.01981083174792 0.13668473192852754 0.13668473192852754 0.13668473192852754 1 1 1 Converged Converged Converged OK OK OK 83 83 83 83 83 83 5 5 5 0 0 0 0 1 0 0 1
105 105 linear 3 0 1053 0 0.0001 1.7124514965431603 0.87676522922964339 6.4384534323202097e-05 -0.64692757339411622 -0.2412073981633765 -0.64694045030098091 0.5 1.4469435117001934 135.34873413978218 OK 15 14 0.74938199999999999 0.74214199999999997 0.28875899999999999 0.45854200000000001 0.45390399999999997 0 0.29083999999999999 0.28823799999999999 0.28875899999999999 0.016417000000000001 0.016244999999999999 0.016001000000000001 0.2303170000000001 0.22797999999999996 0.22852399999999998 0.0062879999999999993 0.0063160000000000004 0.0064409999999999997 0.0011819999999999999 0.001193 0.0012309999999999999 135.34861274948477 135.34861274948477 135.34861274948477 0.008874929067787491 0.008874929067787491 0.008874929067787491 1 1 1 Converged Converged Converged OK OK OK 115 115 115 115 115 115 5 5 5 0 0 0 0 0 1 0 0
105 105 linear 3 7 1053 1 0.0001 1.7124514965431603 0.87676522922964339 6.4384534323202097e-05 -0.64692757339411622 -0.2412073981633765 -0.64693261218375886 0.5 1.4469356735829715 139.35587629750319 OK 15 14 0.75257700000000005 0.85245300000000002 0.30298199999999997 0.45344400000000001 0.32028400000000001 0 0.29913300000000004 0.532169 0.30298199999999997 0.016028000000000001 0.015952999999999998 0.01668 0.24726399999999993 0.4797559999999999 0.25023100000000004 0.0061070000000000004 0.0063490000000000005 0.0063399999999999993 0.0011310000000000001 0.001127 0.0011249999999999999 139.3557476456225 139.3557476456225 139.3557476456225 0.0088762676930976593 0.0088762676930976593 0.0088762676930976593 1 1 1 Converged Converged Converged OK OK OK 115 115 115 115 115 115 5 5 5 0 0 0 0 1 0 0 1
105 105 linear 3 15 1053 2 0.0001 1.7124514965431603 0.87676522922964339 6.4384534323202097e-05 -0.64692757339411622 -0.2412073981633765 -0.64692365433550525 0.5 1.4469267157347179 144.66258797024875 OK 15 14 0.76546099999999995 0.86707999999999996 0.29428799999999999 0.47116200000000003 0.34550799999999998 0 0.29429899999999992 0.52157199999999992 0.29428799999999999 0.015677 0.015952999999999998 0.015070999999999999 0.24299000000000007 0.46865000000000018 0.24371899999999996 0.0062180000000000004 0.0068560000000000001 0.0062979999999999998 0.001114 0.001163 0.001103 144.66245983778146 144.66245983778146 144.66245983778146 0.0088784429628645644 0.0088784429628645644 0.0088784429628645644 1 1 1 Converged Converged Converged OK OK OK 115 115 115 115 115 115 5 5 5 0 0 0 0 1 0 0 1
105 105 linear 3 23 1053 3 0.0001 1.7124514965431603 0.87676522922964339 6.4384534323202097e-05 -0.64692757339411622 -0.2412073981633765 -0.64691469648725153 0.5 1.4469177578864643 151.01994298567112 OK 15 14 0.74301399999999995 0.87514199999999998 0.29756199999999999 0.44475300000000001 0.33696599999999999 0 0.29826099999999994 0.53817599999999999 0.29756199999999999 0.015542 0.015768999999999998 0.014912 0.24672800000000003 0.48595500000000019 0.24737299999999993 0.0062160000000000002 0.0063970000000000008 0.0062069999999999998 0.0011510000000000001 0.0011410000000000001 0.0011070000000000001 151.01981058097681 151.01981058097681 151.01981058097681 0.008881807216451933 0.008881807216451933 0.008881807216451933 1 1 1 Converged Converged Converged OK OK OK 115 115 115 115 115 115 5 5 5 0 0 0 0 1 0 0 1
105 105 linear 4 0 1054 0 0.001 1.7124514965431603 0.87676522922964339 6.4384534323202097e-05 0.57851138670578861 0.23641041078614244 0.57849850979892392 0.5 0.2215045516002887 85.679339861075775 OK 13 12 0.44703799999999999 0.44300099999999998 0.140569 0.30321500000000001 0.30011399999999999 0 0.14382299999999998 0.14288699999999999 0.140569 0.0096849999999999992 0.0095989999999999999 0.0096679999999999995 0.115421 0.11238000000000002 0.11244299999999999 0.0027160000000000001 0.0027330000000000002 0.0026849999999999999 0.00057499999999999999 0.00054999999999999992 0.00054799999999999998 85.67925636024691 85.67925636024691 85.67925636024691 0.0078703706982266031 0.0078703706982266031 0.0078703706982266031 1 1 1 Converged Converged Converged OK OK OK 53 53 53 53 53 53 3 3 3 0 0 0 0 0 1 0 0
105 105 linear 4 7 1054 1 0.001 1.7124514965431603 0.87676522922964339 6.4384534323202097e-05 0.57851138670578861 0.23641041078614244 0.57850634791614597 0.5 0.22149671348306665 89.4543837396659 OK 13 12 0.44104500000000002 0.38816600000000001 0.140932 0.29589799999999999 0.198852 0 0.14514700000000003 0.18931400000000001 0.140932 0.0093860000000000002 0.0094970000000000002 0.0088500000000000002 0.11903599999999999 0.16351599999999999 0.116121 0.002601 0.0026050000000000001 0.002594 0.00057499999999999999 0.00058600000000000004 0.00054600000000000004 89.45429958127788 89.45429958127788 89.45429958127788 0.0078707546063018236 0.0078707546063018236 0.0078707546063018236 1 1 1 Converged Converged Converged OK OK OK 53 53 53 53 53 53 3 3 3 0 0 0 0 1 0 0 1
105 105 linear 4 15 1054 2 0.001 1.7124514965431603 0.87676522922964339 6.4384534323202097e-05 0.57851138670578861 0.23641041078614244 0.57851530576439958 0.5 0.22148775563481304 94.409368345161781 OK 13 12 0.44703900000000002 0.38223400000000002 0.14316999999999999 0.29996499999999998 0.19233700000000001 0 0.14707400000000004 0.18989700000000001 0.14316999999999999 0.0093939999999999996 0.0094660000000000005 0.0089009999999999992 0.12108800000000002 0.16380600000000003 0.11827000000000001 0.0026579999999999998 0.0027269999999999998 0.0026090000000000002 0.00055500000000000005 0.00058200000000000005 0.00054700000000000007 94.409282650395824 94.409282650395824 94.409282650395824 0.0078715210055444896 0.0078715210055444896 0.0078715210055444896 1 1 1 Converged Converged Converged OK OK OK 53 53 53 53 53 53 3 3 3 0 0 0 0 1 0 0 1
105 105 linear 4 23 1054 3 0.001 1.7124514965431603 0.87676522922964339 6.4384534323202097e-05 0.57851138670578861 0.23641041078614244 0.5785242636126533 0.5 0.22147879778655932 100.25939050837067 OK 13 12 0.429286 0.37759399999999999 0.13353400000000001 0.29122900000000002 0.19223000000000001 0 0.13805699999999999 0.18536399999999997 0.13353400000000001 0.0093519999999999992 0.0095010000000000008 0.0088170000000000002 0.11213500000000001 0.15901100000000004 0.10858 0.0027299999999999998 0.0028660000000000005 0.0026210000000000001 0.00058100000000000003 0.00057499999999999999 0.00053499999999999999 100.25930172973207 100.25930172973207 100.25930172973207 0.0078733814685952221 0.0078733814685952221 0.0078733814685952221 1 1 1 Converged Converged Converged OK OK OK 53 53 53 53 53 53 3 3 3 0 0 0 0 1 0 0 1
105 105 linear 4 0 1054 0 0.0001 1.7124514965431603 0.87676522922964339 6.4384534323202097e-05 0.57851138670578861 0.23641041078614244 0.57849850979892392 0.5 0.2215045516002887 85.679339861075775 OK 13 12 0.44892700000000002 0.44048300000000001 0.13993900000000001 0.30085000000000001 0.29980099999999998 0 0.14807700000000001 0.14068200000000003 0.13993900000000001 0.0098250000000000004 0.0097520000000000003 0.0093779999999999992 0.11932699999999999 0.11241899999999999 0.11216199999999997 0.0026779999999999998 0.002712 0.0026440000000000001 0.00055900000000000004 0.00055900000000000004 0.00054600000000000004 85.67925636024691 85.67925636024691 85.67925636024691 0.0078703706982266031 0.0078703706982266031 0.0078703706982266031 1 1 1 Converged Converged Converged OK OK OK 53 53 53 53 53 53 3 3 3 0 0 0 0 0 1 0 0
105 105 linear 4 7 1054 1 0.0001 1.7124514965431603 0.87676522922964339 6.4384534323202097e-05 0.57851138670578861 0.23641041078614244 0.57850634791614597 0.5 0.22149671348306665 89.4543837396659 OK 13 12 0.44065599999999999 0.38784299999999999 0.140676 0.29537000000000002 0.198241 0 0.14528599999999997 0.18960199999999999 0.140676 0.0094079999999999997 0.0094769999999999993 0.0088280000000000008 0.11931400000000002 0.16362499999999996 0.11579400000000002 0.0025720000000000001 0.0027469999999999999 0.002627 0.00056400000000000005 0.00055400000000000002 0.00054799999999999998 89.45429958127788 89.45429958127788 89.45429958127788 0.0078707546063018236 0.0078707546063018236 0.0078707546063018236 1 1 1 Converged Converged Converged OK OK OK 53 53 53 53 53 53 3 3 3 0 0 0 0 1 0 0 1
105 105 linear 4 15 1054 2 0.0001 1.7124514965431603 0.87676522922964339 6.4384534323202097e-05 0.57851138670578861 0.23641041078614244 0.57851530576439958 0.5 0.22148775563481304 94.409368345161781 OK 13 12 0.44516299999999998 0.38111499999999998 0.14285999999999999 0.29449999999999998 0.192467 0 0.15066299999999999 0.18864799999999998 0.14285999999999999 0.0093399999999999993 0.0093609999999999995 0.0088360000000000001 0.12097000000000002 0.16273100000000007 0.11785600000000003 0.0026029999999999998 0.002728 0.0026329999999999999 0.00056999999999999998 0.00057400000000000007 0.00053699999999999993 94.409282650395824 94.409282650395824 94.409282650395824 0.0078715210055444896 0.0078715210055444896 0.0078715210055444896 1 1 1 Converged Converged Converged OK OK OK 53 53 53 53 53 53 3 3 3 0 0 0 0 1 0 0 1
105 105 linear 4 23 1054 3 0.0001 1.7124514965431603 0.87676522922964339 6.4384534323202097e-05 0.57851138670578861 0.23641041078614244 0.5785242636126533 0.5 0.22147879778655932 100.25939050837067 OK 13 12 0.431697 0.37256099999999998 0.13353999999999999 0.29381400000000002 0.184782 0 0.13788299999999998 0.18777899999999997 0.13353999999999999 0.0093310000000000008 0.0094389999999999995 0.0088269999999999998 0.11188300000000002 0.16171099999999999 0.10862799999999995 0.002748 0.0027130000000000001 0.0026700000000000001 0.00055400000000000002 0.000553 0.00053100000000000011 100.25930172973207 100.25930172973207 100.25930172973207 0.0078733814685952221 0.0078733814685952221 0.0078733814685952221 1 1 1 Converged Converged Converged OK OK OK 53 53 53 53 53 53 3 3 3 0 0 0 0 1 0 0 1
105 105 uniform 0 0 1055 0 0.001 1.7124514965431603 0.87676522922964339 6.4384534323202097e-05 0.5662791491827307 -0.15709987435250597 0.56626627227586601 0 0.23373678912334661 135.52987570741192 OK 14 13 0.58471200000000001 0.58155800000000002 0.175009 0.40834500000000001 0.405219 0 0.176367 0.17633900000000002 0.175009 0.013766 0.013721000000000001 0.013328 0.14023600000000003 0.140649 0.14018800000000001 0.002957 0.0028159999999999999 0.0028650000000000004 0.00071599999999999995 0.000727 0.00072600000000000008 135.52987499099982 135.52987499099982 135.52987499099982 0.010154015630296174 0.010154015630296174 0.010154015630296174 1 1 1 Converged Converged Converged OK OK OK 67 67 67 67 67 67 5 5 5 0 0 0 0 0 1 0 0
105 105 uniform 0 7 1055 1 0.001 1.7124514965431603 0.87676522922964339 6.4384534323202097e-05 0.5662791491827307 -0.15709987435250597 0.56627411039308806 0 0.23372895100612456 122.09536663627223 OK 14 13 0.53683800000000004 0.46119599999999999 0.16803000000000001 0.36515199999999998 0.24421200000000001 0 0.17168600000000006 0.21698399999999998 0.16803000000000001 0.012749999999999999 0.012706 0.011986999999999999 0.14070199999999999 0.18398599999999996 0.13913100000000009 0.0029530000000000003 0.0027749999999999997 0.0027159999999999997 0.00076100000000000007 0.00075900000000000002 0.00072500000000000006 122.0953572413725 122.0953572413725 122.0953572413725 0.0089449863792042273 0.0089449863792042273 0.0089449863792042273 1 1 1 Converged Converged Converged OK OK OK 67 67 67 67 67 67 5 5 5 0 0 0 0 1 0 0 1
105 105 uniform 0 15 1055 2 0.001 1.7124514965431603 0.87676522922964339 6.4384534323202097e-05 0.5662791491827307 -0.15709987435250597 0.56628306824134167 0 0.23371999315787095 105.05692607757322 OK 14 13 0.54081199999999996 0.44778499999999999 0.16400799999999999 0.37484899999999999 0.24257500000000001 0 0.16596299999999997 0.20520999999999998 0.16400799999999999 0.012548999999999999 0.012784999999999999 0.012019999999999999 0.13621799999999998 0.17468800000000001 0.13506800000000002 0.002702 0.0029089999999999993 0.0027680000000000001 0.00070300000000000007 0.00071999999999999994 0.00070699999999999995 105.05691886708134 105.05691886708134 105.05691886708134 0.0080834583444576152 0.0080834583444576152 0.0080834583444576152 1 1 1 Converged Converged Converged OK OK OK 67 67 67 67 67 67 5 5 5 0 0 0 0 1 0 0 1
105 105 uniform 0 23 1055 3 0.001 1.7124514965431603 0.87676522922964339 6.4384534323202097e-05 0.5662791491827307 -0.15709987435250597 0.56629202608959539 0 0.23371103530961723 86.34209950672134 OK 14 13 0.53642999999999996 0.44415500000000002 0.17036399999999999 0.35879299999999997 0.23097799999999999 0 0.17763699999999999 0.21317700000000003 0.17036399999999999 0.012695 0.012808 0.012033 0.14733400000000002 0.18319900000000003 0.14149299999999998 0.0028079999999999997 0.0027079999999999999 0.0026839999999999993 0.00084499999999999994 0.00077899999999999996 0.0007580000000000001 86.342089599193812 86.342089599193812 86.342089599193812 0.0075189165302398603 0.0075189165302398603 0.0075189165302398603 1 1 1 Converged Converged Converged OK OK OK 67 67 67 67 67 67 5 5 5 0 0 0 0 1 0 0 1
105 105 uniform 0 0 1055 0 0.0001 1.7124514965431603 0.87676522922964339 6.4384534323202097e-05 0.5662791491827307 -0.15709987435250597 0.56626627227586601 0 0.23373678912334661 135.52987570741192 OK 14 13 0.57954799999999995 0.57856300000000005 0.174703 0.40401399999999998 0.402283 0 0.17553399999999997 0.17628000000000005 0.174703 0.013448999999999999 0.013408 0.013086 0.14006600000000002 0.14107100000000003 0.13997200000000004 0.0028000000000000004 0.0027620000000000001 0.0027620000000000001 0.00071699999999999997 0.00074399999999999987 0.00072999999999999996 135.52987499099982 135.52987499099982 135.52987499099982 0.010154015630296174 0.010154015630296174 0.010154015630296174 1 1 1 Converged Converged Converged OK OK OK 67 67 67 67 67 67 5 5 5 0 0 0 0 0 1 0 0
105 105 uniform 0 7 1055 1 0.0001 1.7124514965431603 0.87676522922964339 6.4384534323202097e-05 0.5662791491827307 -0.15709987435250597 0.56627411039308806 0 0.23372895100612456 122.09536663627223 OK 14 13 0.53757299999999997 0.46184399999999998 0.16836499999999999 0.36824200000000001 0.247893 0 0.16933099999999995 0.21395099999999997 0.16836499999999999 0.012489999999999999 0.012734000000000001 0.012033 0.139428 0.18386299999999997 0.13927499999999995 0.0026839999999999998 0.0027690000000000002 0.0026810000000000002 0.000727 0.00072399999999999993 0.00072100000000000007 122.0953572413725 122.0953572413725 122.0953572413725 0.0089449863792042273 0.0089449863792042273 0.0089449863792042273 1 1 1 Converged Converged Converged OK OK OK 67 67 67 67 67 67 5 5 5 0 0 0 0 1 0 0 1
105 105 uniform 0 15 1055 2 0.0001 1.7124514965431603 0.87676522922964339 6.4384534323202097e-05 0.5662791491827307 -0.15709987435250597 0.56628306824134167 0 0.23371999315787095 105.05692607757322 OK 14 13 0.53528500000000001 0.44746599999999997 0.16741500000000001 0.37038599999999999 0.242311 0 0.16489900000000002 0.20515499999999998 0.16741500000000001 0.012581 0.012773 0.012088 0.13499400000000006 0.17450299999999996 0.138262 0.0028239999999999997 0.0029779999999999997 0.0027499999999999998 0.00070100000000000002 0.00072999999999999996 0.00072999999999999996 105.05691886708134 105.05691886708134 105.05691886708134 0.0080834583444576152 0.0080834583444576152 0.0080834583444576152 1 1 1 Converged Converged Converged OK OK OK 67 67 67 67 67 67 5 5 5 0 0 0 0 1 0 0 1
105 105 uniform 0 23 1055 3 0.0001 1.7124514965431603 0.87676522922964339 6.4384534323202097e-05 0.5662791491827307 -0.15709987435250597 0.56629202608959539 0 0.23371103530961723 86.34209950672134 OK 14 13 0.53349199999999997 0.44928800000000002 0.17066799999999999 0.36131999999999997 0.231345 0 0.17217199999999999 0.21794300000000003 0.17066799999999999 0.012597000000000001 0.012688 0.011952000000000001 0.14182599999999998 0.18382199999999996 0.14182699999999998 0.0027929999999999999 0.0027910000000000001 0.002699 0.00079799999999999999 0.00077499999999999997 0.00078899999999999999 86.342089599193812 86.342089599193812 86.342089599193812 0.0075189165302398603 0.0075189165302398603 0.0075189165302398603 1 1 1 Converged Converged Converged OK OK OK 67 67 67 67 67 67 5 5 5 0 0 0 0 1 0 0 1
105 105 uniform 1 0 1056 0 0.001 1.7124514965431603 0.87676522922964339 6.4384534323202097e-05 -0.64792519858078623 -0.24073585578061599 -0.64793807548765092 0 1.4479411368868635 52.777303311526012 OK 14 13 25.212479999999999 25.211257 0.18953500000000001 24.983651999999999 24.983485000000002 0 0.22882800000000003 0.22777199999999809 0.18953500000000001 0.015613999999999999 0.014409999999999999 0.015039 0.18133199999999999 0.18266999999999997 0.15005800000000002 0.0051720000000000004 0.0050640000000000008 0.0039079999999999991 0.001181 0.0012070000000000002 0.00098600000000000011 52.777294109205997 52.777294109205997 52.777294109205997 0.033693920557499472 0.033693920557499472 0.033693920557499472 1 1 1 Converged Converged Converged OK OK OK 67 67 67 67 67 67 5 5 5 0 0 0 0 0 1 0 0
105 105 uniform 1 7 1056 1 0.001 1.7124514965431603 0.87676522922964339 6.4384534323202097e-05 -0.64792519858078623 -0.24073585578061599 -0.64793023737042887 0 1.4479332987696414 76.351259971602218 OK 14 13 0.83933000000000002 19.736339999999998 0.23930199999999999 0.59509900000000004 19.308848000000001 0 0.24423099999999998 0.42749199999999732 0.23930199999999999 0.014558 0.013632 0.013453 0.20298899999999995 0.38165299999999996 0.20169599999999993 0.0055030000000000009 0.0064419999999999998 0.0046389999999999999 0.0013029999999999999 0.0017980000000000001 0.0010480000000000001 76.351250690393016 76.351250690386891 76.351250690393016 0.012599278596510843 0.012599278644016677 0.012599278596510843 1 1 1 Converged Converged Converged OK OK OK 83 83 83 83 83 83 5 5 5 0 0 0 0 1 0 0 1
105 105 uniform 1 15 1056 2 0.001 1.7124514965431603 0.87676522922964339 6.4384534323202097e-05 -0.64792519858078623 -0.24073585578061599 -0.64792127952217526 0 1.447924340921388 101.79865761275779 OK 14 13 0.70067800000000002 28.289888999999999 0.212453 0.49511899999999998 27.913488000000001 0 0.20555900000000005 0.37640099999999777 0.212453 0.013061 0.014279999999999999 0.013325 0.16899199999999998 0.33413499999999985 0.17633099999999988 0.004849 0.0067050000000000009 0.0048149999999999998 0.0010630000000000001 0.001297 0.0010300000000000001 101.79864976970941 101.79864976971224 101.79864976970941 0.016443002964723945 0.016443003062200954 0.016443002964723945 1 1 1 Converged Converged Converged OK OK OK 83 83 83 83 83 83 5 5 5 0 0 0 0 1 0 0 1
105 105 uniform 1 23 1056 3 0.001 1.7124514965431603 0.87676522922964339 6.4384534323202097e-05 -0.64792519858078623 -0.24073585578061599 -0.64791232167392154 0 1.4479153830731342 125.57020484860094 OK 14 13 31.336780000000001 31.326664999999998 0.161019 31.123194000000002 31.020057999999999 0 0.21358599999999939 0.30660699999999963 0.161019 0.014917 0.013768000000000001 0.011925 0.17558599999999996 0.26780999999999999 0.13202499999999995 0.0048300000000000001 0.0049430000000000003 0.0028779999999999999 0.0011720000000000001 0.0012229999999999999 0.00076899999999999994 125.57205714896013 125.57205714896013 125.57205714896013 0.074101056565649054 0.074101056565649054 0.074101056565649054 1 1 1 Converged Converged Converged OK OK OK 67 67 67 67 67 67 5 5 5 0 0 0 0 1 0 0 1
105 105 uniform 1 0 1056 0 0.0001 1.7124514965431603 0.87676522922964339 6.4384534323202097e-05 -0.64792519858078623 -0.24073585578061599 -0.64793807548765092 0 1.4479411368868635 52.777303311526012 OK 14 13 25.549292000000001 25.295717 0.26513700000000001 25.277687 24.977080999999998 0 0.27160500000000098 0.31863600000000147 0.26513700000000001 0.015901999999999999 0.014833000000000001 0.014968 0.21849299999999997 0.26095800000000002 0.213501 0.0067810000000000006 0.0070460000000000002 0.0056849999999999999 0.0015139999999999999 0.0015309999999999998 0.001312 52.777304144870563 52.777304144870563 52.777304144870563 0.0048278259296148322 0.0048278259296148322 0.0048278259296148322 1 1 1 Converged Converged Converged OK OK OK 91 91 91 91 91 91 5 5 5 0 0 0 0 0 1 0 0
105 105 uniform 1 7 1056 1 0.0001 1.7124514965431603 0.87676522922964339 6.4384534323202097e-05 -0.64792519858078623 -0.24073585578061599 -0.64793023737042887 0 1.4479332987696414 76.351259971602218 OK 14 13 0.84375 19.682297999999999 0.23478499999999999 0.58752700000000002 19.287051999999999 0 0.25622299999999998 0.39524600000000021 0.23478499999999999 0.014598 0.013631000000000001 0.012376 0.21407799999999996 0.34912499999999985 0.19851499999999994 0.0055999999999999999 0.007293 0.0044270000000000004 0.0013489999999999999 0.0014910000000000001 0.00106 76.35125872714417 76.351258727138045 76.35125872714417 0.0061993551206255375 0.0061993551681313718 0.0061993551206255375 1 1 1 Converged Converged Converged OK OK OK 91 91 91 91 91 91 5 5 5 0 0 0 0 1 0 0 1
105 105 uniform 1 15 1056 2 0.0001 1.7124514965431603 0.87676522922964339 6.4384534323202097e-05 -0.64792519858078623 -0.24073585578061599 -0.64792127952217526 0 1.447924340921388 101.79865761275779 OK 14 13 0.71946600000000005 28.312484999999999 0.22151799999999999 0.49421300000000001 27.868679 0 0.22525300000000004 0.44380599999999859 0.22151799999999999 0.012985 0.013653999999999999 0.012050999999999999 0.18718799999999999 0.39802399999999988 0.18614099999999989 0.0048340000000000006 0.0067480000000000005 0.0043750000000000004 0.0010989999999999999 0.0014759999999999999 0.0010989999999999999 101.79865780660981 101.79865780661264 101.79865780660981 0.010042960747380855 0.010042960844857864 0.010042960747380855 1 1 1 Converged Converged Converged OK OK OK 91 91 91 91 91 91 5 5 5 0 0 0 0 1 0 0 1
105 105 uniform 1 23 1056 3 0.0001 1.7124514965431603 0.87676522922964339 6.4384534323202097e-05 -0.64792519858078623 -0.24073585578061599 -0.64791232167392154 0 1.4479153830731342 125.57020484860094 OK 14 13 31.455725000000001 31.484611000000001 0.27567000000000003 31.086369000000001 31.026675999999998 0 0.3693559999999998 0.45793500000000265 0.27567000000000003 0.014737 0.013743999999999999 0.011976000000000001 0.31371199999999994 0.40560099999999993 0.23356300000000002 0.0084530000000000004 0.0084199999999999987 0.0052699999999999995 0.0015859999999999997 0.001601 0.0011969999999999999 125.57020070320107 125.57020070320107 125.57020070320107 0.0087838162795086504 0.0087838162795086504 0.0087838162795086504 1 1 1 Converged Converged Converged OK OK OK 107 107 107 107 107 107 5 5 5 0 0 0 0 1 0 0 1
105 105 uniform 2 0 1057 0 0.001 1.7124514965431603 0.87676522922964339 6.4384534323202097e-05 0.45275430982161763 0.14807962579983536 0.45274143291475299 0 0.34726162848445963 7.8004462905353513 OK 14 13 0.52571500000000004 0.52549800000000002 0.19101000000000001 0.33423599999999998 0.32882499999999998 0 0.19147900000000007 0.19667300000000004 0.19101000000000001 0.011818 0.011856999999999999 0.011507 0.15473200000000004 0.15963400000000005 0.15463499999999999 0.003176 0.0031410000000000001 0.0031949999999999999 0.00094199999999999991 0.00096000000000000002 0.00095800000000000008 7.8004438701477454 7.8004438701477454 7.8004438701477454 0.00097434430428494005 0.00097434430428494005 0.00097434430428494005 1 1 1 Converged Converged Converged OK OK OK 75 75 75 75 75 75 5 5 5 0 0 0 0 0 1 0 0
105 105 uniform 2 7 1057 1 0.001 1.7124514965431603 0.87676522922964339 6.4384534323202097e-05 0.45275430982161763 0.14807962579983536 0.45274927103197493 0 0.34725379036723769 12.330944162134971 OK 14 13 0.47350399999999998 0.35977199999999998 0.14421200000000001 0.32817499999999999 0.188722 0 0.14532899999999999 0.17104999999999998 0.14421200000000001 0.011169 0.011126 0.01056 0.11690800000000001 0.14231400000000002 0.11671799999999997 0.0027560000000000002 0.0028409999999999998 0.002686 0.00071499999999999992 0.00072999999999999996 0.00070500000000000011 12.330931323701078 12.330931323701078 12.330931323701078 0.0081242088496139356 0.0081242088496139356 0.0081242088496139356 1 1 1 Converged Converged Converged OK OK OK 67 67 67 67 67 67 5 5 5 0 0 0 0 1 0 0 1
105 105 uniform 2 15 1057 2 0.001 1.7124514965431603 0.87676522922964339 6.4384534323202097e-05 0.45275430982161763 0.14807962579983536 0.4527582288802286 0 0.34724483251898403 17.397574958166121 OK 14 13 0.48916999999999999 0.38629799999999997 0.14590600000000001 0.339333 0.19916700000000001 0 0.149837 0.18713099999999996 0.14590600000000001 0.010886 0.010826000000000001 0.010161999999999999 0.12157200000000004 0.15908000000000003 0.11894800000000001 0.0027969999999999996 0.002748 0.0026800000000000001 0.00073500000000000019 0.00071599999999999995 0.000696 17.397562881412551 17.397562881412551 17.397562881412551 0.0081664168772918964 0.0081664168772918964 0.0081664168772918964 1 1 1 Converged Converged Converged OK OK OK 67 67 67 67 67 67 5 5 5 0 0 0 0 1 0 0 1
105 105 uniform 2 23 1057 3 0.001 1.7124514965431603 0.87676522922964339 6.4384534323202097e-05 0.45275430982161763 0.14807962579983536 0.45276718672848226 0 0.34723587467073036 22.343482447881932 OK 14 13 0.479877 0.40342499999999998 0.15066399999999999 0.32797100000000001 0.20482300000000001 0 0.15190599999999999 0.19860199999999997 0.15066399999999999 0.011157 0.011257 0.010486000000000001 0.12355700000000004 0.16993099999999994 0.12324400000000003 0.0027330000000000002 0.0027989999999999998 0.0027060000000000001 0.00070299999999999996 0.00070699999999999995 0.00071299999999999998 22.343470405532891 22.343470405532891 22.343470405532891 0.0082163486427899342 0.0082163486427899342 0.0082163486427899342 1 1 1 Converged Converged Converged OK OK OK 67 67 67 67 67 67 5 5 5 0 0 0 0 1 0 0 1
105 105 uniform 2 0 1057 0 0.0001 1.7124514965431603 0.87676522922964339 6.4384534323202097e-05 0.45275430982161763 0.14807962579983536 0.45274143291475299 0 0.34726162848445963 7.8004462905353513 OK 14 13 0.55607499999999999 0.56159199999999998 0.2253 0.32993800000000001 0.33404499999999998 0 0.22613699999999998 0.227547 0.2253 0.011872000000000001 0.012001 0.011401 0.18297700000000008 0.18362100000000006 0.182864 0.0040350000000000004 0.0043899999999999998 0.0041949999999999999 0.001101 0.0011539999999999999 0.0010679999999999999 7.8004438701571255 7.8004438701571255 7.8004438701571255 0.00050466551779267631 0.00050466551779267631 0.00050466551779267631 1 1 1 Converged Converged Converged OK OK OK 91 91 91 91 91 91 5 5 5 0 0 0 0 0 1 0 0
105 105 uniform 2 7 1057 1 0.0001 1.7124514965431603 0.87676522922964339 6.4384534323202097e-05 0.45275430982161763 0.14807962579983536 0.45274927103197493 0 0.34725379036723769 12.330944162134971 OK 14 13 0.49831300000000001 0.38290800000000003 0.167577 0.329258 0.18803900000000001 0 0.16905500000000001 0.19486900000000001 0.167577 0.011108 0.011202999999999999 0.010474000000000001 0.13798100000000002 0.16382899999999995 0.13773400000000005 0.0031179999999999997 0.003258 0.0030890000000000002 0.00085699999999999991 0.0009189999999999999 0.00085700000000000012 12.330940263055725 12.330940263055725 12.330940263055725 0.0010055131317361033 0.0010055131317361033 0.0010055131317361033 1 1 1 Converged Converged Converged OK OK OK 75 75 75 75 75 75 5 5 5 0 0 0 0 1 0 0 1
105 105 uniform 2 15 1057 2 0.0001 1.7124514965431603 0.87676522922964339 6.4384534323202097e-05 0.45275430982161763 0.14807962579983536 0.4527582288802286 0 0.34724483251898403 17.397574958166121 OK 14 13 0.51464200000000004 0.40780899999999998 0.168993 0.34387200000000001 0.20005000000000001 0 0.17077000000000003 0.20775899999999997 0.168993 0.010817999999999999 0.010678 0.010201999999999999 0.14007499999999995 0.1774390000000001 0.13956299999999996 0.0032239999999999999 0.00313 0.0030660000000000001 0.000883 0.00086399999999999997 0.00082100000000000001 17.397571820586144 17.397571820586144 17.397571820586144 0.0010478653748007413 0.0010478653748007413 0.0010478653748007413 1 1 1 Converged Converged Converged OK OK OK 75 75 75 75 75 75 5 5 5 0 0 0 0 1 0 0 1
105 105 uniform 2 23 1057 3 0.0001 1.7124514965431603 0.87676522922964339 6.4384534323202097e-05 0.45275430982161763 0.14807962579983536 0.45276718672848226 0 0.34723587467073036 22.343482447881932 OK 14 13 0.50465000000000004 0.42268 0.17347699999999999 0.32932899999999998 0.198322 0 0.17532100000000006 0.224358 0.17347699999999999 0.011188 0.011174999999999999 0.010518 0.14435299999999998 0.193331 0.14367900000000003 0.003094 0.0032450000000000001 0.0030759999999999997 0.00085599999999999999 0.00088099999999999995 0.00083200000000000006 22.343479344525335 22.343479344525335 22.343479344525335 0.0010979413515389981 0.0010979413515389981 0.0010979413515389981 1 1 1 Converged Converged Converged OK OK OK 75 75 75 75 75 75 5 5 5 0 0 0 0 1 0 0 1
105 105 uniform 3 0 1058 0 0.001 1.7124514965431603 0.87676522922964339 6.4384534323202097e-05 -0.64692757339411622 -0.2412073981633765 -0.64694045030098091 0 1.4469435117001934 135.73622556320831 OK 15 14 0.61524299999999998 0.61008700000000005 0.15155399999999999 0.45769300000000002 0.45735100000000001 0 0.15754999999999997 0.15273600000000004 0.15155399999999999 0.020244000000000002 0.016493000000000001 0.015998999999999999 0.11208299999999999 0.11146600000000002 0.11117899999999997 0.0033499999999999997 0.0033279999999999998 0.003209 0.00079600000000000005 0.00077899999999999996 0.00073300000000000004 135.73621399204703 135.73621399204703 135.73621399204703 0.087165687655525681 0.087165687655525681 0.087165687655525681 1 1 1 Converged Converged Converged OK OK OK 67 67 67 67 67 67 5 5 5 0 0 0 0 0 1 0 0
105 105 uniform 3 7 1058 1 0.001 1.7124514965431603 0.87676522922964339 6.4384534323202097e-05 -0.64692757339411622 -0.2412073981633765 -0.64693261218375886 0 1.4469356735829715 139.82563398320832 OK 15 14 0.60616800000000004 0.61497400000000002 0.15428700000000001 0.44958100000000001 0.321772 0 0.15658700000000003 0.29320200000000002 0.15428700000000001 0.015984000000000002 0.015842999999999999 0.015065 0.11961600000000001 0.25664500000000001 0.11905 0.0033909999999999999 0.0033039999999999996 0.0031700000000000005 0.00077099999999999998 0.00075699999999999997 0.00073999999999999999 139.82562034871441 139.82562034871441 139.82562034871441 0.093689923207242606 0.093689923207242606 0.093689923207242606 1 1 1 Converged Converged Converged OK OK OK 67 67 67 67 67 67 5 5 5 0 0 0 0 1 0 0 1
105 105 uniform 3 15 1058 2 0.001 1.7124514965431603 0.87676522922964339 6.4384534323202097e-05 -0.64692757339411622 -0.2412073981633765 -0.64692365433550525 0 1.4469267157347179 145.26363623340333 OK 15 14 0.62880000000000003 0.62204599999999999 0.16087799999999999 0.46887299999999998 0.34059299999999998 0 0.15992700000000004 0.28145300000000001 0.16087799999999999 0.015924000000000001 0.015778 0.015162 0.12338699999999996 0.24489099999999991 0.12516600000000003 0.0033049999999999993 0.0033449999999999999 0.0033830000000000002 0.00074299999999999995 0.00073200000000000001 0.00071900000000000002 145.26362321099148 145.26362321099148 145.26362321099148 0.10324613276889032 0.10324613276889032 0.10324613276889032 1 1 1 Converged Converged Converged OK OK OK 67 67 67 67 67 67 5 5 5 0 0 0 0 1 0 0 1
105 105 uniform 3 23 1058 3 0.001 1.7124514965431603 0.87676522922964339 6.4384534323202097e-05 -0.64692757339411622 -0.2412073981633765 -0.64691469648725153 0 1.4469177578864643 151.81918793474298 OK 15 14 0.59797299999999998 0.63845099999999999 0.152507 0.44344 0.33845199999999998 0 0.15453299999999998 0.29999900000000002 0.152507 0.015539000000000001 0.015540999999999999 0.014796999999999999 0.11844800000000004 0.26379399999999997 0.11797200000000006 0.0032469999999999999 0.0034099999999999998 0.0032150000000000004 0.00074700000000000005 0.00076500000000000005 0.00071599999999999995 151.81917575460747 151.81917575460747 151.81917575460747 0.1182863928135969 0.1182863928135969 0.1182863928135969 1 1 1 Converged Converged Converged OK OK OK 67 67 67 67 67 67 5 5 5 0 0 0 0 1 0 0 1
105 105 uniform 3 0 1058 0 0.0001 1.7124514965431603 0.87676522922964339 6.4384534323202097e-05 -0.64692757339411622 -0.2412073981633765 -0.64694045030098091 0 1.4469435117001934 135.73622556320831 OK 15 14 0.67556700000000003 0.67138399999999998 0.214031 0.460003 0.45646999999999999 0 0.21556400000000003 0.21491399999999999 0.214031 0.016288 0.016209000000000001 0.015876000000000001 0.16244199999999992 0.16206800000000007 0.16185400000000003 0.0051129999999999995 0.0050109999999999998 0.0049379999999999997 0.0010059999999999999 0.0010270000000000001 0.0010449999999999999 135.73621403323224 135.73621403323224 135.73621403323224 0.012576550274892717 0.012576550274892717 0.012576550274892717 1 1 1 Converged Converged Converged OK OK OK 99 99 99 99 99 99 5 5 5 0 0 0 0 0 1 0 0
105 105 uniform 3 7 1058 1 0.0001 1.7124514965431603 0.87676522922964339 6.4384534323202097e-05 -0.64692757339411622 -0.2412073981633765 -0.64693261218375886 0 1.4469356735829715 139.82563398320832 OK 15 14 0.67727599999999999 0.75464900000000001 0.22403000000000001 0.45520899999999997 0.32600699999999999 0 0.22206700000000001 0.42864200000000002 0.22403000000000001 0.016063999999999998 0.015786999999999999 0.015103999999999999 0.17561500000000008 0.38193199999999994 0.17883299999999988 0.0050029999999999996 0.0050140000000000011 0.0049059999999999998 0.00099099999999999991 0.001023 0.0009990000000000001 139.82562040181804 139.82562040181804 139.82562040181804 0.01255504884623028 0.01255504884623028 0.01255504884623028 1 1 1 Converged Converged Converged OK OK OK 99 99 99 99 99 99 5 5 5 0 0 0 0 1 0 0 1
105 105 uniform 3 15 1058 2 0.0001 1.7124514965431603 0.87676522922964339 6.4384534323202097e-05 -0.64692757339411622 -0.2412073981633765 -0.64692365433550525 0 1.4469267157347179 145.26363623340333 OK 15 14 0.69431299999999996 0.75668500000000005 0.221972 0.47046900000000003 0.34062700000000001 0 0.22384399999999993 0.41605800000000004 0.221972 0.015852000000000002 0.015899 0.015136999999999999 0.17748599999999998 0.36962500000000004 0.17717200000000002 0.0050620000000000005 0.0051830000000000001 0.0049649999999999998 0.0009810000000000001 0.00099199999999999983 0.00099200000000000004 145.2636232821115 145.2636232821115 145.2636232821115 0.012530783549166128 0.012530783549166128 0.012530783549166128 1 1 1 Converged Converged Converged OK OK OK 99 99 99 99 99 99 5 5 5 0 0 0 0 1 0 0 1
105 105 uniform 3 23 1058 3 0.0001 1.7124514965431603 0.87676522922964339 6.4384534323202097e-05 -0.64692757339411622 -0.2412073981633765 -0.64691469648725153 0 1.4469177578864643 151.81918793474298 OK 15 14 0.66107899999999997 0.77693400000000001 0.21959500000000001 0.43942199999999998 0.33788099999999999 0 0.22165699999999999 0.43905300000000003 0.21959500000000001 0.015446 0.015523 0.014829 0.17595899999999995 0.39287899999999998 0.17495200000000005 0.0049650000000000007 0.0050750000000000005 0.0049619999999999994 0.000977 0.00101 0.00099099999999999991 151.81917585021162 151.81917585021162 151.81917585021162 0.012506863229892612 0.012506863229892612 0.012506863229892612 1 1 1 Converged Converged Converged OK OK OK 99 99 99 99 99 99 5 5 5 0 0 0 0 1 0 0 1
105 105 uniform 4 0 1059 0 0.001 1.7124514965431603 0.87676522922964339 6.4384534323202097e-05 0.57851138670578861 0.23641041078614244 0.57849850979892392 0 0.2215045516002887 85.98196696428549 OK 13 12 0.39041199999999998 0.39477800000000002 0.087083999999999995 0.30165799999999998 0.30641000000000002 0 0.088754 0.088368000000000002 0.087083999999999995 0.0097809999999999998 0.009835 0.0093189999999999992 0.065978999999999982 0.065726000000000007 0.065249999999999989 0.001753 0.0018450000000000001 0.0017339999999999999 0.00043600000000000003 0.00044000000000000002 0.00042400000000000001 85.981958861385607 85.981958861385607 85.981958861385607 0.053932791588722433 0.053932791588722433 0.053932791588722433 1 1 1 Converged Converged Converged OK OK OK 37 37 37 37 37 37 3 3 3 0 0 0 0 0 1 0 0
105 105 uniform 4 7 1059 1 0.001 1.7124514965431603 0.87676522922964339 6.4384534323202097e-05 0.57851138670578861 0.23641041078614244 0.57850634791614597 0 0.22149671348306665 89.819406846253813 OK 13 12 0.38206099999999998 0.32767099999999999 0.083582000000000004 0.297462 0.198682 0 0.08459899999999998 0.12898899999999999 0.083582000000000004 0.0093640000000000008 0.0094359999999999999 0.0089079999999999993 0.063655000000000003 0.107929 0.063396000000000022 0.0017269999999999998 0.0018020000000000002 0.0017779999999999998 0.000437 0.00044800000000000005 0.00041900000000000005 89.819396999449665 89.819396999449665 89.819396999449665 0.05989934370851753 0.05989934370851753 0.05989934370851753 1 1 1 Converged Converged Converged OK OK OK 37 37 37 37 37 37 3 3 3 0 0 0 0 1 0 0 1
105 105 uniform 4 15 1059 2 0.001 1.7124514965431603 0.87676522922964339 6.4384534323202097e-05 0.57851138670578861 0.23641041078614244 0.57851530576439958 0 0.22148775563481304 94.871488968407789 OK 13 12 0.38341900000000001 0.32363500000000001 0.086862999999999996 0.295151 0.19386300000000001 0 0.088268000000000013 0.129772 0.086862999999999996 0.0092890000000000004 0.0093860000000000002 0.0088269999999999998 0.067226000000000008 0.10875799999999995 0.066905000000000006 0.001802 0.0018729999999999999 0.001774 0.000437 0.00045300000000000001 0.00041899999999999999 94.871480993847001 94.871480993847001 94.871480993847001 0.068582266032209835 0.068582266032209835 0.068582266032209835 1 1 1 Converged Converged Converged OK OK OK 37 37 37 37 37 37 3 3 3 0 0 0 0 1 0 0 1
105 105 uniform 4 23 1059 3 0.001 1.7124514965431603 0.87676522922964339 6.4384534323202097e-05 0.57851138670578861 0.23641041078614244 0.5785242636126533 0 0.22147879778655932 100.86206843192679 OK 13 12 0.37853599999999998 0.32212000000000002 0.084534999999999999 0.29275400000000001 0.186667 0 0.085781999999999969 0.13545300000000002 0.084534999999999999 0.0092870000000000001 0.0094140000000000005 0.0088450000000000004 0.064936000000000008 0.11438699999999997 0.064580000000000012 0.001769 0.0018090000000000001 0.0017719999999999999 0.00043199999999999998 0.00044200000000000001 0.000415 100.86206236108028 100.86206236108028 100.86206236108028 0.080228436181215848 0.080228436181215848 0.080228436181215848 1 1 1 Converged Converged Converged OK OK OK 37 37 37 37 37 37 3 3 3 0 0 0 0 1 0 0 1
105 105 uniform 4 0 1059 0 0.0001 1.7124514965431603 0.87676522922964339 6.4384534323202097e-05 0.57851138670578861 0.23641041078614244 0.57849850979892392 0 0.2215045516002887 85.98196696428549 OK 13 12 0.42346699999999998 0.42108899999999999 0.118879 0.29924200000000001 0.29846800000000001 0 0.12422499999999997 0.12262099999999998 0.118879 0.0096170000000000005 0.0097169999999999999 0.0095040000000000003 0.091296000000000016 0.09115899999999999 0.090847999999999998 0.0074750000000000007 0.0027959999999999999 0.0026340000000000001 0.000562 0.000602 0.00055900000000000004 85.981958803269961 85.981958803269961 85.981958803269961 0.0057811946589989595 0.0057811946589989595 0.0057811946589989595 1 1 1 Converged Converged Converged OK OK OK 53 53 53 53 53 53 3 3 3 0 0 0 0 0 1 0 0
105 105 uniform 4 7 1059 1 0.0001 1.7124514965431603 0.87676522922964339 6.4384534323202097e-05 0.57851138670578861 0.23641041078614244 0.57850634791614597 0 0.22149671348306665 89.819406846253813 OK 13 12 0.41943799999999998 0.36254199999999998 0.122185 0.29864200000000002 0.19500000000000001 0 0.12079599999999996 0.16754199999999997 0.122185 0.0093769999999999999 0.0094529999999999996 0.0089149999999999993 0.094965999999999995 0.141818 0.097436000000000023 0.0026020000000000001 0.0026689999999999999 0.00249 0.00057900000000000009 0.00055400000000000002 0.00055699999999999999 89.819396928842906 89.819396928842906 89.819396928842906 0.0057811606155389814 0.0057811606155389814 0.0057811606155389814 1 1 1 Converged Converged Converged OK OK OK 53 53 53 53 53 53 3 3 3 0 0 0 0 1 0 0 1
105 105 uniform 4 15 1059 2 0.0001 1.7124514965431603 0.87676522922964339 6.4384534323202097e-05 0.57851138670578861 0.23641041078614244 0.57851530576439958 0 0.22148775563481304 94.871488968407789 OK 13 12 0.41981400000000002 0.36080899999999999 0.12146999999999999 0.29661199999999999 0.19372300000000001 0 0.12320200000000003 0.16708599999999998 0.12146999999999999 0.0093340000000000003 0.0094199999999999996 0.0088780000000000005 0.097251000000000004 0.14131699999999997 0.096668000000000032 0.002722 0.0026610000000000002 0.0025919999999999997 0.00058299999999999997 0.00056499999999999996 0.00054799999999999998 94.871480903899965 94.871480903899965 94.871480903899965 0.0057811399929116446 0.0057811399929116446 0.0057811399929116446 1 1 1 Converged Converged Converged OK OK OK 53 53 53 53 53 53 3 3 3 0 0 0 0 1 0 0 1
105 105 uniform 4 23 1059 3 0.0001 1.7124514965431603 0.87676522922964339 6.4384534323202097e-05 0.57851138670578861 0.23641041078614244 0.5785242636126533 0 0.22147879778655932 100.86206843192679 OK 13 12 0.40416200000000002 0.34686499999999998 0.11243400000000001 0.29056300000000002 0.18356 0 0.11359900000000001 0.16330499999999998 0.11243400000000001 0.0093659999999999993 0.0094109999999999992 0.0088629999999999994 0.087978000000000028 0.13753600000000005 0.087826000000000043 0.0026419999999999998 0.0026509999999999997 0.002552 0.000544 0.00057299999999999994 0.00053899999999999998 100.86206224317064 100.86206224317064 100.86206224317064 0.0057811495903314011 0.0057811495903314011 0.0057811495903314011 1 1 1 Converged Converged Converged OK OK OK 53 53 53 53 53 53 3 3 3 0 0 0 0 1 0 0 1
106 106 linear 0 0 1060 0 0.001 0.21409504667813006 0.00033880964327975203 0.069063008163644246 4.4559861857011267 0.19139982662939911 4.4421735840683976 0.5 -4.4421010711700735 1.0062218958819409 OK 10 9 0.53291200000000005 0.52857900000000002 0.067072999999999994 0.46298099999999998 0.46140100000000001 0 0.069931000000000076 0.067178000000000015 0.067072999999999994 0.0066420000000000003 0.0065709999999999996 0.0062049999999999996 0.048108999999999992 0.046679999999999992 0.046633999999999974 0.002395 0.0020870000000000003 0.0021679999999999998 0.00054299999999999997 0.00048499999999999997 0.00050900000000000001 1.0062234160698853 1.0062234160698853 1.0062234160698853 9.656058955567393e-05 9.656058955567393e-05 9.656058955567393e-05 1 1 1 Converged Converged Converged OK OK OK 45 45 45 45 45 45 3 3 3 0 0 0 0 0 1 0 0
106 106 linear 0 7 1060 1 0.001 0.21409504667813006 0.00033880964327975203 0.069063008163644246 4.4559861857011267 0.19139982662939911 4.4505812546274504 0.5 -4.4505087417291262 1.0062080404493434 OK 9 8 0.526092 0.204043 0.062368 0.46546100000000001 0.13073899999999999 0 0.06063099999999999 0.073304000000000008 0.062368 0.0056030000000000003 0.0057600000000000004 0.0054140000000000004 0.042274999999999993 0.055062999999999994 0.044630000000000003 0.0020470000000000002 0.002062 0.0020739999999999999 0.00045899999999999999 0.000495 0.00044799999999999999 1.0062060431073565 1.0062060431073565 1.0062060431073565 0.00061887636721056022 0.00061887636721056022 0.00061887636721056022 1 1 1 Converged Converged Converged OK OK OK 38 38 38 38 38 38 2 2 2 0 0 0 0 1 0 0 1
106 106 linear 0 15 1060 2 0.001 0.21409504667813006 0.00033880964327975203 0.069063008163644246 4.4559861857011267 0.19139982662939911 4.4601900209806526 0.5 -4.4601175080823285 1.0061579954166735 OK 10 9 0.50649200000000005 0.21380399999999999 0.064447000000000004 0.44014500000000001 0.13498099999999999 0 0.066347000000000045 0.078823000000000004 0.064447000000000004 0.0058219999999999999 0.0056899999999999997 0.0053489999999999996 0.047888 0.060192999999999976 0.04667700000000001 0.0020239999999999998 0.0022550000000000001 0.0020939999999999999 0.000504 0.000495 0.00046199999999999995 1.0061621340371261 1.0061621340371261 1.0061621340371261 0.00014673427585921799 0.00014673427585921799 0.00014673427585921799 1 1 1 Converged Converged Converged OK OK OK 45 45 45 45 45 45 3 3 3 0 0 0 0 1 0 0 1
106 106 linear 0 23 1060 3 0.001 0.21409504667813006 0.00033880964327975203 0.069063008163644246 4.4559861857011267 0.19139982662939911 4.4697987873338558 0.5 -4.4697262744355317 1.0060715580028152 OK 11 10 0.51987399999999995 0.217613 0.066578999999999999 0.45148500000000003 0.13576099999999999 0 0.068388999999999922 0.081852000000000008 0.066578999999999999 0.005914 0.0061980000000000004 0.0054790000000000004 0.04957700000000001 0.062227999999999999 0.048672999999999987 0.002055 0.002454 0.002052 0.00051500000000000005 0.00057699999999999993 0.00053299999999999995 1.0060723917937686 1.0060723917937686 1.0060723917937686 8.3881202179988604e-05 8.3881202179988604e-05 8.3881202179988604e-05 1 1 1 Converged Converged Converged OK OK OK 45 45 45 45 45 45 3 3 3 0 0 0 0 1 0 0 1
106 106 linear 0 0 1060 0 0.0001 0.21409504667813006 0.00033880964327975203 0.069063008163644246 4.4559861857011267 0.19139982662939911 4.4421735840683976 0.5 -4.4421010711700735 1.0062218958819409 OK 10 9 0.53258099999999997 0.52982700000000005 0.066622000000000001 0.46310800000000002 0.46298699999999998 0 0.069472999999999951 0.066840000000000066 0.066622000000000001 0.006313 0.0063990000000000002 0.0063309999999999998 0.047547000000000006 0.046595999999999985 0.046378999999999997 0.0026930000000000001 0.0020349999999999999 0.0020930000000000002 0.00051000000000000004 0.00048200000000000001 0.00046700000000000002 1.0062234160698853 1.0062234160698853 1.0062234160698853 9.656058955567393e-05 9.656058955567393e-05 9.656058955567393e-05 1 1 1 Converged Converged Converged OK OK OK 45 45 45 45 45 45 3 3 3 0 0 0 0 0 1 0 0
106 106 linear 0 7 1060 1 0.0001 0.21409504667813006 0.00033880964327975203 0.069063008163644246 4.4559861857011267 0.19139982662939911 4.4505812546274504 0.5 -4.4505087417291262 1.0062080404493434 OK 9 8 0.53988499999999995 0.22266 0.075495000000000007 0.46020899999999998 0.132192 0 0.079675999999999969 0.090467999999999993 0.075495000000000007 0.0058869999999999999 0.0056629999999999996 0.0054419999999999998 0.056778000000000016 0.068911000000000014 0.054786000000000008 0.0030949999999999997 0.0025890000000000002 0.0025300000000000001 0.00059999999999999995 0.00059899999999999992 0.00058200000000000005 1.0062081613207292 1.0062081613207292 1.0062081613207292 9.5853934531183919e-06 9.5853934531183919e-06 9.5853934531183919e-06 1 1 1 Converged Converged Converged OK OK OK 46 46 46 46 46 46 2 2 2 0 0 0 0 1 0 0 1
106 106 linear 0 15 1060 2 0.0001 0.21409504667813006 0.00033880964327975203 0.069063008163644246 4.4559861857011267 0.19139982662939911 4.4601900209806526 0.5 -4.4601175080823285 1.0061579954166735 OK 10 9 0.52398100000000003 0.226692 0.078020999999999993 0.44337700000000002 0.13297100000000001 0 0.080604000000000009 0.093720999999999999 0.078020999999999993 0.0057739999999999996 0.0058230000000000001 0.0052830000000000004 0.059426999999999994 0.071874999999999994 0.05777899999999999 0.0024940000000000001 0.0028549999999999999 0.0026830000000000001 0.00057600000000000001 0.00060799999999999993 0.00059099999999999995 1.0061581425404773 1.0061581425404773 1.0061581425404773 8.1090352192364659e-06 8.1090352192364659e-06 8.1090352192364659e-06 1 1 1 Converged Converged Converged OK OK OK 53 53 53 53 53 53 3 3 3 0 0 0 0 1 0 0 1
106 106 linear 0 23 1060 3 0.0001 0.21409504667813006 0.00033880964327975203 0.069063008163644246 4.4559861857011267 0.19139982662939911 4.4697987873338558 0.5 -4.4697262744355317 1.0060715580028152 OK 11 10 0.52348700000000004 0.21498600000000001 0.066390000000000005 0.45368799999999998 0.133994 0 0.069799000000000055 0.080992000000000008 0.066390000000000005 0.0061479999999999998 0.006123 0.0055820000000000002 0.050083000000000016 0.062026000000000005 0.048591999999999989 0.0024130000000000002 0.0022330000000000002 0.0019949999999999998 0.00058700000000000007 0.00057299999999999994 0.00051900000000000004 1.0060723917937686 1.0060723917937686 1.0060723917937686 8.3881202179988604e-05 8.3881202179988604e-05 8.3881202179988604e-05 1 1 1 Converged Converged Converged OK OK OK 45 45 45 45 45 45 3 3 3 0 0 0 0 1 0 0 1
106 106 linear 1 0 1061 0 0.001 0.21409504667813006 0.00033880964327975203 0.069063008163644246 4.4496584401704098 -0.22313995091414571 4.4358458385376807 0.5 -4.4357733256393566 1.0059199891785364 OK 11 10 0.51247500000000001 0.51119800000000004 0.085606000000000002 0.42824600000000002 0.42688100000000001 0 0.084228999999999998 0.084317000000000031 0.085606000000000002 0.0066860000000000001 0.0070910000000000001 0.0077229999999999998 0.060056000000000012 0.05931500000000002 0.060160999999999999 0.0024060000000000002 0.0025899999999999999 0.0025070000000000001 0.000513 0.0005489999999999999 0.00055800000000000012 1.005917672877896 1.005917672877896 1.005917672877896 0.00011916469852722493 0.00011916469852722493 0.00011916469852722493 1 1 1 Converged Converged Converged OK OK OK 59 59 59 59 59 59 5 5 5 0 0 0 0 0 1 0 0
106 106 linear 1 7 1061 1 0.001 0.21409504667813006 0.00033880964327975203 0.069063008163644246 4.4496584401704098 -0.22313995091414571 4.4442535090967334 0.5 -4.4441809961984093 1.0059405135215791 OK 11 10 0.51937900000000004 0.226239 0.080082 0.43568800000000002 0.13170899999999999 0 0.083691000000000015 0.094530000000000003 0.080082 0.005862 0.0058310000000000002 0.005489 0.061997999999999991 0.073767999999999972 0.060143000000000009 0.0026280000000000001 0.002496 0.0024489999999999998 0.00054500000000000002 0.00050600000000000005 0.00048499999999999997 1.0059393752992838 1.0059393752992838 1.0059393752992838 0.00011716571715309299 0.00011716571715309299 0.00011716571715309299 1 1 1 Converged Converged Converged OK OK OK 59 59 59 59 59 59 5 5 5 0 0 0 0 1 0 0 1
106 106 linear 1 15 1061 2 0.001 0.21409504667813006 0.00033880964327975203 0.069063008163644246 4.4496584401704098 -0.22313995091414571 4.4538622754499357 0.5 -4.4537897625516116 1.0059193082753868 OK 11 10 0.52842500000000003 0.21827199999999999 0.075288999999999995 0.450096 0.12854699999999999 0 0.078329000000000037 0.089724999999999999 0.075288999999999995 0.0057710000000000001 0.0058399999999999997 0.0054429999999999999 0.057460000000000004 0.068931999999999979 0.055405000000000003 0.0025019999999999999 0.0026099999999999999 0.0024559999999999998 0.00053899999999999998 0.00060799999999999993 0.00052099999999999998 1.0059189194932889 1.0059189194932889 1.0059189194932889 0.00011847406465354157 0.00011847406465354157 0.00011847406465354157 1 1 1 Converged Converged Converged OK OK OK 59 59 59 59 59 59 5 5 5 0 0 0 0 1 0 0 1
106 106 linear 1 23 1061 3 0.001 0.21409504667813006 0.00033880964327975203 0.069063008163644246 4.4496584401704098 -0.22313995091414571 4.4634710418031389 0.5 -4.4633985289048148 1.0058527972798981 OK 11 10 0.52025999999999994 0.22622900000000001 0.079394000000000006 0.43726900000000002 0.13216600000000001 0 0.082990999999999926 0.094063000000000008 0.079394000000000006 0.0058190000000000004 0.0058149999999999999 0.0053350000000000003 0.061854999999999986 0.073448999999999959 0.059830999999999974 0.002516 0.002483 0.0023709999999999998 0.00054100000000000003 0.00053499999999999999 0.00052800000000000004 1.0058517711208881 1.0058517711208881 1.0058517711208881 0.00011453563546149881 0.00011453563546149881 0.00011453563546149881 1 1 1 Converged Converged Converged OK OK OK 59 59 59 59 59 59 5 5 5 0 0 0 0 1 0 0 1
106 106 linear 1 0 1061 0 0.0001 0.21409504667813006 0.00033880964327975203 0.069063008163644246 4.4496584401704098 -0.22313995091414571 4.4358458385376807 0.5 -4.4357733256393566 1.0059199891785364 OK 11 10 0.52098900000000004 0.52063400000000004 0.093094999999999997 0.42513000000000001 0.42582199999999998 0 0.095859000000000028 0.094812000000000063 0.093094999999999997 0.0067669999999999996 0.0067809999999999997 0.0062940000000000001 0.068825999999999984 0.067566000000000029 0.066870000000000013 0.0026710000000000002 0.0028059999999999999 0.0028219999999999994 0.00065899999999999997 0.00071900000000000002 0.00067499999999999993 1.0059199374500347 1.0059199374500347 1.0059199374500347 6.7439651282849934e-06 6.7439651282849934e-06 6.7439651282849934e-06 1 1 1 Converged Converged Converged OK OK OK 67 67 67 67 67 67 5 5 5 0 0 0 0 0 1 0 0
106 106 linear 1 7 1061 1 0.0001 0.21409504667813006 0.00033880964327975203 0.069063008163644246 4.4496584401704098 -0.22313995091414571 4.4442535090967334 0.5 -4.4441809961984093 1.0059405135215791 OK 11 10 0.53205999999999998 0.234537 0.089444999999999997 0.43516300000000002 0.12997600000000001 0 0.096896999999999955 0.10456099999999999 0.089444999999999997 0.007051 0.0057819999999999998 0.005424 0.07269500000000001 0.081901000000000002 0.067927999999999988 0.0028599999999999997 0.0029020000000000001 0.002735 0.00063600000000000006 0.00069900000000000008 0.00063500000000000004 1.0059405491706652 1.0059405491706652 1.0059405491706652 6.3720363025829915e-06 6.3720363025829915e-06 6.3720363025829915e-06 1 1 1 Converged Converged Converged OK OK OK 67 67 67 67 67 67 5 5 5 0 0 0 0 1 0 0 1
106 106 linear 1 15 1061 2 0.0001 0.21409504667813006 0.00033880964327975203 0.069063008163644246 4.4496584401704098 -0.22313995091414571 4.4538622754499357 0.5 -4.4537897625516116 1.0059193082753868 OK 11 10 0.53542699999999999 0.22794400000000001 0.084691000000000002 0.44688699999999998 0.12803899999999999 0 0.088540000000000008 0.099905000000000022 0.084691000000000002 0.0058300000000000001 0.0059199999999999999 0.0052789999999999998 0.065447999999999992 0.077038999999999996 0.063438999999999995 0.0028250000000000003 0.0029869999999999996 0.002725 0.00068300000000000001 0.00068899999999999994 0.000629 1.0059196788252101 1.0059196788252101 1.0059196788252101 6.1005313510757334e-06 6.1005313510757334e-06 6.1005313510757334e-06 1 1 1 Converged Converged Converged OK OK OK 67 67 67 67 67 67 5 5 5 0 0 0 0 1 0 0 1
106 106 linear 1 23 1061 3 0.0001 0.21409504667813006 0.00033880964327975203 0.069063008163644246 4.4496584401704098 -0.22313995091414571 4.4634710418031389 0.5 -4.4633985289048148 1.0058527972798981 OK 11 10 0.53639700000000001 0.236259 0.088688000000000003 0.44386300000000001 0.12925300000000001 0 0.092534000000000005 0.10700599999999999 0.088688000000000003 0.0057809999999999997 0.0057710000000000001 0.005313 0.069857000000000002 0.084778000000000034 0.067422999999999997 0.0029719999999999998 0.0027900000000000004 0.0028080000000000002 0.00070100000000000002 0.00064900000000000005 0.00063400000000000001 1.0058529716240263 1.0058529716240263 1.0058529716240263 6.1158476383613461e-06 6.1158476383613461e-06 6.1158476383613461e-06 1 1 1 Converged Converged Converged OK OK OK 67 67 67 67 67 67 5 5 5 0 0 0 0 1 0 0 1
106 106 linear 2 0 1062 0 0.001 0.21409504667813006 0.00033880964327975203 0.069063008163644246 0.073656304771742315 -0.017051107879423318 0.059843703139013465 0.5 -0.059771190240689699 21.081516176373349 OK 13 12 0.93139499999999997 0.91680200000000001 0.29727199999999998 0.62178800000000001 0.61680699999999999 0 0.30960699999999997 0.29999500000000001 0.29727199999999998 0.011332 0.011493 0.011084999999999999 0.26237099999999997 0.25363399999999992 0.25278800000000012 0.0061790000000000005 0.0056359999999999995 0.0053859999999999993 0.0013010000000000001 0.0012620000000000001 0.001235 21.081687262657059 21.081687262657059 21.081687262657059 0.012587502298367177 0.012587502298367177 0.012587502298367177 1 1 1 Converged Converged Converged OK OK OK 104 104 104 104 104 104 8 8 8 0 0 0 0 0 1 0 0
106 106 linear 2 7 1062 1 0.001 0.21409504667813006 0.00033880964327975203 0.069063008163644246 0.073656304771742315 -0.017051107879423318 0.068251373698065804 0.5 -0.068178860799742044 17.179665950978965 OK 14 14 0.936693 0.61855899999999997 0.29220600000000002 0.63270700000000002 0.30922500000000003 0 0.30398599999999998 0.30933399999999994 0.29220600000000002 0.015458 0.015214 0.014393 0.24493399999999999 0.25022099999999992 0.23700000000000002 0.008349999999999998 0.0088149999999999999 0.0074980000000000003 0.0017839999999999998 0.0016750000000000001 0.001673 17.179374266655017 17.179374266655017 17.179374266655017 0.011571167099296873 0.011571167099296873 0.011571167099296873 1 1 1 Converged Converged Converged OK OK OK 127 127 127 127 127 127 9 9 9 0 0 0 0 1 0 0 1
106 106 linear 2 15 1062 2 0.001 0.21409504667813006 0.00033880964327975203 0.069063008163644246 0.073656304771742315 -0.017051107879423318 0.077860140051268484 0.5 -0.077787627152944724 14.16482161356379 OK 15 14 0.86575899999999995 0.55266000000000004 0.31911699999999998 0.53206600000000004 0.20177700000000001 0 0.33369299999999991 0.35088300000000006 0.31911699999999998 0.015800999999999999 0.015703999999999999 0.01461 0.28249000000000002 0.29828499999999986 0.27137699999999992 0.0076570000000000006 0.0083800000000000003 0.006574 0.001645 0.0015539999999999998 0.0014679999999999999 14.164929111180465 14.164929111180465 14.164929111180465 0.01065914603213944 0.01065914603213944 0.01065914603213944 1 1 1 Converged Converged Converged OK OK OK 127 127 127 127 127 127 9 9 9 0 0 0 0 1 0 0 1
106 106 linear 2 23 1062 3 0.001 0.21409504667813006 0.00033880964327975203 0.069063008163644246 0.073656304771742315 -0.017051107879423318 0.087468906404471164 0.5 -0.087396393506147405 12.278069278828378 OK 15 14 0.88985899999999996 0.55771099999999996 0.31928499999999999 0.55577399999999999 0.21197099999999999 0 0.33408499999999997 0.34573999999999994 0.31928499999999999 0.015421000000000001 0.015428000000000001 0.014062 0.28394200000000008 0.29472800000000021 0.27260100000000015 0.0073670000000000003 0.0076990000000000001 0.006463 0.0015499999999999999 0.0016560000000000004 0.0014539999999999998 12.278227512475363 12.278227512475363 12.278227512475363 0.0093038115367809274 0.0093038115367809274 0.0093038115367809274 1 1 1 Converged Converged Converged OK OK OK 127 127 127 127 127 127 9 9 9 0 0 0 0 1 0 0 1
106 106 linear 2 0 1062 0 0.0001 0.21409504667813006 0.00033880964327975203 0.069063008163644246 0.073656304771742315 -0.017051107879423318 0.059843703139013465 0.5 -0.059771190240689699 21.081516176373349 OK 13 12 1.091556 1.066198 0.45147799999999999 0.62718300000000005 0.61781600000000003 0 0.46437299999999992 0.44838199999999995 0.45147799999999999 0.012414 0.011423000000000001 0.01115 0.39628600000000025 0.38057599999999991 0.38387799999999989 0.0097599999999999996 0.010194 0.010603 0.0017670000000000001 0.001866 0.0018699999999999999 21.081535984177819 21.081535984177819 21.081535984177819 0.0020473125248257097 0.0020473125248257097 0.0020473125248257097 1 1 1 Converged Converged Converged OK OK OK 168 168 168 168 168 168 8 8 8 0 0 0 0 0 1 0 0
106 106 linear 2 7 1062 1 0.0001 0.21409504667813006 0.00033880964327975203 0.069063008163644246 0.073656304771742315 -0.017051107879423318 0.068251373698065804 0.5 -0.068178860799742044 17.179665950978965 OK 14 14 1.0908409999999999 0.78918299999999997 0.44133099999999997 0.634301 0.31256299999999998 0 0.45653999999999995 0.47661999999999999 0.44133099999999997 0.015533999999999999 0.015341 0.014716999999999999 0.37605100000000008 0.39301800000000003 0.36297700000000005 0.013866999999999999 0.016485 0.013481999999999999 0.0024849999999999998 0.0023889999999999996 0.002369 17.179568066374703 17.179568066374703 17.179568066374703 0.0017031901204771463 0.0017031901204771463 0.0017031901204771463 1 1 1 Converged Converged Converged OK OK OK 199 199 199 199 199 199 9 9 9 0 0 0 0 1 0 0 1
106 106 linear 2 15 1062 2 0.0001 0.21409504667813006 0.00033880964327975203 0.069063008163644246 0.073656304771742315 -0.017051107879423318 0.077860140051268484 0.5 -0.077787627152944724 14.16482161356379 OK 15 14 1.015941 0.70047899999999996 0.46673100000000001 0.53371299999999999 0.20189399999999999 0 0.48222799999999999 0.49858499999999994 0.46673100000000001 0.015762999999999999 0.015806000000000001 0.014563 0.4141410000000002 0.42612499999999992 0.40185900000000002 0.012636000000000001 0.016974 0.011705999999999999 0.002124 0.0021940000000000006 0.0021800000000000001 14.164796368281177 14.164796368281177 14.164796368281177 0.0010489021632380249 0.0010489021632380249 0.0010489021632380249 1 1 1 Converged Converged Converged OK OK OK 191 191 191 191 191 191 9 9 9 0 0 0 0 1 0 0 1
106 106 linear 2 23 1062 3 0.0001 0.21409504667813006 0.00033880964327975203 0.069063008163644246 0.073656304771742315 -0.017051107879423318 0.087468906404471164 0.5 -0.087396393506147405 12.278069278828378 OK 15 14 1.0466390000000001 0.71015899999999998 0.48724099999999998 0.560809 0.21490400000000001 0 0.4858300000000001 0.495255 0.48724099999999998 0.015505 0.01554 0.014193000000000001 0.4179419999999997 0.42646099999999987 0.4214360000000002 0.012832 0.013705 0.011788 0.002068 0.0021159999999999998 0.002039 12.27806026392957 12.27806026392957 12.27806026392957 0.00075897092430743125 0.00075897092430743125 0.00075897092430743125 1 1 1 Converged Converged Converged OK OK OK 191 191 191 191 191 191 9 9 9 0 0 0 0 1 0 0 1
106 106 linear 3 0 1063 0 0.001 0.21409504667813006 0.00033880964327975203 0.069063008163644246 -0.034279671235399461 -0.095220859895004478 -0.048092272868128311 0.5 0.048164785766452077 9.9540463337969154 OK 13 12 0.64881200000000006 0.64442999999999995 0.084431000000000006 0.56218699999999999 0.55915499999999996 0 0.086625000000000063 0.08527499999999999 0.084431000000000006 0.0092460000000000007 0.0093139999999999994 0.0089280000000000002 0.058202999999999991 0.056780999999999998 0.056524000000000005 0.0027269999999999998 0.0030030000000000005 0.0029419999999999997 0.00070100000000000002 0.000696 0.00075300000000000009 9.9540406308491285 9.9540406308491285 9.9540406308491285 0.0028512007409211035 0.0028512007409211035 0.0028512007409211035 1 1 1 Converged Converged Converged OK OK OK 52 52 52 52 52 52 4 4 4 0 0 0 0 0 1 0 0
106 106 linear 3 7 1063 1 0.001 0.21409504667813006 0.00033880964327975203 0.069063008163644246 -0.034279671235399461 -0.095220859895004478 -0.039684602309075966 0.5 0.039757115207399732 10.338262531793886 OK 13 12 0.63207899999999995 0.25084899999999999 0.082720000000000002 0.54402200000000001 0.16392200000000001 0 0.088056999999999941 0.086926999999999977 0.082720000000000002 0.0084759999999999992 0.0084419999999999999 0.0078750000000000001 0.062600000000000003 0.062259999999999996 0.058945000000000004 0.0030009999999999998 0.0029099999999999998 0.0027790000000000002 0.00071600000000000006 0.00062699999999999995 0.00067600000000000006 10.338257051801524 10.338257051801524 10.338257051801524 0.0040984257637733858 0.0040984257637733858 0.0040984257637733858 1 1 1 Converged Converged Converged OK OK OK 52 52 52 52 52 52 4 4 4 0 0 0 0 1 0 0 1
106 106 linear 3 15 1063 2 0.001 0.21409504667813006 0.00033880964327975203 0.069063008163644246 -0.034279671235399461 -0.095220859895004478 -0.030075835955873289 0.5 0.030148348854197055 10.730264190656621 OK 13 12 0.61759399999999998 0.237959 0.073256000000000002 0.54073499999999997 0.16073999999999999 0 0.076859000000000011 0.07721900000000001 0.073256000000000002 0.0084810000000000007 0.0085880000000000001 0.0077759999999999999 0.054688999999999995 0.05471100000000001 0.052225000000000008 0.0022290000000000001 0.0023930000000000002 0.0022409999999999999 0.00049699999999999994 0.00052700000000000012 0.000486 10.730255759530525 10.730255759530525 10.730255759530525 0.0088851886337232115 0.0088851886337232115 0.0088851886337232115 1 1 1 Converged Converged Converged OK OK OK 44 44 44 44 44 44 4 4 4 0 0 0 0 1 0 0 1
106 106 linear 3 23 1063 3 0.001 0.21409504667813006 0.00033880964327975203 0.069063008163644246 -0.034279671235399461 -0.095220859895004478 -0.020467069602670612 0.5 0.020539582500994379 11.04505846377122 OK 13 12 0.62416700000000003 0.27223799999999998 0.093970999999999999 0.52471800000000002 0.16828199999999999 0 0.09944900000000001 0.10395599999999999 0.093970999999999999 0.0085459999999999998 0.0084930000000000005 0.0078499999999999993 0.074010000000000006 0.078763 0.070340999999999973 0.0030620000000000001 0.0031710000000000002 0.002849 0.00053600000000000002 0.00053499999999999999 0.00052499999999999997 11.04504568538144 11.04504568538144 11.04504568538144 0.0066086765157857292 0.0066086765157857292 0.0066086765157857292 1 1 1 Converged Converged Converged OK OK OK 52 52 52 52 52 52 4 4 4 0 0 0 0 1 0 0 1
106 106 linear 3 0 1063 0 0.0001 0.21409504667813006 0.00033880964327975203 0.069063008163644246 -0.034279671235399461 -0.095220859895004478 -0.048092272868128311 0.5 0.048164785766452077 9.9540463337969154 OK 13 12 0.67430100000000004 0.67592099999999999 0.114242 0.556863 0.55622400000000005 0 0.11743800000000004 0.11969699999999994 0.114242 0.0091909999999999995 0.0093109999999999998 0.0088339999999999998 0.083548000000000011 0.084887000000000004 0.080896999999999997 0.0036649999999999999 0.0037490000000000002 0.0037330000000000002 0.00083799999999999999 0.00082100000000000001 0.00086899999999999998 9.9540407084601537 9.9540407084601537 9.9540407084601537 0.00039010952178945342 0.00039010952178945342 0.00039010952178945342 1 1 1 Converged Converged Converged OK OK OK 68 68 68 68 68 68 4 4 4 0 0 0 0 0 1 0 0
106 106 linear 3 7 1063 1 0.0001 0.21409504667813006 0.00033880964327975203 0.069063008163644246 -0.034279671235399461 -0.095220859895004478 -0.039684602309075966 0.5 0.039757115207399732 10.338262531793886 OK 13 12 0.662995 0.29213800000000001 0.11204799999999999 0.54641200000000001 0.165713 0 0.11658299999999999 0.12642500000000001 0.11204799999999999 0.0085959999999999995 0.0084930000000000005 0.0078139999999999998 0.086724000000000009 0.096159999999999995 0.083555000000000004 0.0037730000000000003 0.0041700000000000001 0.0037160000000000001 0.00075100000000000004 0.00081799999999999993 0.00077000000000000007 10.338256728933739 10.338256728933739 10.338256728933739 0.00016365503649810002 0.00016365503649810002 0.00016365503649810002 1 1 1 Converged Converged Converged OK OK OK 68 68 68 68 68 68 4 4 4 0 0 0 0 1 0 0 1
106 106 linear 3 15 1063 2 0.0001 0.21409504667813006 0.00033880964327975203 0.069063008163644246 -0.034279671235399461 -0.095220859895004478 -0.030075835955873289 0.5 0.030148348854197055 10.730264190656621 OK 13 12 0.65821799999999997 0.28621000000000002 0.11545900000000001 0.54074100000000003 0.16040399999999999 0 0.11747699999999994 0.12580600000000003 0.11545900000000001 0.008456 0.0085179999999999995 0.0078100000000000001 0.087409000000000042 0.096029000000000003 0.087054999999999993 0.0037160000000000001 0.003882 0.0037779999999999997 0.00074299999999999995 0.000718 0.00070200000000000004 10.730257571729993 10.730257571729993 10.730257571729993 4.2137331011069845e-05 4.2137331011069845e-05 4.2137331011069845e-05 1 1 1 Converged Converged Converged OK OK OK 68 68 68 68 68 68 4 4 4 0 0 0 0 1 0 0 1
106 106 linear 3 23 1063 3 0.0001 0.21409504667813006 0.00033880964327975203 0.069063008163644246 -0.034279671235399461 -0.095220859895004478 -0.020467069602670612 0.5 0.020539582500994379 11.04505846377122 OK 13 12 0.63331599999999999 0.28237800000000002 0.103724 0.52418500000000001 0.16564499999999999 0 0.10913099999999998 0.11673300000000003 0.103724 0.0084729999999999996 0.0084749999999999999 0.0078560000000000001 0.081581000000000001 0.089693999999999996 0.077831999999999998 0.0032139999999999998 0.0033060000000000003 0.0031900000000000001 0.00066600000000000003 0.00058699999999999996 0.00057600000000000001 11.045050692748362 11.045050692748362 11.045050692748362 0.00093954880324783523 0.00093954880324783523 0.00093954880324783523 1 1 1 Converged Converged Converged OK OK OK 60 60 60 60 60 60 4 4 4 0 0 0 0 1 0 0 1
106 106 linear 4 0 1064 0 0.001 0.21409504667813006 0.00033880964327975203 0.069063008163644246 4.3490443155349157 -0.12043946227035796 4.3352317139021865 0.5 -4.3351592010038624 1.004407429842558 OK 12 11 0.48993199999999998 0.48299700000000001 0.086550000000000002 0.39985500000000002 0.39449299999999998 0 0.090076999999999963 0.088504000000000027 0.086550000000000002 0.0092910000000000006 0.0093640000000000008 0.0086379999999999998 0.063008999999999982 0.061745000000000001 0.061266000000000001 0.0027220000000000005 0.002892 0.0025409999999999999 0.00059299999999999999 0.00060300000000000002 0.00055800000000000001 1.0044053332227787 1.0044053332227787 1.0044053332227787 0.0002899680313505826 0.0002899680313505826 0.0002899680313505826 1 1 1 Converged Converged Converged OK OK OK 52 52 52 52 52 52 4 4 4 0 0 0 0 0 1 0 0
106 106 linear 4 7 1064 1 0.001 0.21409504667813006 0.00033880964327975203 0.069063008163644246 4.3490443155349157 -0.12043946227035796 4.3436393844612393 0.5 -4.3435668715629152 1.0043895174013417 OK 12 11 0.464642 0.240455 0.082521999999999998 0.37905499999999998 0.14244999999999999 0 0.085587000000000024 0.098005000000000009 0.082521999999999998 0.0082629999999999995 0.0083070000000000001 0.0078230000000000001 0.062058999999999989 0.074589000000000016 0.060445999999999993 0.002598 0.0028190000000000003 0.0025370000000000002 0.00051000000000000004 0.00056399999999999994 0.000504 1.0043875566652585 1.0043875566652585 1.0043875566652585 0.00028954767435280702 0.00028954767435280702 0.00028954767435280702 1 1 1 Converged Converged Converged OK OK OK 52 52 52 52 52 52 4 4 4 0 0 0 0 1 0 0 1
106 106 linear 4 15 1064 2 0.001 0.21409504667813006 0.00033880964327975203 0.069063008163644246 4.3490443155349157 -0.12043946227035796 4.3532481508144416 0.5 -4.3531756379161175 1.0043760908546535 OK 12 11 0.48554399999999998 0.236209 0.081702999999999998 0.39576299999999998 0.13936000000000001 0 0.089781 0.096848999999999991 0.081702999999999998 0.013025999999999999 0.0082789999999999999 0.0076010000000000001 0.061640000000000014 0.073626999999999998 0.059867999999999998 0.0027049999999999999 0.0026840000000000002 0.002431 0.00055000000000000003 0.00054000000000000001 0.00052499999999999997 1.0043741196938341 1.0043741196938341 1.0043741196938341 0.00028974808799157783 0.00028974808799157783 0.00028974808799157783 1 1 1 Converged Converged Converged OK OK OK 52 52 52 52 52 52 4 4 4 0 0 0 0 1 0 0 1
106 106 linear 4 23 1064 3 0.001 0.21409504667813006 0.00033880964327975203 0.069063008163644246 4.3490443155349157 -0.12043946227035796 4.3628569171676448 0.5 -4.3627844042693207 1.0043723779110909 OK 12 11 0.49446600000000002 0.235927 0.078994999999999996 0.41243400000000002 0.142202 0 0.082031999999999994 0.093725000000000003 0.078994999999999996 0.0082220000000000001 0.0083739999999999995 0.0077460000000000003 0.059108999999999995 0.070525000000000004 0.057249000000000022 0.0024749999999999998 0.0026910000000000002 0.0024229999999999998 0.00051200000000000009 0.00050799999999999999 0.00055599999999999996 1.0043703731188693 1.0043703731188693 1.0043703731188693 0.00029056744064266064 0.00029056744064266064 0.00029056744064266064 1 1 1 Converged Converged Converged OK OK OK 52 52 52 52 52 52 4 4 4 0 0 0 0 1 0 0 1
106 106 linear 4 0 1064 0 0.0001 0.21409504667813006 0.00033880964327975203 0.069063008163644246 4.3490443155349157 -0.12043946227035796 4.3352317139021865 0.5 -4.3351592010038624 1.004407429842558 OK 12 11 0.49677399999999999 0.49600300000000003 0.104181 0.39116299999999998 0.39219199999999999 0 0.10561100000000001 0.10381100000000004 0.104181 0.0092399999999999999 0.009188 0.008633 0.075364 0.073895000000000016 0.075913000000000022 0.0034849999999999998 0.0033030000000000004 0.0029459999999999998 0.00064000000000000005 0.00067599999999999995 0.00064300000000000002 1.004407131173555 1.004407131173555 1.004407131173555 8.3733648870483372e-06 8.3733648870483372e-06 8.3733648870483372e-06 1 1 1 Converged Converged Converged OK OK OK 60 60 60 60 60 60 4 4 4 0 0 0 0 0 1 0 0
106 106 linear 4 7 1064 1 0.0001 0.21409504667813006 0.00033880964327975203 0.069063008163644246 4.3490443155349157 -0.12043946227035796 4.3436393844612393 0.5 -4.3435668715629152 1.0043895174013417 OK 12 11 0.48049399999999998 0.251946 0.096936999999999995 0.37458799999999998 0.13993 0 0.105906 0.112016 0.096936999999999995 0.0082649999999999998 0.0083180000000000007 0.0077409999999999996 0.07893399999999999 0.086274999999999977 0.072360999999999981 0.003718 0.0031199999999999999 0.0030410000000000003 0.00067299999999999988 0.00063600000000000006 0.00059299999999999999 1.004389332820822 1.004389332820822 1.004389332820822 1.0389413525611724e-05 1.0389413525611724e-05 1.0389413525611724e-05 1 1 1 Converged Converged Converged OK OK OK 60 60 60 60 60 60 4 4 4 0 0 0 0 1 0 0 1
106 106 linear 4 15 1064 2 0.0001 0.21409504667813006 0.00033880964327975203 0.069063008163644246 4.3490443155349157 -0.12043946227035796 4.3532481508144416 0.5 -4.3531756379161175 1.0043760908546535 OK 12 11 0.49649900000000002 0.25601200000000002 0.097672999999999996 0.39450600000000002 0.140182 0 0.101993 0.11583000000000002 0.097672999999999996 0.008404 0.0083280000000000003 0.0076449999999999999 0.07561699999999999 0.08991399999999998 0.073199999999999987 0.0033829999999999997 0.0031110000000000001 0.0030130000000000001 0.00068599999999999998 0.00069699999999999992 0.00064499999999999996 1.0043758658345709 1.0043758658345709 1.0043758658345709 1.2970307445099204e-05 1.2970307445099204e-05 1.2970307445099204e-05 1 1 1 Converged Converged Converged OK OK OK 60 60 60 60 60 60 4 4 4 0 0 0 0 1 0 0 1
106 106 linear 4 23 1064 3 0.0001 0.21409504667813006 0.00033880964327975203 0.069063008163644246 4.3490443155349157 -0.12043946227035796 4.3628569171676448 0.5 -4.3627844042693207 1.0043723779110909 OK 12 11 0.50683599999999995 0.250114 0.093498999999999999 0.40921299999999999 0.141793 0 0.09762299999999996 0.108321 0.093498999999999999 0.0083940000000000004 0.0083350000000000004 0.0076449999999999999 0.071648999999999963 0.08299200000000001 0.069192000000000004 0.0030930000000000003 0.002993 0.0029380000000000001 0.00068500000000000006 0.00067000000000000002 0.00058299999999999997 1.0043720791788262 1.0043720791788262 1.0043720791788262 1.5554723167794989e-05 1.5554723167794989e-05 1.5554723167794989e-05 1 1 1 Converged Converged Converged OK OK OK 60 60 60 60 60 60 4 4 4 0 0 0 0 1 0 0 1
106 106 uniform 0 0 1065 0 0.001 0.21409504667813006 0.00033880964327975203 0.069063008163644246 4.4559861857011267 0.19139982662939911 4.4421735840683976 0 -4.4421010711700735 1.0060714582252877 OK 10 9 0.50252600000000003 0.49982100000000002 0.039712999999999998 0.46127699999999999 0.458478 0 0.041249000000000036 0.041343000000000019 0.039712999999999998 0.006633 0.0066090000000000003 0.0061180000000000002 0.025724999999999994 0.026056999999999997 0.025366999999999997 0.001206 0.0012110000000000001 0.0011689999999999999 0.00034000000000000002 0.00035599999999999998 0.00033 1.0060717942470931 1.0060717942470931 1.0060717942470931 0.00046392103232112923 0.00046392103232112923 0.00046392103232112923 1 1 1 Converged Converged Converged OK OK OK 29 29 29 29 29 29 3 3 3 0 0 0 0 0 1 0 0
106 106 uniform 0 7 1065 1 0.001 0.21409504667813006 0.00033880964327975203 0.069063008163644246 4.4559861857011267 0.19139982662939911 4.4505812546274504 0 -4.4505087417291262 1.0060495334026589 OK 9 8 0.49644100000000002 0.171456 0.035174999999999998 0.45989999999999998 0.12928100000000001 0 0.036541000000000046 0.04217499999999999 0.035174999999999998 0.0057730000000000004 0.0058209999999999998 0.0054260000000000003 0.023101 0.028999000000000004 0.022770000000000006 0.0011169999999999999 0.0010639999999999998 0.0010189999999999999 0.00035199999999999999 0.00034400000000000001 0.00033700000000000001 1.0060477297468182 1.0060477297468182 1.0060477297468182 0.00090772001246403945 0.00090772001246403945 0.00090772001246403945 1 1 1 Converged Converged Converged OK OK OK 22 22 22 22 22 22 2 2 2 0 0 0 0 1 0 0 1
106 106 uniform 0 15 1065 2 0.001 0.21409504667813006 0.00033880964327975203 0.069063008163644246 4.4559861857011267 0.19139982662939911 4.4601900209806526 0 -4.4601175080823285 1.006002750640915 OK 10 9 0.479014 0.18087 0.037995000000000001 0.439191 0.132136 0 0.039822999999999997 0.048734 0.037995000000000001 0.0057990000000000003 0.0056769999999999998 0.0052529999999999999 0.025914000000000003 0.035330999999999994 0.025536000000000003 0.0012229999999999999 0.001163 0.001085 0.00034699999999999998 0.00034000000000000002 0.00032200000000000002 1.0060038433149829 1.0060038433149829 1.0060038433149829 0.00052481376163936784 0.00052481376163936784 0.00052481376163936784 1 1 1 Converged Converged Converged OK OK OK 29 29 29 29 29 29 3 3 3 0 0 0 0 1 0 0 1
106 106 uniform 0 23 1065 3 0.001 0.21409504667813006 0.00033880964327975203 0.069063008163644246 4.4559861857011267 0.19139982662939911 4.4697987873338558 0 -4.4697262744355317 1.005932702433407 OK 11 10 0.49306100000000003 0.18274499999999999 0.040569000000000001 0.44985000000000003 0.13222200000000001 0 0.043210999999999999 0.050522999999999985 0.040569000000000001 0.0061320000000000003 0.0060790000000000002 0.0056080000000000001 0.028718999999999995 0.036766999999999994 0.027776000000000002 0.001286 0.001219 0.001108 0.00039299999999999996 0.00033299999999999996 0.00030699999999999998 1.0059329431493982 1.0059329431493982 1.0059329431493982 0.00043427199358007354 0.00043427199358007354 0.00043427199358007354 1 1 1 Converged Converged Converged OK OK OK 29 29 29 29 29 29 3 3 3 0 0 0 0 1 0 0 1
106 106 uniform 0 0 1065 0 0.0001 0.21409504667813006 0.00033880964327975203 0.069063008163644246 4.4559861857011267 0.19139982662939911 4.4421735840683976 0 -4.4421010711700735 1.0060714582252877 OK 10 9 0.52344999999999997 0.52773700000000001 0.065130999999999994 0.45788800000000002 0.46207100000000001 0 0.065561999999999954 0.065666000000000002 0.065130999999999994 0.0063680000000000004 0.0064330000000000003 0.0062899999999999996 0.042571999999999999 0.042783000000000002 0.04222900000000001 0.0024029999999999998 0.0024889999999999999 0.0025219999999999999 0.00055100000000000006 0.00055999999999999995 0.00054100000000000003 1.0060714498041439 1.0060714498041439 1.0060714498041439 1.1308997172654245e-06 1.1308997172654245e-06 1.1308997172654245e-06 1 1 1 Converged Converged Converged OK OK OK 53 53 53 53 53 53 3 3 3 0 0 0 0 0 1 0 0
106 106 uniform 0 7 1065 1 0.0001 0.21409504667813006 0.00033880964327975203 0.069063008163644246 4.4559861857011267 0.19139982662939911 4.4505812546274504 0 -4.4505087417291262 1.0060495334026589 OK 9 8 0.51897700000000002 0.20876900000000001 0.059877 0.45823700000000001 0.13385 0 0.060740000000000016 0.074919000000000013 0.059877 0.0056779999999999999 0.0057869999999999996 0.0053959999999999998 0.040029000000000009 0.053389999999999986 0.039843000000000003 0.0023749999999999999 0.0028799999999999997 0.0024619999999999998 0.00063299999999999999 0.0006069999999999999 0.00058500000000000002 1.0060495211092559 1.0060495211092559 1.0060495211092559 3.5827888666600274e-06 3.5827888666600274e-06 3.5827888666600274e-06 1 1 1 Converged Converged Converged OK OK OK 46 46 46 46 46 46 2 2 2 0 0 0 0 1 0 0 1
106 106 uniform 0 15 1065 2 0.0001 0.21409504667813006 0.00033880964327975203 0.069063008163644246 4.4559861857011267 0.19139982662939911 4.4601900209806526 0 -4.4601175080823285 1.006002750640915 OK 10 9 0.50593500000000002 0.212867 0.062390000000000001 0.44131300000000001 0.135269 0 0.064622000000000013 0.077598 0.062390000000000001 0.0058539999999999998 0.0059610000000000002 0.005411 0.043935000000000023 0.056675000000000003 0.04329199999999999 0.002529 0.0027060000000000001 0.0023449999999999999 0.000629 0.00060099999999999997 0.000562 1.0060027576029986 1.0060027576029986 1.0060027576029986 2.2367669118981495e-06 2.2367669118981495e-06 2.2367669118981495e-06 1 1 1 Converged Converged Converged OK OK OK 53 53 53 53 53 53 3 3 3 0 0 0 0 1 0 0 1
106 106 uniform 0 23 1065 3 0.0001 0.21409504667813006 0.00033880964327975203 0.069063008163644246 4.4559861857011267 0.19139982662939911 4.4697987873338558 0 -4.4697262744355317 1.005932702433407 OK 11 10 0.50674799999999998 0.20729 0.055074999999999999 0.45027800000000001 0.134746 0 0.056469999999999965 0.072543999999999997 0.055074999999999999 0.0058529999999999997 0.0060080000000000003 0.0054720000000000003 0.037823000000000002 0.053896999999999987 0.037597999999999999 0.0019690000000000003 0.0020340000000000002 0.0018700000000000001 0.00046900000000000002 0.00047800000000000002 0.00043899999999999999 1.0059329431576363 1.0059329431576363 1.0059329431576363 8.1219344357428595e-05 8.1219344357428595e-05 8.1219344357428595e-05 1 1 1 Converged Converged Converged OK OK OK 45 45 45 45 45 45 3 3 3 0 0 0 0 1 0 0 1
106 106 uniform 1 0 1066 0 0.001 0.21409504667813006 0.00033880964327975203 0.069063008163644246 4.4496584401704098 -0.22313995091414571 4.4358458385376807 0 -4.4357733256393566 1.0059367072941694 OK 11 10 0.48441800000000002 0.47883300000000001 0.053927000000000003 0.42929299999999998 0.42424899999999999 0 0.055125000000000035 0.054584000000000021 0.053927000000000003 0.0067520000000000002 0.0065659999999999998 0.0062630000000000003 0.036684999999999995 0.036613 0.03651900000000001 0.0014339999999999999 0.0014760000000000001 0.0014199999999999998 0.000357 0.00035399999999999999 0.00035199999999999999 1.005933651656816 1.005933651656816 1.005933651656816 0.00044290667031490007 0.00044290667031490007 0.00044290667031490007 1 1 1 Converged Converged Converged OK OK OK 43 43 43 43 43 43 5 5 5 0 0 0 0 0 1 0 0
106 106 uniform 1 7 1066 1 0.001 0.21409504667813006 0.00033880964327975203 0.069063008163644246 4.4496584401704098 -0.22313995091414571 4.4442535090967334 0 -4.4441809961984093 1.0059458334498181 OK 11 10 0.49096600000000001 0.18839800000000001 0.052414000000000002 0.43717099999999998 0.128524 0 0.053795000000000037 0.059874000000000011 0.052414000000000002 0.0057759999999999999 0.0056820000000000004 0.0054599999999999996 0.038065000000000002 0.044466999999999993 0.037647999999999994 0.0014299999999999998 0.0014629999999999999 0.0013860000000000001 0.00036099999999999999 0.00035599999999999998 0.00033800000000000003 1.0059439341819745 1.0059439341819745 1.0059439341819745 0.00044135020604213428 0.00044135020604213428 0.00044135020604213428 1 1 1 Converged Converged Converged OK OK OK 43 43 43 43 43 43 5 5 5 0 0 0 0 1 0 0 1
106 106 uniform 1 15 1066 2 0.001 0.21409504667813006 0.00033880964327975203 0.069063008163644246 4.4496584401704098 -0.22313995091414571 4.4538622754499357 0 -4.4537897625516116 1.0059205053468254 OK 11 10 0.498838 0.18106900000000001 0.047889000000000001 0.44938899999999998 0.12620000000000001 0 0.049449000000000021 0.054869000000000001 0.047889000000000001 0.0058979999999999996 0.005718 0.0053080000000000002 0.033679000000000008 0.039515000000000002 0.033274999999999999 0.0015270000000000001 0.001518 0.0014499999999999999 0.00035199999999999999 0.00035599999999999998 0.00034600000000000001 1.0059190363440433 1.0059190363440433 1.0059190363440433 0.00044019760065124947 0.00044019760065124947 0.00044019760065124947 1 1 1 Converged Converged Converged OK OK OK 43 43 43 43 43 43 5 5 5 0 0 0 0 1 0 0 1
106 106 uniform 1 23 1066 3 0.001 0.21409504667813006 0.00033880964327975203 0.069063008163644246 4.4496584401704098 -0.22313995091414571 4.4634710418031389 0 -4.4633985289048148 1.0058592408237585 OK 11 10 0.488786 0.189439 0.052579000000000001 0.43463099999999999 0.129911 0 0.054155000000000009 0.059527999999999998 0.052579000000000001 0.0057730000000000004 0.0057499999999999999 0.0053369999999999997 0.038511999999999998 0.044231999999999987 0.037967999999999988 0.0014449999999999999 0.0014320000000000001 0.0014550000000000001 0.00035599999999999998 0.00035400000000000004 0.00034600000000000001 1.0058573594004452 1.0058573594004452 1.0058573594004452 0.00043906570304597721 0.00043906570304597721 0.00043906570304597721 1 1 1 Converged Converged Converged OK OK OK 43 43 43 43 43 43 5 5 5 0 0 0 0 1 0 0 1
106 106 uniform 1 0 1066 0 0.0001 0.21409504667813006 0.00033880964327975203 0.069063008163644246 4.4496584401704098 -0.22313995091414571 4.4358458385376807 0 -4.4357733256393566 1.0059367072941694 OK 11 10 0.49898799999999999 0.49727900000000003 0.07102 0.42767300000000003 0.425925 0 0.071314999999999962 0.071354000000000029 0.07102 0.0066360000000000004 0.0067689999999999998 0.0064539999999999997 0.047128999999999997 0.047344000000000011 0.047410999999999981 0.0023160000000000004 0.002343 0.0023370000000000001 0.00049299999999999995 0.00049599999999999991 0.00049300000000000006 1.005933651665053 1.005933651665053 1.005933651665053 8.9835123613351742e-05 8.9835123613351742e-05 8.9835123613351742e-05 1 1 1 Converged Converged Converged OK OK OK 59 59 59 59 59 59 5 5 5 0 0 0 0 0 1 0 0
106 106 uniform 1 7 1066 1 0.0001 0.21409504667813006 0.00033880964327975203 0.069063008163644246 4.4496584401704098 -0.22313995091414571 4.4442535090967334 0 -4.4441809961984093 1.0059458334498181 OK 11 10 0.50584799999999996 0.21515500000000001 0.068490999999999996 0.43670500000000001 0.132129 0 0.069142999999999954 0.083026000000000016 0.068490999999999996 0.0057720000000000002 0.0058050000000000003 0.0054599999999999996 0.048584000000000016 0.062245999999999982 0.048617000000000007 0.0022850000000000001 0.0024429999999999999 0.0023049999999999998 0.0005089999999999999 0.00049300000000000006 0.00048699999999999997 1.0059439341902094 1.0059439341902094 1.0059439341902094 8.8283599474958384e-05 8.8283599474958384e-05 8.8283599474958384e-05 1 1 1 Converged Converged Converged OK OK OK 59 59 59 59 59 59 5 5 5 0 0 0 0 1 0 0 1
106 106 uniform 1 15 1066 2 0.0001 0.21409504667813006 0.00033880964327975203 0.069063008163644246 4.4496584401704098 -0.22313995091414571 4.4538622754499357 0 -4.4537897625516116 1.0059205053468254 OK 11 10 0.51435799999999998 0.20506099999999999 0.063738000000000003 0.44892799999999999 0.12642900000000001 0 0.065429999999999988 0.07863199999999998 0.063738000000000003 0.0057660000000000003 0.0058469999999999998 0.0053499999999999997 0.044741000000000003 0.057665999999999981 0.044295999999999995 0.002307 0.0025490000000000001 0.0023160000000000004 0.00051600000000000007 0.00051900000000000004 0.00048200000000000001 1.0059190363522805 1.0059190363522805 1.0059190363522805 8.7136593895736911e-05 8.7136593895736911e-05 8.7136593895736911e-05 1 1 1 Converged Converged Converged OK OK OK 59 59 59 59 59 59 5 5 5 0 0 0 0 1 0 0 1
106 106 uniform 1 23 1066 3 0.0001 0.21409504667813006 0.00033880964327975203 0.069063008163644246 4.4496584401704098 -0.22313995091414571 4.4634710418031389 0 -4.4633985289048148 1.0058592408237585 OK 11 10 0.50817199999999996 0.214114 0.067958000000000005 0.43886399999999998 0.130691 0 0.069307999999999981 0.083422999999999997 0.067958000000000005 0.0057219999999999997 0.0059170000000000004 0.0053359999999999996 0.048830999999999992 0.061942999999999998 0.048478999999999987 0.0022759999999999998 0.0028479999999999998 0.0022290000000000001 0.00047800000000000002 0.00053399999999999997 0.00048000000000000001 1.0058573594086855 1.0058573594086855 1.0058573594086855 8.6010247502150378e-05 8.6010247502150378e-05 8.6010247502150378e-05 1 1 1 Converged Converged Converged OK OK OK 59 59 59 59 59 59 5 5 5 0 0 0 0 1 0 0 1
106 106 uniform 2 0 1067 0 0.001 0.21409504667813006 0.00033880964327975203 0.069063008163644246 0.073656304771742315 -0.017051107879423318 0.059843703139013465 0 -0.059771190240689699 21.60589958442041 OK 13 12 0.81511500000000003 0.81227300000000002 0.20469300000000001 0.61612999999999996 0.61375900000000005 0 0.19898500000000008 0.19851399999999997 0.20469300000000001 0.01116 0.011220000000000001 0.012263 0.15486199999999994 0.15384600000000001 0.15849600000000005 0.0047060000000000001 0.0052649999999999988 0.0051729999999999996 0.001114 0.001103 0.0012699999999999999 21.606157714895211 21.606157714895211 21.606157714895211 0.01648068923043591 0.01648068923043591 0.01648068923043591 1 1 1 Converged Converged Converged OK OK OK 104 104 104 104 104 104 8 8 8 0 0 0 0 0 1 0 0
106 106 uniform 2 7 1067 1 0.001 0.21409504667813006 0.00033880964327975203 0.069063008163644246 0.073656304771742315 -0.017051107879423318 0.068251373698065804 0 -0.068178860799742044 17.599602176027016 OK 14 14 0.85736100000000004 0.54223699999999997 0.23299800000000001 0.63511399999999996 0.30995499999999998 0 0.22224700000000008 0.23228199999999999 0.23299800000000001 0.014905 0.015247 0.015354 0.16753099999999996 0.17630100000000004 0.17664600000000005 0.0063899999999999998 0.0072499999999999995 0.007022999999999998 0.0015249999999999999 0.001629 0.001634 17.599227615015337 17.599227615015337 17.599227615015337 0.01213422545877839 0.01213422545877839 0.01213422545877839 1 1 1 Converged Converged Converged OK OK OK 127 127 127 127 127 127 9 9 9 0 0 0 0 1 0 0 1
106 106 uniform 2 15 1067 2 0.001 0.21409504667813006 0.00033880964327975203 0.069063008163644246 0.073656304771742315 -0.017051107879423318 0.077860140051268484 0 -0.077787627152944724 14.346698899518964 OK 15 14 0.74901099999999998 0.44636999999999999 0.21907099999999999 0.53267100000000001 0.201905 0 0.21633999999999998 0.24446499999999999 0.21907099999999999 0.015051 0.015493 0.015610000000000001 0.16867599999999994 0.19396700000000008 0.17094699999999996 0.0060289999999999996 0.0072559999999999986 0.0060729999999999994 0.001397 0.0015299999999999999 0.0014260000000000002 14.346924028057444 14.346924028057444 14.346924028057444 0.013919164586330784 0.013919164586330784 0.013919164586330784 1 1 1 Converged Converged Converged OK OK OK 127 127 127 127 127 127 9 9 9 0 0 0 0 1 0 0 1
106 106 uniform 2 23 1067 3 0.001 0.21409504667813006 0.00033880964327975203 0.069063008163644246 0.073656304771742315 -0.017051107879423318 0.087468906404471164 0 -0.087396393506147405 12.386031891089168 OK 15 14 0.782196 0.46810099999999999 0.217699 0.55582900000000002 0.21787500000000001 0 0.22636699999999998 0.25022599999999995 0.217699 0.015393 0.016444 0.014052 0.17551400000000009 0.199132 0.17155300000000004 0.0076679999999999995 0.0063949999999999979 0.0058939999999999999 0.0015610000000000001 0.0015069999999999999 0.0014940000000000001 12.385371443696918 12.385371443696918 12.385371443696918 0.011334402031040754 0.011334402031040754 0.011334402031040754 1 1 1 Converged Converged Converged OK OK OK 127 127 127 127 127 127 9 9 9 0 0 0 0 1 0 0 1
106 106 uniform 2 0 1067 0 0.0001 0.21409504667813006 0.00033880964327975203 0.069063008163644246 0.073656304771742315 -0.017051107879423318 0.059843703139013465 0 -0.059771190240689699 21.60589958442041 OK 13 12 0.91033299999999995 0.89992799999999995 0.27817900000000001 0.61824000000000001 0.61860199999999999 0 0.29209299999999994 0.28132599999999996 0.27817900000000001 0.012818 0.011449000000000001 0.011176999999999999 0.22427999999999995 0.21757599999999991 0.21544700000000003 0.011512000000000001 0.0095120000000000014 0.0090109999999999999 0.0016660000000000002 0.001585 0.0015400000000000001 21.605889583576509 21.605889583576509 21.605889583576509 0.001561197901184269 0.001561197901184269 0.001561197901184269 1 1 1 Converged Converged Converged OK OK OK 160 160 160 160 160 160 8 8 8 0 0 0 0 0 1 0 0
106 106 uniform 2 7 1067 1 0.0001 0.21409504667813006 0.00033880964327975203 0.069063008163644246 0.073656304771742315 -0.017051107879423318 0.068251373698065804 0 -0.068178860799742044 17.599602176027016 OK 14 14 0.93811900000000004 0.64026099999999997 0.30019000000000001 0.62860799999999994 0.31408799999999998 0 0.30951100000000009 0.32617299999999999 0.30019000000000001 0.015342 0.015438 0.014414 0.23800100000000007 0.25648600000000005 0.23229000000000002 0.012481000000000003 0.011114000000000001 0.010849999999999999 0.0021090000000000002 0.0021380000000000001 0.002199 17.599545809868534 17.599545809868534 17.599545809868534 0.0016938444538100853 0.0016938444538100853 0.0016938444538100853 1 1 1 Converged Converged Converged OK OK OK 183 183 183 183 183 183 9 9 9 0 0 0 0 1 0 0 1
106 106 uniform 2 15 1067 2 0.0001 0.21409504667813006 0.00033880964327975203 0.069063008163644246 0.073656304771742315 -0.017051107879423318 0.077860140051268484 0 -0.077787627152944724 14.346698899518964 OK 15 14 0.88196200000000002 0.58158399999999999 0.34300999999999998 0.528285 0.202988 0 0.35367700000000002 0.37859599999999999 0.34300999999999998 0.015682999999999999 0.016091999999999999 0.014515999999999999 0.28104000000000012 0.30462100000000003 0.27595999999999998 0.014596000000000001 0.014432 0.011413000000000001 0.002104 0.001954 0.0020050000000000003 14.346680390670585 14.346680390670585 14.346680390670585 0.00079982508668333856 0.00079982508668333856 0.00079982508668333856 1 1 1 Converged Converged Converged OK OK OK 207 207 207 207 207 207 9 9 9 0 0 0 0 1 0 0 1
106 106 uniform 2 23 1067 3 0.0001 0.21409504667813006 0.00033880964327975203 0.069063008163644246 0.073656304771742315 -0.017051107879423318 0.087468906404471164 0 -0.087396393506147405 12.386031891089168 OK 15 14 0.90198699999999998 0.57687200000000005 0.33743400000000001 0.55851799999999996 0.210759 0 0.34346900000000002 0.36611300000000002 0.33743400000000001 0.015424 0.015235 0.014312999999999999 0.2769899999999999 0.29911300000000002 0.27366500000000005 0.012156 0.012666 0.011536000000000001 0.0019410000000000002 0.0020540000000000003 0.0020210000000000002 12.386026137213891 12.386026137213891 12.386026137213891 0.00059143123249336843 0.00059143123249336843 0.00059143123249336843 1 1 1 Converged Converged Converged OK OK OK 207 207 207 207 207 207 9 9 9 0 0 0 0 1 0 0 1
106 106 uniform 3 0 1068 0 0.001 0.21409504667813006 0.00033880964327975203 0.069063008163644246 -0.034279671235399461 -0.095220859895004478 -0.048092272868128311 0 0.048164785766452077 10.006983428060261 OK 13 12 0.63180599999999998 0.63266 0.070691000000000004 0.55999600000000005 0.56096599999999996 0 0.071809999999999929 0.071694000000000035 0.070691000000000004 0.0091929999999999998 0.0092510000000000005 0.0087840000000000001 0.043692000000000002 0.043554000000000002 0.043366000000000002 0.0025709999999999999 0.0025279999999999999 0.0025429999999999997 0.00061400000000000007 0.00060900000000000006 0.00064800000000000003 10.006983266807476 10.006983266807476 10.006983266807476 0.00202930560373289 0.00202930560373289 0.00202930560373289 1 1 1 Converged Converged Converged OK OK OK 52 52 52 52 52 52 4 4 4 0 0 0 0 0 1 0 0
106 106 uniform 3 7 1068 1 0.001 0.21409504667813006 0.00033880964327975203 0.069063008163644246 -0.034279671235399461 -0.095220859895004478 -0.039684602309075966 0 0.039757115207399732 10.398279913958712 OK 13 12 0.61626700000000001 0.23974100000000001 0.069430000000000006 0.54448099999999999 0.16563700000000001 0 0.071786000000000016 0.074104000000000003 0.069430000000000006 0.0086510000000000007 0.0084539999999999997 0.0078480000000000008 0.046724999999999989 0.049746000000000012 0.045989999999999989 0.0026800000000000001 0.0025729999999999998 0.0024810000000000001 0.00061900000000000008 0.00063200000000000007 0.000602 10.398280466747401 10.398280466747401 10.398280466747401 0.0041853220832647172 0.0041853220832647172 0.0041853220832647172 1 1 1 Converged Converged Converged OK OK OK 52 52 52 52 52 52 4 4 4 0 0 0 0 1 0 0 1
106 106 uniform 3 15 1068 2 0.001 0.21409504667813006 0.00033880964327975203 0.069063008163644246 -0.034279671235399461 -0.095220859895004478 -0.030075835955873289 0 0.030148348854197055 10.798231695707365 OK 13 12 0.62820500000000001 0.25718099999999999 0.088943999999999995 0.53826099999999999 0.161355 0 0.089944000000000024 0.095825999999999995 0.088943999999999995 0.0086079999999999993 0.0085380000000000005 0.0078510000000000003 0.060982000000000001 0.067616999999999997 0.062289000000000004 0.003274 0.0032030000000000001 0.0029710000000000001 0.00070799999999999997 0.000629 0.00059699999999999998 10.798229172371059 10.798229172371059 10.798229172371059 0.0044322316322495175 0.0044322316322495175 0.0044322316322495175 1 1 1 Converged Converged Converged OK OK OK 60 60 60 60 60 60 4 4 4 0 0 0 0 1 0 0 1
106 106 uniform 3 23 1068 3 0.001 0.21409504667813006 0.00033880964327975203 0.069063008163644246 -0.034279671235399461 -0.095220859895004478 -0.020467069602670612 0 0.020539582500994379 11.1199816121827 OK 13 12 0.607352 0.25403100000000001 0.077621999999999997 0.52698800000000001 0.16722000000000001 0 0.080363999999999991 0.086810999999999999 0.077621999999999997 0.0085009999999999999 0.0086169999999999997 0.0078580000000000004 0.055268000000000005 0.062197000000000009 0.054315999999999996 0.0028570000000000002 0.0026739999999999997 0.0025530000000000001 0.00051400000000000003 0.00047699999999999999 0.00045799999999999997 11.119976149424099 11.119976149424099 11.119976149424099 0.0097527898597079294 0.0097527898597079294 0.0097527898597079294 1 1 1 Converged Converged Converged OK OK OK 52 52 52 52 52 52 4 4 4 0 0 0 0 1 0 0 1
106 106 uniform 3 0 1068 0 0.0001 0.21409504667813006 0.00033880964327975203 0.069063008163644246 -0.034279671235399461 -0.095220859895004478 -0.048092272868128311 0 0.048164785766452077 10.006983428060261 OK 13 12 0.65659800000000001 0.65794699999999995 0.094858999999999999 0.56093800000000005 0.55740500000000004 0 0.095659999999999967 0.10054199999999991 0.094858999999999999 0.0091959999999999993 0.0092709999999999997 0.0087229999999999999 0.061597000000000013 0.062429999999999999 0.061556000000000013 0.0034219999999999997 0.003529 0.0036319999999999998 0.00077899999999999996 0.00081099999999999998 0.00083000000000000001 10.00698324051459 10.00698324051459 10.00698324051459 0.00051243565682927543 0.00051243565682927543 0.00051243565682927543 1 1 1 Converged Converged Converged OK OK OK 68 68 68 68 68 68 4 4 4 0 0 0 0 0 1 0 0
106 106 uniform 3 7 1068 1 0.0001 0.21409504667813006 0.00033880964327975203 0.069063008163644246 -0.034279671235399461 -0.095220859895004478 -0.039684602309075966 0 0.039757115207399732 10.398279913958712 OK 13 12 0.63946000000000003 0.27365800000000001 0.095888000000000001 0.54576499999999994 0.168657 0 0.093695000000000084 0.10500100000000001 0.095888000000000001 0.0085290000000000001 0.0085660000000000007 0.0078250000000000004 0.064495000000000011 0.075789000000000009 0.067511000000000015 0.0033310000000000002 0.0033439999999999998 0.0034890000000000003 0.00073200000000000001 0.00075300000000000009 0.00073299999999999993 10.398279742466283 10.398279742466283 10.398279742466283 0.00018630145475317545 0.00018630145475317545 0.00018630145475317545 1 1 1 Converged Converged Converged OK OK OK 68 68 68 68 68 68 4 4 4 0 0 0 0 1 0 0 1
106 106 uniform 3 15 1068 2 0.0001 0.21409504667813006 0.00033880964327975203 0.069063008163644246 -0.034279671235399461 -0.095220859895004478 -0.030075835955873289 0 0.030148348854197055 10.798231695707365 OK 13 12 0.633301 0.26883299999999999 0.093021999999999994 0.53800099999999995 0.16280800000000001 0 0.095300000000000051 0.10602499999999998 0.093021999999999994 0.0084869999999999998 0.0085529999999999998 0.0078239999999999994 0.065506999999999982 0.076604999999999993 0.064740000000000006 0.0037089999999999996 0.0034320000000000002 0.003454 0.00077500000000000008 0.00074700000000000005 0.00070600000000000003 10.798231501364537 10.798231501364537 10.798231501364537 2.9356593427880669e-05 2.9356593427880669e-05 2.9356593427880669e-05 1 1 1 Converged Converged Converged OK OK OK 68 68 68 68 68 68 4 4 4 0 0 0 0 1 0 0 1
106 106 uniform 3 23 1068 3 0.0001 0.21409504667813006 0.00033880964327975203 0.069063008163644246 -0.034279671235399461 -0.095220859895004478 -0.020467069602670612 0 0.020539582500994379 11.1199816121827 OK 13 12 0.61829800000000001 0.27451799999999998 0.094264000000000001 0.52229999999999999 0.166959 0 0.095998000000000028 0.10755899999999999 0.094264000000000001 0.0085190000000000005 0.0084849999999999995 0.0077600000000000004 0.066499000000000003 0.078199000000000018 0.066191000000000028 0.0033800000000000002 0.003424 0.0033729999999999997 0.00077300000000000003 0.00076399999999999992 0.00075000000000000002 11.119981383112927 11.119981383112927 11.119981383112927 1.5783995744170872e-05 1.5783995744170872e-05 1.5783995744170872e-05 1 1 1 Converged Converged Converged OK OK OK 68 68 68 68 68 68 4 4 4 0 0 0 0 1 0 0 1
106 106 uniform 4 0 1069 0 0.001 0.21409504667813006 0.00033880964327975203 0.069063008163644246 4.3490443155349157 -0.12043946227035796 4.3352317139021865 0 -4.3351592010038624 1.004410580891552 OK 12 11 0.45471200000000001 0.46019399999999999 0.059514999999999998 0.39427000000000001 0.39962300000000001 0 0.060441999999999996 0.060570999999999986 0.059514999999999998 0.0091269999999999997 0.009129 0.0087229999999999999 0.040118999999999988 0.040364999999999984 0.039833000000000007 0.0014159999999999999 0.0015049999999999998 0.0014599999999999999 0.00042100000000000004 0.000388 0.00037099999999999996 1.004410109825651 1.004410109825651 1.004410109825651 0.00063492469939895307 0.00063492469939895307 0.00063492469939895307 1 1 1 Converged Converged Converged OK OK OK 36 36 36 36 36 36 4 4 4 0 0 0 0 0 1 0 0
106 106 uniform 4 7 1069 1 0.001 0.21409504667813006 0.00033880964327975203 0.069063008163644246 4.3490443155349157 -0.12043946227035796 4.3436393844612393 0 -4.3435668715629152 1.0043936176997181 OK 12 11 0.43373600000000001 0.20291400000000001 0.058049000000000003 0.37567 0.139963 0 0.058066000000000006 0.062951000000000007 0.058049000000000003 0.0082699999999999996 0.0082319999999999997 0.010054 0.039667000000000008 0.045276999999999998 0.038894999999999999 0.001542 0.00142 0.001413 0.000406 0.00039199999999999999 0.00034400000000000001 1.0043931723834361 1.0043931723834361 1.0043931723834361 0.00063453121376850314 0.00063453121376850314 0.00063453121376850314 1 1 1 Converged Converged Converged OK OK OK 36 36 36 36 36 36 4 4 4 0 0 0 0 1 0 0 1
106 106 uniform 4 15 1069 2 0.001 0.21409504667813006 0.00033880964327975203 0.069063008163644246 4.3490443155349157 -0.12043946227035796 4.3532481508144416 0 -4.3531756379161175 1.0043814706692744 OK 12 11 0.45421499999999998 0.20714199999999999 0.055258000000000002 0.39689400000000002 0.14355499999999999 0 0.057320999999999955 0.063587000000000005 0.055258000000000002 0.0082419999999999993 0.0083370000000000007 0.0076499999999999997 0.039361999999999987 0.045175999999999994 0.038664000000000004 0.001402 0.001758 0.001356 0.00038500000000000003 0.00039799999999999997 0.00035300000000000002 1.0043810703930032 1.0043810703930032 1.0043810703930032 0.00063477816394088367 0.00063477816394088367 0.00063477816394088367 1 1 1 Converged Converged Converged OK OK OK 36 36 36 36 36 36 4 4 4 0 0 0 0 1 0 0 1
106 106 uniform 4 23 1069 3 0.001 0.21409504667813006 0.00033880964327975203 0.069063008163644246 4.3490443155349157 -0.12043946227035796 4.3628569171676448 0 -4.3627844042693207 1.0043796166311121 OK 12 11 0.46096399999999998 0.20805000000000001 0.052507999999999999 0.40645300000000001 0.14346900000000001 0 0.054510999999999976 0.064581 0.052507999999999999 0.0082959999999999996 0.0082290000000000002 0.0076930000000000002 0.036369000000000005 0.046575999999999999 0.035889999999999998 0.001519 0.0015699999999999998 0.001418 0.00037300000000000001 0.00036299999999999999 0.00032400000000000001 1.004379263843368 1.004379263843368 1.004379263843368 0.00063550994364018111 0.00063550994364018111 0.00063550994364018111 1 1 1 Converged Converged Converged OK OK OK 36 36 36 36 36 36 4 4 4 0 0 0 0 1 0 0 1
106 106 uniform 4 0 1069 0 0.0001 0.21409504667813006 0.00033880964327975203 0.069063008163644246 4.3490443155349157 -0.12043946227035796 4.3352317139021865 0 -4.3351592010038624 1.004410580891552 OK 12 11 0.48546899999999998 0.486842 0.091643000000000002 0.394704 0.39682000000000001 0 0.090764999999999985 0.090021999999999991 0.091643000000000002 0.0090119999999999992 0.008907 0.0086510000000000007 0.061266000000000001 0.061174999999999979 0.063278999999999988 0.002856 0.002735 0.0028279999999999998 0.00069700000000000014 0.00066200000000000005 0.000669 1.0044105881157626 1.0044105881157626 1.0044105881157626 4.8508030397096229e-06 4.8508030397096229e-06 4.8508030397096229e-06 1 1 1 Converged Converged Converged OK OK OK 60 60 60 60 60 60 4 4 4 0 0 0 0 0 1 0 0
106 106 uniform 4 7 1069 1 0.0001 0.21409504667813006 0.00033880964327975203 0.069063008163644246 4.3490443155349157 -0.12043946227035796 4.3436393844612393 0 -4.3435668715629152 1.0043936176997181 OK 12 11 0.46282800000000002 0.23896400000000001 0.084109000000000003 0.37733100000000003 0.14001 0 0.08549699999999999 0.098954000000000014 0.084109000000000003 0.0083289999999999996 0.0081880000000000008 0.0077929999999999996 0.060227999999999976 0.073886999999999994 0.060008000000000006 0.00266 0.0027100000000000002 0.0027410000000000004 0.00062599999999999993 0.00062800000000000009 0.00063299999999999999 1.0043936477575734 1.0043936477575734 1.0043936477575734 6.9085134160177093e-06 6.9085134160177093e-06 6.9085134160177093e-06 1 1 1 Converged Converged Converged OK OK OK 60 60 60 60 60 60 4 4 4 0 0 0 0 1 0 0 1
106 106 uniform 4 15 1069 2 0.0001 0.21409504667813006 0.00033880964327975203 0.069063008163644246 4.3490443155349157 -0.12043946227035796 4.3532481508144416 0 -4.3531756379161175 1.0043814706692744 OK 12 11 0.48390300000000003 0.24231800000000001 0.084823999999999997 0.39698800000000001 0.14252300000000001 0 0.08691500000000002 0.099794999999999995 0.084823999999999997 0.0082430000000000003 0.0082920000000000008 0.007724 0.061356999999999988 0.074403999999999984 0.060804999999999998 0.002849 0.0028049999999999998 0.0026319999999999998 0.00062399999999999999 0.00066100000000000002 0.00062199999999999994 1.004381538326399 1.004381538326399 1.004381538326399 9.579583235085408e-06 9.579583235085408e-06 9.579583235085408e-06 1 1 1 Converged Converged Converged OK OK OK 60 60 60 60 60 60 4 4 4 0 0 0 0 1 0 0 1
106 106 uniform 4 23 1069 3 0.0001 0.21409504667813006 0.00033880964327975203 0.069063008163644246 4.3490443155349157 -0.12043946227035796 4.3628569171676448 0 -4.3627844042693207 1.0043796166311121 OK 12 11 0.49697200000000002 0.236711 0.080543000000000003 0.414414 0.14109099999999999 0 0.08255800000000002 0.095620000000000011 0.080543000000000003 0.0082740000000000001 0.0084110000000000001 0.0076309999999999998 0.057315000000000019 0.070144999999999985 0.056713999999999994 0.0027929999999999999 0.0028609999999999998 0.002673 0.000602 0.00062300000000000007 0.00058 1.0043797156786698 1.0043797156786698 1.0043797156786698 1.2154956039968965e-05 1.2154956039968965e-05 1.2154956039968965e-05 1 1 1 Converged Converged Converged OK OK OK 60 60 60 60 60 60 4 4 4 0 0 0 0 1 0 0 1
107 107 linear 0 0 1070 0 0.001 0.88252605170214315 0.00087883732690101758 0.00029821630033484864 0.00066375772381346929 0.0010693888754377899 0.00060411446374649953 0.5 0.00017080134751178155 1225.3959579465479 OK 14 13 0.640706 0.64020699999999997 0.176255 0.45777400000000001 0.458175 0 0.18293199999999998 0.18203199999999997 0.176255 0.014463 0.017957000000000001 0.013616 0.138465 0.13483800000000001 0.13388899999999995 0.0043340000000000002 0.0041580000000000002 0.0039290000000000002 0.0010719999999999998 0.00093900000000000006 0.00092299999999999999 1225.4037905337937 1225.4037905337937 1225.4037905337937 0.88834361876302348 0.88834361876302348 0.88834361876302348 1 1 1 Converged Converged Converged OK OK OK 81 81 81 81 81 81 7 7 7 0 0 0 0 0 1 0 0
107 107 linear 0 7 1070 1 0.001 0.88252605170214315 0.00087883732690101758 0.00029821630033484864 0.00066375772381346929 0.0010693888754377899 0.00064041905683074197 0.5 0.00013449675442753911 1117.4930549294111 OK 14 13 0.58369800000000005 0.54259000000000002 0.139402 0.44262400000000002 0.29893199999999998 0 0.14107400000000003 0.24365800000000004 0.139402 0.012770999999999999 0.012793000000000001 0.012145 0.110724 0.21294000000000002 0.11022600000000003 0.0030010000000000002 0.0030919999999999997 0.0028900000000000002 0.00073700000000000002 0.00074100000000000001 0.0007049999999999999 1117.4968795325251 1117.4968795325251 1117.4968795325251 0.78883879047345051 0.78883879047345051 0.78883879047345051 1 1 1 Converged Converged Converged OK OK OK 66 66 66 66 66 66 6 6 6 0 0 0 0 1 0 0 1
107 107 linear 0 15 1070 2 0.001 0.88252605170214315 0.00087883732690101758 0.00029821630033484864 0.00066375772381346929 0.0010693888754377899 0.00068191002035559057 0.5 9.3005790902690516e-05 987.09583492432103 OK 14 13 0.484205 0.46320600000000001 0.14679500000000001 0.33275500000000002 0.18947800000000001 0 0.15144999999999997 0.27372799999999997 0.14679500000000001 0.012690999999999999 0.012914 0.012251 0.11965700000000001 0.24110999999999994 0.11581199999999997 0.0033980000000000004 0.0035719999999999997 0.0033930000000000002 0.00088699999999999988 0.00093799999999999992 0.00089099999999999997 987.10154436452831 987.10154436452831 987.10154436452831 0.51552291786373639 0.51552291786373639 0.51552291786373639 1 1 1 Converged Converged Converged OK OK OK 74 74 74 74 74 74 6 6 6 0 0 0 0 1 0 0 1
107 107 linear 0 23 1070 3 0.001 0.88252605170214315 0.00087883732690101758 0.00029821630033484864 0.00066375772381346929 0.0010693888754377899 0.00072340098388043905 0.5 5.1514827377842029e-05 852.03171582155665 OK 14 13 0.58334200000000003 0.56924799999999998 0.137878 0.44084800000000002 0.30905199999999999 0 0.14249400000000001 0.26019599999999998 0.137878 0.01294 0.013018 0.012168999999999999 0.11120099999999999 0.22906300000000002 0.10832599999999999 0.0032820000000000002 0.0031110000000000001 0.0031310000000000001 0.00089599999999999988 0.00085899999999999995 0.0008659999999999998 852.03903922570873 852.03903922570873 852.03903922570873 0.45831442195362687 0.45831442195362687 0.45831442195362687 1 1 1 Converged Converged Converged OK OK OK 67 67 67 67 67 67 5 5 5 0 0 0 0 1 0 0 1
107 107 linear 0 0 1070 0 0.0001 0.88252605170214315 0.00087883732690101758 0.00029821630033484864 0.00066375772381346929 0.0010693888754377899 0.00060411446374649953 0.5 0.00017080134751178155 1225.3959579465479 OK 14 13 0.68081400000000003 0.67816399999999999 0.21696199999999999 0.45928799999999997 0.46116600000000002 0 0.22152600000000006 0.21699799999999997 0.21696199999999999 0.014009000000000001 0.014289 0.013988 0.16781999999999991 0.16401399999999991 0.16396100000000002 0.0059090000000000002 0.0053150000000000003 0.0056429999999999996 0.0013270000000000001 0.001284 0.0014549999999999999 1225.4037420157081 1225.4037420157081 1225.4037420157081 0.094294754046554033 0.094294754046554033 0.094294754046554033 1 1 1 Converged Converged Converged OK OK OK 105 105 105 105 105 105 7 7 7 0 0 0 0 0 1 0 0
107 107 linear 0 7 1070 1 0.0001 0.88252605170214315 0.00087883732690101758 0.00029821630033484864 0.00066375772381346929 0.0010693888754377899 0.00064041905683074197 0.5 0.00013449675442753911 1117.4930549294111 OK 14 13 0.63694600000000001 0.67756899999999998 0.18405099999999999 0.44665500000000002 0.29875800000000002 0 0.19029099999999999 0.37881099999999995 0.18405099999999999 0.012746 0.012911000000000001 0.012160000000000001 0.15126000000000012 0.33910399999999985 0.14680099999999999 0.0046730000000000001 0.0048979999999999996 0.0044199999999999995 0.001238 0.0012000000000000001 0.0011250000000000001 1117.4968202711279 1117.4968202711279 1117.4968202711279 0.057802579198531719 0.057802579198531719 0.057802579198531719 1 1 1 Converged Converged Converged OK OK OK 98 98 98 98 98 98 6 6 6 0 0 0 0 1 0 0 1
107 107 linear 0 15 1070 2 0.0001 0.88252605170214315 0.00087883732690101758 0.00029821630033484864 0.00066375772381346929 0.0010693888754377899 0.00068191002035559057 0.5 9.3005790902690516e-05 987.09583492432103 OK 14 13 0.51346099999999995 0.52960799999999997 0.17510300000000001 0.33004 0.19001899999999999 0 0.18342099999999995 0.33958899999999997 0.17510300000000001 0.012888 0.012736000000000001 0.012142 0.14521499999999998 0.30236699999999989 0.13945000000000002 0.0047460000000000002 0.0044330000000000003 0.0041909999999999994 0.0011169999999999999 0.0010790000000000001 0.0010380000000000001 987.10154648076423 987.10154648076423 987.10154648076423 0.07754359461429243 0.07754359461429243 0.07754359461429243 1 1 1 Converged Converged Converged OK OK OK 90 90 90 90 90 90 6 6 6 0 0 0 0 1 0 0 1
107 107 linear 0 23 1070 3 0.0001 0.88252605170214315 0.00087883732690101758 0.00029821630033484864 0.00066375772381346929 0.0010693888754377899 0.00072340098388043905 0.5 5.1514827377842029e-05 852.03171582155665 OK 14 13 0.61460999999999999 0.62846299999999999 0.164795 0.445355 0.306058 0 0.16925499999999999 0.322405 0.164795 0.012768 0.012893999999999999 0.012266000000000001 0.133717 0.28638300000000005 0.130383 0.00398 0.0041139999999999996 0.0037850000000000002 0.0009630000000000001 0.00099500000000000001 0.001054 852.03904193767028 852.03904193767028 852.03904193767028 0.034970912648758033 0.034970912648758033 0.034970912648758033 1 1 1 Converged Converged Converged OK OK OK 83 83 83 83 83 83 5 5 5 0 0 0 0 1 0 0 1
107 107 linear 1 0 1071 0 0.001 0.88252605170214315 0.00087883732690101758 0.00029821630033484864 0.23948918237078295 -0.030528746103180307 0.23942953911071599 0.5 -0.23865462329945772 12.288673138279375 OK 14 13 0.45917400000000003 0.453708 0.136796 0.31926900000000002 0.31554199999999999 0 0.139905 0.13816600000000001 0.136796 0.011714 0.011816999999999999 0.011440000000000001 0.10222000000000002 0.100395 0.099849000000000021 0.0034370000000000004 0.0035159999999999996 0.0034280000000000001 0.00088499999999999994 0.00087799999999999998 0.00088000000000000003 12.288710706020627 12.288710706020627 12.288710706020627 0.0057174720386754582 0.0057174720386754582 0.0057174720386754582 1 1 1 Converged Converged Converged OK OK OK 75 75 75 75 75 75 5 5 5 0 0 0 0 0 1 0 0
107 107 linear 1 7 1071 1 0.001 0.88252605170214315 0.00087883732690101758 0.00029821630033484864 0.23948918237078295 -0.030528746103180307 0.23946584370380022 0.5 -0.23869092789254195 12.091917248885741 OK 14 13 0.45082699999999998 0.46287299999999998 0.130413 0.31629400000000002 0.18047099999999999 0 0.13453299999999996 0.28240199999999999 0.130413 0.010874 0.010826000000000001 0.010154 0.10338300000000002 0.25111300000000003 0.10059799999999999 0.0033949999999999996 0.0035330000000000001 0.0033630000000000005 0.00089600000000000009 0.00092700000000000009 0.00091300000000000007 12.091995929920001 12.091995929920001 12.091995929920001 0.005699148459094229 0.005699148459094229 0.005699148459094229 1 1 1 Converged Converged Converged OK OK OK 75 75 75 75 75 75 5 5 5 0 0 0 0 1 0 0 1
107 107 linear 1 15 1071 2 0.001 0.88252605170214315 0.00087883732690101758 0.00029821630033484864 0.23948918237078295 -0.030528746103180307 0.23950733466732507 0.5 -0.2387324188560668 11.866404076250429 OK 14 13 0.481352 0.47486699999999998 0.12424 0.35242299999999999 0.211895 0 0.12892900000000002 0.26297199999999998 0.12424 0.010917 0.010887000000000001 0.010204 0.097630999999999968 0.23192499999999996 0.094605000000000022 0.0034680000000000002 0.0034790000000000003 0.0033030000000000004 0.00086499999999999999 0.00088100000000000006 0.00084399999999999992 11.866459013497785 11.866459013497785 11.866459013497785 0.005678783225832683 0.005678783225832683 0.005678783225832683 1 1 1 Converged Converged Converged OK OK OK 75 75 75 75 75 75 5 5 5 0 0 0 0 1 0 0 1
107 107 linear 1 23 1071 3 0.001 0.88252605170214315 0.00087883732690101758 0.00029821630033484864 0.23948918237078295 -0.030528746103180307 0.23954882563084992 0.5 -0.23877390981959165 11.640165255782096 OK 14 13 0.46782899999999999 0.459453 0.13050200000000001 0.330542 0.194079 0 0.13728699999999999 0.265374 0.13050200000000001 0.013606999999999999 0.010947999999999999 0.010175 0.10345199999999995 0.234268 0.10083500000000004 0.0035400000000000002 0.0033499999999999997 0.0032980000000000002 0.00085199999999999989 0.00088500000000000004 0.0008470000000000001 11.640211345837422 11.640211345837422 11.640211345837422 0.0056590326395394791 0.0056590326395394791 0.0056590326395394791 1 1 1 Converged Converged Converged OK OK OK 75 75 75 75 75 75 5 5 5 0 0 0 0 1 0 0 1
107 107 linear 1 0 1071 0 0.0001 0.88252605170214315 0.00087883732690101758 0.00029821630033484864 0.23948918237078295 -0.030528746103180307 0.23942953911071599 0.5 -0.23865462329945772 12.288673138279375 OK 14 13 0.503104 0.49945099999999998 0.184032 0.314411 0.31440000000000001 0 0.188693 0.18505099999999997 0.184032 0.011716000000000001 0.011804 0.011343000000000001 0.14084600000000005 0.13755300000000004 0.13725600000000007 0.005118000000000001 0.0049800000000000001 0.0050309999999999999 0.0011540000000000001 0.0011350000000000002 0.0011179999999999999 12.288710701746243 12.288710701746243 12.288710701746243 0.00066587728708607068 0.00066587728708607068 0.00066587728708607068 1 1 1 Converged Converged Converged OK OK OK 107 107 107 107 107 107 5 5 5 0 0 0 0 0 1 0 0
107 107 linear 1 7 1071 1 0.0001 0.88252605170214315 0.00087883732690101758 0.00029821630033484864 0.23948918237078295 -0.030528746103180307 0.23946584370380022 0.5 -0.23869092789254195 12.091917248885741 OK 14 13 0.50414800000000004 0.58450000000000002 0.179538 0.32131799999999999 0.180066 0 0.18283000000000005 0.40443400000000002 0.179538 0.010871 0.010872 0.011512 0.14341899999999999 0.3648630000000001 0.14038700000000004 0.0052040000000000003 0.0052919999999999998 0.0049750000000000003 0.0012110000000000001 0.0012699999999999999 0.0012129999999999999 12.091995925431892 12.091995925431892 12.091995925431892 0.00066216051303325213 0.00066216051303325213 0.00066216051303325213 1 1 1 Converged Converged Converged OK OK OK 107 107 107 107 107 107 5 5 5 0 0 0 0 1 0 0 1
107 107 linear 1 15 1071 2 0.0001 0.88252605170214315 0.00087883732690101758 0.00029821630033484864 0.23948918237078295 -0.030528746103180307 0.23950733466732507 0.5 -0.2387324188560668 11.866404076250429 OK 14 13 0.53009499999999998 0.59298899999999999 0.17677999999999999 0.35137800000000002 0.21574099999999999 0 0.17871699999999996 0.37724800000000003 0.17677999999999999 0.010893999999999999 0.011049 0.010246999999999999 0.13919699999999999 0.3374950000000001 0.13886300000000001 0.0051460000000000004 0.0051609999999999989 0.0049909999999999998 0.001121 0.001137 0.001109 11.866459008736058 11.866459008736058 11.866459008736058 0.0006580993297395127 0.0006580993297395127 0.0006580993297395127 1 1 1 Converged Converged Converged OK OK OK 107 107 107 107 107 107 5 5 5 0 0 0 0 1 0 0 1
107 107 linear 1 23 1071 3 0.0001 0.88252605170214315 0.00087883732690101758 0.00029821630033484864 0.23948918237078295 -0.030528746103180307 0.23954882563084992 0.5 -0.23877390981959165 11.640165255782096 OK 14 13 0.51637699999999997 0.56908000000000003 0.17705399999999999 0.33423599999999998 0.19858300000000001 0 0.182141 0.37049700000000002 0.17705399999999999 0.010798 0.011084999999999999 0.010231000000000001 0.14321600000000004 0.33065199999999995 0.13959000000000005 0.0050769999999999999 0.0053660000000000001 0.0049280000000000001 0.001103 0.0011249999999999999 0.0011010000000000002 11.640211340771184 11.640211340771184 11.640211340771184 0.00065422934651109238 0.00065422934651109238 0.00065422934651109238 1 1 1 Converged Converged Converged OK OK OK 107 107 107 107 107 107 5 5 5 0 0 0 0 1 0 0 1
107 107 linear 2 0 1072 0 0.001 0.88252605170214315 0.00087883732690101758 0.00029821630033484864 0.00064488029264252373 -0.00027428527485888634 0.00058523703257555397 0.5 0.00018967877868272711 2165.8104542983251 OK 15 14 0.79862299999999997 0.78397600000000001 0.323573 0.46343400000000001 0.45863100000000001 0 0.33518899999999996 0.325345 0.323573 0.014052 0.013827000000000001 0.013781 0.27431299999999992 0.26738800000000001 0.26536800000000005 0.0085159999999999993 0.0073559999999999997 0.007626 0.001268 0.001139 0.001093 2165.8167073008349 2165.8167073008349 2165.8167073008349 0.75777050321059536 0.75777050321059536 0.75777050321059536 1 1 1 Converged Converged Converged OK OK OK 120 120 120 120 120 120 8 8 8 0 0 0 0 0 1 0 0
107 107 linear 2 7 1072 1 0.001 0.88252605170214315 0.00087883732690101758 0.00029821630033484864 0.00064488029264252373 -0.00027428527485888634 0.00062154162565979641 0.5 0.00015337418559848467 1867.2268832941029 OK 15 14 0.87841999999999998 0.87964399999999998 0.31159300000000001 0.55526600000000004 0.42261900000000002 0 0.32315399999999994 0.45702499999999996 0.31159300000000001 0.012996000000000001 0.013165 0.012152 0.27559400000000006 0.40996300000000002 0.26705400000000012 0.0074579999999999994 0.0071500000000000001 0.0065849999999999997 0.00095500000000000001 0.00090900000000000009 0.00083699999999999996 1867.2216172185181 1867.2216172185181 1867.2216172185181 1.183386049567966 1.183386049567966 1.183386049567966 1 1 1 Converged Converged Converged OK OK OK 112 112 112 112 112 112 8 8 8 0 0 0 0 1 0 0 1
107 107 linear 2 15 1072 2 0.001 0.88252605170214315 0.00087883732690101758 0.00029821630033484864 0.00064488029264252373 -0.00027428527485888634 0.00066303258918464501 0.5 0.00011188322207363608 1413.3967139363713 OK 17 16 0.95474000000000003 0.93045999999999995 0.34496900000000003 0.605684 0.45966499999999999 0 0.34905600000000003 0.47079499999999996 0.34496900000000003 0.017676999999999998 0.018141999999999998 0.017264000000000002 0.29750800000000005 0.41810800000000015 0.29389800000000016 0.0060130000000000001 0.0062620000000000002 0.0062839999999999997 0.0012850000000000001 0.0014680000000000001 0.0013140000000000001 1413.3747319841232 1413.3747319841232 1413.3747319841232 0.94932833384062698 0.94932833384062698 0.94932833384062698 1 1 1 Converged Converged Converged OK OK OK 118 118 118 118 118 118 10 10 10 0 0 0 0 1 0 0 1
107 107 linear 2 23 1072 3 0.001 0.88252605170214315 0.00087883732690101758 0.00029821630033484864 0.00064488029264252373 -0.00027428527485888634 0.00070452355270949349 0.5 7.039225854878759e-05 1279.8521807384927 OK 15 14 0.88088500000000003 0.82656600000000002 0.28031200000000001 0.59736900000000004 0.45588299999999998 0 0.28351599999999999 0.37068300000000004 0.28031200000000001 0.012755000000000001 0.013181 0.012141000000000001 0.24404399999999996 0.32879899999999995 0.24186400000000013 0.0048260000000000004 0.0059069999999999999 0.0049410000000000001 0.0011209999999999998 0.001152 0.0010990000000000002 1279.8523949248788 1279.8523949248788 1279.8523949248788 0.81567323709907735 0.81567323709907735 0.81567323709907735 1 1 1 Converged Converged Converged OK OK OK 103 103 103 103 103 103 9 9 9 0 0 0 0 1 0 0 1
107 107 linear 2 0 1072 0 0.0001 0.88252605170214315 0.00087883732690101758 0.00029821630033484864 0.00064488029264252373 -0.00027428527485888634 0.00058523703257555397 0.5 0.00018967877868272711 2165.8104542983251 OK 15 14 0.83534900000000001 0.80930199999999997 0.344831 0.47020099999999998 0.46367199999999997 0 0.36514800000000003 0.34562999999999999 0.344831 0.015401 0.014167000000000001 0.013642 0.29596300000000003 0.28272499999999984 0.28207300000000018 0.010631999999999999 0.0080459999999999993 0.008404 0.0013340000000000001 0.0013239999999999999 0.00131 2165.8174884347277 2165.8174884347277 2165.8174884347277 0.19912788715777463 0.19912788715777463 0.19912788715777463 1 1 1 Converged Converged Converged OK OK OK 128 128 128 128 128 128 8 8 8 0 0 0 0 0 1 0 0
107 107 linear 2 7 1072 1 0.0001 0.88252605170214315 0.00087883732690101758 0.00029821630033484864 0.00064488029264252373 -0.00027428527485888634 0.00062154162565979641 0.5 0.00015337418559848467 1867.2268832941029 OK 15 14 0.91560399999999997 0.92737199999999997 0.35702699999999998 0.55175200000000002 0.417605 0 0.36385199999999995 0.50976699999999997 0.35702699999999998 0.013122999999999999 0.01307 0.012107 0.31047399999999986 0.45724900000000013 0.30674400000000013 0.0086479999999999994 0.0081399999999999997 0.0077670000000000005 0.0012769999999999999 0.001317 0.0012430000000000002 1867.2226255218038 1867.2226255218038 1867.2226255218038 0.17990838086882546 0.17990838086882546 0.17990838086882546 1 1 1 Converged Converged Converged OK OK OK 128 128 128 128 128 128 8 8 8 0 0 0 0 1 0 0 1
107 107 linear 2 15 1072 2 0.0001 0.88252605170214315 0.00087883732690101758 0.00029821630033484864 0.00064488029264252373 -0.00027428527485888634 0.00066303258918464501 0.5 0.00011188322207363608 1413.3967139363713 OK 17 16 1.114862 1.147275 0.50678000000000001 0.59928199999999998 0.45985900000000002 0 0.51558000000000004 0.68741600000000003 0.50678000000000001 0.018272 0.021491 0.017302000000000001 0.43835800000000014 0.60727400000000031 0.4318640000000003 0.011227000000000001 0.011096000000000002 0.011006999999999999 0.001993 0.0019659999999999999 0.0019650000000000002 1413.3758682622322 1413.3758682622322 1413.3758682622322 0.073479791567496733 0.073479791567496733 0.073479791567496733 1 1 1 Converged Converged Converged OK OK OK 174 174 174 174 174 174 10 10 10 0 0 0 0 1 0 0 1
107 107 linear 2 23 1072 3 0.0001 0.88252605170214315 0.00087883732690101758 0.00029821630033484864 0.00064488029264252373 -0.00027428527485888634 0.00070452355270949349 0.5 7.039225854878759e-05 1279.8521807384927 OK 15 14 0.91566499999999995 0.92932300000000001 0.32060300000000003 0.59577599999999997 0.46226400000000001 0 0.31988899999999998 0.467059 0.32060300000000003 0.013368 0.013346999999999999 0.013409000000000001 0.27242699999999992 0.41965099999999989 0.27442199999999994 0.0072309999999999987 0.0072800000000000009 0.0066730000000000001 0.0015900000000000003 0.0016249999999999999 0.0015759999999999999 1279.8522782285611 1279.8522782285611 1279.8522782285611 0.057177893617991624 0.057177893617991624 0.057177893617991624 1 1 1 Converged Converged Converged OK OK OK 127 127 127 127 127 127 9 9 9 0 0 0 0 1 0 0 1
107 107 linear 3 0 1073 0 0.001 0.88252605170214315 0.00087883732690101758 0.00029821630033484864 0.21742345106515143 -0.028281199777398437 0.21736380780508446 0.5 -0.21658889199382619 11.397928619605263 OK 13 12 0.37383100000000002 0.37619000000000002 0.090315999999999994 0.28143899999999999 0.28503800000000001 0 0.09239200000000003 0.091152000000000011 0.090315999999999994 0.0089180000000000006 0.0089490000000000004 0.0087480000000000006 0.064955000000000013 0.063365000000000005 0.063164999999999971 0.002764 0.0029579999999999997 0.0027420000000000001 0.00056499999999999996 0.00060599999999999998 0.00057800000000000006 11.397897010084577 11.397897010084577 11.397897010084577 0.0089302674852379943 0.0089302674852379943 0.0089302674852379943 1 1 1 Converged Converged Converged OK OK OK 53 53 53 53 53 53 3 3 3 0 0 0 0 0 1 0 0
107 107 linear 3 7 1073 1 0.001 0.88252605170214315 0.00087883732690101758 0.00029821630033484864 0.21742345106515143 -0.028281199777398437 0.2174001123981687 0.5 -0.21662519658691043 11.46783483373293 OK 13 12 0.38281900000000002 0.36344700000000002 0.085153999999999994 0.29377500000000001 0.16090599999999999 0 0.089044000000000012 0.20254100000000003 0.085153999999999994 0.0080750000000000006 0.0082579999999999997 0.0077079999999999996 0.064243000000000008 0.17721099999999995 0.06153200000000001 0.0027569999999999999 0.0029649999999999998 0.0026510000000000001 0.000571 0.00067100000000000005 0.00053199999999999992 11.467803313088032 11.467803313088032 11.467803313088032 0.0089354772683751492 0.0089354772683751492 0.0089354772683751492 1 1 1 Converged Converged Converged OK OK OK 53 53 53 53 53 53 3 3 3 0 0 0 0 1 0 0 1
107 107 linear 3 15 1073 2 0.001 0.88252605170214315 0.00087883732690101758 0.00029821630033484864 0.21742345106515143 -0.028281199777398437 0.21744160336169355 0.5 -0.21666668755043528 11.550645899738575 OK 13 12 0.38736999999999999 0.33760600000000002 0.085873000000000005 0.29782900000000001 0.160472 0 0.089540999999999982 0.17713400000000001 0.085873000000000005 0.0083639999999999999 0.008404 0.0076160000000000004 0.064293000000000003 0.15212799999999999 0.062192999999999991 0.0029169999999999999 0.0028110000000000001 0.0027230000000000002 0.00055900000000000004 0.00056700000000000001 0.00053799999999999996 11.550614321866583 11.550614321866583 11.550614321866583 0.0089414471372450868 0.0089414471372450868 0.0089414471372450868 1 1 1 Converged Converged Converged OK OK OK 53 53 53 53 53 53 3 3 3 0 0 0 0 1 0 0 1
107 107 linear 3 23 1073 3 0.001 0.88252605170214315 0.00087883732690101758 0.00029821630033484864 0.21742345106515143 -0.028281199777398437 0.2174830943252184 0.5 -0.21670817851396013 11.636802064458832 OK 13 12 0.3957 0.37065999999999999 0.086716000000000001 0.30460999999999999 0.16910500000000001 0 0.091090000000000004 0.20155499999999998 0.086716000000000001 0.008201 0.0082819999999999994 0.0077070000000000003 0.065322999999999992 0.17637599999999998 0.062858999999999998 0.0033040000000000001 0.0029299999999999999 0.0026940000000000002 0.00068800000000000013 0.00061300000000000005 0.00060899999999999995 11.636770492580411 11.636770492580411 11.636770492580411 0.0089474345161331768 0.0089474345161331768 0.0089474345161331768 1 1 1 Converged Converged Converged OK OK OK 53 53 53 53 53 53 3 3 3 0 0 0 0 1 0 0 1
107 107 linear 3 0 1073 0 0.0001 0.88252605170214315 0.00087883732690101758 0.00029821630033484864 0.21742345106515143 -0.028281199777398437 0.21736380780508446 0.5 -0.21658889199382619 11.397928619605263 OK 13 12 0.417271 0.41370400000000002 0.127275 0.286219 0.28137800000000002 0 0.131052 0.132326 0.127275 0.0089060000000000007 0.0088590000000000006 0.0086809999999999995 0.093984000000000012 0.095448000000000019 0.091111999999999985 0.0040459999999999992 0.0041320000000000003 0.0040629999999999998 0.00079100000000000004 0.00082100000000000001 0.00080199999999999998 11.397921277262263 11.397921277262263 11.397921277262263 4.9517052648878164e-05 4.9517052648878164e-05 4.9517052648878164e-05 1 1 1 Converged Converged Converged OK OK OK 77 77 77 77 77 77 3 3 3 0 0 0 0 0 1 0 0
107 107 linear 3 7 1073 1 0.0001 0.88252605170214315 0.00087883732690101758 0.00029821630033484864 0.21742345106515143 -0.028281199777398437 0.2174001123981687 0.5 -0.21662519658691043 11.46783483373293 OK 13 12 0.41523100000000002 0.44119399999999998 0.12084399999999999 0.29068100000000002 0.15645600000000001 0 0.12454999999999999 0.28473799999999994 0.12084399999999999 0.0082170000000000003 0.0082269999999999999 0.007757 0.092481999999999981 0.25257300000000005 0.089662000000000019 0.0039719999999999998 0.004052 0.0039779999999999998 0.00079199999999999995 0.00082100000000000001 0.00081599999999999999 11.467827614126039 11.467827614126039 11.467827614126039 4.9626997448914183e-05 4.9626997448914183e-05 4.9626997448914183e-05 1 1 1 Converged Converged Converged OK OK OK 77 77 77 77 77 77 3 3 3 0 0 0 0 1 0 0 1
107 107 linear 3 15 1073 2 0.0001 0.88252605170214315 0.00087883732690101758 0.00029821630033484864 0.21742345106515143 -0.028281199777398437 0.21744160336169355 0.5 -0.21666668755043528 11.550645899738575 OK 13 12 0.42080800000000002 0.41824299999999998 0.11953 0.29765000000000003 0.16022900000000001 0 0.12315799999999999 0.25801399999999997 0.11953 0.0081209999999999997 0.0082609999999999992 0.0076730000000000001 0.09120700000000001 0.22585400000000005 0.088614999999999985 0.0039880000000000002 0.0041239999999999992 0.0039700000000000004 0.00080900000000000004 0.00079200000000000006 0.00077300000000000003 11.550638661664353 11.550638661664353 11.550638661664353 4.9756905905549946e-05 4.9756905905549946e-05 4.9756905905549946e-05 1 1 1 Converged Converged Converged OK OK OK 77 77 77 77 77 77 3 3 3 0 0 0 0 1 0 0 1
107 107 linear 3 23 1073 3 0.0001 0.88252605170214315 0.00087883732690101758 0.00029821630033484864 0.21742345106515143 -0.028281199777398437 0.2174830943252184 0.5 -0.21670817851396013 11.636802064458832 OK 13 12 0.42688399999999999 0.45594699999999999 0.121445 0.30132300000000001 0.16823099999999999 0 0.12556099999999998 0.28771599999999997 0.121445 0.0082900000000000005 0.011797 0.0076629999999999997 0.093347000000000055 0.25130999999999998 0.090312000000000031 0.0040049999999999999 0.0046229999999999995 0.0040749999999999996 0.00086799999999999985 0.00088100000000000006 0.000852 11.636794871210892 11.636794871210892 11.636794871210892 4.9891969551551634e-05 4.9891969551551634e-05 4.9891969551551634e-05 1 1 1 Converged Converged Converged OK OK OK 77 77 77 77 77 77 3 3 3 0 0 0 0 1 0 0 1
107 107 linear 4 0 1074 0 0.001 0.88252605170214315 0.00087883732690101758 0.00029821630033484864 0.25003342454909461 0.047710061927304266 0.24997378128902764 0.5 -0.24919886547776937 8.0741457677068311 OK 15 14 1.0361279999999999 1.029585 0.24182200000000001 0.79312099999999996 0.789802 0 0.24300699999999997 0.23978299999999997 0.24182200000000001 0.014985 0.014851 0.015554999999999999 0.18168000000000001 0.180288 0.18047899999999997 0.0068260000000000005 0.005914 0.0061419999999999999 0.0014300000000000001 0.0013390000000000001 0.001346 8.0741377221763209 8.0741377221763209 8.0741377221763209 0.0068083215824754203 0.0068083215824754203 0.0068083215824754203 1 1 1 Converged Converged Converged OK OK OK 114 114 114 114 114 114 6 6 6 0 0 0 0 0 1 0 0
107 107 linear 4 7 1074 1 0.001 0.88252605170214315 0.00087883732690101758 0.00029821630033484864 0.25003342454909461 0.047710061927304266 0.25001008588211188 0.5 -0.24923517007085361 8.0985214999536872 OK 15 14 1.009274 0.98310200000000003 0.21163599999999999 0.79881599999999997 0.65004200000000001 0 0.21045800000000003 0.33306000000000002 0.21163599999999999 0.013792 0.013809999999999999 0.014317 0.16377999999999998 0.28613 0.16373699999999999 0.0058059999999999995 0.0058990000000000006 0.0059649999999999998 0.0012409999999999999 0.001297 0.0013290000000000001 8.0985163836869098 8.0985163836869098 8.0985163836869098 0.0065657226122549034 0.0065657226122549034 0.0065657226122549034 1 1 1 Converged Converged Converged OK OK OK 106 106 106 106 106 106 6 6 6 0 0 0 0 1 0 0 1
107 107 linear 4 15 1074 2 0.001 0.88252605170214315 0.00087883732690101758 0.00029821630033484864 0.25003342454909461 0.047710061927304266 0.25005157684563672 0.5 -0.24927666103437846 8.1391376506930087 OK 15 14 0.78760799999999997 0.75582199999999999 0.20893900000000001 0.57881899999999997 0.43512400000000001 0 0.208789 0.32069799999999998 0.20893900000000001 0.013825 0.01389 0.013211000000000001 0.16145000000000001 0.27331600000000006 0.16250600000000001 0.0061859999999999997 0.0059890000000000004 0.0058510000000000003 0.0013370000000000001 0.0012450000000000002 0.0012100000000000001 8.1391310414381266 8.1391310414381266 8.1391310414381266 0.00658050862698914 0.00658050862698914 0.00658050862698914 1 1 1 Converged Converged Converged OK OK OK 106 106 106 106 106 106 6 6 6 0 0 0 0 1 0 0 1
107 107 linear 4 23 1074 3 0.001 0.88252605170214315 0.00087883732690101758 0.00029821630033484864 0.25003342454909461 0.047710061927304266 0.25009306780916157 0.5 -0.2493181519979033 8.1951377942713144 OK 15 14 1.071453 1.080271 0.24638399999999999 0.82605700000000004 0.69578399999999996 0 0.24539599999999995 0.38448700000000002 0.24638399999999999 0.013986 0.014305 0.014496999999999999 0.19383799999999995 0.32974600000000015 0.19395499999999999 0.0065139999999999998 0.0079170000000000004 0.0066739999999999994 0.0014669999999999998 0.00167 0.001513 8.195135362815396 8.195135362815396 8.195135362815396 0.004386215503912219 0.004386215503912219 0.004386215503912219 1 1 1 Converged Converged Converged OK OK OK 129 129 129 129 129 129 7 7 7 0 0 0 0 1 0 0 1
107 107 linear 4 0 1074 0 0.0001 0.88252605170214315 0.00087883732690101758 0.00029821630033484864 0.25003342454909461 0.047710061927304266 0.24997378128902764 0.5 -0.24919886547776937 8.0741457677068311 OK 15 14 1.138517 1.1243350000000001 0.32444800000000001 0.80771700000000002 0.796211 0 0.33079999999999998 0.32812400000000008 0.32444800000000001 0.014906000000000001 0.014714 0.014406 0.25224299999999999 0.24659299999999992 0.24658600000000008 0.0085529999999999998 0.0082749999999999994 0.0088669999999999999 0.0017949999999999999 0.0018210000000000001 0.0018139999999999999 8.0741410925276043 8.0741410925276043 8.0741410925276043 3.5267396031396377e-05 3.5267396031396377e-05 3.5267396031396377e-05 1 1 1 Converged Converged Converged OK OK OK 154 154 154 154 154 154 6 6 6 0 0 0 0 0 1 0 0
107 107 linear 4 7 1074 1 0.0001 0.88252605170214315 0.00087883732690101758 0.00029821630033484864 0.25003342454909461 0.047710061927304266 0.25001008588211188 0.5 -0.24923517007085361 8.0985214999536872 OK 15 14 1.1101019999999999 1.123543 0.30864900000000001 0.80061199999999999 0.64820599999999995 0 0.30948999999999993 0.47533700000000001 0.30864900000000001 0.013759 0.013878 0.013048000000000001 0.24705500000000005 0.41307499999999991 0.24128500000000003 0.0087080000000000005 0.0086540000000000002 0.015067000000000001 0.0016829999999999998 0.0017550000000000003 0.0016379999999999999 8.0985167086798349 8.0985167086798349 8.0985167086798349 0.00012178816950483409 0.00012178816950483409 0.00012178816950483409 1 1 1 Converged Converged Converged OK OK OK 154 154 154 154 154 154 6 6 6 0 0 0 0 1 0 0 1
107 107 linear 4 15 1074 2 0.0001 0.88252605170214315 0.00087883732690101758 0.00029821630033484864 0.25003342454909461 0.047710061927304266 0.25005157684563672 0.5 -0.24927666103437846 8.1391376506930087 OK 15 14 0.88385999999999998 0.90200599999999997 0.301703 0.57986499999999996 0.43207800000000002 0 0.30399500000000002 0.46992799999999996 0.301703 0.013894999999999999 0.013883 0.012980999999999999 0.2416050000000001 0.40673500000000001 0.23976399999999998 0.0087730000000000013 0.0090430000000000007 0.0088890000000000011 0.0016919999999999999 0.0017270000000000002 0.0017039999999999998 8.1391327844280674 8.1391327844280674 8.1391327844280674 0.00034358225712983586 0.00034358225712983586 0.00034358225712983586 1 1 1 Converged Converged Converged OK OK OK 154 154 154 154 154 154 6 6 6 0 0 0 0 1 0 0 1
107 107 linear 4 23 1074 3 0.0001 0.88252605170214315 0.00087883732690101758 0.00029821630033484864 0.25003342454909461 0.047710061927304266 0.25009306780916157 0.5 -0.2493181519979033 8.1951377942713144 OK 15 14 1.1819809999999999 1.2322839999999999 0.347798 0.82927399999999996 0.69650199999999995 0 0.35270699999999999 0.53578199999999998 0.347798 0.013847 0.013937 0.014453000000000001 0.27922300000000005 0.45475100000000013 0.27363499999999991 0.012171000000000001 0.012316000000000001 0.011560000000000001 0.0020279999999999999 0.0020720000000000001 0.002026 8.1951328374208394 8.1951328374208394 8.1951328374208394 0.00049142634552475171 0.00049142634552475171 0.00049142634552475171 1 1 1 Converged Converged Converged OK OK OK 193 193 193 193 193 193 7 7 7 0 0 0 0 1 0 0 1
107 107 uniform 0 0 1075 0 0.001 0.88252605170214315 0.00087883732690101758 0.00029821630033484864 0.00066375772381346929 0.0010693888754377899 0.00060411446374649953 0 0.00017080134751178155 1218.988717379294 OK 14 13 0.62124999999999997 0.61594599999999999 0.15387500000000001 0.46043800000000001 0.46120299999999997 0 0.16081199999999995 0.15474300000000002 0.15387500000000001 0.014199 0.014073 0.013745 0.116962 0.11233499999999999 0.11201400000000002 0.003885 0.0036670000000000001 0.003699 0.0010069999999999999 0.00093300000000000013 0.00089600000000000009 1218.9886958947257 1218.9886958947257 1218.9886958947257 0.41293948166991945 0.41293948166991945 0.41293948166991945 1 1 1 Converged Converged Converged OK OK OK 81 81 81 81 81 81 7 7 7 0 0 0 0 0 1 0 0
107 107 uniform 0 7 1075 1 0.001 0.88252605170214315 0.00087883732690101758 0.00029821630033484864 0.00066375772381346929 0.0010693888754377899 0.00064041905683074197 0 0.00013449675442753911 1124.157872750694 OK 14 13 0.56599900000000003 0.52296299999999996 0.120974 0.44216299999999997 0.29583799999999999 0 0.12383600000000006 0.22712499999999997 0.120974 0.012881 0.012903 0.012194999999999999 0.09355699999999996 0.19696099999999997 0.092363000000000015 0.0026610000000000002 0.0026709999999999998 0.0025900000000000003 0.00079999999999999993 0.00077500000000000008 0.00071499999999999992 1124.1579739462079 1124.1579739462079 1124.1579739462079 0.39861786642307817 0.39861786642307817 0.39861786642307817 1 1 1 Converged Converged Converged OK OK OK 66 66 66 66 66 66 6 6 6 0 0 0 0 1 0 0 1
107 107 uniform 0 15 1075 2 0.001 0.88252605170214315 0.00087883732690101758 0.00029821630033484864 0.00066375772381346929 0.0010693888754377899 0.00068191002035559057 0 9.3005790902690516e-05 1008.0698919306122 OK 14 13 0.46388099999999999 0.44540099999999999 0.127636 0.329731 0.18754899999999999 0 0.13414999999999999 0.25785199999999997 0.127636 0.012643 0.012668 0.012161 0.10252099999999997 0.22644699999999998 0.097258999999999984 0.0031199999999999999 0.0031730000000000005 0.0030569999999999998 0.00092900000000000003 0.00088199999999999986 0.00088699999999999998 1008.0700962193017 1008.0700962193017 1008.0700962193017 0.22311747732681492 0.22311747732681492 0.22311747732681492 1 1 1 Converged Converged Converged OK OK OK 74 74 74 74 74 74 6 6 6 0 0 0 0 1 0 0 1
107 107 uniform 0 23 1075 3 0.001 0.88252605170214315 0.00087883732690101758 0.00029821630033484864 0.00066375772381346929 0.0010693888754377899 0.00072340098388043905 0 5.1514827377842029e-05 884.74968660904415 OK 14 13 0.56615199999999999 0.54563499999999998 0.120056 0.44467400000000001 0.30699500000000002 0 0.12147799999999997 0.23863999999999996 0.120056 0.01273 0.012925000000000001 0.012272 0.091287999999999966 0.20764499999999997 0.090791000000000011 0.0028270000000000001 0.0030859999999999998 0.0028759999999999992 0.00081000000000000006 0.00086699999999999993 0.00084199999999999987 884.74972564327481 884.74972564327481 884.74972564327481 0.17065077843186285 0.17065077843186285 0.17065077843186285 1 1 1 Converged Converged Converged OK OK OK 67 67 67 67 67 67 5 5 5 0 0 0 0 1 0 0 1
107 107 uniform 0 0 1075 0 0.0001 0.88252605170214315 0.00087883732690101758 0.00029821630033484864 0.00066375772381346929 0.0010693888754377899 0.00060411446374649953 0 0.00017080134751178155 1218.988717379294 OK 14 13 0.64516399999999996 0.64941199999999999 0.18349799999999999 0.45976600000000001 0.465395 0 0.18539799999999995 0.18401699999999999 0.18349799999999999 0.014017999999999999 0.013687 0.013639999999999999 0.13358000000000003 0.13300300000000004 0.13276999999999997 0.0049060000000000006 0.0047770000000000009 0.0047449999999999992 0.001356 0.0012209999999999999 0.0011820000000000001 1218.9886950283849 1218.9886950283849 1218.9886950283849 0.057651882812130781 0.057651882812130781 0.057651882812130781 1 1 1 Converged Converged Converged OK OK OK 105 105 105 105 105 105 7 7 7 0 0 0 0 0 1 0 0
107 107 uniform 0 7 1075 1 0.0001 0.88252605170214315 0.00087883732690101758 0.00029821630033484864 0.00066375772381346929 0.0010693888754377899 0.00064041905683074197 0 0.00013449675442753911 1124.157872750694 OK 14 13 0.60394700000000001 0.65609600000000001 0.15718499999999999 0.444187 0.29803600000000002 0 0.15976000000000001 0.35805999999999999 0.15718499999999999 0.012869999999999999 0.012851 0.012159 0.12090299999999998 0.31922899999999993 0.12021199999999996 0.0045220000000000008 0.0042580000000000005 0.0041570000000000001 0.0012560000000000002 0.0011999999999999999 0.0011350000000000002 1124.1578830603833 1124.1578830603833 1124.1578830603833 0.032307686678672828 0.032307686678672828 0.032307686678672828 1 1 1 Converged Converged Converged OK OK OK 98 98 98 98 98 98 6 6 6 0 0 0 0 1 0 0 1
107 107 uniform 0 15 1075 2 0.0001 0.88252605170214315 0.00087883732690101758 0.00029821630033484864 0.00066375772381346929 0.0010693888754377899 0.00068191002035559057 0 9.3005790902690516e-05 1008.0698919306122 OK 14 13 0.482962 0.50758599999999998 0.14961099999999999 0.32865 0.19296099999999999 0 0.154312 0.31462499999999999 0.14961099999999999 0.012735 0.012775999999999999 0.012113000000000001 0.11778700000000003 0.27719699999999997 0.11463599999999999 0.0039940000000000002 0.0042469999999999999 0.0037749999999999997 0.001021 0.0010740000000000001 0.0010099999999999998 1008.0700977672576 1008.0700977672576 1008.0700977672576 0.079701558253282845 0.079701558253282845 0.079701558253282845 1 1 1 Converged Converged Converged OK OK OK 90 90 90 90 90 90 6 6 6 0 0 0 0 1 0 0 1
107 107 uniform 0 23 1075 3 0.0001 0.88252605170214315 0.00087883732690101758 0.00029821630033484864 0.00066375772381346929 0.0010693888754377899 0.00072340098388043905 0 5.1514827377842029e-05 884.74968660904415 OK 14 13 0.58644200000000002 0.60594800000000004 0.14110700000000001 0.442886 0.31342500000000001 0 0.14355600000000002 0.29252300000000003 0.14110700000000001 0.012937000000000001 0.012983 0.012198000000000001 0.10782 0.25671899999999997 0.10705799999999999 0.0038509999999999994 0.0038550000000000004 0.0036030000000000003 0.0010320000000000001 0.0010189999999999999 0.0010449999999999999 884.74972730874765 884.74972730874765 884.74972730874765 0.020167043780397728 0.020167043780397728 0.020167043780397728 1 1 1 Converged Converged Converged OK OK OK 83 83 83 83 83 83 5 5 5 0 0 0 0 1 0 0 1
107 107 uniform 1 0 1076 0 0.001 0.88252605170214315 0.00087883732690101758 0.00029821630033484864 0.23948918237078295 -0.030528746103180307 0.23942953911071599 0 -0.23865462329945772 12.570302812498905 OK 14 13 0.42843799999999999 0.42403099999999999 0.107962 0.31917299999999998 0.312384 0 0.109265 0.111647 0.107962 0.011639 0.011662 0.01129 0.07618599999999999 0.076047000000000003 0.075383999999999979 0.0028349999999999998 0.0028119999999999998 0.0027030000000000001 0.00073799999999999994 0.00072999999999999996 0.00072999999999999996 12.570285470438257 12.570285470438257 12.570285470438257 0.011924321562545777 0.011924321562545777 0.011924321562545777 1 1 1 Converged Converged Converged OK OK OK 67 67 67 67 67 67 5 5 5 0 0 0 0 0 1 0 0
107 107 uniform 1 7 1076 1 0.001 0.88252605170214315 0.00087883732690101758 0.00029821630033484864 0.23948918237078295 -0.030528746103180307 0.23946584370380022 0 -0.23869092789254195 12.393776090072505 OK 14 13 0.42062500000000003 0.41145900000000002 0.103288 0.31562499999999999 0.178537 0 0.10500000000000004 0.23292200000000002 0.103288 0.010775 0.010964 0.010255 0.077056000000000027 0.20447100000000001 0.076463999999999976 0.0027190000000000001 0.0029080000000000004 0.0027190000000000005 0.000727 0.00074300000000000006 0.00070399999999999998 12.393758713923326 12.393758713923326 12.393758713923326 0.011936513459369288 0.011936513459369288 0.011936513459369288 1 1 1 Converged Converged Converged OK OK OK 67 67 67 67 67 67 5 5 5 0 0 0 0 1 0 0 1
107 107 uniform 1 15 1076 2 0.001 0.88252605170214315 0.00087883732690101758 0.00029821630033484864 0.23948918237078295 -0.030528746103180307 0.23950733466732507 0 -0.2387324188560668 12.190870848233367 OK 14 13 0.45410299999999998 0.43082799999999999 0.097346000000000002 0.35124899999999998 0.21560599999999999 0 0.102854 0.215222 0.097346000000000002 0.010887000000000001 0.01106 0.010165 0.074824000000000015 0.18682400000000005 0.070638999999999993 0.0027439999999999995 0.0029770000000000005 0.0027130000000000001 0.00071900000000000013 0.00074299999999999995 0.00068999999999999997 12.190853682210049 12.190853682210049 12.190853682210049 0.011950923977744478 0.011950923977744478 0.011950923977744478 1 1 1 Converged Converged Converged OK OK OK 67 67 67 67 67 67 5 5 5 0 0 0 0 1 0 0 1
107 107 uniform 1 23 1076 3 0.001 0.88252605170214315 0.00087883732690101758 0.00029821630033484864 0.23948918237078295 -0.030528746103180307 0.23954882563084992 0 -0.23877390981959165 11.986742469979685 OK 14 13 0.43513400000000002 0.41117300000000001 0.103767 0.329953 0.19484099999999999 0 0.10518100000000002 0.21633200000000002 0.103767 0.010904 0.010815 0.010191 0.077473000000000014 0.18803000000000009 0.077154000000000014 0.0026639999999999997 0.0029139999999999999 0.00266 0.00071100000000000004 0.00073700000000000002 0.00069399999999999996 11.986725327506067 11.986725327506067 11.986725327506067 0.011965851036466553 0.011965851036466553 0.011965851036466553 1 1 1 Converged Converged Converged OK OK OK 67 67 67 67 67 67 5 5 5 0 0 0 0 1 0 0 1
107 107 uniform 1 0 1076 0 0.0001 0.88252605170214315 0.00087883732690101758 0.00029821630033484864 0.23948918237078295 -0.030528746103180307 0.23942953911071599 0 -0.23865462329945772 12.570302812498905 OK 14 13 0.455009 0.455233 0.13744500000000001 0.31368299999999999 0.31628899999999999 0 0.14132600000000001 0.13894400000000001 0.13744500000000001 0.011427 0.011916 0.011280999999999999 0.099167000000000005 0.096044999999999978 0.095671999999999979 0.004058 0.0042329999999999998 0.0039659999999999999 0.00098200000000000002 0.0010150000000000001 0.00098600000000000011 12.570298547674165 12.570298547674165 12.570298547674165 0.00058438277946903027 0.00058438277946903027 0.00058438277946903027 1 1 1 Converged Converged Converged OK OK OK 91 91 91 91 91 91 5 5 5 0 0 0 0 0 1 0 0
107 107 uniform 1 7 1076 1 0.0001 0.88252605170214315 0.00087883732690101758 0.00029821630033484864 0.23948918237078295 -0.030528746103180307 0.23946584370380022 0 -0.23869092789254195 12.393776090072505 OK 14 13 0.45254 0.48843399999999998 0.13420599999999999 0.320774 0.18077299999999999 0 0.13176599999999999 0.30766099999999996 0.13420599999999999 0.010884 0.010782999999999999 0.010227999999999999 0.096491000000000035 0.27199800000000002 0.099916000000000019 0.003973 0.0043079999999999993 0.0039299999999999995 0.001003 0.00098499999999999998 0.0010369999999999999 12.393771813921621 12.393771813921621 12.393771813921621 0.00057854284655141667 0.00057854284655141667 0.00057854284655141667 1 1 1 Converged Converged Converged OK OK OK 91 91 91 91 91 91 5 5 5 0 0 0 0 1 0 0 1
107 107 uniform 1 15 1076 2 0.0001 0.88252605170214315 0.00087883732690101758 0.00029821630033484864 0.23948918237078295 -0.030528746103180307 0.23950733466732507 0 -0.2387324188560668 12.190870848233367 OK 14 13 0.48041699999999998 0.50113300000000005 0.12645899999999999 0.34962599999999999 0.21460399999999999 0 0.13079099999999999 0.28652900000000003 0.12645899999999999 0.010767000000000001 0.010984000000000001 0.010241999999999999 0.092716999999999994 0.25071899999999997 0.092344999999999983 0.0071310000000000002 0.0042690000000000002 0.0040350000000000004 0.00098700000000000003 0.00097500000000000006 0.0010150000000000001 12.190866808281994 12.190866808281994 12.190866808281994 0.00057229706550909884 0.00057229706550909884 0.00057229706550909884 1 1 1 Converged Converged Converged OK OK OK 91 91 91 91 91 91 5 5 5 0 0 0 0 1 0 0 1
107 107 uniform 1 23 1076 3 0.0001 0.88252605170214315 0.00087883732690101758 0.00029821630033484864 0.23948918237078295 -0.030528746103180307 0.23954882563084992 0 -0.23877390981959165 11.986742469979685 OK 14 13 0.46370699999999998 0.481485 0.13167300000000001 0.330042 0.19581499999999999 0 0.13366499999999998 0.28566999999999998 0.13167300000000001 0.010836 0.010935 0.010220999999999999 0.098372999999999974 0.2503780000000001 0.097967999999999944 0.004058 0.0040750000000000005 0.0038840000000000003 0.0010170000000000001 0.00098099999999999988 0.0010219999999999999 11.986738479717793 11.986738479717793 11.986738479717793 0.00056651594677262825 0.00056651594677262825 0.00056651594677262825 1 1 1 Converged Converged Converged OK OK OK 91 91 91 91 91 91 5 5 5 0 0 0 0 1 0 0 1
107 107 uniform 2 0 1077 0 0.001 0.88252605170214315 0.00087883732690101758 0.00029821630033484864 0.00064488029264252373 -0.00027428527485888634 0.00058523703257555397 0 0.00018967877868272711 2332.2632116184054 OK 15 14 0.73004100000000005 0.73240899999999998 0.27086900000000003 0.45780999999999999 0.46294400000000002 0 0.27223100000000006 0.26946499999999995 0.27086900000000003 0.014399 0.014088 0.013710999999999999 0.212671 0.21149699999999999 0.21184400000000006 0.0076439999999999998 0.0071199999999999996 0.007724 0.001127 0.0010190000000000002 0.0010549999999999999 2332.2659018906429 2332.2659018906429 2332.2659018906429 0.86952457682057172 0.86952457682057172 0.86952457682057172 1 1 1 Converged Converged Converged OK OK OK 120 120 120 120 120 120 8 8 8 0 0 0 0 0 1 0 0
107 107 uniform 2 7 1077 1 0.001 0.88252605170214315 0.00087883732690101758 0.00029821630033484864 0.00064488029264252373 -0.00027428527485888634 0.00062154162565979641 0 0.00015337418559848467 2030.2888220842285 OK 15 14 0.81962599999999997 0.81936299999999995 0.259162 0.55452699999999999 0.413858 0 0.26509899999999997 0.40550499999999995 0.259162 0.01308 0.013014 0.012178 0.21766699999999994 0.35923299999999969 0.215089 0.0071729999999999997 0.00662 0.0061860000000000005 0.00088200000000000008 0.00092500000000000004 0.000852 2030.291108294012 2030.291108294012 2030.291108294012 1.5316853255646745 1.5316853255646745 1.5316853255646745 1 1 1 Converged Converged Converged OK OK OK 112 112 112 112 112 112 8 8 8 0 0 0 0 1 0 0 1
107 107 uniform 2 15 1077 2 0.001 0.88252605170214315 0.00087883732690101758 0.00029821630033484864 0.00064488029264252373 -0.00027428527485888634 0.00066303258918464501 0 0.00011188322207363608 1486.8515009689977 OK 17 16 0.902285 0.88517299999999999 0.29623899999999997 0.60186600000000001 0.460984 0 0.30041899999999999 0.42418899999999998 0.29623899999999997 0.018141000000000001 0.018189 0.017151 0.24801000000000009 0.37008799999999992 0.24607000000000007 0.0058829999999999985 0.0068739999999999999 0.0056909999999999999 0.0012639999999999999 0.0014019999999999998 0.0012909999999999998 1486.8536522233569 1486.8536522233569 1486.8536522233569 0.96548831285666947 0.96548831285666947 0.96548831285666947 1 1 1 Converged Converged Converged OK OK OK 118 118 118 118 118 118 10 10 10 0 0 0 0 1 0 0 1
107 107 uniform 2 23 1077 3 0.001 0.88252605170214315 0.00087883732690101758 0.00029821630033484864 0.00064488029264252373 -0.00027428527485888634 0.00070452355270949349 0 7.039225854878759e-05 1300.7624032682579 OK 15 14 0.83629500000000001 0.77532800000000002 0.22805800000000001 0.60204899999999995 0.45944299999999999 0 0.23424600000000007 0.31588500000000003 0.22805800000000001 0.013252999999999999 0.013361 0.012225 0.19252599999999989 0.2747119999999999 0.19004999999999997 0.0055749999999999992 0.0053469999999999993 0.0047190000000000001 0.0011779999999999998 0.0011710000000000002 0.0010049999999999998 1300.7650273666736 1300.7650273666736 1300.7650273666736 0.69164105159700573 0.69164105159700573 0.69164105159700573 1 1 1 Converged Converged Converged OK OK OK 103 103 103 103 103 103 9 9 9 0 0 0 0 1 0 0 1
107 107 uniform 2 0 1077 0 0.0001 0.88252605170214315 0.00087883732690101758 0.00029821630033484864 0.00064488029264252373 -0.00027428527485888634 0.00058523703257555397 0 0.00018967877868272711 2332.2632116184054 OK 15 14 0.74092499999999994 0.74044500000000002 0.28126600000000002 0.46226699999999998 0.45580199999999998 0 0.27865799999999996 0.28464300000000003 0.28126600000000002 0.013387 0.014056000000000001 0.013546000000000001 0.21820300000000006 0.221803 0.21909599999999996 0.0067920000000000012 0.0076769999999999998 0.0076369999999999997 0.0012020000000000002 0.0012229999999999999 0.0012490000000000001 2332.2661097426126 2332.2661097426126 2332.2661097426126 0.23175300861992587 0.23175300861992587 0.23175300861992587 1 1 1 Converged Converged Converged OK OK OK 128 128 128 128 128 128 8 8 8 0 0 0 0 0 1 0 0
107 107 uniform 2 7 1077 1 0.0001 0.88252605170214315 0.00087883732690101758 0.00029821630033484864 0.00064488029264252373 -0.00027428527485888634 0.00062154162565979641 0 0.00015337418559848467 2030.2888220842285 OK 15 14 0.96202799999999999 1.1630389999999999 0.40855399999999997 0.55491199999999996 0.41371400000000003 0 0.40711600000000003 0.74932499999999991 0.40855399999999997 0.012784999999999999 0.014357 0.012175 0.32932899999999993 0.66235700000000008 0.32917900000000022 0.015839000000000002 0.018126 0.016261999999999999 0.0013520000000000003 0.0014139999999999999 0.001433 2030.2916013784861 2030.2916013784861 2030.2916013784861 0.040329863555897065 0.040329863555897065 0.040329863555897065 1 1 1 Converged Converged Converged OK OK OK 192 192 192 192 192 192 8 8 8 0 0 0 0 1 0 0 1
107 107 uniform 2 15 1077 2 0.0001 0.88252605170214315 0.00087883732690101758 0.00029821630033484864 0.00064488029264252373 -0.00027428527485888634 0.00066303258918464501 0 0.00011188322207363608 1486.8515009689977 OK 17 16 0.98810100000000001 1.0046139999999999 0.37884800000000002 0.60198099999999999 0.46312599999999998 0 0.38612000000000002 0.54148799999999997 0.37884800000000002 0.017805999999999999 0.017826000000000002 0.017555999999999999 0.31884099999999993 0.47342299999999998 0.31479299999999993 0.010044000000000001 0.010404999999999999 0.0086059999999999991 0.0017459999999999997 0.0016950000000000001 0.0016630000000000002 1486.8539985626348 1486.8539985626348 1486.8539985626348 0.11286461598196311 0.11286461598196311 0.11286461598196311 1 1 1 Converged Converged Converged OK OK OK 158 158 158 158 158 158 10 10 10 0 0 0 0 1 0 0 1
107 107 uniform 2 23 1077 3 0.0001 0.88252605170214315 0.00087883732690101758 0.00029821630033484864 0.00064488029264252373 -0.00027428527485888634 0.00070452355270949349 0 7.039225854878759e-05 1300.7624032682579 OK 15 14 0.85475000000000001 0.87083699999999997 0.25138500000000003 0.59490299999999996 0.46000400000000002 0 0.25984700000000005 0.41083299999999995 0.25138500000000003 0.01315 0.013231 0.012149 0.21370700000000006 0.36371299999999995 0.20839499999999991 0.006494999999999999 0.0068429999999999993 0.0057670000000000004 0.0014450000000000001 0.0015250000000000003 0.001415 1300.7649396303607 1300.7649396303607 1300.7649396303607 0.044725428264710626 0.044725428264710626 0.044725428264710626 1 1 1 Converged Converged Converged OK OK OK 127 127 127 127 127 127 9 9 9 0 0 0 0 1 0 0 1
107 107 uniform 3 0 1078 0 0.001 0.88252605170214315 0.00087883732690101758 0.00029821630033484864 0.21742345106515143 -0.028281199777398437 0.21736380780508446 0 -0.21658889199382619 11.441643580855438 OK 13 12 0.34539999999999998 0.34645999999999999 0.060498000000000003 0.28376200000000001 0.28499600000000003 0 0.061637999999999971 0.061463999999999963 0.060498000000000003 0.0088400000000000006 0.0090659999999999994 0.0087119999999999993 0.039727000000000012 0.039727000000000005 0.039136999999999991 0.001769 0.0017780000000000001 0.001696 0.00042899999999999997 0.00046799999999999999 0.00042299999999999998 11.441638267037789 11.441638267037789 11.441638267037789 0.0098003709646727194 0.0098003709646727194 0.0098003709646727194 1 1 1 Converged Converged Converged OK OK OK 37 37 37 37 37 37 3 3 3 0 0 0 0 0 1 0 0
107 107 uniform 3 7 1078 1 0.001 0.88252605170214315 0.00087883732690101758 0.00029821630033484864 0.21742345106515143 -0.028281199777398437 0.2174001123981687 0 -0.21662519658691043 11.513682333572197 OK 13 12 0.35133599999999998 0.287796 0.056327000000000002 0.29029199999999999 0.15779699999999999 0 0.061043999999999987 0.129999 0.056327000000000002 0.0081419999999999999 0.0082240000000000004 0.0076379999999999998 0.041390000000000003 0.11031600000000003 0.037616000000000004 0.0017459999999999999 0.0018460000000000002 0.0017210000000000001 0.00043100000000000001 0.00043399999999999998 0.000417 11.51367700135981 11.51367700135981 11.51367700135981 0.0099555914762234528 0.0099555914762234528 0.0099555914762234528 1 1 1 Converged Converged Converged OK OK OK 37 37 37 37 37 37 3 3 3 0 0 0 0 1 0 0 1
107 107 uniform 3 15 1078 2 0.001 0.88252605170214315 0.00087883732690101758 0.00029821630033484864 0.21742345106515143 -0.028281199777398437 0.21744160336169355 0 -0.21666668755043528 11.599133170304103 OK 13 12 0.35180699999999998 0.27665899999999999 0.054625 0.29557899999999998 0.15962299999999999 0 0.056228 0.117036 0.054625 0.0080850000000000002 0.0082140000000000008 0.0077250000000000001 0.036513000000000004 0.097455000000000014 0.035948000000000001 0.0017290000000000001 0.0018189999999999999 0.001681 0.00042400000000000001 0.000435 0.00041599999999999997 11.599127824207969 11.599127824207969 11.599127824207969 0.010144870207810276 0.010144870207810276 0.010144870207810276 1 1 1 Converged Converged Converged OK OK OK 37 37 37 37 37 37 3 3 3 0 0 0 0 1 0 0 1
107 107 uniform 3 23 1078 3 0.001 0.88252605170214315 0.00087883732690101758 0.00029821630033484864 0.21742345106515143 -0.028281199777398437 0.2174830943252184 0 -0.21670817851396013 11.688172528280139 OK 13 12 0.36139199999999999 0.297821 0.057569000000000002 0.30255500000000002 0.16917599999999999 0 0.058836999999999973 0.12864500000000001 0.057569000000000002 0.0081200000000000005 0.0081960000000000002 0.00762 0.039335999999999996 0.10898899999999999 0.039062999999999994 0.0017679999999999998 0.0017549999999999998 0.001709 0.00043500000000000006 0.000426 0.00041300000000000001 11.688167159255553 11.688167159255553 11.688167159255553 0.010348287678903252 0.010348287678903252 0.010348287678903252 1 1 1 Converged Converged Converged OK OK OK 37 37 37 37 37 37 3 3 3 0 0 0 0 1 0 0 1
107 107 uniform 3 0 1078 0 0.0001 0.88252605170214315 0.00087883732690101758 0.00029821630033484864 0.21742345106515143 -0.028281199777398437 0.21736380780508446 0 -0.21658889199382619 11.441643580855438 OK 13 12 0.37335099999999999 0.37878000000000001 0.088494000000000003 0.28360299999999999 0.28932600000000003 0 0.089747999999999994 0.089453999999999978 0.088494000000000003 0.009025 0.0089499999999999996 0.0085690000000000002 0.059068000000000002 0.059032000000000029 0.058751999999999999 0.0030280000000000003 0.0030429999999999997 0.0029900000000000005 0.00067599999999999995 0.00068499999999999995 0.00066399999999999999 11.441643336248447 11.441643336248447 11.441643336248447 0.001006239454448 0.001006239454448 0.001006239454448 1 1 1 Converged Converged Converged OK OK OK 61 61 61 61 61 61 3 3 3 0 0 0 0 0 1 0 0
107 107 uniform 3 7 1078 1 0.0001 0.88252605170214315 0.00087883732690101758 0.00029821630033484864 0.21742345106515143 -0.028281199777398437 0.2174001123981687 0 -0.21662519658691043 11.513682333572197 OK 13 12 0.37893100000000002 0.37904900000000002 0.083325999999999997 0.29120800000000002 0.153949 0 0.087722999999999995 0.22510000000000002 0.083325999999999997 0.0080579999999999992 0.0083149999999999995 0.0076889999999999997 0.057682000000000011 0.19775000000000001 0.057350999999999999 0.0029759999999999999 0.0031340000000000001 0.002957 0.00067499999999999993 0.00066700000000000006 0.00065400000000000007 11.513682078217945 11.513682078217945 11.513682078217945 0.0010061240173321036 0.0010061240173321036 0.0010061240173321036 1 1 1 Converged Converged Converged OK OK OK 61 61 61 61 61 61 3 3 3 0 0 0 0 1 0 0 1
107 107 uniform 3 15 1078 2 0.0001 0.88252605170214315 0.00087883732690101758 0.00029821630033484864 0.21742345106515143 -0.028281199777398437 0.21744160336169355 0 -0.21666668755043528 11.599133170304103 OK 13 12 0.38393699999999997 0.36051800000000001 0.083737000000000006 0.29514600000000002 0.16134799999999999 0 0.088790999999999953 0.19917000000000001 0.083737000000000006 0.0083949999999999997 0.0081329999999999996 0.0075849999999999997 0.060795999999999982 0.17210300000000001 0.057793999999999998 0.003143 0.0032040000000000003 0.0029709999999999997 0.00069900000000000008 0.00066600000000000003 0.0006510000000000001 11.599132909869862 11.599132909869862 11.599132909869862 0.0010059922722057697 0.0010059922722057697 0.0010059922722057697 1 1 1 Converged Converged Converged OK OK OK 61 61 61 61 61 61 3 3 3 0 0 0 0 1 0 0 1
107 107 uniform 3 23 1078 3 0.0001 0.88252605170214315 0.00087883732690101758 0.00029821630033484864 0.21742345106515143 -0.028281199777398437 0.2174830943252184 0 -0.21670817851396013 11.688172528280139 OK 13 12 0.38939200000000002 0.39409899999999998 0.084238999999999994 0.30369400000000002 0.167544 0 0.085697999999999996 0.22655499999999998 0.084238999999999994 0.0082209999999999991 0.0082030000000000002 0.0076829999999999997 0.058712999999999994 0.19931299999999996 0.058339000000000002 0.0030529999999999997 0.0030680000000000004 0.0029470000000000004 0.00067599999999999995 0.00068300000000000001 0.00064600000000000009 11.688172253792123 11.688172253792123 11.688172253792123 0.0010058607254257079 0.0010058607254257079 0.0010058607254257079 1 1 1 Converged Converged Converged OK OK OK 61 61 61 61 61 61 3 3 3 0 0 0 0 1 0 0 1
107 107 uniform 4 0 1079 0 0.001 0.88252605170214315 0.00087883732690101758 0.00029821630033484864 0.25003342454909461 0.047710061927304266 0.24997378128902764 0 -0.24919886547776937 8.081071536916884 OK 15 14 0.95992599999999995 0.95487200000000005 0.16486999999999999 0.79805000000000004 0.792632 0 0.16187599999999991 0.16224000000000005 0.16486999999999999 0.014865 0.014911000000000001 0.014290000000000001 0.11505000000000003 0.11545000000000002 0.11873800000000001 0.0040729999999999994 0.0042339999999999999 0.00413 0.0010390000000000002 0.0011199999999999999 0.0010549999999999999 8.0810698606218381 8.0810698606218381 8.0810698606218381 0.0071163038821729346 0.0071163038821729346 0.0071163038821729346 1 1 1 Converged Converged Converged OK OK OK 82 82 82 82 82 82 6 6 6 0 0 0 0 0 1 0 0
107 107 uniform 4 7 1079 1 0.001 0.88252605170214315 0.00087883732690101758 0.00029821630033484864 0.25003342454909461 0.047710061927304266 0.25001008588211188 0 -0.24923517007085361 8.1059461221945632 OK 15 14 0.96007699999999996 0.91556800000000005 0.160386 0.79835100000000003 0.64700000000000002 0 0.16172599999999993 0.26856800000000003 0.160386 0.013734 0.013875 0.013081000000000001 0.11883599999999998 0.22462300000000004 0.11835899999999996 0.0046479999999999994 0.0051589999999999995 0.0047030000000000006 0.001127 0.0012509999999999999 0.0011380000000000001 8.105946427000843 8.105946427000843 8.105946427000843 0.0033084199546314229 0.0033084199546314229 0.0033084199546314229 1 1 1 Converged Converged Converged OK OK OK 90 90 90 90 90 90 6 6 6 0 0 0 0 1 0 0 1
107 107 uniform 4 15 1079 2 0.001 0.88252605170214315 0.00087883732690101758 0.00029821630033484864 0.25003342454909461 0.047710061927304266 0.25005157684563672 0 -0.24927666103437846 8.1474243381825655 OK 15 14 0.74109599999999998 0.68575299999999995 0.15620000000000001 0.58278799999999997 0.43404300000000001 0 0.158308 0.25170999999999993 0.15620000000000001 0.013576 0.013812 0.012883 0.11708699999999994 0.209955 0.11607599999999996 0.0045210000000000007 0.0047380000000000009 0.0044749999999999998 0.001088 0.0011169999999999999 0.001091 8.147422837821571 8.147422837821571 8.147422837821571 0.0036535927104347568 0.0036535927104347568 0.0036535927104347568 1 1 1 Converged Converged Converged OK OK OK 90 90 90 90 90 90 6 6 6 0 0 0 0 1 0 0 1
107 107 uniform 4 23 1079 3 0.001 0.88252605170214315 0.00087883732690101758 0.00029821630033484864 0.25003342454909461 0.047710061927304266 0.25009306780916157 0 -0.2493181519979033 8.2047020174558334 OK 15 14 1.0178929999999999 0.99640799999999996 0.188364 0.82742199999999999 0.70170999999999994 0 0.19047099999999995 0.29469800000000002 0.188364 0.013834000000000001 0.013991 0.01321 0.142954 0.24467300000000003 0.14183399999999999 0.0054709999999999993 0.0066020000000000002 0.0054340000000000005 0.001294 0.0014269999999999999 0.001297 8.2047061730200337 8.2047061730200337 8.2047061730200337 0.0025040277643407615 0.0025040277643407615 0.0025040277643407615 1 1 1 Converged Converged Converged OK OK OK 113 113 113 113 113 113 7 7 7 0 0 0 0 1 0 0 1
107 107 uniform 4 0 1079 0 0.0001 0.88252605170214315 0.00087883732690101758 0.00029821630033484864 0.25003342454909461 0.047710061927304266 0.24997378128902764 0 -0.24919886547776937 8.081071536916884 OK 15 14 1.0410509999999999 1.036737 0.244537 0.79736799999999997 0.79361000000000004 0 0.24368299999999998 0.24312699999999998 0.244537 0.014648 0.014852000000000001 0.014491 0.17288200000000006 0.17309400000000003 0.17503099999999999 0.0072490000000000002 0.0071769999999999985 0.0070930000000000003 0.0015410000000000003 0.0015460000000000001 0.001457 8.081071493910958 8.081071493910958 8.081071493910958 0.00049886819321296057 0.00049886819321296057 0.00049886819321296057 1 1 1 Converged Converged Converged OK OK OK 138 138 138 138 138 138 6 6 6 0 0 0 0 0 1 0 0
107 107 uniform 4 7 1079 1 0.0001 0.88252605170214315 0.00087883732690101758 0.00029821630033484864 0.25003342454909461 0.047710061927304266 0.25001008588211188 0 -0.24923517007085361 8.1059461221945632 OK 15 14 1.0235399999999999 1.0364640000000001 0.224826 0.79916600000000004 0.64993299999999998 0 0.22437399999999985 0.38653100000000007 0.224826 0.013892 0.013811 0.012996000000000001 0.16762500000000005 0.33029299999999989 0.16702999999999998 0.0071179999999999993 0.0072130000000000007 0.0071320000000000003 0.0014770000000000002 0.0014519999999999999 0.0014400000000000001 8.1059460634741196 8.1059460634741196 8.1059460634741196 0.0004362761331685608 0.0004362761331685608 0.0004362761331685608 1 1 1 Converged Converged Converged OK OK OK 138 138 138 138 138 138 6 6 6 0 0 0 0 1 0 0 1
107 107 uniform 4 15 1079 2 0.0001 0.88252605170214315 0.00087883732690101758 0.00029821630033484864 0.25003342454909461 0.047710061927304266 0.25005157684563672 0 -0.24927666103437846 8.1474243381825655 OK 15 14 0.80061800000000005 0.80952299999999999 0.221613 0.58007500000000001 0.43161100000000002 0 0.22054300000000004 0.37791199999999997 0.221613 0.013809 0.013834000000000001 0.012916 0.16454199999999999 0.31734699999999999 0.16347199999999992 0.0071179999999999993 0.0072819999999999994 0.0070609999999999996 0.001444 0.0014789999999999998 0.001428 8.1474242774851948 8.1474242774851948 8.1474242774851948 0.00037269695452334334 0.00037269695452334334 0.00037269695452334334 1 1 1 Converged Converged Converged OK OK OK 138 138 138 138 138 138 6 6 6 0 0 0 0 1 0 0 1
107 107 uniform 4 23 1079 3 0.0001 0.88252605170214315 0.00087883732690101758 0.00029821630033484864 0.25003342454909461 0.047710061927304266 0.25009306780916157 0 -0.2493181519979033 8.2047020174558334 OK 15 14 1.0959099999999999 1.1655880000000001 0.26615699999999998 0.82742400000000005 0.70412600000000003 0 0.26848599999999989 0.46146200000000004 0.26615699999999998 0.013958999999999999 0.015373 0.01308 0.2024390000000002 0.39022800000000035 0.20148800000000014 0.0098300000000000002 0.011359999999999999 0.0097849999999999986 0.0017100000000000001 0.0019709999999999997 0.0017290000000000001 8.2047019585988163 8.2047019585988163 8.2047019585988163 0.0004148906515681361 0.0004148906515681361 0.0004148906515681361 1 1 1 Converged Converged Converged OK OK OK 177 177 177 177 177 177 7 7 7 0 0 0 0 1 0 0 1
108 108 linear 0 0 1080 0 0.001 0.44604853984930098 0.018705723021516369 0.044620277555300583 1.7244917238924664 -0.55252181961105296 1.7155676683814063 0.5 -1.7073772162694605 1.3443475711101949 OK 12 11 0.36572399999999999 0.35609499999999999 0.116589 0.24565799999999999 0.23894000000000001 0 0.12006600000000001 0.11715499999999998 0.116589 0.0067479999999999997 0.0067520000000000002 0.0065259999999999997 0.090838999999999989 0.088517999999999986 0.088440000000000005 0.0030990000000000002 0.0030549999999999996 0.0028700000000000002 0.00069700000000000014 0.0007000000000000001 0.00067400000000000001 1.3443485957429377 1.3443485957429377 1.3443485957429377 0.00031076481171817591 0.00031076481171817591 0.00031076481171817591 1 1 1 Converged Converged Converged OK OK OK 74 74 74 74 74 74 6 6 6 0 0 0 0 0 1 0 0
108 108 linear 0 7 1080 1 0.001 0.44604853984930098 0.018705723021516369 0.044620277555300583 1.7244917238924664 -0.55252181961105296 1.7209997021707473 0.5 -1.7128092500588015 1.3483658584350726 OK 12 11 0.38995000000000002 0.27586699999999997 0.111696 0.27509600000000001 0.14452599999999999 0 0.11485400000000001 0.13134099999999999 0.111696 0.0058710000000000004 0.0059300000000000004 0.0055529999999999998 0.091139999999999985 0.108054 0.088876999999999984 0.002928 0.0028400000000000001 0.0029400000000000003 0.00066399999999999999 0.00068300000000000001 0.00067500000000000004 1.3483682762541853 1.3483682762541853 1.3483682762541853 0.00081265848024197711 0.00081265848024197711 0.00081265848024197711 1 1 1 Converged Converged Converged OK OK OK 74 74 74 74 74 74 6 6 6 0 0 0 0 1 0 0 1
108 108 linear 0 15 1080 2 0.001 0.44604853984930098 0.018705723021516369 0.044620277555300583 1.7244917238924664 -0.55252181961105296 1.7272077407871369 0.5 -1.7190172886751911 1.3495070106852807 OK 12 11 0.39781499999999997 0.288136 0.137822 0.26155800000000001 0.134879 0 0.13625699999999996 0.153257 0.137822 0.0058380000000000003 0.00596 0.005411 0.10945700000000003 0.126918 0.11203300000000002 0.0033139999999999997 0.0032600000000000003 0.0034459999999999998 0.00081800000000000004 0.00078300000000000006 0.00081299999999999992 1.3495091268575523 1.3495091268575523 1.3495091268575523 0.00037244915890408196 0.00037244915890408196 0.00037244915890408196 1 1 1 Converged Converged Converged OK OK OK 82 82 82 82 82 82 6 6 6 0 0 0 0 1 0 0 1
108 108 linear 0 23 1080 3 0.001 0.44604853984930098 0.018705723021516369 0.044620277555300583 1.7244917238924664 -0.55252181961105296 1.7334157794035265 0.5 -1.7252253272915807 1.3470495847220343 OK 12 11 0.39061099999999999 0.30247800000000002 0.13040399999999999 0.25583299999999998 0.14933099999999999 0 0.13477800000000001 0.15314700000000003 0.13040399999999999 0.0058939999999999999 0.0059649999999999998 0.0054660000000000004 0.109154 0.12789300000000001 0.10614499999999995 0.0035179999999999999 0.0033079999999999997 0.0033559999999999996 0.00080999999999999996 0.00077099999999999998 0.000767 1.3470512850637089 1.3470512850637089 1.3470512850637089 0.00029192680327355208 0.00029192680327355208 0.00029192680327355208 1 1 1 Converged Converged Converged OK OK OK 82 82 82 82 82 82 6 6 6 0 0 0 0 1 0 0 1
108 108 linear 0 0 1080 0 0.0001 0.44604853984930098 0.018705723021516369 0.044620277555300583 1.7244917238924664 -0.55252181961105296 1.7155676683814063 0.5 -1.7073772162694605 1.3443475711101949 OK 12 11 0.39149299999999998 0.39030199999999998 0.14832600000000001 0.23963300000000001 0.24090900000000001 0 0.15185999999999997 0.14939299999999997 0.14832600000000001 0.0066670000000000002 0.006646 0.0064770000000000001 0.11567800000000003 0.11273299999999994 0.11228499999999998 0.0041659999999999996 0.0045110000000000003 0.0044399999999999995 0.00099399999999999987 0.00099700000000000006 0.00094199999999999991 1.3443501430720057 1.3443501430720057 1.3443501430720057 1.4556730613296441e-05 1.4556730613296441e-05 1.4556730613296441e-05 1 1 1 Converged Converged Converged OK OK OK 98 98 98 98 98 98 6 6 6 0 0 0 0 0 1 0 0
108 108 linear 0 7 1080 1 0.0001 0.44604853984930098 0.018705723021516369 0.044620277555300583 1.7244917238924664 -0.55252181961105296 1.7209997021707473 0.5 -1.7128092500588015 1.3483658584350726 OK 12 11 0.422458 0.308672 0.140926 0.27105800000000002 0.14597199999999999 0 0.15139999999999998 0.16270000000000001 0.140926 0.00596 0.0059519999999999998 0.0055849999999999997 0.12271099999999999 0.13384799999999997 0.11312900000000001 0.0041019999999999997 0.0043169999999999997 0.0041419999999999998 0.00091399999999999988 0.00092999999999999984 0.00090600000000000001 1.3483674750349108 1.3483674750349108 1.3483674750349108 8.162726362674751e-06 8.162726362674751e-06 8.162726362674751e-06 1 1 1 Converged Converged Converged OK OK OK 98 98 98 98 98 98 6 6 6 0 0 0 0 1 0 0 1
108 108 linear 0 15 1080 2 0.0001 0.44604853984930098 0.018705723021516369 0.044620277555300583 1.7244917238924664 -0.55252181961105296 1.7272077407871369 0.5 -1.7190172886751911 1.3495070106852807 OK 12 11 0.44311800000000001 0.34520200000000001 0.18062300000000001 0.255079 0.13908200000000001 0 0.18803900000000001 0.20612 0.18062300000000001 0.0059680000000000002 0.0059119999999999997 0.0055189999999999996 0.15427500000000002 0.172289 0.14809499999999995 0.0049830000000000004 0.0051570000000000001 0.0050480000000000004 0.0010820000000000001 0.001088 0.0010580000000000001 1.3495047138723399 1.3495047138723399 1.3495047138723399 9.9109202428266599e-06 9.9109202428266599e-06 9.9109202428266599e-06 1 1 1 Converged Converged Converged OK OK OK 114 114 114 114 114 114 6 6 6 0 0 0 0 1 0 0 1
108 108 linear 0 23 1080 3 0.0001 0.44604853984930098 0.018705723021516369 0.044620277555300583 1.7244917238924664 -0.55252181961105296 1.7334157794035265 0.5 -1.7252253272915807 1.3470495847220343 OK 12 11 0.41280499999999998 0.32722000000000001 0.150425 0.25248900000000002 0.14984600000000001 0 0.16031599999999996 0.177374 0.150425 0.00596 0.0059080000000000001 0.0054120000000000001 0.13117899999999999 0.14857199999999998 0.12283699999999995 0.0042259999999999997 0.0045159999999999992 0.0041660000000000004 0.00092000000000000003 0.00091799999999999998 0.00087500000000000002 1.3470515776446039 1.3470515776446039 1.3470515776446039 9.9133931662723614e-05 9.9133931662723614e-05 9.9133931662723614e-05 1 1 1 Converged Converged Converged OK OK OK 98 98 98 98 98 98 6 6 6 0 0 0 0 1 0 0 1
108 108 linear 1 0 1081 0 0.001 0.44604853984930098 0.018705723021516369 0.044620277555300583 1.7413140568373426 0.51488896104000981 1.7323900013262825 0.5 -1.7241995492143367 1.2995051271098477 OK 13 12 0.52098599999999995 0.51427699999999998 0.18221000000000001 0.33227299999999999 0.33302199999999998 0 0.18871299999999996 0.181255 0.18221000000000001 0.012737 0.0096109999999999998 0.0093889999999999998 0.14985299999999996 0.14638499999999999 0.14624000000000004 0.0035409999999999999 0.0033740000000000003 0.00365 0.00088199999999999997 0.00078199999999999993 0.0008699999999999999 1.2995072396731819 1.2995072396731819 1.2995072396731819 0.0011915057674371742 0.0011915057674371742 0.0011915057674371742 1 1 1 Converged Converged Converged OK OK OK 81 81 81 81 81 81 7 7 7 0 0 0 0 0 1 0 0
108 108 linear 1 7 1081 1 0.001 0.44604853984930098 0.018705723021516369 0.044620277555300583 1.7413140568373426 0.51488896104000981 1.7378220351156235 0.5 -1.7296315830036777 1.2933250667902256 OK 13 12 0.63492000000000004 0.54119200000000001 0.166237 0.46387 0.347779 0 0.17105000000000004 0.193413 0.166237 0.0086189999999999999 0.0086669999999999994 0.0080569999999999999 0.14184200000000002 0.16388500000000003 0.13817900000000002 0.0035110000000000002 0.0037270000000000003 0.0034730000000000004 0.00074100000000000001 0.00079799999999999988 0.00078100000000000001 1.2933242213867322 1.2933242213867322 1.2933242213867322 0.0012043862763431855 0.0012043862763431855 0.0012043862763431855 1 1 1 Converged Converged Converged OK OK OK 81 81 81 81 81 81 7 7 7 0 0 0 0 1 0 0 1
108 108 linear 1 15 1081 2 0.001 0.44604853984930098 0.018705723021516369 0.044620277555300583 1.7413140568373426 0.51488896104000981 1.7440300737320131 0.5 -1.7358396216200673 1.2826154001079304 OK 13 12 0.706148 0.61347399999999996 0.17921999999999999 0.51826799999999995 0.40525600000000001 0 0.18788000000000005 0.20821799999999996 0.17921999999999999 0.0085929999999999999 0.0089169999999999996 0.008064 0.155858 0.17552899999999999 0.14825699999999997 0.0038630000000000001 0.0042199999999999998 0.0038569999999999998 0.00096599999999999995 0.00097999999999999997 0.00092200000000000008 1.2826187108518892 1.2826187108518892 1.2826187108518892 0.00031801612807657204 0.00031801612807657204 0.00031801612807657204 1 1 1 Converged Converged Converged OK OK OK 89 89 89 89 89 89 7 7 7 0 0 0 0 1 0 0 1
108 108 linear 1 23 1081 3 0.001 0.44604853984930098 0.018705723021516369 0.044620277555300583 1.7413140568373426 0.51488896104000981 1.7502381123484028 0.5 -1.742047660236457 1.2677330306393848 OK 13 12 0.62443300000000002 0.53224000000000005 0.18244299999999999 0.43551800000000002 0.32861400000000002 0 0.188915 0.20362600000000003 0.18244299999999999 0.0089980000000000008 0.0089230000000000004 0.0083040000000000006 0.15679900000000005 0.17197399999999996 0.15230999999999995 0.0043899999999999998 0.0043049999999999998 0.0038980000000000004 0.0011070000000000001 0.0011220000000000002 0.00095399999999999999 1.267732136926748 1.267732136926748 1.267732136926748 0.00073031326659404785 0.00073031326659404785 0.00073031326659404785 1 1 1 Converged Converged Converged OK OK OK 89 89 89 89 89 89 7 7 7 0 0 0 0 1 0 0 1
108 108 linear 1 0 1081 0 0.0001 0.44604853984930098 0.018705723021516369 0.044620277555300583 1.7413140568373426 0.51488896104000981 1.7323900013262825 0.5 -1.7241995492143367 1.2995051271098477 OK 13 12 0.54922700000000002 0.54228699999999996 0.214722 0.33186500000000002 0.33345599999999997 0 0.217362 0.20883099999999999 0.214722 0.0094789999999999996 0.009868 0.010691000000000001 0.178729 0.17020500000000002 0.17460399999999984 0.004006 0.0038909999999999999 0.0040639999999999999 0.001042 0.00094399999999999996 0.0010219999999999999 1.2995081714632604 1.2995081714632604 1.2995081714632604 0.00010679194085390252 0.00010679194085390252 0.00010679194085390252 1 1 1 Converged Converged Converged OK OK OK 89 89 89 89 89 89 7 7 7 0 0 0 0 0 1 0 0
108 108 linear 1 7 1081 1 0.0001 0.44604853984930098 0.018705723021516369 0.044620277555300583 1.7413140568373426 0.51488896104000981 1.7378220351156235 0.5 -1.7296315830036777 1.2933250667902256 OK 13 12 0.65663899999999997 0.56729399999999996 0.19564100000000001 0.458727 0.34835899999999997 0 0.19791199999999998 0.21893499999999999 0.19564100000000001 0.0088079999999999999 0.008848 0.0080429999999999998 0.16658599999999998 0.18789900000000004 0.16619400000000001 0.0040390000000000001 0.0038339999999999997 0.0037199999999999998 0.00096500000000000004 0.00095199999999999994 0.00093099999999999997 1.2933258178375691 1.2933258178375691 1.2933258178375691 8.5667758923731535e-05 8.5667758923731535e-05 8.5667758923731535e-05 1 1 1 Converged Converged Converged OK OK OK 89 89 89 89 89 89 7 7 7 0 0 0 0 1 0 0 1
108 108 linear 1 15 1081 2 0.0001 0.44604853984930098 0.018705723021516369 0.044620277555300583 1.7413140568373426 0.51488896104000981 1.7440300737320131 0.5 -1.7358396216200673 1.2826154001079304 OK 13 12 0.73660999999999999 0.65398000000000001 0.209671 0.52019700000000002 0.414045 0 0.21641299999999997 0.23993500000000001 0.209671 0.0087010000000000004 0.010066 0.0081670000000000006 0.18199499999999999 0.20434899999999998 0.17661900000000003 0.0043350000000000003 0.0044409999999999996 0.0043800000000000002 0.001155 0.00114 0.001157 1.2826173392962941 1.2826173392962941 1.2826173392962941 0.0001270852584451346 0.0001270852584451346 0.0001270852584451346 1 1 1 Converged Converged Converged OK OK OK 97 97 97 97 97 97 7 7 7 0 0 0 0 1 0 0 1
108 108 linear 1 23 1081 3 0.0001 0.44604853984930098 0.018705723021516369 0.044620277555300583 1.7413140568373426 0.51488896104000981 1.7502381123484028 0.5 -1.742047660236457 1.2677330306393848 OK 13 12 0.65459699999999998 0.56546799999999997 0.21132100000000001 0.43690499999999999 0.326125 0 0.217692 0.23934299999999997 0.21132100000000001 0.0089239999999999996 0.0091599999999999997 0.0083020000000000004 0.18381200000000003 0.20373699999999992 0.17889500000000003 0.0044000000000000003 0.0053940000000000004 0.0044739999999999997 0.0012160000000000001 0.0011950000000000001 0.001103 1.2677336269997754 1.2677336269997754 1.2677336269997754 3.1004218886843983e-05 3.1004218886843983e-05 3.1004218886843983e-05 1 1 1 Converged Converged Converged OK OK OK 97 97 97 97 97 97 7 7 7 0 0 0 0 1 0 0 1
108 108 linear 2 0 1082 0 0.001 0.44604853984930098 0.018705723021516369 0.044620277555300583 1.7557135271050051 -0.50522364106871931 1.7467894715939449 0.5 -1.7385990194819991 1.2308601806257422 OK 13 12 0.60035700000000003 0.59464799999999995 0.170018 0.424369 0.424875 0 0.17598800000000003 0.16977299999999995 0.170018 0.009776 0.0095739999999999992 0.0093089999999999996 0.13970199999999999 0.13551899999999997 0.13571700000000009 0.0041359999999999999 0.0035349999999999999 0.0038050000000000002 0.00083900000000000001 0.00076599999999999997 0.000785 1.2308554064115882 1.2308554064115882 1.2308554064115882 0.0010112203422806016 0.0010112203422806016 0.0010112203422806016 1 1 1 Converged Converged Converged OK OK OK 74 74 74 74 74 74 6 6 6 0 0 0 0 0 1 0 0
108 108 linear 2 7 1082 1 0.001 0.44604853984930098 0.018705723021516369 0.044620277555300583 1.7557135271050051 -0.50522364106871931 1.7522215053832859 0.5 -1.7440310532713401 1.2129628598550768 OK 13 12 0.49594199999999999 0.39363599999999999 0.16109000000000001 0.330731 0.20660300000000001 0 0.165211 0.18703299999999998 0.16109000000000001 0.0085269999999999999 0.0088660000000000006 0.0080450000000000001 0.13583499999999996 0.15732599999999997 0.13281700000000002 0.0036390000000000003 0.0036789999999999995 0.0036230000000000004 0.00074399999999999998 0.00080600000000000008 0.0007490000000000001 1.2129605568949262 1.2129605568949262 1.2129605568949262 0.0009370745678291951 0.0009370745678291951 0.0009370745678291951 1 1 1 Converged Converged Converged OK OK OK 74 74 74 74 74 74 6 6 6 0 0 0 0 1 0 0 1
108 108 linear 2 15 1082 2 0.001 0.44604853984930098 0.018705723021516369 0.044620277555300583 1.7557135271050051 -0.50522364106871931 1.7584295439996755 0.5 -1.7502390918877297 1.1856609703876464 OK 13 12 0.69838500000000003 0.58091300000000001 0.132769 0.56047400000000003 0.42591600000000002 0 0.13791100000000001 0.154997 0.132769 0.0087340000000000004 0.0086169999999999997 0.0079089999999999994 0.10794800000000002 0.12577400000000002 0.10470899999999998 0.0038270000000000005 0.0034859999999999999 0.003483 0.00070200000000000004 0.00073399999999999995 0.00068899999999999994 1.1856586195554766 1.1856586195554766 1.1856586195554766 0.00064133071391837154 0.00064133071391837154 0.00064133071391837154 1 1 1 Converged Converged Converged OK OK OK 74 74 74 74 74 74 6 6 6 0 0 0 0 1 0 0 1
108 108 linear 2 23 1082 3 0.001 0.44604853984930098 0.018705723021516369 0.044620277555300583 1.7557135271050051 -0.50522364106871931 1.7646375826160652 0.5 -1.7564471305041194 1.1702159674049823 OK 13 12 0.43232599999999999 0.33970099999999998 0.129718 0.300541 0.189475 0 0.13178499999999999 0.15022599999999997 0.129718 0.0085129999999999997 0.008633 0.0078890000000000002 0.10210399999999997 0.12101900000000004 0.10169999999999998 0.003777 0.0036180000000000001 0.0035110000000000002 0.00071299999999999998 0.00070100000000000002 0.00067699999999999998 1.1702116912587681 1.1702116912587681 1.1702116912587681 0.00097086197254719908 0.00097086197254719908 0.00097086197254719908 1 1 1 Converged Converged Converged OK OK OK 74 74 74 74 74 74 6 6 6 0 0 0 0 1 0 0 1
108 108 linear 2 0 1082 0 0.0001 0.44604853984930098 0.018705723021516369 0.044620277555300583 1.7557135271050051 -0.50522364106871931 1.7467894715939449 0.5 -1.7385990194819991 1.2308601806257422 OK 13 12 0.64466500000000004 0.64341400000000004 0.21635299999999999 0.421373 0.42227500000000001 0 0.22329200000000005 0.22113900000000003 0.21635299999999999 0.0094909999999999994 0.0094260000000000004 0.0091050000000000002 0.17744799999999997 0.17641200000000001 0.1724139999999999 0.0054540000000000005 0.0053550000000000004 0.0052249999999999996 0.001382 0.0013180000000000002 0.0012669999999999999 1.230861053859063 1.230861053859063 1.230861053859063 3.2967521867453682e-05 3.2967521867453682e-05 3.2967521867453682e-05 1 1 1 Converged Converged Converged OK OK OK 98 98 98 98 98 98 6 6 6 0 0 0 0 0 1 0 0
108 108 linear 2 7 1082 1 0.0001 0.44604853984930098 0.018705723021516369 0.044620277555300583 1.7557135271050051 -0.50522364106871931 1.7522215053832859 0.5 -1.7440310532713401 1.2129628598550768 OK 13 12 0.54384399999999999 0.44039899999999998 0.209259 0.32966000000000001 0.20708699999999999 0 0.21418399999999999 0.23331199999999999 0.209259 0.0087790000000000003 0.008763 0.0079970000000000006 0.17720099999999994 0.19728199999999993 0.17483899999999994 0.0054809999999999998 0.0050290000000000005 0.0048279999999999998 0.0012789999999999998 0.0012280000000000001 0.0011680000000000002 1.2129620959514025 1.2129620959514025 1.2129620959514025 0.00011594785411177814 0.00011594785411177814 0.00011594785411177814 1 1 1 Converged Converged Converged OK OK OK 98 98 98 98 98 98 6 6 6 0 0 0 0 1 0 0 1
108 108 linear 2 15 1082 2 0.0001 0.44604853984930098 0.018705723021516369 0.044620277555300583 1.7557135271050051 -0.50522364106871931 1.7584295439996755 0.5 -1.7502390918877297 1.1856609703876464 OK 13 12 0.70798799999999995 0.591951 0.14283699999999999 0.559334 0.430089 0 0.14865399999999995 0.16186200000000001 0.14283699999999999 0.0088199999999999997 0.0087849999999999994 0.0080020000000000004 0.11576499999999999 0.12968699999999997 0.11208400000000007 0.004235 0.0043070000000000001 0.0040230000000000005 0.00093000000000000005 0.00091699999999999995 0.00091900000000000011 1.1856600896912972 1.1856600896912972 1.1856600896912972 9.6103854329727525e-05 9.6103854329727525e-05 9.6103854329727525e-05 1 1 1 Converged Converged Converged OK OK OK 82 82 82 82 82 82 6 6 6 0 0 0 0 1 0 0 1
108 108 linear 2 23 1082 3 0.0001 0.44604853984930098 0.018705723021516369 0.044620277555300583 1.7557135271050051 -0.50522364106871931 1.7646375826160652 0.5 -1.7564471305041194 1.1702159674049823 OK 13 12 0.443552 0.35022300000000001 0.136742 0.30112800000000001 0.19028500000000001 0 0.142424 0.159938 0.136742 0.0086479999999999994 0.0086510000000000007 0.0079459999999999999 0.10982900000000002 0.128306 0.106392 0.0044859999999999995 0.0040850000000000001 0.0038810000000000003 0.00089900000000000006 0.0008250000000000001 0.00080500000000000005 1.1702151631246529 1.1702151631246529 1.1702151631246529 7.4919187184685373e-05 7.4919187184685373e-05 7.4919187184685373e-05 1 1 1 Converged Converged Converged OK OK OK 82 82 82 82 82 82 6 6 6 0 0 0 0 1 0 0 1
108 108 linear 3 0 1083 0 0.001 0.44604853984930098 0.018705723021516369 0.044620277555300583 -0.003766624297130915 0.071067220752217011 -0.012690679808191031 0.5 0.020881131920136811 14.41786484111033 OK 13 12 0.33393600000000001 0.33841500000000002 0.090208999999999998 0.240401 0.24573500000000001 0 0.093535000000000007 0.092680000000000012 0.090208999999999998 0.0092610000000000001 0.0093399999999999993 0.0089840000000000007 0.065014999999999976 0.063406000000000004 0.062022000000000001 0.0029879999999999998 0.0031980000000000003 0.0028369999999999997 0.00064900000000000005 0.00068300000000000001 0.00072199999999999999 14.417857324518824 14.417857324518824 14.417857324518824 0.011136210480779883 0.011136210480779883 0.011136210480779883 1 1 1 Converged Converged Converged OK OK OK 52 52 52 52 52 52 4 4 4 0 0 0 0 0 1 0 0
108 108 linear 3 7 1083 1 0.001 0.44604853984930098 0.018705723021516369 0.044620277555300583 -0.003766624297130915 0.071067220752217011 -0.0072586460188500904 0.5 0.015449098130795869 14.717391342691686 OK 13 12 0.35263 0.26426899999999998 0.096863000000000005 0.24771000000000001 0.14161499999999999 0 0.10491999999999999 0.12265399999999999 0.096863000000000005 0.0090810000000000005 0.0092759999999999995 0.0085129999999999997 0.079079999999999998 0.096515000000000004 0.072298000000000001 0.0028210000000000002 0.0030720000000000001 0.0028300000000000001 0.00050699999999999996 0.00058599999999999993 0.00051000000000000004 14.717374662518266 14.717374662518266 14.717374662518266 0.0096494097077028732 0.0096494097077028732 0.0096494097077028732 1 1 1 Converged Converged Converged OK OK OK 52 52 52 52 52 52 4 4 4 0 0 0 0 1 0 0 1
108 108 linear 3 15 1083 2 0.001 0.44604853984930098 0.018705723021516369 0.044620277555300583 -0.003766624297130915 0.071067220752217011 -0.0010506074024604442 0.5 0.0092410595144062219 14.95903830083847 OK 13 12 0.35936800000000002 0.27080700000000002 0.106489 0.24811800000000001 0.14417199999999999 0 0.11125000000000002 0.12663500000000003 0.106489 0.0084060000000000003 0.0085450000000000005 0.0077970000000000001 0.082830000000000001 0.097649 0.079383999999999982 0.0034479999999999997 0.0036540000000000001 0.0033530000000000001 0.00060499999999999996 0.00065800000000000006 0.00057900000000000009 14.959024243050855 14.959024243050855 14.959024243050855 0.0063494901004275328 0.0063494901004275328 0.0063494901004275328 1 1 1 Converged Converged Converged OK OK OK 60 60 60 60 60 60 4 4 4 0 0 0 0 1 0 0 1
108 108 linear 3 23 1083 3 0.001 0.44604853984930098 0.018705723021516369 0.044620277555300583 -0.003766624297130915 0.071067220752217011 0.0051574312139292013 0.5 0.0030330208980165769 15.070783884340251 OK 13 12 0.337092 0.24621999999999999 0.086580000000000004 0.24663499999999999 0.14266300000000001 0 0.09045700000000001 0.10355699999999998 0.086580000000000004 0.0085089999999999992 0.0085369999999999994 0.0078700000000000003 0.065610000000000002 0.078147999999999995 0.062968999999999997 0.0027850000000000001 0.003114 0.0027290000000000001 0.00062200000000000005 0.00071299999999999998 0.00063299999999999999 15.070775255076473 15.070775255076473 15.070775255076473 0.0092603157254960763 0.0092603157254960763 0.0092603157254960763 1 1 1 Converged Converged Converged OK OK OK 52 52 52 52 52 52 4 4 4 0 0 0 0 1 0 0 1
108 108 linear 3 0 1083 0 0.0001 0.44604853984930098 0.018705723021516369 0.044620277555300583 -0.003766624297130915 0.071067220752217011 -0.012690679808191031 0.5 0.020881131920136811 14.41786484111033 OK 13 12 0.36807699999999999 0.37041499999999999 0.120987 0.239894 0.246781 0 0.12818299999999999 0.12363399999999999 0.120987 0.0092399999999999999 0.0092809999999999993 0.0087810000000000006 0.094043999999999975 0.089130999999999988 0.087708000000000008 0.003637 0.004006 0.0036159999999999999 0.00077500000000000008 0.000767 0.00074699999999999994 14.417856306703463 14.417856306703463 14.417856306703463 0.0001487983167509453 0.0001487983167509453 0.0001487983167509453 1 1 1 Converged Converged Converged OK OK OK 68 68 68 68 68 68 4 4 4 0 0 0 0 0 1 0 0
108 108 linear 3 7 1083 1 0.0001 0.44604853984930098 0.018705723021516369 0.044620277555300583 -0.003766624297130915 0.071067220752217011 -0.0072586460188500904 0.5 0.015449098130795869 14.717391342691686 OK 13 12 0.36900100000000002 0.29581800000000003 0.11552900000000001 0.248443 0.14435999999999999 0 0.12055800000000003 0.15145800000000004 0.11552900000000001 0.0090620000000000006 0.0092490000000000003 0.0083870000000000004 0.090057999999999985 0.12104899999999999 0.086289999999999964 0.0037559999999999998 0.0037959999999999999 0.0037190000000000001 0.00072900000000000005 0.00075000000000000002 0.00070799999999999997 14.717382460792207 14.717382460792207 14.717382460792207 2.4252533199776846e-05 2.4252533199776846e-05 2.4252533199776846e-05 1 1 1 Converged Converged Converged OK OK OK 68 68 68 68 68 68 4 4 4 0 0 0 0 1 0 0 1
108 108 linear 3 15 1083 2 0.0001 0.44604853984930098 0.018705723021516369 0.044620277555300583 -0.003766624297130915 0.071067220752217011 -0.0010506074024604442 0.5 0.0092410595144062219 14.95903830083847 OK 13 12 0.366006 0.28557700000000003 0.11419700000000001 0.247311 0.148976 0 0.11869499999999999 0.13660100000000003 0.11419700000000001 0.0083689999999999997 0.0086099999999999996 0.0078359999999999992 0.088901999999999995 0.106336 0.085526000000000019 0.003679 0.0038740000000000003 0.0037799999999999999 0.00076000000000000004 0.00078600000000000002 0.00074600000000000003 14.959029358079986 14.959029358079986 14.959029358079986 6.8720319304831645e-05 6.8720319304831645e-05 6.8720319304831645e-05 1 1 1 Converged Converged Converged OK OK OK 68 68 68 68 68 68 4 4 4 0 0 0 0 1 0 0 1
108 108 linear 3 23 1083 3 0.0001 0.44604853984930098 0.018705723021516369 0.044620277555300583 -0.003766624297130915 0.071067220752217011 0.0051574312139292013 0.5 0.0030330208980165769 15.070783884340251 OK 13 12 0.36960700000000002 0.27826200000000001 0.11582000000000001 0.24778500000000001 0.14480899999999999 0 0.12182200000000001 0.13345300000000002 0.11582000000000001 0.0085880000000000001 0.0084290000000000007 0.0078600000000000007 0.091325000000000031 0.103653 0.087250999999999981 0.0040339999999999994 0.0038419999999999999 0.0036969999999999998 0.000794 0.000767 0.00074299999999999995 15.070774794346825 15.070774794346825 15.070774794346825 0.0001714096872373087 0.0001714096872373087 0.0001714096872373087 1 1 1 Converged Converged Converged OK OK OK 68 68 68 68 68 68 4 4 4 0 0 0 0 1 0 0 1
108 108 linear 4 0 1084 0 0.001 0.44604853984930098 0.018705723021516369 0.044620277555300583 0.01662313294217084 -0.083391516419261388 0.0076990774311107239 0.5 0.00049137468083505428 12.60943364717914 OK 13 12 0.32946399999999998 0.33099899999999999 0.090204999999999994 0.23608199999999999 0.23880799999999999 0 0.093381999999999993 0.092190999999999995 0.090204999999999994 0.0094730000000000005 0.0097439999999999992 0.0092610000000000001 0.06466100000000001 0.063408000000000006 0.06232299999999999 0.0028999999999999998 0.0028839999999999998 0.0027370000000000003 0.00063200000000000007 0.00068000000000000005 0.00063999999999999994 12.609425883430115 12.609425883430115 12.609425883430115 0.0052269591345570823 0.0052269591345570823 0.0052269591345570823 1 1 1 Converged Converged Converged OK OK OK 52 52 52 52 52 52 4 4 4 0 0 0 0 0 1 0 0
108 108 linear 4 7 1084 1 0.001 0.44604853984930098 0.018705723021516369 0.044620277555300583 0.01662313294217084 -0.083391516419261388 0.013131111220451665 0.5 -0.0049406591085058866 12.579577600356412 OK 12 11 0.32141999999999998 0.23932600000000001 0.082099000000000005 0.234767 0.13522899999999999 0 0.08665299999999998 0.10409700000000002 0.082099000000000005 0.0087510000000000001 0.0085459999999999998 0.0078110000000000002 0.061208000000000005 0.079177000000000025 0.058367000000000009 0.003045 0.0029139999999999999 0.0029049999999999996 0.00069899999999999997 0.00068099999999999996 0.00064300000000000002 12.57956998419486 12.57956998419486 12.57956998419486 0.003716803661353742 0.003716803661353742 0.003716803661353742 1 1 1 Converged Converged Converged OK OK OK 52 52 52 52 52 52 4 4 4 0 0 0 0 1 0 0 1
108 108 linear 4 15 1084 2 0.001 0.44604853984930098 0.018705723021516369 0.044620277555300583 0.01662313294217084 -0.083391516419261388 0.019339149836841311 0.5 -0.011148697724895533 12.470278515837375 OK 12 11 0.32763999999999999 0.23224900000000001 0.085100999999999996 0.238293 0.127188 0 0.089346999999999982 0.10506100000000002 0.085100999999999996 0.0084930000000000005 0.0085520000000000006 0.0077479999999999997 0.064066999999999999 0.080245999999999998 0.061453999999999995 0.0030019999999999999 0.0028860000000000005 0.0027689999999999998 0.00075200000000000006 0.00071799999999999989 0.00071499999999999992 12.470271112891218 12.470271112891218 12.470271112891218 0.0036452293947906644 0.0036452293947906644 0.0036452293947906644 1 1 1 Converged Converged Converged OK OK OK 52 52 52 52 52 52 4 4 4 0 0 0 0 1 0 0 1
108 108 linear 4 23 1084 3 0.001 0.44604853984930098 0.018705723021516369 0.044620277555300583 0.01662313294217084 -0.083391516419261388 0.025547188453230958 0.5 -0.017356736341285178 12.285780068468648 OK 12 11 0.31718499999999999 0.23380999999999999 0.079601000000000005 0.23359099999999999 0.137096 0 0.083594000000000002 0.096713999999999994 0.079601000000000005 0.0085400000000000007 0.0084980000000000003 0.0077980000000000002 0.058609999999999995 0.072061999999999987 0.056092000000000003 0.0027929999999999995 0.0027989999999999998 0.0026940000000000002 0.00068499999999999995 0.00072800000000000002 0.00070399999999999998 12.285773297364255 12.285773297364255 12.285773297364255 0.0045512795479319022 0.0045512795479319022 0.0045512795479319022 1 1 1 Converged Converged Converged OK OK OK 52 52 52 52 52 52 4 4 4 0 0 0 0 1 0 0 1
108 108 linear 4 0 1084 0 0.0001 0.44604853984930098 0.018705723021516369 0.044620277555300583 0.01662313294217084 -0.083391516419261388 0.0076990774311107239 0.5 0.00049137468083505428 12.60943364717914 OK 13 12 0.36400399999999999 0.35839199999999999 0.12252200000000001 0.24030000000000001 0.237571 0 0.12370399999999998 0.12082099999999998 0.12252200000000001 0.0095989999999999999 0.0094350000000000007 0.0091350000000000008 0.089222999999999969 0.086959999999999996 0.088893000000000014 0.0038110000000000002 0.003702 0.0038019999999999998 0.00083800000000000009 0.00083800000000000009 0.00083700000000000007 12.609425979303907 12.609425979303907 12.609425979303907 0.00052245711502714226 0.00052245711502714226 0.00052245711502714226 1 1 1 Converged Converged Converged OK OK OK 68 68 68 68 68 68 4 4 4 0 0 0 0 0 1 0 0
108 108 linear 4 7 1084 1 0.0001 0.44604853984930098 0.018705723021516369 0.044620277555300583 0.01662313294217084 -0.083391516419261388 0.013131111220451665 0.5 -0.0049406591085058866 12.579577600356412 OK 12 11 0.35299799999999998 0.27334399999999998 0.113006 0.23583100000000001 0.13378100000000001 0 0.11716699999999997 0.13956299999999996 0.113006 0.0084759999999999992 0.0085210000000000008 0.0080029999999999997 0.087228000000000028 0.10980499999999996 0.083932999999999994 0.0037900000000000004 0.0037820000000000006 0.0038 0.00082300000000000006 0.00074799999999999997 0.00080099999999999995 12.57957002015322 12.57957002015322 12.57957002015322 0.0011501322909242078 0.0011501322909242078 0.0011501322909242078 1 1 1 Converged Converged Converged OK OK OK 68 68 68 68 68 68 4 4 4 0 0 0 0 1 0 0 1
108 108 linear 4 15 1084 2 0.0001 0.44604853984930098 0.018705723021516369 0.044620277555300583 0.01662313294217084 -0.083391516419261388 0.019339149836841311 0.5 -0.011148697724895533 12.470278515837375 OK 12 11 0.38236500000000001 0.29048299999999999 0.138763 0.24127599999999999 0.12725900000000001 0 0.14108900000000002 0.16322399999999998 0.138763 0.0083110000000000007 0.0084110000000000001 0.0077739999999999997 0.10491400000000001 0.12691 0.10072399999999998 0.0047580000000000001 0.0051070000000000004 0.0050029999999999996 0.00095200000000000005 0.00098399999999999985 0.00098299999999999993 12.47027112879938 12.47027112879938 12.47027112879938 0.0004883423507665586 0.0004883423507665586 0.0004883423507665586 1 1 1 Converged Converged Converged OK OK OK 84 84 84 84 84 84 4 4 4 0 0 0 0 1 0 0 1
108 108 linear 4 23 1084 3 0.0001 0.44604853984930098 0.018705723021516369 0.044620277555300583 0.01662313294217084 -0.083391516419261388 0.025547188453230958 0.5 -0.017356736341285178 12.285780068468648 OK 12 11 0.333339 0.254332 0.098434999999999995 0.22994300000000001 0.13597400000000001 0 0.10339599999999999 0.11835799999999999 0.098434999999999995 0.008659 0.0085509999999999996 0.0078279999999999999 0.073246999999999979 0.087794000000000025 0.070008999999999988 0.0038699999999999997 0.0041139999999999996 0.0035800000000000003 0.00086700000000000004 0.000883 0.00081800000000000004 12.285772934570895 12.285772934570895 12.285772934570895 0.0010398303400979867 0.0010398303400979867 0.0010398303400979867 1 1 1 Converged Converged Converged OK OK OK 68 68 68 68 68 68 4 4 4 0 0 0 0 1 0 0 1
108 108 uniform 0 0 1085 0 0.001 0.44604853984930098 0.018705723021516369 0.044620277555300583 1.7244917238924664 -0.55252181961105296 1.7155676683814063 0 -1.7073772162694605 1.3307123246964054 OK 12 11 0.32167299999999999 0.31988699999999998 0.080457000000000001 0.23919599999999999 0.23836199999999999 0 0.082476999999999995 0.081524999999999986 0.080457000000000001 0.007038 0.0067869999999999996 0.0065890000000000002 0.058911000000000005 0.058913999999999994 0.058385000000000013 0.0022199999999999998 0.0020739999999999999 0.001941 0.00067699999999999998 0.00056999999999999998 0.00052700000000000002 1.330710565153894 1.330710565153894 1.330710565153894 0.00085489622399463779 0.00085489622399463779 0.00085489622399463779 1 1 1 Converged Converged Converged OK OK OK 58 58 58 58 58 58 6 6 6 0 0 0 0 0 1 0 0
108 108 uniform 0 7 1085 1 0.001 0.44604853984930098 0.018705723021516369 0.044620277555300583 1.7244917238924664 -0.55252181961105296 1.7209997021707473 0 -1.7128092500588015 1.3326770766124436 OK 12 11 0.35785600000000001 0.24659400000000001 0.084435999999999997 0.27246999999999999 0.14730499999999999 0 0.085386000000000017 0.099289000000000016 0.084435999999999997 0.0057460000000000002 0.0059350000000000002 0.0055059999999999996 0.064543000000000003 0.07791300000000001 0.064246999999999985 0.0022260000000000001 0.0024499999999999999 0.0022469999999999999 0.00065399999999999996 0.00067100000000000005 0.00065200000000000002 1.3326768896627115 1.3326768896627115 1.3326768896627115 0.00054578719452944957 0.00054578719452944957 0.00054578719452944957 1 1 1 Converged Converged Converged OK OK OK 66 66 66 66 66 66 6 6 6 0 0 0 0 1 0 0 1
108 108 uniform 0 15 1085 2 0.001 0.44604853984930098 0.018705723021516369 0.044620277555300583 1.7244917238924664 -0.55252181961105296 1.7272077407871369 0 -1.7190172886751911 1.3326061361818025 OK 12 11 0.34521600000000002 0.23492399999999999 0.082970000000000002 0.259965 0.13605700000000001 0 0.085251000000000021 0.098866999999999983 0.082970000000000002 0.0059379999999999997 0.0058510000000000003 0.0054099999999999999 0.064873999999999973 0.078994000000000009 0.064201000000000022 0.0023010000000000001 0.002336 0.0022050000000000004 0.00070799999999999997 0.00064700000000000001 0.00063200000000000007 1.3326142097220097 1.3326142097220097 1.3326142097220097 0.00085417334892010143 0.00085417334892010143 0.00085417334892010143 1 1 1 Converged Converged Converged OK OK OK 66 66 66 66 66 66 6 6 6 0 0 0 0 1 0 0 1
108 108 uniform 0 23 1085 3 0.001 0.44604853984930098 0.018705723021516369 0.044620277555300583 1.7244917238924664 -0.55252181961105296 1.7334157794035265 0 -1.7252253272915807 1.330182700109509 OK 12 11 0.33977099999999999 0.24670600000000001 0.082100999999999993 0.25615500000000002 0.15034900000000001 0 0.083615999999999968 0.096356999999999998 0.082100999999999993 0.0058300000000000001 0.0058529999999999997 0.0054019999999999997 0.063751000000000002 0.07667199999999999 0.063307999999999989 0.0022759999999999998 0.00232 0.0021700000000000001 0.00064700000000000001 0.00064799999999999992 0.00063199999999999997 1.3301825066723787 1.3301825066723787 1.3301825066723787 0.00073296601390035975 0.00073296601390035975 0.00073296601390035975 1 1 1 Converged Converged Converged OK OK OK 66 66 66 66 66 66 6 6 6 0 0 0 0 1 0 0 1
108 108 uniform 0 0 1085 0 0.0001 0.44604853984930098 0.018705723021516369 0.044620277555300583 1.7244917238924664 -0.55252181961105296 1.7155676683814063 0 -1.7073772162694605 1.3307123246964054 OK 12 11 0.369778 0.36458200000000002 0.125692 0.24224100000000001 0.23796900000000001 0 0.12753699999999998 0.126613 0.125692 0.0068069999999999997 0.0068669999999999998 0.0064409999999999997 0.091338000000000003 0.091031000000000029 0.090802000000000008 0.0038890000000000001 0.0038990000000000001 0.0039100000000000003 0.0010349999999999999 0.00096599999999999995 0.00094000000000000008 1.3307124175300786 1.3307124175300786 1.3307124175300786 8.8234160046761247e-06 8.8234160046761247e-06 8.8234160046761247e-06 1 1 1 Converged Converged Converged OK OK OK 98 98 98 98 98 98 6 6 6 0 0 0 0 0 1 0 0
108 108 uniform 0 7 1085 1 0.0001 0.44604853984930098 0.018705723021516369 0.044620277555300583 1.7244917238924664 -0.55252181961105296 1.7209997021707473 0 -1.7128092500588015 1.3326770766124436 OK 12 11 0.393291 0.28387800000000002 0.115162 0.27436199999999999 0.14790500000000001 0 0.11892900000000001 0.13597300000000001 0.115162 0.0059160000000000003 0.0059459999999999999 0.005555 0.088547000000000001 0.10820800000000005 0.087980999999999976 0.0038470000000000002 0.0037760000000000003 0.0038209999999999997 0.00093599999999999998 0.00091500000000000001 0.00090200000000000013 1.3326770876653513 1.3326770876653513 1.3326770876653513 1.2454214308687656e-05 1.2454214308687656e-05 1.2454214308687656e-05 1 1 1 Converged Converged Converged OK OK OK 98 98 98 98 98 98 6 6 6 0 0 0 0 1 0 0 1
108 108 uniform 0 15 1085 2 0.0001 0.44604853984930098 0.018705723021516369 0.044620277555300583 1.7244917238924664 -0.55252181961105296 1.7272077407871369 0 -1.7190172886751911 1.3326061361818025 OK 12 11 0.39014300000000002 0.29315200000000002 0.131246 0.25855400000000001 0.137153 0 0.13158900000000001 0.15599900000000003 0.131246 0.0058650000000000004 0.0059560000000000004 0.0054729999999999996 0.099300000000000013 0.12346900000000002 0.099493000000000012 0.0045180000000000003 0.0046649999999999999 0.0045409999999999999 0.001052 0.0010560000000000001 0.001057 1.3326063839423878 1.3326063839423878 1.3326063839423878 1.7036993620247662e-05 1.7036993620247662e-05 1.7036993620247662e-05 1 1 1 Converged Converged Converged OK OK OK 114 114 114 114 114 114 6 6 6 0 0 0 0 1 0 0 1
108 108 uniform 0 23 1085 3 0.0001 0.44604853984930098 0.018705723021516369 0.044620277555300583 1.7244917238924664 -0.55252181961105296 1.7334157794035265 0 -1.7252253272915807 1.330182700109509 OK 12 11 0.38702300000000001 0.30602000000000001 0.130661 0.25508399999999998 0.14909900000000001 0 0.13193900000000003 0.156921 0.130661 0.0059069999999999999 0.0058580000000000004 0.0054489999999999999 0.10091499999999999 0.12616800000000003 0.10087399999999998 0.0045640000000000003 0.0046930000000000001 0.004496 0.0010350000000000001 0.001044 0.00099400000000000009 1.330182704904072 1.330182704904072 1.330182704904072 2.2572408478350756e-06 2.2572408478350756e-06 2.2572408478350756e-06 1 1 1 Converged Converged Converged OK OK OK 114 114 114 114 114 114 6 6 6 0 0 0 0 1 0 0 1
108 108 uniform 1 0 1086 0 0.001 0.44604853984930098 0.018705723021516369 0.044620277555300583 1.7413140568373426 0.51488896104000981 1.7323900013262825 0 -1.7241995492143367 1.2951206150455405 OK 13 12 0.45741999999999999 0.45815699999999998 0.12501599999999999 0.32827299999999998 0.33355899999999999 0 0.12914700000000001 0.12459799999999999 0.12501599999999999 0.0092860000000000009 0.0094640000000000002 0.0094350000000000007 0.098209999999999978 0.093859999999999971 0.093573000000000031 0.0027210000000000003 0.0026680000000000002 0.002699 0.00076000000000000004 0.000776 0.00079799999999999999 1.2951208217115906 1.2951208217115906 1.2951208217115906 0.00049225107704379905 0.00049225107704379905 0.00049225107704379905 1 1 1 Converged Converged Converged OK OK OK 73 73 73 73 73 73 7 7 7 0 0 0 0 0 1 0 0
108 108 uniform 1 7 1086 1 0.001 0.44604853984930098 0.018705723021516369 0.044620277555300583 1.7413140568373426 0.51488896104000981 1.7378220351156235 0 -1.7296315830036777 1.2901327478334104 OK 13 12 0.57593000000000005 0.47745500000000002 0.114611 0.45558100000000001 0.34427600000000003 0 0.12034900000000004 0.13317899999999999 0.114611 0.0086549999999999995 0.0086669999999999994 0.0080590000000000002 0.090856000000000062 0.10799100000000005 0.090544000000000013 0.0027010000000000003 0.0027729999999999999 0.002555 0.00076300000000000001 0.00080400000000000003 0.00075699999999999997 1.2901329111204165 1.2901329111204165 1.2901329111204165 0.0004599934163157158 0.0004599934163157158 0.0004599934163157158 1 1 1 Converged Converged Converged OK OK OK 73 73 73 73 73 73 7 7 7 0 0 0 0 1 0 0 1
108 108 uniform 1 15 1086 2 0.001 0.44604853984930098 0.018705723021516369 0.044620277555300583 1.7413140568373426 0.51488896104000981 1.7440300737320131 0 -1.7358396216200673 1.2816079559321112 OK 13 12 0.62715399999999999 0.538802 0.108608 0.51726099999999997 0.406862 0 0.10989300000000002 0.13194 0.108608 0.008574 0.0088940000000000009 0.0081419999999999999 0.084825999999999985 0.10612899999999999 0.084458000000000005 0.0026939999999999998 0.0029219999999999997 0.0026149999999999997 0.00076900000000000004 0.00081299999999999992 0.00078799999999999996 1.2816105110095981 1.2816105110095981 1.2816105110095981 0.00078207055522275834 0.00078207055522275834 0.00078207055522275834 1 1 1 Converged Converged Converged OK OK OK 73 73 73 73 73 73 7 7 7 0 0 0 0 1 0 0 1
108 108 uniform 1 23 1086 3 0.001 0.44604853984930098 0.018705723021516369 0.044620277555300583 1.7413140568373426 0.51488896104000981 1.7502381123484028 0 -1.742047660236457 1.2695521708037356 OK 13 12 0.54889900000000003 0.45325599999999999 0.112502 0.43399300000000002 0.32500099999999998 0 0.11490600000000001 0.12825500000000001 0.112502 0.0091249999999999994 0.0089960000000000005 0.0081880000000000008 0.088560999999999987 0.10234500000000001 0.08806799999999998 0.0029370000000000004 0.0028550000000000003 0.0028159999999999999 0.00084999999999999995 0.00093300000000000002 0.00080399999999999992 1.269551858098716 1.269551858098716 1.269551858098716 0.0010993935317008521 0.0010993935317008521 0.0010993935317008521 1 1 1 Converged Converged Converged OK OK OK 73 73 73 73 73 73 7 7 7 0 0 0 0 1 0 0 1
108 108 uniform 1 0 1086 0 0.0001 0.44604853984930098 0.018705723021516369 0.044620277555300583 1.7413140568373426 0.51488896104000981 1.7323900013262825 0 -1.7241995492143367 1.2951206150455405 OK 13 12 0.472661 0.47802899999999998 0.14316000000000001 0.32938000000000001 0.33129799999999998 0 0.14328099999999999 0.146731 0.14316000000000001 0.0097699999999999992 0.0098829999999999994 0.0094889999999999992 0.10482300000000007 0.10825599999999996 0.10502399999999998 0.0037029999999999997 0.0036110000000000001 0.0038419999999999999 0.001023 0.00101 0.0010690000000000001 1.2951208217072492 1.2951208217072492 1.2951208217072492 0.00012737130941467944 0.00012737130941467944 0.00012737130941467944 1 1 1 Converged Converged Converged OK OK OK 89 89 89 89 89 89 7 7 7 0 0 0 0 0 1 0 0
108 108 uniform 1 7 1086 1 0.0001 0.44604853984930098 0.018705723021516369 0.044620277555300583 1.7413140568373426 0.51488896104000981 1.7378220351156235 0 -1.7296315830036777 1.2901327478334104 OK 13 12 0.59482199999999996 0.49924099999999999 0.135217 0.46102599999999999 0.34202500000000002 0 0.13379599999999997 0.15721599999999997 0.135217 0.0087460000000000003 0.008855 0.0094850000000000004 0.10247300000000002 0.12628399999999998 0.10366099999999998 0.0037099999999999998 0.0036360000000000003 0.0037299999999999998 0.001016 0.00095799999999999987 0.0010040000000000001 1.2901329111161928 1.2901329111161928 1.2901329111161928 9.5211538085511227e-05 9.5211538085511227e-05 9.5211538085511227e-05 1 1 1 Converged Converged Converged OK OK OK 89 89 89 89 89 89 7 7 7 0 0 0 0 1 0 0 1
108 108 uniform 1 15 1086 2 0.0001 0.44604853984930098 0.018705723021516369 0.044620277555300583 1.7413140568373426 0.51488896104000981 1.7440300737320131 0 -1.7358396216200673 1.2816079559321112 OK 13 12 0.67964999999999998 0.59369799999999995 0.15812399999999999 0.51875099999999996 0.41028199999999998 0 0.16089900000000001 0.18341599999999997 0.15812399999999999 0.0086130000000000009 0.0087379999999999992 0.012005999999999999 0.11911300000000007 0.14555599999999999 0.11820100000000003 0.0045399999999999998 0.0045459999999999997 0.004431 0.0056910000000000007 0.0012650000000000001 0.001219 1.2816082522447021 1.2816082522447021 1.2816082522447021 2.9272126957973553e-05 2.9272126957973553e-05 2.9272126957973553e-05 1 1 1 Converged Converged Converged OK OK OK 105 105 105 105 105 105 7 7 7 0 0 0 0 1 0 0 1
108 108 uniform 1 23 1086 3 0.0001 0.44604853984930098 0.018705723021516369 0.044620277555300583 1.7413140568373426 0.51488896104000981 1.7502381123484028 0 -1.742047660236457 1.2695521708037356 OK 13 12 0.58067800000000003 0.49723699999999998 0.14569499999999999 0.43321399999999999 0.32414100000000001 0 0.14746400000000004 0.17309599999999997 0.14569499999999999 0.0088509999999999995 0.008914 0.0082330000000000007 0.11422199999999991 0.13843600000000006 0.11345200000000005 0.0041510000000000002 0.0050490000000000005 0.0042579999999999996 0.0010559999999999999 0.001188 0.00108 1.2695525468764264 1.2695525468764264 1.2695525468764264 2.9109142106437659e-05 2.9109142106437659e-05 2.9109142106437659e-05 1 1 1 Converged Converged Converged OK OK OK 97 97 97 97 97 97 7 7 7 0 0 0 0 1 0 0 1
108 108 uniform 2 0 1087 0 0.001 0.44604853984930098 0.018705723021516369 0.044620277555300583 1.7557135271050051 -0.50522364106871931 1.7467894715939449 0 -1.7385990194819991 1.2398373903810211 OK 13 12 0.54268899999999998 0.54184200000000005 0.11684 0.42435699999999998 0.41980000000000001 0 0.11833199999999999 0.12204200000000004 0.11684 0.0095379999999999996 0.0094319999999999994 0.0091380000000000003 0.087073999999999999 0.091355999999999979 0.086942000000000005 0.0027699999999999999 0.002712 0.002715 0.00080899999999999993 0.00073800000000000005 0.00072600000000000008 1.2398364714570591 1.2398364714570591 1.2398364714570591 0.00094561740349260765 0.00094561740349260765 0.00094561740349260765 1 1 1 Converged Converged Converged OK OK OK 66 66 66 66 66 66 6 6 6 0 0 0 0 0 1 0 0
108 108 uniform 2 7 1087 1 0.001 0.44604853984930098 0.018705723021516369 0.044620277555300583 1.7557135271050051 -0.50522364106871931 1.7522215053832859 0 -1.7440310532713401 1.2224945290286737 OK 13 12 0.44152799999999998 0.33410600000000001 0.10975500000000001 0.32921 0.206369 0 0.11231799999999997 0.12773700000000002 0.10975500000000001 0.008737 0.0085979999999999997 0.0079930000000000001 0.085868 0.10214400000000001 0.085259999999999975 0.0029220000000000001 0.0027309999999999999 0.0028019999999999998 0.00074700000000000005 0.00065300000000000004 0.00063999999999999994 1.2224948311218249 1.2224948311218249 1.2224948311218249 0.0009662278780886291 0.0009662278780886291 0.0009662278780886291 1 1 1 Converged Converged Converged OK OK OK 66 66 66 66 66 66 6 6 6 0 0 0 0 1 0 0 1
108 108 uniform 2 15 1087 2 0.001 0.44604853984930098 0.018705723021516369 0.044620277555300583 1.7557135271050051 -0.50522364106871931 1.7584295439996755 0 -1.7502390918877297 1.1907294795733292 OK 13 12 0.65851999999999999 0.53562100000000001 0.097988000000000006 0.55491800000000002 0.426348 0 0.10360199999999997 0.10927300000000001 0.097988000000000006 0.0085540000000000008 0.0086 0.0079439999999999997 0.079506000000000035 0.085396000000000014 0.075372999999999982 0.0024499999999999995 0.0024600000000000004 0.0023349999999999998 0.00050699999999999996 0.00051699999999999999 0.00051199999999999998 1.190728828215013 1.190728828215013 1.190728828215013 0.0010187898707793505 0.0010187898707793505 0.0010187898707793505 1 1 1 Converged Converged Converged OK OK OK 58 58 58 58 58 58 6 6 6 0 0 0 0 1 0 0 1
108 108 uniform 2 23 1087 3 0.001 0.44604853984930098 0.018705723021516369 0.044620277555300583 1.7557135271050051 -0.50522364106871931 1.7646375826160652 0 -1.7564471305041194 1.1733597546286028 OK 13 12 0.40882200000000002 0.30882599999999999 0.099732000000000001 0.30715999999999999 0.19081600000000001 0 0.10166200000000003 0.11800999999999998 0.099732000000000001 0.0086300000000000005 0.0085019999999999991 0.008005 0.074915999999999983 0.091672000000000031 0.074525000000000022 0.0029579999999999997 0.0029500000000000004 0.0027739999999999996 0.00071900000000000002 0.00068700000000000011 0.000678 1.1733595816877695 1.1733595816877695 1.1733595816877695 0.00040524057262077628 0.00040524057262077628 0.00040524057262077628 1 1 1 Converged Converged Converged OK OK OK 66 66 66 66 66 66 6 6 6 0 0 0 0 1 0 0 1
108 108 uniform 2 0 1087 0 0.0001 0.44604853984930098 0.018705723021516369 0.044620277555300583 1.7557135271050051 -0.50522364106871931 1.7467894715939449 0 -1.7385990194819991 1.2398373903810211 OK 13 12 0.588507 0.579592 0.154138 0.42420200000000002 0.42422599999999999 0 0.16430499999999998 0.155366 0.154138 0.0096790000000000001 0.0094809999999999998 0.0091909999999999995 0.11924500000000003 0.11156700000000008 0.11078299999999995 0.0050179999999999999 0.0046330000000000008 0.0046249999999999998 0.0013060000000000001 0.001232 0.0012409999999999999 1.239837692611222 1.239837692611222 1.239837692611222 2.5829900787133709e-05 2.5829900787133709e-05 2.5829900787133709e-05 1 1 1 Converged Converged Converged OK OK OK 98 98 98 98 98 98 6 6 6 0 0 0 0 0 1 0 0
108 108 uniform 2 7 1087 1 0.0001 0.44604853984930098 0.018705723021516369 0.044620277555300583 1.7557135271050051 -0.50522364106871931 1.7522215053832859 0 -1.7440310532713401 1.2224945290286737 OK 13 12 0.47247099999999997 0.37978499999999998 0.14443400000000001 0.32468900000000001 0.209287 0 0.14778199999999997 0.17049799999999998 0.14443400000000001 0.0087969999999999993 0.0086910000000000008 0.0080470000000000003 0.11192100000000005 0.13525999999999999 0.11035399999999997 0.0049490000000000003 0.0045999999999999999 0.0044880000000000007 0.0011180000000000001 0.001106 0.001199 1.2224946869180775 1.2224946869180775 1.2224946869180775 8.226608385197933e-05 8.226608385197933e-05 8.226608385197933e-05 1 1 1 Converged Converged Converged OK OK OK 98 98 98 98 98 98 6 6 6 0 0 0 0 1 0 0 1
108 108 uniform 2 15 1087 2 0.0001 0.44604853984930098 0.018705723021516369 0.044620277555300583 1.7557135271050051 -0.50522364106871931 1.7584295439996755 0 -1.7502390918877297 1.1907294795733292 OK 13 12 0.68879900000000005 0.57226200000000005 0.12302100000000001 0.56426799999999999 0.43063099999999999 0 0.12453100000000006 0.14163100000000006 0.12302100000000001 0.0085699999999999995 0.0086350000000000003 0.0079290000000000003 0.093178000000000025 0.11043100000000004 0.092804000000000053 0.00363 0.003722 0.0036849999999999995 0.00080999999999999996 0.00084900000000000004 0.00081400000000000005 1.190729323390312 1.190729323390312 1.190729323390312 4.0693286625144353e-05 4.0693286625144353e-05 4.0693286625144353e-05 1 1 1 Converged Converged Converged OK OK OK 82 82 82 82 82 82 6 6 6 0 0 0 0 1 0 0 1
108 108 uniform 2 23 1087 3 0.0001 0.44604853984930098 0.018705723021516369 0.044620277555300583 1.7557135271050051 -0.50522364106871931 1.7646375826160652 0 -1.7564471305041194 1.1733597546286028 OK 13 12 0.42168 0.33257799999999998 0.11684899999999999 0.30214600000000003 0.18871499999999999 0 0.11953399999999997 0.14386299999999999 0.11684899999999999 0.0086 0.0085400000000000007 0.0079459999999999999 0.087820999999999996 0.11275299999999996 0.087001999999999968 0.0038910000000000004 0.0036909999999999998 0.0035750000000000001 0.00080600000000000008 0.00081999999999999998 0.00079799999999999988 1.1733595816839966 1.1733595816839966 1.1733595816839966 4.0887682396117705e-05 4.0887682396117705e-05 4.0887682396117705e-05 1 1 1 Converged Converged Converged OK OK OK 82 82 82 82 82 82 6 6 6 0 0 0 0 1 0 0 1
108 108 uniform 3 0 1088 0 0.001 0.44604853984930098 0.018705723021516369 0.044620277555300583 -0.003766624297130915 0.071067220752217011 -0.012690679808191031 0 0.020881131920136811 14.492751865512451 OK 13 12 0.31941199999999997 0.32121300000000003 0.075491000000000003 0.243033 0.24337900000000001 0 0.076378999999999975 0.077834000000000014 0.075491000000000003 0.0091090000000000008 0.0091669999999999998 0.0086560000000000005 0.048456000000000006 0.049984999999999988 0.048407999999999993 0.0027309999999999999 0.002709 0.002738 0.00060999999999999997 0.00066700000000000006 0.00061600000000000001 14.492752926262316 14.492752926262316 14.492752926262316 0.0074427434075718495 0.0074427434075718495 0.0074427434075718495 1 1 1 Converged Converged Converged OK OK OK 52 52 52 52 52 52 4 4 4 0 0 0 0 0 1 0 0
108 108 uniform 3 7 1088 1 0.001 0.44604853984930098 0.018705723021516369 0.044620277555300583 -0.003766624297130915 0.071067220752217011 -0.0072586460188500904 0 0.015449098130795869 14.795708306105039 OK 13 12 0.33687299999999998 0.24841199999999999 0.079867999999999995 0.25336599999999998 0.14313100000000001 0 0.083506999999999998 0.10528099999999999 0.079867999999999995 0.0090760000000000007 0.0090900000000000009 0.0085059999999999997 0.057615 0.079695999999999989 0.055794000000000003 0.002777 0.0027780000000000001 0.002643 0.00053200000000000014 0.00052300000000000003 0.00048000000000000001 14.795699973672649 14.795699973672649 14.795699973672649 0.014170219195678069 0.014170219195678069 0.014170219195678069 1 1 1 Converged Converged Converged OK OK OK 52 52 52 52 52 52 4 4 4 0 0 0 0 1 0 0 1
108 108 uniform 3 15 1088 2 0.001 0.44604853984930098 0.018705723021516369 0.044620277555300583 -0.003766624297130915 0.071067220752217011 -0.0010506074024604442 0 0.0092410595144062219 15.038637483938809 OK 13 12 0.34125899999999998 0.25210100000000002 0.087679999999999994 0.25085000000000002 0.14472399999999999 0 0.090408999999999962 0.10737700000000003 0.087679999999999994 0.0085889999999999994 0.0085430000000000002 0.0077330000000000003 0.062226999999999998 0.079299999999999982 0.061206000000000031 0.0032430000000000002 0.0032390000000000006 0.0029589999999999998 0.00064499999999999996 0.00064999999999999997 0.00060300000000000002 15.038631306244884 15.038631306244884 15.038631306244884 0.0092772186377220438 0.0092772186377220438 0.0092772186377220438 1 1 1 Converged Converged Converged OK OK OK 60 60 60 60 60 60 4 4 4 0 0 0 0 1 0 0 1
108 108 uniform 3 23 1088 3 0.001 0.44604853984930098 0.018705723021516369 0.044620277555300583 -0.003766624297130915 0.071067220752217011 0.0051574312139292013 0 0.0030330208980165769 15.148155250902859 OK 13 12 0.32644600000000001 0.23144799999999999 0.072919999999999999 0.25052600000000003 0.14338799999999999 0 0.075919999999999987 0.088059999999999999 0.072919999999999999 0.0084440000000000001 0.0084919999999999995 0.0077949999999999998 0.050948999999999994 0.063507000000000022 0.049485000000000015 0.0027780000000000001 0.0027280000000000004 0.0025879999999999996 0.00067599999999999995 0.00063299999999999999 0.00060599999999999998 15.148154946169536 15.148154946169536 15.148154946169536 0.0049555383941472901 0.0049555383941472901 0.0049555383941472901 1 1 1 Converged Converged Converged OK OK OK 52 52 52 52 52 52 4 4 4 0 0 0 0 1 0 0 1
108 108 uniform 3 0 1088 0 0.0001 0.44604853984930098 0.018705723021516369 0.044620277555300583 -0.003766624297130915 0.071067220752217011 -0.012690679808191031 0 0.020881131920136811 14.492751865512451 OK 13 12 0.34385199999999999 0.34492200000000001 0.101715 0.24101900000000001 0.242451 0 0.10283299999999998 0.10247100000000001 0.101715 0.0093050000000000008 0.0091389999999999996 0.0088129999999999997 0.068814 0.069175000000000014 0.068689999999999987 0.003529 0.0035569999999999998 0.0035869999999999999 0.00075600000000000005 0.00070300000000000007 0.00071400000000000001 14.492751195249996 14.492751195249996 14.492751195249996 0.00012812035175304074 0.00012812035175304074 0.00012812035175304074 1 1 1 Converged Converged Converged OK OK OK 68 68 68 68 68 68 4 4 4 0 0 0 0 0 1 0 0
108 108 uniform 3 7 1088 1 0.0001 0.44604853984930098 0.018705723021516369 0.044620277555300583 -0.003766624297130915 0.071067220752217011 -0.0072586460188500904 0 0.015449098130795869 14.795708306105039 OK 13 12 0.347192 0.27902300000000002 0.096004999999999993 0.24895500000000001 0.14127400000000001 0 0.098236999999999991 0.13774900000000001 0.096004999999999993 0.0090889999999999999 0.0092060000000000006 0.0084960000000000001 0.067992000000000011 0.10717900000000002 0.066954 0.003669 0.003869 0.0035230000000000001 0.00073000000000000007 0.00079500000000000003 0.00071599999999999984 14.795707340689187 14.795707340689187 14.795707340689187 2.4524964893176081e-05 2.4524964893176081e-05 2.4524964893176081e-05 1 1 1 Converged Converged Converged OK OK OK 68 68 68 68 68 68 4 4 4 0 0 0 0 1 0 0 1
108 108 uniform 3 15 1088 2 0.0001 0.44604853984930098 0.018705723021516369 0.044620277555300583 -0.003766624297130915 0.071067220752217011 -0.0010506074024604442 0 0.0092410595144062219 15.038637483938809 OK 13 12 0.34867100000000001 0.26161200000000001 0.094616000000000006 0.25212299999999999 0.144955 0 0.096548000000000023 0.11665700000000001 0.094616000000000006 0.0083920000000000002 0.0085120000000000005 0.0078720000000000005 0.067167999999999992 0.087040999999999979 0.066311999999999954 0.003594 0.003663 0.0034810000000000002 0.00074699999999999994 0.00076900000000000004 0.00071700000000000008 15.038636321367933 15.038636321367933 15.038636321367933 3.719167539899259e-05 3.719167539899259e-05 3.719167539899259e-05 1 1 1 Converged Converged Converged OK OK OK 68 68 68 68 68 68 4 4 4 0 0 0 0 1 0 0 1
108 108 uniform 3 23 1088 3 0.0001 0.44604853984930098 0.018705723021516369 0.044620277555300583 -0.003766624297130915 0.071067220752217011 0.0051574312139292013 0 0.0030330208980165769 15.148155250902859 OK 13 12 0.34544999999999998 0.254828 0.099560999999999997 0.24810199999999999 0.14057800000000001 0 0.09734799999999999 0.11424999999999999 0.099560999999999997 0.0083800000000000003 0.0084980000000000003 0.007842 0.068336000000000008 0.084718999999999989 0.071403000000000022 0.0035399999999999997 0.0036779999999999998 0.0034219999999999997 0.00072300000000000001 0.00074899999999999999 0.00073799999999999994 15.14815405443866 15.14815405443866 15.14815405443866 0.00023859868859690464 0.00023859868859690464 0.00023859868859690464 1 1 1 Converged Converged Converged OK OK OK 68 68 68 68 68 68 4 4 4 0 0 0 0 1 0 0 1
108 108 uniform 4 0 1089 0 0.001 0.44604853984930098 0.018705723021516369 0.044620277555300583 0.01662313294217084 -0.083391516419261388 0.0076990774311107239 0 0.00049137468083505428 12.652907233778652 OK 13 12 0.316529 0.32179799999999997 0.076745999999999995 0.23793700000000001 0.24307599999999999 0 0.078591999999999995 0.078721999999999986 0.076745999999999995 0.0097140000000000004 0.0096900000000000007 0.0090410000000000004 0.049971000000000008 0.050219999999999994 0.049239000000000005 0.0026340000000000001 0.0026950000000000003 0.0025960000000000002 0.00065499999999999998 0.00066599999999999993 0.00061200000000000002 12.652906706889661 12.652906706889661 12.652906706889661 0.0028140780732848949 0.0028140780732848949 0.0028140780732848949 1 1 1 Converged Converged Converged OK OK OK 52 52 52 52 52 52 4 4 4 0 0 0 0 0 1 0 0
108 108 uniform 4 7 1089 1 0.001 0.44604853984930098 0.018705723021516369 0.044620277555300583 0.01662313294217084 -0.083391516419261388 0.013131111220451665 0 -0.0049406591085058866 12.621252912477077 OK 12 11 0.30870599999999998 0.224248 0.068537000000000001 0.23785800000000001 0.13750599999999999 0 0.070847999999999967 0.086742000000000014 0.068537000000000001 0.0084290000000000007 0.0086 0.0077999999999999996 0.046151999999999992 0.062046000000000004 0.045141999999999995 0.002689 0.0026800000000000001 0.0025720000000000001 0.00064099999999999997 0.00062 0.00060500000000000007 12.621252390279814 12.621252390279814 12.621252390279814 0.0023220116186638386 0.0023220116186638386 0.0023220116186638386 1 1 1 Converged Converged Converged OK OK OK 52 52 52 52 52 52 4 4 4 0 0 0 0 1 0 0 1
108 108 uniform 4 15 1089 2 0.001 0.44604853984930098 0.018705723021516369 0.044620277555300583 0.01662313294217084 -0.083391516419261388 0.019339149836841311 0 -0.011148697724895533 12.508942251653782 OK 12 11 0.31533499999999998 0.22314200000000001 0.071474999999999997 0.24143300000000001 0.131663 0 0.073901999999999968 0.091479000000000005 0.071474999999999997 0.0084740000000000006 0.0084239999999999992 0.0077660000000000003 0.049304999999999995 0.067185999999999996 0.048226000000000005 0.002565 0.0025340000000000002 0.0025310000000000003 0.00061399999999999996 0.00064099999999999997 0.00061000000000000008 12.508941916447004 12.508941916447004 12.508941916447004 0.0025321337607482389 0.0025321337607482389 0.0025321337607482389 1 1 1 Converged Converged Converged OK OK OK 52 52 52 52 52 52 4 4 4 0 0 0 0 1 0 0 1
108 108 uniform 4 23 1089 3 0.001 0.44604853984930098 0.018705723021516369 0.044620277555300583 0.01662313294217084 -0.083391516419261388 0.025547188453230958 0 -0.017356736341285178 12.320720622950466 OK 12 11 0.302228 0.219164 0.066193000000000002 0.23331499999999999 0.13542599999999999 0 0.068913000000000002 0.083738000000000007 0.066193000000000002 0.0083680000000000004 0.0085540000000000008 0.0077520000000000002 0.044224000000000006 0.059243999999999991 0.042940999999999993 0.0026970000000000002 0.0026359999999999999 0.0025459999999999997 0.00067500000000000004 0.00067299999999999999 0.00067400000000000001 12.320720848915684 12.320720848915684 12.320720848915684 0.0040257340713746878 0.0040257340713746878 0.0040257340713746878 1 1 1 Converged Converged Converged OK OK OK 52 52 52 52 52 52 4 4 4 0 0 0 0 1 0 0 1
108 108 uniform 4 0 1089 0 0.0001 0.44604853984930098 0.018705723021516369 0.044620277555300583 0.01662313294217084 -0.083391516419261388 0.0076990774311107239 0 0.00049137468083505428 12.652907233778652 OK 13 12 0.34306599999999998 0.345661 0.10069500000000001 0.24199599999999999 0.24248800000000001 0 0.10106999999999999 0.10317299999999999 0.10069500000000001 0.0093749999999999997 0.0094820000000000008 0.0092849999999999999 0.067374000000000003 0.068516999999999995 0.067462999999999995 0.0035299999999999997 0.003725 0.0034840000000000001 0.00077100000000000009 0.00083699999999999996 0.000794 12.652906747636331 12.652906747636331 12.652906747636331 0.00038919079036153347 0.00038919079036153347 0.00038919079036153347 1 1 1 Converged Converged Converged OK OK OK 68 68 68 68 68 68 4 4 4 0 0 0 0 0 1 0 0
108 108 uniform 4 7 1089 1 0.0001 0.44604853984930098 0.018705723021516369 0.044620277555300583 0.01662313294217084 -0.083391516419261388 0.013131111220451665 0 -0.0049406591085058866 12.621252912477077 OK 12 11 0.32986199999999999 0.25597999999999999 0.093329999999999996 0.23527500000000001 0.138768 0 0.094586999999999977 0.11721199999999998 0.093329999999999996 0.0084589999999999995 0.0086490000000000004 0.0078309999999999994 0.065444999999999989 0.087408 0.065280000000000032 0.0033770000000000002 0.0036100000000000004 0.0033600000000000001 0.00074399999999999998 0.00084000000000000003 0.00071499999999999992 12.621252423119007 12.621252423119007 12.621252423119007 0.00090486369507483135 0.00090486369507483135 0.00090486369507483135 1 1 1 Converged Converged Converged OK OK OK 68 68 68 68 68 68 4 4 4 0 0 0 0 1 0 0 1
108 108 uniform 4 15 1089 2 0.0001 0.44604853984930098 0.018705723021516369 0.044620277555300583 0.01662313294217084 -0.083391516419261388 0.019339149836841311 0 -0.011148697724895533 12.508942251653782 OK 12 11 0.33004 0.246114 0.088717000000000004 0.23932600000000001 0.132966 0 0.090713999999999989 0.113148 0.088717000000000004 0.0084829999999999992 0.0084379999999999993 0.0078530000000000006 0.061175000000000014 0.083761000000000002 0.060569000000000005 0.0035040000000000002 0.0036969999999999998 0.0034809999999999997 0.00075300000000000009 0.00075600000000000005 0.00075299999999999998 12.508941829554219 12.508941829554219 12.508941829554219 0.0011690303704595154 0.0011690303704595154 0.0011690303704595154 1 1 1 Converged Converged Converged OK OK OK 68 68 68 68 68 68 4 4 4 0 0 0 0 1 0 0 1
108 108 uniform 4 23 1089 3 0.0001 0.44604853984930098 0.018705723021516369 0.044620277555300583 0.01662313294217084 -0.083391516419261388 0.025547188453230958 0 -0.017356736341285178 12.320720622950466 OK 12 11 0.33587400000000001 0.26382100000000003 0.099097000000000005 0.234094 0.14072799999999999 0 0.10178000000000001 0.12309300000000004 0.099097000000000005 0.0085170000000000003 0.0085019999999999991 0.0078580000000000004 0.065936999999999996 0.087362000000000023 0.064976000000000006 0.0045770000000000003 0.0045039999999999993 0.0041770000000000002 0.00090400000000000007 0.00097499999999999996 0.00093700000000000001 12.320720145278935 12.320720145278935 12.320720145278935 0.00025708863434051467 0.00025708863434051467 0.00025708863434051467 1 1 1 Converged Converged Converged OK OK OK 84 84 84 84 84 84 4 4 4 0 0 0 0 1 0 0 1
109 109 linear 0 0 1090 0 0.001 1.3948570920201659 0.28926785407699351 0.9464992032512608 0.32073409699450156 0.10923425733413698 0.13143425634424938 0.5 0.18152423127864381 2.4743397417766513 OK 15 14 0.67053499999999999 0.66706399999999999 0.41430899999999998 0.25737599999999999 0.248499 0 0.413159 0.41856499999999996 0.41430899999999998 0.015569 0.015807999999999999 0.015561 0.35555500000000007 0.35916599999999993 0.35269700000000004 0.0054509999999999992 0.0065519999999999997 0.0059170000000000004 0.001013 0.0011410000000000001 0.0011900000000000001 2.4743491674592013 2.4743491674592013 2.4743491674592013 0.0023940204043201795 0.0023940204043201795 0.0023940204043201795 1 1 1 Converged Converged Converged OK OK OK 123 123 123 123 123 123 13 13 13 0 0 0 0 0 1 0 0
109 109 linear 0 7 1090 1 0.001 1.3948570920201659 0.28926785407699351 0.9464992032512608 0.32073409699450156 0.10923425733413698 0.24666024630527245 0.5 0.066298241317620743 2.4200762527376503 OK 14 13 0.69163699999999995 0.59421299999999999 0.42526599999999998 0.25731599999999999 0.16882900000000001 0 0.43432099999999996 0.42538399999999998 0.42526599999999998 0.01392 0.014083 0.013537 0.38445299999999988 0.37572600000000028 0.37724199999999986 0.0068089999999999991 0.007058 0.0062789999999999999 0.0016490000000000001 0.0017720000000000001 0.0015199999999999999 2.4200893690528402 2.4200893690528402 2.4200893690528402 0.0020531972900432573 0.0020531972900432573 0.0020531972900432573 1 1 1 Converged Converged Converged OK OK OK 132 132 132 132 132 132 12 12 12 0 0 0 0 1 0 0 1
109 109 linear 0 15 1090 2 0.001 1.3948570920201659 0.28926785407699351 0.9464992032512608 0.32073409699450156 0.10923425733413698 0.37834709197501309 0.5 -0.065388604352119906 2.3100078657787848 OK 13 12 0.60879799999999995 0.52917599999999998 0.357375 0.24109700000000001 0.16230700000000001 0 0.36770099999999994 0.366869 0.357375 0.011049 0.011087 0.010522 0.33180199999999999 0.33012499999999989 0.32343099999999986 0.0046249999999999998 0.0054040000000000008 0.0043200000000000001 0.0013679999999999999 0.001358 0.0012279999999999999 2.3100411867536734 2.3100411867536734 2.3100411867536734 0.0017085651358202667 0.0017085651358202667 0.0017085651358202667 1 1 1 Converged Converged Converged OK OK OK 109 109 109 109 109 109 11 11 11 0 0 0 0 1 0 0 1
109 109 linear 0 23 1090 3 0.001 1.3948570920201659 0.28926785407699351 0.9464992032512608 0.32073409699450156 0.10923425733413698 0.5100339376447538 0.5 -0.19707545002186061 2.2182394914053263 OK 14 13 0.49191000000000001 0.40602100000000002 0.236456 0.246503 0.16827 0 0.24540700000000001 0.23775100000000002 0.236456 0.011117999999999999 0.010895999999999999 0.0099489999999999995 0.21022700000000011 0.20408599999999999 0.20538300000000001 0.0051399999999999996 0.0046540000000000002 0.003898 0.0013250000000000002 0.001341 0.00098299999999999993 2.2182589992351578 2.2182589992351578 2.2182589992351578 0.0020620535264820198 0.0020620535264820198 0.0020620535264820198 1 1 1 Converged Converged Converged OK OK OK 101 101 101 101 101 101 11 11 11 0 0 0 0 1 0 0 1
109 109 linear 0 0 1090 0 0.0001 1.3948570920201659 0.28926785407699351 0.9464992032512608 0.32073409699450156 0.10923425733413698 0.13143425634424938 0.5 0.18152423127864381 2.4743397417766513 OK 15 14 0.93708400000000003 0.92985799999999996 0.67433900000000002 0.25399899999999997 0.25089600000000001 0 0.68308500000000005 0.67896199999999995 0.67433900000000002 0.015807000000000002 0.016084000000000001 0.016750000000000001 0.58421199999999984 0.57833199999999974 0.57533800000000024 0.012153999999999998 0.013545999999999997 0.012797000000000001 0.0025160000000000004 0.0026679999999999998 0.0024190000000000001 2.4743345926489817 2.4743345926489817 2.4743345926489817 0.00017336243801821749 0.00017336243801821749 0.00017336243801821749 1 1 1 Converged Converged Converged OK OK OK 211 211 211 211 211 211 13 13 13 0 0 0 0 0 1 0 0
109 109 linear 0 7 1090 1 0.0001 1.3948570920201659 0.28926785407699351 0.9464992032512608 0.32073409699450156 0.10923425733413698 0.24666024630527245 0.5 0.066298241317620743 2.4200762527376503 OK 14 13 0.89216600000000001 0.79832700000000001 0.61768500000000004 0.261569 0.17044100000000001 0 0.63059700000000007 0.62788599999999994 0.61768500000000004 0.013955 0.014121 0.013728000000000001 0.56483699999999992 0.56076300000000012 0.55295899999999998 0.011759 0.013375000000000001 0.011976999999999998 0.0026110000000000005 0.0027189999999999992 0.0025110000000000002 2.4200970933970378 2.4200970933970378 2.4200970933970378 0.00016916480469025049 0.00016916480469025049 0.00016916480469025049 1 1 1 Converged Converged Converged OK OK OK 204 204 204 204 204 204 12 12 12 0 0 0 0 1 0 0 1
109 109 linear 0 15 1090 2 0.0001 1.3948570920201659 0.28926785407699351 0.9464992032512608 0.32073409699450156 0.10923425733413698 0.37834709197501309 0.5 -0.065388604352119906 2.3100078657787848 OK 13 12 0.70397900000000002 0.63238399999999995 0.452737 0.242008 0.16630300000000001 0 0.46197100000000002 0.46608099999999997 0.452737 0.010991000000000001 0.011254 0.010485 0.41632000000000013 0.41904199999999986 0.40944300000000006 0.0074470000000000005 0.0077540000000000013 0.006594 0.0018340000000000001 0.0019780000000000002 0.0017600000000000001 2.3100361902655515 2.3100361902655515 2.3100361902655515 0.00020640605517301033 0.00020640605517301033 0.00020640605517301033 1 1 1 Converged Converged Converged OK OK OK 141 141 141 141 141 141 11 11 11 0 0 0 0 1 0 0 1
109 109 linear 0 23 1090 3 0.0001 1.3948570920201659 0.28926785407699351 0.9464992032512608 0.32073409699450156 0.10923425733413698 0.5100339376447538 0.5 -0.19707545002186061 2.2182394914053263 OK 14 13 0.57489000000000001 0.51039400000000001 0.314994 0.247364 0.18054600000000001 0 0.32752599999999998 0.32984800000000003 0.314994 0.011025999999999999 0.01111 0.010226000000000001 0.28287800000000002 0.28535499999999997 0.27398099999999986 0.0073399999999999993 0.0069969999999999997 0.0059039999999999995 0.0018080000000000001 0.0019580000000000001 0.0016879999999999998 2.2182610209491735 2.2182610209491735 2.2182610209491735 0.0001557971026448635 0.0001557971026448635 0.0001557971026448635 1 1 1 Converged Converged Converged OK OK OK 133 133 133 133 133 133 11 11 11 0 0 0 0 1 0 0 1
109 109 linear 1 0 1091 0 0.001 1.3948570920201659 0.28926785407699351 0.9464992032512608 -1.3316925546921305 0.32844515472594182 -1.5209923953423827 0.5 1.833950882965276 1.254260051552633 OK 15 14 0.48880800000000002 0.48409999999999997 0.27084599999999998 0.209977 0.210951 0 0.27883100000000005 0.27314899999999998 0.27084599999999998 0.011336000000000001 0.01149 0.011253000000000001 0.22678899999999999 0.22115300000000002 0.22015400000000004 0.0058590000000000005 0.0058249999999999994 0.0055319999999999996 0.0012799999999999999 0.0013979999999999999 0.0013500000000000001 1.2542596911578003 1.2542596911578003 1.2542596911578003 0.00073025553998681055 0.00073025553998681055 0.00073025553998681055 1 1 1 Converged Converged Converged OK OK OK 116 116 116 116 116 116 12 12 12 0 0 0 0 0 1 0 0
109 109 linear 1 7 1091 1 0.001 1.3948570920201659 0.28926785407699351 0.9464992032512608 -1.3316925546921305 0.32844515472594182 -1.4057664053813597 0.5 1.7187248930042529 1.3369291615176988 OK 14 13 0.50588999999999995 0.43688199999999999 0.29258899999999999 0.202598 0.13761699999999999 0 0.30329199999999995 0.299265 0.29258899999999999 0.0079620000000000003 0.0079920000000000008 0.0075589999999999997 0.26900800000000002 0.26523799999999997 0.26051599999999991 0.0049819999999999994 0.0050350000000000004 0.0044710000000000001 0.0011299999999999999 0.001191 0.0010600000000000002 1.3369316992647451 1.3369316992647451 1.3369316992647451 0.00048569791835254927 0.00048569791835254927 0.00048569791835254927 1 1 1 Converged Converged Converged OK OK OK 108 108 108 108 108 108 12 12 12 0 0 0 0 1 0 0 1
109 109 linear 1 15 1091 2 0.001 1.3948570920201659 0.28926785407699351 0.9464992032512608 -1.3316925546921305 0.32844515472594182 -1.274079559711619 0.5 1.5870380473345123 1.4238686845463731 OK 14 13 0.51762600000000003 0.43606099999999998 0.27461400000000002 0.23603199999999999 0.156279 0 0.28159400000000001 0.27978199999999998 0.27461400000000002 0.00726 0.0074879999999999999 0.0065389999999999997 0.24901800000000013 0.24732400000000004 0.24413200000000004 0.0047180000000000008 0.0046140000000000009 0.0043309999999999998 0.0011029999999999998 0.001119 0.00099400000000000009 1.4238665002329007 1.4238665002329007 1.4238665002329007 0.0011994704292697677 0.0011994704292697677 0.0011994704292697677 1 1 1 Converged Converged Converged OK OK OK 108 108 108 108 108 108 12 12 12 0 0 0 0 1 0 0 1
109 109 linear 1 23 1091 3 0.001 1.3948570920201659 0.28926785407699351 0.9464992032512608 -1.3316925546921305 0.32844515472594182 -1.1423927140418784 0.5 1.4553512016647716 1.5149131302376748 OK 15 14 0.52674900000000002 0.44749499999999998 0.27503699999999998 0.24244299999999999 0.16100500000000001 0 0.28430600000000006 0.28648999999999997 0.27503699999999998 0.010737 0.014166 0.010175999999999999 0.25054399999999999 0.25057799999999997 0.24419699999999989 0.0046499999999999996 0.0042479999999999992 0.0039719999999999998 0.00089299999999999991 0.001005 0.00082300000000000006 1.5149162929145732 1.5149162929145732 1.5149162929145732 0.00075780480696532805 0.00075780480696532805 0.00075780480696532805 1 1 1 Converged Converged Converged OK OK OK 100 100 100 100 100 100 12 12 12 0 0 0 0 1 0 0 1
109 109 linear 1 0 1091 0 0.0001 1.3948570920201659 0.28926785407699351 0.9464992032512608 -1.3316925546921305 0.32844515472594182 -1.5209923953423827 0.5 1.833950882965276 1.254260051552633 OK 15 14 0.57113400000000003 0.56061399999999995 0.34333200000000003 0.214419 0.21495800000000001 0 0.356715 0.34565599999999996 0.34333200000000003 0.01163 0.011638000000000001 0.011552 0.29113699999999998 0.28078299999999995 0.27863900000000008 0.0073639999999999999 0.0073920000000000001 0.0073380000000000008 0.0021320000000000002 0.002176 0.0020839999999999999 1.2542580475536731 1.2542580475536731 1.2542580475536731 8.0894835203117307e-05 8.0894835203117307e-05 8.0894835203117307e-05 1 1 1 Converged Converged Converged OK OK OK 148 148 148 148 148 148 12 12 12 0 0 0 0 0 1 0 0
109 109 linear 1 7 1091 1 0.0001 1.3948570920201659 0.28926785407699351 0.9464992032512608 -1.3316925546921305 0.32844515472594182 -1.4057664053813597 0.5 1.7187248930042529 1.3369291615176988 OK 14 13 0.55333299999999996 0.49017100000000002 0.34464699999999998 0.20236599999999999 0.13630999999999999 0 0.35096699999999997 0.35386100000000004 0.34464699999999998 0.0077429999999999999 0.0079100000000000004 0.0074939999999999998 0.31474299999999994 0.31637100000000007 0.30873300000000009 0.0051259999999999995 0.0059890000000000004 0.0055960000000000003 0.0014459999999999998 0.0015930000000000002 0.0014329999999999998 1.3369295935588348 1.3369295935588348 1.3369295935588348 8.9875107875733997e-05 8.9875107875733997e-05 8.9875107875733997e-05 1 1 1 Converged Converged Converged OK OK OK 124 124 124 124 124 124 12 12 12 0 0 0 0 1 0 0 1
109 109 linear 1 15 1091 2 0.0001 1.3948570920201659 0.28926785407699351 0.9464992032512608 -1.3316925546921305 0.32844515472594182 -1.274079559711619 0.5 1.5870380473345123 1.4238686845463731 OK 14 13 0.61115399999999998 0.52866599999999997 0.36513600000000002 0.23639299999999999 0.15739600000000001 0 0.37476100000000001 0.37126999999999999 0.36513600000000002 0.0074819999999999999 0.0073460000000000001 0.0067499999999999999 0.33408699999999975 0.33077000000000001 0.3271110000000001 0.0064460000000000003 0.0068690000000000001 0.0060689999999999989 0.0018819999999999998 0.001913 0.0016980000000000003 1.4238686994923251 1.4238686994923251 1.4238686994923251 7.0764681240545734e-05 7.0764681240545734e-05 7.0764681240545734e-05 1 1 1 Converged Converged Converged OK OK OK 140 140 140 140 140 140 12 12 12 0 0 0 0 1 0 0 1
109 109 linear 1 23 1091 3 0.0001 1.3948570920201659 0.28926785407699351 0.9464992032512608 -1.3316925546921305 0.32844515472594182 -1.1423927140418784 0.5 1.4553512016647716 1.5149131302376748 OK 15 14 0.66348799999999997 0.58849799999999997 0.41243299999999999 0.23768700000000001 0.16204399999999999 0 0.42580099999999999 0.426454 0.41243299999999999 0.010714 0.010739 0.010104 0.37344200000000027 0.37490499999999999 0.36506299999999997 0.0092829999999999996 0.0090730000000000012 0.0074839999999999993 0.0019550000000000001 0.0021229999999999999 0.001758 1.5149150211771996 1.5149150211771996 1.5149150211771996 0.00010423388124355589 0.00010423388124355589 0.00010423388124355589 1 1 1 Converged Converged Converged OK OK OK 156 156 156 156 156 156 12 12 12 0 0 0 0 1 0 0 1
109 109 linear 2 0 1092 0 0.001 1.3948570920201659 0.28926785407699351 0.9464992032512608 -0.47774213959163137 -1.0857425668508101 -0.66704198024188355 0.5 0.98000046786477668 1.2329565365459576 OK 12 11 0.37894800000000001 0.37847999999999998 0.17335900000000001 0.19925799999999999 0.200434 0 0.17969000000000002 0.17804599999999998 0.17335900000000001 0.010793000000000001 0.010943 0.010612 0.13809199999999996 0.13556500000000005 0.13272599999999998 0.0041600000000000005 0.0045740000000000008 0.0040329999999999993 0.0011670000000000001 0.0011280000000000001 0.0010920000000000001 1.2329698765468493 1.2329698765468493 1.2329698765468493 0.00055256916554057012 0.00055256916554057012 0.00055256916554057012 1 1 1 Converged Converged Converged OK OK OK 95 95 95 95 95 95 9 9 9 0 0 0 0 0 1 0 0
109 109 linear 2 7 1092 1 0.001 1.3948570920201659 0.28926785407699351 0.9464992032512608 -0.47774213959163137 -1.0857425668508101 -0.55181599028086048 0.5 0.86477447790375361 1.2576701321880097 OK 12 11 0.375774 0.30651600000000001 0.166875 0.20117499999999999 0.13322999999999999 0 0.174599 0.17328600000000002 0.166875 0.0093819999999999997 0.0094649999999999995 0.0088950000000000001 0.14337200000000003 0.14167600000000002 0.13721499999999998 0.0041060000000000003 0.004385 0.0039989999999999991 0.001132 0.0011620000000000001 0.001124 1.257669324246067 1.257669324246067 1.257669324246067 0.00019226969565717066 0.00019226969565717066 0.00019226969565717066 1 1 1 Converged Converged Converged OK OK OK 95 95 95 95 95 95 9 9 9 0 0 0 0 1 0 0 1
109 109 linear 2 15 1092 2 0.001 1.3948570920201659 0.28926785407699351 0.9464992032512608 -0.47774213959163137 -1.0857425668508101 -0.42012914461111983 0.5 0.73308763223401296 1.2866460738178926 OK 13 12 0.36612299999999998 0.29916500000000001 0.15787799999999999 0.19994200000000001 0.13417000000000001 0 0.16618099999999997 0.164995 0.15787799999999999 0.0098519999999999996 0.0098840000000000004 0.0088629999999999994 0.13544800000000004 0.13395699999999996 0.12952499999999997 0.0038430000000000001 0.0041219999999999998 0.0035150000000000003 0.001142 0.00114 0.00099700000000000006 1.2866435413731818 1.2866435413731818 1.2866435413731818 0.00086247438539677212 0.00086247438539677212 0.00086247438539677212 1 1 1 Converged Converged Converged OK OK OK 94 94 94 94 94 94 10 10 10 0 0 0 0 1 0 0 1
109 109 linear 2 23 1092 3 0.001 1.3948570920201659 0.28926785407699351 0.9464992032512608 -0.47774213959163137 -1.0857425668508101 -0.28844229894137918 0.5 0.60140078656427232 1.3170476108188283 OK 13 12 0.35877300000000001 0.294651 0.15246599999999999 0.199074 0.13672500000000001 0 0.15969900000000001 0.15792599999999998 0.15246599999999999 0.0091780000000000004 0.009502 0.0084650000000000003 0.12981400000000004 0.12763600000000003 0.12449499999999997 0.0038960000000000002 0.004058 0.0036650000000000003 0.001062 0.001217 0.0010139999999999999 1.3170439018309186 1.3170439018309186 1.3170439018309186 0.00093286916991411285 0.00093286916991411285 0.00093286916991411285 1 1 1 Converged Converged Converged OK OK OK 94 94 94 94 94 94 10 10 10 0 0 0 0 1 0 0 1
109 109 linear 2 0 1092 0 0.0001 1.3948570920201659 0.28926785407699351 0.9464992032512608 -0.47774213959163137 -1.0857425668508101 -0.66704198024188355 0.5 0.98000046786477668 1.2329565365459576 OK 12 11 0.43090400000000001 0.434089 0.22533300000000001 0.196882 0.20482900000000001 0 0.23402200000000001 0.22925999999999999 0.22533300000000001 0.011109000000000001 0.011427 0.010599000000000001 0.17856099999999986 0.17343799999999998 0.17166399999999998 0.0069270000000000009 0.0069519999999999998 0.0067229999999999998 0.0017639999999999999 0.001701 0.0017620000000000001 1.2329555264832681 1.2329555264832681 1.2329555264832681 6.2184598529218605e-05 6.2184598529218605e-05 6.2184598529218605e-05 1 1 1 Converged Converged Converged OK OK OK 127 127 127 127 127 127 9 9 9 0 0 0 0 0 1 0 0
109 109 linear 2 7 1092 1 0.0001 1.3948570920201659 0.28926785407699351 0.9464992032512608 -0.47774213959163137 -1.0857425668508101 -0.55181599028086048 0.5 0.86477447790375361 1.2576701321880097 OK 12 11 0.40130700000000002 0.33530900000000002 0.19306400000000001 0.19639200000000001 0.13416 0 0.20491500000000001 0.20114900000000002 0.19306400000000001 0.0095619999999999993 0.0096460000000000001 0.0090570000000000008 0.16882899999999998 0.16542100000000004 0.15944800000000001 0.0054350000000000006 0.0053950000000000005 0.005071 0.0013119999999999998 0.0014469999999999999 0.0013370000000000001 1.257668595494408 1.257668595494408 1.257668595494408 0.00010416752886569564 0.00010416752886569564 0.00010416752886569564 1 1 1 Converged Converged Converged OK OK OK 111 111 111 111 111 111 9 9 9 0 0 0 0 1 0 0 1
109 109 linear 2 15 1092 2 0.0001 1.3948570920201659 0.28926785407699351 0.9464992032512608 -0.47774213959163137 -1.0857425668508101 -0.42012914461111983 0.5 0.73308763223401296 1.2866460738178926 OK 13 12 0.396893 0.33691399999999999 0.18996299999999999 0.20095299999999999 0.133801 0 0.19594 0.20311299999999999 0.18996299999999999 0.0092969999999999997 0.0095790000000000007 0.0087600000000000004 0.16264700000000004 0.16912700000000008 0.157661 0.0043930000000000002 0.0046589999999999999 0.0046870000000000002 0.0013060000000000001 0.0013079999999999999 0.001346 1.2866440446800602 1.2866440446800602 1.2866440446800602 0.00011266057236695702 0.00011266057236695702 0.00011266057236695702 1 1 1 Converged Converged Converged OK OK OK 110 110 110 110 110 110 10 10 10 0 0 0 0 1 0 0 1
109 109 linear 2 23 1092 3 0.0001 1.3948570920201659 0.28926785407699351 0.9464992032512608 -0.47774213959163137 -1.0857425668508101 -0.28844229894137918 0.5 0.60140078656427232 1.3170476108188283 OK 13 12 0.40380700000000003 0.34690399999999999 0.19808799999999999 0.20005999999999999 0.13785500000000001 0 0.20374700000000004 0.20904899999999998 0.19808799999999999 0.0094909999999999994 0.0095080000000000008 0.0084650000000000003 0.16755599999999998 0.17190600000000009 0.1647559999999999 0.0052460000000000007 0.0060939999999999996 0.0047499999999999999 0.0017139999999999998 0.0017150000000000002 0.001459 1.3170444714930325 1.3170444714930325 1.3170444714930325 0.00012197179760303291 0.00012197179760303291 0.00012197179760303291 1 1 1 Converged Converged Converged OK OK OK 118 118 118 118 118 118 10 10 10 0 0 0 0 1 0 0 1
109 109 linear 3 0 1093 0 0.001 1.3948570920201659 0.28926785407699351 0.9464992032512608 -1.4155895635486322 1.2796447488398535 -1.6048894041988844 0.5 1.9178478918217776 1.0587507827184759 OK 12 11 0.31089299999999997 0.30666700000000002 0.12576499999999999 0.17980399999999999 0.18098400000000001 0 0.13108899999999998 0.12568300000000002 0.12576499999999999 0.0096729999999999993 0.0097409999999999997 0.0094859999999999996 0.095111999999999974 0.090389999999999998 0.090340000000000031 0.0037930000000000004 0.0035589999999999997 0.003679 0.0010009999999999999 0.00096600000000000006 0.0010510000000000001 1.0587501176453353 1.0587501176453353 1.0587501176453353 0.00039725826993796103 0.00039725826993796103 0.00039725826993796103 1 1 1 Converged Converged Converged OK OK OK 74 74 74 74 74 74 6 6 6 0 0 0 0 0 1 0 0
109 109 linear 3 7 1093 1 0.001 1.3948570920201659 0.28926785407699351 0.9464992032512608 -1.4155895635486322 1.2796447488398535 -1.4896634142378613 0.5 1.8026219018607545 1.0665191483170642 OK 12 11 0.29743000000000003 0.23288800000000001 0.113621 0.17804500000000001 0.114746 0 0.11938500000000002 0.11814200000000001 0.113621 0.0085690000000000002 0.0086960000000000006 0.0081729999999999997 0.090783000000000016 0.089637999999999995 0.085672999999999958 0.0032980000000000002 0.0034200000000000003 0.0034529999999999995 0.00091500000000000001 0.00097800000000000014 0.00097000000000000005 1.066518458866113 1.066518458866113 1.066518458866113 0.00032674428816087387 0.00032674428816087387 0.00032674428816087387 1 1 1 Converged Converged Converged OK OK OK 74 74 74 74 74 74 6 6 6 0 0 0 0 1 0 0 1
109 109 linear 3 15 1093 2 0.001 1.3948570920201659 0.28926785407699351 0.9464992032512608 -1.4155895635486322 1.2796447488398535 -1.3579765685681207 0.5 1.6709350561910139 1.0765912076753557 OK 12 11 0.30855300000000002 0.25046499999999999 0.116676 0.186031 0.126166 0 0.12252200000000002 0.12429899999999999 0.116676 0.0085920000000000007 0.0089510000000000006 0.0081270000000000005 0.095335999999999976 0.095507999999999996 0.090470000000000009 0.0031999999999999997 0.0040390000000000001 0.0033279999999999998 0.00096500000000000004 0.0010790000000000001 0.00091199999999999994 1.0765904936645658 1.0765904936645658 1.0765904936645658 0.00037007414428247547 0.00037007414428247547 0.00037007414428247547 1 1 1 Converged Converged Converged OK OK OK 74 74 74 74 74 74 6 6 6 0 0 0 0 1 0 0 1
109 109 linear 3 23 1093 3 0.001 1.3948570920201659 0.28926785407699351 0.9464992032512608 -1.4155895635486322 1.2796447488398535 -1.22628972289838 0.5 1.5392482105212733 1.0880958766311233 OK 12 11 0.29142699999999999 0.23457700000000001 0.100257 0.186138 0.13003500000000001 0 0.10528899999999999 0.104542 0.100257 0.0086449999999999999 0.0088179999999999994 0.0080610000000000005 0.080151 0.078637000000000012 0.076115999999999989 0.0028419999999999999 0.0032940000000000005 0.0029020000000000005 0.00072599999999999997 0.00076599999999999997 0.00071499999999999992 1.0880952296485638 1.0880952296485638 1.0880952296485638 0.00096246535328246916 0.00096246535328246916 0.00096246535328246916 1 1 1 Converged Converged Converged OK OK OK 66 66 66 66 66 66 6 6 6 0 0 0 0 1 0 0 1
109 109 linear 3 0 1093 0 0.0001 1.3948570920201659 0.28926785407699351 0.9464992032512608 -1.4155895635486322 1.2796447488398535 -1.6048894041988844 0.5 1.9178478918217776 1.0587507827184759 OK 12 11 0.33565600000000001 0.327407 0.14738399999999999 0.17864099999999999 0.17894499999999999 0 0.15701500000000002 0.14846200000000001 0.14738399999999999 0.0097079999999999996 0.010062 0.0093080000000000003 0.11396199999999998 0.10721999999999995 0.10664799999999995 0.0052189999999999997 0.004385 0.004424 0.001196 0.001119 0.0010999999999999998 1.0587501182929622 1.0587501182929622 1.0587501182929622 8.3550315539505506e-05 8.3550315539505506e-05 8.3550315539505506e-05 1 1 1 Converged Converged Converged OK OK OK 90 90 90 90 90 90 6 6 6 0 0 0 0 0 1 0 0
109 109 linear 3 7 1093 1 0.0001 1.3948570920201659 0.28926785407699351 0.9464992032512608 -1.4155895635486322 1.2796447488398535 -1.4896634142378613 0.5 1.8026219018607545 1.0665191483170642 OK 12 11 0.32104899999999997 0.25980199999999998 0.134854 0.17723 0.117516 0 0.14381899999999997 0.14228599999999997 0.134854 0.0087170000000000008 0.0085699999999999995 0.008116 0.10871100000000002 0.10636900000000001 0.10211500000000001 0.0049500000000000004 0.0041970000000000002 0.004437 0.001114 0.0010570000000000002 0.0010610000000000001 1.0665184595119177 1.0665184595119177 1.0665184595119177 5.7739135256896656e-05 5.7739135256896656e-05 5.7739135256896656e-05 1 1 1 Converged Converged Converged OK OK OK 90 90 90 90 90 90 6 6 6 0 0 0 0 1 0 0 1
109 109 linear 3 15 1093 2 0.0001 1.3948570920201659 0.28926785407699351 0.9464992032512608 -1.4155895635486322 1.2796447488398535 -1.3579765685681207 0.5 1.6709350561910139 1.0765912076753557 OK 12 11 0.34671999999999997 0.28417799999999999 0.15034400000000001 0.186776 0.129908 0 0.15994399999999998 0.15426999999999999 0.15034400000000001 0.0089189999999999998 0.0088140000000000007 0.0080300000000000007 0.123018 0.11819999999999997 0.11656600000000002 0.0052809999999999992 0.0050920000000000002 0.0044169999999999999 0.0013210000000000001 0.0012080000000000001 0.001158 1.0765904932431249 1.0765904932431249 1.0765904932431249 5.2492885546485091e-05 5.2492885546485091e-05 5.2492885546485091e-05 1 1 1 Converged Converged Converged OK OK OK 98 98 98 98 98 98 6 6 6 0 0 0 0 1 0 0 1
109 109 linear 3 23 1093 3 0.0001 1.3948570920201659 0.28926785407699351 0.9464992032512608 -1.4155895635486322 1.2796447488398535 -1.22628972289838 0.5 1.5392482105212733 1.0880958766311233 OK 12 11 0.34229100000000001 0.28894999999999998 0.145955 0.188141 0.13114899999999999 0 0.15415000000000001 0.157801 0.145955 0.0087840000000000001 0.0088749999999999992 0.0080829999999999999 0.119149 0.123029 0.11340299999999995 0.0050150000000000004 0.0049779999999999998 0.0044919999999999995 0.0013309999999999999 0.001219 0.001256 1.0880951074059628 1.0880951074059628 1.0880951074059628 8.9522111346022071e-05 8.9522111346022071e-05 8.9522111346022071e-05 1 1 1 Converged Converged Converged OK OK OK 98 98 98 98 98 98 6 6 6 0 0 0 0 1 0 0 1
109 109 linear 4 0 1094 0 0.001 1.3948570920201659 0.28926785407699351 0.9464992032512608 -2.1569913361018993 1.19805586705012 -2.3462911767521515 0.5 2.6592496643750447 1.0276795600741393 OK 12 11 0.33510200000000001 0.32731199999999999 0.12423099999999999 0.20538500000000001 0.20145099999999999 0 0.129717 0.125861 0.12423099999999999 0.0094369999999999992 0.0096200000000000001 0.0093419999999999996 0.097230999999999984 0.092755000000000018 0.092038999999999996 0.0033509999999999998 0.0035590000000000001 0.0031640000000000001 0.00076000000000000004 0.000883 0.00078600000000000002 1.0276773589005344 1.0276773589005344 1.0276773589005344 0.00061521203473042076 0.00061521203473042076 0.00061521203473042076 1 1 1 Converged Converged Converged OK OK OK 67 67 67 67 67 67 5 5 5 0 0 0 0 0 1 0 0
109 109 linear 4 7 1094 1 0.001 1.3948570920201659 0.28926785407699351 0.9464992032512608 -2.1569913361018993 1.19805586705012 -2.2310651867911284 0.5 2.5440236744140217 1.0316144324711551 OK 12 11 0.32471299999999997 0.245084 0.114536 0.20394200000000001 0.12570500000000001 0 0.12077099999999996 0.11937899999999999 0.114536 0.0084600000000000005 0.0084709999999999994 0.007803 0.093354000000000006 0.091722000000000012 0.087753000000000012 0.0031120000000000002 0.003261 0.0031349999999999998 0.00072600000000000008 0.00075899999999999991 0.00075400000000000011 1.0316118282562969 1.0316118282562969 1.0316118282562969 0.00072039587409691538 0.00072039587409691538 0.00072039587409691538 1 1 1 Converged Converged Converged OK OK OK 67 67 67 67 67 67 5 5 5 0 0 0 0 1 0 0 1
109 109 linear 4 15 1094 2 0.001 1.3948570920201659 0.28926785407699351 0.9464992032512608 -2.1569913361018993 1.19805586705012 -2.0993783411213878 0.5 2.412336828744281 1.0368251073571826 OK 12 11 0.31456600000000001 0.250745 0.11053300000000001 0.197162 0.13203400000000001 0 0.11740400000000001 0.11871099999999998 0.11053300000000001 0.0082900000000000005 0.0085400000000000007 0.0078279999999999999 0.089567999999999995 0.090636000000000008 0.083878999999999995 0.0035100000000000001 0.0033279999999999998 0.003261 0.00071400000000000001 0.00078600000000000002 0.000727 1.036822027166133 1.036822027166133 1.036822027166133 0.00090018225382754277 0.00090018225382754277 0.00090018225382754277 1 1 1 Converged Converged Converged OK OK OK 67 67 67 67 67 67 5 5 5 0 0 0 0 1 0 0 1
109 109 linear 4 23 1094 3 0.001 1.3948570920201659 0.28926785407699351 0.9464992032512608 -2.1569913361018993 1.19805586705012 -1.9676914954516471 0.5 2.2806499830745404 1.0428995339306317 OK 12 11 0.31848700000000002 0.25192700000000001 0.11010200000000001 0.201899 0.13361799999999999 0 0.11658800000000002 0.11830900000000003 0.11010200000000001 0.0087180000000000001 0.0088839999999999995 0.0081419999999999999 0.089446000000000012 0.089268999999999987 0.084062000000000053 0.0031259999999999999 0.0039149999999999992 0.0030809999999999995 0.00077099999999999998 0.00096699999999999998 0.00077399999999999995 1.0428988903686851 1.0428988903686851 1.0428988903686851 0.0006773400274360477 0.0006773400274360477 0.0006773400274360477 1 1 1 Converged Converged Converged OK OK OK 66 66 66 66 66 66 6 6 6 0 0 0 0 1 0 0 1
109 109 linear 4 0 1094 0 0.0001 1.3948570920201659 0.28926785407699351 0.9464992032512608 -2.1569913361018993 1.19805586705012 -2.3462911767521515 0.5 2.6592496643750447 1.0276795600741393 OK 12 11 0.35744599999999999 0.35136600000000001 0.14541899999999999 0.20449100000000001 0.20430200000000001 0 0.15295499999999998 0.147064 0.14541899999999999 0.0096889999999999997 0.0094020000000000006 0.0090720000000000002 0.113658 0.10765199999999997 0.10705199999999999 0.0040730000000000002 0.0044989999999999995 0.004333 0.0011249999999999999 0.0011839999999999999 0.0012309999999999999 1.0276789675053877 1.0276789675053877 1.0276789675053877 6.6189137308683181e-05 6.6189137308683181e-05 6.6189137308683181e-05 1 1 1 Converged Converged Converged OK OK OK 83 83 83 83 83 83 5 5 5 0 0 0 0 0 1 0 0
109 109 linear 4 7 1094 1 0.0001 1.3948570920201659 0.28926785407699351 0.9464992032512608 -2.1569913361018993 1.19805586705012 -2.2310651867911284 0.5 2.5440236744140217 1.0316144324711551 OK 12 11 0.35005399999999998 0.27971099999999999 0.144562 0.19774800000000001 0.12808700000000001 0 0.15230599999999997 0.15162399999999998 0.144562 0.0084410000000000006 0.0087840000000000001 0.0079509999999999997 0.11699600000000003 0.11482600000000001 0.11022999999999998 0.0045059999999999996 0.0053889999999999997 0.0045890000000000002 0.0010890000000000001 0.0012819999999999999 0.00114 1.0316138116198537 1.0316138116198537 1.0316138116198537 1.916006977334544e-05 1.916006977334544e-05 1.916006977334544e-05 1 1 1 Converged Converged Converged OK OK OK 91 91 91 91 91 91 5 5 5 0 0 0 0 1 0 0 1
109 109 linear 4 15 1094 2 0.0001 1.3948570920201659 0.28926785407699351 0.9464992032512608 -2.1569913361018993 1.19805586705012 -2.0993783411213878 0.5 2.412336828744281 1.0368251073571826 OK 12 11 0.35254400000000002 0.28098499999999998 0.13854900000000001 0.20216899999999999 0.12854399999999999 0 0.15037500000000004 0.15244099999999999 0.13854900000000001 0.0086630000000000006 0.0086230000000000005 0.0078709999999999995 0.11415700000000005 0.11774099999999998 0.10596600000000002 0.005468999999999999 0.0049189999999999998 0.0043270000000000001 0.001173 0.0011740000000000001 0.0010820000000000001 1.0368244751775315 1.0368244751775315 1.0368244751775315 2.2936225219208692e-05 2.2936225219208692e-05 2.2936225219208692e-05 1 1 1 Converged Converged Converged OK OK OK 91 91 91 91 91 91 5 5 5 0 0 0 0 1 0 0 1
109 109 linear 4 23 1094 3 0.0001 1.3948570920201659 0.28926785407699351 0.9464992032512608 -2.1569913361018993 1.19805586705012 -1.9676914954516471 0.5 2.2806499830745404 1.0428995339306317 OK 12 11 0.353713 0.28126699999999999 0.143513 0.200049 0.13131200000000001 0 0.153664 0.14995499999999998 0.143513 0.0088159999999999992 0.0087980000000000003 0.0079939999999999994 0.11862400000000002 0.115259 0.11113600000000001 0.0051390000000000003 0.005045 0.00428 0.0010330000000000001 0.00116 0.0010429999999999999 1.0428988853050851 1.0428988853050851 1.0428988853050851 7.8740148091317551e-05 7.8740148091317551e-05 7.8740148091317551e-05 1 1 1 Converged Converged Converged OK OK OK 90 90 90 90 90 90 6 6 6 0 0 0 0 1 0 0 1
109 109 uniform 0 0 1095 0 0.001 1.3948570920201659 0.28926785407699351 0.9464992032512608 0.32073409699450156 0.10923425733413698 0.13143425634424938 0 0.18152423127864381 2.3645105832151136 OK 15 14 0.43865999999999999 0.439693 0.18998000000000001 0.24867300000000001 0.24695900000000001 0 0.18998699999999999 0.19273399999999999 0.18998000000000001 0.015391999999999999 0.015765000000000001 0.015768999999999998 0.13413299999999992 0.13625699999999993 0.13338800000000001 0.0048490000000000009 0.0047719999999999993 0.0054800000000000005 0.0010939999999999999 0.001137 0.001194 2.3645373150680924 2.3645373150680924 2.3645373150680924 0.0021634264660299459 0.0021634264660299459 0.0021634264660299459 1 1 1 Converged Converged Converged OK OK OK 123 123 123 123 123 123 13 13 13 0 0 0 0 0 1 0 0
109 109 uniform 0 7 1095 1 0.001 1.3948570920201659 0.28926785407699351 0.9464992032512608 0.32073409699450156 0.10923425733413698 0.24666024630527245 0 0.066298241317620743 2.321373186257492 OK 14 13 0.43494899999999997 0.34609699999999999 0.17596999999999999 0.25286599999999998 0.16811200000000001 0 0.18208299999999999 0.17798499999999998 0.17596999999999999 0.013748 0.013705 0.013566999999999999 0.13727999999999999 0.13322399999999998 0.13268200000000002 0.0055729999999999998 0.0057369999999999999 0.0052520000000000006 0.0013780000000000001 0.0013749999999999999 0.0011950000000000001 2.3214074943735885 2.3214074943735885 2.3214074943735885 0.0022579070162715691 0.0022579070162715691 0.0022579070162715691 1 1 1 Converged Converged Converged OK OK OK 124 124 124 124 124 124 12 12 12 0 0 0 0 1 0 0 1
109 109 uniform 0 15 1095 2 0.001 1.3948570920201659 0.28926785407699351 0.9464992032512608 0.32073409699450156 0.10923425733413698 0.37834709197501309 0 -0.065388604352119906 2.2152031481791581 OK 13 12 0.41360200000000003 0.32908599999999999 0.16666300000000001 0.23980699999999999 0.15851199999999999 0 0.17379500000000003 0.170574 0.16666300000000001 0.010799 0.011063 0.010292000000000001 0.14102100000000001 0.13751000000000002 0.13566000000000009 0.0036960000000000005 0.0039240000000000004 0.0035460000000000005 0.0010969999999999999 0.0010939999999999999 0.00096000000000000002 2.2152690492684952 2.2152690492684952 2.2152690492684952 0.002092526519026926 0.002092526519026926 0.002092526519026926 1 1 1 Converged Converged Converged OK OK OK 101 101 101 101 101 101 11 11 11 0 0 0 0 1 0 0 1
109 109 uniform 0 23 1095 3 0.001 1.3948570920201659 0.28926785407699351 0.9464992032512608 0.32073409699450156 0.10923425733413698 0.5100339376447538 0 -0.19707545002186061 2.1364519741117554 OK 14 13 0.38755699999999998 0.31520999999999999 0.14250699999999999 0.242169 0.16634199999999999 0 0.14538799999999999 0.148868 0.14250699999999999 0.010983 0.010840000000000001 0.010064999999999999 0.112663 0.11643200000000004 0.11209100000000002 0.0036570000000000001 0.0037270000000000003 0.003454 0.0011300000000000001 0.0011569999999999998 0.00092599999999999996 2.1364585263950682 2.1364585263950682 2.1364585263950682 0.0016864717973724187 0.0016864717973724187 0.0016864717973724187 1 1 1 Converged Converged Converged OK OK OK 101 101 101 101 101 101 11 11 11 0 0 0 0 1 0 0 1
109 109 uniform 0 0 1095 0 0.0001 1.3948570920201659 0.28926785407699351 0.9464992032512608 0.32073409699450156 0.10923425733413698 0.13143425634424938 0 0.18152423127864381 2.3645105832151136 OK 15 14 0.54437100000000005 0.54549599999999998 0.29450199999999999 0.24698899999999999 0.25053700000000001 0 0.29738200000000004 0.29495899999999997 0.29450199999999999 0.01575 0.015685999999999999 0.015632 0.19903100000000001 0.19826800000000008 0.19599100000000017 0.013158 0.011723000000000001 0.010827 0.0024710000000000001 0.0025210000000000002 0.0024570000000000004 2.3645121255513843 2.3645121255513843 2.3645121255513843 0.0001768292387584815 0.0001768292387584815 0.0001768292387584815 1 1 1 Converged Converged Converged OK OK OK 211 211 211 211 211 211 13 13 13 0 0 0 0 0 1 0 0
109 109 uniform 0 7 1095 1 0.0001 1.3948570920201659 0.28926785407699351 0.9464992032512608 0.32073409699450156 0.10923425733413698 0.24666024630527245 0 0.066298241317620743 2.321373186257492 OK 14 13 0.52846300000000002 0.44586199999999998 0.27002999999999999 0.25731100000000001 0.172543 0 0.271152 0.27331899999999998 0.27002999999999999 0.013976000000000001 0.013978000000000001 0.013398999999999999 0.20563000000000015 0.208122 0.20770900000000009 0.011590000000000001 0.011345000000000001 0.010222999999999999 0.0025060000000000008 0.0024239999999999999 0.0023140000000000001 2.3213769375068303 2.3213769375068303 2.3213769375068303 0.00018185510439383594 0.00018185510439383594 0.00018185510439383594 1 1 1 Converged Converged Converged OK OK OK 204 204 204 204 204 204 12 12 12 0 0 0 0 1 0 0 1
109 109 uniform 0 15 1095 2 0.0001 1.3948570920201659 0.28926785407699351 0.9464992032512608 0.32073409699450156 0.10923425733413698 0.37834709197501309 0 -0.065388604352119906 2.2152031481791581 OK 13 12 0.47375600000000001 0.39194299999999999 0.22625100000000001 0.2414 0.16145100000000001 0 0.23235600000000001 0.23049199999999997 0.22625100000000001 0.011088000000000001 0.010958000000000001 0.010432 0.18385700000000005 0.18367200000000006 0.18119300000000013 0.0076640000000000007 0.0067029999999999989 0.0065799999999999999 0.0020190000000000004 0.001977 0.0019190000000000001 2.2152090304205134 2.2152090304205134 2.2152090304205134 0.00012893355509253809 0.00012893355509253809 0.00012893355509253809 1 1 1 Converged Converged Converged OK OK OK 157 157 157 157 157 157 11 11 11 0 0 0 0 1 0 0 1
109 109 uniform 0 23 1095 3 0.0001 1.3948570920201659 0.28926785407699351 0.9464992032512608 0.32073409699450156 0.10923425733413698 0.5100339376447538 0 -0.19707545002186061 2.1364519741117554 OK 14 13 0.44956099999999999 0.37010799999999999 0.19939399999999999 0.242422 0.166246 0 0.20713899999999999 0.20386199999999999 0.19939399999999999 0.011084999999999999 0.010776000000000001 0.010122000000000001 0.16107999999999992 0.15934699999999999 0.15657099999999996 0.0069040000000000004 0.0063269999999999993 0.0060339999999999994 0.0018139999999999999 0.0017740000000000002 0.0016489999999999999 2.1364525284226525 2.1364525284226525 2.1364525284226525 6.4307738877781353e-05 6.4307738877781353e-05 6.4307738877781353e-05 1 1 1 Converged Converged Converged OK OK OK 149 149 149 149 149 149 11 11 11 0 0 0 0 1 0 0 1
109 109 uniform 1 0 1096 0 0.001 1.3948570920201659 0.28926785407699351 0.9464992032512608 -1.3316925546921305 0.32844515472594182 -1.5209923953423827 0 1.833950882965276 1.2654419519316991 OK 15 14 0.40537600000000001 0.40329599999999999 0.195604 0.207206 0.207814 0 0.19817000000000001 0.19548199999999999 0.195604 0.011119 0.010996000000000001 0.010932000000000001 0.15121000000000001 0.15054899999999996 0.15045899999999995 0.0045409999999999999 0.0038410000000000002 0.0041129999999999995 0.001145 0.001052 0.0011020000000000001 1.2654418437113462 1.2654418437113462 1.2654418437113462 0.0012427151408044802 0.0012427151408044802 0.0012427151408044802 1 1 1 Converged Converged Converged OK OK OK 108 108 108 108 108 108 12 12 12 0 0 0 0 0 1 0 0
109 109 uniform 1 7 1096 1 0.001 1.3948570920201659 0.28926785407699351 0.9464992032512608 -1.3316925546921305 0.32844515472594182 -1.4057664053813597 0 1.7187248930042529 1.3481089952827923 OK 14 13 0.351433 0.29196899999999998 0.151615 0.199799 0.13686799999999999 0 0.15163399999999999 0.15510099999999999 0.151615 0.0074570000000000001 0.007613 0.0074060000000000003 0.12265200000000001 0.12542499999999998 0.12269599999999994 0.0033539999999999998 0.0037690000000000006 0.0035430000000000001 0.00073700000000000002 0.00084000000000000003 0.00082799999999999996 1.3481411432444601 1.3481411432444601 1.3481411432444601 0.00085004360535723134 0.00085004360535723134 0.00085004360535723134 1 1 1 Converged Converged Converged OK OK OK 100 100 100 100 100 100 12 12 12 0 0 0 0 1 0 0 1
109 109 uniform 1 15 1096 2 0.001 1.3948570920201659 0.28926785407699351 0.9464992032512608 -1.3316925546921305 0.32844515472594182 -1.274079559711619 0 1.5870380473345123 1.428661577682534 OK 14 13 0.40666099999999999 0.328592 0.169792 0.23799799999999999 0.153339 0 0.16866300000000001 0.17525299999999999 0.169792 0.0068789999999999997 0.0070479999999999996 0.0064390000000000003 0.13491699999999998 0.14048199999999991 0.13701900000000006 0.0040439999999999999 0.0044340000000000004 0.0040219999999999995 0.0011589999999999999 0.0013990000000000001 0.0011909999999999998 1.4286589378052363 1.4286589378052363 1.4286589378052363 0.0012572998499977052 0.0012572998499977052 0.0012572998499977052 1 1 1 Converged Converged Converged OK OK OK 116 116 116 116 116 116 12 12 12 0 0 0 0 1 0 0 1
109 109 uniform 1 23 1096 3 0.001 1.3948570920201659 0.28926785407699351 0.9464992032512608 -1.3316925546921305 0.32844515472594182 -1.1423927140418784 0 1.4553512016647716 1.5118268959753631 OK 15 14 0.37672099999999997 0.30100700000000002 0.13525899999999999 0.23582 0.15818499999999999 0 0.14090099999999997 0.14282200000000003 0.13525899999999999 0.010599000000000001 0.010455000000000001 0.0097109999999999991 0.10849700000000002 0.11198000000000001 0.10596 0.0039090000000000001 0.0036409999999999993 0.0031619999999999999 0.00091 0.00080599999999999997 0.00078100000000000001 1.51182863323487 1.51182863323487 1.51182863323487 0.00094470877049029184 0.00094470877049029184 0.00094470877049029184 1 1 1 Converged Converged Converged OK OK OK 100 100 100 100 100 100 12 12 12 0 0 0 0 1 0 0 1
109 109 uniform 1 0 1096 0 0.0001 1.3948570920201659 0.28926785407699351 0.9464992032512608 -1.3316925546921305 0.32844515472594182 -1.5209923953423827 0 1.833950882965276 1.2654419519316991 OK 15 14 0.46962999999999999 0.464868 0.25124000000000002 0.215222 0.20866899999999999 0 0.25440799999999997 0.25619900000000001 0.25124000000000002 0.011585 0.011596 0.011187000000000001 0.18967399999999995 0.19265399999999985 0.18900700000000004 0.0071920000000000005 0.0067079999999999996 0.006451000000000001 0.0018 0.0019339999999999997 0.0018679999999999999 1.265441829018358 1.265441829018358 1.265441829018358 8.4671233061187133e-05 8.4671233061187133e-05 8.4671233061187133e-05 1 1 1 Converged Converged Converged OK OK OK 148 148 148 148 148 148 12 12 12 0 0 0 0 0 1 0 0
109 109 uniform 1 7 1096 1 0.0001 1.3948570920201659 0.28926785407699351 0.9464992032512608 -1.3316925546921305 0.32844515472594182 -1.4057664053813597 0 1.7187248930042529 1.3481089952827923 OK 14 13 0.38102000000000003 0.31861099999999998 0.17754200000000001 0.199298 0.136296 0 0.18172200000000002 0.18231499999999998 0.17754200000000001 0.0077140000000000004 0.0076210000000000002 0.0072290000000000002 0.14536700000000005 0.14708699999999997 0.14306600000000003 0.00513 0.0048279999999999998 0.004712 0.001449 0.0015119999999999999 0.0015219999999999999 1.3481083737682302 1.3481083737682302 1.3481083737682302 0.00012361982152411528 0.00012361982152411528 0.00012361982152411528 1 1 1 Converged Converged Converged OK OK OK 124 124 124 124 124 124 12 12 12 0 0 0 0 1 0 0 1
109 109 uniform 1 15 1096 2 0.0001 1.3948570920201659 0.28926785407699351 0.9464992032512608 -1.3316925546921305 0.32844515472594182 -1.274079559711619 0 1.5870380473345123 1.428661577682534 OK 14 13 0.441801 0.35449999999999998 0.19436100000000001 0.23727999999999999 0.15201799999999999 0 0.20452100000000001 0.202482 0.19436100000000001 0.007012 0.0072960000000000004 0.0061419999999999999 0.16533999999999993 0.16397 0.15862200000000004 0.0057619999999999998 0.0057600000000000004 0.005156 0.0019369999999999997 0.0017060000000000003 0.001611 1.4286615140360095 1.4286615140360095 1.4286615140360095 5.2108571617863709e-05 5.2108571617863709e-05 5.2108571617863709e-05 1 1 1 Converged Converged Converged OK OK OK 140 140 140 140 140 140 12 12 12 0 0 0 0 1 0 0 1
109 109 uniform 1 23 1096 3 0.0001 1.3948570920201659 0.28926785407699351 0.9464992032512608 -1.3316925546921305 0.32844515472594182 -1.1423927140418784 0 1.4553512016647716 1.5118268959753631 OK 15 14 0.41442400000000001 0.34304499999999999 0.17383000000000001 0.23478499999999999 0.16004099999999999 0 0.17963900000000002 0.183004 0.17383000000000001 0.010663000000000001 0.010628 0.0097470000000000005 0.13783300000000004 0.14195000000000002 0.13558499999999998 0.0063340000000000002 0.0063359999999999996 0.0053350000000000003 0.0016229999999999999 0.0017200000000000002 0.0016319999999999998 1.511827063039197 1.511827063039197 1.511827063039197 0.00014344835414714654 0.00014344835414714654 0.00014344835414714654 1 1 1 Converged Converged Converged OK OK OK 140 140 140 140 140 140 12 12 12 0 0 0 0 1 0 0 1
109 109 uniform 2 0 1097 0 0.001 1.3948570920201659 0.28926785407699351 0.9464992032512608 -0.47774213959163137 -1.0857425668508101 -0.66704198024188355 0 0.98000046786477668 1.2436103099001579 OK 12 11 0.32375399999999999 0.32070500000000002 0.122727 0.198571 0.19545100000000001 0 0.12518299999999999 0.125254 0.122727 0.011171 0.010526000000000001 0.010734 0.083301999999999987 0.083805000000000004 0.081773999999999986 0.0040800000000000003 0.0042430000000000002 0.0039559999999999994 0.0011380000000000001 0.0010399999999999999 0.0011719999999999999 1.243634666106495 1.243634666106495 1.243634666106495 0.00079000863721554859 0.00079000863721554859 0.00079000863721554859 1 1 1 Converged Converged Converged OK OK OK 95 95 95 95 95 95 9 9 9 0 0 0 0 0 1 0 0
109 109 uniform 2 7 1097 1 0.001 1.3948570920201659 0.28926785407699351 0.9464992032512608 -0.47774213959163137 -1.0857425668508101 -0.55181599028086048 0 0.86477447790375361 1.2698346638971072 OK 12 11 0.30622899999999997 0.245842 0.113398 0.195635 0.12979199999999999 0 0.11059399999999997 0.11605000000000001 0.113398 0.0092849999999999999 0.0096319999999999999 0.0099889999999999996 0.080933000000000019 0.085688999999999974 0.082875999999999991 0.0034790000000000003 0.0036430000000000004 0.0036729999999999996 0.0010170000000000001 0.0010630000000000001 0.001021 1.2698356510289421 1.2698356510289421 1.2698356510289421 0.00029388085277926593 0.00029388085277926593 0.00029388085277926593 1 1 1 Converged Converged Converged OK OK OK 95 95 95 95 95 95 9 9 9 0 0 0 0 1 0 0 1
109 109 uniform 2 15 1097 2 0.001 1.3948570920201659 0.28926785407699351 0.9464992032512608 -0.47774213959163137 -1.0857425668508101 -0.42012914461111983 0 0.73308763223401296 1.301137272101462 OK 13 12 0.30706899999999998 0.246086 0.105932 0.19925999999999999 0.134355 0 0.10780899999999999 0.111731 0.105932 0.0092429999999999995 0.0093900000000000008 0.0086929999999999993 0.078889000000000015 0.082650999999999988 0.078354000000000007 0.0031250000000000002 0.0033500000000000001 0.003186 0.00093799999999999992 0.00097799999999999992 0.00094300000000000004 1.3011371128946088 1.3011371128946088 1.3011371128946088 0.0010963466611487668 0.0010963466611487668 0.0010963466611487668 1 1 1 Converged Converged Converged OK OK OK 94 94 94 94 94 94 10 10 10 0 0 0 0 1 0 0 1
109 109 uniform 2 23 1097 3 0.001 1.3948570920201659 0.28926785407699351 0.9464992032512608 -0.47774213959163137 -1.0857425668508101 -0.28844229894137918 0 0.60140078656427232 1.3349678228850581 OK 13 12 0.30612600000000001 0.24612200000000001 0.10780000000000001 0.195329 0.133573 0 0.11079700000000001 0.11254900000000001 0.10780000000000001 0.0092560000000000003 0.0092750000000000003 0.0083789999999999993 0.081922000000000023 0.083396999999999985 0.080943999999999988 0.0033220000000000003 0.0033870000000000003 0.0030379999999999999 0.00090400000000000007 0.00091999999999999992 0.00089499999999999996 1.3349661128561747 1.3349661128561747 1.3349661128561747 0.00076996752380319839 0.00076996752380319839 0.00076996752380319839 1 1 1 Converged Converged Converged OK OK OK 94 94 94 94 94 94 10 10 10 0 0 0 0 1 0 0 1
109 109 uniform 2 0 1097 0 0.0001 1.3948570920201659 0.28926785407699351 0.9464992032512608 -0.47774213959163137 -1.0857425668508101 -0.66704198024188355 0 0.98000046786477668 1.2436103099001579 OK 12 11 0.38364500000000001 0.38129800000000003 0.18151300000000001 0.19894600000000001 0.197656 0 0.184699 0.18364200000000003 0.18151300000000001 0.01099 0.011017000000000001 0.010732 0.12762699999999996 0.12711600000000006 0.12571400000000005 0.0087989999999999995 0.0084380000000000011 0.0079499999999999987 0.001554 0.001526 0.0015390000000000002 1.2436100480601584 1.2436100480601584 1.2436100480601584 9.0262841360496163e-05 9.0262841360496163e-05 9.0262841360496163e-05 1 1 1 Converged Converged Converged OK OK OK 143 143 143 143 143 143 9 9 9 0 0 0 0 0 1 0 0
109 109 uniform 2 7 1097 1 0.0001 1.3948570920201659 0.28926785407699351 0.9464992032512608 -0.47774213959163137 -1.0857425668508101 -0.55181599028086048 0 0.86477447790375361 1.2698346638971072 OK 12 11 0.35383199999999998 0.28825499999999998 0.145177 0.20464299999999999 0.13378399999999999 0 0.14918899999999999 0.154471 0.145177 0.0094310000000000001 0.0094490000000000008 0.0090489999999999998 0.10866499999999996 0.11407900000000001 0.10716200000000008 0.0066969999999999998 0.006685 0.0057149999999999996 0.001281 0.001359 0.001343 1.2698344756246074 1.2698344756246074 1.2698344756246074 8.4710682113893357e-05 8.4710682113893357e-05 8.4710682113893357e-05 1 1 1 Converged Converged Converged OK OK OK 127 127 127 127 127 127 9 9 9 0 0 0 0 1 0 0 1
109 109 uniform 2 15 1097 2 0.0001 1.3948570920201659 0.28926785407699351 0.9464992032512608 -0.47774213959163137 -1.0857425668508101 -0.42012914461111983 0 0.73308763223401296 1.301137272101462 OK 13 12 0.33040999999999998 0.26784000000000002 0.121309 0.203351 0.13503899999999999 0 0.12705899999999998 0.13280100000000003 0.121309 0.009946 0.0097979999999999994 0.0087799999999999996 0.09208899999999999 0.098771000000000012 0.08992799999999998 0.0048599999999999997 0.0043579999999999999 0.0039069999999999999 0.0014610000000000001 0.0014629999999999999 0.0012899999999999999 1.3011368882160095 1.3011368882160095 1.3011368882160095 9.6636372118263952e-05 9.6636372118263952e-05 9.6636372118263952e-05 1 1 1 Converged Converged Converged OK OK OK 110 110 110 110 110 110 10 10 10 0 0 0 0 1 0 0 1
109 109 uniform 2 23 1097 3 0.0001 1.3948570920201659 0.28926785407699351 0.9464992032512608 -0.47774213959163137 -1.0857425668508101 -0.28844229894137918 0 0.60140078656427232 1.3349678228850581 OK 13 12 0.34972399999999998 0.28476499999999999 0.14135400000000001 0.20271800000000001 0.13228300000000001 0 0.14700599999999997 0.15248199999999998 0.14135400000000001 0.0093699999999999999 0.009325 0.0085850000000000006 0.109857 0.115953 0.10688000000000003 0.005228 0.0050890000000000006 0.0045869999999999999 0.001676 0.0017339999999999999 0.0016000000000000001 1.3349674581774087 1.3349674581774087 1.3349674581774087 5.6105430983202223e-05 5.6105430983202223e-05 5.6105430983202223e-05 1 1 1 Converged Converged Converged OK OK OK 126 126 126 126 126 126 10 10 10 0 0 0 0 1 0 0 1
109 109 uniform 3 0 1098 0 0.001 1.3948570920201659 0.28926785407699351 0.9464992032512608 -1.4155895635486322 1.2796447488398535 -1.6048894041988844 0 1.9178478918217776 1.0599520600621184 OK 12 11 0.26791599999999999 0.27401500000000001 0.091175999999999993 0.176451 0.180171 0 0.091464999999999991 0.093844000000000011 0.091175999999999993 0.0095989999999999999 0.0098589999999999997 0.0092029999999999994 0.059270000000000003 0.060475000000000001 0.059417999999999992 0.0029629999999999995 0.0032539999999999999 0.0029430000000000003 0.000745 0.00092099999999999994 0.00079600000000000005 1.0599520324423266 1.0599520324423266 1.0599520324423266 0.00039318646499910212 0.00039318646499910212 0.00039318646499910212 1 1 1 Converged Converged Converged OK OK OK 66 66 66 66 66 66 6 6 6 0 0 0 0 0 1 0 0
109 109 uniform 3 7 1098 1 0.001 1.3948570920201659 0.28926785407699351 0.9464992032512608 -1.4155895635486322 1.2796447488398535 -1.4896634142378613 0 1.8026219018607545 1.0679851631209945 OK 12 11 0.26007200000000003 0.20849699999999999 0.081069000000000002 0.17791699999999999 0.121362 0 0.082155000000000034 0.08713499999999999 0.081069000000000002 0.0085660000000000007 0.0088159999999999992 0.0081329999999999996 0.055515000000000002 0.059818000000000024 0.055279999999999996 0.002911 0.0031689999999999999 0.002862 0.00069400000000000017 0.00078799999999999986 0.0007319999999999999 1.0679851491594106 1.0679851491594106 1.0679851491594106 0.00038506753589541101 0.00038506753589541101 0.00038506753589541101 1 1 1 Converged Converged Converged OK OK OK 66 66 66 66 66 66 6 6 6 0 0 0 0 1 0 0 1
109 109 uniform 3 15 1098 2 0.001 1.3948570920201659 0.28926785407699351 0.9464992032512608 -1.4155895635486322 1.2796447488398535 -1.3579765685681207 0 1.6709350561910139 1.0784398113001095 OK 12 11 0.25990799999999997 0.206237 0.075296000000000002 0.18341199999999999 0.12708800000000001 0 0.076495999999999981 0.079148999999999997 0.075296000000000002 0.0087069999999999995 0.0087939999999999997 0.0080719999999999993 0.053301000000000001 0.055502999999999997 0.053225999999999989 0.0022209999999999999 0.0023530000000000001 0.0022819999999999997 0.00055999999999999995 0.00063999999999999994 0.00058200000000000005 1.0784406873781314 1.0784406873781314 1.0784406873781314 0.00098306795169351069 0.00098306795169351069 0.00098306795169351069 1 1 1 Converged Converged Converged OK OK OK 58 58 58 58 58 58 6 6 6 0 0 0 0 1 0 0 1
109 109 uniform 3 23 1098 3 0.001 1.3948570920201659 0.28926785407699351 0.9464992032512608 -1.4155895635486322 1.2796447488398535 -1.22628972289838 0 1.5392482105212733 1.0904270750998051 OK 12 11 0.266509 0.20563300000000001 0.073110999999999995 0.189835 0.12872 0 0.076673999999999992 0.076913000000000009 0.073110999999999995 0.0089029999999999995 0.0087049999999999992 0.0079950000000000004 0.053104000000000012 0.053669999999999995 0.051236999999999998 0.0022990000000000003 0.0023010000000000001 0.0021810000000000002 0.00058500000000000002 0.00056500000000000007 0.00054299999999999997 1.0904271233317027 1.0904271233317027 1.0904271233317027 0.00070029990821390711 0.00070029990821390711 0.00070029990821390711 1 1 1 Converged Converged Converged OK OK OK 58 58 58 58 58 58 6 6 6 0 0 0 0 1 0 0 1
109 109 uniform 3 0 1098 0 0.0001 1.3948570920201659 0.28926785407699351 0.9464992032512608 -1.4155895635486322 1.2796447488398535 -1.6048894041988844 0 1.9178478918217776 1.0599520600621184 OK 12 11 0.30243700000000001 0.300846 0.116774 0.18235399999999999 0.18155499999999999 0 0.12008300000000002 0.11929100000000001 0.116774 0.009757 0.0097529999999999995 0.0092370000000000004 0.077639 0.077544000000000002 0.076127000000000028 0.0043419999999999995 0.0042709999999999996 0.0043049999999999998 0.0011530000000000002 0.0011950000000000001 0.0010650000000000002 1.0599520426174152 1.0599520426174152 1.0599520426174152 4.9231802860906626e-05 4.9231802860906626e-05 4.9231802860906626e-05 1 1 1 Converged Converged Converged OK OK OK 90 90 90 90 90 90 6 6 6 0 0 0 0 0 1 0 0
109 109 uniform 3 7 1098 1 0.0001 1.3948570920201659 0.28926785407699351 0.9464992032512608 -1.4155895635486322 1.2796447488398535 -1.4896634142378613 0 1.8026219018607545 1.0679851631209945 OK 12 11 0.287746 0.22548499999999999 0.10566 0.177678 0.115623 0 0.110068 0.10986199999999999 0.10566 0.0086800000000000002 0.0087290000000000006 0.0083029999999999996 0.074858999999999995 0.076523999999999995 0.072847999999999996 0.0049680000000000002 0.0040749999999999996 0.0041480000000000006 0.0011149999999999999 0.00097500000000000006 0.001008 1.0679851519230257 1.0679851519230257 1.0679851519230257 2.7027057176156273e-05 2.7027057176156273e-05 2.7027057176156273e-05 1 1 1 Converged Converged Converged OK OK OK 90 90 90 90 90 90 6 6 6 0 0 0 0 1 0 0 1
109 109 uniform 3 15 1098 2 0.0001 1.3948570920201659 0.28926785407699351 0.9464992032512608 -1.4155895635486322 1.2796447488398535 -1.3579765685681207 0 1.6709350561910139 1.0784398113001095 OK 12 11 0.298487 0.241257 0.10817 0.18865499999999999 0.12731700000000001 0 0.10983200000000001 0.11393999999999999 0.10817 0.0085869999999999991 0.0088649999999999996 0.0081290000000000008 0.078017000000000045 0.081804000000000029 0.077580999999999997 0.0038649999999999999 0.0039840000000000006 0.0037080000000000004 0.00098299999999999993 0.001005 0.00096800000000000011 1.0784397796226577 1.0784397796226577 1.0784397796226577 9.6622714505404276e-05 9.6622714505404276e-05 9.6622714505404276e-05 1 1 1 Converged Converged Converged OK OK OK 90 90 90 90 90 90 6 6 6 0 0 0 0 1 0 0 1
109 109 uniform 3 23 1098 3 0.0001 1.3948570920201659 0.28926785407699351 0.9464992032512608 -1.4155895635486322 1.2796447488398535 -1.22628972289838 0 1.5392482105212733 1.0904270750998051 OK 12 11 0.30716399999999999 0.25700000000000001 0.115676 0.18781600000000001 0.12992100000000001 0 0.11934799999999998 0.127079 0.115676 0.0087329999999999994 0.0087250000000000001 0.0080719999999999993 0.083745000000000042 0.092156999999999989 0.082381000000000024 0.0046420000000000003 0.00428 0.0040390000000000001 0.0011749999999999998 0.0011659999999999999 0.0010759999999999999 1.0904269918754632 1.0904269918754632 1.0904269918754632 7.5591670106114236e-05 7.5591670106114236e-05 7.5591670106114236e-05 1 1 1 Converged Converged Converged OK OK OK 98 98 98 98 98 98 6 6 6 0 0 0 0 1 0 0 1
109 109 uniform 4 0 1099 0 0.001 1.3948570920201659 0.28926785407699351 0.9464992032512608 -2.1569913361018993 1.19805586705012 -2.3462911767521515 0 2.6592496643750447 1.0280785810495532 OK 12 11 0.280663 0.27994200000000002 0.078256999999999993 0.200902 0.200571 0 0.079760999999999999 0.079371000000000025 0.078256999999999993 0.0094000000000000004 0.0095650000000000006 0.0090589999999999993 0.053455000000000009 0.053447999999999982 0.052707999999999991 0.0022729999999999998 0.002124 0.0022290000000000001 0.00053000000000000009 0.00051900000000000004 0.00057200000000000003 1.0280781555263279 1.0280781555263279 1.0280781555263279 0.00085872135020309179 0.00085872135020309179 0.00085872135020309179 1 1 1 Converged Converged Converged OK OK OK 51 51 51 51 51 51 5 5 5 0 0 0 0 0 1 0 0
109 109 uniform 4 7 1099 1 0.001 1.3948570920201659 0.28926785407699351 0.9464992032512608 -2.1569913361018993 1.19805586705012 -2.2310651867911284 0 2.5440236744140217 1.0320959817633002 OK 12 11 0.27148600000000001 0.20013600000000001 0.069306999999999994 0.200545 0.12557699999999999 0 0.070941000000000004 0.074559000000000014 0.069306999999999994 0.0085290000000000001 0.0086009999999999993 0.0079000000000000008 0.048168999999999983 0.051771000000000011 0.047923999999999994 0.002117 0.002196 0.0021099999999999999 0.00055600000000000007 0.00058799999999999998 0.00054600000000000004 1.0320953550804273 1.0320953550804273 1.0320953550804273 0.00086708283415818949 0.00086708283415818949 0.00086708283415818949 1 1 1 Converged Converged Converged OK OK OK 51 51 51 51 51 51 5 5 5 0 0 0 0 1 0 0 1
109 109 uniform 4 15 1099 2 0.001 1.3948570920201659 0.28926785407699351 0.9464992032512608 -2.1569913361018993 1.19805586705012 -2.0993783411213878 0 2.412336828744281 1.0374238802174724 OK 12 11 0.26603700000000002 0.20655200000000001 0.069097000000000006 0.195244 0.13031100000000001 0 0.070793000000000023 0.076241000000000003 0.069097000000000006 0.0083730000000000002 0.0083529999999999993 0.0078810000000000009 0.048250999999999995 0.053954999999999996 0.047844999999999985 0.0022310000000000003 0.0021740000000000002 0.0020799999999999998 0.00051899999999999993 0.00054199999999999995 0.00052000000000000006 1.0374230835613214 1.0374230835613214 1.0374230835613214 0.0009446987344207961 0.0009446987344207961 0.0009446987344207961 1 1 1 Converged Converged Converged OK OK OK 51 51 51 51 51 51 5 5 5 0 0 0 0 1 0 0 1
109 109 uniform 4 23 1099 3 0.001 1.3948570920201659 0.28926785407699351 0.9464992032512608 -2.1569913361018993 1.19805586705012 -1.9676914954516471 0 2.2806499830745404 1.0436469122794425 OK 12 11 0.27878500000000001 0.21676200000000001 0.078525999999999999 0.19755700000000001 0.13123099999999999 0 0.081227999999999995 0.085531000000000024 0.078525999999999999 0.0087170000000000008 0.0088850000000000005 0.0080490000000000006 0.055803000000000005 0.059983000000000015 0.055032999999999992 0.002496 0.0027629999999999998 0.0023689999999999996 0.00067100000000000005 0.00060300000000000002 0.00054699999999999996 1.0436459507793789 1.0436459507793789 1.0436459507793789 0.001003435694555109 0.001003435694555109 0.001003435694555109 1 1 1 Converged Converged Converged OK OK OK 58 58 58 58 58 58 6 6 6 0 0 0 0 1 0 0 1
109 109 uniform 4 0 1099 0 0.0001 1.3948570920201659 0.28926785407699351 0.9464992032512608 -2.1569913361018993 1.19805586705012 -2.3462911767521515 0 2.6592496643750447 1.0280785810495532 OK 12 11 0.31820300000000001 0.31535200000000002 0.116937 0.20086399999999999 0.19806699999999999 0 0.11733900000000003 0.11728500000000003 0.116937 0.0095250000000000005 0.0096570000000000007 0.0093900000000000008 0.078517000000000017 0.079072000000000031 0.078183000000000002 0.0039020000000000001 0.0039249999999999997 0.0040569999999999998 0.0010189999999999999 0.0010460000000000001 0.001026 1.0280785734829365 1.0280785734829365 1.0280785734829365 1.1577042505198567e-05 1.1577042505198567e-05 1.1577042505198567e-05 1 1 1 Converged Converged Converged OK OK OK 83 83 83 83 83 83 5 5 5 0 0 0 0 0 1 0 0
109 109 uniform 4 7 1099 1 0.0001 1.3948570920201659 0.28926785407699351 0.9464992032512608 -2.1569913361018993 1.19805586705012 -2.2310651867911284 0 2.5440236744140217 1.0320959817633002 OK 12 11 0.30456 0.235652 0.107754 0.19815099999999999 0.12576100000000001 0 0.106409 0.10989099999999999 0.107754 0.0084360000000000008 0.0085730000000000008 0.00911 0.074531000000000014 0.07783499999999996 0.075482999999999981 0.003797 0.0038909999999999995 0.003761 0.001075 0.0010719999999999998 0.0010039999999999999 1.0320959741714062 1.0320959741714062 1.0320959741714062 2.6481800512271965e-05 2.6481800512271965e-05 2.6481800512271965e-05 1 1 1 Converged Converged Converged OK OK OK 83 83 83 83 83 83 5 5 5 0 0 0 0 1 0 0 1
109 109 uniform 4 15 1099 2 0.0001 1.3948570920201659 0.28926785407699351 0.9464992032512608 -2.1569913361018993 1.19805586705012 -2.0993783411213878 0 2.412336828744281 1.0374238802174724 OK 12 11 0.300676 0.242144 0.100665 0.19520799999999999 0.131408 0 0.10546800000000001 0.110736 0.100665 0.0084030000000000007 0.0086429999999999996 0.0078569999999999994 0.073827999999999977 0.077272000000000007 0.070164999999999977 0.0037830000000000003 0.0047720000000000002 0.0037149999999999996 0.00089700000000000001 0.0010999999999999998 0.00091399999999999988 1.0374238714477615 1.0374238714477615 1.0374238714477615 6.2768601534992112e-05 6.2768601534992112e-05 6.2768601534992112e-05 1 1 1 Converged Converged Converged OK OK OK 83 83 83 83 83 83 5 5 5 0 0 0 0 1 0 0 1
109 109 uniform 4 23 1099 3 0.0001 1.3948570920201659 0.28926785407699351 0.9464992032512608 -2.1569913361018993 1.19805586705012 -1.9676914954516471 0 2.2806499830745404 1.0436469122794425 OK 12 11 0.31259700000000001 0.25186700000000001 0.113915 0.197272 0.13159499999999999 0 0.11532500000000001 0.12027200000000002 0.113915 0.0087510000000000001 0.0086689999999999996 0.0081370000000000001 0.080767999999999993 0.084404999999999966 0.080391999999999977 0.0041120000000000002 0.0044880000000000007 0.0040959999999999998 0.001052 0.0011950000000000001 0.00097500000000000006 1.0436469125823427 1.0436469125823427 1.0436469125823427 3.3879322903285245e-05 3.3879322903285245e-05 3.3879322903285245e-05 1 1 1 Converged Converged Converged OK OK OK 90 90 90 90 90 90 6 6 6 0 0 0 0 1 0 0 1
110 110 linear 0 0 1100 0 0.001 3.9493694830676231 0.0067375389033353149 0.0041512791009190959 0.025225007225629075 -0.0016933774169499121 0.024394751405445256 0.5 0.0020361995699194717 479.64870875550685 OK 14 13 0.80496299999999998 0.79472699999999996 0.27150200000000002 0.52085300000000001 0.51871100000000003 0 0.28410999999999997 0.27601599999999993 0.27150200000000002 0.0077429999999999999 0.0076530000000000001 0.0078220000000000008 0.236843 0.23091899999999996 0.22573299999999996 0.0061089999999999998 0.0052180000000000004 0.0052379999999999996 0.0013929999999999999 0.0014430000000000003 0.0014479999999999996 479.6514160322136 479.6514160322136 479.6514160322136 0.10419279387687905 0.10419279387687905 0.10419279387687905 1 1 1 Converged Converged Converged OK OK OK 112 112 112 112 112 112 8 8 8 0 0 0 0 0 1 0 0
110 110 linear 0 7 1100 1 0.001 3.9493694830676231 0.0067375389033353149 0.0041512791009190959 0.025225007225629075 -0.0016933774169499121 0.024900124513383234 0.5 0.0015308264619814937 480.60947904975751 OK 14 13 0.766629 0.72087999999999997 0.24385100000000001 0.51366400000000001 0.37421900000000002 0 0.252965 0.34666099999999994 0.24385100000000001 0.0067369999999999999 0.0066810000000000003 0.0059930000000000001 0.22103400000000004 0.31549099999999997 0.21435499999999996 0.0053179999999999998 0.0048139999999999997 0.0045330000000000006 0.0010369999999999999 0.0010009999999999999 0.00097099999999999986 480.61084767672639 480.61084767672639 480.61084767672639 0.46987071395815361 0.46987071395815361 0.46987071395815361 1 1 1 Converged Converged Converged OK OK OK 105 105 105 105 105 105 7 7 7 0 0 0 0 1 0 0 1
110 110 linear 0 15 1100 2 0.001 3.9493694830676231 0.0067375389033353149 0.0041512791009190959 0.025225007225629075 -0.0016933774169499121 0.025477693779598062 0.5 0.00095325719576666579 474.75199514955881 OK 14 13 0.75723499999999999 0.70586700000000002 0.24576999999999999 0.50742900000000002 0.375641 0 0.24980599999999997 0.33022600000000002 0.24576999999999999 0.0063150000000000003 0.0065750000000000001 0.0057270000000000003 0.21993899999999983 0.298788 0.21690200000000007 0.00447 0.0050359999999999997 0.0043360000000000004 0.00096000000000000002 0.001003 0.00099600000000000014 474.75398072304034 474.75398072304034 474.75398072304034 0.46961910640683086 0.46961910640683086 0.46961910640683086 1 1 1 Converged Converged Converged OK OK OK 105 105 105 105 105 105 7 7 7 0 0 0 0 1 0 0 1
110 110 linear 0 23 1100 3 0.001 3.9493694830676231 0.0067375389033353149 0.0041512791009190959 0.025225007225629075 -0.0016933774169499121 0.026055263045812894 0.5 0.00037568792955183436 461.34582300088226 OK 13 12 0.78090400000000004 0.72991600000000001 0.26074799999999998 0.51132699999999998 0.372419 0 0.26957700000000007 0.35749700000000001 0.26074799999999998 0.0068970000000000004 0.0069670000000000001 0.0062110000000000004 0.23378499999999994 0.32180699999999995 0.22744700000000004 0.0054389999999999994 0.0054549999999999998 0.0048980000000000004 0.0011410000000000001 0.0012059999999999998 0.0011200000000000001 461.347930629762 461.347930629762 461.347930629762 0.025204993937761738 0.025204993937761738 0.025204993937761738 1 1 1 Converged Converged Converged OK OK OK 113 113 113 113 113 113 7 7 7 0 0 0 0 1 0 0 1
110 110 linear 0 0 1100 0 0.0001 3.9493694830676231 0.0067375389033353149 0.0041512791009190959 0.025225007225629075 -0.0016933774169499121 0.024394751405445256 0.5 0.0020361995699194717 479.64870875550685 OK 14 13 0.83608199999999999 0.82594699999999999 0.304734 0.52092499999999997 0.52391200000000004 0 0.31515700000000002 0.30203499999999994 0.304734 0.0076880000000000004 0.0074599999999999996 0.0076519999999999999 0.26324900000000001 0.25232999999999994 0.25184999999999991 0.0068810000000000008 0.0054800000000000005 0.0059090000000000002 0.0015820000000000001 0.0015690000000000001 0.0016099999999999999 479.65171031684872 479.65171031684872 479.65171031684872 0.022772809427806701 0.022772809427806701 0.022772809427806701 1 1 1 Converged Converged Converged OK OK OK 128 128 128 128 128 128 8 8 8 0 0 0 0 0 1 0 0
110 110 linear 0 7 1100 1 0.0001 3.9493694830676231 0.0067375389033353149 0.0041512791009190959 0.025225007225629075 -0.0016933774169499121 0.024900124513383234 0.5 0.0015308264619814937 480.60947904975751 OK 14 13 0.78730599999999995 0.73940099999999997 0.26178299999999999 0.51669399999999999 0.37268600000000002 0 0.27061199999999996 0.36671499999999996 0.26178299999999999 0.0065160000000000001 0.0065030000000000001 0.0060639999999999999 0.23740999999999998 0.33310100000000004 0.22992999999999997 0.0049309999999999996 0.0051089999999999998 0.0048829999999999993 0.0011259999999999998 0.0011879999999999998 0.0011020000000000001 480.61177303982373 480.61177303982373 480.61177303982373 0.025195968146110213 0.025195968146110213 0.025195968146110213 1 1 1 Converged Converged Converged OK OK OK 113 113 113 113 113 113 7 7 7 0 0 0 0 1 0 0 1
110 110 linear 0 15 1100 2 0.0001 3.9493694830676231 0.0067375389033353149 0.0041512791009190959 0.025225007225629075 -0.0016933774169499121 0.025477693779598062 0.5 0.00095325719576666579 474.75199514955881 OK 14 13 0.77971199999999996 0.71948299999999998 0.263571 0.51084799999999997 0.37072699999999997 0 0.26886399999999999 0.34875600000000001 0.263571 0.006535 0.0064050000000000001 0.0058380000000000003 0.23491000000000009 0.31608400000000003 0.23237700000000008 0.005359 0.0048129999999999996 0.0047109999999999999 0.0011670000000000001 0.00108 0.001072 474.75490549128631 474.75490549128631 474.75490549128631 0.02519987201385732 0.02519987201385732 0.02519987201385732 1 1 1 Converged Converged Converged OK OK OK 113 113 113 113 113 113 7 7 7 0 0 0 0 1 0 0 1
110 110 linear 0 23 1100 3 0.0001 3.9493694830676231 0.0067375389033353149 0.0041512791009190959 0.025225007225629075 -0.0016933774169499121 0.026055263045812894 0.5 0.00037568792955183436 461.34582300088226 OK 13 12 0.78000199999999997 0.72352300000000003 0.26900600000000002 0.50953899999999996 0.36980400000000002 0 0.27046300000000001 0.35371900000000001 0.26900600000000002 0.0067860000000000004 0.0066909999999999999 0.0061440000000000002 0.23734099999999994 0.32117699999999993 0.23182900000000015 0.0049129999999999998 0.0048830000000000002 0.0058409999999999998 0.0011150000000000001 0.0010809999999999999 0.0010840000000000003 461.347930629762 461.347930629762 461.347930629762 0.025204993937761738 0.025204993937761738 0.025204993937761738 1 1 1 Converged Converged Converged OK OK OK 113 113 113 113 113 113 7 7 7 0 0 0 0 1 0 0 1
110 110 linear 1 0 1101 0 0.001 3.9493694830676231 0.0067375389033353149 0.0041512791009190959 -3.674746980592738 -0.0070527276009141821 -3.6755772364129218 0.5 3.7020081873882864 9.9227697548610099 OK 14 13 0.572712 0.56569499999999995 0.157306 0.41609200000000002 0.41305799999999998 0 0.15661999999999998 0.15263699999999997 0.157306 0.012357999999999999 0.012331999999999999 0.013162999999999999 0.11652800000000001 0.11378199999999999 0.116339 0.0038120000000000003 0.0034659999999999999 0.0038529999999999992 0.00085499999999999986 0.00082799999999999996 0.00087299999999999997 9.9227944628573557 9.9227944628573557 9.9227944628573557 0.0093928107771413007 0.0093928107771413007 0.0093928107771413007 1 1 1 Converged Converged Converged OK OK OK 80 80 80 80 80 80 8 8 8 0 0 0 0 0 1 0 0
110 110 linear 1 7 1101 1 0.001 3.9493694830676231 0.0067375389033353149 0.0041512791009190959 -3.674746980592738 -0.0070527276009141821 -3.6750718633049839 0.5 3.7015028142803486 11.573217357875267 OK 14 13 0.522756 0.40866200000000003 0.163795 0.35783100000000001 0.236924 0 0.16492499999999999 0.17173800000000003 0.163795 0.011259999999999999 0.011264 0.01183 0.12866499999999995 0.135379 0.12733899999999998 0.0042460000000000006 0.0040959999999999998 0.004176 0.000901 0.001029 0.0010020000000000001 11.573191106120412 11.573191106120412 11.573191106120412 0.0074492306891199983 0.0074492306891199983 0.0074492306891199983 1 1 1 Converged Converged Converged OK OK OK 88 88 88 88 88 88 8 8 8 0 0 0 0 1 0 0 1
110 110 linear 1 15 1101 2 0.001 3.9493694830676231 0.0067375389033353149 0.0041512791009190959 -3.674746980592738 -0.0070527276009141821 -3.674494294038769 0.5 3.7009252450141337 13.709318507931526 OK 14 13 0.540551 0.40188600000000002 0.18510699999999999 0.343831 0.208256 0 0.19672000000000001 0.19363000000000002 0.18510699999999999 0.011155 0.011294999999999999 0.010475 0.16216400000000006 0.15956100000000004 0.15225799999999992 0.0040930000000000003 0.0039979999999999998 0.0039350000000000001 0.00097100000000000007 0.00096000000000000002 0.00089400000000000005 13.709359718200462 13.709359718200462 13.709359718200462 0.010954523091392795 0.010954523091392795 0.010954523091392795 1 1 1 Converged Converged Converged OK OK OK 88 88 88 88 88 88 8 8 8 0 0 0 0 1 0 0 1
110 110 linear 1 23 1101 3 0.001 3.9493694830676231 0.0067375389033353149 0.0041512791009190959 -3.674746980592738 -0.0070527276009141821 -3.6739167247725542 0.5 3.7003476757479188 15.187875411604621 OK 14 13 0.52943099999999998 0.406665 0.19783400000000001 0.32146200000000003 0.19309499999999999 0 0.20796899999999996 0.21357000000000001 0.19783400000000001 0.011204 0.011172 0.010463 0.17388200000000004 0.17230199999999998 0.16484000000000004 0.0038119999999999999 0.0040489999999999996 0.0039789999999999999 0.00095399999999999999 0.00092200000000000008 0.00091 15.187928217747867 15.187928217747867 15.187928217747867 0.0090227556809649393 0.0090227556809649393 0.0090227556809649393 1 1 1 Converged Converged Converged OK OK OK 88 88 88 88 88 88 8 8 8 0 0 0 0 1 0 0 1
110 110 linear 1 0 1101 0 0.0001 3.9493694830676231 0.0067375389033353149 0.0041512791009190959 -3.674746980592738 -0.0070527276009141821 -3.6755772364129218 0.5 3.7020081873882864 9.9227697548610099 OK 14 13 0.65797600000000001 0.64785599999999999 0.23224500000000001 0.42214400000000002 0.41391 0 0.23583199999999999 0.23394599999999999 0.23224500000000001 0.012257000000000001 0.01272 0.011789000000000001 0.17535600000000012 0.17210400000000003 0.17136299999999999 0.0065449999999999996 0.0071839999999999994 0.0070379999999999991 0.00141 0.001565 0.0014660000000000003 9.9227839253784449 9.9227839253784449 9.9227839253784449 0.00062257563982459781 0.00062257563982459781 0.00062257563982459781 1 1 1 Converged Converged Converged OK OK OK 128 128 128 128 128 128 8 8 8 0 0 0 0 0 1 0 0
110 110 linear 1 7 1101 1 0.0001 3.9493694830676231 0.0067375389033353149 0.0041512791009190959 -3.674746980592738 -0.0070527276009141821 -3.6750718633049839 0.5 3.7015028142803486 11.573217357875267 OK 14 13 0.58027799999999996 0.47058800000000001 0.21290700000000001 0.35909999999999997 0.24546699999999999 0 0.22117799999999999 0.22512100000000002 0.21290700000000001 0.011259999999999999 0.011365999999999999 0.01056 0.17444299999999999 0.17734800000000006 0.16719800000000001 0.0064800000000000005 0.0070039999999999998 0.0068140000000000006 0.0014009999999999999 0.001485 0.001451 11.573191139827353 11.573191139827353 11.573191139827353 0.0010940470929719796 0.0010940470929719796 0.0010940470929719796 1 1 1 Converged Converged Converged OK OK OK 128 128 128 128 128 128 8 8 8 0 0 0 0 1 0 0 1
110 110 linear 1 15 1101 2 0.0001 3.9493694830676231 0.0067375389033353149 0.0041512791009190959 -3.674746980592738 -0.0070527276009141821 -3.674494294038769 0.5 3.7009252450141337 13.709318507931526 OK 14 13 0.62601899999999999 0.49622500000000003 0.26960000000000001 0.348966 0.20613400000000001 0 0.27705299999999999 0.29009099999999999 0.26960000000000001 0.011476999999999999 0.011540999999999999 0.010524 0.22536799999999996 0.23802199999999998 0.22082999999999994 0.0075459999999999998 0.0075910000000000005 0.0067750000000000006 0.0016030000000000003 0.0016909999999999998 0.001557 13.709371993470496 13.709371993470496 13.709371993470496 0.00077457192838144078 0.00077457192838144078 0.00077457192838144078 1 1 1 Converged Converged Converged OK OK OK 136 136 136 136 136 136 8 8 8 0 0 0 0 1 0 0 1
110 110 linear 1 23 1101 3 0.0001 3.9493694830676231 0.0067375389033353149 0.0041512791009190959 -3.674746980592738 -0.0070527276009141821 -3.6739167247725542 0.5 3.7003476757479188 15.187875411604621 OK 14 13 0.58468500000000001 0.464175 0.25337999999999999 0.32258799999999999 0.19784199999999999 0 0.26209700000000002 0.26633300000000004 0.25337999999999999 0.011358999999999999 0.011492 0.010555 0.21578100000000003 0.21897399999999995 0.20841599999999999 0.0061740000000000007 0.0068670000000000007 0.0061879999999999991 0.001408 0.0014499999999999999 0.0014649999999999999 15.187927879435369 15.187927879435369 15.187927879435369 0.0014392334639922258 0.0014392334639922258 0.0014392334639922258 1 1 1 Converged Converged Converged OK OK OK 128 128 128 128 128 128 8 8 8 0 0 0 0 1 0 0 1
110 110 linear 2 0 1102 0 0.001 3.9493694830676231 0.0067375389033353149 0.0041512791009190959 -3.6610751580038161 -0.005154206369788192 -3.6619054138239999 0.5 3.6883363647993646 5.4305136876340336 OK 13 12 0.44358399999999998 0.444021 0.106137 0.33498699999999998 0.33651500000000001 0 0.108597 0.10750599999999999 0.106137 0.0089510000000000006 0.0090500000000000008 0.0086929999999999993 0.081233000000000014 0.079748999999999959 0.079305999999999988 0.002758 0.0028380000000000002 0.0027660000000000002 0.000571 0.00056400000000000005 0.00054500000000000002 5.4305073694781951 5.4305073694781951 5.4305073694781951 0.0030002506465554111 0.0030002506465554111 0.0030002506465554111 1 1 1 Converged Converged Converged OK OK OK 53 53 53 53 53 53 3 3 3 0 0 0 0 0 1 0 0
110 110 linear 2 7 1102 1 0.001 3.9493694830676231 0.0067375389033353149 0.0041512791009190959 -3.6610751580038161 -0.005154206369788192 -3.6614000407160621 0.5 3.6878309916914267 5.4304276945339884 OK 13 12 0.56491499999999994 0.44487300000000002 0.10664700000000001 0.45495200000000002 0.32515699999999997 0 0.10996299999999992 0.11971600000000004 0.10664700000000001 0.0082249999999999997 0.0083210000000000003 0.007731 0.085207999999999978 0.094962999999999992 0.082830999999999974 0.0027409999999999999 0.0027819999999999998 0.0027309999999999999 0.00055699999999999999 0.000562 0.000531 5.4304213677665167 5.4304213677665167 5.4304213677665167 0.0029650035747528793 0.0029650035747528793 0.0029650035747528793 1 1 1 Converged Converged Converged OK OK OK 53 53 53 53 53 53 3 3 3 0 0 0 0 1 0 0 1
110 110 linear 2 15 1102 2 0.001 3.9493694830676231 0.0067375389033353149 0.0041512791009190959 -3.6610751580038161 -0.005154206369788192 -3.6608224714498472 0.5 3.6872534224252118 5.4352182577025223 OK 13 12 0.416296 0.296601 0.10104 0.309834 0.18300900000000001 0 0.106462 0.113592 0.10104 0.0082089999999999993 0.0082410000000000001 0.0077850000000000003 0.08145100000000001 0.08900199999999997 0.077410999999999994 0.0027049999999999999 0.0027989999999999998 0.0026919999999999999 0.00056000000000000006 0.00057900000000000009 0.00053399999999999997 5.4352119653659035 5.4352119653659035 5.4352119653659035 0.0029217058645938966 0.0029217058645938966 0.0029217058645938966 1 1 1 Converged Converged Converged OK OK OK 53 53 53 53 53 53 3 3 3 0 0 0 0 1 0 0 1
110 110 linear 2 23 1102 3 0.001 3.9493694830676231 0.0067375389033353149 0.0041512791009190959 -3.6610751580038161 -0.005154206369788192 -3.6602449021836323 0.5 3.6866758531589969 5.4427691128364808 OK 13 12 0.42616900000000002 0.29298600000000002 0.10452500000000001 0.31758399999999998 0.17748900000000001 0 0.10858500000000004 0.11549700000000002 0.10452500000000001 0.0083059999999999991 0.0081679999999999999 0.0076759999999999997 0.083405000000000021 0.090715999999999977 0.080870999999999957 0.0027680000000000001 0.0029919999999999999 0.0027139999999999998 0.00059699999999999998 0.00055900000000000004 0.00052499999999999997 5.4427625852343109 5.4427625852343109 5.4427625852343109 0.0028762412367864874 0.0028762412367864874 0.0028762412367864874 1 1 1 Converged Converged Converged OK OK OK 53 53 53 53 53 53 3 3 3 0 0 0 0 1 0 0 1
110 110 linear 2 0 1102 0 0.0001 3.9493694830676231 0.0067375389033353149 0.0041512791009190959 -3.6610751580038161 -0.005154206369788192 -3.6619054138239999 0.5 3.6883363647993646 5.4305136876340336 OK 13 12 0.49430600000000002 0.49315999999999999 0.158058 0.33233299999999999 0.33359 0 0.16197300000000003 0.15956999999999999 0.158058 0.0089960000000000005 0.0091760000000000001 0.0086569999999999998 0.12537300000000004 0.12282899999999999 0.12216999999999999 0.0041160000000000007 0.004156 0.004117 0.00081200000000000011 0.00081499999999999997 0.00078899999999999999 5.4305108489648015 5.4305108489648015 5.4305108489648015 7.194049842426062e-06 7.194049842426062e-06 7.194049842426062e-06 1 1 1 Converged Converged Converged OK OK OK 77 77 77 77 77 77 3 3 3 0 0 0 0 0 1 0 0
110 110 linear 2 7 1102 1 0.0001 3.9493694830676231 0.0067375389033353149 0.0041512791009190959 -3.6610751580038161 -0.005154206369788192 -3.6614000407160621 0.5 3.6878309916914267 5.4304276945339884 OK 13 12 0.618058 0.50068299999999999 0.160276 0.45288499999999998 0.32104199999999999 0 0.16517300000000001 0.179641 0.160276 0.0081630000000000001 0.0083929999999999994 0.0076959999999999997 0.13309800000000005 0.14750100000000005 0.12930900000000001 0.0040150000000000003 0.0039919999999999999 0.003908 0.00080400000000000014 0.000794 0.00078199999999999993 5.4304248474620458 5.4304248474620458 5.4304248474620458 7.2442673043505321e-06 7.2442673043505321e-06 7.2442673043505321e-06 1 1 1 Converged Converged Converged OK OK OK 77 77 77 77 77 77 3 3 3 0 0 0 0 1 0 0 1
110 110 linear 2 15 1102 2 0.0001 3.9493694830676231 0.0067375389033353149 0.0041512791009190959 -3.6610751580038161 -0.005154206369788192 -3.6608224714498472 0.5 3.6872534224252118 5.4352182577025223 OK 13 12 0.47384700000000002 0.35659000000000002 0.15818499999999999 0.31073200000000001 0.179622 0 0.16311500000000001 0.17696800000000001 0.15818499999999999 0.0083490000000000005 0.0083309999999999999 0.0076439999999999998 0.13082500000000002 0.14480300000000007 0.12740800000000005 0.0041489999999999999 0.0040080000000000003 0.0039870000000000001 0.000785 0.00081700000000000002 0.00079100000000000004 5.4352154457278097 5.4352154457278097 5.4352154457278097 7.3113175891472693e-06 7.3113175891472693e-06 7.3113175891472693e-06 1 1 1 Converged Converged Converged OK OK OK 77 77 77 77 77 77 3 3 3 0 0 0 0 1 0 0 1
110 110 linear 2 23 1102 3 0.0001 3.9493694830676231 0.0067375389033353149 0.0041512791009190959 -3.6610751580038161 -0.005154206369788192 -3.6602449021836323 0.5 3.6866758531589969 5.4427691128364808 OK 13 12 0.47906599999999999 0.34993600000000002 0.155668 0.31847999999999999 0.178754 0 0.16058600000000001 0.17118200000000003 0.155668 0.0080870000000000004 0.0082850000000000007 0.0077679999999999997 0.12848999999999999 0.13927800000000001 0.12469900000000002 0.004078 0.0040099999999999997 0.0039129999999999998 0.00080200000000000009 0.00081700000000000002 0.00077899999999999996 5.4427660666165085 5.4427660666165085 5.4427660666165085 7.3845209690092305e-06 7.3845209690092305e-06 7.3845209690092305e-06 1 1 1 Converged Converged Converged OK OK OK 77 77 77 77 77 77 3 3 3 0 0 0 0 1 0 0 1
110 110 linear 3 0 1103 0 0.001 3.9493694830676231 0.0067375389033353149 0.0041512791009190959 -3.6595068405416904 -0.0059073162367788024 -3.6603370963618742 0.5 3.6867680473372388 5.0951736017142562 OK 13 12 0.420655 0.41837800000000003 0.103741 0.31407499999999999 0.31257600000000002 0 0.10658000000000001 0.10580200000000001 0.103741 0.0087720000000000003 0.0091310000000000002 0.0086140000000000001 0.079498000000000013 0.077888999999999986 0.07699700000000001 0.002715 0.0029679999999999997 0.0027799999999999999 0.00053899999999999998 0.00057299999999999994 0.00055199999999999997 5.0951674740592026 5.0951674740592026 5.0951674740592026 0.0028914538579477961 0.0028914538579477961 0.0028914538579477961 1 1 1 Converged Converged Converged OK OK OK 53 53 53 53 53 53 3 3 3 0 0 0 0 0 1 0 0
110 110 linear 3 7 1103 1 0.001 3.9493694830676231 0.0067375389033353149 0.0041512791009190959 -3.6595068405416904 -0.0059073162367788024 -3.6598317232539364 0.5 3.686262674229301 5.0829500637305607 OK 13 12 0.54874199999999995 0.42599999999999999 0.105115 0.43581700000000001 0.30476999999999999 0 0.11292499999999994 0.12123 0.105115 0.0081469999999999997 0.0082489999999999994 0.0075900000000000004 0.088228999999999988 0.096555000000000002 0.081588999999999967 0.0026979999999999999 0.0028649999999999999 0.0026769999999999997 0.00055099999999999995 0.00056700000000000001 0.000531 5.0829440071414966 5.0829440071414966 5.0829440071414966 0.0028493327786462152 0.0028493327786462152 0.0028493327786462152 1 1 1 Converged Converged Converged OK OK OK 53 53 53 53 53 53 3 3 3 0 0 0 0 1 0 0 1
110 110 linear 3 15 1103 2 0.001 3.9493694830676231 0.0067375389033353149 0.0041512791009190959 -3.6595068405416904 -0.0059073162367788024 -3.6592541539877215 0.5 3.6856851049630861 5.0697552366631671 OK 13 12 0.42414299999999999 0.29471399999999998 0.10302799999999999 0.31648199999999999 0.181223 0 0.10766100000000001 0.11349099999999998 0.10302799999999999 0.0082100000000000003 0.0082489999999999994 0.0076020000000000003 0.082873000000000016 0.088948000000000027 0.079538999999999999 0.0028019999999999998 0.0028130000000000004 0.0027409999999999999 0.00055000000000000003 0.00055699999999999999 0.00053399999999999997 5.0697492135210425 5.0697492135210425 5.0697492135210425 0.0028006054855285092 0.0028006054855285092 0.0028006054855285092 1 1 1 Converged Converged Converged OK OK OK 53 53 53 53 53 53 3 3 3 0 0 0 0 1 0 0 1
110 110 linear 3 23 1103 3 0.001 3.9493694830676231 0.0067375389033353149 0.0041512791009190959 -3.6595068405416904 -0.0059073162367788024 -3.6586765847215066 0.5 3.6851075356968712 5.0558507123876968 OK 13 12 0.40986899999999998 0.28516900000000001 0.097461000000000006 0.30699599999999999 0.177153 0 0.10287299999999999 0.108016 0.097461000000000006 0.0083300000000000006 0.0082850000000000007 0.007633 0.077443999999999999 0.082974999999999979 0.07405500000000001 0.003016 0.003075 0.002591 0.00058299999999999997 0.00058799999999999998 0.00053000000000000009 5.0558447627796275 5.0558447627796275 5.0558447627796275 0.0027517293281883962 0.0027517293281883962 0.0027517293281883962 1 1 1 Converged Converged Converged OK OK OK 53 53 53 53 53 53 3 3 3 0 0 0 0 1 0 0 1
110 110 linear 3 0 1103 0 0.0001 3.9493694830676231 0.0067375389033353149 0.0041512791009190959 -3.6595068405416904 -0.0059073162367788024 -3.6603370963618742 0.5 3.6867680473372388 5.0951736017142562 OK 13 12 0.47372199999999998 0.47025499999999998 0.15712100000000001 0.31259500000000001 0.31229699999999999 0 0.16112699999999996 0.15795799999999999 0.15712100000000001 0.0089589999999999999 0.0088559999999999993 0.0085360000000000002 0.124413 0.12171400000000002 0.12127799999999994 0.0040130000000000001 0.0040030000000000005 0.004189 0.0008160000000000001 0.00081099999999999987 0.00078300000000000006 5.095170955140258 5.095170955140258 5.095170955140258 7.0866588097004677e-06 7.0866588097004677e-06 7.0866588097004677e-06 1 1 1 Converged Converged Converged OK OK OK 77 77 77 77 77 77 3 3 3 0 0 0 0 0 1 0 0
110 110 linear 3 7 1103 1 0.0001 3.9493694830676231 0.0067375389033353149 0.0041512791009190959 -3.6595068405416904 -0.0059073162367788024 -3.6598317232539364 0.5 3.686262674229301 5.0829500637305607 OK 13 12 0.60292100000000004 0.48763699999999999 0.16234499999999999 0.43526999999999999 0.30275999999999997 0 0.16765100000000005 0.18487700000000001 0.16234499999999999 0.0082609999999999992 0.0083059999999999991 0.0076969999999999998 0.13533800000000001 0.15279099999999995 0.13145899999999999 0.0040209999999999994 0.0040219999999999995 0.0039919999999999999 0.00080500000000000005 0.00079199999999999995 0.00079199999999999995 5.0829474893256394 5.0829474893256394 5.0829474893256394 7.1083456348565277e-06 7.1083456348565277e-06 7.1083456348565277e-06 1 1 1 Converged Converged Converged OK OK OK 77 77 77 77 77 77 3 3 3 0 0 0 0 1 0 0 1
110 110 linear 3 15 1103 2 0.0001 3.9493694830676231 0.0067375389033353149 0.0041512791009190959 -3.6595068405416904 -0.0059073162367788024 -3.6592541539877215 0.5 3.6856851049630861 5.0697552366631671 OK 13 12 0.47539900000000002 0.350995 0.15177399999999999 0.31447399999999998 0.18357599999999999 0 0.16092500000000004 0.16741900000000001 0.15177399999999999 0.0082470000000000009 0.0083040000000000006 0.0076439999999999998 0.12853900000000001 0.13570199999999999 0.12086699999999999 0.0040880000000000005 0.0040419999999999996 0.0040340000000000003 0.00078599999999999991 0.00079200000000000006 0.00078100000000000001 5.0697526971686333 5.0697526971686333 5.0697526971686333 7.1443033073922048e-06 7.1443033073922048e-06 7.1443033073922048e-06 1 1 1 Converged Converged Converged OK OK OK 77 77 77 77 77 77 3 3 3 0 0 0 0 1 0 0 1
110 110 linear 3 23 1103 3 0.0001 3.9493694830676231 0.0067375389033353149 0.0041512791009190959 -3.6595068405416904 -0.0059073162367788024 -3.6586765847215066 0.5 3.6851075356968712 5.0558507123876968 OK 13 12 0.469059 0.346192 0.15286 0.31142799999999998 0.17801900000000001 0 0.15763100000000002 0.16817299999999999 0.15286 0.0083180000000000007 0.0082150000000000001 0.0077260000000000002 0.125606 0.13621799999999998 0.12210299999999996 0.004052 0.0041320000000000003 0.0039890000000000004 0.00081300000000000003 0.000803 0.00077499999999999997 5.0558482480553666 5.0558482480553666 5.0558482480553666 7.19281490782331e-06 7.19281490782331e-06 7.19281490782331e-06 1 1 1 Converged Converged Converged OK OK OK 77 77 77 77 77 77 3 3 3 0 0 0 0 1 0 0 1
110 110 linear 4 0 1104 0 0.001 3.9493694830676231 0.0067375389033353149 0.0041512791009190959 0.031202295372491425 0.0031930239161755054 0.030372039552307606 0.5 -0.0039410885769428777 162.02579079954415 OK 15 14 0.79368399999999995 0.78880700000000004 0.28887600000000002 0.50470000000000004 0.503305 0 0.28898399999999991 0.28550200000000003 0.28887600000000002 0.01504 0.015134999999999999 0.014583 0.22972999999999993 0.22589800000000004 0.226159 0.00547 0.0057659999999999994 0.0060610000000000004 0.0013079999999999999 0.0013589999999999997 0.001433 162.02615850855156 162.02615850855156 162.02615850855156 0.1509503450158414 0.1509503450158414 0.1509503450158414 1 1 1 Converged Converged Converged OK OK OK 111 111 111 111 111 111 9 9 9 0 0 0 0 0 1 0 0
110 110 linear 4 7 1104 1 0.001 3.9493694830676231 0.0067375389033353149 0.0041512791009190959 0.031202295372491425 0.0031930239161755054 0.030877412660245584 0.5 -0.0044464616848808557 150.03404481090197 OK 15 14 0.821743 0.74706300000000003 0.271422 0.54608699999999999 0.39809600000000001 0 0.27565600000000001 0.34896700000000003 0.271422 0.015419 0.015327 0.014374 0.22734000000000004 0.30038300000000007 0.22547700000000007 0.005836 0.0060369999999999998 0.0055320000000000005 0.001354 0.0014 0.0013389999999999999 150.03435314781581 150.03435314781581 150.03435314781581 0.13811608866864905 0.13811608866864905 0.13811608866864905 1 1 1 Converged Converged Converged OK OK OK 111 111 111 111 111 111 9 9 9 0 0 0 0 1 0 0 1
110 110 linear 4 15 1104 2 0.001 3.9493694830676231 0.0067375389033353149 0.0041512791009190959 0.031202295372491425 0.0031930239161755054 0.031454981926460415 0.5 -0.0050240309510956871 138.28071383691923 OK 15 14 0.79750799999999999 0.72170500000000004 0.26647599999999999 0.52510800000000002 0.38550099999999998 0 0.27239999999999998 0.33620400000000006 0.26647599999999999 0.013923 0.013972 0.012992 0.226192 0.2894940000000002 0.22186299999999998 0.0058080000000000007 0.0060340000000000003 0.005566999999999999 0.001274 0.0013030000000000001 0.0012959999999999998 138.28095698716075 138.28095698716075 138.28095698716075 0.12386105360843884 0.12386105360843884 0.12386105360843884 1 1 1 Converged Converged Converged OK OK OK 111 111 111 111 111 111 9 9 9 0 0 0 0 1 0 0 1
110 110 linear 4 23 1104 3 0.001 3.9493694830676231 0.0067375389033353149 0.0041512791009190959 0.031202295372491425 0.0031930239161755054 0.032032551192675243 0.5 -0.0056016002173105151 128.19595331828529 OK 15 14 0.71002399999999999 0.63758300000000001 0.26315300000000003 0.44026199999999999 0.309529 0 0.269762 0.32805400000000001 0.26315300000000003 0.015106 0.015204000000000001 0.014164 0.22250500000000001 0.280472 0.21763199999999996 0.0055839999999999996 0.0058029999999999991 0.0055290000000000001 0.0013969999999999998 0.0014679999999999999 0.001377 128.19613001313763 128.19613001313763 128.19613001313763 0.11116467861930147 0.11116467861930147 0.11116467861930147 1 1 1 Converged Converged Converged OK OK OK 111 111 111 111 111 111 9 9 9 0 0 0 0 1 0 0 1
110 110 linear 4 0 1104 0 0.0001 3.9493694830676231 0.0067375389033353149 0.0041512791009190959 0.031202295372491425 0.0031930239161755054 0.030372039552307606 0.5 -0.0039410885769428777 162.02579079954415 OK 15 14 0.83873600000000004 0.83478399999999997 0.32963700000000001 0.50621300000000002 0.50343099999999996 0 0.33252300000000001 0.33135300000000001 0.32963700000000001 0.015013 0.01532 0.014916 0.25957300000000011 0.25753399999999987 0.2557330000000001 0.0075920000000000015 0.0076049999999999998 0.0084950000000000008 0.0017310000000000003 0.0017160000000000001 0.0017870000000000002 162.02570297583611 162.02570297583611 162.02570297583611 0.011832059976898398 0.011832059976898398 0.011832059976898398 1 1 1 Converged Converged Converged OK OK OK 143 143 143 143 143 143 9 9 9 0 0 0 0 0 1 0 0
110 110 linear 4 7 1104 1 0.0001 3.9493694830676231 0.0067375389033353149 0.0041512791009190959 0.031202295372491425 0.0031930239161755054 0.030877412660245584 0.5 -0.0044464616848808557 150.03404481090197 OK 15 14 0.86101300000000003 0.84250999999999998 0.30782999999999999 0.54015599999999997 0.40240999999999999 0 0.32085700000000006 0.44009999999999999 0.30782999999999999 0.015216 0.015310000000000001 0.014347 0.26216500000000009 0.38158599999999987 0.25168999999999997 0.0081289999999999991 0.0079120000000000006 0.0077060000000000002 0.0017079999999999999 0.0016739999999999999 0.0016639999999999997 150.03396018654513 150.03396018654513 150.03396018654513 0.011313280349094887 0.011313280349094887 0.011313280349094887 1 1 1 Converged Converged Converged OK OK OK 143 143 143 143 143 143 9 9 9 0 0 0 0 1 0 0 1
110 110 linear 4 15 1104 2 0.0001 3.9493694830676231 0.0067375389033353149 0.0041512791009190959 0.031202295372491425 0.0031930239161755054 0.031454981926460415 0.5 -0.0050240309510956871 138.28071383691923 OK 15 14 0.84759899999999999 0.82561300000000004 0.31001400000000001 0.52671699999999999 0.38698100000000002 0 0.320882 0.43863200000000002 0.31001400000000001 0.013962 0.013833 0.013004 0.26375100000000001 0.38189599999999979 0.25566299999999986 0.0078150000000000008 0.007896000000000002 0.0074770000000000001 0.0016430000000000001 0.0016280000000000001 0.0016320000000000002 138.28064135631422 138.28064135631422 138.28064135631422 0.0099799468768288404 0.0099799468768288404 0.0099799468768288404 1 1 1 Converged Converged Converged OK OK OK 143 143 143 143 143 143 9 9 9 0 0 0 0 1 0 0 1
110 110 linear 4 23 1104 3 0.0001 3.9493694830676231 0.0067375389033353149 0.0041512791009190959 0.031202295372491425 0.0031930239161755054 0.032032551192675243 0.5 -0.0056016002173105151 128.19595331828529 OK 15 14 0.75881100000000001 0.735877 0.30412099999999997 0.44087599999999999 0.30598199999999998 0 0.31793500000000002 0.42989500000000003 0.30412099999999997 0.015311999999999999 0.015427 0.01406 0.25901099999999982 0.36867000000000016 0.24870800000000004 0.0082439999999999996 0.0093720000000000001 0.0073750000000000005 0.001787 0.0018810000000000003 0.0017229999999999997 128.19588838049782 128.19588838049782 128.19588838049782 0.0086612610429096966 0.0086612610429096966 0.0086612610429096966 1 1 1 Converged Converged Converged OK OK OK 143 143 143 143 143 143 9 9 9 0 0 0 0 1 0 0 1
110 110 uniform 0 0 1105 0 0.001 3.9493694830676231 0.0067375389033353149 0.0041512791009190959 0.025225007225629075 -0.0016933774169499121 0.024394751405445256 0 0.0020361995699194717 457.0984271345439 OK 14 13 0.72401300000000002 0.72767000000000004 0.206981 0.52141099999999996 0.52209499999999998 0 0.20260200000000006 0.20557500000000006 0.206981 0.0080800000000000004 0.0079819999999999995 0.007548 0.15716600000000008 0.16039099999999989 0.16149999999999998 0.0046910000000000007 0.0048990000000000006 0.0046760000000000005 0.0013630000000000001 0.001423 0.0013839999999999998 457.0983791152247 457.0983791152247 457.0983791152247 0.11153421216459831 0.11153421216459831 0.11153421216459831 1 1 1 Converged Converged Converged OK OK OK 112 112 112 112 112 112 8 8 8 0 0 0 0 0 1 0 0
110 110 uniform 0 7 1105 1 0.001 3.9493694830676231 0.0067375389033353149 0.0041512791009190959 0.025225007225629075 -0.0016933774169499121 0.024900124513383234 0 0.0015308264619814937 457.71442546232078 OK 14 13 0.70133500000000004 0.65980899999999998 0.182779 0.51743300000000003 0.374448 0 0.18390200000000001 0.28536099999999998 0.182779 0.0063090000000000004 0.0065319999999999996 0.0060559999999999998 0.15459000000000006 0.25456000000000012 0.15419000000000002 0.0040540000000000003 0.0044700000000000009 0.0040759999999999998 0.00092599999999999996 0.0010380000000000001 0.00096199999999999996 457.71430895663656 457.71430895663656 457.71430895663656 0.37019333168489432 0.37019333168489432 0.37019333168489432 1 1 1 Converged Converged Converged OK OK OK 105 105 105 105 105 105 7 7 7 0 0 0 0 1 0 0 1
110 110 uniform 0 15 1105 2 0.001 3.9493694830676231 0.0067375389033353149 0.0041512791009190959 0.025225007225629075 -0.0016933774169499121 0.025477693779598062 0 0.00095325719576666579 453.6698172786505 OK 14 13 0.69259700000000002 0.65274100000000002 0.18132499999999999 0.50444800000000001 0.37752200000000002 0 0.18814900000000001 0.27521899999999999 0.18132499999999999 0.0064469999999999996 0.0065310000000000003 0.0059090000000000002 0.15751700000000007 0.24449000000000004 0.15284999999999999 0.0044209999999999996 0.0042880000000000001 0.0040090000000000004 0.001029 0.00101 0.00095100000000000002 453.66968946577782 453.66968946577782 453.66968946577782 0.36997456525662459 0.36997456525662459 0.36997456525662459 1 1 1 Converged Converged Converged OK OK OK 105 105 105 105 105 105 7 7 7 0 0 0 0 1 0 0 1
110 110 uniform 0 23 1105 3 0.001 3.9493694830676231 0.0067375389033353149 0.0041512791009190959 0.025225007225629075 -0.0016933774169499121 0.026055263045812894 0 0.00037568792955183436 444.33937487707084 OK 13 12 0.69332300000000002 0.66327999999999998 0.18067 0.51023300000000005 0.37726199999999999 0 0.18308999999999997 0.28601799999999999 0.18067 0.0067080000000000004 0.0079139999999999992 0.0060039999999999998 0.15309300000000001 0.25409299999999985 0.15259900000000007 0.0042189999999999997 0.0041600000000000005 0.0039389999999999998 0.00094799999999999995 0.00099099999999999991 0.00093100000000000008 444.33920936293282 444.33920936293282 444.33920936293282 0.36974116794515421 0.36974116794515421 0.36974116794515421 1 1 1 Converged Converged Converged OK OK OK 105 105 105 105 105 105 7 7 7 0 0 0 0 1 0 0 1
110 110 uniform 0 0 1105 0 0.0001 3.9493694830676231 0.0067375389033353149 0.0041512791009190959 0.025225007225629075 -0.0016933774169499121 0.024394751405445256 0 0.0020361995699194717 457.0984271345439 OK 14 13 0.76300800000000002 0.74717199999999995 0.22298299999999999 0.53118699999999996 0.52405000000000002 0 0.23182100000000005 0.22312199999999993 0.22298299999999999 0.0078530000000000006 0.0077949999999999998 0.0076860000000000001 0.18000300000000005 0.17370900000000009 0.17370199999999994 0.0062490000000000002 0.0053829999999999998 0.0055440000000000003 0.001603 0.001436 0.0014550000000000001 457.09842637409992 457.09842637409992 457.09842637409992 0.012575288210340801 0.012575288210340801 0.012575288210340801 1 1 1 Converged Converged Converged OK OK OK 128 128 128 128 128 128 8 8 8 0 0 0 0 0 1 0 0
110 110 uniform 0 7 1105 1 0.0001 3.9493694830676231 0.0067375389033353149 0.0041512791009190959 0.025225007225629075 -0.0016933774169499121 0.024900124513383234 0 0.0015308264619814937 457.71442546232078 OK 14 13 0.71885500000000002 0.67106399999999999 0.19126699999999999 0.52438700000000005 0.37848300000000001 0 0.19446799999999997 0.29258099999999998 0.19126699999999999 0.0064689999999999999 0.0067359999999999998 0.0059420000000000002 0.16100400000000004 0.25902500000000001 0.15987200000000001 0.0052109999999999995 0.0049830000000000004 0.0045890000000000002 0.001224 0.0011909999999999998 0.0011480000000000001 457.71442597817185 457.71442597817185 457.71442597817185 0.011969658819521785 0.011969658819521785 0.011969658819521785 1 1 1 Converged Converged Converged OK OK OK 113 113 113 113 113 113 7 7 7 0 0 0 0 1 0 0 1
110 110 uniform 0 15 1105 2 0.0001 3.9493694830676231 0.0067375389033353149 0.0041512791009190959 0.025225007225629075 -0.0016933774169499121 0.025477693779598062 0 0.00095325719576666579 453.6698172786505 OK 14 13 0.70034099999999999 0.65142199999999995 0.193602 0.50427699999999998 0.37076799999999999 0 0.19606400000000002 0.28065399999999996 0.193602 0.0064679999999999998 0.0064489999999999999 0.0057990000000000003 0.16354599999999989 0.24739799999999984 0.16250700000000004 0.0046720000000000008 0.0050039999999999998 0.0046939999999999994 0.00114 0.0011969999999999999 0.0010940000000000001 453.66980641538231 453.66980641538231 453.66980641538231 0.011969352977790166 0.011969352977790166 0.011969352977790166 1 1 1 Converged Converged Converged OK OK OK 113 113 113 113 113 113 7 7 7 0 0 0 0 1 0 0 1
110 110 uniform 0 23 1105 3 0.0001 3.9493694830676231 0.0067375389033353149 0.0041512791009190959 0.025225007225629075 -0.0016933774169499121 0.026055263045812894 0 0.00037568792955183436 444.33937487707084 OK 13 12 0.70420199999999999 0.65765399999999996 0.193413 0.51068499999999994 0.37546000000000002 0 0.19351700000000005 0.28219399999999994 0.193413 0.0070280000000000004 0.006953 0.0061219999999999998 0.1601480000000001 0.24883700000000006 0.16244999999999998 0.0048700000000000002 0.004947 0.0044560000000000008 0.0011289999999999998 0.0012010000000000002 0.001075 444.33932623621831 444.33932623621831 444.33932623621831 0.011968508464402422 0.011968508464402422 0.011968508464402422 1 1 1 Converged Converged Converged OK OK OK 113 113 113 113 113 113 7 7 7 0 0 0 0 1 0 0 1
110 110 uniform 1 0 1106 0 0.001 3.9493694830676231 0.0067375389033353149 0.0041512791009190959 -3.674746980592738 -0.0070527276009141821 -3.6755772364129218 0 3.7020081873882864 10.352188846130147 OK 14 13 0.55010300000000001 0.54497799999999996 0.12959200000000001 0.418493 0.41416599999999998 0 0.13161 0.13081199999999998 0.12959200000000001 0.012298 0.012534 0.011754000000000001 0.092159000000000019 0.092161999999999966 0.091452999999999993 0.0034219999999999997 0.0034179999999999996 0.003398 0.00084900000000000015 0.00076400000000000003 0.00082200000000000003 10.352210513621671 10.352210513621671 10.352210513621671 0.0054855131262859765 0.0054855131262859765 0.0054855131262859765 1 1 1 Converged Converged Converged OK OK OK 80 80 80 80 80 80 8 8 8 0 0 0 0 0 1 0 0
110 110 uniform 1 7 1106 1 0.001 3.9493694830676231 0.0067375389033353149 0.0041512791009190959 -3.674746980592738 -0.0070527276009141821 -3.6750718633049839 0 3.7015028142803486 12.009961562579919 OK 14 13 0.49457800000000002 0.374334 0.129886 0.35871599999999998 0.23602999999999999 0 0.13586200000000004 0.13830400000000001 0.129886 0.011110999999999999 0.011251000000000001 0.010519000000000001 0.10053399999999997 0.10292200000000001 0.096211999999999978 0.0037319999999999996 0.0038929999999999998 0.0036449999999999998 0.00092800000000000001 0.00087599999999999993 0.00088299999999999989 12.009957676953139 12.009957676953139 12.009957676953139 0.0040470451067253785 0.0040470451067253785 0.0040470451067253785 1 1 1 Converged Converged Converged OK OK OK 88 88 88 88 88 88 8 8 8 0 0 0 0 1 0 0 1
110 110 uniform 1 15 1106 2 0.001 3.9493694830676231 0.0067375389033353149 0.0041512791009190959 -3.674746980592738 -0.0070527276009141821 -3.674494294038769 0 3.7009252450141337 14.048588270671214 OK 14 13 0.47129100000000002 0.33851199999999998 0.12261 0.346997 0.20784900000000001 0 0.12429400000000002 0.13066299999999997 0.12261 0.011098 0.011173000000000001 0.010421 0.092122999999999997 0.09853200000000005 0.091761999999999996 0.0033620000000000004 0.0034149999999999996 0.0033519999999999999 0.00071000000000000002 0.000718 0.00073599999999999989 14.048610586116316 14.048610586116316 14.048610586116316 0.012929910695888511 0.012929910695888511 0.012929910695888511 1 1 1 Converged Converged Converged OK OK OK 80 80 80 80 80 80 8 8 8 0 0 0 0 1 0 0 1
110 110 uniform 1 23 1106 3 0.001 3.9493694830676231 0.0067375389033353149 0.0041512791009190959 -3.674746980592738 -0.0070527276009141821 -3.6739167247725542 0 3.7003476757479188 15.228688369543484 OK 14 13 0.456509 0.333594 0.13589399999999999 0.321293 0.192553 0 0.135216 0.141041 0.13589399999999999 0.011154000000000001 0.011341 0.010422000000000001 0.10094000000000003 0.10683899999999998 0.10330000000000002 0.0037900000000000004 0.0037639999999999996 0.0036979999999999999 0.00099300000000000018 0.000977 0.00098899999999999986 15.228686678209179 15.228686678209179 15.228686678209179 0.0048575886670633875 0.0048575886670633875 0.0048575886670633875 1 1 1 Converged Converged Converged OK OK OK 88 88 88 88 88 88 8 8 8 0 0 0 0 1 0 0 1
110 110 uniform 1 0 1106 0 0.0001 3.9493694830676231 0.0067375389033353149 0.0041512791009190959 -3.674746980592738 -0.0070527276009141821 -3.6755772364129218 0 3.7020081873882864 10.352188846130147 OK 14 13 0.59918099999999996 0.59422699999999995 0.18108299999999999 0.41628900000000002 0.41162900000000002 0 0.18289199999999994 0.18259799999999993 0.18108299999999999 0.012324 0.012262 0.011575999999999999 0.12787500000000004 0.12807700000000011 0.127554 0.005659 0.0056289999999999995 0.0055229999999999993 0.001343 0.001281 0.0012700000000000001 10.35218817211514 10.35218817211514 10.35218817211514 0.00087471051912581992 0.00087471051912581992 0.00087471051912581992 1 1 1 Converged Converged Converged OK OK OK 120 120 120 120 120 120 8 8 8 0 0 0 0 0 1 0 0
110 110 uniform 1 7 1106 1 0.0001 3.9493694830676231 0.0067375389033353149 0.0041512791009190959 -3.674746980592738 -0.0070527276009141821 -3.6750718633049839 0 3.7015028142803486 12.009961562579919 OK 14 13 0.53522199999999998 0.43370999999999998 0.180141 0.35723199999999999 0.23680300000000001 0 0.17798999999999998 0.19690699999999997 0.180141 0.011153 0.011315 0.010427000000000001 0.12951799999999997 0.14550000000000002 0.13308300000000003 0.0061209999999999997 0.0061529999999999996 0.0060849999999999993 0.0013900000000000002 0.0013729999999999999 0.0013389999999999999 12.009958341018123 12.009958341018123 12.009958341018123 0.0010853473832762716 0.0010853473832762716 0.0010853473832762716 1 1 1 Converged Converged Converged OK OK OK 128 128 128 128 128 128 8 8 8 0 0 0 0 1 0 0 1
110 110 uniform 1 15 1106 2 0.0001 3.9493694830676231 0.0067375389033353149 0.0041512791009190959 -3.674746980592738 -0.0070527276009141821 -3.674494294038769 0 3.7009252450141337 14.048588270671214 OK 14 13 0.52147299999999996 0.39016800000000001 0.168235 0.34492899999999999 0.205398 0 0.17654399999999998 0.18477000000000002 0.168235 0.011339 0.01128 0.010475 0.13290299999999999 0.142404 0.12738000000000002 0.0057859999999999995 0.0054539999999999996 0.0053330000000000001 0.001317 0.0012729999999999998 0.0012879999999999999 14.048588280743747 14.048588280743747 14.048588280743747 0.0011222635719449719 0.0011222635719449719 0.0011222635719449719 1 1 1 Converged Converged Converged OK OK OK 120 120 120 120 120 120 8 8 8 0 0 0 0 1 0 0 1
110 110 uniform 1 23 1106 3 0.0001 3.9493694830676231 0.0067375389033353149 0.0041512791009190959 -3.674746980592738 -0.0070527276009141821 -3.6739167247725542 0 3.7003476757479188 15.228688369543484 OK 14 13 0.495888 0.37814999999999999 0.16872599999999999 0.32480900000000001 0.19870499999999999 0 0.17107899999999998 0.17944499999999999 0.16872599999999999 0.011185 0.011218000000000001 0.010501 0.12869400000000006 0.13719999999999999 0.12819900000000004 0.0052269999999999999 0.0053150000000000003 0.0051359999999999999 0.001372 0.0014030000000000002 0.0013929999999999999 15.228687635737888 15.228687635737888 15.228687635737888 0.00091320249753938274 0.00091320249753938274 0.00091320249753938274 1 1 1 Converged Converged Converged OK OK OK 120 120 120 120 120 120 8 8 8 0 0 0 0 1 0 0 1
110 110 uniform 2 0 1107 0 0.001 3.9493694830676231 0.0067375389033353149 0.0041512791009190959 -3.6610751580038161 -0.005154206369788192 -3.6619054138239999 0 3.6883363647993646 5.4582266639607466 OK 13 12 0.40670099999999998 0.40822599999999998 0.071471999999999994 0.33415800000000001 0.33604800000000001 0 0.072542999999999969 0.072177999999999964 0.071471999999999994 0.0089770000000000006 0.0089809999999999994 0.0086689999999999996 0.050602000000000001 0.050668999999999992 0.050188999999999984 0.0017470000000000001 0.001745 0.0017189999999999998 0.00043599999999999997 0.00044499999999999997 0.00042000000000000002 5.4582265720733689 5.4582265720733689 5.4582265720733689 0.0031397847272482621 0.0031397847272482621 0.0031397847272482621 1 1 1 Converged Converged Converged OK OK OK 37 37 37 37 37 37 3 3 3 0 0 0 0 0 1 0 0
110 110 uniform 2 7 1107 1 0.001 3.9493694830676231 0.0067375389033353149 0.0041512791009190959 -3.6610751580038161 -0.005154206369788192 -3.6614000407160621 0 3.6878309916914267 5.4602953936985648 OK 13 12 0.527447 0.40037200000000001 0.072969999999999993 0.44897399999999998 0.32009500000000002 0 0.078473000000000015 0.080276999999999987 0.072969999999999993 0.0081650000000000004 0.0082920000000000008 0.0076949999999999996 0.058658000000000009 0.060616999999999997 0.054236999999999994 0.0017710000000000002 0.0017929999999999999 0.0017360000000000001 0.00045399999999999998 0.00044699999999999997 0.000415 5.4602953372456708 5.4602953372456708 5.4602953372456708 0.0031186275536024591 0.0031186275536024591 0.0031186275536024591 1 1 1 Converged Converged Converged OK OK OK 37 37 37 37 37 37 3 3 3 0 0 0 0 1 0 0 1
110 110 uniform 2 15 1107 2 0.001 3.9493694830676231 0.0067375389033353149 0.0041512791009190959 -3.6610751580038161 -0.005154206369788192 -3.6608224714498472 0 3.6872534224252118 5.4676125960885908 OK 13 12 0.37932900000000003 0.260042 0.068305000000000005 0.30945099999999998 0.184668 0 0.069878000000000051 0.075373999999999997 0.068305000000000005 0.0082389999999999998 0.0082509999999999997 0.0076920000000000001 0.050100000000000006 0.055751000000000002 0.049570000000000003 0.0018090000000000001 0.0018050000000000002 0.001766 0.00045399999999999998 0.00042499999999999998 0.000415 5.4676125792176382 5.4676125792176382 5.4676125792176382 0.0031069164039425352 0.0031069164039425352 0.0031069164039425352 1 1 1 Converged Converged Converged OK OK OK 37 37 37 37 37 37 3 3 3 0 0 0 0 1 0 0 1
110 110 uniform 2 23 1107 3 0.001 3.9493694830676231 0.0067375389033353149 0.0041512791009190959 -3.6610751580038161 -0.005154206369788192 -3.6602449021836323 0 3.6866758531589969 5.4775678274154433 OK 13 12 0.38699499999999998 0.26048900000000003 0.070916000000000007 0.31373400000000001 0.18254400000000001 0 0.073260999999999965 0.077945000000000014 0.070916000000000007 0.0082269999999999999 0.0082710000000000006 0.0076270000000000001 0.053314999999999987 0.058559 0.052296999999999989 0.0018259999999999999 0.0018500000000000001 0.0017780000000000001 0.000446 0.00042400000000000001 0.000417 5.4775678129751944 5.4775678129751944 5.4775678129751944 0.0031154128055239233 0.0031154128055239233 0.0031154128055239233 1 1 1 Converged Converged Converged OK OK OK 37 37 37 37 37 37 3 3 3 0 0 0 0 1 0 0 1
110 110 uniform 2 0 1107 0 0.0001 3.9493694830676231 0.0067375389033353149 0.0041512791009190959 -3.6610751580038161 -0.005154206369788192 -3.6619054138239999 0 3.6883363647993646 5.4582266639607466 OK 13 12 0.46979799999999999 0.46797 0.13380700000000001 0.33479799999999998 0.33311200000000002 0 0.13500000000000001 0.13485799999999998 0.13380700000000001 0.0089230000000000004 0.0089189999999999998 0.0085599999999999999 0.098595000000000016 0.098617000000000038 0.098109000000000002 0.0039329999999999999 0.0039420000000000002 0.0038209999999999997 0.00081300000000000003 0.00082200000000000003 0.00080000000000000004 5.4582271921801535 5.4582271921801535 5.4582271921801535 1.9108878451214519e-06 1.9108878451214519e-06 1.9108878451214519e-06 1 1 1 Converged Converged Converged OK OK OK 77 77 77 77 77 77 3 3 3 0 0 0 0 0 1 0 0
110 110 uniform 2 7 1107 1 0.0001 3.9493694830676231 0.0067375389033353149 0.0041512791009190959 -3.6610751580038161 -0.005154206369788192 -3.6614000407160621 0 3.6878309916914267 5.4602953936985648 OK 13 12 0.59255199999999997 0.47252 0.13627600000000001 0.45044499999999998 0.31764799999999999 0 0.14210699999999998 0.15487200000000001 0.13627600000000001 0.0083079999999999994 0.008352 0.007639 0.11006199999999994 0.12281400000000001 0.10572600000000001 0.0039529999999999999 0.0039690000000000003 0.0038179999999999998 0.00084199999999999998 0.00081799999999999993 0.00077099999999999998 5.4602959346653765 5.4602959346653765 5.4602959346653765 1.9763804123503904e-06 1.9763804123503904e-06 1.9763804123503904e-06 1 1 1 Converged Converged Converged OK OK OK 77 77 77 77 77 77 3 3 3 0 0 0 0 1 0 0 1
110 110 uniform 2 15 1107 2 0.0001 3.9493694830676231 0.0067375389033353149 0.0041512791009190959 -3.6610751580038161 -0.005154206369788192 -3.6608224714498472 0 3.6872534224252118 5.4676125960885908 OK 13 12 0.44689099999999998 0.33528200000000002 0.13694600000000001 0.31063299999999999 0.18170800000000001 0 0.13625799999999999 0.15357400000000002 0.13694600000000001 0.0082660000000000008 0.0082920000000000008 0.0076959999999999997 0.104353 0.12124499999999999 0.10358099999999999 0.0039449999999999997 0.0040290000000000005 0.0039559999999999994 0.00081499999999999997 0.000812 0.00076800000000000002 5.4676131547110156 5.4676131547110156 5.4676131547110156 2.0666849109647851e-06 2.0666849109647851e-06 2.0666849109647851e-06 1 1 1 Converged Converged Converged OK OK OK 77 77 77 77 77 77 3 3 3 0 0 0 0 1 0 0 1
110 110 uniform 2 23 1107 3 0.0001 3.9493694830676231 0.0067375389033353149 0.0041512791009190959 -3.6610751580038161 -0.005154206369788192 -3.6602449021836323 0 3.6866758531589969 5.4775678274154433 OK 13 12 0.45177800000000001 0.32523600000000003 0.131795 0.314193 0.17802599999999999 0 0.13758500000000001 0.14721000000000004 0.131795 0.00826 0.0082019999999999992 0.007639 0.10162899999999997 0.11545900000000002 0.10118900000000002 0.0039150000000000001 0.0039569999999999996 0.0038370000000000001 0.00082000000000000009 0.00079199999999999995 0.00078200000000000003 5.4775683813826097 5.4775683813826097 5.4775683813826097 2.1740771580058564e-06 2.1740771580058564e-06 2.1740771580058564e-06 1 1 1 Converged Converged Converged OK OK OK 77 77 77 77 77 77 3 3 3 0 0 0 0 1 0 0 1
110 110 uniform 3 0 1108 0 0.001 3.9493694830676231 0.0067375389033353149 0.0041512791009190959 -3.6595068405416904 -0.0059073162367788024 -3.6603370963618742 0 3.6867680473372388 5.1161609628089595 OK 13 12 0.38043700000000003 0.384631 0.071985999999999994 0.30946899999999999 0.31395600000000001 0 0.070968000000000031 0.070674999999999988 0.071985999999999994 0.0087390000000000002 0.0089219999999999994 0.0085529999999999998 0.049292999999999997 0.049097000000000002 0.051052 0.0018129999999999999 0.0018389999999999999 0.0018329999999999998 0.00044500000000000003 0.00044200000000000001 0.00043099999999999996 5.1161607446122996 5.1161607446122996 5.1161607446122996 0.0030142562769832179 0.0030142562769832179 0.0030142562769832179 1 1 1 Converged Converged Converged OK OK OK 37 37 37 37 37 37 3 3 3 0 0 0 0 0 1 0 0
110 110 uniform 3 7 1108 1 0.001 3.9493694830676231 0.0067375389033353149 0.0041512791009190959 -3.6595068405416904 -0.0059073162367788024 -3.6598317232539364 0 3.686262674229301 5.1047037054681415 OK 13 12 0.50923700000000005 0.38041599999999998 0.071807999999999997 0.43588900000000003 0.30108800000000002 0 0.073348000000000024 0.079327999999999954 0.071807999999999997 0.0081770000000000002 0.0082939999999999993 0.0076400000000000001 0.053734000000000011 0.05985 0.053140999999999973 0.001756 0.0017430000000000002 0.001751 0.000437 0.00043799999999999997 0.00041799999999999997 5.1047035055417584 5.1047035055417584 5.1047035055417584 0.0030240844573755183 0.0030240844573755183 0.0030240844573755183 1 1 1 Converged Converged Converged OK OK OK 37 37 37 37 37 37 3 3 3 0 0 0 0 1 0 0 1
110 110 uniform 3 15 1108 2 0.001 3.9493694830676231 0.0067375389033353149 0.0041512791009190959 -3.6595068405416904 -0.0059073162367788024 -3.6592541539877215 0 3.6856851049630861 5.0922267943149828 OK 13 12 0.38915699999999998 0.26033899999999999 0.070748000000000005 0.31655699999999998 0.18240799999999999 0 0.072599999999999998 0.077931 0.070748000000000005 0.0082279999999999992 0.0082319999999999997 0.0076949999999999996 0.052857000000000008 0.05860199999999998 0.052203000000000013 0.0017519999999999999 0.0017390000000000001 0.001678 0.00046199999999999995 0.00042900000000000002 0.000415 5.0922265878831148 5.0922265878831148 5.0922265878831148 0.003046775687203988 0.003046775687203988 0.003046775687203988 1 1 1 Converged Converged Converged OK OK OK 37 37 37 37 37 37 3 3 3 0 0 0 0 1 0 0 1
110 110 uniform 3 23 1108 3 0.001 3.9493694830676231 0.0067375389033353149 0.0041512791009190959 -3.6595068405416904 -0.0059073162367788024 -3.6586765847215066 0 3.6851075356968712 5.0787968944608783 OK 13 12 0.37241099999999999 0.24993299999999999 0.064366999999999994 0.30668000000000001 0.178511 0 0.065730999999999984 0.071421999999999985 0.064366999999999994 0.0082760000000000004 0.0083070000000000001 0.0076550000000000003 0.046167 0.051913999999999988 0.045767000000000002 0.0018 0.0018110000000000001 0.0017650000000000001 0.000428 0.00043999999999999996 0.00041200000000000004 5.0787966707957821 5.0787966707957821 5.0787966707957821 0.0030818435658628539 0.0030818435658628539 0.0030818435658628539 1 1 1 Converged Converged Converged OK OK OK 37 37 37 37 37 37 3 3 3 0 0 0 0 1 0 0 1
110 110 uniform 3 0 1108 0 0.0001 3.9493694830676231 0.0067375389033353149 0.0041512791009190959 -3.6595068405416904 -0.0059073162367788024 -3.6603370963618742 0 3.6867680473372388 5.1161609628089595 OK 13 12 0.449739 0.44960899999999998 0.13311999999999999 0.31488500000000003 0.31201699999999999 0 0.13485399999999997 0.13759199999999999 0.13311999999999999 0.0090570000000000008 0.012387 0.0085719999999999998 0.098208999999999991 0.09812499999999999 0.097503999999999993 0.0038889999999999997 0.0039019999999999997 0.0038979999999999996 0.00079799999999999999 0.00079199999999999995 0.00077700000000000013 5.1161614846682353 5.1161614846682353 5.1161614846682353 1.6865668413666731e-06 1.6865668413666731e-06 1.6865668413666731e-06 1 1 1 Converged Converged Converged OK OK OK 77 77 77 77 77 77 3 3 3 0 0 0 0 0 1 0 0
110 110 uniform 3 7 1108 1 0.0001 3.9493694830676231 0.0067375389033353149 0.0041512791009190959 -3.6595068405416904 -0.0059073162367788024 -3.6598317232539364 0 3.686262674229301 5.1047037054681415 OK 13 12 0.57456300000000005 0.46087699999999998 0.138714 0.43420799999999998 0.30125299999999999 0 0.14035500000000006 0.15962399999999999 0.138714 0.0084010000000000005 0.0081960000000000002 0.0077200000000000003 0.10868199999999999 0.12825500000000004 0.10796599999999999 0.0038990000000000001 0.0038969999999999999 0.0039529999999999999 0.00078799999999999986 0.00078300000000000006 0.00077399999999999995 5.104704257294391 5.104704257294391 5.104704257294391 1.6867613968685192e-06 1.6867613968685192e-06 1.6867613968685192e-06 1 1 1 Converged Converged Converged OK OK OK 77 77 77 77 77 77 3 3 3 0 0 0 0 1 0 0 1
110 110 uniform 3 15 1108 2 0.0001 3.9493694830676231 0.0067375389033353149 0.0041512791009190959 -3.6595068405416904 -0.0059073162367788024 -3.6592541539877215 0 3.6856851049630861 5.0922267943149828 OK 13 12 0.44934200000000002 0.325596 0.127972 0.31946999999999998 0.18176600000000001 0 0.12987200000000004 0.14382999999999999 0.127972 0.0082439999999999996 0.0083119999999999999 0.0076769999999999998 0.098054999999999989 0.11209799999999999 0.097331999999999988 0.0038419999999999999 0.0039630000000000004 0.0038139999999999997 0.00079900000000000012 0.00080100000000000006 0.00077099999999999998 5.0922273602384927 5.0922273602384927 5.0922273602384927 1.6737663372238591e-06 1.6737663372238591e-06 1.6737663372238591e-06 1 1 1 Converged Converged Converged OK OK OK 77 77 77 77 77 77 3 3 3 0 0 0 0 1 0 0 1
110 110 uniform 3 23 1108 3 0.0001 3.9493694830676231 0.0067375389033353149 0.0041512791009190959 -3.6595068405416904 -0.0059073162367788024 -3.6586765847215066 0 3.6851075356968712 5.0787968944608783 OK 13 12 0.43805899999999998 0.32388499999999998 0.129105 0.30735499999999999 0.17926400000000001 0 0.13070399999999999 0.14462099999999997 0.129105 0.0081989999999999997 0.0082500000000000004 0.0076239999999999997 0.099199000000000023 0.11303100000000002 0.098521000000000011 0.0038280000000000002 0.0039139999999999999 0.0038249999999999998 0.00078100000000000001 0.00077700000000000002 0.00076899999999999994 5.0787974708889179 5.0787974708889179 5.0787974708889179 1.6497867916113483e-06 1.6497867916113483e-06 1.6497867916113483e-06 1 1 1 Converged Converged Converged OK OK OK 77 77 77 77 77 77 3 3 3 0 0 0 0 1 0 0 1
110 110 uniform 4 0 1109 0 0.001 3.9493694830676231 0.0067375389033353149 0.0041512791009190959 0.031202295372491425 0.0031930239161755054 0.030372039552307606 0 -0.0039410885769428777 162.94349000900559 OK 15 14 0.76322800000000002 0.74773599999999996 0.246863 0.51113299999999995 0.498033 0 0.25209500000000007 0.24970299999999995 0.246863 0.016012999999999999 0.015288 0.014373 0.18343999999999996 0.18274400000000007 0.18122899999999995 0.0065069999999999998 0.0066280000000000002 0.006698 0.0015280000000000001 0.001573 0.0015289999999999998 162.94351416646577 162.94351416646577 162.94351416646577 0.07382105072991392 0.07382105072991392 0.07382105072991392 1 1 1 Converged Converged Converged OK OK OK 127 127 127 127 127 127 9 9 9 0 0 0 0 0 1 0 0
110 110 uniform 4 7 1109 1 0.001 3.9493694830676231 0.0067375389033353149 0.0041512791009190959 0.031202295372491425 0.0031930239161755054 0.030877412660245584 0 -0.0044464616848808557 150.75507970140427 OK 15 14 0.75580700000000001 0.68494500000000003 0.20788799999999999 0.54628200000000005 0.39892300000000003 0 0.20952499999999996 0.286022 0.20788799999999999 0.015092 0.015341 0.014499 0.16207600000000011 0.23841699999999999 0.16168200000000002 0.0055089999999999991 0.0054209999999999996 0.0054710000000000002 0.0012859999999999998 0.0013600000000000001 0.001312 150.75551806526019 150.75551806526019 150.75551806526019 0.14950353034696362 0.14950353034696362 0.14950353034696362 1 1 1 Converged Converged Converged OK OK OK 111 111 111 111 111 111 9 9 9 0 0 0 0 1 0 0 1
110 110 uniform 4 15 1109 2 0.001 3.9493694830676231 0.0067375389033353149 0.0041512791009190959 0.031202295372491425 0.0031930239161755054 0.031454981926460415 0 -0.0050240309510956871 138.84010745005494 OK 15 14 0.73808600000000002 0.66479600000000005 0.20627300000000001 0.52662200000000003 0.38819900000000002 0 0.21146399999999999 0.27659700000000004 0.20627300000000001 0.013806000000000001 0.013944 0.013068 0.16618899999999986 0.23102900000000001 0.16214600000000004 0.0051140000000000005 0.0052589999999999998 0.0051469999999999997 0.0013359999999999999 0.001335 0.0013169999999999998 138.84046367243386 138.84046367243386 138.84046367243386 0.13409702282956312 0.13409702282956312 0.13409702282956312 1 1 1 Converged Converged Converged OK OK OK 111 111 111 111 111 111 9 9 9 0 0 0 0 1 0 0 1
110 110 uniform 4 23 1109 3 0.001 3.9493694830676231 0.0067375389033353149 0.0041512791009190959 0.031202295372491425 0.0031930239161755054 0.032032551192675243 0 -0.0056016002173105151 128.63848147160675 OK 15 14 0.64827999999999997 0.57311800000000002 0.203262 0.44020799999999999 0.30608099999999999 0 0.20807199999999998 0.26703700000000002 0.203262 0.01504 0.015075 0.014159 0.16094999999999993 0.22053200000000009 0.15848300000000004 0.0058059999999999995 0.0053890000000000006 0.0051050000000000002 0.001243 0.001261 0.0012599999999999998 128.63875897764942 128.63875897764942 128.63875897764942 0.12024674336298392 0.12024674336298392 0.12024674336298392 1 1 1 Converged Converged Converged OK OK OK 111 111 111 111 111 111 9 9 9 0 0 0 0 1 0 0 1
110 110 uniform 4 0 1109 0 0.0001 3.9493694830676231 0.0067375389033353149 0.0041512791009190959 0.031202295372491425 0.0031930239161755054 0.030372039552307606 0 -0.0039410885769428777 162.94349000900559 OK 15 14 0.764401 0.76475099999999996 0.26304300000000003 0.50043300000000002 0.502475 0 0.26396799999999998 0.26227599999999995 0.26304300000000003 0.014871000000000001 0.014957 0.014291999999999999 0.18973000000000004 0.1901749999999999 0.19225300000000026 0.008071 0.0072059999999999997 0.0069820000000000004 0.0017619999999999999 0.001699 0.0016740000000000001 162.94350003587971 162.94350003587971 162.94350003587971 0.0075977729737494249 0.0075977729737494249 0.0075977729737494249 1 1 1 Converged Converged Converged OK OK OK 143 143 143 143 143 143 9 9 9 0 0 0 0 0 1 0 0
110 110 uniform 4 7 1109 1 0.0001 3.9493694830676231 0.0067375389033353149 0.0041512791009190959 0.031202295372491425 0.0031930239161755054 0.030877412660245584 0 -0.0044464616848808557 150.75507970140427 OK 15 14 0.78906299999999996 0.82174000000000003 0.239593 0.54286299999999998 0.40458100000000002 0 0.24619999999999997 0.417159 0.239593 0.015450999999999999 0.015195 0.014349000000000001 0.18718100000000018 0.35496099999999986 0.18441099999999999 0.0082319999999999997 0.008149 0.0067889999999999999 0.0016850000000000001 0.0019509999999999998 0.001691 150.75508151316629 150.75508151316629 150.75508151316629 0.0056809818079304499 0.0056809818079304499 0.0056809818079304499 1 1 1 Converged Converged Converged OK OK OK 143 143 143 143 143 143 9 9 9 0 0 0 0 1 0 0 1
110 110 uniform 4 15 1109 2 0.0001 3.9493694830676231 0.0067375389033353149 0.0041512791009190959 0.031202295372491425 0.0031930239161755054 0.031454981926460415 0 -0.0050240309510956871 138.84010745005494 OK 15 14 0.77252200000000004 0.782663 0.240173 0.52385000000000004 0.39402799999999999 0 0.248672 0.38863500000000001 0.240173 0.01375 0.015086 0.012977000000000001 0.19260099999999994 0.32844600000000007 0.18672500000000003 0.0074469999999999996 0.0069869999999999993 0.0067769999999999992 0.0016170000000000002 0.00166 0.0015999999999999999 138.84011458440182 138.84011458440182 138.84011458440182 0.0054618055309229412 0.0054618055309229412 0.0054618055309229412 1 1 1 Converged Converged Converged OK OK OK 143 143 143 143 143 143 9 9 9 0 0 0 0 1 0 0 1
110 110 uniform 4 23 1109 3 0.0001 3.9493694830676231 0.0067375389033353149 0.0041512791009190959 0.031202295372491425 0.0031930239161755054 0.032032551192675243 0 -0.0056016002173105151 128.63848147160675 OK 15 14 0.68188800000000005 0.65596500000000002 0.237567 0.43827100000000002 0.30373299999999998 0 0.24361700000000003 0.35223200000000005 0.237567 0.015129 0.015063999999999999 0.014125 0.18654900000000002 0.29576800000000009 0.1831630000000001 0.0073889999999999997 0.0068479999999999991 0.0067369999999999999 0.001694 0.001635 0.0016540000000000001 128.6384937752515 128.6384937752515 128.6384937752515 0.0049132756345630713 0.0049132756345630713 0.0049132756345630713 1 1 1 Converged Converged Converged OK OK OK 143 143 143 143 143 143 9 9 9 0 0 0 0 1 0 0 1
111 111 linear 0 0 1110 0 0.001 0.4098940347573839 0.0005267636251539402 0.00018159402869257019 2.0284862628869877 0.10212283490124331 2.0284499440812493 0.5 -2.0282341404910529 4.8410708824248863 OK 13 12 0.70933000000000002 0.70796099999999995 0.21409700000000001 0.48769499999999999 0.49085699999999999 0 0.22163500000000003 0.21710399999999996 0.21409700000000001 0.059804999999999997 0.061608999999999997 0.059420000000000001 0.13479399999999997 0.12828999999999999 0.12763899999999997 0.0037209999999999995 0.0040690000000000006 0.0039109999999999995 0.00092800000000000011 0.00099700000000000006 0.00091299999999999997 4.8410922538016781 4.8410922538016781 4.8410922538016781 0.002198811123411169 0.002198811123411169 0.002198811123411169 1 1 1 Converged Converged Converged OK OK OK 82 82 82 82 82 82 6 6 6 0 0 0 0 0 1 0 0
111 111 linear 0 7 1110 1 0.001 0.4098940347573839 0.0005267636251539402 0.00018159402869257019 2.0284862628869877 0.10212283490124331 2.0284720511803944 0.5 -2.028256247590198 4.761677075747567 OK 13 12 0.68864499999999995 0.61255700000000002 0.20734 0.47145199999999998 0.33756000000000003 0 0.21719299999999997 0.27499699999999999 0.20734 0.061386999999999997 0.061705999999999997 0.055886999999999999 0.13376099999999999 0.19183999999999998 0.13128200000000001 0.0047520000000000001 0.0042040000000000003 0.0037350000000000005 0.001157 0.00093700000000000001 0.00090499999999999999 4.7616801042429229 4.7616801042429229 4.7616801042429229 0.0021782894372653983 0.0021782894372653983 0.0021782894372653983 1 1 1 Converged Converged Converged OK OK OK 82 82 82 82 82 82 6 6 6 0 0 0 0 1 0 0 1
111 111 linear 0 15 1110 2 0.001 0.4098940347573839 0.0005267636251539402 0.00018159402869257019 2.0284862628869877 0.10212283490124331 2.0284973164365603 0.5 -2.0282815128463638 4.6551635282052972 OK 13 12 0.83536999999999995 0.74990599999999996 0.20178699999999999 0.62668900000000005 0.48207499999999998 0 0.20868099999999989 0.26783099999999999 0.20178699999999999 0.059151000000000002 0.060907999999999997 0.055169000000000003 0.12906800000000002 0.18526099999999995 0.12658799999999998 0.0038880000000000004 0.0045709999999999995 0.003954 0.00089400000000000005 0.00101 0.00089700000000000001 4.6551371459082267 4.6551371459082267 4.6551371459082267 0.0021604776596157111 0.0021604776596157111 0.0021604776596157111 1 1 1 Converged Converged Converged OK OK OK 82 82 82 82 82 82 6 6 6 0 0 0 0 1 0 0 1
111 111 linear 0 23 1110 3 0.001 0.4098940347573839 0.0005267636251539402 0.00018159402869257019 2.0284862628869877 0.10212283490124331 2.0285225816927261 0.5 -2.0283067781025297 4.5328933246873584 OK 13 12 0.82721 0.74219299999999999 0.20219500000000001 0.61390100000000003 0.47719499999999998 0 0.21330899999999997 0.26499800000000001 0.20219500000000001 0.062379999999999998 0.060929999999999998 0.056139000000000001 0.12987399999999999 0.183223 0.126363 0.0041780000000000003 0.0040239999999999998 0.00362 0.000959 0.000968 0.00092000000000000003 4.5328934129209619 4.5328934129209619 4.5328934129209619 0.0021491229250174301 0.0021491229250174301 0.0021491229250174301 1 1 1 Converged Converged Converged OK OK OK 82 82 82 82 82 82 6 6 6 0 0 0 0 1 0 0 1
111 111 linear 0 0 1110 0 0.0001 0.4098940347573839 0.0005267636251539402 0.00018159402869257019 2.0284862628869877 0.10212283490124331 2.0284499440812493 0.5 -2.0282341404910529 4.8410708824248863 OK 13 12 0.74640799999999996 0.74052899999999999 0.25158399999999997 0.49650699999999998 0.48930699999999999 0 0.24990099999999998 0.251222 0.25158399999999997 0.059489 0.061762999999999998 0.063714999999999994 0.15724399999999999 0.15574000000000005 0.15457999999999994 0.0046800000000000001 0.0050769999999999999 0.0049179999999999996 0.0010550000000000002 0.0011070000000000001 0.001098 4.8410922547497011 4.8410922547497011 4.8410922547497011 0.00046005532381337868 0.00046005532381337868 0.00046005532381337868 1 1 1 Converged Converged Converged OK OK OK 98 98 98 98 98 98 6 6 6 0 0 0 0 0 1 0 0
111 111 linear 0 7 1110 1 0.0001 0.4098940347573839 0.0005267636251539402 0.00018159402869257019 2.0284862628869877 0.10212283490124331 2.0284720511803944 0.5 -2.028256247590198 4.761677075747567 OK 13 12 0.72373399999999999 0.665358 0.246034 0.47294000000000003 0.33099200000000001 0 0.25079399999999996 0.334366 0.246034 0.059381000000000003 0.062206999999999998 0.056418999999999997 0.165715 0.24620199999999995 0.16475999999999985 0.0045529999999999998 0.0048450000000000003 0.0046420000000000003 0.0010479999999999999 0.001041 0.0010110000000000002 4.7616801051907487 4.7616801051907487 4.7616801051907487 0.00043953519975983466 0.00043953519975983466 0.00043953519975983466 1 1 1 Converged Converged Converged OK OK OK 98 98 98 98 98 98 6 6 6 0 0 0 0 1 0 0 1
111 111 linear 0 15 1110 2 0.0001 0.4098940347573839 0.0005267636251539402 0.00018159402869257019 2.0284862628869877 0.10212283490124331 2.0284973164365603 0.5 -2.0282815128463638 4.6551635282052972 OK 13 12 0.86431500000000006 0.79102499999999998 0.23291400000000001 0.62079499999999999 0.47877500000000001 0 0.24352000000000007 0.31224999999999997 0.23291400000000001 0.058337 0.059881999999999998 0.055057000000000002 0.16010299999999997 0.22696899999999992 0.15347299999999997 0.004509 0.0048979999999999996 0.0045830000000000003 0.001031 0.001111 0.0010510000000000001 4.6551371468558536 4.6551371468558536 4.6551371468558536 0.0004217252069188317 0.0004217252069188317 0.0004217252069188317 1 1 1 Converged Converged Converged OK OK OK 98 98 98 98 98 98 6 6 6 0 0 0 0 1 0 0 1
111 111 linear 0 23 1110 3 0.0001 0.4098940347573839 0.0005267636251539402 0.00018159402869257019 2.0284862628869877 0.10212283490124331 2.0285225816927261 0.5 -2.0283067781025297 4.5328933246873584 OK 13 12 0.85616400000000004 0.79799200000000003 0.23402100000000001 0.61378600000000005 0.47558800000000001 0 0.24237799999999998 0.32240400000000002 0.23402100000000001 0.059582999999999997 0.060005999999999997 0.055308000000000003 0.15767199999999995 0.23686899999999994 0.15437700000000001 0.0044349999999999997 0.0047380000000000009 0.0044739999999999997 0.001114 0.0010709999999999999 0.0010040000000000001 4.5328934138688028 4.5328934138688028 4.5328934138688028 0.00041037225856834636 0.00041037225856834636 0.00041037225856834636 1 1 1 Converged Converged Converged OK OK OK 98 98 98 98 98 98 6 6 6 0 0 0 0 1 0 0 1
111 111 linear 1 0 1111 0 0.001 0.4098940347573839 0.0005267636251539402 0.00018159402869257019 2.0287502963506019 0.10208160649713029 2.0287139775448635 0.5 -2.028498173954667 3.6797857866158412 OK 13 12 0.82034200000000002 0.828569 0.19861599999999999 0.61632799999999999 0.61576500000000001 0 0.20401400000000003 0.21280399999999999 0.19861599999999999 0.061436999999999999 0.062990000000000004 0.058754000000000001 0.11818899999999997 0.12390800000000002 0.11524 0.003532 0.0041069999999999995 0.0035620000000000001 0.00089499999999999996 0.0010139999999999999 0.00096199999999999996 3.6797914533534111 3.6797914533534111 3.6797914533534111 0.0027335986797415116 0.0027335986797415116 0.0027335986797415116 1 1 1 Converged Converged Converged OK OK OK 74 74 74 74 74 74 6 6 6 0 0 0 0 0 1 0 0
111 111 linear 1 7 1111 1 0.001 0.4098940347573839 0.0005267636251539402 0.00018159402869257019 2.0287502963506019 0.10208160649713029 2.0287360846440086 0.5 -2.0285202810538121 3.5288268686019055 OK 13 12 0.77327199999999996 0.69566600000000001 0.19293299999999999 0.57367000000000001 0.43784200000000001 0 0.19960199999999995 0.257824 0.19293299999999999 0.059554999999999997 0.061075999999999998 0.056051999999999998 0.12115899999999996 0.17819499999999999 0.11859499999999995 0.0032989999999999998 0.0033280000000000002 0.003421 0.00095699999999999995 0.00083000000000000001 0.00092700000000000009 3.5288641259421163 3.5288641259421163 3.5288641259421163 0.0024318940547831919 0.0024318940547831919 0.0024318940547831919 1 1 1 Converged Converged Converged OK OK OK 74 74 74 74 74 74 6 6 6 0 0 0 0 1 0 0 1
111 111 linear 1 15 1111 2 0.001 0.4098940347573839 0.0005267636251539402 0.00018159402869257019 2.0287502963506019 0.10208160649713029 2.0287613499001744 0.5 -2.028545546309978 3.3504284964497759 OK 13 12 0.76483699999999999 0.68323699999999998 0.18515000000000001 0.57147000000000003 0.431201 0 0.19336699999999996 0.25203599999999998 0.18515000000000001 0.061030000000000001 0.059830000000000001 0.056805000000000001 0.11369799999999998 0.17386399999999994 0.11040699999999998 0.0034480000000000001 0.0033199999999999996 0.0033720000000000004 0.00097600000000000009 0.00088100000000000006 0.00089999999999999998 3.3504617145200344 3.3504617145200344 3.3504617145200344 0.002292196445956692 0.002292196445956692 0.002292196445956692 1 1 1 Converged Converged Converged OK OK OK 74 74 74 74 74 74 6 6 6 0 0 0 0 1 0 0 1
111 111 linear 1 23 1111 3 0.001 0.4098940347573839 0.0005267636251539402 0.00018159402869257019 2.0287502963506019 0.10208160649713029 2.0287866151563403 0.5 -2.0285708115661438 3.1668831677243618 OK 13 12 0.69680699999999995 0.65388299999999999 0.193217 0.48986600000000002 0.35555100000000001 0 0.20694099999999993 0.29833199999999999 0.193217 0.059505000000000002 0.060835 0.055459000000000001 0.128529 0.21795300000000001 0.11960799999999996 0.0035229999999999997 0.0039769999999999996 0.003346 0.00096800000000000011 0.00097300000000000012 0.00090299999999999994 3.1668906671414767 3.1668906671414767 3.1668906671414767 0.0026815304053692335 0.0026815304053692335 0.0026815304053692335 1 1 1 Converged Converged Converged OK OK OK 74 74 74 74 74 74 6 6 6 0 0 0 0 1 0 0 1
111 111 linear 1 0 1111 0 0.0001 0.4098940347573839 0.0005267636251539402 0.00018159402869257019 2.0287502963506019 0.10208160649713029 2.0287139775448635 0.5 -2.028498173954667 3.6797857866158412 OK 13 12 0.89905100000000004 0.89303699999999997 0.26991999999999999 0.61926800000000004 0.61368500000000004 0 0.279783 0.27935199999999993 0.26991999999999999 0.063412999999999997 0.063235 0.059392 0.17631599999999994 0.17323100000000005 0.1718069999999999 0.0062960000000000004 0.0060940000000000005 0.0060060000000000009 0.0014689999999999998 0.0015100000000000001 0.0013760000000000001 3.6797914369623075 3.6797914369623075 3.6797914369623075 0.00019635385664191861 0.00019635385664191861 0.00019635385664191861 1 1 1 Converged Converged Converged OK OK OK 114 114 114 114 114 114 6 6 6 0 0 0 0 0 1 0 0
111 111 linear 1 7 1111 1 0.0001 0.4098940347573839 0.0005267636251539402 0.00018159402869257019 2.0287502963506019 0.10208160649713029 2.0287360846440086 0.5 -2.0285202810538121 3.5288268686019055 OK 13 12 0.84906400000000004 0.80337800000000004 0.26487300000000003 0.57504900000000003 0.43480999999999997 0 0.27401500000000001 0.36856800000000006 0.26487300000000003 0.060553999999999997 0.060650000000000003 0.056862000000000003 0.18306000000000003 0.27819599999999994 0.17923000000000003 0.0060069999999999993 0.0063659999999999993 0.0058019999999999999 0.0013909999999999999 0.0013590000000000002 0.0013129999999999999 3.528864136203822 3.528864136203822 3.528864136203822 0.00020454927554414571 0.00020454927554414571 0.00020454927554414571 1 1 1 Converged Converged Converged OK OK OK 114 114 114 114 114 114 6 6 6 0 0 0 0 1 0 0 1
111 111 linear 1 15 1111 2 0.0001 0.4098940347573839 0.0005267636251539402 0.00018159402869257019 2.0287502963506019 0.10208160649713029 2.0287613499001744 0.5 -2.028545546309978 3.3504284964497759 OK 13 12 0.82113700000000001 0.78449100000000005 0.240617 0.57040800000000003 0.43853300000000001 0 0.25072899999999998 0.34595800000000004 0.240617 0.061468000000000002 0.060655000000000001 0.056618000000000002 0.16143499999999997 0.25804900000000014 0.15762099999999998 0.005594 0.0054270000000000004 0.0051440000000000001 0.00124 0.001271 0.0011670000000000001 3.3504617392811813 3.3504617392811813 3.3504617392811813 0.00030996556408004872 0.00030996556408004872 0.00030996556408004872 1 1 1 Converged Converged Converged OK OK OK 106 106 106 106 106 106 6 6 6 0 0 0 0 1 0 0 1
111 111 linear 1 23 1111 3 0.0001 0.4098940347573839 0.0005267636251539402 0.00018159402869257019 2.0287502963506019 0.10208160649713029 2.0287866151563403 0.5 -2.0285708115661438 3.1668831677243618 OK 13 12 0.77510900000000005 0.77033499999999999 0.27268399999999998 0.49383700000000003 0.35458600000000001 0 0.28127200000000002 0.41574899999999998 0.27268399999999998 0.058958000000000003 0.060273 0.055475999999999998 0.19040099999999996 0.32252700000000006 0.18575299999999995 0.0059589999999999999 0.006613 0.0059900000000000005 0.0013619999999999999 0.0015080000000000002 0.0013540000000000002 3.1668866378270657 3.1668866378270657 3.1668866378270657 0.00018108020872415576 0.00018108020872415576 0.00018108020872415576 1 1 1 Converged Converged Converged OK OK OK 122 122 122 122 122 122 6 6 6 0 0 0 0 1 0 0 1
111 111 linear 2 0 1112 0 0.001 0.4098940347573839 0.0005267636251539402 0.00018159402869257019 2.0265530607439652 -0.10171304795822947 2.0265167419382268 0.5 -2.0263009383480304 2.5980419959098313 OK 13 12 0.71309999999999996 0.71203899999999998 0.22509999999999999 0.4788 0.48447200000000001 0 0.23429999999999995 0.22756699999999996 0.22509999999999999 0.062279000000000001 0.060503000000000001 0.058123000000000001 0.14354700000000006 0.1402520000000001 0.13985800000000004 0.0041550000000000007 0.0037369999999999999 0.0038549999999999999 0.0009639999999999999 0.00087699999999999996 0.00090499999999999999 2.5980415988084928 2.5980415988084928 2.5980415988084928 0.00099016719232686138 0.00099016719232686138 0.00099016719232686138 1 1 1 Converged Converged Converged OK OK OK 82 82 82 82 82 82 6 6 6 0 0 0 0 0 1 0 0
111 111 linear 2 7 1112 1 0.001 0.4098940347573839 0.0005267636251539402 0.00018159402869257019 2.0265530607439652 -0.10171304795822947 2.0265388490373719 0.5 -2.0263230454471755 2.4757566622902099 OK 13 12 0.85279300000000002 0.79381800000000002 0.22168199999999999 0.62357600000000002 0.47795500000000002 0 0.229217 0.315863 0.22168199999999999 0.060477000000000003 0.061117999999999999 0.056586999999999998 0.14637699999999998 0.23198199999999994 0.14356300000000002 0.0040419999999999996 0.004287 0.0039189999999999997 0.00086399999999999997 0.00089599999999999999 0.00082200000000000014 2.4757554028849951 2.4757554028849951 2.4757554028849951 0.00085107275608478162 0.00085107275608478162 0.00085107275608478162 1 1 1 Converged Converged Converged OK OK OK 82 82 82 82 82 82 6 6 6 0 0 0 0 1 0 0 1
111 111 linear 2 15 1112 2 0.001 0.4098940347573839 0.0005267636251539402 0.00018159402869257019 2.0265530607439652 -0.10171304795822947 2.0265641142935378 0.5 -2.0263483107033413 2.3029345188896873 OK 13 12 0.72270199999999996 0.66398400000000002 0.22034000000000001 0.49591299999999999 0.347802 0 0.22678899999999996 0.31618200000000002 0.22034000000000001 0.059255000000000002 0.060761999999999997 0.056335000000000003 0.14585200000000001 0.23299699999999993 0.14276000000000005 0.0037530000000000003 0.0042500000000000003 0.0038640000000000002 0.00083300000000000008 0.00087500000000000002 0.00084699999999999999 2.302926306388998 2.302926306388998 2.302926306388998 0.00074112407214378868 0.00074112407214378868 0.00074112407214378868 1 1 1 Converged Converged Converged OK OK OK 82 82 82 82 82 82 6 6 6 0 0 0 0 1 0 0 1
111 111 linear 2 23 1112 3 0.001 0.4098940347573839 0.0005267636251539402 0.00018159402869257019 2.0265530607439652 -0.10171304795822947 2.0265893795497036 0.5 -2.0263735759595072 2.0684140841618128 OK 13 12 0.70386899999999997 0.668651 0.20322999999999999 0.493645 0.34662399999999999 0 0.21022399999999997 0.32202700000000001 0.20322999999999999 0.058916000000000003 0.060807 0.055208 0.13094299999999995 0.23991200000000001 0.12796000000000002 0.0034380000000000001 0.0039479999999999993 0.0035590000000000005 0.00092000000000000003 0.0010280000000000001 0.00091299999999999997 2.0683973392372921 2.0683973392372921 2.0683973392372921 0.0015341220276236275 0.0015341220276236275 0.0015341220276236275 1 1 1 Converged Converged Converged OK OK OK 75 75 75 75 75 75 5 5 5 0 0 0 0 1 0 0 1
111 111 linear 2 0 1112 0 0.0001 0.4098940347573839 0.0005267636251539402 0.00018159402869257019 2.0265530607439652 -0.10171304795822947 2.0265167419382268 0.5 -2.0263009383480304 2.5980419959098313 OK 13 12 0.74284300000000003 0.73187000000000002 0.256911 0.48797200000000002 0.47948000000000002 0 0.25487100000000001 0.25239 0.256911 0.060193999999999998 0.060343000000000001 0.064573000000000005 0.16146700000000005 0.15928900000000001 0.15830199999999997 0.0043790000000000001 0.0043930000000000002 0.0047549999999999997 0.001176 0.0011330000000000001 0.0013010000000000001 2.5980416292619659 2.5980416292619659 2.5980416292619659 0.00021095792093109799 0.00021095792093109799 0.00021095792093109799 1 1 1 Converged Converged Converged OK OK OK 98 98 98 98 98 98 6 6 6 0 0 0 0 0 1 0 0
111 111 linear 2 7 1112 1 0.0001 0.4098940347573839 0.0005267636251539402 0.00018159402869257019 2.0265530607439652 -0.10171304795822947 2.0265388490373719 0.5 -2.0263230454471755 2.4757566622902099 OK 13 12 0.87871200000000005 0.84025300000000003 0.242503 0.62924000000000002 0.47868699999999997 0 0.24947200000000003 0.36156600000000005 0.242503 0.059383999999999999 0.063278000000000001 0.056286999999999997 0.16426600000000002 0.27033800000000008 0.16073500000000002 0.004725 0.0062700000000000004 0.0048540000000000007 0.0010830000000000002 0.0013310000000000002 0.001129 2.4757553787969213 2.4757553787969213 2.4757553787969213 0.00023731497818451619 0.00023731497818451619 0.00023731497818451619 1 1 1 Converged Converged Converged OK OK OK 98 98 98 98 98 98 6 6 6 0 0 0 0 1 0 0 1
111 111 linear 2 15 1112 2 0.0001 0.4098940347573839 0.0005267636251539402 0.00018159402869257019 2.0265530607439652 -0.10171304795822947 2.0265641142935378 0.5 -2.0263483107033413 2.3029345188896873 OK 13 12 0.76160300000000003 0.73899300000000001 0.26536500000000002 0.49363000000000001 0.34930699999999998 0 0.26797300000000002 0.38968600000000003 0.26536500000000002 0.060220999999999997 0.061607000000000002 0.057797000000000001 0.17667399999999991 0.29586299999999982 0.17724500000000001 0.0054010000000000013 0.00613 0.0052649999999999997 0.0012149999999999999 0.0012710000000000002 0.001204 2.3029260263520315 2.3029260263520315 2.3029260263520315 0.00017717460411581152 0.00017717460411581152 0.00017717460411581152 1 1 1 Converged Converged Converged OK OK OK 106 106 106 106 106 106 6 6 6 0 0 0 0 1 0 0 1
111 111 linear 2 23 1112 3 0.0001 0.4098940347573839 0.0005267636251539402 0.00018159402869257019 2.0265530607439652 -0.10171304795822947 2.0265893795497036 0.5 -2.0263735759595072 2.0684140841618128 OK 13 12 0.75360700000000003 0.79214600000000002 0.25927600000000001 0.491919 0.34913100000000002 0 0.26168800000000003 0.44301499999999999 0.25927600000000001 0.059983000000000002 0.059998000000000003 0.056923000000000001 0.17053399999999996 0.35150599999999987 0.17148500000000008 0.0057039999999999999 0.0056839999999999998 0.0055540000000000008 0.0013389999999999999 0.0014920000000000001 0.0013059999999999999 2.0683975685841429 2.0683975685841429 2.0683975685841429 7.5868415360649208e-05 7.5868415360649208e-05 7.5868415360649208e-05 1 1 1 Converged Converged Converged OK OK OK 107 107 107 107 107 107 5 5 5 0 0 0 0 1 0 0 1
111 111 linear 3 0 1113 0 0.001 0.4098940347573839 0.0005267636251539402 0.00018159402869257019 2.0271580710268911 0.10299021830016954 2.0271217522211527 0.5 -2.0269059486309562 1.5187853974572534 OK 13 12 0.65170700000000004 0.655393 0.17710100000000001 0.46811199999999997 0.47276400000000002 0 0.18359500000000006 0.18262899999999999 0.17710100000000001 0.061476999999999997 0.061108000000000003 0.056673000000000001 0.099783000000000011 0.099094000000000015 0.098400000000000015 0.0033020000000000002 0.0035110000000000002 0.0033759999999999997 0.00071600000000000016 0.00070099999999999991 0.00075000000000000002 1.5187845314355757 1.5187845314355757 1.5187845314355757 0.00082668239869301548 0.00082668239869301548 0.00082668239869301548 1 1 1 Converged Converged Converged OK OK OK 61 61 61 61 61 61 3 3 3 0 0 0 0 0 1 0 0
111 111 linear 3 7 1113 1 0.001 0.4098940347573839 0.0005267636251539402 0.00018159402869257019 2.0271580710268911 0.10299021830016954 2.0271438593202977 0.5 -2.0269280557301013 1.5249606742527433 OK 13 12 0.77074399999999998 0.69813400000000003 0.17447699999999999 0.59372599999999998 0.43559900000000001 0 0.17701800000000001 0.26253500000000002 0.17447699999999999 0.058098999999999998 0.059725 0.058084999999999998 0.099259000000000014 0.18287199999999998 0.097504999999999981 0.00332 0.0036340000000000001 0.0033149999999999998 0.00069400000000000006 0.00073300000000000004 0.00070100000000000002 1.5249598261998321 1.5249598261998321 1.5249598261998321 0.00083699707679095383 0.00083699707679095383 0.00083699707679095383 1 1 1 Converged Converged Converged OK OK OK 61 61 61 61 61 61 3 3 3 0 0 0 0 1 0 0 1
111 111 linear 3 15 1113 2 0.001 0.4098940347573839 0.0005267636251539402 0.00018159402869257019 2.0271580710268911 0.10299021830016954 2.0271691245764636 0.5 -2.0269533209862671 1.5324431353330832 OK 13 12 0.79089500000000001 0.71407500000000002 0.16936599999999999 0.61509800000000003 0.45891300000000002 0 0.17579699999999998 0.255162 0.16936599999999999 0.058104999999999997 0.059910999999999999 0.054407999999999998 0.098140000000000005 0.17525999999999997 0.096116999999999994 0.0032440000000000004 0.0035890000000000002 0.0032769999999999995 0.00068199999999999999 0.00076000000000000004 0.00067599999999999995 1.532442284561925 1.532442284561925 1.532442284561925 0.0008494948519429062 0.0008494948519429062 0.0008494948519429062 1 1 1 Converged Converged Converged OK OK OK 61 61 61 61 61 61 3 3 3 0 0 0 0 1 0 0 1
111 111 linear 3 23 1113 3 0.001 0.4098940347573839 0.0005267636251539402 0.00018159402869257019 2.0271580710268911 0.10299021830016954 2.0271943898326295 0.5 -2.026978586242433 1.5404321153476677 OK 13 12 0.75690000000000002 0.70255999999999996 0.16971 0.576349 0.44168000000000002 0 0.18055100000000002 0.26087999999999995 0.16971 0.058779999999999999 0.059247000000000001 0.053933000000000002 0.10208400000000001 0.18163999999999997 0.096866000000000035 0.0033239999999999997 0.0036149999999999997 0.0032199999999999998 0.00079499999999999992 0.00079100000000000004 0.00076599999999999997 1.5404312404725915 1.5404312404725915 1.5404312404725915 0.00086284172895456646 0.00086284172895456646 0.00086284172895456646 1 1 1 Converged Converged Converged OK OK OK 61 61 61 61 61 61 3 3 3 0 0 0 0 1 0 0 1
111 111 linear 3 0 1113 0 0.0001 0.4098940347573839 0.0005267636251539402 0.00018159402869257019 2.0271580710268911 0.10299021830016954 2.0271217522211527 0.5 -2.0269059486309562 1.5187853974572534 OK 13 12 0.71470500000000003 0.71390600000000004 0.23798 0.47060400000000002 0.47187200000000001 0 0.24410100000000001 0.24203400000000003 0.23798 0.059569999999999998 0.060758 0.057322999999999999 0.14901600000000004 0.14640000000000006 0.14580499999999993 0.005326 0.0052449999999999997 0.0054929999999999996 0.00094399999999999996 0.00095700000000000006 0.000959 1.5187845319606073 1.5187845319606073 1.5187845319606073 6.7561852812860476e-09 6.7561852812860476e-09 6.7561852812860476e-09 1 1 1 Converged Converged Converged OK OK OK 93 93 93 93 93 93 3 3 3 0 0 0 0 0 1 0 0
111 111 linear 3 7 1113 1 0.0001 0.4098940347573839 0.0005267636251539402 0.00018159402869257019 2.0271580710268911 0.10299021830016954 2.0271438593202977 0.5 -2.0269280557301013 1.5249606742527433 OK 13 12 0.83194699999999999 0.79083700000000001 0.23222999999999999 0.59587599999999996 0.43152000000000001 0 0.23607100000000003 0.359317 0.23222999999999999 0.059705000000000001 0.060027999999999998 0.055541 0.14643699999999993 0.26934099999999994 0.14737899999999998 0.005104 0.0052640000000000004 0.0051349999999999998 0.0009810000000000001 0.00095299999999999996 0.00093599999999999998 1.5249598267389111 1.5249598267389111 1.5249598267389111 6.8881003681030577e-09 6.8881003681030577e-09 6.8881003681030577e-09 1 1 1 Converged Converged Converged OK OK OK 93 93 93 93 93 93 3 3 3 0 0 0 0 1 0 0 1
111 111 linear 3 15 1113 2 0.0001 0.4098940347573839 0.0005267636251539402 0.00018159402869257019 2.0271580710268911 0.10299021830016954 2.0271691245764636 0.5 -2.0269533209862671 1.5324431353330832 OK 13 12 0.85034500000000002 0.81020400000000004 0.228797 0.61480999999999997 0.45593600000000001 0 0.23553500000000005 0.35426800000000003 0.228797 0.060158999999999997 0.063006000000000006 0.054619000000000001 0.14489300000000002 0.26156600000000002 0.14527999999999996 0.0055479999999999991 0.0054190000000000002 0.0050700000000000007 0.00092199999999999997 0.00092099999999999994 0.00091199999999999994 1.5324422851196216 1.5324422851196216 1.5324422851196216 7.0543680992258099e-09 7.0543680992258099e-09 7.0543680992258099e-09 1 1 1 Converged Converged Converged OK OK OK 93 93 93 93 93 93 3 3 3 0 0 0 0 1 0 0 1
111 111 linear 3 23 1113 3 0.0001 0.4098940347573839 0.0005267636251539402 0.00018159402869257019 2.0271580710268911 0.10299021830016954 2.0271943898326295 0.5 -2.026978586242433 1.5404321153476677 OK 13 12 0.81460999999999995 0.80045599999999995 0.22611300000000001 0.57902799999999999 0.44583299999999998 0 0.23558199999999996 0.35462299999999997 0.22611300000000001 0.059206000000000002 0.059609000000000002 0.054442999999999998 0.14643200000000001 0.26464900000000002 0.14285599999999993 0.0052139999999999999 0.0055360000000000001 0.0050410000000000003 0.00095500000000000001 0.00097700000000000022 0.00096500000000000004 1.5404312410520351 1.5404312410520351 1.5404312410520351 7.240454340252066e-09 7.240454340252066e-09 7.240454340252066e-09 1 1 1 Converged Converged Converged OK OK OK 93 93 93 93 93 93 3 3 3 0 0 0 0 1 0 0 1
111 111 linear 4 0 1114 0 0.001 0.4098940347573839 0.0005267636251539402 0.00018159402869257019 2.0272494309278279 -0.1034965958727679 2.0272131121220895 0.5 -2.0269973085318931 1.5750350698761613 OK 13 12 0.52255200000000002 0.524613 0.15584000000000001 0.36284300000000003 0.36457499999999998 0 0.15970899999999999 0.16003800000000001 0.15584000000000001 0.034393 0.035296000000000001 0.032576000000000001 0.10344500000000001 0.10239699999999999 0.10158600000000001 0.003143 0.0034510000000000001 0.003202 0.00068499999999999995 0.00072300000000000001 0.00068400000000000004 1.5750341065716056 1.5750341065716056 1.5750341065716056 0.00090196288738394375 0.00090196288738394375 0.00090196288738394375 1 1 1 Converged Converged Converged OK OK OK 61 61 61 61 61 61 3 3 3 0 0 0 0 0 1 0 0
111 111 linear 4 7 1114 1 0.001 0.4098940347573839 0.0005267636251539402 0.00018159402869257019 2.0272494309278279 -0.1034965958727679 2.0272352192212346 0.5 -2.0270194156310382 1.5916104954889796 OK 13 12 0.58563100000000001 0.51447399999999999 0.14819599999999999 0.43194900000000003 0.28793000000000002 0 0.15368199999999999 0.22654399999999997 0.14819599999999999 0.033987000000000003 0.034581000000000001 0.031191 0.10058400000000001 0.17226100000000003 0.098310999999999996 0.0030979999999999996 0.003431 0.0030509999999999995 0.00066399999999999999 0.00071299999999999998 0.00065600000000000001 1.5916095546342084 1.5916095546342084 1.5916095546342084 0.00092520567980772218 0.00092520567980772218 0.00092520567980772218 1 1 1 Converged Converged Converged OK OK OK 61 61 61 61 61 61 3 3 3 0 0 0 0 1 0 0 1
111 111 linear 4 15 1114 2 0.001 0.4098940347573839 0.0005267636251539402 0.00018159402869257019 2.0272494309278279 -0.1034965958727679 2.0272604844774005 0.5 -2.027044680887204 1.6131204243757469 OK 13 12 0.71110099999999998 0.64350200000000002 0.15096999999999999 0.55492900000000001 0.40941 0 0.15617199999999998 0.23409200000000002 0.15096999999999999 0.033635999999999999 0.034507999999999997 0.030710999999999999 0.10331100000000001 0.17994499999999994 0.101649 0.0031850000000000003 0.0034499999999999999 0.0030739999999999999 0.00071000000000000002 0.00067699999999999998 0.00064899999999999995 1.6131194243292766 1.6131194243292766 1.6131194243292766 0.00095427173084631914 0.00095427173084631914 0.00095427173084631914 1 1 1 Converged Converged Converged OK OK OK 61 61 61 61 61 61 3 3 3 0 0 0 0 1 0 0 1
111 111 linear 4 23 1114 3 0.001 0.4098940347573839 0.0005267636251539402 0.00018159402869257019 2.0272494309278279 -0.1034965958727679 2.0272857497335663 0.5 -2.0270699461433699 1.6381047466132848 OK 13 12 0.53288100000000005 0.445882 0.16151499999999999 0.35920000000000002 0.21343599999999999 0 0.17368100000000003 0.23244600000000001 0.16151499999999999 0.034865 0.03789 0.030928000000000001 0.113797 0.175182 0.11192300000000001 0.0082839999999999997 0.0032819999999999998 0.00313 0.00083400000000000011 0.00068000000000000005 0.00066100000000000002 1.6381037276864574 1.6381037276864574 1.6381037276864574 0.00098637076768431984 0.00098637076768431984 0.00098637076768431984 1 1 1 Converged Converged Converged OK OK OK 61 61 61 61 61 61 3 3 3 0 0 0 0 1 0 0 1
111 111 linear 4 0 1114 0 0.0001 0.4098940347573839 0.0005267636251539402 0.00018159402869257019 2.0272494309278279 -0.1034965958727679 2.0272131121220895 0.5 -2.0269973085318931 1.5750350698761613 OK 13 12 0.58408700000000002 0.58250500000000005 0.215333 0.36215900000000001 0.35925600000000002 0 0.22192800000000001 0.22324900000000003 0.215333 0.035000000000000003 0.034930999999999997 0.032823999999999999 0.151919 0.15432000000000001 0.14883199999999994 0.0051319999999999994 0.0048970000000000003 0.0047829999999999991 0.00094499999999999988 0.00089500000000000007 0.00088599999999999996 1.5750341072089478 1.5750341072089478 1.5750341072089478 7.8685785757033452e-09 7.8685785757033452e-09 7.8685785757033452e-09 1 1 1 Converged Converged Converged OK OK OK 93 93 93 93 93 93 3 3 3 0 0 0 0 0 1 0 0
111 111 linear 4 7 1114 1 0.0001 0.4098940347573839 0.0005267636251539402 0.00018159402869257019 2.0272494309278279 -0.1034965958727679 2.0272352192212346 0.5 -2.0270194156310382 1.5916104954889796 OK 13 12 0.65226499999999998 0.60840899999999998 0.207068 0.43510500000000002 0.28865299999999999 0 0.21715999999999996 0.31975599999999998 0.207068 0.033876000000000003 0.036125999999999998 0.031329000000000003 0.15414800000000003 0.25366000000000005 0.14732300000000007 0.0048730000000000006 0.0051630000000000001 0.0048690000000000001 0.00092299999999999999 0.00090700000000000004 0.0008879999999999999 1.5916095554295682 1.5916095554295682 1.5916095554295682 8.766988934980108e-09 8.766988934980108e-09 8.766988934980108e-09 1 1 1 Converged Converged Converged OK OK OK 93 93 93 93 93 93 3 3 3 0 0 0 0 1 0 0 1
111 111 linear 4 15 1114 2 0.0001 0.4098940347573839 0.0005267636251539402 0.00018159402869257019 2.0272494309278279 -0.1034965958727679 2.0272604844774005 0.5 -2.027044680887204 1.6131204243757469 OK 13 12 0.76526499999999997 0.74429900000000004 0.20619100000000001 0.55117000000000005 0.420074 0 0.21409499999999992 0.32422500000000004 0.20619100000000001 0.034887000000000001 0.034630000000000001 0.030754 0.15012399999999998 0.26036400000000004 0.14709999999999993 0.004993 0.0050439999999999999 0.0048199999999999996 0.0009230000000000001 0.00090100000000000011 0.00088900000000000003 1.6131194254332919 1.6131194254332919 1.6131194254332919 1.0063899986206942e-08 1.0063899986206942e-08 1.0063899986206942e-08 1 1 1 Converged Converged Converged OK OK OK 93 93 93 93 93 93 3 3 3 0 0 0 0 1 0 0 1
111 111 linear 4 23 1114 3 0.0001 0.4098940347573839 0.0005267636251539402 0.00018159402869257019 2.0272494309278279 -0.1034965958727679 2.0272857497335663 0.5 -2.0270699461433699 1.6381047466132848 OK 13 12 0.59571799999999997 0.55158600000000002 0.223829 0.365174 0.21623600000000001 0 0.23054399999999997 0.33535000000000004 0.223829 0.033940999999999999 0.035263999999999997 0.03083 0.16738200000000009 0.26706000000000008 0.16462399999999994 0.004906999999999999 0.0085059999999999997 0.004836 0.00090200000000000002 0.00091300000000000018 0.00088800000000000012 1.6381037293286664 1.6381037293286664 1.6381037293286664 1.1602194680600836e-08 1.1602194680600836e-08 1.1602194680600836e-08 1 1 1 Converged Converged Converged OK OK OK 93 93 93 93 93 93 3 3 3 0 0 0 0 1 0 0 1
111 111 uniform 0 0 1115 0 0.001 0.4098940347573839 0.0005267636251539402 0.00018159402869257019 2.0284862628869877 0.10212283490124331 2.0284499440812493 0 -2.0282341404910529 4.6875510780758916 OK 13 12 0.67537000000000003 0.67225999999999997 0.178116 0.486813 0.48866100000000001 0 0.18855700000000003 0.18359899999999996 0.178116 0.063102000000000005 0.062414999999999998 0.057500999999999997 0.097733999999999988 0.097311000000000009 0.096449999999999966 0.0035410000000000003 0.003467 0.0035509999999999995 0.00087200000000000005 0.00088699999999999998 0.00086699999999999993 4.6875577014859413 4.6875577014859413 4.6875577014859413 0.0045638679381247715 0.0045638679381247715 0.0045638679381247715 1 1 1 Converged Converged Converged OK OK OK 74 74 74 74 74 74 6 6 6 0 0 0 0 0 1 0 0
111 111 uniform 0 7 1115 1 0.001 0.4098940347573839 0.0005267636251539402 0.00018159402869257019 2.0284862628869877 0.10212283490124331 2.0284720511803944 0 -2.028256247590198 4.6182678134780897 OK 13 12 0.65208699999999997 0.57262199999999996 0.17479 0.47455799999999998 0.32796700000000001 0 0.17752899999999999 0.24465499999999996 0.17479 0.058241000000000001 0.059783000000000003 0.055855000000000002 0.10125199999999999 0.166578 0.10106799999999999 0.0029970000000000001 0.003104 0.0031879999999999999 0.00079900000000000001 0.00079499999999999992 0.00080999999999999996 4.6182877256477619 4.6182877256477619 4.6182877256477619 0.0036992014483658345 0.0036992014483658345 0.0036992014483658345 1 1 1 Converged Converged Converged OK OK OK 74 74 74 74 74 74 6 6 6 0 0 0 0 1 0 0 1
111 111 uniform 0 15 1115 2 0.001 0.4098940347573839 0.0005267636251539402 0.00018159402869257019 2.0284862628869877 0.10212283490124331 2.0284973164365603 0 -2.0282815128463638 4.5280529298626329 OK 13 12 0.81562400000000002 0.70443599999999995 0.16967599999999999 0.62590900000000005 0.48002 0 0.18971499999999997 0.22441599999999995 0.16967599999999999 0.059354999999999998 0.058684 0.054983999999999998 0.11183900000000004 0.14800300000000005 0.097374999999999962 0.0030300000000000001 0.0030539999999999999 0.0029420000000000002 0.00078899999999999999 0.00076399999999999992 0.00077399999999999995 4.528055436469768 4.528055436469768 4.528055436469768 0.0034804248712905204 0.0034804248712905204 0.0034804248712905204 1 1 1 Converged Converged Converged OK OK OK 74 74 74 74 74 74 6 6 6 0 0 0 0 1 0 0 1
111 111 uniform 0 23 1115 3 0.001 0.4098940347573839 0.0005267636251539402 0.00018159402869257019 2.0284862628869877 0.10212283490124331 2.0285225816927261 0 -2.0283067781025297 4.4266253820175034 OK 13 12 0.79587799999999997 0.69543299999999997 0.16770299999999999 0.618865 0.46762999999999999 0 0.17701299999999998 0.22780299999999998 0.16770299999999999 0.060689 0.062895999999999994 0.055646000000000001 0.098011000000000015 0.14710299999999996 0.094821000000000003 0.0029819999999999998 0.0030539999999999999 0.0030130000000000001 0.00078300000000000006 0.00074999999999999991 0.00074100000000000001 4.4266267210423553 4.4266267210423553 4.4266267210423553 0.0029615952328011573 0.0029615952328011573 0.0029615952328011573 1 1 1 Converged Converged Converged OK OK OK 74 74 74 74 74 74 6 6 6 0 0 0 0 1 0 0 1
111 111 uniform 0 0 1115 0 0.0001 0.4098940347573839 0.0005267636251539402 0.00018159402869257019 2.0284862628869877 0.10212283490124331 2.0284499440812493 0 -2.0282341404910529 4.6875510780758916 OK 13 12 0.70565100000000003 0.70522899999999999 0.21368699999999999 0.49076399999999998 0.49018200000000001 0 0.21488700000000005 0.21504699999999999 0.21368699999999999 0.059762000000000003 0.059692000000000002 0.058970000000000002 0.12257199999999996 0.12288499999999998 0.12234200000000002 0.004115999999999999 0.0044209999999999996 0.004228 0.0011129999999999998 0.0010809999999999999 0.001093 4.6875513859048219 4.6875513859048219 4.6875513859048219 0.00018369759113296216 0.00018369759113296216 0.00018369759113296216 1 1 1 Converged Converged Converged OK OK OK 98 98 98 98 98 98 6 6 6 0 0 0 0 0 1 0 0
111 111 uniform 0 7 1115 1 0.0001 0.4098940347573839 0.0005267636251539402 0.00018159402869257019 2.0284862628869877 0.10212283490124331 2.0284720511803944 0 -2.028256247590198 4.6182678134780897 OK 13 12 0.696766 0.63125200000000004 0.20757999999999999 0.48101500000000003 0.33017400000000002 0 0.21575099999999997 0.30107800000000001 0.20757999999999999 0.060263999999999998 0.061162000000000001 0.056612999999999997 0.13042799999999999 0.21420200000000003 0.12693400000000005 0.0042649999999999997 0.0046210000000000001 0.0040769999999999999 0.0010870000000000001 0.00108 0.0010679999999999999 4.6182679111263081 4.6182679111263081 4.6182679111263081 0.0001703227781837827 0.0001703227781837827 0.0001703227781837827 1 1 1 Converged Converged Converged OK OK OK 98 98 98 98 98 98 6 6 6 0 0 0 0 1 0 0 1
111 111 uniform 0 15 1115 2 0.0001 0.4098940347573839 0.0005267636251539402 0.00018159402869257019 2.0284862628869877 0.10212283490124331 2.0284973164365603 0 -2.0282815128463638 4.5280529298626329 OK 13 12 0.83043199999999995 0.76092899999999997 0.20109399999999999 0.62506399999999995 0.47729300000000002 0 0.20536799999999999 0.28363599999999994 0.20109399999999999 0.058619999999999998 0.059894000000000003 0.055176000000000003 0.12213799999999998 0.19816100000000009 0.12173799999999997 0.0042220000000000001 0.0045739999999999999 0.0041110000000000001 0.0010380000000000001 0.001088 0.001073 4.5280531226158018 4.5280531226158018 4.5280531226158018 0.00015817613273378696 0.00015817613273378696 0.00015817613273378696 1 1 1 Converged Converged Converged OK OK OK 98 98 98 98 98 98 6 6 6 0 0 0 0 1 0 0 1
111 111 uniform 0 23 1115 3 0.0001 0.4098940347573839 0.0005267636251539402 0.00018159402869257019 2.0284862628869877 0.10212283490124331 2.0285225816927261 0 -2.0283067781025297 4.4266253820175034 OK 13 12 0.82658100000000001 0.76274799999999998 0.202294 0.61553800000000003 0.47341 0 0.21104299999999998 0.28933799999999998 0.202294 0.061363000000000001 0.059944999999999998 0.055955999999999999 0.12352399999999993 0.20447900000000008 0.12231899999999998 0.0050869999999999995 0.0043769999999999998 0.0041210000000000005 0.0012100000000000001 0.001109 0.0010300000000000001 4.4266254686475168 4.4266254686475168 4.4266254686475168 0.00014863215396211481 0.00014863215396211481 0.00014863215396211481 1 1 1 Converged Converged Converged OK OK OK 98 98 98 98 98 98 6 6 6 0 0 0 0 1 0 0 1
111 111 uniform 1 0 1116 0 0.001 0.4098940347573839 0.0005267636251539402 0.00018159402869257019 2.0287502963506019 0.10208160649713029 2.0287139775448635 0 -2.028498173954667 3.6816504373427472 OK 13 12 0.795377 0.80369999999999997 0.17749300000000001 0.616147 0.61838300000000002 0 0.17923 0.18531699999999995 0.17749300000000001 0.059563999999999999 0.06318 0.058198 0.095960999999999991 0.096819999999999976 0.095674999999999996 0.0029509999999999996 0.0037680000000000001 0.0031679999999999998 0.00095799999999999987 0.00096199999999999996 0.00099299999999999996 3.6816506216860536 3.6816506216860536 3.6816506216860536 0.00084655967881134501 0.00084655967881134501 0.00084655967881134501 1 1 1 Converged Converged Converged OK OK OK 74 74 74 74 74 74 6 6 6 0 0 0 0 0 1 0 0
111 111 uniform 1 7 1116 1 0.001 0.4098940347573839 0.0005267636251539402 0.00018159402869257019 2.0287502963506019 0.10208160649713029 2.0287360846440086 0 -2.0285202810538121 3.5537016230432856 OK 13 12 0.75316899999999998 0.66575799999999996 0.17549000000000001 0.57288499999999998 0.43465799999999999 0 0.180284 0.23109999999999997 0.17549000000000001 0.058090999999999997 0.062066000000000003 0.059003 0.10359899999999998 0.14970900000000004 0.098746000000000014 0.0029329999999999998 0.0034679999999999997 0.0029609999999999997 0.0009050000000000001 0.00099200000000000004 0.00097000000000000005 3.5537016716211398 3.5537016716211398 3.5537016716211398 0.00071152543558194515 0.00071152543558194515 0.00071152543558194515 1 1 1 Converged Converged Converged OK OK OK 74 74 74 74 74 74 6 6 6 0 0 0 0 1 0 0 1
111 111 uniform 1 15 1116 2 0.001 0.4098940347573839 0.0005267636251539402 0.00018159402869257019 2.0287502963506019 0.10208160649713029 2.0287613499001744 0 -2.028545546309978 3.3994082143226323 OK 13 12 0.73827900000000002 0.66563799999999995 0.164434 0.56984999999999997 0.42761900000000003 0 0.16842900000000005 0.23801899999999993 0.164434 0.059098999999999999 0.06053 0.056214 0.091370999999999952 0.15956700000000001 0.090725000000000028 0.0028890000000000001 0.0029609999999999997 0.0029030000000000002 0.00086700000000000004 0.00092199999999999997 0.00095799999999999998 3.3994083400167208 3.3994083400167208 3.3994083400167208 0.00068971258195525784 0.00068971258195525784 0.00068971258195525784 1 1 1 Converged Converged Converged OK OK OK 74 74 74 74 74 74 6 6 6 0 0 0 0 1 0 0 1
111 111 uniform 1 23 1116 3 0.001 0.4098940347573839 0.0005267636251539402 0.00018159402869257019 2.0287502963506019 0.10208160649713029 2.0287866151563403 0 -2.0285708115661438 3.2362673143488498 OK 13 12 0.67243399999999998 0.62870599999999999 0.17225399999999999 0.49434299999999998 0.35194399999999998 0 0.178091 0.27676200000000001 0.17225399999999999 0.058971000000000003 0.060332999999999998 0.054972 0.10101600000000001 0.19802599999999998 0.099784999999999999 0.0030959999999999998 0.0032859999999999999 0.0031139999999999996 0.00085300000000000003 0.00094300000000000004 0.00084800000000000012 3.2362739913304273 3.2362739913304273 3.2362739913304273 0.0013572122250877835 0.0013572122250877835 0.0013572122250877835 1 1 1 Converged Converged Converged OK OK OK 74 74 74 74 74 74 6 6 6 0 0 0 0 1 0 0 1
111 111 uniform 1 0 1116 0 0.0001 0.4098940347573839 0.0005267636251539402 0.00018159402869257019 2.0287502963506019 0.10208160649713029 2.0287139775448635 0 -2.028498173954667 3.6816504373427472 OK 13 12 0.83266099999999998 0.82967100000000005 0.210873 0.61302400000000001 0.61225300000000005 0 0.21963699999999997 0.217418 0.210873 0.062051000000000002 0.061074000000000003 0.058521999999999998 0.12278800000000002 0.12256900000000001 0.11895200000000003 0.0049849999999999998 0.0048249999999999994 0.0045520000000000005 0.0012869999999999999 0.0012330000000000002 0.0012689999999999999 3.6816506179578155 3.6816506179578155 3.6816506179578155 0.00017107343758518572 0.00017107343758518572 0.00017107343758518572 1 1 1 Converged Converged Converged OK OK OK 98 98 98 98 98 98 6 6 6 0 0 0 0 0 1 0 0
111 111 uniform 1 7 1116 1 0.0001 0.4098940347573839 0.0005267636251539402 0.00018159402869257019 2.0287502963506019 0.10208160649713029 2.0287360846440086 0 -2.0285202810538121 3.5537016230432856 OK 13 12 0.77448499999999998 0.70965 0.19856199999999999 0.57536100000000001 0.43455300000000002 0 0.19912399999999997 0.27509699999999998 0.19856199999999999 0.058722000000000003 0.060948000000000002 0.055810999999999999 0.11705599999999997 0.18992200000000004 0.11938900000000002 0.0039230000000000003 0.0042380000000000004 0.00396 0.0011119999999999999 0.0011490000000000001 0.0011609999999999999 3.5537016716286831 3.5537016716286831 3.5537016716286831 0.00034913042086223022 0.00034913042086223022 0.00034913042086223022 1 1 1 Converged Converged Converged OK OK OK 90 90 90 90 90 90 6 6 6 0 0 0 0 1 0 0 1
111 111 uniform 1 15 1116 2 0.0001 0.4098940347573839 0.0005267636251539402 0.00018159402869257019 2.0287502963506019 0.10208160649713029 2.0287613499001744 0 -2.028545546309978 3.3994082143226323 OK 13 12 0.760131 0.71433000000000002 0.188721 0.57002399999999998 0.434581 0 0.19010700000000003 0.27974900000000003 0.188721 0.059295 0.060893000000000003 0.058264999999999997 0.10771900000000001 0.19481900000000008 0.10738199999999999 0.003764 0.0040850000000000001 0.0040209999999999994 0.001036 0.0012049999999999999 0.0010380000000000001 3.3994083400239345 3.3994083400239345 3.3994083400239345 0.00032731793748653809 0.00032731793748653809 0.00032731793748653809 1 1 1 Converged Converged Converged OK OK OK 90 90 90 90 90 90 6 6 6 0 0 0 0 1 0 0 1
111 111 uniform 1 23 1116 3 0.0001 0.4098940347573839 0.0005267636251539402 0.00018159402869257019 2.0287502963506019 0.10208160649713029 2.0287866151563403 0 -2.0285708115661438 3.2362673143488498 OK 13 12 0.7147 0.70862999999999998 0.21798699999999999 0.49005100000000001 0.35361500000000001 0 0.22464899999999999 0.35501499999999997 0.21798699999999999 0.058313999999999998 0.059622000000000001 0.055161000000000002 0.13758899999999999 0.26626400000000006 0.13516199999999992 0.0049830000000000004 0.0052059999999999997 0.0049610000000000001 0.0012079999999999999 0.0013850000000000002 0.00116 3.2362672116226712 3.2362672116226712 3.2362672116226712 0.00017824920686909749 0.00017824920686909749 0.00017824920686909749 1 1 1 Converged Converged Converged OK OK OK 106 106 106 106 106 106 6 6 6 0 0 0 0 1 0 0 1
111 111 uniform 2 0 1117 0 0.001 0.4098940347573839 0.0005267636251539402 0.00018159402869257019 2.0265530607439652 -0.10171304795822947 2.0265167419382268 0 -2.0263009383480304 2.6713047575913187 OK 13 12 0.64555300000000004 0.65706699999999996 0.16916 0.47208099999999997 0.47471600000000003 0 0.17347200000000007 0.18235099999999993 0.16916 0.061614000000000002 0.062465 0.057988999999999999 0.090583999999999984 0.098562000000000011 0.090260999999999994 0.0028459999999999996 0.0028090000000000003 0.0027530000000000002 0.00077699999999999991 0.00069699999999999992 0.00072800000000000002 2.6713041077562614 2.6713041077562614 2.6713041077562614 0.00096330241138366235 0.00096330241138366235 0.00096330241138366235 1 1 1 Converged Converged Converged OK OK OK 66 66 66 66 66 66 6 6 6 0 0 0 0 0 1 0 0
111 111 uniform 2 7 1117 1 0.001 0.4098940347573839 0.0005267636251539402 0.00018159402869257019 2.0265530607439652 -0.10171304795822947 2.0265388490373719 0 -2.0263230454471755 2.5614144090963746 OK 13 12 0.79154599999999997 0.72646200000000005 0.163243 0.62443499999999996 0.48408200000000001 0 0.16711100000000001 0.24238000000000004 0.163243 0.058652000000000003 0.061638999999999999 0.056031999999999998 0.091575999999999991 0.16373900000000002 0.091395000000000018 0.0027690000000000002 0.0028169999999999996 0.0025829999999999998 0.00063199999999999997 0.00065699999999999992 0.00063199999999999997 2.5614140717217255 2.5614140717217255 2.5614140717217255 0.00093467852855677895 0.00093467852855677895 0.00093467852855677895 1 1 1 Converged Converged Converged OK OK OK 66 66 66 66 66 66 6 6 6 0 0 0 0 1 0 0 1
111 111 uniform 2 15 1117 2 0.001 0.4098940347573839 0.0005267636251539402 0.00018159402869257019 2.0265530607439652 -0.10171304795822947 2.0265641142935378 0 -2.0263483107033413 2.3936847639022343 OK 13 12 0.66118900000000003 0.59813799999999995 0.16619 0.49390800000000001 0.35317500000000002 0 0.16728100000000001 0.24496299999999993 0.16619 0.059166999999999997 0.061004999999999997 0.055377000000000003 0.091675999999999938 0.16691399999999995 0.094985000000000014 0.0026589999999999999 0.0030039999999999997 0.0026080000000000001 0.00070300000000000007 0.00074699999999999994 0.000727 2.3936851436617048 2.3936851436617048 2.3936851436617048 0.0009466845422653504 0.0009466845422653504 0.0009466845422653504 1 1 1 Converged Converged Converged OK OK OK 66 66 66 66 66 66 6 6 6 0 0 0 0 1 0 0 1
111 111 uniform 2 23 1117 3 0.001 0.4098940347573839 0.0005267636251539402 0.00018159402869257019 2.0265530607439652 -0.10171304795822947 2.0265893795497036 0 -2.0263735759595072 2.1329852356382863 OK 13 12 0.65788599999999997 0.63837600000000005 0.158552 0.49047800000000003 0.353657 0 0.16740799999999995 0.28471900000000006 0.158552 0.058479999999999997 0.059362999999999999 0.054712999999999998 0.090840000000000018 0.20632199999999995 0.086309999999999998 0.0029510000000000001 0.0033539999999999998 0.0028470000000000001 0.000803 0.00092699999999999998 0.00082700000000000004 2.1329850299591979 2.1329850299591979 2.1329850299591979 0.00060226262121748262 0.00060226262121748262 0.00060226262121748262 1 1 1 Converged Converged Converged OK OK OK 67 67 67 67 67 67 5 5 5 0 0 0 0 1 0 0 1
111 111 uniform 2 0 1117 0 0.0001 0.4098940347573839 0.0005267636251539402 0.00018159402869257019 2.0265530607439652 -0.10171304795822947 2.0265167419382268 0 -2.0263009383480304 2.6713047575913187 OK 13 12 0.69977299999999998 0.69677199999999995 0.21620900000000001 0.48297600000000002 0.48022799999999999 0 0.21679699999999996 0.21654399999999996 0.21620900000000001 0.060534999999999999 0.060338999999999997 0.059140999999999999 0.12315100000000002 0.12342500000000001 0.12320900000000001 0.0043579999999999999 0.0040910000000000009 0.0047650000000000001 0.001126 0.001093 0.0012039999999999998 2.6713041514796227 2.6713041514796227 2.6713041514796227 5.4006905959222014e-05 5.4006905959222014e-05 5.4006905959222014e-05 1 1 1 Converged Converged Converged OK OK OK 98 98 98 98 98 98 6 6 6 0 0 0 0 0 1 0 0
111 111 uniform 2 7 1117 1 0.0001 0.4098940347573839 0.0005267636251539402 0.00018159402869257019 2.0265530607439652 -0.10171304795822947 2.0265388490373719 0 -2.0263230454471755 2.5614144090963746 OK 13 12 0.82423400000000002 0.76806799999999997 0.20136599999999999 0.62220200000000003 0.47731800000000002 0 0.20203199999999999 0.29074999999999995 0.20136599999999999 0.059521999999999999 0.061126 0.056721000000000001 0.11870899999999998 0.20635299999999995 0.12155300000000004 0.003921 0.0039239999999999995 0.0040409999999999995 0.00097500000000000006 0.001 0.00094000000000000008 2.5614140278640249 2.5614140278640249 2.5614140278640249 0.00020232174864856907 0.00020232174864856907 0.00020232174864856907 1 1 1 Converged Converged Converged OK OK OK 90 90 90 90 90 90 6 6 6 0 0 0 0 1 0 0 1
111 111 uniform 2 15 1117 2 0.0001 0.4098940347573839 0.0005267636251539402 0.00018159402869257019 2.0265530607439652 -0.10171304795822947 2.0265641142935378 0 -2.0263483107033413 2.3936847639022343 OK 13 12 0.69276300000000002 0.64835600000000004 0.196631 0.48735000000000001 0.35215099999999999 0 0.20541300000000001 0.29620500000000005 0.196631 0.063446000000000002 0.060644999999999998 0.056069000000000001 0.11837999999999997 0.21181800000000006 0.11781399999999999 0.0039820000000000003 0.0041619999999999999 0.0038790000000000001 0.00099700000000000006 0.0010350000000000001 0.00098499999999999998 2.3936846874487143 2.3936846874487143 2.3936846874487143 0.00015305131345103354 0.00015305131345103354 0.00015305131345103354 1 1 1 Converged Converged Converged OK OK OK 90 90 90 90 90 90 6 6 6 0 0 0 0 1 0 0 1
111 111 uniform 2 23 1117 3 0.0001 0.4098940347573839 0.0005267636251539402 0.00018159402869257019 2.0265530607439652 -0.10171304795822947 2.0265893795497036 0 -2.0263735759595072 2.1329852356382863 OK 13 12 0.68974500000000005 0.69905099999999998 0.19051599999999999 0.49116799999999999 0.34882099999999999 0 0.19857700000000006 0.35022999999999999 0.19051599999999999 0.060770999999999999 0.060324999999999997 0.054946000000000002 0.113097 0.26482899999999998 0.11253399999999995 0.0044720000000000003 0.0048509999999999994 0.0040689999999999997 0.0011659999999999999 0.0011590000000000001 0.001106 2.1329851000178688 2.1329851000178688 2.1329851000178688 6.26997270530254e-05 6.26997270530254e-05 6.26997270530254e-05 1 1 1 Converged Converged Converged OK OK OK 91 91 91 91 91 91 5 5 5 0 0 0 0 1 0 0 1
111 111 uniform 3 0 1118 0 0.001 0.4098940347573839 0.0005267636251539402 0.00018159402869257019 2.0271580710268911 0.10299021830016954 2.0271217522211527 0 -2.0269059486309562 1.5191080378173281 OK 13 12 0.60580599999999996 0.60555999999999999 0.129438 0.47020800000000001 0.46932600000000002 0 0.13559799999999994 0.13623399999999997 0.129438 0.060868999999999999 0.061011000000000003 0.056113000000000003 0.057644000000000001 0.05812699999999997 0.057142000000000005 0.0023359999999999995 0.0025579999999999999 0.0022070000000000002 0.00057499999999999999 0.00058300000000000008 0.00054900000000000001 1.519108025438427 1.519108025438427 1.519108025438427 0.00053287330109886633 0.00053287330109886633 0.00053287330109886633 1 1 1 Converged Converged Converged OK OK OK 45 45 45 45 45 45 3 3 3 0 0 0 0 0 1 0 0
111 111 uniform 3 7 1118 1 0.001 0.4098940347573839 0.0005267636251539402 0.00018159402869257019 2.0271580710268911 0.10299021830016954 2.0271438593202977 0 -2.0269280557301013 1.5253070414371255 OK 13 12 0.71796599999999999 0.62921099999999996 0.123946 0.58831699999999998 0.43687700000000002 0 0.12964900000000001 0.19233399999999995 0.123946 0.059413000000000001 0.060413000000000001 0.055098000000000001 0.055810000000000005 0.11747300000000002 0.055083999999999994 0.0021879999999999998 0.002434 0.0021359999999999999 0.00056300000000000002 0.00056799999999999993 0.00053200000000000003 1.5253070289944701 1.5253070289944701 1.5253070289944701 0.00053475131107214025 0.00053475131107214025 0.00053475131107214025 1 1 1 Converged Converged Converged OK OK OK 45 45 45 45 45 45 3 3 3 0 0 0 0 1 0 0 1
111 111 uniform 3 15 1118 2 0.001 0.4098940347573839 0.0005267636251539402 0.00018159402869257019 2.0271580710268911 0.10299021830016954 2.0271691245764636 0 -2.0269533209862671 1.5328206336180503 OK 13 12 0.74650499999999997 0.64901500000000001 0.124553 0.61524900000000005 0.45936700000000003 0 0.13125599999999993 0.18964799999999998 0.124553 0.059507999999999998 0.059769999999999997 0.054448999999999997 0.057092000000000004 0.11566499999999998 0.056436999999999994 0.0022829999999999999 0.0023530000000000001 0.0022079999999999999 0.00057400000000000007 0.00055699999999999999 0.00053200000000000003 1.5328206211049742 1.5328206211049742 1.5328206211049742 0.00053700195295926126 0.00053700195295926126 0.00053700195295926126 1 1 1 Converged Converged Converged OK OK OK 45 45 45 45 45 45 3 3 3 0 0 0 0 1 0 0 1
111 111 uniform 3 23 1118 3 0.001 0.4098940347573839 0.0005267636251539402 0.00018159402869257019 2.0271580710268911 0.10299021830016954 2.0271943898326295 0 -2.026978586242433 1.5408459478629077 OK 13 12 0.70950899999999995 0.63664799999999999 0.12489500000000001 0.57929699999999995 0.44084000000000001 0 0.13021199999999999 0.19580799999999998 0.12489500000000001 0.057846000000000002 0.058070999999999998 0.053751 0.058142000000000006 0.12346999999999997 0.057589000000000008 0.002215 0.0023369999999999997 0.0021410000000000001 0.000553 0.000553 0.00053299999999999995 1.5408459352658486 1.5408459352658486 1.5408459352658486 0.00053937561465431424 0.00053937561465431424 0.00053937561465431424 1 1 1 Converged Converged Converged OK OK OK 45 45 45 45 45 45 3 3 3 0 0 0 0 1 0 0 1
111 111 uniform 3 0 1118 0 0.0001 0.4098940347573839 0.0005267636251539402 0.00018159402869257019 2.0271580710268911 0.10299021830016954 2.0271217522211527 0 -2.0269059486309562 1.5191080378173281 OK 13 12 0.652424 0.64714899999999997 0.17552999999999999 0.471999 0.46900500000000001 0 0.180425 0.17814399999999997 0.17552999999999999 0.059935000000000002 0.058765999999999999 0.056890000000000003 0.091882000000000019 0.091816999999999996 0.091090000000000004 0.0040629999999999998 0.0039139999999999999 0.0038510000000000003 0.00081300000000000003 0.00078600000000000013 0.00079200000000000006 1.519108025455395 1.519108025455395 1.519108025455395 7.3947762185816701e-05 7.3947762185816701e-05 7.3947762185816701e-05 1 1 1 Converged Converged Converged OK OK OK 77 77 77 77 77 77 3 3 3 0 0 0 0 0 1 0 0
111 111 uniform 3 7 1118 1 0.0001 0.4098940347573839 0.0005267636251539402 0.00018159402869257019 2.0271580710268911 0.10299021830016954 2.0271438593202977 0 -2.0269280557301013 1.5253070414371255 OK 13 12 0.77054 0.71593499999999999 0.171408 0.59344300000000005 0.43404300000000001 0 0.17709699999999995 0.28189199999999998 0.171408 0.059175999999999999 0.058914000000000001 0.055126000000000001 0.093348999999999974 0.19866599999999995 0.092675999999999981 0.0040010000000000002 0.003934 0.0037919999999999998 0.00077400000000000006 0.00078800000000000007 0.00078199999999999993 1.5253070290119422 1.5253070290119422 1.5253070290119422 7.5691059930125753e-05 7.5691059930125753e-05 7.5691059930125753e-05 1 1 1 Converged Converged Converged OK OK OK 77 77 77 77 77 77 3 3 3 0 0 0 0 1 0 0 1
111 111 uniform 3 15 1118 2 0.0001 0.4098940347573839 0.0005267636251539402 0.00018159402869257019 2.0271580710268911 0.10299021830016954 2.0271691245764636 0 -2.0269533209862671 1.5328206336180503 OK 13 12 0.79042400000000002 0.73633400000000004 0.16786300000000001 0.61284700000000003 0.45524799999999999 0 0.17757699999999998 0.28108600000000006 0.16786300000000001 0.059239 0.060416999999999998 0.054290999999999999 0.093853999999999979 0.19611799999999996 0.089737999999999984 0.0040560000000000006 0.0040869999999999995 0.0039230000000000003 0.00081000000000000006 0.00083400000000000011 0.00077999999999999999 1.5328206211223405 1.5328206211223405 1.5328206211223405 7.7792183105398712e-05 7.7792183105398712e-05 7.7792183105398712e-05 1 1 1 Converged Converged Converged OK OK OK 77 77 77 77 77 77 3 3 3 0 0 0 0 1 0 0 1
111 111 uniform 3 23 1118 3 0.0001 0.4098940347573839 0.0005267636251539402 0.00018159402869257019 2.0271580710268911 0.10299021830016954 2.0271943898326295 0 -2.026978586242433 1.5408459478629077 OK 13 12 0.75071600000000005 0.72508700000000004 0.16733999999999999 0.57684199999999997 0.44247799999999998 0 0.17387400000000008 0.28260900000000005 0.16733999999999999 0.058895999999999997 0.059478999999999997 0.053488000000000001 0.090867000000000031 0.19904800000000003 0.090556000000000011 0.0039439999999999996 0.0039269999999999999 0.0037930000000000004 0.00077300000000000003 0.00081699999999999991 0.00076800000000000002 1.5408459352831292 1.5408459352831292 1.5408459352831292 8.0021135329965575e-05 8.0021135329965575e-05 8.0021135329965575e-05 1 1 1 Converged Converged Converged OK OK OK 77 77 77 77 77 77 3 3 3 0 0 0 0 1 0 0 1
111 111 uniform 4 0 1119 0 0.001 0.4098940347573839 0.0005267636251539402 0.00018159402869257019 2.0272494309278279 -0.1034965958727679 2.0272131121220895 0 -2.0269973085318931 1.5760746829830237 OK 13 12 0.47287800000000002 0.47491899999999998 0.107684 0.35625400000000002 0.36380099999999999 0 0.11662400000000001 0.11111799999999999 0.107684 0.034456000000000001 0.034637000000000001 0.032164999999999999 0.065992999999999996 0.060311000000000017 0.05956400000000002 0.0021950000000000003 0.0022179999999999999 0.0021589999999999999 0.00054500000000000002 0.00059000000000000003 0.00054799999999999998 1.5760746696213699 1.5760746696213699 1.5760746696213699 0.00052914441828787748 0.00052914441828787748 0.00052914441828787748 1 1 1 Converged Converged Converged OK OK OK 45 45 45 45 45 45 3 3 3 0 0 0 0 0 1 0 0
111 111 uniform 4 7 1119 1 0.001 0.4098940347573839 0.0005267636251539402 0.00018159402869257019 2.0272494309278279 -0.1034965958727679 2.0272352192212346 0 -2.0270194156310382 1.5928468063852992 OK 13 12 0.53799600000000003 0.44123000000000001 0.099192000000000002 0.433562 0.28701300000000002 0 0.10443400000000003 0.15421699999999999 0.099192000000000002 0.034585999999999999 0.034049000000000003 0.031014 0.055541000000000014 0.10606299999999998 0.054597000000000014 0.0021700000000000001 0.0022330000000000002 0.0021549999999999998 0.00056299999999999992 0.00056700000000000001 0.00052799999999999993 1.592846792457095 1.592846792457095 1.592846792457095 0.00052911857513513122 0.00052911857513513122 0.00052911857513513122 1 1 1 Converged Converged Converged OK OK OK 45 45 45 45 45 45 3 3 3 0 0 0 0 1 0 0 1
111 111 uniform 4 15 1119 2 0.001 0.4098940347573839 0.0005267636251539402 0.00018159402869257019 2.0272494309278279 -0.1034965958727679 2.0272604844774005 0 -2.027044680887204 1.6146552214524501 OK 13 12 0.65746899999999997 0.57982500000000003 0.10070900000000001 0.55294399999999999 0.41353200000000001 0 0.10452499999999998 0.16629300000000002 0.10070900000000001 0.033751999999999997 0.034922000000000002 0.030752000000000002 0.056711999999999999 0.11742300000000003 0.056430000000000008 0.0021949999999999999 0.0022130000000000001 0.002163 0.00053899999999999998 0.00054599999999999994 0.00053200000000000003 1.6146552065923951 1.6146552065923951 1.6146552065923951 0.00052769454984215346 0.00052769454984215346 0.00052769454984215346 1 1 1 Converged Converged Converged OK OK OK 45 45 45 45 45 45 3 3 3 0 0 0 0 1 0 0 1
111 111 uniform 4 23 1119 3 0.001 0.4098940347573839 0.0005267636251539402 0.00018159402869257019 2.0272494309278279 -0.1034965958727679 2.0272857497335663 0 -2.0270699461433699 1.6400563656693172 OK 13 12 0.48097699999999999 0.37946099999999999 0.118162 0.361792 0.214673 0 0.11918499999999999 0.16478799999999999 0.118162 0.034638000000000002 0.034445999999999997 0.034462 0.070333999999999994 0.11617999999999999 0.070046999999999984 0.002281 0.0023 0.0021670000000000001 0.00054100000000000003 0.00054000000000000001 0.00053300000000000005 1.6400563488444633 1.6400563488444633 1.6400563488444633 0.00052388462370058062 0.00052388462370058062 0.00052388462370058062 1 1 1 Converged Converged Converged OK OK OK 45 45 45 45 45 45 3 3 3 0 0 0 0 1 0 0 1
111 111 uniform 4 0 1119 0 0.0001 0.4098940347573839 0.0005267636251539402 0.00018159402869257019 2.0272494309278279 -0.1034965958727679 2.0272131121220895 0 -2.0269973085318931 1.5760746829830237 OK 13 12 0.51932400000000001 0.52060799999999996 0.15581900000000001 0.35831200000000002 0.35761300000000001 0 0.16101199999999999 0.16299499999999995 0.15581900000000001 0.035334999999999998 0.034297000000000001 0.032038999999999998 0.096807000000000004 0.09721100000000002 0.096226000000000034 0.0042529999999999998 0.0076880000000000004 0.0038770000000000002 0.00093099999999999997 0.00080699999999999999 0.00079900000000000001 1.5760746698010299 1.5760746698010299 1.5760746698010299 7.4078809458987636e-05 7.4078809458987636e-05 7.4078809458987636e-05 1 1 1 Converged Converged Converged OK OK OK 77 77 77 77 77 77 3 3 3 0 0 0 0 0 1 0 0
111 111 uniform 4 7 1119 1 0.0001 0.4098940347573839 0.0005267636251539402 0.00018159402869257019 2.0272494309278279 -0.1034965958727679 2.0272352192212346 0 -2.0270194156310382 1.5928468063852992 OK 13 12 0.59522600000000003 0.52137999999999995 0.14971200000000001 0.44152599999999997 0.28890300000000002 0 0.15370000000000006 0.23247699999999993 0.14971200000000001 0.034097000000000002 0.034535999999999997 0.031458 0.095537999999999956 0.174071 0.094976000000000005 0.0039589999999999998 0.0039719999999999998 0.003869 0.000794 0.000776 0.00078200000000000003 1.5928467927736112 1.5928467927736112 1.5928467927736112 7.4127876038076936e-05 7.4127876038076936e-05 7.4127876038076936e-05 1 1 1 Converged Converged Converged OK OK OK 77 77 77 77 77 77 3 3 3 0 0 0 0 1 0 0 1
111 111 uniform 4 15 1119 2 0.0001 0.4098940347573839 0.0005267636251539402 0.00018159402869257019 2.0272494309278279 -0.1034965958727679 2.0272604844774005 0 -2.027044680887204 1.6146552214524501 OK 13 12 0.70996000000000004 0.657995 0.152174 0.55297700000000005 0.41098299999999999 0 0.15698299999999998 0.24701200000000001 0.152174 0.034144000000000001 0.038199999999999998 0.030658999999999999 0.098777000000000018 0.18494699999999997 0.094792999999999988 0.0038850000000000004 0.0039110000000000004 0.0038019999999999994 0.00078899999999999999 0.00077299999999999992 0.00079600000000000005 1.6146552071698914 1.6146552071698914 1.6146552071698914 7.4182059947841181e-05 7.4182059947841181e-05 7.4182059947841181e-05 1 1 1 Converged Converged Converged OK OK OK 77 77 77 77 77 77 3 3 3 0 0 0 0 1 0 0 1
111 111 uniform 4 23 1119 3 0.0001 0.4098940347573839 0.0005267636251539402 0.00018159402869257019 2.0272494309278279 -0.1034965958727679 2.0272857497335663 0 -2.0270699461433699 1.6400563656693172 OK 13 12 0.50114499999999995 0.41528599999999999 0.13316700000000001 0.36335699999999999 0.21434900000000001 0 0.13778799999999997 0.20093699999999998 0.13316700000000001 0.033939999999999998 0.034715000000000003 0.030802 0.084801999999999988 0.14714000000000005 0.083922999999999998 0.0029949999999999998 0.0030959999999999998 0.0030370000000000002 0.00073300000000000004 0.00069600000000000011 0.00070899999999999999 1.6400563488520157 1.6400563488520157 1.6400563488520157 0.0001614692902731292 0.0001614692902731292 0.0001614692902731292 1 1 1 Converged Converged Converged OK OK OK 61 61 61 61 61 61 3 3 3 0 0 0 0 1 0 0 1
112 112 linear 0 0 1120 0 0.001 1.2429295073742115 0.11072052286351672 0.0023680460808475387 -0.37733696539823108 0.2399407609806059 -0.3778105746144006 0.5 0.5017101534068924 8.1611352700594217 OK 14 13 0.445353 0.44430599999999998 0.136465 0.30559900000000001 0.30401299999999998 0 0.13975399999999999 0.140293 0.136465 0.012182 0.015347 0.011897 0.099558999999999967 0.09677099999999994 0.096552000000000027 0.0035590000000000001 0.0038559999999999996 0.0037889999999999998 0.00095200000000000005 0.00097900000000000005 0.00093700000000000012 8.1610357169517815 8.1610357169517815 8.1610357169517815 0.0059434439758696824 0.0059434439758696824 0.0059434439758696824 1 1 1 Converged Converged Converged OK OK OK 82 82 82 82 82 82 6 6 6 0 0 0 0 0 1 0 0
112 112 linear 0 7 1120 1 0.001 1.2429295073742115 0.11072052286351672 0.0023680460808475387 -0.37733696539823108 0.2399407609806059 -0.3775222907436887 0.5 0.50142186953618051 7.8054860141617528 OK 14 13 0.46598600000000001 0.44143100000000002 0.13603100000000001 0.32605099999999998 0.20991199999999999 0 0.13993500000000003 0.23151900000000003 0.13603100000000001 0.011466 0.011538 0.010876 0.106991 0.1975829999999999 0.10407399999999997 0.003565 0.0039570000000000004 0.0036929999999999997 0.00092099999999999994 0.00093999999999999986 0.00092499999999999993 7.8054925982146948 7.8054925982146948 7.8054925982146948 0.0059250427642042374 0.0059250427642042374 0.0059250427642042374 1 1 1 Converged Converged Converged OK OK OK 82 82 82 82 82 82 6 6 6 0 0 0 0 1 0 0 1
112 112 linear 0 15 1120 2 0.001 1.2429295073742115 0.11072052286351672 0.0023680460808475387 -0.37733696539823108 0.2399407609806059 -0.37719282346287514 0.5 0.50109240225536689 7.3633959038559258 OK 14 13 0.44809700000000002 0.41421999999999998 0.12698499999999999 0.31578400000000001 0.18576200000000001 0 0.13231300000000001 0.22845799999999997 0.12698499999999999 0.010954 0.011061 0.010260999999999999 0.099279999999999965 0.19568200000000002 0.095761000000000068 0.0038900000000000002 0.0038929999999999998 0.0037159999999999997 0.00095600000000000004 0.00089800000000000004 0.00088999999999999995 7.3634248781009592 7.3634248781009592 7.3634248781009592 0.0059608869372746263 0.0059608869372746263 0.0059608869372746263 1 1 1 Converged Converged Converged OK OK OK 82 82 82 82 82 82 6 6 6 0 0 0 0 1 0 0 1
112 112 linear 0 23 1120 3 0.001 1.2429295073742115 0.11072052286351672 0.0023680460808475387 -0.37733696539823108 0.2399407609806059 -0.37686335618206157 0.5 0.50076293497455338 6.8875234801477134 OK 14 13 0.44454199999999999 0.39652999999999999 0.12640799999999999 0.31319999999999998 0.19508500000000001 0 0.13134200000000001 0.20144499999999999 0.12640799999999999 0.011313 0.011199000000000001 0.010543 0.098146000000000011 0.16831499999999996 0.094786999999999982 0.0040639999999999999 0.0040150000000000003 0.003748 0.001023 0.00098700000000000003 0.00093700000000000001 6.8875481269809411 6.8875481269809411 6.8875481269809411 0.0055494136583623278 0.0055494136583623278 0.0055494136583623278 1 1 1 Converged Converged Converged OK OK OK 82 82 82 82 82 82 6 6 6 0 0 0 0 1 0 0 1
112 112 linear 0 0 1120 0 0.0001 1.2429295073742115 0.11072052286351672 0.0023680460808475387 -0.37733696539823108 0.2399407609806059 -0.3778105746144006 0.5 0.5017101534068924 8.1611352700594217 OK 14 13 0.52917999999999998 0.52543200000000001 0.21659700000000001 0.30778 0.30435400000000001 0 0.22139999999999999 0.221078 0.21659700000000001 0.012293999999999999 0.01214 0.011646 0.15833100000000003 0.15697999999999998 0.154169 0.0066599999999999993 0.007000000000000001 0.0068960000000000002 0.0014760000000000001 0.0015259999999999998 0.0014660000000000001 8.161035467515072 8.161035467515072 8.161035467515072 0.00016951283048767152 0.00016951283048767152 0.00016951283048767152 1 1 1 Converged Converged Converged OK OK OK 138 138 138 138 138 138 6 6 6 0 0 0 0 0 1 0 0
112 112 linear 0 7 1120 1 0.0001 1.2429295073742115 0.11072052286351672 0.0023680460808475387 -0.37733696539823108 0.2399407609806059 -0.3775222907436887 0.5 0.50142186953618051 7.8054860141617528 OK 14 13 0.550562 0.59607100000000002 0.20897299999999999 0.33566499999999999 0.210118 0 0.214897 0.38595299999999999 0.20897299999999999 0.01162 0.011528 0.010900999999999999 0.16541500000000001 0.33605699999999999 0.16067000000000001 0.0067120000000000001 0.0067359999999999998 0.0066300000000000005 0.0014730000000000001 0.0014609999999999998 0.0014609999999999998 7.8054922431464266 7.8054922431464266 7.8054922431464266 0.00013474958965905098 0.00013474958965905098 0.00013474958965905098 1 1 1 Converged Converged Converged OK OK OK 138 138 138 138 138 138 6 6 6 0 0 0 0 1 0 0 1
112 112 linear 0 15 1120 2 0.0001 1.2429295073742115 0.11072052286351672 0.0023680460808475387 -0.37733696539823108 0.2399407609806059 -0.37719282346287514 0.5 0.50109240225536689 7.3633959038559258 OK 14 13 0.52343399999999995 0.56524700000000005 0.20041999999999999 0.31212099999999998 0.186335 0 0.21131299999999997 0.37891200000000003 0.20041999999999999 0.010838 0.0109 0.010345 0.1622920000000001 0.32982499999999992 0.15300100000000005 0.0067409999999999996 0.0068890000000000002 0.0065889999999999994 0.0014599999999999999 0.001456 0.001415 7.3634243144593743 7.3634243144593743 7.3634243144593743 0.0001017487332793419 0.0001017487332793419 0.0001017487332793419 1 1 1 Converged Converged Converged OK OK OK 138 138 138 138 138 138 6 6 6 0 0 0 0 1 0 0 1
112 112 linear 0 23 1120 3 0.0001 1.2429295073742115 0.11072052286351672 0.0023680460808475387 -0.37733696539823108 0.2399407609806059 -0.37686335618206157 0.5 0.50076293497455338 6.8875234801477134 OK 14 13 0.51930600000000005 0.55605400000000005 0.19970199999999999 0.31360900000000003 0.193663 0 0.20569700000000002 0.36239100000000002 0.19970199999999999 0.011209 0.011325 0.010579 0.1564029999999999 0.31270899999999979 0.15211400000000005 0.0067560000000000007 0.0067419999999999997 0.0065360000000000001 0.001495 0.0014969999999999998 0.0014679999999999999 6.8875481132678065 6.8875481132678065 6.8875481132678065 7.5409859455743874e-05 7.5409859455743874e-05 7.5409859455743874e-05 1 1 1 Converged Converged Converged OK OK OK 138 138 138 138 138 138 6 6 6 0 0 0 0 1 0 0 1
112 112 linear 1 0 1121 0 0.001 1.2429295073742115 0.11072052286351672 0.0023680460808475387 0.14101334218587272 0.17931073005200926 0.14053973296970321 0.5 -0.016640154177211416 25.955263328779324 OK 14 13 0.37443399999999999 0.366122 0.11618199999999999 0.25411 0.24906200000000001 0 0.12032399999999999 0.11706 0.11618199999999999 0.012030000000000001 0.011664000000000001 0.011494000000000001 0.082997000000000029 0.08073199999999997 0.080131999999999995 0.0037530000000000003 0.0034869999999999996 0.0036540000000000001 0.00090899999999999987 0.00086900000000000009 0.00085899999999999995 25.9552449206586 25.9552449206586 25.9552449206586 0.018760410239859061 0.018760410239859061 0.018760410239859061 1 1 1 Converged Converged Converged OK OK OK 68 68 68 68 68 68 4 4 4 0 0 0 0 0 1 0 0
112 112 linear 1 7 1121 1 0.001 1.2429295073742115 0.11072052286351672 0.0023680460808475387 0.14101334218587272 0.17931073005200926 0.1408280168404151 0.5 -0.016928438047923308 28.394530792492791 OK 14 13 0.39386599999999999 0.535717 0.14265800000000001 0.24628700000000001 0.18349299999999999 0 0.14757899999999999 0.35222399999999998 0.14265800000000001 0.011306999999999999 0.011299 0.010584 0.109192 0.31301999999999996 0.10572300000000004 0.0048500000000000001 0.0051380000000000002 0.0047459999999999994 0.001085 0.0010679999999999999 0.0010300000000000001 28.394612613165975 28.394612613165975 28.394612613165975 0.010350088212628752 0.010350088212628752 0.010350088212628752 1 1 1 Converged Converged Converged OK OK OK 91 91 91 91 91 91 5 5 5 0 0 0 0 1 0 0 1
112 112 linear 1 15 1121 2 0.001 1.2429295073742115 0.11072052286351672 0.0023680460808475387 0.14101334218587272 0.17931073005200926 0.14115748412122867 0.5 -0.017257905328736875 31.646706151186681 OK 14 13 0.411748 0.50697099999999995 0.13829 0.26699400000000001 0.19228999999999999 0 0.14475399999999999 0.31468099999999999 0.13829 0.011009 0.011001 0.010161 0.10799399999999999 0.27843200000000001 0.10409799999999991 0.0055779999999999996 0.005032 0.004653 0.0010740000000000001 0.0010249999999999999 0.001029 31.64661758723657 31.64661758723657 31.64661758723657 0.0098427456767873154 0.0098427456767873154 0.0098427456767873154 1 1 1 Converged Converged Converged OK OK OK 91 91 91 91 91 91 5 5 5 0 0 0 0 1 0 0 1
112 112 linear 1 23 1121 3 0.001 1.2429295073742115 0.11072052286351672 0.0023680460808475387 0.14101334218587272 0.17931073005200926 0.14148695140204223 0.5 -0.017587372609550442 36.348770550910842 OK 13 12 0.37350299999999997 0.47832400000000003 0.11261599999999999 0.25559999999999999 0.192078 0 0.11790299999999998 0.286246 0.11261599999999999 0.0089809999999999994 0.0090430000000000007 0.0081740000000000007 0.090095999999999996 0.25784399999999991 0.086978000000000014 0.0040300000000000006 0.0039719999999999998 0.0033579999999999999 0.00088699999999999998 0.00090200000000000002 0.00080699999999999999 36.348687294956527 36.348687294956527 36.348687294956527 0.018396903813045502 0.018396903813045502 0.018396903813045502 1 1 1 Converged Converged Converged OK OK OK 75 75 75 75 75 75 5 5 5 0 0 0 0 1 0 0 1
112 112 linear 1 0 1121 0 0.0001 1.2429295073742115 0.11072052286351672 0.0023680460808475387 0.14101334218587272 0.17931073005200926 0.14053973296970321 0.5 -0.016640154177211416 25.955263328779324 OK 14 13 0.42960300000000001 0.42699999999999999 0.17375599999999999 0.25261 0.25151600000000002 0 0.17699300000000001 0.17548399999999997 0.17375599999999999 0.011434 0.012012999999999999 0.011636000000000001 0.124387 0.121364 0.12109999999999999 0.0058640000000000003 0.006182 0.0060039999999999998 0.001242 0.0013180000000000002 0.0012259999999999999 25.955275163317335 25.955275163317335 25.955275163317335 6.2559533079502912e-05 6.2559533079502912e-05 6.2559533079502912e-05 1 1 1 Converged Converged Converged OK OK OK 108 108 108 108 108 108 4 4 4 0 0 0 0 0 1 0 0
112 112 linear 1 7 1121 1 0.0001 1.2429295073742115 0.11072052286351672 0.0023680460808475387 0.14101334218587272 0.17931073005200926 0.1408280168404151 0.5 -0.016928438047923308 28.394530792492791 OK 14 13 0.42412300000000003 0.61393500000000001 0.17295099999999999 0.24577399999999999 0.18005099999999999 0 0.17834900000000004 0.43388400000000005 0.17295099999999999 0.011061 0.011231 0.010583 0.13339900000000005 0.38786799999999999 0.12876099999999999 0.0060050000000000008 0.0064860000000000004 0.0062699999999999995 0.001304 0.001405 0.001356 28.394635398139751 28.394635398139751 28.394635398139751 0.0017965004617256197 0.0017965004617256197 0.0017965004617256197 1 1 1 Converged Converged Converged OK OK OK 115 115 115 115 115 115 5 5 5 0 0 0 0 1 0 0 1
112 112 linear 1 15 1121 2 0.0001 1.2429295073742115 0.11072052286351672 0.0023680460808475387 0.14101334218587272 0.17931073005200926 0.14115748412122867 0.5 -0.017257905328736875 31.646706151186681 OK 14 13 0.440888 0.59237399999999996 0.17527899999999999 0.26311899999999999 0.19281300000000001 0 0.17776900000000001 0.39956099999999994 0.17527899999999999 0.010854000000000001 0.011091999999999999 0.010475 0.13403699999999996 0.35533400000000009 0.132608 0.0065240000000000003 0.006548 0.0061630000000000001 0.0013059999999999999 0.001333 0.0013350000000000002 31.646640342143627 31.646640342143627 31.646640342143627 0.0012942504520872843 0.0012942504520872843 0.0012942504520872843 1 1 1 Converged Converged Converged OK OK OK 115 115 115 115 115 115 5 5 5 0 0 0 0 1 0 0 1
112 112 linear 1 23 1121 3 0.0001 1.2429295073742115 0.11072052286351672 0.0023680460808475387 0.14101334218587272 0.17931073005200926 0.14148695140204223 0.5 -0.017587372609550442 36.348770550910842 OK 13 12 0.428952 0.61294499999999996 0.16039900000000001 0.257718 0.188857 0 0.171234 0.42408799999999996 0.16039900000000001 0.0088059999999999996 0.0089779999999999999 0.0082810000000000002 0.13222700000000001 0.38469100000000017 0.123581 0.0065160000000000001 0.0065799999999999999 0.005744 0.0012679999999999998 0.0013089999999999998 0.0012179999999999999 36.348694254602641 36.348694254602641 36.348694254602641 0.0020017617072135294 0.0020017617072135294 0.0020017617072135294 1 1 1 Converged Converged Converged OK OK OK 115 115 115 115 115 115 5 5 5 0 0 0 0 1 0 0 1
112 112 linear 2 0 1122 0 0.001 1.2429295073742115 0.11072052286351672 0.0023680460808475387 -0.40093115941594293 -0.25841921398365952 -0.40140476863211244 0.5 0.52530434742460419 9.356684351280034 OK 14 13 0.47352699999999998 0.47388400000000003 0.14880099999999999 0.32180599999999998 0.32273800000000002 0 0.15172099999999999 0.151146 0.14880099999999999 0.012619 0.012860999999999999 0.012383 0.10825899999999999 0.10649899999999997 0.10587200000000006 0.0040089999999999995 0.0044150000000000005 0.0038919999999999996 0.001225 0.00124 0.001163 9.356685386825081 9.356685386825081 9.356685386825081 0.0084516018410212487 0.0084516018410212487 0.0084516018410212487 1 1 1 Converged Converged Converged OK OK OK 90 90 90 90 90 90 6 6 6 0 0 0 0 0 1 0 0
112 112 linear 2 7 1122 1 0.001 1.2429295073742115 0.11072052286351672 0.0023680460808475387 -0.40093115941594293 -0.25841921398365952 -0.40111648476140055 0.5 0.5250160635538923 9.7894825827107486 OK 14 13 0.46932600000000002 0.452544 0.14357700000000001 0.32248900000000003 0.203287 0 0.146837 0.24925700000000001 0.14357700000000001 0.012154999999999999 0.012115000000000001 0.011499000000000001 0.11138100000000001 0.21372300000000002 0.10917100000000002 0.0040460000000000001 0.0041880000000000007 0.0039249999999999997 0.0011150000000000001 0.0011410000000000001 0.001119 9.789507864778086 9.789507864778086 9.789507864778086 0.0053984100101667999 0.0053984100101667999 0.0053984100101667999 1 1 1 Converged Converged Converged OK OK OK 90 90 90 90 90 90 6 6 6 0 0 0 0 1 0 0 1
112 112 linear 2 15 1122 2 0.001 1.2429295073742115 0.11072052286351672 0.0023680460808475387 -0.40093115941594293 -0.25841921398365952 -0.40078701748058698 0.5 0.52468659627307879 10.086462452826177 OK 14 13 0.46925699999999998 0.45680599999999999 0.14097299999999999 0.32394800000000001 0.20874699999999999 0 0.14530899999999997 0.248059 0.14097299999999999 0.011812 0.011887999999999999 0.011213000000000001 0.11013300000000002 0.21236400000000002 0.10726299999999996 0.0041979999999999995 0.004463 0.0039020000000000001 0.0011039999999999999 0.0011350000000000002 0.0010840000000000001 10.086472572010457 10.086472572010457 10.086472572010457 0.0047692603405482112 0.0047692603405482112 0.0047692603405482112 1 1 1 Converged Converged Converged OK OK OK 90 90 90 90 90 90 6 6 6 0 0 0 0 1 0 0 1
112 112 linear 2 23 1122 3 0.001 1.2429295073742115 0.11072052286351672 0.0023680460808475387 -0.40093115941594293 -0.25841921398365952 -0.40045755019977342 0.5 0.52435712899226516 10.234561865156117 OK 14 13 0.42965799999999998 0.40455400000000002 0.13481599999999999 0.290628 0.17577000000000001 0 0.13902999999999999 0.22878400000000002 0.13481599999999999 0.012128 0.012219000000000001 0.011475000000000001 0.10387499999999997 0.19323900000000008 0.10096099999999995 0.0039500000000000004 0.0041709999999999994 0.0039459999999999999 0.0010479999999999999 0.0011099999999999999 0.0010559999999999999 10.234594912707825 10.234594912707825 10.234594912707825 0.0045309606831150824 0.0045309606831150824 0.0045309606831150824 1 1 1 Converged Converged Converged OK OK OK 90 90 90 90 90 90 6 6 6 0 0 0 0 1 0 0 1
112 112 linear 2 0 1122 0 0.0001 1.2429295073742115 0.11072052286351672 0.0023680460808475387 -0.40093115941594293 -0.25841921398365952 -0.40140476863211244 0.5 0.52530434742460419 9.356684351280034 OK 14 13 0.54520199999999996 0.54260699999999995 0.21876799999999999 0.32097599999999998 0.32309100000000002 0 0.22422599999999998 0.21951599999999993 0.21876799999999999 0.012845000000000001 0.012926 0.012375000000000001 0.16079399999999999 0.15664100000000006 0.15628399999999995 0.0071030000000000008 0.0069979999999999999 0.0072070000000000007 0.0017079999999999999 0.0016150000000000001 0.0016130000000000001 9.3566712663654279 9.3566712663654279 9.3566712663654279 0.00089869479704011057 0.00089869479704011057 0.00089869479704011057 1 1 1 Converged Converged Converged OK OK OK 138 138 138 138 138 138 6 6 6 0 0 0 0 0 1 0 0
112 112 linear 2 7 1122 1 0.0001 1.2429295073742115 0.11072052286351672 0.0023680460808475387 -0.40093115941594293 -0.25841921398365952 -0.40111648476140055 0.5 0.5250160635538923 9.7894825827107486 OK 14 13 0.53148899999999999 0.57952499999999996 0.204177 0.32248500000000002 0.20200699999999999 0 0.20900399999999997 0.37751799999999996 0.204177 0.012002000000000001 0.012168999999999999 0.011481999999999999 0.1602039999999999 0.32796900000000001 0.15666299999999994 0.0068070000000000014 0.0069340000000000001 0.006657999999999999 0.001505 0.001523 0.0015229999999999998 9.7895073368546832 9.7895073368546832 9.7895073368546832 0.00082535440713232984 0.00082535440713232984 0.00082535440713232984 1 1 1 Converged Converged Converged OK OK OK 138 138 138 138 138 138 6 6 6 0 0 0 0 1 0 0 1
112 112 linear 2 15 1122 2 0.0001 1.2429295073742115 0.11072052286351672 0.0023680460808475387 -0.40093115941594293 -0.25841921398365952 -0.40078701748058698 0.5 0.52468659627307879 10.086462452826177 OK 14 13 0.53957900000000003 0.61787199999999998 0.206177 0.32499699999999998 0.204955 0 0.21458200000000005 0.41291699999999998 0.206177 0.01171 0.011808000000000001 0.011204 0.16464600000000004 0.36287800000000009 0.15757999999999997 0.0067610000000000005 0.0067750000000000006 0.0065970000000000004 0.00149 0.0015100000000000001 0.0015 10.086472574253172 10.086472574253172 10.086472574253172 0.00063846474911673559 0.00063846474911673559 0.00063846474911673559 1 1 1 Converged Converged Converged OK OK OK 138 138 138 138 138 138 6 6 6 0 0 0 0 1 0 0 1
112 112 linear 2 23 1122 3 0.0001 1.2429295073742115 0.11072052286351672 0.0023680460808475387 -0.40093115941594293 -0.25841921398365952 -0.40045755019977342 0.5 0.52435712899226516 10.234561865156117 OK 14 13 0.49652099999999999 0.55915099999999995 0.200184 0.29115000000000002 0.17271900000000001 0 0.20537099999999997 0.38643199999999994 0.200184 0.012047 0.01226 0.011513000000000001 0.155139 0.33471599999999996 0.15113499999999996 0.0066389999999999999 0.0073729999999999993 0.006764 0.0015180000000000003 0.001572 0.0015039999999999997 10.234594914944463 10.234594914944463 10.234594914944463 0.00040931901258809073 0.00040931901258809073 0.00040931901258809073 1 1 1 Converged Converged Converged OK OK OK 138 138 138 138 138 138 6 6 6 0 0 0 0 1 0 0 1
112 112 linear 3 0 1123 0 0.001 1.2429295073742115 0.11072052286351672 0.0023680460808475387 -0.67403938642224182 -0.0010236896639819804 -0.67451299563841127 0.5 0.79841257443090308 24.305629351579149 OK 17 16 0.815079 0.80567699999999998 0.257521 0.55132499999999995 0.54596299999999998 0 0.26375400000000004 0.259714 0.257521 0.015276 0.015381000000000001 0.01455 0.205731 0.20346700000000009 0.20178399999999996 0.0054060000000000002 0.0048990000000000006 0.0050220000000000004 0.0012830000000000001 0.001266 0.00124 24.305579094867557 24.305579094867557 24.305579094867557 0.018371446025332659 0.018371446025332659 0.018371446025332659 1 1 1 Converged Converged Converged OK OK OK 111 111 111 111 111 111 9 9 9 0 0 0 0 0 1 0 0
112 112 linear 3 7 1123 1 0.001 1.2429295073742115 0.11072052286351672 0.0023680460808475387 -0.67403938642224182 -0.0010236896639819804 -0.67422471176769949 0.5 0.7981242905601913 23.923115327266881 OK 17 16 0.92714399999999997 0.867896 0.24069499999999999 0.670844 0.59321299999999999 0 0.25629999999999997 0.27468300000000001 0.24069499999999999 0.014574999999999999 0.014336 0.013594 0.21122200000000005 0.23038600000000012 0.1982290000000001 0.0054249999999999993 0.0053829999999999998 0.0052940000000000001 0.0012779999999999998 0.0012110000000000001 0.0011819999999999999 23.923063314008754 23.923063314008754 23.923063314008754 0.0179408800925265 0.0179408800925265 0.0179408800925265 1 1 1 Converged Converged Converged OK OK OK 111 111 111 111 111 111 9 9 9 0 0 0 0 1 0 0 1
112 112 linear 3 15 1123 2 0.001 1.2429295073742115 0.11072052286351672 0.0023680460808475387 -0.67403938642224182 -0.0010236896639819804 -0.67389524448688587 0.5 0.79779482327937767 23.507234444689441 OK 17 16 0.73921199999999998 0.65503400000000001 0.24448300000000001 0.48703200000000002 0.369612 0 0.25217999999999996 0.28542200000000001 0.24448300000000001 0.014415000000000001 0.014363000000000001 0.013650000000000001 0.20776699999999992 0.241811 0.20178500000000005 0.005326 0.005176 0.0051249999999999993 0.0012439999999999999 0.001204 0.0012230000000000001 23.507180797025331 23.507180797025331 23.507180797025331 0.017538912202947211 0.017538912202947211 0.017538912202947211 1 1 1 Converged Converged Converged OK OK OK 111 111 111 111 111 111 9 9 9 0 0 0 0 1 0 0 1
112 112 linear 3 23 1123 3 0.001 1.2429295073742115 0.11072052286351672 0.0023680460808475387 -0.67403938642224182 -0.0010236896639819804 -0.67356577720607236 0.5 0.79746535599856416 23.11165682496981 OK 17 16 0.80868300000000004 0.71110200000000001 0.248111 0.55260200000000004 0.42716100000000001 0 0.256081 0.283941 0.248111 0.014274 0.014571000000000001 0.014907 0.21218100000000015 0.23962699999999995 0.20442800000000005 0.0053069999999999992 0.0053839999999999999 0.0049650000000000007 0.0012459999999999999 0.0012489999999999999 0.0011869999999999999 23.11160225131216 23.11160225131216 23.11160225131216 0.017216802326854231 0.017216802326854231 0.017216802326854231 1 1 1 Converged Converged Converged OK OK OK 111 111 111 111 111 111 9 9 9 0 0 0 0 1 0 0 1
112 112 linear 3 0 1123 0 0.0001 1.2429295073742115 0.11072052286351672 0.0023680460808475387 -0.67403938642224182 -0.0010236896639819804 -0.67451299563841127 0.5 0.79841257443090308 24.305629351579149 OK 17 16 0.942936 0.92734899999999998 0.37748399999999999 0.56095799999999996 0.54802300000000004 0 0.38197800000000004 0.37932599999999994 0.37748399999999999 0.015242 0.015179 0.014857 0.30071599999999998 0.29214700000000005 0.29665199999999992 0.0086180000000000007 0.00809 0.0087250000000000001 0.0018890000000000005 0.0080250000000000009 0.0019189999999999999 24.305622477548063 24.305622477548063 24.305622477548063 0.002279383740134039 0.002279383740134039 0.002279383740134039 1 1 1 Converged Converged Converged OK OK OK 167 167 167 167 167 167 9 9 9 0 0 0 0 0 1 0 0
112 112 linear 3 7 1123 1 0.0001 1.2429295073742115 0.11072052286351672 0.0023680460808475387 -0.67403938642224182 -0.0010236896639819804 -0.67422471176769949 0.5 0.7981242905601913 23.923115327266881 OK 17 16 1.0287219999999999 0.99727200000000005 0.34764800000000001 0.67095899999999997 0.58997999999999995 0 0.35776299999999994 0.4072920000000001 0.34764800000000001 0.014239999999999999 0.014533000000000001 0.013557 0.29776900000000001 0.3461860000000001 0.28912599999999977 0.0085690000000000002 0.0088890000000000011 0.0084950000000000008 0.0018089999999999998 0.001879 0.001784 23.923106684519446 23.923106684519446 23.923106684519446 0.0020236697812221808 0.0020236697812221808 0.0020236697812221808 1 1 1 Converged Converged Converged OK OK OK 167 167 167 167 167 167 9 9 9 0 0 0 0 1 0 0 1
112 112 linear 3 15 1123 2 0.0001 1.2429295073742115 0.11072052286351672 0.0023680460808475387 -0.67403938642224182 -0.0010236896639819804 -0.67389524448688587 0.5 0.79779482327937767 23.507234444689441 OK 17 16 0.85594199999999998 0.79297200000000001 0.356819 0.49090299999999998 0.37465599999999999 0 0.365039 0.41831600000000002 0.356819 0.014300999999999999 0.014572 0.013762 0.3057740000000001 0.35744599999999976 0.29822499999999996 0.0083149999999999995 0.0089219999999999994 0.0083000000000000001 0.0018059999999999999 0.0019279999999999998 0.0018860000000000001 23.507224275611886 23.507224275611886 23.507224275611886 0.0017958629116034222 0.0017958629116034222 0.0017958629116034222 1 1 1 Converged Converged Converged OK OK OK 167 167 167 167 167 167 9 9 9 0 0 0 0 1 0 0 1
112 112 linear 3 23 1123 3 0.0001 1.2429295073742115 0.11072052286351672 0.0023680460808475387 -0.67403938642224182 -0.0010236896639819804 -0.67356577720607236 0.5 0.79746535599856416 23.11165682496981 OK 17 16 0.93076099999999995 0.84324699999999997 0.36968499999999999 0.55229600000000001 0.42979899999999999 0 0.37846499999999994 0.41344799999999998 0.36968499999999999 0.014197 0.014600999999999999 0.014859000000000001 0.31736999999999982 0.35363399999999984 0.30346400000000001 0.0084459999999999986 0.0083230000000000005 0.014074 0.001897 0.0018699999999999999 0.0018980000000000002 23.111645931861212 23.111645931861212 23.111645931861212 0.0016256226295433391 0.0016256226295433391 0.0016256226295433391 1 1 1 Converged Converged Converged OK OK OK 167 167 167 167 167 167 9 9 9 0 0 0 0 1 0 0 1
112 112 linear 4 0 1124 0 0.001 1.2429295073742115 0.11072052286351672 0.0023680460808475387 -0.02346569336614103 -0.14236895386080897 -0.023939302582310539 0.5 0.14783888137480233 10.483248226654549 OK 15 14 0.46529199999999998 0.46820299999999998 0.162995 0.297263 0.30343599999999998 0 0.16802899999999998 0.164767 0.162995 0.014607 0.014669 0.014038 0.11401300000000003 0.11071100000000002 0.11005900000000006 0.0054970000000000001 0.0056680000000000003 0.0053700000000000006 0.0012869999999999999 0.0012570000000000001 0.0012700000000000001 10.483242094245202 10.483242094245202 10.483242094245202 0.0077077863875759552 0.0077077863875759552 0.0077077863875759552 1 1 1 Converged Converged Converged OK OK OK 106 106 106 106 106 106 6 6 6 0 0 0 0 0 1 0 0
112 112 linear 4 7 1124 1 0.001 1.2429295073742115 0.11072052286351672 0.0023680460808475387 -0.02346569336614103 -0.14236895386080897 -0.023651018711598665 0.5 0.14755059750409044 10.486071539694118 OK 15 14 0.47133199999999997 0.59406499999999995 0.16008800000000001 0.30652499999999999 0.21160000000000001 0 0.16480699999999998 0.38246499999999994 0.16008800000000001 0.014227 0.014180999999999999 0.01337 0.12063300000000007 0.33799500000000016 0.11755299999999998 0.0052669999999999991 0.0053029999999999996 0.0050760000000000007 0.0012019999999999999 0.0011790000000000001 0.0011799999999999998 10.486065443884804 10.486065443884804 10.486065443884804 0.0077073591749187076 0.0077073591749187076 0.0077073591749187076 1 1 1 Converged Converged Converged OK OK OK 106 106 106 106 106 106 6 6 6 0 0 0 0 1 0 0 1
112 112 linear 4 15 1124 2 0.001 1.2429295073742115 0.11072052286351672 0.0023680460808475387 -0.02346569336614103 -0.14236895386080897 -0.023321551430785094 0.5 0.14722113022327687 10.489259404903033 OK 15 14 0.44156600000000001 0.55130000000000001 0.15674399999999999 0.27982099999999999 0.20305599999999999 0 0.16174500000000003 0.348244 0.15674399999999999 0.013695000000000001 0.013591000000000001 0.012825 0.11832400000000001 0.30484000000000017 0.11498300000000003 0.0052620000000000002 0.0052760000000000003 0.0051199999999999996 0.0012150000000000002 0.0011850000000000001 0.0011639999999999999 10.489253097608939 10.489253097608939 10.489253097608939 0.0077154123262556358 0.0077154123262556358 0.0077154123262556358 1 1 1 Converged Converged Converged OK OK OK 106 106 106 106 106 106 6 6 6 0 0 0 0 1 0 0 1
112 112 linear 4 23 1124 3 0.001 1.2429295073742115 0.11072052286351672 0.0023680460808475387 -0.02346569336614103 -0.14236895386080897 -0.022992084149971521 0.5 0.14689166294246331 10.492406325846657 OK 15 14 0.44398399999999999 0.57685900000000001 0.16949900000000001 0.269706 0.18562899999999999 0 0.17427799999999999 0.39123000000000002 0.16949900000000001 0.01391 0.014057 0.013056999999999999 0.12581599999999998 0.34232200000000018 0.12299199999999999 0.0057410000000000004 0.0058089999999999999 0.0054849999999999994 0.001242 0.0012519999999999999 0.0012140000000000002 10.492400106598138 10.492400106598138 10.492400106598138 0.0075369645273376954 0.0075369645273376954 0.0075369645273376954 1 1 1 Converged Converged Converged OK OK OK 114 114 114 114 114 114 6 6 6 0 0 0 0 1 0 0 1
112 112 linear 4 0 1124 0 0.0001 1.2429295073742115 0.11072052286351672 0.0023680460808475387 -0.02346569336614103 -0.14236895386080897 -0.023939302582310539 0.5 0.14783888137480233 10.483248226654549 OK 15 14 0.51082399999999994 0.50397000000000003 0.20602999999999999 0.30057899999999999 0.29734300000000002 0 0.21024499999999996 0.20662700000000001 0.20602999999999999 0.014604000000000001 0.014518 0.014092 0.14304699999999998 0.13967899999999997 0.13975799999999991 0.0072690000000000003 0.0071549999999999999 0.0072300000000000012 0.0015989999999999999 0.0015989999999999999 0.0015370000000000004 10.483242043341646 10.483242043341646 10.483242043341646 0.00010163030471373997 0.00010163030471373997 0.00010163030471373997 1 1 1 Converged Converged Converged OK OK OK 138 138 138 138 138 138 6 6 6 0 0 0 0 0 1 0 0
112 112 linear 4 7 1124 1 0.0001 1.2429295073742115 0.11072052286351672 0.0023680460808475387 -0.02346569336614103 -0.14236895386080897 -0.023651018711598665 0.5 0.14755059750409044 10.486071539694118 OK 15 14 0.51057200000000003 0.70754399999999995 0.20016600000000001 0.30420700000000001 0.212286 0 0.20636500000000002 0.49525799999999998 0.20016600000000001 0.014245000000000001 0.014141000000000001 0.013519 0.15186100000000002 0.44062800000000008 0.14760900000000002 0.0074209999999999988 0.0070600000000000003 0.0070839999999999992 0.0015159999999999998 0.0014710000000000001 0.0014650000000000002 10.486065393252076 10.486065393252076 10.486065393252076 0.00010524703581921129 0.00010524703581921129 0.00010524703581921129 1 1 1 Converged Converged Converged OK OK OK 138 138 138 138 138 138 6 6 6 0 0 0 0 1 0 0 1
112 112 linear 4 15 1124 2 0.0001 1.2429295073742115 0.11072052286351672 0.0023680460808475387 -0.02346569336614103 -0.14236895386080897 -0.023321551430785094 0.5 0.14722113022327687 10.489259404903033 OK 15 14 0.48157699999999998 0.64881699999999998 0.195967 0.279497 0.206016 0 0.20207999999999998 0.442801 0.195967 0.013521 0.013885 0.012886 0.149089 0.3875340000000001 0.14452800000000002 0.0068660000000000006 0.0077690000000000007 0.0067289999999999997 0.0015040000000000001 0.0015300000000000001 0.0014570000000000002 10.489253047286953 10.489253047286953 10.489253047286953 0.00011797665060804183 0.00011797665060804183 0.00011797665060804183 1 1 1 Converged Converged Converged OK OK OK 138 138 138 138 138 138 6 6 6 0 0 0 0 1 0 0 1
112 112 linear 4 23 1124 3 0.0001 1.2429295073742115 0.11072052286351672 0.0023680460808475387 -0.02346569336614103 -0.14236895386080897 -0.022992084149971521 0.5 0.14689166294246331 10.492406325846657 OK 15 14 0.46864099999999997 0.65956199999999998 0.1983 0.26469300000000001 0.18737599999999999 0 0.20394799999999996 0.47218599999999999 0.1983 0.014045 0.013838 0.013198 0.15020599999999998 0.41757300000000003 0.14640199999999998 0.007234 0.0073389999999999992 0.0067930000000000004 0.00149 0.00148 0.0014580000000000001 10.492400016319811 10.492400016319811 10.492400016319811 0.00014892494703667978 0.00014892494703667978 0.00014892494703667978 1 1 1 Converged Converged Converged OK OK OK 138 138 138 138 138 138 6 6 6 0 0 0 0 1 0 0 1
112 112 uniform 0 0 1125 0 0.001 1.2429295073742115 0.11072052286351672 0.0023680460808475387 -0.37733696539823108 0.2399407609806059 -0.3778105746144006 0 0.5017101534068924 7.9818484236357037 OK 14 13 0.417437 0.41425299999999998 0.110247 0.30707400000000001 0.30028300000000002 0 0.11036299999999999 0.11396999999999996 0.110247 0.011997000000000001 0.012093 0.011708 0.074131999999999976 0.077487 0.074311999999999989 0.0029840000000000001 0.0029909999999999997 0.0029789999999999999 0.00078700000000000005 0.00082400000000000008 0.00076500000000000005 7.981848751799614 7.981848751799614 7.981848751799614 0.0050402469490898709 0.0050402469490898709 0.0050402469490898709 1 1 1 Converged Converged Converged OK OK OK 74 74 74 74 74 74 6 6 6 0 0 0 0 0 1 0 0
112 112 uniform 0 7 1125 1 0.001 1.2429295073742115 0.11072052286351672 0.0023680460808475387 -0.37733696539823108 0.2399407609806059 -0.3775222907436887 0 0.50142186953618051 7.6669392135840884 OK 14 13 0.44333299999999998 0.40623300000000001 0.111638 0.33085500000000001 0.20968200000000001 0 0.11247799999999997 0.196551 0.111638 0.011339 0.011542 0.010893999999999999 0.081939999999999957 0.16575399999999998 0.081703000000000026 0.0030030000000000005 0.0030719999999999996 0.002954 0.00077399999999999995 0.00078899999999999999 0.00078899999999999999 7.6669396787561901 7.6669396787561901 7.6669396787561901 0.0045551911496229279 0.0045551911496229279 0.0045551911496229279 1 1 1 Converged Converged Converged OK OK OK 74 74 74 74 74 74 6 6 6 0 0 0 0 1 0 0 1
112 112 uniform 0 15 1125 2 0.001 1.2429295073742115 0.11072052286351672 0.0023680460808475387 -0.37733696539823108 0.2399407609806059 -0.37719282346287514 0 0.50109240225536689 7.2788747817983674 OK 14 13 0.41185300000000002 0.37729800000000002 0.101927 0.30860100000000001 0.18601400000000001 0 0.10325200000000001 0.19128400000000001 0.101927 0.01076 0.011121000000000001 0.010343 0.073333999999999996 0.16042300000000004 0.072930000000000009 0.0029510000000000001 0.0032040000000000003 0.00298 0.00074599999999999992 0.00076800000000000002 0.00074799999999999997 7.2788754345768787 7.2788754345768787 7.2788754345768787 0.0041809626197583773 0.0041809626197583773 0.0041809626197583773 1 1 1 Converged Converged Converged OK OK OK 74 74 74 74 74 74 6 6 6 0 0 0 0 1 0 0 1
112 112 uniform 0 23 1125 3 0.001 1.2429295073742115 0.11072052286351672 0.0023680460808475387 -0.37733696539823108 0.2399407609806059 -0.37686335618206157 0 0.50076293497455338 6.8623976847860853 OK 14 13 0.41658499999999998 0.37236999999999998 0.102547 0.31240600000000002 0.19503499999999999 0 0.10417899999999997 0.17733499999999999 0.102547 0.011204 0.011124 0.010636 0.073775999999999994 0.14723700000000001 0.073279000000000011 0.0030620000000000001 0.003078 0.0030410000000000003 0.00074600000000000003 0.00075499999999999992 0.00074500000000000011 6.8623985942967609 6.8623985942967609 6.8623985942967609 0.0040486091887578287 0.0040486091887578287 0.0040486091887578287 1 1 1 Converged Converged Converged OK OK OK 74 74 74 74 74 74 6 6 6 0 0 0 0 1 0 0 1
112 112 uniform 0 0 1125 0 0.0001 1.2429295073742115 0.11072052286351672 0.0023680460808475387 -0.37733696539823108 0.2399407609806059 -0.3778105746144006 0 0.5017101534068924 7.9818484236357037 OK 14 13 0.44668999999999998 0.44780500000000001 0.14471999999999999 0.30166199999999999 0.303485 0 0.14502799999999999 0.14432 0.14471999999999999 0.012257000000000001 0.012007 0.011797999999999999 0.096207999999999988 0.095773000000000039 0.096136999999999986 0.0044910000000000002 0.0046020000000000002 0.0045509999999999995 0.0012210000000000001 0.0012080000000000003 0.001168 7.9818483654497365 7.9818483654497365 7.9818483654497365 0.00043929821000725651 0.00043929821000725651 0.00043929821000725651 1 1 1 Converged Converged Converged OK OK OK 106 106 106 106 106 106 6 6 6 0 0 0 0 0 1 0 0
112 112 uniform 0 7 1125 1 0.0001 1.2429295073742115 0.11072052286351672 0.0023680460808475387 -0.37733696539823108 0.2399407609806059 -0.3775222907436887 0 0.50142186953618051 7.6669392135840884 OK 14 13 0.474325 0.49551699999999999 0.141066 0.33115699999999998 0.20977100000000001 0 0.14316800000000002 0.28574599999999994 0.141066 0.011672999999999999 0.011623 0.0109 0.10360799999999999 0.24540799999999999 0.10304300000000004 0.0046369999999999996 0.0051010000000000005 0.0044969999999999993 0.0011680000000000002 0.0012110000000000001 0.001142 7.6669391023010673 7.6669391023010673 7.6669391023010673 0.0004194205550085827 0.0004194205550085827 0.0004194205550085827 1 1 1 Converged Converged Converged OK OK OK 106 106 106 106 106 106 6 6 6 0 0 0 0 1 0 0 1
112 112 uniform 0 15 1125 2 0.0001 1.2429295073742115 0.11072052286351672 0.0023680460808475387 -0.37733696539823108 0.2399407609806059 -0.37719282346287514 0 0.50109240225536689 7.2788747817983674 OK 14 13 0.44416800000000001 0.46302900000000002 0.13216800000000001 0.31077199999999999 0.18908700000000001 0 0.13339600000000001 0.27394200000000002 0.13216800000000001 0.010839 0.011010000000000001 0.010344000000000001 0.095133000000000009 0.23436999999999991 0.094917999999999975 0.0045539999999999999 0.0051089999999999998 0.0044030000000000007 0.001173 0.0011920000000000001 0.0011460000000000001 7.2788745024257322 7.2788745024257322 7.2788745024257322 0.00040109703351985367 0.00040109703351985367 0.00040109703351985367 1 1 1 Converged Converged Converged OK OK OK 106 106 106 106 106 106 6 6 6 0 0 0 0 1 0 0 1
112 112 uniform 0 23 1125 3 0.0001 1.2429295073742115 0.11072052286351672 0.0023680460808475387 -0.37733696539823108 0.2399407609806059 -0.37686335618206157 0 0.50076293497455338 6.8623976847860853 OK 14 13 0.44742599999999999 0.45318199999999997 0.13200400000000001 0.31040499999999999 0.19551199999999999 0 0.137021 0.25766999999999995 0.13200400000000001 0.011205 0.011395000000000001 0.010578000000000001 0.098401999999999962 0.217865 0.094774000000000039 0.0046439999999999997 0.0047919999999999994 0.0045180000000000003 0.0011289999999999998 0.0011690000000000001 0.001122 6.8623969657921284 6.8623969657921284 6.8623969657921284 0.00038720726783465174 0.00038720726783465174 0.00038720726783465174 1 1 1 Converged Converged Converged OK OK OK 106 106 106 106 106 106 6 6 6 0 0 0 0 1 0 0 1
112 112 uniform 1 0 1126 0 0.001 1.2429295073742115 0.11072052286351672 0.0023680460808475387 0.14101334218587272 0.17931073005200926 0.14053973296970321 0 -0.016640154177211416 27.081843166657922 OK 14 13 0.32997500000000002 0.33532899999999999 0.082582000000000003 0.24667 0.25145600000000001 0 0.083305000000000018 0.083872999999999975 0.082582000000000003 0.011624000000000001 0.011865000000000001 0.011431999999999999 0.052848000000000006 0.053093000000000015 0.052766000000000007 0.0025450000000000004 0.0026229999999999999 0.0024980000000000002 0.00070599999999999992 0.00072800000000000002 0.00068500000000000006 27.081835092424249 27.081835092424249 27.081835092424249 0.02190755378502484 0.02190755378502484 0.02190755378502484 1 1 1 Converged Converged Converged OK OK OK 52 52 52 52 52 52 4 4 4 0 0 0 0 0 1 0 0
112 112 uniform 1 7 1126 1 0.001 1.2429295073742115 0.11072052286351672 0.0023680460808475387 0.14101334218587272 0.17931073005200926 0.1408280168404151 0 -0.016928438047923308 29.528510975129144 OK 14 13 0.35278399999999999 0.451127 0.104604 0.24335499999999999 0.17746000000000001 0 0.109429 0.27366699999999999 0.104604 0.011037999999999999 0.011383000000000001 0.010625000000000001 0.077674999999999966 0.24024799999999996 0.073831999999999995 0.0031770000000000001 0.0036379999999999997 0.0031969999999999998 0.00084800000000000001 0.00091699999999999995 0.00082299999999999995 29.528513957896628 29.528513957896628 29.528513957896628 0.020609060725357103 0.020609060725357103 0.020609060725357103 1 1 1 Converged Converged Converged OK OK OK 75 75 75 75 75 75 5 5 5 0 0 0 0 1 0 0 1
112 112 uniform 1 15 1126 2 0.001 1.2429295073742115 0.11072052286351672 0.0023680460808475387 0.14101334218587272 0.17931073005200926 0.14115748412122867 0 -0.017257905328736875 32.829368363130001 OK 14 13 0.36317500000000003 0.43795899999999999 0.101537 0.25977600000000001 0.192272 0 0.10339900000000002 0.24568699999999999 0.101537 0.010926999999999999 0.011041 0.010193000000000001 0.073698000000000013 0.21522800000000003 0.07300700000000003 0.0032779999999999997 0.0035220000000000004 0.0031880000000000003 0.00076699999999999989 0.00079600000000000005 0.00076399999999999992 32.829363726928868 32.829363726928868 32.829363726928868 0.023673311798399502 0.023673311798399502 0.023673311798399502 1 1 1 Converged Converged Converged OK OK OK 75 75 75 75 75 75 5 5 5 0 0 0 0 1 0 0 1
112 112 uniform 1 23 1126 3 0.001 1.2429295073742115 0.11072052286351672 0.0023680460808475387 0.14101334218587272 0.17931073005200926 0.14148695140204223 0 -0.017587372609550442 37.910845078651455 OK 13 12 0.35542600000000002 0.46247199999999999 0.097058000000000005 0.25499699999999997 0.19276699999999999 0 0.10042900000000005 0.26970499999999997 0.097058000000000005 0.0087600000000000004 0.0087569999999999992 0.0081679999999999999 0.073073000000000013 0.24279799999999999 0.072285000000000016 0.0035609999999999999 0.0034869999999999996 0.0030920000000000001 0.00079099999999999993 0.00079200000000000017 0.00072500000000000006 37.910866810265503 37.910866810265503 37.910866810265503 0.015290177384028006 0.015290177384028006 0.015290177384028006 1 1 1 Converged Converged Converged OK OK OK 75 75 75 75 75 75 5 5 5 0 0 0 0 1 0 0 1
112 112 uniform 1 0 1126 0 0.0001 1.2429295073742115 0.11072052286351672 0.0023680460808475387 0.14101334218587272 0.17931073005200926 0.14053973296970321 0 -0.016640154177211416 27.081843166657922 OK 14 13 0.38175799999999999 0.38578699999999999 0.13170499999999999 0.247866 0.249329 0 0.13389199999999998 0.136458 0.13170499999999999 0.011865000000000001 0.011941999999999999 0.011566999999999999 0.086506000000000041 0.086210999999999996 0.085581000000000018 0.0051510000000000002 0.0051349999999999998 0.0049890000000000004 0.0011800000000000001 0.0011540000000000001 0.001134 27.081842893498049 27.081842893498049 27.081842893498049 0.00099304039788034081 0.00099304039788034081 0.00099304039788034081 1 1 1 Converged Converged Converged OK OK OK 92 92 92 92 92 92 4 4 4 0 0 0 0 0 1 0 0
112 112 uniform 1 7 1126 1 0.0001 1.2429295073742115 0.11072052286351672 0.0023680460808475387 0.14101334218587272 0.17931073005200926 0.1408280168404151 0 -0.016928438047923308 29.528510975129144 OK 14 13 0.41443000000000002 0.64661999999999997 0.16777400000000001 0.24332300000000001 0.180425 0 0.17110700000000001 0.46619499999999997 0.16777400000000001 0.011181999999999999 0.011124999999999999 0.010945 0.12290900000000002 0.41731400000000007 0.11958599999999996 0.0073470000000000002 0.0074210000000000005 0.0078510000000000003 0.0013339999999999999 0.001369 0.0013989999999999999 29.528510222778742 29.528510222778742 29.528510222778742 0.001058365586640127 0.001058365586640127 0.001058365586640127 1 1 1 Converged Converged Converged OK OK OK 131 131 131 131 131 131 5 5 5 0 0 0 0 1 0 0 1
112 112 uniform 1 15 1126 2 0.0001 1.2429295073742115 0.11072052286351672 0.0023680460808475387 0.14101334218587272 0.17931073005200926 0.14115748412122867 0 -0.017257905328736875 32.829368363130001 OK 14 13 0.39416000000000001 0.51918900000000001 0.128635 0.26378699999999999 0.204071 0 0.13037300000000002 0.31511800000000001 0.128635 0.010905 0.011145 0.010304000000000001 0.092810000000000059 0.275171 0.09256399999999998 0.0046350000000000002 0.0052979999999999998 0.0045029999999999992 0.001078 0.0011310000000000001 0.0010329999999999998 32.829368505661421 32.829368505661421 32.829368505661421 0.0025042959977464477 0.0025042959977464477 0.0025042959977464477 1 1 1 Converged Converged Converged OK OK OK 99 99 99 99 99 99 5 5 5 0 0 0 0 1 0 0 1
112 112 uniform 1 23 1126 3 0.0001 1.2429295073742115 0.11072052286351672 0.0023680460808475387 0.14101334218587272 0.17931073005200926 0.14148695140204223 0 -0.017587372609550442 37.910845078651455 OK 13 12 0.37831999999999999 0.53857200000000005 0.119834 0.25592199999999998 0.19565399999999999 0 0.12239800000000001 0.34291800000000006 0.119834 0.0090080000000000004 0.0090329999999999994 0.0083009999999999994 0.088804999999999995 0.30942800000000009 0.088445999999999997 0.0052130000000000006 0.0048840000000000003 0.0047489999999999997 0.0010199999999999999 0.001067 0.001029 37.910845271343923 37.910845271343923 37.910845271343923 0.0024468981400780619 0.0024468981400780619 0.0024468981400780619 1 1 1 Converged Converged Converged OK OK OK 99 99 99 99 99 99 5 5 5 0 0 0 0 1 0 0 1
112 112 uniform 2 0 1127 0 0.001 1.2429295073742115 0.11072052286351672 0.0023680460808475387 -0.40093115941594293 -0.25841921398365952 -0.40140476863211244 0 0.52530434742460419 9.5302489813173317 OK 14 13 0.466312 0.46601599999999999 0.14047599999999999 0.32439000000000001 0.325071 0 0.14192199999999999 0.14094499999999999 0.14047599999999999 0.012784999999999999 0.012749 0.012437999999999999 0.097023000000000026 0.096724999999999936 0.096138000000000015 0.0043200000000000001 0.0041880000000000007 0.0044999999999999997 0.001031 0.0010370000000000002 0.001049 9.5302512754391433 9.5302512754391433 9.5302512754391433 0.008535939722995203 0.008535939722995203 0.008535939722995203 1 1 1 Converged Converged Converged OK OK OK 98 98 98 98 98 98 6 6 6 0 0 0 0 0 1 0 0
112 112 uniform 2 7 1127 1 0.001 1.2429295073742115 0.11072052286351672 0.0023680460808475387 -0.40093115941594293 -0.25841921398365952 -0.40111648476140055 0 0.5250160635538923 9.8984003384117649 OK 14 13 0.44165900000000002 0.41328500000000001 0.117392 0.31845200000000001 0.199161 0 0.12320700000000001 0.21412400000000001 0.117392 0.012135999999999999 0.012004000000000001 0.011499000000000001 0.085646000000000014 0.180926 0.085200999999999971 0.0035049999999999999 0.0035970000000000004 0.0034400000000000003 0.00092099999999999994 0.00093000000000000005 0.00088199999999999997 9.8984036634752606 9.8984036634752606 9.8984036634752606 0.0096551428141815991 0.0096551428141815991 0.0096551428141815991 1 1 1 Converged Converged Converged OK OK OK 82 82 82 82 82 82 6 6 6 0 0 0 0 1 0 0 1
112 112 uniform 2 15 1127 2 0.001 1.2429295073742115 0.11072052286351672 0.0023680460808475387 -0.40093115941594293 -0.25841921398365952 -0.40078701748058698 0 0.52468659627307879 10.093470555745395 OK 14 13 0.44089400000000001 0.42532399999999998 0.114648 0.32472400000000001 0.20469799999999999 0 0.11617 0.22062599999999999 0.114648 0.011653 0.011867000000000001 0.011122 0.083753000000000008 0.18756100000000003 0.083307000000000006 0.003398 0.0035180000000000003 0.003339 0.00086699999999999993 0.00091699999999999995 0.00085299999999999992 10.093471069747933 10.093471069747933 10.093471069747933 0.0072064609144635739 0.0072064609144635739 0.0072064609144635739 1 1 1 Converged Converged Converged OK OK OK 82 82 82 82 82 82 6 6 6 0 0 0 0 1 0 0 1
112 112 uniform 2 23 1127 3 0.001 1.2429295073742115 0.11072052286351672 0.0023680460808475387 -0.40093115941594293 -0.25841921398365952 -0.40045755019977342 0 0.52435712899226516 10.145640762281388 OK 14 13 0.40097300000000002 0.36558499999999999 0.109027 0.29014499999999999 0.17106199999999999 0 0.11082800000000004 0.194523 0.109027 0.012116999999999999 0.012047 0.011409000000000001 0.077651999999999999 0.16138299999999997 0.077313999999999994 0.0034750000000000002 0.0035270000000000002 0.003346 0.00088699999999999998 0.00088999999999999995 0.00086100000000000011 10.145640823996342 10.145640823996342 10.145640823996342 0.0055801362390907293 0.0055801362390907293 0.0055801362390907293 1 1 1 Converged Converged Converged OK OK OK 82 82 82 82 82 82 6 6 6 0 0 0 0 1 0 0 1
112 112 uniform 2 0 1127 0 0.0001 1.2429295073742115 0.11072052286351672 0.0023680460808475387 -0.40093115941594293 -0.25841921398365952 -0.40140476863211244 0 0.52530434742460419 9.5302489813173317 OK 14 13 0.49101099999999998 0.491151 0.16819799999999999 0.32291500000000001 0.31946799999999997 0 0.16809599999999997 0.17168300000000003 0.16819799999999999 0.012655 0.012708000000000001 0.012500000000000001 0.11317600000000003 0.11654599999999997 0.11327199999999997 0.005631999999999999 0.0056410000000000002 0.0056359999999999995 0.001389 0.0013680000000000001 0.0013840000000000002 9.5302517090414138 9.5302517090414138 9.5302517090414138 0.000590385393016818 0.000590385393016818 0.000590385393016818 1 1 1 Converged Converged Converged OK OK OK 122 122 122 122 122 122 6 6 6 0 0 0 0 0 1 0 0
112 112 uniform 2 7 1127 1 0.0001 1.2429295073742115 0.11072052286351672 0.0023680460808475387 -0.40093115941594293 -0.25841921398365952 -0.40111648476140055 0 0.5250160635538923 9.8984003384117649 OK 14 13 0.467221 0.45608399999999999 0.14055100000000001 0.32369199999999998 0.20109099999999999 0 0.14352900000000002 0.25499300000000003 0.14055100000000001 0.012198000000000001 0.012149 0.011467 0.10438399999999996 0.21628300000000003 0.10396599999999999 0.0052479999999999992 0.0048070000000000005 0.0044390000000000002 0.0012280000000000001 0.0011869999999999999 0.0011479999999999997 9.8984031146928881 9.8984031146928881 9.8984031146928881 0.00090221992005368656 0.00090221992005368656 0.00090221992005368656 1 1 1 Converged Converged Converged OK OK OK 106 106 106 106 106 106 6 6 6 0 0 0 0 1 0 0 1
112 112 uniform 2 15 1127 2 0.0001 1.2429295073742115 0.11072052286351672 0.0023680460808475387 -0.40093115941594293 -0.25841921398365952 -0.40078701748058698 0 0.52468659627307879 10.093470555745395 OK 14 13 0.46346799999999999 0.461642 0.13836899999999999 0.32360699999999998 0.20504700000000001 0 0.13986100000000001 0.25659500000000002 0.13836899999999999 0.011625999999999999 0.011932999999999999 0.011169 0.10256899999999999 0.21840499999999988 0.10216399999999996 0.0045050000000000003 0.0047609999999999996 0.0044320000000000002 0.0011250000000000001 0.0011580000000000002 0.0011380000000000001 10.093471996596895 10.093471996596895 10.093471996596895 0.0008693534551039747 0.0008693534551039747 0.0008693534551039747 1 1 1 Converged Converged Converged OK OK OK 106 106 106 106 106 106 6 6 6 0 0 0 0 1 0 0 1
112 112 uniform 2 23 1127 3 0.0001 1.2429295073742115 0.11072052286351672 0.0023680460808475387 -0.40093115941594293 -0.25841921398365952 -0.40045755019977342 0 0.52435712899226516 10.145640762281388 OK 14 13 0.42505999999999999 0.40801500000000002 0.13192599999999999 0.28779900000000003 0.169819 0 0.13726099999999997 0.23819600000000002 0.13192599999999999 0.012026999999999999 0.012067 0.011483999999999999 0.09581099999999998 0.19736200000000001 0.095256000000000035 0.008098000000000001 0.004705 0.0044299999999999999 0.0011079999999999998 0.001101 0.001101 10.145641336221381 10.145641336221381 10.145641336221381 0.00086407998490470349 0.00086407998490470349 0.00086407998490470349 1 1 1 Converged Converged Converged OK OK OK 106 106 106 106 106 106 6 6 6 0 0 0 0 1 0 0 1
112 112 uniform 3 0 1128 0 0.001 1.2429295073742115 0.11072052286351672 0.0023680460808475387 -0.67403938642224182 -0.0010236896639819804 -0.67451299563841127 0 0.79841257443090308 24.440708251358355 OK 17 16 0.77845299999999995 0.78071599999999997 0.226766 0.54614499999999999 0.55154199999999998 0 0.23230799999999996 0.22917399999999999 0.226766 0.015042 0.015556 0.014831 0.17654700000000001 0.17292799999999997 0.17179199999999997 0.0047819999999999998 0.0048590000000000005 0.0047699999999999999 0.00116 0.001157 0.0012049999999999999 24.440723385813342 24.440723385813342 24.440723385813342 0.015557235896258952 0.015557235896258952 0.015557235896258952 1 1 1 Converged Converged Converged OK OK OK 111 111 111 111 111 111 9 9 9 0 0 0 0 0 1 0 0
112 112 uniform 3 7 1128 1 0.001 1.2429295073742115 0.11072052286351672 0.0023680460808475387 -0.67403938642224182 -0.0010236896639819804 -0.67422471176769949 0 0.7981242905601913 24.047110225755787 OK 17 16 0.88278999999999996 0.83714299999999997 0.21362700000000001 0.66754100000000005 0.58616199999999996 0 0.21524899999999991 0.25098100000000001 0.21362700000000001 0.014382000000000001 0.014350999999999999 0.013615 0.17239299999999991 0.20306399999999999 0.17190900000000006 0.0046469999999999992 0.0095659999999999999 0.0046839999999999998 0.0011590000000000001 0.001186 0.001145 24.047122887594284 24.047122887594284 24.047122887594284 0.015062815204066356 0.015062815204066356 0.015062815204066356 1 1 1 Converged Converged Converged OK OK OK 111 111 111 111 111 111 9 9 9 0 0 0 0 1 0 0 1
112 112 uniform 3 15 1128 2 0.001 1.2429295073742115 0.11072052286351672 0.0023680460808475387 -0.67403938642224182 -0.0010236896639819804 -0.67389524448688587 0 0.79779482327937767 23.620222064439517 OK 17 16 0.70918800000000004 0.62144100000000002 0.21907299999999999 0.49132399999999998 0.36813699999999999 0 0.21786400000000006 0.25330400000000003 0.21907299999999999 0.014362 0.014420000000000001 0.013576 0.17512800000000003 0.2105439999999999 0.17743399999999995 0.0046119999999999998 0.0047629999999999999 0.0047119999999999992 0.001189 0.001158 0.001139 23.620232355671988 23.620232355671988 23.620232355671988 0.014606838479382388 0.014606838479382388 0.014606838479382388 1 1 1 Converged Converged Converged OK OK OK 111 111 111 111 111 111 9 9 9 0 0 0 0 1 0 0 1
112 112 uniform 3 23 1128 3 0.001 1.2429295073742115 0.11072052286351672 0.0023680460808475387 -0.67403938642224182 -0.0010236896639819804 -0.67356577720607236 0 0.79746535599856416 23.215080260897761 OK 17 16 0.77583000000000002 0.677867 0.214476 0.55852599999999997 0.425811 0 0.21730400000000005 0.252056 0.214476 0.014355 0.014375000000000001 0.013575 0.17419299999999993 0.209312 0.17330799999999993 0.0048720000000000005 0.0048050000000000002 0.0045510000000000004 0.001176 0.0011529999999999999 0.0011690000000000001 23.215088600497658 23.215088600497658 23.215088600497658 0.014248183431828269 0.014248183431828269 0.014248183431828269 1 1 1 Converged Converged Converged OK OK OK 111 111 111 111 111 111 9 9 9 0 0 0 0 1 0 0 1
112 112 uniform 3 0 1128 0 0.0001 1.2429295073742115 0.11072052286351672 0.0023680460808475387 -0.67403938642224182 -0.0010236896639819804 -0.67451299563841127 0 0.79841257443090308 24.440708251358355 OK 17 16 0.89954000000000001 0.891127 0.34136499999999997 0.55591000000000002 0.54593999999999998 0 0.34362999999999999 0.34518700000000002 0.34136499999999997 0.015254 0.015146 0.014652 0.26515199999999989 0.26742500000000002 0.26429400000000014 0.0079900000000000006 0.0077510000000000009 0.0077080000000000013 0.0018489999999999999 0.0018190000000000001 0.0018469999999999997 24.440708893292836 24.440708893292836 24.440708893292836 0.0013589394303698871 0.0013589394303698871 0.0013589394303698871 1 1 1 Converged Converged Converged OK OK OK 167 167 167 167 167 167 9 9 9 0 0 0 0 0 1 0 0
112 112 uniform 3 7 1128 1 0.0001 1.2429295073742115 0.11072052286351672 0.0023680460808475387 -0.67403938642224182 -0.0010236896639819804 -0.67422471176769949 0 0.7981242905601913 24.047110225755787 OK 17 16 0.96494899999999995 0.934222 0.28974899999999998 0.67491800000000002 0.58652199999999999 0 0.29003099999999993 0.34770000000000001 0.28974899999999998 0.014356000000000001 0.014371999999999999 0.01355 0.236655 0.29145699999999991 0.23719599999999988 0.0067689999999999998 0.0070190000000000009 0.0067679999999999997 0.0016109999999999998 0.0016839999999999997 0.0016499999999999998 24.047117429866663 24.047117429866663 24.047117429866663 0.0021236662124546725 0.0021236662124546725 0.0021236662124546725 1 1 1 Converged Converged Converged OK OK OK 151 151 151 151 151 151 9 9 9 0 0 0 0 1 0 0 1
112 112 uniform 3 15 1128 2 0.0001 1.2429295073742115 0.11072052286351672 0.0023680460808475387 -0.67403938642224182 -0.0010236896639819804 -0.67389524448688587 0 0.79779482327937767 23.620222064439517 OK 17 16 0.78794399999999998 0.744923 0.29505799999999999 0.48500100000000002 0.38397100000000001 0 0.30294299999999996 0.360952 0.29505799999999999 0.014217 0.015685999999999999 0.013609 0.24927799999999994 0.30517500000000014 0.24275699999999997 0.0067279999999999996 0.0069960000000000005 0.0067680000000000006 0.001635 0.0016630000000000002 0.0016460000000000001 23.62022688079162 23.62022688079162 23.62022688079162 0.0018150030853454364 0.0018150030853454364 0.0018150030853454364 1 1 1 Converged Converged Converged OK OK OK 151 151 151 151 151 151 9 9 9 0 0 0 0 1 0 0 1
112 112 uniform 3 23 1128 3 0.0001 1.2429295073742115 0.11072052286351672 0.0023680460808475387 -0.67403938642224182 -0.0010236896639819804 -0.67356577720607236 0 0.79746535599856416 23.215080260897761 OK 17 16 0.85457700000000003 0.78475899999999998 0.29394199999999998 0.55436399999999997 0.43483100000000002 0 0.30021300000000006 0.34992799999999996 0.29394199999999998 0.014248 0.014493000000000001 0.013554999999999999 0.24679999999999994 0.29621500000000006 0.24209699999999992 0.0067480000000000005 0.0067930000000000004 0.0066350000000000003 0.0016160000000000002 0.0016619999999999996 0.0015989999999999999 23.215083257710781 23.215083257710781 23.215083257710781 0.0015804318885366377 0.0015804318885366377 0.0015804318885366377 1 1 1 Converged Converged Converged OK OK OK 151 151 151 151 151 151 9 9 9 0 0 0 0 1 0 0 1
112 112 uniform 4 0 1129 0 0.001 1.2429295073742115 0.11072052286351672 0.0023680460808475387 -0.02346569336614103 -0.14236895386080897 -0.023939302582310539 0 0.14783888137480233 10.495226326592892 OK 15 14 0.42143700000000001 0.41160200000000002 0.116178 0.29732199999999998 0.29407299999999997 0 0.12411500000000003 0.11752900000000005 0.116178 0.014335000000000001 0.014532 0.013932999999999999 0.080669999999999978 0.073723000000000039 0.07353800000000002 0.003565 0.0036360000000000003 0.0035389999999999996 0.00099500000000000001 0.00095500000000000001 0.00095299999999999996 10.495227737771037 10.495227737771037 10.495227737771037 0.010405230994178541 0.010405230994178541 0.010405230994178541 1 1 1 Converged Converged Converged OK OK OK 82 82 82 82 82 82 6 6 6 0 0 0 0 0 1 0 0
112 112 uniform 4 7 1129 1 0.001 1.2429295073742115 0.11072052286351672 0.0023680460808475387 -0.02346569336614103 -0.14236895386080897 -0.023651018711598665 0 0.14755059750409044 10.497978229951745 OK 15 14 0.418404 0.48269699999999999 0.114292 0.30277900000000002 0.215313 0 0.11562499999999998 0.26738399999999996 0.114292 0.014175999999999999 0.014194 0.013363 0.079236000000000001 0.23033800000000001 0.078867999999999994 0.0035629999999999998 0.0037260000000000001 0.003558 0.00094800000000000006 0.00097099999999999997 0.00093199999999999999 10.497978793283254 10.497978793283254 10.497978793283254 0.0082574800550219048 0.0082574800550219048 0.0082574800550219048 1 1 1 Converged Converged Converged OK OK OK 82 82 82 82 82 82 6 6 6 0 0 0 0 1 0 0 1
112 112 uniform 4 15 1129 2 0.001 1.2429295073742115 0.11072052286351672 0.0023680460808475387 -0.02346569336614103 -0.14236895386080897 -0.023321551430785094 0 0.14722113022327687 10.501084024001955 OK 15 14 0.39086500000000002 0.45084200000000002 0.11255900000000001 0.276972 0.20402699999999999 0 0.11389300000000002 0.24681500000000003 0.11255900000000001 0.01338 0.013537 0.012792 0.078261999999999998 0.21080700000000005 0.077855999999999981 0.003552 0.0036540000000000001 0.0035569999999999998 0.00095399999999999999 0.00090799999999999995 0.00090699999999999993 10.501084178567595 10.501084178567595 10.501084178567595 0.00652397277533021 0.00652397277533021 0.00652397277533021 1 1 1 Converged Converged Converged OK OK OK 82 82 82 82 82 82 6 6 6 0 0 0 0 1 0 0 1
112 112 uniform 4 23 1129 3 0.001 1.2429295073742115 0.11072052286351672 0.0023680460808475387 -0.02346569336614103 -0.14236895386080897 -0.022992084149971521 0 0.14689166294246331 10.504148929718685 OK 15 14 0.38055899999999998 0.44658799999999998 0.111529 0.26743899999999998 0.18471000000000001 0 0.11312 0.26187799999999994 0.111529 0.013905000000000001 0.01383 0.013136 0.076839000000000018 0.22531800000000005 0.076597000000000012 0.0035799999999999998 0.0036899999999999997 0.003509 0.00090900000000000009 0.00092399999999999991 0.00090300000000000005 10.504148940621342 10.504148940621342 10.504148940621342 0.0053869024075853082 0.0053869024075853082 0.0053869024075853082 1 1 1 Converged Converged Converged OK OK OK 82 82 82 82 82 82 6 6 6 0 0 0 0 1 0 0 1
112 112 uniform 4 0 1129 0 0.0001 1.2429295073742115 0.11072052286351672 0.0023680460808475387 -0.02346569336614103 -0.14236895386080897 -0.023939302582310539 0 0.14783888137480233 10.495226326592892 OK 15 14 0.45744000000000001 0.45809100000000003 0.159798 0.297462 0.29814600000000002 0 0.15997800000000001 0.159945 0.159798 0.014589 0.014592000000000001 0.014212000000000001 0.10078500000000003 0.10069399999999999 0.10071799999999997 0.0056259999999999999 0.0057059999999999993 0.0055409999999999999 0.0014170000000000001 0.0014280000000000002 0.001402 10.495226262877161 10.495226262877161 10.495226262877161 0.00084611365239659834 0.00084611365239659834 0.00084611365239659834 1 1 1 Converged Converged Converged OK OK OK 122 122 122 122 122 122 6 6 6 0 0 0 0 0 1 0 0
112 112 uniform 4 7 1129 1 0.0001 1.2429295073742115 0.11072052286351672 0.0023680460808475387 -0.02346569336614103 -0.14236895386080897 -0.023651018711598665 0 0.14755059750409044 10.497978229951745 OK 15 14 0.47106100000000001 0.62250099999999997 0.15557199999999999 0.31296099999999999 0.21324000000000001 0 0.15810000000000002 0.40926099999999999 0.15557199999999999 0.014322 0.014312 0.013414000000000001 0.10954699999999995 0.35944299999999985 0.10861900000000005 0.0058009999999999997 0.0059810000000000011 0.0055039999999999993 0.0014149999999999998 0.001377 0.0013620000000000001 10.49797816652525 10.49797816652525 10.49797816652525 0.0008536176389510173 0.0008536176389510173 0.0008536176389510173 1 1 1 Converged Converged Converged OK OK OK 122 122 122 122 122 122 6 6 6 0 0 0 0 1 0 0 1
112 112 uniform 4 15 1129 2 0.0001 1.2429295073742115 0.11072052286351672 0.0023680460808475387 -0.02346569336614103 -0.14236895386080897 -0.023321551430785094 0 0.14722113022327687 10.501084024001955 OK 15 14 0.43267699999999998 0.56427499999999997 0.15421699999999999 0.28008899999999998 0.20592299999999999 0 0.152588 0.358352 0.15421699999999999 0.013472 0.013575 0.012784 0.10532199999999999 0.31014599999999998 0.10528699999999995 0.0056149999999999993 0.0057029999999999997 0.0055139999999999998 0.0013420000000000001 0.001405 0.001294 10.501083961855937 10.501083961855937 10.501083961855937 0.00087651064690702745 0.00087651064690702745 0.00087651064690702745 1 1 1 Converged Converged Converged OK OK OK 122 122 122 122 122 122 6 6 6 0 0 0 0 1 0 0 1
112 112 uniform 4 23 1129 3 0.0001 1.2429295073742115 0.11072052286351672 0.0023680460808475387 -0.02346569336614103 -0.14236895386080897 -0.022992084149971521 0 0.14689166294246331 10.504148929718685 OK 15 14 0.41808200000000001 0.58342000000000005 0.15173400000000001 0.26410800000000001 0.19008700000000001 0 0.153974 0.39333300000000004 0.15173400000000001 0.014005 0.013842 0.013115999999999999 0.10589800000000001 0.34499899999999983 0.10537200000000004 0.0055850000000000006 0.0056729999999999992 0.0055370000000000011 0.0013190000000000003 0.0013490000000000002 0.0012819999999999999 10.504148874201391 10.504148874201391 10.504148874201391 0.00092977006477255734 0.00092977006477255734 0.00092977006477255734 1 1 1 Converged Converged Converged OK OK OK 122 122 122 122 122 122 6 6 6 0 0 0 0 1 0 0 1
113 113 linear 0 0 1130 0 0.001 0.53039509018183406 0.16773590075661945 0.00076848813604666775 0.012585749720259823 -0.052622908303460419 0.012432052093050488 0.5 0.063754950593853096 128.91887670700024 OK 14 13 0.468366 0.47167700000000001 0.141732 0.32350699999999999 0.32436599999999999 0 0.14485900000000002 0.14731100000000003 0.141732 0.013266 0.013461000000000001 0.012729000000000001 0.10294899999999996 0.10115499999999999 0.100478 0.0038010000000000006 0.004052 0.0039190000000000006 0.00097400000000000004 0.00097399999999999993 0.00095600000000000004 128.9190352784731 128.9190352784731 128.9190352784731 0.027332444351934191 0.027332444351934191 0.027332444351934191 1 1 1 Converged Converged Converged OK OK OK 82 82 82 82 82 82 6 6 6 0 0 0 0 0 1 0 0
113 113 linear 0 7 1130 1 0.001 0.53039509018183406 0.16773590075661945 0.00076848813604666775 0.012585749720259823 -0.052622908303460419 0.012525607170482258 0.5 0.063661395516421318 122.35192899339752 OK 14 13 0.47957300000000003 0.52753499999999998 0.128056 0.34780800000000001 0.21839900000000001 0 0.13176500000000002 0.30913599999999997 0.128056 0.012196 0.012326 0.011594999999999999 0.098832000000000003 0.275781 0.096287999999999999 0.0034980000000000002 0.0036230000000000004 0.0035760000000000002 0.00083500000000000002 0.00087100000000000003 0.00079000000000000001 122.35247194290621 122.35247194290621 122.35247194290621 0.097045777554178841 0.097045777554178841 0.097045777554178841 1 1 1 Converged Converged Converged OK OK OK 74 74 74 74 74 74 6 6 6 0 0 0 0 1 0 0 1
113 113 linear 0 15 1130 2 0.001 0.53039509018183406 0.16773590075661945 0.00076848813604666775 0.012585749720259823 -0.052622908303460419 0.012632527258975706 0.5 0.063554475427927873 112.79000027355353 OK 14 13 0.47601599999999999 0.52372399999999997 0.12909999999999999 0.33955400000000002 0.22626299999999999 0 0.13646199999999997 0.29746099999999998 0.12909999999999999 0.012192 0.012373 0.011538 0.10337400000000001 0.26402499999999995 0.097778999999999977 0.0034969999999999997 0.0037170000000000007 0.0033019999999999998 0.00087500000000000002 0.000901 0.00082000000000000009 112.78837944554068 112.78837944554068 112.78837944554068 0.095916590192828 0.095916590192828 0.095916590192828 1 1 1 Converged Converged Converged OK OK OK 74 74 74 74 74 74 6 6 6 0 0 0 0 1 0 0 1
113 113 linear 0 23 1130 3 0.001 0.53039509018183406 0.16773590075661945 0.00076848813604666775 0.012585749720259823 -0.052622908303460419 0.012739447347469157 0.5 0.063447555339434428 101.3123387184946 OK 14 13 0.481105 0.54885600000000001 0.13014400000000001 0.34547 0.21988099999999999 0 0.13563500000000001 0.32897500000000002 0.13014400000000001 0.012456 0.01234 0.011552 0.10054499999999998 0.29405000000000009 0.097088999999999939 0.0040670000000000003 0.0040850000000000001 0.0036599999999999996 0.0010139999999999999 0.0010580000000000001 0.00098099999999999988 101.31261346757282 101.31261346757282 101.31261346757282 0.020477155405982682 0.020477155405982682 0.020477155405982682 1 1 1 Converged Converged Converged OK OK OK 82 82 82 82 82 82 6 6 6 0 0 0 0 1 0 0 1
113 113 linear 0 0 1130 0 0.0001 0.53039509018183406 0.16773590075661945 0.00076848813604666775 0.012585749720259823 -0.052622908303460419 0.012432052093050488 0.5 0.063754950593853096 128.91887670700024 OK 14 13 0.52461100000000005 0.52171599999999996 0.19609099999999999 0.32330900000000001 0.323658 0 0.20130200000000004 0.19805799999999996 0.19609099999999999 0.013109000000000001 0.013318 0.012697 0.14670299999999994 0.14326499999999998 0.14246899999999993 0.0058070000000000005 0.0057369999999999999 0.0054860000000000004 0.0012130000000000001 0.0012110000000000001 0.0011640000000000001 128.91903528294245 128.91903528294245 128.91903528294245 0.010350324554762544 0.010350324554762544 0.010350324554762544 1 1 1 Converged Converged Converged OK OK OK 114 114 114 114 114 114 6 6 6 0 0 0 0 0 1 0 0
113 113 linear 0 7 1130 1 0.0001 0.53039509018183406 0.16773590075661945 0.00076848813604666775 0.012585749720259823 -0.052622908303460419 0.012525607170482258 0.5 0.063661395516421318 122.35192899339752 OK 14 13 0.54469599999999996 0.68567100000000003 0.190331 0.34865499999999999 0.22735900000000001 0 0.19604099999999997 0.45831200000000005 0.190331 0.012374 0.01227 0.011547999999999999 0.15151099999999998 0.41216900000000006 0.14706000000000008 0.0055769999999999995 0.0061010000000000005 0.0056419999999999994 0.001183 0.0011950000000000001 0.0011530000000000002 122.3522526703442 122.3522526703442 122.3522526703442 0.0073989519648616203 0.0073989519648616203 0.0073989519648616203 1 1 1 Converged Converged Converged OK OK OK 114 114 114 114 114 114 6 6 6 0 0 0 0 1 0 0 1
113 113 linear 0 15 1130 2 0.0001 0.53039509018183406 0.16773590075661945 0.00076848813604666775 0.012585749720259823 -0.052622908303460419 0.012632527258975706 0.5 0.063554475427927873 112.79000027355353 OK 14 13 0.54153700000000005 0.679342 0.19279199999999999 0.343277 0.22545699999999999 0 0.19826000000000005 0.45388499999999998 0.19279199999999999 0.012211 0.012264000000000001 0.011516999999999999 0.15361799999999995 0.40860299999999994 0.1493320000000001 0.0057500000000000008 0.0059850000000000007 0.0057530000000000003 0.0012210000000000001 0.0012179999999999999 0.0013570000000000001 112.78817258868192 112.78817258868192 112.78817258868192 0.0049393377575249354 0.0049393377575249354 0.0049393377575249354 1 1 1 Converged Converged Converged OK OK OK 114 114 114 114 114 114 6 6 6 0 0 0 0 1 0 0 1
113 113 linear 0 23 1130 3 0.0001 0.53039509018183406 0.16773590075661945 0.00076848813604666775 0.012585749720259823 -0.052622908303460419 0.012739447347469157 0.5 0.063447555339434428 101.3123387184946 OK 14 13 0.53975200000000001 0.67283599999999999 0.18462200000000001 0.349302 0.220945 0 0.19045000000000001 0.45189099999999999 0.18462200000000001 0.012292000000000001 0.012499 0.011612000000000001 0.14582399999999998 0.40533599999999997 0.14134300000000008 0.0057960000000000008 0.0065919999999999998 0.0056179999999999997 0.001266 0.0012890000000000002 0.0012509999999999999 101.31261347223847 101.31261347223847 101.31261347223847 0.0034393499799915237 0.0034393499799915237 0.0034393499799915237 1 1 1 Converged Converged Converged OK OK OK 114 114 114 114 114 114 6 6 6 0 0 0 0 1 0 0 1
113 113 linear 1 0 1131 0 0.001 0.53039509018183406 0.16773590075661945 0.00076848813604666775 0.022330568356762392 -0.014881795756387504 0.022176870729553058 0.5 0.054010131957350521 158.75307700669742 OK 14 13 0.48021000000000003 0.47637000000000002 0.134239 0.33905099999999999 0.34119300000000002 0 0.14115900000000003 0.13517699999999999 0.134239 0.012751999999999999 0.012814000000000001 0.012258 0.106388 0.10070899999999999 0.10044500000000001 0.0030220000000000004 0.0029509999999999996 0.0029299999999999999 0.00077500000000000008 0.00074700000000000005 0.00074199999999999993 158.75349598985719 158.75349598985719 158.75349598985719 0.046935759920633285 0.046935759920633285 0.046935759920633285 1 1 1 Converged Converged Converged OK OK OK 67 67 67 67 67 67 5 5 5 0 0 0 0 0 1 0 0
113 113 linear 1 7 1131 1 0.001 0.53039509018183406 0.16773590075661945 0.00076848813604666775 0.022330568356762392 -0.014881795756387504 0.022270425806984826 0.5 0.053916576879918757 165.17768921055861 OK 14 13 0.46506500000000001 0.45691500000000002 0.13066700000000001 0.33024599999999998 0.20677899999999999 0 0.13481900000000002 0.25013600000000002 0.13066700000000001 0.012093 0.012119 0.011466 0.10503000000000003 0.22017600000000004 0.10227399999999996 0.0030219999999999995 0.0031079999999999997 0.0028319999999999994 0.000767 0.00075100000000000004 0.00074100000000000001 165.17803602920864 165.17803602920864 165.17803602920864 0.039797193433257508 0.039797193433257508 0.039797193433257508 1 1 1 Converged Converged Converged OK OK OK 67 67 67 67 67 67 5 5 5 0 0 0 0 1 0 0 1
113 113 linear 1 15 1131 2 0.001 0.53039509018183406 0.16773590075661945 0.00076848813604666775 0.022330568356762392 -0.014881795756387504 0.022377345895478278 0.5 0.053809656791425298 168.80901322214589 OK 14 13 0.47385500000000003 0.46148899999999998 0.13070100000000001 0.33941300000000002 0.20877299999999999 0 0.13444200000000001 0.252716 0.13070100000000001 0.011998 0.012218 0.011453 0.10517399999999996 0.22243400000000008 0.102505 0.0028780000000000003 0.0031280000000000006 0.0027910000000000001 0.00072499999999999995 0.00074799999999999997 0.00074399999999999998 168.80946860057381 168.80946860057381 168.80946860057381 0.044350476434891463 0.044350476434891463 0.044350476434891463 1 1 1 Converged Converged Converged OK OK OK 67 67 67 67 67 67 5 5 5 0 0 0 0 1 0 0 1
113 113 linear 1 23 1131 3 0.001 0.53039509018183406 0.16773590075661945 0.00076848813604666775 0.022330568356762392 -0.014881795756387504 0.022484265983971727 0.5 0.053702736702931853 169.19137897036569 OK 14 13 0.45984199999999997 0.45286799999999999 0.12645300000000001 0.32991700000000002 0.202232 0 0.12992499999999996 0.25063599999999997 0.12645300000000001 0.011950000000000001 0.012016000000000001 0.011452 0.100698 0.22116600000000008 0.098022999999999985 0.0028729999999999997 0.0029809999999999997 0.0029449999999999997 0.00075500000000000003 0.00075999999999999993 0.00076300000000000001 169.19215345376307 169.19215345376307 169.19215345376307 0.0438027903585574 0.0438027903585574 0.0438027903585574 1 1 1 Converged Converged Converged OK OK OK 67 67 67 67 67 67 5 5 5 0 0 0 0 1 0 0 1
113 113 linear 1 0 1131 0 0.0001 0.53039509018183406 0.16773590075661945 0.00076848813604666775 0.022330568356762392 -0.014881795756387504 0.022176870729553058 0.5 0.054010131957350521 158.75307700669742 OK 14 13 0.52613799999999999 0.52329199999999998 0.178758 0.34051599999999999 0.34077600000000002 0 0.18562200000000001 0.18251599999999996 0.178758 0.012713 0.012831 0.012173 0.140403 0.13754 0.133857 0.0046309999999999997 0.0045830000000000003 0.0049400000000000008 0.0010219999999999999 0.001052 0.0010059999999999999 158.75349210310975 158.75349210310975 158.75349210310975 0.014820616022614773 0.014820616022614773 0.014820616022614773 1 1 1 Converged Converged Converged OK OK OK 99 99 99 99 99 99 5 5 5 0 0 0 0 0 1 0 0
113 113 linear 1 7 1131 1 0.0001 0.53039509018183406 0.16773590075661945 0.00076848813604666775 0.022330568356762392 -0.014881795756387504 0.022270425806984826 0.5 0.053916576879918757 165.17768921055861 OK 14 13 0.50746199999999997 0.57496100000000006 0.172929 0.33266200000000001 0.19963900000000001 0 0.17479999999999996 0.37532200000000004 0.172929 0.012068000000000001 0.012234999999999999 0.011476 0.13687299999999997 0.33695900000000001 0.132744 0.0046080000000000001 0.0045629999999999993 0.004679 0.001059 0.001052 0.0010679999999999999 165.17804076265205 165.17804076265205 165.17804076265205 0.010865848682629011 0.010865848682629011 0.010865848682629011 1 1 1 Converged Converged Converged OK OK OK 99 99 99 99 99 99 5 5 5 0 0 0 0 1 0 0 1
113 113 linear 1 15 1131 2 0.0001 0.53039509018183406 0.16773590075661945 0.00076848813604666775 0.022330568356762392 -0.014881795756387504 0.022377345895478278 0.5 0.053809656791425298 168.80901322214589 OK 14 13 0.517181 0.58413400000000004 0.170538 0.33878399999999997 0.20834 0 0.17839700000000003 0.37579400000000007 0.170538 0.012107 0.012054 0.011452 0.14087299999999997 0.33781099999999992 0.13390000000000005 0.0045880000000000009 0.0046289999999999994 0.0046549999999999994 0.0010120000000000001 0.001 0.0010150000000000001 168.80946953216255 168.80946953216255 168.80946953216255 0.014717007022741514 0.014717007022741514 0.014717007022741514 1 1 1 Converged Converged Converged OK OK OK 99 99 99 99 99 99 5 5 5 0 0 0 0 1 0 0 1
113 113 linear 1 23 1131 3 0.0001 0.53039509018183406 0.16773590075661945 0.00076848813604666775 0.022330568356762392 -0.014881795756387504 0.022484265983971727 0.5 0.053702736702931853 169.19137897036569 OK 14 13 0.501973 0.57257199999999997 0.166571 0.33008799999999999 0.19908000000000001 0 0.17188500000000001 0.37349199999999994 0.166571 0.012029 0.012101000000000001 0.011375 0.13419399999999992 0.33536399999999988 0.13037000000000004 0.0045690000000000001 0.0047460000000000002 0.0044910000000000002 0.0010250000000000001 0.00099500000000000001 0.001 169.19215354015518 169.19215354015518 169.19215354015518 0.01525233862912901 0.01525233862912901 0.01525233862912901 1 1 1 Converged Converged Converged OK OK OK 99 99 99 99 99 99 5 5 5 0 0 0 0 1 0 0 1
113 113 linear 2 0 1132 0 0.001 0.53039509018183406 0.16773590075661945 0.00076848813604666775 0.024590807128602229 -0.01403054061567308 0.024437109501392894 0.5 0.051749893185510681 16.066658954827492 OK 14 13 0.48402099999999998 0.48107899999999998 0.15109600000000001 0.32876300000000003 0.32910299999999998 0 0.15525799999999995 0.151976 0.15109600000000001 0.013181999999999999 0.013016 0.012956000000000001 0.11648100000000002 0.11345200000000001 0.11324500000000004 0.0036930000000000001 0.0036439999999999997 0.0035309999999999999 0.00085799999999999993 0.00087300000000000008 0.00082299999999999995 16.066514355919875 16.066514355919875 16.066514355919875 0.010638770159015796 0.010638770159015796 0.010638770159015796 1 1 1 Converged Converged Converged OK OK OK 75 75 75 75 75 75 5 5 5 0 0 0 0 0 1 0 0
113 113 linear 2 7 1132 1 0.001 0.53039509018183406 0.16773590075661945 0.00076848813604666775 0.024590807128602229 -0.01403054061567308 0.024530664578824662 0.5 0.051656338108078917 12.863584232080029 OK 13 12 0.44610100000000003 0.39963500000000002 0.108138 0.33404 0.20393800000000001 0 0.11206100000000002 0.19569700000000001 0.108138 0.0090810000000000005 0.0088819999999999993 0.0084360000000000008 0.086271999999999974 0.16996800000000004 0.083689000000000013 0.0027519999999999997 0.0028329999999999996 0.0026459999999999999 0.00057700000000000004 0.00060099999999999997 0.00055199999999999997 12.863577870653991 12.863577870653991 12.863577870653991 0.0048807886721193815 0.0048807886721193815 0.0048807886721193815 1 1 1 Converged Converged Converged OK OK OK 53 53 53 53 53 53 3 3 3 0 0 0 0 1 0 0 1
113 113 linear 2 15 1132 2 0.001 0.53039509018183406 0.16773590075661945 0.00076848813604666775 0.024590807128602229 -0.01403054061567308 0.024637584667318115 0.5 0.051549418019585465 12.884070105778619 OK 13 12 0.43167100000000003 0.38391799999999998 0.11072 0.31701200000000002 0.18184600000000001 0 0.11465900000000001 0.20207199999999997 0.11072 0.0088400000000000006 0.0089300000000000004 0.0082439999999999996 0.089083999999999983 0.17630200000000001 0.086417999999999981 0.0027400000000000002 0.002843 0.0027299999999999998 0.00058299999999999997 0.00057700000000000004 0.00055900000000000004 12.884063699574497 12.884063699574497 12.884063699574497 0.0048764685811868652 0.0048764685811868652 0.0048764685811868652 1 1 1 Converged Converged Converged OK OK OK 53 53 53 53 53 53 3 3 3 0 0 0 0 1 0 0 1
113 113 linear 2 23 1132 3 0.001 0.53039509018183406 0.16773590075661945 0.00076848813604666775 0.024590807128602229 -0.01403054061567308 0.024744504755811563 0.5 0.051442497931092013 12.904652506300707 OK 13 12 0.43787999999999999 0.40015400000000001 0.110184 0.32419599999999998 0.20233699999999999 0 0.11368400000000001 0.19781700000000002 0.110184 0.0087159999999999998 0.0088000000000000005 0.0082240000000000004 0.088408000000000028 0.17217000000000005 0.085877000000000009 0.0026670000000000001 0.002862 0.002813 0.00057499999999999999 0.00055800000000000001 0.00055800000000000001 12.90464606649288 12.90464606649288 12.90464606649288 0.0048721561102124606 0.0048721561102124606 0.0048721561102124606 1 1 1 Converged Converged Converged OK OK OK 53 53 53 53 53 53 3 3 3 0 0 0 0 1 0 0 1
113 113 linear 2 0 1132 0 0.0001 0.53039509018183406 0.16773590075661945 0.00076848813604666775 0.024590807128602229 -0.01403054061567308 0.024437109501392894 0.5 0.051749893185510681 16.066658954827492 OK 14 13 0.55128299999999997 0.544937 0.21487000000000001 0.33206200000000002 0.32956299999999999 0 0.21922099999999994 0.21537400000000001 0.21487000000000001 0.013231 0.013155 0.012965000000000001 0.17159899999999995 0.16774699999999998 0.16746399999999995 0.004744 0.0046420000000000003 0.004875 0.0010839999999999999 0.001088 0.0011079999999999998 16.066514087144721 16.066514087144721 16.066514087144721 0.00037094414117760715 0.00037094414117760715 0.00037094414117760715 1 1 1 Converged Converged Converged OK OK OK 99 99 99 99 99 99 5 5 5 0 0 0 0 0 1 0 0
113 113 linear 2 7 1132 1 0.0001 0.53039509018183406 0.16773590075661945 0.00076848813604666775 0.024590807128602229 -0.01403054061567308 0.024530664578824662 0.5 0.051656338108078917 12.863584232080029 OK 13 12 0.49706299999999998 0.456009 0.15762300000000001 0.33408900000000002 0.20713000000000001 0 0.16297399999999995 0.24887899999999999 0.15762300000000001 0.0091999999999999998 0.0089709999999999998 0.0084229999999999999 0.13163999999999998 0.21801400000000007 0.12801299999999999 0.0037989999999999999 0.0036499999999999996 0.0035760000000000002 0.00069200000000000012 0.00071000000000000013 0.00067600000000000006 12.863577873730991 12.863577873730991 12.863577873730991 0.00031313174213354198 0.00031313174213354198 0.00031313174213354198 1 1 1 Converged Converged Converged OK OK OK 69 69 69 69 69 69 3 3 3 0 0 0 0 1 0 0 1
113 113 linear 2 15 1132 2 0.0001 0.53039509018183406 0.16773590075661945 0.00076848813604666775 0.024590807128602229 -0.01403054061567308 0.024637584667318115 0.5 0.051549418019585465 12.884070105778619 OK 13 12 0.48441000000000001 0.43539499999999998 0.16142599999999999 0.31466300000000003 0.18547 0 0.16974699999999998 0.24992499999999998 0.16142599999999999 0.0088710000000000004 0.0089029999999999995 0.0083370000000000007 0.139126 0.21918900000000002 0.13205800000000001 0.0037850000000000002 0.0037149999999999996 0.0036020000000000002 0.00069000000000000008 0.00071199999999999996 0.00064900000000000005 12.884063702645454 12.884063702645454 12.884063702645454 0.00031318049034942576 0.00031318049034942576 0.00031318049034942576 1 1 1 Converged Converged Converged OK OK OK 69 69 69 69 69 69 3 3 3 0 0 0 0 1 0 0 1
113 113 linear 2 23 1132 3 0.0001 0.53039509018183406 0.16773590075661945 0.00076848813604666775 0.024590807128602229 -0.01403054061567308 0.024744504755811563 0.5 0.051442497931092013 12.904652506300707 OK 13 12 0.48974099999999998 0.44853599999999999 0.15953300000000001 0.32547199999999998 0.19806799999999999 0 0.164269 0.25046800000000002 0.15953300000000001 0.0087209999999999996 0.0089060000000000007 0.0083059999999999991 0.13394200000000001 0.21682299999999993 0.13037700000000002 0.0037629999999999999 0.0038170000000000001 0.0036830000000000001 0.00068300000000000001 0.00066700000000000006 0.00064900000000000005 12.904646069557819 12.904646069557819 12.904646069557819 0.00031322924380948919 0.00031322924380948919 0.00031322924380948919 1 1 1 Converged Converged Converged OK OK OK 69 69 69 69 69 69 3 3 3 0 0 0 0 1 0 0 1
113 113 linear 3 0 1133 0 0.001 0.53039509018183406 0.16773590075661945 0.00076848813604666775 0.018317687242600713 -0.08692412809893367 0.018163989615391379 0.5 0.058023013071512197 41.575638985476509 OK 13 12 0.38211800000000001 0.37954399999999999 0.093678999999999998 0.28626099999999999 0.28452 0 0.095857000000000026 0.095023999999999997 0.093678999999999998 0.0098729999999999998 0.01001 0.0097269999999999995 0.067524000000000042 0.066552 0.065957000000000016 0.0026440000000000001 0.0027980000000000001 0.0026950000000000003 0.00056499999999999996 0.00058399999999999999 0.00054600000000000004 41.575610403632759 41.575610403632759 41.575610403632759 0.0074916067221480285 0.0074916067221480285 0.0074916067221480285 1 1 1 Converged Converged Converged OK OK OK 53 53 53 53 53 53 3 3 3 0 0 0 0 0 1 0 0
113 113 linear 3 7 1133 1 0.001 0.53039509018183406 0.16773590075661945 0.00076848813604666775 0.018317687242600713 -0.08692412809893367 0.018257544692823147 0.5 0.057929457994080433 43.258701858320784 OK 13 12 0.35878399999999999 0.38034899999999999 0.084617999999999999 0.27138400000000001 0.155306 0 0.087399999999999978 0.22504299999999999 0.084617999999999999 0.0091039999999999992 0.0092320000000000006 0.0085559999999999994 0.061383000000000014 0.19888799999999995 0.059909000000000018 0.0026879999999999999 0.0028859999999999997 0.0026949999999999999 0.00056599999999999999 0.00058700000000000007 0.00053700000000000004 43.258673135770401 43.258673135770401 43.258673135770401 0.0074940132942588273 0.0074940132942588273 0.0074940132942588273 1 1 1 Converged Converged Converged OK OK OK 53 53 53 53 53 53 3 3 3 0 0 0 0 1 0 0 1
113 113 linear 3 15 1133 2 0.001 0.53039509018183406 0.16773590075661945 0.00076848813604666775 0.018317687242600713 -0.08692412809893367 0.018364464781316599 0.5 0.057822537905586981 45.490458693746653 OK 13 12 0.36864599999999997 0.39356000000000002 0.082950999999999997 0.28310400000000002 0.17486199999999999 0 0.085541999999999951 0.21869800000000003 0.082950999999999997 0.0092779999999999998 0.0094160000000000008 0.0088280000000000008 0.059493999999999998 0.19224999999999998 0.05797200000000001 0.0027569999999999999 0.0029169999999999999 0.002725 0.00055800000000000001 0.00056700000000000001 0.00053299999999999995 45.49042981541335 45.49042981541335 45.49042981541335 0.0074968422434890008 0.0074968422434890008 0.0074968422434890008 1 1 1 Converged Converged Converged OK OK OK 53 53 53 53 53 53 3 3 3 0 0 0 0 1 0 0 1
113 113 linear 3 23 1133 3 0.001 0.53039509018183406 0.16773590075661945 0.00076848813604666775 0.018317687242600713 -0.08692412809893367 0.018471384869810047 0.5 0.057715617817093529 48.164323665105996 OK 13 12 0.367317 0.38239899999999999 0.083363000000000007 0.28103499999999998 0.17333999999999999 0 0.086282000000000025 0.20905899999999999 0.083363000000000007 0.0089420000000000003 0.0091760000000000001 0.0084519999999999994 0.060407999999999996 0.18284400000000001 0.058758999999999999 0.0027420000000000001 0.0029629999999999999 0.0028059999999999999 0.00054200000000000006 0.00055999999999999995 0.00053600000000000002 48.164295269212296 48.164295269212296 48.164295269212296 0.0074998118530604733 0.0074998118530604733 0.0074998118530604733 1 1 1 Converged Converged Converged OK OK OK 53 53 53 53 53 53 3 3 3 0 0 0 0 1 0 0 1
113 113 linear 3 0 1133 0 0.0001 0.53039509018183406 0.16773590075661945 0.00076848813604666775 0.018317687242600713 -0.08692412809893367 0.018163989615391379 0.5 0.058023013071512197 41.575638985476509 OK 13 12 0.40663100000000002 0.401308 0.11652700000000001 0.28726499999999999 0.28373500000000001 0 0.11936600000000003 0.11757299999999998 0.11652700000000001 0.010116999999999999 0.0099930000000000001 0.0096769999999999998 0.084832000000000019 0.083262000000000044 0.082927000000000001 0.0035580000000000004 0.0036150000000000002 0.0035869999999999999 0.00070199999999999993 0.00070999999999999991 0.00068499999999999995 41.575610407509039 41.575610407509039 41.575610407509039 0.00031281736308090953 0.00031281736308090953 0.00031281736308090953 1 1 1 Converged Converged Converged OK OK OK 69 69 69 69 69 69 3 3 3 0 0 0 0 0 1 0 0
113 113 linear 3 7 1133 1 0.0001 0.53039509018183406 0.16773590075661945 0.00076848813604666775 0.018317687242600713 -0.08692412809893367 0.018257544692823147 0.5 0.057929457994080433 43.258701858320784 OK 13 12 0.38464500000000001 0.457007 0.10771699999999999 0.27352700000000002 0.15553700000000001 0 0.11111799999999999 0.30147000000000002 0.10771699999999999 0.009103 0.009195 0.0086800000000000002 0.080095000000000013 0.26500599999999996 0.077844000000000024 0.0038310000000000002 0.0037140000000000003 0.0035760000000000002 0.00068199999999999999 0.00070300000000000007 0.0006959999999999999 43.258673139646525 43.258673139646525 43.258673139646525 0.00031312664819059652 0.00031312664819059652 0.00031312664819059652 1 1 1 Converged Converged Converged OK OK OK 69 69 69 69 69 69 3 3 3 0 0 0 0 1 0 0 1
113 113 linear 3 15 1133 2 0.0001 0.53039509018183406 0.16773590075661945 0.00076848813604666775 0.018317687242600713 -0.08692412809893367 0.018364464781316599 0.5 0.057822537905586981 45.490458693746653 OK 13 12 0.40169500000000002 0.46093000000000001 0.10603799999999999 0.29164600000000002 0.17541899999999999 0 0.11004900000000001 0.28551100000000001 0.10603799999999999 0.0094629999999999992 0.0093860000000000002 0.0087559999999999999 0.078750000000000014 0.25418900000000005 0.076099999999999987 0.0037439999999999999 0.003673 0.0036250000000000002 0.00069099999999999999 0.00070400000000000009 0.00067599999999999995 45.490429819291059 45.490429819291059 45.490429819291059 0.0003135598095340478 0.0003135598095340478 0.0003135598095340478 1 1 1 Converged Converged Converged OK OK OK 69 69 69 69 69 69 3 3 3 0 0 0 0 1 0 0 1
113 113 linear 3 23 1133 3 0.0001 0.53039509018183406 0.16773590075661945 0.00076848813604666775 0.018317687242600713 -0.08692412809893367 0.018471384869810047 0.5 0.057715617817093529 48.164323665105996 OK 13 12 0.39195000000000002 0.44382700000000003 0.10641100000000001 0.28181400000000001 0.169847 0 0.11013600000000001 0.27398 0.10641100000000001 0.0091240000000000002 0.0091760000000000001 0.0085730000000000008 0.079374 0.24284099999999995 0.076754000000000003 0.0036450000000000002 0.0036710000000000002 0.0035010000000000002 0.00070100000000000002 0.00070599999999999992 0.00068700000000000011 48.164295273091987 48.164295273091987 48.164295273091987 0.00031413481434977201 0.00031413481434977201 0.00031413481434977201 1 1 1 Converged Converged Converged OK OK OK 69 69 69 69 69 69 3 3 3 0 0 0 0 1 0 0 1
113 113 linear 4 0 1134 0 0.001 0.53039509018183406 0.16773590075661945 0.00076848813604666775 1.0049685594063904 1.1365288054743767 1.004814861779181 0.5 -0.92862785909227741 2.7492028906841419 OK 13 12 0.434008 0.424093 0.10464900000000001 0.32498899999999997 0.318525 0 0.10901900000000003 0.105568 0.10464900000000001 0.010297000000000001 0.010189999999999999 0.0098530000000000006 0.078891000000000003 0.076571 0.076065000000000008 0.0029429999999999999 0.0027200000000000002 0.002565 0.00087900000000000001 0.00085399999999999994 0.00078200000000000003 2.749201196938349 2.749201196938349 2.749201196938349 0.0020141664180367684 0.0020141664180367684 0.0020141664180367684 1 1 1 Converged Converged Converged OK OK OK 60 60 60 60 60 60 4 4 4 0 0 0 0 0 1 0 0
113 113 linear 4 7 1134 1 0.001 0.53039509018183406 0.16773590075661945 0.00076848813604666775 1.0049685594063904 1.1365288054743767 1.0049084168566129 0.5 -0.92872141416970933 2.7513768369255849 OK 13 12 0.41838999999999998 0.484072 0.099876999999999994 0.31455699999999998 0.197103 0 0.10383300000000001 0.28696900000000003 0.099876999999999994 0.0094479999999999998 0.0094389999999999995 0.0089049999999999997 0.078379999999999977 0.26156100000000004 0.07603 0.0027650000000000001 0.0028280000000000002 0.0024999999999999996 0.00083500000000000002 0.00077499999999999997 0.0007310000000000001 2.751375146389897 2.751375146389897 2.751375146389897 0.0020138372373048213 0.0020138372373048213 0.0020138372373048213 1 1 1 Converged Converged Converged OK OK OK 60 60 60 60 60 60 4 4 4 0 0 0 0 1 0 0 1
113 113 linear 4 15 1134 2 0.001 0.53039509018183406 0.16773590075661945 0.00076848813604666775 1.0049685594063904 1.1365288054743767 1.0050153369451063 0.5 -0.92882833425820266 2.7537032686364395 OK 13 12 0.41415000000000002 0.46097399999999999 0.09733 0.30940800000000002 0.19068399999999999 0 0.104742 0.27029000000000003 0.09733 0.0093950000000000006 0.0094599999999999997 0.008855 0.075577999999999979 0.24520999999999998 0.07340300000000001 0.0027610000000000004 0.0027240000000000003 0.0026370000000000005 0.00083700000000000007 0.00075900000000000002 0.00073300000000000004 2.7537015825899149 2.7537015825899149 2.7537015825899149 0.0020136575820909573 0.0020136575820909573 0.0020136575820909573 1 1 1 Converged Converged Converged OK OK OK 60 60 60 60 60 60 4 4 4 0 0 0 0 1 0 0 1
113 113 linear 4 23 1134 3 0.001 0.53039509018183406 0.16773590075661945 0.00076848813604666775 1.0049685594063904 1.1365288054743767 1.0051222570335998 0.5 -0.92893525434669622 2.7558601703906724 OK 13 12 0.424848 0.47301300000000002 0.103156 0.317998 0.19378500000000001 0 0.10685 0.27922800000000003 0.103156 0.0094629999999999992 0.0094149999999999998 0.0088649999999999996 0.081716999999999984 0.25390999999999997 0.07945900000000003 0.0027519999999999997 0.0027369999999999998 0.0026359999999999995 0.00079900000000000001 0.00074799999999999997 0.00074399999999999998 2.7558584897099889 2.7558584897099889 2.7558584897099889 0.0020136783066369802 0.0020136783066369802 0.0020136783066369802 1 1 1 Converged Converged Converged OK OK OK 60 60 60 60 60 60 4 4 4 0 0 0 0 1 0 0 1
113 113 linear 4 0 1134 0 0.0001 0.53039509018183406 0.16773590075661945 0.00076848813604666775 1.0049685594063904 1.1365288054743767 1.004814861779181 0.5 -0.92862785909227741 2.7492028906841419 OK 13 12 0.45081399999999999 0.44589600000000001 0.127334 0.32173099999999999 0.31934499999999999 0 0.129083 0.12655100000000002 0.127334 0.0099939999999999994 0.010125 0.010154 0.094291000000000028 0.092007999999999965 0.092171999999999976 0.0033440000000000002 0.0034310000000000005 0.0035700000000000003 0.00091399999999999999 0.00087600000000000015 0.00090299999999999994 2.7492011979190805 2.7492011979190805 2.7492011979190805 0.00021479713580355012 0.00021479713580355012 0.00021479713580355012 1 1 1 Converged Converged Converged OK OK OK 76 76 76 76 76 76 4 4 4 0 0 0 0 0 1 0 0
113 113 linear 4 7 1134 1 0.0001 0.53039509018183406 0.16773590075661945 0.00076848813604666775 1.0049685594063904 1.1365288054743767 1.0049084168566129 0.5 -0.92872141416970933 2.7513768369255849 OK 13 12 0.44089699999999998 0.54190199999999999 0.119424 0.317913 0.195159 0 0.12298399999999998 0.34674300000000002 0.119424 0.0094649999999999995 0.0094009999999999996 0.0088830000000000003 0.09307800000000005 0.31614599999999993 0.090560000000000002 0.0034099999999999998 0.0038860000000000001 0.0034580000000000001 0.00088800000000000001 0.00090800000000000006 0.00089700000000000001 2.7513751473704731 2.7513751473704731 2.7513751473704731 0.00021447913463413308 0.00021447913463413308 0.00021447913463413308 1 1 1 Converged Converged Converged OK OK OK 76 76 76 76 76 76 4 4 4 0 0 0 0 1 0 0 1
113 113 linear 4 15 1134 2 0.0001 0.53039509018183406 0.16773590075661945 0.00076848813604666775 1.0049685594063904 1.1365288054743767 1.0050153369451063 0.5 -0.92882833425820266 2.7537032686364395 OK 13 12 0.434757 0.52434800000000004 0.120009 0.30770500000000001 0.193022 0 0.127052 0.33132600000000001 0.120009 0.0094439999999999993 0.0093620000000000005 0.0088520000000000005 0.097142000000000006 0.30121500000000001 0.091252999999999987 0.0033860000000000001 0.0034770000000000001 0.0034569999999999996 0.000843 0.00083600000000000015 0.00083000000000000001 2.7537015835705181 2.7537015835705181 2.7537015835705181 0.00021431225575894384 0.00021431225575894384 0.00021431225575894384 1 1 1 Converged Converged Converged OK OK OK 76 76 76 76 76 76 4 4 4 0 0 0 0 1 0 0 1
113 113 linear 4 23 1134 3 0.0001 0.53039509018183406 0.16773590075661945 0.00076848813604666775 1.0049685594063904 1.1365288054743767 1.0051222570335998 0.5 -0.92893525434669622 2.7558601703906724 OK 13 12 0.44777600000000001 0.525752 0.122902 0.32159700000000002 0.19767399999999999 0 0.12617899999999999 0.32807799999999998 0.122902 0.0092980000000000007 0.009528 0.0088610000000000008 0.09636699999999998 0.29753099999999993 0.094002000000000016 0.003519 0.0037609999999999996 0.0034909999999999997 0.00088699999999999998 0.00092599999999999996 0.00084699999999999999 2.7558584906904775 2.7558584906904775 2.7558584906904775 0.0002143457554484915 0.0002143457554484915 0.0002143457554484915 1 1 1 Converged Converged Converged OK OK OK 76 76 76 76 76 76 4 4 4 0 0 0 0 1 0 0 1
113 113 uniform 0 0 1135 0 0.001 0.53039509018183406 0.16773590075661945 0.00076848813604666775 0.012585749720259823 -0.052622908303460419 0.012432052093050488 0 0.063754950593853096 124.58138227588408 OK 14 13 0.440687 0.43743100000000001 0.119009 0.324652 0.32161099999999998 0 0.116035 0.11582000000000003 0.119009 0.013217 0.013158 0.012648 0.077123999999999998 0.077476999999999963 0.081366000000000008 0.0032519999999999997 0.0033549999999999999 0.003258 0.000812 0.00082299999999999995 0.00081299999999999992 124.58154221256169 124.58154221256169 124.58154221256169 0.10426121659155276 0.10426121659155276 0.10426121659155276 1 1 1 Converged Converged Converged OK OK OK 74 74 74 74 74 74 6 6 6 0 0 0 0 0 1 0 0
113 113 uniform 0 7 1135 1 0.001 0.53039509018183406 0.16773590075661945 0.00076848813604666775 0.012585749720259823 -0.052622908303460419 0.012525607170482258 0 0.063661395516421318 118.31461097237518 OK 14 13 0.45710000000000001 0.50990400000000002 0.11022999999999999 0.34548000000000001 0.22275700000000001 0 0.11162 0.28714700000000004 0.11022999999999999 0.012378999999999999 0.012181000000000001 0.011604 0.079269999999999979 0.25459400000000004 0.078947000000000003 0.0031380000000000002 0.003349 0.0031570000000000001 0.00080399999999999992 0.00078300000000000006 0.00076599999999999997 118.31474100394578 118.31474100394578 118.31474100394578 0.056590716967125664 0.056590716967125664 0.056590716967125664 1 1 1 Converged Converged Converged OK OK OK 74 74 74 74 74 74 6 6 6 0 0 0 0 1 0 0 1
113 113 uniform 0 15 1135 2 0.001 0.53039509018183406 0.16773590075661945 0.00076848813604666775 0.012585749720259823 -0.052622908303460419 0.012632527258975706 0 0.063554475427927873 109.65214331606776 OK 14 13 0.45865400000000001 0.50928899999999999 0.111452 0.34198800000000001 0.22970599999999999 0 0.11666599999999999 0.27958300000000003 0.111452 0.012175999999999999 0.012381 0.01149 0.084159999999999999 0.24679999999999996 0.080452999999999969 0.0032830000000000003 0.0032919999999999998 0.003163 0.00074600000000000014 0.00076599999999999997 0.00073499999999999998 109.65223927004946 109.65223927004946 109.65223927004946 0.056883453632414351 0.056883453632414351 0.056883453632414351 1 1 1 Converged Converged Converged OK OK OK 74 74 74 74 74 74 6 6 6 0 0 0 0 1 0 0 1
113 113 uniform 0 23 1135 3 0.001 0.53039509018183406 0.16773590075661945 0.00076848813604666775 0.012585749720259823 -0.052622908303460419 0.012739447347469157 0 0.063447555339434428 99.539576302994845 OK 14 13 0.45027699999999998 0.50917199999999996 0.104395 0.343611 0.23414699999999999 0 0.10666599999999998 0.27502499999999996 0.104395 0.012178 0.012404999999999999 0.011509999999999999 0.074309 0.24227099999999999 0.073449000000000014 0.0032869999999999996 0.0034619999999999998 0.0032100000000000006 0.00078799999999999996 0.00079000000000000001 0.00077200000000000001 99.539620760591774 99.539620760591774 99.539620760591774 0.075786310665526602 0.075786310665526602 0.075786310665526602 1 1 1 Converged Converged Converged OK OK OK 74 74 74 74 74 74 6 6 6 0 0 0 0 1 0 0 1
113 113 uniform 0 0 1135 0 0.0001 0.53039509018183406 0.16773590075661945 0.00076848813604666775 0.012585749720259823 -0.052622908303460419 0.012432052093050488 0 0.063754950593853096 124.58138227588408 OK 14 13 0.44689800000000002 0.44437300000000002 0.122451 0.32344699999999998 0.321048 0 0.12345100000000003 0.12332500000000002 0.122451 0.013231 0.013242 0.012814000000000001 0.081998000000000001 0.082220999999999975 0.081773000000000012 0.0035959999999999998 0.0035890000000000006 0.003565 0.001 0.00097300000000000012 0.00099099999999999991 124.58137991214416 124.58137991214416 124.58137991214416 0.0089813114419311849 0.0089813114419311849 0.0089813114419311849 1 1 1 Converged Converged Converged OK OK OK 82 82 82 82 82 82 6 6 6 0 0 0 0 0 1 0 0
113 113 uniform 0 7 1135 1 0.0001 0.53039509018183406 0.16773590075661945 0.00076848813604666775 0.012585749720259823 -0.052622908303460419 0.012525607170482258 0 0.063661395516421318 118.31461097237518 OK 14 13 0.46272099999999999 0.544489 0.116726 0.34347100000000003 0.21962000000000001 0 0.11924999999999997 0.32486899999999996 0.116726 0.012477 0.012364 0.011561 0.084655999999999995 0.29037999999999997 0.08384800000000002 0.0035689999999999997 0.003669 0.0034330000000000003 0.00090899999999999998 0.00094200000000000002 0.00088599999999999996 118.31460846210712 118.31460846210712 118.31460846210712 0.007682234951655373 0.007682234951655373 0.007682234951655373 1 1 1 Converged Converged Converged OK OK OK 82 82 82 82 82 82 6 6 6 0 0 0 0 1 0 0 1
113 113 uniform 0 15 1135 2 0.0001 0.53039509018183406 0.16773590075661945 0.00076848813604666775 0.012585749720259823 -0.052622908303460419 0.012632527258975706 0 0.063554475427927873 109.65214331606776 OK 14 13 0.46396100000000001 0.53339899999999996 0.117896 0.341559 0.22800799999999999 0 0.12240200000000001 0.30539099999999997 0.117896 0.012194999999999999 0.01234 0.011587 0.088443000000000022 0.27094399999999996 0.084989000000000023 0.0035720000000000001 0.0036499999999999996 0.0034710000000000006 0.00089300000000000002 0.00094000000000000008 0.00089800000000000004 109.65214238463187 109.65214238463187 109.65214238463187 0.006527056127228213 0.006527056127228213 0.006527056127228213 1 1 1 Converged Converged Converged OK OK OK 82 82 82 82 82 82 6 6 6 0 0 0 0 1 0 0 1
113 113 uniform 0 23 1135 3 0.0001 0.53039509018183406 0.16773590075661945 0.00076848813604666775 0.012585749720259823 -0.052622908303460419 0.012739447347469157 0 0.063447555339434428 99.539576302994845 OK 14 13 0.45753199999999999 0.53150299999999995 0.111207 0.34478999999999999 0.22009100000000001 0 0.11274200000000001 0.31141199999999991 0.111207 0.01221 0.012352 0.011582 0.078860000000000027 0.27698 0.078517999999999963 0.0035460000000000001 0.0036929999999999997 0.0034429999999999999 0.00093499999999999996 0.00098900000000000008 0.00091299999999999986 99.539573108551636 99.539573108551636 99.539573108551636 0.0057493300252604868 0.0057493300252604868 0.0057493300252604868 1 1 1 Converged Converged Converged OK OK OK 82 82 82 82 82 82 6 6 6 0 0 0 0 1 0 0 1
113 113 uniform 1 0 1136 0 0.001 0.53039509018183406 0.16773590075661945 0.00076848813604666775 0.022330568356762392 -0.014881795756387504 0.022176870729553058 0 0.054010131957350521 160.8297232431469 OK 14 13 0.46344099999999999 0.46013500000000002 0.12059400000000001 0.33834500000000001 0.33968199999999998 0 0.12509599999999998 0.12045300000000003 0.12059400000000001 0.012704999999999999 0.012452 0.012271000000000001 0.090616000000000002 0.086805999999999994 0.086797000000000013 0.0029030000000000002 0.0028289999999999999 0.002846 0.00079600000000000005 0.00072800000000000013 0.00072900000000000005 160.8297132285584 160.8297132285584 160.8297132285584 0.063085956417957056 0.063085956417957056 0.063085956417957056 1 1 1 Converged Converged Converged OK OK OK 67 67 67 67 67 67 5 5 5 0 0 0 0 0 1 0 0
113 113 uniform 1 7 1136 1 0.001 0.53039509018183406 0.16773590075661945 0.00076848813604666775 0.022330568356762392 -0.014881795756387504 0.022270425806984826 0 0.053916576879918757 165.14720983225018 OK 14 13 0.44816699999999998 0.43849500000000002 0.11679200000000001 0.32966699999999999 0.20369200000000001 0 0.11849999999999999 0.23480300000000001 0.11679200000000001 0.011923 0.012007 0.011362000000000001 0.089219999999999994 0.20557499999999995 0.088736999999999983 0.0027539999999999999 0.0027850000000000001 0.0026500000000000004 0.00075100000000000015 0.00075500000000000003 0.00070899999999999999 165.1471871231779 165.1471871231779 165.1471871231779 0.031732016705014604 0.031732016705014604 0.031732016705014604 1 1 1 Converged Converged Converged OK OK OK 67 67 67 67 67 67 5 5 5 0 0 0 0 1 0 0 1
113 113 uniform 1 15 1136 2 0.001 0.53039509018183406 0.16773590075661945 0.00076848813604666775 0.022330568356762392 -0.014881795756387504 0.022377345895478278 0 0.053809656791425298 166.56906890353528 OK 14 13 0.45573900000000001 0.44658500000000001 0.116865 0.33720699999999998 0.20899100000000001 0 0.11853200000000003 0.237594 0.116865 0.011926000000000001 0.012042000000000001 0.011384 0.089468999999999993 0.20829700000000004 0.088933999999999999 0.0027820000000000002 0.0028739999999999998 0.0027200000000000002 0.00070100000000000002 0.00072799999999999991 0.00070200000000000004 166.56906199722886 166.56906199722886 166.56906199722886 0.021736808453869487 0.021736808453869487 0.021736808453869487 1 1 1 Converged Converged Converged OK OK OK 67 67 67 67 67 67 5 5 5 0 0 0 0 1 0 0 1
113 113 uniform 1 23 1136 3 0.001 0.53039509018183406 0.16773590075661945 0.00076848813604666775 0.022330568356762392 -0.014881795756387504 0.022484265983971727 0 0.053702736702931853 165.26283302882015 OK 14 13 0.44712800000000003 0.43970100000000001 0.112763 0.33279700000000001 0.19955200000000001 0 0.11433100000000002 0.240149 0.112763 0.012029 0.012095 0.011455999999999999 0.085113999999999981 0.21065800000000001 0.084651000000000018 0.0027499999999999998 0.0028490000000000004 0.0027039999999999998 0.000736 0.00075000000000000002 0.00074399999999999998 165.26283032490738 165.26283032490738 165.26283032490738 0.015470126166776428 0.015470126166776428 0.015470126166776428 1 1 1 Converged Converged Converged OK OK OK 67 67 67 67 67 67 5 5 5 0 0 0 0 1 0 0 1
113 113 uniform 1 0 1136 0 0.0001 0.53039509018183406 0.16773590075661945 0.00076848813604666775 0.022330568356762392 -0.014881795756387504 0.022176870729553058 0 0.054010131957350521 160.8297232431469 OK 14 13 0.494475 0.49648399999999998 0.15296199999999999 0.33970699999999998 0.34182699999999999 0 0.15476800000000002 0.15465699999999999 0.15296199999999999 0.012579999999999999 0.012801999999999999 0.012336 0.11116500000000003 0.11100199999999999 0.10993099999999997 0.0045880000000000001 0.004424 0.0045459999999999997 0.001031 0.0010249999999999999 0.001018 160.82972321091452 160.82972321091452 160.82972321091452 0.0047665510158735463 0.0047665510158735463 0.0047665510158735463 1 1 1 Converged Converged Converged OK OK OK 99 99 99 99 99 99 5 5 5 0 0 0 0 0 1 0 0
113 113 uniform 1 7 1136 1 0.0001 0.53039509018183406 0.16773590075661945 0.00076848813604666775 0.022330568356762392 -0.014881795756387504 0.022270425806984826 0 0.053916576879918757 165.14720983225018 OK 14 13 0.46733200000000003 0.49112899999999998 0.131993 0.33372099999999999 0.199738 0 0.13361100000000004 0.29139099999999996 0.131993 0.012019 0.012076 0.011487000000000001 0.10110000000000001 0.25874299999999995 0.10039999999999995 0.0035450000000000004 0.0035120000000000004 0.0034959999999999995 0.00086600000000000002 0.00085700000000000001 0.00085399999999999994 165.14720029326261 165.14720029326261 165.14720029326261 0.010757747634442113 0.010757747634442113 0.010757747634442113 1 1 1 Converged Converged Converged OK OK OK 83 83 83 83 83 83 5 5 5 0 0 0 0 1 0 0 1
113 113 uniform 1 15 1136 2 0.0001 0.53039509018183406 0.16773590075661945 0.00076848813604666775 0.022330568356762392 -0.014881795756387504 0.022377345895478278 0 0.053809656791425298 166.56906890353528 OK 14 13 0.47467199999999998 0.50210500000000002 0.13201199999999999 0.34104000000000001 0.20544899999999999 0 0.13363199999999997 0.29665600000000003 0.13201199999999999 0.01193 0.012092 0.011365 0.10133300000000003 0.264094 0.10076700000000002 0.0035240000000000002 0.0035759999999999998 0.0034810000000000002 0.00086499999999999988 0.00085700000000000001 0.00082800000000000018 166.56906733743202 166.56906733743202 166.56906733743202 0.01139753370505263 0.01139753370505263 0.01139753370505263 1 1 1 Converged Converged Converged OK OK OK 83 83 83 83 83 83 5 5 5 0 0 0 0 1 0 0 1
113 113 uniform 1 23 1136 3 0.0001 0.53039509018183406 0.16773590075661945 0.00076848813604666775 0.022330568356762392 -0.014881795756387504 0.022484265983971727 0 0.053702736702931853 165.26283302882015 OK 14 13 0.44385000000000002 0.43521100000000001 0.11297 0.329515 0.19814799999999999 0 0.11433500000000002 0.23706300000000002 0.11297 0.012045999999999999 0.012146000000000001 0.011386 0.085077000000000028 0.20718599999999995 0.084916999999999992 0.0027880000000000001 0.002918 0.002696 0.00077300000000000003 0.00079299999999999998 0.00076500000000000005 165.26283032490738 165.26283032490738 165.26283032490738 0.015470126166776428 0.015470126166776428 0.015470126166776428 1 1 1 Converged Converged Converged OK OK OK 67 67 67 67 67 67 5 5 5 0 0 0 0 1 0 0 1
113 113 uniform 2 0 1137 0 0.001 0.53039509018183406 0.16773590075661945 0.00076848813604666775 0.024590807128602229 -0.01403054061567308 0.024437109501392894 0 0.051749893185510681 17.475940752728633 OK 14 13 0.44238899999999998 0.44400800000000001 0.114519 0.32425199999999998 0.328573 0 0.11813699999999999 0.11543500000000001 0.114519 0.016285999999999998 0.013273 0.013275 0.082707999999999976 0.082770000000000024 0.082169999999999993 0.0025140000000000002 0.0027010000000000003 0.0026290000000000003 0.00065899999999999997 0.00069200000000000002 0.00066099999999999991 17.475940661922476 17.475940661922476 17.475940661922476 0.010330624305096073 0.010330624305096073 0.010330624305096073 1 1 1 Converged Converged Converged OK OK OK 59 59 59 59 59 59 5 5 5 0 0 0 0 0 1 0 0
113 113 uniform 2 7 1137 1 0.001 0.53039509018183406 0.16773590075661945 0.00076848813604666775 0.024590807128602229 -0.01403054061567308 0.024530664578824662 0 0.051656338108078917 12.863711054030089 OK 13 12 0.41206300000000001 0.32723799999999997 0.077248999999999998 0.33349000000000001 0.202676 0 0.078573000000000004 0.12456199999999998 0.077248999999999998 0.0089560000000000004 0.0089580000000000007 0.0084309999999999993 0.058006999999999996 0.104004 0.057680999999999989 0.001753 0.0018220000000000003 0.001776 0.00046799999999999999 0.00044900000000000002 0.00042499999999999998 12.863710615650094 12.863710615650094 12.863710615650094 0.004836942555626912 0.004836942555626912 0.004836942555626912 1 1 1 Converged Converged Converged OK OK OK 37 37 37 37 37 37 3 3 3 0 0 0 0 1 0 0 1
113 113 uniform 2 15 1137 2 0.001 0.53039509018183406 0.16773590075661945 0.00076848813604666775 0.024590807128602229 -0.01403054061567308 0.024637584667318115 0 0.051549418019585465 12.884197949739901 OK 13 12 0.39617200000000002 0.31299300000000002 0.079880999999999994 0.31428299999999998 0.18303700000000001 0 0.081889000000000045 0.12995600000000002 0.079880999999999994 0.0088330000000000006 0.0088570000000000003 0.0083009999999999994 0.061119000000000021 0.10951599999999999 0.060589000000000004 0.0018710000000000001 0.0018470000000000001 0.001717 0.00045100000000000001 0.000446 0.00042699999999999997 12.884197500812894 12.884197500812894 12.884197500812894 0.0048440612081629471 0.0048440612081629471 0.0048440612081629471 1 1 1 Converged Converged Converged OK OK OK 37 37 37 37 37 37 3 3 3 0 0 0 0 1 0 0 1
113 113 uniform 2 23 1137 3 0.001 0.53039509018183406 0.16773590075661945 0.00076848813604666775 0.024590807128602229 -0.01403054061567308 0.024744504755811563 0 0.051442497931092013 12.904781377716972 OK 13 12 0.40650999999999998 0.33225100000000002 0.079459000000000002 0.325741 0.19980800000000001 0 0.08076899999999998 0.13244300000000001 0.079459000000000002 0.0087569999999999992 0.008796 0.0082789999999999999 0.060495000000000007 0.11226899999999999 0.060191000000000001 0.0017529999999999998 0.0018160000000000001 0.001704 0.00042999999999999999 0.00043499999999999995 0.00042500000000000003 12.904780933878627 12.904780933878627 12.904780933878627 0.0048512128858120241 0.0048512128858120241 0.0048512128858120241 1 1 1 Converged Converged Converged OK OK OK 37 37 37 37 37 37 3 3 3 0 0 0 0 1 0 0 1
113 113 uniform 2 0 1137 0 0.0001 0.53039509018183406 0.16773590075661945 0.00076848813604666775 0.024590807128602229 -0.01403054061567308 0.024437109501392894 0 0.051749893185510681 17.475940752728633 OK 14 13 0.46993099999999999 0.46981099999999998 0.14503199999999999 0.32452500000000001 0.323797 0 0.14540599999999998 0.14601399999999998 0.14503199999999999 0.013073 0.013135000000000001 0.013054 0.10523099999999999 0.105547 0.10496100000000003 0.0035820000000000001 0.0036729999999999996 0.003604 0.00089700000000000012 0.00093000000000000005 0.00089299999999999991 17.475940264979048 17.475940264979048 17.475940264979048 0.0013576391665478895 0.0013576391665478895 0.0013576391665478895 1 1 1 Converged Converged Converged OK OK OK 83 83 83 83 83 83 5 5 5 0 0 0 0 0 1 0 0
113 113 uniform 2 7 1137 1 0.0001 0.53039509018183406 0.16773590075661945 0.00076848813604666775 0.024590807128602229 -0.01403054061567308 0.024530664578824662 0 0.051656338108078917 12.863711054030089 OK 13 12 0.435749 0.39220699999999997 0.096851999999999994 0.33719399999999999 0.207541 0 0.098555000000000004 0.18466599999999997 0.096851999999999994 0.008881 0.0090469999999999995 0.0084650000000000003 0.07318100000000001 0.158889 0.072504999999999972 0.0026329999999999999 0.002764 0.0025539999999999998 0.00056900000000000006 0.00060999999999999997 0.00057899999999999998 12.863710615667712 12.863710615667712 12.863710615667712 0.0012631556703036923 0.0012631556703036923 0.0012631556703036923 1 1 1 Converged Converged Converged OK OK OK 53 53 53 53 53 53 3 3 3 0 0 0 0 1 0 0 1
113 113 uniform 2 15 1137 2 0.0001 0.53039509018183406 0.16773590075661945 0.00076848813604666775 0.024590807128602229 -0.01403054061567308 0.024637584667318115 0 0.051549418019585465 12.884197949739901 OK 13 12 0.413634 0.37665900000000002 0.099481 0.31241000000000002 0.185693 0 0.10122399999999998 0.19096600000000002 0.099481 0.0087729999999999995 0.0090500000000000008 0.0082389999999999998 0.075916000000000011 0.16514000000000004 0.075433 0.0025849999999999996 0.0026969999999999997 0.002552 0.00058399999999999999 0.00057799999999999995 0.00053199999999999992 12.884197500830577 12.884197500830577 12.884197500830577 0.0012622471104709722 0.0012622471104709722 0.0012622471104709722 1 1 1 Converged Converged Converged OK OK OK 53 53 53 53 53 53 3 3 3 0 0 0 0 1 0 0 1
113 113 uniform 2 23 1137 3 0.0001 0.53039509018183406 0.16773590075661945 0.00076848813604666775 0.024590807128602229 -0.01403054061567308 0.024744504755811563 0 0.051442497931092013 12.904781377716972 OK 13 12 0.427477 0.38315199999999999 0.098988000000000007 0.32729200000000003 0.19698199999999999 0 0.10018499999999997 0.18617 0.098988000000000007 0.0086479999999999994 0.0087819999999999999 0.008293 0.075313999999999992 0.16101499999999999 0.074940999999999994 0.0026159999999999994 0.0026050000000000001 0.0025219999999999999 0.00055199999999999997 0.00054500000000000002 0.00053499999999999999 12.904780933895767 12.904780933895767 12.904780933895767 0.0012613403712950927 0.0012613403712950927 0.0012613403712950927 1 1 1 Converged Converged Converged OK OK OK 53 53 53 53 53 53 3 3 3 0 0 0 0 1 0 0 1
113 113 uniform 3 0 1138 0 0.001 0.53039509018183406 0.16773590075661945 0.00076848813604666775 0.018317687242600713 -0.08692412809893367 0.018163989615391379 0 0.058023013071512197 41.705518493129439 OK 13 12 0.35152899999999998 0.34689599999999998 0.062787999999999997 0.28752100000000003 0.28381400000000001 0 0.064007999999999954 0.063081999999999971 0.062787999999999997 0.010104 0.0099469999999999992 0.0096839999999999999 0.040689000000000003 0.040421999999999986 0.040554999999999994 0.0018489999999999999 0.0017830000000000001 0.001761 0.00043800000000000002 0.00044100000000000004 0.00042499999999999998 41.705515789024346 41.705515789024346 41.705515789024346 0.022332228360304227 0.022332228360304227 0.022332228360304227 1 1 1 Converged Converged Converged OK OK OK 37 37 37 37 37 37 3 3 3 0 0 0 0 0 1 0 0
113 113 uniform 3 7 1138 1 0.001 0.53039509018183406 0.16773590075661945 0.00076848813604666775 0.018317687242600713 -0.08692412809893367 0.018257544692823147 0 0.057929457994080433 43.417596421997011 OK 13 12 0.32821899999999998 0.30577399999999999 0.053157999999999997 0.27352300000000002 0.157499 0 0.054695999999999967 0.14827499999999999 0.053157999999999997 0.0089840000000000007 0.0090369999999999999 0.0085699999999999995 0.034054000000000001 0.12758199999999997 0.033520999999999988 0.0017439999999999999 0.001846 0.001701 0.00042899999999999997 0.00043899999999999999 0.00041899999999999999 43.417594284389139 43.417594284389139 43.417594284389139 0.024991924156881191 0.024991924156881191 0.024991924156881191 1 1 1 Converged Converged Converged OK OK OK 37 37 37 37 37 37 3 3 3 0 0 0 0 1 0 0 1
113 113 uniform 3 15 1138 2 0.001 0.53039509018183406 0.16773590075661945 0.00076848813604666775 0.018317687242600713 -0.08692412809893367 0.018364464781316599 0 0.057822537905586981 45.695708370002585 OK 13 12 0.33702700000000002 0.32614900000000002 0.051873000000000002 0.28381200000000001 0.17599500000000001 0 0.053215000000000012 0.15015400000000001 0.051873000000000002 0.0091979999999999996 0.0093530000000000002 0.0087229999999999999 0.032465000000000001 0.12881999999999999 0.032068000000000006 0.0017650000000000001 0.001908 0.0017289999999999999 0.00044300000000000003 0.00043899999999999999 0.000415 45.695707145434049 45.695707145434049 45.695707145434049 0.028943635651645337 0.028943635651645337 0.028943635651645337 1 1 1 Converged Converged Converged OK OK OK 37 37 37 37 37 37 3 3 3 0 0 0 0 1 0 0 1
113 113 uniform 3 23 1138 3 0.001 0.53039509018183406 0.16773590075661945 0.00076848813604666775 0.018317687242600713 -0.08692412809893367 0.018471384869810047 0 0.057715617817093529 48.439204276271056 OK 13 12 0.33771499999999999 0.31335600000000002 0.053319999999999999 0.28305599999999997 0.17022599999999999 0 0.054659000000000013 0.14313000000000003 0.053319999999999999 0.0089359999999999995 0.0089940000000000003 0.0084749999999999999 0.034243000000000003 0.12252500000000001 0.033797999999999995 0.001763 0.0017879999999999999 0.0017350000000000002 0.00043300000000000001 0.000455 0.00041800000000000002 48.439204639402043 48.439204639402043 48.439204639402043 0.034409603645381599 0.034409603645381599 0.034409603645381599 1 1 1 Converged Converged Converged OK OK OK 37 37 37 37 37 37 3 3 3 0 0 0 0 1 0 0 1
113 113 uniform 3 0 1138 0 0.0001 0.53039509018183406 0.16773590075661945 0.00076848813604666775 0.018317687242600713 -0.08692412809893367 0.018163989615391379 0 0.058023013071512197 41.705518493129439 OK 13 12 0.36995899999999998 0.37071599999999999 0.081873000000000001 0.28738900000000001 0.284275 0 0.082569999999999977 0.08644099999999999 0.081873000000000001 0.0099360000000000004 0.010035000000000001 0.0096799999999999994 0.054275999999999998 0.05429500000000001 0.054251999999999988 0.0025699999999999998 0.0064469999999999996 0.0025539999999999998 0.00055500000000000005 0.00054500000000000002 0.00053899999999999998 41.705515775706779 41.705515775706779 41.705515775706779 0.0017977467778576134 0.0017977467778576134 0.0017977467778576134 1 1 1 Converged Converged Converged OK OK OK 53 53 53 53 53 53 3 3 3 0 0 0 0 0 1 0 0
113 113 uniform 3 7 1138 1 0.0001 0.53039509018183406 0.16773590075661945 0.00076848813604666775 0.018317687242600713 -0.08692412809893367 0.018257544692823147 0 0.057929457994080433 43.417596421997011 OK 13 12 0.35152499999999998 0.36911699999999997 0.072489999999999999 0.27751199999999998 0.157612 0 0.074012999999999995 0.21150499999999997 0.072489999999999999 0.0090229999999999998 0.0091210000000000006 0.0085269999999999999 0.048466999999999982 0.18563499999999999 0.047970000000000013 0.0025630000000000002 0.002758 0.0025709999999999999 0.00054900000000000001 0.00055800000000000001 0.00052999999999999998 43.417594269221254 43.417594269221254 43.417594269221254 0.0017982414167374038 0.0017982414167374038 0.0017982414167374038 1 1 1 Converged Converged Converged OK OK OK 53 53 53 53 53 53 3 3 3 0 0 0 0 1 0 0 1
113 113 uniform 3 15 1138 2 0.0001 0.53039509018183406 0.16773590075661945 0.00076848813604666775 0.018317687242600713 -0.08692412809893367 0.018364464781316599 0 0.057822537905586981 45.695708370002585 OK 13 12 0.35764800000000002 0.37634299999999998 0.070558999999999997 0.28535700000000003 0.17505000000000001 0 0.072290999999999994 0.20129299999999997 0.070558999999999997 0.0093120000000000008 0.0094590000000000004 0.0087720000000000003 0.046367999999999999 0.17491699999999999 0.045949000000000004 0.0025790000000000001 0.0027000000000000001 0.002532 0.00057000000000000009 0.00056000000000000006 0.00052599999999999999 45.695707127753991 45.695707127753991 45.695707127753991 0.0017988136501566861 0.0017988136501566861 0.0017988136501566861 1 1 1 Converged Converged Converged OK OK OK 53 53 53 53 53 53 3 3 3 0 0 0 0 1 0 0 1
113 113 uniform 3 23 1138 3 0.0001 0.53039509018183406 0.16773590075661945 0.00076848813604666775 0.018317687242600713 -0.08692412809893367 0.018471384869810047 0 0.057715617817093529 48.439204276271056 OK 13 12 0.35398400000000002 0.365811 0.070969000000000004 0.28140999999999999 0.17199500000000001 0 0.072574000000000027 0.19381599999999999 0.070969000000000004 0.0090109999999999999 0.0091909999999999995 0.0084510000000000002 0.047363000000000009 0.16792799999999999 0.046669000000000002 0.0025920000000000001 0.0026839999999999998 0.0025830000000000002 0.00055599999999999996 0.00055699999999999999 0.00052999999999999998 48.439204618728397 48.439204618728397 48.439204618728397 0.0017993979084361701 0.0017993979084361701 0.0017993979084361701 1 1 1 Converged Converged Converged OK OK OK 53 53 53 53 53 53 3 3 3 0 0 0 0 1 0 0 1
113 113 uniform 4 0 1139 0 0.001 0.53039509018183406 0.16773590075661945 0.00076848813604666775 1.0049685594063904 1.1365288054743767 1.004814861779181 0 -0.92862785909227741 2.7545966800722175 OK 13 12 0.41496 0.41192099999999998 0.092457999999999999 0.32103700000000002 0.31861600000000001 0 0.093922999999999979 0.093304999999999971 0.092457999999999999 0.010234999999999999 0.010187999999999999 0.0097999999999999997 0.064573000000000005 0.064691999999999986 0.064102999999999993 0.0024980000000000002 0.0024530000000000003 0.0025330000000000001 0.00071800000000000011 0.00069699999999999992 0.00070399999999999998 2.7545966449223283 2.7545966449223283 2.7545966449223283 0.00042556390399583316 0.00042556390399583316 0.00042556390399583316 1 1 1 Converged Converged Converged OK OK OK 60 60 60 60 60 60 4 4 4 0 0 0 0 0 1 0 0
113 113 uniform 4 7 1139 1 0.001 0.53039509018183406 0.16773590075661945 0.00076848813604666775 1.0049685594063904 1.1365288054743767 1.0049084168566129 0 -0.92872141416970933 2.7567604605463982 OK 13 12 0.40396500000000002 0.47462900000000002 0.087892999999999999 0.314942 0.198598 0 0.089023000000000019 0.27603100000000003 0.087892999999999999 0.0095779999999999997 0.0095139999999999999 0.0089709999999999998 0.064432999999999976 0.25098899999999991 0.064058000000000018 0.0023780000000000003 0.0025720000000000001 0.0024239999999999999 0.00066799999999999997 0.00066200000000000005 0.0006510000000000001 2.7567604254032405 2.7567604254032405 2.7567604254032405 0.00042530259766840187 0.00042530259766840187 0.00042530259766840187 1 1 1 Converged Converged Converged OK OK OK 60 60 60 60 60 60 4 4 4 0 0 0 0 1 0 0 1
113 113 uniform 4 15 1139 2 0.001 0.53039509018183406 0.16773590075661945 0.00076848813604666775 1.0049685594063904 1.1365288054743767 1.0050153369451063 0 -0.92882833425820266 2.7590726407123594 OK 13 12 0.39732099999999998 0.45105800000000001 0.085593000000000002 0.31100499999999998 0.19210199999999999 0 0.086316000000000004 0.25895600000000002 0.085593000000000002 0.0094090000000000007 0.0094039999999999992 0.0089219999999999994 0.061942000000000025 0.23381400000000002 0.061791000000000013 0.0024589999999999998 0.002666 0.0024399999999999999 0.00065600000000000001 0.00070700000000000005 0.00065200000000000002 2.7590726055680559 2.7590726055680559 2.7590726055680559 0.00042519431225269294 0.00042519431225269294 0.00042519431225269294 1 1 1 Converged Converged Converged OK OK OK 60 60 60 60 60 60 4 4 4 0 0 0 0 1 0 0 1
113 113 uniform 4 23 1139 3 0.001 0.53039509018183406 0.16773590075661945 0.00076848813604666775 1.0049685594063904 1.1365288054743767 1.0051222570335998 0 -0.92893525434669622 2.7612125093836299 OK 13 12 0.41384900000000002 0.46286100000000002 0.091162000000000007 0.31644600000000001 0.19534799999999999 0 0.097403000000000017 0.267513 0.091162000000000007 0.0095119999999999996 0.012690999999999999 0.0089350000000000002 0.072834000000000024 0.23927399999999993 0.067556000000000019 0.0024380000000000001 0.0025020000000000003 0.0023490000000000004 0.00072400000000000003 0.0008070000000000001 0.00074800000000000018 2.7612124742637234 2.7612124742637234 2.7612124742637234 0.0004252809744874521 0.0004252809744874521 0.0004252809744874521 1 1 1 Converged Converged Converged OK OK OK 60 60 60 60 60 60 4 4 4 0 0 0 0 1 0 0 1
113 113 uniform 4 0 1139 0 0.0001 0.53039509018183406 0.16773590075661945 0.00076848813604666775 1.0049685594063904 1.1365288054743767 1.004814861779181 0 -0.92862785909227741 2.7545966800722175 OK 13 12 0.431116 0.42946000000000001 0.110934 0.31911699999999998 0.31838100000000003 0 0.11199900000000002 0.11107899999999998 0.110934 0.010229 0.010161 0.010012 0.077072999999999989 0.076885000000000009 0.076498000000000024 0.0033700000000000006 0.0032629999999999998 0.0032620000000000001 0.00084099999999999995 0.00084000000000000003 0.00082600000000000002 2.7545966449299795 2.7545966449299795 2.7545966449299795 5.0531268511876621e-05 5.0531268511876621e-05 5.0531268511876621e-05 1 1 1 Converged Converged Converged OK OK OK 76 76 76 76 76 76 4 4 4 0 0 0 0 0 1 0 0
113 113 uniform 4 7 1139 1 0.0001 0.53039509018183406 0.16773590075661945 0.00076848813604666775 1.0049685594063904 1.1365288054743767 1.0049084168566129 0 -0.92872141416970933 2.7567604605463982 OK 13 12 0.42145899999999997 0.52819400000000005 0.103878 0.31609399999999999 0.19325700000000001 0 0.10536499999999999 0.33493700000000004 0.103878 0.0095119999999999996 0.0094719999999999995 0.0089789999999999991 0.075814000000000034 0.305228 0.075459999999999985 0.0032360000000000002 0.0034089999999999997 0.0031880000000000003 0.00079199999999999995 0.00081700000000000002 0.00079000000000000012 2.7567604254107838 2.7567604254107838 2.7567604254107838 5.0272292107681843e-05 5.0272292107681843e-05 5.0272292107681843e-05 1 1 1 Converged Converged Converged OK OK OK 76 76 76 76 76 76 4 4 4 0 0 0 0 1 0 0 1
113 113 uniform 4 15 1139 2 0.0001 0.53039509018183406 0.16773590075661945 0.00076848813604666775 1.0049685594063904 1.1365288054743767 1.0050153369451063 0 -0.92882833425820266 2.7590726407123594 OK 13 12 0.413769 0.50943099999999997 0.104516 0.30784800000000001 0.19236700000000001 0 0.10592099999999999 0.31706399999999996 0.104516 0.0094730000000000005 0.0095040000000000003 0.0088620000000000001 0.07655300000000001 0.28683500000000006 0.076070999999999986 0.0032539999999999999 0.0034859999999999995 0.0032500000000000003 0.00078399999999999997 0.00080400000000000003 0.000776 2.7590726055756463 2.7590726055756463 2.7590726055756463 5.0166669923368516e-05 5.0166669923368516e-05 5.0166669923368516e-05 1 1 1 Converged Converged Converged OK OK OK 76 76 76 76 76 76 4 4 4 0 0 0 0 1 0 0 1
113 113 uniform 4 23 1139 3 0.0001 0.53039509018183406 0.16773590075661945 0.00076848813604666775 1.0049685594063904 1.1365288054743767 1.0051222570335998 0 -0.92893525434669622 2.7612125093836299 OK 13 12 0.42880000000000001 0.50916899999999998 0.107445 0.32037700000000002 0.19376299999999999 0 0.10842299999999999 0.31540599999999996 0.107445 0.0095390000000000006 0.0095940000000000001 0.0088350000000000008 0.078946000000000002 0.28508700000000003 0.079073999999999978 0.0032729999999999999 0.00347 0.003212 0.00086799999999999985 0.00092400000000000002 0.00088200000000000019 2.7612124742712498 2.7612124742712498 2.7612124742712498 5.0255994868130395e-05 5.0255994868130395e-05 5.0255994868130395e-05 1 1 1 Converged Converged Converged OK OK OK 76 76 76 76 76 76 4 4 4 0 0 0 0 1 0 0 1
114 114 linear 0 0 1140 0 0.001 2.0486610398199936 0.017719305644078309 0.00023077588802392687 0.031513875511796192 1.5103180826631042e-05 0.031467720334191408 0.5 0.004201103991305917 2242.4785468683904 OK 16 15 0.97567300000000001 0.95995799999999998 0.32053799999999999 0.64301399999999997 0.63793999999999995 0 0.33265900000000004 0.32201800000000003 0.32053799999999999 0.013179 0.011925 0.011755 0.27964000000000006 0.2709870000000002 0.27027800000000007 0.0049029999999999994 0.0049890000000000004 0.0049959999999999996 0.001245 0.0012880000000000001 0.001358 2242.4959173701141 2242.4959173701141 2242.4959173701141 1.3059531037212859 1.3059531037212859 1.3059531037212859 1 1 1 Converged Converged Converged OK OK OK 118 118 118 118 118 118 10 10 10 0 0 0 0 0 1 0 0
114 114 linear 0 7 1140 1 0.001 2.0486610398199936 0.017719305644078309 0.00023077588802392687 0.031513875511796192 1.5103180826631042e-05 0.031495814790124754 0.5 0.004173009535372571 2218.1329674925069 OK 16 15 0.97406300000000001 0.96240099999999995 0.30095899999999998 0.66231700000000004 0.528555 0 0.31174599999999997 0.43384599999999995 0.30095899999999998 0.010647999999999999 0.010418 0.0098849999999999997 0.27346699999999996 0.3959399999999999 0.265287 0.0054560000000000008 0.0053719999999999992 0.0048380000000000003 0.0012380000000000002 0.0011810000000000002 0.0011970000000000001 2218.1448100691573 2218.1448100691573 2218.1448100691573 1.7245107389135914 1.7245107389135914 1.7245107389135914 1 1 1 Converged Converged Converged OK OK OK 118 118 118 118 118 118 10 10 10 0 0 0 0 1 0 0 1
114 114 linear 0 15 1140 2 0.001 2.0486610398199936 0.017719305644078309 0.00023077588802392687 0.031513875511796192 1.5103180826631042e-05 0.031527922739762869 0.5 0.0041409015857344564 2184.0944514532312 OK 16 15 1.018689 1.0536110000000001 0.36140299999999997 0.64353099999999996 0.502359 0 0.37515799999999999 0.55125200000000008 0.36140299999999997 0.010551 0.010744999999999999 0.0099600000000000001 0.3237040000000001 0.49889 0.31213099999999983 0.0077659999999999995 0.0082019999999999992 0.0073919999999999993 0.0013930000000000001 0.001464 0.0013909999999999999 2184.1103682289113 2184.1103682289113 2184.1103682289113 0.7286834745483155 0.7286834745483155 0.7286834745483155 1 1 1 Converged Converged Converged OK OK OK 143 143 143 143 143 143 9 9 9 0 0 0 0 1 0 0 1
114 114 linear 0 23 1140 3 0.001 2.0486610398199936 0.017719305644078309 0.00023077588802392687 0.031513875511796192 1.5103180826631042e-05 0.031560030689400977 0.5 0.0041087936360963487 2144.1840592007648 OK 15 14 0.97237700000000005 0.976468 0.35243200000000002 0.630525 0.49759500000000001 0 0.34185200000000004 0.47887299999999999 0.35243200000000002 0.011219 0.011197 0.010406 0.29431700000000005 0.43111600000000005 0.30476299999999984 0.0078019999999999999 0.0077480000000000005 0.0082819999999999994 0.0010380000000000001 0.0010279999999999998 0.0010449999999999999 2144.2633496643089 2144.2633496643089 2144.2633496643089 1.8964067394372379 1.8964067394372379 1.8964067394372379 1 1 1 Converged Converged Converged OK OK OK 120 120 120 120 120 120 8 8 8 0 0 0 0 1 0 0 1
114 114 linear 0 0 1140 0 0.0001 2.0486610398199936 0.017719305644078309 0.00023077588802392687 0.031513875511796192 1.5103180826631042e-05 0.031467720334191408 0.5 0.004201103991305917 2242.4785468683904 OK 16 15 1.0947910000000001 1.0881069999999999 0.438668 0.64246400000000004 0.64392000000000005 0 0.45232700000000003 0.44418699999999989 0.438668 0.012023000000000001 0.01227 0.011912000000000001 0.37630100000000005 0.36908600000000014 0.36852200000000007 0.0086819999999999987 0.009555000000000001 0.0087760000000000008 0.001825 0.0044619999999999998 0.0017770000000000002 2242.4986643168659 2242.4986643168659 2242.4986643168659 0.14933723512276378 0.14933723512276378 0.14933723512276378 1 1 1 Converged Converged Converged OK OK OK 174 174 174 174 174 174 10 10 10 0 0 0 0 0 1 0 0
114 114 linear 0 7 1140 1 0.0001 2.0486610398199936 0.017719305644078309 0.00023077588802392687 0.031513875511796192 1.5103180826631042e-05 0.031495814790124754 0.5 0.004173009535372571 2218.1329674925069 OK 16 15 1.091798 1.1842680000000001 0.42143999999999998 0.66299300000000005 0.52811699999999995 0 0.42880499999999999 0.65615100000000015 0.42143999999999998 0.01035 0.010548 0.0096690000000000005 0.37845900000000016 0.60435800000000006 0.37231200000000003 0.0085459999999999998 0.0090819999999999998 0.0087430000000000008 0.0017319999999999998 0.0017890000000000002 0.0018079999999999999 2218.1468884033316 2218.1468884033316 2218.1468884033316 0.15231851575401323 0.15231851575401323 0.15231851575401323 1 1 1 Converged Converged Converged OK OK OK 174 174 174 174 174 174 10 10 10 0 0 0 0 1 0 0 1
114 114 linear 0 15 1140 2 0.0001 2.0486610398199936 0.017719305644078309 0.00023077588802392687 0.031513875511796192 1.5103180826631042e-05 0.031527922739762869 0.5 0.0041409015857344564 2184.0944514532312 OK 16 15 1.17204 1.3481289999999999 0.51005299999999998 0.64970700000000003 0.50011799999999995 0 0.52233299999999994 0.84801099999999996 0.51005299999999998 0.010607 0.01065 0.010034 0.45115000000000005 0.77531499999999987 0.44039200000000012 0.016284 0.017167999999999999 0.016469000000000001 0.0016920000000000004 0.0016529999999999997 0.0016490000000000001 2184.1107247929149 2184.1107247929149 2184.1107247929149 0.18783926440895526 0.18783926440895526 0.18783926440895526 1 1 1 Converged Converged Converged OK OK OK 215 215 215 215 215 215 9 9 9 0 0 0 0 1 0 0 1
114 114 linear 0 23 1140 3 0.0001 2.0486610398199936 0.017719305644078309 0.00023077588802392687 0.031513875511796192 1.5103180826631042e-05 0.031560030689400977 0.5 0.0041087936360963487 2144.1840592007648 OK 15 14 1.006561 1.027277 0.36625799999999997 0.63257799999999997 0.49456299999999997 0 0.37398300000000007 0.53271400000000002 0.36625799999999997 0.010722000000000001 0.011147000000000001 0.010506 0.32318800000000003 0.48134900000000019 0.31725499999999995 0.0079389999999999999 0.0082280000000000009 0.0076109999999999997 0.0013850000000000002 0.0014600000000000001 0.0013780000000000001 2144.2048977760364 2144.2048977760364 2144.2048977760364 0.1825026016442064 0.1825026016442064 0.1825026016442064 1 1 1 Converged Converged Converged OK OK OK 136 136 136 136 136 136 8 8 8 0 0 0 0 1 0 0 1
114 114 linear 1 0 1141 0 0.001 2.0486610398199936 0.017719305644078309 0.00023077588802392687 -1.5130488521048451 0.024915802334031147 -1.5130950072824498 0.5 1.5487638316079471 28.857545904108793 OK 14 13 0.52834899999999996 0.525922 0.146179 0.37942399999999998 0.37841799999999998 0 0.14892499999999997 0.14750400000000002 0.146179 0.01174 0.011952000000000001 0.011350000000000001 0.11097899999999997 0.10869800000000002 0.10847900000000002 0.0034160000000000002 0.0035850000000000001 0.0035039999999999997 0.00080200000000000009 0.00083099999999999992 0.00081000000000000006 28.857598471405566 28.857598471405566 28.857598471405566 0.012892178924155064 0.012892178924155064 0.012892178924155064 1 1 1 Converged Converged Converged OK OK OK 81 81 81 81 81 81 7 7 7 0 0 0 0 0 1 0 0
114 114 linear 1 7 1141 1 0.001 2.0486610398199936 0.017719305644078309 0.00023077588802392687 -1.5130488521048451 0.024915802334031147 -1.5130669128265166 0.5 1.5487357371520138 29.011988939857314 OK 14 13 0.49065799999999998 0.43417800000000001 0.14058000000000001 0.34634100000000001 0.21699299999999999 0 0.14431699999999997 0.21718500000000002 0.14058000000000001 0.010935 0.011069000000000001 0.010387 0.11343900000000004 0.18592900000000001 0.11092099999999998 0.0033679999999999999 0.0035819999999999997 0.0033779999999999999 0.00078899999999999999 0.00080000000000000004 0.00077899999999999996 29.012080008860661 29.012080008860661 29.012080008860661 0.012835694127950215 0.012835694127950215 0.012835694127950215 1 1 1 Converged Converged Converged OK OK OK 81 81 81 81 81 81 7 7 7 0 0 0 0 1 0 0 1
114 114 linear 1 15 1141 2 0.001 2.0486610398199936 0.017719305644078309 0.00023077588802392687 -1.5130488521048451 0.024915802334031147 -1.5130348048768785 0.5 1.5487036292023757 28.912312330362237 OK 14 13 0.49202000000000001 0.416908 0.132217 0.35527199999999998 0.21778600000000001 0 0.13674800000000004 0.19912199999999999 0.132217 0.010966 0.011065 0.010385 0.10584600000000004 0.16789699999999991 0.10235700000000006 0.0035200000000000001 0.0036800000000000001 0.0033989999999999997 0.00078600000000000002 0.00080499999999999994 0.00076199999999999998 28.912350453088571 28.912350453088571 28.912350453088571 0.012747492479629459 0.012747492479629459 0.012747492479629459 1 1 1 Converged Converged Converged OK OK OK 81 81 81 81 81 81 7 7 7 0 0 0 0 1 0 0 1
114 114 linear 1 23 1141 3 0.001 2.0486610398199936 0.017719305644078309 0.00023077588802392687 -1.5130488521048451 0.024915802334031147 -1.5130026969272403 0.5 1.5486715212527375 28.544943918332489 OK 14 13 0.47992099999999999 0.43493199999999999 0.13549600000000001 0.34003899999999998 0.21001900000000001 0 0.13988200000000001 0.22491299999999997 0.13549600000000001 0.011008 0.011091 0.010281 0.10906000000000002 0.19380499999999992 0.10572999999999995 0.003382 0.0036440000000000001 0.0034399999999999995 0.00081400000000000005 0.00081900000000000007 0.00079199999999999995 28.544910023658183 28.544910023658183 28.544910023658183 0.012647061229922827 0.012647061229922827 0.012647061229922827 1 1 1 Converged Converged Converged OK OK OK 81 81 81 81 81 81 7 7 7 0 0 0 0 1 0 0 1
114 114 linear 1 0 1141 0 0.0001 2.0486610398199936 0.017719305644078309 0.00023077588802392687 -1.5130488521048451 0.024915802334031147 -1.5130950072824498 0.5 1.5487638316079471 28.857545904108793 OK 14 13 0.56881899999999996 0.57133299999999998 0.189497 0.37513999999999997 0.37909799999999999 0 0.19367899999999999 0.19223499999999999 0.189497 0.011899 0.012179000000000001 0.011587 0.14533000000000001 0.14247099999999996 0.14151199999999997 0.0048690000000000001 0.0053070000000000001 0.0047949999999999998 0.0011019999999999999 0.0011229999999999999 0.00108 28.857649666358267 28.857649666358267 28.857649666358267 0.0022577356429804817 0.0022577356429804817 0.0022577356429804817 1 1 1 Converged Converged Converged OK OK OK 105 105 105 105 105 105 7 7 7 0 0 0 0 0 1 0 0
114 114 linear 1 7 1141 1 0.0001 2.0486610398199936 0.017719305644078309 0.00023077588802392687 -1.5130488521048451 0.024915802334031147 -1.5130669128265166 0.5 1.5487357371520138 29.011988939857314 OK 14 13 0.53254599999999996 0.52847299999999997 0.18088499999999999 0.34673799999999999 0.21926300000000001 0 0.18580799999999997 0.30920999999999998 0.18088499999999999 0.011067 0.011145 0.010392 0.147198 0.2697480000000001 0.14346199999999995 0.0048009999999999997 0.0051019999999999998 0.0048209999999999998 0.0010600000000000002 0.0011049999999999999 0.001049 29.012131206240106 29.012131206240106 29.012131206240106 0.0022007888979351849 0.0022007888979351849 0.0022007888979351849 1 1 1 Converged Converged Converged OK OK OK 105 105 105 105 105 105 7 7 7 0 0 0 0 1 0 0 1
114 114 linear 1 15 1141 2 0.0001 2.0486610398199936 0.017719305644078309 0.00023077588802392687 -1.5130488521048451 0.024915802334031147 -1.5130348048768785 0.5 1.5487036292023757 28.912312330362237 OK 14 13 0.52811600000000003 0.50135099999999999 0.17579900000000001 0.350663 0.21529499999999999 0 0.17745300000000003 0.28605599999999998 0.17579900000000001 0.010928 0.011009 0.010331 0.13892400000000005 0.24750600000000011 0.1385920000000001 0.004829 0.0047809999999999997 0.0046490000000000004 0.0010530000000000001 0.0011280000000000001 0.0010600000000000002 28.912401653241549 28.912401653241549 28.912401653241549 0.0021120590781353882 0.0021120590781353882 0.0021120590781353882 1 1 1 Converged Converged Converged OK OK OK 105 105 105 105 105 105 7 7 7 0 0 0 0 1 0 0 1
114 114 linear 1 23 1141 3 0.0001 2.0486610398199936 0.017719305644078309 0.00023077588802392687 -1.5130488521048451 0.024915802334031147 -1.5130026969272403 0.5 1.5486715212527375 28.544943918332489 OK 14 13 0.52148000000000005 0.52358899999999997 0.17560000000000001 0.340424 0.21188100000000001 0 0.18105600000000005 0.31170799999999999 0.17560000000000001 0.011119 0.010992 0.010352999999999999 0.14257799999999995 0.27257599999999998 0.13865700000000006 0.0048599999999999997 0.0050949999999999997 0.0046570000000000005 0.001075 0.0011359999999999999 0.0010790000000000001 28.544961226584878 28.544961226584878 28.544961226584878 0.0020110994115631969 0.0020110994115631969 0.0020110994115631969 1 1 1 Converged Converged Converged OK OK OK 105 105 105 105 105 105 7 7 7 0 0 0 0 1 0 0 1
114 114 linear 2 0 1142 0 0.001 2.0486610398199936 0.017719305644078309 0.00023077588802392687 -1.4795765871962985 -0.0065532149032618845 -1.4796227423739032 0.5 1.5152915666994005 2.1461268566661369 OK 13 12 0.56568099999999999 0.55999299999999996 0.136072 0.42576000000000003 0.42181600000000002 0 0.13992099999999996 0.13817699999999994 0.136072 0.0088620000000000001 0.009044 0.0086660000000000001 0.10915600000000003 0.10713 0.10596999999999998 0.00316 0.0032880000000000001 0.0031839999999999998 0.00069900000000000008 0.00071500000000000003 0.000687 2.1461263125627434 2.1461263125627434 2.1461263125627434 0.00068913820143269209 0.00068913820143269209 0.00068913820143269209 1 1 1 Converged Converged Converged OK OK OK 61 61 61 61 61 61 3 3 3 0 0 0 0 0 1 0 0
114 114 linear 2 7 1142 1 0.001 2.0486610398199936 0.017719305644078309 0.00023077588802392687 -1.4795765871962985 -0.0065532149032618845 -1.47959464791797 0.5 1.5152634722434672 2.1465925188500377 OK 13 12 0.46847 0.43408099999999999 0.13311999999999999 0.32934600000000003 0.20111100000000001 0 0.13912399999999997 0.23296999999999998 0.13311999999999999 0.0082070000000000008 0.0081659999999999996 0.0076340000000000002 0.11147699999999998 0.20232200000000003 0.10694199999999997 0.0031539999999999997 0.0032000000000000002 0.0031189999999999998 0.00068400000000000004 0.00071299999999999998 0.00067600000000000006 2.1465919736740378 2.1465919736740378 2.1465919736740378 0.00068887671122031923 0.00068887671122031923 0.00068887671122031923 1 1 1 Converged Converged Converged OK OK OK 61 61 61 61 61 61 3 3 3 0 0 0 0 1 0 0 1
114 114 linear 2 15 1142 2 0.001 2.0486610398199936 0.017719305644078309 0.00023077588802392687 -1.4795765871962985 -0.0065532149032618845 -1.4795625399683319 0.5 1.5152313642938291 2.1471255854021631 OK 13 12 0.68383300000000002 0.64681 0.13487099999999999 0.54480700000000004 0.40985700000000003 0 0.13902599999999998 0.23695299999999997 0.13487099999999999 0.0082109999999999995 0.0083560000000000006 0.0076620000000000004 0.11173599999999999 0.20956800000000003 0.10875299999999999 0.0031949999999999999 0.003248 0.0030980000000000001 0.00070799999999999997 0.00070899999999999989 0.00068900000000000005 2.1471250389962573 2.1471250389962573 2.1471250389962573 0.000688578054170931 0.000688578054170931 0.000688578054170931 1 1 1 Converged Converged Converged OK OK OK 61 61 61 61 61 61 3 3 3 0 0 0 0 1 0 0 1
114 114 linear 2 23 1142 3 0.001 2.0486610398199936 0.017719305644078309 0.00023077588802392687 -1.4795765871962985 -0.0065532149032618845 -1.4795304320186937 0.5 1.5151992563441909 2.1476595924756006 OK 13 12 0.48754900000000001 0.445801 0.133769 0.34401300000000001 0.21805099999999999 0 0.143536 0.22775000000000001 0.133769 0.0082869999999999992 0.0083129999999999992 0.007672 0.116191 0.20020099999999999 0.107463 0.0031670000000000001 0.0032320000000000001 0.0031940000000000002 0.00071900000000000013 0.00071500000000000003 0.00067299999999999999 2.1476590448372535 2.1476590448372535 2.1476590448372535 0.00068827959929594238 0.00068827959929594238 0.00068827959929594238 1 1 1 Converged Converged Converged OK OK OK 61 61 61 61 61 61 3 3 3 0 0 0 0 1 0 0 1
114 114 linear 2 0 1142 0 0.0001 2.0486610398199936 0.017719305644078309 0.00023077588802392687 -1.4795765871962985 -0.0065532149032618845 -1.4796227423739032 0.5 1.5152915666994005 2.1461268566661369 OK 13 12 0.616344 0.61403600000000003 0.19491 0.42133900000000002 0.42158099999999998 0 0.19500499999999998 0.19245500000000004 0.19491 0.0090749999999999997 0.0088819999999999993 0.0085830000000000004 0.15855500000000003 0.156059 0.158969 0.0039329999999999999 0.0040460000000000001 0.00396 0.00082400000000000008 0.00082700000000000004 0.00081700000000000002 2.1461263128788515 2.1461263128788515 2.1461263128788515 0.00010841028017687384 0.00010841028017687384 0.00010841028017687384 1 1 1 Converged Converged Converged OK OK OK 77 77 77 77 77 77 3 3 3 0 0 0 0 0 1 0 0
114 114 linear 2 7 1142 1 0.0001 2.0486610398199936 0.017719305644078309 0.00023077588802392687 -1.4795765871962985 -0.0065532149032618845 -1.47959464791797 0.5 1.5152634722434672 2.1465925188500377 OK 13 12 0.52336000000000005 0.48792000000000002 0.18618000000000001 0.331648 0.201986 0 0.19171200000000005 0.28593400000000002 0.18618000000000001 0.0081910000000000004 0.0082489999999999994 0.0076819999999999996 0.15944700000000001 0.25360700000000008 0.15502800000000003 0.0040509999999999999 0.0040749999999999996 0.0039259999999999998 0.0008160000000000001 0.00080400000000000003 0.00078400000000000019 2.1465919739900068 2.1465919739900068 2.1465919739900068 0.00010841548028863246 0.00010841548028863246 0.00010841548028863246 1 1 1 Converged Converged Converged OK OK OK 77 77 77 77 77 77 3 3 3 0 0 0 0 1 0 0 1
114 114 linear 2 15 1142 2 0.0001 2.0486610398199936 0.017719305644078309 0.00023077588802392687 -1.4795765871962985 -0.0065532149032618845 -1.4795625399683319 0.5 1.5152313642938291 2.1471255854021631 OK 13 12 0.73394800000000004 0.70289400000000002 0.188192 0.53879699999999997 0.4098 0 0.19515100000000007 0.29309400000000002 0.188192 0.0082159999999999993 0.0083510000000000008 0.0076689999999999996 0.162859 0.26055799999999996 0.15718400000000002 0.0039240000000000004 0.0040539999999999994 0.0038659999999999996 0.00079100000000000004 0.00079500000000000003 0.00077999999999999999 2.1471250393120775 2.1471250393120775 2.1471250393120775 0.00010842142280741673 0.00010842142280741673 0.00010842142280741673 1 1 1 Converged Converged Converged OK OK OK 77 77 77 77 77 77 3 3 3 0 0 0 0 1 0 0 1
114 114 linear 2 23 1142 3 0.0001 2.0486610398199936 0.017719305644078309 0.00023077588802392687 -1.4795765871962985 -0.0065532149032618845 -1.4795304320186937 0.5 1.5151992563441909 2.1476595924756006 OK 13 12 0.54142900000000005 0.497977 0.18971099999999999 0.34748600000000002 0.21709200000000001 0 0.19394300000000003 0.280885 0.18971099999999999 0.0082679999999999993 0.0083590000000000001 0.0076790000000000001 0.16174799999999992 0.24865799999999999 0.15585700000000005 0.0040769999999999999 0.0040169999999999997 0.0039189999999999997 0.00081100000000000009 0.000834 0.00078600000000000002 2.1476590451528992 2.1476590451528992 2.1476590451528992 0.00010842736583278384 0.00010842736583278384 0.00010842736583278384 1 1 1 Converged Converged Converged OK OK OK 77 77 77 77 77 77 3 3 3 0 0 0 0 1 0 0 1
114 114 linear 3 0 1143 0 0.001 2.0486610398199936 0.017719305644078309 0.00023077588802392687 0.028739269183528097 -0.0031864420712141481 0.028693114005923313 0.5 0.0069757103195740126 520.57960720476387 OK 15 14 0.84555999999999998 0.84009500000000004 0.2397 0.600823 0.59521299999999999 0 0.24473699999999998 0.24488200000000004 0.2397 0.017205000000000002 0.017222000000000001 0.016619999999999999 0.18872100000000011 0.18962600000000002 0.1854029999999999 0.0053249999999999999 0.0051559999999999991 0.004999 0.0011899999999999997 0.0011349999999999999 0.0011720000000000001 520.57927877657312 520.57927877657312 520.57927877657312 0.19222136935152584 0.19222136935152584 0.19222136935152584 1 1 1 Converged Converged Converged OK OK OK 98 98 98 98 98 98 6 6 6 0 0 0 0 0 1 0 0
114 114 linear 3 7 1143 1 0.001 2.0486610398199936 0.017719305644078309 0.00023077588802392687 0.028739269183528097 -0.0031864420712141481 0.028721208461856659 0.5 0.0069476158636406667 540.17815936495469 OK 15 14 0.83265900000000004 0.83703300000000003 0.22597999999999999 0.59743000000000002 0.464279 0 0.23522900000000002 0.37275400000000003 0.22597999999999999 0.020365000000000001 0.016301 0.015422 0.18440399999999993 0.32559899999999997 0.18092100000000017 0.0051500000000000001 0.0054970000000000001 0.0050330000000000001 0.001114 0.0011349999999999999 0.001111 540.17781265604071 540.17781265604071 540.17781265604071 0.18768610076039613 0.18768610076039613 0.18768610076039613 1 1 1 Converged Converged Converged OK OK OK 98 98 98 98 98 98 6 6 6 0 0 0 0 1 0 0 1
114 114 linear 3 15 1143 2 0.001 2.0486610398199936 0.017719305644078309 0.00023077588802392687 0.028739269183528097 -0.0031864420712141481 0.02875331641149477 0.5 0.0069155079140025555 566.67370365520776 OK 15 14 0.79926299999999995 0.82105799999999995 0.230903 0.56319900000000001 0.42508099999999999 0 0.23606399999999994 0.39597699999999997 0.230903 0.016091999999999999 0.016312 0.015339999999999999 0.18984300000000001 0.348798 0.18602699999999991 0.0049969999999999997 0.0051949999999999991 0.0049370000000000004 0.0011680000000000002 0.0011770000000000001 0.0012070000000000002 566.67334589327561 566.67334589327561 566.67334589327561 0.18810906933588656 0.18810906933588656 0.18810906933588656 1 1 1 Converged Converged Converged OK OK OK 98 98 98 98 98 98 6 6 6 0 0 0 0 1 0 0 1
114 114 linear 3 23 1143 3 0.001 2.0486610398199936 0.017719305644078309 0.00023077588802392687 0.028739269183528097 -0.0031864420712141481 0.028785424361132881 0.5 0.0068833999643644443 599.52498569990178 OK 15 14 0.77104200000000001 0.80039000000000005 0.22187599999999999 0.54934300000000003 0.410248 0 0.22169899999999998 0.39014200000000004 0.22187599999999999 0.016049000000000001 0.016243 0.015461000000000001 0.17532700000000007 0.33980800000000011 0.176343 0.0052169999999999994 0.0053049999999999998 0.0051720000000000004 0.0011780000000000002 0.0011469999999999998 0.0012210000000000001 599.52460354166567 599.52460354166567 599.52460354166567 0.19879875303664862 0.19879875303664862 0.19879875303664862 1 1 1 Converged Converged Converged OK OK OK 98 98 98 98 98 98 6 6 6 0 0 0 0 1 0 0 1
114 114 linear 3 0 1143 0 0.0001 2.0486610398199936 0.017719305644078309 0.00023077588802392687 0.028739269183528097 -0.0031864420712141481 0.028693114005923313 0.5 0.0069757103195740126 520.57960720476387 OK 15 14 0.92698800000000003 0.92327499999999996 0.31520100000000001 0.60367199999999999 0.60091899999999998 0 0.32331600000000005 0.32235599999999998 0.31520100000000001 0.017252 0.017447000000000001 0.016590000000000001 0.25403999999999988 0.25220700000000007 0.24691300000000002 0.0068640000000000003 0.0068510000000000003 0.0066680000000000003 0.0015160000000000002 0.001521 0.0014840000000000001 520.57927883619902 520.57927883619902 520.57927883619902 0.039732157148096553 0.039732157148096553 0.039732157148096553 1 1 1 Converged Converged Converged OK OK OK 130 130 130 130 130 130 6 6 6 0 0 0 0 0 1 0 0
114 114 linear 3 7 1143 1 0.0001 2.0486610398199936 0.017719305644078309 0.00023077588802392687 0.028739269183528097 -0.0031864420712141481 0.028721208461856659 0.5 0.0069476158636406667 540.17815936495469 OK 15 14 0.90810900000000006 1.0069220000000001 0.29583599999999999 0.60133700000000001 0.47843400000000003 0 0.30677200000000004 0.52848800000000007 0.29583599999999999 0.016122000000000001 0.017520000000000001 0.015497 0.250226 0.46937900000000021 0.24076500000000003 0.0068489999999999992 0.0070329999999999993 0.0067729999999999995 0.001431 0.0014840000000000001 0.0014930000000000002 540.17781271257002 540.17781271257002 540.17781271257002 0.044599301273632562 0.044599301273632562 0.044599301273632562 1 1 1 Converged Converged Converged OK OK OK 130 130 130 130 130 130 6 6 6 0 0 0 0 1 0 0 1
114 114 linear 3 15 1143 2 0.0001 2.0486610398199936 0.017719305644078309 0.00023077588802392687 0.028739269183528097 -0.0031864420712141481 0.02875331641149477 0.5 0.0069155079140025555 566.67370365520776 OK 15 14 0.86743199999999998 0.95208000000000004 0.296288 0.56421100000000002 0.43670500000000001 0 0.30322099999999996 0.51537500000000003 0.296288 0.016154999999999999 0.016171000000000001 0.015396 0.24639899999999984 0.45857500000000007 0.24094100000000004 0.0071039999999999992 0.0069320000000000007 0.0070779999999999992 0.0014999999999999998 0.0014939999999999999 0.0014939999999999999 566.67334582165438 566.67334582165438 566.67334582165438 0.049336822978221596 0.049336822978221596 0.049336822978221596 1 1 1 Converged Converged Converged OK OK OK 130 130 130 130 130 130 6 6 6 0 0 0 0 1 0 0 1
114 114 linear 3 23 1143 3 0.0001 2.0486610398199936 0.017719305644078309 0.00023077588802392687 0.028739269183528097 -0.0031864420712141481 0.028785424361132881 0.5 0.0068833999643644443 599.52498569990178 OK 15 14 0.84206999999999999 0.942913 0.29420000000000002 0.54932099999999995 0.41404400000000002 0 0.29274900000000004 0.52886900000000003 0.29420000000000002 0.016263 0.016382000000000001 0.015398999999999999 0.23619899999999996 0.47031400000000012 0.23847700000000005 0.006863000000000001 0.0077189999999999984 0.0069190000000000007 0.0015089999999999999 0.0015320000000000002 0.0015150000000000003 599.52460352292576 599.52460352292576 599.52460352292576 0.051267194372249532 0.051267194372249532 0.051267194372249532 1 1 1 Converged Converged Converged OK OK OK 130 130 130 130 130 130 6 6 6 0 0 0 0 1 0 0 1
114 114 linear 4 0 1144 0 0.001 2.0486610398199936 0.017719305644078309 0.00023077588802392687 0.029420528966086747 0.0072896269491869274 0.029374373788481963 0.5 0.0062944505370153628 83.007005287026175 OK 13 12 0.68545100000000003 0.67904799999999998 0.12965199999999999 0.55477600000000005 0.55181500000000006 0 0.13067499999999999 0.12723299999999993 0.12965199999999999 0.010463 0.010218 0.011212 0.10068000000000001 0.098788999999999988 0.10007499999999998 0.0029110000000000004 0.002709 0.0026770000000000001 0.00057300000000000005 0.00054299999999999997 0.00054799999999999998 83.006966733372792 83.006966733372792 83.006966733372792 0.062995801989436329 0.062995801989436329 0.062995801989436329 1 1 1 Converged Converged Converged OK OK OK 53 53 53 53 53 53 3 3 3 0 0 0 0 0 1 0 0
114 114 linear 4 7 1144 1 0.001 2.0486610398199936 0.017719305644078309 0.00023077588802392687 0.029420528966086747 0.0072896269491869274 0.029402468244415308 0.5 0.0062663560810820168 82.799113343073898 OK 13 12 0.665188 0.61744600000000005 0.120016 0.54467200000000005 0.41147800000000001 0 0.12051599999999996 0.20596800000000004 0.120016 0.0094389999999999995 0.0094439999999999993 0.010200000000000001 0.093826999999999966 0.17951199999999995 0.093180999999999986 0.002872 0.0027229999999999997 0.0026750000000000003 0.00058800000000000009 0.00058399999999999999 0.00057700000000000004 82.799070086623558 82.799070086623558 82.799070086623558 0.06270165992936963 0.06270165992936963 0.06270165992936963 1 1 1 Converged Converged Converged OK OK OK 53 53 53 53 53 53 3 3 3 0 0 0 0 1 0 0 1
114 114 linear 4 15 1144 2 0.001 2.0486610398199936 0.017719305644078309 0.00023077588802392687 0.029420528966086747 0.0072896269491869274 0.02943457619405342 0.5 0.0062342481314439056 82.567004463849486 OK 13 12 0.696357 0.64037200000000005 0.121532 0.57423299999999999 0.43832399999999999 0 0.12212400000000001 0.20204800000000006 0.121532 0.0093640000000000008 0.0092289999999999994 0.0091000000000000004 0.096197000000000005 0.17622799999999994 0.095997000000000027 0.0027550000000000001 0.0026800000000000001 0.002663 0.00055100000000000006 0.00054500000000000002 0.00055100000000000006 82.566962345608715 82.566962345608715 82.566962345608715 0.062369014745375713 0.062369014745375713 0.062369014745375713 1 1 1 Converged Converged Converged OK OK OK 53 53 53 53 53 53 3 3 3 0 0 0 0 1 0 0 1
114 114 linear 4 23 1144 3 0.001 2.0486610398199936 0.017719305644078309 0.00023077588802392687 0.029420528966086747 0.0072896269491869274 0.029466684143691531 0.5 0.0062021401818057945 82.340567009167742 OK 13 12 0.66162100000000001 0.61511800000000005 0.123573 0.53467799999999999 0.40378599999999998 0 0.12694300000000003 0.21133200000000008 0.123573 0.0093620000000000005 0.0094529999999999996 0.0087910000000000002 0.098490999999999967 0.18482899999999999 0.098687000000000011 0.0027130000000000001 0.0028029999999999999 0.002591 0.00054100000000000003 0.00056300000000000002 0.000531 82.340526435368787 82.340526435368787 82.340526435368787 0.062040104780322 0.062040104780322 0.062040104780322 1 1 1 Converged Converged Converged OK OK OK 53 53 53 53 53 53 3 3 3 0 0 0 0 1 0 0 1
114 114 linear 4 0 1144 0 0.0001 2.0486610398199936 0.017719305644078309 0.00023077588802392687 0.029420528966086747 0.0072896269491869274 0.029374373788481963 0.5 0.0062944505370153628 83.007005287026175 OK 13 12 0.71048999999999995 0.71506099999999995 0.152 0.55489200000000005 0.55818699999999999 0 0.1555979999999999 0.15687399999999996 0.152 0.010503999999999999 0.010296 0.0099500000000000005 0.12087800000000003 0.12247099999999995 0.11811399999999993 0.0035169999999999997 0.003568 0.0035430000000000001 0.00066300000000000007 0.00068000000000000005 0.00065399999999999996 83.006966447889695 83.006966447889695 83.006966447889695 7.8773002957193799e-06 7.8773002957193799e-06 7.8773002957193799e-06 1 1 1 Converged Converged Converged OK OK OK 69 69 69 69 69 69 3 3 3 0 0 0 0 0 1 0 0
114 114 linear 4 7 1144 1 0.0001 2.0486610398199936 0.017719305644078309 0.00023077588802392687 0.029420528966086747 0.0072896269491869274 0.029402468244415308 0.5 0.0062663560810820168 82.799113343073898 OK 13 12 0.69021699999999997 0.67210099999999995 0.13945199999999999 0.545431 0.41016799999999998 0 0.14478599999999997 0.26193299999999997 0.13945199999999999 0.0093380000000000008 0.0094610000000000007 0.0088999999999999999 0.11337400000000003 0.23061500000000001 0.10947999999999998 0.0035640000000000003 0.0035519999999999996 0.0035659999999999997 0.00070699999999999995 0.00070300000000000007 0.00069799999999999994 82.799069806223642 82.799069806223642 82.799069806223642 7.8725140282244028e-06 7.8725140282244028e-06 7.8725140282244028e-06 1 1 1 Converged Converged Converged OK OK OK 69 69 69 69 69 69 3 3 3 0 0 0 0 1 0 0 1
114 114 linear 4 15 1144 2 0.0001 2.0486610398199936 0.017719305644078309 0.00023077588802392687 0.029420528966086747 0.0072896269491869274 0.02943457619405342 0.5 0.0062342481314439056 82.567004463849486 OK 13 12 0.734317 0.709839 0.14499300000000001 0.57779199999999997 0.44104399999999999 0 0.15652500000000003 0.26879500000000001 0.14499300000000001 0.010513 0.0094079999999999997 0.0088369999999999994 0.12356299999999999 0.23774300000000007 0.11531700000000002 0.0035929999999999994 0.0035319999999999995 0.0034280000000000001 0.00070899999999999999 0.00068099999999999996 0.00065299999999999993 82.566962070822342 82.566962070822342 82.566962070822342 7.8670851869970466e-06 7.8670851869970466e-06 7.8670851869970466e-06 1 1 1 Converged Converged Converged OK OK OK 69 69 69 69 69 69 3 3 3 0 0 0 0 1 0 0 1
114 114 linear 4 23 1144 3 0.0001 2.0486610398199936 0.017719305644078309 0.00023077588802392687 0.029420528966086747 0.0072896269491869274 0.029466684143691531 0.5 0.0062021401818057945 82.340567009167742 OK 13 12 0.70354300000000003 0.661802 0.146091 0.54344099999999995 0.39991500000000002 0 0.16010200000000008 0.26188699999999998 0.146091 0.010662 0.0094450000000000003 0.0087609999999999997 0.12720600000000001 0.230987 0.11656500000000003 0.0035720000000000005 0.003607 0.0034200000000000003 0.00070899999999999999 0.00069300000000000004 0.00065200000000000002 82.340526166079457 82.340526166079457 82.340526166079457 7.8617740760972574e-06 7.8617740760972574e-06 7.8617740760972574e-06 1 1 1 Converged Converged Converged OK OK OK 69 69 69 69 69 69 3 3 3 0 0 0 0 1 0 0 1
114 114 uniform 0 0 1145 0 0.001 2.0486610398199936 0.017719305644078309 0.00023077588802392687 0.031513875511796192 1.5103180826631042e-05 0.031467720334191408 0 0.004201103991305917 2145.4933593001215 OK 16 15 0.87526899999999996 0.87204300000000001 0.23113300000000001 0.64153400000000005 0.63514300000000001 0 0.23373499999999992 0.2369 0.23113300000000001 0.012274 0.011583 0.011952000000000001 0.1860410000000001 0.19015500000000002 0.1849869999999999 0.0043300000000000005 0.0042929999999999999 0.0040850000000000001 0.001129 0.001034 0.001026 2145.5647079728938 2145.5647079728938 2145.5647079728938 2.14475435092197 2.14475435092197 2.14475435092197 1 1 1 Converged Converged Converged OK OK OK 110 110 110 110 110 110 10 10 10 0 0 0 0 0 1 0 0
114 114 uniform 0 7 1145 1 0.001 2.0486610398199936 0.017719305644078309 0.00023077588802392687 0.031513875511796192 1.5103180826631042e-05 0.031495814790124754 0 0.004173009535372571 2117.8895385828191 OK 16 15 0.93638100000000002 0.99627900000000003 0.26868900000000001 0.66231499999999999 0.52729499999999996 0 0.27406600000000003 0.46898400000000007 0.26868900000000001 0.010241999999999999 0.010368 0.0096349999999999995 0.22905500000000004 0.42391299999999998 0.22672900000000001 0.0071520000000000004 0.0070380000000000009 0.0064429999999999999 0.0012279999999999999 0.0012089999999999998 0.0011429999999999999 2117.9617886133115 2117.9617886133115 2117.9617886133115 1.2614357488012324 1.2614357488012324 1.2614357488012324 1 1 1 Converged Converged Converged OK OK OK 142 142 142 142 142 142 10 10 10 0 0 0 0 1 0 0 1
114 114 uniform 0 15 1145 2 0.001 2.0486610398199936 0.017719305644078309 0.00023077588802392687 0.031513875511796192 1.5103180826631042e-05 0.031527922739762869 0 0.0041409015857344564 2081.907796356184 OK 16 15 0.90568199999999999 0.93827799999999995 0.25627800000000001 0.64563999999999999 0.49904399999999999 0 0.260042 0.43923399999999996 0.25627800000000001 0.010774000000000001 0.010661 0.010064 0.21869199999999994 0.39718600000000004 0.21698600000000001 0.0067510000000000001 0.0068110000000000002 0.0063930000000000002 0.0012099999999999999 0.001224 0.001163 2081.9799951195464 2081.9799951195464 2081.9799951195464 1.4559364054936068 1.4559364054936068 1.4559364054936068 1 1 1 Converged Converged Converged OK OK OK 135 135 135 135 135 135 9 9 9 0 0 0 0 1 0 0 1
114 114 uniform 0 23 1145 3 0.001 2.0486610398199936 0.017719305644078309 0.00023077588802392687 0.031513875511796192 1.5103180826631042e-05 0.031560030689400977 0 0.0041087936360963487 2041.7513030998107 OK 15 14 0.88642699999999996 0.89518299999999995 0.25247799999999998 0.62678599999999995 0.49746499999999999 0 0.25964100000000001 0.39771799999999996 0.25247799999999998 0.011105 0.011119 0.010437 0.21278900000000006 0.3511419999999999 0.20846599999999993 0.0073280000000000003 0.0070369999999999999 0.0063499999999999997 0.001 0.0010319999999999999 0.00097999999999999997 2041.8240997206033 2041.8240997206033 2041.8240997206033 1.153605704962553 1.153605704962553 1.153605704962553 1 1 1 Converged Converged Converged OK OK OK 120 120 120 120 120 120 8 8 8 0 0 0 0 1 0 0 1
114 114 uniform 0 0 1145 0 0.0001 2.0486610398199936 0.017719305644078309 0.00023077588802392687 0.031513875511796192 1.5103180826631042e-05 0.031467720334191408 0 0.004201103991305917 2145.4933593001215 OK 16 15 1.003838 0.98202100000000003 0.33875300000000003 0.65020999999999995 0.63753400000000005 0 0.35362800000000005 0.34448699999999999 0.33875300000000003 0.012973999999999999 0.012239 0.011665999999999999 0.27983799999999992 0.27374499999999991 0.26966300000000015 0.0081779999999999995 0.0084969999999999993 0.0081320000000000003 0.0016950000000000001 0.0017519999999999999 0.00174 2145.5043239611714 2145.5043239611714 2145.5043239611714 0.13855445800800648 0.13855445800800648 0.13855445800800648 1 1 1 Converged Converged Converged OK OK OK 174 174 174 174 174 174 10 10 10 0 0 0 0 0 1 0 0
114 114 uniform 0 7 1145 1 0.0001 2.0486610398199936 0.017719305644078309 0.00023077588802392687 0.031513875511796192 1.5103180826631042e-05 0.031495814790124754 0 0.004173009535372571 2117.8895385828191 OK 16 15 0.98271600000000003 1.0778909999999999 0.31947700000000001 0.66082399999999997 0.52333499999999999 0 0.32189200000000007 0.55455599999999994 0.31947700000000001 0.010628 0.010311000000000001 0.0096299999999999997 0.26951700000000012 0.50350899999999987 0.27117200000000014 0.0093339999999999985 0.0084089999999999998 0.0079679999999999994 0.0016940000000000002 0.0017170000000000004 0.0016509999999999999 2117.9004722855848 2117.9004722855848 2117.9004722855848 0.14413627376397931 0.14413627376397931 0.14413627376397931 1 1 1 Converged Converged Converged OK OK OK 174 174 174 174 174 174 10 10 10 0 0 0 0 1 0 0 1
114 114 uniform 0 15 1145 2 0.0001 2.0486610398199936 0.017719305644078309 0.00023077588802392687 0.031513875511796192 1.5103180826631042e-05 0.031527922739762869 0 0.0041409015857344564 2081.907796356184 OK 16 15 1.04051 1.23126 0.39433299999999999 0.64542200000000005 0.49942500000000001 0 0.39508799999999999 0.73183500000000001 0.39433299999999999 0.010711 0.010884 0.010068000000000001 0.32444499999999998 0.65910899999999994 0.32389099999999987 0.016139999999999998 0.016590000000000001 0.016186000000000002 0.0016480000000000002 0.0017550000000000005 0.0016429999999999999 2081.918615592383 2081.918615592383 2081.918615592383 0.15629759369201479 0.15629759369201479 0.15629759369201479 1 1 1 Converged Converged Converged OK OK OK 215 215 215 215 215 215 9 9 9 0 0 0 0 1 0 0 1
114 114 uniform 0 23 1145 3 0.0001 2.0486610398199936 0.017719305644078309 0.00023077588802392687 0.031513875511796192 1.5103180826631042e-05 0.031560030689400977 0 0.0041087936360963487 2041.7513030998107 OK 15 14 0.91467799999999999 0.94014399999999998 0.28652100000000003 0.63329100000000005 0.49683899999999998 0 0.28138699999999994 0.443305 0.28652100000000003 0.010716 0.010833000000000001 0.01149 0.23169999999999996 0.39245900000000028 0.23635400000000012 0.0075519999999999988 0.0077530000000000003 0.0072770000000000005 0.001284 0.0013850000000000002 0.0012879999999999999 2041.7621020383633 2041.7621020383633 2041.7621020383633 0.15338750093099818 0.15338750093099818 0.15338750093099818 1 1 1 Converged Converged Converged OK OK OK 136 136 136 136 136 136 8 8 8 0 0 0 0 1 0 0 1
114 114 uniform 1 0 1146 0 0.001 2.0486610398199936 0.017719305644078309 0.00023077588802392687 -1.5130488521048451 0.024915802334031147 -1.5130950072824498 0 1.5487638316079471 28.539808754292277 OK 14 13 0.50130799999999998 0.50202800000000003 0.12341299999999999 0.37737999999999999 0.37380000000000002 0 0.12392799999999998 0.12822800000000001 0.12341299999999999 0.01191 0.012097999999999999 0.011591000000000001 0.086075999999999958 0.090223999999999957 0.085762000000000005 0.003271 0.0032569999999999999 0.0031609999999999997 0.00079999999999999993 0.00081299999999999992 0.00081299999999999992 28.539799318694072 28.539799318694072 28.539799318694072 0.010380587059384707 0.010380587059384707 0.010380587059384707 1 1 1 Converged Converged Converged OK OK OK 81 81 81 81 81 81 7 7 7 0 0 0 0 0 1 0 0
114 114 uniform 1 7 1146 1 0.001 2.0486610398199936 0.017719305644078309 0.00023077588802392687 -1.5130488521048451 0.024915802334031147 -1.5130669128265166 0 1.5487357371520138 28.47711026460313 OK 14 13 0.46034799999999998 0.40862199999999999 0.117601 0.34109800000000001 0.21562500000000001 0 0.11924999999999997 0.19299699999999997 0.117601 0.010978999999999999 0.011055000000000001 0.010385999999999999 0.088835999999999984 0.16229199999999999 0.088400000000000006 0.0031099999999999999 0.0032890000000000003 0.0031070000000000004 0.00079699999999999997 0.00083599999999999994 0.00080499999999999994 28.477100619446301 28.477100619446301 28.477100619446301 0.01006362023379377 0.01006362023379377 0.01006362023379377 1 1 1 Converged Converged Converged OK OK OK 81 81 81 81 81 81 7 7 7 0 0 0 0 1 0 0 1
114 114 uniform 1 15 1146 2 0.001 2.0486610398199936 0.017719305644078309 0.00023077588802392687 -1.5130488521048451 0.024915802334031147 -1.5130348048768785 0 1.5487036292023757 28.184277177840585 OK 14 13 0.46279300000000001 0.39189400000000002 0.109347 0.352182 0.215416 0 0.11061100000000001 0.17647800000000002 0.109347 0.010956 0.011032 0.010378 0.080312000000000008 0.14557199999999995 0.080056999999999989 0.0031410000000000001 0.003313 0.0030890000000000002 0.00084000000000000003 0.00088199999999999997 0.0008389999999999999 28.18426719566396 28.18426719566396 28.18426719566396 0.0098068731247340953 0.0098068731247340953 0.0098068731247340953 1 1 1 Converged Converged Converged OK OK OK 81 81 81 81 81 81 7 7 7 0 0 0 0 1 0 0 1
114 114 uniform 1 23 1146 3 0.001 2.0486610398199936 0.017719305644078309 0.00023077588802392687 -1.5130488521048451 0.024915802334031147 -1.5130026969272403 0 1.5486715212527375 27.687027200137319 OK 14 13 0.44666 0.41789199999999999 0.112071 0.33318500000000001 0.216529 0 0.11347499999999999 0.20136299999999999 0.112071 0.011008 0.011168000000000001 0.010349000000000001 0.083295999999999967 0.17055300000000004 0.083070999999999992 0.00314 0.0032039999999999998 0.003058 0.000825 0.00084699999999999999 0.00078000000000000009 27.687016267985239 27.687016267985239 27.687016267985239 0.0096301599747863828 0.0096301599747863828 0.0096301599747863828 1 1 1 Converged Converged Converged OK OK OK 81 81 81 81 81 81 7 7 7 0 0 0 0 1 0 0 1
114 114 uniform 1 0 1146 0 0.0001 2.0486610398199936 0.017719305644078309 0.00023077588802392687 -1.5130488521048451 0.024915802334031147 -1.5130950072824498 0 1.5487638316079471 28.539808754292277 OK 14 13 0.510409 0.51041499999999995 0.13472700000000001 0.37486399999999998 0.37518800000000002 0 0.13554500000000003 0.13522699999999993 0.13472700000000001 0.011943 0.011915 0.011566 0.094158999999999979 0.093809000000000045 0.093935999999999978 0.0035929999999999998 0.0036180000000000006 0.0035879999999999996 0.00096100000000000005 0.00094700000000000014 0.00096100000000000005 28.539809988738973 28.539809988738973 28.539809988738973 0.0018836869077796812 0.0018836869077796812 0.0018836869077796812 1 1 1 Converged Converged Converged OK OK OK 89 89 89 89 89 89 7 7 7 0 0 0 0 0 1 0 0
114 114 uniform 1 7 1146 1 0.0001 2.0486610398199936 0.017719305644078309 0.00023077588802392687 -1.5130488521048451 0.024915802334031147 -1.5130669128265166 0 1.5487357371520138 28.47711026460313 OK 14 13 0.47288000000000002 0.42080200000000001 0.127772 0.34390900000000002 0.21274399999999999 0 0.128971 0.20805800000000002 0.127772 0.010945999999999999 0.010983 0.010356000000000001 0.096176000000000025 0.17488099999999995 0.096031000000000005 0.0035390000000000005 0.0036799999999999997 0.0034460000000000007 0.00093099999999999997 0.00095200000000000016 0.00093300000000000002 28.477111289997215 28.477111289997215 28.477111289997215 0.00156631733612416 0.00156631733612416 0.00156631733612416 1 1 1 Converged Converged Converged OK OK OK 89 89 89 89 89 89 7 7 7 0 0 0 0 1 0 0 1
114 114 uniform 1 15 1146 2 0.0001 2.0486610398199936 0.017719305644078309 0.00023077588802392687 -1.5130488521048451 0.024915802334031147 -1.5130348048768785 0 1.5487036292023757 28.184277177840585 OK 14 13 0.47351900000000002 0.40513199999999999 0.11975 0.35157100000000002 0.21601100000000001 0 0.121948 0.18912099999999998 0.11975 0.011073 0.011024000000000001 0.010279 0.088591000000000017 0.15565000000000001 0.087956000000000006 0.0035409999999999999 0.0037100000000000002 0.0035620000000000001 0.001034 0.0010860000000000002 0.0010160000000000002 28.184277866792833 28.184277866792833 28.184277866792833 0.0013091099175257899 0.0013091099175257899 0.0013091099175257899 1 1 1 Converged Converged Converged OK OK OK 89 89 89 89 89 89 7 7 7 0 0 0 0 1 0 0 1
114 114 uniform 1 23 1146 3 0.0001 2.0486610398199936 0.017719305644078309 0.00023077588802392687 -1.5130488521048451 0.024915802334031147 -1.5130026969272403 0 1.5486715212527375 27.687027200137319 OK 14 13 0.46038200000000001 0.43101899999999999 0.122833 0.33614300000000003 0.21092 0 0.12423899999999999 0.22009899999999999 0.122833 0.010968 0.010996000000000001 0.010263 0.091667999999999944 0.18672599999999992 0.091308999999999974 0.0035410000000000007 0.003725 0.0035209999999999998 0.00095099999999999991 0.0010319999999999999 0.00094200000000000013 27.687026939692203 27.687026939692203 27.687026939692203 0.0011319364281335792 0.0011319364281335792 0.0011319364281335792 1 1 1 Converged Converged Converged OK OK OK 89 89 89 89 89 89 7 7 7 0 0 0 0 1 0 0 1
114 114 uniform 2 0 1147 0 0.001 2.0486610398199936 0.017719305644078309 0.00023077588802392687 -1.4795765871962985 -0.0065532149032618845 -1.4796227423739032 0 1.5152915666994005 2.1461304370462746 OK 13 12 0.51718699999999995 0.51946999999999999 0.092607999999999996 0.42307 0.42526000000000003 0 0.094116999999999951 0.09420999999999996 0.092607999999999996 0.0090559999999999998 0.0091120000000000003 0.0085400000000000007 0.068796999999999997 0.069304000000000018 0.068467000000000014 0.0022000000000000001 0.0021489999999999999 0.0021329999999999999 0.00057700000000000004 0.000553 0.00053799999999999996 2.1461304218398976 2.1461304218398976 2.1461304218398976 0.00075544042825345388 0.00075544042825345388 0.00075544042825345388 1 1 1 Converged Converged Converged OK OK OK 45 45 45 45 45 45 3 3 3 0 0 0 0 0 1 0 0
114 114 uniform 2 7 1147 1 0.001 2.0486610398199936 0.017719305644078309 0.00023077588802392687 -1.4795765871962985 -0.0065532149032618845 -1.47959464791797 0 1.5152634722434672 2.1465961064779489 OK 13 12 0.42063899999999999 0.33759699999999998 0.091408000000000003 0.32806099999999999 0.20152800000000001 0 0.092577999999999994 0.13606899999999997 0.091408000000000003 0.0082880000000000002 0.0082310000000000005 0.0077279999999999996 0.070226000000000025 0.11391200000000001 0.070278000000000007 0.0021919999999999999 0.002235 0.0021429999999999999 0.000562 0.00054799999999999998 0.00053399999999999997 2.1465960912686004 2.1465960912686004 2.1465960912686004 0.00075560396258339373 0.00075560396258339373 0.00075560396258339373 1 1 1 Converged Converged Converged OK OK OK 45 45 45 45 45 45 3 3 3 0 0 0 0 1 0 0 1
114 114 uniform 2 15 1147 2 0.001 2.0486610398199936 0.017719305644078309 0.00023077588802392687 -1.4795765871962985 -0.0065532149032618845 -1.4795625399683319 0 1.5152313642938291 2.1471291813338964 OK 13 12 0.64024499999999995 0.55083000000000004 0.092564999999999995 0.54606699999999997 0.410414 0 0.094177999999999984 0.14041600000000004 0.092564999999999995 0.0083000000000000001 0.008267 0.0076189999999999999 0.071992000000000014 0.11826400000000005 0.071678000000000019 0.00216 0.0022409999999999999 0.0021160000000000003 0.00054600000000000004 0.00057899999999999998 0.00053299999999999995 2.1471291661201568 2.1471291661201568 2.1471291661201568 0.0007557911667405 0.0007557911667405 0.0007557911667405 1 1 1 Converged Converged Converged OK OK OK 45 45 45 45 45 45 3 3 3 0 0 0 0 1 0 0 1
114 114 uniform 2 23 1147 3 0.001 2.0486610398199936 0.017719305644078309 0.00023077588802392687 -1.4795765871962985 -0.0065532149032618845 -1.4795304320186937 0 1.5151992563441909 2.1476631967326028 OK 13 12 0.43768499999999999 0.35099200000000003 0.091714000000000004 0.34469499999999997 0.211921 0 0.092990000000000017 0.13907100000000003 0.091714000000000004 0.0081600000000000006 0.0083280000000000003 0.0076559999999999996 0.070872000000000018 0.116966 0.070667000000000008 0.0021719999999999999 0.0021940000000000002 0.002127 0.00054799999999999998 0.00055000000000000003 0.00052700000000000002 2.1476631815155787 2.1476631815155787 2.1476631815155787 0.00075597870085713907 0.00075597870085713907 0.00075597870085713907 1 1 1 Converged Converged Converged OK OK OK 45 45 45 45 45 45 3 3 3 0 0 0 0 1 0 0 1
114 114 uniform 2 0 1147 0 0.0001 2.0486610398199936 0.017719305644078309 0.00023077588802392687 -1.4795765871962985 -0.0065532149032618845 -1.4796227423739032 0 1.5152915666994005 2.1461304370462746 OK 13 12 0.53614600000000001 0.53826499999999999 0.110559 0.424456 0.42592799999999997 0 0.11169000000000001 0.11233700000000002 0.110559 0.0090489999999999998 0.0091090000000000008 0.0086099999999999996 0.081076999999999996 0.08164399999999998 0.08078500000000001 0.003052 0.0030340000000000002 0.0029459999999999998 0.00069099999999999999 0.00069700000000000003 0.00070699999999999995 2.1461304218490662 2.1461304218490662 2.1461304218490662 0.00014362683773804481 0.00014362683773804481 0.00014362683773804481 1 1 1 Converged Converged Converged OK OK OK 61 61 61 61 61 61 3 3 3 0 0 0 0 0 1 0 0
114 114 uniform 2 7 1147 1 0.0001 2.0486610398199936 0.017719305644078309 0.00023077588802392687 -1.4795765871962985 -0.0065532149032618845 -1.47959464791797 0 1.5152634722434672 2.1465961064779489 OK 13 12 0.43888300000000002 0.40403899999999998 0.10792499999999999 0.32988899999999999 0.20145399999999999 0 0.10899400000000004 0.20258499999999999 0.10792499999999999 0.0081949999999999992 0.0080770000000000008 0.0077539999999999996 0.081881000000000037 0.17568399999999998 0.081827999999999956 0.0030660000000000001 0.0030619999999999996 0.0029619999999999998 0.00069800000000000005 0.00067000000000000002 0.00066400000000000009 2.1465960912778446 2.1465960912778446 2.1465960912778446 0.00014357234396782242 0.00014357234396782242 0.00014357234396782242 1 1 1 Converged Converged Converged OK OK OK 61 61 61 61 61 61 3 3 3 0 0 0 0 1 0 0 1
114 114 uniform 2 15 1147 2 0.0001 2.0486610398199936 0.017719305644078309 0.00023077588802392687 -1.4795765871962985 -0.0065532149032618845 -1.4795625399683319 0 1.5152313642938291 2.1471291813338964 OK 13 12 0.65394699999999994 0.62221300000000002 0.109248 0.54306500000000002 0.40839700000000001 0 0.11088199999999993 0.21381600000000001 0.109248 0.0082380000000000005 0.0082480000000000001 0.0076889999999999997 0.083963999999999997 0.18665699999999996 0.083350999999999939 0.0030669999999999998 0.0030330000000000001 0.0029299999999999999 0.00067100000000000005 0.00068500000000000006 0.00067100000000000005 2.1471291661294236 2.1471291661294236 2.1471291661294236 0.00014351010416430607 0.00014351010416430607 0.00014351010416430607 1 1 1 Converged Converged Converged OK OK OK 61 61 61 61 61 61 3 3 3 0 0 0 0 1 0 0 1
114 114 uniform 2 23 1147 3 0.0001 2.0486610398199936 0.017719305644078309 0.00023077588802392687 -1.4795765871962985 -0.0065532149032618845 -1.4795304320186937 0 1.5151992563441909 2.1476631967326028 OK 13 12 0.45447100000000001 0.41415600000000002 0.108267 0.34501999999999999 0.21249999999999999 0 0.10945100000000002 0.20165600000000003 0.108267 0.0082100000000000003 0.008267 0.0076660000000000001 0.082673000000000066 0.17442100000000002 0.082391999999999993 0.0030049999999999999 0.0030540000000000003 0.0029729999999999999 0.00067200000000000007 0.00069300000000000004 0.00067199999999999996 2.1476631815248397 2.1476631815248397 2.1476631815248397 0.00014344790676408385 0.00014344790676408385 0.00014344790676408385 1 1 1 Converged Converged Converged OK OK OK 61 61 61 61 61 61 3 3 3 0 0 0 0 1 0 0 1
114 114 uniform 3 0 1148 0 0.001 2.0486610398199936 0.017719305644078309 0.00023077588802392687 0.028739269183528097 -0.0031864420712141481 0.028693114005923313 0 0.0069757103195740126 522.00151598329819 OK 15 14 0.78121200000000002 0.77922000000000002 0.18024899999999999 0.60022200000000003 0.59850300000000001 0 0.18098999999999998 0.18071700000000002 0.18024899999999999 0.016881 0.016948000000000001 0.016709999999999999 0.132908 0.13253799999999996 0.13209999999999997 0.0040029999999999996 0.0040180000000000007 0.0040140000000000002 0.00092400000000000013 0.00095600000000000004 0.00093599999999999998 522.00149797599215 522.00149797599215 522.00149797599215 0.2490088722633266 0.2490088722633266 0.2490088722633266 1 1 1 Converged Converged Converged OK OK OK 82 82 82 82 82 82 6 6 6 0 0 0 0 0 1 0 0
114 114 uniform 3 7 1148 1 0.001 2.0486610398199936 0.017719305644078309 0.00023077588802392687 0.028739269183528097 -0.0031864420712141481 0.028721208461856659 0 0.0069476158636406667 541.9702005761701 OK 15 14 0.77325900000000003 0.75385100000000005 0.16628499999999999 0.59969700000000004 0.46296999999999999 0 0.17356199999999999 0.29088100000000006 0.16628499999999999 0.016277 0.016138 0.015469999999999999 0.13135899999999998 0.2497329999999999 0.12631600000000001 0.004411 0.004046000000000001 0.003973 0.00097199999999999988 0.000941 0.00090899999999999998 541.97017564889461 541.97017564889461 541.97017564889461 0.27003629376588256 0.27003629376588256 0.27003629376588256 1 1 1 Converged Converged Converged OK OK OK 82 82 82 82 82 82 6 6 6 0 0 0 0 1 0 0 1
114 114 uniform 3 15 1148 2 0.001 2.0486610398199936 0.017719305644078309 0.00023077588802392687 0.028739269183528097 -0.0031864420712141481 0.02875331641149477 0 0.0069155079140025555 569.09932815849402 OK 15 14 0.73530899999999999 0.72878299999999996 0.169992 0.55983799999999995 0.426871 0 0.17547100000000004 0.30191199999999996 0.169992 0.016101000000000001 0.016067999999999999 0.015309 0.13437199999999999 0.26073299999999994 0.13040099999999999 0.0040000000000000001 0.0041389999999999995 0.003986 0.00091000000000000011 0.00091500000000000001 0.00090200000000000002 569.09930681445417 569.09930681445417 569.09930681445417 0.30477970001629967 0.30477970001629967 0.30477970001629967 1 1 1 Converged Converged Converged OK OK OK 82 82 82 82 82 82 6 6 6 0 0 0 0 1 0 0 1
114 114 uniform 3 23 1148 3 0.001 2.0486610398199936 0.017719305644078309 0.00023077588802392687 0.028739269183528097 -0.0031864420712141481 0.028785424361132881 0 0.0068833999643644443 603.01295122206147 OK 15 14 0.70925899999999997 0.70807600000000004 0.158107 0.54973899999999998 0.41244599999999998 0 0.15952 0.29563000000000006 0.158107 0.016164000000000001 0.016299000000000001 0.015337 0.118421 0.254166 0.11823499999999999 0.0040410000000000003 0.0042009999999999999 0.0040130000000000001 0.0009140000000000001 0.00091100000000000003 0.00090799999999999995 603.01292579394124 603.01292579394124 603.01292579394124 0.35865792302122429 0.35865792302122429 0.35865792302122429 1 1 1 Converged Converged Converged OK OK OK 82 82 82 82 82 82 6 6 6 0 0 0 0 1 0 0 1
114 114 uniform 3 0 1148 0 0.0001 2.0486610398199936 0.017719305644078309 0.00023077588802392687 0.028739269183528097 -0.0031864420712141481 0.028693114005923313 0 0.0069757103195740126 522.00151598329819 OK 15 14 0.84352899999999997 0.84410099999999999 0.24585199999999999 0.60079899999999997 0.60121199999999997 0 0.24273 0.24288900000000002 0.24585199999999999 0.017073000000000001 0.017232999999999998 0.017755 0.18126999999999999 0.18171299999999987 0.1835169999999999 0.0057419999999999997 0.005816 0.0059029999999999994 0.00123 0.001232 0.0012109999999999998 522.0014988643328 522.0014988643328 522.0014988643328 0.028675777856079297 0.028675777856079297 0.028675777856079297 1 1 1 Converged Converged Converged OK OK OK 114 114 114 114 114 114 6 6 6 0 0 0 0 0 1 0 0
114 114 uniform 3 7 1148 1 0.0001 2.0486610398199936 0.017719305644078309 0.00023077588802392687 0.028739269183528097 -0.0031864420712141481 0.028721208461856659 0 0.0069476158636406667 541.9702005761701 OK 15 14 0.82775799999999999 0.86671799999999999 0.22899 0.60122900000000001 0.46118599999999998 0 0.22652899999999998 0.405532 0.22899 0.016378 0.016150000000000001 0.015415 0.17522200000000002 0.35335800000000001 0.17881300000000006 0.0056410000000000002 0.0061840000000000003 0.0057340000000000004 0.0012180000000000001 0.0012309999999999999 0.001222 541.97017672871186 541.97017672871186 541.97017672871186 0.028423770240582822 0.028423770240582822 0.028423770240582822 1 1 1 Converged Converged Converged OK OK OK 114 114 114 114 114 114 6 6 6 0 0 0 0 1 0 0 1
114 114 uniform 3 15 1148 2 0.0001 2.0486610398199936 0.017719305644078309 0.00023077588802392687 0.028739269183528097 -0.0031864420712141481 0.02875331641149477 0 0.0069155079140025555 569.09932815849402 OK 15 14 0.76246000000000003 0.78954400000000002 0.198489 0.56213599999999997 0.42540699999999998 0 0.20032400000000006 0.36413700000000004 0.198489 0.015984000000000002 0.016302000000000001 0.015413 0.154423 0.31751800000000008 0.15369499999999994 0.0048630000000000001 0.0048999999999999998 0.0048760000000000001 0.0010989999999999999 0.0010820000000000001 0.0010969999999999999 569.09930821710736 569.09930821710736 569.09930821710736 0.05675279466827856 0.05675279466827856 0.05675279466827856 1 1 1 Converged Converged Converged OK OK OK 98 98 98 98 98 98 6 6 6 0 0 0 0 1 0 0 1
114 114 uniform 3 23 1148 3 0.0001 2.0486610398199936 0.017719305644078309 0.00023077588802392687 0.028739269183528097 -0.0031864420712141481 0.028785424361132881 0 0.0068833999643644443 603.01295122206147 OK 15 14 0.76971000000000001 0.85973900000000003 0.21831800000000001 0.54841899999999999 0.42339199999999999 0 0.22129100000000002 0.43634700000000004 0.21831800000000001 0.016267 0.017607000000000001 0.015391999999999999 0.16982399999999997 0.38247300000000006 0.16860699999999995 0.0058150000000000016 0.0061349999999999998 0.0056409999999999993 0.001227 0.0012590000000000001 0.0011880000000000003 603.01292768013116 603.01292768013116 603.01292768013116 0.037044355729205572 0.037044355729205572 0.037044355729205572 1 1 1 Converged Converged Converged OK OK OK 114 114 114 114 114 114 6 6 6 0 0 0 0 1 0 0 1
114 114 uniform 4 0 1149 0 0.001 2.0486610398199936 0.017719305644078309 0.00023077588802392687 0.029420528966086747 0.0072896269491869274 0.029374373788481963 0 0.0062944505370153628 83.017863855802005 OK 13 12 0.63632299999999997 0.63674399999999998 0.082639000000000004 0.55218599999999995 0.55335199999999996 0 0.084137000000000017 0.083392000000000022 0.082639000000000004 0.010429000000000001 0.010199 0.010158 0.060584000000000006 0.060378000000000001 0.059906000000000022 0.00181 0.0018289999999999999 0.0017389999999999999 0.00047299999999999995 0.000455 0.00043399999999999998 83.017864905283787 83.017864905283787 83.017864905283787 0.028615836436982647 0.028615836436982647 0.028615836436982647 1 1 1 Converged Converged Converged OK OK OK 37 37 37 37 37 37 3 3 3 0 0 0 0 0 1 0 0
114 114 uniform 4 7 1149 1 0.001 2.0486610398199936 0.017719305644078309 0.00023077588802392687 0.029420528966086747 0.0072896269491869274 0.029402468244415308 0 0.0062663560810820168 82.809669775380442 OK 13 12 0.62555899999999998 0.54774500000000004 0.076765 0.546794 0.411325 0 0.078764999999999974 0.13642000000000004 0.076765 0.0093640000000000008 0.0094820000000000008 0.0088540000000000008 0.057617000000000008 0.115396 0.056861000000000002 0.0018369999999999999 0.0018030000000000001 0.001753 0.00043400000000000003 0.00043300000000000001 0.00041999999999999996 82.809671090345205 82.809671090345205 82.809671090345205 0.028469236117913712 0.028469236117913712 0.028469236117913712 1 1 1 Converged Converged Converged OK OK OK 37 37 37 37 37 37 3 3 3 0 0 0 0 1 0 0 1
114 114 uniform 4 15 1149 2 0.001 2.0486610398199936 0.017719305644078309 0.00023077588802392687 0.029420528966086747 0.0072896269491869274 0.02943457619405342 0 0.0062342481314439056 82.577236647478486 OK 13 12 0.65019800000000005 0.57509100000000002 0.077034000000000005 0.571357 0.43844300000000003 0 0.07884100000000005 0.13664799999999999 0.077034000000000005 0.0093150000000000004 0.0093500000000000007 0.0087720000000000003 0.05765300000000001 0.11561000000000002 0.05722099999999998 0.0017850000000000001 0.0017780000000000001 0.0016929999999999998 0.00043300000000000001 0.000455 0.00041900000000000005 82.577237715473544 82.577237715473544 82.577237715473544 0.028306700182640199 0.028306700182640199 0.028306700182640199 1 1 1 Converged Converged Converged OK OK OK 37 37 37 37 37 37 3 3 3 0 0 0 0 1 0 0 1
114 114 uniform 4 23 1149 3 0.001 2.0486610398199936 0.017719305644078309 0.00023077588802392687 0.029420528966086747 0.0072896269491869274 0.029466684143691531 0 0.0062021401818057945 82.350488945982477 OK 13 12 0.61981399999999998 0.53939400000000004 0.078216999999999995 0.53471999999999997 0.40560499999999999 0 0.085094000000000003 0.13378900000000005 0.078216999999999995 0.0092580000000000006 0.0094050000000000002 0.0087360000000000007 0.059448000000000001 0.11265899999999998 0.058411000000000018 0.0017880000000000001 0.0018450000000000001 0.0017030000000000001 0.00043599999999999997 0.000464 0.000435 82.350490297955503 82.350490297955503 82.350490297955503 0.028149293136835785 0.028149293136835785 0.028149293136835785 1 1 1 Converged Converged Converged OK OK OK 37 37 37 37 37 37 3 3 3 0 0 0 0 1 0 0 1
114 114 uniform 4 0 1149 0 0.0001 2.0486610398199936 0.017719305644078309 0.00023077588802392687 0.029420528966086747 0.0072896269491869274 0.029374373788481963 0 0.0062944505370153628 83.017863855802005 OK 13 12 0.68766400000000005 0.682585 0.13167699999999999 0.55484100000000003 0.55098899999999995 0 0.13282300000000002 0.13159600000000005 0.13167699999999999 0.010466 0.010316000000000001 0.0098130000000000005 0.09841700000000006 0.097744999999999971 0.098036999999999971 0.0034260000000000002 0.003454 0.0034039999999999999 0.00071700000000000008 0.00069699999999999992 0.000678 83.017864892913607 83.017864892913607 83.017864892913607 6.9629294639163149e-06 6.9629294639163149e-06 6.9629294639163149e-06 1 1 1 Converged Converged Converged OK OK OK 69 69 69 69 69 69 3 3 3 0 0 0 0 0 1 0 0
114 114 uniform 4 7 1149 1 0.0001 2.0486610398199936 0.017719305644078309 0.00023077588802392687 0.029420528966086747 0.0072896269491869274 0.029402468244415308 0 0.0062663560810820168 82.809669775380442 OK 13 12 0.66487300000000005 0.65088800000000002 0.118904 0.544678 0.41006900000000002 0 0.12019500000000005 0.24081900000000001 0.118904 0.0093430000000000006 0.0093360000000000005 0.0088819999999999993 0.089306999999999984 0.20992700000000009 0.08918300000000004 0.0034549999999999997 0.0034199999999999999 0.003405 0.00065900000000000008 0.00066100000000000002 0.00064000000000000005 82.809671078028899 82.809671078028899 82.809671078028899 6.9605328572535625e-06 6.9605328572535625e-06 6.9605328572535625e-06 1 1 1 Converged Converged Converged OK OK OK 69 69 69 69 69 69 3 3 3 0 0 0 0 1 0 0 1
114 114 uniform 4 15 1149 2 0.0001 2.0486610398199936 0.017719305644078309 0.00023077588802392687 0.029420528966086747 0.0072896269491869274 0.02943457619405342 0 0.0062342481314439056 82.577236647478486 OK 13 12 0.70081599999999999 0.68868099999999999 0.12442599999999999 0.57448100000000002 0.439197 0 0.12633499999999998 0.24948399999999998 0.12442599999999999 0.0092809999999999993 0.0093620000000000005 0.0088470000000000007 0.095614000000000046 0.21824999999999997 0.094728000000000034 0.0034850000000000003 0.0035070000000000001 0.0034349999999999997 0.00064400000000000004 0.00065600000000000001 0.00064399999999999993 82.577237703214948 82.577237703214948 82.577237703214948 6.9578854198389163e-06 6.9578854198389163e-06 6.9578854198389163e-06 1 1 1 Converged Converged Converged OK OK OK 69 69 69 69 69 69 3 3 3 0 0 0 0 1 0 0 1
114 114 uniform 4 23 1149 3 0.0001 2.0486610398199936 0.017719305644078309 0.00023077588802392687 0.029420528966086747 0.0072896269491869274 0.029466684143691531 0 0.0062021401818057945 82.350488945982477 OK 13 12 0.668354 0.64165000000000005 0.12554599999999999 0.54077500000000001 0.40033000000000002 0 0.127579 0.24132000000000003 0.12554599999999999 0.0093240000000000007 0.0093189999999999992 0.0088409999999999999 0.096972999999999948 0.21067800000000003 0.096085000000000018 0.0034410000000000005 0.0035299999999999997 0.0034480000000000001 0.00066399999999999999 0.00064500000000000007 0.00062799999999999998 82.350490285815411 82.350490285815411 82.350490285815411 6.9553286095374569e-06 6.9553286095374569e-06 6.9553286095374569e-06 1 1 1 Converged Converged Converged OK OK OK 69 69 69 69 69 69 3 3 3 0 0 0 0 1 0 0 1
115 115 linear 0 0 1150 0 0.001 1.9599718681909375 0.00076065753405687151 0.0004224285403319365 0.0014195678434221603 5.6351400808077953e-05 0.0013350821353557731 0.5 0.00015465205518740643 3808.2916091493607 OK 15 14 1.0452049999999999 1.035045 0.40905799999999998 0.62968999999999997 0.62802000000000002 0 0.41551499999999997 0.40702499999999997 0.40905799999999998 0.012208999999999999 0.011872000000000001 0.011552 0.34229900000000013 0.33440399999999976 0.33686599999999978 0.0082229999999999994 0.0080020000000000004 0.0084779999999999994 0.002006 0.0019049999999999998 0.0019420000000000001 3808.31627923308 3808.31627923308 3808.31627923308 2.9835093793508225 2.9835093793508225 2.9835093793508225 1 1 1 Converged Converged Converged OK OK OK 165 165 165 165 165 165 11 11 11 0 0 0 0 0 1 0 0
115 115 linear 0 7 1150 1 0.001 1.9599718681909375 0.00076065753405687151 0.0004224285403319365 0.0014195678434221603 5.6351400808077953e-05 0.0013865082185266174 0.5 0.00010322597201656205 3520.9461170322352 OK 15 14 1.0089269999999999 1.1287370000000001 0.36720999999999998 0.62532200000000004 0.479126 0 0.38360499999999986 0.64961100000000016 0.36720999999999998 0.010815 0.010893999999999999 0.0098879999999999992 0.33095200000000002 0.59678100000000001 0.31879199999999996 0.0088859999999999998 0.0092590000000000016 0.0075660000000000015 0.0020280000000000003 0.0021599999999999996 0.00197 3520.9444174956507 3520.9444174956507 3520.9444174956507 2.2966274390829806 2.2966274390829806 2.2966274390829806 1 1 1 Converged Converged Converged OK OK OK 157 157 157 157 157 157 11 11 11 0 0 0 0 1 0 0 1
115 115 linear 0 15 1150 2 0.001 1.9599718681909375 0.00076065753405687151 0.0004224285403319365 0.0014195678434221603 5.6351400808077953e-05 0.0014452808850075826 0.5 4.4453305535596893e-05 3139.6109986655006 OK 15 14 0.99042799999999998 1.1160399999999999 0.44596599999999997 0.55287900000000001 0.40290700000000002 0 0.43754899999999997 0.71313299999999991 0.44596599999999997 0.014167000000000001 0.014078 0.012978 0.37080899999999994 0.64446199999999998 0.37274500000000016 0.010585999999999998 0.011510999999999999 0.011720999999999999 0.001867 0.0018130000000000002 0.001774 3139.6288023383181 3139.6288023383181 3139.6288023383181 1.7120621031452365 1.7120621031452365 1.7120621031452365 1 1 1 Converged Converged Converged OK OK OK 174 174 174 174 174 174 10 10 10 0 0 0 0 1 0 0 1
115 115 linear 0 23 1150 3 0.001 1.9599718681909375 0.00076065753405687151 0.0004224285403319365 0.0014195678434221603 5.6351400808077953e-05 0.0015040535514885475 0.5 -1.4319360945368046e-05 2760.9449255451987 OK 15 14 0.92000999999999999 1.0170710000000001 0.41532999999999998 0.50387999999999999 0.34973799999999999 0 0.41613 0.66733300000000007 0.41532999999999998 0.014014 0.013882 0.014315 0.35855200000000004 0.60862399999999994 0.35790800000000006 0.0096549999999999987 0.010093 0.0092179999999999988 0.0014980000000000002 0.0016110000000000002 0.001531 2760.9207355181079 2760.9207355181079 2760.9207355181079 2.5731322240830758 2.5731322240830758 2.5731322240830758 1 1 1 Converged Converged Converged OK OK OK 166 166 166 166 166 166 10 10 10 0 0 0 0 1 0 0 1
115 115 linear 0 0 1150 0 0.0001 1.9599718681909375 0.00076065753405687151 0.0004224285403319365 0.0014195678434221603 5.6351400808077953e-05 0.0013350821353557731 0.5 0.00015465205518740643 3808.2916091493607 OK 15 14 1.1006469999999999 1.0923780000000001 0.46050799999999997 0.62580199999999997 0.625749 0 0.47484499999999996 0.46662900000000007 0.46050799999999997 0.012591 0.011866 0.011698999999999999 0.38559799999999977 0.3792310000000001 0.37364300000000011 0.010212999999999998 0.010157999999999999 0.010098999999999999 0.0027100000000000002 0.0025369999999999993 0.002676 3808.3187395826412 3808.3187395826412 3808.3187395826412 0.20540273166649684 0.20540273166649684 0.20540273166649684 1 1 1 Converged Converged Converged OK OK OK 189 189 189 189 189 189 11 11 11 0 0 0 0 0 1 0 0
115 115 linear 0 7 1150 1 0.0001 1.9599718681909375 0.00076065753405687151 0.0004224285403319365 0.0014195678434221603 5.6351400808077953e-05 0.0013865082185266174 0.5 0.00010322597201656205 3520.9461170322352 OK 15 14 1.1081000000000001 1.318219 0.46472799999999997 0.62728200000000001 0.47365600000000002 0 0.48081800000000008 0.84456299999999995 0.46472799999999997 0.010385999999999999 0.010777999999999999 0.0098239999999999994 0.41639900000000002 0.77820499999999981 0.40150400000000008 0.010783000000000001 0.011952999999999998 0.011323 0.0024709999999999997 0.0025380000000000003 0.0025379999999999999 3520.9478339798088 3520.9478339798088 3520.9478339798088 0.23296581785302514 0.23296581785302514 0.23296581785302514 1 1 1 Converged Converged Converged OK OK OK 205 205 205 205 205 205 11 11 11 0 0 0 0 1 0 0 1
115 115 linear 0 15 1150 2 0.0001 1.9599718681909375 0.00076065753405687151 0.0004224285403319365 0.0014195678434221603 5.6351400808077953e-05 0.0014452808850075826 0.5 4.4453305535596893e-05 3139.6109986655006 OK 15 14 1.0200089999999999 1.169141 0.45995999999999998 0.54950900000000003 0.400482 0 0.47049999999999992 0.76865899999999998 0.45995999999999998 0.013651 0.014017 0.013044999999999999 0.40690300000000001 0.70239399999999963 0.39680900000000013 0.010215 0.011470000000000001 0.010850000000000002 0.0020409999999999998 0.0021480000000000002 0.0020730000000000002 3139.6316823989591 3139.6316823989591 3139.6316823989591 0.13965116750291218 0.13965116750291218 0.13965116750291218 1 1 1 Converged Converged Converged OK OK OK 190 190 190 190 190 190 10 10 10 0 0 0 0 1 0 0 1
115 115 linear 0 23 1150 3 0.0001 1.9599718681909375 0.00076065753405687151 0.0004224285403319365 0.0014195678434221603 5.6351400808077953e-05 0.0015040535514885475 0.5 -1.4319360945368046e-05 2760.9449255451987 OK 15 14 0.96110899999999999 1.070778 0.44145699999999999 0.50757200000000002 0.344912 0 0.45353699999999997 0.72586600000000001 0.44145699999999999 0.013953 0.013894 0.012796 0.39039599999999997 0.66317400000000049 0.38198199999999988 0.010822 0.010395999999999997 0.0096810000000000004 0.0018699999999999999 0.0018960000000000003 0.0018010000000000001 2760.9239158150976 2760.9239158150976 2760.9239158150976 0.13544735293454802 0.13544735293454802 0.13544735293454802 1 1 1 Converged Converged Converged OK OK OK 182 182 182 182 182 182 10 10 10 0 0 0 0 1 0 0 1
115 115 linear 1 0 1151 0 0.001 1.9599718681909375 0.00076065753405687151 0.0004224285403319365 -1.4420750108918317 0.0043907603621731357 -1.4421594965998981 0.5 1.4436492307904412 5.3886976960245789 OK 14 13 0.50213399999999997 0.50056400000000001 0.15162 0.34687400000000002 0.34355999999999998 0 0.15525999999999995 0.15700400000000003 0.15162 0.011708 0.014958000000000001 0.011362000000000001 0.11580100000000004 0.11321799999999996 0.11253900000000004 0.003712 0.003986 0.0038190000000000003 0.0010549999999999999 0.0012070000000000002 0.0010530000000000001 5.3887517814328207 5.3887517814328207 5.3887517814328207 0.0030696727683948159 0.0030696727683948159 0.0030696727683948159 1 1 1 Converged Converged Converged OK OK OK 82 82 82 82 82 82 6 6 6 0 0 0 0 0 1 0 0
115 115 linear 1 7 1151 1 0.001 1.9599718681909375 0.00076065753405687151 0.0004224285403319365 -1.4420750108918317 0.0043907603621731357 -1.4421080705167273 0.5 1.4435978047072704 4.7917514737774098 OK 14 13 0.72352799999999995 0.606429 0.155196 0.56351799999999996 0.41132099999999999 0 0.16000999999999999 0.195108 0.155196 0.01095 0.010926999999999999 0.010338 0.12251299999999998 0.157251 0.11891299999999999 0.0043990000000000001 0.0047240000000000008 0.0045250000000000004 0.0010140000000000001 0.0011060000000000002 0.00098799999999999995 4.7917788126931091 4.7917788126931091 4.7917788126931091 0.0028459679542960346 0.0028459679542960346 0.0028459679542960346 1 1 1 Converged Converged Converged OK OK OK 90 90 90 90 90 90 6 6 6 0 0 0 0 1 0 0 1
115 115 linear 1 15 1151 2 0.001 1.9599718681909375 0.00076065753405687151 0.0004224285403319365 -1.4420750108918317 0.0043907603621731357 -1.4420492978502462 0.5 1.4435390320407893 4.1053004878445281 OK 14 13 0.45586500000000002 0.35763600000000001 0.13133600000000001 0.32081100000000001 0.18742700000000001 0 0.13505400000000001 0.170209 0.13133600000000001 0.010802000000000001 0.011142000000000001 0.010383999999999999 0.10484200000000002 0.13892600000000002 0.10192200000000003 0.0032450000000000005 0.0035379999999999999 0.0031849999999999999 0.00088499999999999994 0.00084500000000000005 0.00089200000000000011 4.1053272006732637 4.1053272006732637 4.1053272006732637 0.0037195154425565483 0.0037195154425565483 0.0037195154425565483 1 1 1 Converged Converged Converged OK OK OK 74 74 74 74 74 74 6 6 6 0 0 0 0 1 0 0 1
115 115 linear 1 23 1151 3 0.001 1.9599718681909375 0.00076065753405687151 0.0004224285403319365 -1.4420750108918317 0.0043907603621731357 -1.4419905251837652 0.5 1.4434802593743083 3.4235512255114862 OK 14 13 0.63567799999999997 0.52387099999999998 0.13881099999999999 0.49632300000000001 0.35883399999999999 0 0.13935499999999995 0.16503699999999999 0.13881099999999999 0.011011999999999999 0.011025 0.010304000000000001 0.10893600000000002 0.13460800000000001 0.10961899999999997 0.0032109999999999999 0.0033080000000000002 0.003186 0.00080199999999999998 0.00084600000000000007 0.00082800000000000007 3.423564838675111 3.423564838675111 3.423564838675111 0.0032270619886058598 0.0032270619886058598 0.0032270619886058598 1 1 1 Converged Converged Converged OK OK OK 74 74 74 74 74 74 6 6 6 0 0 0 0 1 0 0 1
115 115 linear 1 0 1151 0 0.0001 1.9599718681909375 0.00076065753405687151 0.0004224285403319365 -1.4420750108918317 0.0043907603621731357 -1.4421594965998981 0.5 1.4436492307904412 5.3886976960245789 OK 14 13 0.55066400000000004 0.55004900000000001 0.20225199999999999 0.341918 0.34723700000000002 0 0.20874600000000004 0.20281199999999999 0.20225199999999999 0.014345 0.011900000000000001 0.011603 0.15421000000000001 0.15026600000000007 0.14994000000000002 0.0053229999999999996 0.0053949999999999996 0.0054659999999999995 0.0013700000000000001 0.0014010000000000001 0.001446 5.3887517824955919 5.3887517824955919 5.3887517824955919 0.00028846703689832932 0.00028846703689832932 0.00028846703689832932 1 1 1 Converged Converged Converged OK OK OK 114 114 114 114 114 114 6 6 6 0 0 0 0 0 1 0 0
115 115 linear 1 7 1151 1 0.0001 1.9599718681909375 0.00076065753405687151 0.0004224285403319365 -1.4420750108918317 0.0043907603621731357 -1.4421080705167273 0.5 1.4435978047072704 4.7917514737774098 OK 14 13 0.759571 0.64826099999999998 0.18901000000000001 0.56382699999999997 0.41771799999999998 0 0.19574400000000003 0.230543 0.18901000000000001 0.010947999999999999 0.011088000000000001 0.010344000000000001 0.15270200000000012 0.18854400000000002 0.14799400000000004 0.0055800000000000008 0.0052719999999999998 0.0054340000000000013 0.0013729999999999999 0.001266 0.0013250000000000002 4.7917787728971 4.7917787728971 4.7917787728971 0.00026564973154563772 0.00026564973154563772 0.00026564973154563772 1 1 1 Converged Converged Converged OK OK OK 114 114 114 114 114 114 6 6 6 0 0 0 0 1 0 0 1
115 115 linear 1 15 1151 2 0.0001 1.9599718681909375 0.00076065753405687151 0.0004224285403319365 -1.4420750108918317 0.0043907603621731357 -1.4420492978502462 0.5 1.4435390320407893 4.1053004878445281 OK 14 13 0.51869900000000002 0.425344 0.19017500000000001 0.32276500000000002 0.185693 0 0.195934 0.239651 0.19017500000000001 0.01099 0.010936 0.010289 0.15298799999999993 0.19713200000000011 0.14924300000000004 0.0054600000000000004 0.0053719999999999992 0.0052970000000000005 0.001402 0.0013379999999999998 0.001273 4.1053271955560193 4.1053271955560193 4.1053271955560193 0.00025817779215059832 0.00025817779215059832 0.00025817779215059832 1 1 1 Converged Converged Converged OK OK OK 114 114 114 114 114 114 6 6 6 0 0 0 0 1 0 0 1
115 115 linear 1 23 1151 3 0.0001 1.9599718681909375 0.00076065753405687151 0.0004224285403319365 -1.4420750108918317 0.0043907603621731357 -1.4419905251837652 0.5 1.4434802593743083 3.4235512255114862 OK 14 13 0.69722399999999995 0.59380299999999997 0.194245 0.49334800000000001 0.36072500000000002 0 0.20387599999999995 0.23307799999999995 0.194245 0.010871 0.010909 0.010215999999999999 0.16102299999999994 0.19046300000000008 0.15342400000000006 0.005739000000000001 0.0057450000000000001 0.0053940000000000004 0.001335 0.0013040000000000003 0.0012360000000000001 3.42356471638446 3.42356471638446 3.42356471638446 0.00028490472625677487 0.00028490472625677487 0.00028490472625677487 1 1 1 Converged Converged Converged OK OK OK 114 114 114 114 114 114 6 6 6 0 0 0 0 1 0 0 1
115 115 linear 2 0 1152 0 0.001 1.9599718681909375 0.00076065753405687151 0.0004224285403319365 0.0016332206677331243 0.00024733848153663933 0.0015487349596667371 0.5 -5.9000769123557619e-05 2430.3365436125264 OK 15 14 0.986703 0.96196999999999999 0.39063199999999998 0.57337199999999999 0.56272900000000003 0 0.413331 0.39924099999999996 0.39063199999999998 0.013417 0.012423999999999999 0.012234999999999999 0.33637799999999979 0.32796400000000003 0.3203129999999999 0.0078399999999999997 0.0083479999999999995 0.0083719999999999992 0.0019619999999999998 0.002016 0.0020100000000000001 2430.364873914898 2430.364873914898 2430.364873914898 1.6768025471739441 1.6768025471739441 1.6768025471739441 1 1 1 Converged Converged Converged OK OK OK 157 157 157 157 157 157 11 11 11 0 0 0 0 0 1 0 0
115 115 linear 2 7 1152 1 0.001 1.9599718681909375 0.00076065753405687151 0.0004224285403319365 0.0016332206677331243 0.00024733848153663933 0.0016001610428375815 0.5 -0.00011042685229440199 1936.1101048538053 OK 15 14 1.0386569999999999 1.024958 0.44482899999999997 0.58332099999999998 0.43869200000000003 0 0.45533599999999996 0.58626599999999995 0.44482899999999997 0.010534999999999999 0.01085 0.010057 0.40212100000000012 0.53089399999999998 0.39078500000000027 0.0085889999999999994 0.009954000000000001 0.010462999999999998 0.0017300000000000002 0.0018289999999999999 0.0017589999999999997 1935.9979434200575 1935.9979434200575 1935.9979434200575 1.2226189998143948 1.2226189998143948 1.2226189998143948 1 1 1 Converged Converged Converged OK OK OK 165 165 165 165 165 165 11 11 11 0 0 0 0 1 0 0 1
115 115 linear 2 15 1152 2 0.001 1.9599718681909375 0.00076065753405687151 0.0004224285403319365 0.0016332206677331243 0.00024733848153663933 0.0016589337093185466 0.5 -0.00016919951877536715 1581.2061363808323 OK 16 15 0.94509799999999999 0.92507799999999996 0.43718499999999999 0.50749200000000005 0.362288 0 0.43760599999999994 0.5627899999999999 0.43718499999999999 0.014411 0.01444 0.013472 0.37258499999999989 0.49544099999999969 0.37297399999999992 0.010555000000000002 0.012336 0.011223 0.0018870000000000002 0.0018949999999999998 0.001805 1580.8630937823418 1580.8630937823418 1580.8630937823418 1.0719261552514201 1.0719261552514201 1.0719261552514201 1 1 1 Converged Converged Converged OK OK OK 159 159 159 159 159 159 9 9 9 0 0 0 0 1 0 0 1
115 115 linear 2 23 1152 3 0.001 1.9599718681909375 0.00076065753405687151 0.0004224285403319365 0.0016332206677331243 0.00024733848153663933 0.0017177063757995116 0.5 -0.00022797218525633209 1417.9441106670799 OK 16 15 0.89318600000000004 0.84525300000000003 0.345862 0.55041799999999996 0.39893600000000001 0 0.34276800000000007 0.44631700000000002 0.345862 0.013698999999999999 0.01391 0.012879 0.29034399999999988 0.39332000000000006 0.294684 0.0073620000000000005 0.0076590000000000009 0.0069180000000000014 0.0016309999999999999 0.0016619999999999998 0.001578 1417.9432965816186 1417.9432965816186 1417.9432965816186 1.2711087291425116 1.2711087291425116 1.2711087291425116 1 1 1 Converged Converged Converged OK OK OK 127 127 127 127 127 127 9 9 9 0 0 0 0 1 0 0 1
115 115 linear 2 0 1152 0 0.0001 1.9599718681909375 0.00076065753405687151 0.0004224285403319365 0.0016332206677331243 0.00024733848153663933 0.0015487349596667371 0.5 -5.9000769123557619e-05 2430.3365436125264 OK 15 14 1.044386 1.0389980000000001 0.47034399999999998 0.56694800000000001 0.569573 0 0.47743800000000003 0.46942500000000009 0.47034399999999998 0.011927999999999999 0.012481000000000001 0.012338 0.38957899999999995 0.37911400000000001 0.38117199999999996 0.0094389999999999995 0.010433999999999999 0.010322999999999999 0.0024529999999999999 0.0027270000000000003 0.0025460000000000001 2430.3687104773308 2430.3687104773308 2430.3687104773308 0.09195315802541891 0.09195315802541891 0.09195315802541891 1 1 1 Converged Converged Converged OK OK OK 197 197 197 197 197 197 11 11 11 0 0 0 0 0 1 0 0
115 115 linear 2 7 1152 1 0.0001 1.9599718681909375 0.00076065753405687151 0.0004224285403319365 0.0016332206677331243 0.00024733848153663933 0.0016001610428375815 0.5 -0.00011042685229440199 1936.1101048538053 OK 15 14 1.1300680000000001 1.176469 0.53409499999999999 0.58451500000000001 0.44520300000000002 0 0.54555300000000007 0.73126599999999997 0.53409499999999999 0.01095 0.011036000000000001 0.010104 0.47856599999999994 0.66458800000000018 0.46962100000000007 0.012565000000000002 0.011794000000000001 0.011609 0.0024399999999999999 0.0024850000000000002 0.0023079999999999997 1935.9979698215559 1935.9979698215559 1935.9979698215559 0.08665004319138965 0.08665004319138965 0.08665004319138965 1 1 1 Converged Converged Converged OK OK OK 205 205 205 205 205 205 11 11 11 0 0 0 0 1 0 0 1
115 115 linear 2 15 1152 2 0.0001 1.9599718681909375 0.00076065753405687151 0.0004224285403319365 0.0016332206677331243 0.00024733848153663933 0.0016589337093185466 0.5 -0.00016919951877536715 1581.2061363808323 OK 16 15 1.0144249999999999 1.0434870000000001 0.48708299999999999 0.50645600000000002 0.35977300000000001 0 0.50796899999999989 0.68371400000000004 0.48708299999999999 0.014152 0.014168 0.013586000000000001 0.43124700000000005 0.60582800000000014 0.41480199999999978 0.013242 0.014213 0.01183 0.0023450000000000003 0.0025070000000000001 0.0021679999999999998 1580.8617871495148 1580.8617871495148 1580.8617871495148 0.077998167481041686 0.077998167481041686 0.077998167481041686 1 1 1 Converged Converged Converged OK OK OK 191 191 191 191 191 191 9 9 9 0 0 0 0 1 0 0 1
115 115 linear 2 23 1152 3 0.0001 1.9599718681909375 0.00076065753405687151 0.0004224285403319365 0.0016332206677331243 0.00024733848153663933 0.0017177063757995116 0.5 -0.00022797218525633209 1417.9441106670799 OK 16 15 1.073563 1.1456470000000001 0.51366599999999996 0.54451899999999998 0.40180300000000002 0 0.52904400000000007 0.74384400000000006 0.51366599999999996 0.013684 0.013657000000000001 0.013047 0.44607499999999983 0.66076699999999999 0.43458000000000008 0.013779000000000001 0.014168000000000002 0.012415000000000001 0.0023409999999999998 0.0023549999999999999 0.0023000000000000004 1417.9431334801238 1417.9431334801238 1417.9431334801238 0.02200757185851179 0.02200757185851179 0.02200757185851179 1 1 1 Converged Converged Converged OK OK OK 207 207 207 207 207 207 9 9 9 0 0 0 0 1 0 0 1
115 115 linear 3 0 1153 0 0.001 1.9599718681909375 0.00076065753405687151 0.0004224285403319365 -1.4493501340201096 0.012593477790135487 -1.449434619728176 0.5 1.4509243539187191 3.6818857098478346 OK 13 12 0.46581600000000001 0.46391700000000002 0.117122 0.34126899999999999 0.34157500000000002 0 0.12454700000000002 0.12234200000000001 0.117122 0.013509 0.0088739999999999999 0.0086180000000000007 0.089374999999999982 0.092023999999999967 0.087078000000000017 0.0031640000000000001 0.0030970000000000004 0.0031649999999999998 0.00068999999999999997 0.00069399999999999996 0.00067100000000000005 3.6818834711832955 3.6818834711832955 3.6818834711832955 0.0018657664263409721 0.0018657664263409721 0.0018657664263409721 1 1 1 Converged Converged Converged OK OK OK 61 61 61 61 61 61 3 3 3 0 0 0 0 0 1 0 0
115 115 linear 3 7 1153 1 0.001 1.9599718681909375 0.00076065753405687151 0.0004224285403319365 -1.4493501340201096 0.012593477790135487 -1.4493831936450052 0.5 1.4508729278355483 3.8368218339272406 OK 13 12 0.47925499999999999 0.36207400000000001 0.114423 0.36161500000000002 0.21107500000000001 0 0.11763999999999997 0.15099899999999999 0.114423 0.0083260000000000001 0.0083689999999999997 0.0078619999999999992 0.090213000000000015 0.12362500000000001 0.087956000000000006 0.0032179999999999999 0.0031229999999999999 0.0031489999999999999 0.00070299999999999996 0.00066 0.00066200000000000005 3.8368195289387286 3.8368195289387286 3.8368195289387286 0.0018656833095104886 0.0018656833095104886 0.0018656833095104886 1 1 1 Converged Converged Converged OK OK OK 61 61 61 61 61 61 3 3 3 0 0 0 0 1 0 0 1
115 115 linear 3 15 1153 2 0.001 1.9599718681909375 0.00076065753405687151 0.0004224285403319365 -1.4493501340201096 0.012593477790135487 -1.4493244209785241 0.5 1.4508141551690672 4.0508643906387389 OK 13 12 0.54917300000000002 0.44265700000000002 0.11711299999999999 0.42802000000000001 0.288771 0 0.12115300000000001 0.15388600000000002 0.11711299999999999 0.0082660000000000008 0.0082799999999999992 0.0077980000000000002 0.093464999999999993 0.12674000000000005 0.090802000000000022 0.0032969999999999996 0.003143 0.0031649999999999998 0.00070799999999999997 0.00069999999999999999 0.00067500000000000004 4.0508620220693192 4.0508620220693192 4.0508620220693192 0.0018656041506732637 0.0018656041506732637 0.0018656041506732637 1 1 1 Converged Converged Converged OK OK OK 61 61 61 61 61 61 3 3 3 0 0 0 0 1 0 0 1
115 115 linear 3 23 1153 3 0.001 1.9599718681909375 0.00076065753405687151 0.0004224285403319365 -1.4493501340201096 0.012593477790135487 -1.4492656483120432 0.5 1.4507553825025863 4.3239414261829374 OK 13 12 0.493338 0.38335399999999997 0.118314 0.37068699999999999 0.23409099999999999 0 0.12265100000000001 0.14926299999999998 0.118314 0.0083409999999999995 0.0084320000000000003 0.0076360000000000004 0.095280999999999991 0.12193799999999998 0.092288999999999954 0.0031700000000000001 0.0031719999999999995 0.0031190000000000002 0.00066900000000000011 0.00067600000000000006 0.00067400000000000001 4.3239382198281824 4.3239382198281824 4.3239382198281824 0.0018656245490851692 0.0018656245490851692 0.0018656245490851692 1 1 1 Converged Converged Converged OK OK OK 61 61 61 61 61 61 3 3 3 0 0 0 0 1 0 0 1
115 115 linear 3 0 1153 0 0.0001 1.9599718681909375 0.00076065753405687151 0.0004224285403319365 -1.4493501340201096 0.012593477790135487 -1.449434619728176 0.5 1.4509243539187191 3.6818857098478346 OK 13 12 0.48899799999999999 0.48948000000000003 0.143291 0.34260800000000002 0.344754 0 0.14638999999999996 0.14472600000000002 0.143291 0.0088959999999999994 0.00911 0.0089720000000000008 0.10953900000000007 0.10737599999999997 0.10679599999999999 0.004071 0.0041790000000000004 0.0039620000000000002 0.000785 0.00079900000000000012 0.00078799999999999996 3.6818834720030251 3.6818834720030251 3.6818834720030251 0.00012254455115304823 0.00012254455115304823 0.00012254455115304823 1 1 1 Converged Converged Converged OK OK OK 77 77 77 77 77 77 3 3 3 0 0 0 0 0 1 0 0
115 115 linear 3 7 1153 1 0.0001 1.9599718681909375 0.00076065753405687151 0.0004224285403319365 -1.4493501340201096 0.012593477790135487 -1.4493831936450052 0.5 1.4508729278355483 3.8368218339272406 OK 13 12 0.499857 0.40303600000000001 0.14391499999999999 0.35686200000000001 0.214091 0 0.14299499999999998 0.188945 0.14391499999999999 0.0083070000000000001 0.0083420000000000005 0.0079349999999999993 0.11064599999999998 0.15670299999999995 0.11153400000000004 0.0040699999999999998 0.0040420000000000005 0.0040660000000000002 0.00080399999999999992 0.00079700000000000018 0.00077999999999999988 3.8368195297584573 3.8368195297584573 3.8368195297584573 0.00012256623575554156 0.00012256623575554156 0.00012256623575554156 1 1 1 Converged Converged Converged OK OK OK 77 77 77 77 77 77 3 3 3 0 0 0 0 1 0 0 1
115 115 linear 3 15 1153 2 0.0001 1.9599718681909375 0.00076065753405687151 0.0004224285403319365 -1.4493501340201096 0.012593477790135487 -1.4493244209785241 0.5 1.4508141551690672 4.0508643906387389 OK 13 12 0.570214 0.47817199999999999 0.14330300000000001 0.42226399999999997 0.29050999999999999 0 0.14795000000000003 0.187662 0.14330300000000001 0.0083429999999999997 0.0083529999999999993 0.00777 0.115511 0.15506000000000003 0.11207499999999999 0.0041879999999999999 0.004333 0.0041440000000000001 0.00078399999999999997 0.00080900000000000015 0.00077800000000000005 4.0508620228890315 4.0508620228890315 4.0508620228890315 0.0001226027199596496 0.0001226027199596496 0.0001226027199596496 1 1 1 Converged Converged Converged OK OK OK 77 77 77 77 77 77 3 3 3 0 0 0 0 1 0 0 1
115 115 linear 3 23 1153 3 0.0001 1.9599718681909375 0.00076065753405687151 0.0004224285403319365 -1.4493501340201096 0.012593477790135487 -1.4492656483120432 0.5 1.4507553825025863 4.3239414261829374 OK 13 12 0.52160499999999999 0.420122 0.14152999999999999 0.37569000000000002 0.234765 0 0.14591499999999996 0.18535699999999999 0.14152999999999999 0.0082640000000000005 0.0083350000000000004 0.0077510000000000001 0.11368499999999999 0.153111 0.11051800000000003 0.0041000000000000003 0.0042069999999999998 0.0039529999999999999 0.00080100000000000006 0.00076899999999999994 0.00076399999999999992 4.3239382206478734 4.3239382206478734 4.3239382206478734 0.00012273435497965555 0.00012273435497965555 0.00012273435497965555 1 1 1 Converged Converged Converged OK OK OK 77 77 77 77 77 77 3 3 3 0 0 0 0 1 0 0 1
115 115 linear 4 0 1154 0 0.001 1.9599718681909375 0.00076065753405687151 0.0004224285403319365 -1.4586918903687345 0.00086035486048768395 -1.4587763760768009 0.5 1.460266110267344 8.6315938181738581 OK 15 14 0.58690299999999995 0.57747400000000004 0.237764 0.34660600000000003 0.341418 0 0.24029699999999993 0.23605600000000004 0.237764 0.014459 0.014199 0.013818 0.18481799999999993 0.18127999999999997 0.18343200000000004 0.0056799999999999993 0.0055570000000000003 0.0055919999999999997 0.0011899999999999999 0.0011540000000000001 0.0011760000000000002 8.6315886500843799 8.6315886500843799 8.6315886500843799 0.0037266891345983841 0.0037266891345983841 0.0037266891345983841 1 1 1 Converged Converged Converged OK OK OK 107 107 107 107 107 107 5 5 5 0 0 0 0 0 1 0 0
115 115 linear 4 7 1154 1 0.001 1.9599718681909375 0.00076065753405687151 0.0004224285403319365 -1.4586918903687345 0.00086035486048768395 -1.4587249499936301 0.5 1.4602146841841732 8.5289012771697461 OK 15 14 0.57350500000000004 0.460482 0.22198899999999999 0.34224399999999999 0.20122599999999999 0 0.23126100000000005 0.25925600000000004 0.22198899999999999 0.013523 0.013686 0.012769000000000001 0.18468599999999991 0.21252299999999996 0.17660599999999993 0.0056569999999999997 0.0056989999999999992 0.0056640000000000006 0.0011529999999999999 0.001137 0.00115 8.5288961300930914 8.5288961300930914 8.5288961300930914 0.003715721746387702 0.003715721746387702 0.003715721746387702 1 1 1 Converged Converged Converged OK OK OK 107 107 107 107 107 107 5 5 5 0 0 0 0 1 0 0 1
115 115 linear 4 15 1154 2 0.001 1.9599718681909375 0.00076065753405687151 0.0004224285403319365 -1.4586918903687345 0.00086035486048768395 -1.458666177327149 0.5 1.4601559115176921 8.4163350381840729 OK 15 14 0.58985100000000001 0.47447699999999998 0.225607 0.360012 0.22228999999999999 0 0.22983900000000002 0.25218699999999999 0.225607 0.013533999999999999 0.013457 0.012775999999999999 0.18334400000000006 0.20560100000000001 0.17728800000000003 0.0055149999999999999 0.005705 0.0088369999999999994 0.0011349999999999999 0.001137 0.0010870000000000001 8.4163299611228712 8.4163299611228712 8.4163299611228712 0.0037034641586120303 0.0037034641586120303 0.0037034641586120303 1 1 1 Converged Converged Converged OK OK OK 107 107 107 107 107 107 5 5 5 0 0 0 0 1 0 0 1
115 115 linear 4 23 1154 3 0.001 1.9599718681909375 0.00076065753405687151 0.0004224285403319365 -1.4586918903687345 0.00086035486048768395 -1.4586074046606681 0.5 1.4600971388512112 8.3085013085827359 OK 15 14 0.57355 0.46518599999999999 0.21884500000000001 0.34403099999999998 0.21201600000000001 0 0.22951900000000003 0.25317000000000001 0.21884500000000001 0.013535 0.01353 0.012747 0.17952299999999996 0.2069180000000001 0.17381199999999999 0.005646 0.0055120000000000004 0.0055750000000000001 0.0011460000000000001 0.0011230000000000001 0.0011090000000000002 8.3084962633845247 8.3084962633845247 8.3084962633845247 0.0036914800294464462 0.0036914800294464462 0.0036914800294464462 1 1 1 Converged Converged Converged OK OK OK 107 107 107 107 107 107 5 5 5 0 0 0 0 1 0 0 1
115 115 linear 4 0 1154 0 0.0001 1.9599718681909375 0.00076065753405687151 0.0004224285403319365 -1.4586918903687345 0.00086035486048768395 -1.4587763760768009 0.5 1.460266110267344 8.6315938181738581 OK 15 14 0.60991200000000001 0.60753599999999996 0.26036599999999999 0.34371600000000002 0.34554699999999999 0 0.26619599999999999 0.26198899999999997 0.26036599999999999 0.014048 0.014763999999999999 0.013724 0.20484599999999992 0.19997099999999998 0.19962399999999994 0.0064120000000000002 0.0063890000000000006 0.006399000000000001 0.0013009999999999999 0.001284 0.0012619999999999999 8.6315886511829873 8.6315886511829873 8.6315886511829873 0.00067496645096523189 0.00067496645096523189 0.00067496645096523189 1 1 1 Converged Converged Converged OK OK OK 123 123 123 123 123 123 5 5 5 0 0 0 0 0 1 0 0
115 115 linear 4 7 1154 1 0.0001 1.9599718681909375 0.00076065753405687151 0.0004224285403319365 -1.4586918903687345 0.00086035486048768395 -1.4587249499936301 0.5 1.4602146841841732 8.5289012771697461 OK 15 14 0.60297800000000001 0.49280299999999999 0.248443 0.346914 0.20517199999999999 0 0.25606400000000001 0.28763099999999997 0.248443 0.013592 0.013488 0.012721 0.20433999999999986 0.23615399999999995 0.19828499999999996 0.0064939999999999998 0.0064980000000000003 0.0064080000000000005 0.0012780000000000001 0.0012799999999999999 0.001248 8.5288961311785751 8.5288961311785751 8.5288961311785751 0.00067672655301564673 0.00067672655301564673 0.00067672655301564673 1 1 1 Converged Converged Converged OK OK OK 123 123 123 123 123 123 5 5 5 0 0 0 0 1 0 0 1
115 115 linear 4 15 1154 2 0.0001 1.9599718681909375 0.00076065753405687151 0.0004224285403319365 -1.4586918903687345 0.00086035486048768395 -1.458666177327149 0.5 1.4601559115176921 8.4163350381840729 OK 15 14 0.61914999999999998 0.50109999999999999 0.25070500000000001 0.36474000000000001 0.21812899999999999 0 0.25440999999999997 0.28297099999999997 0.25070500000000001 0.013446 0.013547 0.01281 0.20270799999999997 0.23118099999999991 0.20034700000000008 0.0065199999999999989 0.0066109999999999988 0.0065049999999999995 0.0012669999999999999 0.001274 0.001243 8.4163299621933181 8.4163299621933181 8.4163299621933181 0.00067883063385365766 0.00067883063385365766 0.00067883063385365766 1 1 1 Converged Converged Converged OK OK OK 123 123 123 123 123 123 5 5 5 0 0 0 0 1 0 0 1
115 115 linear 4 23 1154 3 0.0001 1.9599718681909375 0.00076065753405687151 0.0004224285403319365 -1.4586918903687345 0.00086035486048768395 -1.4586074046606681 0.5 1.4600971388512112 8.3085013085827359 OK 15 14 0.599607 0.48977599999999999 0.243256 0.34910999999999998 0.20921300000000001 0 0.25049700000000003 0.28056300000000001 0.243256 0.013561999999999999 0.013501000000000001 0.012756999999999999 0.19891800000000009 0.22921900000000003 0.193076 0.0064450000000000002 0.0064619999999999999 0.0065129999999999997 0.0012530000000000002 0.001261 0.0012450000000000002 8.3084962644404126 8.3084962644404126 8.3084962644404126 0.00068101466219604688 0.00068101466219604688 0.00068101466219604688 1 1 1 Converged Converged Converged OK OK OK 123 123 123 123 123 123 5 5 5 0 0 0 0 1 0 0 1
115 115 uniform 0 0 1155 0 0.001 1.9599718681909375 0.00076065753405687151 0.0004224285403319365 0.0014195678434221603 5.6351400808077953e-05 0.0013350821353557731 0 0.00015465205518740643 3715.5647489372814 OK 15 14 0.97214999999999996 0.94855 0.31856400000000001 0.63976299999999997 0.62752300000000005 0 0.33238699999999999 0.32102699999999995 0.31856400000000001 0.013244000000000001 0.011998999999999999 0.011658999999999999 0.25753399999999993 0.24801200000000009 0.24726999999999993 0.0074409999999999997 0.0082190000000000006 0.0074710000000000002 0.0019089999999999999 0.0019350000000000003 0.0019289999999999999 3715.5662791884579 3715.5662791884579 3715.5662791884579 2.1048788633926292 2.1048788633926292 2.1048788633926292 1 1 1 Converged Converged Converged OK OK OK 165 165 165 165 165 165 11 11 11 0 0 0 0 0 1 0 0
115 115 uniform 0 7 1155 1 0.001 1.9599718681909375 0.00076065753405687151 0.0004224285403319365 0.0014195678434221603 5.6351400808077953e-05 0.0013865082185266174 0 0.00010322597201656205 3461.5643276283431 OK 15 14 0.90988899999999995 1.009369 0.27532499999999999 0.632942 0.479244 0 0.27694699999999994 0.53012499999999996 0.27532499999999999 0.010278000000000001 0.010527 0.0099089999999999994 0.23043499999999986 0.48240600000000017 0.2299159999999999 0.0062989999999999999 0.0067339999999999987 0.0063830000000000007 0.0016800000000000001 0.0017699999999999999 0.0017459999999999999 3461.4978507717783 3461.4978507717783 3461.4978507717783 2.9908474261698235 2.9908474261698235 2.9908474261698235 1 1 1 Converged Converged Converged OK OK OK 149 149 149 149 149 149 11 11 11 0 0 0 0 1 0 0 1
115 115 uniform 0 15 1155 2 0.001 1.9599718681909375 0.00076065753405687151 0.0004224285403319365 0.0014195678434221603 5.6351400808077953e-05 0.0014452808850075826 0 4.4453305535596893e-05 3103.7015222183477 OK 15 14 0.86765400000000004 0.98780500000000004 0.31728200000000001 0.54523900000000003 0.396478 0 0.32241500000000001 0.59132700000000005 0.31728200000000001 0.013452 0.013996 0.013006 0.26478000000000018 0.53149199999999996 0.25981300000000002 0.0082760000000000004 0.0087620000000000007 0.0085880000000000001 0.0015290000000000002 0.0015109999999999998 0.001518 3103.7012272779816 3103.7012272779816 3103.7012272779816 3.0212674638203354 3.0212674638203354 3.0212674638203354 1 1 1 Converged Converged Converged OK OK OK 166 166 166 166 166 166 10 10 10 0 0 0 0 1 0 0 1
115 115 uniform 0 23 1155 3 0.001 1.9599718681909375 0.00076065753405687151 0.0004224285403319365 0.0014195678434221603 5.6351400808077953e-05 0.0015040535514885475 0 -1.4319360945368046e-05 2752.4664639312105 OK 15 14 0.82844600000000002 0.92500199999999999 0.32916400000000001 0.49903599999999998 0.34531800000000001 0 0.32941000000000004 0.57968399999999998 0.32916400000000001 0.014133 0.013847999999999999 0.012765 0.272171 0.52196100000000001 0.27458399999999983 0.0089960000000000023 0.0093949999999999988 0.0083860000000000011 0.0015160000000000002 0.0015070000000000001 0.0014220000000000001 2752.4349060353347 2752.4349060353347 2752.4349060353347 2.5062299612303311 2.5062299612303311 2.5062299612303311 1 1 1 Converged Converged Converged OK OK OK 166 166 166 166 166 166 10 10 10 0 0 0 0 1 0 0 1
115 115 uniform 0 0 1155 0 0.0001 1.9599718681909375 0.00076065753405687151 0.0004224285403319365 0.0014195678434221603 5.6351400808077953e-05 0.0013350821353557731 0 0.00015465205518740643 3715.5647489372814 OK 15 14 0.99004300000000001 0.97489199999999998 0.34077000000000002 0.64024199999999998 0.62885599999999997 0 0.34980100000000003 0.34603600000000001 0.34077000000000002 0.013328 0.012134000000000001 0.011565000000000001 0.26578700000000022 0.26237399999999994 0.25972799999999985 0.0083030000000000014 0.0097280000000000005 0.0086990000000000019 0.0022140000000000003 0.0025509999999999999 0.0023890000000000001 3715.5662467322736 3715.5662467322736 3715.5662467322736 0.33488233983324645 0.33488233983324645 0.33488233983324645 1 1 1 Converged Converged Converged OK OK OK 181 181 181 181 181 181 11 11 11 0 0 0 0 0 1 0 0
115 115 uniform 0 7 1155 1 0.0001 1.9599718681909375 0.00076065753405687151 0.0004224285403319365 0.0014195678434221603 5.6351400808077953e-05 0.0013865082185266174 0 0.00010322597201656205 3461.5643276283431 OK 15 14 0.98708799999999997 1.2081809999999999 0.36135699999999998 0.62362099999999998 0.47506999999999999 0 0.36346699999999998 0.73311099999999996 0.36135699999999998 0.010584 0.010784999999999999 0.01507 0.29623300000000014 0.66542299999999943 0.29105099999999989 0.010938 0.010974000000000001 0.010672000000000001 0.0024659999999999999 0.0025570000000000002 0.0024030000000000002 3461.5658413973974 3461.5658413973974 3461.5658413973974 0.26839606144728728 0.26839606144728728 0.26839606144728728 1 1 1 Converged Converged Converged OK OK OK 205 205 205 205 205 205 11 11 11 0 0 0 0 1 0 0 1
115 115 uniform 0 15 1155 2 0.0001 1.9599718681909375 0.00076065753405687151 0.0004224285403319365 0.0014195678434221603 5.6351400808077953e-05 0.0014452808850075826 0 4.4453305535596893e-05 3103.7015222183477 OK 15 14 0.89064900000000002 1.0280180000000001 0.34031699999999998 0.55154700000000001 0.40180700000000003 0 0.33910200000000001 0.62621100000000007 0.34031699999999998 0.013779 0.01422 0.01295 0.2771030000000001 0.562697 0.28007200000000004 0.0097999999999999997 0.010565000000000001 0.0093679999999999996 0.0019340000000000002 0.0020239999999999998 0.0020010000000000002 3103.6951293249613 3103.6951293249613 3103.6951293249613 0.20585638337973142 0.20585638337973142 0.20585638337973142 1 1 1 Converged Converged Converged OK OK OK 182 182 182 182 182 182 10 10 10 0 0 0 0 1 0 0 1
115 115 uniform 0 23 1155 3 0.0001 1.9599718681909375 0.00076065753405687151 0.0004224285403319365 0.0014195678434221603 5.6351400808077953e-05 0.0015040535514885475 0 -1.4319360945368046e-05 2752.4664639312105 OK 15 14 0.84520399999999996 0.97497699999999998 0.35114699999999999 0.49598999999999999 0.34718300000000002 0 0.34921399999999997 0.62779399999999996 0.35114699999999999 0.013859 0.014123999999999999 0.014045 0.2861700000000002 0.56368899999999988 0.29001399999999988 0.010543999999999998 0.010613000000000001 0.0092270000000000008 0.001848 0.0018489999999999999 0.0018 2752.4305920919105 2752.4305920919105 2752.4305920919105 0.088433593977341227 0.088433593977341227 0.088433593977341227 1 1 1 Converged Converged Converged OK OK OK 182 182 182 182 182 182 10 10 10 0 0 0 0 1 0 0 1
115 115 uniform 1 0 1156 0 0.001 1.9599718681909375 0.00076065753405687151 0.0004224285403319365 -1.4420750108918317 0.0043907603621731357 -1.4421594965998981 0 1.4436492307904412 5.6178434631466398 OK 14 13 0.45969700000000002 0.45749400000000001 0.11518200000000001 0.343086 0.34204000000000001 0 0.11661100000000002 0.115454 0.11518200000000001 0.011939999999999999 0.011721000000000001 0.011261999999999999 0.079747000000000026 0.079634999999999997 0.07918 0.0031689999999999999 0.003101 0.0030659999999999997 0.00084600000000000007 0.00084500000000000005 0.00083299999999999997 5.6178433073056571 5.6178433073056571 5.6178433073056571 0.0023787867184792747 0.0023787867184792747 0.0023787867184792747 1 1 1 Converged Converged Converged OK OK OK 74 74 74 74 74 74 6 6 6 0 0 0 0 0 1 0 0
115 115 uniform 1 7 1156 1 0.001 1.9599718681909375 0.00076065753405687151 0.0004224285403319365 -1.4420750108918317 0.0043907603621731357 -1.4421080705167273 0 1.4435978047072704 5.0622038575630954 OK 14 13 0.66410100000000005 0.540045 0.10641 0.55727700000000002 0.41215200000000002 0 0.10682400000000003 0.12789299999999998 0.10641 0.010958000000000001 0.010976 0.010277 0.076847999999999958 0.098037000000000041 0.077054000000000011 0.0030200000000000001 0.0030249999999999999 0.0030759999999999997 0.00078899999999999999 0.00078799999999999986 0.00086300000000000005 5.0622035976735864 5.0622035976735864 5.0622035976735864 0.0017067901743931611 0.0017067901743931611 0.0017067901743931611 1 1 1 Converged Converged Converged OK OK OK 74 74 74 74 74 74 6 6 6 0 0 0 0 1 0 0 1
115 115 uniform 1 15 1156 2 0.001 1.9599718681909375 0.00076065753405687151 0.0004224285403319365 -1.4420750108918317 0.0043907603621731357 -1.4420492978502462 0 1.4435390320407893 4.4031178544253944 OK 14 13 0.42968299999999998 0.326353 0.106462 0.32149299999999997 0.18651699999999999 0 0.10819000000000001 0.13983600000000002 0.106462 0.010912 0.011089 0.010324 0.077989000000000017 0.10964299999999999 0.077626000000000001 0.003104 0.0030970000000000004 0.0030010000000000002 0.00089799999999999993 0.00083099999999999992 0.00084299999999999989 4.4031174599001428 4.4031174599001428 4.4031174599001428 0.001159155000248464 0.001159155000248464 0.001159155000248464 1 1 1 Converged Converged Converged OK OK OK 74 74 74 74 74 74 6 6 6 0 0 0 0 1 0 0 1
115 115 uniform 1 23 1156 3 0.001 1.9599718681909375 0.00076065753405687151 0.0004224285403319365 -1.4420750108918317 0.0043907603621731357 -1.4419905251837652 0 1.4434802593743083 3.7192405339481485 OK 14 13 0.60620099999999999 0.50089799999999995 0.110162 0.49446099999999998 0.36087599999999997 0 0.11174000000000001 0.14002199999999998 0.110162 0.011013 0.010958000000000001 0.010227 0.081929000000000016 0.11017199999999999 0.081583999999999976 0.0030530000000000002 0.0030860000000000002 0.0029399999999999999 0.00078799999999999996 0.00075599999999999994 0.0007719999999999999 3.7192405145005205 3.7192405145005205 3.7192405145005205 0.0010130763259602763 0.0010130763259602763 0.0010130763259602763 1 1 1 Converged Converged Converged OK OK OK 74 74 74 74 74 74 6 6 6 0 0 0 0 1 0 0 1
115 115 uniform 1 0 1156 0 0.0001 1.9599718681909375 0.00076065753405687151 0.0004224285403319365 -1.4420750108918317 0.0043907603621731357 -1.4421594965998981 0 1.4436492307904412 5.6178434631466398 OK 14 13 0.49249300000000001 0.49243100000000001 0.14844199999999999 0.34364699999999998 0.34535500000000002 0 0.14884600000000003 0.14707599999999998 0.14844199999999999 0.011903 0.011852 0.011424 0.10339299999999997 0.10107300000000001 0.10330100000000006 0.0042959999999999995 0.0044599999999999996 0.0043169999999999997 0.0011569999999999998 0.0011789999999999999 0.0011530000000000002 5.6178432700894634 5.6178432700894634 5.6178432700894634 0.00031665320070255095 0.00031665320070255095 0.00031665320070255095 1 1 1 Converged Converged Converged OK OK OK 98 98 98 98 98 98 6 6 6 0 0 0 0 0 1 0 0
115 115 uniform 1 7 1156 1 0.0001 1.9599718681909375 0.00076065753405687151 0.0004224285403319365 -1.4420750108918317 0.0043907603621731357 -1.4421080705167273 0 1.4435978047072704 5.0622038575630954 OK 14 13 0.69151099999999999 0.58956500000000001 0.13455600000000001 0.55548699999999995 0.41007100000000002 0 0.13602400000000003 0.17949399999999999 0.13455600000000001 0.010902 0.010931 0.010285000000000001 0.099363000000000035 0.14208400000000004 0.098825999999999969 0.0041700000000000001 0.004313 0.0041380000000000002 0.0010709999999999999 0.0011239999999999998 0.001075 5.06220358561706 5.06220358561706 5.06220358561706 0.00031489914559553888 0.00031489914559553888 0.00031489914559553888 1 1 1 Converged Converged Converged OK OK OK 98 98 98 98 98 98 6 6 6 0 0 0 0 1 0 0 1
115 115 uniform 1 15 1156 2 0.0001 1.9599718681909375 0.00076065753405687151 0.0004224285403319365 -1.4420750108918317 0.0043907603621731357 -1.4420492978502462 0 1.4435390320407893 4.4031178544253944 OK 14 13 0.45886300000000002 0.376523 0.135185 0.32260699999999998 0.191631 0 0.13625600000000004 0.184892 0.135185 0.010782 0.01102 0.010349000000000001 0.09976700000000005 0.14778900000000003 0.099493999999999985 0.0042699999999999995 0.0043110000000000006 0.0041829999999999992 0.0011099999999999999 0.001134 0.0011119999999999999 4.4031174579698815 4.4031174579698815 4.4031174579698815 0.0003360137600792919 0.0003360137600792919 0.0003360137600792919 1 1 1 Converged Converged Converged OK OK OK 98 98 98 98 98 98 6 6 6 0 0 0 0 1 0 0 1
115 115 uniform 1 23 1156 3 0.0001 1.9599718681909375 0.00076065753405687151 0.0004224285403319365 -1.4420750108918317 0.0043907603621731357 -1.4419905251837652 0 1.4434802593743083 3.7192405339481485 OK 14 13 0.635409 0.53482499999999999 0.13932900000000001 0.49295800000000001 0.35660599999999998 0 0.14245099999999999 0.17821900000000002 0.13932900000000001 0.011070999999999999 0.01095 0.010240000000000001 0.10477800000000004 0.14115499999999997 0.104085 0.0045050000000000003 0.0044500000000000008 0.004182 0.0011649999999999998 0.0011200000000000001 0.0010510000000000001 3.7192403088715937 3.7192403088715937 3.7192403088715937 0.00032525002414987174 0.00032525002414987174 0.00032525002414987174 1 1 1 Converged Converged Converged OK OK OK 98 98 98 98 98 98 6 6 6 0 0 0 0 1 0 0 1
115 115 uniform 2 0 1157 0 0.001 1.9599718681909375 0.00076065753405687151 0.0004224285403319365 0.0016332206677331243 0.00024733848153663933 0.0015487349596667371 0 -5.9000769123557619e-05 2551.1188292974707 OK 15 14 0.88278999999999996 0.87690100000000004 0.31418400000000002 0.56641600000000003 0.55772299999999997 0 0.31637399999999993 0.31917800000000007 0.31418400000000002 0.012193000000000001 0.01235 0.012024999999999999 0.24717400000000006 0.24679399999999999 0.24555099999999999 0.0071269999999999997 0.0075890000000000003 0.0071089999999999999 0.0019729999999999999 0.002078 0.0020010000000000002 2551.1318290937552 2551.1318290937552 2551.1318290937552 1.5913878375496948 1.5913878375496948 1.5913878375496948 1 1 1 Converged Converged Converged OK OK OK 157 157 157 157 157 157 11 11 11 0 0 0 0 0 1 0 0
115 115 uniform 2 7 1157 1 0.001 1.9599718681909375 0.00076065753405687151 0.0004224285403319365 0.0016332206677331243 0.00024733848153663933 0.0016001610428375815 0 -0.00011042685229440199 2032.6501863306585 OK 15 14 0.939168 0.93828100000000003 0.34857399999999999 0.58342400000000005 0.43333300000000002 0 0.35574399999999995 0.50494799999999995 0.34857399999999999 0.010884 0.010756999999999999 0.0099299999999999996 0.3059440000000001 0.45243999999999995 0.30190299999999998 0.0086770000000000007 0.010378 0.0080149999999999996 0.0015840000000000001 0.0017849999999999999 0.0016459999999999999 2032.651498076001 2032.651498076001 2032.651498076001 2.0018013498441376 2.0018013498441376 2.0018013498441376 1 1 1 Converged Converged Converged OK OK OK 157 157 157 157 157 157 11 11 11 0 0 0 0 1 0 0 1
115 115 uniform 2 15 1157 2 0.001 1.9599718681909375 0.00076065753405687151 0.0004224285403319365 0.0016332206677331243 0.00024733848153663933 0.0016589337093185466 0 -0.00016919951877536715 1603.5496163377559 OK 16 15 0.853016 0.85922699999999996 0.34727599999999997 0.50324599999999997 0.36638700000000002 0 0.34977000000000003 0.49283999999999994 0.34727599999999997 0.014159 0.015584000000000001 0.013266999999999999 0.28330599999999995 0.42305399999999999 0.28361899999999995 0.0098910000000000005 0.010450000000000001 0.0092489999999999985 0.0018990000000000003 0.0020070000000000001 0.0017440000000000001 1603.5535460768979 1603.5535460768979 1603.5535460768979 1.1134385210149038 1.1134385210149038 1.1134385210149038 1 1 1 Converged Converged Converged OK OK OK 159 159 159 159 159 159 9 9 9 0 0 0 0 1 0 0 1
115 115 uniform 2 23 1157 3 0.001 1.9599718681909375 0.00076065753405687151 0.0004224285403319365 0.0016332206677331243 0.00024733848153663933 0.0017177063757995116 0 -0.00022797218525633209 1431.4181586855993 OK 16 15 0.81463699999999994 0.775057 0.26548100000000002 0.54722800000000005 0.40246500000000002 0 0.2674089999999999 0.37259199999999998 0.26548100000000002 0.013276 0.013565000000000001 0.012671 0.21677800000000011 0.32118700000000006 0.21614299999999995 0.0063350000000000004 0.006796 0.0063850000000000001 0.0015009999999999999 0.001611 0.0015739999999999999 1431.42017607291 1431.42017607291 1431.42017607291 1.3362420459155697 1.3362420459155697 1.3362420459155697 1 1 1 Converged Converged Converged OK OK OK 127 127 127 127 127 127 9 9 9 0 0 0 0 1 0 0 1
115 115 uniform 2 0 1157 0 0.0001 1.9599718681909375 0.00076065753405687151 0.0004224285403319365 0.0016332206677331243 0.00024733848153663933 0.0015487349596667371 0 -5.9000769123557619e-05 2551.1188292974707 OK 15 14 0.95248200000000005 0.93971499999999997 0.37450899999999998 0.574681 0.56676400000000005 0 0.37780100000000005 0.37295099999999992 0.37450899999999998 0.016879999999999999 0.012407 0.012068000000000001 0.28491400000000028 0.28329100000000013 0.2867789999999999 0.0093600000000000003 0.010237000000000001 0.010002999999999998 0.0024799999999999996 0.002807 0.0025870000000000003 2551.1328650280861 2551.1328650280861 2551.1328650280861 0.077035853027484155 0.077035853027484155 0.077035853027484155 1 1 1 Converged Converged Converged OK OK OK 197 197 197 197 197 197 11 11 11 0 0 0 0 0 1 0 0
115 115 uniform 2 7 1157 1 0.0001 1.9599718681909375 0.00076065753405687151 0.0004224285403319365 0.0016332206677331243 0.00024733848153663933 0.0016001610428375815 0 -0.00011042685229440199 2032.6501863306585 OK 15 14 1.0154989999999999 1.070384 0.429087 0.58427399999999996 0.44229000000000002 0 0.43122499999999997 0.62809399999999993 0.429087 0.010701 0.011058 0.010330000000000001 0.36306700000000008 0.56264400000000026 0.36580000000000001 0.010467000000000002 0.011254000000000002 0.010832999999999999 0.0022600000000000003 0.0024900000000000005 0.0022820000000000002 2032.6506207618365 2032.6506207618365 2032.6506207618365 0.086423641804001694 0.086423641804001694 0.086423641804001694 1 1 1 Converged Converged Converged OK OK OK 205 205 205 205 205 205 11 11 11 0 0 0 0 1 0 0 1
115 115 uniform 2 15 1157 2 0.0001 1.9599718681909375 0.00076065753405687151 0.0004224285403319365 0.0016332206677331243 0.00024733848153663933 0.0016589337093185466 0 -0.00016919951877536715 1603.5496163377559 OK 16 15 0.90356700000000001 0.93275799999999998 0.40653400000000001 0.50303799999999999 0.36138300000000001 0 0.40052900000000002 0.57137499999999997 0.40653400000000001 0.014249 0.014409 0.014703000000000001 0.32448100000000002 0.49703799999999987 0.33163599999999982 0.013007999999999999 0.011629 0.011651 0.0022210000000000003 0.0021239999999999996 0.002117 1603.5512333170025 1603.5512333170025 1603.5512333170025 0.10191243296563829 0.10191243296563829 0.10191243296563829 1 1 1 Converged Converged Converged OK OK OK 191 191 191 191 191 191 9 9 9 0 0 0 0 1 0 0 1
115 115 uniform 2 23 1157 3 0.0001 1.9599718681909375 0.00076065753405687151 0.0004224285403319365 0.0016332206677331243 0.00024733848153663933 0.0017177063757995116 0 -0.00022797218525633209 1431.4181586855993 OK 16 15 0.960175 1.03908 0.42336299999999999 0.54957400000000001 0.40091399999999999 0 0.41060099999999999 0.63816600000000001 0.42336299999999999 0.014057999999999999 0.013785 0.01703 0.32807300000000006 0.55361299999999991 0.33773200000000009 0.012936999999999999 0.014436000000000001 0.012147999999999999 0.0023089999999999999 0.0023820000000000004 0.0023720000000000004 1431.4186060612669 1431.4186060612669 1431.4186060612669 0.0083585027717059737 0.0083585027717059737 0.0083585027717059737 1 1 1 Converged Converged Converged OK OK OK 207 207 207 207 207 207 9 9 9 0 0 0 0 1 0 0 1
115 115 uniform 3 0 1158 0 0.001 1.9599718681909375 0.00076065753405687151 0.0004224285403319365 -1.4493501340201096 0.012593477790135487 -1.449434619728176 0 1.4509243539187191 3.6938106635118682 OK 13 12 0.41418100000000002 0.41634599999999999 0.071679999999999994 0.34200199999999997 0.34434500000000001 0 0.072179000000000049 0.072000999999999982 0.071679999999999994 0.0088850000000000005 0.0088529999999999998 0.0087290000000000006 0.047420999999999998 0.04747599999999999 0.047182999999999996 0.002196 0.0022029999999999997 0.0021050000000000001 0.00055699999999999999 0.000553 0.00054000000000000001 3.6938106264563224 3.6938106264563224 3.6938106264563224 0.0011137520193262801 0.0011137520193262801 0.0011137520193262801 1 1 1 Converged Converged Converged OK OK OK 45 45 45 45 45 45 3 3 3 0 0 0 0 0 1 0 0
115 115 uniform 3 7 1158 1 0.001 1.9599718681909375 0.00076065753405687151 0.0004224285403319365 -1.4493501340201096 0.012593477790135487 -1.4493831936450052 0 1.4508729278355483 3.852078566087942 OK 13 12 0.43015500000000001 0.31211100000000003 0.073393 0.35896800000000001 0.21501300000000001 0 0.071187 0.097098000000000018 0.073393 0.0082400000000000008 0.008286 0.0077390000000000002 0.048849000000000004 0.07488199999999999 0.052092000000000013 0.0022030000000000001 0.0022520000000000001 0.0021879999999999998 0.00055199999999999997 0.00054299999999999997 0.00052599999999999999 3.8520785388850189 3.8520785388850189 3.8520785388850189 0.0011687937544796517 0.0011687937544796517 0.0011687937544796517 1 1 1 Converged Converged Converged OK OK OK 45 45 45 45 45 45 3 3 3 0 0 0 0 1 0 0 1
115 115 uniform 3 15 1158 2 0.001 1.9599718681909375 0.00076065753405687151 0.0004224285403319365 -1.4493501340201096 0.012593477790135487 -1.4493244209785241 0 1.4508141551690672 4.0719438525947202 OK 13 12 0.49628499999999998 0.38893499999999998 0.070878999999999998 0.42370200000000002 0.28960000000000002 0 0.072582999999999953 0.099334999999999951 0.070878999999999998 0.0082900000000000005 0.0084290000000000007 0.0076670000000000002 0.050214999999999996 0.076866000000000032 0.049759999999999999 0.0021780000000000002 0.002209 0.0021410000000000001 0.00055900000000000004 0.00055500000000000005 0.00053499999999999999 4.0719438205764327 4.0719438205764327 4.0719438205764327 0.0012286911687915051 0.0012286911687915051 0.0012286911687915051 1 1 1 Converged Converged Converged OK OK OK 45 45 45 45 45 45 3 3 3 0 0 0 0 1 0 0 1
115 115 uniform 3 23 1158 3 0.001 1.9599718681909375 0.00076065753405687151 0.0004224285403319365 -1.4493501340201096 0.012593477790135487 -1.4492656483120432 0 1.4507553825025863 4.3550639323632137 OK 13 12 0.44811699999999999 0.32868900000000001 0.072480000000000003 0.373666 0.23150399999999999 0 0.074450999999999989 0.097185000000000021 0.072480000000000003 0.0081600000000000006 0.0082199999999999999 0.007705 0.052141999999999994 0.075003999999999987 0.051442999999999989 0.0022530000000000002 0.0022420000000000001 0.0021310000000000001 0.00055800000000000001 0.00054699999999999996 0.00052300000000000003 4.3550638415485485 4.3550638415485485 4.3550638415485485 0.0012586410127958141 0.0012586410127958141 0.0012586410127958141 1 1 1 Converged Converged Converged OK OK OK 45 45 45 45 45 45 3 3 3 0 0 0 0 1 0 0 1
115 115 uniform 3 0 1158 0 0.0001 1.9599718681909375 0.00076065753405687151 0.0004224285403319365 -1.4493501340201096 0.012593477790135487 -1.449434619728176 0 1.4509243539187191 3.6938106635118682 OK 13 12 0.459617 0.45868599999999998 0.117879 0.33909800000000001 0.34001500000000001 0 0.12051899999999999 0.11867099999999997 0.117879 0.0090980000000000002 0.0089020000000000002 0.0086199999999999992 0.083417999999999992 0.082404000000000005 0.082055000000000045 0.0039459999999999999 0.003826 0.0037920000000000002 0.00078000000000000009 0.00080699999999999999 0.00079600000000000005 3.6938106369034767 3.6938106369034767 3.6938106369034767 2.5554805487534338e-05 2.5554805487534338e-05 2.5554805487534338e-05 1 1 1 Converged Converged Converged OK OK OK 77 77 77 77 77 77 3 3 3 0 0 0 0 0 1 0 0
115 115 uniform 3 7 1158 1 0.0001 1.9599718681909375 0.00076065753405687151 0.0004224285403319365 -1.4493501340201096 0.012593477790135487 -1.4493831936450052 0 1.4508729278355483 3.852078566087942 OK 13 12 0.47484399999999999 0.37879099999999999 0.11648799999999999 0.35904000000000003 0.21030399999999999 0 0.11580399999999996 0.168487 0.11648799999999999 0.0082819999999999994 0.0083540000000000003 0.0077270000000000004 0.083306999999999964 0.13619300000000006 0.085674999999999973 0.0038339999999999997 0.0039040000000000004 0.0038590000000000005 0.00076900000000000004 0.00076600000000000008 0.00075900000000000002 3.8520785509051869 3.8520785509051869 3.8520785509051869 2.5567387263154349e-05 2.5567387263154349e-05 2.5567387263154349e-05 1 1 1 Converged Converged Converged OK OK OK 77 77 77 77 77 77 3 3 3 0 0 0 0 1 0 0 1
115 115 uniform 3 15 1158 2 0.0001 1.9599718681909375 0.00076065753405687151 0.0004224285403319365 -1.4493501340201096 0.012593477790135487 -1.4493244209785241 0 1.4508141551690672 4.0719438525947202 OK 13 12 0.52147399999999999 0.42012899999999997 0.095263 0.424597 0.29130400000000001 0 0.096876999999999991 0.12882499999999997 0.095263 0.0082760000000000004 0.0083129999999999992 0.0076959999999999997 0.069575000000000012 0.10156600000000002 0.069359000000000018 0.003091 0.0031159999999999998 0.0030200000000000001 0.00068099999999999996 0.00069699999999999992 0.00064800000000000003 4.0719438268691288 4.0719438268691288 4.0719438268691288 0.00038759579831304047 0.00038759579831304047 0.00038759579831304047 1 1 1 Converged Converged Converged OK OK OK 61 61 61 61 61 61 3 3 3 0 0 0 0 1 0 0 1
115 115 uniform 3 23 1158 3 0.0001 1.9599718681909375 0.00076065753405687151 0.0004224285403319365 -1.4493501340201096 0.012593477790135487 -1.4492656483120432 0 1.4507553825025863 4.3550639323632137 OK 13 12 0.47436 0.35582999999999998 0.096241999999999994 0.37656499999999998 0.22950999999999999 0 0.097795000000000021 0.12631999999999999 0.096241999999999994 0.0081840000000000003 0.0081539999999999998 0.0076990000000000001 0.070895 0.099700000000000011 0.070376999999999995 0.0030839999999999999 0.0030389999999999996 0.0029810000000000001 0.00068300000000000001 0.00066 0.00065700000000000003 4.3550638056689683 4.3550638056689683 4.3550638056689683 0.0003877170599577054 0.0003877170599577054 0.0003877170599577054 1 1 1 Converged Converged Converged OK OK OK 61 61 61 61 61 61 3 3 3 0 0 0 0 1 0 0 1
115 115 uniform 4 0 1159 0 0.001 1.9599718681909375 0.00076065753405687151 0.0004224285403319365 -1.4586918903687345 0.00086035486048768395 -1.4587763760768009 0 1.460266110267344 8.6460005264207673 OK 15 14 0.48789900000000003 0.48753099999999999 0.140016 0.34626800000000002 0.34653 0 0.14163100000000001 0.14100099999999999 0.140016 0.014505000000000001 0.014458 0.01397 0.098726999999999981 0.09839100000000002 0.098242999999999997 0.0036259999999999999 0.003558 0.0035079999999999998 0.00090699999999999993 0.00088500000000000015 0.00087000000000000001 8.6460009344170121 8.6460009344170121 8.6460009344170121 0.0045124397273156548 0.0045124397273156548 0.0045124397273156548 1 1 1 Converged Converged Converged OK OK OK 75 75 75 75 75 75 5 5 5 0 0 0 0 0 1 0 0
115 115 uniform 4 7 1159 1 0.001 1.9599718681909375 0.00076065753405687151 0.0004224285403319365 -1.4586918903687345 0.00086035486048768395 -1.4587249499936301 0 1.4602146841841732 8.5422691870373075 OK 15 14 0.47509600000000002 0.35925499999999999 0.13142200000000001 0.34156700000000001 0.20272699999999999 0 0.13352900000000001 0.156528 0.13142200000000001 0.013497 0.013528 0.012661 0.097221000000000016 0.12016399999999999 0.096456 0.0036470000000000005 0.0036569999999999997 0.0036019999999999997 0.00086600000000000002 0.00088499999999999994 0.00085099999999999998 8.54226950862002 8.54226950862002 8.54226950862002 0.004255656632036928 0.004255656632036928 0.004255656632036928 1 1 1 Converged Converged Converged OK OK OK 75 75 75 75 75 75 5 5 5 0 0 0 0 1 0 0 1
115 115 uniform 4 15 1159 2 0.001 1.9599718681909375 0.00076065753405687151 0.0004224285403319365 -1.4586918903687345 0.00086035486048768395 -1.458666177327149 0 1.4601559115176921 8.4286408120853569 OK 15 14 0.49282799999999999 0.37312200000000001 0.129218 0.36154700000000001 0.216474 0 0.13128099999999998 0.15664800000000001 0.129218 0.013576 0.013616 0.01269 0.094841999999999996 0.12030899999999996 0.094202999999999981 0.00363 0.0036239999999999996 0.0035620000000000001 0.00087000000000000001 0.00087699999999999996 0.00085599999999999999 8.4286410533087253 8.4286410533087253 8.4286410533087253 0.003997890271038463 0.003997890271038463 0.003997890271038463 1 1 1 Converged Converged Converged OK OK OK 75 75 75 75 75 75 5 5 5 0 0 0 0 1 0 0 1
115 115 uniform 4 23 1159 3 0.001 1.9599718681909375 0.00076065753405687151 0.0004224285403319365 -1.4586918903687345 0.00086035486048768395 -1.4586074046606681 0 1.4600971388512112 8.3198599887984734 OK 15 14 0.47637400000000002 0.367815 0.12857399999999999 0.34583999999999998 0.210397 0 0.13053400000000004 0.157418 0.12857399999999999 0.013471 0.013613 0.012722000000000001 0.094264999999999988 0.12124099999999999 0.093789000000000025 0.0035979999999999996 0.0036389999999999999 0.0035339999999999998 0.0008879999999999999 0.00087500000000000002 0.00084400000000000002 8.3198601660351343 8.3198601660351343 8.3198601660351343 0.0037729415818455966 0.0037729415818455966 0.0037729415818455966 1 1 1 Converged Converged Converged OK OK OK 75 75 75 75 75 75 5 5 5 0 0 0 0 1 0 0 1
115 115 uniform 4 0 1159 0 0.0001 1.9599718681909375 0.00076065753405687151 0.0004224285403319365 -1.4586918903687345 0.00086035486048768395 -1.4587763760768009 0 1.460266110267344 8.6460005264207673 OK 15 14 0.54739700000000002 0.54828399999999999 0.20114000000000001 0.34405200000000002 0.34140199999999998 0 0.203345 0.20688200000000001 0.20114000000000001 0.014361000000000001 0.013991999999999999 0.013811 0.14842799999999998 0.15321399999999999 0.14752900000000008 0.0052559999999999994 0.0052550000000000001 0.0052480000000000001 0.0011850000000000001 0.00116 0.0011339999999999998 8.6460004666586983 8.6460004666586983 8.6460004666586983 0.00075002591874618425 0.00075002591874618425 0.00075002591874618425 1 1 1 Converged Converged Converged OK OK OK 107 107 107 107 107 107 5 5 5 0 0 0 0 0 1 0 0
115 115 uniform 4 7 1159 1 0.0001 1.9599718681909375 0.00076065753405687151 0.0004224285403319365 -1.4586918903687345 0.00086035486048768395 -1.4587249499936301 0 1.4602146841841732 8.5422691870373075 OK 15 14 0.53483800000000004 0.42462800000000001 0.192826 0.34320299999999998 0.20030700000000001 0 0.19163500000000006 0.22432099999999999 0.192826 0.013566999999999999 0.013448 0.012649000000000001 0.145568 0.17838100000000004 0.14806700000000003 0.0052980000000000006 0.0053310000000000007 0.0052969999999999996 0.0011310000000000001 0.001122 0.001101 8.5422691294769315 8.5422691294769315 8.5422691294769315 0.0007479917053541395 0.0007479917053541395 0.0007479917053541395 1 1 1 Converged Converged Converged OK OK OK 107 107 107 107 107 107 5 5 5 0 0 0 0 1 0 0 1
115 115 uniform 4 15 1159 2 0.0001 1.9599718681909375 0.00076065753405687151 0.0004224285403319365 -1.4586918903687345 0.00086035486048768395 -1.458666177327149 0 1.4601559115176921 8.4286408120853569 OK 15 14 0.553485 0.439355 0.19275300000000001 0.36125699999999999 0.21702199999999999 0 0.19222800000000001 0.222333 0.19275300000000001 0.013353 0.016215 0.012699 0.14593799999999998 0.17338900000000007 0.14539100000000002 0.0053140000000000001 0.0053879999999999996 0.0052760000000000003 0.00116 0.001139 0.001098 8.4286407565148274 8.4286407565148274 8.4286407565148274 0.00074573474486442802 0.00074573474486442802 0.00074573474486442802 1 1 1 Converged Converged Converged OK OK OK 107 107 107 107 107 107 5 5 5 0 0 0 0 1 0 0 1
115 115 uniform 4 23 1159 3 0.0001 1.9599718681909375 0.00076065753405687151 0.0004224285403319365 -1.4586918903687345 0.00086035486048768395 -1.4586074046606681 0 1.4600971388512112 8.3198599887984734 OK 15 14 0.53199600000000002 0.42862800000000001 0.18651699999999999 0.34372000000000003 0.20705200000000001 0 0.188276 0.221576 0.18651699999999999 0.013526 0.013573999999999999 0.012704999999999999 0.14238500000000004 0.17541999999999996 0.141934 0.0053309999999999989 0.0054000000000000003 0.0053200000000000001 0.0011199999999999999 0.0011529999999999999 0.0011150000000000001 8.319859934508905 8.319859934508905 8.319859934508905 0.00074355605326109023 0.00074355605326109023 0.00074355605326109023 1 1 1 Converged Converged Converged OK OK OK 107 107 107 107 107 107 5 5 5 0 0 0 0 1 0 0 1
116 116 linear 0 0 1160 0 0.001 0.79783820469000322 0.0001867805246971563 0.012780258705198722 -1.4241306062461739e-06 -0.0019129721378912485 -0.0025574758716459907 0.5 0.0027064686811862845 163.84083441695819 OK 13 12 0.91246400000000005 0.90273700000000001 0.33849299999999999 0.559612 0.56123100000000004 0 0.35285200000000005 0.34150599999999998 0.33849299999999999 0.0069040000000000004 0.0072370000000000004 0.0070070000000000002 0.30603100000000005 0.29291800000000001 0.29077599999999987 0.0066990000000000001 0.0075100000000000002 0.0072579999999999997 0.0010809999999999999 0.0011369999999999998 0.0011179999999999999 163.84299696356808 163.84299696356808 163.84299696356808 0.050702761273158731 0.050702761273158731 0.050702761273158731 1 1 1 Converged Converged Converged OK OK OK 137 137 137 137 137 137 7 7 7 0 0 0 0 0 1 0 0
116 116 linear 0 7 1160 1 0.001 0.79783820469000322 0.0001867805246971563 0.012780258705198722 -1.4241306062461739e-06 -0.0019129721378912485 -0.0010016182901435374 0.5 0.0011506110996838312 165.90125345562262 OK 13 12 0.92439000000000004 0.742564 0.32271699999999998 0.58732499999999999 0.410408 0 0.33706500000000006 0.33215600000000001 0.32271699999999998 0.0061079999999999997 0.0063949999999999996 0.0056499999999999996 0.30021799999999998 0.29300499999999996 0.28707300000000002 0.0067539999999999996 0.0082259999999999989 0.0068469999999999998 0.0011039999999999999 0.001232 0.0010809999999999999 165.90290881745591 165.90290881745591 165.90290881745591 0.050601376585462966 0.050601376585462966 0.050601376585462966 1 1 1 Converged Converged Converged OK OK OK 137 137 137 137 137 137 7 7 7 0 0 0 0 1 0 0 1
116 116 linear 0 15 1160 2 0.001 0.79783820469000322 0.0001867805246971563 0.012780258705198722 -1.4241306062461739e-06 -0.0019129721378912485 0.00077650466014498047 0.5 -0.00062751185060468649 166.05084138558792 OK 13 12 0.86202199999999995 0.70064199999999999 0.33185700000000001 0.51699600000000001 0.34060200000000002 0 0.34502599999999994 0.36003999999999997 0.33185700000000001 0.0062979999999999998 0.0072709999999999997 0.0056290000000000003 0.30659700000000023 0.31752000000000014 0.2968059999999999 0.0077289999999999998 0.0083750000000000005 0.0066809999999999994 0.0012019999999999999 0.001155 0.0010629999999999999 166.05092149137039 166.05092149137039 166.05092149137039 0.050485108129414279 0.050485108129414279 0.050485108129414279 1 1 1 Converged Converged Converged OK OK OK 137 137 137 137 137 137 7 7 7 0 0 0 0 1 0 0 1
116 116 linear 0 23 1160 3 0.001 0.79783820469000322 0.0001867805246971563 0.012780258705198722 -1.4241306062461739e-06 -0.0019129721378912485 0.0025546276104334983 0.5 -0.0024056348008932044 163.84580403107452 OK 13 12 0.85118099999999997 0.68506 0.32106699999999999 0.51485899999999996 0.34501500000000002 0 0.33632200000000001 0.34004499999999999 0.32106699999999999 0.0062389999999999998 0.0063829999999999998 0.0057210000000000004 0.29808999999999997 0.30192399999999991 0.28610199999999991 0.0078320000000000004 0.007698 0.0065890000000000002 0.0011240000000000002 0.001101 0.0010759999999999999 163.84764982997012 163.84764982997012 163.84764982997012 0.05036842107217808 0.05036842107217808 0.05036842107217808 1 1 1 Converged Converged Converged OK OK OK 137 137 137 137 137 137 7 7 7 0 0 0 0 1 0 0 1
116 116 linear 0 0 1160 0 0.0001 0.79783820469000322 0.0001867805246971563 0.012780258705198722 -1.4241306062461739e-06 -0.0019129721378912485 -0.0025574758716459907 0.5 0.0027064686811862845 163.84083441695819 OK 13 12 1.0607340000000001 1.045312 0.48238999999999999 0.55917899999999998 0.56132000000000004 0 0.50155500000000008 0.48399199999999998 0.48238999999999999 0.0070200000000000002 0.0074089999999999998 0.0068019999999999999 0.42578200000000027 0.40765300000000021 0.4066099999999998 0.017723999999999997 0.016448000000000001 0.016615000000000001 0.0015349999999999999 0.0014530000000000001 0.0014819999999999998 163.84243900755328 163.84243900755328 163.84243900755328 0.0098751431104266655 0.0098751431104266655 0.0098751431104266655 1 1 1 Converged Converged Converged OK OK OK 209 209 209 209 209 209 7 7 7 0 0 0 0 0 1 0 0
116 116 linear 0 7 1160 1 0.0001 0.79783820469000322 0.0001867805246971563 0.012780258705198722 -1.4241306062461739e-06 -0.0019129721378912485 -0.0010016182901435374 0.5 0.0011506110996838312 165.90125345562262 OK 13 12 1.071334 0.88436700000000001 0.46109099999999997 0.59413700000000003 0.40872599999999998 0 0.47719699999999998 0.47564100000000004 0.46109099999999997 0.006241 0.0062389999999999998 0.0056990000000000001 0.41731700000000049 0.41575699999999988 0.40154500000000015 0.016774999999999998 0.017464 0.015886000000000001 0.001524 0.0013979999999999997 0.0013590000000000002 165.90235630357407 165.90235630357407 165.90235630357407 0.0098699324335377349 0.0098699324335377349 0.0098699324335377349 1 1 1 Converged Converged Converged OK OK OK 209 209 209 209 209 209 7 7 7 0 0 0 0 1 0 0 1
116 116 linear 0 15 1160 2 0.0001 0.79783820469000322 0.0001867805246971563 0.012780258705198722 -1.4241306062461739e-06 -0.0019129721378912485 0.00077650466014498047 0.5 -0.00062751185060468649 166.05084138558792 OK 13 12 1.0065360000000001 0.82033 0.469387 0.52190800000000004 0.34520200000000001 0 0.48462800000000006 0.47512799999999999 0.469387 0.0063359999999999996 0.0064609999999999997 0.0056569999999999997 0.42539999999999989 0.41584599999999949 0.41286199999999984 0.016507000000000001 0.016435999999999999 0.015498000000000001 0.001449 0.0014850000000000002 0.0014169999999999999 166.05037521974961 166.05037521974961 166.05037521974961 0.0098634053971337586 0.0098634053971337586 0.0098634053971337586 1 1 1 Converged Converged Converged OK OK OK 209 209 209 209 209 209 7 7 7 0 0 0 0 1 0 0 1
116 116 linear 0 23 1160 3 0.0001 0.79783820469000322 0.0001867805246971563 0.012780258705198722 -1.4241306062461739e-06 -0.0019129721378912485 0.0025546276104334983 0.5 -0.0024056348008932044 163.84580403107452 OK 13 12 0.99409599999999998 0.818994 0.45896799999999999 0.51458499999999996 0.34481400000000001 0 0.47951100000000002 0.47417999999999999 0.45896799999999999 0.0062610000000000001 0.006476 0.0057479999999999996 0.42090199999999955 0.41458300000000003 0.40278899999999968 0.016192000000000002 0.015977999999999999 0.015301 0.0014419999999999999 0.0021409999999999997 0.001354 163.84710982357026 163.84710982357026 163.84710982357026 0.0098562736933302687 0.0098562736933302687 0.0098562736933302687 1 1 1 Converged Converged Converged OK OK OK 209 209 209 209 209 209 7 7 7 0 0 0 0 1 0 0 1
116 116 linear 1 0 1161 0 0.001 0.79783820469000322 0.0001867805246971563 0.012780258705198722 0.45846301207642637 0.013474101531328806 0.45590696033538664 0.5 -0.45575796752584635 2.3635958465117701 OK 12 11 0.67904900000000001 0.67620199999999997 0.26002900000000001 0.40897699999999998 0.41425000000000001 0 0.27007200000000003 0.26195199999999996 0.26002900000000001 0.0096810000000000004 0.0096450000000000008 0.0093019999999999995 0.2255060000000001 0.21750200000000003 0.21603900000000004 0.0051289999999999999 0.0053439999999999998 0.0051370000000000009 0.0011050000000000001 0.001124 0.0011180000000000001 2.3636007335720528 2.3636007335720528 2.3636007335720528 0.001813699662367909 0.001813699662367909 0.001813699662367909 1 1 1 Converged Converged Converged OK OK OK 97 97 97 97 97 97 7 7 7 0 0 0 0 0 1 0 0
116 116 linear 1 7 1161 1 0.001 0.79783820469000322 0.0001867805246971563 0.012780258705198722 0.45846301207642637 0.013474101531328806 0.45746281791688909 0.5 -0.4573138251073488 2.3516128380118029 OK 12 11 0.66928500000000002 0.52466299999999999 0.23277500000000001 0.42610300000000001 0.27064700000000003 0 0.24318200000000001 0.25401599999999996 0.23277500000000001 0.008796 0.008626 0.0080540000000000004 0.20346600000000001 0.21697200000000008 0.19639600000000002 0.0067499999999999999 0.0052350000000000009 0.0052139999999999999 0.0012159999999999999 0.0010299999999999999 0.0010999999999999998 2.3516143278694419 2.3516143278694419 2.3516143278694419 0.001677269415787546 0.001677269415787546 0.001677269415787546 1 1 1 Converged Converged Converged OK OK OK 105 105 105 105 105 105 7 7 7 0 0 0 0 1 0 0 1
116 116 linear 1 15 1161 2 0.001 0.79783820469000322 0.0001867805246971563 0.012780258705198722 0.45846301207642637 0.013474101531328806 0.45924094086717759 0.5 -0.45909194805763731 2.3320264935629162 OK 12 11 0.56025599999999998 0.41745900000000002 0.22822600000000001 0.32870500000000002 0.17366000000000001 0 0.23155099999999995 0.24379900000000002 0.22822600000000001 0.0087209999999999996 0.0088470000000000007 0.0079959999999999996 0.1945620000000001 0.20623599999999989 0.193638 0.0054769999999999992 0.0060689999999999997 0.0051260000000000003 0.0011510000000000001 0.0011440000000000003 0.0010509999999999999 2.3320245182407651 2.3320245182407651 2.3320245182407651 0.0011969737167783004 0.0011969737167783004 0.0011969737167783004 1 1 1 Converged Converged Converged OK OK OK 105 105 105 105 105 105 7 7 7 0 0 0 0 1 0 0 1
116 116 linear 1 23 1161 3 0.001 0.79783820469000322 0.0001867805246971563 0.012780258705198722 0.45846301207642637 0.013474101531328806 0.4610190638174661 0.5 -0.46087007100792582 2.3038483991072067 OK 12 11 0.65728699999999995 0.52086900000000003 0.216256 0.43318299999999998 0.27895599999999998 0 0.22410399999999997 0.24191300000000004 0.216256 0.0087270000000000004 0.0087849999999999994 0.0080389999999999993 0.18740799999999996 0.20509899999999998 0.18174099999999999 0.0055969999999999995 0.0057749999999999998 0.0050789999999999993 0.001129 0.0011620000000000001 0.0011130000000000001 2.3038454753530915 2.3038454753530915 2.3038454753530915 0.0013662734969586573 0.0013662734969586573 0.0013662734969586573 1 1 1 Converged Converged Converged OK OK OK 105 105 105 105 105 105 7 7 7 0 0 0 0 1 0 0 1
116 116 linear 1 0 1161 0 0.0001 0.79783820469000322 0.0001867805246971563 0.012780258705198722 0.45846301207642637 0.013474101531328806 0.45590696033538664 0.5 -0.45575796752584635 2.3635958465117701 OK 12 11 0.70138299999999998 0.70198700000000003 0.28685100000000002 0.41150700000000001 0.41554999999999997 0 0.28987599999999997 0.28643700000000005 0.28685100000000002 0.0093769999999999999 0.0095230000000000002 0.0091690000000000001 0.24140199999999992 0.23785300000000006 0.23896600000000001 0.0057999999999999996 0.0060439999999999999 0.0061060000000000003 0.0012199999999999999 0.001258 0.0011899999999999999 2.3636081026470634 2.3636081026470634 2.3636081026470634 7.9023545446182326e-05 7.9023545446182326e-05 7.9023545446182326e-05 1 1 1 Converged Converged Converged OK OK OK 113 113 113 113 113 113 7 7 7 0 0 0 0 0 1 0 0
116 116 linear 1 7 1161 1 0.0001 0.79783820469000322 0.0001867805246971563 0.012780258705198722 0.45846301207642637 0.013474101531328806 0.45746281791688909 0.5 -0.4573138251073488 2.3516128380118029 OK 12 11 0.69745100000000004 0.55206599999999995 0.26174799999999998 0.42510999999999999 0.26793299999999998 0 0.27234100000000006 0.28413299999999997 0.26174799999999998 0.0087519999999999994 0.0087519999999999994 0.0080510000000000009 0.23460500000000009 0.24596600000000002 0.22501300000000007 0.0056560000000000004 0.0058129999999999996 0.0055589999999999997 0.0011789999999999999 0.001263 0.001181 2.3516213363897824 2.3516213363897824 2.3516213363897824 0.00016503181051818989 0.00016503181051818989 0.00016503181051818989 1 1 1 Converged Converged Converged OK OK OK 113 113 113 113 113 113 7 7 7 0 0 0 0 1 0 0 1
116 116 linear 1 15 1161 2 0.0001 0.79783820469000322 0.0001867805246971563 0.012780258705198722 0.45846301207642637 0.013474101531328806 0.45924094086717759 0.5 -0.45909194805763731 2.3320264935629162 OK 12 11 0.61421199999999998 0.46803299999999998 0.27313700000000002 0.331679 0.17122599999999999 0 0.28253299999999998 0.29680699999999999 0.27313700000000002 0.0087729999999999995 0.0085570000000000004 0.0080700000000000008 0.23893299999999998 0.25050200000000006 0.23256700000000005 0.0067070000000000003 0.0063279999999999994 0.0059160000000000011 0.0014390000000000002 0.0013770000000000002 0.0013580000000000003 2.3320307733183117 2.3320307733183117 2.3320307733183117 4.6385272894108587e-05 4.6385272894108587e-05 4.6385272894108587e-05 1 1 1 Converged Converged Converged OK OK OK 121 121 121 121 121 121 7 7 7 0 0 0 0 1 0 0 1
116 116 linear 1 23 1161 3 0.0001 0.79783820469000322 0.0001867805246971563 0.012780258705198722 0.45846301207642637 0.013474101531328806 0.4610190638174661 0.5 -0.46087007100792582 2.3038483991072067 OK 12 11 0.72364600000000001 0.57850000000000001 0.28285300000000002 0.43545 0.27372400000000002 0 0.28819600000000001 0.30477599999999999 0.28285300000000002 0.0085710000000000005 0.008829 0.0079399999999999991 0.24314299999999997 0.25979900000000006 0.24017000000000005 0.0070160000000000005 0.0073180000000000007 0.006613 0.0016819999999999999 0.0016040000000000002 0.0014909999999999999 2.3038556328317994 2.3038556328317994 2.3038556328317994 6.6043157967072492e-05 6.6043157967072492e-05 6.6043157967072492e-05 1 1 1 Converged Converged Converged OK OK OK 129 129 129 129 129 129 7 7 7 0 0 0 0 1 0 0 1
116 116 linear 2 0 1162 0 0.001 0.79783820469000322 0.0001867805246971563 0.012780258705198722 0.45926881014808152 -0.0082927814814198648 0.45671275840704179 0.5 -0.4565637655975015 1.8788128004820126 OK 15 14 0.53183499999999995 0.52864699999999998 0.183194 0.339036 0.34288299999999999 0 0.19279899999999994 0.18576399999999998 0.183194 0.013287 0.012879 0.012593999999999999 0.14936500000000011 0.14278700000000005 0.14183700000000007 0.0046589999999999999 0.0047679999999999997 0.0042619999999999993 0.000941 0.00093500000000000007 0.00089900000000000006 1.8788133700804763 1.8788133700804763 1.8788133700804763 0.0010839616276185082 0.0010839616276185082 0.0010839616276185082 1 1 1 Converged Converged Converged OK OK OK 81 81 81 81 81 81 7 7 7 0 0 0 0 0 1 0 0
116 116 linear 2 7 1162 1 0.001 0.79783820469000322 0.0001867805246971563 0.012780258705198722 0.45926881014808152 -0.0082927814814198648 0.45826861598854424 0.5 -0.45811962317900395 1.8853922885449785 OK 15 14 0.55361700000000003 0.41120899999999999 0.21091399999999999 0.33816200000000002 0.18187900000000001 0 0.21545500000000001 0.22932999999999998 0.21091399999999999 0.01197 0.011983000000000001 0.011488999999999999 0.17740999999999996 0.19026000000000001 0.17350199999999985 0.0043 0.0049259999999999998 0.0044679999999999997 0.0010559999999999999 0.0012959999999999998 0.001132 1.8853830435503598 1.8853830435503598 1.8853830435503598 0.00098074359003368647 0.00098074359003368647 0.00098074359003368647 1 1 1 Converged Converged Converged OK OK OK 96 96 96 96 96 96 8 8 8 0 0 0 0 1 0 0 1
116 116 linear 2 15 1162 2 0.001 0.79783820469000322 0.0001867805246971563 0.012780258705198722 0.45926881014808152 -0.0082927814814198648 0.46004673893883274 0.5 -0.45989774612929246 1.9036226416987738 OK 14 13 0.59679599999999999 0.45282 0.193358 0.40017900000000001 0.240539 0 0.19661699999999999 0.212281 0.193358 0.010054 0.010012 0.012834999999999999 0.16019100000000006 0.17553600000000003 0.15542600000000004 0.0046810000000000003 0.0048630000000000001 0.0044289999999999998 0.001111 0.0012339999999999999 0.001096 1.903608615154206 1.903608615154206 1.903608615154206 0.0017126449202595827 0.0017126449202595827 0.0017126449202595827 1 1 1 Converged Converged Converged OK OK OK 103 103 103 103 103 103 9 9 9 0 0 0 0 1 0 0 1
116 116 linear 2 23 1162 3 0.001 0.79783820469000322 0.0001867805246971563 0.012780258705198722 0.45926881014808152 -0.0082927814814198648 0.46182486188912125 0.5 -0.46167586907958097 1.9141204813822044 OK 14 13 0.54545200000000005 0.40112500000000001 0.17943899999999999 0.35539500000000002 0.200263 0 0.19005700000000003 0.20086200000000001 0.17943899999999999 0.0095119999999999996 0.0092790000000000008 0.0084360000000000008 0.15436099999999997 0.16687300000000005 0.14795000000000011 0.0056979999999999999 0.0048450000000000003 0.0043169999999999997 0.0010609999999999999 0.0011689999999999999 0.001013 1.9141200303496519 1.9141200303496519 1.9141200303496519 0.001012411786338375 0.001012411786338375 0.001012411786338375 1 1 1 Converged Converged Converged OK OK OK 103 103 103 103 103 103 9 9 9 0 0 0 0 1 0 0 1
116 116 linear 2 0 1162 0 0.0001 0.79783820469000322 0.0001867805246971563 0.012780258705198722 0.45926881014808152 -0.0082927814814198648 0.45671275840704179 0.5 -0.4565637655975015 1.8788128004820126 OK 15 14 0.59589400000000003 0.59187599999999996 0.247919 0.33932699999999999 0.343418 0 0.25656700000000005 0.24845799999999996 0.247919 0.012940999999999999 0.013015000000000001 0.012496 0.2005789999999999 0.19529099999999999 0.19609500000000013 0.0056879999999999995 0.0059609999999999993 0.0057050000000000009 0.0013860000000000001 0.0013930000000000001 0.0014140000000000001 1.8788105863070474 1.8788105863070474 1.8788105863070474 7.7050805980726267e-05 7.7050805980726267e-05 7.7050805980726267e-05 1 1 1 Converged Converged Converged OK OK OK 105 105 105 105 105 105 7 7 7 0 0 0 0 0 1 0 0
116 116 linear 2 7 1162 1 0.0001 0.79783820469000322 0.0001867805246971563 0.012780258705198722 0.45926881014808152 -0.0082927814814198648 0.45826861598854424 0.5 -0.45811962317900395 1.8853922885449785 OK 15 14 0.56347000000000003 0.42134899999999997 0.22003900000000001 0.33435599999999999 0.18345400000000001 0 0.22911400000000004 0.23789499999999997 0.22003900000000001 0.011897 0.011969 0.011375 0.18972299999999992 0.19820900000000002 0.18175799999999992 0.0050390000000000009 0.0054899999999999992 0.0052039999999999994 0.001353 0.0013590000000000002 0.0013650000000000001 1.8853877245449846 1.8853877245449846 1.8853877245449846 0.00013299604591135488 0.00013299604591135488 0.00013299604591135488 1 1 1 Converged Converged Converged OK OK OK 104 104 104 104 104 104 8 8 8 0 0 0 0 1 0 0 1
116 116 linear 2 15 1162 2 0.0001 0.79783820469000322 0.0001867805246971563 0.012780258705198722 0.45926881014808152 -0.0082927814814198648 0.46004673893883274 0.5 -0.45989774612929246 1.9036226416987738 OK 14 13 0.62750700000000004 0.493925 0.22142999999999999 0.39815299999999998 0.24890000000000001 0 0.22935400000000006 0.24502499999999999 0.22142999999999999 0.0098019999999999999 0.01008 0.0091219999999999999 0.18549200000000005 0.20119100000000004 0.17990200000000001 0.0066079999999999993 0.0064400000000000004 0.0057189999999999993 0.0015949999999999998 0.0015070000000000001 0.0013739999999999998 1.9036181630771922 1.9036181630771922 1.9036181630771922 0.00011587662395972715 0.00011587662395972715 0.00011587662395972715 1 1 1 Converged Converged Converged OK OK OK 127 127 127 127 127 127 9 9 9 0 0 0 0 1 0 0 1
116 116 linear 2 23 1162 3 0.0001 0.79783820469000322 0.0001867805246971563 0.012780258705198722 0.45926881014808152 -0.0082927814814198648 0.46182486188912125 0.5 -0.46167586907958097 1.9141204813822044 OK 14 13 0.58760599999999996 0.44623800000000002 0.22156500000000001 0.35581099999999999 0.19834399999999999 0 0.23179499999999997 0.24789400000000003 0.22156500000000001 0.0092090000000000002 0.0093769999999999999 0.0083350000000000004 0.19201899999999983 0.20844299999999999 0.18490900000000002 0.0066109999999999997 0.0063259999999999992 0.0054260000000000003 0.001467 0.001438 0.0013809999999999998 1.9141178347422176 1.9141178347422176 1.9141178347422176 0.00017582035614965562 0.00017582035614965562 0.00017582035614965562 1 1 1 Converged Converged Converged OK OK OK 127 127 127 127 127 127 9 9 9 0 0 0 0 1 0 0 1
116 116 linear 3 0 1163 0 0.001 0.79783820469000322 0.0001867805246971563 0.012780258705198722 0.45446610879547827 -0.0019901633152621758 0.45191005705443854 0.5 -0.45176106424489826 1.8345279882714083 OK 14 13 0.52335399999999999 0.51973999999999998 0.183311 0.33234900000000001 0.336727 0 0.19100499999999998 0.18301299999999998 0.183311 0.0099579999999999998 0.0096539999999999994 0.0097020000000000006 0.15424200000000005 0.14714000000000002 0.14654700000000007 0.0041289999999999999 0.0039129999999999998 0.0043490000000000004 0.00085299999999999992 0.00084100000000000006 0.000901 1.8345300977831289 1.8345300977831289 1.8345300977831289 0.00044885765354788209 0.00044885765354788209 0.00044885765354788209 1 1 1 Converged Converged Converged OK OK OK 82 82 82 82 82 82 6 6 6 0 0 0 0 0 1 0 0
116 116 linear 3 7 1163 1 0.001 0.79783820469000322 0.0001867805246971563 0.012780258705198722 0.45446610879547827 -0.0019901633152621758 0.45346591463594099 0.5 -0.45331692182640071 1.8282660840860978 OK 14 13 0.644007 0.48919000000000001 0.15504699999999999 0.48160900000000001 0.31775399999999998 0 0.16239799999999999 0.17143600000000003 0.15504699999999999 0.0087550000000000006 0.0088120000000000004 0.0082349999999999993 0.13397199999999995 0.14343700000000004 0.12778099999999998 0.0033959999999999997 0.003421 0.0034419999999999997 0.00069799999999999984 0.00069299999999999993 0.00073999999999999999 1.8282757176618205 1.8282757176618205 1.8282757176618205 0.00071898476924452451 0.00071898476924452451 0.00071898476924452451 1 1 1 Converged Converged Converged OK OK OK 74 74 74 74 74 74 6 6 6 0 0 0 0 1 0 0 1
116 116 linear 3 15 1163 2 0.001 0.79783820469000322 0.0001867805246971563 0.012780258705198722 0.45446610879547827 -0.0019901633152621758 0.4552440375862295 0.5 -0.45509504477668922 1.822535678565582 OK 14 13 0.51414400000000005 0.36356300000000003 0.16697100000000001 0.34082499999999999 0.17976600000000001 0 0.17331900000000006 0.18379700000000002 0.16697100000000001 0.0089020000000000002 0.0089470000000000001 0.0080920000000000002 0.14465699999999995 0.15525099999999994 0.13991800000000001 0.003764 0.003653 0.0034030000000000002 0.00067599999999999995 0.00072100000000000007 0.00067699999999999987 1.8225424781583823 1.8225424781583823 1.8225424781583823 0.00027868963634861398 0.00027868963634861398 0.00027868963634861398 1 1 1 Converged Converged Converged OK OK OK 74 74 74 74 74 74 6 6 6 0 0 0 0 1 0 0 1
116 116 linear 3 23 1163 3 0.001 0.79783820469000322 0.0001867805246971563 0.012780258705198722 0.45446610879547827 -0.0019901633152621758 0.45702216053651801 0.5 -0.45687316772697772 1.8183082665343651 OK 14 13 0.63534000000000002 0.48045399999999999 0.15972900000000001 0.46287299999999998 0.30483300000000002 0 0.17246700000000004 0.17562099999999997 0.15972900000000001 0.0094400000000000005 0.0091470000000000006 0.0084340000000000005 0.14236499999999999 0.14674100000000004 0.13214599999999999 0.0039529999999999999 0.0036670000000000006 0.0035119999999999999 0.00084599999999999996 0.00083699999999999996 0.00078200000000000003 1.8183135202790737 1.8183135202790737 1.8183135202790737 0.00068383284490897568 0.00068383284490897568 0.00068383284490897568 1 1 1 Converged Converged Converged OK OK OK 74 74 74 74 74 74 6 6 6 0 0 0 0 1 0 0 1
116 116 linear 3 0 1163 0 0.0001 0.79783820469000322 0.0001867805246971563 0.012780258705198722 0.45446610879547827 -0.0019901633152621758 0.45191005705443854 0.5 -0.45176106424489826 1.8345279882714083 OK 14 13 0.53507300000000002 0.53108200000000005 0.198073 0.33590100000000001 0.33363500000000001 0 0.19917200000000002 0.19744700000000004 0.198073 0.0095809999999999992 0.010012999999999999 0.0096609999999999994 0.15887199999999993 0.15570500000000007 0.15734000000000006 0.0044180000000000001 0.0050110000000000007 0.0045329999999999997 0.0010499999999999999 0.001114 0.0011720000000000001 1.8345305139005823 1.8345305139005823 1.8345305139005823 0.00015422280143623064 0.00015422280143623064 0.00015422280143623064 1 1 1 Converged Converged Converged OK OK OK 90 90 90 90 90 90 6 6 6 0 0 0 0 0 1 0 0
116 116 linear 3 7 1163 1 0.0001 0.79783820469000322 0.0001867805246971563 0.012780258705198722 0.45446610879547827 -0.0019901633152621758 0.45346591463594099 0.5 -0.45331692182640071 1.8282660840860978 OK 14 13 0.69843900000000003 0.54614099999999999 0.209401 0.48109200000000002 0.32070500000000002 0 0.21734700000000001 0.22543599999999997 0.209401 0.0088159999999999992 0.0088059999999999996 0.0082620000000000002 0.18237800000000001 0.19096400000000008 0.175678 0.0048419999999999999 0.0048469999999999997 0.0049670000000000001 0.00099200000000000004 0.00098299999999999993 0.00099099999999999991 1.8282650209739719 1.8282650209739719 1.8282650209739719 0.00014152829794217994 0.00014152829794217994 0.00014152829794217994 1 1 1 Converged Converged Converged OK OK OK 98 98 98 98 98 98 6 6 6 0 0 0 0 1 0 0 1
116 116 linear 3 15 1163 2 0.0001 0.79783820469000322 0.0001867805246971563 0.012780258705198722 0.45446610879547827 -0.0019901633152621758 0.4552440375862295 0.5 -0.45509504477668922 1.822535678565582 OK 14 13 0.55336099999999999 0.40997499999999998 0.20660899999999999 0.33895700000000001 0.18071400000000001 0 0.21440399999999998 0.22926099999999996 0.20660899999999999 0.0088900000000000003 0.0090530000000000003 0.0082170000000000003 0.18241799999999994 0.19595200000000007 0.17606299999999997 0.0047019999999999996 0.0051850000000000004 0.0045149999999999999 0.00080999999999999996 0.00089400000000000005 0.00080699999999999999 1.8225347882435767 1.8225347882435767 1.8225347882435767 2.9705816905948463e-05 2.9705816905948463e-05 2.9705816905948463e-05 1 1 1 Converged Converged Converged OK OK OK 90 90 90 90 90 90 6 6 6 0 0 0 0 1 0 0 1
116 116 linear 3 23 1163 3 0.0001 0.79783820469000322 0.0001867805246971563 0.012780258705198722 0.45446610879547827 -0.0019901633152621758 0.45702216053651801 0.5 -0.45687316772697772 1.8183082665343651 OK 14 13 0.67732300000000001 0.53129999999999999 0.20711499999999999 0.46218300000000001 0.306089 0 0.21514 0.22521099999999999 0.20711499999999999 0.0092259999999999998 0.0092259999999999998 0.0085179999999999995 0.18034099999999997 0.189441 0.17350999999999991 0.0048509999999999994 0.0054900000000000001 0.0047650000000000001 0.0010820000000000001 0.0012360000000000001 0.001016 1.8183077286366174 1.8183077286366174 1.8183077286366174 4.200844021745975e-05 4.200844021745975e-05 4.200844021745975e-05 1 1 1 Converged Converged Converged OK OK OK 98 98 98 98 98 98 6 6 6 0 0 0 0 1 0 0 1
116 116 linear 4 0 1164 0 0.001 0.79783820469000322 0.0001867805246971563 0.012780258705198722 -0.0055928551769780606 -0.020639490644001082 -0.008148906918017805 0.5 0.0082978997275580998 46.815941455344536 OK 13 12 0.42254599999999998 0.42303400000000002 0.10037 0.31872099999999998 0.31984400000000002 0 0.103825 0.10319 0.10037 0.010369 0.010643 0.0099559999999999996 0.074273999999999979 0.072739999999999999 0.071467000000000003 0.0027969999999999996 0.00298 0.0027370000000000003 0.00071900000000000002 0.000785 0.00072600000000000008 46.815916723063651 46.815916723063651 46.815916723063651 0.026610946660443707 0.026610946660443707 0.026610946660443707 1 1 1 Converged Converged Converged OK OK OK 59 59 59 59 59 59 5 5 5 0 0 0 0 0 1 0 0
116 116 linear 4 7 1164 1 0.001 0.79783820469000322 0.0001867805246971563 0.012780258705198722 -0.0055928551769780606 -0.020639490644001082 -0.0065930493365153522 0.5 0.006742042146055646 48.094953280681622 OK 13 12 0.41132000000000002 0.29642400000000002 0.098686999999999997 0.30475400000000002 0.14891599999999999 0 0.10656599999999999 0.14750800000000003 0.098686999999999997 0.0094109999999999992 0.0093380000000000008 0.0087290000000000006 0.080906999999999979 0.12222899999999999 0.074355000000000032 0.0027879999999999997 0.0028430000000000005 0.002797 0.00073700000000000002 0.00070600000000000003 0.00070399999999999998 48.094926998263539 48.094926998263539 48.094926998263539 0.021358987101425021 0.021358987101425021 0.021358987101425021 1 1 1 Converged Converged Converged OK OK OK 59 59 59 59 59 59 5 5 5 0 0 0 0 1 0 0 1
116 116 linear 4 15 1164 2 0.001 0.79783820469000322 0.0001867805246971563 0.012780258705198722 -0.0055928551769780606 -0.020639490644001082 -0.0048149263862268341 0.5 0.004963919195767128 49.330777816424792 OK 13 12 0.43990499999999999 0.32561299999999999 0.090644000000000002 0.34580100000000003 0.187107 0 0.094103999999999965 0.13850599999999999 0.090644000000000002 0.0093959999999999998 0.0094870000000000006 0.0088269999999999998 0.069949999999999971 0.11467499999999999 0.067989000000000022 0.0025380000000000003 0.0024749999999999998 0.0023640000000000002 0.00054699999999999996 0.000544 0.00054199999999999995 49.330757161773739 49.330757161773739 49.330757161773739 0.043960375192165495 0.043960375192165495 0.043960375192165495 1 1 1 Converged Converged Converged OK OK OK 51 51 51 51 51 51 5 5 5 0 0 0 0 1 0 0 1
116 116 linear 4 23 1164 3 0.001 0.79783820469000322 0.0001867805246971563 0.012780258705198722 -0.0055928551769780606 -0.020639490644001082 -0.0030368034359383161 0.5 0.0031857962454786099 50.257155194913558 OK 13 12 0.44583200000000001 0.33987000000000001 0.122725 0.31750400000000001 0.15352299999999999 0 0.128328 0.18634700000000001 0.122725 0.0098110000000000003 0.0097380000000000001 0.0090620000000000006 0.097438999999999998 0.15568799999999999 0.094050999999999982 0.003849 0.0038110000000000002 0.0033500000000000005 0.00069000000000000008 0.00070100000000000002 0.00066799999999999997 50.257130577154676 50.257130577154676 50.257130577154676 0.0090563888562494588 0.0090563888562494588 0.0090563888562494588 1 1 1 Converged Converged Converged OK OK OK 67 67 67 67 67 67 5 5 5 0 0 0 0 1 0 0 1
116 116 linear 4 0 1164 0 0.0001 0.79783820469000322 0.0001867805246971563 0.012780258705198722 -0.0055928551769780606 -0.020639490644001082 -0.008148906918017805 0.5 0.0082978997275580998 46.815941455344536 OK 13 12 0.44951000000000002 0.45008399999999998 0.13181399999999999 0.31443100000000002 0.31628099999999998 0 0.135079 0.13380300000000001 0.13181399999999999 0.010373 0.010456 0.0099909999999999999 0.096447999999999992 0.094371999999999984 0.09368300000000003 0.0040730000000000002 0.0045750000000000001 0.0040749999999999996 0.0010150000000000001 0.0010060000000000002 0.0009720000000000001 46.81591452593733 46.81591452593733 46.81591452593733 0.0039685222773003419 0.0039685222773003419 0.0039685222773003419 1 1 1 Converged Converged Converged OK OK OK 83 83 83 83 83 83 5 5 5 0 0 0 0 0 1 0 0
116 116 linear 4 7 1164 1 0.0001 0.79783820469000322 0.0001867805246971563 0.012780258705198722 -0.0055928551769780606 -0.020639490644001082 -0.0065930493365153522 0.5 0.006742042146055646 48.094953280681622 OK 13 12 0.47352100000000003 0.40454499999999999 0.15925300000000001 0.30945800000000001 0.150534 0 0.16406300000000001 0.25401099999999999 0.15925300000000001 0.0094389999999999995 0.012924 0.0088280000000000008 0.12520100000000003 0.21107499999999993 0.12188900000000007 0.0052200000000000007 0.0055519999999999996 0.0050369999999999998 0.0011310000000000001 0.0011559999999999999 0.0010970000000000001 48.094926599496517 48.094926599496517 48.094926599496517 3.0640045059825139e-05 3.0640045059825139e-05 3.0640045059825139e-05 1 1 1 Converged Converged Converged OK OK OK 99 99 99 99 99 99 5 5 5 0 0 0 0 1 0 0 1
116 116 linear 4 15 1164 2 0.0001 0.79783820469000322 0.0001867805246971563 0.012780258705198722 -0.0055928551769780606 -0.020639490644001082 -0.0048149263862268341 0.5 0.004963919195767128 49.330777816424792 OK 13 12 0.48896899999999999 0.40826899999999999 0.13830400000000001 0.34556199999999998 0.190771 0 0.14340700000000001 0.217498 0.13830400000000001 0.009469 0.0096159999999999995 0.0088299999999999993 0.11079 0.184562 0.10744500000000005 0.0042380000000000004 0.0044670000000000005 0.0040259999999999992 0.00093900000000000006 0.000977 0.00090799999999999995 49.330750369958771 49.330750369958771 49.330750369958771 0.0019218103423295173 0.0019218103423295173 0.0019218103423295173 1 1 1 Converged Converged Converged OK OK OK 83 83 83 83 83 83 5 5 5 0 0 0 0 1 0 0 1
116 116 linear 4 23 1164 3 0.0001 0.79783820469000322 0.0001867805246971563 0.012780258705198722 -0.0055928551769780606 -0.020639490644001082 -0.0030368034359383161 0.5 0.0031857962454786099 50.257155194913558 OK 13 12 0.45143899999999998 0.34562799999999999 0.13011 0.31638899999999998 0.15349699999999999 0 0.13505 0.192131 0.13011 0.0096480000000000003 0.0096340000000000002 0.0090790000000000003 0.10420399999999999 0.16132199999999994 0.10075799999999997 0.0038040000000000001 0.0040030000000000005 0.0036889999999999996 0.00081200000000000011 0.00081100000000000009 0.00075199999999999996 50.257127282070947 50.257127282070947 50.257127282070947 0.0021368215975056948 0.0021368215975056948 0.0021368215975056948 1 1 1 Converged Converged Converged OK OK OK 75 75 75 75 75 75 5 5 5 0 0 0 0 1 0 0 1
116 116 uniform 0 0 1165 0 0.001 0.79783820469000322 0.0001867805246971563 0.012780258705198722 -1.4241306062461739e-06 -0.0019129721378912485 -0.0025574758716459907 0 0.0027064686811862845 154.01291664756289 OK 13 12 0.79750900000000002 0.80164999999999997 0.239561 0.55940500000000004 0.56212700000000004 0 0.23810399999999998 0.23952299999999993 0.239561 0.0068770000000000003 0.0072329999999999998 0.0069100000000000003 0.19170200000000004 0.19227600000000009 0.19274200000000005 0.0064499999999999991 0.0071140000000000005 0.0068690000000000001 0.0011100000000000001 0.0011250000000000001 0.0010990000000000002 154.01369437589838 154.01369437589838 154.01369437589838 0.05150784748756982 0.05150784748756982 0.05150784748756982 1 1 1 Converged Converged Converged OK OK OK 137 137 137 137 137 137 7 7 7 0 0 0 0 0 1 0 0
116 116 uniform 0 7 1165 1 0.001 0.79783820469000322 0.0001867805246971563 0.012780258705198722 -1.4241306062461739e-06 -0.0019129721378912485 -0.0010016182901435374 0 0.0011506110996838312 155.36263008488169 OK 13 12 0.81567900000000004 0.64473800000000003 0.22284699999999999 0.59107699999999996 0.41586699999999999 0 0.22460200000000008 0.22887100000000005 0.22284699999999999 0.0062760000000000003 0.0061799999999999997 0.0057499999999999999 0.18821400000000002 0.19263700000000003 0.18758600000000006 0.0063859999999999993 0.0066680000000000003 0.0065319999999999996 0.0011069999999999999 0.0011029999999999998 0.0010399999999999999 155.3633996860919 155.3633996860919 155.3633996860919 0.051389299851207708 0.051389299851207708 0.051389299851207708 1 1 1 Converged Converged Converged OK OK OK 137 137 137 137 137 137 7 7 7 0 0 0 0 1 0 0 1
116 116 uniform 0 15 1165 2 0.001 0.79783820469000322 0.0001867805246971563 0.012780258705198722 -1.4241306062461739e-06 -0.0019129721378912485 0.00077650466014498047 0 -0.00062751185060468649 155.45881001063037 OK 13 12 0.75208200000000003 0.58153200000000005 0.22805400000000001 0.51578500000000005 0.34103899999999998 0 0.23629699999999998 0.24049300000000007 0.22805400000000001 0.0062639999999999996 0.0063629999999999997 0.0057060000000000001 0.19979500000000014 0.20039800000000008 0.19335800000000003 0.0065849999999999988 0.0089049999999999997 0.0065799999999999999 0.0010769999999999998 0.001248 0.001039 155.45956498390242 155.45956498390242 155.45956498390242 0.051252865400545813 0.051252865400545813 0.051252865400545813 1 1 1 Converged Converged Converged OK OK OK 137 137 137 137 137 137 7 7 7 0 0 0 0 1 0 0 1
116 116 uniform 0 23 1165 3 0.001 0.79783820469000322 0.0001867805246971563 0.012780258705198722 -1.4241306062461739e-06 -0.0019129721378912485 0.0025546276104334983 0 -0.0024056348008932044 154.01548124387946 OK 13 12 0.74021599999999999 0.57372500000000004 0.22106500000000001 0.51619499999999996 0.341667 0 0.22402100000000003 0.23205800000000004 0.22106500000000001 0.0060530000000000002 0.006437 0.0056979999999999999 0.18786100000000006 0.19311500000000001 0.18641500000000005 0.0065550000000000001 0.0080850000000000002 0.006424 0.0010640000000000001 0.0011569999999999998 0.001023 154.01622890576795 154.01622890576795 154.01622890576795 0.051115442443430269 0.051115442443430269 0.051115442443430269 1 1 1 Converged Converged Converged OK OK OK 137 137 137 137 137 137 7 7 7 0 0 0 0 1 0 0 1
116 116 uniform 0 0 1165 0 0.0001 0.79783820469000322 0.0001867805246971563 0.012780258705198722 -1.4241306062461739e-06 -0.0019129721378912485 -0.0025574758716459907 0 0.0027064686811862845 154.01291664756289 OK 13 12 0.90658799999999995 0.90100800000000003 0.34451399999999999 0.55545100000000003 0.55771199999999999 0 0.35113699999999992 0.34329600000000005 0.34451399999999999 0.0071269999999999997 0.0070780000000000001 0.0067710000000000001 0.27746700000000019 0.27039500000000005 0.27364200000000011 0.01686 0.015998999999999999 0.015220000000000001 0.0014220000000000001 0.001426 0.0013879999999999999 154.01300924494578 154.01300924494578 154.01300924494578 0.0074154926497735606 0.0074154926497735606 0.0074154926497735606 1 1 1 Converged Converged Converged OK OK OK 209 209 209 209 209 209 7 7 7 0 0 0 0 0 1 0 0
116 116 uniform 0 7 1165 1 0.0001 0.79783820469000322 0.0001867805246971563 0.012780258705198722 -1.4241306062461739e-06 -0.0019129721378912485 -0.0010016182901435374 0 0.0011506110996838312 155.36263008488169 OK 13 12 0.92037100000000005 0.74622200000000005 0.32264100000000001 0.58816299999999999 0.41538900000000001 0 0.33220800000000006 0.33083300000000004 0.32264100000000001 0.0063229999999999996 0.0063639999999999999 0.0056969999999999998 0.27398600000000006 0.27189299999999988 0.26646700000000001 0.015470000000000001 0.015677999999999997 0.015344 0.001382 0.0014459999999999998 0.0013550000000000003 155.36272170840036 155.36272170840036 155.36272170840036 0.007402089984291575 0.007402089984291575 0.007402089984291575 1 1 1 Converged Converged Converged OK OK OK 209 209 209 209 209 209 7 7 7 0 0 0 0 1 0 0 1
116 116 uniform 0 15 1165 2 0.0001 0.79783820469000322 0.0001867805246971563 0.012780258705198722 -1.4241306062461739e-06 -0.0019129721378912485 0.00077650466014498047 0 -0.00062751185060468649 155.45881001063037 OK 13 12 0.85417799999999999 0.73993900000000001 0.33280700000000002 0.51703699999999997 0.34077499999999999 0 0.33714100000000002 0.39916400000000002 0.33280700000000002 0.0063020000000000003 0.0063629999999999997 0.0056519999999999999 0.278862 0.32629000000000014 0.27758899999999997 0.015817999999999999 0.024659 0.014919000000000002 0.001366 0.001477 0.0013140000000000001 155.45889524053831 155.45889524053831 155.45889524053831 0.0073862427058754712 0.0073862427058754712 0.0073862427058754712 1 1 1 Converged Converged Converged OK OK OK 209 209 209 209 209 209 7 7 7 0 0 0 0 1 0 0 1
116 116 uniform 0 23 1165 3 0.0001 0.79783820469000322 0.0001867805246971563 0.012780258705198722 -1.4241306062461739e-06 -0.0019129721378912485 0.0025546276104334983 0 -0.0024056348008932044 154.01548124387946 OK 13 12 0.83745099999999995 0.69240500000000005 0.32106099999999999 0.513127 0.34736499999999998 0 0.32432399999999995 0.34504000000000007 0.32106099999999999 0.0061999999999999998 0.007417 0.0057239999999999999 0.26689399999999974 0.28462699999999996 0.26573000000000013 0.015644999999999999 0.016640000000000002 0.014992000000000002 0.0013889999999999998 0.0014910000000000001 0.0013189999999999999 154.01556745737309 154.01556745737309 154.01556745737309 0.007369837794506031 0.007369837794506031 0.007369837794506031 1 1 1 Converged Converged Converged OK OK OK 209 209 209 209 209 209 7 7 7 0 0 0 0 1 0 0 1
116 116 uniform 1 0 1166 0 0.001 0.79783820469000322 0.0001867805246971563 0.012780258705198722 0.45846301207642637 0.013474101531328806 0.45590696033538664 0 -0.45575796752584635 2.3861595078672266 OK 12 11 0.59492400000000001 0.59953100000000004 0.179979 0.41465600000000002 0.41726200000000002 0 0.18026799999999998 0.18226900000000001 0.179979 0.0094050000000000002 0.0096249999999999999 0.0092149999999999992 0.13980499999999998 0.14058500000000004 0.139794 0.0039640000000000005 0.0045050000000000003 0.0041390000000000003 0.0010999999999999998 0.0012340000000000001 0.0010820000000000001 2.3861602918548712 2.3861602918548712 2.3861602918548712 0.0006342784757798509 0.0006342784757798509 0.0006342784757798509 1 1 1 Converged Converged Converged OK OK OK 97 97 97 97 97 97 7 7 7 0 0 0 0 0 1 0 0
116 116 uniform 1 7 1166 1 0.001 0.79783820469000322 0.0001867805246971563 0.012780258705198722 0.45846301207642637 0.013474101531328806 0.45746281791688909 0 -0.4573138251073488 2.3748202540780157 OK 12 11 0.59091099999999996 0.45167800000000002 0.165522 0.42308099999999998 0.26664199999999999 0 0.16782999999999998 0.18503600000000003 0.165522 0.0085559999999999994 0.0086529999999999992 0.0080309999999999999 0.13591400000000001 0.15312599999999993 0.13487300000000002 0.0039690000000000003 0.0044020000000000005 0.0039960000000000004 0.0010679999999999999 0.0011180000000000001 0.00099299999999999996 2.3748211117822198 2.3748211117822198 2.3748211117822198 0.0007498857459489241 0.0007498857459489241 0.0007498857459489241 1 1 1 Converged Converged Converged OK OK OK 97 97 97 97 97 97 7 7 7 0 0 0 0 1 0 0 1
116 116 uniform 1 15 1166 2 0.001 0.79783820469000322 0.0001867805246971563 0.012780258705198722 0.45846301207642637 0.013474101531328806 0.45924094086717759 0 -0.45909194805763731 2.3561359468053906 OK 12 11 0.48468699999999998 0.33244899999999999 0.15116299999999999 0.33086700000000002 0.17019899999999999 0 0.15381999999999996 0.16225000000000001 0.15116299999999999 0.0086759999999999997 0.0085389999999999997 0.0080219999999999996 0.123168 0.13240499999999997 0.12258900000000002 0.0039760000000000004 0.0039020000000000005 0.0035870000000000003 0.00089800000000000014 0.00087600000000000004 0.00083699999999999996 2.3561283336885603 2.3561283336885603 2.3561283336885603 0.0021352666994222938 0.0021352666994222938 0.0021352666994222938 1 1 1 Converged Converged Converged OK OK OK 89 89 89 89 89 89 7 7 7 0 0 0 0 1 0 0 1
116 116 uniform 1 23 1166 3 0.001 0.79783820469000322 0.0001867805246971563 0.012780258705198722 0.45846301207642637 0.013474101531328806 0.4610190638174661 0 -0.46087007100792582 2.3275124987575184 OK 12 11 0.60969300000000004 0.45810200000000001 0.16874 0.43079499999999998 0.27281499999999997 0 0.17889800000000006 0.18528700000000004 0.16874 0.008541 0.0085039999999999994 0.0079500000000000005 0.13877500000000006 0.15285199999999996 0.13772799999999999 0.0046369999999999996 0.0042179999999999995 0.004032 0.0011180000000000001 0.0010609999999999999 0.00106 2.3275019412039337 2.3275019412039337 2.3275019412039337 0.0016338897233943576 0.0016338897233943576 0.0016338897233943576 1 1 1 Converged Converged Converged OK OK OK 97 97 97 97 97 97 7 7 7 0 0 0 0 1 0 0 1
116 116 uniform 1 0 1166 0 0.0001 0.79783820469000322 0.0001867805246971563 0.012780258705198722 0.45846301207642637 0.013474101531328806 0.45590696033538664 0 -0.45575796752584635 2.3861595078672266 OK 12 11 0.61124400000000001 0.61391300000000004 0.19878100000000001 0.407217 0.41453499999999999 0 0.20402700000000001 0.19937800000000006 0.19878100000000001 0.0095999999999999992 0.0097699999999999992 0.0091710000000000003 0.15628500000000001 0.15202799999999997 0.15168799999999999 0.0053670000000000002 0.0049420000000000002 0.0053050000000000007 0.001263 0.0013210000000000001 0.001273 2.386160291750361 2.386160291750361 2.386160291750361 8.3544946449383667e-05 8.3544946449383667e-05 8.3544946449383667e-05 1 1 1 Converged Converged Converged OK OK OK 113 113 113 113 113 113 7 7 7 0 0 0 0 0 1 0 0
116 116 uniform 1 7 1166 1 0.0001 0.79783820469000322 0.0001867805246971563 0.012780258705198722 0.45846301207642637 0.013474101531328806 0.45746281791688909 0 -0.4573138251073488 2.3748202540780157 OK 12 11 0.61105600000000004 0.47571799999999997 0.18207799999999999 0.42604900000000001 0.26760299999999998 0 0.18500700000000003 0.20811499999999999 0.18207799999999999 0.0086470000000000002 0.0087430000000000008 0.0080520000000000001 0.14858000000000002 0.17118200000000006 0.14676799999999998 0.0046819999999999995 0.0048489999999999991 0.0048050000000000002 0.0011339999999999998 0.0011639999999999999 0.0011919999999999999 2.3748211116772207 2.3748211116772207 2.3748211116772207 0.00019982362234001165 0.00019982362234001165 0.00019982362234001165 1 1 1 Converged Converged Converged OK OK OK 113 113 113 113 113 113 7 7 7 0 0 0 0 1 0 0 1
116 116 uniform 1 15 1166 2 0.0001 0.79783820469000322 0.0001867805246971563 0.012780258705198722 0.45846301207642637 0.013474101531328806 0.45924094086717759 0 -0.45909194805763731 2.3561359468053906 OK 12 11 0.53563700000000003 0.390096 0.199014 0.33404299999999998 0.171796 0 0.20159400000000005 0.21829999999999999 0.199014 0.0086639999999999998 0.0086560000000000005 0.0080160000000000006 0.15996199999999983 0.17642800000000008 0.15941200000000003 0.0057040000000000007 0.0060639999999999999 0.0053369999999999997 0.0013930000000000001 0.0014050000000000002 0.0012870000000000002 2.3561365608859064 2.3561365608859064 2.3561365608859064 4.2728190385863922e-05 4.2728190385863922e-05 4.2728190385863922e-05 1 1 1 Converged Converged Converged OK OK OK 121 121 121 121 121 121 7 7 7 0 0 0 0 1 0 0 1
116 116 uniform 1 23 1166 3 0.0001 0.79783820469000322 0.0001867805246971563 0.012780258705198722 0.45846301207642637 0.013474101531328806 0.4610190638174661 0 -0.46087007100792582 2.3275124987575184 OK 12 11 0.64004399999999995 0.50617999999999996 0.207706 0.43033900000000003 0.27717999999999998 0 0.20970499999999992 0.22899999999999998 0.207706 0.008548 0.0086650000000000008 0.0078919999999999997 0.166938 0.18556600000000009 0.16286100000000003 0.0057340000000000004 0.0061920000000000005 0.0057540000000000004 0.001578 0.0015740000000000001 0.001549 2.3275131839073082 2.3275131839073082 2.3275131839073082 5.8701800232283899e-05 5.8701800232283899e-05 5.8701800232283899e-05 1 1 1 Converged Converged Converged OK OK OK 129 129 129 129 129 129 7 7 7 0 0 0 0 1 0 0 1
116 116 uniform 2 0 1167 0 0.001 0.79783820469000322 0.0001867805246971563 0.012780258705198722 0.45926881014808152 -0.0082927814814198648 0.45671275840704179 0 -0.4565637655975015 1.8953119923787989 OK 15 14 0.49816100000000002 0.49400699999999997 0.15484600000000001 0.34304899999999999 0.33851900000000001 0 0.15511200000000003 0.15548799999999996 0.15484600000000001 0.012599000000000001 0.012591 0.01264 0.11605499999999996 0.11725400000000002 0.11600900000000001 0.0034020000000000001 0.0033270000000000001 0.00332 0.00082299999999999995 0.00077999999999999999 0.00086900000000000009 1.8953171771623407 1.8953171771623407 1.8953171771623407 0.0013742809672709294 0.0013742809672709294 0.0013742809672709294 1 1 1 Converged Converged Converged OK OK OK 73 73 73 73 73 73 7 7 7 0 0 0 0 0 1 0 0
116 116 uniform 2 7 1167 1 0.001 0.79783820469000322 0.0001867805246971563 0.012780258705198722 0.45926881014808152 -0.0082927814814198648 0.45826861598854424 0 -0.45811962317900395 1.9048807284645879 OK 15 14 0.51760700000000004 0.36072399999999999 0.1804 0.33870600000000001 0.17305499999999999 0 0.17890100000000003 0.187669 0.1804 0.011756000000000001 0.011861 0.011238 0.14367499999999994 0.15248399999999987 0.14617499999999997 0.0034460000000000003 0.0034280000000000005 0.0034419999999999997 0.00098799999999999995 0.001062 0.0010200000000000001 1.9048804848983396 1.9048804848983396 1.9048804848983396 0.00067297638574389954 0.00067297638574389954 0.00067297638574389954 1 1 1 Converged Converged Converged OK OK OK 88 88 88 88 88 88 8 8 8 0 0 0 0 1 0 0 1
116 116 uniform 2 15 1167 2 0.001 0.79783820469000322 0.0001867805246971563 0.012780258705198722 0.45926881014808152 -0.0082927814814198648 0.46004673893883274 0 -0.45989774612929246 1.9271497554580517 OK 14 13 0.55372100000000002 0.41139300000000001 0.15309900000000001 0.399009 0.24096600000000001 0 0.15471200000000002 0.170427 0.15309900000000001 0.0095940000000000001 0.0097730000000000004 0.0088900000000000003 0.12347799999999996 0.13531900000000002 0.12293299999999996 0.00346 0.0042830000000000003 0.0035119999999999999 0.00096600000000000006 0.001137 0.0010669999999999998 1.9271517497236756 1.9271517497236756 1.9271517497236756 0.0011572386012844921 0.0011572386012844921 0.0011572386012844921 1 1 1 Converged Converged Converged OK OK OK 95 95 95 95 95 95 9 9 9 0 0 0 0 1 0 0 1
116 116 uniform 2 23 1167 3 0.001 0.79783820469000322 0.0001867805246971563 0.012780258705198722 0.45926881014808152 -0.0082927814814198648 0.46182486188912125 0 -0.46167586907958097 1.936776015925614 OK 14 13 0.49409900000000001 0.34900999999999999 0.13839399999999999 0.35266900000000001 0.197523 0 0.14143 0.15148699999999998 0.13839399999999999 0.0092549999999999993 0.0093430000000000006 0.0083669999999999994 0.11326199999999999 0.12362999999999992 0.11220400000000003 0.0032690000000000002 0.00329 0.0030309999999999998 0.00099299999999999996 0.00092700000000000009 0.00081700000000000002 1.9367788302579474 1.9367788302579474 1.9367788302579474 0.0013114029321901245 0.0013114029321901245 0.0013114029321901245 1 1 1 Converged Converged Converged OK OK OK 87 87 87 87 87 87 9 9 9 0 0 0 0 1 0 0 1
116 116 uniform 2 0 1167 0 0.0001 0.79783820469000322 0.0001867805246971563 0.012780258705198722 0.45926881014808152 -0.0082927814814198648 0.45671275840704179 0 -0.4565637655975015 1.8953119923787989 OK 15 14 0.55998899999999996 0.55765500000000001 0.22014600000000001 0.33901900000000001 0.34190700000000002 0 0.22096999999999994 0.215748 0.22014600000000001 0.013035 0.012591 0.012506 0.16706700000000002 0.16503200000000004 0.16868599999999997 0.0060709999999999991 0.0048339999999999998 0.0052280000000000009 0.001389 0.0012919999999999997 0.0012849999999999997 1.8953116115591901 1.8953116115591901 1.8953116115591901 0.0001081896611571287 0.0001081896611571287 0.0001081896611571287 1 1 1 Converged Converged Converged OK OK OK 105 105 105 105 105 105 7 7 7 0 0 0 0 0 1 0 0
116 116 uniform 2 7 1167 1 0.0001 0.79783820469000322 0.0001867805246971563 0.012780258705198722 0.45926881014808152 -0.0082927814814198648 0.45826861598854424 0 -0.45811962317900395 1.9048807284645879 OK 15 14 0.53000100000000006 0.38666899999999998 0.19309299999999999 0.33512599999999998 0.173184 0 0.19487500000000008 0.21348499999999998 0.19309299999999999 0.012054 0.01209 0.011327 0.15624899999999997 0.174903 0.15579400000000002 0.004463 0.004555 0.0044180000000000001 0.001261 0.0012039999999999998 0.0012310000000000001 1.9048804847998959 1.9048804847998959 1.9048804847998959 0.00012409051164525772 0.00012409051164525772 0.00012409051164525772 1 1 1 Converged Converged Converged OK OK OK 104 104 104 104 104 104 8 8 8 0 0 0 0 1 0 0 1
116 116 uniform 2 15 1167 2 0.0001 0.79783820469000322 0.0001867805246971563 0.012780258705198722 0.45926881014808152 -0.0082927814814198648 0.46004673893883274 0 -0.45989774612929246 1.9271497554580517 OK 14 13 0.59257499999999996 0.45345200000000002 0.190277 0.39780500000000002 0.24080199999999999 0 0.19476999999999994 0.21265000000000003 0.190277 0.010246 0.0099380000000000007 0.0092709999999999997 0.15114500000000006 0.16971500000000006 0.14975200000000005 0.0060060000000000001 0.0058429999999999992 0.0054129999999999994 0.0014170000000000001 0.0013649999999999999 0.0013579999999999998 1.9271498865201147 1.9271498865201147 1.9271498865201147 0.00010938990946091502 0.00010938990946091502 0.00010938990946091502 1 1 1 Converged Converged Converged OK OK OK 127 127 127 127 127 127 9 9 9 0 0 0 0 1 0 0 1
116 116 uniform 2 23 1167 3 0.0001 0.79783820469000322 0.0001867805246971563 0.012780258705198722 0.45926881014808152 -0.0082927814814198648 0.46182486188912125 0 -0.46167586907958097 1.936776015925614 OK 14 13 0.55029499999999998 0.416329 0.19123599999999999 0.355937 0.20002600000000001 0 0.19435799999999998 0.216303 0.19123599999999999 0.0094850000000000004 0.0091459999999999996 0.0085570000000000004 0.15545200000000001 0.17763400000000007 0.15443999999999997 0.0058130000000000005 0.0056560000000000004 0.0052310000000000004 0.0014180000000000002 0.0014449999999999999 0.0013780000000000001 1.936776365642537 1.936776365642537 1.936776365642537 0.00015608842921953039 0.00015608842921953039 0.00015608842921953039 1 1 1 Converged Converged Converged OK OK OK 127 127 127 127 127 127 9 9 9 0 0 0 0 1 0 0 1
116 116 uniform 3 0 1168 0 0.001 0.79783820469000322 0.0001867805246971563 0.012780258705198722 0.45446610879547827 -0.0019901633152621758 0.45191005705443854 0 -0.45176106424489826 1.8361840200425397 OK 14 13 0.47681499999999999 0.481603 0.14375099999999999 0.33285700000000001 0.33786300000000002 0 0.14395799999999997 0.14373999999999998 0.14375099999999999 0.0097579999999999993 0.009868 0.0094450000000000003 0.11416899999999999 0.11397399999999999 0.11423 0.0025160000000000004 0.0026709999999999998 0.002787 0.00075100000000000004 0.00071500000000000003 0.00073099999999999999 1.8361899822933538 1.8361899822933538 1.8361899822933538 0.0011670185279641838 0.0011670185279641838 0.0011670185279641838 1 1 1 Converged Converged Converged OK OK OK 66 66 66 66 66 66 6 6 6 0 0 0 0 0 1 0 0
116 116 uniform 3 7 1168 1 0.001 0.79783820469000322 0.0001867805246971563 0.012780258705198722 0.45446610879547827 -0.0019901633152621758 0.45346591463594099 0 -0.45331692182640071 1.8298467705893811 OK 14 13 0.60011800000000004 0.44812400000000002 0.11798599999999999 0.47980099999999998 0.31889400000000001 0 0.12031700000000006 0.12923000000000001 0.11798599999999999 0.0088120000000000004 0.0088419999999999992 0.0081740000000000007 0.097710999999999978 0.10437399999999997 0.096674999999999983 0.002075 0.0022409999999999999 0.002091 0.00051599999999999997 0.00055100000000000006 0.00053800000000000007 1.8298648088981582 1.8298648088981582 1.8298648088981582 0.0015796391727460168 0.0015796391727460168 0.0015796391727460168 1 1 1 Converged Converged Converged OK OK OK 58 58 58 58 58 58 6 6 6 0 0 0 0 1 0 0 1
116 116 uniform 3 15 1168 2 0.001 0.79783820469000322 0.0001867805246971563 0.012780258705198722 0.45446610879547827 -0.0019901633152621758 0.4552440375862295 0 -0.45509504477668922 1.824069604214291 OK 14 13 0.46849000000000002 0.31771899999999997 0.12957199999999999 0.33532499999999998 0.17762700000000001 0 0.13316500000000003 0.14009199999999997 0.12957199999999999 0.0089440000000000006 0.0086339999999999993 0.0081250000000000003 0.11001299999999997 0.11773699999999999 0.10848999999999996 0.0023800000000000002 0.0021740000000000002 0.0021320000000000002 0.000562 0.00057299999999999994 0.00050599999999999994 1.8240827864968778 1.8240827864968778 1.8240827864968778 0.0010129931752132562 0.0010129931752132562 0.0010129931752132562 1 1 1 Converged Converged Converged OK OK OK 58 58 58 58 58 58 6 6 6 0 0 0 0 1 0 0 1
116 116 uniform 3 23 1168 3 0.001 0.79783820469000322 0.0001867805246971563 0.012780258705198722 0.45446610879547827 -0.0019901633152621758 0.45702216053651801 0 -0.45687316772697772 1.8198357135561896 OK 14 13 0.59131400000000001 0.435087 0.12359000000000001 0.46375499999999997 0.30386200000000002 0 0.12755900000000003 0.13122499999999998 0.12359000000000001 0.0091229999999999992 0.0090559999999999998 0.0083649999999999992 0.10366200000000002 0.108242 0.10167999999999998 0.0025579999999999999 0.0023530000000000001 0.0022719999999999997 0.00076100000000000007 0.00062 0.00063100000000000005 1.8198467195736376 1.8198467195736376 1.8198467195736376 0.0015689121581536861 0.0015689121581536861 0.0015689121581536861 1 1 1 Converged Converged Converged OK OK OK 58 58 58 58 58 58 6 6 6 0 0 0 0 1 0 0 1
116 116 uniform 3 0 1168 0 0.0001 0.79783820469000322 0.0001867805246971563 0.012780258705198722 0.45446610879547827 -0.0019901633152621758 0.45191005705443854 0 -0.45176106424489826 1.8361840200425397 OK 14 13 0.535964 0.53725900000000004 0.20116100000000001 0.33492899999999998 0.336148 0 0.20103500000000002 0.20111100000000004 0.20116100000000001 0.0097800000000000005 0.0099369999999999997 0.0096780000000000008 0.15620199999999995 0.156164 0.15627100000000005 0.0049730000000000009 0.0053509999999999999 0.0053430000000000005 0.0011769999999999999 0.0012470000000000003 0.001191 1.8361847462695489 1.8361847462695489 1.8361847462695489 9.007001219756339e-05 9.007001219756339e-05 9.007001219756339e-05 1 1 1 Converged Converged Converged OK OK OK 106 106 106 106 106 106 6 6 6 0 0 0 0 0 1 0 0
116 116 uniform 3 7 1168 1 0.0001 0.79783820469000322 0.0001867805246971563 0.012780258705198722 0.45446610879547827 -0.0019901633152621758 0.45346591463594099 0 -0.45331692182640071 1.8298467705893811 OK 14 13 0.67443399999999998 0.53076599999999996 0.187307 0.48292800000000002 0.324436 0 0.19150599999999995 0.20632999999999996 0.187307 0.0089280000000000002 0.0090749999999999997 0.0082780000000000006 0.15497399999999997 0.17005100000000006 0.15302299999999999 0.0051279999999999997 0.0051460000000000004 0.0048330000000000005 0.001083 0.0011070000000000001 0.0010280000000000001 1.8298470543957499 1.8298470543957499 1.8298470543957499 3.5949668369508492e-05 3.5949668369508492e-05 3.5949668369508492e-05 1 1 1 Converged Converged Converged OK OK OK 106 106 106 106 106 106 6 6 6 0 0 0 0 1 0 0 1
116 116 uniform 3 15 1168 2 0.0001 0.79783820469000322 0.0001867805246971563 0.012780258705198722 0.45446610879547827 -0.0019901633152621758 0.4552440375862295 0 -0.45509504477668922 1.824069604214291 OK 14 13 0.52006300000000005 0.37436599999999998 0.17985899999999999 0.33737 0.17846999999999999 0 0.18269300000000005 0.19589599999999999 0.17985899999999999 0.008855 0.0089239999999999996 0.0081040000000000001 0.15086600000000003 0.16423100000000002 0.14989799999999992 0.0043990000000000001 0.0042050000000000004 0.004248 0.00083299999999999997 0.00080400000000000003 0.00080200000000000009 1.8240699698937157 1.8240699698937157 1.8240699698937157 4.7958911875086817e-05 4.7958911875086817e-05 4.7958911875086817e-05 1 1 1 Converged Converged Converged OK OK OK 90 90 90 90 90 90 6 6 6 0 0 0 0 1 0 0 1
116 116 uniform 3 23 1168 3 0.0001 0.79783820469000322 0.0001867805246971563 0.012780258705198722 0.45446610879547827 -0.0019901633152621758 0.45702216053651801 0 -0.45687316772697772 1.8198357135561896 OK 14 13 0.64762799999999998 0.51062700000000005 0.182029 0.46538499999999999 0.31203999999999998 0 0.18224299999999999 0.19858700000000007 0.182029 0.0093159999999999996 0.0094619999999999999 0.0084010000000000005 0.14685599999999996 0.16230199999999997 0.14902100000000001 0.0049249999999999997 0.0055230000000000001 0.0045700000000000003 0.0011789999999999999 0.0011999999999999999 0.0010609999999999999 1.819836658795648 1.819836658795648 1.819836658795648 6.7072630688274146e-05 6.7072630688274146e-05 6.7072630688274146e-05 1 1 1 Converged Converged Converged OK OK OK 98 98 98 98 98 98 6 6 6 0 0 0 0 1 0 0 1
116 116 uniform 4 0 1169 0 0.001 0.79783820469000322 0.0001867805246971563 0.012780258705198722 -0.0055928551769780606 -0.020639490644001082 -0.008148906918017805 0 0.0082978997275580998 46.998308301015832 OK 13 12 0.40241500000000002 0.40454600000000002 0.085869000000000001 0.31559799999999999 0.316359 0 0.086817000000000033 0.088187000000000015 0.085869000000000001 0.010299000000000001 0.010408000000000001 0.0097739999999999997 0.057184000000000013 0.05789699999999999 0.057412999999999985 0.0025789999999999997 0.0028969999999999998 0.0026019999999999997 0.00072000000000000005 0.00079199999999999995 0.00068099999999999996 46.998309369485575 46.998309369485575 46.998309369485575 0.015760118905489319 0.015760118905489319 0.015760118905489319 1 1 1 Converged Converged Converged OK OK OK 59 59 59 59 59 59 5 5 5 0 0 0 0 0 1 0 0
116 116 uniform 4 7 1169 1 0.001 0.79783820469000322 0.0001867805246971563 0.012780258705198722 -0.0055928551769780606 -0.020639490644001082 -0.0065930493365153522 0 0.006742042146055646 48.294181452888573 OK 13 12 0.38855600000000001 0.27156599999999997 0.077327000000000007 0.305533 0.14954999999999999 0 0.083023000000000013 0.12201599999999999 0.077327000000000007 0.0093310000000000008 0.0094240000000000001 0.0088990000000000007 0.059578999999999993 0.098471000000000003 0.054703000000000009 0.0022770000000000004 0.0022780000000000001 0.0022779999999999996 0.00052099999999999998 0.00050799999999999999 0.00052300000000000003 48.294201170427563 48.294201170427563 48.294201170427563 0.041348386309761183 0.041348386309761183 0.041348386309761183 1 1 1 Converged Converged Converged OK OK OK 51 51 51 51 51 51 5 5 5 0 0 0 0 1 0 0 1
116 116 uniform 4 15 1169 2 0.001 0.79783820469000322 0.0001867805246971563 0.012780258705198722 -0.0055928551769780606 -0.020639490644001082 -0.0048149263862268341 0 0.004963919195767128 49.547485268328401 OK 13 12 0.42387900000000001 0.31218800000000002 0.076952000000000007 0.34531899999999999 0.18714700000000001 0 0.078560000000000019 0.12504100000000001 0.076952000000000007 0.0093439999999999999 0.0093810000000000004 0.0087740000000000005 0.055182000000000002 0.10142999999999996 0.05468400000000001 0.0023159999999999999 0.0023509999999999998 0.002173 0.00048899999999999996 0.00049200000000000003 0.00049100000000000001 49.547496116201771 49.547496116201771 49.547496116201771 0.028697691847551363 0.028697691847551363 0.028697691847551363 1 1 1 Converged Converged Converged OK OK OK 51 51 51 51 51 51 5 5 5 0 0 0 0 1 0 0 1
116 116 uniform 4 23 1169 3 0.001 0.79783820469000322 0.0001867805246971563 0.012780258705198722 -0.0055928551769780606 -0.020639490644001082 -0.0030368034359383161 0 0.0031857962454786099 50.487863514388188 OK 13 12 0.38971699999999998 0.27147199999999999 0.077482999999999996 0.31035699999999999 0.14966199999999999 0 0.079359999999999986 0.12181 0.077482999999999996 0.0097590000000000003 0.0097070000000000004 0.0090100000000000006 0.055436000000000013 0.098206000000000002 0.054969999999999998 0.0023219999999999998 0.0022310000000000003 0.002153 0.00057400000000000007 0.00055699999999999999 0.00055000000000000003 50.487872076053151 50.487872076053151 50.487872076053151 0.026181409867577037 0.026181409867577037 0.026181409867577037 1 1 1 Converged Converged Converged OK OK OK 51 51 51 51 51 51 5 5 5 0 0 0 0 1 0 0 1
116 116 uniform 4 0 1169 0 0.0001 0.79783820469000322 0.0001867805246971563 0.012780258705198722 -0.0055928551769780606 -0.020639490644001082 -0.008148906918017805 0 0.0082978997275580998 46.998308301015832 OK 13 12 0.43130099999999999 0.43146099999999998 0.112153 0.31663599999999997 0.315832 0 0.11466500000000002 0.11562899999999998 0.112153 0.010536 0.010293 0.0099679999999999994 0.075120999999999979 0.07773799999999996 0.074317000000000036 0.0043189999999999999 0.0038859999999999997 0.0040559999999999997 0.001 0.00095600000000000004 0.00098400000000000007 46.998307966694853 46.998307966694853 46.998307966694853 0.0029845550403340263 0.0029845550403340263 0.0029845550403340263 1 1 1 Converged Converged Converged OK OK OK 83 83 83 83 83 83 5 5 5 0 0 0 0 0 1 0 0
116 116 uniform 4 7 1169 1 0.0001 0.79783820469000322 0.0001867805246971563 0.012780258705198722 -0.0055928551769780606 -0.020639490644001082 -0.0065930493365153522 0 0.006742042146055646 48.294181452888573 OK 13 12 0.43755500000000003 0.35896499999999998 0.126134 0.30921799999999999 0.14561099999999999 0 0.12833700000000003 0.21335399999999999 0.126134 0.009606 0.0095169999999999994 0.0088059999999999996 0.091687000000000018 0.17658200000000004 0.090818999999999955 0.0045100000000000001 0.0044450000000000002 0.0043950000000000005 0.00096600000000000006 0.00099400000000000009 0.00094600000000000001 48.294181058700062 48.294181058700062 48.294181058700062 0.0019257297425499394 0.0019257297425499394 0.0019257297425499394 1 1 1 Converged Converged Converged OK OK OK 91 91 91 91 91 91 5 5 5 0 0 0 0 1 0 0 1
116 116 uniform 4 15 1169 2 0.0001 0.79783820469000322 0.0001867805246971563 0.012780258705198722 -0.0055928551769780606 -0.020639490644001082 -0.0048149263862268341 0 0.004963919195767128 49.547485268328401 OK 13 12 0.45968500000000001 0.37159599999999998 0.108488 0.34553299999999998 0.188914 0 0.11415200000000003 0.18268199999999998 0.108488 0.0097319999999999993 0.0093530000000000002 0.0087799999999999996 0.082121 0.1523210000000001 0.079585000000000003 0.0040470000000000002 0.0035820000000000001 0.003434 0.00088600000000000007 0.00078499999999999989 0.00076100000000000007 49.547484814212609 49.547484814212609 49.547484814212609 0.0025276164595618494 0.0025276164595618494 0.0025276164595618494 1 1 1 Converged Converged Converged OK OK OK 75 75 75 75 75 75 5 5 5 0 0 0 0 1 0 0 1
116 116 uniform 4 23 1169 3 0.0001 0.79783820469000322 0.0001867805246971563 0.012780258705198722 -0.0055928551769780606 -0.020639490644001082 -0.0030368034359383161 0 0.0031857962454786099 50.487863514388188 OK 13 12 0.426122 0.32891199999999998 0.108775 0.31438199999999999 0.15168999999999999 0 0.11174000000000001 0.17722199999999999 0.108775 0.009835 0.0098469999999999999 0.0090989999999999994 0.080922999999999995 0.14640999999999996 0.079749 0.0035519999999999996 0.0036960000000000001 0.0033370000000000001 0.00079300000000000009 0.00078899999999999999 0.00076599999999999997 50.487862983638053 50.487862983638053 50.487862983638053 0.00059806474629969678 0.00059806474629969678 0.00059806474629969678 1 1 1 Converged Converged Converged OK OK OK 75 75 75 75 75 75 5 5 5 0 0 0 0 1 0 0 1
117 117 linear 0 0 1170 0 0.001 0.2863730159787804 0.045730591241941849 0.00061002464882457103 0.0035671448276416219 0.00042858318803430483 0.0034451398978767077 0.5 0.0090781691131893889 784.56771069757224 OK 17 16 0.99565999999999999 0.97650300000000001 0.33142300000000002 0.65154199999999995 0.64255700000000004 0 0.34411800000000003 0.33394599999999997 0.33142300000000002 0.017994 0.017302999999999999 0.016480000000000002 0.27321699999999993 0.26349199999999989 0.26384199999999991 0.0065430000000000002 0.0075740000000000009 0.0064600000000000005 0.0016369999999999998 0.0018039999999999998 0.0016489999999999999 784.56903206543711 784.56903206543711 784.56903206543711 0.32846215108250526 0.32846215108250526 0.32846215108250526 1 1 1 Converged Converged Converged OK OK OK 133 133 133 133 133 133 11 11 11 0 0 0 0 0 1 0 0
117 117 linear 0 7 1170 1 0.001 0.2863730159787804 0.045730591241941849 0.00061002464882457103 0.0035671448276416219 0.00042858318803430483 0.0035194037681683947 0.5 0.0090039052428977015 780.79126419840952 OK 17 16 0.858815 0.84519200000000005 0.30810999999999999 0.53639300000000001 0.381328 0 0.32242199999999999 0.46386400000000005 0.30810999999999999 0.016934000000000001 0.015649 0.014741000000000001 0.27100399999999991 0.41305300000000011 0.25913799999999981 0.0064070000000000012 0.0067039999999999999 0.0064899999999999992 0.0014829999999999999 0.0015240000000000002 0.0014929999999999998 780.79069012134403 780.79069012134403 780.79069012134403 0.31459842575051467 0.31459842575051467 0.31459842575051467 1 1 1 Converged Converged Converged OK OK OK 133 133 133 133 133 133 11 11 11 0 0 0 0 1 0 0 1
117 117 linear 0 15 1170 2 0.001 0.2863730159787804 0.045730591241941849 0.00061002464882457103 0.0035671448276416219 0.00042858318803430483 0.0036042767627874651 0.5 0.0089190322482786306 774.42091965155316 OK 17 16 0.84042799999999995 0.85093300000000005 0.31120799999999998 0.51866999999999996 0.37273699999999999 0 0.32175799999999999 0.47819600000000007 0.31120799999999998 0.015519 0.01549 0.014524 0.2711090000000001 0.42784600000000028 0.26339199999999996 0.0065319999999999996 0.0064359999999999999 0.0060290000000000005 0.0016150000000000001 0.0015739999999999999 0.0015330000000000001 774.421911655136 774.421911655136 774.421911655136 0.30485534441561896 0.30485534441561896 0.30485534441561896 1 1 1 Converged Converged Converged OK OK OK 133 133 133 133 133 133 11 11 11 0 0 0 0 1 0 0 1
117 117 linear 0 23 1170 3 0.001 0.2863730159787804 0.045730591241941849 0.00061002464882457103 0.0035671448276416219 0.00042858318803430483 0.003689149757406536 0.5 0.0088341592536595598 766.43029355170597 OK 17 16 1.023387 0.99892599999999998 0.30362099999999997 0.71250199999999997 0.55449400000000004 0 0.31088500000000008 0.44443199999999994 0.30362099999999997 0.015691 0.015688000000000001 0.01465 0.26237900000000003 0.39166300000000015 0.25718099999999994 0.0060080000000000003 0.0059620000000000003 0.0056650000000000008 0.001415 0.0013729999999999999 0.0014159999999999999 766.42544305575586 766.42544305575586 766.42544305575586 0.65177360769557247 0.65177360769557247 0.65177360769557247 1 1 1 Converged Converged Converged OK OK OK 125 125 125 125 125 125 11 11 11 0 0 0 0 1 0 0 1
117 117 linear 0 0 1170 0 0.0001 0.2863730159787804 0.045730591241941849 0.00061002464882457103 0.0035671448276416219 0.00042858318803430483 0.0034451398978767077 0.5 0.0090781691131893889 784.56771069757224 OK 17 16 1.0742940000000001 1.063407 0.41161900000000001 0.64876299999999998 0.64070000000000005 0 0.4255310000000001 0.42270699999999994 0.41161900000000001 0.016752 0.016868999999999999 0.016199000000000002 0.33964599999999989 0.33592100000000008 0.32705099999999987 0.0084970000000000011 0.0093699999999999999 0.008549000000000001 0.0021099999999999999 0.0024389999999999998 0.0021829999999999996 784.56896094518413 784.56896094518413 784.56896094518413 0.057237170943559783 0.057237170943559783 0.057237170943559783 1 1 1 Converged Converged Converged OK OK OK 173 173 173 173 173 173 11 11 11 0 0 0 0 0 1 0 0
117 117 linear 0 7 1170 1 0.0001 0.2863730159787804 0.045730591241941849 0.00061002464882457103 0.0035671448276416219 0.00042858318803430483 0.0035194037681683947 0.5 0.0090039052428977015 780.79126419840952 OK 17 16 0.94781599999999999 1.0020039999999999 0.41317700000000002 0.52525500000000003 0.37947999999999998 0 0.42256099999999996 0.62252399999999986 0.41317700000000002 0.015533999999999999 0.015705 0.014768 0.36066800000000016 0.55926600000000037 0.3523119999999999 0.0085440000000000012 0.0092620000000000011 0.008652 0.0019740000000000001 0.0020609999999999999 0.0019790000000000003 780.79062724348887 780.79062724348887 780.79062724348887 0.058175277336430922 0.058175277336430922 0.058175277336430922 1 1 1 Converged Converged Converged OK OK OK 173 173 173 173 173 173 11 11 11 0 0 0 0 1 0 0 1
117 117 linear 0 15 1170 2 0.0001 0.2863730159787804 0.045730591241941849 0.00061002464882457103 0.0035671448276416219 0.00042858318803430483 0.0036042767627874651 0.5 0.0089190322482786306 774.42091965155316 OK 17 16 0.89675499999999997 0.95478300000000005 0.38736199999999998 0.51515999999999995 0.37327100000000002 0 0.38159500000000002 0.58151200000000003 0.38736199999999998 0.015402000000000001 0.015468000000000001 0.015613999999999999 0.32503999999999988 0.52397700000000014 0.33025000000000004 0.0072950000000000003 0.0079209999999999992 0.0076400000000000018 0.00197 0.0019589999999999998 0.001946 774.42181934036182 774.42181934036182 774.42181934036182 0.07712336200963997 0.07712336200963997 0.07712336200963997 1 1 1 Converged Converged Converged OK OK OK 157 157 157 157 157 157 11 11 11 0 0 0 0 1 0 0 1
117 117 linear 0 23 1170 3 0.0001 0.2863730159787804 0.045730591241941849 0.00061002464882457103 0.0035671448276416219 0.00042858318803430483 0.003689149757406536 0.5 0.0088341592536595598 766.43029355170597 OK 17 16 1.097143 1.1255900000000001 0.39111800000000002 0.709256 0.55678000000000005 0 0.38788699999999998 0.56881000000000004 0.39111800000000002 0.015862999999999999 0.015962 0.015906 0.32914399999999988 0.51054999999999995 0.33398500000000003 0.0084899999999999975 0.0082109999999999995 0.0075519999999999997 0.0023570000000000002 0.0019290000000000002 0.0019229999999999998 766.42440476227921 766.42440476227921 766.42440476227921 0.072381801839995472 0.072381801839995472 0.072381801839995472 1 1 1 Converged Converged Converged OK OK OK 157 157 157 157 157 157 11 11 11 0 0 0 0 1 0 0 1
117 117 linear 1 0 1171 0 0.001 0.2863730159787804 0.045730591241941849 0.00061002464882457103 2.9240499333919794 1.3685391328086964 2.9239279284622146 0.5 -2.9114046194511487 4.1513826979747659 OK 14 13 0.79482200000000003 0.77045399999999997 0.26208199999999998 0.50578599999999996 0.50744100000000003 0 0.28903600000000007 0.26301299999999994 0.26208199999999998 0.013627 0.012149 0.011905000000000001 0.24084400000000003 0.21816200000000002 0.21745999999999999 0.0050590000000000001 0.0044639999999999992 0.0047730000000000003 0.0011869999999999999 0.0010610000000000001 0.0011039999999999999 4.1513909197723553 4.1513909197723553 4.1513909197723553 0.003472999775007229 0.003472999775007229 0.003472999775007229 1 1 1 Converged Converged Converged OK OK OK 98 98 98 98 98 98 6 6 6 0 0 0 0 0 1 0 0
117 117 linear 1 7 1171 1 0.001 0.2863730159787804 0.045730591241941849 0.00061002464882457103 2.9240499333919794 1.3685391328086964 2.9240021923325061 0.5 -2.9114788833214402 4.2125459240104748 OK 14 13 1.008062 0.99909099999999995 0.23277200000000001 0.75839999999999996 0.62225600000000003 0 0.24966200000000005 0.37683499999999992 0.23277200000000001 0.012638999999999999 0.011087 0.010652 0.21008800000000008 0.34018700000000007 0.19690599999999997 0.0052480000000000001 0.0047909999999999993 0.0049499999999999995 0.0011400000000000002 0.0011970000000000001 0.00108 4.212549402039282 4.2125494020401115 4.212549402039282 0.0037343297782981102 0.0037343297780836481 0.0037343297782981102 1 1 1 Converged Converged Converged OK OK OK 98 98 98 98 98 98 6 6 6 0 0 0 0 1 0 0 1
117 117 linear 1 15 1171 2 0.001 0.2863730159787804 0.045730591241941849 0.00061002464882457103 2.9240499333919794 1.3685391328086964 2.9240870653271251 0.5 -2.9115637563160592 4.2544138477179034 OK 14 13 1.0696699999999999 1.0839350000000001 0.29797000000000001 0.766509 0.63782099999999997 0 0.3031609999999999 0.44611400000000012 0.29797000000000001 0.011096 0.010931 0.010271000000000001 0.26003799999999994 0.402758 0.25581600000000004 0.0056850000000000008 0.0059320000000000006 0.0059750000000000003 0.0012080000000000001 0.0011979999999999998 0.0012310000000000001 4.2544085893150143 4.2544085893148189 4.2544085893150143 0.002192750791304396 0.0021927507909878605 0.002192750791304396 1 1 1 Converged Converged Converged OK OK OK 114 114 114 114 114 114 6 6 6 0 0 0 0 1 0 0 1
117 117 linear 1 23 1171 3 0.001 0.2863730159787804 0.045730591241941849 0.00061002464882457103 2.9240499333919794 1.3685391328086964 2.9241719383217442 0.5 -2.9116486293106782 4.2735565442027728 OK 13 12 0.97737300000000005 0.962233 0.21723300000000001 0.75588500000000003 0.614174 0 0.22148800000000002 0.34805900000000001 0.21723300000000001 0.0087049999999999992 0.0089359999999999995 0.008201 0.18709500000000004 0.31262799999999996 0.18375100000000003 0.0045509999999999995 0.0052529999999999999 0.0046779999999999999 0.0011279999999999999 0.001186 0.00117 4.2735584872022931 4.2735584872015036 4.2735584872022931 0.0030838907421935047 0.0030838907422657885 0.0030838907421935047 1 1 1 Converged Converged Converged OK OK OK 98 98 98 98 98 98 6 6 6 0 0 0 0 1 0 0 1
117 117 linear 1 0 1171 0 0.0001 0.2863730159787804 0.045730591241941849 0.00061002464882457103 2.9240499333919794 1.3685391328086964 2.9239279284622146 0.5 -2.9114046194511487 4.1513826979747659 OK 14 13 0.900007 0.879695 0.369979 0.51589300000000005 0.50885100000000005 0 0.38411399999999996 0.37084399999999995 0.369979 0.013528999999999999 0.012283000000000001 0.01183 0.31608999999999982 0.3044659999999999 0.30491500000000005 0.0075620000000000001 0.0078239999999999994 0.0074000000000000003 0.0015149999999999999 0.0015300000000000001 0.0015279999999999998 4.1513909156630264 4.1513909156630264 4.1513909156630264 0.00015903661476825349 0.00015903661476825349 0.00015903661476825349 1 1 1 Converged Converged Converged OK OK OK 146 146 146 146 146 146 6 6 6 0 0 0 0 0 1 0 0
117 117 linear 1 7 1171 1 0.0001 0.2863730159787804 0.045730591241941849 0.00061002464882457103 2.9240499333919794 1.3685391328086964 2.9240021923325061 0.5 -2.9114788833214402 4.2125459240104748 OK 14 13 1.09649 1.184871 0.33767900000000001 0.754938 0.62185100000000004 0 0.34155199999999997 0.56301999999999996 0.33767900000000001 0.011065999999999999 0.011056 0.010460000000000001 0.28940999999999995 0.5100920000000001 0.28702800000000006 0.0078609999999999999 0.0078919999999999997 0.0076119999999999998 0.001487 0.0016019999999999997 0.0014650000000000002 4.2125493968019505 4.2125493968027801 4.2125493968019505 0.00016348360401519953 0.00016348360380073743 0.00016348360401519953 1 1 1 Converged Converged Converged OK OK OK 146 146 146 146 146 146 6 6 6 0 0 0 0 1 0 0 1
117 117 linear 1 15 1171 2 0.0001 0.2863730159787804 0.045730591241941849 0.00061002464882457103 2.9240499333919794 1.3685391328086964 2.9240870653271251 0.5 -2.9115637563160592 4.2544138477179034 OK 14 13 1.130876 1.1924250000000001 0.37177100000000002 0.76288299999999998 0.633768 0 0.36799300000000001 0.55865700000000007 0.37177100000000002 0.011044 0.011174999999999999 0.010408000000000001 0.31566700000000036 0.50566100000000014 0.32006899999999977 0.0078450000000000013 0.0082369999999999995 0.0078639999999999995 0.0015150000000000001 0.0015019999999999999 0.001518 4.2544085904322335 4.2544085904320381 4.2544085904322335 0.00020511349116083307 0.00020511349084429776 0.00020511349116083307 1 1 1 Converged Converged Converged OK OK OK 146 146 146 146 146 146 6 6 6 0 0 0 0 1 0 0 1
117 117 linear 1 23 1171 3 0.0001 0.2863730159787804 0.045730591241941849 0.00061002464882457103 2.9240499333919794 1.3685391328086964 2.9241719383217442 0.5 -2.9116486293106782 4.2735565442027728 OK 13 12 1.0997980000000001 1.14219 0.35067599999999999 0.75447900000000001 0.61143800000000004 0 0.34531900000000004 0.530752 0.35067599999999999 0.0089630000000000005 0.0091269999999999997 0.0094780000000000003 0.29957999999999996 0.48373800000000017 0.30457099999999993 0.0080180000000000008 0.0085569999999999986 0.0076279999999999994 0.001529 0.0015740000000000001 0.0015869999999999999 4.2735539247227932 4.2735539247226457 4.2735539247227932 0.00031713338665662581 0.00031713338672597691 0.00031713338665662581 1 1 1 Converged Converged Converged OK OK OK 146 146 146 146 146 146 6 6 6 0 0 0 0 1 0 0 1
117 117 linear 2 0 1172 0 0.001 0.2863730159787804 0.045730591241941849 0.00061002464882457103 2.9280535082333152 -1.3697539536082681 2.9279315033035505 0.5 -2.9154081942924845 1.7620073416799793 OK 14 13 0.79513299999999998 0.79919600000000002 0.226434 0.56667000000000001 0.57364599999999999 0 0.22846299999999997 0.22555000000000003 0.226434 0.011712 0.011823999999999999 0.011945000000000001 0.18538199999999991 0.182922 0.18322400000000003 0.0042179999999999995 0.0041240000000000001 0.0043169999999999997 0.0010449999999999999 0.001052 0.0010860000000000002 1.7620028512849266 1.7620028512849266 1.7620028512849266 0.0011036609843552455 0.0011036609843552455 0.0011036609843552455 1 1 1 Converged Converged Converged OK OK OK 90 90 90 90 90 90 6 6 6 0 0 0 0 0 1 0 0
117 117 linear 2 7 1172 1 0.001 0.2863730159787804 0.045730591241941849 0.00061002464882457103 2.9280535082333152 -1.3697539536082681 2.928005767173842 0.5 -2.9154824581627761 1.6612893573606597 OK 14 13 0.84115300000000004 0.79693499999999995 0.17882899999999999 0.65745299999999995 0.50105299999999997 0 0.18370000000000009 0.29588199999999998 0.17882899999999999 0.011402000000000001 0.011436 0.010796 0.14823699999999998 0.26053499999999991 0.1448300000000001 0.0039629999999999995 0.0040440000000000007 0.003869 0.00095199999999999994 0.00094600000000000012 0.00090800000000000006 1.661280275971712 1.661280275971712 1.661280275971712 0.0010683395141369966 0.0010683395141369966 0.0010683395141369966 1 1 1 Converged Converged Converged OK OK OK 76 76 76 76 76 76 4 4 4 0 0 0 0 1 0 0 1
117 117 linear 2 15 1172 2 0.001 0.2863730159787804 0.045730591241941849 0.00061002464882457103 2.9280535082333152 -1.3697539536082681 2.928090640168461 0.5 -2.9155673311573951 1.645503944001184 OK 13 12 0.75150600000000001 0.71136999999999995 0.13208300000000001 0.61549699999999996 0.47995399999999999 0 0.13600900000000005 0.23141599999999996 0.13208300000000001 0.0084919999999999995 0.0085349999999999992 0.0077990000000000004 0.107877 0.20363600000000004 0.10557799999999998 0.0032659999999999998 0.0032529999999999998 0.0031369999999999996 0.00074799999999999997 0.00075600000000000016 0.000727 1.6455029037800195 1.6455029037800195 1.6455029037800195 0.0010571913168538798 0.0010571913168538798 0.0010571913168538798 1 1 1 Converged Converged Converged OK OK OK 61 61 61 61 61 61 3 3 3 0 0 0 0 1 0 0 1
117 117 linear 2 23 1172 3 0.001 0.2863730159787804 0.045730591241941849 0.00061002464882457103 2.9280535082333152 -1.3697539536082681 2.92817551316308 0.5 -2.9156522041520141 1.6459916644472088 OK 13 12 0.74446000000000001 0.68687900000000002 0.13655700000000001 0.59968500000000002 0.46349899999999999 0 0.14477499999999999 0.22338000000000002 0.13655700000000001 0.0095370000000000003 0.0082880000000000002 0.0077759999999999999 0.11544700000000001 0.19597700000000001 0.11031100000000002 0.0032599999999999999 0.0031919999999999995 0.0030879999999999996 0.00075199999999999996 0.00069300000000000004 0.00068500000000000006 1.6459906124917878 1.6459906124917878 1.6459906124917878 0.0010564952809107729 0.0010564952809107729 0.0010564952809107729 1 1 1 Converged Converged Converged OK OK OK 61 61 61 61 61 61 3 3 3 0 0 0 0 1 0 0 1
117 117 linear 2 0 1172 0 0.0001 0.2863730159787804 0.045730591241941849 0.00061002464882457103 2.9280535082333152 -1.3697539536082681 2.9279315033035505 0.5 -2.9154081942924845 1.7620073416799793 OK 14 13 0.88588699999999998 0.87861400000000001 0.31075399999999997 0.57177299999999998 0.567936 0 0.314114 0.31067800000000001 0.31075399999999997 0.011965999999999999 0.011965999999999999 0.011839000000000001 0.25757000000000002 0.25465499999999996 0.25479000000000013 0.0060459999999999993 0.00594 0.0058960000000000002 0.0013659999999999998 0.0013419999999999999 0.0014019999999999998 1.7620028499181277 1.7620028499181277 1.7620028499181277 4.5945886594737067e-05 4.5945886594737067e-05 4.5945886594737067e-05 1 1 1 Converged Converged Converged OK OK OK 122 122 122 122 122 122 6 6 6 0 0 0 0 0 1 0 0
117 117 linear 2 7 1172 1 0.0001 0.2863730159787804 0.045730591241941849 0.00061002464882457103 2.9280535082333152 -1.3697539536082681 2.928005767173842 0.5 -2.9154824581627761 1.6612893573606597 OK 14 13 0.909667 0.92945800000000001 0.252108 0.65750900000000001 0.50102899999999995 0 0.25215799999999999 0.42842900000000006 0.252108 0.011495 0.011462999999999999 0.010855999999999999 0.20663000000000006 0.38300000000000012 0.20770299999999994 0.0056580000000000016 0.0058449999999999995 0.0056899999999999997 0.001224 0.0012539999999999999 0.0012179999999999999 1.6612802745343989 1.6612802745343989 1.6612802745343989 1.0771435531288947e-05 1.0771435531288947e-05 1.0771435531288947e-05 1 1 1 Converged Converged Converged OK OK OK 108 108 108 108 108 108 4 4 4 0 0 0 0 1 0 0 1
117 117 linear 2 15 1172 2 0.0001 0.2863730159787804 0.045730591241941849 0.00061002464882457103 2.9280535082333152 -1.3697539536082681 2.928090640168461 0.5 -2.9155673311573951 1.645503944001184 OK 13 12 0.82292299999999996 0.85852300000000004 0.204545 0.60971799999999998 0.48283199999999998 0 0.21320499999999998 0.37569100000000005 0.204545 0.0084659999999999996 0.0098270000000000007 0.0078630000000000002 0.17562 0.33578899999999995 0.16812399999999994 0.0049049999999999996 0.0051930000000000006 0.0049550000000000002 0.00095799999999999998 0.0010199999999999999 0.00097499999999999985 1.6455029022643861 1.6455029022643861 1.6455029022643861 3.7969652018692604e-08 3.7969652018692604e-08 3.7969652018692604e-08 1 1 1 Converged Converged Converged OK OK OK 93 93 93 93 93 93 3 3 3 0 0 0 0 1 0 0 1
117 117 linear 2 23 1172 3 0.0001 0.2863730159787804 0.045730591241941849 0.00061002464882457103 2.9280535082333152 -1.3697539536082681 2.92817551316308 0.5 -2.9156522041520141 1.6459916644472088 OK 13 12 0.81465200000000004 0.82897500000000002 0.21492900000000001 0.59489800000000004 0.47334700000000002 0 0.219754 0.355628 0.21492900000000001 0.0082939999999999993 0.0084250000000000002 0.0077190000000000002 0.18244499999999997 0.31776599999999999 0.17883099999999999 0.0048549999999999999 0.0051149999999999998 0.0048299999999999992 0.0009369999999999999 0.00093800000000000003 0.00091100000000000003 1.6459906109002405 1.6459906109002405 1.6459906109002405 3.8493274117537125e-08 3.8493274117537125e-08 3.8493274117537125e-08 1 1 1 Converged Converged Converged OK OK OK 93 93 93 93 93 93 3 3 3 0 0 0 0 1 0 0 1
117 117 linear 3 0 1173 0 0.001 0.2863730159787804 0.045730591241941849 0.00061002464882457103 0.0028187521494800623 0.0023594495690950974 0.0026967472197151482 0.5 0.0098265617913509476 111.27097322634663 OK 13 12 0.41545199999999999 0.41915200000000002 0.090301000000000006 0.32233299999999998 0.327401 0 0.093119000000000007 0.091751000000000027 0.090301000000000006 0.0097079999999999996 0.0097020000000000006 0.0093290000000000005 0.064447000000000004 0.063399999999999998 0.062726999999999991 0.0028920000000000005 0.002849 0.0026259999999999999 0.00058199999999999994 0.00057399999999999997 0.00055899999999999993 111.27092043224464 111.27092043224464 111.27092043224464 0.067559068918877418 0.067559068918877418 0.067559068918877418 1 1 1 Converged Converged Converged OK OK OK 53 53 53 53 53 53 3 3 3 0 0 0 0 0 1 0 0
117 117 linear 3 7 1173 1 0.001 0.2863730159787804 0.045730591241941849 0.00061002464882457103 0.0028187521494800623 0.0023594495690950974 0.0027710110900068352 0.5 0.0097522979210592602 111.61842071173125 OK 13 12 0.415829 0.37203599999999998 0.087356000000000003 0.32515899999999998 0.187858 0 0.090670000000000028 0.18417799999999998 0.087356000000000003 0.0087620000000000007 0.0088339999999999998 0.0082430000000000003 0.065009000000000011 0.158389 0.063127000000000003 0.0027559999999999998 0.0029250000000000001 0.002647 0.00058600000000000004 0.00059099999999999995 0.00056499999999999996 111.61836647656121 111.61836647656121 111.61836647656121 0.067043713524147244 0.067043713524147244 0.067043713524147244 1 1 1 Converged Converged Converged OK OK OK 53 53 53 53 53 53 3 3 3 0 0 0 0 1 0 0 1
117 117 linear 3 15 1173 2 0.001 0.2863730159787804 0.045730591241941849 0.00061002464882457103 0.0028187521494800623 0.0023594495690950974 0.0028558840846259056 0.5 0.0096674249264401893 112.03146549901889 OK 13 12 0.41291899999999998 0.37334800000000001 0.086820999999999995 0.32242300000000002 0.188388 0 0.090495999999999965 0.18496000000000001 0.086820999999999995 0.0088669999999999999 0.0089300000000000004 0.0082240000000000004 0.064677000000000012 0.15893099999999993 0.062567000000000011 0.0028190000000000003 0.0030180000000000003 0.0026979999999999999 0.00056800000000000004 0.00056000000000000006 0.00054799999999999998 112.03141002168093 112.03141002168093 112.03141002168093 0.066466931329374257 0.066466931329374257 0.066466931329374257 1 1 1 Converged Converged Converged OK OK OK 53 53 53 53 53 53 3 3 3 0 0 0 0 1 0 0 1
117 117 linear 3 23 1173 3 0.001 0.2863730159787804 0.045730591241941849 0.00061002464882457103 0.0028187521494800623 0.0023594495690950974 0.0029407570792449765 0.5 0.0095825519318211184 112.46117930252829 OK 13 12 0.39482200000000001 0.33552399999999999 0.082818000000000003 0.30879699999999999 0.176122 0 0.086025000000000018 0.15940199999999999 0.082818000000000003 0.0088649999999999996 0.0087840000000000001 0.0082059999999999998 0.060712999999999982 0.13390600000000003 0.058686000000000023 0.0026480000000000002 0.002872 0.002637 0.00055499999999999994 0.00055699999999999999 0.00055000000000000003 112.46112512566019 112.46112512566019 112.46112512566019 0.065902718438345748 0.065902718438345748 0.065902718438345748 1 1 1 Converged Converged Converged OK OK OK 53 53 53 53 53 53 3 3 3 0 0 0 0 1 0 0 1
117 117 linear 3 0 1173 0 0.0001 0.2863730159787804 0.045730591241941849 0.00061002464882457103 0.0028187521494800623 0.0023594495690950974 0.0026967472197151482 0.5 0.0098265617913509476 111.27097322634663 OK 13 12 0.43951499999999999 0.43673200000000001 0.11468399999999999 0.32123800000000002 0.320326 0 0.11827699999999997 0.11640600000000001 0.11468399999999999 0.0095429999999999994 0.0095860000000000008 0.0091710000000000003 0.084026999999999991 0.082087999999999994 0.081331000000000001 0.00365 0.0038559999999999996 0.0036840000000000002 0.00069200000000000002 0.00066600000000000003 0.00065499999999999998 111.2709226391754 111.2709226391754 111.2709226391754 1.1713354963240045e-05 1.1713354963240045e-05 1.1713354963240045e-05 1 1 1 Converged Converged Converged OK OK OK 69 69 69 69 69 69 3 3 3 0 0 0 0 0 1 0 0
117 117 linear 3 7 1173 1 0.0001 0.2863730159787804 0.045730591241941849 0.00061002464882457103 0.0028187521494800623 0.0023594495690950974 0.0027710110900068352 0.5 0.0097522979210592602 111.61842071173125 OK 13 12 0.44036700000000001 0.40351199999999998 0.114263 0.32295299999999999 0.18653500000000001 0 0.11741400000000002 0.21697699999999998 0.114263 0.0088299999999999993 0.008848 0.0082430000000000003 0.086851000000000012 0.1862089999999999 0.085106000000000001 0.0036389999999999999 0.0038329999999999996 0.0036280000000000001 0.00068099999999999996 0.00068300000000000001 0.00066599999999999993 111.61836870153057 111.61836870153057 111.61836870153057 1.1554334409748189e-05 1.1554334409748189e-05 1.1554334409748189e-05 1 1 1 Converged Converged Converged OK OK OK 69 69 69 69 69 69 3 3 3 0 0 0 0 1 0 0 1
117 117 linear 3 15 1173 2 0.0001 0.2863730159787804 0.045730591241941849 0.00061002464882457103 0.0028187521494800623 0.0023594495690950974 0.0028558840846259056 0.5 0.0096674249264401893 112.03146549901889 OK 13 12 0.435498 0.39297300000000002 0.111363 0.32064999999999999 0.18709999999999999 0 0.11484800000000001 0.20587300000000003 0.111363 0.0087880000000000007 0.0090069999999999994 0.00826 0.083832999999999949 0.17511500000000008 0.082122000000000028 0.0039810000000000002 0.0038050000000000002 0.0035980000000000001 0.00071500000000000003 0.00065899999999999997 0.00065200000000000002 112.03141226687812 112.03141226687812 112.03141226687812 1.1377632618704554e-05 1.1377632618704554e-05 1.1377632618704554e-05 1 1 1 Converged Converged Converged OK OK OK 69 69 69 69 69 69 3 3 3 0 0 0 0 1 0 0 1
117 117 linear 3 23 1173 3 0.0001 0.2863730159787804 0.045730591241941849 0.00061002464882457103 0.0028187521494800623 0.0023594495690950974 0.0029407570792449765 0.5 0.0095825519318211184 112.46117930252829 OK 13 12 0.42181800000000003 0.36308600000000002 0.111304 0.30992999999999998 0.17662800000000001 0 0.11188800000000004 0.18645800000000001 0.111304 0.0087889999999999999 0.0087799999999999996 0.0081880000000000008 0.081061999999999995 0.156143 0.082033000000000036 0.0038839999999999999 0.0038159999999999999 0.0036790000000000004 0.00066900000000000011 0.00065700000000000003 0.00065299999999999993 112.46112739070389 112.46112739070389 112.46112739070389 1.1206153089399462e-05 1.1206153089399462e-05 1.1206153089399462e-05 1 1 1 Converged Converged Converged OK OK OK 69 69 69 69 69 69 3 3 3 0 0 0 0 1 0 0 1
117 117 linear 4 0 1174 0 0.001 0.2863730159787804 0.045730591241941849 0.00061002464882457103 2.92316571760959 1.3706767622587284 2.9230437126798252 0.5 -2.9105204036687593 1.4299050220479372 OK 13 12 0.62442600000000004 0.62052099999999999 0.134407 0.48606300000000002 0.48842200000000002 0 0.13836300000000001 0.13209899999999997 0.134407 0.0088540000000000008 0.0090690000000000007 0.0084329999999999995 0.10747099999999996 0.10128999999999999 0.10456300000000002 0.0031850000000000003 0.0031689999999999999 0.0031910000000000003 0.00079799999999999988 0.00075199999999999996 0.00075199999999999996 1.4299042435552998 1.4299042435552998 1.4299042435552998 0.00071439810120329725 0.00071439810120329725 0.00071439810120329725 1 1 1 Converged Converged Converged OK OK OK 61 61 61 61 61 61 3 3 3 0 0 0 0 0 1 0 0
117 117 linear 4 7 1174 1 0.001 0.2863730159787804 0.045730591241941849 0.00061002464882457103 2.92316571760959 1.3706767622587284 2.9231179765501167 0.5 -2.9105946675390508 1.4357481623978701 OK 13 12 0.74049399999999999 0.73621800000000004 0.13089899999999999 0.60608399999999996 0.49569200000000002 0 0.13441000000000003 0.24052600000000002 0.13089899999999999 0.0082439999999999996 0.0083899999999999999 0.0076800000000000002 0.10676199999999997 0.21209599999999995 0.10457000000000001 0.0031780000000000003 0.0034359999999999998 0.0031800000000000005 0.00075499999999999992 0.00075099999999999993 0.000687 1.4357473340171687 1.4357473340171687 1.4357473340171687 0.00072424887509452845 0.00072424887509452845 0.00072424887509452845 1 1 1 Converged Converged Converged OK OK OK 61 61 61 61 61 61 3 3 3 0 0 0 0 1 0 0 1
117 117 linear 4 15 1174 2 0.001 0.2863730159787804 0.045730591241941849 0.00061002464882457103 2.92316571760959 1.3706767622587284 2.9232028495447357 0.5 -2.9106795405336698 1.4427121247931456 OK 13 12 0.62074200000000002 0.59224200000000005 0.120269 0.49707699999999999 0.35245100000000001 0 0.12366500000000002 0.23979100000000003 0.120269 0.0082229999999999994 0.0083429999999999997 0.007659 0.096321000000000032 0.21198600000000001 0.093872000000000011 0.0032559999999999998 0.0033549999999999999 0.003235 0.00070600000000000003 0.00076899999999999994 0.00074599999999999992 1.442711310288239 1.442711310288239 1.442711310288239 0.00073599800852410142 0.00073599800852410142 0.00073599800852410142 1 1 1 Converged Converged Converged OK OK OK 61 61 61 61 61 61 3 3 3 0 0 0 0 1 0 0 1
117 117 linear 4 23 1174 3 0.001 0.2863730159787804 0.045730591241941849 0.00061002464882457103 2.92316571760959 1.3706767622587284 2.9232877225393548 0.5 -2.9107644135282889 1.4500078025536196 OK 13 12 0.75343000000000004 0.76473500000000005 0.12041 0.62907599999999997 0.521092 0 0.12435400000000008 0.24364300000000005 0.12041 0.0082419999999999993 0.0082559999999999995 0.0076620000000000004 0.096980999999999998 0.21614699999999998 0.094174999999999967 0.0031380000000000002 0.0032760000000000003 0.0031819999999999999 0.00070300000000000007 0.00072199999999999999 0.00072099999999999996 1.4500069916252567 1.4500069916252567 1.4500069916252567 0.00074831932782971119 0.00074831932782971119 0.00074831932782971119 1 1 1 Converged Converged Converged OK OK OK 61 61 61 61 61 61 3 3 3 0 0 0 0 1 0 0 1
117 117 linear 4 0 1174 0 0.0001 0.2863730159787804 0.045730591241941849 0.00061002464882457103 2.92316571760959 1.3706767622587284 2.9230437126798252 0.5 -2.9105204036687593 1.4299050220479372 OK 13 12 0.69819200000000003 0.69096100000000005 0.20328499999999999 0.495002 0.49023 0 0.20319000000000004 0.20073100000000005 0.20328499999999999 0.0089759999999999996 0.0089429999999999996 0.0085880000000000001 0.16009400000000001 0.15793100000000002 0.16076999999999997 0.0049069999999999999 0.0050340000000000003 0.004991999999999999 0.001036 0.001 0.00098700000000000003 1.4299042439805274 1.4299042439805274 1.4299042439805274 6.4868929796935905e-09 6.4868929796935905e-09 6.4868929796935905e-09 1 1 1 Converged Converged Converged OK OK OK 93 93 93 93 93 93 3 3 3 0 0 0 0 0 1 0 0
117 117 linear 4 7 1174 1 0.0001 0.2863730159787804 0.045730591241941849 0.00061002464882457103 2.92316571760959 1.3706767622587284 2.9231179765501167 0.5 -2.9105946675390508 1.4357481623978701 OK 13 12 0.82312399999999997 0.86775199999999997 0.20746000000000001 0.60749900000000001 0.49058000000000002 0 0.21562499999999996 0.37717199999999995 0.20746000000000001 0.0082990000000000008 0.0081919999999999996 0.0077219999999999997 0.17804100000000012 0.33960099999999999 0.17106200000000002 0.0048760000000000001 0.005019 0.0049810000000000002 0.00097300000000000012 0.0009990000000000001 0.00098200000000000002 1.435747334453582 1.435747334453582 1.435747334453582 6.6482142073547265e-09 6.6482142073547265e-09 6.6482142073547265e-09 1 1 1 Converged Converged Converged OK OK OK 93 93 93 93 93 93 3 3 3 0 0 0 0 1 0 0 1
117 117 linear 4 15 1174 2 0.0001 0.2863730159787804 0.045730591241941849 0.00061002464882457103 2.92316571760959 1.3706767622587284 2.9232028495447357 0.5 -2.9106795405336698 1.4427121247931456 OK 13 12 0.69248699999999996 0.72504299999999999 0.193638 0.49425400000000003 0.35027000000000003 0 0.19823299999999994 0.37477299999999997 0.193638 0.0082419999999999993 0.0083300000000000006 0.0076579999999999999 0.16079299999999996 0.33702800000000016 0.15727100000000005 0.0050179999999999999 0.0050270000000000002 0.0049550000000000002 0.001003 0.00099600000000000014 0.0010010000000000002 1.4427113107389946 1.4427113107389946 1.4427113107389946 6.8454351677515755e-09 6.8454351677515755e-09 6.8454351677515755e-09 1 1 1 Converged Converged Converged OK OK OK 93 93 93 93 93 93 3 3 3 0 0 0 0 1 0 0 1
117 117 linear 4 23 1174 3 0.0001 0.2863730159787804 0.045730591241941849 0.00061002464882457103 2.92316571760959 1.3706767622587284 2.9232877225393548 0.5 -2.9107644135282889 1.4500078025536196 OK 13 12 0.82617399999999996 0.91018900000000003 0.19097800000000001 0.62977499999999997 0.52205000000000001 0 0.19639899999999999 0.38813900000000001 0.19097800000000001 0.0081659999999999996 0.0083940000000000004 0.0076480000000000003 0.15900400000000001 0.35011000000000009 0.15506500000000004 0.0050700000000000007 0.0051140000000000005 0.0047580000000000001 0.00099599999999999992 0.001003 0.00097000000000000005 1.4500069920922416 1.4500069920922416 1.4500069920922416 7.0595643298964374e-09 7.0595643298964374e-09 7.0595643298964374e-09 1 1 1 Converged Converged Converged OK OK OK 93 93 93 93 93 93 3 3 3 0 0 0 0 1 0 0 1
117 117 uniform 0 0 1175 0 0.001 0.2863730159787804 0.045730591241941849 0.00061002464882457103 0.0035671448276416219 0.00042858318803430483 0.0034451398978767077 0 0.0090781691131893889 766.26663302770305 OK 17 16 0.92546799999999996 0.92298800000000003 0.27793099999999998 0.64325699999999997 0.64168599999999998 0 0.28221099999999999 0.28130200000000005 0.27793099999999998 0.016622999999999999 0.016920000000000001 0.016163 0.21548100000000006 0.21387 0.21134799999999992 0.0053550000000000004 0.005546999999999999 0.0056350000000000011 0.0015759999999999999 0.0015839999999999999 0.0016659999999999999 766.26703194708637 766.26703194708637 766.26703194708637 0.23009515871913985 0.23009515871913985 0.23009515871913985 1 1 1 Converged Converged Converged OK OK OK 133 133 133 133 133 133 11 11 11 0 0 0 0 0 1 0 0
117 117 uniform 0 7 1175 1 0.001 0.2863730159787804 0.045730591241941849 0.00061002464882457103 0.0035671448276416219 0.00042858318803430483 0.0035194037681683947 0 0.0090039052428977015 763.10436385924595 OK 17 16 0.79103999999999997 0.79574999999999996 0.260349 0.52404200000000001 0.382075 0 0.26699799999999996 0.41367499999999996 0.260349 0.015654000000000001 0.015916 0.014827999999999999 0.21780800000000008 0.36339099999999996 0.21257200000000007 0.0055759999999999994 0.0060660000000000002 0.0055699999999999994 0.0014690000000000003 0.001526 0.001482 763.10453026945822 763.10453026945822 763.10453026945822 0.21350656795745707 0.21350656795745707 0.21350656795745707 1 1 1 Converged Converged Converged OK OK OK 133 133 133 133 133 133 11 11 11 0 0 0 0 1 0 0 1
117 117 uniform 0 15 1175 2 0.001 0.2863730159787804 0.045730591241941849 0.00061002464882457103 0.0035671448276416219 0.00042858318803430483 0.0036042767627874651 0 0.0089190322482786306 758.41255572632429 OK 17 16 0.77987099999999998 0.80008000000000001 0.26465 0.51536899999999997 0.37040299999999998 0 0.26450200000000001 0.42967700000000003 0.26465 0.015301 0.015318999999999999 0.014409999999999999 0.21594100000000002 0.38079700000000011 0.21727300000000002 0.0055189999999999987 0.005778000000000001 0.005659 0.001593 0.001621 0.0015679999999999999 758.41276792500935 758.41276792500935 758.41276792500935 0.20827981420091971 0.20827981420091971 0.20827981420091971 1 1 1 Converged Converged Converged OK OK OK 133 133 133 133 133 133 11 11 11 0 0 0 0 1 0 0 1
117 117 uniform 0 23 1175 3 0.001 0.2863730159787804 0.045730591241941849 0.00061002464882457103 0.0035671448276416219 0.00042858318803430483 0.003689149757406536 0 0.0088341592536595598 753.05122901173763 OK 17 16 0.96713400000000005 0.94801899999999995 0.25313999999999998 0.71081700000000003 0.55210700000000001 0 0.25631700000000002 0.39591199999999993 0.25313999999999998 0.015761000000000001 0.015679999999999999 0.014715000000000001 0.20886299999999997 0.34813000000000016 0.20753699999999994 0.0051909999999999994 0.0054260000000000003 0.0050859999999999994 0.0014480000000000001 0.0014989999999999999 0.0014120000000000001 753.0524791881071 753.0524791881071 753.0524791881071 0.59599386922022912 0.59599386922022912 0.59599386922022912 1 1 1 Converged Converged Converged OK OK OK 125 125 125 125 125 125 11 11 11 0 0 0 0 1 0 0 1
117 117 uniform 0 0 1175 0 0.0001 0.2863730159787804 0.045730591241941849 0.00061002464882457103 0.0035671448276416219 0.00042858318803430483 0.0034451398978767077 0 0.0090781691131893889 766.26663302770305 OK 17 16 0.98520700000000005 0.97935700000000003 0.33643899999999999 0.64044199999999996 0.64138499999999998 0 0.3447650000000001 0.33797200000000005 0.33643899999999999 0.017146000000000002 0.016990999999999999 0.016403000000000001 0.26223000000000002 0.2573700000000001 0.25500099999999998 0.0080630000000000007 0.0083369999999999989 0.0070660000000000011 0.002114 0.0021210000000000001 0.0019589999999999998 766.26683080323573 766.26683080323573 766.26683080323573 0.070879035535023407 0.070879035535023407 0.070879035535023407 1 1 1 Converged Converged Converged OK OK OK 157 157 157 157 157 157 11 11 11 0 0 0 0 0 1 0 0
117 117 uniform 0 7 1175 1 0.0001 0.2863730159787804 0.045730591241941849 0.00061002464882457103 0.0035671448276416219 0.00042858318803430483 0.0035194037681683947 0 0.0090039052428977015 763.10436385924595 OK 17 16 0.83893600000000002 0.91757500000000003 0.30866700000000002 0.52353700000000003 0.39184400000000003 0 0.31539899999999998 0.52573099999999995 0.30866700000000002 0.016178999999999999 0.016306000000000001 0.014813 0.25771300000000003 0.46686600000000006 0.25413199999999997 0.0075270000000000007 0.0076579999999999981 0.0069800000000000001 0.0019019999999999998 0.001856 0.0017670000000000001 763.10432811167038 763.10432811167038 763.10432811167038 0.056478337148157885 0.056478337148157885 0.056478337148157885 1 1 1 Converged Converged Converged OK OK OK 157 157 157 157 157 157 11 11 11 0 0 0 0 1 0 0 1
117 117 uniform 0 15 1175 2 0.0001 0.2863730159787804 0.045730591241941849 0.00061002464882457103 0.0035671448276416219 0.00042858318803430483 0.0036042767627874651 0 0.0089190322482786306 758.41255572632429 OK 17 16 0.83174800000000004 0.91572299999999995 0.31083699999999997 0.518544 0.38293700000000003 0 0.31320400000000004 0.53278599999999998 0.31083699999999997 0.015432 0.016625999999999998 0.014435999999999999 0.257799 0.4741760000000001 0.25668299999999999 0.0068380000000000003 0.0072940000000000001 0.0068590000000000005 0.0018890000000000001 0.0020309999999999998 0.001915 758.41256460708894 758.41256460708894 758.41256460708894 0.053796980208984671 0.053796980208984671 0.053796980208984671 1 1 1 Converged Converged Converged OK OK OK 157 157 157 157 157 157 11 11 11 0 0 0 0 1 0 0 1
117 117 uniform 0 23 1175 3 0.0001 0.2863730159787804 0.045730591241941849 0.00061002464882457103 0.0035671448276416219 0.00042858318803430483 0.003689149757406536 0 0.0088341592536595598 753.05122901173763 OK 17 16 1.0263119999999999 1.067053 0.31545200000000001 0.71014699999999997 0.55696000000000001 0 0.31616499999999992 0.51009300000000002 0.31545200000000001 0.015720999999999999 0.015886000000000001 0.014664 0.25961500000000004 0.4525849999999999 0.26172399999999996 0.0071270000000000005 0.0075980000000000006 0.0067339999999999995 0.0019469999999999999 0.0019940000000000001 0.0018550000000000001 753.05127657863591 753.05127657863591 753.05127657863591 0.06081415628346179 0.06081415628346179 0.06081415628346179 1 1 1 Converged Converged Converged OK OK OK 157 157 157 157 157 157 11 11 11 0 0 0 0 1 0 0 1
117 117 uniform 1 0 1176 0 0.001 0.2863730159787804 0.045730591241941849 0.00061002464882457103 2.9240499333919794 1.3685391328086964 2.9239279284622146 0 -2.9114046194511487 4.1182607318126534 OK 14 13 0.71210899999999999 0.70824299999999996 0.20052800000000001 0.51033499999999998 0.50649999999999995 0 0.20177400000000001 0.20174300000000001 0.20052800000000001 0.011702000000000001 0.012095 0.011707 0.16190199999999999 0.16196600000000003 0.16129299999999996 0.0036020000000000002 0.0034469999999999995 0.0034609999999999997 0.00091600000000000004 0.00092599999999999996 0.00092199999999999997 4.1182644773686414 4.1182644773686414 4.1182644773686414 0.0024778503891945201 0.0024778503891945201 0.0024778503891945201 1 1 1 Converged Converged Converged OK OK OK 82 82 82 82 82 82 6 6 6 0 0 0 0 0 1 0 0
117 117 uniform 1 7 1176 1 0.001 0.2863730159787804 0.045730591241941849 0.00061002464882457103 2.9240499333919794 1.3685391328086964 2.9240021923325061 0 -2.9114788833214402 4.2051761512745367 OK 14 13 0.93479900000000005 0.92500499999999997 0.17605799999999999 0.75548099999999996 0.61725399999999997 0 0.17931800000000009 0.307751 0.17605799999999999 0.011309 0.011067 0.010446 0.14590500000000001 0.27447900000000003 0.14451399999999995 0.0037749999999999997 0.0036060000000000003 0.0034910000000000002 0.00095100000000000002 0.00092400000000000013 0.00090400000000000007 4.2051822722498597 4.2051822722502896 4.2051822722498597 0.0032942975256251531 0.0032942975262369944 0.0032942975256251531 1 1 1 Converged Converged Converged OK OK OK 82 82 82 82 82 82 6 6 6 0 0 0 0 1 0 0 1
117 117 uniform 1 15 1176 2 0.001 0.2863730159787804 0.045730591241941849 0.00061002464882457103 2.9240499333919794 1.3685391328086964 2.9240870653271251 0 -2.9115637563160592 4.288272430889787 OK 14 13 1.01444 0.98373200000000005 0.24379799999999999 0.76597999999999999 0.63187400000000005 0 0.24846000000000001 0.351858 0.24379799999999999 0.011174 0.010892000000000001 0.010326 0.20998699999999992 0.3147060000000001 0.20809299999999997 0.0046950000000000004 0.0044340000000000004 0.004339 0.0011220000000000002 0.00106 0.001026 4.2882733054379738 4.2882733054378344 4.2882733054379738 0.0013680663580658275 0.0013680663579300431 0.0013680663580658275 1 1 1 Converged Converged Converged OK OK OK 98 98 98 98 98 98 6 6 6 0 0 0 0 1 0 0 1
117 117 uniform 1 23 1176 3 0.001 0.2863730159787804 0.045730591241941849 0.00061002464882457103 2.9240499333919794 1.3685391328086964 2.9241719383217442 0 -2.9116486293106782 4.3576783259440708 OK 13 12 0.95663200000000004 0.96292500000000003 0.20161299999999999 0.75420600000000004 0.60634399999999999 0 0.20242599999999999 0.35658100000000004 0.20161299999999999 0.0086809999999999995 0.0089820000000000004 0.0082489999999999994 0.17049800000000007 0.32364899999999991 0.17033399999999999 0.0043690000000000005 0.0046969999999999998 0.0042849999999999997 0.0010450000000000001 0.0011230000000000001 0.0010809999999999999 4.3576822188097672 4.3576822188091739 4.3576822188097672 0.0025800779450149791 0.0025800779448116899 0.0025800779450149791 1 1 1 Converged Converged Converged OK OK OK 98 98 98 98 98 98 6 6 6 0 0 0 0 1 0 0 1
117 117 uniform 1 0 1176 0 0.0001 0.2863730159787804 0.045730591241941849 0.00061002464882457103 2.9240499333919794 1.3685391328086964 2.9239279284622146 0 -2.9114046194511487 4.1182607318126534 OK 14 13 0.80493800000000004 0.80245 0.30229499999999998 0.508571 0.50664100000000001 0 0.29636700000000005 0.29580899999999999 0.30229499999999998 0.011957000000000001 0.012014 0.011780000000000001 0.23808399999999996 0.237982 0.24368199999999987 0.0065240000000000003 0.0059890000000000004 0.006143 0.0013600000000000001 0.0014349999999999999 0.0014380000000000003 4.1182617590137669 4.1182617590137669 4.1182617590137669 0.00013545682937231263 0.00013545682937231263 0.00013545682937231263 1 1 1 Converged Converged Converged OK OK OK 130 130 130 130 130 130 6 6 6 0 0 0 0 0 1 0 0
117 117 uniform 1 7 1176 1 0.0001 0.2863730159787804 0.045730591241941849 0.00061002464882457103 2.9240499333919794 1.3685391328086964 2.9240021923325061 0 -2.9114788833214402 4.2051761512745367 OK 14 13 1.021258 1.096301 0.27428999999999998 0.75627200000000006 0.62134500000000004 0 0.26498599999999994 0.47495599999999993 0.27428999999999998 0.01112 0.011132 0.0117 0.21888299999999999 0.42826000000000009 0.22711400000000007 0.0060060000000000001 0.0062360000000000002 0.0062330000000000007 0.001325 0.0013439999999999999 0.0013280000000000002 4.205177163224767 4.2051771632253301 4.205177163224767 0.00019242912753859078 0.00019242912734793605 0.00019242912753859078 1 1 1 Converged Converged Converged OK OK OK 130 130 130 130 130 130 6 6 6 0 0 0 0 1 0 0 1
117 117 uniform 1 15 1176 2 0.0001 0.2863730159787804 0.045730591241941849 0.00061002464882457103 2.9240499333919794 1.3685391328086964 2.9240870653271251 0 -2.9115637563160592 4.288272430889787 OK 14 13 1.060141 1.1032569999999999 0.292989 0.76314800000000005 0.63234000000000001 0 0.29699299999999995 0.47091699999999992 0.292989 0.010983 0.011181 0.010236 0.25070700000000001 0.42406099999999985 0.24848899999999999 0.0063010000000000002 0.0063990000000000002 0.0060289999999999996 0.0013320000000000003 0.0013810000000000001 0.0012879999999999999 4.2882733134438302 4.2882733134436917 4.2882733134438302 0.00037111336176748235 0.00037111336163169796 0.00037111336176748235 1 1 1 Converged Converged Converged OK OK OK 130 130 130 130 130 130 6 6 6 0 0 0 0 1 0 0 1
117 117 uniform 1 23 1176 3 0.0001 0.2863730159787804 0.045730591241941849 0.00061002464882457103 2.9240499333919794 1.3685391328086964 2.9241719383217442 0 -2.9116486293106782 4.3576783259440708 OK 13 12 1.06524 1.124012 0.31212600000000001 0.75439299999999998 0.61228800000000005 0 0.31084699999999998 0.51172399999999996 0.31212600000000001 0.0086920000000000001 0.010145 0.0080389999999999993 0.26380899999999996 0.4629640000000001 0.26704599999999989 0.0074449999999999994 0.0072490000000000002 0.0070150000000000004 0.0015680000000000002 0.001557 0.0014969999999999998 4.3576809327245218 4.3576809327244392 4.3576809327245218 9.7542412066373884e-05 9.7542412120746623e-05 9.7542412066373884e-05 1 1 1 Converged Converged Converged OK OK OK 146 146 146 146 146 146 6 6 6 0 0 0 0 1 0 0 1
117 117 uniform 2 0 1177 0 0.001 0.2863730159787804 0.045730591241941849 0.00061002464882457103 2.9280535082333152 -1.3697539536082681 2.9279315033035505 0 -2.9154081942924845 1.8047146528733888 OK 14 13 0.75334400000000001 0.75460000000000005 0.185448 0.56711999999999996 0.56869899999999995 0 0.18622400000000006 0.18590100000000009 0.185448 0.011844 0.011955 0.011916 0.14958900000000006 0.14954000000000003 0.148842 0.0031690000000000004 0.0032110000000000003 0.0033060000000000003 0.00083900000000000001 0.00082900000000000009 0.000852 1.804714421640139 1.804714421640139 1.804714421640139 0.0006936540953897467 0.0006936540953897467 0.0006936540953897467 1 1 1 Converged Converged Converged OK OK OK 74 74 74 74 74 74 6 6 6 0 0 0 0 0 1 0 0
117 117 uniform 2 7 1177 1 0.001 0.2863730159787804 0.045730591241941849 0.00061002464882457103 2.9280535082333152 -1.3697539536082681 2.928005767173842 0 -2.9154824581627761 1.6725375571075067 OK 14 13 0.80183899999999997 0.73724900000000004 0.142593 0.65711900000000001 0.501745 0 0.14471999999999996 0.23550400000000005 0.142593 0.011374 0.011617000000000001 0.010696000000000001 0.114714 0.20480399999999999 0.1138 0.0029160000000000002 0.0030820000000000001 0.0029009999999999995 0.00075199999999999996 0.00085400000000000005 0.00076000000000000004 1.6725373337675777 1.6725373337675777 1.6725373337675777 0.00062744167215002115 0.00062744167215002115 0.00062744167215002115 1 1 1 Converged Converged Converged OK OK OK 60 60 60 60 60 60 4 4 4 0 0 0 0 1 0 0 1
117 117 uniform 2 15 1177 2 0.001 0.2863730159787804 0.045730591241941849 0.00061002464882457103 2.9280535082333152 -1.3697539536082681 2.928090640168461 0 -2.9155673311573951 1.6482843083211693 OK 13 12 0.71218599999999999 0.653725 0.097073000000000007 0.61264799999999997 0.47850300000000001 0 0.099538000000000015 0.17522199999999999 0.097073000000000007 0.0085780000000000006 0.0086070000000000001 0.0077889999999999999 0.076441000000000023 0.15234300000000001 0.075702000000000005 0.0023089999999999999 0.0022490000000000001 0.002137 0.00062799999999999998 0.00060899999999999995 0.00059400000000000002 1.648284289991496 1.648284289991496 1.648284289991496 0.00061894947876064239 0.00061894947876064239 0.00061894947876064239 1 1 1 Converged Converged Converged OK OK OK 45 45 45 45 45 45 3 3 3 0 0 0 0 1 0 0 1
117 117 uniform 2 23 1177 3 0.001 0.2863730159787804 0.045730591241941849 0.00061002464882457103 2.9280535082333152 -1.3697539536082681 2.92817551316308 0 -2.9156522041520141 1.6488038561607952 OK 13 12 0.70943500000000004 0.62897400000000003 0.10638400000000001 0.59734500000000001 0.46250200000000002 0 0.11209000000000002 0.16647200000000001 0.10638400000000001 0.0084180000000000001 0.0083510000000000008 0.0078139999999999998 0.089250999999999997 0.14416600000000002 0.085075999999999999 0.0022239999999999998 0.0021910000000000002 0.0021489999999999999 0.00065099999999999989 0.00057399999999999997 0.00055999999999999995 1.6488038377822827 1.6488038377822827 1.6488038377822827 0.00061923886463104432 0.00061923886463104432 0.00061923886463104432 1 1 1 Converged Converged Converged OK OK OK 45 45 45 45 45 45 3 3 3 0 0 0 0 1 0 0 1
117 117 uniform 2 0 1177 0 0.0001 0.2863730159787804 0.045730591241941849 0.00061002464882457103 2.9280535082333152 -1.3697539536082681 2.9279315033035505 0 -2.9154081942924845 1.8047146528733888 OK 14 13 0.81388499999999997 0.80544800000000005 0.23966299999999999 0.57079299999999999 0.56590300000000004 0 0.24309199999999997 0.23954500000000001 0.23966299999999999 0.012184 0.012107 0.011775000000000001 0.18712799999999999 0.19034900000000013 0.19064100000000003 0.0051830000000000001 0.0048079999999999989 0.0047710000000000001 0.0012310000000000001 0.001119 0.0011469999999999998 1.8047144217538738 1.8047144217538738 1.8047144217538738 0.00012531891022534342 0.00012531891022534342 0.00012531891022534342 1 1 1 Converged Converged Converged OK OK OK 106 106 106 106 106 106 6 6 6 0 0 0 0 0 1 0 0
117 117 uniform 2 7 1177 1 0.0001 0.2863730159787804 0.045730591241941849 0.00061002464882457103 2.9280535082333152 -1.3697539536082681 2.928005767173842 0 -2.9154824581627761 1.6725375571075067 OK 14 13 0.85203600000000002 0.85540899999999997 0.19450500000000001 0.66013699999999997 0.49630200000000002 0 0.19189900000000004 0.35910699999999995 0.19450500000000001 0.011291000000000001 0.011439 0.010751 0.15212800000000004 0.31902700000000001 0.15538599999999997 0.004594 0.0047279999999999996 0.0046730000000000001 0.0010520000000000002 0.0010529999999999999 0.0011119999999999999 1.6725373338903058 1.6725373338903058 1.6725373338903058 5.7821091523554856e-05 5.7821091523554856e-05 5.7821091523554856e-05 1 1 1 Converged Converged Converged OK OK OK 92 92 92 92 92 92 4 4 4 0 0 0 0 1 0 0 1
117 117 uniform 2 15 1177 2 0.0001 0.2863730159787804 0.045730591241941849 0.00061002464882457103 2.9280535082333152 -1.3697539536082681 2.928090640168461 0 -2.9155673311573951 1.6482843083211693 OK 13 12 0.75783999999999996 0.77665600000000001 0.14435600000000001 0.612344 0.47958899999999999 0 0.14549599999999996 0.29706700000000003 0.14435600000000001 0.0083280000000000003 0.0084569999999999992 0.0078449999999999995 0.11316600000000003 0.26423900000000006 0.11323500000000002 0.0038320000000000003 0.0039320000000000006 0.0037930000000000004 0.00082300000000000006 0.00085000000000000006 0.00081899999999999996 1.6482842901240584 1.6482842901240584 1.6482842901240584 4.8067582559138047e-05 4.8067582559138047e-05 4.8067582559138047e-05 1 1 1 Converged Converged Converged OK OK OK 77 77 77 77 77 77 3 3 3 0 0 0 0 1 0 0 1
117 117 uniform 2 23 1177 3 0.0001 0.2863730159787804 0.045730591241941849 0.00061002464882457103 2.9280535082333152 -1.3697539536082681 2.92817551316308 0 -2.9156522041520141 1.6488038561607952 OK 13 12 0.75355700000000003 0.74751199999999995 0.15338499999999999 0.59888200000000003 0.46304000000000001 0 0.15467500000000001 0.28447199999999995 0.15338499999999999 0.0083059999999999991 0.0084069999999999995 0.0077629999999999999 0.12276799999999995 0.25215199999999993 0.12231499999999999 0.0038870000000000003 0.0039069999999999999 0.0038480000000000003 0.00077300000000000003 0.000785 0.00076499999999999995 1.6488038379259591 1.6488038379259591 1.6488038379259591 4.7330267846639957e-05 4.7330267846639957e-05 4.7330267846639957e-05 1 1 1 Converged Converged Converged OK OK OK 77 77 77 77 77 77 3 3 3 0 0 0 0 1 0 0 1
117 117 uniform 3 0 1178 0 0.001 0.2863730159787804 0.045730591241941849 0.00061002464882457103 0.0028187521494800623 0.0023594495690950974 0.0026967472197151482 0 0.0098265617913509476 111.30331875737832 OK 13 12 0.38287399999999999 0.38055299999999997 0.059087000000000001 0.32236500000000001 0.32026300000000002 0 0.060508999999999979 0.060289999999999955 0.059087000000000001 0.0096030000000000004 0.0095399999999999999 0.0090959999999999999 0.037793000000000014 0.037881999999999999 0.037529999999999994 0.0017349999999999998 0.001761 0.0016980000000000001 0.00044000000000000002 0.000457 0.00042899999999999997 111.30333157425002 111.30333157425002 111.30333157425002 0.05839347611331596 0.05839347611331596 0.05839347611331596 1 1 1 Converged Converged Converged OK OK OK 37 37 37 37 37 37 3 3 3 0 0 0 0 0 1 0 0
117 117 uniform 3 7 1178 1 0.001 0.2863730159787804 0.045730591241941849 0.00061002464882457103 0.0028187521494800623 0.0023594495690950974 0.0027710110900068352 0 0.0097522979210592602 111.65145325852924 OK 13 12 0.37981300000000001 0.300369 0.057992000000000002 0.32045800000000002 0.189724 0 0.059354999999999991 0.11064499999999999 0.057992000000000002 0.0086999999999999994 0.0088030000000000001 0.0082299999999999995 0.039147000000000001 0.090359999999999982 0.038726000000000003 0.0017599999999999998 0.0017820000000000002 0.0017099999999999999 0.00043300000000000001 0.00043200000000000004 0.00042499999999999998 111.65146568443163 111.65146568443163 111.65146568443163 0.058195691450515889 0.058195691450515889 0.058195691450515889 1 1 1 Converged Converged Converged OK OK OK 37 37 37 37 37 37 3 3 3 0 0 0 0 1 0 0 1
117 117 uniform 3 15 1178 2 0.001 0.2863730159787804 0.045730591241941849 0.00061002464882457103 0.0028187521494800623 0.0023594495690950974 0.0028558840846259056 0 0.0096674249264401893 112.06532940204508 OK 13 12 0.383654 0.29612100000000002 0.056710999999999998 0.32522000000000001 0.18690999999999999 0 0.058433999999999986 0.10921100000000003 0.056710999999999998 0.0087049999999999992 0.0088690000000000001 0.0082579999999999997 0.037960000000000008 0.088920000000000013 0.037450000000000004 0.001799 0.0017830000000000001 0.0017240000000000003 0.00042999999999999999 0.00042899999999999997 0.00041600000000000003 112.06534208474164 112.06534208474164 112.06534208474164 0.057972953057851842 0.057972953057851842 0.057972953057851842 1 1 1 Converged Converged Converged OK OK OK 37 37 37 37 37 37 3 3 3 0 0 0 0 1 0 0 1
117 117 uniform 3 23 1178 3 0.001 0.2863730159787804 0.045730591241941849 0.00061002464882457103 0.0028187521494800623 0.0023594495690950974 0.0029407570792449765 0 0.0095825519318211184 112.49592917966065 OK 13 12 0.36334499999999997 0.27849299999999999 0.053580000000000003 0.30829499999999999 0.175312 0 0.055049999999999988 0.10318099999999999 0.053580000000000003 0.0087729999999999995 0.0088769999999999995 0.0082179999999999996 0.034795999999999994 0.082886000000000029 0.034345000000000001 0.0017539999999999999 0.0017720000000000001 0.0017100000000000001 0.00047100000000000001 0.000437 0.00042400000000000001 112.49593940090314 112.49593940090314 112.49593940090314 0.057752613704133524 0.057752613704133524 0.057752613704133524 1 1 1 Converged Converged Converged OK OK OK 37 37 37 37 37 37 3 3 3 0 0 0 0 1 0 0 1
117 117 uniform 3 0 1178 0 0.0001 0.2863730159787804 0.045730591241941849 0.00061002464882457103 0.0028187521494800623 0.0023594495690950974 0.0026967472197151482 0 0.0098265617913509476 111.30331875737832 OK 13 12 0.42476599999999998 0.42619299999999999 0.10106800000000001 0.322102 0.32141500000000001 0 0.10266399999999998 0.10477799999999998 0.10106800000000001 0.0096069999999999992 0.0096399999999999993 0.0091229999999999992 0.068833000000000033 0.071318999999999966 0.068174000000000012 0.0034029999999999998 0.0034660000000000003 0.0033519999999999999 0.00065500000000000009 0.00065800000000000006 0.00065300000000000004 111.30333007741066 111.30333007741066 111.30333007741066 1.0938648042590792e-05 1.0938648042590792e-05 1.0938648042590792e-05 1 1 1 Converged Converged Converged OK OK OK 69 69 69 69 69 69 3 3 3 0 0 0 0 0 1 0 0
117 117 uniform 3 7 1178 1 0.0001 0.2863730159787804 0.045730591241941849 0.00061002464882457103 0.0028187521494800623 0.0023594495690950974 0.0027710110900068352 0 0.0097522979210592602 111.65145325852924 OK 13 12 0.42546600000000001 0.38895800000000003 0.099970000000000003 0.32423999999999997 0.189525 0 0.10122600000000004 0.19943300000000003 0.099970000000000003 0.0087340000000000004 0.0088450000000000004 0.0082660000000000008 0.071442999999999993 0.16928300000000004 0.070916999999999994 0.0034359999999999998 0.003408 0.0033569999999999997 0.00064499999999999996 0.00066800000000000008 0.00064100000000000008 111.65146422849753 111.65146422849753 111.65146422849753 1.0841885670705727e-05 1.0841885670705727e-05 1.0841885670705727e-05 1 1 1 Converged Converged Converged OK OK OK 69 69 69 69 69 69 3 3 3 0 0 0 0 1 0 0 1
117 117 uniform 3 15 1178 2 0.0001 0.2863730159787804 0.045730591241941849 0.00061002464882457103 0.0028187521494800623 0.0023594495690950974 0.0028558840846259056 0 0.0096674249264401893 112.06532940204508 OK 13 12 0.42357600000000001 0.37998700000000002 0.097148999999999999 0.324909 0.18739800000000001 0 0.098667000000000005 0.19258900000000001 0.097148999999999999 0.0086990000000000001 0.0088749999999999992 0.0082520000000000007 0.068658999999999984 0.16193699999999994 0.068012000000000003 0.0035609999999999999 0.0036189999999999998 0.0034189999999999997 0.00067500000000000004 0.000669 0.00066399999999999999 112.06534067481657 112.06534067481657 112.06534067481657 1.0733670489439516e-05 1.0733670489439516e-05 1.0733670489439516e-05 1 1 1 Converged Converged Converged OK OK OK 69 69 69 69 69 69 3 3 3 0 0 0 0 1 0 0 1
117 117 uniform 3 23 1178 3 0.0001 0.2863730159787804 0.045730591241941849 0.00061002464882457103 0.0028187521494800623 0.0023594495690950974 0.0029407570792449765 0 0.0095825519318211184 112.49592917966065 OK 13 12 0.40581099999999998 0.34790100000000002 0.093694 0.30753799999999998 0.17569100000000001 0 0.098272999999999999 0.17221 0.093694 0.0087399999999999995 0.0088559999999999993 0.008208 0.068519000000000024 0.14213100000000004 0.064915000000000014 0.0034019999999999996 0.0034349999999999997 0.0033779999999999999 0.00065299999999999993 0.00064999999999999997 0.00064199999999999999 112.49593803624671 112.49593803624671 112.49593803624671 1.0627909999995083e-05 1.0627909999995083e-05 1.0627909999995083e-05 1 1 1 Converged Converged Converged OK OK OK 69 69 69 69 69 69 3 3 3 0 0 0 0 1 0 0 1
117 117 uniform 4 0 1179 0 0.001 0.2863730159787804 0.045730591241941849 0.00061002464882457103 2.92316571760959 1.3706767622587284 2.9230437126798252 0 -2.9105204036687593 1.4301947453492849 OK 13 12 0.59467499999999995 0.59389499999999995 0.10069699999999999 0.49262400000000001 0.49194599999999999 0 0.10205099999999995 0.10194899999999996 0.10069699999999999 0.0089359999999999995 0.0090670000000000004 0.0087200000000000003 0.076589000000000018 0.076613999999999988 0.076203000000000021 0.002202 0.0022629999999999998 0.0021870000000000001 0.000611 0.00059699999999999987 0.00060399999999999994 1.4301947336935208 1.4301947336935208 1.4301947336935208 0.00050235098216712285 0.00050235098216712285 0.00050235098216712285 1 1 1 Converged Converged Converged OK OK OK 45 45 45 45 45 45 3 3 3 0 0 0 0 0 1 0 0
117 117 uniform 4 7 1179 1 0.001 0.2863730159787804 0.045730591241941849 0.00061002464882457103 2.92316571760959 1.3706767622587284 2.9231179765501167 0 -2.9105946675390508 1.4360567887909779 OK 13 12 0.71384400000000003 0.67449899999999996 0.097956000000000001 0.613846 0.49595499999999998 0 0.099998000000000031 0.17854399999999998 0.097956000000000001 0.008293 0.0082760000000000004 0.0075669999999999999 0.077472000000000013 0.15607300000000002 0.076753999999999989 0.002183 0.0022829999999999999 0.0021640000000000001 0.00060000000000000006 0.00062699999999999995 0.00057700000000000004 1.4360567770762112 1.4360567770762112 1.4360567770762112 0.00050429939062637949 0.00050429939062637949 0.00050429939062637949 1 1 1 Converged Converged Converged OK OK OK 45 45 45 45 45 45 3 3 3 0 0 0 0 1 0 0 1
117 117 uniform 4 15 1179 2 0.001 0.2863730159787804 0.045730591241941849 0.00061002464882457103 2.92316571760959 1.3706767622587284 2.9232028495447357 0 -2.9106795405336698 1.4430448724435214 OK 13 12 0.600437 0.52765099999999998 0.0906 0.50584700000000005 0.351962 0 0.094589999999999952 0.17568899999999998 0.0906 0.0084799999999999997 0.0081709999999999994 0.0075690000000000002 0.071534000000000014 0.15338799999999997 0.069289000000000003 0.0022279999999999999 0.0022920000000000002 0.0022000000000000001 0.00064099999999999997 0.00066 0.00059200000000000008 1.443044860660301 1.443044860660301 1.443044860660301 0.00050661787327312851 0.00050661787327312851 0.00050661787327312851 1 1 1 Converged Converged Converged OK OK OK 45 45 45 45 45 45 3 3 3 0 0 0 0 1 0 0 1
117 117 uniform 4 23 1179 3 0.001 0.2863730159787804 0.045730591241941849 0.00061002464882457103 2.92316571760959 1.3706767622587284 2.9232877225393548 0 -2.9107644135282889 1.4503677005139672 OK 13 12 0.72035000000000005 0.70681799999999995 0.086460999999999996 0.62709599999999999 0.51893 0 0.093254000000000059 0.18788799999999994 0.086460999999999996 0.0081390000000000004 0.0082970000000000006 0.0075909999999999997 0.070872000000000018 0.165076 0.065353999999999995 0.002199 0.002274 0.0021810000000000002 0.00061300000000000005 0.00057600000000000001 0.00056499999999999996 1.4503676886650818 1.4503676886650818 1.4503676886650818 0.00050904378068856852 0.00050904378068856852 0.00050904378068856852 1 1 1 Converged Converged Converged OK OK OK 45 45 45 45 45 45 3 3 3 0 0 0 0 1 0 0 1
117 117 uniform 4 0 1179 0 0.0001 0.2863730159787804 0.045730591241941849 0.00061002464882457103 2.92316571760959 1.3706767622587284 2.9230437126798252 0 -2.9105204036687593 1.4301947453492849 OK 13 12 0.63278100000000004 0.64703100000000002 0.14266200000000001 0.489618 0.499469 0 0.14316300000000004 0.14756200000000003 0.14266200000000001 0.0090399999999999994 0.010019999999999999 0.0086289999999999995 0.10645600000000001 0.10925199999999996 0.10650300000000004 0.0039779999999999998 0.0040679999999999996 0.0039319999999999997 0.00086400000000000008 0.00088200000000000008 0.00084500000000000005 1.430194733708112 1.430194733708112 1.430194733708112 7.1438723538727131e-05 7.1438723538727131e-05 7.1438723538727131e-05 1 1 1 Converged Converged Converged OK OK OK 77 77 77 77 77 77 3 3 3 0 0 0 0 0 1 0 0
117 117 uniform 4 7 1179 1 0.0001 0.2863730159787804 0.045730591241941849 0.00061002464882457103 2.92316571760959 1.3706767622587284 2.9231179765501167 0 -2.9105946675390508 1.4360567887909779 OK 13 12 0.75786900000000001 0.81575799999999998 0.145592 0.61015600000000003 0.50568999999999997 0 0.14771299999999998 0.31006800000000001 0.145592 0.008293 0.0097020000000000006 0.0076610000000000003 0.115013 0.27567200000000003 0.11469900000000005 0.0040450000000000009 0.0041250000000000002 0.0038970000000000003 0.00082299999999999995 0.00083599999999999994 0.00080000000000000004 1.4360567770912283 1.4360567770912283 1.4360567770912283 7.2906804053355319e-05 7.2906804053355319e-05 7.2906804053355319e-05 1 1 1 Converged Converged Converged OK OK OK 77 77 77 77 77 77 3 3 3 0 0 0 0 1 0 0 1
117 117 uniform 4 15 1179 2 0.0001 0.2863730159787804 0.045730591241941849 0.00061002464882457103 2.92316571760959 1.3706767622587284 2.9232028495447357 0 -2.9106795405336698 1.4430448724435214 OK 13 12 0.63010500000000003 0.65609200000000001 0.13423199999999999 0.49416599999999999 0.35710799999999998 0 0.13593900000000003 0.29898400000000003 0.13423199999999999 0.0081939999999999999 0.0082889999999999995 0.0076350000000000003 0.10386000000000002 0.26659800000000006 0.10324399999999997 0.0039259999999999998 0.0040359999999999997 0.0038779999999999995 0.00086600000000000002 0.00084399999999999992 0.00083699999999999996 1.4430448606754087 1.4430448606754087 1.4430448606754087 7.4671321987945086e-05 7.4671321987945086e-05 7.4671321987945086e-05 1 1 1 Converged Converged Converged OK OK OK 77 77 77 77 77 77 3 3 3 0 0 0 0 1 0 0 1
117 117 uniform 4 23 1179 3 0.0001 0.2863730159787804 0.045730591241941849 0.00061002464882457103 2.92316571760959 1.3706767622587284 2.9232877225393548 0 -2.9107644135282889 1.4503677005139672 OK 13 12 0.77083199999999996 0.83401599999999998 0.13167699999999999 0.63169900000000001 0.52274799999999999 0 0.13913299999999995 0.31126799999999999 0.13167699999999999 0.0094780000000000003 0.0082400000000000008 0.007646 0.10514100000000003 0.27911200000000008 0.10067999999999995 0.0040210000000000003 0.0039589999999999998 0.0038379999999999998 0.00080900000000000004 0.0007890000000000001 0.00079799999999999999 1.4503676886805648 1.4503676886805648 1.4503676886805648 7.6537929755380734e-05 7.6537929755380734e-05 7.6537929755380734e-05 1 1 1 Converged Converged Converged OK OK OK 77 77 77 77 77 77 3 3 3 0 0 0 0 1 0 0 1
118 118 linear 0 0 1180 0 0.001 3.5083774962362573 0.10947073605582947 0.0031968453531167739 0.32022834128437233 -0.01046036466818869 0.31958897221374899 0.5 0.026580290654816374 199.12146990539529 OK 13 12 0.51185700000000001 0.50751100000000005 0.157001 0.35166900000000001 0.35004999999999997 0 0.160188 0.15746100000000007 0.157001 0.011354 0.011553000000000001 0.011412 0.12454899999999999 0.12195399999999998 0.12118699999999999 0.0033349999999999999 0.0032120000000000004 0.0036569999999999997 0.00088699999999999998 0.00089999999999999998 0.000968 199.12101015705389 199.12101015705389 199.12101015705389 0.081022352695755182 0.081022352695755182 0.081022352695755182 1 1 1 Converged Converged Converged OK OK OK 81 81 81 81 81 81 7 7 7 0 0 0 0 0 1 0 0
118 118 linear 0 7 1180 1 0.001 3.5083774962362573 0.10947073605582947 0.0031968453531167739 0.32022834128437233 -0.01046036466818869 0.31997815338717189 0.5 0.026191109481393471 188.29180714291437 OK 13 12 0.47587299999999999 0.50950099999999998 0.14430599999999999 0.32813799999999999 0.19372500000000001 0 0.14773500000000001 0.31577599999999995 0.14430599999999999 0.010522 0.010573000000000001 0.010017 0.11799600000000002 0.28576699999999999 0.11566299999999996 0.0033149999999999998 0.0033530000000000005 0.0034190000000000002 0.00090899999999999998 0.00091500000000000001 0.00093299999999999991 188.29090699784695 188.29090699784695 188.29090699784695 0.06136743557995538 0.06136743557995538 0.06136743557995538 1 1 1 Converged Converged Converged OK OK OK 81 81 81 81 81 81 7 7 7 0 0 0 0 1 0 0 1
118 118 linear 0 15 1180 2 0.001 3.5083774962362573 0.10947073605582947 0.0031968453531167739 0.32022834128437233 -0.01046036466818869 0.32042293187108378 0.5 0.025746330997481581 169.43570200286683 OK 14 13 0.51463499999999995 0.55530000000000002 0.17351900000000001 0.336364 0.20297699999999999 0 0.17827099999999996 0.35232300000000005 0.17351900000000001 0.013786 0.013774 0.012933 0.13685699999999998 0.31020300000000006 0.13389899999999996 0.004725 0.0052329999999999998 0.0046419999999999994 0.0010660000000000001 0.001137 0.0011310000000000001 169.43532101656533 169.43532101656533 169.43532101656533 0.039852925663066363 0.039852925663066363 0.039852925663066363 1 1 1 Converged Converged Converged OK OK OK 97 97 97 97 97 97 7 7 7 0 0 0 0 1 0 0 1
118 118 linear 0 23 1180 3 0.001 3.5083774962362573 0.10947073605582947 0.0031968453531167739 0.32022834128437233 -0.01046036466818869 0.32086771035499567 0.5 0.025301552513569692 150.56199724536711 OK 14 13 0.52970700000000004 0.57766300000000004 0.17699599999999999 0.34875499999999998 0.21645700000000001 0 0.18095200000000006 0.36120600000000003 0.17699599999999999 0.013297 0.013498 0.012834 0.14226799999999998 0.32088300000000008 0.13916999999999996 0.0044749999999999998 0.0053079999999999985 0.0046579999999999998 0.0010449999999999999 0.0011639999999999999 0.0010499999999999999 150.56295748528174 150.56295748528174 150.56295748528174 0.038733321638458912 0.038733321638458912 0.038733321638458912 1 1 1 Converged Converged Converged OK OK OK 97 97 97 97 97 97 7 7 7 0 0 0 0 1 0 0 1
118 118 linear 0 0 1180 0 0.0001 3.5083774962362573 0.10947073605582947 0.0031968453531167739 0.32022834128437233 -0.01046036466818869 0.31958897221374899 0.5 0.026580290654816374 199.12146990539529 OK 13 12 0.58057499999999995 0.57837700000000003 0.22523799999999999 0.350692 0.35246899999999998 0 0.22988299999999995 0.22590800000000005 0.22523799999999999 0.011575 0.011428000000000001 0.011447000000000001 0.17921099999999993 0.17509999999999998 0.17496899999999993 0.0061290000000000008 0.0061040000000000001 0.006182 0.001402 0.0013690000000000002 0.0014430000000000001 199.12073935003767 199.12073935003767 199.12073935003767 0.007084257426464742 0.007084257426464742 0.007084257426464742 1 1 1 Converged Converged Converged OK OK OK 129 129 129 129 129 129 7 7 7 0 0 0 0 0 1 0 0
118 118 linear 0 7 1180 1 0.0001 3.5083774962362573 0.10947073605582947 0.0031968453531167739 0.32022834128437233 -0.01046036466818869 0.31997815338717189 0.5 0.026191109481393471 188.29180714291437 OK 13 12 0.52529999999999999 0.63363000000000003 0.193494 0.32446399999999997 0.190859 0 0.20083600000000001 0.44277100000000003 0.193494 0.010718 0.010671 0.0098759999999999994 0.16068300000000002 0.40263700000000008 0.15624000000000002 0.0058170000000000001 0.0060110000000000007 0.0052770000000000004 0.0013210000000000001 0.0013689999999999998 0.0012499999999999998 188.29090867028262 188.29090867028262 188.29090867028262 0.006303187623384855 0.006303187623384855 0.006303187623384855 1 1 1 Converged Converged Converged OK OK OK 113 113 113 113 113 113 7 7 7 0 0 0 0 1 0 0 1
118 118 linear 0 15 1180 2 0.0001 3.5083774962362573 0.10947073605582947 0.0031968453531167739 0.32022834128437233 -0.01046036466818869 0.32042293187108378 0.5 0.025746330997481581 169.43570200286683 OK 14 13 0.54732000000000003 0.62898100000000001 0.20341899999999999 0.33702900000000002 0.203068 0 0.21029100000000001 0.42591299999999999 0.20341899999999999 0.013761000000000001 0.013812 0.012971999999999999 0.16367699999999996 0.38039600000000001 0.15950099999999992 0.0066389999999999999 0.0058739999999999999 0.0059940000000000002 0.0013489999999999999 0.001317 0.0011970000000000001 169.43532103359615 169.43532103359615 169.43532103359615 0.005180138480736729 0.005180138480736729 0.005180138480736729 1 1 1 Converged Converged Converged OK OK OK 113 113 113 113 113 113 7 7 7 0 0 0 0 1 0 0 1
118 118 linear 0 23 1180 3 0.0001 3.5083774962362573 0.10947073605582947 0.0031968453531167739 0.32022834128437233 -0.01046036466818869 0.32086771035499567 0.5 0.025301552513569692 150.56199724536711 OK 14 13 0.56709100000000001 0.65722000000000003 0.20907600000000001 0.347549 0.214422 0 0.21954200000000001 0.44279800000000002 0.20907600000000001 0.0135 0.013781 0.012678 0.17430000000000007 0.39716699999999977 0.166015 0.0062520000000000006 0.0060499999999999998 0.005744 0.0012019999999999999 0.0013110000000000001 0.001209 150.56295749936871 150.56295749936871 150.56295749936871 0.0034277467099173629 0.0034277467099173629 0.0034277467099173629 1 1 1 Converged Converged Converged OK OK OK 113 113 113 113 113 113 7 7 7 0 0 0 0 1 0 0 1
118 118 linear 1 0 1181 0 0.001 3.5083774962362573 0.10947073605582947 0.0031968453531167739 -2.8753204411329754 -0.0071916693767047615 -2.8759598102035988 0.5 3.2221290730721641 26.083201572329028 OK 14 13 0.49568899999999999 0.49285600000000002 0.14297299999999999 0.34825400000000001 0.34470800000000001 0 0.14743499999999998 0.148148 0.14297299999999999 0.012659 0.012682000000000001 0.012132 0.10963800000000001 0.11151699999999999 0.10651000000000004 0.003467 0.0032160000000000001 0.0033129999999999995 0.00087799999999999998 0.00078800000000000007 0.00075500000000000003 26.083291477045581 26.083291477045581 26.083291477045581 0.014852288188722571 0.014852288188722571 0.014852288188722571 1 1 1 Converged Converged Converged OK OK OK 74 74 74 74 74 74 6 6 6 0 0 0 0 0 1 0 0
118 118 linear 1 7 1181 1 0.001 3.5083774962362573 0.10947073605582947 0.0031968453531167739 -2.8753204411329754 -0.0071916693767047615 -2.8755706290301757 0.5 3.221739891898741 25.981186840233377 OK 14 13 0.48291400000000001 0.372722 0.139652 0.33854400000000001 0.21370500000000001 0 0.14437 0.15901699999999999 0.139652 0.01158 0.011658999999999999 0.010815 0.11376 0.12800499999999998 0.11037099999999998 0.0032440000000000004 0.0033669999999999998 0.0032430000000000002 0.00074299999999999995 0.00075799999999999999 0.00072499999999999995 25.98128671679358 25.98128671679358 25.98128671679358 0.013822358965881985 0.013822358965881985 0.013822358965881985 1 1 1 Converged Converged Converged OK OK OK 74 74 74 74 74 74 6 6 6 0 0 0 0 1 0 0 1
118 118 linear 1 15 1181 2 0.001 3.5083774962362573 0.10947073605582947 0.0031968453531167739 -2.8753204411329754 -0.0071916693767047615 -2.8751258505462638 0.5 3.2212951134148291 25.76232229212129 OK 14 13 0.50746199999999997 0.384683 0.13440199999999999 0.36819299999999999 0.23111499999999999 0 0.13926899999999998 0.15356800000000001 0.13440199999999999 0.011478 0.01155 0.010782999999999999 0.10901400000000004 0.122736 0.105332 0.0031809999999999998 0.003431 0.0031970000000000002 0.00083000000000000001 0.00086899999999999998 0.00083799999999999999 25.762436021295443 25.762436021295443 25.762436021295443 0.012867706857484749 0.012867706857484749 0.012867706857484749 1 1 1 Converged Converged Converged OK OK OK 74 74 74 74 74 74 6 6 6 0 0 0 0 1 0 0 1
118 118 linear 1 23 1181 3 0.001 3.5083774962362573 0.10947073605582947 0.0031968453531167739 -2.8753204411329754 -0.0071916693767047615 -2.8746810720623519 0.5 3.2208503349309172 25.44295407690262 OK 14 13 0.51805299999999999 0.391982 0.139297 0.37398100000000001 0.234126 0 0.14407199999999998 0.157856 0.139297 0.011469 0.011490999999999999 0.010808 0.11324299999999994 0.12766 0.11038799999999999 0.0033269999999999997 0.0033430000000000001 0.0031720000000000003 0.00081799999999999993 0.00079700000000000007 0.00074199999999999993 25.443034908780085 25.443034908780085 25.443034908780085 0.013199396331294839 0.013199396331294839 0.013199396331294839 1 1 1 Converged Converged Converged OK OK OK 74 74 74 74 74 74 6 6 6 0 0 0 0 1 0 0 1
118 118 linear 1 0 1181 0 0.0001 3.5083774962362573 0.10947073605582947 0.0031968453531167739 -2.8753204411329754 -0.0071916693767047615 -2.8759598102035988 0.5 3.2221290730721641 26.083201572329028 OK 14 13 0.59785900000000003 0.58925300000000003 0.23828299999999999 0.35402699999999998 0.35025600000000001 0 0.24383200000000005 0.23899700000000001 0.23828299999999999 0.012640999999999999 0.01244 0.012151 0.18923699999999999 0.18468599999999999 0.18383700000000006 0.0059179999999999996 0.005986 0.0062079999999999991 0.001204 0.001193 0.0012019999999999999 26.083293417003475 26.083293417003475 26.083293417003475 0.0020347224005277408 0.0020347224005277408 0.0020347224005277408 1 1 1 Converged Converged Converged OK OK OK 122 122 122 122 122 122 6 6 6 0 0 0 0 0 1 0 0
118 118 linear 1 7 1181 1 0.0001 3.5083774962362573 0.10947073605582947 0.0031968453531167739 -2.8753204411329754 -0.0071916693767047615 -2.8755706290301757 0.5 3.221739891898741 25.981186840233377 OK 14 13 0.58363699999999996 0.46919499999999997 0.23330899999999999 0.34087400000000001 0.21079700000000001 0 0.24276299999999995 0.25839799999999996 0.23330899999999999 0.011525000000000001 0.011649 0.01091 0.19872499999999998 0.21459 0.190522 0.0058900000000000003 0.0059399999999999991 0.0060080000000000003 0.0011349999999999999 0.0011570000000000003 0.0011560000000000001 25.981288474367243 25.981288474367243 25.981288474367243 0.0018356681889159011 0.0018356681889159011 0.0018356681889159011 1 1 1 Converged Converged Converged OK OK OK 122 122 122 122 122 122 6 6 6 0 0 0 0 1 0 0 1
118 118 linear 1 15 1181 2 0.0001 3.5083774962362573 0.10947073605582947 0.0031968453531167739 -2.8753204411329754 -0.0071916693767047615 -2.8751258505462638 0.5 3.2212951134148291 25.76232229212129 OK 14 13 0.59912799999999999 0.488707 0.22381699999999999 0.36813200000000001 0.23221900000000001 0 0.23099599999999998 0.25648799999999999 0.22381699999999999 0.011495 0.011558000000000001 0.010841999999999999 0.18698999999999996 0.21155200000000005 0.18164300000000003 0.0057790000000000003 0.0067060000000000002 0.0056949999999999995 0.001248 0.001291 0.001258 25.762437553675337 25.762437553675337 25.762437553675337 0.0016451030538460329 0.0016451030538460329 0.0016451030538460329 1 1 1 Converged Converged Converged OK OK OK 122 122 122 122 122 122 6 6 6 0 0 0 0 1 0 0 1
118 118 linear 1 23 1181 3 0.0001 3.5083774962362573 0.10947073605582947 0.0031968453531167739 -2.8753204411329754 -0.0071916693767047615 -2.8746810720623519 0.5 3.2208503349309172 25.44295407690262 OK 14 13 0.61164499999999999 0.49803500000000001 0.23219799999999999 0.37341999999999997 0.23575699999999999 0 0.23822500000000002 0.26227800000000001 0.23219799999999999 0.011542999999999999 0.011495 0.010881 0.19472100000000003 0.21792799999999998 0.18993600000000005 0.0058760000000000001 0.0063510000000000007 0.005758000000000001 0.001158 0.0012700000000000001 0.001194 25.443036223247514 25.443036223247514 25.443036223247514 0.0014882127278346799 0.0014882127278346799 0.0014882127278346799 1 1 1 Converged Converged Converged OK OK OK 122 122 122 122 122 122 6 6 6 0 0 0 0 1 0 0 1
118 118 linear 2 0 1182 0 0.001 3.5083774962362573 0.10947073605582947 0.0031968453531167739 0.3042631469413985 -0.0060923503954676723 0.30362377787077516 0.5 0.042545484997790206 40.151895635321495 OK 14 13 0.47224100000000002 0.46726099999999998 0.127026 0.33991900000000003 0.33964100000000003 0 0.132322 0.12761999999999996 0.127026 0.013148 0.013306 0.012874 0.094530999999999962 0.08994199999999998 0.089520000000000016 0.003571 0.00363 0.0036509999999999997 0.00079299999999999998 0.00082700000000000004 0.00083199999999999995 40.151862714630568 40.151862714630568 40.151862714630568 0.034257124629313032 0.034257124629313032 0.034257124629313032 1 1 1 Converged Converged Converged OK OK OK 68 68 68 68 68 68 4 4 4 0 0 0 0 0 1 0 0
118 118 linear 2 7 1182 1 0.001 3.5083774962362573 0.10947073605582947 0.0031968453531167739 0.3042631469413985 -0.0060923503954676723 0.30401295904419806 0.5 0.042156303824367303 43.731269021114997 OK 14 13 0.45364399999999999 0.404557 0.11804000000000001 0.33228000000000002 0.19270699999999999 0 0.12136399999999997 0.21185000000000001 0.11804000000000001 0.012413 0.012159 0.011750999999999999 0.087424999999999975 0.17838600000000002 0.085383000000000001 0.0037309999999999999 0.0036219999999999998 0.0036809999999999998 0.00079699999999999997 0.00080399999999999992 0.00078199999999999993 43.730885888040589 43.730885888040589 43.730885888040589 0.037712469539535144 0.037712469539535144 0.037712469539535144 1 1 1 Converged Converged Converged OK OK OK 68 68 68 68 68 68 4 4 4 0 0 0 0 1 0 0 1
118 118 linear 2 15 1182 2 0.001 3.5083774962362573 0.10947073605582947 0.0031968453531167739 0.3042631469413985 -0.0060923503954676723 0.30445773752810995 0.5 0.041711525340455413 48.159179095785262 OK 14 13 0.45716099999999998 0.40578999999999998 0.118621 0.33501500000000001 0.20144000000000001 0 0.12214599999999998 0.20434999999999998 0.118621 0.012681 0.012678 0.011913 0.088095999999999952 0.17019999999999996 0.085925000000000001 0.0037300000000000002 0.0037670000000000004 0.0036930000000000001 0.00084699999999999999 0.00081700000000000002 0.00077399999999999995 48.159269054010366 48.159269054010366 48.159269054010366 0.043695370955356569 0.043695370955356569 0.043695370955356569 1 1 1 Converged Converged Converged OK OK OK 68 68 68 68 68 68 4 4 4 0 0 0 0 1 0 0 1
118 118 linear 2 23 1182 3 0.001 3.5083774962362573 0.10947073605582947 0.0031968453531167739 0.3042631469413985 -0.0060923503954676723 0.30490251601202184 0.5 0.041266746856543524 52.85113782446782 OK 14 13 0.4899 0.48885800000000001 0.14227200000000001 0.343918 0.20275199999999999 0 0.145982 0.28610600000000003 0.14227200000000001 0.012284 0.012292000000000001 0.011613999999999999 0.10624899999999998 0.246526 0.10412800000000005 0.0046649999999999999 0.0045690000000000001 0.0043769999999999998 0.000919 0.00086800000000000006 0.00082499999999999989 52.851325131240969 52.851325131240969 52.851325131240969 0.021448711331513885 0.021448711331513885 0.021448711331513885 1 1 1 Converged Converged Converged OK OK OK 84 84 84 84 84 84 4 4 4 0 0 0 0 1 0 0 1
118 118 linear 2 0 1182 0 0.0001 3.5083774962362573 0.10947073605582947 0.0031968453531167739 0.3042631469413985 -0.0060923503954676723 0.30362377787077516 0.5 0.042545484997790206 40.151895635321495 OK 14 13 0.49395099999999997 0.49278300000000003 0.15327499999999999 0.33795999999999998 0.34226699999999999 0 0.15599099999999999 0.15051600000000004 0.15327499999999999 0.013311999999999999 0.013398 0.012751999999999999 0.11192600000000001 0.10675700000000003 0.10954699999999999 0.0045560000000000002 0.0044809999999999997 0.0046719999999999999 0.00092200000000000008 0.00098799999999999995 0.00096199999999999996 40.151862764327497 40.151862764327497 40.151862764327497 0.0017481325959926852 0.0017481325959926852 0.0017481325959926852 1 1 1 Converged Converged Converged OK OK OK 84 84 84 84 84 84 4 4 4 0 0 0 0 0 1 0 0
118 118 linear 2 7 1182 1 0.0001 3.5083774962362573 0.10947073605582947 0.0031968453531167739 0.3042631469413985 -0.0060923503954676723 0.30401295904419806 0.5 0.042156303824367303 43.731269021114997 OK 14 13 0.495423 0.50273800000000002 0.16308400000000001 0.32841399999999998 0.193713 0 0.16700900000000002 0.30902499999999999 0.16308400000000001 0.012151 0.012423999999999999 0.011639 0.122124 0.26301599999999992 0.11915499999999998 0.0054400000000000004 0.0058890000000000001 0.0056039999999999996 0.001047 0.001093 0.001073 43.730886002443448 43.730886002443448 43.730886002443448 8.7973495192692088e-05 8.7973495192692088e-05 8.7973495192692088e-05 1 1 1 Converged Converged Converged OK OK OK 100 100 100 100 100 100 4 4 4 0 0 0 0 1 0 0 1
118 118 linear 2 15 1182 2 0.0001 3.5083774962362573 0.10947073605582947 0.0031968453531167739 0.3042631469413985 -0.0060923503954676723 0.30445773752810995 0.5 0.041711525340455413 48.159179095785262 OK 14 13 0.50598799999999999 0.51083999999999996 0.164882 0.34012999999999999 0.20352600000000001 0 0.16585800000000001 0.30731399999999998 0.164882 0.012496999999999999 0.012737999999999999 0.011887 0.12212699999999997 0.26328299999999988 0.12250899999999999 0.0053750000000000004 0.0054540000000000005 0.0053330000000000001 0.0010170000000000001 0.0010420000000000002 0.0010420000000000002 48.159267776012236 48.159267776012236 48.159267776012236 9.4823283255409616e-05 9.4823283255409616e-05 9.4823283255409616e-05 1 1 1 Converged Converged Converged OK OK OK 100 100 100 100 100 100 4 4 4 0 0 0 0 1 0 0 1
118 118 linear 2 23 1182 3 0.0001 3.5083774962362573 0.10947073605582947 0.0031968453531167739 0.3042631469413985 -0.0060923503954676723 0.30490251601202184 0.5 0.041266746856543524 52.85113782446782 OK 14 13 0.50873599999999997 0.53140900000000002 0.164822 0.340167 0.20472599999999999 0 0.16856899999999997 0.32668300000000006 0.164822 0.012187 0.012383 0.011620999999999999 0.12535499999999997 0.28275099999999997 0.12278499999999995 0.0054759999999999991 0.0056909999999999999 0.0054910000000000002 0.00099199999999999983 0.0010249999999999999 0.00096900000000000013 52.851320058708971 52.851320058708971 52.851320058708971 0.00010294100961029047 0.00010294100961029047 0.00010294100961029047 1 1 1 Converged Converged Converged OK OK OK 100 100 100 100 100 100 4 4 4 0 0 0 0 1 0 0 1
118 118 linear 3 0 1183 0 0.001 3.5083774962362573 0.10947073605582947 0.0031968453531167739 -2.8994819817587825 -0.023234636928178235 -2.9001213508294059 0.5 3.2462906136979712 20.186007621833625 OK 15 14 0.55692799999999998 0.55467699999999998 0.16917699999999999 0.38152799999999998 0.38128600000000001 0 0.1754 0.17339099999999996 0.16917699999999999 0.014452 0.014697 0.014211 0.12597700000000001 0.12095900000000001 0.12042300000000004 0.004712 0.0048450000000000003 0.0047140000000000003 0.0011630000000000002 0.0012029999999999999 0.001124 20.18598927029576 20.18598927029576 20.18598927029576 0.011319665516099069 0.011319665516099069 0.011319665516099069 1 1 1 Converged Converged Converged OK OK OK 98 98 98 98 98 98 6 6 6 0 0 0 0 0 1 0 0
118 118 linear 3 7 1183 1 0.001 3.5083774962362573 0.10947073605582947 0.0031968453531167739 -2.8994819817587825 -0.023234636928178235 -2.8997321696559828 0.5 3.2459014325245481 20.644360586612308 OK 15 14 0.52584900000000001 0.41999599999999998 0.15490399999999999 0.36667699999999998 0.243031 0 0.15917200000000004 0.17696499999999998 0.15490399999999999 0.013639999999999999 0.013821999999999999 0.012936 0.11820300000000002 0.13547000000000006 0.11518800000000001 0.0047409999999999996 0.0048850000000000005 0.0047069999999999994 0.0011559999999999999 0.001256 0.00117 20.644342579250093 20.644342579250093 20.644342579250093 0.011273351507727406 0.011273351507727406 0.011273351507727406 1 1 1 Converged Converged Converged OK OK OK 98 98 98 98 98 98 6 6 6 0 0 0 0 1 0 0 1
118 118 linear 3 15 1183 2 0.001 3.5083774962362573 0.10947073605582947 0.0031968453531167739 -2.8994819817587825 -0.023234636928178235 -2.8992873911720709 0.5 3.2454566540406362 21.323373456675832 OK 15 14 0.50240399999999996 0.41392200000000001 0.15539600000000001 0.339453 0.23114499999999999 0 0.16295099999999996 0.18277700000000002 0.15539600000000001 0.01366 0.013728000000000001 0.012903 0.12196200000000004 0.14182299999999998 0.115977 0.0046030000000000003 0.0048549999999999999 0.0046480000000000002 0.0011050000000000001 0.001196 0.001091 21.32335468517503 21.32335468517503 21.32335468517503 0.011268745546032839 0.011268745546032839 0.011268745546032839 1 1 1 Converged Converged Converged OK OK OK 98 98 98 98 98 98 6 6 6 0 0 0 0 1 0 0 1
118 118 linear 3 23 1183 3 0.001 3.5083774962362573 0.10947073605582947 0.0031968453531167739 -2.8994819817587825 -0.023234636928178235 -2.898842612688159 0.5 3.2450118755567243 22.291260681364136 OK 15 14 0.53605100000000006 0.41927199999999998 0.165407 0.366732 0.227746 0 0.16931900000000005 0.19152599999999997 0.165407 0.013958 0.013913999999999999 0.013119 0.12856699999999996 0.15054899999999991 0.12601000000000001 0.004633 0.0049389999999999998 0.0047000000000000002 0.0010219999999999999 0.0010139999999999999 0.0010300000000000001 22.291323218736913 22.291323218736913 22.291323218736913 0.018247380599626165 0.018247380599626165 0.018247380599626165 1 1 1 Converged Converged Converged OK OK OK 97 97 97 97 97 97 7 7 7 0 0 0 0 1 0 0 1
118 118 linear 3 0 1183 0 0.0001 3.5083774962362573 0.10947073605582947 0.0031968453531167739 -2.8994819817587825 -0.023234636928178235 -2.9001213508294059 0.5 3.2462906136979712 20.186007621833625 OK 15 14 0.60867700000000002 0.60662300000000002 0.220883 0.38449699999999998 0.38645400000000002 0 0.22418000000000005 0.220169 0.220883 0.014624 0.014572 0.014076 0.16198499999999999 0.15843699999999994 0.15840700000000002 0.0064219999999999998 0.0063830000000000007 0.0070400000000000003 0.0014089999999999999 0.001392 0.0014250000000000001 20.18598926768205 20.18598926768205 20.18598926768205 0.00091897305533043827 0.00091897305533043827 0.00091897305533043827 1 1 1 Converged Converged Converged OK OK OK 130 130 130 130 130 130 6 6 6 0 0 0 0 0 1 0 0
118 118 linear 3 7 1183 1 0.0001 3.5083774962362573 0.10947073605582947 0.0031968453531167739 -2.8994819817587825 -0.023234636928178235 -2.8997321696559828 0.5 3.2459014325245481 20.644360586612308 OK 15 14 0.57671799999999995 0.47291800000000001 0.20447899999999999 0.36355799999999999 0.23937700000000001 0 0.21315999999999996 0.233541 0.20447899999999999 0.013662000000000001 0.013663 0.013002 0.15823299999999998 0.18282400000000007 0.15443400000000002 0.0065790000000000006 0.0065389999999999997 0.0067819999999999998 0.0013420000000000001 0.0013860000000000001 0.0013560000000000002 20.644342576719279 20.644342576719279 20.644342576719279 0.0009659181206983714 0.0009659181206983714 0.0009659181206983714 1 1 1 Converged Converged Converged OK OK OK 130 130 130 130 130 130 6 6 6 0 0 0 0 1 0 0 1
118 118 linear 3 15 1183 2 0.0001 3.5083774962362573 0.10947073605582947 0.0031968453531167739 -2.8994819817587825 -0.023234636928178235 -2.8992873911720709 0.5 3.2454566540406362 21.323373456675832 OK 15 14 0.54637800000000003 0.46707900000000002 0.20512 0.33795999999999998 0.22862399999999999 0 0.20841800000000005 0.23845500000000003 0.20512 0.013757999999999999 0.013724999999999999 0.012926 0.15764200000000003 0.18754499999999991 0.15571600000000005 0.006483 0.0066650000000000008 0.0065020000000000008 0.0014429999999999998 0.001454 0.0013939999999999998 21.323354682741069 21.323354682741069 21.323354682741069 0.0010634573296647086 0.0010634573296647086 0.0010634573296647086 1 1 1 Converged Converged Converged OK OK OK 130 130 130 130 130 130 6 6 6 0 0 0 0 1 0 0 1
118 118 linear 3 23 1183 3 0.0001 3.5083774962362573 0.10947073605582947 0.0031968453531167739 -2.8994819817587825 -0.023234636928178235 -2.898842612688159 0.5 3.2450118755567243 22.291260681364136 OK 15 14 0.59771399999999997 0.48377199999999998 0.22311300000000001 0.36939100000000002 0.22913600000000001 0 0.22832299999999994 0.25463599999999997 0.22311300000000001 0.013797 0.013898000000000001 0.01312 0.1738309999999999 0.20054600000000006 0.16978000000000001 0.0070930000000000003 0.0069249999999999989 0.0069979999999999999 0.0014549999999999999 0.0014289999999999997 0.001454 22.291231068952637 22.291231068952637 22.291231068952637 0.0012224545320660115 0.0012224545320660115 0.0012224545320660115 1 1 1 Converged Converged Converged OK OK OK 137 137 137 137 137 137 7 7 7 0 0 0 0 1 0 0 1
118 118 linear 4 0 1184 0 0.001 3.5083774962362573 0.10947073605582947 0.0031968453531167739 -2.9408466815916423 0.0069702195755627335 -2.9414860506622658 0.5 3.2876553135308311 7.3898912075795575 OK 13 12 0.444272 0.43950400000000001 0.089598999999999998 0.35164000000000001 0.34951599999999999 0 0.092631999999999992 0.089988000000000012 0.089598999999999998 0.0090670000000000004 0.0090229999999999998 0.0088199999999999997 0.064513999999999988 0.062706999999999985 0.062536999999999995 0.0028449999999999999 0.0026459999999999999 0.0028 0.00058900000000000001 0.00056900000000000006 0.00058 7.3898822626083893 7.3898822626083893 7.3898822626083893 0.003276644601412151 0.003276644601412151 0.003276644601412151 1 1 1 Converged Converged Converged OK OK OK 53 53 53 53 53 53 3 3 3 0 0 0 0 0 1 0 0
118 118 linear 4 7 1184 1 0.001 3.5083774962362573 0.10947073605582947 0.0031968453531167739 -2.9408466815916423 0.0069702195755627335 -2.9410968694888426 0.5 3.2872661323574079 7.3337873940425675 OK 13 12 0.45155200000000001 0.32997799999999999 0.084196999999999994 0.36337199999999997 0.225665 0 0.088180000000000036 0.10431299999999999 0.084196999999999994 0.0082310000000000005 0.0082500000000000004 0.0076689999999999996 0.062876000000000001 0.079329000000000011 0.060479999999999992 0.0028660000000000001 0.0028320000000000003 0.0026679999999999998 0.00059199999999999997 0.00058399999999999999 0.000553 7.3337784767533183 7.3337784767533183 7.3337784767533183 0.0032906871102160707 0.0032906871102160707 0.0032906871102160707 1 1 1 Converged Converged Converged OK OK OK 53 53 53 53 53 53 3 3 3 0 0 0 0 1 0 0 1
118 118 linear 4 15 1184 2 0.001 3.5083774962362573 0.10947073605582947 0.0031968453531167739 -2.9408466815916423 0.0069702195755627335 -2.9406520910049307 0.5 3.2868213538734961 7.2708915373398053 OK 13 12 0.43754500000000002 0.32291199999999998 0.083476999999999996 0.350352 0.21983900000000001 0 0.08719300000000002 0.10307299999999997 0.083476999999999996 0.0082419999999999993 0.0083110000000000007 0.0076429999999999996 0.062134000000000009 0.078251000000000001 0.059926000000000007 0.0029350000000000001 0.0027690000000000002 0.0026959999999999996 0.00057300000000000005 0.00058600000000000004 0.0005489999999999999 7.2708826679336918 7.2708826679336918 7.2708826679336918 0.0033068814110168024 0.0033068814110168024 0.0033068814110168024 1 1 1 Converged Converged Converged OK OK OK 53 53 53 53 53 53 3 3 3 0 0 0 0 1 0 0 1
118 118 linear 4 23 1184 3 0.001 3.5083774962362573 0.10947073605582947 0.0031968453531167739 -2.9408466815916423 0.0069702195755627335 -2.9402073125210189 0.5 3.2863765753895842 7.2093493350999669 OK 13 12 0.44128800000000001 0.32473999999999997 0.087868000000000002 0.34546100000000002 0.217531 0 0.095826999999999996 0.10720899999999997 0.087868000000000002 0.012514000000000001 0.0082220000000000001 0.0076839999999999999 0.066673999999999997 0.082428999999999988 0.064180000000000015 0.00281 0.0028410000000000002 0.002709 0.00057300000000000005 0.00056800000000000004 0.00054900000000000001 7.2093405187869353 7.2093405187869353 7.2093405187869353 0.0033232333199367191 0.0033232333199367191 0.0033232333199367191 1 1 1 Converged Converged Converged OK OK OK 53 53 53 53 53 53 3 3 3 0 0 0 0 1 0 0 1
118 118 linear 4 0 1184 0 0.0001 3.5083774962362573 0.10947073605582947 0.0031968453531167739 -2.9408466815916423 0.0069702195755627335 -2.9414860506622658 0.5 3.2876553135308311 7.3898912075795575 OK 13 12 0.48223300000000002 0.478904 0.12903600000000001 0.34701700000000002 0.34886800000000001 0 0.135216 0.13003599999999998 0.12903600000000001 0.0088819999999999993 0.0089370000000000005 0.0087760000000000008 0.098440999999999959 0.093693000000000026 0.092729000000000006 0.004065 0.0039490000000000003 0.0040010000000000002 0.00079799999999999999 0.00081000000000000006 0.00079000000000000001 7.3898867652337259 7.3898867652337259 7.3898867652337259 9.0409174922902821e-06 9.0409174922902821e-06 9.0409174922902821e-06 1 1 1 Converged Converged Converged OK OK OK 77 77 77 77 77 77 3 3 3 0 0 0 0 0 1 0 0
118 118 linear 4 7 1184 1 0.0001 3.5083774962362573 0.10947073605582947 0.0031968453531167739 -2.9408466815916423 0.0069702195755627335 -2.9410968694888426 0.5 3.2872661323574079 7.3337873940425675 OK 13 12 0.485593 0.381249 0.122834 0.35896699999999998 0.23010700000000001 0 0.12662600000000002 0.151142 0.122834 0.0081980000000000004 0.0082819999999999994 0.0076759999999999997 0.094483000000000011 0.118882 0.091825000000000045 0.0040730000000000002 0.0041009999999999996 0.0039830000000000004 0.00080999999999999996 0.00077700000000000002 0.00076599999999999997 7.3337829812385715 7.3337829812385715 7.3337829812385715 9.0459670010285479e-06 9.0459670010285479e-06 9.0459670010285479e-06 1 1 1 Converged Converged Converged OK OK OK 77 77 77 77 77 77 3 3 3 0 0 0 0 1 0 0 1
118 118 linear 4 15 1184 2 0.0001 3.5083774962362573 0.10947073605582947 0.0031968453531167739 -2.9408466815916423 0.0069702195755627335 -2.9406520910049307 0.5 3.2868213538734961 7.2708915373398053 OK 13 12 0.47220299999999998 0.365587 0.120906 0.34254800000000002 0.21618000000000001 0 0.12965499999999996 0.14940699999999998 0.120906 0.0083129999999999992 0.0083199999999999993 0.0076620000000000004 0.097139999999999976 0.11682000000000002 0.090038000000000035 0.0039909999999999998 0.0041459999999999995 0.0039379999999999997 0.0007980000000000001 0.00081299999999999992 0.00077799999999999994 7.2708871745454298 7.2708871745454298 7.2708871745454298 9.051517553247399e-06 9.051517553247399e-06 9.051517553247399e-06 1 1 1 Converged Converged Converged OK OK OK 77 77 77 77 77 77 3 3 3 0 0 0 0 1 0 0 1
118 118 linear 4 23 1184 3 0.0001 3.5083774962362573 0.10947073605582947 0.0031968453531167739 -2.9408466815916423 0.0069702195755627335 -2.9402073125210189 0.5 3.2863765753895842 7.2093493350999669 OK 13 12 0.48001300000000002 0.37309100000000001 0.12570200000000001 0.34999000000000002 0.216116 0 0.130023 0.156975 0.12570200000000001 0.0082620000000000002 0.008175 0.0076299999999999996 0.097740000000000021 0.12460299999999994 0.094697000000000031 0.004215 0.0041159999999999999 0.0041010000000000005 0.00077700000000000002 0.000776 0.00078799999999999996 7.209345027526056 7.209345027526056 7.209345027526056 9.0568608046084434e-06 9.0568608046084434e-06 9.0568608046084434e-06 1 1 1 Converged Converged Converged OK OK OK 77 77 77 77 77 77 3 3 3 0 0 0 0 1 0 0 1
118 118 uniform 0 0 1185 0 0.001 3.5083774962362573 0.10947073605582947 0.0031968453531167739 0.32022834128437233 -0.01046036466818869 0.31958897221374899 0 0.026580290654816374 195.45493480110002 OK 13 12 0.48877999999999999 0.48225899999999999 0.13430700000000001 0.35360900000000001 0.346995 0 0.13517099999999999 0.135264 0.13430700000000001 0.011445 0.011674 0.011072 0.099908000000000052 0.099752000000000007 0.099633999999999973 0.0030430000000000001 0.0033300000000000001 0.0030099999999999997 0.001 0.00096299999999999999 0.00093800000000000003 195.45538424375934 195.45538424375934 195.45538424375934 0.10246229827795357 0.10246229827795357 0.10246229827795357 1 1 1 Converged Converged Converged OK OK OK 81 81 81 81 81 81 7 7 7 0 0 0 0 0 1 0 0
118 118 uniform 0 7 1185 1 0.001 3.5083774962362573 0.10947073605582947 0.0031968453531167739 0.32022834128437233 -0.01046036466818869 0.31997815338717189 0 0.026191109481393471 186.35777688969324 OK 13 12 0.45112999999999998 0.48287600000000003 0.123334 0.32253500000000002 0.18879099999999999 0 0.12859499999999996 0.29408500000000004 0.123334 0.010422000000000001 0.010319999999999999 0.010082000000000001 0.099652999999999978 0.26504099999999997 0.095058000000000031 0.0029549999999999997 0.0030870000000000003 0.003094 0.0009230000000000001 0.00089499999999999996 0.00089300000000000002 186.35777267983966 186.35777267983966 186.35777267983966 0.026663026028246238 0.026663026028246238 0.026663026028246238 1 1 1 Converged Converged Converged OK OK OK 81 81 81 81 81 81 7 7 7 0 0 0 0 1 0 0 1
118 118 uniform 0 15 1185 2 0.001 3.5083774962362573 0.10947073605582947 0.0031968453531167739 0.32022834128437233 -0.01046036466818869 0.32042293187108378 0 0.025746330997481581 168.50690436664806 OK 14 13 0.46899999999999997 0.47925400000000001 0.13502600000000001 0.33599200000000001 0.20321600000000001 0 0.13300799999999996 0.27603800000000001 0.13502600000000001 0.013782000000000001 0.013465 0.014068000000000001 0.099052000000000015 0.24245799999999998 0.101172 0.0034060000000000002 0.0033569999999999997 0.0032549999999999996 0.00090200000000000002 0.00086899999999999998 0.00083199999999999995 168.50687931045093 168.50687931045093 168.50687931045093 0.05988999560364848 0.05988999560364848 0.05988999560364848 1 1 1 Converged Converged Converged OK OK OK 81 81 81 81 81 81 7 7 7 0 0 0 0 1 0 0 1
118 118 uniform 0 23 1185 3 0.001 3.5083774962362573 0.10947073605582947 0.0031968453531167739 0.32022834128437233 -0.01046036466818869 0.32086771035499567 0 0.025301552513569692 150.46355858418661 OK 14 13 0.47756900000000002 0.47406700000000002 0.12801399999999999 0.34567900000000001 0.20973900000000001 0 0.13189000000000001 0.26432800000000001 0.12801399999999999 0.013226 0.013412 0.012706 0.10026899999999998 0.23214199999999996 0.097314999999999985 0.0028579999999999994 0.0030500000000000002 0.0030730000000000002 0.00071500000000000003 0.00072999999999999996 0.000718 150.46357510862936 150.46357510862936 150.46357510862936 0.14651074461117264 0.14651074461117264 0.14651074461117264 1 1 1 Converged Converged Converged OK OK OK 73 73 73 73 73 73 7 7 7 0 0 0 0 1 0 0 1
118 118 uniform 0 0 1185 0 0.0001 3.5083774962362573 0.10947073605582947 0.0031968453531167739 0.32022834128437233 -0.01046036466818869 0.31958897221374899 0 0.026580290654816374 195.45493480110002 OK 13 12 0.524725 0.52104600000000001 0.171404 0.35069499999999998 0.34880499999999998 0 0.17403000000000002 0.17224100000000003 0.171404 0.011254 0.011379999999999999 0.011065 0.12878099999999995 0.12846000000000002 0.127937 0.0053340000000000002 0.0046790000000000009 0.0046110000000000005 0.0012239999999999998 0.0011329999999999999 0.001121 195.45493291036777 195.45493291036777 195.45493291036777 0.018283228991808408 0.018283228991808408 0.018283228991808408 1 1 1 Converged Converged Converged OK OK OK 113 113 113 113 113 113 7 7 7 0 0 0 0 0 1 0 0
118 118 uniform 0 7 1185 1 0.0001 3.5083774962362573 0.10947073605582947 0.0031968453531167739 0.32022834128437233 -0.01046036466818869 0.31997815338717189 0 0.026191109481393471 186.35777688969324 OK 13 12 0.46536499999999997 0.52941000000000005 0.13775899999999999 0.325652 0.189249 0 0.13971299999999998 0.34016100000000005 0.13775899999999999 0.010553 0.010548 0.0099710000000000007 0.10651499999999996 0.30697399999999986 0.10599699999999999 0.0042069999999999998 0.0039399999999999999 0.0040150000000000003 0.0010719999999999998 0.001023 0.001016 186.35777454847508 186.35777454847508 186.35777454847508 0.01173461419147645 0.01173461419147645 0.01173461419147645 1 1 1 Converged Converged Converged OK OK OK 97 97 97 97 97 97 7 7 7 0 0 0 0 1 0 0 1
118 118 uniform 0 15 1185 2 0.0001 3.5083774962362573 0.10947073605582947 0.0031968453531167739 0.32022834128437233 -0.01046036466818869 0.32042293187108378 0 0.025746330997481581 168.50690436664806 OK 14 13 0.48666999999999999 0.52705900000000006 0.14832000000000001 0.33664899999999998 0.20460900000000001 0 0.15002100000000002 0.32245000000000001 0.14832000000000001 0.013736999999999999 0.013903 0.012952 0.11065199999999999 0.28230400000000005 0.11014099999999998 0.0044530000000000004 0.0048719999999999996 0.0045719999999999997 0.001083 0.001026 0.0010429999999999999 168.50690889558689 168.50690889558689 168.50690889558689 0.0090922143523674958 0.0090922143523674958 0.0090922143523674958 1 1 1 Converged Converged Converged OK OK OK 97 97 97 97 97 97 7 7 7 0 0 0 0 1 0 0 1
118 118 uniform 0 23 1185 3 0.0001 3.5083774962362573 0.10947073605582947 0.0031968453531167739 0.32022834128437233 -0.01046036466818869 0.32086771035499567 0 0.025301552513569692 150.46355858418661 OK 14 13 0.50290999999999997 0.55112099999999997 0.153535 0.34734799999999999 0.21243200000000001 0 0.15556199999999998 0.33868899999999996 0.153535 0.013469999999999999 0.013446 0.012761 0.11630900000000001 0.2998039999999999 0.11595900000000002 0.0046230000000000004 0.004411 0.0044920000000000003 0.0010529999999999999 0.0010059999999999999 0.00099400000000000009 150.46356172881991 150.46356172881991 150.46356172881991 0.0086627913875318187 0.0086627913875318187 0.0086627913875318187 1 1 1 Converged Converged Converged OK OK OK 97 97 97 97 97 97 7 7 7 0 0 0 0 1 0 0 1
118 118 uniform 1 0 1186 0 0.001 3.5083774962362573 0.10947073605582947 0.0031968453531167739 -2.8753204411329754 -0.0071916693767047615 -2.8759598102035988 0 3.2221290730721641 25.582241328714883 OK 14 13 0.47298099999999998 0.47000399999999998 0.124306 0.347057 0.34458299999999997 0 0.12592399999999998 0.125421 0.124306 0.012459 0.012526000000000001 0.012093 0.089273000000000019 0.089034000000000002 0.088619999999999977 0.0030469999999999998 0.0030019999999999999 0.00296 0.00077099999999999998 0.00075799999999999988 0.00076599999999999997 25.582239074424233 25.582239074424233 25.582239074424233 0.0065969629877160492 0.0065969629877160492 0.0065969629877160492 1 1 1 Converged Converged Converged OK OK OK 74 74 74 74 74 74 6 6 6 0 0 0 0 0 1 0 0
118 118 uniform 1 7 1186 1 0.001 3.5083774962362573 0.10947073605582947 0.0031968453531167739 -2.8753204411329754 -0.0071916693767047615 -2.8755706290301757 0 3.221739891898741 25.401663751190881 OK 14 13 0.46723900000000002 0.34388299999999999 0.12146800000000001 0.34328700000000001 0.204573 0 0.12395200000000001 0.13930999999999999 0.12146800000000001 0.01154 0.011514999999999999 0.010883 0.093564000000000022 0.10961099999999999 0.092526000000000011 0.0030460000000000001 0.0029849999999999994 0.00298 0.00074100000000000012 0.00074100000000000001 0.00074299999999999995 25.401661840899862 25.401661840899862 25.401661840899862 0.0056043927430116814 0.0056043927430116814 0.0056043927430116814 1 1 1 Converged Converged Converged OK OK OK 74 74 74 74 74 74 6 6 6 0 0 0 0 1 0 0 1
118 118 uniform 1 15 1186 2 0.001 3.5083774962362573 0.10947073605582947 0.0031968453531167739 -2.8753204411329754 -0.0071916693767047615 -2.8751258505462638 0 3.2212951134148291 25.119294654956651 OK 14 13 0.48750900000000003 0.368834 0.120073 0.368732 0.234427 0 0.11877700000000002 0.134407 0.120073 0.011571 0.011518 0.010775 0.088478000000000001 0.10442700000000002 0.091259000000000021 0.003055 0.0029889999999999999 0.0029840000000000001 0.00078600000000000002 0.00075099999999999993 0.00073200000000000001 25.119293127196372 25.119293127196372 25.119293127196372 0.0047261047818565926 0.0047261047818565926 0.0047261047818565926 1 1 1 Converged Converged Converged OK OK OK 74 74 74 74 74 74 6 6 6 0 0 0 0 1 0 0 1
118 118 uniform 1 23 1186 3 0.001 3.5083774962362573 0.10947073605582947 0.0031968453531167739 -2.8753204411329754 -0.0071916693767047615 -2.8746810720623519 0 3.2208503349309172 24.763867169004044 OK 14 13 0.49936999999999998 0.37304100000000001 0.121033 0.37630799999999998 0.23379800000000001 0 0.123062 0.13924300000000001 0.121033 0.011417 0.011495 0.010869999999999999 0.092931000000000041 0.10943500000000002 0.092467999999999981 0.003032 0.002944 0.0029420000000000002 0.00079900000000000001 0.0007809999999999999 0.00074899999999999999 24.763865668666337 24.763865668666337 24.763865668666337 0.0048341168902012836 0.0048341168902012836 0.0048341168902012836 1 1 1 Converged Converged Converged OK OK OK 74 74 74 74 74 74 6 6 6 0 0 0 0 1 0 0 1
118 118 uniform 1 0 1186 0 0.0001 3.5083774962362573 0.10947073605582947 0.0031968453531167739 -2.8753204411329754 -0.0071916693767047615 -2.8759598102035988 0 3.2221290730721641 25.582241328714883 OK 14 13 0.51265099999999997 0.51248899999999997 0.16134999999999999 0.34992600000000001 0.350188 0 0.16272499999999995 0.16230099999999997 0.16134999999999999 0.012468999999999999 0.012426 0.012113000000000001 0.11561300000000002 0.11517000000000001 0.11496899999999997 0.0046180000000000006 0.0047929999999999995 0.0046319999999999998 0.001075 0.0010830000000000002 0.001029 25.582241560858474 25.582241560858474 25.582241560858474 0.0024391917313153254 0.0024391917313153254 0.0024391917313153254 1 1 1 Converged Converged Converged OK OK OK 106 106 106 106 106 106 6 6 6 0 0 0 0 0 1 0 0
118 118 uniform 1 7 1186 1 0.0001 3.5083774962362573 0.10947073605582947 0.0031968453531167739 -2.8753204411329754 -0.0071916693767047615 -2.8755706290301757 0 3.221739891898741 25.401663751190881 OK 14 13 0.49874099999999999 0.39019599999999999 0.15811600000000001 0.33896900000000002 0.20602699999999999 0 0.15977199999999997 0.184169 0.15811600000000001 0.011497 0.011534000000000001 0.010906000000000001 0.12127499999999997 0.14583200000000002 0.12131599999999999 0.0047070000000000002 0.004568 0.0045089999999999991 0.001005 0.0010989999999999999 0.00098899999999999986 25.401663954396835 25.401663954396835 25.401663954396835 0.0022416657532205154 0.0022416657532205154 0.0022416657532205154 1 1 1 Converged Converged Converged OK OK OK 106 106 106 106 106 106 6 6 6 0 0 0 0 1 0 0 1
118 118 uniform 1 15 1186 2 0.0001 3.5083774962362573 0.10947073605582947 0.0031968453531167739 -2.8753204411329754 -0.0071916693767047615 -2.8751258505462638 0 3.2212951134148291 25.119294654956651 OK 14 13 0.52216700000000005 0.41240300000000002 0.15190799999999999 0.36880299999999999 0.229629 0 0.15336400000000006 0.18277400000000002 0.15190799999999999 0.011431 0.011674 0.01089 0.115339 0.14428600000000003 0.11491500000000003 0.0046579999999999998 0.0047650000000000001 0.0046480000000000002 0.0010150000000000001 0.001036 0.00099700000000000006 25.119294832437106 25.119294832437106 25.119294832437106 0.0020632869258215619 0.0020632869258215619 0.0020632869258215619 1 1 1 Converged Converged Converged OK OK OK 106 106 106 106 106 106 6 6 6 0 0 0 0 1 0 0 1
118 118 uniform 1 23 1186 3 0.0001 3.5083774962362573 0.10947073605582947 0.0031968453531167739 -2.8753204411329754 -0.0071916693767047615 -2.8746810720623519 0 3.2208503349309172 24.763867169004044 OK 14 13 0.52848600000000001 0.418377 0.16139300000000001 0.37034 0.23369400000000001 0 0.15814600000000001 0.18468299999999999 0.16139300000000001 0.011553000000000001 0.011657000000000001 0.010822 0.12028400000000004 0.14653900000000003 0.11987000000000005 0.0046029999999999995 0.0047809999999999997 0.0045439999999999994 0.0010139999999999999 0.0010059999999999999 0.0059610000000000002 24.763867021645833 24.763867021645833 24.763867021645833 0.0019242641110303641 0.0019242641110303641 0.0019242641110303641 1 1 1 Converged Converged Converged OK OK OK 106 106 106 106 106 106 6 6 6 0 0 0 0 1 0 0 1
118 118 uniform 2 0 1187 0 0.001 3.5083774962362573 0.10947073605582947 0.0031968453531167739 0.3042631469413985 -0.0060923503954676723 0.30362377787077516 0 0.042545484997790206 41.102850897093703 OK 14 13 0.434896 0.434726 0.092246999999999996 0.33979900000000002 0.34113900000000003 0 0.095096999999999987 0.093586999999999976 0.092246999999999996 0.013488999999999999 0.013384999999999999 0.012829 0.062296999999999998 0.061930999999999972 0.061518999999999976 0.002689 0.0025760000000000002 0.0024650000000000002 0.00060999999999999997 0.00062999999999999992 0.00058900000000000001 41.102825617710394 41.102825617710394 41.102825617710394 0.024568020960069319 0.024568020960069319 0.024568020960069319 1 1 1 Converged Converged Converged OK OK OK 52 52 52 52 52 52 4 4 4 0 0 0 0 0 1 0 0
118 118 uniform 2 7 1187 1 0.001 3.5083774962362573 0.10947073605582947 0.0031968453531167739 0.3042631469413985 -0.0060923503954676723 0.30401295904419806 0 0.042156303824367303 45.454342247597985 OK 14 13 0.41658800000000001 0.35006799999999999 0.086842000000000003 0.32485999999999998 0.19386100000000001 0 0.091728000000000032 0.15620699999999998 0.086842000000000003 0.01559 0.012272999999999999 0.011578 0.06013799999999999 0.127859 0.059528999999999985 0.002516 0.0026350000000000002 0.002529 0.0006069999999999999 0.00061600000000000001 0.00058500000000000002 45.454316907811965 45.454316907811965 45.454316907811965 0.02878839347990219 0.02878839347990219 0.02878839347990219 1 1 1 Converged Converged Converged OK OK OK 52 52 52 52 52 52 4 4 4 0 0 0 0 1 0 0 1
118 118 uniform 2 15 1187 2 0.001 3.5083774962362573 0.10947073605582947 0.0031968453531167739 0.3042631469413985 -0.0060923503954676723 0.30445773752810995 0 0.041711525340455413 50.430896875560443 OK 14 13 0.42619899999999999 0.35234399999999999 0.086793999999999996 0.33715699999999998 0.20130100000000001 0 0.08904200000000001 0.15104299999999998 0.086793999999999996 0.012581 0.012571000000000001 0.01187 0.060327999999999979 0.12253399999999999 0.059441000000000008 0.0025700000000000002 0.0025769999999999999 0.0024879999999999998 0.00063000000000000003 0.00061600000000000001 0.00059999999999999995 50.430871512845854 50.430871512845854 50.430871512845854 0.036260707712774926 0.036260707712774926 0.036260707712774926 1 1 1 Converged Converged Converged OK OK OK 52 52 52 52 52 52 4 4 4 0 0 0 0 1 0 0 1
118 118 uniform 2 23 1187 3 0.001 3.5083774962362573 0.10947073605582947 0.0031968453531167739 0.3042631469413985 -0.0060923503954676723 0.30490251601202184 0 0.041266746856543524 55.407211893169659 OK 14 13 0.42658299999999999 0.36666300000000002 0.086795999999999998 0.33804299999999998 0.20474100000000001 0 0.088540000000000008 0.16192200000000001 0.086795999999999998 0.012278000000000001 0.012272999999999999 0.011578 0.060221000000000004 0.133655 0.059776999999999983 0.0026189999999999998 0.002591 0.0024610000000000001 0.00063100000000000005 0.00059999999999999995 0.00057899999999999998 55.407187262264927 55.407187262264927 55.407187262264927 0.042556782773848667 0.042556782773848667 0.042556782773848667 1 1 1 Converged Converged Converged OK OK OK 52 52 52 52 52 52 4 4 4 0 0 0 0 1 0 0 1
118 118 uniform 2 0 1187 0 0.0001 3.5083774962362573 0.10947073605582947 0.0031968453531167739 0.3042631469413985 -0.0060923503954676723 0.30362377787077516 0 0.042545484997790206 41.102850897093703 OK 14 13 0.47571099999999999 0.47164099999999998 0.13011800000000001 0.34439999999999998 0.34046300000000002 0 0.13131100000000001 0.13117799999999996 0.13011800000000001 0.013415 0.013240999999999999 0.012711 0.087402000000000021 0.087876000000000024 0.086989000000000011 0.004241 0.0041799999999999997 0.0042230000000000002 0.00092400000000000013 0.00093399999999999993 0.00098099999999999988 41.102851685086279 41.102851685086279 41.102851685086279 0.0016969267106601666 0.0016969267106601666 0.0016969267106601666 1 1 1 Converged Converged Converged OK OK OK 84 84 84 84 84 84 4 4 4 0 0 0 0 0 1 0 0
118 118 uniform 2 7 1187 1 0.0001 3.5083774962362573 0.10947073605582947 0.0031968453531167739 0.3042631469413985 -0.0060923503954676723 0.30401295904419806 0 0.042156303824367303 45.454342247597985 OK 14 13 0.47164699999999998 0.48044500000000001 0.140343 0.32994299999999999 0.19103100000000001 0 0.141704 0.289414 0.140343 0.012224 0.012381 0.011605000000000001 0.097345999999999988 0.24499500000000002 0.097438000000000038 0.0050689999999999997 0.0052069999999999998 0.0049620000000000003 0.0010020000000000001 0.00099699999999999984 0.00096000000000000002 45.454343864913845 45.454343864913845 45.454343864913845 0.00010435502160059062 0.00010435502160059062 0.00010435502160059062 1 1 1 Converged Converged Converged OK OK OK 100 100 100 100 100 100 4 4 4 0 0 0 0 1 0 0 1
118 118 uniform 2 15 1187 2 0.0001 3.5083774962362573 0.10947073605582947 0.0031968453531167739 0.3042631469413985 -0.0060923503954676723 0.30445773752810995 0 0.041711525340455413 50.430896875560443 OK 14 13 0.47609699999999999 0.48622799999999999 0.13896500000000001 0.33562599999999998 0.198855 0 0.14047100000000001 0.28737299999999999 0.13896500000000001 0.012560999999999999 0.012651000000000001 0.011963 0.09719499999999999 0.24385399999999999 0.096954999999999958 0.0050850000000000001 0.0052019999999999992 0.0051019999999999998 0.00095799999999999998 0.000977 0.00093599999999999998 50.430898274507463 50.430898274507463 50.430898274507463 0.00010851388710655232 0.00010851388710655232 0.00010851388710655232 1 1 1 Converged Converged Converged OK OK OK 100 100 100 100 100 100 4 4 4 0 0 0 0 1 0 0 1
118 118 uniform 2 23 1187 3 0.0001 3.5083774962362573 0.10947073605582947 0.0031968453531167739 0.3042631469413985 -0.0060923503954676723 0.30490251601202184 0 0.041266746856543524 55.407211893169659 OK 14 13 0.48277500000000001 0.51032100000000002 0.141818 0.336067 0.201792 0 0.14670800000000001 0.30852900000000005 0.141818 0.012326 0.012370000000000001 0.011710999999999999 0.10084300000000003 0.265241 0.100309 0.0082109999999999995 0.0052459999999999998 0.0049979999999999998 0.00095100000000000002 0.00095600000000000004 0.00092900000000000014 55.407214020785283 55.407214020785283 55.407214020785283 0.00011321196809226747 0.00011321196809226747 0.00011321196809226747 1 1 1 Converged Converged Converged OK OK OK 100 100 100 100 100 100 4 4 4 0 0 0 0 1 0 0 1
118 118 uniform 3 0 1188 0 0.001 3.5083774962362573 0.10947073605582947 0.0031968453531167739 -2.8994819817587825 -0.023234636928178235 -2.9001213508294059 0 3.2462906136979712 20.257589496286137 OK 15 14 0.50829999999999997 0.50875899999999996 0.125584 0.381857 0.38147799999999998 0 0.12644299999999997 0.12728099999999998 0.125584 0.014355 0.014449999999999999 0.014097 0.084215999999999985 0.084502999999999953 0.083670999999999995 0.0035230000000000001 0.0037550000000000001 0.0035670000000000003 0.00091999999999999992 0.00094900000000000019 0.00092700000000000009 20.257587838771169 20.257587838771169 20.257587838771169 0.0052252754666104592 0.0052252754666104592 0.0052252754666104592 1 1 1 Converged Converged Converged OK OK OK 82 82 82 82 82 82 6 6 6 0 0 0 0 0 1 0 0
118 118 uniform 3 7 1188 1 0.001 3.5083774962362573 0.10947073605582947 0.0031968453531167739 -2.8994819817587825 -0.023234636928178235 -2.8997321696559828 0 3.2459014325245481 20.735493077930624 OK 15 14 0.475632 0.362153 0.106091 0.367616 0.23860400000000001 0 0.108016 0.12354899999999999 0.106091 0.013731 0.013857 0.012976 0.073945999999999998 0.089295000000000013 0.073439999999999964 0.003179 0.0033219999999999994 0.003179 0.00077499999999999986 0.00083600000000000015 0.00074100000000000012 20.735495780948206 20.735495780948206 20.735495780948206 0.020131692421191727 0.020131692421191727 0.020131692421191727 1 1 1 Converged Converged Converged OK OK OK 74 74 74 74 74 74 6 6 6 0 0 0 0 1 0 0 1
118 118 uniform 3 15 1188 2 0.001 3.5083774962362573 0.10947073605582947 0.0031968453531167739 -2.8994819817587825 -0.023234636928178235 -2.8992873911720709 0 3.2454566540406362 21.451270838491958 OK 15 14 0.44574900000000001 0.35654400000000003 0.109461 0.338694 0.231599 0 0.10705500000000001 0.12494500000000003 0.109461 0.013631000000000001 0.013586000000000001 0.012843 0.073710999999999971 0.091684000000000002 0.073443999999999982 0.0031769999999999997 0.0032269999999999998 0.0031949999999999995 0.00077700000000000002 0.00079599999999999994 0.00074700000000000005 21.451272957329746 21.451272957329746 21.451272957329746 0.020194276206542888 0.020194276206542888 0.020194276206542888 1 1 1 Converged Converged Converged OK OK OK 74 74 74 74 74 74 6 6 6 0 0 0 0 1 0 0 1
118 118 uniform 3 23 1188 3 0.001 3.5083774962362573 0.10947073605582947 0.0031968453531167739 -2.8994819817587825 -0.023234636928178235 -2.898842612688159 0 3.2450118755567243 22.49537972257523 OK 15 14 0.48957600000000001 0.37007699999999999 0.117601 0.36668400000000001 0.22869999999999999 0 0.122892 0.141377 0.117601 0.013808000000000001 0.013865000000000001 0.013027 0.087523000000000004 0.106322 0.083676 0.0034320000000000002 0.003395 0.0034350000000000006 0.00090100000000000011 0.00086899999999999998 0.00087200000000000016 22.495527753712672 22.495527753712672 22.495527753712672 0.017211792356699687 0.017211792356699687 0.017211792356699687 1 1 1 Converged Converged Converged OK OK OK 81 81 81 81 81 81 7 7 7 0 0 0 0 1 0 0 1
118 118 uniform 3 0 1188 0 0.0001 3.5083774962362573 0.10947073605582947 0.0031968453531167739 -2.8994819817587825 -0.023234636928178235 -2.9001213508294059 0 3.2462906136979712 20.257589496286137 OK 15 14 0.555423 0.55675300000000005 0.17064599999999999 0.38438 0.38571800000000001 0 0.171043 0.17103500000000005 0.17064599999999999 0.01452 0.014581999999999999 0.014142 0.11584900000000004 0.11623200000000002 0.115603 0.0052780000000000006 0.0052680000000000001 0.0054419999999999998 0.0012029999999999999 0.001209 0.001224 20.257587825649537 20.257587825649537 20.257587825649537 0.0017504417901230674 0.0017504417901230674 0.0017504417901230674 1 1 1 Converged Converged Converged OK OK OK 114 114 114 114 114 114 6 6 6 0 0 0 0 0 1 0 0
118 118 uniform 3 7 1188 1 0.0001 3.5083774962362573 0.10947073605582947 0.0031968453531167739 -2.8994819817587825 -0.023234636928178235 -2.8997321696559828 0 3.2459014325245481 20.735493077930624 OK 15 14 0.52393900000000004 0.41514499999999999 0.153866 0.36511199999999999 0.23935999999999999 0 0.15882700000000005 0.175785 0.153866 0.013674 0.013719 0.013027 0.11355299999999999 0.13085100000000002 0.10982700000000001 0.0052509999999999996 0.005274 0.0052950000000000002 0.001178 0.001196 0.001152 20.735492053625862 20.735492053625862 20.735492053625862 0.0018007671615289857 0.0018007671615289857 0.0018007671615289857 1 1 1 Converged Converged Converged OK OK OK 114 114 114 114 114 114 6 6 6 0 0 0 0 1 0 0 1
118 118 uniform 3 15 1188 2 0.0001 3.5083774962362573 0.10947073605582947 0.0031968453531167739 -2.8994819817587825 -0.023234636928178235 -2.8992873911720709 0 3.2454566540406362 21.451270838491958 OK 15 14 0.49845899999999999 0.408609 0.15451100000000001 0.33897699999999997 0.227432 0 0.15948200000000001 0.181177 0.15451100000000001 0.01363 0.013559999999999999 0.012989000000000001 0.11402800000000002 0.13664399999999996 0.11125600000000001 0.0052989999999999999 0.0051460000000000004 0.0050530000000000002 0.001199 0.0011710000000000002 0.0011489999999999998 21.451270159653994 21.451270159653994 21.451270159653994 0.0019260165719177098 0.0019260165719177098 0.0019260165719177098 1 1 1 Converged Converged Converged OK OK OK 114 114 114 114 114 114 6 6 6 0 0 0 0 1 0 0 1
118 118 uniform 3 23 1188 3 0.0001 3.5083774962362573 0.10947073605582947 0.0031968453531167739 -2.8994819817587825 -0.023234636928178235 -2.898842612688159 0 3.2450118755567243 22.49537972257523 OK 15 14 0.53977299999999995 0.429983 0.17081099999999999 0.36697299999999999 0.22962299999999999 0 0.17279999999999995 0.20036000000000001 0.17081099999999999 0.013792 0.013786 0.013087 0.12461699999999995 0.15234 0.12389699999999997 0.0054140000000000004 0.0054489999999999999 0.0054159999999999998 0.001266 0.0013039999999999998 0.0012940000000000002 22.495378764659129 22.495378764659129 22.495378764659129 0.0020625264319802171 0.0020625264319802171 0.0020625264319802171 1 1 1 Converged Converged Converged OK OK OK 121 121 121 121 121 121 7 7 7 0 0 0 0 1 0 0 1
118 118 uniform 4 0 1189 0 0.001 3.5083774962362573 0.10947073605582947 0.0031968453531167739 -2.9408466815916423 0.0069702195755627335 -2.9414860506622658 0 3.2876553135308311 7.3989555700577423 OK 13 12 0.40494200000000002 0.40619899999999998 0.055111 0.34838799999999998 0.35008 0 0.056554000000000049 0.056118999999999974 0.055111 0.00911 0.0089499999999999996 0.0085850000000000006 0.034412999999999999 0.034497999999999987 0.034008999999999991 0.0018569999999999999 0.0018209999999999999 0.0017490000000000001 0.000417 0.00044500000000000003 0.00042699999999999997 7.3989544325345751 7.3989544325345751 7.3989544325345751 0.0028944123672159814 0.0028944123672159814 0.0028944123672159814 1 1 1 Converged Converged Converged OK OK OK 37 37 37 37 37 37 3 3 3 0 0 0 0 0 1 0 0
118 118 uniform 4 7 1189 1 0.001 3.5083774962362573 0.10947073605582947 0.0031968453531167739 -2.9408466815916423 0.0069702195755627335 -2.9410968694888426 0 3.2872661323574079 7.3424540419487387 OK 13 12 0.41373599999999999 0.284999 0.049619999999999997 0.36264099999999999 0.22427900000000001 0 0.051095000000000002 0.060719999999999996 0.049619999999999997 0.0082089999999999993 0.0082410000000000001 0.0076639999999999998 0.031231000000000009 0.041037000000000004 0.030957999999999996 0.0017989999999999998 0.0018010000000000001 0.00175 0.00042199999999999996 0.000455 0.00041199999999999999 7.3424529177894327 7.3424529177894327 7.3424529177894327 0.0028653768154970572 0.0028653768154970572 0.0028653768154970572 1 1 1 Converged Converged Converged OK OK OK 37 37 37 37 37 37 3 3 3 0 0 0 0 1 0 0 1
118 118 uniform 4 15 1189 2 0.001 3.5083774962362573 0.10947073605582947 0.0031968453531167739 -2.9408466815916423 0.0069702195755627335 -2.9406520910049307 0 3.2868213538734961 7.2791217338862975 OK 13 12 0.39429500000000001 0.27950700000000001 0.050282 0.34229799999999999 0.215368 0 0.051997000000000015 0.064139000000000002 0.050282 0.0083049999999999999 0.0082679999999999993 0.0076519999999999999 0.032133999999999996 0.044518000000000002 0.031703000000000002 0.001789 0.001833 0.00175 0.000417 0.00043899999999999999 0.00041100000000000002 7.2791206101952364 7.2791206101952364 7.2791206101952364 0.002833519071891956 0.002833519071891956 0.002833519071891956 1 1 1 Converged Converged Converged OK OK OK 37 37 37 37 37 37 3 3 3 0 0 0 0 1 0 0 1
118 118 uniform 4 23 1189 3 0.001 3.5083774962362573 0.10947073605582947 0.0031968453531167739 -2.9408466815916423 0.0069702195755627335 -2.9402073125210189 0 3.2863765753895842 7.2171624079307435 OK 13 12 0.39882800000000002 0.28436899999999998 0.053214999999999998 0.34431200000000001 0.22003500000000001 0 0.054516000000000009 0.064333999999999975 0.053214999999999998 0.0080820000000000006 0.0083330000000000001 0.0076220000000000003 0.034810999999999995 0.044422999999999997 0.034564999999999999 0.001768 0.0018140000000000001 0.001732 0.00044299999999999998 0.000444 0.00043000000000000004 7.2171612852355675 7.2171612852355675 7.2171612852355675 0.0028030285072754377 0.0028030285072754377 0.0028030285072754377 1 1 1 Converged Converged Converged OK OK OK 37 37 37 37 37 37 3 3 3 0 0 0 0 1 0 0 1
118 118 uniform 4 0 1189 0 0.0001 3.5083774962362573 0.10947073605582947 0.0031968453531167739 -2.9408466815916423 0.0069702195755627335 -2.9414860506622658 0 3.2876553135308311 7.3989555700577423 OK 13 12 0.43346000000000001 0.43734699999999999 0.084842000000000001 0.346995 0.35140399999999999 0 0.086465000000000014 0.085942999999999992 0.084842000000000001 0.0089969999999999998 0.0089789999999999991 0.0086070000000000001 0.055603999999999994 0.055626000000000002 0.055257000000000014 0.0029830000000000004 0.0030240000000000002 0.0029990000000000004 0.00068500000000000006 0.00067199999999999996 0.00064399999999999993 7.3989553751370849 7.3989553751370849 7.3989553751370849 0.00051381086276934887 0.00051381086276934887 0.00051381086276934887 1 1 1 Converged Converged Converged OK OK OK 61 61 61 61 61 61 3 3 3 0 0 0 0 0 1 0 0
118 118 uniform 4 7 1189 1 0.0001 3.5083774962362573 0.10947073605582947 0.0031968453531167739 -2.9408466815916423 0.0069702195755627335 -2.9410968694888426 0 3.2872661323574079 7.3424540419487387 OK 13 12 0.441658 0.33135599999999998 0.079603999999999994 0.360429 0.226351 0 0.081228999999999996 0.10500499999999999 0.079603999999999994 0.0081309999999999993 0.0082299999999999995 0.0077000000000000002 0.054280000000000009 0.07804599999999999 0.053628000000000009 0.0030119999999999999 0.0030040000000000006 0.002944 0.00066800000000000008 0.00064999999999999997 0.00064199999999999999 7.3424538603624727 7.3424538603624727 7.3424538603624727 0.00051647370215369406 0.00051647370215369406 0.00051647370215369406 1 1 1 Converged Converged Converged OK OK OK 61 61 61 61 61 61 3 3 3 0 0 0 0 1 0 0 1
118 118 uniform 4 15 1189 2 0.0001 3.5083774962362573 0.10947073605582947 0.0031968453531167739 -2.9408466815916423 0.0069702195755627335 -2.9406520910049307 0 3.2868213538734961 7.2791217338862975 OK 13 12 0.426929 0.32175399999999998 0.078811999999999993 0.34333799999999998 0.21809500000000001 0 0.083591000000000026 0.10365899999999997 0.078811999999999993 0.0084759999999999992 0.0082089999999999993 0.0077200000000000003 0.055741000000000013 0.076822999999999975 0.052894999999999991 0.00315 0.0030539999999999999 0.0030260000000000005 0.00067699999999999987 0.00066299999999999996 0.00065900000000000008 7.2791215527776965 7.2791215527776965 7.2791215527776965 0.0005195416757378423 0.0005195416757378423 0.0005195416757378423 1 1 1 Converged Converged Converged OK OK OK 61 61 61 61 61 61 3 3 3 0 0 0 0 1 0 0 1
118 118 uniform 4 23 1189 3 0.0001 3.5083774962362573 0.10947073605582947 0.0031968453531167739 -2.9408466815916423 0.0069702195755627335 -2.9402073125210189 0 3.2863765753895842 7.2171624079307435 OK 13 12 0.42950500000000003 0.32628800000000002 0.083047999999999997 0.34467399999999998 0.21820999999999999 0 0.084831000000000045 0.10807800000000004 0.083047999999999997 0.0080929999999999995 0.0083140000000000002 0.0076309999999999998 0.057809999999999986 0.081072000000000005 0.05716800000000001 0.0030219999999999999 0.0030319999999999995 0.0030109999999999998 0.00065899999999999997 0.00066400000000000009 0.00064199999999999999 7.2171622278694025 7.2171622278694025 7.2171622278694025 0.00052263627042852879 0.00052263627042852879 0.00052263627042852879 1 1 1 Converged Converged Converged OK OK OK 61 61 61 61 61 61 3 3 3 0 0 0 0 1 0 0 1
119 119 linear 0 0 1190 0 0.001 1.4355098587504644 0.0036398325029417364 0.13407500788696822 -0.68542172261086798 -0.030102107028029741 -0.71223672418826167 0.5 0.71744279042134729 2.028877945965915 OK 16 15 0.73015300000000005 0.72501499999999997 0.31450400000000001 0.405808 0.402144 0 0.32434500000000005 0.32287099999999996 0.31450400000000001 0.013934 0.013547999999999999 0.013023 0.26610800000000007 0.264596 0.25898799999999983 0.0060639999999999999 0.0066739999999999985 0.00562 0.0015410000000000003 0.001513 0.0014289999999999999 2.0288785213388665 2.0288785213388665 2.0288785213388665 0.0012962442080711781 0.0012962442080711781 0.0012962442080711781 1 1 1 Converged Converged Converged OK OK OK 117 117 117 117 117 117 11 11 11 0 0 0 0 0 1 0 0
119 119 linear 0 7 1190 1 0.001 1.4355098587504644 0.0036398325029417364 0.13407500788696822 -0.68542172261086798 -0.030102107028029741 -0.69591454931506547 0.5 0.70112061554815108 2.0485099741337889 OK 16 15 0.60338700000000001 0.47062599999999999 0.28172199999999997 0.31030200000000002 0.18198500000000001 0 0.29308499999999998 0.28864099999999998 0.28172199999999997 0.012267 0.012191 0.011297 0.25308299999999995 0.24956099999999998 0.244147 0.0051340000000000005 0.0050039999999999998 0.0048769999999999994 0.0011050000000000001 0.0012129999999999999 0.001157 2.0485000198997256 2.0485000198997256 2.0485000198997256 0.0019593616309702905 0.0019593616309702905 0.0019593616309702905 1 1 1 Converged Converged Converged OK OK OK 109 109 109 109 109 109 11 11 11 0 0 0 0 1 0 0 1
119 119 linear 0 15 1190 2 0.001 1.4355098587504644 0.0036398325029417364 0.13407500788696822 -0.68542172261086798 -0.030102107028029741 -0.67726063517426993 0.5 0.68246670140735555 2.0673940828468353 OK 15 15 0.638625 0.508629 0.24046899999999999 0.39327600000000001 0.26046599999999998 0 0.24534899999999998 0.24816300000000002 0.24046899999999999 0.010893999999999999 0.011067 0.010262 0.20926 0.21152599999999996 0.20561499999999999 0.004523000000000001 0.0047870000000000005 0.0044869999999999997 0.0011330000000000001 0.0012819999999999999 0.0011869999999999999 2.0673596452868006 2.0673596452868006 2.0673596452868006 0.0017162291760321495 0.0017162291760321495 0.0017162291760321495 1 1 1 Converged Converged Converged OK OK OK 102 102 102 102 102 102 10 10 10 0 0 0 0 1 0 0 1
119 119 linear 0 23 1190 3 0.001 1.4355098587504644 0.0036398325029417364 0.13407500788696822 -0.68542172261086798 -0.030102107028029741 -0.65860672103347428 0.5 0.6638127872665599 2.0815584685324922 OK 16 15 0.87380100000000005 0.74039200000000005 0.32533800000000002 0.54048399999999996 0.40757199999999999 0 0.33331700000000009 0.33282000000000006 0.32533800000000002 0.012703000000000001 0.012448000000000001 0.011495999999999999 0.28738099999999994 0.287414 0.28286600000000012 0.0063429999999999988 0.0066189999999999999 0.0058060000000000004 0.0014040000000000003 0.0014239999999999999 0.0012999999999999999 2.0815595802823115 2.0815595802823115 2.0815595802823115 0.0010883084343606892 0.0010883084343606892 0.0010883084343606892 1 1 1 Converged Converged Converged OK OK OK 125 125 125 125 125 125 11 11 11 0 0 0 0 1 0 0 1
119 119 linear 0 0 1190 0 0.0001 1.4355098587504644 0.0036398325029417364 0.13407500788696822 -0.68542172261086798 -0.030102107028029741 -0.71223672418826167 0.5 0.71744279042134729 2.028877945965915 OK 16 15 0.89949599999999996 0.88541099999999995 0.47498400000000002 0.41569299999999998 0.40904699999999999 0 0.48380299999999998 0.47636399999999995 0.47498400000000002 0.014387 0.014002000000000001 0.013277000000000001 0.40246700000000024 0.39284700000000006 0.39411599999999991 0.0086280000000000003 0.010062999999999999 0.0093819999999999997 0.002088 0.0022109999999999999 0.0022430000000000002 2.0288838065126931 2.0288838065126931 2.0288838065126931 0.00015967551494304208 0.00015967551494304208 0.00015967551494304208 1 1 1 Converged Converged Converged OK OK OK 173 173 173 173 173 173 11 11 11 0 0 0 0 0 1 0 0
119 119 linear 0 7 1190 1 0.0001 1.4355098587504644 0.0036398325029417364 0.13407500788696822 -0.68542172261086798 -0.030102107028029741 -0.69591454931506547 0.5 0.70112061554815108 2.0485099741337889 OK 16 15 0.75786799999999999 0.638567 0.43329699999999999 0.31325199999999997 0.19075300000000001 0 0.44461600000000001 0.44781399999999999 0.43329699999999999 0.016628 0.012508999999999999 0.011438 0.38380100000000011 0.38944900000000005 0.37796300000000005 0.0084119999999999993 0.0095669999999999991 0.0088030000000000001 0.0020239999999999998 0.0020869999999999999 0.0020010000000000002 2.0485178734813756 2.0485178734813756 2.0485178734813756 0.00012016763505793795 0.00012016763505793795 0.00012016763505793795 1 1 1 Converged Converged Converged OK OK OK 173 173 173 173 173 173 11 11 11 0 0 0 0 1 0 0 1
119 119 linear 0 15 1190 2 0.0001 1.4355098587504644 0.0036398325029417364 0.13407500788696822 -0.68542172261086798 -0.030102107028029741 -0.67726063517426993 0.5 0.68246670140735555 2.0673940828468353 OK 15 15 0.88465499999999997 0.75489099999999998 0.485539 0.38829200000000003 0.26324399999999998 0 0.49636299999999994 0.491647 0.485539 0.011337 0.011155 0.010342 0.4290750000000001 0.42683300000000024 0.42295600000000011 0.013384 0.012135 0.011391 0.0021979999999999999 0.0021490000000000003 0.0021159999999999998 2.0674017832035783 2.0674017832035783 2.0674017832035783 0.00015023540990152673 0.00015023540990152673 0.00015023540990152673 1 1 1 Converged Converged Converged OK OK OK 190 190 190 190 190 190 10 10 10 0 0 0 0 1 0 0 1
119 119 linear 0 23 1190 3 0.0001 1.4355098587504644 0.0036398325029417364 0.13407500788696822 -0.68542172261086798 -0.030102107028029741 -0.65860672103347428 0.5 0.6638127872665599 2.0815584685324922 OK 16 15 1.0574730000000001 0.93607700000000005 0.52569900000000003 0.53786299999999998 0.41782599999999998 0 0.51961000000000013 0.51825100000000002 0.52569900000000003 0.013036000000000001 0.01316 0.011573 0.44881599999999994 0.44899100000000014 0.45626999999999995 0.013726 0.013055999999999998 0.011136000000000002 0.0022140000000000003 0.0022669999999999999 0.0027680000000000001 2.0815654100593197 2.0815654100593197 2.0815654100593197 0.00018856137477365101 0.00018856137477365101 0.00018856137477365101 1 1 1 Converged Converged Converged OK OK OK 197 197 197 197 197 197 11 11 11 0 0 0 0 1 0 0 1
119 119 linear 1 0 1191 0 0.001 1.4355098587504644 0.0036398325029417364 0.13407500788696822 0.062816387961991377 -0.057498616221970694 0.036001386384597732 0.5 -0.030795320151512144 14.546600836218941 OK 13 12 0.65920900000000004 0.65210900000000005 0.20439099999999999 0.44940600000000003 0.44740099999999999 0 0.20980300000000002 0.20470800000000006 0.20439099999999999 0.010414 0.010463 0.010186000000000001 0.17263399999999993 0.16820299999999991 0.16775299999999999 0.0036129999999999999 0.0034770000000000001 0.003735 0.00092299999999999999 0.00092999999999999995 0.0010119999999999999 14.54666921426726 14.54666921426726 14.54666921426726 0.0024747118766922926 0.0024747118766922926 0.0024747118766922926 1 1 1 Converged Converged Converged OK OK OK 81 81 81 81 81 81 7 7 7 0 0 0 0 0 1 0 0
119 119 linear 1 7 1191 1 0.001 1.4355098587504644 0.0036398325029417364 0.13407500788696822 0.062816387961991377 -0.057498616221970694 0.052323561257793867 0.5 -0.047117495024708279 14.094422421530643 OK 12 11 0.660134 0.535663 0.204655 0.44887100000000002 0.32611200000000001 0 0.21126299999999998 0.20955099999999999 0.204655 0.0093290000000000005 0.0095390000000000006 0.0089009999999999992 0.18207499999999999 0.1794099999999999 0.17626699999999998 0.003437 0.0039050000000000001 0.0035830000000000002 0.00085199999999999989 0.00099700000000000006 0.0008740000000000001 14.094471793660439 14.094471793660439 14.094471793660439 0.0024875668373260653 0.0024875668373260653 0.0024875668373260653 1 1 1 Converged Converged Converged OK OK OK 81 81 81 81 81 81 7 7 7 0 0 0 0 1 0 0 1
119 119 linear 1 15 1191 2 0.001 1.4355098587504644 0.0036398325029417364 0.13407500788696822 0.062816387961991377 -0.057498616221970694 0.070977475398589437 0.5 -0.06577140916550385 13.343129233492744 OK 13 12 0.70778700000000005 0.58374400000000004 0.25113999999999997 0.453349 0.32516699999999998 0 0.25443800000000005 0.25857700000000006 0.25113999999999997 0.0092429999999999995 0.010560999999999999 0.0087899999999999992 0.21723900000000002 0.21927300000000002 0.21473300000000003 0.0049759999999999995 0.0051919999999999996 0.0051029999999999999 0.0011939999999999997 0.0011529999999999999 0.0012050000000000001 13.343114599044664 13.343114599044664 13.343114599044664 0.004809519517001629 0.004809519517001629 0.004809519517001629 1 1 1 Converged Converged Converged OK OK OK 104 104 104 104 104 104 8 8 8 0 0 0 0 1 0 0 1
119 119 linear 1 23 1191 3 0.001 1.4355098587504644 0.0036398325029417364 0.13407500788696822 0.062816387961991377 -0.057498616221970694 0.089631389539385015 0.5 -0.084425323306299427 12.313676156968027 OK 14 13 0.72694999999999999 0.61602199999999996 0.21909799999999999 0.49341600000000002 0.38398500000000002 0 0.23353399999999996 0.23203699999999994 0.21909799999999999 0.010097999999999999 0.011787000000000001 0.0093740000000000004 0.20017699999999994 0.19640300000000008 0.18815699999999996 0.0044110000000000009 0.0047100000000000006 0.0038090000000000003 0.0012459999999999999 0.001209 0.0010249999999999999 12.313689228023401 12.313689228023401 12.313689228023401 0.0074414932825188906 0.0074414932825188906 0.0074414932825188906 1 1 1 Converged Converged Converged OK OK OK 95 95 95 95 95 95 9 9 9 0 0 0 0 1 0 0 1
119 119 linear 1 0 1191 0 0.0001 1.4355098587504644 0.0036398325029417364 0.13407500788696822 0.062816387961991377 -0.057498616221970694 0.036001386384597732 0.5 -0.030795320151512144 14.546600836218941 OK 13 12 0.69928100000000004 0.69420099999999996 0.243507 0.45574700000000001 0.45267499999999999 0 0.24353400000000003 0.24152599999999996 0.243507 0.0099959999999999997 0.010298 0.010234 0.20257000000000011 0.19907800000000012 0.20096399999999995 0.0042590000000000006 0.0048469999999999997 0.0048669999999999998 0.001052 0.00115 0.001219 14.546670294209548 14.546670294209548 14.546670294209548 0.0014480680298626814 0.0014480680298626814 0.0014480680298626814 1 1 1 Converged Converged Converged OK OK OK 97 97 97 97 97 97 7 7 7 0 0 0 0 0 1 0 0
119 119 linear 1 7 1191 1 0.0001 1.4355098587504644 0.0036398325029417364 0.13407500788696822 0.062816387961991377 -0.057498616221970694 0.052323561257793867 0.5 -0.047117495024708279 14.094422421530643 OK 12 11 0.74233700000000002 0.60017500000000001 0.27342899999999998 0.45878600000000003 0.31989299999999998 0 0.283551 0.28028200000000003 0.27342899999999998 0.010743000000000001 0.0093480000000000004 0.00894 0.24167999999999992 0.24029999999999996 0.2346120000000001 0.0059470000000000009 0.0057169999999999999 0.0056150000000000002 0.0012469999999999998 0.001235 0.0012220000000000002 14.094472781533913 14.094472781533913 14.094472781533913 0.00077203631895846655 0.00077203631895846655 0.00077203631895846655 1 1 1 Converged Converged Converged OK OK OK 113 113 113 113 113 113 7 7 7 0 0 0 0 1 0 0 1
119 119 linear 1 15 1191 2 0.0001 1.4355098587504644 0.0036398325029417364 0.13407500788696822 0.062816387961991377 -0.057498616221970694 0.070977475398589437 0.5 -0.06577140916550385 13.343129233492744 OK 13 12 0.79436499999999999 0.66701500000000002 0.33280900000000002 0.45371400000000001 0.32600099999999999 0 0.34065099999999998 0.34101400000000004 0.33280900000000002 0.0097459999999999995 0.0094129999999999995 0.0087399999999999995 0.28819000000000017 0.28473400000000021 0.28310400000000002 0.0093290000000000005 0.0096330000000000009 0.008686000000000001 0.0015 0.0015820000000000001 0.0014910000000000001 13.343173781082676 13.343173781082676 13.343173781082676 0.00088022468297744639 0.00088022468297744639 0.00088022468297744639 1 1 1 Converged Converged Converged OK OK OK 152 152 152 152 152 152 8 8 8 0 0 0 0 1 0 0 1
119 119 linear 1 23 1191 3 0.0001 1.4355098587504644 0.0036398325029417364 0.13407500788696822 0.062816387961991377 -0.057498616221970694 0.089631389539385015 0.5 -0.084425323306299427 12.313676156968027 OK 14 13 0.77991500000000002 0.65220299999999998 0.273733 0.494807 0.37392900000000001 0 0.28510800000000003 0.27827399999999997 0.273733 0.010196999999999999 0.01044 0.0099109999999999997 0.24373700000000012 0.23666200000000004 0.234898 0.0062389999999999998 0.0062160000000000002 0.0053200000000000001 0.0016290000000000002 0.0015950000000000001 0.001464 12.313701221481443 12.313701221481443 12.313701221481443 0.0011274204106182907 0.0011274204106182907 0.0011274204106182907 1 1 1 Converged Converged Converged OK OK OK 119 119 119 119 119 119 9 9 9 0 0 0 0 1 0 0 1
119 119 linear 2 0 1192 0 0.001 1.4355098587504644 0.0036398325029417364 0.13407500788696822 -0.61166364096553671 -0.13433752515490527 -0.63847864254293041 0.5 0.64368470877601602 1.7410736007395951 OK 13 12 0.43014000000000002 0.43406800000000001 0.121225 0.30323099999999997 0.31020300000000001 0 0.12690900000000005 0.123865 0.121225 0.0097179999999999992 0.009417 0.0090740000000000005 0.091931000000000027 0.090203000000000005 0.08846099999999997 0.0046870000000000002 0.0043779999999999999 0.0040759999999999998 0.00091099999999999992 0.00082900000000000009 0.00080199999999999998 1.74106978936555 1.74106978936555 1.74106978936555 0.00075390162585568256 0.00075390162585568256 0.00075390162585568256 1 1 1 Converged Converged Converged OK OK OK 68 68 68 68 68 68 4 4 4 0 0 0 0 0 1 0 0
119 119 linear 2 7 1192 1 0.001 1.4355098587504644 0.0036398325029417364 0.13407500788696822 -0.61166364096553671 -0.13433752515490527 -0.6221564676697342 0.5 0.62736253390281982 1.7706746539886089 OK 13 12 0.43195600000000001 0.30888599999999999 0.14297899999999999 0.283775 0.156444 0 0.14818100000000001 0.15244199999999999 0.14297899999999999 0.0085030000000000001 0.0085280000000000009 0.0079340000000000001 0.11268999999999997 0.11637499999999999 0.10827199999999995 0.0064400000000000004 0.0072689999999999994 0.0070670000000000004 0.00099099999999999991 0.001026 0.0010290000000000002 1.7706716773305045 1.7706716773305045 1.7706716773305045 0.00079611641775785167 0.00079611641775785167 0.00079611641775785167 1 1 1 Converged Converged Converged OK OK OK 100 100 100 100 100 100 4 4 4 0 0 0 0 1 0 0 1
119 119 linear 2 15 1192 2 0.001 1.4355098587504644 0.0036398325029417364 0.13407500788696822 -0.61166364096553671 -0.13433752515490527 -0.60350255352893867 0.5 0.60870861976202428 1.8108311661190888 OK 13 12 0.382434 0.25545600000000002 0.099551000000000001 0.27487400000000001 0.148062 0 0.10755999999999999 0.10739400000000002 0.099551000000000001 0.0086610000000000003 0.0085819999999999994 0.0078490000000000001 0.079523999999999984 0.081335000000000005 0.075088000000000016 0.0042210000000000008 0.003493 0.0032469999999999999 0.00090199999999999992 0.00079000000000000001 0.00074599999999999992 1.8108281860159026 1.8108281860159026 1.8108281860159026 0.0013052991233474694 0.0013052991233474694 0.0013052991233474694 1 1 1 Converged Converged Converged OK OK OK 68 68 68 68 68 68 4 4 4 0 0 0 0 1 0 0 1
119 119 linear 2 23 1192 3 0.001 1.4355098587504644 0.0036398325029417364 0.13407500788696822 -0.61166364096553671 -0.13433752515490527 -0.58484863938814302 0.5 0.59005470562122864 1.8550973041748033 OK 13 12 0.38571800000000001 0.25885000000000002 0.10212300000000001 0.27746700000000002 0.143846 0 0.10825099999999999 0.11500400000000002 0.10212300000000001 0.0085199999999999998 0.0083809999999999996 0.007809 0.081393000000000021 0.089307999999999985 0.077635999999999997 0.0037530000000000003 0.003307 0.0032010000000000003 0.00091299999999999997 0.00089900000000000006 0.00080400000000000003 1.8550943082218485 1.8550943082218485 1.8550943082218485 0.0013150667901243335 0.0013150667901243335 0.0013150667901243335 1 1 1 Converged Converged Converged OK OK OK 68 68 68 68 68 68 4 4 4 0 0 0 0 1 0 0 1
119 119 linear 2 0 1192 0 0.0001 1.4355098587504644 0.0036398325029417364 0.13407500788696822 -0.61166364096553671 -0.13433752515490527 -0.63847864254293041 0.5 0.64368470877601602 1.7410736007395951 OK 13 12 0.45207599999999998 0.444496 0.14233199999999999 0.30441099999999999 0.30286600000000002 0 0.14766499999999999 0.14162999999999998 0.14233199999999999 0.0097109999999999991 0.009299 0.0091509999999999994 0.10676999999999999 0.10344700000000004 0.10399700000000001 0.0055539999999999999 0.0046470000000000001 0.0049579999999999997 0.0010399999999999999 0.00094500000000000009 0.00092899999999999992 1.741069781555066 1.741069781555066 1.741069781555066 4.6486427846033546e-05 4.6486427846033546e-05 4.6486427846033546e-05 1 1 1 Converged Converged Converged OK OK OK 84 84 84 84 84 84 4 4 4 0 0 0 0 0 1 0 0
119 119 linear 2 7 1192 1 0.0001 1.4355098587504644 0.0036398325029417364 0.13407500788696822 -0.61166364096553671 -0.13433752515490527 -0.6221564676697342 0.5 0.62736253390281982 1.7706746539886089 OK 13 12 0.45434200000000002 0.331897 0.16426199999999999 0.28295300000000001 0.154281 0 0.17138900000000001 0.177616 0.16426199999999999 0.0083960000000000007 0.0087709999999999993 0.0079509999999999997 0.12950299999999998 0.13429499999999997 0.12285799999999998 0.0070689999999999989 0.0081220000000000007 0.0078350000000000017 0.001078 0.001134 0.0011559999999999999 1.7706716672141267 1.7706716672141267 1.7706716672141267 3.8834730637027172e-05 3.8834730637027172e-05 3.8834730637027172e-05 1 1 1 Converged Converged Converged OK OK OK 116 116 116 116 116 116 4 4 4 0 0 0 0 1 0 0 1
119 119 linear 2 15 1192 2 0.0001 1.4355098587504644 0.0036398325029417364 0.13407500788696822 -0.61166364096553671 -0.13433752515490527 -0.60350255352893867 0.5 0.60870861976202428 1.8108311661190888 OK 13 12 0.43277500000000002 0.31846099999999999 0.153614 0.27391700000000002 0.14500199999999999 0 0.158858 0.173459 0.153614 0.0084580000000000002 0.0084620000000000008 0.0078110000000000002 0.12044699999999998 0.13472500000000001 0.11636699999999994 0.0066409999999999993 0.0068479999999999999 0.0070920000000000002 0.001036 0.0010369999999999999 0.0010280000000000001 1.8108284778786212 1.8108284778786212 1.8108284778786212 3.7473582265045571e-05 3.7473582265045571e-05 3.7473582265045571e-05 1 1 1 Converged Converged Converged OK OK OK 116 116 116 116 116 116 4 4 4 0 0 0 0 1 0 0 1
119 119 linear 2 23 1192 3 0.0001 1.4355098587504644 0.0036398325029417364 0.13407500788696822 -0.61166364096553671 -0.13433752515490527 -0.58484863938814302 0.5 0.59005470562122864 1.8550973041748033 OK 13 12 0.43379899999999999 0.32657799999999998 0.16081799999999999 0.27213599999999999 0.14407500000000001 0 0.161663 0.18250299999999997 0.16081799999999999 0.0084180000000000001 0.0085109999999999995 0.0078989999999999998 0.12349299999999995 0.14320200000000005 0.12354800000000001 0.0067250000000000001 0.0077389999999999994 0.0068860000000000006 0.0010479999999999999 0.0012369999999999998 0.0011389999999999998 1.8550949051967838 1.8550949051967838 1.8550949051967838 9.3176658102539007e-05 9.3176658102539007e-05 9.3176658102539007e-05 1 1 1 Converged Converged Converged OK OK OK 116 116 116 116 116 116 4 4 4 0 0 0 0 1 0 0 1
119 119 linear 3 0 1193 0 0.001 1.4355098587504644 0.0036398325029417364 0.13407500788696822 -0.85941198512886374 0.15490699372599084 -0.88622698670625744 0.5 0.89143305293934305 1.413133752562332 OK 13 12 0.33751999999999999 0.32819900000000002 0.074264999999999998 0.25892700000000002 0.25546200000000002 0 0.078592999999999968 0.072736999999999996 0.074264999999999998 0.0093369999999999998 0.0094590000000000004 0.0088109999999999994 0.051600000000000007 0.046406000000000003 0.048216000000000002 0.0028020000000000002 0.0025789999999999997 0.0026279999999999997 0.00066299999999999996 0.000611 0.00063599999999999996 1.4131328226780524 1.4131328226780524 1.4131328226780524 0.0010395754634477561 0.0010395754634477561 0.0010395754634477561 1 1 1 Converged Converged Converged OK OK OK 45 45 45 45 45 45 3 3 3 0 0 0 0 0 1 0 0
119 119 linear 3 7 1193 1 0.001 1.4355098587504644 0.0036398325029417364 0.13407500788696822 -0.85941198512886374 0.15490699372599084 -0.86990481183306123 0.5 0.87511087806614685 1.4256647202230224 OK 13 12 0.326542 0.20815400000000001 0.067877000000000007 0.25490499999999999 0.135493 0 0.071637000000000006 0.072661000000000003 0.067877000000000007 0.0085070000000000007 0.0083000000000000001 0.0079500000000000005 0.048320000000000009 0.050177999999999987 0.046086000000000002 0.002529 0.0024560000000000003 0.0024759999999999999 0.00060099999999999997 0.00055699999999999999 0.00055699999999999999 1.4256639459177045 1.4256639459177045 1.4256639459177045 0.0012557737229731494 0.0012557737229731494 0.0012557737229731494 1 1 1 Converged Converged Converged OK OK OK 45 45 45 45 45 45 3 3 3 0 0 0 0 1 0 0 1
119 119 linear 3 15 1193 2 0.001 1.4355098587504644 0.0036398325029417364 0.13407500788696822 -0.85941198512886374 0.15490699372599084 -0.8512508976922657 0.5 0.85645696392535131 1.4414621559366645 OK 13 12 0.36210900000000001 0.233352 0.088750999999999997 0.27042899999999997 0.138152 0 0.091680000000000039 0.095200000000000007 0.088750999999999997 0.0082570000000000005 0.0081589999999999996 0.0077790000000000003 0.063222999999999988 0.066668999999999992 0.061256999999999985 0.0035230000000000001 0.0036690000000000004 0.0035500000000000002 0.00070999999999999991 0.00072099999999999996 0.00071299999999999998 1.4414608416009533 1.4414608416009533 1.4414608416009533 0.00039283698553556785 0.00039283698553556785 0.00039283698553556785 1 1 1 Converged Converged Converged OK OK OK 61 61 61 61 61 61 3 3 3 0 0 0 0 1 0 0 1
119 119 linear 3 23 1193 3 0.001 1.4355098587504644 0.0036398325029417364 0.13407500788696822 -0.85941198512886374 0.15490699372599084 -0.83259698355147005 0.5 0.83780304978455566 1.4598486558140644 OK 13 12 0.369116 0.250336 0.102741 0.26422699999999999 0.13941700000000001 0 0.10488900000000001 0.11091899999999999 0.102741 0.0086359999999999996 0.0086759999999999997 0.0079609999999999993 0.074982000000000007 0.081093000000000026 0.075334000000000026 0.0040489999999999996 0.0040890000000000006 0.0033839999999999999 0.00088699999999999998 0.00085300000000000003 0.00077000000000000007 1.4598471958700145 1.4598471958700145 1.4598471958700145 0.00041566489338752341 0.00041566489338752341 0.00041566489338752341 1 1 1 Converged Converged Converged OK OK OK 68 68 68 68 68 68 4 4 4 0 0 0 0 1 0 0 1
119 119 linear 3 0 1193 0 0.0001 1.4355098587504644 0.0036398325029417364 0.13407500788696822 -0.85941198512886374 0.15490699372599084 -0.88622698670625744 0.5 0.89143305293934305 1.413133752562332 OK 13 12 0.37621399999999999 0.37780999999999998 0.11516899999999999 0.25841799999999998 0.25583 0 0.11779600000000001 0.12197999999999998 0.11516899999999999 0.0090559999999999998 0.015748000000000002 0.0089540000000000002 0.080328999999999984 0.077811999999999992 0.077755999999999992 0.0044450000000000002 0.0044490000000000007 0.0045880000000000001 0.00081400000000000005 0.00083900000000000012 0.00088999999999999995 1.4131325828012833 1.4131325828012833 1.4131325828012833 1.1414719553151515e-05 1.1414719553151515e-05 1.1414719553151515e-05 1 1 1 Converged Converged Converged OK OK OK 77 77 77 77 77 77 3 3 3 0 0 0 0 0 1 0 0
119 119 linear 3 7 1193 1 0.0001 1.4355098587504644 0.0036398325029417364 0.13407500788696822 -0.85941198512886374 0.15490699372599084 -0.86990481183306123 0.5 0.87511087806614685 1.4256647202230224 OK 13 12 0.37309900000000001 0.25397900000000001 0.108528 0.26055800000000001 0.13342799999999999 0 0.112541 0.12055100000000002 0.108528 0.0082660000000000008 0.0082769999999999996 0.0077629999999999999 0.080050999999999997 0.088475999999999985 0.077109999999999984 0.0041949999999999999 0.0041659999999999996 0.0041660000000000004 0.000776 0.00079500000000000003 0.0007629999999999999 1.4256634685580081 1.4256634685580081 1.4256634685580081 1.160025908657999e-05 1.160025908657999e-05 1.160025908657999e-05 1 1 1 Converged Converged Converged OK OK OK 77 77 77 77 77 77 3 3 3 0 0 0 0 1 0 0 1
119 119 linear 3 15 1193 2 0.0001 1.4355098587504644 0.0036398325029417364 0.13407500788696822 -0.85941198512886374 0.15490699372599084 -0.8512508976922657 0.5 0.85645696392535131 1.4414621559366645 OK 13 12 0.382102 0.25301800000000002 0.10675900000000001 0.27127600000000002 0.136931 0 0.11082599999999998 0.11608700000000002 0.10675900000000001 0.0081910000000000004 0.0083029999999999996 0.0076990000000000001 0.078472 0.083944999999999992 0.075549000000000019 0.0043289999999999995 0.0042519999999999997 0.004202 0.00079200000000000006 0.00077499999999999997 0.00076600000000000008 1.4414608411946002 1.4414608411946002 1.4414608411946002 1.1700263872291291e-05 1.1700263872291291e-05 1.1700263872291291e-05 1 1 1 Converged Converged Converged OK OK OK 77 77 77 77 77 77 3 3 3 0 0 0 0 1 0 0 1
119 119 linear 3 23 1193 3 0.0001 1.4355098587504644 0.0036398325029417364 0.13407500788696822 -0.85941198512886374 0.15490699372599084 -0.83259698355147005 0.5 0.83780304978455566 1.4598486558140644 OK 13 12 0.386465 0.27387600000000001 0.119016 0.25962400000000002 0.14272099999999999 0 0.12684099999999998 0.13115500000000002 0.119016 0.0085100000000000002 0.0085360000000000002 0.0079749999999999995 0.092942000000000011 0.097277000000000002 0.086256999999999973 0.0041669999999999997 0.0042009999999999999 0.0043340000000000002 0.00091900000000000011 0.00092599999999999996 0.00091 1.4598471953870062 1.4598471953870062 1.4598471953870062 1.7110820438276518e-05 1.7110820438276518e-05 1.7110820438276518e-05 1 1 1 Converged Converged Converged OK OK OK 84 84 84 84 84 84 4 4 4 0 0 0 0 1 0 0 1
119 119 linear 4 0 1194 0 0.001 1.4355098587504644 0.0036398325029417364 0.13407500788696822 0.15713730869843504 0.16979934902803998 0.1303223071210414 0.5 -0.12511624088795581 5.0848141256306674 OK 12 11 0.39100600000000002 0.39178800000000003 0.10229199999999999 0.284636 0.28788999999999998 0 0.10637000000000002 0.10389800000000005 0.10229199999999999 0.0095980000000000006 0.0096710000000000008 0.0090399999999999994 0.078339999999999993 0.076467999999999967 0.075647999999999993 0.0029150000000000001 0.002624 0.0027310000000000004 0.00081300000000000003 0.00070100000000000002 0.000776 5.0848108810899051 5.0848108810899051 5.0848108810899051 0.0044657184304886062 0.0044657184304886062 0.0044657184304886062 1 1 1 Converged Converged Converged OK OK OK 67 67 67 67 67 67 5 5 5 0 0 0 0 0 1 0 0
119 119 linear 4 7 1194 1 0.001 1.4355098587504644 0.0036398325029417364 0.13407500788696822 0.15713730869843504 0.16979934902803998 0.14664448199423752 0.5 -0.14143841576115193 4.831893561493799 OK 12 11 0.477711 0.35802400000000001 0.099252000000000007 0.37388300000000002 0.246946 0 0.10382799999999998 0.11107800000000001 0.099252000000000007 0.0084209999999999997 0.00826 0.0078120000000000004 0.080598999999999976 0.088895999999999989 0.077897999999999981 0.002836 0.0025859999999999998 0.0025339999999999998 0.00073399999999999995 0.00069099999999999999 0.00067900000000000002 4.8318905251981086 4.8318905251981086 4.8318905251981086 0.003478956273647125 0.003478956273647125 0.003478956273647125 1 1 1 Converged Converged Converged OK OK OK 67 67 67 67 67 67 5 5 5 0 0 0 0 1 0 0 1
119 119 linear 4 15 1194 2 0.001 1.4355098587504644 0.0036398325029417364 0.13407500788696822 0.15713730869843504 0.16979934902803998 0.16529839613503311 0.5 -0.16009232990194752 4.5566429937131598 OK 12 11 0.48002699999999998 0.34965800000000002 0.096196000000000004 0.379056 0.24157799999999999 0 0.10097099999999998 0.10808000000000004 0.096196000000000004 0.0082480000000000001 0.0082789999999999999 0.0077720000000000003 0.07775799999999998 0.085828000000000002 0.074901000000000023 0.0028579999999999999 0.0025579999999999999 0.0025539999999999998 0.00083500000000000002 0.000696 0.00073099999999999988 4.5566396921819585 4.5566396921819585 4.5566396921819585 0.0037122759228279231 0.0037122759228279231 0.0037122759228279231 1 1 1 Converged Converged Converged OK OK OK 67 67 67 67 67 67 5 5 5 0 0 0 0 1 0 0 1
119 119 linear 4 23 1194 3 0.001 1.4355098587504644 0.0036398325029417364 0.13407500788696822 0.15713730869843504 0.16979934902803998 0.18395231027582867 0.5 -0.17874624404274309 4.2993205953831017 OK 12 11 0.52841099999999996 0.40914800000000001 0.10488 0.41932799999999998 0.28450399999999998 0 0.10908299999999999 0.12464400000000003 0.10488 0.0083370000000000007 0.0083140000000000002 0.0077289999999999998 0.083323999999999981 0.095875999999999989 0.080918000000000018 0.0033980000000000004 0.00329 0.0029620000000000002 0.00083599999999999994 0.004228 0.00075799999999999999 4.299323139323743 4.299323139323743 4.299323139323743 0.0018239503193731319 0.0018239503193731319 0.0018239503193731319 1 1 1 Converged Converged Converged OK OK OK 75 75 75 75 75 75 5 5 5 0 0 0 0 1 0 0 1
119 119 linear 4 0 1194 0 0.0001 1.4355098587504644 0.0036398325029417364 0.13407500788696822 0.15713730869843504 0.16979934902803998 0.1303223071210414 0.5 -0.12511624088795581 5.0848141256306674 OK 12 11 0.44678299999999999 0.44183699999999998 0.15534000000000001 0.28709200000000001 0.28583900000000001 0 0.15969099999999997 0.15599799999999997 0.15534000000000001 0.0093930000000000003 0.0091649999999999995 0.008966 0.11727099999999999 0.11492600000000003 0.11405899999999997 0.0063660000000000001 0.0060019999999999995 0.0063179999999999998 0.0011879999999999998 0.0011559999999999999 0.001142 5.0848113724754773 5.0848113724754773 5.0848113724754773 0.00026631947844561743 0.00026631947844561743 0.00026631947844561743 1 1 1 Converged Converged Converged OK OK OK 115 115 115 115 115 115 5 5 5 0 0 0 0 0 1 0 0
119 119 linear 4 7 1194 1 0.0001 1.4355098587504644 0.0036398325029417364 0.13407500788696822 0.15713730869843504 0.16979934902803998 0.14664448199423752 0.5 -0.14143841576115193 4.831893561493799 OK 12 11 0.52607199999999998 0.42635400000000001 0.14952599999999999 0.37239800000000001 0.248143 0 0.15367399999999998 0.17821100000000001 0.14952599999999999 0.0083459999999999993 0.0084690000000000008 0.0078609999999999999 0.11991399999999997 0.14397100000000002 0.11719799999999995 0.0060309999999999999 0.0064670000000000005 0.005765000000000001 0.0012029999999999999 0.0011529999999999999 0.0011069999999999999 4.831891002539928 4.831891002539928 4.831891002539928 0.00039947003911621409 0.00039947003911621409 0.00039947003911621409 1 1 1 Converged Converged Converged OK OK OK 115 115 115 115 115 115 5 5 5 0 0 0 0 1 0 0 1
119 119 linear 4 15 1194 2 0.0001 1.4355098587504644 0.0036398325029417364 0.13407500788696822 0.15713730869843504 0.16979934902803998 0.16529839613503311 0.5 -0.16009232990194752 4.5566429937131598 OK 12 11 0.53728100000000001 0.43497000000000002 0.160667 0.37617600000000001 0.246309 0 0.161105 0.18866100000000002 0.160667 0.0083599999999999994 0.0084489999999999999 0.011462999999999999 0.12488599999999997 0.15220700000000009 0.12169099999999998 0.006121999999999999 0.0064869999999999997 0.0062249999999999996 0.0011249999999999999 0.001165 0.001124 4.5566403250770335 4.5566403250770335 4.5566403250770335 0.00029726453003961457 0.00029726453003961457 0.00029726453003961457 1 1 1 Converged Converged Converged OK OK OK 123 123 123 123 123 123 5 5 5 0 0 0 0 1 0 0 1
119 119 linear 4 23 1194 3 0.0001 1.4355098587504644 0.0036398325029417364 0.13407500788696822 0.15713730869843504 0.16979934902803998 0.18395231027582867 0.5 -0.17874624404274309 4.2993205953831017 OK 12 11 0.54517899999999997 0.427873 0.12139 0.42001899999999998 0.28807300000000002 0 0.12515999999999999 0.13979999999999998 0.12139 0.0082889999999999995 0.0083759999999999998 0.0077910000000000002 0.097808999999999979 0.11152999999999998 0.094981000000000024 0.0037919999999999998 0.0044129999999999994 0.0038900000000000002 0.00093999999999999997 0.001049 0.00099500000000000001 4.2993181748940241 4.2993181748940241 4.2993181748940241 0.0002040812769513232 0.0002040812769513232 0.0002040812769513232 1 1 1 Converged Converged Converged OK OK OK 91 91 91 91 91 91 5 5 5 0 0 0 0 1 0 0 1
119 119 uniform 0 0 1195 0 0.001 1.4355098587504644 0.0036398325029417364 0.13407500788696822 -0.68542172261086798 -0.030102107028029741 -0.71223672418826167 0 0.71744279042134729 1.9924868488298739 OK 16 15 0.56596100000000005 0.56911999999999996 0.16652400000000001 0.39935500000000002 0.40112199999999998 0 0.16660600000000003 0.16799799999999998 0.16652400000000001 0.013140000000000001 0.013176999999999999 0.013042 0.11569299999999993 0.11678799999999998 0.11536700000000003 0.0040930000000000003 0.0042090000000000001 0.0043579999999999999 0.001091 0.001286 0.0012569999999999999 1.9924777742815349 1.9924777742815349 1.9924777742815349 0.0016754049444677838 0.0016754049444677838 0.0016754049444677838 1 1 1 Converged Converged Converged OK OK OK 109 109 109 109 109 109 11 11 11 0 0 0 0 0 1 0 0
119 119 uniform 0 7 1195 1 0.001 1.4355098587504644 0.0036398325029417364 0.13407500788696822 -0.68542172261086798 -0.030102107028029741 -0.69591454931506547 0 0.70112061554815108 2.0159575102068246 OK 16 15 0.46301799999999999 0.33925100000000002 0.152171 0.30753000000000003 0.178622 0 0.15548799999999996 0.16062900000000002 0.152171 0.011990000000000001 0.012238000000000001 0.011235999999999999 0.11731000000000003 0.12200400000000004 0.11590299999999999 0.0043909999999999999 0.004615000000000001 0.0040980000000000001 0.001126 0.001106 0.0010369999999999999 2.0159259894103254 2.0159259894103254 2.0159259894103254 0.001510779761071073 0.001510779761071073 0.001510779761071073 1 1 1 Converged Converged Converged OK OK OK 109 109 109 109 109 109 11 11 11 0 0 0 0 1 0 0 1
119 119 uniform 0 15 1195 2 0.001 1.4355098587504644 0.0036398325029417364 0.13407500788696822 -0.68542172261086798 -0.030102107028029741 -0.67726063517426993 0 0.68246670140735555 2.0413354931574124 OK 15 15 0.51371900000000004 0.39477099999999998 0.12978300000000001 0.38095600000000002 0.255664 0 0.13276300000000002 0.13910699999999998 0.12978300000000001 0.010656000000000001 0.010932000000000001 0.010139 0.097211999999999965 0.103058 0.095871000000000012 0.0039379999999999997 0.0046609999999999993 0.0038079999999999998 0.001093 0.0012030000000000001 0.001088 2.0412709671669993 2.0412709671669993 2.0412709671669993 0.0014552790821447876 0.0014552790821447876 0.0014552790821447876 1 1 1 Converged Converged Converged OK OK OK 102 102 102 102 102 102 10 10 10 0 0 0 0 1 0 0 1
119 119 uniform 0 23 1195 3 0.001 1.4355098587504644 0.0036398325029417364 0.13407500788696822 -0.68542172261086798 -0.030102107028029741 -0.65860672103347428 0 0.6638127872665599 2.0638725186829001 OK 16 15 0.70202699999999996 0.58028000000000002 0.16737299999999999 0.53460799999999997 0.40728500000000001 0 0.16741899999999998 0.17299500000000001 0.16737299999999999 0.012446 0.012674 0.014633999999999999 0.12350699999999995 0.12848799999999996 0.12291299999999998 0.0054129999999999994 0.0056759999999999996 0.0049780000000000007 0.0013270000000000001 0.0014289999999999999 0.001304 2.0638649258330699 2.0638649258330699 2.0638649258330699 0.00067889515942424507 0.00067889515942424507 0.00067889515942424507 1 1 1 Converged Converged Converged OK OK OK 125 125 125 125 125 125 11 11 11 0 0 0 0 1 0 0 1
119 119 uniform 0 0 1195 0 0.0001 1.4355098587504644 0.0036398325029417364 0.13407500788696822 -0.68542172261086798 -0.030102107028029741 -0.71223672418826167 0 0.71744279042134729 1.9924868488298739 OK 16 15 0.65074100000000001 0.64746000000000004 0.23905899999999999 0.40786499999999998 0.400086 0 0.24287600000000004 0.24737400000000004 0.23905899999999999 0.01367 0.013546000000000001 0.013011999999999999 0.16580499999999998 0.17106999999999989 0.16415500000000002 0.0079100000000000004 0.0076860000000000001 0.0075040000000000003 0.0023019999999999998 0.0024800000000000004 0.0022079999999999999 1.9924860864526506 1.9924860864526506 1.9924860864526506 0.00011036933832873695 0.00011036933832873695 0.00011036933832873695 1 1 1 Converged Converged Converged OK OK OK 165 165 165 165 165 165 11 11 11 0 0 0 0 0 1 0 0
119 119 uniform 0 7 1195 1 0.0001 1.4355098587504644 0.0036398325029417364 0.13407500788696822 -0.68542172261086798 -0.030102107028029741 -0.69591454931506547 0 0.70112061554815108 2.0159575102068246 OK 16 15 0.53343200000000002 0.41317599999999999 0.21865599999999999 0.31322100000000003 0.180503 0 0.22021099999999999 0.23267299999999999 0.21865599999999999 0.011886000000000001 0.012312999999999999 0.011220000000000001 0.163934 0.17399100000000003 0.1630390000000001 0.0072970000000000005 0.0084110000000000001 0.0075720000000000006 0.001887 0.0019759999999999999 0.0018699999999999999 2.0159535677170446 2.0159535677170446 2.0159535677170446 0.00014860034277000938 0.00014860034277000938 0.00014860034277000938 1 1 1 Converged Converged Converged OK OK OK 173 173 173 173 173 173 11 11 11 0 0 0 0 1 0 0 1
119 119 uniform 0 15 1195 2 0.0001 1.4355098587504644 0.0036398325029417364 0.13407500788696822 -0.68542172261086798 -0.030102107028029741 -0.67726063517426993 0 0.68246670140735555 2.0413354931574124 OK 15 15 0.59126199999999995 0.466414 0.19925100000000001 0.38830599999999998 0.25667800000000002 0 0.20295599999999997 0.20973599999999998 0.19925100000000001 0.010985999999999999 0.011029000000000001 0.010240000000000001 0.14651099999999989 0.15397 0.14547099999999991 0.0091779999999999987 0.0092499999999999995 0.0086750000000000004 0.0018360000000000004 0.0018219999999999998 0.0018059999999999999 2.0413344621590248 2.0413344621590248 2.0413344621590248 0.00014422469444005438 0.00014422469444005438 0.00014422469444005438 1 1 1 Converged Converged Converged OK OK OK 174 174 174 174 174 174 10 10 10 0 0 0 0 1 0 0 1
119 119 uniform 0 23 1195 3 0.0001 1.4355098587504644 0.0036398325029417364 0.13407500788696822 -0.68542172261086798 -0.030102107028029741 -0.65860672103347428 0 0.6638127872665599 2.0638725186829001 OK 16 15 0.766849 0.64374900000000002 0.225134 0.53398100000000004 0.40701399999999999 0 0.23286799999999996 0.23673500000000003 0.225134 0.012652 0.012503 0.011469 0.1674479999999999 0.17360200000000023 0.16473500000000008 0.010889000000000001 0.0098879999999999992 0.008881 0.002238 0.0020770000000000003 0.002026 2.0638715221771378 2.0638715221771378 2.0638715221771378 0.00017632420585460775 0.00017632420585460775 0.00017632420585460775 1 1 1 Converged Converged Converged OK OK OK 189 189 189 189 189 189 11 11 11 0 0 0 0 1 0 0 1
119 119 uniform 1 0 1196 0 0.001 1.4355098587504644 0.0036398325029417364 0.13407500788696822 0.062816387961991377 -0.057498616221970694 0.036001386384597732 0 -0.030795320151512144 13.964596408352707 OK 13 12 0.59771700000000005 0.58857300000000001 0.14313999999999999 0.45446300000000001 0.44470799999999999 0 0.14325400000000005 0.14386500000000002 0.14313999999999999 0.0099380000000000007 0.010083999999999999 0.00992 0.10748400000000002 0.10754900000000001 0.10728400000000003 0.0032320000000000001 0.0033899999999999998 0.0032549999999999996 0.00086800000000000006 0.00098900000000000008 0.00089899999999999995 13.964595943421154 13.964595943421154 13.964595943421154 0.00063108416269598631 0.00063108416269598631 0.00063108416269598631 1 1 1 Converged Converged Converged OK OK OK 81 81 81 81 81 81 7 7 7 0 0 0 0 0 1 0 0
119 119 uniform 1 7 1196 1 0.001 1.4355098587504644 0.0036398325029417364 0.13407500788696822 0.062816387961991377 -0.057498616221970694 0.052323561257793867 0 -0.047117495024708279 13.649397113439164 OK 12 11 0.59162700000000001 0.47384300000000001 0.14415600000000001 0.44143199999999999 0.32453799999999999 0 0.15019500000000002 0.14930500000000002 0.14415600000000001 0.009044 0.0093670000000000003 0.0090209999999999995 0.12166899999999994 0.11925900000000003 0.11602300000000003 0.003173 0.0039550000000000002 0.003385 0.00084400000000000002 0.00094199999999999991 0.00082600000000000002 13.649396112859245 13.649396112859245 13.649396112859245 0.00062018555186175018 0.00062018555186175018 0.00062018555186175018 1 1 1 Converged Converged Converged OK OK OK 81 81 81 81 81 81 7 7 7 0 0 0 0 1 0 0 1
119 119 uniform 1 15 1196 2 0.001 1.4355098587504644 0.0036398325029417364 0.13407500788696822 0.062816387961991377 -0.057498616221970694 0.070977475398589437 0 -0.06577140916550385 13.10969858361241 OK 13 12 0.62380100000000005 0.49840600000000002 0.16847000000000001 0.45333400000000001 0.32225100000000001 0 0.17046700000000004 0.17615500000000001 0.16847000000000001 0.0090620000000000006 0.0093120000000000008 0.0087229999999999999 0.13314099999999998 0.13666400000000004 0.13226300000000002 0.0044399999999999995 0.0057270000000000003 0.0044729999999999995 0.0010870000000000001 0.001222 0.0011069999999999999 13.109615032848275 13.109615032848275 13.109615032848275 0.0044937436548292626 0.0044937436548292626 0.0044937436548292626 1 1 1 Converged Converged Converged OK OK OK 104 104 104 104 104 104 8 8 8 0 0 0 0 1 0 0 1
119 119 uniform 1 23 1196 3 0.001 1.4355098587504644 0.0036398325029417364 0.13407500788696822 0.062816387961991377 -0.057498616221970694 0.089631389539385015 0 -0.084425323306299427 12.331906725522037 OK 14 13 0.65100899999999995 0.52976800000000002 0.152055 0.49111500000000002 0.36905199999999999 0 0.15989399999999993 0.16071600000000003 0.152055 0.010295 0.013601 0.0090830000000000008 0.12720999999999999 0.124489 0.12192500000000005 0.0037919999999999994 0.0042640000000000004 0.0034010000000000004 0.001057 0.001225 0.0010659999999999999 12.331905438250093 12.331905438250093 12.331905438250093 0.0066894907725696404 0.0066894907725696404 0.0066894907725696404 1 1 1 Converged Converged Converged OK OK OK 95 95 95 95 95 95 9 9 9 0 0 0 0 1 0 0 1
119 119 uniform 1 0 1196 0 0.0001 1.4355098587504644 0.0036398325029417364 0.13407500788696822 0.062816387961991377 -0.057498616221970694 0.036001386384597732 0 -0.030795320151512144 13.964596408352707 OK 13 12 0.59860400000000002 0.59614199999999995 0.14267299999999999 0.45427400000000001 0.45003599999999999 0 0.14433000000000001 0.14610599999999996 0.14267299999999999 0.00992 0.010501999999999999 0.01001 0.10844300000000003 0.10860199999999996 0.10687799999999997 0.00314 0.0039160000000000002 0.0031260000000000003 0.00087699999999999996 0.00098499999999999998 0.00093499999999999996 13.964595943421154 13.964595943421154 13.964595943421154 0.00063108416269598631 0.00063108416269598631 0.00063108416269598631 1 1 1 Converged Converged Converged OK OK OK 81 81 81 81 81 81 7 7 7 0 0 0 0 0 1 0 0
119 119 uniform 1 7 1196 1 0.0001 1.4355098587504644 0.0036398325029417364 0.13407500788696822 0.062816387961991377 -0.057498616221970694 0.052323561257793867 0 -0.047117495024708279 13.649397113439164 OK 12 11 0.59570999999999996 0.47014499999999998 0.144428 0.45124199999999998 0.32186700000000001 0 0.14446799999999999 0.14827799999999997 0.144428 0.0092409999999999992 0.0091970000000000003 0.0087569999999999992 0.11615700000000002 0.11902200000000006 0.11669599999999998 0.0031229999999999995 0.0035339999999999998 0.0032310000000000004 0.0008830000000000001 0.00094000000000000008 0.00084599999999999996 13.649396112859245 13.649396112859245 13.649396112859245 0.00062018555186175018 0.00062018555186175018 0.00062018555186175018 1 1 1 Converged Converged Converged OK OK OK 81 81 81 81 81 81 7 7 7 0 0 0 0 1 0 0 1
119 119 uniform 1 15 1196 2 0.0001 1.4355098587504644 0.0036398325029417364 0.13407500788696822 0.062816387961991377 -0.057498616221970694 0.070977475398589437 0 -0.06577140916550385 13.10969858361241 OK 13 12 0.66117199999999998 0.53257100000000002 0.20375399999999999 0.451488 0.32192399999999999 0 0.20968399999999998 0.21064700000000003 0.20375399999999999 0.0092960000000000004 0.0094669999999999997 0.0086960000000000006 0.16322900000000004 0.16282300000000002 0.15861699999999995 0.0069360000000000003 0.0078720000000000005 0.0070530000000000002 0.0012569999999999999 0.0012829999999999999 0.0012359999999999999 13.109697049578664 13.109697049578664 13.109697049578664 0.00045868419334440125 0.00045868419334440125 0.00045868419334440125 1 1 1 Converged Converged Converged OK OK OK 136 136 136 136 136 136 8 8 8 0 0 0 0 1 0 0 1
119 119 uniform 1 23 1196 3 0.0001 1.4355098587504644 0.0036398325029417364 0.13407500788696822 0.062816387961991377 -0.057498616221970694 0.089631389539385015 0 -0.084425323306299427 12.331906725522037 OK 14 13 0.66659599999999997 0.538188 0.16182299999999999 0.49659700000000001 0.37090699999999999 0 0.16999899999999996 0.16728100000000001 0.16182299999999999 0.0111 0.010416 0.0092669999999999992 0.13503100000000007 0.13308700000000001 0.12971999999999995 0.0040220000000000004 0.0041220000000000007 0.003849 0.0011480000000000001 0.0011970000000000001 0.001193 12.331905726669458 12.331905726669458 12.331905726669458 0.00083769201959050187 0.00083769201959050187 0.00083769201959050187 1 1 1 Converged Converged Converged OK OK OK 103 103 103 103 103 103 9 9 9 0 0 0 0 1 0 0 1
119 119 uniform 2 0 1197 0 0.001 1.4355098587504644 0.0036398325029417364 0.13407500788696822 -0.61166364096553671 -0.13433752515490527 -0.63847864254293041 0 0.64368470877601602 1.7501501131392236 OK 13 12 0.40782400000000002 0.40604699999999999 0.10908 0.30087399999999997 0.29907600000000001 0 0.10695000000000005 0.10697099999999998 0.10908 0.0093179999999999999 0.0092980000000000007 0.0103 0.074244999999999992 0.074716999999999964 0.075712000000000002 0.0036180000000000001 0.003712 0.0034549999999999997 0.00080800000000000002 0.00078100000000000001 0.00082400000000000008 1.7501498380668417 1.7501498380668417 1.7501498380668417 0.0003084883217179402 0.0003084883217179402 0.0003084883217179402 1 1 1 Converged Converged Converged OK OK OK 68 68 68 68 68 68 4 4 4 0 0 0 0 0 1 0 0
119 119 uniform 2 7 1197 1 0.001 1.4355098587504644 0.0036398325029417364 0.13407500788696822 -0.61166364096553671 -0.13433752515490527 -0.6221564676697342 0 0.62736253390281982 1.7792183884327664 OK 13 12 0.40593800000000002 0.28566399999999997 0.121452 0.27916000000000002 0.155583 0 0.126778 0.13008099999999997 0.121452 0.0085190000000000005 0.0083540000000000003 0.0078250000000000004 0.088376999999999997 0.09537000000000001 0.087720999999999952 0.0059319999999999998 0.0063030000000000004 0.0063730000000000002 0.00096699999999999987 0.00094200000000000002 0.00095599999999999993 1.7792183645492883 1.7792183645492883 1.7792183645492883 0.00025863674283015787 0.00025863674283015787 0.00025863674283015787 1 1 1 Converged Converged Converged OK OK OK 100 100 100 100 100 100 4 4 4 0 0 0 0 1 0 0 1
119 119 uniform 2 15 1197 2 0.001 1.4355098587504644 0.0036398325029417364 0.13407500788696822 -0.61166364096553671 -0.13433752515490527 -0.60350255352893867 0 0.60870861976202428 1.8191047448714459 OK 13 12 0.35899700000000001 0.238732 0.085030999999999995 0.27213900000000002 0.145369 0 0.086857999999999991 0.093363000000000002 0.085030999999999995 0.0083260000000000001 0.0085489999999999993 0.0077759999999999999 0.061423999999999986 0.067155000000000006 0.060790999999999984 0.0029539999999999996 0.0034039999999999999 0.0029589999999999998 0.00079799999999999999 0.00088100000000000006 0.00076799999999999991 1.819104408372318 1.819104408372318 1.819104408372318 0.00091414357742828592 0.00091414357742828592 0.00091414357742828592 1 1 1 Converged Converged Converged OK OK OK 68 68 68 68 68 68 4 4 4 0 0 0 0 1 0 0 1
119 119 uniform 2 23 1197 3 0.001 1.4355098587504644 0.0036398325029417364 0.13407500788696822 -0.61166364096553671 -0.13433752515490527 -0.58484863938814302 0 0.59005470562122864 1.8631055716144167 OK 13 12 0.360462 0.246008 0.090624999999999997 0.27029999999999998 0.14462800000000001 0 0.09016200000000002 0.10138 0.090624999999999997 0.0084139999999999996 0.0084580000000000002 0.0079649999999999999 0.064461000000000004 0.075541999999999998 0.066075999999999996 0.0032509999999999995 0.0032929999999999999 0.0029199999999999999 0.00079199999999999995 0.00082100000000000001 0.00079300000000000009 1.863104705441208 1.863104705441208 1.863104705441208 0.00078812230922575572 0.00078812230922575572 0.00078812230922575572 1 1 1 Converged Converged Converged OK OK OK 68 68 68 68 68 68 4 4 4 0 0 0 0 1 0 0 1
119 119 uniform 2 0 1197 0 0.0001 1.4355098587504644 0.0036398325029417364 0.13407500788696822 -0.61166364096553671 -0.13433752515490527 -0.63847864254293041 0 0.64368470877601602 1.7501501131392236 OK 13 12 0.42791600000000002 0.42881399999999997 0.12606000000000001 0.30338799999999999 0.29915399999999998 0 0.12452800000000003 0.12966 0.12606000000000001 0.0092849999999999999 0.0091400000000000006 0.011785 0.085817000000000046 0.091724999999999973 0.085693000000000005 0.0044350000000000006 0.0043860000000000001 0.004411 0.0010189999999999999 0.001036 0.00095699999999999995 1.7501498334045824 1.7501498334045824 1.7501498334045824 0.0001329407618103699 0.0001329407618103699 0.0001329407618103699 1 1 1 Converged Converged Converged OK OK OK 84 84 84 84 84 84 4 4 4 0 0 0 0 0 1 0 0
119 119 uniform 2 7 1197 1 0.0001 1.4355098587504644 0.0036398325029417364 0.13407500788696822 -0.61166364096553671 -0.13433752515490527 -0.6221564676697342 0 0.62736253390281982 1.7792183884327664 OK 13 12 0.42270000000000002 0.30304999999999999 0.13852700000000001 0.28212999999999999 0.15379799999999999 0 0.14057000000000003 0.149252 0.13852700000000001 0.0085019999999999991 0.0083339999999999994 0.0080249999999999991 0.09928900000000003 0.10902700000000001 0.098777999999999991 0.0066180000000000006 0.0064280000000000006 0.0065969999999999996 0.0010920000000000001 0.0010610000000000001 0.001098 1.7792183578809995 1.7792183578809995 1.7792183578809995 6.3142677986847585e-05 6.3142677986847585e-05 6.3142677986847585e-05 1 1 1 Converged Converged Converged OK OK OK 116 116 116 116 116 116 4 4 4 0 0 0 0 1 0 0 1
119 119 uniform 2 15 1197 2 0.0001 1.4355098587504644 0.0036398325029417364 0.13407500788696822 -0.61166364096553671 -0.13433752515490527 -0.60350255352893867 0 0.60870861976202428 1.8191047448714459 OK 13 12 0.40670499999999998 0.288491 0.12907299999999999 0.276003 0.145482 0 0.13070199999999998 0.143009 0.12907299999999999 0.0084069999999999995 0.0082609999999999992 0.0079810000000000002 0.093093000000000051 0.10614300000000002 0.09265000000000001 0.0062010000000000008 0.0061440000000000002 0.0061409999999999998 0.0010170000000000001 0.0010449999999999999 0.001016 1.8191047043034285 1.8191047043034285 1.8191047043034285 5.3678706355186673e-05 5.3678706355186673e-05 5.3678706355186673e-05 1 1 1 Converged Converged Converged OK OK OK 116 116 116 116 116 116 4 4 4 0 0 0 0 1 0 0 1
119 119 uniform 2 23 1197 3 0.0001 1.4355098587504644 0.0036398325029417364 0.13407500788696822 -0.61166364096553671 -0.13433752515490527 -0.58484863938814302 0 0.59005470562122864 1.8631055716144167 OK 13 12 0.40557599999999999 0.29703600000000002 0.131296 0.27227000000000001 0.14429900000000001 0 0.13330599999999998 0.15273700000000001 0.131296 0.0083990000000000002 0.0084239999999999992 0.0077790000000000003 0.09631900000000003 0.11552800000000003 0.095496999999999985 0.0062269999999999999 0.0064669999999999997 0.0061650000000000003 0.0010059999999999999 0.001013 0.00094899999999999997 1.8631055292112655 1.8631055292112655 1.8631055292112655 8.4828777757918068e-05 8.4828777757918068e-05 8.4828777757918068e-05 1 1 1 Converged Converged Converged OK OK OK 116 116 116 116 116 116 4 4 4 0 0 0 0 1 0 0 1
119 119 uniform 3 0 1198 0 0.001 1.4355098587504644 0.0036398325029417364 0.13407500788696822 -0.85941198512886374 0.15490699372599084 -0.88622698670625744 0 0.89143305293934305 1.4153411203002895 OK 13 12 0.318772 0.31959300000000002 0.061165999999999998 0.25706600000000002 0.256351 0 0.061705999999999983 0.06324200000000002 0.061165999999999998 0.0090489999999999998 0.0091459999999999996 0.0086899999999999998 0.036312999999999998 0.037125999999999999 0.036049000000000012 0.002225 0.0025590000000000001 0.0023049999999999998 0.00055699999999999999 0.00063499999999999993 0.00064700000000000001 1.4153414696631037 1.4153414696631037 1.4153414696631037 0.00037605277264657003 0.00037605277264657003 0.00037605277264657003 1 1 1 Converged Converged Converged OK OK OK 45 45 45 45 45 45 3 3 3 0 0 0 0 0 1 0 0
119 119 uniform 3 7 1198 1 0.001 1.4355098587504644 0.0036398325029417364 0.13407500788696822 -0.85941198512886374 0.15490699372599084 -0.86990481183306123 0 0.87511087806614685 1.4280086564576115 OK 13 12 0.31372100000000003 0.19742699999999999 0.057903000000000003 0.25464300000000001 0.133136 0 0.059078000000000019 0.064290999999999987 0.057903000000000003 0.0081359999999999991 0.0084749999999999999 0.0078580000000000004 0.036774000000000008 0.041244000000000017 0.036346000000000003 0.0022830000000000003 0.0023700000000000001 0.0022599999999999999 0.00056000000000000006 0.00060300000000000002 0.00054500000000000002 1.4280090712102818 1.4280090712102818 1.4280090712102818 0.00035559676184850335 0.00035559676184850335 0.00035559676184850335 1 1 1 Converged Converged Converged OK OK OK 45 45 45 45 45 45 3 3 3 0 0 0 0 1 0 0 1
119 119 uniform 3 15 1198 2 0.001 1.4355098587504644 0.0036398325029417364 0.13407500788696822 -0.85941198512886374 0.15490699372599084 -0.8512508976922657 0 0.85645696392535131 1.4439803761740002 OK 13 12 0.32917099999999999 0.20400099999999999 0.057452999999999997 0.26996999999999999 0.140819 0 0.059201000000000004 0.063181999999999988 0.057452999999999997 0.0083330000000000001 0.0083289999999999996 0.0076860000000000001 0.036578999999999993 0.040639000000000008 0.036187000000000011 0.0022529999999999998 0.0022680000000000001 0.0021849999999999999 0.00057300000000000005 0.0006150000000000001 0.00053499999999999999 1.4439805329725013 1.4439805329725013 1.4439805329725013 0.00041495587314602364 0.00041495587314602364 0.00041495587314602364 1 1 1 Converged Converged Converged OK OK OK 45 45 45 45 45 45 3 3 3 0 0 0 0 1 0 0 1
119 119 uniform 3 23 1198 3 0.001 1.4355098587504644 0.0036398325029417364 0.13407500788696822 -0.85941198512886374 0.15490699372599084 -0.83259698355147005 0 0.83780304978455566 1.4626789450220534 OK 13 12 0.32922400000000002 0.210955 0.067257999999999998 0.26052199999999998 0.137429 0 0.068702000000000041 0.073526000000000008 0.067257999999999998 0.0084270000000000005 0.0086289999999999995 0.0078849999999999996 0.045482999999999989 0.049582000000000008 0.045118999999999999 0.0022889999999999998 0.0025079999999999998 0.00231 0.00059500000000000004 0.00073099999999999999 0.000611 1.4626786105425769 1.4626786105425769 1.4626786105425769 0.00046863287461800977 0.00046863287461800977 0.00046863287461800977 1 1 1 Converged Converged Converged OK OK OK 52 52 52 52 52 52 4 4 4 0 0 0 0 1 0 0 1
119 119 uniform 3 0 1198 0 0.0001 1.4355098587504644 0.0036398325029417364 0.13407500788696822 -0.85941198512886374 0.15490699372599084 -0.88622698670625744 0 0.89143305293934305 1.4153411203002895 OK 13 12 0.34037899999999999 0.34015499999999999 0.080430000000000001 0.25762699999999999 0.25893300000000002 0 0.082751999999999992 0.081221999999999961 0.080430000000000001 0.0092689999999999995 0.0091249999999999994 0.0086090000000000003 0.050855000000000018 0.050297000000000001 0.04991799999999999 0.0032290000000000001 0.003173 0.0032929999999999999 0.000736 0.00068499999999999995 0.00071400000000000001 1.4153410106108137 1.4153410106108137 1.4153410106108137 8.6112189700176172e-05 8.6112189700176172e-05 8.6112189700176172e-05 1 1 1 Converged Converged Converged OK OK OK 61 61 61 61 61 61 3 3 3 0 0 0 0 0 1 0 0
119 119 uniform 3 7 1198 1 0.0001 1.4355098587504644 0.0036398325029417364 0.13407500788696822 -0.85941198512886374 0.15490699372599084 -0.86990481183306123 0 0.87511087806614685 1.4280086564576115 OK 13 12 0.33394000000000001 0.220716 0.076060000000000003 0.25628800000000002 0.134102 0 0.077651999999999999 0.086613999999999997 0.076060000000000003 0.0081429999999999992 0.0084030000000000007 0.0077130000000000002 0.05006999999999999 0.058503000000000006 0.049776999999999974 0.0031050000000000001 0.0033870000000000003 0.0031110000000000001 0.00070200000000000004 0.00069499999999999998 0.00067699999999999998 1.428008494209597 1.428008494209597 1.428008494209597 9.1118108510968471e-05 9.1118108510968471e-05 9.1118108510968471e-05 1 1 1 Converged Converged Converged OK OK OK 61 61 61 61 61 61 3 3 3 0 0 0 0 1 0 0 1
119 119 uniform 3 15 1198 2 0.0001 1.4355098587504644 0.0036398325029417364 0.13407500788696822 -0.85941198512886374 0.15490699372599084 -0.8512508976922657 0 0.85645696392535131 1.4439803761740002 OK 13 12 0.34489700000000001 0.22050900000000001 0.074788999999999994 0.26857599999999998 0.138567 0 0.076321000000000028 0.081942000000000015 0.074788999999999994 0.0082699999999999996 0.0083459999999999993 0.0076379999999999998 0.049245999999999991 0.054364999999999997 0.048830999999999999 0.0031029999999999999 0.0031510000000000002 0.0030589999999999997 0.00067400000000000001 0.0007049999999999999 0.00066500000000000001 1.4439802531516848 1.4439802531516848 1.4439802531516848 9.9440196838001692e-05 9.9440196838001692e-05 9.9440196838001692e-05 1 1 1 Converged Converged Converged OK OK OK 61 61 61 61 61 61 3 3 3 0 0 0 0 1 0 0 1
119 119 uniform 3 23 1198 3 0.0001 1.4355098587504644 0.0036398325029417364 0.13407500788696822 -0.85941198512886374 0.15490699372599084 -0.83259698355147005 0 0.83780304978455566 1.4626789450220534 OK 13 12 0.34889799999999999 0.23616100000000001 0.085267999999999997 0.260766 0.140491 0 0.088131999999999988 0.095670000000000005 0.085267999999999997 0.0086149999999999994 0.0085939999999999992 0.0079469999999999992 0.059181000000000004 0.066763000000000017 0.058157999999999994 0.0034310000000000005 0.0033289999999999999 0.0031380000000000002 0.00079500000000000003 0.00080799999999999991 0.00072300000000000001 1.4626787076392136 1.4626787076392136 1.4626787076392136 0.00011138491883030038 0.00011138491883030038 0.00011138491883030038 1 1 1 Converged Converged Converged OK OK OK 68 68 68 68 68 68 4 4 4 0 0 0 0 1 0 0 1
119 119 uniform 4 0 1199 0 0.001 1.4355098587504644 0.0036398325029417364 0.13407500788696822 0.15713730869843504 0.16979934902803998 0.1303223071210414 0 -0.12511624088795581 5.1093395933263457 OK 12 11 0.37991399999999997 0.37457299999999999 0.088688000000000003 0.289134 0.28408600000000001 0 0.090779999999999972 0.090486999999999984 0.088688000000000003 0.0095569999999999995 0.0095139999999999999 0.0090159999999999997 0.062986 0.06335300000000002 0.062552999999999984 0.0027680000000000001 0.0025539999999999998 0.0025739999999999999 0.00067500000000000004 0.00066299999999999996 0.00065499999999999998 5.1093389246333478 5.1093389246333478 5.1093389246333478 0.0034734173366648981 0.0034734173366648981 0.0034734173366648981 1 1 1 Converged Converged Converged OK OK OK 67 67 67 67 67 67 5 5 5 0 0 0 0 0 1 0 0
119 119 uniform 4 7 1199 1 0.001 1.4355098587504644 0.0036398325029417364 0.13407500788696822 0.15713730869843504 0.16979934902803998 0.14664448199423752 0 -0.14143841576115193 4.8523600234540565 OK 12 11 0.46082899999999999 0.34070099999999998 0.085822999999999997 0.37375999999999998 0.243508 0 0.087069000000000007 0.097192999999999974 0.085822999999999997 0.008371 0.0083999999999999995 0.0077470000000000004 0.064965999999999982 0.075357000000000035 0.064578999999999998 0.0023839999999999998 0.0024330000000000003 0.0024530000000000003 0.00058700000000000007 0.00060700000000000001 0.00058 4.8523595266359427 4.8523595266359427 4.8523595266359427 0.0028407456828177901 0.0028407456828177901 0.0028407456828177901 1 1 1 Converged Converged Converged OK OK OK 67 67 67 67 67 67 5 5 5 0 0 0 0 1 0 0 1
119 119 uniform 4 15 1199 2 0.001 1.4355098587504644 0.0036398325029417364 0.13407500788696822 0.15713730869843504 0.16979934902803998 0.16529839613503311 0 -0.16009232990194752 4.5733093141250079 OK 12 11 0.45990399999999998 0.33722600000000003 0.082712999999999995 0.37190499999999999 0.23973900000000001 0 0.087998999999999994 0.097487000000000018 0.082712999999999995 0.008463 0.0097400000000000004 0.0078209999999999998 0.065395999999999982 0.073661999999999977 0.061457999999999992 0.0024809999999999997 0.0024939999999999997 0.0024130000000000002 0.00072499999999999995 0.00065699999999999992 0.00067000000000000002 4.5733087168078272 4.5733087168078272 4.5733087168078272 0.0031863105833022025 0.0031863105833022025 0.0031863105833022025 1 1 1 Converged Converged Converged OK OK OK 67 67 67 67 67 67 5 5 5 0 0 0 0 1 0 0 1
119 119 uniform 4 23 1199 3 0.001 1.4355098587504644 0.0036398325029417364 0.13407500788696822 0.15713730869843504 0.16979934902803998 0.18395231027582867 0 -0.17874624404274309 4.3129557800161322 OK 12 11 0.505243 0.39493899999999998 0.089562000000000003 0.41369600000000001 0.28478599999999998 0 0.091546999999999989 0.110153 0.089562000000000003 0.0084519999999999994 0.0083850000000000001 0.0078309999999999994 0.066432000000000033 0.085081999999999977 0.065861000000000003 0.0027890000000000002 0.0030969999999999999 0.0027299999999999998 0.00075200000000000006 0.00079000000000000012 0.00072999999999999996 4.3129639374499531 4.3129639374499531 4.3129639374499531 0.0026468154665965204 0.0026468154665965204 0.0026468154665965204 1 1 1 Converged Converged Converged OK OK OK 75 75 75 75 75 75 5 5 5 0 0 0 0 1 0 0 1
119 119 uniform 4 0 1199 0 0.0001 1.4355098587504644 0.0036398325029417364 0.13407500788696822 0.15713730869843504 0.16979934902803998 0.1303223071210414 0 -0.12511624088795581 5.1093395933263457 OK 12 11 0.42497800000000002 0.42513499999999999 0.13181599999999999 0.290605 0.290294 0 0.13437300000000002 0.13484099999999999 0.13181599999999999 0.0094780000000000003 0.0095989999999999999 0.0088339999999999998 0.091955000000000051 0.09200499999999999 0.090893999999999975 0.0060859999999999994 0.006365 0.0055710000000000004 0.0011270000000000002 0.0011849999999999999 0.0011050000000000001 5.1093395422986783 5.1093395422986783 5.1093395422986783 0.00036624499057460959 0.00036624499057460959 0.00036624499057460959 1 1 1 Converged Converged Converged OK OK OK 115 115 115 115 115 115 5 5 5 0 0 0 0 0 1 0 0
119 119 uniform 4 7 1199 1 0.0001 1.4355098587504644 0.0036398325029417364 0.13407500788696822 0.15713730869843504 0.16979934902803998 0.14664448199423752 0 -0.14143841576115193 4.8523600234540565 OK 12 11 0.51925500000000002 0.42171999999999998 0.14391799999999999 0.37570999999999999 0.24576400000000001 0 0.14354500000000003 0.17595599999999997 0.14391799999999999 0.0084679999999999998 0.0085710000000000005 0.0078009999999999998 0.10531599999999997 0.13639600000000002 0.10443799999999995 0.0065290000000000001 0.0073419999999999996 0.006117 0.001199 0.0012529999999999998 0.001165 4.8523599120864631 4.8523599120864631 4.8523599120864631 5.7839545307917387e-06 5.7839545307917387e-06 5.7839545307917387e-06 1 1 1 Converged Converged Converged OK OK OK 131 131 131 131 131 131 5 5 5 0 0 0 0 1 0 0 1
119 119 uniform 4 15 1199 2 0.0001 1.4355098587504644 0.0036398325029417364 0.13407500788696822 0.15713730869843504 0.16979934902803998 0.16529839613503311 0 -0.16009232990194752 4.5733093141250079 OK 12 11 0.51089700000000005 0.410833 0.13028300000000001 0.37867400000000001 0.24454500000000001 0 0.13222300000000003 0.16628799999999999 0.13028300000000001 0.0083960000000000007 0.0083700000000000007 0.0077980000000000002 0.097505999999999982 0.13090499999999994 0.097180000000000016 0.0059899999999999997 0.00628 0.0057929999999999995 0.00117 0.0012620000000000001 0.001049 4.5733092157552839 4.5733092157552839 4.5733092157552839 0.00018428263750470619 0.00018428263750470619 0.00018428263750470619 1 1 1 Converged Converged Converged OK OK OK 123 123 123 123 123 123 5 5 5 0 0 0 0 1 0 0 1
119 119 uniform 4 23 1199 3 0.0001 1.4355098587504644 0.0036398325029417364 0.13407500788696822 0.15713730869843504 0.16979934902803998 0.18395231027582867 0 -0.17874624404274309 4.3129557800161322 OK 12 11 0.52156400000000003 0.40734799999999999 0.102675 0.41734700000000002 0.28682600000000003 0 0.104217 0.12052199999999996 0.102675 0.0084410000000000006 0.0084799999999999997 0.0078289999999999992 0.076677999999999968 0.092885000000000051 0.076619999999999994 0.0039570000000000004 0.0039220000000000001 0.0035159999999999996 0.00091599999999999993 0.00099099999999999991 0.00090200000000000002 4.3129558314525331 4.3129558314525331 4.3129558314525331 0.00022484238616661512 0.00022484238616661512 0.00022484238616661512 1 1 1 Converged Converged Converged OK OK OK 91 91 91 91 91 91 5 5 5 0 0 0 0 1 0 0 1
120 120 linear 0 0 1200 0 0.001 1.4743252938835101 0.0065612738788508752 0.00028212051217189085 -0.78532338618077213 -0.047094086859836633 -0.78537981028320647 0.5 0.79499020588526426 14.273334356079053 OK 14 13 0.48293999999999998 0.48274600000000001 0.147373 0.331509 0.33382600000000001 0 0.15143099999999998 0.14892 0.147373 0.012184 0.011875 0.011453 0.11088699999999999 0.10896099999999999 0.10832899999999998 0.003869 0.0037809999999999992 0.0036949999999999999 0.001005 0.00093499999999999996 0.00091799999999999998 14.273478484565977 14.273478484565977 14.273478484565977 0.0045762593628077674 0.0045762593628077674 0.0045762593628077674 1 1 1 Converged Converged Converged OK OK OK 82 82 82 82 82 82 6 6 6 0 0 0 0 0 1 0 0
120 120 linear 0 7 1200 1 0.001 1.4743252938835101 0.0065612738788508752 0.00028212051217189085 -0.78532338618077213 -0.047094086859836633 -0.78534546517737691 0.5 0.7949558607794347 13.532489576147984 OK 14 13 0.46942800000000001 0.43662800000000002 0.13828799999999999 0.328127 0.200099 0 0.14130100000000001 0.23652900000000002 0.13828799999999999 0.010980999999999999 0.010980999999999999 0.010241999999999999 0.10906600000000002 0.20424100000000003 0.10729999999999998 0.0037850000000000002 0.0036680000000000003 0.0035989999999999998 0.00087000000000000001 0.00088699999999999998 0.00090300000000000005 13.532260052206141 13.532260052206141 13.532260052206141 0.0042252826745544734 0.0042252826745544734 0.0042252826745544734 1 1 1 Converged Converged Converged OK OK OK 82 82 82 82 82 82 6 6 6 0 0 0 0 1 0 0 1
120 120 linear 0 15 1200 2 0.001 1.4743252938835101 0.0065612738788508752 0.00028212051217189085 -0.78532338618077213 -0.047094086859836633 -0.78530621362785735 0.5 0.79491660922991514 12.555818180094386 OK 14 13 0.48288900000000001 0.45760800000000001 0.141764 0.33707599999999999 0.21039099999999999 0 0.14581300000000003 0.24721700000000002 0.141764 0.011011 0.010909 0.010296 0.11321200000000001 0.21482700000000002 0.11055199999999997 0.0038239999999999997 0.0037680000000000001 0.0037589999999999998 0.00095100000000000002 0.00094899999999999997 0.00091 12.555929295047363 12.555929295047363 12.555929295047363 0.0057758371684845577 0.0057758371684845577 0.0057758371684845577 1 1 1 Converged Converged Converged OK OK OK 82 82 82 82 82 82 6 6 6 0 0 0 0 1 0 0 1
120 120 linear 0 23 1200 3 0.001 1.4743252938835101 0.0065612738788508752 0.00028212051217189085 -0.78532338618077213 -0.047094086859836633 -0.78526696207833779 0.5 0.79487735768039558 11.458016947404971 OK 14 13 0.46287 0.42138500000000001 0.12784499999999999 0.331424 0.19772600000000001 0 0.13144600000000001 0.223659 0.12784499999999999 0.011011 0.01099 0.010316000000000001 0.099925999999999987 0.192416 0.097879000000000022 0.0036059999999999998 0.003509 0.0034120000000000001 0.00098200000000000002 0.00093900000000000006 0.00095 11.458116846501595 11.458116846501595 11.458116846501595 0.0036667566250330945 0.0036667566250330945 0.0036667566250330945 1 1 1 Converged Converged Converged OK OK OK 75 75 75 75 75 75 5 5 5 0 0 0 0 1 0 0 1
120 120 linear 0 0 1200 0 0.0001 1.4743252938835101 0.0065612738788508752 0.00028212051217189085 -0.78532338618077213 -0.047094086859836633 -0.78537981028320647 0.5 0.79499020588526426 14.273334356079053 OK 14 13 0.54451799999999995 0.54451300000000002 0.20724200000000001 0.33271000000000001 0.33192100000000002 0 0.21180799999999994 0.212592 0.20724200000000001 0.011981 0.011860000000000001 0.011795 0.15498399999999996 0.15634200000000006 0.15084400000000003 0.0059309999999999996 0.0058630000000000002 0.0060669999999999995 0.001354 0.001382 0.001418 14.273478485510715 14.273478485510715 14.273478485510715 0.0011407947858887932 0.0011407947858887932 0.0011407947858887932 1 1 1 Converged Converged Converged OK OK OK 122 122 122 122 122 122 6 6 6 0 0 0 0 0 1 0 0
120 120 linear 0 7 1200 1 0.0001 1.4743252938835101 0.0065612738788508752 0.00028212051217189085 -0.78532338618077213 -0.047094086859836633 -0.78534546517737691 0.5 0.7949558607794347 13.532489576147984 OK 14 13 0.54547900000000005 0.577901 0.21026800000000001 0.32999299999999998 0.20319300000000001 0 0.21548600000000007 0.37470799999999999 0.21026800000000001 0.011047 0.010888999999999999 0.010474000000000001 0.16564999999999991 0.32524099999999989 0.16250399999999993 0.0065020000000000008 0.0066249999999999998 0.0062510000000000005 0.001364 0.0013329999999999998 0.001359 13.532260053951363 13.532260053951363 13.532260053951363 0.0010124016032382445 0.0010124016032382445 0.0010124016032382445 1 1 1 Converged Converged Converged OK OK OK 130 130 130 130 130 130 6 6 6 0 0 0 0 1 0 0 1
120 120 linear 0 15 1200 2 0.0001 1.4743252938835101 0.0065612738788508752 0.00028212051217189085 -0.78532338618077213 -0.047094086859836633 -0.78530621362785735 0.5 0.79491660922991514 12.555818180094386 OK 14 13 0.54842999999999997 0.58901899999999996 0.20525299999999999 0.33433400000000002 0.21112500000000001 0 0.21409599999999995 0.37789399999999995 0.20525299999999999 0.011044 0.011057000000000001 0.010319 0.16449100000000003 0.33175199999999999 0.16105600000000003 0.010284 0.0066089999999999994 0.0062830000000000013 0.0013680000000000001 0.001343 0.0012930000000000001 12.555911591096086 12.555911591096086 12.555911591096086 0.00080465649619511142 0.00080465649619511142 0.00080465649619511142 1 1 1 Converged Converged Converged OK OK OK 130 130 130 130 130 130 6 6 6 0 0 0 0 1 0 0 1
120 120 linear 0 23 1200 3 0.0001 1.4743252938835101 0.0065612738788508752 0.00028212051217189085 -0.78532338618077213 -0.047094086859836633 -0.78526696207833779 0.5 0.79487735768039558 11.458016947404971 OK 14 13 0.50273900000000005 0.52681100000000003 0.17213700000000001 0.32578800000000002 0.195183 0 0.17695100000000002 0.33162800000000003 0.17213700000000001 0.010985 0.011013 0.010449999999999999 0.13527199999999989 0.28973400000000016 0.13215600000000002 0.0055179999999999995 0.0055330000000000006 0.0051340000000000005 0.0012799999999999999 0.0012969999999999998 0.0012030000000000001 11.458116847997383 11.458116847997383 11.458116847997383 0.00091159764533059267 0.00091159764533059267 0.00091159764533059267 1 1 1 Converged Converged Converged OK OK OK 107 107 107 107 107 107 5 5 5 0 0 0 0 1 0 0 1
120 120 linear 1 0 1201 0 0.001 1.4743252938835101 0.0065612738788508752 0.00028212051217189085 -0.86078401409800764 -0.0028976901295320067 -0.86084043820044198 0.5 0.87045083380249977 14.196670038041955 OK 14 13 0.457733 0.45039800000000002 0.12084300000000001 0.33409299999999997 0.32814700000000002 0 0.12364000000000003 0.122251 0.12084300000000001 0.011591000000000001 0.011679999999999999 0.011325 0.086632000000000001 0.085381999999999986 0.084705000000000003 0.0032829999999999995 0.0034219999999999997 0.0033870000000000003 0.0009189999999999999 0.00093100000000000008 0.00091099999999999992 14.196732681042999 14.196732681042999 14.196732681042999 0.0048843259360264075 0.0048843259360264075 0.0048843259360264075 1 1 1 Converged Converged Converged OK OK OK 75 75 75 75 75 75 5 5 5 0 0 0 0 0 1 0 0
120 120 linear 1 7 1201 1 0.001 1.4743252938835101 0.0065612738788508752 0.00028212051217189085 -0.86078401409800764 -0.0028976901295320067 -0.86080609309461242 0.5 0.87041648869667021 14.905159989808608 OK 14 13 0.448795 0.35886899999999999 0.124222 0.32185599999999998 0.183835 0 0.12693900000000002 0.175034 0.124222 0.010640999999999999 0.010829 0.010253 0.096574000000000035 0.144482 0.094614000000000004 0.0033220000000000003 0.0033140000000000001 0.0032849999999999997 0.00086099999999999989 0.00087100000000000003 0.00084899999999999993 14.905286971166504 14.905286971166504 14.905286971166504 0.0049445617550222159 0.0049445617550222159 0.0049445617550222159 1 1 1 Converged Converged Converged OK OK OK 75 75 75 75 75 75 5 5 5 0 0 0 0 1 0 0 1
120 120 linear 1 15 1201 2 0.001 1.4743252938835101 0.0065612738788508752 0.00028212051217189085 -0.86078401409800764 -0.0028976901295320067 -0.86076684154509286 0.5 0.87037723714715065 15.704147009123183 OK 14 13 0.44542799999999999 0.35040500000000002 0.12137199999999999 0.32075599999999999 0.18298400000000001 0 0.12467200000000001 0.16742100000000001 0.12137199999999999 0.010817 0.010768 0.010153000000000001 0.093927000000000038 0.13694700000000007 0.091713000000000003 0.0033489999999999995 0.0033299999999999996 0.003444 0.00093199999999999989 0.00095600000000000004 0.00092299999999999999 15.704273524264984 15.704273524264984 15.704273524264984 0.0050176106693178898 0.0050176106693178898 0.0050176106693178898 1 1 1 Converged Converged Converged OK OK OK 75 75 75 75 75 75 5 5 5 0 0 0 0 1 0 0 1
120 120 linear 1 23 1201 3 0.001 1.4743252938835101 0.0065612738788508752 0.00028212051217189085 -0.86078401409800764 -0.0028976901295320067 -0.86072758999557331 0.5 0.87033798559763109 16.490230787198083 OK 14 13 0.45319199999999998 0.36169200000000001 0.114719 0.33502500000000002 0.199873 0 0.11816699999999997 0.16181900000000002 0.114719 0.010770999999999999 0.010777 0.010194999999999999 0.087954000000000004 0.13122400000000001 0.085267999999999997 0.0032469999999999999 0.0034419999999999997 0.0033609999999999998 0.00087799999999999998 0.00086800000000000006 0.00085099999999999998 16.490333969163803 16.490333969163803 16.490333969163803 0.0050951426565166462 0.0050951426565166462 0.0050951426565166462 1 1 1 Converged Converged Converged OK OK OK 75 75 75 75 75 75 5 5 5 0 0 0 0 1 0 0 1
120 120 linear 1 0 1201 0 0.0001 1.4743252938835101 0.0065612738788508752 0.00028212051217189085 -0.86078401409800764 -0.0028976901295320067 -0.86084043820044198 0.5 0.87045083380249977 14.196670038041955 OK 14 13 0.47642499999999999 0.47804999999999997 0.14496600000000001 0.327376 0.33077400000000001 0 0.14904899999999999 0.14727599999999996 0.14496600000000001 0.01172 0.011854 0.011228999999999999 0.10582400000000003 0.10377 0.10295899999999999 0.0042380000000000004 0.004431 0.0042139999999999999 0.001024 0.0010820000000000001 0.0010319999999999999 14.196732682994078 14.196732682994078 14.196732682994078 0.0013437234818832074 0.0013437234818832074 0.0013437234818832074 1 1 1 Converged Converged Converged OK OK OK 91 91 91 91 91 91 5 5 5 0 0 0 0 0 1 0 0
120 120 linear 1 7 1201 1 0.0001 1.4743252938835101 0.0065612738788508752 0.00028212051217189085 -0.86078401409800764 -0.0028976901295320067 -0.86080609309461242 0.5 0.87041648869667021 14.905159989808608 OK 14 13 0.474908 0.39527800000000002 0.14943600000000001 0.31889499999999998 0.186115 0 0.15601300000000001 0.20916300000000002 0.14943600000000001 0.010808 0.010794 0.010232 0.11791399999999995 0.17333900000000008 0.11478700000000001 0.0043520000000000008 0.0043530000000000001 0.0042369999999999994 0.00099500000000000001 0.0010070000000000001 0.00099400000000000009 14.905286973115249 14.905286973115249 14.905286973115249 0.0014072868701568112 0.0014072868701568112 0.0014072868701568112 1 1 1 Converged Converged Converged OK OK OK 91 91 91 91 91 91 5 5 5 0 0 0 0 1 0 0 1
120 120 linear 1 15 1201 2 0.0001 1.4743252938835101 0.0065612738788508752 0.00028212051217189085 -0.86078401409800764 -0.0028976901295320067 -0.86076684154509286 0.5 0.87037723714715065 15.704147009123183 OK 14 13 0.47240700000000002 0.390484 0.14544299999999999 0.321994 0.18664700000000001 0 0.15041300000000002 0.20383699999999999 0.14544299999999999 0.010926 0.010914999999999999 0.010274 0.11391299999999997 0.16755900000000001 0.11072799999999995 0.0046510000000000006 0.0046309999999999997 0.0042449999999999996 0.001103 0.001077 0.001057 15.704273526211702 15.704273526211702 15.704273526211702 0.0014841307839204591 0.0014841307839204591 0.0014841307839204591 1 1 1 Converged Converged Converged OK OK OK 91 91 91 91 91 91 5 5 5 0 0 0 0 1 0 0 1
120 120 linear 1 23 1201 3 0.0001 1.4743252938835101 0.0065612738788508752 0.00028212051217189085 -0.86078401409800764 -0.0028976901295320067 -0.86072758999557331 0.5 0.87033798559763109 16.490230787198083 OK 14 13 0.47911399999999998 0.39452500000000001 0.13919699999999999 0.335063 0.199323 0 0.14405099999999998 0.19520200000000001 0.13919699999999999 0.010803 0.010867999999999999 0.010265 0.108196 0.15909999999999999 0.10475399999999999 0.0043779999999999999 0.0045079999999999999 0.0042529999999999998 0.001011 0.0010469999999999998 0.001023 16.490333971108097 16.490333971108097 16.490333971108097 0.0015654493211476295 0.0015654493211476295 0.0015654493211476295 1 1 1 Converged Converged Converged OK OK OK 91 91 91 91 91 91 5 5 5 0 0 0 0 1 0 0 1
120 120 linear 2 0 1202 0 0.001 1.4743252938835101 0.0065612738788508752 0.00028212051217189085 -0.67006090993028755 -0.00034271177749951946 -0.67011733403272189 0.5 0.67972772963477968 14.518369262931241 OK 14 13 0.72313700000000003 0.72308499999999998 0.13197999999999999 0.58780600000000005 0.59013499999999997 0 0.13533099999999998 0.13295000000000001 0.13197999999999999 0.011702000000000001 0.011556 0.011024000000000001 0.098854000000000039 0.096807000000000032 0.096422999999999981 0.0036099999999999995 0.0036119999999999998 0.0036640000000000002 0.00083000000000000001 0.00080500000000000005 0.00082199999999999992 14.518212022293875 14.518212022293875 14.518212022293875 0.012145485237268803 0.012145485237268803 0.012145485237268803 1 1 1 Converged Converged Converged OK OK OK 68 68 68 68 68 68 4 4 4 0 0 0 0 0 1 0 0
120 120 linear 2 7 1202 1 0.001 1.4743252938835101 0.0065612738788508752 0.00028212051217189085 -0.67006090993028755 -0.00034271177749951946 -0.67008298892689233 0.5 0.67969338452895012 14.348738433500802 OK 14 13 0.73790199999999995 0.63667200000000002 0.12815199999999999 0.60086200000000001 0.45014599999999999 0 0.13703999999999994 0.18652600000000003 0.12815199999999999 0.012024 0.011035 0.010099 0.10335099999999997 0.15362999999999999 0.09750300000000002 0.0035490000000000001 0.0039789999999999999 0.0034679999999999997 0.000754 0.000812 0.00071100000000000004 14.348593765001286 14.348593765001286 14.348593765001286 0.01182200373798933 0.01182200373798933 0.01182200373798933 1 1 1 Converged Converged Converged OK OK OK 68 68 68 68 68 68 4 4 4 0 0 0 0 1 0 0 1
120 120 linear 2 15 1202 2 0.001 1.4743252938835101 0.0065612738788508752 0.00028212051217189085 -0.67006090993028755 -0.00034271177749951946 -0.67004373737737277 0.5 0.67965413297943056 14.157131314755619 OK 14 13 0.73750499999999997 0.65818200000000004 0.12370399999999999 0.60556200000000004 0.48227599999999998 0 0.13194299999999992 0.17590600000000006 0.12370399999999999 0.012043 0.010959999999999999 0.010134000000000001 0.097885000000000028 0.14305400000000001 0.092790999999999985 0.003722 0.0038500000000000001 0.0035649999999999996 0.00079100000000000004 0.00085099999999999998 0.00078399999999999997 14.156877083961664 14.156877083961664 14.156877083961664 0.011425369960777518 0.011425369960777518 0.011425369960777518 1 1 1 Converged Converged Converged OK OK OK 68 68 68 68 68 68 4 4 4 0 0 0 0 1 0 0 1
120 120 linear 2 23 1202 3 0.001 1.4743252938835101 0.0065612738788508752 0.00028212051217189085 -0.67006090993028755 -0.00034271177749951946 -0.67000448582785321 0.5 0.679614881429911 13.967583020770082 OK 14 13 0.71379400000000004 0.61802699999999999 0.125028 0.58532200000000001 0.438975 0 0.12847200000000003 0.17905199999999999 0.125028 0.010886 0.010789999999999999 0.010083999999999999 0.096529999999999991 0.14711700000000003 0.09460600000000001 0.0034950000000000003 0.0036740000000000002 0.0034910000000000002 0.00076400000000000003 0.00072600000000000019 0.00071500000000000003 13.967515342882264 13.967515342882264 13.967515342882264 0.011003728992524178 0.011003728992524178 0.011003728992524178 1 1 1 Converged Converged Converged OK OK OK 68 68 68 68 68 68 4 4 4 0 0 0 0 1 0 0 1
120 120 linear 2 0 1202 0 0.0001 1.4743252938835101 0.0065612738788508752 0.00028212051217189085 -0.67006090993028755 -0.00034271177749951946 -0.67011733403272189 0.5 0.67972772963477968 14.518369262931241 OK 14 13 0.77538300000000004 0.77126499999999998 0.18195900000000001 0.58903099999999997 0.58484899999999995 0 0.18635200000000007 0.18641600000000003 0.18195900000000001 0.011586000000000001 0.011648 0.011025999999999999 0.14016700000000001 0.14058600000000004 0.13648599999999994 0.0049910000000000006 0.0049830000000000004 0.0051790000000000004 0.001049 0.0010820000000000001 0.0010560000000000001 14.518241370112889 14.518241370112889 14.518241370112889 0.00067950751273778743 0.00067950751273778743 0.00067950751273778743 1 1 1 Converged Converged Converged OK OK OK 92 92 92 92 92 92 4 4 4 0 0 0 0 0 1 0 0
120 120 linear 2 7 1202 1 0.0001 1.4743252938835101 0.0065612738788508752 0.00028212051217189085 -0.67006090993028755 -0.00034271177749951946 -0.67008298892689233 0.5 0.67969338452895012 14.348738433500802 OK 14 13 0.79086900000000004 0.69759300000000002 0.175955 0.60449399999999998 0.45369700000000002 0 0.18637500000000007 0.243896 0.175955 0.012236 0.010888 0.010246999999999999 0.14436599999999991 0.20436599999999999 0.13770399999999991 0.0050679999999999996 0.00496 0.0048700000000000002 0.0010370000000000002 0.0010020000000000001 0.00097599999999999987 14.348623573186304 14.348623573186304 14.348623573186304 0.00067856371625697504 0.00067856371625697504 0.00067856371625697504 1 1 1 Converged Converged Converged OK OK OK 92 92 92 92 92 92 4 4 4 0 0 0 0 1 0 0 1
120 120 linear 2 15 1202 2 0.0001 1.4743252938835101 0.0065612738788508752 0.00028212051217189085 -0.67006090993028755 -0.00034271177749951946 -0.67004373737737277 0.5 0.67965413297943056 14.157131314755619 OK 14 13 0.78305899999999995 0.718059 0.17075000000000001 0.60824599999999995 0.480655 0 0.174813 0.237404 0.17075000000000001 0.010670000000000001 0.010912 0.010149 0.13540999999999995 0.197518 0.13228200000000001 0.0049370000000000004 0.0050529999999999993 0.0049429999999999995 0.0010489999999999998 0.001114 0.001096 14.156907431322665 14.156907431322665 14.156907431322665 0.00067745904291446847 0.00067745904291446847 0.00067745904291446847 1 1 1 Converged Converged Converged OK OK OK 92 92 92 92 92 92 4 4 4 0 0 0 0 1 0 0 1
120 120 linear 2 23 1202 3 0.0001 1.4743252938835101 0.0065612738788508752 0.00028212051217189085 -0.67006090993028755 -0.00034271177749951946 -0.67000448582785321 0.5 0.679614881429911 13.967583020770082 OK 14 13 0.75956100000000004 0.67604500000000001 0.17171600000000001 0.58377800000000002 0.43650600000000001 0 0.17578300000000002 0.239539 0.17171600000000001 0.010732999999999999 0.011067 0.010219000000000001 0.13688500000000001 0.19875800000000002 0.133683 0.004849 0.0053609999999999994 0.004836 0.00098200000000000023 0.0010999999999999998 0.00095600000000000014 13.967546220746373 13.967546220746373 13.967546220746373 0.00067637174987955563 0.00067637174987955563 0.00067637174987955563 1 1 1 Converged Converged Converged OK OK OK 92 92 92 92 92 92 4 4 4 0 0 0 0 1 0 0 1
120 120 linear 3 0 1203 0 0.001 1.4743252938835101 0.0065612738788508752 0.00028212051217189085 0.0080583885978223625 0.0004045211673417066 0.0080019644953879844 0.5 0.0016084311066698245 451.8382590642712 OK 12 11 0.66931300000000005 0.66454500000000005 0.10501000000000001 0.56110099999999996 0.55902700000000005 0 0.10821200000000009 0.105518 0.10501000000000001 0.0075570000000000003 0.0073109999999999998 0.0071240000000000001 0.084230000000000041 0.082156000000000007 0.082119999999999999 0.0023290000000000003 0.0023509999999999998 0.0022650000000000001 0.00057899999999999998 0.00058 0.00054999999999999992 451.83937717207391 451.83937717207391 451.83937717207391 0.39665035051449465 0.39665035051449465 0.39665035051449465 1 1 1 Converged Converged Converged OK OK OK 52 52 52 52 52 52 4 4 4 0 0 0 0 0 1 0 0
120 120 linear 3 7 1203 1 0.001 1.4743252938835101 0.0065612738788508752 0.00028212051217189085 0.0080583885978223625 0.0004045211673417066 0.0080363096012176054 0.5 0.0015740860008402035 463.63179367639526 OK 12 11 0.65188900000000005 0.60142200000000001 0.102003 0.54613699999999998 0.404721 0 0.10575200000000007 0.19670100000000001 0.102003 0.0079109999999999996 0.0080260000000000001 0.0075510000000000004 0.083496000000000001 0.17436399999999999 0.081030000000000005 0.0023579999999999999 0.002362 0.0022399999999999998 0.000513 0.00049200000000000003 0.00050299999999999997 463.63288003879967 463.63288003879967 463.63288003879967 0.39530774613477698 0.39530774613477698 0.39530774613477698 1 1 1 Converged Converged Converged OK OK OK 52 52 52 52 52 52 4 4 4 0 0 0 0 1 0 0 1
120 120 linear 3 15 1203 2 0.001 1.4743252938835101 0.0065612738788508752 0.00028212051217189085 0.0080583885978223625 0.0004045211673417066 0.0080755611507371729 0.5 0.0015348344513206359 476.63241819283485 OK 11 10 0.63298100000000002 0.56789100000000003 0.10448200000000001 0.52524099999999996 0.38356899999999999 0 0.10774000000000006 0.18432200000000004 0.10448200000000001 0.0077210000000000004 0.0077580000000000001 0.0073429999999999997 0.086029000000000036 0.16223300000000002 0.083825999999999956 0.0022980000000000001 0.0023929999999999997 0.002163 0.00048500000000000003 0.00048200000000000001 0.00046799999999999999 476.63347394753703 476.63347394753703 476.63347394753703 0.39377337005937951 0.39377337005937951 0.39377337005937951 1 1 1 Converged Converged Converged OK OK OK 52 52 52 52 52 52 4 4 4 0 0 0 0 1 0 0 1
120 120 linear 3 23 1203 3 0.001 1.4743252938835101 0.0065612738788508752 0.00028212051217189085 0.0080583885978223625 0.0004045211673417066 0.0081148127002567405 0.5 0.0014955829018010684 488.86951685858423 OK 11 10 0.544296 0.45816899999999999 0.088284000000000001 0.45289099999999999 0.31806099999999998 0 0.091405000000000014 0.14010800000000001 0.088284000000000001 0.0076540000000000002 0.0077889999999999999 0.0072170000000000003 0.072869999999999976 0.12118799999999999 0.070865000000000011 0.0018680000000000003 0.001934 0.001694 0.00049600000000000002 0.000495 0.00048099999999999998 488.86923491565801 488.86923491565801 488.86923491565801 0.38119281042578151 0.38119281042578151 0.38119281042578151 1 1 1 Converged Converged Converged OK OK OK 44 44 44 44 44 44 4 4 4 0 0 0 0 1 0 0 1
120 120 linear 3 0 1203 0 0.0001 1.4743252938835101 0.0065612738788508752 0.00028212051217189085 0.0080583885978223625 0.0004045211673417066 0.0080019644953879844 0.5 0.0016084311066698245 451.8382590642712 OK 12 11 0.68621100000000002 0.68656899999999998 0.12724099999999999 0.55708199999999997 0.55991199999999997 0 0.12912900000000005 0.12665700000000002 0.12724099999999999 0.0072430000000000003 0.0072639999999999996 0.0074339999999999996 0.10095800000000001 0.098835000000000048 0.098708999999999977 0.002849 0.0029100000000000003 0.003039 0.000825 0.00080799999999999991 0.00083100000000000003 451.83798423281974 451.83798423281974 451.83798423281974 0.0031535970078504791 0.0031535970078504791 0.0031535970078504791 1 1 1 Converged Converged Converged OK OK OK 68 68 68 68 68 68 4 4 4 0 0 0 0 0 1 0 0
120 120 linear 3 7 1203 1 0.0001 1.4743252938835101 0.0065612738788508752 0.00028212051217189085 0.0080583885978223625 0.0004045211673417066 0.0080363096012176054 0.5 0.0015740860008402035 463.63179367639526 OK 12 11 0.66752199999999995 0.63343300000000002 0.121904 0.54281299999999999 0.40751100000000001 0 0.12470899999999996 0.22592200000000001 0.121904 0.0078549999999999991 0.0078720000000000005 0.0074419999999999998 0.099472999999999992 0.20045400000000008 0.097444000000000017 0.002996 0.0029689999999999999 0.0029950000000000003 0.00068699999999999989 0.00071000000000000002 0.00072899999999999994 463.63150393556816 463.63150393556816 463.63150393556816 0.0031498512962634187 0.0031498512962634187 0.0031498512962634187 1 1 1 Converged Converged Converged OK OK OK 68 68 68 68 68 68 4 4 4 0 0 0 0 1 0 0 1
120 120 linear 3 15 1203 2 0.0001 1.4743252938835101 0.0065612738788508752 0.00028212051217189085 0.0080583885978223625 0.0004045211673417066 0.0080755611507371729 0.5 0.0015348344513206359 476.63241819283485 OK 11 10 0.65116600000000002 0.60584199999999999 0.124392 0.52304700000000004 0.38255800000000001 0 0.12811899999999998 0.22328399999999998 0.124392 0.0077450000000000001 0.0077140000000000004 0.0074310000000000001 0.10320999999999997 0.19759099999999996 0.10033599999999997 0.0029060000000000002 0.0029909999999999997 0.0027989999999999998 0.00069400000000000006 0.00069899999999999997 0.000687 476.63211687127762 476.63211687127762 476.63211687127762 0.0031390541455280437 0.0031390541455280437 0.0031390541455280437 1 1 1 Converged Converged Converged OK OK OK 68 68 68 68 68 68 4 4 4 0 0 0 0 1 0 0 1
120 120 linear 3 23 1203 3 0.0001 1.4743252938835101 0.0065612738788508752 0.00028212051217189085 0.0080583885978223625 0.0004045211673417066 0.0081148127002567405 0.5 0.0014955829018010684 488.86951685858423 OK 11 10 0.58201000000000003 0.53567900000000002 0.126359 0.45242900000000003 0.31746600000000003 0 0.129581 0.21821299999999999 0.126359 0.0077590000000000003 0.0078519999999999996 0.0074349999999999998 0.10100900000000002 0.19214600000000004 0.10174399999999999 0.0065599999999999999 0.003434 0.0030539999999999999 0.00072000000000000005 0.00074600000000000003 0.00072999999999999996 488.8692068215322 488.8692068215322 488.8692068215322 0.0031260681506795978 0.0031260681506795978 0.0031260681506795978 1 1 1 Converged Converged Converged OK OK OK 68 68 68 68 68 68 4 4 4 0 0 0 0 1 0 0 1
120 120 linear 4 0 1204 0 0.001 1.4743252938835101 0.0065612738788508752 0.00028212051217189085 -0.87115991524223035 0.0010420820811830099 -0.87121633934466469 0.5 0.88082673494672248 4.6529747060610287 OK 13 12 0.42937700000000001 0.42717899999999998 0.102616 0.32406600000000002 0.32323000000000002 0 0.10531099999999999 0.10394899999999996 0.102616 0.0088900000000000003 0.0090360000000000006 0.0086149999999999994 0.074442999999999995 0.073085000000000011 0.072362999999999969 0.0032010000000000003 0.0031930000000000001 0.003202 0.00069099999999999999 0.00068300000000000001 0.00066699999999999995 4.6529720436787843 4.6529720436787843 4.6529720436787843 0.00050188686216627869 0.00050188686216627869 0.00050188686216627869 1 1 1 Converged Converged Converged OK OK OK 61 61 61 61 61 61 3 3 3 0 0 0 0 0 1 0 0
120 120 linear 4 7 1204 1 0.001 1.4743252938835101 0.0065612738788508752 0.00028212051217189085 -0.87115991524223035 0.0010420820811830099 -0.87118199423883513 0.5 0.88079238984089292 4.6428763057335347 OK 13 12 0.43477500000000002 0.33562199999999998 0.10030600000000001 0.327623 0.19122700000000001 0 0.10715200000000003 0.14439499999999997 0.10030600000000001 0.0082389999999999998 0.0083610000000000004 0.0077860000000000004 0.079499999999999987 0.11686799999999997 0.07390300000000001 0.0033150000000000002 0.0032240000000000003 0.0032069999999999998 0.000678 0.00067199999999999996 0.00066299999999999996 4.6428736678985238 4.6428736678985238 4.6428736678985238 0.0005019932684705475 0.0005019932684705475 0.0005019932684705475 1 1 1 Converged Converged Converged OK OK OK 61 61 61 61 61 61 3 3 3 0 0 0 0 1 0 0 1
120 120 linear 4 15 1204 2 0.001 1.4743252938835101 0.0065612738788508752 0.00028212051217189085 -0.87115991524223035 0.0010420820811830099 -0.87114274268931557 0.5 0.88075313829137336 4.6313827188337493 OK 13 12 0.41863499999999998 0.32003500000000001 0.099320000000000006 0.31570999999999999 0.17938499999999999 0 0.10292499999999999 0.14065000000000003 0.099320000000000006 0.0082070000000000008 0.0082199999999999999 0.0076769999999999998 0.075524000000000008 0.11330500000000004 0.073079000000000005 0.0030969999999999999 0.0032170000000000002 0.0030850000000000001 0.00066500000000000001 0.00067999999999999994 0.00065499999999999998 4.6313801087565398 4.6313801087565398 4.6313801087565398 0.00050211494096337212 0.00050211494096337212 0.00050211494096337212 1 1 1 Converged Converged Converged OK OK OK 61 61 61 61 61 61 3 3 3 0 0 0 0 1 0 0 1
120 120 linear 4 23 1204 3 0.001 1.4743252938835101 0.0065612738788508752 0.00028212051217189085 -0.87115991524223035 0.0010420820811830099 -0.87110349113979602 0.5 0.8807138867418538 4.6199395623212087 OK 13 12 0.42483599999999999 0.32764300000000002 0.103918 0.31738 0.17973600000000001 0 0.107456 0.14790700000000001 0.103918 0.0082690000000000003 0.0082570000000000005 0.0076899999999999998 0.079948999999999992 0.12065899999999999 0.077645999999999993 0.0032369999999999999 0.00314 0.0031679999999999998 0.00066700000000000006 0.00068100000000000007 0.00065800000000000006 4.6199369797754022 4.6199369797754022 4.6199369797754022 0.00050223668622070697 0.00050223668622070697 0.00050223668622070697 1 1 1 Converged Converged Converged OK OK OK 61 61 61 61 61 61 3 3 3 0 0 0 0 1 0 0 1
120 120 linear 4 0 1204 0 0.0001 1.4743252938835101 0.0065612738788508752 0.00028212051217189085 -0.87115991524223035 0.0010420820811830099 -0.87121633934466469 0.5 0.88082673494672248 4.6529747060610287 OK 13 12 0.460731 0.45832099999999998 0.133828 0.32356200000000002 0.31937399999999999 0 0.13716899999999999 0.13894699999999999 0.133828 0.0089789999999999991 0.0088999999999999999 0.0086160000000000004 0.10054500000000002 0.10264200000000001 0.097835999999999979 0.0039579999999999997 0.0040200000000000001 0.0039360000000000003 0.00079199999999999995 0.00078200000000000003 0.00077899999999999996 4.6529720438817836 4.6529720438817836 4.6529720438817836 0.00012880629599483235 0.00012880629599483235 0.00012880629599483235 1 1 1 Converged Converged Converged OK OK OK 77 77 77 77 77 77 3 3 3 0 0 0 0 0 1 0 0
120 120 linear 4 7 1204 1 0.0001 1.4743252938835101 0.0065612738788508752 0.00028212051217189085 -0.87115991524223035 0.0010420820811830099 -0.87118199423883513 0.5 0.88079238984089292 4.6428763057335347 OK 13 12 0.45705499999999999 0.377411 0.12987899999999999 0.32323600000000002 0.18831600000000001 0 0.13381899999999997 0.18909499999999999 0.12987899999999999 0.0081740000000000007 0.0083239999999999998 0.0077250000000000001 0.10175799999999999 0.15702400000000002 0.098816999999999947 0.0039400000000000008 0.0039870000000000001 0.0038890000000000001 0.00077200000000000001 0.00077999999999999988 0.00076100000000000007 4.6428736681017 4.6428736681017 4.6428736681017 0.00012888399981298744 0.00012888399981298744 0.00012888399981298744 1 1 1 Converged Converged Converged OK OK OK 77 77 77 77 77 77 3 3 3 0 0 0 0 1 0 0 1
120 120 linear 4 15 1204 2 0.0001 1.4743252938835101 0.0065612738788508752 0.00028212051217189085 -0.87115991524223035 0.0010420820811830099 -0.87114274268931557 0.5 0.88075313829137336 4.6313827188337493 OK 13 12 0.45253300000000002 0.363595 0.12951199999999999 0.31827100000000003 0.178368 0 0.13426199999999999 0.185227 0.12951199999999999 0.0082749999999999994 0.0081049999999999994 0.0076880000000000004 0.10194399999999999 0.15335699999999999 0.098654000000000006 0.0039639999999999996 0.0039529999999999999 0.0038769999999999998 0.00079100000000000004 0.00077900000000000007 0.00077300000000000003 4.631380108959898 4.631380108959898 4.631380108959898 0.00012897286651505631 0.00012897286651505631 0.00012897286651505631 1 1 1 Converged Converged Converged OK OK OK 77 77 77 77 77 77 3 3 3 0 0 0 0 1 0 0 1
120 120 linear 4 23 1204 3 0.0001 1.4743252938835101 0.0065612738788508752 0.00028212051217189085 -0.87115991524223035 0.0010420820811830099 -0.87110349113979602 0.5 0.8807138867418538 4.6199395623212087 OK 13 12 0.45305000000000001 0.376774 0.134133 0.31495899999999999 0.178924 0 0.13809100000000002 0.19785 0.134133 0.0083029999999999996 0.0082150000000000001 0.0077159999999999998 0.10590699999999997 0.16580699999999993 0.10326199999999998 0.0039240000000000004 0.0040119999999999999 0.0038479999999999994 0.00077300000000000003 0.00078399999999999997 0.00076099999999999996 4.6199369799788474 4.6199369799788474 4.6199369799788474 0.00012906180136404297 0.00012906180136404297 0.00012906180136404297 1 1 1 Converged Converged Converged OK OK OK 77 77 77 77 77 77 3 3 3 0 0 0 0 1 0 0 1
120 120 uniform 0 0 1205 0 0.001 1.4743252938835101 0.0065612738788508752 0.00028212051217189085 -0.78532338618077213 -0.047094086859836633 -0.78537981028320647 0 0.79499020588526426 13.833016284001596 OK 14 13 0.46060000000000001 0.46165699999999998 0.12664700000000001 0.333675 0.33480900000000002 0 0.12692500000000001 0.12684799999999996 0.12664700000000001 0.011989 0.011879000000000001 0.011774 0.087412000000000004 0.087323000000000039 0.087268999999999999 0.0034229999999999998 0.0035070000000000001 0.0034090000000000001 0.00095600000000000004 0.0010040000000000001 0.00098200000000000002 13.833016717601424 13.833016717601424 13.833016717601424 0.0016068115465809954 0.0016068115465809954 0.0016068115465809954 1 1 1 Converged Converged Converged OK OK OK 82 82 82 82 82 82 6 6 6 0 0 0 0 0 1 0 0
120 120 uniform 0 7 1205 1 0.001 1.4743252938835101 0.0065612738788508752 0.00028212051217189085 -0.78532338618077213 -0.047094086859836633 -0.78534546517737691 0 0.7949558607794347 13.160598179771084 OK 14 13 0.448712 0.409943 0.117438 0.326876 0.19795199999999999 0 0.121836 0.21199100000000001 0.117438 0.010853 0.010866000000000001 0.010402 0.089989 0.18011699999999994 0.086171000000000011 0.0034590000000000007 0.0034719999999999994 0.003447 0.00090200000000000002 0.00092499999999999982 0.00092199999999999997 13.16059904301229 13.16059904301229 13.16059904301229 0.0017168320444403968 0.0017168320444403968 0.0017168320444403968 1 1 1 Converged Converged Converged OK OK OK 82 82 82 82 82 82 6 6 6 0 0 0 0 1 0 0 1
120 120 uniform 0 15 1205 2 0.001 1.4743252938835101 0.0065612738788508752 0.00028212051217189085 -0.78532338618077213 -0.047094086859836633 -0.78530621362785735 0 0.79491660922991514 12.295152900866688 OK 14 13 0.457428 0.440027 0.120319 0.336032 0.209481 0 0.121396 0.230546 0.120319 0.010867 0.010978 0.010359999999999999 0.089823999999999987 0.19771 0.089517999999999986 0.0034459999999999998 0.0038609999999999998 0.0034140000000000004 0.00091399999999999999 0.00095100000000000002 0.00090099999999999989 12.29518219517983 12.29518219517983 12.29518219517983 0.0045881255998506849 0.0045881255998506849 0.0045881255998506849 1 1 1 Converged Converged Converged OK OK OK 82 82 82 82 82 82 6 6 6 0 0 0 0 1 0 0 1
120 120 uniform 0 23 1205 3 0.001 1.4743252938835101 0.0065612738788508752 0.00028212051217189085 -0.78532338618077213 -0.047094086859836633 -0.78526696207833779 0 0.79487735768039558 11.333492612332787 OK 14 13 0.43390000000000001 0.3962 0.111343 0.324318 0.19205700000000001 0 0.10958200000000001 0.20414299999999999 0.111343 0.011004999999999999 0.011154000000000001 0.010277 0.078575999999999951 0.17269799999999999 0.081706999999999988 0.0033010000000000005 0.0034759999999999995 0.0031960000000000001 0.00091399999999999999 0.00093399999999999993 0.00087699999999999996 11.333492552152483 11.333492552152483 11.333492552152483 0.00089653341038254438 0.00089653341038254438 0.00089653341038254438 1 1 1 Converged Converged Converged OK OK OK 75 75 75 75 75 75 5 5 5 0 0 0 0 1 0 0 1
120 120 uniform 0 0 1205 0 0.0001 1.4743252938835101 0.0065612738788508752 0.00028212051217189085 -0.78532338618077213 -0.047094086859836633 -0.78537981028320647 0 0.79499020588526426 13.833016284001596 OK 14 13 0.48131699999999999 0.476165 0.14292299999999999 0.33690900000000001 0.33219799999999999 0 0.14440799999999998 0.14396700000000001 0.14292299999999999 0.01196 0.011712999999999999 0.011519 0.098397000000000026 0.098723999999999978 0.098198000000000021 0.00445 0.0043059999999999999 0.0042690000000000002 0.0011150000000000001 0.0011170000000000002 0.0010839999999999999 13.833016717608528 13.833016717608528 13.833016717608528 0.0012382864412665369 0.0012382864412665369 0.0012382864412665369 1 1 1 Converged Converged Converged OK OK OK 98 98 98 98 98 98 6 6 6 0 0 0 0 0 1 0 0
120 120 uniform 0 7 1205 1 0.0001 1.4743252938835101 0.0065612738788508752 0.00028212051217189085 -0.78532338618077213 -0.047094086859836633 -0.78534546517737691 0 0.7949558607794347 13.160598179771084 OK 14 13 0.46319399999999999 0.430311 0.13237399999999999 0.328849 0.19913700000000001 0 0.13434499999999999 0.23117399999999999 0.13237399999999999 0.010954999999999999 0.010871 0.010292000000000001 0.098619999999999972 0.19589500000000012 0.098210000000000006 0.0044999999999999997 0.0044810000000000006 0.0042950000000000002 0.0010349999999999999 0.001003 0.00099399999999999987 13.160598289412535 13.160598289412535 13.160598289412535 0.0010108237352327366 0.0010108237352327366 0.0010108237352327366 1 1 1 Converged Converged Converged OK OK OK 98 98 98 98 98 98 6 6 6 0 0 0 0 1 0 0 1
120 120 uniform 0 15 1205 2 0.0001 1.4743252938835101 0.0065612738788508752 0.00028212051217189085 -0.78532338618077213 -0.047094086859836633 -0.78530621362785735 0 0.79491660922991514 12.295152900866688 OK 14 13 0.47090700000000002 0.45696799999999999 0.13540199999999999 0.33432600000000001 0.21021400000000001 0 0.13658100000000001 0.24675399999999997 0.13540199999999999 0.010895 0.010907 0.010314 0.10163699999999999 0.21118399999999996 0.10138300000000006 0.0042179999999999995 0.00445 0.0042329999999999998 0.001034 0.0010279999999999998 0.0010009999999999999 12.295152686099097 12.295152686099097 12.295152686099097 0.00089885850779942446 0.00089885850779942446 0.00089885850779942446 1 1 1 Converged Converged Converged OK OK OK 98 98 98 98 98 98 6 6 6 0 0 0 0 1 0 0 1
120 120 uniform 0 23 1205 3 0.0001 1.4743252938835101 0.0065612738788508752 0.00028212051217189085 -0.78532338618077213 -0.047094086859836633 -0.78526696207833779 0 0.79487735768039558 11.333492612332787 OK 14 13 0.43987500000000002 0.39907599999999999 0.10771 0.329596 0.19523399999999999 0 0.11027900000000002 0.203842 0.10771 0.011127 0.010919999999999999 0.010359 0.078886000000000026 0.172953 0.078204999999999955 0.0034030000000000002 0.0033570000000000002 0.003166 0.00090799999999999995 0.00089099999999999997 0.00087200000000000005 11.333492552152483 11.333492552152483 11.333492552152483 0.00089653341038254438 0.00089653341038254438 0.00089653341038254438 1 1 1 Converged Converged Converged OK OK OK 75 75 75 75 75 75 5 5 5 0 0 0 0 1 0 0 1
120 120 uniform 1 0 1206 0 0.001 1.4743252938835101 0.0065612738788508752 0.00028212051217189085 -0.86078401409800764 -0.0028976901295320067 -0.86084043820044198 0 0.87045083380249977 14.677319014735998 OK 14 13 0.42041499999999998 0.42057 0.092408000000000004 0.32700699999999999 0.32727200000000001 0 0.093407999999999991 0.093297999999999992 0.092408000000000004 0.011679999999999999 0.011795 0.011285 0.060298000000000011 0.060118000000000012 0.060068999999999997 0.0028030000000000004 0.0028789999999999996 0.0027939999999999996 0.00070199999999999993 0.00070699999999999995 0.00068900000000000005 14.677302302428561 14.677302302428561 14.677302302428561 0.014249807770945646 0.014249807770945646 0.014249807770945646 1 1 1 Converged Converged Converged OK OK OK 67 67 67 67 67 67 5 5 5 0 0 0 0 0 1 0 0
120 120 uniform 1 7 1206 1 0.001 1.4743252938835101 0.0065612738788508752 0.00028212051217189085 -0.86078401409800764 -0.0028976901295320067 -0.86080609309461242 0 0.87041648869667021 15.313056409645977 OK 14 13 0.42042000000000002 0.32369199999999998 0.097145999999999996 0.32042900000000002 0.18496299999999999 0 0.099990999999999997 0.13872899999999999 0.097145999999999996 0.010899000000000001 0.010872 0.010213 0.070732000000000003 0.10991899999999999 0.070152000000000006 0.003143 0.0031670000000000005 0.0027550000000000001 0.0007980000000000001 0.00073299999999999993 0.00067599999999999995 15.313040367520991 15.313040367520991 15.313040367520991 0.014280241503872505 0.014280241503872505 0.014280241503872505 1 1 1 Converged Converged Converged OK OK OK 67 67 67 67 67 67 5 5 5 0 0 0 0 1 0 0 1
120 120 uniform 1 15 1206 2 0.001 1.4743252938835101 0.0065612738788508752 0.00028212051217189085 -0.86078401409800764 -0.0028976901295320067 -0.86076684154509286 0 0.87037723714715065 16.024925080330611 OK 14 13 0.41261799999999998 0.31459900000000002 0.093854999999999994 0.316853 0.18470200000000001 0 0.095764999999999989 0.12989700000000001 0.093854999999999994 0.010888 0.010942 0.010290000000000001 0.067344000000000015 0.10176600000000001 0.067094999999999974 0.0028149999999999998 0.0027549999999999996 0.0027179999999999999 0.00077599999999999989 0.00070899999999999999 0.0007049999999999999 16.024908564171323 16.024908564171323 16.024908564171323 0.01431702980378601 0.01431702980378601 0.01431702980378601 1 1 1 Converged Converged Converged OK OK OK 67 67 67 67 67 67 5 5 5 0 0 0 0 1 0 0 1
120 120 uniform 1 23 1206 3 0.001 1.4743252938835101 0.0065612738788508752 0.00028212051217189085 -0.86078401409800764 -0.0028976901295320067 -0.86072758999557331 0 0.87033798559763109 16.7208430334911 OK 14 13 0.42735600000000001 0.32651599999999997 0.090788999999999995 0.33819500000000002 0.20496500000000001 0 0.08916099999999999 0.12155099999999996 0.090788999999999995 0.010761 0.010840000000000001 0.011514 0.061384999999999988 0.093349000000000001 0.062434000000000003 0.0027430000000000002 0.0028409999999999998 0.0027199999999999998 0.00073900000000000007 0.00076599999999999997 0.00074099999999999991 16.720826679060707 16.720826679060707 16.720826679060707 0.014355894924069124 0.014355894924069124 0.014355894924069124 1 1 1 Converged Converged Converged OK OK OK 67 67 67 67 67 67 5 5 5 0 0 0 0 1 0 0 1
120 120 uniform 1 0 1206 0 0.0001 1.4743252938835101 0.0065612738788508752 0.00028212051217189085 -0.86078401409800764 -0.0028976901295320067 -0.86084043820044198 0 0.87045083380249977 14.677319014735998 OK 14 13 0.42991699999999999 0.43158099999999999 0.101135 0.32393100000000002 0.32947900000000002 0 0.10598599999999997 0.10210199999999997 0.101135 0.011688 0.011815000000000001 0.011254 0.065663999999999986 0.065245000000000011 0.065289999999999987 0.0068150000000000007 0.0031719999999999999 0.0031640000000000001 0.00089299999999999991 0.00086299999999999994 0.00085199999999999989 14.677318432539005 14.677318432539005 14.677318432539005 0.0014043602336035396 0.0014043602336035396 0.0014043602336035396 1 1 1 Converged Converged Converged OK OK OK 75 75 75 75 75 75 5 5 5 0 0 0 0 0 1 0 0
120 120 uniform 1 7 1206 1 0.0001 1.4743252938835101 0.0065612738788508752 0.00028212051217189085 -0.86078401409800764 -0.0028976901295320067 -0.86080609309461242 0 0.87041648869667021 15.313056409645977 OK 14 13 0.42608000000000001 0.34406399999999998 0.10445400000000001 0.32075900000000002 0.185944 0 0.105321 0.15811999999999998 0.10445400000000001 0.010758 0.010919 0.010267999999999999 0.074978000000000031 0.12740900000000005 0.07515000000000005 0.003153 0.003261 0.0031250000000000002 0.00085500000000000007 0.00086800000000000006 0.00084000000000000003 15.313056507535293 15.313056507535293 15.313056507535293 0.0014269064183032656 0.0014269064183032656 0.0014269064183032656 1 1 1 Converged Converged Converged OK OK OK 75 75 75 75 75 75 5 5 5 0 0 0 0 1 0 0 1
120 120 uniform 1 15 1206 2 0.0001 1.4743252938835101 0.0065612738788508752 0.00028212051217189085 -0.86078401409800764 -0.0028976901295320067 -0.86076684154509286 0 0.87037723714715065 16.024925080330611 OK 14 13 0.420126 0.32826 0.101517 0.31748399999999999 0.180841 0 0.10264200000000001 0.14741899999999999 0.101517 0.010808 0.01082 0.010274999999999999 0.072397000000000003 0.11713000000000003 0.072285999999999975 0.0030480000000000004 0.0031519999999999999 0.0030489999999999996 0.00086600000000000002 0.00085800000000000004 0.0008560000000000001 16.024924715512398 16.024924715512398 16.024924715512398 0.0014546739186156136 0.0014546739186156136 0.0014546739186156136 1 1 1 Converged Converged Converged OK OK OK 75 75 75 75 75 75 5 5 5 0 0 0 0 1 0 0 1
120 120 uniform 1 23 1206 3 0.0001 1.4743252938835101 0.0065612738788508752 0.00028212051217189085 -0.86078401409800764 -0.0028976901295320067 -0.86072758999557331 0 0.87033798559763109 16.7208430334911 OK 14 13 0.43406699999999998 0.33728399999999997 0.094823000000000005 0.33779599999999999 0.19886799999999999 0 0.096270999999999995 0.13841599999999998 0.094823000000000005 0.01081 0.010746 0.010218 0.066153000000000003 0.10835000000000003 0.065726000000000007 0.0030819999999999997 0.0031769999999999997 0.0030969999999999999 0.00086899999999999998 0.00086000000000000009 0.00083699999999999996 16.720842841737227 16.720842841737227 16.720842841737227 0.0014845113447291699 0.0014845113447291699 0.0014845113447291699 1 1 1 Converged Converged Converged OK OK OK 75 75 75 75 75 75 5 5 5 0 0 0 0 1 0 0 1
120 120 uniform 2 0 1207 0 0.001 1.4743252938835101 0.0065612738788508752 0.00028212051217189085 -0.67006090993028755 -0.00034271177749951946 -0.67011733403272189 0 0.67972772963477968 15.636692678681685 OK 14 13 0.68304699999999996 0.68157400000000001 0.092045000000000002 0.58955999999999997 0.58833299999999999 0 0.093486999999999987 0.093241000000000018 0.092045000000000002 0.011357000000000001 0.01141 0.011037999999999999 0.063233000000000011 0.063196999999999989 0.062561000000000005 0.0025600000000000002 0.0025019999999999999 0.002454 0.00057900000000000009 0.00059000000000000003 0.00060999999999999997 15.636688127647275 15.636688127647275 15.636688127647275 0.013040810212260173 0.013040810212260173 0.013040810212260173 1 1 1 Converged Converged Converged OK OK OK 52 52 52 52 52 52 4 4 4 0 0 0 0 0 1 0 0
120 120 uniform 2 7 1207 1 0.001 1.4743252938835101 0.0065612738788508752 0.00028212051217189085 -0.67006090993028755 -0.00034271177749951946 -0.67008298892689233 0 0.67969338452895012 15.43531774398822 OK 14 13 0.68943299999999996 0.58841100000000002 0.088374999999999995 0.59861200000000003 0.45599600000000001 0 0.09082099999999993 0.132415 0.088374999999999995 0.010881999999999999 0.011975 0.010116 0.063617000000000007 0.10430300000000005 0.062955999999999984 0.0026100000000000003 0.0025570000000000002 0.002385 0.00064499999999999996 0.00060099999999999997 0.00055599999999999996 15.435313432486609 15.435313432486609 15.435313432486609 0.012999116680716792 0.012999116680716792 0.012999116680716792 1 1 1 Converged Converged Converged OK OK OK 52 52 52 52 52 52 4 4 4 0 0 0 0 1 0 0 1
120 120 uniform 2 15 1207 2 0.001 1.4743252938835101 0.0065612738788508752 0.00028212051217189085 -0.67006090993028755 -0.00034271177749951946 -0.67004373737737277 0 0.67965413297943056 15.205227741660972 OK 14 13 0.685917 0.61004499999999995 0.084448999999999996 0.59922299999999995 0.48664000000000002 0 0.086694000000000049 0.12340499999999993 0.084448999999999996 0.010962 0.010966999999999999 0.010161 0.05967900000000001 0.096517000000000033 0.058960999999999993 0.002532 0.0026100000000000003 0.0024129999999999998 0.00062199999999999994 0.00058500000000000002 0.00055900000000000004 15.205222750588087 15.205222750588087 15.205222750588087 0.01288771057015374 0.01288771057015374 0.01288771057015374 1 1 1 Converged Converged Converged OK OK OK 52 52 52 52 52 52 4 4 4 0 0 0 0 1 0 0 1
120 120 uniform 2 23 1207 3 0.001 1.4743252938835101 0.0065612738788508752 0.00028212051217189085 -0.67006090993028755 -0.00034271177749951946 -0.67000448582785321 0 0.679614881429911 14.975204581632784 OK 14 13 0.67624899999999999 0.56876800000000005 0.085504999999999998 0.58874599999999999 0.44115399999999999 0 0.087502999999999997 0.12761400000000006 0.085504999999999998 0.010711999999999999 0.010862999999999999 0.010045999999999999 0.061114999999999996 0.10080599999999998 0.060144000000000024 0.002447 0.0025179999999999998 0.0024130000000000002 0.00056599999999999999 0.00059700000000000009 0.00055600000000000007 14.975198887842774 14.975198887842774 14.975198887842774 0.012710731181643479 0.012710731181643479 0.012710731181643479 1 1 1 Converged Converged Converged OK OK OK 52 52 52 52 52 52 4 4 4 0 0 0 0 1 0 0 1
120 120 uniform 2 0 1207 0 0.0001 1.4743252938835101 0.0065612738788508752 0.00028212051217189085 -0.67006090993028755 -0.00034271177749951946 -0.67011733403272189 0 0.67972772963477968 15.636692678681685 OK 14 13 0.74470700000000001 0.74747699999999995 0.15743799999999999 0.58322799999999997 0.58498000000000006 0 0.16147900000000004 0.16249699999999989 0.15743799999999999 0.01142 0.011742000000000001 0.011157 0.11606899999999998 0.11690200000000001 0.11272900000000001 0.0047499999999999999 0.0048129999999999996 0.0045800000000000007 0.00097800000000000014 0.00096400000000000001 0.00097499999999999996 15.636691715244275 15.636691715244275 15.636691715244275 0.00014992868941026422 0.00014992868941026422 0.00014992868941026422 1 1 1 Converged Converged Converged OK OK OK 92 92 92 92 92 92 4 4 4 0 0 0 0 0 1 0 0
120 120 uniform 2 7 1207 1 0.0001 1.4743252938835101 0.0065612738788508752 0.00028212051217189085 -0.67006090993028755 -0.00034271177749951946 -0.67008298892689233 0 0.67969338452895012 15.43531774398822 OK 14 13 0.75371900000000003 0.75012800000000002 0.15201700000000001 0.59975500000000004 0.45627400000000001 0 0.15396399999999999 0.293854 0.15201700000000001 0.010859000000000001 0.011955 0.010163999999999999 0.11468100000000001 0.24496100000000007 0.114289 0.0045750000000000001 0.0050860000000000002 0.0045509999999999995 0.00095399999999999999 0.0011089999999999997 0.00094499999999999998 15.435317175943448 15.435317175943448 15.435317175943448 0.0001478101679981913 0.0001478101679981913 0.0001478101679981913 1 1 1 Converged Converged Converged OK OK OK 92 92 92 92 92 92 4 4 4 0 0 0 0 1 0 0 1
120 120 uniform 2 15 1207 2 0.0001 1.4743252938835101 0.0065612738788508752 0.00028212051217189085 -0.67006090993028755 -0.00034271177749951946 -0.67004373737737277 0 0.67965413297943056 15.205227741660972 OK 14 13 0.74792000000000003 0.70871799999999996 0.14669399999999999 0.59597100000000003 0.492317 0 0.151949 0.21640099999999995 0.14669399999999999 0.010928999999999999 0.011967 0.010194 0.112833 0.17552399999999999 0.10886899999999997 0.00462 0.0047960000000000008 0.0045329999999999997 0.00095399999999999999 0.0010120000000000001 0.00093800000000000003 15.205226768563756 15.205226768563756 15.205226768563756 0.00014596708637742547 0.00014596708637742547 0.00014596708637742547 1 1 1 Converged Converged Converged OK OK OK 92 92 92 92 92 92 4 4 4 0 0 0 0 1 0 0 1
120 120 uniform 2 23 1207 3 0.0001 1.4743252938835101 0.0065612738788508752 0.00028212051217189085 -0.67006090993028755 -0.00034271177749951946 -0.67000448582785321 0 0.679614881429911 14.975204581632784 OK 14 13 0.73173600000000005 0.65469599999999994 0.14779500000000001 0.58246500000000001 0.43912299999999999 0 0.14927100000000004 0.21557299999999996 0.14779500000000001 0.010779 0.010891 0.010163999999999999 0.11060600000000001 0.17660300000000001 0.11028299999999999 0.0045629999999999993 0.0046389999999999999 0.0045379999999999986 0.00095199999999999994 0.00095300000000000007 0.00093300000000000002 14.975203250511781 14.975203250511781 14.975203250511781 0.00014519327126352066 0.00014519327126352066 0.00014519327126352066 1 1 1 Converged Converged Converged OK OK OK 92 92 92 92 92 92 4 4 4 0 0 0 0 1 0 0 1
120 120 uniform 3 0 1208 0 0.001 1.4743252938835101 0.0065612738788508752 0.00028212051217189085 0.0080583885978223625 0.0004045211673417066 0.0080019644953879844 0 0.0016084311066698245 454.76723457889523 OK 12 11 0.62973999999999997 0.62844999999999995 0.071203000000000002 0.553647 0.55610599999999999 0 0.076092999999999966 0.072343999999999964 0.071203000000000002 0.007404 0.007208 0.0072040000000000003 0.057854999999999997 0.054856000000000009 0.053925000000000001 0.001371 0.001372 0.0013319999999999999 0.00039800000000000002 0.00038300000000000004 0.000377 454.76853638730847 454.76853638730847 454.76853638730847 0.31056340270362903 0.31056340270362903 0.31056340270362903 1 1 1 Converged Converged Converged OK OK OK 36 36 36 36 36 36 4 4 4 0 0 0 0 0 1 0 0
120 120 uniform 3 7 1208 1 0.001 1.4743252938835101 0.0065612738788508752 0.00028212051217189085 0.0080583885978223625 0.0004045211673417066 0.0080363096012176054 0 0.0015740860008402035 466.75106098968894 OK 12 11 0.61500699999999997 0.52401600000000004 0.073057999999999998 0.54257200000000005 0.40596300000000002 0 0.072434999999999916 0.11805300000000002 0.073057999999999998 0.0080359999999999997 0.0078530000000000006 0.0075849999999999997 0.055223000000000001 0.10130699999999998 0.056936000000000007 0.001348 0.001307 0.0013210000000000001 0.000357 0.000377 0.00034400000000000001 466.75235909953938 466.75235909953938 466.75235909953938 0.32681770283568662 0.32681770283568662 0.32681770283568662 1 1 1 Converged Converged Converged OK OK OK 36 36 36 36 36 36 4 4 4 0 0 0 0 1 0 0 1
120 120 uniform 3 15 1208 2 0.001 1.4743252938835101 0.0065612738788508752 0.00028212051217189085 0.0080583885978223625 0.0004045211673417066 0.0080755611507371729 0 0.0015348344513206359 479.94096809877487 OK 11 10 0.59475900000000004 0.50254799999999999 0.070830000000000004 0.52243399999999995 0.38741300000000001 0 0.072325000000000084 0.11513499999999999 0.070830000000000004 0.0077219999999999997 0.0078729999999999998 0.007332 0.05568399999999999 0.098222999999999977 0.055321000000000009 0.0013010000000000001 0.001431 0.0013359999999999999 0.00035300000000000002 0.00036499999999999998 0.00033800000000000003 479.94226605333802 479.94226605333802 479.94226605333802 0.35893097475520308 0.35893097475520308 0.35893097475520308 1 1 1 Converged Converged Converged OK OK OK 36 36 36 36 36 36 4 4 4 0 0 0 0 1 0 0 1
120 120 uniform 3 23 1208 3 0.001 1.4743252938835101 0.0065612738788508752 0.00028212051217189085 0.0080583885978223625 0.0004045211673417066 0.0081148127002567405 0 0.0014955829018010684 492.32295289581174 OK 11 10 0.52603800000000001 0.43151499999999998 0.070311999999999999 0.45449200000000001 0.31694099999999997 0 0.071545999999999998 0.11457400000000001 0.070311999999999999 0.0076090000000000003 0.00779 0.0072630000000000004 0.055109999999999999 0.097841000000000025 0.054726000000000004 0.0012949999999999999 0.0014220000000000001 0.001312 0.00034900000000000003 0.00037500000000000001 0.00033 492.32424499230308 492.32424499230308 492.32424499230308 0.38872821097622767 0.38872821097622767 0.38872821097622767 1 1 1 Converged Converged Converged OK OK OK 36 36 36 36 36 36 4 4 4 0 0 0 0 1 0 0 1
120 120 uniform 3 0 1208 0 0.0001 1.4743252938835101 0.0065612738788508752 0.00028212051217189085 0.0080583885978223625 0.0004045211673417066 0.0080019644953879844 0 0.0016084311066698245 454.76723457889523 OK 12 11 0.65830999999999995 0.65925199999999995 0.101659 0.55597700000000005 0.55653600000000003 0 0.1023329999999999 0.10271599999999992 0.101659 0.0071809999999999999 0.0071789999999999996 0.0072839999999999997 0.076798999999999978 0.077289999999999998 0.076494000000000006 0.0024530000000000003 0.0025279999999999999 0.0025149999999999999 0.00068300000000000001 0.000678 0.00065900000000000008 454.76723022228896 454.76723022228896 454.76723022228896 0.027158639016222525 0.027158639016222525 0.027158639016222525 1 1 1 Converged Converged Converged OK OK OK 60 60 60 60 60 60 4 4 4 0 0 0 0 0 1 0 0
120 120 uniform 3 7 1208 1 0.0001 1.4743252938835101 0.0065612738788508752 0.00028212051217189085 0.0080583885978223625 0.0004045211673417066 0.0080363096012176054 0 0.0015740860008402035 466.75106098968894 OK 12 11 0.643895 0.60575599999999996 0.099199999999999997 0.53927999999999998 0.40762199999999998 0 0.10461500000000001 0.19813399999999998 0.099199999999999997 0.0077390000000000002 0.0078720000000000005 0.0073740000000000003 0.077443999999999999 0.17455799999999999 0.077035000000000048 0.0024629999999999999 0.002529 0.0023810000000000003 0.00057200000000000003 0.00058900000000000001 0.00057499999999999999 466.7510611246679 466.7510611246679 466.7510611246679 0.027229324090469416 0.027229324090469416 0.027229324090469416 1 1 1 Converged Converged Converged OK OK OK 60 60 60 60 60 60 4 4 4 0 0 0 0 1 0 0 1
120 120 uniform 3 15 1208 2 0.0001 1.4743252938835101 0.0065612738788508752 0.00028212051217189085 0.0080583885978223625 0.0004045211673417066 0.0080755611507371729 0 0.0015348344513206359 479.94096809877487 OK 11 10 0.62683599999999995 0.57701899999999995 0.102506 0.52309799999999995 0.38751400000000003 0 0.103738 0.18950499999999992 0.102506 0.0077060000000000002 0.0079220000000000002 0.0074269999999999996 0.080560000000000007 0.16589999999999999 0.080270999999999967 0.0025360000000000001 0.0026439999999999996 0.0024499999999999999 0.00058700000000000007 0.00062 0.00058 479.94097650959344 479.94097650959344 479.94097650959344 0.027311912673096964 0.027311912673096964 0.027311912673096964 1 1 1 Converged Converged Converged OK OK OK 60 60 60 60 60 60 4 4 4 0 0 0 0 1 0 0 1
120 120 uniform 3 23 1208 3 0.0001 1.4743252938835101 0.0065612738788508752 0.00028212051217189085 0.0080583885978223625 0.0004045211673417066 0.0081148127002567405 0 0.0014955829018010684 492.32295289581174 OK 11 10 0.55684999999999996 0.50616899999999998 0.099904999999999994 0.45400000000000001 0.31716899999999998 0 0.10284999999999994 0.189 0.099904999999999994 0.0077990000000000004 0.0077949999999999998 0.0072560000000000003 0.079003999999999977 0.16548099999999999 0.078025000000000025 0.0028660000000000001 0.0025709999999999995 0.002447 0.00062399999999999999 0.00059600000000000007 0.000562 492.32296611593296 492.32296611593296 492.32296611593296 0.027394103937690338 0.027394103937690338 0.027394103937690338 1 1 1 Converged Converged Converged OK OK OK 60 60 60 60 60 60 4 4 4 0 0 0 0 1 0 0 1
120 120 uniform 4 0 1209 0 0.001 1.4743252938835101 0.0065612738788508752 0.00028212051217189085 -0.87115991524223035 0.0010420820811830099 -0.87121633934466469 0 0.88082673494672248 4.6541597076763095 OK 13 12 0.38303199999999998 0.38519399999999998 0.062230000000000001 0.31972899999999999 0.321685 0 0.063302999999999998 0.063508999999999982 0.062230000000000001 0.0089169999999999996 0.0090050000000000009 0.0084989999999999996 0.038231999999999988 0.038593999999999996 0.038001 0.0021350000000000002 0.0021809999999999998 0.00214 0.00055000000000000003 0.00055600000000000007 0.00053299999999999995 4.65415967412825 4.65415967412825 4.65415967412825 0.0016026134636080078 0.0016026134636080078 0.0016026134636080078 1 1 1 Converged Converged Converged OK OK OK 45 45 45 45 45 45 3 3 3 0 0 0 0 0 1 0 0
120 120 uniform 4 7 1209 1 0.001 1.4743252938835101 0.0065612738788508752 0.00028212051217189085 -0.87115991524223035 0.0010420820811830099 -0.87118199423883513 0 0.88079238984089292 4.644050281122813 OK 13 12 0.388685 0.28666399999999997 0.060208999999999999 0.32714700000000002 0.18833 0 0.061537999999999982 0.098333999999999977 0.060208999999999999 0.0082380000000000005 0.0082909999999999998 0.0076639999999999998 0.039435999999999999 0.076146999999999979 0.039106999999999982 0.0021510000000000001 0.0021979999999999999 0.0021519999999999998 0.00053600000000000002 0.00054699999999999996 0.00052900000000000006 4.6440502476562129 4.6440502476562129 4.6440502476562129 0.0015995207328605742 0.0015995207328605742 0.0015995207328605742 1 1 1 Converged Converged Converged OK OK OK 45 45 45 45 45 45 3 3 3 0 0 0 0 1 0 0 1
120 120 uniform 4 15 1209 2 0.001 1.4743252938835101 0.0065612738788508752 0.00028212051217189085 -0.87115991524223035 0.0010420820811830099 -0.87114274268931557 0 0.88075313829137336 4.6325442277810565 OK 13 12 0.37625199999999998 0.27603299999999997 0.060750999999999999 0.3135 0.179783 0 0.062751999999999974 0.096249999999999974 0.060750999999999999 0.0080249999999999991 0.0082640000000000005 0.0076509999999999998 0.040492999999999987 0.074131000000000002 0.039608999999999998 0.002209 0.0022360000000000001 0.0021780000000000002 0.00056499999999999996 0.00053900000000000009 0.00053600000000000002 4.6325441944062176 4.6325441944062176 4.6325441944062176 0.0015959942076636444 0.0015959942076636444 0.0015959942076636444 1 1 1 Converged Converged Converged OK OK OK 45 45 45 45 45 45 3 3 3 0 0 0 0 1 0 0 1
120 120 uniform 4 23 1209 3 0.001 1.4743252938835101 0.0065612738788508752 0.00028212051217189085 -0.87115991524223035 0.0010420820811830099 -0.87110349113979602 0 0.8807138867418538 4.6210887472052553 OK 13 12 0.38163399999999997 0.28628399999999998 0.062727000000000005 0.31401499999999999 0.183036 0 0.067618999999999985 0.10324799999999998 0.062727000000000005 0.0081639999999999994 0.0083330000000000001 0.0076779999999999999 0.045509999999999995 0.081077000000000024 0.041816000000000013 0.0022089999999999996 0.0022260000000000001 0.0021089999999999998 0.00053600000000000002 0.00053600000000000002 0.00053800000000000007 4.6210887140673842 4.6210887140673842 4.6210887140673842 0.0015924763519169108 0.0015924763519169108 0.0015924763519169108 1 1 1 Converged Converged Converged OK OK OK 45 45 45 45 45 45 3 3 3 0 0 0 0 1 0 0 1
120 120 uniform 4 0 1209 0 0.0001 1.4743252938835101 0.0065612738788508752 0.00028212051217189085 -0.87115991524223035 0.0010420820811830099 -0.87121633934466469 0 0.88082673494672248 4.6541597076763095 OK 13 12 0.405171 0.40775400000000001 0.083798999999999998 0.32045899999999999 0.32276899999999997 0 0.08471200000000001 0.084985000000000033 0.083798999999999998 0.0087779999999999993 0.0090139999999999994 0.0084790000000000004 0.054285000000000021 0.054392999999999997 0.054167999999999987 0.0029940000000000001 0.0030179999999999998 0.0029160000000000002 0.00069499999999999998 0.00067600000000000006 0.00065400000000000007 4.654159673987845 4.654159673987845 4.654159673987845 0.00010460297475272972 0.00010460297475272972 0.00010460297475272972 1 1 1 Converged Converged Converged OK OK OK 61 61 61 61 61 61 3 3 3 0 0 0 0 0 1 0 0
120 120 uniform 4 7 1209 1 0.0001 1.4743252938835101 0.0065612738788508752 0.00028212051217189085 -0.87115991524223035 0.0010420820811830099 -0.87118199423883513 0 0.88079238984089292 4.644050281122813 OK 13 12 0.40741899999999998 0.31557800000000003 0.081515000000000004 0.32407599999999998 0.18990399999999999 0 0.083343 0.12567400000000004 0.081515000000000004 0.0081480000000000007 0.0082629999999999995 0.0077380000000000001 0.056053000000000013 0.098489999999999994 0.055463999999999999 0.003075 0.0030690000000000001 0.002931 0.00067299999999999999 0.00065300000000000004 0.00064499999999999996 4.6440502475165824 4.6440502475165824 4.6440502475165824 0.00010462515664025519 0.00010462515664025519 0.00010462515664025519 1 1 1 Converged Converged Converged OK OK OK 61 61 61 61 61 61 3 3 3 0 0 0 0 1 0 0 1
120 120 uniform 4 15 1209 2 0.0001 1.4743252938835101 0.0065612738788508752 0.00028212051217189085 -0.87115991524223035 0.0010420820811830099 -0.87114274268931557 0 0.88075313829137336 4.6325442277810565 OK 13 12 0.39895900000000001 0.306228 0.08054 0.316467 0.18034700000000001 0 0.08249200000000001 0.12588099999999999 0.08054 0.0081379999999999994 0.0082170000000000003 0.0076530000000000001 0.055348000000000001 0.098607 0.054576 0.0030009999999999998 0.0030770000000000003 0.0029750000000000002 0.00066699999999999995 0.00066399999999999999 0.00064999999999999997 4.6325441942681733 4.6325441942681733 4.6325441942681733 0.00010465051951237857 0.00010465051951237857 0.00010465051951237857 1 1 1 Converged Converged Converged OK OK OK 61 61 61 61 61 61 3 3 3 0 0 0 0 1 0 0 1
120 120 uniform 4 23 1209 3 0.0001 1.4743252938835101 0.0065612738788508752 0.00028212051217189085 -0.87115991524223035 0.0010420820811830099 -0.87110349113979602 0 0.8807138867418538 4.6210887472052553 OK 13 12 0.40579999999999999 0.30942999999999998 0.085056999999999994 0.31552200000000002 0.18032100000000001 0 0.090277999999999969 0.12910899999999997 0.085056999999999994 0.0118 0.0081779999999999995 0.0076439999999999998 0.059677000000000001 0.10225799999999997 0.059096999999999997 0.0029870000000000001 0.0030799999999999998 0.0029329999999999998 0.00068300000000000001 0.00065399999999999996 0.00068000000000000005 4.6210887139303098 4.6210887139303098 4.6210887139303098 0.00010467589980696805 0.00010467589980696805 0.00010467589980696805 1 1 1 Converged Converged Converged OK OK OK 61 61 61 61 61 61 3 3 3 0 0 0 0 1 0 0 1
121 121 linear 0 0 1210 0 0.001 1.2184560116665608 0.0031441569224398254 0.18696182653288365 0.011911519646106854 0.048762441525237538 -0.025480845660469879 0.5 0.029299854999589262 11.121974577368116 OK 13 12 0.48343700000000001 0.48207800000000001 0.20869299999999999 0.27064199999999999 0.26935300000000001 0 0.21279500000000001 0.212725 0.20869299999999999 0.0096740000000000003 0.0099850000000000008 0.0094050000000000002 0.17651399999999998 0.17527600000000004 0.17264100000000002 0.0034649999999999998 0.0038580000000000003 0.0037479999999999996 0.00087399999999999999 0.0010059999999999999 0.00087399999999999999 11.122022801208079 11.122022801208079 11.122022801208079 0.0017256008421303376 0.0017256008421303376 0.0017256008421303376 1 1 1 Converged Converged Converged OK OK OK 81 81 81 81 81 81 7 7 7 0 0 0 0 0 1 0 0
121 121 linear 0 7 1210 1 0.001 1.2184560116665608 0.0031441569224398254 0.18696182653288365 0.011911519646106854 0.048762441525237538 -0.0027202754738579523 0.5 0.0065392848129773359 11.204177365175349 OK 13 12 0.60037300000000005 0.44698199999999999 0.198075 0.39155699999999999 0.245725 0 0.20881600000000006 0.20125699999999999 0.198075 0.0089949999999999995 0.0087989999999999995 0.0081200000000000005 0.17841400000000002 0.17313699999999993 0.17071999999999998 0.0042599999999999999 0.0033839999999999999 0.00348 0.0010269999999999999 0.0008160000000000001 0.00083000000000000001 11.204212963849901 11.204212963849901 11.204212963849901 0.0017351833029827018 0.0017351833029827018 0.0017351833029827018 1 1 1 Converged Converged Converged OK OK OK 81 81 81 81 81 81 7 7 7 0 0 0 0 1 0 0 1
121 121 linear 0 15 1210 2 0.001 1.2184560116665608 0.0031441569224398254 0.18696182653288365 0.011911519646106854 0.048762441525237538 0.023291804739412815 0.5 -0.019472795400293431 11.148507052796608 OK 13 12 0.51207899999999995 0.36476900000000001 0.19620299999999999 0.30733199999999999 0.16400500000000001 0 0.20474699999999996 0.200764 0.19620299999999999 0.0087930000000000005 0.0088120000000000004 0.0081220000000000007 0.17575399999999999 0.172236 0.16936899999999999 0.0037730000000000003 0.0035359999999999996 0.0033730000000000001 0.00089899999999999995 0.00090499999999999999 0.000843 11.148529304846697 11.148529304846697 11.148529304846697 0.0017451024571583673 0.0017451024571583673 0.0017451024571583673 1 1 1 Converged Converged Converged OK OK OK 81 81 81 81 81 81 7 7 7 0 0 0 0 1 0 0 1
121 121 linear 0 23 1210 3 0.001 1.2184560116665608 0.0031441569224398254 0.18696182653288365 0.011911519646106854 0.048762441525237538 0.049303884952683591 0.5 -0.045484875613564207 10.932142342915744 OK 13 12 0.68939799999999996 0.54713800000000001 0.19774600000000001 0.486176 0.34668399999999999 0 0.20322199999999996 0.20045400000000002 0.19774600000000001 0.0088140000000000007 0.0089449999999999998 0.0080289999999999997 0.17403299999999999 0.17118100000000003 0.171046 0.003833 0.0041270000000000005 0.0032490000000000002 0.00087399999999999989 0.00091799999999999998 0.00080800000000000002 10.932150812018239 10.932150812018239 10.932150812018239 0.0017549458370774021 0.0017549458370774021 0.0017549458370774021 1 1 1 Converged Converged Converged OK OK OK 81 81 81 81 81 81 7 7 7 0 0 0 0 1 0 0 1
121 121 linear 0 0 1210 0 0.0001 1.2184560116665608 0.0031441569224398254 0.18696182653288365 0.011911519646106854 0.048762441525237538 -0.025480845660469879 0.5 0.029299854999589262 11.121974577368116 OK 13 12 0.51594099999999998 0.51303200000000004 0.24582799999999999 0.268316 0.27024799999999999 0 0.24762499999999998 0.24278400000000006 0.24582799999999999 0.0096679999999999995 0.0098770000000000004 0.0093240000000000007 0.20550000000000007 0.20068099999999997 0.2001420000000001 0.0042300000000000003 0.0041609999999999998 0.0046149999999999993 0.00099300000000000018 0.001013 0.00099599999999999992 11.122022664359642 11.122022664359642 11.122022664359642 0.0010930435537790629 0.0010930435537790629 0.0010930435537790629 1 1 1 Converged Converged Converged OK OK OK 97 97 97 97 97 97 7 7 7 0 0 0 0 0 1 0 0
121 121 linear 0 7 1210 1 0.0001 1.2184560116665608 0.0031441569224398254 0.18696182653288365 0.011911519646106854 0.048762441525237538 -0.0027202754738579523 0.5 0.0065392848129773359 11.204177365175349 OK 13 12 0.62757499999999999 0.48536800000000002 0.23192399999999999 0.38968799999999998 0.249144 0 0.23788700000000002 0.23622400000000002 0.23192399999999999 0.0088640000000000004 0.0087980000000000003 0.0080870000000000004 0.20445299999999991 0.20275399999999993 0.19945600000000005 0.0041960000000000001 0.0043630000000000006 0.0045310000000000003 0.00098200000000000002 0.00098200000000000002 0.00096699999999999998 11.204212837481309 11.204212837481309 11.204212837481309 0.0010914915289103595 0.0010914915289103595 0.0010914915289103595 1 1 1 Converged Converged Converged OK OK OK 97 97 97 97 97 97 7 7 7 0 0 0 0 1 0 0 1
121 121 linear 0 15 1210 2 0.0001 1.2184560116665608 0.0031441569224398254 0.18696182653288365 0.011911519646106854 0.048762441525237538 0.023291804739412815 0.5 -0.019472795400293431 11.148507052796608 OK 13 12 0.54518599999999995 0.40509200000000001 0.230596 0.30802299999999999 0.16486999999999999 0 0.23716299999999996 0.24022200000000002 0.230596 0.0087279999999999996 0.0090050000000000009 0.0081689999999999992 0.20383699999999996 0.20455399999999996 0.1986160000000001 0.004444 0.0055370000000000003 0.0042960000000000003 0.00097800000000000014 0.001157 0.00099700000000000006 11.148529229260806 11.148529229260806 11.148529229260806 0.001089398883622951 0.001089398883622951 0.001089398883622951 1 1 1 Converged Converged Converged OK OK OK 97 97 97 97 97 97 7 7 7 0 0 0 0 1 0 0 1
121 121 linear 0 23 1210 3 0.0001 1.2184560116665608 0.0031441569224398254 0.18696182653288365 0.011911519646106854 0.048762441525237538 0.049303884952683591 0.5 -0.045484875613564207 10.932142342915744 OK 13 12 0.720275 0.58122700000000005 0.23197000000000001 0.48504999999999998 0.34516200000000002 0 0.23522500000000002 0.23606500000000002 0.23197000000000001 0.0086610000000000003 0.0088389999999999996 0.0081019999999999998 0.20189900000000005 0.20144600000000001 0.20028599999999994 0.0045779999999999996 0.005352 0.0042840000000000005 0.00099400000000000009 0.0010020000000000001 0.00094499999999999998 10.93215072542699 10.93215072542699 10.93215072542699 0.0010884967582302871 0.0010884967582302871 0.0010884967582302871 1 1 1 Converged Converged Converged OK OK OK 97 97 97 97 97 97 7 7 7 0 0 0 0 1 0 0 1
121 121 linear 1 0 1211 0 0.001 1.2184560116665608 0.0031441569224398254 0.18696182653288365 0.11086337818503306 0.10054884930681236 0.073471012878456324 0.5 -0.06965200353933694 9.6205891404284305 OK 14 13 0.60387900000000005 0.590534 0.21643499999999999 0.37872099999999997 0.37342599999999998 0 0.22515800000000008 0.21710800000000002 0.21643499999999999 0.010496 0.01031 0.0099469999999999992 0.18533799999999995 0.17930799999999997 0.17896800000000004 0.0048219999999999999 0.0035299999999999997 0.0037090000000000005 0.001132 0.00099700000000000006 0.00094400000000000007 9.6206229325690931 9.6206229325690931 9.6206229325690931 0.0014663664716791128 0.0014663664716791128 0.0014663664716791128 1 1 1 Converged Converged Converged OK OK OK 88 88 88 88 88 88 8 8 8 0 0 0 0 0 1 0 0
121 121 linear 1 7 1211 1 0.001 1.2184560116665608 0.0031441569224398254 0.18696182653288365 0.11086337818503306 0.10054884930681236 0.096231583065068252 0.5 -0.092412573725948868 9.1279572445483126 OK 14 13 0.50481100000000001 0.36692799999999998 0.20508799999999999 0.28513300000000003 0.15618499999999999 0 0.21967799999999998 0.21074299999999999 0.20508799999999999 0.0094280000000000006 0.0092709999999999997 0.0085419999999999992 0.18907299999999988 0.181094 0.17759400000000003 0.0044879999999999989 0.0041590000000000004 0.003581 0.00092899999999999992 0.00093700000000000001 0.00087299999999999997 9.128001603535278 9.128001603535278 9.128001603535278 0.0012656708810594892 0.0012656708810594892 0.0012656708810594892 1 1 1 Converged Converged Converged OK OK OK 88 88 88 88 88 88 8 8 8 0 0 0 0 1 0 0 1
121 121 linear 1 15 1211 2 0.001 1.2184560116665608 0.0031441569224398254 0.18696182653288365 0.11086337818503306 0.10054884930681236 0.12224366327833902 0.5 -0.11842465393921964 8.3644448648944341 OK 14 13 0.53825100000000003 0.404422 0.201964 0.32833899999999999 0.197683 0 0.20991200000000004 0.20673900000000001 0.201964 0.0096670000000000002 0.010187999999999999 0.008966 0.178204 0.17493300000000001 0.17244899999999996 0.0041449999999999994 0.004065 0.0037300000000000002 0.00098499999999999998 0.00098600000000000011 0.00090800000000000017 8.3644514170305388 8.3644514170305388 8.3644514170305388 0.0082433861653642294 0.0082433861653642294 0.0082433861653642294 1 1 1 Converged Converged Converged OK OK OK 87 87 87 87 87 87 9 9 9 0 0 0 0 1 0 0 1
121 121 linear 1 23 1211 3 0.001 1.2184560116665608 0.0031441569224398254 0.18696182653288365 0.11086337818503306 0.10054884930681236 0.1482557434916098 0.5 -0.14443673415249042 7.3076375931011155 OK 14 13 0.64188599999999996 0.50619099999999995 0.216026 0.42097099999999998 0.28802499999999998 0 0.22091499999999997 0.21816599999999997 0.216026 0.0092189999999999998 0.0091330000000000005 0.0083280000000000003 0.18673300000000007 0.18414100000000005 0.18444200000000008 0.0046829999999999997 0.0045810000000000009 0.0039150000000000001 0.001178 0.001158 0.0010789999999999999 7.3076187877880372 7.3076187877880372 7.3076187877880372 0.0060869911490953913 0.0060869911490953913 0.0060869911490953913 1 1 1 Converged Converged Converged OK OK OK 95 95 95 95 95 95 9 9 9 0 0 0 0 1 0 0 1
121 121 linear 1 0 1211 0 0.0001 1.2184560116665608 0.0031441569224398254 0.18696182653288365 0.11086337818503306 0.10054884930681236 0.073471012878456324 0.5 -0.06965200353933694 9.6205891404284305 OK 14 13 0.68065399999999998 0.67007700000000003 0.28986899999999999 0.382303 0.38083600000000001 0 0.29835099999999998 0.28924100000000003 0.28986899999999999 0.010656000000000001 0.010486000000000001 0.01008 0.24826299999999996 0.24127399999999993 0.24152800000000005 0.0064419999999999998 0.0054970000000000001 0.0060929999999999995 0.00133 0.0013280000000000002 0.0014579999999999999 9.6206222937024748 9.6206222937024748 9.6206222937024748 0.00048737890660109049 0.00048737890660109049 0.00048737890660109049 1 1 1 Converged Converged Converged OK OK OK 120 120 120 120 120 120 8 8 8 0 0 0 0 0 1 0 0
121 121 linear 1 7 1211 1 0.0001 1.2184560116665608 0.0031441569224398254 0.18696182653288365 0.11086337818503306 0.10054884930681236 0.096231583065068252 0.5 -0.092412573725948868 9.1279572445483126 OK 14 13 0.53591500000000003 0.39637 0.23882999999999999 0.28497899999999998 0.15346599999999999 0 0.25093600000000005 0.24290400000000001 0.23882999999999999 0.0094490000000000008 0.009358 0.008567 0.21677299999999991 0.20958499999999997 0.20747699999999994 0.0050610000000000004 0.0051449999999999994 0.004614 0.0011229999999999999 0.0011299999999999999 0.0011379999999999999 9.1280020840542306 9.1280020840542306 9.1280020840542306 0.00078248042549604769 0.00078248042549604769 0.00078248042549604769 1 1 1 Converged Converged Converged OK OK OK 104 104 104 104 104 104 8 8 8 0 0 0 0 1 0 0 1
121 121 linear 1 15 1211 2 0.0001 1.2184560116665608 0.0031441569224398254 0.18696182653288365 0.11086337818503306 0.10054884930681236 0.12224366327833902 0.5 -0.11842465393921964 8.3644448648944341 OK 14 13 0.61491499999999999 0.47853200000000001 0.27077099999999998 0.329067 0.19903599999999999 0 0.28584799999999999 0.27949600000000002 0.27077099999999998 0.0098230000000000001 0.0096179999999999998 0.0088159999999999992 0.24527100000000004 0.23849399999999998 0.232622 0.0058400000000000014 0.0064930000000000005 0.0057870000000000005 0.00149 0.0015219999999999999 0.001487 8.3644666483057897 8.3644666483057897 8.3644666483057897 0.00072653209317806303 0.00072653209317806303 0.00072653209317806303 1 1 1 Converged Converged Converged OK OK OK 119 119 119 119 119 119 9 9 9 0 0 0 0 1 0 0 1
121 121 linear 1 23 1211 3 0.0001 1.2184560116665608 0.0031441569224398254 0.18696182653288365 0.11086337818503306 0.10054884930681236 0.1482557434916098 0.5 -0.14443673415249042 7.3076375931011155 OK 14 13 0.68915700000000002 0.55467500000000003 0.26166499999999998 0.41781499999999999 0.28584700000000002 0 0.27134200000000003 0.26882800000000001 0.26166499999999998 0.0090060000000000001 0.0091730000000000006 0.0082660000000000008 0.23297600000000002 0.22888999999999995 0.22456000000000009 0.0053119999999999999 0.0062799999999999991 0.0054530000000000004 0.0013100000000000002 0.0014270000000000001 0.0013759999999999998 7.3076272239646443 7.3076272239646443 7.3076272239646443 0.00038683117706296132 0.00038683117706296132 0.00038683117706296132 1 1 1 Converged Converged Converged OK OK OK 119 119 119 119 119 119 9 9 9 0 0 0 0 1 0 0 1
121 121 linear 2 0 1212 0 0.001 1.2184560116665608 0.0031441569224398254 0.18696182653288365 0.18439555537111504 0.085538485647819879 0.14700319006453832 0.5 -0.14318418072541894 7.8127211282383096 OK 14 13 0.52751800000000004 0.52203500000000003 0.23431299999999999 0.29554399999999997 0.292518 0 0.23197400000000007 0.22951700000000003 0.23431299999999999 0.010936 0.011325999999999999 0.011004999999999999 0.18915299999999988 0.18555500000000005 0.19108999999999998 0.0040440000000000007 0.0045450000000000004 0.0044070000000000003 0.0010279999999999998 0.001163 0.0011100000000000001 7.8127460205636829 7.8127460205636829 7.8127460205636829 0.0069263556990578701 0.0069263556990578701 0.0069263556990578701 1 1 1 Converged Converged Converged OK OK OK 95 95 95 95 95 95 9 9 9 0 0 0 0 0 1 0 0
121 121 linear 2 7 1212 1 0.001 1.2184560116665608 0.0031441569224398254 0.18696182653288365 0.18439555537111504 0.085538485647819879 0.16976376025115023 0.5 -0.16594475091203084 6.5184698605364657 OK 16 15 0.70679499999999995 0.58306800000000003 0.28770600000000002 0.410553 0.27061200000000002 0 0.29624199999999995 0.31245600000000001 0.28770600000000002 0.015350000000000001 0.015016 0.014276 0.23801199999999992 0.25572000000000006 0.23121000000000005 0.0063339999999999994 0.0062129999999999998 0.0063330000000000001 0.0014679999999999999 0.001526 0.001474 6.518435303814182 6.518435303814182 6.518435303814182 0.0021255593561478534 0.0021255593561478534 0.0021255593561478534 1 1 1 Converged Converged Converged OK OK OK 125 125 125 125 125 125 11 11 11 0 0 0 0 1 0 0 1
121 121 linear 2 15 1212 2 0.001 1.2184560116665608 0.0031441569224398254 0.18696182653288365 0.18439555537111504 0.085538485647819879 0.19577584046442101 0.5 -0.19195683112530162 5.397275464405614 OK 16 15 0.55418199999999995 0.42824400000000001 0.24259600000000001 0.305174 0.173319 0 0.24900799999999995 0.25492500000000001 0.24259600000000001 0.015158 0.014879 0.013969000000000001 0.201437 0.20855699999999985 0.19797200000000006 0.0066499999999999997 0.0058589999999999996 0.0054780000000000002 0.0013700000000000001 0.0014190000000000001 0.0013129999999999999 5.3972690187130841 5.3972690187130841 5.3972690187130841 0.0050801202057878447 0.0050801202057878447 0.0050801202057878447 1 1 1 Converged Converged Converged OK OK OK 110 110 110 110 110 110 10 10 10 0 0 0 0 1 0 0 1
121 121 linear 2 23 1212 3 0.001 1.2184560116665608 0.0031441569224398254 0.18696182653288365 0.18439555537111504 0.085538485647819879 0.22178792067769176 0.5 -0.21796891133857238 4.7034312975699235 OK 16 15 0.71640300000000001 0.62109899999999996 0.26162000000000002 0.44717899999999999 0.34262199999999998 0 0.26922400000000002 0.27847699999999997 0.26162000000000002 0.014645999999999999 0.015310000000000001 0.014803 0.22184999999999996 0.22906599999999996 0.21483000000000008 0.0059610000000000002 0.0063709999999999999 0.0058509999999999994 0.00147 0.0015120000000000001 0.001356 4.7034267144955111 4.7034267144955111 4.7034267144955111 0.0014021939721819371 0.0014021939721819371 0.0014021939721819371 1 1 1 Converged Converged Converged OK OK OK 118 118 118 118 118 118 10 10 10 0 0 0 0 1 0 0 1
121 121 linear 2 0 1212 0 0.0001 1.2184560116665608 0.0031441569224398254 0.18696182653288365 0.18439555537111504 0.085538485647819879 0.14700319006453832 0.5 -0.14318418072541894 7.8127211282383096 OK 14 13 0.58763699999999996 0.57986099999999996 0.280949 0.29930299999999999 0.29603400000000002 0 0.28833399999999998 0.28382699999999994 0.280949 0.011220000000000001 0.01149 0.011046 0.23426899999999995 0.22931199999999993 0.22777999999999998 0.0059060000000000007 0.0059950000000000003 0.0060229999999999997 0.0014710000000000001 0.0015560000000000001 0.0014720000000000002 7.8127576513848993 7.8127576513848993 7.8127576513848993 0.00041708102886838525 0.00041708102886838525 0.00041708102886838525 1 1 1 Converged Converged Converged OK OK OK 119 119 119 119 119 119 9 9 9 0 0 0 0 0 1 0 0
121 121 linear 2 7 1212 1 0.0001 1.2184560116665608 0.0031441569224398254 0.18696182653288365 0.18439555537111504 0.085538485647819879 0.16976376025115023 0.5 -0.16594475091203084 6.5184698605364657 OK 16 15 0.85288200000000003 0.72214400000000001 0.41343000000000002 0.41720800000000002 0.27444299999999999 0 0.43567400000000001 0.44770100000000002 0.41343000000000002 0.016188000000000001 0.015521999999999999 0.014446000000000001 0.348717 0.36611300000000019 0.33178600000000003 0.011068000000000001 0.01048 0.010070000000000001 0.0022180000000000004 0.0023089999999999999 0.0022050000000000004 6.5184359648918822 6.5184359648918822 6.5184359648918822 0.00044870572038618547 0.00044870572038618547 0.00044870572038618547 1 1 1 Converged Converged Converged OK OK OK 181 181 181 181 181 181 11 11 11 0 0 0 0 1 0 0 1
121 121 linear 2 15 1212 2 0.0001 1.2184560116665608 0.0031441569224398254 0.18696182653288365 0.18439555537111504 0.085538485647819879 0.19577584046442101 0.5 -0.19195683112530162 5.397275464405614 OK 16 15 0.639019 0.52108299999999996 0.32116600000000001 0.30441099999999999 0.171763 0 0.33460800000000002 0.34931999999999996 0.32116600000000001 0.01453 0.015342 0.013786 0.27127799999999985 0.28772799999999998 0.26350099999999987 0.0085730000000000008 0.0094270000000000014 0.0084799999999999997 0.0019849999999999998 0.0020350000000000004 0.001951 5.3972663426304992 5.3972663426304992 5.3972663426304992 0.00048388234275660374 0.00048388234275660374 0.00048388234275660374 1 1 1 Converged Converged Converged OK OK OK 158 158 158 158 158 158 10 10 10 0 0 0 0 1 0 0 1
121 121 linear 2 23 1212 3 0.0001 1.2184560116665608 0.0031441569224398254 0.18696182653288365 0.18439555537111504 0.085538485647819879 0.22178792067769176 0.5 -0.21796891133857238 4.7034312975699235 OK 16 15 0.80313900000000005 0.689751 0.33975 0.45147300000000001 0.32092900000000002 0 0.35166600000000003 0.36882199999999998 0.33975 0.014907999999999999 0.015106 0.013502 0.2881180000000001 0.30510800000000016 0.27923200000000004 0.009495 0.0098550000000000009 0.0090630000000000016 0.0018989999999999999 0.0019420000000000001 0.0019290000000000002 4.7034266554506567 4.7034266554506567 4.7034266554506567 0.00028788217723154947 0.00028788217723154947 0.00028788217723154947 1 1 1 Converged Converged Converged OK OK OK 166 166 166 166 166 166 10 10 10 0 0 0 0 1 0 0 1
121 121 linear 3 0 1213 0 0.001 1.2184560116665608 0.0031441569224398254 0.18696182653288365 -0.29660585976736553 0.27082970880304874 -0.33399822507394228 0.5 0.33781723441306166 2.5041090650993314 OK 12 11 0.36272900000000002 0.37199700000000002 0.093545000000000003 0.26787 0.27464300000000003 0 0.094859000000000027 0.097353999999999996 0.093545000000000003 0.0092049999999999996 0.010805 0.0093880000000000005 0.067746999999999988 0.067832999999999991 0.065947000000000006 0.0026849999999999999 0.0031470000000000001 0.0028530000000000001 0.00068899999999999994 0.00077099999999999998 0.00071699999999999997 2.5041086082107671 2.5041086082107671 2.5041086082107671 0.0021645819596103565 0.0021645819596103565 0.0021645819596103565 1 1 1 Converged Converged Converged OK OK OK 67 67 67 67 67 67 5 5 5 0 0 0 0 0 1 0 0
121 121 linear 3 7 1213 1 0.001 1.2184560116665608 0.0031441569224398254 0.18696182653288365 -0.29660585976736553 0.27082970880304874 -0.31123765488733035 0.5 0.31505666422644973 2.602323501286258 OK 12 11 0.363487 0.24079800000000001 0.089809 0.27245000000000003 0.14344399999999999 0 0.091036999999999979 0.097354000000000024 0.089809 0.0083009999999999994 0.0086350000000000003 0.0080979999999999993 0.068166999999999991 0.073697000000000012 0.067451999999999984 0.0026129999999999999 0.0032819999999999998 0.0027240000000000003 0.00070300000000000007 0.00077900000000000007 0.00070799999999999986 2.6023246743042341 2.6023246743042341 2.6023246743042341 0.0019869290557667997 0.0019869290557667997 0.0019869290557667997 1 1 1 Converged Converged Converged OK OK OK 67 67 67 67 67 67 5 5 5 0 0 0 0 1 0 0 1
121 121 linear 3 15 1213 2 0.001 1.2184560116665608 0.0031441569224398254 0.18696182653288365 -0.29660585976736553 0.27082970880304874 -0.28522557467405957 0.5 0.28904458401317895 2.7227977769091378 OK 12 11 0.35287400000000002 0.243475 0.085524000000000003 0.26625199999999999 0.14608699999999999 0 0.086622000000000032 0.097388000000000002 0.085524000000000003 0.0083770000000000008 0.0085649999999999997 0.0079459999999999999 0.061195000000000006 0.070777999999999994 0.060842000000000007 0.0030549999999999996 0.0035989999999999998 0.0030819999999999997 0.00065799999999999995 0.00073499999999999998 0.00070600000000000003 2.7227948808621951 2.7227948808621951 2.7227948808621951 0.0019678923699482909 0.0019678923699482909 0.0019678923699482909 1 1 1 Converged Converged Converged OK OK OK 60 60 60 60 60 60 4 4 4 0 0 0 0 1 0 0 1
121 121 linear 3 23 1213 3 0.001 1.2184560116665608 0.0031441569224398254 0.18696182653288365 -0.29660585976736553 0.27082970880304874 -0.25921349446078878 0.5 0.26303250379990817 2.8520508895284014 OK 12 11 0.33939200000000003 0.22175300000000001 0.072676000000000004 0.26218999999999998 0.13722000000000001 0 0.077202000000000048 0.084532999999999997 0.072676000000000004 0.008489 0.0084329999999999995 0.0077739999999999997 0.054696000000000002 0.062378000000000003 0.051977000000000009 0.0026830000000000001 0.0027039999999999998 0.0023830000000000006 0.00070300000000000007 0.00071600000000000006 0.00063200000000000007 2.852047341421065 2.852047341421065 2.852047341421065 0.0026512328725634107 0.0026512328725634107 0.0026512328725634107 1 1 1 Converged Converged Converged OK OK OK 52 52 52 52 52 52 4 4 4 0 0 0 0 1 0 0 1
121 121 linear 3 0 1213 0 0.0001 1.2184560116665608 0.0031441569224398254 0.18696182653288365 -0.29660585976736553 0.27082970880304874 -0.33399822507394228 0.5 0.33781723441306166 2.5041090650993314 OK 12 11 0.39710299999999998 0.39065899999999998 0.123571 0.26794099999999998 0.265901 0 0.129162 0.12475799999999998 0.123571 0.0094059999999999994 0.0094619999999999999 0.0092899999999999996 0.092210999999999932 0.089018999999999987 0.088319999999999982 0.0048219999999999999 0.0041860000000000005 0.0040539999999999994 0.0011199999999999999 0.0010020000000000001 0.00092899999999999992 2.5041076264776443 2.5041076264776443 2.5041076264776443 0.00019144863430968075 0.00019144863430968075 0.00019144863430968075 1 1 1 Converged Converged Converged OK OK OK 91 91 91 91 91 91 5 5 5 0 0 0 0 0 1 0 0
121 121 linear 3 7 1213 1 0.0001 1.2184560116665608 0.0031441569224398254 0.18696182653288365 -0.29660585976736553 0.27082970880304874 -0.31123765488733035 0.5 0.31505666422644973 2.602323501286258 OK 12 11 0.44086700000000001 0.33297700000000002 0.16623499999999999 0.27286700000000003 0.13958699999999999 0 0.16799999999999998 0.19339000000000003 0.16623499999999999 0.008352 0.0083610000000000004 0.0079150000000000002 0.126917 0.15056900000000006 0.12607299999999999 0.0072090000000000001 0.0076810000000000003 0.0072090000000000001 0.0012329999999999999 0.0013570000000000001 0.0012600000000000001 2.6023219833102407 2.6023219833102407 2.6023219833102407 1.2873718444288355e-05 1.2873718444288355e-05 1.2873718444288355e-05 1 1 1 Converged Converged Converged OK OK OK 131 131 131 131 131 131 5 5 5 0 0 0 0 1 0 0 1
121 121 linear 3 15 1213 2 0.0001 1.2184560116665608 0.0031441569224398254 0.18696182653288365 -0.29660585976736553 0.27082970880304874 -0.28522557467405957 0.5 0.28904458401317895 2.7227977769091378 OK 12 11 0.39218199999999998 0.28315299999999999 0.119212 0.26733400000000002 0.142258 0 0.12484799999999996 0.14089499999999999 0.119212 0.0083429999999999997 0.0084250000000000002 0.0079139999999999992 0.090794 0.10764399999999996 0.087198999999999999 0.0053950000000000014 0.0051130000000000012 0.0048870000000000007 0.0011199999999999999 0.0010300000000000001 0.00099400000000000009 2.7227962105671337 2.7227962105671337 2.7227962105671337 4.9516888342295844e-06 4.9516888342295844e-06 4.9516888342295844e-06 1 1 1 Converged Converged Converged OK OK OK 92 92 92 92 92 92 4 4 4 0 0 0 0 1 0 0 1
121 121 linear 3 23 1213 3 0.0001 1.2184560116665608 0.0031441569224398254 0.18696182653288365 -0.29660585976736553 0.27082970880304874 -0.25921349446078878 0.5 0.26303250379990817 2.8520508895284014 OK 12 11 0.37497799999999998 0.25707400000000002 0.105754 0.26344800000000002 0.133769 0 0.11152999999999996 0.12330500000000003 0.105754 0.0084089999999999998 0.0084169999999999991 0.0078530000000000006 0.080866999999999981 0.093462999999999991 0.077584000000000014 0.0045000000000000005 0.0042649999999999997 0.003748 0.00092500000000000004 0.00089099999999999997 0.00089000000000000017 2.8520492305629337 2.8520492305629337 2.8520492305629337 0.00019206097109449678 0.00019206097109449678 0.00019206097109449678 1 1 1 Converged Converged Converged OK OK OK 76 76 76 76 76 76 4 4 4 0 0 0 0 1 0 0 1
121 121 linear 4 0 1214 0 0.001 1.2184560116665608 0.0031441569224398254 0.18696182653288365 0.048728623102788485 -0.34458799945867591 0.011336257796211752 0.5 -0.0075172484570923681 3.140164326920698 OK 13 12 0.372923 0.36835499999999999 0.101227 0.26817299999999999 0.26609899999999997 0 0.10475000000000001 0.10225600000000001 0.101227 0.0098110000000000003 0.0097820000000000008 0.0094889999999999992 0.074477000000000002 0.072238999999999984 0.071705999999999992 0.0029389999999999998 0.0031479999999999998 0.0031339999999999996 0.0007049999999999999 0.00076400000000000003 0.00078200000000000003 3.1401636472425665 3.1401636472425665 3.1401636472425665 0.0008269913408692185 0.0008269913408692185 0.0008269913408692185 1 1 1 Converged Converged Converged OK OK OK 59 59 59 59 59 59 5 5 5 0 0 0 0 0 1 0 0
121 121 linear 4 7 1214 1 0.001 1.2184560116665608 0.0031441569224398254 0.18696182653288365 0.048728623102788485 -0.34458799945867591 0.03409682798282368 0.5 -0.030277818643704296 3.1297758131099829 OK 13 12 0.35926799999999998 0.22267500000000001 0.079820000000000002 0.27544099999999999 0.12828200000000001 0 0.083826999999999985 0.094393000000000005 0.079820000000000002 0.0085710000000000005 0.0088079999999999999 0.008012 0.060488000000000007 0.07069300000000002 0.057751999999999998 0.0024989999999999999 0.0027679999999999996 0.002431 0.00057899999999999998 0.00057900000000000009 0.00057799999999999995 3.1297738773944803 3.1297738773944803 3.1297738773944803 0.0024313388560078734 0.0024313388560078734 0.0024313388560078734 1 1 1 Converged Converged Converged OK OK OK 51 51 51 51 51 51 5 5 5 0 0 0 0 1 0 0 1
121 121 linear 4 15 1214 2 0.001 1.2184560116665608 0.0031441569224398254 0.18696182653288365 0.048728623102788485 -0.34458799945867591 0.060108908196094449 0.5 -0.056289898856975065 3.10179306065743 OK 13 12 0.364539 0.24941099999999999 0.090239 0.270119 0.14313300000000001 0 0.094420000000000004 0.10627799999999998 0.090239 0.0087250000000000001 0.0088129999999999997 0.0079590000000000008 0.069228999999999999 0.080224999999999991 0.06671100000000002 0.0029839999999999997 0.003362 0.00282 0.00069899999999999997 0.00078700000000000005 0.00065499999999999998 3.1017909852879604 3.1017909852879604 3.1017909852879604 0.001561766097523359 0.001561766097523359 0.001561766097523359 1 1 1 Converged Converged Converged OK OK OK 59 59 59 59 59 59 5 5 5 0 0 0 0 1 0 0 1
121 121 linear 4 23 1214 3 0.001 1.2184560116665608 0.0031441569224398254 0.18696182653288365 0.048728623102788485 -0.34458799945867591 0.086120988409365218 0.5 -0.082301979070245834 3.0581146115099953 OK 13 12 0.37394100000000002 0.246924 0.088305999999999996 0.28093699999999999 0.13931299999999999 0 0.093004000000000031 0.10761100000000001 0.088305999999999996 0.0085830000000000004 0.0086009999999999993 0.0079369999999999996 0.067843999999999988 0.082445000000000004 0.064922000000000007 0.003019 0.0030609999999999999 0.0026870000000000002 0.00075699999999999986 0.00083500000000000002 0.00073399999999999995 3.0581127183689714 3.0581127183689714 3.0581127183689714 0.0025302547815936414 0.0025302547815936414 0.0025302547815936414 1 1 1 Converged Converged Converged OK OK OK 59 59 59 59 59 59 5 5 5 0 0 0 0 1 0 0 1
121 121 linear 4 0 1214 0 0.0001 1.2184560116665608 0.0031441569224398254 0.18696182653288365 0.048728623102788485 -0.34458799945867591 0.011336257796211752 0.5 -0.0075172484570923681 3.140164326920698 OK 13 12 0.41844700000000001 0.41354200000000002 0.14535000000000001 0.26502300000000001 0.267015 0 0.153424 0.14652700000000002 0.14535000000000001 0.0098560000000000002 0.0095600000000000008 0.0092980000000000007 0.11118200000000004 0.10670099999999999 0.10572300000000001 0.005843000000000001 0.0046610000000000002 0.0050169999999999998 0.0011969999999999999 0.00098799999999999995 0.001023 3.140162342177597 3.140162342177597 3.140162342177597 0.00011642631513931666 0.00011642631513931666 0.00011642631513931666 1 1 1 Converged Converged Converged OK OK OK 91 91 91 91 91 91 5 5 5 0 0 0 0 0 1 0 0
121 121 linear 4 7 1214 1 0.0001 1.2184560116665608 0.0031441569224398254 0.18696182653288365 0.048728623102788485 -0.34458799945867591 0.03409682798282368 0.5 -0.030277818643704296 3.1297758131099829 OK 13 12 0.41773199999999999 0.28950599999999999 0.13459099999999999 0.27343200000000001 0.126719 0 0.14429999999999998 0.16278699999999999 0.13459099999999999 0.0085959999999999995 0.0085349999999999992 0.0079959999999999996 0.10926900000000001 0.12814800000000001 0.10078000000000004 0.0047449999999999992 0.0048090000000000008 0.0047469999999999995 0.00098999999999999999 0.00096100000000000005 0.00099400000000000009 3.129773857509615 3.129773857509615 3.129773857509615 2.2650681707688927e-05 2.2650681707688927e-05 2.2650681707688927e-05 1 1 1 Converged Converged Converged OK OK OK 91 91 91 91 91 91 5 5 5 0 0 0 0 1 0 0 1
121 121 linear 4 15 1214 2 0.0001 1.2184560116665608 0.0031441569224398254 0.18696182653288365 0.048728623102788485 -0.34458799945867591 0.060108908196094449 0.5 -0.056289898856975065 3.10179306065743 OK 13 12 0.41346100000000002 0.301311 0.138655 0.26919900000000002 0.139016 0 0.144262 0.16229499999999999 0.138655 0.0086359999999999996 0.0086599999999999993 0.0079640000000000006 0.10940099999999998 0.1276540000000001 0.10502500000000001 0.0046909999999999999 0.0045989999999999998 0.0048270000000000006 0.00096999999999999994 0.00098799999999999995 0.00094500000000000009 3.1017911160313592 3.1017911160313592 3.1017911160313592 0.00012985789963648229 0.00012985789963648229 0.00012985789963648229 1 1 1 Converged Converged Converged OK OK OK 91 91 91 91 91 91 5 5 5 0 0 0 0 1 0 0 1
121 121 linear 4 23 1214 3 0.0001 1.2184560116665608 0.0031441569224398254 0.18696182653288365 0.048728623102788485 -0.34458799945867591 0.086120988409365218 0.5 -0.082301979070245834 3.0581146115099953 OK 13 12 0.39854899999999999 0.27817999999999998 0.114314 0.27926699999999999 0.14133899999999999 0 0.119282 0.13684099999999999 0.114314 0.0085000000000000006 0.0085500000000000003 0.0078619999999999992 0.088032999999999986 0.10516299999999998 0.08408599999999998 0.0041409999999999997 0.0044520000000000002 0.0041179999999999993 0.00099200000000000004 0.0010129999999999998 0.0010499999999999999 3.0581127037156675 3.0581127037156675 3.0581127037156675 0.00015403106661869838 0.00015403106661869838 0.00015403106661869838 1 1 1 Converged Converged Converged OK OK OK 83 83 83 83 83 83 5 5 5 0 0 0 0 1 0 0 1
121 121 uniform 0 0 1215 0 0.001 1.2184560116665608 0.0031441569224398254 0.18696182653288365 0.011911519646106854 0.048762441525237538 -0.025480845660469879 0 0.029299854999589262 10.490376173149334 OK 13 12 0.407418 0.412746 0.14375199999999999 0.265905 0.26988600000000001 0 0.141513 0.14285999999999999 0.14375199999999999 0.0096690000000000005 0.0097280000000000005 0.0093349999999999995 0.10656099999999998 0.10733399999999997 0.10893799999999995 0.0030750000000000005 0.003323 0.0031550000000000003 0.00079500000000000003 0.00082900000000000009 0.00080399999999999992 10.490376587560108 10.490376587560108 10.490376587560108 0.00047941232192198866 0.00047941232192198866 0.00047941232192198866 1 1 1 Converged Converged Converged OK OK OK 81 81 81 81 81 81 7 7 7 0 0 0 0 0 1 0 0
121 121 uniform 0 7 1215 1 0.001 1.2184560116665608 0.0031441569224398254 0.18696182653288365 0.011911519646106854 0.048762441525237538 -0.0027202754738579523 0 0.0065392848129773359 10.544248610155945 OK 13 12 0.52005100000000004 0.382631 0.13145599999999999 0.38681199999999999 0.24202799999999999 0 0.13323900000000005 0.14060300000000001 0.13145599999999999 0.0086870000000000003 0.0086700000000000006 0.0080149999999999996 0.10590499999999996 0.11260200000000002 0.10507700000000006 0.0030539999999999999 0.0032439999999999995 0.0031050000000000001 0.00081000000000000006 0.00079099999999999993 0.00079600000000000005 10.544248833229778 10.544248833229778 10.544248833229778 0.00047562529716474932 0.00047562529716474932 0.00047562529716474932 1 1 1 Converged Converged Converged OK OK OK 81 81 81 81 81 81 7 7 7 0 0 0 0 1 0 0 1
121 121 uniform 0 15 1215 2 0.001 1.2184560116665608 0.0031441569224398254 0.18696182653288365 0.011911519646106854 0.048762441525237538 0.023291804739412815 0 -0.019472795400293431 10.507434920754831 OK 13 12 0.43592999999999998 0.29843599999999998 0.130139 0.30414600000000003 0.164324 0 0.13178399999999996 0.13411199999999998 0.130139 0.0086060000000000008 0.0086110000000000006 0.0080079999999999995 0.10444000000000003 0.10660099999999997 0.10400599999999999 0.0029949999999999998 0.003124 0.002954 0.00079499999999999992 0.00080499999999999994 0.00078299999999999995 10.507434597157962 10.507434597157962 10.507434597157962 0.00047072108234523865 0.00047072108234523865 0.00047072108234523865 1 1 1 Converged Converged Converged OK OK OK 81 81 81 81 81 81 7 7 7 0 0 0 0 1 0 0 1
121 121 uniform 0 23 1215 3 0.001 1.2184560116665608 0.0031441569224398254 0.18696182653288365 0.011911519646106854 0.048762441525237538 0.049303884952683591 0 -0.045484875613564207 10.363875210306189 OK 13 12 0.61507900000000004 0.47621400000000003 0.13044 0.48227300000000001 0.33924700000000002 0 0.13280600000000004 0.13696700000000001 0.13044 0.0085529999999999998 0.0088100000000000001 0.0079719999999999999 0.10542000000000001 0.108415 0.10463600000000001 0.0030639999999999999 0.003643 0.0029590000000000003 0.00079500000000000013 0.00089700000000000001 0.00079300000000000009 10.3638746759661 10.3638746759661 10.3638746759661 0.00046466899262867755 0.00046466899262867755 0.00046466899262867755 1 1 1 Converged Converged Converged OK OK OK 81 81 81 81 81 81 7 7 7 0 0 0 0 1 0 0 1
121 121 uniform 0 0 1215 0 0.0001 1.2184560116665608 0.0031441569224398254 0.18696182653288365 0.011911519646106854 0.048762441525237538 -0.025480845660469879 0 0.029299854999589262 10.490376173149334 OK 13 12 0.41102899999999998 0.412414 0.14158299999999999 0.26927099999999998 0.26872000000000001 0 0.141758 0.14369399999999999 0.14158299999999999 0.0094780000000000003 0.0095659999999999999 0.0093380000000000008 0.10678600000000001 0.10791200000000004 0.106463 0.0030690000000000001 0.003339 0.0033650000000000004 0.00081300000000000003 0.00082700000000000004 0.00082200000000000003 10.490376587560108 10.490376587560108 10.490376587560108 0.00047941232192198866 0.00047941232192198866 0.00047941232192198866 1 1 1 Converged Converged Converged OK OK OK 81 81 81 81 81 81 7 7 7 0 0 0 0 0 1 0 0
121 121 uniform 0 7 1215 1 0.0001 1.2184560116665608 0.0031441569224398254 0.18696182653288365 0.011911519646106854 0.048762441525237538 -0.0027202754738579523 0 0.0065392848129773359 10.544248610155945 OK 13 12 0.51778599999999997 0.37845699999999999 0.13197700000000001 0.38184899999999999 0.24019799999999999 0 0.13593699999999997 0.13825899999999999 0.13197700000000001 0.0086540000000000002 0.0088079999999999999 0.0080409999999999995 0.106742 0.10910499999999999 0.10547899999999999 0.0039810000000000002 0.0039649999999999998 0.0031310000000000001 0.00087099999999999992 0.00097900000000000005 0.00078599999999999991 10.544248833229778 10.544248833229778 10.544248833229778 0.00047562529716474932 0.00047562529716474932 0.00047562529716474932 1 1 1 Converged Converged Converged OK OK OK 81 81 81 81 81 81 7 7 7 0 0 0 0 1 0 0 1
121 121 uniform 0 15 1215 2 0.0001 1.2184560116665608 0.0031441569224398254 0.18696182653288365 0.011911519646106854 0.048762441525237538 0.023291804739412815 0 -0.019472795400293431 10.507434920754831 OK 13 12 0.44472400000000001 0.300209 0.130745 0.31193500000000002 0.162217 0 0.13278899999999999 0.137992 0.130745 0.0085869999999999991 0.0085450000000000005 0.0081359999999999991 0.10517399999999998 0.11046699999999995 0.10437700000000004 0.0031330000000000004 0.0032449999999999996 0.0030460000000000001 0.00081400000000000005 0.00080499999999999994 0.00077999999999999999 10.507434597157962 10.507434597157962 10.507434597157962 0.00047072108234523865 0.00047072108234523865 0.00047072108234523865 1 1 1 Converged Converged Converged OK OK OK 81 81 81 81 81 81 7 7 7 0 0 0 0 1 0 0 1
121 121 uniform 0 23 1215 3 0.0001 1.2184560116665608 0.0031441569224398254 0.18696182653288365 0.011911519646106854 0.048762441525237538 0.049303884952683591 0 -0.045484875613564207 10.363875210306189 OK 13 12 0.61350199999999999 0.479215 0.13361200000000001 0.47985499999999998 0.34334399999999998 0 0.13364700000000002 0.13587100000000002 0.13361200000000001 0.008652 0.0088249999999999995 0.0079719999999999999 0.10573600000000008 0.10774799999999997 0.10746599999999995 0.0031169999999999995 0.0034099999999999998 0.0030530000000000002 0.00079999999999999993 0.00084899999999999993 0.00079399999999999989 10.3638746759661 10.3638746759661 10.3638746759661 0.00046466899262867755 0.00046466899262867755 0.00046466899262867755 1 1 1 Converged Converged Converged OK OK OK 81 81 81 81 81 81 7 7 7 0 0 0 0 1 0 0 1
121 121 uniform 1 0 1216 0 0.001 1.2184560116665608 0.0031441569224398254 0.18696182653288365 0.11086337818503306 0.10054884930681236 0.073471012878456324 0 -0.06965200353933694 9.4476257068986591 OK 14 13 0.52549400000000002 0.53241000000000005 0.14907599999999999 0.373836 0.38107099999999999 0 0.15165800000000002 0.15133900000000006 0.14907599999999999 0.010069 0.010279999999999999 0.0099240000000000005 0.11451399999999998 0.11416499999999996 0.11312 0.0036160000000000003 0.0032330000000000002 0.0031949999999999999 0.00101 0.0010019999999999999 0.0010039999999999999 9.447626988795033 9.447626988795033 9.447626988795033 0.0011000361964611171 0.0011000361964611171 0.0011000361964611171 1 1 1 Converged Converged Converged OK OK OK 88 88 88 88 88 88 8 8 8 0 0 0 0 0 1 0 0
121 121 uniform 1 7 1216 1 0.001 1.2184560116665608 0.0031441569224398254 0.18696182653288365 0.11086337818503306 0.10054884930681236 0.096231583065068252 0 -0.092412573725948868 9.0799010913986606 OK 14 13 0.41602800000000001 0.28260800000000003 0.12832499999999999 0.28124199999999999 0.152443 0 0.13478600000000002 0.13016500000000003 0.12832499999999999 0.0090840000000000001 0.0088769999999999995 0.0082900000000000005 0.10795899999999999 0.10422200000000004 0.10323299999999999 0.0030010000000000002 0.0027749999999999997 0.0028049999999999998 0.00081700000000000002 0.00078100000000000001 0.000803 9.0799005540328377 9.0799005540328377 9.0799005540328377 0.0015326318345583614 0.0015326318345583614 0.0015326318345583614 1 1 1 Converged Converged Converged OK OK OK 80 80 80 80 80 80 8 8 8 0 0 0 0 1 0 0 1
121 121 uniform 1 15 1216 2 0.001 1.2184560116665608 0.0031441569224398254 0.18696182653288365 0.11086337818503306 0.10054884930681236 0.12224366327833902 0 -0.11842465393921964 8.4767168127029322 OK 14 13 0.486933 0.35160799999999998 0.15015500000000001 0.33388299999999999 0.197798 0 0.15305000000000002 0.15380999999999997 0.15015500000000001 0.0096209999999999993 0.0095689999999999994 0.0087340000000000004 0.119579 0.12116900000000004 0.11848599999999998 0.0039550000000000002 0.0036209999999999997 0.0035719999999999997 0.0010760000000000001 0.0010460000000000001 0.0010449999999999999 8.4767168222451854 8.4767168222451854 8.4767168222451854 0.0024709947393174239 0.0024709947393174239 0.0024709947393174239 1 1 1 Converged Converged Converged OK OK OK 95 95 95 95 95 95 9 9 9 0 0 0 0 1 0 0 1
121 121 uniform 1 23 1216 3 0.001 1.2184560116665608 0.0031441569224398254 0.18696182653288365 0.11086337818503306 0.10054884930681236 0.1482557434916098 0 -0.14443673415249042 7.546218078993884 OK 14 13 0.56821900000000003 0.43396299999999999 0.14560600000000001 0.41873199999999999 0.28336299999999998 0 0.14948700000000004 0.15060000000000001 0.14560600000000001 0.0089060000000000007 0.0090150000000000004 0.0083009999999999994 0.11819899999999994 0.11997200000000005 0.116646 0.0037820000000000002 0.0035230000000000001 0.003241 0.001024 0.0010399999999999999 0.001005 7.5462210797514837 7.5462210797514837 7.5462210797514837 0.0057504682285841949 0.0057504682285841949 0.0057504682285841949 1 1 1 Converged Converged Converged OK OK OK 95 95 95 95 95 95 9 9 9 0 0 0 0 1 0 0 1
121 121 uniform 1 0 1216 0 0.0001 1.2184560116665608 0.0031441569224398254 0.18696182653288365 0.11086337818503306 0.10054884930681236 0.073471012878456324 0 -0.06965200353933694 9.4476257068986591 OK 14 13 0.54188499999999995 0.53591999999999995 0.163718 0.37422699999999998 0.373062 0 0.16765799999999997 0.16285799999999995 0.163718 0.011067 0.0098219999999999991 0.0097719999999999994 0.12457700000000001 0.12196799999999998 0.12210699999999998 0.0043169999999999997 0.0041459999999999995 0.0045760000000000002 0.0011559999999999999 0.0011559999999999999 0.001173 9.4476251732083565 9.4476251732083565 9.4476251732083565 0.00030847014617451372 0.00030847014617451372 0.00030847014617451372 1 1 1 Converged Converged Converged OK OK OK 104 104 104 104 104 104 8 8 8 0 0 0 0 0 1 0 0
121 121 uniform 1 7 1216 1 0.0001 1.2184560116665608 0.0031441569224398254 0.18696182653288365 0.11086337818503306 0.10054884930681236 0.096231583065068252 0 -0.092412573725948868 9.0799010913986606 OK 14 13 0.42268800000000001 0.29031899999999999 0.13600799999999999 0.281862 0.150921 0 0.14082600000000001 0.13939799999999999 0.13600799999999999 0.0089029999999999995 0.0091710000000000003 0.0083899999999999999 0.10912000000000002 0.11080099999999993 0.10848100000000001 0.0033510000000000002 0.0035629999999999998 0.0035280000000000003 0.00094700000000000003 0.00092299999999999999 0.00092399999999999991 9.0799005530403747 9.0799005530403747 9.0799005530403747 0.0002674531474761614 0.0002674531474761614 0.0002674531474761614 1 1 1 Converged Converged Converged OK OK OK 88 88 88 88 88 88 8 8 8 0 0 0 0 1 0 0 1
121 121 uniform 1 15 1216 2 0.0001 1.2184560116665608 0.0031441569224398254 0.18696182653288365 0.11086337818503306 0.10054884930681236 0.12224366327833902 0 -0.11842465393921964 8.4767168127029322 OK 14 13 0.49618899999999999 0.359514 0.15932199999999999 0.33254600000000001 0.19501399999999999 0 0.16364299999999998 0.16450000000000001 0.15932199999999999 0.0097079999999999996 0.0095709999999999996 0.0087069999999999995 0.12879999999999994 0.129998 0.12716799999999998 0.0045560000000000002 0.0046870000000000002 0.0040280000000000003 0.0013079999999999999 0.0012670000000000001 0.0011709999999999999 8.476716773217623 8.476716773217623 8.476716773217623 0.0005974771993933044 0.0005974771993933044 0.0005974771993933044 1 1 1 Converged Converged Converged OK OK OK 103 103 103 103 103 103 9 9 9 0 0 0 0 1 0 0 1
121 121 uniform 1 23 1216 3 0.0001 1.2184560116665608 0.0031441569224398254 0.18696182653288365 0.11086337818503306 0.10054884930681236 0.1482557434916098 0 -0.14443673415249042 7.546218078993884 OK 14 13 0.57736500000000002 0.44680799999999998 0.15678 0.41749000000000003 0.28153400000000001 0 0.15987499999999999 0.16527399999999998 0.15678 0.0091629999999999993 0.0092320000000000006 0.0082979999999999998 0.12615400000000007 0.13220899999999999 0.12580699999999997 0.0043610000000000003 0.0042370000000000003 0.0037059999999999992 0.0012309999999999999 0.001294 0.0011709999999999999 7.5462191291051104 7.5462191291051104 7.5462191291051104 0.00026590378902673995 0.00026590378902673995 0.00026590378902673995 1 1 1 Converged Converged Converged OK OK OK 103 103 103 103 103 103 9 9 9 0 0 0 0 1 0 0 1
121 121 uniform 2 0 1217 0 0.001 1.2184560116665608 0.0031441569224398254 0.18696182653288365 0.18439555537111504 0.085538485647819879 0.14700319006453832 0 -0.14318418072541894 8.010511360689641 OK 14 13 0.45414700000000002 0.456596 0.159882 0.29125800000000002 0.29456199999999999 0 0.16288900000000001 0.16203400000000001 0.159882 0.011396 0.01093 0.01078 0.11931799999999998 0.11916900000000001 0.11790699999999998 0.0040000000000000001 0.0042050000000000004 0.0036960000000000001 0.0012020000000000002 0.001077 0.0011330000000000001 8.0105121956529519 8.0105121956529519 8.0105121956529519 0.0063196801102841562 0.0063196801102841562 0.0063196801102841562 1 1 1 Converged Converged Converged OK OK OK 95 95 95 95 95 95 9 9 9 0 0 0 0 0 1 0 0
121 121 uniform 2 7 1217 1 0.001 1.2184560116665608 0.0031441569224398254 0.18696182653288365 0.18439555537111504 0.085538485647819879 0.16976376025115023 0 -0.16594475091203084 6.6982664597128228 OK 16 15 0.61596399999999996 0.50380100000000005 0.20577000000000001 0.40303099999999997 0.27491500000000002 0 0.21293299999999998 0.22888600000000003 0.20577000000000001 0.015084 0.015914000000000001 0.01457 0.15631300000000009 0.17528300000000005 0.15488599999999994 0.0054799999999999996 0.005803 0.0055000000000000005 0.001304 0.0013190000000000001 0.0012799999999999999 6.6982682948677814 6.6982682948677814 6.6982682948677814 0.0059418479140684087 0.0059418479140684087 0.0059418479140684087 1 1 1 Converged Converged Converged OK OK OK 117 117 117 117 117 117 11 11 11 0 0 0 0 1 0 0 1
121 121 uniform 2 15 1217 2 0.001 1.2184560116665608 0.0031441569224398254 0.18696182653288365 0.18439555537111504 0.085538485647819879 0.19577584046442101 0 -0.19195683112530162 5.4726361986323591 OK 16 15 0.47903299999999999 0.36448900000000001 0.170985 0.30305500000000002 0.17563200000000001 0 0.17597799999999997 0.188857 0.170985 0.014921 0.015262 0.013612000000000001 0.13044400000000003 0.14355399999999993 0.12852900000000006 0.0053669999999999994 0.0050829999999999998 0.0046060000000000007 0.001245 0.0012599999999999998 0.001183 5.472640126237529 5.472640126237529 5.472640126237529 0.0044184049212096501 0.0044184049212096501 0.0044184049212096501 1 1 1 Converged Converged Converged OK OK OK 110 110 110 110 110 110 10 10 10 0 0 0 0 1 0 0 1
121 121 uniform 2 23 1217 3 0.001 1.2184560116665608 0.0031441569224398254 0.18696182653288365 0.18439555537111504 0.085538485647819879 0.22178792067769176 0 -0.21796891133857238 4.7483511254206707 OK 16 15 0.63561100000000004 0.51960200000000001 0.183226 0.44727800000000001 0.318776 0 0.18833300000000003 0.200826 0.183226 0.01473 0.014808999999999999 0.013440000000000001 0.13964699999999999 0.15137400000000004 0.13767800000000002 0.0056549999999999994 0.0060869999999999995 0.0050110000000000007 0.0014240000000000001 0.0015100000000000001 0.0013539999999999997 4.7483511164468908 4.7483511164468908 4.7483511164468908 0.00072846767905295157 0.00072846767905295157 0.00072846767905295157 1 1 1 Converged Converged Converged OK OK OK 118 118 118 118 118 118 10 10 10 0 0 0 0 1 0 0 1
121 121 uniform 2 0 1217 0 0.0001 1.2184560116665608 0.0031441569224398254 0.18696182653288365 0.18439555537111504 0.085538485647819879 0.14700319006453832 0 -0.14318418072541894 8.010511360689641 OK 14 13 0.465032 0.46949600000000002 0.173127 0.29067999999999999 0.29449900000000001 0 0.17435200000000001 0.17499700000000001 0.173127 0.011303000000000001 0.011181 0.010786 0.12776299999999999 0.12862099999999996 0.12773100000000004 0.0043949999999999996 0.0045619999999999992 0.0042559999999999994 0.001286 0.0012329999999999999 0.0012110000000000001 8.0105118874517967 8.0105118874517967 8.0105118874517967 0.00024431439357462513 0.00024431439357462513 0.00024431439357462513 1 1 1 Converged Converged Converged OK OK OK 103 103 103 103 103 103 9 9 9 0 0 0 0 0 1 0 0
121 121 uniform 2 7 1217 1 0.0001 1.2184560116665608 0.0031441569224398254 0.18696182653288365 0.18439555537111504 0.085538485647819879 0.16976376025115023 0 -0.16594475091203084 6.6982664597128228 OK 16 15 0.65108500000000002 0.54427999999999999 0.24326200000000001 0.411213 0.272673 0 0.23987200000000003 0.27160699999999999 0.24326200000000001 0.015143 0.015324000000000001 0.014343 0.17793200000000012 0.20784499999999997 0.17845900000000001 0.0068320000000000013 0.0079579999999999998 0.0070439999999999999 0.0015339999999999998 0.0016919999999999999 0.001572 6.6982658404317066 6.6982658404317066 6.6982658404317066 0.00058009066596855646 0.00058009066596855646 0.00058009066596855646 1 1 1 Converged Converged Converged OK OK OK 141 141 141 141 141 141 11 11 11 0 0 0 0 1 0 0 1
121 121 uniform 2 15 1217 2 0.0001 1.2184560116665608 0.0031441569224398254 0.18696182653288365 0.18439555537111504 0.085538485647819879 0.19577584046442101 0 -0.19195683112530162 5.4726361986323591 OK 16 15 0.503722 0.39449699999999999 0.19409399999999999 0.30586400000000002 0.17592099999999999 0 0.19785799999999998 0.21857599999999999 0.19409399999999999 0.014754 0.014762000000000001 0.013532000000000001 0.14579899999999998 0.16631299999999993 0.14458199999999999 0.0064200000000000012 0.0068259999999999996 0.0060559999999999989 0.001663 0.001555 0.0015049999999999998 5.472635584858649 5.472635584858649 5.472635584858649 0.00054294246228914613 0.00054294246228914613 0.00054294246228914613 1 1 1 Converged Converged Converged OK OK OK 134 134 134 134 134 134 10 10 10 0 0 0 0 1 0 0 1
121 121 uniform 2 23 1217 3 0.0001 1.2184560116665608 0.0031441569224398254 0.18696182653288365 0.18439555537111504 0.085538485647819879 0.22178792067769176 0 -0.21796891133857238 4.7483511254206707 OK 16 15 0.66328699999999996 0.55233600000000005 0.21140200000000001 0.44735999999999998 0.32126100000000002 0 0.21592699999999998 0.23107500000000003 0.21140200000000001 0.014801999999999999 0.014404 0.013376000000000001 0.158585 0.17375400000000002 0.15699299999999997 0.007162 0.0074689999999999999 0.0066680000000000003 0.001751 0.0017440000000000001 0.0017049999999999999 4.7483509717210364 4.7483509717210364 4.7483509717210364 0.00027817819184185812 0.00027817819184185812 0.00027817819184185812 1 1 1 Converged Converged Converged OK OK OK 150 150 150 150 150 150 10 10 10 0 0 0 0 1 0 0 1
121 121 uniform 3 0 1218 0 0.001 1.2184560116665608 0.0031441569224398254 0.18696182653288365 -0.29660585976736553 0.27082970880304874 -0.33399822507394228 0 0.33781723441306166 2.5086720070151429 OK 12 11 0.36337599999999998 0.363035 0.094379000000000005 0.26820699999999997 0.26769999999999999 0 0.095169000000000004 0.095335000000000003 0.094379000000000005 0.0095060000000000006 0.0094750000000000008 0.0091219999999999999 0.063496999999999998 0.063717000000000037 0.063345999999999986 0.003323 0.003702 0.0036380000000000002 0.00084800000000000001 0.000861 0.00082799999999999996 2.5086709493471897 2.5086709493471897 2.5086709493471897 0.00083247883643579963 0.00083247883643579963 0.00083247883643579963 1 1 1 Converged Converged Converged OK OK OK 83 83 83 83 83 83 5 5 5 0 0 0 0 0 1 0 0
121 121 uniform 3 7 1218 1 0.001 1.2184560116665608 0.0031441569224398254 0.18696182653288365 -0.29660585976736553 0.27082970880304874 -0.31123765488733035 0 0.31505666422644973 2.6075177944194463 OK 12 11 0.34812300000000002 0.22724900000000001 0.076782000000000003 0.272984 0.144763 0 0.075139000000000011 0.082486000000000004 0.076782000000000003 0.0083499999999999998 0.0085620000000000002 0.0083219999999999995 0.052481000000000007 0.05984600000000001 0.053422000000000046 0.0025599999999999998 0.002647 0.0025839999999999999 0.00065600000000000001 0.00066200000000000005 0.00066700000000000006 2.6075241630305555 2.6075241630305555 2.6075241630305555 0.0023765704683788654 0.0023765704683788654 0.0023765704683788654 1 1 1 Converged Converged Converged OK OK OK 67 67 67 67 67 67 5 5 5 0 0 0 0 1 0 0 1
121 121 uniform 3 15 1218 2 0.001 1.2184560116665608 0.0031441569224398254 0.18696182653288365 -0.29660585976736553 0.27082970880304874 -0.28522557467405957 0 0.28904458401317895 2.7288747301583247 OK 12 11 0.34020699999999998 0.22775100000000001 0.070573999999999998 0.26644699999999999 0.144153 0 0.073759999999999992 0.083598000000000006 0.070573999999999998 0.0085190000000000005 0.0085019999999999991 0.0078609999999999999 0.047636000000000005 0.058092999999999992 0.046673000000000013 0.0032569999999999999 0.0030950000000000001 0.0028149999999999998 0.00063500000000000015 0.00066799999999999997 0.00064900000000000005 2.7288740950210846 2.7288740950210846 2.7288740950210846 0.0016100344885235536 0.0016100344885235536 0.0016100344885235536 1 1 1 Converged Converged Converged OK OK OK 60 60 60 60 60 60 4 4 4 0 0 0 0 1 0 0 1
121 121 uniform 3 23 1218 3 0.001 1.2184560116665608 0.0031441569224398254 0.18696182653288365 -0.29660585976736553 0.27082970880304874 -0.25921349446078878 0 0.26303250379990817 2.8592148941352176 OK 12 11 0.33756399999999998 0.220105 0.072775000000000006 0.26315899999999998 0.134381 0 0.074404999999999999 0.085723999999999995 0.072775000000000006 0.0083479999999999995 0.0084569999999999992 0.0077910000000000002 0.049725999999999992 0.060721000000000004 0.049380999999999994 0.002728 0.0030239999999999998 0.0027070000000000002 0.00060899999999999995 0.00065299999999999993 0.00063400000000000001 2.8592142066509187 2.8592142066509187 2.8592142066509187 0.0019082285888214962 0.0019082285888214962 0.0019082285888214962 1 1 1 Converged Converged Converged OK OK OK 60 60 60 60 60 60 4 4 4 0 0 0 0 1 0 0 1
121 121 uniform 3 0 1218 0 0.0001 1.2184560116665608 0.0031441569224398254 0.18696182653288365 -0.29660585976736553 0.27082970880304874 -0.33399822507394228 0 0.33781723441306166 2.5086720070151429 OK 12 11 0.37565399999999999 0.378861 0.107248 0.26851599999999998 0.27335900000000002 0 0.10713800000000001 0.10550199999999998 0.107248 0.0097540000000000005 0.0096620000000000004 0.0093299999999999998 0.070513999999999993 0.069975999999999983 0.072565000000000004 0.0040330000000000001 0.0038569999999999998 0.0035759999999999993 0.0010989999999999999 0.001026 0.00099700000000000006 2.5086720397206874 2.5086720397206874 2.5086720397206874 0.00017376789849982168 0.00017376789849982168 0.00017376789849982168 1 1 1 Converged Converged Converged OK OK OK 91 91 91 91 91 91 5 5 5 0 0 0 0 0 1 0 0
121 121 uniform 3 7 1218 1 0.0001 1.2184560116665608 0.0031441569224398254 0.18696182653288365 -0.29660585976736553 0.27082970880304874 -0.31123765488733035 0 0.31505666422644973 2.6075177944194463 OK 12 11 0.41247499999999998 0.30484299999999998 0.13560800000000001 0.269839 0.14232700000000001 0 0.14263599999999999 0.16251599999999997 0.13560800000000001 0.0085780000000000006 0.0084709999999999994 0.0080719999999999993 0.099581000000000003 0.12138600000000004 0.095411999999999941 0.0079629999999999996 0.0070229999999999997 0.0070090000000000005 0.0012489999999999999 0.0012690000000000002 0.001214 2.6075177435004986 2.6075177435004986 2.6075177435004986 1.9063679107489129e-05 1.9063679107489129e-05 1.9063679107489129e-05 1 1 1 Converged Converged Converged OK OK OK 131 131 131 131 131 131 5 5 5 0 0 0 0 1 0 0 1
121 121 uniform 3 15 1218 2 0.0001 1.2184560116665608 0.0031441569224398254 0.18696182653288365 -0.29660585976736553 0.27082970880304874 -0.28522557467405957 0 0.28904458401317895 2.7288747301583247 OK 12 11 0.37137700000000001 0.262071 0.099352999999999997 0.269843 0.143708 0 0.10153400000000001 0.118363 0.099352999999999997 0.0084469999999999996 0.0085459999999999998 0.0079080000000000001 0.068557999999999994 0.085354000000000013 0.068079000000000042 0.0044910000000000002 0.0045849999999999997 0.0041290000000000007 0.0011019999999999999 0.0010629999999999999 0.0010380000000000001 2.7288746798041386 2.7288746798041386 2.7288746798041386 5.0509642680192369e-06 5.0509642680192369e-06 5.0509642680192369e-06 1 1 1 Converged Converged Converged OK OK OK 92 92 92 92 92 92 4 4 4 0 0 0 0 1 0 0 1
121 121 uniform 3 23 1218 3 0.0001 1.2184560116665608 0.0031441569224398254 0.18696182653288365 -0.29660585976736553 0.27082970880304874 -0.25921349446078878 0 0.26303250379990817 2.8592148941352176 OK 12 11 0.35326200000000002 0.246139 0.089274999999999993 0.26159500000000002 0.13625699999999999 0 0.091666999999999998 0.10988200000000001 0.089274999999999993 0.0083630000000000006 0.0083940000000000004 0.0077999999999999996 0.062067999999999991 0.080098000000000003 0.06149799999999999 0.0038649999999999999 0.0039880000000000002 0.0034459999999999998 0.00091799999999999998 0.00094500000000000009 0.00090100000000000011 2.8592148768251855 2.8592148768251855 2.8592148768251855 0.00026729274017027428 0.00026729274017027428 0.00026729274017027428 1 1 1 Converged Converged Converged OK OK OK 76 76 76 76 76 76 4 4 4 0 0 0 0 1 0 0 1
121 121 uniform 4 0 1219 0 0.001 1.2184560116665608 0.0031441569224398254 0.18696182653288365 0.048728623102788485 -0.34458799945867591 0.011336257796211752 0 -0.0075172484570923681 3.1508624356870314 OK 13 12 0.35271200000000003 0.34744199999999997 0.084198999999999996 0.26664100000000002 0.261266 0 0.086071000000000009 0.086175999999999975 0.084198999999999996 0.0098740000000000008 0.0098759999999999994 0.0093349999999999995 0.056135000000000004 0.056184999999999999 0.055576 0.0029069999999999999 0.0028230000000000004 0.0026879999999999999 0.00069300000000000004 0.00072000000000000005 0.00069800000000000005 3.1508645297357725 3.1508645297357725 3.1508645297357725 0.0010803633829833481 0.0010803633829833481 0.0010803633829833481 1 1 1 Converged Converged Converged OK OK OK 59 59 59 59 59 59 5 5 5 0 0 0 0 0 1 0 0
121 121 uniform 4 7 1219 1 0.001 1.2184560116665608 0.0031441569224398254 0.18696182653288365 0.048728623102788485 -0.34458799945867591 0.03409682798282368 0 -0.030277818643704296 3.1403707878070457 OK 13 12 0.34105400000000002 0.20765500000000001 0.066355999999999998 0.27302199999999999 0.12814 0 0.068032000000000037 0.079515000000000002 0.066355999999999998 0.0086099999999999996 0.0085079999999999999 0.0079299999999999995 0.04512999999999999 0.05672300000000001 0.044701999999999971 0.0022499999999999998 0.0023770000000000002 0.0021819999999999999 0.00055900000000000004 0.00058399999999999999 0.00054799999999999998 3.1403707282610775 3.1403707282610775 3.1403707282610775 0.0013235749355063645 0.0013235749355063645 0.0013235749355063645 1 1 1 Converged Converged Converged OK OK OK 51 51 51 51 51 51 5 5 5 0 0 0 0 1 0 0 1
121 121 uniform 4 15 1219 2 0.001 1.2184560116665608 0.0031441569224398254 0.18696182653288365 0.048728623102788485 -0.34458799945867591 0.060108908196094449 0 -0.056289898856975065 3.1120872414395486 OK 13 12 0.339895 0.22140699999999999 0.068959000000000006 0.26956999999999998 0.142982 0 0.070325000000000026 0.078424999999999995 0.068959000000000006 0.0085579999999999996 0.0086580000000000008 0.0079319999999999998 0.047722999999999988 0.055906000000000011 0.047490000000000004 0.0021559999999999999 0.0022200000000000002 0.0021589999999999999 0.00058799999999999998 0.000544 0.00056700000000000001 3.1120873654034438 3.1120873654034438 3.1120873654034438 0.0021139498902241457 0.0021139498902241457 0.0021139498902241457 1 1 1 Converged Converged Converged OK OK OK 51 51 51 51 51 51 5 5 5 0 0 0 0 1 0 0 1
121 121 uniform 4 23 1219 3 0.001 1.2184560116665608 0.0031441569224398254 0.18696182653288365 0.048728623102788485 -0.34458799945867591 0.086120988409365218 0 -0.082301979070245834 3.0679399809917656 OK 13 12 0.35990699999999998 0.24177399999999999 0.083563999999999999 0.274418 0.137327 0 0.085488999999999982 0.10444699999999998 0.083563999999999999 0.008541 0.0085579999999999996 0.0079059999999999998 0.056253999999999998 0.075859999999999997 0.056014999999999975 0.0033679999999999999 0.003271 0.0032039999999999998 0.00074899999999999999 0.00066999999999999991 0.00075799999999999999 3.0679405252004592 3.0679405252004592 3.0679405252004592 0.002146674669098088 0.002146674669098088 0.002146674669098088 1 1 1 Converged Converged Converged OK OK OK 67 67 67 67 67 67 5 5 5 0 0 0 0 1 0 0 1
121 121 uniform 4 0 1219 0 0.0001 1.2184560116665608 0.0031441569224398254 0.18696182653288365 0.048728623102788485 -0.34458799945867591 0.011336257796211752 0 -0.0075172484570923681 3.1508624356870314 OK 13 12 0.37207800000000002 0.37086200000000002 0.10342800000000001 0.26644600000000002 0.26501999999999998 0 0.105632 0.10584200000000005 0.10342800000000001 0.0099279999999999993 0.0098949999999999993 0.009299 0.070838999999999985 0.071138999999999994 0.070504999999999998 0.0039650000000000006 0.0040400000000000002 0.003699 0.00093999999999999997 0.00089899999999999995 0.00085599999999999999 3.1508623348464315 3.1508623348464315 3.1508623348464315 0.00031124315896293228 0.00031124315896293228 0.00031124315896293228 1 1 1 Converged Converged Converged OK OK OK 75 75 75 75 75 75 5 5 5 0 0 0 0 0 1 0 0
121 121 uniform 4 7 1219 1 0.0001 1.2184560116665608 0.0031441569224398254 0.18696182653288365 0.048728623102788485 -0.34458799945867591 0.03409682798282368 0 -0.030277818643704296 3.1403707878070457 OK 13 12 0.38584600000000002 0.26733600000000002 0.11616 0.27101700000000001 0.12893099999999999 0 0.11482900000000001 0.13840500000000003 0.11616 0.0086899999999999998 0.0088679999999999991 0.0080440000000000008 0.077419999999999989 0.10019599999999997 0.080071000000000017 0.0044279999999999996 0.0049950000000000003 0.0045380000000000004 0.0010420000000000002 0.0010810000000000001 0.00096200000000000007 3.1403706991412741 3.1403706991412741 3.1403706991412741 2.0903289055277096e-05 2.0903289055277096e-05 2.0903289055277096e-05 1 1 1 Converged Converged Converged OK OK OK 91 91 91 91 91 91 5 5 5 0 0 0 0 1 0 0 1
121 121 uniform 4 15 1219 2 0.0001 1.2184560116665608 0.0031441569224398254 0.18696182653288365 0.048728623102788485 -0.34458799945867591 0.060108908196094449 0 -0.056289898856975065 3.1120872414395486 OK 13 12 0.38533699999999999 0.27939399999999998 0.117059 0.26998899999999998 0.14083100000000001 0 0.11534800000000001 0.13856299999999996 0.117059 0.0085050000000000004 0.0086789999999999992 0.007927 0.08109599999999996 0.10347000000000005 0.084139999999999993 0.0043350000000000003 0.004744 0.0041840000000000002 0.00092700000000000009 0.001054 0.00095100000000000002 3.1120871577379519 3.1120871577379519 3.1120871577379519 9.5968190974982912e-05 9.5968190974982912e-05 9.5968190974982912e-05 1 1 1 Converged Converged Converged OK OK OK 91 91 91 91 91 91 5 5 5 0 0 0 0 1 0 0 1
121 121 uniform 4 23 1219 3 0.0001 1.2184560116665608 0.0031441569224398254 0.18696182653288365 0.048728623102788485 -0.34458799945867591 0.086120988409365218 0 -0.082301979070245834 3.0679399809917656 OK 13 12 0.37548900000000002 0.25591799999999998 0.094920000000000004 0.27655600000000002 0.13861399999999999 0 0.098932999999999993 0.11730399999999999 0.094920000000000004 0.0086569999999999998 0.0085240000000000003 0.0079810000000000002 0.066187999999999997 0.086173 0.064999000000000015 0.0042420000000000001 0.0039129999999999998 0.003833 0.00098799999999999995 0.0010549999999999999 0.00094299999999999994 3.0679398915563327 3.0679398915563327 3.0679398915563327 0.0001225456388249017 0.0001225456388249017 0.0001225456388249017 1 1 1 Converged Converged Converged OK OK OK 83 83 83 83 83 83 5 5 5 0 0 0 0 1 0 0 1
122 122 linear 0 0 1220 0 0.001 0.50143567613779017 0.0021871017796586379 0.00059955406409507416 1.488792443145045 0.16213156787616639 1.4886725323322261 0.5 -1.4875782348126134 3.8478335028475921 OK 14 13 0.65396900000000002 0.66275399999999995 0.15652099999999999 0.49356699999999998 0.50093600000000005 0 0.16040200000000004 0.16181799999999991 0.15652099999999999 0.012033 0.011964000000000001 0.011504 0.12009999999999998 0.12155099999999998 0.11723600000000005 0.0037339999999999999 0.003836 0.0036570000000000001 0.0009810000000000001 0.0010089999999999999 0.00095399999999999999 3.8478228657030922 3.8478228657030922 3.8478228657030922 0.00340821518057426 0.00340821518057426 0.00340821518057426 1 1 1 Converged Converged Converged OK OK OK 82 82 82 82 82 82 6 6 6 0 0 0 0 0 1 0 0
122 122 linear 0 7 1220 1 0.001 0.50143567613779017 0.0021871017796586379 0.00059955406409507416 1.488792443145045 0.16213156787616639 1.4887455215226375 0.5 -1.4876512240030249 3.7310397121031871 OK 14 13 0.78129300000000002 0.71191000000000004 0.153783 0.62015699999999996 0.47589900000000002 0 0.16113600000000006 0.23601100000000003 0.153783 0.011054 0.011188 0.010333999999999999 0.12847900000000001 0.20261300000000002 0.12249000000000004 0.003823 0.0042139999999999999 0.0037030000000000001 0.00098300000000000015 0.0010059999999999999 0.00093500000000000007 3.7310584029581029 3.7310584029581029 3.7310584029581029 0.0033272983362600882 0.0033272983362600882 0.0033272983362600882 1 1 1 Converged Converged Converged OK OK OK 82 82 82 82 82 82 6 6 6 0 0 0 0 1 0 0 1
122 122 linear 0 15 1220 2 0.001 0.50143567613779017 0.0021871017796586379 0.00059955406409507416 1.488792443145045 0.16213156787616639 1.4888289377402508 0.5 -1.4877346402206382 3.58411545879523 OK 14 13 0.77089099999999999 0.70674000000000003 0.15096599999999999 0.61494899999999997 0.48084900000000003 0 0.15594200000000003 0.22589100000000001 0.15096599999999999 0.010754 0.010923 0.010225 0.12356399999999998 0.19334899999999999 0.11983499999999996 0.0037280000000000004 0.0038190000000000003 0.0035720000000000001 0.00094600000000000001 0.00097100000000000007 0.00093800000000000003 3.5841394260707737 3.5841394260707737 3.5841394260707737 0.0032534008447563413 0.0032534008447563413 0.0032534008447563413 1 1 1 Converged Converged Converged OK OK OK 82 82 82 82 82 82 6 6 6 0 0 0 0 1 0 0 1
122 122 linear 0 23 1220 3 0.001 0.50143567613779017 0.0021871017796586379 0.00059955406409507416 1.488792443145045 0.16213156787616639 1.4889123539578639 0.5 -1.4878180564382513 3.4244596810524119 OK 14 13 0.62489300000000003 0.53751000000000004 0.15137 0.45821400000000001 0.30241899999999999 0 0.16667900000000002 0.23509100000000005 0.15137 0.012095 0.01095 0.010194999999999999 0.13262699999999999 0.20183300000000001 0.12028499999999999 0.0036940000000000002 0.0039889999999999995 0.0036360000000000003 0.00099700000000000006 0.001039 0.0010059999999999999 3.4244678519186604 3.4244678519186604 3.4244678519186604 0.0031970977361238085 0.0031970977361238085 0.0031970977361238085 1 1 1 Converged Converged Converged OK OK OK 82 82 82 82 82 82 6 6 6 0 0 0 0 1 0 0 1
122 122 linear 0 0 1220 0 0.0001 0.50143567613779017 0.0021871017796586379 0.00059955406409507416 1.488792443145045 0.16213156787616639 1.4886725323322261 0.5 -1.4875782348126134 3.8478335028475921 OK 14 13 0.73843000000000003 0.73510399999999998 0.24116000000000001 0.49689299999999997 0.49784099999999998 0 0.24153700000000006 0.237263 0.24116000000000001 0.011995 0.011917000000000001 0.01149 0.18221700000000005 0.17860000000000004 0.18221399999999996 0.0063110000000000006 0.0062779999999999997 0.0063569999999999998 0.0014330000000000002 0.0014200000000000003 0.0014470000000000002 3.8478228674410513 3.8478228674410513 3.8478228674410513 0.00025821500008745381 0.00025821500008745381 0.00025821500008745381 1 1 1 Converged Converged Converged OK OK OK 130 130 130 130 130 130 6 6 6 0 0 0 0 0 1 0 0
122 122 linear 0 7 1220 1 0.0001 0.50143567613779017 0.0021871017796586379 0.00059955406409507416 1.488792443145045 0.16213156787616639 1.4887455215226375 0.5 -1.4876512240030249 3.7310397121031871 OK 14 13 0.86254799999999998 0.84561900000000001 0.231985 0.62599000000000005 0.47749399999999997 0 0.23655799999999993 0.36812500000000004 0.231985 0.011068 0.011079 0.010351000000000001 0.18944899999999998 0.3207270000000001 0.18573399999999998 0.0062620000000000002 0.0063600000000000002 0.0062900000000000005 0.0014579999999999999 0.001423 0.0014270000000000001 3.731058404689318 3.731058404689318 3.731058404689318 0.0001825283872007406 0.0001825283872007406 0.0001825283872007406 1 1 1 Converged Converged Converged OK OK OK 130 130 130 130 130 130 6 6 6 0 0 0 0 1 0 0 1
122 122 linear 0 15 1220 2 0.0001 0.50143567613779017 0.0021871017796586379 0.00059955406409507416 1.488792443145045 0.16213156787616639 1.4888289377402508 0.5 -1.4877346402206382 3.58411545879523 OK 14 13 0.82524600000000004 0.806118 0.197433 0.62290599999999996 0.47841600000000001 0 0.20234000000000008 0.32770199999999999 0.197433 0.010838 0.010874999999999999 0.010293999999999999 0.16020999999999999 0.28527899999999995 0.15617499999999998 0.0052999999999999992 0.0054299999999999999 0.0054489999999999999 0.0012640000000000001 0.0012790000000000002 0.0012599999999999998 3.5841394276605647 3.5841394276605647 3.5841394276605647 0.00034463169419598561 0.00034463169419598561 0.00034463169419598561 1 1 1 Converged Converged Converged OK OK OK 114 114 114 114 114 114 6 6 6 0 0 0 0 1 0 0 1
122 122 linear 0 23 1220 3 0.0001 0.50143567613779017 0.0021871017796586379 0.00059955406409507416 1.488792443145045 0.16213156787616639 1.4889123539578639 0.5 -1.4878180564382513 3.4244596810524119 OK 14 13 0.65109099999999998 0.62546000000000002 0.19869100000000001 0.44776500000000002 0.30251 0 0.20332599999999995 0.32295000000000001 0.19869100000000001 0.010939000000000001 0.011018 0.010291 0.16124100000000005 0.28020099999999992 0.15772099999999994 0.0053800000000000002 0.0056779999999999999 0.0053320000000000008 0.0012260000000000001 0.001286 0.0012560000000000002 3.4244678535035495 3.4244678535035495 3.4244678535035495 0.00029087179709433406 0.00029087179709433406 0.00029087179709433406 1 1 1 Converged Converged Converged OK OK OK 114 114 114 114 114 114 6 6 6 0 0 0 0 1 0 0 1
122 122 linear 1 0 1221 0 0.001 0.50143567613779017 0.0021871017796586379 0.00059955406409507416 1.4848475095369218 0.16248043534817896 1.4847275987241029 0.5 -1.4836333012044902 3.8842547196811572 OK 14 13 0.77909200000000001 0.77850900000000001 0.160662 0.61087100000000005 0.616645 0 0.16822099999999995 0.16186400000000001 0.160662 0.011847 0.011927 0.011521 0.12852999999999995 0.12209200000000001 0.121361 0.0036839999999999998 0.0037260000000000001 0.0037260000000000001 0.00095500000000000001 0.0009859999999999999 0.00097599999999999998 3.884253215434434 3.884253215434434 3.884253215434434 0.0033743299985944161 0.0033743299985944161 0.0033743299985944161 1 1 1 Converged Converged Converged OK OK OK 82 82 82 82 82 82 6 6 6 0 0 0 0 0 1 0 0
122 122 linear 1 7 1221 1 0.001 0.50143567613779017 0.0021871017796586379 0.00059955406409507416 1.4848475095369218 0.16248043534817896 1.4848005879145143 0.5 -1.4837062903949017 3.953807775744016 OK 14 13 0.914412 0.84771700000000005 0.15140600000000001 0.75849299999999997 0.60860099999999995 0 0.15591900000000003 0.23911600000000011 0.15140600000000001 0.011088000000000001 0.010968 0.010330000000000001 0.12322299999999994 0.20684099999999997 0.12020900000000001 0.0037099999999999998 0.0035650000000000005 0.0035309999999999999 0.00099899999999999989 0.001023 0.00097599999999999998 3.9538100899029724 3.9538100899029724 3.9538100899029724 0.0035488379120164983 0.0035488379120164983 0.0035488379120164983 1 1 1 Converged Converged Converged OK OK OK 82 82 82 82 82 82 6 6 6 0 0 0 0 1 0 0 1
122 122 linear 1 15 1221 2 0.001 0.50143567613779017 0.0021871017796586379 0.00059955406409507416 1.4848475095369218 0.16248043534817896 1.4848840041321276 0.5 -1.483789706612515 4.0041193513528119 OK 14 13 0.88545399999999996 0.82653299999999996 0.155357 0.72966399999999998 0.590642 0 0.15578999999999998 0.23589099999999996 0.155357 0.010876 0.01102 0.010266000000000001 0.123947 0.20371300000000003 0.12449800000000001 0.0035000000000000001 0.003604 0.0034880000000000002 0.00093100000000000019 0.00096400000000000001 0.00091399999999999999 4.0041243896101513 4.0041243896101513 4.0041243896101513 0.0037948358389975384 0.0037948358389975384 0.0037948358389975384 1 1 1 Converged Converged Converged OK OK OK 82 82 82 82 82 82 6 6 6 0 0 0 0 1 0 0 1
122 122 linear 1 23 1221 3 0.001 0.50143567613779017 0.0021871017796586379 0.00059955406409507416 1.4848475095369218 0.16248043534817896 1.4849674203497407 0.5 -1.4838731228301281 4.0195186330763288 OK 14 13 0.77708699999999997 0.74258400000000002 0.175151 0.60175400000000001 0.466306 0 0.17533299999999996 0.27627800000000002 0.175151 0.010961 0.010871 0.010366999999999999 0.13694199999999998 0.23727900000000005 0.13428299999999993 0.0045979999999999997 0.0048840000000000003 0.0047429999999999998 0.0011310000000000001 0.0011880000000000003 0.001155 4.0195179110960257 4.0195179110960257 4.0195179110960257 0.0022789795640365978 0.0022789795640365978 0.0022789795640365978 1 1 1 Converged Converged Converged OK OK OK 98 98 98 98 98 98 6 6 6 0 0 0 0 1 0 0 1
122 122 linear 1 0 1221 0 0.0001 0.50143567613779017 0.0021871017796586379 0.00059955406409507416 1.4848475095369218 0.16248043534817896 1.4847275987241029 0.5 -1.4836333012044902 3.8842547196811572 OK 14 13 0.86034600000000006 0.85697400000000001 0.238037 0.61736999999999997 0.61689300000000002 0 0.24297600000000008 0.24008099999999999 0.238037 0.011903 0.012037000000000001 0.011587999999999999 0.18479199999999985 0.18192999999999998 0.18102300000000013 0.0064839999999999993 0.0068260000000000005 0.006483 0.0014970000000000003 0.0015219999999999999 0.001513 3.884253260534027 3.884253260534027 3.884253260534027 0.00038202791496585032 0.00038202791496585032 0.00038202791496585032 1 1 1 Converged Converged Converged OK OK OK 130 130 130 130 130 130 6 6 6 0 0 0 0 0 1 0 0
122 122 linear 1 7 1221 1 0.0001 0.50143567613779017 0.0021871017796586379 0.00059955406409507416 1.4848475095369218 0.16248043534817896 1.4848005879145143 0.5 -1.4837062903949017 3.953807775744016 OK 14 13 1.0209999999999999 1.0260119999999999 0.25833899999999999 0.76073599999999997 0.61612699999999998 0 0.26026399999999994 0.40988499999999994 0.25833899999999999 0.010861000000000001 0.011010000000000001 0.010312 0.20711299999999999 0.35652999999999996 0.20641399999999999 0.007490000000000001 0.0073240000000000006 0.0071860000000000005 0.0016439999999999998 0.0015939999999999999 0.0015640000000000001 3.9538101402795949 3.9538101402795949 3.9538101402795949 0.00012255868493732299 0.00012255868493732299 0.00012255868493732299 1 1 1 Converged Converged Converged OK OK OK 146 146 146 146 146 146 6 6 6 0 0 0 0 1 0 0 1
122 122 linear 1 15 1221 2 0.0001 0.50143567613779017 0.0021871017796586379 0.00059955406409507416 1.4848475095369218 0.16248043534817896 1.4848840041321276 0.5 -1.483789706612515 4.0041193513528119 OK 14 13 0.98957600000000001 1.0018199999999999 0.25357600000000002 0.72928800000000005 0.59092800000000001 0 0.26028799999999996 0.41089199999999992 0.25357600000000002 0.011065 0.011013 0.010303 0.20905500000000007 0.35992600000000002 0.20441800000000004 0.0075500000000000003 0.0074819999999999999 0.0070299999999999998 0.0015739999999999999 0.0015530000000000001 0.001474 4.0041244197174617 4.0041244197174617 4.0041244197174617 0.00014464732698950061 0.00014464732698950061 0.00014464732698950061 1 1 1 Converged Converged Converged OK OK OK 146 146 146 146 146 146 6 6 6 0 0 0 0 1 0 0 1
122 122 linear 1 23 1221 3 0.0001 0.50143567613779017 0.0021871017796586379 0.00059955406409507416 1.4848475095369218 0.16248043534817896 1.4849674203497407 0.5 -1.4838731228301281 4.0195186330763288 OK 14 13 0.85233800000000004 0.86455499999999996 0.24574599999999999 0.59999499999999995 0.464727 0 0.2523430000000001 0.39982799999999996 0.24574599999999999 0.010919 0.010998000000000001 0.010243 0.20099000000000003 0.34921699999999983 0.19665799999999989 0.0076340000000000002 0.0071459999999999996 0.007038 0.001738 0.0015379999999999999 0.0015739999999999997 4.0195178577459698 4.0195178577459698 4.0195178577459698 0.00014418684457303163 0.00014418684457303163 0.00014418684457303163 1 1 1 Converged Converged Converged OK OK OK 146 146 146 146 146 146 6 6 6 0 0 0 0 1 0 0 1
122 122 linear 2 0 1222 0 0.001 0.50143567613779017 0.0021871017796586379 0.00059955406409507416 1.4883184374811602 0.16155280280597259 1.4881985266683413 0.5 -1.4871042291487286 4.7084961736122892 OK 14 13 0.80611900000000003 0.82715499999999997 0.14355499999999999 0.65923699999999996 0.67549899999999996 0 0.14688200000000007 0.15165600000000001 0.14355499999999999 0.01184 0.012793000000000001 0.011431 0.10923900000000002 0.11300699999999997 0.10656600000000001 0.0036320000000000002 0.0036059999999999998 0.0035209999999999998 0.0010119999999999999 0.00097100000000000007 0.0010039999999999999 4.7084934220312267 4.7084934220312267 4.7084934220312267 0.0039246092806750075 0.0039246092806750075 0.0039246092806750075 1 1 1 Converged Converged Converged OK OK OK 75 75 75 75 75 75 5 5 5 0 0 0 0 0 1 0 0
122 122 linear 2 7 1222 1 0.001 0.50143567613779017 0.0021871017796586379 0.00059955406409507416 1.4883184374811602 0.16155280280597259 1.4882715158587527 0.5 -1.4871772183391401 4.7681283207321989 OK 14 13 0.68118800000000002 0.65546499999999996 0.13660700000000001 0.54103699999999999 0.41636699999999999 0 0.14015100000000003 0.23909799999999998 0.13660700000000001 0.010965000000000001 0.012137 0.010208 0.10894000000000002 0.20463600000000004 0.10664399999999996 0.0034860000000000004 0.0039740000000000001 0.003441 0.00094799999999999995 0.001044 0.00096000000000000002 4.7681342124621127 4.7681342124621127 4.7681342124621127 0.004161779659116553 0.004161779659116553 0.004161779659116553 1 1 1 Converged Converged Converged OK OK OK 75 75 75 75 75 75 5 5 5 0 0 0 0 1 0 0 1
122 122 linear 2 15 1222 2 0.001 0.50143567613779017 0.0021871017796586379 0.00059955406409507416 1.4883184374811602 0.16155280280597259 1.488354932076366 0.5 -1.4872606345567534 4.8545109292675246 OK 14 13 0.82314600000000004 0.76419599999999999 0.13424900000000001 0.68459800000000004 0.55256499999999997 0 0.138548 0.21163100000000001 0.13424900000000001 0.010952999999999999 0.010949 0.010252000000000001 0.107474 0.18056900000000009 0.10446399999999999 0.0035049999999999999 0.0035200000000000001 0.0033969999999999998 0.00092900000000000003 0.00090700000000000004 0.00087100000000000003 4.8545121347479423 4.8545121347479423 4.8545121347479423 0.004717049824894193 0.004717049824894193 0.004717049824894193 1 1 1 Converged Converged Converged OK OK OK 75 75 75 75 75 75 5 5 5 0 0 0 0 1 0 0 1
122 122 linear 2 23 1222 3 0.001 0.50143567613779017 0.0021871017796586379 0.00059955406409507416 1.4883184374811602 0.16155280280597259 1.4884383482939791 0.5 -1.4873440507743665 4.9810139259751027 OK 14 13 0.83010899999999999 0.76927100000000004 0.170656 0.65141000000000004 0.51205000000000001 0 0.17869899999999994 0.25722100000000003 0.170656 0.01074 0.010914 0.010145 0.14112 0.219862 0.13444099999999998 0.004627 0.0043960000000000006 0.0045199999999999997 0.0011220000000000002 0.0010890000000000001 0.0010630000000000001 4.9810167530042087 4.9810167530042087 4.9810167530042087 0.0042421904231556189 0.0042421904231556189 0.0042421904231556189 1 1 1 Converged Converged Converged OK OK OK 91 91 91 91 91 91 5 5 5 0 0 0 0 1 0 0 1
122 122 linear 2 0 1222 0 0.0001 0.50143567613779017 0.0021871017796586379 0.00059955406409507416 1.4883184374811602 0.16155280280597259 1.4881985266683413 0.5 -1.4871042291487286 4.7084961736122892 OK 14 13 0.920686 0.91786500000000004 0.25178699999999998 0.65962200000000004 0.66367299999999996 0 0.26106399999999996 0.25419200000000008 0.25178699999999998 0.011884 0.012158 0.011355000000000001 0.19516299999999998 0.19134500000000007 0.19020900000000016 0.0072909999999999997 0.0076070000000000009 0.0071650000000000004 0.0015109999999999998 0.0016679999999999998 0.00148 4.7084936039376046 4.7084936039376046 4.7084936039376046 0.00022987687185005849 0.00022987687185005849 0.00022987687185005849 1 1 1 Converged Converged Converged OK OK OK 139 139 139 139 139 139 5 5 5 0 0 0 0 0 1 0 0
122 122 linear 2 7 1222 1 0.0001 0.50143567613779017 0.0021871017796586379 0.00059955406409507416 1.4883184374811602 0.16155280280597259 1.4882715158587527 0.5 -1.4871772183391401 4.7681283207321989 OK 14 13 0.79440999999999995 0.77948700000000004 0.24246400000000001 0.53711299999999995 0.40787899999999999 0 0.257297 0.37160800000000005 0.24246400000000001 0.010841999999999999 0.011169 0.010191 0.20068600000000017 0.32114199999999998 0.194128 0.0070760000000000007 0.0074510000000000002 0.0070530000000000002 0.0015349999999999999 0.001586 0.0015299999999999999 4.7681344260588832 4.7681344260588832 4.7681344260588832 0.00023586263231958619 0.00023586263231958619 0.00023586263231958619 1 1 1 Converged Converged Converged OK OK OK 139 139 139 139 139 139 5 5 5 0 0 0 0 1 0 0 1
122 122 linear 2 15 1222 2 0.0001 0.50143567613779017 0.0021871017796586379 0.00059955406409507416 1.4883184374811602 0.16155280280597259 1.488354932076366 0.5 -1.4872606345567534 4.8545109292675246 OK 14 13 0.90397700000000003 0.88400999999999996 0.21820600000000001 0.68505199999999999 0.54905800000000005 0 0.21892500000000004 0.33495199999999992 0.21820600000000001 0.011001 0.011010000000000001 0.010322 0.17389100000000005 0.28987199999999974 0.17482499999999998 0.0062070000000000007 0.0065139999999999998 0.0061199999999999996 0.001304 0.0013320000000000001 0.0013480000000000002 4.8545124341222836 4.8545124341222836 4.8545124341222836 0.00048324327985436609 0.00048324327985436609 0.00048324327985436609 1 1 1 Converged Converged Converged OK OK OK 123 123 123 123 123 123 5 5 5 0 0 0 0 1 0 0 1
122 122 linear 2 23 1222 3 0.0001 0.50143567613779017 0.0021871017796586379 0.00059955406409507416 1.4883184374811602 0.16155280280597259 1.4884383482939791 0.5 -1.4873440507743665 4.9810139259751027 OK 14 13 0.89815199999999995 0.86388100000000001 0.214895 0.66766800000000004 0.51285000000000003 0 0.23048399999999991 0.35103099999999998 0.214895 0.012120000000000001 0.011046 0.010286999999999999 0.18416199999999996 0.305261 0.17175300000000004 0.0062760000000000003 0.0067620000000000006 0.0061480000000000007 0.0013739999999999998 0.0013399999999999998 0.001297 4.981017437413537 4.981017437413537 4.981017437413537 0.00049021608166325127 0.00049021608166325127 0.00049021608166325127 1 1 1 Converged Converged Converged OK OK OK 123 123 123 123 123 123 5 5 5 0 0 0 0 1 0 0 1
122 122 linear 3 0 1223 0 0.001 0.50143567613779017 0.0021871017796586379 0.00059955406409507416 0.0011011873681241134 0.00070935077051417935 0.00098127655530509867 0.5 0.00011302096430757381 639.8211657684293 OK 12 11 0.47972999999999999 0.479437 0.1202 0.359846 0.35838700000000001 0 0.11988399999999999 0.12104999999999999 0.1202 0.010005 0.0099810000000000003 0.010831 0.089745000000000019 0.092141000000000015 0.089679999999999982 0.0035009999999999998 0.0028809999999999999 0.0032810000000000001 0.00065099999999999999 0.00067599999999999995 0.0006820000000000001 639.86287209021407 639.86287209021407 639.86287209021407 0.28637128590723754 0.28637128590723754 0.28637128590723754 1 1 1 Converged Converged Converged OK OK OK 60 60 60 60 60 60 4 4 4 0 0 0 0 0 1 0 0
122 122 linear 3 7 1223 1 0.001 0.50143567613779017 0.0021871017796586379 0.00059955406409507416 0.0011011873681241134 0.00070935077051417935 0.0010542657457166729 0.5 4.0031773895999635e-05 627.00957144892527 OK 12 11 0.52502499999999996 0.49832199999999999 0.113994 0.40768100000000002 0.27549800000000002 0 0.11734399999999995 0.22282399999999997 0.113994 0.0091520000000000004 0.0091800000000000007 0.0085540000000000008 0.091620000000000021 0.19656199999999993 0.08933300000000001 0.00313 0.0033140000000000001 0.003114 0.00058100000000000003 0.00062799999999999998 0.00059299999999999999 627.04230302373765 627.04230302373765 627.04230302373765 0.25192241639495572 0.25192241639495572 0.25192241639495572 1 1 1 Converged Converged Converged OK OK OK 60 60 60 60 60 60 4 4 4 0 0 0 0 1 0 0 1
122 122 linear 3 15 1223 2 0.001 0.50143567613779017 0.0021871017796586379 0.00059955406409507416 0.0011011873681241134 0.00070935077051417935 0.0011376819633299006 0.5 -4.3384443717228152e-05 610.02079356996467 OK 12 11 0.50594799999999995 0.47777199999999997 0.106708 0.39492699999999997 0.265656 0 0.11102099999999998 0.21211599999999997 0.106708 0.0090650000000000001 0.0091839999999999995 0.0085120000000000005 0.085412000000000002 0.18609099999999998 0.082431999999999991 0.0031410000000000001 0.003323 0.002885 0.00059500000000000004 0.00061700000000000004 0.00057600000000000001 610.04570676294009 610.04570676294009 610.04570676294009 0.23083865576767199 0.23083865576767199 0.23083865576767199 1 1 1 Converged Converged Converged OK OK OK 60 60 60 60 60 60 4 4 4 0 0 0 0 1 0 0 1
122 122 linear 3 23 1223 3 0.001 0.50143567613779017 0.0021871017796586379 0.00059955406409507416 0.0011011873681241134 0.00070935077051417935 0.0012210981809431282 0.5 -0.00012680066133045572 591.22602659685981 OK 12 11 0.43335600000000002 0.39139299999999999 0.112315 0.31795099999999998 0.18570400000000001 0 0.11540500000000004 0.20568899999999998 0.112315 0.0084390000000000003 0.0083999999999999995 0.008071 0.090696000000000013 0.18035199999999998 0.088516000000000011 0.0028249999999999998 0.0031949999999999999 0.0029150000000000001 0.00057899999999999998 0.00060599999999999998 0.00056999999999999998 591.24507429934386 591.24507429934386 591.24507429934386 0.22140212934682696 0.22140212934682696 0.22140212934682696 1 1 1 Converged Converged Converged OK OK OK 60 60 60 60 60 60 4 4 4 0 0 0 0 1 0 0 1
122 122 linear 3 0 1223 0 0.0001 0.50143567613779017 0.0021871017796586379 0.00059955406409507416 0.0011011873681241134 0.00070935077051417935 0.00098127655530509867 0.5 0.00011302096430757381 639.8211657684293 OK 12 11 0.56278600000000001 0.55753699999999995 0.18947900000000001 0.37119799999999997 0.36812600000000001 0 0.19158800000000004 0.18941099999999994 0.18947900000000001 0.0098930000000000008 0.010049000000000001 0.0098480000000000009 0.14948699999999995 0.14645199999999997 0.14606299999999994 0.006267 0.0071939999999999999 0.0075180000000000004 0.00095000000000000011 0.00092900000000000003 0.000959 639.8209662137059 639.8209662137059 639.8209662137059 0.060174827013429973 0.060174827013429973 0.060174827013429973 1 1 1 Converged Converged Converged OK OK OK 108 108 108 108 108 108 4 4 4 0 0 0 0 0 1 0 0
122 122 linear 3 7 1223 1 0.0001 0.50143567613779017 0.0021871017796586379 0.00059955406409507416 0.0011011873681241134 0.00070935077051417935 0.0010542657457166729 0.5 4.0031773895999635e-05 627.00957144892527 OK 12 11 0.63143899999999997 0.62852600000000003 0.20619999999999999 0.41410799999999998 0.279111 0 0.217331 0.34941500000000003 0.20619999999999999 0.009195 0.0091830000000000002 0.0087209999999999996 0.17343200000000009 0.30963200000000013 0.16716499999999995 0.0091740000000000016 0.0067030000000000006 0.0067780000000000002 0.0011060000000000002 0.00099200000000000004 0.0010399999999999999 627.00937525307711 627.00937525307711 627.00937525307711 0.011422086119205624 0.011422086119205624 0.011422086119205624 1 1 1 Converged Converged Converged OK OK OK 116 116 116 116 116 116 4 4 4 0 0 0 0 1 0 0 1
122 122 linear 3 15 1223 2 0.0001 0.50143567613779017 0.0021871017796586379 0.00059955406409507416 0.0011011873681241134 0.00070935077051417935 0.0011376819633299006 0.5 -4.3384443717228152e-05 610.02079356996467 OK 12 11 0.612738 0.62408799999999998 0.201433 0.398142 0.26501000000000002 0 0.21459600000000001 0.35907799999999995 0.201433 0.0093200000000000002 0.0091559999999999992 0.0086870000000000003 0.17450199999999996 0.32091099999999995 0.16464699999999993 0.0081659999999999996 0.0065659999999999989 0.0065060000000000005 0.0010179999999999998 0.001011 0.00098799999999999995 610.02056511201556 610.02056511201556 610.02056511201556 0.014591831651981739 0.014591831651981739 0.014591831651981739 1 1 1 Converged Converged Converged OK OK OK 116 116 116 116 116 116 4 4 4 0 0 0 0 1 0 0 1
122 122 linear 3 23 1223 3 0.0001 0.50143567613779017 0.0021871017796586379 0.00059955406409507416 0.0011011873681241134 0.00070935077051417935 0.0012210981809431282 0.5 -0.00012680066133045572 591.22602659685981 OK 12 11 0.48500700000000002 0.456729 0.159081 0.32059399999999999 0.18712200000000001 0 0.16441300000000003 0.26960699999999999 0.159081 0.0084930000000000005 0.0085620000000000002 0.0080520000000000001 0.13376199999999996 0.23924400000000007 0.13000400000000001 0.0043730000000000002 0.0042950000000000002 0.0040489999999999996 0.00085999999999999987 0.00087399999999999999 0.00083099999999999992 591.22598136236195 591.22598136236195 591.22598136236195 0.054463102242620076 0.054463102242620076 0.054463102242620076 1 1 1 Converged Converged Converged OK OK OK 84 84 84 84 84 84 4 4 4 0 0 0 0 1 0 0 1
122 122 linear 4 0 1224 0 0.001 0.50143567613779017 0.0021871017796586379 0.00059955406409507416 1.4824945567792656 -0.16167068444109925 1.4823746459664466 0.5 -1.481280348446834 1.7625868925466688 OK 13 12 0.45682499999999998 0.461343 0.113229 0.34011799999999998 0.34587099999999998 0 0.11670700000000001 0.11547200000000002 0.113229 0.0089849999999999999 0.0091509999999999994 0.0087220000000000006 0.08581599999999999 0.084746000000000044 0.083546000000000023 0.0031740000000000002 0.003107 0.00298 0.00069399999999999996 0.00068500000000000006 0.00067099999999999994 1.762585820406307 1.762585820406307 1.762585820406307 0.0011800780530909416 0.0011800780530909416 0.0011800780530909416 1 1 1 Converged Converged Converged OK OK OK 61 61 61 61 61 61 3 3 3 0 0 0 0 0 1 0 0
122 122 linear 4 7 1224 1 0.001 0.50143567613779017 0.0021871017796586379 0.00059955406409507416 1.4824945567792656 -0.16167068444109925 1.4824476351568581 0.5 -1.4813533376372454 1.7682471747800761 OK 13 12 0.48610900000000001 0.44630799999999998 0.10712000000000001 0.37611 0.23632800000000001 0 0.10999900000000001 0.20997999999999997 0.10712000000000001 0.0082330000000000007 0.0081840000000000003 0.0076119999999999998 0.08275200000000002 0.18259400000000001 0.080995000000000011 0.0030990000000000002 0.0032030000000000001 0.003117 0.00069399999999999996 0.00071299999999999998 0.000687 1.7682461309688371 1.7682461309688371 1.7682461309688371 0.0011899272346765184 0.0011899272346765184 0.0011899272346765184 1 1 1 Converged Converged Converged OK OK OK 61 61 61 61 61 61 3 3 3 0 0 0 0 1 0 0 1
122 122 linear 4 15 1224 2 0.001 0.50143567613779017 0.0021871017796586379 0.00059955406409507416 1.4824945567792656 -0.16167068444109925 1.4825310513744714 0.5 -1.4814367538548587 1.774817294616674 OK 13 12 0.50212599999999996 0.45798499999999998 0.10812099999999999 0.390762 0.252583 0 0.11136399999999996 0.20540199999999997 0.10812099999999999 0.0082749999999999994 0.0082819999999999994 0.0077200000000000003 0.083740000000000009 0.17791000000000012 0.081935000000000022 0.0033099999999999996 0.003235 0.0030899999999999999 0.00069099999999999999 0.000696 0.00066100000000000002 1.7748162732684425 1.7748162732684425 1.7748162732684425 0.0012013660302342517 0.0012013660302342517 0.0012013660302342517 1 1 1 Converged Converged Converged OK OK OK 61 61 61 61 61 61 3 3 3 0 0 0 0 1 0 0 1
122 122 linear 4 23 1224 3 0.001 0.50143567613779017 0.0021871017796586379 0.00059955406409507416 1.4824945567792656 -0.16167068444109925 1.4826144675920845 0.5 -1.4815201700724718 1.7814974806167312 OK 13 12 0.44420199999999999 0.399148 0.10648299999999999 0.33450299999999999 0.19626299999999999 0 0.10969899999999999 0.20288500000000001 0.10648299999999999 0.0083610000000000004 0.0082990000000000008 0.0076049999999999998 0.082214999999999983 0.17553400000000005 0.08047 0.0031899999999999997 0.0032169999999999998 0.0030689999999999997 0.00069200000000000002 0.00067800000000000011 0.00066200000000000005 1.7814964093590764 1.7814964093590764 1.7814964093590764 0.001213003351320855 0.001213003351320855 0.001213003351320855 1 1 1 Converged Converged Converged OK OK OK 61 61 61 61 61 61 3 3 3 0 0 0 0 1 0 0 1
122 122 linear 4 0 1224 0 0.0001 0.50143567613779017 0.0021871017796586379 0.00059955406409507416 1.4824945567792656 -0.16167068444109925 1.4823746459664466 0.5 -1.481280348446834 1.7625868925466688 OK 13 12 0.48579 0.48350799999999999 0.144427 0.342808 0.34178399999999998 0 0.142982 0.14172400000000002 0.144427 0.0087530000000000004 0.0089180000000000006 0.0084600000000000005 0.10669999999999995 0.104904 0.108484 0.0041380000000000002 0.0040330000000000001 0.0041380000000000002 0.00080800000000000002 0.000794 0.00079199999999999995 1.7625858209904779 1.7625858209904779 1.7625858209904779 0.00017044376574064455 0.00017044376574064455 0.00017044376574064455 1 1 1 Converged Converged Converged OK OK OK 77 77 77 77 77 77 3 3 3 0 0 0 0 0 1 0 0
122 122 linear 4 7 1224 1 0.0001 0.50143567613779017 0.0021871017796586379 0.00059955406409507416 1.4824945567792656 -0.16167068444109925 1.4824476351568581 0.5 -1.4813533376372454 1.7682471747800761 OK 13 12 0.51282000000000005 0.50245399999999996 0.13237099999999999 0.37689600000000001 0.23617299999999999 0 0.13592400000000004 0.26628099999999999 0.13237099999999999 0.0082229999999999994 0.0082179999999999996 0.0076319999999999999 0.10365400000000001 0.23301900000000006 0.10158999999999996 0.0040290000000000005 0.0042069999999999998 0.0038740000000000003 0.00081700000000000002 0.00084899999999999993 0.0007899999999999999 1.7682461315548901 1.7682461315548901 1.7682461315548901 0.00017223260175918643 0.00017223260175918643 0.00017223260175918643 1 1 1 Converged Converged Converged OK OK OK 77 77 77 77 77 77 3 3 3 0 0 0 0 1 0 0 1
122 122 linear 4 15 1224 2 0.0001 0.50143567613779017 0.0021871017796586379 0.00059955406409507416 1.4824945567792656 -0.16167068444109925 1.4825310513744714 0.5 -1.4814367538548587 1.774817294616674 OK 13 12 0.53660799999999997 0.51133899999999999 0.13392000000000001 0.39887099999999998 0.25514199999999998 0 0.137737 0.25619700000000001 0.13392000000000001 0.0081939999999999999 0.008378 0.0076740000000000003 0.10552500000000001 0.22341799999999995 0.10275599999999999 0.0039880000000000002 0.0042030000000000001 0.0039839999999999997 0.00078599999999999991 0.00079299999999999998 0.00077200000000000012 1.7748162738560245 1.7748162738560245 1.7748162738560245 0.00017432014745026069 0.00017432014745026069 0.00017432014745026069 1 1 1 Converged Converged Converged OK OK OK 77 77 77 77 77 77 3 3 3 0 0 0 0 1 0 0 1
122 122 linear 4 23 1224 3 0.0001 0.50143567613779017 0.0021871017796586379 0.00059955406409507416 1.4824945567792656 -0.16167068444109925 1.4826144675920845 0.5 -1.4815201700724718 1.7814974806167312 OK 13 12 0.47114099999999998 0.45216699999999999 0.13067000000000001 0.33706199999999997 0.200513 0 0.134079 0.25165399999999999 0.13067000000000001 0.0081759999999999992 0.0082190000000000006 0.0076940000000000003 0.101739 0.21905900000000003 0.099447000000000008 0.0040260000000000001 0.0041600000000000005 0.0039810000000000002 0.00080199999999999998 0.00081300000000000003 0.00077100000000000009 1.7814964099474604 1.7814964099474604 1.7814964099474604 0.00017645526713150607 0.00017645526713150607 0.00017645526713150607 1 1 1 Converged Converged Converged OK OK OK 77 77 77 77 77 77 3 3 3 0 0 0 0 1 0 0 1
122 122 uniform 0 0 1225 0 0.001 0.50143567613779017 0.0021871017796586379 0.00059955406409507416 1.488792443145045 0.16213156787616639 1.4886725323322261 0 -1.4875782348126134 3.7937583493879199 OK 14 13 0.631243 0.64415800000000001 0.13736000000000001 0.492618 0.50143899999999997 0 0.138625 0.14271900000000004 0.13736000000000001 0.01192 0.013501000000000001 0.011512 0.099017999999999967 0.10097999999999999 0.098675000000000013 0.0035170000000000002 0.0034870000000000001 0.0035019999999999999 0.00094299999999999994 0.00095100000000000002 0.00094600000000000001 3.7937584332452143 3.7937584332452143 3.7937584332452143 0.00082902298359347664 0.00082902298359347664 0.00082902298359347664 1 1 1 Converged Converged Converged OK OK OK 82 82 82 82 82 82 6 6 6 0 0 0 0 0 1 0 0
122 122 uniform 0 7 1225 1 0.001 0.50143567613779017 0.0021871017796586379 0.00059955406409507416 1.488792443145045 0.16213156787616639 1.4887455215226375 0 -1.4876512240030249 3.6890045549573367 OK 14 13 0.752502 0.676311 0.12537300000000001 0.62549299999999997 0.474354 0 0.12700900000000004 0.201957 0.12537300000000001 0.010867 0.011032999999999999 0.010355 0.096900000000000042 0.17138400000000004 0.096235000000000001 0.0031029999999999999 0.0032309999999999995 0.0030900000000000003 0.00078699999999999994 0.00077000000000000007 0.00073799999999999994 3.6890083920458951 3.6890083920458951 3.6890083920458951 0.0036099403441120261 0.0036099403441120261 0.0036099403441120261 1 1 1 Converged Converged Converged OK OK OK 74 74 74 74 74 74 6 6 6 0 0 0 0 1 0 0 1
122 122 uniform 0 15 1225 2 0.001 0.50143567613779017 0.0021871017796586379 0.00059955406409507416 1.488792443145045 0.16213156787616639 1.4888289377402508 0 -1.4877346402206382 3.5588615851846908 OK 14 13 0.74296200000000001 0.67029099999999997 0.12243 0.61890800000000001 0.48133799999999999 0 0.124054 0.18895299999999998 0.12243 0.010887000000000001 0.010897 0.010276 0.094062000000000021 0.15884599999999996 0.093413999999999969 0.0030949999999999997 0.0032509999999999995 0.0031590000000000003 0.00075599999999999994 0.00074899999999999988 0.00073599999999999989 3.5588637238075735 3.5588637238075735 3.5588637238075735 0.0031460571877892592 0.0031460571877892592 0.0031460571877892592 1 1 1 Converged Converged Converged OK OK OK 74 74 74 74 74 74 6 6 6 0 0 0 0 1 0 0 1
122 122 uniform 0 23 1225 3 0.001 0.50143567613779017 0.0021871017796586379 0.00059955406409507416 1.488792443145045 0.16213156787616639 1.4889123539578639 0 -1.4878180564382513 3.4182588448609232 OK 14 13 0.57313899999999995 0.49744300000000002 0.123432 0.44875199999999998 0.30323600000000001 0 0.12438699999999997 0.19420700000000002 0.123432 0.010964 0.011025999999999999 0.010389000000000001 0.094397000000000023 0.16420399999999999 0.094330000000000025 0.0031350000000000002 0.0031460000000000004 0.0031290000000000003 0.00076900000000000004 0.00075299999999999998 0.000745 3.4182598003438365 3.4182598003438365 3.4182598003438365 0.002712676215919055 0.002712676215919055 0.002712676215919055 1 1 1 Converged Converged Converged OK OK OK 74 74 74 74 74 74 6 6 6 0 0 0 0 1 0 0 1
122 122 uniform 0 0 1225 0 0.0001 0.50143567613779017 0.0021871017796586379 0.00059955406409507416 1.488792443145045 0.16213156787616639 1.4886725323322261 0 -1.4875782348126134 3.7937583493879199 OK 14 13 0.67853200000000002 0.70002900000000001 0.17958399999999999 0.49163299999999999 0.50925699999999996 0 0.18689900000000004 0.19077200000000005 0.17958399999999999 0.011854 0.013325 0.011542 0.13425599999999996 0.13462299999999996 0.12842500000000004 0.0054009999999999996 0.0059450000000000006 0.0051589999999999995 0.0011980000000000003 0.001304 0.001186 3.7937584333493546 3.7937584333493546 3.7937584333493546 0.00018740420408803067 0.00018740420408803067 0.00018740420408803067 1 1 1 Converged Converged Converged OK OK OK 114 114 114 114 114 114 6 6 6 0 0 0 0 0 1 0 0
122 122 uniform 0 7 1225 1 0.0001 0.50143567613779017 0.0021871017796586379 0.00059955406409507416 1.488792443145045 0.16213156787616639 1.4887455215226375 0 -1.4876512240030249 3.6890045549573367 OK 14 13 0.79890600000000001 0.82861099999999999 0.174653 0.61911799999999995 0.51425500000000002 0 0.17978800000000006 0.31435599999999997 0.174653 0.010987 0.012099 0.010352 0.13798600000000008 0.26910600000000001 0.13371899999999998 0.0050850000000000001 0.0055459999999999997 0.0050530000000000002 0.001168 0.0012150000000000002 0.001152 3.6890045716034288 3.6890045716034288 3.6890045716034288 0.00014355795943188224 0.00014355795943188224 0.00014355795943188224 1 1 1 Converged Converged Converged OK OK OK 114 114 114 114 114 114 6 6 6 0 0 0 0 1 0 0 1
122 122 uniform 0 15 1225 2 0.0001 0.50143567613779017 0.0021871017796586379 0.00059955406409507416 1.488792443145045 0.16213156787616639 1.4888289377402508 0 -1.4877346402206382 3.5588615851846908 OK 14 13 0.79051899999999997 0.784883 0.16919999999999999 0.61800999999999995 0.483821 0 0.17250900000000002 0.301062 0.16919999999999999 0.010988 0.011084999999999999 0.010245000000000001 0.12967300000000004 0.25461100000000009 0.12884099999999998 0.0057179999999999991 0.0052680000000000001 0.0050130000000000001 0.0011689999999999999 0.001186 0.001175 3.5588615356271411 3.5588615356271411 3.5588615356271411 0.00010447596893617225 0.00010447596893617225 0.00010447596893617225 1 1 1 Converged Converged Converged OK OK OK 114 114 114 114 114 114 6 6 6 0 0 0 0 1 0 0 1
122 122 uniform 0 23 1225 3 0.0001 0.50143567613779017 0.0021871017796586379 0.00059955406409507416 1.488792443145045 0.16213156787616639 1.4889123539578639 0 -1.4878180564382513 3.4182588448609232 OK 14 13 0.60159899999999999 0.55341399999999996 0.14802599999999999 0.451351 0.300732 0 0.15024799999999999 0.25268199999999996 0.14802599999999999 0.0109 0.011004999999999999 0.010246999999999999 0.11349600000000004 0.21573299999999992 0.11268199999999999 0.0042639999999999996 0.0043680000000000004 0.0042090000000000009 0.00107 0.0010790000000000001 0.0010270000000000001 3.4182586279605061 3.4182586279605061 3.4182586279605061 0.00033838297636768817 0.00033838297636768817 0.00033838297636768817 1 1 1 Converged Converged Converged OK OK OK 98 98 98 98 98 98 6 6 6 0 0 0 0 1 0 0 1
122 122 uniform 1 0 1226 0 0.001 0.50143567613779017 0.0021871017796586379 0.00059955406409507416 1.4848475095369218 0.16248043534817896 1.4847275987241029 0 -1.4836333012044902 3.8140147842652081 OK 14 13 0.77146999999999999 0.75220900000000002 0.141821 0.62316800000000006 0.60994999999999999 0 0.14830199999999993 0.14225900000000002 0.141821 0.012999999999999999 0.011852 0.011439 0.10668100000000001 0.10326600000000002 0.102857 0.003509 0.0033610000000000003 0.0035060000000000004 0.0010319999999999999 0.00093900000000000006 0.00097800000000000014 3.8140156612002913 3.8140156612002913 3.8140156612002913 0.00092554011254095201 0.00092554011254095201 0.00092554011254095201 1 1 1 Converged Converged Converged OK OK OK 82 82 82 82 82 82 6 6 6 0 0 0 0 0 1 0 0
122 122 uniform 1 7 1226 1 0.001 0.50143567613779017 0.0021871017796586379 0.00059955406409507416 1.4848475095369218 0.16248043534817896 1.4848005879145143 0 -1.4837062903949017 3.8882221781117545 OK 14 13 0.89344699999999999 0.82546299999999995 0.131968 0.75982499999999997 0.61167800000000006 0 0.13362200000000002 0.21378499999999989 0.131968 0.010998000000000001 0.010808 0.010255 0.10163500000000006 0.18213399999999996 0.10130600000000001 0.0033540000000000002 0.003405 0.0032890000000000003 0.00090899999999999987 0.00093400000000000015 0.00089299999999999991 3.8882231261655917 3.8882231261655917 3.8882231261655917 0.0010422211735109995 0.0010422211735109995 0.0010422211735109995 1 1 1 Converged Converged Converged OK OK OK 82 82 82 82 82 82 6 6 6 0 0 0 0 1 0 0 1
122 122 uniform 1 15 1226 2 0.001 0.50143567613779017 0.0021871017796586379 0.00059955406409507416 1.4848475095369218 0.16248043534817896 1.4848840041321276 0 -1.483789706612515 3.9515822457106964 OK 14 13 0.86248499999999995 0.80900499999999997 0.132748 0.72763500000000003 0.59166099999999999 0 0.13484999999999991 0.21734399999999998 0.132748 0.010984000000000001 0.010985 0.010212000000000001 0.10254200000000001 0.1853789999999999 0.10215299999999992 0.0034680000000000006 0.0034139999999999995 0.0033189999999999999 0.00088999999999999984 0.00091799999999999998 0.00085199999999999989 3.9515833449619922 3.9515833449619922 3.9515833449619922 0.0012028998575431208 0.0012028998575431208 0.0012028998575431208 1 1 1 Converged Converged Converged OK OK OK 82 82 82 82 82 82 6 6 6 0 0 0 0 1 0 0 1
122 122 uniform 1 23 1226 3 0.001 0.50143567613779017 0.0021871017796586379 0.00059955406409507416 1.4848475095369218 0.16248043534817896 1.4849674203497407 0 -1.4838731228301281 3.9881077551739215 OK 14 13 0.73031699999999999 0.678948 0.12962799999999999 0.59882199999999997 0.46839999999999998 0 0.13149500000000003 0.21054800000000001 0.12962799999999999 0.010869 0.011131 0.010240000000000001 0.099482000000000029 0.17774600000000004 0.099136999999999989 0.0034399999999999999 0.0038010000000000001 0.0033249999999999998 0.0009279999999999999 0.00098200000000000002 0.0008830000000000001 3.988109097830248 3.988109097830248 3.988109097830248 0.0014694165239577577 0.0014694165239577577 0.0014694165239577577 1 1 1 Converged Converged Converged OK OK OK 82 82 82 82 82 82 6 6 6 0 0 0 0 1 0 0 1
122 122 uniform 1 0 1226 0 0.0001 0.50143567613779017 0.0021871017796586379 0.00059955406409507416 1.4848475095369218 0.16248043534817896 1.4847275987241029 0 -1.4836333012044902 3.8140147842652081 OK 14 13 0.79799500000000001 0.79539199999999999 0.18545900000000001 0.61038300000000001 0.61233199999999999 0 0.187612 0.18306 0.18545900000000001 0.011802999999999999 0.01193 0.01136 0.13702999999999999 0.13318199999999991 0.13581800000000005 0.0051479999999999998 0.005033000000000001 0.0049370000000000004 0.0012340000000000001 0.0012330000000000002 0.0012780000000000001 3.8140156810783106 3.8140156810783106 3.8140156810783106 0.00030369676140656004 0.00030369676140656004 0.00030369676140656004 1 1 1 Converged Converged Converged OK OK OK 114 114 114 114 114 114 6 6 6 0 0 0 0 0 1 0 0
122 122 uniform 1 7 1226 1 0.0001 0.50143567613779017 0.0021871017796586379 0.00059955406409507416 1.4848475095369218 0.16248043534817896 1.4848005879145143 0 -1.4837062903949017 3.8882221781117545 OK 14 13 0.93089299999999997 0.90336000000000005 0.17066799999999999 0.75932999999999995 0.61394300000000002 0 0.17156300000000002 0.28941700000000004 0.17066799999999999 0.01085 0.010983 0.010369 0.13134500000000002 0.24935400000000013 0.13144900000000001 0.0050369999999999998 0.0050880000000000005 0.0049769999999999988 0.001232 0.001225 0.0012329999999999999 3.8882231324494474 3.8882231324494474 3.8882231324494474 0.00031749993355580108 0.00031749993355580108 0.00031749993355580108 1 1 1 Converged Converged Converged OK OK OK 114 114 114 114 114 114 6 6 6 0 0 0 0 1 0 0 1
122 122 uniform 1 15 1226 2 0.0001 0.50143567613779017 0.0021871017796586379 0.00059955406409507416 1.4848475095369218 0.16248043534817896 1.4848840041321276 0 -1.483789706612515 3.9515822457106964 OK 14 13 0.89858099999999996 0.88525799999999999 0.16977700000000001 0.72692800000000002 0.59210099999999999 0 0.17165299999999994 0.293157 0.16977700000000001 0.011011 0.011011999999999999 0.010349000000000001 0.13148200000000002 0.25179299999999999 0.13109500000000004 0.0049849999999999998 0.00596 0.0049069999999999999 0.0011919999999999999 0.0012360000000000001 0.001189 3.9515832954051389 3.9515832954051389 3.9515832954051389 0.00032238425494182736 0.00032238425494182736 0.00032238425494182736 1 1 1 Converged Converged Converged OK OK OK 114 114 114 114 114 114 6 6 6 0 0 0 0 1 0 0 1
122 122 uniform 1 23 1226 3 0.0001 0.50143567613779017 0.0021871017796586379 0.00059955406409507416 1.4848475095369218 0.16248043534817896 1.4849674203497407 0 -1.4838731228301281 3.9881077551739215 OK 14 13 0.76845300000000005 0.74919800000000003 0.16584199999999999 0.60031800000000002 0.47009499999999999 0 0.16813500000000003 0.27910300000000005 0.16584199999999999 0.011056 0.010992999999999999 0.010277 0.12814700000000001 0.23843399999999998 0.12718200000000005 0.0049529999999999999 0.005411 0.0049150000000000001 0.00125 0.0012719999999999999 0.001219 3.9881089110955004 3.9881089110955004 3.9881089110955004 0.00038850491858848351 0.00038850491858848351 0.00038850491858848351 1 1 1 Converged Converged Converged OK OK OK 114 114 114 114 114 114 6 6 6 0 0 0 0 1 0 0 1
122 122 uniform 2 0 1227 0 0.001 0.50143567613779017 0.0021871017796586379 0.00059955406409507416 1.4883184374811602 0.16155280280597259 1.4881985266683413 0 -1.4871042291487286 4.7328313350198341 OK 14 13 0.78620500000000004 0.78670399999999996 0.12546599999999999 0.66014799999999996 0.66056800000000004 0 0.12605700000000009 0.12613599999999991 0.12546599999999999 0.011608 0.011599 0.011422 0.089446999999999985 0.08995000000000003 0.089456999999999995 0.0032929999999999999 0.0032750000000000001 0.0031750000000000003 0.0008470000000000001 0.00083700000000000007 0.00082400000000000008 4.7328323911637922 4.7328323911637922 4.7328323911637922 0.001646524088632885 0.001646524088632885 0.001646524088632885 1 1 1 Converged Converged Converged OK OK OK 75 75 75 75 75 75 5 5 5 0 0 0 0 0 1 0 0
122 122 uniform 2 7 1227 1 0.001 0.50143567613779017 0.0021871017796586379 0.00059955406409507416 1.4883184374811602 0.16155280280597259 1.4882715158587527 0 -1.4871772183391401 4.7968121948971545 OK 14 13 0.65920699999999999 0.62863199999999997 0.118505 0.53611600000000004 0.41043800000000003 0 0.12309099999999995 0.21819399999999994 0.118505 0.010848 0.012106 0.010174000000000001 0.08913099999999996 0.18311099999999997 0.089258999999999963 0.0031910000000000003 0.0033570000000000002 0.0031459999999999999 0.00083400000000000011 0.00101 0.00081999999999999998 4.7968132655065769 4.7968132655065769 4.7968132655065769 0.001848223840382998 0.001848223840382998 0.001848223840382998 1 1 1 Converged Converged Converged OK OK OK 75 75 75 75 75 75 5 5 5 0 0 0 0 1 0 0 1
122 122 uniform 2 15 1227 2 0.001 0.50143567613779017 0.0021871017796586379 0.00059955406409507416 1.4883184374811602 0.16155280280597259 1.488354932076366 0 -1.4872606345567534 4.8906177316909618 OK 14 13 0.80143200000000003 0.75594899999999998 0.116563 0.68326699999999996 0.55632199999999998 0 0.11816500000000008 0.199627 0.116563 0.010776000000000001 0.012335 0.0101 0.087654999999999997 0.16718799999999995 0.087376000000000023 0.0032449999999999996 0.003408 0.0031940000000000002 0.00082599999999999991 0.0008470000000000001 0.00081800000000000004 4.8906188696877244 4.8906188696877244 4.8906188696877244 0.0022280105546542074 0.0022280105546542074 0.0022280105546542074 1 1 1 Converged Converged Converged OK OK OK 75 75 75 75 75 75 5 5 5 0 0 0 0 1 0 0 1
122 122 uniform 2 23 1227 3 0.001 0.50143567613779017 0.0021871017796586379 0.00059955406409507416 1.4883184374811602 0.16155280280597259 1.4884383482939791 0 -1.4873440507743665 5.0323225024565277 OK 14 13 0.77949000000000002 0.71521299999999999 0.123903 0.65380899999999997 0.52031799999999995 0 0.12568100000000004 0.19489500000000004 0.123903 0.010866000000000001 0.010949 0.010182 0.095145000000000049 0.16400900000000004 0.094684000000000004 0.0033019999999999998 0.0033240000000000006 0.0031029999999999999 0.00087299999999999997 0.00089499999999999996 0.000843 5.0323231243670312 5.0323231243670312 5.0323231243670312 0.003160347452950065 0.003160347452950065 0.003160347452950065 1 1 1 Converged Converged Converged OK OK OK 75 75 75 75 75 75 5 5 5 0 0 0 0 1 0 0 1
122 122 uniform 2 0 1227 0 0.0001 0.50143567613779017 0.0021871017796586379 0.00059955406409507416 1.4883184374811602 0.16155280280597259 1.4881985266683413 0 -1.4871042291487286 4.7328313350198341 OK 14 13 0.84796000000000005 0.84992599999999996 0.185275 0.66233699999999995 0.66158899999999998 0 0.18562300000000009 0.18833699999999998 0.185275 0.011675 0.012071999999999999 0.01129 0.13351000000000002 0.13463999999999998 0.13378100000000004 0.0056209999999999993 0.0061370000000000001 0.0056340000000000001 0.0012889999999999998 0.0012399999999999998 0.0012340000000000001 4.7328329660038095 4.7328329660038095 4.7328329660038095 0.00035348158209423891 0.00035348158209423891 0.00035348158209423891 1 1 1 Converged Converged Converged OK OK OK 123 123 123 123 123 123 5 5 5 0 0 0 0 0 1 0 0
122 122 uniform 2 7 1227 1 0.0001 0.50143567613779017 0.0021871017796586379 0.00059955406409507416 1.4883184374811602 0.16155280280597259 1.4882715158587527 0 -1.4871772183391401 4.7968121948971545 OK 14 13 0.72100799999999998 0.69214799999999999 0.17713699999999999 0.541551 0.39948099999999998 0 0.17945699999999998 0.29266700000000001 0.17713699999999999 0.011115999999999999 0.011013 0.0103 0.13654899999999992 0.24980100000000016 0.13631699999999991 0.0057740000000000005 0.0059779999999999998 0.0054800000000000005 0.0012369999999999998 0.0012199999999999999 0.0011920000000000001 4.7968138448712301 4.7968138448712301 4.7968138448712301 0.00041477483318709275 0.00041477483318709275 0.00041477483318709275 1 1 1 Converged Converged Converged OK OK OK 123 123 123 123 123 123 5 5 5 0 0 0 0 1 0 0 1
122 122 uniform 2 15 1227 2 0.0001 0.50143567613779017 0.0021871017796586379 0.00059955406409507416 1.4883184374811602 0.16155280280597259 1.488354932076366 0 -1.4872606345567534 4.8906177316909618 OK 14 13 0.873614 0.83653100000000002 0.18226800000000001 0.688585 0.54743399999999998 0 0.185029 0.28909700000000005 0.18226800000000001 0.01111 0.011037 0.010266000000000001 0.14205299999999998 0.24644600000000005 0.14147700000000002 0.005914 0.0058010000000000006 0.0056220000000000011 0.0012619999999999999 0.0012469999999999998 0.001224 4.8906194454513185 4.8906194454513185 4.8906194454513185 0.00042647501944585535 0.00042647501944585535 0.00042647501944585535 1 1 1 Converged Converged Converged OK OK OK 123 123 123 123 123 123 5 5 5 0 0 0 0 1 0 0 1
122 122 uniform 2 23 1227 3 0.0001 0.50143567613779017 0.0021871017796586379 0.00059955406409507416 1.4883184374811602 0.16155280280597259 1.4884383482939791 0 -1.4873440507743665 5.0323225024565277 OK 14 13 0.84704000000000002 0.81162900000000004 0.18688399999999999 0.65785000000000005 0.51033899999999999 0 0.18918999999999997 0.30129000000000006 0.18688399999999999 0.010954999999999999 0.01094 0.010225 0.14668299999999992 0.25935100000000016 0.14637600000000001 0.0058949999999999992 0.0057749999999999998 0.0056089999999999994 0.001255 0.00124 0.0012199999999999999 5.032323781448139 5.032323781448139 5.032323781448139 0.00042603732082892927 0.00042603732082892927 0.00042603732082892927 1 1 1 Converged Converged Converged OK OK OK 123 123 123 123 123 123 5 5 5 0 0 0 0 1 0 0 1
122 122 uniform 3 0 1228 0 0.001 0.50143567613779017 0.0021871017796586379 0.00059955406409507416 0.0011011873681241134 0.00070935077051417935 0.00098127655530509867 0 0.00011302096430757381 644.00838160640001 OK 12 11 0.49020599999999998 0.48788199999999998 0.12271899999999999 0.36516700000000002 0.36401600000000001 0 0.12503899999999996 0.12386599999999998 0.12271899999999999 0.010177 0.0098840000000000004 0.0094059999999999994 0.090855000000000005 0.090913999999999995 0.090326999999999991 0.0037959999999999999 0.0036329999999999999 0.003568 0.00080400000000000003 0.00079199999999999995 0.000776 644.00936676887295 644.00936676887295 644.00936676887295 0.12698033431279654 0.12698033431279654 0.12698033431279654 1 1 1 Converged Converged Converged OK OK OK 76 76 76 76 76 76 4 4 4 0 0 0 0 0 1 0 0
122 122 uniform 3 7 1228 1 0.001 0.50143567613779017 0.0021871017796586379 0.00059955406409507416 0.0011011873681241134 0.00070935077051417935 0.0010542657457166729 0 4.0031773895999635e-05 630.52017188534001 OK 12 11 0.52984100000000001 0.51217199999999996 0.12007 0.40704600000000002 0.273841 0 0.12279499999999999 0.23833099999999996 0.12007 0.0092350000000000002 0.0092560000000000003 0.0086119999999999999 0.093742999999999993 0.20969399999999994 0.092783000000000018 0.0036870000000000002 0.0035110000000000002 0.0033660000000000001 0.00071100000000000004 0.00074200000000000004 0.00071600000000000006 630.52096912307434 630.52096912307434 630.52096912307434 0.14020817691620369 0.14020817691620369 0.14020817691620369 1 1 1 Converged Converged Converged OK OK OK 76 76 76 76 76 76 4 4 4 0 0 0 0 1 0 0 1
122 122 uniform 3 15 1228 2 0.001 0.50143567613779017 0.0021871017796586379 0.00059955406409507416 0.0011011873681241134 0.00070935077051417935 0.0011376819633299006 0 -4.3384443717228152e-05 612.87190011194673 OK 12 11 0.51903600000000005 0.50443000000000005 0.115199 0.40132000000000001 0.26700200000000002 0 0.11771600000000004 0.23742800000000003 0.115199 0.0091280000000000007 0.009136 0.0085810000000000001 0.08897300000000001 0.20884599999999995 0.088166000000000008 0.0035699999999999998 0.0035309999999999999 0.0033159999999999995 0.00073000000000000007 0.00070200000000000004 0.00068300000000000001 612.87255077546308 612.87255077546308 612.87255077546308 0.15687833844395144 0.15687833844395144 0.15687833844395144 1 1 1 Converged Converged Converged OK OK OK 76 76 76 76 76 76 4 4 4 0 0 0 0 1 0 0 1
122 122 uniform 3 23 1228 3 0.001 0.50143567613779017 0.0021871017796586379 0.00059955406409507416 0.0011011873681241134 0.00070935077051417935 0.0012210981809431282 0 -0.00012680066133045572 593.54012149974619 OK 12 11 0.43994800000000001 0.415854 0.12520600000000001 0.31739200000000001 0.18837499999999999 0 0.122556 0.22747900000000001 0.12520600000000001 0.0084930000000000005 0.0085570000000000004 0.0079679999999999994 0.094641999999999948 0.19979400000000005 0.098978999999999998 0.0035130000000000001 0.0034689999999999999 0.0032470000000000003 0.00069799999999999994 0.00069200000000000002 0.0006820000000000001 593.54068930865856 593.54068930865856 593.54068930865856 0.17468930409242744 0.17468930409242744 0.17468930409242744 1 1 1 Converged Converged Converged OK OK OK 76 76 76 76 76 76 4 4 4 0 0 0 0 1 0 0 1
122 122 uniform 3 0 1228 0 0.0001 0.50143567613779017 0.0021871017796586379 0.00059955406409507416 0.0011011873681241134 0.00070935077051417935 0.00098127655530509867 0 0.00011302096430757381 644.00838160640001 OK 12 11 0.50608500000000001 0.50801600000000002 0.145092 0.36021300000000001 0.36254399999999998 0 0.145872 0.14547200000000005 0.145092 0.0098549999999999992 0.0099129999999999999 0.0094800000000000006 0.10990400000000003 0.10963499999999998 0.10955700000000002 0.0038019999999999998 0.0039659999999999999 0.0038270000000000005 0.00092000000000000003 0.00090700000000000004 0.00096200000000000018 644.00921268414731 644.00921268414731 644.00921268414731 0.025450651132657067 0.025450651132657067 0.025450651132657067 1 1 1 Converged Converged Converged OK OK OK 84 84 84 84 84 84 4 4 4 0 0 0 0 0 1 0 0
122 122 uniform 3 7 1228 1 0.0001 0.50143567613779017 0.0021871017796586379 0.00059955406409507416 0.0011011873681241134 0.00070935077051417935 0.0010542657457166729 0 4.0031773895999635e-05 630.52017188534001 OK 12 11 0.55317499999999997 0.53550600000000004 0.14038100000000001 0.40893499999999999 0.27772799999999997 0 0.14423999999999998 0.25777800000000006 0.14038100000000001 0.0093209999999999994 0.0091660000000000005 0.0086300000000000005 0.11265399999999995 0.227266 0.11138199999999998 0.0043299999999999996 0.0039389999999999998 0.0037209999999999999 0.00083399999999999989 0.00083299999999999997 0.00081700000000000002 630.52076896441804 630.52076896441804 630.52076896441804 0.026970668025689697 0.026970668025689697 0.026970668025689697 1 1 1 Converged Converged Converged OK OK OK 84 84 84 84 84 84 4 4 4 0 0 0 0 1 0 0 1
122 122 uniform 3 15 1228 2 0.0001 0.50143567613779017 0.0021871017796586379 0.00059955406409507416 0.0011011873681241134 0.00070935077051417935 0.0011376819633299006 0 -4.3384443717228152e-05 612.87190011194673 OK 12 11 0.53985700000000003 0.52519000000000005 0.13708999999999999 0.39889999999999998 0.269704 0 0.14095700000000005 0.25548600000000005 0.13708999999999999 0.0090869999999999996 0.0090670000000000004 0.0085649999999999997 0.11002600000000001 0.22518299999999994 0.10834499999999996 0.0042260000000000006 0.003999 0.0036469999999999996 0.000861 0.00081800000000000004 0.00078699999999999994 612.87228932373785 612.87228932373785 612.87228932373785 0.029593579659785353 0.029593579659785353 0.029593579659785353 1 1 1 Converged Converged Converged OK OK OK 84 84 84 84 84 84 4 4 4 0 0 0 0 1 0 0 1
122 122 uniform 3 23 1228 3 0.0001 0.50143567613779017 0.0021871017796586379 0.00059955406409507416 0.0011011873681241134 0.00070935077051417935 0.0012210981809431282 0 -0.00012680066133045572 593.54012149974619 OK 12 11 0.46212700000000001 0.43604500000000002 0.140766 0.318853 0.18736900000000001 0 0.14327400000000001 0.24867600000000001 0.140766 0.0085900000000000004 0.0086269999999999993 0.0080300000000000007 0.11340499999999995 0.21852499999999997 0.112695 0.0040869999999999995 0.0040730000000000002 0.0035729999999999998 0.00081900000000000007 0.00080800000000000002 0.00079600000000000005 593.54035707321384 593.54035707321384 593.54035707321384 0.032679323762611318 0.032679323762611318 0.032679323762611318 1 1 1 Converged Converged Converged OK OK OK 84 84 84 84 84 84 4 4 4 0 0 0 0 1 0 0 1
122 122 uniform 4 0 1229 0 0.001 0.50143567613779017 0.0021871017796586379 0.00059955406409507416 1.4824945567792656 -0.16167068444109925 1.4823746459664466 0 -1.481280348446834 1.7637467616317917 OK 13 12 0.418429 0.41745399999999999 0.078051999999999996 0.33952900000000003 0.33868199999999998 0 0.07889999999999997 0.078772000000000009 0.078051999999999996 0.0090299999999999998 0.0088760000000000002 0.0086580000000000008 0.053711999999999989 0.053992999999999999 0.053704000000000016 0.0022230000000000001 0.0022049999999999999 0.0022079999999999999 0.00055999999999999995 0.000553 0.00055199999999999997 1.7637467460459408 1.7637467460459408 1.7637467460459408 0.00063907473369396648 0.00063907473369396648 0.00063907473369396648 1 1 1 Converged Converged Converged OK OK OK 45 45 45 45 45 45 3 3 3 0 0 0 0 0 1 0 0
122 122 uniform 4 7 1229 1 0.001 0.50143567613779017 0.0021871017796586379 0.00059955406409507416 1.4824945567792656 -0.16167068444109925 1.4824476351568581 0 -1.4813533376372454 1.7694556047048151 OK 13 12 0.44739099999999998 0.383795 0.072220999999999994 0.373643 0.234095 0 0.07374799999999998 0.1497 0.072220999999999994 0.0082749999999999994 0.0080230000000000006 0.0076819999999999996 0.051440999999999994 0.127691 0.051085999999999999 0.0021770000000000001 0.0022729999999999998 0.002163 0.00057799999999999995 0.00055699999999999999 0.00053899999999999998 1.7694555888126933 1.7694555888126933 1.7694555888126933 0.00064200869522051561 0.00064200869522051561 0.00064200869522051561 1 1 1 Converged Converged Converged OK OK OK 45 45 45 45 45 45 3 3 3 0 0 0 0 1 0 0 1
122 122 uniform 4 15 1229 2 0.001 0.50143567613779017 0.0021871017796586379 0.00059955406409507416 1.4824945567792656 -0.16167068444109925 1.4825310513744714 0 -1.4814367538548587 1.7760840373948525 OK 13 12 0.46215499999999998 0.38625199999999998 0.071248000000000006 0.389401 0.25114500000000001 0 0.072753999999999985 0.13510699999999998 0.071248000000000006 0.0082620000000000002 0.0082900000000000005 0.0076319999999999999 0.050474999999999999 0.11269800000000002 0.05012800000000002 0.0022139999999999998 0.00233 0.0021749999999999999 0.00055599999999999996 0.00054699999999999996 0.00053700000000000004 1.776084021338594 1.776084021338594 1.776084021338594 0.00064545902380445789 0.00064545902380445789 0.00064545902380445789 1 1 1 Converged Converged Converged OK OK OK 45 45 45 45 45 45 3 3 3 0 0 0 0 1 0 0 1
122 122 uniform 4 23 1229 3 0.001 0.50143567613779017 0.0021871017796586379 0.00059955406409507416 1.4824945567792656 -0.16167068444109925 1.4826144675920845 0 -1.4815201700724718 1.7828256498776149 OK 13 12 0.40788799999999997 0.33501999999999998 0.074506000000000003 0.33502900000000002 0.202681 0 0.072858999999999952 0.13233899999999998 0.074506000000000003 0.0081399999999999997 0.0083459999999999993 0.0077759999999999999 0.050771999999999998 0.11007099999999997 0.05295699999999999 0.0021949999999999999 0.0022569999999999999 0.0022080000000000003 0.00056599999999999999 0.00055400000000000002 0.000553 1.7828256336490778 1.7828256336490778 1.7828256336490778 0.00064901796159949892 0.00064901796159949892 0.00064901796159949892 1 1 1 Converged Converged Converged OK OK OK 45 45 45 45 45 45 3 3 3 0 0 0 0 1 0 0 1
122 122 uniform 4 0 1229 0 0.0001 0.50143567613779017 0.0021871017796586379 0.00059955406409507416 1.4824945567792656 -0.16167068444109925 1.4823746459664466 0 -1.481280348446834 1.7637467616317917 OK 13 12 0.45944699999999999 0.45779999999999998 0.118919 0.33972999999999998 0.33789999999999998 0 0.11971700000000002 0.11990000000000001 0.118919 0.0088529999999999998 0.0090170000000000007 0.0085710000000000005 0.083294000000000007 0.083370999999999987 0.083022000000000012 0.0038660000000000001 0.0038419999999999999 0.0039280000000000001 0.00080900000000000004 0.00083000000000000012 0.00077000000000000007 1.763746746156948 1.763746746156948 1.763746746156948 3.5400402840381407e-05 3.5400402840381407e-05 3.5400402840381407e-05 1 1 1 Converged Converged Converged OK OK OK 77 77 77 77 77 77 3 3 3 0 0 0 0 0 1 0 0
122 122 uniform 4 7 1229 1 0.0001 0.50143567613779017 0.0021871017796586379 0.00059955406409507416 1.4824945567792656 -0.16167068444109925 1.4824476351568581 0 -1.4813533376372454 1.7694556047048151 OK 13 12 0.49089300000000002 0.47233799999999998 0.110925 0.37365100000000001 0.23753099999999999 0 0.11724200000000001 0.23480699999999999 0.110925 0.0081379999999999994 0.0081799999999999998 0.0076670000000000002 0.080738000000000018 0.20246500000000001 0.080112000000000044 0.0038629999999999997 0.0041089999999999998 0.003846 0.00079200000000000006 0.00076800000000000002 0.00076900000000000004 1.7694555889260986 1.7694555889260986 1.7694555889260986 3.576880260477811e-05 3.576880260477811e-05 3.576880260477811e-05 1 1 1 Converged Converged Converged OK OK OK 77 77 77 77 77 77 3 3 3 0 0 0 0 1 0 0 1
122 122 uniform 4 15 1229 2 0.0001 0.50143567613779017 0.0021871017796586379 0.00059955406409507416 1.4824945567792656 -0.16167068444109925 1.4825310513744714 0 -1.4814367538548587 1.7760840373948525 OK 13 12 0.50197099999999995 0.48765599999999998 0.115123 0.38822099999999998 0.253388 0 0.11374999999999996 0.23426799999999998 0.115123 0.0081049999999999994 0.0083210000000000003 0.0078770000000000003 0.08215299999999999 0.20193699999999995 0.083699000000000023 0.003882 0.0040300000000000006 0.0038800000000000002 0.00077200000000000001 0.00078399999999999997 0.00078199999999999993 1.7760840214537601 1.7760840214537601 1.7760840214537601 3.6198604231339064e-05 3.6198604231339064e-05 3.6198604231339064e-05 1 1 1 Converged Converged Converged OK OK OK 77 77 77 77 77 77 3 3 3 0 0 0 0 1 0 0 1
122 122 uniform 4 23 1229 3 0.0001 0.50143567613779017 0.0021871017796586379 0.00059955406409507416 1.4824945567792656 -0.16167068444109925 1.4826144675920845 0 -1.4815201700724718 1.7828256498776149 OK 13 12 0.44588899999999998 0.43184600000000001 0.108931 0.33491900000000002 0.197411 0 0.11096999999999996 0.234435 0.108931 0.0082439999999999996 0.0083040000000000006 0.0076360000000000004 0.078810000000000005 0.20212500000000003 0.078305 0.0039239999999999995 0.0039899999999999996 0.0037739999999999996 0.00076900000000000004 0.00078100000000000001 0.000754 1.7828256337669595 1.7828256337669595 1.7828256337669595 3.6638076312400034e-05 3.6638076312400034e-05 3.6638076312400034e-05 1 1 1 Converged Converged Converged OK OK OK 77 77 77 77 77 77 3 3 3 0 0 0 0 1 0 0 1
123 123 linear 0 0 1230 0 0.001 3.8915140531590433 0.088532758053646368 0.0032928408475351063 0.30167645353457229 -0.00049277227443409702 0.30101788536506524 0.5 0.015487492706170503 286.18942815076502 OK 17 16 0.77090800000000004 0.76290999999999998 0.28721000000000002 0.47872700000000001 0.47439199999999998 0 0.29218100000000002 0.288518 0.28721000000000002 0.01401 0.014256 0.014201 0.23546099999999998 0.23160699999999995 0.2305609999999999 0.0053810000000000004 0.005574 0.0054179999999999992 0.00108 0.0010610000000000001 0.001065 286.19077177456057 286.19077177456057 286.19077177456057 0.14799993350424517 0.14799993350424517 0.14799993350424517 1 1 1 Converged Converged Converged OK OK OK 111 111 111 111 111 111 9 9 9 0 0 0 0 0 1 0 0
123 123 linear 0 7 1230 1 0.001 3.8915140531590433 0.088532758053646368 0.0032928408475351063 0.30167645353457229 -0.00049277227443409702 0.30141875294650433 0.5 0.015086625124731412 277.13986117372502 OK 15 14 0.77050200000000002 0.73163999999999996 0.27727299999999999 0.49105300000000002 0.35164299999999998 0 0.279449 0.37999699999999997 0.27727299999999999 0.012494999999999999 0.012403000000000001 0.011756000000000001 0.23510700000000007 0.33549499999999999 0.23444099999999995 0.0053539999999999994 0.0055850000000000006 0.0053309999999999998 0.0010679999999999999 0.0011050000000000001 0.0010480000000000001 277.13712409833181 277.13712409833181 277.13712409833181 0.14266873301910651 0.14266873301910651 0.14266873301910651 1 1 1 Converged Converged Converged OK OK OK 111 111 111 111 111 111 9 9 9 0 0 0 0 1 0 0 1
123 123 linear 0 15 1230 2 0.001 3.8915140531590433 0.088532758053646368 0.0032928408475351063 0.30167645353457229 -0.00049277227443409702 0.30187688732529183 0.5 0.014628490745943912 265.42574974807178 OK 15 14 0.83791000000000004 0.79443299999999994 0.27056200000000002 0.55524300000000004 0.416327 0 0.282667 0.37810599999999994 0.27056200000000002 0.012429000000000001 0.012271000000000001 0.011485 0.23835500000000015 0.33396000000000009 0.228239 0.0054860000000000004 0.005457 0.0052690000000000002 0.0010890000000000001 0.0011180000000000001 0.0010489999999999998 265.42884225765471 265.42884225765471 265.42884225765471 0.13886231381532549 0.13886231381532549 0.13886231381532549 1 1 1 Converged Converged Converged OK OK OK 111 111 111 111 111 111 9 9 9 0 0 0 0 1 0 0 1
123 123 linear 0 23 1230 3 0.001 3.8915140531590433 0.088532758053646368 0.0032928408475351063 0.30167645353457229 -0.00049277227443409702 0.30233502170407933 0.5 0.014170356367156411 252.59856346046331 OK 15 14 0.65482899999999999 0.61384399999999995 0.270924 0.37510700000000002 0.23982800000000001 0 0.27972199999999997 0.3740159999999999 0.270924 0.012259000000000001 0.012074 0.011346999999999999 0.23548600000000003 0.32991599999999988 0.22891500000000001 0.0056220000000000003 0.0055750000000000001 0.0051929999999999997 0.0010629999999999999 0.0011020000000000001 0.0010659999999999999 252.59930418837789 252.59930418837789 252.59930418837789 0.13775893942260614 0.13775893942260614 0.13775893942260614 1 1 1 Converged Converged Converged OK OK OK 111 111 111 111 111 111 9 9 9 0 0 0 0 1 0 0 1
123 123 linear 0 0 1230 0 0.0001 3.8915140531590433 0.088532758053646368 0.0032928408475351063 0.30167645353457229 -0.00049277227443409702 0.30101788536506524 0.5 0.015487492706170503 286.18942815076502 OK 17 16 0.84570299999999998 0.83807600000000004 0.36626500000000001 0.47280299999999997 0.47029900000000002 0 0.37290000000000001 0.36777700000000002 0.36626500000000001 0.014345 0.014319999999999999 0.013899999999999999 0.29929799999999984 0.29335000000000011 0.29302799999999996 0.0081630000000000001 0.0089879999999999995 0.0085019999999999991 0.0014429999999999998 0.0014729999999999999 0.0014890000000000003 286.19073380891479 286.19073380891479 286.19073380891479 0.020610715455656188 0.020610715455656188 0.020610715455656188 1 1 1 Converged Converged Converged OK OK OK 151 151 151 151 151 151 9 9 9 0 0 0 0 0 1 0 0
123 123 linear 0 7 1230 1 0.0001 3.8915140531590433 0.088532758053646368 0.0032928408475351063 0.30167645353457229 -0.00049277227443409702 0.30141875294650433 0.5 0.015086625124731412 277.13986117372502 OK 15 14 0.84333499999999995 0.87700800000000001 0.34584599999999999 0.48952299999999999 0.34934700000000002 0 0.35381199999999996 0.52766099999999994 0.34584599999999999 0.012298999999999999 0.012435 0.011686999999999999 0.29685499999999998 0.46778999999999976 0.28966900000000001 0.0081600000000000006 0.0091730000000000006 0.0082850000000000007 0.0014430000000000001 0.0015660000000000001 0.001407 277.13706517711603 277.13706517711603 277.13706517711603 0.025300383170465627 0.025300383170465627 0.025300383170465627 1 1 1 Converged Converged Converged OK OK OK 151 151 151 151 151 151 9 9 9 0 0 0 0 1 0 0 1
123 123 linear 0 15 1230 2 0.0001 3.8915140531590433 0.088532758053646368 0.0032928408475351063 0.30167645353457229 -0.00049277227443409702 0.30187688732529183 0.5 0.014628490745943912 265.42574974807178 OK 15 14 0.92179199999999994 1.015258 0.363091 0.55002399999999996 0.42469699999999999 0 0.37176799999999999 0.590561 0.363091 0.012113000000000001 0.013625 0.011544 0.31018100000000004 0.52536199999999988 0.30257699999999998 0.0087049999999999992 0.0087999999999999988 0.0085280000000000009 0.0016029999999999996 0.0015960000000000002 0.0015249999999999999 265.42877087002574 265.42877087002574 265.42877087002574 0.013565857768359091 0.013565857768359091 0.013565857768359091 1 1 1 Converged Converged Converged OK OK OK 159 159 159 159 159 159 9 9 9 0 0 0 0 1 0 0 1
123 123 linear 0 23 1230 3 0.0001 3.8915140531590433 0.088532758053646368 0.0032928408475351063 0.30167645353457229 -0.00049277227443409702 0.30233502170407933 0.5 0.014170356367156411 252.59856346046331 OK 15 14 0.74742299999999995 0.79018500000000003 0.35685099999999997 0.37477199999999999 0.243066 0 0.37265099999999995 0.54711900000000002 0.35685099999999997 0.012288 0.012321 0.011464 0.30806699999999998 0.48698000000000008 0.29883799999999988 0.012882999999999999 0.0088909999999999979 0.008659 0.0015919999999999999 0.0015510000000000001 0.0015509999999999999 252.59922147607719 252.59922147607719 252.59922147607719 0.013148552706378741 0.013148552706378741 0.013148552706378741 1 1 1 Converged Converged Converged OK OK OK 159 159 159 159 159 159 9 9 9 0 0 0 0 1 0 0 1
123 123 linear 1 0 1231 0 0.001 3.8915140531590433 0.088532758053646368 0.0032928408475351063 0.29550390259954046 0.010836798017222997 0.29484533443003341 0.5 0.021660043641202331 155.1757408386039 OK 13 12 0.52468400000000004 0.51903500000000002 0.175927 0.33712599999999998 0.33690700000000001 0 0.18755800000000006 0.18212800000000001 0.175927 0.011429 0.011568999999999999 0.010878000000000001 0.13930599999999999 0.13947100000000001 0.13432499999999997 0.0045030000000000001 0.0047019999999999996 0.0044970000000000001 0.0010009999999999999 0.0010150000000000001 0.0010579999999999999 155.17617275150334 155.17617275150334 155.17617275150334 0.070251795447564228 0.070251795447564228 0.070251795447564228 1 1 1 Converged Converged Converged OK OK OK 90 90 90 90 90 90 6 6 6 0 0 0 0 0 1 0 0
123 123 linear 1 7 1231 1 0.001 3.8915140531590433 0.088532758053646368 0.0032928408475351063 0.29550390259954046 0.010836798017222997 0.2952462020114725 0.5 0.021259176059763241 164.76779625231487 OK 13 12 0.49132799999999999 0.55359499999999995 0.15377199999999999 0.33057599999999998 0.19615199999999999 0 0.16075200000000001 0.35744299999999996 0.15377199999999999 0.010591 0.010369 0.0097000000000000003 0.126471 0.32363199999999998 0.12179699999999995 0.0044159999999999998 0.0041670000000000006 0.0039759999999999995 0.00086000000000000009 0.00081999999999999998 0.000812 164.76861384137524 164.76861384137524 164.76861384137524 0.14853773196755282 0.14853773196755282 0.14853773196755282 1 1 1 Converged Converged Converged OK OK OK 82 82 82 82 82 82 6 6 6 0 0 0 0 1 0 0 1
123 123 linear 1 15 1231 2 0.001 3.8915140531590433 0.088532758053646368 0.0032928408475351063 0.29550390259954046 0.010836798017222997 0.29570433639026 0.5 0.02080104168097574 172.20453158068992 OK 13 12 0.50257799999999997 0.55625000000000002 0.15631700000000001 0.33914699999999998 0.20716399999999999 0 0.16343099999999999 0.34908600000000001 0.15631700000000001 0.01056 0.010331999999999999 0.0096860000000000002 0.12962600000000002 0.31559100000000007 0.12470100000000005 0.0043289999999999995 0.0042600000000000008 0.0039150000000000001 0.00085800000000000004 0.00080900000000000004 0.00079500000000000003 172.2056506242981 172.2056506242981 172.2056506242981 0.09745124931836914 0.09745124931836914 0.09745124931836914 1 1 1 Converged Converged Converged OK OK OK 82 82 82 82 82 82 6 6 6 0 0 0 0 1 0 0 1
123 123 linear 1 23 1231 3 0.001 3.8915140531590433 0.088532758053646368 0.0032928408475351063 0.29550390259954046 0.010836798017222997 0.2961624707690475 0.5 0.02034290730218824 176.17465633136669 OK 13 12 0.48656100000000002 0.53107599999999999 0.163242 0.31617000000000001 0.17974399999999999 0 0.17039100000000001 0.35133199999999998 0.163242 0.010699 0.010607999999999999 0.010047 0.13879000000000002 0.3194590000000001 0.13337000000000002 0.0039879999999999994 0.0040869999999999995 0.0037000000000000002 0.00096600000000000006 0.00093700000000000001 0.00089799999999999993 176.17727671231097 176.17727671231097 176.17727671231097 0.075435938365713842 0.075435938365713842 0.075435938365713842 1 1 1 Converged Converged Converged OK OK OK 89 89 89 89 89 89 7 7 7 0 0 0 0 1 0 0 1
123 123 linear 1 0 1231 0 0.0001 3.8915140531590433 0.088532758053646368 0.0032928408475351063 0.29550390259954046 0.010836798017222997 0.29484533443003341 0.5 0.021660043641202331 155.1757408386039 OK 13 12 0.55077600000000004 0.53625 0.19781899999999999 0.34665299999999999 0.33767399999999997 0 0.20412300000000005 0.19857600000000003 0.19781899999999999 0.011364000000000001 0.011417 0.011106 0.15492300000000003 0.15007899999999993 0.14944399999999999 0.0051180000000000002 0.0053030000000000004 0.005287 0.0011630000000000002 0.0012369999999999998 0.0011510000000000001 155.17616115389581 155.17616115389581 155.17616115389581 0.00017275347407184555 0.00017275347407184555 0.00017275347407184555 1 1 1 Converged Converged Converged OK OK OK 106 106 106 106 106 106 6 6 6 0 0 0 0 0 1 0 0
123 123 linear 1 7 1231 1 0.0001 3.8915140531590433 0.088532758053646368 0.0032928408475351063 0.29550390259954046 0.010836798017222997 0.2952462020114725 0.5 0.021259176059763241 164.76779625231487 OK 13 12 0.53352500000000003 0.65897799999999995 0.18939700000000001 0.33333000000000002 0.195248 0 0.20019500000000001 0.46372999999999998 0.18939700000000001 0.010326999999999999 0.010274 0.0097560000000000008 0.15680500000000006 0.42349299999999979 0.15076900000000001 0.0050199999999999993 0.0051619999999999999 0.0051119999999999994 0.0010810000000000001 0.001054 0.0011119999999999999 164.76861158815905 164.76861158815905 164.76861158815905 0.00019157456612943445 0.00019157456612943445 0.00019157456612943445 1 1 1 Converged Converged Converged OK OK OK 106 106 106 106 106 106 6 6 6 0 0 0 0 1 0 0 1
123 123 linear 1 15 1231 2 0.0001 3.8915140531590433 0.088532758053646368 0.0032928408475351063 0.29550390259954046 0.010836798017222997 0.29570433639026 0.5 0.02080104168097574 172.20453158068992 OK 13 12 0.545713 0.64630900000000002 0.19387399999999999 0.343945 0.20120099999999999 0 0.201768 0.44510800000000006 0.19387399999999999 0.010449 0.010382000000000001 0.0097649999999999994 0.16131900000000002 0.40417300000000023 0.155637 0.0056179999999999997 0.0056580000000000007 0.0050520000000000009 0.0011590000000000001 0.0011270000000000004 0.0010740000000000001 172.20565144360518 172.20565144360518 172.20565144360518 0.00024752480199605089 0.00024752480199605089 0.00024752480199605089 1 1 1 Converged Converged Converged OK OK OK 106 106 106 106 106 106 6 6 6 0 0 0 0 1 0 0 1
123 123 linear 1 23 1231 3 0.0001 3.8915140531590433 0.088532758053646368 0.0032928408475351063 0.29550390259954046 0.010836798017222997 0.2961624707690475 0.5 0.02034290730218824 176.17465633136669 OK 13 12 0.54959999999999998 0.70683700000000005 0.22098999999999999 0.31661400000000001 0.17835100000000001 0 0.23298599999999997 0.52848600000000001 0.22098999999999999 0.010564 0.010612999999999999 0.009972 0.18716300000000011 0.48029800000000011 0.1768849999999999 0.0073919999999999993 0.0085059999999999997 0.0074730000000000005 0.0011539999999999999 0.0012819999999999999 0.0011609999999999999 176.17722328178962 176.17722328178962 176.17722328178962 0.014756521632407633 0.014756521632407633 0.014756521632407633 1 1 1 Converged Converged Converged OK OK OK 137 137 137 137 137 137 7 7 7 0 0 0 0 1 0 0 1
123 123 linear 2 0 1232 0 0.001 3.8915140531590433 0.088532758053646368 0.0032928408475351063 -3.3635369097350813 -0.0064809219613767462 -3.3641954779045884 0.5 3.6807008559758243 7.7820239827870008 OK 13 12 0.44055 0.43455700000000003 0.091861999999999999 0.34049200000000002 0.34225 0 0.10005799999999998 0.092307000000000028 0.091861999999999999 0.0089720000000000008 0.0088430000000000002 0.0086599999999999993 0.072340000000000002 0.065277000000000002 0.064800999999999997 0.0027789999999999998 0.0027000000000000001 0.002784 0.00058700000000000007 0.00057099999999999989 0.00058499999999999991 7.7820161870717035 7.7820161870717035 7.7820161870717035 0.0037907327322739882 0.0037907327322739882 0.0037907327322739882 1 1 1 Converged Converged Converged OK OK OK 53 53 53 53 53 53 3 3 3 0 0 0 0 0 1 0 0
123 123 linear 2 7 1232 1 0.001 3.8915140531590433 0.088532758053646368 0.0032928408475351063 -3.3635369097350813 -0.0064809219613767462 -3.3637946103231493 0.5 3.6802999883943852 7.728579442324393 OK 13 12 0.44815100000000002 0.32508999999999999 0.087673000000000001 0.35808299999999998 0.21557000000000001 0 0.090068000000000037 0.10951999999999998 0.087673000000000001 0.0082780000000000006 0.0082970000000000006 0.0078139999999999998 0.065257999999999983 0.084591999999999973 0.063509999999999983 0.0027039999999999998 0.0028140000000000001 0.002862 0.00059299999999999999 0.00056999999999999998 0.00056700000000000001 7.7285717034581607 7.7285717034581607 7.7285717034581607 0.003815177166762729 0.003815177166762729 0.003815177166762729 1 1 1 Converged Converged Converged OK OK OK 53 53 53 53 53 53 3 3 3 0 0 0 0 1 0 0 1
123 123 linear 2 15 1232 2 0.001 3.8915140531590433 0.088532758053646368 0.0032928408475351063 -3.3635369097350813 -0.0064809219613767462 -3.363336475944362 0.5 3.6798418540155979 7.6695517998195095 OK 13 12 0.41787000000000002 0.34355200000000002 0.088633000000000003 0.328849 0.23952599999999999 0 0.089021000000000017 0.10402600000000004 0.088633000000000003 0.0083479999999999995 0.0083879999999999996 0.0078569999999999994 0.063932000000000017 0.078170999999999977 0.063445000000000001 0.0027079999999999999 0.0031619999999999999 0.0027039999999999998 0.00060700000000000001 0.00060000000000000006 0.00058199999999999994 7.669544166615486 7.669544166615486 7.669544166615486 0.0038434724327465922 0.0038434724327465922 0.0038434724327465922 1 1 1 Converged Converged Converged OK OK OK 53 53 53 53 53 53 3 3 3 0 0 0 0 1 0 0 1
123 123 linear 2 23 1232 3 0.001 3.8915140531590433 0.088532758053646368 0.0032928408475351063 -3.3635369097350813 -0.0064809219613767462 -3.3628783415655743 0.5 3.6793837196368102 7.6127405288927825 OK 13 12 0.44335400000000003 0.32167800000000002 0.083990999999999996 0.35629699999999997 0.22312699999999999 0 0.087057000000000051 0.098551000000000027 0.083990999999999996 0.0083549999999999996 0.0083770000000000008 0.007724 0.062018999999999984 0.073256999999999989 0.060162999999999994 0.0026579999999999998 0.0029849999999999998 0.0027269999999999998 0.00059900000000000003 0.00058500000000000002 0.00055500000000000005 7.6127328397111906 7.6127328397111906 7.6127328397111906 0.003872157629546178 0.003872157629546178 0.003872157629546178 1 1 1 Converged Converged Converged OK OK OK 53 53 53 53 53 53 3 3 3 0 0 0 0 1 0 0 1
123 123 linear 2 0 1232 0 0.0001 3.8915140531590433 0.088532758053646368 0.0032928408475351063 -3.3635369097350813 -0.0064809219613767462 -3.3641954779045884 0.5 3.6807008559758243 7.7820239827870008 OK 13 12 0.46037299999999998 0.45730799999999999 0.11146 0.34299099999999999 0.34428900000000001 0 0.11738199999999999 0.11301899999999998 0.11146 0.0088190000000000004 0.0089829999999999997 0.0087559999999999999 0.08036900000000001 0.079794000000000004 0.078694000000000014 0.0036120000000000002 0.0035799999999999998 0.0035919999999999997 0.000687 0.00069900000000000008 0.00065699999999999992 7.7820161869566622 7.7820161869566622 7.7820161869566622 0.00053075426682807952 0.00053075426682807952 0.00053075426682807952 1 1 1 Converged Converged Converged OK OK OK 69 69 69 69 69 69 3 3 3 0 0 0 0 0 1 0 0
123 123 linear 2 7 1232 1 0.0001 3.8915140531590433 0.088532758053646368 0.0032928408475351063 -3.3635369097350813 -0.0064809219613767462 -3.3637946103231493 0.5 3.6802999883943852 7.728579442324393 OK 13 12 0.468335 0.345555 0.1067 0.35794999999999999 0.214506 0 0.11038500000000001 0.131049 0.1067 0.0085140000000000007 0.0082620000000000002 0.0077559999999999999 0.080080999999999972 0.10145499999999999 0.07791300000000001 0.0037940000000000001 0.0036500000000000005 0.0036960000000000001 0.00068999999999999997 0.00067799999999999989 0.00065600000000000001 7.7285717033095063 7.7285717033095063 7.7285717033095063 0.00053096179351304047 0.00053096179351304047 0.00053096179351304047 1 1 1 Converged Converged Converged OK OK OK 69 69 69 69 69 69 3 3 3 0 0 0 0 1 0 0 1
123 123 linear 2 15 1232 2 0.0001 3.8915140531590433 0.088532758053646368 0.0032928408475351063 -3.3635369097350813 -0.0064809219613767462 -3.363336475944362 0.5 3.6798418540155979 7.6695517998195095 OK 13 12 0.44074799999999997 0.36637700000000001 0.105602 0.33202300000000001 0.23794999999999999 0 0.10872499999999996 0.12842700000000001 0.105602 0.0082019999999999992 0.0084159999999999999 0.0076660000000000001 0.079146000000000022 0.098790000000000031 0.077163999999999983 0.0036059999999999998 0.003558 0.003627 0.00067400000000000012 0.00071999999999999994 0.00064599999999999998 7.6695441664269133 7.6695441664269133 7.6695441664269133 0.00053119890649832105 0.00053119890649832105 0.00053119890649832105 1 1 1 Converged Converged Converged OK OK OK 69 69 69 69 69 69 3 3 3 0 0 0 0 1 0 0 1
123 123 linear 2 23 1232 3 0.0001 3.8915140531590433 0.088532758053646368 0.0032928408475351063 -3.3635369097350813 -0.0064809219613767462 -3.3628783415655743 0.5 3.6793837196368102 7.6127405288927825 OK 13 12 0.459646 0.34759200000000001 0.103467 0.352601 0.223384 0 0.107045 0.12420800000000001 0.103467 0.0082839999999999997 0.0083330000000000001 0.0076779999999999999 0.077136999999999969 0.094229000000000021 0.075034000000000003 0.0037540000000000004 0.0038709999999999999 0.0036159999999999999 0.00067299999999999999 0.00074300000000000006 0.00065099999999999999 7.6127328394809917 7.6127328394809917 7.6127328394809917 0.00053143598492543312 0.00053143598492543312 0.00053143598492543312 1 1 1 Converged Converged Converged OK OK OK 69 69 69 69 69 69 3 3 3 0 0 0 0 1 0 0 1
123 123 linear 3 0 1233 0 0.001 3.8915140531590433 0.088532758053646368 0.0032928408475351063 -3.3441419004367727 0.032860641677330903 -3.3448004686062798 0.5 3.6613058466775157 9.256165519981602 OK 13 12 0.442552 0.43892900000000001 0.090451000000000004 0.34905399999999998 0.34701799999999999 0 0.093498000000000026 0.09191100000000002 0.090451000000000004 0.0091929999999999998 0.0091039999999999992 0.0086499999999999997 0.06528100000000002 0.064197000000000004 0.063383000000000009 0.0028770000000000002 0.0028210000000000002 0.0028710000000000003 0.00055800000000000001 0.00055499999999999994 0.00052899999999999996 9.2561561642930617 9.2561561642930617 9.2561561642930617 0.0047600971647055595 0.0047600971647055595 0.0047600971647055595 1 1 1 Converged Converged Converged OK OK OK 53 53 53 53 53 53 3 3 3 0 0 0 0 0 1 0 0
123 123 linear 3 7 1233 1 0.001 3.8915140531590433 0.088532758053646368 0.0032928408475351063 -3.3441419004367727 0.032860641677330903 -3.3443996010248407 0.5 3.6609049790960766 9.753457439835131 OK 13 12 0.46455000000000002 0.32515699999999997 0.089032 0.36844500000000002 0.21745999999999999 0 0.096104999999999996 0.10769699999999999 0.089032 0.0083140000000000002 0.0083440000000000007 0.0076940000000000003 0.071187000000000014 0.082822000000000034 0.065248 0.002728 0.0027429999999999998 0.0027789999999999998 0.00056299999999999992 0.00055599999999999996 0.00052800000000000004 9.7534470416165284 9.7534470416165284 9.7534470416165284 0.0047561186322874821 0.0047561186322874821 0.0047561186322874821 1 1 1 Converged Converged Converged OK OK OK 53 53 53 53 53 53 3 3 3 0 0 0 0 1 0 0 1
123 123 linear 3 15 1233 2 0.001 3.8915140531590433 0.088532758053646368 0.0032928408475351063 -3.3441419004367727 0.032860641677330903 -3.3439414666460534 0.5 3.6604468447172893 10.508498809549678 OK 13 12 0.45274300000000001 0.37514399999999998 0.093218999999999996 0.35250199999999998 0.26347799999999999 0 0.10024100000000002 0.11166599999999999 0.093218999999999996 0.0081759999999999992 0.008371 0.0077730000000000004 0.075345000000000051 0.086974000000000024 0.069539999999999991 0.0028729999999999997 0.002725 0.0027400000000000002 0.00054100000000000003 0.00055600000000000007 0.00054800000000000009 10.508483915059736 10.508483915059736 10.508483915059736 0.0047520375928709058 0.0047520375928709058 0.0047520375928709058 1 1 1 Converged Converged Converged OK OK OK 53 53 53 53 53 53 3 3 3 0 0 0 0 1 0 0 1
123 123 linear 3 23 1233 3 0.001 3.8915140531590433 0.088532758053646368 0.0032928408475351063 -3.3441419004367727 0.032860641677330903 -3.3434833322672657 0.5 3.6599887103385016 11.711671439524293 OK 13 12 0.467053 0.36862299999999998 0.091941999999999996 0.371753 0.250336 0 0.095299999999999996 0.11828699999999998 0.091941999999999996 0.0085749999999999993 0.0084980000000000003 0.0079609999999999993 0.07031500000000003 0.093495999999999982 0.068058999999999995 0.0027780000000000001 0.0027520000000000001 0.0027140000000000003 0.000544 0.00054100000000000003 0.00052499999999999997 11.711638981716007 11.711638981716007 11.711638981716007 0.0047494707738533256 0.0047494707738533256 0.0047494707738533256 1 1 1 Converged Converged Converged OK OK OK 53 53 53 53 53 53 3 3 3 0 0 0 0 1 0 0 1
123 123 linear 3 0 1233 0 0.0001 3.8915140531590433 0.088532758053646368 0.0032928408475351063 -3.3441419004367727 0.032860641677330903 -3.3448004686062798 0.5 3.6613058466775157 9.256165519981602 OK 13 12 0.46446599999999999 0.46440399999999998 0.111568 0.34922500000000001 0.35133199999999998 0 0.11524099999999998 0.11307200000000001 0.111568 0.0090760000000000007 0.0090570000000000008 0.0086829999999999997 0.081914000000000015 0.079305000000000014 0.078791 0.00364 0.0038669999999999998 0.0038010000000000006 0.00065099999999999999 0.00070200000000000004 0.00065499999999999998 9.2561561643802222 9.2561561643802222 9.2561561643802222 0.0005409424145433507 0.0005409424145433507 0.0005409424145433507 1 1 1 Converged Converged Converged OK OK OK 69 69 69 69 69 69 3 3 3 0 0 0 0 0 1 0 0
123 123 linear 3 7 1233 1 0.0001 3.8915140531590433 0.088532758053646368 0.0032928408475351063 -3.3441419004367727 0.032860641677330903 -3.3443996010248407 0.5 3.6609049790960766 9.753457439835131 OK 13 12 0.48352299999999998 0.35368899999999998 0.112522 0.367087 0.21682299999999999 0 0.11643599999999998 0.13686599999999999 0.112522 0.0082199999999999999 0.0083029999999999996 0.0076709999999999999 0.086856000000000003 0.10710099999999999 0.083868000000000026 0.0035310000000000003 0.0037430000000000002 0.0035500000000000002 0.00063699999999999998 0.00065800000000000006 0.00063699999999999998 9.7534470417036427 9.7534470417036427 9.7534470417036427 0.00054141835607674177 0.00054141835607674177 0.00054141835607674177 1 1 1 Converged Converged Converged OK OK OK 69 69 69 69 69 69 3 3 3 0 0 0 0 1 0 0 1
123 123 linear 3 15 1233 2 0.0001 3.8915140531590433 0.088532758053646368 0.0032928408475351063 -3.3441419004367727 0.032860641677330903 -3.3439414666460534 0.5 3.6604468447172893 10.508498809549678 OK 13 12 0.48056700000000002 0.40758299999999997 0.117022 0.35794399999999998 0.25883 0 0.12262300000000004 0.14875299999999997 0.117022 0.0083090000000000004 0.0082529999999999999 0.0076680000000000003 0.092196 0.119065 0.088429999999999981 0.0039300000000000003 0.0036949999999999999 0.0036539999999999997 0.00067400000000000001 0.00065600000000000001 0.00063500000000000004 10.508483915146909 10.508483915146909 10.508483915146909 0.00054232813232303872 0.00054232813232303872 0.00054232813232303872 1 1 1 Converged Converged Converged OK OK OK 69 69 69 69 69 69 3 3 3 0 0 0 0 1 0 0 1
123 123 linear 3 23 1233 3 0.0001 3.8915140531590433 0.088532758053646368 0.0032928408475351063 -3.3441419004367727 0.032860641677330903 -3.3434833322672657 0.5 3.6599887103385016 11.711671439524293 OK 13 12 0.491759 0.39900999999999998 0.113957 0.37307299999999999 0.24979000000000001 0 0.11868600000000001 0.14921999999999996 0.113957 0.0084860000000000005 0.0085970000000000005 0.0079600000000000001 0.088176000000000018 0.11921399999999999 0.085284999999999972 0.003934 0.0036980000000000003 0.0036110000000000001 0.00067700000000000008 0.00069099999999999999 0.00064800000000000003 11.711638981803327 11.711638981803327 11.711638981803327 0.00054464473219139155 0.00054464473219139155 0.00054464473219139155 1 1 1 Converged Converged Converged OK OK OK 69 69 69 69 69 69 3 3 3 0 0 0 0 1 0 0 1
123 123 linear 4 0 1234 0 0.001 3.8915140531590433 0.088532758053646368 0.0032928408475351063 -3.3457879601608878 0.033748780096730789 -3.3464465283303948 0.5 3.6629519064016307 8.1084643715308538 OK 13 12 0.43984000000000001 0.441278 0.094157000000000005 0.33964800000000001 0.344856 0 0.100192 0.096422000000000008 0.094157000000000005 0.0088489999999999992 0.0091459999999999996 0.0085280000000000009 0.073051000000000005 0.068185999999999997 0.067430000000000004 0.0028029999999999999 0.0030990000000000002 0.0026620000000000003 0.00054199999999999995 0.00055099999999999995 0.00052999999999999998 8.1084561963232957 8.1084561963232957 8.1084561963232957 0.0047349089495089995 0.0047349089495089995 0.0047349089495089995 1 1 1 Converged Converged Converged OK OK OK 53 53 53 53 53 53 3 3 3 0 0 0 0 0 1 0 0
123 123 linear 4 7 1234 1 0.001 3.8915140531590433 0.088532758053646368 0.0032928408475351063 -3.3457879601608878 0.033748780096730789 -3.3460456607489557 0.5 3.6625510388201916 8.3835555087328686 OK 13 12 0.47693000000000002 0.34171499999999999 0.091199000000000002 0.38188699999999998 0.221912 0 0.095043000000000044 0.11980299999999999 0.091199000000000002 0.008234 0.0082830000000000004 0.0076930000000000002 0.070134999999999989 0.094617999999999966 0.067453999999999986 0.0027439999999999999 0.0028900000000000002 0.0026810000000000002 0.00054100000000000003 0.00055099999999999995 0.00052700000000000002 8.3835468911729638 8.3835468911729638 8.3835468911729638 0.0047305565122468442 0.0047305565122468442 0.0047305565122468442 1 1 1 Converged Converged Converged OK OK OK 53 53 53 53 53 53 3 3 3 0 0 0 0 1 0 0 1
123 123 linear 4 15 1234 2 0.001 3.8915140531590433 0.088532758053646368 0.0032928408475351063 -3.3457879601608878 0.033748780096730789 -3.3455875263701684 0.5 3.6620929044414043 8.7512726903392046 OK 13 12 0.43210599999999999 0.33094499999999999 0.091351000000000002 0.33686300000000002 0.21460899999999999 0 0.095242999999999967 0.11633599999999999 0.091351000000000002 0.0081429999999999992 0.0082269999999999999 0.0077479999999999997 0.07049699999999999 0.091727000000000031 0.067688000000000012 0.0027810000000000001 0.0027920000000000002 0.0027590000000000002 0.00055000000000000003 0.00054699999999999996 0.000531 8.751263636462852 8.751263636462852 8.751263636462852 0.0047256843312326611 0.0047256843312326611 0.0047256843312326611 1 1 1 Converged Converged Converged OK OK OK 53 53 53 53 53 53 3 3 3 0 0 0 0 1 0 0 1
123 123 linear 4 23 1234 3 0.001 3.8915140531590433 0.088532758053646368 0.0032928408475351063 -3.3457879601608878 0.033748780096730789 -3.3451293919913807 0.5 3.6616347700626166 9.1961769337508681 OK 13 12 0.44764999999999999 0.31041299999999999 0.089325000000000002 0.34969800000000001 0.20299600000000001 0 0.097951999999999984 0.10741699999999998 0.089325000000000002 0.0083040000000000006 0.0083739999999999995 0.007659 0.073053999999999994 0.082338999999999968 0.06574300000000001 0.0027239999999999999 0.002905 0.0027270000000000003 0.00055500000000000005 0.00054699999999999996 0.00052899999999999996 9.1961675925914825 9.1961675925914825 9.1961675925914825 0.0047209334361916714 0.0047209334361916714 0.0047209334361916714 1 1 1 Converged Converged Converged OK OK OK 53 53 53 53 53 53 3 3 3 0 0 0 0 1 0 0 1
123 123 linear 4 0 1234 0 0.0001 3.8915140531590433 0.088532758053646368 0.0032928408475351063 -3.3457879601608878 0.033748780096730789 -3.3464465283303948 0.5 3.6629519064016307 8.1084643715308538 OK 13 12 0.46677299999999999 0.46145799999999998 0.117135 0.34314699999999998 0.34360400000000002 0 0.12362600000000001 0.11785399999999996 0.117135 0.0088739999999999999 0.0089969999999999998 0.008633 0.087095000000000006 0.084769000000000011 0.084787000000000029 0.0036060000000000003 0.0037069999999999998 0.0035540000000000003 0.00066600000000000003 0.00065899999999999997 0.00067299999999999999 8.108456196479958 8.108456196479958 8.108456196479958 0.00053993469203052506 0.00053993469203052506 0.00053993469203052506 1 1 1 Converged Converged Converged OK OK OK 69 69 69 69 69 69 3 3 3 0 0 0 0 0 1 0 0
123 123 linear 4 7 1234 1 0.0001 3.8915140531590433 0.088532758053646368 0.0032928408475351063 -3.3457879601608878 0.033748780096730789 -3.3460456607489557 0.5 3.6625510388201916 8.3835555087328686 OK 13 12 0.50066600000000006 0.37110100000000001 0.113388 0.38222699999999998 0.223272 0 0.11843900000000007 0.14782900000000002 0.113388 0.0082579999999999997 0.0083459999999999993 0.007737 0.088440999999999978 0.117752 0.084864999999999982 0.003797 0.0038149999999999998 0.0035980000000000001 0.00066500000000000001 0.000696 0.00063200000000000007 8.3835468913292353 8.3835468913292353 8.3835468913292353 0.00054016254422952609 0.00054016254422952609 0.00054016254422952609 1 1 1 Converged Converged Converged OK OK OK 69 69 69 69 69 69 3 3 3 0 0 0 0 1 0 0 1
123 123 linear 4 15 1234 2 0.0001 3.8915140531590433 0.088532758053646368 0.0032928408475351063 -3.3457879601608878 0.033748780096730789 -3.3455875263701684 0.5 3.6620929044414043 8.7512726903392046 OK 13 12 0.45972400000000002 0.36832199999999998 0.11412600000000001 0.34078900000000001 0.214007 0 0.11893500000000001 0.15431499999999998 0.11412600000000001 0.0082360000000000003 0.0095659999999999999 0.0076509999999999998 0.088832999999999981 0.12254600000000003 0.085733000000000004 0.0038790000000000001 0.0038470000000000002 0.0036649999999999999 0.00064999999999999997 0.00066899999999999989 0.00064299999999999991 8.7512636366187522 8.7512636366187522 8.7512636366187522 0.00054043449088504833 0.00054043449088504833 0.00054043449088504833 1 1 1 Converged Converged Converged OK OK OK 69 69 69 69 69 69 3 3 3 0 0 0 0 1 0 0 1
123 123 linear 4 23 1234 3 0.0001 3.8915140531590433 0.088532758053646368 0.0032928408475351063 -3.3457879601608878 0.033748780096730789 -3.3451293919913807 0.5 3.6616347700626166 9.1961769337508681 OK 13 12 0.46439000000000002 0.34319499999999997 0.111868 0.34822999999999998 0.20530599999999999 0 0.11616000000000004 0.13788899999999998 0.111868 0.0083689999999999997 0.0082330000000000007 0.0076449999999999999 0.086314000000000002 0.10821399999999995 0.083492000000000011 0.0036519999999999999 0.0038 0.0035919999999999997 0.00064099999999999997 0.00068199999999999999 0.000638 9.1961675927470807 9.1961675927470807 9.1961675927470807 0.00054073031279107354 0.00054073031279107354 0.00054073031279107354 1 1 1 Converged Converged Converged OK OK OK 69 69 69 69 69 69 3 3 3 0 0 0 0 1 0 0 1
123 123 uniform 0 0 1235 0 0.001 3.8915140531590433 0.088532758053646368 0.0032928408475351063 0.30167645353457229 -0.00049277227443409702 0.30101788536506524 0 0.015487492706170503 274.57189527495234 OK 17 16 0.70100899999999999 0.69725400000000004 0.22231699999999999 0.47561100000000001 0.47319699999999998 0 0.22539799999999999 0.22405700000000006 0.22231699999999999 0.014704 0.014290000000000001 0.013781 0.16775599999999999 0.16748000000000007 0.16664700000000002 0.0051279999999999997 0.0050299999999999997 0.0050270000000000002 0.0010919999999999999 0.0011180000000000001 0.001042 274.57207139368313 274.57207139368313 274.57207139368313 0.15938950909201685 0.15938950909201685 0.15938950909201685 1 1 1 Converged Converged Converged OK OK OK 111 111 111 111 111 111 9 9 9 0 0 0 0 0 1 0 0
123 123 uniform 0 7 1235 1 0.001 3.8915140531590433 0.088532758053646368 0.0032928408475351063 0.30167645353457229 -0.00049277227443409702 0.30141875294650433 0 0.015086625124731412 265.8171653527088 OK 15 14 0.71209500000000003 0.66208900000000004 0.20832000000000001 0.49260199999999998 0.35447499999999998 0 0.21949300000000005 0.30761400000000005 0.20832000000000001 0.013731999999999999 0.012527 0.011714 0.17353300000000002 0.26399299999999998 0.16625600000000004 0.0051699999999999992 0.0049440000000000005 0.0048549999999999999 0.001108 0.001065 0.0010369999999999999 265.81734987762059 265.81734987762059 265.81734987762059 0.15707652063707478 0.15707652063707478 0.15707652063707478 1 1 1 Converged Converged Converged OK OK OK 111 111 111 111 111 111 9 9 9 0 0 0 0 1 0 0 1
123 123 uniform 0 15 1235 2 0.001 3.8915140531590433 0.088532758053646368 0.0032928408475351063 0.30167645353457229 -0.00049277227443409702 0.30187688732529183 0 0.014628490745943912 254.82075037498728 OK 15 14 0.78258399999999995 0.72853400000000001 0.208035 0.56079699999999999 0.41595700000000002 0 0.22178699999999996 0.31257699999999999 0.208035 0.013565000000000001 0.015544000000000001 0.011559 0.17085499999999998 0.26579500000000006 0.16594000000000006 0.0052330000000000007 0.0050300000000000006 0.005025 0.0010839999999999999 0.0010769999999999998 0.0010369999999999999 254.82093762678244 254.82093762678244 254.82093762678244 0.15732353942472213 0.15732353942472213 0.15732353942472213 1 1 1 Converged Converged Converged OK OK OK 111 111 111 111 111 111 9 9 9 0 0 0 0 1 0 0 1
123 123 uniform 0 23 1235 3 0.001 3.8915140531590433 0.088532758053646368 0.0032928408475351063 0.30167645353457229 -0.00049277227443409702 0.30233502170407933 0 0.014170356367156411 242.98982731579201 OK 15 14 0.593526 0.54904299999999995 0.20835999999999999 0.38353700000000002 0.23923700000000001 0 0.20998899999999998 0.30980599999999991 0.20835999999999999 0.012279999999999999 0.012344000000000001 0.011441 0.16687600000000008 0.26639599999999997 0.16647899999999993 0.0050239999999999998 0.0049769999999999997 0.0049399999999999999 0.0010529999999999999 0.0010869999999999999 0.001011 242.99001122170901 242.99001122170901 242.99001122170901 0.16087494951535866 0.16087494951535866 0.16087494951535866 1 1 1 Converged Converged Converged OK OK OK 111 111 111 111 111 111 9 9 9 0 0 0 0 1 0 0 1
123 123 uniform 0 0 1235 0 0.0001 3.8915140531590433 0.088532758053646368 0.0032928408475351063 0.30167645353457229 -0.00049277227443409702 0.30101788536506524 0 0.015487492706170503 274.57189527495234 OK 17 16 0.76035399999999997 0.75640200000000002 0.28729399999999999 0.47295799999999999 0.47136400000000001 0 0.28739599999999998 0.28503800000000001 0.28729399999999999 0.014067 0.014118 0.014201999999999999 0.21449699999999991 0.21259300000000009 0.21425400000000006 0.0078010000000000006 0.0079509999999999997 0.0079509999999999997 0.0013940000000000001 0.001397 0.0014269999999999999 274.57189748790614 274.57189748790614 274.57189748790614 0.013470302770927006 0.013470302770927006 0.013470302770927006 1 1 1 Converged Converged Converged OK OK OK 151 151 151 151 151 151 9 9 9 0 0 0 0 0 1 0 0
123 123 uniform 0 7 1235 1 0.0001 3.8915140531590433 0.088532758053646368 0.0032928408475351063 0.30167645353457229 -0.00049277227443409702 0.30141875294650433 0 0.015086625124731412 265.8171653527088 OK 15 14 0.75712000000000002 0.78809099999999999 0.269737 0.48984100000000003 0.354825 0 0.26727899999999999 0.43326599999999998 0.269737 0.012531 0.012364999999999999 0.011859 0.20990799999999996 0.37557200000000002 0.21362700000000015 0.0080359999999999997 0.0082939999999999993 0.0080810000000000014 0.0014069999999999998 0.0014260000000000002 0.0013979999999999999 265.8171782239524 265.8171782239524 265.8171782239524 0.021112561162611253 0.021112561162611253 0.021112561162611253 1 1 1 Converged Converged Converged OK OK OK 151 151 151 151 151 151 9 9 9 0 0 0 0 1 0 0 1
123 123 uniform 0 15 1235 2 0.0001 3.8915140531590433 0.088532758053646368 0.0032928408475351063 0.30167645353457229 -0.00049277227443409702 0.30187688732529183 0 0.014628490745943912 254.82075037498728 OK 15 14 0.83795299999999995 0.89146800000000004 0.27754499999999999 0.55848399999999998 0.42033900000000002 0 0.27946899999999997 0.47112900000000002 0.27754499999999999 0.012125 0.01242 0.011594999999999999 0.21818399999999996 0.40901100000000012 0.2174890000000001 0.0082220000000000001 0.0087220000000000006 0.0083109999999999989 0.0015580000000000001 0.0015709999999999997 0.00157 254.82078043870243 254.82078043870243 254.82078043870243 0.0036135844462641948 0.0036135844462641948 0.0036135844462641948 1 1 1 Converged Converged Converged OK OK OK 159 159 159 159 159 159 9 9 9 0 0 0 0 1 0 0 1
123 123 uniform 0 23 1235 3 0.0001 3.8915140531590433 0.088532758053646368 0.0032928408475351063 0.30167645353457229 -0.00049277227443409702 0.30233502170407933 0 0.014170356367156411 242.98982731579201 OK 15 14 0.65875099999999998 0.70995799999999998 0.28471099999999999 0.38089200000000001 0.242372 0 0.27785899999999997 0.46758599999999995 0.28471099999999999 0.012267999999999999 0.012505 0.011313999999999999 0.21900499999999995 0.40647399999999995 0.22746399999999994 0.0084139999999999996 0.0091520000000000004 0.0081869999999999998 0.0015789999999999999 0.0016949999999999999 0.0015399999999999999 242.98986487638192 242.98986487638192 242.98986487638192 0.0034873205809321868 0.0034873205809321868 0.0034873205809321868 1 1 1 Converged Converged Converged OK OK OK 159 159 159 159 159 159 9 9 9 0 0 0 0 1 0 0 1
123 123 uniform 1 0 1236 0 0.001 3.8915140531590433 0.088532758053646368 0.0032928408475351063 0.29550390259954046 0.010836798017222997 0.29484533443003341 0 0.021660043641202331 156.67924992046122 OK 13 12 0.45913399999999999 0.45952500000000002 0.118754 0.339314 0.34012199999999998 0 0.11981999999999998 0.11940300000000004 0.118754 0.011204 0.011462999999999999 0.011091999999999999 0.087511999999999923 0.087152000000000035 0.087125999999999995 0.0026740000000000002 0.0026639999999999997 0.002591 0.00068300000000000001 0.00068499999999999995 0.00065499999999999998 156.67925573214276 156.67925573214276 156.67925573214276 0.15410977036981818 0.15410977036981818 0.15410977036981818 1 1 1 Converged Converged Converged OK OK OK 66 66 66 66 66 66 6 6 6 0 0 0 0 0 1 0 0
123 123 uniform 1 7 1236 1 0.001 3.8915140531590433 0.088532758053646368 0.0032928408475351063 0.29550390259954046 0.010836798017222997 0.2952462020114725 0 0.021259176059763241 163.72447559238438 OK 13 12 0.44477100000000003 0.470327 0.11218 0.32730300000000001 0.19467499999999999 0 0.11746800000000002 0.27565200000000001 0.11218 0.010208999999999999 0.010392 0.0096380000000000007 0.090158000000000016 0.24778499999999995 0.085847999999999966 0.0026359999999999999 0.0027500000000000003 0.0026069999999999999 0.0006330000000000001 0.00063399999999999991 0.00063199999999999997 163.72447592790422 163.72447592790422 163.72447592790422 0.13522734016734111 0.13522734016734111 0.13522734016734111 1 1 1 Converged Converged Converged OK OK OK 66 66 66 66 66 66 6 6 6 0 0 0 0 1 0 0 1
123 123 uniform 1 15 1236 2 0.001 3.8915140531590433 0.088532758053646368 0.0032928408475351063 0.29550390259954046 0.010836798017222997 0.29570433639026 0 0.02080104168097574 168.81551029720154 OK 13 12 0.45428499999999999 0.47478599999999999 0.116176 0.339397 0.20147599999999999 0 0.11488799999999999 0.27331 0.116176 0.010189 0.010336 0.0098799999999999999 0.087808999999999998 0.24560599999999996 0.089502999999999971 0.0025850000000000001 0.002725 0.0027200000000000002 0.0006420000000000001 0.00064100000000000008 0.00065799999999999995 168.81551140803035 168.81551140803035 168.81551140803035 0.11579728735750604 0.11579728735750604 0.11579728735750604 1 1 1 Converged Converged Converged OK OK OK 66 66 66 66 66 66 6 6 6 0 0 0 0 1 0 0 1
123 123 uniform 1 23 1236 3 0.001 3.8915140531590433 0.088532758053646368 0.0032928408475351063 0.29550390259954046 0.010836798017222997 0.2961624707690475 0 0.02034290730218824 171.20802777372239 OK 13 12 0.45404899999999998 0.51173599999999997 0.13858899999999999 0.31419000000000002 0.185473 0 0.13985899999999996 0.32626299999999997 0.13858899999999999 0.010508 0.010579 0.0099500000000000005 0.10705000000000001 0.29243599999999997 0.10717200000000003 0.0034710000000000001 0.0038639999999999998 0.0033889999999999997 0.00092099999999999994 0.00093899999999999995 0.00090300000000000005 171.20810909990962 171.20810909990962 171.20810909990962 0.059418585449455122 0.059418585449455122 0.059418585449455122 1 1 1 Converged Converged Converged OK OK OK 89 89 89 89 89 89 7 7 7 0 0 0 0 1 0 0 1
123 123 uniform 1 0 1236 0 0.0001 3.8915140531590433 0.088532758053646368 0.0032928408475351063 0.29550390259954046 0.010836798017222997 0.29484533443003341 0 0.021660043641202331 156.67924992046122 OK 13 12 0.52517999999999998 0.51029999999999998 0.16639999999999999 0.34131 0.34265000000000001 0 0.18386999999999998 0.16764999999999997 0.16639999999999999 0.011424 0.011044999999999999 0.010957 0.13330600000000001 0.12040999999999998 0.11943699999999996 0.0051640000000000002 0.0047200000000000011 0.0046609999999999993 0.001178 0.0011100000000000001 0.001108 156.67923515637432 156.67923515637432 156.67923515637432 0.00016153622903209298 0.00016153622903209298 0.00016153622903209298 1 1 1 Converged Converged Converged OK OK OK 106 106 106 106 106 106 6 6 6 0 0 0 0 0 1 0 0
123 123 uniform 1 7 1236 1 0.0001 3.8915140531590433 0.088532758053646368 0.0032928408475351063 0.29550390259954046 0.010836798017222997 0.2952462020114725 0 0.021259176059763241 163.72447559238438 OK 13 12 0.48986499999999999 0.62534199999999995 0.15693099999999999 0.331206 0.194463 0 0.15865899999999999 0.43087899999999996 0.15693099999999999 0.010260999999999999 0.010322 0.0097909999999999994 0.11962100000000002 0.39100399999999996 0.11906100000000003 0.0046830000000000005 0.0048049999999999994 0.0046190000000000007 0.0011000000000000001 0.001075 0.001054 163.724460424418 163.724460424418 163.724460424418 0.00017975752948352173 0.00017975752948352173 0.00017975752948352173 1 1 1 Converged Converged Converged OK OK OK 106 106 106 106 106 106 6 6 6 0 0 0 0 1 0 0 1
123 123 uniform 1 15 1236 2 0.0001 3.8915140531590433 0.088532758053646368 0.0032928408475351063 0.29550390259954046 0.010836798017222997 0.29570433639026 0 0.02080104168097574 168.81551029720154 OK 13 12 0.48979 0.58279499999999995 0.15096599999999999 0.336507 0.20097100000000001 0 0.153283 0.38182399999999994 0.15096599999999999 0.010312999999999999 0.010369 0.0097230000000000007 0.11597699999999997 0.34315900000000005 0.11408600000000003 0.0043879999999999995 0.0045799999999999999 0.0044599999999999996 0.00099500000000000001 0.00099599999999999992 0.0010010000000000002 168.81550194989785 168.81550194989785 168.81550194989785 0.012528099504305784 0.012528099504305784 0.012528099504305784 1 1 1 Converged Converged Converged OK OK OK 98 98 98 98 98 98 6 6 6 0 0 0 0 1 0 0 1
123 123 uniform 1 23 1236 3 0.0001 3.8915140531590433 0.088532758053646368 0.0032928408475351063 0.29550390259954046 0.010836798017222997 0.2961624707690475 0 0.02034290730218824 171.20802777372239 OK 13 12 0.50101700000000005 0.67230599999999996 0.20230799999999999 0.31598700000000002 0.17923600000000001 0 0.18503000000000003 0.49306999999999995 0.20230799999999999 0.010544 0.010734 0.011192000000000001 0.13950299999999996 0.4461360000000002 0.15380499999999997 0.0076869999999999994 0.0075829999999999995 0.0077499999999999999 0.0012050000000000001 0.001235 0.0012960000000000001 171.20801707707852 171.20801707707852 171.20801707707852 0.0067085281675993876 0.0067085281675993876 0.0067085281675993876 1 1 1 Converged Converged Converged OK OK OK 137 137 137 137 137 137 7 7 7 0 0 0 0 1 0 0 1
123 123 uniform 2 0 1237 0 0.001 3.8915140531590433 0.088532758053646368 0.0032928408475351063 -3.3635369097350813 -0.0064809219613767462 -3.3641954779045884 0 3.6807008559758243 7.7913154495426742 OK 13 12 0.40637099999999998 0.39916099999999999 0.057577999999999997 0.342441 0.34012599999999998 0 0.063929999999999987 0.059035000000000004 0.057577999999999997 0.0091489999999999991 0.0089849999999999999 0.0084329999999999995 0.041471999999999995 0.036978999999999998 0.036490999999999996 0.0017339999999999999 0.0017890000000000002 0.0017339999999999999 0.00044200000000000001 0.00042499999999999998 0.00041600000000000003 7.7913146458172191 7.7913146458172191 7.7913146458172191 0.0029174746166698226 0.0029174746166698226 0.0029174746166698226 1 1 1 Converged Converged Converged OK OK OK 37 37 37 37 37 37 3 3 3 0 0 0 0 0 1 0 0
123 123 uniform 2 7 1237 1 0.001 3.8915140531590433 0.088532758053646368 0.0032928408475351063 -3.3635369097350813 -0.0064809219613767462 -3.3637946103231493 0 3.6802999883943852 7.7373934963571847 OK 13 12 0.41039500000000001 0.28396199999999999 0.052724 0.35605900000000001 0.218638 0 0.054335999999999995 0.065323999999999993 0.052724 0.0082109999999999995 0.0083569999999999998 0.0076629999999999997 0.034434000000000006 0.045536000000000014 0.033943999999999988 0.001771 0.0018060000000000001 0.0018069999999999998 0.00043100000000000001 0.00042000000000000002 0.00041800000000000002 7.7373926941647664 7.7373926941647664 7.7373926941647664 0.0028871600972542829 0.0028871600972542829 0.0028871600972542829 1 1 1 Converged Converged Converged OK OK OK 37 37 37 37 37 37 3 3 3 0 0 0 0 1 0 0 1
123 123 uniform 2 15 1237 2 0.001 3.8915140531590433 0.088532758053646368 0.0032928408475351063 -3.3635369097350813 -0.0064809219613767462 -3.363336475944362 0 3.6798418540155979 7.6778506942554952 OK 13 12 0.38459900000000002 0.31138100000000002 0.053104999999999999 0.33006600000000003 0.24690200000000001 0 0.054532999999999998 0.064479000000000009 0.053104999999999999 0.0081259999999999995 0.0083020000000000004 0.0076600000000000001 0.034834000000000004 0.044781000000000001 0.034379000000000007 0.0017699999999999999 0.0017459999999999999 0.001689 0.00041899999999999999 0.00043300000000000001 0.00041300000000000001 7.6778499016745414 7.6778499016745414 7.6778499016745414 0.0028541416366092442 0.0028541416366092442 0.0028541416366092442 1 1 1 Converged Converged Converged OK OK OK 37 37 37 37 37 37 3 3 3 0 0 0 0 1 0 0 1
123 123 uniform 2 23 1237 3 0.001 3.8915140531590433 0.088532758053646368 0.0032928408475351063 -3.3635369097350813 -0.0064809219613767462 -3.3628783415655743 0 3.6793837196368102 7.6205554525285377 OK 13 12 0.40662100000000001 0.28182600000000002 0.054824999999999999 0.35481299999999999 0.22073599999999999 0 0.051808000000000021 0.061090000000000033 0.054824999999999999 0.0081709999999999994 0.008234 0.012161 0.032085000000000002 0.041527999999999982 0.031639 0.0018599999999999999 0.001812 0.0017570000000000001 0.000437 0.00042499999999999998 0.00041899999999999999 7.6205547323251093 7.6205547323251093 7.6205547323251093 0.002822793216339688 0.002822793216339688 0.002822793216339688 1 1 1 Converged Converged Converged OK OK OK 37 37 37 37 37 37 3 3 3 0 0 0 0 1 0 0 1
123 123 uniform 2 0 1237 0 0.0001 3.8915140531590433 0.088532758053646368 0.0032928408475351063 -3.3635369097350813 -0.0064809219613767462 -3.3641954779045884 0 3.6807008559758243 7.7913154495426742 OK 13 12 0.43959999999999999 0.43840899999999999 0.094631999999999994 0.344223 0.33781699999999998 0 0.09537699999999999 0.10059200000000001 0.094631999999999994 0.0088109999999999994 0.012999 0.0084510000000000002 0.06260300000000002 0.063035000000000008 0.06252000000000002 0.003483 0.003852 0.0034490000000000002 0.00065099999999999999 0.00067500000000000004 0.00064700000000000001 7.7913146511959122 7.7913146511959122 7.7913146511959122 0.00051617522473393644 0.00051617522473393644 0.00051617522473393644 1 1 1 Converged Converged Converged OK OK OK 69 69 69 69 69 69 3 3 3 0 0 0 0 0 1 0 0
123 123 uniform 2 7 1237 1 0.0001 3.8915140531590433 0.088532758053646368 0.0032928408475351063 -3.3635369097350813 -0.0064809219613767462 -3.3637946103231493 0 3.6802999883943852 7.7373934963571847 OK 13 12 0.44857999999999998 0.33311400000000002 0.090426999999999993 0.35639500000000002 0.21851799999999999 0 0.092184999999999961 0.11459600000000003 0.090426999999999993 0.0082550000000000002 0.008371 0.0077279999999999996 0.06232299999999999 0.085047000000000011 0.061955999999999997 0.0034429999999999999 0.0035009999999999998 0.00346 0.00065399999999999996 0.000669 0.00064199999999999999 7.7373926990411936 7.7373926990411936 7.7373926990411936 0.00051637512831419772 0.00051637512831419772 0.00051637512831419772 1 1 1 Converged Converged Converged OK OK OK 69 69 69 69 69 69 3 3 3 0 0 0 0 1 0 0 1
123 123 uniform 2 15 1237 2 0.0001 3.8915140531590433 0.088532758053646368 0.0032928408475351063 -3.3635369097350813 -0.0064809219613767462 -3.363336475944362 0 3.6798418540155979 7.6778506942554952 OK 13 12 0.42321300000000001 0.34997299999999998 0.089386999999999994 0.33184200000000003 0.238395 0 0.09137099999999998 0.11157799999999998 0.089386999999999994 0.0082369999999999995 0.0082299999999999995 0.0077219999999999997 0.061877000000000015 0.082143000000000008 0.061159999999999992 0.003457 0.0034710000000000001 0.0034039999999999999 0.00069399999999999996 0.00066099999999999991 0.00064899999999999995 7.6778499060303984 7.6778499060303984 7.6778499060303984 0.00051660377008136383 0.00051660377008136383 0.00051660377008136383 1 1 1 Converged Converged Converged OK OK OK 69 69 69 69 69 69 3 3 3 0 0 0 0 1 0 0 1
123 123 uniform 2 23 1237 3 0.0001 3.8915140531590433 0.088532758053646368 0.0032928408475351063 -3.3635369097350813 -0.0064809219613767462 -3.3628783415655743 0 3.6793837196368102 7.6205554525285377 OK 13 12 0.44003100000000001 0.32721299999999998 0.087410000000000002 0.350767 0.219803 0 0.08926400000000001 0.10740999999999998 0.087410000000000002 0.0082269999999999999 0.0082369999999999995 0.0076059999999999999 0.059750999999999992 0.078001000000000001 0.059351000000000001 0.0035000000000000001 0.003571 0.0033930000000000002 0.0006820000000000001 0.00064999999999999997 0.00064899999999999995 7.6205547362117736 7.6205547362117736 7.6205547362117736 0.00051683259880007111 0.00051683259880007111 0.00051683259880007111 1 1 1 Converged Converged Converged OK OK OK 69 69 69 69 69 69 3 3 3 0 0 0 0 1 0 0 1
123 123 uniform 3 0 1238 0 0.001 3.8915140531590433 0.088532758053646368 0.0032928408475351063 -3.3441419004367727 0.032860641677330903 -3.3448004686062798 0 3.6613058466775157 9.3019538601630902 OK 13 12 0.40217700000000001 0.40192299999999997 0.054640000000000001 0.34684500000000001 0.34615499999999999 0 0.055331999999999992 0.055767999999999984 0.054640000000000001 0.0087119999999999993 0.0091570000000000002 0.0087589999999999994 0.033606000000000004 0.033609999999999987 0.033181999999999996 0.0018140000000000001 0.0017490000000000001 0.0017439999999999999 0.00044799999999999999 0.00042699999999999997 0.00042899999999999997 9.3019522295001362 9.3019522295001362 9.3019522295001362 0.0039619212406758909 0.0039619212406758909 0.0039619212406758909 1 1 1 Converged Converged Converged OK OK OK 37 37 37 37 37 37 3 3 3 0 0 0 0 0 1 0 0
123 123 uniform 3 7 1238 1 0.001 3.8915140531590433 0.088532758053646368 0.0032928408475351063 -3.3441419004367727 0.032860641677330903 -3.3443996010248407 0 3.6609049790960766 9.8169553435106245 OK 13 12 0.42505100000000001 0.28423700000000002 0.053348 0.370259 0.21562700000000001 0 0.054792000000000007 0.068610000000000004 0.053348 0.0082269999999999999 0.0083009999999999994 0.0076540000000000002 0.034855999999999991 0.048829999999999985 0.034609000000000008 0.001833 0.001787 0.0017679999999999998 0.00041299999999999996 0.000435 0.00040999999999999999 9.8169536702657751 9.8169536702657751 9.8169536702657751 0.0041200869532803941 0.0041200869532803941 0.0041200869532803941 1 1 1 Converged Converged Converged OK OK OK 37 37 37 37 37 37 3 3 3 0 0 0 0 1 0 0 1
123 123 uniform 3 15 1238 2 0.001 3.8915140531590433 0.088532758053646368 0.0032928408475351063 -3.3441419004367727 0.032860641677330903 -3.3439414666460534 0 3.6604468447172893 10.610128368481005 OK 13 12 0.41480699999999998 0.336229 0.059291999999999997 0.352883 0.26227400000000001 0 0.061923999999999979 0.073954999999999993 0.059291999999999997 0.0083119999999999999 0.0081740000000000007 0.0076740000000000003 0.041258999999999997 0.054381999999999993 0.040579000000000004 0.002013 0.0018090000000000001 0.0017910000000000001 0.00043300000000000001 0.000444 0.00040499999999999998 10.61012730601438 10.61012730601438 10.61012730601438 0.0040845660540173023 0.0040845660540173023 0.0040845660540173023 1 1 1 Converged Converged Converged OK OK OK 37 37 37 37 37 37 3 3 3 0 0 0 0 1 0 0 1
123 123 uniform 3 23 1238 3 0.001 3.8915140531590433 0.088532758053646368 0.0032928408475351063 -3.3441419004367727 0.032860641677330903 -3.3434833322672657 0 3.6599887103385016 11.922184170548611 OK 13 12 0.42899399999999999 0.32314700000000002 0.057784000000000002 0.37160300000000002 0.24979499999999999 0 0.05739099999999997 0.073352000000000028 0.057784000000000002 0.0084989999999999996 0.0085509999999999996 0.0081359999999999991 0.037028999999999992 0.053385999999999989 0.038427000000000003 0.0019520000000000002 0.0018650000000000001 0.0018 0.00043300000000000001 0.00042999999999999999 0.00042199999999999996 11.922181485305238 11.922181485305238 11.922181485305238 0.0029080044550860188 0.0029080044550860188 0.0029080044550860188 1 1 1 Converged Converged Converged OK OK OK 37 37 37 37 37 37 3 3 3 0 0 0 0 1 0 0 1
123 123 uniform 3 0 1238 0 0.0001 3.8915140531590433 0.088532758053646368 0.0032928408475351063 -3.3441419004367727 0.032860641677330903 -3.3448004686062798 0 3.6613058466775157 9.3019538601630902 OK 13 12 0.44387500000000002 0.44452599999999998 0.094597000000000001 0.344808 0.34584199999999998 0 0.099067000000000016 0.098683999999999994 0.094597000000000001 0.0088760000000000002 0.0090150000000000004 0.0085489999999999993 0.062092999999999988 0.062481000000000002 0.062017999999999983 0.0034009999999999995 0.0034819999999999999 0.0034429999999999999 0.00067700000000000008 0.00068400000000000004 0.00070399999999999998 9.3019522621614996 9.3019522621614996 9.3019522621614996 0.00052608908644686072 0.00052608908644686072 0.00052608908644686072 1 1 1 Converged Converged Converged OK OK OK 69 69 69 69 69 69 3 3 3 0 0 0 0 0 1 0 0
123 123 uniform 3 7 1238 1 0.0001 3.8915140531590433 0.088532758053646368 0.0032928408475351063 -3.3441419004367727 0.032860641677330903 -3.3443996010248407 0 3.6609049790960766 9.8169553435106245 OK 13 12 0.46179900000000002 0.33613100000000001 0.095332 0.36480299999999999 0.21643399999999999 0 0.096996000000000027 0.11969700000000003 0.095332 0.0082959999999999996 0.0083750000000000005 0.0076870000000000003 0.067328999999999972 0.090177999999999994 0.066913000000000028 0.003509 0.0035260000000000001 0.0034409999999999996 0.00067400000000000001 0.00064900000000000005 0.000629 9.8169536411199552 9.8169536411199552 9.8169536411199552 0.00052658117159844013 0.00052658117159844013 0.00052658117159844013 1 1 1 Converged Converged Converged OK OK OK 69 69 69 69 69 69 3 3 3 0 0 0 0 1 0 0 1
123 123 uniform 3 15 1238 2 0.0001 3.8915140531590433 0.088532758053646368 0.0032928408475351063 -3.3441419004367727 0.032860641677330903 -3.3439414666460534 0 3.6604468447172893 10.610128368481005 OK 13 12 0.45932499999999998 0.38499800000000001 0.099935999999999997 0.35786200000000001 0.25847799999999999 0 0.10146299999999997 0.12652000000000002 0.099935999999999997 0.0081740000000000007 0.0083429999999999997 0.0077889999999999999 0.071865000000000026 0.096760999999999972 0.071535000000000015 0.0036519999999999999 0.0036499999999999996 0.0034780000000000002 0.00065499999999999998 0.00066500000000000001 0.00063900000000000003 10.610126925772306 10.610126925772306 10.610126925772306 0.00052745273610908393 0.00052745273610908393 0.00052745273610908393 1 1 1 Converged Converged Converged OK OK OK 69 69 69 69 69 69 3 3 3 0 0 0 0 1 0 0 1
123 123 uniform 3 23 1238 3 0.0001 3.8915140531590433 0.088532758053646368 0.0032928408475351063 -3.3441419004367727 0.032860641677330903 -3.3434833322672657 0 3.6599887103385016 11.922184170548611 OK 13 12 0.47332999999999997 0.38206899999999999 0.096544000000000005 0.37436199999999997 0.25006099999999998 0 0.098968 0.13200800000000001 0.096544000000000005 0.0086250000000000007 0.0085310000000000004 0.0079000000000000008 0.06865099999999999 0.10187200000000003 0.068237000000000006 0.0036899999999999997 0.0036180000000000001 0.0033990000000000001 0.00069499999999999998 0.00066099999999999991 0.0006420000000000001 11.92218270126294 11.92218270126294 11.92218270126294 0.00053209477020228866 0.00053209477020228866 0.00053209477020228866 1 1 1 Converged Converged Converged OK OK OK 69 69 69 69 69 69 3 3 3 0 0 0 0 1 0 0 1
123 123 uniform 4 0 1239 0 0.001 3.8915140531590433 0.088532758053646368 0.0032928408475351063 -3.3457879601608878 0.033748780096730789 -3.3464465283303948 0 3.6629519064016307 8.1280781676137597 OK 13 12 0.40037600000000001 0.40428999999999998 0.060336000000000001 0.34077499999999999 0.344858 0 0.059601000000000015 0.059431999999999985 0.060336000000000001 0.0089720000000000008 0.0088050000000000003 0.0087150000000000005 0.037700999999999998 0.037827000000000006 0.038740999999999998 0.00181 0.0017900000000000001 0.0017809999999999998 0.000444 0.00041399999999999998 0.00043800000000000002 8.1280770457474336 8.1280770457474336 8.1280770457474336 0.0033961041857043413 0.0033961041857043413 0.0033961041857043413 1 1 1 Converged Converged Converged OK OK OK 37 37 37 37 37 37 3 3 3 0 0 0 0 0 1 0 0
123 123 uniform 4 7 1239 1 0.001 3.8915140531590433 0.088532758053646368 0.0032928408475351063 -3.3457879601608878 0.033748780096730789 -3.3460456607489557 0 3.6625510388201916 8.4077181894227095 OK 13 12 0.44234200000000001 0.30192000000000002 0.057093999999999999 0.383654 0.22245699999999999 0 0.058688000000000018 0.079463000000000034 0.057093999999999999 0.0082679999999999993 0.0082419999999999993 0.0077089999999999997 0.038758999999999988 0.059763999999999991 0.038292 0.0017140000000000002 0.0017619999999999999 0.001774 0.00043500000000000006 0.000437 0.00040799999999999994 8.4077169177991156 8.4077169177991156 8.4077169177991156 0.0035668906200792242 0.0035668906200792242 0.0035668906200792242 1 1 1 Converged Converged Converged OK OK OK 37 37 37 37 37 37 3 3 3 0 0 0 0 1 0 0 1
123 123 uniform 4 15 1239 2 0.001 3.8915140531590433 0.088532758053646368 0.0032928408475351063 -3.3457879601608878 0.033748780096730789 -3.3455875263701684 0 3.6620929044414043 8.7827775851163246 OK 13 12 0.39430999999999999 0.28965999999999997 0.056403000000000002 0.33685199999999998 0.21387400000000001 0 0.057458000000000009 0.075785999999999965 0.056403000000000002 0.0081580000000000003 0.008319 0.0077089999999999997 0.037884000000000008 0.056003999999999991 0.037663000000000002 0.0017440000000000001 0.0018370000000000001 0.001761 0.00042400000000000001 0.00043499999999999995 0.00040700000000000003 8.7827760650610589 8.7827760650610589 8.7827760650610589 0.0037887322268906906 0.0037887322268906906 0.0037887322268906906 1 1 1 Converged Converged Converged OK OK OK 37 37 37 37 37 37 3 3 3 0 0 0 0 1 0 0 1
123 123 uniform 4 23 1239 3 0.001 3.8915140531590433 0.088532758053646368 0.0032928408475351063 -3.3457879601608878 0.033748780096730789 -3.3451293919913807 0 3.6616347700626166 9.2388418482954879 OK 13 12 0.40517900000000001 0.274563 0.055563000000000001 0.34833700000000001 0.20508699999999999 0 0.056842000000000004 0.06947600000000001 0.055563000000000001 0.0080689999999999998 0.0082209999999999991 0.0075960000000000003 0.037378999999999996 0.049914999999999994 0.036894999999999997 0.0017819999999999999 0.0018029999999999999 0.0018220000000000001 0.00040700000000000003 0.00042699999999999997 0.00040900000000000002 9.2388401956223305 9.2388401956223305 9.2388401956223305 0.0040327926485842283 0.0040327926485842283 0.0040327926485842283 1 1 1 Converged Converged Converged OK OK OK 37 37 37 37 37 37 3 3 3 0 0 0 0 1 0 0 1
123 123 uniform 4 0 1239 0 0.0001 3.8915140531590433 0.088532758053646368 0.0032928408475351063 -3.3457879601608878 0.033748780096730789 -3.3464465283303948 0 3.6629519064016307 8.1280781676137597 OK 13 12 0.44378099999999998 0.44542199999999998 0.099768999999999997 0.33913900000000002 0.34438600000000003 0 0.10464199999999996 0.10103599999999996 0.099768999999999997 0.0088030000000000001 0.0091870000000000007 0.0085240000000000003 0.071781999999999999 0.067624000000000017 0.067682999999999979 0.0035139999999999998 0.0034720000000000003 0.0034399999999999999 0.00065700000000000003 0.00067600000000000006 0.00064499999999999996 8.1280770664429554 8.1280770664429554 8.1280770664429554 0.00052512269270179387 0.00052512269270179387 0.00052512269270179387 1 1 1 Converged Converged Converged OK OK OK 69 69 69 69 69 69 3 3 3 0 0 0 0 0 1 0 0
123 123 uniform 4 7 1239 1 0.0001 3.8915140531590433 0.088532758053646368 0.0032928408475351063 -3.3457879601608878 0.033748780096730789 -3.3460456607489557 0 3.6625510388201916 8.4077181894227095 OK 13 12 0.483574 0.35443000000000002 0.096531000000000006 0.38108799999999998 0.223776 0 0.10248600000000002 0.13065400000000002 0.096531000000000006 0.0094500000000000001 0.0082649999999999998 0.0077130000000000002 0.071346000000000034 0.10084600000000001 0.068205999999999989 0.0035040000000000002 0.0036220000000000002 0.0034129999999999998 0.00067500000000000004 0.00066199999999999994 0.00063700000000000009 8.4077169482666854 8.4077169482666854 8.4077169482666854 0.00052533477193119911 0.00052533477193119911 0.00052533477193119911 1 1 1 Converged Converged Converged OK OK OK 69 69 69 69 69 69 3 3 3 0 0 0 0 1 0 0 1
123 123 uniform 4 15 1239 2 0.0001 3.8915140531590433 0.088532758053646368 0.0032928408475351063 -3.3457879601608878 0.033748780096730789 -3.3455875263701684 0 3.6620929044414043 8.7827775851163246 OK 13 12 0.43911800000000001 0.33789599999999997 0.097026000000000001 0.33995199999999998 0.210425 0 0.099166000000000032 0.12747099999999997 0.097026000000000001 0.008201 0.0083280000000000003 0.0077510000000000001 0.069747000000000003 0.098202999999999999 0.068926999999999974 0.0034860000000000004 0.0035040000000000002 0.0033890000000000001 0.00066200000000000005 0.00065000000000000008 0.00063299999999999999 8.7827761107780056 8.7827761107780056 8.7827761107780056 0.0005255919610672019 0.0005255919610672019 0.0005255919610672019 1 1 1 Converged Converged Converged OK OK OK 69 69 69 69 69 69 3 3 3 0 0 0 0 1 0 0 1
123 123 uniform 4 23 1239 3 0.0001 3.8915140531590433 0.088532758053646368 0.0032928408475351063 -3.3457879601608878 0.033748780096730789 -3.3451293919913807 0 3.6616347700626166 9.2388418482954879 OK 13 12 0.45466400000000001 0.32275300000000001 0.094784999999999994 0.35046899999999997 0.20227500000000001 0 0.10419500000000004 0.120478 0.094784999999999994 0.0082979999999999998 0.0082769999999999996 0.0076490000000000004 0.073635999999999993 0.091095000000000009 0.066448999999999994 0.0041600000000000005 0.0036429999999999995 0.0035079999999999998 0.00067700000000000008 0.00067000000000000002 0.00062700000000000006 9.238840255639321 9.238840255639321 9.238840255639321 0.0005258805485248069 0.0005258805485248069 0.0005258805485248069 1 1 1 Converged Converged Converged OK OK OK 69 69 69 69 69 69 3 3 3 0 0 0 0 1 0 0 1
124 124 linear 0 0 1240 0 0.001 0.98335423519434317 0.90627404519556043 0.0058883758155340599 -0.098469086083638219 0.62718031120112172 -0.099646761246745028 0.5 0.56714954387962657 5.5514945814508492 OK 14 13 0.43844100000000003 0.43104999999999999 0.127743 0.30341800000000002 0.30249199999999998 0 0.135023 0.12855800000000001 0.127743 0.01559 0.012317 0.011893000000000001 0.09350100000000007 0.090892000000000001 0.090790999999999969 0.0036020000000000002 0.0035100000000000005 0.0032209999999999999 0.001011 0.0009549999999999999 0.00089499999999999996 5.5515019280670668 5.5515019280670668 5.5515019280670668 0.0038215749561310384 0.0038215749561310384 0.0038215749561310384 1 1 1 Converged Converged Converged OK OK OK 75 75 75 75 75 75 5 5 5 0 0 0 0 0 1 0 0
124 124 linear 0 7 1240 1 0.001 0.98335423519434317 0.90627404519556043 0.0058883758155340599 -0.098469086083638219 0.62718031120112172 -0.098929915495288706 0.5 0.56643269812817021 5.4296533144069121 OK 14 13 0.43440099999999998 0.40828199999999998 0.113071 0.31607400000000002 0.20164899999999999 0 0.11832699999999996 0.20663299999999998 0.113071 0.011892 0.011785 0.01108 0.085722000000000007 0.17403399999999999 0.08238899999999999 0.0035060000000000004 0.0037020000000000004 0.00332 0.00098799999999999995 0.00097999999999999997 0.00091600000000000004 5.4297031156515541 5.4297031156515541 5.4297031156515541 0.0037956745235626353 0.0037956745235626353 0.0037956745235626353 1 1 1 Converged Converged Converged OK OK OK 75 75 75 75 75 75 5 5 5 0 0 0 0 1 0 0 1
124 124 linear 0 15 1240 2 0.001 0.98335423519434317 0.90627404519556043 0.0058883758155340599 -0.098469086083638219 0.62718031120112172 -0.098110663207910065 0.5 0.56561344584079154 5.287937059906108 OK 14 13 0.45384600000000003 0.43864700000000001 0.122281 0.323739 0.212447 0 0.13010700000000003 0.22620000000000001 0.122281 0.011845 0.011847 0.011058 0.094305000000000014 0.19412999999999994 0.091531000000000015 0.0037180000000000004 0.0036389999999999999 0.0034499999999999999 0.00091399999999999988 0.00087399999999999989 0.00089400000000000005 5.2879626466413852 5.2879626466413852 5.2879626466413852 0.003768126022779112 0.003768126022779112 0.003768126022779112 1 1 1 Converged Converged Converged OK OK OK 75 75 75 75 75 75 5 5 5 0 0 0 0 1 0 0 1
124 124 linear 0 23 1240 3 0.001 0.98335423519434317 0.90627404519556043 0.0058883758155340599 -0.098469086083638219 0.62718031120112172 -0.09729141092053141 0.5 0.56479419355341298 5.1438087546885463 OK 14 13 0.45777600000000002 0.42111399999999999 0.12195499999999999 0.331764 0.19961300000000001 0 0.12601200000000001 0.22150099999999998 0.12195499999999999 0.011726 0.011734 0.011128000000000001 0.09421000000000003 0.18939899999999993 0.091427000000000008 0.0035260000000000005 0.0036189999999999998 0.0032940000000000001 0.00086399999999999997 0.00086000000000000009 0.00082700000000000004 5.143830851614509 5.143830851614509 5.143830851614509 0.0037426405619576178 0.0037426405619576178 0.0037426405619576178 1 1 1 Converged Converged Converged OK OK OK 75 75 75 75 75 75 5 5 5 0 0 0 0 1 0 0 1
124 124 linear 0 0 1240 0 0.0001 0.98335423519434317 0.90627404519556043 0.0058883758155340599 -0.098469086083638219 0.62718031120112172 -0.099646761246745028 0.5 0.56714954387962657 5.5514945814508492 OK 14 13 0.51433399999999996 0.50920200000000004 0.20518 0.30762699999999998 0.30569499999999999 0 0.20670699999999997 0.20350700000000005 0.20518 0.0124 0.012503999999999999 0.015247 0.15023000000000003 0.14631299999999994 0.145597 0.0060270000000000002 0.0065819999999999993 0.0061299999999999992 0.0013309999999999999 0.0013580000000000003 0.0013290000000000001 5.5515019299667951 5.5515019299667951 5.5515019299667951 0.00020227392330247031 0.00020227392330247031 0.00020227392330247031 1 1 1 Converged Converged Converged OK OK OK 123 123 123 123 123 123 5 5 5 0 0 0 0 0 1 0 0
124 124 linear 0 7 1240 1 0.0001 0.98335423519434317 0.90627404519556043 0.0058883758155340599 -0.098469086083638219 0.62718031120112172 -0.098929915495288706 0.5 0.56643269812817021 5.4296533144069121 OK 14 13 0.49895800000000001 0.54568499999999998 0.18031700000000001 0.31309999999999999 0.20105600000000001 0 0.18585800000000002 0.34462899999999996 0.18031700000000001 0.011726 0.011686 0.011158 0.13936299999999996 0.29717100000000002 0.13459499999999999 0.0059020000000000001 0.0062950000000000002 0.0059539999999999992 0.0013129999999999999 0.0013760000000000001 0.0013109999999999999 5.4297031175494475 5.4297031175494475 5.4297031175494475 0.00018197828508819156 0.00018197828508819156 0.00018197828508819156 1 1 1 Converged Converged Converged OK OK OK 123 123 123 123 123 123 5 5 5 0 0 0 0 1 0 0 1
124 124 linear 0 15 1240 2 0.0001 0.98335423519434317 0.90627404519556043 0.0058883758155340599 -0.098469086083638219 0.62718031120112172 -0.098110663207910065 0.5 0.56561344584079154 5.287937059906108 OK 14 13 0.52273899999999995 0.57439399999999996 0.188974 0.32820700000000003 0.21933 0 0.19453199999999993 0.35506399999999994 0.188974 0.011653 0.011853000000000001 0.011106 0.14803099999999997 0.30797500000000005 0.14339999999999994 0.0061050000000000002 0.0063740000000000003 0.0059950000000000003 0.0012850000000000001 0.0013079999999999999 0.0012800000000000001 5.2879626485372437 5.2879626485372437 5.2879626485372437 0.00016071295299042768 0.00016071295299042768 0.00016071295299042768 1 1 1 Converged Converged Converged OK OK OK 123 123 123 123 123 123 5 5 5 0 0 0 0 1 0 0 1
124 124 linear 0 23 1240 3 0.0001 0.98335423519434317 0.90627404519556043 0.0058883758155340599 -0.098469086083638219 0.62718031120112172 -0.09729141092053141 0.5 0.56479419355341298 5.1438087546885463 OK 14 13 0.52271699999999999 0.552539 0.18964200000000001 0.32718900000000001 0.202293 0 0.19552799999999998 0.350246 0.18964200000000001 0.011627999999999999 0.011764 0.011089 0.14906099999999997 0.29970799999999986 0.14428300000000005 0.0061149999999999998 0.0062209999999999991 0.006097 0.0012049999999999999 0.0012390000000000001 0.0012509999999999999 5.1438308535083062 5.1438308535083062 5.1438308535083062 0.00014138354491121749 0.00014138354491121749 0.00014138354491121749 1 1 1 Converged Converged Converged OK OK OK 123 123 123 123 123 123 5 5 5 0 0 0 0 1 0 0 1
124 124 linear 1 0 1241 0 0.001 0.98335423519434317 0.90627404519556043 0.0058883758155340599 0.30832020710753349 0.0063434887648611471 0.3071425319444267 0.5 0.16036025068845483 22.369487413732468 OK 14 13 0.59975699999999998 0.59675800000000001 0.226162 0.36631200000000003 0.36837999999999999 0 0.23344499999999996 0.22837800000000003 0.226162 0.013022000000000001 0.01329 0.012631 0.17278700000000005 0.16666700000000001 0.16578300000000004 0.0081469999999999997 0.0083909999999999992 0.0082269999999999999 0.0013080000000000001 0.0014819999999999998 0.0014239999999999999 22.369701763447495 22.369701763447495 22.369701763447495 0.013038765571508595 0.013038765571508595 0.013038765571508595 1 1 1 Converged Converged Converged OK OK OK 138 138 138 138 138 138 6 6 6 0 0 0 0 0 1 0 0
124 124 linear 1 7 1241 1 0.001 0.98335423519434317 0.90627404519556043 0.0058883758155340599 0.30832020710753349 0.0063434887648611471 0.30785937769588301 0.5 0.15964340493699852 21.358443311016654 OK 14 13 0.51017299999999999 0.45351799999999998 0.15095900000000001 0.35153600000000002 0.21093799999999999 0 0.15863699999999997 0.24257999999999999 0.15095900000000001 0.012489999999999999 0.012293 0.011540999999999999 0.11866600000000005 0.20382799999999998 0.11377599999999997 0.0049319999999999998 0.0047669999999999995 0.0045360000000000001 0.0011020000000000001 0.00099399999999999987 0.001024 21.358454046247889 21.358454046247889 21.358454046247889 0.021271722629139855 0.021271722629139855 0.021271722629139855 1 1 1 Converged Converged Converged OK OK OK 83 83 83 83 83 83 5 5 5 0 0 0 0 1 0 0 1
124 124 linear 1 15 1241 2 0.001 0.98335423519434317 0.90627404519556043 0.0058883758155340599 0.30832020710753349 0.0063434887648611471 0.30867862998326168 0.5 0.15882415264961985 20.228149678676555 OK 14 13 0.51965600000000001 0.49390000000000001 0.17649500000000001 0.33610299999999999 0.21288199999999999 0 0.18355300000000002 0.28101799999999999 0.17649500000000001 0.012662 0.012677000000000001 0.011761000000000001 0.13935900000000001 0.23689699999999989 0.13451500000000005 0.0056320000000000007 0.0056649999999999999 0.0053699999999999998 0.0011529999999999999 0.001137 0.001093 20.228088307889891 20.228088307889891 20.228088307889891 0.0093754727229652755 0.0093754727229652755 0.0093754727229652755 1 1 1 Converged Converged Converged OK OK OK 99 99 99 99 99 99 5 5 5 0 0 0 0 1 0 0 1
124 124 linear 1 23 1241 3 0.001 0.98335423519434317 0.90627404519556043 0.0058883758155340599 0.30832020710753349 0.0063434887648611471 0.30949788227064029 0.5 0.15800490036224124 19.132150397396355 OK 14 13 0.51055899999999999 0.48747400000000002 0.17816899999999999 0.33199299999999998 0.207648 0 0.178566 0.27982600000000002 0.17816899999999999 0.012239999999999999 0.012349000000000001 0.016399 0.13545699999999997 0.23644499999999991 0.13157099999999994 0.0055440000000000003 0.0056599999999999992 0.0053939999999999995 0.0011129999999999998 0.0011149999999999999 0.001047 19.132139423622849 19.132139423622849 19.132139423622849 0.0091229403830942035 0.0091229403830942035 0.0091229403830942035 1 1 1 Converged Converged Converged OK OK OK 99 99 99 99 99 99 5 5 5 0 0 0 0 1 0 0 1
124 124 linear 1 0 1241 0 0.0001 0.98335423519434317 0.90627404519556043 0.0058883758155340599 0.30832020710753349 0.0063434887648611471 0.3071425319444267 0.5 0.16036025068845483 22.369487413732468 OK 14 13 0.69057000000000002 0.68084299999999998 0.310305 0.37187999999999999 0.36905399999999999 0 0.31869000000000003 0.31178899999999998 0.310305 0.013284000000000001 0.013103 0.013061 0.23127899999999996 0.22345700000000002 0.22261599999999995 0.017479000000000001 0.0184 0.018141999999999998 0.001645 0.0016300000000000002 0.0016659999999999999 22.369626315374742 22.369626315374742 22.369626315374742 0.00088596932455153551 0.00088596932455153551 0.00088596932455153551 1 1 1 Converged Converged Converged OK OK OK 210 210 210 210 210 210 6 6 6 0 0 0 0 0 1 0 0
124 124 linear 1 7 1241 1 0.0001 0.98335423519434317 0.90627404519556043 0.0058883758155340599 0.30832020710753349 0.0063434887648611471 0.30785937769588301 0.5 0.15964340493699852 21.358443311016654 OK 14 13 0.53881900000000005 0.522922 0.17969299999999999 0.35269400000000001 0.212089 0 0.18612500000000004 0.31083300000000003 0.17969299999999999 0.012342000000000001 0.012595 0.011727 0.13974199999999998 0.26348399999999994 0.13458999999999996 0.0059940000000000002 0.0062249999999999996 0.0059700000000000005 0.0012800000000000001 0.0012669999999999999 0.0012149999999999999 21.358502666717111 21.358502666717111 21.358502666717111 0.0014675461192077109 0.0014675461192077109 0.0014675461192077109 1 1 1 Converged Converged Converged OK OK OK 107 107 107 107 107 107 5 5 5 0 0 0 0 1 0 0 1
124 124 linear 1 15 1241 2 0.0001 0.98335423519434317 0.90627404519556043 0.0058883758155340599 0.30832020710753349 0.0063434887648611471 0.30867862998326168 0.5 0.15882415264961985 20.228149678676555 OK 14 13 0.53426499999999999 0.51800999999999997 0.186553 0.336841 0.213837 0 0.19742399999999999 0.30417299999999997 0.186553 0.012388 0.012586999999999999 0.011821 0.15138000000000001 0.25744299999999998 0.141675 0.0058529999999999997 0.0062179999999999996 0.0059489999999999986 0.0012780000000000001 0.0012790000000000002 0.001274 20.228137114839146 20.228137114839146 20.228137114839146 0.0011218532885755681 0.0011218532885755681 0.0011218532885755681 1 1 1 Converged Converged Converged OK OK OK 107 107 107 107 107 107 5 5 5 0 0 0 0 1 0 0 1
124 124 linear 1 23 1241 3 0.0001 0.98335423519434317 0.90627404519556043 0.0058883758155340599 0.30832020710753349 0.0063434887648611471 0.30949788227064029 0.5 0.15800490036224124 19.132150397396355 OK 14 13 0.51479799999999998 0.50793299999999997 0.18171999999999999 0.326905 0.20279700000000001 0 0.18789299999999998 0.30513599999999996 0.18171999999999999 0.012244 0.012485 0.011608 0.14181600000000008 0.25845800000000002 0.137159 0.0061320000000000003 0.0064480000000000006 0.0059570000000000005 0.0012180000000000001 0.001263 0.0011749999999999998 19.132188209552844 19.132188209552844 19.132188209552844 0.00087287566639615501 0.00087287566639615501 0.00087287566639615501 1 1 1 Converged Converged Converged OK OK OK 107 107 107 107 107 107 5 5 5 0 0 0 0 1 0 0 1
124 124 linear 2 0 1242 0 0.001 0.98335423519434317 0.90627404519556043 0.0058883758155340599 0.17086438426825648 -0.16022055330391111 0.16968670910514966 0.5 0.29781607352773187 15.06242767543921 OK 15 14 0.50385100000000005 0.50007100000000004 0.180724 0.320187 0.31863399999999997 0 0.18366400000000005 0.18143700000000007 0.180724 0.016728 0.016591999999999999 0.016386999999999999 0.124551 0.12224300000000002 0.12204499999999999 0.0057489999999999998 0.0059480000000000002 0.0059090000000000002 0.0013509999999999998 0.0014 0.001359 15.062389057083369 15.062389057083369 15.062389057083369 0.0071966013642935003 0.0071966013642935003 0.0071966013642935003 1 1 1 Converged Converged Converged OK OK OK 106 106 106 106 106 106 6 6 6 0 0 0 0 0 1 0 0
124 124 linear 2 7 1242 1 0.001 0.98335423519434317 0.90627404519556043 0.0058883758155340599 0.17086438426825648 -0.16022055330391111 0.17040355485660599 0.5 0.29709922777627551 16.752491621129142 OK 14 13 0.44940799999999997 0.50883800000000001 0.137657 0.30768600000000002 0.18823899999999999 0 0.14172199999999996 0.32059900000000002 0.137657 0.012054 0.012171 0.011361 0.10456100000000002 0.28293200000000002 0.10199900000000002 0.0044090000000000006 0.0046150000000000002 0.0044079999999999996 0.0011169999999999999 0.0011300000000000001 0.001116 16.75249643198671 16.75249643198671 16.75249643198671 0.0075546737311557302 0.0075546737311557302 0.0075546737311557302 1 1 1 Converged Converged Converged OK OK OK 90 90 90 90 90 90 6 6 6 0 0 0 0 1 0 0 1
124 124 linear 2 15 1242 2 0.001 0.98335423519434317 0.90627404519556043 0.0058883758155340599 0.17086438426825648 -0.16022055330391111 0.17122280714398463 0.5 0.2962799754888969 17.714085269803437 OK 14 13 0.46996100000000002 0.50128499999999998 0.13292999999999999 0.327542 0.193111 0 0.14241900000000002 0.30817399999999995 0.13292999999999999 0.012073 0.012225 0.011251000000000001 0.10754099999999998 0.26977499999999999 0.099804999999999991 0.0040990000000000011 0.0042300000000000003 0.0039900000000000005 0.00096400000000000001 0.00097300000000000012 0.00095800000000000008 17.71406489149836 17.71406489149836 17.71406489149836 0.015937217147670876 0.015937217147670876 0.015937217147670876 1 1 1 Converged Converged Converged OK OK OK 82 82 82 82 82 82 6 6 6 0 0 0 0 1 0 0 1
124 124 linear 2 23 1242 3 0.001 0.98335423519434317 0.90627404519556043 0.0058883758155340599 0.17086438426825648 -0.16022055330391111 0.1720420594313633 0.5 0.29546072320151823 18.144742127213522 OK 14 13 0.49513499999999999 0.520756 0.13095999999999999 0.35974699999999998 0.23058699999999999 0 0.13538800000000001 0.29016900000000001 0.13095999999999999 0.012385999999999999 0.012259000000000001 0.011561999999999999 0.10034699999999999 0.25505600000000006 0.097607000000000013 0.0039909999999999998 0.0041349999999999998 0.0038250000000000003 0.00096299999999999999 0.00094999999999999989 0.00093099999999999997 18.144741430004046 18.144741430004046 18.144741430004046 0.015686844299221746 0.015686844299221746 0.015686844299221746 1 1 1 Converged Converged Converged OK OK OK 82 82 82 82 82 82 6 6 6 0 0 0 0 1 0 0 1
124 124 linear 2 0 1242 0 0.0001 0.98335423519434317 0.90627404519556043 0.0058883758155340599 0.17086438426825648 -0.16022055330391111 0.16968670910514966 0.5 0.29781607352773187 15.06242767543921 OK 15 14 0.55696500000000004 0.54574100000000003 0.232156 0.32145099999999999 0.31475999999999998 0 0.23551400000000006 0.23098100000000005 0.232156 0.01668 0.016736999999999998 0.016882000000000001 0.16273099999999993 0.15903800000000004 0.15853600000000001 0.0076990000000000001 0.007507999999999999 0.0080539999999999987 0.0015600000000000002 0.0015329999999999999 0.0015979999999999998 15.062389049295138 15.062389049295138 15.062389049295138 0.0013765023368686206 0.0013765023368686206 0.0013765023368686206 1 1 1 Converged Converged Converged OK OK OK 138 138 138 138 138 138 6 6 6 0 0 0 0 0 1 0 0
124 124 linear 2 7 1242 1 0.0001 0.98335423519434317 0.90627404519556043 0.0058883758155340599 0.17086438426825648 -0.16022055330391111 0.17040355485660599 0.5 0.29709922777627551 16.752491621129142 OK 14 13 0.51503200000000005 0.72721499999999994 0.20384099999999999 0.30612800000000001 0.18715999999999999 0 0.20890400000000003 0.54005499999999995 0.20384099999999999 0.012126 0.012005999999999999 0.011516 0.15819399999999997 0.48906499999999997 0.1539880000000001 0.0071250000000000011 0.0071170000000000009 0.0073210000000000003 0.0015280000000000001 0.001547 0.0015430000000000003 16.752495520289866 16.752495520289866 16.752495520289866 0.0008511862209659739 0.0008511862209659739 0.0008511862209659739 1 1 1 Converged Converged Converged OK OK OK 138 138 138 138 138 138 6 6 6 0 0 0 0 1 0 0 1
124 124 linear 2 15 1242 2 0.0001 0.98335423519434317 0.90627404519556043 0.0058883758155340599 0.17086438426825648 -0.16022055330391111 0.17122280714398463 0.5 0.2962799754888969 17.714085269803437 OK 14 13 0.53930599999999995 0.72142700000000004 0.20536399999999999 0.32691199999999998 0.19930800000000001 0 0.21239399999999997 0.522119 0.20536399999999999 0.012172000000000001 0.01218 0.011284000000000001 0.16129400000000005 0.47043900000000011 0.1561530000000001 0.0074659999999999995 0.0072009999999999999 0.0072080000000000009 0.0015070000000000001 0.0014860000000000003 0.0014859999999999999 17.714120790183237 17.714120790183237 17.714120790183237 0.00082244421730288183 0.00082244421730288183 0.00082244421730288183 1 1 1 Converged Converged Converged OK OK OK 138 138 138 138 138 138 6 6 6 0 0 0 0 1 0 0 1
124 124 linear 2 23 1242 3 0.0001 0.98335423519434317 0.90627404519556043 0.0058883758155340599 0.17086438426825648 -0.16022055330391111 0.1720420594313633 0.5 0.29546072320151823 18.144742127213522 OK 14 13 0.57067599999999996 0.74437699999999996 0.203567 0.35842499999999999 0.22961599999999999 0 0.21225099999999997 0.51476100000000002 0.203567 0.012359999999999999 0.012678 0.011499000000000001 0.16172800000000001 0.46071499999999993 0.15467300000000006 0.0069760000000000004 0.0083159999999999987 0.0069300000000000004 0.0015110000000000002 0.00182 0.001488 18.144796746808723 18.144796746808723 18.144796746808723 0.00080190341846499266 0.00080190341846499266 0.00080190341846499266 1 1 1 Converged Converged Converged OK OK OK 138 138 138 138 138 138 6 6 6 0 0 0 0 1 0 0 1
124 124 linear 3 0 1243 0 0.001 0.98335423519434317 0.90627404519556043 0.0058883758155340599 -0.1719210633775087 -0.24075981077191339 -0.17309873854061553 0.5 0.640601521173497 1.8550209194682616 OK 13 12 0.401756 0.40144800000000003 0.093915999999999999 0.30442200000000003 0.30554500000000001 0 0.097333999999999976 0.095903000000000016 0.093915999999999999 0.0088179999999999994 0.0092409999999999992 0.0086169999999999997 0.066254999999999967 0.064929000000000014 0.06423100000000001 0.0034149999999999996 0.0032479999999999996 0.0031030000000000003 0.00067900000000000002 0.00068199999999999999 0.00066700000000000006 1.8550205074752171 1.8550205074752171 1.8550205074752171 0.00082138585008008531 0.00082138585008008531 0.00082138585008008531 1 1 1 Converged Converged Converged OK OK OK 61 61 61 61 61 61 3 3 3 0 0 0 0 0 1 0 0
124 124 linear 3 7 1243 1 0.001 0.98335423519434317 0.90627404519556043 0.0058883758155340599 -0.1719210633775087 -0.24075981077191339 -0.17238189278915919 0.5 0.63988467542204075 1.8554020473011936 OK 13 12 0.42974899999999999 0.35881000000000002 0.091034000000000004 0.33498899999999998 0.19314300000000001 0 0.094760000000000011 0.16566700000000001 0.091034000000000004 0.0083320000000000009 0.0082140000000000008 0.0076949999999999996 0.067091999999999985 0.13828000000000001 0.064878999999999992 0.0032829999999999999 0.0032139999999999998 0.0030950000000000001 0.00071699999999999997 0.00067299999999999999 0.00067200000000000007 1.8554016351934512 1.8554016351934512 1.8554016351934512 0.00082308659522142879 0.00082308659522142879 0.00082308659522142879 1 1 1 Converged Converged Converged OK OK OK 61 61 61 61 61 61 3 3 3 0 0 0 0 1 0 0 1
124 124 linear 3 15 1243 2 0.001 0.98335423519434317 0.90627404519556043 0.0058883758155340599 -0.1719210633775087 -0.24075981077191339 -0.17156264050178055 0.5 0.63906542313466208 1.8558448573569617 OK 13 12 0.40224100000000002 0.36640899999999998 0.092044000000000001 0.30641099999999999 0.183167 0 0.095830000000000026 0.18324199999999999 0.092044000000000001 0.0083110000000000007 0.008267 0.0077279999999999996 0.068150000000000016 0.15556299999999998 0.065843999999999986 0.0032810000000000001 0.0033649999999999999 0.0030509999999999999 0.00070600000000000003 0.00071699999999999997 0.00065999999999999989 1.8558444451091121 1.8558444451091121 1.8558444451091121 0.00082503673576471231 0.00082503673576471231 0.00082503673576471231 1 1 1 Converged Converged Converged OK OK OK 61 61 61 61 61 61 3 3 3 0 0 0 0 1 0 0 1
124 124 linear 3 23 1243 3 0.001 0.98335423519434317 0.90627404519556043 0.0058883758155340599 -0.1719210633775087 -0.24075981077191339 -0.17074338821440188 0.5 0.63824617084728341 1.8562954145391102 OK 13 12 0.414827 0.35280600000000001 0.096994999999999998 0.31883099999999998 0.18220900000000001 0 0.095996000000000026 0.170597 0.096994999999999998 0.0082310000000000005 0.0082990000000000008 0.0076569999999999997 0.068568000000000004 0.143231 0.066723000000000018 0.0032499999999999999 0.0033770000000000002 0.0031310000000000001 0.000696 0.00067000000000000002 0.00068499999999999995 1.8562950021399038 1.8562950021399038 1.8562950021399038 0.00082699377310534649 0.00082699377310534649 0.00082699377310534649 1 1 1 Converged Converged Converged OK OK OK 61 61 61 61 61 61 3 3 3 0 0 0 0 1 0 0 1
124 124 linear 3 0 1243 0 0.0001 0.98335423519434317 0.90627404519556043 0.0058883758155340599 -0.1719210633775087 -0.24075981077191339 -0.17309873854061553 0.5 0.640601521173497 1.8550209194682616 OK 13 12 0.42618699999999998 0.41808600000000001 0.112597 0.31024800000000002 0.30410399999999999 0 0.11593899999999996 0.11398200000000003 0.112597 0.0088880000000000001 0.0090709999999999992 0.0084650000000000003 0.079378999999999991 0.077736 0.077259999999999954 0.0039570000000000004 0.0039900000000000005 0.0039480000000000001 0.00079600000000000005 0.00078299999999999995 0.00080499999999999994 1.8550205078704738 1.8550205078704738 1.8550205078704738 0.00011743767625142294 0.00011743767625142294 0.00011743767625142294 1 1 1 Converged Converged Converged OK OK OK 77 77 77 77 77 77 3 3 3 0 0 0 0 0 1 0 0
124 124 linear 3 7 1243 1 0.0001 0.98335423519434317 0.90627404519556043 0.0058883758155340599 -0.1719210633775087 -0.24075981077191339 -0.17238189278915919 0.5 0.63988467542204075 1.8554020473011936 OK 13 12 0.443019 0.41219 0.109281 0.32890399999999997 0.19797400000000001 0 0.11411500000000002 0.21421599999999999 0.109281 0.0083129999999999992 0.0083000000000000001 0.0076800000000000002 0.081161999999999998 0.18181299999999997 0.078194999999999973 0.0040499999999999998 0.0040219999999999995 0.0040009999999999993 0.000812 0.00080800000000000012 0.00076800000000000013 1.8554016355896437 1.8554016355896437 1.8554016355896437 0.00011748258322842774 0.00011748258322842774 0.00011748258322842774 1 1 1 Converged Converged Converged OK OK OK 77 77 77 77 77 77 3 3 3 0 0 0 0 1 0 0 1
124 124 linear 3 15 1243 2 0.0001 0.98335423519434317 0.90627404519556043 0.0058883758155340599 -0.1719210633775087 -0.24075981077191339 -0.17156264050178055 0.5 0.63906542313466208 1.8558448573569617 OK 13 12 0.42221999999999998 0.40916999999999998 0.110037 0.308029 0.18041099999999999 0 0.11419099999999999 0.22875899999999999 0.110037 0.0082199999999999999 0.0082719999999999998 0.0077219999999999997 0.081561999999999982 0.19612000000000002 0.078825999999999952 0.0041099999999999991 0.0041830000000000001 0.0040160000000000005 0.00080599999999999997 0.00079499999999999992 0.00078700000000000005 1.8558444455063752 1.8558444455063752 1.8558444455063752 0.00011753374790953861 0.00011753374790953861 0.00011753374790953861 1 1 1 Converged Converged Converged OK OK OK 77 77 77 77 77 77 3 3 3 0 0 0 0 1 0 0 1
124 124 linear 3 23 1243 3 0.0001 0.98335423519434317 0.90627404519556043 0.0058883758155340599 -0.1719210633775087 -0.24075981077191339 -0.17074338821440188 0.5 0.63824617084728341 1.8562954145391102 OK 13 12 0.42799100000000001 0.40166600000000002 0.110606 0.31407600000000002 0.182 0 0.11391499999999999 0.21966600000000003 0.110606 0.0082959999999999996 0.00826 0.0076670000000000002 0.081719 0.18708800000000009 0.079607999999999984 0.0039750000000000002 0.0041669999999999997 0.0039959999999999996 0.00077600000000000011 0.00079199999999999995 0.00078500000000000011 1.8562950025382481 1.8562950025382481 1.8562950025382481 0.00011758474408701744 0.00011758474408701744 0.00011758474408701744 1 1 1 Converged Converged Converged OK OK OK 77 77 77 77 77 77 3 3 3 0 0 0 0 1 0 0 1
124 124 linear 4 0 1244 0 0.001 0.98335423519434317 0.90627404519556043 0.0058883758155340599 0.30357028842189748 -0.014473983339760847 0.30239261325879069 0.5 0.16511016937409084 6.2520737834788767 OK 13 12 0.43680600000000003 0.434751 0.120961 0.31236000000000003 0.312861 0 0.124446 0.12189 0.120961 0.0096039999999999997 0.0095080000000000008 0.0091999999999999998 0.092415000000000011 0.090118999999999963 0.089892999999999959 0.0033920000000000005 0.0033120000000000003 0.0031419999999999998 0.00072500000000000006 0.00069700000000000003 0.00067700000000000008 6.252070041384358 6.252070041384358 6.252070041384358 0.0005506961274862486 0.0005506961274862486 0.0005506961274862486 1 1 1 Converged Converged Converged OK OK OK 61 61 61 61 61 61 3 3 3 0 0 0 0 0 1 0 0
124 124 linear 4 7 1244 1 0.001 0.98335423519434317 0.90627404519556043 0.0058883758155340599 0.30357028842189748 -0.014473983339760847 0.303109459010247 0.5 0.16439332362263454 6.3196472784464808 OK 13 12 0.41205599999999998 0.37128800000000001 0.117914 0.28972700000000001 0.18873200000000001 0 0.12232899999999997 0.182556 0.117914 0.0087500000000000008 0.0088699999999999994 0.0083739999999999995 0.094335999999999989 0.15449499999999999 0.090953000000000006 0.0031669999999999997 0.0032730000000000003 0.0031680000000000002 0.000696 0.00070400000000000009 0.00068699999999999989 6.319643544379387 6.319643544379387 6.319643544379387 0.00054969413563913131 0.00054969413563913131 0.00054969413563913131 1 1 1 Converged Converged Converged OK OK OK 61 61 61 61 61 61 3 3 3 0 0 0 0 1 0 0 1
124 124 linear 4 15 1244 2 0.001 0.98335423519434317 0.90627404519556043 0.0058883758155340599 0.30357028842189748 -0.014473983339760847 0.30392871129762566 0.5 0.16357407133525587 6.3980964212622427 OK 13 12 0.40280300000000002 0.36438700000000002 0.114174 0.283524 0.18238099999999999 0 0.11927900000000002 0.18200600000000003 0.114174 0.0089040000000000005 0.0087290000000000006 0.0082349999999999993 0.09121199999999996 0.154333 0.08752600000000002 0.0030820000000000001 0.0031740000000000002 0.0030119999999999999 0.00069099999999999999 0.00068800000000000003 0.00066299999999999985 6.3980926724492253 6.3980926724492253 6.3980926724492253 0.00054855225262983318 0.00054855225262983318 0.00054855225262983318 1 1 1 Converged Converged Converged OK OK OK 61 61 61 61 61 61 3 3 3 0 0 0 0 1 0 0 1
124 124 linear 4 23 1244 3 0.001 0.98335423519434317 0.90627404519556043 0.0058883758155340599 0.30357028842189748 -0.014473983339760847 0.30474796358500428 0.5 0.16275481904787725 6.4778320609943147 OK 13 12 0.40029100000000001 0.356431 0.115078 0.28082800000000002 0.16639599999999999 0 0.11946299999999999 0.19003500000000001 0.115078 0.0088360000000000001 0.0087880000000000007 0.0083110000000000007 0.09172599999999996 0.16199800000000011 0.088243000000000016 0.0030600000000000002 0.0032539999999999999 0.0030409999999999999 0.00070399999999999998 0.00070600000000000003 0.00067100000000000005 6.4778282912314094 6.4778282912314094 6.4778282912314094 0.00054741384639544002 0.00054741384639544002 0.00054741384639544002 1 1 1 Converged Converged Converged OK OK OK 61 61 61 61 61 61 3 3 3 0 0 0 0 1 0 0 1
124 124 linear 4 0 1244 0 0.0001 0.98335423519434317 0.90627404519556043 0.0058883758155340599 0.30357028842189748 -0.014473983339760847 0.30239261325879069 0.5 0.16511016937409084 6.2520737834788767 OK 13 12 0.43418899999999999 0.43364599999999998 0.12070500000000001 0.31010399999999999 0.31202999999999997 0 0.124085 0.121616 0.12070500000000001 0.0096559999999999997 0.0094520000000000003 0.0090489999999999998 0.092232999999999982 0.090112000000000067 0.089533999999999975 0.0030889999999999997 0.0033369999999999997 0.0032330000000000002 0.00070800000000000008 0.00072900000000000016 0.0006910000000000001 6.252070041384358 6.252070041384358 6.252070041384358 0.0005506961274862486 0.0005506961274862486 0.0005506961274862486 1 1 1 Converged Converged Converged OK OK OK 61 61 61 61 61 61 3 3 3 0 0 0 0 0 1 0 0
124 124 linear 4 7 1244 1 0.0001 0.98335423519434317 0.90627404519556043 0.0058883758155340599 0.30357028842189748 -0.014473983339760847 0.303109459010247 0.5 0.16439332362263454 6.3196472784464808 OK 13 12 0.42169099999999998 0.37045400000000001 0.117739 0.29572900000000002 0.18770100000000001 0 0.12596199999999996 0.182753 0.117739 0.0090410000000000004 0.0088610000000000008 0.0082679999999999993 0.096842000000000025 0.15460899999999994 0.090940999999999994 0.0032190000000000001 0.0032800000000000004 0.003186 0.00068499999999999995 0.00075900000000000002 0.00066100000000000002 6.319643544379387 6.319643544379387 6.319643544379387 0.00054969413563913131 0.00054969413563913131 0.00054969413563913131 1 1 1 Converged Converged Converged OK OK OK 61 61 61 61 61 61 3 3 3 0 0 0 0 1 0 0 1
124 124 linear 4 15 1244 2 0.0001 0.98335423519434317 0.90627404519556043 0.0058883758155340599 0.30357028842189748 -0.014473983339760847 0.30392871129762566 0.5 0.16357407133525587 6.3980964212622427 OK 13 12 0.402536 0.36146499999999998 0.114061 0.284354 0.17942900000000001 0 0.11818200000000001 0.18203599999999998 0.114061 0.0087209999999999996 0.0088210000000000007 0.0081989999999999997 0.090257999999999977 0.154061 0.087278999999999954 0.0031770000000000001 0.003212 0.0032100000000000002 0.00068399999999999993 0.00068800000000000003 0.00067299999999999988 6.3980926724492253 6.3980926724492253 6.3980926724492253 0.00054855225262983318 0.00054855225262983318 0.00054855225262983318 1 1 1 Converged Converged Converged OK OK OK 61 61 61 61 61 61 3 3 3 0 0 0 0 1 0 0 1
124 124 linear 4 23 1244 3 0.0001 0.98335423519434317 0.90627404519556043 0.0058883758155340599 0.30357028842189748 -0.014473983339760847 0.30474796358500428 0.5 0.16275481904787725 6.4778320609943147 OK 13 12 0.39554400000000001 0.35586099999999998 0.118857 0.27682499999999999 0.16638800000000001 0 0.11871900000000002 0.18947299999999997 0.118857 0.0089049999999999997 0.0088240000000000002 0.0094850000000000004 0.090828999999999979 0.16162099999999999 0.090431000000000011 0.0030499999999999998 0.0032139999999999998 0.0031099999999999999 0.00066300000000000007 0.00068899999999999994 0.00069099999999999999 6.4778282912314094 6.4778282912314094 6.4778282912314094 0.00054741384639544002 0.00054741384639544002 0.00054741384639544002 1 1 1 Converged Converged Converged OK OK OK 61 61 61 61 61 61 3 3 3 0 0 0 0 1 0 0 1
124 124 uniform 0 0 1245 0 0.001 0.98335423519434317 0.90627404519556043 0.0058883758155340599 -0.098469086083638219 0.62718031120112172 -0.099646761246745028 0 0.56714954387962657 5.4879023753415774 OK 14 13 0.42945499999999998 0.41709099999999999 0.112178 0.31631700000000001 0.30016500000000002 0 0.11313799999999996 0.11692599999999997 0.112178 0.012135 0.012276 0.011901 0.076038999999999995 0.076031000000000001 0.075689000000000006 0.0031960000000000005 0.0032369999999999999 0.0030850000000000001 0.00084699999999999999 0.00084199999999999998 0.00083000000000000001 5.4879020426975709 5.4879020426975709 5.4879020426975709 0.00085259814467829353 0.00085259814467829353 0.00085259814467829353 1 1 1 Converged Converged Converged OK OK OK 75 75 75 75 75 75 5 5 5 0 0 0 0 0 1 0 0
124 124 uniform 0 7 1245 1 0.001 0.98335423519434317 0.90627404519556043 0.0058883758155340599 -0.098469086083638219 0.62718031120112172 -0.098929915495288706 0 0.56643269812817021 5.3802734552577842 OK 14 13 0.41577399999999998 0.38940999999999998 0.097863000000000006 0.31600699999999998 0.19908000000000001 0 0.099766999999999995 0.19032999999999997 0.097863000000000006 0.011696 0.011688 0.011146 0.068152000000000018 0.15845099999999995 0.067490999999999995 0.003212 0.0033100000000000004 0.0031590000000000003 0.00083299999999999997 0.00083999999999999993 0.00081500000000000008 5.380273284835317 5.380273284835317 5.380273284835317 0.000840679280005684 0.000840679280005684 0.000840679280005684 1 1 1 Converged Converged Converged OK OK OK 75 75 75 75 75 75 5 5 5 0 0 0 0 1 0 0 1
124 124 uniform 0 15 1245 2 0.001 0.98335423519434317 0.90627404519556043 0.0058883758155340599 -0.098469086083638219 0.62718031120112172 -0.098110663207910065 0 0.56561344584079154 5.2551718439595341 OK 14 13 0.43900800000000001 0.425286 0.106991 0.33039600000000002 0.215005 0 0.10861199999999999 0.210281 0.106991 0.01155 0.011804 0.011107000000000001 0.077030000000000001 0.17851799999999998 0.076701000000000047 0.0031599999999999996 0.0032229999999999997 0.0030919999999999997 0.00085700000000000001 0.0008389999999999999 0.00081500000000000008 5.2551715835838015 5.2551715835838015 5.2551715835838015 0.00082834530231240815 0.00082834530231240815 0.00082834530231240815 1 1 1 Converged Converged Converged OK OK OK 75 75 75 75 75 75 5 5 5 0 0 0 0 1 0 0 1
124 124 uniform 0 23 1245 3 0.001 0.98335423519434317 0.90627404519556043 0.0058883758155340599 -0.098469086083638219 0.62718031120112172 -0.09729141092053141 0 0.56479419355341298 5.1279803233377681 OK 14 13 0.43748199999999998 0.403727 0.106679 0.32871899999999998 0.20338200000000001 0 0.108763 0.200345 0.106679 0.011787000000000001 0.011696 0.011073 0.077053999999999997 0.168959 0.076506000000000018 0.0031870000000000002 0.0032079999999999999 0.0031259999999999999 0.00083100000000000003 0.00087000000000000011 0.00080999999999999996 5.1279798674513799 5.1279798674513799 5.1279798674513799 0.00081752290761836447 0.00081752290761836447 0.00081752290761836447 1 1 1 Converged Converged Converged OK OK OK 75 75 75 75 75 75 5 5 5 0 0 0 0 1 0 0 1
124 124 uniform 0 0 1245 0 0.0001 0.98335423519434317 0.90627404519556043 0.0058883758155340599 -0.098469086083638219 0.62718031120112172 -0.099646761246745028 0 0.56714954387962657 5.4879023753415774 OK 14 13 0.43841200000000002 0.44033899999999998 0.13373199999999999 0.30420700000000001 0.30265799999999998 0 0.13420500000000002 0.137681 0.13373199999999999 0.012185 0.012297000000000001 0.011932 0.09091699999999997 0.094321999999999975 0.090535999999999936 0.003967 0.004032 0.0040800000000000003 0.0010160000000000002 0.00099500000000000001 0.0010020000000000001 5.4879020427041869 5.4879020427041869 5.4879020427041869 0.00043798978588194433 0.00043798978588194433 0.00043798978588194433 1 1 1 Converged Converged Converged OK OK OK 91 91 91 91 91 91 5 5 5 0 0 0 0 0 1 0 0
124 124 uniform 0 7 1245 1 0.0001 0.98335423519434317 0.90627404519556043 0.0058883758155340599 -0.098469086083638219 0.62718031120112172 -0.098929915495288706 0 0.56643269812817021 5.3802734552577842 OK 14 13 0.43062099999999998 0.43969799999999998 0.116706 0.31228699999999998 0.19979 0 0.11833399999999999 0.23990799999999998 0.116706 0.011644 0.011781 0.011108 0.081652000000000002 0.20330000000000001 0.081410999999999956 0.0040119999999999999 0.0041330000000000004 0.0039529999999999999 0.00099400000000000009 0.00098700000000000003 0.00097300000000000002 5.3802732848419286 5.3802732848419286 5.3802732848419286 0.00042607766324424481 0.00042607766324424481 0.00042607766324424481 1 1 1 Converged Converged Converged OK OK OK 91 91 91 91 91 91 5 5 5 0 0 0 0 1 0 0 1
124 124 uniform 0 15 1245 2 0.0001 0.98335423519434317 0.90627404519556043 0.0058883758155340599 -0.098469086083638219 0.62718031120112172 -0.098110663207910065 0 0.56561344584079154 5.2551718439595341 OK 14 13 0.45436599999999999 0.47614099999999998 0.125192 0.32768000000000003 0.21124399999999999 0 0.12668599999999997 0.26489699999999999 0.125192 0.01174 0.011764999999999999 0.011057000000000001 0.090478999999999962 0.22231000000000006 0.089856999999999979 0.0039429999999999995 0.004157000000000001 0.0040340000000000003 0.00098999999999999999 0.0010090000000000001 0.00097599999999999998 5.2551715835904105 5.2551715835904105 5.2551715835904105 0.00041375127548605299 0.00041375127548605299 0.00041375127548605299 1 1 1 Converged Converged Converged OK OK OK 91 91 91 91 91 91 5 5 5 0 0 0 0 1 0 0 1
124 124 uniform 0 23 1245 3 0.0001 0.98335423519434317 0.90627404519556043 0.0058883758155340599 -0.098469086083638219 0.62718031120112172 -0.09729141092053141 0 0.56479419355341298 5.1279803233377681 OK 14 13 0.45533000000000001 0.44721300000000003 0.12625400000000001 0.32740599999999997 0.199406 0 0.12792400000000004 0.24780700000000003 0.12625400000000001 0.011757 0.01174 0.011129999999999999 0.091698000000000002 0.21128900000000003 0.091080000000000022 0.0039849999999999998 0.0040999999999999995 0.0040100000000000005 0.0010059999999999999 0.00098499999999999998 0.00093400000000000004 5.1279798674579791 5.1279798674579791 5.1279798674579791 0.00040293634751150666 0.00040293634751150666 0.00040293634751150666 1 1 1 Converged Converged Converged OK OK OK 91 91 91 91 91 91 5 5 5 0 0 0 0 1 0 0 1
124 124 uniform 1 0 1246 0 0.001 0.98335423519434317 0.90627404519556043 0.0058883758155340599 0.30832020710753349 0.0063434887648611471 0.3071425319444267 0 0.16036025068845483 23.728561957791516 OK 14 13 0.54680200000000001 0.54973899999999998 0.17727799999999999 0.36862400000000001 0.36654500000000001 0 0.178178 0.18319399999999997 0.17727799999999999 0.013132 0.013147000000000001 0.012651000000000001 0.12459600000000004 0.12903299999999998 0.12435999999999998 0.0070210000000000003 0.0076279999999999994 0.0073299999999999997 0.0011289999999999998 0.0011770000000000001 0.0012190000000000002 23.728764734665802 23.728764734665802 23.728764734665802 0.017377860790943965 0.017377860790943965 0.017377860790943965 1 1 1 Converged Converged Converged OK OK OK 122 122 122 122 122 122 6 6 6 0 0 0 0 0 1 0 0
124 124 uniform 1 7 1246 1 0.001 0.98335423519434317 0.90627404519556043 0.0058883758155340599 0.30832020710753349 0.0063434887648611471 0.30785937769588301 0 0.15964340493699852 22.788210966199586 OK 14 13 0.48404199999999997 0.43574499999999999 0.13150200000000001 0.35022500000000001 0.20624700000000001 0 0.13381699999999996 0.22949799999999998 0.13150200000000001 0.012373 0.012333999999999999 0.011606 0.095150999999999972 0.19090799999999994 0.094375000000000001 0.0043369999999999997 0.0044290000000000006 0.0042529999999999998 0.0010139999999999999 0.0010249999999999999 0.0010179999999999998 22.788201848928981 22.788201848928981 22.788201848928981 0.011496294944571333 0.011496294944571333 0.011496294944571333 1 1 1 Converged Converged Converged OK OK OK 83 83 83 83 83 83 5 5 5 0 0 0 0 1 0 0 1
124 124 uniform 1 15 1246 2 0.001 0.98335423519434317 0.90627404519556043 0.0058883758155340599 0.30832020710753349 0.0063434887648611471 0.30867862998326168 0 0.15882415264961985 21.708210908567839 OK 14 13 0.48092800000000002 0.432813 0.137492 0.33991399999999999 0.213056 0 0.14101400000000003 0.21975700000000001 0.137492 0.012567 0.012815 0.011856999999999999 0.102672 0.18054699999999999 0.10067800000000002 0.004117 0.004738 0.0040979999999999992 0.00097499999999999996 0.00098700000000000003 0.00090700000000000004 21.708201731312304 21.708201731312304 21.708201731312304 0.010718389574683396 0.010718389574683396 0.010718389574683396 1 1 1 Converged Converged Converged OK OK OK 83 83 83 83 83 83 5 5 5 0 0 0 0 1 0 0 1
124 124 uniform 1 23 1246 3 0.001 0.98335423519434317 0.90627404519556043 0.0058883758155340599 0.30832020710753349 0.0063434887648611471 0.30949788227064029 0 0.15800490036224124 20.62583903965503 OK 14 13 0.47065600000000002 0.42166399999999998 0.133467 0.33079199999999997 0.20432 0 0.13986400000000004 0.21734399999999998 0.133467 0.013596 0.012222 0.011566999999999999 0.10045199999999994 0.17897499999999994 0.097094000000000014 0.0042050000000000004 0.004542 0.0041319999999999994 0.00088400000000000002 0.00089800000000000004 0.00084600000000000007 20.625830517499143 20.625830517499143 20.625830517499143 0.010569174545680409 0.010569174545680409 0.010569174545680409 1 1 1 Converged Converged Converged OK OK OK 83 83 83 83 83 83 5 5 5 0 0 0 0 1 0 0 1
124 124 uniform 1 0 1246 0 0.0001 0.98335423519434317 0.90627404519556043 0.0058883758155340599 0.30832020710753349 0.0063434887648611471 0.3071425319444267 0 0.16036025068845483 23.728561957791516 OK 14 13 0.63713900000000001 0.63693900000000003 0.26436599999999999 0.36812600000000001 0.36505199999999999 0 0.269013 0.27188700000000005 0.26436599999999999 0.013372 0.013228999999999999 0.012846 0.17864499999999994 0.18427699999999997 0.1775550000000001 0.016796000000000002 0.017417000000000002 0.016999 0.0016060000000000002 0.0016509999999999999 0.0015320000000000002 23.728567535315634 23.728567535315634 23.728567535315634 0.0006095374318560963 0.0006095374318560963 0.0006095374318560963 1 1 1 Converged Converged Converged OK OK OK 210 210 210 210 210 210 6 6 6 0 0 0 0 0 1 0 0
124 124 uniform 1 7 1246 1 0.0001 0.98335423519434317 0.90627404519556043 0.0058883758155340599 0.30832020710753349 0.0063434887648611471 0.30785937769588301 0 0.15964340493699852 22.788210966199586 OK 14 13 0.50561400000000001 0.49526399999999998 0.158359 0.34830800000000001 0.208148 0 0.157306 0.28711599999999998 0.158359 0.012329 0.012522 0.011561 0.11166799999999996 0.24017300000000005 0.11420700000000004 0.0054230000000000007 0.005888 0.0053870000000000012 0.0013130000000000001 0.0012999999999999999 0.001255 22.788211658510146 22.788211658510146 22.788211658510146 0.0014590541168946921 0.0014590541168946921 0.0014590541168946921 1 1 1 Converged Converged Converged OK OK OK 107 107 107 107 107 107 5 5 5 0 0 0 0 1 0 0 1
124 124 uniform 1 15 1246 2 0.0001 0.98335423519434317 0.90627404519556043 0.0058883758155340599 0.30832020710753349 0.0063434887648611471 0.30867862998326168 0 0.15882415264961985 21.708210908567839 OK 14 13 0.50373299999999999 0.497782 0.16073299999999999 0.33654499999999998 0.21459300000000001 0 0.167188 0.28318900000000002 0.16073299999999999 0.012585000000000001 0.012553999999999999 0.011860000000000001 0.12159599999999997 0.23745399999999994 0.11666899999999999 0.0053749999999999996 0.0055690000000000002 0.0053119999999999999 0.001227 0.0011850000000000001 0.0011850000000000001 21.708211386671177 21.708211386671177 21.708211386671177 0.00098980081205835512 0.00098980081205835512 0.00098980081205835512 1 1 1 Converged Converged Converged OK OK OK 107 107 107 107 107 107 5 5 5 0 0 0 0 1 0 0 1
124 124 uniform 1 23 1246 3 0.0001 0.98335423519434317 0.90627404519556043 0.0058883758155340599 0.30832020710753349 0.0063434887648611471 0.30949788227064029 0 0.15800490036224124 20.62583903965503 OK 14 13 0.48439500000000002 0.48059200000000002 0.156669 0.32454300000000003 0.20391999999999999 0 0.15985199999999999 0.27667200000000003 0.156669 0.012194 0.012272999999999999 0.011547 0.11466 0.23117900000000008 0.11293900000000008 0.0055860000000000007 0.0058430000000000001 0.0054599999999999996 0.0011470000000000002 0.0011659999999999997 0.0011550000000000002 20.62584002485648 20.62584002485648 20.62584002485648 0.00063540544105724207 0.00063540544105724207 0.00063540544105724207 1 1 1 Converged Converged Converged OK OK OK 107 107 107 107 107 107 5 5 5 0 0 0 0 1 0 0 1
124 124 uniform 2 0 1247 0 0.001 0.98335423519434317 0.90627404519556043 0.0058883758155340599 0.17086438426825648 -0.16022055330391111 0.16968670910514966 0 0.29781607352773187 15.309700576734263 OK 15 14 0.46229199999999998 0.47009499999999999 0.14766499999999999 0.31384800000000002 0.32106899999999999 0 0.14844399999999996 0.14902599999999999 0.14766499999999999 0.016712999999999999 0.016556999999999999 0.016351000000000001 0.093433999999999989 0.094023000000000023 0.093459000000000014 0.0053469999999999993 0.0054460000000000003 0.0053239999999999997 0.0011220000000000002 0.001114 0.0011400000000000002 15.309688195263707 15.309688195263707 15.309688195263707 0.011529452557614993 0.011529452557614993 0.011529452557614993 1 1 1 Converged Converged Converged OK OK OK 98 98 98 98 98 98 6 6 6 0 0 0 0 0 1 0 0
124 124 uniform 2 7 1247 1 0.001 0.98335423519434317 0.90627404519556043 0.0058883758155340599 0.17086438426825648 -0.16022055330391111 0.17040355485660599 0 0.29709922777627551 17.042259686690787 OK 14 13 0.416437 0.465725 0.10983 0.30413499999999999 0.186367 0 0.11230200000000001 0.279358 0.10983 0.012296 0.012056000000000001 0.011389 0.077569999999999986 0.24443599999999993 0.076899999999999982 0.0037759999999999998 0.0040220000000000004 0.0037099999999999998 0.00091099999999999992 0.00090499999999999999 0.00087500000000000002 17.042250781863075 17.042250781863075 17.042250781863075 0.014411597485689851 0.014411597485689851 0.014411597485689851 1 1 1 Converged Converged Converged OK OK OK 82 82 82 82 82 82 6 6 6 0 0 0 0 1 0 0 1
124 124 uniform 2 15 1247 2 0.001 0.98335423519434317 0.90627404519556043 0.0058883758155340599 0.17086438426825648 -0.16022055330391111 0.17122280714398463 0 0.2962799754888969 17.734896919111137 OK 14 13 0.44620900000000002 0.479987 0.11386 0.33025100000000002 0.19452700000000001 0 0.11595800000000001 0.28545999999999999 0.11386 0.012033 0.012001 0.011368 0.081727999999999995 0.25077299999999997 0.081140999999999977 0.0038249999999999998 0.0038050000000000002 0.0035739999999999999 0.00091099999999999992 0.00089599999999999988 0.00085499999999999997 17.734885125847704 17.734885125847704 17.734885125847704 0.011775926545993312 0.011775926545993312 0.011775926545993312 1 1 1 Converged Converged Converged OK OK OK 82 82 82 82 82 82 6 6 6 0 0 0 0 1 0 0 1
124 124 uniform 2 23 1247 3 0.001 0.98335423519434317 0.90627404519556043 0.0058883758155340599 0.17086438426825648 -0.16022055330391111 0.1720420594313633 0 0.29546072320151823 17.910009881571661 OK 14 13 0.47472700000000001 0.50433399999999995 0.11151800000000001 0.36089199999999999 0.23025499999999999 0 0.11383500000000002 0.27407899999999996 0.11151800000000001 0.012234999999999999 0.012363000000000001 0.011603 0.079451999999999981 0.23918000000000003 0.078522999999999996 0.0036710000000000002 0.0037960000000000003 0.0034489999999999998 0.00088100000000000006 0.00088999999999999995 0.00088200000000000008 17.909998519928504 17.909998519928504 17.909998519928504 0.011323873240431798 0.011323873240431798 0.011323873240431798 1 1 1 Converged Converged Converged OK OK OK 82 82 82 82 82 82 6 6 6 0 0 0 0 1 0 0 1
124 124 uniform 2 0 1247 0 0.0001 0.98335423519434317 0.90627404519556043 0.0058883758155340599 0.17086438426825648 -0.16022055330391111 0.16968670910514966 0 0.29781607352773187 15.309700576734263 OK 15 14 0.49307299999999998 0.48703600000000002 0.177122 0.31374099999999999 0.31334000000000001 0 0.17933199999999999 0.17369600000000002 0.177122 0.016492 0.016621 0.016167999999999998 0.11360500000000008 0.10854999999999994 0.11177399999999994 0.0066789999999999992 0.0065850000000000006 0.0065899999999999995 0.0014299999999999998 0.001402 0.0014239999999999999 15.309699700484654 15.309699700484654 15.309699700484654 0.0012104532278898589 0.0012104532278898589 0.0012104532278898589 1 1 1 Converged Converged Converged OK OK OK 122 122 122 122 122 122 6 6 6 0 0 0 0 0 1 0 0
124 124 uniform 2 7 1247 1 0.0001 0.98335423519434317 0.90627404519556043 0.0058883758155340599 0.17086438426825648 -0.16022055330391111 0.17040355485660599 0 0.29709922777627551 17.042259686690787 OK 14 13 0.45125100000000001 0.60549200000000003 0.14463500000000001 0.305288 0.191471 0 0.14596300000000001 0.41402100000000003 0.14463500000000001 0.011975 0.012071 0.011422 0.10128299999999998 0.36846200000000012 0.10093299999999997 0.0056889999999999996 0.0060130000000000001 0.0058570000000000011 0.00132 0.0013389999999999999 0.0013290000000000001 17.042260774350286 17.042260774350286 17.042260774350286 0.00083967317630269302 0.00083967317630269302 0.00083967317630269302 1 1 1 Converged Converged Converged OK OK OK 122 122 122 122 122 122 6 6 6 0 0 0 0 1 0 0 1
124 124 uniform 2 15 1247 2 0.0001 0.98335423519434317 0.90627404519556043 0.0058883758155340599 0.17086438426825648 -0.16022055330391111 0.17122280714398463 0 0.2962799754888969 17.734896919111137 OK 14 13 0.46186899999999997 0.54471099999999995 0.13783000000000001 0.32615300000000003 0.19364799999999999 0 0.13571599999999995 0.35106299999999996 0.13783000000000001 0.012036 0.011927 0.011278 0.095937999999999954 0.31065200000000015 0.099027000000000004 0.0047889999999999999 0.0050449999999999991 0.004873999999999999 0.0011630000000000002 0.0011919999999999999 0.0012050000000000001 17.734897825780926 17.734897825780926 17.734897825780926 0.0015848809097203909 0.0015848809097203909 0.0015848809097203909 1 1 1 Converged Converged Converged OK OK OK 106 106 106 106 106 106 6 6 6 0 0 0 0 1 0 0 1
124 124 uniform 2 23 1247 3 0.0001 0.98335423519434317 0.90627404519556043 0.0058883758155340599 0.17086438426825648 -0.16022055330391111 0.1720420594313633 0 0.29546072320151823 17.910009881571661 OK 14 13 0.49568400000000001 0.56983300000000003 0.13111900000000001 0.35897499999999999 0.22878299999999999 0 0.13670900000000002 0.34105000000000008 0.13111900000000001 0.012286999999999999 0.012401000000000001 0.011599999999999999 0.096903999999999976 0.30038600000000004 0.09260800000000001 0.0047930000000000004 0.0048929999999999998 0.0047680000000000005 0.0011649999999999998 0.0011490000000000001 0.0011509999999999999 17.910010267741519 17.910010267741519 17.910010267741519 0.0013776145879079611 0.0013776145879079611 0.0013776145879079611 1 1 1 Converged Converged Converged OK OK OK 106 106 106 106 106 106 6 6 6 0 0 0 0 1 0 0 1
124 124 uniform 3 0 1248 0 0.001 0.98335423519434317 0.90627404519556043 0.0058883758155340599 -0.1719210633775087 -0.24075981077191339 -0.17309873854061553 0 0.640601521173497 1.8550253640784025 OK 13 12 0.36646600000000001 0.37144500000000003 0.062512999999999999 0.30318899999999999 0.30762200000000001 0 0.063277000000000028 0.063823000000000019 0.062512999999999999 0.0087489999999999998 0.0092770000000000005 0.0088199999999999997 0.038316999999999997 0.038621999999999997 0.038117999999999999 0.0021450000000000002 0.0022269999999999998 0.0021380000000000001 0.00054299999999999997 0.00058900000000000001 0.00056999999999999998 1.8550253506033438 1.8550253506033438 1.8550253506033438 0.00065243652996015632 0.00065243652996015632 0.00065243652996015632 1 1 1 Converged Converged Converged OK OK OK 45 45 45 45 45 45 3 3 3 0 0 0 0 0 1 0 0
124 124 uniform 3 7 1248 1 0.001 0.98335423519434317 0.90627404519556043 0.0058883758155340599 -0.1719210633775087 -0.24075981077191339 -0.17238189278915919 0 0.63988467542204075 1.8554064931361496 OK 13 12 0.395144 0.312861 0.059093 0.334837 0.19305800000000001 0 0.060306999999999999 0.11980299999999999 0.059093 0.0082279999999999992 0.0082649999999999998 0.0076689999999999996 0.037963999999999998 0.097636999999999988 0.037822000000000001 0.002209 0.0022279999999999999 0.0022139999999999998 0.00053899999999999998 0.00059699999999999987 0.00052599999999999999 1.8554064796582037 1.8554064796582037 1.8554064796582037 0.00065257247613634435 0.00065257247613634435 0.00065257247613634435 1 1 1 Converged Converged Converged OK OK OK 45 45 45 45 45 45 3 3 3 0 0 0 0 1 0 0 1
124 124 uniform 3 15 1248 2 0.001 0.98335423519434317 0.90627404519556043 0.0058883758155340599 -0.1719210633775087 -0.24075981077191339 -0.17156264050178055 0 0.63906542313466208 1.8558493047073599 OK 13 12 0.36795499999999998 0.31267899999999998 0.059931999999999999 0.306396 0.18109700000000001 0 0.061558999999999975 0.13158199999999998 0.059931999999999999 0.0081720000000000004 0.0082609999999999992 0.0076769999999999998 0.039188999999999995 0.10930899999999999 0.038754000000000004 0.0022599999999999999 0.0021580000000000002 0.0021670000000000001 0.00056100000000000008 0.00057399999999999997 0.00053200000000000003 1.8558492912261069 1.8558492912261069 1.8558492912261069 0.00065273037673837543 0.00065273037673837543 0.00065273037673837543 1 1 1 Converged Converged Converged OK OK OK 45 45 45 45 45 45 3 3 3 0 0 0 0 1 0 0 1
124 124 uniform 3 23 1248 3 0.001 0.98335423519434317 0.90627404519556043 0.0058883758155340599 -0.1719210633775087 -0.24075981077191339 -0.17074338821440188 0 0.63824617084728341 1.8562998635276997 OK 13 12 0.37535299999999999 0.30410999999999999 0.061858000000000003 0.31217400000000001 0.18432499999999999 0 0.063178999999999985 0.119785 0.061858000000000003 0.0081630000000000001 0.0081919999999999996 0.0076689999999999996 0.041051999999999984 0.097697000000000006 0.040767000000000012 0.0021820000000000003 0.0022160000000000001 0.0021420000000000002 0.00057799999999999995 0.00056700000000000001 0.00052599999999999999 1.8562998500431893 1.8562998500431893 1.8562998500431893 0.00065289099015832072 0.00065289099015832072 0.00065289099015832072 1 1 1 Converged Converged Converged OK OK OK 45 45 45 45 45 45 3 3 3 0 0 0 0 1 0 0 1
124 124 uniform 3 0 1248 0 0.0001 0.98335423519434317 0.90627404519556043 0.0058883758155340599 -0.1719210633775087 -0.24075981077191339 -0.17309873854061553 0 0.640601521173497 1.8550253640784025 OK 13 12 0.38661000000000001 0.38541700000000001 0.081942000000000001 0.30384699999999998 0.30249100000000001 0 0.082763000000000031 0.082926 0.081942000000000001 0.0089230000000000004 0.0089420000000000003 0.0085780000000000006 0.052545999999999989 0.052743999999999992 0.052313000000000005 0.003003 0.0029659999999999999 0.0030200000000000001 0.00067400000000000001 0.00069300000000000004 0.00067299999999999999 1.8550253506051337 1.8550253506051337 1.8550253506051337 0.00017126702293555741 0.00017126702293555741 0.00017126702293555741 1 1 1 Converged Converged Converged OK OK OK 61 61 61 61 61 61 3 3 3 0 0 0 0 0 1 0 0
124 124 uniform 3 7 1248 1 0.0001 0.98335423519434317 0.90627404519556043 0.0058883758155340599 -0.1719210633775087 -0.24075981077191339 -0.17238189278915919 0 0.63988467542204075 1.8554064931361496 OK 13 12 0.40885199999999999 0.344414 0.079085000000000003 0.32841399999999998 0.191162 0 0.080438000000000009 0.153252 0.079085000000000003 0.0081790000000000005 0.00826 0.0077130000000000002 0.053238999999999995 0.12622300000000006 0.053043 0.0030639999999999999 0.0030969999999999999 0.002957 0.00065400000000000007 0.00067099999999999994 0.00065900000000000008 1.8554064796600105 1.8554064796600105 1.8554064796600105 0.00017162170907908579 0.00017162170907908579 0.00017162170907908579 1 1 1 Converged Converged Converged OK OK OK 61 61 61 61 61 61 3 3 3 0 0 0 0 1 0 0 1
124 124 uniform 3 15 1248 2 0.0001 0.98335423519434317 0.90627404519556043 0.0058883758155340599 -0.1719210633775087 -0.24075981077191339 -0.17156264050178055 0 0.63906542313466208 1.8558493047073599 OK 13 12 0.38529000000000002 0.35556700000000002 0.080098000000000003 0.30386099999999999 0.18421799999999999 0 0.081429000000000029 0.17134900000000003 0.080098000000000003 0.0081969999999999994 0.0083239999999999998 0.0077850000000000003 0.054349000000000015 0.14398300000000003 0.054006000000000012 0.003058 0.0031339999999999996 0.0029840000000000005 0.00068099999999999996 0.00066599999999999993 0.00064799999999999992 1.8558492912279121 1.8558492912279121 1.8558492912279121 0.00017202839962879163 0.00017202839962879163 0.00017202839962879163 1 1 1 Converged Converged Converged OK OK OK 61 61 61 61 61 61 3 3 3 0 0 0 0 1 0 0 1
124 124 uniform 3 23 1248 3 0.0001 0.98335423519434317 0.90627404519556043 0.0058883758155340599 -0.1719210633775087 -0.24075981077191339 -0.17074338821440188 0 0.63824617084728341 1.8562998635276997 OK 13 12 0.39825899999999997 0.34018100000000001 0.080555000000000002 0.316469 0.18222099999999999 0 0.081789999999999974 0.15796000000000002 0.080555000000000002 0.0081300000000000001 0.0082920000000000008 0.0077190000000000002 0.05469099999999999 0.13088099999999997 0.054700000000000006 0.0030450000000000004 0.0031129999999999999 0.0029220000000000001 0.00069200000000000002 0.0006730000000000001 0.00064499999999999996 1.8562998500449879 1.8562998500449879 1.8562998500449879 0.00017243652148705109 0.00017243652148705109 0.00017243652148705109 1 1 1 Converged Converged Converged OK OK OK 61 61 61 61 61 61 3 3 3 0 0 0 0 1 0 0 1
124 124 uniform 4 0 1249 0 0.001 0.98335423519434317 0.90627404519556043 0.0058883758155340599 0.30357028842189748 -0.014473983339760847 0.30239261325879069 0 0.16511016937409084 6.2584328753902883 OK 13 12 0.40609499999999998 0.40159299999999998 0.089257000000000003 0.315637 0.31184299999999998 0 0.090457999999999983 0.089749999999999996 0.089257000000000003 0.0095919999999999998 0.0094079999999999997 0.0092890000000000004 0.064840999999999996 0.064753999999999992 0.06437699999999999 0.0021809999999999998 0.00216 0.0021619999999999999 0.000553 0.00055800000000000001 0.00053600000000000002 6.2584327972329374 6.2584327972329374 6.2584327972329374 0.0019049436870621278 0.0019049436870621278 0.0019049436870621278 1 1 1 Converged Converged Converged OK OK OK 45 45 45 45 45 45 3 3 3 0 0 0 0 0 1 0 0
124 124 uniform 4 7 1249 1 0.001 0.98335423519434317 0.90627404519556043 0.0058883758155340599 0.30357028842189748 -0.014473983339760847 0.303109459010247 0 0.16439332362263454 6.3262701734744446 OK 13 12 0.38038 0.316245 0.086831000000000005 0.29220499999999999 0.18709700000000001 0 0.088175000000000003 0.12914799999999999 0.086831000000000005 0.0087709999999999993 0.0087639999999999992 0.0082760000000000004 0.06531099999999998 0.10644099999999995 0.065075999999999995 0.0022139999999999998 0.0022209999999999999 0.0021480000000000002 0.00054099999999999992 0.00054199999999999995 0.00053499999999999999 6.3262700963098499 6.3262700963098499 6.3262700963098499 0.0019074589003385766 0.0019074589003385766 0.0019074589003385766 1 1 1 Converged Converged Converged OK OK OK 45 45 45 45 45 45 3 3 3 0 0 0 0 1 0 0 1
124 124 uniform 4 15 1249 2 0.001 0.98335423519434317 0.90627404519556043 0.0058883758155340599 0.30357028842189748 -0.014473983339760847 0.30392871129762566 0 0.16357407133525587 6.4050330609114789 OK 13 12 0.36795699999999998 0.31148399999999998 0.083100999999999994 0.28347299999999997 0.179676 0 0.084484000000000004 0.13180799999999998 0.083100999999999994 0.0086820000000000005 0.0088100000000000001 0.0081340000000000006 0.061782999999999998 0.10907000000000001 0.061369000000000014 0.002212 0.0022260000000000001 0.0021460000000000003 0.00053800000000000007 0.00055100000000000006 0.00053799999999999996 6.4050329852193677 6.4050329852193677 6.4050329852193677 0.0019086641735130505 0.0019086641735130505 0.0019086641735130505 1 1 1 Converged Converged Converged OK OK OK 45 45 45 45 45 45 3 3 3 0 0 0 0 1 0 0 1
124 124 uniform 4 23 1249 3 0.001 0.98335423519434317 0.90627404519556043 0.0058883758155340599 0.30357028842189748 -0.014473983339760847 0.30474796358500428 0 0.16275481904787725 6.4850957104331961 OK 13 12 0.36720199999999997 0.29980200000000001 0.083658999999999997 0.27798400000000001 0.16608600000000001 0 0.089217999999999964 0.133716 0.083658999999999997 0.0086580000000000008 0.0088280000000000008 0.0082529999999999999 0.062761999999999984 0.11112000000000002 0.062158000000000012 0.0021570000000000001 0.0021949999999999999 0.0020840000000000003 0.00053899999999999998 0.00053700000000000004 0.00052700000000000002 6.4850956362618764 6.4850956362618764 6.4850956362618764 0.0019078787340574841 0.0019078787340574841 0.0019078787340574841 1 1 1 Converged Converged Converged OK OK OK 45 45 45 45 45 45 3 3 3 0 0 0 0 1 0 0 1
124 124 uniform 4 0 1249 0 0.0001 0.98335423519434317 0.90627404519556043 0.0058883758155340599 0.30357028842189748 -0.014473983339760847 0.30239261325879069 0 0.16511016937409084 6.2584328753902883 OK 13 12 0.42174600000000001 0.41952 0.107138 0.31302799999999997 0.31131700000000001 0 0.10871800000000004 0.10820299999999999 0.107138 0.0095610000000000001 0.0094339999999999997 0.0090060000000000001 0.077558000000000044 0.077534999999999993 0.077312000000000033 0.0029979999999999998 0.0029940000000000001 0.0029659999999999999 0.00067400000000000012 0.00069500000000000009 0.00065499999999999998 6.2584327988114339 6.2584327988114339 6.2584327988114339 0.00011470835057128712 0.00011470835057128712 0.00011470835057128712 1 1 1 Converged Converged Converged OK OK OK 61 61 61 61 61 61 3 3 3 0 0 0 0 0 1 0 0
124 124 uniform 4 7 1249 1 0.0001 0.98335423519434317 0.90627404519556043 0.0058883758155340599 0.30357028842189748 -0.014473983339760847 0.303109459010247 0 0.16439332362263454 6.3262701734744446 OK 13 12 0.39752999999999999 0.35490699999999997 0.104975 0.29082400000000003 0.185527 0 0.10670599999999997 0.16937999999999998 0.104975 0.0087150000000000005 0.0089269999999999992 0.00826 0.079083999999999988 0.141786 0.078372999999999998 0.0030000000000000001 0.0029909999999999997 0.0029649999999999998 0.00064800000000000003 0.00066100000000000002 0.00064099999999999997 6.3262700981395232 6.3262700981395232 6.3262700981395232 0.00011450035004575454 0.00011450035004575454 0.00011450035004575454 1 1 1 Converged Converged Converged OK OK OK 61 61 61 61 61 61 3 3 3 0 0 0 0 1 0 0 1
124 124 uniform 4 15 1249 2 0.0001 0.98335423519434317 0.90627404519556043 0.0058883758155340599 0.30357028842189748 -0.014473983339760847 0.30392871129762566 0 0.16357407133525587 6.4050330609114789 OK 13 12 0.384741 0.35241099999999997 0.101482 0.28140599999999999 0.18262900000000001 0 0.10333500000000001 0.16978199999999996 0.101482 0.0086140000000000001 0.008822 0.0082249999999999997 0.075787000000000035 0.14212099999999997 0.075062000000000004 0.0029399999999999999 0.0030220000000000004 0.0029480000000000001 0.00065799999999999995 0.00068300000000000001 0.00064099999999999997 6.4050329873751304 6.4050329873751304 6.4050329873751304 0.00011426333058993588 0.00011426333058993588 0.00011426333058993588 1 1 1 Converged Converged Converged OK OK OK 61 61 61 61 61 61 3 3 3 0 0 0 0 1 0 0 1
124 124 uniform 4 23 1249 3 0.0001 0.98335423519434317 0.90627404519556043 0.0058883758155340599 0.30357028842189748 -0.014473983339760847 0.30474796358500428 0 0.16275481904787725 6.4850957104331961 OK 13 12 0.38456099999999999 0.34188800000000003 0.102283 0.28103499999999998 0.16555800000000001 0 0.10352600000000001 0.17633000000000001 0.102283 0.0086990000000000001 0.0087799999999999996 0.0081880000000000008 0.076122000000000009 0.14890200000000003 0.075635000000000049 0.0030000000000000001 0.0030379999999999999 0.002977 0.00065499999999999998 0.00065200000000000002 0.00065099999999999999 6.4850956387908196 6.4850956387908196 6.4850956387908196 0.0001140270489894429 0.0001140270489894429 0.0001140270489894429 1 1 1 Converged Converged Converged OK OK OK 61 61 61 61 61 61 3 3 3 0 0 0 0 1 0 0 1
125 125 linear 0 0 1250 0 0.001 0.58278838443417358 0.0016392621724083619 4.6720061710899364e-05 0.00051478704392377342 -0.0013774026373486942 0.00050544303158159352 0.5 0.00044833642695313335 4775.2466037826307 OK 13 12 0.47491299999999997 0.47692000000000001 0.14424000000000001 0.327316 0.331071 0 0.14759699999999998 0.14584900000000001 0.14424000000000001 0.010923 0.011025 0.010456999999999999 0.11395300000000004 0.11206400000000002 0.11112299999999999 0.0031680000000000002 0.0030639999999999999 0.0029529999999999999 0.00092099999999999994 0.00085300000000000003 0.00086600000000000002 4775.2705567322873 4775.2705567322873 4775.2705567322873 0.72847657647256248 0.72847657647256248 0.72847657647256248 1 1 1 Converged Converged Converged OK OK OK 74 74 74 74 74 74 6 6 6 0 0 0 0 0 1 0 0
125 125 linear 0 7 1250 1 0.001 0.58278838443417358 0.0016392621724083619 4.6720061710899364e-05 0.00051478704392377342 -0.0013774026373486942 0.00051113069126813783 0.5 0.00044264876726658904 4415.2848510109407 OK 13 12 0.47051799999999999 0.497417 0.146041 0.32496999999999998 0.18715000000000001 0 0.14554800000000001 0.31026699999999996 0.146041 0.0098890000000000002 0.0099369999999999997 0.0093779999999999992 0.11852200000000003 0.28286 0.12017999999999998 0.0028629999999999997 0.0029810000000000001 0.0029380000000000001 0.00079700000000000007 0.00079900000000000001 0.00079299999999999998 4415.2971939430417 4415.2971939430417 4415.2971939430417 0.71061965405353344 0.71061965405353344 0.71061965405353344 1 1 1 Converged Converged Converged OK OK OK 74 74 74 74 74 74 6 6 6 0 0 0 0 1 0 0 1
125 125 linear 0 15 1250 2 0.001 0.58278838443417358 0.0016392621724083619 4.6720061710899364e-05 0.00051478704392377342 -0.0013774026373486942 0.00051763087376704552 0.5 0.00043614858476768135 3933.0984548092106 OK 13 12 0.468387 0.50813799999999998 0.138131 0.32606200000000002 0.19411900000000001 0 0.14232499999999998 0.31401899999999994 0.138131 0.0095010000000000008 0.0096780000000000008 0.0090650000000000001 0.11555200000000007 0.28634100000000018 0.11265999999999998 0.0031110000000000001 0.0031780000000000003 0.0029619999999999998 0.00082300000000000006 0.00082200000000000003 0.0008119999999999999 3933.118272257861 3933.118272257861 3933.118272257861 0.68000094649960696 0.68000094649960696 0.68000094649960696 1 1 1 Converged Converged Converged OK OK OK 74 74 74 74 74 74 6 6 6 0 0 0 0 1 0 0 1
125 125 linear 0 23 1250 3 0.001 0.58278838443417358 0.0016392621724083619 4.6720061710899364e-05 0.00051478704392377342 -0.0013774026373486942 0.00052413105626595332 0.5 0.00042964840226877355 3342.8431556703649 OK 13 12 0.47687099999999999 0.49451099999999998 0.139291 0.33370300000000003 0.18931600000000001 0 0.14316799999999996 0.30519499999999999 0.139291 0.0095630000000000003 0.0096249999999999999 0.0090340000000000004 0.116674 0.27774099999999996 0.11384499999999995 0.0028580000000000003 0.0031940000000000002 0.0028170000000000005 0.00088400000000000002 0.00090699999999999993 0.00087199999999999995 3342.82984615647 3342.82984615647 3342.82984615647 1.6091682436293784 1.6091682436293784 1.6091682436293784 1 1 1 Converged Converged Converged OK OK OK 74 74 74 74 74 74 6 6 6 0 0 0 0 1 0 0 1
125 125 linear 0 0 1250 0 0.0001 0.58278838443417358 0.0016392621724083619 4.6720061710899364e-05 0.00051478704392377342 -0.0013774026373486942 0.00050544303158159352 0.5 0.00044833642695313335 4775.2466037826307 OK 13 12 0.51825200000000005 0.51449 0.18537999999999999 0.33146999999999999 0.33034799999999997 0 0.18678200000000006 0.18414200000000003 0.18537999999999999 0.010602 0.010776000000000001 0.010375000000000001 0.14732999999999999 0.14415199999999995 0.14675799999999997 0.0039280000000000001 0.0038649999999999999 0.0038170000000000001 0.00099599999999999992 0.00098699999999999981 0.001024 4775.2705569312166 4775.2705569312166 4775.2705569312166 0.27869233801351917 0.27869233801351917 0.27869233801351917 1 1 1 Converged Converged Converged OK OK OK 90 90 90 90 90 90 6 6 6 0 0 0 0 0 1 0 0
125 125 linear 0 7 1250 1 0.0001 0.58278838443417358 0.0016392621724083619 4.6720061710899364e-05 0.00051478704392377342 -0.0013774026373486942 0.00051113069126813783 0.5 0.00044264876726658904 4415.2848510109407 OK 13 12 0.50843000000000005 0.57035100000000005 0.18202099999999999 0.32129000000000002 0.185275 0 0.18714000000000003 0.38507600000000008 0.18202099999999999 0.0099190000000000007 0.0098790000000000006 0.0095460000000000007 0.15484499999999995 0.3528039999999999 0.151034 0.003718 0.0038769999999999998 0.0036479999999999998 0.00101 0.00092200000000000008 0.0010049999999999998 4415.2971941414826 4415.2971941414826 4415.2971941414826 0.26035353795760047 0.26035353795760047 0.26035353795760047 1 1 1 Converged Converged Converged OK OK OK 90 90 90 90 90 90 6 6 6 0 0 0 0 1 0 0 1
125 125 linear 0 15 1250 2 0.0001 0.58278838443417358 0.0016392621724083619 4.6720061710899364e-05 0.00051478704392377342 -0.0013774026373486942 0.00051763087376704552 0.5 0.00043614858476768135 3933.0984548092106 OK 13 12 0.51043000000000005 0.57389699999999999 0.17879999999999999 0.32546599999999998 0.198238 0 0.18496400000000007 0.37565899999999997 0.17879999999999999 0.0096930000000000002 0.0096039999999999997 0.0090489999999999998 0.15259399999999998 0.34276099999999998 0.148115 0.0037989999999999994 0.0040800000000000003 0.0038729999999999997 0.00098700000000000003 0.0010330000000000001 0.00098399999999999985 3933.1182724551704 3933.1182724551704 3933.1182724551704 0.22918982308201313 0.22918982308201313 0.22918982308201313 1 1 1 Converged Converged Converged OK OK OK 90 90 90 90 90 90 6 6 6 0 0 0 0 1 0 0 1
125 125 linear 0 23 1250 3 0.0001 0.58278838443417358 0.0016392621724083619 4.6720061710899364e-05 0.00051478704392377342 -0.0013774026373486942 0.00052413105626595332 0.5 0.00042964840226877355 3342.8431556703649 OK 13 12 0.54536099999999998 0.66829899999999998 0.207065 0.33218700000000001 0.19723399999999999 0 0.21317399999999997 0.47106499999999996 0.207065 0.0097099999999999999 0.0097090000000000006 0.0090810000000000005 0.17339299999999996 0.42969600000000008 0.16821000000000008 0.0048930000000000006 0.0054190000000000002 0.005117 0.0013019999999999998 0.0013199999999999998 0.0013079999999999999 3342.8261842431834 3342.8261842431834 3342.8261842431834 0.14428690035604994 0.14428690035604994 0.14428690035604994 1 1 1 Converged Converged Converged OK OK OK 114 114 114 114 114 114 6 6 6 0 0 0 0 1 0 0 1
125 125 linear 1 0 1251 0 0.001 0.58278838443417358 0.0016392621724083619 4.6720061710899364e-05 1.1325028592696735 -0.11273218431612939 1.1324935152573314 0.5 -1.1315397357987966 6.1044463933352775 OK 14 13 0.66718500000000003 0.66398999999999997 0.16306100000000001 0.50163999999999997 0.49989699999999998 0 0.16554500000000005 0.16409299999999999 0.16306100000000001 0.011651 0.011847999999999999 0.011457 0.12860299999999997 0.12679600000000002 0.126471 0.0033509999999999998 0.0035660000000000002 0.003395 0.00091299999999999997 0.000901 0.00088699999999999998 6.1044482335490384 6.1044482335490384 6.1044482335490384 0.0028438465107214028 0.0028438465107214028 0.0028438465107214028 1 1 1 Converged Converged Converged OK OK OK 75 75 75 75 75 75 5 5 5 0 0 0 0 0 1 0 0
125 125 linear 1 7 1251 1 0.001 0.58278838443417358 0.0016392621724083619 4.6720061710899364e-05 1.1325028592696735 -0.11273218431612939 1.132499202917018 0.5 -1.1315454234584832 6.1697792395452362 OK 14 13 0.51968000000000003 0.56139099999999997 0.155251 0.36079299999999997 0.21195700000000001 0 0.15888700000000006 0.34943399999999997 0.155251 0.010877 0.010945 0.010279 0.12783900000000001 0.31821400000000011 0.12554600000000002 0.003405 0.0033649999999999995 0.0032889999999999998 0.00088400000000000002 0.00092800000000000011 0.000861 6.1698373445946961 6.1698373445946961 6.1698373445946961 0.0028475570848461714 0.0028475570848461714 0.0028475570848461714 1 1 1 Converged Converged Converged OK OK OK 75 75 75 75 75 75 5 5 5 0 0 0 0 1 0 0 1
125 125 linear 1 15 1251 2 0.001 0.58278838443417358 0.0016392621724083619 4.6720061710899364e-05 1.1325028592696735 -0.11273218431612939 1.1325057030995167 0.5 -1.1315519236409819 6.2449359066069698 OK 14 13 0.65332900000000005 0.71299199999999996 0.16550300000000001 0.48457299999999998 0.34081600000000001 0 0.16875600000000007 0.37217599999999995 0.16550300000000001 0.010796999999999999 0.011162 0.01027 0.13802800000000004 0.34014199999999983 0.13586800000000004 0.0033589999999999996 0.0035940000000000008 0.0032780000000000001 0.00086600000000000002 0.00088699999999999988 0.00087199999999999995 6.2449444672024059 6.2449444672024059 6.2449444672024059 0.0028518768264764864 0.0028518768264764864 0.0028518768264764864 1 1 1 Converged Converged Converged OK OK OK 75 75 75 75 75 75 5 5 5 0 0 0 0 1 0 0 1
125 125 linear 1 23 1251 3 0.001 0.58278838443417358 0.0016392621724083619 4.6720061710899364e-05 1.1325028592696735 -0.11273218431612939 1.1325122032820156 0.5 -1.1315584238234808 6.3204268394859273 OK 14 13 0.70769499999999996 0.76386100000000001 0.16320699999999999 0.54136700000000004 0.40440300000000001 0 0.16632799999999992 0.359458 0.16320699999999999 0.010793000000000001 0.011002 0.010262 0.13555499999999998 0.32778699999999994 0.133634 0.0033930000000000002 0.0035250000000000004 0.0033029999999999995 0.00097499999999999996 0.000968 0.00090099999999999989 6.3204482728994913 6.3204482728994913 6.3204482728994913 0.0028562824398012218 0.0028562824398012218 0.0028562824398012218 1 1 1 Converged Converged Converged OK OK OK 75 75 75 75 75 75 5 5 5 0 0 0 0 1 0 0 1
125 125 linear 1 0 1251 0 0.0001 0.58278838443417358 0.0016392621724083619 4.6720061710899364e-05 1.1325028592696735 -0.11273218431612939 1.1324935152573314 0.5 -1.1315397357987966 6.1044463933352775 OK 14 13 0.741923 0.74311199999999999 0.24110999999999999 0.49833 0.50142699999999996 0 0.243593 0.24168500000000004 0.24110999999999999 0.011832000000000001 0.011839000000000001 0.011601 0.19398199999999993 0.19180800000000001 0.19096100000000005 0.0051659999999999996 0.0054780000000000002 0.0050369999999999998 0.001165 0.001152 0.001188 6.1044482349443854 6.1044482349443854 6.1044482349443854 0.00029338198860403241 0.00029338198860403241 0.00029338198860403241 1 1 1 Converged Converged Converged OK OK OK 107 107 107 107 107 107 5 5 5 0 0 0 0 0 1 0 0
125 125 linear 1 7 1251 1 0.0001 0.58278838443417358 0.0016392621724083619 4.6720061710899364e-05 1.1325028592696735 -0.11273218431612939 1.132499202917018 0.5 -1.1315454234584832 6.1697792395452362 OK 14 13 0.59648999999999996 0.71979700000000002 0.231048 0.361508 0.21615100000000001 0 0.23498199999999997 0.50364600000000004 0.231048 0.010846 0.011077 0.010468 0.19392800000000002 0.46192999999999984 0.19088200000000002 0.0051470000000000005 0.0053980000000000009 0.005012 0.0011500000000000002 0.0011770000000000001 0.001173 6.1698373459946003 6.1698373459946003 6.1698373459946003 0.00029580795536930053 0.00029580795536930053 0.00029580795536930053 1 1 1 Converged Converged Converged OK OK OK 107 107 107 107 107 107 5 5 5 0 0 0 0 1 0 0 1
125 125 linear 1 15 1251 2 0.0001 0.58278838443417358 0.0016392621724083619 4.6720061710899364e-05 1.1325028592696735 -0.11273218431612939 1.1325057030995167 0.5 -1.1315519236409819 6.2449359066069698 OK 14 13 0.732742 0.854495 0.24093800000000001 0.48215599999999997 0.340669 0 0.25058600000000003 0.513826 0.24093800000000001 0.010968 0.010947999999999999 0.010647999999999999 0.20936299999999997 0.47134500000000001 0.201096 0.0050980000000000001 0.0056040000000000005 0.0050099999999999997 0.001127 0.0011129999999999998 0.0011249999999999999 6.2449444685949809 6.2449444685949809 6.2449444685949809 0.00029865324341812985 0.00029865324341812985 0.00029865324341812985 1 1 1 Converged Converged Converged OK OK OK 107 107 107 107 107 107 5 5 5 0 0 0 0 1 0 0 1
125 125 linear 1 23 1251 3 0.0001 0.58278838443417358 0.0016392621724083619 4.6720061710899364e-05 1.1325028592696735 -0.11273218431612939 1.1325122032820156 0.5 -1.1315584238234808 6.3204268394859273 OK 14 13 0.77902000000000005 0.90978999999999999 0.24437600000000001 0.53811500000000001 0.40615699999999999 0 0.24090500000000004 0.503633 0.24437600000000001 0.010964 0.01093 0.010428 0.1978400000000001 0.46117699999999995 0.20356099999999994 0.0050290000000000005 0.0054320000000000002 0.0051310000000000001 0.00124 0.001256 0.0012489999999999999 6.3204482742959112 6.3204482742959112 6.3204482742959112 0.00030157771167743771 0.00030157771167743771 0.00030157771167743771 1 1 1 Converged Converged Converged OK OK OK 107 107 107 107 107 107 5 5 5 0 0 0 0 1 0 0 1
125 125 linear 2 0 1252 0 0.001 0.58278838443417358 0.0016392621724083619 4.6720061710899364e-05 1.1344223500241366 0.11263803779387811 1.1344130060117945 0.5 -1.1334592265532597 15.794306097698035 OK 14 13 0.53313699999999997 0.52921600000000002 0.16424 0.36600100000000002 0.36446000000000001 0 0.16713599999999995 0.16475600000000001 0.16424 0.011841000000000001 0.011727 0.011549 0.12995399999999999 0.12798200000000004 0.12729699999999999 0.0034069999999999994 0.0034619999999999998 0.0033600000000000001 0.00092500000000000004 0.00096999999999999994 0.00091800000000000009 15.794297572815935 15.794297572815935 15.794297572815935 0.010881551897844288 0.010881551897844288 0.010881551897844288 1 1 1 Converged Converged Converged OK OK OK 75 75 75 75 75 75 5 5 5 0 0 0 0 0 1 0 0
125 125 linear 2 7 1252 1 0.001 0.58278838443417358 0.0016392621724083619 4.6720061710899364e-05 1.1344223500241366 0.11263803779387811 1.1344186936714811 0.5 -1.1334649142129463 15.622626547994917 OK 14 13 0.51572899999999999 0.59108400000000005 0.16170200000000001 0.35874400000000001 0.22411900000000001 0 0.15698499999999999 0.36696500000000004 0.16170200000000001 0.011391999999999999 0.011039999999999999 0.010331999999999999 0.12558800000000006 0.32952599999999993 0.13098099999999999 0.0033839999999999999 0.0093700000000000016 0.0035460000000000005 0.00089499999999999996 0.00090399999999999996 0.00089200000000000011 15.622627607436238 15.622627607436238 15.622627607436238 0.014281230266037746 0.014281230266037746 0.014281230266037746 1 1 1 Converged Converged Converged OK OK OK 75 75 75 75 75 75 5 5 5 0 0 0 0 1 0 0 1
125 125 linear 2 15 1252 2 0.001 0.58278838443417358 0.0016392621724083619 4.6720061710899364e-05 1.1344223500241366 0.11263803779387811 1.1344251938539798 0.5 -1.133471414395445 15.398220354117141 OK 14 13 0.54979900000000004 0.68010800000000005 0.199322 0.36109999999999998 0.225747 0 0.18869900000000006 0.45436100000000001 0.199322 0.010963000000000001 0.011051999999999999 0.010258 0.152645 0.41724599999999984 0.16285699999999989 0.0046039999999999996 0.0050020000000000004 0.0046490000000000004 0.001036 0.001078 0.001091 15.398222532461148 15.398222532461148 15.398222532461148 0.011778269406012109 0.011778269406012109 0.011778269406012109 1 1 1 Converged Converged Converged OK OK OK 91 91 91 91 91 91 5 5 5 0 0 0 0 1 0 0 1
125 125 linear 2 23 1252 3 0.001 0.58278838443417358 0.0016392621724083619 4.6720061710899364e-05 1.1344223500241366 0.11263803779387811 1.1344316940364787 0.5 -1.1334779145779439 15.124907120578575 OK 14 13 0.551037 0.68928100000000003 0.199433 0.35871900000000001 0.215694 0 0.19231799999999999 0.47358700000000004 0.199433 0.010963000000000001 0.011004 0.011365 0.15802900000000003 0.43645400000000001 0.16302499999999995 0.0043309999999999998 0.0052450000000000005 0.0047289999999999997 0.00099400000000000009 0.001186 0.001059 15.124840779613228 15.124840779613228 15.124840779613228 0.014592144283624741 0.014592144283624741 0.014592144283624741 1 1 1 Converged Converged Converged OK OK OK 91 91 91 91 91 91 5 5 5 0 0 0 0 1 0 0 1
125 125 linear 2 0 1252 0 0.0001 0.58278838443417358 0.0016392621724083619 4.6720061710899364e-05 1.1344223500241366 0.11263803779387811 1.1344130060117945 0.5 -1.1334592265532597 15.794306097698035 OK 14 13 0.65998199999999996 0.65830500000000003 0.293213 0.36615900000000001 0.361313 0 0.29382299999999995 0.29699200000000003 0.293213 0.011861999999999999 0.012148000000000001 0.011743999999999999 0.23363300000000001 0.23552200000000004 0.23219199999999998 0.0070220000000000005 0.0067470000000000004 0.0069979999999999999 0.001415 0.0014030000000000002 0.0014430000000000001 15.794274953910723 15.794274953910723 15.794274953910723 0.00021440193687036508 0.00021440193687036508 0.00021440193687036508 1 1 1 Converged Converged Converged OK OK OK 139 139 139 139 139 139 5 5 5 0 0 0 0 0 1 0 0
125 125 linear 2 7 1252 1 0.0001 0.58278838443417358 0.0016392621724083619 4.6720061710899364e-05 1.1344223500241366 0.11263803779387811 1.1344186936714811 0.5 -1.1334649142129463 15.622626547994917 OK 14 13 0.64577899999999999 0.89440399999999998 0.26995599999999997 0.35825699999999999 0.22548199999999999 0 0.287522 0.66892200000000002 0.26995599999999997 0.010999999999999999 0.010919 0.010392 0.23881600000000008 0.62062600000000001 0.22321999999999997 0.0068990000000000006 0.0069300000000000004 0.0069810000000000011 0.0013689999999999998 0.0013649999999999999 0.0013569999999999997 15.622587806389088 15.622587806389088 15.622587806389088 0.00024123446116233933 0.00024123446116233933 0.00024123446116233933 1 1 1 Converged Converged Converged OK OK OK 139 139 139 139 139 139 5 5 5 0 0 0 0 1 0 0 1
125 125 linear 2 15 1252 2 0.0001 0.58278838443417358 0.0016392621724083619 4.6720061710899364e-05 1.1344223500241366 0.11263803779387811 1.1344251938539798 0.5 -1.133471414395445 15.398220354117141 OK 14 13 0.65303900000000004 0.90515500000000004 0.28042699999999998 0.36595100000000003 0.22681599999999999 0 0.28708800000000001 0.67833900000000003 0.28042699999999998 0.010880000000000001 0.01107 0.010357 0.23904000000000009 0.62751999999999963 0.233929 0.0069459999999999999 0.0076639999999999998 0.0068379999999999995 0.0013980000000000004 0.00149 0.0013359999999999999 15.398192306652154 15.398192306652154 15.398192306652154 0.00028852799404716512 0.00028852799404716512 0.00028852799404716512 1 1 1 Converged Converged Converged OK OK OK 139 139 139 139 139 139 5 5 5 0 0 0 0 1 0 0 1
125 125 linear 2 23 1252 3 0.0001 0.58278838443417358 0.0016392621724083619 4.6720061710899364e-05 1.1344223500241366 0.11263803779387811 1.1344316940364787 0.5 -1.1334779145779439 15.124907120578575 OK 14 13 0.65088999999999997 0.88886900000000002 0.27801199999999998 0.370006 0.23370299999999999 0 0.28088399999999997 0.65516600000000003 0.27801199999999998 0.010954 0.012303 0.010323000000000001 0.23313099999999995 0.60475900000000016 0.22879800000000008 0.0070289999999999997 0.007378 0.0098290000000000009 0.0013720000000000002 0.0013860000000000001 0.001333 15.124858346756152 15.124858346756152 15.124858346756152 0.00039470426020917431 0.00039470426020917431 0.00039470426020917431 1 1 1 Converged Converged Converged OK OK OK 139 139 139 139 139 139 5 5 5 0 0 0 0 1 0 0 1
125 125 linear 3 0 1253 0 0.001 0.58278838443417358 0.0016392621724083619 4.6720061710899364e-05 0.00039822298318900091 0.0002194593857849227 0.00038887897084682107 0.5 0.00056490048768790581 866.1051147630169 OK 13 12 0.60048900000000005 0.59877899999999995 0.16697000000000001 0.43191800000000002 0.43323099999999998 0 0.16857100000000003 0.16554799999999997 0.16697000000000001 0.010295 0.010057999999999999 0.0098180000000000003 0.13941000000000001 0.13691700000000001 0.13859399999999999 0.0027150000000000004 0.0027109999999999999 0.0026919999999999999 0.00056300000000000002 0.00058699999999999996 0.00058599999999999993 866.10459720137226 866.10459720137226 866.10459720137226 0.16044675166008371 0.16044675166008371 0.16044675166008371 1 1 1 Converged Converged Converged OK OK OK 53 53 53 53 53 53 3 3 3 0 0 0 0 0 1 0 0
125 125 linear 3 7 1253 1 0.001 0.58278838443417358 0.0016392621724083619 4.6720061710899364e-05 0.00039822298318900091 0.0002194593857849227 0.00039456663053336532 0.5 0.00055921282800136161 873.52708613133757 OK 13 12 0.50151900000000005 0.41545500000000002 0.144815 0.35108499999999998 0.20913599999999999 0 0.15043400000000007 0.20631900000000003 0.144815 0.0094289999999999999 0.0094830000000000001 0.0089180000000000006 0.12328400000000002 0.18033299999999999 0.11997899999999999 0.0030540000000000003 0.0027740000000000004 0.0027179999999999999 0.00064400000000000004 0.000602 0.00055000000000000003 873.52659021185059 873.52659021185059 873.52659021185059 0.16023130340901778 0.16023130340901778 0.16023130340901778 1 1 1 Converged Converged Converged OK OK OK 53 53 53 53 53 53 3 3 3 0 0 0 0 1 0 0 1
125 125 linear 3 15 1253 2 0.001 0.58278838443417358 0.0016392621724083619 4.6720061710899364e-05 0.00039822298318900091 0.0002194593857849227 0.00040106681303227307 0.5 0.00055271264550245381 882.1194770107918 OK 13 12 0.67621900000000001 0.58714999999999995 0.14774899999999999 0.523613 0.38011400000000001 0 0.15260600000000002 0.20703599999999994 0.14774899999999999 0.0094299999999999991 0.0094109999999999992 0.0089519999999999999 0.12611599999999995 0.18116599999999994 0.12300200000000006 0.0028460000000000004 0.0027159999999999997 0.002562 0.00059900000000000003 0.00056099999999999998 0.000553 882.11895960398908 882.11895960398908 882.11895960398908 0.15998585685066657 0.15998585685066657 0.15998585685066657 1 1 1 Converged Converged Converged OK OK OK 53 53 53 53 53 53 3 3 3 0 0 0 0 1 0 0 1
125 125 linear 3 23 1253 3 0.001 0.58278838443417358 0.0016392621724083619 4.6720061710899364e-05 0.00039822298318900091 0.0002194593857849227 0.00040756699553118076 0.5 0.00054621246300354611 890.8275008368546 OK 13 12 0.49446000000000001 0.389851 0.15612500000000001 0.334036 0.19555 0 0.16042400000000001 0.194301 0.15612500000000001 0.0094269999999999996 0.0093589999999999993 0.0088870000000000008 0.13425999999999999 0.16850499999999999 0.13137300000000002 0.0028399999999999996 0.0027819999999999998 0.0026229999999999999 0.00057900000000000009 0.00058399999999999999 0.00055199999999999997 890.8269688939497 890.8269688939497 890.8269688939497 0.15974123741542914 0.15974123741542914 0.15974123741542914 1 1 1 Converged Converged Converged OK OK OK 53 53 53 53 53 53 3 3 3 0 0 0 0 1 0 0 1
125 125 linear 3 0 1253 0 0.0001 0.58278838443417358 0.0016392621724083619 4.6720061710899364e-05 0.00039822298318900091 0.0002194593857849227 0.00038887897084682107 0.5 0.00056490048768790581 866.1051147630169 OK 13 12 0.65108699999999997 0.64976400000000001 0.214087 0.42879400000000001 0.43376900000000002 0 0.22229299999999996 0.21599499999999999 0.214087 0.010139 0.01021 0.0099310000000000006 0.18774399999999988 0.18174999999999999 0.18015800000000012 0.003542 0.0035500000000000002 0.0035800000000000003 0.00068000000000000005 0.00067199999999999996 0.0006649999999999999 866.10460273270553 866.10460273270553 866.10460273270553 1.4206695705372713e-05 1.4206695705372713e-05 1.4206695705372713e-05 1 1 1 Converged Converged Converged OK OK OK 69 69 69 69 69 69 3 3 3 0 0 0 0 0 1 0 0
125 125 linear 3 7 1253 1 0.0001 0.58278838443417358 0.0016392621724083619 4.6720061710899364e-05 0.00039822298318900091 0.0002194593857849227 0.00039456663053336532 0.5 0.00055921282800136161 873.52708613133757 OK 13 12 0.54605700000000001 0.463142 0.193527 0.34737200000000001 0.20941899999999999 0 0.198685 0.25372300000000003 0.193527 0.0092739999999999993 0.0094039999999999992 0.0089429999999999996 0.16795499999999999 0.22273299999999996 0.16359300000000002 0.003578 0.0036439999999999997 0.0035879999999999996 0.000669 0.00069200000000000012 0.00066299999999999996 873.52659573554843 873.52659573554843 873.52659573554843 1.4172720294072162e-05 1.4172720294072162e-05 1.4172720294072162e-05 1 1 1 Converged Converged Converged OK OK OK 69 69 69 69 69 69 3 3 3 0 0 0 0 1 0 0 1
125 125 linear 3 15 1253 2 0.0001 0.58278838443417358 0.0016392621724083619 4.6720061710899364e-05 0.00039822298318900091 0.0002194593857849227 0.00040106681303227307 0.5 0.00055271264550245381 882.1194770107918 OK 13 12 0.71889700000000001 0.63717800000000002 0.196326 0.51735100000000001 0.37734099999999998 0 0.201546 0.25983700000000004 0.196326 0.0094140000000000005 0.0094529999999999996 0.0088599999999999998 0.17059799999999997 0.22892000000000007 0.16671400000000003 0.0036420000000000003 0.003571 0.0034789999999999999 0.00069099999999999999 0.00067699999999999998 0.00065300000000000004 882.11896511914142 882.11896511914142 882.11896511914142 1.4132177146934768e-05 1.4132177146934768e-05 1.4132177146934768e-05 1 1 1 Converged Converged Converged OK OK OK 69 69 69 69 69 69 3 3 3 0 0 0 0 1 0 0 1
125 125 linear 3 23 1253 3 0.0001 0.58278838443417358 0.0016392621724083619 4.6720061710899364e-05 0.00039822298318900091 0.0002194593857849227 0.00040756699553118076 0.5 0.00054621246300354611 890.8275008368546 OK 13 12 0.54742900000000005 0.44269199999999997 0.207154 0.33392300000000003 0.19706099999999999 0 0.21350600000000003 0.24563099999999999 0.207154 0.0093100000000000006 0.0095230000000000002 0.0088500000000000002 0.18295999999999996 0.21496699999999996 0.17755499999999999 0.0035820000000000001 0.0036410000000000001 0.0035410000000000003 0.00067900000000000002 0.00066299999999999996 0.00065499999999999998 890.82697440046661 890.82697440046661 890.82697440046661 1.4088686698405043e-05 1.4088686698405043e-05 1.4088686698405043e-05 1 1 1 Converged Converged Converged OK OK OK 69 69 69 69 69 69 3 3 3 0 0 0 0 1 0 0 1
125 125 linear 4 0 1254 0 0.001 0.58278838443417358 0.0016392621724083619 4.6720061710899364e-05 -0.00024704891250002892 0.00091949900495755504 -0.00025639292484220882 0.5 0.0012101723833769357 1774.9544388154441 OK 15 14 0.55210199999999998 0.54868600000000001 0.207061 0.341117 0.34075100000000003 0 0.21098499999999998 0.20793499999999998 0.207061 0.017243999999999999 0.017252 0.016827999999999999 0.16166199999999994 0.15816800000000006 0.15839399999999995 0.004359 0.0045430000000000002 0.0042100000000000002 0.00098499999999999998 0.0010969999999999999 0.0010220000000000001 1774.9534697202075 1774.9534697202075 1774.9534697202075 1.529710271384066 1.529710271384066 1.529710271384066 1 1 1 Converged Converged Converged OK OK OK 90 90 90 90 90 90 6 6 6 0 0 0 0 0 1 0 0
125 125 linear 4 7 1254 1 0.001 0.58278838443417358 0.0016392621724083619 4.6720061710899364e-05 -0.00024704891250002892 0.00091949900495755504 -0.00025070526515566451 0.5 0.0012044847236903915 1764.8879186984004 OK 15 14 0.55730999999999997 0.60602699999999998 0.196191 0.35482799999999998 0.21487999999999999 0 0.202482 0.39114700000000002 0.196191 0.016306000000000001 0.016219999999999998 0.015445 0.16004800000000008 0.34633200000000014 0.15607099999999993 0.0046490000000000004 0.004509 0.0040960000000000007 0.0010640000000000001 0.001039 0.00095500000000000001 1764.8869541566485 1764.8869541566485 1764.8869541566485 1.4274937628786806 1.4274937628786806 1.4274937628786806 1 1 1 Converged Converged Converged OK OK OK 90 90 90 90 90 90 6 6 6 0 0 0 0 1 0 0 1
125 125 linear 4 15 1254 2 0.001 0.58278838443417358 0.0016392621724083619 4.6720061710899364e-05 -0.00024704891250002892 0.00091949900495755504 -0.00024420508265675676 0.5 0.0011979845411914836 1754.578640709967 OK 15 14 0.55525000000000002 0.61497100000000005 0.19796900000000001 0.35443999999999998 0.21302299999999999 0 0.20081000000000004 0.40194800000000008 0.19796900000000001 0.016475 0.016582 0.015841999999999998 0.15897300000000003 0.35942600000000008 0.15689899999999996 0.0042129999999999997 0.0043959999999999997 0.004254 0.0010310000000000002 0.0010430000000000001 0.001052 1754.5777695397228 1754.5777695397228 1754.5777695397228 1.4040264137535687 1.4040264137535687 1.4040264137535687 1 1 1 Converged Converged Converged OK OK OK 90 90 90 90 90 90 6 6 6 0 0 0 0 1 0 0 1
125 125 linear 4 23 1254 3 0.001 0.58278838443417358 0.0016392621724083619 4.6720061710899364e-05 -0.00024704891250002892 0.00091949900495755504 -0.00023770490015784904 0.5 0.0011914843586925759 1745.4176280661372 OK 15 14 0.56546200000000002 0.599441 0.19828899999999999 0.35931299999999999 0.22106100000000001 0 0.20614900000000003 0.37837999999999999 0.19828899999999999 0.016893999999999999 0.016579 0.015771 0.16261300000000004 0.33603 0.15780799999999992 0.0044980000000000003 0.0041229999999999999 0.0040940000000000004 0.0011640000000000001 0.001039 0.0010189999999999999 1745.4172784391876 1745.4172784391876 1745.4172784391876 1.5177825005125203 1.5177825005125203 1.5177825005125203 1 1 1 Converged Converged Converged OK OK OK 90 90 90 90 90 90 6 6 6 0 0 0 0 1 0 0 1
125 125 linear 4 0 1254 0 0.0001 0.58278838443417358 0.0016392621724083619 4.6720061710899364e-05 -0.00024704891250002892 0.00091949900495755504 -0.00025639292484220882 0.5 0.0012101723833769357 1774.9544388154441 OK 15 14 0.64699799999999996 0.63848199999999999 0.30126500000000001 0.33919500000000002 0.338808 0 0.30780299999999994 0.299674 0.30126500000000001 0.020493000000000001 0.017437000000000001 0.016788000000000001 0.23779999999999996 0.23278999999999994 0.2351370000000001 0.006690999999999999 0.0069019999999999993 0.0065360000000000001 0.001554 0.0015489999999999998 0.0014609999999999998 1774.9534712518575 1774.9534712518575 1774.9534712518575 0.031827643076128627 0.031827643076128627 0.031827643076128627 1 1 1 Converged Converged Converged OK OK OK 130 130 130 130 130 130 6 6 6 0 0 0 0 0 1 0 0
125 125 linear 4 7 1254 1 0.0001 0.58278838443417358 0.0016392621724083619 4.6720061710899364e-05 -0.00024704891250002892 0.00091949900495755504 -0.00025070526515566451 0.5 0.0012044847236903915 1764.8879186984004 OK 15 14 0.63584399999999996 0.76847799999999999 0.27602900000000002 0.34972399999999998 0.214813 0 0.28611999999999999 0.55366499999999996 0.27602900000000002 0.016382000000000001 0.016178999999999999 0.015519 0.23046700000000003 0.49931500000000001 0.22375 0.0074789999999999995 0.0065849999999999997 0.0064149999999999988 0.0015849999999999996 0.001526 0.0014419999999999999 1764.8869540336038 1764.8869540336038 1764.8869540336038 0.059330325550449391 0.059330325550449391 0.059330325550449391 1 1 1 Converged Converged Converged OK OK OK 130 130 130 130 130 130 6 6 6 0 0 0 0 1 0 0 1
125 125 linear 4 15 1254 2 0.0001 0.58278838443417358 0.0016392621724083619 4.6720061710899364e-05 -0.00024704891250002892 0.00091949900495755504 -0.00024420508265675676 0.5 0.0011979845411914836 1754.578640709967 OK 15 14 0.65302000000000004 0.81834499999999999 0.29004400000000002 0.35375699999999999 0.21057400000000001 0 0.29926300000000006 0.60777099999999995 0.29004400000000002 0.016676 0.016674000000000001 0.015816 0.24096699999999993 0.54963499999999987 0.23419099999999993 0.0074129999999999995 0.0069210000000000001 0.0068550000000000017 0.0015710000000000001 0.0014439999999999998 0.001472 1754.5776355317134 1754.5776355317134 1754.5776355317134 0.069923176099024889 0.069923176099024889 0.069923176099024889 1 1 1 Converged Converged Converged OK OK OK 138 138 138 138 138 138 6 6 6 0 0 0 0 1 0 0 1
125 125 linear 4 23 1254 3 0.0001 0.58278838443417358 0.0016392621724083619 4.6720061710899364e-05 -0.00024704891250002892 0.00091949900495755504 -0.00023770490015784904 0.5 0.0011914843586925759 1745.4176280661372 OK 15 14 0.65619899999999998 0.80431600000000003 0.29580200000000001 0.35203400000000001 0.22078100000000001 0 0.30416499999999996 0.58353500000000003 0.29580200000000001 0.016607 0.016712999999999999 0.015837 0.24858399999999997 0.52694499999999977 0.24187899999999996 0.0069349999999999993 0.0071720000000000013 0.0067120000000000001 0.0016169999999999999 0.0014729999999999999 0.0015080000000000002 1745.4166521242287 1745.4166521242287 1745.4166521242287 0.032519602421389293 0.032519602421389293 0.032519602421389293 1 1 1 Converged Converged Converged OK OK OK 138 138 138 138 138 138 6 6 6 0 0 0 0 1 0 0 1
125 125 uniform 0 0 1255 0 0.001 0.58278838443417358 0.0016392621724083619 4.6720061710899364e-05 0.00051478704392377342 -0.0013774026373486942 0.00050544303158159352 0 0.00044833642695313335 4728.0373885887566 OK 13 12 0.44333299999999998 0.43809500000000001 0.11360000000000001 0.32883299999999999 0.32358799999999999 0 0.11449999999999999 0.11450700000000003 0.11360000000000001 0.010884 0.010861000000000001 0.010364999999999999 0.08185199999999998 0.081888000000000044 0.081767999999999993 0.0027939999999999996 0.0027770000000000004 0.0027899999999999995 0.00077899999999999996 0.000843 0.00078300000000000006 4728.0376983270671 4728.0376983270671 4728.0376983270671 0.27829631162204244 0.27829631162204244 0.27829631162204244 1 1 1 Converged Converged Converged OK OK OK 74 74 74 74 74 74 6 6 6 0 0 0 0 0 1 0 0
125 125 uniform 0 7 1255 1 0.001 0.58278838443417358 0.0016392621724083619 4.6720061710899364e-05 0.00051478704392377342 -0.0013774026373486942 0.00051113069126813783 0 0.00044264876726658904 4437.0045860966602 OK 13 12 0.43223299999999998 0.46684399999999998 0.111662 0.31944899999999998 0.186611 0 0.112784 0.28023299999999995 0.111662 0.0099399999999999992 0.0099249999999999998 0.0094540000000000006 0.086234000000000005 0.25317700000000004 0.08596899999999999 0.0027219999999999996 0.0030429999999999997 0.0026980000000000003 0.00072900000000000005 0.00077600000000000011 0.00072900000000000005 4437.0047400004141 4437.0047400004141 4437.0047400004141 0.27804836819585071 0.27804836819585071 0.27804836819585071 1 1 1 Converged Converged Converged OK OK OK 74 74 74 74 74 74 6 6 6 0 0 0 0 1 0 0 1
125 125 uniform 0 15 1255 2 0.001 0.58278838443417358 0.0016392621724083619 4.6720061710899364e-05 0.00051478704392377342 -0.0013774026373486942 0.00051763087376704552 0 0.00043614858476768135 4033.5926521753536 OK 13 12 0.43201800000000001 0.47253400000000001 0.108358 0.31894600000000001 0.194937 0 0.11307200000000001 0.27759699999999998 0.108358 0.0095139999999999999 0.0096729999999999993 0.0090220000000000005 0.086759000000000017 0.250892 0.083360000000000017 0.002751 0.0029049999999999996 0.0026839999999999998 0.00079199999999999995 0.0008389999999999999 0.00076899999999999994 4033.5925814845737 4033.5925814845737 4033.5925814845737 0.26216943717841523 0.26216943717841523 0.26216943717841523 1 1 1 Converged Converged Converged OK OK OK 74 74 74 74 74 74 6 6 6 0 0 0 0 1 0 0 1
125 125 uniform 0 23 1255 3 0.001 0.58278838443417358 0.0016392621724083619 4.6720061710899364e-05 0.00051478704392377342 -0.0013774026373486942 0.00052413105626595332 0 0.00042964840226877355 3495.227434988316 OK 13 12 0.44414599999999999 0.46763300000000002 0.10964400000000001 0.33266699999999999 0.19217799999999999 0 0.11147899999999999 0.27545500000000001 0.10964400000000001 0.0095930000000000008 0.0097280000000000005 0.0090519999999999993 0.085250999999999966 0.24846900000000002 0.084446999999999994 0.0028389999999999999 0.0028959999999999993 0.0027870000000000004 0.00085000000000000006 0.00083499999999999991 0.00083500000000000002 3495.2336273743599 3495.2336273743599 3495.2336273743599 1.8751584511970874 1.8751584511970874 1.8751584511970874 1 1 1 Converged Converged Converged OK OK OK 74 74 74 74 74 74 6 6 6 0 0 0 0 1 0 0 1
125 125 uniform 0 0 1255 0 0.0001 0.58278838443417358 0.0016392621724083619 4.6720061710899364e-05 0.00051478704392377342 -0.0013774026373486942 0.00050544303158159352 0 0.00044833642695313335 4728.0373885887566 OK 13 12 0.44990400000000003 0.43908399999999997 0.113575 0.33140799999999998 0.32478499999999999 0 0.11849600000000005 0.11429899999999998 0.113575 0.010776000000000001 0.010801 0.010467000000000001 0.086005000000000012 0.081911999999999999 0.081786000000000011 0.002735 0.0027780000000000001 0.0027750000000000001 0.00076800000000000002 0.00075500000000000014 0.00079999999999999993 4728.0376983270671 4728.0376983270671 4728.0376983270671 0.27829631162204244 0.27829631162204244 0.27829631162204244 1 1 1 Converged Converged Converged OK OK OK 74 74 74 74 74 74 6 6 6 0 0 0 0 0 1 0 0
125 125 uniform 0 7 1255 1 0.0001 0.58278838443417358 0.0016392621724083619 4.6720061710899364e-05 0.00051478704392377342 -0.0013774026373486942 0.00051113069126813783 0 0.00044264876726658904 4437.0045860966602 OK 13 12 0.43414900000000001 0.46491100000000002 0.114508 0.32158700000000001 0.18223700000000001 0 0.112562 0.28267399999999998 0.114508 0.0098740000000000008 0.0098630000000000002 0.0093710000000000009 0.085970000000000019 0.25609900000000002 0.088867000000000015 0.0027439999999999995 0.0027749999999999997 0.0027069999999999998 0.000754 0.00075100000000000004 0.000754 4437.0047400004141 4437.0047400004141 4437.0047400004141 0.27804836819585071 0.27804836819585071 0.27804836819585071 1 1 1 Converged Converged Converged OK OK OK 74 74 74 74 74 74 6 6 6 0 0 0 0 1 0 0 1
125 125 uniform 0 15 1255 2 0.0001 0.58278838443417358 0.0016392621724083619 4.6720061710899364e-05 0.00051478704392377342 -0.0013774026373486942 0.00051763087376704552 0 0.00043614858476768135 4033.5926521753536 OK 13 12 0.431363 0.47620099999999999 0.111933 0.32157400000000003 0.19662299999999999 0 0.10978899999999997 0.27957799999999999 0.111933 0.0095440000000000004 0.0095600000000000008 0.01026 0.083613000000000048 0.25289900000000004 0.085226999999999997 0.0026559999999999999 0.0029050000000000005 0.0027189999999999996 0.00078899999999999999 0.00088500000000000004 0.00079699999999999997 4033.5925814845737 4033.5925814845737 4033.5925814845737 0.26216943717841523 0.26216943717841523 0.26216943717841523 1 1 1 Converged Converged Converged OK OK OK 74 74 74 74 74 74 6 6 6 0 0 0 0 1 0 0 1
125 125 uniform 0 23 1255 3 0.0001 0.58278838443417358 0.0016392621724083619 4.6720061710899364e-05 0.00051478704392377342 -0.0013774026373486942 0.00052413105626595332 0 0.00042964840226877355 3495.227434988316 OK 13 12 0.46462500000000001 0.56512899999999999 0.136852 0.32789299999999999 0.19015699999999999 0 0.13673200000000002 0.37497199999999997 0.136852 0.0095549999999999993 0.012675000000000001 0.010508 0.102948 0.33753599999999995 0.101794 0.0040999999999999995 0.0042319999999999997 0.0043 0.001119 0.001121 0.0011709999999999999 3495.2275243707036 3495.2275243707036 3495.2275243707036 0.1361845084175157 0.1361845084175157 0.1361845084175157 1 1 1 Converged Converged Converged OK OK OK 98 98 98 98 98 98 6 6 6 0 0 0 0 1 0 0 1
125 125 uniform 1 0 1256 0 0.001 0.58278838443417358 0.0016392621724083619 4.6720061710899364e-05 1.1325028592696735 -0.11273218431612939 1.1324935152573314 0 -1.1315397357987966 6.4653275425881782 OK 14 13 0.62987800000000005 0.632525 0.13112099999999999 0.49405900000000003 0.50017699999999998 0 0.13581900000000002 0.13234800000000002 0.13112099999999999 0.011582 0.011828 0.011297 0.099311000000000038 0.09563300000000001 0.095102000000000048 0.003212 0.0033400000000000005 0.0031610000000000006 0.00085000000000000006 0.00087399999999999999 0.00086900000000000009 6.4653244422071543 6.4653244422071543 6.4653244422071543 0.00062937056677131356 0.00062937056677131356 0.00062937056677131356 1 1 1 Converged Converged Converged OK OK OK 75 75 75 75 75 75 5 5 5 0 0 0 0 0 1 0 0
125 125 uniform 1 7 1256 1 0.001 0.58278838443417358 0.0016392621724083619 4.6720061710899364e-05 1.1325028592696735 -0.11273218431612939 1.132499202917018 0 -1.1315454234584832 6.5266716966903306 OK 14 13 0.48106300000000002 0.532524 0.123974 0.35533199999999998 0.215006 0 0.12573100000000004 0.31751799999999997 0.123974 0.010945 0.010810999999999999 0.010293999999999999 0.095096 0.28653699999999993 0.094448999999999964 0.0031519999999999994 0.0033430000000000001 0.0031199999999999995 0.000825 0.0008699999999999999 0.00082700000000000004 6.526668805449197 6.526668805449197 6.526668805449197 0.00063073372071738038 0.00063073372071738038 0.00063073372071738038 1 1 1 Converged Converged Converged OK OK OK 75 75 75 75 75 75 5 5 5 0 0 0 0 1 0 0 1
125 125 uniform 1 15 1256 2 0.001 0.58278838443417358 0.0016392621724083619 4.6720061710899364e-05 1.1325028592696735 -0.11273218431612939 1.1325057030995167 0 -1.1315519236409819 6.5969854869319908 OK 14 13 0.62210200000000004 0.672068 0.13417100000000001 0.48252800000000001 0.34107100000000001 0 0.13957400000000003 0.33099699999999999 0.13417100000000001 0.010949 0.010943 0.010290000000000001 0.10522600000000003 0.29989000000000005 0.10480799999999997 0.0032899999999999995 0.0034149999999999996 0.0031709999999999998 0.000852 0.000861 0.00081999999999999998 6.5969829506844775 6.5969829506844775 6.5969829506844775 0.00063231648229450908 0.00063231648229450908 0.00063231648229450908 1 1 1 Converged Converged Converged OK OK OK 75 75 75 75 75 75 5 5 5 0 0 0 0 1 0 0 1
125 125 uniform 1 23 1256 3 0.001 0.58278838443417358 0.0016392621724083619 4.6720061710899364e-05 1.1325028592696735 -0.11273218431612939 1.1325122032820156 0 -1.1315584238234808 6.6675159934819117 OK 14 13 0.67094200000000004 0.72687800000000002 0.131909 0.53737699999999999 0.403063 0 0.13356500000000004 0.32381500000000002 0.131909 0.010825 0.010952 0.010116 0.10303400000000001 0.29283200000000004 0.10271000000000004 0.0033150000000000002 0.0033790000000000001 0.0031680000000000002 0.00087500000000000002 0.00086200000000000003 0.00082000000000000009 6.6675136026746644 6.6675136026746644 6.6675136026746644 0.0006339261889265434 0.0006339261889265434 0.0006339261889265434 1 1 1 Converged Converged Converged OK OK OK 75 75 75 75 75 75 5 5 5 0 0 0 0 1 0 0 1
125 125 uniform 1 0 1256 0 0.0001 0.58278838443417358 0.0016392621724083619 4.6720061710899364e-05 1.1325028592696735 -0.11273218431612939 1.1324935152573314 0 -1.1315397357987966 6.4653275425881782 OK 14 13 0.62862300000000004 0.62923399999999996 0.13100899999999999 0.492925 0.49793900000000002 0 0.13569800000000004 0.13129499999999994 0.13100899999999999 0.011642 0.011483 0.011294999999999999 0.099427999999999989 0.095516999999999963 0.095647999999999969 0.0032320000000000001 0.0031850000000000003 0.0031800000000000001 0.00086200000000000003 0.0009140000000000001 0.00084400000000000013 6.4653244422071543 6.4653244422071543 6.4653244422071543 0.00062937056677131356 0.00062937056677131356 0.00062937056677131356 1 1 1 Converged Converged Converged OK OK OK 75 75 75 75 75 75 5 5 5 0 0 0 0 0 1 0 0
125 125 uniform 1 7 1256 1 0.0001 0.58278838443417358 0.0016392621724083619 4.6720061710899364e-05 1.1325028592696735 -0.11273218431612939 1.132499202917018 0 -1.1315454234584832 6.5266716966903306 OK 14 13 0.48017799999999999 0.533802 0.123863 0.35501700000000003 0.21242800000000001 0 0.12516099999999997 0.32137399999999999 0.123863 0.01091 0.01085 0.010279 0.094769000000000034 0.29035199999999994 0.094574000000000019 0.0031519999999999999 0.0033450000000000003 0.0030989999999999993 0.00084099999999999995 0.00086200000000000003 0.00084899999999999993 6.526668805449197 6.526668805449197 6.526668805449197 0.00063073372071738038 0.00063073372071738038 0.00063073372071738038 1 1 1 Converged Converged Converged OK OK OK 75 75 75 75 75 75 5 5 5 0 0 0 0 1 0 0 1
125 125 uniform 1 15 1256 2 0.0001 0.58278838443417358 0.0016392621724083619 4.6720061710899364e-05 1.1325028592696735 -0.11273218431612939 1.1325057030995167 0 -1.1315519236409819 6.5969854869319908 OK 14 13 0.62011000000000005 0.66830100000000003 0.13385 0.48400700000000002 0.33743000000000001 0 0.13610300000000003 0.33087100000000003 0.13385 0.010916 0.011021 0.010187 0.10559800000000001 0.29963600000000001 0.104518 0.0031999999999999997 0.0033769999999999998 0.003144000000000001 0.00082700000000000004 0.00086299999999999983 0.00081499999999999997 6.5969829506844775 6.5969829506844775 6.5969829506844775 0.00063231648229450908 0.00063231648229450908 0.00063231648229450908 1 1 1 Converged Converged Converged OK OK OK 75 75 75 75 75 75 5 5 5 0 0 0 0 1 0 0 1
125 125 uniform 1 23 1256 3 0.0001 0.58278838443417358 0.0016392621724083619 4.6720061710899364e-05 1.1325028592696735 -0.11273218431612939 1.1325122032820156 0 -1.1315584238234808 6.6675159934819117 OK 14 13 0.66905400000000004 0.72673500000000002 0.13167999999999999 0.53554000000000002 0.40357500000000002 0 0.13351400000000002 0.32316 0.13167999999999999 0.010907 0.010893999999999999 0.010155000000000001 0.10334600000000004 0.29254499999999989 0.10251700000000001 0.003248 0.0032809999999999996 0.0032000000000000002 0.00082300000000000006 0.00086600000000000002 0.00083000000000000001 6.6675136026746644 6.6675136026746644 6.6675136026746644 0.0006339261889265434 0.0006339261889265434 0.0006339261889265434 1 1 1 Converged Converged Converged OK OK OK 75 75 75 75 75 75 5 5 5 0 0 0 0 1 0 0 1
125 125 uniform 2 0 1257 0 0.001 0.58278838443417358 0.0016392621724083619 4.6720061710899364e-05 1.1344223500241366 0.11263803779387811 1.1344130060117945 0 -1.1334592265532597 16.114051332810185 OK 14 13 0.52203900000000003 0.51946700000000001 0.156136 0.36458000000000002 0.362618 0 0.15745900000000002 0.15684900000000002 0.156136 0.011856999999999999 0.011705999999999999 0.011554 0.11619300000000002 0.11570699999999998 0.11538800000000003 0.0041140000000000005 0.0042230000000000002 0.0041310000000000001 0.00097299999999999991 0.00099899999999999989 0.00099700000000000006 16.114073852846879 16.114073852846879 16.114073852846879 0.0085958799390574245 0.0085958799390574245 0.0085958799390574245 1 1 1 Converged Converged Converged OK OK OK 91 91 91 91 91 91 5 5 5 0 0 0 0 0 1 0 0
125 125 uniform 2 7 1257 1 0.001 0.58278838443417358 0.0016392621724083619 4.6720061710899364e-05 1.1344223500241366 0.11263803779387811 1.1344186936714811 0 -1.1334649142129463 15.957702880125982 OK 14 13 0.50018200000000002 0.63424000000000003 0.14179800000000001 0.35697699999999999 0.22357099999999999 0 0.14320500000000003 0.41066900000000006 0.14179800000000001 0.010826000000000001 0.010735 0.010246 0.10933600000000002 0.37631300000000012 0.10881200000000002 0.0040130000000000001 0.0042199999999999998 0.0040809999999999996 0.00096900000000000003 0.00098299999999999993 0.00096199999999999986 15.957738695775623 15.957738695775623 15.957738695775623 0.01136723442119514 0.01136723442119514 0.01136723442119514 1 1 1 Converged Converged Converged OK OK OK 91 91 91 91 91 91 5 5 5 0 0 0 0 1 0 0 1
125 125 uniform 2 15 1257 2 0.001 0.58278838443417358 0.0016392621724083619 4.6720061710899364e-05 1.1344223500241366 0.11263803779387811 1.1344251938539798 0 -1.133471414395445 15.739747672071509 OK 14 13 0.52452799999999999 0.65708100000000003 0.164352 0.362454 0.222104 0 0.162074 0.43497700000000006 0.164352 0.010768 0.010983 0.010240000000000001 0.12664000000000003 0.39819100000000007 0.12938999999999998 0.0043170000000000005 0.0047140000000000003 0.0043550000000000004 0.00097499999999999996 0.001013 0.00097800000000000014 15.739736183986723 15.739736183986723 15.739736183986723 0.014421411661561552 0.014421411661561552 0.014421411661561552 1 1 1 Converged Converged Converged OK OK OK 99 99 99 99 99 99 5 5 5 0 0 0 0 1 0 0 1
125 125 uniform 2 23 1257 3 0.001 0.58278838443417358 0.0016392621724083619 4.6720061710899364e-05 1.1344223500241366 0.11263803779387811 1.1344316940364787 0 -1.1334779145779439 15.448580601858396 OK 14 13 0.52100000000000002 0.65723500000000001 0.158641 0.359927 0.21413599999999999 0 0.16107300000000002 0.44309900000000002 0.158641 0.010937000000000001 0.01099 0.010279 0.12579700000000002 0.40776199999999996 0.12528900000000001 0.0047359999999999998 0.004561 0.0043669999999999994 0.001005 0.00096299999999999999 0.00094200000000000002 15.448568483567815 15.448568483567815 15.448568483567815 0.014591896428428123 0.014591896428428123 0.014591896428428123 1 1 1 Converged Converged Converged OK OK OK 99 99 99 99 99 99 5 5 5 0 0 0 0 1 0 0 1
125 125 uniform 2 0 1257 0 0.0001 0.58278838443417358 0.0016392621724083619 4.6720061710899364e-05 1.1344223500241366 0.11263803779387811 1.1344130060117945 0 -1.1334592265532597 16.114051332810185 OK 14 13 0.542605 0.54222499999999996 0.17654500000000001 0.36496600000000001 0.364981 0 0.17763899999999999 0.17724399999999996 0.17654500000000001 0.011707 0.011676000000000001 0.011266 0.13214799999999999 0.13167899999999996 0.13124699999999995 0.0048210000000000006 0.0049669999999999992 0.0047539999999999995 0.0011029999999999998 0.001116 0.0010939999999999999 16.114057045365772 16.114057045365772 16.114057045365772 0.00089033781867202757 0.00089033781867202757 0.00089033781867202757 1 1 1 Converged Converged Converged OK OK OK 107 107 107 107 107 107 5 5 5 0 0 0 0 0 1 0 0
125 125 uniform 2 7 1257 1 0.0001 0.58278838443417358 0.0016392621724083619 4.6720061710899364e-05 1.1344223500241366 0.11263803779387811 1.1344186936714811 0 -1.1334649142129463 15.957702880125982 OK 14 13 0.52121099999999998 0.70161399999999996 0.16173299999999999 0.35782599999999998 0.226797 0 0.163385 0.47481699999999993 0.16173299999999999 0.010871 0.010944000000000001 0.010200000000000001 0.12623899999999999 0.43723400000000007 0.12579200000000007 0.0049289999999999994 0.005169 0.0047430000000000007 0.001109 0.0010790000000000001 0.0010680000000000002 15.9577082754118 15.9577082754118 15.9577082754118 0.00093737747473006112 0.00093737747473006112 0.00093737747473006112 1 1 1 Converged Converged Converged OK OK OK 107 107 107 107 107 107 5 5 5 0 0 0 0 1 0 0 1
125 125 uniform 2 15 1257 2 0.0001 0.58278838443417358 0.0016392621724083619 4.6720061710899364e-05 1.1344223500241366 0.11263803779387811 1.1344251938539798 0 -1.133471414395445 15.739747672071509 OK 14 13 0.53720999999999997 0.69566300000000003 0.172014 0.36639300000000002 0.22145500000000001 0 0.17081699999999994 0.47420800000000002 0.172014 0.010829 0.011004 0.01021 0.13376499999999997 0.43616899999999997 0.13619099999999998 0.0047880000000000006 0.004895 0.0046690000000000004 0.0011120000000000001 0.001103 0.001101 15.739753014081804 15.739753014081804 15.739753014081804 0.0010188839972210552 0.0010188839972210552 0.0010188839972210552 1 1 1 Converged Converged Converged OK OK OK 107 107 107 107 107 107 5 5 5 0 0 0 0 1 0 0 1
125 125 uniform 2 23 1257 3 0.0001 0.58278838443417358 0.0016392621724083619 4.6720061710899364e-05 1.1344223500241366 0.11263803779387811 1.1344316940364787 0 -1.1334779145779439 15.448580601858396 OK 14 13 0.53254500000000005 0.69695799999999997 0.16759399999999999 0.363375 0.21546499999999999 0 0.16917000000000004 0.48149299999999995 0.16759399999999999 0.010951000000000001 0.010947999999999999 0.010258 0.132354 0.44375600000000015 0.13205499999999995 0.00479 0.0050199999999999993 0.0046740000000000002 0.001067 0.001078 0.001049 15.448585302116806 15.448585302116806 15.448585302116806 0.0011985637346509253 0.0011985637346509253 0.0011985637346509253 1 1 1 Converged Converged Converged OK OK OK 107 107 107 107 107 107 5 5 5 0 0 0 0 1 0 0 1
125 125 uniform 3 0 1258 0 0.001 0.58278838443417358 0.0016392621724083619 4.6720061710899364e-05 0.00039822298318900091 0.0002194593857849227 0.00038887897084682107 0 0.00056490048768790581 866.30816553769455 OK 13 12 0.53560399999999997 0.53539499999999995 0.103631 0.43018200000000001 0.43094900000000003 0 0.10542199999999996 0.10444599999999993 0.103631 0.010232 0.010004000000000001 0.0098379999999999995 0.081749000000000002 0.081561999999999996 0.081185999999999994 0.0018400000000000001 0.0018569999999999997 0.0017409999999999999 0.00044699999999999997 0.00047500000000000005 0.00043899999999999999 866.30813953078643 866.30813953078643 866.30813953078643 0.32565139613935079 0.32565139613935079 0.32565139613935079 1 1 1 Converged Converged Converged OK OK OK 37 37 37 37 37 37 3 3 3 0 0 0 0 0 1 0 0
125 125 uniform 3 7 1258 1 0.001 0.58278838443417358 0.0016392621724083619 4.6720061710899364e-05 0.00039822298318900091 0.0002194593857849227 0.00039456663053336532 0 0.00055921282800136161 873.736510398311 OK 13 12 0.44040400000000002 0.33553100000000002 0.087058999999999997 0.34900700000000001 0.21255599999999999 0 0.091397000000000006 0.12297500000000003 0.087058999999999997 0.0094599999999999997 0.0094120000000000002 0.0089079999999999993 0.067577999999999999 0.101872 0.067114999999999994 0.0018060000000000001 0.0018160000000000001 0.0017690000000000002 0.00043600000000000003 0.000464 0.00042999999999999999 873.73647988275673 873.73647988275673 873.73647988275673 0.32756540909605408 0.32756540909605408 0.32756540909605408 1 1 1 Converged Converged Converged OK OK OK 37 37 37 37 37 37 3 3 3 0 0 0 0 1 0 0 1
125 125 uniform 3 15 1258 2 0.001 0.58278838443417358 0.0016392621724083619 4.6720061710899364e-05 0.00039822298318900091 0.0002194593857849227 0.00040106681303227307 0 0.00055271264550245381 882.33635684291391 OK 13 12 0.60914100000000004 0.50270700000000001 0.086410000000000001 0.51816700000000004 0.37739099999999998 0 0.090973999999999999 0.12531600000000004 0.086410000000000001 0.010671999999999999 0.0094479999999999998 0.0088660000000000006 0.068435999999999997 0.10456499999999999 0.066471000000000016 0.001848 0.001804 0.001804 0.00044500000000000003 0.00044500000000000003 0.00042499999999999998 882.33632106345556 882.33632106345556 882.33632106345556 0.32973900232087655 0.32973900232087655 0.32973900232087655 1 1 1 Converged Converged Converged OK OK OK 37 37 37 37 37 37 3 3 3 0 0 0 0 1 0 0 1
125 125 uniform 3 23 1258 3 0.001 0.58278838443417358 0.0016392621724083619 4.6720061710899364e-05 0.00039822298318900091 0.0002194593857849227 0.00040756699553118076 0 0.00054621246300354611 891.05206631720614 OK 13 12 0.437027 0.312332 0.096824999999999994 0.338389 0.19720199999999999 0 0.098638000000000003 0.11513000000000001 0.096824999999999994 0.0093539999999999995 0.0093729999999999994 0.0088409999999999999 0.077817999999999998 0.094352999999999965 0.076932999999999988 0.0018110000000000001 0.001756 0.001756 0.00044500000000000003 0.00043899999999999999 0.000426 891.05203455382139 891.05203455382139 891.05203455382139 0.33189287839120662 0.33189287839120662 0.33189287839120662 1 1 1 Converged Converged Converged OK OK OK 37 37 37 37 37 37 3 3 3 0 0 0 0 1 0 0 1
125 125 uniform 3 0 1258 0 0.0001 0.58278838443417358 0.0016392621724083619 4.6720061710899364e-05 0.00039822298318900091 0.0002194593857849227 0.00038887897084682107 0 0.00056490048768790581 866.30816553769455 OK 13 12 0.567608 0.56653200000000004 0.13828699999999999 0.42852899999999999 0.42817300000000003 0 0.13907900000000001 0.13835900000000001 0.13828699999999999 0.010246 0.010059 0.010055 0.11030100000000001 0.110291 0.109921 0.0026750000000000003 0.0025850000000000001 0.0026179999999999997 0.00059800000000000001 0.00055599999999999996 0.00056399999999999994 866.30813948175137 866.30813948175137 866.30813948175137 0.06960961794795717 0.06960961794795717 0.06960961794795717 1 1 1 Converged Converged Converged OK OK OK 53 53 53 53 53 53 3 3 3 0 0 0 0 0 1 0 0
125 125 uniform 3 7 1258 1 0.0001 0.58278838443417358 0.0016392621724083619 4.6720061710899364e-05 0.00039822298318900091 0.0002194593857849227 0.00039456663053336532 0 0.00055921282800136161 873.736510398311 OK 13 12 0.47397400000000001 0.39091399999999998 0.11859 0.350217 0.21310200000000001 0 0.12375700000000001 0.17781199999999997 0.11859 0.0093299999999999998 0.0094579999999999994 0.0089379999999999998 0.09781200000000001 0.15219700000000005 0.093847 0.0027099999999999997 0.002653 0.0025799999999999998 0.00056400000000000005 0.00056799999999999993 0.00054200000000000006 873.73647983201738 873.73647983201738 873.73647983201738 0.069518323232143103 0.069518323232143103 0.069518323232143103 1 1 1 Converged Converged Converged OK OK OK 53 53 53 53 53 53 3 3 3 0 0 0 0 1 0 0 1
125 125 uniform 3 15 1258 2 0.0001 0.58278838443417358 0.0016392621724083619 4.6720061710899364e-05 0.00039822298318900091 0.0002194593857849227 0.00040106681303227307 0 0.00055271264550245381 882.33635684291391 OK 13 12 0.64004000000000005 0.56116699999999997 0.121474 0.51725100000000002 0.38060100000000002 0 0.12278900000000004 0.18056599999999995 0.121474 0.0093050000000000008 0.0094999999999999998 0.0088870000000000008 0.097257999999999983 0.15473699999999999 0.096871999999999972 0.0026700000000000001 0.0026780000000000003 0.0025769999999999999 0.00055400000000000002 0.00056499999999999996 0.00053600000000000002 882.33632101065393 882.33632101065393 882.33632101065393 0.069414313615552406 0.069414313615552406 0.069414313615552406 1 1 1 Converged Converged Converged OK OK OK 53 53 53 53 53 53 3 3 3 0 0 0 0 1 0 0 1
125 125 uniform 3 23 1258 3 0.0001 0.58278838443417358 0.0016392621724083619 4.6720061710899364e-05 0.00039822298318900091 0.0002194593857849227 0.00040756699553118076 0 0.00054621246300354611 891.05206631720614 OK 13 12 0.46749099999999999 0.36490600000000001 0.13003400000000001 0.33631299999999997 0.19325600000000001 0 0.13117800000000002 0.17165 0.13003400000000001 0.0092969999999999997 0.0093620000000000005 0.0088109999999999994 0.10564699999999998 0.14615999999999996 0.105545 0.0026280000000000001 0.002686 0.0025850000000000001 0.00055699999999999999 0.000562 0.00054100000000000003 891.05203450066779 891.05203450066779 891.05203450066779 0.069310650836660159 0.069310650836660159 0.069310650836660159 1 1 1 Converged Converged Converged OK OK OK 53 53 53 53 53 53 3 3 3 0 0 0 0 1 0 0 1
125 125 uniform 4 0 1259 0 0.001 0.58278838443417358 0.0016392621724083619 4.6720061710899364e-05 -0.00024704891250002892 0.00091949900495755504 -0.00025639292484220882 0 0.0012101723833769357 1778.409983925048 OK 15 14 0.49108299999999999 0.483545 0.14202300000000001 0.33965699999999999 0.34037000000000001 0 0.15142600000000001 0.143175 0.14202300000000001 0.018860999999999999 0.016936 0.016480999999999999 0.10601100000000001 0.100887 0.10057699999999999 0.0033439999999999998 0.0032909999999999992 0.0030739999999999999 0.00084099999999999984 0.00091600000000000015 0.00079699999999999997 1778.4101019653949 1778.4101019653949 1778.4101019653949 0.82294532153982092 0.82294532153982092 0.82294532153982092 1 1 1 Converged Converged Converged OK OK OK 74 74 74 74 74 74 6 6 6 0 0 0 0 0 1 0 0
125 125 uniform 4 7 1259 1 0.001 0.58278838443417358 0.0016392621724083619 4.6720061710899364e-05 -0.00024704891250002892 0.00091949900495755504 -0.00025070526515566451 0 0.0012044847236903915 1768.0360059318086 OK 15 14 0.48366199999999998 0.49349500000000002 0.133163 0.34889300000000001 0.216723 0 0.13476899999999997 0.27677200000000002 0.133163 0.016305 0.016240000000000001 0.015455999999999999 0.098460000000000047 0.24045900000000003 0.098025999999999988 0.0031430000000000004 0.0032780000000000001 0.0031249999999999997 0.000785 0.00077899999999999996 0.00076100000000000007 1768.0361550769776 1768.0361550769776 1768.0361550769776 0.78421048716911979 0.78421048716911979 0.78421048716911979 1 1 1 Converged Converged Converged OK OK OK 74 74 74 74 74 74 6 6 6 0 0 0 0 1 0 0 1
125 125 uniform 4 15 1259 2 0.001 0.58278838443417358 0.0016392621724083619 4.6720061710899364e-05 -0.00024704891250002892 0.00091949900495755504 -0.00024420508265675676 0 0.0011979845411914836 1757.4237404535227 OK 15 14 0.48699700000000001 0.50626000000000004 0.13678100000000001 0.35247800000000001 0.21171000000000001 0 0.134519 0.29455000000000003 0.13678100000000001 0.016497000000000001 0.016598999999999999 0.015757 0.098233999999999932 0.25751299999999999 0.10156299999999999 0.0030969999999999999 0.0032859999999999999 0.0030410000000000003 0.00079700000000000007 0.00079600000000000016 0.00081500000000000008 1757.4240519266582 1757.4240519266582 1757.4240519266582 0.82733723686004679 0.82733723686004679 0.82733723686004679 1 1 1 Converged Converged Converged OK OK OK 74 74 74 74 74 74 6 6 6 0 0 0 0 1 0 0 1
125 125 uniform 4 23 1259 3 0.001 0.58278838443417358 0.0016392621724083619 4.6720061710899364e-05 -0.00024704891250002892 0.00091949900495755504 -0.00023770490015784904 0 0.0011914843586925759 1748.0020379983139 OK 15 14 0.49575200000000003 0.48958400000000002 0.13685900000000001 0.35703600000000002 0.21593499999999999 0 0.13871600000000001 0.27364900000000003 0.13685900000000001 0.016608000000000001 0.016583000000000001 0.015796000000000001 0.10220899999999995 0.23681099999999999 0.10175300000000002 0.0031810000000000002 0.0032850000000000002 0.0031319999999999998 0.000803 0.00080899999999999993 0.00077099999999999998 1748.0031696982287 1748.0031696982287 1748.0031696982287 1.0332039973176395 1.0332039973176395 1.0332039973176395 1 1 1 Converged Converged Converged OK OK OK 74 74 74 74 74 74 6 6 6 0 0 0 0 1 0 0 1
125 125 uniform 4 0 1259 0 0.0001 0.58278838443417358 0.0016392621724083619 4.6720061710899364e-05 -0.00024704891250002892 0.00091949900495755504 -0.00025639292484220882 0 0.0012101723833769357 1778.409983925048 OK 15 14 0.54726699999999995 0.54783499999999996 0.206873 0.34018700000000002 0.34121000000000001 0 0.20707999999999993 0.20662499999999995 0.206873 0.016996000000000001 0.017146999999999999 0.016888 0.14904800000000007 0.14849400000000001 0.14906700000000001 0.0052359999999999993 0.0052369999999999995 0.0053610000000000003 0.0012360000000000001 0.0012780000000000001 0.0013290000000000003 1778.4101016935592 1778.4101016935592 1778.4101016935592 0.1529943107843815 0.1529943107843815 0.1529943107843815 1 1 1 Converged Converged Converged OK OK OK 114 114 114 114 114 114 6 6 6 0 0 0 0 0 1 0 0
125 125 uniform 4 7 1259 1 0.0001 0.58278838443417358 0.0016392621724083619 4.6720061710899364e-05 -0.00024704891250002892 0.00091949900495755504 -0.00025070526515566451 0 0.0012044847236903915 1768.0360059318086 OK 15 14 0.56950100000000003 0.70525099999999996 0.213534 0.354578 0.21188199999999999 0 0.21492300000000003 0.49336899999999995 0.213534 0.016119999999999999 0.016109999999999999 0.015582 0.160556 0.43816600000000011 0.15988499999999997 0.0060359999999999997 0.0061660000000000005 0.0061279999999999989 0.0013580000000000003 0.001364 0.001389 1768.0361012521612 1768.0361012521612 1768.0361012521612 0.090239607354909337 0.090239607354909337 0.090239607354909337 1 1 1 Converged Converged Converged OK OK OK 130 130 130 130 130 130 6 6 6 0 0 0 0 1 0 0 1
125 125 uniform 4 15 1259 2 0.0001 0.58278838443417358 0.0016392621724083619 4.6720061710899364e-05 -0.00024704891250002892 0.00091949900495755504 -0.00024420508265675676 0 0.0011979845411914836 1757.4237404535227 OK 15 14 0.55850200000000005 0.69144600000000001 0.19791600000000001 0.35241400000000001 0.210065 0 0.20608800000000005 0.481381 0.19791600000000001 0.016573999999999998 0.016532999999999999 0.015812 0.15635600000000002 0.43022199999999972 0.14951800000000004 0.0056779999999999999 0.0060759999999999998 0.0054929999999999996 0.0012240000000000003 0.001263 0.00123 1757.423832804142 1757.423832804142 1757.423832804142 0.1318121502328273 0.1318121502328273 0.1318121502328273 1 1 1 Converged Converged Converged OK OK OK 122 122 122 122 122 122 6 6 6 0 0 0 0 1 0 0 1
125 125 uniform 4 23 1259 3 0.0001 0.58278838443417358 0.0016392621724083619 4.6720061710899364e-05 -0.00024704891250002892 0.00091949900495755504 -0.00023770490015784904 0 0.0011914843586925759 1748.0020379983139 OK 15 14 0.56370399999999998 0.67933699999999997 0.204067 0.35881099999999999 0.21668200000000001 0 0.20489299999999999 0.46265499999999993 0.204067 0.016469999999999999 0.016624 0.015748000000000002 0.15528500000000006 0.41237200000000018 0.15565400000000004 0.0056450000000000007 0.0058310000000000002 0.0056120000000000007 0.001276 0.0012829999999999999 0.001271 1748.0021298843662 1748.0021298843662 1748.0021298843662 0.10675345579565888 0.10675345579565888 0.10675345579565888 1 1 1 Converged Converged Converged OK OK OK 122 122 122 122 122 122 6 6 6 0 0 0 0 1 0 0 1
126 126 linear 0 0 1260 0 0.001 0.47536883500391069 0.0040923187144277767 0.40826548670470164 -0.062241229898209328 -0.12761097992951834 -0.14389432723914966 0.5 0.14583175942888391 4.9343527245572814 OK 14 13 0.53733500000000001 0.53793400000000002 0.23538899999999999 0.29282900000000001 0.29639399999999999 0 0.244506 0.24154000000000003 0.23538899999999999 0.011077999999999999 0.010907 0.010659 0.21027000000000001 0.20578800000000003 0.20142600000000008 0.0031190000000000002 0.0040260000000000001 0.0032760000000000003 0.00088499999999999994 0.0010609999999999999 0.00086200000000000003 4.9343416090910726 4.9343416090910726 4.9343416090910726 0.0036360890933368694 0.0036360890933368694 0.0036360890933368694 1 1 1 Converged Converged Converged OK OK OK 73 73 73 73 73 73 7 7 7 0 0 0 0 0 1 0 0
126 126 linear 0 7 1260 1 0.001 0.47536883500391069 0.0040923187144277767 0.40826548670470164 -0.062241229898209328 -0.12761097992951834 -0.094192441901185975 0.5 0.09612987409092022 5.0673345705033519 OK 13 12 0.54553700000000005 0.403777 0.23289399999999999 0.309311 0.17067199999999999 0 0.23622600000000005 0.23310500000000001 0.23289399999999999 0.0092379999999999997 0.0089990000000000001 0.0085369999999999994 0.20955300000000007 0.206762 0.20763399999999996 0.0029659999999999995 0.0031460000000000004 0.003055 0.00075600000000000005 0.00078400000000000008 0.00078699999999999994 5.0673101218709311 5.0673101218709311 5.0673101218709311 0.0047167331663329299 0.0047167331663329299 0.0047167331663329299 1 1 1 Converged Converged Converged OK OK OK 73 73 73 73 73 73 7 7 7 0 0 0 0 1 0 0 1
126 126 linear 0 15 1260 2 0.001 0.47536883500391069 0.0040923187144277767 0.40826548670470164 -0.062241229898209328 -0.12761097992951834 -0.037390287229227485 0.5 0.039327719418961737 5.1504295440095218 OK 13 12 0.59213800000000005 0.45424399999999998 0.27519199999999999 0.30083900000000002 0.16089300000000001 0 0.29129900000000003 0.29335099999999997 0.27519199999999999 0.0095350000000000001 0.0097630000000000008 0.0088719999999999997 0.25856699999999994 0.259461 0.24517599999999989 0.0044759999999999999 0.0050109999999999998 0.0040130000000000001 0.00099099999999999991 0.0010329999999999998 0.00084500000000000005 5.150459940533505 5.150459940533505 5.150459940533505 0.0014566648017497177 0.0014566648017497177 0.0014566648017497177 1 1 1 Converged Converged Converged OK OK OK 89 89 89 89 89 89 7 7 7 0 0 0 0 1 0 0 1
126 126 linear 0 23 1260 3 0.001 0.47536883500391069 0.0040923187144277767 0.40826548670470164 -0.062241229898209328 -0.12761097992951834 0.019411867442731011 0.5 -0.017474435252996762 5.1617058024512206 OK 13 12 0.55634700000000004 0.41070600000000002 0.27845799999999998 0.26672699999999999 0.12545300000000001 0 0.28962000000000004 0.28525299999999998 0.27845799999999998 0.0092370000000000004 0.0092589999999999999 0.008515 0.25882999999999995 0.25405800000000006 0.24980300000000008 0.0044060000000000002 0.0047619999999999997 0.0039199999999999999 0.00085700000000000001 0.00094600000000000001 0.00089200000000000011 5.161757394552299 5.161757394552299 5.161757394552299 0.0017755335276888934 0.0017755335276888934 0.0017755335276888934 1 1 1 Converged Converged Converged OK OK OK 89 89 89 89 89 89 7 7 7 0 0 0 0 1 0 0 1
126 126 linear 0 0 1260 0 0.0001 0.47536883500391069 0.0040923187144277767 0.40826548670470164 -0.062241229898209328 -0.12761097992951834 -0.14389432723914966 0.5 0.14583175942888391 4.9343527245572814 OK 14 13 0.62806899999999999 0.61585299999999998 0.32153500000000002 0.29793399999999998 0.293682 0 0.33013500000000001 0.32217099999999999 0.32153500000000002 0.011010000000000001 0.010972000000000001 0.010547000000000001 0.28336499999999998 0.27632200000000001 0.27531700000000009 0.0057289999999999997 0.0054839999999999993 0.0060109999999999999 0.0012669999999999999 0.0012700000000000001 0.001214 4.9343810567754947 4.9343810567754947 4.9343810567754947 0.00044967863434053091 0.00044967863434053091 0.00044967863434053091 1 1 1 Converged Converged Converged OK OK OK 105 105 105 105 105 105 7 7 7 0 0 0 0 0 1 0 0
126 126 linear 0 7 1260 1 0.0001 0.47536883500391069 0.0040923187144277767 0.40826548670470164 -0.062241229898209328 -0.12761097992951834 -0.094192441901185975 0.5 0.09612987409092022 5.0673345705033519 OK 13 12 0.65205599999999997 0.50092599999999998 0.32575199999999999 0.31055899999999997 0.170603 0 0.341497 0.33032299999999998 0.32575199999999999 0.0091909999999999995 0.0091789999999999997 0.0085780000000000006 0.30245399999999995 0.29110500000000006 0.28758800000000018 0.0058359999999999992 0.0058119999999999995 0.0060809999999999987 0.0012099999999999999 0.001219 0.001165 5.0673679897869297 5.0673679897869297 5.0673679897869297 0.00021535252395529948 0.00021535252395529948 0.00021535252395529948 1 1 1 Converged Converged Converged OK OK OK 113 113 113 113 113 113 7 7 7 0 0 0 0 1 0 0 1
126 126 linear 0 15 1260 2 0.0001 0.47536883500391069 0.0040923187144277767 0.40826548670470164 -0.062241229898209328 -0.12761097992951834 -0.037390287229227485 0.5 0.039327719418961737 5.1504295440095218 OK 13 12 0.64043899999999998 0.48138199999999998 0.324272 0.30291000000000001 0.15693799999999999 0 0.33752899999999997 0.32444399999999995 0.324272 0.0097070000000000004 0.0095519999999999997 0.0086859999999999993 0.29776699999999995 0.28815399999999985 0.28907899999999997 0.0063040000000000006 0.0050760000000000007 0.0050549999999999996 0.001454 0.0011180000000000001 0.0011330000000000001 5.1504367475360207 5.1504367475360207 5.1504367475360207 0.00032453664847282562 0.00032453664847282562 0.00032453664847282562 1 1 1 Converged Converged Converged OK OK OK 113 113 113 113 113 113 7 7 7 0 0 0 0 1 0 0 1
126 126 linear 0 23 1260 3 0.0001 0.47536883500391069 0.0040923187144277767 0.40826548670470164 -0.062241229898209328 -0.12761097992951834 0.019411867442731011 0.5 -0.017474435252996762 5.1617058024512206 OK 13 12 0.61276399999999998 0.46876400000000001 0.32908500000000002 0.26674599999999998 0.12690599999999999 0 0.34601799999999999 0.341858 0.32908500000000002 0.0092680000000000002 0.0093349999999999995 0.0086060000000000008 0.30780300000000005 0.30161999999999994 0.29391899999999987 0.0061590000000000004 0.0076370000000000006 0.0052070000000000007 0.0012730000000000003 0.0013959999999999999 0.001158 5.1617278408644882 5.1617278408644882 5.1617278408644882 0.00047301039215817242 0.00047301039215817242 0.00047301039215817242 1 1 1 Converged Converged Converged OK OK OK 113 113 113 113 113 113 7 7 7 0 0 0 0 1 0 0 1
126 126 linear 1 0 1261 0 0.001 0.47536883500391069 0.0040923187144277767 0.40826548670470164 1.6216599397676712 0.51849254856822147 1.5400068424267308 0.5 -1.5380694102369965 1.1202338519295247 OK 9 8 0.34041199999999999 0.332621 0.087566000000000005 0.25067899999999999 0.24515000000000001 0 0.089733000000000007 0.087470999999999993 0.087566000000000005 0.0063600000000000002 0.0063160000000000004 0.0063220000000000004 0.066957999999999976 0.065150000000000013 0.065067999999999987 0.0024689999999999998 0.0024350000000000001 0.002477 0.00055900000000000004 0.00055100000000000006 0.00055400000000000002 1.120233614265447 1.120233614265447 1.120233614265447 3.820383326641799e-05 3.820383326641799e-05 3.820383326641799e-05 1 1 1 Converged Converged Converged OK OK OK 53 53 53 53 53 53 3 3 3 0 0 0 0 0 1 0 0
126 126 linear 1 7 1261 1 0.001 0.47536883500391069 0.0040923187144277767 0.40826548670470164 1.6216599397676712 0.51849254856822147 1.5897087277646946 0.5 -1.5877712955749603 1.1115688615004848 OK 8 7 0.33093800000000001 0.203621 0.083840999999999999 0.24438099999999999 0.11157 0 0.086557000000000023 0.092050999999999994 0.083840999999999999 0.0057330000000000002 0.0056699999999999997 0.005457 0.066511000000000028 0.072031999999999971 0.06443500000000002 0.0025079999999999998 0.0026540000000000001 0.0026749999999999999 0.00054299999999999997 0.0005889999999999999 0.00056499999999999996 1.1115688396739769 1.1115688396739769 1.1115688396739769 2.8508027601754733e-05 2.8508027601754733e-05 2.8508027601754733e-05 1 1 1 Converged Converged Converged OK OK OK 53 53 53 53 53 53 3 3 3 0 0 0 0 1 0 0 1
126 126 linear 1 15 1261 2 0.001 0.47536883500391069 0.0040923187144277767 0.40826548670470164 1.6216599397676712 0.51849254856822147 1.646510882436653 0.5 -1.6445734502469187 1.1024224436776964 OK 8 7 0.329874 0.204545 0.086373000000000005 0.23977699999999999 0.109468 0 0.09009700000000001 0.095077000000000009 0.086373000000000005 0.0056480000000000002 0.0055999999999999999 0.0051479999999999998 0.069835000000000008 0.075129999999999975 0.067493999999999998 0.0026160000000000003 0.002555 0.002457 0.00060099999999999997 0.00056999999999999998 0.00053399999999999997 1.1024224102311522 1.1024224102311522 1.1024224102311522 2.5534765834084076e-05 2.5534765834084076e-05 2.5534765834084076e-05 1 1 1 Converged Converged Converged OK OK OK 53 53 53 53 53 53 3 3 3 0 0 0 0 1 0 0 1
126 126 linear 1 23 1261 3 0.001 0.47536883500391069 0.0040923187144277767 0.40826548670470164 1.6216599397676712 0.51849254856822147 1.7033130371086116 0.5 -1.7013756049188773 1.093992606786212 OK 9 8 0.34461900000000001 0.22328899999999999 0.102765 0.24222299999999999 0.115631 0 0.10239600000000001 0.10765799999999999 0.102765 0.0058219999999999999 0.0059069999999999999 0.0055259999999999997 0.080214999999999995 0.085277999999999993 0.081246000000000013 0.0026019999999999997 0.0027750000000000001 0.0027080000000000003 0.00069899999999999997 0.00069699999999999992 0.00068300000000000001 1.0939929312068317 1.0939929312068317 1.0939929312068317 1.2785059001799247e-05 1.2785059001799247e-05 1.2785059001799247e-05 1 1 1 Converged Converged Converged OK OK OK 60 60 60 60 60 60 4 4 4 0 0 0 0 1 0 0 1
126 126 linear 1 0 1261 0 0.0001 0.47536883500391069 0.0040923187144277767 0.40826548670470164 1.6216599397676712 0.51849254856822147 1.5400068424267308 0.5 -1.5380694102369965 1.1202338519295247 OK 9 8 0.33729999999999999 0.33285700000000001 0.088627999999999998 0.24581700000000001 0.24428900000000001 0 0.091482999999999981 0.088568000000000008 0.088627999999999998 0.0063870000000000003 0.0065069999999999998 0.0064190000000000002 0.067470000000000016 0.065581000000000042 0.06533499999999999 0.0032309999999999995 0.0026849999999999999 0.0030200000000000001 0.00059500000000000004 0.00058800000000000009 0.00058799999999999998 1.120233614265447 1.120233614265447 1.120233614265447 3.820383326641799e-05 3.820383326641799e-05 3.820383326641799e-05 1 1 1 Converged Converged Converged OK OK OK 53 53 53 53 53 53 3 3 3 0 0 0 0 0 1 0 0
126 126 linear 1 7 1261 1 0.0001 0.47536883500391069 0.0040923187144277767 0.40826548670470164 1.6216599397676712 0.51849254856822147 1.5897087277646946 0.5 -1.5877712955749603 1.1115688615004848 OK 8 7 0.33015 0.20855899999999999 0.084316000000000002 0.24246200000000001 0.11607000000000001 0 0.087687999999999988 0.092488999999999988 0.084316000000000002 0.0057080000000000004 0.0057359999999999998 0.005463 0.066850999999999994 0.072162999999999991 0.064545999999999992 0.003039 0.0026550000000000002 0.0028270000000000005 0.00059099999999999995 0.00058600000000000004 0.00057700000000000004 1.1115688396739769 1.1115688396739769 1.1115688396739769 2.8508027601754733e-05 2.8508027601754733e-05 2.8508027601754733e-05 1 1 1 Converged Converged Converged OK OK OK 53 53 53 53 53 53 3 3 3 0 0 0 0 1 0 0 1
126 126 linear 1 15 1261 2 0.0001 0.47536883500391069 0.0040923187144277767 0.40826548670470164 1.6216599397676712 0.51849254856822147 1.646510882436653 0.5 -1.6445734502469187 1.1024224436776964 OK 8 7 0.328874 0.20665 0.086885000000000004 0.23924200000000001 0.111219 0 0.089631999999999989 0.095431000000000002 0.086885000000000004 0.00564 0.0056940000000000003 0.0051999999999999998 0.06967799999999999 0.075471999999999997 0.067748000000000017 0.002516 0.0026389999999999999 0.0026280000000000001 0.00055599999999999996 0.00057499999999999999 0.00054000000000000001 1.1024224102311522 1.1024224102311522 1.1024224102311522 2.5534765834084076e-05 2.5534765834084076e-05 2.5534765834084076e-05 1 1 1 Converged Converged Converged OK OK OK 53 53 53 53 53 53 3 3 3 0 0 0 0 1 0 0 1
126 126 linear 1 23 1261 3 0.0001 0.47536883500391069 0.0040923187144277767 0.40826548670470164 1.6216599397676712 0.51849254856822147 1.7033130371086116 0.5 -1.7013756049188773 1.093992606786212 OK 9 8 0.34419300000000003 0.22667300000000001 0.098682000000000006 0.241457 0.116741 0 0.10273600000000002 0.10993200000000002 0.098682000000000006 0.0057970000000000001 0.005914 0.0053660000000000001 0.080066999999999999 0.086086999999999969 0.077511999999999984 0.002895 0.0037750000000000001 0.00266 0.00067900000000000002 0.000745 0.00068599999999999998 1.0939929312068317 1.0939929312068317 1.0939929312068317 1.2785059001799247e-05 1.2785059001799247e-05 1.2785059001799247e-05 1 1 1 Converged Converged Converged OK OK OK 60 60 60 60 60 60 4 4 4 0 0 0 0 1 0 0 1
126 126 linear 2 0 1262 0 0.001 0.47536883500391069 0.0040923187144277767 0.40826548670470164 -0.0020342915662410199 -0.4495544291230944 -0.083687388907181359 0.5 0.085624821096915604 2.6736913613877058 OK 13 12 0.38332699999999997 0.38371 0.097881999999999997 0.27877200000000002 0.28243600000000002 0 0.10455499999999995 0.10127399999999998 0.097881999999999997 0.013864 0.010416999999999999 0.0096190000000000008 0.071162000000000003 0.070205999999999991 0.068534000000000025 0.0028289999999999999 0.0032019999999999996 0.003009 0.00071000000000000002 0.000834 0.00078400000000000008 2.673687269703616 2.673687269703616 2.673687269703616 0.0015823293152128434 0.0015823293152128434 0.0015823293152128434 1 1 1 Converged Converged Converged OK OK OK 59 59 59 59 59 59 5 5 5 0 0 0 0 0 1 0 0
126 126 linear 2 7 1262 1 0.001 0.47536883500391069 0.0040923187144277767 0.40826548670470164 -0.0020342915662410199 -0.4495544291230944 -0.033985503569217666 0.5 0.035922935758951918 2.7240188495654127 OK 13 12 0.367732 0.23732300000000001 0.088383000000000003 0.27579700000000001 0.14602399999999999 0 0.091934999999999989 0.091299000000000019 0.088383000000000003 0.0086149999999999994 0.0090360000000000006 0.0082389999999999998 0.067208999999999991 0.065719999999999987 0.064560999999999993 0.002735 0.002918 0.0027499999999999998 0.00074100000000000001 0.00080699999999999999 0.00076599999999999997 2.7240140721015709 2.7240140721015709 2.7240140721015709 0.0015590931436664003 0.0015590931436664003 0.0015590931436664003 1 1 1 Converged Converged Converged OK OK OK 59 59 59 59 59 59 5 5 5 0 0 0 0 1 0 0 1
126 126 linear 2 15 1262 2 0.001 0.47536883500391069 0.0040923187144277767 0.40826548670470164 -0.0020342915662410199 -0.4495544291230944 0.022816651102740823 0.5 -0.020879218913006575 2.7307456994495269 OK 12 11 0.390011 0.25532300000000002 0.10631599999999999 0.27842800000000001 0.14099 0 0.11158299999999999 0.11433300000000002 0.10631599999999999 0.0090880000000000006 0.0091009999999999997 0.0081770000000000002 0.083001000000000005 0.081444000000000003 0.079466999999999996 0.0030419999999999996 0.0033499999999999997 0.0030509999999999999 0.00091999999999999992 0.00092999999999999995 0.00085599999999999988 2.7307434943155497 2.7307434943155497 2.7307434943155497 0.0017251361932957799 0.0017251361932957799 0.0017251361932957799 1 1 1 Converged Converged Converged OK OK OK 73 73 73 73 73 73 7 7 7 0 0 0 0 1 0 0 1
126 126 linear 2 23 1262 3 0.001 0.47536883500391069 0.0040923187144277767 0.40826548670470164 -0.0020342915662410199 -0.4495544291230944 0.079618805774699319 0.5 -0.077681373584965074 2.6822623453825156 OK 12 11 0.38910600000000001 0.242287 0.099418999999999993 0.280945 0.137512 0 0.10816100000000001 0.10477500000000001 0.099418999999999993 0.0090550000000000005 0.0088299999999999993 0.0080499999999999999 0.080259999999999998 0.078113000000000016 0.07520099999999999 0.0037990000000000003 0.0034989999999999999 0.0028350000000000003 0.0010190000000000002 0.00091999999999999992 0.00078700000000000005 2.6822771819487841 2.6822771819487841 2.6822771819487841 0.0017144746298814496 0.0017144746298814496 0.0017144746298814496 1 1 1 Converged Converged Converged OK OK OK 73 73 73 73 73 73 7 7 7 0 0 0 0 1 0 0 1
126 126 linear 2 0 1262 0 0.0001 0.47536883500391069 0.0040923187144277767 0.40826548670470164 -0.0020342915662410199 -0.4495544291230944 -0.083687388907181359 0.5 0.085624821096915604 2.6736913613877058 OK 13 12 0.42576399999999998 0.42074 0.13980699999999999 0.283188 0.27793600000000002 0 0.14257599999999998 0.14280399999999999 0.13980699999999999 0.0097669999999999996 0.0098930000000000008 0.0098779999999999996 0.10379799999999999 0.10249399999999997 0.10047500000000001 0.0043830000000000006 0.0052919999999999998 0.0046490000000000004 0.0011509999999999997 0.0010809999999999999 0.001134 2.6736870315430168 2.6736870315430168 2.6736870315430168 1.7887909727896211e-05 1.7887909727896211e-05 1.7887909727896211e-05 1 1 1 Converged Converged Converged OK OK OK 83 83 83 83 83 83 5 5 5 0 0 0 0 0 1 0 0
126 126 linear 2 7 1262 1 0.0001 0.47536883500391069 0.0040923187144277767 0.40826548670470164 -0.0020342915662410199 -0.4495544291230944 -0.033985503569217666 0.5 0.035922935758951918 2.7240188495654127 OK 13 12 0.40778500000000001 0.270951 0.12490999999999999 0.278638 0.141676 0 0.12914700000000001 0.129275 0.12490999999999999 0.0086099999999999996 0.0090240000000000008 0.0082520000000000007 0.09747700000000005 0.096571000000000018 0.093982000000000052 0.0041240000000000001 0.0046999999999999993 0.004045 0.0010639999999999998 0.0010330000000000001 0.0010679999999999999 2.7240140676607352 2.7240140676607352 2.7240140676607352 3.5782464752083813e-05 3.5782464752083813e-05 3.5782464752083813e-05 1 1 1 Converged Converged Converged OK OK OK 83 83 83 83 83 83 5 5 5 0 0 0 0 1 0 0 1
126 126 linear 2 15 1262 2 0.0001 0.47536883500391069 0.0040923187144277767 0.40826548670470164 -0.0020342915662410199 -0.4495544291230944 0.022816651102740823 0.5 -0.020879218913006575 2.7307456994495269 OK 12 11 0.427458 0.28994900000000001 0.14319499999999999 0.278976 0.14071700000000001 0 0.148482 0.149232 0.14319499999999999 0.0089130000000000008 0.0092040000000000004 0.0083529999999999993 0.114304 0.11354999999999998 0.10981700000000004 0.0041370000000000001 0.0048920000000000005 0.0043610000000000003 0.001122 0.0013700000000000001 0.0012789999999999998 2.7307410454819263 2.7307410454819263 2.7307410454819263 0.00010733316564184342 0.00010733316564184342 0.00010733316564184342 1 1 1 Converged Converged Converged OK OK OK 97 97 97 97 97 97 7 7 7 0 0 0 0 1 0 0 1
126 126 linear 2 23 1262 3 0.0001 0.47536883500391069 0.0040923187144277767 0.40826548670470164 -0.0020342915662410199 -0.4495544291230944 0.079618805774699319 0.5 -0.077681373584965074 2.6822623453825156 OK 12 11 0.43355300000000002 0.30002000000000001 0.15707699999999999 0.27481699999999998 0.14046 0 0.15873600000000004 0.15956000000000001 0.15707699999999999 0.0087329999999999994 0.0089429999999999996 0.0079819999999999995 0.12160400000000005 0.12069800000000001 0.12125599999999997 0.0051730000000000005 0.0057460000000000002 0.0050490000000000005 0.0012369999999999998 0.0013929999999999999 0.0013219999999999998 2.6822580905102091 2.6822580905102091 2.6822580905102091 0.00017096189124261274 0.00017096189124261274 0.00017096189124261274 1 1 1 Converged Converged Converged OK OK OK 113 113 113 113 113 113 7 7 7 0 0 0 0 1 0 0 1
126 126 linear 3 0 1263 0 0.001 0.47536883500391069 0.0040923187144277767 0.40826548670470164 -0.2711331293545976 -0.52892852566479831 -0.35278622669553794 0.5 0.35472365888527219 1.897069451992621 OK 13 12 0.37661800000000001 0.37600899999999998 0.096581 0.27593600000000001 0.27862900000000002 0 0.10068199999999999 0.097379999999999967 0.096581 0.0094249999999999994 0.0098130000000000005 0.0091240000000000002 0.07102 0.068677000000000002 0.068076000000000012 0.0031889999999999996 0.0026069999999999999 0.0026580000000000002 0.000696 0.00061200000000000013 0.00062200000000000005 1.8970683572637099 1.8970683572637099 1.8970683572637099 0.0011381610658037775 0.0011381610658037775 0.0011381610658037775 1 1 1 Converged Converged Converged OK OK OK 59 59 59 59 59 59 5 5 5 0 0 0 0 0 1 0 0
126 126 linear 3 7 1263 1 0.001 0.47536883500391069 0.0040923187144277767 0.40826548670470164 -0.2711331293545976 -0.52892852566479831 -0.30308434135757423 0.5 0.30502177354730847 1.9701918318871692 OK 13 12 0.36829800000000001 0.22317500000000001 0.087238999999999997 0.27634900000000001 0.12904599999999999 0 0.091949000000000003 0.094129000000000018 0.087238999999999997 0.0085620000000000002 0.0086400000000000001 0.007953 0.067047999999999996 0.064877000000000018 0.064011999999999999 0.0028739999999999998 0.002565 0.0025999999999999999 0.00074800000000000008 0.00066100000000000002 0.00063899999999999992 1.9701906747008147 1.9701906747008147 1.9701906747008147 0.0014060212012441614 0.0014060212012441614 0.0014060212012441614 1 1 1 Converged Converged Converged OK OK OK 59 59 59 59 59 59 5 5 5 0 0 0 0 1 0 0 1
126 126 linear 3 15 1263 2 0.001 0.47536883500391069 0.0040923187144277767 0.40826548670470164 -0.2711331293545976 -0.52892852566479831 -0.24628218668561574 0.5 0.24821961887534999 2.0525936699887097 OK 13 12 0.363234 0.217111 0.078396999999999994 0.281893 0.13805400000000001 0 0.081340999999999997 0.079056999999999988 0.078396999999999994 0.0084499999999999992 0.0085269999999999999 0.0079080000000000001 0.059433000000000007 0.057605999999999991 0.057522000000000011 0.0021750000000000003 0.0021359999999999999 0.0021919999999999999 0.00050600000000000005 0.00047000000000000004 0.00050799999999999999 2.0525921088492618 2.0525921088492618 2.0525921088492618 0.0019610150093393184 0.0019610150093393184 0.0019610150093393184 1 1 1 Converged Converged Converged OK OK OK 51 51 51 51 51 51 5 5 5 0 0 0 0 1 0 0 1
126 126 linear 3 23 1263 3 0.001 0.47536883500391069 0.0040923187144277767 0.40826548670470164 -0.2711331293545976 -0.52892852566479831 -0.18948003201365726 0.5 0.19141746420339151 2.1291841084481042 OK 13 12 0.36375800000000003 0.22681999999999999 0.085431000000000007 0.27438499999999999 0.13933300000000001 0 0.089373000000000036 0.087486999999999981 0.085431000000000007 0.0085170000000000003 0.0087189999999999993 0.0079749999999999995 0.065719000000000014 0.063765999999999989 0.062906000000000004 0.0027600000000000003 0.0027620000000000001 0.0026560000000000004 0.00064700000000000011 0.00064300000000000002 0.00062199999999999994 2.129182329523204 2.129182329523204 2.129182329523204 0.0012286383911776044 0.0012286383911776044 0.0012286383911776044 1 1 1 Converged Converged Converged OK OK OK 59 59 59 59 59 59 5 5 5 0 0 0 0 1 0 0 1
126 126 linear 3 0 1263 0 0.0001 0.47536883500391069 0.0040923187144277767 0.40826548670470164 -0.2711331293545976 -0.52892852566479831 -0.35278622669553794 0.5 0.35472365888527219 1.897069451992621 OK 13 12 0.42220000000000002 0.41925299999999999 0.13514599999999999 0.27955600000000003 0.27862300000000001 0 0.14264399999999999 0.14062999999999998 0.13514599999999999 0.009554 0.013618999999999999 0.0091649999999999995 0.10466899999999997 0.098425000000000012 0.097440999999999986 0.0040729999999999994 0.004274 0.0044520000000000002 0.00090300000000000016 0.00090200000000000002 0.00090300000000000005 1.8970683892819438 1.8970683892819438 1.8970683892819438 7.9551524536929592e-06 7.9551524536929592e-06 7.9551524536929592e-06 1 1 1 Converged Converged Converged OK OK OK 83 83 83 83 83 83 5 5 5 0 0 0 0 0 1 0 0
126 126 linear 3 7 1263 1 0.0001 0.47536883500391069 0.0040923187144277767 0.40826548670470164 -0.2711331293545976 -0.52892852566479831 -0.30308434135757423 0.5 0.30502177354730847 1.9701918318871692 OK 13 12 0.40568799999999999 0.25971100000000003 0.122819 0.27484500000000001 0.13103999999999999 0 0.13084299999999999 0.12867100000000004 0.122819 0.0086309999999999998 0.0086940000000000003 0.0079830000000000005 0.098065000000000027 0.097243999999999942 0.092859999999999998 0.0046940000000000003 0.0041719999999999995 0.0040730000000000002 0.00096600000000000006 0.00088600000000000007 0.00090899999999999987 1.970190725543739 1.970190725543739 1.970190725543739 4.5601933336835033e-06 4.5601933336835033e-06 4.5601933336835033e-06 1 1 1 Converged Converged Converged OK OK OK 83 83 83 83 83 83 5 5 5 0 0 0 0 1 0 0 1
126 126 linear 3 15 1263 2 0.0001 0.47536883500391069 0.0040923187144277767 0.40826548670470164 -0.2711331293545976 -0.52892852566479831 -0.24628218668561574 0.5 0.24821961887534999 2.0525936699887097 OK 13 12 0.40091399999999999 0.26483499999999999 0.114093 0.27818700000000002 0.13991200000000001 0 0.12272699999999997 0.12492299999999998 0.114093 0.0087500000000000008 0.0087460000000000003 0.0079139999999999992 0.091968999999999981 0.09518299999999999 0.086772999999999975 0.0043250000000000007 0.0041059999999999994 0.003411 0.00087799999999999987 0.00079199999999999995 0.00076800000000000002 2.0525923559037502 2.0525923559037502 2.0525923559037502 0.00016055780892678157 0.00016055780892678157 0.00016055780892678157 1 1 1 Converged Converged Converged OK OK OK 75 75 75 75 75 75 5 5 5 0 0 0 0 1 0 0 1
126 126 linear 3 23 1263 3 0.0001 0.47536883500391069 0.0040923187144277767 0.40826548670470164 -0.2711331293545976 -0.52892852566479831 -0.18948003201365726 0.5 0.19141746420339151 2.1291841084481042 OK 13 12 0.40201300000000001 0.27762500000000001 0.122747 0.27346700000000002 0.14217099999999999 0 0.12854599999999999 0.13545400000000002 0.122747 0.0085199999999999998 0.0087620000000000007 0.0079139999999999992 0.096620000000000053 0.103016 0.092679999999999985 0.0043940000000000003 0.0046680000000000003 0.0040159999999999996 0.00098300000000000015 0.00097300000000000012 0.00094799999999999984 2.1291826214917089 2.1291826214917089 2.1291826214917089 4.0450489614866792e-06 4.0450489614866792e-06 4.0450489614866792e-06 1 1 1 Converged Converged Converged OK OK OK 83 83 83 83 83 83 5 5 5 0 0 0 0 1 0 0 1
126 126 linear 4 0 1264 0 0.001 0.47536883500391069 0.0040923187144277767 0.40826548670470164 0.99645252417788421 0.64537047560584226 0.91479942683694393 0.5 -0.91286199464720963 1.2871988108732324 OK 12 11 0.35327700000000001 0.35729899999999998 0.086540000000000006 0.26275500000000002 0.26273400000000002 0 0.090521999999999991 0.094564999999999955 0.086540000000000006 0.0090480000000000005 0.0093340000000000003 0.0086719999999999992 0.061506000000000005 0.065307999999999991 0.058867000000000003 0.0030740000000000003 0.003173 0.0028340000000000001 0.00079299999999999998 0.00078700000000000005 0.00067299999999999999 1.2871980537745786 1.2871980537745786 1.2871980537745786 6.5626867418529201e-05 6.5626867418529201e-05 6.5626867418529201e-05 1 1 1 Converged Converged Converged OK OK OK 60 60 60 60 60 60 4 4 4 0 0 0 0 0 1 0 0
126 126 linear 4 7 1264 1 0.001 0.47536883500391069 0.0040923187144277767 0.40826548670470164 0.99645252417788421 0.64537047560584226 0.96450131217490753 0.5 -0.96256387998517323 1.2648054669358764 OK 12 11 0.34593000000000002 0.21407699999999999 0.078907000000000005 0.263291 0.12967899999999999 0 0.082639000000000018 0.084398000000000001 0.078907000000000005 0.0082799999999999992 0.0084150000000000006 0.0077739999999999997 0.057447000000000005 0.059107000000000007 0.055320000000000008 0.0030860000000000002 0.0031199999999999995 0.0027669999999999999 0.00069300000000000004 0.00064599999999999998 0.00061399999999999996 1.2648048009732855 1.2648048009732855 1.2648048009732855 7.1827160098856402e-05 7.1827160098856402e-05 7.1827160098856402e-05 1 1 1 Converged Converged Converged OK OK OK 60 60 60 60 60 60 4 4 4 0 0 0 0 1 0 0 1
126 126 linear 4 15 1264 2 0.001 0.47536883500391069 0.0040923187144277767 0.40826548670470164 0.99645252417788421 0.64537047560584226 1.0213034668468661 0.5 -1.0193660346571318 1.2414807010549933 OK 12 11 0.34644900000000001 0.21448999999999999 0.080521999999999996 0.26098500000000002 0.12585099999999999 0 0.085463999999999984 0.088638999999999996 0.080521999999999996 0.0084340000000000005 0.0084759999999999992 0.0077200000000000003 0.05953 0.063455000000000011 0.056872999999999979 0.0031980000000000003 0.003009 0.0028400000000000001 0.00064999999999999997 0.00063600000000000006 0.00059600000000000007 1.2414840036155521 1.2414840036155521 1.2414840036155521 0.00028597127983552123 0.00028597127983552123 0.00028597127983552123 1 1 1 Converged Converged Converged OK OK OK 60 60 60 60 60 60 4 4 4 0 0 0 0 1 0 0 1
126 126 linear 4 23 1264 3 0.001 0.47536883500391069 0.0040923187144277767 0.40826548670470164 0.99645252417788421 0.64537047560584226 1.0781056215188245 0.5 -1.0761681893290902 1.2203882940368878 OK 12 11 0.33855000000000002 0.20921899999999999 0.073761999999999994 0.26116200000000001 0.124935 0 0.077388000000000012 0.084283999999999984 0.073761999999999994 0.0082900000000000005 0.0084449999999999994 0.0076420000000000004 0.051525999999999982 0.059043000000000012 0.049680000000000016 0.0030379999999999999 0.0029199999999999999 0.0028029999999999999 0.00064900000000000005 0.00064099999999999997 0.00063499999999999993 1.2203875459631015 1.2203875459631015 1.2203875459631015 0.00023406314380437578 0.00023406314380437578 0.00023406314380437578 1 1 1 Converged Converged Converged OK OK OK 53 53 53 53 53 53 3 3 3 0 0 0 0 1 0 0 1
126 126 linear 4 0 1264 0 0.0001 0.47536883500391069 0.0040923187144277767 0.40826548670470164 0.99645252417788421 0.64537047560584226 0.91479942683694393 0.5 -0.91286199464720963 1.2871988108732324 OK 12 11 0.35484300000000002 0.35567199999999999 0.088251999999999997 0.26461200000000001 0.267517 0 0.090231000000000006 0.088154999999999983 0.088251999999999997 0.0090939999999999997 0.0091850000000000005 0.0088319999999999996 0.061382000000000013 0.059680999999999991 0.059808999999999994 0.0029399999999999999 0.0029750000000000002 0.0030430000000000001 0.00069900000000000008 0.00069000000000000008 0.000696 1.2871980537745786 1.2871980537745786 1.2871980537745786 6.5626867418529201e-05 6.5626867418529201e-05 6.5626867418529201e-05 1 1 1 Converged Converged Converged OK OK OK 60 60 60 60 60 60 4 4 4 0 0 0 0 0 1 0 0
126 126 linear 4 7 1264 1 0.0001 0.47536883500391069 0.0040923187144277767 0.40826548670470164 0.99645252417788421 0.64537047560584226 0.96450131217490753 0.5 -0.96256387998517323 1.2648054669358764 OK 12 11 0.34634799999999999 0.21479500000000001 0.083401000000000003 0.26394299999999998 0.131054 0 0.082405000000000006 0.08374100000000001 0.083401000000000003 0.0082330000000000007 0.0084620000000000008 0.0077609999999999997 0.057470999999999973 0.058866000000000002 0.055796999999999999 0.0029360000000000002 0.002895 0.0029810000000000001 0.00064599999999999998 0.00065899999999999986 0.00064700000000000001 1.2648048009732855 1.2648048009732855 1.2648048009732855 7.1827160098856402e-05 7.1827160098856402e-05 7.1827160098856402e-05 1 1 1 Converged Converged Converged OK OK OK 60 60 60 60 60 60 4 4 4 0 0 0 0 1 0 0 1
126 126 linear 4 15 1264 2 0.0001 0.47536883500391069 0.0040923187144277767 0.40826548670470164 0.99645252417788421 0.64537047560584226 1.0213034668468661 0.5 -1.0193660346571318 1.2414807010549933 OK 12 11 0.36928699999999998 0.23927300000000001 0.100701 0.26480100000000001 0.12906400000000001 0 0.10448599999999997 0.110209 0.100701 0.0082389999999999998 0.0082439999999999996 0.007718 0.075407999999999975 0.07931599999999997 0.072519999999999973 0.003764 0.0047819999999999998 0.003875 0.00074800000000000008 0.00089399999999999994 0.00077899999999999996 1.2414799691618077 1.2414799691618077 1.2414799691618077 1.52565657428942e-05 1.52565657428942e-05 1.52565657428942e-05 1 1 1 Converged Converged Converged OK OK OK 76 76 76 76 76 76 4 4 4 0 0 0 0 1 0 0 1
126 126 linear 4 23 1264 3 0.0001 0.47536883500391069 0.0040923187144277767 0.40826548670470164 0.99645252417788421 0.64537047560584226 1.0781056215188245 0.5 -1.0761681893290902 1.2203882940368878 OK 12 11 0.36047200000000001 0.236043 0.100814 0.25911899999999999 0.12672 0 0.10135300000000003 0.109323 0.100814 0.0083929999999999994 0.0084080000000000005 0.0076680000000000003 0.070868999999999988 0.078350000000000003 0.071643000000000012 0.0038529999999999997 0.0042909999999999997 0.0037699999999999999 0.000767 0.00080599999999999986 0.0007719999999999999 1.220387558541846 1.220387558541846 1.220387558541846 8.4226609232185943e-06 8.4226609232185943e-06 8.4226609232185943e-06 1 1 1 Converged Converged Converged OK OK OK 69 69 69 69 69 69 3 3 3 0 0 0 0 1 0 0 1
126 126 uniform 0 0 1265 0 0.001 0.47536883500391069 0.0040923187144277767 0.40826548670470164 -0.062241229898209328 -0.12761097992951834 -0.14389432723914966 0 0.14583175942888391 4.7313752666045525 OK 14 13 0.43311100000000002 0.43648999999999999 0.13900000000000001 0.292989 0.28987299999999999 0 0.14012200000000002 0.146617 0.13900000000000001 0.010626 0.010580000000000001 0.010397 0.10727 0.11369400000000002 0.10679699999999996 0.0026600000000000005 0.0027800000000000004 0.0026830000000000001 0.00071899999999999991 0.00080900000000000004 0.00075999999999999993 4.7313394291028787 4.7313394291028787 4.7313394291028787 0.0041588271686147336 0.0041588271686147336 0.0041588271686147336 1 1 1 Converged Converged Converged OK OK OK 73 73 73 73 73 73 7 7 7 0 0 0 0 0 1 0 0
126 126 uniform 0 7 1265 1 0.001 0.47536883500391069 0.0040923187144277767 0.40826548670470164 -0.062241229898209328 -0.12761097992951834 -0.094192441901185975 0 0.09612987409092022 4.8202714425567592 OK 13 12 0.47156599999999999 0.33052900000000002 0.157195 0.30776799999999999 0.1658 0 0.163798 0.16472900000000001 0.157195 0.0088950000000000001 0.0090670000000000004 0.0082109999999999995 0.13066699999999998 0.13340399999999999 0.12732699999999994 0.0044429999999999999 0.0036170000000000004 0.0035269999999999998 0.0010319999999999999 0.00086799999999999996 0.00084100000000000006 4.8202987861979905 4.8202987861979905 4.8202987861979905 0.0011251810604988215 0.0011251810604988215 0.0011251810604988215 1 1 1 Converged Converged Converged OK OK OK 89 89 89 89 89 89 7 7 7 0 0 0 0 1 0 0 1
126 126 uniform 0 15 1265 2 0.001 0.47536883500391069 0.0040923187144277767 0.40826548670470164 -0.062241229898209328 -0.12761097992951834 -0.037390287229227485 0 0.039327719418961737 4.8749007725465834 OK 13 12 0.46241100000000002 0.31634899999999999 0.15418899999999999 0.30354500000000001 0.157274 0 0.15886600000000001 0.15907499999999999 0.15418899999999999 0.0095589999999999998 0.0096600000000000002 0.0085950000000000002 0.12876299999999999 0.12897299999999998 0.12660300000000005 0.0038 0.0037019999999999996 0.0033639999999999998 0.00090899999999999998 0.00090700000000000004 0.00079699999999999997 4.8749367914121873 4.8749367914121873 4.8749367914121873 0.001529798629805433 0.001529798629805433 0.001529798629805433 1 1 1 Converged Converged Converged OK OK OK 89 89 89 89 89 89 7 7 7 0 0 0 0 1 0 0 1
126 126 uniform 0 23 1265 3 0.001 0.47536883500391069 0.0040923187144277767 0.40826548670470164 -0.062241229898209328 -0.12761097992951834 0.019411867442731011 0 -0.017474435252996762 4.8822698803548095 OK 13 12 0.41108299999999998 0.26908599999999999 0.142648 0.264154 0.121893 0 0.14692899999999998 0.14719299999999999 0.142648 0.0090449999999999992 0.0092020000000000001 0.0083409999999999995 0.119362 0.11962200000000002 0.117105 0.0033569999999999997 0.003313 0.0030610000000000004 0.00075900000000000013 0.00076500000000000005 0.00069999999999999999 4.8823138551071628 4.8823138551071628 4.8823138551071628 0.0046169298324099097 0.0046169298324099097 0.0046169298324099097 1 1 1 Converged Converged Converged OK OK OK 81 81 81 81 81 81 7 7 7 0 0 0 0 1 0 0 1
126 126 uniform 0 0 1265 0 0.0001 0.47536883500391069 0.0040923187144277767 0.40826548670470164 -0.062241229898209328 -0.12761097992951834 -0.14389432723914966 0 0.14583175942888391 4.7313752666045525 OK 14 13 0.47365699999999999 0.47278100000000001 0.17719299999999999 0.29533500000000001 0.29629699999999998 0 0.17832199999999998 0.17648400000000003 0.17719299999999999 0.01051 0.010253999999999999 0.010436000000000001 0.13783300000000001 0.13724800000000001 0.13737399999999994 0.003901 0.0037270000000000003 0.0039829999999999996 0.001096 0.0010499999999999999 0.001088 4.7313755340268386 4.7313755340268386 4.7313755340268386 0.00042145551660378064 0.00042145551660378064 0.00042145551660378064 1 1 1 Converged Converged Converged OK OK OK 97 97 97 97 97 97 7 7 7 0 0 0 0 0 1 0 0
126 126 uniform 0 7 1265 1 0.0001 0.47536883500391069 0.0040923187144277767 0.40826548670470164 -0.062241229898209328 -0.12761097992951834 -0.094192441901185975 0 0.09612987409092022 4.8202714425567592 OK 13 12 0.47819099999999998 0.334951 0.16461600000000001 0.308195 0.16681499999999999 0 0.16999599999999998 0.16813600000000001 0.16461600000000001 0.0088690000000000001 0.0092069999999999999 0.0083730000000000002 0.13803500000000002 0.13700700000000005 0.13543700000000003 0.004522 0.0041189999999999994 0.0037700000000000003 0.001088 0.001026 0.00101 4.8202710942842488 4.8202710942842488 4.8202710942842488 0.00044857348139176485 0.00044857348139176485 0.00044857348139176485 1 1 1 Converged Converged Converged OK OK OK 97 97 97 97 97 97 7 7 7 0 0 0 0 1 0 0 1
126 126 uniform 0 15 1265 2 0.0001 0.47536883500391069 0.0040923187144277767 0.40826548670470164 -0.062241229898209328 -0.12761097992951834 -0.037390287229227485 0 0.039327719418961737 4.8749007725465834 OK 13 12 0.52363300000000002 0.37661099999999997 0.21036199999999999 0.30101600000000001 0.161602 0 0.22261700000000001 0.21500899999999998 0.21036199999999999 0.0092940000000000002 0.0094380000000000002 0.0086180000000000007 0.18132699999999996 0.17431099999999997 0.17180599999999999 0.0070350000000000005 0.006829 0.0063350000000000004 0.0012260000000000001 0.001199 0.0011199999999999999 4.8749019271135303 4.8749019271135303 4.8749019271135303 0.00024980916320735858 0.00024980916320735858 0.00024980916320735858 1 1 1 Converged Converged Converged OK OK OK 129 129 129 129 129 129 7 7 7 0 0 0 0 1 0 0 1
126 126 uniform 0 23 1265 3 0.0001 0.47536883500391069 0.0040923187144277767 0.40826548670470164 -0.062241229898209328 -0.12761097992951834 0.019411867442731011 0 -0.017474435252996762 4.8822698803548095 OK 13 12 0.47765200000000002 0.33768399999999998 0.207514 0.26327299999999998 0.125084 0 0.21437900000000004 0.21259999999999998 0.207514 0.0091669999999999998 0.0091269999999999997 0.0084159999999999999 0.17659099999999997 0.17365800000000009 0.17142599999999997 0.0061830000000000001 0.0070679999999999996 0.0059019999999999993 0.0010740000000000001 0.001196 0.0010519999999999998 4.8822713682684133 4.8822713682684133 4.8822713682684133 0.00028852787148055743 0.00028852787148055743 0.00028852787148055743 1 1 1 Converged Converged Converged OK OK OK 129 129 129 129 129 129 7 7 7 0 0 0 0 1 0 0 1
126 126 uniform 1 0 1266 0 0.001 0.47536883500391069 0.0040923187144277767 0.40826548670470164 1.6216599397676712 0.51849254856822147 1.5400068424267308 0 -1.5380694102369965 1.120199812866989 OK 9 8 0.30035600000000001 0.29797499999999999 0.049274999999999999 0.249387 0.247748 0 0.050969000000000014 0.050226999999999994 0.049274999999999999 0.0064599999999999996 0.006796 0.0062220000000000001 0.033074000000000006 0.032796000000000006 0.032254000000000005 0.001701 0.0015170000000000001 0.0015760000000000001 0.00047999999999999996 0.00046000000000000001 0.00044699999999999997 1.1201995967675595 1.1201995967675595 1.1201995967675595 0.00025960537624557971 0.00025960537624557971 0.00025960537624557971 1 1 1 Converged Converged Converged OK OK OK 37 37 37 37 37 37 3 3 3 0 0 0 0 0 1 0 0
126 126 uniform 1 7 1266 1 0.001 0.47536883500391069 0.0040923187144277767 0.40826548670470164 1.6216599397676712 0.51849254856822147 1.5897087277646946 0 -1.5877712955749603 1.1114656288826223 OK 8 7 0.289576 0.155389 0.042304000000000001 0.24587999999999999 0.11007599999999999 0 0.043696000000000013 0.045313000000000006 0.042304000000000001 0.0057130000000000002 0.0056750000000000004 0.0055339999999999999 0.028677999999999999 0.030420999999999997 0.028115000000000005 0.001459 0.0014480000000000001 0.0014089999999999999 0.00044500000000000003 0.00044299999999999993 0.00043800000000000002 1.111465532214768 1.111465532214768 1.111465532214768 0.00029046646393751668 0.00029046646393751668 0.00029046646393751668 1 1 1 Converged Converged Converged OK OK OK 37 37 37 37 37 37 3 3 3 0 0 0 0 1 0 0 1
126 126 uniform 1 15 1266 2 0.001 0.47536883500391069 0.0040923187144277767 0.40826548670470164 1.6216599397676712 0.51849254856822147 1.646510882436653 0 -1.6445734502469187 1.1023162715664732 OK 8 7 0.28712500000000002 0.15825 0.045062999999999999 0.24037900000000001 0.11017299999999999 0 0.04674600000000001 0.048077000000000009 0.045062999999999999 0.0055510000000000004 0.0055950000000000001 0.0051679999999999999 0.031795999999999998 0.033282000000000013 0.031299 0.0015070000000000001 0.001415 0.0013960000000000001 0.00041999999999999996 0.00043400000000000003 0.00042599999999999995 1.1023163198329835 1.1023163198329835 1.1023163198329835 0.000305926902968911 0.000305926902968911 0.000305926902968911 1 1 1 Converged Converged Converged OK OK OK 37 37 37 37 37 37 3 3 3 0 0 0 0 1 0 0 1
126 126 uniform 1 23 1266 3 0.001 0.47536883500391069 0.0040923187144277767 0.40826548670470164 1.6216599397676712 0.51849254856822147 1.7033130371086116 0 -1.7013756049188773 1.0939569728737248 OK 9 8 0.296068 0.169206 0.053568999999999999 0.24016399999999999 0.111855 0 0.055904000000000009 0.057350999999999999 0.053568999999999999 0.0059049999999999997 0.0058929999999999998 0.0054999999999999997 0.038457999999999985 0.039718999999999997 0.037616000000000004 0.0017430000000000002 0.002127 0.0015780000000000002 0.00053899999999999998 0.00052499999999999997 0.00054300000000000008 1.0939569797157169 1.0939569797157169 1.0939569797157169 0.00024595778584003686 0.00024595778584003686 0.00024595778584003686 1 1 1 Converged Converged Converged OK OK OK 44 44 44 44 44 44 4 4 4 0 0 0 0 1 0 0 1
126 126 uniform 1 0 1266 0 0.0001 0.47536883500391069 0.0040923187144277767 0.40826548670470164 1.6216599397676712 0.51849254856822147 1.5400068424267308 0 -1.5380694102369965 1.120199812866989 OK 9 8 0.30858400000000002 0.30666300000000002 0.065412999999999999 0.24265600000000001 0.241428 0 0.065928000000000014 0.065235000000000015 0.065412999999999999 0.0065399999999999998 0.0063709999999999999 0.0062069999999999998 0.043239999999999994 0.043230999999999999 0.042991000000000001 0.0023579999999999999 0.0022699999999999999 0.0025240000000000002 0.00055100000000000006 0.00056700000000000001 0.00057200000000000003 1.120199599497671 1.120199599497671 1.120199599497671 5.9484579904585074e-05 5.9484579904585074e-05 5.9484579904585074e-05 1 1 1 Converged Converged Converged OK OK OK 53 53 53 53 53 53 3 3 3 0 0 0 0 0 1 0 0
126 126 uniform 1 7 1266 1 0.0001 0.47536883500391069 0.0040923187144277767 0.40826548670470164 1.6216599397676712 0.51849254856822147 1.5897087277646946 0 -1.5877712955749603 1.1114656288826223 OK 8 7 0.29762300000000003 0.174314 0.057527000000000002 0.23924799999999999 0.108753 0 0.058375000000000038 0.065560999999999994 0.057527000000000002 0.0054850000000000003 0.005594 0.0052820000000000002 0.039001000000000001 0.046142999999999997 0.038780000000000002 0.0022889999999999998 0.0022459999999999997 0.0022230000000000001 0.00055800000000000001 0.00055500000000000005 0.00055699999999999999 1.1114655346614766 1.1114655346614766 1.1114655346614766 7.723825164996349e-05 7.723825164996349e-05 7.723825164996349e-05 1 1 1 Converged Converged Converged OK OK OK 53 53 53 53 53 53 3 3 3 0 0 0 0 1 0 0 1
126 126 uniform 1 15 1266 2 0.0001 0.47536883500391069 0.0040923187144277767 0.40826548670470164 1.6216599397676712 0.51849254856822147 1.646510882436653 0 -1.6445734502469187 1.1023162715664732 OK 8 7 0.30222199999999999 0.17810599999999999 0.060481 0.24002999999999999 0.109734 0 0.062191999999999997 0.068371999999999988 0.060481 0.0055459999999999997 0.005496 0.0051520000000000003 0.042477000000000015 0.049179000000000021 0.041957999999999988 0.0022950000000000002 0.002271 0.0022309999999999999 0.00054000000000000001 0.00053700000000000004 0.00053399999999999997 1.1023163220303989 1.1023163220303989 1.1023163220303989 7.9096974438699777e-05 7.9096974438699777e-05 7.9096974438699777e-05 1 1 1 Converged Converged Converged OK OK OK 53 53 53 53 53 53 3 3 3 0 0 0 0 1 0 0 1
126 126 uniform 1 23 1266 3 0.0001 0.47536883500391069 0.0040923187144277767 0.40826548670470164 1.6216599397676712 0.51849254856822147 1.7033130371086116 0 -1.7013756049188773 1.0939569728737248 OK 9 8 0.31128299999999998 0.191693 0.068659999999999999 0.24060300000000001 0.113811 0 0.070679999999999965 0.077882000000000007 0.068659999999999999 0.0058989999999999997 0.0059789999999999999 0.005339 0.048453000000000003 0.055687999999999994 0.048132000000000008 0.0025490000000000001 0.002601 0.0024130000000000002 0.00070800000000000008 0.000718 0.00065499999999999987 1.0939569817178174 1.0939569817178174 1.0939569817178174 6.8338025769086992e-06 6.8338025769086992e-06 6.8338025769086992e-06 1 1 1 Converged Converged Converged OK OK OK 60 60 60 60 60 60 4 4 4 0 0 0 0 1 0 0 1
126 126 uniform 2 0 1267 0 0.001 0.47536883500391069 0.0040923187144277767 0.40826548670470164 -0.0020342915662410199 -0.4495544291230944 -0.083687388907181359 0 0.085624821096915604 2.7111645782113603 OK 13 12 0.36692399999999997 0.36264600000000002 0.081789000000000001 0.28259200000000001 0.28010699999999999 0 0.084331999999999963 0.082539000000000029 0.081789000000000001 0.0097149999999999997 0.0096659999999999992 0.0095560000000000003 0.055101999999999998 0.054095999999999991 0.053661000000000007 0.0026050000000000001 0.0025340000000000002 0.002519 0.00069000000000000008 0.00066100000000000002 0.00067599999999999995 2.7111647508117303 2.7111647508117303 2.7111647508117303 0.0012847429417693523 0.0012847429417693523 0.0012847429417693523 1 1 1 Converged Converged Converged OK OK OK 59 59 59 59 59 59 5 5 5 0 0 0 0 0 1 0 0
126 126 uniform 2 7 1267 1 0.001 0.47536883500391069 0.0040923187144277767 0.40826548670470164 -0.0020342915662410199 -0.4495544291230944 -0.033985503569217666 0 0.035922935758951918 2.7645394650407114 OK 13 12 0.35747800000000002 0.21745900000000001 0.073080000000000006 0.28229700000000002 0.14163200000000001 0 0.075180999999999998 0.075827000000000006 0.073080000000000006 0.0087740000000000005 0.0088739999999999999 0.0080719999999999993 0.050602999999999995 0.051096999999999997 0.049858999999999987 0.002516 0.0025300000000000001 0.0024480000000000001 0.00070299999999999996 0.0006330000000000001 0.00064400000000000004 2.7645393690335096 2.7645393690335096 2.7645393690335096 0.0011767536821512556 0.0011767536821512556 0.0011767536821512556 1 1 1 Converged Converged Converged OK OK OK 59 59 59 59 59 59 5 5 5 0 0 0 0 1 0 0 1
126 126 uniform 2 15 1267 2 0.001 0.47536883500391069 0.0040923187144277767 0.40826548670470164 -0.0020342915662410199 -0.4495544291230944 0.022816651102740823 0 -0.020879218913006575 2.7715308257236471 OK 12 11 0.37006699999999998 0.22864899999999999 0.088752999999999999 0.27706599999999998 0.13852100000000001 0 0.093001 0.090127999999999986 0.088752999999999999 0.0092239999999999996 0.0087580000000000002 0.0083119999999999999 0.063916999999999974 0.062960000000000016 0.062574000000000005 0.003127 0.0026510000000000001 0.0027520000000000001 0.00092000000000000003 0.00077499999999999997 0.00075899999999999991 2.7715341954773778 2.7715341954773778 2.7715341954773778 0.0013536984571014057 0.0013536984571014057 0.0013536984571014057 1 1 1 Converged Converged Converged OK OK OK 73 73 73 73 73 73 7 7 7 0 0 0 0 1 0 0 1
126 126 uniform 2 23 1267 3 0.001 0.47536883500391069 0.0040923187144277767 0.40826548670470164 -0.0020342915662410199 -0.4495544291230944 0.079618805774699319 0 -0.077681373584965074 2.7198138070486944 OK 12 11 0.36245500000000003 0.227018 0.081637000000000001 0.27859600000000001 0.13874800000000001 0 0.083859000000000017 0.088269999999999987 0.081637000000000001 0.0088140000000000007 0.0087860000000000004 0.0079620000000000003 0.058820999999999991 0.06319000000000001 0.057682000000000004 0.0026449999999999998 0.002934 0.0027180000000000004 0.00076000000000000004 0.00074200000000000004 0.00078799999999999996 2.7198378377253571 2.7198378377253571 2.7198378377253571 0.0015877779194364437 0.0015877779194364437 0.0015877779194364437 1 1 1 Converged Converged Converged OK OK OK 73 73 73 73 73 73 7 7 7 0 0 0 0 1 0 0 1
126 126 uniform 2 0 1267 0 0.0001 0.47536883500391069 0.0040923187144277767 0.40826548670470164 -0.0020342915662410199 -0.4495544291230944 -0.083687388907181359 0 0.085624821096915604 2.7111645782113603 OK 13 12 0.40052399999999999 0.396393 0.11550000000000001 0.28310800000000003 0.27707799999999999 0 0.11741599999999996 0.119315 0.11550000000000001 0.0099579999999999998 0.010005 0.0098259999999999997 0.078567999999999957 0.080843999999999999 0.07739299999999999 0.004241 0.0038849999999999996 0.0039410000000000001 0.001013 0.0010459999999999998 0.001023 2.7111643993546215 2.7111643993546215 2.7111643993546215 1.9467804097866029e-05 1.9467804097866029e-05 1.9467804097866029e-05 1 1 1 Converged Converged Converged OK OK OK 83 83 83 83 83 83 5 5 5 0 0 0 0 0 1 0 0
126 126 uniform 2 7 1267 1 0.0001 0.47536883500391069 0.0040923187144277767 0.40826548670470164 -0.0020342915662410199 -0.4495544291230944 -0.033985503569217666 0 0.035922935758951918 2.7645394650407114 OK 13 12 0.38590099999999999 0.25865199999999999 0.104536 0.28048000000000001 0.143792 0 0.10542099999999999 0.11485999999999999 0.104536 0.0091599999999999997 0.0089320000000000007 0.0084329999999999995 0.07309800000000001 0.08171500000000001 0.07367799999999998 0.0038339999999999997 0.0047320000000000001 0.0037669999999999999 0.00097399999999999993 0.001091 0.00095600000000000004 2.7645393011013732 2.7645393011013732 2.7645393011013732 4.5163905405865855e-05 4.5163905405865855e-05 4.5163905405865855e-05 1 1 1 Converged Converged Converged OK OK OK 83 83 83 83 83 83 5 5 5 0 0 0 0 1 0 0 1
126 126 uniform 2 15 1267 2 0.0001 0.47536883500391069 0.0040923187144277767 0.40826548670470164 -0.0020342915662410199 -0.4495544291230944 0.022816651102740823 0 -0.020879218913006575 2.7715308257236471 OK 12 11 0.39965299999999998 0.262243 0.11724999999999999 0.27934399999999998 0.13913400000000001 0 0.120309 0.123109 0.11724999999999999 0.0092460000000000007 0.0092659999999999999 0.0082990000000000008 0.085719999999999991 0.087867000000000028 0.084494999999999973 0.0041570000000000001 0.0047060000000000001 0.0039449999999999997 0.001157 0.0011979999999999998 0.001178 2.7715308975706718 2.7715308975706718 2.7715308975706718 0.00016869716471573775 0.00016869716471573775 0.00016869716471573775 1 1 1 Converged Converged Converged OK OK OK 97 97 97 97 97 97 7 7 7 0 0 0 0 1 0 0 1
126 126 uniform 2 23 1267 3 0.0001 0.47536883500391069 0.0040923187144277767 0.40826548670470164 -0.0020342915662410199 -0.4495544291230944 0.079618805774699319 0 -0.077681373584965074 2.7198138070486944 OK 12 11 0.40531099999999998 0.27052799999999999 0.12531500000000001 0.27404800000000001 0.140482 0 0.13126299999999996 0.13004599999999999 0.12531500000000001 0.0089859999999999992 0.0090379999999999992 0.0091789999999999997 0.093586000000000016 0.092100999999999961 0.088391999999999957 0.0052519999999999997 0.0055230000000000001 0.0049399999999999999 0.0012309999999999999 0.0013199999999999998 0.0012620000000000001 2.7198136872686036 2.7198136872686036 2.7198136872686036 0.00020920018012185777 0.00020920018012185777 0.00020920018012185777 1 1 1 Converged Converged Converged OK OK OK 113 113 113 113 113 113 7 7 7 0 0 0 0 1 0 0 1
126 126 uniform 3 0 1268 0 0.001 0.47536883500391069 0.0040923187144277767 0.40826548670470164 -0.2711331293545976 -0.52892852566479831 -0.35278622669553794 0 0.35472365888527219 1.9064515351504128 OK 13 12 0.35305799999999998 0.35126200000000002 0.073763999999999996 0.27738299999999999 0.27659 0 0.075674999999999992 0.074672000000000016 0.073763999999999996 0.0095440000000000004 0.0093539999999999995 0.0091459999999999996 0.049078999999999991 0.048803999999999986 0.047981999999999997 0.0022649999999999997 0.0022030000000000001 0.0020920000000000001 0.00053600000000000002 0.00051599999999999997 0.00052499999999999997 1.9064513812724744 1.9064513812724744 1.9064513812724744 0.0015724362694349487 0.0015724362694349487 0.0015724362694349487 1 1 1 Converged Converged Converged OK OK OK 51 51 51 51 51 51 5 5 5 0 0 0 0 0 1 0 0
126 126 uniform 3 7 1268 1 0.001 0.47536883500391069 0.0040923187144277767 0.40826548670470164 -0.2711331293545976 -0.52892852566479831 -0.30308434135757423 0 0.30502177354730847 1.9811092749770185 OK 13 12 0.34119899999999997 0.199015 0.065457000000000001 0.27484900000000001 0.131665 0 0.066349999999999965 0.067349999999999993 0.065457000000000001 0.0083689999999999997 0.0085349999999999992 0.0078989999999999998 0.043993000000000004 0.045004999999999989 0.044083999999999991 0.0021380000000000001 0.00215 0.0020860000000000002 0.00054800000000000009 0.00054299999999999997 0.00050500000000000002 1.9811090765729302 1.9811090765729302 1.9811090765729302 0.0018330593819284467 0.0018330593819284467 0.0018330593819284467 1 1 1 Converged Converged Converged OK OK OK 51 51 51 51 51 51 5 5 5 0 0 0 0 1 0 0 1
126 126 uniform 3 15 1268 2 0.001 0.47536883500391069 0.0040923187144277767 0.40826548670470164 -0.2711331293545976 -0.52892852566479831 -0.24628218668561574 0 0.24821961887534999 2.0654404217964699 OK 13 12 0.34404099999999999 0.201293 0.064690999999999999 0.27820400000000001 0.13530400000000001 0 0.065836999999999979 0.065988999999999992 0.064690999999999999 0.0085290000000000001 0.0084499999999999992 0.0078869999999999999 0.044055999999999998 0.044402999999999991 0.043916999999999998 0.0021159999999999998 0.0020939999999999999 0.002163 0.00048499999999999997 0.00052499999999999997 0.00048700000000000002 2.0654400593158968 2.0654400593158968 2.0654400593158968 0.0016439042714949592 0.0016439042714949592 0.0016439042714949592 1 1 1 Converged Converged Converged OK OK OK 51 51 51 51 51 51 5 5 5 0 0 0 0 1 0 0 1
126 126 uniform 3 23 1268 3 0.001 0.47536883500391069 0.0040923187144277767 0.40826548670470164 -0.2711331293545976 -0.52892852566479831 -0.18948003201365726 0 0.19141746420339151 2.1440307721836471 OK 13 12 0.346636 0.21229600000000001 0.071637999999999993 0.27271800000000002 0.13931499999999999 0 0.073917999999999984 0.072981000000000018 0.071637999999999993 0.0083759999999999998 0.0085179999999999995 0.0079050000000000006 0.049026 0.048921000000000027 0.048215000000000001 0.0028270000000000001 0.0025240000000000002 0.0024989999999999999 0.00066299999999999996 0.0006739999999999999 0.00063100000000000005 2.1440304029561963 2.1440304029561963 2.1440304029561963 0.0012064412421077437 0.0012064412421077437 0.0012064412421077437 1 1 1 Converged Converged Converged OK OK OK 59 59 59 59 59 59 5 5 5 0 0 0 0 1 0 0 1
126 126 uniform 3 0 1268 0 0.0001 0.47536883500391069 0.0040923187144277767 0.40826548670470164 -0.2711331293545976 -0.52892852566479831 -0.35278622669553794 0 0.35472365888527219 1.9064515351504128 OK 13 12 0.391822 0.39530599999999999 0.112301 0.27663100000000002 0.282607 0 0.11519099999999999 0.11269899999999999 0.112301 0.0097129999999999994 0.0098189999999999996 0.0090240000000000008 0.076230000000000006 0.075535999999999992 0.074871000000000007 0.0042490000000000002 0.0036250000000000002 0.0040299999999999997 0.00097300000000000012 0.00093600000000000009 0.00092999999999999995 1.9064515151128325 1.9064515151128325 1.9064515151128325 4.3273030448540274e-06 4.3273030448540274e-06 4.3273030448540274e-06 1 1 1 Converged Converged Converged OK OK OK 83 83 83 83 83 83 5 5 5 0 0 0 0 0 1 0 0
126 126 uniform 3 7 1268 1 0.0001 0.47536883500391069 0.0040923187144277767 0.40826548670470164 -0.2711331293545976 -0.52892852566479831 -0.30308434135757423 0 0.30502177354730847 1.9811092749770185 OK 13 12 0.38194899999999998 0.238367 0.100439 0.27442 0.13191 0 0.10752899999999999 0.106457 0.100439 0.0086280000000000003 0.0086960000000000006 0.007901 0.071729999999999988 0.07521899999999998 0.070563000000000015 0.0040499999999999998 0.003882 0.0038159999999999995 0.00098499999999999998 0.00095600000000000014 0.00094200000000000002 1.9811092462079571 1.9811092462079571 1.9811092462079571 3.0224424139097749e-06 3.0224424139097749e-06 3.0224424139097749e-06 1 1 1 Converged Converged Converged OK OK OK 83 83 83 83 83 83 5 5 5 0 0 0 0 1 0 0 1
126 126 uniform 3 15 1268 2 0.0001 0.47536883500391069 0.0040923187144277767 0.40826548670470164 -0.2711331293545976 -0.52892852566479831 -0.24628218668561574 0 0.24821961887534999 2.0654404217964699 OK 13 12 0.38026199999999999 0.24907199999999999 0.101338 0.27748600000000001 0.13885500000000001 0 0.10277599999999998 0.11021699999999998 0.101338 0.0084670000000000006 0.0086619999999999996 0.0079839999999999998 0.072230000000000016 0.078792999999999974 0.071836999999999984 0.0036440000000000005 0.003813 0.0036449999999999998 0.00089300000000000002 0.00089399999999999994 0.00089299999999999991 2.065440372250297 2.065440372250297 2.065440372250297 2.4886822444947146e-06 2.4886822444947146e-06 2.4886822444947146e-06 1 1 1 Converged Converged Converged OK OK OK 83 83 83 83 83 83 5 5 5 0 0 0 0 1 0 0 1
126 126 uniform 3 23 1268 3 0.0001 0.47536883500391069 0.0040923187144277767 0.40826548670470164 -0.2711331293545976 -0.52892852566479831 -0.18948003201365726 0 0.19141746420339151 2.1440307721836471 OK 13 12 0.37805 0.25434499999999999 0.099664000000000003 0.27419700000000002 0.13933599999999999 0 0.10385299999999997 0.115009 0.099664000000000003 0.0086940000000000003 0.0086969999999999999 0.007979 0.071854000000000001 0.083718999999999988 0.070198999999999998 0.0042989999999999999 0.0040140000000000002 0.0037039999999999998 0.00091600000000000004 0.00094899999999999997 0.00086600000000000002 2.1440306955098252 2.1440306955098252 2.1440306955098252 3.6292466753379474e-06 3.6292466753379474e-06 3.6292466753379474e-06 1 1 1 Converged Converged Converged OK OK OK 83 83 83 83 83 83 5 5 5 0 0 0 0 1 0 0 1
126 126 uniform 4 0 1269 0 0.001 0.47536883500391069 0.0040923187144277767 0.40826548670470164 0.99645252417788421 0.64537047560584226 0.91479942683694393 0 -0.91286199464720963 1.2886430763216754 OK 12 11 0.32272800000000001 0.32514799999999999 0.058252999999999999 0.263795 0.264903 0 0.058933000000000013 0.060244999999999993 0.058252999999999999 0.0089890000000000005 0.0092519999999999998 0.0086680000000000004 0.036607000000000015 0.037346999999999991 0.036580999999999995 0.0018390000000000001 0.0019530000000000001 0.0018489999999999999 0.00046799999999999999 0.00052900000000000006 0.000464 1.2886423779446219 1.2886423779446219 1.2886423779446219 0.00043871176621182212 0.00043871176621182212 0.00043871176621182212 1 1 1 Converged Converged Converged OK OK OK 44 44 44 44 44 44 4 4 4 0 0 0 0 0 1 0 0
126 126 uniform 4 7 1269 1 0.001 0.47536883500391069 0.0040923187144277767 0.40826548670470164 0.99645252417788421 0.64537047560584226 0.96450131217490753 0 -0.96256387998517323 1.2660911344219457 OK 12 11 0.31455100000000003 0.181643 0.051346999999999997 0.26011099999999998 0.128355 0 0.054440000000000044 0.053288000000000002 0.051346999999999997 0.0085120000000000005 0.008397 0.0078079999999999998 0.034039999999999994 0.033909999999999989 0.032784000000000001 0.00199 0.0017769999999999999 0.00174 0.00053600000000000002 0.00045799999999999997 0.000446 1.2660908902215382 1.2660908902215382 1.2660908902215382 0.00040262866995647618 0.00040262866995647618 0.00040262866995647618 1 1 1 Converged Converged Converged OK OK OK 44 44 44 44 44 44 4 4 4 0 0 0 0 1 0 0 1
126 126 uniform 4 15 1269 2 0.001 0.47536883500391069 0.0040923187144277767 0.40826548670470164 0.99645252417788421 0.64537047560584226 1.0213034668468661 0 -1.0193660346571318 1.2426102989037167 OK 12 11 0.31668400000000002 0.18470200000000001 0.052753000000000001 0.26188600000000001 0.13017999999999999 0 0.054798000000000013 0.054522000000000015 0.052753000000000001 0.0083020000000000004 0.008319 0.0076369999999999997 0.035041000000000003 0.035009000000000005 0.034336999999999993 0.001771 0.0017829999999999999 0.001751 0.00054900000000000001 0.00051199999999999998 0.00048900000000000007 1.2426168198379122 1.2426168198379122 1.2426168198379122 0.00069743511354281376 0.00069743511354281376 0.00069743511354281376 1 1 1 Converged Converged Converged OK OK OK 44 44 44 44 44 44 4 4 4 0 0 0 0 1 0 0 1
126 126 uniform 4 23 1269 3 0.001 0.47536883500391069 0.0040923187144277767 0.40826548670470164 0.99645252417788421 0.64537047560584226 1.0781056215188245 0 -1.0761681893290902 1.2213854981993781 OK 12 11 0.30844899999999997 0.17333899999999999 0.047938000000000001 0.25854700000000003 0.12373199999999999 0 0.049901999999999946 0.049606999999999998 0.047938000000000001 0.0082850000000000007 0.0083870000000000004 0.007724 0.029455999999999989 0.029448999999999999 0.028727000000000003 0.0018709999999999998 0.0018860000000000001 0.0017839999999999998 0.00054900000000000001 0.00056499999999999996 0.000504 1.221385335176266 1.221385335176266 1.221385335176266 0.00023485016543725368 0.00023485016543725368 0.00023485016543725368 1 1 1 Converged Converged Converged OK OK OK 37 37 37 37 37 37 3 3 3 0 0 0 0 1 0 0 1
126 126 uniform 4 0 1269 0 0.0001 0.47536883500391069 0.0040923187144277767 0.40826548670470164 0.99645252417788421 0.64537047560584226 0.91479942683694393 0 -0.91286199464720963 1.2886430763216754 OK 12 11 0.33743499999999998 0.34513100000000002 0.074730000000000005 0.261519 0.26776 0 0.075915999999999983 0.077371000000000023 0.074730000000000005 0.009018 0.0092689999999999995 0.0088260000000000005 0.047416999999999994 0.048004999999999985 0.047308000000000031 0.0028339999999999997 0.0030539999999999999 0.0026699999999999996 0.00059400000000000002 0.00064100000000000008 0.00056800000000000004 1.2886430692660471 1.2886430692660471 1.2886430692660471 6.0038834686771798e-05 6.0038834686771798e-05 6.0038834686771798e-05 1 1 1 Converged Converged Converged OK OK OK 60 60 60 60 60 60 4 4 4 0 0 0 0 0 1 0 0
126 126 uniform 4 7 1269 1 0.0001 0.47536883500391069 0.0040923187144277767 0.40826548670470164 0.99645252417788421 0.64537047560584226 0.96450131217490753 0 -0.96256387998517323 1.2660911344219457 OK 12 11 0.33333699999999999 0.20238800000000001 0.066864999999999994 0.264569 0.12967000000000001 0 0.068767999999999996 0.072718000000000005 0.066864999999999994 0.0082410000000000001 0.0084810000000000007 0.0077609999999999997 0.044010999999999974 0.047164000000000005 0.043328999999999979 0.0026319999999999998 0.0030169999999999997 0.0025860000000000002 0.00060000000000000006 0.00060999999999999997 0.00059700000000000009 1.2660912919807448 1.2660912919807448 1.2660912919807448 0.00010663712499381643 0.00010663712499381643 0.00010663712499381643 1 1 1 Converged Converged Converged OK OK OK 60 60 60 60 60 60 4 4 4 0 0 0 0 1 0 0 1
126 126 uniform 4 15 1269 2 0.0001 0.47536883500391069 0.0040923187144277767 0.40826548670470164 0.99645252417788421 0.64537047560584226 1.0213034668468661 0 -1.0193660346571318 1.2426102989037167 OK 12 11 0.35217799999999999 0.22856499999999999 0.085225999999999996 0.26177099999999998 0.12729299999999999 0 0.090407000000000015 0.101272 0.085225999999999996 0.0084209999999999997 0.0083330000000000001 0.0076759999999999997 0.059214999999999969 0.070077 0.057544000000000019 0.0046010000000000001 0.0044060000000000002 0.0036000000000000003 0.00082599999999999991 0.000843 0.00072199999999999999 1.2426103083041247 1.2426103083041247 1.2426103083041247 2.0023432732104979e-05 2.0023432732104979e-05 2.0023432732104979e-05 1 1 1 Converged Converged Converged OK OK OK 76 76 76 76 76 76 4 4 4 0 0 0 0 1 0 0 1
126 126 uniform 4 23 1269 3 0.0001 0.47536883500391069 0.0040923187144277767 0.40826548670470164 0.99645252417788421 0.64537047560584226 1.0781056215188245 0 -1.0761681893290902 1.2213854981993781 OK 12 11 0.33108399999999999 0.20308499999999999 0.063164999999999999 0.26339499999999999 0.13001399999999999 0 0.067688999999999999 0.073070999999999997 0.063164999999999999 0.0085129999999999997 0.0083569999999999998 0.0078059999999999996 0.041776999999999981 0.048189999999999983 0.039135999999999997 0.0028189999999999999 0.002686 0.0026259999999999999 0.000687 0.00066500000000000001 0.00063199999999999997 1.2213854514773002 1.2213854514773002 1.2213854514773002 5.993092332887022e-05 5.993092332887022e-05 5.993092332887022e-05 1 1 1 Converged Converged Converged OK OK OK 53 53 53 53 53 53 3 3 3 0 0 0 0 1 0 0 1
127 127 linear 0 0 1270 0 0.001 0.95527942809968291 0.00020347599789383324 0.00022675912707188889 0.091782360603135757 -0.02027683261836517 0.091737008777721382 0.5 -0.091542671885714383 15.945839474833592 OK 14 13 0.85323300000000002 0.84726100000000004 0.20649999999999999 0.63671900000000003 0.63838799999999996 0 0.21651399999999998 0.20887300000000009 0.20649999999999999 0.044428000000000002 0.039937 0.037935000000000003 0.13656200000000002 0.13388 0.13375000000000004 0.0050499999999999998 0.005084 0.0050019999999999995 0.0011919999999999999 0.0011519999999999998 0.0011520000000000002 15.945855722683483 15.945855722683483 15.945855722683483 0.010321247869440053 0.010321247869440053 0.010321247869440053 1 1 1 Converged Converged Converged OK OK OK 98 98 98 98 98 98 6 6 6 0 0 0 0 0 1 0 0
127 127 linear 0 7 1270 1 0.001 0.95527942809968291 0.00020347599789383324 0.00022675912707188889 0.091782360603135757 -0.02027683261836517 0.091764614236669262 0.5 -0.091570277344662263 15.709358599044995 OK 14 13 0.95114299999999996 0.904393 0.19691900000000001 0.74314400000000003 0.59588600000000003 0 0.20799899999999993 0.30850699999999998 0.19691900000000001 0.043230999999999999 0.042907000000000001 0.035355999999999999 0.13609199999999996 0.23733899999999994 0.135271 0.0057739999999999996 0.0055529999999999998 0.0046890000000000005 0.0011150000000000001 0.0012330000000000002 0.001121 15.709366696618895 15.709366696618895 15.709366696618895 0.010297973036381915 0.010297973036381915 0.010297973036381915 1 1 1 Converged Converged Converged OK OK OK 98 98 98 98 98 98 6 6 6 0 0 0 0 1 0 0 1
127 127 linear 0 15 1270 2 0.001 0.95527942809968291 0.00020347599789383324 0.00022675912707188889 0.091782360603135757 -0.02027683261836517 0.091796163332609704 0.5 -0.091601826440602704 15.382436758700656 OK 14 13 0.69695200000000002 0.66184600000000005 0.19663800000000001 0.49563800000000002 0.35597400000000001 0 0.20131399999999999 0.30587200000000003 0.19663800000000001 0.037933000000000001 0.039487000000000001 0.037074999999999997 0.13610000000000003 0.23869699999999991 0.13333100000000001 0.0048799999999999998 0.0052570000000000004 0.0046359999999999995 0.0011580000000000002 0.0012410000000000001 0.001258 15.382427541291264 15.382427541291264 15.382427541291264 0.010230644228055509 0.010230644228055509 0.010230644228055509 1 1 1 Converged Converged Converged OK OK OK 98 98 98 98 98 98 6 6 6 0 0 0 0 1 0 0 1
127 127 linear 0 23 1270 3 0.001 0.95527942809968291 0.00020347599789383324 0.00022675912707188889 0.091782360603135757 -0.02027683261836517 0.091827712428550132 0.5 -0.091633375536543132 15.002510075624713 OK 14 13 0.663304 0.62289700000000003 0.19881699999999999 0.45611400000000002 0.31119400000000003 0 0.20718999999999999 0.31170300000000001 0.19881699999999999 0.038609999999999998 0.039169000000000002 0.034187000000000002 0.14203999999999992 0.24516400000000002 0.138709 0.0046300000000000004 0.0049970000000000006 0.0045310000000000003 0.0011380000000000001 0.00114 0.0011460000000000001 15.002513072753734 15.002513072753734 15.002513072753734 0.010122900686794179 0.010122900686794179 0.010122900686794179 1 1 1 Converged Converged Converged OK OK OK 98 98 98 98 98 98 6 6 6 0 0 0 0 1 0 0 1
127 127 linear 0 0 1270 0 0.0001 0.95527942809968291 0.00020347599789383324 0.00022675912707188889 0.091782360603135757 -0.02027683261836517 0.091737008777721382 0.5 -0.091542671885714383 15.945839474833592 OK 14 13 0.91036600000000001 0.90373999999999999 0.259218 0.64594700000000005 0.64173000000000002 0 0.26441899999999996 0.26200999999999997 0.259218 0.038827 0.040035000000000001 0.037810000000000003 0.177428 0.17369599999999993 0.17369099999999998 0.0064469999999999996 0.0068740000000000008 0.0067100000000000007 0.0014309999999999998 0.0014010000000000001 0.001464 15.945855728647278 15.945855728647278 15.945855728647278 0.00056333615720376639 0.00056333615720376639 0.00056333615720376639 1 1 1 Converged Converged Converged OK OK OK 130 130 130 130 130 130 6 6 6 0 0 0 0 0 1 0 0
127 127 linear 0 7 1270 1 0.0001 0.95527942809968291 0.00020347599789383324 0.00022675912707188889 0.091782360603135757 -0.02027683261836517 0.091764614236669262 0.5 -0.091570277344662263 15.709358599044995 OK 14 13 1.0021169999999999 1.002488 0.243842 0.74447300000000005 0.60249699999999995 0 0.25764399999999987 0.3999910000000001 0.243842 0.039584000000000001 0.038589999999999999 0.035052 0.17605599999999999 0.32409299999999963 0.17207800000000006 0.0075359999999999993 0.0067160000000000006 0.0065690000000000002 0.0014440000000000002 0.0013420000000000001 0.001382 15.709366702484999 15.709366702484999 15.709366702484999 0.0005726102517497057 0.0005726102517497057 0.0005726102517497057 1 1 1 Converged Converged Converged OK OK OK 130 130 130 130 130 130 6 6 6 0 0 0 0 1 0 0 1
127 127 linear 0 15 1270 2 0.0001 0.95527942809968291 0.00020347599789383324 0.00022675912707188889 0.091782360603135757 -0.02027683261836517 0.091796163332609704 0.5 -0.091601826440602704 15.382436758700656 OK 14 13 0.75285899999999994 0.75949 0.245003 0.49775399999999997 0.35330299999999998 0 0.25510499999999997 0.40618700000000002 0.245003 0.039523999999999997 0.038227999999999998 0.034514999999999997 0.17794100000000013 0.33061800000000013 0.17393099999999995 0.0067539999999999996 0.0066449999999999999 0.0064050000000000001 0.0014050000000000004 0.001392 0.0014250000000000001 15.382427547059873 15.382427547059873 15.382427547059873 0.00054003341983301502 0.00054003341983301502 0.00054003341983301502 1 1 1 Converged Converged Converged OK OK OK 130 130 130 130 130 130 6 6 6 0 0 0 0 1 0 0 1
127 127 linear 0 23 1270 3 0.0001 0.95527942809968291 0.00020347599789383324 0.00022675912707188889 0.091782360603135757 -0.02027683261836517 0.091827712428550132 0.5 -0.091633375536543132 15.002510075624713 OK 14 13 0.68749800000000005 0.68775900000000001 0.22342200000000001 0.453901 0.30746899999999999 0 0.23359700000000005 0.38029000000000002 0.22342200000000001 0.037843000000000002 0.040209000000000002 0.034123000000000001 0.164219 0.30613600000000013 0.15850999999999996 0.0053439999999999998 0.006889000000000001 0.0053619999999999996 0.0012819999999999999 0.001449 0.0013010000000000001 15.002513077517484 15.002513077517484 15.002513077517484 0.0014522166918219993 0.0014522166918219993 0.0014522166918219993 1 1 1 Converged Converged Converged OK OK OK 114 114 114 114 114 114 6 6 6 0 0 0 0 1 0 0 1
127 127 linear 1 0 1271 0 0.001 0.95527942809968291 0.00020347599789383324 0.00022675912707188889 -0.039156759336706252 -0.00018142213875948577 -0.039202111162120627 0.5 0.039396448054127634 73.532803828965655 OK 17 16 1.1653070000000001 1.1493690000000001 0.51911300000000005 0.63139900000000004 0.63034800000000002 0 0.53390800000000005 0.51902100000000007 0.51911300000000005 0.016291 0.016197 0.015578 0.45976400000000006 0.4465090000000001 0.44654599999999989 0.0086679999999999986 0.0086070000000000001 0.0087990000000000013 0.0015939999999999999 0.0016230000000000003 0.0016609999999999999 73.533198774817322 73.533198774817322 73.533198774817322 0.059584223268025288 0.059584223268025288 0.059584223268025288 1 1 1 Converged Converged Converged OK OK OK 159 159 159 159 159 159 9 9 9 0 0 0 0 0 1 0 0
127 127 linear 1 7 1271 1 0.001 0.95527942809968291 0.00020347599789383324 0.00022675912707188889 -0.039156759336706252 -0.00018142213875948577 -0.039174505703172748 0.5 0.039368842595179754 73.483800574999975 OK 17 16 1.100292 1.0151559999999999 0.50629900000000005 0.57804999999999995 0.44109599999999999 0 0.5222420000000001 0.57406000000000001 0.50629900000000005 0.014919999999999999 0.015355000000000001 0.014191 0.46624900000000002 0.51760299999999981 0.45199799999999973 0.0086149999999999994 0.0085760000000000003 0.0084740000000000006 0.0015450000000000001 0.0015559999999999997 0.001495 73.484010424002022 73.484010424002022 73.484010424002022 0.058764215336321368 0.058764215336321368 0.058764215336321368 1 1 1 Converged Converged Converged OK OK OK 159 159 159 159 159 159 9 9 9 0 0 0 0 1 0 0 1
127 127 linear 1 15 1271 2 0.001 0.95527942809968291 0.00020347599789383324 0.00022675912707188889 -0.039156759336706252 -0.00018142213875948577 -0.039142956607232313 0.5 0.039337293499239319 73.448870863606857 OK 17 16 1.131991 1.009361 0.51921399999999995 0.59903899999999999 0.455457 0 0.53295199999999998 0.55390399999999995 0.51921399999999995 0.014874999999999999 0.014777999999999999 0.013953 0.47762600000000016 0.49864799999999987 0.46603500000000009 0.0084010000000000005 0.0084810000000000007 0.0081349999999999999 0.0015429999999999999 0.0015229999999999998 0.0014790000000000001 73.449291534596085 73.449291534596085 73.449291534596085 0.058083835399291101 0.058083835399291101 0.058083835399291101 1 1 1 Converged Converged Converged OK OK OK 159 159 159 159 159 159 9 9 9 0 0 0 0 1 0 0 1
127 127 linear 1 23 1271 3 0.001 0.95527942809968291 0.00020347599789383324 0.00022675912707188889 -0.039156759336706252 -0.00018142213875948577 -0.039111407511291878 0.5 0.039305744403298884 73.430633498361559 OK 17 16 1.055809 0.95025800000000005 0.52549500000000005 0.51782099999999998 0.39285799999999998 0 0.53798800000000002 0.55740000000000012 0.52549500000000005 0.014777 0.014907999999999999 0.013972999999999999 0.48272500000000007 0.50280899999999984 0.47230700000000009 0.0084720000000000004 0.0083680000000000022 0.0081900000000000011 0.0015410000000000001 0.0015229999999999998 0.0015159999999999998 73.431222165826924 73.431222165826924 73.431222165826924 0.057546672015453285 0.057546672015453285 0.057546672015453285 1 1 1 Converged Converged Converged OK OK OK 159 159 159 159 159 159 9 9 9 0 0 0 0 1 0 0 1
127 127 linear 1 0 1271 0 0.0001 0.95527942809968291 0.00020347599789383324 0.00022675912707188889 -0.039156759336706252 -0.00018142213875948577 -0.039202111162120627 0.5 0.039396448054127634 73.532803828965655 OK 17 16 1.3782939999999999 1.3383430000000001 0.68309600000000004 0.64953399999999994 0.63686600000000004 0 0.72875999999999996 0.70147700000000002 0.68309600000000004 0.018197000000000001 0.018415999999999998 0.015701 0.62156999999999996 0.59583599999999981 0.58141699999999974 0.012307 0.012669999999999999 0.012180000000000002 0.0022989999999999998 0.0023250000000000002 0.0022409999999999999 73.532697732547845 73.532697732547845 73.532697732547845 0.0044085359539992805 0.0044085359539992805 0.0044085359539992805 1 1 1 Converged Converged Converged OK OK OK 223 223 223 223 223 223 9 9 9 0 0 0 0 0 1 0 0
127 127 linear 1 7 1271 1 0.0001 0.95527942809968291 0.00020347599789383324 0.00022675912707188889 -0.039156759336706252 -0.00018142213875948577 -0.039174505703172748 0.5 0.039368842595179754 73.483800574999975 OK 17 16 1.219338 1.1392979999999999 0.62152300000000005 0.58077400000000001 0.43347999999999998 0 0.63856400000000002 0.70581799999999995 0.62152300000000005 0.015461000000000001 0.01491 0.014052 0.56776099999999996 0.63637799999999989 0.55429600000000001 0.011989999999999999 0.011384 0.010923000000000002 0.0019889999999999999 0.0019659999999999999 0.0019450000000000001 73.483512781261908 73.483512781261908 73.483512781261908 0.0073139283422443049 0.0073139283422443049 0.0073139283422443049 1 1 1 Converged Converged Converged OK OK OK 207 207 207 207 207 207 9 9 9 0 0 0 0 1 0 0 1
127 127 linear 1 15 1271 2 0.0001 0.95527942809968291 0.00020347599789383324 0.00022675912707188889 -0.039156759336706252 -0.00018142213875948577 -0.039142956607232313 0.5 0.039337293499239319 73.448870863606857 OK 17 16 1.2535799999999999 1.153597 0.652362 0.59887400000000002 0.45785300000000001 0 0.6547059999999999 0.69574399999999992 0.652362 0.014773 0.014992 0.01392 0.58543600000000073 0.62651000000000001 0.583561 0.011226 0.011422 0.011437999999999997 0.0020580000000000004 0.0020009999999999997 0.0020629999999999997 73.448797847614301 73.448797847614301 73.448797847614301 0.0066758977398746026 0.0066758977398746026 0.0066758977398746026 1 1 1 Converged Converged Converged OK OK OK 207 207 207 207 207 207 9 9 9 0 0 0 0 1 0 0 1
127 127 linear 1 23 1271 3 0.0001 0.95527942809968291 0.00020347599789383324 0.00022675912707188889 -0.039156759336706252 -0.00018142213875948577 -0.039111407511291878 0.5 0.039305744403298884 73.430633498361559 OK 17 16 1.1798599999999999 1.0947819999999999 0.64774699999999996 0.52438300000000004 0.38999899999999998 0 0.65547699999999987 0.70478299999999994 0.64774699999999996 0.016202000000000001 0.014858 0.015373 0.58502699999999974 0.63608399999999976 0.57873300000000016 0.011818 0.011289 0.011152999999999998 0.0020270000000000002 0.0020560000000000001 0.0019989999999999999 73.430732424539272 73.430732424539272 73.430732424539272 0.0061810527608166565 0.0061810527608166565 0.0061810527608166565 1 1 1 Converged Converged Converged OK OK OK 207 207 207 207 207 207 9 9 9 0 0 0 0 1 0 0 1
127 127 linear 2 0 1272 0 0.001 0.95527942809968291 0.00020347599789383324 0.00022675912707188889 0.10885973131460255 -0.01075277671803646 0.10881437948918818 0.5 -0.10862004259718118 11.742442251109718 OK 13 12 0.54374599999999995 0.53942699999999999 0.113055 0.428151 0.42466999999999999 0 0.11559499999999995 0.114757 0.113055 0.0088409999999999999 0.0088979999999999997 0.0086350000000000003 0.082745000000000013 0.081697999999999993 0.080552999999999986 0.0036449999999999998 0.0036449999999999998 0.0035750000000000001 0.00069699999999999992 0.00068999999999999997 0.00069300000000000004 11.742410534830871 11.742410534830871 11.742410534830871 0.0043728002285845485 0.0043728002285845485 0.0043728002285845485 1 1 1 Converged Converged Converged OK OK OK 69 69 69 69 69 69 3 3 3 0 0 0 0 0 1 0 0
127 127 linear 2 7 1272 1 0.001 0.95527942809968291 0.00020347599789383324 0.00022675912707188889 0.10885973131460255 -0.01075277671803646 0.10884198494813606 0.5 -0.10864764805612906 11.740725030762821 OK 13 12 0.50897400000000004 0.47389199999999998 0.11102099999999999 0.39526 0.24140400000000001 0 0.11371400000000004 0.23248799999999997 0.11102099999999999 0.0082260000000000007 0.0082889999999999995 0.0077619999999999998 0.083728000000000025 0.20230500000000007 0.082092999999999972 0.0037669999999999999 0.0037529999999999994 0.0037150000000000004 0.00070800000000000008 0.0007229999999999999 0.00070500000000000001 11.740693366093824 11.740693366093824 11.740693366093824 0.0043630371368413284 0.0043630371368413284 0.0043630371368413284 1 1 1 Converged Converged Converged OK OK OK 69 69 69 69 69 69 3 3 3 0 0 0 0 1 0 0 1
127 127 linear 2 15 1272 2 0.001 0.95527942809968291 0.00020347599789383324 0.00022675912707188889 0.10885973131460255 -0.01075277671803646 0.1088735340440765 0.5 -0.1086791971520695 11.738761681999772 OK 13 12 0.43491800000000003 0.40100799999999998 0.106998 0.324156 0.16414400000000001 0 0.11076200000000003 0.23686399999999996 0.106998 0.0081880000000000008 0.008234 0.0077289999999999998 0.080784999999999968 0.20672300000000005 0.078285999999999994 0.0036450000000000002 0.003882 0.0036420000000000003 0.00070899999999999989 0.00069300000000000004 0.00067499999999999993 11.738730076134186 11.738730076134186 11.738730076134186 0.0043519096104771213 0.0043519096104771213 0.0043519096104771213 1 1 1 Converged Converged Converged OK OK OK 69 69 69 69 69 69 3 3 3 0 0 0 0 1 0 0 1
127 127 linear 2 23 1272 3 0.001 0.95527942809968291 0.00020347599789383324 0.00022675912707188889 0.10885973131460255 -0.01075277671803646 0.10890508314001693 0.5 -0.10871074624800993 11.736797454569926 OK 13 12 0.43100899999999998 0.39894400000000002 0.111344 0.31686199999999998 0.167411 0 0.114147 0.23153300000000002 0.111344 0.0081519999999999995 0.0082360000000000003 0.0077169999999999999 0.084703000000000001 0.20171299999999998 0.082758000000000012 0.0035300000000000002 0.003571 0.0035490000000000001 0.00068199999999999999 0.00070699999999999995 0.00067900000000000002 11.736765907371021 11.736765907371021 11.736765907371021 0.0043408143088286485 0.0043408143088286485 0.0043408143088286485 1 1 1 Converged Converged Converged OK OK OK 69 69 69 69 69 69 3 3 3 0 0 0 0 1 0 0 1
127 127 linear 2 0 1272 0 0.0001 0.95527942809968291 0.00020347599789383324 0.00022675912707188889 0.10885973131460255 -0.01075277671803646 0.10881437948918818 0.5 -0.10862004259718118 11.742442251109718 OK 13 12 0.556002 0.55071700000000001 0.125449 0.42718699999999998 0.42380200000000001 0 0.12881500000000001 0.126915 0.125449 0.0088979999999999997 0.0089840000000000007 0.0084849999999999995 0.091976999999999989 0.090321000000000012 0.089390999999999984 0.0040679999999999996 0.0040250000000000008 0.0040769999999999999 0.00082300000000000006 0.00084000000000000003 0.00081500000000000008 11.742436091468976 11.742436091468976 11.742436091468976 5.1188580463362562e-05 5.1188580463362562e-05 5.1188580463362562e-05 1 1 1 Converged Converged Converged OK OK OK 77 77 77 77 77 77 3 3 3 0 0 0 0 0 1 0 0
127 127 linear 2 7 1272 1 0.0001 0.95527942809968291 0.00020347599789383324 0.00022675912707188889 0.10885973131460255 -0.01075277671803646 0.10884198494813606 0.5 -0.10864764805612906 11.740725030762821 OK 13 12 0.52182600000000001 0.48543199999999997 0.121544 0.39666699999999999 0.245115 0 0.12515900000000002 0.24031699999999998 0.121544 0.0083309999999999999 0.0083040000000000006 0.007757 0.092565000000000036 0.20726600000000003 0.090191999999999994 0.0040969999999999999 0.0041829999999999992 0.0040280000000000003 0.00090400000000000007 0.00087500000000000002 0.00087499999999999991 11.740718865674911 11.740718865674911 11.740718865674911 5.1074484436419228e-05 5.1074484436419228e-05 5.1074484436419228e-05 1 1 1 Converged Converged Converged OK OK OK 77 77 77 77 77 77 3 3 3 0 0 0 0 1 0 0 1
127 127 linear 2 15 1272 2 0.0001 0.95527942809968291 0.00020347599789383324 0.00022675912707188889 0.10885973131460255 -0.01075277671803646 0.1088735340440765 0.5 -0.1086791971520695 11.738761681999772 OK 13 12 0.44639400000000001 0.41277999999999998 0.117615 0.32477299999999998 0.16225600000000001 0 0.12162100000000003 0.25052399999999997 0.117615 0.0082920000000000008 0.0083269999999999993 0.0077299999999999999 0.089203999999999992 0.21495099999999998 0.086521999999999988 0.0041349999999999998 0.0041219999999999998 0.0040080000000000003 0.00081400000000000005 0.00084300000000000011 0.00080500000000000005 11.738755510684307 11.738755510684307 11.738755510684307 5.0944436025180363e-05 5.0944436025180363e-05 5.0944436025180363e-05 1 1 1 Converged Converged Converged OK OK OK 77 77 77 77 77 77 3 3 3 0 0 0 0 1 0 0 1
127 127 linear 2 23 1272 3 0.0001 0.95527942809968291 0.00020347599789383324 0.00022675912707188889 0.10885973131460255 -0.01075277671803646 0.10890508314001693 0.5 -0.10871074624800993 11.736797454569926 OK 13 12 0.44331700000000002 0.41400399999999998 0.122113 0.31448700000000002 0.166301 0 0.12883 0.24770299999999998 0.122113 0.0082470000000000009 0.0084019999999999997 0.0076670000000000002 0.096343000000000026 0.215249 0.091162000000000021 0.0041659999999999996 0.0041480000000000006 0.0039640000000000005 0.00085300000000000013 0.00081400000000000005 0.00080499999999999994 11.73679127707844 11.73679127707844 11.73679127707844 5.0814770044380093e-05 5.0814770044380093e-05 5.0814770044380093e-05 1 1 1 Converged Converged Converged OK OK OK 77 77 77 77 77 77 3 3 3 0 0 0 0 1 0 0 1
127 127 linear 3 0 1273 0 0.001 0.95527942809968291 0.00020347599789383324 0.00022675912707188889 0.00011826277882849611 -0.00067402995448544211 7.291095341411833e-05 0.5 0.00012142593859288626 1803.3587628306029 OK 15 14 0.61826199999999998 0.61062799999999995 0.222472 0.39462599999999998 0.38914799999999999 0 0.223636 0.22147999999999995 0.222472 0.017637 0.017845 0.017193 0.17090500000000011 0.16827699999999998 0.17036100000000004 0.0050739999999999995 0.0054479999999999997 0.0052320000000000005 0.001158 0.0011560000000000001 0.0011179999999999999 1803.3613577245328 1803.3613577245328 1803.3613577245328 1.6342785599838165 1.6342785599838165 1.6342785599838165 1 1 1 Converged Converged Converged OK OK OK 90 90 90 90 90 90 6 6 6 0 0 0 0 0 1 0 0
127 127 linear 3 7 1273 1 0.001 0.95527942809968291 0.00020347599789383324 0.00022675912707188889 0.00011826277882849611 -0.00067402995448544211 0.00010051641236200046 0.5 9.3820479645004127e-05 1844.0905031509524 OK 15 14 0.64832900000000004 0.66625900000000005 0.207395 0.43774999999999997 0.28712799999999999 0 0.21057900000000007 0.37913100000000005 0.207395 0.016879999999999999 0.016618000000000001 0.016032000000000001 0.16469999999999996 0.33391800000000005 0.16356600000000002 0.0052879999999999993 0.0049980000000000007 0.0048839999999999995 0.0011230000000000001 0.0010739999999999999 0.001057 1844.0883278786714 1844.0883278786714 1844.0883278786714 1.6576907140126478 1.6576907140126478 1.6576907140126478 1 1 1 Converged Converged Converged OK OK OK 90 90 90 90 90 90 6 6 6 0 0 0 0 1 0 0 1
127 127 linear 3 15 1273 2 0.001 0.95527942809968291 0.00020347599789383324 0.00022675912707188889 0.00011826277882849611 -0.00067402995448544211 0.00013206550830243717 0.5 6.2271383704567415e-05 1894.4637374327069 OK 15 14 0.57949600000000001 0.60120399999999996 0.23320399999999999 0.339196 0.191057 0 0.24030000000000001 0.41014699999999993 0.23320399999999999 0.016893999999999999 0.017049999999999999 0.016139000000000001 0.19313600000000003 0.36332399999999992 0.18838299999999991 0.0053920000000000001 0.0049860000000000008 0.0048950000000000009 0.001155 0.0010530000000000001 0.0010470000000000002 1894.465926981532 1894.465926981532 1894.465926981532 1.8290950372561738 1.8290950372561738 1.8290950372561738 1 1 1 Converged Converged Converged OK OK OK 97 97 97 97 97 97 7 7 7 0 0 0 0 1 0 0 1
127 127 linear 3 23 1273 3 0.001 0.95527942809968291 0.00020347599789383324 0.00022675912707188889 0.00011826277882849611 -0.00067402995448544211 0.00016361460424287389 0.5 3.0722287764130702e-05 1952.3311672666755 OK 15 14 0.56884400000000002 0.59313700000000003 0.18965000000000001 0.369861 0.22949700000000001 0 0.19898300000000002 0.36364000000000002 0.18965000000000001 0.020147999999999999 0.018155000000000001 0.015924000000000001 0.15366500000000005 0.31936599999999998 0.14896700000000002 0.0043099999999999996 0.0047479999999999996 0.0043709999999999999 0.0011190000000000002 0.0011639999999999999 0.0011450000000000002 1952.3294725015353 1952.3294725015353 1952.3294725015353 1.7381624758291387 1.7381624758291387 1.7381624758291387 1 1 1 Converged Converged Converged OK OK OK 89 89 89 89 89 89 7 7 7 0 0 0 0 1 0 0 1
127 127 linear 3 0 1273 0 0.0001 0.95527942809968291 0.00020347599789383324 0.00022675912707188889 0.00011826277882849611 -0.00067402995448544211 7.291095341411833e-05 0.5 0.00012142593859288626 1803.3587628306029 OK 15 14 0.66234599999999999 0.65720699999999999 0.27044800000000002 0.39145799999999997 0.38947999999999999 0 0.27088800000000002 0.26772699999999999 0.27044800000000002 0.017755 0.017756999999999998 0.017149000000000001 0.20726700000000003 0.20361400000000002 0.20307499999999998 0.006659 0.0070530000000000002 0.0067930000000000004 0.001402 0.0014259999999999998 0.0013809999999999998 1803.357438591476 1803.357438591476 1803.357438591476 0.03605975385714958 0.03605975385714958 0.03605975385714958 1 1 1 Converged Converged Converged OK OK OK 114 114 114 114 114 114 6 6 6 0 0 0 0 0 1 0 0
127 127 linear 3 7 1273 1 0.0001 0.95527942809968291 0.00020347599789383324 0.00022675912707188889 0.00011826277882849611 -0.00067402995448544211 0.00010051641236200046 0.5 9.3820479645004127e-05 1844.0905031509524 OK 15 14 0.68989400000000001 0.77293299999999998 0.24657299999999999 0.43385099999999999 0.28833399999999998 0 0.25604300000000002 0.484599 0.24657299999999999 0.016697 0.016836 0.016004999999999998 0.20331199999999999 0.43002999999999991 0.19494599999999995 0.0062259999999999998 0.0073449999999999991 0.0065300000000000011 0.001343 0.0014480000000000001 0.001346 1844.0891495655151 1844.0891495655151 1844.0891495655151 0.045850881161095917 0.045850881161095917 0.045850881161095917 1 1 1 Converged Converged Converged OK OK OK 114 114 114 114 114 114 6 6 6 0 0 0 0 1 0 0 1
127 127 linear 3 15 1273 2 0.0001 0.95527942809968291 0.00020347599789383324 0.00022675912707188889 0.00011826277882849611 -0.00067402995448544211 0.00013206550830243717 0.5 6.2271383704567415e-05 1894.4637374327069 OK 15 14 0.65167600000000003 0.767262 0.30169200000000002 0.33821000000000001 0.191112 0 0.31346600000000002 0.57614999999999994 0.30169200000000002 0.016972000000000001 0.016971 0.015934 0.25330699999999995 0.51441399999999993 0.24340199999999995 0.0073939999999999995 0.0082230000000000011 0.0074130000000000003 0.0015520000000000002 0.0016999999999999997 0.001511 1894.4623746322641 1894.4623746322641 1894.4623746322641 0.022984838242772816 0.022984838242772816 0.022984838242772816 1 1 1 Converged Converged Converged OK OK OK 137 137 137 137 137 137 7 7 7 0 0 0 0 1 0 0 1
127 127 linear 3 23 1273 3 0.0001 0.95527942809968291 0.00020347599789383324 0.00022675912707188889 0.00011826277882849611 -0.00067402995448544211 0.00016361460424287389 0.5 3.0722287764130702e-05 1952.3311672666755 OK 15 14 0.63303299999999996 0.73052399999999995 0.25657799999999997 0.37080800000000003 0.221053 0 0.26222499999999993 0.50947100000000001 0.25657799999999997 0.016735 0.016789999999999999 0.016012999999999999 0.21014100000000002 0.45611999999999975 0.20558599999999988 0.0062569999999999995 0.0069529999999999991 0.0064269999999999996 0.001488 0.0015910000000000002 0.0014600000000000001 1952.3295424584646 1952.3295424584646 1952.3295424584646 0.14444089201736079 0.14444089201736079 0.14444089201736079 1 1 1 Converged Converged Converged OK OK OK 121 121 121 121 121 121 7 7 7 0 0 0 0 1 0 0 1
127 127 linear 4 0 1274 0 0.001 0.95527942809968291 0.00020347599789383324 0.00022675912707188889 0.085282814188252648 0.013875828388723964 0.085237462362838273 0.5 -0.085043125470831274 15.752644376988433 OK 15 14 0.54634700000000003 0.54418299999999997 0.17332 0.36927199999999999 0.36621999999999999 0 0.17707500000000004 0.17796299999999998 0.17332 0.014487 0.014638 0.013835999999999999 0.12681000000000003 0.12791799999999998 0.12414800000000006 0.0048599999999999997 0.0048120000000000003 0.0048019999999999998 0.0011380000000000001 0.0011640000000000001 0.0011250000000000001 15.752634976101387 15.752634976101387 15.752634976101387 0.015499851970427688 0.015499851970427688 0.015499851970427688 1 1 1 Converged Converged Converged OK OK OK 98 98 98 98 98 98 6 6 6 0 0 0 0 0 1 0 0
127 127 linear 4 7 1274 1 0.001 0.95527942809968291 0.00020347599789383324 0.00022675912707188889 0.085282814188252648 0.013875828388723964 0.085265067821786153 0.5 -0.085070730929779154 15.680875063837723 OK 15 14 0.51300299999999999 0.45546599999999998 0.159389 0.35005399999999998 0.19417999999999999 0 0.16294900000000001 0.26128600000000002 0.159389 0.013606999999999999 0.013608 0.012841 0.12146999999999997 0.21899099999999996 0.11912799999999998 0.0047650000000000001 0.0051609999999999998 0.0047889999999999999 0.0011119999999999999 0.0011390000000000003 0.0010869999999999999 15.680865619597691 15.680865619597691 15.680865619597691 0.015005683234358129 0.015005683234358129 0.015005683234358129 1 1 1 Converged Converged Converged OK OK OK 98 98 98 98 98 98 6 6 6 0 0 0 0 1 0 0 1
127 127 linear 4 15 1274 2 0.001 0.95527942809968291 0.00020347599789383324 0.00022675912707188889 0.085282814188252648 0.013875828388723964 0.085296616917726595 0.5 -0.085102280025719595 15.604780612111377 OK 15 14 0.52783000000000002 0.47613800000000001 0.16875899999999999 0.35780899999999999 0.20050000000000001 0 0.17002100000000003 0.27563799999999999 0.16875899999999999 0.013527000000000001 0.013599999999999999 0.012800000000000001 0.12813400000000003 0.23408000000000001 0.12744500000000006 0.0048729999999999997 0.0048919999999999996 0.0048730000000000006 0.0011559999999999999 0.001168 0.0011639999999999999 15.604771258431674 15.604771258431674 15.604771258431674 0.01477933326469379 0.01477933326469379 0.01477933326469379 1 1 1 Converged Converged Converged OK OK OK 98 98 98 98 98 98 6 6 6 0 0 0 0 1 0 0 1
127 127 linear 4 23 1274 3 0.001 0.95527942809968291 0.00020347599789383324 0.00022675912707188889 0.085282814188252648 0.013875828388723964 0.085328166013667023 0.5 -0.085133829121660023 15.534175880497997 OK 15 14 0.55344099999999996 0.51231300000000002 0.165604 0.38334299999999999 0.22486900000000001 0 0.17009799999999997 0.28744400000000003 0.165604 0.013544 0.013502 0.012895999999999999 0.12831800000000004 0.24565300000000007 0.12518699999999999 0.0048890000000000001 0.0049569999999999996 0.0047200000000000002 0.0011949999999999999 0.00117 0.0011429999999999999 15.534167345379279 15.534167345379279 15.534167345379279 0.014856583906043499 0.014856583906043499 0.014856583906043499 1 1 1 Converged Converged Converged OK OK OK 98 98 98 98 98 98 6 6 6 0 0 0 0 1 0 0 1
127 127 linear 4 0 1274 0 0.0001 0.95527942809968291 0.00020347599789383324 0.00022675912707188889 0.085282814188252648 0.013875828388723964 0.085237462362838273 0.5 -0.085043125470831274 15.752644376988433 OK 15 14 0.602711 0.595773 0.227438 0.37083700000000003 0.36718000000000001 0 0.23187399999999997 0.22859299999999999 0.227438 0.014196 0.014449 0.0138 0.16881300000000005 0.16520200000000002 0.16499999999999995 0.0066079999999999993 0.0066639999999999989 0.0066310000000000006 0.0014700000000000002 0.001505 0.001477 15.752635016574979 15.752635016574979 15.752635016574979 0.00088595752896597957 0.00088595752896597957 0.00088595752896597957 1 1 1 Converged Converged Converged OK OK OK 130 130 130 130 130 130 6 6 6 0 0 0 0 0 1 0 0
127 127 linear 4 7 1274 1 0.0001 0.95527942809968291 0.00020347599789383324 0.00022675912707188889 0.085282814188252648 0.013875828388723964 0.085265067821786153 0.5 -0.085070730929779154 15.680875063837723 OK 15 14 0.56634499999999999 0.54059199999999996 0.20977999999999999 0.35007100000000002 0.19009899999999999 0 0.21627399999999997 0.35049299999999994 0.20977999999999999 0.013806000000000001 0.013672999999999999 0.012907 0.16356500000000018 0.29442399999999996 0.15962299999999993 0.0068630000000000002 0.010651000000000001 0.0065360000000000001 0.0015250000000000001 0.0014709999999999999 0.00142 15.680865655957971 15.680865655957971 15.680865655957971 0.00053735038525204296 0.00053735038525204296 0.00053735038525204296 1 1 1 Converged Converged Converged OK OK OK 130 130 130 130 130 130 6 6 6 0 0 0 0 1 0 0 1
127 127 linear 4 15 1274 2 0.0001 0.95527942809968291 0.00020347599789383324 0.00022675912707188889 0.085282814188252648 0.013875828388723964 0.085296616917726595 0.5 -0.085102280025719595 15.604780612111377 OK 15 14 0.57964599999999999 0.56188400000000005 0.21734200000000001 0.35882599999999998 0.202407 0 0.22082000000000002 0.35947700000000005 0.21734200000000001 0.013731 0.013563 0.01286 0.16924700000000004 0.30794199999999988 0.16723200000000002 0.0065669999999999999 0.0066149999999999994 0.0063669999999999994 0.0014159999999999999 0.0013769999999999998 0.0013570000000000001 15.604771290950078 15.604771290950078 15.604771290950078 0.00045855109142810995 0.00045855109142810995 0.00045855109142810995 1 1 1 Converged Converged Converged OK OK OK 130 130 130 130 130 130 6 6 6 0 0 0 0 1 0 0 1
127 127 linear 4 23 1274 3 0.0001 0.95527942809968291 0.00020347599789383324 0.00022675912707188889 0.085282814188252648 0.013875828388723964 0.085328166013667023 0.5 -0.085133829121660023 15.534175880497997 OK 15 14 0.60740700000000003 0.60493600000000003 0.21650700000000001 0.38173699999999999 0.22436400000000001 0 0.22567000000000004 0.38057200000000002 0.21650700000000001 0.013608 0.013724 0.012876 0.17377499999999999 0.327623 0.16650099999999995 0.0066990000000000001 0.0073659999999999993 0.0064359999999999999 0.0014279999999999998 0.001451 0.0013929999999999999 15.53416737474784 15.53416737474784 15.53416737474784 0.00066688063240610493 0.00066688063240610493 0.00066688063240610493 1 1 1 Converged Converged Converged OK OK OK 130 130 130 130 130 130 6 6 6 0 0 0 0 1 0 0 1
127 127 uniform 0 0 1275 0 0.001 0.95527942809968291 0.00020347599789383324 0.00022675912707188889 0.091782360603135757 -0.02027683261836517 0.091737008777721382 0 -0.091542671885714383 15.797914873594205 OK 14 13 0.80174100000000004 0.80462100000000003 0.15997900000000001 0.63934299999999999 0.64081900000000003 0 0.16239800000000004 0.163802 0.15997900000000001 0.038689000000000001 0.039434999999999998 0.036459999999999999 0.096100999999999992 0.096246999999999971 0.09594999999999998 0.00348 0.0037759999999999994 0.0036099999999999999 0.00098700000000000003 0.0010139999999999999 0.00099199999999999983 15.797915493647151 15.797915493647151 15.797915493647151 0.0045527733053879445 0.0045527733053879445 0.0045527733053879445 1 1 1 Converged Converged Converged OK OK OK 82 82 82 82 82 82 6 6 6 0 0 0 0 0 1 0 0
127 127 uniform 0 7 1275 1 0.001 0.95527942809968291 0.00020347599789383324 0.00022675912707188889 0.091782360603135757 -0.02027683261836517 0.091764614236669262 0 -0.091570277344662263 15.566947814362853 OK 14 13 0.89922000000000002 0.825488 0.14702100000000001 0.74585100000000004 0.59464399999999995 0 0.15336899999999998 0.23084400000000005 0.14702100000000001 0.039018999999999998 0.042615 0.034814999999999999 0.092340999999999979 0.16692899999999997 0.091445999999999972 0.0035799999999999998 0.0036060000000000003 0.0034119999999999997 0.00092500000000000004 0.00093700000000000012 0.00093499999999999985 15.566948280026182 15.566948280026182 15.566948280026182 0.0044999666517383761 0.0044999666517383761 0.0044999666517383761 1 1 1 Converged Converged Converged OK OK OK 82 82 82 82 82 82 6 6 6 0 0 0 0 1 0 0 1
127 127 uniform 0 15 1275 2 0.001 0.95527942809968291 0.00020347599789383324 0.00022675912707188889 0.091782360603135757 -0.02027683261836517 0.091796163332609704 0 -0.091601826440602704 15.263043932384804 OK 14 13 0.65647599999999995 0.58441500000000002 0.14845900000000001 0.50058199999999997 0.35178799999999999 0 0.15589399999999998 0.23262700000000003 0.14845900000000001 0.03884 0.037934000000000002 0.034421 0.094626999999999975 0.17346399999999987 0.093634999999999968 0.0041960000000000001 0.0035630000000000002 0.0033280000000000002 0.00097100000000000007 0.00094299999999999983 0.00089000000000000006 15.263044428547529 15.263044428547529 15.263044428547529 0.0044645900079281174 0.0044645900079281174 0.0044645900079281174 1 1 1 Converged Converged Converged OK OK OK 82 82 82 82 82 82 6 6 6 0 0 0 0 1 0 0 1
127 127 uniform 0 23 1275 3 0.001 0.95527942809968291 0.00020347599789383324 0.00022675912707188889 0.091782360603135757 -0.02027683261836517 0.091827712428550132 0 -0.091633375536543132 14.92074583775004 OK 14 13 0.61653999999999998 0.53583700000000001 0.14533299999999999 0.46073399999999998 0.30691299999999999 0 0.155806 0.22892400000000002 0.14533299999999999 0.040703000000000003 0.039765000000000002 0.034175999999999998 0.094037999999999969 0.16924099999999997 0.092437000000000033 0.0038180000000000002 0.0032889999999999994 0.0029529999999999999 0.00080299999999999979 0.00084400000000000002 0.00079299999999999998 14.920737546585501 14.920737546585501 14.920737546585501 0.012648597817501044 0.012648597817501044 0.012648597817501044 1 1 1 Converged Converged Converged OK OK OK 74 74 74 74 74 74 6 6 6 0 0 0 0 1 0 0 1
127 127 uniform 0 0 1275 0 0.0001 0.95527942809968291 0.00020347599789383324 0.00022675912707188889 0.091782360603135757 -0.02027683261836517 0.091737008777721382 0 -0.091542671885714383 15.797914873594205 OK 14 13 0.84471600000000002 0.842391 0.19922599999999999 0.640872 0.63929000000000002 0 0.20384400000000003 0.20310099999999998 0.19922599999999999 0.040142999999999998 0.039913999999999998 0.037725000000000002 0.12214800000000001 0.12197599999999999 0.12103499999999995 0.0057869999999999996 0.0055300000000000002 0.0052160000000000002 0.0013030000000000001 0.0013399999999999998 0.00132 15.797915493672809 15.797915493672809 15.797915493672809 0.00069134384744212198 0.00069134384744212198 0.00069134384744212198 1 1 1 Converged Converged Converged OK OK OK 114 114 114 114 114 114 6 6 6 0 0 0 0 0 1 0 0
127 127 uniform 0 7 1275 1 0.0001 0.95527942809968291 0.00020347599789383324 0.00022675912707188889 0.091782360603135757 -0.02027683261836517 0.091764614236669262 0 -0.091570277344662263 15.566947814362853 OK 14 13 0.93799299999999997 0.93730100000000005 0.18967000000000001 0.74971100000000002 0.60075699999999999 0 0.18828199999999995 0.33654400000000007 0.18967000000000001 0.037817999999999997 0.040291 0.034999000000000002 0.119188 0.26254600000000017 0.119237 0.0051279999999999997 0.0064929999999999996 0.0052529999999999999 0.0011640000000000001 0.0013079999999999999 0.0012099999999999999 15.566948280050831 15.566948280050831 15.566948280050831 0.00063959598910384426 0.00063959598910384426 0.00063959598910384426 1 1 1 Converged Converged Converged OK OK OK 114 114 114 114 114 114 6 6 6 0 0 0 0 1 0 0 1
127 127 uniform 0 15 1275 2 0.0001 0.95527942809968291 0.00020347599789383324 0.00022675912707188889 0.091782360603135757 -0.02027683261836517 0.091796163332609704 0 -0.091601826440602704 15.263043932384804 OK 14 13 0.68721699999999997 0.69458600000000004 0.18599599999999999 0.49707099999999999 0.35535 0 0.19014599999999998 0.33923600000000004 0.18599599999999999 0.037249999999999998 0.038753999999999997 0.034402000000000002 0.12203400000000007 0.26812699999999995 0.121337 0.005117 0.0058550000000000008 0.0050799999999999994 0.0011940000000000002 0.001212 0.0011869999999999999 15.263044428572178 15.263044428572178 15.263044428572178 0.00060542867238764445 0.00060542867238764445 0.00060542867238764445 1 1 1 Converged Converged Converged OK OK OK 114 114 114 114 114 114 6 6 6 0 0 0 0 1 0 0 1
127 127 uniform 0 23 1275 3 0.0001 0.95527942809968291 0.00020347599789383324 0.00022675912707188889 0.091782360603135757 -0.02027683261836517 0.091827712428550132 0 -0.091633375536543132 14.92074583775004 OK 14 13 0.654169 0.64849999999999997 0.190105 0.458146 0.306205 0 0.196023 0.34229499999999996 0.190105 0.037293 0.038614000000000002 0.033904999999999998 0.12796599999999991 0.27199300000000004 0.12630799999999998 0.0050290000000000014 0.0054289999999999998 0.0050340000000000003 0.001222 0.0012030000000000001 0.0011540000000000001 14.920746208947975 14.920746208947975 14.920746208947975 0.00054135682950026611 0.00054135682950026611 0.00054135682950026611 1 1 1 Converged Converged Converged OK OK OK 114 114 114 114 114 114 6 6 6 0 0 0 0 1 0 0 1
127 127 uniform 1 0 1276 0 0.001 0.95527942809968291 0.00020347599789383324 0.00022675912707188889 -0.039156759336706252 -0.00018142213875948577 -0.039202111162120627 0 0.039396448054127634 77.165283786930559 OK 17 16 0.97652600000000001 0.95969000000000004 0.32453300000000002 0.64014099999999996 0.63165099999999996 0 0.33638500000000005 0.32803900000000008 0.32453300000000002 0.017048000000000001 0.016015999999999999 0.015292 0.27238799999999991 0.26568199999999997 0.26376900000000009 0.005582000000000001 0.0055189999999999996 0.0054670000000000005 0.0014360000000000002 0.001467 0.0013960000000000001 77.163599679675187 77.163599679675187 77.163599679675187 0.076577203282749487 0.076577203282749487 0.076577203282749487 1 1 1 Converged Converged Converged OK OK OK 127 127 127 127 127 127 9 9 9 0 0 0 0 0 1 0 0
127 127 uniform 1 7 1276 1 0.001 0.95527942809968291 0.00020347599789383324 0.00022675912707188889 -0.039156759336706252 -0.00018142213875948577 -0.039174505703172748 0 0.039368842595179754 77.045048138348392 OK 17 16 0.89573899999999995 0.78977600000000003 0.31664199999999998 0.57593899999999998 0.430645 0 0.31979999999999997 0.35913100000000003 0.31664199999999998 0.014789 0.014812000000000001 0.018096000000000001 0.27236800000000005 0.31190599999999991 0.26720100000000002 0.0055080000000000007 0.005490000000000001 0.0052580000000000005 0.0014270000000000001 0.0014149999999999998 0.001379 77.043669860504764 77.043669860504764 77.043669860504764 0.071372363512706302 0.071372363512706302 0.071372363512706302 1 1 1 Converged Converged Converged OK OK OK 127 127 127 127 127 127 9 9 9 0 0 0 0 1 0 0 1
127 127 uniform 1 15 1276 2 0.001 0.95527942809968291 0.00020347599789383324 0.00022675912707188889 -0.039156759336706252 -0.00018142213875948577 -0.039142956607232313 0 0.039337293499239319 76.938243143795447 OK 17 16 0.91286199999999995 0.80801000000000001 0.31352799999999997 0.591978 0.45738699999999999 0 0.32088399999999995 0.35062300000000002 0.31352799999999997 0.014759 0.014657999999999999 0.013989 0.26943800000000001 0.30404899999999996 0.26808900000000008 0.0055469999999999998 0.005568 0.0053520000000000009 0.0014080000000000002 0.0014039999999999999 0.0013790000000000002 76.937131865714804 76.937131865714804 76.937131865714804 0.066907727226146921 0.066907727226146921 0.066907727226146921 1 1 1 Converged Converged Converged OK OK OK 127 127 127 127 127 127 9 9 9 0 0 0 0 1 0 0 1
127 127 uniform 1 23 1276 3 0.001 0.95527942809968291 0.00020347599789383324 0.00022675912707188889 -0.039156759336706252 -0.00018142213875948577 -0.039111407511291878 0 0.039305744403298884 76.854588788678655 OK 17 16 0.83817399999999997 0.74798299999999995 0.31830199999999997 0.51343499999999997 0.39169999999999999 0 0.324739 0.35628299999999996 0.31830199999999997 0.014753 0.014924 0.013913999999999999 0.27767000000000003 0.30973400000000006 0.27304599999999984 0.0056880000000000003 0.0054050000000000001 0.0054050000000000001 0.0013839999999999998 0.0013680000000000001 0.0014009999999999999 76.853680287669192 76.853680287669192 76.853680287669192 0.063358134134581592 0.063358134134581592 0.063358134134581592 1 1 1 Converged Converged Converged OK OK OK 127 127 127 127 127 127 9 9 9 0 0 0 0 1 0 0 1
127 127 uniform 1 0 1276 0 0.0001 0.95527942809968291 0.00020347599789383324 0.00022675912707188889 -0.039156759336706252 -0.00018142213875948577 -0.039202111162120627 0 0.039396448054127634 77.165283786930559 OK 17 16 1.3363370000000001 1.337453 0.70008400000000004 0.63551199999999997 0.634301 0 0.70082500000000014 0.703152 0.70008400000000004 0.015956000000000001 0.016122000000000001 0.015554999999999999 0.58582700000000043 0.58692500000000025 0.58465900000000004 0.018710000000000001 0.019265000000000001 0.019511999999999998 0.0021530000000000004 0.0022240000000000003 0.002238 77.165313189080308 77.165313189080308 77.165313189080308 0.0045895357989296859 0.0045895357989296859 0.0045895357989296859 1 1 1 Converged Converged Converged OK OK OK 271 271 271 271 271 271 9 9 9 0 0 0 0 0 1 0 0
127 127 uniform 1 7 1276 1 0.0001 0.95527942809968291 0.00020347599789383324 0.00022675912707188889 -0.039156759336706252 -0.00018142213875948577 -0.039174505703172748 0 0.039368842595179754 77.045048138348392 OK 17 16 1.2506120000000001 1.1929730000000001 0.66978899999999997 0.57718000000000003 0.42721399999999998 0 0.67343200000000003 0.76575900000000008 0.66978899999999997 0.014792 0.016216000000000001 0.014047 0.59081000000000017 0.67911900000000014 0.58852699999999969 0.017897999999999997 0.018298999999999999 0.017940000000000001 0.0020369999999999997 0.0020900000000000003 0.0020520000000000004 77.045075930690572 77.045075930690572 77.045075930690572 0.0076619103094293286 0.0076619103094293286 0.0076619103094293286 1 1 1 Converged Converged Converged OK OK OK 255 255 255 255 255 255 9 9 9 0 0 0 0 1 0 0 1
127 127 uniform 1 15 1276 2 0.0001 0.95527942809968291 0.00020347599789383324 0.00022675912707188889 -0.039156759336706252 -0.00018142213875948577 -0.039142956607232313 0 0.039337293499239319 76.938243143795447 OK 17 16 1.304759 1.232237 0.70686899999999997 0.597831 0.47492600000000001 0 0.706928 0.75731100000000007 0.70686899999999997 0.014777999999999999 0.015952999999999998 0.01396 0.62368900000000049 0.67394799999999944 0.62715800000000022 0.018541999999999999 0.017896000000000002 0.017502999999999998 0.0020599999999999998 0.0020019999999999999 0.0020219999999999999 76.938277134494527 76.938277134494527 76.938277134494527 0.0073755107944052109 0.0073755107944052109 0.0073755107944052109 1 1 1 Converged Converged Converged OK OK OK 255 255 255 255 255 255 9 9 9 0 0 0 0 1 0 0 1
127 127 uniform 1 23 1276 3 0.0001 0.95527942809968291 0.00020347599789383324 0.00022675912707188889 -0.039156759336706252 -0.00018142213875948577 -0.039111407511291878 0 0.039305744403298884 76.854588788678655 OK 17 16 1.031965 0.969804 0.51000299999999998 0.51852600000000004 0.39247500000000002 0 0.51343899999999998 0.57732899999999998 0.51000299999999998 0.014925000000000001 0.014796 0.013882 0.44537499999999991 0.50858699999999979 0.44332200000000044 0.010688000000000001 0.011096000000000002 0.010719000000000001 0.0020439999999999998 0.0020399999999999997 0.0019740000000000005 76.854518838719827 76.854518838719827 76.854518838719827 0.00682894352176116 0.00682894352176116 0.00682894352176116 1 1 1 Converged Converged Converged OK OK OK 207 207 207 207 207 207 9 9 9 0 0 0 0 1 0 0 1
127 127 uniform 2 0 1277 0 0.001 0.95527942809968291 0.00020347599789383324 0.00022675912707188889 0.10885973131460255 -0.01075277671803646 0.10881437948918818 0 -0.10862004259718118 11.743410590437167 OK 13 12 0.48603099999999999 0.48822500000000002 0.059709999999999999 0.42459599999999997 0.42732799999999999 0 0.061435000000000017 0.060897000000000034 0.059709999999999999 0.0091470000000000006 0.0089449999999999998 0.0085310000000000004 0.039237000000000001 0.039145000000000006 0.038615999999999998 0.0017290000000000001 0.0017660000000000002 0.0017129999999999999 0.00044300000000000003 0.000428 0.00042299999999999998 11.743405184531332 11.743405184531332 11.743405184531332 0.008443465513861827 0.008443465513861827 0.008443465513861827 1 1 1 Converged Converged Converged OK OK OK 37 37 37 37 37 37 3 3 3 0 0 0 0 0 1 0 0
127 127 uniform 2 7 1277 1 0.001 0.95527942809968291 0.00020347599789383324 0.00022675912707188889 0.10885973131460255 -0.01075277671803646 0.10884198494813606 0 -0.10864764805612906 11.741694240214334 OK 13 12 0.45137899999999997 0.35963400000000001 0.057319000000000002 0.39049 0.24471300000000001 0 0.060888999999999971 0.114921 0.057319000000000002 0.0083719999999999992 0.0082810000000000002 0.007698 0.040737999999999996 0.095166999999999974 0.038570000000000007 0.0017880000000000001 0.001799 0.0017260000000000001 0.00044499999999999997 0.00042900000000000002 0.00041899999999999999 11.741688846212179 11.741688846212179 11.741688846212179 0.0084334094211251653 0.0084334094211251653 0.0084334094211251653 1 1 1 Converged Converged Converged OK OK OK 37 37 37 37 37 37 3 3 3 0 0 0 0 1 0 0 1
127 127 uniform 2 15 1277 2 0.001 0.95527942809968291 0.00020347599789383324 0.00022675912707188889 0.10885973131460255 -0.01075277671803646 0.1088735340440765 0 -0.1086791971520695 11.739731882568199 OK 13 12 0.38343300000000002 0.27968799999999999 0.055969999999999999 0.32590200000000003 0.163326 0 0.057530999999999999 0.11636199999999999 0.055969999999999999 0.0081279999999999998 0.0082550000000000002 0.0077200000000000003 0.037843000000000002 0.09669999999999998 0.037333000000000005 0.0017579999999999998 0.001776 0.001683 0.000426 0.00043300000000000001 0.00042200000000000001 11.739726502099005 11.739726502099005 11.739726502099005 0.0084219455546790858 0.0084219455546790858 0.0084219455546790858 1 1 1 Converged Converged Converged OK OK OK 37 37 37 37 37 37 3 3 3 0 0 0 0 1 0 0 1
127 127 uniform 2 23 1277 3 0.001 0.95527942809968291 0.00020347599789383324 0.00022675912707188889 0.10885973131460255 -0.01075277671803646 0.10890508314001693 0 -0.10871074624800993 11.737768642670961 OK 13 12 0.37704900000000002 0.28040599999999999 0.058512000000000002 0.31675500000000001 0.16800100000000001 0 0.060294000000000014 0.11240499999999998 0.058512000000000002 0.0081740000000000007 0.0082559999999999995 0.0076540000000000002 0.040412999999999998 0.092681000000000013 0.039822000000000003 0.00174 0.0018469999999999999 0.001722 0.00045400000000000003 0.000426 0.00042200000000000001 11.737763275742319 11.737763275742319 11.737763275742319 0.0084105122954906547 0.0084105122954906547 0.0084105122954906547 1 1 1 Converged Converged Converged OK OK OK 37 37 37 37 37 37 3 3 3 0 0 0 0 1 0 0 1
127 127 uniform 2 0 1277 0 0.0001 0.95527942809968291 0.00020347599789383324 0.00022675912707188889 0.10885973131460255 -0.01075277671803646 0.10881437948918818 0 -0.10862004259718118 11.743410590437167 OK 13 12 0.53493800000000002 0.53384900000000002 0.106936 0.42354399999999998 0.425593 0 0.11139400000000005 0.10825600000000002 0.106936 0.0089669999999999993 0.0089619999999999995 0.0086750000000000004 0.072085999999999997 0.071967999999999976 0.07142100000000004 0.0039490000000000003 0.0038209999999999997 0.0038209999999999997 0.00079600000000000005 0.000825 0.00079000000000000001 11.7434105112126 11.7434105112126 11.7434105112126 1.065403651034843e-05 1.065403651034843e-05 1.065403651034843e-05 1 1 1 Converged Converged Converged OK OK OK 77 77 77 77 77 77 3 3 3 0 0 0 0 0 1 0 0
127 127 uniform 2 7 1277 1 0.0001 0.95527942809968291 0.00020347599789383324 0.00022675912707188889 0.10885973131460255 -0.01075277671803646 0.10884198494813606 0 -0.10864764805612906 11.741694240214334 OK 13 12 0.49541099999999999 0.466532 0.10281999999999999 0.391098 0.24524499999999999 0 0.10431299999999999 0.22128700000000001 0.10281999999999999 0.00826 0.0083599999999999994 0.0077910000000000002 0.072303000000000006 0.18896499999999997 0.071910000000000029 0.0038380000000000003 0.0039100000000000003 0.0038030000000000004 0.00077799999999999994 0.000803 0.00076200000000000009 11.741694161002403 11.741694161002403 11.741694161002403 1.0630261898585399e-05 1.0630261898585399e-05 1.0630261898585399e-05 1 1 1 Converged Converged Converged OK OK OK 77 77 77 77 77 77 3 3 3 0 0 0 0 1 0 0 1
127 127 uniform 2 15 1277 2 0.0001 0.95527942809968291 0.00020347599789383324 0.00022675912707188889 0.10885973131460255 -0.01075277671803646 0.1088735340440765 0 -0.1086791971520695 11.739731882568199 OK 13 12 0.42791800000000002 0.39255800000000002 0.099053000000000002 0.32673400000000002 0.16373699999999999 0 0.101184 0.22882100000000002 0.099053000000000002 0.0082819999999999994 0.0083840000000000008 0.0076889999999999997 0.069118999999999972 0.19645099999999999 0.068412000000000001 0.0038939999999999999 0.003954 0.0038039999999999997 0.00078600000000000013 0.000794 0.00075700000000000008 11.739731803340332 11.739731803340332 11.739731803340332 1.0603158948500075e-05 1.0603158948500075e-05 1.0603158948500075e-05 1 1 1 Converged Converged Converged OK OK OK 77 77 77 77 77 77 3 3 3 0 0 0 0 1 0 0 1
127 127 uniform 2 23 1277 3 0.0001 0.95527942809968291 0.00020347599789383324 0.00022675912707188889 0.10885973131460255 -0.01075277671803646 0.10890508314001693 0 -0.10871074624800993 11.737768642670961 OK 13 12 0.419381 0.39183699999999999 0.103246 0.31435600000000002 0.168068 0 0.10502499999999998 0.223769 0.103246 0.0082740000000000001 0.0082690000000000003 0.0076639999999999998 0.073173999999999975 0.19175599999999995 0.07256399999999999 0.0038899999999999998 0.0039560000000000003 0.0037820000000000002 0.00078499999999999989 0.00079700000000000007 0.00076499999999999995 11.737768563470688 11.737768563470688 11.737768563470688 1.0576139415059426e-05 1.0576139415059426e-05 1.0576139415059426e-05 1 1 1 Converged Converged Converged OK OK OK 77 77 77 77 77 77 3 3 3 0 0 0 0 1 0 0 1
127 127 uniform 3 0 1278 0 0.001 0.95527942809968291 0.00020347599789383324 0.00022675912707188889 0.00011826277882849611 -0.00067402995448544211 7.291095341411833e-05 0 0.00012142593859288626 1809.942049387332 OK 15 14 0.54778300000000002 0.54657699999999998 0.15453800000000001 0.39138200000000001 0.39406099999999999 0 0.15640100000000001 0.15251599999999998 0.15453800000000001 0.017631999999999998 0.017902000000000001 0.017302000000000001 0.11033299999999999 0.10639799999999999 0.10939299999999999 0.0035960000000000002 0.0038610000000000003 0.003637 0.00089899999999999995 0.00088399999999999991 0.00083699999999999985 1809.9456118832236 1809.9456118832236 1809.9456118832236 1.6909813860171823 1.6909813860171823 1.6909813860171823 1 1 1 Converged Converged Converged OK OK OK 74 74 74 74 74 74 6 6 6 0 0 0 0 0 1 0 0
127 127 uniform 3 7 1278 1 0.001 0.95527942809968291 0.00020347599789383324 0.00022675912707188889 0.00011826277882849611 -0.00067402995448544211 0.00010051641236200046 0 9.3820479645004127e-05 1851.9446861596523 OK 15 14 0.57924699999999996 0.576264 0.13911299999999999 0.43761899999999998 0.282605 0 0.14162799999999998 0.293659 0.13911299999999999 0.016653999999999999 0.016653000000000001 0.016021000000000001 0.102064 0.25373600000000002 0.10089499999999998 0.0036020000000000002 0.0039459999999999999 0.0036010000000000005 0.00081800000000000015 0.00088100000000000006 0.00081899999999999996 1851.9482667832494 1851.9482667832494 1851.9482667832494 1.8468488984425611 1.8468488984425611 1.8468488984425611 1 1 1 Converged Converged Converged OK OK OK 74 74 74 74 74 74 6 6 6 0 0 0 0 1 0 0 1
127 127 uniform 3 15 1278 2 0.001 0.95527942809968291 0.00020347599789383324 0.00022675912707188889 0.00011826277882849611 -0.00067402995448544211 0.00013206550830243717 0 6.2271383704567415e-05 1904.407290914706 OK 15 14 0.52540799999999999 0.52977700000000005 0.17979300000000001 0.34012399999999998 0.18969800000000001 0 0.185284 0.34007900000000002 0.17979300000000001 0.016715000000000001 0.022527999999999999 0.016136000000000001 0.14101299999999994 0.28870700000000005 0.13663799999999998 0.0042230000000000002 0.0047450000000000001 0.0041370000000000001 0.001062 0.0011719999999999999 0.0010690000000000001 1904.4140363655279 1904.4140363655279 1904.4140363655279 1.4422183432354523 1.4422183432354523 1.4422183432354523 1 1 1 Converged Converged Converged OK OK OK 89 89 89 89 89 89 7 7 7 0 0 0 0 1 0 0 1
127 127 uniform 3 23 1278 3 0.001 0.95527942809968291 0.00020347599789383324 0.00022675912707188889 0.00011826277882849611 -0.00067402995448544211 0.00016361460424287389 0 3.0722287764130702e-05 1965.6821039465347 OK 15 14 0.51839100000000005 0.53815400000000002 0.14855499999999999 0.36858999999999997 0.22034000000000001 0 0.14980100000000007 0.31781400000000004 0.14855499999999999 0.016656000000000001 0.016999 0.015976000000000001 0.11101700000000003 0.27797000000000011 0.11096999999999997 0.0036249999999999998 0.0040240000000000007 0.0035300000000000002 0.00089600000000000009 0.00094699999999999993 0.00092899999999999992 1965.685686412643 1965.685686412643 1965.685686412643 1.6262306023450637 1.6262306023450637 1.6262306023450637 1 1 1 Converged Converged Converged OK OK OK 81 81 81 81 81 81 7 7 7 0 0 0 0 1 0 0 1
127 127 uniform 3 0 1278 0 0.0001 0.95527942809968291 0.00020347599789383324 0.00022675912707188889 0.00011826277882849611 -0.00067402995448544211 7.291095341411833e-05 0 0.00012142593859288626 1809.942049387332 OK 15 14 0.634656 0.61348800000000003 0.22176599999999999 0.405638 0.388345 0 0.229018 0.22514300000000004 0.22176599999999999 0.019234000000000001 0.017696 0.017430000000000001 0.16405500000000012 0.16322899999999996 0.15955300000000006 0.00613 0.0059040000000000004 0.006156 0.001374 0.00133 0.0014189999999999999 1809.9418245836923 1809.9418245836923 1809.9418245836923 0.02072398934215864 0.02072398934215864 0.02072398934215864 1 1 1 Converged Converged Converged OK OK OK 114 114 114 114 114 114 6 6 6 0 0 0 0 0 1 0 0
127 127 uniform 3 7 1278 1 0.0001 0.95527942809968291 0.00020347599789383324 0.00022675912707188889 0.00011826277882849611 -0.00067402995448544211 0.00010051641236200046 0 9.3820479645004127e-05 1851.9446861596523 OK 15 14 0.64416399999999996 0.728576 0.203291 0.43462400000000001 0.28777999999999998 0 0.20953999999999995 0.44079600000000002 0.203291 0.016563999999999999 0.016917000000000001 0.016003 0.1579290000000001 0.38762100000000005 0.15267699999999998 0.0058939999999999999 0.006290999999999998 0.0059220000000000002 0.0012620000000000001 0.0013309999999999999 0.0012590000000000001 1851.9444782161945 1851.9444782161945 1851.9444782161945 0.025843979805148871 0.025843979805148871 0.025843979805148871 1 1 1 Converged Converged Converged OK OK OK 114 114 114 114 114 114 6 6 6 0 0 0 0 1 0 0 1
127 127 uniform 3 15 1278 2 0.0001 0.95527942809968291 0.00020347599789383324 0.00022675912707188889 0.00011826277882849611 -0.00067402995448544211 0.00013206550830243717 0 6.2271383704567415e-05 1904.407290914706 OK 15 14 0.59477100000000005 0.71682699999999999 0.25245400000000001 0.339254 0.19042799999999999 0 0.25551700000000005 0.52639900000000006 0.25245400000000001 0.017094000000000002 0.017115999999999999 0.016076 0.19624899999999992 0.46579599999999988 0.19511600000000001 0.0069769999999999988 0.0074910000000000003 0.006901 0.0015529999999999999 0.0015269999999999999 0.001639 1904.4071131682103 1904.4071131682103 1904.4071131682103 0.022816535471958003 0.022816535471958003 0.022816535471958003 1 1 1 Converged Converged Converged OK OK OK 137 137 137 137 137 137 7 7 7 0 0 0 0 1 0 0 1
127 127 uniform 3 23 1278 3 0.0001 0.95527942809968291 0.00020347599789383324 0.00022675912707188889 0.00011826277882849611 -0.00067402995448544211 0.00016361460424287389 0 3.0722287764130702e-05 1965.6821039465347 OK 15 14 0.58928100000000005 0.68696100000000004 0.215999 0.373311 0.220335 0 0.21597000000000005 0.46662600000000004 0.215999 0.016839 0.017028999999999999 0.016003 0.16455500000000003 0.413771 0.16593499999999997 0.005862 0.0062390000000000006 0.0058119999999999995 0.0014270000000000001 0.001606 0.001421 1965.681929008533 1965.681929008533 1965.681929008533 0.072233153192077668 0.072233153192077668 0.072233153192077668 1 1 1 Converged Converged Converged OK OK OK 121 121 121 121 121 121 7 7 7 0 0 0 0 1 0 0 1
127 127 uniform 4 0 1279 0 0.001 0.95527942809968291 0.00020347599789383324 0.00022675912707188889 0.085282814188252648 0.013875828388723964 0.085237462362838273 0 -0.085043125470831274 15.76335953212504 OK 15 14 0.49803599999999998 0.50161599999999995 0.132441 0.36585800000000002 0.36862899999999998 0 0.13217799999999996 0.13298699999999997 0.132441 0.014408000000000001 0.014449999999999999 0.014073 0.088994000000000018 0.089249000000000023 0.08916099999999999 0.0035519999999999996 0.0036790000000000004 0.0035490000000000001 0.00091 0.00094800000000000006 0.00094600000000000001 15.763359449125327 15.763359449125327 15.763359449125327 0.0060523391901928592 0.0060523391901928592 0.0060523391901928592 1 1 1 Converged Converged Converged OK OK OK 82 82 82 82 82 82 6 6 6 0 0 0 0 0 1 0 0
127 127 uniform 4 7 1279 1 0.001 0.95527942809968291 0.00020347599789383324 0.00022675912707188889 0.085282814188252648 0.013875828388723964 0.085265067821786153 0 -0.085070730929779154 15.690368044221865 OK 15 14 0.47176699999999999 0.389403 0.12035 0.346468 0.18931700000000001 0 0.12529899999999999 0.20008599999999999 0.12035 0.013429999999999999 0.013601 0.012858 0.089220999999999981 0.16410799999999998 0.085449999999999984 0.0035470000000000002 0.0035280000000000003 0.0035349999999999999 0.00089000000000000006 0.00092299999999999999 0.00091599999999999993 15.690367964640995 15.690367964640995 15.690367964640995 0.005811981725007619 0.005811981725007619 0.005811981725007619 1 1 1 Converged Converged Converged OK OK OK 82 82 82 82 82 82 6 6 6 0 0 0 0 1 0 0 1
127 127 uniform 4 15 1279 2 0.001 0.95527942809968291 0.00020347599789383324 0.00022675912707188889 0.085282814188252648 0.013875828388723964 0.085296616917726595 0 -0.085102280025719595 15.613112036549282 OK 15 14 0.48371799999999998 0.41415600000000002 0.123417 0.35810700000000001 0.202904 0 0.12561099999999997 0.21125200000000002 0.123417 0.013528999999999999 0.013556 0.012895 0.089062999999999989 0.1749689999999999 0.088708000000000009 0.0037080000000000004 0.0037309999999999999 0.0035720000000000001 0.00094299999999999994 0.00094899999999999997 0.00090100000000000011 15.61311211327892 15.61311211327892 15.61311211327892 0.0057726511155389276 0.0057726511155389276 0.0057726511155389276 1 1 1 Converged Converged Converged OK OK OK 82 82 82 82 82 82 6 6 6 0 0 0 0 1 0 0 1
127 127 uniform 4 23 1279 3 0.001 0.95527942809968291 0.00020347599789383324 0.00022675912707188889 0.085282814188252648 0.013875828388723964 0.085328166013667023 0 -0.085133829121660023 15.541541665147694 OK 15 14 0.514289 0.45245299999999999 0.124764 0.38154900000000003 0.224499 0 0.13273999999999997 0.22795399999999999 0.124764 0.013788999999999999 0.013624000000000001 0.012803999999999999 0.096086999999999992 0.19153000000000003 0.09010799999999998 0.0036779999999999998 0.003803 0.0035459999999999997 0.00092299999999999978 0.00095199999999999994 0.00090200000000000002 15.541543240204277 15.541543240204277 15.541543240204277 0.006156092286827371 0.006156092286827371 0.006156092286827371 1 1 1 Converged Converged Converged OK OK OK 82 82 82 82 82 82 6 6 6 0 0 0 0 1 0 0 1
127 127 uniform 4 0 1279 0 0.0001 0.95527942809968291 0.00020347599789383324 0.00022675912707188889 0.085282814188252648 0.013875828388723964 0.085237462362838273 0 -0.085043125470831274 15.76335953212504 OK 15 14 0.56791800000000003 0.56945400000000002 0.19564300000000001 0.37116100000000002 0.37212499999999998 0 0.19675700000000002 0.19732900000000003 0.19564300000000001 0.014397999999999999 0.01435 0.013868 0.13371000000000002 0.13424900000000006 0.13347099999999995 0.0062599999999999999 0.0064319999999999993 0.0061320000000000003 0.0013720000000000002 0.0014629999999999999 0.001361 15.763359443146399 15.763359443146399 15.763359443146399 0.00051087287289758689 0.00051087287289758689 0.00051087287289758689 1 1 1 Converged Converged Converged OK OK OK 130 130 130 130 130 130 6 6 6 0 0 0 0 0 1 0 0
127 127 uniform 4 7 1279 1 0.0001 0.95527942809968291 0.00020347599789383324 0.00022675912707188889 0.085282814188252648 0.013875828388723964 0.085265067821786153 0 -0.085070730929779154 15.690368044221865 OK 15 14 0.50365700000000002 0.47772300000000001 0.15615599999999999 0.34653800000000001 0.19087899999999999 0 0.15711900000000001 0.28684399999999999 0.15615599999999999 0.013513000000000001 0.013625999999999999 0.012947 0.11125899999999998 0.24023800000000001 0.11145099999999998 0.0052810000000000001 0.0055490000000000001 0.0052319999999999997 0.0012440000000000001 0.001271 0.0012030000000000001 15.690367964681013 15.690367964681013 15.690367964681013 0.0014601234499504445 0.0014601234499504445 0.0014601234499504445 1 1 1 Converged Converged Converged OK OK OK 114 114 114 114 114 114 6 6 6 0 0 0 0 1 0 0 1
127 127 uniform 4 15 1279 2 0.0001 0.95527942809968291 0.00020347599789383324 0.00022675912707188889 0.085282814188252648 0.013875828388723964 0.085296616917726595 0 -0.085102280025719595 15.613112036549282 OK 15 14 0.521872 0.50768599999999997 0.15908600000000001 0.36131200000000002 0.20635300000000001 0 0.16055999999999998 0.30133299999999996 0.15908600000000001 0.013639 0.013731999999999999 0.012806 0.11463699999999996 0.254716 0.11459699999999995 0.0053540000000000003 0.0055149999999999999 0.0053220000000000003 0.0011980000000000001 0.0012209999999999999 0.001189 15.61311211332089 15.61311211332089 15.61311211332089 0.0014221856841886544 0.0014221856841886544 0.0014221856841886544 1 1 1 Converged Converged Converged OK OK OK 114 114 114 114 114 114 6 6 6 0 0 0 0 1 0 0 1
127 127 uniform 4 23 1279 3 0.0001 0.95527942809968291 0.00020347599789383324 0.00022675912707188889 0.085282814188252648 0.013875828388723964 0.085328166013667023 0 -0.085133829121660023 15.541541665147694 OK 15 14 0.56779299999999999 0.57711500000000004 0.18478600000000001 0.381247 0.22474 0 0.18654599999999999 0.35237500000000005 0.18478600000000001 0.013584000000000001 0.013764 0.012769000000000001 0.13574700000000001 0.30074099999999998 0.13541599999999995 0.0062050000000000004 0.0064059999999999994 0.00611 0.001299 0.0013160000000000001 0.001305 15.541543236291957 15.541543236291957 15.541543236291957 0.00079533898277519004 0.00079533898277519004 0.00079533898277519004 1 1 1 Converged Converged Converged OK OK OK 130 130 130 130 130 130 6 6 6 0 0 0 0 1 0 0 1
128 128 linear 0 0 1280 0 0.001 0.96447767925912098 0.0012688730706154287 0.26523637278238582 0.15587905474082034 -0.079917760983742162 0.10283178018434316 0.5 -0.10160953130860562 7.4547993392106404 OK 14 13 0.72853199999999996 0.72571799999999997 0.29004400000000002 0.43412699999999999 0.43370799999999998 0 0.29440499999999997 0.29200999999999999 0.29004400000000002 0.011181 0.011280999999999999 0.011493 0.25217300000000009 0.24920099999999992 0.24735899999999994 0.0039979999999999998 0.0043800000000000002 0.0043899999999999998 0.0011180000000000001 0.0012050000000000001 0.0011410000000000001 7.4548234906698045 7.4548234906698045 7.4548234906698045 0.0057183055040564519 0.0057183055040564519 0.0057183055040564519 1 1 1 Converged Converged Converged OK OK OK 101 101 101 101 101 101 11 11 11 0 0 0 0 0 1 0 0
128 128 linear 0 7 1280 1 0.001 0.96447767925912098 0.0012688730706154287 0.26523637278238582 0.15587905474082034 -0.079917760983742162 0.13512142556654666 0.5 -0.13389917669080911 7.1253467379229809 OK 14 13 0.58847000000000005 0.4234 0.26218599999999997 0.319193 0.15330099999999999 0 0.26927700000000004 0.27009899999999998 0.26218599999999997 0.0088129999999999997 0.0089540000000000002 0.0085520000000000006 0.23832199999999998 0.23898000000000003 0.23234600000000005 0.003870999999999999 0.0039880000000000002 0.0038040000000000001 0.0010169999999999999 0.0010659999999999999 0.0010549999999999999 7.1252910819893849 7.1252910819893849 7.1252910819893849 0.0050918572374768385 0.0050918572374768385 0.0050918572374768385 1 1 1 Converged Converged Converged OK OK OK 100 100 100 100 100 100 12 12 12 0 0 0 0 1 0 0 1
128 128 linear 0 15 1280 2 0.001 0.96447767925912098 0.0012688730706154287 0.26523637278238582 0.15587905474082034 -0.079917760983742162 0.1720238774319221 0.5 -0.17080162855618455 6.622686014610883 OK 15 14 0.70897900000000003 0.54289799999999999 0.29490300000000003 0.40753200000000001 0.24503800000000001 0 0.30144700000000002 0.29786000000000001 0.29490300000000003 0.010833000000000001 0.010972000000000001 0.01 0.26208100000000001 0.25802900000000012 0.25483799999999995 0.0048049999999999994 0.0047610000000000005 0.0071680000000000008 0.0011330000000000001 0.001346 0.0011839999999999999 6.6226329110031124 6.6226329110031124 6.6226329110031124 0.0044533074406303908 0.0044533074406303908 0.0044533074406303908 1 1 1 Converged Converged Converged OK OK OK 115 115 115 115 115 115 13 13 13 0 0 0 0 1 0 0 1
128 128 linear 0 23 1280 3 0.001 0.96447767925912098 0.0012688730706154287 0.26523637278238582 0.15587905474082034 -0.079917760983742162 0.20892632929729751 0.5 -0.20770408042155997 5.9599561256217219 OK 15 14 0.636293 0.47559000000000001 0.28585700000000003 0.33433800000000002 0.17835599999999999 0 0.30195499999999997 0.297234 0.28585700000000003 0.010661 0.010348 0.0090130000000000002 0.26633599999999985 0.26183900000000004 0.25379799999999997 0.0048280000000000007 0.0049389999999999998 0.0041799999999999997 0.0011179999999999999 0.0011639999999999999 0.0010169999999999999 5.9598394608169816 5.9598394608169816 5.9598394608169816 0.0044659659966279543 0.0044659659966279543 0.0044659659966279543 1 1 1 Converged Converged Converged OK OK OK 115 115 115 115 115 115 13 13 13 0 0 0 0 1 0 0 1
128 128 linear 0 0 1280 0 0.0001 0.96447767925912098 0.0012688730706154287 0.26523637278238582 0.15587905474082034 -0.079917760983742162 0.10283178018434316 0.5 -0.10160953130860562 7.4547993392106404 OK 14 13 0.78364100000000003 0.77914399999999995 0.33852100000000002 0.43293100000000001 0.43676500000000001 0 0.35071000000000002 0.34237899999999993 0.33852100000000002 0.011887 0.011911 0.011880999999999999 0.2990819999999999 0.287939 0.28816099999999989 0.0060720000000000001 0.0053600000000000002 0.0055780000000000005 0.0016759999999999998 0.001779 0.0016689999999999999 7.4548219782163754 7.4548219782163754 7.4548219782163754 0.00056577126516701743 0.00056577126516701743 0.00056577126516701743 1 1 1 Converged Converged Converged OK OK OK 117 117 117 117 117 117 11 11 11 0 0 0 0 0 1 0 0
128 128 linear 0 7 1280 1 0.0001 0.96447767925912098 0.0012688730706154287 0.26523637278238582 0.15587905474082034 -0.079917760983742162 0.13512142556654666 0.5 -0.13389917669080911 7.1253467379229809 OK 14 13 0.70980500000000002 0.53667200000000004 0.37447399999999997 0.32225900000000002 0.155392 0 0.387546 0.38128000000000006 0.37447399999999997 0.0088690000000000001 0.0090950000000000007 0.0086280000000000003 0.33710599999999996 0.33127499999999999 0.32691300000000001 0.0087749999999999998 0.0083370000000000007 0.0072869999999999992 0.0020999999999999999 0.0018890000000000001 0.001786 7.1253662045759718 7.1253662045759718 7.1253662045759718 0.00060590850970881265 0.00060590850970881265 0.00060590850970881265 1 1 1 Converged Converged Converged OK OK OK 148 148 148 148 148 148 12 12 12 0 0 0 0 1 0 0 1
128 128 linear 0 15 1280 2 0.0001 0.96447767925912098 0.0012688730706154287 0.26523637278238582 0.15587905474082034 -0.079917760983742162 0.1720238774319221 0.5 -0.17080162855618455 6.622686014610883 OK 15 14 0.81912600000000002 0.65289299999999995 0.39508399999999999 0.41625600000000001 0.25167 0 0.40287000000000001 0.40122299999999994 0.39508399999999999 0.011013 0.01112 0.01038 0.35201600000000022 0.349966 0.34260499999999994 0.0076759999999999997 0.0078389999999999987 0.011232000000000001 0.0021869999999999997 0.0020990000000000002 0.0020149999999999999 6.6227192472319167 6.6227192472319167 6.6227192472319167 0.00031919864114956001 0.00031919864114956001 0.00031919864114956001 1 1 1 Converged Converged Converged OK OK OK 155 155 155 155 155 155 13 13 13 0 0 0 0 1 0 0 1
128 128 linear 0 23 1280 3 0.0001 0.96447767925912098 0.0012688730706154287 0.26523637278238582 0.15587905474082034 -0.079917760983742162 0.20892632929729751 0.5 -0.20770408042155997 5.9599561256217219 OK 15 14 0.70743 0.55095700000000003 0.35912699999999997 0.33610000000000001 0.17802599999999999 0 0.37132999999999999 0.37293100000000001 0.35912699999999997 0.010364999999999999 0.01055 0.0090609999999999996 0.32662199999999991 0.32760700000000026 0.31778300000000009 0.0068630000000000002 0.007247 0.0061819999999999991 0.0017170000000000002 0.0017030000000000001 0.0016330000000000001 5.9599736920103759 5.9599736920103759 5.9599736920103759 0.00057147721688406098 0.00057147721688406098 0.00057147721688406098 1 1 1 Converged Converged Converged OK OK OK 147 147 147 147 147 147 13 13 13 0 0 0 0 1 0 0 1
128 128 linear 1 0 1281 0 0.001 0.96447767925912098 0.0012688730706154287 0.26523637278238582 -0.0056239252190117342 -0.21597942418330765 -0.058671199775488903 0.5 0.05989344865122645 5.9498327303621972 OK 13 12 0.61122399999999999 0.605078 0.287082 0.321187 0.313998 0 0.29003699999999999 0.29108000000000001 0.287082 0.0086660000000000001 0.0085990000000000007 0.008267 0.25400400000000001 0.25350999999999996 0.25083699999999992 0.0034880000000000002 0.0043870000000000003 0.0038699999999999993 0.00089099999999999997 0.0010330000000000001 0.00099200000000000004 5.9497315750038169 5.9497315750038169 5.9497315750038169 0.0037523162007835546 0.0037523162007835546 0.0037523162007835546 1 1 1 Converged Converged Converged OK OK OK 87 87 87 87 87 87 9 9 9 0 0 0 0 0 1 0 0
128 128 linear 1 7 1281 1 0.001 0.96447767925912098 0.0012688730706154287 0.26523637278238582 -0.0056239252190117342 -0.21597942418330765 -0.026381554393285406 0.5 0.027603803269022956 6.0823685418202267 OK 12 11 0.57268600000000003 0.42701600000000001 0.27552399999999999 0.29566500000000001 0.14757200000000001 0 0.27702100000000002 0.27944400000000003 0.27552399999999999 0.0071939999999999999 0.007293 0.00696 0.25054700000000008 0.25279499999999994 0.24979300000000002 0.0033489999999999995 0.0035339999999999998 0.0034559999999999999 0.00084200000000000008 0.00092499999999999993 0.00087900000000000012 6.0822777019543084 6.0822777019543084 6.0822777019543084 0.0035089941586973566 0.0035089941586973566 0.0035089941586973566 1 1 1 Converged Converged Converged OK OK OK 87 87 87 87 87 87 9 9 9 0 0 0 0 1 0 0 1
128 128 linear 1 15 1281 2 0.001 0.96447767925912098 0.0012688730706154287 0.26523637278238582 -0.0056239252190117342 -0.21597942418330765 0.010520897472090014 0.5 -0.0092986485963524636 6.1115463033449844 OK 13 12 0.68415899999999996 0.53415900000000005 0.27031300000000003 0.40446100000000001 0.26247300000000001 0 0.27969799999999995 0.27168600000000004 0.27031300000000003 0.010333 0.010363000000000001 0.009528 0.24468499999999999 0.23769800000000005 0.23806099999999991 0.0045229999999999992 0.0045260000000000005 0.0040920000000000002 0.001075 0.001021 0.0010760000000000001 6.1113888995094907 6.1113888995094907 6.1113888995094907 0.0050912199733477289 0.0050912199733477289 0.0050912199733477289 1 1 1 Converged Converged Converged OK OK OK 94 94 94 94 94 94 10 10 10 0 0 0 0 1 0 0 1
128 128 linear 1 23 1281 3 0.001 0.96447767925912098 0.0012688730706154287 0.26523637278238582 -0.0056239252190117342 -0.21597942418330765 0.047423349337465434 0.5 -0.046201100461727887 6.0076974070217792 OK 13 12 0.70862400000000003 0.56340400000000002 0.28103499999999998 0.416107 0.27605099999999999 0 0.29251700000000003 0.28735300000000003 0.28103499999999998 0.0098879999999999992 0.0099570000000000006 0.0087989999999999995 0.25882000000000005 0.25423200000000001 0.25046499999999994 0.0042499999999999994 0.0043019999999999994 0.0036930000000000001 0.0012580000000000002 0.0011479999999999999 0.001083 6.007552835571734 6.007552835571734 6.007552835571734 0.0040182418892372373 0.0040182418892372373 0.0040182418892372373 1 1 1 Converged Converged Converged OK OK OK 101 101 101 101 101 101 11 11 11 0 0 0 0 1 0 0 1
128 128 linear 1 0 1281 0 0.0001 0.96447767925912098 0.0012688730706154287 0.26523637278238582 -0.0056239252190117342 -0.21597942418330765 -0.058671199775488903 0.5 0.05989344865122645 5.9498327303621972 OK 13 12 0.68978200000000001 0.66285799999999995 0.34501799999999999 0.32211099999999998 0.31596099999999999 0 0.36767100000000003 0.34689699999999996 0.34501799999999999 0.0097179999999999992 0.0086599999999999993 0.0088079999999999999 0.32150300000000021 0.3020850000000001 0.30019299999999999 0.004908 0.0052579999999999997 0.0051050000000000002 0.0012149999999999999 0.001346 0.0013090000000000001 5.9498588617136798 5.9498588617136798 5.9498588617136798 0.00057861036589094571 0.00057861036589094571 0.00057861036589094571 1 1 1 Converged Converged Converged OK OK OK 111 111 111 111 111 111 9 9 9 0 0 0 0 0 1 0 0
128 128 linear 1 7 1281 1 0.0001 0.96447767925912098 0.0012688730706154287 0.26523637278238582 -0.0056239252190117342 -0.21597942418330765 -0.026381554393285406 0.5 0.027603803269022956 6.0823685418202267 OK 12 11 0.70871700000000004 0.54508800000000002 0.39203700000000002 0.30566100000000002 0.149537 0 0.40305600000000003 0.39555099999999999 0.39203700000000002 0.007012 0.0074419999999999998 0.0070000000000000001 0.36110199999999992 0.35293100000000027 0.35112000000000021 0.0080339999999999995 0.0081680000000000016 0.007729999999999999 0.0014039999999999999 0.0013629999999999998 0.0013620000000000001 6.0823919416279253 6.0823919416279253 6.0823919416279253 0.00044771817716410489 0.00044771817716410489 0.00044771817716410489 1 1 1 Converged Converged Converged OK OK OK 143 143 143 143 143 143 9 9 9 0 0 0 0 1 0 0 1
128 128 linear 1 15 1281 2 0.0001 0.96447767925912098 0.0012688730706154287 0.26523637278238582 -0.0056239252190117342 -0.21597942418330765 0.010520897472090014 0.5 -0.0092986485963524636 6.1115463033449844 OK 13 12 0.81170600000000004 0.65311799999999998 0.38695800000000002 0.40828799999999998 0.26073200000000002 0 0.40341800000000005 0.39238599999999996 0.38695800000000002 0.010178 0.010274 0.0093670000000000003 0.35462700000000008 0.34354899999999994 0.3402150000000001 0.0084219999999999989 0.0086159999999999987 0.0083839999999999991 0.0015570000000000002 0.0016369999999999998 0.001604 6.1115572161008327 6.1115572161008327 6.1115572161008327 0.00052162170351296143 0.00052162170351296143 0.00052162170351296143 1 1 1 Converged Converged Converged OK OK OK 150 150 150 150 150 150 10 10 10 0 0 0 0 1 0 0 1
128 128 linear 1 23 1281 3 0.0001 0.96447767925912098 0.0012688730706154287 0.26523637278238582 -0.0056239252190117342 -0.21597942418330765 0.047423349337465434 0.5 -0.046201100461727887 6.0076974070217792 OK 13 12 0.83448199999999995 0.68869100000000005 0.40294200000000002 0.412713 0.271729 0 0.42176899999999995 0.41696200000000005 0.40294200000000002 0.0098209999999999999 0.0098899999999999995 0.0088249999999999995 0.37221500000000018 0.36727100000000001 0.35819800000000013 0.0093960000000000016 0.0094640000000000002 0.0077280000000000005 0.0018430000000000002 0.0019349999999999999 0.0016379999999999999 6.0077196497631578 6.0077196497631578 6.0077196497631578 0.00057859614820025634 0.00057859614820025634 0.00057859614820025634 1 1 1 Converged Converged Converged OK OK OK 157 157 157 157 157 157 11 11 11 0 0 0 0 1 0 0 1
128 128 linear 2 0 1282 0 0.001 0.96447767925912098 0.0012688730706154287 0.26523637278238582 -0.06046747357066555 -0.25437324904853231 -0.11351474812714271 0.5 0.11473699700288026 4.3465048747572945 OK 16 15 0.68373099999999998 0.68242100000000006 0.231818 0.44813700000000001 0.44448100000000001 0 0.23559399999999997 0.23794000000000004 0.231818 0.014657999999999999 0.014770999999999999 0.014544 0.18946699999999997 0.19110000000000005 0.185393 0.0043259999999999991 0.0045179999999999994 0.004614 0.00084499999999999994 0.00090600000000000001 0.00090799999999999995 4.3464702451970956 4.3464702451970956 4.3464702451970956 0.0032014042451590737 0.0032014042451590737 0.0032014042451590737 1 1 1 Converged Converged Converged OK OK OK 93 93 93 93 93 93 11 11 11 0 0 0 0 0 1 0 0
128 128 linear 2 7 1282 1 0.001 0.96447767925912098 0.0012688730706154287 0.26523637278238582 -0.06046747357066555 -0.25437324904853231 -0.081225102744939215 0.5 0.082447351620676762 4.723941741898364 OK 14 13 0.662748 0.52810400000000002 0.265816 0.38826300000000002 0.25651400000000002 0 0.27448499999999998 0.27159 0.265816 0.0079450000000000007 0.0080590000000000002 0.0075199999999999998 0.23798200000000005 0.23499599999999998 0.231377 0.0050609999999999995 0.0053099999999999996 0.0047199999999999994 0.0011509999999999999 0.001155 0.001075 4.7239001308609385 4.7239001308609385 4.7239001308609385 0.0034447718932082896 0.0034447718932082896 0.0034447718932082896 1 1 1 Converged Converged Converged OK OK OK 116 116 116 116 116 116 12 12 12 0 0 0 0 1 0 0 1
128 128 linear 2 15 1282 2 0.001 0.96447767925912098 0.0012688730706154287 0.26523637278238582 -0.06046747357066555 -0.25437324904853231 -0.044322650879563802 0.5 0.045544899755301349 5.0529225889003184 OK 13 12 0.74058000000000002 0.608491 0.32095499999999999 0.41111300000000001 0.27895700000000001 0 0.32946700000000001 0.32953399999999999 0.32095499999999999 0.007894 0.0078890000000000002 0.0073670000000000003 0.3012490000000001 0.3009699999999999 0.29381299999999994 0.0038080000000000002 0.0042130000000000006 0.0038700000000000006 0.00099399999999999987 0.0011230000000000001 0.00099700000000000006 5.0527394021016345 5.0527394021016345 5.0527394021016345 0.0024085755253018177 0.0024085755253018177 0.0024085755253018177 1 1 1 Converged Converged Converged OK OK OK 101 101 101 101 101 101 11 11 11 0 0 0 0 1 0 0 1
128 128 linear 2 23 1282 3 0.001 0.96447767925912098 0.0012688730706154287 0.26523637278238582 -0.06046747357066555 -0.25437324904853231 -0.007420199014188382 0.5 0.0086424478899259326 5.1590896259796617 OK 12 11 0.68096400000000001 0.54533600000000004 0.26872600000000002 0.398308 0.26636100000000001 0 0.28265600000000002 0.27897500000000003 0.26872600000000002 0.0075300000000000002 0.0076099999999999996 0.00679 0.25663299999999994 0.25340399999999996 0.24547500000000003 0.0040009999999999993 0.0037150000000000004 0.0030609999999999999 0.00097599999999999998 0.00089300000000000002 0.00078899999999999999 5.158951027335787 5.158951027335787 5.158951027335787 0.0029278473803038413 0.0029278473803038413 0.0029278473803038413 1 1 1 Converged Converged Converged OK OK OK 86 86 86 86 86 86 10 10 10 0 0 0 0 1 0 0 1
128 128 linear 2 0 1282 0 0.0001 0.96447767925912098 0.0012688730706154287 0.26523637278238582 -0.06046747357066555 -0.25437324904853231 -0.11351474812714271 0.5 0.11473699700288026 4.3465048747572945 OK 16 15 0.79192899999999999 0.78269999999999995 0.328845 0.45028099999999999 0.445413 0 0.34164800000000001 0.33728699999999995 0.328845 0.014499 0.014611000000000001 0.014489 0.27447699999999992 0.26606599999999986 0.26286999999999988 0.0075160000000000001 0.0081499999999999993 0.0077269999999999995 0.001933 0.0019780000000000002 0.0019130000000000002 4.3464856551254591 4.3464856551254591 4.3464856551254591 0.00039143994849116711 0.00039143994849116711 0.00039143994849116711 1 1 1 Converged Converged Converged OK OK OK 141 141 141 141 141 141 11 11 11 0 0 0 0 0 1 0 0
128 128 linear 2 7 1282 1 0.0001 0.96447767925912098 0.0012688730706154287 0.26523637278238582 -0.06046747357066555 -0.25437324904853231 -0.081225102744939215 0.5 0.082447351620676762 4.723941741898364 OK 14 13 0.77495199999999997 0.63445200000000002 0.37059300000000001 0.39029199999999997 0.25444600000000001 0 0.38466 0.38000600000000001 0.37059300000000001 0.0079179999999999997 0.0080090000000000005 0.0075859999999999999 0.32706900000000011 0.32241400000000031 0.31628000000000023 0.010783000000000001 0.010756999999999997 0.009440999999999998 0.0019359999999999998 0.0019990000000000003 0.001838 4.7239031582321331 4.7239031582321331 4.7239031582321331 0.00031736059227175056 0.00031736059227175056 0.00031736059227175056 1 1 1 Converged Converged Converged OK OK OK 180 180 180 180 180 180 12 12 12 0 0 0 0 1 0 0 1
128 128 linear 2 15 1282 2 0.0001 0.96447767925912098 0.0012688730706154287 0.26523637278238582 -0.06046747357066555 -0.25437324904853231 -0.044322650879563802 0.5 0.045544899755301349 5.0529225889003184 OK 13 12 0.83044300000000004 0.68918699999999999 0.41018399999999999 0.41221099999999999 0.28145500000000001 0 0.41823200000000005 0.40773199999999998 0.41018399999999999 0.007979 0.0079579999999999998 0.0088240000000000002 0.37693899999999986 0.36705699999999991 0.37000099999999986 0.0081740000000000007 0.0082989999999999991 0.0075779999999999997 0.00149 0.001536 0.0014910000000000001 5.0529013152420035 5.0529013152420035 5.0529013152420035 0.00042060833056091365 0.00042060833056091365 0.00042060833056091365 1 1 1 Converged Converged Converged OK OK OK 149 149 149 149 149 149 11 11 11 0 0 0 0 1 0 0 1
128 128 linear 2 23 1282 3 0.0001 0.96447767925912098 0.0012688730706154287 0.26523637278238582 -0.06046747357066555 -0.25437324904853231 -0.007420199014188382 0.5 0.0086424478899259326 5.1590896259796617 OK 12 11 0.78999900000000001 0.64676599999999995 0.38707000000000003 0.398198 0.265017 0 0.39180100000000001 0.38174899999999995 0.38707000000000003 0.007613 0.0072020000000000001 0.0080300000000000007 0.35352300000000014 0.34436300000000003 0.34920700000000005 0.0073980000000000001 0.007424 0.007267 0.0013900000000000002 0.0014220000000000001 0.0013339999999999999 5.1590596325975158 5.1590596325975158 5.1590596325975158 0.00034438173552159127 0.00034438173552159127 0.00034438173552159127 1 1 1 Converged Converged Converged OK OK OK 142 142 142 142 142 142 10 10 10 0 0 0 0 1 0 0 1
128 128 linear 3 0 1283 0 0.001 0.96447767925912098 0.0012688730706154287 0.26523637278238582 0.16946971995208149 0.35853644700995568 0.11642244539560431 0.5 -0.11520019651986677 2.9923703790827516 OK 12 11 0.408439 0.40884199999999998 0.115603 0.28996499999999997 0.29008699999999998 0 0.11847400000000002 0.118755 0.115603 0.0096419999999999995 0.010023000000000001 0.0093760000000000007 0.084588999999999984 0.082878999999999994 0.081526000000000015 0.0035149999999999999 0.0041190000000000003 0.0037499999999999999 0.00093700000000000001 0.0010290000000000002 0.001111 2.9923678379330485 2.9923678379330485 2.9923678379330485 0.0017279723984187571 0.0017279723984187571 0.0017279723984187571 1 1 1 Converged Converged Converged OK OK OK 82 82 82 82 82 82 6 6 6 0 0 0 0 0 1 0 0
128 128 linear 3 7 1283 1 0.001 0.96447767925912098 0.0012688730706154287 0.26523637278238582 0.16946971995208149 0.35853644700995568 0.14871209077780781 0.5 -0.14748984190207026 2.9023507156826667 OK 12 11 0.40675499999999998 0.277169 0.116676 0.28272399999999998 0.143403 0 0.124031 0.133766 0.116676 0.0087150000000000005 0.0087720000000000003 0.0080730000000000003 0.091260999999999995 0.10214299999999998 0.087052000000000032 0.0047649999999999993 0.0041900000000000001 0.003826 0.001186 0.001279 0.001114 2.9023488159887685 2.9023488159887685 2.9023488159887685 0.00096733613961441016 0.00096733613961441016 0.00096733613961441016 1 1 1 Converged Converged Converged OK OK OK 90 90 90 90 90 90 6 6 6 0 0 0 0 1 0 0 1
128 128 linear 3 15 1283 2 0.001 0.96447767925912098 0.0012688730706154287 0.26523637278238582 0.16946971995208149 0.35853644700995568 0.18561454264318322 0.5 -0.18439229376744568 2.7873440401362068 OK 12 11 0.41731800000000002 0.28232299999999999 0.12587899999999999 0.28539399999999998 0.14425499999999999 0 0.13192400000000004 0.138068 0.12587899999999999 0.0085649999999999997 0.0087419999999999998 0.0079649999999999999 0.098347999999999991 0.10462000000000006 0.09450499999999995 0.0048279999999999998 0.0048509999999999994 0.0044220000000000006 0.001276 0.0013740000000000002 0.0011950000000000001 2.7873423300313349 2.7873423300313349 2.7873423300313349 7.6243425251371871e-05 7.6243425251371871e-05 7.6243425251371871e-05 1 1 1 Converged Converged Converged OK OK OK 98 98 98 98 98 98 6 6 6 0 0 0 0 1 0 0 1
128 128 linear 3 23 1283 3 0.001 0.96447767925912098 0.0012688730706154287 0.26523637278238582 0.16946971995208149 0.35853644700995568 0.22251699450855866 0.5 -0.22129474563282112 2.6660911279367978 OK 12 11 0.40909699999999999 0.27265699999999998 0.11305800000000001 0.28669099999999997 0.14121800000000001 0 0.12240600000000001 0.13143899999999997 0.11305800000000001 0.008881 0.0087379999999999992 0.0080499999999999999 0.09388999999999996 0.10325299999999996 0.086963999999999986 0.0042880000000000001 0.0043709999999999999 0.003777 0.0012620000000000001 0.0011459999999999999 0.0010460000000000001 2.6660896330669153 2.6660896330669153 2.6660896330669153 4.1605129358617872e-05 4.1605129358617872e-05 4.1605129358617872e-05 1 1 1 Converged Converged Converged OK OK OK 90 90 90 90 90 90 6 6 6 0 0 0 0 1 0 0 1
128 128 linear 3 0 1283 0 0.0001 0.96447767925912098 0.0012688730706154287 0.26523637278238582 0.16946971995208149 0.35853644700995568 0.11642244539560431 0.5 -0.11520019651986677 2.9923703790827516 OK 12 11 0.452567 0.44703999999999999 0.15975500000000001 0.28868100000000002 0.28635100000000002 0 0.16388599999999998 0.16068899999999997 0.15975500000000001 0.0097900000000000001 0.0098469999999999999 0.0093279999999999995 0.11697599999999998 0.11599299999999999 0.11561599999999995 0.0062100000000000002 0.0053800000000000002 0.0054440000000000001 0.001418 0.0012639999999999999 0.001408 2.9923682240619156 2.9923682240619156 2.9923682240619156 0.00022494545518148812 0.00022494545518148812 0.00022494545518148812 1 1 1 Converged Converged Converged OK OK OK 106 106 106 106 106 106 6 6 6 0 0 0 0 0 1 0 0
128 128 linear 3 7 1283 1 0.0001 0.96447767925912098 0.0012688730706154287 0.26523637278238582 0.16946971995208149 0.35853644700995568 0.14871209077780781 0.5 -0.14748984190207026 2.9023507156826667 OK 12 11 0.41438700000000001 0.27973399999999998 0.12357799999999999 0.283634 0.13925499999999999 0 0.13075300000000001 0.14047899999999999 0.12357799999999999 0.0088839999999999995 0.0087609999999999997 0.0080059999999999992 0.097841000000000039 0.10840999999999994 0.093305000000000013 0.0047930000000000004 0.0047240000000000008 0.0042559999999999994 0.0013829999999999999 0.001294 0.001204 2.90234880452629 2.90234880452629 2.90234880452629 0.00012854439513329787 0.00012854439513329787 0.00012854439513329787 1 1 1 Converged Converged Converged OK OK OK 98 98 98 98 98 98 6 6 6 0 0 0 0 1 0 0 1
128 128 linear 3 15 1283 2 0.0001 0.96447767925912098 0.0012688730706154287 0.26523637278238582 0.16946971995208149 0.35853644700995568 0.18561454264318322 0.5 -0.18439229376744568 2.7873440401362068 OK 12 11 0.420568 0.278202 0.124003 0.289045 0.14139199999999999 0 0.131523 0.13681000000000001 0.124003 0.0086660000000000001 0.0087060000000000002 0.0079360000000000003 0.098801999999999987 0.10507199999999997 0.094358999999999985 0.0047489999999999997 0.0046040000000000005 0.0041749999999999999 0.0013900000000000002 0.0012180000000000001 0.0012689999999999999 2.7873423300313349 2.7873423300313349 2.7873423300313349 7.6243425251371871e-05 7.6243425251371871e-05 7.6243425251371871e-05 1 1 1 Converged Converged Converged OK OK OK 98 98 98 98 98 98 6 6 6 0 0 0 0 1 0 0 1
128 128 linear 3 23 1283 3 0.0001 0.96447767925912098 0.0012688730706154287 0.26523637278238582 0.16946971995208149 0.35853644700995568 0.22251699450855866 0.5 -0.22129474563282112 2.6660911279367978 OK 12 11 0.40154000000000001 0.26953500000000002 0.11254 0.28299099999999999 0.13918700000000001 0 0.11854900000000002 0.13034800000000002 0.11254 0.0085349999999999992 0.0086669999999999994 0.008097 0.090901999999999983 0.10314600000000002 0.08683600000000001 0.0040639999999999999 0.003862 0.0034140000000000004 0.0011039999999999999 0.001052 0.00107 2.6660896330669153 2.6660896330669153 2.6660896330669153 4.1605129358617872e-05 4.1605129358617872e-05 4.1605129358617872e-05 1 1 1 Converged Converged Converged OK OK OK 90 90 90 90 90 90 6 6 6 0 0 0 0 1 0 0 1
128 128 linear 4 0 1284 0 0.001 0.96447767925912098 0.0012688730706154287 0.26523637278238582 -0.27616829645105545 -0.41233619385693587 -0.32921557100753263 0.5 0.3304378198832702 2.1478690267281229 OK 13 12 0.40137400000000001 0.39711800000000003 0.099636000000000002 0.298626 0.29595300000000002 0 0.10274800000000001 0.101165 0.099636000000000002 0.010064999999999999 0.010139 0.0096780000000000008 0.070426000000000016 0.068398 0.067882999999999999 0.0032369999999999994 0.0034629999999999999 0.0033639999999999998 0.00089500000000000018 0.00086600000000000012 0.00091300000000000007 2.1478677320598396 2.1478677320598396 2.1478677320598396 0.00036587959874244288 0.00036587959874244288 0.00036587959874244288 1 1 1 Converged Converged Converged OK OK OK 67 67 67 67 67 67 5 5 5 0 0 0 0 0 1 0 0
128 128 linear 4 7 1284 1 0.001 0.96447767925912098 0.0012688730706154287 0.26523637278238582 -0.27616829645105545 -0.41233619385693587 -0.2969259256253291 0.5 0.29814817450106668 2.2218702585675603 OK 12 11 0.38591799999999998 0.24054400000000001 0.092535999999999993 0.28984300000000002 0.13622100000000001 0 0.096074999999999966 0.104323 0.092535999999999993 0.0085710000000000005 0.0088360000000000001 0.0080319999999999992 0.069662999999999989 0.076119999999999993 0.066991000000000009 0.003143 0.003869 0.0032070000000000002 0.000803 0.000941 0.00085799999999999993 2.2218689349529566 2.2218689349529566 2.2218689349529566 0.00031280571126045715 0.00031280571126045715 0.00031280571126045715 1 1 1 Converged Converged Converged OK OK OK 67 67 67 67 67 67 5 5 5 0 0 0 0 1 0 0 1
128 128 linear 4 15 1284 2 0.001 0.96447767925912098 0.0012688730706154287 0.26523637278238582 -0.27616829645105545 -0.41233619385693587 -0.26002347375995372 0.5 0.26124572263569129 2.308150044014972 OK 12 11 0.37889800000000001 0.237043 0.084168000000000007 0.29032000000000002 0.14543700000000001 0 0.08857799999999999 0.091605999999999993 0.084168000000000007 0.0084910000000000003 0.0087089999999999997 0.0079399999999999991 0.063167000000000001 0.065901000000000015 0.060550000000000007 0.0031340000000000001 0.003215 0.0029319999999999997 0.00083799999999999999 0.00085400000000000005 0.00071999999999999994 2.3081487731401342 2.3081487731401342 2.3081487731401342 0.002306940577083365 0.002306940577083365 0.002306940577083365 1 1 1 Converged Converged Converged OK OK OK 59 59 59 59 59 59 5 5 5 0 0 0 0 1 0 0 1
128 128 linear 4 23 1284 3 0.001 0.96447767925912098 0.0012688730706154287 0.26523637278238582 -0.27616829645105545 -0.41233619385693587 -0.22312102189457828 0.5 0.22434327077031582 2.3942751166737519 OK 12 11 0.38011200000000001 0.23718600000000001 0.086905999999999997 0.28855599999999998 0.14356099999999999 0 0.091556000000000026 0.093625000000000014 0.086905999999999997 0.0084770000000000002 0.0085229999999999993 0.0077999999999999996 0.066436000000000009 0.068616000000000024 0.063542000000000001 0.0029430000000000003 0.0030340000000000002 0.0028010000000000001 0.0007539999999999999 0.00079000000000000001 0.00070700000000000005 2.3942737130754081 2.3942737130754081 2.3942737130754081 0.0016439318388959498 0.0016439318388959498 0.0016439318388959498 1 1 1 Converged Converged Converged OK OK OK 59 59 59 59 59 59 5 5 5 0 0 0 0 1 0 0 1
128 128 linear 4 0 1284 0 0.0001 0.96447767925912098 0.0012688730706154287 0.26523637278238582 -0.27616829645105545 -0.41233619385693587 -0.32921557100753263 0.5 0.3304378198832702 2.1478690267281229 OK 13 12 0.41779100000000002 0.42291000000000001 0.118655 0.29537400000000003 0.30246699999999999 0 0.122417 0.12044300000000002 0.118655 0.0098879999999999992 0.010097999999999999 0.0096880000000000004 0.083300999999999972 0.080852999999999994 0.080439000000000038 0.0046630000000000005 0.0047139999999999994 0.0044609999999999997 0.001137 0.001116 0.0010299999999999999 2.1478677283170935 2.1478677283170935 2.1478677283170935 5.7858620811398512e-05 5.7858620811398512e-05 5.7858620811398512e-05 1 1 1 Converged Converged Converged OK OK OK 83 83 83 83 83 83 5 5 5 0 0 0 0 0 1 0 0
128 128 linear 4 7 1284 1 0.0001 0.96447767925912098 0.0012688730706154287 0.26523637278238582 -0.27616829645105545 -0.41233619385693587 -0.2969259256253291 0.5 0.29814817450106668 2.2218702585675603 OK 12 11 0.40921099999999999 0.25819900000000001 0.110001 0.29091499999999998 0.13444600000000001 0 0.11829600000000001 0.123753 0.110001 0.0084860000000000005 0.0087030000000000007 0.0079690000000000004 0.08688700000000002 0.091753000000000001 0.079561000000000007 0.0041849999999999995 0.0045880000000000001 0.0042240000000000003 0.001011 0.0010559999999999999 0.001023 2.221868932528789 2.221868932528789 2.221868932528789 0.00013408951991558579 0.00013408951991558579 0.00013408951991558579 1 1 1 Converged Converged Converged OK OK OK 83 83 83 83 83 83 5 5 5 0 0 0 0 1 0 0 1
128 128 linear 4 15 1284 2 0.0001 0.96447767925912098 0.0012688730706154287 0.26523637278238582 -0.27616829645105545 -0.41233619385693587 -0.26002347375995372 0.5 0.26124572263569129 2.308150044014972 OK 12 11 0.416827 0.277283 0.120284 0.290352 0.13852100000000001 0 0.126475 0.138762 0.120284 0.0085470000000000008 0.0086099999999999996 0.0078840000000000004 0.093980999999999995 0.10681500000000001 0.089909000000000003 0.0047380000000000009 0.004516 0.0044060000000000002 0.001219 0.0011250000000000001 0.00091 2.3081486477095936 2.3081486477095936 2.3081486477095936 0.00010115794217859122 0.00010115794217859122 0.00010115794217859122 1 1 1 Converged Converged Converged OK OK OK 83 83 83 83 83 83 5 5 5 0 0 0 0 1 0 0 1
128 128 linear 4 23 1284 3 0.0001 0.96447767925912098 0.0012688730706154287 0.26523637278238582 -0.27616829645105545 -0.41233619385693587 -0.22312102189457828 0.5 0.22434327077031582 2.3942751166737519 OK 12 11 0.419346 0.28337899999999999 0.12275800000000001 0.28731899999999999 0.14261699999999999 0 0.13202700000000001 0.140762 0.12275800000000001 0.0085690000000000002 0.0086829999999999997 0.0080309999999999999 0.099670999999999968 0.10923999999999999 0.092555000000000012 0.0046179999999999997 0.0042810000000000001 0.0039790000000000008 0.001106 0.0010629999999999999 0.0010449999999999999 2.3942736692409095 2.3942736692409095 2.3942736692409095 4.1878750902795613e-05 4.1878750902795613e-05 4.1878750902795613e-05 1 1 1 Converged Converged Converged OK OK OK 83 83 83 83 83 83 5 5 5 0 0 0 0 1 0 0 1
128 128 uniform 0 0 1285 0 0.001 0.96447767925912098 0.0012688730706154287 0.26523637278238582 0.15587905474082034 -0.079917760983742162 0.10283178018434316 0 -0.10160953130860562 7.1552971694199634 OK 14 13 0.57307799999999998 0.57546699999999995 0.13859399999999999 0.43439 0.43508999999999998 0 0.13868799999999998 0.14037699999999997 0.13859399999999999 0.011294 0.011322 0.011141 0.10107099999999997 0.101991 0.10111899999999999 0.0030039999999999997 0.0032110000000000003 0.003143 0.00085099999999999998 0.00094600000000000001 0.00084000000000000003 7.1552879960742741 7.1552879960742741 7.1552879960742741 0.0034659615133027185 0.0034659615133027185 0.0034659615133027185 1 1 1 Converged Converged Converged OK OK OK 93 93 93 93 93 93 11 11 11 0 0 0 0 0 1 0 0
128 128 uniform 0 7 1285 1 0.001 0.96447767925912098 0.0012688730706154287 0.26523637278238582 0.15587905474082034 -0.079917760983742162 0.13512142556654666 0 -0.13389917669080911 6.9261986019526347 OK 14 13 0.45636599999999999 0.29132599999999997 0.13719700000000001 0.31853900000000002 0.15227399999999999 0 0.13782699999999998 0.13905199999999998 0.13719700000000001 0.008548 0.0089639999999999997 0.008371 0.10749599999999994 0.10825199999999999 0.106964 0.0031029999999999994 0.0031709999999999998 0.0033640000000000002 0.00083299999999999997 0.00090600000000000012 0.00091399999999999988 6.9261159844266382 6.9261159844266382 6.9261159844266382 0.0053579937127125601 0.0053579937127125601 0.0053579937127125601 1 1 1 Converged Converged Converged OK OK OK 100 100 100 100 100 100 12 12 12 0 0 0 0 1 0 0 1
128 128 uniform 0 15 1285 2 0.001 0.96447767925912098 0.0012688730706154287 0.26523637278238582 0.15587905474082034 -0.079917760983742162 0.1720238774319221 0 -0.17080162855618455 6.5609100904793882 OK 15 14 0.56439399999999995 0.40231899999999998 0.15887499999999999 0.40707100000000002 0.244115 0 0.15732299999999994 0.15820399999999998 0.15887499999999999 0.010465 0.010659 0.010954 0.12023799999999996 0.12033399999999997 0.12179299999999997 0.0037469999999999995 0.0037980000000000002 0.0036740000000000002 0.001021 0.0010399999999999999 0.001049 6.5607769558284996 6.5607769558284996 6.5607769558284996 0.004544445961714107 0.004544445961714107 0.004544445961714107 1 1 1 Converged Converged Converged OK OK OK 115 115 115 115 115 115 13 13 13 0 0 0 0 1 0 0 1
128 128 uniform 0 23 1285 3 0.001 0.96447767925912098 0.0012688730706154287 0.26523637278238582 0.15587905474082034 -0.079917760983742162 0.20892632929729751 0 -0.20770408042155997 6.0428550551238169 OK 15 14 0.48515000000000003 0.332208 0.14912300000000001 0.33101799999999998 0.172401 0 0.15413200000000005 0.159807 0.14912300000000001 0.010125 0.010062 0.0087790000000000003 0.11989599999999993 0.12150300000000001 0.118339 0.0039719999999999998 0.0047869999999999996 0.0035909999999999996 0.001122 0.0010660000000000001 0.000959 6.0426482703778959 6.0426482703778959 6.0426482703778959 0.0046245412170786981 0.0046245412170786981 0.0046245412170786981 1 1 1 Converged Converged Converged OK OK OK 115 115 115 115 115 115 13 13 13 0 0 0 0 1 0 0 1
128 128 uniform 0 0 1285 0 0.0001 0.96447767925912098 0.0012688730706154287 0.26523637278238582 0.15587905474082034 -0.079917760983742162 0.10283178018434316 0 -0.10160953130860562 7.1552971694199634 OK 14 13 0.59142099999999997 0.59919699999999998 0.16069700000000001 0.43284400000000001 0.43636200000000003 0 0.15857699999999997 0.16283499999999995 0.16069700000000001 0.011363 0.011334 0.011219 0.11101499999999999 0.11396299999999997 0.112798 0.004189 0.0050490000000000005 0.0045030000000000001 0.0014500000000000001 0.0016620000000000001 0.0016359999999999999 7.1552874458402229 7.1552874458402229 7.1552874458402229 0.00041585038063254398 0.00041585038063254398 0.00041585038063254398 1 1 1 Converged Converged Converged OK OK OK 117 117 117 117 117 117 11 11 11 0 0 0 0 0 1 0 0
128 128 uniform 0 7 1285 1 0.0001 0.96447767925912098 0.0012688730706154287 0.26523637278238582 0.15587905474082034 -0.079917760983742162 0.13512142556654666 0 -0.13389917669080911 6.9261986019526347 OK 14 13 0.49638399999999999 0.33319500000000002 0.177034 0.31474600000000003 0.1522 0 0.18163799999999997 0.18099500000000002 0.177034 0.0087299999999999999 0.0089890000000000005 0.0084110000000000001 0.14271300000000006 0.14063300000000004 0.13884299999999999 0.0051770000000000002 0.0060589999999999993 0.0052350000000000001 0.001508 0.001663 0.0016740000000000001 6.9261906391181327 6.9261906391181327 6.9261906391181327 0.00067276619330793042 0.00067276619330793042 0.00067276619330793042 1 1 1 Converged Converged Converged OK OK OK 132 132 132 132 132 132 12 12 12 0 0 0 0 1 0 0 1
128 128 uniform 0 15 1285 2 0.0001 0.96447767925912098 0.0012688730706154287 0.26523637278238582 0.15587905474082034 -0.079917760983742162 0.1720238774319221 0 -0.17080162855618455 6.5609100904793882 OK 15 14 0.58450400000000002 0.42827500000000002 0.17563300000000001 0.40715699999999999 0.24640400000000001 0 0.17734700000000003 0.181871 0.17563300000000001 0.010326999999999999 0.011004999999999999 0.0098890000000000002 0.13643900000000006 0.13845300000000005 0.13580100000000003 0.0045620000000000001 0.0055720000000000006 0.0048830000000000002 0.0015509999999999999 0.001817 0.0017190000000000003 6.5608939439570007 6.5608939439570007 6.5608939439570007 0.00048243910397155173 0.00048243910397155173 0.00048243910397155173 1 1 1 Converged Converged Converged OK OK OK 139 139 139 139 139 139 13 13 13 0 0 0 0 1 0 0 1
128 128 uniform 0 23 1285 3 0.0001 0.96447767925912098 0.0012688730706154287 0.26523637278238582 0.15587905474082034 -0.079917760983742162 0.20892632929729751 0 -0.20770408042155997 6.0428550551238169 OK 15 14 0.52046800000000004 0.37313299999999999 0.18726899999999999 0.33013700000000001 0.17782800000000001 0 0.19033100000000003 0.19530499999999998 0.18726899999999999 0.0097050000000000001 0.010581 0.008907 0.14855699999999997 0.15052899999999994 0.147393 0.0054120000000000001 0.0065760000000000011 0.0052269999999999999 0.0015319999999999999 0.0016669999999999999 0.00158 6.042853003635372 6.042853003635372 6.042853003635372 0.00042596032274333186 0.00042596032274333186 0.00042596032274333186 1 1 1 Converged Converged Converged OK OK OK 147 147 147 147 147 147 13 13 13 0 0 0 0 1 0 0 1
128 128 uniform 1 0 1286 0 0.001 0.96447767925912098 0.0012688730706154287 0.26523637278238582 -0.0056239252190117342 -0.21597942418330765 -0.058671199775488903 0 0.05989344865122645 6.0336239650745505 OK 13 12 0.46218100000000001 0.46113599999999999 0.14671200000000001 0.30790299999999998 0.30949100000000002 0 0.15427800000000003 0.15164499999999997 0.14671200000000001 0.0085970000000000005 0.0085299999999999994 0.00826 0.11803700000000004 0.11539299999999997 0.11239099999999999 0.0033160000000000004 0.003859 0.0031030000000000003 0.00099599999999999992 0.001031 0.00086600000000000002 6.03344322993226 6.03344322993226 6.03344322993226 0.0041217824978091898 0.0041217824978091898 0.0041217824978091898 1 1 1 Converged Converged Converged OK OK OK 87 87 87 87 87 87 9 9 9 0 0 0 0 0 1 0 0
128 128 uniform 1 7 1286 1 0.001 0.96447767925912098 0.0012688730706154287 0.26523637278238582 -0.0056239252190117342 -0.21597942418330765 -0.026381554393285406 0 0.027603803269022956 6.1403478927475854 OK 12 11 0.42763600000000002 0.28402100000000002 0.136851 0.28867799999999999 0.14441200000000001 0 0.13895800000000003 0.13960900000000001 0.136851 0.0072810000000000001 0.0071419999999999999 0.0067720000000000002 0.11248900000000003 0.11381599999999999 0.11213399999999998 0.0032130000000000001 0.0030000000000000001 0.002957 0.00079299999999999998 0.00087700000000000007 0.000754 6.1401836717611777 6.1401836717611777 6.1401836717611777 0.0039114208247218356 0.0039114208247218356 0.0039114208247218356 1 1 1 Converged Converged Converged OK OK OK 87 87 87 87 87 87 9 9 9 0 0 0 0 1 0 0 1
128 128 uniform 1 15 1286 2 0.001 0.96447767925912098 0.0012688730706154287 0.26523637278238582 -0.0056239252190117342 -0.21597942418330765 0.010520897472090014 0 -0.0092986485963524636 6.1645614337430361 OK 13 12 0.53834400000000004 0.39060600000000001 0.13070499999999999 0.40217399999999998 0.25475399999999998 0 0.13617000000000007 0.13585200000000003 0.13070499999999999 0.0096050000000000007 0.010370000000000001 0.0093430000000000006 0.10458499999999997 0.10243999999999998 0.10014199999999999 0.0033850000000000004 0.0039170000000000003 0.0034090000000000001 0.00088500000000000004 0.00095800000000000008 0.00093800000000000003 6.1643181391399224 6.1643181391399224 6.1643181391399224 0.005266319996149545 0.005266319996149545 0.005266319996149545 1 1 1 Converged Converged Converged OK OK OK 94 94 94 94 94 94 10 10 10 0 0 0 0 1 0 0 1
128 128 uniform 1 23 1286 3 0.001 0.96447767925912098 0.0012688730706154287 0.26523637278238582 -0.0056239252190117342 -0.21597942418330765 0.047423349337465434 0 -0.046201100461727887 6.0804253915534021 OK 13 12 0.55244199999999999 0.41851100000000002 0.13899900000000001 0.41082200000000002 0.27615400000000001 0 0.14161999999999997 0.14235700000000001 0.13899900000000001 0.0094520000000000003 0.0098449999999999996 0.0087950000000000007 0.11011600000000001 0.11078299999999995 0.10923499999999998 0.0035430000000000001 0.0034640000000000001 0.0033179999999999998 0.0010020000000000001 0.001049 0.00086800000000000006 6.0801818613561673 6.0801818613561673 6.0801818613561673 0.0045250165970972438 0.0045250165970972438 0.0045250165970972438 1 1 1 Converged Converged Converged OK OK OK 101 101 101 101 101 101 11 11 11 0 0 0 0 1 0 0 1
128 128 uniform 1 0 1286 0 0.0001 0.96447767925912098 0.0012688730706154287 0.26523637278238582 -0.0056239252190117342 -0.21597942418330765 -0.058671199775488903 0 0.05989344865122645 6.0336239650745505 OK 13 12 0.49794699999999997 0.499554 0.18332200000000001 0.31572699999999998 0.314392 0 0.18221999999999999 0.18516199999999999 0.18332200000000001 0.0084290000000000007 0.0086020000000000003 0.0083569999999999998 0.13916800000000004 0.14157600000000004 0.14005699999999999 0.0040139999999999993 0.0044650000000000011 0.004614 0.001175 0.0012619999999999999 0.0012830000000000001 6.0336151369424647 6.0336151369424647 6.0336151369424647 0.0004795106047221563 0.0004795106047221563 0.0004795106047221563 1 1 1 Converged Converged Converged OK OK OK 111 111 111 111 111 111 9 9 9 0 0 0 0 0 1 0 0
128 128 uniform 1 7 1286 1 0.0001 0.96447767925912098 0.0012688730706154287 0.26523637278238582 -0.0056239252190117342 -0.21597942418330765 -0.026381554393285406 0 0.027603803269022956 6.1403478927475854 OK 12 11 0.49829099999999998 0.35839700000000002 0.2135 0.28694599999999998 0.14594399999999999 0 0.21134500000000001 0.21245300000000003 0.2135 0.0071960000000000001 0.0072249999999999997 0.0068780000000000004 0.17078499999999996 0.17192199999999996 0.17447599999999985 0.0071250000000000003 0.0066320000000000007 0.0065290000000000001 0.001364 0.001261 0.001291 6.1403471910431495 6.1403471910431495 6.1403471910431495 0.00028235667175205371 0.00028235667175205371 0.00028235667175205371 1 1 1 Converged Converged Converged OK OK OK 143 143 143 143 143 143 9 9 9 0 0 0 0 1 0 0 1
128 128 uniform 1 15 1286 2 0.0001 0.96447767925912098 0.0012688730706154287 0.26523637278238582 -0.0056239252190117342 -0.21597942418330765 0.010520897472090014 0 -0.0092986485963524636 6.1645614337430361 OK 13 12 0.61072499999999996 0.46962999999999999 0.20405599999999999 0.40036899999999997 0.26123099999999999 0 0.21035599999999999 0.208399 0.20405599999999999 0.0095999999999999992 0.010154 0.0094820000000000008 0.16467300000000001 0.16192599999999996 0.15935800000000003 0.007293 0.0074109999999999992 0.0071859999999999997 0.0014829999999999999 0.001547 0.0014660000000000001 6.1645595706441663 6.1645595706441663 6.1645595706441663 0.00033407605335865727 0.00033407605335865727 0.00033407605335865727 1 1 1 Converged Converged Converged OK OK OK 150 150 150 150 150 150 10 10 10 0 0 0 0 1 0 0 1
128 128 uniform 1 23 1286 3 0.0001 0.96447767925912098 0.0012688730706154287 0.26523637278238582 -0.0056239252190117342 -0.21597942418330765 0.047423349337465434 0 -0.046201100461727887 6.0804253915534021 OK 13 12 0.62831599999999999 0.49025200000000002 0.20966399999999999 0.40964499999999998 0.27544099999999999 0 0.218671 0.21481100000000003 0.20966399999999999 0.0097540000000000005 0.0099740000000000002 0.0086359999999999996 0.16852299999999998 0.16859299999999991 0.16624599999999998 0.0074800000000000005 0.0076779999999999991 0.0068109999999999993 0.001684 0.001653 0.0014519999999999997 6.0804226507140235 6.0804226507140235 6.0804226507140235 0.00037447736384723382 0.00037447736384723382 0.00037447736384723382 1 1 1 Converged Converged Converged OK OK OK 157 157 157 157 157 157 11 11 11 0 0 0 0 1 0 0 1
128 128 uniform 2 0 1287 0 0.001 0.96447767925912098 0.0012688730706154287 0.26523637278238582 -0.06046747357066555 -0.25437324904853231 -0.11351474812714271 0 0.11473699700288026 4.4403997105098059 OK 16 15 0.62411300000000003 0.61984499999999998 0.176013 0.44498599999999999 0.44194499999999998 0 0.17912700000000004 0.1779 0.176013 0.014518 0.014004000000000001 0.014309000000000001 0.13310000000000005 0.13339799999999991 0.13069799999999995 0.0040620000000000005 0.0036550000000000003 0.0039470000000000009 0.00084599999999999996 0.00078799999999999996 0.00087999999999999992 4.4403755808012475 4.4403755808012475 4.4403755808012475 0.0033962711165448798 0.0033962711165448798 0.0033962711165448798 1 1 1 Converged Converged Converged OK OK OK 93 93 93 93 93 93 11 11 11 0 0 0 0 0 1 0 0
128 128 uniform 2 7 1287 1 0.001 0.96447767925912098 0.0012688730706154287 0.26523637278238582 -0.06046747357066555 -0.25437324904853231 -0.081225102744939215 0 0.082447351620676762 4.8725524146847254 OK 14 13 0.58273200000000003 0.44865300000000002 0.190918 0.38548100000000002 0.251473 0 0.19725100000000001 0.19718000000000002 0.190918 0.007894 0.0079109999999999996 0.007391 0.15646499999999997 0.15804499999999994 0.15365600000000001 0.0055720000000000006 0.005045 0.0046829999999999988 0.001609 0.0013849999999999999 0.001266 4.8725417624612533 4.8725417624612533 4.8725417624612533 0.0025986716666937899 0.0025986716666937899 0.0025986716666937899 1 1 1 Converged Converged Converged OK OK OK 124 124 124 124 124 124 12 12 12 0 0 0 0 1 0 0 1
128 128 uniform 2 15 1287 2 0.001 0.96447767925912098 0.0012688730706154287 0.26523637278238582 -0.06046747357066555 -0.25437324904853231 -0.044322650879563802 0 0.045544899755301349 5.2287210793066894 OK 13 12 0.57237899999999997 0.44307800000000003 0.164079 0.40411799999999998 0.27703699999999998 0 0.16826099999999999 0.16604100000000005 0.164079 0.0078519999999999996 0.0079109999999999996 0.0073379999999999999 0.140374 0.13886000000000007 0.13815399999999997 0.0035650000000000005 0.0033569999999999997 0.0031210000000000001 0.001013 0.001073 0.00092700000000000009 5.2284724050938181 5.2284724050938181 5.2284724050938181 0.0033974823943990515 0.0033974823943990515 0.0033974823943990515 1 1 1 Converged Converged Converged OK OK OK 101 101 101 101 101 101 11 11 11 0 0 0 0 1 0 0 1
128 128 uniform 2 23 1287 3 0.001 0.96447767925912098 0.0012688730706154287 0.26523637278238582 -0.06046747357066555 -0.25437324904853231 -0.007420199014188382 0 0.0086424478899259326 5.3265306883374217 OK 12 11 0.550458 0.41979 0.15223200000000001 0.39821000000000001 0.26784400000000003 0 0.15224799999999999 0.15194599999999997 0.15223200000000001 0.0072240000000000004 0.0072040000000000003 0.0064939999999999998 0.12845599999999996 0.12848300000000004 0.13021900000000003 0.0028209999999999997 0.0027620000000000001 0.0025849999999999996 0.00079199999999999995 0.00090300000000000005 0.0007539999999999999 5.3263661154487556 5.3263661154487556 5.3263661154487556 0.0036408287556727154 0.0036408287556727154 0.0036408287556727154 1 1 1 Converged Converged Converged OK OK OK 86 86 86 86 86 86 10 10 10 0 0 0 0 1 0 0 1
128 128 uniform 2 0 1287 0 0.0001 0.96447767925912098 0.0012688730706154287 0.26523637278238582 -0.06046747357066555 -0.25437324904853231 -0.11351474812714271 0 0.11473699700288026 4.4403997105098059 OK 16 15 0.69886000000000004 0.68855900000000003 0.24209900000000001 0.44812600000000002 0.441888 0 0.25073400000000001 0.24667100000000003 0.24209900000000001 0.015589 0.014833000000000001 0.014492 0.18359100000000012 0.18132400000000001 0.17825599999999994 0.0069250000000000006 0.0070589999999999993 0.0064139999999999996 0.0018759999999999998 0.001812 0.0017700000000000001 4.4403987663361528 4.4403987663361528 4.4403987663361528 0.00040733164633913692 0.00040733164633913692 0.00040733164633913692 1 1 1 Converged Converged Converged OK OK OK 141 141 141 141 141 141 11 11 11 0 0 0 0 0 1 0 0
128 128 uniform 2 7 1287 1 0.0001 0.96447767925912098 0.0012688730706154287 0.26523637278238582 -0.06046747357066555 -0.25437324904853231 -0.081225102744939215 0 0.082447351620676762 4.8725524146847254 OK 14 13 0.65297000000000005 0.517787 0.26158999999999999 0.38527699999999998 0.251772 0 0.26769300000000007 0.266015 0.26158999999999999 0.0076880000000000004 0.0078069999999999997 0.0073470000000000002 0.21156400000000003 0.21025099999999985 0.20933400000000002 0.0096540000000000029 0.0094280000000000006 0.0084259999999999995 0.0020239999999999998 0.001954 0.0017749999999999999 4.8725518608674978 4.8725518608674978 4.8725518608674978 0.0003838686984865043 0.0003838686984865043 0.0003838686984865043 1 1 1 Converged Converged Converged OK OK OK 180 180 180 180 180 180 12 12 12 0 0 0 0 1 0 0 1
128 128 uniform 2 15 1287 2 0.0001 0.96447767925912098 0.0012688730706154287 0.26523637278238582 -0.06046747357066555 -0.25437324904853231 -0.044322650879563802 0 0.045544899755301349 5.2287210793066894 OK 13 12 0.65247599999999994 0.52634099999999995 0.24098800000000001 0.40719699999999998 0.27727600000000002 0 0.24527899999999997 0.24906499999999993 0.24098800000000001 0.0077669999999999996 0.012674 0.0073600000000000002 0.20283100000000004 0.202238 0.20048700000000011 0.0081589999999999996 0.007987000000000001 0.0074989999999999996 0.0016909999999999998 0.001652 0.0015119999999999999 5.2287172657185828 5.2287172657185828 5.2287172657185828 0.00041219535893500717 0.00041219535893500717 0.00041219535893500717 1 1 1 Converged Converged Converged OK OK OK 165 165 165 165 165 165 11 11 11 0 0 0 0 1 0 0 1
128 128 uniform 2 23 1287 3 0.0001 0.96447767925912098 0.0012688730706154287 0.26523637278238582 -0.06046747357066555 -0.25437324904853231 -0.007420199014188382 0 0.0086424478899259326 5.3265306883374217 OK 12 11 0.61714599999999997 0.48402499999999998 0.21388099999999999 0.39602399999999999 0.264652 0 0.22112199999999999 0.21937299999999998 0.21388099999999999 0.0074809999999999998 0.007326 0.0065719999999999997 0.18424899999999994 0.18291600000000002 0.17911400000000011 0.0064340000000000005 0.0067089999999999997 0.0062229999999999994 0.001364 0.0013399999999999998 0.0012310000000000001 5.3265313963520686 5.3265313963520686 5.3265313963520686 0.00042412777767072713 0.00042412777767072713 0.00042412777767072713 1 1 1 Converged Converged Converged OK OK OK 142 142 142 142 142 142 10 10 10 0 0 0 0 1 0 0 1
128 128 uniform 3 0 1288 0 0.001 0.96447767925912098 0.0012688730706154287 0.26523637278238582 0.16946971995208149 0.35853644700995568 0.11642244539560431 0 -0.11520019651986677 3.0122285201208538 OK 12 11 0.391123 0.38012000000000001 0.095903000000000002 0.28659200000000001 0.28342299999999998 0 0.10453099999999999 0.096697000000000033 0.095903000000000002 0.0099059999999999999 0.0097820000000000008 0.009273 0.063907000000000005 0.062776000000000012 0.062284000000000006 0.0043119999999999999 0.0034529999999999999 0.0037419999999999997 0.0011429999999999999 0.001023 0.001021 3.0122277971855267 3.0122277971855267 3.0122277971855267 0.0012155491698567194 0.0012155491698567194 0.0012155491698567194 1 1 1 Converged Converged Converged OK OK OK 82 82 82 82 82 82 6 6 6 0 0 0 0 0 1 0 0
128 128 uniform 3 7 1288 1 0.001 0.96447767925912098 0.0012688730706154287 0.26523637278238582 0.16946971995208149 0.35853644700995568 0.14871209077780781 0 -0.14748984190207026 2.9201853181724178 OK 12 11 0.37323200000000001 0.23564099999999999 0.087590000000000001 0.28227400000000002 0.136712 0 0.090957999999999983 0.098928999999999989 0.087590000000000001 0.0088199999999999997 0.0086449999999999999 0.0079349999999999993 0.062570999999999974 0.071909000000000015 0.061294999999999988 0.0036660000000000004 0.0033059999999999999 0.003274 0.00096699999999999998 0.00087600000000000004 0.00095600000000000004 2.9201837798255119 2.9201837798255119 2.9201837798255119 0.0022017117913470143 0.0022017117913470143 0.0022017117913470143 1 1 1 Converged Converged Converged OK OK OK 82 82 82 82 82 82 6 6 6 0 0 0 0 1 0 0 1
128 128 uniform 3 15 1288 2 0.001 0.96447767925912098 0.0012688730706154287 0.26523637278238582 0.16946971995208149 0.35853644700995568 0.18561454264318322 0 -0.18439229376744568 2.8028149051440359 OK 12 11 0.38147999999999999 0.251583 0.096854999999999997 0.28121699999999999 0.138761 0 0.10026299999999999 0.11282200000000001 0.096854999999999997 0.0087189999999999993 0.0088419999999999992 0.0079679999999999994 0.068405999999999953 0.081238000000000032 0.067581000000000002 0.0043199999999999992 0.0042690000000000002 0.0036259999999999999 0.001199 0.0011510000000000001 0.0011770000000000001 2.8028142540967504 2.8028142540967504 2.8028142540967504 0.0018698619991018221 0.0018698619991018221 0.0018698619991018221 1 1 1 Converged Converged Converged OK OK OK 90 90 90 90 90 90 6 6 6 0 0 0 0 1 0 0 1
128 128 uniform 3 23 1288 3 0.001 0.96447767925912098 0.0012688730706154287 0.26523637278238582 0.16946971995208149 0.35853644700995568 0.22251699450855866 0 -0.22129474563282112 2.6793202050952587 OK 12 11 0.37599399999999999 0.24010600000000001 0.087075 0.28645799999999999 0.13928699999999999 0 0.089536000000000004 0.10081900000000002 0.087075 0.00877 0.0088090000000000009 0.0081189999999999995 0.063928999999999986 0.075208999999999984 0.063208999999999987 0.0035130000000000001 0.0034970000000000001 0.0029319999999999997 0.00095699999999999995 0.00099299999999999996 0.00093799999999999992 2.679320200584201 2.679320200584201 2.679320200584201 0.0017645433735806217 0.0017645433735806217 0.0017645433735806217 1 1 1 Converged Converged Converged OK OK OK 82 82 82 82 82 82 6 6 6 0 0 0 0 1 0 0 1
128 128 uniform 3 0 1288 0 0.0001 0.96447767925912098 0.0012688730706154287 0.26523637278238582 0.16946971995208149 0.35853644700995568 0.11642244539560431 0 -0.11520019651986677 3.0122285201208538 OK 12 11 0.41584900000000002 0.415854 0.12950900000000001 0.28761300000000001 0.28371800000000003 0 0.12823600000000002 0.13213599999999998 0.12950900000000001 0.0096019999999999994 0.0094719999999999995 0.0094820000000000008 0.084914999999999949 0.084668000000000007 0.085230999999999973 0.0046640000000000006 0.0048080000000000006 0.0053999999999999994 0.0013209999999999999 0.001369 0.001346 3.012228209528323 3.012228209528323 3.012228209528323 0.00016344720413455092 0.00016344720413455092 0.00016344720413455092 1 1 1 Converged Converged Converged OK OK OK 106 106 106 106 106 106 6 6 6 0 0 0 0 0 1 0 0
128 128 uniform 3 7 1288 1 0.0001 0.96447767925912098 0.0012688730706154287 0.26523637278238582 0.16946971995208149 0.35853644700995568 0.14871209077780781 0 -0.14748984190207026 2.9201853181724178 OK 12 11 0.389766 0.25953700000000002 0.101254 0.28822300000000001 0.14174200000000001 0 0.10154299999999999 0.11779500000000001 0.101254 0.0086999999999999994 0.009077 0.0081949999999999992 0.070737999999999981 0.086369999999999961 0.070922999999999972 0.0039240000000000004 0.0040489999999999996 0.0043180000000000007 0.0012100000000000001 0.001273 0.001335 2.9201850636588169 2.9201850636588169 2.9201850636588169 0.00013737214701780377 0.00013737214701780377 0.00013737214701780377 1 1 1 Converged Converged Converged OK OK OK 98 98 98 98 98 98 6 6 6 0 0 0 0 1 0 0 1
128 128 uniform 3 15 1288 2 0.0001 0.96447767925912098 0.0012688730706154287 0.26523637278238582 0.16946971995208149 0.35853644700995568 0.18561454264318322 0 -0.18439229376744568 2.8028149051440359 OK 12 11 0.388241 0.25374000000000002 0.101187 0.280366 0.14049600000000001 0 0.107875 0.11324400000000001 0.101187 0.0086359999999999996 0.0088020000000000008 0.0079550000000000003 0.076787000000000008 0.082300999999999944 0.071854000000000015 0.0040890000000000006 0.0040699999999999998 0.0040489999999999996 0.0011910000000000002 0.001217 0.0012079999999999999 2.8028147080818022 2.8028147080818022 2.8028147080818022 8.1843567027320004e-05 8.1843567027320004e-05 8.1843567027320004e-05 1 1 1 Converged Converged Converged OK OK OK 98 98 98 98 98 98 6 6 6 0 0 0 0 1 0 0 1
128 128 uniform 3 23 1288 3 0.0001 0.96447767925912098 0.0012688730706154287 0.26523637278238582 0.16946971995208149 0.35853644700995568 0.22251699450855866 0 -0.22129474563282112 2.6793202050952587 OK 12 11 0.38020500000000002 0.25565599999999999 0.093175999999999995 0.284271 0.14258599999999999 0 0.095934000000000019 0.11307 0.093175999999999995 0.0087569999999999992 0.0086639999999999998 0.0080780000000000001 0.068879999999999997 0.08560199999999997 0.06810200000000001 0.0035379999999999995 0.0040159999999999996 0.0031160000000000003 0.001127 0.001214 0.0010770000000000003 2.6793201812322502 2.6793201812322502 2.6793201812322502 4.6990982121887813e-05 4.6990982121887813e-05 4.6990982121887813e-05 1 1 1 Converged Converged Converged OK OK OK 90 90 90 90 90 90 6 6 6 0 0 0 0 1 0 0 1
128 128 uniform 4 0 1289 0 0.001 0.96447767925912098 0.0012688730706154287 0.26523637278238582 -0.27616829645105545 -0.41233619385693587 -0.32921557100753263 0 0.3304378198832702 2.1538342614271015 OK 13 12 0.38128000000000001 0.38466299999999998 0.082469000000000001 0.296018 0.29991200000000001 0 0.085262000000000004 0.084750999999999965 0.082469000000000001 0.010173 0.010208 0.0096559999999999997 0.052306999999999985 0.051874999999999998 0.051332999999999997 0.0033249999999999998 0.003228 0.002944 0.0010969999999999999 0.00091299999999999997 0.00087399999999999999 2.1538341821397777 2.1538341821397777 2.1538341821397777 0.00025906395693957979 0.00025906395693957979 0.00025906395693957979 1 1 1 Converged Converged Converged OK OK OK 67 67 67 67 67 67 5 5 5 0 0 0 0 0 1 0 0
128 128 uniform 4 7 1289 1 0.001 0.96447767925912098 0.0012688730706154287 0.26523637278238582 -0.27616829645105545 -0.41233619385693587 -0.2969259256253291 0 0.29814817450106668 2.2286127977122727 OK 12 11 0.37413299999999999 0.21998799999999999 0.079245999999999997 0.29551100000000002 0.13495199999999999 0 0.07862199999999997 0.085036 0.079245999999999997 0.0087690000000000008 0.0086969999999999999 0.011221999999999999 0.051413000000000014 0.058249999999999989 0.050828000000000019 0.0033220000000000003 0.0032339999999999995 0.003019 0.00093399999999999993 0.00092499999999999993 0.00088900000000000003 2.2286127192705991 2.2286127192705991 2.2286127192705991 0.000228495052127513 0.000228495052127513 0.000228495052127513 1 1 1 Converged Converged Converged OK OK OK 67 67 67 67 67 67 5 5 5 0 0 0 0 1 0 0 1
128 128 uniform 4 15 1289 2 0.001 0.96447767925912098 0.0012688730706154287 0.26523637278238582 -0.27616829645105545 -0.41233619385693587 -0.26002347375995372 0 0.26124572263569129 2.3158841726377943 OK 12 11 0.361147 0.21461 0.069220000000000004 0.28973700000000002 0.139043 0 0.071409999999999973 0.075566999999999995 0.069220000000000004 0.0084580000000000002 0.0085620000000000002 0.0078779999999999996 0.046579999999999996 0.050766000000000006 0.045864999999999989 0.0027589999999999997 0.0027650000000000001 0.0026189999999999998 0.00081599999999999989 0.00078100000000000001 0.00075699999999999997 2.3158842208523467 2.3158842208523467 2.3158842208523467 0.0014469801962098982 0.0014469801962098982 0.0014469801962098982 1 1 1 Converged Converged Converged OK OK OK 59 59 59 59 59 59 5 5 5 0 0 0 0 1 0 0 1
128 128 uniform 4 23 1289 3 0.001 0.96447767925912098 0.0012688730706154287 0.26523637278238582 -0.27616829645105545 -0.41233619385693587 -0.22312102189457828 0 0.22434327077031582 2.4030971554498413 OK 12 11 0.35457899999999998 0.213643 0.066975000000000007 0.28680899999999998 0.142424 0 0.067769999999999997 0.071219000000000005 0.066975000000000007 0.0085749999999999993 0.0086429999999999996 0.0080249999999999991 0.044467 0.048334000000000009 0.044973999999999972 0.002313 0.002382 0.0022269999999999998 0.00064899999999999995 0.00060599999999999998 0.00062500000000000001 2.4030974988238705 2.4030974988238705 2.4030974988238705 0.0017696877334428202 0.0017696877334428202 0.0017696877334428202 1 1 1 Converged Converged Converged OK OK OK 51 51 51 51 51 51 5 5 5 0 0 0 0 1 0 0 1
128 128 uniform 4 0 1289 0 0.0001 0.96447767925912098 0.0012688730706154287 0.26523637278238582 -0.27616829645105545 -0.41233619385693587 -0.32921557100753263 0 0.3304378198832702 2.1538342614271015 OK 13 12 0.39650400000000002 0.40120499999999998 0.099070000000000005 0.29483999999999999 0.30041400000000001 0 0.10166400000000003 0.10079099999999996 0.099070000000000005 0.010258 0.010181000000000001 0.0095809999999999992 0.061897000000000015 0.061305999999999986 0.061018000000000017 0.0044250000000000001 0.004594 0.0043639999999999998 0.001152 0.0012329999999999999 0.0011480000000000001 2.1538341834635077 2.1538341834635077 2.1538341834635077 3.6887296813238404e-05 3.6887296813238404e-05 3.6887296813238404e-05 1 1 1 Converged Converged Converged OK OK OK 83 83 83 83 83 83 5 5 5 0 0 0 0 0 1 0 0
128 128 uniform 4 7 1289 1 0.0001 0.96447767925912098 0.0012688730706154287 0.26523637278238582 -0.27616829645105545 -0.41233619385693587 -0.2969259256253291 0 0.29814817450106668 2.2286127977122727 OK 12 11 0.38634600000000002 0.23679 0.090617000000000003 0.29424699999999998 0.13369700000000001 0 0.092099000000000042 0.10309299999999999 0.090617000000000003 0.0085129999999999997 0.0085629999999999994 0.0080870000000000004 0.060724999999999994 0.071704999999999991 0.060189000000000006 0.0038739999999999998 0.0038499999999999997 0.0039640000000000005 0.00099700000000000006 0.001023 0.0010790000000000001 2.2286127188121778 2.2286127188121778 2.2286127188121778 8.9056744546598104e-05 8.9056744546598104e-05 8.9056744546598104e-05 1 1 1 Converged Converged Converged OK OK OK 83 83 83 83 83 83 5 5 5 0 0 0 0 1 0 0 1
128 128 uniform 4 15 1289 2 0.0001 0.96447767925912098 0.0012688730706154287 0.26523637278238582 -0.27616829645105545 -0.41233619385693587 -0.26002347375995372 0 0.26124572263569129 2.3158841726377943 OK 12 11 0.39520100000000002 0.25180799999999998 0.097631999999999997 0.29302099999999998 0.13925499999999999 0 0.10218000000000005 0.11255299999999999 0.097631999999999997 0.0088380000000000004 0.0086979999999999991 0.0079679999999999994 0.069293999999999994 0.080725000000000019 0.06776100000000003 0.0045750000000000001 0.0041680000000000007 0.0038570000000000002 0.0010839999999999999 0.0009990000000000001 0.001013 2.3158840938362144 2.3158840938362144 2.3158840938362144 7.2398597389238738e-05 7.2398597389238738e-05 7.2398597389238738e-05 1 1 1 Converged Converged Converged OK OK OK 83 83 83 83 83 83 5 5 5 0 0 0 0 1 0 0 1
128 128 uniform 4 23 1289 3 0.0001 0.96447767925912098 0.0012688730706154287 0.26523637278238582 -0.27616829645105545 -0.41233619385693587 -0.22312102189457828 0 0.22434327077031582 2.4030971554498413 OK 12 11 0.391901 0.25964300000000001 0.100035 0.28758899999999998 0.14718000000000001 0 0.10431200000000002 0.11246300000000001 0.100035 0.0086979999999999991 0.0086359999999999996 0.0078930000000000007 0.071656000000000025 0.080719999999999972 0.070324999999999957 0.0044589999999999994 0.0041359999999999999 0.0037140000000000003 0.001222 0.001188 0.0010040000000000001 2.4030970855821967 2.4030970855821967 2.4030970855821967 2.6882499974384855e-05 2.6882499974384855e-05 2.6882499974384855e-05 1 1 1 Converged Converged Converged OK OK OK 83 83 83 83 83 83 5 5 5 0 0 0 0 1 0 0 1
129 129 linear 0 0 1290 0 0.001 1.8123377774426679 0.016349321207570565 0.00011833195552117124 0.025365398744918739 -9.697601349744037e-06 0.025341732353814504 0.5 0.0038121144995679375 3137.7264373219932 OK 14 13 0.94719200000000003 0.937338 0.32583200000000001 0.61239500000000002 0.61138999999999999 0 0.33479700000000001 0.32594800000000002 0.32583200000000001 0.010782 0.010862 0.01073 0.28292700000000004 0.27544399999999991 0.27468400000000009 0.0066870000000000002 0.0060490000000000006 0.0065319999999999996 0.00085000000000000006 0.000843 0.0008740000000000001 3137.7059272878246 3137.7059272878246 3137.7059272878246 2.5898727149692951 2.5898727149692951 2.5898727149692951 1 1 1 Converged Converged Converged OK OK OK 113 113 113 113 113 113 7 7 7 0 0 0 0 0 1 0 0
129 129 linear 0 7 1290 1 0.001 1.8123377774426679 0.016349321207570565 0.00011833195552117124 0.025365398744918739 -9.697601349744037e-06 0.0253561379831823 0.5 0.0037977088702001414 3076.5595070868926 OK 14 13 0.99934199999999995 0.97907699999999998 0.31560100000000002 0.67448200000000003 0.52302199999999999 0 0.32485999999999993 0.45605499999999999 0.31560100000000002 0.010293999999999999 0.011289 0.0093430000000000006 0.28118599999999994 0.41081200000000001 0.27436300000000002 0.0064939999999999998 0.0063500000000000006 0.0060410000000000012 0.00085999999999999998 0.00091399999999999988 0.00082399999999999986 3076.5035234390175 3076.5035234390175 3076.5035234390175 2.6078256726494637 2.6078256726494637 2.6078256726494637 1 1 1 Converged Converged Converged OK OK OK 113 113 113 113 113 113 7 7 7 0 0 0 0 1 0 0 1
129 129 linear 0 15 1290 2 0.001 1.8123377774426679 0.016349321207570565 0.00011833195552117124 0.025365398744918739 -9.697601349744037e-06 0.025372601559602637 0.5 0.0037812452937798051 3003.9183517661481 OK 14 13 0.97931800000000002 0.96462800000000004 0.309757 0.66095099999999996 0.52845900000000001 0 0.31836700000000007 0.43616900000000003 0.309757 0.010189 0.011440000000000001 0.0094839999999999994 0.275088 0.39125400000000016 0.26823599999999997 0.0061900000000000002 0.0063109999999999998 0.0062070000000000007 0.00085099999999999998 0.00085800000000000004 0.00084600000000000018 3003.8951274309616 3003.8951274309616 3003.8951274309616 2.6289595288571093 2.6289595288571093 2.6289595288571093 1 1 1 Converged Converged Converged OK OK OK 113 113 113 113 113 113 7 7 7 0 0 0 0 1 0 0 1
129 129 linear 0 23 1290 3 0.001 1.8123377774426679 0.016349321207570565 0.00011833195552117124 0.025365398744918739 -9.697601349744037e-06 0.025389065136022973 0.5 0.0037647817173594687 2928.8991939366651 OK 14 13 0.851356 0.79841300000000004 0.31781300000000001 0.52539000000000002 0.36073899999999998 0 0.32596599999999998 0.43767400000000006 0.31781300000000001 0.0097599999999999996 0.0097210000000000005 0.0090109999999999999 0.28359399999999996 0.39507100000000012 0.2769370000000001 0.0060830000000000007 0.0062170000000000003 0.0060449999999999992 0.000843 0.00084500000000000005 0.00086199999999999992 2928.9320581204352 2928.9320581204352 2928.9320581204352 2.6507181551175409 2.6507181551175409 2.6507181551175409 1 1 1 Converged Converged Converged OK OK OK 113 113 113 113 113 113 7 7 7 0 0 0 0 1 0 0 1
129 129 linear 0 0 1290 0 0.0001 1.8123377774426679 0.016349321207570565 0.00011833195552117124 0.025365398744918739 -9.697601349744037e-06 0.025341732353814504 0.5 0.0038121144995679375 3137.7264373219932 OK 14 13 0.977271 0.97997299999999998 0.35793599999999998 0.61191600000000002 0.61051 0 0.36535499999999999 0.36946299999999999 0.35793599999999998 0.010699999999999999 0.010984000000000001 0.010515999999999999 0.30666600000000011 0.30836700000000017 0.299653 0.0068560000000000001 0.0071939999999999999 0.0069329999999999991 0.001134 0.0011980000000000001 0.001157 3137.7133460978944 3137.7133460978944 3137.7133460978944 0.10378877436726296 0.10378877436726296 0.10378877436726296 1 1 1 Converged Converged Converged OK OK OK 129 129 129 129 129 129 7 7 7 0 0 0 0 0 1 0 0
129 129 linear 0 7 1290 1 0.0001 1.8123377774426679 0.016349321207570565 0.00011833195552117124 0.025365398744918739 -9.697601349744037e-06 0.0253561379831823 0.5 0.0037977088702001414 3076.5595070868926 OK 14 13 1.0258719999999999 1.0184310000000001 0.34811500000000001 0.67149000000000003 0.53023399999999998 0 0.35438199999999986 0.4881970000000001 0.34811500000000001 0.010113 0.010076999999999999 0.0094059999999999994 0.30591000000000013 0.43980799999999998 0.3014940000000001 0.0072589999999999998 0.0073890000000000006 0.0069700000000000005 0.001194 0.00116 0.0011380000000000001 3076.5109511828164 3076.5109511828164 3076.5109511828164 0.10079350425285979 0.10079350425285979 0.10079350425285979 1 1 1 Converged Converged Converged OK OK OK 129 129 129 129 129 129 7 7 7 0 0 0 0 1 0 0 1
129 129 linear 0 15 1290 2 0.0001 1.8123377774426679 0.016349321207570565 0.00011833195552117124 0.025365398744918739 -9.697601349744037e-06 0.025372601559602637 0.5 0.0037812452937798051 3003.9183517661481 OK 14 13 1.0091239999999999 0.993452 0.34034399999999998 0.65894299999999995 0.52257900000000002 0 0.35018099999999996 0.47087299999999999 0.34034399999999998 0.010069 0.010237 0.0093769999999999999 0.30152899999999988 0.4220879999999998 0.29378899999999991 0.007418000000000001 0.0075380000000000004 0.0070029999999999997 0.001183 0.0012230000000000001 0.0011659999999999999 3003.9025647864246 3003.9025647864246 3003.9025647864246 0.097319273901352754 0.097319273901352754 0.097319273901352754 1 1 1 Converged Converged Converged OK OK OK 129 129 129 129 129 129 7 7 7 0 0 0 0 1 0 0 1
129 129 linear 0 23 1290 3 0.0001 1.8123377774426679 0.016349321207570565 0.00011833195552117124 0.025365398744918739 -9.697601349744037e-06 0.025389065136022973 0.5 0.0037647817173594687 2928.8991939366651 OK 14 13 0.88203200000000004 0.84540999999999999 0.34822599999999998 0.523648 0.36123699999999997 0 0.35838400000000004 0.48417300000000002 0.34822599999999998 0.0097890000000000008 0.0099209999999999993 0.0090100000000000006 0.31027599999999972 0.43630500000000005 0.30232700000000001 0.0074120000000000002 0.0073269999999999993 0.006992 0.001181 0.0011779999999999998 0.0011259999999999998 2928.9395042589631 2928.9395042589631 2928.9395042589631 0.09381293080929258 0.09381293080929258 0.09381293080929258 1 1 1 Converged Converged Converged OK OK OK 129 129 129 129 129 129 7 7 7 0 0 0 0 1 0 0 1
129 129 linear 1 0 1291 0 0.001 1.8123377774426679 0.016349321207570565 0.00011833195552117124 0.013675601321882808 0.006401915209471417 0.013651934930778573 0.5 0.015501911922603868 204.89197930721897 OK 14 13 0.696411 0.69482600000000005 0.154278 0.53696100000000002 0.53874599999999995 0 0.15944999999999998 0.15608000000000011 0.154278 0.013495999999999999 0.013454000000000001 0.012854000000000001 0.12365 0.12040200000000004 0.11998099999999999 0.0030690000000000001 0.0032240000000000003 0.0029189999999999997 0.00085700000000000012 0.00088699999999999998 0.00077300000000000003 204.89226991548432 204.89226991548432 204.89226991548432 0.11356145295279901 0.11356145295279901 0.11356145295279901 1 1 1 Converged Converged Converged OK OK OK 67 67 67 67 67 67 5 5 5 0 0 0 0 0 1 0 0
129 129 linear 1 7 1291 1 0.001 1.8123377774426679 0.016349321207570565 0.00011833195552117124 0.013675601321882808 0.006401915209471417 0.013666340560146368 0.5 0.015487506293236074 217.98264768781871 OK 14 13 0.75712100000000004 0.72017399999999998 0.15196499999999999 0.599553 0.45946199999999998 0 0.15756800000000004 0.260712 0.15196499999999999 0.01238 0.012243 0.011716000000000001 0.12731600000000001 0.23049900000000006 0.12317699999999998 0.0029480000000000001 0.0029919999999999999 0.0028419999999999999 0.00079500000000000013 0.000785 0.00076099999999999996 217.98370109536879 217.98370109536879 217.98370109536879 0.11469086763745319 0.11469086763745319 0.11469086763745319 1 1 1 Converged Converged Converged OK OK OK 67 67 67 67 67 67 5 5 5 0 0 0 0 1 0 0 1
129 129 linear 1 15 1291 2 0.001 1.8123377774426679 0.016349321207570565 0.00011833195552117124 0.013675601321882808 0.006401915209471417 0.013682804136566706 0.5 0.015471042716815736 232.69455477883864 OK 14 13 0.59490900000000002 0.56995300000000004 0.144176 0.44583299999999998 0.31730599999999998 0 0.14907600000000004 0.25264700000000007 0.144176 0.012508999999999999 0.012695 0.011962 0.11880099999999998 0.22208300000000003 0.11508199999999998 0.002918 0.0029479999999999997 0.0029880000000000002 0.00081099999999999998 0.00080200000000000009 0.00078500000000000011 232.69609386672468 232.69609386672468 232.69609386672468 0.11611399999948718 0.11611399999948718 0.11611399999948718 1 1 1 Converged Converged Converged OK OK OK 67 67 67 67 67 67 5 5 5 0 0 0 0 1 0 0 1
129 129 linear 1 23 1291 3 0.001 1.8123377774426679 0.016349321207570565 0.00011833195552117124 0.013675601321882808 0.006401915209471417 0.013699267712987042 0.5 0.0154545791403954 247.08956273160717 OK 14 13 0.68156399999999995 0.65019000000000005 0.141876 0.53329899999999997 0.387878 0 0.14826499999999998 0.26231200000000005 0.141876 0.012473 0.012239999999999999 0.011631000000000001 0.11750199999999998 0.232185 0.11321899999999996 0.003258 0.0031129999999999999 0.0028859999999999997 0.00090600000000000012 0.00082699999999999994 0.00080500000000000005 247.0907217246357 247.0907217246357 247.0907217246357 0.11768281567721472 0.11768281567721472 0.11768281567721472 1 1 1 Converged Converged Converged OK OK OK 67 67 67 67 67 67 5 5 5 0 0 0 0 1 0 0 1
129 129 linear 1 0 1291 0 0.0001 1.8123377774426679 0.016349321207570565 0.00011833195552117124 0.013675601321882808 0.006401915209471417 0.013651934930778573 0.5 0.015501911922603868 204.89197930721897 OK 14 13 0.76026700000000003 0.75405199999999994 0.223942 0.53874699999999998 0.53650399999999998 0 0.22152000000000005 0.21754799999999996 0.223942 0.013287 0.013402000000000001 0.014586999999999999 0.17427899999999993 0.17024700000000001 0.17393999999999993 0.0046910000000000007 0.0047340000000000004 0.0048269999999999997 0.00109 0.0011230000000000001 0.0011429999999999999 204.89226995172962 204.89226995172962 204.89226995172962 0.007284786324213045 0.007284786324213045 0.007284786324213045 1 1 1 Converged Converged Converged OK OK OK 99 99 99 99 99 99 5 5 5 0 0 0 0 0 1 0 0
129 129 linear 1 7 1291 1 0.0001 1.8123377774426679 0.016349321207570565 0.00011833195552117124 0.013675601321882808 0.006401915209471417 0.013666340560146368 0.5 0.015487506293236074 217.98264768781871 OK 14 13 0.81809399999999999 0.837094 0.21934799999999999 0.598522 0.45851399999999998 0 0.21957199999999999 0.37858000000000003 0.21934799999999999 0.012488000000000001 0.012413 0.011714 0.17929600000000001 0.33781999999999979 0.17982800000000007 0.0047010000000000003 0.0047709999999999992 0.0046300000000000004 0.001057 0.0010989999999999999 0.0011429999999999999 217.98370113159154 217.98370113159154 217.98370113159154 0.008314868720913457 0.008314868720913457 0.008314868720913457 1 1 1 Converged Converged Converged OK OK OK 99 99 99 99 99 99 5 5 5 0 0 0 0 1 0 0 1
129 129 linear 1 15 1291 2 0.0001 1.8123377774426679 0.016349321207570565 0.00011833195552117124 0.013675601321882808 0.006401915209471417 0.013682804136566706 0.5 0.015471042716815736 232.69455477883864 OK 14 13 0.65592099999999998 0.678929 0.21631 0.44305899999999998 0.31565599999999999 0 0.212862 0.36327300000000001 0.21631 0.012659 0.012788000000000001 0.013188 0.17237800000000003 0.32231999999999988 0.17533900000000008 0.0047109999999999999 0.0049129999999999998 0.0047699999999999999 0.001075 0.0010799999999999998 0.0011070000000000001 232.69609390312536 232.69609390312536 232.69609390312536 0.0096242239970911088 0.0096242239970911088 0.0096242239970911088 1 1 1 Converged Converged Converged OK OK OK 99 99 99 99 99 99 5 5 5 0 0 0 0 1 0 0 1
129 129 linear 1 23 1291 3 0.0001 1.8123377774426679 0.016349321207570565 0.00011833195552117124 0.013675601321882808 0.006401915209471417 0.013699267712987042 0.5 0.0154545791403954 247.08956273160717 OK 14 13 0.733514 0.772123 0.20477000000000001 0.52905899999999995 0.39458900000000002 0 0.20445500000000005 0.37753399999999998 0.20477000000000001 0.012406 0.013733 0.011938000000000001 0.16436900000000002 0.33478600000000008 0.16534199999999996 0.0047190000000000001 0.005084 0.0047260000000000002 0.001091 0.0011670000000000001 0.0011279999999999999 247.09072176088293 247.09072176088293 247.09072176088293 0.011078990445211229 0.011078990445211229 0.011078990445211229 1 1 1 Converged Converged Converged OK OK OK 99 99 99 99 99 99 5 5 5 0 0 0 0 1 0 0 1
129 129 linear 2 0 1292 0 0.001 1.8123377774426679 0.016349321207570565 0.00011833195552117124 -1.2487480595753024 0.047299474691918801 -1.2487717259664066 0.5 1.2779255728197891 1.9203772757651687 OK 13 12 0.45396799999999998 0.452129 0.128744 0.322075 0.31886199999999998 0 0.13189299999999998 0.13326700000000002 0.128744 0.0092119999999999997 0.0093600000000000003 0.009044 0.10057899999999999 0.10157299999999997 0.097770000000000024 0.0032859999999999999 0.0034769999999999996 0.0034460000000000003 0.00079799999999999988 0.00088900000000000003 0.00084899999999999993 1.9203766861006448 1.9203766861006448 1.9203766861006448 0.0014979781297733334 0.0014979781297733334 0.0014979781297733334 1 1 1 Converged Converged Converged OK OK OK 61 61 61 61 61 61 3 3 3 0 0 0 0 0 1 0 0
129 129 linear 2 7 1292 1 0.001 1.8123377774426679 0.016349321207570565 0.00011833195552117124 -1.2487480595753024 0.047299474691918801 -1.2487573203370388 0.5 1.2779111671904213 3.3649953431668647 OK 14 13 0.497392 0.56425099999999995 0.15021699999999999 0.34184199999999998 0.22001299999999999 0 0.15555000000000002 0.34423799999999993 0.15021699999999999 0.011303000000000001 0.011486 0.010621 0.12116999999999993 0.30985299999999993 0.11767299999999999 0.0037009999999999994 0.0038010000000000001 0.0034589999999999998 0.0010190000000000002 0.001077 0.0010859999999999999 3.3649854694866748 3.3649854694866748 3.3649854694866748 0.0032537709405315494 0.0032537709405315494 0.0032537709405315494 1 1 1 Converged Converged Converged OK OK OK 75 75 75 75 75 75 5 5 5 0 0 0 0 1 0 0 1
129 129 linear 2 15 1292 2 0.001 1.8123377774426679 0.016349321207570565 0.00011833195552117124 -1.2487480595753024 0.047299474691918801 -1.2487408567606186 0.5 1.2778947036140011 7.0500464566885945 OK 14 13 0.56206900000000004 0.55111699999999997 0.151946 0.40449200000000002 0.27366299999999999 0 0.15757700000000002 0.27745399999999998 0.151946 0.011036000000000001 0.0109 0.010312 0.12573599999999999 0.24614999999999998 0.12195300000000006 0.0036650000000000003 0.0034870000000000001 0.0034489999999999998 0.00098200000000000002 0.00095799999999999998 0.00096299999999999999 7.0500630094507803 7.0500630094507803 7.0500630094507803 0.0032923808981579991 0.0032923808981579991 0.0032923808981579991 1 1 1 Converged Converged Converged OK OK OK 75 75 75 75 75 75 5 5 5 0 0 0 0 1 0 0 1
129 129 linear 2 23 1292 3 0.001 1.8123377774426679 0.016349321207570565 0.00011833195552117124 -1.2487480595753024 0.047299474691918801 -1.2487243931841983 0.5 1.2778782400375808 10.978513548878668 OK 14 13 0.510459 0.49742199999999998 0.14930299999999999 0.35598800000000003 0.22356699999999999 0 0.15447099999999997 0.27385499999999996 0.14930299999999999 0.01103 0.010951000000000001 0.010227 0.12293099999999997 0.242698 0.11931200000000006 0.0036619999999999999 0.0035419999999999996 0.0035039999999999997 0.00097100000000000007 0.00098300000000000015 0.00093199999999999999 10.978615008106484 10.978615008106484 10.978615008106484 0.0033727657821428039 0.0033727657821428039 0.0033727657821428039 1 1 1 Converged Converged Converged OK OK OK 75 75 75 75 75 75 5 5 5 0 0 0 0 1 0 0 1
129 129 linear 2 0 1292 0 0.0001 1.8123377774426679 0.016349321207570565 0.00011833195552117124 -1.2487480595753024 0.047299474691918801 -1.2487717259664066 0.5 1.2779255728197891 1.9203772757651687 OK 13 12 0.47483799999999998 0.47312700000000002 0.15393799999999999 0.31702200000000003 0.31795299999999999 0 0.15781599999999996 0.15517400000000003 0.15393799999999999 0.0093589999999999993 0.0090240000000000008 0.0091400000000000006 0.12035900000000001 0.11860399999999995 0.11732799999999999 0.0040840000000000008 0.0042069999999999998 0.0040289999999999996 0.00096999999999999994 0.00092000000000000003 0.00093899999999999995 1.9203766868264578 1.9203766868264578 1.9203766868264578 0.00016548079759082631 0.00016548079759082631 0.00016548079759082631 1 1 1 Converged Converged Converged OK OK OK 77 77 77 77 77 77 3 3 3 0 0 0 0 0 1 0 0
129 129 linear 2 7 1292 1 0.0001 1.8123377774426679 0.016349321207570565 0.00011833195552117124 -1.2487480595753024 0.047299474691918801 -1.2487573203370388 0.5 1.2779111671904213 3.3649953431668647 OK 14 13 0.54829000000000006 0.69904900000000003 0.20227600000000001 0.340694 0.22319600000000001 0 0.20759600000000006 0.47585300000000003 0.20227600000000001 0.011254 0.011513000000000001 0.010519000000000001 0.16326800000000002 0.43040900000000015 0.15932000000000002 0.0052050000000000004 0.0055760000000000002 0.0052630000000000003 0.001305 0.0013110000000000001 0.001302 3.364985471164216 3.364985471164216 3.364985471164216 0.00017354581028176269 0.00017354581028176269 0.00017354581028176269 1 1 1 Converged Converged Converged OK OK OK 107 107 107 107 107 107 5 5 5 0 0 0 0 1 0 0 1
129 129 linear 2 15 1292 2 0.0001 1.8123377774426679 0.016349321207570565 0.00011833195552117124 -1.2487480595753024 0.047299474691918801 -1.2487408567606186 0.5 1.2778947036140011 7.0500464566885945 OK 14 13 0.60706700000000002 0.67962999999999996 0.20049900000000001 0.39766400000000002 0.272088 0 0.20940300000000001 0.40754199999999996 0.20049900000000001 0.010829 0.011188999999999999 0.010291 0.16870399999999991 0.36555900000000008 0.16092399999999996 0.0050749999999999997 0.0054999999999999997 0.0050039999999999998 0.001224 0.001286 0.0012369999999999998 7.0500630111287856 7.0500630111287856 7.0500630111287856 0.00021127778152853902 0.00021127778152853902 0.00021127778152853902 1 1 1 Converged Converged Converged OK OK OK 107 107 107 107 107 107 5 5 5 0 0 0 0 1 0 0 1
129 129 linear 2 23 1292 3 0.0001 1.8123377774426679 0.016349321207570565 0.00011833195552117124 -1.2487480595753024 0.047299474691918801 -1.2487243931841983 0.5 1.2778782400375808 10.978513548878668 OK 14 13 0.56315700000000002 0.62474300000000005 0.198242 0.35889199999999999 0.22451399999999999 0 0.20426500000000003 0.40022900000000006 0.198242 0.011032999999999999 0.011105 0.010224 0.16323499999999999 0.35838499999999984 0.15855700000000009 0.0051829999999999992 0.0054429999999999999 0.0052859999999999999 0.0011880000000000003 0.0013800000000000002 0.0012149999999999999 10.978615009784793 10.978615009784793 10.978615009784793 0.00029078330419492779 0.00029078330419492779 0.00029078330419492779 1 1 1 Converged Converged Converged OK OK OK 107 107 107 107 107 107 5 5 5 0 0 0 0 1 0 0 1
129 129 linear 3 0 1293 0 0.001 1.8123377774426679 0.016349321207570565 0.00011833195552117124 -1.2885060709154947 0.009968186146853528 -1.2885297373065989 0.5 1.3176835841599814 1.8717139322321865 OK 13 12 0.46030399999999999 0.455154 0.123722 0.33404099999999998 0.32734200000000002 0 0.12626300000000001 0.12781199999999998 0.123722 0.0087810000000000006 0.011749000000000001 0.0086040000000000005 0.095572999999999964 0.094576999999999967 0.093620999999999982 0.0031489999999999999 0.0031330000000000004 0.0030699999999999998 0.00070100000000000002 0.00070199999999999993 0.00068300000000000001 1.871713499936821 1.871713499936821 1.871713499936821 0.000614712707491127 0.000614712707491127 0.000614712707491127 1 1 1 Converged Converged Converged OK OK OK 61 61 61 61 61 61 3 3 3 0 0 0 0 0 1 0 0
129 129 linear 3 7 1293 1 0.001 1.8123377774426679 0.016349321207570565 0.00011833195552117124 -1.2885060709154947 0.009968186146853528 -1.2885153316772311 0.5 1.3176691785306136 1.8715314857511214 OK 13 12 0.43668899999999999 0.39285799999999998 0.115276 0.31772699999999998 0.17863200000000001 0 0.11896200000000001 0.21422599999999997 0.115276 0.0082590000000000007 0.0082459999999999999 0.007724 0.091597999999999999 0.18678999999999996 0.089067999999999981 0.0032000000000000002 0.0031599999999999996 0.0030560000000000006 0.00069499999999999998 0.00069400000000000006 0.00066699999999999995 1.8715310538307133 1.8715310538307133 1.8715310538307133 0.00061481321705053789 0.00061481321705053789 0.00061481321705053789 1 1 1 Converged Converged Converged OK OK OK 61 61 61 61 61 61 3 3 3 0 0 0 0 1 0 0 1
129 129 linear 3 15 1293 2 0.001 1.8123377774426679 0.016349321207570565 0.00011833195552117124 -1.2885060709154947 0.009968186146853528 -1.2884988681008109 0.5 1.3176527149541934 1.8713231341407774 OK 13 12 0.450376 0.42226799999999998 0.12064900000000001 0.32607199999999997 0.19494900000000001 0 0.12430400000000003 0.22731899999999997 0.12064900000000001 0.0082520000000000007 0.0082480000000000001 0.0077010000000000004 0.09683799999999998 0.19980999999999993 0.094344000000000011 0.0031869999999999997 0.0032859999999999999 0.0031570000000000001 0.00068599999999999998 0.00070300000000000007 0.00070100000000000002 1.8713227026470403 1.8713227026470403 1.8713227026470403 0.00061492811427830757 0.00061492811427830757 0.00061492811427830757 1 1 1 Converged Converged Converged OK OK OK 61 61 61 61 61 61 3 3 3 0 0 0 0 1 0 0 1
129 129 linear 3 23 1293 3 0.001 1.8123377774426679 0.016349321207570565 0.00011833195552117124 -1.2885060709154947 0.009968186146853528 -1.2884824045243906 0.5 1.3176362513777731 1.8711149517029215 OK 13 12 0.43791000000000002 0.42194300000000001 0.118661 0.31588300000000002 0.198853 0 0.122027 0.22309000000000001 0.118661 0.0081589999999999996 0.0082690000000000003 0.007737 0.094666000000000028 0.19529000000000002 0.092326999999999992 0.0032940000000000001 0.0034299999999999999 0.0031710000000000002 0.00068800000000000003 0.00070600000000000003 0.00070600000000000003 1.8711145206354205 1.8711145206354205 1.8711145206354205 0.00061504304292587337 0.00061504304292587337 0.00061504304292587337 1 1 1 Converged Converged Converged OK OK OK 61 61 61 61 61 61 3 3 3 0 0 0 0 1 0 0 1
129 129 linear 3 0 1293 0 0.0001 1.8123377774426679 0.016349321207570565 0.00011833195552117124 -1.2885060709154947 0.009968186146853528 -1.2885297373065989 0.5 1.3176835841599814 1.8717139322321865 OK 13 12 0.48444999999999999 0.48111399999999999 0.149586 0.32671099999999997 0.32750400000000002 0 0.15773900000000002 0.15360999999999997 0.149586 0.0090259999999999993 0.0088470000000000007 0.0086800000000000002 0.12064899999999995 0.11708799999999996 0.11377399999999999 0.0040469999999999994 0.0040430000000000006 0.0039309999999999996 0.000852 0.000825 0.0008209999999999999 1.8717135001877516 1.8717135001877516 1.8717135001877516 0.00015400267245224141 0.00015400267245224141 0.00015400267245224141 1 1 1 Converged Converged Converged OK OK OK 77 77 77 77 77 77 3 3 3 0 0 0 0 0 1 0 0
129 129 linear 3 7 1293 1 0.0001 1.8123377774426679 0.016349321207570565 0.00011833195552117124 -1.2885060709154947 0.009968186146853528 -1.2885153316772311 0.5 1.3176691785306136 1.8715314857511214 OK 13 12 0.46746100000000002 0.44085400000000002 0.14092499999999999 0.32270900000000002 0.17840800000000001 0 0.14475199999999999 0.26244600000000001 0.14092499999999999 0.0082190000000000006 0.0083239999999999998 0.0077079999999999996 0.11236800000000004 0.22981399999999991 0.10975599999999998 0.0040290000000000005 0.0040460000000000001 0.0039550000000000002 0.000803 0.00083099999999999992 0.00077499999999999997 1.8715310540818493 1.8715310540818493 1.8715310540818493 0.00015400673928724274 0.00015400673928724274 0.00015400673928724274 1 1 1 Converged Converged Converged OK OK OK 77 77 77 77 77 77 3 3 3 0 0 0 0 1 0 0 1
129 129 linear 3 15 1293 2 0.0001 1.8123377774426679 0.016349321207570565 0.00011833195552117124 -1.2885060709154947 0.009968186146853528 -1.2884988681008109 0.5 1.3176527149541934 1.8713231341407774 OK 13 12 0.47618700000000003 0.46740100000000001 0.14462700000000001 0.32281300000000002 0.19658999999999999 0 0.15337400000000001 0.27081100000000002 0.14462700000000001 0.0082559999999999995 0.0081370000000000001 0.0076600000000000001 0.12080799999999998 0.23857699999999998 0.11351300000000003 0.0041280000000000006 0.0040410000000000003 0.0039740000000000001 0.00083699999999999996 0.00084199999999999998 0.00079799999999999999 1.8713227028981563 1.8713227028981563 1.8713227028981563 0.00015401138636637112 0.00015401138636637112 0.00015401138636637112 1 1 1 Converged Converged Converged OK OK OK 77 77 77 77 77 77 3 3 3 0 0 0 0 1 0 0 1
129 129 linear 3 23 1293 3 0.0001 1.8123377774426679 0.016349321207570565 0.00011833195552117124 -1.2885060709154947 0.009968186146853528 -1.2884824045243906 0.5 1.3176362513777731 1.8711149517029215 OK 13 12 0.46435199999999999 0.46518700000000002 0.143341 0.31722699999999998 0.19511700000000001 0 0.14712500000000001 0.27007000000000003 0.143341 0.0081480000000000007 0.0081609999999999999 0.007705 0.11524399999999999 0.23779000000000006 0.11235899999999996 0.0039709999999999997 0.0041099999999999999 0.003986 0.00083600000000000005 0.00083599999999999994 0.00078799999999999996 1.8711145208866142 1.8711145208866142 1.8711145208866142 0.00015401603373121393 0.00015401603373121393 0.00015401603373121393 1 1 1 Converged Converged Converged OK OK OK 77 77 77 77 77 77 3 3 3 0 0 0 0 1 0 0 1
129 129 linear 4 0 1294 0 0.001 1.8123377774426679 0.016349321207570565 0.00011833195552117124 -1.2284623406028041 0.042650630042097203 -1.2284860069939083 0.5 1.2576398538472908 18.311973959089897 OK 15 14 0.52995300000000001 0.52382499999999999 0.19778799999999999 0.328046 0.32611800000000002 0 0.201907 0.19770699999999997 0.19778799999999999 0.014703000000000001 0.014477 0.014022 0.15106400000000003 0.147676 0.14745200000000003 0.0049329999999999999 0.0047819999999999998 0.0049680000000000002 0.001088 0.001083 0.001114 18.311963470110708 18.311963470110708 18.311963470110708 0.0056088205175443082 0.0056088205175443082 0.0056088205175443082 1 1 1 Converged Converged Converged OK OK OK 98 98 98 98 98 98 6 6 6 0 0 0 0 0 1 0 0
129 129 linear 4 7 1294 1 0.001 1.8123377774426679 0.016349321207570565 0.00011833195552117124 -1.2284623406028041 0.042650630042097203 -1.2284716013645405 0.5 1.257625448217923 18.714743999585881 OK 15 14 0.53704399999999997 0.58857000000000004 0.18835099999999999 0.339333 0.20081399999999999 0 0.19771099999999997 0.38775600000000005 0.18835099999999999 0.013558000000000001 0.013649 0.012834 0.15575600000000001 0.34562800000000016 0.14768799999999996 0.0049440000000000005 0.0049049999999999996 0.0049500000000000004 0.0010900000000000003 0.0011029999999999998 0.0010589999999999998 18.714732978744859 18.714732978744859 18.714732978744859 0.0072347637571877343 0.0072347637571877343 0.0072347637571877343 1 1 1 Converged Converged Converged OK OK OK 98 98 98 98 98 98 6 6 6 0 0 0 0 1 0 0 1
129 129 linear 4 15 1294 2 0.001 1.8123377774426679 0.016349321207570565 0.00011833195552117124 -1.2284623406028041 0.042650630042097203 -1.2284551377881203 0.5 1.2576089846415028 19.216862977080698 OK 15 14 0.54750799999999999 0.61301000000000005 0.19115399999999999 0.35419200000000001 0.22955 0 0.19331599999999999 0.38346000000000002 0.19115399999999999 0.013450999999999999 0.013709000000000001 0.014239 0.15079799999999993 0.34110000000000013 0.14887400000000006 0.0050329999999999993 0.0050170000000000006 0.0050489999999999997 0.0011119999999999999 0.0010739999999999999 0.0011299999999999999 19.216851566975947 19.216851566975947 19.216851566975947 0.011377039394139312 0.011377039394139312 0.011377039394139312 1 1 1 Converged Converged Converged OK OK OK 98 98 98 98 98 98 6 6 6 0 0 0 0 1 0 0 1
129 129 linear 4 23 1294 3 0.001 1.8123377774426679 0.016349321207570565 0.00011833195552117124 -1.2284623406028041 0.042650630042097203 -1.2284386742116999 0.5 1.2575925210650825 19.77162153008188 OK 15 14 0.50275199999999998 0.54937000000000002 0.17588400000000001 0.32196900000000001 0.20766799999999999 0 0.18078299999999997 0.34170200000000006 0.17588400000000001 0.013714 0.013596 0.012903 0.14256000000000005 0.30264100000000005 0.13896600000000003 0.0041489999999999999 0.0046690000000000004 0.0041589999999999995 0.001075 0.001122 0.0010679999999999999 19.771609561386352 19.771609561386352 19.771609561386352 0.017124121276023162 0.017124121276023162 0.017124121276023162 1 1 1 Converged Converged Converged OK OK OK 90 90 90 90 90 90 6 6 6 0 0 0 0 1 0 0 1
129 129 linear 4 0 1294 0 0.0001 1.8123377774426679 0.016349321207570565 0.00011833195552117124 -1.2284623406028041 0.042650630042097203 -1.2284860069939083 0.5 1.2576398538472908 18.311973959089897 OK 15 14 0.59620899999999999 0.59203600000000001 0.26062400000000002 0.32467099999999999 0.32943299999999998 0 0.271538 0.26260300000000003 0.26062400000000002 0.014265 0.014461999999999999 0.013982 0.20361099999999993 0.19485 0.19481499999999985 0.0070480000000000004 0.0071139999999999997 0.0068460000000000014 0.001588 0.0016940000000000002 0.0015969999999999999 18.311963455488858 18.311963455488858 18.311963455488858 0.0011028754587354449 0.0011028754587354449 0.0011028754587354449 1 1 1 Converged Converged Converged OK OK OK 138 138 138 138 138 138 6 6 6 0 0 0 0 0 1 0 0
129 129 linear 4 7 1294 1 0.0001 1.8123377774426679 0.016349321207570565 0.00011833195552117124 -1.2284623406028041 0.042650630042097203 -1.2284716013645405 0.5 1.257625448217923 18.714743999585881 OK 15 14 0.57341600000000004 0.68713000000000002 0.22328799999999999 0.34434500000000001 0.200184 0 0.22907100000000002 0.48694599999999999 0.22328799999999999 0.013551000000000001 0.013485 0.012836999999999999 0.18095099999999997 0.43815100000000007 0.17637599999999992 0.0060229999999999997 0.0061620000000000008 0.0058969999999999995 0.001392 0.0013770000000000002 0.0013940000000000001 18.714732910022096 18.714732910022096 18.714732910022096 0.0018059183235128132 0.0018059183235128132 0.0018059183235128132 1 1 1 Converged Converged Converged OK OK OK 122 122 122 122 122 122 6 6 6 0 0 0 0 1 0 0 1
129 129 linear 4 15 1294 2 0.0001 1.8123377774426679 0.016349321207570565 0.00011833195552117124 -1.2284623406028041 0.042650630042097203 -1.2284551377881203 0.5 1.2576089846415028 19.216862977080698 OK 15 14 0.59823400000000004 0.70656200000000002 0.223272 0.36288599999999999 0.22945199999999999 0 0.23534800000000006 0.47711000000000003 0.223272 0.01502 0.01366 0.012857 0.18511999999999995 0.42823200000000006 0.17636599999999997 0.0060700000000000007 0.0061349999999999998 0.0059900000000000005 0.0013649999999999999 0.001317 0.0012980000000000001 19.216851296729761 19.216851296729761 19.216851296729761 0.0015649269668848876 0.0015649269668848876 0.0015649269668848876 1 1 1 Converged Converged Converged OK OK OK 122 122 122 122 122 122 6 6 6 0 0 0 0 1 0 0 1
129 129 linear 4 23 1294 3 0.0001 1.8123377774426679 0.016349321207570565 0.00011833195552117124 -1.2284623406028041 0.042650630042097203 -1.2284386742116999 0.5 1.2575925210650825 19.77162153008188 OK 15 14 0.54743699999999995 0.66215400000000002 0.22387199999999999 0.318191 0.20311000000000001 0 0.22924599999999995 0.45904400000000001 0.22387199999999999 0.013565000000000001 0.013644 0.0129 0.18163400000000005 0.41049399999999997 0.17710599999999999 0.0058930000000000007 0.0060520000000000001 0.0059150000000000001 0.0013159999999999999 0.0013059999999999999 0.001354 19.771609521705209 19.771609521705209 19.771609521705209 0.0014610825289398087 0.0014610825289398087 0.0014610825289398087 1 1 1 Converged Converged Converged OK OK OK 122 122 122 122 122 122 6 6 6 0 0 0 0 1 0 0 1
129 129 uniform 0 0 1295 0 0.001 1.8123377774426679 0.016349321207570565 0.00011833195552117124 0.025365398744918739 -9.697601349744037e-06 0.025341732353814504 0 0.0038121144995679375 2987.6005966337875 OK 14 13 0.86372199999999999 0.86135300000000004 0.24846799999999999 0.61030499999999999 0.61211800000000005 0 0.253417 0.24923499999999998 0.24846799999999999 0.010794 0.010919999999999999 0.010697 0.20305999999999996 0.19907300000000008 0.19799399999999995 0.0058039999999999993 0.0058139999999999997 0.0060900000000000008 0.00083700000000000007 0.00086399999999999997 0.00083200000000000006 2987.600893092148 2987.600893092148 2987.600893092148 2.7439195450904919 2.7439195450904919 2.7439195450904919 1 1 1 Converged Converged Converged OK OK OK 113 113 113 113 113 113 7 7 7 0 0 0 0 0 1 0 0
129 129 uniform 0 7 1295 1 0.001 1.8123377774426679 0.016349321207570565 0.00011833195552117124 0.025365398744918739 -9.697601349744037e-06 0.0253561379831823 0 0.0037977088702001414 2930.7841366063658 OK 14 13 0.91587600000000002 0.888652 0.23929300000000001 0.67302600000000001 0.52715900000000004 0 0.24285000000000001 0.36149299999999995 0.23929300000000001 0.01 0.010022 0.0092879999999999994 0.20005800000000004 0.31886199999999992 0.1978089999999999 0.0059359999999999994 0.005921 0.0059230000000000003 0.00082200000000000003 0.00082599999999999991 0.00081000000000000006 2930.7841070127101 2930.7841070127101 2930.7841070127101 2.7738531887005653 2.7738531887005653 2.7738531887005653 1 1 1 Converged Converged Converged OK OK OK 113 113 113 113 113 113 7 7 7 0 0 0 0 1 0 0 1
129 129 uniform 0 15 1295 2 0.001 1.8123377774426679 0.016349321207570565 0.00011833195552117124 0.025365398744918739 -9.697601349744037e-06 0.025372601559602637 0 0.0037812452937798051 2863.9325405553718 OK 14 13 0.90045600000000003 0.87546900000000005 0.23647399999999999 0.66459100000000004 0.52829800000000005 0 0.23586499999999999 0.34717100000000001 0.23647399999999999 0.010038 0.0099970000000000007 0.0093380000000000008 0.19287900000000002 0.30400399999999983 0.1951949999999999 0.0059389999999999998 0.0062310000000000004 0.0057629999999999999 0.00082399999999999997 0.000843 0.00080699999999999999 2863.9323833286217 2863.9323833286217 2863.9323833286217 2.8089139549647357 2.8089139549647357 2.8089139549647357 1 1 1 Converged Converged Converged OK OK OK 113 113 113 113 113 113 7 7 7 0 0 0 0 1 0 0 1
129 129 uniform 0 23 1295 3 0.001 1.8123377774426679 0.016349321207570565 0.00011833195552117124 0.025365398744918739 -9.697601349744037e-06 0.025389065136022973 0 0.0037647817173594687 2795.3664030401892 OK 14 13 0.78298800000000002 0.748807 0.25372699999999998 0.52266000000000001 0.36520000000000002 0 0.260328 0.38360699999999998 0.25372699999999998 0.0096860000000000002 0.0095980000000000006 0.0089470000000000001 0.21333799999999994 0.33631600000000006 0.20890500000000001 0.0066249999999999989 0.0068769999999999994 0.0063790000000000001 0.001036 0.0010380000000000001 0.00097600000000000009 2795.3662166497329 2795.3662166497329 2795.3662166497329 1.0807482376757145 1.0807482376757145 1.0807482376757145 1 1 1 Converged Converged Converged OK OK OK 121 121 121 121 121 121 7 7 7 0 0 0 0 1 0 0 1
129 129 uniform 0 0 1295 0 0.0001 1.8123377774426679 0.016349321207570565 0.00011833195552117124 0.025365398744918739 -9.697601349744037e-06 0.025341732353814504 0 0.0038121144995679375 2987.6005966337875 OK 14 13 0.89572200000000002 0.89734899999999995 0.28154800000000002 0.616124 0.61628300000000003 0 0.27959800000000001 0.28106599999999993 0.28154800000000002 0.01076 0.010999999999999999 0.010453 0.22122600000000003 0.2207069999999999 0.22318900000000005 0.0066490000000000013 0.0074870000000000006 0.0069199999999999999 0.0011010000000000002 0.001157 0.0011440000000000001 2987.600995416899 2987.600995416899 2987.600995416899 0.033012858709744616 0.033012858709744616 0.033012858709744616 1 1 1 Converged Converged Converged OK OK OK 129 129 129 129 129 129 7 7 7 0 0 0 0 0 1 0 0
129 129 uniform 0 7 1295 1 0.0001 1.8123377774426679 0.016349321207570565 0.00011833195552117124 0.025365398744918739 -9.697601349744037e-06 0.0253561379831823 0 0.0037977088702001414 2930.7841366063658 OK 14 13 0.94169800000000004 0.93791500000000005 0.26571299999999998 0.67501199999999995 0.52973700000000001 0 0.26668600000000009 0.40817800000000004 0.26571299999999998 0.0099740000000000002 0.010066 0.0094439999999999993 0.21940399999999999 0.35933799999999994 0.21921500000000002 0.0067379999999999983 0.0073049999999999999 0.0067389999999999993 0.001109 0.0011419999999999998 0.0011110000000000002 2930.7842189710345 2930.7842189710345 2930.7842189710345 0.03246097530798818 0.03246097530798818 0.03246097530798818 1 1 1 Converged Converged Converged OK OK OK 129 129 129 129 129 129 7 7 7 0 0 0 0 1 0 0 1
129 129 uniform 0 15 1295 2 0.0001 1.8123377774426679 0.016349321207570565 0.00011833195552117124 0.025365398744918739 -9.697601349744037e-06 0.025372601559602637 0 0.0037812452937798051 2863.9325405553718 OK 14 13 0.92500400000000005 0.91188800000000003 0.26012999999999997 0.66105999999999998 0.52293299999999998 0 0.26394400000000007 0.38895500000000005 0.26012999999999997 0.010078 0.010155000000000001 0.0093640000000000008 0.21552299999999994 0.34041199999999999 0.21395500000000009 0.0071190000000000003 0.0070720000000000002 0.0067299999999999999 0.001132 0.0011329999999999999 0.0011119999999999999 2863.9325057545097 2863.9325057545097 2863.9325057545097 0.031716400494591526 0.031716400494591526 0.031716400494591526 1 1 1 Converged Converged Converged OK OK OK 129 129 129 129 129 129 7 7 7 0 0 0 0 1 0 0 1
129 129 uniform 0 23 1295 3 0.0001 1.8123377774426679 0.016349321207570565 0.00011833195552117124 0.025365398744918739 -9.697601349744037e-06 0.025389065136022973 0 0.0037647817173594687 2795.3664030401892 OK 14 13 0.79517499999999997 0.76655600000000002 0.26802300000000001 0.52126799999999995 0.36682900000000002 0 0.27390700000000001 0.399727 0.26802300000000001 0.0097230000000000007 0.0097199999999999995 0.0089549999999999994 0.22493199999999994 0.352105 0.22294499999999995 0.0078300000000000002 0.0070999999999999995 0.0066259999999999999 0.0012330000000000002 0.001134 0.0011169999999999999 2795.3665849830431 2795.3665849830431 2795.3665849830431 0.030853445737722179 0.030853445737722179 0.030853445737722179 1 1 1 Converged Converged Converged OK OK OK 129 129 129 129 129 129 7 7 7 0 0 0 0 1 0 0 1
129 129 uniform 1 0 1296 0 0.001 1.8123377774426679 0.016349321207570565 0.00011833195552117124 0.013675601321882808 0.006401915209471417 0.013651934930778573 0 0.015501911922603868 211.62553819388592 OK 14 13 0.67030599999999996 0.67239099999999996 0.13422400000000001 0.534779 0.53343200000000002 0 0.13552699999999995 0.13895899999999994 0.13422400000000001 0.013349 0.013488 0.013225000000000001 0.10029199999999998 0.10419100000000001 0.099785999999999986 0.002797 0.0027330000000000002 0.0026850000000000003 0.00074399999999999998 0.00075099999999999993 0.00072499999999999995 211.62553768900679 211.62553768900679 211.62553768900679 0.027029532680280466 0.027029532680280466 0.027029532680280466 1 1 1 Converged Converged Converged OK OK OK 67 67 67 67 67 67 5 5 5 0 0 0 0 0 1 0 0
129 129 uniform 1 7 1296 1 0.001 1.8123377774426679 0.016349321207570565 0.00011833195552117124 0.013675601321882808 0.006401915209471417 0.013666340560146368 0 0.015487506293236074 223.45169470107734 OK 14 13 0.734707 0.70347400000000004 0.13142400000000001 0.59621999999999997 0.458175 0 0.13848700000000003 0.24529900000000004 0.13142400000000001 0.012317 0.012305999999999999 0.011729 0.10877199999999998 0.21537300000000004 0.10275399999999998 0.0027160000000000005 0.0028649999999999995 0.0026930000000000001 0.00083100000000000014 0.00082400000000000008 0.00081500000000000008 223.4516916207142 223.4516916207142 223.4516916207142 0.027472125679047863 0.027472125679047863 0.027472125679047863 1 1 1 Converged Converged Converged OK OK OK 67 67 67 67 67 67 5 5 5 0 0 0 0 1 0 0 1
129 129 uniform 1 15 1296 2 0.001 1.8123377774426679 0.016349321207570565 0.00011833195552117124 0.013675601321882808 0.006401915209471417 0.013682804136566706 0 0.015471042716815736 236.60754769208137 OK 14 13 0.57903099999999996 0.54705000000000004 0.123804 0.446851 0.31567499999999998 0 0.13217999999999996 0.23137500000000005 0.123804 0.012475 0.01259 0.011932 0.10160700000000002 0.20139899999999986 0.095085000000000044 0.0028860000000000001 0.0027959999999999999 0.0027220000000000005 0.00076500000000000005 0.00074600000000000003 0.00073300000000000004 236.60755271706648 236.60755271706648 236.60755271706648 0.028043842345066204 0.028043842345066204 0.028043842345066204 1 1 1 Converged Converged Converged OK OK OK 67 67 67 67 67 67 5 5 5 0 0 0 0 1 0 0 1
129 129 uniform 1 23 1296 3 0.001 1.8123377774426679 0.016349321207570565 0.00011833195552117124 0.013675601321882808 0.006401915209471417 0.013699267712987042 0 0.0154545791403954 249.36950640822877 OK 14 13 0.65895499999999996 0.62967200000000001 0.121458 0.53546499999999997 0.39228499999999999 0 0.12348999999999999 0.23738700000000001 0.121458 0.012364 0.012326 0.011632 0.093861999999999959 0.20749399999999993 0.093185999999999963 0.0027719999999999993 0.002794 0.0026409999999999997 0.00072700000000000011 0.00075499999999999992 0.00071999999999999994 249.36951018865508 249.36951018865508 249.36951018865508 0.028687942704861944 0.028687942704861944 0.028687942704861944 1 1 1 Converged Converged Converged OK OK OK 67 67 67 67 67 67 5 5 5 0 0 0 0 1 0 0 1
129 129 uniform 1 0 1296 0 0.0001 1.8123377774426679 0.016349321207570565 0.00011833195552117124 0.013675601321882808 0.006401915209471417 0.013651934930778573 0 0.015501911922603868 211.62553819388592 OK 14 13 0.69555800000000001 0.70536600000000005 0.16361400000000001 0.53418200000000005 0.53863899999999998 0 0.16137599999999996 0.16672700000000007 0.16361400000000001 0.013176999999999999 0.014840000000000001 0.015765999999999999 0.12065099999999999 0.123348 0.12042699999999998 0.0035799999999999998 0.0036420000000000003 0.0035909999999999996 0.00090699999999999982 0.00093900000000000016 0.00090300000000000005 211.6255376871444 211.6255376871444 211.6255376871444 0.013791736346036223 0.013791736346036223 0.013791736346036223 1 1 1 Converged Converged Converged OK OK OK 83 83 83 83 83 83 5 5 5 0 0 0 0 0 1 0 0
129 129 uniform 1 7 1296 1 0.0001 1.8123377774426679 0.016349321207570565 0.00011833195552117124 0.013675601321882808 0.006401915209471417 0.013666340560146368 0 0.015487506293236074 223.45169470107734 OK 14 13 0.75519899999999995 0.77169200000000004 0.156421 0.59588600000000003 0.47054600000000002 0 0.15931299999999993 0.30114600000000002 0.156421 0.012207000000000001 0.013617000000000001 0.011708 0.12448099999999999 0.26462200000000008 0.12304000000000001 0.0035770000000000003 0.0036650000000000007 0.0035560000000000001 0.00093400000000000004 0.00095500000000000001 0.00091 223.45169161878309 223.45169161878309 223.45169161878309 0.01421960020078299 0.01421960020078299 0.01421960020078299 1 1 1 Converged Converged Converged OK OK OK 83 83 83 83 83 83 5 5 5 0 0 0 0 1 0 0 1
129 129 uniform 1 15 1296 2 0.0001 1.8123377774426679 0.016349321207570565 0.00011833195552117124 0.013675601321882808 0.006401915209471417 0.013682804136566706 0 0.015471042716815736 236.60754769208137 OK 14 13 0.59874300000000003 0.60439600000000004 0.15029100000000001 0.446328 0.31444800000000001 0 0.15241500000000002 0.28994800000000004 0.15029100000000001 0.012551 0.01265 0.012005999999999999 0.11778000000000004 0.25462000000000007 0.11648700000000003 0.0035980000000000001 0.003686 0.003555 0.00090800000000000006 0.00088500000000000004 0.00090299999999999994 236.60755271523908 236.60755271523908 236.60755271523908 0.014774442904273348 0.014774442904273348 0.014774442904273348 1 1 1 Converged Converged Converged OK OK OK 83 83 83 83 83 83 5 5 5 0 0 0 0 1 0 0 1
129 129 uniform 1 23 1296 3 0.0001 1.8123377774426679 0.016349321207570565 0.00011833195552117124 0.013675601321882808 0.006401915209471417 0.013699267712987042 0 0.0154545791403954 249.36950640822877 OK 14 13 0.67616299999999996 0.67509300000000005 0.14405799999999999 0.52639800000000003 0.38748500000000002 0 0.14976499999999993 0.28760800000000003 0.14405799999999999 0.016313999999999999 0.012289 0.011639999999999999 0.11109199999999995 0.25257700000000005 0.11075500000000002 0.0036060000000000003 0.0036959999999999996 0.003496 0.0008879999999999999 0.00087999999999999992 0.00086800000000000006 249.36951018672588 249.36951018672588 249.36951018672588 0.015401625958581047 0.015401625958581047 0.015401625958581047 1 1 1 Converged Converged Converged OK OK OK 83 83 83 83 83 83 5 5 5 0 0 0 0 1 0 0 1
129 129 uniform 2 0 1297 0 0.001 1.8123377774426679 0.016349321207570565 0.00011833195552117124 -1.2487480595753024 0.047299474691918801 -1.2487717259664066 0 1.2779255728197891 1.9203772757653637 OK 13 12 0.394706 0.39278299999999999 0.074792999999999998 0.31933400000000001 0.31704500000000002 0 0.075371999999999995 0.075737999999999972 0.074792999999999998 0.0089940000000000003 0.0092409999999999992 0.0090060000000000001 0.050247999999999987 0.050579999999999993 0.050096000000000009 0.002235 0.0022360000000000001 0.0021670000000000001 0.00064500000000000007 0.00067599999999999995 0.00067600000000000006 1.9203772612801637 1.9203772612801637 1.9203772612801637 0.0006762949620651061 0.0006762949620651061 0.0006762949620651061 1 1 1 Converged Converged Converged OK OK OK 45 45 45 45 45 45 3 3 3 0 0 0 0 0 1 0 0
129 129 uniform 2 7 1297 1 0.001 1.8123377774426679 0.016349321207570565 0.00011833195552117124 -1.2487480595753024 0.047299474691918801 -1.2487573203370388 0 1.2779111671904213 3.896205779709351 OK 14 13 0.461065 0.53380300000000003 0.116925 0.34208 0.22025400000000001 0 0.11898500000000001 0.31354900000000002 0.116925 0.011153 0.011350000000000001 0.010586 0.084101000000000009 0.27816499999999994 0.083558000000000007 0.0033649999999999999 0.0035140000000000002 0.0031849999999999995 0.00093500000000000007 0.001042 0.00088100000000000006 3.8962048659012338 3.8962048659012338 3.8962048659012338 0.00068807631884248912 0.00068807631884248912 0.00068807631884248912 1 1 1 Converged Converged Converged OK OK OK 75 75 75 75 75 75 5 5 5 0 0 0 0 1 0 0 1
129 129 uniform 2 15 1297 2 0.001 1.8123377774426679 0.016349321207570565 0.00011833195552117124 -1.2487480595753024 0.047299474691918801 -1.2487408567606186 0 1.2778947036140011 8.1113771212240895 OK 14 13 0.51664900000000002 0.51484600000000003 0.11700099999999999 0.3977 0.27066299999999999 0 0.11894900000000003 0.24418300000000004 0.11700099999999999 0.010966999999999999 0.011138 0.010252000000000001 0.088364000000000012 0.21265800000000007 0.087699999999999986 0.0031820000000000004 0.0033639999999999998 0.0031579999999999998 0.0009189999999999999 0.00096699999999999998 0.00089399999999999994 8.1113764268991382 8.1113764268991382 8.1113764268991382 0.00072077362556503073 0.00072077362556503073 0.00072077362556503073 1 1 1 Converged Converged Converged OK OK OK 75 75 75 75 75 75 5 5 5 0 0 0 0 1 0 0 1
129 129 uniform 2 23 1297 3 0.001 1.8123377774426679 0.016349321207570565 0.00011833195552117124 -1.2487480595753024 0.047299474691918801 -1.2487243931841983 0 1.2778782400375808 12.113897507910869 OK 14 13 0.47244399999999998 0.46290900000000001 0.114578 0.35555599999999998 0.22330700000000001 0 0.11688799999999999 0.23960200000000001 0.114578 0.010945999999999999 0.010987 0.010399 0.085647000000000001 0.20574700000000004 0.08505299999999999 0.0034309999999999996 0.0033689999999999996 0.0031699999999999996 0.00097600000000000009 0.0010009999999999999 0.00093499999999999996 12.113896707868504 12.113896707868504 12.113896707868504 0.00076712136758727957 0.00076712136758727957 0.00076712136758727957 1 1 1 Converged Converged Converged OK OK OK 75 75 75 75 75 75 5 5 5 0 0 0 0 1 0 0 1
129 129 uniform 2 0 1297 0 0.0001 1.8123377774426679 0.016349321207570565 0.00011833195552117124 -1.2487480595753024 0.047299474691918801 -1.2487717259664066 0 1.2779255728197891 1.9203772757653637 OK 13 12 0.431448 0.43537900000000002 0.115741 0.31564700000000001 0.31867600000000001 0 0.11580099999999999 0.116703 0.115741 0.0091579999999999995 0.0092569999999999996 0.0089049999999999997 0.07966899999999999 0.080319000000000002 0.079435000000000019 0.00382 0.0039090000000000001 0.0038570000000000002 0.00088800000000000012 0.00094699999999999993 0.00087700000000000007 1.9203772612927452 1.9203772612927452 1.9203772612927452 3.4489560835715428e-05 3.4489560835715428e-05 3.4489560835715428e-05 1 1 1 Converged Converged Converged OK OK OK 77 77 77 77 77 77 3 3 3 0 0 0 0 0 1 0 0
129 129 uniform 2 7 1297 1 0.0001 1.8123377774426679 0.016349321207570565 0.00011833195552117124 -1.2487480595753024 0.047299474691918801 -1.2487573203370388 0 1.2779111671904213 3.896205779709351 OK 14 13 0.47864499999999999 0.59022799999999997 0.13338700000000001 0.340084 0.21954000000000001 0 0.13856099999999999 0.37068799999999996 0.13338700000000001 0.014699 0.011440000000000001 0.010612 0.098114000000000035 0.33164299999999991 0.097439999999999985 0.0040350000000000004 0.0050370000000000007 0.0039990000000000008 0.0010399999999999999 0.0010610000000000001 0.00099899999999999989 3.896204865908401 3.896204865908401 3.896204865908401 0.00032397832477805601 0.00032397832477805601 0.00032397832477805601 1 1 1 Converged Converged Converged OK OK OK 91 91 91 91 91 91 5 5 5 0 0 0 0 1 0 0 1
129 129 uniform 2 15 1297 2 0.0001 1.8123377774426679 0.016349321207570565 0.00011833195552117124 -1.2487480595753024 0.047299474691918801 -1.2487408567606186 0 1.2778947036140011 8.1113771212240895 OK 14 13 0.51804799999999995 0.51414400000000005 0.117038 0.39900999999999998 0.27223199999999997 0 0.11903799999999998 0.24191200000000007 0.117038 0.010824 0.010899000000000001 0.010240000000000001 0.088349999999999998 0.21124000000000001 0.087555999999999967 0.0031820000000000004 0.0033050000000000006 0.0031519999999999999 0.00089100000000000008 0.00088800000000000012 0.00092200000000000008 8.1113764268991382 8.1113764268991382 8.1113764268991382 0.00072077362556503073 0.00072077362556503073 0.00072077362556503073 1 1 1 Converged Converged Converged OK OK OK 75 75 75 75 75 75 5 5 5 0 0 0 0 1 0 0 1
129 129 uniform 2 23 1297 3 0.0001 1.8123377774426679 0.016349321207570565 0.00011833195552117124 -1.2487480595753024 0.047299474691918801 -1.2487243931841983 0 1.2778782400375808 12.113897507910869 OK 14 13 0.47309499999999999 0.46326099999999998 0.11444 0.35672399999999999 0.22752600000000001 0 0.116371 0.23573499999999997 0.11444 0.010803999999999999 0.01102 0.010299000000000001 0.085684999999999997 0.204677 0.084987000000000021 0.0033350000000000003 0.0034819999999999999 0.0031510000000000002 0.00094900000000000008 0.00095399999999999999 0.000892 12.113896707868504 12.113896707868504 12.113896707868504 0.00076712136758727957 0.00076712136758727957 0.00076712136758727957 1 1 1 Converged Converged Converged OK OK OK 75 75 75 75 75 75 5 5 5 0 0 0 0 1 0 0 1
129 129 uniform 3 0 1298 0 0.001 1.8123377774426679 0.016349321207570565 0.00011833195552117124 -1.2885060709154947 0.009968186146853528 -1.2885297373065989 0 1.3176835841599814 1.8717139322324006 OK 13 12 0.39665699999999998 0.40131899999999998 0.068945000000000006 0.32666200000000001 0.33144299999999999 0 0.069994999999999974 0.069875999999999994 0.068945000000000006 0.0088360000000000001 0.0089359999999999995 0.0084690000000000008 0.045026999999999984 0.045216000000000006 0.044778999999999999 0.002173 0.0022079999999999999 0.002163 0.00055900000000000004 0.00054799999999999998 0.00054000000000000001 1.8717139186726415 1.8717139186726415 1.8717139186726415 0.00065913091701225634 0.00065913091701225634 0.00065913091701225634 1 1 1 Converged Converged Converged OK OK OK 45 45 45 45 45 45 3 3 3 0 0 0 0 0 1 0 0
129 129 uniform 3 7 1298 1 0.001 1.8123377774426679 0.016349321207570565 0.00011833195552117124 -1.2885060709154947 0.009968186146853528 -1.2885153316772311 0 1.3176691785306136 1.8715314857508725 OK 13 12 0.38414900000000002 0.29918499999999998 0.060872999999999997 0.32183600000000001 0.17812700000000001 0 0.062313000000000007 0.12105799999999997 0.060872999999999997 0.008267 0.0081440000000000002 0.0077590000000000003 0.040228 0.098985999999999991 0.039641999999999983 0.0021810000000000002 0.0022249999999999995 0.0021189999999999998 0.00054300000000000008 0.000544 0.00053499999999999999 1.8715314721934555 1.8715314721934555 1.8715314721934555 0.00065906669137093807 0.00065906669137093807 0.00065906669137093807 1 1 1 Converged Converged Converged OK OK OK 45 45 45 45 45 45 3 3 3 0 0 0 0 1 0 0 1
129 129 uniform 3 15 1298 2 0.001 1.8123377774426679 0.016349321207570565 0.00011833195552117124 -1.2885060709154947 0.009968186146853528 -1.2884988681008109 0 1.3176527149541934 1.8713231341408041 OK 13 12 0.38925700000000002 0.33313399999999999 0.066328999999999999 0.32117899999999999 0.19819200000000001 0 0.068078000000000027 0.13494199999999998 0.066328999999999999 0.0081709999999999994 0.0081989999999999997 0.0076449999999999999 0.04569899999999999 0.11267100000000001 0.045253000000000002 0.0021949999999999999 0.002251 0.0021520000000000003 0.00056499999999999996 0.00055000000000000003 0.00052899999999999996 1.8713231205844778 1.8713231205844778 1.8713231205844778 0.00065899334466674856 0.00065899334466674856 0.00065899334466674856 1 1 1 Converged Converged Converged OK OK OK 45 45 45 45 45 45 3 3 3 0 0 0 0 1 0 0 1
129 129 uniform 3 23 1298 3 0.001 1.8123377774426679 0.016349321207570565 0.00011833195552117124 -1.2885060709154947 0.009968186146853528 -1.2884824045243906 0 1.3176362513777731 1.8711149517028169 OK 13 12 0.38647500000000001 0.32609300000000002 0.066182000000000005 0.318718 0.19433400000000001 0 0.067757000000000012 0.13175900000000001 0.066182000000000005 0.0081440000000000002 0.0080879999999999997 0.0076220000000000003 0.045725000000000002 0.10972900000000005 0.045127999999999981 0.002212 0.0022339999999999999 0.0021390000000000003 0.00055100000000000006 0.00054299999999999997 0.00053600000000000002 1.8711149381477932 1.8711149381477932 1.8711149381477932 0.00065892005776815529 0.00065892005776815529 0.00065892005776815529 1 1 1 Converged Converged Converged OK OK OK 45 45 45 45 45 45 3 3 3 0 0 0 0 1 0 0 1
129 129 uniform 3 0 1298 0 0.0001 1.8123377774426679 0.016349321207570565 0.00011833195552117124 -1.2885060709154947 0.009968186146853528 -1.2885297373065989 0 1.3176835841599814 1.8717139322324006 OK 13 12 0.41727999999999998 0.41848299999999999 0.088695999999999997 0.32765100000000003 0.32823099999999999 0 0.089628999999999959 0.090251999999999999 0.088695999999999997 0.0086709999999999999 0.0090069999999999994 0.0085109999999999995 0.059168000000000012 0.059549999999999999 0.058957999999999983 0.00299 0.0030270000000000002 0.0030049999999999999 0.000696 0.00068100000000000007 0.00067600000000000006 1.871713918682711 1.871713918682711 1.871713918682711 0.00012811946780080276 0.00012811946780080276 0.00012811946780080276 1 1 1 Converged Converged Converged OK OK OK 61 61 61 61 61 61 3 3 3 0 0 0 0 0 1 0 0
129 129 uniform 3 7 1298 1 0.0001 1.8123377774426679 0.016349321207570565 0.00011833195552117124 -1.2885060709154947 0.009968186146853528 -1.2885153316772311 0 1.3176691785306136 1.8715314857508725 OK 13 12 0.40356300000000001 0.35795500000000002 0.080639000000000002 0.32156800000000002 0.178256 0 0.081994999999999985 0.17969900000000003 0.080639000000000002 0.0080809999999999996 0.0081110000000000002 0.0076769999999999998 0.055122999999999985 0.15265000000000001 0.054636000000000018 0.003003 0.0030929999999999998 0.0029159999999999998 0.00068800000000000003 0.00067000000000000002 0.00065200000000000002 1.8715314722035046 1.8715314722035046 1.8715314722035046 0.00012814041662645071 0.00012814041662645071 0.00012814041662645071 1 1 1 Converged Converged Converged OK OK OK 61 61 61 61 61 61 3 3 3 0 0 0 0 1 0 0 1
129 129 uniform 3 15 1298 2 0.0001 1.8123377774426679 0.016349321207570565 0.00011833195552117124 -1.2885060709154947 0.009968186146853528 -1.2884988681008109 0 1.3176527149541934 1.8713231341408041 OK 13 12 0.41044599999999998 0.38863900000000001 0.086009000000000002 0.32253999999999999 0.19512499999999999 0 0.087905999999999984 0.19351400000000002 0.086009000000000002 0.0082959999999999996 0.0082140000000000008 0.0076350000000000003 0.060691000000000009 0.16616400000000003 0.060069000000000018 0.0029730000000000004 0.0031459999999999999 0.0029189999999999997 0.000678 0.00069399999999999996 0.00066299999999999996 1.8713231205946514 1.8713231205946514 1.8713231205946514 0.00012816436308293213 0.00012816436308293213 0.00012816436308293213 1 1 1 Converged Converged Converged OK OK OK 61 61 61 61 61 61 3 3 3 0 0 0 0 1 0 0 1
129 129 uniform 3 23 1298 3 0.0001 1.8123377774426679 0.016349321207570565 0.00011833195552117124 -1.2885060709154947 0.009968186146853528 -1.2884824045243906 0 1.3176362513777731 1.8711149517028169 OK 13 12 0.40464099999999997 0.38417699999999999 0.087904999999999997 0.31559599999999999 0.19658400000000001 0 0.089044999999999985 0.18759299999999998 0.087904999999999997 0.0082039999999999995 0.0082749999999999994 0.0088229999999999992 0.061609000000000025 0.16031800000000004 0.060352000000000003 0.0032260000000000001 0.0030730000000000002 0.0030269999999999997 0.00069799999999999994 0.00066600000000000003 0.00068599999999999998 1.8711149381578136 1.8711149381578136 1.8711149381578136 0.00012818831681741052 0.00012818831681741052 0.00012818831681741052 1 1 1 Converged Converged Converged OK OK OK 61 61 61 61 61 61 3 3 3 0 0 0 0 1 0 0 1
129 129 uniform 4 0 1299 0 0.001 1.8123377774426679 0.016349321207570565 0.00011833195552117124 -1.2284623406028041 0.042650630042097203 -1.2284860069939083 0 1.2576398538472908 18.344557479563491 OK 15 14 0.46867799999999998 0.46379100000000001 0.13800999999999999 0.32623999999999997 0.32481599999999999 0 0.14243800000000001 0.13897500000000002 0.13800999999999999 0.014574999999999999 0.014703000000000001 0.014149 0.095438999999999982 0.095204999999999956 0.094910999999999981 0.0036460000000000004 0.0036280000000000001 0.0037759999999999998 0.00096499999999999993 0.00094399999999999996 0.00094299999999999994 18.344558049215149 18.344558049215149 18.344558049215149 0.0060705347525566418 0.0060705347525566418 0.0060705347525566418 1 1 1 Converged Converged Converged OK OK OK 82 82 82 82 82 82 6 6 6 0 0 0 0 0 1 0 0
129 129 uniform 4 7 1299 1 0.001 1.8123377774426679 0.016349321207570565 0.00011833195552117124 -1.2284623406028041 0.042650630042097203 -1.2284716013645405 0 1.257625448217923 18.751698789667785 OK 15 14 0.47064800000000001 0.48303099999999999 0.13316600000000001 0.33948200000000001 0.203844 0 0.131166 0.27918699999999996 0.13316600000000001 0.013641 0.013455 0.014168 0.095148999999999997 0.24305799999999994 0.096604000000000009 0.0036310000000000001 0.0037409999999999995 0.0036260000000000003 0.00087600000000000004 0.00093900000000000006 0.00090200000000000002 18.751698785809843 18.751698785809843 18.751698785809843 0.006477021346483312 0.006477021346483312 0.006477021346483312 1 1 1 Converged Converged Converged OK OK OK 82 82 82 82 82 82 6 6 6 0 0 0 0 1 0 0 1
129 129 uniform 4 15 1299 2 0.001 1.8123377774426679 0.016349321207570565 0.00011833195552117124 -1.2284623406028041 0.042650630042097203 -1.2284551377881203 0 1.2576089846415028 19.259941829498221 OK 15 14 0.48629499999999998 0.51280000000000003 0.12629799999999999 0.35414099999999998 0.226493 0 0.13215399999999999 0.28630700000000003 0.12629799999999999 0.013422999999999999 0.016486000000000001 0.012869999999999999 0.095988000000000032 0.24653100000000003 0.091414000000000065 0.0036709999999999998 0.0040100000000000005 0.0035979999999999996 0.000901 0.00092200000000000008 0.00088199999999999997 19.259941881113523 19.259941881113523 19.259941881113523 0.0085504466152031555 0.0085504466152031555 0.0085504466152031555 1 1 1 Converged Converged Converged OK OK OK 82 82 82 82 82 82 6 6 6 0 0 0 0 1 0 0 1
129 129 uniform 4 23 1299 3 0.001 1.8123377774426679 0.016349321207570565 0.00011833195552117124 -1.2284623406028041 0.042650630042097203 -1.2284386742116999 0 1.2575925210650825 19.822435184330708 OK 15 14 0.44789699999999999 0.47262799999999999 0.12946299999999999 0.316251 0.202624 0 0.13164599999999999 0.27000400000000002 0.12946299999999999 0.013610000000000001 0.013674 0.012773 0.095677000000000012 0.23343399999999997 0.094700000000000006 0.0036189999999999998 0.0038740000000000007 0.0035999999999999995 0.00090699999999999993 0.00094600000000000001 0.000892 19.822435835518913 19.822435835518913 19.822435835518913 0.012709477268946773 0.012709477268946773 0.012709477268946773 1 1 1 Converged Converged Converged OK OK OK 82 82 82 82 82 82 6 6 6 0 0 0 0 1 0 0 1
129 129 uniform 4 0 1299 0 0.0001 1.8123377774426679 0.016349321207570565 0.00011833195552117124 -1.2284623406028041 0.042650630042097203 -1.2284860069939083 0 1.2576398538472908 18.344557479563491 OK 15 14 0.50676100000000002 0.50670099999999996 0.17555699999999999 0.32972099999999999 0.329129 0 0.17704000000000003 0.17757199999999995 0.17555699999999999 0.014478 0.014605999999999999 0.013877 0.12219799999999999 0.12234200000000001 0.12183699999999995 0.0054799999999999996 0.0056550000000000003 0.005385 0.0012609999999999998 0.0012999999999999999 0.0012520000000000001 18.344557275901121 18.344557275901121 18.344557275901121 0.0015094294082907127 0.0015094294082907127 0.0015094294082907127 1 1 1 Converged Converged Converged OK OK OK 114 114 114 114 114 114 6 6 6 0 0 0 0 0 1 0 0
129 129 uniform 4 7 1299 1 0.0001 1.8123377774426679 0.016349321207570565 0.00011833195552117124 -1.2284623406028041 0.042650630042097203 -1.2284716013645405 0 1.257625448217923 18.751698789667785 OK 15 14 0.49930200000000002 0.57865100000000003 0.15771099999999999 0.33933400000000002 0.20074600000000001 0 0.159968 0.37790500000000005 0.15771099999999999 0.013539000000000001 0.013521999999999999 0.012874 0.11726199999999996 0.33413400000000015 0.11618099999999999 0.0047629999999999999 0.0051980000000000004 0.0048560000000000001 0.0011560000000000001 0.0011839999999999999 0.001168 18.751698718187193 18.751698718187193 18.751698718187193 0.0013446504503646841 0.0013446504503646841 0.0013446504503646841 1 1 1 Converged Converged Converged OK OK OK 106 106 106 106 106 106 6 6 6 0 0 0 0 1 0 0 1
129 129 uniform 4 15 1299 2 0.0001 1.8123377774426679 0.016349321207570565 0.00011833195552117124 -1.2284623406028041 0.042650630042097203 -1.2284551377881203 0 1.2576089846415028 19.259941829498221 OK 15 14 0.51508799999999999 0.60133599999999998 0.153861 0.35911999999999999 0.22837499999999999 0 0.155968 0.37296099999999999 0.153861 0.013661 0.013671000000000001 0.012844 0.11311399999999999 0.32889699999999988 0.11234300000000004 0.0047949999999999998 0.0053100000000000005 0.0047760000000000007 0.0011489999999999998 0.0011750000000000003 0.00116 19.259941598968904 19.259941598968904 19.259941598968904 0.00095211008003336746 0.00095211008003336746 0.00095211008003336746 1 1 1 Converged Converged Converged OK OK OK 106 106 106 106 106 106 6 6 6 0 0 0 0 1 0 0 1
129 129 uniform 4 23 1299 3 0.0001 1.8123377774426679 0.016349321207570565 0.00011833195552117124 -1.2284623406028041 0.042650630042097203 -1.2284386742116999 0 1.2575925210650825 19.822435184330708 OK 15 14 0.47815999999999997 0.57245199999999996 0.15717900000000001 0.31848199999999999 0.20338700000000001 0 0.15967799999999999 0.36906499999999998 0.15717900000000001 0.013544 0.013592999999999999 0.012807000000000001 0.11646100000000001 0.32548299999999997 0.11573499999999999 0.0051539999999999997 0.0052100000000000002 0.0048549999999999991 0.001193 0.0012510000000000002 0.0012110000000000001 19.822434896218347 19.822434896218347 19.822434896218347 0.0007842911811462472 0.0007842911811462472 0.0007842911811462472 1 1 1 Converged Converged Converged OK OK OK 106 106 106 106 106 106 6 6 6 0 0 0 0 1 0 0 1
130 130 linear 0 0 1300 0 0.001 2.8478714361867503 0.00037307837554518934 0.0018805528475557298 0.00040852601601664785 0.00010408140720643625 3.2415446505501891e-05 0.5 0.0010296675624649155 1042.0396886612684 OK 13 14 0.86953800000000003 0.86286799999999997 0.24281700000000001 0.62176699999999996 0.61868599999999996 0 0.24777100000000007 0.24418200000000001 0.24281700000000001 0.0073540000000000003 0.0072630000000000004 0.007149 0.20821300000000009 0.20433899999999997 0.20368899999999995 0.0043439999999999998 0.0045100000000000001 0.0043699999999999998 0.00097400000000000004 0.0010989999999999999 0.001114 1042.0428100891802 1042.0428100891802 1042.0428100891802 0.83589475958846171 0.83589475958846171 0.83589475958846171 1 1 1 Converged Converged Converged OK OK OK 105 105 105 105 105 105 7 7 7 0 0 0 0 0 1 0 0
130 130 linear 0 7 1300 1 0.001 2.8478714361867503 0.00037307837554518934 0.0018805528475557298 0.00040852601601664785 0.00010408140720643625 0.00026135231490359074 0.5 0.00080073069406682673 1084.9581921795964 OK 13 14 0.79746399999999995 0.80119799999999997 0.23624100000000001 0.552894 0.39769900000000002 0 0.24456999999999995 0.40349899999999994 0.23624100000000001 0.0065110000000000003 0.0065690000000000002 0.0060140000000000002 0.21329000000000006 0.37177199999999999 0.20692300000000002 0.0048909999999999995 0.0048890000000000001 0.00445 0.0010120000000000001 0.001054 0.00093499999999999996 1084.9595442304712 1084.9595442304712 1084.9595442304712 0.95995362115021543 0.95995362115021543 0.95995362115021543 1 1 1 Converged Converged Converged OK OK OK 105 105 105 105 105 105 7 7 7 0 0 0 0 1 0 0 1
130 130 linear 0 15 1300 2 0.001 2.8478714361867503 0.00037307837554518934 0.0018805528475557298 0.00040852601601664785 0.00010408140720643625 0.00052299445021569224 0.5 0.00053908855875472517 1118.1349815099284 OK 13 14 0.79869900000000005 0.81181599999999998 0.24363000000000001 0.54415400000000003 0.38313799999999998 0 0.25454500000000002 0.428678 0.24363000000000001 0.0063280000000000003 0.0064599999999999996 0.0058259999999999996 0.21575899999999998 0.39369999999999999 0.210621 0.0049650000000000007 0.0050509999999999999 0.0046830000000000005 0.0014109999999999999 0.0013439999999999999 0.0011849999999999999 1118.135179995623 1118.135179995623 1118.135179995623 0.84289260824287127 0.84289260824287127 0.84289260824287127 1 1 1 Converged Converged Converged OK OK OK 113 113 113 113 113 113 7 7 7 0 0 0 0 1 0 0 1
130 130 linear 0 23 1300 3 0.001 2.8478714361867503 0.00037307837554518934 0.0018805528475557298 0.00040852601601664785 0.00010408140720643625 0.0007846365855277938 0.5 0.00027744642344262362 1135.0410524877159 OK 11 12 0.79804799999999998 0.74969799999999998 0.20343600000000001 0.58819699999999997 0.42273500000000003 0 0.20985100000000001 0.32696299999999995 0.20343600000000001 0.0062610000000000001 0.006483 0.0060020000000000004 0.18231200000000003 0.29852400000000001 0.17679999999999998 0.0039379999999999997 0.0042680000000000001 0.0039529999999999999 0.0010429999999999999 0.0010629999999999999 0.0010089999999999999 1135.0400865648114 1135.0400865648114 1135.0400865648114 0.88584590287898068 0.88584590287898068 0.88584590287898068 1 1 1 Converged Converged Converged OK OK OK 91 91 91 91 91 91 5 5 5 0 0 0 0 1 0 0 1
130 130 linear 0 0 1300 0 0.0001 2.8478714361867503 0.00037307837554518934 0.0018805528475557298 0.00040852601601664785 0.00010408140720643625 3.2415446505501891e-05 0.5 0.0010296675624649155 1042.0396886612684 OK 13 14 0.88697899999999996 0.88296600000000003 0.26600099999999999 0.61870899999999995 0.619112 0 0.26827000000000001 0.26385400000000003 0.26600099999999999 0.0073410000000000003 0.0075630000000000003 0.0072589999999999998 0.22447899999999996 0.21930100000000005 0.22165500000000007 0.0048459999999999996 0.0052230000000000011 0.0050899999999999999 0.0011850000000000001 0.00133 0.0013179999999999999 1042.0444071226684 1042.0444071226684 1042.0444071226684 0.095903788646269764 0.095903788646269764 0.095903788646269764 1 1 1 Converged Converged Converged OK OK OK 113 113 113 113 113 113 7 7 7 0 0 0 0 0 1 0 0
130 130 linear 0 7 1300 1 0.0001 2.8478714361867503 0.00037307837554518934 0.0018805528475557298 0.00040852601601664785 0.00010408140720643625 0.00026135231490359074 0.5 0.00080073069406682673 1084.9581921795964 OK 13 14 0.826542 0.86122900000000002 0.26514399999999999 0.55465799999999998 0.39126300000000003 0 0.27188400000000001 0.46996599999999999 0.26514399999999999 0.0063049999999999998 0.0065240000000000003 0.0059560000000000004 0.23546299999999989 0.43053300000000005 0.22926500000000002 0.0052350000000000001 0.0063499999999999997 0.0054109999999999991 0.0012560000000000002 0.0015199999999999999 0.0013179999999999997 1084.9611844436174 1084.9611844436174 1084.9611844436174 0.086723929916414699 0.086723929916414699 0.086723929916414699 1 1 1 Converged Converged Converged OK OK OK 121 121 121 121 121 121 7 7 7 0 0 0 0 1 0 0 1
130 130 linear 0 15 1300 2 0.0001 2.8478714361867503 0.00037307837554518934 0.0018805528475557298 0.00040852601601664785 0.00010408140720643625 0.00052299445021569224 0.5 0.00053908855875472517 1118.1349815099284 OK 13 14 0.81440000000000001 0.83091599999999999 0.25827 0.54624600000000001 0.37949100000000002 0 0.268154 0.45142499999999997 0.25827 0.0065709999999999996 0.0064400000000000004 0.0058060000000000004 0.23160299999999984 0.41499999999999998 0.22488500000000003 0.0063179999999999998 0.0058809999999999991 0.0051310000000000001 0.001397 0.0014960000000000002 0.0013760000000000001 1118.1367764760901 1118.1367764760901 1118.1367764760901 0.10314206996804254 0.10314206996804254 0.10314206996804254 1 1 1 Converged Converged Converged OK OK OK 121 121 121 121 121 121 7 7 7 0 0 0 0 1 0 0 1
130 130 linear 0 23 1300 3 0.0001 2.8478714361867503 0.00037307837554518934 0.0018805528475557298 0.00040852601601664785 0.00010408140720643625 0.0007846365855277938 0.5 0.00027744642344262362 1135.0410524877159 OK 11 12 0.87980700000000001 0.89660099999999998 0.279165 0.59002299999999996 0.41993399999999997 0 0.28978400000000004 0.47666700000000001 0.279165 0.006561 0.0065560000000000002 0.0060039999999999998 0.24781700000000007 0.43492300000000017 0.24021400000000001 0.0081300000000000001 0.0079310000000000005 0.0071940000000000007 0.0015279999999999998 0.0015269999999999999 0.001431 1135.0418653063173 1135.0418653063173 1135.0418653063173 0.066819172454421108 0.066819172454421108 0.066819172454421108 1 1 1 Converged Converged Converged OK OK OK 131 131 131 131 131 131 5 5 5 0 0 0 0 1 0 0 1
130 130 linear 1 0 1301 0 0.001 2.8478714361867503 0.00037307837554518934 0.0018805528475557298 0.0011255368563084396 0.0010571178159738809 0.00074942628679729368 0.5 0.00031265672217312373 1001.6983783832167 OK 13 12 0.88164600000000004 0.84738999999999998 0.26359100000000002 0.59577899999999995 0.582063 0 0.28586700000000009 0.26532699999999998 0.26359100000000002 0.010201 0.0092589999999999999 0.008711 0.24198500000000001 0.22406499999999988 0.22280600000000006 0.0044140000000000004 0.0047039999999999998 0.0046830000000000005 0.001395 0.0010249999999999999 0.0011180000000000001 1001.7001140067928 1001.7001140067928 1001.7001140067928 0.658440656670228 0.658440656670228 0.658440656670228 1 1 1 Converged Converged Converged OK OK OK 105 105 105 105 105 105 7 7 7 0 0 0 0 0 1 0 0
130 130 linear 1 7 1301 1 0.001 2.8478714361867503 0.00037307837554518934 0.0018805528475557298 0.0011255368563084396 0.0010571178159738809 0.00097836315519538248 0.5 8.3719853775034939e-05 1005.4228669997275 OK 13 12 0.83405799999999997 0.79911399999999999 0.25065300000000001 0.57517799999999997 0.412078 0 0.25888 0.38703599999999999 0.25065300000000001 0.0069750000000000003 0.0069340000000000001 0.0063299999999999997 0.22587600000000002 0.35560900000000017 0.22089699999999995 0.0050640000000000008 0.0047020000000000005 0.0044810000000000006 0.0011489999999999998 0.0010600000000000002 0.0010919999999999999 1005.4253567907136 1005.4253567907136 1005.4253567907136 0.65832863463153912 0.65832863463153912 0.65832863463153912 1 1 1 Converged Converged Converged OK OK OK 105 105 105 105 105 105 7 7 7 0 0 0 0 1 0 0 1
130 130 linear 1 15 1301 2 0.001 2.8478714361867503 0.00037307837554518934 0.0018805528475557298 0.0011255368563084396 0.0010571178159738809 0.0012400052905074841 0.5 -0.00017792228153706673 993.88784760232647 OK 12 11 0.84098300000000004 0.80113900000000005 0.25228600000000001 0.57777000000000001 0.41375000000000001 0 0.26321300000000003 0.38738900000000004 0.25228600000000001 0.0066030000000000004 0.0069189999999999998 0.0062950000000000002 0.231157 0.35581499999999988 0.22301700000000005 0.0052760000000000003 0.0047209999999999995 0.0044900000000000001 0.0011850000000000001 0.0011379999999999999 0.00099899999999999989 993.89004956636018 993.89004956636018 993.89004956636018 0.65818753128892571 0.65818753128892571 0.65818753128892571 1 1 1 Converged Converged Converged OK OK OK 105 105 105 105 105 105 7 7 7 0 0 0 0 1 0 0 1
130 130 linear 1 23 1301 3 0.001 2.8478714361867503 0.00037307837554518934 0.0018805528475557298 0.0011255368563084396 0.0010571178159738809 0.0015016474258195856 0.5 -0.00043956441684916817 965.18543404533273 OK 12 11 0.87143400000000004 0.82821400000000001 0.25331399999999998 0.60897100000000004 0.441915 0 0.262463 0.386299 0.25331399999999998 0.010142 0.0079920000000000008 0.0072909999999999997 0.22871300000000003 0.35385200000000006 0.22317899999999993 0.0043079999999999993 0.0048260000000000004 0.0043629999999999997 0.001052 0.0011299999999999999 0.0010049999999999998 965.19033654956866 965.19033654956866 965.19033654956866 0.65803248059238484 0.65803248059238484 0.65803248059238484 1 1 1 Converged Converged Converged OK OK OK 105 105 105 105 105 105 7 7 7 0 0 0 0 1 0 0 1
130 130 linear 1 0 1301 0 0.0001 2.8478714361867503 0.00037307837554518934 0.0018805528475557298 0.0011255368563084396 0.0010571178159738809 0.00074942628679729368 0.5 0.00031265672217312373 1001.6983783832167 OK 13 12 0.93340199999999995 0.93001100000000003 0.34347100000000003 0.58009599999999995 0.58488899999999999 0 0.35330600000000001 0.34512200000000004 0.34347100000000003 0.0088260000000000005 0.0089499999999999996 0.0085339999999999999 0.29886599999999974 0.28872099999999984 0.28993100000000027 0.0071240000000000001 0.0081470000000000015 0.0074599999999999996 0.0013680000000000001 0.0014429999999999998 0.0013579999999999998 1001.701328163729 1001.701328163729 1001.701328163729 0.067080177938919086 0.067080177938919086 0.067080177938919086 1 1 1 Converged Converged Converged OK OK OK 145 145 145 145 145 145 7 7 7 0 0 0 0 0 1 0 0
130 130 linear 1 7 1301 1 0.0001 2.8478714361867503 0.00037307837554518934 0.0018805528475557298 0.0011255368563084396 0.0010571178159738809 0.00097836315519538248 0.5 8.3719853775034939e-05 1005.4228669997275 OK 13 12 0.90149500000000005 0.97191099999999997 0.321544 0.57073499999999999 0.42332500000000001 0 0.33076000000000005 0.54858600000000002 0.321544 0.0066179999999999998 0.0069259999999999999 0.0063379999999999999 0.29003099999999987 0.50506699999999993 0.28214199999999995 0.0073610000000000012 0.0083480000000000013 0.0070609999999999996 0.00142 0.00148 0.0013089999999999998 1005.4265707077951 1005.4265707077951 1005.4265707077951 0.067071246498092194 0.067071246498092194 0.067071246498092194 1 1 1 Converged Converged Converged OK OK OK 145 145 145 145 145 145 7 7 7 0 0 0 0 1 0 0 1
130 130 linear 1 15 1301 2 0.0001 2.8478714361867503 0.00037307837554518934 0.0018805528475557298 0.0011255368563084396 0.0010571178159738809 0.0012400052905074841 0.5 -0.00017792228153706673 993.88784760232647 OK 12 11 0.91001600000000005 0.96821999999999997 0.32119799999999998 0.57425599999999999 0.42753200000000002 0 0.33576000000000006 0.54068799999999995 0.32119799999999998 0.0068149999999999999 0.0069210000000000001 0.0061960000000000001 0.29468699999999998 0.49856200000000012 0.28223600000000004 0.007278999999999999 0.0077749999999999998 0.0071470000000000006 0.0013150000000000002 0.0014050000000000002 0.0013399999999999998 993.89126317534317 993.89126317534317 993.89126317534317 0.067058813683266036 0.067058813683266036 0.067058813683266036 1 1 1 Converged Converged Converged OK OK OK 145 145 145 145 145 145 7 7 7 0 0 0 0 1 0 0 1
130 130 linear 1 23 1301 3 0.0001 2.8478714361867503 0.00037307837554518934 0.0018805528475557298 0.0011255368563084396 0.0010571178159738809 0.0015016474258195856 0.5 -0.00043956441684916817 965.18543404533273 OK 12 11 0.94510499999999997 0.97935799999999995 0.33197100000000002 0.60942099999999999 0.44662099999999999 0 0.33568399999999998 0.53273700000000002 0.33197100000000002 0.0080249999999999991 0.0080940000000000005 0.0073899999999999999 0.29395500000000008 0.48998799999999987 0.29160499999999978 0.0071580000000000003 0.0077289999999999998 0.0071230000000000009 0.0013210000000000003 0.0014089999999999999 0.001389 965.19154981751581 965.19154981751581 965.19154981751581 0.067044010475727334 0.067044010475727334 0.067044010475727334 1 1 1 Converged Converged Converged OK OK OK 145 145 145 145 145 145 7 7 7 0 0 0 0 1 0 0 1
130 130 linear 2 0 1302 0 0.001 2.8478714361867503 0.00037307837554518934 0.0018805528475557298 -2.5006525370787465 0.001621760636865885 -2.5010286476482575 0.5 2.502090730657228 4.6906109333684123 OK 15 14 0.56059199999999998 0.55123699999999998 0.212729 0.34765000000000001 0.34403600000000001 0 0.21294199999999996 0.20720099999999997 0.212729 0.009861 0.010277 0.011370999999999999 0.17492400000000008 0.16922900000000002 0.17319299999999996 0.0047690000000000007 0.0044229999999999998 0.0044780000000000002 0.000901 0.0010740000000000001 0.001248 4.690601559627849 4.690601559627849 4.690601559627849 0.0034687914944641499 0.0034687914944641499 0.0034687914944641499 1 1 1 Converged Converged Converged OK OK OK 89 89 89 89 89 89 7 7 7 0 0 0 0 0 1 0 0
130 130 linear 2 7 1302 1 0.001 2.8478714361867503 0.00037307837554518934 0.0018805528475557298 -2.5006525370787465 0.001621760636865885 -2.5007997107798596 0.5 2.5018617937888301 4.8827872015884859 OK 15 14 0.56109399999999998 0.42260599999999998 0.20761099999999999 0.34921999999999997 0.20500099999999999 0 0.21187400000000001 0.21760499999999999 0.20761099999999999 0.0091439999999999994 0.0091509999999999994 0.010004000000000001 0.18133199999999999 0.18477400000000008 0.17669800000000013 0.0042729999999999999 0.0041939999999999998 0.0041120000000000002 0.0010189999999999999 0.0010229999999999998 0.0010439999999999998 4.8827944664502398 4.8827944664502398 4.8827944664502398 0.0042123838606965489 0.0042123838606965489 0.0042123838606965489 1 1 1 Converged Converged Converged OK OK OK 89 89 89 89 89 89 7 7 7 0 0 0 0 1 0 0 1
130 130 linear 2 15 1302 2 0.001 2.8478714361867503 0.00037307837554518934 0.0018805528475557298 -2.5006525370787465 0.001621760636865885 -2.5005380686445475 0.5 2.501600151653518 5.1197495652585427 OK 16 15 0.97830300000000003 0.87094899999999997 0.246582 0.72277400000000003 0.59540899999999997 0 0.25552900000000001 0.27554000000000001 0.246582 0.012222999999999999 0.013252999999999999 0.011668 0.21873900000000013 0.23607300000000003 0.21152199999999999 0.0045719999999999997 0.0050810000000000004 0.0041729999999999996 0.0010300000000000001 0.0010989999999999999 0.00096799999999999989 5.1197633284289772 5.1197633284289772 5.1197633284289772 0.0044294509093434032 0.0044294509093434032 0.0044294509093434032 1 1 1 Converged Converged Converged OK OK OK 96 96 96 96 96 96 8 8 8 0 0 0 0 1 0 0 1
130 130 linear 2 23 1302 3 0.001 2.8478714361867503 0.00037307837554518934 0.0018805528475557298 -2.5006525370787465 0.001621760636865885 -2.5002764265092354 0.5 2.5013385095182059 5.3667710401386506 OK 16 15 0.77037 0.65756700000000001 0.25869799999999998 0.49846699999999999 0.364653 0 0.27190300000000001 0.29291400000000001 0.25869799999999998 0.012148000000000001 0.013317000000000001 0.011135000000000001 0.23566499999999996 0.25512699999999999 0.22540100000000007 0.0045590000000000006 0.0047879999999999997 0.004169 0.00097400000000000004 0.00099500000000000001 0.00091500000000000001 5.3667852332255865 5.3667852332255865 5.3667852332255865 0.0041844465877261938 0.0041844465877261938 0.0041844465877261938 1 1 1 Converged Converged Converged OK OK OK 88 88 88 88 88 88 8 8 8 0 0 0 0 1 0 0 1
130 130 linear 2 0 1302 0 0.0001 2.8478714361867503 0.00037307837554518934 0.0018805528475557298 -2.5006525370787465 0.001621760636865885 -2.5010286476482575 0.5 2.502090730657228 4.6906109333684123 OK 15 14 0.60859700000000005 0.59863599999999995 0.25010700000000002 0.35802400000000001 0.34769899999999998 0 0.25057300000000005 0.25093699999999997 0.25010700000000002 0.009691 0.010290000000000001 0.010246999999999999 0.20273100000000002 0.1979800000000001 0.20053900000000002 0.0054019999999999988 0.0063980000000000009 0.0062310000000000004 0.0012949999999999999 0.001518 0.0014090000000000001 4.6906145070648373 4.6906145070648373 4.6906145070648373 0.0002952090494220809 0.0002952090494220809 0.0002952090494220809 1 1 1 Converged Converged Converged OK OK OK 113 113 113 113 113 113 7 7 7 0 0 0 0 0 1 0 0
130 130 linear 2 7 1302 1 0.0001 2.8478714361867503 0.00037307837554518934 0.0018805528475557298 -2.5006525370787465 0.001621760636865885 -2.5007997107798596 0.5 2.5018617937888301 4.8827872015884859 OK 15 14 0.67237199999999997 0.54463799999999996 0.31355699999999997 0.34960799999999997 0.20844199999999999 0 0.322764 0.33619599999999994 0.31355699999999997 0.0089479999999999994 0.0091640000000000003 0.0085339999999999999 0.27647899999999992 0.28871999999999998 0.26778699999999989 0.0066569999999999997 0.0075650000000000005 0.0071189999999999995 0.0015999999999999999 0.0016729999999999998 0.0016769999999999997 4.882810049137011 4.882810049137011 4.882810049137011 0.00033879074406986242 0.00033879074406986242 0.00033879074406986242 1 1 1 Converged Converged Converged OK OK OK 137 137 137 137 137 137 7 7 7 0 0 0 0 1 0 0 1
130 130 linear 2 15 1302 2 0.0001 2.8478714361867503 0.00037307837554518934 0.0018805528475557298 -2.5006525370787465 0.001621760636865885 -2.5005380686445475 0.5 2.501600151653518 5.1197495652585427 OK 16 15 1.113963 1.0013570000000001 0.37740400000000002 0.72218400000000005 0.59080600000000005 0 0.39177899999999999 0.410551 0.37740400000000002 0.01197 0.012112 0.011615 0.33291199999999982 0.35260499999999995 0.32324400000000003 0.012812 0.011047000000000001 0.009417 0.001588 0.0017229999999999999 0.001673 5.119776975047106 5.119776975047106 5.119776975047106 0.00041921700358483587 0.00041921700358483587 0.00041921700358483587 1 1 1 Converged Converged Converged OK OK OK 160 160 160 160 160 160 8 8 8 0 0 0 0 1 0 0 1
130 130 linear 2 23 1302 3 0.0001 2.8478714361867503 0.00037307837554518934 0.0018805528475557298 -2.5006525370787465 0.001621760636865885 -2.5002764265092354 0.5 2.5013385095182059 5.3667710401386506 OK 16 15 0.87756400000000001 0.74353999999999998 0.36308600000000002 0.50233799999999995 0.35889900000000002 0 0.37522600000000006 0.38464099999999996 0.36308600000000002 0.01197 0.012203 0.01099 0.32416300000000003 0.33416200000000018 0.31627300000000019 0.0084660000000000013 0.0078740000000000008 0.006705 0.0017000000000000001 0.0016589999999999999 0.0015499999999999999 5.3667856927738828 5.3667856927738828 5.3667856927738828 0.00025321069097206491 0.00025321069097206491 0.00025321069097206491 1 1 1 Converged Converged Converged OK OK OK 136 136 136 136 136 136 8 8 8 0 0 0 0 1 0 0 1
130 130 linear 3 0 1303 0 0.001 2.8478714361867503 0.00037307837554518934 0.0018805528475557298 -2.4934584750324209 -0.0051777714683009096 -2.4938345856019319 0.5 2.4948966686109024 3.2192024221411555 OK 13 12 0.43180400000000002 0.43307800000000002 0.11097700000000001 0.31803300000000001 0.320239 0 0.11377100000000001 0.11283900000000002 0.11097700000000001 0.0090589999999999993 0.0091140000000000006 0.0085419999999999992 0.082993999999999998 0.081457000000000029 0.081094999999999973 0.0031949999999999999 0.0034190000000000002 0.0031320000000000002 0.00071900000000000002 0.000727 0.00070299999999999996 3.2191974382037274 3.2191974382037274 3.2191974382037274 0.001632532896571929 0.001632532896571929 0.001632532896571929 1 1 1 Converged Converged Converged OK OK OK 61 61 61 61 61 61 3 3 3 0 0 0 0 0 1 0 0
130 130 linear 3 7 1303 1 0.001 2.8478714361867503 0.00037307837554518934 0.0018805528475557298 -2.4934584750324209 -0.0051777714683009096 -2.4936056487335341 0.5 2.4946677317425046 2.9994088555783587 OK 13 12 0.419854 0.29318499999999997 0.101753 0.31470700000000001 0.16924500000000001 0 0.10514699999999999 0.12393999999999997 0.101753 0.0081770000000000002 0.0083510000000000008 0.0077099999999999998 0.077910999999999994 0.096220000000000028 0.075748999999999997 0.0031609999999999997 0.0034130000000000002 0.0031279999999999997 0.00067900000000000002 0.00068099999999999996 0.00065899999999999997 2.9994063997438078 2.9994063997438078 2.9994063997438078 0.00156044742515967 0.00156044742515967 0.00156044742515967 1 1 1 Converged Converged Converged OK OK OK 61 61 61 61 61 61 3 3 3 0 0 0 0 1 0 0 1
130 130 linear 3 15 1303 2 0.001 2.8478714361867503 0.00037307837554518934 0.0018805528475557298 -2.4934584750324209 -0.0051777714683009096 -2.493344006598222 0.5 2.4944060896071925 2.8301587356821036 OK 13 12 0.42344799999999999 0.30243500000000001 0.104893 0.31502000000000002 0.17582200000000001 0 0.10842799999999997 0.126613 0.104893 0.0081960000000000002 0.0083929999999999994 0.007685 0.081044000000000019 0.098899000000000029 0.078690999999999997 0.0032129999999999997 0.0033349999999999999 0.003202 0.00078300000000000006 0.00077900000000000007 0.00071999999999999994 2.8301567902323046 2.8301567902323046 2.8301567902323046 0.0014049923945038687 0.0014049923945038687 0.0014049923945038687 1 1 1 Converged Converged Converged OK OK OK 61 61 61 61 61 61 3 3 3 0 0 0 0 1 0 0 1
130 130 linear 3 23 1303 3 0.001 2.8478714361867503 0.00037307837554518934 0.0018805528475557298 -2.4934584750324209 -0.0051777714683009096 -2.4930823644629099 0.5 2.4941444474718804 2.7054441149111157 OK 13 12 0.42640899999999998 0.30082500000000001 0.107025 0.31584200000000001 0.172267 0 0.11056699999999997 0.12855800000000001 0.107025 0.008208 0.0082500000000000004 0.0077429999999999999 0.083248000000000003 0.100954 0.080701000000000009 0.0031819999999999999 0.0033140000000000001 0.0031519999999999999 0.00074899999999999999 0.00078100000000000012 0.00076600000000000008 2.7054422387506114 2.7054422387506114 2.7054422387506114 0.0013288355176618047 0.0013288355176618047 0.0013288355176618047 1 1 1 Converged Converged Converged OK OK OK 61 61 61 61 61 61 3 3 3 0 0 0 0 1 0 0 1
130 130 linear 3 0 1303 0 0.0001 2.8478714361867503 0.00037307837554518934 0.0018805528475557298 -2.4934584750324209 -0.0051777714683009096 -2.4938345856019319 0.5 2.4948966686109024 3.2192024221411555 OK 13 12 0.45570699999999997 0.45554699999999998 0.13680700000000001 0.314695 0.31722099999999998 0 0.14101199999999997 0.138326 0.13680700000000001 0.0090500000000000008 0.009044 0.0086250000000000007 0.10422599999999999 0.10141600000000001 0.10102700000000003 0.0040470000000000002 0.0043290000000000004 0.0040230000000000005 0.00087700000000000007 0.00085900000000000006 0.00083100000000000003 3.219197663703294 3.219197663703294 3.219197663703294 2.6750661693692894e-05 2.6750661693692894e-05 2.6750661693692894e-05 1 1 1 Converged Converged Converged OK OK OK 77 77 77 77 77 77 3 3 3 0 0 0 0 0 1 0 0
130 130 linear 3 7 1303 1 0.0001 2.8478714361867503 0.00037307837554518934 0.0018805528475557298 -2.4934584750324209 -0.0051777714683009096 -2.4936056487335341 0.5 2.4946677317425046 2.9994088555783587 OK 13 12 0.451152 0.32021899999999998 0.12751599999999999 0.31808900000000001 0.17069200000000001 0 0.13306299999999999 0.14952699999999997 0.12751599999999999 0.0082900000000000005 0.0083619999999999996 0.0076629999999999997 0.10027600000000005 0.11741699999999997 0.096700999999999995 0.0044219999999999997 0.0041529999999999996 0.0039849999999999998 0.00084199999999999998 0.00079899999999999991 0.00076900000000000004 2.9994064335946797 2.9994064335946797 2.9994064335946797 2.6242738772567898e-05 2.6242738772567898e-05 2.6242738772567898e-05 1 1 1 Converged Converged Converged OK OK OK 77 77 77 77 77 77 3 3 3 0 0 0 0 1 0 0 1
130 130 linear 3 15 1303 2 0.0001 2.8478714361867503 0.00037307837554518934 0.0018805528475557298 -2.4934584750324209 -0.0051777714683009096 -2.493344006598222 0.5 2.4944060896071925 2.8301587356821036 OK 13 12 0.45371800000000001 0.33054899999999998 0.13142699999999999 0.31780599999999998 0.17738599999999999 0 0.13591200000000003 0.15316299999999999 0.13142699999999999 0.0081580000000000003 0.00826 0.0077070000000000003 0.103757 0.12073000000000003 0.100423 0.0040720000000000001 0.0042329999999999998 0.0040540000000000003 0.000901 0.00091600000000000004 0.00083300000000000008 2.8301568097939058 2.8301568097939058 2.8301568097939058 2.6226520267338321e-05 2.6226520267338321e-05 2.6226520267338321e-05 1 1 1 Converged Converged Converged OK OK OK 77 77 77 77 77 77 3 3 3 0 0 0 0 1 0 0 1
130 130 linear 3 23 1303 3 0.0001 2.8478714361867503 0.00037307837554518934 0.0018805528475557298 -2.4934584750324209 -0.0051777714683009096 -2.4930823644629099 0.5 2.4941444474718804 2.7054441149111157 OK 13 12 0.45505400000000001 0.32308199999999998 0.13635900000000001 0.31362600000000002 0.16822100000000001 0 0.141428 0.15486099999999997 0.13635900000000001 0.0081689999999999992 0.0082319999999999997 0.0076420000000000004 0.10496399999999996 0.12254400000000003 0.10541600000000001 0.0083499999999999998 0.0041270000000000005 0.0040140000000000002 0.00087300000000000008 0.00084800000000000001 0.00082600000000000002 2.7054422509205454 2.7054422509205454 2.7054422509205454 2.6234812966585693e-05 2.6234812966585693e-05 2.6234812966585693e-05 1 1 1 Converged Converged Converged OK OK OK 77 77 77 77 77 77 3 3 3 0 0 0 0 1 0 0 1
130 130 linear 4 0 1304 0 0.001 2.8478714361867503 0.00037307837554518934 0.0018805528475557298 -2.499401588264861 -0.0054653071272889224 -2.4997776988343721 0.5 2.5008397818433425 2.3477545170617011 OK 13 12 0.42560399999999998 0.42528700000000003 0.10764799999999999 0.31531799999999999 0.316743 0 0.110286 0.10854400000000003 0.10764799999999999 0.0089239999999999996 0.0089180000000000006 0.0086110000000000006 0.079566999999999971 0.078098000000000015 0.077626999999999988 0.0032729999999999999 0.0030989999999999998 0.0032940000000000001 0.00074600000000000003 0.00076499999999999995 0.00069899999999999997 2.3477531564706307 2.3477531564706307 2.3477531564706307 0.001222863905620273 0.001222863905620273 0.001222863905620273 1 1 1 Converged Converged Converged OK OK OK 61 61 61 61 61 61 3 3 3 0 0 0 0 0 1 0 0
130 130 linear 4 7 1304 1 0.001 2.8478714361867503 0.00037307837554518934 0.0018805528475557298 -2.499401588264861 -0.0054653071272889224 -2.4995487619659742 0.5 2.5006108449749447 2.3921738466166058 OK 13 12 0.42024099999999998 0.293657 0.100191 0.31694699999999998 0.16905800000000001 0 0.103294 0.12459899999999999 0.100191 0.0082400000000000008 0.0082450000000000006 0.0077739999999999997 0.075889000000000012 0.097527000000000016 0.073940000000000006 0.0032039999999999998 0.0031799999999999997 0.003166 0.00068400000000000004 0.00072499999999999995 0.00067400000000000012 2.3921724074371524 2.3921724074371524 2.3921724074371524 0.001258489582161413 0.001258489582161413 0.001258489582161413 1 1 1 Converged Converged Converged OK OK OK 61 61 61 61 61 61 3 3 3 0 0 0 0 1 0 0 1
130 130 linear 4 15 1304 2 0.001 2.8478714361867503 0.00037307837554518934 0.0018805528475557298 -2.499401588264861 -0.0054653071272889224 -2.4992871198306621 0.5 2.5003492028396326 2.4508169581410018 OK 13 12 0.41142099999999998 0.28606500000000001 0.099580000000000002 0.30802099999999999 0.16218099999999999 0 0.10339999999999999 0.12388400000000002 0.099580000000000002 0.0082140000000000008 0.0083429999999999997 0.0076790000000000001 0.07589899999999998 0.096644999999999967 0.073306999999999997 0.0032269999999999998 0.003212 0.0031740000000000002 0.00071699999999999997 0.00071699999999999997 0.00067900000000000002 2.4508154569992988 2.4508154569992988 2.4508154569992988 0.0012971686781829111 0.0012971686781829111 0.0012971686781829111 1 1 1 Converged Converged Converged OK OK OK 61 61 61 61 61 61 3 3 3 0 0 0 0 1 0 0 1
130 130 linear 4 23 1304 3 0.001 2.8478714361867503 0.00037307837554518934 0.0018805528475557298 -2.499401588264861 -0.0054653071272889224 -2.49902547769535 0.5 2.5000875607043205 2.5201586794214861 OK 13 12 0.41497000000000001 0.29002699999999998 0.099598000000000006 0.31234600000000001 0.16633700000000001 0 0.10262399999999999 0.12368999999999997 0.099598000000000006 0.0081209999999999997 0.0083569999999999998 0.0076870000000000003 0.075631000000000045 0.096426999999999985 0.073498999999999995 0.0032360000000000002 0.0032579999999999996 0.0032629999999999998 0.00071099999999999994 0.00075500000000000003 0.00069999999999999999 2.5201571019782181 2.5201571019782181 2.5201571019782181 0.0013305161520757781 0.0013305161520757781 0.0013305161520757781 1 1 1 Converged Converged Converged OK OK OK 61 61 61 61 61 61 3 3 3 0 0 0 0 1 0 0 1
130 130 linear 4 0 1304 0 0.0001 2.8478714361867503 0.00037307837554518934 0.0018805528475557298 -2.499401588264861 -0.0054653071272889224 -2.4997776988343721 0.5 2.5008397818433425 2.3477545170617011 OK 13 12 0.45039099999999999 0.44947100000000001 0.132856 0.31442500000000001 0.315359 0 0.13596599999999998 0.13411200000000001 0.132856 0.0089619999999999995 0.0090170000000000007 0.0086979999999999991 0.099191000000000001 0.097599000000000005 0.096736000000000044 0.004065 0.0040549999999999996 0.0040990000000000002 0.00077400000000000006 0.00081099999999999998 0.00079699999999999997 2.3477531559134714 2.3477531559134714 2.3477531559134714 2.5978949162063929e-05 2.5978949162063929e-05 2.5978949162063929e-05 1 1 1 Converged Converged Converged OK OK OK 77 77 77 77 77 77 3 3 3 0 0 0 0 0 1 0 0
130 130 linear 4 7 1304 1 0.0001 2.8478714361867503 0.00037307837554518934 0.0018805528475557298 -2.499401588264861 -0.0054653071272889224 -2.4995487619659742 0.5 2.5006108449749447 2.3921738466166058 OK 13 12 0.44336199999999998 0.326401 0.12374599999999999 0.31151400000000001 0.17021900000000001 0 0.13184799999999997 0.15618199999999999 0.12374599999999999 0.012760000000000001 0.0083309999999999999 0.0077029999999999998 0.09509400000000004 0.12431099999999999 0.09285800000000001 0.0040820000000000006 0.0040029999999999996 0.0039410000000000001 0.00082800000000000007 0.00080599999999999997 0.00075000000000000002 2.3921724074568749 2.3921724074568749 2.3921724074568749 2.5990415400186627e-05 2.5990415400186627e-05 2.5990415400186627e-05 1 1 1 Converged Converged Converged OK OK OK 77 77 77 77 77 77 3 3 3 0 0 0 0 1 0 0 1
130 130 linear 4 15 1304 2 0.0001 2.8478714361867503 0.00037307837554518934 0.0018805528475557298 -2.499401588264861 -0.0054653071272889224 -2.4992871198306621 0.5 2.5003492028396326 2.4508169581410018 OK 13 12 0.432008 0.31683800000000001 0.122991 0.30581799999999998 0.16156200000000001 0 0.12619000000000002 0.155276 0.122991 0.0082410000000000001 0.0084600000000000005 0.0077479999999999997 0.093928999999999985 0.12282099999999997 0.091805000000000039 0.0040359999999999997 0.0041089999999999998 0.0040359999999999997 0.0007719999999999999 0.00080800000000000002 0.00076800000000000002 2.4508154580411969 2.4508154580411969 2.4508154580411969 2.6004696556145392e-05 2.6004696556145392e-05 2.6004696556145392e-05 1 1 1 Converged Converged Converged OK OK OK 77 77 77 77 77 77 3 3 3 0 0 0 0 1 0 0 1
130 130 linear 4 23 1304 3 0.0001 2.8478714361867503 0.00037307837554518934 0.0018805528475557298 -2.499401588264861 -0.0054653071272889224 -2.49902547769535 0.5 2.5000875607043205 2.5201586794214861 OK 13 12 0.43704199999999999 0.31728400000000001 0.12195599999999999 0.31088399999999999 0.16587399999999999 0 0.12615799999999999 0.15141000000000002 0.12195599999999999 0.0082279999999999992 0.0082649999999999998 0.0076579999999999999 0.093665999999999985 0.119545 0.09108299999999997 0.004215 0.0040559999999999997 0.0040500000000000006 0.00085299999999999992 0.00083500000000000002 0.00082799999999999996 2.5201571046480744 2.5201571046480744 2.5201571046480744 2.6020724787207639e-05 2.6020724787207639e-05 2.6020724787207639e-05 1 1 1 Converged Converged Converged OK OK OK 77 77 77 77 77 77 3 3 3 0 0 0 0 1 0 0 1
130 130 uniform 0 0 1305 0 0.001 2.8478714361867503 0.00037307837554518934 0.0018805528475557298 0.00040852601601664785 0.00010408140720643625 3.2415446505501891e-05 0 0.0010296675624649155 998.53909504544492 OK 13 14 0.79932400000000003 0.79949400000000004 0.178926 0.61931999999999998 0.61708200000000002 0 0.18000400000000005 0.18241200000000002 0.178926 0.0075339999999999999 0.0075839999999999996 0.0071060000000000003 0.14093599999999995 0.14204700000000001 0.14051099999999997 0.0040820000000000006 0.0047930000000000004 0.0040980000000000001 0.00096900000000000003 0.001122 0.00099599999999999992 998.53897445980863 998.53897445980863 998.53897445980863 0.65177261241710127 0.65177261241710127 0.65177261241710127 1 1 1 Converged Converged Converged OK OK OK 105 105 105 105 105 105 7 7 7 0 0 0 0 0 1 0 0
130 130 uniform 0 7 1305 1 0.001 2.8478714361867503 0.00037307837554518934 0.0018805528475557298 0.00040852601601664785 0.00010408140720643625 0.00026135231490359074 0 0.00080073069406682673 1027.6700304153812 OK 13 14 0.72552799999999995 0.75207299999999999 0.17038900000000001 0.55422099999999996 0.40365699999999999 0 0.17130699999999999 0.348416 0.17038900000000001 0.0063810000000000004 0.006613 0.0058910000000000004 0.14144800000000005 0.316828 0.14135599999999998 0.0042399999999999998 0.0047080000000000004 0.0042779999999999997 0.00096100000000000005 0.0010689999999999999 0.00097099999999999986 1027.6698366178164 1027.6698366178164 1027.6698366178164 0.75579420905099615 0.75579420905099615 0.75579420905099615 1 1 1 Converged Converged Converged OK OK OK 105 105 105 105 105 105 7 7 7 0 0 0 0 1 0 0 1
130 130 uniform 0 15 1305 2 0.001 2.8478714361867503 0.00037307837554518934 0.0018805528475557298 0.00040852601601664785 0.00010408140720643625 0.00052299445021569224 0 0.00053908855875472517 1049.6638628927178 OK 13 14 0.72904500000000005 0.74561100000000002 0.177041 0.54142400000000002 0.38290999999999997 0 0.18762100000000004 0.36270100000000005 0.177041 0.0063619999999999996 0.006489 0.0058310000000000002 0.15345100000000003 0.327849 0.14467999999999998 0.0048619999999999991 0.0048679999999999999 0.0046700000000000005 0.0013010000000000001 0.0013750000000000001 0.001186 1049.6636905945677 1049.6636905945677 1049.6636905945677 0.6645792161075752 0.6645792161075752 0.6645792161075752 1 1 1 Converged Converged Converged OK OK OK 113 113 113 113 113 113 7 7 7 0 0 0 0 1 0 0 1
130 130 uniform 0 23 1305 3 0.001 2.8478714361867503 0.00037307837554518934 0.0018805528475557298 0.00040852601601664785 0.00010408140720643625 0.0007846365855277938 0 0.00027744642344262362 1060.7054002038196 OK 11 12 0.73966200000000004 0.68915400000000004 0.14631 0.59062700000000001 0.41638799999999998 0 0.14903500000000003 0.27276600000000006 0.14631 0.0064920000000000004 0.0065180000000000004 0.0060489999999999997 0.12138700000000001 0.24442399999999995 0.11987900000000003 0.0038549999999999999 0.0041489999999999999 0.0037439999999999999 0.00098499999999999976 0.00106 0.0010170000000000001 1060.7052733930211 1060.7052733930211 1060.7052733930211 0.70908991122121079 0.70908991122121079 0.70908991122121079 1 1 1 Converged Converged Converged OK OK OK 91 91 91 91 91 91 5 5 5 0 0 0 0 1 0 0 1
130 130 uniform 0 0 1305 0 0.0001 2.8478714361867503 0.00037307837554518934 0.0018805528475557298 0.00040852601601664785 0.00010408140720643625 3.2415446505501891e-05 0 0.0010296675624649155 998.53909504544492 OK 13 14 0.80995099999999998 0.80749899999999997 0.18965499999999999 0.61688500000000002 0.61498699999999995 0 0.19306599999999996 0.19251200000000002 0.18965499999999999 0.0075079999999999999 0.0074060000000000003 0.007045 0.14840699999999996 0.14843299999999995 0.14696899999999999 0.005496 0.0048859999999999997 0.0048319999999999995 0.00117 0.0013519999999999997 0.0011249999999999999 998.53915948020199 998.53915948020199 998.53915948020199 0.083347469243522612 0.083347469243522612 0.083347469243522612 1 1 1 Converged Converged Converged OK OK OK 113 113 113 113 113 113 7 7 7 0 0 0 0 0 1 0 0
130 130 uniform 0 7 1305 1 0.0001 2.8478714361867503 0.00037307837554518934 0.0018805528475557298 0.00040852601601664785 0.00010408140720643625 0.00026135231490359074 0 0.00080073069406682673 1027.6700304153812 OK 13 14 0.74894499999999997 0.78229700000000002 0.190641 0.55633900000000003 0.39237 0 0.19260599999999994 0.38992700000000002 0.190641 0.0064359999999999999 0.0065339999999999999 0.0058110000000000002 0.15587200000000009 0.35247600000000007 0.15581799999999998 0.0053340000000000002 0.0054290000000000007 0.0051310000000000001 0.0012700000000000001 0.0014069999999999998 0.001242 1027.6700620238885 1027.6700620238885 1027.6700620238885 0.064187712283407861 0.064187712283407861 0.064187712283407861 1 1 1 Converged Converged Converged OK OK OK 121 121 121 121 121 121 7 7 7 0 0 0 0 1 0 0 1
130 130 uniform 0 15 1305 2 0.0001 2.8478714361867503 0.00037307837554518934 0.0018805528475557298 0.00040852601601664785 0.00010408140720643625 0.00052299445021569224 0 0.00053908855875472517 1049.6638628927178 OK 13 14 0.733873 0.75296300000000005 0.18423800000000001 0.54723299999999997 0.38012200000000002 0 0.18664000000000003 0.37284100000000003 0.18423800000000001 0.0064159999999999998 0.0065170000000000002 0.0057949999999999998 0.15165500000000004 0.33729299999999995 0.15101800000000012 0.0053669999999999994 0.0056020000000000002 0.0050419999999999996 0.0014089999999999999 0.0014109999999999999 0.0013700000000000001 1049.6638755585191 1049.6638755585191 1049.6638755585191 0.09632745651117984 0.09632745651117984 0.09632745651117984 1 1 1 Converged Converged Converged OK OK OK 121 121 121 121 121 121 7 7 7 0 0 0 0 1 0 0 1
130 130 uniform 0 23 1305 3 0.0001 2.8478714361867503 0.00037307837554518934 0.0018805528475557298 0.00040852601601664785 0.00010408140720643625 0.0007846365855277938 0 0.00027744642344262362 1060.7054002038196 OK 11 12 0.79229899999999998 0.81906199999999996 0.2036 0.58777999999999997 0.42003499999999999 0 0.20451900000000001 0.39902699999999997 0.2036 0.0062740000000000001 0.0065129999999999997 0.0058180000000000003 0.16498099999999991 0.35826000000000008 0.16539700000000007 0.0071170000000000001 0.0076659999999999992 0.0070359999999999997 0.0013580000000000003 0.0013170000000000002 0.0013410000000000002 1060.7054253271167 1060.7054253271167 1060.7054253271167 0.058822910424813232 0.058822910424813232 0.058822910424813232 1 1 1 Converged Converged Converged OK OK OK 131 131 131 131 131 131 5 5 5 0 0 0 0 1 0 0 1
130 130 uniform 1 0 1306 0 0.001 2.8478714361867503 0.00037307837554518934 0.0018805528475557298 0.0011255368563084396 0.0010571178159738809 0.00074942628679729368 0 0.00031265672217312373 970.50779023719963 OK 13 12 0.78983599999999998 0.78542699999999999 0.200687 0.58109900000000003 0.57956399999999997 0 0.20873699999999995 0.20586300000000002 0.200687 0.0094240000000000001 0.0089929999999999993 0.008659 0.16661700000000004 0.16423600000000002 0.16092500000000004 0.00464 0.0049759999999999995 0.0041320000000000003 0.001057 0.0010349999999999999 0.0009859999999999999 970.50767741680295 970.50767741680295 970.50767741680295 0.58593209264798995 0.58593209264798995 0.58593209264798995 1 1 1 Converged Converged Converged OK OK OK 105 105 105 105 105 105 7 7 7 0 0 0 0 0 1 0 0
130 130 uniform 1 7 1306 1 0.001 2.8478714361867503 0.00037307837554518934 0.0018805528475557298 0.0011255368563084396 0.0010571178159738809 0.00097836315519538248 0 8.3719853775034939e-05 973.08173186263355 OK 13 12 0.75791500000000001 0.73463500000000004 0.18676999999999999 0.569357 0.40541300000000002 0 0.188558 0.32922200000000001 0.18676999999999999 0.0067390000000000002 0.0066389999999999999 0.0062430000000000003 0.15858199999999997 0.29413699999999993 0.15773299999999998 0.0040230000000000005 0.0089759999999999996 0.0040159999999999996 0.001018 0.0010660000000000001 0.001057 973.08159470671251 973.08159470671251 973.08159470671251 0.58584191751892056 0.58584191751892056 0.58584191751892056 1 1 1 Converged Converged Converged OK OK OK 105 105 105 105 105 105 7 7 7 0 0 0 0 1 0 0 1
130 130 uniform 1 15 1306 2 0.001 2.8478714361867503 0.00037307837554518934 0.0018805528475557298 0.0011255368563084396 0.0010571178159738809 0.0012400052905074841 0 -0.00017792228153706673 964.85705302141878 OK 12 11 0.771038 0.73990400000000001 0.192964 0.58083600000000002 0.41348099999999999 0 0.19020199999999998 0.32642300000000002 0.192964 0.0064739999999999997 0.0069769999999999997 0.0061830000000000001 0.16042300000000001 0.29505100000000001 0.16395300000000002 0.004228 0.0045020000000000008 0.0041130000000000003 0.00098499999999999998 0.0010139999999999999 0.001031 964.85692241992581 964.85692241992581 964.85692241992581 0.58572545765938377 0.58572545765938377 0.58572545765938377 1 1 1 Converged Converged Converged OK OK OK 105 105 105 105 105 105 7 7 7 0 0 0 0 1 0 0 1
130 130 uniform 1 23 1306 3 0.001 2.8478714361867503 0.00037307837554518934 0.0018805528475557298 0.0011255368563084396 0.0010571178159738809 0.0015016474258195856 0 -0.00043956441684916817 944.19025569338237 OK 12 11 0.80420000000000003 0.76459100000000002 0.19003400000000001 0.60903799999999997 0.444774 0 0.19516200000000006 0.31981700000000002 0.19003400000000001 0.0080280000000000004 0.0079509999999999997 0.0072950000000000003 0.16210100000000002 0.28825500000000009 0.16016099999999991 0.0051069999999999996 0.0043480000000000003 0.004078 0.0010379999999999999 0.001039 0.0010170000000000001 944.19015600517127 944.19015600517127 944.19015600517127 0.58559469925098651 0.58559469925098651 0.58559469925098651 1 1 1 Converged Converged Converged OK OK OK 105 105 105 105 105 105 7 7 7 0 0 0 0 1 0 0 1
130 130 uniform 1 0 1306 0 0.0001 2.8478714361867503 0.00037307837554518934 0.0018805528475557298 0.0011255368563084396 0.0010571178159738809 0.00074942628679729368 0 0.00031265672217312373 970.50779023719963 OK 13 12 0.83953699999999998 0.83725899999999998 0.25521199999999999 0.58545100000000005 0.57657999999999998 0 0.25408599999999992 0.26067899999999999 0.25521199999999999 0.008881 0.0088090000000000009 0.0088439999999999994 0.20090900000000012 0.20274900000000012 0.20052000000000006 0.0067889999999999999 0.0075609999999999991 0.0076220000000000003 0.00123 0.0013569999999999999 0.001369 970.50780568764799 970.50780568764799 970.50780568764799 0.065416517934305682 0.065416517934305682 0.065416517934305682 1 1 1 Converged Converged Converged OK OK OK 145 145 145 145 145 145 7 7 7 0 0 0 0 0 1 0 0
130 130 uniform 1 7 1306 1 0.0001 2.8478714361867503 0.00037307837554518934 0.0018805528475557298 0.0011255368563084396 0.0010571178159738809 0.00097836315519538248 0 8.3719853775034939e-05 973.08173186263355 OK 13 12 0.81211299999999997 0.86194599999999999 0.24037500000000001 0.57392100000000001 0.40819499999999997 0 0.23819199999999996 0.45375100000000002 0.24037500000000001 0.0064469999999999996 0.0066689999999999996 0.0062459999999999998 0.19879200000000005 0.41264000000000012 0.20135599999999998 0.0067119999999999992 0.0072569999999999996 0.0068120000000000003 0.0013349999999999998 0.0013450000000000001 0.0013360000000000004 973.08172293307905 973.08172293307905 973.08172293307905 0.065406916179813229 0.065406916179813229 0.065406916179813229 1 1 1 Converged Converged Converged OK OK OK 145 145 145 145 145 145 7 7 7 0 0 0 0 1 0 0 1
130 130 uniform 1 15 1306 2 0.0001 2.8478714361867503 0.00037307837554518934 0.0018805528475557298 0.0011255368563084396 0.0010571178159738809 0.0012400052905074841 0 -0.00017792228153706673 964.85705302141878 OK 12 11 0.81984800000000002 0.86982400000000004 0.23652400000000001 0.579623 0.415632 0 0.24022500000000002 0.45419200000000004 0.23652400000000001 0.0066030000000000004 0.0068129999999999996 0.0062269999999999999 0.200179 0.41334599999999988 0.19803299999999999 0.0069800000000000001 0.0072630000000000004 0.0068520000000000005 0.0012830000000000001 0.0013159999999999999 0.0013110000000000001 964.85705059316535 964.85705059316535 964.85705059316535 0.065394647279067741 0.065394647279067741 0.065394647279067741 1 1 1 Converged Converged Converged OK OK OK 145 145 145 145 145 145 7 7 7 0 0 0 0 1 0 0 1
130 130 uniform 1 23 1306 3 0.0001 2.8478714361867503 0.00037307837554518934 0.0018805528475557298 0.0011255368563084396 0.0010571178159738809 0.0015016474258195856 0 -0.00043956441684916817 944.19025569338237 OK 12 11 0.85484400000000005 0.89580599999999999 0.23979600000000001 0.61050000000000004 0.447154 0 0.24434400000000001 0.448652 0.23979600000000001 0.0080140000000000003 0.0080929999999999995 0.0072870000000000001 0.20185800000000004 0.40433799999999992 0.20059099999999996 0.0076410000000000002 0.0087480000000000006 0.0066020000000000002 0.0014989999999999999 0.0016259999999999998 0.0013109999999999999 944.19028412292607 944.19028412292607 944.19028412292607 0.065381009037547372 0.065381009037547372 0.065381009037547372 1 1 1 Converged Converged Converged OK OK OK 145 145 145 145 145 145 7 7 7 0 0 0 0 1 0 0 1
130 130 uniform 2 0 1307 0 0.001 2.8478714361867503 0.00037307837554518934 0.0018805528475557298 -2.5006525370787465 0.001621760636865885 -2.5010286476482575 0 2.502090730657228 4.9121564040256693 OK 15 14 0.51325500000000002 0.51496299999999995 0.16567699999999999 0.34423199999999998 0.34824699999999997 0 0.16902300000000003 0.16671599999999998 0.16567699999999999 0.010205000000000001 0.010237 0.0099220000000000003 0.13080100000000003 0.13027799999999998 0.12922600000000001 0.0043950000000000005 0.0036769999999999997 0.0037270000000000003 0.00099200000000000004 0.00091700000000000006 0.00090699999999999993 4.9121548235854444 4.9121548235854444 4.9121548235854444 0.002805647308251951 0.002805647308251951 0.002805647308251951 1 1 1 Converged Converged Converged OK OK OK 89 89 89 89 89 89 7 7 7 0 0 0 0 0 1 0 0
130 130 uniform 2 7 1307 1 0.001 2.8478714361867503 0.00037307837554518934 0.0018805528475557298 -2.5006525370787465 0.001621760636865885 -2.5007997107798596 0 2.5018617937888301 5.1418519988974669 OK 15 14 0.51044500000000004 0.38345200000000002 0.158055 0.34901300000000002 0.21374599999999999 0 0.16143200000000002 0.16970600000000002 0.158055 0.0090840000000000001 0.0089589999999999999 0.0083649999999999992 0.13129200000000005 0.14087500000000011 0.13058500000000001 0.0040300000000000006 0.0037249999999999996 0.0033099999999999996 0.001026 0.00095700000000000006 0.00087900000000000001 5.1418462140978072 5.1418462140978072 5.1418462140978072 0.0039609767375162969 0.0039609767375162969 0.0039609767375162969 1 1 1 Converged Converged Converged OK OK OK 89 89 89 89 89 89 7 7 7 0 0 0 0 1 0 0 1
130 130 uniform 2 15 1307 2 0.001 2.8478714361867503 0.00037307837554518934 0.0018805528475557298 -2.5006525370787465 0.001621760636865885 -2.5005380686445475 0 2.501600151653518 5.4167279621672311 OK 16 15 0.913188 0.79824600000000001 0.18868299999999999 0.71684800000000004 0.58863699999999997 0 0.19633999999999996 0.20960900000000005 0.18868299999999999 0.012381 0.0124 0.011454000000000001 0.15607600000000008 0.17281400000000002 0.15446600000000002 0.0041080000000000005 0.004084 0.0037450000000000001 0.0011100000000000001 0.0010460000000000001 0.000977 5.4167245660226557 5.4167245660226557 5.4167245660226557 0.0039323786214117661 0.0039323786214117661 0.0039323786214117661 1 1 1 Converged Converged Converged OK OK OK 96 96 96 96 96 96 8 8 8 0 0 0 0 1 0 0 1
130 130 uniform 2 23 1307 3 0.001 2.8478714361867503 0.00037307837554518934 0.0018805528475557298 -2.5006525370787465 0.001621760636865885 -2.5002764265092354 0 2.5013385095182059 5.6932238726296029 OK 16 15 0.68340699999999999 0.54930800000000002 0.17847399999999999 0.50033300000000003 0.356016 0 0.18307399999999996 0.19329200000000002 0.17847399999999999 0.012281 0.011793 0.011006 0.15077599999999997 0.161968 0.14843100000000001 0.0033470000000000001 0.0032460000000000002 0.00314 0.00080199999999999998 0.00075799999999999999 0.00077899999999999996 5.6932207366570147 5.6932207366570147 5.6932207366570147 0.0043026651103802507 0.0043026651103802507 0.0043026651103802507 1 1 1 Converged Converged Converged OK OK OK 80 80 80 80 80 80 8 8 8 0 0 0 0 1 0 0 1
130 130 uniform 2 0 1307 0 0.0001 2.8478714361867503 0.00037307837554518934 0.0018805528475557298 -2.5006525370787465 0.001621760636865885 -2.5010286476482575 0 2.502090730657228 4.9121564040256693 OK 15 14 0.54508199999999996 0.54329799999999995 0.20050000000000001 0.34868300000000002 0.344858 0 0.19639899999999993 0.19843999999999995 0.20050000000000001 0.0098259999999999997 0.010226000000000001 0.009606 0.14978100000000011 0.149973 0.14920099999999994 0.0047309999999999991 0.0055139999999999998 0.0048500000000000001 0.0012430000000000002 0.0013570000000000001 0.0012179999999999999 4.9121575232380943 4.9121575232380943 4.9121575232380943 0.00037086414230260903 0.00037086414230260903 0.00037086414230260903 1 1 1 Converged Converged Converged OK OK OK 113 113 113 113 113 113 7 7 7 0 0 0 0 0 1 0 0
130 130 uniform 2 7 1307 1 0.0001 2.8478714361867503 0.00037307837554518934 0.0018805528475557298 -2.5006525370787465 0.001621760636865885 -2.5007997107798596 0 2.5018617937888301 5.1418519988974669 OK 15 14 0.58086499999999996 0.46280700000000002 0.23122999999999999 0.34883700000000001 0.20596 0 0.23202799999999996 0.25684700000000005 0.23122999999999999 0.0089440000000000006 0.0090900000000000009 0.0084759999999999992 0.18699000000000007 0.21048899999999993 0.18692400000000003 0.0062189999999999988 0.0066720000000000008 0.0062060000000000006 0.001516 0.0015940000000000001 0.0015349999999999999 5.1418526760370975 5.1418526760370975 5.1418526760370975 0.00040354638016246614 0.00040354638016246614 0.00040354638016246614 1 1 1 Converged Converged Converged OK OK OK 137 137 137 137 137 137 7 7 7 0 0 0 0 1 0 0 1
130 130 uniform 2 15 1307 2 0.0001 2.8478714361867503 0.00037307837554518934 0.0018805528475557298 -2.5006525370787465 0.001621760636865885 -2.5005380686445475 0 2.501600151653518 5.4167279621672311 OK 16 15 0.98231599999999997 0.87290900000000005 0.264011 0.71938299999999999 0.59001599999999998 0 0.26293299999999997 0.28289300000000006 0.264011 0.011807 0.01221 0.011277000000000001 0.21731799999999996 0.23664099999999982 0.21942300000000003 0.0060070000000000011 0.0063400000000000001 0.0060299999999999989 0.0015349999999999997 0.0015350000000000003 0.001632 5.4167274669687755 5.4167274669687755 5.4167274669687755 0.00040915785139126115 0.00040915785139126115 0.00040915785139126115 1 1 1 Converged Converged Converged OK OK OK 136 136 136 136 136 136 8 8 8 0 0 0 0 1 0 0 1
130 130 uniform 2 23 1307 3 0.0001 2.8478714361867503 0.00037307837554518934 0.0018805528475557298 -2.5006525370787465 0.001621760636865885 -2.5002764265092354 0 2.5013385095182059 5.6932238726296029 OK 16 15 0.76297400000000004 0.63083100000000003 0.25523000000000001 0.50015699999999996 0.35706599999999999 0 0.26281700000000008 0.27376500000000004 0.25523000000000001 0.012055 0.011724999999999999 0.010987 0.21882500000000002 0.23156300000000005 0.2140749999999999 0.0059879999999999994 0.0054210000000000005 0.0052780000000000006 0.001405 0.0013850000000000002 0.0013949999999999998 5.6932244538718928 5.6932244538718928 5.6932244538718928 0.00041142236566420166 0.00041142236566420166 0.00041142236566420166 1 1 1 Converged Converged Converged OK OK OK 120 120 120 120 120 120 8 8 8 0 0 0 0 1 0 0 1
130 130 uniform 3 0 1308 0 0.001 2.8478714361867503 0.00037307837554518934 0.0018805528475557298 -2.4934584750324209 -0.0051777714683009096 -2.4938345856019319 0 2.4948966686109024 3.2557199073155885 OK 13 12 0.39097199999999999 0.38759399999999999 0.070849999999999996 0.31823200000000001 0.31578600000000001 0 0.072739999999999971 0.071807999999999983 0.070849999999999996 0.0090159999999999997 0.0088769999999999995 0.0084829999999999992 0.04764899999999999 0.04737100000000001 0.046989999999999976 0.0022490000000000001 0.0022589999999999997 0.0021459999999999999 0.00060700000000000001 0.00057200000000000003 0.00058900000000000001 3.2557191700782777 3.2557191700782777 3.2557191700782777 0.0018684389534534731 0.0018684389534534731 0.0018684389534534731 1 1 1 Converged Converged Converged OK OK OK 45 45 45 45 45 45 3 3 3 0 0 0 0 0 1 0 0
130 130 uniform 3 7 1308 1 0.001 2.8478714361867503 0.00037307837554518934 0.0018805528475557298 -2.4934584750324209 -0.0051777714683009096 -2.4936056487335341 0 2.4946677317425046 3.0203754849748656 OK 13 12 0.37975799999999998 0.24815400000000001 0.062762999999999999 0.31531599999999999 0.16623499999999999 0 0.064441999999999999 0.08191900000000002 0.062762999999999999 0.0081729999999999997 0.0082279999999999992 0.0075950000000000002 0.042364999999999993 0.05995700000000001 0.041739000000000005 0.0022270000000000002 0.0022459999999999997 0.0022000000000000001 0.00055000000000000003 0.00057499999999999999 0.00054900000000000001 3.0203752246645919 3.0203752246645919 3.0203752246645919 0.0014532270380889882 0.0014532270380889882 0.0014532270380889882 1 1 1 Converged Converged Converged OK OK OK 45 45 45 45 45 45 3 3 3 0 0 0 0 1 0 0 1
130 130 uniform 3 15 1308 2 0.001 2.8478714361867503 0.00037307837554518934 0.0018805528475557298 -2.4934584750324209 -0.0051777714683009096 -2.493344006598222 0 2.4944060896071925 2.8434843875661713 OK 13 12 0.38904699999999998 0.25678400000000001 0.066166000000000003 0.31678600000000001 0.175457 0 0.072260999999999964 0.08132700000000001 0.066166000000000003 0.0082260000000000007 0.0082690000000000003 0.007639 0.045129000000000009 0.059207999999999983 0.04488799999999999 0.0022929999999999999 0.0022179999999999999 0.0021479999999999997 0.00067899999999999992 0.0006249999999999999 0.00061600000000000001 2.8434841310471834 2.8434841310471834 2.8434841310471834 0.0013461417889688121 0.0013461417889688121 0.0013461417889688121 1 1 1 Converged Converged Converged OK OK OK 45 45 45 45 45 45 3 3 3 0 0 0 0 1 0 0 1
130 130 uniform 3 23 1308 3 0.001 2.8478714361867503 0.00037307837554518934 0.0018805528475557298 -2.4934584750324209 -0.0051777714683009096 -2.4930823644629099 0 2.4941444474718804 2.7148581943900658 OK 13 12 0.38744000000000001 0.25196099999999999 0.069322999999999996 0.31609399999999999 0.167161 0 0.071346000000000021 0.084799999999999986 0.069322999999999996 0.0082959999999999996 0.0082690000000000003 0.0076819999999999996 0.048820000000000002 0.062775999999999998 0.048268999999999986 0.0022520000000000001 0.0022069999999999998 0.0021609999999999997 0.00066500000000000001 0.00060500000000000007 0.00060000000000000006 2.7148579600911815 2.7148579600911815 2.7148579600911815 0.001238997314184722 0.001238997314184722 0.001238997314184722 1 1 1 Converged Converged Converged OK OK OK 45 45 45 45 45 45 3 3 3 0 0 0 0 1 0 0 1
130 130 uniform 3 0 1308 0 0.0001 2.8478714361867503 0.00037307837554518934 0.0018805528475557298 -2.4934584750324209 -0.0051777714683009096 -2.4938345856019319 0 2.4948966686109024 3.2557199073155885 OK 13 12 0.43592999999999998 0.43563499999999999 0.116461 0.31838100000000003 0.31828200000000001 0 0.11754899999999996 0.11735299999999999 0.116461 0.0088149999999999999 0.0089180000000000006 0.0084950000000000008 0.081224999999999964 0.081449000000000008 0.080857999999999999 0.0039029999999999998 0.0039529999999999999 0.0039039999999999999 0.00081099999999999998 0.00087200000000000005 0.00083500000000000002 3.2557193890955713 3.2557193890955713 3.2557193890955713 6.277384623731125e-06 6.277384623731125e-06 6.277384623731125e-06 1 1 1 Converged Converged Converged OK OK OK 77 77 77 77 77 77 3 3 3 0 0 0 0 0 1 0 0
130 130 uniform 3 7 1308 1 0.0001 2.8478714361867503 0.00037307837554518934 0.0018805528475557298 -2.4934584750324209 -0.0051777714683009096 -2.4936056487335341 0 2.4946677317425046 3.0203754849748656 OK 13 12 0.42775800000000003 0.29763899999999999 0.107157 0.31930799999999998 0.168907 0 0.10845000000000005 0.12873199999999999 0.107157 0.008267 0.0083549999999999996 0.0076870000000000003 0.076686999999999991 0.096929000000000015 0.076336999999999974 0.0039129999999999998 0.0038919999999999996 0.003852 0.00077700000000000002 0.00082300000000000006 0.00077399999999999995 3.0203752460666737 3.0203752460666737 3.0203752460666737 5.6006588867866062e-06 5.6006588867866062e-06 5.6006588867866062e-06 1 1 1 Converged Converged Converged OK OK OK 77 77 77 77 77 77 3 3 3 0 0 0 0 1 0 0 1
130 130 uniform 3 15 1308 2 0.0001 2.8478714361867503 0.00037307837554518934 0.0018805528475557298 -2.4934584750324209 -0.0051777714683009096 -2.493344006598222 0 2.4944060896071925 2.8434843875661713 OK 13 12 0.42955900000000002 0.30919799999999997 0.11088199999999999 0.316498 0.17724999999999999 0 0.11306100000000002 0.13194799999999998 0.11088199999999999 0.0082509999999999997 0.0082229999999999994 0.0077120000000000001 0.080598999999999976 0.10045300000000003 0.080148000000000025 0.0039250000000000005 0.0038449999999999999 0.003813 0.00094400000000000007 0.00090200000000000002 0.000825 2.8434841492876828 2.8434841492876828 2.8434841492876828 5.5096511766071827e-06 5.5096511766071827e-06 5.5096511766071827e-06 1 1 1 Converged Converged Converged OK OK OK 77 77 77 77 77 77 3 3 3 0 0 0 0 1 0 0 1
130 130 uniform 3 23 1308 3 0.0001 2.8478714361867503 0.00037307837554518934 0.0018805528475557298 -2.4934584750324209 -0.0051777714683009096 -2.4930823644629099 0 2.4941444474718804 2.7148581943900658 OK 13 12 0.433811 0.30326500000000001 0.112064 0.31973000000000001 0.16983699999999999 0 0.11408099999999999 0.13342800000000002 0.112064 0.0082590000000000007 0.0082269999999999999 0.0076779999999999999 0.081994999999999998 0.10152800000000002 0.081433999999999979 0.0039069999999999999 0.0038769999999999998 0.0037940000000000005 0.00089700000000000001 0.00088299999999999989 0.00082000000000000009 2.7148579755692515 2.7148579755692515 2.7148579755692515 5.486400834212612e-06 5.486400834212612e-06 5.486400834212612e-06 1 1 1 Converged Converged Converged OK OK OK 77 77 77 77 77 77 3 3 3 0 0 0 0 1 0 0 1
130 130 uniform 4 0 1309 0 0.001 2.8478714361867503 0.00037307837554518934 0.0018805528475557298 -2.499401588264861 -0.0054653071272889224 -2.4997776988343721 0 2.5008397818433425 2.3513243676667464 OK 13 12 0.38238899999999998 0.382137 0.066807000000000005 0.314419 0.31447599999999998 0 0.067969999999999975 0.067661000000000027 0.066807000000000005 0.0090220000000000005 0.0089280000000000002 0.0085039999999999994 0.042928999999999988 0.043049000000000004 0.042707000000000009 0.0022010000000000003 0.0021979999999999999 0.0021449999999999998 0.00057600000000000001 0.00058 0.00057899999999999998 2.3513243590847814 2.3513243590847814 2.3513243590847814 0.0009111077526749718 0.0009111077526749718 0.0009111077526749718 1 1 1 Converged Converged Converged OK OK OK 45 45 45 45 45 45 3 3 3 0 0 0 0 0 1 0 0
130 130 uniform 4 7 1309 1 0.001 2.8478714361867503 0.00037307837554518934 0.0018805528475557298 -2.499401588264861 -0.0054653071272889224 -2.4995487619659742 0 2.5006108449749447 2.3962139657163211 OK 13 12 0.37315399999999999 0.24684 0.059887999999999997 0.30900100000000003 0.170764 0 0.06415299999999996 0.076076000000000005 0.059887999999999997 0.0082679999999999993 0.0081890000000000001 0.0076309999999999998 0.041988999999999992 0.053710000000000008 0.038773999999999989 0.0021970000000000002 0.002333 0.0021489999999999999 0.00056399999999999994 0.00059199999999999997 0.00055500000000000005 2.3962139588859577 2.3962139588859577 2.3962139588859577 0.00094955272379352446 0.00094955272379352446 0.00094955272379352446 1 1 1 Converged Converged Converged OK OK OK 45 45 45 45 45 45 3 3 3 0 0 0 0 1 0 0 1
130 130 uniform 4 15 1309 2 0.001 2.8478714361867503 0.00037307837554518934 0.0018805528475557298 -2.499401588264861 -0.0054653071272889224 -2.4992871198306621 0 2.5003492028396326 2.4555916878096244 OK 13 12 0.37255500000000003 0.240039 0.061473 0.30979400000000001 0.16314300000000001 0 0.062761000000000011 0.076895999999999992 0.061473 0.0081720000000000004 0.0081899999999999994 0.0077330000000000003 0.040638000000000001 0.054727000000000005 0.040269999999999993 0.0022450000000000005 0.0022550000000000001 0.00215 0.00057399999999999997 0.00060499999999999996 0.000562 2.4555916402842599 2.4555916402842599 2.4555916402842599 0.0010020852221244549 0.0010020852221244549 0.0010020852221244549 1 1 1 Converged Converged Converged OK OK OK 45 45 45 45 45 45 3 3 3 0 0 0 0 1 0 0 1
130 130 uniform 4 23 1309 3 0.001 2.8478714361867503 0.00037307837554518934 0.0018805528475557298 -2.499401588264861 -0.0054653071272889224 -2.49902547769535 0 2.5000875607043205 2.525988196242734 OK 13 12 0.37517800000000001 0.24252199999999999 0.060701999999999999 0.31260599999999999 0.166384 0 0.062572000000000016 0.076137999999999983 0.060701999999999999 0.0082419999999999993 0.0082480000000000001 0.007607 0.040175999999999996 0.054193999999999992 0.039704000000000003 0.0022130000000000001 0.0022009999999999998 0.0022040000000000002 0.00058099999999999992 0.000562 0.00057899999999999998 2.5259880875328968 2.5259880875328968 2.5259880875328968 0.0010665239296935693 0.0010665239296935693 0.0010665239296935693 1 1 1 Converged Converged Converged OK OK OK 45 45 45 45 45 45 3 3 3 0 0 0 0 1 0 0 1
130 130 uniform 4 0 1309 0 0.0001 2.8478714361867503 0.00037307837554518934 0.0018805528475557298 -2.499401588264861 -0.0054653071272889224 -2.4997776988343721 0 2.5008397818433425 2.3513243676667464 OK 13 12 0.42602200000000001 0.42562 0.11283 0.31253700000000001 0.31263999999999997 0 0.113485 0.11298000000000002 0.11283 0.0090650000000000001 0.0088000000000000005 0.0088330000000000006 0.076811000000000004 0.07692800000000001 0.07655300000000001 0.003986 0.0039419999999999993 0.0038970000000000003 0.00082799999999999996 0.00082299999999999995 0.00080800000000000002 2.3513243645424922 2.3513243645424922 2.3513243645424922 5.4261193410413363e-06 5.4261193410413363e-06 5.4261193410413363e-06 1 1 1 Converged Converged Converged OK OK OK 77 77 77 77 77 77 3 3 3 0 0 0 0 0 1 0 0
130 130 uniform 4 7 1309 1 0.0001 2.8478714361867503 0.00037307837554518934 0.0018805528475557298 -2.499401588264861 -0.0054653071272889224 -2.4995487619659742 0 2.5006108449749447 2.3962139657163211 OK 13 12 0.42158299999999999 0.309751 0.10642799999999999 0.31657299999999999 0.17337 0 0.10500999999999999 0.136381 0.10642799999999999 0.00826 0.0082629999999999995 0.0079459999999999999 0.073182000000000011 0.10433899999999996 0.074589999999999976 0.0039089999999999993 0.0039640000000000005 0.0039870000000000001 0.00084400000000000002 0.00080000000000000004 0.00085200000000000011 2.3962139650483762 2.3962139650483762 2.3962139650483762 5.4289574039605089e-06 5.4289574039605089e-06 5.4289574039605089e-06 1 1 1 Converged Converged Converged OK OK OK 77 77 77 77 77 77 3 3 3 0 0 0 0 1 0 0 1
130 130 uniform 4 15 1309 2 0.0001 2.8478714361867503 0.00037307837554518934 0.0018805528475557298 -2.499401588264861 -0.0054653071272889224 -2.4992871198306621 0 2.5003492028396326 2.4555916878096244 OK 13 12 0.41035700000000003 0.302174 0.101785 0.30645600000000001 0.16809099999999999 0 0.10390100000000002 0.13408300000000001 0.101785 0.0082400000000000008 0.0083230000000000005 0.007698 0.071833000000000008 0.10222199999999998 0.071103 0.0038839999999999994 0.0039690000000000003 0.0037919999999999998 0.00081599999999999989 0.00081999999999999998 0.000794 2.4555916475487196 2.4555916475487196 2.4555916475487196 5.4324587388896668e-06 5.4324587388896668e-06 5.4324587388896668e-06 1 1 1 Converged Converged Converged OK OK OK 77 77 77 77 77 77 3 3 3 0 0 0 0 1 0 0 1
130 130 uniform 4 23 1309 3 0.0001 2.8478714361867503 0.00037307837554518934 0.0018805528475557298 -2.499401588264861 -0.0054653071272889224 -2.49902547769535 0 2.5000875607043205 2.525988196242734 OK 13 12 0.415709 0.30218200000000001 0.10123 0.312525 0.171763 0 0.103184 0.13041900000000001 0.10123 0.0083580000000000008 0.0083440000000000007 0.00777 0.071230999999999989 0.098758000000000012 0.070681999999999953 0.0038799999999999998 0.0039160000000000002 0.0037820000000000002 0.00083599999999999994 0.000825 0.00079099999999999993 2.5259880963775498 2.5259880963775498 2.5259880963775498 5.4362705180191048e-06 5.4362705180191048e-06 5.4362705180191048e-06 1 1 1 Converged Converged Converged OK OK OK 77 77 77 77 77 77 3 3 3 0 0 0 0 1 0 0 1
131 131 linear 0 0 1310 0 0.001 2.1302774807443154 0.0093557396079514618 0.00082197493927395793 0.016875169133019768 0.000779971489566184 0.016710774145164975 0.5 0.003034812688539338 814.53259194553516 OK 17 16 0.97351299999999996 0.93274699999999999 0.32827699999999999 0.61170800000000003 0.60403200000000001 0 0.36180499999999993 0.32871499999999998 0.32827699999999999 0.018456 0.017361000000000001 0.017371999999999999 0.28910000000000025 0.25964099999999996 0.258938 0.0069539999999999992 0.0067739999999999996 0.0069550000000000002 0.0015759999999999997 0.0015560000000000001 0.0017450000000000002 814.52592712392641 814.52592712392641 814.52592712392641 0.79013993351484735 0.79013993351484735 0.79013993351484735 1 1 1 Converged Converged Converged OK OK OK 149 149 149 149 149 149 11 11 11 0 0 0 0 0 1 0 0
131 131 linear 0 7 1310 1 0.001 2.1302774807443154 0.0093557396079514618 0.00082197493927395793 0.016875169133019768 0.000779971489566184 0.01681084065951137 0.5 0.0029347461741929433 792.6050258020482 OK 17 16 0.95499800000000001 1.0268980000000001 0.304927 0.64404099999999997 0.49583199999999999 0 0.31095700000000004 0.53106600000000004 0.304927 0.014152 0.01376 0.013218000000000001 0.25977800000000001 0.48104800000000003 0.25660799999999995 0.0074349999999999998 0.0068400000000000006 0.0066949999999999996 0.0014339999999999999 0.0014680000000000001 0.001389 792.61329283640509 792.61329283640509 792.61329283640509 0.70526516468591183 0.70526516468591183 0.70526516468591183 1 1 1 Converged Converged Converged OK OK OK 149 149 149 149 149 149 11 11 11 0 0 0 0 1 0 0 1
131 131 linear 0 15 1310 2 0.001 2.1302774807443154 0.0093557396079514618 0.00082197493927395793 0.016875169133019768 0.000779971489566184 0.016925202390192965 0.5 0.0028203844435113479 762.63505558959685 OK 17 16 0.936006 0.96071300000000004 0.34961999999999999 0.61318499999999998 0.46570699999999998 0 0.32282100000000002 0.49500600000000006 0.34961999999999999 0.014909 0.01482 0.015709999999999998 0.27123599999999992 0.44303000000000015 0.29489799999999983 0.0071139999999999997 0.0074119999999999993 0.0072110000000000004 0.0015820000000000001 0.0016390000000000003 0.0016440000000000001 762.6416387944015 762.6416387944015 762.6416387944015 0.5900274024376182 0.5900274024376182 0.5900274024376182 1 1 1 Converged Converged Converged OK OK OK 141 141 141 141 141 141 11 11 11 0 0 0 0 1 0 0 1
131 131 linear 0 23 1310 3 0.001 2.1302774807443154 0.0093557396079514618 0.00082197493927395793 0.016875169133019768 0.000779971489566184 0.01703956412087456 0.5 0.0027060227128297525 728.41546048348459 OK 17 16 0.99164399999999997 1.083836 0.38944800000000002 0.64091100000000001 0.49997000000000003 0 0.35073299999999996 0.583866 0.38944800000000002 0.014108000000000001 0.014161 0.015252999999999999 0.29508299999999998 0.52708800000000011 0.32854899999999987 0.007711 0.0077760000000000008 0.0078390000000000005 0.0016689999999999999 0.0017740000000000002 0.0016949999999999999 728.42455530136738 728.42455530136738 728.42455530136738 0.47639673901901664 0.47639673901901664 0.47639673901901664 1 1 1 Converged Converged Converged OK OK OK 157 157 157 157 157 157 11 11 11 0 0 0 0 1 0 0 1
131 131 linear 0 0 1310 0 0.0001 2.1302774807443154 0.0093557396079514618 0.00082197493927395793 0.016875169133019768 0.000779971489566184 0.016710774145164975 0.5 0.003034812688539338 814.53259194553516 OK 17 16 1.073615 1.0607470000000001 0.45386199999999999 0.60933400000000004 0.60074700000000003 0 0.46428099999999994 0.46000000000000008 0.45386199999999999 0.017328 0.021028000000000002 0.017382999999999999 0.36457300000000031 0.35319299999999992 0.35197400000000001 0.011029000000000001 0.013753000000000001 0.012308999999999999 0.0025950000000000001 0.0025439999999999994 0.0025509999999999999 814.52130153915186 814.52130153915186 814.52130153915186 0.050927339604472363 0.050927339604472363 0.050927339604472363 1 1 1 Converged Converged Converged OK OK OK 213 213 213 213 213 213 11 11 11 0 0 0 0 0 1 0 0
131 131 linear 0 7 1310 1 0.0001 2.1302774807443154 0.0093557396079514618 0.00082197493927395793 0.016875169133019768 0.000779971489566184 0.01681084065951137 0.5 0.0029347461741929433 792.6050258020482 OK 17 16 1.0616969999999999 1.20303 0.40626600000000002 0.64548399999999995 0.49444300000000002 0 0.41621299999999994 0.70858700000000008 0.40626600000000002 0.013927999999999999 0.013753 0.013162 0.35002299999999986 0.64243199999999967 0.34205000000000008 0.011086 0.011298000000000001 0.010826000000000002 0.002163 0.0020860000000000002 0.002173 792.60863082466517 792.60863082466517 792.60863082466517 0.076392942662699581 0.076392942662699581 0.076392942662699581 1 1 1 Converged Converged Converged OK OK OK 205 205 205 205 205 205 11 11 11 0 0 0 0 1 0 0 1
131 131 linear 0 15 1310 2 0.0001 2.1302774807443154 0.0093557396079514618 0.00082197493927395793 0.016875169133019768 0.000779971489566184 0.016925202390192965 0.5 0.0028203844435113479 762.63505558959685 OK 17 16 1.0309299999999999 1.1464570000000001 0.40062799999999998 0.61240799999999995 0.46678799999999998 0 0.41852199999999995 0.67966900000000008 0.40062799999999998 0.018756999999999999 0.015002 0.014298999999999999 0.34608500000000003 0.60903000000000007 0.33609399999999995 0.012538999999999998 0.013434 0.010934999999999999 0.0022889999999999998 0.0024280000000000005 0.0022510000000000004 762.63886580490009 762.63886580490009 762.63886580490009 0.057615468812952521 0.057615468812952521 0.057615468812952521 1 1 1 Converged Converged Converged OK OK OK 205 205 205 205 205 205 11 11 11 0 0 0 0 1 0 0 1
131 131 linear 0 23 1310 3 0.0001 2.1302774807443154 0.0093557396079514618 0.00082197493927395793 0.016875169133019768 0.000779971489566184 0.01703956412087456 0.5 0.0027060227128297525 728.41546048348459 OK 17 16 1.1337349999999999 1.3644700000000001 0.47800700000000002 0.63595400000000002 0.50111799999999995 0 0.49778099999999992 0.86335200000000012 0.47800700000000002 0.014035000000000001 0.014075000000000001 0.013280999999999999 0.40596699999999974 0.77766599999999986 0.40023099999999989 0.013417 0.014429999999999998 0.013642 0.0023630000000000001 0.002434 0.002385 728.4186291607806 728.4186291607806 728.4186291607806 0.055481772253557493 0.055481772253557493 0.055481772253557493 1 1 1 Converged Converged Converged OK OK OK 237 237 237 237 237 237 11 11 11 0 0 0 0 1 0 0 1
131 131 linear 1 0 1311 0 0.001 2.1302774807443154 0.0093557396079514618 0.00082197493927395793 -1.6232432915451935 -0.0099186867666324497 -1.6234076865330482 0.5 1.6431532733667527 15.149192599347312 OK 14 13 0.61175800000000002 0.61187899999999995 0.14036399999999999 0.46880300000000003 0.47046500000000002 0 0.142955 0.14141399999999993 0.14036399999999999 0.011698 0.011819 0.011443 0.10346099999999998 0.10180600000000001 0.10146200000000004 0.0036539999999999997 0.0037910000000000001 0.003516 0.00095800000000000008 0.0010200000000000001 0.00094500000000000009 15.149197519860289 15.149197519860289 15.149197519860289 0.0078741783396712919 0.0078741783396712919 0.0078741783396712919 1 1 1 Converged Converged Converged OK OK OK 82 82 82 82 82 82 6 6 6 0 0 0 0 0 1 0 0
131 131 linear 1 7 1311 1 0.001 2.1302774807443154 0.0093557396079514618 0.00082197493927395793 -1.6232432915451935 -0.0099186867666324497 -1.623307620018702 0.5 1.6430532068524064 15.394309355330414 OK 14 13 0.46144800000000002 0.36425099999999999 0.123873 0.33397900000000003 0.20125299999999999 0 0.127469 0.162998 0.123873 0.010874999999999999 0.010921 0.010243 0.097933999999999979 0.13325099999999998 0.095262000000000027 0.0031129999999999994 0.0032499999999999999 0.0030850000000000001 0.00083299999999999997 0.00087199999999999995 0.000861 15.394263791789427 15.394263791789427 15.394263791789427 0.014530167170554664 0.014530167170554664 0.014530167170554664 1 1 1 Converged Converged Converged OK OK OK 74 74 74 74 74 74 6 6 6 0 0 0 0 1 0 0 1
131 131 linear 1 15 1311 2 0.001 2.1302774807443154 0.0093557396079514618 0.00082197493927395793 -1.6232432915451935 -0.0099186867666324497 -1.6231932582880204 0.5 1.6429388451217248 15.558738098487057 OK 14 13 0.55329300000000003 0.44251400000000002 0.12277399999999999 0.42200599999999999 0.29175499999999999 0 0.13128700000000004 0.15075900000000003 0.12277399999999999 0.011022000000000001 0.010923 0.010302 0.10154600000000001 0.12101299999999994 0.094245000000000023 0.003199 0.0032829999999999999 0.0031549999999999998 0.00076099999999999996 0.00078899999999999999 0.00076899999999999994 15.558779970691324 15.558779970691324 15.558779970691324 0.01404370693842788 0.01404370693842788 0.01404370693842788 1 1 1 Converged Converged Converged OK OK OK 74 74 74 74 74 74 6 6 6 0 0 0 0 1 0 0 1
131 131 linear 1 23 1311 3 0.001 2.1302774807443154 0.0093557396079514618 0.00082197493927395793 -1.6232432915451935 -0.0099186867666324497 -1.6230788965573388 0.5 1.6428244833910433 15.613463311175217 OK 14 13 0.46995700000000001 0.35299799999999998 0.124241 0.34099699999999999 0.19464000000000001 0 0.12896000000000002 0.15835799999999997 0.124241 0.010900999999999999 0.011067 0.010293 0.098615000000000008 0.12811799999999998 0.095821999999999991 0.003509 0.0033470000000000001 0.0030829999999999998 0.00081000000000000006 0.00083299999999999997 0.00076300000000000001 15.613460845523866 15.613460845523866 15.613460845523866 0.01409983314683089 0.01409983314683089 0.01409983314683089 1 1 1 Converged Converged Converged OK OK OK 74 74 74 74 74 74 6 6 6 0 0 0 0 1 0 0 1
131 131 linear 1 0 1311 0 0.0001 2.1302774807443154 0.0093557396079514618 0.00082197493927395793 -1.6232432915451935 -0.0099186867666324497 -1.6234076865330482 0.5 1.6431532733667527 15.149192599347312 OK 14 13 0.67410899999999996 0.66650500000000001 0.19547500000000001 0.47326099999999999 0.46917999999999999 0 0.20084799999999997 0.19732500000000003 0.19547500000000001 0.011939 0.011815000000000001 0.011372 0.1462449999999999 0.14320499999999994 0.14242399999999997 0.0059080000000000001 0.005862 0.0057579999999999992 0.0014090000000000001 0.0013799999999999999 0.001397 15.149198823320653 15.149198823320653 15.149198823320653 0.0010637650207081133 0.0010637650207081133 0.0010637650207081133 1 1 1 Converged Converged Converged OK OK OK 122 122 122 122 122 122 6 6 6 0 0 0 0 0 1 0 0
131 131 linear 1 7 1311 1 0.0001 2.1302774807443154 0.0093557396079514618 0.00082197493927395793 -1.6232432915451935 -0.0099186867666324497 -1.623307620018702 0.5 1.6430532068524064 15.394309355330414 OK 14 13 0.53008100000000002 0.45174300000000001 0.18613399999999999 0.338951 0.201816 0 0.19113000000000002 0.24992700000000001 0.18613399999999999 0.010924 0.010840000000000001 0.01025 0.14906599999999992 0.20757700000000004 0.14510200000000004 0.0057499999999999999 0.0058280000000000007 0.0057739999999999988 0.0013570000000000001 0.0014119999999999998 0.0013570000000000001 15.394309005215494 15.394309005215494 15.394309005215494 0.0010508547784412836 0.0010508547784412836 0.0010508547784412836 1 1 1 Converged Converged Converged OK OK OK 122 122 122 122 122 122 6 6 6 0 0 0 0 1 0 0 1
131 131 linear 1 15 1311 2 0.0001 2.1302774807443154 0.0093557396079514618 0.00082197493927395793 -1.6232432915451935 -0.0099186867666324497 -1.6231932582880204 0.5 1.6429388451217248 15.558738098487057 OK 14 13 0.61469600000000002 0.52861999999999998 0.18653500000000001 0.42275000000000001 0.29224 0 0.19194600000000001 0.23637999999999998 0.18653500000000001 0.01089 0.010985999999999999 0.010342 0.14962100000000009 0.19398999999999991 0.14548100000000003 0.0058009999999999989 0.0056979999999999999 0.0056369999999999996 0.0013500000000000001 0.0013520000000000003 0.0013169999999999998 15.558824762871007 15.558824762871007 15.558824762871007 0.001037027795224639 0.001037027795224639 0.001037027795224639 1 1 1 Converged Converged Converged OK OK OK 122 122 122 122 122 122 6 6 6 0 0 0 0 1 0 0 1
131 131 linear 1 23 1311 3 0.0001 2.1302774807443154 0.0093557396079514618 0.00082197493927395793 -1.6232432915451935 -0.0099186867666324497 -1.6230788965573388 0.5 1.6428244833910433 15.613463311175217 OK 14 13 0.52859599999999995 0.447268 0.186636 0.33546500000000001 0.19598599999999999 0 0.19313099999999994 0.25128200000000001 0.186636 0.010862 0.010973999999999999 0.010304000000000001 0.15007200000000001 0.208341 0.145681 0.006326 0.0061760000000000001 0.0057539999999999996 0.001302 0.001317 0.0013059999999999999 15.613505324275572 15.613505324275572 15.613505324275572 0.0010252101940913863 0.0010252101940913863 0.0010252101940913863 1 1 1 Converged Converged Converged OK OK OK 122 122 122 122 122 122 6 6 6 0 0 0 0 1 0 0 1
131 131 linear 2 0 1312 0 0.001 2.1302774807443154 0.0093557396079514618 0.00082197493927395793 0.017266494022819198 0.0043694342992514146 0.017102099034964405 0.5 0.0026434877987399075 395.78082756587571 OK 13 12 0.65755399999999997 0.65813900000000003 0.12177399999999999 0.53230699999999997 0.53473199999999999 0 0.125247 0.12340700000000004 0.12177399999999999 0.010585000000000001 0.010654 0.010255 0.094557999999999989 0.092647999999999994 0.091976000000000016 0.0028340000000000001 0.0029580000000000001 0.0029139999999999999 0.00073399999999999995 0.000776 0.00074600000000000003 395.78073437659361 395.78073437659361 395.78073437659361 0.27499906675770314 0.27499906675770314 0.27499906675770314 1 1 1 Converged Converged Converged OK OK OK 66 66 66 66 66 66 6 6 6 0 0 0 0 0 1 0 0
131 131 linear 2 7 1312 1 0.001 2.1302774807443154 0.0093557396079514618 0.00082197493927395793 0.017266494022819198 0.0043694342992514146 0.0172021655493108 0.5 0.0025434212843935128 344.28250837365829 OK 13 12 0.63884600000000002 0.63685400000000003 0.111785 0.52308699999999997 0.38577600000000001 0 0.11575900000000006 0.25107800000000002 0.111785 0.0097990000000000004 0.0098539999999999999 0.0091940000000000008 0.091731000000000021 0.22138099999999991 0.088886000000000007 0.002382 0.0025130000000000005 0.0024049999999999996 0.00058700000000000007 0.00064499999999999996 0.00061300000000000005 344.28439557240819 344.28439557240819 344.28439557240819 0.31691416301705061 0.31691416301705061 0.31691416301705061 1 1 1 Converged Converged Converged OK OK OK 58 58 58 58 58 58 6 6 6 0 0 0 0 1 0 0 1
131 131 linear 2 15 1312 2 0.001 2.1302774807443154 0.0093557396079514618 0.00082197493927395793 0.017266494022819198 0.0043694342992514146 0.017316527279992396 0.5 0.0024290595537119174 281.05735212219776 OK 13 12 0.654613 0.65181100000000003 0.112598 0.53445200000000004 0.407217 0 0.12016099999999996 0.24459400000000003 0.112598 0.0099050000000000006 0.0096620000000000004 0.0090670000000000004 0.095311999999999994 0.21993299999999999 0.089581000000000008 0.0026559999999999999 0.0027669999999999999 0.0024859999999999995 0.00064900000000000005 0.000678 0.00065499999999999998 281.05926198256896 281.05926198256896 281.05926198256896 0.20610908201875081 0.20610908201875081 0.20610908201875081 1 1 1 Converged Converged Converged OK OK OK 59 59 59 59 59 59 5 5 5 0 0 0 0 1 0 0 1
131 131 linear 2 23 1312 3 0.001 2.1302774807443154 0.0093557396079514618 0.00082197493927395793 0.017266494022819198 0.0043694342992514146 0.017430889010673991 0.5 0.002314697823030322 210.77476205586905 OK 13 12 0.66022800000000004 0.66103199999999995 0.132157 0.52384799999999998 0.39790500000000001 0 0.13638000000000006 0.26312699999999994 0.132157 0.0096150000000000003 0.0098019999999999999 0.009051 0.10984600000000004 0.23545300000000002 0.106598 0.0029120000000000001 0.0035200000000000006 0.0029269999999999999 0.00061200000000000002 0.00066299999999999996 0.000669 210.77276422537059 210.77276422537059 210.77276422537059 0.12265548884215896 0.12265548884215896 0.12265548884215896 1 1 1 Converged Converged Converged OK OK OK 67 67 67 67 67 67 5 5 5 0 0 0 0 1 0 0 1
131 131 linear 2 0 1312 0 0.0001 2.1302774807443154 0.0093557396079514618 0.00082197493927395793 0.017266494022819198 0.0043694342992514146 0.017102099034964405 0.5 0.0026434877987399075 395.78082756587571 OK 13 12 0.71176399999999995 0.70604199999999995 0.17415800000000001 0.53468899999999997 0.53425199999999995 0 0.17707499999999998 0.17179 0.17415800000000001 0.010768 0.010642 0.010315 0.13286500000000001 0.128832 0.13194600000000001 0.0050419999999999996 0.0046050000000000006 0.0041370000000000001 0.001242 0.0012260000000000001 0.0011119999999999999 395.78072368861979 395.78072368861979 395.78072368861979 0.016291450443815927 0.016291450443815927 0.016291450443815927 1 1 1 Converged Converged Converged OK OK OK 98 98 98 98 98 98 6 6 6 0 0 0 0 0 1 0 0
131 131 linear 2 7 1312 1 0.0001 2.1302774807443154 0.0093557396079514618 0.00082197493927395793 0.017266494022819198 0.0043694342992514146 0.0172021655493108 0.5 0.0025434212843935128 344.28250837365829 OK 13 12 0.706484 0.79860699999999996 0.173093 0.52647900000000003 0.386764 0 0.18000499999999997 0.41184299999999996 0.173093 0.0097800000000000005 0.0097490000000000007 0.0092280000000000001 0.141488 0.37350699999999998 0.13688600000000004 0.0052709999999999996 0.0051580000000000003 0.0048760000000000001 0.0012329999999999999 0.0012610000000000002 0.0011730000000000002 344.28432266785916 344.28432266785916 344.28432266785916 0.020242898154323001 0.020242898154323001 0.020242898154323001 1 1 1 Converged Converged Converged OK OK OK 106 106 106 106 106 106 6 6 6 0 0 0 0 1 0 0 1
131 131 linear 2 15 1312 2 0.0001 2.1302774807443154 0.0093557396079514618 0.00082197493927395793 0.017266494022819198 0.0043694342992514146 0.017316527279992396 0.5 0.0024290595537119174 281.05735212219776 OK 13 12 0.71041399999999999 0.80485499999999999 0.16633000000000001 0.538748 0.40313300000000002 0 0.17166599999999999 0.40172199999999997 0.16633000000000001 0.0096410000000000003 0.0096790000000000001 0.0091120000000000003 0.13740200000000005 0.36665800000000004 0.13314999999999999 0.004581 0.0048770000000000003 0.0046039999999999996 0.00099700000000000006 0.0010249999999999999 0.0010690000000000001 281.05926566353185 281.05926566353185 281.05926566353185 0.00067846798545572872 0.00067846798545572872 0.00067846798545572872 1 1 1 Converged Converged Converged OK OK OK 99 99 99 99 99 99 5 5 5 0 0 0 0 1 0 0 1
131 131 linear 2 23 1312 3 0.0001 2.1302774807443154 0.0093557396079514618 0.00082197493927395793 0.017266494022819198 0.0043694342992514146 0.017430889010673991 0.5 0.002314697823030322 210.77476205586905 OK 13 12 0.68257800000000002 0.71497999999999995 0.15609200000000001 0.52130900000000002 0.39705499999999999 0 0.161269 0.31792499999999996 0.15609200000000001 0.0096010000000000002 0.0097389999999999994 0.0091160000000000008 0.12985299999999997 0.28673999999999994 0.12629000000000001 0.0042680000000000001 0.0040039999999999997 0.0038190000000000003 0.00081499999999999997 0.00083700000000000007 0.00078100000000000001 210.77276413077288 210.77276413077288 210.77276413077288 0.00020717767785195066 0.00020717767785195066 0.00020717767785195066 1 1 1 Converged Converged Converged OK OK OK 83 83 83 83 83 83 5 5 5 0 0 0 0 1 0 0 1
131 131 linear 3 0 1313 0 0.001 2.1302774807443154 0.0093557396079514618 0.00082197493927395793 0.017457111331807183 -0.0036653654237532481 0.017292716343952391 0.5 0.0024528704897519224 161.29866190895621 OK 13 12 0.63244800000000001 0.62445200000000001 0.105778 0.52443600000000001 0.514127 0 0.108012 0.11032500000000001 0.105778 0.010119 0.014759 0.0095770000000000004 0.078865000000000046 0.076920000000000002 0.077311000000000019 0.002879 0.0027590000000000002 0.0029239999999999999 0.00058699999999999996 0.00060700000000000012 0.00059800000000000001 161.29856529648154 161.29856529648154 161.29856529648154 0.1362836048320589 0.1362836048320589 0.1362836048320589 1 1 1 Converged Converged Converged OK OK OK 53 53 53 53 53 53 3 3 3 0 0 0 0 0 1 0 0
131 131 linear 3 7 1313 1 0.001 2.1302774807443154 0.0093557396079514618 0.00082197493927395793 0.017457111331807183 -0.0036653654237532481 0.017392782858298785 0.5 0.0023528039754055277 159.25354563622861 OK 13 12 0.66872799999999999 0.63153099999999995 0.105659 0.55976400000000004 0.43021900000000002 0 0.10896399999999995 0.20131199999999994 0.105659 0.0095090000000000001 0.0094680000000000007 0.0088400000000000006 0.082499999999999976 0.17409199999999994 0.080457999999999974 0.0027879999999999997 0.0033060000000000008 0.002787 0.00060900000000000006 0.00064400000000000004 0.00062399999999999999 159.2534483426945 159.2534483426945 159.2534483426945 0.13655792446593698 0.13655792446593698 0.13655792446593698 1 1 1 Converged Converged Converged OK OK OK 53 53 53 53 53 53 3 3 3 0 0 0 0 1 0 0 1
131 131 linear 3 15 1313 2 0.001 2.1302774807443154 0.0093557396079514618 0.00082197493927395793 0.017457111331807183 -0.0036653654237532481 0.017507144588980381 0.5 0.0022384422447239323 157.25488784712863 OK 13 12 0.62409099999999995 0.60070900000000005 0.103269 0.51697000000000004 0.39643699999999998 0 0.10712099999999991 0.20427200000000006 0.103269 0.0090139999999999994 0.0092079999999999992 0.0085819999999999994 0.080982999999999999 0.17733499999999996 0.078357999999999969 0.0028200000000000005 0.0031130000000000003 0.0028050000000000002 0.00056300000000000002 0.00057699999999999993 0.00058099999999999992 157.25479672629965 157.25479672629965 157.25479672629965 0.13674618859478366 0.13674618859478366 0.13674618859478366 1 1 1 Converged Converged Converged OK OK OK 53 53 53 53 53 53 3 3 3 0 0 0 0 1 0 0 1
131 131 linear 3 23 1313 3 0.001 2.1302774807443154 0.0093557396079514618 0.00082197493927395793 0.017457111331807183 -0.0036653654237532481 0.017621506319661976 0.5 0.0021240805140423369 155.53522052556593 OK 13 12 0.59594899999999995 0.57312399999999997 0.100354 0.49221100000000001 0.36181000000000002 0 0.10373799999999994 0.21131399999999995 0.100354 0.0090709999999999992 0.00911 0.0085249999999999996 0.078045000000000003 0.18465499999999999 0.075753999999999988 0.0028370000000000001 0.0032250000000000004 0.002738 0.00057899999999999998 0.00057499999999999999 0.00056499999999999996 155.53513024507225 155.53513024507225 155.53513024507225 0.13679010045957463 0.13679010045957463 0.13679010045957463 1 1 1 Converged Converged Converged OK OK OK 53 53 53 53 53 53 3 3 3 0 0 0 0 1 0 0 1
131 131 linear 3 0 1313 0 0.0001 2.1302774807443154 0.0093557396079514618 0.00082197493927395793 0.017457111331807183 -0.0036653654237532481 0.017292716343952391 0.5 0.0024528704897519224 161.29866190895621 OK 13 12 0.65141899999999997 0.65481599999999995 0.13339000000000001 0.51427199999999995 0.52031099999999997 0 0.13714700000000002 0.13450499999999999 0.13339000000000001 0.010122000000000001 0.010071999999999999 0.0098359999999999993 0.10229200000000002 0.099817000000000017 0.099500999999999964 0.0037550000000000001 0.0039679999999999993 0.0037890000000000003 0.00072900000000000005 0.00074899999999999999 0.00071999999999999994 161.29856521318166 161.29856521318166 161.29856521318166 0.00011176389281363668 0.00011176389281363668 0.00011176389281363668 1 1 1 Converged Converged Converged OK OK OK 69 69 69 69 69 69 3 3 3 0 0 0 0 0 1 0 0
131 131 linear 3 7 1313 1 0.0001 2.1302774807443154 0.0093557396079514618 0.00082197493927395793 0.017457111331807183 -0.0036653654237532481 0.017392782858298785 0.5 0.0023528039754055277 159.25354563622861 OK 13 12 0.69207799999999997 0.69726900000000003 0.13080800000000001 0.55656899999999998 0.43074000000000001 0 0.13550899999999999 0.26652900000000002 0.13080800000000001 0.0094699999999999993 0.0094439999999999993 0.0089429999999999996 0.10356999999999998 0.23506200000000005 0.100469 0.0039240000000000004 0.0038190000000000003 0.0038120000000000003 0.00077000000000000007 0.00077900000000000007 0.000745 159.25344825710997 159.25344825710997 159.25344825710997 9.5318237998045152e-05 9.5318237998045152e-05 9.5318237998045152e-05 1 1 1 Converged Converged Converged OK OK OK 69 69 69 69 69 69 3 3 3 0 0 0 0 1 0 0 1
131 131 linear 3 15 1313 2 0.0001 2.1302774807443154 0.0093557396079514618 0.00082197493927395793 0.017457111331807183 -0.0036653654237532481 0.017507144588980381 0.5 0.0022384422447239323 157.25488784712863 OK 13 12 0.65976999999999997 0.65963400000000005 0.13114799999999999 0.51204099999999997 0.392592 0 0.147729 0.26704200000000006 0.13114799999999999 0.010338999999999999 0.009247 0.0086040000000000005 0.11062199999999997 0.23561300000000002 0.10139500000000003 0.0037269999999999998 0.0038169999999999996 0.0036750000000000003 0.00071600000000000006 0.00073200000000000001 0.00067200000000000007 157.25479663947027 157.25479663947027 157.25479663947027 8.0678418434901748e-05 8.0678418434901748e-05 8.0678418434901748e-05 1 1 1 Converged Converged Converged OK OK OK 69 69 69 69 69 69 3 3 3 0 0 0 0 1 0 0 1
131 131 linear 3 23 1313 3 0.0001 2.1302774807443154 0.0093557396079514618 0.00082197493927395793 0.017457111331807183 -0.0036653654237532481 0.017621506319661976 0.5 0.0021240805140423369 155.53522052556593 OK 13 12 0.62493299999999996 0.64216600000000001 0.128304 0.49201600000000001 0.36585099999999998 0 0.13291699999999995 0.27631500000000003 0.128304 0.0090279999999999996 0.0091319999999999995 0.0085450000000000005 0.10171900000000002 0.24464099999999991 0.098519000000000023 0.00398 0.0040660000000000002 0.0036540000000000001 0.00074899999999999999 0.00071900000000000002 0.00071600000000000006 155.53513015898096 155.53513015898096 155.53513015898096 6.9231694302233031e-05 6.9231694302233031e-05 6.9231694302233031e-05 1 1 1 Converged Converged Converged OK OK OK 69 69 69 69 69 69 3 3 3 0 0 0 0 1 0 0 1
131 131 linear 4 0 1314 0 0.001 2.1302774807443154 0.0093557396079514618 0.00082197493927395793 -1.593302507977453 -0.0015367774309908017 -1.5934669029653077 0.5 1.6132124897990121 5.749051815808671 OK 13 12 0.59993200000000002 0.60147399999999995 0.130188 0.46571600000000002 0.46581899999999998 0 0.134216 0.13565499999999997 0.130188 0.0089320000000000007 0.0089189999999999998 0.0085929999999999999 0.10334799999999998 0.10485100000000001 0.10011299999999999 0.003107 0.0032369999999999999 0.00313 0.000736 0.00075299999999999998 0.00068100000000000007 5.7490483398864036 5.7490483398864036 5.7490483398864036 0.00054580006102198915 0.00054580006102198915 0.00054580006102198915 1 1 1 Converged Converged Converged OK OK OK 61 61 61 61 61 61 3 3 3 0 0 0 0 0 1 0 0
131 131 linear 4 7 1314 1 0.001 2.1302774807443154 0.0093557396079514618 0.00082197493927395793 -1.593302507977453 -0.0015367774309908017 -1.5933668364509614 0.5 1.6131124232846659 5.7839003306185122 OK 13 12 0.63596299999999995 0.52961100000000005 0.12784300000000001 0.50383500000000003 0.37139699999999998 0 0.13212799999999991 0.15821400000000008 0.12784300000000001 0.0082000000000000007 0.0083149999999999995 0.0076920000000000001 0.10498299999999999 0.13096499999999997 0.10185499999999999 0.0031060000000000003 0.0031290000000000003 0.003032 0.00072500000000000006 0.00067200000000000007 0.00065200000000000002 5.7838968833765376 5.7838968833765376 5.7838968833765376 0.00054486075791478517 0.00054486075791478517 0.00054486075791478517 1 1 1 Converged Converged Converged OK OK OK 61 61 61 61 61 61 3 3 3 0 0 0 0 1 0 0 1
131 131 linear 4 15 1314 2 0.001 2.1302774807443154 0.0093557396079514618 0.00082197493927395793 -1.593302507977453 -0.0015367774309908017 -1.5932524747202799 0.5 1.6129980615539843 5.8237489474955719 OK 13 12 0.66413 0.55255200000000004 0.12667600000000001 0.53309899999999999 0.39592100000000002 0 0.13103100000000001 0.15663100000000002 0.12667600000000001 0.0082679999999999993 0.01171 0.007659 0.10336499999999998 0.125969 0.10042300000000001 0.0031830000000000001 0.0031839999999999998 0.0031340000000000001 0.00074099999999999991 0.00073099999999999999 0.000687 5.8237454204470547 5.8237454204470547 5.8237454204470547 0.00054379062296563334 0.00054379062296563334 0.00054379062296563334 1 1 1 Converged Converged Converged OK OK OK 61 61 61 61 61 61 3 3 3 0 0 0 0 1 0 0 1
131 131 linear 4 23 1314 3 0.001 2.1302774807443154 0.0093557396079514618 0.00082197493927395793 -1.593302507977453 -0.0015367774309908017 -1.5931381129895983 0.5 1.6128836998233027 5.8635940004876392 OK 13 12 0.65561999999999998 0.54689399999999999 0.12523300000000001 0.52113500000000001 0.386986 0 0.13448499999999997 0.15990799999999999 0.12523300000000001 0.0082159999999999993 0.0082109999999999995 0.0076400000000000001 0.10705799999999993 0.13268100000000002 0.099117999999999998 0.0030840000000000004 0.0032270000000000003 0.0031029999999999999 0.00073099999999999999 0.00071100000000000004 0.00067299999999999999 5.8635903957713253 5.8635903957713253 5.8635903957713253 0.00054272407406399307 0.00054272407406399307 0.00054272407406399307 1 1 1 Converged Converged Converged OK OK OK 61 61 61 61 61 61 3 3 3 0 0 0 0 1 0 0 1
131 131 linear 4 0 1314 0 0.0001 2.1302774807443154 0.0093557396079514618 0.00082197493927395793 -1.593302507977453 -0.0015367774309908017 -1.5934669029653077 0.5 1.6132124897990121 5.749051815808671 OK 13 12 0.603302 0.59737499999999999 0.12990399999999999 0.46895799999999999 0.46537099999999998 0 0.13434400000000002 0.13200400000000001 0.12990399999999999 0.0088520000000000005 0.0091070000000000005 0.0084690000000000008 0.10357400000000001 0.101148 0.10034000000000001 0.003107 0.003127 0.0030230000000000001 0.00069099999999999999 0.00069500000000000009 0.000678 5.7490483398864036 5.7490483398864036 5.7490483398864036 0.00054580006102198915 0.00054580006102198915 0.00054580006102198915 1 1 1 Converged Converged Converged OK OK OK 61 61 61 61 61 61 3 3 3 0 0 0 0 0 1 0 0
131 131 linear 4 7 1314 1 0.0001 2.1302774807443154 0.0093557396079514618 0.00082197493927395793 -1.593302507977453 -0.0015367774309908017 -1.5933668364509614 0.5 1.6131124232846659 5.7839003306185122 OK 13 12 0.63868400000000003 0.52969500000000003 0.12837499999999999 0.50645499999999999 0.37280999999999997 0 0.13222900000000004 0.15688500000000005 0.12837499999999999 0.0082279999999999992 0.0082500000000000004 0.0077120000000000001 0.10497700000000001 0.12998800000000002 0.10225200000000001 0.0030660000000000001 0.0031320000000000002 0.0030339999999999998 0.00066600000000000003 0.00066400000000000009 0.00065399999999999996 5.7838968833765376 5.7838968833765376 5.7838968833765376 0.00054486075791478517 0.00054486075791478517 0.00054486075791478517 1 1 1 Converged Converged Converged OK OK OK 61 61 61 61 61 61 3 3 3 0 0 0 0 1 0 0 1
131 131 linear 4 15 1314 2 0.0001 2.1302774807443154 0.0093557396079514618 0.00082197493927395793 -1.593302507977453 -0.0015367774309908017 -1.5932524747202799 0.5 1.6129980615539843 5.8237489474955719 OK 13 12 0.66597200000000001 0.54931200000000002 0.127246 0.53146800000000005 0.39685199999999998 0 0.13450399999999996 0.15246000000000004 0.127246 0.0082710000000000006 0.0082529999999999999 0.0076610000000000003 0.10687799999999997 0.125305 0.10105299999999999 0.0031640000000000001 0.0031980000000000003 0.0030890000000000002 0.00069899999999999997 0.00069399999999999996 0.00067899999999999992 5.8237454204470547 5.8237454204470547 5.8237454204470547 0.00054379062296563334 0.00054379062296563334 0.00054379062296563334 1 1 1 Converged Converged Converged OK OK OK 61 61 61 61 61 61 3 3 3 0 0 0 0 1 0 0 1
131 131 linear 4 23 1314 3 0.0001 2.1302774807443154 0.0093557396079514618 0.00082197493927395793 -1.593302507977453 -0.0015367774309908017 -1.5931381129895983 0.5 1.6128836998233027 5.8635940004876392 OK 13 12 0.65283999999999998 0.54425900000000005 0.12526599999999999 0.52335600000000004 0.38708700000000001 0 0.12948399999999993 0.15717200000000003 0.12526599999999999 0.0080850000000000002 0.0082260000000000007 0.007607 0.10228000000000002 0.13001299999999999 0.099405000000000007 0.0031280000000000001 0.0032759999999999998 0.0030819999999999997 0.00068000000000000005 0.00068500000000000006 0.00067299999999999999 5.8635903957713253 5.8635903957713253 5.8635903957713253 0.00054272407406399307 0.00054272407406399307 0.00054272407406399307 1 1 1 Converged Converged Converged OK OK OK 61 61 61 61 61 61 3 3 3 0 0 0 0 1 0 0 1
131 131 uniform 0 0 1315 0 0.001 2.1302774807443154 0.0093557396079514618 0.00082197493927395793 0.016875169133019768 0.000779971489566184 0.016710774145164975 0 0.003034812688539338 800.87727438378988 OK 17 16 0.87125300000000006 0.87371200000000004 0.278221 0.60676300000000005 0.60591200000000001 0 0.26449 0.26780000000000004 0.278221 0.017288000000000001 0.017406000000000001 0.017822999999999999 0.19902999999999993 0.20068899999999987 0.21073099999999995 0.0057809999999999997 0.006895000000000001 0.0061030000000000008 0.0014219999999999999 0.0015 0.001418 800.88266944640156 800.88266944640156 800.88266944640156 0.78223245915068307 0.78223245915068307 0.78223245915068307 1 1 1 Converged Converged Converged OK OK OK 141 141 141 141 141 141 11 11 11 0 0 0 0 0 1 0 0
131 131 uniform 0 7 1315 1 0.001 2.1302774807443154 0.0093557396079514618 0.00082197493927395793 0.016875169133019768 0.000779971489566184 0.01681084065951137 0 0.0029347461741929433 784.35184503606388 OK 17 16 0.91686999999999996 0.99149100000000001 0.27909600000000001 0.64599600000000001 0.49291400000000002 0 0.27087399999999995 0.49857699999999999 0.27909600000000001 0.013573999999999999 0.013960999999999999 0.014474000000000001 0.21271799999999993 0.43814800000000004 0.21881399999999995 0.008209000000000001 0.0095809999999999992 0.0089689999999999995 0.0015629999999999997 0.00164 0.0015190000000000002 784.35137420617366 784.35137420617366 784.35137420617366 0.58161596442455354 0.58161596442455354 0.58161596442455354 1 1 1 Converged Converged Converged OK OK OK 173 173 173 173 173 173 11 11 11 0 0 0 0 1 0 0 1
131 131 uniform 0 15 1315 2 0.001 2.1302774807443154 0.0093557396079514618 0.00082197493927395793 0.016875169133019768 0.000779971489566184 0.016925202390192965 0 0.0028203844435113479 762.09095947845969 OK 17 16 0.88229800000000003 0.89859100000000003 0.26411200000000001 0.615039 0.46321299999999999 0 0.26725900000000002 0.43537800000000004 0.26411200000000001 0.014734000000000001 0.014957 0.014135 0.215811 0.38221400000000022 0.2136269999999999 0.0073489999999999996 0.0083379999999999999 0.0076379999999999998 0.0014519999999999999 0.0016240000000000002 0.0014420000000000001 762.08759689941439 762.08759689941439 762.08759689941439 0.65105384597753413 0.65105384597753413 0.65105384597753413 1 1 1 Converged Converged Converged OK OK OK 157 157 157 157 157 157 11 11 11 0 0 0 0 1 0 0 1
131 131 uniform 0 23 1315 3 0.001 2.1302774807443154 0.0093557396079514618 0.00082197493927395793 0.016875169133019768 0.000779971489566184 0.01703956412087456 0 0.0027060227128297525 736.79421393819314 OK 17 16 0.92122800000000005 1.072152 0.28213500000000002 0.63872700000000004 0.50073299999999998 0 0.282501 0.57141900000000001 0.28213500000000002 0.013918 0.013979 0.013110999999999999 0.23030600000000001 0.50763800000000014 0.23169000000000006 0.0069930000000000001 0.0088190000000000004 0.0067220000000000005 0.001611 0.0017650000000000001 0.0016409999999999997 736.80166811601646 736.80166811601646 736.80166811601646 0.6592693515003305 0.6592693515003305 0.6592693515003305 1 1 1 Converged Converged Converged OK OK OK 157 157 157 157 157 157 11 11 11 0 0 0 0 1 0 0 1
131 131 uniform 0 0 1315 0 0.0001 2.1302774807443154 0.0093557396079514618 0.00082197493927395793 0.016875169133019768 0.000779971489566184 0.016710774145164975 0 0.003034812688539338 800.87727438378988 OK 17 16 0.99301600000000001 0.97997400000000001 0.37761600000000001 0.61639100000000002 0.60173200000000004 0 0.37662499999999999 0.37824199999999997 0.37761600000000001 0.017104000000000001 0.017312000000000001 0.017087999999999999 0.2786039999999998 0.27923700000000012 0.27895600000000026 0.010104999999999999 0.011222000000000001 0.011226999999999997 0.0023110000000000001 0.0025100000000000001 0.0024059999999999997 800.87710981888881 800.87710981888881 800.87710981888881 0.054720334489353782 0.054720334489353782 0.054720334489353782 1 1 1 Converged Converged Converged OK OK OK 213 213 213 213 213 213 11 11 11 0 0 0 0 0 1 0 0
131 131 uniform 0 7 1315 1 0.0001 2.1302774807443154 0.0093557396079514618 0.00082197493927395793 0.016875169133019768 0.000779971489566184 0.01681084065951137 0 0.0029347461741929433 784.35184503606388 OK 17 16 0.98380400000000001 1.147078 0.337308 0.64407899999999996 0.49596200000000001 0 0.33972500000000005 0.65111600000000003 0.337308 0.013684 0.014237 0.013292999999999999 0.27379000000000009 0.58076199999999989 0.27202699999999996 0.010161000000000002 0.012917 0.010482 0.0022769999999999999 0.002434 0.0022850000000000001 784.35198030277877 784.35198030277877 784.35198030277877 0.037713817961317737 0.037713817961317737 0.037713817961317737 1 1 1 Converged Converged Converged OK OK OK 213 213 213 213 213 213 11 11 11 0 0 0 0 1 0 0 1
131 131 uniform 0 15 1315 2 0.0001 2.1302774807443154 0.0093557396079514618 0.00082197493927395793 0.016875169133019768 0.000779971489566184 0.016925202390192965 0 0.0028203844435113479 762.09095947845969 OK 17 16 0.94874800000000004 1.0648299999999999 0.346335 0.61061699999999997 0.464194 0 0.33813100000000007 0.60063599999999995 0.346335 0.015128000000000001 0.015256 0.015488999999999999 0.2729359999999999 0.5328179999999999 0.28026200000000007 0.009862000000000001 0.011079 0.010147000000000002 0.00215 0.0023829999999999997 0.0022859999999999998 762.09093883627986 762.09093883627986 762.09093883627986 0.065495199301516926 0.065495199301516926 0.065495199301516926 1 1 1 Converged Converged Converged OK OK OK 205 205 205 205 205 205 11 11 11 0 0 0 0 1 0 0 1
131 131 uniform 0 23 1315 3 0.0001 2.1302774807443154 0.0093557396079514618 0.00082197493927395793 0.016875169133019768 0.000779971489566184 0.01703956412087456 0 0.0027060227128297525 736.79421393819314 OK 17 16 1.0463389999999999 1.2974079999999999 0.41306599999999999 0.63761500000000004 0.50070400000000004 0 0.40872399999999987 0.79670399999999986 0.41306599999999999 0.013911 0.014031 0.01431 0.32055099999999997 0.70957500000000029 0.32770399999999966 0.016318000000000003 0.014573000000000001 0.01306 0.0027309999999999999 0.0027410000000000004 0.0027240000000000003 736.79428940186506 736.79428940186506 736.79428940186506 0.03793184143163339 0.03793184143163339 0.03793184143163339 1 1 1 Converged Converged Converged OK OK OK 245 245 245 245 245 245 11 11 11 0 0 0 0 1 0 0 1
131 131 uniform 1 0 1316 0 0.001 2.1302774807443154 0.0093557396079514618 0.00082197493927395793 -1.6232432915451935 -0.0099186867666324497 -1.6234076865330482 0 1.6431532733667527 15.191156500289756 OK 14 13 0.57489900000000005 0.57683499999999999 0.109671 0.46354499999999998 0.46542600000000001 0 0.11135400000000006 0.11140899999999998 0.109671 0.011776999999999999 0.012003 0.01129 0.075250000000000011 0.075635999999999981 0.074765999999999971 0.0031519999999999999 0.0030409999999999994 0.0030059999999999996 0.00080600000000000008 0.00077300000000000003 0.00078000000000000009 15.191146185099317 15.191146185099317 15.191146185099317 0.013630637619371784 0.013630637619371784 0.013630637619371784 1 1 1 Converged Converged Converged OK OK OK 74 74 74 74 74 74 6 6 6 0 0 0 0 0 1 0 0
131 131 uniform 1 7 1316 1 0.001 2.1302774807443154 0.0093557396079514618 0.00082197493927395793 -1.6232432915451935 -0.0099186867666324497 -1.623307620018702 0 1.6430532068524064 15.324075143773655 OK 14 13 0.44718599999999997 0.34738000000000002 0.10624699999999999 0.33488699999999999 0.199298 0 0.11229899999999998 0.14808200000000002 0.10624699999999999 0.010874999999999999 0.010940999999999999 0.010239 0.082656999999999994 0.11857500000000006 0.078334000000000029 0.00313 0.0030429999999999997 0.0028889999999999996 0.00075899999999999991 0.00076199999999999998 0.00074899999999999999 15.324064537727427 15.324064537727427 15.324064537727427 0.012326677667726131 0.012326677667726131 0.012326677667726131 1 1 1 Converged Converged Converged OK OK OK 74 74 74 74 74 74 6 6 6 0 0 0 0 1 0 0 1
131 131 uniform 1 15 1316 2 0.001 2.1302774807443154 0.0093557396079514618 0.00082197493927395793 -1.6232432915451935 -0.0099186867666324497 -1.6231932582880204 0 1.6429388451217248 15.372253344495748 OK 14 13 0.531528 0.427093 0.105375 0.42405700000000002 0.29378399999999999 0 0.10747099999999998 0.13330900000000001 0.105375 0.011010000000000001 0.010939000000000001 0.010272999999999999 0.077892000000000003 0.10400700000000003 0.077393000000000031 0.0029899999999999996 0.0029750000000000002 0.0028909999999999999 0.00076300000000000011 0.00078200000000000003 0.00072499999999999995 15.372243524547576 15.372243524547576 15.372243524547576 0.011297767841217363 0.011297767841217363 0.011297767841217363 1 1 1 Converged Converged Converged OK OK OK 74 74 74 74 74 74 6 6 6 0 0 0 0 1 0 0 1
131 131 uniform 1 23 1316 3 0.001 2.1302774807443154 0.0093557396079514618 0.00082197493927395793 -1.6232432915451935 -0.0099186867666324497 -1.6230788965573388 0 1.6428244833910433 15.328353196054117 OK 14 13 0.44507600000000003 0.33143800000000001 0.10692400000000001 0.33323199999999997 0.19196299999999999 0 0.11184400000000005 0.13947500000000002 0.10692400000000001 0.010763999999999999 0.010958000000000001 0.0103 0.079506999999999967 0.11020099999999999 0.078824999999999992 0.0031059999999999998 0.0029520000000000002 0.0029810000000000006 0.000754 0.00074700000000000005 0.00073200000000000001 15.328343440556846 15.328343440556846 15.328343440556846 0.010590108682648368 0.010590108682648368 0.010590108682648368 1 1 1 Converged Converged Converged OK OK OK 74 74 74 74 74 74 6 6 6 0 0 0 0 1 0 0 1
131 131 uniform 1 0 1316 0 0.0001 2.1302774807443154 0.0093557396079514618 0.00082197493927395793 -1.6232432915451935 -0.0099186867666324497 -1.6234076865330482 0 1.6431532733667527 15.191156500289756 OK 14 13 0.61580199999999996 0.61043499999999995 0.14541699999999999 0.46452700000000002 0.46510200000000002 0 0.15127499999999994 0.14533299999999993 0.14541699999999999 0.011867000000000001 0.011833 0.011476 0.099030000000000007 0.098687000000000052 0.098533000000000009 0.0045469999999999998 0.0045850000000000005 0.0047980000000000002 0.0011639999999999999 0.0011539999999999999 0.0011789999999999999 15.191157522291686 15.191157522291686 15.191157522291686 0.00074071069627158455 0.00074071069627158455 0.00074071069627158455 1 1 1 Converged Converged Converged OK OK OK 106 106 106 106 106 106 6 6 6 0 0 0 0 0 1 0 0
131 131 uniform 1 7 1316 1 0.0001 2.1302774807443154 0.0093557396079514618 0.00082197493927395793 -1.6232432915451935 -0.0099186867666324497 -1.623307620018702 0 1.6430532068524064 15.324075143773655 OK 14 13 0.474298 0.38935700000000001 0.13695299999999999 0.33136100000000002 0.199655 0 0.14293699999999998 0.18970200000000001 0.13695299999999999 0.010952999999999999 0.011048000000000001 0.010271000000000001 0.105907 0.15037300000000003 0.10156299999999999 0.0045830000000000003 0.0044360000000000007 0.0044099999999999999 0.001103 0.0011209999999999998 0.001152 15.324075634821526 15.324075634821526 15.324075634821526 0.00073140591076635716 0.00073140591076635716 0.00073140591076635716 1 1 1 Converged Converged Converged OK OK OK 106 106 106 106 106 106 6 6 6 0 0 0 0 1 0 0 1
131 131 uniform 1 15 1316 2 0.0001 2.1302774807443154 0.0093557396079514618 0.00082197493927395793 -1.6232432915451935 -0.0099186867666324497 -1.6231932582880204 0 1.6429388451217248 15.372253344495748 OK 14 13 0.56133999999999995 0.46873300000000001 0.136267 0.42055700000000001 0.29046300000000003 0 0.14078299999999994 0.17826999999999998 0.136267 0.010829 0.011095000000000001 0.010366 0.10437799999999996 0.14156599999999997 0.10100999999999999 0.0045400000000000006 0.0044549999999999998 0.0043669999999999994 0.0011819999999999999 0.001181 0.0011850000000000003 15.372253911848393 15.372253911848393 15.372253911848393 0.00072091872857381562 0.00072091872857381562 0.00072091872857381562 1 1 1 Converged Converged Converged OK OK OK 106 106 106 106 106 106 6 6 6 0 0 0 0 1 0 0 1
131 131 uniform 1 23 1316 3 0.0001 2.1302774807443154 0.0093557396079514618 0.00082197493927395793 -1.6232432915451935 -0.0099186867666324497 -1.6230788965573388 0 1.6428244833910433 15.328353196054117 OK 14 13 0.47405599999999998 0.381077 0.137632 0.331673 0.19005900000000001 0 0.14238299999999998 0.19101799999999999 0.137632 0.011022000000000001 0.010977000000000001 0.010278000000000001 0.105659 0.15419699999999995 0.10218100000000001 0.0045679999999999991 0.0045069999999999997 0.0043949999999999996 0.0011460000000000001 0.0011430000000000001 0.0011429999999999999 15.328353296904652 15.328353296904652 15.328353296904652 0.00071235409234078162 0.00071235409234078162 0.00071235409234078162 1 1 1 Converged Converged Converged OK OK OK 106 106 106 106 106 106 6 6 6 0 0 0 0 1 0 0 1
131 131 uniform 2 0 1317 0 0.001 2.1302774807443154 0.0093557396079514618 0.00082197493927395793 0.017266494022819198 0.0043694342992514146 0.017102099034964405 0 0.0026434877987399075 407.80695135421354 OK 13 12 0.63303100000000001 0.63676699999999997 0.100063 0.53113100000000002 0.53563499999999997 0 0.10189999999999999 0.101132 0.100063 0.01112 0.010813 0.010305 0.073313000000000003 0.073144000000000001 0.072929000000000008 0.0022360000000000001 0.0022880000000000001 0.0021679999999999998 0.00059500000000000004 0.00062 0.00059200000000000008 407.80694750735034 407.80694750735034 407.80694750735034 0.2621560588577071 0.2621560588577071 0.2621560588577071 1 1 1 Converged Converged Converged OK OK OK 58 58 58 58 58 58 6 6 6 0 0 0 0 0 1 0 0
131 131 uniform 2 7 1317 1 0.001 2.1302774807443154 0.0093557396079514618 0.00082197493927395793 0.017266494022819198 0.0043694342992514146 0.0172021655493108 0 0.0025434212843935128 361.24754112551636 OK 13 12 0.62286399999999997 0.62445300000000004 0.099547999999999998 0.52208500000000002 0.39116600000000001 0 0.10077899999999995 0.23328700000000002 0.099547999999999998 0.0096900000000000007 0.0098829999999999994 0.0092060000000000006 0.077274999999999996 0.20918800000000007 0.077103999999999992 0.0021509999999999997 0.0023990000000000001 0.0021130000000000003 0.00053699999999999993 0.00061899999999999998 0.00058900000000000001 361.2476587754532 361.2476587754532 361.2476587754532 0.21642542284142324 0.21642542284142324 0.21642542284142324 1 1 1 Converged Converged Converged OK OK OK 58 58 58 58 58 58 6 6 6 0 0 0 0 1 0 0 1
131 131 uniform 2 15 1317 2 0.001 2.1302774807443154 0.0093557396079514618 0.00082197493927395793 0.017266494022819198 0.0043694342992514146 0.017316527279992396 0 0.0024290595537119174 299.39886738378971 OK 13 12 0.63836599999999999 0.64206099999999999 0.101269 0.53563099999999997 0.40556799999999998 0 0.10273500000000002 0.23649300000000001 0.101269 0.0096579999999999999 0.0097680000000000006 0.0090699999999999999 0.078004999999999977 0.21095500000000003 0.077755000000000019 0.0023140000000000001 0.0026150000000000001 0.0022599999999999999 0.0006240000000000001 0.00069199999999999991 0.00067400000000000001 299.39865632722751 299.39865632722751 299.39865632722751 0.073711281915035273 0.073711281915035273 0.073711281915035273 1 1 1 Converged Converged Converged OK OK OK 59 59 59 59 59 59 5 5 5 0 0 0 0 1 0 0 1
131 131 uniform 2 23 1317 3 0.001 2.1302774807443154 0.0093557396079514618 0.00082197493927395793 0.017266494022819198 0.0043694342992514146 0.017430889010673991 0 0.002314697823030322 218.04846645622501 OK 13 12 0.625614 0.58358900000000002 0.099070000000000005 0.52396399999999999 0.400308 0 0.10165000000000002 0.18328100000000003 0.099070000000000005 0.0097699999999999992 0.0097579999999999993 0.0089800000000000001 0.078959000000000015 0.160743 0.07809099999999998 0.0020720000000000001 0.0020169999999999997 0.0019250000000000001 0.00056599999999999999 0.00051399999999999992 0.00052599999999999999 218.04844565985164 218.04844565985164 218.04844565985164 0.13686487201395026 0.13686487201395026 0.13686487201395026 1 1 1 Converged Converged Converged OK OK OK 51 51 51 51 51 51 5 5 5 0 0 0 0 1 0 0 1
131 131 uniform 2 0 1317 0 0.0001 2.1302774807443154 0.0093557396079514618 0.00082197493927395793 0.017266494022819198 0.0043694342992514146 0.017102099034964405 0 0.0026434877987399075 407.80695135421354 OK 13 12 0.66018299999999996 0.66084100000000001 0.13339300000000001 0.52781500000000003 0.531833 0 0.13236799999999993 0.12900800000000001 0.13339300000000001 0.013802999999999999 0.010658000000000001 0.010475 0.093023000000000036 0.093428000000000011 0.093083999999999972 0.003163 0.0030969999999999999 0.0031489999999999999 0.0009990000000000001 0.00096999999999999994 0.0010480000000000001 407.80694281318745 407.80694281318745 407.80694281318745 0.030669868952320017 0.030669868952320017 0.030669868952320017 1 1 1 Converged Converged Converged OK OK OK 82 82 82 82 82 82 6 6 6 0 0 0 0 0 1 0 0
131 131 uniform 2 7 1317 1 0.0001 2.1302774807443154 0.0093557396079514618 0.00082197493927395793 0.017266494022819198 0.0043694342992514146 0.0172021655493108 0 0.0025434212843935128 361.24754112551636 OK 13 12 0.65467399999999998 0.73509199999999997 0.13919200000000001 0.51771900000000004 0.39116699999999999 0 0.13695499999999994 0.34392499999999998 0.13919200000000001 0.0098720000000000006 0.0097330000000000003 0.0092770000000000005 0.10377000000000004 0.31031000000000003 0.10696899999999993 0.0037919999999999998 0.0039220000000000001 0.0037769999999999995 0.00098400000000000007 0.00099500000000000001 0.00099700000000000006 361.24754628416184 361.24754628416184 361.24754628416184 0.030930050737088235 0.030930050737088235 0.030930050737088235 1 1 1 Converged Converged Converged OK OK OK 90 90 90 90 90 90 6 6 6 0 0 0 0 1 0 0 1
131 131 uniform 2 15 1317 2 0.0001 2.1302774807443154 0.0093557396079514618 0.00082197493927395793 0.017266494022819198 0.0043694342992514146 0.017316527279992396 0 0.0024290595537119174 299.39886738378971 OK 13 12 0.66068700000000002 0.731738 0.12256300000000001 0.53519600000000001 0.40447499999999997 0 0.12549100000000002 0.32726300000000003 0.12256300000000001 0.009672 0.0097879999999999998 0.0090559999999999998 0.095928000000000041 0.29786000000000007 0.094934000000000046 0.0036760000000000004 0.0035960000000000002 0.0034429999999999999 0.00094900000000000008 0.00092999999999999995 0.00091100000000000013 299.39865931835521 299.39865931835521 299.39865931835521 0.021547194573798174 0.021547194573798174 0.021547194573798174 1 1 1 Converged Converged Converged OK OK OK 83 83 83 83 83 83 5 5 5 0 0 0 0 1 0 0 1
131 131 uniform 2 23 1317 3 0.0001 2.1302774807443154 0.0093557396079514618 0.00082197493927395793 0.017266494022819198 0.0043694342992514146 0.017430889010673991 0 0.002314697823030322 218.04846645622501 OK 13 12 0.63790899999999995 0.65251599999999998 0.11466 0.51800400000000002 0.40462700000000001 0 0.11990499999999993 0.24788899999999997 0.11466 0.0095890000000000003 0.010968 0.0090109999999999999 0.094591999999999968 0.22082499999999999 0.090514000000000025 0.002836 0.0028470000000000001 0.002702 0.00066 0.00068099999999999996 0.000638 218.04842258937816 218.04842258937816 218.04842258937816 0.021012767720718247 0.021012767720718247 0.021012767720718247 1 1 1 Converged Converged Converged OK OK OK 67 67 67 67 67 67 5 5 5 0 0 0 0 1 0 0 1
131 131 uniform 3 0 1318 0 0.001 2.1302774807443154 0.0093557396079514618 0.00082197493927395793 0.017457111331807183 -0.0036653654237532481 0.017292716343952391 0 0.0024528704897519224 161.84144842727011 OK 13 12 0.59292299999999998 0.59343699999999999 0.076887999999999998 0.51443899999999998 0.51844599999999996 0 0.078483999999999998 0.07499100000000003 0.076887999999999998 0.010179000000000001 0.010222 0.011429 0.05503799999999999 0.051620000000000013 0.052356999999999994 0.0018309999999999999 0.0018240000000000001 0.001856 0.00047400000000000003 0.00046799999999999999 0.000437 161.84147034088892 161.84147034088892 161.84147034088892 0.14619216961811321 0.14619216961811321 0.14619216961811321 1 1 1 Converged Converged Converged OK OK OK 37 37 37 37 37 37 3 3 3 0 0 0 0 0 1 0 0
131 131 uniform 3 7 1318 1 0.001 2.1302774807443154 0.0093557396079514618 0.00082197493927395793 0.017457111331807183 -0.0036653654237532481 0.017392782858298785 0 0.0023528039754055277 159.71322621171626 OK 13 12 0.63381600000000005 0.56764499999999996 0.077687000000000006 0.55814200000000003 0.42916799999999999 0 0.075674000000000019 0.13847699999999996 0.077687000000000006 0.0094260000000000004 0.0094369999999999992 0.010364 0.054739000000000003 0.11749200000000001 0.055852999999999993 0.0017280000000000002 0.0017910000000000001 0.001799 0.00046500000000000003 0.00043199999999999998 0.00043100000000000001 159.71324316547972 159.71324316547972 159.71324316547972 0.13625058952048638 0.13625058952048638 0.13625058952048638 1 1 1 Converged Converged Converged OK OK OK 37 37 37 37 37 37 3 3 3 0 0 0 0 1 0 0 1
131 131 uniform 3 15 1318 2 0.001 2.1302774807443154 0.0093557396079514618 0.00082197493927395793 0.017457111331807183 -0.0036653654237532481 0.017507144588980381 0 0.0022384422447239323 157.64254007803208 OK 13 12 0.59295699999999996 0.536354 0.074947 0.51671 0.394125 0 0.076246999999999954 0.14222899999999999 0.074947 0.0090080000000000004 0.0091479999999999999 0.0085439999999999995 0.055502999999999997 0.12149300000000002 0.055313999999999995 0.0018080000000000001 0.0019290000000000002 0.0017600000000000003 0.00045700000000000005 0.00043799999999999997 0.00042899999999999997 157.64255465033264 157.64255465033264 157.64255465033264 0.12651497316475066 0.12651497316475066 0.12651497316475066 1 1 1 Converged Converged Converged OK OK OK 37 37 37 37 37 37 3 3 3 0 0 0 0 1 0 0 1
131 131 uniform 3 23 1318 3 0.001 2.1302774807443154 0.0093557396079514618 0.00082197493927395793 0.017457111331807183 -0.0036653654237532481 0.017621506319661976 0 0.0021240805140423369 155.86770655652154 OK 13 12 0.56349400000000005 0.50889700000000004 0.072188000000000002 0.48986800000000003 0.36296800000000001 0 0.073626000000000025 0.14592900000000003 0.072188000000000002 0.0089879999999999995 0.0091190000000000004 0.0085089999999999992 0.052901999999999998 0.125225 0.052747000000000009 0.001768 0.0018419999999999999 0.001702 0.00044499999999999997 0.000444 0.00042299999999999998 155.86771969128944 155.86771969128944 155.86771969128944 0.11810503576954892 0.11810503576954892 0.11810503576954892 1 1 1 Converged Converged Converged OK OK OK 37 37 37 37 37 37 3 3 3 0 0 0 0 1 0 0 1
131 131 uniform 3 0 1318 0 0.0001 2.1302774807443154 0.0093557396079514618 0.00082197493927395793 0.017457111331807183 -0.0036653654237532481 0.017292716343952391 0 0.0024528704897519224 161.84144842727011 OK 13 12 0.63795500000000005 0.64094499999999999 0.118851 0.51791900000000002 0.51813200000000004 0 0.12003600000000003 0.12281299999999995 0.118851 0.010116 0.010071 0.0097490000000000007 0.085546999999999984 0.088198999999999972 0.08514999999999999 0.0035980000000000001 0.0038310000000000002 0.0035479999999999999 0.00067299999999999999 0.00070899999999999999 0.00067299999999999999 161.84145364450404 161.84145364450404 161.84145364450404 3.5327621816646522e-05 3.5327621816646522e-05 3.5327621816646522e-05 1 1 1 Converged Converged Converged OK OK OK 69 69 69 69 69 69 3 3 3 0 0 0 0 0 1 0 0
131 131 uniform 3 7 1318 1 0.0001 2.1302774807443154 0.0093557396079514618 0.00082197493927395793 0.017457111331807183 -0.0036653654237532481 0.017392782858298785 0 0.0023528039754055277 159.71322621171626 OK 13 12 0.67361800000000005 0.684172 0.11627899999999999 0.55612300000000003 0.42984499999999998 0 0.11749500000000002 0.25432700000000003 0.11627899999999999 0.0093989999999999994 0.0093559999999999997 0.0089630000000000005 0.086753000000000011 0.22334400000000007 0.08644099999999999 0.003421 0.0034689999999999999 0.0033839999999999999 0.00066899999999999989 0.00067500000000000004 0.00065099999999999999 159.71322858598981 159.71322858598981 159.71322858598981 3.2042664938560101e-05 3.2042664938560101e-05 3.2042664938560101e-05 1 1 1 Converged Converged Converged OK OK OK 69 69 69 69 69 69 3 3 3 0 0 0 0 1 0 0 1
131 131 uniform 3 15 1318 2 0.0001 2.1302774807443154 0.0093557396079514618 0.00082197493927395793 0.017457111331807183 -0.0036653654237532481 0.017507144588980381 0 0.0022384422447239323 157.64254007803208 OK 13 12 0.634494 0.65064 0.116886 0.51454599999999995 0.39796599999999999 0 0.11994800000000005 0.25267400000000001 0.116886 0.0091470000000000006 0.0091870000000000007 0.0085909999999999997 0.088117999999999974 0.22146700000000002 0.087414999999999993 0.0040799999999999994 0.003712 0.0034789999999999999 0.00069399999999999996 0.00068400000000000004 0.00066799999999999997 157.64254206517856 157.64254206517856 157.64254206517856 2.9963164344591539e-05 2.9963164344591539e-05 2.9963164344591539e-05 1 1 1 Converged Converged Converged OK OK OK 69 69 69 69 69 69 3 3 3 0 0 0 0 1 0 0 1
131 131 uniform 3 23 1318 3 0.0001 2.1302774807443154 0.0093557396079514618 0.00082197493927395793 0.017457111331807183 -0.0036653654237532481 0.017621506319661976 0 0.0021240805140423369 155.86770655652154 OK 13 12 0.60810600000000004 0.628695 0.11369 0.49005399999999999 0.36684299999999997 0 0.11805200000000005 0.26185200000000003 0.11369 0.0090119999999999992 0.0092049999999999996 0.0085459999999999998 0.084916999999999965 0.23059499999999999 0.084507000000000013 0.0061279999999999998 0.0038069999999999996 0.0033630000000000001 0.00067599999999999995 0.00066799999999999997 0.00065700000000000003 155.86770874176176 155.86770874176176 155.86770874176176 2.803875860589365e-05 2.803875860589365e-05 2.803875860589365e-05 1 1 1 Converged Converged Converged OK OK OK 69 69 69 69 69 69 3 3 3 0 0 0 0 1 0 0 1
131 131 uniform 4 0 1319 0 0.001 2.1302774807443154 0.0093557396079514618 0.00082197493927395793 -1.593302507977453 -0.0015367774309908017 -1.5934669029653077 0 1.6132124897990121 5.7667856498494627 OK 13 12 0.55891000000000002 0.55723400000000001 0.090667999999999999 0.46822799999999998 0.46579399999999999 0 0.09068200000000004 0.091440000000000021 0.090667999999999999 0.0087690000000000008 0.0090089999999999996 0.0087919999999999995 0.065833000000000003 0.066567000000000015 0.066239000000000006 0.0022750000000000001 0.0022459999999999997 0.0021669999999999997 0.000571 0.00055700000000000009 0.000544 5.7667854856966922 5.7667854856966922 5.7667854856966922 0.001475692851087294 0.001475692851087294 0.001475692851087294 1 1 1 Converged Converged Converged OK OK OK 45 45 45 45 45 45 3 3 3 0 0 0 0 0 1 0 0
131 131 uniform 4 7 1319 1 0.001 2.1302774807443154 0.0093557396079514618 0.00082197493927395793 -1.593302507977453 -0.0015367774309908017 -1.5933668364509614 0 1.6131124232846659 5.8020083016204316 OK 13 12 0.59424600000000005 0.48927199999999998 0.088877999999999999 0.50032900000000002 0.374635 0 0.093917000000000028 0.11463699999999999 0.088877999999999999 0.0084960000000000001 0.0082159999999999993 0.007672 0.070821999999999996 0.092521000000000006 0.067729999999999999 0.0022820000000000002 0.0022490000000000001 0.0022139999999999998 0.00058200000000000005 0.00054699999999999996 0.00052599999999999999 5.8020081364042291 5.8020081364042291 5.8020081364042291 0.0014987151253194149 0.0014987151253194149 0.0014987151253194149 1 1 1 Converged Converged Converged OK OK OK 45 45 45 45 45 45 3 3 3 0 0 0 0 1 0 0 1
131 131 uniform 4 15 1319 2 0.001 2.1302774807443154 0.0093557396079514618 0.00082197493927395793 -1.593302507977453 -0.0015367774309908017 -1.5932524747202799 0 1.6129980615539843 5.8422852765954572 OK 13 12 0.62807800000000003 0.50423300000000004 0.088325000000000001 0.53774599999999995 0.39591900000000002 0 0.090332000000000079 0.10831400000000002 0.088325000000000001 0.0082579999999999997 0.0082760000000000004 0.007672 0.067838000000000023 0.086370000000000002 0.067215999999999998 0.0022420000000000001 0.0022039999999999998 0.002176 0.00057499999999999999 0.00055000000000000003 0.00052899999999999996 5.842285110224875 5.842285110224875 5.842285110224875 0.0015256727418799859 0.0015256727418799859 0.0015256727418799859 1 1 1 Converged Converged Converged OK OK OK 45 45 45 45 45 45 3 3 3 0 0 0 0 1 0 0 1
131 131 uniform 4 23 1319 3 0.001 2.1302774807443154 0.0093557396079514618 0.00082197493927395793 -1.593302507977453 -0.0015367774309908017 -1.5931381129895983 0 1.6128836998233027 5.8825587578877405 OK 13 12 0.61490800000000001 0.49924499999999999 0.086928000000000005 0.52097099999999996 0.38627099999999998 0 0.093937000000000048 0.11297400000000002 0.086928000000000005 0.0082380000000000005 0.011199000000000001 0.0075979999999999997 0.071325 0.087931999999999982 0.065958000000000017 0.0022759999999999998 0.0022759999999999998 0.0021219999999999998 0.00059100000000000005 0.00054900000000000001 0.000531 5.8825585933060154 5.8825585933060154 5.8825585933060154 0.0015533275899661876 0.0015533275899661876 0.0015533275899661876 1 1 1 Converged Converged Converged OK OK OK 45 45 45 45 45 45 3 3 3 0 0 0 0 1 0 0 1
131 131 uniform 4 0 1319 0 0.0001 2.1302774807443154 0.0093557396079514618 0.00082197493927395793 -1.593302507977453 -0.0015367774309908017 -1.5934669029653077 0 1.6132124897990121 5.7667856498494627 OK 13 12 0.58237799999999995 0.57612799999999997 0.112122 0.46905999999999998 0.46284199999999998 0 0.11331799999999997 0.113286 0.112122 0.0088229999999999992 0.0089800000000000001 0.0085339999999999999 0.082849000000000048 0.082936999999999997 0.082522000000000012 0.0030890000000000002 0.0030670000000000003 0.0030569999999999998 0.00069400000000000006 0.00068099999999999996 0.00068399999999999993 5.7667855033089683 5.7667855033089683 5.7667855033089683 0.00011371153510919892 0.00011371153510919892 0.00011371153510919892 1 1 1 Converged Converged Converged OK OK OK 61 61 61 61 61 61 3 3 3 0 0 0 0 0 1 0 0
131 131 uniform 4 7 1319 1 0.0001 2.1302774807443154 0.0093557396079514618 0.00082197493927395793 -1.593302507977453 -0.0015367774309908017 -1.5933668364509614 0 1.6131124232846659 5.8020083016204316 OK 13 12 0.61367300000000002 0.51481200000000005 0.110488 0.50186600000000003 0.37526900000000002 0 0.11180699999999999 0.13954300000000003 0.110488 0.0082620000000000002 0.0083000000000000001 0.007711 0.084619000000000041 0.11247799999999998 0.084429000000000018 0.0030820000000000001 0.0030860000000000002 0.0030219999999999995 0.00070500000000000011 0.00068100000000000007 0.00066199999999999994 5.8020081546827926 5.8020081546827926 5.8020081546827926 0.00011351929070891902 0.00011351929070891902 0.00011351929070891902 1 1 1 Converged Converged Converged OK OK OK 61 61 61 61 61 61 3 3 3 0 0 0 0 1 0 0 1
131 131 uniform 4 15 1319 2 0.0001 2.1302774807443154 0.0093557396079514618 0.00082197493927395793 -1.593302507977453 -0.0015367774309908017 -1.5932524747202799 0 1.6129980615539843 5.8422852765954572 OK 13 12 0.64475800000000005 0.529976 0.108643 0.53444800000000003 0.39582600000000001 0 0.11031000000000002 0.13414999999999999 0.108643 0.008234 0.0081759999999999992 0.0076600000000000001 0.083117999999999984 0.10732299999999999 0.082701000000000024 0.003042 0.003032 0.0029939999999999997 0.00069699999999999992 0.00067699999999999998 0.00066200000000000005 5.8422851292694062 5.8422851292694062 5.8422851292694062 0.00011330077658709596 0.00011330077658709596 0.00011330077658709596 1 1 1 Converged Converged Converged OK OK OK 61 61 61 61 61 61 3 3 3 0 0 0 0 1 0 0 1
131 131 uniform 4 23 1319 3 0.0001 2.1302774807443154 0.0093557396079514618 0.00082197493927395793 -1.593302507977453 -0.0015367774309908017 -1.5931381129895983 0 1.6128836998233027 5.8825587578877405 OK 13 12 0.63272300000000004 0.53104799999999996 0.107505 0.52383900000000005 0.39190199999999997 0 0.10888399999999998 0.13914599999999999 0.107505 0.0082500000000000004 0.0082249999999999997 0.0076620000000000004 0.081805000000000017 0.112201 0.081687999999999983 0.003058 0.0030819999999999997 0.0029749999999999998 0.00069499999999999998 0.00069200000000000002 0.00066200000000000005 5.8825586131192749 5.8825586131192749 5.8825586131192749 0.00011308357440340298 0.00011308357440340298 0.00011308357440340298 1 1 1 Converged Converged Converged OK OK OK 61 61 61 61 61 61 3 3 3 0 0 0 0 1 0 0 1
132 132 linear 0 0 1320 0 0.001 0.26630876664717978 0.001015541456026052 0.64283580114617378 3.5165879349265436 0.34584204082275594 3.388020774697309 0.5 -3.3877506014767813 1.0114936222018653 OK 14 13 0.53690800000000005 0.53261000000000003 0.212281 0.31880500000000001 0.31416699999999997 0 0.21810300000000005 0.21844300000000005 0.212281 0.010654 0.010444 0.010227999999999999 0.17908000000000002 0.18048699999999995 0.17531200000000002 0.0041539999999999997 0.0040700000000000007 0.0037530000000000003 0.000803 0.00074100000000000001 0.00074799999999999997 1.0114934702695846 1.0114934702695846 1.0114934702695846 2.2152475172292519e-05 2.2152475172292519e-05 2.2152475172292519e-05 1 1 1 Converged Converged Converged OK OK OK 87 87 87 87 87 87 9 9 9 0 0 0 0 0 1 0 0
132 132 linear 0 7 1320 1 0.001 0.26630876664717978 0.001015541456026052 0.64283580114617378 3.5165879349265436 0.34584204082275594 3.466279046141191 0.5 -3.4660088729206633 1.0106093619955741 OK 14 13 0.53678300000000001 0.371056 0.20719899999999999 0.31937900000000002 0.156637 0 0.21740399999999999 0.214419 0.20719899999999999 0.0095270000000000007 0.0091959999999999993 0.0085570000000000004 0.18457599999999996 0.18447399999999994 0.17833400000000008 0.0051269999999999996 0.0039949999999999994 0.0037660000000000003 0.00081400000000000005 0.00075899999999999991 0.00066799999999999997 1.0106092996924758 1.0106092996924758 1.0106092996924758 2.5423050335156447e-05 2.5423050335156447e-05 2.5423050335156447e-05 1 1 1 Converged Converged Converged OK OK OK 87 87 87 87 87 87 9 9 9 0 0 0 0 1 0 0 1
132 132 linear 0 15 1320 2 0.001 0.26630876664717978 0.001015541456026052 0.64283580114617378 3.5165879349265436 0.34584204082275594 3.5557170706484849 0.5 -3.5554468974279572 1.0096942584144939 OK 14 13 0.54977600000000004 0.38144299999999998 0.219745 0.31729600000000002 0.15340899999999999 0 0.23248000000000002 0.22803399999999999 0.219745 0.0094450000000000003 0.0094249999999999994 0.008456 0.19933700000000004 0.19685900000000001 0.19054299999999996 0.0046449999999999998 0.0041740000000000006 0.0036909999999999998 0.00082400000000000008 0.00081300000000000003 0.00077999999999999999 1.0096941669919464 1.0096941669919464 1.0096941669919464 5.0119234718854629e-05 5.0119234718854629e-05 5.0119234718854629e-05 1 1 1 Converged Converged Converged OK OK OK 87 87 87 87 87 87 9 9 9 0 0 0 0 1 0 0 1
132 132 linear 0 23 1320 3 0.001 0.26630876664717978 0.001015541456026052 0.64283580114617378 3.5165879349265436 0.34584204082275594 3.6451550951557783 0.5 -3.6448849219352506 1.0088681585785397 OK 14 13 0.54913800000000001 0.38555299999999998 0.226294 0.31545299999999998 0.14785300000000001 0 0.23368500000000003 0.23769999999999997 0.226294 0.0092149999999999992 0.0091330000000000005 0.0084100000000000008 0.20142800000000005 0.20693499999999998 0.197098 0.0045760000000000002 0.0039429999999999995 0.0037989999999999999 0.00078100000000000001 0.00075999999999999993 0.00070699999999999995 1.0088679973069909 1.0088679973069909 1.0088679973069909 6.1479218791373201e-05 6.1479218791373201e-05 6.1479218791373201e-05 1 1 1 Converged Converged Converged OK OK OK 87 87 87 87 87 87 9 9 9 0 0 0 0 1 0 0 1
132 132 linear 0 0 1320 0 0.0001 0.26630876664717978 0.001015541456026052 0.64283580114617378 3.5165879349265436 0.34584204082275594 3.388020774697309 0.5 -3.3877506014767813 1.0114936222018653 OK 14 13 0.54581500000000005 0.53823900000000002 0.218753 0.31977699999999998 0.317496 0 0.22603800000000007 0.22074300000000002 0.218753 0.010913000000000001 0.010739 0.010267999999999999 0.18590700000000007 0.182141 0.18061099999999988 0.0044099999999999999 0.0039559999999999994 0.0041279999999999997 0.000825 0.00084000000000000003 0.00073300000000000004 1.0114934702546567 1.0114934702546567 1.0114934702546567 2.2152084136098978e-05 2.2152084136098978e-05 2.2152084136098978e-05 1 1 1 Converged Converged Converged OK OK OK 87 87 87 87 87 87 9 9 9 0 0 0 0 0 1 0 0
132 132 linear 0 7 1320 1 0.0001 0.26630876664717978 0.001015541456026052 0.64283580114617378 3.5165879349265436 0.34584204082275594 3.466279046141191 0.5 -3.4660088729206633 1.0106093619955741 OK 14 13 0.541659 0.373336 0.21580299999999999 0.32200200000000001 0.14954700000000001 0 0.21965699999999999 0.22378899999999999 0.21580299999999999 0.0092750000000000003 0.0094940000000000007 0.012385 0.18765000000000007 0.19349000000000008 0.18299000000000007 0.0047219999999999996 0.0037749999999999997 0.0037849999999999997 0.00079700000000000007 0.00076300000000000001 0.00066 1.0106092996701066 1.0106092996701066 1.0106092996701066 2.5422690443655067e-05 2.5422690443655067e-05 2.5422690443655067e-05 1 1 1 Converged Converged Converged OK OK OK 87 87 87 87 87 87 9 9 9 0 0 0 0 1 0 0 1
132 132 linear 0 15 1320 2 0.0001 0.26630876664717978 0.001015541456026052 0.64283580114617378 3.5165879349265436 0.34584204082275594 3.5557170706484849 0.5 -3.5554468974279572 1.0096942584144939 OK 14 13 0.55088099999999995 0.38018099999999999 0.223609 0.31860899999999998 0.149535 0 0.23227199999999998 0.23064599999999999 0.223609 0.0092750000000000003 0.0093860000000000002 0.0083560000000000006 0.20010900000000009 0.19888799999999987 0.19449099999999997 0.004360000000000001 0.0043880000000000004 0.003673 0.00081700000000000002 0.00077299999999999992 0.00072199999999999988 1.00969416699827 1.00969416699827 1.00969416699827 5.0118437651910409e-05 5.0118437651910409e-05 5.0118437651910409e-05 1 1 1 Converged Converged Converged OK OK OK 87 87 87 87 87 87 9 9 9 0 0 0 0 1 0 0 1
132 132 linear 0 23 1320 3 0.0001 0.26630876664717978 0.001015541456026052 0.64283580114617378 3.5165879349265436 0.34584204082275594 3.6451550951557783 0.5 -3.6448849219352506 1.0088681585785397 OK 14 13 0.548952 0.38577 0.22835900000000001 0.31437500000000002 0.14902199999999999 0 0.23457699999999998 0.23674800000000001 0.22835900000000001 0.0092160000000000002 0.0091570000000000002 0.0084829999999999992 0.20271799999999995 0.20533299999999999 0.198933 0.0043549999999999995 0.0041510000000000002 0.0038540000000000007 0.00077099999999999998 0.00080800000000000002 0.00069399999999999996 1.0088679973549568 1.0088679973549568 1.0088679973549568 6.147840178656048e-05 6.147840178656048e-05 6.147840178656048e-05 1 1 1 Converged Converged Converged OK OK OK 87 87 87 87 87 87 9 9 9 0 0 0 0 1 0 0 1
132 132 linear 1 0 1321 0 0.001 0.26630876664717978 0.001015541456026052 0.64283580114617378 -0.29306737968803032 0.2405295158809122 -0.42163453991726507 0.5 0.42190471313779271 2.8214258621950052 OK 15 14 0.707542 0.697739 0.27006200000000002 0.42830299999999999 0.42359200000000002 0 0.27923900000000001 0.27414699999999997 0.27006200000000002 0.01085 0.010637000000000001 0.010137999999999999 0.23751700000000001 0.23490999999999995 0.23123699999999991 0.0046849999999999999 0.004084 0.0041310000000000001 0.0013270000000000001 0.001103 0.001034 2.8214764897524236 2.8214764897524236 2.8214764897524236 0.0021671990767597148 0.0021671990767597148 0.0021671990767597148 1 1 1 Converged Converged Converged OK OK OK 88 88 88 88 88 88 8 8 8 0 0 0 0 0 1 0 0
132 132 linear 1 7 1321 1 0.001 0.26630876664717978 0.001015541456026052 0.64283580114617378 -0.29306737968803032 0.2405295158809122 -0.34337626847338304 0.5 0.34364644169391068 2.9994923881155273 OK 15 14 0.60428300000000001 0.39061499999999999 0.22431999999999999 0.36554599999999998 0.16112299999999999 0 0.23873700000000003 0.229492 0.22431999999999999 0.0093290000000000005 0.0093170000000000006 0.0084399999999999996 0.20933900000000003 0.20085400000000009 0.19799099999999997 0.0036930000000000001 0.003673 0.0032160000000000001 0.00094200000000000002 0.001021 0.00084000000000000003 2.9995027434824424 2.9995027434824424 2.9995027434824424 0.0027848446857726777 0.0027848446857726777 0.0027848446857726777 1 1 1 Converged Converged Converged OK OK OK 80 80 80 80 80 80 8 8 8 0 0 0 0 1 0 0 1
132 132 linear 1 15 1321 2 0.001 0.26630876664717978 0.001015541456026052 0.64283580114617378 -0.29306737968803032 0.2405295158809122 -0.25393824396608933 0.5 0.25420841718661696 3.1516197574794145 OK 15 14 0.52329000000000003 0.34475600000000001 0.184559 0.33154 0.15598200000000001 0 0.19175000000000003 0.188774 0.184559 0.0093179999999999999 0.0091760000000000001 0.0083669999999999994 0.16478399999999993 0.16220799999999994 0.15997100000000003 0.0030490000000000005 0.0032010000000000007 0.002856 0.000794 0.00082100000000000001 0.00073300000000000004 3.151637450056938 3.151637450056938 3.151637450056938 0.0023160545566553591 0.0023160545566553591 0.0023160545566553591 1 1 1 Converged Converged Converged OK OK OK 72 72 72 72 72 72 8 8 8 0 0 0 0 1 0 0 1
132 132 linear 1 23 1321 3 0.001 0.26630876664717978 0.001015541456026052 0.64283580114617378 -0.29306737968803032 0.2405295158809122 -0.16450021945879556 0.5 0.1647703926793232 3.2551683316116717 OK 15 14 0.55341600000000002 0.37702599999999997 0.20385900000000001 0.34402500000000003 0.16899900000000001 0 0.20939099999999999 0.20802699999999996 0.20385900000000001 0.0092929999999999992 0.0092069999999999999 0.0085210000000000008 0.18111600000000008 0.18129399999999998 0.17866599999999996 0.0038500000000000006 0.0033370000000000001 0.0030600000000000002 0.00088099999999999995 0.00086900000000000009 0.00082300000000000006 3.2552070680155194 3.2552070680155194 3.2552070680155194 0.0013933703969824227 0.0013933703969824227 0.0013933703969824227 1 1 1 Converged Converged Converged OK OK OK 73 73 73 73 73 73 7 7 7 0 0 0 0 1 0 0 1
132 132 linear 1 0 1321 0 0.0001 0.26630876664717978 0.001015541456026052 0.64283580114617378 -0.29306737968803032 0.2405295158809122 -0.42163453991726507 0.5 0.42190471313779271 2.8214258621950052 OK 15 14 0.96300699999999995 0.95392900000000003 0.52281999999999995 0.43578499999999998 0.42605100000000001 0 0.52722199999999997 0.52787800000000007 0.52281999999999995 0.010486000000000001 0.011063 0.010444999999999999 0.46399999999999997 0.46263100000000024 0.45875299999999991 0.0096169999999999988 0.01039 0.010667000000000001 0.0018160000000000001 0.0020339999999999998 0.001946 2.8214300816400026 2.8214300816400026 2.8214300816400026 0.00019803758089858607 0.00019803758089858607 0.00019803758089858607 1 1 1 Converged Converged Converged OK OK OK 160 160 160 160 160 160 8 8 8 0 0 0 0 0 1 0 0
132 132 linear 1 7 1321 1 0.0001 0.26630876664717978 0.001015541456026052 0.64283580114617378 -0.29306737968803032 0.2405295158809122 -0.34337626847338304 0.5 0.34364644169391068 2.9994923881155273 OK 15 14 0.67046300000000003 0.46377200000000002 0.29771300000000001 0.37148999999999999 0.16170000000000001 0 0.29897300000000004 0.30207200000000001 0.29771300000000001 0.0089890000000000005 0.0094210000000000006 0.0086029999999999995 0.26515299999999997 0.26681199999999988 0.26419899999999996 0.0047400000000000003 0.0055689999999999993 0.0049900000000000005 0.0013479999999999998 0.0014420000000000001 0.0014159999999999999 2.999506864642647 2.999506864642647 2.999506864642647 9.8956032680363033e-05 9.8956032680363033e-05 9.8956032680363033e-05 1 1 1 Converged Converged Converged OK OK OK 104 104 104 104 104 104 8 8 8 0 0 0 0 1 0 0 1
132 132 linear 1 15 1321 2 0.0001 0.26630876664717978 0.001015541456026052 0.64283580114617378 -0.29306737968803032 0.2405295158809122 -0.25393824396608933 0.5 0.25420841718661696 3.1516197574794145 OK 15 14 0.64378199999999997 0.46543099999999998 0.30926599999999999 0.33313900000000002 0.159632 0 0.31064299999999995 0.30579899999999999 0.30926599999999999 0.0089899999999999997 0.0092499999999999995 0.0086079999999999993 0.27716699999999994 0.27152799999999994 0.27610500000000004 0.004579999999999999 0.005352 0.0052829999999999995 0.0012239999999999998 0.0013830000000000001 0.0012660000000000002 3.1516447568815318 3.1516447568815318 3.1516447568815318 0.0001383828921361514 0.0001383828921361514 0.0001383828921361514 1 1 1 Converged Converged Converged OK OK OK 104 104 104 104 104 104 8 8 8 0 0 0 0 1 0 0 1
132 132 linear 1 23 1321 3 0.0001 0.26630876664717978 0.001015541456026052 0.64283580114617378 -0.29306737968803032 0.2405295158809122 -0.16450021945879556 0.5 0.1647703926793232 3.2551683316116717 OK 15 14 0.66357100000000002 0.49358600000000002 0.30867800000000001 0.34431899999999999 0.17380000000000001 0 0.31925200000000004 0.31978600000000001 0.30867800000000001 0.0093760000000000007 0.0093849999999999992 0.0086820000000000005 0.28263800000000006 0.28395999999999982 0.27586399999999989 0.0067299999999999999 0.006548 0.0052170000000000003 0.001245 0.0012619999999999999 0.0010580000000000001 3.2551835166855403 3.2551835166855403 3.2551835166855403 0.00012845553817412359 0.00012845553817412359 0.00012845553817412359 1 1 1 Converged Converged Converged OK OK OK 105 105 105 105 105 105 7 7 7 0 0 0 0 1 0 0 1
132 132 linear 2 0 1322 0 0.001 0.26630876664717978 0.001015541456026052 0.64283580114617378 0.2842676137233941 0.49511383671593084 0.15570045349415934 0.5 -0.1554302802736317 2.7165091895302398 OK 14 13 0.61146299999999998 0.61002100000000004 0.241309 0.36734499999999998 0.37442199999999998 0 0.244118 0.23559900000000006 0.241309 0.010571000000000001 0.010635 0.011837 0.20892000000000002 0.20355600000000001 0.20773 0.0034659999999999995 0.0034299999999999995 0.0034799999999999996 0.00086800000000000006 0.00085099999999999998 0.00084800000000000001 2.7165071284503197 2.7165071284503197 2.7165071284503197 0.0025332758229543923 0.0025332758229543923 0.0025332758229543923 1 1 1 Converged Converged Converged OK OK OK 72 72 72 72 72 72 8 8 8 0 0 0 0 0 1 0 0
132 132 linear 2 7 1322 1 0.001 0.26630876664717978 0.001015541456026052 0.64283580114617378 0.2842676137233941 0.49511383671593084 0.23395872493804137 0.5 -0.23368855171751374 2.6178775509118171 OK 14 13 0.59685200000000005 0.36875999999999998 0.22917899999999999 0.36160500000000001 0.13966400000000001 0 0.23524700000000004 0.22909599999999997 0.22917899999999999 0.0093589999999999993 0.0094359999999999999 0.010076 0.20957600000000001 0.20378599999999999 0.203685 0.0031199999999999999 0.0032170000000000002 0.0032559999999999998 0.0007890000000000001 0.00079699999999999997 0.00074899999999999999 2.6178815050370621 2.6178815050370621 2.6178815050370621 0.0015840120410957536 0.0015840120410957536 0.0015840120410957536 1 1 1 Converged Converged Converged OK OK OK 72 72 72 72 72 72 8 8 8 0 0 0 0 1 0 0 1
132 132 linear 2 15 1322 2 0.001 0.26630876664717978 0.001015541456026052 0.64283580114617378 0.2842676137233941 0.49511383671593084 0.32339674944533514 0.5 -0.3231265762248075 2.4456248482842771 OK 14 13 0.65760300000000005 0.43004199999999998 0.26398700000000003 0.38406600000000002 0.15940699999999999 0 0.27353700000000003 0.27063499999999996 0.26398700000000003 0.0095259999999999997 0.0096629999999999997 0.0088940000000000009 0.24371600000000004 0.23915799999999993 0.23509799999999997 0.0040619999999999996 0.0050479999999999995 0.0042710000000000005 0.00097300000000000002 0.0010299999999999999 0.0010330000000000001 2.445632465053087 2.445632465053087 2.445632465053087 0.0010777276019948176 0.0010777276019948176 0.0010777276019948176 1 1 1 Converged Converged Converged OK OK OK 88 88 88 88 88 88 8 8 8 0 0 0 0 1 0 0 1
132 132 linear 2 23 1322 3 0.001 0.26630876664717978 0.001015541456026052 0.64283580114617378 0.2842676137233941 0.49511383671593084 0.41283477395262885 0.5 -0.41256460073210122 2.1581062798756387 OK 16 15 0.76345300000000005 0.52892600000000001 0.31323899999999999 0.43369099999999999 0.20748900000000001 0 0.32976200000000006 0.32143699999999997 0.31323899999999999 0.016955999999999999 0.016461 0.015512 0.27097099999999996 0.26358800000000004 0.25873000000000007 0.0078450000000000013 0.0071100000000000009 0.0063560000000000014 0.0017569999999999999 0.0017589999999999999 0.0015139999999999999 2.1580911969142558 2.1580911969142558 2.1580911969142558 0.0015943458448482409 0.0015943458448482409 0.0015943458448482409 1 1 1 Converged Converged Converged OK OK OK 118 118 118 118 118 118 10 10 10 0 0 0 0 1 0 0 1
132 132 linear 2 0 1322 0 0.0001 0.26630876664717978 0.001015541456026052 0.64283580114617378 0.2842676137233941 0.49511383671593084 0.15570045349415934 0.5 -0.1554302802736317 2.7165091895302398 OK 14 13 0.73170999999999997 0.72250300000000001 0.34723799999999999 0.377218 0.37128100000000003 0 0.35449199999999997 0.35122199999999998 0.34723799999999999 0.010527999999999999 0.010633999999999999 0.010399 0.31194299999999997 0.30710799999999999 0.30456199999999994 0.0046880000000000003 0.0056419999999999994 0.0051970000000000002 0.0012589999999999999 0.0015449999999999999 0.0013400000000000003 2.7165066309617383 2.7165066309617383 2.7165066309617383 0.00014675144635903484 0.00014675144635903484 0.00014675144635903484 1 1 1 Converged Converged Converged OK OK OK 104 104 104 104 104 104 8 8 8 0 0 0 0 0 1 0 0
132 132 linear 2 7 1322 1 0.0001 0.26630876664717978 0.001015541456026052 0.64283580114617378 0.2842676137233941 0.49511383671593084 0.23395872493804137 0.5 -0.23368855171751374 2.6178775509118171 OK 14 13 0.71013000000000004 0.46923599999999999 0.32722200000000001 0.37062499999999998 0.14015900000000001 0 0.33950500000000006 0.32907699999999995 0.32722200000000001 0.0095729999999999999 0.0093589999999999993 0.0086800000000000002 0.30590200000000001 0.29576499999999994 0.2959750000000001 0.0052920000000000007 0.0053529999999999993 0.004993 0.0012179999999999999 0.0012770000000000001 0.001206 2.6178879666603554 2.6178879666603554 2.6178879666603554 0.00024330173410722224 0.00024330173410722224 0.00024330173410722224 1 1 1 Converged Converged Converged OK OK OK 104 104 104 104 104 104 8 8 8 0 0 0 0 1 0 0 1
132 132 linear 2 15 1322 2 0.0001 0.26630876664717978 0.001015541456026052 0.64283580114617378 0.2842676137233941 0.49511383671593084 0.32339674944533514 0.5 -0.3231265762248075 2.4456248482842771 OK 14 13 0.71171600000000002 0.46921200000000002 0.31406400000000001 0.38556800000000002 0.15173400000000001 0 0.32614799999999999 0.31747800000000004 0.31406400000000001 0.0094909999999999994 0.0095119999999999996 0.0088599999999999998 0.28921100000000005 0.28172299999999995 0.27973700000000001 0.0060439999999999999 0.0055160000000000009 0.0053670000000000002 0.0012809999999999998 0.0013379999999999998 0.0012030000000000001 2.4456268802864192 2.4456268802864192 2.4456268802864192 0.00018852870317530976 0.00018852870317530976 0.00018852870317530976 1 1 1 Converged Converged Converged OK OK OK 112 112 112 112 112 112 8 8 8 0 0 0 0 1 0 0 1
132 132 linear 2 23 1322 3 0.0001 0.26630876664717978 0.001015541456026052 0.64283580114617378 0.2842676137233941 0.49511383671593084 0.41283477395262885 0.5 -0.41256460073210122 2.1581062798756387 OK 16 15 0.81860900000000003 0.58374499999999996 0.36588999999999999 0.43387900000000001 0.205512 0 0.38473000000000002 0.37823299999999993 0.36588999999999999 0.016622999999999999 0.016787 0.015753 0.31564000000000003 0.31243299999999991 0.30341599999999996 0.0090010000000000021 0.0094900000000000002 0.0081429999999999992 0.002098 0.0019920000000000003 0.00191 2.1580909118525824 2.1580909118525824 2.1580909118525824 0.00016982135216682054 0.00016982135216682054 0.00016982135216682054 1 1 1 Converged Converged Converged OK OK OK 142 142 142 142 142 142 10 10 10 0 0 0 0 1 0 0 1
132 132 linear 3 0 1323 0 0.001 0.26630876664717978 0.001015541456026052 0.64283580114617378 2.6616179163624016 -0.16914837585313069 2.533050756133167 0.5 -2.5327805829126393 1.0311410620204233 OK 14 13 0.46760000000000002 0.46199699999999999 0.12536 0.33827600000000002 0.33629700000000001 0 0.12932399999999999 0.12569999999999998 0.12536 0.0099010000000000001 0.0097920000000000004 0.0095440000000000004 0.098528999999999978 0.095359999999999986 0.09502799999999996 0.0028630000000000001 0.0028029999999999999 0.0031110000000000001 0.00061300000000000005 0.00068099999999999996 0.00061600000000000001 1.0311430043862322 1.0311430043862322 1.0311430043862322 0.00019241849602145067 0.00019241849602145067 0.00019241849602145067 1 1 1 Converged Converged Converged OK OK OK 66 66 66 66 66 66 6 6 6 0 0 0 0 0 1 0 0
132 132 linear 3 7 1323 1 0.001 0.26630876664717978 0.001015541456026052 0.64283580114617378 2.6616179163624016 -0.16914837585313069 2.611309027577049 0.5 -2.6110388543565213 1.0281635643094547 OK 14 13 0.59897699999999998 0.42082700000000001 0.116539 0.47895799999999999 0.294983 0 0.12001899999999999 0.12584400000000001 0.116539 0.0086680000000000004 0.0085990000000000007 0.0082249999999999997 0.094238999999999989 0.10003699999999999 0.09113499999999998 0.002934 0.0028549999999999999 0.0030479999999999999 0.00060800000000000003 0.00062199999999999994 0.00065899999999999997 1.0281645551529599 1.0281645551529599 1.0281645551529599 0.00014812167482677047 0.00014812167482677047 0.00014812167482677047 1 1 1 Converged Converged Converged OK OK OK 66 66 66 66 66 66 6 6 6 0 0 0 0 1 0 0 1
132 132 linear 3 15 1323 2 0.001 0.26630876664717978 0.001015541456026052 0.64283580114617378 2.6616179163624016 -0.16914837585313069 2.7007470520843428 0.5 -2.7004768788638152 1.0251665974013557 OK 14 13 0.438363 0.25895499999999999 0.114229 0.31928299999999998 0.13951 0 0.11908000000000002 0.119445 0.114229 0.0086470000000000002 0.0086160000000000004 0.0081119999999999994 0.092916000000000026 0.094033999999999993 0.089570000000000025 0.0029769999999999996 0.0028040000000000001 0.0028799999999999997 0.00064700000000000001 0.00062799999999999998 0.00062300000000000007 1.0251670593067448 1.0251670593067448 1.0251670593067448 0.00011262548181438223 0.00011262548181438223 0.00011262548181438223 1 1 1 Converged Converged Converged OK OK OK 66 66 66 66 66 66 6 6 6 0 0 0 0 1 0 0 1
132 132 linear 3 23 1323 3 0.001 0.26630876664717978 0.001015541456026052 0.64283580114617378 2.6616179163624016 -0.16914837585313069 2.7901850765916363 0.5 -2.7899149033711086 1.0225512629631575 OK 15 14 0.45789299999999999 0.28469800000000001 0.13148099999999999 0.32017800000000002 0.145398 0 0.13771499999999998 0.13930000000000001 0.13148099999999999 0.0095560000000000003 0.0094219999999999998 0.0085939999999999992 0.10907900000000002 0.110384 0.10479899999999998 0.0030460000000000001 0.0035049999999999999 0.003055 0.00066900000000000011 0.00070799999999999997 0.00063199999999999997 1.0225513964599053 1.0225513964599053 1.0225513964599053 8.3631860192551262e-05 8.3631860192551262e-05 8.3631860192551262e-05 1 1 1 Converged Converged Converged OK OK OK 73 73 73 73 73 73 7 7 7 0 0 0 0 1 0 0 1
132 132 linear 3 0 1323 0 0.0001 0.26630876664717978 0.001015541456026052 0.64283580114617378 2.6616179163624016 -0.16914837585313069 2.533050756133167 0.5 -2.5327805829126393 1.0311410620204233 OK 14 13 0.480852 0.48126600000000003 0.13943700000000001 0.33761099999999999 0.33984300000000001 0 0.14324100000000001 0.14142300000000002 0.13943700000000001 0.0096259999999999991 0.009861 0.0097199999999999995 0.10990600000000003 0.10724100000000006 0.10603200000000002 0.0033109999999999997 0.0037010000000000003 0.0033950000000000004 0.00090499999999999999 0.00085900000000000006 0.00086400000000000008 1.0311405103627551 1.0311405103627551 1.0311405103627551 5.8191076981053358e-06 5.8191076981053358e-06 5.8191076981053358e-06 1 1 1 Converged Converged Converged OK OK OK 74 74 74 74 74 74 6 6 6 0 0 0 0 0 1 0 0
132 132 linear 3 7 1323 1 0.0001 0.26630876664717978 0.001015541456026052 0.64283580114617378 2.6616179163624016 -0.16914837585313069 2.611309027577049 0.5 -2.6110388543565213 1.0281635643094547 OK 14 13 0.60678799999999999 0.43478099999999997 0.12711 0.47489799999999999 0.29473700000000003 0 0.13189000000000001 0.14004399999999995 0.12711 0.0086499999999999997 0.0086070000000000001 0.0080879999999999997 0.10437599999999995 0.11144500000000003 0.10036100000000002 0.0032090000000000005 0.0037910000000000001 0.0032599999999999999 0.00073299999999999993 0.00081700000000000013 0.00085800000000000004 1.0281630092405891 1.0281630092405891 1.0281630092405891 4.74344498691169e-06 4.74344498691169e-06 4.74344498691169e-06 1 1 1 Converged Converged Converged OK OK OK 74 74 74 74 74 74 6 6 6 0 0 0 0 1 0 0 1
132 132 linear 3 15 1323 2 0.0001 0.26630876664717978 0.001015541456026052 0.64283580114617378 2.6616179163624016 -0.16914837585313069 2.7007470520843428 0.5 -2.7004768788638152 1.0251665974013557 OK 14 13 0.45023999999999997 0.27394200000000002 0.129302 0.31945800000000002 0.14174500000000001 0 0.13078199999999995 0.13219700000000001 0.129302 0.0085769999999999996 0.0086650000000000008 0.0079310000000000005 0.10328900000000002 0.10408400000000001 0.10283700000000003 0.0032069999999999998 0.0036700000000000001 0.003359 0.00077399999999999995 0.00078600000000000002 0.00077699999999999991 1.0251660748427094 1.0251660748427094 1.0251660748427094 5.1672056314293085e-06 5.1672056314293085e-06 5.1672056314293085e-06 1 1 1 Converged Converged Converged OK OK OK 74 74 74 74 74 74 6 6 6 0 0 0 0 1 0 0 1
132 132 linear 3 23 1323 3 0.0001 0.26630876664717978 0.001015541456026052 0.64283580114617378 2.6616179163624016 -0.16914837585313069 2.7901850765916363 0.5 -2.7899149033711086 1.0225512629631575 OK 15 14 0.45574300000000001 0.28548299999999999 0.13022500000000001 0.32021899999999998 0.147648 0 0.13552400000000003 0.13783499999999999 0.13022500000000001 0.0092020000000000001 0.0095549999999999993 0.0084410000000000006 0.10852199999999999 0.11015699999999999 0.10482000000000005 0.002967 0.0032309999999999999 0.0028799999999999997 0.00070599999999999992 0.00074200000000000004 0.000678 1.0225513964599053 1.0225513964599053 1.0225513964599053 8.3631860192551262e-05 8.3631860192551262e-05 8.3631860192551262e-05 1 1 1 Converged Converged Converged OK OK OK 73 73 73 73 73 73 7 7 7 0 0 0 0 1 0 0 1
132 132 linear 4 0 1324 0 0.001 0.26630876664717978 0.001015541456026052 0.64283580114617378 -0.97759713007321969 0.66301689359977245 -1.1061642903024544 0.5 1.1064344635229821 1.2208526619555822 OK 13 12 0.89424199999999998 0.88236700000000001 0.113814 0.77225100000000002 0.76733600000000002 0 0.12199099999999996 0.11503099999999999 0.113814 0.0099389999999999999 0.0096150000000000003 0.0090050000000000009 0.088669000000000026 0.084682999999999981 0.084377000000000021 0.0048769999999999994 0.0036160000000000003 0.0036769999999999997 0.00086299999999999994 0.00079299999999999998 0.00075000000000000002 1.2208519211210742 1.2208519211210742 1.2208519211210742 5.9422347763361288e-05 5.9422347763361288e-05 5.9422347763361288e-05 1 1 1 Converged Converged Converged OK OK OK 60 60 60 60 60 60 4 4 4 0 0 0 0 0 1 0 0
132 132 linear 4 7 1324 1 0.001 0.26630876664717978 0.001015541456026052 0.64283580114617378 -0.97759713007321969 0.66301689359977245 -1.0279060188585725 0.5 1.0281761920791002 1.2517615389525458 OK 13 12 0.69967599999999996 0.26961200000000002 0.11686199999999999 0.576183 0.14909900000000001 0 0.12349299999999996 0.12051300000000001 0.11686199999999999 0.0091769999999999994 0.0092309999999999996 0.0082590000000000007 0.096902000000000002 0.094467999999999996 0.092844999999999997 0.0036509999999999997 0.0035869999999999999 0.003228 0.00090400000000000007 0.00091799999999999998 0.00075000000000000002 1.2517706909359361 1.2517706909359361 1.2517706909359361 0.00043965679136927791 0.00043965679136927791 0.00043965679136927791 1 1 1 Converged Converged Converged OK OK OK 67 67 67 67 67 67 5 5 5 0 0 0 0 1 0 0 1
132 132 linear 4 15 1324 2 0.001 0.26630876664717978 0.001015541456026052 0.64283580114617378 -0.97759713007321969 0.66301689359977245 -0.9384679943512787 0.5 0.93873816757180628 1.2929150702102303 OK 13 12 0.66571999999999998 0.238119 0.081505999999999995 0.57849499999999998 0.15334999999999999 0 0.087224999999999997 0.084769000000000011 0.081505999999999995 0.0087790000000000003 0.0085550000000000001 0.0079019999999999993 0.06613999999999999 0.064199999999999993 0.062800999999999982 0.0023680000000000003 0.0023580000000000003 0.0019889999999999999 0.00068000000000000005 0.00069399999999999996 0.00059400000000000002 1.2929172645443809 1.2929172645443809 1.2929172645443809 0.00064467695799680683 0.00064467695799680683 0.00064467695799680683 1 1 1 Converged Converged Converged OK OK OK 51 51 51 51 51 51 5 5 5 0 0 0 0 1 0 0 1
132 132 linear 4 23 1324 3 0.001 0.26630876664717978 0.001015541456026052 0.64283580114617378 -0.97759713007321969 0.66301689359977245 -0.84902996984398493 0.5 0.84930014306451251 1.3412665280136049 OK 13 12 0.73389199999999999 0.26108399999999998 0.113874 0.61401799999999995 0.15049999999999999 0 0.11987400000000004 0.11058399999999999 0.113874 0.0088459999999999997 0.0090489999999999998 0.0080510000000000009 0.097182000000000018 0.08763799999999998 0.085872000000000004 0.0023929999999999997 0.0026150000000000001 0.0022209999999999999 0.00079500000000000003 0.00073200000000000001 0.00060000000000000006 1.3412656182259732 1.3412656182259732 1.3412656182259732 0.00086586801519480765 0.00086586801519480765 0.00086586801519480765 1 1 1 Converged Converged Converged OK OK OK 58 58 58 58 58 58 6 6 6 0 0 0 0 1 0 0 1
132 132 linear 4 0 1324 0 0.0001 0.26630876664717978 0.001015541456026052 0.64283580114617378 -0.97759713007321969 0.66301689359977245 -1.1061642903024544 0.5 1.1064344635229821 1.2208526619555822 OK 13 12 0.89428399999999997 0.88877099999999998 0.113805 0.775223 0.77038499999999999 0 0.11906099999999997 0.11838599999999999 0.113805 0.0099059999999999999 0.0098320000000000005 0.0091540000000000007 0.087482000000000004 0.085646 0.084496999999999975 0.0037579999999999996 0.0047039999999999998 0.0035019999999999999 0.00079699999999999997 0.00076599999999999997 0.00076300000000000001 1.2208519211210742 1.2208519211210742 1.2208519211210742 5.9422347763361288e-05 5.9422347763361288e-05 5.9422347763361288e-05 1 1 1 Converged Converged Converged OK OK OK 60 60 60 60 60 60 4 4 4 0 0 0 0 0 1 0 0
132 132 linear 4 7 1324 1 0.0001 0.26630876664717978 0.001015541456026052 0.64283580114617378 -0.97759713007321969 0.66301689359977245 -1.0279060188585725 0.5 1.0281761920791002 1.2517615389525458 OK 13 12 0.75537399999999999 0.32366 0.16920199999999999 0.57855400000000001 0.14795700000000001 0 0.17681999999999998 0.175703 0.16920199999999999 0.0091450000000000004 0.0093519999999999992 0.0082970000000000006 0.14185700000000001 0.13946800000000006 0.13646500000000003 0.0067240000000000008 0.0076620000000000004 0.0063630000000000006 0.00106 0.001013 0.00091099999999999992 1.2517609252781929 1.2517609252781929 1.2517609252781929 8.4280055818478013e-05 8.4280055818478013e-05 8.4280055818478013e-05 1 1 1 Converged Converged Converged OK OK OK 99 99 99 99 99 99 5 5 5 0 0 0 0 1 0 0 1
132 132 linear 4 15 1324 2 0.0001 0.26630876664717978 0.001015541456026052 0.64283580114617378 -0.97759713007321969 0.66301689359977245 -0.9384679943512787 0.5 0.93873816757180628 1.2929150702102303 OK 13 12 0.69729399999999997 0.26804499999999998 0.108737 0.57678799999999997 0.15634500000000001 0 0.120506 0.11169999999999997 0.108737 0.0087790000000000003 0.0087299999999999999 0.0079080000000000001 0.09467200000000002 0.087860000000000035 0.086398000000000003 0.0039389999999999998 0.0033049999999999998 0.0029729999999999999 0.00086400000000000008 0.00080699999999999999 0.00075200000000000006 1.2929142871841741 1.2929142871841741 1.2929142871841741 0.00012065670173406663 0.00012065670173406663 0.00012065670173406663 1 1 1 Converged Converged Converged OK OK OK 67 67 67 67 67 67 5 5 5 0 0 0 0 1 0 0 1
132 132 linear 4 23 1324 3 0.0001 0.26630876664717978 0.001015541456026052 0.64283580114617378 -0.97759713007321969 0.66301689359977245 -0.84902996984398493 0.5 0.84930014306451251 1.3412665280136049 OK 13 12 0.76838899999999999 0.30040499999999998 0.147701 0.61546100000000004 0.14902799999999999 0 0.15292799999999995 0.15137699999999998 0.147701 0.009018 0.0089820000000000004 0.0081440000000000002 0.12348599999999996 0.12175399999999996 0.12073500000000002 0.0040309999999999999 0.0041830000000000001 0.0034720000000000003 0.001235 0.0012280000000000001 0.0010119999999999999 1.3412659615056555 1.3412659615056555 1.3412659615056555 7.3246989155637861e-05 7.3246989155637861e-05 7.3246989155637861e-05 1 1 1 Converged Converged Converged OK OK OK 82 82 82 82 82 82 6 6 6 0 0 0 0 1 0 0 1
132 132 uniform 0 0 1325 0 0.001 0.26630876664717978 0.001015541456026052 0.64283580114617378 3.5165879349265436 0.34584204082275594 3.388020774697309 0 -3.3877506014767813 1.0115320758281163 OK 14 13 0.41352 0.41375299999999998 0.095280000000000004 0.31735600000000003 0.311168 0 0.096163999999999972 0.10258499999999998 0.095280000000000004 0.010204 0.010198 0.0099880000000000004 0.065636000000000028 0.071999999999999995 0.065058000000000019 0.0023470000000000001 0.0024669999999999996 0.0024309999999999996 0.000611 0.00055800000000000001 0.00060000000000000006 1.011532057759575 1.011532057759575 1.011532057759575 0.00036911956457239551 0.00036911956457239551 0.00036911956457239551 1 1 1 Converged Converged Converged OK OK OK 71 71 71 71 71 71 9 9 9 0 0 0 0 0 1 0 0
132 132 uniform 0 7 1325 1 0.001 0.26630876664717978 0.001015541456026052 0.64283580114617378 3.5165879349265436 0.34584204082275594 3.466279046141191 0 -3.4660088729206633 1.0106429356727085 OK 14 13 0.41070800000000002 0.24534400000000001 0.091934000000000002 0.317772 0.14532600000000001 0 0.092936000000000019 0.100018 0.091934000000000002 0.0090320000000000001 0.0089739999999999993 0.0086140000000000001 0.069166000000000005 0.076310000000000017 0.068787999999999974 0.0022399999999999998 0.0023319999999999999 0.0023500000000000001 0.00054000000000000001 0.00054299999999999997 0.00052599999999999999 1.0106429242298862 1.0106429242298862 1.0106429242298862 0.00037178309919229748 0.00037178309919229748 0.00037178309919229748 1 1 1 Converged Converged Converged OK OK OK 71 71 71 71 71 71 9 9 9 0 0 0 0 1 0 0 1
132 132 uniform 0 15 1325 2 0.001 0.26630876664717978 0.001015541456026052 0.64283580114617378 3.5165879349265436 0.34584204082275594 3.5557170706484849 0 -3.5554468974279572 1.0097238765493104 OK 14 13 0.41746899999999998 0.25003399999999998 0.10047300000000001 0.31209799999999999 0.144818 0 0.10537099999999999 0.10521599999999998 0.10047300000000001 0.0093500000000000007 0.009136 0.0083999999999999995 0.079507000000000022 0.08030699999999999 0.077100999999999975 0.0026719999999999999 0.0024270000000000003 0.0023380000000000002 0.00060399999999999994 0.00057799999999999995 0.00050000000000000001 1.0097238918648967 1.0097238918648967 1.0097238918648967 0.00039077599248165995 0.00039077599248165995 0.00039077599248165995 1 1 1 Converged Converged Converged OK OK OK 71 71 71 71 71 71 9 9 9 0 0 0 0 1 0 0 1
132 132 uniform 0 23 1325 3 0.001 0.26630876664717978 0.001015541456026052 0.64283580114617378 3.5165879349265436 0.34584204082275594 3.6451550951557783 0 -3.6448849219352506 1.0088952457434199 OK 14 13 0.423348 0.25789800000000002 0.1089 0.31092399999999998 0.143646 0 0.11242400000000002 0.11425200000000002 0.1089 0.008966 0.0092200000000000008 0.0082710000000000006 0.087284 0.08937299999999998 0.085830000000000017 0.0025650000000000004 0.0024950000000000003 0.0023210000000000001 0.00057899999999999998 0.00058600000000000004 0.00052599999999999999 1.0088952619509457 1.0088952619509457 1.0088952619509457 0.0003966885696929171 0.0003966885696929171 0.0003966885696929171 1 1 1 Converged Converged Converged OK OK OK 71 71 71 71 71 71 9 9 9 0 0 0 0 1 0 0 1
132 132 uniform 0 0 1325 0 0.0001 0.26630876664717978 0.001015541456026052 0.64283580114617378 3.5165879349265436 0.34584204082275594 3.388020774697309 0 -3.3877506014767813 1.0115320758281163 OK 14 13 0.42827700000000002 0.42274200000000001 0.112529 0.31560899999999997 0.31009500000000001 0 0.11266800000000005 0.112647 0.112529 0.010123999999999999 0.010145 0.0098650000000000005 0.076117000000000018 0.076285999999999993 0.076070000000000026 0.003137 0.0033319999999999999 0.003411 0.00074100000000000001 0.00074799999999999997 0.00073200000000000001 1.0115320582600169 1.0115320582600169 1.0115320582600169 1.5256840546516093e-05 1.5256840546516093e-05 1.5256840546516093e-05 1 1 1 Converged Converged Converged OK OK OK 87 87 87 87 87 87 9 9 9 0 0 0 0 0 1 0 0
132 132 uniform 0 7 1325 1 0.0001 0.26630876664717978 0.001015541456026052 0.64283580114617378 3.5165879349265436 0.34584204082275594 3.466279046141191 0 -3.4660088729206633 1.0106429356727085 OK 14 13 0.425904 0.26457399999999998 0.10669099999999999 0.31523499999999999 0.14997199999999999 0 0.11066900000000002 0.11460199999999998 0.10669099999999999 0.0089820000000000004 0.0092560000000000003 0.0084980000000000003 0.080034999999999926 0.084754999999999983 0.078765999999999975 0.0039269999999999999 0.0038570000000000002 0.0031360000000000003 0.00070100000000000002 0.00075000000000000002 0.0007310000000000001 1.0106429246910211 1.0106429246910211 1.0106429246910211 1.6348725178474555e-05 1.6348725178474555e-05 1.6348725178474555e-05 1 1 1 Converged Converged Converged OK OK OK 87 87 87 87 87 87 9 9 9 0 0 0 0 1 0 0 1
132 132 uniform 0 15 1325 2 0.0001 0.26630876664717978 0.001015541456026052 0.64283580114617378 3.5165879349265436 0.34584204082275594 3.5557170706484849 0 -3.5554468974279572 1.0097238765493104 OK 14 13 0.43329800000000002 0.27171699999999999 0.116018 0.31531900000000002 0.14266899999999999 0 0.117979 0.129048 0.116018 0.00894 0.0092099999999999994 0.0082839999999999997 0.088286000000000003 0.098142000000000007 0.087643999999999972 0.0032089999999999996 0.003986 0.0032379999999999996 0.00071099999999999994 0.000767 0.00077099999999999998 1.0097238922851248 1.0097238922851248 1.0097238922851248 3.3795613937513733e-05 3.3795613937513733e-05 3.3795613937513733e-05 1 1 1 Converged Converged Converged OK OK OK 87 87 87 87 87 87 9 9 9 0 0 0 0 1 0 0 1
132 132 uniform 0 23 1325 3 0.0001 0.26630876664717978 0.001015541456026052 0.64283580114617378 3.5165879349265436 0.34584204082275594 3.6451550951557783 0 -3.6448849219352506 1.0088952457434199 OK 14 13 0.43971199999999999 0.27559 0.124059 0.31164999999999998 0.14382200000000001 0 0.12806200000000001 0.131768 0.124059 0.0091400000000000006 0.0090880000000000006 0.0081410000000000007 0.09747500000000002 0.10205900000000001 0.096283000000000035 0.0036129999999999999 0.0034309999999999996 0.0030839999999999999 0.00075100000000000004 0.00075400000000000011 0.00067299999999999999 1.0088952623344392 1.0088952623344392 1.0088952623344392 3.8394325615718652e-05 3.8394325615718652e-05 3.8394325615718652e-05 1 1 1 Converged Converged Converged OK OK OK 87 87 87 87 87 87 9 9 9 0 0 0 0 1 0 0 1
132 132 uniform 1 0 1326 0 0.001 0.26630876664717978 0.001015541456026052 0.64283580114617378 -0.29306737968803032 0.2405295158809122 -0.42163453991726507 0 0.42190471313779271 2.8178707832795924 OK 15 14 0.60756600000000005 0.60800699999999996 0.179146 0.42849799999999999 0.42590699999999998 0 0.17906800000000006 0.18209999999999998 0.179146 0.010344000000000001 0.010606000000000001 0.010227 0.13638700000000001 0.13806400000000002 0.13656400000000002 0.0044169999999999999 0.0049810000000000002 0.0046829999999999997 0.001168 0.0012339999999999999 0.001286 2.81781661970482 2.81781661970482 2.81781661970482 0.0018050400610622305 0.0018050400610622305 0.0018050400610622305 1 1 1 Converged Converged Converged OK OK OK 104 104 104 104 104 104 8 8 8 0 0 0 0 0 1 0 0
132 132 uniform 1 7 1326 1 0.001 0.26630876664717978 0.001015541456026052 0.64283580114617378 -0.29306737968803032 0.2405295158809122 -0.34337626847338304 0 0.34364644169391068 2.9482550904321601 OK 15 14 0.48619400000000002 0.28245399999999998 0.124696 0.35955999999999999 0.15435599999999999 0 0.12663400000000002 0.12809799999999999 0.124696 0.0091579999999999995 0.0093360000000000005 0.0084690000000000008 0.097308999999999951 0.098597999999999991 0.09695499999999993 0.0036479999999999998 0.0035790000000000006 0.0033390000000000004 0.0010149999999999998 0.0010659999999999999 0.00096299999999999988 2.9482519074357705 2.9482519074357705 2.9482519074357705 0.0013700570743838453 0.0013700570743838453 0.0013700570743838453 1 1 1 Converged Converged Converged OK OK OK 88 88 88 88 88 88 8 8 8 0 0 0 0 1 0 0 1
132 132 uniform 1 15 1326 2 0.001 0.26630876664717978 0.001015541456026052 0.64283580114617378 -0.29306737968803032 0.2405295158809122 -0.25393824396608933 0 0.25420841718661696 3.0537925955065517 OK 15 14 0.45050400000000002 0.26930100000000001 0.11301700000000001 0.335808 0.15359 0 0.11469600000000002 0.11571100000000001 0.11301700000000001 0.0089709999999999998 0.0091850000000000005 0.0083730000000000002 0.087796000000000013 0.088368000000000002 0.087346999999999994 0.0029609999999999997 0.0032460000000000002 0.0029639999999999996 0.00081599999999999999 0.00086299999999999994 0.00089300000000000002 3.053794773095039 3.053794773095039 3.053794773095039 0.00084519868861965015 0.00084519868861965015 0.00084519868861965015 1 1 1 Converged Converged Converged OK OK OK 80 80 80 80 80 80 8 8 8 0 0 0 0 1 0 0 1
132 132 uniform 1 23 1326 3 0.001 0.26630876664717978 0.001015541456026052 0.64283580114617378 -0.29306737968803032 0.2405295158809122 -0.16450021945879556 0 0.1647703926793232 3.122921641566208 OK 15 14 0.44952900000000001 0.28046100000000002 0.105848 0.33933000000000002 0.171572 0 0.11019899999999999 0.10888900000000001 0.105848 0.0092479999999999993 0.0092079999999999992 0.0083429999999999997 0.082916999999999991 0.082799000000000025 0.081475999999999993 0.0031540000000000001 0.002983 0.0027490000000000001 0.00084000000000000003 0.00083600000000000005 0.00079699999999999997 3.1229611070368342 3.1229611070368342 3.1229611070368342 0.0022819476981405106 0.0022819476981405106 0.0022819476981405106 1 1 1 Converged Converged Converged OK OK OK 73 73 73 73 73 73 7 7 7 0 0 0 0 1 0 0 1
132 132 uniform 1 0 1326 0 0.0001 0.26630876664717978 0.001015541456026052 0.64283580114617378 -0.29306737968803032 0.2405295158809122 -0.42163453991726507 0 0.42190471313779271 2.8178707832795924 OK 15 14 0.74893200000000004 0.75143599999999999 0.323353 0.42176200000000003 0.42778500000000003 0 0.32717000000000002 0.32365099999999997 0.323353 0.010706 0.010789 0.010102 0.25422099999999992 0.251272 0.25275999999999982 0.012639000000000001 0.012277 0.011383000000000001 0.0018799999999999999 0.0018940000000000003 0.0017970000000000002 2.8178698072410331 2.8178698072410331 2.8178698072410331 0.00017070021945572914 0.00017070021945572914 0.00017070021945572914 1 1 1 Converged Converged Converged OK OK OK 192 192 192 192 192 192 8 8 8 0 0 0 0 0 1 0 0
132 132 uniform 1 7 1326 1 0.0001 0.26630876664717978 0.001015541456026052 0.64283580114617378 -0.29306737968803032 0.2405295158809122 -0.34337626847338304 0 0.34364644169391068 2.9482550904321601 OK 15 14 0.51614400000000005 0.31210700000000002 0.15116599999999999 0.36141200000000001 0.157587 0 0.15473200000000004 0.15452000000000002 0.15116599999999999 0.0092800000000000001 0.0093650000000000001 0.0084609999999999998 0.12090799999999999 0.12067099999999996 0.11950699999999997 0.0045640000000000003 0.0045139999999999998 0.0042990000000000007 0.0012570000000000001 0.0012589999999999999 0.0012250000000000002 2.9482552597443421 2.9482552597443421 2.9482552597443421 0.00011140277477531276 0.00011140277477531276 0.00011140277477531276 1 1 1 Converged Converged Converged OK OK OK 104 104 104 104 104 104 8 8 8 0 0 0 0 1 0 0 1
132 132 uniform 1 15 1326 2 0.0001 0.26630876664717978 0.001015541456026052 0.64283580114617378 -0.29306737968803032 0.2405295158809122 -0.25393824396608933 0 0.25420841718661696 3.0537925955065517 OK 15 14 0.48332399999999998 0.30761500000000003 0.14847299999999999 0.33227600000000002 0.15609400000000001 0 0.15104799999999996 0.15152100000000002 0.14847299999999999 0.0091509999999999994 0.0091549999999999999 0.0082400000000000008 0.118135 0.11828100000000001 0.11749599999999999 0.0043670000000000002 0.0046289999999999994 0.0044879999999999998 0.0012440000000000001 0.0012650000000000001 0.0011230000000000001 3.0537926254920524 3.0537926254920524 3.0537926254920524 0.00010396270674189183 0.00010396270674189183 0.00010396270674189183 1 1 1 Converged Converged Converged OK OK OK 104 104 104 104 104 104 8 8 8 0 0 0 0 1 0 0 1
132 132 uniform 1 23 1326 3 0.0001 0.26630876664717978 0.001015541456026052 0.64283580114617378 -0.29306737968803032 0.2405295158809122 -0.16450021945879556 0 0.1647703926793232 3.122921641566208 OK 15 14 0.491429 0.32558799999999999 0.14897299999999999 0.34071699999999999 0.17358699999999999 0 0.15071200000000001 0.152001 0.14897299999999999 0.009162 0.0092499999999999995 0.0084279999999999997 0.11824399999999999 0.11899799999999994 0.11766999999999993 0.0045189999999999996 0.0050490000000000005 0.0045910000000000005 0.0010269999999999999 0.0010859999999999999 0.001119 3.1229218393057567 3.1229218393057567 3.1229218393057567 0.00016352589468945225 0.00016352589468945225 0.00016352589468945225 1 1 1 Converged Converged Converged OK OK OK 105 105 105 105 105 105 7 7 7 0 0 0 0 1 0 0 1
132 132 uniform 2 0 1327 0 0.001 0.26630876664717978 0.001015541456026052 0.64283580114617378 0.2842676137233941 0.49511383671593084 0.15570045349415934 0 -0.1554302802736317 2.7369884168002923 OK 14 13 0.50124299999999999 0.49560300000000002 0.12501100000000001 0.367035 0.36726500000000001 0 0.13420799999999999 0.12833800000000001 0.12501100000000001 0.01072 0.010298 0.0099939999999999994 0.10217100000000004 0.097496000000000027 0.095101000000000005 0.0028120000000000003 0.002892 0.0024940000000000001 0.00087699999999999996 0.00077399999999999995 0.0007539999999999999 2.7369882879047474 2.7369882879047474 2.7369882879047474 0.0018595938823366086 0.0018595938823366086 0.0018595938823366086 1 1 1 Converged Converged Converged OK OK OK 72 72 72 72 72 72 8 8 8 0 0 0 0 0 1 0 0
132 132 uniform 2 7 1327 1 0.001 0.26630876664717978 0.001015541456026052 0.64283580114617378 0.2842676137233941 0.49511383671593084 0.23395872493804137 0 -0.23368855171751374 2.6577482038216922 OK 14 13 0.48279699999999998 0.25992700000000002 0.118974 0.35967199999999999 0.13712299999999999 0 0.12312499999999998 0.12280400000000002 0.118974 0.009332 0.0091750000000000009 0.0085859999999999999 0.098184999999999967 0.098524000000000028 0.096189000000000011 0.0026410000000000001 0.0027190000000000001 0.002431 0.00085000000000000006 0.00079699999999999997 0.00072099999999999996 2.6577385409339116 2.6577385409339116 2.6577385409339116 0.0015582155252224063 0.0015582155252224063 0.0015582155252224063 1 1 1 Converged Converged Converged OK OK OK 72 72 72 72 72 72 8 8 8 0 0 0 0 1 0 0 1
132 132 uniform 2 15 1327 2 0.001 0.26630876664717978 0.001015541456026052 0.64283580114617378 0.2842676137233941 0.49511383671593084 0.32339674944533514 0 -0.3231265762248075 2.5101059452116212 OK 14 13 0.53069200000000005 0.295269 0.14238600000000001 0.38111699999999998 0.149257 0 0.14957500000000007 0.146012 0.14238600000000001 0.0092999999999999992 0.0093500000000000007 0.0085170000000000003 0.12026499999999998 0.11680500000000002 0.11491700000000003 0.0036340000000000001 0.003901 0.0034139999999999999 0.00097399999999999993 0.00099200000000000004 0.00087600000000000004 2.5101054189047396 2.5101054189047396 2.5101054189047396 0.00057585499849356365 0.00057585499849356365 0.00057585499849356365 1 1 1 Converged Converged Converged OK OK OK 88 88 88 88 88 88 8 8 8 0 0 0 0 1 0 0 1
132 132 uniform 2 23 1327 3 0.001 0.26630876664717978 0.001015541456026052 0.64283580114617378 0.2842676137233941 0.49511383671593084 0.41283477395262885 0 -0.41256460073210122 2.2152316152536873 OK 16 15 0.62642200000000003 0.40016099999999999 0.18878200000000001 0.43264999999999998 0.20041999999999999 0 0.19377200000000006 0.199741 0.18878200000000001 0.016501999999999999 0.019626000000000001 0.015093000000000001 0.14069199999999998 0.14422099999999996 0.13879200000000003 0.0062779999999999997 0.0056800000000000002 0.0053359999999999996 0.0012639999999999999 0.001263 0.0012819999999999999 2.2151656247935234 2.2151656247935234 2.2151656247935234 0.0020857448279622795 0.0020857448279622795 0.0020857448279622795 1 1 1 Converged Converged Converged OK OK OK 110 110 110 110 110 110 10 10 10 0 0 0 0 1 0 0 1
132 132 uniform 2 0 1327 0 0.0001 0.26630876664717978 0.001015541456026052 0.64283580114617378 0.2842676137233941 0.49511383671593084 0.15570045349415934 0 -0.1554302802736317 2.7369884168002923 OK 14 13 0.544346 0.54698599999999997 0.178309 0.36867800000000001 0.37089 0 0.17566799999999999 0.17609599999999997 0.178309 0.010279 0.010260999999999999 0.011575999999999999 0.13369200000000001 0.13403100000000004 0.13431799999999997 0.0044350000000000006 0.0048990000000000006 0.004333 0.001369 0.001421 0.0013599999999999999 2.7369883732125113 2.7369883732125113 2.7369883732125113 0.0001247092731880431 0.0001247092731880431 0.0001247092731880431 1 1 1 Converged Converged Converged OK OK OK 104 104 104 104 104 104 8 8 8 0 0 0 0 0 1 0 0
132 132 uniform 2 7 1327 1 0.0001 0.26630876664717978 0.001015541456026052 0.64283580114617378 0.2842676137233941 0.49511383671593084 0.23395872493804137 0 -0.23368855171751374 2.6577482038216922 OK 14 13 0.52419800000000005 0.30243199999999998 0.16056100000000001 0.36333399999999999 0.137629 0 0.16086400000000006 0.16480299999999998 0.16056100000000001 0.0090500000000000008 0.0093550000000000005 0.0087829999999999991 0.13013199999999997 0.13280000000000008 0.13033999999999998 0.0037920000000000002 0.0046030000000000003 0.0040379999999999999 0.0012459999999999999 0.0013230000000000002 0.001243 2.6577481938372611 2.6577481938372611 2.6577481938372611 0.00018481874754532485 0.00018481874754532485 0.00018481874754532485 1 1 1 Converged Converged Converged OK OK OK 104 104 104 104 104 104 8 8 8 0 0 0 0 1 0 0 1
132 132 uniform 2 15 1327 2 0.0001 0.26630876664717978 0.001015541456026052 0.64283580114617378 0.2842676137233941 0.49511383671593084 0.32339674944533514 0 -0.3231265762248075 2.5101059452116212 OK 14 13 0.55680300000000005 0.324405 0.16831399999999999 0.38361000000000001 0.15065500000000001 0 0.17319300000000004 0.17374999999999999 0.16831399999999999 0.0093439999999999999 0.0093589999999999993 0.0084980000000000003 0.13722800000000004 0.13866199999999992 0.13539800000000002 0.0055779999999999996 0.0051120000000000002 0.0048149999999999998 0.0012970000000000002 0.0013150000000000002 0.001237 2.5101042762886148 2.5101042762886148 2.5101042762886148 0.00020663262852403219 0.00020663262852403219 0.00020663262852403219 1 1 1 Converged Converged Converged OK OK OK 112 112 112 112 112 112 8 8 8 0 0 0 0 1 0 0 1
132 132 uniform 2 23 1327 3 0.0001 0.26630876664717978 0.001015541456026052 0.64283580114617378 0.2842676137233941 0.49511383671593084 0.41283477395262885 0 -0.41256460073210122 2.2152316152536873 OK 16 15 0.67217499999999997 0.45415699999999998 0.23547199999999999 0.43070599999999998 0.20014599999999999 0 0.24146899999999999 0.25401099999999999 0.23547199999999999 0.016601999999999999 0.016981 0.015633999999999999 0.17694499999999985 0.18827899999999992 0.17396300000000006 0.0080409999999999995 0.0076940000000000003 0.0073730000000000011 0.0019639999999999996 0.0019050000000000002 0.0018280000000000002 2.2152234242136695 2.2152234242136695 2.2152234242136695 0.00020040484396556684 0.00020040484396556684 0.00020040484396556684 1 1 1 Converged Converged Converged OK OK OK 142 142 142 142 142 142 10 10 10 0 0 0 0 1 0 0 1
132 132 uniform 3 0 1328 0 0.001 0.26630876664717978 0.001015541456026052 0.64283580114617378 2.6616179163624016 -0.16914837585313069 2.533050756133167 0 -2.5327805829126393 1.0313298137841691 OK 14 13 0.43457499999999999 0.436251 0.094314999999999996 0.340057 0.33839900000000001 0 0.094517999999999991 0.097851999999999995 0.094314999999999996 0.0094699999999999993 0.010828000000000001 0.009528 0.070514999999999994 0.072454999999999992 0.070197000000000009 0.0017449999999999998 0.0018149999999999998 0.0018670000000000002 0.00047600000000000002 0.000486 0.00051800000000000001 1.031334075412135 1.031334075412135 1.031334075412135 0.00064977161128849719 0.00064977161128849719 0.00064977161128849719 1 1 1 Converged Converged Converged OK OK OK 50 50 50 50 50 50 6 6 6 0 0 0 0 0 1 0 0
132 132 uniform 3 7 1328 1 0.001 0.26630876664717978 0.001015541456026052 0.64283580114617378 2.6616179163624016 -0.16914837585313069 2.611309027577049 0 -2.6110388543565213 1.0283301668228093 OK 14 13 0.56254999999999999 0.383488 0.086007 0.47424300000000003 0.29486400000000001 0 0.088306999999999969 0.088623999999999981 0.086007 0.0086269999999999993 0.0086210000000000002 0.0079930000000000001 0.067020000000000024 0.06844299999999999 0.066414000000000015 0.0018910000000000001 0.0017599999999999998 0.0017480000000000002 0.00053600000000000002 0.00042999999999999999 0.000457 1.0283328243587548 1.0283328243587548 1.0283328243587548 0.00057518279652757711 0.00057518279652757711 0.00057518279652757711 1 1 1 Converged Converged Converged OK OK OK 50 50 50 50 50 50 6 6 6 0 0 0 0 1 0 0 1
132 132 uniform 3 15 1328 2 0.001 0.26630876664717978 0.001015541456026052 0.64283580114617378 2.6616179163624016 -0.16914837585313069 2.7007470520843428 0 -2.7004768788638152 1.0253127801596069 OK 14 13 0.40664 0.226795 0.084214999999999998 0.32030900000000001 0.139151 0 0.086330999999999991 0.087644 0.084214999999999998 0.0085400000000000007 0.0085199999999999998 0.0079380000000000006 0.06571500000000001 0.067205999999999988 0.065069999999999989 0.0017810000000000002 0.0019199999999999998 0.0017779999999999998 0.00045000000000000004 0.00044799999999999999 0.00044399999999999995 1.0253145127807552 1.0253145127807552 1.0253145127807552 0.00051720909007480788 0.00051720909007480788 0.00051720909007480788 1 1 1 Converged Converged Converged OK OK OK 50 50 50 50 50 50 6 6 6 0 0 0 0 1 0 0 1
132 132 uniform 3 23 1328 3 0.001 0.26630876664717978 0.001015541456026052 0.64283580114617378 2.6616179163624016 -0.16914837585313069 2.7901850765916363 0 -2.7899149033711086 1.0226835543435058 OK 15 14 0.41153699999999999 0.24729100000000001 0.092307 0.31665700000000002 0.14655499999999999 0 0.094879999999999964 0.10073600000000002 0.092307 0.0093930000000000003 0.0091579999999999995 0.0086739999999999994 0.071520999999999973 0.07768499999999999 0.071083999999999994 0.0019550000000000001 0.002078 0.001815 0.00051900000000000004 0.00055100000000000006 0.00047600000000000002 1.0226846889388981 1.0226846889388981 1.0226846889388981 0.00047252766710943349 0.00047252766710943349 0.00047252766710943349 1 1 1 Converged Converged Converged OK OK OK 57 57 57 57 57 57 7 7 7 0 0 0 0 1 0 0 1
132 132 uniform 3 0 1328 0 0.0001 0.26630876664717978 0.001015541456026052 0.64283580114617378 2.6616179163624016 -0.16914837585313069 2.533050756133167 0 -2.5327805829126393 1.0313298137841691 OK 14 13 0.46032899999999999 0.46420099999999997 0.12155100000000001 0.33817599999999998 0.33912399999999998 0 0.12215300000000001 0.12507699999999999 0.12155100000000001 0.0092960000000000004 0.0095999999999999992 0.0093089999999999996 0.090170000000000014 0.091395000000000018 0.089724000000000026 0.003052 0.0037750000000000001 0.0030749999999999996 0.00079900000000000001 0.00086399999999999997 0.00077799999999999994 1.0313298279142038 1.0313298279142038 1.0313298279142038 9.3846309945038214e-06 9.3846309945038214e-06 9.3846309945038214e-06 1 1 1 Converged Converged Converged OK OK OK 74 74 74 74 74 74 6 6 6 0 0 0 0 0 1 0 0
132 132 uniform 3 7 1328 1 0.0001 0.26630876664717978 0.001015541456026052 0.64283580114617378 2.6616179163624016 -0.16914837585313069 2.611309027577049 0 -2.6110388543565213 1.0283301668228093 OK 14 13 0.58730300000000002 0.41398299999999999 0.11068600000000001 0.474769 0.29700300000000002 0 0.11253400000000002 0.11697999999999997 0.11068600000000001 0.008626 0.0088509999999999995 0.0081460000000000005 0.08506800000000006 0.089328000000000032 0.08451400000000002 0.0031029999999999999 0.0031149999999999997 0.0028939999999999999 0.00078199999999999993 0.00075300000000000009 0.00074599999999999992 1.0283301810664123 1.0283301810664123 1.0283301810664123 7.3746622731984248e-06 7.3746622731984248e-06 7.3746622731984248e-06 1 1 1 Converged Converged Converged OK OK OK 74 74 74 74 74 74 6 6 6 0 0 0 0 1 0 0 1
132 132 uniform 3 15 1328 2 0.0001 0.26630876664717978 0.001015541456026052 0.64283580114617378 2.6616179163624016 -0.16914837585313069 2.7007470520843428 0 -2.7004768788638152 1.0253127801596069 OK 14 13 0.43137999999999999 0.25599100000000002 0.108956 0.32096999999999998 0.14151 0 0.11041000000000001 0.11448100000000003 0.108956 0.0084700000000000001 0.0086040000000000005 0.0079430000000000004 0.083469999999999975 0.087442999999999979 0.083209000000000033 0.0030509999999999999 0.0031019999999999997 0.0029130000000000002 0.00077699999999999991 0.00082900000000000009 0.00076599999999999997 1.0253128240521527 1.0253128240521527 1.0253128240521527 7.6180243635952331e-06 7.6180243635952331e-06 7.6180243635952331e-06 1 1 1 Converged Converged Converged OK OK OK 74 74 74 74 74 74 6 6 6 0 0 0 0 1 0 0 1
132 132 uniform 3 23 1328 3 0.0001 0.26630876664717978 0.001015541456026052 0.64283580114617378 2.6616179163624016 -0.16914837585313069 2.7901850765916363 0 -2.7899149033711086 1.0226835543435058 OK 15 14 0.43954100000000002 0.27052300000000001 0.11853 0.31757099999999999 0.144708 0 0.12197000000000002 0.12581500000000001 0.11853 0.0092079999999999992 0.0094269999999999996 0.0085210000000000008 0.091656999999999975 0.095462999999999965 0.090735000000000024 0.003284 0.003186 0.0028830000000000001 0.00082300000000000006 0.00087900000000000012 0.00078699999999999994 1.0226836400547568 1.0226836400547568 1.0226836400547568 6.6118214357839433e-06 6.6118214357839433e-06 6.6118214357839433e-06 1 1 1 Converged Converged Converged OK OK OK 81 81 81 81 81 81 7 7 7 0 0 0 0 1 0 0 1
132 132 uniform 4 0 1329 0 0.001 0.26630876664717978 0.001015541456026052 0.64283580114617378 -0.97759713007321969 0.66301689359977245 -1.1061642903024544 0 1.1064344635229821 1.2233819260681147 OK 13 12 0.84038500000000005 0.84089400000000003 0.068683999999999995 0.769702 0.77033600000000002 0 0.070683000000000051 0.07055800000000001 0.068683999999999995 0.0096520000000000009 0.0096050000000000007 0.0092200000000000008 0.046432000000000008 0.046483999999999998 0.045607000000000002 0.0020670000000000003 0.0022309999999999999 0.0019589999999999998 0.00058699999999999996 0.00063699999999999998 0.00062399999999999999 1.2233819588155335 1.2233819588155335 1.2233819588155335 0.00049936092049235965 0.00049936092049235965 0.00049936092049235965 1 1 1 Converged Converged Converged OK OK OK 44 44 44 44 44 44 4 4 4 0 0 0 0 0 1 0 0
132 132 uniform 4 7 1329 1 0.001 0.26630876664717978 0.001015541456026052 0.64283580114617378 -0.97759713007321969 0.66301689359977245 -1.0279060188585725 0 1.0281761920791002 1.2548038445878043 OK 13 12 0.68054300000000001 0.24867300000000001 0.102492 0.57616900000000004 0.144506 0 0.10437399999999997 0.10416700000000001 0.102492 0.0090910000000000001 0.0089300000000000004 0.0082690000000000003 0.078563999999999981 0.078715000000000007 0.078141000000000002 0.0030389999999999996 0.0031040000000000004 0.0029780000000000002 0.00071599999999999995 0.000745 0.00071799999999999989 1.2548203249794221 1.2548203249794221 1.2548203249794221 0.00065449833600849175 0.00065449833600849175 0.00065449833600849175 1 1 1 Converged Converged Converged OK OK OK 67 67 67 67 67 67 5 5 5 0 0 0 0 1 0 0 1
132 132 uniform 4 15 1329 2 0.001 0.26630876664717978 0.001015541456026052 0.64283580114617378 -0.97759713007321969 0.66301689359977245 -0.9384679943512787 0 0.93873816757180628 1.2966991924317761 OK 13 12 0.650787 0.22798199999999999 0.069786000000000001 0.57767299999999999 0.15502099999999999 0 0.073114000000000012 0.072960999999999998 0.069786000000000001 0.0087559999999999999 0.0086920000000000001 0.0078609999999999999 0.052486999999999978 0.052956999999999997 0.051539000000000001 0.0021120000000000002 0.001843 0.0017230000000000001 0.00058500000000000002 0.000611 0.00055900000000000004 1.296704105602895 1.296704105602895 1.296704105602895 0.0011586608963976169 0.0011586608963976169 0.0011586608963976169 1 1 1 Converged Converged Converged OK OK OK 51 51 51 51 51 51 5 5 5 0 0 0 0 1 0 0 1
132 132 uniform 4 23 1329 3 0.001 0.26630876664717978 0.001015541456026052 0.64283580114617378 -0.97759713007321969 0.66301689359977245 -0.84902996984398493 0 0.84930014306451251 1.3460132606055837 OK 13 12 0.71005099999999999 0.24684400000000001 0.091491000000000003 0.61540799999999996 0.15127399999999999 0 0.094643000000000033 0.095570000000000016 0.091491000000000003 0.0089549999999999994 0.0090919999999999994 0.0081550000000000008 0.072128999999999999 0.072643999999999972 0.07087000000000003 0.0023049999999999998 0.0026420000000000003 0.0020279999999999999 0.000718 0.00078399999999999997 0.00062 1.3460132169401635 1.3460132169401635 1.3460132169401635 0.0013287709627671338 0.0013287709627671338 0.0013287709627671338 1 1 1 Converged Converged Converged OK OK OK 58 58 58 58 58 58 6 6 6 0 0 0 0 1 0 0 1
132 132 uniform 4 0 1329 0 0.0001 0.26630876664717978 0.001015541456026052 0.64283580114617378 -0.97759713007321969 0.66301689359977245 -1.1061642903024544 0 1.1064344635229821 1.2233819260681147 OK 13 12 0.87741400000000003 0.87351100000000004 0.10061 0.77549100000000004 0.77096900000000002 0 0.10192299999999999 0.10254200000000002 0.10061 0.0098729999999999998 0.0096620000000000004 0.0092510000000000005 0.071709000000000009 0.071871000000000018 0.071444000000000007 0.0031290000000000007 0.0034499999999999999 0.003284 0.00075199999999999985 0.00085800000000000004 0.00078100000000000001 1.2233819078606603 1.2233819078606603 1.2233819078606603 2.7265148476228065e-05 2.7265148476228065e-05 2.7265148476228065e-05 1 1 1 Converged Converged Converged OK OK OK 60 60 60 60 60 60 4 4 4 0 0 0 0 0 1 0 0
132 132 uniform 4 7 1329 1 0.0001 0.26630876664717978 0.001015541456026052 0.64283580114617378 -0.97759713007321969 0.66301689359977245 -1.0279060188585725 0 1.0281761920791002 1.2548038445878043 OK 13 12 0.72248800000000002 0.30024299999999998 0.14536499999999999 0.57357000000000002 0.14828 0 0.14891799999999999 0.15196299999999999 0.14536499999999999 0.0091940000000000008 0.0092270000000000008 0.0082190000000000006 0.11386700000000002 0.11632100000000002 0.113235 0.006404 0.0074419999999999998 0.0058320000000000004 0.00088500000000000004 0.0010950000000000001 0.0008470000000000001 1.2548040488834606 1.2548040488834606 1.2548040488834606 6.2183474038047637e-05 6.2183474038047637e-05 6.2183474038047637e-05 1 1 1 Converged Converged Converged OK OK OK 99 99 99 99 99 99 5 5 5 0 0 0 0 1 0 0 1
132 132 uniform 4 15 1329 2 0.0001 0.26630876664717978 0.001015541456026052 0.64283580114617378 -0.97759713007321969 0.66301689359977245 -0.9384679943512787 0 0.93873816757180628 1.2966991924317761 OK 13 12 0.67502799999999996 0.25051400000000001 0.092584 0.58024500000000001 0.15442400000000001 0 0.094782999999999951 0.096090000000000009 0.092584 0.0084589999999999995 0.0086809999999999995 0.0078810000000000009 0.071788000000000018 0.072387000000000007 0.070936999999999986 0.0026020000000000001 0.0029320000000000001 0.0025219999999999999 0.000718 0.00075500000000000003 0.00073699999999999992 1.2966991416959581 1.2966991416959581 1.2966991416959581 5.0333860377680532e-05 5.0333860377680532e-05 5.0333860377680532e-05 1 1 1 Converged Converged Converged OK OK OK 67 67 67 67 67 67 5 5 5 0 0 0 0 1 0 0 1
132 132 uniform 4 23 1329 3 0.0001 0.26630876664717978 0.001015541456026052 0.64283580114617378 -0.97759713007321969 0.66301689359977245 -0.84902996984398493 0 0.84930014306451251 1.3460132606055837 OK 13 12 0.76028300000000004 0.299041 0.13927700000000001 0.618201 0.154057 0 0.14208200000000004 0.144984 0.13927700000000001 0.0089320000000000007 0.0090790000000000003 0.0081220000000000007 0.11193400000000006 0.11427100000000001 0.11088900000000004 0.0039350000000000001 0.0044139999999999995 0.0037820000000000002 0.0011220000000000002 0.001235 0.001059 1.3460131993338873 1.3460131993338873 1.3460131993338873 3.2497592070295735e-05 3.2497592070295735e-05 3.2497592070295735e-05 1 1 1 Converged Converged Converged OK OK OK 90 90 90 90 90 90 6 6 6 0 0 0 0 1 0 0 1
133 133 linear 0 0 1330 0 0.001 3.5637081071331274 0.027808379751637656 0.32497683736818195 -3.1079421876560422 0.0018732408318738736 -3.1729375551296788 0.5 3.2693572286013963 1.4912152626294439 OK 16 15 0.73348100000000005 0.72695900000000002 0.32428800000000002 0.39835500000000001 0.39869100000000002 0 0.33512600000000003 0.328268 0.32428800000000002 0.014308 0.013975 0.013646 0.28155299999999994 0.27518199999999998 0.27185999999999999 0.0050730000000000003 0.0053949999999999996 0.005193999999999999 0.001305 0.00133 0.0012709999999999998 1.4911623663721996 1.4911623663721996 1.4911623663721996 0.0007713311477592908 0.0007713311477592908 0.0007713311477592908 1 1 1 Converged Converged Converged OK OK OK 109 109 109 109 109 109 11 11 11 0 0 0 0 0 1 0 0
133 133 linear 0 7 1330 1 0.001 3.5637081071331274 0.027808379751637656 0.32497683736818195 -3.1079421876560422 0.0018732408318738736 -3.1333751575370306 0.5 3.2297948310087481 1.4856954011585808 OK 16 15 0.56586199999999998 0.472605 0.28218300000000002 0.27295999999999998 0.173986 0 0.292902 0.29861899999999997 0.28218300000000002 0.012931 0.013025999999999999 0.012033 0.25359799999999993 0.25864500000000007 0.24471299999999993 0.0047029999999999997 0.0053369999999999997 0.004803 0.0011559999999999999 0.0013119999999999998 0.0011749999999999998 1.4856752196661998 1.4856752196661998 1.4856752196661998 0.00096925873340024968 0.00096925873340024968 0.00096925873340024968 1 1 1 Converged Converged Converged OK OK OK 109 109 109 109 109 109 11 11 11 0 0 0 0 1 0 0 1
133 133 linear 0 15 1330 2 0.001 3.5637081071331274 0.027808379751637656 0.32497683736818195 -3.1079421876560422 0.0018732408318738736 -3.0881609888597179 0.5 3.1845806623314354 1.4720419193318743 OK 16 15 0.70111599999999996 0.60132300000000005 0.30765700000000001 0.38415100000000002 0.27647899999999997 0 0.31696499999999994 0.32484400000000008 0.30765700000000001 0.012817 0.012762000000000001 0.011774 0.27384699999999995 0.28277000000000019 0.26783299999999999 0.0060150000000000004 0.0058349999999999999 0.0055059999999999996 0.0012300000000000002 0.001289 0.001212 1.4720586365542041 1.4720586365542041 1.4720586365542041 0.00067426638359289993 0.00067426638359289993 0.00067426638359289993 1 1 1 Converged Converged Converged OK OK OK 117 117 117 117 117 117 11 11 11 0 0 0 0 1 0 0 1
133 133 linear 0 23 1330 3 0.001 3.5637081071331274 0.027808379751637656 0.32497683736818195 -3.1079421876560422 0.0018732408318738736 -3.0429468201824057 0.5 3.1393664936541232 1.449659567630651 OK 16 15 0.72204100000000004 0.63128099999999998 0.30563699999999999 0.405111 0.308421 0 0.31693000000000005 0.32285999999999998 0.30563699999999999 0.012793000000000001 0.013072 0.011689 0.27393400000000001 0.28207500000000008 0.26854399999999995 0.0058620000000000009 0.0058510000000000003 0.0049920000000000008 0.001207 0.001139 0.0011279999999999999 1.449676417707215 1.449676417707215 1.449676417707215 0.00061129080057053566 0.00061129080057053566 0.00061129080057053566 1 1 1 Converged Converged Converged OK OK OK 117 117 117 117 117 117 11 11 11 0 0 0 0 1 0 0 1
133 133 linear 0 0 1330 0 0.0001 3.5637081071331274 0.027808379751637656 0.32497683736818195 -3.1079421876560422 0.0018732408318738736 -3.1729375551296788 0.5 3.2693572286013963 1.4912152626294439 OK 16 15 0.83138199999999995 0.80022599999999999 0.39690999999999999 0.41885299999999998 0.39896300000000001 0 0.41252899999999998 0.40126299999999998 0.39690999999999999 0.015821999999999999 0.014345 0.013951 0.34763899999999992 0.33762500000000029 0.33500200000000019 0.0064199999999999986 0.0073369999999999998 0.0067669999999999996 0.00167 0.0016349999999999997 0.0015710000000000001 1.4911667847528793 1.4911667847528793 1.4911667847528793 9.0564054455185772e-05 9.0564054455185772e-05 9.0564054455185772e-05 1 1 1 Converged Converged Converged OK OK OK 133 133 133 133 133 133 11 11 11 0 0 0 0 0 1 0 0
133 133 linear 0 7 1330 1 0.0001 3.5637081071331274 0.027808379751637656 0.32497683736818195 -3.1079421876560422 0.0018732408318738736 -3.1333751575370306 0.5 3.2297948310087481 1.4856954011585808 OK 16 15 0.65812800000000005 0.58011800000000002 0.37682700000000002 0.266181 0.18452499999999999 0 0.39194700000000005 0.39559300000000003 0.37682700000000002 0.012914999999999999 0.013476 0.011950000000000001 0.34150900000000012 0.34570200000000006 0.33025999999999972 0.0076099999999999996 0.0072139999999999999 0.0066570000000000015 0.001882 0.0019110000000000002 0.0017100000000000001 1.4856914323210419 1.4856914323210419 1.4856914323210419 0.00013545926177910414 0.00013545926177910414 0.00013545926177910414 1 1 1 Converged Converged Converged OK OK OK 141 141 141 141 141 141 11 11 11 0 0 0 0 1 0 0 1
133 133 linear 0 15 1330 2 0.0001 3.5637081071331274 0.027808379751637656 0.32497683736818195 -3.1079421876560422 0.0018732408318738736 -3.0881609888597179 0.5 3.1845806623314354 1.4720419193318743 OK 16 15 0.87431499999999995 0.78029800000000005 0.48383700000000002 0.37559799999999999 0.28023999999999999 0 0.49871699999999997 0.50005800000000011 0.48383700000000002 0.01312 0.013188 0.011821 0.43369999999999981 0.44029399999999991 0.42690700000000015 0.011599000000000002 0.010662 0.0099579999999999998 0.0019710000000000001 0.0018439999999999999 0.0017470000000000001 1.4720490556413199 1.4720490556413199 1.4720490556413199 0.00010112300323305667 0.00010112300323305667 0.00010112300323305667 1 1 1 Converged Converged Converged OK OK OK 173 173 173 173 173 173 11 11 11 0 0 0 0 1 0 0 1
133 133 linear 0 23 1330 3 0.0001 3.5637081071331274 0.027808379751637656 0.32497683736818195 -3.1079421876560422 0.0018732408318738736 -3.0429468201824057 0.5 3.1393664936541232 1.449659567630651 OK 16 15 0.90764400000000001 0.808369 0.48326599999999997 0.408418 0.30548999999999998 0 0.499226 0.50287900000000008 0.48326599999999997 0.012937000000000001 0.012971 0.011768000000000001 0.44441099999999972 0.44907600000000003 0.43270100000000006 0.010838999999999998 0.010567999999999999 0.0092659999999999999 0.0019589999999999998 0.0019199999999999998 0.0017309999999999999 1.449661332951347 1.449661332951347 1.449661332951347 0.0001244921425716617 0.0001244921425716617 0.0001244921425716617 1 1 1 Converged Converged Converged OK OK OK 173 173 173 173 173 173 11 11 11 0 0 0 0 1 0 0 1
133 133 linear 1 0 1331 0 0.001 3.5637081071331274 0.027808379751637656 0.32497683736818195 -0.046419171406131186 -0.037974711857509856 -0.11141453887976757 0.5 0.20783421235148497 5.6536624256681582 OK 15 14 0.547512 0.54032199999999997 0.22414100000000001 0.31530399999999997 0.31388100000000002 0 0.23220800000000003 0.22644099999999995 0.22414100000000001 0.011424 0.011335 0.010957 0.19159299999999999 0.18637200000000009 0.18555499999999991 0.0038539999999999998 0.0037969999999999996 0.0036219999999999998 0.00098799999999999973 0.00083200000000000006 0.00084099999999999995 5.6536719504516668 5.6536719504516668 5.6536719504516668 0.0030642846470448773 0.0030642846470448773 0.0030642846470448773 1 1 1 Converged Converged Converged OK OK OK 87 87 87 87 87 87 9 9 9 0 0 0 0 0 1 0 0
133 133 linear 1 7 1331 1 0.001 3.5637081071331274 0.027808379751637656 0.32497683736818195 -0.046419171406131186 -0.037974711857509856 -0.071852141287119337 0.5 0.16827181475883674 5.980756954601989 OK 15 14 0.64942699999999998 0.51813900000000002 0.233014 0.40376800000000002 0.27901799999999999 0 0.24565899999999996 0.23912100000000003 0.233014 0.0096989999999999993 0.0099209999999999993 0.0089239999999999996 0.21146799999999993 0.20494099999999987 0.20077600000000009 0.0040200000000000001 0.0043179999999999998 0.0039260000000000007 0.0010579999999999999 0.0010790000000000001 0.00097000000000000016 5.9807821902965825 5.9807821902965825 5.9807821902965825 0.0015222422784749255 0.0015222422784749255 0.0015222422784749255 1 1 1 Converged Converged Converged OK OK OK 95 95 95 95 95 95 9 9 9 0 0 0 0 1 0 0 1
133 133 linear 1 15 1331 2 0.001 3.5637081071331274 0.027808379751637656 0.32497683736818195 -0.046419171406131186 -0.037974711857509856 -0.026637972609807065 0.5 0.12305764608152445 6.2590753944454685 OK 14 13 0.60726000000000002 0.48458000000000001 0.21799199999999999 0.38035600000000003 0.26053799999999999 0 0.22690399999999999 0.22404200000000002 0.21799199999999999 0.0096860000000000002 0.0099509999999999998 0.0091610000000000007 0.19490600000000002 0.19261200000000001 0.18853799999999996 0.004313 0.0039950000000000003 0.0036250000000000002 0.001062 0.0010169999999999999 0.0010040000000000001 6.2590850565928271 6.2590850565928271 6.2590850565928271 0.00092923170417379196 0.00092923170417379196 0.00092923170417379196 1 1 1 Converged Converged Converged OK OK OK 88 88 88 88 88 88 8 8 8 0 0 0 0 1 0 0 1
133 133 linear 1 23 1331 3 0.001 3.5637081071331274 0.027808379751637656 0.32497683736818195 -0.046419171406131186 -0.037974711857509856 0.018576196067505206 0.5 0.077843477404212186 6.4428007722250156 OK 14 13 0.597881 0.46379700000000001 0.20457900000000001 0.38938699999999998 0.25859900000000002 0 0.20849400000000001 0.20519799999999999 0.20457900000000001 0.0096299999999999997 0.0096740000000000003 0.0088640000000000004 0.18013299999999993 0.17793300000000001 0.17886300000000002 0.0035829999999999998 0.003261 0.0028860000000000005 0.00095100000000000002 0.00082600000000000013 0.00082199999999999992 6.4428414973672092 6.4428414973672092 6.4428414973672092 0.0046351850582212672 0.0046351850582212672 0.0046351850582212672 1 1 1 Converged Converged Converged OK OK OK 80 80 80 80 80 80 8 8 8 0 0 0 0 1 0 0 1
133 133 linear 1 0 1331 0 0.0001 3.5637081071331274 0.027808379751637656 0.32497683736818195 -0.046419171406131186 -0.037974711857509856 -0.11141453887976757 0.5 0.20783421235148497 5.6536624256681582 OK 15 14 0.62153800000000003 0.61533899999999997 0.295985 0.31974799999999998 0.316056 0 0.30179000000000006 0.29928299999999997 0.295985 0.011358999999999999 0.011362000000000001 0.011449000000000001 0.24900700000000003 0.24410199999999993 0.24263799999999999 0.0052059999999999988 0.0066899999999999998 0.0056439999999999997 0.001379 0.0014039999999999999 0.001431 5.6536744349799513 5.6536744349799513 5.6536744349799513 0.00046930669729249703 0.00046930669729249703 0.00046930669729249703 1 1 1 Converged Converged Converged OK OK OK 119 119 119 119 119 119 9 9 9 0 0 0 0 0 1 0 0
133 133 linear 1 7 1331 1 0.0001 3.5637081071331274 0.027808379751637656 0.32497683736818195 -0.046419171406131186 -0.037974711857509856 -0.071852141287119337 0.5 0.16827181475883674 5.980756954601989 OK 15 14 0.71530099999999996 0.58080900000000002 0.29499599999999998 0.403248 0.28265600000000002 0 0.31205299999999997 0.298153 0.29499599999999998 0.0098300000000000002 0.0097470000000000005 0.0089339999999999992 0.26714599999999988 0.254498 0.25330700000000006 0.0067510000000000001 0.0066209999999999984 0.0060770000000000008 0.0013259999999999999 0.001317 0.0013090000000000001 5.9807833938073571 5.9807833938073571 5.9807833938073571 0.0005117992447946397 0.0005117992447946397 0.0005117992447946397 1 1 1 Converged Converged Converged OK OK OK 127 127 127 127 127 127 9 9 9 0 0 0 0 1 0 0 1
133 133 linear 1 15 1331 2 0.0001 3.5637081071331274 0.027808379751637656 0.32497683736818195 -0.046419171406131186 -0.037974711857509856 -0.026637972609807065 0.5 0.12305764608152445 6.2590753944454685 OK 14 13 0.65458099999999997 0.52210000000000001 0.25079299999999999 0.39240399999999998 0.25956499999999999 0 0.26217699999999999 0.26253500000000002 0.25079299999999999 0.0097160000000000007 0.009757 0.0092329999999999999 0.22425899999999988 0.22552900000000001 0.21638699999999991 0.0057029999999999997 0.0055110000000000003 0.004496 0.0012140000000000002 0.0011829999999999998 0.001108 6.2590850113006562 6.2590850113006562 6.2590850113006562 0.00051189859824840155 0.00051189859824840155 0.00051189859824840155 1 1 1 Converged Converged Converged OK OK OK 104 104 104 104 104 104 8 8 8 0 0 0 0 1 0 0 1
133 133 linear 1 23 1331 3 0.0001 3.5637081071331274 0.027808379751637656 0.32497683736818195 -0.046419171406131186 -0.037974711857509856 0.018576196067505206 0.5 0.077843477404212186 6.4428007722250156 OK 14 13 0.63625699999999996 0.50331800000000004 0.23492099999999999 0.39010600000000001 0.26056400000000002 0 0.24615099999999995 0.24275400000000003 0.23492099999999999 0.0098180000000000003 0.0098099999999999993 0.0089029999999999995 0.21309999999999996 0.21059700000000003 0.20547999999999997 0.0050140000000000002 0.0044329999999999994 0.003751 0.0012319999999999998 0.001286 0.0011249999999999999 6.4428401873219707 6.4428401873219707 6.4428401873219707 0.00056937890686874811 0.00056937890686874811 0.00056937890686874811 1 1 1 Converged Converged Converged OK OK OK 96 96 96 96 96 96 8 8 8 0 0 0 0 1 0 0 1
133 133 linear 2 0 1332 0 0.001 3.5637081071331274 0.027808379751637656 0.32497683736818195 -0.0034300408302610913 0.25161273432998316 -0.068425408303897484 0.5 0.16484508177561485 4.4733682798825676 OK 15 14 0.524397 0.52155499999999999 0.21686900000000001 0.29880099999999998 0.29665599999999998 0 0.22559600000000002 0.22489900000000002 0.21686900000000001 0.010989000000000001 0.010669 0.010892000000000001 0.18633600000000006 0.18818400000000002 0.17938399999999993 0.0040499999999999998 0.00315 0.0032940000000000001 0.00097000000000000005 0.0008479999999999999 0.00092400000000000013 4.4733774612142989 4.4733774612142989 4.4733774612142989 0.002061745179697822 0.002061745179697822 0.002061745179697822 1 1 1 Converged Converged Converged OK OK OK 87 87 87 87 87 87 9 9 9 0 0 0 0 0 1 0 0
133 133 linear 2 7 1332 1 0.001 3.5637081071331274 0.027808379751637656 0.32497683736818195 -0.0034300408302610913 0.25161273432998316 -0.028863010711249242 0.5 0.12528268418296662 4.771806645616345 OK 15 14 0.51059299999999996 0.38357200000000002 0.19808400000000001 0.30594300000000002 0.18029700000000001 0 0.20464999999999994 0.20327500000000001 0.19808400000000001 0.0095999999999999992 0.010038 0.0092669999999999992 0.17666100000000007 0.17495899999999995 0.17158999999999994 0.0031810000000000002 0.0032739999999999996 0.0030240000000000002 0.00090999999999999989 0.000883 0.00085599999999999999 4.7718151704044862 4.7718151704044862 4.7718151704044862 0.0021522453076981197 0.0021522453076981197 0.0021522453076981197 1 1 1 Converged Converged Converged OK OK OK 80 80 80 80 80 80 8 8 8 0 0 0 0 1 0 0 1
133 133 linear 2 15 1332 2 0.001 3.5637081071331274 0.027808379751637656 0.32497683736818195 -0.0034300408302610913 0.25161273432998316 0.01635115796606303 0.5 0.080068515505654358 4.9945783567130686 OK 14 13 0.503363 0.377135 0.20161200000000001 0.29130499999999998 0.169296 0 0.21205800000000002 0.207839 0.20161200000000001 0.0095289999999999993 0.009665 0.0088129999999999997 0.18283099999999988 0.17800600000000008 0.17356400000000005 0.003349 0.0037939999999999992 0.0034169999999999999 0.00092199999999999997 0.001026 0.00096600000000000006 4.9945790062181183 4.9945790062181183 4.9945790062181183 0.00043827244765059072 0.00043827244765059072 0.00043827244765059072 1 1 1 Converged Converged Converged OK OK OK 81 81 81 81 81 81 7 7 7 0 0 0 0 1 0 0 1
133 133 linear 2 23 1332 3 0.001 3.5637081071331274 0.027808379751637656 0.32497683736818195 -0.0034300408302610913 0.25161273432998316 0.061565326643375301 0.5 0.034854346828342084 5.1079395597613804 OK 14 13 0.51204499999999997 0.38484699999999999 0.20516899999999999 0.29933399999999999 0.17280699999999999 0 0.21271099999999998 0.21204000000000001 0.20516899999999999 0.0096589999999999992 0.0092879999999999994 0.0085550000000000001 0.179951 0.18281999999999993 0.17792599999999997 0.0063699999999999998 0.0036420000000000007 0.0032070000000000002 0.0010659999999999999 0.001005 0.00091599999999999993 5.1079476457875312 5.1079476457875312 5.1079476457875312 0.00044854037540611671 0.00044854037540611671 0.00044854037540611671 1 1 1 Converged Converged Converged OK OK OK 81 81 81 81 81 81 7 7 7 0 0 0 0 1 0 0 1
133 133 linear 2 0 1332 0 0.0001 3.5637081071331274 0.027808379751637656 0.32497683736818195 -0.0034300408302610913 0.25161273432998316 -0.068425408303897484 0.5 0.16484508177561485 4.4733682798825676 OK 15 14 0.57956399999999997 0.57368399999999997 0.27649899999999999 0.29813299999999998 0.30040800000000001 0 0.28143099999999999 0.27327599999999996 0.27649899999999999 0.010828000000000001 0.010919 0.011127 0.23214899999999994 0.22390199999999982 0.22672099999999998 0.0052270000000000007 0.005097 0.0054670000000000005 0.001346 0.0013290000000000001 0.001402 4.4733768228279658 4.4733768228279658 4.4733768228279658 0.00039596332008741501 0.00039596332008741501 0.00039596332008741501 1 1 1 Converged Converged Converged OK OK OK 119 119 119 119 119 119 9 9 9 0 0 0 0 0 1 0 0
133 133 linear 2 7 1332 1 0.0001 3.5637081071331274 0.027808379751637656 0.32497683736818195 -0.0034300408302610913 0.25161273432998316 -0.028863010711249242 0.5 0.12528268418296662 4.771806645616345 OK 15 14 0.54172799999999999 0.415352 0.23367599999999999 0.304454 0.17737700000000001 0 0.23727399999999998 0.23797499999999999 0.23367599999999999 0.0096500000000000006 0.0097210000000000005 0.010387 0.2057200000000001 0.20635499999999996 0.20247099999999993 0.0038659999999999996 0.0039060000000000002 0.0037760000000000003 0.0012470000000000001 0.0012339999999999999 0.0011920000000000001 4.7718143414122522 4.7718143414122522 4.7718143414122522 0.00027429270548273542 0.00027429270548273542 0.00027429270548273542 1 1 1 Converged Converged Converged OK OK OK 96 96 96 96 96 96 8 8 8 0 0 0 0 1 0 0 1
133 133 linear 2 15 1332 2 0.0001 3.5637081071331274 0.027808379751637656 0.32497683736818195 -0.0034300408302610913 0.25161273432998316 0.01635115796606303 0.5 0.080068515505654358 4.9945783567130686 OK 14 13 0.50386299999999995 0.38125399999999998 0.20177300000000001 0.29322199999999998 0.17158899999999999 0 0.21064099999999997 0.20966499999999999 0.20177300000000001 0.0099150000000000002 0.0099509999999999998 0.0087279999999999996 0.17899700000000004 0.17843799999999999 0.17412400000000003 0.0041770000000000002 0.0040359999999999997 0.0032939999999999996 0.00097600000000000009 0.001023 0.00090600000000000012 4.9945790062181183 4.9945790062181183 4.9945790062181183 0.00043827244765059072 0.00043827244765059072 0.00043827244765059072 1 1 1 Converged Converged Converged OK OK OK 81 81 81 81 81 81 7 7 7 0 0 0 0 1 0 0 1
133 133 linear 2 23 1332 3 0.0001 3.5637081071331274 0.027808379751637656 0.32497683736818195 -0.0034300408302610913 0.25161273432998316 0.061565326643375301 0.5 0.034854346828342084 5.1079395597613804 OK 14 13 0.50691900000000001 0.38393300000000002 0.20261000000000001 0.29825699999999999 0.175487 0 0.20866200000000001 0.20844600000000002 0.20261000000000001 0.009195 0.0096200000000000001 0.0085039999999999994 0.17956700000000003 0.17834700000000001 0.174869 0.0035209999999999998 0.0039100000000000003 0.003532 0.00097099999999999997 0.001065 0.0009639999999999999 5.1079476457875312 5.1079476457875312 5.1079476457875312 0.00044854037540611671 0.00044854037540611671 0.00044854037540611671 1 1 1 Converged Converged Converged OK OK OK 81 81 81 81 81 81 7 7 7 0 0 0 0 1 0 0 1
133 133 linear 3 0 1333 0 0.001 3.5637081071331274 0.027808379751637656 0.32497683736818195 0.26885749504634182 0.42898280014124024 0.20386212757270544 0.5 -0.10744245410098806 2.5684690947813702 OK 11 10 0.41120200000000001 0.41045300000000001 0.120758 0.28135700000000002 0.28815299999999999 0 0.12984499999999999 0.12230000000000002 0.120758 0.0095180000000000004 0.0096240000000000006 0.0089599999999999992 0.092616999999999991 0.089498999999999981 0.089259000000000033 0.0077460000000000011 0.0033490000000000004 0.0030800000000000003 0.001026 0.0010789999999999999 0.00096100000000000005 2.5684691297636619 2.5684691297636619 2.5684691297636619 0.0017313664944837185 0.0017313664944837185 0.0017313664944837185 1 1 1 Converged Converged Converged OK OK OK 74 74 74 74 74 74 6 6 6 0 0 0 0 0 1 0 0
133 133 linear 3 7 1333 1 0.001 3.5637081071331274 0.027808379751637656 0.32497683736818195 0.26885749504634182 0.42898280014124024 0.24342452516535368 0.5 -0.14700485169363631 2.5001751017463021 OK 11 10 0.41727500000000001 0.29557699999999998 0.121916 0.291773 0.15837000000000001 0 0.125502 0.13720699999999997 0.121916 0.0083149999999999995 0.0085000000000000006 0.0079649999999999999 0.097141000000000005 0.10772700000000002 0.094222000000000056 0.0035850000000000005 0.0040089999999999995 0.0035889999999999997 0.00089800000000000014 0.0010840000000000001 0.00095199999999999994 2.5001734927105606 2.5001734927105606 2.5001734927105606 0.0012810444014002725 0.0012810444014002725 0.0012810444014002725 1 1 1 Converged Converged Converged OK OK OK 82 82 82 82 82 82 6 6 6 0 0 0 0 1 0 0 1
133 133 linear 3 15 1333 2 0.001 3.5637081071331274 0.027808379751637656 0.32497683736818195 0.26885749504634182 0.42898280014124024 0.28863869384266594 0.5 -0.19221902037094857 2.408559679623012 OK 11 10 0.41427700000000001 0.28127600000000003 0.120639 0.28591499999999997 0.149973 0 0.12836200000000003 0.13130300000000003 0.120639 0.0084510000000000002 0.0085330000000000007 0.007809 0.099342999999999987 0.10267200000000001 0.094175000000000023 0.0043039999999999997 0.004084 0.0035159999999999996 0.00098299999999999993 0.0010370000000000002 0.00094700000000000003 2.4085580831394227 2.4085580831394227 2.4085580831394227 0.0010655779631110168 0.0010655779631110168 0.0010655779631110168 1 1 1 Converged Converged Converged OK OK OK 82 82 82 82 82 82 6 6 6 0 0 0 0 1 0 0 1
133 133 linear 3 23 1333 3 0.001 3.5637081071331274 0.027808379751637656 0.32497683736818195 0.26885749504634182 0.42898280014124024 0.3338528625199782 0.5 -0.23743318904826083 2.309007483664399 OK 11 10 0.42686800000000003 0.30585600000000002 0.11948 0.300985 0.166077 0 0.12588300000000002 0.13977900000000001 0.11948 0.0084829999999999992 0.0085609999999999992 0.0078130000000000005 0.097599000000000005 0.111501 0.093512999999999999 0.0040869999999999995 0.0039030000000000007 0.0033839999999999999 0.00085699999999999991 0.00088600000000000007 0.00085499999999999997 2.3090056062989328 2.3090056062989328 2.3090056062989328 0.0017683793025297214 0.0017683793025297214 0.0017683793025297214 1 1 1 Converged Converged Converged OK OK OK 82 82 82 82 82 82 6 6 6 0 0 0 0 1 0 0 1
133 133 linear 3 0 1333 0 0.0001 3.5637081071331274 0.027808379751637656 0.32497683736818195 0.26885749504634182 0.42898280014124024 0.20386212757270544 0.5 -0.10744245410098806 2.5684690947813702 OK 11 10 0.43195899999999998 0.422157 0.13774800000000001 0.29097400000000001 0.28067199999999998 0 0.14098499999999997 0.14148500000000003 0.13774800000000001 0.0091470000000000006 0.0095519999999999997 0.0090200000000000002 0.10467800000000006 0.10201899999999996 0.101033 0.0038220000000000003 0.0037659999999999998 0.0044600000000000004 0.0010370000000000002 0.0041879999999999999 0.0011090000000000002 2.5684672407097073 2.5684672407097073 2.5684672407097073 8.858439049520005e-05 8.858439049520005e-05 8.858439049520005e-05 1 1 1 Converged Converged Converged OK OK OK 90 90 90 90 90 90 6 6 6 0 0 0 0 0 1 0 0
133 133 linear 3 7 1333 1 0.0001 3.5637081071331274 0.027808379751637656 0.32497683736818195 0.26885749504634182 0.42898280014124024 0.24342452516535368 0.5 -0.14700485169363631 2.5001751017463021 OK 11 10 0.44239499999999998 0.31869199999999998 0.142517 0.29389199999999999 0.15659100000000001 0 0.148503 0.16210099999999997 0.142517 0.0084499999999999992 0.008574 0.0079900000000000006 0.11558600000000001 0.12941899999999998 0.11116600000000001 0.0044759999999999999 0.004542 0.0043289999999999995 0.0012899999999999999 0.0012880000000000001 0.0012509999999999999 2.5001734445839703 2.5001734445839703 2.5001734445839703 5.2133970838924793e-05 5.2133970838924793e-05 5.2133970838924793e-05 1 1 1 Converged Converged Converged OK OK OK 98 98 98 98 98 98 6 6 6 0 0 0 0 1 0 0 1
133 133 linear 3 15 1333 2 0.0001 3.5637081071331274 0.027808379751637656 0.32497683736818195 0.26885749504634182 0.42898280014124024 0.28863869384266594 0.5 -0.19221902037094857 2.408559679623012 OK 11 10 0.43594300000000002 0.30458000000000002 0.14051900000000001 0.29039700000000002 0.14811299999999999 0 0.14554600000000001 0.15646700000000002 0.14051900000000001 0.0084449999999999994 0.0085210000000000008 0.0079139999999999992 0.11455099999999999 0.12567599999999995 0.11067299999999999 0.0042690000000000002 0.0042750000000000002 0.0042269999999999999 0.0011870000000000001 0.0011869999999999999 0.0012149999999999999 2.4085582701386756 2.4085582701386756 2.4085582701386756 0.00013260150409840946 0.00013260150409840946 0.00013260150409840946 1 1 1 Converged Converged Converged OK OK OK 98 98 98 98 98 98 6 6 6 0 0 0 0 1 0 0 1
133 133 linear 3 23 1333 3 0.0001 3.5637081071331274 0.027808379751637656 0.32497683736818195 0.26885749504634182 0.42898280014124024 0.3338528625199782 0.5 -0.23743318904826083 2.309007483664399 OK 11 10 0.45154699999999998 0.33087299999999997 0.147816 0.29752899999999999 0.16380400000000001 0 0.15401799999999999 0.16706899999999997 0.147816 0.0085109999999999995 0.0085089999999999992 0.0078589999999999997 0.11858799999999994 0.13120299999999996 0.11371800000000007 0.0047089999999999996 0.0051580000000000011 0.0046959999999999997 0.0010369999999999999 0.0011580000000000002 0.0011070000000000001 2.3090062035317014 2.3090062035317014 2.3090062035317014 4.0901927239459287e-05 4.0901927239459287e-05 4.0901927239459287e-05 1 1 1 Converged Converged Converged OK OK OK 106 106 106 106 106 106 6 6 6 0 0 0 0 1 0 0 1
133 133 linear 4 0 1334 0 0.001 3.5637081071331274 0.027808379751637656 0.32497683736818195 -3.5676553875456776 0.43058029344311605 -3.6326507550193141 0.5 3.7290704284910317 1.0203638262651433 OK 12 11 0.316994 0.31743300000000002 0.092804999999999999 0.22034999999999999 0.22291900000000001 0 0.096644000000000008 0.094514000000000015 0.092804999999999999 0.0090910000000000001 0.0090489999999999998 0.0085660000000000007 0.068547999999999998 0.066736000000000004 0.065824000000000008 0.0028650000000000004 0.002797 0.0026489999999999999 0.00055099999999999995 0.00054999999999999992 0.00056000000000000006 1.0203600901105705 1.0203600901105705 1.0203600901105705 0.00055604271177366645 0.00055604271177366645 0.00055604271177366645 1 1 1 Converged Converged Converged OK OK OK 53 53 53 53 53 53 3 3 3 0 0 0 0 0 1 0 0
133 133 linear 4 7 1334 1 0.001 3.5637081071331274 0.027808379751637656 0.32497683736818195 -3.5676553875456776 0.43058029344311605 -3.5930883574266659 0.5 3.6895080308983834 1.0223641351189909 OK 12 11 0.31204799999999999 0.22024299999999999 0.086830000000000004 0.219641 0.12645200000000001 0 0.092406999999999989 0.093790999999999985 0.086830000000000004 0.0082699999999999996 0.0081860000000000006 0.0076709999999999999 0.066639000000000018 0.069268999999999997 0.063165000000000013 0.0033140000000000005 0.0028600000000000001 0.0027699999999999999 0.00061399999999999996 0.00056300000000000002 0.00053800000000000007 1.0223602664190052 1.0223602664190052 1.0223602664190052 0.00057828033748705103 0.00057828033748705103 0.00057828033748705103 1 1 1 Converged Converged Converged OK OK OK 53 53 53 53 53 53 3 3 3 0 0 0 0 1 0 0 1
133 133 linear 4 15 1334 2 0.001 3.5637081071331274 0.027808379751637656 0.32497683736818195 -3.5676553875456776 0.43058029344311605 -3.5478741887493532 0.5 3.6442938622210708 1.0249807828806665 OK 12 11 0.31150899999999998 0.21637799999999999 0.084579000000000001 0.222273 0.12434000000000001 0 0.089235999999999982 0.092037999999999981 0.084579000000000001 0.0082959999999999996 0.0081480000000000007 0.007626 0.063843999999999998 0.067293000000000006 0.060874999999999978 0.0029290000000000002 0.0030119999999999999 0.0028630000000000001 0.00058100000000000003 0.00054800000000000009 0.00053300000000000005 1.024976807275656 1.024976807275656 1.024976807275656 0.00060499167980813126 0.00060499167980813126 0.00060499167980813126 1 1 1 Converged Converged Converged OK OK OK 53 53 53 53 53 53 3 3 3 0 0 0 0 1 0 0 1
133 133 linear 4 23 1334 3 0.001 3.5637081071331274 0.027808379751637656 0.32497683736818195 -3.5676553875456776 0.43058029344311605 -3.502660020072041 0.5 3.5990796935437586 1.0279730628178509 OK 12 11 0.30852299999999999 0.216395 0.086004999999999998 0.218031 0.122894 0 0.090491999999999989 0.093501000000000001 0.086004999999999998 0.0081869999999999998 0.0081829999999999993 0.0076119999999999998 0.06542400000000001 0.068934999999999996 0.062529000000000001 0.002947 0.002794 0.0026640000000000001 0.000544 0.00055999999999999995 0.00054599999999999994 1.0279688945583099 1.0279688945583099 1.0279688945583099 0.00063302766075862445 0.00063302766075862445 0.00063302766075862445 1 1 1 Converged Converged Converged OK OK OK 53 53 53 53 53 53 3 3 3 0 0 0 0 1 0 0 1
133 133 linear 4 0 1334 0 0.0001 3.5637081071331274 0.027808379751637656 0.32497683736818195 -3.5676553875456776 0.43058029344311605 -3.6326507550193141 0.5 3.7290704284910317 1.0203638262651433 OK 12 11 0.32472299999999998 0.323015 0.101768 0.21868799999999999 0.219808 0 0.10603499999999999 0.10320699999999999 0.101768 0.0088520000000000005 0.0088120000000000004 0.0084209999999999997 0.075023999999999993 0.072382000000000044 0.071902000000000021 0.0032739999999999996 0.0032109999999999999 0.0032079999999999999 0.00066400000000000009 0.00072099999999999996 0.00066 1.0203632071204101 1.0203632071204101 1.0203632071204101 1.3709876486725802e-05 1.3709876486725802e-05 1.3709876486725802e-05 1 1 1 Converged Converged Converged OK OK OK 61 61 61 61 61 61 3 3 3 0 0 0 0 0 1 0 0
133 133 linear 4 7 1334 1 0.0001 3.5637081071331274 0.027808379751637656 0.32497683736818195 -3.5676553875456776 0.43058029344311605 -3.5930883574266659 0.5 3.6895080308983834 1.0223641351189909 OK 12 11 0.31927 0.23500299999999999 0.095333000000000001 0.21924299999999999 0.12304 0 0.100027 0.11196299999999999 0.095333000000000001 0.0082690000000000003 0.0081700000000000002 0.0076290000000000004 0.072472000000000009 0.084915999999999978 0.069221000000000019 0.0033410000000000002 0.0032930000000000004 0.0032729999999999999 0.000669 0.00067699999999999998 0.00064999999999999997 1.0223635014857586 1.0223635014857586 1.0223635014857586 1.5156430902460818e-05 1.5156430902460818e-05 1.5156430902460818e-05 1 1 1 Converged Converged Converged OK OK OK 61 61 61 61 61 61 3 3 3 0 0 0 0 1 0 0 1
133 133 linear 4 15 1334 2 0.0001 3.5637081071331274 0.027808379751637656 0.32497683736818195 -3.5676553875456776 0.43058029344311605 -3.5478741887493532 0.5 3.6442938622210708 1.0249807828806665 OK 12 11 0.31695200000000001 0.228656 0.093149999999999997 0.21609600000000001 0.11934500000000001 0 0.100856 0.10931099999999999 0.093149999999999997 0.0080470000000000003 0.0081860000000000006 0.0076280000000000002 0.070369999999999974 0.082329999999999987 0.067043000000000005 0.0032810000000000001 0.0033630000000000001 0.003222 0.00066599999999999993 0.0006739999999999999 0.00064899999999999995 1.0249801840135329 1.0249801840135329 1.0249801840135329 1.6902190392434384e-05 1.6902190392434384e-05 1.6902190392434384e-05 1 1 1 Converged Converged Converged OK OK OK 61 61 61 61 61 61 3 3 3 0 0 0 0 1 0 0 1
133 133 linear 4 23 1334 3 0.0001 3.5637081071331274 0.027808379751637656 0.32497683736818195 -3.5676553875456776 0.43058029344311605 -3.502660020072041 0.5 3.5990796935437586 1.0279730628178509 OK 12 11 0.314471 0.23198099999999999 0.094988000000000003 0.21595200000000001 0.12076199999999999 0 0.098518999999999995 0.111219 0.094988000000000003 0.0080540000000000004 0.0081550000000000008 0.0076010000000000001 0.07173000000000003 0.084176000000000001 0.068972999999999965 0.0031060000000000003 0.0032439999999999999 0.0031880000000000003 0.00066299999999999996 0.00066500000000000001 0.00065899999999999997 1.027972420601351 1.027972420601351 1.027972420601351 1.8609211898206688e-05 1.8609211898206688e-05 1.8609211898206688e-05 1 1 1 Converged Converged Converged OK OK OK 61 61 61 61 61 61 3 3 3 0 0 0 0 1 0 0 1
133 133 uniform 0 0 1335 0 0.001 3.5637081071331274 0.027808379751637656 0.32497683736818195 -3.1079421876560422 0.0018732408318738736 -3.1729375551296788 0 3.2693572286013963 1.4348450904318726 OK 16 15 0.57342800000000005 0.57731399999999999 0.17349500000000001 0.39841300000000002 0.40021899999999999 0 0.17501500000000003 0.177095 0.17349500000000001 0.013729 0.013948 0.013387 0.12396399999999995 0.12453499999999999 0.12317099999999999 0.0041489999999999999 0.0051219999999999998 0.0043410000000000011 0.0011699999999999998 0.001204 0.0011900000000000001 1.4348333536679467 1.4348333536679467 1.4348333536679467 0.00093092890820799885 0.00093092890820799885 0.00093092890820799885 1 1 1 Converged Converged Converged OK OK OK 109 109 109 109 109 109 11 11 11 0 0 0 0 0 1 0 0
133 133 uniform 0 7 1335 1 0.001 3.5637081071331274 0.027808379751637656 0.32497683736818195 -3.1079421876560422 0.0018732408318738736 -3.1333751575370306 0 3.2297948310087481 1.4325813874557836 OK 16 15 0.41522599999999998 0.33396799999999999 0.14891199999999999 0.26809500000000003 0.17180799999999999 0 0.14713099999999996 0.16216 0.14891199999999999 0.01239 0.012913000000000001 0.011650000000000001 0.11019799999999999 0.12353700000000001 0.112835 0.0039700000000000004 0.0044299999999999999 0.0041279999999999997 0.001054 0.0012409999999999999 0.0011540000000000001 1.4325486046202138 1.4325486046202138 1.4325486046202138 0.001068274329871767 0.001068274329871767 0.001068274329871767 1 1 1 Converged Converged Converged OK OK OK 109 109 109 109 109 109 11 11 11 0 0 0 0 1 0 0 1
133 133 uniform 0 15 1335 2 0.001 3.5637081071331274 0.027808379751637656 0.32497683736818195 -3.1079421876560422 0.0018732408318738736 -3.0881609888597179 0 3.1845806623314354 1.4263342973478974 OK 16 15 0.52033200000000002 0.438973 0.14869499999999999 0.37086999999999998 0.27534399999999998 0 0.14946200000000004 0.16362900000000002 0.14869499999999999 0.012558 0.012704999999999999 0.011639999999999999 0.11012799999999998 0.12284599999999994 0.11032700000000002 0.0043790000000000001 0.0052469999999999999 0.0045910000000000005 0.0010189999999999999 0.0011180000000000001 0.0010749999999999998 1.4263530037603909 1.4263530037603909 1.4263530037603909 0.00095884420820378639 0.00095884420820378639 0.00095884420820378639 1 1 1 Converged Converged Converged OK OK OK 117 117 117 117 117 117 11 11 11 0 0 0 0 1 0 0 1
133 133 uniform 0 23 1335 3 0.001 3.5637081071331274 0.027808379751637656 0.32497683736818195 -3.1079421876560422 0.0018732408318738736 -3.0429468201824057 0 3.1393664936541232 1.4151786077672033 OK 16 15 0.55028299999999997 0.46436699999999997 0.14779300000000001 0.400314 0.30381999999999998 0 0.14996899999999996 0.160547 0.14779300000000001 0.012465 0.012609 0.01162 0.11205400000000003 0.12207299999999997 0.11161399999999998 0.0047869999999999996 0.0051250000000000002 0.0044639999999999992 0.0010790000000000001 0.0011130000000000001 0.001116 1.4152028044553322 1.4152028044553322 1.4152028044553322 0.00090809797722610133 0.00090809797722610133 0.00090809797722610133 1 1 1 Converged Converged Converged OK OK OK 117 117 117 117 117 117 11 11 11 0 0 0 0 1 0 0 1
133 133 uniform 0 0 1335 0 0.0001 3.5637081071331274 0.027808379751637656 0.32497683736818195 -3.1079421876560422 0.0018732408318738736 -3.1729375551296788 0 3.2693572286013963 1.4348450904318726 OK 16 15 0.60150499999999996 0.59876499999999999 0.19785 0.39747199999999999 0.39929199999999998 0 0.20403299999999996 0.19947300000000001 0.19785 0.018341 0.014175999999999999 0.01354 0.13891599999999993 0.13938099999999998 0.13849299999999998 0.0057309999999999991 0.0057030000000000006 0.0059810000000000002 0.0018489999999999999 0.0016609999999999999 0.001663 1.4348422999926849 1.4348422999926849 1.4348422999926849 0.00011077529937959533 0.00011077529937959533 0.00011077529937959533 1 1 1 Converged Converged Converged OK OK OK 133 133 133 133 133 133 11 11 11 0 0 0 0 0 1 0 0
133 133 uniform 0 7 1335 1 0.0001 3.5637081071331274 0.027808379751637656 0.32497683736818195 -3.1079421876560422 0.0018732408318738736 -3.1333751575370306 0 3.2297948310087481 1.4325813874557836 OK 16 15 0.473887 0.397032 0.207265 0.26375799999999999 0.17510500000000001 0 0.21012900000000001 0.22192699999999999 0.207265 0.012614 0.012832 0.01191 0.15717899999999999 0.16943699999999998 0.15628499999999992 0.0080730000000000003 0.0081840000000000003 0.0079650000000000016 0.001642 0.0017299999999999998 0.001652 1.4325828722105982 1.4325828722105982 1.4325828722105982 0.00010323485443025877 0.00010323485443025877 0.00010323485443025877 1 1 1 Converged Converged Converged OK OK OK 165 165 165 165 165 165 11 11 11 0 0 0 0 1 0 0 1
133 133 uniform 0 15 1335 2 0.0001 3.5637081071331274 0.027808379751637656 0.32497683736818195 -3.1079421876560422 0.0018732408318738736 -3.0881609888597179 0 3.1845806623314354 1.4263342973478974 OK 16 15 0.58016000000000001 0.48700599999999999 0.20058799999999999 0.374386 0.27211099999999999 0 0.20577400000000001 0.214895 0.20058799999999999 0.012645999999999999 0.012571000000000001 0.011734 0.15401199999999995 0.1652320000000001 0.15256499999999992 0.0089370000000000005 0.0082100000000000003 0.0078370000000000002 0.0016429999999999999 0.0015650000000000002 0.001606 1.4263366664911667 1.4263366664911667 1.4263366664911667 0.00013736278637344228 0.00013736278637344228 0.00013736278637344228 1 1 1 Converged Converged Converged OK OK OK 165 165 165 165 165 165 11 11 11 0 0 0 0 1 0 0 1
133 133 uniform 0 23 1335 3 0.0001 3.5637081071331274 0.027808379751637656 0.32497683736818195 -3.1079421876560422 0.0018732408318738736 -3.0429468201824057 0 3.1393664936541232 1.4151786077672033 OK 16 15 0.64834999999999998 0.55315199999999998 0.230657 0.40664400000000001 0.30427199999999999 0 0.24170599999999998 0.24887999999999999 0.230657 0.012777 0.012892000000000001 0.011524 0.18043800000000002 0.18759699999999999 0.17433699999999999 0.010727 0.010856000000000001 0.0089200000000000008 0.001861 0.0018940000000000001 0.0018259999999999999 1.4151764906896611 1.4151764906896611 1.4151764906896611 0.00010206251372215345 0.00010206251372215345 0.00010206251372215345 1 1 1 Converged Converged Converged OK OK OK 181 181 181 181 181 181 11 11 11 0 0 0 0 1 0 0 1
133 133 uniform 1 0 1336 0 0.001 3.5637081071331274 0.027808379751637656 0.32497683736818195 -0.046419171406131186 -0.037974711857509856 -0.11141453887976757 0 0.20783421235148497 5.5255274917362733 OK 15 14 0.47437099999999999 0.47150799999999998 0.158971 0.31337500000000001 0.31277100000000002 0 0.16099599999999997 0.15873699999999996 0.158971 0.011560000000000001 0.010909 0.011358 0.12038000000000006 0.12020899999999997 0.11977900000000002 0.0037799999999999995 0.0032629999999999998 0.0033270000000000001 0.00087199999999999995 0.00083600000000000005 0.00089400000000000005 5.5255267584328127 5.5255267584328127 5.5255267584328127 0.0023016828905131829 0.0023016828905131829 0.0023016828905131829 1 1 1 Converged Converged Converged OK OK OK 87 87 87 87 87 87 9 9 9 0 0 0 0 0 1 0 0
133 133 uniform 1 7 1336 1 0.001 3.5637081071331274 0.027808379751637656 0.32497683736818195 -0.046419171406131186 -0.037974711857509856 -0.071852141287119337 0 0.16827181475883674 5.7547601546511205 OK 15 14 0.56812600000000002 0.44905699999999998 0.16090499999999999 0.40236499999999997 0.27707900000000002 0 0.16576100000000005 0.17197799999999996 0.16090499999999999 0.0094789999999999996 0.0097090000000000006 0.00894 0.13255400000000001 0.13777400000000004 0.12898299999999996 0.0036099999999999999 0.0041860000000000005 0.0036480000000000002 0.00097100000000000007 0.0010379999999999999 0.0010219999999999999 5.7547585777074817 5.7547585777074817 5.7547585777074817 0.00084270950681521715 0.00084270950681521715 0.00084270950681521715 1 1 1 Converged Converged Converged OK OK OK 95 95 95 95 95 95 9 9 9 0 0 0 0 1 0 0 1
133 133 uniform 1 15 1336 2 0.001 3.5637081071331274 0.027808379751637656 0.32497683736818195 -0.046419171406131186 -0.037974711857509856 -0.026637972609807065 0 0.12305764608152445 5.9425088700497772 OK 14 13 0.531698 0.41809600000000002 0.14791699999999999 0.381911 0.25762000000000002 0 0.149787 0.16047600000000001 0.14791699999999999 0.0094540000000000006 0.0096209999999999993 0.0090139999999999994 0.11987300000000002 0.12829700000000008 0.11911599999999999 0.0031920000000000004 0.0042850000000000006 0.0031789999999999995 0.00097599999999999998 0.001103 0.00095999999999999992 5.9425088299418869 5.9425088299418869 5.9425088299418869 0.00016869843175885575 0.00016869843175885575 0.00016869843175885575 1 1 1 Converged Converged Converged OK OK OK 88 88 88 88 88 88 8 8 8 0 0 0 0 1 0 0 1
133 133 uniform 1 23 1336 3 0.001 3.5637081071331274 0.027808379751637656 0.32497683736818195 -0.046419171406131186 -0.037974711857509856 0.018576196067505206 0 0.077843477404212186 6.0631838397914866 OK 14 13 0.52120299999999997 0.39991599999999999 0.13345000000000001 0.38573400000000002 0.26153100000000001 0 0.13546899999999995 0.13838499999999998 0.13345000000000001 0.009299 0.0095200000000000007 0.0088109999999999994 0.10878499999999998 0.110678 0.10797000000000001 0.0028240000000000001 0.0033959999999999997 0.0027550000000000001 0.00078699999999999994 0.00090499999999999999 0.00077200000000000001 6.0631841263691868 6.0631841263691868 6.0631841263691868 0.0012064673763594418 0.0012064673763594418 0.0012064673763594418 1 1 1 Converged Converged Converged OK OK OK 80 80 80 80 80 80 8 8 8 0 0 0 0 1 0 0 1
133 133 uniform 1 0 1336 0 0.0001 3.5637081071331274 0.027808379751637656 0.32497683736818195 -0.046419171406131186 -0.037974711857509856 -0.11141453887976757 0 0.20783421235148497 5.5255274917362733 OK 15 14 0.494369 0.49036400000000002 0.179475 0.31328800000000001 0.30942999999999998 0 0.18108099999999999 0.18093400000000004 0.179475 0.011161000000000001 0.011191 0.010643 0.135604 0.13572999999999993 0.135517 0.0039909999999999998 0.0040990000000000011 0.0038570000000000006 0.0011430000000000001 0.001121 0.0011380000000000001 5.5255274126119893 5.5255274126119893 5.5255274126119893 0.00017432639053677302 0.00017432639053677302 0.00017432639053677302 1 1 1 Converged Converged Converged OK OK OK 103 103 103 103 103 103 9 9 9 0 0 0 0 0 1 0 0
133 133 uniform 1 7 1336 1 0.0001 3.5637081071331274 0.027808379751637656 0.32497683736818195 -0.046419171406131186 -0.037974711857509856 -0.071852141287119337 0 0.16827181475883674 5.7547601546511205 OK 15 14 0.58745700000000001 0.46328599999999998 0.17802599999999999 0.405337 0.28035300000000002 0 0.18212 0.18293299999999996 0.17802599999999999 0.0096179999999999998 0.0096530000000000001 0.0088319999999999996 0.144287 0.14592600000000006 0.14302000000000001 0.0052989999999999999 0.0049170000000000004 0.0044790000000000003 0.0011259999999999998 0.0011149999999999999 0.0010450000000000001 5.7547600859049908 5.7547600859049908 5.7547600859049908 0.00021075700234302205 0.00021075700234302205 0.00021075700234302205 1 1 1 Converged Converged Converged OK OK OK 111 111 111 111 111 111 9 9 9 0 0 0 0 1 0 0 1
133 133 uniform 1 15 1336 2 0.0001 3.5637081071331274 0.027808379751637656 0.32497683736818195 -0.046419171406131186 -0.037974711857509856 -0.026637972609807065 0 0.12305764608152445 5.9425088700497772 OK 14 13 0.53125900000000004 0.41140900000000002 0.14835499999999999 0.38000499999999998 0.25840099999999999 0 0.15125400000000006 0.15300800000000003 0.14835499999999999 0.0095650000000000006 0.0094079999999999997 0.0089239999999999996 0.12056200000000003 0.12315999999999999 0.11963799999999997 0.003689 0.0032829999999999999 0.0033189999999999999 0.00095 0.00097900000000000005 0.0009540000000000001 5.9425088299418869 5.9425088299418869 5.9425088299418869 0.00016869843175885575 0.00016869843175885575 0.00016869843175885575 1 1 1 Converged Converged Converged OK OK OK 88 88 88 88 88 88 8 8 8 0 0 0 0 1 0 0 1
133 133 uniform 1 23 1336 3 0.0001 3.5637081071331274 0.027808379751637656 0.32497683736818195 -0.046419171406131186 -0.037974711857509856 0.018576196067505206 0 0.077843477404212186 6.0631838397914866 OK 14 13 0.52689699999999995 0.40573700000000001 0.14000699999999999 0.38552599999999998 0.25747599999999998 0 0.14137099999999997 0.14826100000000003 0.14000699999999999 0.0094039999999999992 0.0095139999999999999 0.0087419999999999998 0.11308799999999998 0.11975599999999996 0.11312399999999997 0.0030710000000000008 0.0032259999999999997 0.0030230000000000001 0.00091399999999999999 0.0010059999999999999 0.00092200000000000008 6.0631837997593712 6.0631837997593712 6.0631837997593712 0.00018072714587740238 0.00018072714587740238 0.00018072714587740238 1 1 1 Converged Converged Converged OK OK OK 88 88 88 88 88 88 8 8 8 0 0 0 0 1 0 0 1
133 133 uniform 2 0 1337 0 0.001 3.5637081071331274 0.027808379751637656 0.32497683736818195 -0.0034300408302610913 0.25161273432998316 -0.068425408303897484 0 0.16484508177561485 4.593438140198348 OK 15 14 0.45987899999999998 0.457264 0.15820400000000001 0.30027399999999999 0.29834899999999998 0 0.159605 0.15891500000000003 0.15820400000000001 0.011276 0.010933999999999999 0.011013999999999999 0.12160200000000002 0.12138399999999996 0.12111700000000003 0.0030790000000000001 0.0031779999999999998 0.003091 0.00089500000000000018 0.00092700000000000009 0.00089300000000000002 4.5934390031954635 4.5934390031954635 4.5934390031954635 0.0014873742082843757 0.0014873742082843757 0.0014873742082843757 1 1 1 Converged Converged Converged OK OK OK 87 87 87 87 87 87 9 9 9 0 0 0 0 0 1 0 0
133 133 uniform 2 7 1337 1 0.001 3.5637081071331274 0.027808379751637656 0.32497683736818195 -0.0034300408302610913 0.25161273432998316 -0.028863010711249242 0 0.12528268418296662 4.849500978672121 OK 15 14 0.44343900000000003 0.32242500000000002 0.141457 0.30444900000000003 0.179788 0 0.13899 0.14263700000000001 0.141457 0.0096179999999999998 0.0098390000000000005 0.012388 0.11230500000000003 0.11469699999999997 0.11166799999999996 0.0027540000000000004 0.0032139999999999998 0.0030330000000000001 0.00077499999999999997 0.00088499999999999994 0.00087399999999999999 4.8495017200454225 4.8495017200454225 4.8495017200454225 0.0010539329918523711 0.0010539329918523711 0.0010539329918523711 1 1 1 Converged Converged Converged OK OK OK 80 80 80 80 80 80 8 8 8 0 0 0 0 1 0 0 1
133 133 uniform 2 15 1337 2 0.001 3.5637081071331274 0.027808379751637656 0.32497683736818195 -0.0034300408302610913 0.25161273432998316 0.01635115796606303 0 0.080068515505654358 5.0300836598843732 OK 14 13 0.43316500000000002 0.31350899999999998 0.13780999999999999 0.29202600000000001 0.1699 0 0.14113900000000001 0.14360899999999999 0.13780999999999999 0.0096080000000000002 0.0096240000000000006 0.0088789999999999997 0.11122099999999994 0.11436 0.110128 0.0034000000000000002 0.0033689999999999996 0.0030980000000000005 0.00094699999999999993 0.00093099999999999997 0.00093599999999999998 5.0300836420694086 5.0300836420694086 5.0300836420694086 0.00013911977953195748 0.00013911977953195748 0.00013911977953195748 1 1 1 Converged Converged Converged OK OK OK 81 81 81 81 81 81 7 7 7 0 0 0 0 1 0 0 1
133 133 uniform 2 23 1337 3 0.001 3.5637081071331274 0.027808379751637656 0.32497683736818195 -0.0034300408302610913 0.25161273432998316 0.061565326643375301 0 0.034854346828342084 5.1190229097404671 OK 14 13 0.43830400000000003 0.32276500000000002 0.14030599999999999 0.29558800000000002 0.173378 0 0.14271600000000001 0.14938700000000002 0.14030599999999999 0.0092339999999999992 0.0094610000000000007 0.0084939999999999998 0.11407199999999995 0.11710899999999999 0.11329499999999997 0.0031219999999999998 0.0032620000000000001 0.0030900000000000003 0.00093499999999999996 0.0009859999999999999 0.0008879999999999999 5.1190228677120082 5.1190228677120082 5.1190228677120082 0.00014068691635411 0.00014068691635411 0.00014068691635411 1 1 1 Converged Converged Converged OK OK OK 81 81 81 81 81 81 7 7 7 0 0 0 0 1 0 0 1
133 133 uniform 2 0 1337 0 0.0001 3.5637081071331274 0.027808379751637656 0.32497683736818195 -0.0034300408302610913 0.25161273432998316 -0.068425408303897484 0 0.16484508177561485 4.593438140198348 OK 15 14 0.48410500000000001 0.48162500000000003 0.18331700000000001 0.30138100000000001 0.298489 0 0.182724 0.18313600000000002 0.18331700000000001 0.010512000000000001 0.010547000000000001 0.010895 0.13867199999999999 0.13948200000000002 0.13858800000000002 0.0042469999999999999 0.0041410000000000006 0.0045739999999999999 0.0011550000000000002 0.00114 0.0011709999999999999 4.5934382795122115 4.5934382795122115 4.5934382795122115 0.00028277201509145763 0.00028277201509145763 0.00028277201509145763 1 1 1 Converged Converged Converged OK OK OK 111 111 111 111 111 111 9 9 9 0 0 0 0 0 1 0 0
133 133 uniform 2 7 1337 1 0.0001 3.5637081071331274 0.027808379751637656 0.32497683736818195 -0.0034300408302610913 0.25161273432998316 -0.028863010711249242 0 0.12528268418296662 4.849500978672121 OK 15 14 0.45619700000000002 0.32419900000000001 0.14383699999999999 0.31042999999999998 0.176287 0 0.14576700000000004 0.14791200000000002 0.14383699999999999 0.0095860000000000008 0.0097179999999999992 0.0092189999999999998 0.116947 0.11883099999999995 0.11604299999999997 0.0031249999999999997 0.003362 0.0031339999999999996 0.0010060000000000002 0.0010349999999999999 0.00098299999999999993 4.8495009897663648 4.8495009897663648 4.8495009897663648 0.0001189897504036966 0.0001189897504036966 0.0001189897504036966 1 1 1 Converged Converged Converged OK OK OK 88 88 88 88 88 88 8 8 8 0 0 0 0 1 0 0 1
133 133 uniform 2 15 1337 2 0.0001 3.5637081071331274 0.027808379751637656 0.32497683736818195 -0.0034300408302610913 0.25161273432998316 0.01635115796606303 0 0.080068515505654358 5.0300836598843732 OK 14 13 0.432645 0.31478 0.13791300000000001 0.292819 0.17214699999999999 0 0.13982600000000001 0.14263300000000001 0.13791300000000001 0.0093509999999999999 0.0095010000000000008 0.0089110000000000005 0.11107799999999995 0.11392200000000005 0.11033999999999998 0.003088 0.0032669999999999999 0.0031409999999999997 0.00086100000000000011 0.00090099999999999989 0.00093800000000000003 5.0300836420694086 5.0300836420694086 5.0300836420694086 0.00013911977953195748 0.00013911977953195748 0.00013911977953195748 1 1 1 Converged Converged Converged OK OK OK 81 81 81 81 81 81 7 7 7 0 0 0 0 1 0 0 1
133 133 uniform 2 23 1337 3 0.0001 3.5637081071331274 0.027808379751637656 0.32497683736818195 -0.0034300408302610913 0.25161273432998316 0.061565326643375301 0 0.034854346828342084 5.1190229097404671 OK 14 13 0.44366100000000003 0.31873000000000001 0.139933 0.29875699999999999 0.17396500000000001 0 0.14490400000000003 0.144765 0.139933 0.0090469999999999995 0.0091889999999999993 0.0085470000000000008 0.11679400000000004 0.11677 0.11293700000000001 0.0030270000000000002 0.0029740000000000001 0.0030340000000000002 0.0009140000000000001 0.00094499999999999998 0.00090899999999999998 5.1190228677120082 5.1190228677120082 5.1190228677120082 0.00014068691635411 0.00014068691635411 0.00014068691635411 1 1 1 Converged Converged Converged OK OK OK 81 81 81 81 81 81 7 7 7 0 0 0 0 1 0 0 1
133 133 uniform 3 0 1338 0 0.001 3.5637081071331274 0.027808379751637656 0.32497683736818195 0.26885749504634182 0.42898280014124024 0.20386212757270544 0 -0.10744245410098806 2.5868878540080478 OK 11 10 0.39038499999999998 0.38606499999999999 0.102335 0.28792899999999999 0.28270899999999999 0 0.10245599999999999 0.103356 0.102335 0.0091900000000000003 0.0093530000000000002 0.0090419999999999997 0.069991999999999999 0.070105000000000015 0.069486999999999965 0.0032000000000000006 0.0033830000000000002 0.0036449999999999998 0.00081999999999999998 0.00087799999999999998 0.00099299999999999996 2.5868878053058295 2.5868878053058295 2.5868878053058295 0.00082040822076424489 0.00082040822076424489 0.00082040822076424489 1 1 1 Converged Converged Converged OK OK OK 82 82 82 82 82 82 6 6 6 0 0 0 0 0 1 0 0
133 133 uniform 3 7 1338 1 0.001 3.5637081071331274 0.027808379751637656 0.32497683736818195 0.26885749504634182 0.42898280014124024 0.24342452516535368 0 -0.14700485169363631 2.5167793655287714 OK 11 10 0.39480399999999999 0.26944600000000002 0.099339999999999998 0.29417300000000002 0.158664 0 0.10063099999999997 0.11078200000000002 0.099339999999999998 0.0084200000000000004 0.0085210000000000008 0.0078930000000000007 0.07363500000000002 0.083378999999999981 0.073216000000000003 0.0033080000000000002 0.003395 0.0033370000000000001 0.00085999999999999987 0.00084100000000000017 0.00085300000000000003 2.5167793586146181 2.5167793586146181 2.5167793586146181 0.00065483613901341157 0.00065483613901341157 0.00065483613901341157 1 1 1 Converged Converged Converged OK OK OK 82 82 82 82 82 82 6 6 6 0 0 0 0 1 0 0 1
133 133 uniform 3 15 1338 2 0.001 3.5637081071331274 0.027808379751637656 0.32497683736818195 0.26885749504634182 0.42898280014124024 0.28863869384266594 0 -0.19221902037094857 2.4229758390575862 OK 11 10 0.377583 0.24907599999999999 0.091097999999999998 0.28562100000000001 0.14843999999999999 0 0.091961999999999988 0.100636 0.091097999999999998 0.0084159999999999999 0.011583 0.0078910000000000004 0.066918999999999979 0.071907999999999972 0.06701399999999999 0.0028789999999999996 0.0030670000000000003 0.0028500000000000001 0.000687 0.00079199999999999995 0.00067000000000000002 2.4229777864485884 2.4229777864485884 2.4229777864485884 0.002213107908672185 0.002213107908672185 0.002213107908672185 1 1 1 Converged Converged Converged OK OK OK 74 74 74 74 74 74 6 6 6 0 0 0 0 1 0 0 1
133 133 uniform 3 23 1338 3 0.001 3.5637081071331274 0.027808379751637656 0.32497683736818195 0.26885749504634182 0.42898280014124024 0.3338528625199782 0 -0.23743318904826083 2.3213140249424336 OK 11 10 0.40125899999999998 0.279534 0.098558999999999994 0.30040299999999998 0.16434000000000001 0 0.100856 0.11519399999999999 0.098558999999999994 0.0083630000000000006 0.0085019999999999991 0.0078510000000000003 0.074203999999999978 0.087868000000000002 0.073040999999999953 0.0032199999999999998 0.0037299999999999998 0.0031909999999999998 0.00077899999999999996 0.00083000000000000012 0.0007899999999999999 2.3213134356763172 2.3213134356763172 2.3213134356763172 0.0014271346600574072 0.0014271346600574072 0.0014271346600574072 1 1 1 Converged Converged Converged OK OK OK 82 82 82 82 82 82 6 6 6 0 0 0 0 1 0 0 1
133 133 uniform 3 0 1338 0 0.0001 3.5637081071331274 0.027808379751637656 0.32497683736818195 0.26885749504634182 0.42898280014124024 0.20386212757270544 0 -0.10744245410098806 2.5868878540080478 OK 11 10 0.395619 0.39632699999999998 0.11194800000000001 0.281607 0.28234799999999999 0 0.114012 0.113979 0.11194800000000001 0.0095149999999999992 0.0094990000000000005 0.0089650000000000007 0.07715799999999999 0.077945999999999988 0.076736000000000026 0.003673 0.0035879999999999996 0.0036259999999999999 0.0010450000000000001 0.00096900000000000003 0.001042 2.5868877615566093 2.5868877615566093 2.5868877615566093 8.9279063192996771e-05 8.9279063192996771e-05 8.9279063192996771e-05 1 1 1 Converged Converged Converged OK OK OK 90 90 90 90 90 90 6 6 6 0 0 0 0 0 1 0 0
133 133 uniform 3 7 1338 1 0.0001 3.5637081071331274 0.027808379751637656 0.32497683736818195 0.26885749504634182 0.42898280014124024 0.24342452516535368 0 -0.14700485169363631 2.5167793655287714 OK 11 10 0.41222500000000001 0.29313899999999998 0.116883 0.293877 0.156663 0 0.11834800000000001 0.13647599999999999 0.116883 0.008397 0.0084499999999999992 0.0079279999999999993 0.086585000000000051 0.10450500000000003 0.085993000000000028 0.0038740000000000003 0.004032 0.004032 0.0011289999999999998 0.001129 0.001139 2.5167792870814969 2.5167792870814969 2.5167792870814969 7.3568743253608166e-05 7.3568743253608166e-05 7.3568743253608166e-05 1 1 1 Converged Converged Converged OK OK OK 98 98 98 98 98 98 6 6 6 0 0 0 0 1 0 0 1
133 133 uniform 3 15 1338 2 0.0001 3.5637081071331274 0.027808379751637656 0.32497683736818195 0.26885749504634182 0.42898280014124024 0.28863869384266594 0 -0.19221902037094857 2.4229758390575862 OK 11 10 0.41103499999999998 0.284862 0.12692300000000001 0.28494000000000003 0.145954 0 0.12609499999999996 0.138908 0.12692300000000001 0.0085269999999999999 0.0085000000000000006 0.007809 0.090440999999999938 0.10340100000000006 0.093561999999999951 0.0046379999999999998 0.0047239999999999999 0.004346 0.001163 0.001111 0.0010549999999999999 2.4229757917960737 2.4229757917960737 2.4229757917960737 0.00011498517404589172 0.00011498517404589172 0.00011498517404589172 1 1 1 Converged Converged Converged OK OK OK 106 106 106 106 106 106 6 6 6 0 0 0 0 1 0 0 1
133 133 uniform 3 23 1338 3 0.0001 3.5637081071331274 0.027808379751637656 0.32497683736818195 0.26885749504634182 0.42898280014124024 0.3338528625199782 0 -0.23743318904826083 2.3213140249424336 OK 11 10 0.421186 0.30336200000000002 0.12088400000000001 0.29835099999999998 0.164157 0 0.12283500000000003 0.13920500000000002 0.12088400000000001 0.0084729999999999996 0.0085269999999999999 0.0077470000000000004 0.089411000000000004 0.10578400000000003 0.08892300000000003 0.004568 0.0045239999999999994 0.004365 0.001044 0.0010809999999999999 0.0010679999999999999 2.3213140312373182 2.3213140312373182 2.3213140312373182 5.8826479741448582e-05 5.8826479741448582e-05 5.8826479741448582e-05 1 1 1 Converged Converged Converged OK OK OK 106 106 106 106 106 106 6 6 6 0 0 0 0 1 0 0 1
133 133 uniform 4 0 1339 0 0.001 3.5637081071331274 0.027808379751637656 0.32497683736818195 -3.5676553875456776 0.43058029344311605 -3.6326507550193141 0 3.7290704284910317 1.0207854799720217 OK 12 11 0.30333399999999999 0.30216799999999999 0.080296000000000006 0.22179699999999999 0.22114 0 0.081536999999999998 0.081027999999999989 0.080296000000000006 0.0089320000000000007 0.0089020000000000002 0.0085830000000000004 0.053486000000000013 0.053593999999999996 0.053404999999999994 0.00297 0.0028270000000000001 0.0027530000000000002 0.00059099999999999995 0.00058800000000000009 0.00057400000000000007 1.0207848046750709 1.0207848046750709 1.0207848046750709 0.00053791618327850841 0.00053791618327850841 0.00053791618327850841 1 1 1 Converged Converged Converged OK OK OK 53 53 53 53 53 53 3 3 3 0 0 0 0 0 1 0 0
133 133 uniform 4 7 1339 1 0.001 3.5637081071331274 0.027808379751637656 0.32497683736818195 -3.5676553875456776 0.43058029344311605 -3.5930883574266659 0 3.6895080308983834 1.0229073675945033 OK 12 11 0.28240500000000002 0.201569 0.061502000000000001 0.21949099999999999 0.119952 0 0.062914000000000025 0.081616999999999995 0.061502000000000001 0.0081530000000000005 0.0081720000000000004 0.0075989999999999999 0.040527000000000014 0.059567000000000009 0.040311999999999994 0.0021350000000000002 0.002199 0.0021930000000000001 0.000544 0.00054600000000000004 0.00053399999999999997 1.0229073998420815 1.0229073998420815 1.0229073998420815 0.00055246659880824511 0.00055246659880824511 0.00055246659880824511 1 1 1 Converged Converged Converged OK OK OK 45 45 45 45 45 45 3 3 3 0 0 0 0 1 0 0 1
133 133 uniform 4 15 1339 2 0.001 3.5637081071331274 0.027808379751637656 0.32497683736818195 -3.5676553875456776 0.43058029344311605 -3.5478741887493532 0 3.6442938622210708 1.0257044476111468 OK 12 11 0.27974700000000002 0.196989 0.059433 0.21844 0.12173 0 0.061307000000000028 0.075258999999999993 0.059433 0.0080829999999999999 0.0081429999999999992 0.0075389999999999997 0.039015000000000001 0.053297000000000004 0.038487999999999987 0.0022270000000000002 0.0022079999999999999 0.0021580000000000002 0.00054299999999999997 0.00053800000000000007 0.00053799999999999996 1.0257045122176045 1.0257045122176045 1.0257045122176045 0.00054918001997260985 0.00054918001997260985 0.00054918001997260985 1 1 1 Converged Converged Converged OK OK OK 45 45 45 45 45 45 3 3 3 0 0 0 0 1 0 0 1
133 133 uniform 4 23 1339 3 0.001 3.5637081071331274 0.027808379751637656 0.32497683736818195 -3.5676553875456776 0.43058029344311605 -3.502660020072041 0 3.5990796935437586 1.0289297482568993 OK 12 11 0.27910200000000002 0.19830400000000001 0.059457000000000003 0.21825600000000001 0.122669 0 0.060846000000000011 0.075635000000000008 0.059457000000000003 0.0080649999999999993 0.0082059999999999998 0.007528 0.038935999999999991 0.053628999999999989 0.038467999999999988 0.0021260000000000003 0.0021710000000000002 0.0021739999999999997 0.00054700000000000007 0.00053899999999999998 0.00052599999999999999 1.0289298050020663 1.0289298050020663 1.0289298050020663 0.00054586633730197703 0.00054586633730197703 0.00054586633730197703 1 1 1 Converged Converged Converged OK OK OK 45 45 45 45 45 45 3 3 3 0 0 0 0 1 0 0 1
133 133 uniform 4 0 1339 0 0.0001 3.5637081071331274 0.027808379751637656 0.32497683736818195 -3.5676553875456776 0.43058029344311605 -3.6326507550193141 0 3.7290704284910317 1.0207854799720217 OK 12 11 0.30599300000000001 0.315245 0.087514999999999996 0.21724299999999999 0.22595799999999999 0 0.088750000000000023 0.089287000000000005 0.087514999999999996 0.0088079999999999999 0.0092519999999999998 0.0084430000000000009 0.058124999999999989 0.058241999999999995 0.057467999999999998 0.0030470000000000002 0.0031099999999999999 0.0030790000000000001 0.00070100000000000002 0.00070399999999999998 0.00069700000000000003 1.0207854717866449 1.0207854717866449 1.0207854717866449 6.7168204524091634e-06 6.7168204524091634e-06 6.7168204524091634e-06 1 1 1 Converged Converged Converged OK OK OK 61 61 61 61 61 61 3 3 3 0 0 0 0 0 1 0 0
133 133 uniform 4 7 1339 1 0.0001 3.5637081071331274 0.027808379751637656 0.32497683736818195 -3.5676553875456776 0.43058029344311605 -3.5930883574266659 0 3.6895080308983834 1.0229073675945033 OK 12 11 0.30456499999999997 0.21812699999999999 0.081276000000000001 0.21768699999999999 0.12070599999999999 0 0.086877999999999983 0.097420999999999994 0.081276000000000001 0.0094129999999999995 0.0081480000000000007 0.0076660000000000001 0.057811000000000001 0.070429999999999993 0.055166999999999987 0.0031290000000000003 0.0030820000000000001 0.0029639999999999996 0.00068999999999999997 0.00068500000000000006 0.00065600000000000001 1.0229073822103099 1.0229073822103099 1.0229073822103099 8.2781107498852006e-06 8.2781107498852006e-06 8.2781107498852006e-06 1 1 1 Converged Converged Converged OK OK OK 61 61 61 61 61 61 3 3 3 0 0 0 0 1 0 0 1
133 133 uniform 4 15 1339 2 0.0001 3.5637081071331274 0.027808379751637656 0.32497683736818195 -3.5676553875456776 0.43058029344311605 -3.5478741887493532 0 3.6442938622210708 1.0257044476111468 OK 12 11 0.29920999999999998 0.216254 0.079330999999999999 0.21785099999999999 0.12075900000000001 0 0.081358999999999987 0.095494999999999997 0.079330999999999999 0.0080920000000000002 0.008267 0.0076439999999999998 0.054132999999999987 0.068275999999999989 0.05324799999999999 0.003091 0.00314 0.0031150000000000001 0.00069300000000000004 0.00067900000000000013 0.00066700000000000006 1.0257044918600962 1.0257044918600962 1.0257044918600962 1.0572607321599796e-05 1.0572607321599796e-05 1.0572607321599796e-05 1 1 1 Converged Converged Converged OK OK OK 61 61 61 61 61 61 3 3 3 0 0 0 0 1 0 0 1
133 133 uniform 4 23 1339 3 0.0001 3.5637081071331274 0.027808379751637656 0.32497683736818195 -3.5676553875456776 0.43058029344311605 -3.502660020072041 0 3.5990796935437586 1.0289297482568993 OK 12 11 0.30059000000000002 0.21867800000000001 0.080825999999999995 0.217557 0.121656 0 0.083033000000000023 0.097022000000000011 0.080825999999999995 0.0081530000000000005 0.0082000000000000007 0.0075680000000000001 0.055979999999999995 0.070259000000000016 0.055216999999999995 0.0030179999999999998 0.0030080000000000003 0.002983 0.00068800000000000003 0.00067400000000000012 0.00066500000000000001 1.0289297856898192 1.0289297856898192 1.0289297856898192 1.352032402942365e-05 1.352032402942365e-05 1.352032402942365e-05 1 1 1 Converged Converged Converged OK OK OK 61 61 61 61 61 61 3 3 3 0 0 0 0 1 0 0 1
134 134 linear 0 0 1340 0 0.001 2.796284841827414 0.0089396796052742672 0.083197719414111138 0.008113415946030874 -0.01544189827926703 -0.0085261279367913542 0.5 0.033302525452252332 24.109968272785409 OK 14 13 0.62225399999999997 0.61892400000000003 0.22633800000000001 0.39062599999999997 0.39025300000000002 0 0.231628 0.22867100000000001 0.22633800000000001 0.010148000000000001 0.010404999999999999 0.010191 0.19285099999999997 0.18900199999999992 0.18792299999999998 0.0035430000000000001 0.0037109999999999999 0.0035370000000000002 0.0010320000000000001 0.0011970000000000001 0.0011050000000000001 24.110081506782503 24.110081506782503 24.110081506782503 0.017110048389956944 0.017110048389956944 0.017110048389956944 1 1 1 Converged Converged Converged OK OK OK 88 88 88 88 88 88 8 8 8 0 0 0 0 0 1 0 0
134 134 linear 0 7 1340 1 0.001 2.796284841827414 0.0089396796052742672 0.083197719414111138 0.008113415946030874 -0.01544189827926703 0.0016022900788395678 0.5 0.023174107436621412 24.799420614155348 OK 14 13 0.750247 0.60256299999999996 0.20092099999999999 0.53623299999999996 0.396976 0 0.21401400000000004 0.20558699999999996 0.20092099999999999 0.010707 0.0092519999999999998 0.0086370000000000006 0.18260199999999985 0.17675000000000005 0.17298300000000005 0.0035349999999999999 0.0034330000000000003 0.0032459999999999993 0.00099100000000000013 0.00095800000000000008 0.00093800000000000014 24.799473624353272 24.799473624353272 24.799473624353272 0.0051616399016235154 0.0051616399016235154 0.0051616399016235154 1 1 1 Converged Converged Converged OK OK OK 81 81 81 81 81 81 7 7 7 0 0 0 0 1 0 0 1
134 134 linear 0 15 1340 2 0.001 2.796284841827414 0.0089396796052742672 0.083197719414111138 0.008113415946030874 -0.01544189827926703 0.013177624953846334 0.5 0.011598772561614644 25.24176863243871 OK 13 12 0.69025300000000001 0.55380099999999999 0.200019 0.47948000000000002 0.34788999999999998 0 0.21077299999999999 0.20591100000000001 0.200019 0.0091929999999999998 0.00911 0.0083009999999999994 0.181644 0.17737199999999992 0.17305000000000001 0.003418 0.0033610000000000003 0.0031460000000000004 0.00093500000000000007 0.00096899999999999981 0.00091500000000000012 25.241794517477871 25.241794517477871 25.241794517477871 0.0051645092375697107 0.0051645092375697107 0.0051645092375697107 1 1 1 Converged Converged Converged OK OK OK 81 81 81 81 81 81 7 7 7 0 0 0 0 1 0 0 1
134 134 linear 0 23 1340 3 0.001 2.796284841827414 0.0089396796052742672 0.083197719414111138 0.008113415946030874 -0.01544189827926703 0.024752959828853102 0.5 2.3437686607875874e-05 25.323588070853546 OK 13 12 0.68665900000000002 0.56297299999999995 0.20030200000000001 0.477684 0.35125699999999999 0 0.20897500000000002 0.21171599999999996 0.20030200000000001 0.0087889999999999999 0.0089180000000000006 0.0081049999999999994 0.17980900000000005 0.18321499999999999 0.17369799999999994 0.0037119999999999996 0.0033810000000000003 0.0031500000000000005 0.0010499999999999999 0.00090499999999999999 0.000941 25.32360043059494 25.32360043059494 25.32360043059494 0.0051725193793449907 0.0051725193793449907 0.0051725193793449907 1 1 1 Converged Converged Converged OK OK OK 81 81 81 81 81 81 7 7 7 0 0 0 0 1 0 0 1
134 134 linear 0 0 1340 0 0.0001 2.796284841827414 0.0089396796052742672 0.083197719414111138 0.008113415946030874 -0.01544189827926703 -0.0085261279367913542 0.5 0.033302525452252332 24.109968272785409 OK 14 13 0.668076 0.65775399999999995 0.268899 0.38669900000000001 0.38683400000000001 0 0.28137699999999999 0.27091999999999994 0.268899 0.010489 0.010132 0.010085999999999999 0.23364800000000011 0.22419500000000001 0.22265300000000005 0.0049319999999999998 0.0045650000000000005 0.0046899999999999997 0.0014 0.001315 0.001358 24.110105611006794 24.110105611006794 24.110105611006794 0.0017652030532102868 0.0017652030532102868 0.0017652030532102868 1 1 1 Converged Converged Converged OK OK OK 112 112 112 112 112 112 8 8 8 0 0 0 0 0 1 0 0
134 134 linear 0 7 1340 1 0.0001 2.796284841827414 0.0089396796052742672 0.083197719414111138 0.008113415946030874 -0.01544189827926703 0.0016022900788395678 0.5 0.023174107436621412 24.799420614155348 OK 14 13 0.80118400000000001 0.65973400000000004 0.26102799999999998 0.52537900000000004 0.39487100000000003 0 0.27580499999999997 0.26486300000000002 0.26102799999999998 0.010704999999999999 0.0092119999999999997 0.0088859999999999998 0.23597199999999993 0.22784799999999999 0.22421400000000002 0.0051969999999999994 0.0048659999999999997 0.0050150000000000004 0.001297 0.001261 0.0012880000000000001 24.799479105654278 24.799479105654278 24.799479105654278 0.0015925340911054598 0.0015925340911054598 0.0015925340911054598 1 1 1 Converged Converged Converged OK OK OK 113 113 113 113 113 113 7 7 7 0 0 0 0 1 0 0 1
134 134 linear 0 15 1340 2 0.0001 2.796284841827414 0.0089396796052742672 0.083197719414111138 0.008113415946030874 -0.01544189827926703 0.013177624953846334 0.5 0.011598772561614644 25.24176863243871 OK 13 12 0.74693399999999999 0.61256999999999995 0.25737700000000002 0.48170099999999999 0.34947899999999998 0 0.265233 0.26309099999999996 0.25737700000000002 0.0088280000000000008 0.0090240000000000008 0.0085059999999999997 0.23019400000000004 0.22777199999999989 0.22326000000000004 0.0047620000000000006 0.0047439999999999991 0.0047559999999999998 0.0012720000000000001 0.0012199999999999999 0.0012429999999999997 25.241800000723732 25.241800000723732 25.241800000723732 0.0015958873561761806 0.0015958873561761806 0.0015958873561761806 1 1 1 Converged Converged Converged OK OK OK 113 113 113 113 113 113 7 7 7 0 0 0 0 1 0 0 1
134 134 linear 0 23 1340 3 0.0001 2.796284841827414 0.0089396796052742672 0.083197719414111138 0.008113415946030874 -0.01544189827926703 0.024752959828853102 0.5 2.3437686607875874e-05 25.323588070853546 OK 13 12 0.74911399999999995 0.62086200000000002 0.26190400000000003 0.483149 0.350495 0 0.26596499999999995 0.27036700000000002 0.26190400000000003 0.0088739999999999999 0.0089990000000000001 0.0081530000000000005 0.23086499999999999 0.23402400000000001 0.22809000000000004 0.0048540000000000007 0.0053789999999999992 0.0047019999999999996 0.0011999999999999999 0.0012349999999999998 0.0011620000000000001 25.32360592142577 25.32360592142577 25.32360592142577 0.0015983433969000667 0.0015983433969000667 0.0015983433969000667 1 1 1 Converged Converged Converged OK OK OK 113 113 113 113 113 113 7 7 7 0 0 0 0 1 0 0 1
134 134 linear 1 0 1341 0 0.001 2.796284841827414 0.0089396796052742672 0.083197719414111138 -0.022767759625440455 -0.040455304385421997 -0.039407303508262687 0.5 0.064183701023723672 17.872724083386618 OK 15 14 0.79598599999999997 0.79055600000000004 0.24841299999999999 0.53928100000000001 0.536937 0 0.25670499999999996 0.25361900000000004 0.24841299999999999 0.010534999999999999 0.010619 0.01055 0.21004400000000009 0.20857299999999998 0.20324299999999998 0.0048729999999999997 0.0042490000000000002 0.0044359999999999998 0.0011640000000000001 0.0012529999999999998 0.0012769999999999999 17.872754738500188 17.872754738500188 17.872754738500188 0.0023018254326842564 0.0023018254326842564 0.0023018254326842564 1 1 1 Converged Converged Converged OK OK OK 103 103 103 103 103 103 9 9 9 0 0 0 0 0 1 0 0
134 134 linear 1 7 1341 1 0.001 2.796284841827414 0.0089396796052742672 0.083197719414111138 -0.022767759625440455 -0.040455304385421997 -0.029278885492631759 0.5 0.054055283008092737 19.68181187980958 OK 15 14 0.64328200000000002 0.514235 0.22015000000000001 0.41613600000000001 0.28682600000000003 0 0.22714600000000001 0.22740899999999997 0.22015000000000001 0.0092720000000000007 0.0096299999999999997 0.0086560000000000005 0.19543399999999994 0.19450200000000004 0.18957000000000013 0.0037870000000000004 0.0042959999999999995 0.003895 0.0010089999999999999 0.001108 0.0010820000000000001 19.681832508702872 19.681832508702872 19.681832508702872 0.011800735852952915 0.011800735852952915 0.011800735852952915 1 1 1 Converged Converged Converged OK OK OK 95 95 95 95 95 95 9 9 9 0 0 0 0 1 0 0 1
134 134 linear 1 15 1341 2 0.001 2.796284841827414 0.0089396796052742672 0.083197719414111138 -0.022767759625440455 -0.040455304385421997 -0.017703550617624995 0.5 0.042479948133085976 21.241812856259696 OK 14 13 0.74922 0.624085 0.238842 0.50151599999999996 0.37854900000000002 0 0.24770400000000004 0.24553599999999998 0.238842 0.0094339999999999997 0.0096050000000000007 0.0087790000000000003 0.2112720000000001 0.20880399999999996 0.2045259999999999 0.0051380000000000002 0.0055789999999999998 0.0048450000000000003 0.0012649999999999998 0.0012560000000000002 0.0011969999999999999 21.241868576439803 21.241868576439803 21.241868576439803 0.0037841287598221586 0.0037841287598221586 0.0037841287598221586 1 1 1 Converged Converged Converged OK OK OK 104 104 104 104 104 104 8 8 8 0 0 0 0 1 0 0 1
134 134 linear 1 23 1341 3 0.001 2.796284841827414 0.0089396796052742672 0.083197719414111138 -0.022767759625440455 -0.040455304385421997 -0.0061282157426182267 0.5 0.030904613258079205 22.356930415004779 OK 14 13 0.72395600000000004 0.60306300000000002 0.19987099999999999 0.51184499999999999 0.39663900000000002 0 0.21211100000000005 0.206424 0.19987099999999999 0.0093159999999999996 0.0094579999999999994 0.0085349999999999992 0.18163799999999994 0.17648100000000005 0.17196400000000001 0.0038380000000000003 0.0038070000000000001 0.003503 0.0010869999999999999 0.0010870000000000001 0.00098800000000000016 22.357038179438792 22.357038179438792 22.357038179438792 0.0039569299870936981 0.0039569299870936981 0.0039569299870936981 1 1 1 Converged Converged Converged OK OK OK 81 81 81 81 81 81 7 7 7 0 0 0 0 1 0 0 1
134 134 linear 1 0 1341 0 0.0001 2.796284841827414 0.0089396796052742672 0.083197719414111138 -0.022767759625440455 -0.040455304385421997 -0.039407303508262687 0.5 0.064183701023723672 17.872724083386618 OK 15 14 0.82864700000000002 0.82992600000000005 0.284246 0.53976999999999997 0.54067699999999996 0 0.28887700000000005 0.28924900000000009 0.284246 0.010584 0.011332 0.010659 0.23785499999999998 0.23694799999999991 0.23311000000000007 0.0053559999999999997 0.0058440000000000002 0.0058410000000000007 0.0014140000000000001 0.0015470000000000002 0.001451 17.872755463187676 17.872755463187676 17.872755463187676 0.0016346389517350568 0.0016346389517350568 0.0016346389517350568 1 1 1 Converged Converged Converged OK OK OK 119 119 119 119 119 119 9 9 9 0 0 0 0 0 1 0 0
134 134 linear 1 7 1341 1 0.0001 2.796284841827414 0.0089396796052742672 0.083197719414111138 -0.022767759625440455 -0.040455304385421997 -0.029278885492631759 0.5 0.054055283008092737 19.68181187980958 OK 15 14 0.71010700000000004 0.56647899999999995 0.274926 0.42231099999999999 0.28547 0 0.28779600000000005 0.28100899999999995 0.274926 0.0095919999999999998 0.0096989999999999993 0.0087639999999999992 0.24426600000000001 0.23957600000000001 0.23529199999999995 0.0070109999999999999 0.0058890000000000001 0.0057750000000000006 0.0016549999999999998 0.0015529999999999999 0.0015220000000000001 19.681846831994555 19.681846831994555 19.681846831994555 0.0015206898610964339 0.0015206898610964339 0.0015206898610964339 1 1 1 Converged Converged Converged OK OK OK 127 127 127 127 127 127 9 9 9 0 0 0 0 1 0 0 1
134 134 linear 1 15 1341 2 0.0001 2.796284841827414 0.0089396796052742672 0.083197719414111138 -0.022767759625440455 -0.040455304385421997 -0.017703550617624995 0.5 0.042479948133085976 21.241812856259696 OK 14 13 0.83406800000000003 0.70341399999999998 0.322685 0.50560499999999997 0.37595200000000001 0 0.32846300000000006 0.32746199999999998 0.322685 0.0094859999999999996 0.0096220000000000003 0.0087749999999999998 0.27899599999999991 0.27798400000000001 0.26974300000000001 0.0097590000000000003 0.0095209999999999999 0.0085260000000000006 0.0015399999999999999 0.0016510000000000001 0.0015279999999999998 21.241873111300972 21.241873111300972 21.241873111300972 0.0012756782233190667 0.0012756782233190667 0.0012756782233190667 1 1 1 Converged Converged Converged OK OK OK 152 152 152 152 152 152 8 8 8 0 0 0 0 1 0 0 1
134 134 linear 1 23 1341 3 0.0001 2.796284841827414 0.0089396796052742672 0.083197719414111138 -0.022767759625440455 -0.040455304385421997 -0.0061282157426182267 0.5 0.030904613258079205 22.356930415004779 OK 14 13 0.78763300000000003 0.66197300000000003 0.26669799999999999 0.52016899999999999 0.39385300000000001 0 0.26746400000000004 0.26812000000000002 0.26669799999999999 0.0093530000000000002 0.0092560000000000003 0.0084399999999999996 0.22987499999999994 0.23047499999999996 0.23131500000000002 0.0059150000000000001 0.0061890000000000001 0.0054800000000000005 0.0013930000000000001 0.0014540000000000002 0.0013080000000000001 22.3570432183134 22.3570432183134 22.3570432183134 0.0011971543417459167 0.0011971543417459167 0.0011971543417459167 1 1 1 Converged Converged Converged OK OK OK 113 113 113 113 113 113 7 7 7 0 0 0 0 1 0 0 1
134 134 linear 2 0 1342 0 0.001 2.796284841827414 0.0089396796052742672 0.083197719414111138 -2.364400721258638 -0.074285833799730028 -2.3810402651414604 0.5 2.4058166626569215 1.7402177091063522 OK 14 13 0.53706100000000001 0.53486599999999995 0.266459 0.27154099999999998 0.27206399999999997 0 0.26552000000000003 0.26280199999999998 0.266459 0.0078729999999999998 0.0080029999999999997 0.00779 0.22874299999999997 0.22587999999999991 0.22904200000000002 0.0043699999999999998 0.0042550000000000001 0.0047650000000000001 0.00091599999999999993 0.00094800000000000006 0.00088699999999999998 1.7402183524108459 1.7402183524108459 1.7402183524108459 0.0007661116884645165 0.0007661116884645165 0.0007661116884645165 1 1 1 Converged Converged Converged OK OK OK 95 95 95 95 95 95 9 9 9 0 0 0 0 0 1 0 0
134 134 linear 2 7 1342 1 0.001 2.796284841827414 0.0089396796052742672 0.083197719414111138 -2.364400721258638 -0.074285833799730028 -2.3709118471258295 0.5 2.3956882446412906 1.6657020301335117 OK 14 13 0.52517499999999995 0.41745599999999999 0.242313 0.27786 0.150504 0 0.24731499999999995 0.26695199999999997 0.242313 0.0065989999999999998 0.0067250000000000001 0.0063489999999999996 0.22009700000000001 0.23985899999999999 0.21581699999999993 0.0040350000000000004 0.0040409999999999995 0.0040930000000000003 0.00087699999999999996 0.00093099999999999997 0.00087699999999999996 1.665701025663141 1.665701025663141 1.665701025663141 0.00055377668640197992 0.00055377668640197992 0.00055377668640197992 1 1 1 Converged Converged Converged OK OK OK 95 95 95 95 95 95 9 9 9 0 0 0 0 1 0 0 1
134 134 linear 2 15 1342 2 0.001 2.796284841827414 0.0089396796052742672 0.083197719414111138 -2.364400721258638 -0.074285833799730028 -2.3593365122508225 0.5 2.3841129097662837 1.5507931659109417 OK 14 13 0.44132399999999999 0.34281099999999998 0.17660899999999999 0.26385700000000001 0.15234500000000001 0 0.17746699999999999 0.19046599999999997 0.17660899999999999 0.0065649999999999997 0.0064590000000000003 0.0060309999999999999 0.14953899999999989 0.16311399999999993 0.15070600000000006 0.0042780000000000006 0.004176 0.0040899999999999999 0.00098999999999999999 0.00096400000000000001 0.00087800000000000009 1.5507861563517169 1.5507861563517169 1.5507861563517169 0.00045163505881670642 0.00045163505881670642 0.00045163505881670642 1 1 1 Converged Converged Converged OK OK OK 95 95 95 95 95 95 9 9 9 0 0 0 0 1 0 0 1
134 134 linear 2 23 1342 3 0.001 2.796284841827414 0.0089396796052742672 0.083197719414111138 -2.364400721258638 -0.074285833799730028 -2.3477611773758156 0.5 2.3725375748912767 1.4251927194327776 OK 15 14 0.42648799999999998 0.32508100000000001 0.121061 0.30044500000000002 0.17921000000000001 0 0.12604299999999996 0.145871 0.121061 0.0095119999999999996 0.009495 0.0089460000000000008 0.09903900000000003 0.11803500000000003 0.09550800000000001 0.0034130000000000002 0.003921 0.0035400000000000002 0.00078199999999999993 0.00089499999999999996 0.00082200000000000003 1.425188986143952 1.425188986143952 1.425188986143952 0.00088257554897318324 0.00088257554897318324 0.00088257554897318324 1 1 1 Converged Converged Converged OK OK OK 74 74 74 74 74 74 6 6 6 0 0 0 0 1 0 0 1
134 134 linear 2 0 1342 0 0.0001 2.796284841827414 0.0089396796052742672 0.083197719414111138 -2.364400721258638 -0.074285833799730028 -2.3810402651414604 0.5 2.4058166626569215 1.7402177091063522 OK 14 13 0.59440199999999999 0.59115200000000001 0.319523 0.271235 0.27150299999999999 0 0.32316699999999998 0.31964900000000002 0.319523 0.0076949999999999996 0.008012 0.0077869999999999997 0.27994399999999997 0.27493600000000007 0.27615100000000015 0.0051360000000000008 0.0056319999999999999 0.0053559999999999997 0.0012669999999999999 0.001346 0.0013179999999999999 1.7402179644936602 1.7402179644936602 1.7402179644936602 0.00013290973613074651 0.00013290973613074651 0.00013290973613074651 1 1 1 Converged Converged Converged OK OK OK 111 111 111 111 111 111 9 9 9 0 0 0 0 0 1 0 0
134 134 linear 2 7 1342 1 0.0001 2.796284841827414 0.0089396796052742672 0.083197719414111138 -2.364400721258638 -0.074285833799730028 -2.3709118471258295 0.5 2.3956882446412906 1.6657020301335117 OK 14 13 0.62390999999999996 0.51643600000000001 0.34132600000000002 0.275868 0.14959900000000001 0 0.34804199999999996 0.36683699999999997 0.34132600000000002 0.0065570000000000003 0.0066750000000000004 0.0060910000000000001 0.30557099999999998 0.3237870000000001 0.30147599999999997 0.0088979999999999997 0.0091579999999999995 0.0080750000000000006 0.0016230000000000001 0.0016250000000000001 0.001524 1.6657009629088591 1.6657009629088591 1.6657009629088591 7.8901253586748235e-05 7.8901253586748235e-05 7.8901253586748235e-05 1 1 1 Converged Converged Converged OK OK OK 143 143 143 143 143 143 9 9 9 0 0 0 0 1 0 0 1
134 134 linear 2 15 1342 2 0.0001 2.796284841827414 0.0089396796052742672 0.083197719414111138 -2.364400721258638 -0.074285833799730028 -2.3593365122508225 0.5 2.3841129097662837 1.5507931659109417 OK 14 13 0.51195800000000002 0.42027100000000001 0.24220800000000001 0.26005699999999998 0.15731500000000001 0 0.25190100000000004 0.26295599999999997 0.24220800000000001 0.0065849999999999997 0.0066429999999999996 0.0060159999999999996 0.21829299999999996 0.22880099999999998 0.21015999999999999 0.0056810000000000003 0.0058430000000000001 0.0056019999999999993 0.0014729999999999999 0.0016609999999999999 0.0014499999999999999 1.5507860466163021 1.5507860466163021 1.5507860466163021 0.00011608346932231518 0.00011608346932231518 0.00011608346932231518 1 1 1 Converged Converged Converged OK OK OK 119 119 119 119 119 119 9 9 9 0 0 0 0 1 0 0 1
134 134 linear 2 23 1342 3 0.0001 2.796284841827414 0.0089396796052742672 0.083197719414111138 -2.364400721258638 -0.074285833799730028 -2.3477611773758156 0.5 2.3725375748912767 1.4251927194327776 OK 15 14 0.48926500000000001 0.383573 0.181562 0.30227100000000001 0.18002599999999999 0 0.18699399999999999 0.20354700000000001 0.181562 0.0091990000000000006 0.0094120000000000002 0.0090500000000000008 0.15305999999999997 0.16910100000000008 0.14837299999999995 0.0049050000000000005 0.0053570000000000007 0.005202 0.001382 0.0015089999999999997 0.0013609999999999998 1.4251902001990129 1.4251902001990129 1.4251902001990129 3.4004756937833134e-05 3.4004756937833134e-05 3.4004756937833134e-05 1 1 1 Converged Converged Converged OK OK OK 106 106 106 106 106 106 6 6 6 0 0 0 0 1 0 0 1
134 134 linear 3 0 1343 0 0.001 2.796284841827414 0.0089396796052742672 0.083197719414111138 -2.4718369061747274 -0.11775752286577869 -2.4884764500575498 0.5 2.5132528475730109 1.1699734909434036 OK 12 11 0.29355599999999998 0.296211 0.067898 0.22350300000000001 0.22683900000000001 0 0.070052999999999976 0.069371999999999989 0.067898 0.0090220000000000005 0.0091269999999999997 0.0086090000000000003 0.044513000000000011 0.043894999999999997 0.043289000000000008 0.0024169999999999999 0.0024680000000000001 0.0024139999999999999 0.00060500000000000007 0.00057200000000000003 0.00055199999999999997 1.1699727940664695 1.1699727940664695 1.1699727940664695 0.0011124061859219547 0.0011124061859219547 0.0011124061859219547 1 1 1 Converged Converged Converged OK OK OK 45 45 45 45 45 45 3 3 3 0 0 0 0 0 1 0 0
134 134 linear 3 7 1343 1 0.001 2.796284841827414 0.0089396796052742672 0.083197719414111138 -2.4718369061747274 -0.11775752286577869 -2.4783480320419189 0.5 2.50312442955738 1.1822860930297463 OK 12 11 0.29034500000000002 0.21537500000000001 0.063018000000000005 0.223103 0.13473399999999999 0 0.067242000000000024 0.080641000000000018 0.063018000000000005 0.0084539999999999997 0.0083079999999999994 0.0076249999999999998 0.043847000000000004 0.058020000000000009 0.041579000000000005 0.002771 0.0025589999999999996 0.002385 0.00058 0.000544 0.00054100000000000003 1.182285417755369 1.182285417755369 1.182285417755369 0.0010467253620075067 0.0010467253620075067 0.0010467253620075067 1 1 1 Converged Converged Converged OK OK OK 45 45 45 45 45 45 3 3 3 0 0 0 0 1 0 0 1
134 134 linear 3 15 1343 2 0.001 2.796284841827414 0.0089396796052742672 0.083197719414111138 -2.4718369061747274 -0.11775752286577869 -2.4667726971669119 0.5 2.4915490946823731 1.1967743713604464 OK 12 11 0.29441000000000001 0.20330999999999999 0.063182000000000002 0.226386 0.123085 0 0.068024000000000001 0.080224999999999991 0.063182000000000002 0.0083029999999999996 0.0082850000000000007 0.0075909999999999997 0.044276000000000017 0.057912000000000005 0.041870999999999985 0.0029789999999999999 0.002496 0.0024429999999999999 0.00067299999999999999 0.000562 0.00054900000000000001 1.1967736407305516 1.1967736407305516 1.1967736407305516 0.0009876048870465508 0.0009876048870465508 0.0009876048870465508 1 1 1 Converged Converged Converged OK OK OK 45 45 45 45 45 45 3 3 3 0 0 0 0 1 0 0 1
134 134 linear 3 23 1343 3 0.001 2.796284841827414 0.0089396796052742672 0.083197719414111138 -2.4718369061747274 -0.11775752286577869 -2.455197362291905 0.5 2.4799737598073661 1.2107137305410129 OK 12 11 0.309338 0.21609900000000001 0.063743999999999995 0.242169 0.13170499999999999 0 0.067169000000000006 0.084394000000000025 0.063743999999999995 0.008293 0.0082509999999999997 0.0075700000000000003 0.044369000000000006 0.058786999999999985 0.042512000000000008 0.0024610000000000001 0.0024870000000000005 0.002281 0.00059900000000000003 0.00059700000000000009 0.00056999999999999998 1.210713021326093 1.210713021326093 1.210713021326093 0.00094559324064489377 0.00094559324064489377 0.00094559324064489377 1 1 1 Converged Converged Converged OK OK OK 45 45 45 45 45 45 3 3 3 0 0 0 0 1 0 0 1
134 134 linear 3 0 1343 0 0.0001 2.796284841827414 0.0089396796052742672 0.083197719414111138 -2.4718369061747274 -0.11775752286577869 -2.4884764500575498 0.5 2.5132528475730109 1.1699734909434036 OK 12 11 0.34253800000000001 0.34215099999999998 0.113926 0.225828 0.22831299999999999 0 0.11671000000000001 0.11383799999999999 0.113926 0.0088009999999999998 0.0089350000000000002 0.008633 0.079796000000000006 0.077522000000000008 0.077391000000000001 0.0043540000000000002 0.0042680000000000001 0.0044559999999999999 0.00081700000000000002 0.00081399999999999994 0.00080400000000000003 1.1699727125087342 1.1699727125087342 1.1699727125087342 2.5358253311833847e-05 2.5358253311833847e-05 2.5358253311833847e-05 1 1 1 Converged Converged Converged OK OK OK 77 77 77 77 77 77 3 3 3 0 0 0 0 0 1 0 0
134 134 linear 3 7 1343 1 0.0001 2.796284841827414 0.0089396796052742672 0.083197719414111138 -2.4718369061747274 -0.11775752286577869 -2.4783480320419189 0.5 2.50312442955738 1.1822860930297463 OK 12 11 0.33667799999999998 0.25356699999999999 0.104208 0.229208 0.13245799999999999 0 0.10746999999999998 0.12110899999999999 0.104208 0.0079760000000000005 0.0082120000000000005 0.007672 0.075328999999999979 0.089065999999999992 0.072686000000000028 0.0042220000000000001 0.0042180000000000004 0.0042950000000000002 0.00081999999999999998 0.00079700000000000007 0.00077200000000000012 1.1822853222323173 1.1822853222323173 1.1822853222323173 2.5684890506116082e-05 2.5684890506116082e-05 2.5684890506116082e-05 1 1 1 Converged Converged Converged OK OK OK 77 77 77 77 77 77 3 3 3 0 0 0 0 1 0 0 1
134 134 linear 3 15 1343 2 0.0001 2.796284841827414 0.0089396796052742672 0.083197719414111138 -2.4718369061747274 -0.11775752286577869 -2.4667726971669119 0.5 2.4915490946823731 1.1967743713604464 OK 12 11 0.33260000000000001 0.24695500000000001 0.103243 0.225517 0.12675400000000001 0 0.10708300000000001 0.120201 0.103243 0.0081429999999999992 0.0081329999999999996 0.0076350000000000003 0.074807000000000026 0.088195999999999983 0.072187999999999961 0.0042940000000000001 0.0042229999999999993 0.004182 0.00077700000000000002 0.000785 0.00077499999999999997 1.1967735319084845 1.1967735319084845 1.1967735319084845 2.6069571021092475e-05 2.6069571021092475e-05 2.6069571021092475e-05 1 1 1 Converged Converged Converged OK OK OK 77 77 77 77 77 77 3 3 3 0 0 0 0 1 0 0 1
134 134 linear 3 23 1343 3 0.0001 2.796284841827414 0.0089396796052742672 0.083197719414111138 -2.4718369061747274 -0.11775752286577869 -2.455197362291905 0.5 2.4799737598073661 1.2107137305410129 OK 12 11 0.35109800000000002 0.26500299999999999 0.105323 0.2419 0.13613400000000001 0 0.10919800000000002 0.12886899999999998 0.105323 0.008123 0.0083359999999999997 0.0076309999999999998 0.077252000000000029 0.095858999999999958 0.074451999999999977 0.0040630000000000006 0.0045880000000000001 0.0040790000000000002 0.00081499999999999997 0.00085000000000000006 0.00080199999999999998 1.2107129022376542 1.2107129022376542 1.2107129022376542 2.6480324733521459e-05 2.6480324733521459e-05 2.6480324733521459e-05 1 1 1 Converged Converged Converged OK OK OK 77 77 77 77 77 77 3 3 3 0 0 0 0 1 0 0 1
134 134 linear 4 0 1344 0 0.001 2.796284841827414 0.0089396796052742672 0.083197719414111138 0.10063850541287611 -0.12777642411438825 0.083998961530053887 0.5 -0.059222564014592909 7.4094831200642792 OK 11 10 0.62558499999999995 0.61671900000000002 0.10402400000000001 0.51868599999999998 0.51253800000000005 0 0.10689899999999997 0.10418099999999997 0.10402400000000001 0.0094079999999999997 0.0093539999999999995 0.0090170000000000007 0.077909000000000034 0.075703999999999966 0.075420000000000015 0.0027799999999999999 0.0026689999999999999 0.003006 0.00071199999999999996 0.00065499999999999998 0.00067999999999999994 7.4094783627877074 7.4094783627877074 7.4094783627877074 0.0035294486469996974 0.0035294486469996974 0.0035294486469996974 1 1 1 Converged Converged Converged OK OK OK 59 59 59 59 59 59 5 5 5 0 0 0 0 0 1 0 0
134 134 linear 4 7 1344 1 0.001 2.796284841827414 0.0089396796052742672 0.083197719414111138 0.10063850541287611 -0.12777642411438825 0.0941273795456848 0.5 -0.069350982030223829 7.1534020324978629 OK 11 10 0.60638300000000001 0.49237399999999998 0.10235900000000001 0.49898799999999999 0.36068800000000001 0 0.10739500000000002 0.13168599999999997 0.10235900000000001 0.0092200000000000008 0.0091549999999999999 0.0084799999999999997 0.081492000000000037 0.10637499999999998 0.07822599999999999 0.0029889999999999999 0.0027730000000000003 0.0027879999999999997 0.00081899999999999996 0.00078399999999999997 0.00074799999999999997 7.1533919089545073 7.1533919089545073 7.1533919089545073 0.0044763184892522255 0.0044763184892522255 0.0044763184892522255 1 1 1 Converged Converged Converged OK OK OK 59 59 59 59 59 59 5 5 5 0 0 0 0 1 0 0 1
134 134 linear 4 15 1344 2 0.001 2.796284841827414 0.0089396796052742672 0.083197719414111138 0.10063850541287611 -0.12777642411438825 0.10570271442069157 0.5 -0.080926316905230583 6.8508955126205526 OK 11 10 0.52193000000000001 0.39349699999999999 0.073752999999999999 0.44505899999999998 0.30646800000000002 0 0.076871000000000023 0.087028999999999967 0.073752999999999999 0.0085220000000000001 0.0086210000000000002 0.0079640000000000006 0.056684999999999992 0.066864000000000007 0.054808000000000003 0.001877 0.0020839999999999999 0.0019140000000000001 0.00055999999999999995 0.00056499999999999996 0.000531 6.8508751101271201 6.8508751101271201 6.8508751101271201 0.0049479421238648102 0.0049479421238648102 0.0049479421238648102 1 1 1 Converged Converged Converged OK OK OK 44 44 44 44 44 44 4 4 4 0 0 0 0 1 0 0 1
134 134 linear 4 23 1344 3 0.001 2.796284841827414 0.0089396796052742672 0.083197719414111138 0.10063850541287611 -0.12777642411438825 0.11727804929569834 0.5 -0.092501651780237365 6.5468751997545613 OK 11 10 0.55660600000000005 0.43375999999999998 0.074410000000000004 0.472721 0.34409499999999998 0 0.083885000000000043 0.089664999999999995 0.074410000000000004 0.0082869999999999992 0.0082229999999999994 0.0075570000000000003 0.064116999999999993 0.069669999999999968 0.056010000000000011 0.001913 0.0020920000000000001 0.0017910000000000001 0.00055599999999999996 0.00064400000000000004 0.00051400000000000003 6.5468560522054418 6.5468560522054418 6.5468560522054418 0.0056207348323807577 0.0056207348323807577 0.0056207348323807577 1 1 1 Converged Converged Converged OK OK OK 44 44 44 44 44 44 4 4 4 0 0 0 0 1 0 0 1
134 134 linear 4 0 1344 0 0.0001 2.796284841827414 0.0089396796052742672 0.083197719414111138 0.10063850541287611 -0.12777642411438825 0.083998961530053887 0.5 -0.059222564014592909 7.4094831200642792 OK 11 10 0.64569500000000002 0.64090100000000005 0.123919 0.51753099999999996 0.51237600000000005 0 0.12816400000000006 0.128525 0.123919 0.0094090000000000007 0.0094059999999999994 0.0091830000000000002 0.092661999999999953 0.089954999999999966 0.088949 0.0039919999999999999 0.0037039999999999998 0.0037130000000000002 0.00089700000000000001 0.00091200000000000005 0.00087299999999999997 7.4094787766035308 7.4094787766035308 7.4094787766035308 0.0002639726636806146 0.0002639726636806146 0.0002639726636806146 1 1 1 Converged Converged Converged OK OK OK 75 75 75 75 75 75 5 5 5 0 0 0 0 0 1 0 0
134 134 linear 4 7 1344 1 0.0001 2.796284841827414 0.0089396796052742672 0.083197719414111138 0.10063850541287611 -0.12777642411438825 0.0941273795456848 0.5 -0.069350982030223829 7.1534020324978629 OK 11 10 0.62238599999999999 0.51314400000000004 0.12027599999999999 0.49599700000000002 0.36153299999999999 0 0.12638899999999997 0.15161100000000005 0.12027599999999999 0.0091649999999999995 0.0090709999999999992 0.0085129999999999997 0.094918000000000002 0.12137299999999997 0.091007999999999978 0.0041919999999999995 0.003777 0.0036769999999999997 0.001122 0.00094700000000000003 0.00090700000000000004 7.1533978171406893 7.1533978171406893 7.1533978171406893 0.00059596678769430157 0.00059596678769430157 0.00059596678769430157 1 1 1 Converged Converged Converged OK OK OK 75 75 75 75 75 75 5 5 5 0 0 0 0 1 0 0 1
134 134 linear 4 15 1344 2 0.0001 2.796284841827414 0.0089396796052742672 0.083197719414111138 0.10063850541287611 -0.12777642411438825 0.10570271442069157 0.5 -0.080926316905230583 6.8508955126205526 OK 11 10 0.55720599999999998 0.44451800000000002 0.111819 0.44134499999999999 0.30702699999999999 0 0.11586099999999999 0.13749100000000003 0.111819 0.0086269999999999993 0.008567 0.0080440000000000008 0.085982000000000017 0.10423599999999998 0.083302000000000043 0.003859 0.003862 0.0037429999999999998 0.00083399999999999989 0.00081700000000000002 0.00080900000000000004 6.850891471701118 6.850891471701118 6.850891471701118 0.00051552675689521587 0.00051552675689521587 0.00051552675689521587 1 1 1 Converged Converged Converged OK OK OK 76 76 76 76 76 76 4 4 4 0 0 0 0 1 0 0 1
134 134 linear 4 23 1344 3 0.0001 2.796284841827414 0.0089396796052742672 0.083197719414111138 0.10063850541287611 -0.12777642411438825 0.11727804929569834 0.5 -0.092501651780237365 6.5468751997545613 OK 11 10 0.59300600000000003 0.48482599999999998 0.109989 0.47761900000000002 0.34662100000000001 0 0.11538700000000002 0.13820499999999997 0.109989 0.0084410000000000006 0.0082400000000000008 0.0075960000000000003 0.086833000000000021 0.11044900000000002 0.083504999999999996 0.0039689999999999994 0.0037819999999999998 0.003594 0.00078799999999999986 0.00076099999999999996 0.0007580000000000001 6.5468714068478482 6.5468714068478482 6.5468714068478482 0.00014814304892369918 0.00014814304892369918 0.00014814304892369918 1 1 1 Converged Converged Converged OK OK OK 76 76 76 76 76 76 4 4 4 0 0 0 0 1 0 0 1
134 134 uniform 0 0 1345 0 0.001 2.796284841827414 0.0089396796052742672 0.083197719414111138 0.008113415946030874 -0.01544189827926703 -0.0085261279367913542 0 0.033302525452252332 22.93068488407031 OK 14 13 0.54779 0.54868399999999995 0.16207199999999999 0.38501800000000003 0.38379999999999997 0 0.16277199999999997 0.16488399999999998 0.16207199999999999 0.010005 0.010462000000000001 0.0098759999999999994 0.12473100000000009 0.126411 0.12431099999999999 0.0032450000000000001 0.003339 0.0032489999999999997 0.0010039999999999999 0.00099799999999999997 0.00096000000000000013 22.930664815865835 22.930664815865835 22.930664815865835 0.013531408584722392 0.013531408584722392 0.013531408584722392 1 1 1 Converged Converged Converged OK OK OK 88 88 88 88 88 88 8 8 8 0 0 0 0 0 1 0 0
134 134 uniform 0 7 1345 1 0.001 2.796284841827414 0.0089396796052742672 0.083197719414111138 0.008113415946030874 -0.01544189827926703 0.0016022900788395678 0 0.023174107436621412 23.391566293691444 OK 14 13 0.67293400000000003 0.54021699999999995 0.142814 0.525891 0.39310200000000001 0 0.14704300000000003 0.14711499999999994 0.142814 0.0091529999999999997 0.0090939999999999997 0.0086770000000000007 0.11681299999999996 0.11852799999999995 0.11534800000000003 0.0037529999999999994 0.0031510000000000006 0.0029970000000000001 0.00099799999999999997 0.00099799999999999997 0.00093600000000000009 23.391566432862472 23.391566432862472 23.391566432862472 0.0016051463351122418 0.0016051463351122418 0.0016051463351122418 1 1 1 Converged Converged Converged OK OK OK 81 81 81 81 81 81 7 7 7 0 0 0 0 1 0 0 1
134 134 uniform 0 15 1345 2 0.001 2.796284841827414 0.0089396796052742672 0.083197719414111138 0.008113415946030874 -0.01544189827926703 0.013177624953846334 0 0.011598772561614644 23.682790247687596 OK 13 12 0.61747099999999999 0.49520599999999998 0.14153499999999999 0.47401799999999999 0.34818199999999999 0 0.143453 0.14702399999999999 0.14153499999999999 0.0088380000000000004 0.0090320000000000001 0.0083879999999999996 0.115367 0.11855499999999998 0.11471400000000004 0.0030859999999999998 0.003081 0.0029800000000000004 0.00085200000000000011 0.00091000000000000011 0.00086600000000000012 23.6827903169163 23.6827903169163 23.6827903169163 0.0016047093292800958 0.0016047093292800958 0.0016047093292800958 1 1 1 Converged Converged Converged OK OK OK 81 81 81 81 81 81 7 7 7 0 0 0 0 1 0 0 1
134 134 uniform 0 23 1345 3 0.001 2.796284841827414 0.0089396796052742672 0.083197719414111138 0.008113415946030874 -0.01544189827926703 0.024752959828853102 0 2.3437686607875874e-05 23.736227652825264 OK 13 12 0.62856599999999996 0.496195 0.14152600000000001 0.48388399999999998 0.34990500000000002 0 0.14468199999999998 0.14628999999999998 0.14152600000000001 0.0089589999999999999 0.0088959999999999994 0.0081530000000000005 0.11628100000000001 0.11861099999999998 0.11530900000000002 0.003176 0.0030550000000000004 0.0028709999999999999 0.00090499999999999988 0.00087399999999999999 0.00083600000000000005 23.736227775353345 23.736227775353345 23.736227775353345 0.0016050765688769709 0.0016050765688769709 0.0016050765688769709 1 1 1 Converged Converged Converged OK OK OK 81 81 81 81 81 81 7 7 7 0 0 0 0 1 0 0 1
134 134 uniform 0 0 1345 0 0.0001 2.796284841827414 0.0089396796052742672 0.083197719414111138 0.008113415946030874 -0.01544189827926703 -0.0085261279367913542 0 0.033302525452252332 22.93068488407031 OK 14 13 0.55660799999999999 0.559226 0.17218600000000001 0.38466699999999998 0.38514799999999999 0 0.17194100000000001 0.17407800000000001 0.17218600000000001 0.010075000000000001 0.010309 0.010133 0.13079599999999994 0.13163499999999997 0.13109299999999993 0.0036240000000000005 0.0043639999999999998 0.0038069999999999996 0.0011560000000000001 0.0011770000000000001 0.0011429999999999999 22.930684653841077 22.930684653841077 22.930684653841077 0.0010478091253620786 0.0010478091253620786 0.0010478091253620786 1 1 1 Converged Converged Converged OK OK OK 96 96 96 96 96 96 8 8 8 0 0 0 0 0 1 0 0
134 134 uniform 0 7 1345 1 0.0001 2.796284841827414 0.0089396796052742672 0.083197719414111138 0.008113415946030874 -0.01544189827926703 0.0016022900788395678 0 0.023174107436621412 23.391566293691444 OK 14 13 0.66817000000000004 0.54703900000000005 0.14280799999999999 0.52427599999999996 0.39907700000000002 0 0.14389400000000008 0.14796200000000004 0.14280799999999999 0.0090919999999999994 0.0091000000000000004 0.0084700000000000001 0.11548099999999997 0.11870999999999995 0.11551799999999997 0.0030690000000000001 0.0035199999999999997 0.0030460000000000001 0.00094200000000000002 0.00097700000000000022 0.00094400000000000007 23.391566432862472 23.391566432862472 23.391566432862472 0.0016051463351122418 0.0016051463351122418 0.0016051463351122418 1 1 1 Converged Converged Converged OK OK OK 81 81 81 81 81 81 7 7 7 0 0 0 0 1 0 0 1
134 134 uniform 0 15 1345 2 0.0001 2.796284841827414 0.0089396796052742672 0.083197719414111138 0.008113415946030874 -0.01544189827926703 0.013177624953846334 0 0.011598772561614644 23.682790247687596 OK 13 12 0.61513200000000001 0.496369 0.14250699999999999 0.47038400000000002 0.34926600000000002 0 0.14474799999999999 0.14710299999999998 0.14250699999999999 0.0092560000000000003 0.0092119999999999997 0.0083490000000000005 0.11555200000000006 0.118515 0.11552600000000002 0.0033220000000000003 0.003271 0.0030360000000000001 0.00097599999999999998 0.0010059999999999999 0.00089499999999999996 23.6827903169163 23.6827903169163 23.6827903169163 0.0016047093292800958 0.0016047093292800958 0.0016047093292800958 1 1 1 Converged Converged Converged OK OK OK 81 81 81 81 81 81 7 7 7 0 0 0 0 1 0 0 1
134 134 uniform 0 23 1345 3 0.0001 2.796284841827414 0.0089396796052742672 0.083197719414111138 0.008113415946030874 -0.01544189827926703 0.024752959828853102 0 2.3437686607875874e-05 23.736227652825264 OK 13 12 0.62137100000000001 0.49906600000000001 0.14168600000000001 0.47761500000000001 0.35156999999999999 0 0.14375599999999999 0.14749600000000002 0.14168600000000001 0.0088579999999999996 0.0091479999999999999 0.0081060000000000004 0.11592800000000002 0.11899900000000004 0.11542299999999996 0.0030070000000000006 0.0032700000000000003 0.002934 0.000892 0.00093700000000000001 0.00082899999999999998 23.736227775353345 23.736227775353345 23.736227775353345 0.0016050765688769709 0.0016050765688769709 0.0016050765688769709 1 1 1 Converged Converged Converged OK OK OK 81 81 81 81 81 81 7 7 7 0 0 0 0 1 0 0 1
134 134 uniform 1 0 1346 0 0.001 2.796284841827414 0.0089396796052742672 0.083197719414111138 -0.022767759625440455 -0.040455304385421997 -0.039407303508262687 0 0.064183701023723672 18.247153335493387 OK 15 14 0.72167400000000004 0.72308700000000004 0.18354599999999999 0.53847 0.53637699999999999 0 0.18320400000000003 0.18671000000000004 0.18354599999999999 0.010472 0.010397 0.010449999999999999 0.13852300000000003 0.14239199999999996 0.13902800000000001 0.0039449999999999997 0.0038420000000000004 0.0040980000000000001 0.001163 0.0012170000000000002 0.0013110000000000001 18.247154102600632 18.247154102600632 18.247154102600632 0.00070582992791513182 0.00070582992791513182 0.00070582992791513182 1 1 1 Converged Converged Converged OK OK OK 103 103 103 103 103 103 9 9 9 0 0 0 0 0 1 0 0
134 134 uniform 1 7 1346 1 0.001 2.796284841827414 0.0089396796052742672 0.083197719414111138 -0.022767759625440455 -0.040455304385421997 -0.029278885492631759 0 0.054055283008092737 19.726396626948233 OK 15 14 0.57326500000000002 0.44619999999999999 0.158307 0.414211 0.28188999999999997 0 0.15905400000000003 0.16431000000000001 0.158307 0.0092029999999999994 0.0095910000000000006 0.0086400000000000001 0.12765399999999999 0.13227399999999997 0.12860100000000005 0.0036349999999999998 0.0037630000000000007 0.003503 0.0010150000000000001 0.0011149999999999999 0.00098299999999999993 19.726394033712655 19.726394033712655 19.726394033712655 0.010834789798508262 0.010834789798508262 0.010834789798508262 1 1 1 Converged Converged Converged OK OK OK 95 95 95 95 95 95 9 9 9 0 0 0 0 1 0 0 1
134 134 uniform 1 15 1346 2 0.001 2.796284841827414 0.0089396796052742672 0.083197719414111138 -0.022767759625440455 -0.040455304385421997 -0.017703550617624995 0 0.042479948133085976 20.911628510813987 OK 14 13 0.67010099999999995 0.55309600000000003 0.16974 0.49642199999999997 0.37808799999999998 0 0.17367899999999997 0.17500800000000005 0.16974 0.011797 0.0095709999999999996 0.0086169999999999997 0.13614799999999994 0.13911000000000004 0.13630100000000006 0.0042489999999999993 0.0051519999999999995 0.004431 0.0011000000000000001 0.0011940000000000002 0.0011310000000000001 20.911626735964315 20.911626735964315 20.911626735964315 0.0023231325423682782 0.0023231325423682782 0.0023231325423682782 1 1 1 Converged Converged Converged OK OK OK 104 104 104 104 104 104 8 8 8 0 0 0 0 1 0 0 1
134 134 uniform 1 23 1346 3 0.001 2.796284841827414 0.0089396796052742672 0.083197719414111138 -0.022767759625440455 -0.040455304385421997 -0.0061282157426182267 0 0.030904613258079205 21.718599498843755 OK 14 13 0.65547200000000005 0.54476899999999995 0.14071700000000001 0.509741 0.39374700000000001 0 0.14573100000000005 0.15102199999999993 0.14071700000000001 0.00941 0.0091140000000000006 0.0084019999999999997 0.11518100000000003 0.12164800000000005 0.11368900000000007 0.003839 0.0035839999999999999 0.0030219999999999999 0.0010269999999999999 0.0011120000000000001 0.00096999999999999994 21.718599545232486 21.718599545232486 21.718599545232486 0.0018692688151809983 0.0018692688151809983 0.0018692688151809983 1 1 1 Converged Converged Converged OK OK OK 81 81 81 81 81 81 7 7 7 0 0 0 0 1 0 0 1
134 134 uniform 1 0 1346 0 0.0001 2.796284841827414 0.0089396796052742672 0.083197719414111138 -0.022767759625440455 -0.040455304385421997 -0.039407303508262687 0 0.064183701023723672 18.247153335493387 OK 15 14 0.72567099999999995 0.72326100000000004 0.183588 0.539331 0.54075600000000001 0 0.18633999999999995 0.18250500000000003 0.183588 0.010500000000000001 0.010499 0.010489 0.14148999999999995 0.13844500000000004 0.13869200000000004 0.0040529999999999993 0.0039100000000000003 0.0044340000000000004 0.0012099999999999999 0.0011980000000000001 0.0013109999999999999 18.247154102600632 18.247154102600632 18.247154102600632 0.00070582992791513182 0.00070582992791513182 0.00070582992791513182 1 1 1 Converged Converged Converged OK OK OK 103 103 103 103 103 103 9 9 9 0 0 0 0 0 1 0 0
134 134 uniform 1 7 1346 1 0.0001 2.796284841827414 0.0089396796052742672 0.083197719414111138 -0.022767759625440455 -0.040455304385421997 -0.029278885492631759 0 0.054055283008092737 19.726396626948233 OK 15 14 0.61901600000000001 0.48638100000000001 0.19733800000000001 0.42052699999999998 0.283244 0 0.19848900000000003 0.20313700000000001 0.19733800000000001 0.0092370000000000004 0.0095230000000000002 0.0087790000000000003 0.15663600000000005 0.16088900000000003 0.15688000000000005 0.0052569999999999995 0.0054780000000000002 0.0053200000000000001 0.001513 0.0015540000000000003 0.0015619999999999998 19.726396828240961 19.726396828240961 19.726396828240961 0.00028924262266758545 0.00028924262266758545 0.00028924262266758545 1 1 1 Converged Converged Converged OK OK OK 127 127 127 127 127 127 9 9 9 0 0 0 0 1 0 0 1
134 134 uniform 1 15 1346 2 0.0001 2.796284841827414 0.0089396796052742672 0.083197719414111138 -0.022767759625440455 -0.040455304385421997 -0.017703550617624995 0 0.042479948133085976 20.911628510813987 OK 14 13 0.70952300000000001 0.58555500000000005 0.205428 0.50167300000000004 0.37360100000000002 0 0.20784999999999998 0.21195400000000003 0.205428 0.0095820000000000002 0.0095680000000000001 0.0088789999999999997 0.16353500000000004 0.16862000000000005 0.16343199999999991 0.0076629999999999997 0.0073290000000000004 0.0073109999999999998 0.0014620000000000002 0.0014250000000000001 0.001351 20.911628771174058 20.911628771174058 20.911628771174058 0.0012685674307927777 0.0012685674307927777 0.0012685674307927777 1 1 1 Converged Converged Converged OK OK OK 136 136 136 136 136 136 8 8 8 0 0 0 0 1 0 0 1
134 134 uniform 1 23 1346 3 0.0001 2.796284841827414 0.0089396796052742672 0.083197719414111138 -0.022767759625440455 -0.040455304385421997 -0.0061282157426182267 0 0.030904613258079205 21.718599498843755 OK 14 13 0.66409399999999996 0.54202799999999995 0.14197699999999999 0.52126300000000003 0.39503899999999997 0 0.14283099999999993 0.14698899999999998 0.14197699999999999 0.0091450000000000004 0.0091699999999999993 0.0085299999999999994 0.11419000000000004 0.11748500000000003 0.11463400000000006 0.0031830000000000001 0.0037590000000000002 0.0031770000000000001 0.0010370000000000002 0.0010809999999999999 0.00098200000000000002 21.718599545232486 21.718599545232486 21.718599545232486 0.0018692688151809983 0.0018692688151809983 0.0018692688151809983 1 1 1 Converged Converged Converged OK OK OK 81 81 81 81 81 81 7 7 7 0 0 0 0 1 0 0 1
134 134 uniform 2 0 1347 0 0.001 2.796284841827414 0.0089396796052742672 0.083197719414111138 -2.364400721258638 -0.074285833799730028 -2.3810402651414604 0 2.4058166626569215 1.7843033947280695 OK 14 13 0.41021400000000002 0.41170800000000002 0.14139499999999999 0.26588099999999998 0.26828000000000002 0 0.14433300000000004 0.143428 0.14139499999999999 0.0079629999999999996 0.0075690000000000002 0.0075500000000000003 0.10832600000000001 0.10668300000000006 0.10620200000000002 0.0034910000000000002 0.0043350000000000003 0.0036419999999999998 0.00084999999999999995 0.001 0.00084599999999999996 1.7843031616815963 1.7843031616815963 1.7843031616815963 0.00079908169100656381 0.00079908169100656381 0.00079908169100656381 1 1 1 Converged Converged Converged OK OK OK 95 95 95 95 95 95 9 9 9 0 0 0 0 0 1 0 0
134 134 uniform 2 7 1347 1 0.001 2.796284841827414 0.0089396796052742672 0.083197719414111138 -2.364400721258638 -0.074285833799730028 -2.3709118471258295 0 2.3956882446412906 1.7127869394505981 OK 14 13 0.40970699999999999 0.30422500000000002 0.13551299999999999 0.27341900000000002 0.14476900000000001 0 0.13628799999999996 0.15945600000000001 0.13551299999999999 0.006332 0.0065570000000000003 0.0061149999999999998 0.110552 0.13225299999999998 0.11027800000000003 0.0033909999999999999 0.003846 0.0034790000000000003 0.00080699999999999999 0.00091399999999999999 0.0008789999999999999 1.7127869607065014 1.7127869607065014 1.7127869607065014 0.00058656813802952996 0.00058656813802952996 0.00058656813802952996 1 1 1 Converged Converged Converged OK OK OK 95 95 95 95 95 95 9 9 9 0 0 0 0 1 0 0 1
134 134 uniform 2 15 1347 2 0.001 2.796284841827414 0.0089396796052742672 0.083197719414111138 -2.364400721258638 -0.074285833799730028 -2.3593365122508225 0 2.3841129097662837 1.5950473623533723 OK 14 13 0.38167200000000001 0.295929 0.12346 0.25746000000000002 0.14929300000000001 0 0.12421199999999999 0.14663599999999999 0.12346 0.006267 0.0065059999999999996 0.0058739999999999999 0.098275999999999974 0.11980799999999997 0.098431000000000005 0.00363 0.003986 0.0037729999999999999 0.00082400000000000008 0.00085800000000000004 0.00081499999999999997 1.5950474308599254 1.5950474308599254 1.5950474308599254 0.00044850151786059091 0.00044850151786059091 0.00044850151786059091 1 1 1 Converged Converged Converged OK OK OK 95 95 95 95 95 95 9 9 9 0 0 0 0 1 0 0 1
134 134 uniform 2 23 1347 3 0.001 2.796284841827414 0.0089396796052742672 0.083197719414111138 -2.364400721258638 -0.074285833799730028 -2.3477611773758156 0 2.3725375748912767 1.4465093879336677 OK 15 14 0.400837 0.29186400000000001 0.100706 0.30187700000000001 0.17588300000000001 0 0.098959999999999992 0.115981 0.100706 0.0091800000000000007 0.0095809999999999992 0.010061 0.074746000000000007 0.091030000000000014 0.075802999999999982 0.0024299999999999999 0.0028670000000000002 0.0025850000000000005 0.00078099999999999979 0.00088800000000000001 0.00081999999999999998 1.4465098728341259 1.4465098728341259 1.4465098728341259 0.0010741623305853864 0.0010741623305853864 0.0010741623305853864 1 1 1 Converged Converged Converged OK OK OK 66 66 66 66 66 66 6 6 6 0 0 0 0 1 0 0 1
134 134 uniform 2 0 1347 0 0.0001 2.796284841827414 0.0089396796052742672 0.083197719414111138 -2.364400721258638 -0.074285833799730028 -2.3810402651414604 0 2.4058166626569215 1.7843033947280695 OK 14 13 0.44425500000000001 0.44681999999999999 0.17189699999999999 0.269206 0.26894600000000002 0 0.17504900000000001 0.17787399999999998 0.17189699999999999 0.0080389999999999993 0.0077660000000000003 0.0075510000000000004 0.13204399999999997 0.13520800000000002 0.13079100000000007 0.0044479999999999997 0.0046680000000000003 0.0042530000000000007 0.0013289999999999999 0.0013820000000000002 0.001271 1.7843023279833767 1.7843023279833767 1.7843023279833767 0.00017397585278023831 0.00017397585278023831 0.00017397585278023831 1 1 1 Converged Converged Converged OK OK OK 111 111 111 111 111 111 9 9 9 0 0 0 0 0 1 0 0
134 134 uniform 2 7 1347 1 0.0001 2.796284841827414 0.0089396796052742672 0.083197719414111138 -2.364400721258638 -0.074285833799730028 -2.3709118471258295 0 2.3956882446412906 1.7127869394505981 OK 14 13 0.46775800000000001 0.365317 0.194886 0.26969799999999999 0.144484 0 0.19806000000000001 0.220833 0.194886 0.0065700000000000003 0.0064650000000000003 0.0060330000000000002 0.15782300000000002 0.18036799999999992 0.15692000000000003 0.0072460000000000007 0.0077629999999999999 0.006783 0.00142 0.001516 0.00147 1.712786808141217 1.712786808141217 1.712786808141217 6.7189812449937564e-05 6.7189812449937564e-05 6.7189812449937564e-05 1 1 1 Converged Converged Converged OK OK OK 143 143 143 143 143 143 9 9 9 0 0 0 0 1 0 0 1
134 134 uniform 2 15 1347 2 0.0001 2.796284841827414 0.0089396796052742672 0.083197719414111138 -2.364400721258638 -0.074285833799730028 -2.3593365122508225 0 2.3841129097662837 1.5950473623533723 OK 14 13 0.43001099999999998 0.33628999999999998 0.16589699999999999 0.26146799999999998 0.15049799999999999 0 0.168543 0.18579199999999998 0.16589699999999999 0.0063829999999999998 0.0064320000000000002 0.0058339999999999998 0.136652 0.15386400000000006 0.13554899999999992 0.0047480000000000005 0.0048830000000000002 0.0045500000000000002 0.001372 0.0014239999999999999 0.001312 1.5950473900216828 1.5950473900216828 1.5950473900216828 0.00011864106141530793 0.00011864106141530793 0.00011864106141530793 1 1 1 Converged Converged Converged OK OK OK 119 119 119 119 119 119 9 9 9 0 0 0 0 1 0 0 1
134 134 uniform 2 23 1347 3 0.0001 2.796284841827414 0.0089396796052742672 0.083197719414111138 -2.364400721258638 -0.074285833799730028 -2.3477611773758156 0 2.3725375748912767 1.4465093879336677 OK 15 14 0.44279200000000002 0.34413199999999999 0.14194699999999999 0.29986299999999999 0.17924100000000001 0 0.14292900000000003 0.16489099999999998 0.14194699999999999 0.0093299999999999998 0.0094500000000000001 0.0087589999999999994 0.11225699999999998 0.13334599999999999 0.11239600000000002 0.0038189999999999999 0.0042120000000000005 0.0038730000000000001 0.00117 0.0012290000000000001 0.001227 1.4465093030131757 1.4465093030131757 1.4465093030131757 7.577037606276753e-05 7.577037606276753e-05 7.577037606276753e-05 1 1 1 Converged Converged Converged OK OK OK 98 98 98 98 98 98 6 6 6 0 0 0 0 1 0 0 1
134 134 uniform 3 0 1348 0 0.001 2.796284841827414 0.0089396796052742672 0.083197719414111138 -2.4718369061747274 -0.11775752286577869 -2.4884764500575498 0 2.5132528475730109 1.1741619480277437 OK 12 11 0.28350199999999998 0.28517999999999999 0.058615 0.220087 0.22376699999999999 0 0.063414999999999971 0.061412999999999995 0.058615 0.0087650000000000002 0.0092029999999999994 0.0086610000000000003 0.034552999999999987 0.035259000000000006 0.033978999999999995 0.002287 0.0026130000000000003 0.0023140000000000001 0.00057700000000000004 0.00061299999999999994 0.00055000000000000003 1.1741619367024412 1.1741619367024412 1.1741619367024412 0.00018594872603281624 0.00018594872603281624 0.00018594872603281624 1 1 1 Converged Converged Converged OK OK OK 45 45 45 45 45 45 3 3 3 0 0 0 0 0 1 0 0
134 134 uniform 3 7 1348 1 0.001 2.796284841827414 0.0089396796052742672 0.083197719414111138 -2.4718369061747274 -0.11775752286577869 -2.4783480320419189 0 2.50312442955738 1.187067922469728 OK 12 11 0.27820499999999998 0.206818 0.053970999999999998 0.22258 0.13228300000000001 0 0.05562499999999998 0.07453499999999999 0.053970999999999998 0.0081799999999999998 0.009724 0.0076249999999999998 0.033210999999999991 0.049996999999999993 0.032628999999999998 0.002271 0.002405 0.0022529999999999998 0.00056900000000000006 0.00057899999999999998 0.00052700000000000002 1.1870678902891667 1.1870678902891667 1.1870678902891667 0.00020953404732554476 0.00020953404732554476 0.00020953404732554476 1 1 1 Converged Converged Converged OK OK OK 45 45 45 45 45 45 3 3 3 0 0 0 0 1 0 0 1
134 134 uniform 3 15 1348 2 0.001 2.796284841827414 0.0089396796052742672 0.083197719414111138 -2.4718369061747274 -0.11775752286577869 -2.4667726971669119 0 2.4915490946823731 1.2022352062529071 OK 12 11 0.28039700000000001 0.19583500000000001 0.054531999999999997 0.22306300000000001 0.12388299999999999 0 0.057333999999999996 0.071952000000000016 0.054531999999999997 0.0083890000000000006 0.0083400000000000002 0.0075719999999999997 0.034152999999999996 0.049291999999999996 0.033328000000000003 0.0024069999999999994 0.002356 0.0022859999999999998 0.00061100000000000011 0.00056800000000000004 0.00053600000000000002 1.2022350865268334 1.2022350865268334 1.2022350865268334 0.0002447230222417427 0.0002447230222417427 0.0002447230222417427 1 1 1 Converged Converged Converged OK OK OK 45 45 45 45 45 45 3 3 3 0 0 0 0 1 0 0 1
134 134 uniform 3 23 1348 3 0.001 2.796284841827414 0.0089396796052742672 0.083197719414111138 -2.4718369061747274 -0.11775752286577869 -2.455197362291905 0 2.4799737598073661 1.2167920060954627 OK 12 11 0.29474499999999998 0.20438300000000001 0.054758000000000001 0.237875 0.132324 0 0.056869999999999976 0.072059000000000012 0.054758000000000001 0.0082550000000000002 0.0083359999999999997 0.007639 0.034573999999999994 0.049673999999999996 0.033638000000000001 0.0023159999999999999 0.0023710000000000003 0.0021900000000000001 0.00058299999999999997 0.00055100000000000006 0.000531 1.2167918911489821 1.2167918911489821 1.2167918911489821 0.00028196101308165084 0.00028196101308165084 0.00028196101308165084 1 1 1 Converged Converged Converged OK OK OK 45 45 45 45 45 45 3 3 3 0 0 0 0 1 0 0 1
134 134 uniform 3 0 1348 0 0.0001 2.796284841827414 0.0089396796052742672 0.083197719414111138 -2.4718369061747274 -0.11775752286577869 -2.4884764500575498 0 2.5132528475730109 1.1741619480277437 OK 12 11 0.30496099999999998 0.30414099999999999 0.077130000000000004 0.22504299999999999 0.22547400000000001 0 0.079917999999999989 0.078666999999999987 0.077130000000000004 0.0090519999999999993 0.0091269999999999997 0.0085050000000000004 0.048195999999999989 0.047939999999999976 0.047390999999999996 0.0033690000000000005 0.0032770000000000004 0.003156 0.00078799999999999996 0.00070699999999999995 0.00064800000000000003 1.1741619366986302 1.1741619366986302 1.1741619366986302 8.6484751267742427e-05 8.6484751267742427e-05 8.6484751267742427e-05 1 1 1 Converged Converged Converged OK OK OK 61 61 61 61 61 61 3 3 3 0 0 0 0 0 1 0 0
134 134 uniform 3 7 1348 1 0.0001 2.796284841827414 0.0089396796052742672 0.083197719414111138 -2.4718369061747274 -0.11775752286577869 -2.4783480320419189 0 2.50312442955738 1.187067922469728 OK 12 11 0.29966999999999999 0.219446 0.070288000000000003 0.22628400000000001 0.13173799999999999 0 0.073385999999999979 0.087708000000000008 0.070288000000000003 0.0082190000000000006 0.0082330000000000007 0.0077479999999999997 0.045572999999999995 0.060808000000000008 0.044218999999999994 0.003372 0.0032059999999999996 0.0030500000000000002 0.00068700000000000011 0.0006510000000000001 0.00062900000000000011 1.1870678896269917 1.1870678896269917 1.1870678896269917 9.385026632609367e-05 9.385026632609367e-05 9.385026632609367e-05 1 1 1 Converged Converged Converged OK OK OK 61 61 61 61 61 61 3 3 3 0 0 0 0 1 0 0 1
134 134 uniform 3 15 1348 2 0.0001 2.796284841827414 0.0089396796052742672 0.083197719414111138 -2.4718369061747274 -0.11775752286577869 -2.4667726971669119 0 2.4915490946823731 1.2022352062529071 OK 12 11 0.29767300000000002 0.21510799999999999 0.070833999999999994 0.22450000000000001 0.125498 0 0.073173000000000016 0.089609999999999995 0.070833999999999994 0.0081620000000000009 0.0082620000000000002 0.0076759999999999997 0.045672999999999998 0.061403999999999986 0.044741999999999997 0.0033029999999999999 0.003581 0.0030800000000000003 0.00068199999999999999 0.00068300000000000001 0.00064100000000000008 1.2022350844082235 1.2022350844082235 1.2022350844082235 0.00010953883028363179 0.00010953883028363179 0.00010953883028363179 1 1 1 Converged Converged Converged OK OK OK 61 61 61 61 61 61 3 3 3 0 0 0 0 1 0 0 1
134 134 uniform 3 23 1348 3 0.0001 2.796284841827414 0.0089396796052742672 0.083197719414111138 -2.4718369061747274 -0.11775752286577869 -2.455197362291905 0 2.4799737598073661 1.2167920060954627 OK 12 11 0.33309299999999997 0.242952 0.091350000000000001 0.23899300000000001 0.13302 0 0.094099999999999961 0.109932 0.091350000000000001 0.0081530000000000005 0.0082450000000000006 0.0076379999999999998 0.060383999999999993 0.076771999999999993 0.059319999999999984 0.0043010000000000001 0.0042890000000000003 0.0041489999999999999 0.00081900000000000007 0.0008160000000000001 0.00082200000000000003 1.2167918446907657 1.2167918446907657 1.2167918446907657 5.7342007186757412e-06 5.7342007186757412e-06 5.7342007186757412e-06 1 1 1 Converged Converged Converged OK OK OK 77 77 77 77 77 77 3 3 3 0 0 0 0 1 0 0 1
134 134 uniform 4 0 1349 0 0.001 2.796284841827414 0.0089396796052742672 0.083197719414111138 0.10063850541287611 -0.12777642411438825 0.083998961530053887 0 -0.059222564014592909 7.4392542000890964 OK 11 10 0.60975900000000005 0.60111899999999996 0.089361999999999997 0.51926499999999998 0.51159900000000003 0 0.090494000000000074 0.089519999999999933 0.089361999999999997 0.0095010000000000008 0.0093139999999999994 0.0088900000000000003 0.06125400000000001 0.061024999999999989 0.061200000000000011 0.0028440000000000002 0.0027299999999999998 0.0025589999999999996 0.00067400000000000012 0.00070899999999999999 0.00065499999999999998 7.4392510456394385 7.4392510456394385 7.4392510456394385 0.0022329814477973359 0.0022329814477973359 0.0022329814477973359 1 1 1 Converged Converged Converged OK OK OK 59 59 59 59 59 59 5 5 5 0 0 0 0 0 1 0 0
134 134 uniform 4 7 1349 1 0.001 2.796284841827414 0.0089396796052742672 0.083197719414111138 0.10063850541287611 -0.12777642411438825 0.0941273795456848 0 -0.069350982030223829 7.1798978145549626 OK 11 10 0.58341200000000004 0.47895399999999999 0.087566000000000005 0.49504700000000001 0.36250399999999999 0 0.088365000000000027 0.11645 0.087566000000000005 0.0089619999999999995 0.0090050000000000009 0.0083750000000000005 0.063401999999999986 0.091513999999999998 0.063659000000000007 0.0025490000000000001 0.0026329999999999999 0.0025700000000000002 0.00070399999999999987 0.000696 0.00070300000000000007 7.1798875667427851 7.1798875667427851 7.1798875667427851 0.0046098833707595138 0.0046098833707595138 0.0046098833707595138 1 1 1 Converged Converged Converged OK OK OK 59 59 59 59 59 59 5 5 5 0 0 0 0 1 0 0 1
134 134 uniform 4 15 1349 2 0.001 2.796284841827414 0.0089396796052742672 0.083197719414111138 0.10063850541287611 -0.12777642411438825 0.10570271442069157 0 -0.080926316905230583 6.8739101655670369 OK 11 10 0.52825200000000005 0.40871000000000002 0.082933999999999994 0.44299100000000002 0.30748399999999998 0 0.085261000000000031 0.10122600000000004 0.082933999999999994 0.0085509999999999996 0.0085550000000000001 0.0080129999999999993 0.059221999999999983 0.075352000000000016 0.058481000000000005 0.0029620000000000002 0.0028939999999999999 0.002676 0.00070899999999999999 0.00069699999999999992 0.00064100000000000008 6.873910620708898 6.873910620708898 6.873910620708898 0.0014150847453137851 0.0014150847453137851 0.0014150847453137851 1 1 1 Converged Converged Converged OK OK OK 60 60 60 60 60 60 4 4 4 0 0 0 0 1 0 0 1
134 134 uniform 4 23 1349 3 0.001 2.796284841827414 0.0089396796052742672 0.083197719414111138 0.10063850541287611 -0.12777642411438825 0.11727804929569834 0 -0.092501651780237365 6.5667668296087074 OK 11 10 0.55859700000000001 0.45144000000000001 0.081741999999999995 0.47542899999999999 0.34751700000000002 0 0.08316800000000002 0.10392299999999999 0.081741999999999995 0.0081569999999999993 0.0082209999999999991 0.0075849999999999997 0.058827000000000032 0.079679 0.058456999999999995 0.0026909999999999998 0.0027189999999999996 0.0026510000000000001 0.00065499999999999998 0.00064999999999999997 0.00066799999999999997 6.5667751106872494 6.5667751106872494 6.5667751106872494 0.003205460643279724 0.003205460643279724 0.003205460643279724 1 1 1 Converged Converged Converged OK OK OK 60 60 60 60 60 60 4 4 4 0 0 0 0 1 0 0 1
134 134 uniform 4 0 1349 0 0.0001 2.796284841827414 0.0089396796052742672 0.083197719414111138 0.10063850541287611 -0.12777642411438825 0.083998961530053887 0 -0.059222564014592909 7.4392542000890964 OK 11 10 0.61879799999999996 0.62288500000000002 0.107764 0.51278199999999996 0.51742699999999997 0 0.106016 0.10545800000000005 0.107764 0.0094439999999999993 0.0092910000000000006 0.0092499999999999995 0.071069999999999967 0.07112099999999999 0.072235999999999967 0.003532 0.0035359999999999996 0.003859 0.00086899999999999998 0.00083500000000000002 0.00097900000000000027 7.4392540579632822 7.4392540579632822 7.4392540579632822 0.00037255497589440493 0.00037255497589440493 0.00037255497589440493 1 1 1 Converged Converged Converged OK OK OK 75 75 75 75 75 75 5 5 5 0 0 0 0 0 1 0 0
134 134 uniform 4 7 1349 1 0.0001 2.796284841827414 0.0089396796052742672 0.083197719414111138 0.10063850541287611 -0.12777642411438825 0.0941273795456848 0 -0.069350982030223829 7.1798978145549626 OK 11 10 0.61433000000000004 0.51036599999999999 0.116714 0.49573299999999998 0.36148200000000003 0 0.11859700000000006 0.14888399999999996 0.116714 0.0091039999999999992 0.0090559999999999998 0.0085210000000000008 0.084085000000000007 0.11463200000000003 0.083268000000000023 0.0043009999999999993 0.004359 0.0044580000000000002 0.00091399999999999999 0.00091799999999999998 0.00099899999999999989 7.1798976793051565 7.1798976793051565 7.1798976793051565 0.00031729061518722898 0.00031729061518722898 0.00031729061518722898 1 1 1 Converged Converged Converged OK OK OK 91 91 91 91 91 91 5 5 5 0 0 0 0 1 0 0 1
134 134 uniform 4 15 1349 2 0.0001 2.796284841827414 0.0089396796052742672 0.083197719414111138 0.10063850541287611 -0.12777642411438825 0.10570271442069157 0 -0.080926316905230583 6.8739101655670369 OK 11 10 0.54042199999999996 0.42986000000000002 0.094948000000000005 0.443685 0.31154799999999999 0 0.096736999999999962 0.11831200000000003 0.094948000000000005 0.0086210000000000002 0.0085710000000000005 0.0079939999999999994 0.068489999999999995 0.088927999999999979 0.067919999999999994 0.0035100000000000001 0.0041989999999999996 0.0035409999999999999 0.00078800000000000007 0.00079000000000000001 0.00077799999999999994 6.8739100473694936 6.8739100473694936 6.8739100473694936 0.0003177023555318146 0.0003177023555318146 0.0003177023555318146 1 1 1 Converged Converged Converged OK OK OK 76 76 76 76 76 76 4 4 4 0 0 0 0 1 0 0 1
134 134 uniform 4 23 1349 3 0.0001 2.796284841827414 0.0089396796052742672 0.083197719414111138 0.10063850541287611 -0.12777642411438825 0.11727804929569834 0 -0.092501651780237365 6.5667668296087074 OK 11 10 0.57155999999999996 0.46801399999999999 0.095035999999999995 0.47467700000000002 0.34471099999999999 0 0.096882999999999941 0.123303 0.095035999999999995 0.0082089999999999993 0.0084360000000000008 0.0077380000000000001 0.069158999999999957 0.095136999999999958 0.068376000000000006 0.0034870000000000001 0.0037920000000000002 0.0035119999999999999 0.0007899999999999999 0.00080400000000000003 0.00075299999999999998 6.5667667382834294 6.5667667382834294 6.5667667382834294 0.00010889647716750628 0.00010889647716750628 0.00010889647716750628 1 1 1 Converged Converged Converged OK OK OK 76 76 76 76 76 76 4 4 4 0 0 0 0 1 0 0 1
135 135 linear 0 0 1350 0 0.001 1.8553507393740847 0.40727280968236651 0.028946812507378985 -0.97185804822681743 -0.20049576638821137 -0.9776474107282932 0.5 1.5145965391220213 6.2680550361922664 OK 14 13 0.50138400000000005 0.49478299999999997 0.173564 0.32277299999999998 0.316689 0 0.17861100000000008 0.17809399999999997 0.173564 0.012330000000000001 0.012373 0.012123 0.137291 0.136826 0.13179500000000002 0.0039230000000000003 0.0039189999999999997 0.0044429999999999999 0.00097000000000000005 0.001021 0.0010769999999999998 6.2680959516956847 6.2680959516956847 6.2680959516956847 0.0043200690181998966 0.0043200690181998966 0.0043200690181998966 1 1 1 Converged Converged Converged OK OK OK 82 82 82 82 82 82 6 6 6 0 0 0 0 0 1 0 0
135 135 linear 0 7 1350 1 0.001 1.8553507393740847 0.40727280968236651 0.028946812507378985 -0.97185804822681743 -0.20049576638821137 -0.97412345094478625 0.5 1.5110725793385145 6.8058776030215506 OK 14 13 0.47515800000000002 0.409607 0.16247900000000001 0.30798399999999998 0.21748700000000001 0 0.16717400000000004 0.19211999999999999 0.16247900000000001 0.011554999999999999 0.011369000000000001 0.010874 0.13253499999999996 0.15805699999999995 0.12942600000000001 0.0041330000000000004 0.0040730000000000002 0.0041609999999999998 0.001083 0.0010510000000000001 0.0010350000000000001 6.8058977922752053 6.8058977922752053 6.8058977922752053 0.0061686562296427586 0.0061686562296427586 0.0061686562296427586 1 1 1 Converged Converged Converged OK OK OK 82 82 82 82 82 82 6 6 6 0 0 0 0 1 0 0 1
135 135 linear 0 15 1350 2 0.001 1.8553507393740847 0.40727280968236651 0.028946812507378985 -0.97185804822681743 -0.20049576638821137 -0.9700960683350639 0.5 1.5070451967287921 7.3076974663515006 OK 14 13 0.50372099999999997 0.42255700000000002 0.19296099999999999 0.30746499999999999 0.20147499999999999 0 0.19625599999999999 0.22108200000000003 0.19296099999999999 0.011372 0.011439 0.010629 0.15516499999999991 0.18363300000000007 0.15689099999999995 0.0042359999999999993 0.0044089999999999997 0.0043860000000000001 0.0010630000000000001 0.00108 0.0010969999999999999 7.3078212233895128 7.3078212233895128 7.3078212233895128 0.0067107018556162076 0.0067107018556162076 0.0067107018556162076 1 1 1 Converged Converged Converged OK OK OK 89 89 89 89 89 89 7 7 7 0 0 0 0 1 0 0 1
135 135 linear 0 23 1350 3 0.001 1.8553507393740847 0.40727280968236651 0.028946812507378985 -0.97185804822681743 -0.20049576638821137 -0.96606868572534166 0.5 1.5030178141190698 7.6858242700718211 OK 14 13 0.48391800000000001 0.42215900000000001 0.177034 0.29900199999999999 0.21529100000000001 0 0.18491600000000002 0.206868 0.177034 0.011468000000000001 0.011752 0.010928999999999999 0.14606999999999998 0.17075400000000002 0.14218999999999998 0.0042969999999999996 0.0042449999999999996 0.0042849999999999997 0.001054 0.001031 0.0010820000000000001 7.6858484451224305 7.6858484451224305 7.6858484451224305 0.0029971063371418516 0.0029971063371418516 0.0029971063371418516 1 1 1 Converged Converged Converged OK OK OK 89 89 89 89 89 89 7 7 7 0 0 0 0 1 0 0 1
135 135 linear 0 0 1350 0 0.0001 1.8553507393740847 0.40727280968236651 0.028946812507378985 -0.97185804822681743 -0.20049576638821137 -0.9776474107282932 0.5 1.5145965391220213 6.2680550361922664 OK 14 13 0.57395399999999996 0.57271700000000003 0.24954299999999999 0.31995000000000001 0.31996999999999998 0 0.25400399999999995 0.25274700000000005 0.24954299999999999 0.012540000000000001 0.012484 0.012101000000000001 0.19500100000000004 0.19112200000000004 0.19079299999999996 0.0066249999999999989 0.0063069999999999992 0.006672 0.001408 0.001397 0.0014419999999999999 6.2680955291578302 6.2680955291578302 6.2680955291578302 0.00012617648640955614 0.00012617648640955614 0.00012617648640955614 1 1 1 Converged Converged Converged OK OK OK 122 122 122 122 122 122 6 6 6 0 0 0 0 0 1 0 0
135 135 linear 0 7 1350 1 0.0001 1.8553507393740847 0.40727280968236651 0.028946812507378985 -0.97185804822681743 -0.20049576638821137 -0.97412345094478625 0.5 1.5110725793385145 6.8058776030215506 OK 14 13 0.55084699999999998 0.491342 0.23156099999999999 0.31350299999999998 0.21612999999999999 0 0.237344 0.27521200000000001 0.23156099999999999 0.011514999999999999 0.011577 0.010886 0.19036500000000001 0.22858399999999984 0.18591199999999994 0.0064289999999999998 0.0063869999999999994 0.0064860000000000004 0.0014249999999999998 0.00141 0.001441 6.8058978067455529 6.8058978067455529 6.8058978067455529 0.0001083449917046492 0.0001083449917046492 0.0001083449917046492 1 1 1 Converged Converged Converged OK OK OK 122 122 122 122 122 122 6 6 6 0 0 0 0 1 0 0 1
135 135 linear 0 15 1350 2 0.0001 1.8553507393740847 0.40727280968236651 0.028946812507378985 -0.97185804822681743 -0.20049576638821137 -0.9700960683350639 0.5 1.5070451967287921 7.3076974663515006 OK 14 13 0.540103 0.462806 0.22187399999999999 0.30769600000000003 0.20255999999999999 0 0.23240699999999997 0.26024599999999998 0.22187399999999999 0.011509 0.011344999999999999 0.010682000000000001 0.18851000000000001 0.21732799999999997 0.17995000000000003 0.0062810000000000001 0.0058880000000000009 0.0057359999999999998 0.0014320000000000001 0.001379 0.001379 7.3077575833786108 7.3077575833786108 7.3077575833786108 0.00053549333704241899 0.00053549333704241899 0.00053549333704241899 1 1 1 Converged Converged Converged OK OK OK 113 113 113 113 113 113 7 7 7 0 0 0 0 1 0 0 1
135 135 linear 0 23 1350 3 0.0001 1.8553507393740847 0.40727280968236651 0.028946812507378985 -0.97185804822681743 -0.20049576638821137 -0.96606868572534166 0.5 1.5030178141190698 7.6858242700718211 OK 14 13 0.51685000000000003 0.46006599999999997 0.20863399999999999 0.30252600000000002 0.215084 0 0.21432400000000001 0.24498199999999998 0.20863399999999999 0.011697000000000001 0.011938000000000001 0.01091 0.17113800000000012 0.20121399999999992 0.16686900000000005 0.0057719999999999994 0.0060250000000000008 0.0056799999999999993 0.0013900000000000002 0.0014860000000000001 0.001284 7.685847258148466 7.685847258148466 7.685847258148466 0.00039578776384755854 0.00039578776384755854 0.00039578776384755854 1 1 1 Converged Converged Converged OK OK OK 113 113 113 113 113 113 7 7 7 0 0 0 0 1 0 0 1
135 135 linear 1 0 1351 0 0.001 1.8553507393740847 0.40727280968236651 0.028946812507378985 0.44609666593874769 -0.032485758753940629 0.44030730343727187 0.5 0.096641824956456235 15.031524284527912 OK 14 13 0.50278199999999995 0.50278199999999995 0.156223 0.34267500000000001 0.344943 0 0.16010699999999994 0.15783899999999995 0.156223 0.013202999999999999 0.013440000000000001 0.012827 0.11894299999999999 0.115998 0.11557899999999999 0.0037369999999999999 0.004372 0.0042959999999999995 0.00093800000000000003 0.00099799999999999997 0.00101 15.031531006524872 15.031531006524872 15.031531006524872 0.0097425315950284228 0.0097425315950284228 0.0097425315950284228 1 1 1 Converged Converged Converged OK OK OK 89 89 89 89 89 89 7 7 7 0 0 0 0 0 1 0 0
135 135 linear 1 7 1351 1 0.001 1.8553507393740847 0.40727280968236651 0.028946812507378985 0.44609666593874769 -0.032485758753940629 0.44383126322077893 0.5 0.093117865172949177 13.921617384196631 OK 14 13 0.47232000000000002 0.408439 0.15110499999999999 0.31925799999999999 0.18782399999999999 0 0.15306200000000003 0.22061500000000001 0.15110499999999999 0.012433 0.01238 0.011646 0.11953299999999997 0.18680400000000005 0.11875299999999997 0.003836 0.0040679999999999996 0.0040169999999999997 0.00087199999999999995 0.00092800000000000001 0.00092299999999999999 13.921650206570677 13.921650206570677 13.921650206570677 0.013504273128299908 0.013504273128299908 0.013504273128299908 1 1 1 Converged Converged Converged OK OK OK 89 89 89 89 89 89 7 7 7 0 0 0 0 1 0 0 1
135 135 linear 1 15 1351 2 0.001 1.8553507393740847 0.40727280968236651 0.028946812507378985 0.44609666593874769 -0.032485758753940629 0.44785864583050122 0.5 0.08909048256322688 12.573993261895989 OK 14 13 0.44800499999999999 0.370033 0.13372300000000001 0.30896099999999999 0.18429999999999999 0 0.139044 0.18573300000000001 0.13372300000000001 0.012546 0.012404 0.011606999999999999 0.105588 0.15303000000000005 0.10253699999999998 0.0036029999999999994 0.0036129999999999999 0.0034429999999999999 0.00087399999999999999 0.00094700000000000014 0.00091500000000000001 12.57404377526437 12.57404377526437 12.57404377526437 0.0085651733347445955 0.0085651733347445955 0.0085651733347445955 1 1 1 Converged Converged Converged OK OK OK 81 81 81 81 81 81 7 7 7 0 0 0 0 1 0 0 1
135 135 linear 1 23 1351 3 0.001 1.8553507393740847 0.40727280968236651 0.028946812507378985 0.44609666593874769 -0.032485758753940629 0.45188602844022352 0.5 0.085063099953504584 11.164294178586319 OK 14 13 0.45130700000000001 0.36307099999999998 0.13559299999999999 0.31085800000000002 0.18810299999999999 0 0.14044899999999999 0.17496799999999998 0.13559299999999999 0.012116 0.012116999999999999 0.011320999999999999 0.10818699999999998 0.141096 0.10451700000000003 0.0035400000000000002 0.0043609999999999994 0.0035170000000000002 0.00092299999999999999 0.0010150000000000001 0.00097099999999999986 11.164275156524418 11.164275156524418 11.164275156524418 0.0061931647837797027 0.0061931647837797027 0.0061931647837797027 1 1 1 Converged Converged Converged OK OK OK 81 81 81 81 81 81 7 7 7 0 0 0 0 1 0 0 1
135 135 linear 1 0 1351 0 0.0001 1.8553507393740847 0.40727280968236651 0.028946812507378985 0.44609666593874769 -0.032485758753940629 0.44030730343727187 0.5 0.096641824956456235 15.031524284527912 OK 14 13 0.62151599999999996 0.61287999999999998 0.26983400000000002 0.341895 0.34708699999999998 0 0.27962099999999995 0.265793 0.26983400000000002 0.013724999999999999 0.013445 0.012903 0.20936200000000008 0.20020699999999994 0.20389700000000008 0.0088939999999999991 0.0085360000000000002 0.0091000000000000004 0.0015839999999999999 0.0015219999999999999 0.0016540000000000001 15.031538789383996 15.031538789383996 15.031538789383996 0.0010941606724577549 0.0010941606724577549 0.0010941606724577549 1 1 1 Converged Converged Converged OK OK OK 153 153 153 153 153 153 7 7 7 0 0 0 0 0 1 0 0
135 135 linear 1 7 1351 1 0.0001 1.8553507393740847 0.40727280968236651 0.028946812507378985 0.44609666593874769 -0.032485758753940629 0.44383126322077893 0.5 0.093117865172949177 13.921617384196631 OK 14 13 0.52530100000000002 0.48084300000000002 0.20030999999999999 0.31801200000000002 0.18656 0 0.207289 0.29428300000000002 0.20030999999999999 0.012499 0.012503 0.011771999999999999 0.16330800000000001 0.25045999999999996 0.15768499999999996 0.0057090000000000005 0.0056900000000000006 0.0058010000000000006 0.001305 0.0013209999999999999 0.0013230000000000002 13.921676303738984 13.921676303738984 13.921676303738984 0.0011100356598970648 0.0011100356598970648 0.0011100356598970648 1 1 1 Converged Converged Converged OK OK OK 121 121 121 121 121 121 7 7 7 0 0 0 0 1 0 0 1
135 135 linear 1 15 1351 2 0.0001 1.8553507393740847 0.40727280968236651 0.028946812507378985 0.44609666593874769 -0.032485758753940629 0.44785864583050122 0.5 0.08909048256322688 12.573993261895989 OK 14 13 0.51986299999999996 0.47048899999999999 0.19985 0.31386900000000001 0.19134799999999999 0 0.20599399999999995 0.27914099999999997 0.19985 0.012394000000000001 0.012297000000000001 0.011631000000000001 0.16223799999999991 0.23520000000000002 0.15735400000000013 0.0056690000000000004 0.0059559999999999995 0.0058440000000000002 0.001369 0.0013960000000000001 0.0013839999999999998 12.574041176904785 12.574041176904785 12.574041176904785 0.0010190410790565747 0.0010190410790565747 0.0010190410790565747 1 1 1 Converged Converged Converged OK OK OK 121 121 121 121 121 121 7 7 7 0 0 0 0 1 0 0 1
135 135 linear 1 23 1351 3 0.0001 1.8553507393740847 0.40727280968236651 0.028946812507378985 0.44609666593874769 -0.032485758753940629 0.45188602844022352 0.5 0.085063099953504584 11.164294178586319 OK 14 13 0.52767399999999998 0.473304 0.211034 0.30546299999999998 0.188665 0 0.22221099999999999 0.28463899999999998 0.211034 0.012109999999999999 0.012199 0.011335 0.17686000000000004 0.23756400000000003 0.16725100000000007 0.0062129999999999998 0.0073420000000000013 0.0062759999999999995 0.0014970000000000001 0.0015860000000000002 0.0014940000000000001 11.164282258641826 11.164282258641826 11.164282258641826 0.00072540451910132358 0.00072540451910132358 0.00072540451910132358 1 1 1 Converged Converged Converged OK OK OK 129 129 129 129 129 129 7 7 7 0 0 0 0 1 0 0 1
135 135 linear 2 0 1352 0 0.001 1.8553507393740847 0.40727280968236651 0.028946812507378985 0.44775863164502228 -0.1373584648530157 0.44196926914354651 0.5 0.094979859250181597 5.9544245041642858 OK 13 12 0.40865600000000002 0.40697899999999998 0.134663 0.27116400000000002 0.27197399999999999 0 0.137492 0.13500499999999999 0.134663 0.0097689999999999999 0.010062 0.009443 0.10184099999999997 0.099378000000000008 0.099435000000000009 0.0039529999999999999 0.003797 0.0041180000000000001 0.00079600000000000005 0.00083700000000000007 0.00079199999999999995 5.9543916426143495 5.9543916426143495 5.9543916426143495 0.0041090921045881731 0.0041090921045881731 0.0041090921045881731 1 1 1 Converged Converged Converged OK OK OK 83 83 83 83 83 83 5 5 5 0 0 0 0 0 1 0 0
135 135 linear 2 7 1352 1 0.001 1.8553507393740847 0.40727280968236651 0.028946812507378985 0.44775863164502228 -0.1373584648530157 0.44549322892705351 0.5 0.091455899466674595 4.9772172168624182 OK 13 12 0.381859 0.32817000000000002 0.112885 0.26532 0.16027 0 0.116539 0.16790000000000002 0.112885 0.0082290000000000002 0.0082310000000000005 0.0077400000000000004 0.086423000000000041 0.13756100000000002 0.083763000000000004 0.0036469999999999996 0.003895 0.0037470000000000003 0.00079299999999999998 0.00078400000000000008 0.00085300000000000003 4.9771987375452653 4.9771987375452653 4.9771987375452653 0.001807383946242775 0.001807383946242775 0.001807383946242775 1 1 1 Converged Converged Converged OK OK OK 69 69 69 69 69 69 3 3 3 0 0 0 0 1 0 0 1
135 135 linear 2 15 1352 2 0.001 1.8553507393740847 0.40727280968236651 0.028946812507378985 0.44775863164502228 -0.1373584648530157 0.4495206115367758 0.5 0.087428516856952299 4.7313372347412352 OK 13 12 0.36520000000000002 0.32101499999999999 0.110698 0.25086000000000003 0.16666500000000001 0 0.11434 0.15434999999999999 0.110698 0.0082159999999999993 0.0082939999999999993 0.0076519999999999999 0.084415000000000032 0.12439299999999995 0.081575000000000022 0.0035720000000000001 0.0037199999999999998 0.0038400000000000001 0.00080000000000000004 0.00078800000000000007 0.00081499999999999997 4.731322721942341 4.731322721942341 4.731322721942341 0.001783175121720465 0.001783175121720465 0.001783175121720465 1 1 1 Converged Converged Converged OK OK OK 69 69 69 69 69 69 3 3 3 0 0 0 0 1 0 0 1
135 135 linear 2 23 1352 3 0.001 1.8553507393740847 0.40727280968236651 0.028946812507378985 0.44775863164502228 -0.1373584648530157 0.45354799414649805 0.5 0.083401134247230058 4.5684034199585799 OK 13 12 0.341499 0.31085099999999999 0.110952 0.22584399999999999 0.14597399999999999 0 0.11565500000000001 0.164877 0.110952 0.0081239999999999993 0.0081939999999999999 0.0076160000000000004 0.085103999999999985 0.13499199999999997 0.082103999999999955 0.0041070000000000004 0.003692 0.0036749999999999999 0.00082400000000000008 0.00078700000000000005 0.00074099999999999991 4.5683901132904774 4.5683901132904774 4.5683901132904774 0.0017649685803115037 0.0017649685803115037 0.0017649685803115037 1 1 1 Converged Converged Converged OK OK OK 69 69 69 69 69 69 3 3 3 0 0 0 0 1 0 0 1
135 135 linear 2 0 1352 0 0.0001 1.8553507393740847 0.40727280968236651 0.028946812507378985 0.44775863164502228 -0.1373584648530157 0.44196926914354651 0.5 0.094979859250181597 5.9544245041642858 OK 13 12 0.44590800000000003 0.44301600000000002 0.170152 0.26838400000000001 0.26893899999999998 0 0.17752400000000002 0.17407700000000004 0.170152 0.0097470000000000005 0.0098049999999999995 0.0094909999999999994 0.13450100000000004 0.13176600000000005 0.12769199999999997 0.0047660000000000003 0.0045340000000000007 0.0048219999999999999 0.00114 0.001126 0.0011919999999999999 5.9544026526985929 5.9544026526985929 5.9544026526985929 0.00053646719172563547 0.00053646719172563547 0.00053646719172563547 1 1 1 Converged Converged Converged OK OK OK 99 99 99 99 99 99 5 5 5 0 0 0 0 0 1 0 0
135 135 linear 2 7 1352 1 0.0001 1.8553507393740847 0.40727280968236651 0.028946812507378985 0.44775863164502228 -0.1373584648530157 0.44549322892705351 0.5 0.091455899466674595 4.9772172168624182 OK 13 12 0.40822399999999998 0.35436899999999999 0.13764599999999999 0.26609899999999997 0.16128799999999999 0 0.142125 0.193081 0.13764599999999999 0.0083280000000000003 0.0083059999999999991 0.0077460000000000003 0.10936099999999999 0.16056000000000006 0.10580999999999997 0.0041479999999999998 0.0041529999999999996 0.0042820000000000002 0.00093599999999999987 0.00095299999999999996 0.00093099999999999997 4.9772092169989595 4.9772092169989595 4.9772092169989595 3.4752274645097492e-05 3.4752274645097492e-05 3.4752274645097492e-05 1 1 1 Converged Converged Converged OK OK OK 77 77 77 77 77 77 3 3 3 0 0 0 0 1 0 0 1
135 135 linear 2 15 1352 2 0.0001 1.8553507393740847 0.40727280968236651 0.028946812507378985 0.44775863164502228 -0.1373584648530157 0.4495206115367758 0.5 0.087428516856952299 4.7313372347412352 OK 13 12 0.38900099999999999 0.347802 0.13519700000000001 0.24810499999999999 0.16491800000000001 0 0.14089599999999999 0.18288399999999999 0.13519700000000001 0.0082649999999999998 0.0082179999999999996 0.0076889999999999997 0.10777000000000003 0.14985400000000007 0.10363000000000001 0.0045129999999999997 0.0044129999999999994 0.004228 0.00097099999999999986 0.00095799999999999998 0.00091699999999999995 4.7313331095838773 4.7313331095838773 4.7313331095838773 2.607782976252081e-05 2.607782976252081e-05 2.607782976252081e-05 1 1 1 Converged Converged Converged OK OK OK 77 77 77 77 77 77 3 3 3 0 0 0 0 1 0 0 1
135 135 linear 2 23 1352 3 0.0001 1.8553507393740847 0.40727280968236651 0.028946812507378985 0.44775863164502228 -0.1373584648530157 0.45354799414649805 0.5 0.083401134247230058 4.5684034199585799 OK 13 12 0.367703 0.33541700000000002 0.13600999999999999 0.22664300000000001 0.142655 0 0.14105999999999999 0.19276200000000002 0.13600999999999999 0.0082719999999999998 0.0082129999999999998 0.007672 0.10807499999999998 0.16030700000000001 0.10440999999999999 0.0044240000000000008 0.004104 0.0041580000000000002 0.00091600000000000004 0.00087900000000000001 0.00089800000000000004 4.5684004100805664 4.5684004100805664 4.5684004100805664 2.3243048330815001e-05 2.3243048330815001e-05 2.3243048330815001e-05 1 1 1 Converged Converged Converged OK OK OK 77 77 77 77 77 77 3 3 3 0 0 0 0 1 0 0 1
135 135 linear 3 0 1353 0 0.001 1.8553507393740847 0.40727280968236651 0.028946812507378985 -1.0964148904984241 -0.043231011351654872 -1.1022042529998999 0.5 1.6391533813936281 3.4943747985553832 OK 13 12 0.35256100000000001 0.35732599999999998 0.094534000000000007 0.25639000000000001 0.26248199999999999 0 0.096171000000000006 0.094843999999999984 0.094534000000000007 0.0088529999999999998 0.0089859999999999992 0.0086409999999999994 0.065658999999999995 0.064623999999999987 0.064350999999999992 0.0032890000000000003 0.0031300000000000004 0.0034000000000000002 0.00071599999999999995 0.00069700000000000014 0.00067500000000000004 3.4943730171646767 3.4943730171646767 3.4943730171646767 0.00062180813572523211 0.00062180813572523211 0.00062180813572523211 1 1 1 Converged Converged Converged OK OK OK 61 61 61 61 61 61 3 3 3 0 0 0 0 0 1 0 0
135 135 linear 3 7 1353 1 0.001 1.8553507393740847 0.40727280968236651 0.028946812507378985 -1.0964148904984241 -0.043231011351654872 -1.0986802932163928 0.5 1.6356294216101208 3.441348372038683 OK 13 12 0.35579899999999998 0.26787699999999998 0.083401000000000003 0.26929199999999998 0.16014300000000001 0 0.086507000000000001 0.10773399999999997 0.083401000000000003 0.0084759999999999992 0.0082909999999999998 0.0077999999999999996 0.058978000000000017 0.080444000000000002 0.057108000000000013 0.0033029999999999999 0.0033580000000000003 0.0032829999999999999 0.00069099999999999999 0.00069300000000000004 0.0006730000000000001 3.4413465535674126 3.4413465535674126 3.4413465535674126 0.0006286474181106072 0.0006286474181106072 0.0006286474181106072 1 1 1 Converged Converged Converged OK OK OK 61 61 61 61 61 61 3 3 3 0 0 0 0 1 0 0 1
135 135 linear 3 15 1353 2 0.001 1.8553507393740847 0.40727280968236651 0.028946812507378985 -1.0964148904984241 -0.043231011351654872 -1.0946529106066707 0.5 1.6316020390003989 3.3781346043393259 OK 13 12 0.354157 0.25898500000000002 0.083377999999999994 0.26786900000000002 0.152032 0 0.086287999999999976 0.10695300000000002 0.083377999999999994 0.0082959999999999996 0.0080929999999999995 0.0076889999999999997 0.059118000000000018 0.080136000000000027 0.057374999999999989 0.0033560000000000005 0.003264 0.0031710000000000002 0.00069700000000000003 0.00070699999999999995 0.00067599999999999995 3.3781328527243861 3.3781328527243861 3.3781328527243861 0.0006365762426351403 0.0006365762426351403 0.0006365762426351403 1 1 1 Converged Converged Converged OK OK OK 61 61 61 61 61 61 3 3 3 0 0 0 0 1 0 0 1
135 135 linear 3 23 1353 3 0.001 1.8553507393740847 0.40727280968236651 0.028946812507378985 -1.0964148904984241 -0.043231011351654872 -1.0906255279969483 0.5 1.6275746563906766 3.3131648141547783 OK 13 12 0.36009000000000002 0.26996100000000001 0.088483000000000006 0.26869500000000002 0.15532299999999999 0 0.091395000000000004 0.11463800000000002 0.088483000000000006 0.0082170000000000003 0.0082799999999999992 0.0076179999999999998 0.064211000000000004 0.087717000000000045 0.062539999999999998 0.0033420000000000004 0.0031840000000000002 0.0031440000000000001 0.00067599999999999995 0.00068899999999999994 0.00067200000000000007 3.3131630254166256 3.3131630254166256 3.3131630254166256 0.00064462133176615866 0.00064462133176615866 0.00064462133176615866 1 1 1 Converged Converged Converged OK OK OK 61 61 61 61 61 61 3 3 3 0 0 0 0 1 0 0 1
135 135 linear 3 0 1353 0 0.0001 1.8553507393740847 0.40727280968236651 0.028946812507378985 -1.0964148904984241 -0.043231011351654872 -1.1022042529998999 0.5 1.6391533813936281 3.4943747985553832 OK 13 12 0.37231900000000001 0.37199399999999999 0.114201 0.25620999999999999 0.25640600000000002 0 0.11610900000000002 0.11558799999999997 0.114201 0.0088800000000000007 0.0091059999999999995 0.0085950000000000002 0.079909999999999967 0.078811999999999979 0.078426999999999969 0.0040759999999999998 0.0043219999999999995 0.0041979999999999995 0.00083800000000000009 0.00077999999999999999 0.00077399999999999995 3.4943730170597309 3.4943730170597309 3.4943730170597309 6.8530086441123596e-05 6.8530086441123596e-05 6.8530086441123596e-05 1 1 1 Converged Converged Converged OK OK OK 77 77 77 77 77 77 3 3 3 0 0 0 0 0 1 0 0
135 135 linear 3 7 1353 1 0.0001 1.8553507393740847 0.40727280968236651 0.028946812507378985 -1.0964148904984241 -0.043231011351654872 -1.0986802932163928 0.5 1.6356294216101208 3.441348372038683 OK 13 12 0.36996899999999999 0.29082799999999998 0.102432 0.26472499999999999 0.15859000000000001 0 0.105244 0.13223799999999997 0.102432 0.0081180000000000002 0.0082419999999999993 0.007685 0.073139999999999955 0.10015500000000002 0.071372999999999992 0.004052 0.0042059999999999997 0.0040879999999999996 0.00077800000000000005 0.00078700000000000005 0.00076300000000000001 3.4413465534522754 3.4413465534522754 3.4413465534522754 6.8938913085297851e-05 6.8938913085297851e-05 6.8938913085297851e-05 1 1 1 Converged Converged Converged OK OK OK 77 77 77 77 77 77 3 3 3 0 0 0 0 1 0 0 1
135 135 linear 3 15 1353 2 0.0001 1.8553507393740847 0.40727280968236651 0.028946812507378985 -1.0964148904984241 -0.043231011351654872 -1.0946529106066707 0.5 1.6316020390003989 3.3781346043393259 OK 13 12 0.37227500000000002 0.28358899999999998 0.10193000000000001 0.26447100000000001 0.15244099999999999 0 0.10780400000000001 0.13114799999999999 0.10193000000000001 0.0081519999999999995 0.0081670000000000006 0.0076480000000000003 0.07585699999999998 0.098902999999999963 0.071279000000000009 0.0039740000000000001 0.0043619999999999996 0.0039979999999999998 0.00080100000000000006 0.00080199999999999987 0.00077399999999999995 3.3781328525970693 3.3781328525970693 3.3781328525970693 6.9422162127784167e-05 6.9422162127784167e-05 6.9422162127784167e-05 1 1 1 Converged Converged Converged OK OK OK 77 77 77 77 77 77 3 3 3 0 0 0 0 1 0 0 1
135 135 linear 3 23 1353 3 0.0001 1.8553507393740847 0.40727280968236651 0.028946812507378985 -1.0964148904984241 -0.043231011351654872 -1.0906255279969483 0.5 1.6275746563906766 3.3131648141547783 OK 13 12 0.37866300000000003 0.29144599999999998 0.107811 0.26438499999999998 0.15798699999999999 0 0.11427800000000005 0.13345899999999999 0.107811 0.0081309999999999993 0.0081089999999999999 0.0076810000000000003 0.082321999999999979 0.10167499999999997 0.076807999999999987 0.0041259999999999995 0.0042360000000000002 0.0041900000000000001 0.00077700000000000002 0.00077699999999999991 0.00075900000000000002 3.3131630252765412 3.3131630252765412 3.3131630252765412 6.9917541322268614e-05 6.9917541322268614e-05 6.9917541322268614e-05 1 1 1 Converged Converged Converged OK OK OK 77 77 77 77 77 77 3 3 3 0 0 0 0 1 0 0 1
135 135 linear 4 0 1354 0 0.001 1.8553507393740847 0.40727280968236651 0.028946812507378985 0.46272263000926717 -0.062222117958922116 0.4569332675077914 0.5 0.080015860885936707 5.0392326554457512 OK 13 12 0.39773399999999998 0.39650800000000003 0.105086 0.28678799999999999 0.28974100000000003 0 0.11094599999999999 0.106767 0.105086 0.0097699999999999992 0.0099109999999999997 0.009476 0.082962999999999967 0.078310999999999964 0.077292999999999973 0.0024960000000000004 0.002709 0.0025609999999999999 0.000794 0.00079200000000000006 0.0007490000000000001 5.0392196101096554 5.0392196101096554 5.0392196101096554 0.0048222803887055972 0.0048222803887055972 0.0048222803887055972 1 1 1 Converged Converged Converged OK OK OK 66 66 66 66 66 66 6 6 6 0 0 0 0 0 1 0 0
135 135 linear 4 7 1354 1 0.001 1.8553507393740847 0.40727280968236651 0.028946812507378985 0.46272263000926717 -0.062222117958922116 0.4604572272912984 0.5 0.076491901102429705 5.0970829425140085 OK 13 12 0.40293400000000001 0.301653 0.102948 0.29812899999999998 0.17743500000000001 0 0.10480500000000004 0.124218 0.102948 0.0089440000000000006 0.0091900000000000003 0.0085520000000000006 0.082014999999999991 0.10053500000000003 0.081023999999999985 0.0023380000000000002 0.002702 0.0024109999999999999 0.00074600000000000003 0.00080199999999999998 0.00070700000000000005 5.0970700468838013 5.0970700468838013 5.0970700468838013 0.0034590662085290051 0.0034590662085290051 0.0034590662085290051 1 1 1 Converged Converged Converged OK OK OK 66 66 66 66 66 66 6 6 6 0 0 0 0 1 0 0 1
135 135 linear 4 15 1354 2 0.001 1.8553507393740847 0.40727280968236651 0.028946812507378985 0.46272263000926717 -0.062222117958922116 0.4644846099010207 0.5 0.072464518492707408 5.1603449872628495 OK 13 12 0.38990999999999998 0.30335899999999999 0.099523 0.28595700000000002 0.17532900000000001 0 0.10395299999999996 0.12802999999999998 0.099523 0.0091809999999999999 0.0091730000000000006 0.0085360000000000002 0.080145000000000022 0.10473 0.077620999999999982 0.0028639999999999998 0.002761 0.0025720000000000005 0.00075199999999999996 0.00078799999999999996 0.00076599999999999997 5.1603327021211536 5.1603327021211536 5.1603327021211536 0.0025561501584992919 0.0025561501584992919 0.0025561501584992919 1 1 1 Converged Converged Converged OK OK OK 66 66 66 66 66 66 6 6 6 0 0 0 0 1 0 0 1
135 135 linear 4 23 1354 3 0.001 1.8553507393740847 0.40727280968236651 0.028946812507378985 0.46272263000926717 -0.062222117958922116 0.46851199251074294 0.5 0.068437135882985167 5.2195289446632573 OK 13 12 0.37372699999999998 0.30472399999999999 0.097269999999999995 0.27165600000000001 0.16895099999999999 0 0.10207099999999997 0.135773 0.097269999999999995 0.0091120000000000003 0.0091789999999999997 0.0085000000000000006 0.076551000000000008 0.11049100000000001 0.07401600000000004 0.0032640000000000004 0.0028769999999999998 0.0024550000000000002 0.00088000000000000003 0.00092800000000000001 0.00080699999999999999 5.2195162617071587 5.2195162617071587 5.2195162617071587 0.0018049701933317303 0.0018049701933317303 0.0018049701933317303 1 1 1 Converged Converged Converged OK OK OK 67 67 67 67 67 67 5 5 5 0 0 0 0 1 0 0 1
135 135 linear 4 0 1354 0 0.0001 1.8553507393740847 0.40727280968236651 0.028946812507378985 0.46272263000926717 -0.062222117958922116 0.4569332675077914 0.5 0.080015860885936707 5.0392326554457512 OK 13 12 0.43382799999999999 0.434114 0.14005699999999999 0.290634 0.28951199999999999 0 0.14319399999999999 0.14460200000000001 0.14005699999999999 0.0097439999999999992 0.0097979999999999994 0.009528 0.10900899999999999 0.10667699999999999 0.10591299999999997 0.0033059999999999999 0.0035119999999999999 0.0031870000000000006 0.00099599999999999992 0.00099799999999999997 0.00094300000000000004 5.0392300811378163 5.0392300811378163 5.0392300811378163 0.00011108444953990497 0.00011108444953990497 0.00011108444953990497 1 1 1 Converged Converged Converged OK OK OK 82 82 82 82 82 82 6 6 6 0 0 0 0 0 1 0 0
135 135 linear 4 7 1354 1 0.0001 1.8553507393740847 0.40727280968236651 0.028946812507378985 0.46272263000926717 -0.062222117958922116 0.4604572272912984 0.5 0.076491901102429705 5.0970829425140085 OK 13 12 0.43644100000000002 0.34578700000000001 0.13204399999999999 0.29961700000000002 0.17826800000000001 0 0.136824 0.167519 0.13204399999999999 0.0091149999999999998 0.009103 0.0085819999999999994 0.10931400000000002 0.14022699999999996 0.10575199999999997 0.003307 0.003271 0.0032910000000000001 0.0010270000000000001 0.001059 0.0010269999999999999 5.0970802821106904 5.0970802821106904 5.0970802821106904 0.00016813899747673266 0.00016813899747673266 0.00016813899747673266 1 1 1 Converged Converged Converged OK OK OK 82 82 82 82 82 82 6 6 6 0 0 0 0 1 0 0 1
135 135 linear 4 15 1354 2 0.0001 1.8553507393740847 0.40727280968236651 0.028946812507378985 0.46272263000926717 -0.062222117958922116 0.4644846099010207 0.5 0.072464518492707408 5.1603449872628495 OK 13 12 0.42311799999999999 0.33682899999999999 0.131971 0.28662700000000002 0.17439199999999999 0 0.13649099999999997 0.162437 0.131971 0.0090950000000000007 0.009051 0.008626 0.10907299999999996 0.13529099999999994 0.10586200000000003 0.0033779999999999999 0.003372 0.0032450000000000001 0.001062 0.001039 0.00097799999999999992 5.1603423931394756 5.1603423931394756 5.1603423931394756 0.00033795708431041732 0.00033795708431041732 0.00033795708431041732 1 1 1 Converged Converged Converged OK OK OK 82 82 82 82 82 82 6 6 6 0 0 0 0 1 0 0 1
135 135 linear 4 23 1354 3 0.0001 1.8553507393740847 0.40727280968236651 0.028946812507378985 0.46272263000926717 -0.062222117958922116 0.46851199251074294 0.5 0.068437135882985167 5.2195289446632573 OK 13 12 0.396706 0.32192999999999999 0.12094000000000001 0.27066299999999999 0.168541 0 0.12604300000000002 0.153389 0.12094000000000001 0.0093069999999999993 0.0093299999999999998 0.0086569999999999998 0.099325999999999984 0.12723699999999999 0.095942 0.0032390000000000001 0.0030800000000000003 0.0029259999999999998 0.001083 0.0010139999999999999 0.00096600000000000006 5.2195263319327152 5.2195263319327152 5.2195263319327152 0.00010157851945254812 0.00010157851945254812 0.00010157851945254812 1 1 1 Converged Converged Converged OK OK OK 75 75 75 75 75 75 5 5 5 0 0 0 0 1 0 0 1
135 135 uniform 0 0 1355 0 0.001 1.8553507393740847 0.40727280968236651 0.028946812507378985 -0.97185804822681743 -0.20049576638821137 -0.9776474107282932 0 1.5145965391220213 6.2947166070118303 OK 14 13 0.43644100000000002 0.43425200000000003 0.115804 0.3175 0.31759799999999999 0 0.11894100000000002 0.11665400000000004 0.115804 0.012841999999999999 0.012430999999999999 0.012111 0.079490000000000033 0.07893600000000002 0.078227999999999992 0.0034849999999999998 0.0032869999999999996 0.0033140000000000001 0.00097400000000000004 0.00082899999999999998 0.000852 6.2947192008523727 6.2947192008523727 6.2947192008523727 0.0043622593558349104 0.0043622593558349104 0.0043622593558349104 1 1 1 Converged Converged Converged OK OK OK 74 74 74 74 74 74 6 6 6 0 0 0 0 0 1 0 0
135 135 uniform 0 7 1355 1 0.001 1.8553507393740847 0.40727280968236651 0.028946812507378985 -0.97185804822681743 -0.20049576638821137 -0.97412345094478625 0 1.5110725793385145 6.7290093402081395 OK 14 13 0.43943700000000002 0.38068800000000003 0.13375999999999999 0.30659199999999998 0.21715599999999999 0 0.13284500000000005 0.16353200000000004 0.13375999999999999 0.011519 0.011615 0.010813 0.096402000000000029 0.12754100000000002 0.098858999999999989 0.0039459999999999999 0.0038070000000000001 0.0038040000000000001 0.0010089999999999999 0.0010330000000000001 0.000977 6.7290107003625454 6.7290107003625454 6.7290107003625454 0.0033661302536811379 0.0033661302536811379 0.0033661302536811379 1 1 1 Converged Converged Converged OK OK OK 82 82 82 82 82 82 6 6 6 0 0 0 0 1 0 0 1
135 135 uniform 0 15 1355 2 0.001 1.8553507393740847 0.40727280968236651 0.028946812507378985 -0.97185804822681743 -0.20049576638821137 -0.9700960683350639 0 1.5070451967287921 7.1270746646327661 OK 14 13 0.451992 0.37542999999999999 0.14510300000000001 0.30644900000000003 0.20408100000000001 0 0.14554299999999998 0.17134899999999997 0.14510300000000001 0.011365999999999999 0.011417999999999999 0.010576 0.10504200000000001 0.13164099999999998 0.10673100000000003 0.0044759999999999991 0.0042970000000000005 0.0042560000000000002 0.0012849999999999999 0.0011589999999999999 0.001188 7.1270748303472544 7.1270748303472544 7.1270748303472544 0.00075201023832528128 0.00075201023832528128 0.00075201023832528128 1 1 1 Converged Converged Converged OK OK OK 97 97 97 97 97 97 7 7 7 0 0 0 0 1 0 0 1
135 135 uniform 0 23 1355 3 0.001 1.8553507393740847 0.40727280968236651 0.028946812507378985 -0.97185804822681743 -0.20049576638821137 -0.96606868572534166 0 1.5030178141190698 7.4273891892378847 OK 14 13 0.43034800000000001 0.36615999999999999 0.12512699999999999 0.303809 0.21149999999999999 0 0.12653900000000001 0.15465999999999999 0.12512699999999999 0.011520000000000001 0.011646999999999999 0.010865 0.091048000000000032 0.11882 0.090767999999999988 0.003888 0.0040390000000000001 0.0038470000000000002 0.00099000000000000021 0.001078 0.000959 7.4273907564788919 7.4273907564788919 7.4273907564788919 0.0015038268031312928 0.0015038268031312928 0.0015038268031312928 1 1 1 Converged Converged Converged OK OK OK 89 89 89 89 89 89 7 7 7 0 0 0 0 1 0 0 1
135 135 uniform 0 0 1355 0 0.0001 1.8553507393740847 0.40727280968236651 0.028946812507378985 -0.97185804822681743 -0.20049576638821137 -0.9776474107282932 0 1.5145965391220213 6.2947166070118303 OK 14 13 0.48540499999999998 0.484039 0.16807900000000001 0.31765399999999999 0.31745000000000001 0 0.16775099999999998 0.16658899999999999 0.16807900000000001 0.012662 0.012609 0.012111 0.11497899999999998 0.11444799999999997 0.11686500000000002 0.0057870000000000005 0.0054889999999999991 0.0053399999999999993 0.00133 0.001395 0.001304 6.2947165331778523 6.2947165331778523 6.2947165331778523 0.00044501595323964113 0.00044501595323964113 0.00044501595323964113 1 1 1 Converged Converged Converged OK OK OK 106 106 106 106 106 106 6 6 6 0 0 0 0 0 1 0 0
135 135 uniform 0 7 1355 1 0.0001 1.8553507393740847 0.40727280968236651 0.028946812507378985 -0.97185804822681743 -0.20049576638821137 -0.97412345094478625 0 1.5110725793385145 6.7290093402081395 OK 14 13 0.46387699999999998 0.40667199999999998 0.15221799999999999 0.309444 0.21801799999999999 0 0.15443299999999999 0.18865399999999999 0.15221799999999999 0.011561 0.011674 0.010749999999999999 0.11230800000000002 0.14663999999999999 0.11212900000000003 0.0055579999999999996 0.005339 0.0050980000000000001 0.0013080000000000001 0.001292 0.0012440000000000001 6.7290093686317736 6.7290093686317736 6.7290093686317736 0.00041418787664488141 0.00041418787664488141 0.00041418787664488141 1 1 1 Converged Converged Converged OK OK OK 106 106 106 106 106 106 6 6 6 0 0 0 0 1 0 0 1
135 135 uniform 0 15 1355 2 0.0001 1.8553507393740847 0.40727280968236651 0.028946812507378985 -0.97185804822681743 -0.20049576638821137 -0.9700960683350639 0 1.5070451967287921 7.1270746646327661 OK 14 13 0.47279399999999999 0.399982 0.161748 0.30856299999999998 0.20033300000000001 0 0.16423100000000002 0.19964899999999999 0.161748 0.01157 0.011342 0.010574 0.11947700000000008 0.15550400000000003 0.11900400000000001 0.0054429999999999999 0.0054720000000000003 0.0052620000000000002 0.0014199999999999998 0.001353 0.0013620000000000001 7.127074830211094 7.127074830211094 7.127074830211094 0.000369438668389508 0.000369438668389508 0.000369438668389508 1 1 1 Converged Converged Converged OK OK OK 113 113 113 113 113 113 7 7 7 0 0 0 0 1 0 0 1
135 135 uniform 0 23 1355 3 0.0001 1.8553507393740847 0.40727280968236651 0.028946812507378985 -0.97185804822681743 -0.20049576638821137 -0.96606868572534166 0 1.5030178141190698 7.4273891892378847 OK 14 13 0.43956600000000001 0.37528299999999998 0.13253300000000001 0.30466100000000002 0.21068600000000001 0 0.134905 0.16459699999999997 0.13253300000000001 0.011741 0.011656 0.010751999999999999 0.097081000000000015 0.126415 0.096438999999999955 0.0043400000000000001 0.0047369999999999999 0.004274 0.0011800000000000001 0.001142 0.001098 7.4273887773639897 7.4273887773639897 7.4273887773639897 0.00047119465619467523 0.00047119465619467523 0.00047119465619467523 1 1 1 Converged Converged Converged OK OK OK 97 97 97 97 97 97 7 7 7 0 0 0 0 1 0 0 1
135 135 uniform 1 0 1356 0 0.001 1.8553507393740847 0.40727280968236651 0.028946812507378985 0.44609666593874769 -0.032485758753940629 0.44030730343727187 0 0.096641824956456235 15.419795135335914 OK 14 13 0.47739399999999999 0.47589799999999999 0.131714 0.34590100000000001 0.34068399999999999 0 0.13149299999999997 0.135214 0.131714 0.013199000000000001 0.013245 0.012977000000000001 0.090830999999999967 0.094090999999999994 0.090702000000000019 0.0034549999999999993 0.0036309999999999992 0.0039219999999999993 0.000919 0.001026 0.00098600000000000011 15.419811089075051 15.419811089075051 15.419811089075051 0.013976431963149506 0.013976431963149506 0.013976431963149506 1 1 1 Converged Converged Converged OK OK OK 89 89 89 89 89 89 7 7 7 0 0 0 0 0 1 0 0
135 135 uniform 1 7 1356 1 0.001 1.8553507393740847 0.40727280968236651 0.028946812507378985 0.44609666593874769 -0.032485758753940629 0.44383126322077893 0 0.093117865172949177 14.472608696468386 OK 14 13 0.45210699999999998 0.40656599999999998 0.13250700000000001 0.31667200000000001 0.18548500000000001 0 0.13543499999999997 0.22108099999999997 0.13250700000000001 0.012381 0.012552000000000001 0.011690000000000001 0.097384000000000012 0.18331400000000009 0.096226000000000006 0.0041900000000000001 0.0040730000000000002 0.0041229999999999999 0.0010940000000000001 0.0010609999999999999 0.0010309999999999998 14.472595525885904 14.472595525885904 14.472595525885904 0.0061180142818434971 0.0061180142818434971 0.0061180142818434971 1 1 1 Converged Converged Converged OK OK OK 97 97 97 97 97 97 7 7 7 0 0 0 0 1 0 0 1
135 135 uniform 1 15 1356 2 0.001 1.8553507393740847 0.40727280968236651 0.028946812507378985 0.44609666593874769 -0.032485758753940629 0.44785864583050122 0 0.08909048256322688 13.268515470559183 OK 14 13 0.42818699999999998 0.35513 0.11294800000000001 0.313083 0.18790100000000001 0 0.11510399999999998 0.16722899999999999 0.11294800000000001 0.012316000000000001 0.012585000000000001 0.011669000000000001 0.082533999999999996 0.133935 0.082087999999999994 0.0032569999999999999 0.0036300000000000004 0.003163 0.00091099999999999992 0.00096100000000000005 0.00087699999999999996 13.268534444445875 13.268534444445875 13.268534444445875 0.010917241395273147 0.010917241395273147 0.010917241395273147 1 1 1 Converged Converged Converged OK OK OK 81 81 81 81 81 81 7 7 7 0 0 0 0 1 0 0 1
135 135 uniform 1 23 1356 3 0.001 1.8553507393740847 0.40727280968236651 0.028946812507378985 0.44609666593874769 -0.032485758753940629 0.45188602844022352 0 0.085063099953504584 11.921486998690046 OK 14 13 0.42482999999999999 0.349325 0.115311 0.30753000000000003 0.195441 0 0.11729999999999996 0.15388399999999999 0.115311 0.012076999999999999 0.012208999999999999 0.011370999999999999 0.085394999999999999 0.12137299999999998 0.084778999999999979 0.003238 0.0035999999999999999 0.0031590000000000003 0.00089499999999999996 0.00097000000000000005 0.00085599999999999999 11.921490466155024 11.921490466155024 11.921490466155024 0.0072483967477017033 0.0072483967477017033 0.0072483967477017033 1 1 1 Converged Converged Converged OK OK OK 81 81 81 81 81 81 7 7 7 0 0 0 0 1 0 0 1
135 135 uniform 1 0 1356 0 0.0001 1.8553507393740847 0.40727280968236651 0.028946812507378985 0.44609666593874769 -0.032485758753940629 0.44030730343727187 0 0.096641824956456235 15.419795135335914 OK 14 13 0.57142199999999999 0.56510099999999996 0.22239900000000001 0.34179399999999999 0.344113 0 0.229628 0.22098799999999996 0.22239900000000001 0.013389 0.013428000000000001 0.012911000000000001 0.16185699999999997 0.15575199999999995 0.15627899999999989 0.0092639999999999997 0.0079979999999999999 0.0084939999999999998 0.0017239999999999998 0.0015329999999999999 0.0017099999999999999 15.419795271947093 15.419795271947093 15.419795271947093 0.0007297952397859644 0.0007297952397859644 0.0007297952397859644 1 1 1 Converged Converged Converged OK OK OK 153 153 153 153 153 153 7 7 7 0 0 0 0 0 1 0 0
135 135 uniform 1 7 1356 1 0.0001 1.8553507393740847 0.40727280968236651 0.028946812507378985 0.44609666593874769 -0.032485758753940629 0.44383126322077893 0 0.093117865172949177 14.472608696468386 OK 14 13 0.48862100000000003 0.44611299999999998 0.168763 0.31615900000000002 0.186163 0 0.172462 0.25995000000000001 0.168763 0.012425 0.012312999999999999 0.011724 0.12800399999999992 0.21616500000000005 0.12680699999999998 0.0059459999999999999 0.0055019999999999991 0.005457 0.0014200000000000003 0.0014179999999999998 0.001343 14.472608882731082 14.472608882731082 14.472608882731082 0.00088013389275544873 0.00088013389275544873 0.00088013389275544873 1 1 1 Converged Converged Converged OK OK OK 121 121 121 121 121 121 7 7 7 0 0 0 0 1 0 0 1
135 135 uniform 1 15 1356 2 0.0001 1.8553507393740847 0.40727280968236651 0.028946812507378985 0.44609666593874769 -0.032485758753940629 0.44785864583050122 0 0.08909048256322688 13.268515470559183 OK 14 13 0.48789100000000002 0.433564 0.168351 0.31302799999999997 0.18385599999999999 0 0.17486300000000005 0.24970800000000001 0.168351 0.012378 0.015237000000000001 0.011657000000000001 0.127527 0.20356800000000005 0.12663900000000003 0.0055979999999999997 0.0052500000000000003 0.0052290000000000001 0.0013490000000000002 0.0013010000000000001 0.0013329999999999998 13.268515342460425 13.268515342460425 13.268515342460425 0.0007889780500100217 0.0007889780500100217 0.0007889780500100217 1 1 1 Converged Converged Converged OK OK OK 121 121 121 121 121 121 7 7 7 0 0 0 0 1 0 0 1
135 135 uniform 1 23 1356 3 0.0001 1.8553507393740847 0.40727280968236651 0.028946812507378985 0.44609666593874769 -0.032485758753940629 0.45188602844022352 0 0.085063099953504584 11.921486998690046 OK 14 13 0.48135 0.42587000000000003 0.17621200000000001 0.30563099999999999 0.18607000000000001 0 0.17571900000000001 0.23980000000000001 0.17621200000000001 0.011882 0.012067 0.011386 0.13291299999999998 0.19695199999999999 0.13451400000000005 0.0055019999999999999 0.0054429999999999999 0.0055120000000000004 0.001408 0.001377 0.001397 11.921487119692859 11.921487119692859 11.921487119692859 0.0010653226576637792 0.0010653226576637792 0.0010653226576637792 1 1 1 Converged Converged Converged OK OK OK 121 121 121 121 121 121 7 7 7 0 0 0 0 1 0 0 1
135 135 uniform 2 0 1357 0 0.001 1.8553507393740847 0.40727280968236651 0.028946812507378985 0.44775863164502228 -0.1373584648530157 0.44196926914354651 0 0.094979859250181597 6.3053233665167854 OK 13 12 0.35367900000000002 0.36027900000000002 0.084599999999999995 0.26830599999999999 0.274337 0 0.085373000000000032 0.085942000000000018 0.084599999999999995 0.0094579999999999994 0.009776 0.0094959999999999992 0.060300999999999987 0.060551000000000008 0.059966999999999999 0.002124 0.002163 0.0021979999999999999 0.00055199999999999997 0.00063400000000000001 0.00054100000000000003 6.3053200353680126 6.3053200353680126 6.3053200353680126 0.0061299371233083169 0.0061299371233083169 0.0061299371233083169 1 1 1 Converged Converged Converged OK OK OK 51 51 51 51 51 51 5 5 5 0 0 0 0 0 1 0 0
135 135 uniform 2 7 1357 1 0.001 1.8553507393740847 0.40727280968236651 0.028946812507378985 0.44775863164502228 -0.1373584648530157 0.44549322892705351 0 0.091455899466674595 5.0378588519602197 OK 13 12 0.34583900000000001 0.27889799999999998 0.080387 0.26198300000000002 0.15759100000000001 0 0.083855999999999986 0.12130699999999997 0.080387 0.0085369999999999994 0.0081989999999999997 0.0077759999999999999 0.056390999999999983 0.095743999999999968 0.055505999999999979 0.0031839999999999998 0.0028110000000000001 0.0029150000000000001 0.00069399999999999996 0.00061200000000000002 0.00061700000000000004 5.0378561705889 5.0378561705889 5.0378561705889 0.0023409852864330217 0.0023409852864330217 0.0023409852864330217 1 1 1 Converged Converged Converged OK OK OK 53 53 53 53 53 53 3 3 3 0 0 0 0 1 0 0 1
135 135 uniform 2 15 1357 2 0.001 1.8553507393740847 0.40727280968236651 0.028946812507378985 0.44775863164502228 -0.1373584648530157 0.4495206115367758 0 0.087428516856952299 4.767147906134432 OK 13 12 0.327625 0.27470899999999998 0.077858999999999998 0.247612 0.16297900000000001 0 0.080013000000000001 0.11172999999999997 0.077858999999999998 0.0083000000000000001 0.0082140000000000008 0.0076530000000000001 0.054584000000000008 0.086965000000000001 0.054062999999999986 0.0030439999999999998 0.0027650000000000001 0.0025839999999999999 0.00061600000000000001 0.00061800000000000006 0.0005840000000000001 4.7671454314743453 4.7671454314743453 4.7671454314743453 0.0023105934043127687 0.0023105934043127687 0.0023105934043127687 1 1 1 Converged Converged Converged OK OK OK 53 53 53 53 53 53 3 3 3 0 0 0 0 1 0 0 1
135 135 uniform 2 23 1357 3 0.001 1.8553507393740847 0.40727280968236651 0.028946812507378985 0.44775863164502228 -0.1373584648530157 0.45354799414649805 0 0.083401134247230058 4.5930554936960357 OK 13 12 0.30504799999999999 0.26139499999999999 0.079286999999999996 0.22394900000000001 0.14361599999999999 0 0.081098999999999977 0.11777899999999999 0.079286999999999996 0.008182 0.008208 0.0076699999999999997 0.056052999999999999 0.093046000000000018 0.055531000000000025 0.0029579999999999997 0.0027650000000000001 0.0026800000000000001 0.00060999999999999997 0.00061199999999999991 0.00055000000000000003 4.5930531467121742 4.5930531467121742 4.5930531467121742 0.0022800558577049925 0.0022800558577049925 0.0022800558577049925 1 1 1 Converged Converged Converged OK OK OK 53 53 53 53 53 53 3 3 3 0 0 0 0 1 0 0 1
135 135 uniform 2 0 1357 0 0.0001 1.8553507393740847 0.40727280968236651 0.028946812507378985 0.44775863164502228 -0.1373584648530157 0.44196926914354651 0 0.094979859250181597 6.3053233665167854 OK 13 12 0.406775 0.41160000000000002 0.13841999999999999 0.26813599999999999 0.27284000000000003 0 0.13863900000000001 0.13875999999999999 0.13841999999999999 0.0098289999999999992 0.0098189999999999996 0.0095639999999999996 0.099932999999999994 0.10012199999999997 0.099718000000000015 0.0043779999999999999 0.0039700000000000004 0.0043400000000000001 0.0011169999999999999 0.0011019999999999999 0.001103 6.3053232256972143 6.3053232256972143 6.3053232256972143 0.00060889810649816735 0.00060889810649816735 0.00060889810649816735 1 1 1 Converged Converged Converged OK OK OK 91 91 91 91 91 91 5 5 5 0 0 0 0 0 1 0 0
135 135 uniform 2 7 1357 1 0.0001 1.8553507393740847 0.40727280968236651 0.028946812507378985 0.44775863164502228 -0.1373584648530157 0.44549322892705351 0 0.091455899466674595 5.0378588519602197 OK 13 12 0.38461800000000002 0.34143200000000001 0.12176099999999999 0.26189000000000001 0.16308800000000001 0 0.122728 0.178344 0.12176099999999999 0.0082209999999999991 0.0085459999999999998 0.0077200000000000003 0.090361999999999984 0.14492500000000005 0.090342999999999993 0.0039630000000000004 0.0043229999999999996 0.0040070000000000001 0.00081899999999999985 0.00085900000000000006 0.00087100000000000003 5.0378583567257307 5.0378583567257307 5.0378583567257307 9.1174949428711853e-06 9.1174949428711853e-06 9.1174949428711853e-06 1 1 1 Converged Converged Converged OK OK OK 77 77 77 77 77 77 3 3 3 0 0 0 0 1 0 0 1
135 135 uniform 2 15 1357 2 0.0001 1.8553507393740847 0.40727280968236651 0.028946812507378985 0.44775863164502228 -0.1373584648530157 0.4495206115367758 0 0.087428516856952299 4.767147906134432 OK 13 12 0.36675099999999999 0.32975700000000002 0.119172 0.246142 0.165467 0 0.12060899999999999 0.16429000000000002 0.119172 0.0082900000000000005 0.0084030000000000007 0.0076210000000000002 0.088536000000000004 0.13119299999999998 0.087912999999999977 0.0039900000000000005 0.0042459999999999998 0.0039180000000000005 0.00088600000000000007 0.000959 0.00085400000000000005 4.767147598744879 4.767147598744879 4.767147598744879 6.7841418568484977e-06 6.7841418568484977e-06 6.7841418568484977e-06 1 1 1 Converged Converged Converged OK OK OK 77 77 77 77 77 77 3 3 3 0 0 0 0 1 0 0 1
135 135 uniform 2 23 1357 3 0.0001 1.8553507393740847 0.40727280968236651 0.028946812507378985 0.44775863164502228 -0.1373584648530157 0.45354799414649805 0 0.083401134247230058 4.5930554936960357 OK 13 12 0.34520299999999998 0.31490899999999999 0.11958199999999999 0.22367400000000001 0.14130000000000001 0 0.12152899999999997 0.17360899999999999 0.11958199999999999 0.0082529999999999999 0.0082990000000000008 0.0076680000000000003 0.089171000000000028 0.14155899999999999 0.088786999999999949 0.003993 0.0039590000000000007 0.0038419999999999999 0.00084399999999999992 0.00085700000000000001 0.00082699999999999994 4.5930552953473676 4.5930552953473676 4.5930552953473676 5.7151989684775779e-06 5.7151989684775779e-06 5.7151989684775779e-06 1 1 1 Converged Converged Converged OK OK OK 77 77 77 77 77 77 3 3 3 0 0 0 0 1 0 0 1
135 135 uniform 3 0 1358 0 0.001 1.8553507393740847 0.40727280968236651 0.028946812507378985 -1.0964148904984241 -0.043231011351654872 -1.1022042529998999 0 1.6391533813936281 3.5118637315030941 OK 13 12 0.31812400000000002 0.32079999999999997 0.060649000000000002 0.25594299999999998 0.25913000000000003 0 0.062181000000000042 0.061669999999999947 0.060649000000000002 0.0089759999999999996 0.0090030000000000006 0.0086049999999999998 0.037000000000000005 0.037012999999999997 0.036578999999999993 0.002186 0.0022199999999999998 0.00215 0.00053799999999999996 0.000544 0.00053600000000000002 3.511863921941131 3.511863921941131 3.511863921941131 0.0015709200432190535 0.0015709200432190535 0.0015709200432190535 1 1 1 Converged Converged Converged OK OK OK 45 45 45 45 45 45 3 3 3 0 0 0 0 0 1 0 0
135 135 uniform 3 7 1358 1 0.001 1.8553507393740847 0.40727280968236651 0.028946812507378985 -1.0964148904984241 -0.043231011351654872 -1.0986802932163928 0 1.6356294216101208 3.4581417076410261 OK 13 12 0.32292700000000002 0.231573 0.053966 0.26745400000000003 0.158639 0 0.055472999999999995 0.072933999999999999 0.053966 0.0082559999999999995 0.0081969999999999994 0.0077669999999999996 0.033188999999999996 0.05106299999999999 0.032634000000000003 0.0021869999999999997 0.002209 0.0022340000000000003 0.00053600000000000002 0.00054299999999999997 0.00052999999999999998 3.4581419060682821 3.4581419060682821 3.4581419060682821 0.0015148068067811341 0.0015148068067811341 0.0015148068067811341 1 1 1 Converged Converged Converged OK OK OK 45 45 45 45 45 45 3 3 3 0 0 0 0 1 0 0 1
135 135 uniform 3 15 1358 2 0.001 1.8553507393740847 0.40727280968236651 0.028946812507378985 -1.0964148904984241 -0.043231011351654872 -1.0946529106066707 0 1.6316020390003989 3.3939825540672288 OK 13 12 0.320743 0.223548 0.053392000000000002 0.26587300000000003 0.15123600000000001 0 0.054869999999999974 0.072311999999999987 0.053392000000000002 0.0083370000000000007 0.0082480000000000001 0.0076420000000000004 0.032635999999999991 0.050274999999999993 0.032285999999999988 0.0021639999999999997 0.0021650000000000003 0.002134 0.00056299999999999992 0.00053899999999999998 0.00052599999999999999 3.393982782438739 3.393982782438739 3.393982782438739 0.0014563250271133021 0.0014563250271133021 0.0014563250271133021 1 1 1 Converged Converged Converged OK OK OK 45 45 45 45 45 45 3 3 3 0 0 0 0 1 0 0 1
135 135 uniform 3 23 1358 3 0.001 1.8553507393740847 0.40727280968236651 0.028946812507378985 -1.0964148904984241 -0.043231011351654872 -1.0906255279969483 0 1.6275746563906766 3.3279611962887072 OK 13 12 0.32547300000000001 0.23316899999999999 0.057370999999999998 0.26650600000000002 0.15606400000000001 0 0.058966999999999992 0.077104999999999979 0.057370999999999998 0.0082220000000000001 0.0082799999999999992 0.0076699999999999997 0.036701000000000004 0.054763999999999993 0.036172999999999997 0.0022089999999999996 0.0022919999999999998 0.0022039999999999998 0.00056700000000000001 0.00053899999999999998 0.00052499999999999997 3.3279613338834086 3.3279613338834086 3.3279613338834086 0.0014025828569601015 0.0014025828569601015 0.0014025828569601015 1 1 1 Converged Converged Converged OK OK OK 45 45 45 45 45 45 3 3 3 0 0 0 0 1 0 0 1
135 135 uniform 3 0 1358 0 0.0001 1.8553507393740847 0.40727280968236651 0.028946812507378985 -1.0964148904984241 -0.043231011351654872 -1.1022042529998999 0 1.6391533813936281 3.5118637315030941 OK 13 12 0.34073700000000001 0.33974199999999999 0.082042000000000004 0.25799100000000003 0.25647799999999998 0 0.082745999999999986 0.083264000000000005 0.082042000000000004 0.0087829999999999991 0.0090939999999999997 0.0085339999999999999 0.052644000000000003 0.052773000000000007 0.05237799999999998 0.0030000000000000001 0.003019 0.003006 0.00069899999999999997 0.00067900000000000002 0.00072399999999999993 3.5118639564786793 3.5118639564786793 3.5118639564786793 0.00012311206224189036 0.00012311206224189036 0.00012311206224189036 1 1 1 Converged Converged Converged OK OK OK 61 61 61 61 61 61 3 3 3 0 0 0 0 0 1 0 0
135 135 uniform 3 7 1358 1 0.0001 1.8553507393740847 0.40727280968236651 0.028946812507378985 -1.0964148904984241 -0.043231011351654872 -1.0986802932163928 0 1.6356294216101208 3.4581417076410261 OK 13 12 0.340167 0.25636700000000001 0.071573999999999999 0.26704 0.161193 0 0.073126999999999998 0.095174000000000009 0.071573999999999999 0.0082679999999999993 0.0082710000000000006 0.0077299999999999999 0.045978999999999999 0.068083000000000032 0.045485999999999985 0.0030939999999999995 0.0031019999999999997 0.0030200000000000001 0.00067200000000000007 0.00069499999999999998 0.00070799999999999997 3.4581419297788778 3.4581419297788778 3.4581419297788778 0.00012428117270237173 0.00012428117270237173 0.00012428117270237173 1 1 1 Converged Converged Converged OK OK OK 61 61 61 61 61 61 3 3 3 0 0 0 0 1 0 0 1
135 135 uniform 3 15 1358 2 0.0001 1.8553507393740847 0.40727280968236651 0.028946812507378985 -1.0964148904984241 -0.043231011351654872 -1.0946529106066707 0 1.6316020390003989 3.3939825540672288 OK 13 12 0.33986499999999997 0.246556 0.071465000000000001 0.26356299999999999 0.15177599999999999 0 0.076301999999999981 0.094780000000000003 0.071465000000000001 0.0080940000000000005 0.0081150000000000007 0.0078019999999999999 0.049492999999999981 0.068045999999999995 0.045550999999999994 0.0029940000000000001 0.0030569999999999998 0.0029870000000000001 0.00067200000000000007 0.00068099999999999996 0.00067500000000000004 3.3939827986883429 3.3939827986883429 3.3939827986883429 0.00012562294860094488 0.00012562294860094488 0.00012562294860094488 1 1 1 Converged Converged Converged OK OK OK 61 61 61 61 61 61 3 3 3 0 0 0 0 1 0 0 1
135 135 uniform 3 23 1358 3 0.0001 1.8553507393740847 0.40727280968236651 0.028946812507378985 -1.0964148904984241 -0.043231011351654872 -1.0906255279969483 0 1.6275746563906766 3.3279611962887072 OK 13 12 0.34426800000000002 0.25797599999999998 0.076675999999999994 0.265934 0.15784500000000001 0 0.078334000000000015 0.10013099999999997 0.076675999999999994 0.008149 0.0083309999999999999 0.007626 0.051555999999999991 0.073115999999999973 0.050852000000000001 0.0029870000000000001 0.0030179999999999998 0.0029420000000000002 0.00069499999999999998 0.00067900000000000002 0.00066600000000000003 3.3279613461970974 3.3279613461970974 3.3279613461970974 0.00012697224680840736 0.00012697224680840736 0.00012697224680840736 1 1 1 Converged Converged Converged OK OK OK 61 61 61 61 61 61 3 3 3 0 0 0 0 1 0 0 1
135 135 uniform 4 0 1359 0 0.001 1.8553507393740847 0.40727280968236651 0.028946812507378985 0.46272263000926717 -0.062222117958922116 0.4569332675077914 0 0.080015860885936707 5.0479154998766163 OK 13 12 0.378216 0.37148100000000001 0.082847000000000004 0.28954999999999997 0.28717100000000001 0 0.088666000000000023 0.084309999999999996 0.082847000000000004 0.0099139999999999992 0.0098219999999999991 0.0093790000000000002 0.059706999999999996 0.059253000000000021 0.058819000000000017 0.0019300000000000001 0.0018489999999999999 0.0018259999999999999 0.00066500000000000001 0.00061899999999999998 0.00054600000000000004 5.0479137856770313 5.0479137856770313 5.0479137856770313 0.0045882423142537595 0.0045882423142537595 0.0045882423142537595 1 1 1 Converged Converged Converged OK OK OK 58 58 58 58 58 58 6 6 6 0 0 0 0 0 1 0 0
135 135 uniform 4 7 1359 1 0.001 1.8553507393740847 0.40727280968236651 0.028946812507378985 0.46272263000926717 -0.062222117958922116 0.4604572272912984 0 0.076491901102429705 5.1060009469530652 OK 13 12 0.37830999999999998 0.27588800000000002 0.079016000000000003 0.29764499999999999 0.176673 0 0.080664999999999987 0.099215000000000025 0.079016000000000003 0.0089789999999999991 0.0090980000000000002 0.0084910000000000003 0.059790999999999997 0.078479000000000007 0.059127000000000013 0.0017910000000000003 0.0018519999999999999 0.0017910000000000001 0.00054500000000000002 0.00052900000000000006 0.000522 5.1059991596390066 5.1059991596390066 5.1059991596390066 0.0038379207226390362 0.0038379207226390362 0.0038379207226390362 1 1 1 Converged Converged Converged OK OK OK 58 58 58 58 58 58 6 6 6 0 0 0 0 1 0 0 1
135 135 uniform 4 15 1359 2 0.001 1.8553507393740847 0.40727280968236651 0.028946812507378985 0.46272263000926717 -0.062222117958922116 0.4644846099010207 0 0.072464518492707408 5.1694817866887837 OK 13 12 0.36623699999999998 0.28060099999999999 0.079389000000000001 0.284887 0.172821 0 0.081349999999999978 0.10777999999999999 0.079389000000000001 0.0089250000000000006 0.0090760000000000007 0.0084740000000000006 0.060550999999999973 0.087008999999999975 0.059734999999999969 0.0018220000000000001 0.001885 0.0018299999999999998 0.000602 0.00057299999999999994 0.000562 5.1694807986567541 5.1694807986567541 5.1694807986567541 0.0041421320825356222 0.0041421320825356222 0.0041421320825356222 1 1 1 Converged Converged Converged OK OK OK 58 58 58 58 58 58 6 6 6 0 0 0 0 1 0 0 1
135 135 uniform 4 23 1359 3 0.001 1.8553507393740847 0.40727280968236651 0.028946812507378985 0.46272263000926717 -0.062222117958922116 0.46851199251074294 0 0.068437135882985167 5.2288166309640376 OK 13 12 0.35209699999999999 0.27601599999999998 0.077025999999999997 0.272644 0.169739 0 0.079452999999999996 0.10627699999999998 0.077025999999999997 0.0091990000000000006 0.0091660000000000005 0.0085159999999999993 0.056706000000000006 0.083908999999999984 0.055939999999999976 0.0022009999999999998 0.0021329999999999999 0.0019260000000000002 0.00071199999999999996 0.00069200000000000002 0.00067400000000000001 5.2288149199074319 5.2288149199074319 5.2288149199074319 0.0033383178226197613 0.0033383178226197613 0.0033383178226197613 1 1 1 Converged Converged Converged OK OK OK 59 59 59 59 59 59 5 5 5 0 0 0 0 1 0 0 1
135 135 uniform 4 0 1359 0 0.0001 1.8553507393740847 0.40727280968236651 0.028946812507378985 0.46272263000926717 -0.062222117958922116 0.4569332675077914 0 0.080015860885936707 5.0479154998766163 OK 13 12 0.41593799999999997 0.41289999999999999 0.12286999999999999 0.28988799999999998 0.28953600000000002 0 0.12605 0.12336399999999997 0.12286999999999999 0.010703000000000001 0.0095420000000000001 0.0095479999999999992 0.09128399999999999 0.089716999999999991 0.089504999999999987 0.0028930000000000006 0.0030790000000000006 0.0029760000000000003 0.0009859999999999999 0.0009810000000000001 0.0010400000000000001 5.0479159416315076 5.0479159416315076 5.0479159416315076 0.0001003937527947381 0.0001003937527947381 0.0001003937527947381 1 1 1 Converged Converged Converged OK OK OK 82 82 82 82 82 82 6 6 6 0 0 0 0 0 1 0 0
135 135 uniform 4 7 1359 1 0.0001 1.8553507393740847 0.40727280968236651 0.028946812507378985 0.46272263000926717 -0.062222117958922116 0.4604572272912984 0 0.076491901102429705 5.1060009469530652 OK 13 12 0.41452800000000001 0.32436399999999999 0.115118 0.29826799999999998 0.17574999999999999 0 0.11626000000000003 0.148614 0.115118 0.0089859999999999992 0.0091529999999999997 0.0085540000000000008 0.089589000000000016 0.1222 0.089302000000000006 0.002833 0.0028649999999999999 0.0028139999999999997 0.00095600000000000004 0.00098099999999999988 0.0009859999999999999 5.1060013771185275 5.1060013771185275 5.1060013771185275 0.0001929477543409171 0.0001929477543409171 0.0001929477543409171 1 1 1 Converged Converged Converged OK OK OK 82 82 82 82 82 82 6 6 6 0 0 0 0 1 0 0 1
135 135 uniform 4 15 1359 2 0.0001 1.8553507393740847 0.40727280968236651 0.028946812507378985 0.46272263000926717 -0.062222117958922116 0.4644846099010207 0 0.072464518492707408 5.1694817866887837 OK 13 12 0.40146700000000002 0.32097900000000001 0.114909 0.28527999999999998 0.17486199999999999 0 0.11618700000000004 0.14611700000000002 0.114909 0.0089599999999999992 0.0089949999999999995 0.0084620000000000008 0.089723000000000025 0.11876599999999998 0.089454000000000006 0.0029179999999999996 0.0031520000000000003 0.002892 0.00097499999999999996 0.00107 0.00096900000000000003 5.1694822406384819 5.1694822406384819 5.1694822406384819 0.00016427024095509553 0.00016427024095509553 0.00016427024095509553 1 1 1 Converged Converged Converged OK OK OK 82 82 82 82 82 82 6 6 6 0 0 0 0 1 0 0 1
135 135 uniform 4 23 1359 3 0.0001 1.8553507393740847 0.40727280968236651 0.028946812507378985 0.46272263000926717 -0.062222117958922116 0.46851199251074294 0 0.068437135882985167 5.2288166309640376 OK 13 12 0.376668 0.312865 0.10538400000000001 0.26913700000000002 0.175012 0 0.10753099999999999 0.137853 0.10538400000000001 0.0091000000000000004 0.0093139999999999994 0.0085360000000000002 0.081702999999999984 0.111736 0.080773999999999985 0.0028250000000000003 0.0028050000000000002 0.0026839999999999993 0.00097800000000000014 0.001062 0.00098200000000000002 5.2288171334880094 5.2288171334880094 5.2288171334880094 7.9870685852826551e-05 7.9870685852826551e-05 7.9870685852826551e-05 1 1 1 Converged Converged Converged OK OK OK 75 75 75 75 75 75 5 5 5 0 0 0 0 1 0 0 1
136 136 linear 0 0 1360 0 0.001 0.75698360939644715 0.00034141391214892756 0.0056556683649470899 -0.00042445851374718011 -0.0027666946218113993 -0.0015555921867365981 0.5 0.0018139487157399585 334.37499624247408 OK 13 12 0.87259500000000001 0.86947200000000002 0.35748799999999997 0.50518300000000005 0.50595500000000004 0 0.36741199999999996 0.36351699999999998 0.35748799999999997 0.0087410000000000005 0.0088909999999999996 0.0088009999999999998 0.318106 0.31153799999999993 0.30854199999999987 0.0066730000000000001 0.0084970000000000011 0.0067980000000000002 0.0012719999999999999 0.0012929999999999999 0.0012250000000000002 334.37404313898384 334.37404313898384 334.37404313898384 0.1310075682089791 0.1310075682089791 0.1310075682089791 1 1 1 Converged Converged Converged OK OK OK 137 137 137 137 137 137 7 7 7 0 0 0 0 0 1 0 0
136 136 linear 0 7 1360 1 0.001 0.75698360939644715 0.00034141391214892756 0.0056556683649470899 -0.00042445851374718011 -0.0027666946218113993 -0.00086707603796043063 0.5 0.001125432566963791 341.82283816374752 OK 13 12 0.89050799999999997 0.772281 0.34072000000000002 0.53274699999999997 0.38589099999999998 0 0.357761 0.38639000000000001 0.34072000000000002 0.0076379999999999998 0.0080409999999999995 0.0072859999999999999 0.31933400000000012 0.34576499999999966 0.30325600000000008 0.0067010000000000004 0.008038 0.006886999999999999 0.001126 0.0011950000000000001 0.0011310000000000001 341.82275175614967 341.82275175614967 341.82275175614967 0.13097528342415773 0.13097528342415773 0.13097528342415773 1 1 1 Converged Converged Converged OK OK OK 137 137 137 137 137 137 7 7 7 0 0 0 0 1 0 0 1
136 136 linear 0 15 1360 2 0.001 0.75698360939644715 0.00034141391214892756 0.0056556683649470899 -0.00042445851374718011 -0.0027666946218113993 -8.0200439359096303e-05 0.5 0.00033855696836245674 345.09515749932785 OK 12 12 0.73523700000000003 0.617946 0.28707500000000002 0.442133 0.292823 0 0.29310400000000003 0.325123 0.28707500000000002 0.0075329999999999998 0.0079480000000000002 0.0070780000000000001 0.25623499999999994 0.28719399999999995 0.25115599999999993 0.006489 0.0066619999999999995 0.006404 0.0011820000000000003 0.0013130000000000004 0.0012039999999999998 345.0941304931701 345.0941304931701 345.0941304931701 0.13093791001307198 0.13093791001307198 0.13093791001307198 1 1 1 Converged Converged Converged OK OK OK 130 130 130 130 130 130 6 6 6 0 0 0 0 1 0 0 1
136 136 linear 0 23 1360 3 0.001 0.75698360939644715 0.00034141391214892756 0.0056556683649470899 -0.00042445851374718011 -0.0027666946218113993 0.00070667515924223781 0.5 -0.00044831863023887737 342.85225880031192 OK 12 12 0.91178400000000004 0.78561899999999996 0.29252099999999998 0.60647600000000002 0.45449699999999998 0 0.30530800000000002 0.33112199999999997 0.29252099999999998 0.0077809999999999997 0.0077070000000000003 0.0070369999999999999 0.26552700000000001 0.29253299999999988 0.25692500000000001 0.0078359999999999992 0.0074069999999999995 0.0065070000000000006 0.0011640000000000001 0.001194 0.0011019999999999999 342.85091819373486 342.85091819373486 342.85091819373486 0.13089308144087974 0.13089308144087974 0.13089308144087974 1 1 1 Converged Converged Converged OK OK OK 130 130 130 130 130 130 6 6 6 0 0 0 0 1 0 0 1
136 136 linear 0 0 1360 0 0.0001 0.75698360939644715 0.00034141391214892756 0.0056556683649470899 -0.00042445851374718011 -0.0027666946218113993 -0.0015555921867365981 0.5 0.0018139487157399585 334.37499624247408 OK 13 12 1.0255270000000001 1.010013 0.50077400000000005 0.50958999999999999 0.50845399999999996 0 0.51593700000000009 0.50155900000000009 0.50077400000000005 0.0087740000000000005 0.0089669999999999993 0.0086169999999999997 0.44032599999999983 0.42446800000000001 0.42433699999999991 0.015306 0.016015000000000001 0.016379000000000001 0.0014710000000000003 0.0016189999999999998 0.0015679999999999999 334.37629510323541 334.37629510323541 334.37629510323541 0.026630869345786522 0.026630869345786522 0.026630869345786522 1 1 1 Converged Converged Converged OK OK OK 209 209 209 209 209 209 7 7 7 0 0 0 0 0 1 0 0
136 136 linear 0 7 1360 1 0.0001 0.75698360939644715 0.00034141391214892756 0.0056556683649470899 -0.00042445851374718011 -0.0027666946218113993 -0.00086707603796043063 0.5 0.001125432566963791 341.82283816374752 OK 13 12 1.0362750000000001 0.92737400000000003 0.48899599999999999 0.53327899999999995 0.38732699999999998 0 0.50299600000000011 0.54004700000000005 0.48899599999999999 0.0076639999999999998 0.0079340000000000001 0.0072269999999999999 0.44415799999999994 0.47789400000000026 0.43048199999999986 0.015297 0.016291 0.015619999999999998 0.001439 0.001611 0.0014110000000000001 341.82501268045803 341.82501268045803 341.82501268045803 0.026635721897370998 0.026635721897370998 0.026635721897370998 1 1 1 Converged Converged Converged OK OK OK 209 209 209 209 209 209 7 7 7 0 0 0 0 1 0 0 1
136 136 linear 0 15 1360 2 0.0001 0.75698360939644715 0.00034141391214892756 0.0056556683649470899 -0.00042445851374718011 -0.0027666946218113993 -8.0200439359096303e-05 0.5 0.00033855696836245674 345.09515749932785 OK 12 12 0.87934199999999996 0.77157200000000004 0.42597200000000002 0.43365799999999999 0.29306900000000002 0 0.44568399999999997 0.47850300000000001 0.42597200000000002 0.0075269999999999998 0.0076829999999999997 0.0071770000000000002 0.38802900000000023 0.41871699999999951 0.36948199999999981 0.015158 0.015775000000000001 0.014957999999999999 0.001415 0.0015240000000000002 0.0014879999999999997 345.0964020186799 345.0964020186799 345.0964020186799 0.026640611545641627 0.026640611545641627 0.026640611545641627 1 1 1 Converged Converged Converged OK OK OK 202 202 202 202 202 202 6 6 6 0 0 0 0 1 0 0 1
136 136 linear 0 23 1360 3 0.0001 0.75698360939644715 0.00034141391214892756 0.0056556683649470899 -0.00042445851374718011 -0.0027666946218113993 0.00070667515924223781 0.5 -0.00044831863023887737 342.85225880031192 OK 12 12 1.0478510000000001 0.93080300000000005 0.42678199999999999 0.60103300000000004 0.45364100000000002 0 0.44681800000000005 0.47716200000000003 0.42678199999999999 0.0076870000000000003 0.0077609999999999997 0.0070400000000000003 0.38762400000000002 0.41645799999999988 0.37069599999999991 0.016217000000000002 0.017153000000000002 0.015071999999999999 0.0014639999999999998 0.0015820000000000001 0.0013399999999999998 342.85319916458195 342.85319916458195 342.85319916458195 0.026641789486342958 0.026641789486342958 0.026641789486342958 1 1 1 Converged Converged Converged OK OK OK 202 202 202 202 202 202 6 6 6 0 0 0 0 1 0 0 1
136 136 linear 1 0 1361 0 0.001 0.75698360939644715 0.00034141391214892756 0.0056556683649470899 0.0026281918604690248 -0.0026563464095943914 0.0014970581874796068 0.5 -0.0012387016584762464 337.70304600209056 OK 12 12 0.81485600000000002 0.81253799999999998 0.30881999999999998 0.50549900000000003 0.51016499999999998 0 0.30935699999999999 0.302373 0.30881999999999998 0.0087620000000000007 0.0090170000000000007 0.0085599999999999999 0.26069400000000009 0.25365699999999985 0.25427900000000003 0.0074649999999999994 0.0075250000000000004 0.0082810000000000002 0.0014480000000000001 0.0013350000000000002 0.001315 337.70176442907893 337.70176442907893 337.70176442907893 0.1322868701123881 0.1322868701123881 0.1322868701123881 1 1 1 Converged Converged Converged OK OK OK 130 130 130 130 130 130 6 6 6 0 0 0 0 0 1 0 0
136 136 linear 1 7 1361 1 0.001 0.75698360939644715 0.00034141391214892756 0.0056556683649470899 0.0026281918604690248 -0.0026563464095943914 0.0021855743362557741 0.5 -0.0019272178072524137 326.18690546435988 OK 12 12 0.81184900000000004 0.71389800000000003 0.286719 0.51421300000000003 0.36550100000000002 0 0.29763600000000001 0.34839700000000001 0.286719 0.0079000000000000008 0.0078779999999999996 0.0071960000000000001 0.25865200000000005 0.30970900000000001 0.24937100000000009 0.0072169999999999995 0.0071629999999999992 0.0075000000000000006 0.001219 0.0012030000000000001 0.0011250000000000001 326.18501872343143 326.18501872343143 326.18501872343143 0.13224760863649082 0.13224760863649082 0.13224760863649082 1 1 1 Converged Converged Converged OK OK OK 130 130 130 130 130 130 6 6 6 0 0 0 0 1 0 0 1
136 136 linear 1 15 1361 2 0.001 0.75698360939644715 0.00034141391214892756 0.0056556683649470899 0.0026281918604690248 -0.0026563464095943914 0.0029724499348571087 0.5 -0.0027140934058537481 307.29983483980681 OK 12 11 0.93438500000000002 0.872309 0.36085499999999998 0.56123299999999998 0.42007100000000003 0 0.37315200000000004 0.45223799999999997 0.36085499999999998 0.0084370000000000001 0.0086829999999999997 0.0083040000000000006 0.32901399999999986 0.40762899999999969 0.31802000000000014 0.0073450000000000008 0.0076899999999999998 0.0072710000000000006 0.0014390000000000002 0.0015010000000000002 0.0014339999999999999 307.29833412630705 307.29833412630705 307.29833412630705 0.13176281758002364 0.13176281758002364 0.13176281758002364 1 1 1 Converged Converged Converged OK OK OK 144 144 144 144 144 144 8 8 8 0 0 0 0 1 0 0 1
136 136 linear 1 23 1361 3 0.001 0.75698360939644715 0.00034141391214892756 0.0056556683649470899 0.0026281918604690248 -0.0026563464095943914 0.0037593255334584428 0.5 -0.0035009690044550822 281.5121346123176 OK 13 12 0.87993399999999999 0.797045 0.35946800000000001 0.51099600000000001 0.37035200000000001 0 0.36893799999999999 0.42669299999999999 0.35946800000000001 0.0087480000000000006 0.0088280000000000008 0.0080059999999999992 0.326154 0.38205100000000014 0.31947400000000004 0.0079670000000000001 0.0093420000000000013 0.0072490000000000002 0.0016609999999999999 0.0015820000000000001 0.0014369999999999999 281.51175869356211 281.51175869356211 281.51175869356211 0.16665477388015029 0.16665477388015029 0.16665477388015029 1 1 1 Converged Converged Converged OK OK OK 143 143 143 143 143 143 9 9 9 0 0 0 0 1 0 0 1
136 136 linear 1 0 1361 0 0.0001 0.75698360939644715 0.00034141391214892756 0.0056556683649470899 0.0026281918604690248 -0.0026563464095943914 0.0014970581874796068 0.5 -0.0012387016584762464 337.70304600209056 OK 12 12 0.97034100000000001 0.959005 0.44549800000000001 0.50840700000000005 0.50670199999999999 0 0.46193399999999996 0.45230300000000001 0.44549800000000001 0.0084440000000000001 0.0092599999999999991 0.0087469999999999996 0.38908900000000013 0.37737700000000002 0.37210799999999994 0.015369000000000001 0.016296999999999999 0.016025000000000001 0.0014289999999999997 0.0016200000000000003 0.0016380000000000001 337.70401767881282 337.70401767881282 337.70401767881282 0.027065232778311236 0.027065232778311236 0.027065232778311236 1 1 1 Converged Converged Converged OK OK OK 202 202 202 202 202 202 6 6 6 0 0 0 0 0 1 0 0
136 136 linear 1 7 1361 1 0.0001 0.75698360939644715 0.00034141391214892756 0.0056556683649470899 0.0026281918604690248 -0.0026563464095943914 0.0021855743362557741 0.5 -0.0019272178072524137 326.18690546435988 OK 12 12 0.95348100000000002 0.85811800000000005 0.429927 0.50626300000000002 0.36716900000000002 0 0.447218 0.49094900000000002 0.429927 0.0081250000000000003 0.0079620000000000003 0.0073460000000000001 0.38549899999999998 0.43016899999999986 0.37200200000000022 0.016834999999999999 0.016789000000000002 0.015712 0.001449 0.0014829999999999999 0.001392 326.18728067321456 326.18728067321456 326.18728067321456 0.027065802887677372 0.027065802887677372 0.027065802887677372 1 1 1 Converged Converged Converged OK OK OK 202 202 202 202 202 202 6 6 6 0 0 0 0 1 0 0 1
136 136 linear 1 15 1361 2 0.0001 0.75698360939644715 0.00034141391214892756 0.0056556683649470899 0.0026281918604690248 -0.0026563464095943914 0.0029724499348571087 0.5 -0.0027140934058537481 307.29983483980681 OK 12 11 1.0890249999999999 1.04495 0.50459399999999999 0.55970200000000003 0.420211 0 0.52932299999999988 0.62473900000000004 0.50459399999999999 0.0085959999999999995 0.0086339999999999993 0.0082979999999999998 0.46202400000000016 0.55710300000000013 0.43930900000000017 0.016542000000000001 0.016830000000000001 0.015883000000000001 0.0018079999999999999 0.0018249999999999998 0.0017589999999999997 307.300604561574 307.300604561574 307.300604561574 0.026630786733214666 0.026630786733214666 0.026630786733214666 1 1 1 Converged Converged Converged OK OK OK 216 216 216 216 216 216 8 8 8 0 0 0 0 1 0 0 1
136 136 linear 1 23 1361 3 0.0001 0.75698360939644715 0.00034141391214892756 0.0056556683649470899 0.0026281918604690248 -0.0026563464095943914 0.0037593255334584428 0.5 -0.0035009690044550822 281.5121346123176 OK 13 12 1.0914470000000001 1.055747 0.56797200000000003 0.50033399999999995 0.36620000000000003 0 0.59111300000000011 0.68954699999999991 0.56797200000000003 0.0087969999999999993 0.0091219999999999999 0.0080199999999999994 0.51027499999999959 0.60615800000000042 0.49088900000000019 0.018611999999999997 0.018704000000000002 0.017676999999999998 0.0023269999999999996 0.0022440000000000003 0.0022240000000000003 281.51217530144976 281.51217530144976 281.51217530144976 0.012473049248861607 0.012473049248861607 0.012473049248861607 1 1 1 Converged Converged Converged OK OK OK 247 247 247 247 247 247 9 9 9 0 0 0 0 1 0 0 1
136 136 linear 2 0 1362 0 0.001 0.75698360939644715 0.00034141391214892756 0.0056556683649470899 0.57063481830436913 0.039285813376600885 0.56950368463137968 0.5 -0.56924532810237627 2.3349574909384518 OK 14 13 0.46087699999999998 0.45910600000000001 0.129722 0.32897799999999999 0.32959100000000002 0 0.13189899999999999 0.12951499999999999 0.129722 0.011892 0.011726 0.011645000000000001 0.093953000000000009 0.092064000000000007 0.092047999999999991 0.0037199999999999998 0.0036099999999999999 0.0038289999999999999 0.00088500000000000004 0.00082900000000000009 0.00089099999999999987 2.3349546252849378 2.3349546252849378 2.3349546252849378 0.0017533711087988236 0.0017533711087988236 0.0017533711087988236 1 1 1 Converged Converged Converged OK OK OK 75 75 75 75 75 75 5 5 5 0 0 0 0 0 1 0 0
136 136 linear 2 7 1362 1 0.001 0.75698360939644715 0.00034141391214892756 0.0056556683649470899 0.57063481830436913 0.039285813376600885 0.57019220078015587 0.5 -0.56993384425115245 2.3041593249709118 OK 13 12 0.40197899999999998 0.28289999999999998 0.095385999999999999 0.30408299999999999 0.149202 0 0.097895999999999983 0.13369799999999998 0.095385999999999999 0.0083660000000000002 0.0083250000000000008 0.0078560000000000001 0.070296999999999998 0.10675399999999999 0.068762999999999991 0.0031879999999999999 0.0031860000000000005 0.0032319999999999996 0.00070199999999999993 0.000678 0.00069399999999999996 2.3041577342652868 2.3041577342652868 2.3041577342652868 0.0016436531594701453 0.0016436531594701453 0.0016436531594701453 1 1 1 Converged Converged Converged OK OK OK 61 61 61 61 61 61 3 3 3 0 0 0 0 1 0 0 1
136 136 linear 2 15 1362 2 0.001 0.75698360939644715 0.00034141391214892756 0.0056556683649470899 0.57063481830436913 0.039285813376600885 0.57097907637875722 0.5 -0.57072071984975381 2.2862470971715769 OK 13 12 0.400399 0.27616600000000002 0.093649999999999997 0.300597 0.141518 0 0.099802000000000002 0.13464800000000002 0.093649999999999997 0.011651999999999999 0.0083820000000000006 0.0077730000000000004 0.068843000000000001 0.10743700000000002 0.067269000000000009 0.0031549999999999998 0.0031970000000000002 0.0031859999999999996 0.00067400000000000001 0.00068499999999999995 0.00066500000000000001 2.2862455651067224 2.2862455651067224 2.2862455651067224 0.0016171917755083227 0.0016171917755083227 0.0016171917755083227 1 1 1 Converged Converged Converged OK OK OK 61 61 61 61 61 61 3 3 3 0 0 0 0 1 0 0 1
136 136 linear 2 23 1362 3 0.001 0.75698360939644715 0.00034141391214892756 0.0056556683649470899 0.57063481830436913 0.039285813376600885 0.57176595197735858 0.5 -0.57150759544835517 2.2720655673204138 OK 13 12 0.52697700000000003 0.40904000000000001 0.095951999999999996 0.42820900000000001 0.27329500000000001 0 0.098768000000000022 0.135745 0.095951999999999996 0.0082539999999999992 0.0082780000000000006 0.0076660000000000001 0.071474999999999997 0.10749299999999996 0.070039999999999991 0.0031879999999999999 0.0035430000000000001 0.0031229999999999999 0.00069700000000000003 0.000745 0.00066700000000000006 2.2720641041140097 2.2720641041140097 2.2720641041140097 0.0015904271273313785 0.0015904271273313785 0.0015904271273313785 1 1 1 Converged Converged Converged OK OK OK 61 61 61 61 61 61 3 3 3 0 0 0 0 1 0 0 1
136 136 linear 2 0 1362 0 0.0001 0.75698360939644715 0.00034141391214892756 0.0056556683649470899 0.57063481830436913 0.039285813376600885 0.56950368463137968 0.5 -0.56924532810237627 2.3349574909384518 OK 14 13 0.48535600000000001 0.48161900000000002 0.157972 0.32541199999999998 0.32559700000000003 0 0.15994400000000003 0.15602199999999999 0.157972 0.012057 0.012033 0.011764 0.11471499999999998 0.11194199999999994 0.11453600000000001 0.0050959999999999998 0.0047280000000000004 0.0046280000000000002 0.001005 0.00098799999999999995 0.00097299999999999991 2.3349546277789912 2.3349546277789912 2.3349546277789912 0.00023169889754633436 0.00023169889754633436 0.00023169889754633436 1 1 1 Converged Converged Converged OK OK OK 91 91 91 91 91 91 5 5 5 0 0 0 0 0 1 0 0
136 136 linear 2 7 1362 1 0.0001 0.75698360939644715 0.00034141391214892756 0.0056556683649470899 0.57063481830436913 0.039285813376600885 0.57019220078015587 0.5 -0.56993384425115245 2.3041593249709118 OK 13 12 0.428591 0.31745800000000002 0.118711 0.30575599999999997 0.14886099999999999 0 0.12283500000000003 0.16859700000000002 0.118711 0.0085909999999999997 0.0084690000000000008 0.0078120000000000004 0.089766999999999986 0.13563700000000004 0.087449000000000027 0.0043540000000000002 0.004202 0.0040400000000000002 0.00083500000000000002 0.00087100000000000003 0.00080800000000000002 2.3041577368722446 2.3041577368722446 2.3041577368722446 0.00013284919109705605 0.00013284919109705605 0.00013284919109705605 1 1 1 Converged Converged Converged OK OK OK 77 77 77 77 77 77 3 3 3 0 0 0 0 1 0 0 1
136 136 linear 2 15 1362 2 0.0001 0.75698360939644715 0.00034141391214892756 0.0056556683649470899 0.57063481830436913 0.039285813376600885 0.57097907637875722 0.5 -0.57072071984975381 2.2862470971715769 OK 13 12 0.42214600000000002 0.30295699999999998 0.1169 0.30180499999999999 0.14238100000000001 0 0.12034100000000003 0.16057599999999997 0.1169 0.0082760000000000004 0.0082179999999999996 0.0077869999999999997 0.088041999999999981 0.12864899999999999 0.085722999999999994 0.0040750000000000005 0.0041420000000000007 0.0041609999999999998 0.00079799999999999999 0.00079799999999999999 0.00077900000000000007 2.2862455678609459 2.2862455678609459 2.2862455678609459 0.00012032691672268657 0.00012032691672268657 0.00012032691672268657 1 1 1 Converged Converged Converged OK OK OK 77 77 77 77 77 77 3 3 3 0 0 0 0 1 0 0 1
136 136 linear 2 23 1362 3 0.0001 0.75698360939644715 0.00034141391214892756 0.0056556683649470899 0.57063481830436913 0.039285813376600885 0.57176595197735858 0.5 -0.57150759544835517 2.2720655673204138 OK 13 12 0.55685399999999996 0.43433300000000002 0.11952500000000001 0.43399900000000002 0.27328799999999998 0 0.12285499999999994 0.16104500000000005 0.11952500000000001 0.0081560000000000001 0.0083809999999999996 0.0076689999999999996 0.090877999999999987 0.12874499999999997 0.088531999999999972 0.0041770000000000002 0.0042840000000000005 0.0040559999999999997 0.00080199999999999998 0.00083799999999999999 0.00077300000000000003 2.2720641070350354 2.2720641070350354 2.2720641070350354 0.00010899656198112681 0.00010899656198112681 0.00010899656198112681 1 1 1 Converged Converged Converged OK OK OK 77 77 77 77 77 77 3 3 3 0 0 0 0 1 0 0 1
136 136 linear 3 0 1363 0 0.001 0.75698360939644715 0.00034141391214892756 0.0056556683649470899 0.007918256186697635 0.0020066717718782976 0.0067871225137082171 0.5 -0.0065287659847048565 152.14800281848412 OK 15 14 1.238335 1.222788 0.57913099999999995 0.65030299999999996 0.63815900000000003 0 0.588032 0.58462899999999995 0.57913099999999995 0.015716999999999998 0.016305 0.015603000000000001 0.48930300000000021 0.47866000000000003 0.47935399999999989 0.018046999999999997 0.020223999999999999 0.018787000000000002 0.0019279999999999998 0.0019489999999999998 0.0020050000000000003 152.14950843662754 152.14950843662754 152.14950843662754 0.10623615585454071 0.10623615585454071 0.10623615585454071 1 1 1 Converged Converged Converged OK OK OK 230 230 230 230 230 230 10 10 10 0 0 0 0 0 1 0 0
136 136 linear 3 7 1363 1 0.001 0.75698360939644715 0.00034141391214892756 0.0056556683649470899 0.007918256186697635 0.0020066717718782976 0.0074756386624843848 0.5 -0.0072172821334810242 135.69050793106129 OK 15 14 1.140746 1.1874400000000001 0.54441600000000001 0.57983799999999996 0.43604799999999999 0 0.56090800000000007 0.75139200000000006 0.54441600000000001 0.016288 0.016621 0.015733 0.48067700000000019 0.67176999999999998 0.46647400000000017 0.021011999999999999 0.019066 0.019378000000000003 0.0019489999999999998 0.0020049999999999998 0.0019919999999999998 135.69044096253356 135.69044096253356 135.69044096253356 0.077346049087066382 0.077346049087066382 0.077346049087066382 1 1 1 Converged Converged Converged OK OK OK 230 230 230 230 230 230 10 10 10 0 0 0 0 1 0 0 1
136 136 linear 3 15 1363 2 0.001 0.75698360939644715 0.00034141391214892756 0.0056556683649470899 0.007918256186697635 0.0020066717718782976 0.0082625142610857193 0.5 -0.0080041577320823596 121.06868615003768 OK 15 14 1.1028770000000001 1.1256379999999999 0.52330900000000002 0.57310799999999995 0.43734000000000001 0 0.52976900000000016 0.68829799999999985 0.52330900000000002 0.014518 0.01482 0.013747000000000001 0.45685400000000032 0.60967000000000005 0.44822200000000018 0.016933999999999998 0.020036999999999999 0.019187000000000003 0.0017510000000000002 0.0020299999999999997 0.001957 121.07055916579837 121.07055916579837 121.07055916579837 0.08478468031957441 0.08478468031957441 0.08478468031957441 1 1 1 Converged Converged Converged OK OK OK 222 222 222 222 222 222 10 10 10 0 0 0 0 1 0 0 1
136 136 linear 3 23 1363 3 0.001 0.75698360939644715 0.00034141391214892756 0.0056556683649470899 0.007918256186697635 0.0020066717718782976 0.0090493898596870521 0.5 -0.0087910333306836924 109.44623382845747 OK 15 14 0.91329300000000002 0.87820600000000004 0.44295200000000001 0.457177 0.32208300000000001 0 0.45611600000000002 0.55612300000000003 0.44295200000000001 0.016362000000000002 0.01942 0.015132 0.39124599999999982 0.49034600000000012 0.38270200000000015 0.012463 0.011135000000000001 0.010062999999999999 0.0020999999999999999 0.0019289999999999999 0.0019680000000000001 109.44460809939108 109.44460809939108 109.44460809939108 0.071199569877245517 0.071199569877245517 0.071199569877245517 1 1 1 Converged Converged Converged OK OK OK 182 182 182 182 182 182 10 10 10 0 0 0 0 1 0 0 1
136 136 linear 3 0 1363 0 0.0001 0.75698360939644715 0.00034141391214892756 0.0056556683649470899 0.007918256186697635 0.0020066717718782976 0.0067871225137082171 0.5 -0.0065287659847048565 152.14800281848412 OK 15 14 1.586443 1.597677 0.923377 0.64277499999999999 0.65174299999999996 0 0.94366800000000006 0.94593400000000005 0.923377 0.016532000000000002 0.017624000000000001 0.016018000000000001 0.75521300000000047 0.75357899999999967 0.73767500000000019 0.057297000000000001 0.057068999999999995 0.054088999999999998 0.0029009999999999999 0.0029599999999999991 0.0027460000000000002 152.14796464716571 152.14796464716571 152.14796464716571 0.01431621186382233 0.01431621186382233 0.01431621186382233 1 1 1 Converged Converged Converged OK OK OK 382 382 382 382 382 382 10 10 10 0 0 0 0 0 1 0 0
136 136 linear 3 7 1363 1 0.0001 0.75698360939644715 0.00034141391214892756 0.0056556683649470899 0.007918256186697635 0.0020066717718782976 0.0074756386624843848 0.5 -0.0072172821334810242 135.69050793106129 OK 15 14 1.5688850000000001 1.78328 0.97574099999999997 0.58832799999999996 0.44394099999999997 0 0.98055700000000012 1.3393390000000001 0.97574099999999997 0.0172 0.016976999999999999 0.015892 0.81297199999999981 1.1701880000000011 0.80970399999999931 0.057259999999999991 0.057334999999999997 0.055608999999999999 0.0027320000000000009 0.0027340000000000003 0.0027429999999999998 135.69039094627396 135.69039094627396 135.69039094627396 0.01080667467479433 0.01080667467479433 0.01080667467479433 1 1 1 Converged Converged Converged OK OK OK 398 398 398 398 398 398 10 10 10 0 0 0 0 1 0 0 1
136 136 linear 3 15 1363 2 0.0001 0.75698360939644715 0.00034141391214892756 0.0056556683649470899 0.007918256186697635 0.0020066717718782976 0.0082625142610857193 0.5 -0.0080041577320823596 121.06868615003768 OK 15 14 1.5670440000000001 1.6978819999999999 0.95259799999999994 0.57426100000000002 0.44271199999999999 0 0.99278300000000008 1.2551699999999999 0.95259799999999994 0.015086 0.014988 0.014116 0.82632200000000056 1.0902999999999983 0.79314400000000007 0.056240999999999999 0.05638 0.053002000000000001 0.002826 0.0028860000000000001 0.0026910000000000002 121.06856986324999 121.06856986324999 121.06856986324999 0.0085127427092066259 0.0085127427092066259 0.0085127427092066259 1 1 1 Converged Converged Converged OK OK OK 406 406 406 406 406 406 10 10 10 0 0 0 0 1 0 0 1
136 136 linear 3 23 1363 3 0.0001 0.75698360939644715 0.00034141391214892756 0.0056556683649470899 0.007918256186697635 0.0020066717718782976 0.0090493898596870521 0.5 -0.0087910333306836924 109.44623382845747 OK 15 14 1.2136739999999999 1.2560009999999999 0.71518999999999999 0.46467900000000001 0.32377800000000001 0 0.74899499999999986 0.93222299999999991 0.71518999999999999 0.016937000000000001 0.016695000000000002 0.015452 0.64228099999999944 0.82371300000000058 0.61661800000000011 0.026695 0.02581 0.022675999999999998 0.0027860000000000003 0.0028060000000000003 0.0026949999999999999 109.44603285869808 109.44603285869808 109.44603285869808 0.0082233785139869068 0.0082233785139869068 0.0082233785139869068 1 1 1 Converged Converged Converged OK OK OK 310 310 310 310 310 310 10 10 10 0 0 0 0 1 0 0 1
136 136 linear 4 0 1364 0 0.001 0.75698360939644715 0.00034141391214892756 0.0056556683649470899 0.55472920709884432 -0.041541256541388641 0.55359807342585488 0.5 -0.55333971689685146 2.2351328490797209 OK 13 12 0.40987099999999999 0.39300299999999999 0.099256999999999998 0.307564 0.29641800000000001 0 0.10230699999999998 0.096584999999999976 0.099256999999999998 0.0090530000000000003 0.0089289999999999994 0.0084790000000000004 0.069324999999999998 0.066193999999999989 0.069319000000000033 0.003307 0.0032589999999999997 0.0032189999999999996 0.00073200000000000001 0.00068400000000000015 0.00069200000000000002 2.2351315029377457 2.2351315029377457 2.2351315029377457 0.0013353653717698625 0.0013353653717698625 0.0013353653717698625 1 1 1 Converged Converged Converged OK OK OK 61 61 61 61 61 61 3 3 3 0 0 0 0 0 1 0 0
136 136 linear 4 7 1364 1 0.001 0.75698360939644715 0.00034141391214892756 0.0056556683649470899 0.55472920709884432 -0.041541256541388641 0.55428658957463106 0.5 -0.55402823304562765 2.2395481961401513 OK 13 12 0.40021099999999998 0.27362900000000001 0.094795000000000004 0.30223499999999998 0.14172299999999999 0 0.097976000000000008 0.13190600000000002 0.094795000000000004 0.0080979999999999993 0.0083999999999999995 0.007705 0.070632 0.103238 0.068533999999999998 0.0033279999999999998 0.0039579999999999997 0.0031460000000000004 0.00069700000000000003 0.00073800000000000005 0.00066500000000000001 2.2395468185401644 2.2395468185401644 2.2395468185401644 0.0013465052223526493 0.0013465052223526493 0.0013465052223526493 1 1 1 Converged Converged Converged OK OK OK 61 61 61 61 61 61 3 3 3 0 0 0 0 1 0 0 1
136 136 linear 4 15 1364 2 0.001 0.75698360939644715 0.00034141391214892756 0.0056556683649470899 0.55472920709884432 -0.041541256541388641 0.55507346517323242 0.5 -0.554815108644229 2.2458418261567696 OK 13 12 0.400063 0.277194 0.099288000000000001 0.29998399999999997 0.14282 0 0.10007900000000003 0.13437399999999999 0.099288000000000001 0.0081659999999999996 0.0082100000000000003 0.0078729999999999998 0.072883999999999977 0.10747999999999999 0.072484000000000007 0.0032109999999999999 0.0031339999999999996 0.0032159999999999997 0.00070300000000000007 0.0006730000000000001 0.00069999999999999999 2.2458404489311303 2.2458404489311303 2.2458404489311303 0.0013604591587948695 0.0013604591587948695 0.0013604591587948695 1 1 1 Converged Converged Converged OK OK OK 61 61 61 61 61 61 3 3 3 0 0 0 0 1 0 0 1
136 136 linear 4 23 1364 3 0.001 0.75698360939644715 0.00034141391214892756 0.0056556683649470899 0.55472920709884432 -0.041541256541388641 0.55586034077183377 0.5 -0.55560198424283036 2.25403456699819 OK 13 12 0.39680900000000002 0.27442100000000003 0.097147999999999998 0.29657 0.14257400000000001 0 0.10023900000000002 0.13184700000000002 0.097147999999999998 0.0083320000000000009 0.0081300000000000001 0.007659 0.072794999999999999 0.10506 0.071022999999999989 0.003313 0.0031879999999999999 0.0031850000000000003 0.00067400000000000001 0.00067900000000000002 0.00069099999999999999 2.2540331287929591 2.2540331287929591 2.2540331287929591 0.001376121382242769 0.001376121382242769 0.001376121382242769 1 1 1 Converged Converged Converged OK OK OK 61 61 61 61 61 61 3 3 3 0 0 0 0 1 0 0 1
136 136 linear 4 0 1364 0 0.0001 0.75698360939644715 0.00034141391214892756 0.0056556683649470899 0.55472920709884432 -0.041541256541388641 0.55359807342585488 0.5 -0.55333971689685146 2.2351328490797209 OK 13 12 0.41891899999999999 0.41832000000000003 0.12163599999999999 0.297398 0.29450300000000001 0 0.12152099999999999 0.12381700000000001 0.12163599999999999 0.0088690000000000001 0.0089490000000000004 0.0085990000000000007 0.085069999999999979 0.08712300000000002 0.082752999999999993 0.0041089999999999998 0.0039880000000000002 0.0039659999999999999 0.00079899999999999991 0.00080900000000000004 0.00079599999999999994 2.2351315057607462 2.2351315057607462 2.2351315057607462 8.4821119865745889e-05 8.4821119865745889e-05 8.4821119865745889e-05 1 1 1 Converged Converged Converged OK OK OK 77 77 77 77 77 77 3 3 3 0 0 0 0 0 1 0 0
136 136 linear 4 7 1364 1 0.0001 0.75698360939644715 0.00034141391214892756 0.0056556683649470899 0.55472920709884432 -0.041541256541388641 0.55428658957463106 0.5 -0.55402823304562765 2.2395481961401513 OK 13 12 0.41575400000000001 0.29986600000000002 0.117828 0.29473199999999999 0.14069400000000001 0 0.12102200000000002 0.15917200000000001 0.117828 0.0081030000000000008 0.0081840000000000003 0.0077169999999999999 0.089004999999999987 0.12679300000000002 0.086636999999999992 0.0041009999999999996 0.0042060000000000005 0.0040330000000000001 0.00079000000000000001 0.00080199999999999998 0.00077899999999999996 2.2395468213448564 2.2395468213448564 2.2395468213448564 9.2443581405585862e-05 9.2443581405585862e-05 9.2443581405585862e-05 1 1 1 Converged Converged Converged OK OK OK 77 77 77 77 77 77 3 3 3 0 0 0 0 1 0 0 1
136 136 linear 4 15 1364 2 0.0001 0.75698360939644715 0.00034141391214892756 0.0056556683649470899 0.55472920709884432 -0.041541256541388641 0.55507346517323242 0.5 -0.554815108644229 2.2458418261567696 OK 13 12 0.42192600000000002 0.30896200000000001 0.120765 0.29821900000000001 0.141404 0 0.12370700000000001 0.16755800000000001 0.120765 0.0082979999999999998 0.0084080000000000005 0.0077320000000000002 0.091312000000000004 0.13503700000000002 0.089435999999999988 0.0040390000000000001 0.0041569999999999992 0.0039789999999999999 0.00079100000000000004 0.00080199999999999998 0.00077500000000000008 2.2458404517148605 2.2458404517148605 2.2458404517148605 0.00010260056416259301 0.00010260056416259301 0.00010260056416259301 1 1 1 Converged Converged Converged OK OK OK 77 77 77 77 77 77 3 3 3 0 0 0 0 1 0 0 1
136 136 linear 4 23 1364 3 0.0001 0.75698360939644715 0.00034141391214892756 0.0056556683649470899 0.55472920709884432 -0.041541256541388641 0.55586034077183377 0.5 -0.55560198424283036 2.25403456699819 OK 13 12 0.41920099999999999 0.30068699999999998 0.121348 0.29461500000000002 0.13852800000000001 0 0.12458599999999997 0.16215899999999997 0.121348 0.0081639999999999994 0.0083459999999999993 0.0076750000000000004 0.092589999999999978 0.13009200000000001 0.090383999999999992 0.0040670000000000003 0.0041510000000000002 0.0039940000000000002 0.00080600000000000008 0.00080300000000000011 0.00077900000000000018 2.2540331315559952 2.2540331315559952 2.2540331315559952 0.00011472937627695277 0.00011472937627695277 0.00011472937627695277 1 1 1 Converged Converged Converged OK OK OK 77 77 77 77 77 77 3 3 3 0 0 0 0 1 0 0 1
136 136 uniform 0 0 1365 0 0.001 0.75698360939644715 0.00034141391214892756 0.0056556683649470899 -0.00042445851374718011 -0.0027666946218113993 -0.0015555921867365981 0 0.0018139487157399585 323.67562878009869 OK 13 12 0.76332999999999995 0.75912999999999997 0.25370100000000001 0.50096099999999999 0.50475000000000003 0 0.26236899999999996 0.25437999999999994 0.25370100000000001 0.0089160000000000003 0.0086750000000000004 0.0082660000000000008 0.21204000000000001 0.20571700000000001 0.20534300000000005 0.0067080000000000004 0.0065530000000000007 0.0066370000000000005 0.001199 0.0012319999999999998 0.00124 323.67228258529991 323.67228258529991 323.67228258529991 0.13607014484592639 0.13607014484592639 0.13607014484592639 1 1 1 Converged Converged Converged OK OK OK 137 137 137 137 137 137 7 7 7 0 0 0 0 0 1 0 0
136 136 uniform 0 7 1365 1 0.001 0.75698360939644715 0.00034141391214892756 0.0056556683649470899 -0.00042445851374718011 -0.0027666946218113993 -0.00086707603796043063 0 0.001125432566963791 328.84812610539649 OK 13 12 0.78003400000000001 0.66618200000000005 0.246893 0.53202000000000005 0.37842700000000001 0 0.24801399999999996 0.28775500000000004 0.246893 0.0080239999999999999 0.0078019999999999999 0.0072179999999999996 0.209255 0.24940799999999991 0.20961199999999997 0.0068100000000000001 0.0066969999999999998 0.0066519999999999999 0.0011099999999999999 0.0011659999999999999 0.0011509999999999999 328.84474946185645 328.84474946185645 328.84474946185645 0.13600695976295754 0.13600695976295754 0.13600695976295754 1 1 1 Converged Converged Converged OK OK OK 137 137 137 137 137 137 7 7 7 0 0 0 0 1 0 0 1
136 136 uniform 0 15 1365 2 0.001 0.75698360939644715 0.00034141391214892756 0.0056556683649470899 -0.00042445851374718011 -0.0027666946218113993 -8.0200439359096303e-05 0 0.00033855696836245674 331.06477922833812 OK 12 12 0.65607199999999999 0.54463700000000004 0.213389 0.436006 0.29019200000000001 0 0.22006599999999998 0.25444500000000003 0.213389 0.0076629999999999997 0.0077999999999999996 0.007156 0.18333600000000003 0.21744999999999998 0.17836899999999992 0.0062740000000000001 0.0064669999999999997 0.0061029999999999999 0.0010889999999999999 0.0011400000000000002 0.0010960000000000002 331.0613784888256 331.0613784888256 331.0613784888256 0.13593215382863874 0.13593215382863874 0.13593215382863874 1 1 1 Converged Converged Converged OK OK OK 130 130 130 130 130 130 6 6 6 0 0 0 0 1 0 0 1
136 136 uniform 0 23 1365 3 0.001 0.75698360939644715 0.00034141391214892756 0.0056556683649470899 -0.00042445851374718011 -0.0027666946218113993 0.00070667515924223781 0 -0.00044831863023887737 329.46747952773819 OK 12 12 0.82202600000000003 0.71309699999999998 0.216526 0.60080999999999996 0.45798899999999998 0 0.22121600000000008 0.255108 0.216526 0.0076709999999999999 0.0076350000000000003 0.0070299999999999998 0.18312100000000009 0.21847400000000008 0.18143599999999985 0.0072590000000000007 0.0064319999999999985 0.0061320000000000003 0.0011989999999999998 0.001072 0.0010550000000000002 329.46404304931571 329.46404304931571 329.46404304931571 0.13584615144821546 0.13584615144821546 0.13584615144821546 1 1 1 Converged Converged Converged OK OK OK 130 130 130 130 130 130 6 6 6 0 0 0 0 1 0 0 1
136 136 uniform 0 0 1365 0 0.0001 0.75698360939644715 0.00034141391214892756 0.0056556683649470899 -0.00042445851374718011 -0.0027666946218113993 -0.0015555921867365981 0 0.0018139487157399585 323.67562878009869 OK 13 12 0.88884700000000005 0.871394 0.36770199999999997 0.50874900000000001 0.50541700000000001 0 0.38009800000000005 0.365977 0.36770199999999997 0.0089189999999999998 0.0086960000000000006 0.0084150000000000006 0.29641700000000004 0.29020899999999983 0.28920799999999991 0.015802 0.015574999999999999 0.015972 0.0015799999999999998 0.0015610000000000001 0.001586 323.67518802408176 323.67518802408176 323.67518802408176 0.020356976884209659 0.020356976884209659 0.020356976884209659 1 1 1 Converged Converged Converged OK OK OK 209 209 209 209 209 209 7 7 7 0 0 0 0 0 1 0 0
136 136 uniform 0 7 1365 1 0.0001 0.75698360939644715 0.00034141391214892756 0.0056556683649470899 -0.00042445851374718011 -0.0027666946218113993 -0.00086707603796043063 0 0.001125432566963791 328.84812610539649 OK 13 12 0.88728499999999999 0.77583999999999997 0.35032099999999999 0.53230699999999997 0.38494400000000001 0 0.35497800000000002 0.39089599999999997 0.35032099999999999 0.0076090000000000003 0.0078279999999999999 0.0071650000000000004 0.29235000000000011 0.33130100000000023 0.29208900000000015 0.015332 0.015589 0.015487000000000001 0.0014580000000000001 0.0014590000000000002 0.0015370000000000002 328.84766765620316 328.84766765620316 328.84766765620316 0.02034872274889429 0.02034872274889429 0.02034872274889429 1 1 1 Converged Converged Converged OK OK OK 209 209 209 209 209 209 7 7 7 0 0 0 0 1 0 0 1
136 136 uniform 0 15 1365 2 0.0001 0.75698360939644715 0.00034141391214892756 0.0056556683649470899 -0.00042445851374718011 -0.0027666946218113993 -8.0200439359096303e-05 0 0.00033855696836245674 331.06477922833812 OK 12 12 0.759548 0.66149999999999998 0.32161000000000001 0.43198900000000001 0.294076 0 0.32755899999999999 0.36742399999999997 0.32161000000000001 0.0077949999999999998 0.0086149999999999994 0.0071520000000000004 0.26821599999999995 0.30503699999999989 0.26531599999999989 0.016241999999999999 0.015084 0.014805 0.0014980000000000002 0.0014340000000000002 0.001403 331.06431187192919 331.06431187192919 331.06431187192919 0.020337352015136399 0.020337352015136399 0.020337352015136399 1 1 1 Converged Converged Converged OK OK OK 202 202 202 202 202 202 6 6 6 0 0 0 0 1 0 0 1
136 136 uniform 0 23 1365 3 0.0001 0.75698360939644715 0.00034141391214892756 0.0056556683649470899 -0.00042445851374718011 -0.0027666946218113993 0.00070667515924223781 0 -0.00044831863023887737 329.46747952773819 OK 12 12 0.92790799999999996 0.82006800000000002 0.32546700000000001 0.60087800000000002 0.45627699999999999 0 0.32702999999999993 0.36379100000000003 0.32546700000000001 0.0077710000000000001 0.00777 0.0069849999999999999 0.26829300000000006 0.3047180000000001 0.26959200000000016 0.015608999999999998 0.015959000000000001 0.014751 0.001359 0.0014240000000000001 0.0013799999999999999 329.46699014184662 329.46699014184662 329.46699014184662 0.020319671737576955 0.020319671737576955 0.020319671737576955 1 1 1 Converged Converged Converged OK OK OK 202 202 202 202 202 202 6 6 6 0 0 0 0 1 0 0 1
136 136 uniform 1 0 1366 0 0.001 0.75698360939644715 0.00034141391214892756 0.0056556683649470899 0.0026281918604690248 -0.0026563464095943914 0.0014970581874796068 0 -0.0012387016584762464 325.85178255968128 OK 12 12 0.73508099999999998 0.74008700000000005 0.231959 0.50302000000000002 0.50050300000000003 0 0.23206099999999996 0.23958400000000002 0.231959 0.0090229999999999998 0.0091229999999999992 0.0086899999999999998 0.18385099999999999 0.19010800000000003 0.18554299999999999 0.0068380000000000012 0.0081290000000000008 0.0064210000000000005 0.0013629999999999998 0.0013229999999999997 0.0011789999999999999 325.8483888154754 325.8483888154754 325.8483888154754 0.13670773318526158 0.13670773318526158 0.13670773318526158 1 1 1 Converged Converged Converged OK OK OK 130 130 130 130 130 130 6 6 6 0 0 0 0 0 1 0 0
136 136 uniform 1 7 1366 1 0.001 0.75698360939644715 0.00034141391214892756 0.0056556683649470899 0.0026281918604690248 -0.0026563464095943914 0.0021855743362557741 0 -0.0019272178072524137 317.66759838725727 OK 12 12 0.72284999999999999 0.65577600000000003 0.21523300000000001 0.50518200000000002 0.37388700000000002 0 0.21766799999999997 0.281889 0.21523300000000001 0.0078220000000000008 0.0091719999999999996 0.0072760000000000003 0.17998700000000001 0.24158100000000005 0.17911499999999986 0.0067759999999999999 0.0075059999999999997 0.0063689999999999997 0.00115 0.0011800000000000001 0.0011130000000000001 317.66420190329546 317.66420190329546 317.66420190329546 0.13663005748062823 0.13663005748062823 0.13663005748062823 1 1 1 Converged Converged Converged OK OK OK 130 130 130 130 130 130 6 6 6 0 0 0 0 1 0 0 1
136 136 uniform 1 15 1366 2 0.001 0.75698360939644715 0.00034141391214892756 0.0056556683649470899 0.0026281918604690248 -0.0026563464095943914 0.0029724499348571087 0 -0.0027140934058537481 303.81404105528696 OK 12 11 0.81808999999999998 0.77339400000000003 0.25581500000000001 0.55925999999999998 0.42268499999999998 0 0.25883 0.35070900000000005 0.25581500000000001 0.0085810000000000001 0.0084469999999999996 0.0081290000000000008 0.21569699999999989 0.30768500000000004 0.21427800000000002 0.0068770000000000003 0.0067689999999999998 0.0064129999999999994 0.001389 0.0015629999999999999 0.001387 303.81065855593766 303.81065855593766 303.81065855593766 0.14047759308848445 0.14047759308848445 0.14047759308848445 1 1 1 Converged Converged Converged OK OK OK 144 144 144 144 144 144 8 8 8 0 0 0 0 1 0 0 1
136 136 uniform 1 23 1366 3 0.001 0.75698360939644715 0.00034141391214892756 0.0056556683649470899 0.0026281918604690248 -0.0026563464095943914 0.0037593255334584428 0 -0.0035009690044550822 283.83419322618761 OK 13 12 0.75939699999999999 0.68185799999999996 0.255853 0.50069900000000001 0.36038799999999999 0 0.25869799999999998 0.32146999999999998 0.255853 0.0084659999999999996 0.0086949999999999996 0.0079620000000000003 0.21846900000000002 0.27937899999999999 0.216998 0.0067189999999999993 0.0074700000000000009 0.0065019999999999991 0.0014220000000000001 0.0015319999999999999 0.0014169999999999999 283.83357583305263 283.83357583305263 283.83357583305263 0.1767200964730011 0.1767200964730011 0.1767200964730011 1 1 1 Converged Converged Converged OK OK OK 143 143 143 143 143 143 9 9 9 0 0 0 0 1 0 0 1
136 136 uniform 1 0 1366 0 0.0001 0.75698360939644715 0.00034141391214892756 0.0056556683649470899 0.0026281918604690248 -0.0026563464095943914 0.0014970581874796068 0 -0.0012387016584762464 325.85178255968128 OK 12 12 0.85473299999999997 0.85224500000000003 0.343551 0.51029400000000003 0.50837900000000003 0 0.34443899999999994 0.343866 0.343551 0.0085699999999999995 0.0091579999999999995 0.0088149999999999999 0.27225199999999994 0.27012299999999989 0.26914499999999986 0.015136000000000002 0.015719 0.016238000000000002 0.0014339999999999999 0.0015499999999999999 0.0016749999999999998 325.8512965536741 325.8512965536741 325.8512965536741 0.020514270542187234 0.020514270542187234 0.020514270542187234 1 1 1 Converged Converged Converged OK OK OK 202 202 202 202 202 202 6 6 6 0 0 0 0 0 1 0 0
136 136 uniform 1 7 1366 1 0.0001 0.75698360939644715 0.00034141391214892756 0.0056556683649470899 0.0026281918604690248 -0.0026563464095943914 0.0021855743362557741 0 -0.0019272178072524137 317.66759838725727 OK 12 12 0.83059300000000003 0.74979399999999996 0.322575 0.50773500000000005 0.37022699999999997 0 0.32285799999999998 0.37956699999999999 0.322575 0.0078490000000000001 0.0080000000000000002 0.0072899999999999996 0.26431500000000019 0.3207229999999997 0.26499700000000009 0.015340000000000001 0.015510999999999999 0.015461000000000001 0.001464 0.0014629999999999997 0.0014679999999999999 317.6671223012641 317.6671223012641 317.6671223012641 0.020496883064358994 0.020496883064358994 0.020496883064358994 1 1 1 Converged Converged Converged OK OK OK 202 202 202 202 202 202 6 6 6 0 0 0 0 1 0 0 1
136 136 uniform 1 15 1366 2 0.0001 0.75698360939644715 0.00034141391214892756 0.0056556683649470899 0.0026281918604690248 -0.0026563464095943914 0.0029724499348571087 0 -0.0027140934058537481 303.81404105528696 OK 12 11 0.92971599999999999 0.91755200000000003 0.36476500000000001 0.56216200000000005 0.42138399999999998 0 0.36755399999999994 0.49616800000000005 0.36476500000000001 0.0082869999999999992 0.0098600000000000007 0.0084370000000000001 0.30245300000000003 0.42645099999999997 0.29997100000000015 0.015303000000000001 0.016073 0.015433000000000001 0.0016910000000000002 0.0017910000000000001 0.0017809999999999998 303.81359150661854 303.81359150661854 303.81359150661854 0.024418628525543658 0.024418628525543658 0.024418628525543658 1 1 1 Converged Converged Converged OK OK OK 216 216 216 216 216 216 8 8 8 0 0 0 0 1 0 0 1
136 136 uniform 1 23 1366 3 0.0001 0.75698360939644715 0.00034141391214892756 0.0056556683649470899 0.0026281918604690248 -0.0026563464095943914 0.0037593255334584428 0 -0.0035009690044550822 283.83419322618761 OK 13 12 0.91811200000000004 0.92072200000000004 0.41081800000000002 0.502444 0.37743500000000002 0 0.41566800000000004 0.54328700000000008 0.41081800000000002 0.008829 0.0089090000000000003 0.0080040000000000007 0.33708799999999989 0.4618199999999999 0.33518500000000012 0.017742000000000001 0.019810000000000001 0.017011999999999999 0.002104 0.0021350000000000002 0.001983 283.83409092155858 283.83409092155858 283.83409092155858 0.012427704858612082 0.012427704858612082 0.012427704858612082 1 1 1 Converged Converged Converged OK OK OK 247 247 247 247 247 247 9 9 9 0 0 0 0 1 0 0 1
136 136 uniform 2 0 1367 0 0.001 0.75698360939644715 0.00034141391214892756 0.0056556683649470899 0.57063481830436913 0.039285813376600885 0.56950368463137968 0 -0.56924532810237627 2.3453963070867938 OK 14 13 0.429863 0.42314000000000002 0.097006999999999996 0.325154 0.32551000000000002 0 0.104709 0.097629999999999995 0.097006999999999996 0.013579000000000001 0.012121 0.011734 0.069992000000000013 0.066007000000000024 0.065766999999999992 0.0028809999999999999 0.0026509999999999997 0.0026210000000000001 0.00074700000000000005 0.00064800000000000003 0.000669 2.3453958670305313 2.3453958670305313 2.3453958670305313 0.0010314864085898079 0.0010314864085898079 0.0010314864085898079 1 1 1 Converged Converged Converged OK OK OK 59 59 59 59 59 59 5 5 5 0 0 0 0 0 1 0 0
136 136 uniform 2 7 1367 1 0.001 0.75698360939644715 0.00034141391214892756 0.0056556683649470899 0.57063481830436913 0.039285813376600885 0.57019220078015587 0 -0.56993384425115245 2.3087015692505362 OK 13 12 0.37256600000000001 0.236675 0.067655999999999994 0.30332999999999999 0.14924699999999999 0 0.06923600000000002 0.087428000000000006 0.067655999999999994 0.0082789999999999999 0.0083630000000000006 0.0077910000000000002 0.047037000000000009 0.065275999999999987 0.046544000000000009 0.0021930000000000001 0.002209 0.0021809999999999998 0.00059299999999999999 0.00059500000000000004 0.00053599999999999991 2.3087015297952429 2.3087015297952429 2.3087015297952429 0.00095173921030474091 0.00095173921030474091 0.00095173921030474091 1 1 1 Converged Converged Converged OK OK OK 45 45 45 45 45 45 3 3 3 0 0 0 0 1 0 0 1
136 136 uniform 2 15 1367 2 0.001 0.75698360939644715 0.00034141391214892756 0.0056556683649470899 0.57063481830436913 0.039285813376600885 0.57097907637875722 0 -0.57072071984975381 2.2900280097249381 OK 13 12 0.37067699999999998 0.226609 0.065894999999999995 0.299954 0.14188200000000001 0 0.07072299999999998 0.084726999999999997 0.065894999999999995 0.0082780000000000006 0.0083420000000000005 0.0077140000000000004 0.048477999999999993 0.062481000000000009 0.044562000000000004 0.0021910000000000002 0.002245 0.0021840000000000002 0.00055699999999999999 0.00056400000000000005 0.00054300000000000008 2.2900279820394189 2.2900279820394189 2.2900279820394189 0.00093828199289460953 0.00093828199289460953 0.00093828199289460953 1 1 1 Converged Converged Converged OK OK OK 45 45 45 45 45 45 3 3 3 0 0 0 0 1 0 0 1
136 136 uniform 2 23 1367 3 0.001 0.75698360939644715 0.00034141391214892756 0.0056556683649470899 0.57063481830436913 0.039285813376600885 0.57176595197735858 0 -0.57150759544835517 2.2754257304445789 OK 13 12 0.50185400000000002 0.36211700000000002 0.067918000000000006 0.43206299999999997 0.27483800000000003 0 0.069791000000000047 0.087278999999999995 0.067918000000000006 0.0081620000000000009 0.0083619999999999996 0.0076160000000000004 0.047521999999999988 0.065180999999999989 0.046762000000000005 0.0022079999999999999 0.0021670000000000001 0.002202 0.00059900000000000003 0.00057699999999999993 0.00054199999999999995 2.2754257044993285 2.2754257044993285 2.2754257044993285 0.00092451339387135487 0.00092451339387135487 0.00092451339387135487 1 1 1 Converged Converged Converged OK OK OK 45 45 45 45 45 45 3 3 3 0 0 0 0 1 0 0 1
136 136 uniform 2 0 1367 0 0.0001 0.75698360939644715 0.00034141391214892756 0.0056556683649470899 0.57063481830436913 0.039285813376600885 0.56950368463137968 0 -0.56924532810237627 2.3453963070867938 OK 14 13 0.471279 0.46540700000000002 0.137103 0.333256 0.326818 0 0.13802300000000001 0.13858900000000002 0.137103 0.011924000000000001 0.012011000000000001 0.011749000000000001 0.094366999999999979 0.094304000000000013 0.094051999999999983 0.0043990000000000001 0.0048639999999999994 0.0042770000000000004 0.0010059999999999999 0.00099099999999999991 0.00099399999999999987 2.3453958658932286 2.3453958658932286 2.3453958658932286 0.00012022409477623742 0.00012022409477623742 0.00012022409477623742 1 1 1 Converged Converged Converged OK OK OK 91 91 91 91 91 91 5 5 5 0 0 0 0 0 1 0 0
136 136 uniform 2 7 1367 1 0.0001 0.75698360939644715 0.00034141391214892756 0.0056556683649470899 0.57063481830436913 0.039285813376600885 0.57019220078015587 0 -0.56993384425115245 2.3087015692505362 OK 13 12 0.40979500000000002 0.30341200000000002 0.103551 0.30459999999999998 0.14874599999999999 0 0.10519500000000004 0.15466600000000003 0.103551 0.0083610000000000004 0.0084370000000000001 0.0078239999999999994 0.073177999999999979 0.11592199999999996 0.072684999999999972 0.0039189999999999997 0.0040400000000000002 0.0038190000000000003 0.00081499999999999997 0.00090200000000000002 0.00082300000000000006 2.3087015286036983 2.3087015286036983 2.3087015286036983 4.5559673379865562e-05 4.5559673379865562e-05 4.5559673379865562e-05 1 1 1 Converged Converged Converged OK OK OK 77 77 77 77 77 77 3 3 3 0 0 0 0 1 0 0 1
136 136 uniform 2 15 1367 2 0.0001 0.75698360939644715 0.00034141391214892756 0.0056556683649470899 0.57063481830436913 0.039285813376600885 0.57097907637875722 0 -0.57072071984975381 2.2900280097249381 OK 13 12 0.40198200000000001 0.28972199999999998 0.10187400000000001 0.29869899999999999 0.14357900000000001 0 0.10328300000000001 0.14614299999999997 0.10187400000000001 0.0082330000000000007 0.0083999999999999995 0.0078040000000000002 0.071426000000000017 0.11366000000000002 0.071040000000000006 0.0038910000000000004 0.0039579999999999997 0.0038170000000000001 0.00078399999999999997 0.00083599999999999994 0.00076100000000000007 2.2900279807883441 2.2900279807883441 2.2900279807883441 3.8606088415571525e-05 3.8606088415571525e-05 3.8606088415571525e-05 1 1 1 Converged Converged Converged OK OK OK 77 77 77 77 77 77 3 3 3 0 0 0 0 1 0 0 1
136 136 uniform 2 23 1367 3 0.0001 0.75698360939644715 0.00034141391214892756 0.0056556683649470899 0.57063481830436913 0.039285813376600885 0.57176595197735858 0 -0.57150759544835517 2.2754257304445789 OK 13 12 0.53702700000000003 0.42042200000000002 0.10449700000000001 0.43105399999999999 0.27482499999999999 0 0.10597300000000004 0.14559700000000003 0.10449700000000001 0.0083599999999999994 0.0083210000000000003 0.0077419999999999998 0.074073999999999987 0.11355400000000003 0.073754000000000014 0.0038849999999999996 0.0039140000000000008 0.0038089999999999999 0.00082299999999999995 0.00082100000000000001 0.000794 2.275425703195828 2.275425703195828 2.275425703195828 3.2017499689032632e-05 3.2017499689032632e-05 3.2017499689032632e-05 1 1 1 Converged Converged Converged OK OK OK 77 77 77 77 77 77 3 3 3 0 0 0 0 1 0 0 1
136 136 uniform 3 0 1368 0 0.001 0.75698360939644715 0.00034141391214892756 0.0056556683649470899 0.007918256186697635 0.0020066717718782976 0.0067871225137082171 0 -0.0065287659847048565 154.07140231886419 OK 15 14 1.077604 1.0734870000000001 0.43548100000000001 0.64401900000000001 0.63707100000000005 0 0.433585 0.43641600000000003 0.43548100000000001 0.015871 0.016343 0.015703999999999999 0.33687100000000014 0.33850299999999989 0.3366849999999999 0.016966000000000002 0.017944999999999999 0.018408000000000001 0.0018190000000000001 0.0019059999999999999 0.0019980000000000002 154.0736371921831 154.0736371921831 154.0736371921831 0.095799385000710557 0.095799385000710557 0.095799385000710557 1 1 1 Converged Converged Converged OK OK OK 230 230 230 230 230 230 10 10 10 0 0 0 0 0 1 0 0
136 136 uniform 3 7 1368 1 0.001 0.75698360939644715 0.00034141391214892756 0.0056556683649470899 0.007918256186697635 0.0020066717718782976 0.0074756386624843848 0 -0.0072172821334810242 137.05820756259993 OK 15 14 0.981985 1.060989 0.40018700000000001 0.57474899999999995 0.44317899999999999 0 0.40723600000000004 0.61780999999999997 0.40018700000000001 0.016622999999999999 0.018016999999999998 0.015637999999999999 0.33029000000000003 0.53590500000000008 0.3248879999999999 0.017330999999999999 0.019540000000000002 0.017706 0.001957 0.0019610000000000001 0.0019449999999999999 137.05861969795029 137.05861969795029 137.05861969795029 0.083581315737050493 0.083581315737050493 0.083581315737050493 1 1 1 Converged Converged Converged OK OK OK 230 230 230 230 230 230 10 10 10 0 0 0 0 1 0 0 1
136 136 uniform 3 15 1368 2 0.001 0.75698360939644715 0.00034141391214892756 0.0056556683649470899 0.007918256186697635 0.0020066717718782976 0.0082625142610857193 0 -0.0080041577320823596 122.06274016445245 OK 15 14 0.96375299999999997 0.98272599999999999 0.382662 0.57042000000000004 0.436643 0 0.39333299999999993 0.54608299999999999 0.382662 0.014962 0.014475 0.013676000000000001 0.31353599999999987 0.47257799999999967 0.31196500000000005 0.019097000000000003 0.016951000000000001 0.016531000000000001 0.0017679999999999998 0.0018029999999999999 0.0016859999999999998 122.0654421624869 122.0654421624869 122.0654421624869 0.088744005411547672 0.088744005411547672 0.088744005411547672 1 1 1 Converged Converged Converged OK OK OK 222 222 222 222 222 222 10 10 10 0 0 0 0 1 0 0 1
136 136 uniform 3 23 1368 3 0.001 0.75698360939644715 0.00034141391214892756 0.0056556683649470899 0.007918256186697635 0.0020066717718782976 0.0090493898596870521 0 -0.0087910333306836924 110.20610028394643 OK 15 14 0.77554299999999998 0.754548 0.31390600000000002 0.45635500000000001 0.32339600000000002 0 0.31918799999999997 0.43115199999999998 0.31390600000000002 0.016388 0.016215 0.015214 0.25856900000000022 0.37136299999999983 0.25622200000000001 0.010034000000000001 0.0093530000000000002 0.0090619999999999989 0.0018250000000000002 0.0018270000000000001 0.0018280000000000002 110.20419061526074 110.20419061526074 110.20419061526074 0.085369221818477212 0.085369221818477212 0.085369221818477212 1 1 1 Converged Converged Converged OK OK OK 182 182 182 182 182 182 10 10 10 0 0 0 0 1 0 0 1
136 136 uniform 3 0 1368 0 0.0001 0.75698360939644715 0.00034141391214892756 0.0056556683649470899 0.007918256186697635 0.0020066717718782976 0.0067871225137082171 0 -0.0065287659847048565 154.07140231886419 OK 15 14 1.344795 1.3787510000000001 0.70430099999999995 0.64462200000000003 0.66965799999999998 0 0.70017299999999993 0.70909300000000008 0.70430099999999995 0.016303999999999999 0.016309000000000001 0.015613 0.51988399999999968 0.51944599999999963 0.52176300000000009 0.050185000000000007 0.053290999999999998 0.052288999999999995 0.0024829999999999995 0.0025709999999999999 0.0025049999999999998 154.07162828704537 154.07162828704537 154.07162828704537 0.012287832929570679 0.012287832929570679 0.012287832929570679 1 1 1 Converged Converged Converged OK OK OK 382 382 382 382 382 382 10 10 10 0 0 0 0 0 1 0 0
136 136 uniform 3 7 1368 1 0.0001 0.75698360939644715 0.00034141391214892756 0.0056556683649470899 0.007918256186697635 0.0020066717718782976 0.0074756386624843848 0 -0.0072172821334810242 137.05820756259993 OK 15 14 1.270027 1.522003 0.71250400000000003 0.57990799999999998 0.44028099999999998 0 0.69011900000000004 1.0817220000000001 0.71250400000000003 0.016515999999999999 0.018157 0.017413999999999999 0.54123699999999997 0.92425800000000002 0.55685799999999996 0.050171999999999994 0.053279999999999994 0.053427000000000002 0.0024529999999999999 0.0026789999999999995 0.0024950000000000003 137.05823340471335 137.05823340471335 137.05823340471335 0.012329836366597098 0.012329836366597098 0.012329836366597098 1 1 1 Converged Converged Converged OK OK OK 390 390 390 390 390 390 10 10 10 0 0 0 0 1 0 0 1
136 136 uniform 3 15 1368 2 0.0001 0.75698360939644715 0.00034141391214892756 0.0056556683649470899 0.007918256186697635 0.0020066717718782976 0.0082625142610857193 0 -0.0080041577320823596 122.06274016445245 OK 15 14 1.2621880000000001 1.4178569999999999 0.69298800000000005 0.57282100000000002 0.43839299999999998 0 0.68936700000000006 0.97946399999999989 0.69298800000000005 0.014836999999999999 0.014853 0.013693 0.54273399999999961 0.83011399999999957 0.55013499999999982 0.052214999999999998 0.051798999999999998 0.050438000000000004 0.0024689999999999998 0.0024780000000000002 0.0023509999999999998 122.0627015313619 122.0627015313619 122.0627015313619 0.0094361752166270494 0.0094361752166270494 0.0094361752166270494 1 1 1 Converged Converged Converged OK OK OK 390 390 390 390 390 390 10 10 10 0 0 0 0 1 0 0 1
136 136 uniform 3 23 1368 3 0.0001 0.75698360939644715 0.00034141391214892756 0.0056556683649470899 0.007918256186697635 0.0020066717718782976 0.0090493898596870521 0 -0.0087910333306836924 110.20610028394643 OK 15 14 1.2024539999999999 1.4008670000000001 0.73048900000000005 0.46213100000000001 0.32114799999999999 0 0.74032299999999984 1.0797190000000001 0.73048900000000005 0.016069 0.0167 0.015044 0.56791799999999981 0.90704900000000011 0.56670600000000049 0.058632000000000004 0.058160000000000003 0.053276999999999998 0.002872 0.0028890000000000001 0.0026779999999999998 110.20617081013901 110.20617081013901 110.20617081013901 0.0078761513279245934 0.0078761513279245934 0.0078761513279245934 1 1 1 Converged Converged Converged OK OK OK 438 438 438 438 438 438 10 10 10 0 0 0 0 1 0 0 1
136 136 uniform 4 0 1369 0 0.001 0.75698360939644715 0.00034141391214892756 0.0056556683649470899 0.55472920709884432 -0.041541256541388641 0.55359807342585488 0 -0.55333971689685146 2.2364020361698858 OK 13 12 0.38515199999999999 0.37787300000000001 0.066949999999999996 0.31767800000000002 0.30849500000000002 0 0.067473999999999978 0.069377999999999995 0.066949999999999996 0.0089359999999999995 0.0094599999999999997 0.0088369999999999994 0.042353999999999996 0.043622000000000008 0.042242000000000016 0.0021900000000000001 0.0022640000000000004 0.0021019999999999997 0.00054900000000000001 0.00059100000000000005 0.00055800000000000001 2.2364020180508999 2.2364020180508999 2.2364020180508999 0.0008296635895212143 0.0008296635895212143 0.0008296635895212143 1 1 1 Converged Converged Converged OK OK OK 45 45 45 45 45 45 3 3 3 0 0 0 0 0 1 0 0
136 136 uniform 4 7 1369 1 0.001 0.75698360939644715 0.00034141391214892756 0.0056556683649470899 0.55472920709884432 -0.041541256541388641 0.55428658957463106 0 -0.55402823304562765 2.2409333395819115 OK 13 12 0.38394099999999998 0.23699000000000001 0.066217999999999999 0.30940400000000001 0.147731 0 0.074536999999999964 0.089259000000000005 0.066217999999999999 0.0090740000000000005 0.0084390000000000003 0.0076839999999999999 0.050297000000000001 0.066551000000000013 0.045009999999999994 0.0023189999999999999 0.0022440000000000003 0.0021150000000000001 0.00056899999999999995 0.00059099999999999995 0.00054000000000000001 2.2409333211621894 2.2409333211621894 2.2409333211621894 0.00083429276837186357 0.00083429276837186357 0.00083429276837186357 1 1 1 Converged Converged Converged OK OK OK 45 45 45 45 45 45 3 3 3 0 0 0 0 1 0 0 1
136 136 uniform 4 15 1369 2 0.001 0.75698360939644715 0.00034141391214892756 0.0056556683649470899 0.55472920709884432 -0.041541256541388641 0.55507346517323242 0 -0.554815108644229 2.2474097845743803 OK 13 12 0.37245800000000001 0.23933199999999999 0.068623000000000003 0.300452 0.14730199999999999 0 0.072006000000000014 0.092030000000000001 0.068623000000000003 0.0083470000000000003 0.0085240000000000003 0.0076290000000000004 0.04915499999999999 0.069288000000000002 0.047585000000000009 0.0022060000000000001 0.002261 0.0021159999999999998 0.00057200000000000003 0.00057499999999999999 0.00054100000000000003 2.2474097656040257 2.2474097656040257 2.2474097656040257 0.00084050838212407024 0.00084050838212407024 0.00084050838212407024 1 1 1 Converged Converged Converged OK OK OK 45 45 45 45 45 45 3 3 3 0 0 0 0 1 0 0 1
136 136 uniform 4 23 1369 3 0.001 0.75698360939644715 0.00034141391214892756 0.0056556683649470899 0.55472920709884432 -0.041541256541388641 0.55586034077183377 0 -0.55560198424283036 2.2558806535160651 OK 13 12 0.37120500000000001 0.24534 0.068507999999999999 0.29943900000000001 0.15362899999999999 0 0.071765999999999996 0.091711000000000015 0.068507999999999999 0.0083339999999999994 0.0094039999999999992 0.0076639999999999998 0.048868000000000009 0.068424999999999986 0.04740299999999998 0.0022669999999999999 0.0022590000000000002 0.0021519999999999998 0.00057699999999999993 0.00055600000000000007 0.00054600000000000004 2.2558806334464214 2.2558806334464214 2.2558806334464214 0.0008481413115969201 0.0008481413115969201 0.0008481413115969201 1 1 1 Converged Converged Converged OK OK OK 45 45 45 45 45 45 3 3 3 0 0 0 0 1 0 0 1
136 136 uniform 4 0 1369 0 0.0001 0.75698360939644715 0.00034141391214892756 0.0056556683649470899 0.55472920709884432 -0.041541256541388641 0.55359807342585488 0 -0.55333971689685146 2.2364020361698858 OK 13 12 0.40280899999999997 0.40417799999999998 0.10374 0.29854399999999998 0.29990099999999997 0 0.104265 0.10427700000000001 0.10374 0.0089610000000000002 0.0089519999999999999 0.0086580000000000008 0.067727999999999997 0.067820000000000005 0.067829000000000028 0.0038740000000000003 0.0038469999999999997 0.0038360000000000004 0.00080999999999999985 0.00078399999999999997 0.00077200000000000001 2.2364020177533415 2.2364020177533415 2.2364020177533415 2.1053496022715743e-05 2.1053496022715743e-05 2.1053496022715743e-05 1 1 1 Converged Converged Converged OK OK OK 77 77 77 77 77 77 3 3 3 0 0 0 0 0 1 0 0
136 136 uniform 4 7 1369 1 0.0001 0.75698360939644715 0.00034141391214892756 0.0056556683649470899 0.55472920709884432 -0.041541256541388641 0.55428658957463106 0 -0.55402823304562765 2.2409333395819115 OK 13 12 0.40162100000000001 0.28356500000000001 0.102413 0.29774299999999998 0.13953599999999999 0 0.10387800000000003 0.14402900000000002 0.102413 0.0083040000000000006 0.0082649999999999998 0.0076880000000000004 0.071847000000000022 0.11203100000000001 0.071696999999999997 0.003908 0.003882 0.0038140000000000001 0.00078699999999999994 0.00077899999999999996 0.00076300000000000001 2.2409333208369167 2.2409333208369167 2.2409333208369167 2.4214724355033551e-05 2.4214724355033551e-05 2.4214724355033551e-05 1 1 1 Converged Converged Converged OK OK OK 77 77 77 77 77 77 3 3 3 0 0 0 0 1 0 0 1
136 136 uniform 4 15 1369 2 0.0001 0.75698360939644715 0.00034141391214892756 0.0056556683649470899 0.55472920709884432 -0.041541256541388641 0.55507346517323242 0 -0.554815108644229 2.2474097845743803 OK 13 12 0.40459200000000001 0.29223300000000002 0.104949 0.29834500000000003 0.139322 0 0.10624699999999998 0.15291100000000002 0.104949 0.0081060000000000004 0.0083020000000000004 0.0076880000000000004 0.074364 0.11989500000000002 0.074167000000000011 0.003885 0.0043200000000000001 0.0038069999999999996 0.00078599999999999991 0.00084499999999999994 0.00075999999999999993 2.2474097652484133 2.2474097652484133 2.2474097652484133 2.8841112947766588e-05 2.8841112947766588e-05 2.8841112947766588e-05 1 1 1 Converged Converged Converged OK OK OK 77 77 77 77 77 77 3 3 3 0 0 0 0 1 0 0 1
136 136 uniform 4 23 1369 3 0.0001 0.75698360939644715 0.00034141391214892756 0.0056556683649470899 0.55472920709884432 -0.041541256541388641 0.55586034077183377 0 -0.55560198424283036 2.2558806535160651 OK 13 12 0.40400599999999998 0.28817599999999999 0.105841 0.29691499999999998 0.14101 0 0.10709099999999999 0.14716599999999999 0.105841 0.0081560000000000001 0.0084419999999999999 0.0076689999999999996 0.075457000000000024 0.11504499999999998 0.07506800000000001 0.0038850000000000004 0.0039329999999999999 0.0037820000000000006 0.00078700000000000005 0.00078899999999999999 0.00076599999999999997 2.2558806330622216 2.2558806330622216 2.2558806330622216 3.4991145201837585e-05 3.4991145201837585e-05 3.4991145201837585e-05 1 1 1 Converged Converged Converged OK OK OK 77 77 77 77 77 77 3 3 3 0 0 0 0 1 0 0 1
137 137 linear 0 0 1370 0 0.001 1.4532267280196964 0.20677155026604055 0.064715006658026472 0.171595275615571 -0.018655718671086095 0.15865227428396572 0.5 0.090347582710039703 19.167773910501634 OK 16 15 0.54556899999999997 0.53829400000000005 0.24596100000000001 0.290661 0.29210399999999997 0 0.25490799999999997 0.24619000000000008 0.24596100000000001 0.014196 0.014116999999999999 0.013814999999999999 0.19644399999999995 0.19163900000000006 0.19135500000000003 0.0048269999999999997 0.0050380000000000008 0.0051550000000000007 0.0012849999999999997 0.0012869999999999999 0.0013839999999999998 19.167847306150275 19.167847306150275 19.167847306150275 0.011511044430322389 0.011511044430322389 0.011511044430322389 1 1 1 Converged Converged Converged OK OK OK 117 117 117 117 117 117 11 11 11 0 0 0 0 0 1 0 0
137 137 linear 0 7 1370 1 0.001 1.4532267280196964 0.20677155026604055 0.064715006658026472 0.171595275615571 -0.018655718671086095 0.16653062292059501 0.5 0.082469234073410419 19.217059984145749 OK 16 15 0.51451199999999997 0.441305 0.230241 0.27735300000000002 0.19661100000000001 0 0.23715899999999995 0.24469399999999999 0.230241 0.013016 0.012602 0.012371999999999999 0.20015299999999991 0.21014300000000002 0.19502600000000009 0.0046420000000000003 0.0039839999999999997 0.0045130000000000005 0.0012409999999999999 0.0011169999999999999 0.001212 19.217071323019944 19.217071323019944 19.217071323019944 0.016832341428622524 0.016832341428622524 0.016832341428622524 1 1 1 Converged Converged Converged OK OK OK 109 109 109 109 109 109 11 11 11 0 0 0 0 1 0 0 1
137 137 linear 0 15 1370 2 0.001 1.4532267280196964 0.20677155026604055 0.064715006658026472 0.171595275615571 -0.018655718671086095 0.17553444993388564 0.5 0.073465407060119781 18.998994822248285 OK 16 15 0.49204500000000001 0.40446199999999999 0.220216 0.26947500000000002 0.174319 0 0.22256999999999999 0.23014299999999999 0.220216 0.01268 0.012501999999999999 0.012257000000000001 0.18620199999999998 0.19544300000000006 0.18523500000000009 0.0045059999999999996 0.0039090000000000001 0.0041489999999999999 0.0011580000000000002 0.0010480000000000001 0.001116 18.998947259414312 18.998947259414312 18.998947259414312 0.014527278133237105 0.014527278133237105 0.014527278133237105 1 1 1 Converged Converged Converged OK OK OK 102 102 102 102 102 102 10 10 10 0 0 0 0 1 0 0 1
137 137 linear 0 23 1370 3 0.001 1.4532267280196964 0.20677155026604055 0.064715006658026472 0.171595275615571 -0.018655718671086095 0.18453827694717628 0.5 0.064461580046829142 18.5126871920165 OK 15 14 0.49513699999999999 0.43142999999999998 0.218863 0.272872 0.19070899999999999 0 0.22226499999999999 0.24072099999999999 0.218863 0.01285 0.013101 0.012479000000000001 0.18719800000000003 0.203481 0.18433899999999995 0.0038850000000000004 0.0047220000000000005 0.0040309999999999999 0.0010329999999999998 0.0012030000000000001 0.0010740000000000001 18.512863193450798 18.512863193450798 18.512863193450798 0.012858032706181908 0.012858032706181908 0.012858032706181908 1 1 1 Converged Converged Converged OK OK OK 102 102 102 102 102 102 10 10 10 0 0 0 0 1 0 0 1
137 137 linear 0 0 1370 0 0.0001 1.4532267280196964 0.20677155026604055 0.064715006658026472 0.171595275615571 -0.018655718671086095 0.15865227428396572 0.5 0.090347582710039703 19.167773910501634 OK 16 15 0.62135600000000002 0.60581499999999999 0.315527 0.29910199999999998 0.29191600000000001 0 0.32225400000000004 0.31389899999999998 0.315527 0.013738 0.013882 0.013953 0.25386999999999998 0.24543399999999999 0.24625100000000008 0.0063529999999999993 0.0066090000000000003 0.0071040000000000001 0.0017669999999999999 0.0018879999999999999 0.001967 19.167853302673613 19.167853302673613 19.167853302673613 0.0014370690988730508 0.0014370690988730508 0.0014370690988730508 1 1 1 Converged Converged Converged OK OK OK 149 149 149 149 149 149 11 11 11 0 0 0 0 0 1 0 0
137 137 linear 0 7 1370 1 0.0001 1.4532267280196964 0.20677155026604055 0.064715006658026472 0.171595275615571 -0.018655718671086095 0.16653062292059501 0.5 0.082469234073410419 19.217059984145749 OK 16 15 0.55387600000000003 0.49962800000000002 0.26844499999999999 0.27841199999999999 0.196079 0 0.27546400000000004 0.30354900000000001 0.26844499999999999 0.012742 0.012899000000000001 0.011974 0.23200499999999991 0.25849700000000003 0.22556699999999993 0.0056870000000000002 0.0070910000000000009 0.0063449999999999991 0.001722 0.0018739999999999998 0.0017370000000000003 19.217086581861864 19.217086581861864 19.217086581861864 0.0015008366188604637 0.0015008366188604637 0.0015008366188604637 1 1 1 Converged Converged Converged OK OK OK 141 141 141 141 141 141 11 11 11 0 0 0 0 1 0 0 1
137 137 linear 0 15 1370 2 0.0001 1.4532267280196964 0.20677155026604055 0.064715006658026472 0.171595275615571 -0.018655718671086095 0.17553444993388564 0.5 0.073465407060119781 18.998994822248285 OK 16 15 0.54864900000000005 0.48241899999999999 0.27099099999999998 0.26955400000000002 0.17663999999999999 0 0.27909500000000004 0.30577900000000002 0.27099099999999998 0.012718999999999999 0.012678999999999999 0.011696 0.23316199999999995 0.25819799999999993 0.22704599999999994 0.0063589999999999992 0.0071919999999999996 0.0063410000000000003 0.0016790000000000002 0.001751 0.0016540000000000001 18.998958766917916 18.998958766917916 18.998958766917916 0.0018148945881026122 0.0018148945881026122 0.0018148945881026122 1 1 1 Converged Converged Converged OK OK OK 134 134 134 134 134 134 10 10 10 0 0 0 0 1 0 0 1
137 137 linear 0 23 1370 3 0.0001 1.4532267280196964 0.20677155026604055 0.064715006658026472 0.171595275615571 -0.018655718671086095 0.18453827694717628 0.5 0.064461580046829142 18.5126871920165 OK 15 14 0.55774199999999996 0.492701 0.27576800000000001 0.27304099999999998 0.18607299999999999 0 0.28470099999999998 0.30662800000000001 0.27576800000000001 0.012973999999999999 0.013287999999999999 0.012233000000000001 0.2377229999999998 0.25882499999999992 0.23066 0.0064119999999999993 0.0066300000000000005 0.0063279999999999994 0.001637 0.0017149999999999999 0.0015419999999999998 18.512871855184063 18.512871855184063 18.512871855184063 0.0012720186971462634 0.0012720186971462634 0.0012720186971462634 1 1 1 Converged Converged Converged OK OK OK 142 142 142 142 142 142 10 10 10 0 0 0 0 1 0 0 1
137 137 linear 1 0 1371 0 0.001 1.4532267280196964 0.20677155026604055 0.064715006658026472 -0.69708507715956991 -0.24325858293406771 -0.71002807849117522 0.5 0.95902793548518062 2.8516672123567206 OK 14 13 0.43526700000000002 0.43047200000000002 0.173314 0.26143499999999997 0.259357 0 0.17383200000000004 0.17111500000000002 0.173314 0.012130999999999999 0.012293 0.011709000000000001 0.12998799999999999 0.12710500000000005 0.12971999999999997 0.004483 0.0044279999999999996 0.0044920000000000003 0.00095299999999999996 0.0009279999999999999 0.00093899999999999995 2.85169376065631 2.85169376065631 2.85169376065631 0.0024021196647695448 0.0024021196647695448 0.0024021196647695448 1 1 1 Converged Converged Converged OK OK OK 89 89 89 89 89 89 7 7 7 0 0 0 0 0 1 0 0
137 137 linear 1 7 1371 1 0.001 1.4532267280196964 0.20677155026604055 0.064715006658026472 -0.69708507715956991 -0.24325858293406771 -0.70214972985454593 0.5 0.95114958684855133 3.1706855827410063 OK 14 13 0.480854 0.41921199999999997 0.18549599999999999 0.28734399999999999 0.20558000000000001 0 0.19351000000000002 0.21363199999999996 0.18549599999999999 0.011531 0.011705 0.010852000000000001 0.15366700000000003 0.17339299999999988 0.14642299999999997 0.004738 0.0047739999999999996 0.0050400000000000002 0.0010709999999999999 0.001085 0.0011040000000000002 3.1707033371077973 3.1707033371077973 3.1707033371077973 0.0018485924506938054 0.0018485924506938054 0.0018485924506938054 1 1 1 Converged Converged Converged OK OK OK 97 97 97 97 97 97 7 7 7 0 0 0 0 1 0 0 1
137 137 linear 1 15 1371 2 0.001 1.4532267280196964 0.20677155026604055 0.064715006658026472 -0.69708507715956991 -0.24325858293406771 -0.69314590284125521 0.5 0.94214575983526061 3.476656994693446 OK 14 13 0.46259499999999998 0.370724 0.18520500000000001 0.27219599999999999 0.168324 0 0.19039899999999998 0.2024 0.18520500000000001 0.011469 0.01162 0.010755000000000001 0.15214300000000006 0.16245499999999993 0.14825600000000005 0.0045909999999999996 0.005496 0.0046689999999999995 0.0010499999999999999 0.0010730000000000002 0.0010500000000000002 3.4766807705286578 3.4766807705286578 3.4766807705286578 0.0026857150226922972 0.0026857150226922972 0.0026857150226922972 1 1 1 Converged Converged Converged OK OK OK 97 97 97 97 97 97 7 7 7 0 0 0 0 1 0 0 1
137 137 linear 1 23 1371 3 0.001 1.4532267280196964 0.20677155026604055 0.064715006658026472 -0.69708507715956991 -0.24325858293406771 -0.6841420758279646 0.5 0.93314193282197 3.7257850418554721 OK 14 13 0.50103500000000001 0.40749600000000002 0.18266399999999999 0.31065799999999999 0.209287 0 0.19037700000000002 0.19820900000000002 0.18266399999999999 0.011391 0.011384 0.011691 0.15465900000000005 0.16150400000000001 0.14727799999999996 0.0042170000000000003 0.0047580000000000001 0.004071 0.0010340000000000002 0.001075 0.0009990000000000001 3.7257996144177841 3.7257996144177841 3.7257996144177841 0.0029695710300646971 0.0029695710300646971 0.0029695710300646971 1 1 1 Converged Converged Converged OK OK OK 89 89 89 89 89 89 7 7 7 0 0 0 0 1 0 0 1
137 137 linear 1 0 1371 0 0.0001 1.4532267280196964 0.20677155026604055 0.064715006658026472 -0.69708507715956991 -0.24325858293406771 -0.71002807849117522 0.5 0.95902793548518062 2.8516672123567206 OK 14 13 0.51785300000000001 0.51281900000000002 0.249666 0.26430100000000001 0.26328400000000002 0 0.253552 0.24953500000000001 0.249666 0.012111 0.012067 0.011841000000000001 0.18890599999999999 0.18535300000000002 0.18549400000000008 0.0073519999999999992 0.0072430000000000003 0.0075669999999999999 0.001552 0.0015189999999999997 0.0015259999999999998 2.8516849217977365 2.8516849217977365 2.8516849217977365 0.0002663221220349744 0.0002663221220349744 0.0002663221220349744 1 1 1 Converged Converged Converged OK OK OK 137 137 137 137 137 137 7 7 7 0 0 0 0 0 1 0 0
137 137 linear 1 7 1371 1 0.0001 1.4532267280196964 0.20677155026604055 0.064715006658026472 -0.69708507715956991 -0.24325858293406771 -0.70214972985454593 0.5 0.95114958684855133 3.1706855827410063 OK 14 13 0.56437000000000004 0.51711099999999999 0.26353799999999999 0.29524 0.214314 0 0.26913000000000004 0.30279699999999998 0.26353799999999999 0.011454000000000001 0.011627999999999999 0.010831 0.21384499999999995 0.24693800000000019 0.20951000000000006 0.0075789999999999989 0.0081180000000000002 0.0077209999999999996 0.001616 0.0017079999999999999 0.0016899999999999999 3.1707029957718427 3.1707029957718427 3.1707029957718427 0.00018179257126955457 0.00018179257126955457 0.00018179257126955457 1 1 1 Converged Converged Converged OK OK OK 145 145 145 145 145 145 7 7 7 0 0 0 0 1 0 0 1
137 137 linear 1 15 1371 2 0.0001 1.4532267280196964 0.20677155026604055 0.064715006658026472 -0.69708507715956991 -0.24325858293406771 -0.69314590284125521 0.5 0.94214575983526061 3.476656994693446 OK 14 13 0.54466099999999995 0.45783499999999999 0.26353599999999999 0.27602599999999999 0.17147899999999999 0 0.26863499999999996 0.286356 0.26353599999999999 0.011704000000000001 0.011549 0.010795000000000001 0.21444399999999988 0.23254099999999994 0.20846299999999987 0.0081689999999999992 0.0080250000000000009 0.0076669999999999993 0.0016480000000000002 0.0016710000000000002 0.0016609999999999999 3.4766808778655061 3.4766808778655061 3.4766808778655061 0.0001141051153291852 0.0001141051153291852 0.0001141051153291852 1 1 1 Converged Converged Converged OK OK OK 145 145 145 145 145 145 7 7 7 0 0 0 0 1 0 0 1
137 137 linear 1 23 1371 3 0.0001 1.4532267280196964 0.20677155026604055 0.064715006658026472 -0.69708507715956991 -0.24325858293406771 -0.6841420758279646 0.5 0.93314193282197 3.7257850418554721 OK 14 13 0.55508000000000002 0.47926800000000003 0.23198099999999999 0.31852999999999998 0.20873700000000001 0 0.23655000000000004 0.27053100000000002 0.23198099999999999 0.011200999999999999 0.011390000000000001 0.010396000000000001 0.18881999999999988 0.22215499999999996 0.18624699999999994 0.0066820000000000013 0.0072599999999999991 0.0064530000000000004 0.001536 0.0015210000000000002 0.0014629999999999999 3.7257995194545162 3.7257995194545162 3.7257995194545162 0.00016345799645857412 0.00016345799645857412 0.00016345799645857412 1 1 1 Converged Converged Converged OK OK OK 129 129 129 129 129 129 7 7 7 0 0 0 0 1 0 0 1
137 137 linear 2 0 1372 0 0.001 1.4532267280196964 0.20677155026604055 0.064715006658026472 0.045712771886030366 0.064364127269954594 0.032769770554425072 0.5 0.21623008643958036 7.568612383193928 OK 16 15 0.536381 0.52996500000000002 0.255637 0.26805699999999999 0.26964100000000002 0 0.26832400000000001 0.260324 0.255637 0.013883 0.013668 0.013280999999999999 0.19747799999999996 0.19419599999999995 0.19001600000000013 0.0075829999999999986 0.0070370000000000007 0.0074120000000000011 0.0019169999999999997 0.0019130000000000002 0.0018610000000000002 7.5686077128764726 7.5686077128764726 7.5686077128764726 0.0062016099809907421 0.0062016099809907421 0.0062016099809907421 1 1 1 Converged Converged Converged OK OK OK 150 150 150 150 150 150 10 10 10 0 0 0 0 0 1 0 0
137 137 linear 2 7 1372 1 0.001 1.4532267280196964 0.20677155026604055 0.064715006658026472 0.045712771886030366 0.064364127269954594 0.040648119191054384 0.5 0.20835173780295105 7.806745005537727 OK 16 15 0.52037800000000001 0.463918 0.242115 0.274779 0.18711800000000001 0 0.24559900000000001 0.27679999999999999 0.242115 0.012066 0.012375000000000001 0.011363 0.19836999999999982 0.2267040000000001 0.19226600000000013 0.0063749999999999987 0.007868 0.0099509999999999998 0.0016640000000000001 0.001879 0.0017439999999999999 7.8067656422572025 7.8067656422572025 7.8067656422572025 0.0075126046299190587 0.0075126046299190587 0.0075126046299190587 1 1 1 Converged Converged Converged OK OK OK 157 157 157 157 157 157 11 11 11 0 0 0 0 1 0 0 1
137 137 linear 2 15 1372 2 0.001 1.4532267280196964 0.20677155026604055 0.064715006658026472 0.045712771886030366 0.064364127269954594 0.049651946204345022 0.5 0.19934791078966041 8.1075360460756514 OK 16 15 0.51519899999999996 0.44712600000000002 0.237396 0.26285500000000001 0.180842 0 0.25234399999999996 0.26628400000000002 0.237396 0.012588 0.012487 0.011521 0.20203699999999999 0.21934799999999988 0.19395000000000012 0.0068969999999999986 0.0073449999999999991 0.0064120000000000002 0.0016950000000000001 0.0017340000000000001 0.0016229999999999997 8.1075426953145175 8.1075426953145175 8.1075426953145175 0.0056254068539300867 0.0056254068539300867 0.0056254068539300867 1 1 1 Converged Converged Converged OK OK OK 157 157 157 157 157 157 11 11 11 0 0 0 0 1 0 0 1
137 137 linear 2 23 1372 3 0.001 1.4532267280196964 0.20677155026604055 0.064715006658026472 0.045712771886030366 0.064364127269954594 0.058655773217635661 0.5 0.19034408377636977 8.4456690333898372 OK 16 15 0.51153599999999999 0.44141200000000003 0.23430699999999999 0.26663500000000001 0.176983 0 0.24490099999999998 0.26442900000000003 0.23430699999999999 0.011891000000000001 0.011851 0.01085 0.19966700000000001 0.21886999999999998 0.19169600000000012 0.0065979999999999997 0.007123 0.0061879999999999999 0.0018000000000000002 0.0018109999999999999 0.00165 8.44566593705337 8.44566593705337 8.44566593705337 0.0056224263519852611 0.0056224263519852611 0.0056224263519852611 1 1 1 Converged Converged Converged OK OK OK 157 157 157 157 157 157 11 11 11 0 0 0 0 1 0 0 1
137 137 linear 2 0 1372 0 0.0001 1.4532267280196964 0.20677155026604055 0.064715006658026472 0.045712771886030366 0.064364127269954594 0.032769770554425072 0.5 0.21623008643958036 7.568612383193928 OK 16 15 0.60148199999999996 0.592692 0.31919599999999998 0.270899 0.26854 0 0.33058299999999996 0.324152 0.31919599999999998 0.013592 0.016997000000000002 0.013181999999999999 0.2460469999999999 0.23478199999999991 0.23489899999999997 0.0090829999999999991 0.010153999999999998 0.0099099999999999987 0.0023919999999999996 0.0024209999999999995 0.002349 7.5686157296621666 7.5686157296621666 7.5686157296621666 0.00056016714889590502 0.00056016714889590502 0.00056016714889590502 1 1 1 Converged Converged Converged OK OK OK 190 190 190 190 190 190 10 10 10 0 0 0 0 0 1 0 0
137 137 linear 2 7 1372 1 0.0001 1.4532267280196964 0.20677155026604055 0.064715006658026472 0.045712771886030366 0.064364127269954594 0.040648119191054384 0.5 0.20835173780295105 7.806745005537727 OK 16 15 0.58462400000000003 0.53367399999999998 0.29192000000000001 0.27849600000000002 0.18759000000000001 0 0.30612800000000001 0.34608399999999995 0.29192000000000001 0.012316000000000001 0.012156999999999999 0.011386 0.24489199999999989 0.2860919999999999 0.23465299999999978 0.010071 0.0099080000000000001 0.0088160000000000009 0.0023460000000000004 0.0023510000000000007 0.0021810000000000002 7.8067501925576757 7.8067501925576757 7.8067501925576757 0.00060213837016148621 0.00060213837016148621 0.00060213837016148621 1 1 1 Converged Converged Converged OK OK OK 197 197 197 197 197 197 11 11 11 0 0 0 0 1 0 0 1
137 137 linear 2 15 1372 2 0.0001 1.4532267280196964 0.20677155026604055 0.064715006658026472 0.045712771886030366 0.064364127269954594 0.049651946204345022 0.5 0.19934791078966041 8.1075360460756514 OK 16 15 0.54621799999999998 0.49732900000000002 0.27518599999999999 0.26218200000000003 0.18482799999999999 0 0.28403599999999996 0.31250100000000003 0.27518599999999999 0.012163999999999999 0.012596 0.011471 0.23198700000000008 0.25848300000000007 0.22455599999999984 0.0076870000000000011 0.0085970000000000005 0.0080709999999999983 0.0019369999999999999 0.0020939999999999999 0.0019680000000000001 8.1075451663180349 8.1075451663180349 8.1075451663180349 0.00078560050587447308 0.00078560050587447308 0.00078560050587447308 1 1 1 Converged Converged Converged OK OK OK 181 181 181 181 181 181 11 11 11 0 0 0 0 1 0 0 1
137 137 linear 2 23 1372 3 0.0001 1.4532267280196964 0.20677155026604055 0.064715006658026472 0.045712771886030366 0.064364127269954594 0.058655773217635661 0.5 0.19034408377636977 8.4456690333898372 OK 16 15 0.55948699999999996 0.518455 0.28414299999999998 0.26760400000000001 0.17561599999999999 0 0.29188299999999995 0.342839 0.28414299999999998 0.011627999999999999 0.011787000000000001 0.010928 0.23834900000000001 0.287686 0.2324729999999999 0.0085370000000000012 0.0094630000000000009 0.0081609999999999999 0.0022230000000000001 0.0023270000000000001 0.0021609999999999997 8.4456680823389263 8.4456680823389263 8.4456680823389263 0.00060750547125697414 0.00060750547125697414 0.00060750547125697414 1 1 1 Converged Converged Converged OK OK OK 189 189 189 189 189 189 11 11 11 0 0 0 0 1 0 0 1
137 137 linear 3 0 1373 0 0.001 1.4532267280196964 0.20677155026604055 0.064715006658026472 -0.6224592261993166 0.12203612386549122 -0.6354022275309219 0.5 0.8844020845249273 3.9398028156455562 OK 15 14 0.48274699999999998 0.47741499999999998 0.19568099999999999 0.286526 0.28575400000000001 0 0.19622099999999998 0.19166099999999997 0.19568099999999999 0.015134999999999999 0.014533000000000001 0.01414 0.13707000000000003 0.13333499999999998 0.13767800000000005 0.0060700000000000007 0.0060569999999999999 0.0060560000000000006 0.0013990000000000001 0.0014419999999999999 0.0013729999999999999 3.939798132195655 3.939798132195655 3.939798132195655 0.0025883928654196206 0.0025883928654196206 0.0025883928654196206 1 1 1 Converged Converged Converged OK OK OK 113 113 113 113 113 113 7 7 7 0 0 0 0 0 1 0 0
137 137 linear 3 7 1373 1 0.001 1.4532267280196964 0.20677155026604055 0.064715006658026472 -0.6224592261993166 0.12203612386549122 -0.62752387889429262 0.5 0.87652373588829802 3.7998420615394246 OK 15 14 0.47837000000000002 0.37665599999999999 0.17176900000000001 0.30102400000000001 0.18123300000000001 0 0.177346 0.19542299999999999 0.17176900000000001 0.014304000000000001 0.014147 0.013367 0.12957700000000003 0.147952 0.12507400000000002 0.0059160000000000003 0.006143 0.0063300000000000006 0.0013979999999999999 0.0013630000000000001 0.0014650000000000002 3.7998408416668412 3.7998408416668412 3.7998408416668412 0.0028755346196674041 0.0028755346196674041 0.0028755346196674041 1 1 1 Converged Converged Converged OK OK OK 113 113 113 113 113 113 7 7 7 0 0 0 0 1 0 0 1
137 137 linear 3 15 1373 2 0.001 1.4532267280196964 0.20677155026604055 0.064715006658026472 -0.6224592261993166 0.12203612386549122 -0.6185200518810019 0.5 0.8675199088750073 3.7005901712656173 OK 15 14 0.48304599999999998 0.39287 0.163494 0.313222 0.207562 0 0.16982399999999997 0.185308 0.163494 0.014354 0.014186000000000001 0.013251000000000001 0.126888 0.1423799999999999 0.12219399999999998 0.0053179999999999998 0.005425000000000001 0.0052220000000000001 0.0011890000000000002 0.001315 0.0012639999999999999 3.7005875358705742 3.7005875358705742 3.7005875358705742 0.0034112103651728013 0.0034112103651728013 0.0034112103651728013 1 1 1 Converged Converged Converged OK OK OK 105 105 105 105 105 105 7 7 7 0 0 0 0 1 0 0 1
137 137 linear 3 23 1373 3 0.001 1.4532267280196964 0.20677155026604055 0.064715006658026472 -0.6224592261993166 0.12203612386549122 -0.60951622486771129 0.5 0.85851608186171668 3.6375644194677079 OK 15 14 0.48797600000000002 0.40631200000000001 0.18598400000000001 0.30047499999999999 0.20572599999999999 0 0.18750100000000003 0.20058600000000001 0.18598400000000001 0.013948 0.014418 0.013226 0.14193100000000006 0.15328299999999995 0.14206999999999997 0.0059549999999999994 0.0068990000000000006 0.0058219999999999991 0.0012019999999999999 0.0012780000000000001 0.001163 3.6375616526982766 3.6375616526982766 3.6375616526982766 0.0025379147023486762 0.0025379147023486762 0.0025379147023486762 1 1 1 Converged Converged Converged OK OK OK 113 113 113 113 113 113 7 7 7 0 0 0 0 1 0 0 1
137 137 linear 3 0 1373 0 0.0001 1.4532267280196964 0.20677155026604055 0.064715006658026472 -0.6224592261993166 0.12203612386549122 -0.6354022275309219 0.5 0.8844020845249273 3.9398028156455562 OK 15 14 0.56962999999999997 0.56860299999999997 0.278032 0.28568300000000002 0.28669699999999998 0 0.28394699999999995 0.28190599999999999 0.278032 0.014716 0.014952999999999999 0.014397999999999999 0.20277899999999993 0.19924999999999998 0.1959759999999999 0.0089499999999999996 0.0094459999999999995 0.0095990000000000016 0.0018799999999999997 0.0019550000000000001 0.0020020000000000003 3.9397984327986171 3.9397984327986171 3.9397984327986171 0.00021157772493477064 0.00021157772493477064 0.00021157772493477064 1 1 1 Converged Converged Converged OK OK OK 169 169 169 169 169 169 7 7 7 0 0 0 0 0 1 0 0
137 137 linear 3 7 1373 1 0.0001 1.4532267280196964 0.20677155026604055 0.064715006658026472 -0.6224592261993166 0.12203612386549122 -0.62752387889429262 0.5 0.87652373588829802 3.7998420615394246 OK 15 14 0.56496299999999999 0.47342099999999998 0.25251400000000002 0.30334299999999997 0.18121100000000001 0 0.26162000000000002 0.29220999999999997 0.25251400000000002 0.014251 0.014146000000000001 0.013323 0.19900500000000013 0.22858300000000006 0.19115600000000005 0.0091109999999999993 0.0096259999999999991 0.0095519999999999997 0.0018619999999999999 0.0019139999999999999 0.0018699999999999999 3.7998394353380633 3.7998394353380633 3.7998394353380633 6.3083552978856911e-05 6.3083552978856911e-05 6.3083552978856911e-05 1 1 1 Converged Converged Converged OK OK OK 169 169 169 169 169 169 7 7 7 0 0 0 0 1 0 0 1
137 137 linear 3 15 1373 2 0.0001 1.4532267280196964 0.20677155026604055 0.064715006658026472 -0.6224592261993166 0.12203612386549122 -0.6185200518810019 0.5 0.8675199088750073 3.7005901712656173 OK 15 14 0.56492500000000001 0.49489699999999998 0.243673 0.30999599999999999 0.20883299999999999 0 0.25492900000000002 0.28606399999999998 0.243673 0.014068000000000001 0.014312 0.013342 0.19523899999999991 0.22525500000000001 0.18501900000000002 0.0087269999999999986 0.0089690000000000013 0.0087610000000000014 0.0018509999999999998 0.0019130000000000004 0.0018969999999999998 3.7005876141868566 3.7005876141868566 3.7005876141868566 0.00027927939102928004 0.00027927939102928004 0.00027927939102928004 1 1 1 Converged Converged Converged OK OK OK 161 161 161 161 161 161 7 7 7 0 0 0 0 1 0 0 1
137 137 linear 3 23 1373 3 0.0001 1.4532267280196964 0.20677155026604055 0.064715006658026472 -0.6224592261993166 0.12203612386549122 -0.60951622486771129 0.5 0.85851608186171668 3.6375644194677079 OK 15 14 0.56376099999999996 0.489373 0.254743 0.30125600000000002 0.20858399999999999 0 0.26250499999999993 0.28078900000000001 0.254743 0.014087000000000001 0.014071999999999999 0.013195999999999999 0.20311299999999993 0.22051500000000002 0.19624199999999997 0.0084579999999999985 0.009112000000000002 0.008830000000000001 0.0018110000000000001 0.0019389999999999998 0.0018799999999999999 3.6375619111190112 3.6375619111190112 3.6375619111190112 0.00026034368041726204 0.00026034368041726204 0.00026034368041726204 1 1 1 Converged Converged Converged OK OK OK 161 161 161 161 161 161 7 7 7 0 0 0 0 1 0 0 1
137 137 linear 4 0 1374 0 0.001 1.4532267280196964 0.20677155026604055 0.064715006658026472 -0.78905804527326451 -0.21089671028181659 -0.80200104660486982 0.5 1.0510009035988752 1.5037733667416118 OK 13 12 0.33639000000000002 0.33173999999999998 0.087637000000000007 0.24571699999999999 0.24299499999999999 0 0.090673000000000031 0.088744999999999991 0.087637000000000007 0.0091249999999999994 0.0092650000000000007 0.008574 0.059778999999999992 0.058108999999999987 0.057832999999999996 0.0032059999999999996 0.0031909999999999998 0.0031099999999999999 0.00069400000000000006 0.00069400000000000006 0.00072199999999999999 1.5037724928990275 1.5037724928990275 1.5037724928990275 0.00056944602146897702 0.00056944602146897702 0.00056944602146897702 1 1 1 Converged Converged Converged OK OK OK 61 61 61 61 61 61 3 3 3 0 0 0 0 0 1 0 0
137 137 linear 4 7 1374 1 0.001 1.4532267280196964 0.20677155026604055 0.064715006658026472 -0.78905804527326451 -0.21089671028181659 -0.79412269796824053 0.5 1.043122554962246 1.5091007540802712 OK 13 12 0.32941199999999998 0.25600899999999999 0.083454 0.24263100000000001 0.14796599999999999 0 0.086780999999999969 0.108043 0.083454 0.0082939999999999993 0.0083420000000000005 0.0077850000000000003 0.059199999999999996 0.080741000000000007 0.057079000000000005 0.0034150000000000001 0.0033689999999999996 0.003251 0.00070899999999999999 0.00070500000000000001 0.00068800000000000003 1.5090998850620765 1.5090998850620765 1.5090998850620765 0.00058638638232588367 0.00058638638232588367 0.00058638638232588367 1 1 1 Converged Converged Converged OK OK OK 61 61 61 61 61 61 3 3 3 0 0 0 0 1 0 0 1
137 137 linear 4 15 1374 2 0.001 1.4532267280196964 0.20677155026604055 0.064715006658026472 -0.78905804527326451 -0.21089671028181659 -0.78511887095494981 0.5 1.0341187279489552 1.5164020114389254 OK 13 12 0.34151399999999998 0.25686599999999998 0.086705000000000004 0.252164 0.149862 0 0.089349999999999985 0.10700399999999999 0.086705000000000004 0.008201 0.0084910000000000003 0.0076360000000000004 0.062438000000000014 0.079319000000000001 0.060749999999999992 0.0031849999999999999 0.0033650000000000004 0.0031389999999999999 0.00070300000000000007 0.00071699999999999997 0.00068500000000000006 1.5164011208644872 1.5164011208644872 1.5164011208644872 0.00060681198360543317 0.00060681198360543317 0.00060681198360543317 1 1 1 Converged Converged Converged OK OK OK 61 61 61 61 61 61 3 3 3 0 0 0 0 1 0 0 1
137 137 linear 4 23 1374 3 0.001 1.4532267280196964 0.20677155026604055 0.064715006658026472 -0.78905804527326451 -0.21089671028181659 -0.7761150439416592 0.5 1.0251149009356646 1.5251774445243371 OK 13 12 0.334088 0.265988 0.083464999999999998 0.247638 0.15187400000000001 0 0.086449999999999999 0.11411399999999999 0.083464999999999998 0.00826 0.0083870000000000004 0.0076810000000000003 0.059231999999999993 0.08669700000000001 0.057543000000000011 0.00329 0.0033289999999999999 0.0031210000000000001 0.00069900000000000008 0.00072000000000000005 0.00067899999999999992 1.5251765591730329 1.5251765591730329 1.5251765591730329 0.00062851732467746101 0.00062851732467746101 0.00062851732467746101 1 1 1 Converged Converged Converged OK OK OK 61 61 61 61 61 61 3 3 3 0 0 0 0 1 0 0 1
137 137 linear 4 0 1374 0 0.0001 1.4532267280196964 0.20677155026604055 0.064715006658026472 -0.78905804527326451 -0.21089671028181659 -0.80200104660486982 0.5 1.0510009035988752 1.5037733667416118 OK 13 12 0.37527500000000003 0.379492 0.12940499999999999 0.24232899999999999 0.24884300000000001 0 0.13294600000000004 0.13064899999999999 0.12940499999999999 0.0091920000000000005 0.0091170000000000001 0.0085970000000000005 0.089819999999999955 0.087994999999999976 0.08753600000000003 0.0049270000000000008 0.0048399999999999997 0.0049789999999999999 0.00094799999999999995 0.00093500000000000007 0.00089000000000000017 1.5037724926482943 1.5037724926482943 1.5037724926482943 1.5650960894614179e-08 1.5650960894614179e-08 1.5650960894614179e-08 1 1 1 Converged Converged Converged OK OK OK 93 93 93 93 93 93 3 3 3 0 0 0 0 0 1 0 0
137 137 linear 4 7 1374 1 0.0001 1.4532267280196964 0.20677155026604055 0.064715006658026472 -0.78905804527326451 -0.21089671028181659 -0.79412269796824053 0.5 1.043122554962246 1.5091007540802712 OK 13 12 0.36964799999999998 0.30683300000000002 0.121619 0.24048600000000001 0.15023500000000001 0 0.12916199999999997 0.15659800000000001 0.121619 0.0085419999999999992 0.0083079999999999994 0.0077749999999999998 0.090907000000000002 0.11952299999999998 0.085521000000000014 0.0052449999999999997 0.0049839999999999997 0.0050340000000000003 0.00095600000000000014 0.00092999999999999995 0.00092499999999999993 1.509099884801917 1.509099884801917 1.509099884801917 1.5532669673360185e-08 1.5532669673360185e-08 1.5532669673360185e-08 1 1 1 Converged Converged Converged OK OK OK 93 93 93 93 93 93 3 3 3 0 0 0 0 1 0 0 1
137 137 linear 4 15 1374 2 0.0001 1.4532267280196964 0.20677155026604055 0.064715006658026472 -0.78905804527326451 -0.21089671028181659 -0.78511887095494981 0.5 1.0341187279489552 1.5164020114389254 OK 13 12 0.38637500000000002 0.305122 0.12579199999999999 0.257187 0.14860999999999999 0 0.12918800000000003 0.15651200000000001 0.12579199999999999 0.0081939999999999999 0.0083339999999999994 0.0077580000000000001 0.092113000000000042 0.11931499999999999 0.089887999999999968 0.0050049999999999999 0.0050660000000000002 0.0050010000000000002 0.00093199999999999999 0.00093300000000000002 0.00091 1.5164011206021013 1.5164011206021013 1.5164011206021013 1.5380888900497744e-08 1.5380888900497744e-08 1.5380888900497744e-08 1 1 1 Converged Converged Converged OK OK OK 93 93 93 93 93 93 3 3 3 0 0 0 0 1 0 0 1
137 137 linear 4 23 1374 3 0.0001 1.4532267280196964 0.20677155026604055 0.064715006658026472 -0.78905804527326451 -0.21089671028181659 -0.7761150439416592 0.5 1.0251149009356646 1.5251774445243371 OK 13 12 0.37077199999999999 0.311975 0.122574 0.24452599999999999 0.150057 0 0.126246 0.16191800000000001 0.122574 0.0081890000000000001 0.0082529999999999999 0.0077949999999999998 0.089362000000000039 0.12503700000000001 0.086882999999999988 0.004797 0.0051149999999999998 0.0047760000000000007 0.00089099999999999997 0.000901 0.00088899999999999992 1.5251765589220296 1.5251765589220296 1.5251765589220296 1.5218268964093129e-08 1.5218268964093129e-08 1.5218268964093129e-08 1 1 1 Converged Converged Converged OK OK OK 93 93 93 93 93 93 3 3 3 0 0 0 0 1 0 0 1
137 137 uniform 0 0 1375 0 0.001 1.4532267280196964 0.20677155026604055 0.064715006658026472 0.171595275615571 -0.018655718671086095 0.15865227428396572 0 0.090347582710039703 18.590222651003515 OK 16 15 0.48144900000000002 0.48844100000000001 0.19398099999999999 0.28720000000000001 0.29266700000000001 0 0.194249 0.195774 0.19398099999999999 0.013653999999999999 0.014024 0.013475000000000001 0.14135500000000004 0.14208999999999994 0.14138000000000006 0.004241 0.0044669999999999996 0.0042670000000000008 0.0012459999999999999 0.0013679999999999999 0.001289 18.59023852981661 18.59023852981661 18.59023852981661 0.0091315992996195 0.0091315992996195 0.0091315992996195 1 1 1 Converged Converged Converged OK OK OK 117 117 117 117 117 117 11 11 11 0 0 0 0 0 1 0 0
137 137 uniform 0 7 1375 1 0.001 1.4532267280196964 0.20677155026604055 0.064715006658026472 0.171595275615571 -0.018655718671086095 0.16653062292059501 0 0.082469234073410419 18.532779682247348 OK 16 15 0.45366899999999999 0.39040000000000002 0.17061000000000001 0.27739000000000003 0.19560900000000001 0 0.17627899999999996 0.19479100000000002 0.17061000000000001 0.012343 0.012761 0.012075000000000001 0.1413610000000001 0.15889100000000012 0.13634399999999994 0.0037249999999999996 0.0038659999999999996 0.0036350000000000002 0.0011479999999999999 0.001176 0.001163 18.532797283831961 18.532797283831961 18.532797283831961 0.0049678195795910714 0.0049678195795910714 0.0049678195795910714 1 1 1 Converged Converged Converged OK OK OK 109 109 109 109 109 109 11 11 11 0 0 0 0 1 0 0 1
137 137 uniform 0 15 1375 2 0.001 1.4532267280196964 0.20677155026604055 0.064715006658026472 0.171595275615571 -0.018655718671086095 0.17553444993388564 0 0.073465407060119781 18.260048964858125 OK 16 15 0.432759 0.36788100000000001 0.17105100000000001 0.265013 0.18265400000000001 0 0.16774600000000001 0.185227 0.17105100000000001 0.012459 0.012478 0.011690000000000001 0.13233700000000001 0.15011699999999997 0.13794199999999995 0.0040239999999999998 0.0039359999999999994 0.003558 0.0011410000000000001 0.0012409999999999999 0.0011180000000000001 18.260061661245334 18.260061661245334 18.260061661245334 0.018184765042091256 0.018184765042091256 0.018184765042091256 1 1 1 Converged Converged Converged OK OK OK 102 102 102 102 102 102 10 10 10 0 0 0 0 1 0 0 1
137 137 uniform 0 23 1375 3 0.001 1.4532267280196964 0.20677155026604055 0.064715006658026472 0.171595275615571 -0.018655718671086095 0.18453827694717628 0 0.064461580046829142 17.786466778138074 OK 15 14 0.44293500000000002 0.375689 0.16487399999999999 0.27050800000000003 0.18923200000000001 0 0.172427 0.18645699999999998 0.16487399999999999 0.013139 0.013396 0.012088 0.136739 0.15084300000000003 0.13181300000000007 0.0037800000000000004 0.0038119999999999994 0.003473 0.00117 0.0011349999999999999 0.0010240000000000002 17.786483247279232 17.786483247279232 17.786483247279232 0.016717364874501622 0.016717364874501622 0.016717364874501622 1 1 1 Converged Converged Converged OK OK OK 102 102 102 102 102 102 10 10 10 0 0 0 0 1 0 0 1
137 137 uniform 0 0 1375 0 0.0001 1.4532267280196964 0.20677155026604055 0.064715006658026472 0.171595275615571 -0.018655718671086095 0.15865227428396572 0 0.090347582710039703 18.590222651003515 OK 16 15 0.52662399999999998 0.53768300000000002 0.23378099999999999 0.28978799999999999 0.29386200000000001 0 0.23683599999999999 0.24382100000000001 0.23378099999999999 0.013728000000000001 0.013772 0.013728000000000001 0.16830599999999996 0.17606500000000005 0.16788399999999998 0.0057190000000000001 0.0061019999999999998 0.0062119999999999988 0.0018110000000000001 0.0018760000000000001 0.0018599999999999997 18.5902414781354 18.5902414781354 18.5902414781354 0.00099837431845228018 0.00099837431845228018 0.00099837431845228018 1 1 1 Converged Converged Converged OK OK OK 149 149 149 149 149 149 11 11 11 0 0 0 0 0 1 0 0
137 137 uniform 0 7 1375 1 0.0001 1.4532267280196964 0.20677155026604055 0.064715006658026472 0.171595275615571 -0.018655718671086095 0.16653062292059501 0 0.082469234073410419 18.532779682247348 OK 16 15 0.47354400000000002 0.42965399999999998 0.19730400000000001 0.27322099999999999 0.202433 0 0.20032300000000003 0.22722099999999998 0.19730400000000001 0.012707 0.013157 0.012031 0.15948400000000004 0.18565500000000004 0.157918 0.0049219999999999993 0.0052620000000000011 0.0048679999999999999 0.0015220000000000001 0.0015450000000000001 0.0014610000000000001 18.532799203737255 18.532799203737255 18.532799203737255 0.0016932655797971469 0.0016932655797971469 0.0016932655797971469 1 1 1 Converged Converged Converged OK OK OK 133 133 133 133 133 133 11 11 11 0 0 0 0 1 0 0 1
137 137 uniform 0 15 1375 2 0.0001 1.4532267280196964 0.20677155026604055 0.064715006658026472 0.171595275615571 -0.018655718671086095 0.17553444993388564 0 0.073465407060119781 18.260048964858125 OK 16 15 0.45332800000000001 0.38880999999999999 0.18556700000000001 0.26540599999999998 0.17974100000000001 0 0.18792200000000003 0.20906899999999998 0.18556700000000001 0.012675000000000001 0.012552000000000001 0.011712999999999999 0.14684900000000001 0.16730500000000001 0.14622000000000004 0.0049089999999999993 0.0056399999999999992 0.0048849999999999996 0.0014469999999999997 0.0015009999999999999 0.0014229999999999998 18.260069775146139 18.260069775146139 18.260069775146139 0.0016901563662029644 0.0016901563662029644 0.0016901563662029644 1 1 1 Converged Converged Converged OK OK OK 126 126 126 126 126 126 10 10 10 0 0 0 0 1 0 0 1
137 137 uniform 0 23 1375 3 0.0001 1.4532267280196964 0.20677155026604055 0.064715006658026472 0.171595275615571 -0.018655718671086095 0.18453827694717628 0 0.064461580046829142 17.786466778138074 OK 15 14 0.46379799999999999 0.39680500000000002 0.18615999999999999 0.27643800000000002 0.18575 0 0.18735999999999997 0.21105500000000002 0.18615999999999999 0.012631 0.013254 0.012319 0.14697499999999997 0.16949599999999998 0.14669499999999999 0.0048740000000000007 0.0052139999999999999 0.0049670000000000001 0.0013749999999999999 0.001451 0.0013860000000000001 17.786488416125138 17.786488416125138 17.786488416125138 0.0014720113735971726 0.0014720113735971726 0.0014720113735971726 1 1 1 Converged Converged Converged OK OK OK 126 126 126 126 126 126 10 10 10 0 0 0 0 1 0 0 1
137 137 uniform 1 0 1376 0 0.001 1.4532267280196964 0.20677155026604055 0.064715006658026472 -0.69708507715956991 -0.24325858293406771 -0.71002807849117522 0 0.95902793548518062 2.9569947447223313 OK 14 13 0.37530799999999997 0.37465300000000001 0.113481 0.25824000000000003 0.25992599999999999 0 0.11706799999999995 0.11472700000000002 0.113481 0.012068000000000001 0.012055 0.011743999999999999 0.076791999999999958 0.077503000000000016 0.076556999999999986 0.0032979999999999997 0.0033290000000000004 0.0033480000000000003 0.00076799999999999991 0.00082600000000000002 0.00078000000000000009 2.9570066190583972 2.9570066190583972 2.9570066190583972 0.0028460066392203961 0.0028460066392203961 0.0028460066392203961 1 1 1 Converged Converged Converged OK OK OK 73 73 73 73 73 73 7 7 7 0 0 0 0 0 1 0 0
137 137 uniform 1 7 1376 1 0.001 1.4532267280196964 0.20677155026604055 0.064715006658026472 -0.69708507715956991 -0.24325858293406771 -0.70214972985454593 0 0.95114958684855133 3.2275246095119656 OK 14 13 0.39798299999999998 0.33794800000000003 0.11221100000000001 0.28412700000000002 0.20794199999999999 0 0.11385599999999996 0.13000600000000004 0.11221100000000001 0.011372999999999999 0.011601999999999999 0.010775 0.079756999999999995 0.095222000000000015 0.07911600000000002 0.0035649999999999996 0.0037169999999999998 0.0035219999999999995 0.00084800000000000001 0.00090699999999999993 0.00085099999999999998 3.2275248721291137 3.2275248721291137 3.2275248721291137 0.0019129903642583854 0.0019129903642583854 0.0019129903642583854 1 1 1 Converged Converged Converged OK OK OK 81 81 81 81 81 81 7 7 7 0 0 0 0 1 0 0 1
137 137 uniform 1 15 1376 2 0.001 1.4532267280196964 0.20677155026604055 0.064715006658026472 -0.69708507715956991 -0.24325858293406771 -0.69314590284125521 0 0.94214575983526061 3.4745164557532817 OK 14 13 0.38716200000000001 0.28811999999999999 0.11140899999999999 0.27346799999999999 0.16536000000000001 0 0.11369400000000002 0.12275999999999998 0.11140899999999999 0.011450999999999999 0.011351999999999999 0.010761 0.080825999999999967 0.089999000000000023 0.079823000000000019 0.0036160000000000003 0.0036319999999999998 0.0034840000000000001 0.00088100000000000006 0.00090699999999999993 0.00084299999999999989 3.4745159607250247 3.4745159607250247 3.4745159607250247 0.0025394549716658095 0.0025394549716658095 0.0025394549716658095 1 1 1 Converged Converged Converged OK OK OK 81 81 81 81 81 81 7 7 7 0 0 0 0 1 0 0 1
137 137 uniform 1 23 1376 3 0.001 1.4532267280196964 0.20677155026604055 0.064715006658026472 -0.69708507715956991 -0.24325858293406771 -0.6841420758279646 0 0.93314193282197 3.6699849191623946 OK 14 13 0.43909399999999998 0.345582 0.122876 0.31327899999999997 0.20677799999999999 0 0.12581500000000001 0.13880400000000001 0.122876 0.011220000000000001 0.011202999999999999 0.01047 0.088610000000000008 0.10237600000000002 0.087895000000000029 0.0041789999999999996 0.0040309999999999999 0.0038210000000000002 0.0010150000000000001 0.001039 0.00097399999999999993 3.6699847652890325 3.6699847652890325 3.6699847652890325 0.00076746357391816735 0.00076746357391816735 0.00076746357391816735 1 1 1 Converged Converged Converged OK OK OK 89 89 89 89 89 89 7 7 7 0 0 0 0 1 0 0 1
137 137 uniform 1 0 1376 0 0.0001 1.4532267280196964 0.20677155026604055 0.064715006658026472 -0.69708507715956991 -0.24325858293406771 -0.71002807849117522 0 0.95902793548518062 2.9569947447223313 OK 14 13 0.45102300000000001 0.45468799999999998 0.18823400000000001 0.26336799999999999 0.261822 0 0.18765500000000002 0.19286599999999998 0.18823400000000001 0.011944 0.012331 0.011639 0.12750300000000003 0.13052799999999995 0.12729400000000007 0.0062680000000000001 0.0070179999999999991 0.0067479999999999997 0.0015199999999999997 0.001632 0.0015560000000000001 2.9569947944728741 2.9569947944728741 2.9569947944728741 8.7889896060656879e-05 8.7889896060656879e-05 8.7889896060656879e-05 1 1 1 Converged Converged Converged OK OK OK 129 129 129 129 129 129 7 7 7 0 0 0 0 0 1 0 0
137 137 uniform 1 7 1376 1 0.0001 1.4532267280196964 0.20677155026604055 0.064715006658026472 -0.69708507715956991 -0.24325858293406771 -0.70214972985454593 0 0.95114958684855133 3.2275246095119656 OK 14 13 0.459843 0.41007500000000002 0.171987 0.28525899999999998 0.20960100000000001 0 0.17458400000000002 0.20047400000000001 0.171987 0.011631000000000001 0.011620999999999999 0.010971 0.126586 0.15199700000000005 0.12567900000000001 0.006330999999999999 0.0068239999999999993 0.0061099999999999991 0.0015640000000000001 0.0014939999999999999 0.001487 3.227524516209892 3.227524516209892 3.227524516209892 9.4112654981123886e-05 9.4112654981123886e-05 9.4112654981123886e-05 1 1 1 Converged Converged Converged OK OK OK 129 129 129 129 129 129 7 7 7 0 0 0 0 1 0 0 1
137 137 uniform 1 15 1376 2 0.0001 1.4532267280196964 0.20677155026604055 0.064715006658026472 -0.69708507715956991 -0.24325858293406771 -0.69314590284125521 0 0.94214575983526061 3.4745164557532817 OK 14 13 0.43631599999999998 0.33608399999999999 0.155505 0.27376699999999998 0.166102 0 0.162549 0.16998199999999999 0.155505 0.011705 0.011511 0.010784999999999999 0.11661000000000003 0.12723099999999998 0.11430799999999998 0.0058089999999999999 0.0054710000000000002 0.0052330000000000007 0.0014630000000000001 0.001366 0.001382 3.4745161529130932 3.4745161529130932 3.4745161529130932 0.00031735902780149545 0.00031735902780149545 0.00031735902780149545 1 1 1 Converged Converged Converged OK OK OK 113 113 113 113 113 113 7 7 7 0 0 0 0 1 0 0 1
137 137 uniform 1 23 1376 3 0.0001 1.4532267280196964 0.20677155026604055 0.064715006658026472 -0.69708507715956991 -0.24325858293406771 -0.6841420758279646 0 0.93314193282197 3.6699849191623946 OK 14 13 0.46005099999999999 0.38449499999999998 0.14577200000000001 0.31084299999999998 0.20502600000000001 0 0.14920800000000001 0.17946899999999996 0.14577200000000001 0.011252 0.011446 0.010415000000000001 0.10644000000000002 0.13580800000000001 0.10543300000000003 0.0056110000000000005 0.0059730000000000009 0.0051539999999999997 0.0013810000000000001 0.0013960000000000001 0.0013040000000000003 3.6699847747494756 3.6699847747494756 3.6699847747494756 0.00016223730795045157 0.00016223730795045157 0.00016223730795045157 1 1 1 Converged Converged Converged OK OK OK 113 113 113 113 113 113 7 7 7 0 0 0 0 1 0 0 1
137 137 uniform 2 0 1377 0 0.001 1.4532267280196964 0.20677155026604055 0.064715006658026472 0.045712771886030366 0.064364127269954594 0.032769770554425072 0 0.21623008643958036 7.6031781573275543 OK 16 15 0.494452 0.49467899999999998 0.219772 0.26723200000000003 0.26607700000000001 0 0.22721999999999998 0.22860199999999997 0.219772 0.013465 0.013891000000000001 0.013070999999999999 0.1623979999999999 0.16354899999999994 0.15579000000000001 0.0059719999999999999 0.0063310000000000007 0.0059759999999999987 0.001774 0.0018439999999999997 0.0017599999999999998 7.60317645782514 7.60317645782514 7.60317645782514 0.004016683068035003 0.004016683068035003 0.004016683068035003 1 1 1 Converged Converged Converged OK OK OK 150 150 150 150 150 150 10 10 10 0 0 0 0 0 1 0 0
137 137 uniform 2 7 1377 1 0.001 1.4532267280196964 0.20677155026604055 0.064715006658026472 0.045712771886030366 0.064364127269954594 0.040648119191054384 0 0.20835173780295105 7.8514457848413581 OK 16 15 0.47982200000000003 0.42965199999999998 0.20264399999999999 0.27299200000000001 0.18912999999999999 0 0.20683000000000001 0.24052199999999999 0.20264399999999999 0.012246999999999999 0.012335 0.011365999999999999 0.15848799999999993 0.19234000000000009 0.15719100000000008 0.0061859999999999997 0.0065039999999999994 0.0058109999999999993 0.0017639999999999999 0.001743 0.001645 7.8514751134747911 7.8514751134747911 7.8514751134747911 0.0062843739723905112 0.0062843739723905112 0.0062843739723905112 1 1 1 Converged Converged Converged OK OK OK 157 157 157 157 157 157 11 11 11 0 0 0 0 1 0 0 1
137 137 uniform 2 15 1377 2 0.001 1.4532267280196964 0.20677155026604055 0.064715006658026472 0.045712771886030366 0.064364127269954594 0.049651946204345022 0 0.19934791078966041 8.1647874675193659 OK 16 15 0.46646300000000002 0.41458400000000001 0.20123099999999999 0.26274500000000001 0.187942 0 0.20371800000000001 0.22664200000000001 0.20123099999999999 0.012323000000000001 0.012342000000000001 0.011526 0.15930000000000005 0.18155400000000008 0.15874800000000011 0.0057109999999999991 0.0061980000000000004 0.0057390000000000002 0.0015840000000000003 0.0016460000000000001 0.0015579999999999999 8.1647872376361015 8.1647872376361015 8.1647872376361015 0.0035473357630395352 0.0035473357630395352 0.0035473357630395352 1 1 1 Converged Converged Converged OK OK OK 157 157 157 157 157 157 11 11 11 0 0 0 0 1 0 0 1
137 137 uniform 2 23 1377 3 0.001 1.4532267280196964 0.20677155026604055 0.064715006658026472 0.045712771886030366 0.064364127269954594 0.058655773217635661 0 0.19034408377636977 8.5163717324922672 OK 16 15 0.46893899999999999 0.40782000000000002 0.201711 0.26289600000000002 0.179312 0 0.20604299999999998 0.22850800000000002 0.201711 0.011575999999999999 0.011816999999999999 0.010942 0.16076499999999999 0.18435999999999997 0.15967100000000001 0.0058390000000000004 0.0062519999999999997 0.0057789999999999994 0.0016290000000000002 0.0016229999999999999 0.001562 8.5163711283305705 8.5163711283305705 8.5163711283305705 0.003425135808273833 0.003425135808273833 0.003425135808273833 1 1 1 Converged Converged Converged OK OK OK 157 157 157 157 157 157 11 11 11 0 0 0 0 1 0 0 1
137 137 uniform 2 0 1377 0 0.0001 1.4532267280196964 0.20677155026604055 0.064715006658026472 0.045712771886030366 0.064364127269954594 0.032769770554425072 0 0.21623008643958036 7.6031781573275543 OK 16 15 0.50216099999999997 0.49575799999999998 0.23066700000000001 0.27116099999999999 0.26649200000000001 0 0.23099999999999998 0.22926599999999997 0.23066700000000001 0.013889 0.013584000000000001 0.013207999999999999 0.16136499999999993 0.16113099999999991 0.16163999999999998 0.0062510000000000005 0.0061380000000000002 0.0068889999999999993 0.0020959999999999998 0.0018810000000000001 0.0019559999999999998 7.6031796153958551 7.6031796153958551 7.6031796153958551 0.00072825628570719503 0.00072825628570719503 0.00072825628570719503 1 1 1 Converged Converged Converged OK OK OK 158 158 158 158 158 158 10 10 10 0 0 0 0 0 1 0 0
137 137 uniform 2 7 1377 1 0.0001 1.4532267280196964 0.20677155026604055 0.064715006658026472 0.045712771886030366 0.064364127269954594 0.040648119191054384 0 0.20835173780295105 7.8514457848413581 OK 16 15 0.50306700000000004 0.44986500000000001 0.22780500000000001 0.27257599999999998 0.18965199999999999 0 0.23049100000000006 0.26021300000000003 0.22780500000000001 0.01218 0.011988 0.011365 0.17593699999999987 0.20591499999999985 0.17498 0.007043999999999999 0.0070320000000000001 0.0070039999999999989 0.0019840000000000001 0.0020200000000000001 0.001951 7.8514475049079016 7.8514475049079016 7.8514475049079016 0.00052153589911725477 0.00052153589911725477 0.00052153589911725477 1 1 1 Converged Converged Converged OK OK OK 181 181 181 181 181 181 11 11 11 0 0 0 0 1 0 0 1
137 137 uniform 2 15 1377 2 0.0001 1.4532267280196964 0.20677155026604055 0.064715006658026472 0.045712771886030366 0.064364127269954594 0.049651946204345022 0 0.19934791078966041 8.1647874675193659 OK 16 15 0.47601700000000002 0.41424499999999997 0.20863699999999999 0.26060899999999998 0.177483 0 0.21540800000000004 0.23676199999999997 0.20863699999999999 0.012173 0.015970999999999999 0.011505 0.16439300000000001 0.18691300000000002 0.16404799999999997 0.005927 0.0061389999999999995 0.0060599999999999994 0.001743 0.0017779999999999998 0.0018090000000000003 8.1647897733554657 8.1647897733554657 8.1647897733554657 0.0007725244193916808 0.0007725244193916808 0.0007725244193916808 1 1 1 Converged Converged Converged OK OK OK 165 165 165 165 165 165 11 11 11 0 0 0 0 1 0 0 1
137 137 uniform 2 23 1377 3 0.0001 1.4532267280196964 0.20677155026604055 0.064715006658026472 0.045712771886030366 0.064364127269954594 0.058655773217635661 0 0.19034408377636977 8.5163717324922672 OK 16 15 0.47995100000000002 0.43407200000000001 0.21665999999999999 0.261291 0.17721700000000001 0 0.21866000000000002 0.256855 0.21665999999999999 0.011668 0.012030000000000001 0.010888 0.17189499999999996 0.20693000000000009 0.171485 0.0063469999999999993 0.0081979999999999987 0.0063860000000000002 0.0018930000000000002 0.0021550000000000002 0.0018629999999999999 8.5163733675408118 8.5163733675408118 8.5163733675408118 0.00062698818300051067 0.00062698818300051067 0.00062698818300051067 1 1 1 Converged Converged Converged OK OK OK 173 173 173 173 173 173 11 11 11 0 0 0 0 1 0 0 1
137 137 uniform 3 0 1378 0 0.001 1.4532267280196964 0.20677155026604055 0.064715006658026472 -0.6224592261993166 0.12203612386549122 -0.6354022275309219 0 0.8844020845249273 3.9738741003893967 OK 15 14 0.43485499999999999 0.42481099999999999 0.14260700000000001 0.28904999999999997 0.28224300000000002 0 0.14580500000000002 0.14256799999999997 0.14260700000000001 0.014695 0.014811 0.014182 0.091748999999999969 0.091796999999999934 0.091788999999999982 0.0073709999999999991 0.0044689999999999999 0.004921 0.0011659999999999999 0.0011479999999999999 0.0011650000000000002 3.9738740494251927 3.9738740494251927 3.9738740494251927 0.0025468162406965212 0.0025468162406965212 0.0025468162406965212 1 1 1 Converged Converged Converged OK OK OK 97 97 97 97 97 97 7 7 7 0 0 0 0 0 1 0 0
137 137 uniform 3 7 1378 1 0.001 1.4532267280196964 0.20677155026604055 0.064715006658026472 -0.6224592261993166 0.12203612386549122 -0.62752387889429262 0 0.87652373588829802 3.8225262779487714 OK 15 14 0.42770399999999997 0.321469 0.12576300000000001 0.29925800000000002 0.181729 0 0.12844599999999995 0.13974 0.12576300000000001 0.014212000000000001 0.014111 0.013431999999999999 0.085787999999999948 0.098316999999999974 0.085087999999999997 0.004830000000000001 0.004496 0.0045340000000000007 0.0012499999999999998 0.0012279999999999999 0.0012250000000000002 3.8225281437576872 3.8225281437576872 3.8225281437576872 0.0026417082212485065 0.0026417082212485065 0.0026417082212485065 1 1 1 Converged Converged Converged OK OK OK 97 97 97 97 97 97 7 7 7 0 0 0 0 1 0 0 1
137 137 uniform 3 15 1378 2 0.001 1.4532267280196964 0.20677155026604055 0.064715006658026472 -0.6224592261993166 0.12203612386549122 -0.6185200518810019 0 0.8675199088750073 3.7186866534303151 OK 15 14 0.43470399999999998 0.34728999999999999 0.124247 0.30974400000000002 0.20603399999999999 0 0.12495999999999996 0.14125599999999999 0.124247 0.01392 0.014167000000000001 0.013331000000000001 0.086494000000000015 0.10253899999999999 0.086490999999999998 0.0040600000000000002 0.0040419999999999996 0.0041159999999999999 0.0010019999999999999 0.0010430000000000001 0.0010549999999999999 3.7186903994567939 3.7186903994567939 3.7186903994567939 0.0036133720625605883 0.0036133720625605883 0.0036133720625605883 1 1 1 Converged Converged Converged OK OK OK 89 89 89 89 89 89 7 7 7 0 0 0 0 1 0 0 1
137 137 uniform 3 23 1378 3 0.001 1.4532267280196964 0.20677155026604055 0.064715006658026472 -0.6224592261993166 0.12203612386549122 -0.60951622486771129 0 0.85851608186171668 3.6543030821523774 OK 15 14 0.43918000000000001 0.35628199999999999 0.138511 0.30202400000000001 0.20041 0 0.137156 0.15587199999999998 0.138511 0.014135999999999999 0.014200000000000001 0.014603 0.096781999999999965 0.11543000000000002 0.098485999999999976 0.0051570000000000001 0.0051879999999999999 0.0047739999999999996 0.001052 0.00097399999999999993 0.0009630000000000001 3.6543023791857463 3.6543023791857463 3.6543023791857463 0.0023180700738280879 0.0023180700738280879 0.0023180700738280879 1 1 1 Converged Converged Converged OK OK OK 97 97 97 97 97 97 7 7 7 0 0 0 0 1 0 0 1
137 137 uniform 3 0 1378 0 0.0001 1.4532267280196964 0.20677155026604055 0.064715006658026472 -0.6224592261993166 0.12203612386549122 -0.6354022275309219 0 0.8844020845249273 3.9738741003893967 OK 15 14 0.47771400000000003 0.47591499999999998 0.18943299999999999 0.28743000000000002 0.28488599999999997 0 0.19028400000000001 0.191029 0.18943299999999999 0.014659 0.014689000000000001 0.014056000000000001 0.12482999999999998 0.12230699999999994 0.12429099999999993 0.0063500000000000015 0.0065509999999999995 0.0066110000000000006 0.0015829999999999998 0.0017460000000000002 0.0016380000000000001 3.9738738390950816 3.9738738390950816 3.9738738390950816 0.00034215539241735823 0.00034215539241735823 0.00034215539241735823 1 1 1 Converged Converged Converged OK OK OK 137 137 137 137 137 137 7 7 7 0 0 0 0 0 1 0 0
137 137 uniform 3 7 1378 1 0.0001 1.4532267280196964 0.20677155026604055 0.064715006658026472 -0.6224592261993166 0.12203612386549122 -0.62752387889429262 0 0.87652373588829802 3.8225262779487714 OK 15 14 0.46690199999999998 0.37581199999999998 0.16500300000000001 0.300263 0.18149199999999999 0 0.16663899999999998 0.19431999999999999 0.16500300000000001 0.014199 0.014364 0.013448 0.11578999999999989 0.14185000000000003 0.11477299999999994 0.0063879999999999996 0.006607 0.0064800000000000005 0.001557 0.00164 0.0016060000000000002 3.8225260648067327 3.8225260648067327 3.8225260648067327 0.00034875986958511889 0.00034875986958511889 0.00034875986958511889 1 1 1 Converged Converged Converged OK OK OK 137 137 137 137 137 137 7 7 7 0 0 0 0 1 0 0 1
137 137 uniform 3 15 1378 2 0.0001 1.4532267280196964 0.20677155026604055 0.064715006658026472 -0.6224592261993166 0.12203612386549122 -0.6185200518810019 0 0.8675199088750073 3.7186866534303151 OK 15 14 0.51193900000000003 0.43801400000000001 0.196385 0.31115300000000001 0.20741599999999999 0 0.20078600000000002 0.23059800000000003 0.196385 0.014094000000000001 0.014005999999999999 0.013276 0.14273899999999998 0.17238099999999992 0.13904900000000006 0.007454999999999999 0.0075890000000000003 0.0074580000000000002 0.0017720000000000004 0.0017700000000000001 0.0017690000000000002 3.7186864791599246 3.7186864791599246 3.7186864791599246 9.0613873453142884e-05 9.0613873453142884e-05 9.0613873453142884e-05 1 1 1 Converged Converged Converged OK OK OK 153 153 153 153 153 153 7 7 7 0 0 0 0 1 0 0 1
137 137 uniform 3 23 1378 3 0.0001 1.4532267280196964 0.20677155026604055 0.064715006658026472 -0.6224592261993166 0.12203612386549122 -0.60951622486771129 0 0.85851608186171668 3.6543030821523774 OK 15 14 0.51082000000000005 0.43867699999999998 0.208898 0.30132700000000001 0.207621 0 0.20949300000000004 0.23105599999999998 0.208898 0.014279 0.014330000000000001 0.013357000000000001 0.15196000000000004 0.17487400000000011 0.15101299999999995 0.0079220000000000002 0.0075140000000000007 0.0074320000000000002 0.0017890000000000002 0.00173 0.001686 3.6543029026827463 3.6543029026827463 3.6543029026827463 9.1209869957153801e-05 9.1209869957153801e-05 9.1209869957153801e-05 1 1 1 Converged Converged Converged OK OK OK 153 153 153 153 153 153 7 7 7 0 0 0 0 1 0 0 1
137 137 uniform 4 0 1379 0 0.001 1.4532267280196964 0.20677155026604055 0.064715006658026472 -0.78905804527326451 -0.21089671028181659 -0.80200104660486982 0 1.0510009035988752 1.5047935026554933 OK 13 12 0.30205700000000002 0.30070000000000002 0.056839000000000001 0.24396100000000001 0.24266699999999999 0 0.058096000000000009 0.058033000000000029 0.056839000000000001 0.0089809999999999994 0.0088430000000000002 0.008541 0.033126999999999997 0.03344599999999999 0.032725000000000004 0.002176 0.0022009999999999998 0.0021849999999999999 0.00055900000000000004 0.00055800000000000001 0.000531 1.5047934873273179 1.5047934873273179 1.5047934873273179 0.00038137138881395578 0.00038137138881395578 0.00038137138881395578 1 1 1 Converged Converged Converged OK OK OK 45 45 45 45 45 45 3 3 3 0 0 0 0 0 1 0 0
137 137 uniform 4 7 1379 1 0.001 1.4532267280196964 0.20677155026604055 0.064715006658026472 -0.78905804527326451 -0.21089671028181659 -0.79412269796824053 0 1.043122554962246 1.5101852152774486 OK 13 12 0.294823 0.21570700000000001 0.053204000000000001 0.24004800000000001 0.14611199999999999 0 0.05477499999999999 0.069595000000000018 0.053204000000000001 0.0081309999999999993 0.008208 0.0076569999999999997 0.032417000000000008 0.047548000000000014 0.032011000000000005 0.0022750000000000001 0.0022580000000000005 0.0022009999999999998 0.00055400000000000002 0.00056300000000000002 0.000522 1.5101851992265292 1.5101851992265292 1.5101851992265292 0.00038543026829827653 0.00038543026829827653 0.00038543026829827653 1 1 1 Converged Converged Converged OK OK OK 45 45 45 45 45 45 3 3 3 0 0 0 0 1 0 0 1
137 137 uniform 4 15 1379 2 0.001 1.4532267280196964 0.20677155026604055 0.064715006658026472 -0.78905804527326451 -0.21089671028181659 -0.78511887095494981 0 1.0341187279489552 1.5175817774615536 OK 13 12 0.31177199999999999 0.21904499999999999 0.056859 0.25345299999999998 0.147702 0 0.05831900000000001 0.07134299999999999 0.056859 0.0082690000000000003 0.0083300000000000006 0.0076449999999999999 0.036130999999999996 0.049164000000000006 0.035833999999999998 0.002251 0.0022600000000000003 0.00215 0.00054199999999999995 0.00054999999999999992 0.00052300000000000003 1.5175817613929448 1.5175817613929448 1.5175817613929448 0.00039083642611637188 0.00039083642611637188 0.00039083642611637188 1 1 1 Converged Converged Converged OK OK OK 45 45 45 45 45 45 3 3 3 0 0 0 0 1 0 0 1
137 137 uniform 4 23 1379 3 0.001 1.4532267280196964 0.20677155026604055 0.064715006658026472 -0.78905804527326451 -0.21089671028181659 -0.7761150439416592 0 1.0251149009356646 1.5264833333484684 OK 13 12 0.29594199999999998 0.22112399999999999 0.054106000000000001 0.24016399999999999 0.14874799999999999 0 0.055777999999999994 0.072375999999999996 0.054106000000000001 0.0082179999999999996 0.0083750000000000005 0.0076750000000000004 0.033584999999999997 0.050017999999999993 0.032988000000000003 0.0021819999999999999 0.002209 0.00214 0.00053600000000000002 0.00055999999999999995 0.00052700000000000002 1.5264833183998257 1.5264833183998257 1.5264833183998257 0.00039719082153317331 0.00039719082153317331 0.00039719082153317331 1 1 1 Converged Converged Converged OK OK OK 45 45 45 45 45 45 3 3 3 0 0 0 0 1 0 0 1
137 137 uniform 4 0 1379 0 0.0001 1.4532267280196964 0.20677155026604055 0.064715006658026472 -0.78905804527326451 -0.21089671028181659 -0.80200104660486982 0 1.0510009035988752 1.5047935026554933 OK 13 12 0.32102599999999998 0.31910300000000003 0.075611999999999999 0.24424399999999999 0.24240500000000001 0 0.076781999999999989 0.076698000000000016 0.075611999999999999 0.0089700000000000005 0.0089940000000000003 0.0086239999999999997 0.046255999999999985 0.04642000000000001 0.045859999999999984 0.0031289999999999998 0.003241 0.0030920000000000001 0.00072400000000000003 0.00070500000000000001 0.00068900000000000005 1.5047934888774666 1.5047934888774666 1.5047934888774666 0.0001280531223452188 0.0001280531223452188 0.0001280531223452188 1 1 1 Converged Converged Converged OK OK OK 61 61 61 61 61 61 3 3 3 0 0 0 0 0 1 0 0
137 137 uniform 4 7 1379 1 0.0001 1.4532267280196964 0.20677155026604055 0.064715006658026472 -0.78905804527326451 -0.21089671028181659 -0.79412269796824053 0 1.043122554962246 1.5101852152774486 OK 13 12 0.31576100000000001 0.24293400000000001 0.071360000000000007 0.24265300000000001 0.14657100000000001 0 0.073108000000000006 0.096363000000000004 0.071360000000000007 0.0082470000000000009 0.0081899999999999994 0.0077260000000000002 0.045684000000000002 0.069025999999999976 0.045280999999999995 0.0031250000000000002 0.0032829999999999999 0.0031180000000000001 0.00068700000000000011 0.00067500000000000004 0.00066100000000000013 1.5101852007545524 1.5101852007545524 1.5101852007545524 0.00013439589622269004 0.00013439589622269004 0.00013439589622269004 1 1 1 Converged Converged Converged OK OK OK 61 61 61 61 61 61 3 3 3 0 0 0 0 1 0 0 1
137 137 uniform 4 15 1379 2 0.0001 1.4532267280196964 0.20677155026604055 0.064715006658026472 -0.78905804527326451 -0.21089671028181659 -0.78511887095494981 0 1.0341187279489552 1.5175817774615536 OK 13 12 0.33307900000000001 0.24234700000000001 0.074858999999999995 0.25643500000000002 0.148059 0 0.07664399999999999 0.094288000000000011 0.074858999999999995 0.0083669999999999994 0.0082590000000000007 0.0077609999999999997 0.049173000000000015 0.067371000000000014 0.048804000000000007 0.0031879999999999999 0.003156 0.0030660000000000001 0.00067999999999999994 0.00067700000000000008 0.00066399999999999999 1.517581762894233 1.517581762894233 1.517581762894233 0.00014239165279987079 0.00014239165279987079 0.00014239165279987079 1 1 1 Converged Converged Converged OK OK OK 61 61 61 61 61 61 3 3 3 0 0 0 0 1 0 0 1
137 137 uniform 4 23 1379 3 0.0001 1.4532267280196964 0.20677155026604055 0.064715006658026472 -0.78905804527326451 -0.21089671028181659 -0.7761150439416592 0 1.0251149009356646 1.5264833333484684 OK 13 12 0.31653100000000001 0.24730099999999999 0.071641999999999997 0.24322099999999999 0.15024199999999999 0 0.073310000000000014 0.097059000000000006 0.071641999999999997 0.0082059999999999998 0.0081429999999999992 0.0077210000000000004 0.046322000000000002 0.070357000000000003 0.045707999999999999 0.0030439999999999998 0.0030810000000000004 0.0030049999999999999 0.00071100000000000004 0.00069000000000000008 0.00068199999999999999 1.5264833198732135 1.5264833198732135 1.5264833198732135 0.00015130489524293325 0.00015130489524293325 0.00015130489524293325 1 1 1 Converged Converged Converged OK OK OK 61 61 61 61 61 61 3 3 3 0 0 0 0 1 0 0 1
138 138 linear 0 0 1380 0 0.001 0.29282142116300225 0.92217034069292636 0.0025267935452979659 0.12898109764282342 -3.2622162903891279 0.12847573893376382 0.5 0.012006727161685687 2.8242083104798512 OK 14 13 0.602912 0.59975999999999996 0.16905000000000001 0.42636099999999999 0.43022500000000002 0 0.17655100000000001 0.16953499999999994 0.16905000000000001 0.014334 0.01413 0.013845 0.13582000000000002 0.12987499999999999 0.12933700000000004 0.0036239999999999996 0.0034840000000000001 0.0035739999999999999 0.00097299999999999991 0.00095799999999999998 0.00096000000000000002 2.8242097816165259 2.8242097816165259 2.8242097816165259 0.0026060534080007422 0.0026060534080007422 0.0026060534080007422 1 1 1 Converged Converged Converged OK OK OK 75 75 75 75 75 75 5 5 5 0 0 0 0 0 1 0 0
138 138 linear 0 7 1380 1 0.001 0.29282142116300225 0.92217034069292636 0.0025267935452979659 0.12898109764282342 -3.2622162903891279 0.12878334858275661 0.5 0.011699117512692897 2.644322672543689 OK 14 13 0.56222499999999997 0.57769800000000004 0.18330199999999999 0.37452000000000002 0.23696700000000001 0 0.18770499999999996 0.34073100000000001 0.18330199999999999 0.012936 0.013438 0.012227 0.14976500000000004 0.30138999999999994 0.14697600000000002 0.0042159999999999993 0.0042029999999999993 0.0039560000000000003 0.00092400000000000002 0.0010820000000000001 0.00089999999999999998 2.6443399844804452 2.6443399844804452 2.6443399844804452 0.0022566498942077451 0.0022566498942077451 0.0022566498942077451 1 1 1 Converged Converged Converged OK OK OK 83 83 83 83 83 83 5 5 5 0 0 0 0 1 0 0 1
138 138 linear 0 15 1380 2 0.001 0.29282142116300225 0.92217034069292636 0.0025267935452979659 0.12898109764282342 -3.2622162903891279 0.12913490246731982 0.5 0.011347563628129692 2.4346331305507767 OK 14 13 0.55997300000000005 0.59353 0.178483 0.37624200000000002 0.25994400000000001 0 0.18373100000000003 0.33358599999999999 0.178483 0.013387 0.014793000000000001 0.012456 0.14649199999999993 0.29464999999999991 0.14290400000000009 0.0040350000000000004 0.004045 0.0038800000000000002 0.00099700000000000006 0.0010040000000000001 0.000977 2.4346520725453198 2.4346520725453198 2.4346520725453198 0.0022464219453052947 0.0022464219453052947 0.0022464219453052947 1 1 1 Converged Converged Converged OK OK OK 83 83 83 83 83 83 5 5 5 0 0 0 0 1 0 0 1
138 138 linear 0 23 1380 3 0.001 0.29282142116300225 0.92217034069292636 0.0025267935452979659 0.12898109764282342 -3.2622162903891279 0.12948645635188302 0.5 0.010996009743566487 2.2218006463432824 OK 14 13 0.56156799999999996 0.57344899999999999 0.18932099999999999 0.365344 0.234712 0 0.19622399999999995 0.33873699999999995 0.18932099999999999 0.012940999999999999 0.012931 0.01226 0.15651800000000002 0.29897099999999993 0.15090700000000001 0.0045259999999999996 0.004548 0.0043209999999999993 0.0010949999999999998 0.0011539999999999999 0.0011179999999999999 2.2218044898943763 2.2218044898943763 2.2218044898943763 0.00079493265756387383 0.00079493265756387383 0.00079493265756387383 1 1 1 Converged Converged Converged OK OK OK 91 91 91 91 91 91 5 5 5 0 0 0 0 1 0 0 1
138 138 linear 0 0 1380 0 0.0001 0.29282142116300225 0.92217034069292636 0.0025267935452979659 0.12898109764282342 -3.2622162903891279 0.12847573893376382 0.5 0.012006727161685687 2.8242083104798512 OK 14 13 0.69617399999999996 0.69422799999999996 0.26810400000000001 0.42505799999999999 0.42985200000000001 0 0.27111599999999997 0.26437599999999994 0.26810400000000001 0.014285000000000001 0.014135 0.013717999999999999 0.21223299999999992 0.20579400000000006 0.20554 0.0060400000000000002 0.0061720000000000004 0.0062009999999999999 0.001354 0.0013860000000000001 0.0014110000000000001 2.8242097836053763 2.8242097836053763 2.8242097836053763 3.5345135687224614e-05 3.5345135687224614e-05 3.5345135687224614e-05 1 1 1 Converged Converged Converged OK OK OK 123 123 123 123 123 123 5 5 5 0 0 0 0 0 1 0 0
138 138 linear 0 7 1380 1 0.0001 0.29282142116300225 0.92217034069292636 0.0025267935452979659 0.12898109764282342 -3.2622162903891279 0.12878334858275661 0.5 0.011699117512692897 2.644322672543689 OK 14 13 0.65048099999999998 0.71140999999999999 0.27754699999999999 0.37374499999999999 0.238231 0 0.27673599999999998 0.47317900000000002 0.27754699999999999 0.013063 0.013251000000000001 0.012369 0.22851600000000002 0.42398100000000005 0.23020499999999999 0.0061310000000000002 0.0065110000000000003 0.0061409999999999998 0.0013690000000000002 0.0013619999999999999 0.0013579999999999998 2.644329425346339 2.644329425346339 2.644329425346339 3.5606257520853672e-05 3.5606257520853672e-05 3.5606257520853672e-05 1 1 1 Converged Converged Converged OK OK OK 123 123 123 123 123 123 5 5 5 0 0 0 0 1 0 0 1
138 138 linear 0 15 1380 2 0.0001 0.29282142116300225 0.92217034069292636 0.0025267935452979659 0.12898109764282342 -3.2622162903891279 0.12913490246731982 0.5 0.011347563628129692 2.4346331305507767 OK 14 13 0.64804899999999999 0.73312100000000002 0.26610699999999998 0.37372100000000003 0.25340800000000002 0 0.27432799999999996 0.479713 0.26610699999999998 0.013115 0.013195 0.012546 0.22632900000000003 0.43111700000000008 0.21934199999999995 0.0058370000000000002 0.0059920000000000008 0.005921 0.0014189999999999999 0.0013689999999999998 0.0013860000000000001 2.4346440386741754 2.4346440386741754 2.4346440386741754 3.0450308362928587e-05 3.0450308362928587e-05 3.0450308362928587e-05 1 1 1 Converged Converged Converged OK OK OK 123 123 123 123 123 123 5 5 5 0 0 0 0 1 0 0 1
138 138 linear 0 23 1380 3 0.0001 0.29282142116300225 0.92217034069292636 0.0025267935452979659 0.12898109764282342 -3.2622162903891279 0.12948645635188302 0.5 0.010996009743566487 2.2218006463432824 OK 14 13 0.63145499999999999 0.69329700000000005 0.26213999999999998 0.36446600000000001 0.23411599999999999 0 0.26698899999999998 0.45918100000000006 0.26213999999999998 0.012886 0.013122 0.012278000000000001 0.21900699999999992 0.41052799999999995 0.21545500000000006 0.0061630000000000001 0.0063350000000000004 0.0061669999999999997 0.0013630000000000001 0.0014709999999999999 0.001405 2.2218044908344434 2.2218044908344434 2.2218044908344434 2.1863329674116003e-05 2.1863329674116003e-05 2.1863329674116003e-05 1 1 1 Converged Converged Converged OK OK OK 123 123 123 123 123 123 5 5 5 0 0 0 0 1 0 0 1
138 138 linear 1 0 1381 0 0.001 0.29282142116300225 0.92217034069292636 0.0025267935452979659 0.040463369621568775 0.0011857541205649747 0.039958010912509181 0.5 0.10052445518294033 118.08720874193412 OK 16 15 0.56243299999999996 0.55955699999999997 0.19062599999999999 0.36423299999999997 0.36748799999999998 0 0.19819999999999999 0.19206899999999999 0.19062599999999999 0.012873000000000001 0.013100000000000001 0.012397999999999999 0.15957400000000002 0.15384000000000003 0.15303499999999998 0.0032289999999999997 0.0034000000000000002 0.0033639999999999998 0.00072399999999999993 0.00071599999999999995 0.00070399999999999998 118.08881930109276 118.08881930109276 118.08881930109276 0.088457643320525012 0.088457643320525012 0.088457643320525012 1 1 1 Converged Converged Converged OK OK OK 73 73 73 73 73 73 7 7 7 0 0 0 0 0 1 0 0
138 138 linear 1 7 1381 1 0.001 0.29282142116300225 0.92217034069292636 0.0025267935452979659 0.040463369621568775 0.0011857541205649747 0.040265620561501979 0.5 0.10021684553394752 114.95775539287442 OK 16 15 0.57704 0.47248099999999998 0.18451500000000001 0.39020500000000002 0.26122899999999999 0 0.18683499999999997 0.211252 0.18451500000000001 0.012030000000000001 0.012090999999999999 0.011284000000000001 0.15462399999999998 0.17863400000000001 0.15362200000000006 0.003264 0.0038320000000000003 0.0032659999999999998 0.00072000000000000005 0.00073200000000000001 0.000696 114.9585754749732 114.9585754749732 114.9585754749732 0.089176129427038023 0.089176129427038023 0.089176129427038023 1 1 1 Converged Converged Converged OK OK OK 73 73 73 73 73 73 7 7 7 0 0 0 0 1 0 0 1
138 138 linear 1 15 1381 2 0.001 0.29282142116300225 0.92217034069292636 0.0025267935452979659 0.040463369621568775 0.0011857541205649747 0.04061717444606517 0.5 0.099865291649384347 111.39940901785126 OK 16 15 0.56064700000000001 0.44388 0.18251100000000001 0.37335000000000002 0.23539399999999999 0 0.18729699999999999 0.208486 0.18251100000000001 0.011936 0.01209 0.011259 0.15530600000000003 0.176063 0.15166800000000003 0.0033340000000000002 0.003712 0.0034640000000000005 0.00071699999999999997 0.000736 0.00069300000000000004 111.40022828810953 111.40022828810953 111.40022828810953 0.089340102983649125 0.089340102983649125 0.089340102983649125 1 1 1 Converged Converged Converged OK OK OK 73 73 73 73 73 73 7 7 7 0 0 0 0 1 0 0 1
138 138 linear 1 23 1381 3 0.001 0.29282142116300225 0.92217034069292636 0.0025267935452979659 0.040463369621568775 0.0011857541205649747 0.040968728330628368 0.5 0.099513737764821142 107.88008650520429 OK 16 15 0.57529200000000003 0.47355700000000001 0.182981 0.386237 0.25881399999999999 0 0.18905500000000003 0.21474300000000002 0.182981 0.011978000000000001 0.011986 0.011254999999999999 0.15693799999999999 0.18266499999999997 0.15217899999999998 0.0036420000000000003 0.0036340000000000001 0.0034480000000000001 0.00070699999999999995 0.00071800000000000011 0.00068800000000000003 107.88087823677787 107.88087823677787 107.88087823677787 0.088812977033173729 0.088812977033173729 0.088812977033173729 1 1 1 Converged Converged Converged OK OK OK 73 73 73 73 73 73 7 7 7 0 0 0 0 1 0 0 1
138 138 linear 1 0 1381 0 0.0001 0.29282142116300225 0.92217034069292636 0.0025267935452979659 0.040463369621568775 0.0011857541205649747 0.039958010912509181 0.5 0.10052445518294033 118.08720874193412 OK 16 15 0.66845100000000002 0.66020000000000001 0.29381400000000002 0.36934699999999998 0.36602400000000002 0 0.29910400000000004 0.29417599999999999 0.29381400000000002 0.013053 0.012944000000000001 0.012392 0.24472900000000003 0.24038300000000004 0.24004299999999995 0.0055470000000000007 0.005481999999999999 0.0059110000000000005 0.0011529999999999999 0.0011680000000000002 0.001178 118.08841508790154 118.08841508790154 118.08841508790154 0.0044992169290561318 0.0044992169290561318 0.0044992169290561318 1 1 1 Converged Converged Converged OK OK OK 113 113 113 113 113 113 7 7 7 0 0 0 0 0 1 0 0
138 138 linear 1 7 1381 1 0.0001 0.29282142116300225 0.92217034069292636 0.0025267935452979659 0.040463369621568775 0.0011857541205649747 0.040265620561501979 0.5 0.10021684553394752 114.95775539287442 OK 16 15 0.68629899999999999 0.57678099999999999 0.27921299999999999 0.39809499999999998 0.26035700000000001 0 0.28820400000000002 0.31642399999999998 0.27921299999999999 0.012259000000000001 0.012127000000000001 0.011218000000000001 0.24389199999999994 0.27188800000000013 0.23690300000000006 0.0056509999999999998 0.0060980000000000001 0.0055069999999999997 0.0011690000000000001 0.0011700000000000002 0.001124 114.95816504274762 114.95816504274762 114.95816504274762 0.0044813333700955442 0.0044813333700955442 0.0044813333700955442 1 1 1 Converged Converged Converged OK OK OK 113 113 113 113 113 113 7 7 7 0 0 0 0 1 0 0 1
138 138 linear 1 15 1381 2 0.0001 0.29282142116300225 0.92217034069292636 0.0025267935452979659 0.040463369621568775 0.0011857541205649747 0.04061717444606517 0.5 0.099865291649384347 111.39940901785126 OK 16 15 0.66535500000000003 0.54413699999999998 0.28026200000000001 0.37195800000000001 0.23002 0 0.29339700000000002 0.31411699999999998 0.28026200000000001 0.012074 0.012227999999999999 0.011261999999999999 0.24941300000000002 0.26970699999999986 0.23793000000000011 0.0055160000000000001 0.0058919999999999997 0.0056569999999999997 0.0011349999999999999 0.001194 0.0011130000000000001 111.39981223287138 111.39981223287138 111.39981223287138 0.0044399434134079884 0.0044399434134079884 0.0044399434134079884 1 1 1 Converged Converged Converged OK OK OK 113 113 113 113 113 113 7 7 7 0 0 0 0 1 0 0 1
138 138 linear 1 23 1381 3 0.0001 0.29282142116300225 0.92217034069292636 0.0025267935452979659 0.040463369621568775 0.0011857541205649747 0.040968728330628368 0.5 0.099513737764821142 107.88008650520429 OK 16 15 0.67664800000000003 0.57653799999999999 0.28273799999999999 0.38853799999999999 0.25512400000000002 0 0.28811000000000003 0.32141399999999998 0.28273799999999999 0.012134000000000001 0.012168999999999999 0.011188999999999999 0.24353 0.27735799999999999 0.24047499999999999 0.0059889999999999995 0.0057819999999999998 0.0055669999999999999 0.0011919999999999999 0.001188 0.001122 107.88045759094088 107.88045759094088 107.88045759094088 0.0043759374966013433 0.0043759374966013433 0.0043759374966013433 1 1 1 Converged Converged Converged OK OK OK 113 113 113 113 113 113 7 7 7 0 0 0 0 1 0 0 1
138 138 linear 2 0 1382 0 0.001 0.29282142116300225 0.92217034069292636 0.0025267935452979659 -0.025200940969967316 0.0038870517347219134 -0.02570629967902691 0.5 0.16618876577447642 105.75149615830992 OK 14 13 0.55822700000000003 0.55925800000000003 0.166134 0.38479600000000003 0.38420199999999999 0 0.173431 0.17505600000000004 0.166134 0.013242 0.012898 0.012219000000000001 0.130385 0.13182899999999992 0.12512400000000001 0.0046889999999999996 0.0049870000000000001 0.0041539999999999997 0.0010890000000000001 0.0010709999999999999 0.00098099999999999988 105.75174787509539 105.75174787509539 105.75174787509539 0.10216384344184873 0.10216384344184873 0.10216384344184873 1 1 1 Converged Converged Converged OK OK OK 90 90 90 90 90 90 6 6 6 0 0 0 0 0 1 0 0
138 138 linear 2 7 1382 1 0.001 0.29282142116300225 0.92217034069292636 0.0025267935452979659 -0.025200940969967316 0.0038870517347219134 -0.025398690030034112 0.5 0.16588115612548363 102.60577269026761 OK 14 13 0.58332700000000004 0.47148499999999999 0.18112900000000001 0.39464199999999999 0.26269100000000001 0 0.18868500000000005 0.20879399999999998 0.18112900000000001 0.012187 0.012022 0.011391999999999999 0.14838800000000002 0.16976900000000006 0.14311300000000007 0.0056039999999999996 0.0049880000000000002 0.005058 0.0011429999999999999 0.0011270000000000002 0.0011059999999999998 102.60598516671493 102.60598516671493 102.60598516671493 0.049747944277156828 0.049747944277156828 0.049747944277156828 1 1 1 Converged Converged Converged OK OK OK 106 106 106 106 106 106 6 6 6 0 0 0 0 1 0 0 1
138 138 linear 2 15 1382 2 0.001 0.29282142116300225 0.92217034069292636 0.0025267935452979659 -0.025200940969967316 0.0038870517347219134 -0.025047136145470918 0.5 0.16552960224092042 97.556208244502258 OK 14 13 0.55287299999999995 0.44257099999999999 0.18180499999999999 0.36893900000000002 0.23796400000000001 0 0.18393399999999993 0.20460699999999998 0.18180499999999999 0.012125 0.01187 0.011253000000000001 0.14584499999999997 0.16714799999999988 0.14070600000000005 0.0051229999999999991 0.0051839999999999994 0.0054619999999999998 0.0010809999999999999 0.0010839999999999999 0.0011100000000000001 97.55609368962088 97.55609368962088 97.55609368962088 0.052103185320954204 0.052103185320954204 0.052103185320954204 1 1 1 Converged Converged Converged OK OK OK 106 106 106 106 106 106 6 6 6 0 0 0 0 1 0 0 1
138 138 linear 2 23 1382 3 0.001 0.29282142116300225 0.92217034069292636 0.0025267935452979659 -0.025200940969967316 0.0038870517347219134 -0.024695582260907723 0.5 0.16517804835635724 90.765733417555623 OK 15 14 0.61601799999999995 0.49719799999999997 0.19339000000000001 0.415524 0.26309199999999999 0 0.20049399999999995 0.23410599999999998 0.19339000000000001 0.014985999999999999 0.015214 0.014267999999999999 0.155616 0.18915399999999996 0.15052899999999997 0.0061710000000000003 0.0060459999999999993 0.0052690000000000002 0.0011180000000000001 0.0011330000000000001 0.0011600000000000002 90.765612609807278 90.765612609807278 90.765612609807278 0.056316261978205696 0.056316261978205696 0.056316261978205696 1 1 1 Converged Converged Converged OK OK OK 106 106 106 106 106 106 6 6 6 0 0 0 0 1 0 0 1
138 138 linear 2 0 1382 0 0.0001 0.29282142116300225 0.92217034069292636 0.0025267935452979659 -0.025200940969967316 0.0038870517347219134 -0.02570629967902691 0.5 0.16618876577447642 105.75149615830992 OK 14 13 0.63334800000000002 0.62600699999999998 0.23776700000000001 0.38803199999999999 0.387708 0 0.24531600000000003 0.23829899999999998 0.23776700000000001 0.012869999999999999 0.012939000000000001 0.012338999999999999 0.1837700000000001 0.17782400000000012 0.17758900000000011 0.0074710000000000002 0.0069900000000000006 0.0071910000000000012 0.0014659999999999999 0.0014639999999999998 0.0014989999999999999 105.75171441294839 105.75171441294839 105.75171441294839 0.010442958059763006 0.010442958059763006 0.010442958059763006 1 1 1 Converged Converged Converged OK OK OK 138 138 138 138 138 138 6 6 6 0 0 0 0 0 1 0 0
138 138 linear 2 7 1382 1 0.0001 0.29282142116300225 0.92217034069292636 0.0025267935452979659 -0.025200940969967316 0.0038870517347219134 -0.025398690030034112 0.5 0.16588115612548363 102.60577269026761 OK 14 13 0.65358300000000003 0.54734099999999997 0.24848000000000001 0.395536 0.26039400000000001 0 0.25804700000000003 0.28694699999999995 0.24848000000000001 0.011986999999999999 0.01206 0.011401 0.20585900000000001 0.23518299999999986 0.19799800000000015 0.0078760000000000011 0.007528 0.0074120000000000002 0.001586 0.0015330000000000001 0.0015480000000000001 102.60598591565409 102.60598591565409 102.60598591565409 0.00065837472840368609 0.00065837472840368609 0.00065837472840368609 1 1 1 Converged Converged Converged OK OK OK 146 146 146 146 146 146 6 6 6 0 0 0 0 1 0 0 1
138 138 linear 2 15 1382 2 0.0001 0.29282142116300225 0.92217034069292636 0.0025267935452979659 -0.025200940969967316 0.0038870517347219134 -0.025047136145470918 0.5 0.16552960224092042 97.556208244502258 OK 14 13 0.62684700000000004 0.52574200000000004 0.246252 0.36879800000000001 0.24122499999999999 0 0.25804900000000003 0.28451700000000002 0.246252 0.012056000000000001 0.011797999999999999 0.011219 0.20753000000000013 0.23456599999999997 0.19773300000000005 0.0077469999999999987 0.007659 0.0075009999999999999 0.0015330000000000001 0.001508 0.0015450000000000001 97.556094723027755 97.556094723027755 97.556094723027755 0.00092394309461664599 0.00092394309461664599 0.00092394309461664599 1 1 1 Converged Converged Converged OK OK OK 146 146 146 146 146 146 6 6 6 0 0 0 0 1 0 0 1
138 138 linear 2 23 1382 3 0.0001 0.29282142116300225 0.92217034069292636 0.0025267935452979659 -0.025200940969967316 0.0038870517347219134 -0.024695582260907723 0.5 0.16517804835635724 90.765733417555623 OK 15 14 0.68174599999999996 0.57768699999999995 0.26585799999999998 0.41273199999999999 0.26138699999999998 0 0.26901399999999998 0.31629999999999997 0.26585799999999998 0.015203 0.015398 0.014401000000000001 0.21281999999999995 0.25904499999999991 0.21063199999999996 0.0077530000000000003 0.0083400000000000002 0.007816 0.0015270000000000001 0.0015370000000000002 0.0015439999999999998 90.765614003770892 90.765614003770892 90.765614003770892 0.002830873584730993 0.002830873584730993 0.002830873584730993 1 1 1 Converged Converged Converged OK OK OK 146 146 146 146 146 146 6 6 6 0 0 0 0 1 0 0 1
138 138 linear 3 0 1383 0 0.001 0.29282142116300225 0.92217034069292636 0.0025267935452979659 -0.017490060543977122 0.018312270971879509 -0.017995419253036715 0.5 0.15847788534848622 17.26637689178034 OK 13 12 0.41020000000000001 0.40433799999999998 0.085247000000000003 0.31807200000000002 0.31800899999999999 0 0.092127999999999988 0.086328999999999989 0.085247000000000003 0.008829 0.0089440000000000006 0.0086910000000000008 0.061200999999999992 0.059151000000000002 0.058596999999999996 0.002777 0.0027439999999999999 0.0025249999999999999 0.00059600000000000007 0.00059699999999999998 0.00057800000000000006 17.266367306144936 17.266367306144936 17.266367306144936 0.01270066879269173 0.01270066879269173 0.01270066879269173 1 1 1 Converged Converged Converged OK OK OK 53 53 53 53 53 53 3 3 3 0 0 0 0 0 1 0 0
138 138 linear 3 7 1383 1 0.001 0.29282142116300225 0.92217034069292636 0.0025267935452979659 -0.017490060543977122 0.018312270971879509 -0.017687809604043918 0.5 0.15817027569949343 17.30472288059071 OK 13 12 0.40345799999999998 0.31481599999999998 0.084936999999999999 0.318023 0.190748 0 0.085434999999999983 0.12406799999999998 0.084936999999999999 0.0082019999999999992 0.0082690000000000003 0.0076660000000000001 0.060693999999999984 0.099503999999999967 0.061304999999999985 0.0026849999999999999 0.0027360000000000002 0.0026389999999999999 0.00057399999999999997 0.00057899999999999998 0.000571 17.304714446465866 17.304714446465866 17.304714446465866 0.012739369619273884 0.012739369619273884 0.012739369619273884 1 1 1 Converged Converged Converged OK OK OK 53 53 53 53 53 53 3 3 3 0 0 0 0 1 0 0 1
138 138 linear 3 15 1383 2 0.001 0.29282142116300225 0.92217034069292636 0.0025267935452979659 -0.017490060543977122 0.018312270971879509 -0.017336255719480723 0.5 0.15781872181493023 17.349851818507776 OK 13 12 0.38882 0.29741099999999998 0.078695000000000001 0.30677100000000002 0.17957600000000001 0 0.082048999999999983 0.11783499999999997 0.078695000000000001 0.0082000000000000007 0.008175 0.0076509999999999998 0.057355000000000017 0.093221999999999999 0.055107000000000017 0.0027369999999999998 0.0027650000000000001 0.0026710000000000002 0.000571 0.00059600000000000007 0.00056399999999999994 17.349843305010747 17.349843305010747 17.349843305010747 0.012783403694403518 0.012783403694403518 0.012783403694403518 1 1 1 Converged Converged Converged OK OK OK 53 53 53 53 53 53 3 3 3 0 0 0 0 1 0 0 1
138 138 linear 3 23 1383 3 0.001 0.29282142116300225 0.92217034069292636 0.0025267935452979659 -0.017490060543977122 0.018312270971879509 -0.016984701834917529 0.5 0.15746716793036702 17.396399991503447 OK 13 12 0.40928399999999998 0.31252600000000003 0.080716999999999997 0.324855 0.19770299999999999 0 0.084428999999999976 0.11482300000000004 0.080716999999999997 0.0081539999999999998 0.0081829999999999993 0.0076579999999999999 0.05956899999999999 0.090082999999999983 0.057084000000000003 0.0026419999999999998 0.0028029999999999999 0.0026649999999999998 0.000602 0.00058600000000000004 0.00056400000000000005 17.396391415723752 17.396391415723752 17.396391415723752 0.012827226115553919 0.012827226115553919 0.012827226115553919 1 1 1 Converged Converged Converged OK OK OK 53 53 53 53 53 53 3 3 3 0 0 0 0 1 0 0 1
138 138 linear 3 0 1383 0 0.0001 0.29282142116300225 0.92217034069292636 0.0025267935452979659 -0.017490060543977122 0.018312270971879509 -0.017995419253036715 0.5 0.15847788534848622 17.26637689178034 OK 13 12 0.43410500000000002 0.43446800000000002 0.109955 0.31986500000000001 0.323793 0 0.11424000000000001 0.11067500000000002 0.109955 0.0088579999999999996 0.0087130000000000003 0.0084989999999999996 0.08063099999999998 0.078168000000000001 0.077647999999999995 0.0037490000000000002 0.003529 0.0034810000000000006 0.00073099999999999999 0.00070200000000000004 0.00072099999999999996 17.266367233804154 17.266367233804154 17.266367233804154 6.6494108770234726e-05 6.6494108770234726e-05 6.6494108770234726e-05 1 1 1 Converged Converged Converged OK OK OK 69 69 69 69 69 69 3 3 3 0 0 0 0 0 1 0 0
138 138 linear 3 7 1383 1 0.0001 0.29282142116300225 0.92217034069292636 0.0025267935452979659 -0.017490060543977122 0.018312270971879509 -0.017687809604043918 0.5 0.15817027569949343 17.30472288059071 OK 13 12 0.42919200000000002 0.34800599999999998 0.10573 0.31970100000000001 0.19148000000000001 0 0.109491 0.15652599999999997 0.10573 0.0082349999999999993 0.0082760000000000004 0.0077019999999999996 0.080110000000000015 0.12707200000000002 0.077093999999999996 0.0036029999999999999 0.00362 0.0036090000000000002 0.0006959999999999999 0.00070600000000000003 0.00069800000000000005 17.304714371918923 17.304714371918923 17.304714371918923 6.6493417934292332e-05 6.6493417934292332e-05 6.6493417934292332e-05 1 1 1 Converged Converged Converged OK OK OK 69 69 69 69 69 69 3 3 3 0 0 0 0 1 0 0 1
138 138 linear 3 15 1383 2 0.0001 0.29282142116300225 0.92217034069292636 0.0025267935452979659 -0.017490060543977122 0.018312270971879509 -0.017336255719480723 0.5 0.15781872181493023 17.349851818507776 OK 13 12 0.41212300000000002 0.33414100000000002 0.10047 0.30762499999999998 0.18324199999999999 0 0.10449800000000004 0.15089900000000003 0.10047 0.0081030000000000008 0.0082059999999999998 0.0076920000000000001 0.074836999999999959 0.12141600000000002 0.072036000000000017 0.0036309999999999997 0.0036080000000000001 0.0035430000000000001 0.00074200000000000004 0.00072800000000000002 0.00069200000000000002 17.349843227945019 17.349843227945019 17.349843227945019 6.64923903103785e-05 6.64923903103785e-05 6.64923903103785e-05 1 1 1 Converged Converged Converged OK OK OK 69 69 69 69 69 69 3 3 3 0 0 0 0 1 0 0 1
138 138 linear 3 23 1383 3 0.0001 0.29282142116300225 0.92217034069292636 0.0025267935452979659 -0.017490060543977122 0.018312270971879509 -0.016984701834917529 0.5 0.15746716793036702 17.396399991503447 OK 13 12 0.43376199999999998 0.34262199999999998 0.10385 0.32587300000000002 0.19584599999999999 0 0.10788899999999996 0.14677599999999999 0.10385 0.0080990000000000003 0.0082179999999999996 0.0076889999999999997 0.078111000000000014 0.11727700000000001 0.075280999999999987 0.0036589999999999999 0.0036819999999999999 0.0035830000000000002 0.00072800000000000002 0.00073499999999999998 0.00072100000000000007 17.396391336146166 17.396391336146166 17.396391336146166 6.6491114122031863e-05 6.6491114122031863e-05 6.6491114122031863e-05 1 1 1 Converged Converged Converged OK OK OK 69 69 69 69 69 69 3 3 3 0 0 0 0 1 0 0 1
138 138 linear 4 0 1384 0 0.001 0.29282142116300225 0.92217034069292636 0.0025267935452979659 0.12214629608502763 3.2746953695886902 0.12164093737596804 0.5 0.018841528719481471 1.4506904325887318 OK 13 12 0.50224800000000003 0.49649399999999999 0.139427 0.35942400000000002 0.35558299999999998 0 0.14282400000000001 0.14091100000000001 0.139427 0.010895999999999999 0.010874999999999999 0.010548 0.10918300000000002 0.10740200000000001 0.10666400000000001 0.00332 0.003333 0.0032110000000000003 0.00076999999999999996 0.00085100000000000019 0.00082299999999999995 1.4506898490608633 1.4506898490608633 1.4506898490608633 0.00040798002957166972 0.00040798002957166972 0.00040798002957166972 1 1 1 Converged Converged Converged OK OK OK 68 68 68 68 68 68 4 4 4 0 0 0 0 0 1 0 0
138 138 linear 4 7 1384 1 0.001 0.29282142116300225 0.92217034069292636 0.0025267935452979659 0.12214629608502763 3.2746953695886902 0.12194854702496083 0.5 0.01853391907048868 1.4420070973709538 OK 13 12 0.49835800000000002 0.49539100000000003 0.12993299999999999 0.36511500000000002 0.22722600000000001 0 0.133243 0.26816499999999999 0.12993299999999999 0.0098639999999999995 0.0098320000000000005 0.0094029999999999999 0.104092 0.23900700000000002 0.10172199999999998 0.0033259999999999995 0.0033119999999999998 0.0034159999999999998 0.00077500000000000008 0.00077000000000000007 0.00076599999999999997 1.4420092293082662 1.4420092293082769 1.4420092293082662 0.00066998652969395094 0.00066998652972747913 0.00066998652969395094 1 1 1 Converged Converged Converged OK OK OK 68 68 68 68 68 68 4 4 4 0 0 0 0 1 0 0 1
138 138 linear 4 15 1384 2 0.001 0.29282142116300225 0.92217034069292636 0.0025267935452979659 0.12214629608502763 3.2746953695886902 0.12230010090952402 0.5 0.018182365185925489 1.4331736007721316 OK 13 12 0.471385 0.48705500000000002 0.121158 0.34686 0.214008 0 0.124525 0.27304700000000004 0.121158 0.0099039999999999996 0.0097509999999999993 0.0092540000000000001 0.095303999999999986 0.24381299999999992 0.093311999999999992 0.0031980000000000003 0.003248 0.003176 0.00076900000000000015 0.00077800000000000005 0.00071599999999999995 1.4331727330150665 1.4331727330150665 1.4331727330150665 0.00072451065119958963 0.00072451065119958963 0.00072451065119958963 1 1 1 Converged Converged Converged OK OK OK 61 61 61 61 61 61 3 3 3 0 0 0 0 1 0 0 1
138 138 linear 4 23 1384 3 0.001 0.29282142116300225 0.92217034069292636 0.0025267935452979659 0.12214629608502763 3.2746953695886902 0.12265165479408721 0.5 0.017830811301362298 1.4253789023351546 OK 13 12 0.45574199999999998 0.458957 0.121194 0.33478999999999998 0.211558 0 0.120952 0.24739900000000001 0.121194 0.010005 0.0099190000000000007 0.013113 0.091808000000000001 0.21817000000000006 0.089463000000000015 0.0032129999999999997 0.0033040000000000001 0.0031530000000000004 0.00068599999999999998 0.00070600000000000014 0.00066999999999999991 1.4253780790439514 1.4253780790439514 1.4253780790439514 0.00070969240783086006 0.00070969240783086006 0.00070969240783086006 1 1 1 Converged Converged Converged OK OK OK 61 61 61 61 61 61 3 3 3 0 0 0 0 1 0 0 1
138 138 linear 4 0 1384 0 0.0001 0.29282142116300225 0.92217034069292636 0.0025267935452979659 0.12214629608502763 3.2746953695886902 0.12164093737596804 0.5 0.018841528719481471 1.4506904325887318 OK 13 12 0.55324700000000004 0.54801100000000003 0.19431899999999999 0.35433500000000001 0.35233700000000001 0 0.19891200000000003 0.19567400000000001 0.19431899999999999 0.011006 0.010747 0.01065 0.15461499999999997 0.15143699999999996 0.15104200000000001 0.0048529999999999997 0.0050819999999999997 0.0049480000000000001 0.0010139999999999999 0.0011429999999999999 0.0010290000000000002 1.4506895691983985 1.4506895691983985 1.4506895691983985 2.1877415550895815e-05 2.1877415550895815e-05 2.1877415550895815e-05 1 1 1 Converged Converged Converged OK OK OK 100 100 100 100 100 100 4 4 4 0 0 0 0 0 1 0 0
138 138 linear 4 7 1384 1 0.0001 0.29282142116300225 0.92217034069292636 0.0025267935452979659 0.12214629608502763 3.2746953695886902 0.12194854702496083 0.5 0.01853391907048868 1.4420070973709538 OK 13 12 0.56362000000000001 0.62316300000000002 0.19604099999999999 0.36354300000000001 0.23097799999999999 0 0.200077 0.39218500000000001 0.19604099999999999 0.0096989999999999993 0.0099679999999999994 0.0093650000000000001 0.16287000000000001 0.35418999999999984 0.15957099999999999 0.0048680000000000008 0.0052310000000000004 0.005071 0.00094499999999999998 0.001026 0.001031 1.4420062310295301 1.4420062310295485 1.4420062310295301 9.8878911419217402e-06 9.8878911341540364e-06 9.8878911419217402e-06 1 1 1 Converged Converged Converged OK OK OK 100 100 100 100 100 100 4 4 4 0 0 0 0 1 0 0 1
138 138 linear 4 15 1384 2 0.0001 0.29282142116300225 0.92217034069292636 0.0025267935452979659 0.12214629608502763 3.2746953695886902 0.12230010090952402 0.5 0.018182365185925489 1.4331736007721316 OK 13 12 0.53574900000000003 0.61986200000000002 0.18728600000000001 0.34374399999999999 0.21374000000000001 0 0.19200500000000004 0.40612199999999998 0.18728600000000001 0.0097350000000000006 0.0097409999999999997 0.0091990000000000006 0.15340400000000004 0.36693599999999993 0.14949400000000004 0.004836 0.005079000000000001 0.0049379999999999997 0.00093900000000000016 0.00096100000000000005 0.00093700000000000012 1.4331727325872641 1.4331727325872641 1.4331727325872641 1.0216848861139384e-08 1.0216848861139384e-08 1.0216848861139384e-08 1 1 1 Converged Converged Converged OK OK OK 93 93 93 93 93 93 3 3 3 0 0 0 0 1 0 0 1
138 138 linear 4 23 1384 3 0.0001 0.29282142116300225 0.92217034069292636 0.0025267935452979659 0.12214629608502763 3.2746953695886902 0.12265165479408721 0.5 0.017830811301362298 1.4253789023351546 OK 13 12 0.51727500000000004 0.60185900000000003 0.17644599999999999 0.33557300000000001 0.210588 0 0.18170200000000003 0.39127100000000004 0.17644599999999999 0.009972 0.0099640000000000006 0.0094090000000000007 0.14254599999999995 0.35160199999999997 0.13848699999999994 0.0050000000000000001 0.0050939999999999996 0.004921 0.00089300000000000013 0.00093099999999999997 0.00088600000000000007 1.4253780788127917 1.4253780788127917 1.4253780788127917 8.4525024223886688e-09 8.4525024223886688e-09 8.4525024223886688e-09 1 1 1 Converged Converged Converged OK OK OK 93 93 93 93 93 93 3 3 3 0 0 0 0 1 0 0 1
138 138 uniform 0 0 1385 0 0.001 0.29282142116300225 0.92217034069292636 0.0025267935452979659 0.12898109764282342 -3.2622162903891279 0.12847573893376382 0 0.012006727161685687 2.8102907593181294 OK 14 13 0.58322099999999999 0.58254399999999995 0.15335199999999999 0.42788300000000001 0.42787399999999998 0 0.15533799999999998 0.15466999999999997 0.15335199999999999 0.014116999999999999 0.014401000000000001 0.013650000000000001 0.11513699999999996 0.11514699999999999 0.11466599999999998 0.0034710000000000001 0.0032790000000000007 0.003297 0.00096999999999999994 0.00089999999999999998 0.0009050000000000001 2.8102907509910864 2.8102907509910864 2.8102907509910864 0.0005383833520940177 0.0005383833520940177 0.0005383833520940177 1 1 1 Converged Converged Converged OK OK OK 75 75 75 75 75 75 5 5 5 0 0 0 0 0 1 0 0
138 138 uniform 0 7 1385 1 0.001 0.29282142116300225 0.92217034069292636 0.0025267935452979659 0.12898109764282342 -3.2622162903891279 0.12878334858275661 0 0.011699117512692897 2.6465694132166755 OK 14 13 0.52838700000000005 0.49969400000000003 0.15339 0.37325199999999997 0.23514399999999999 0 0.15513500000000008 0.26455000000000006 0.15339 0.013006 0.013269 0.012338 0.12191900000000004 0.22766300000000003 0.12130699999999997 0.0032740000000000004 0.0034619999999999998 0.0033029999999999999 0.00086399999999999986 0.00086399999999999997 0.000861 2.6465693282294525 2.6465693282294525 2.6465693282294525 0.00052233733083866516 0.00052233733083866516 0.00052233733083866516 1 1 1 Converged Converged Converged OK OK OK 75 75 75 75 75 75 5 5 5 0 0 0 0 1 0 0 1
138 138 uniform 0 15 1385 2 0.001 0.29282142116300225 0.92217034069292636 0.0025267935452979659 0.12898109764282342 -3.2622162903891279 0.12913490246731982 0 0.011347563628129692 2.4563506897465093 OK 14 13 0.52180700000000002 0.499641 0.141322 0.37883899999999998 0.25116699999999997 0 0.14296800000000004 0.24847400000000003 0.141322 0.013291000000000001 0.013216 0.012517 0.11137200000000007 0.21681799999999996 0.110996 0.0029729999999999995 0.00314 0.0029110000000000004 0.00075199999999999996 0.0007629999999999999 0.00074100000000000001 2.4563548733080696 2.4563548733080696 2.4563548733080696 0.001719714741616904 0.001719714741616904 0.001719714741616904 1 1 1 Converged Converged Converged OK OK OK 67 67 67 67 67 67 5 5 5 0 0 0 0 1 0 0 1
138 138 uniform 0 23 1385 3 0.001 0.29282142116300225 0.92217034069292636 0.0025267935452979659 0.12898109764282342 -3.2622162903891279 0.12948645635188302 0 0.010996009743566487 2.2613766699845699 OK 14 13 0.50683400000000001 0.45441100000000001 0.13770299999999999 0.36704999999999999 0.230188 0 0.13978400000000002 0.22422300000000001 0.13770299999999999 0.012980999999999999 0.013143999999999999 0.012205000000000001 0.10823799999999999 0.19270800000000007 0.107699 0.0029859999999999999 0.002977 0.002846 0.00087499999999999991 0.000803 0.00079599999999999994 2.2613797342666953 2.2613797342666953 2.2613797342666953 0.0012997988198950423 0.0012997988198950423 0.0012997988198950423 1 1 1 Converged Converged Converged OK OK OK 67 67 67 67 67 67 5 5 5 0 0 0 0 1 0 0 1
138 138 uniform 0 0 1385 0 0.0001 0.29282142116300225 0.92217034069292636 0.0025267935452979659 0.12898109764282342 -3.2622162903891279 0.12847573893376382 0 0.012006727161685687 2.8102907593181294 OK 14 13 0.600684 0.59775400000000001 0.17185800000000001 0.42789199999999999 0.425035 0 0.172792 0.17271900000000001 0.17185800000000001 0.014189999999999999 0.014201 0.013728000000000001 0.12724299999999999 0.1275 0.12683399999999995 0.0041879999999999999 0.0042319999999999997 0.0041279999999999997 0.00107 0.001083 0.0010369999999999999 2.8102907509981914 2.8102907509981914 2.8102907509981914 0.00018397827937061543 0.00018397827937061543 0.00018397827937061543 1 1 1 Converged Converged Converged OK OK OK 91 91 91 91 91 91 5 5 5 0 0 0 0 0 1 0 0
138 138 uniform 0 7 1385 1 0.0001 0.29282142116300225 0.92217034069292636 0.0025267935452979659 0.12898109764282342 -3.2622162903891279 0.12878334858275661 0 0.011699117512692897 2.6465694132166755 OK 14 13 0.545624 0.56454499999999996 0.17147200000000001 0.37261899999999998 0.23700199999999999 0 0.17300500000000002 0.32754299999999997 0.17147200000000001 0.012851 0.013350000000000001 0.012312999999999999 0.13523200000000002 0.28919899999999987 0.13487100000000002 0.0041640000000000002 0.0042069999999999998 0.0040810000000000004 0.00097900000000000005 0.00098200000000000002 0.00096999999999999994 2.6465693282366596 2.6465693282366596 2.6465693282366596 0.00016793228602943097 0.00016793228602943097 0.00016793228602943097 1 1 1 Converged Converged Converged OK OK OK 91 91 91 91 91 91 5 5 5 0 0 0 0 1 0 0 1
138 138 uniform 0 15 1385 2 0.0001 0.29282142116300225 0.92217034069292636 0.0025267935452979659 0.12898109764282342 -3.2622162903891279 0.12913490246731982 0 0.011347563628129692 2.4563506897465093 OK 14 13 0.54425900000000005 0.58663799999999999 0.16778799999999999 0.37418800000000002 0.25215100000000001 0 0.17007100000000003 0.33448699999999998 0.16778799999999999 0.01321 0.013275 0.012566000000000001 0.13184000000000007 0.29614900000000011 0.13095400000000001 0.0043209999999999993 0.0042930000000000008 0.0041910000000000003 0.0010119999999999999 0.0010099999999999998 0.00097100000000000007 2.4563503462477732 2.4563503462477732 2.4563503462477732 0.00015585878314760599 0.00015585878314760599 0.00015585878314760599 1 1 1 Converged Converged Converged OK OK OK 91 91 91 91 91 91 5 5 5 0 0 0 0 1 0 0 1
138 138 uniform 0 23 1385 3 0.0001 0.29282142116300225 0.92217034069292636 0.0025267935452979659 0.12898109764282342 -3.2622162903891279 0.12948645635188302 0 0.010996009743566487 2.2613766699845699 OK 14 13 0.53418600000000005 0.54885600000000001 0.16650899999999999 0.36646200000000001 0.23322100000000001 0 0.16772400000000004 0.315635 0.16650899999999999 0.012891 0.013006 0.01231 0.13004200000000002 0.27699699999999999 0.12991200000000003 0.0040660000000000002 0.0044889999999999999 0.0039719999999999998 0.001075 0.00108 0.001103 2.2613761175334655 2.2613761175334655 2.2613761175334655 0.00015216838630521343 0.00015216838630521343 0.00015216838630521343 1 1 1 Converged Converged Converged OK OK OK 91 91 91 91 91 91 5 5 5 0 0 0 0 1 0 0 1
138 138 uniform 1 0 1386 0 0.001 0.29282142116300225 0.92217034069292636 0.0025267935452979659 0.040463369621568775 0.0011857541205649747 0.039958010912509181 0 0.10052445518294033 116.93044160806821 OK 16 15 0.52006799999999997 0.52320800000000001 0.15439800000000001 0.36158200000000001 0.366703 0 0.15848599999999996 0.15650500000000001 0.15439800000000001 0.01273 0.013271 0.012333 0.11741100000000003 0.11790099999999998 0.11714699999999995 0.0031960000000000001 0.0033280000000000002 0.00314 0.00068100000000000007 0.00069000000000000008 0.00066599999999999993 116.93125244325491 116.93125244325491 116.93125244325491 0.11032592747542828 0.11032592747542828 0.11032592747542828 1 1 1 Converged Converged Converged OK OK OK 73 73 73 73 73 73 7 7 7 0 0 0 0 0 1 0 0
138 138 uniform 1 7 1386 1 0.001 0.29282142116300225 0.92217034069292636 0.0025267935452979659 0.040463369621568775 0.0011857541205649747 0.040265620561501979 0 0.10021684553394752 113.89293065909756 OK 16 15 0.538354 0.44004300000000002 0.14508299999999999 0.39126 0.26229999999999998 0 0.147094 0.17774300000000004 0.14508299999999999 0.011847 0.015596 0.011179 0.11558299999999996 0.14220700000000003 0.11479899999999998 0.0031470000000000001 0.0033040000000000001 0.0030709999999999999 0.00068000000000000005 0.00071199999999999996 0.00066399999999999999 113.89372803861811 113.89372803861811 113.89372803861811 0.10554938323742291 0.10554938323742291 0.10554938323742291 1 1 1 Converged Converged Converged OK OK OK 73 73 73 73 73 73 7 7 7 0 0 0 0 1 0 0 1
138 138 uniform 1 15 1386 2 0.001 0.29282142116300225 0.92217034069292636 0.0025267935452979659 0.040463369621568775 0.0011857541205649747 0.04061717444606517 0 0.099865291649384347 110.43505936493374 OK 16 15 0.51815999999999995 0.40110899999999999 0.14654200000000001 0.36929600000000001 0.22712599999999999 0 0.14886399999999994 0.173983 0.14654200000000001 0.011901999999999999 0.01204 0.011117999999999999 0.11703100000000001 0.142235 0.11611300000000001 0.0032139999999999998 0.0032230000000000002 0.0031250000000000002 0.00067900000000000002 0.00068300000000000001 0.00066300000000000007 110.43585414370311 110.43585414370311 110.43585414370311 0.1005197771838342 0.1005197771838342 0.1005197771838342 1 1 1 Converged Converged Converged OK OK OK 73 73 73 73 73 73 7 7 7 0 0 0 0 1 0 0 1
138 138 uniform 1 23 1386 3 0.001 0.29282142116300225 0.92217034069292636 0.0025267935452979659 0.040463369621568775 0.0011857541205649747 0.040968728330628368 0 0.099513737764821142 107.00844864488468 OK 16 15 0.53564800000000001 0.436164 0.14723800000000001 0.38558900000000002 0.25761400000000001 0 0.150059 0.17854999999999999 0.14723800000000001 0.01201 0.012085 0.011143 0.11797299999999999 0.146591 0.117073 0.0033679999999999999 0.0033050000000000002 0.0031110000000000001 0.00071299999999999998 0.00070100000000000002 0.00067699999999999998 107.00924250807758 107.00924250807758 107.00924250807758 0.09600232428322833 0.09600232428322833 0.09600232428322833 1 1 1 Converged Converged Converged OK OK OK 73 73 73 73 73 73 7 7 7 0 0 0 0 1 0 0 1
138 138 uniform 1 0 1386 0 0.0001 0.29282142116300225 0.92217034069292636 0.0025267935452979659 0.040463369621568775 0.0011857541205649747 0.039958010912509181 0 0.10052445518294033 116.93044160806821 OK 16 15 0.57125099999999995 0.57226699999999997 0.20960699999999999 0.36055999999999999 0.36460799999999999 0 0.21069099999999996 0.20765899999999998 0.20960699999999999 0.01282 0.012858 0.012331 0.16077500000000003 0.16092500000000001 0.15996699999999994 0.004346 0.0044780000000000002 0.0043779999999999999 0.0010429999999999999 0.0010119999999999999 0.00097900000000000005 116.93045896669801 116.93045896669801 116.93045896669801 0.0038919374422663497 0.0038919374422663497 0.0038919374422663497 1 1 1 Converged Converged Converged OK OK OK 97 97 97 97 97 97 7 7 7 0 0 0 0 0 1 0 0
138 138 uniform 1 7 1386 1 0.0001 0.29282142116300225 0.92217034069292636 0.0025267935452979659 0.040463369621568775 0.0011857541205649747 0.040265620561501979 0 0.10021684553394752 113.89293065909756 OK 16 15 0.58774899999999997 0.48985000000000001 0.19572000000000001 0.38925999999999999 0.26046000000000002 0 0.19848899999999997 0.22938999999999998 0.19572000000000001 0.012108000000000001 0.012104 0.011136 0.15964899999999996 0.19086299999999992 0.15890400000000002 0.004581 0.0044640000000000001 0.0042980000000000006 0.001003 0.0010089999999999999 0.00099899999999999989 113.89294070275417 113.89294070275417 113.89294070275417 0.003809985523612623 0.003809985523612623 0.003809985523612623 1 1 1 Converged Converged Converged OK OK OK 97 97 97 97 97 97 7 7 7 0 0 0 0 1 0 0 1
138 138 uniform 1 15 1386 2 0.0001 0.29282142116300225 0.92217034069292636 0.0025267935452979659 0.040463369621568775 0.0011857541205649747 0.04061717444606517 0 0.099865291649384347 110.43505936493374 OK 16 15 0.57267999999999997 0.457677 0.19495999999999999 0.37370799999999998 0.23125000000000001 0 0.19897199999999998 0.22642699999999999 0.19495999999999999 0.012057 0.012104999999999999 0.011183999999999999 0.15999800000000008 0.18795599999999998 0.15820299999999998 0.0045789999999999997 0.0044659999999999995 0.0043170000000000005 0.00098999999999999999 0.00099899999999999989 0.00096199999999999996 110.43507346533731 110.43507346533731 110.43507346533731 0.0037036428741487938 0.0037036428741487938 0.0037036428741487938 1 1 1 Converged Converged Converged OK OK OK 97 97 97 97 97 97 7 7 7 0 0 0 0 1 0 0 1
138 138 uniform 1 23 1386 3 0.0001 0.29282142116300225 0.92217034069292636 0.0025267935452979659 0.040463369621568775 0.0011857541205649747 0.040968728330628368 0 0.099513737764821142 107.00844864488468 OK 16 15 0.58531200000000005 0.489902 0.19592300000000001 0.386214 0.25749499999999997 0 0.19909800000000005 0.23240700000000003 0.19592300000000001 0.012029 0.012097 0.011247 0.16057299999999994 0.19409199999999999 0.15915500000000002 0.004483 0.004555 0.0042880000000000001 0.00101 0.00099200000000000004 0.00094499999999999988 107.00846799563935 107.00846799563935 107.00846799563935 0.0035864713171617755 0.0035864713171617755 0.0035864713171617755 1 1 1 Converged Converged Converged OK OK OK 97 97 97 97 97 97 7 7 7 0 0 0 0 1 0 0 1
138 138 uniform 2 0 1387 0 0.001 0.29282142116300225 0.92217034069292636 0.0025267935452979659 -0.025200940969967316 0.0038870517347219134 -0.02570629967902691 0 0.16618876577447642 106.55223238506369 OK 14 13 0.53665099999999999 0.53224700000000003 0.14785300000000001 0.38819700000000001 0.382828 0 0.14845399999999997 0.14941900000000002 0.14785300000000001 0.012586 0.012777999999999999 0.012134000000000001 0.10753300000000002 0.10779199999999999 0.10730399999999998 0.0038640000000000002 0.0043030000000000004 0.0040439999999999999 0.00099299999999999996 0.00099000000000000021 0.0010059999999999999 106.55228920981347 106.55228920981347 106.55228920981347 0.084374672550621962 0.084374672550621962 0.084374672550621962 1 1 1 Converged Converged Converged OK OK OK 90 90 90 90 90 90 6 6 6 0 0 0 0 0 1 0 0
138 138 uniform 2 7 1387 1 0.001 0.29282142116300225 0.92217034069292636 0.0025267935452979659 -0.025200940969967316 0.0038870517347219134 -0.025398690030034112 0 0.16588115612548363 104.08098718444236 OK 14 13 0.552539 0.45339699999999999 0.15919700000000001 0.39230900000000002 0.26570899999999997 0 0.16022999999999998 0.18768800000000002 0.15919700000000001 0.011880999999999999 0.0121 0.011310000000000001 0.12182999999999998 0.14811300000000008 0.12177499999999997 0.0047860000000000003 0.0051669999999999997 0.0046180000000000006 0.001145 0.001219 0.0011589999999999999 104.08098891976999 104.08098891976999 104.08098891976999 0.014978204124836051 0.014978204124836051 0.014978204124836051 1 1 1 Converged Converged Converged OK OK OK 106 106 106 106 106 106 6 6 6 0 0 0 0 1 0 0 1
138 138 uniform 2 15 1387 2 0.001 0.29282142116300225 0.92217034069292636 0.0025267935452979659 -0.025200940969967316 0.0038870517347219134 -0.025047136145470918 0 0.16552960224092042 99.456122034799691 OK 14 13 0.52432900000000005 0.41913899999999998 0.157025 0.36643799999999999 0.23894499999999999 0 0.15789100000000006 0.18019399999999999 0.157025 0.011906 0.01196 0.011148 0.11968299999999996 0.14236499999999996 0.12129399999999996 0.0055490000000000001 0.0052979999999999989 0.0046589999999999999 0.0011179999999999999 0.001108 0.001116 99.456123592903637 99.456123592903637 99.456123592903637 0.016519555857541508 0.016519555857541508 0.016519555857541508 1 1 1 Converged Converged Converged OK OK OK 106 106 106 106 106 106 6 6 6 0 0 0 0 1 0 0 1
138 138 uniform 2 23 1387 3 0.001 0.29282142116300225 0.92217034069292636 0.0025267935452979659 -0.025200940969967316 0.0038870517347219134 -0.024695582260907723 0 0.16517804835635724 91.743486454927847 OK 15 14 0.56711500000000004 0.45643699999999998 0.15235699999999999 0.40953099999999998 0.26328299999999999 0 0.15758400000000006 0.19315399999999999 0.15235699999999999 0.018665000000000001 0.015531 0.014233000000000001 0.11524500000000004 0.15329300000000007 0.11486300000000005 0.0041060000000000003 0.0047499999999999999 0.0041380000000000002 0.00095199999999999994 0.0010500000000000002 0.0010330000000000001 91.743488936808532 91.743488936808532 91.743488936808532 0.04759060096961177 0.04759060096961177 0.04759060096961177 1 1 1 Converged Converged Converged OK OK OK 90 90 90 90 90 90 6 6 6 0 0 0 0 1 0 0 1
138 138 uniform 2 0 1387 0 0.0001 0.29282142116300225 0.92217034069292636 0.0025267935452979659 -0.025200940969967316 0.0038870517347219134 -0.02570629967902691 0 0.16618876577447642 106.55223238506369 OK 14 13 0.58392500000000003 0.57636399999999999 0.193498 0.38575999999999999 0.38541500000000001 0 0.19816500000000004 0.19094899999999998 0.193498 0.013036000000000001 0.01255 0.0121 0.14751700000000001 0.14232600000000006 0.14544199999999999 0.0057959999999999999 0.0053389999999999991 0.0051850000000000004 0.0013050000000000002 0.0012360000000000001 0.001232 106.5522339631586 106.5522339631586 106.5522339631586 0.0078792585738883206 0.0078792585738883206 0.0078792585738883206 1 1 1 Converged Converged Converged OK OK OK 114 114 114 114 114 114 6 6 6 0 0 0 0 0 1 0 0
138 138 uniform 2 7 1387 1 0.0001 0.29282142116300225 0.92217034069292636 0.0025267935452979659 -0.025200940969967316 0.0038870517347219134 -0.025398690030034112 0 0.16588115612548363 104.08098718444236 OK 14 13 0.56982200000000005 0.46845900000000001 0.17665600000000001 0.389708 0.26112299999999999 0 0.18011400000000005 0.20733600000000002 0.17665600000000001 0.012069 0.011998 0.011283 0.14052199999999995 0.168735 0.13912600000000003 0.0051850000000000004 0.0050869999999999995 0.0050289999999999996 0.0012650000000000001 0.001243 0.001291 104.08098961076522 104.08098961076522 104.08098961076522 0.0081389087915652181 0.0081389087915652181 0.0081389087915652181 1 1 1 Converged Converged Converged OK OK OK 114 114 114 114 114 114 6 6 6 0 0 0 0 1 0 0 1
138 138 uniform 2 15 1387 2 0.0001 0.29282142116300225 0.92217034069292636 0.0025267935452979659 -0.025200940969967316 0.0038870517347219134 -0.025047136145470918 0 0.16552960224092042 99.456122034799691 OK 14 13 0.54838500000000001 0.44187100000000001 0.17591200000000001 0.37035699999999999 0.240483 0 0.17802800000000002 0.20138800000000001 0.17591200000000001 0.012019999999999999 0.011952000000000001 0.011105 0.13887299999999997 0.16216699999999998 0.13817199999999996 0.005306 0.0054610000000000006 0.0052979999999999989 0.0012859999999999998 0.0012890000000000002 0.0012290000000000001 99.456124551730582 99.456124551730582 99.456124551730582 0.008478477564864785 0.008478477564864785 0.008478477564864785 1 1 1 Converged Converged Converged OK OK OK 114 114 114 114 114 114 6 6 6 0 0 0 0 1 0 0 1
138 138 uniform 2 23 1387 3 0.0001 0.29282142116300225 0.92217034069292636 0.0025267935452979659 -0.025200940969967316 0.0038870517347219134 -0.024695582260907723 0 0.16517804835635724 91.743486454927847 OK 15 14 0.62937200000000004 0.52673599999999998 0.21446599999999999 0.41144599999999998 0.262266 0 0.21792600000000006 0.26446999999999998 0.21446599999999999 0.015179 0.015252999999999999 0.01421 0.16482100000000008 0.21160000000000007 0.16354699999999994 0.0066510000000000007 0.0068269999999999997 0.0063280000000000003 0.001475 0.0014469999999999999 0.0014040000000000001 91.743490890144642 91.743490890144642 91.743490890144642 0.0061036070854545588 0.0061036070854545588 0.0061036070854545588 1 1 1 Converged Converged Converged OK OK OK 130 130 130 130 130 130 6 6 6 0 0 0 0 1 0 0 1
138 138 uniform 3 0 1388 0 0.001 0.29282142116300225 0.92217034069292636 0.0025267935452979659 -0.017490060543977122 0.018312270971879509 -0.017995419253036715 0 0.15847788534848622 17.267655312949586 OK 13 12 0.37730200000000003 0.37636500000000001 0.056298000000000001 0.31893899999999997 0.31894 0 0.058363000000000054 0.057425000000000004 0.056298000000000001 0.0091420000000000008 0.0088819999999999993 0.0084679999999999998 0.035997000000000001 0.035750000000000011 0.035493999999999998 0.0017699999999999999 0.001709 0.0016980000000000001 0.00043999999999999996 0.00044800000000000005 0.00044299999999999998 17.26765524587297 17.26765524587297 17.26765524587297 0.0061498540763016644 0.0061498540763016644 0.0061498540763016644 1 1 1 Converged Converged Converged OK OK OK 37 37 37 37 37 37 3 3 3 0 0 0 0 0 1 0 0
138 138 uniform 3 7 1388 1 0.001 0.29282142116300225 0.92217034069292636 0.0025267935452979659 -0.017490060543977122 0.018312270971879509 -0.017687809604043918 0 0.15817027569949343 17.306010727422571 OK 13 12 0.36992900000000001 0.275752 0.052065 0.31602999999999998 0.193019 0 0.05389900000000003 0.082733000000000001 0.052065 0.0082019999999999992 0.0082740000000000001 0.0076429999999999996 0.03409899999999999 0.063328999999999969 0.033482999999999992 0.0017519999999999999 0.0017499999999999998 0.001681 0.00045100000000000001 0.00043199999999999998 0.00041999999999999996 17.306010635492207 17.306010635492207 17.306010635492207 0.0061897285929176605 0.0061897285929176605 0.0061897285929176605 1 1 1 Converged Converged Converged OK OK OK 37 37 37 37 37 37 3 3 3 0 0 0 0 1 0 0 1
138 138 uniform 3 15 1388 2 0.001 0.29282142116300225 0.92217034069292636 0.0025267935452979659 -0.017490060543977122 0.018312270971879509 -0.017336255719480723 0 0.15781872181493023 17.351150028696832 OK 13 12 0.360398 0.25787199999999999 0.050668999999999999 0.30840299999999998 0.179506 0 0.051995000000000013 0.078365999999999991 0.050668999999999999 0.0081569999999999993 0.0080510000000000009 0.0076689999999999996 0.032416000000000007 0.058949000000000001 0.032090000000000007 0.0018039999999999998 0.0018010000000000001 0.0017309999999999999 0.00043100000000000001 0.00043800000000000002 0.00042000000000000002 17.351149914136478 17.351149914136478 17.351149914136478 0.0062362650139037206 0.0062362650139037206 0.0062362650139037206 1 1 1 Converged Converged Converged OK OK OK 37 37 37 37 37 37 3 3 3 0 0 0 0 1 0 0 1
138 138 uniform 3 23 1388 3 0.001 0.29282142116300225 0.92217034069292636 0.0025267935452979659 -0.017490060543977122 0.018312270971879509 -0.016984701834917529 0 0.15746716793036702 17.397709635702078 OK 13 12 0.38015199999999999 0.27065499999999998 0.052062999999999998 0.32631900000000003 0.197045 0 0.053832999999999964 0.073609999999999981 0.052062999999999998 0.0081440000000000002 0.0081600000000000006 0.0076099999999999996 0.034092999999999998 0.054278999999999987 0.033494999999999997 0.0017189999999999998 0.0017079999999999999 0.001701 0.000457 0.00044899999999999996 0.00042900000000000002 17.397709544689871 17.397709544689871 17.397709544689871 0.0062838544551309583 0.0062838544551309583 0.0062838544551309583 1 1 1 Converged Converged Converged OK OK OK 37 37 37 37 37 37 3 3 3 0 0 0 0 1 0 0 1
138 138 uniform 3 0 1388 0 0.0001 0.29282142116300225 0.92217034069292636 0.0025267935452979659 -0.017490060543977122 0.018312270971879509 -0.017995419253036715 0 0.15847788534848622 17.267655312949586 OK 13 12 0.41520499999999999 0.41877300000000001 0.096183000000000005 0.318249 0.32212499999999999 0 0.096955999999999987 0.096648000000000012 0.096183000000000005 0.0086689999999999996 0.0089569999999999997 0.0085089999999999992 0.064229999999999995 0.064176999999999998 0.064394000000000021 0.0034350000000000001 0.0034740000000000005 0.0033639999999999998 0.00068499999999999995 0.00069999999999999988 0.00068300000000000001 17.267655231312993 17.267655231312993 17.267655231312993 6.4429429377563889e-05 6.4429429377563889e-05 6.4429429377563889e-05 1 1 1 Converged Converged Converged OK OK OK 69 69 69 69 69 69 3 3 3 0 0 0 0 0 1 0 0
138 138 uniform 3 7 1388 1 0.0001 0.29282142116300225 0.92217034069292636 0.0025267935452979659 -0.017490060543977122 0.018312270971879509 -0.017687809604043918 0 0.15817027569949343 17.306010727422571 OK 13 12 0.410306 0.33387699999999998 0.091841000000000006 0.31739699999999998 0.19178799999999999 0 0.092909000000000019 0.14208899999999999 0.091841000000000006 0.0081180000000000002 0.0082570000000000005 0.0076420000000000004 0.063845000000000013 0.11258199999999999 0.063716000000000009 0.0034099999999999998 0.0034720000000000003 0.0033439999999999998 0.00069500000000000009 0.00071100000000000004 0.00068300000000000001 17.306010620649467 17.306010620649467 17.306010620649467 6.4430949881421842e-05 6.4430949881421842e-05 6.4430949881421842e-05 1 1 1 Converged Converged Converged OK OK OK 69 69 69 69 69 69 3 3 3 0 0 0 0 1 0 0 1
138 138 uniform 3 15 1388 2 0.0001 0.29282142116300225 0.92217034069292636 0.0025267935452979659 -0.017490060543977122 0.018312270971879509 -0.017336255719480723 0 0.15781872181493023 17.351150028696832 OK 13 12 0.39309899999999998 0.31700800000000001 0.086577000000000001 0.30501200000000001 0.18034600000000001 0 0.088086999999999971 0.13666200000000001 0.086577000000000001 0.008201 0.0081960000000000002 0.0077159999999999998 0.058767000000000014 0.10752300000000004 0.05838200000000001 0.0034819999999999999 0.0034699999999999996 0.0034080000000000004 0.00068500000000000006 0.00068400000000000004 0.00067099999999999994 17.351149898990062 17.351149898990062 17.351149898990062 6.4432646690414119e-05 6.4432646690414119e-05 6.4432646690414119e-05 1 1 1 Converged Converged Converged OK OK OK 69 69 69 69 69 69 3 3 3 0 0 0 0 1 0 0 1
138 138 uniform 3 23 1388 3 0.0001 0.29282142116300225 0.92217034069292636 0.0025267935452979659 -0.017490060543977122 0.018312270971879509 -0.016984701834917529 0 0.15746716793036702 17.397709635702078 OK 13 12 0.41765099999999999 0.33550000000000002 0.089698 0.32675799999999999 0.20288700000000001 0 0.090893000000000002 0.13261300000000001 0.089698 0.0081279999999999998 0.0082000000000000007 0.0076449999999999999 0.061952999999999994 0.103259 0.061602999999999977 0.0033799999999999998 0.003496 0.0033649999999999999 0.00070600000000000003 0.00070399999999999998 0.00067000000000000002 17.39770952926197 17.39770952926197 17.39770952926197 6.4434296018839364e-05 6.4434296018839364e-05 6.4434296018839364e-05 1 1 1 Converged Converged Converged OK OK OK 69 69 69 69 69 69 3 3 3 0 0 0 0 1 0 0 1
138 138 uniform 4 0 1389 0 0.001 0.29282142116300225 0.92217034069292636 0.0025267935452979659 0.12214629608502763 3.2746953695886902 0.12164093737596804 0 0.018841528719481471 1.4518241683218649 OK 13 12 0.45940399999999998 0.45702199999999998 0.102677 0.35536200000000001 0.35311300000000001 0 0.10404199999999997 0.10390899999999997 0.102677 0.010817999999999999 0.010918000000000001 0.010465 0.076532000000000031 0.076558000000000001 0.076023000000000007 0.0022000000000000001 0.0022060000000000001 0.0021339999999999996 0.00066399999999999988 0.00068199999999999999 0.00061800000000000006 1.4518246228239795 1.4518246228239795 1.4518246228239795 0.00065838210494023998 0.00065838210494023998 0.00065838210494023998 1 1 1 Converged Converged Converged OK OK OK 52 52 52 52 52 52 4 4 4 0 0 0 0 0 1 0 0
138 138 uniform 4 7 1389 1 0.001 0.29282142116300225 0.92217034069292636 0.0025267935452979659 0.12214629608502763 3.2746953695886902 0.12194854702496083 0 0.01853391907048868 1.4430096394311998 OK 13 12 0.45743400000000001 0.41942200000000002 0.094727000000000006 0.36101 0.22802900000000001 0 0.09642400000000001 0.19139300000000001 0.094727000000000006 0.0097859999999999996 0.0097809999999999998 0.0092580000000000006 0.072613999999999984 0.16782699999999998 0.072126999999999983 0.0021949999999999999 0.0021350000000000002 0.002052 0.00066299999999999996 0.00060899999999999995 0.00055499999999999994 1.4430146318950712 1.4430146318950798 1.4430146318950712 0.0011080459217812234 0.0011080459218028578 0.0011080459217812234 1 1 1 Converged Converged Converged OK OK OK 52 52 52 52 52 52 4 4 4 0 0 0 0 1 0 0 1
138 138 uniform 4 15 1389 2 0.001 0.29282142116300225 0.92217034069292636 0.0025267935452979659 0.12214629608502763 3.2746953695886902 0.12230010090952402 0 0.018182365185925489 1.4340526243485694 OK 13 12 0.43443399999999999 0.40127800000000002 0.088307999999999998 0.34477999999999998 0.20805399999999999 0 0.089654000000000011 0.19322400000000003 0.088307999999999998 0.0097680000000000006 0.0097809999999999998 0.0091750000000000009 0.065597000000000003 0.16926099999999991 0.065472000000000002 0.0021980000000000003 0.0022189999999999996 0.0022079999999999999 0.00061800000000000006 0.00062699999999999995 0.00059900000000000003 1.4340526132692586 1.4340526132692586 1.4340526132692586 0.00051085626081169273 0.00051085626081169273 0.00051085626081169273 1 1 1 Converged Converged Converged OK OK OK 45 45 45 45 45 45 3 3 3 0 0 0 0 1 0 0 1
138 138 uniform 4 23 1389 3 0.001 0.29282142116300225 0.92217034069292636 0.0025267935452979659 0.12214629608502763 3.2746953695886902 0.12265165479408721 0 0.017830811301362298 1.4261570149188363 OK 13 12 0.42088700000000001 0.39911099999999999 0.084720000000000004 0.33452300000000001 0.21010599999999999 0 0.086363999999999996 0.18900500000000001 0.084720000000000004 0.0099430000000000004 0.010101000000000001 0.0093100000000000006 0.062262000000000012 0.16450500000000001 0.061804000000000019 0.002235 0.0023190000000000003 0.0021840000000000002 0.00057399999999999997 0.00060300000000000002 0.00056499999999999996 1.4261570036967053 1.4261570036967053 1.4261570036967053 0.00050619345558419282 0.00050619345558419282 0.00050619345558419282 1 1 1 Converged Converged Converged OK OK OK 45 45 45 45 45 45 3 3 3 0 0 0 0 1 0 0 1
138 138 uniform 4 0 1389 0 0.0001 0.29282142116300225 0.92217034069292636 0.0025267935452979659 0.12214629608502763 3.2746953695886902 0.12164093737596804 0 0.018841528719481471 1.4518241683218649 OK 13 12 0.50551299999999999 0.50564100000000001 0.153421 0.351711 0.35106900000000002 0 0.15380199999999999 0.15457199999999999 0.153421 0.010840000000000001 0.010782999999999999 0.010718 0.11643400000000004 0.11681899999999996 0.11625899999999997 0.003771 0.004104 0.0039220000000000001 0.00093800000000000003 0.00090499999999999999 0.00094399999999999996 1.4518241561728054 1.4518241561728054 1.4518241561728054 6.4591747130752507e-05 6.4591747130752507e-05 6.4591747130752507e-05 1 1 1 Converged Converged Converged OK OK OK 84 84 84 84 84 84 4 4 4 0 0 0 0 0 1 0 0
138 138 uniform 4 7 1389 1 0.0001 0.29282142116300225 0.92217034069292636 0.0025267935452979659 0.12214629608502763 3.2746953695886902 0.12194854702496083 0 0.01853391907048868 1.4430096394311998 OK 13 12 0.516899 0.52842599999999995 0.14776 0.36770700000000001 0.22647600000000001 0 0.14919199999999999 0.30194999999999994 0.14776 0.0098049999999999995 0.0098230000000000001 0.0093039999999999998 0.11704500000000004 0.26996900000000007 0.116685 0.0038409999999999998 0.0038120000000000003 0.0038909999999999995 0.00087700000000000007 0.00086300000000000005 0.00084999999999999995 1.4430096345476457 1.4430096345476606 1.4430096345476457 6.3513214397622851e-05 6.3513214391390342e-05 6.3513214397622851e-05 1 1 1 Converged Converged Converged OK OK OK 84 84 84 84 84 84 4 4 4 0 0 0 0 1 0 0 1
138 138 uniform 4 15 1389 2 0.0001 0.29282142116300225 0.92217034069292636 0.0025267935452979659 0.12214629608502763 3.2746953695886902 0.12230010090952402 0 0.018182365185925489 1.4340526243485694 OK 13 12 0.49583300000000002 0.52043600000000001 0.147172 0.34710299999999999 0.21029600000000001 0 0.14873000000000003 0.31013999999999997 0.147172 0.0097040000000000008 0.0098820000000000002 0.0093039999999999998 0.11471099999999999 0.27598700000000009 0.11433399999999999 0.0038890000000000001 0.0040630000000000006 0.0039090000000000001 0.00083200000000000006 0.00083900000000000001 0.00081899999999999996 1.434052612398302 1.434052612398302 1.434052612398302 5.3021400788486559e-05 5.3021400788486559e-05 5.3021400788486559e-05 1 1 1 Converged Converged Converged OK OK OK 77 77 77 77 77 77 3 3 3 0 0 0 0 1 0 0 1
138 138 uniform 4 23 1389 3 0.0001 0.29282142116300225 0.92217034069292636 0.0025267935452979659 0.12214629608502763 3.2746953695886902 0.12265165479408721 0 0.017830811301362298 1.4261570149188363 OK 13 12 0.47176600000000002 0.50286900000000001 0.137574 0.33209 0.213839 0 0.13967600000000002 0.28903000000000001 0.137574 0.010030000000000001 0.010078999999999999 0.009417 0.10567400000000005 0.254716 0.10489199999999999 0.0039659999999999999 0.0040140000000000002 0.0038020000000000003 0.000794 0.00081599999999999999 0.00078200000000000014 1.4261570030763402 1.4261570030763402 1.4261570030763402 5.4008695478929603e-05 5.4008695478929603e-05 5.4008695478929603e-05 1 1 1 Converged Converged Converged OK OK OK 77 77 77 77 77 77 3 3 3 0 0 0 0 1 0 0 1
139 139 linear 0 0 1390 0 0.001 3.5809263634953887 0.00011907274406909463 7.4491999761893554e-05 -3.3008008237529505 0.00070353727460787036 -3.3008157221529029 0.5 3.3012420621158443 29.944206129108036 OK 14 13 0.58123100000000005 0.57561099999999998 0.18321200000000001 0.39434799999999998 0.38634800000000002 0 0.18688300000000008 0.18926299999999996 0.18321200000000001 0.039028 0.040142999999999998 0.037687999999999999 0.12087199999999999 0.121392 0.117866 0.0036259999999999999 0.0035729999999999998 0.0039659999999999999 0.00079999999999999993 0.00083700000000000007 0.00081899999999999985 29.944290855917814 29.944290855917814 29.944290855917814 0.012612205433435112 0.012612205433435112 0.012612205433435112 1 1 1 Converged Converged Converged OK OK OK 81 81 81 81 81 81 7 7 7 0 0 0 0 0 1 0 0
139 139 linear 0 7 1390 1 0.001 3.5809263634953887 0.00011907274406909463 7.4491999761893554e-05 -3.3008008237529505 0.00070353727460787036 -3.3008066535616276 0.5 3.301232993524569 29.349939638567392 OK 14 13 0.57457499999999995 0.43034299999999998 0.177845 0.39021699999999998 0.22933100000000001 0 0.18435799999999997 0.20101199999999997 0.177845 0.038531999999999997 0.043972999999999998 0.035615000000000001 0.12564 0.13594700000000004 0.12232700000000002 0.0035599999999999998 0.0038830000000000002 0.0035800000000000003 0.00079200000000000006 0.00083799999999999999 0.00080699999999999999 29.350107796691102 29.350107796691102 29.350107796691102 0.012101635664904249 0.012101635664904249 0.012101635664904249 1 1 1 Converged Converged Converged OK OK OK 81 81 81 81 81 81 7 7 7 0 0 0 0 1 0 0 1
139 139 linear 0 15 1390 2 0.001 3.5809263634953887 0.00011907274406909463 7.4491999761893554e-05 -3.3008008237529505 0.00070353727460787036 -3.3007962894573128 0.5 3.3012226294202542 28.413633684214819 OK 14 13 0.56960100000000002 0.43118400000000001 0.17686499999999999 0.38209599999999999 0.238561 0 0.18750500000000003 0.19262300000000002 0.17686499999999999 0.040044999999999997 0.037347999999999999 0.034733 0.12620499999999998 0.13437099999999999 0.12246000000000001 0.0040699999999999998 0.0039520000000000007 0.0035799999999999998 0.00081000000000000017 0.00080699999999999999 0.00075900000000000013 28.413755359179302 28.413755359179302 28.413755359179302 0.011523788980640097 0.011523788980640097 0.011523788980640097 1 1 1 Converged Converged Converged OK OK OK 81 81 81 81 81 81 7 7 7 0 0 0 0 1 0 0 1
139 139 linear 0 23 1390 3 0.001 3.5809263634953887 0.00011907274406909463 7.4491999761893554e-05 -3.3008008237529505 0.00070353727460787036 -3.3007859253529981 0.5 3.3012122653159395 27.228560503813114 OK 14 13 0.60447200000000001 0.45984000000000003 0.168986 0.42329499999999998 0.26094600000000001 0 0.18117700000000003 0.19889400000000002 0.168986 0.036304000000000003 0.039356000000000002 0.031578000000000002 0.12445299999999997 0.13888099999999995 0.11786600000000003 0.0035930000000000007 0.0036579999999999998 0.003555 0.00078399999999999997 0.000794 0.00076800000000000002 27.228579315996846 27.228579315996846 27.228579315996846 0.010999171128099771 0.010999171128099771 0.010999171128099771 1 1 1 Converged Converged Converged OK OK OK 81 81 81 81 81 81 7 7 7 0 0 0 0 1 0 0 1
139 139 linear 0 0 1390 0 0.0001 3.5809263634953887 0.00011907274406909463 7.4491999761893554e-05 -3.3008008237529505 0.00070353727460787036 -3.3008157221529029 0.5 3.3012420621158443 29.944206129108036 OK 14 13 0.66199600000000003 0.65134499999999995 0.26077400000000001 0.39042399999999999 0.38489499999999999 0 0.27157200000000004 0.26644999999999996 0.26077400000000001 0.039336000000000003 0.041373 0.037469000000000002 0.18293000000000009 0.17930299999999999 0.17833499999999999 0.0064979999999999994 0.0069360000000000012 0.006412000000000001 0.0012700000000000001 0.0012800000000000001 0.001242 29.944291015349307 29.944291015349307 29.944291015349307 0.0018283402875029695 0.0018283402875029695 0.0018283402875029695 1 1 1 Converged Converged Converged OK OK OK 129 129 129 129 129 129 7 7 7 0 0 0 0 0 1 0 0
139 139 linear 0 7 1390 1 0.0001 3.5809263634953887 0.00011907274406909463 7.4491999761893554e-05 -3.3008008237529505 0.00070353727460787036 -3.3008066535616276 0.5 3.301232993524569 29.349939638567392 OK 14 13 0.65900899999999996 0.50254699999999997 0.24960399999999999 0.39432 0.225494 0 0.26468899999999995 0.27705299999999999 0.24960399999999999 0.040176999999999997 0.040433999999999998 0.035275000000000001 0.18958399999999995 0.20074400000000003 0.18093900000000002 0.0067930000000000004 0.0074199999999999995 0.0063629999999999997 0.0012640000000000004 0.001335 0.0011860000000000002 29.35010784315639 29.35010784315639 29.35010784315639 0.001624274344308653 0.001624274344308653 0.001624274344308653 1 1 1 Converged Converged Converged OK OK OK 129 129 129 129 129 129 7 7 7 0 0 0 0 1 0 0 1
139 139 linear 0 15 1390 2 0.0001 3.5809263634953887 0.00011907274406909463 7.4491999761893554e-05 -3.3008008237529505 0.00070353727460787036 -3.3007962894573128 0.5 3.3012226294202542 28.413633684214819 OK 14 13 0.64165000000000005 0.51350899999999999 0.25123899999999999 0.38164199999999998 0.23871800000000001 0 0.26000800000000007 0.27479100000000001 0.25123899999999999 0.038664999999999998 0.036764999999999999 0.034852000000000001 0.18728300000000003 0.203567 0.18320799999999993 0.0066160000000000004 0.0066270000000000001 0.0062760000000000003 0.001206 0.0012260000000000001 0.0011840000000000002 28.413755359029658 28.413755359029658 28.413755359029658 0.0014386764742800784 0.0014386764742800784 0.0014386764742800784 1 1 1 Converged Converged Converged OK OK OK 129 129 129 129 129 129 7 7 7 0 0 0 0 1 0 0 1
139 139 linear 0 23 1390 3 0.0001 3.5809263634953887 0.00011907274406909463 7.4491999761893554e-05 -3.3008008237529505 0.00070353727460787036 -3.3007859253529981 0.5 3.3012122653159395 27.228560503813114 OK 14 13 0.66205400000000003 0.51376599999999994 0.22079499999999999 0.42167500000000002 0.263853 0 0.24037900000000001 0.24991299999999994 0.22079499999999999 0.038381999999999999 0.038690000000000002 0.031704999999999997 0.16950999999999997 0.18072100000000002 0.15915300000000013 0.0066539999999999993 0.0056360000000000004 0.0055520000000000005 0.0011409999999999999 0.0011170000000000002 0.00108 27.228579318162431 27.228579318162431 27.228579318162431 0.0025198867606317523 0.0025198867606317523 0.0025198867606317523 1 1 1 Converged Converged Converged OK OK OK 113 113 113 113 113 113 7 7 7 0 0 0 0 1 0 0 1
139 139 linear 1 0 1391 0 0.001 3.5809263634953887 0.00011907274406909463 7.4491999761893554e-05 -3.301186323220699 -0.0013937955426504057 -3.3012012216206514 0.5 3.3016275615835928 30.126746014334337 OK 14 13 0.769895 0.75050700000000004 0.200964 0.55857299999999999 0.54477399999999998 0 0.21132200000000001 0.20573300000000005 0.200964 0.041821999999999998 0.040916000000000001 0.037926000000000001 0.13899999999999996 0.13382999999999995 0.13306900000000002 0.0046929999999999993 0.0049719999999999999 0.0047610000000000005 0.0010839999999999999 0.001023 0.0010299999999999999 30.126947433064736 30.126947433064736 30.126947433064736 0.016277573171181878 0.016277573171181878 0.016277573171181878 1 1 1 Converged Converged Converged OK OK OK 90 90 90 90 90 90 6 6 6 0 0 0 0 0 1 0 0
139 139 linear 1 7 1391 1 0.001 3.5809263634953887 0.00011907274406909463 7.4491999761893554e-05 -3.301186323220699 -0.0013937955426504057 -3.3011921530293762 0.5 3.3016184929923176 26.783463485673032 OK 14 13 0.72253599999999996 0.570882 0.193354 0.51546700000000001 0.3488 0 0.20706899999999995 0.222082 0.193354 0.040536999999999997 0.039205999999999998 0.035485000000000003 0.14287599999999998 0.16002600000000006 0.13555599999999995 0.0045040000000000002 0.0043480000000000003 0.0042150000000000009 0.0010279999999999998 0.0010020000000000001 0.001023 26.783641834902564 26.783641834902564 26.783641834902564 0.015635336688001801 0.015635336688001801 0.015635336688001801 1 1 1 Converged Converged Converged OK OK OK 90 90 90 90 90 90 6 6 6 0 0 0 0 1 0 0 1
139 139 linear 1 15 1391 2 0.001 3.5809263634953887 0.00011907274406909463 7.4491999761893554e-05 -3.301186323220699 -0.0013937955426504057 -3.3011817889250614 0.5 3.3016081288880028 22.857971295788346 OK 14 13 0.58683600000000002 0.465389 0.165521 0.40542600000000001 0.27910800000000002 0 0.18141000000000002 0.18628099999999997 0.165521 0.042352000000000001 0.038616999999999999 0.034705 0.11938299999999998 0.12790000000000001 0.11204800000000002 0.0035889999999999997 0.003882 0.0034950000000000003 0.00084699999999999999 0.00086700000000000004 0.00086700000000000004 22.858002768106111 22.858002768106111 22.858002768106111 0.020320628628107615 0.020320628628107615 0.020320628628107615 1 1 1 Converged Converged Converged OK OK OK 74 74 74 74 74 74 6 6 6 0 0 0 0 1 0 0 1
139 139 linear 1 23 1391 3 0.001 3.5809263634953887 0.00011907274406909463 7.4491999761893554e-05 -3.301186323220699 -0.0013937955426504057 -3.3011714248207467 0.5 3.301597764783688 18.879302068681245 OK 14 13 0.71488300000000005 0.60882800000000004 0.18351000000000001 0.52124499999999996 0.400281 0 0.19363800000000009 0.20854700000000004 0.18351000000000001 0.040752999999999998 0.039477999999999999 0.034713000000000001 0.129214 0.14530999999999994 0.12628699999999995 0.0045450000000000004 0.0046049999999999997 0.0042399999999999998 0.0009859999999999999 0.00099599999999999992 0.00087600000000000004 18.879385137472198 18.879385137472198 18.879385137472198 0.014596307494398488 0.014596307494398488 0.014596307494398488 1 1 1 Converged Converged Converged OK OK OK 82 82 82 82 82 82 6 6 6 0 0 0 0 1 0 0 1
139 139 linear 1 0 1391 0 0.0001 3.5809263634953887 0.00011907274406909463 7.4491999761893554e-05 -3.301186323220699 -0.0013937955426504057 -3.3012012216206514 0.5 3.3016275615835928 30.126746014334337 OK 14 13 0.81838900000000003 0.80301999999999996 0.25446600000000003 0.55371000000000004 0.53953200000000001 0 0.264679 0.26348799999999994 0.25446600000000003 0.040502000000000003 0.040807000000000003 0.037256999999999998 0.18038600000000005 0.17978799999999995 0.17503300000000002 0.0062519999999999997 0.006417 0.0062890000000000003 0.0012780000000000001 0.0012809999999999996 0.001271 30.126947448270151 30.126947448270151 30.126947448270151 0.0010587353587447623 0.0010587353587447623 0.0010587353587447623 1 1 1 Converged Converged Converged OK OK OK 122 122 122 122 122 122 6 6 6 0 0 0 0 0 1 0 0
139 139 linear 1 7 1391 1 0.0001 3.5809263634953887 0.00011907274406909463 7.4491999761893554e-05 -3.301186323220699 -0.0013937955426504057 -3.3011921530293762 0.5 3.3016184929923176 26.783463485673032 OK 14 13 0.767154 0.63658199999999998 0.25067600000000001 0.50741599999999998 0.35043400000000002 0 0.25973800000000002 0.28614799999999996 0.25067600000000001 0.041345 0.039584000000000001 0.034987999999999998 0.18398400000000001 0.21341199999999999 0.18265000000000006 0.0066270000000000001 0.0063689999999999997 0.0062880000000000002 0.0013410000000000002 0.001353 0.0012829999999999999 26.783641849636119 26.783641849636119 26.783641849636119 0.00097500233352966958 0.00097500233352966958 0.00097500233352966958 1 1 1 Converged Converged Converged OK OK OK 122 122 122 122 122 122 6 6 6 0 0 0 0 1 0 0 1
139 139 linear 1 15 1391 2 0.0001 3.5809263634953887 0.00011907274406909463 7.4491999761893554e-05 -3.301186323220699 -0.0013937955426504057 -3.3011817889250614 0.5 3.3016081288880028 22.857971295788346 OK 14 13 0.66265200000000002 0.56289900000000004 0.24182799999999999 0.41139900000000001 0.28037299999999998 0 0.251253 0.28252600000000005 0.24182799999999999 0.039098000000000001 0.039095999999999999 0.034771000000000003 0.17843400000000004 0.20989900000000006 0.17479900000000004 0.0067660000000000003 0.0065140000000000007 0.0061350000000000007 0.0013550000000000001 0.0013619999999999999 0.0013089999999999998 22.858002727338071 22.858002727338071 22.858002727338071 0.00093174395122344524 0.00093174395122344524 0.00093174395122344524 1 1 1 Converged Converged Converged OK OK OK 122 122 122 122 122 122 6 6 6 0 0 0 0 1 0 0 1
139 139 linear 1 23 1391 3 0.0001 3.5809263634953887 0.00011907274406909463 7.4491999761893554e-05 -3.301186323220699 -0.0013937955426504057 -3.3011714248207467 0.5 3.301597764783688 18.879302068681245 OK 14 13 0.778227 0.66784100000000002 0.24646999999999999 0.52115699999999998 0.39738400000000001 0 0.25707000000000002 0.270457 0.24646999999999999 0.041207000000000001 0.038878000000000003 0.039456999999999999 0.18027799999999997 0.19846700000000003 0.17492600000000003 0.0078709999999999995 0.0064190000000000011 0.0062000000000000006 0.0013080000000000001 0.0013370000000000001 0.0012689999999999999 18.879385325902572 18.879385325902572 18.879385325902572 0.0009495630833903575 0.0009495630833903575 0.0009495630833903575 1 1 1 Converged Converged Converged OK OK OK 122 122 122 122 122 122 6 6 6 0 0 0 0 1 0 0 1
139 139 linear 2 0 1392 0 0.001 3.5809263634953887 0.00011907274406909463 7.4491999761893554e-05 -3.3011775295169676 0.0011076059908387917 -3.30119242791692 0.5 3.3016187678798614 26.000551541191502 OK 15 14 0.66981299999999999 0.66645900000000002 0.24260899999999999 0.42825600000000003 0.41988900000000001 0 0.24155699999999997 0.24657000000000001 0.24260899999999999 0.063723000000000002 0.068764000000000006 0.062603000000000006 0.14492600000000003 0.14330499999999996 0.14665199999999998 0.0047369999999999999 0.005653 0.0052770000000000004 0.0010059999999999999 0.001065 0.0010319999999999999 26.000700607948541 26.000700607948541 26.000700607948541 0.019039801083692447 0.019039801083692447 0.019039801083692447 1 1 1 Converged Converged Converged OK OK OK 90 90 90 90 90 90 6 6 6 0 0 0 0 0 1 0 0
139 139 linear 2 7 1392 1 0.001 3.5809263634953887 0.00011907274406909463 7.4491999761893554e-05 -3.3011775295169676 0.0011076059908387917 -3.3011833593256448 0.5 3.3016096992885862 26.892205402021489 OK 15 14 0.66133699999999995 0.54342100000000004 0.229411 0.42091299999999998 0.28173100000000001 0 0.24042399999999997 0.26169000000000003 0.229411 0.070098999999999995 0.067942000000000002 0.063124 0.14416900000000002 0.16676100000000008 0.14026599999999989 0.0046319999999999998 0.0051349999999999998 0.0048339999999999998 0.0009810000000000001 0.0010220000000000001 0.001 26.892192274222971 26.892192274222971 26.892192274222971 0.017407188133277032 0.017407188133277032 0.017407188133277032 1 1 1 Converged Converged Converged OK OK OK 90 90 90 90 90 90 6 6 6 0 0 0 0 1 0 0 1
139 139 linear 2 15 1392 2 0.001 3.5809263634953887 0.00011907274406909463 7.4491999761893554e-05 -3.3011775295169676 0.0011076059908387917 -3.30117299522133 0.5 3.3015993351842714 28.385101454804733 OK 15 14 0.64643600000000001 0.54713900000000004 0.22636200000000001 0.40955900000000001 0.28669800000000001 0 0.236877 0.26044100000000003 0.22636200000000001 0.066294000000000006 0.065068000000000001 0.062649999999999997 0.14321600000000007 0.16856599999999999 0.13811599999999999 0.0055370000000000003 0.0053159999999999995 0.0049289999999999994 0.0010009999999999999 0.0009630000000000001 0.00097999999999999997 28.385062236663025 28.385062236663025 28.385062236663025 0.023710992442029837 0.023710992442029837 0.023710992442029837 1 1 1 Converged Converged Converged OK OK OK 90 90 90 90 90 90 6 6 6 0 0 0 0 1 0 0 1
139 139 linear 2 23 1392 3 0.001 3.5809263634953887 0.00011907274406909463 7.4491999761893554e-05 -3.3011775295169676 0.0011076059908387917 -3.3011626311170152 0.5 3.3015889710799566 31.200481601229438 OK 14 13 0.62629900000000005 0.49743799999999999 0.18912799999999999 0.42860300000000001 0.288748 0 0.19769600000000004 0.20868999999999999 0.18912799999999999 0.036562999999999998 0.037290999999999998 0.033347000000000002 0.13711200000000007 0.14765099999999998 0.13298700000000002 0.0051110000000000001 0.0051310000000000001 0.0046860000000000001 0.0010320000000000001 0.001049 0.0010049999999999998 31.200476663097508 31.200476663097508 31.200476663097508 0.019717499943513225 0.019717499943513225 0.019717499943513225 1 1 1 Converged Converged Converged OK OK OK 90 90 90 90 90 90 6 6 6 0 0 0 0 1 0 0 1
139 139 linear 2 0 1392 0 0.0001 3.5809263634953887 0.00011907274406909463 7.4491999761893554e-05 -3.3011775295169676 0.0011076059908387917 -3.30119242791692 0.5 3.3016187678798614 26.000551541191502 OK 15 14 0.75080599999999997 0.74188900000000002 0.32454499999999997 0.41681600000000002 0.41409400000000002 0 0.33398999999999995 0.327795 0.32454499999999997 0.068454000000000001 0.067198999999999995 0.063279000000000002 0.21313700000000002 0.2058930000000001 0.20976599999999998 0.0080730000000000003 0.0097289999999999981 0.0078319999999999987 0.0014610000000000001 0.0016720000000000003 0.001529 26.000530697358705 26.000530697358705 26.000530697358705 0.0013409555725947936 0.0013409555725947936 0.0013409555725947936 1 1 1 Converged Converged Converged OK OK OK 138 138 138 138 138 138 6 6 6 0 0 0 0 0 1 0 0
139 139 linear 2 7 1392 1 0.0001 3.5809263634953887 0.00011907274406909463 7.4491999761893554e-05 -3.3011775295169676 0.0011076059908387917 -3.3011833593256448 0.5 3.3016096992885862 26.892205402021489 OK 15 14 0.73855700000000002 0.63597700000000001 0.30501800000000001 0.424842 0.280387 0 0.31371500000000002 0.35559000000000002 0.30501800000000001 0.066642999999999994 0.068277000000000004 0.063811999999999994 0.20712 0.24621500000000002 0.20137499999999992 0.0073760000000000006 0.0084740000000000006 0.0078259999999999996 0.0014659999999999996 0.0015659999999999999 0.0015550000000000002 26.892182399682905 26.892182399682905 26.892182399682905 0.0020281208613923845 0.0020281208613923845 0.0020281208613923845 1 1 1 Converged Converged Converged OK OK OK 138 138 138 138 138 138 6 6 6 0 0 0 0 1 0 0 1
139 139 linear 2 15 1392 2 0.0001 3.5809263634953887 0.00011907274406909463 7.4491999761893554e-05 -3.3011775295169676 0.0011076059908387917 -3.30117299522133 0.5 3.3015993351842714 28.385101454804733 OK 15 14 0.74103200000000002 0.66090700000000002 0.32090999999999997 0.41216700000000001 0.28601500000000002 0 0.32886500000000002 0.374892 0.32090999999999997 0.067829 0.068584999999999993 0.063964999999999994 0.21712899999999999 0.26149399999999978 0.21333600000000005 0.0083039999999999989 0.0088310000000000003 0.0084530000000000004 0.001536 0.001622 0.0015250000000000001 28.38506156710972 28.38506156710972 28.38506156710972 0.00089756962719040321 0.00089756962719040321 0.00089756962719040321 1 1 1 Converged Converged Converged OK OK OK 146 146 146 146 146 146 6 6 6 0 0 0 0 1 0 0 1
139 139 linear 2 23 1392 3 0.0001 3.5809263634953887 0.00011907274406909463 7.4491999761893554e-05 -3.3011775295169676 0.0011076059908387917 -3.3011626311170152 0.5 3.3015889710799566 31.200481601229438 OK 14 13 0.70777000000000001 0.61914400000000003 0.27963100000000002 0.42177700000000001 0.289381 0 0.285993 0.32976300000000003 0.27963100000000002 0.037386000000000003 0.039965000000000001 0.034046 0.20918999999999999 0.24747100000000002 0.20342099999999994 0.008372000000000001 0.010340999999999999 0.0083589999999999984 0.0016850000000000001 0.0019129999999999998 0.001712 31.200476236008935 31.200476236008935 31.200476236008935 0.0010567753263740081 0.0010567753263740081 0.0010567753263740081 1 1 1 Converged Converged Converged OK OK OK 146 146 146 146 146 146 6 6 6 0 0 0 0 1 0 0 1
139 139 linear 3 0 1393 0 0.001 3.5809263634953887 0.00011907274406909463 7.4491999761893554e-05 -3.3009935879680792 -0.00081037708096606581 -3.3010084863680316 0.5 3.301434826330973 21.594879993967023 OK 15 14 0.61088500000000001 0.60586499999999999 0.23835400000000001 0.36813000000000001 0.36836400000000002 0 0.242755 0.23750099999999996 0.23835400000000001 0.067215999999999998 0.065056000000000003 0.067171999999999996 0.13877200000000009 0.13634299999999994 0.13546799999999998 0.0056269999999999992 0.0053090000000000004 0.0052269999999999999 0.0010840000000000001 0.0011609999999999999 0.0010449999999999999 21.594860809030465 21.594860809030465 21.594860809030465 0.010071595858325875 0.010071595858325875 0.010071595858325875 1 1 1 Converged Converged Converged OK OK OK 98 98 98 98 98 98 6 6 6 0 0 0 0 0 1 0 0
139 139 linear 3 7 1393 1 0.001 3.5809263634953887 0.00011907274406909463 7.4491999761893554e-05 -3.3009935879680792 -0.00081037708096606581 -3.3009994177767563 0.5 3.3014257577396977 22.213199337064164 OK 15 14 0.62255499999999997 0.50868500000000005 0.22653899999999999 0.38259900000000002 0.24352799999999999 0 0.23995599999999995 0.26515700000000009 0.22653899999999999 0.067168000000000005 0.067335000000000006 0.060194999999999999 0.14301300000000003 0.16920299999999999 0.13930800000000002 0.0058580000000000004 0.0053780000000000008 0.0050289999999999996 0.0011310000000000001 0.001101 0.0010859999999999999 22.213179579874414 22.213179579874414 22.213179579874414 0.010051647227665815 0.010051647227665815 0.010051647227665815 1 1 1 Converged Converged Converged OK OK OK 98 98 98 98 98 98 6 6 6 0 0 0 0 1 0 0 1
139 139 linear 3 15 1393 2 0.001 3.5809263634953887 0.00011907274406909463 7.4491999761893554e-05 -3.3009935879680792 -0.00081037708096606581 -3.3009890536724416 0.5 3.3014153936353829 23.071617568450584 OK 15 14 0.62611899999999998 0.49109399999999997 0.226048 0.39139200000000002 0.24310999999999999 0 0.23472699999999996 0.24798399999999998 0.226048 0.069844000000000003 0.064221 0.061609999999999998 0.13619799999999999 0.15527300000000002 0.137098 0.0054700000000000009 0.0055229999999999993 0.0051050000000000002 0.0011849999999999999 0.0012210000000000001 0.0011539999999999999 23.071597588434027 23.071597588434027 23.071597588434027 0.010053857752844616 0.010053857752844616 0.010053857752844616 1 1 1 Converged Converged Converged OK OK OK 98 98 98 98 98 98 6 6 6 0 0 0 0 1 0 0 1
139 139 linear 3 23 1393 3 0.001 3.5809263634953887 0.00011907274406909463 7.4491999761893554e-05 -3.3009935879680792 -0.00081037708096606581 -3.3009786895681268 0.5 3.3014050295310682 24.182394954328043 OK 15 14 0.65004399999999996 0.51445799999999997 0.22465399999999999 0.41388799999999998 0.258909 0 0.23615599999999998 0.25554899999999997 0.22465399999999999 0.068224999999999994 0.068239999999999995 0.061948000000000003 0.13925300000000004 0.15858299999999995 0.13562400000000002 0.0055150000000000008 0.0056449999999999998 0.0050299999999999997 0.0010920000000000001 0.00124 0.0010629999999999999 24.182369893551606 24.182369893551606 24.182369893551606 0.01011858907076426 0.01011858907076426 0.01011858907076426 1 1 1 Converged Converged Converged OK OK OK 98 98 98 98 98 98 6 6 6 0 0 0 0 1 0 0 1
139 139 linear 3 0 1393 0 0.0001 3.5809263634953887 0.00011907274406909463 7.4491999761893554e-05 -3.3009935879680792 -0.00081037708096606581 -3.3010084863680316 0.5 3.301434826330973 21.594879993967023 OK 15 14 0.67416399999999999 0.665462 0.29045399999999999 0.37400099999999997 0.36939300000000003 0 0.30016300000000001 0.29606899999999997 0.29045399999999999 0.064901 0.066009999999999999 0.061968000000000002 0.18604699999999993 0.18064299999999997 0.17950999999999992 0.0069750000000000012 0.007391 0.0068630000000000002 0.0013670000000000002 0.001397 0.001341 21.594860811068799 21.594860811068799 21.594860811068799 0.00091990593560077648 0.00091990593560077648 0.00091990593560077648 1 1 1 Converged Converged Converged OK OK OK 130 130 130 130 130 130 6 6 6 0 0 0 0 0 1 0 0
139 139 linear 3 7 1393 1 0.0001 3.5809263634953887 0.00011907274406909463 7.4491999761893554e-05 -3.3009935879680792 -0.00081037708096606581 -3.3009994177767563 0.5 3.3014257577396977 22.213199337064164 OK 15 14 0.68532000000000004 0.56696899999999995 0.277868 0.385795 0.246084 0 0.29952500000000004 0.32088499999999998 0.277868 0.064425999999999997 0.06651 0.060009 0.19458 0.21618599999999993 0.18096000000000004 0.007319 0.0071220000000000007 0.0067289999999999997 0.0014619999999999998 0.001366 0.0013470000000000001 22.213179581924457 22.213179581924457 22.213179581924457 0.00093763648233088849 0.00093763648233088849 0.00093763648233088849 1 1 1 Converged Converged Converged OK OK OK 130 130 130 130 130 130 6 6 6 0 0 0 0 1 0 0 1
139 139 linear 3 15 1393 2 0.0001 3.5809263634953887 0.00011907274406909463 7.4491999761893554e-05 -3.3009935879680792 -0.00081037708096606581 -3.3009890536724416 0.5 3.3014153936353829 23.071617568450584 OK 15 14 0.687469 0.54699500000000001 0.27449200000000001 0.402424 0.23771800000000001 0 0.28504499999999999 0.30927700000000002 0.27449200000000001 0.066515000000000005 0.064265000000000003 0.061928999999999998 0.17988099999999987 0.20661199999999999 0.17531499999999997 0.0071659999999999988 0.0074149999999999997 0.0069499999999999987 0.001547 0.0014659999999999999 0.0014649999999999997 23.071597590495401 23.071597590495401 23.071597590495401 0.00098194396292553216 0.00098194396292553216 0.00098194396292553216 1 1 1 Converged Converged Converged OK OK OK 130 130 130 130 130 130 6 6 6 0 0 0 0 1 0 0 1
139 139 linear 3 23 1393 3 0.0001 3.5809263634953887 0.00011907274406909463 7.4491999761893554e-05 -3.3009935879680792 -0.00081037708096606581 -3.3009786895681268 0.5 3.3014050295310682 24.182394954328043 OK 15 14 0.70992500000000003 0.56991400000000003 0.27908500000000003 0.41667700000000002 0.255693 0 0.29324800000000001 0.31422100000000003 0.27908500000000003 0.071189000000000002 0.068183999999999995 0.062829999999999997 0.18274900000000005 0.20777100000000004 0.17870800000000001 0.0079449999999999989 0.0074179999999999992 0.0070740000000000013 0.0014939999999999999 0.0013620000000000001 0.0013359999999999999 24.182369895624902 24.182369895624902 24.182369895624902 0.0010877782614041509 0.0010877782614041509 0.0010877782614041509 1 1 1 Converged Converged Converged OK OK OK 130 130 130 130 130 130 6 6 6 0 0 0 0 1 0 0 1
139 139 linear 4 0 1394 0 0.001 3.5809263634953887 0.00011907274406909463 7.4491999761893554e-05 -3.3019163198404491 0.0007683054722837638 -3.3019312182404015 0.5 3.3023575582033429 4.8209061018534056 OK 13 12 0.47519400000000001 0.47637400000000002 0.107754 0.364427 0.36759199999999997 0 0.110767 0.10878200000000005 0.107754 0.0088889999999999993 0.0091369999999999993 0.0085590000000000006 0.082942999999999975 0.080932999999999977 0.080757999999999983 0.0027810000000000001 0.002787 0.0026909999999999998 0.00061200000000000002 0.00059999999999999995 0.00059299999999999999 4.82089883879119 4.82089883879119 4.82089883879119 0.0045382779240691505 0.0045382779240691505 0.0045382779240691505 1 1 1 Converged Converged Converged OK OK OK 53 53 53 53 53 53 3 3 3 0 0 0 0 0 1 0 0
139 139 linear 4 7 1394 1 0.001 3.5809263634953887 0.00011907274406909463 7.4491999761893554e-05 -3.3019163198404491 0.0007683054722837638 -3.3019221496491262 0.5 3.3023484896120676 4.8306819699999224 OK 13 12 0.471468 0.33968500000000001 0.100716 0.36288500000000001 0.224413 0 0.10858299999999999 0.11527200000000001 0.100716 0.0081939999999999999 0.0083999999999999995 0.0077409999999999996 0.079562999999999995 0.090068999999999996 0.076864000000000002 0.0067000000000000002 0.00281 0.0027320000000000001 0.00058199999999999994 0.00055200000000000008 0.00055199999999999997 4.8306746874899664 4.8306746874899664 4.8306746874899664 0.004558623622630693 0.004558623622630693 0.004558623622630693 1 1 1 Converged Converged Converged OK OK OK 53 53 53 53 53 53 3 3 3 0 0 0 0 1 0 0 1
139 139 linear 4 15 1394 2 0.001 3.5809263634953887 0.00011907274406909463 7.4491999761893554e-05 -3.3019163198404491 0.0007683054722837638 -3.3019117855448115 0.5 3.3023381255077529 4.8420725239838651 OK 13 12 0.45930500000000002 0.37114900000000001 0.105014 0.35071000000000002 0.243617 0 0.108595 0.12753200000000001 0.105014 0.0081290000000000008 0.0082909999999999998 0.0076750000000000004 0.083749999999999991 0.10268999999999998 0.081182999999999991 0.0027290000000000001 0.0026969999999999997 0.0026219999999999998 0.00056499999999999996 0.00056700000000000001 0.00055000000000000003 4.8420652169938343 4.8420652169938343 4.8420652169938343 0.004582161134537955 0.004582161134537955 0.004582161134537955 1 1 1 Converged Converged Converged OK OK OK 53 53 53 53 53 53 3 3 3 0 0 0 0 1 0 0 1
139 139 linear 4 23 1394 3 0.001 3.5809263634953887 0.00011907274406909463 7.4491999761893554e-05 -3.3019163198404491 0.0007683054722837638 -3.3019014214404967 0.5 3.3023277614034381 4.853700006600314 OK 13 12 0.47097800000000001 0.33209 0.102386 0.36462099999999997 0.21036199999999999 0 0.10635700000000003 0.121728 0.102386 0.0084150000000000006 0.0083110000000000007 0.0077079999999999996 0.080850999999999978 0.096685000000000007 0.078524999999999984 0.002872 0.0028349999999999998 0.002614 0.00061000000000000008 0.00060700000000000001 0.00059800000000000001 4.8536926739825086 4.8536926739825086 4.8536926739825086 0.004606009656681254 0.004606009656681254 0.004606009656681254 1 1 1 Converged Converged Converged OK OK OK 53 53 53 53 53 53 3 3 3 0 0 0 0 1 0 0 1
139 139 linear 4 0 1394 0 0.0001 3.5809263634953887 0.00011907274406909463 7.4491999761893554e-05 -3.3019163198404491 0.0007683054722837638 -3.3019312182404015 0.5 3.3023575582033429 4.8209061018534056 OK 13 12 0.52884699999999996 0.53239700000000001 0.16015699999999999 0.36478500000000003 0.36703400000000003 0 0.16406199999999993 0.16536299999999998 0.16015699999999999 0.0090220000000000005 0.0089060000000000007 0.0086529999999999992 0.12676900000000002 0.12833600000000001 0.12387300000000004 0.0041330000000000004 0.0041970000000000002 0.004078 0.00080199999999999998 0.000852 0.00079799999999999999 4.8209040049435785 4.8209040049435785 4.8209040049435785 1.0354371907150866e-05 1.0354371907150866e-05 1.0354371907150866e-05 1 1 1 Converged Converged Converged OK OK OK 77 77 77 77 77 77 3 3 3 0 0 0 0 0 1 0 0
139 139 linear 4 7 1394 1 0.0001 3.5809263634953887 0.00011907274406909463 7.4491999761893554e-05 -3.3019163198404491 0.0007683054722837638 -3.3019221496491262 0.5 3.3023484896120676 4.8306819699999224 OK 13 12 0.51888599999999996 0.39225399999999999 0.14966199999999999 0.364817 0.22431300000000001 0 0.15406899999999996 0.16794099999999998 0.14966199999999999 0.0081220000000000007 0.0082769999999999996 0.0077710000000000001 0.12157800000000002 0.13501199999999999 0.11808599999999998 0.0041349999999999998 0.0043249999999999999 0.0041679999999999998 0.00084599999999999996 0.00083100000000000003 0.00079000000000000001 4.8306798536879239 4.8306798536879239 4.8306798536879239 1.0354564271054186e-05 1.0354564271054186e-05 1.0354564271054186e-05 1 1 1 Converged Converged Converged OK OK OK 77 77 77 77 77 77 3 3 3 0 0 0 0 1 0 0 1
139 139 linear 4 15 1394 2 0.0001 3.5809263634953887 0.00011907274406909463 7.4491999761893554e-05 -3.3019163198404491 0.0007683054722837638 -3.3019117855448115 0.5 3.3023381255077529 4.8420725239838651 OK 13 12 0.51287700000000003 0.42901699999999998 0.15484600000000001 0.34894199999999997 0.24562200000000001 0 0.16393500000000005 0.18339499999999997 0.15484600000000001 0.0082290000000000002 0.0082660000000000008 0.0077039999999999999 0.13023000000000004 0.15095699999999995 0.12375999999999998 0.0050390000000000001 0.0041350000000000007 0.0040179999999999999 0.00081699999999999991 0.00080499999999999994 0.000794 4.8420703832436391 4.8420703832436391 4.8420703832436391 1.0354785338239069e-05 1.0354785338239069e-05 1.0354785338239069e-05 1 1 1 Converged Converged Converged OK OK OK 77 77 77 77 77 77 3 3 3 0 0 0 0 1 0 0 1
139 139 linear 4 23 1394 3 0.0001 3.5809263634953887 0.00011907274406909463 7.4491999761893554e-05 -3.3019163198404491 0.0007683054722837638 -3.3019014214404967 0.5 3.3023277614034381 4.853700006600314 OK 13 12 0.51687799999999995 0.38841300000000001 0.15196299999999999 0.36013899999999999 0.21403700000000001 0 0.15673899999999996 0.174376 0.15196299999999999 0.0082299999999999995 0.00826 0.007685 0.12408800000000003 0.14188799999999996 0.12077500000000001 0.0041270000000000005 0.0041419999999999998 0.0040070000000000001 0.00085699999999999991 0.00079600000000000005 0.00080100000000000006 4.8536978402828641 4.8536978402828641 4.8536978402828641 1.0355007065095352e-05 1.0355007065095352e-05 1.0355007065095352e-05 1 1 1 Converged Converged Converged OK OK OK 77 77 77 77 77 77 3 3 3 0 0 0 0 1 0 0 1
139 139 uniform 0 0 1395 0 0.001 3.5809263634953887 0.00011907274406909463 7.4491999761893554e-05 -3.3008008237529505 0.00070353727460787036 -3.3008157221529029 0 3.3012420621158443 29.158023535842577 OK 14 13 0.54598400000000002 0.54228600000000005 0.15449199999999999 0.38513700000000001 0.38697300000000001 0 0.16084700000000002 0.15531300000000003 0.15449199999999999 0.041264000000000002 0.038782999999999998 0.038057000000000001 0.091851000000000002 0.090799000000000032 0.090628999999999973 0.0033729999999999997 0.0031359999999999999 0.0031480000000000002 0.00091499999999999991 0.00083699999999999996 0.00082300000000000006 29.158023658976493 29.158023658976493 29.158023658976493 0.0041980531260766649 0.0041980531260766649 0.0041980531260766649 1 1 1 Converged Converged Converged OK OK OK 81 81 81 81 81 81 7 7 7 0 0 0 0 0 1 0 0
139 139 uniform 0 7 1395 1 0.001 3.5809263634953887 0.00011907274406909463 7.4491999761893554e-05 -3.3008008237529505 0.00070353727460787036 -3.3008066535616276 0 3.301232993524569 28.502256956947818 OK 14 13 0.54634000000000005 0.39487899999999998 0.14990800000000001 0.392878 0.227801 0 0.15346200000000004 0.16707799999999998 0.14990800000000001 0.038095999999999998 0.039390000000000001 0.035423999999999997 0.095615000000000006 0.10779100000000003 0.094969000000000012 0.003081 0.0032910000000000001 0.0031410000000000001 0.00078400000000000008 0.00078800000000000007 0.0008070000000000001 28.502256347098445 28.502256347098445 28.502256347098445 0.0039082838143247719 0.0039082838143247719 0.0039082838143247719 1 1 1 Converged Converged Converged OK OK OK 81 81 81 81 81 81 7 7 7 0 0 0 0 1 0 0 1
139 139 uniform 0 15 1395 2 0.001 3.5809263634953887 0.00011907274406909463 7.4491999761893554e-05 -3.3008008237529505 0.00070353727460787036 -3.3007962894573128 0 3.3012226294202542 27.566966523150782 OK 14 13 0.53099700000000005 0.40126299999999998 0.152366 0.37770999999999999 0.23594000000000001 0 0.15328700000000006 0.16532299999999997 0.152366 0.038231000000000001 0.037816000000000002 0.038212000000000003 0.095448000000000047 0.10697899999999996 0.09492400000000005 0.0031500000000000005 0.0035849999999999996 0.0030830000000000002 0.00080400000000000003 0.00080900000000000004 0.00083099999999999992 27.566966335505217 27.566966335505217 27.566966335505217 0.0036669459314750933 0.0036669459314750933 0.0036669459314750933 1 1 1 Converged Converged Converged OK OK OK 81 81 81 81 81 81 7 7 7 0 0 0 0 1 0 0 1
139 139 uniform 0 23 1395 3 0.001 3.5809263634953887 0.00011907274406909463 7.4491999761893554e-05 -3.3008008237529505 0.00070353727460787036 -3.3007859253529981 0 3.3012122653159395 26.452863142544757 OK 14 13 0.56986300000000001 0.42821700000000001 0.14077500000000001 0.42250100000000002 0.26214500000000002 0 0.14736199999999999 0.166072 0.14077500000000001 0.036150000000000002 0.038892000000000003 0.031484999999999999 0.091018000000000002 0.10761999999999999 0.090428000000000008 0.0032629999999999994 0.003199 0.0030680000000000004 0.00082400000000000008 0.000803 0.0007899999999999999 26.452862152786338 26.452862152786338 26.452862152786338 0.0034216017124373767 0.0034216017124373767 0.0034216017124373767 1 1 1 Converged Converged Converged OK OK OK 81 81 81 81 81 81 7 7 7 0 0 0 0 1 0 0 1
139 139 uniform 0 0 1395 0 0.0001 3.5809263634953887 0.00011907274406909463 7.4491999761893554e-05 -3.3008008237529505 0.00070353727460787036 -3.3008157221529029 0 3.3012420621158443 29.158023535842577 OK 14 13 0.58747000000000005 0.58565199999999995 0.19869899999999999 0.38752700000000001 0.38415300000000002 0 0.19994300000000004 0.20149899999999993 0.19869899999999999 0.039385999999999997 0.040170999999999998 0.037352000000000003 0.12314600000000005 0.12343200000000001 0.12308999999999999 0.0050359999999999997 0.0051179999999999993 0.0057590000000000002 0.0011330000000000001 0.00109 0.001114 29.158023916924954 29.158023916924954 29.158023916924954 0.0022913429242746967 0.0022913429242746967 0.0022913429242746967 1 1 1 Converged Converged Converged OK OK OK 113 113 113 113 113 113 7 7 7 0 0 0 0 0 1 0 0
139 139 uniform 0 7 1395 1 0.0001 3.5809263634953887 0.00011907274406909463 7.4491999761893554e-05 -3.3008008237529505 0.00070353727460787036 -3.3008066535616276 0 3.301232993524569 28.502256956947818 OK 14 13 0.58528999999999998 0.43005599999999999 0.18093799999999999 0.39163700000000001 0.22945499999999999 0 0.19365299999999996 0.200601 0.18093799999999999 0.041312000000000001 0.038724000000000001 0.035626999999999999 0.12295900000000004 0.13444699999999996 0.11820900000000001 0.0051660000000000005 0.0046189999999999998 0.0045729999999999998 0.0011659999999999999 0.0011590000000000001 0.0011789999999999999 28.50225742473604 28.50225742473604 28.50225742473604 0.0021416399454585312 0.0021416399454585312 0.0021416399454585312 1 1 1 Converged Converged Converged OK OK OK 105 105 105 105 105 105 7 7 7 0 0 0 0 1 0 0 1
139 139 uniform 0 15 1395 2 0.0001 3.5809263634953887 0.00011907274406909463 7.4491999761893554e-05 -3.3008008237529505 0.00070353727460787036 -3.3007962894573128 0 3.3012226294202542 27.566966523150782 OK 14 13 0.56668700000000005 0.43910300000000002 0.17955699999999999 0.37908199999999997 0.23711399999999999 0 0.18760500000000008 0.20198900000000003 0.17955699999999999 0.039815999999999997 0.037376 0.034840000000000003 0.11937500000000001 0.13553700000000005 0.11814599999999999 0.0048050000000000002 0.0058070000000000005 0.0045080000000000007 0.001083 0.0010969999999999999 0.001057 27.566967413153524 27.566967413153524 27.566967413153524 0.0018995491971340011 0.0018995491971340011 0.0018995491971340011 1 1 1 Converged Converged Converged OK OK OK 105 105 105 105 105 105 7 7 7 0 0 0 0 1 0 0 1
139 139 uniform 0 23 1395 3 0.0001 3.5809263634953887 0.00011907274406909463 7.4491999761893554e-05 -3.3008008237529505 0.00070353727460787036 -3.3007859253529981 0 3.3012122653159395 26.452863142544757 OK 14 13 0.59325000000000006 0.46165600000000001 0.16307099999999999 0.42333399999999999 0.26342900000000002 0 0.16991600000000007 0.19822699999999999 0.16307099999999999 0.036505000000000003 0.042953999999999999 0.031753999999999998 0.108114 0.12959200000000004 0.10705500000000003 0.0043169999999999997 0.0045829999999999994 0.0041079999999999997 0.00093900000000000016 0.00096699999999999987 0.00090100000000000011 26.452862152636875 26.452862152636875 26.452862152636875 0.002511729327509924 0.002511729327509924 0.002511729327509924 1 1 1 Converged Converged Converged OK OK OK 97 97 97 97 97 97 7 7 7 0 0 0 0 1 0 0 1
139 139 uniform 1 0 1396 0 0.001 3.5809263634953887 0.00011907274406909463 7.4491999761893554e-05 -3.301186323220699 -0.0013937955426504057 -3.3012012216206514 0 3.3016275615835928 30.051680218302309 OK 14 13 0.69967299999999999 0.69596100000000005 0.15264800000000001 0.54597499999999999 0.54131899999999999 0 0.153698 0.15464200000000006 0.15264800000000001 0.039083 0.040191999999999999 0.037546000000000003 0.090373000000000009 0.090419000000000013 0.090271000000000004 0.003094 0.003075 0.0034070000000000003 0.00079299999999999998 0.00076599999999999997 0.00091299999999999997 30.051643930610407 30.051643930610407 30.051643930610407 0.021772453467253521 0.021772453467253521 0.021772453467253521 1 1 1 Converged Converged Converged OK OK OK 74 74 74 74 74 74 6 6 6 0 0 0 0 0 1 0 0
139 139 uniform 1 7 1396 1 0.001 3.5809263634953887 0.00011907274406909463 7.4491999761893554e-05 -3.301186323220699 -0.0013937955426504057 -3.3011921530293762 0 3.3016184929923176 27.038822713391053 OK 14 13 0.65836300000000003 0.52193299999999998 0.14577300000000001 0.50303399999999998 0.35557899999999998 0 0.15532900000000005 0.166354 0.14577300000000001 0.040465000000000001 0.038224000000000001 0.034662999999999999 0.094199000000000005 0.10897599999999999 0.092915999999999985 0.0039020000000000001 0.0033500000000000001 0.002931 0.00087100000000000003 0.00082100000000000001 0.0008119999999999999 27.038812966145883 27.038812966145883 27.038812966145883 0.013993251503382032 0.013993251503382032 0.013993251503382032 1 1 1 Converged Converged Converged OK OK OK 74 74 74 74 74 74 6 6 6 0 0 0 0 1 0 0 1
139 139 uniform 1 15 1396 2 0.001 3.5809263634953887 0.00011907274406909463 7.4491999761893554e-05 -3.301186323220699 -0.0013937955426504057 -3.3011817889250614 0 3.3016081288880028 23.472135887441571 OK 14 13 0.55894699999999997 0.43830999999999998 0.140432 0.40955799999999998 0.27766999999999997 0 0.14938899999999999 0.16064000000000001 0.140432 0.040210000000000003 0.038975999999999997 0.034320999999999997 0.089308999999999999 0.10323700000000004 0.088280999999999957 0.0035250000000000008 0.0031479999999999998 0.0029919999999999994 0.00083799999999999999 0.00073200000000000001 0.00073300000000000004 23.472134388630831 23.472134388630831 23.472134388630831 0.0081910284087398453 0.0081910284087398453 0.0081910284087398453 1 1 1 Converged Converged Converged OK OK OK 74 74 74 74 74 74 6 6 6 0 0 0 0 1 0 0 1
139 139 uniform 1 23 1396 3 0.001 3.5809263634953887 0.00011907274406909463 7.4491999761893554e-05 -3.301186323220699 -0.0013937955426504057 -3.3011714248207467 0 3.301597764783688 19.770810738101634 OK 14 13 0.66283300000000001 0.53900800000000004 0.134265 0.52151000000000003 0.393009 0 0.14132299999999998 0.14599900000000005 0.134265 0.039809999999999998 0.038788000000000003 0.034858 0.083838000000000037 0.090047000000000002 0.083014999999999978 0.0028420000000000003 0.0027070000000000002 0.0025630000000000002 0.00069499999999999998 0.00070100000000000002 0.00069800000000000005 19.770809122998294 19.770809122998294 19.770809122998294 0.010006972175284854 0.010006972175284854 0.010006972175284854 1 1 1 Converged Converged Converged OK OK OK 66 66 66 66 66 66 6 6 6 0 0 0 0 1 0 0 1
139 139 uniform 1 0 1396 0 0.0001 3.5809263634953887 0.00011907274406909463 7.4491999761893554e-05 -3.301186323220699 -0.0013937955426504057 -3.3012012216206514 0 3.3016275615835928 30.051680218302309 OK 14 13 0.74232299999999996 0.75409099999999996 0.19605 0.54074 0.54675499999999999 0 0.20158299999999996 0.20733599999999996 0.19605 0.042202000000000003 0.042229000000000003 0.037551000000000001 0.12412399999999998 0.12928000000000006 0.12369000000000005 0.0049049999999999996 0.0049559999999999995 0.0048039999999999992 0.0010969999999999999 0.0011430000000000001 0.0010679999999999999 30.051678044750439 30.051678044750439 30.051678044750439 0.0017849347560560066 0.0017849347560560066 0.0017849347560560066 1 1 1 Converged Converged Converged OK OK OK 106 106 106 106 106 106 6 6 6 0 0 0 0 0 1 0 0
139 139 uniform 1 7 1396 1 0.0001 3.5809263634953887 0.00011907274406909463 7.4491999761893554e-05 -3.301186323220699 -0.0013937955426504057 -3.3011921530293762 0 3.3016184929923176 27.038822713391053 OK 14 13 0.69551300000000005 0.58035899999999996 0.19241900000000001 0.50336400000000003 0.35757899999999998 0 0.19214900000000001 0.22277999999999998 0.19241900000000001 0.037989000000000002 0.039338999999999999 0.035414000000000001 0.12709099999999998 0.15574499999999999 0.12990699999999999 0.0046749999999999995 0.0050100000000000006 0.0049389999999999998 0.001036 0.001077 0.00108 27.038821405471381 27.038821405471381 27.038821405471381 0.0016712716176767643 0.0016712716176767643 0.0016712716176767643 1 1 1 Converged Converged Converged OK OK OK 106 106 106 106 106 106 6 6 6 0 0 0 0 1 0 0 1
139 139 uniform 1 15 1396 2 0.0001 3.5809263634953887 0.00011907274406909463 7.4491999761893554e-05 -3.301186323220699 -0.0013937955426504057 -3.3011817889250614 0 3.3016081288880028 23.472135887441571 OK 14 13 0.60301000000000005 0.49246699999999999 0.18357599999999999 0.40895500000000001 0.27512300000000001 0 0.19405500000000003 0.21734399999999998 0.18357599999999999 0.040340000000000001 0.038993 0.034598999999999998 0.12419699999999996 0.15128999999999987 0.12248100000000005 0.0060029999999999997 0.0049420000000000002 0.0047320000000000001 0.001139 0.0010920000000000001 0.0010549999999999999 23.472134261905243 23.472134261905243 23.472134261905243 0.0016448230921581998 0.0016448230921581998 0.0016448230921581998 1 1 1 Converged Converged Converged OK OK OK 106 106 106 106 106 106 6 6 6 0 0 0 0 1 0 0 1
139 139 uniform 1 23 1396 3 0.0001 3.5809263634953887 0.00011907274406909463 7.4491999761893554e-05 -3.301186323220699 -0.0013937955426504057 -3.3011714248207467 0 3.301597764783688 19.770810738101634 OK 14 13 0.72018199999999999 0.609124 0.18443200000000001 0.52600599999999997 0.39608199999999999 0 0.19417600000000002 0.21304200000000001 0.18443200000000001 0.040712999999999999 0.041759999999999999 0.034938999999999998 0.12456899999999994 0.14433099999999993 0.123337 0.0057150000000000005 0.0048200000000000005 0.0045850000000000005 0.0011330000000000001 0.0011329999999999999 0.0010790000000000001 19.770809096771998 19.770809096771998 19.770809096771998 0.0016794974835614542 0.0016794974835614542 0.0016794974835614542 1 1 1 Converged Converged Converged OK OK OK 106 106 106 106 106 106 6 6 6 0 0 0 0 1 0 0 1
139 139 uniform 2 0 1397 0 0.001 3.5809263634953887 0.00011907274406909463 7.4491999761893554e-05 -3.3011775295169676 0.0011076059908387917 -3.30119242791692 0 3.3016187678798614 26.120233886085661 OK 15 14 0.63316799999999995 0.62228700000000003 0.209901 0.42441400000000001 0.41442299999999999 0 0.20875399999999994 0.20786400000000005 0.209901 0.064907999999999993 0.064467999999999998 0.063146999999999995 0.11285299999999998 0.11310100000000005 0.11609400000000002 0.0046420000000000003 0.0045909999999999996 0.0044769999999999992 0.00099599999999999992 0.00093899999999999995 0.00096000000000000002 26.12023337377968 26.12023337377968 26.12023337377968 0.0073504421780211 0.0073504421780211 0.0073504421780211 1 1 1 Converged Converged Converged OK OK OK 90 90 90 90 90 90 6 6 6 0 0 0 0 0 1 0 0
139 139 uniform 2 7 1397 1 0.001 3.5809263634953887 0.00011907274406909463 7.4491999761893554e-05 -3.3011775295169676 0.0011076059908387917 -3.3011833593256448 0 3.3016096992885862 27.057956260642392 OK 15 14 0.60124699999999998 0.48806899999999998 0.175512 0.41887400000000002 0.28482200000000002 0 0.18237299999999995 0.20324699999999996 0.175512 0.068382999999999999 0.069529999999999995 0.062837000000000004 0.092882999999999979 0.112066 0.092326000000000019 0.0035460000000000001 0.0039569999999999996 0.0033099999999999996 0.00081400000000000016 0.0008389999999999999 0.00077700000000000002 27.057970973054534 27.057970973054534 27.057970973054534 0.010311803081093905 0.010311803081093905 0.010311803081093905 1 1 1 Converged Converged Converged OK OK OK 74 74 74 74 74 74 6 6 6 0 0 0 0 1 0 0 1
139 139 uniform 2 15 1397 2 0.001 3.5809263634953887 0.00011907274406909463 7.4491999761893554e-05 -3.3011775295169676 0.0011076059908387917 -3.30117299522133 0 3.3015993351842714 28.666642819692342 OK 15 14 0.59074400000000005 0.48199900000000001 0.173872 0.41170099999999998 0.28371800000000003 0 0.17904300000000006 0.19828099999999999 0.173872 0.066423999999999997 0.065707000000000002 0.062 0.092020999999999992 0.11261199999999999 0.091720999999999997 0.0032620000000000001 0.0032339999999999999 0.0032730000000000003 0.00076399999999999992 0.00083299999999999997 0.00077400000000000006 28.666641776527982 28.666641776527982 28.666641776527982 0.016973321776600145 0.016973321776600145 0.016973321776600145 1 1 1 Converged Converged Converged OK OK OK 74 74 74 74 74 74 6 6 6 0 0 0 0 1 0 0 1
139 139 uniform 2 23 1397 3 0.001 3.5809263634953887 0.00011907274406909463 7.4491999761893554e-05 -3.3011775295169676 0.0011076059908387917 -3.3011626311170152 0 3.3015889710799566 31.780630152990323 OK 14 13 0.58832399999999996 0.46967100000000001 0.15924199999999999 0.42115000000000002 0.28941600000000001 0 0.16717399999999993 0.180255 0.15924199999999999 0.036509 0.037984999999999998 0.032905999999999998 0.10459400000000001 0.11893700000000001 0.10405500000000001 0.0075449999999999996 0.0046730000000000001 0.0042640000000000004 0.00096199999999999996 0.001047 0.001023 31.780630369132606 31.780630369132606 31.780630369132606 0.011051561322229134 0.011051561322229134 0.011051561322229134 1 1 1 Converged Converged Converged OK OK OK 90 90 90 90 90 90 6 6 6 0 0 0 0 1 0 0 1
139 139 uniform 2 0 1397 0 0.0001 3.5809263634953887 0.00011907274406909463 7.4491999761893554e-05 -3.3011775295169676 0.0011076059908387917 -3.30119242791692 0 3.3016187678798614 26.120233886085661 OK 15 14 0.67611699999999997 0.68873499999999999 0.25672 0.415215 0.42621999999999999 0 0.26090199999999997 0.262515 0.25672 0.067560999999999996 0.066723000000000005 0.063877000000000003 0.14937999999999996 0.151813 0.14938899999999999 0.0060990000000000003 0.0064030000000000007 0.0063239999999999998 0.001338 0.001312 0.0012450000000000002 26.120233356310667 26.120233356310667 26.120233356310667 0.0022331024145113387 0.0022331024145113387 0.0022331024145113387 1 1 1 Converged Converged Converged OK OK OK 122 122 122 122 122 122 6 6 6 0 0 0 0 0 1 0 0
139 139 uniform 2 7 1397 1 0.0001 3.5809263634953887 0.00011907274406909463 7.4491999761893554e-05 -3.3011775295169676 0.0011076059908387917 -3.3011833593256448 0 3.3016096992885862 27.057956260642392 OK 15 14 0.67018500000000003 0.57479499999999994 0.24299699999999999 0.420817 0.28325099999999998 0 0.24936800000000003 0.29154399999999997 0.24299699999999999 0.067843000000000001 0.068056000000000005 0.062737000000000001 0.14730400000000007 0.18904299999999993 0.14683100000000002 0.0059700000000000005 0.0061149999999999998 0.0058389999999999987 0.0012750000000000001 0.0012859999999999998 0.001353 27.057955080292604 27.057955080292604 27.057955080292604 0.0020287394148686463 0.0020287394148686463 0.0020287394148686463 1 1 1 Converged Converged Converged OK OK OK 122 122 122 122 122 122 6 6 6 0 0 0 0 1 0 0 1
139 139 uniform 2 15 1397 2 0.0001 3.5809263634953887 0.00011907274406909463 7.4491999761893554e-05 -3.3011775295169676 0.0011076059908387917 -3.30117299522133 0 3.3015993351842714 28.666642819692342 OK 15 14 0.67207799999999995 0.57979000000000003 0.25257499999999999 0.40982000000000002 0.28182499999999999 0 0.26225799999999994 0.29796500000000004 0.25257499999999999 0.071474999999999997 0.064233999999999999 0.063297000000000006 0.15323299999999998 0.19623600000000005 0.15264900000000001 0.006330999999999999 0.0065040000000000002 0.0063140000000000002 0.0013749999999999999 0.0014099999999999998 0.0013799999999999999 28.666641563620814 28.666641563620814 28.666641563620814 0.00166698237159732 0.00166698237159732 0.00166698237159732 1 1 1 Converged Converged Converged OK OK OK 130 130 130 130 130 130 6 6 6 0 0 0 0 1 0 0 1
139 139 uniform 2 23 1397 3 0.0001 3.5809263634953887 0.00011907274406909463 7.4491999761893554e-05 -3.3011775295169676 0.0011076059908387917 -3.3011626311170152 0 3.3015889710799566 31.780630152990323 OK 14 13 0.650146 0.53456599999999999 0.213448 0.42893500000000001 0.28759899999999999 0 0.22121099999999999 0.24696699999999999 0.213448 0.038141000000000001 0.041856999999999998 0.036504000000000002 0.14943499999999998 0.17196699999999993 0.145201 0.0064989999999999996 0.0066610000000000003 0.0061840000000000003 0.0014339999999999999 0.001446 0.0013360000000000002 31.780629100751543 31.780629100751543 31.780629100751543 0.0019388793955709036 0.0019388793955709036 0.0019388793955709036 1 1 1 Converged Converged Converged OK OK OK 130 130 130 130 130 130 6 6 6 0 0 0 0 1 0 0 1
139 139 uniform 3 0 1398 0 0.001 3.5809263634953887 0.00011907274406909463 7.4491999761893554e-05 -3.3009935879680792 -0.00081037708096606581 -3.3010084863680316 0 3.301434826330973 21.66598487961085 OK 15 14 0.561172 0.55901900000000004 0.18438599999999999 0.37366100000000002 0.37211899999999998 0 0.18751099999999998 0.18690000000000007 0.18438599999999999 0.065134999999999998 0.064476000000000006 0.063797000000000006 0.093125000000000027 0.093448999999999977 0.092506000000000033 0.0037940000000000001 0.0035529999999999997 0.0035699999999999994 0.00095299999999999996 0.00094999999999999978 0.00090800000000000006 21.665983310254962 21.665983310254962 21.665983310254962 0.0065023234443250012 0.0065023234443250012 0.0065023234443250012 1 1 1 Converged Converged Converged OK OK OK 82 82 82 82 82 82 6 6 6 0 0 0 0 0 1 0 0
139 139 uniform 3 7 1398 1 0.001 3.5809263634953887 0.00011907274406909463 7.4491999761893554e-05 -3.3009935879680792 -0.00081037708096606581 -3.3009994177767563 0 3.3014257577396977 22.302964891934465 OK 15 14 0.56369400000000003 0.45025700000000002 0.176039 0.38130599999999998 0.23935500000000001 0 0.18238800000000005 0.21090200000000001 0.176039 0.064112000000000002 0.065837999999999994 0.059501999999999999 0.095681999999999989 0.12302400000000002 0.094981999999999997 0.0036570000000000005 0.003656 0.0035359999999999996 0.00091500000000000001 0.00088200000000000008 0.00087100000000000003 22.302963046063283 22.302963046063283 22.302963046063283 0.0071592305843281908 0.0071592305843281908 0.0071592305843281908 1 1 1 Converged Converged Converged OK OK OK 82 82 82 82 82 82 6 6 6 0 0 0 0 1 0 0 1
139 139 uniform 3 15 1398 2 0.001 3.5809263634953887 0.00011907274406909463 7.4491999761893554e-05 -3.3009935879680792 -0.00081037708096606581 -3.3009890536724416 0 3.3014153936353829 23.194253921081877 OK 15 14 0.57054499999999997 0.43542999999999998 0.17043900000000001 0.393235 0.24227199999999999 0 0.17730999999999997 0.193158 0.17043900000000001 0.066008999999999998 0.063844999999999999 0.061011999999999997 0.088857000000000005 0.10719600000000001 0.087867000000000015 0.0036640000000000002 0.0036480000000000002 0.003532 0.00091299999999999997 0.00088900000000000003 0.00086599999999999991 23.194252662091671 23.194252662091671 23.194252662091671 0.0083487420798967326 0.0083487420798967326 0.0083487420798967326 1 1 1 Converged Converged Converged OK OK OK 82 82 82 82 82 82 6 6 6 0 0 0 0 1 0 0 1
139 139 uniform 3 23 1398 3 0.001 3.5809263634953887 0.00011907274406909463 7.4491999761893554e-05 -3.3009935879680792 -0.00081037708096606581 -3.3009786895681268 0 3.3014050295310682 24.3639377282223 OK 15 14 0.59860000000000002 0.45535500000000001 0.174432 0.41372100000000001 0.25392700000000001 0 0.18487900000000002 0.201428 0.174432 0.066915000000000002 0.067561999999999997 0.061442999999999998 0.095914999999999986 0.11148499999999997 0.091677000000000008 0.0036200000000000004 0.003846 0.0034650000000000002 0.00089799999999999993 0.00091499999999999991 0.00088000000000000003 24.363936765850045 24.363936765850045 24.363936765850045 0.010587431069207351 0.010587431069207351 0.010587431069207351 1 1 1 Converged Converged Converged OK OK OK 82 82 82 82 82 82 6 6 6 0 0 0 0 1 0 0 1
139 139 uniform 3 0 1398 0 0.0001 3.5809263634953887 0.00011907274406909463 7.4491999761893554e-05 -3.3009935879680792 -0.00081037708096606581 -3.3010084863680316 0 3.301434826330973 21.66598487961085 OK 15 14 0.60072099999999995 0.60873900000000003 0.22759599999999999 0.36621599999999999 0.370083 0 0.23450499999999996 0.23865600000000003 0.22759599999999999 0.065497 0.065151000000000001 0.061462999999999997 0.12610500000000011 0.13102899999999995 0.12486199999999999 0.0061579999999999994 0.0054479999999999997 0.0053970000000000008 0.0012509999999999999 0.001186 0.001209 21.665983264339843 21.665983264339843 21.665983264339843 0.001800775287948379 0.001800775287948379 0.001800775287948379 1 1 1 Converged Converged Converged OK OK OK 114 114 114 114 114 114 6 6 6 0 0 0 0 0 1 0 0
139 139 uniform 3 7 1398 1 0.0001 3.5809263634953887 0.00011907274406909463 7.4491999761893554e-05 -3.3009935879680792 -0.00081037708096606581 -3.3009994177767563 0 3.3014257577396977 22.302964891934465 OK 15 14 0.60639399999999999 0.49816899999999997 0.22339999999999999 0.38300600000000001 0.24076700000000001 0 0.22338799999999998 0.25740199999999996 0.22339999999999999 0.061734999999999998 0.066901000000000002 0.059683 0.12932999999999992 0.15812200000000001 0.13210699999999997 0.0056509999999999998 0.0054809999999999998 0.0053420000000000004 0.001145 0.00115 0.001173 22.302962978343228 22.302962978343228 22.302962978343228 0.0018304508792778991 0.0018304508792778991 0.0018304508792778991 1 1 1 Converged Converged Converged OK OK OK 114 114 114 114 114 114 6 6 6 0 0 0 0 1 0 0 1
139 139 uniform 3 15 1398 2 0.0001 3.5809263634953887 0.00011907274406909463 7.4491999761893554e-05 -3.3009935879680792 -0.00081037708096606581 -3.3009890536724416 0 3.3014153936353829 23.194253921081877 OK 15 14 0.61719000000000002 0.48391099999999998 0.21603800000000001 0.394206 0.23905000000000001 0 0.22298400000000002 0.24486099999999997 0.21603800000000001 0.066679000000000002 0.063182000000000002 0.06182 0.12378000000000003 0.149898 0.12308600000000001 0.0055859999999999998 0.0055400000000000007 0.0051809999999999998 0.0011320000000000002 0.0011460000000000001 0.0011279999999999999 23.194252547171754 23.194252547171754 23.194252547171754 0.0018953207066262784 0.0018953207066262784 0.0018953207066262784 1 1 1 Converged Converged Converged OK OK OK 114 114 114 114 114 114 6 6 6 0 0 0 0 1 0 0 1
139 139 uniform 3 23 1398 3 0.0001 3.5809263634953887 0.00011907274406909463 7.4491999761893554e-05 -3.3009935879680792 -0.00081037708096606581 -3.3009786895681268 0 3.3014050295310682 24.3639377282223 OK 15 14 0.64564299999999997 0.50039800000000001 0.21849299999999999 0.41984700000000003 0.25372499999999998 0 0.22579599999999994 0.24667300000000003 0.21849299999999999 0.067007999999999998 0.067255999999999996 0.061950999999999999 0.12638699999999997 0.14760100000000001 0.12553999999999993 0.0055379999999999995 0.0054000000000000003 0.0052769999999999996 0.0011660000000000002 0.0011459999999999999 0.0011250000000000001 24.363936539154867 24.363936539154867 24.363936539154867 0.0020356141390215831 0.0020356141390215831 0.0020356141390215831 1 1 1 Converged Converged Converged OK OK OK 114 114 114 114 114 114 6 6 6 0 0 0 0 1 0 0 1
139 139 uniform 4 0 1399 0 0.001 3.5809263634953887 0.00011907274406909463 7.4491999761893554e-05 -3.3019163198404491 0.0007683054722837638 -3.3019312182404015 0 3.3023575582033429 4.8211089724282319 OK 13 12 0.43248799999999998 0.426014 0.061877000000000001 0.36926900000000001 0.36272100000000002 0 0.06321899999999997 0.063292999999999988 0.061877000000000001 0.0090469999999999995 0.0090310000000000008 0.0085889999999999994 0.041153999999999996 0.041292000000000009 0.040736999999999995 0.001761 0.0017719999999999999 0.0017139999999999998 0.00044799999999999999 0.00044799999999999999 0.00042000000000000002 4.8211078669926364 4.8211078669926364 4.8211078669926364 0.0025129825656114895 0.0025129825656114895 0.0025129825656114895 1 1 1 Converged Converged Converged OK OK OK 37 37 37 37 37 37 3 3 3 0 0 0 0 0 1 0 0
139 139 uniform 4 7 1399 1 0.001 3.5809263634953887 0.00011907274406909463 7.4491999761893554e-05 -3.3019163198404491 0.0007683054722837638 -3.3019221496491262 0 3.3023484896120676 4.8308868275798229 OK 13 12 0.42203000000000002 0.29387600000000003 0.057861000000000003 0.36254799999999998 0.22464700000000001 0 0.059482000000000035 0.069229000000000013 0.057861000000000003 0.0082459999999999999 0.0082579999999999997 0.0077539999999999996 0.03959 0.049851999999999994 0.039186000000000012 0.0017310000000000001 0.00172 0.0017129999999999999 0.00045800000000000002 0.00042499999999999998 0.00041199999999999999 4.8308857231184357 4.8308857231184357 4.8308857231184357 0.0025161031756505432 0.0025161031756505432 0.0025161031756505432 1 1 1 Converged Converged Converged OK OK OK 37 37 37 37 37 37 3 3 3 0 0 0 0 1 0 0 1
139 139 uniform 4 15 1399 2 0.001 3.5809263634953887 0.00011907274406909463 7.4491999761893554e-05 -3.3019163198404491 0.0007683054722837638 -3.3019117855448115 0 3.3023381255077529 4.8422797650524085 OK 13 12 0.41362700000000002 0.32036999999999999 0.060791999999999999 0.35116900000000001 0.242809 0 0.062458000000000014 0.077560999999999991 0.060791999999999999 0.0082170000000000003 0.0082369999999999995 0.0076270000000000001 0.042734000000000008 0.057860999999999996 0.042172999999999988 0.0017589999999999999 0.0018470000000000001 0.0017200000000000002 0.00043100000000000001 0.000426 0.00041600000000000003 4.8422786604794705 4.8422786604794705 4.8422786604794705 0.0025197336999341121 0.0025197336999341121 0.0025197336999341121 1 1 1 Converged Converged Converged OK OK OK 37 37 37 37 37 37 3 3 3 0 0 0 0 1 0 0 1
139 139 uniform 4 23 1399 3 0.001 3.5809263634953887 0.00011907274406909463 7.4491999761893554e-05 -3.3019163198404491 0.0007683054722837638 -3.3019014214404967 0 3.3023277614034381 4.8539097557285222 OK 13 12 0.42257400000000001 0.28192899999999999 0.056736000000000002 0.35917700000000002 0.20882000000000001 0 0.063396999999999981 0.07310899999999998 0.056736000000000002 0.013153 0.0082749999999999994 0.0076610000000000003 0.038717000000000001 0.05374099999999999 0.038198999999999997 0.0017649999999999999 0.0017619999999999999 0.0016820000000000003 0.00043800000000000002 0.00043399999999999998 0.00041599999999999997 4.8539086511510172 4.8539086511510172 4.8539086511510172 0.002523433687618809 0.002523433687618809 0.002523433687618809 1 1 1 Converged Converged Converged OK OK OK 37 37 37 37 37 37 3 3 3 0 0 0 0 1 0 0 1
139 139 uniform 4 0 1399 0 0.0001 3.5809263634953887 0.00011907274406909463 7.4491999761893554e-05 -3.3019163198404491 0.0007683054722837638 -3.3019312182404015 0 3.3023575582033429 4.8211089724282319 OK 13 12 0.48475800000000002 0.489591 0.120671 0.36243199999999998 0.36739899999999998 0 0.12232600000000005 0.12219200000000002 0.120671 0.0090679999999999997 0.0090629999999999999 0.0086189999999999999 0.085442000000000004 0.085207999999999992 0.084892999999999996 0.0038800000000000002 0.0038539999999999998 0.003771 0.00079700000000000007 0.00080900000000000004 0.00077200000000000001 4.8211089432476868 4.8211089432476868 4.8211089432476868 2.1543201661078285e-06 2.1543201661078285e-06 2.1543201661078285e-06 1 1 1 Converged Converged Converged OK OK OK 77 77 77 77 77 77 3 3 3 0 0 0 0 0 1 0 0
139 139 uniform 4 7 1399 1 0.0001 3.5809263634953887 0.00011907274406909463 7.4491999761893554e-05 -3.3019163198404491 0.0007683054722837638 -3.3019221496491262 0 3.3023484896120676 4.8308868275798229 OK 13 12 0.476933 0.35053800000000002 0.10968700000000001 0.365985 0.223076 0 0.11094799999999999 0.12746200000000002 0.10968700000000001 0.0081630000000000001 0.0082900000000000005 0.0076569999999999997 0.079197999999999991 0.095700999999999967 0.079009000000000038 0.0038540000000000002 0.0038520000000000004 0.0038560000000000001 0.00079500000000000003 0.00077800000000000005 0.00076599999999999997 4.8308867993824007 4.8308867993824007 4.8308867993824007 2.1543443781197574e-06 2.1543443781197574e-06 2.1543443781197574e-06 1 1 1 Converged Converged Converged OK OK OK 77 77 77 77 77 77 3 3 3 0 0 0 0 1 0 0 1
139 139 uniform 4 15 1399 2 0.0001 3.5809263634953887 0.00011907274406909463 7.4491999761893554e-05 -3.3019163198404491 0.0007683054722837638 -3.3019117855448115 0 3.3023381255077529 4.8422797650524085 OK 13 12 0.46555099999999999 0.38930100000000001 0.115324 0.34882999999999997 0.246369 0 0.11672100000000002 0.142932 0.115324 0.0082799999999999992 0.0081440000000000002 0.0076969999999999998 0.084907000000000052 0.111522 0.08457400000000001 0.0038310000000000002 0.0038580000000000003 0.0038670000000000002 0.00079499999999999992 0.00076199999999999998 0.00076099999999999996 4.8422797367526718 4.8422797367526718 4.8422797367526718 2.1543706735688443e-06 2.1543706735688443e-06 2.1543706735688443e-06 1 1 1 Converged Converged Converged OK OK OK 77 77 77 77 77 77 3 3 3 0 0 0 0 1 0 0 1
139 139 uniform 4 23 1399 3 0.0001 3.5809263634953887 0.00011907274406909463 7.4491999761893554e-05 -3.3019163198404491 0.0007683054722837638 -3.3019014214404967 0 3.3023277614034381 4.8539097557285222 OK 13 12 0.47648200000000002 0.34484599999999999 0.116051 0.35982199999999998 0.20985000000000001 0 0.11666000000000004 0.13499599999999998 0.116051 0.0081799999999999998 0.0082470000000000009 0.0076620000000000004 0.081975999999999993 0.10322200000000004 0.085308000000000009 0.0067279999999999996 0.0039139999999999999 0.0038399999999999997 0.00079600000000000005 0.00075900000000000013 0.00075000000000000002 4.8539097274333995 4.8539097274333995 4.8539097274333995 2.1543959233561564e-06 2.1543959233561564e-06 2.1543959233561564e-06 1 1 1 Converged Converged Converged OK OK OK 77 77 77 77 77 77 3 3 3 0 0 0 0 1 0 0 1
140 140 linear 0 0 1400 0 0.001 0.55290547075722407 0.0015223241625082777 0.051801995854700453 1.2314569498757164 0.12245747375607199 1.2210965507047764 0.5 -1.2202561287417206 1.3067074801024592 OK 11 10 0.38370500000000002 0.38534400000000002 0.105352 0.27600799999999998 0.27966000000000002 0 0.10769700000000004 0.105684 0.105352 0.0068360000000000001 0.0068259999999999996 0.006764 0.080787999999999957 0.078796999999999978 0.078656000000000004 0.0027319999999999996 0.0029059999999999997 0.0028090000000000003 0.00063499999999999993 0.00064599999999999998 0.000696 1.3067089069611992 1.3067089069611992 1.3067089069611992 0.001029506880894365 0.001029506880894365 0.001029506880894365 1 1 1 Converged Converged Converged OK OK OK 66 66 66 66 66 66 6 6 6 0 0 0 0 0 1 0 0
140 140 linear 0 7 1400 1 0.001 0.55290547075722407 0.0015223241625082777 0.051801995854700453 1.2314569498757164 0.12245747375607199 1.2274028806349138 0.5 -1.226562458671858 1.3083703046430044 OK 11 10 0.37759199999999998 0.24047499999999999 0.094726000000000005 0.27869300000000002 0.13311700000000001 0 0.098898999999999959 0.10735799999999998 0.094726000000000005 0.0059560000000000004 0.0059839999999999997 0.0054320000000000002 0.076239000000000001 0.084147000000000013 0.073709000000000011 0.0028280000000000002 0.003372 0.0027100000000000002 0.00056599999999999999 0.00072800000000000002 0.00055199999999999997 1.3083709031208746 1.3083709031208746 1.3083709031208746 0.00081728792354032092 0.00081728792354032092 0.00081728792354032092 1 1 1 Converged Converged Converged OK OK OK 66 66 66 66 66 66 6 6 6 0 0 0 0 1 0 0 1
140 140 linear 0 15 1400 2 0.001 0.55290547075722407 0.0015223241625082777 0.051801995854700453 1.2314569498757164 0.12245747375607199 1.2346101148407851 0.5 -1.2337696928777293 1.3087355110663934 OK 11 10 0.38823600000000003 0.24945899999999999 0.106169 0.27814499999999998 0.128748 0 0.11009100000000005 0.12071099999999998 0.106169 0.005836 0.0058739999999999999 0.005489 0.087575999999999973 0.097828999999999985 0.084999000000000033 0.0029150000000000001 0.0032049999999999999 0.002751 0.00058500000000000002 0.00060800000000000003 0.00055600000000000007 1.308736015230733 1.308736015230733 1.308736015230733 0.00063955202959299498 0.00063955202959299498 0.00063955202959299498 1 1 1 Converged Converged Converged OK OK OK 66 66 66 66 66 66 6 6 6 0 0 0 0 1 0 0 1
140 140 linear 0 23 1400 3 0.001 0.55290547075722407 0.0015223241625082777 0.051801995854700453 1.2314569498757164 0.12245747375607199 1.2418173490466564 0.5 -1.2409769270836006 1.3075948258922137 OK 11 10 0.39361800000000002 0.25517000000000001 0.11326899999999999 0.27336199999999999 0.130777 0 0.12025600000000003 0.124393 0.11326899999999999 0.0058589999999999996 0.0059680000000000002 0.0054580000000000002 0.097795000000000062 0.10140399999999999 0.092153000000000013 0.002771 0.003199 0.0027789999999999998 0.00056799999999999993 0.00069799999999999994 0.00056700000000000001 1.3075969522601185 1.3075969522601185 1.3075969522601185 0.00070571333922504601 0.00070571333922504601 0.00070571333922504601 1 1 1 Converged Converged Converged OK OK OK 66 66 66 66 66 66 6 6 6 0 0 0 0 1 0 0 1
140 140 linear 0 0 1400 0 0.0001 0.55290547075722407 0.0015223241625082777 0.051801995854700453 1.2314569498757164 0.12245747375607199 1.2210965507047764 0.5 -1.2202561287417206 1.3067074801024592 OK 11 10 0.39608599999999999 0.39424799999999999 0.11538900000000001 0.27623700000000001 0.27701300000000001 0 0.11984899999999998 0.11723499999999998 0.11538900000000001 0.0071770000000000002 0.0069540000000000001 0.0065250000000000004 0.089395000000000002 0.087144999999999986 0.086336999999999997 0.0033679999999999999 0.0034650000000000002 0.00315 0.00085899999999999995 0.00085000000000000006 0.00078000000000000009 1.3067080782923426 1.3067080782923426 1.3067080782923426 6.0576882932745753e-05 6.0576882932745753e-05 6.0576882932745753e-05 1 1 1 Converged Converged Converged OK OK OK 74 74 74 74 74 74 6 6 6 0 0 0 0 0 1 0 0
140 140 linear 0 7 1400 1 0.0001 0.55290547075722407 0.0015223241625082777 0.051801995854700453 1.2314569498757164 0.12245747375607199 1.2274028806349138 0.5 -1.226562458671858 1.3083703046430044 OK 11 10 0.38636599999999999 0.24863399999999999 0.10437 0.27871499999999999 0.132412 0 0.107651 0.11622199999999999 0.10437 0.0058770000000000003 0.005947 0.00545 0.083629999999999996 0.092012999999999998 0.08137599999999999 0.0030770000000000003 0.0033119999999999998 0.0030839999999999999 0.00071099999999999994 0.00077000000000000007 0.00071900000000000002 1.308370920206374 1.308370920206374 1.308370920206374 5.4596257198720116e-05 5.4596257198720116e-05 5.4596257198720116e-05 1 1 1 Converged Converged Converged OK OK OK 74 74 74 74 74 74 6 6 6 0 0 0 0 1 0 0 1
140 140 linear 0 15 1400 2 0.0001 0.55290547075722407 0.0015223241625082777 0.051801995854700453 1.2314569498757164 0.12245747375607199 1.2346101148407851 0.5 -1.2337696928777293 1.3087355110663934 OK 11 10 0.40048400000000001 0.26006200000000002 0.116024 0.28059600000000001 0.131939 0 0.11988799999999999 0.12812300000000001 0.116024 0.0058510000000000003 0.0058919999999999997 0.0054330000000000003 0.096162999999999957 0.10400299999999996 0.093241000000000004 0.0030679999999999995 0.003434 0.0030779999999999996 0.00070100000000000002 0.00068800000000000003 0.00066199999999999994 1.3087367333276267 1.3087367333276267 1.3087367333276267 4.4914793238485765e-05 4.4914793238485765e-05 4.4914793238485765e-05 1 1 1 Converged Converged Converged OK OK OK 74 74 74 74 74 74 6 6 6 0 0 0 0 1 0 0 1
140 140 linear 0 23 1400 3 0.0001 0.55290547075722407 0.0015223241625082777 0.051801995854700453 1.2314569498757164 0.12245747375607199 1.2418173490466564 0.5 -1.2409769270836006 1.3075948258922137 OK 11 10 0.42469800000000002 0.289767 0.14416699999999999 0.27491500000000002 0.13017200000000001 0 0.149783 0.15959499999999999 0.14416699999999999 0.0058609999999999999 0.0058780000000000004 0.005378 0.12263999999999997 0.13230099999999997 0.11823599999999998 0.003686 0.0038630000000000001 0.0034489999999999998 0.00093499999999999996 0.00095599999999999993 0.00090700000000000004 1.3075953023540769 1.3075953023540769 1.3075953023540769 5.0012439799143835e-05 5.0012439799143835e-05 5.0012439799143835e-05 1 1 1 Converged Converged Converged OK OK OK 82 82 82 82 82 82 6 6 6 0 0 0 0 1 0 0 1
140 140 linear 1 0 1401 0 0.001 0.55290547075722407 0.0015223241625082777 0.051801995854700453 0.031179731963572582 -0.012188825615317589 0.02081933279263249 0.5 -0.019978910829576816 38.085479483892058 OK 12 11 0.65232299999999999 0.64830200000000004 0.29599199999999998 0.34678199999999998 0.349053 0 0.30554100000000001 0.29924900000000004 0.29599199999999998 0.010508999999999999 0.010819 0.010755000000000001 0.26151100000000005 0.25526100000000007 0.25273099999999993 0.0059430000000000004 0.0055009999999999989 0.005372 0.0013230000000000002 0.0012780000000000001 0.0013450000000000001 38.085595687569594 38.085595687569594 38.085595687569594 0.013373130876600621 0.013373130876600621 0.013373130876600621 1 1 1 Converged Converged Converged OK OK OK 104 104 104 104 104 104 8 8 8 0 0 0 0 0 1 0 0
140 140 linear 1 7 1401 1 0.001 0.55290547075722407 0.0015223241625082777 0.051801995854700453 0.031179731963572582 -0.012188825615317589 0.027125662722769936 0.5 -0.026285240759714262 36.327492686172292 OK 13 12 0.58742799999999995 0.44772099999999998 0.28085300000000002 0.29409999999999997 0.15958 0 0.29332799999999998 0.28814099999999998 0.28085300000000002 0.010562999999999999 0.01069 0.0099050000000000006 0.257409 0.25320400000000004 0.24770400000000006 0.0048529999999999997 0.0046580000000000007 0.0043490000000000004 0.0013470000000000001 0.0013419999999999999 0.0013080000000000001 36.327536746978041 36.327536746978041 36.327536746978041 0.019212248022976518 0.019212248022976518 0.019212248022976518 1 1 1 Converged Converged Converged OK OK OK 103 103 103 103 103 103 9 9 9 0 0 0 0 1 0 0 1
140 140 linear 1 15 1401 2 0.001 0.55290547075722407 0.0015223241625082777 0.051801995854700453 0.031179731963572582 -0.012188825615317589 0.034332896928641304 0.5 -0.033492474965585634 33.667748462452217 OK 13 12 0.66919899999999999 0.533667 0.26667200000000002 0.38429099999999999 0.25920799999999999 0 0.28490799999999999 0.27445900000000001 0.26667200000000002 0.0082780000000000006 0.0084159999999999999 0.007541 0.25160600000000011 0.24189699999999997 0.23639500000000005 0.0046380000000000006 0.0045999999999999999 0.0043210000000000002 0.001454 0.001402 0.0012160000000000001 33.667507697974337 33.667507697974337 33.667507697974337 0.023559330138313427 0.023559330138313427 0.023559330138313427 1 1 1 Converged Converged Converged OK OK OK 103 103 103 103 103 103 9 9 9 0 0 0 0 1 0 0 1
140 140 linear 1 23 1401 3 0.001 0.55290547075722407 0.0015223241625082777 0.051801995854700453 0.031179731963572582 -0.012188825615317589 0.041540131134512673 0.5 -0.040699709171457002 30.186277904320825 OK 13 12 0.66761700000000002 0.53124300000000002 0.26931899999999998 0.388434 0.254025 0 0.27918300000000001 0.27721800000000002 0.26931899999999998 0.0080059999999999992 0.0079909999999999998 0.00728 0.24648599999999996 0.24543200000000004 0.23987800000000004 0.0048970000000000003 0.0045829999999999994 0.0042490000000000002 0.0013630000000000001 0.0013889999999999998 0.001163 30.186028132220454 30.186028132220454 30.186028132220454 0.017274984089268822 0.017274984089268822 0.017274984089268822 1 1 1 Converged Converged Converged OK OK OK 103 103 103 103 103 103 9 9 9 0 0 0 0 1 0 0 1
140 140 linear 1 0 1401 0 0.0001 0.55290547075722407 0.0015223241625082777 0.051801995854700453 0.031179731963572582 -0.012188825615317589 0.02081933279263249 0.5 -0.019978910829576816 38.085479483892058 OK 12 11 0.74003399999999997 0.730105 0.38238100000000003 0.34364 0.34700900000000001 0 0.39639399999999997 0.38309599999999999 0.38238100000000003 0.011025 0.010881 0.011034 0.34198900000000004 0.32904799999999984 0.32873499999999978 0.0071499999999999992 0.0072919999999999999 0.0069020000000000001 0.001681 0.00166 0.001678 38.085639555271925 38.085639555271925 38.085639555271925 0.0030561826007925561 0.0030561826007925561 0.0030561826007925561 1 1 1 Converged Converged Converged OK OK OK 136 136 136 136 136 136 8 8 8 0 0 0 0 0 1 0 0
140 140 linear 1 7 1401 1 0.0001 0.55290547075722407 0.0015223241625082777 0.051801995854700453 0.031179731963572582 -0.012188825615317589 0.027125662722769936 0.5 -0.026285240759714262 36.327492686172292 OK 13 12 0.69586199999999998 0.55932499999999996 0.39436300000000002 0.28991499999999998 0.160362 0 0.405947 0.39896299999999996 0.39436300000000002 0.010005999999999999 0.010595 0.009868 0.35696200000000006 0.35151700000000013 0.34873900000000008 0.010088999999999999 0.0078440000000000003 0.0072849999999999998 0.0018129999999999999 0.0017819999999999999 0.001797 36.327610608844616 36.327610608844616 36.327610608844616 0.0033867629285811705 0.0033867629285811705 0.0033867629285811705 1 1 1 Converged Converged Converged OK OK OK 151 151 151 151 151 151 9 9 9 0 0 0 0 1 0 0 1
140 140 linear 1 15 1401 2 0.0001 0.55290547075722407 0.0015223241625082777 0.051801995854700453 0.031179731963572582 -0.012188825615317589 0.034332896928641304 0.5 -0.033492474965585634 33.667748462452217 OK 13 12 0.80273099999999997 0.66612199999999999 0.40304000000000001 0.383712 0.25727699999999998 0 0.41901899999999997 0.40884500000000001 0.40304000000000001 0.0081849999999999996 0.0082660000000000008 0.007587 0.36900899999999986 0.35915399999999997 0.35647699999999999 0.0088369999999999994 0.0085349999999999992 0.0075389999999999988 0.0020430000000000001 0.0021280000000000001 0.0019179999999999998 33.667809227972327 33.667809227972327 33.667809227972327 0.0017596290814392351 0.0017596290814392351 0.0017596290814392351 1 1 1 Converged Converged Converged OK OK OK 159 159 159 159 159 159 9 9 9 0 0 0 0 1 0 0 1
140 140 linear 1 23 1401 3 0.0001 0.55290547075722407 0.0015223241625082777 0.051801995854700453 0.031179731963572582 -0.012188825615317589 0.041540131134512673 0.5 -0.040699709171457002 30.186277904320825 OK 13 12 0.80279800000000001 0.66684600000000005 0.39677400000000002 0.39294899999999999 0.25460700000000003 0 0.40984900000000002 0.41223900000000002 0.39677400000000002 0.0079970000000000006 0.0080780000000000001 0.0073049999999999999 0.36390499999999992 0.36431399999999997 0.35345200000000021 0.0080949999999999998 0.0090980000000000019 0.0074309999999999992 0.0020140000000000002 0.0020569999999999998 0.0019179999999999998 30.18633932576131 30.18633932576131 30.18633932576131 0.0023211469331350762 0.0023211469331350762 0.0023211469331350762 1 1 1 Converged Converged Converged OK OK OK 159 159 159 159 159 159 9 9 9 0 0 0 0 1 0 0 1
140 140 linear 2 0 1402 0 0.001 0.55290547075722407 0.0015223241625082777 0.051801995854700453 1.2433818284780231 -0.062658926204461451 1.2330214293070831 0.5 -1.2321810073440274 1.1805675373465545 OK 12 11 0.43785499999999999 0.43384099999999998 0.142321 0.28839399999999998 0.28625099999999998 0 0.14946100000000001 0.14759 0.142321 0.0093950000000000006 0.0097210000000000005 0.0095219999999999992 0.11615800000000001 0.11352699999999999 0.10936899999999999 0.0034680000000000002 0.0037390000000000001 0.0034090000000000001 0.00074100000000000001 0.00083699999999999985 0.000767 1.1805684800124823 1.1805684800124823 1.1805684800124823 0.00092903926691026613 0.00092903926691026613 0.00092903926691026613 1 1 1 Converged Converged Converged OK OK OK 74 74 74 74 74 74 6 6 6 0 0 0 0 0 1 0 0
140 140 linear 2 7 1402 1 0.001 0.55290547075722407 0.0015223241625082777 0.051801995854700453 1.2433818284780231 -0.062658926204461451 1.2393277592372205 0.5 -1.2384873372741647 1.1773534533123065 OK 12 11 0.47481800000000002 0.33420800000000001 0.15076700000000001 0.31628699999999998 0.172179 0 0.15853100000000003 0.16202900000000001 0.15076700000000001 0.0085489999999999993 0.008456 0.0078139999999999998 0.12643300000000002 0.13103000000000001 0.12094600000000001 0.0042699999999999995 0.0037669999999999999 0.0037079999999999999 0.00085399999999999994 0.00084400000000000002 0.00078100000000000001 1.1773523084272481 1.1773523084272481 1.1773523084272481 0.00012396188306808655 0.00012396188306808655 0.00012396188306808655 1 1 1 Converged Converged Converged OK OK OK 75 75 75 75 75 75 5 5 5 0 0 0 0 1 0 0 1
140 140 linear 2 15 1402 2 0.001 0.55290547075722407 0.0015223241625082777 0.051801995854700453 1.2433818284780231 -0.062658926204461451 1.2465349934430918 0.5 -1.245694571480036 1.1735986939784291 OK 12 11 0.43043599999999999 0.29073599999999999 0.12842000000000001 0.29622900000000002 0.151313 0 0.13420699999999997 0.13942299999999999 0.12842000000000001 0.0085730000000000008 0.0084759999999999992 0.0078340000000000007 0.10624900000000001 0.11239399999999998 0.10248399999999999 0.003627 0.003271 0.003199 0.000776 0.00067299999999999999 0.000669 1.1735959390855151 1.1735959390855151 1.1735959390855151 0.00064463016722982698 0.00064463016722982698 0.00064463016722982698 1 1 1 Converged Converged Converged OK OK OK 67 67 67 67 67 67 5 5 5 0 0 0 0 1 0 0 1
140 140 linear 2 23 1402 3 0.001 0.55290547075722407 0.0015223241625082777 0.051801995854700453 1.2433818284780231 -0.062658926204461451 1.2537422276489631 0.5 -1.2529018056859074 1.1699198504742709 OK 12 11 0.42556699999999997 0.29206199999999999 0.132493 0.28732999999999997 0.143097 0 0.138237 0.14896499999999999 0.132493 0.0083850000000000001 0.0086289999999999995 0.0077980000000000002 0.11051500000000003 0.12025099999999998 0.10649200000000002 0.0035439999999999998 0.004052 0.0032450000000000005 0.00079600000000000005 0.00078600000000000002 0.00068000000000000005 1.1699186997968558 1.1699186997968558 1.1699186997968558 0.00014749152174630393 0.00014749152174630393 0.00014749152174630393 1 1 1 Converged Converged Converged OK OK OK 67 67 67 67 67 67 5 5 5 0 0 0 0 1 0 0 1
140 140 linear 2 0 1402 0 0.0001 0.55290547075722407 0.0015223241625082777 0.051801995854700453 1.2433818284780231 -0.062658926204461451 1.2330214293070831 0.5 -1.2321810073440274 1.1805675373465545 OK 12 11 0.46709699999999998 0.46860200000000002 0.17763200000000001 0.28359699999999999 0.28723700000000002 0 0.1835 0.181365 0.17763200000000001 0.0097199999999999995 0.0099010000000000001 0.0092910000000000006 0.14264999999999997 0.13974100000000003 0.13816899999999999 0.0044879999999999998 0.0048670000000000007 0.0042599999999999999 0.0010790000000000001 0.001147 0.00099300000000000018 1.1805669209423963 1.1805669209423963 1.1805669209423963 3.6525391655705765e-05 3.6525391655705765e-05 3.6525391655705765e-05 1 1 1 Converged Converged Converged OK OK OK 90 90 90 90 90 90 6 6 6 0 0 0 0 0 1 0 0
140 140 linear 2 7 1402 1 0.0001 0.55290547075722407 0.0015223241625082777 0.051801995854700453 1.2433818284780231 -0.062658926204461451 1.2393277592372205 0.5 -1.2384873372741647 1.1773534533123065 OK 12 11 0.48300500000000002 0.34392200000000001 0.15958700000000001 0.31472600000000001 0.172934 0 0.16827900000000001 0.170988 0.15958700000000001 0.0085129999999999997 0.0086870000000000003 0.0078580000000000004 0.132491 0.13761399999999996 0.12830100000000005 0.0043230000000000005 0.0046749999999999995 0.0041570000000000001 0.0010659999999999999 0.001083 0.001016 1.1773524365973009 1.1773524365973009 1.1773524365973009 2.9305412038819728e-05 2.9305412038819728e-05 2.9305412038819728e-05 1 1 1 Converged Converged Converged OK OK OK 83 83 83 83 83 83 5 5 5 0 0 0 0 1 0 0 1
140 140 linear 2 15 1402 2 0.0001 0.55290547075722407 0.0015223241625082777 0.051801995854700453 1.2433818284780231 -0.062658926204461451 1.2465349934430918 0.5 -1.245694571480036 1.1735986939784291 OK 12 11 0.44337599999999999 0.30978899999999998 0.14163400000000001 0.29554399999999997 0.15714900000000001 0 0.14783200000000002 0.15263999999999997 0.14163400000000001 0.0083660000000000002 0.0085100000000000002 0.0078410000000000007 0.11753400000000001 0.12284099999999999 0.11319200000000006 0.0040270000000000002 0.0038420000000000004 0.0036229999999999999 0.000883 0.00083799999999999999 0.00078199999999999993 1.1735975496983797 1.1735975496983797 1.1735975496983797 5.9749498477292816e-05 5.9749498477292816e-05 5.9749498477292816e-05 1 1 1 Converged Converged Converged OK OK OK 75 75 75 75 75 75 5 5 5 0 0 0 0 1 0 0 1
140 140 linear 2 23 1402 3 0.0001 0.55290547075722407 0.0015223241625082777 0.051801995854700453 1.2433818284780231 -0.062658926204461451 1.2537422276489631 0.5 -1.2529018056859074 1.1699198504742709 OK 12 11 0.44851600000000003 0.30898100000000001 0.15356600000000001 0.28734399999999999 0.14286299999999999 0 0.16117200000000004 0.16611800000000002 0.15356600000000001 0.0086490000000000004 0.0086110000000000006 0.0078600000000000007 0.13114100000000004 0.13684400000000002 0.12559999999999999 0.0039160000000000002 0.00379 0.0036639999999999997 0.00093400000000000015 0.00088999999999999995 0.00081999999999999987 1.169918709262177 1.169918709262177 1.169918709262177 6.8302874189575706e-05 6.8302874189575706e-05 6.8302874189575706e-05 1 1 1 Converged Converged Converged OK OK OK 75 75 75 75 75 75 5 5 5 0 0 0 0 1 0 0 1
140 140 linear 3 0 1403 0 0.001 0.55290547075722407 0.0015223241625082777 0.051801995854700453 1.2362288266552128 0.1947071340952963 1.2258684274842728 0.5 -1.225028005521217 1.2383292394028946 OK 12 11 0.35956399999999999 0.35760999999999998 0.079382999999999995 0.27831899999999998 0.27775699999999998 0 0.081245000000000012 0.079853000000000007 0.079382999999999995 0.0089580000000000007 0.0089200000000000008 0.0085129999999999997 0.053474000000000008 0.052690999999999988 0.052648999999999981 0.0027629999999999998 0.002709 0.0028149999999999998 0.00058900000000000001 0.00056499999999999996 0.00056700000000000001 1.238325474649473 1.238325474649473 1.238325474649473 0.00084530086146162426 0.00084530086146162426 0.00084530086146162426 1 1 1 Converged Converged Converged OK OK OK 53 53 53 53 53 53 3 3 3 0 0 0 0 0 1 0 0
140 140 linear 3 7 1403 1 0.001 0.55290547075722407 0.0015223241625082777 0.051801995854700453 1.2362288266552128 0.1947071340952963 1.2321747574144102 0.5 -1.2313343354513544 1.2363412342568576 OK 12 11 0.36044100000000001 0.23236100000000001 0.075414999999999996 0.282609 0.14337900000000001 0 0.077832000000000012 0.088982000000000006 0.075414999999999996 0.0081200000000000005 0.0083099999999999997 0.0076540000000000002 0.053056999999999993 0.063878000000000004 0.051744999999999999 0.0027880000000000001 0.0029570000000000004 0.0027239999999999999 0.00057200000000000003 0.00058100000000000003 0.00055500000000000005 1.2363371866078499 1.2363371866078499 1.2363371866078499 0.00088622012296108387 0.00088622012296108387 0.00088622012296108387 1 1 1 Converged Converged Converged OK OK OK 53 53 53 53 53 53 3 3 3 0 0 0 0 1 0 0 1
140 140 linear 3 15 1403 2 0.001 0.55290547075722407 0.0015223241625082777 0.051801995854700453 1.2362288266552128 0.1947071340952963 1.2393819916202815 0.5 -1.2385415696572257 1.2339454648539576 OK 12 11 0.36654100000000001 0.234349 0.079261999999999999 0.28451799999999999 0.142265 0 0.082023000000000013 0.092083999999999999 0.079261999999999999 0.0082179999999999996 0.0081349999999999999 0.0077000000000000002 0.057120999999999984 0.067651000000000031 0.055522999999999975 0.0028959999999999997 0.0028600000000000001 0.0028599999999999997 0.00056800000000000004 0.00056799999999999993 0.00054799999999999998 1.233941215574937 1.233941215574937 1.233941215574937 0.00092290689740988808 0.00092290689740988808 0.00092290689740988808 1 1 1 Converged Converged Converged OK OK OK 53 53 53 53 53 53 3 3 3 0 0 0 0 1 0 0 1
140 140 linear 3 23 1403 3 0.001 0.55290547075722407 0.0015223241625082777 0.051801995854700453 1.2362288266552128 0.1947071340952963 1.2465892258261528 0.5 -1.2457488038630971 1.2313733094287593 OK 12 11 0.361622 0.22210199999999999 0.073186000000000001 0.28651199999999999 0.13914799999999999 0 0.07511000000000001 0.082954 0.073186000000000001 0.0079970000000000006 0.0080920000000000002 0.00762 0.050787000000000006 0.058425999999999999 0.049465000000000016 0.0027160000000000001 0.0028579999999999999 0.0027210000000000003 0.00059299999999999999 0.00061900000000000008 0.00061600000000000001 1.2313689031673725 1.2313689031673725 1.2313689031673725 0.00094402673276403884 0.00094402673276403884 0.00094402673276403884 1 1 1 Converged Converged Converged OK OK OK 53 53 53 53 53 53 3 3 3 0 0 0 0 1 0 0 1
140 140 linear 3 0 1403 0 0.0001 0.55290547075722407 0.0015223241625082777 0.051801995854700453 1.2362288266552128 0.1947071340952963 1.2258684274842728 0.5 -1.225028005521217 1.2383292394028946 OK 12 11 0.397644 0.395542 0.114272 0.28088600000000002 0.28108499999999997 0 0.11675799999999997 0.11445700000000003 0.114272 0.0088500000000000002 0.0091540000000000007 0.008541 0.080155000000000004 0.077834999999999988 0.077969999999999984 0.0041140000000000005 0.0041079999999999997 0.0041949999999999999 0.0008160000000000001 0.00082899999999999998 0.00079799999999999999 1.2383285444012295 1.2383285444012295 1.2383285444012295 6.1465292194118754e-06 6.1465292194118754e-06 6.1465292194118754e-06 1 1 1 Converged Converged Converged OK OK OK 77 77 77 77 77 77 3 3 3 0 0 0 0 0 1 0 0
140 140 linear 3 7 1403 1 0.0001 0.55290547075722407 0.0015223241625082777 0.051801995854700453 1.2362288266552128 0.1947071340952963 1.2321747574144102 0.5 -1.2313343354513544 1.2363412342568576 OK 12 11 0.39501599999999998 0.26671400000000001 0.105575 0.283441 0.14170099999999999 0 0.11157499999999998 0.12501300000000001 0.105575 0.0083260000000000001 0.0083479999999999995 0.0075849999999999997 0.078239000000000003 0.091939000000000007 0.07449800000000005 0.0043140000000000001 0.0042900000000000004 0.0040920000000000002 0.00084400000000000002 0.000825 0.00077999999999999999 1.2363404875325736 1.2363404875325736 1.2363404875325736 6.6090450140396375e-06 6.6090450140396375e-06 6.6090450140396375e-06 1 1 1 Converged Converged Converged OK OK OK 77 77 77 77 77 77 3 3 3 0 0 0 0 1 0 0 1
140 140 linear 3 15 1403 2 0.0001 0.55290547075722407 0.0015223241625082777 0.051801995854700453 1.2362288266552128 0.1947071340952963 1.2393819916202815 0.5 -1.2385415696572257 1.2339454648539576 OK 12 11 0.40420800000000001 0.270152 0.113731 0.28806599999999999 0.14102400000000001 0 0.11614200000000002 0.12912799999999999 0.113731 0.0081080000000000006 0.0082319999999999997 0.0076309999999999998 0.084111000000000005 0.096856000000000039 0.082547999999999983 0.004078 0.0042779999999999997 0.0041580000000000002 0.00078899999999999999 0.00085099999999999998 0.00078499999999999989 1.2339447324598152 1.2339447324598152 1.2339447324598152 7.0410784221712185e-06 7.0410784221712185e-06 7.0410784221712185e-06 1 1 1 Converged Converged Converged OK OK OK 77 77 77 77 77 77 3 3 3 0 0 0 0 1 0 0 1
140 140 linear 3 23 1403 3 0.0001 0.55290547075722407 0.0015223241625082777 0.051801995854700453 1.2362288266552128 0.1947071340952963 1.2465892258261528 0.5 -1.2457488038630971 1.2313733094287593 OK 12 11 0.396032 0.25887399999999999 0.10496 0.28303 0.14160700000000001 0 0.11300199999999999 0.11726699999999998 0.10496 0.0082039999999999995 0.0081810000000000008 0.0076140000000000001 0.080860000000000029 0.085041999999999979 0.074052000000000021 0.0040509999999999999 0.0042180000000000004 0.0040689999999999997 0.00092699999999999998 0.00088500000000000015 0.00085899999999999995 1.2313725503862454 1.2313725503862454 1.2313725503862454 7.3017681395350985e-06 7.3017681395350985e-06 7.3017681395350985e-06 1 1 1 Converged Converged Converged OK OK OK 77 77 77 77 77 77 3 3 3 0 0 0 0 1 0 0 1
140 140 linear 4 0 1404 0 0.001 0.55290547075722407 0.0015223241625082777 0.051801995854700453 0.08896231936315746 0.032879485417612625 0.078601920192217373 0.5 -0.077761498229161702 12.318154913436228 OK 15 14 0.65747699999999998 0.64730500000000002 0.33201999999999998 0.31675700000000001 0.31486999999999998 0 0.34071999999999997 0.33243500000000004 0.33201999999999998 0.015952000000000001 0.016257000000000001 0.016452000000000001 0.27709099999999998 0.26783600000000024 0.26711799999999997 0.0068339999999999998 0.0073659999999999993 0.0073049999999999999 0.0014550000000000001 0.0014759999999999999 0.0016489999999999999 12.318116048639309 12.318116048639309 12.318116048639309 0.010220365720275371 0.010220365720275371 0.010220365720275371 1 1 1 Converged Converged Converged OK OK OK 126 126 126 126 126 126 10 10 10 0 0 0 0 0 1 0 0
140 140 linear 4 7 1404 1 0.001 0.55290547075722407 0.0015223241625082777 0.051801995854700453 0.08896231936315746 0.032879485417612625 0.084908250122354811 0.5 -0.084067828159299141 11.44804591488527 OK 15 14 0.629776 0.50274700000000005 0.28813299999999997 0.33075399999999999 0.197134 0 0.29902200000000001 0.30561300000000002 0.28813299999999997 0.015679999999999999 0.015464 0.014742999999999999 0.254911 0.26261899999999999 0.246452 0.0054689999999999999 0.0053209999999999993 0.00513 0.001312 0.001224 0.0012490000000000001 11.448031852712488 11.448031852712488 11.448031852712488 0.0087267913756419006 0.0087267913756419006 0.0087267913756419006 1 1 1 Converged Converged Converged OK OK OK 110 110 110 110 110 110 10 10 10 0 0 0 0 1 0 0 1
140 140 linear 4 15 1404 2 0.001 0.55290547075722407 0.0015223241625082777 0.051801995854700453 0.08896231936315746 0.032879485417612625 0.09211548432822618 0.5 -0.091275062365170509 10.592253817506165 OK 14 13 0.66505999999999998 0.54835599999999995 0.34683700000000001 0.30931799999999998 0.170819 0 0.355742 0.37753699999999996 0.34683700000000001 0.012156999999999999 0.012633 0.011745 0.30127800000000016 0.31936100000000001 0.29231300000000005 0.0084169999999999991 0.010221000000000001 0.0092529999999999991 0.0016799999999999999 0.0018289999999999999 0.001714 10.592305402622195 10.592305402622195 10.592305402622195 0.0059040955365235424 0.0059040955365235424 0.0059040955365235424 1 1 1 Converged Converged Converged OK OK OK 167 167 167 167 167 167 9 9 9 0 0 0 0 1 0 0 1
140 140 linear 4 23 1404 3 0.001 0.55290547075722407 0.0015223241625082777 0.051801995854700453 0.08896231936315746 0.032879485417612625 0.099322718534097548 0.5 -0.098482296571041877 9.855077907152145 OK 14 13 0.64428700000000005 0.52702199999999999 0.31523400000000001 0.31931999999999999 0.181451 0 0.32496700000000006 0.34557099999999996 0.31523400000000001 0.012234 0.012482 0.011365 0.27839700000000012 0.29823299999999975 0.27083299999999993 0.0083330000000000001 0.0090480000000000005 0.0076909999999999999 0.0016479999999999999 0.0016289999999999998 0.0014550000000000001 9.8550771824704562 9.8550771824704562 9.8550771824704562 0.0078798228395057738 0.0078798228395057738 0.0078798228395057738 1 1 1 Converged Converged Converged OK OK OK 159 159 159 159 159 159 9 9 9 0 0 0 0 1 0 0 1
140 140 linear 4 0 1404 0 0.0001 0.55290547075722407 0.0015223241625082777 0.051801995854700453 0.08896231936315746 0.032879485417612625 0.078601920192217373 0.5 -0.077761498229161702 12.318154913436228 OK 15 14 0.82967500000000005 0.81767000000000001 0.49831999999999999 0.32504699999999997 0.31510300000000002 0 0.50462800000000008 0.50256699999999999 0.49831999999999999 0.016598000000000002 0.016916 0.016750999999999999 0.41133599999999987 0.40881800000000007 0.40510199999999991 0.011020000000000002 0.011538999999999999 0.011883999999999999 0.0024499999999999999 0.0025510000000000007 0.0024340000000000004 12.318145632460743 12.318145632460743 12.318145632460743 0.00045242279265771969 0.00045242279265771969 0.00045242279265771969 1 1 1 Converged Converged Converged OK OK OK 190 190 190 190 190 190 10 10 10 0 0 0 0 0 1 0 0
140 140 linear 4 7 1404 1 0.0001 0.55290547075722407 0.0015223241625082777 0.051801995854700453 0.08896231936315746 0.032879485417612625 0.084908250122354811 0.5 -0.084067828159299141 11.44804591488527 OK 15 14 0.78514499999999998 0.66605099999999995 0.43935099999999999 0.33438200000000001 0.19720799999999999 0 0.45076299999999997 0.46884299999999995 0.43935099999999999 0.015751999999999999 0.015807999999999999 0.014977000000000001 0.38778799999999986 0.40421500000000005 0.37710899999999992 0.010023000000000002 0.010526000000000001 0.01048 0.0022339999999999999 0.0022620000000000001 0.0022339999999999999 11.448038580303226 11.448038580303226 11.448038580303226 0.00089221698420962941 0.00089221698420962941 0.00089221698420962941 1 1 1 Converged Converged Converged OK OK OK 182 182 182 182 182 182 10 10 10 0 0 0 0 1 0 0 1
140 140 linear 4 15 1404 2 0.0001 0.55290547075722407 0.0015223241625082777 0.051801995854700453 0.08896231936315746 0.032879485417612625 0.09211548432822618 0.5 -0.091275062365170509 10.592253817506165 OK 14 13 0.85967499999999997 0.81472500000000003 0.53378899999999996 0.30735000000000001 0.18104700000000001 0 0.55232499999999995 0.63367799999999996 0.53378899999999996 0.012133 0.014128 0.011594999999999999 0.46086899999999986 0.53377499999999989 0.44401799999999969 0.022199999999999998 0.025898000000000001 0.022405000000000001 0.0024700000000000004 0.0032059999999999996 0.0024789999999999999 10.592236975420539 10.592236975420539 10.592236975420539 0.00085720296915443341 0.00085720296915443341 0.00085720296915443341 1 1 1 Converged Converged Converged OK OK OK 287 287 287 287 287 287 9 9 9 0 0 0 0 1 0 0 1
140 140 linear 4 23 1404 3 0.0001 0.55290547075722407 0.0015223241625082777 0.051801995854700453 0.08896231936315746 0.032879485417612625 0.099322718534097548 0.5 -0.098482296571041877 9.855077907152145 OK 14 13 0.77616499999999999 0.67957500000000004 0.43520900000000001 0.32278099999999998 0.19167799999999999 0 0.45338400000000001 0.48789700000000003 0.43520900000000001 0.012341 0.013705999999999999 0.011377 0.39077599999999996 0.42315299999999978 0.37469800000000003 0.013490000000000002 0.014064999999999999 0.013372999999999999 0.0022690000000000002 0.0023280000000000002 0.0021860000000000004 9.8550705964083818 9.8550705964083818 9.8550705964083818 0.00044950880841181302 0.00044950880841181302 0.00044950880841181302 1 1 1 Converged Converged Converged OK OK OK 223 223 223 223 223 223 9 9 9 0 0 0 0 1 0 0 1
140 140 uniform 0 0 1405 0 0.001 0.55290547075722407 0.0015223241625082777 0.051801995854700453 1.2314569498757164 0.12245747375607199 1.2210965507047764 0 -1.2202561287417206 1.3014883037965217 OK 11 10 0.33966800000000003 0.34215800000000002 0.064591999999999997 0.27454600000000001 0.27526800000000001 0 0.065122000000000013 0.066890000000000005 0.064591999999999997 0.0066880000000000004 0.0069950000000000003 0.0063940000000000004 0.045034000000000012 0.045947000000000002 0.045073000000000016 0.0016149999999999999 0.0018700000000000001 0.00164 0.000455 0.00049400000000000008 0.00041899999999999999 1.3014895749760407 1.3014895749760407 1.3014895749760407 0.00078907807062876837 0.00078907807062876837 0.00078907807062876837 1 1 1 Converged Converged Converged OK OK OK 50 50 50 50 50 50 6 6 6 0 0 0 0 0 1 0 0
140 140 uniform 0 7 1405 1 0.001 0.55290547075722407 0.0015223241625082777 0.051801995854700453 1.2314569498757164 0.12245747375607199 1.2274028806349138 0 -1.226562458671858 1.3015413372656059 OK 11 10 0.33156799999999997 0.19301299999999999 0.057359 0.273065 0.129389 0 0.058502999999999972 0.063623999999999986 0.057359 0.0057650000000000002 0.005914 0.0054349999999999997 0.041867999999999995 0.046255000000000004 0.041554000000000008 0.001572 0.0019419999999999997 0.001601 0.00037800000000000003 0.00048399999999999995 0.00039599999999999998 1.3015415664114562 1.3015415664114562 1.3015415664114562 0.0007089873562322734 0.0007089873562322734 0.0007089873562322734 1 1 1 Converged Converged Converged OK OK OK 50 50 50 50 50 50 6 6 6 0 0 0 0 1 0 0 1
140 140 uniform 0 15 1405 2 0.001 0.55290547075722407 0.0015223241625082777 0.051801995854700453 1.2314569498757164 0.12245747375607199 1.2346101148407851 0 -1.2337696928777293 1.3004870856051338 OK 11 10 0.33180300000000001 0.19064 0.057138000000000001 0.273289 0.128133 0 0.05851400000000001 0.062507000000000007 0.057138000000000001 0.0057029999999999997 0.0058710000000000004 0.0053639999999999998 0.042058000000000005 0.045601000000000003 0.041526999999999981 0.0016070000000000001 0.0018409999999999998 0.0016329999999999999 0.00038200000000000002 0.00042200000000000001 0.00037800000000000003 1.3004865062662336 1.3004865062662336 1.3004865062662336 0.00068504034235340587 0.00068504034235340587 0.00068504034235340587 1 1 1 Converged Converged Converged OK OK OK 50 50 50 50 50 50 6 6 6 0 0 0 0 1 0 0 1
140 140 uniform 0 23 1405 3 0.001 0.55290547075722407 0.0015223241625082777 0.051801995854700453 1.2314569498757164 0.12245747375607199 1.2418173490466564 0 -1.2409769270836006 1.2984293505231275 OK 11 10 0.33480799999999999 0.19456200000000001 0.059200999999999997 0.27419399999999999 0.130553 0 0.060614000000000001 0.06400900000000001 0.059200999999999997 0.0057689999999999998 0.0057039999999999999 0.0053829999999999998 0.043818000000000003 0.047510000000000004 0.043400999999999995 0.0016750000000000001 0.0017330000000000002 0.001653 0.00043900000000000005 0.000437 0.00040799999999999994 1.2984338322421345 1.2984338322421345 1.2984338322421345 0.00095749831913914554 0.00095749831913914554 0.00095749831913914554 1 1 1 Converged Converged Converged OK OK OK 50 50 50 50 50 50 6 6 6 0 0 0 0 1 0 0 1
140 140 uniform 0 0 1405 0 0.0001 0.55290547075722407 0.0015223241625082777 0.051801995854700453 1.2314569498757164 0.12245747375607199 1.2210965507047764 0 -1.2202561287417206 1.3014883037965217 OK 11 10 0.36462800000000001 0.36676399999999998 0.089706999999999995 0.27399000000000001 0.27588000000000001 0 0.090637999999999996 0.090883999999999965 0.089706999999999995 0.0066969999999999998 0.006862 0.0065269999999999998 0.061723999999999994 0.061767000000000037 0.061240999999999997 0.002872 0.002875 0.002941 0.00072800000000000002 0.00073400000000000006 0.00076000000000000004 1.3014886688068852 1.3014886688068852 1.3014886688068852 7.9173202291027403e-05 7.9173202291027403e-05 7.9173202291027403e-05 1 1 1 Converged Converged Converged OK OK OK 74 74 74 74 74 74 6 6 6 0 0 0 0 0 1 0 0
140 140 uniform 0 7 1405 1 0.0001 0.55290547075722407 0.0015223241625082777 0.051801995854700453 1.2314569498757164 0.12245747375607199 1.2274028806349138 0 -1.226562458671858 1.3015413372656059 OK 11 10 0.35536299999999998 0.224856 0.080434000000000005 0.27307799999999999 0.13017400000000001 0 0.082284999999999997 0.094681999999999988 0.080434000000000005 0.0058710000000000004 0.0060829999999999999 0.0054310000000000001 0.058578999999999999 0.069551000000000002 0.057959000000000031 0.002875 0.0035249999999999999 0.0027919999999999998 0.00067299999999999999 0.00079100000000000004 0.00070600000000000003 1.3015413884483897 1.3015413884483897 1.3015413884483897 4.1624323207676226e-05 4.1624323207676226e-05 4.1624323207676226e-05 1 1 1 Converged Converged Converged OK OK OK 74 74 74 74 74 74 6 6 6 0 0 0 0 1 0 0 1
140 140 uniform 0 15 1405 2 0.0001 0.55290547075722407 0.0015223241625082777 0.051801995854700453 1.2314569498757164 0.12245747375607199 1.2346101148407851 0 -1.2337696928777293 1.3004870856051338 OK 11 10 0.35928500000000002 0.22168499999999999 0.080338000000000007 0.277642 0.12914700000000001 0 0.081643000000000021 0.092537999999999981 0.080338000000000007 0.0057359999999999998 0.0059979999999999999 0.0053740000000000003 0.058466000000000018 0.068422999999999998 0.058026000000000001 0.002872 0.0030249999999999999 0.002774 0.00064899999999999995 0.0006730000000000001 0.00064100000000000008 1.3004869490185347 1.3004869490185347 1.3004869490185347 5.5825971592542262e-05 5.5825971592542262e-05 5.5825971592542262e-05 1 1 1 Converged Converged Converged OK OK OK 74 74 74 74 74 74 6 6 6 0 0 0 0 1 0 0 1
140 140 uniform 0 23 1405 3 0.0001 0.55290547075722407 0.0015223241625082777 0.051801995854700453 1.2314569498757164 0.12245747375607199 1.2418173490466564 0 -1.2409769270836006 1.2984293505231275 OK 11 10 0.366651 0.23468800000000001 0.091259000000000007 0.27362999999999998 0.128608 0 0.09302100000000002 0.10608000000000001 0.091259000000000007 0.005803 0.0059189999999999998 0.0054440000000000001 0.06652199999999997 0.079179999999999973 0.065898999999999985 0.0032419999999999997 0.0035899999999999999 0.0031850000000000003 0.0008969999999999999 0.00092499999999999993 0.00083900000000000001 1.2984294239278495 1.2984294239278495 1.2984294239278495 5.4424582205717304e-05 5.4424582205717304e-05 5.4424582205717304e-05 1 1 1 Converged Converged Converged OK OK OK 82 82 82 82 82 82 6 6 6 0 0 0 0 1 0 0 1
140 140 uniform 1 0 1406 0 0.001 0.55290547075722407 0.0015223241625082777 0.051801995854700453 0.031179731963572582 -0.012188825615317589 0.02081933279263249 0 -0.019978910829576816 36.434503366492187 OK 12 11 0.53700700000000001 0.53170499999999998 0.19201799999999999 0.34526600000000002 0.34286899999999998 0 0.19174099999999999 0.188836 0.19201799999999999 0.015088000000000001 0.010899000000000001 0.011524 0.14560300000000007 0.146424 0.149365 0.0043619999999999996 0.0045519999999999996 0.0044970000000000001 0.001137 0.0011780000000000002 0.0011870000000000001 36.434495711134552 36.434495711134552 36.434495711134552 0.01899938446490957 0.01899938446490957 0.01899938446490957 1 1 1 Converged Converged Converged OK OK OK 104 104 104 104 104 104 8 8 8 0 0 0 0 0 1 0 0
140 140 uniform 1 7 1406 1 0.001 0.55290547075722407 0.0015223241625082777 0.051801995854700453 0.031179731963572582 -0.012188825615317589 0.027125662722769936 0 -0.026285240759714262 35.212610479201174 OK 13 12 0.46987400000000001 0.34415299999999999 0.17805499999999999 0.29137400000000002 0.15711 0 0.17849999999999999 0.18704299999999999 0.17805499999999999 0.0099810000000000003 0.010652 0.0099030000000000003 0.14561200000000005 0.15318100000000004 0.14538499999999999 0.0038480000000000003 0.0040679999999999996 0.0040499999999999998 0.0011979999999999998 0.0011969999999999999 0.001315 35.212547493388925 35.212547493388925 35.212547493388925 0.022666825124912231 0.022666825124912231 0.022666825124912231 1 1 1 Converged Converged Converged OK OK OK 103 103 103 103 103 103 9 9 9 0 0 0 0 1 0 0 1
140 140 uniform 1 15 1406 2 0.001 0.55290547075722407 0.0015223241625082777 0.051801995854700453 0.031179731963572582 -0.012188825615317589 0.034332896928641304 0 -0.033492474965585634 33.282083460595139 OK 13 12 0.56406699999999999 0.43404900000000002 0.170464 0.38847100000000001 0.25397500000000001 0 0.17559599999999997 0.18007400000000001 0.170464 0.0083219999999999995 0.0081290000000000008 0.0075799999999999999 0.14336499999999999 0.14925100000000005 0.14108699999999991 0.0043949999999999996 0.0037720000000000002 0.0037779999999999997 0.0012200000000000002 0.0011490000000000001 0.0011300000000000001 33.281591581961344 33.281591581961344 33.281591581961344 0.023520710640954276 0.023520710640954276 0.023520710640954276 1 1 1 Converged Converged Converged OK OK OK 103 103 103 103 103 103 9 9 9 0 0 0 0 1 0 0 1
140 140 uniform 1 23 1406 3 0.001 0.55290547075722407 0.0015223241625082777 0.051801995854700453 0.031179731963572582 -0.012188825615317589 0.041540131134512673 0 -0.040699709171457002 30.569067066289907 OK 13 12 0.56579199999999996 0.43398700000000001 0.17207800000000001 0.39105200000000001 0.25250899999999998 0 0.17473999999999995 0.18147800000000003 0.17207800000000001 0.0077060000000000002 0.0081250000000000003 0.007345 0.14491000000000004 0.14950999999999998 0.14327300000000001 0.0037309999999999999 0.0045889999999999993 0.0037300000000000002 0.0010939999999999999 0.001317 0.0011180000000000001 30.568546320769446 30.568546320769446 30.568546320769446 0.017227215094164181 0.017227215094164181 0.017227215094164181 1 1 1 Converged Converged Converged OK OK OK 103 103 103 103 103 103 9 9 9 0 0 0 0 1 0 0 1
140 140 uniform 1 0 1406 0 0.0001 0.55290547075722407 0.0015223241625082777 0.051801995854700453 0.031179731963572582 -0.012188825615317589 0.02081933279263249 0 -0.019978910829576816 36.434503366492187 OK 12 11 0.60163599999999995 0.60336000000000001 0.25392300000000001 0.345472 0.34245700000000001 0 0.25616399999999995 0.260903 0.25392300000000001 0.010314 0.010433 0.010567999999999999 0.19796799999999987 0.20296700000000012 0.19708900000000001 0.0081550000000000008 0.0078840000000000004 0.0070269999999999994 0.0016459999999999999 0.0016539999999999999 0.0016689999999999999 36.43448869035101 36.43448869035101 36.43448869035101 0.0024712585512787909 0.0024712585512787909 0.0024712585512787909 1 1 1 Converged Converged Converged OK OK OK 152 152 152 152 152 152 8 8 8 0 0 0 0 0 1 0 0
140 140 uniform 1 7 1406 1 0.0001 0.55290547075722407 0.0015223241625082777 0.051801995854700453 0.031179731963572582 -0.012188825615317589 0.027125662722769936 0 -0.026285240759714262 35.212610479201174 OK 13 12 0.54870200000000002 0.41234999999999999 0.24615500000000001 0.29702600000000001 0.161027 0 0.25167600000000001 0.25132299999999996 0.24615500000000001 0.010312999999999999 0.010444999999999999 0.0099450000000000007 0.20530200000000004 0.20717300000000005 0.20331100000000005 0.0084069999999999995 0.0068110000000000002 0.0066810000000000003 0.0017280000000000002 0.0016649999999999998 0.0017289999999999999 35.2125862230195 35.2125862230195 35.2125862230195 0.0025558056965279351 0.0025558056965279351 0.0025558056965279351 1 1 1 Converged Converged Converged OK OK OK 151 151 151 151 151 151 9 9 9 0 0 0 0 1 0 0 1
140 140 uniform 1 15 1406 2 0.0001 0.55290547075722407 0.0015223241625082777 0.051801995854700453 0.031179731963572582 -0.012188825615317589 0.034332896928641304 0 -0.033492474965585634 33.282083460595139 OK 13 12 0.62148700000000001 0.49765500000000001 0.23142399999999999 0.38114500000000001 0.254077 0 0.240342 0.24357800000000002 0.23142399999999999 0.0082780000000000006 0.0083599999999999994 0.0074099999999999999 0.19995199999999996 0.20393100000000006 0.19406999999999996 0.0067530000000000003 0.0060189999999999992 0.0056489999999999995 0.0016230000000000001 0.0017369999999999998 0.001614 33.282016513797181 33.282016513797181 33.282016513797181 0.0018841230432768783 0.0018841230432768783 0.0018841230432768783 1 1 1 Converged Converged Converged OK OK OK 143 143 143 143 143 143 9 9 9 0 0 0 0 1 0 0 1
140 140 uniform 1 23 1406 3 0.0001 0.55290547075722407 0.0015223241625082777 0.051801995854700453 0.031179731963572582 -0.012188825615317589 0.041540131134512673 0 -0.040699709171457002 30.569067066289907 OK 13 12 0.62762899999999999 0.492836 0.232208 0.39186599999999999 0.25396400000000002 0 0.235763 0.23887199999999997 0.232208 0.0080940000000000005 0.0081080000000000006 0.0073029999999999996 0.19651699999999997 0.19990800000000006 0.1954229999999999 0.0060950000000000015 0.0060680000000000005 0.0056360000000000004 0.001683 0.0016410000000000001 0.0015820000000000001 30.568992269801416 30.568992269801416 30.568992269801416 0.0021025891372028582 0.0021025891372028582 0.0021025891372028582 1 1 1 Converged Converged Converged OK OK OK 143 143 143 143 143 143 9 9 9 0 0 0 0 1 0 0 1
140 140 uniform 2 0 1407 0 0.001 0.55290547075722407 0.0015223241625082777 0.051801995854700453 1.2433818284780231 -0.062658926204461451 1.2330214293070831 0 -1.2321810073440274 1.1829049020382751 OK 12 11 0.41316999999999998 0.41508800000000001 0.12645100000000001 0.28558099999999997 0.286167 0 0.12758900000000001 0.12892100000000001 0.12645100000000001 0.00958 0.0097879999999999998 0.0092230000000000003 0.098113999999999979 0.099278999999999992 0.097982999999999987 0.0025089999999999999 0.0028439999999999997 0.002545 0.00080599999999999997 0.00072400000000000003 0.00073400000000000006 1.1829051833268938 1.1829051833268938 1.1829051833268938 0.00063294285432109125 0.00063294285432109125 0.00063294285432109125 1 1 1 Converged Converged Converged OK OK OK 66 66 66 66 66 66 6 6 6 0 0 0 0 0 1 0 0
140 140 uniform 2 7 1407 1 0.001 0.55290547075722407 0.0015223241625082777 0.051801995854700453 1.2433818284780231 -0.062658926204461451 1.2393277592372205 0 -1.2384873372741647 1.1798903719082168 OK 12 11 0.43236799999999997 0.29076800000000003 0.111688 0.31959100000000001 0.16831599999999999 0 0.11277699999999996 0.12245200000000003 0.111688 0.0083960000000000007 0.013683000000000001 0.0078539999999999999 0.088632000000000016 0.093112999999999987 0.088456000000000021 0.0025019999999999999 0.0025249999999999999 0.0024169999999999999 0.00068099999999999996 0.00065799999999999995 0.0006910000000000001 1.1798902400108384 1.1798902400108384 1.1798902400108384 0.00052163569898561819 0.00052163569898561819 0.00052163569898561819 1 1 1 Converged Converged Converged OK OK OK 59 59 59 59 59 59 5 5 5 0 0 0 0 1 0 0 1
140 140 uniform 2 15 1407 2 0.001 0.55290547075722407 0.0015223241625082777 0.051801995854700453 1.2433818284780231 -0.062658926204461451 1.2465349934430918 0 -1.245694571480036 1.176224615225582 OK 12 11 0.40191500000000002 0.26087100000000002 0.102141 0.29698400000000003 0.153111 0 0.104931 0.10776000000000002 0.102141 0.0085299999999999994 0.0083899999999999999 0.0078050000000000003 0.080020999999999967 0.083555000000000004 0.079111000000000001 0.0027460000000000002 0.0026229999999999999 0.0024990000000000004 0.00073899999999999997 0.00072499999999999995 0.00066800000000000008 1.1762244686943966 1.1762244686943966 1.1762244686943966 0.00044766228917894206 0.00044766228917894206 0.00044766228917894206 1 1 1 Converged Converged Converged OK OK OK 59 59 59 59 59 59 5 5 5 0 0 0 0 1 0 0 1
140 140 uniform 2 23 1407 3 0.001 0.55290547075722407 0.0015223241625082777 0.051801995854700453 1.2433818284780231 -0.062658926204461451 1.2537422276489631 0 -1.2529018056859074 1.1724267158339128 OK 12 11 0.38914300000000002 0.24896599999999999 0.097388000000000002 0.29039399999999999 0.14139699999999999 0 0.098749000000000031 0.107569 0.097388000000000002 0.0083899999999999999 0.0085839999999999996 0.0077689999999999999 0.077199000000000004 0.085728000000000013 0.076767000000000002 0.0021199999999999999 0.0020720000000000001 0.0020439999999999998 0.00055000000000000003 0.00063199999999999997 0.00056999999999999998 1.1724265613018801 1.1724265613018801 1.1724265613018801 0.00054689975249163259 0.00054689975249163259 0.00054689975249163259 1 1 1 Converged Converged Converged OK OK OK 51 51 51 51 51 51 5 5 5 0 0 0 0 1 0 0 1
140 140 uniform 2 0 1407 0 0.0001 0.55290547075722407 0.0015223241625082777 0.051801995854700453 1.2433818284780231 -0.062658926204461451 1.2330214293070831 0 -1.2321810073440274 1.1829049020382751 OK 12 11 0.44141599999999998 0.44306099999999998 0.15804399999999999 0.287524 0.28473999999999999 0 0.15389199999999997 0.15832099999999999 0.15804399999999999 0.0094070000000000004 0.0096830000000000006 0.0093640000000000008 0.11445 0.11858399999999998 0.11851099999999998 0.0039760000000000004 0.0040699999999999998 0.0040969999999999999 0.0010709999999999999 0.0010710000000000001 0.0011070000000000001 1.1829052982016666 1.1829052982016666 1.1829052982016666 5.9874766679313436e-05 5.9874766679313436e-05 5.9874766679313436e-05 1 1 1 Converged Converged Converged OK OK OK 90 90 90 90 90 90 6 6 6 0 0 0 0 0 1 0 0
140 140 uniform 2 7 1407 1 0.0001 0.55290547075722407 0.0015223241625082777 0.051801995854700453 1.2433818284780231 -0.062658926204461451 1.2393277592372205 0 -1.2384873372741647 1.1798903719082168 OK 12 11 0.45247399999999999 0.322714 0.13625999999999999 0.31389600000000001 0.17405399999999999 0 0.13857799999999998 0.14866000000000001 0.13625999999999999 0.0085199999999999998 0.0084950000000000008 0.0078700000000000003 0.10614499999999999 0.115506 0.105765 0.0039450000000000006 0.0045190000000000004 0.0037630000000000003 0.0010189999999999999 0.001083 0.00095300000000000007 1.1798902810442131 1.1798902810442131 1.1798902810442131 2.7661241573444128e-05 2.7661241573444128e-05 2.7661241573444128e-05 1 1 1 Converged Converged Converged OK OK OK 83 83 83 83 83 83 5 5 5 0 0 0 0 1 0 0 1
140 140 uniform 2 15 1407 2 0.0001 0.55290547075722407 0.0015223241625082777 0.051801995854700453 1.2433818284780231 -0.062658926204461451 1.2465349934430918 0 -1.245694571480036 1.176224615225582 OK 12 11 0.41579100000000002 0.28436699999999998 0.118163 0.29627100000000001 0.154804 0 0.11952000000000002 0.12956299999999998 0.118163 0.0082880000000000002 0.0085190000000000005 0.0078130000000000005 0.090546000000000029 0.099791999999999992 0.090199999999999975 0.0033219999999999999 0.0036650000000000003 0.0032940000000000001 0.00084000000000000003 0.00089500000000000007 0.000834 1.1762244686493921 1.1762244686493921 1.1762244686493921 6.9896382524167367e-05 6.9896382524167367e-05 6.9896382524167367e-05 1 1 1 Converged Converged Converged OK OK OK 75 75 75 75 75 75 5 5 5 0 0 0 0 1 0 0 1
140 140 uniform 2 23 1407 3 0.0001 0.55290547075722407 0.0015223241625082777 0.051801995854700453 1.2433818284780231 -0.062658926204461451 1.2537422276489631 0 -1.2529018056859074 1.1724267158339128 OK 12 11 0.41336699999999998 0.28294000000000002 0.122791 0.28623700000000002 0.14490600000000001 0 0.12712999999999997 0.13803400000000002 0.122791 0.008574 0.0084480000000000006 0.0077949999999999998 0.096295999999999979 0.10853100000000002 0.094742000000000007 0.0039489999999999994 0.0036330000000000004 0.003264 0.0010069999999999999 0.00087299999999999997 0.00082399999999999997 1.1724266164630575 1.1724266164630575 1.1724266164630575 7.5643217884804187e-05 7.5643217884804187e-05 7.5643217884804187e-05 1 1 1 Converged Converged Converged OK OK OK 75 75 75 75 75 75 5 5 5 0 0 0 0 1 0 0 1
140 140 uniform 3 0 1408 0 0.001 0.55290547075722407 0.0015223241625082777 0.051801995854700453 1.2362288266552128 0.1947071340952963 1.2258684274842728 0 -1.225028005521217 1.2386338036300952 OK 12 11 0.33279300000000001 0.33389799999999997 0.052428000000000002 0.27874599999999999 0.280198 0 0.054047000000000012 0.05369999999999997 0.052428000000000002 0.0089149999999999993 0.0087720000000000003 0.0085310000000000004 0.032045000000000004 0.032109999999999993 0.031465 0.0017980000000000001 0.001797 0.0017109999999999998 0.000446 0.00044799999999999994 0.00044300000000000003 1.2386327294404855 1.2386327294404855 1.2386327294404855 0.0010221775834944741 0.0010221775834944741 0.0010221775834944741 1 1 1 Converged Converged Converged OK OK OK 37 37 37 37 37 37 3 3 3 0 0 0 0 0 1 0 0
140 140 uniform 3 7 1408 1 0.001 0.55290547075722407 0.0015223241625082777 0.051801995854700453 1.2362288266552128 0.1947071340952963 1.2321747574144102 0 -1.2313343354513544 1.2366681573746758 OK 12 11 0.33757700000000002 0.19628499999999999 0.049621999999999999 0.27978399999999998 0.14149100000000001 0 0.057793000000000039 0.054793999999999982 0.049621999999999999 0.0080730000000000003 0.0081359999999999991 0.0075900000000000004 0.037908999999999984 0.035195000000000004 0.031021 0.001763 0.0017730000000000001 0.001709 0.00048900000000000007 0.00047400000000000008 0.00042200000000000001 1.2366669504974219 1.2366669504974219 1.2366669504974219 0.00106301880338731 0.00106301880338731 0.00106301880338731 1 1 1 Converged Converged Converged OK OK OK 37 37 37 37 37 37 3 3 3 0 0 0 0 1 0 0 1
140 140 uniform 3 15 1408 2 0.001 0.55290547075722407 0.0015223241625082777 0.051801995854700453 1.2362288266552128 0.1947071340952963 1.2393819916202815 0 -1.2385415696572257 1.2342924557927062 OK 12 11 0.33593000000000001 0.19687499999999999 0.053331000000000003 0.28104899999999999 0.13827 0 0.054881000000000013 0.05860499999999999 0.053331000000000003 0.0080649999999999993 0.008123 0.0075909999999999997 0.035269999999999996 0.039063000000000007 0.034722999999999997 0.001768 0.001781 0.0017439999999999999 0.000466 0.00050500000000000002 0.00042200000000000001 1.2342911163780048 1.2342911163780048 1.2342911163780048 0.0011000879428112048 0.0011000879428112048 0.0011000879428112048 1 1 1 Converged Converged Converged OK OK OK 37 37 37 37 37 37 3 3 3 0 0 0 0 1 0 0 1
140 140 uniform 3 23 1408 3 0.001 0.55290547075722407 0.0015223241625082777 0.051801995854700453 1.2362288266552128 0.1947071340952963 1.2465892258261528 0 -1.2457488038630971 1.2317317158067702 OK 12 11 0.33407799999999999 0.19137499999999999 0.047577000000000001 0.28472500000000001 0.13830700000000001 0 0.04935299999999998 0.053067999999999976 0.047577000000000001 0.0081539999999999998 0.0081480000000000007 0.0075709999999999996 0.029564999999999991 0.033470999999999994 0.029065999999999998 0.0018019999999999998 0.0018029999999999999 0.0017020000000000002 0.00047799999999999996 0.00049800000000000007 0.00041800000000000002 1.2317302906038936 1.2317302906038936 1.2317302906038936 0.0011222018165004308 0.0011222018165004308 0.0011222018165004308 1 1 1 Converged Converged Converged OK OK OK 37 37 37 37 37 37 3 3 3 0 0 0 0 1 0 0 1
140 140 uniform 3 0 1408 0 0.0001 0.55290547075722407 0.0015223241625082777 0.051801995854700453 1.2362288266552128 0.1947071340952963 1.2258684274842728 0 -1.225028005521217 1.2386338036300952 OK 12 11 0.35785600000000001 0.35910199999999998 0.077202000000000007 0.27954800000000002 0.28055600000000003 0 0.078307999999999989 0.078545999999999949 0.077202000000000007 0.0086739999999999994 0.0088880000000000001 0.0084349999999999998 0.048354000000000008 0.048451000000000001 0.047933999999999991 0.0030109999999999998 0.0031430000000000004 0.0029940000000000001 0.00070100000000000002 0.00071499999999999992 0.00066699999999999995 1.2386337927685445 1.2386337927685445 1.2386337927685445 6.7551083091689864e-05 6.7551083091689864e-05 6.7551083091689864e-05 1 1 1 Converged Converged Converged OK OK OK 61 61 61 61 61 61 3 3 3 0 0 0 0 0 1 0 0
140 140 uniform 3 7 1408 1 0.0001 0.55290547075722407 0.0015223241625082777 0.051801995854700453 1.2362288266552128 0.1947071340952963 1.2321747574144102 0 -1.2313343354513544 1.2366681573746758 OK 12 11 0.357045 0.22581200000000001 0.073010000000000005 0.28236699999999998 0.13924400000000001 0 0.074678000000000022 0.086568000000000006 0.073010000000000005 0.0081099999999999992 0.0082269999999999999 0.0076800000000000002 0.047505999999999986 0.059403000000000025 0.047045999999999991 0.0029729999999999999 0.003078 0.0029729999999999999 0.00069200000000000002 0.00070099999999999991 0.00064799999999999992 1.2366681461480558 1.2366681461480558 1.2366681461480558 6.8035494198856312e-05 6.8035494198856312e-05 6.8035494198856312e-05 1 1 1 Converged Converged Converged OK OK OK 61 61 61 61 61 61 3 3 3 0 0 0 0 1 0 0 1
140 140 uniform 3 15 1408 2 0.0001 0.55290547075722407 0.0015223241625082777 0.051801995854700453 1.2362288266552128 0.1947071340952963 1.2393819916202815 0 -1.2385415696572257 1.2342924557927062 OK 12 11 0.362178 0.23003599999999999 0.077703999999999995 0.28331299999999998 0.13955100000000001 0 0.078865000000000018 0.090484999999999982 0.077703999999999995 0.0081110000000000002 0.0082570000000000005 0.0076210000000000002 0.051973999999999985 0.063413000000000011 0.051821999999999993 0.0030730000000000002 0.0030499999999999998 0.0029989999999999999 0.000687 0.00069699999999999992 0.00067100000000000005 1.2342924441199827 1.2342924441199827 1.2342924441199827 6.8274892919613009e-05 6.8274892919613009e-05 6.8274892919613009e-05 1 1 1 Converged Converged Converged OK OK OK 61 61 61 61 61 61 3 3 3 0 0 0 0 1 0 0 1
140 140 uniform 3 23 1408 3 0.0001 0.55290547075722407 0.0015223241625082777 0.051801995854700453 1.2362288266552128 0.1947071340952963 1.2465892258261528 0 -1.2457488038630971 1.2317317158067702 OK 12 11 0.35561500000000001 0.221724 0.071008000000000002 0.283024 0.140852 0 0.072591000000000017 0.080871999999999999 0.071008000000000002 0.0080249999999999991 0.0080780000000000001 0.0075950000000000002 0.045789999999999997 0.054291999999999993 0.045277000000000005 0.003029 0.0030330000000000001 0.0029559999999999999 0.000696 0.00067699999999999998 0.00065200000000000002 1.2317316999814907 1.2317316999814907 1.2317316999814907 6.8100315127133889e-05 6.8100315127133889e-05 6.8100315127133889e-05 1 1 1 Converged Converged Converged OK OK OK 61 61 61 61 61 61 3 3 3 0 0 0 0 1 0 0 1
140 140 uniform 4 0 1409 0 0.001 0.55290547075722407 0.0015223241625082777 0.051801995854700453 0.08896231936315746 0.032879485417612625 0.078601920192217373 0 -0.077761498229161702 12.372473314002503 OK 15 14 0.54637899999999995 0.550512 0.233797 0.31547199999999997 0.312469 0 0.23090699999999997 0.238043 0.233797 0.015767 0.016716000000000002 0.016330999999999998 0.16967899999999994 0.17456799999999989 0.17111900000000002 0.0058559999999999984 0.006294000000000001 0.0060590000000000001 0.0013860000000000001 0.0014320000000000001 0.001446 12.37242786246421 12.37242786246421 12.37242786246421 0.011518142324902399 0.011518142324902399 0.011518142324902399 1 1 1 Converged Converged Converged OK OK OK 126 126 126 126 126 126 10 10 10 0 0 0 0 0 1 0 0
140 140 uniform 4 7 1409 1 0.001 0.55290547075722407 0.0015223241625082777 0.051801995854700453 0.08896231936315746 0.032879485417612625 0.084908250122354811 0 -0.084067828159299141 11.491168529528018 OK 15 14 0.52837299999999998 0.40507900000000002 0.196211 0.331764 0.19232099999999999 0 0.19660899999999998 0.21275800000000003 0.196211 0.015025 0.015650000000000001 0.014511 0.15537500000000001 0.17024399999999992 0.15521200000000004 0.0045570000000000003 0.0048539999999999998 0.0046860000000000009 0.0011590000000000001 0.0012210000000000001 0.00116 11.491156273944188 11.491156273944188 11.491156273944188 0.0092400932782130234 0.0092400932782130234 0.0092400932782130234 1 1 1 Converged Converged Converged OK OK OK 110 110 110 110 110 110 10 10 10 0 0 0 0 1 0 0 1
140 140 uniform 4 15 1409 2 0.001 0.55290547075722407 0.0015223241625082777 0.051801995854700453 0.08896231936315746 0.032879485417612625 0.09211548432822618 0 -0.091275062365170509 10.626143407153334 OK 14 13 0.559917 0.45000000000000001 0.24775900000000001 0.30610700000000002 0.172925 0 0.25380999999999998 0.27707500000000002 0.24775900000000001 0.012263 0.012307 0.011377 0.19652599999999981 0.22402100000000005 0.19805099999999998 0.013158 0.008990999999999999 0.0079830000000000005 0.0016539999999999997 0.0015960000000000002 0.001614 10.626236540388025 10.626236540388025 10.626236540388025 0.0088837748451782387 0.0088837748451782387 0.0088837748451782387 1 1 1 Converged Converged Converged OK OK OK 167 167 167 167 167 167 9 9 9 0 0 0 0 1 0 0 1
140 140 uniform 4 23 1409 3 0.001 0.55290547075722407 0.0015223241625082777 0.051801995854700453 0.08896231936315746 0.032879485417612625 0.099322718534097548 0 -0.098482296571041877 9.8822555800902219 OK 14 13 0.553929 0.45224399999999998 0.23158500000000001 0.31837100000000002 0.19023399999999999 0 0.23555799999999999 0.26200999999999997 0.23158500000000001 0.011972 0.011936 0.011074000000000001 0.18765700000000005 0.21426400000000007 0.18627500000000013 0.0085790000000000016 0.0083470000000000003 0.0078100000000000018 0.0016919999999999999 0.0016540000000000001 0.001603 9.8822766862843903 9.8822766862843903 9.8822766862843903 0.0070240167532133945 0.0070240167532133945 0.0070240167532133945 1 1 1 Converged Converged Converged OK OK OK 167 167 167 167 167 167 9 9 9 0 0 0 0 1 0 0 1
140 140 uniform 4 0 1409 0 0.0001 0.55290547075722407 0.0015223241625082777 0.051801995854700453 0.08896231936315746 0.032879485417612625 0.078601920192217373 0 -0.077761498229161702 12.372473314002503 OK 15 14 0.65938099999999999 0.63680700000000001 0.31891599999999998 0.32214500000000001 0.31617600000000001 0 0.33723599999999998 0.320631 0.31891599999999998 0.022638999999999999 0.016628 0.016563999999999999 0.24484799999999998 0.23585700000000004 0.23602599999999999 0.0099930000000000001 0.0097099999999999999 0.0089750000000000003 0.0022109999999999994 0.0020599999999999998 0.0020639999999999999 12.372470030225934 12.372470030225934 12.372470030225934 0.00079879034229345298 0.00079879034229345298 0.00079879034229345298 1 1 1 Converged Converged Converged OK OK OK 174 174 174 174 174 174 10 10 10 0 0 0 0 0 1 0 0
140 140 uniform 4 7 1409 1 0.0001 0.55290547075722407 0.0015223241625082777 0.051801995854700453 0.08896231936315746 0.032879485417612625 0.084908250122354811 0 -0.084067828159299141 11.491168529528018 OK 15 14 0.62792199999999998 0.514293 0.29238599999999998 0.33495000000000003 0.19450200000000001 0 0.29297199999999995 0.31979099999999999 0.29238599999999998 0.015401 0.015684 0.014921 0.234483 0.25962099999999988 0.23425299999999996 0.0081130000000000004 0.0090329999999999994 0.0083639999999999999 0.0019530000000000001 0.0021360000000000007 0.001977 11.491168026784514 11.491168026784514 11.491168026784514 0.00052759621714089117 0.00052759621714089117 0.00052759621714089117 1 1 1 Converged Converged Converged OK OK OK 174 174 174 174 174 174 10 10 10 0 0 0 0 1 0 0 1
140 140 uniform 4 15 1409 2 0.0001 0.55290547075722407 0.0015223241625082777 0.051801995854700453 0.08896231936315746 0.032879485417612625 0.09211548432822618 0 -0.091275062365170509 10.626143407153334 OK 14 13 0.72261299999999995 0.64774100000000001 0.41035100000000002 0.30914199999999997 0.170624 0 0.41347099999999998 0.47711700000000001 0.41035100000000002 0.012692999999999999 0.01277 0.011773 0.31261000000000033 0.3758139999999997 0.31174699999999961 0.022842999999999999 0.022807999999999998 0.022465000000000002 0.0024739999999999996 0.0025469999999999998 0.0024299999999999999 10.626143237997489 10.626143237997489 10.626143237997489 0.00044933068012635504 0.00044933068012635504 0.00044933068012635504 1 1 1 Converged Converged Converged OK OK OK 303 303 303 303 303 303 9 9 9 0 0 0 0 1 0 0 1
140 140 uniform 4 23 1409 3 0.0001 0.55290547075722407 0.0015223241625082777 0.051801995854700453 0.08896231936315746 0.032879485417612625 0.099322718534097548 0 -0.098482296571041877 9.8822555800902219 OK 14 13 0.62555700000000003 0.51862799999999998 0.29570200000000002 0.32488400000000001 0.18346499999999999 0 0.30067300000000002 0.33516299999999999 0.29570200000000002 0.011964000000000001 0.012177 0.011377999999999999 0.23921899999999996 0.27378300000000005 0.23732500000000009 0.013092000000000001 0.012756999999999999 0.011221999999999999 0.0022010000000000003 0.002222 0.0021459999999999999 9.882253471812108 9.882253471812108 9.882253471812108 0.00062905620962154974 0.00062905620962154974 0.00062905620962154974 1 1 1 Converged Converged Converged OK OK OK 223 223 223 223 223 223 9 9 9 0 0 0 0 1 0 0 1
141 141 linear 0 0 1410 0 0.001 0.39424034829776256 0.013767514655719038 0.0086747043441157013 2.0798015505622258 -0.54023407348232033 2.0780666096934026 0.5 -2.072712611173428 1.7644107811310219 OK 13 12 0.71299199999999996 0.71368100000000001 0.18348300000000001 0.526065 0.52624099999999996 0 0.18692699999999995 0.18744000000000005 0.18348300000000001 0.0098099999999999993 0.0095149999999999992 0.0093860000000000002 0.14696099999999998 0.147953 0.14394400000000002 0.0041660000000000004 0.0040280000000000003 0.0041809999999999998 0.00088599999999999996 0.0008969999999999999 0.00092099999999999994 1.7644244364914019 1.7644244364914019 1.7644244364914019 0.00083569821154692262 0.00083569821154692262 0.00083569821154692262 1 1 1 Converged Converged Converged OK OK OK 89 89 89 89 89 89 7 7 7 0 0 0 0 0 1 0 0
141 141 linear 0 7 1410 1 0.001 0.39424034829776256 0.013767514655719038 0.0086747043441157013 2.0798015505622258 -0.54023407348232033 2.0791226606570343 0.5 -2.0737686621370597 1.8124454323501051 OK 13 12 0.68607600000000002 0.61890500000000004 0.17439499999999999 0.50754200000000005 0.37118200000000001 0 0.17853399999999997 0.24772300000000003 0.17439499999999999 0.0086560000000000005 0.0088020000000000008 0.0080920000000000002 0.14653499999999997 0.21530000000000005 0.14304800000000006 0.0040510000000000008 0.0040990000000000002 0.0041949999999999999 0.00085199999999999989 0.000861 0.00089299999999999991 1.8124585183004933 1.8124585183004933 1.8124585183004933 0.001100823229280749 0.001100823229280749 0.001100823229280749 1 1 1 Converged Converged Converged OK OK OK 89 89 89 89 89 89 7 7 7 0 0 0 0 1 0 0 1
141 141 linear 0 15 1410 2 0.001 0.39424034829776256 0.013767514655719038 0.0086747043441157013 2.0798015505622258 -0.54023407348232033 2.0803295760440417 0.5 -2.074975577524067 1.8538160351333595 OK 13 12 0.76699200000000001 0.69423100000000004 0.17408199999999999 0.58833199999999997 0.45151599999999997 0 0.17866000000000004 0.24271500000000007 0.17408199999999999 0.0086459999999999992 0.0087600000000000004 0.0079909999999999998 0.14655200000000002 0.21044900000000002 0.14332699999999998 0.0040560000000000006 0.0040809999999999996 0.004156 0.00086800000000000006 0.00086800000000000006 0.00087500000000000002 1.8538198049423678 1.8538198049423678 1.8538198049423678 0.0015420368606194584 0.0015420368606194584 0.0015420368606194584 1 1 1 Converged Converged Converged OK OK OK 89 89 89 89 89 89 7 7 7 0 0 0 0 1 0 0 1
141 141 linear 0 23 1410 3 0.001 0.39424034829776256 0.013767514655719038 0.0086747043441157013 2.0798015505622258 -0.54023407348232033 2.081536491431049 0.5 -2.0761824929110744 1.8824612573732171 OK 13 12 0.66105599999999998 0.587148 0.19159499999999999 0.45956200000000003 0.33275100000000002 0 0.20149399999999995 0.25439699999999998 0.19159499999999999 0.0086630000000000006 0.0085839999999999996 0.0079649999999999999 0.166019 0.21839199999999998 0.15768399999999991 0.004411 0.0047130000000000002 0.0043340000000000002 0.001042 0.0010990000000000002 0.00101 1.8824558226226904 1.8824558226226904 1.8824558226226904 0.00099238249213903936 0.00099238249213903936 0.00099238249213903936 1 1 1 Converged Converged Converged OK OK OK 97 97 97 97 97 97 7 7 7 0 0 0 0 1 0 0 1
141 141 linear 0 0 1410 0 0.0001 0.39424034829776256 0.013767514655719038 0.0086747043441157013 2.0798015505622258 -0.54023407348232033 2.0780666096934026 0.5 -2.072712611173428 1.7644107811310219 OK 13 12 0.79436399999999996 0.772729 0.242478 0.53701900000000002 0.52523299999999995 0 0.25734499999999993 0.24749600000000005 0.242478 0.010954 0.0097870000000000006 0.0094359999999999999 0.20791300000000001 0.19594799999999996 0.19605600000000009 0.0052370000000000003 0.0049800000000000009 0.0051870000000000006 0.001214 0.0011990000000000002 0.001188 1.7644248179119715 1.7644248179119715 1.7644248179119715 0.00012963848512255298 0.00012963848512255298 0.00012963848512255298 1 1 1 Converged Converged Converged OK OK OK 105 105 105 105 105 105 7 7 7 0 0 0 0 0 1 0 0
141 141 linear 0 7 1410 1 0.0001 0.39424034829776256 0.013767514655719038 0.0086747043441157013 2.0798015505622258 -0.54023407348232033 2.0791226606570343 0.5 -2.0737686621370597 1.8124454323501051 OK 13 12 0.74862899999999999 0.68165699999999996 0.229519 0.51395000000000002 0.369647 0 0.23467899999999997 0.31200999999999995 0.229519 0.0088199999999999997 0.0088090000000000009 0.008012 0.19810899999999998 0.27335500000000001 0.19412800000000002 0.0048729999999999997 0.0059380000000000006 0.0049480000000000001 0.001121 0.0012830000000000001 0.001111 1.8124588189185942 1.8124588189185942 1.8124588189185942 7.9140510307529867e-05 7.9140510307529867e-05 7.9140510307529867e-05 1 1 1 Converged Converged Converged OK OK OK 105 105 105 105 105 105 7 7 7 0 0 0 0 1 0 0 1
141 141 linear 0 15 1410 2 0.0001 0.39424034829776256 0.013767514655719038 0.0086747043441157013 2.0798015505622258 -0.54023407348232033 2.0803295760440417 0.5 -2.074975577524067 1.8538160351333595 OK 13 12 0.82249099999999997 0.753606 0.234322 0.58840700000000001 0.45127499999999998 0 0.23408399999999996 0.30233100000000002 0.234322 0.0085959999999999995 0.0087060000000000002 0.0082299999999999995 0.19807299999999994 0.26525700000000002 0.19861599999999996 0.0048150000000000007 0.0054050000000000001 0.0049099999999999994 0.001222 0.0011720000000000001 0.001176 1.8538200978714732 1.8538200978714732 1.8538200978714732 6.3998744579767274e-05 6.3998744579767274e-05 6.3998744579767274e-05 1 1 1 Converged Converged Converged OK OK OK 105 105 105 105 105 105 7 7 7 0 0 0 0 1 0 0 1
141 141 linear 0 23 1410 3 0.0001 0.39424034829776256 0.013767514655719038 0.0086747043441157013 2.0798015505622258 -0.54023407348232033 2.081536491431049 0.5 -2.0761824929110744 1.8824612573732171 OK 13 12 0.68936299999999995 0.633988 0.227409 0.46349000000000001 0.33645599999999998 0 0.22587299999999993 0.29753200000000002 0.227409 0.0085920000000000007 0.010045999999999999 0.0093130000000000001 0.18971399999999985 0.25589600000000007 0.19030799999999995 0.0047999999999999996 0.0049050000000000005 0.0048980000000000004 0.0012199999999999999 0.0012490000000000001 0.0011969999999999999 1.8824566325453673 1.8824566325453673 1.8824566325453673 6.4944006183755053e-05 6.4944006183755053e-05 6.4944006183755053e-05 1 1 1 Converged Converged Converged OK OK OK 105 105 105 105 105 105 7 7 7 0 0 0 0 1 0 0 1
141 141 linear 1 0 1411 0 0.001 0.39424034829776256 0.013767514655719038 0.0086747043441157013 2.0824764853221831 0.53398032351671976 2.0807415444533599 0.5 -2.0753875459333853 1.5762827052790358 OK 13 12 0.80568499999999998 0.799929 0.18745999999999999 0.61690800000000001 0.61489700000000003 0 0.18877699999999997 0.18503199999999997 0.18745999999999999 0.0099489999999999995 0.0098270000000000007 0.0093640000000000008 0.14384999999999998 0.14017899999999994 0.14375100000000002 0.0047460000000000002 0.0051400000000000005 0.0047610000000000005 0.0012109999999999998 0.0011910000000000002 0.00117 1.5762830958086151 1.5762830958086151 1.5762830958086151 0.00025915848729569278 0.00025915848729569278 0.00025915848729569278 1 1 1 Converged Converged Converged OK OK OK 97 97 97 97 97 97 7 7 7 0 0 0 0 0 1 0 0
141 141 linear 1 7 1411 1 0.001 0.39424034829776256 0.013767514655719038 0.0086747043441157013 2.0824764853221831 0.53398032351671976 2.0817975954169916 0.5 -2.076443596897017 1.5981584841517509 OK 13 12 0.78145799999999999 0.71677000000000002 0.17650199999999999 0.60012699999999997 0.46696399999999999 0 0.18133100000000002 0.24980600000000003 0.17650199999999999 0.0087030000000000007 0.0085679999999999992 0.0080400000000000003 0.14600199999999997 0.21542499999999998 0.14267600000000005 0.0047229999999999998 0.0045079999999999999 0.0046049999999999997 0.001098 0.001036 0.001073 1.598157769828219 1.598157769828219 1.598157769828219 0.00046896161416851536 0.00046896161416851536 0.00046896161416851536 1 1 1 Converged Converged Converged OK OK OK 97 97 97 97 97 97 7 7 7 0 0 0 0 1 0 0 1
141 141 linear 1 15 1411 2 0.001 0.39424034829776256 0.013767514655719038 0.0086747043441157013 2.0824764853221831 0.53398032351671976 2.083004510803999 0.5 -2.0776505122840243 1.6271999113763107 OK 13 12 0.76722999999999997 0.69583899999999999 0.19531899999999999 0.55934600000000001 0.43130200000000002 0 0.20788399999999996 0.26453699999999997 0.19531899999999999 0.0086789999999999992 0.0088070000000000006 0.0079410000000000001 0.17486899999999997 0.23119899999999993 0.16461300000000004 0.0042839999999999996 0.0046259999999999999 0.0040350000000000004 0.00091500000000000001 0.00092599999999999996 0.00084500000000000005 1.6272017206114844 1.6272017206114844 1.6272017206114844 0.0013660879238409347 0.0013660879238409347 0.0013660879238409347 1 1 1 Converged Converged Converged OK OK OK 89 89 89 89 89 89 7 7 7 0 0 0 0 1 0 0 1
141 141 linear 1 23 1411 3 0.001 0.39424034829776256 0.013767514655719038 0.0086747043441157013 2.0824764853221831 0.53398032351671976 2.0842114261910063 0.5 -2.0788574276710317 1.6317536670661033 OK 13 12 0.85855599999999999 0.78438200000000002 0.19518199999999999 0.65539599999999998 0.52607700000000002 0 0.20316000000000001 0.25830500000000001 0.19518199999999999 0.0086940000000000003 0.0086890000000000005 0.007986 0.16985199999999995 0.22627899999999992 0.16430999999999996 0.0048789999999999997 0.0040040000000000006 0.0040099999999999997 0.00092299999999999988 0.00080400000000000003 0.00081999999999999987 1.6317591263318041 1.6317591263318041 1.6317591263318041 0.00090587962403192255 0.00090587962403192255 0.00090587962403192255 1 1 1 Converged Converged Converged OK OK OK 89 89 89 89 89 89 7 7 7 0 0 0 0 1 0 0 1
141 141 linear 1 0 1411 0 0.0001 0.39424034829776256 0.013767514655719038 0.0086747043441157013 2.0824764853221831 0.53398032351671976 2.0807415444533599 0.5 -2.0753875459333853 1.5762827052790358 OK 13 12 0.84138400000000002 0.83319500000000002 0.21668200000000001 0.61926000000000003 0.60982599999999998 0 0.22212399999999999 0.22336900000000004 0.21668200000000001 0.0096450000000000008 0.0096100000000000005 0.0093200000000000002 0.16922899999999991 0.16945800000000003 0.16477 0.0061440000000000002 0.0067010000000000004 0.0063950000000000005 0.001384 0.0014920000000000001 0.001405 1.5762829004240302 1.5762829004240302 1.5762829004240302 8.7677071184822706e-05 8.7677071184822706e-05 8.7677071184822706e-05 1 1 1 Converged Converged Converged OK OK OK 121 121 121 121 121 121 7 7 7 0 0 0 0 0 1 0 0
141 141 linear 1 7 1411 1 0.0001 0.39424034829776256 0.013767514655719038 0.0086747043441157013 2.0824764853221831 0.53398032351671976 2.0817975954169916 0.5 -2.076443596897017 1.5981584841517509 OK 13 12 0.83531699999999998 0.77399799999999996 0.228821 0.59953500000000004 0.46267799999999998 0 0.23578199999999994 0.31131999999999999 0.228821 0.0086339999999999993 0.0087670000000000005 0.0081189999999999995 0.19325500000000004 0.26854600000000001 0.18772000000000005 0.0061910000000000003 0.0061779999999999995 0.0060980000000000001 0.0014179999999999998 0.0014300000000000003 0.001361 1.5981578315053004 1.5981578315053004 1.5981578315053004 0.00011142014188859313 0.00011142014188859313 0.00011142014188859313 1 1 1 Converged Converged Converged OK OK OK 121 121 121 121 121 121 7 7 7 0 0 0 0 1 0 0 1
141 141 linear 1 15 1411 2 0.0001 0.39424034829776256 0.013767514655719038 0.0086747043441157013 2.0824764853221831 0.53398032351671976 2.083004510803999 0.5 -2.0776505122840243 1.6271999113763107 OK 13 12 0.83056799999999997 0.77688400000000002 0.26227600000000001 0.55838299999999996 0.43178100000000003 0 0.27218500000000001 0.34510299999999999 0.26227600000000001 0.0085909999999999997 0.0098759999999999994 0.0082620000000000002 0.22868399999999994 0.30306299999999992 0.22362900000000005 0.0054660000000000004 0.0055860000000000007 0.005313 0.0011770000000000001 0.0012009999999999998 0.001129 1.6272045303532221 1.6272045303532221 1.6272045303532221 8.2420802384581846e-05 8.2420802384581846e-05 8.2420802384581846e-05 1 1 1 Converged Converged Converged OK OK OK 113 113 113 113 113 113 7 7 7 0 0 0 0 1 0 0 1
141 141 linear 1 23 1411 3 0.0001 0.39424034829776256 0.013767514655719038 0.0086747043441157013 2.0824764853221831 0.53398032351671976 2.0842114261910063 0.5 -2.0788574276710317 1.6317536670661033 OK 13 12 0.95092500000000002 0.90587200000000001 0.28775099999999998 0.65477799999999997 0.53674900000000003 0 0.29614700000000005 0.36912299999999998 0.28775099999999998 0.0086910000000000008 0.0099629999999999996 0.0080759999999999998 0.25373800000000002 0.32537700000000003 0.2470470000000001 0.0062829999999999995 0.0062740000000000009 0.0060289999999999996 0.0012810000000000002 0.0013110000000000001 0.001317 1.6317598575980254 1.6317598575980254 1.6317598575980254 7.0864429797158873e-05 7.0864429797158873e-05 7.0864429797158873e-05 1 1 1 Converged Converged Converged OK OK OK 121 121 121 121 121 121 7 7 7 0 0 0 0 1 0 0 1
141 141 linear 2 0 1412 0 0.001 0.39424034829776256 0.013767514655719038 0.0086747043441157013 2.0738612562364893 0.54575465094979547 2.0721263153676661 0.5 -2.0667723168476915 1.2847733733970521 OK 13 12 0.44311800000000001 0.44650200000000001 0.10362200000000001 0.33667799999999998 0.34257799999999999 0 0.10644000000000003 0.10392400000000002 0.10362200000000001 0.0091649999999999995 0.0089689999999999995 0.0086979999999999991 0.075260999999999967 0.073451000000000002 0.073535000000000003 0.003241 0.003137 0.003094 0.00082700000000000004 0.00073500000000000008 0.00073999999999999999 1.2847724829969389 1.2847724829969389 1.2847724829969389 0.00045451279660001318 0.00045451279660001318 0.00045451279660001318 1 1 1 Converged Converged Converged OK OK OK 61 61 61 61 61 61 3 3 3 0 0 0 0 0 1 0 0
141 141 linear 2 7 1412 1 0.001 0.39424034829776256 0.013767514655719038 0.0086747043441157013 2.0738612562364893 0.54575465094979547 2.0731823663312978 0.5 -2.0678283678113232 1.3035350161276995 OK 13 12 0.44714700000000002 0.37572699999999998 0.097802 0.34289900000000001 0.208088 0 0.10424800000000001 0.16763899999999998 0.097802 0.0081200000000000005 0.0083020000000000004 0.0076660000000000001 0.07680099999999998 0.14025999999999997 0.071590000000000001 0.003235 0.0032299999999999998 0.003163 0.00072300000000000012 0.00070500000000000001 0.00067499999999999993 1.3035339847999063 1.3035339847999063 1.3035339847999063 0.00049204697851204624 0.00049204697851204624 0.00049204697851204624 1 1 1 Converged Converged Converged OK OK OK 61 61 61 61 61 61 3 3 3 0 0 0 0 1 0 0 1
141 141 linear 2 15 1412 2 0.001 0.39424034829776256 0.013767514655719038 0.0086747043441157013 2.0738612562364893 0.54575465094979547 2.0743892817183052 0.5 -2.0690352831983305 1.3347665149375083 OK 13 12 0.43797599999999998 0.37847199999999998 0.099823999999999996 0.33666800000000002 0.20502999999999999 0 0.10130799999999995 0.17344199999999999 0.099823999999999996 0.0081890000000000001 0.0084010000000000005 0.0076350000000000003 0.073847999999999997 0.145208 0.073137000000000008 0.0031949999999999999 0.0034969999999999992 0.0032449999999999996 0.00074799999999999997 0.00082899999999999998 0.00074599999999999992 1.3347650870086483 1.3347650870086483 1.3347650870086483 0.00059574491480639702 0.00059574491480639702 0.00059574491480639702 1 1 1 Converged Converged Converged OK OK OK 61 61 61 61 61 61 3 3 3 0 0 0 0 1 0 0 1
141 141 linear 2 23 1412 3 0.001 0.39424034829776256 0.013767514655719038 0.0086747043441157013 2.0738612562364893 0.54575465094979547 2.0755961971053125 0.5 -2.0702421985853379 1.4660622094835567 OK 13 12 0.49440099999999998 0.42715599999999998 0.14363799999999999 0.34585500000000002 0.21042 0 0.14854599999999996 0.21673599999999998 0.14363799999999999 0.0089049999999999997 0.0090069999999999994 0.0091979999999999996 0.115243 0.18324199999999999 0.11142299999999997 0.0040280000000000003 0.0041549999999999998 0.0035919999999999997 0.00099600000000000014 0.00098200000000000002 0.00084499999999999994 1.4660573958415857 1.4660573958415857 1.4660573958415857 0.0010997495959429347 0.0010997495959429347 0.0010997495959429347 1 1 1 Converged Converged Converged OK OK OK 82 82 82 82 82 82 6 6 6 0 0 0 0 1 0 0 1
141 141 linear 2 0 1412 0 0.0001 0.39424034829776256 0.013767514655719038 0.0086747043441157013 2.0738612562364893 0.54575465094979547 2.0721263153676661 0.5 -2.0667723168476915 1.2847733733970521 OK 13 12 0.47206700000000001 0.48119600000000001 0.130192 0.33932099999999998 0.34620099999999998 0 0.13274600000000003 0.13499500000000003 0.130192 0.0088710000000000004 0.0091760000000000001 0.0087049999999999992 0.096214999999999995 0.096627999999999978 0.093803999999999985 0.0039550000000000002 0.0042690000000000002 0.0041409999999999997 0.00083300000000000008 0.00094699999999999993 0.00083699999999999996 1.2847724848639677 1.2847724848639677 1.2847724848639677 0.00012733220024380764 0.00012733220024380764 0.00012733220024380764 1 1 1 Converged Converged Converged OK OK OK 77 77 77 77 77 77 3 3 3 0 0 0 0 0 1 0 0
141 141 linear 2 7 1412 1 0.0001 0.39424034829776256 0.013767514655719038 0.0086747043441157013 2.0738612562364893 0.54575465094979547 2.0731823663312978 0.5 -2.0678283678113232 1.3035350161276995 OK 13 12 0.49956400000000001 0.47936800000000002 0.152034 0.34231099999999998 0.22508300000000001 0 0.15725300000000003 0.25428499999999998 0.152034 0.0083940000000000004 0.0085699999999999995 0.0076870000000000003 0.11758599999999997 0.21334100000000003 0.114271 0.0053969999999999999 0.0055649999999999996 0.0051889999999999992 0.00096000000000000013 0.001031 0.00092500000000000004 1.3035339868097533 1.3035339868097533 1.3035339868097533 1.9272305062983378e-08 1.9272305062983378e-08 1.9272305062983378e-08 1 1 1 Converged Converged Converged OK OK OK 93 93 93 93 93 93 3 3 3 0 0 0 0 1 0 0 1
141 141 linear 2 15 1412 2 0.0001 0.39424034829776256 0.013767514655719038 0.0086747043441157013 2.0738612562364893 0.54575465094979547 2.0743892817183052 0.5 -2.0690352831983305 1.3347665149375083 OK 13 12 0.49101099999999998 0.46299699999999999 0.15063299999999999 0.33174300000000001 0.20810799999999999 0 0.15926799999999997 0.25488900000000003 0.15063299999999999 0.0082170000000000003 0.0081639999999999994 0.0076309999999999998 0.12156600000000001 0.21607699999999999 0.114415 0.0051510000000000002 0.0053180000000000007 0.0050379999999999999 0.0010639999999999998 0.00101 0.00098200000000000002 1.3347650956787145 1.3347650956787145 1.3347650956787145 4.6784199161629237e-08 4.6784199161629237e-08 4.6784199161629237e-08 1 1 1 Converged Converged Converged OK OK OK 93 93 93 93 93 93 3 3 3 0 0 0 0 1 0 0 1
141 141 linear 2 23 1412 3 0.0001 0.39424034829776256 0.013767514655719038 0.0086747043441157013 2.0738612562364893 0.54575465094979547 2.0755961971053125 0.5 -2.0702421985853379 1.4660622094835567 OK 13 12 0.54046300000000003 0.48815900000000001 0.17642099999999999 0.35386899999999999 0.21584800000000001 0 0.18659400000000004 0.27231099999999997 0.17642099999999999 0.0091979999999999996 0.0090069999999999994 0.0084010000000000005 0.14487999999999995 0.23121999999999998 0.13709200000000002 0.005607 0.0054680000000000006 0.0051699999999999992 0.0011639999999999999 0.0011869999999999999 0.0010920000000000001 1.4660576339121554 1.4660576339121554 1.4660576339121554 7.8966052998584229e-05 7.8966052998584229e-05 7.8966052998584229e-05 1 1 1 Converged Converged Converged OK OK OK 106 106 106 106 106 106 6 6 6 0 0 0 0 1 0 0 1
141 141 linear 3 0 1413 0 0.001 0.39424034829776256 0.013767514655719038 0.0086747043441157013 2.0851741061922775 -0.52638533762829831 2.0834391653234543 0.5 -2.0780851668034797 1.192221669423875 OK 13 12 0.83212600000000003 0.81987100000000002 0.14121600000000001 0.68528199999999995 0.68030900000000005 0 0.14684400000000009 0.13956199999999996 0.14121600000000001 0.0097599999999999996 0.0096080000000000002 0.0094289999999999999 0.10910800000000001 0.10366600000000001 0.10556400000000002 0.0041260000000000003 0.0036969999999999998 0.0036589999999999999 0.00087500000000000013 0.00081000000000000006 0.00080099999999999995 1.1922211495886306 1.1922211495886306 1.1922211495886306 0.00051435452041853516 0.00051435452041853516 0.00051435452041853516 1 1 1 Converged Converged Converged OK OK OK 75 75 75 75 75 75 5 5 5 0 0 0 0 0 1 0 0
141 141 linear 3 7 1413 1 0.001 0.39424034829776256 0.013767514655719038 0.0086747043441157013 2.0851741061922775 -0.52638533762829831 2.084495216287086 0.5 -2.0791412177671114 1.1877910937357237 OK 13 12 0.75361 0.678504 0.14215800000000001 0.61061500000000002 0.47668500000000003 0 0.14299499999999998 0.20181899999999997 0.14215800000000001 0.0088170000000000002 0.0085529999999999998 0.0081670000000000006 0.11105399999999999 0.17099000000000003 0.10885500000000004 0.0040559999999999997 0.0039849999999999998 0.0038380000000000003 0.00083700000000000007 0.00081899999999999996 0.0039500000000000004 1.1877908599468789 1.1877908599468789 1.1877908599468789 0.00040859412585158493 0.00040859412585158493 0.00040859412585158493 1 1 1 Converged Converged Converged OK OK OK 75 75 75 75 75 75 5 5 5 0 0 0 0 1 0 0 1
141 141 linear 3 15 1413 2 0.001 0.39424034829776256 0.013767514655719038 0.0086747043441157013 2.0851741061922775 -0.52638533762829831 2.0857021316740934 0.5 -2.0803481331541187 1.1840212992717325 OK 13 12 0.73810900000000002 0.65756999999999999 0.129326 0.59976099999999999 0.45643499999999998 0 0.13834800000000003 0.20113500000000001 0.129326 0.0097850000000000003 0.0084390000000000003 0.008116 0.10890500000000003 0.17280799999999993 0.10205499999999999 0.0032890000000000003 0.0035770000000000003 0.0032960000000000003 0.00064800000000000003 0.00068800000000000003 0.000678 1.1840250453066317 1.1840250453066317 1.1840250453066317 0.00089278332807750198 0.00089278332807750198 0.00089278332807750198 1 1 1 Converged Converged Converged OK OK OK 67 67 67 67 67 67 5 5 5 0 0 0 0 1 0 0 1
141 141 linear 3 23 1413 3 0.001 0.39424034829776256 0.013767514655719038 0.0086747043441157013 2.0851741061922775 -0.52638533762829831 2.0869090470611007 0.5 -2.0815550485411261 1.1814355236707055 OK 13 12 0.88308799999999998 0.826241 0.118366 0.76218200000000003 0.62740799999999997 0 0.12090599999999996 0.19883300000000004 0.118366 0.0087080000000000005 0.0098440000000000003 0.0097059999999999994 0.093091999999999966 0.16954599999999997 0.090141999999999986 0.003199 0.0033660000000000001 0.003153 0.00070799999999999997 0.00073300000000000004 0.00070399999999999998 1.1814346708083427 1.1814346708083427 1.1814346708083427 0.00038736111106593306 0.00038736111106593306 0.00038736111106593306 1 1 1 Converged Converged Converged OK OK OK 60 60 60 60 60 60 4 4 4 0 0 0 0 1 0 0 1
141 141 linear 3 0 1413 0 0.0001 0.39424034829776256 0.013767514655719038 0.0086747043441157013 2.0851741061922775 -0.52638533762829831 2.0834391653234543 0.5 -2.0780851668034797 1.192221669423875 OK 13 12 0.83042899999999997 0.82853900000000003 0.153111 0.67757400000000001 0.67837000000000003 0 0.15285499999999996 0.150169 0.153111 0.0094649999999999995 0.0095069999999999998 0.010525 0.11411200000000002 0.11170899999999993 0.11308300000000004 0.004091 0.0040619999999999996 0.0041640000000000002 0.00091799999999999998 0.00092599999999999996 0.0010019999999999999 1.1922208835181598 1.1922208835181598 1.1922208835181598 8.7463357315504563e-05 8.7463357315504563e-05 8.7463357315504563e-05 1 1 1 Converged Converged Converged OK OK OK 83 83 83 83 83 83 5 5 5 0 0 0 0 0 1 0 0
141 141 linear 3 7 1413 1 0.0001 0.39424034829776256 0.013767514655719038 0.0086747043441157013 2.0851741061922775 -0.52638533762829831 2.084495216287086 0.5 -2.0791412177671114 1.1877910937357237 OK 13 12 0.75105200000000005 0.68996299999999999 0.14769499999999999 0.59805399999999997 0.47198299999999999 0 0.15299800000000008 0.21798000000000001 0.14769499999999999 0.0086689999999999996 0.0086169999999999997 0.0083099999999999997 0.12071 0.18506300000000001 0.11592500000000006 0.0040990000000000002 0.0045180000000000012 0.0040360000000000005 0.00090499999999999999 0.00093900000000000006 0.00092000000000000003 1.1877903419531963 1.1877903419531963 1.1877903419531963 9.2553486959391206e-05 9.2553486959391206e-05 9.2553486959391206e-05 1 1 1 Converged Converged Converged OK OK OK 83 83 83 83 83 83 5 5 5 0 0 0 0 1 0 0 1
141 141 linear 3 15 1413 2 0.0001 0.39424034829776256 0.013767514655719038 0.0086747043441157013 2.0851741061922775 -0.52638533762829831 2.0857021316740934 0.5 -2.0803481331541187 1.1840212992717325 OK 13 12 0.78137199999999996 0.74324500000000004 0.182422 0.59058900000000003 0.46644400000000003 0 0.19078299999999992 0.27680100000000002 0.182422 0.010553 0.0086470000000000002 0.0078790000000000006 0.15041299999999996 0.23659799999999997 0.14541299999999996 0.004999 0.0055589999999999997 0.0049150000000000001 0.001036 0.0011249999999999999 0.0010399999999999999 1.1840206044156281 1.1840206044156281 1.1840206044156281 1.1737404953172603e-05 1.1737404953172603e-05 1.1737404953172603e-05 1 1 1 Converged Converged Converged OK OK OK 99 99 99 99 99 99 5 5 5 0 0 0 0 1 0 0 1
141 141 linear 3 23 1413 3 0.0001 0.39424034829776256 0.013767514655719038 0.0086747043441157013 2.0851741061922775 -0.52638533762829831 2.0869090470611007 0.5 -2.0815550485411261 1.1814355236707055 OK 13 12 0.92446499999999998 0.92110999999999998 0.15967799999999999 0.75939800000000002 0.66072799999999998 0 0.16506699999999996 0.260382 0.15967799999999999 0.0085570000000000004 0.0099629999999999996 0.0079830000000000005 0.13019399999999995 0.223388 0.12591600000000003 0.0044640000000000001 0.004795999999999999 0.0045200000000000006 0.00094199999999999991 0.00097999999999999997 0.00098299999999999993 1.1814347453413372 1.1814347453413372 1.1814347453413372 8.160661443497766e-05 8.160661443497766e-05 8.160661443497766e-05 1 1 1 Converged Converged Converged OK OK OK 84 84 84 84 84 84 4 4 4 0 0 0 0 1 0 0 1
141 141 linear 4 0 1414 0 0.001 0.39424034829776256 0.013767514655719038 0.0086747043441157013 2.0829140972894749 -0.52400204702448128 2.0811791564206517 0.5 -2.075825157900677 1.1786934776881368 OK 13 12 0.732877 0.74361299999999997 0.15361900000000001 0.57180500000000001 0.59638500000000005 0 0.16107199999999999 0.14722799999999991 0.15361900000000001 0.010187999999999999 0.01082 0.010030000000000001 0.121819 0.10997000000000005 0.11356700000000006 0.0040530000000000002 0.0036420000000000003 0.0038019999999999998 0.00097499999999999996 0.00090199999999999992 0.000901 1.1786927829603016 1.1786927829603016 1.1786927829603016 0.0011196350443027029 0.0011196350443027029 0.0011196350443027029 1 1 1 Converged Converged Converged OK OK OK 75 75 75 75 75 75 5 5 5 0 0 0 0 0 1 0 0
141 141 linear 4 7 1414 1 0.001 0.39424034829776256 0.013767514655719038 0.0086747043441157013 2.0829140972894749 -0.52400204702448128 2.0822352073842834 0.5 -2.0768812088643087 1.1744396280438869 OK 13 12 0.76605100000000004 0.69514299999999996 0.13439200000000001 0.62197599999999997 0.47240100000000002 0 0.14407500000000006 0.22274199999999994 0.13439200000000001 0.0085470000000000008 0.0093919999999999993 0.0081759999999999992 0.11241499999999999 0.18931399999999995 0.10444300000000002 0.0038520000000000004 0.0041250000000000002 0.003705 0.00085300000000000003 0.00091500000000000001 0.00085299999999999992 1.174438974402654 1.174438974402654 1.174438974402654 0.00072664191242838207 0.00072664191242838207 0.00072664191242838207 1 1 1 Converged Converged Converged OK OK OK 75 75 75 75 75 75 5 5 5 0 0 0 0 1 0 0 1
141 141 linear 4 15 1414 2 0.001 0.39424034829776256 0.013767514655719038 0.0086747043441157013 2.0829140972894749 -0.52400204702448128 2.0834421227712907 0.5 -2.0780881242513161 1.1703242585563425 OK 13 12 0.84684499999999996 0.75798699999999997 0.13359799999999999 0.70308199999999998 0.55010199999999998 0 0.14376299999999997 0.20788499999999999 0.13359799999999999 0.0093959999999999998 0.012349000000000001 0.0080850000000000002 0.11143499999999999 0.17290799999999995 0.10399600000000001 0.0040140000000000002 0.0039379999999999997 0.0036880000000000003 0.00083599999999999994 0.00082400000000000008 0.00076099999999999996 1.1703236148319776 1.1703236148319776 1.1703236148319776 0.00043591443010553336 0.00043591443010553336 0.00043591443010553336 1 1 1 Converged Converged Converged OK OK OK 75 75 75 75 75 75 5 5 5 0 0 0 0 1 0 0 1
141 141 linear 4 23 1414 3 0.001 0.39424034829776256 0.013767514655719038 0.0086747043441157013 2.0829140972894749 -0.52400204702448128 2.0846490381582981 0.5 -2.0792950396383234 1.1669701123913956 OK 13 12 0.75772700000000004 0.717777 0.13611899999999999 0.61031100000000005 0.479549 0 0.14741599999999999 0.238228 0.13611899999999999 0.0086459999999999992 0.0090910000000000001 0.0080289999999999997 0.11452299999999999 0.20477699999999996 0.10663700000000001 0.0042760000000000003 0.004339 0.0035920000000000001 0.00090900000000000009 0.000892 0.000785 1.1669695074103981 1.1669695074103981 1.1669695074103981 0.00027599348580285772 0.00027599348580285772 0.00027599348580285772 1 1 1 Converged Converged Converged OK OK OK 75 75 75 75 75 75 5 5 5 0 0 0 0 1 0 0 1
141 141 linear 4 0 1414 0 0.0001 0.39424034829776256 0.013767514655719038 0.0086747043441157013 2.0829140972894749 -0.52400204702448128 2.0811791564206517 0.5 -2.075825157900677 1.1786934776881368 OK 13 12 0.74205900000000002 0.75198200000000004 0.16448099999999999 0.575484 0.56936900000000001 0 0.16657500000000003 0.18261300000000003 0.16448099999999999 0.0092230000000000003 0.010599000000000001 0.0093729999999999994 0.12578199999999998 0.13680900000000004 0.12251600000000001 0.0042319999999999997 0.0048209999999999998 0.0045929999999999999 0.0011029999999999998 0.001261 0.0011609999999999997 1.178692737734258 1.178692737734258 1.178692737734258 4.6386873128911876e-05 4.6386873128911876e-05 4.6386873128911876e-05 1 1 1 Converged Converged Converged OK OK OK 91 91 91 91 91 91 5 5 5 0 0 0 0 0 1 0 0
141 141 linear 4 7 1414 1 0.0001 0.39424034829776256 0.013767514655719038 0.0086747043441157013 2.0829140972894749 -0.52400204702448128 2.0822352073842834 0.5 -2.0768812088643087 1.1744396280438869 OK 13 12 0.77081900000000003 0.69381400000000004 0.153335 0.61052600000000001 0.46378200000000003 0 0.16029300000000002 0.23003200000000001 0.153335 0.0087869999999999997 0.0085349999999999992 0.0079209999999999992 0.12543199999999996 0.19571900000000003 0.11760300000000001 0.0046820000000000013 0.0048270000000000006 0.0073060000000000017 0.0011860000000000002 0.001173 0.0011349999999999999 1.1744388878646657 1.1744388878646657 1.1744388878646657 3.7602313918094261e-05 3.7602313918094261e-05 3.7602313918094261e-05 1 1 1 Converged Converged Converged OK OK OK 91 91 91 91 91 91 5 5 5 0 0 0 0 1 0 0 1
141 141 linear 4 15 1414 2 0.0001 0.39424034829776256 0.013767514655719038 0.0086747043441157013 2.0829140972894749 -0.52400204702448128 2.0834421227712907 0.5 -2.0780881242513161 1.1703242585563425 OK 13 12 0.841391 0.78866000000000003 0.15512899999999999 0.68635599999999997 0.56270900000000001 0 0.15503500000000003 0.22595100000000001 0.15512899999999999 0.0088109999999999994 0.0094820000000000008 0.0087519999999999994 0.12071099999999998 0.18997600000000006 0.12086899999999999 0.0047959999999999999 0.0046020000000000002 0.0044919999999999995 0.0010659999999999999 0.00099599999999999992 0.0010220000000000001 1.1703235118671789 1.1703235118671789 1.1703235118671789 0.00010836580926314976 0.00010836580926314976 0.00010836580926314976 1 1 1 Converged Converged Converged OK OK OK 83 83 83 83 83 83 5 5 5 0 0 0 0 1 0 0 1
141 141 linear 4 23 1414 3 0.0001 0.39424034829776256 0.013767514655719038 0.0086747043441157013 2.0829140972894749 -0.52400204702448128 2.0846490381582981 0.5 -2.0792950396383234 1.1669701123913956 OK 13 12 0.75881100000000001 0.70571700000000004 0.144258 0.61158400000000002 0.47734500000000002 0 0.147227 0.22837200000000002 0.144258 0.0084899999999999993 0.0085939999999999992 0.0079070000000000008 0.11469100000000003 0.19531199999999999 0.11286799999999993 0.0043709999999999999 0.004638999999999999 0.0041129999999999995 0.00097799999999999992 0.00092900000000000014 0.00095500000000000012 1.1669693892958248 1.1669693892958248 1.1669693892958248 8.414031674605639e-05 8.414031674605639e-05 8.414031674605639e-05 1 1 1 Converged Converged Converged OK OK OK 83 83 83 83 83 83 5 5 5 0 0 0 0 1 0 0 1
141 141 uniform 0 0 1415 0 0.001 0.39424034829776256 0.013767514655719038 0.0086747043441157013 2.0798015505622258 -0.54023407348232033 2.0780666096934026 0 -2.072712611173428 1.7525976376139527 OK 13 12 0.66094299999999995 0.66735100000000003 0.12905700000000001 0.53221499999999999 0.53895800000000005 0 0.12872799999999995 0.12839299999999998 0.12905700000000001 0.0096500000000000006 0.0096559999999999997 0.0093740000000000004 0.095563999999999968 0.095934999999999965 0.096084000000000017 0.0029090000000000001 0.0028540000000000006 0.0028999999999999998 0.00068099999999999996 0.000696 0.000696 1.7525973402292698 1.7525973402292698 1.7525973402292698 0.0012190441248539716 0.0012190441248539716 0.0012190441248539716 1 1 1 Converged Converged Converged OK OK OK 73 73 73 73 73 73 7 7 7 0 0 0 0 0 1 0 0
141 141 uniform 0 7 1415 1 0.001 0.39424034829776256 0.013767514655719038 0.0086747043441157013 2.0798015505622258 -0.54023407348232033 2.0791226606570343 0 -2.0737686621370597 1.7887882317660861 OK 13 12 0.64210199999999995 0.55508800000000003 0.124116 0.51804099999999997 0.376753 0 0.12406099999999998 0.17833500000000002 0.124116 0.0087209999999999996 0.0096640000000000007 0.0093179999999999999 0.09720400000000004 0.14921800000000005 0.097134999999999999 0.0028879999999999999 0.0031129999999999994 0.0027389999999999997 0.00069999999999999999 0.00071400000000000001 0.00068599999999999998 1.7887877397683911 1.7887877397683911 1.7887877397683911 0.0014129211214249126 0.0014129211214249126 0.0014129211214249126 1 1 1 Converged Converged Converged OK OK OK 73 73 73 73 73 73 7 7 7 0 0 0 0 1 0 0 1
141 141 uniform 0 15 1415 2 0.001 0.39424034829776256 0.013767514655719038 0.0086747043441157013 2.0798015505622258 -0.54023407348232033 2.0803295760440417 0 -2.074975577524067 1.8182327184537088 OK 13 12 0.76240699999999995 0.64465300000000003 0.125275 0.63522900000000004 0.48661100000000002 0 0.1271779999999999 0.15804200000000002 0.125275 0.0084709999999999994 0.0088059999999999996 0.0081169999999999992 0.096752999999999978 0.13172300000000003 0.099641000000000021 0.0027959999999999999 0.0028089999999999999 0.0027720000000000002 0.0044419999999999998 0.00065700000000000003 0.00068300000000000001 1.8182323330262611 1.8182323330262611 1.8182323330262611 0.0017109877120337043 0.0017109877120337043 0.0017109877120337043 1 1 1 Converged Converged Converged OK OK OK 73 73 73 73 73 73 7 7 7 0 0 0 0 1 0 0 1
141 141 uniform 0 23 1415 3 0.001 0.39424034829776256 0.013767514655719038 0.0086747043441157013 2.0798015505622258 -0.54023407348232033 2.081536491431049 0 -2.0761824929110744 1.8377997602176581 OK 13 12 0.60808499999999999 0.50697099999999995 0.141988 0.458895 0.33339099999999999 0 0.14918999999999999 0.17357999999999996 0.141988 0.0085929999999999999 0.0086189999999999999 0.0082150000000000001 0.11781999999999999 0.14337199999999997 0.11210800000000001 0.0034660000000000003 0.0033849999999999996 0.0033080000000000002 0.0010020000000000001 0.00091799999999999998 0.00089599999999999999 1.8377997304395828 1.8377997304395828 1.8377997304395828 0.0011139078906369337 0.0011139078906369337 0.0011139078906369337 1 1 1 Converged Converged Converged OK OK OK 81 81 81 81 81 81 7 7 7 0 0 0 0 1 0 0 1
141 141 uniform 0 0 1415 0 0.0001 0.39424034829776256 0.013767514655719038 0.0086747043441157013 2.0798015505622258 -0.54023407348232033 2.0780666096934026 0 -2.072712611173428 1.7525976376139527 OK 13 12 0.72189599999999998 0.71171499999999999 0.18287900000000001 0.53862699999999997 0.53475300000000003 0 0.18326900000000002 0.17696199999999995 0.18287900000000001 0.011058999999999999 0.0095340000000000008 0.0095040000000000003 0.13523100000000002 0.13174500000000003 0.135384 0.0045169999999999993 0.004431 0.0048599999999999997 0.0011800000000000001 0.0011699999999999998 0.0013869999999999998 1.7525982446737658 1.7525982446737658 1.7525982446737658 8.1637102343733306e-05 8.1637102343733306e-05 8.1637102343733306e-05 1 1 1 Converged Converged Converged OK OK OK 105 105 105 105 105 105 7 7 7 0 0 0 0 0 1 0 0
141 141 uniform 0 7 1415 1 0.0001 0.39424034829776256 0.013767514655719038 0.0086747043441157013 2.0798015505622258 -0.54023407348232033 2.0791226606570343 0 -2.0737686621370597 1.7887882317660861 OK 13 12 0.68342599999999998 0.62260199999999999 0.17333999999999999 0.50495299999999999 0.371979 0 0.17847299999999999 0.25062299999999998 0.17333999999999999 0.0085590000000000006 0.0097630000000000008 0.0090849999999999993 0.14082999999999998 0.21297800000000006 0.13659299999999999 0.0046610000000000002 0.0045660000000000006 0.004594 0.0011919999999999999 0.001073 0.0011539999999999999 1.7887887947617751 1.7887887947617751 1.7887887947617751 6.5410831441579389e-05 6.5410831441579389e-05 6.5410831441579389e-05 1 1 1 Converged Converged Converged OK OK OK 105 105 105 105 105 105 7 7 7 0 0 0 0 1 0 0 1
141 141 uniform 0 15 1415 2 0.0001 0.39424034829776256 0.013767514655719038 0.0086747043441157013 2.0798015505622258 -0.54023407348232033 2.0803295760440417 0 -2.074975577524067 1.8182327184537088 OK 13 12 0.77580800000000005 0.68947099999999995 0.16975699999999999 0.60335399999999995 0.45229799999999998 0 0.17245400000000011 0.23717299999999997 0.16975699999999999 0.0089540000000000002 0.0085939999999999992 0.0082559999999999995 0.13556799999999997 0.20194700000000004 0.13461900000000004 0.0044910000000000002 0.0044590000000000003 0.0044949999999999999 0.0011350000000000002 0.0011000000000000001 0.0011320000000000002 1.8182335136332779 1.8182335136332779 1.8182335136332779 5.5962360374439759e-05 5.5962360374439759e-05 5.5962360374439759e-05 1 1 1 Converged Converged Converged OK OK OK 105 105 105 105 105 105 7 7 7 0 0 0 0 1 0 0 1
141 141 uniform 0 23 1415 3 0.0001 0.39424034829776256 0.013767514655719038 0.0086747043441157013 2.0798015505622258 -0.54023407348232033 2.081536491431049 0 -2.0761824929110744 1.8377997602176581 OK 13 12 0.62759699999999996 0.57703300000000002 0.16389899999999999 0.466138 0.33991100000000002 0 0.16145899999999996 0.237122 0.16389899999999999 0.0086079999999999993 0.0099629999999999996 0.0082730000000000008 0.12571500000000002 0.19941400000000001 0.12845099999999998 0.0045570000000000003 0.0046719999999999991 0.0045119999999999995 0.001289 0.001248 0.0012179999999999999 1.837800723033991 1.837800723033991 1.837800723033991 5.9823669975462464e-05 5.9823669975462464e-05 5.9823669975462464e-05 1 1 1 Converged Converged Converged OK OK OK 105 105 105 105 105 105 7 7 7 0 0 0 0 1 0 0 1
141 141 uniform 1 0 1416 0 0.001 0.39424034829776256 0.013767514655719038 0.0086747043441157013 2.0824764853221831 0.53398032351671976 2.0807415444533599 0 -2.0753875459333853 1.5786555311656745 OK 13 12 0.76478800000000002 0.78996299999999997 0.14835699999999999 0.620112 0.62657399999999996 0 0.14467600000000003 0.16338900000000001 0.14835699999999999 0.0095490000000000002 0.010776000000000001 0.010651000000000001 0.10763600000000004 0.123042 0.109635 0.0034619999999999998 0.0037710000000000005 0.0035660000000000002 0.00091599999999999993 0.00093199999999999999 0.00085899999999999995 1.5786557082518948 1.5786557082518948 1.5786557082518948 0.00057090469909983261 0.00057090469909983261 0.00057090469909983261 1 1 1 Converged Converged Converged OK OK OK 81 81 81 81 81 81 7 7 7 0 0 0 0 0 1 0 0
141 141 uniform 1 7 1416 1 0.001 0.39424034829776256 0.013767514655719038 0.0086747043441157013 2.0824764853221831 0.53398032351671976 2.0817975954169916 0 -2.076443596897017 1.6081370014905791 OK 13 12 0.73735600000000001 0.65232400000000001 0.14257800000000001 0.59740199999999999 0.45996100000000001 0 0.13995400000000002 0.19236300000000001 0.14257800000000001 0.0084779999999999994 0.0087930000000000005 0.0082019999999999992 0.110571 0.16168700000000005 0.11287399999999999 0.003307 0.0036910000000000003 0.0034409999999999996 0.00087799999999999998 0.00096199999999999996 0.00084699999999999999 1.6081376248855273 1.6081376248855273 1.6081376248855273 0.00086942469669521491 0.00086942469669521491 0.00086942469669521491 1 1 1 Converged Converged Converged OK OK OK 81 81 81 81 81 81 7 7 7 0 0 0 0 1 0 0 1
141 141 uniform 1 15 1416 2 0.001 0.39424034829776256 0.013767514655719038 0.0086747043441157013 2.0824764853221831 0.53398032351671976 2.083004510803999 0 -2.0776505122840243 1.6461158862411409 OK 13 12 0.705341 0.60790599999999995 0.144146 0.55953900000000001 0.42976500000000001 0 0.14580199999999999 0.17814099999999994 0.144146 0.0086140000000000001 0.0086879999999999995 0.0082629999999999995 0.116506 0.14854200000000001 0.11536899999999997 0.0032799999999999999 0.0035729999999999998 0.0033150000000000002 0.00089200000000000011 0.00090799999999999995 0.00084199999999999998 1.6461163283524589 1.6461163283524589 1.6461163283524589 0.00052798088476520733 0.00052798088476520733 0.00052798088476520733 1 1 1 Converged Converged Converged OK OK OK 81 81 81 81 81 81 7 7 7 0 0 0 0 1 0 0 1
141 141 uniform 1 23 1416 3 0.001 0.39424034829776256 0.013767514655719038 0.0086747043441157013 2.0824764853221831 0.53398032351671976 2.0842114261910063 0 -2.0788574276710317 1.6537973038564895 OK 13 12 0.79955399999999999 0.72109900000000005 0.131466 0.66921200000000003 0.54643799999999998 0 0.13034199999999996 0.17466100000000007 0.131466 0.0085260000000000006 0.0087749999999999998 0.0082279999999999992 0.10391199999999995 0.14687299999999995 0.10523800000000001 0.0028449999999999999 0.0031449999999999994 0.002931 0.00071400000000000001 0.00078300000000000006 0.00070799999999999997 1.6537976056142405 1.6537976056142405 1.6537976056142405 0.0013061136374905595 0.0013061136374905595 0.0013061136374905595 1 1 1 Converged Converged Converged OK OK OK 73 73 73 73 73 73 7 7 7 0 0 0 0 1 0 0 1
141 141 uniform 1 0 1416 0 0.0001 0.39424034829776256 0.013767514655719038 0.0086747043441157013 2.0824764853221831 0.53398032351671976 2.0807415444533599 0 -2.0753875459333853 1.5786555311656745 OK 13 12 0.81218999999999997 0.814801 0.18903700000000001 0.62509199999999998 0.619371 0 0.18709799999999999 0.19542999999999999 0.18903700000000001 0.010436000000000001 0.010702 0.010299000000000001 0.13655899999999999 0.14485600000000001 0.13926600000000003 0.0055639999999999995 0.0054809999999999998 0.0055130000000000005 0.001261 0.0012030000000000001 0.001232 1.5786557059315793 1.5786557059315793 1.5786557059315793 0.00011974136527881752 0.00011974136527881752 0.00011974136527881752 1 1 1 Converged Converged Converged OK OK OK 113 113 113 113 113 113 7 7 7 0 0 0 0 0 1 0 0
141 141 uniform 1 7 1416 1 0.0001 0.39424034829776256 0.013767514655719038 0.0086747043441157013 2.0824764853221831 0.53398032351671976 2.0817975954169916 0 -2.076443596897017 1.6081370014905791 OK 13 12 0.77516600000000002 0.70327099999999998 0.16673099999999999 0.60448100000000005 0.467808 0 0.17068499999999998 0.23546299999999998 0.16673099999999999 0.0096220000000000003 0.0086630000000000006 0.0086920000000000001 0.13283499999999998 0.19881700000000005 0.129633 0.0047620000000000006 0.0048609999999999999 0.0047480000000000005 0.001165 0.0011940000000000002 0.0011739999999999999 1.6081373416462499 1.6081373416462499 1.6081373416462499 0.00015139316540965656 0.00015139316540965656 0.00015139316540965656 1 1 1 Converged Converged Converged OK OK OK 105 105 105 105 105 105 7 7 7 0 0 0 0 1 0 0 1
141 141 uniform 1 15 1416 2 0.0001 0.39424034829776256 0.013767514655719038 0.0086747043441157013 2.0824764853221831 0.53398032351671976 2.083004510803999 0 -2.0776505122840243 1.6461158862411409 OK 13 12 0.77256199999999997 0.69202799999999998 0.19771 0.56194599999999995 0.42882100000000001 0 0.21061600000000003 0.26320699999999997 0.19771 0.0087360000000000007 0.0086770000000000007 0.0082939999999999993 0.16703699999999994 0.22380599999999995 0.15850999999999998 0.0063709999999999999 0.0052690000000000011 0.0054289999999999998 0.0013720000000000002 0.0011350000000000002 0.001191 1.6461163327758515 1.6461163327758515 1.6461163327758515 8.9281957276309451e-05 8.9281957276309451e-05 8.9281957276309451e-05 1 1 1 Converged Converged Converged OK OK OK 113 113 113 113 113 113 7 7 7 0 0 0 0 1 0 0 1
141 141 uniform 1 23 1416 3 0.0001 0.39424034829776256 0.013767514655719038 0.0086747043441157013 2.0824764853221831 0.53398032351671976 2.0842114261910063 0 -2.0788574276710317 1.6537973038564895 OK 13 12 0.87104700000000002 0.76653400000000005 0.16958599999999999 0.696797 0.51924300000000001 0 0.17425000000000002 0.24729100000000004 0.16958599999999999 0.0097820000000000008 0.0086350000000000003 0.0092790000000000008 0.13617000000000001 0.20890400000000001 0.13217699999999999 0.0046409999999999993 0.0049659999999999999 0.0045050000000000003 0.0011740000000000001 0.001263 0.001152 1.6537979748219971 1.6537979748219971 1.6537979748219971 0.00016176917732011733 0.00016176917732011733 0.00016176917732011733 1 1 1 Converged Converged Converged OK OK OK 105 105 105 105 105 105 7 7 7 0 0 0 0 1 0 0 1
141 141 uniform 2 0 1417 0 0.001 0.39424034829776256 0.013767514655719038 0.0086747043441157013 2.0738612562364893 0.54575465094979547 2.0721263153676661 0 -2.0667723168476915 1.2876846828228439 OK 13 12 0.414686 0.42802000000000001 0.075783000000000003 0.33746700000000002 0.34797699999999998 0 0.077218999999999982 0.080043000000000031 0.075783000000000003 0.0090900000000000009 0.0093769999999999999 0.0086199999999999992 0.051649999999999995 0.053455000000000003 0.051460999999999993 0.002261 0.00266 0.002202 0.00058399999999999999 0.00063299999999999988 0.00057499999999999999 1.2876846614926309 1.2876846614926309 1.2876846614926309 0.00047017974980036219 0.00047017974980036219 0.00047017974980036219 1 1 1 Converged Converged Converged OK OK OK 45 45 45 45 45 45 3 3 3 0 0 0 0 0 1 0 0
141 141 uniform 2 7 1417 1 0.001 0.39424034829776256 0.013767514655719038 0.0086747043441157013 2.0738612562364893 0.54575465094979547 2.0731823663312978 0 -2.0678283678113232 1.3075730194993025 OK 13 12 0.42289399999999999 0.321934 0.070671999999999999 0.34392299999999998 0.214257 0 0.078971000000000013 0.10767699999999999 0.070671999999999999 0.0091629999999999993 0.0085210000000000008 0.0076439999999999998 0.053668000000000007 0.084336000000000022 0.04943899999999999 0.002366 0.002477 0.0022059999999999996 0.00056399999999999994 0.00063500000000000004 0.00054199999999999995 1.3075729699087917 1.3075729699087917 1.3075729699087917 0.00048879594186887823 0.00048879594186887823 0.00048879594186887823 1 1 1 Converged Converged Converged OK OK OK 45 45 45 45 45 45 3 3 3 0 0 0 0 1 0 0 1
141 141 uniform 2 15 1417 2 0.001 0.39424034829776256 0.013767514655719038 0.0086747043441157013 2.0738612562364893 0.54575465094979547 2.0743892817183052 0 -2.0690352831983305 1.3417664890383079 OK 13 12 0.41418100000000002 0.32267099999999999 0.071264999999999995 0.33600999999999998 0.204342 0 0.078171000000000046 0.11832899999999999 0.071264999999999995 0.0082190000000000006 0.0082609999999999992 0.0076569999999999997 0.054428000000000011 0.095644999999999994 0.049942000000000007 0.0024229999999999998 0.0023 0.002222 0.00065899999999999997 0.00060799999999999993 0.00061600000000000001 1.3417663340414767 1.3417663340414767 1.3417663340414767 0.00051591820452190048 0.00051591820452190048 0.00051591820452190048 1 1 1 Converged Converged Converged OK OK OK 45 45 45 45 45 45 3 3 3 0 0 0 0 1 0 0 1
141 141 uniform 2 23 1417 3 0.001 0.39424034829776256 0.013767514655719038 0.0086747043441157013 2.0738612562364893 0.54575465094979547 2.0755961971053125 0 -2.0702421985853379 1.499312266560233 OK 13 12 0.469856 0.37868299999999999 0.109109 0.354796 0.22575899999999999 0 0.11506 0.152924 0.109109 0.010455000000000001 0.0092840000000000006 0.0083000000000000001 0.084812000000000012 0.12450700000000002 0.082147000000000039 0.0030350000000000004 0.0028500000000000001 0.0028059999999999999 0.00072799999999999991 0.00068899999999999994 0.00068699999999999989 1.4993121341747766 1.4993121341747766 1.4993121341747766 0.0010057918619281938 0.0010057918619281938 0.0010057918619281938 1 1 1 Converged Converged Converged OK OK OK 66 66 66 66 66 66 6 6 6 0 0 0 0 1 0 0 1
141 141 uniform 2 0 1417 0 0.0001 0.39424034829776256 0.013767514655719038 0.0086747043441157013 2.0738612562364893 0.54575465094979547 2.0721263153676661 0 -2.0667723168476915 1.2876846828228439 OK 13 12 0.44573400000000002 0.42877900000000002 0.091143000000000002 0.338696 0.33682200000000001 0 0.10703800000000002 0.091957000000000011 0.091143000000000002 0.0097689999999999999 0.0090580000000000001 0.0086580000000000008 0.07259800000000001 0.061660999999999994 0.061381999999999978 0.003274 0.0030210000000000002 0.003006 0.00075199999999999996 0.00071000000000000013 0.00073800000000000005 1.2876846614996931 1.2876846614996931 1.2876846614996931 0.00010929813333525809 0.00010929813333525809 0.00010929813333525809 1 1 1 Converged Converged Converged OK OK OK 61 61 61 61 61 61 3 3 3 0 0 0 0 0 1 0 0
141 141 uniform 2 7 1417 1 0.0001 0.39424034829776256 0.013767514655719038 0.0086747043441157013 2.0738612562364893 0.54575465094979547 2.0731823663312978 0 -2.0678283678113232 1.3075730194993025 OK 13 12 0.43940899999999999 0.37996799999999997 0.085589999999999999 0.348078 0.22512099999999999 0 0.091330999999999996 0.15484699999999998 0.085589999999999999 0.0094999999999999998 0.0081539999999999998 0.0076530000000000001 0.062354000000000014 0.12765699999999996 0.059524000000000007 0.0031310000000000001 0.0031310000000000001 0.0030230000000000001 0.00070500000000000011 0.00071099999999999994 0.00068400000000000004 1.3075729699158511 1.3075729699158511 1.3075729699158511 0.00012792672029225821 0.00012792672029225821 0.00012792672029225821 1 1 1 Converged Converged Converged OK OK OK 61 61 61 61 61 61 3 3 3 0 0 0 0 1 0 0 1
141 141 uniform 2 15 1417 2 0.0001 0.39424034829776256 0.013767514655719038 0.0086747043441157013 2.0738612562364893 0.54575465094979547 2.0743892817183052 0 -2.0690352831983305 1.3417664890383079 OK 13 12 0.46028799999999997 0.39664899999999997 0.108984 0.345748 0.205204 0 0.11453999999999998 0.19144499999999998 0.108984 0.0084259999999999995 0.0083219999999999995 0.0077089999999999997 0.080631999999999981 0.15823600000000002 0.076901999999999984 0.0040299999999999997 0.0041210000000000005 0.0038900000000000002 0.00089800000000000004 0.00091299999999999997 0.00084800000000000001 1.341766333367433 1.341766333367433 1.341766333367433 1.3598095592381407e-05 1.3598095592381407e-05 1.3598095592381407e-05 1 1 1 Converged Converged Converged OK OK OK 77 77 77 77 77 77 3 3 3 0 0 0 0 1 0 0 1
141 141 uniform 2 23 1417 3 0.0001 0.39424034829776256 0.013767514655719038 0.0086747043441157013 2.0738612562364893 0.54575465094979547 2.0755961971053125 0 -2.0702421985853379 1.499312266560233 OK 13 12 0.543014 0.46331 0.16125300000000001 0.36930000000000002 0.20924200000000001 0 0.17371399999999998 0.25406799999999996 0.16125300000000001 0.0097949999999999999 0.0088210000000000007 0.0083219999999999995 0.12801999999999999 0.21343399999999998 0.11942999999999999 0.0052919999999999998 0.0048190000000000004 0.0048750000000000009 0.0011899999999999999 0.0010700000000000002 0.0011140000000000002 1.499312621870637 1.499312621870637 1.499312621870637 9.2163845557751372e-05 9.2163845557751372e-05 9.2163845557751372e-05 1 1 1 Converged Converged Converged OK OK OK 106 106 106 106 106 106 6 6 6 0 0 0 0 1 0 0 1
141 141 uniform 3 0 1418 0 0.001 0.39424034829776256 0.013767514655719038 0.0086747043441157013 2.0851741061922775 -0.52638533762829831 2.0834391653234543 0 -2.0780851668034797 1.1937598638405122 OK 13 12 0.78192799999999996 0.78117099999999995 0.103951 0.67726600000000003 0.67529799999999995 0 0.10466199999999992 0.10587299999999999 0.103951 0.0092700000000000005 0.0094070000000000004 0.0090749999999999997 0.07529199999999997 0.07618399999999996 0.07501300000000001 0.0027439999999999999 0.0029230000000000003 0.0026579999999999998 0.00064299999999999991 0.00065600000000000001 0.00062399999999999988 1.1937603071659637 1.1937603071659637 1.1937603071659637 0.00080819257807601284 0.00080819257807601284 0.00080819257807601284 1 1 1 Converged Converged Converged OK OK OK 59 59 59 59 59 59 5 5 5 0 0 0 0 0 1 0 0
141 141 uniform 3 7 1418 1 0.001 0.39424034829776256 0.013767514655719038 0.0086747043441157013 2.0851741061922775 -0.52638533762829831 2.084495216287086 0 -2.0791412177671114 1.1891570915433523 OK 13 12 0.706202 0.61688600000000005 0.1007 0.60355599999999998 0.47552899999999998 0 0.10264600000000002 0.14135700000000007 0.1007 0.0085869999999999991 0.0084659999999999996 0.0078569999999999994 0.077196000000000001 0.11585300000000001 0.076470000000000024 0.002722 0.002928 0.0026779999999999998 0.00064399999999999993 0.00062799999999999998 0.00060500000000000007 1.1891579479952137 1.1891579479952137 1.1891579479952137 0.00076324863292180742 0.00076324863292180742 0.00076324863292180742 1 1 1 Converged Converged Converged OK OK OK 59 59 59 59 59 59 5 5 5 0 0 0 0 1 0 0 1
141 141 uniform 3 15 1418 2 0.001 0.39424034829776256 0.013767514655719038 0.0086747043441157013 2.0851741061922775 -0.52638533762829831 2.0857021316740934 0 -2.0803481331541187 1.1852601881236002 OK 13 12 0.69852199999999998 0.59146900000000002 0.10237599999999999 0.59432600000000002 0.45294299999999998 0 0.10419599999999996 0.13852600000000004 0.10237599999999999 0.0084860000000000005 0.008541 0.0078589999999999997 0.079944000000000015 0.11444100000000001 0.078972000000000001 0.002627 0.002673 0.002666 0.00060099999999999997 0.00061200000000000002 0.00061900000000000008 1.1852599098323426 1.1852599098323426 1.1852599098323426 0.00093600149763580593 0.00093600149763580593 0.00093600149763580593 1 1 1 Converged Converged Converged OK OK OK 59 59 59 59 59 59 5 5 5 0 0 0 0 1 0 0 1
141 141 uniform 3 23 1418 3 0.001 0.39424034829776256 0.013767514655719038 0.0086747043441157013 2.0851741061922775 -0.52638533762829831 2.0869090470611007 0 -2.0815550485411261 1.182605165105866 OK 13 12 0.83202299999999996 0.74112100000000003 0.087264999999999995 0.74400699999999997 0.61493500000000001 0 0.088015999999999983 0.12618600000000002 0.087264999999999995 0.0084609999999999998 0.008567 0.0079100000000000004 0.062252999999999996 0.10382899999999998 0.06618700000000001 0.002232 0.0023670000000000002 0.0021129999999999999 0.00051400000000000003 0.00052700000000000002 0.00050500000000000002 1.1826050389320391 1.1826050389320391 1.1826050389320391 0.00065286158695045137 0.00065286158695045137 0.00065286158695045137 1 1 1 Converged Converged Converged OK OK OK 44 44 44 44 44 44 4 4 4 0 0 0 0 1 0 0 1
141 141 uniform 3 0 1418 0 0.0001 0.39424034829776256 0.013767514655719038 0.0086747043441157013 2.0851741061922775 -0.52638533762829831 2.0834391653234543 0 -2.0780851668034797 1.1937598638405122 OK 13 12 0.81090300000000004 0.80731600000000003 0.13226399999999999 0.67999699999999996 0.67703800000000003 0 0.13090600000000008 0.130278 0.13226399999999999 0.0093449999999999991 0.0095659999999999999 0.0090240000000000008 0.092149999999999982 0.092105000000000034 0.095330999999999985 0.0044620000000000007 0.003908 0.0037939999999999996 0.00094700000000000003 0.0009459999999999999 0.00089500000000000007 1.1937598530606774 1.1937598530606774 1.1937598530606774 4.3497506045153244e-05 4.3497506045153244e-05 4.3497506045153244e-05 1 1 1 Converged Converged Converged OK OK OK 83 83 83 83 83 83 5 5 5 0 0 0 0 0 1 0 0
141 141 uniform 3 7 1418 1 0.0001 0.39424034829776256 0.013767514655719038 0.0086747043441157013 2.0851741061922775 -0.52638533762829831 2.084495216287086 0 -2.0791412177671114 1.1891570915433523 OK 13 12 0.72794899999999996 0.66660799999999998 0.124182 0.60174899999999998 0.47462599999999999 0 0.12619999999999998 0.19198199999999999 0.124182 0.0086070000000000001 0.008685 0.0079520000000000007 0.094265000000000002 0.16000299999999998 0.093920000000000003 0.0038899999999999998 0.0039050000000000001 0.0037420000000000005 0.00088100000000000006 0.00090799999999999995 0.000825 1.1891570809118641 1.1891570809118641 1.1891570809118641 3.7477340580578761e-05 3.7477340580578761e-05 3.7477340580578761e-05 1 1 1 Converged Converged Converged OK OK OK 83 83 83 83 83 83 5 5 5 0 0 0 0 1 0 0 1
141 141 uniform 3 15 1418 2 0.0001 0.39424034829776256 0.013767514655719038 0.0086747043441157013 2.0851741061922775 -0.52638533762829831 2.0857021316740934 0 -2.0803481331541187 1.1852601881236002 OK 13 12 0.773092 0.65862299999999996 0.125753 0.62924999999999998 0.45321400000000001 0 0.14384200000000003 0.20540899999999995 0.125753 0.0094249999999999994 0.0086840000000000007 0.0079190000000000007 0.10827700000000004 0.17360999999999996 0.095125000000000001 0.00447 0.003921 0.0038850000000000004 0.0010159999999999998 0.00088099999999999995 0.00088900000000000003 1.1852602575269848 1.1852602575269848 1.1852602575269848 6.1126883574331645e-05 6.1126883574331645e-05 6.1126883574331645e-05 1 1 1 Converged Converged Converged OK OK OK 83 83 83 83 83 83 5 5 5 0 0 0 0 1 0 0 1
141 141 uniform 3 23 1418 3 0.0001 0.39424034829776256 0.013767514655719038 0.0086747043441157013 2.0851741061922775 -0.52638533762829831 2.0869090470611007 0 -2.0815550485411261 1.182605165105866 OK 13 12 0.86755199999999999 0.81323199999999995 0.116808 0.74823399999999995 0.61157399999999995 0 0.11931800000000004 0.201658 0.116808 0.0087259999999999994 0.0085199999999999998 0.0078790000000000006 0.086517999999999984 0.16896800000000001 0.08588400000000003 0.0041510000000000002 0.0042100000000000002 0.0038549999999999999 0.00093300000000000002 0.00097999999999999997 0.00091199999999999983 1.1826051599494383 1.1826051599494383 1.1826051599494383 2.6378086366528553e-05 2.6378086366528553e-05 2.6378086366528553e-05 1 1 1 Converged Converged Converged OK OK OK 76 76 76 76 76 76 4 4 4 0 0 0 0 1 0 0 1
141 141 uniform 4 0 1419 0 0.001 0.39424034829776256 0.013767514655719038 0.0086747043441157013 2.0829140972894749 -0.52400204702448128 2.0811791564206517 0 -2.075825157900677 1.1798141104878348 OK 13 12 0.68364899999999995 0.68621100000000002 0.111181 0.57399900000000004 0.57440199999999997 0 0.10964999999999991 0.11180900000000005 0.111181 0.0095359999999999993 0.010585000000000001 0.0091470000000000006 0.079367000000000035 0.080907000000000007 0.078866999999999979 0.0028670000000000002 0.0027139999999999998 0.0028990000000000001 0.00073899999999999997 0.00069400000000000006 0.00077400000000000006 1.1798141979370858 1.1798141979370858 1.1798141979370858 0.0010368606765749542 0.0010368606765749542 0.0010368606765749542 1 1 1 Converged Converged Converged OK OK OK 59 59 59 59 59 59 5 5 5 0 0 0 0 0 1 0 0
141 141 uniform 4 7 1419 1 0.001 0.39424034829776256 0.013767514655719038 0.0086747043441157013 2.0829140972894749 -0.52400204702448128 2.0822352073842834 0 -2.0768812088643087 1.1754461767549531 OK 13 12 0.69379100000000005 0.606742 0.09826 0.58907200000000004 0.46397300000000002 0 0.10471900000000001 0.14276899999999998 0.09826 0.0097249999999999993 0.0086140000000000001 0.0079830000000000005 0.077852999999999992 0.11698900000000001 0.074456999999999954 0.002807 0.0029150000000000001 0.0026489999999999999 0.00069500000000000009 0.00068800000000000003 0.00061499999999999988 1.175446318165156 1.175446318165156 1.175446318165156 0.00083680449174150366 0.00083680449174150366 0.00083680449174150366 1 1 1 Converged Converged Converged OK OK OK 59 59 59 59 59 59 5 5 5 0 0 0 0 1 0 0 1
141 141 uniform 4 15 1419 2 0.001 0.39424034829776256 0.013767514655719038 0.0086747043441157013 2.0829140972894749 -0.52400204702448128 2.0834421227712907 0 -2.0780881242513161 1.1712248472636939 OK 13 12 0.80208000000000002 0.681674 0.097430000000000003 0.69524300000000006 0.54892799999999997 0 0.10683699999999996 0.13274600000000003 0.097430000000000003 0.0096430000000000005 0.0085869999999999991 0.0078390000000000005 0.080013999999999988 0.10783700000000002 0.073550999999999978 0.0027899999999999999 0.0026919999999999999 0.0026610000000000002 0.00069899999999999997 0.00064899999999999995 0.000629 1.1712250094813363 1.1712250094813363 1.1712250094813363 0.00068264252250435046 0.00068264252250435046 0.00068264252250435046 1 1 1 Converged Converged Converged OK OK OK 59 59 59 59 59 59 5 5 5 0 0 0 0 1 0 0 1
141 141 uniform 4 23 1419 3 0.001 0.39424034829776256 0.013767514655719038 0.0086747043441157013 2.0829140972894749 -0.52400204702448128 2.0846490381582981 0 -2.0792950396383234 1.1677906633915129 OK 13 12 0.72977199999999998 0.61697199999999996 0.099861000000000005 0.62016800000000005 0.472248 0 0.10960399999999992 0.14472399999999996 0.099861000000000005 0.0097800000000000005 0.0086940000000000003 0.0078600000000000007 0.082891000000000034 0.11950099999999998 0.075873999999999941 0.0026670000000000005 0.0027269999999999998 0.0025680000000000004 0.00065499999999999998 0.00065399999999999996 0.00063900000000000003 1.1677908477541985 1.1677908477541985 1.1677908477541985 0.00058626678760718574 0.00058626678760718574 0.00058626678760718574 1 1 1 Converged Converged Converged OK OK OK 59 59 59 59 59 59 5 5 5 0 0 0 0 1 0 0 1
141 141 uniform 4 0 1419 0 0.0001 0.39424034829776256 0.013767514655719038 0.0086747043441157013 2.0829140972894749 -0.52400204702448128 2.0811791564206517 0 -2.075825157900677 1.1798141104878348 OK 13 12 0.71301000000000003 0.71515499999999999 0.14224000000000001 0.56961399999999995 0.57191499999999995 0 0.14339600000000008 0.14324000000000003 0.14224000000000001 0.0093919999999999993 0.0095910000000000006 0.008992 0.102476 0.10197199999999999 0.10166600000000001 0.004235 0.0043509999999999998 0.0042070000000000007 0.001083 0.001103 0.0011310000000000001 1.1798140998471329 1.1798140998471329 1.1798140998471329 1.5914007891670624e-05 1.5914007891670624e-05 1.5914007891670624e-05 1 1 1 Converged Converged Converged OK OK OK 91 91 91 91 91 91 5 5 5 0 0 0 0 0 1 0 0
141 141 uniform 4 7 1419 1 0.0001 0.39424034829776256 0.013767514655719038 0.0086747043441157013 2.0829140972894749 -0.52400204702448128 2.0822352073842834 0 -2.0768812088643087 1.1754461767549531 OK 13 12 0.71453999999999995 0.65896100000000002 0.120752 0.59165500000000004 0.46921600000000002 0 0.12288499999999991 0.189745 0.120752 0.0085780000000000006 0.0087089999999999997 0.0079220000000000002 0.090984999999999955 0.15793399999999996 0.090063000000000018 0.0038510000000000003 0.0039610000000000001 0.0038020000000000007 0.00091700000000000006 0.00093199999999999999 0.000977 1.1754461673287802 1.1754461673287802 1.1754461673287802 0.00010274849665231128 0.00010274849665231128 0.00010274849665231128 1 1 1 Converged Converged Converged OK OK OK 83 83 83 83 83 83 5 5 5 0 0 0 0 1 0 0 1
141 141 uniform 4 15 1419 2 0.0001 0.39424034829776256 0.013767514655719038 0.0086747043441157013 2.0829140972894749 -0.52400204702448128 2.0834421227712907 0 -2.0780881242513161 1.1712248472636939 OK 13 12 0.80202499999999999 0.73425600000000002 0.119809 0.67963700000000005 0.54752699999999999 0 0.12238799999999994 0.18672900000000003 0.119809 0.0084860000000000005 0.0085830000000000004 0.0079089999999999994 0.090459999999999985 0.15470900000000004 0.089191000000000006 0.0037899999999999995 0.0040569999999999998 0.0037569999999999995 0.00095799999999999998 0.0009729999999999998 0.00092199999999999997 1.1712248343349998 1.1712248343349998 1.1712248343349998 5.3574613430589642e-05 5.3574613430589642e-05 5.3574613430589642e-05 1 1 1 Converged Converged Converged OK OK OK 83 83 83 83 83 83 5 5 5 0 0 0 0 1 0 0 1
141 141 uniform 4 23 1419 3 0.0001 0.39424034829776256 0.013767514655719038 0.0086747043441157013 2.0829140972894749 -0.52400204702448128 2.0846490381582981 0 -2.0792950396383234 1.1677906633915129 OK 13 12 0.73637300000000006 0.68223699999999998 0.122392 0.61239399999999999 0.47793400000000003 0 0.12397900000000006 0.20430299999999996 0.122392 0.0085349999999999992 0.0084539999999999997 0.0078890000000000002 0.092283000000000018 0.17256600000000002 0.091862999999999986 0.003869 0.0039150000000000001 0.0036390000000000003 0.00088800000000000001 0.00089999999999999998 0.00090900000000000009 1.167790649901979 1.167790649901979 1.167790649901979 3.6541323291187964e-05 3.6541323291187964e-05 3.6541323291187964e-05 1 1 1 Converged Converged Converged OK OK OK 83 83 83 83 83 83 5 5 5 0 0 0 0 1 0 0 1
142 142 linear 0 0 1420 0 0.001 0.84111591250113493 0.0025755340661688456 0.012887032370927571 -0.00091267228762462725 -0.0015112817947920145 -0.0034900787618101416 0.5 0.0056508363432936654 157.05695252958913 OK 15 14 0.93773899999999999 0.90093299999999998 0.36123300000000003 0.54982500000000001 0.536416 0 0.38791399999999998 0.36451699999999998 0.36123300000000003 0.013032999999999999 0.012144 0.011674 0.32611199999999996 0.30642900000000017 0.30380399999999996 0.0090480000000000005 0.0079039999999999996 0.0079559999999999995 0.001588 0.001588 0.0015199999999999999 157.06008784719015 157.06008784719015 157.06008784719015 0.12132441658096292 0.12132441658096292 0.12132441658096292 1 1 1 Converged Converged Converged OK OK OK 143 143 143 143 143 143 9 9 9 0 0 0 0 0 1 0 0
142 142 linear 0 7 1420 1 0.001 0.84111591250113493 0.0025755340661688456 0.012887032370927571 -0.00091267228762462725 -0.0015112817947920145 -0.001921222647088524 0.5 0.0040819802285720474 160.13242827463242 OK 14 13 0.84550499999999995 0.72007500000000002 0.34768199999999999 0.48388500000000001 0.36088900000000002 0 0.36161999999999994 0.35918600000000001 0.34768199999999999 0.010189999999999999 0.010433 0.0099380000000000007 0.31586100000000006 0.31235900000000022 0.3034179999999998 0.007986 0.0084610000000000015 0.0075840000000000005 0.001382 0.001436 0.0013259999999999999 160.13622269466882 160.13622269466882 160.13622269466882 0.091759878399910094 0.091759878399910094 0.091759878399910094 1 1 1 Converged Converged Converged OK OK OK 144 144 144 144 144 144 8 8 8 0 0 0 0 1 0 0 1
142 142 linear 0 15 1420 2 0.001 0.84111591250113493 0.0025755340661688456 0.012887032370927571 -0.00091267228762462725 -0.0015112817947920145 -0.00012824423026381844 0.5 0.0022890018117473418 161.41893425677986 OK 13 12 0.84504100000000004 0.71850999999999998 0.33774199999999999 0.49379499999999998 0.37690400000000002 0 0.35124600000000006 0.34160599999999997 0.33774199999999999 0.010267999999999999 0.01025 0.0091710000000000003 0.30792900000000029 0.29833199999999999 0.29805300000000001 0.007868 0.008574 0.0067989999999999995 0.0013469999999999999 0.0013450000000000001 0.0012290000000000001 161.42021149348594 161.42021149348594 161.42021149348594 0.098200341880094882 0.098200341880094882 0.098200341880094882 1 1 1 Converged Converged Converged OK OK OK 137 137 137 137 137 137 7 7 7 0 0 0 0 1 0 0 1
142 142 linear 0 23 1420 3 0.001 0.84111591250113493 0.0025755340661688456 0.012887032370927571 -0.00091267228762462725 -0.0015112817947920145 0.0016647341865608874 0.5 0.00049602339492263599 160.35504629711261 OK 13 12 0.83570599999999995 0.700403 0.332339 0.490263 0.36149900000000001 0 0.34544299999999994 0.33890399999999998 0.332339 0.0098899999999999995 0.0099249999999999998 0.0089720000000000008 0.30331299999999994 0.29702199999999995 0.29312100000000019 0.0077779999999999993 0.0078879999999999992 0.0066169999999999996 0.0012469999999999998 0.0012539999999999999 0.0011590000000000001 160.35841319367967 160.35841319367967 160.35841319367967 0.097787705729015989 0.097787705729015989 0.097787705729015989 1 1 1 Converged Converged Converged OK OK OK 137 137 137 137 137 137 7 7 7 0 0 0 0 1 0 0 1
142 142 linear 0 0 1420 0 0.0001 0.84111591250113493 0.0025755340661688456 0.012887032370927571 -0.00091267228762462725 -0.0015112817947920145 -0.0034900787618101416 0.5 0.0056508363432936654 157.05695252958913 OK 15 14 1.094789 1.083529 0.53971000000000002 0.543512 0.53667200000000004 0 0.55127700000000002 0.54685699999999993 0.53971000000000002 0.011518 0.012163999999999999 0.011775000000000001 0.46326899999999993 0.45534399999999969 0.45064799999999994 0.016910000000000001 0.018672000000000001 0.017743999999999999 0.0019350000000000001 0.0021300000000000004 0.0020800000000000003 157.05821408298218 157.05821408298218 157.05821408298218 0.01499316262543717 0.01499316262543717 0.01499316262543717 1 1 1 Converged Converged Converged OK OK OK 231 231 231 231 231 231 9 9 9 0 0 0 0 0 1 0 0
142 142 linear 0 7 1420 1 0.0001 0.84111591250113493 0.0025755340661688456 0.012887032370927571 -0.00091267228762462725 -0.0015112817947920145 -0.001921222647088524 0.5 0.0040819802285720474 160.13242827463242 OK 14 13 0.98760199999999998 0.85178200000000004 0.496029 0.47650199999999998 0.355991 0 0.5111 0.49579100000000004 0.496029 0.010289 0.010451 0.010402 0.44387400000000005 0.43091399999999963 0.42489199999999983 0.018161 0.01644 0.023764 0.00182 0.0016899999999999999 0.0016369999999999996 160.13398984037877 160.13398984037877 160.13398984037877 0.012173785014116241 0.012173785014116241 0.012173785014116241 1 1 1 Converged Converged Converged OK OK OK 216 216 216 216 216 216 8 8 8 0 0 0 0 1 0 0 1
142 142 linear 0 15 1420 2 0.0001 0.84111591250113493 0.0025755340661688456 0.012887032370927571 -0.00091267228762462725 -0.0015112817947920145 -0.00012824423026381844 0.5 0.0022890018117473418 161.41893425677986 OK 13 12 0.98642799999999997 0.85757399999999995 0.47362100000000001 0.49596400000000002 0.38073800000000002 0 0.49046399999999996 0.47683599999999993 0.47362100000000001 0.010031 0.010435 0.009384 0.42671400000000026 0.41256499999999946 0.41253100000000015 0.016856000000000003 0.016959000000000002 0.015962999999999998 0.0016809999999999998 0.0016079999999999998 0.0015349999999999999 161.41836367749394 161.41836367749394 161.41836367749394 0.012841065362815755 0.012841065362815755 0.012841065362815755 1 1 1 Converged Converged Converged OK OK OK 209 209 209 209 209 209 7 7 7 0 0 0 0 1 0 0 1
142 142 linear 0 23 1420 3 0.0001 0.84111591250113493 0.0025755340661688456 0.012887032370927571 -0.00091267228762462725 -0.0015112817947920145 0.0016647341865608874 0.5 0.00049602339492263599 160.35504629711261 OK 13 12 0.984514 0.86630300000000005 0.46594999999999998 0.492396 0.36976700000000001 0 0.492118 0.49653600000000003 0.46594999999999998 0.0095560000000000003 0.011226 0.0089149999999999993 0.42828499999999969 0.42804699999999996 0.40625400000000017 0.017246000000000001 0.018597000000000002 0.015236 0.0014829999999999999 0.001939 0.00149 160.35658427221037 160.35658427221037 160.35658427221037 0.012810974425382152 0.012810974425382152 0.012810974425382152 1 1 1 Converged Converged Converged OK OK OK 209 209 209 209 209 209 7 7 7 0 0 0 0 1 0 0 1
142 142 linear 1 0 1421 0 0.001 0.84111591250113493 0.0025755340661688456 0.012887032370927571 0.33651463765409306 -0.090437310836424714 0.33393723117990753 0.5 -0.33177647359842399 3.7084536734321967 OK 13 12 0.43628 0.43152400000000002 0.125503 0.30731000000000003 0.30490699999999998 0 0.12896999999999997 0.12661700000000004 0.125503 0.0094149999999999998 0.0092969999999999997 0.0089630000000000005 0.095190000000000011 0.093249000000000026 0.092861000000000013 0.0033779999999999995 0.0033700000000000002 0.00331 0.00076000000000000004 0.00073700000000000002 0.00076800000000000002 3.7081598876739901 3.7081598876739901 3.7081598876739901 0.0036734437462801741 0.0036734437462801741 0.0036734437462801741 1 1 1 Converged Converged Converged OK OK OK 74 74 74 74 74 74 6 6 6 0 0 0 0 0 1 0 0
142 142 linear 1 7 1421 1 0.001 0.84111591250113493 0.0025755340661688456 0.012887032370927571 0.33651463765409306 -0.090437310836424714 0.33550608729462916 0.5 -0.33334532971314562 3.8052340600000436 OK 13 12 0.41852800000000001 0.31394100000000003 0.13242200000000001 0.278812 0.14854999999999999 0 0.13971600000000001 0.16539100000000004 0.13242200000000001 0.0084919999999999995 0.0085859999999999999 0.0079179999999999997 0.10871399999999998 0.13357800000000006 0.10242099999999998 0.0035480000000000004 0.0040179999999999999 0.003653 0.00086899999999999998 0.00087199999999999995 0.00088500000000000004 3.8052339116926617 3.8052339116926617 3.8052339116926617 0.0034963542710815896 0.0034963542710815896 0.0034963542710815896 1 1 1 Converged Converged Converged OK OK OK 82 82 82 82 82 82 6 6 6 0 0 0 0 1 0 0 1
142 142 linear 1 15 1421 2 0.001 0.84111591250113493 0.0025755340661688456 0.012887032370927571 0.33651463765409306 -0.090437310836424714 0.33729906571145385 0.5 -0.33513830812997031 3.8918626880676022 OK 13 12 0.439141 0.33356200000000003 0.151309 0.27710600000000002 0.148122 0 0.16203499999999998 0.18544000000000002 0.151309 0.0084950000000000008 0.008541 0.0079170000000000004 0.12497099999999998 0.14940999999999993 0.11638200000000001 0.004986 0.0045799999999999999 0.0045429999999999993 0.001049 0.00092800000000000001 0.00096600000000000006 3.8918870176457765 3.8918870176457765 3.8918870176457765 0.002087585873590511 0.002087585873590511 0.002087585873590511 1 1 1 Converged Converged Converged OK OK OK 98 98 98 98 98 98 6 6 6 0 0 0 0 1 0 0 1
142 142 linear 1 23 1421 3 0.001 0.84111591250113493 0.0025755340661688456 0.012887032370927571 0.33651463765409306 -0.090437310836424714 0.33909204412827859 0.5 -0.33693128654679505 3.9573917909017831 OK 13 12 0.44048700000000002 0.33917599999999998 0.15659999999999999 0.278723 0.147261 0 0.16176400000000002 0.19191499999999997 0.15659999999999999 0.008397 0.0085400000000000007 0.0079170000000000004 0.12686099999999997 0.15695800000000004 0.12318200000000006 0.0044690000000000007 0.0047010000000000003 0.0045230000000000001 0.00089700000000000001 0.00091 0.00091800000000000009 3.9575120249203071 3.9575120249203071 3.9575120249203071 0.0030441001966799879 0.0030441001966799879 0.0030441001966799879 1 1 1 Converged Converged Converged OK OK OK 98 98 98 98 98 98 6 6 6 0 0 0 0 1 0 0 1
142 142 linear 1 0 1421 0 0.0001 0.84111591250113493 0.0025755340661688456 0.012887032370927571 0.33651463765409306 -0.090437310836424714 0.33393723117990753 0.5 -0.33177647359842399 3.7084536734321967 OK 13 12 0.49320000000000003 0.49029899999999998 0.18282899999999999 0.30571599999999999 0.308035 0 0.18748400000000004 0.18226399999999998 0.18282899999999999 0.0096159999999999995 0.0093989999999999994 0.0092659999999999999 0.13851200000000002 0.13510499999999995 0.134965 0.0059740000000000001 0.0053950000000000005 0.0057759999999999999 0.0012490000000000001 0.0011639999999999999 0.0011820000000000001 3.7084546279901209 3.7084546279901209 3.7084546279901209 0.00027539833367026882 0.00027539833367026882 0.00027539833367026882 1 1 1 Converged Converged Converged OK OK OK 114 114 114 114 114 114 6 6 6 0 0 0 0 0 1 0 0
142 142 linear 1 7 1421 1 0.0001 0.84111591250113493 0.0025755340661688456 0.012887032370927571 0.33651463765409306 -0.090437310836424714 0.33550608729462916 0.5 -0.33334532971314562 3.8052340600000436 OK 13 12 0.47871000000000002 0.38414799999999999 0.193441 0.27853 0.14785499999999999 0 0.20018000000000002 0.236293 0.193441 0.0085299999999999994 0.0086 0.0080520000000000001 0.15804500000000007 0.19277100000000003 0.15210899999999999 0.0056960000000000005 0.0064809999999999998 0.0059279999999999992 0.001323 0.0013309999999999997 0.0014090000000000001 3.8052356883624738 3.8052356883624738 3.8052356883624738 0.00028436864648223608 0.00028436864648223608 0.00028436864648223608 1 1 1 Converged Converged Converged OK OK OK 122 122 122 122 122 122 6 6 6 0 0 0 0 1 0 0 1
142 142 linear 1 15 1421 2 0.0001 0.84111591250113493 0.0025755340661688456 0.012887032370927571 0.33651463765409306 -0.090437310836424714 0.33729906571145385 0.5 -0.33513830812997031 3.8918626880676022 OK 13 12 0.46763500000000002 0.362149 0.18157799999999999 0.28163700000000003 0.14432600000000001 0 0.185998 0.21782299999999999 0.18157799999999999 0.0084679999999999998 0.0085730000000000008 0.0079209999999999992 0.14792 0.17905200000000002 0.14437999999999998 0.0051540000000000006 0.0056760000000000005 0.0052720000000000006 0.0012260000000000001 0.0012639999999999999 0.0013119999999999998 3.8918694739724611 3.8918694739724611 3.8918694739724611 0.00035975437749941389 0.00035975437749941389 0.00035975437749941389 1 1 1 Converged Converged Converged OK OK OK 114 114 114 114 114 114 6 6 6 0 0 0 0 1 0 0 1
142 142 linear 1 23 1421 3 0.0001 0.84111591250113493 0.0025755340661688456 0.012887032370927571 0.33651463765409306 -0.090437310836424714 0.33909204412827859 0.5 -0.33693128654679505 3.9573917909017831 OK 13 12 0.50015699999999996 0.39983999999999997 0.21068799999999999 0.27640500000000001 0.14602100000000001 0 0.22375199999999995 0.25381899999999996 0.21068799999999999 0.0085950000000000002 0.0084609999999999998 0.0079129999999999999 0.17773300000000006 0.20980399999999993 0.16878899999999999 0.0072119999999999997 0.0068610000000000008 0.006213999999999999 0.0014140000000000001 0.00132 0.0013179999999999999 3.9573995080208988 3.9573995080208988 3.9573995080208988 0.0002374015227931756 0.0002374015227931756 0.0002374015227931756 1 1 1 Converged Converged Converged OK OK OK 130 130 130 130 130 130 6 6 6 0 0 0 0 1 0 0 1
142 142 linear 2 0 1422 0 0.001 0.84111591250113493 0.0025755340661688456 0.012887032370927571 0.31767289815002409 0.046836407003107691 0.31509549167583856 0.5 -0.31293473409435502 2.5130416084071832 OK 12 11 0.391957 0.38414799999999999 0.117064 0.26967200000000002 0.26563399999999998 0 0.12228499999999998 0.11851400000000001 0.117064 0.0095549999999999993 0.0095689999999999994 0.0089269999999999992 0.086787000000000003 0.084273999999999974 0.083931000000000047 0.0042060000000000005 0.0036550000000000003 0.0035599999999999998 0.00090600000000000012 0.00087000000000000001 0.00083799999999999999 2.513039499118789 2.513039499118789 2.513039499118789 0.00015418194251490345 0.00015418194251490345 0.00015418194251490345 1 1 1 Converged Converged Converged OK OK OK 75 75 75 75 75 75 5 5 5 0 0 0 0 0 1 0 0
142 142 linear 2 7 1422 1 0.001 0.84111591250113493 0.0025755340661688456 0.012887032370927571 0.31767289815002409 0.046836407003107691 0.31666434779056019 0.5 -0.31450359020907664 2.4824348339566069 OK 12 11 0.375224 0.26391300000000001 0.099047999999999997 0.27162500000000001 0.14773500000000001 0 0.103599 0.116178 0.099047999999999997 0.0085070000000000007 0.0083789999999999993 0.0078609999999999999 0.075163000000000021 0.088659000000000002 0.072677999999999993 0.0037910000000000001 0.0034689999999999999 0.0033649999999999999 0.00090099999999999989 0.00079199999999999995 0.00080199999999999998 2.4824330252422202 2.4824330252422202 2.4824330252422202 0.00016917826133942089 0.00016917826133942089 0.00016917826133942089 1 1 1 Converged Converged Converged OK OK OK 68 68 68 68 68 68 4 4 4 0 0 0 0 1 0 0 1
142 142 linear 2 15 1422 2 0.001 0.84111591250113493 0.0025755340661688456 0.012887032370927571 0.31767289815002409 0.046836407003107691 0.31845732620738487 0.5 -0.31629656862590133 2.4518752341679839 OK 12 11 0.37451000000000001 0.258081 0.097542000000000004 0.273399 0.14419399999999999 0 0.10111100000000001 0.11388700000000002 0.097542000000000004 0.0082400000000000008 0.0083510000000000008 0.0076449999999999999 0.073915000000000022 0.086987000000000037 0.071654000000000009 0.0032469999999999999 0.0032069999999999998 0.0033189999999999999 0.00075799999999999999 0.00073899999999999997 0.00074300000000000017 2.451884487685926 2.451884487685926 2.451884487685926 0.00056407979120702675 0.00056407979120702675 0.00056407979120702675 1 1 1 Converged Converged Converged OK OK OK 68 68 68 68 68 68 4 4 4 0 0 0 0 1 0 0 1
142 142 linear 2 23 1422 3 0.001 0.84111591250113493 0.0025755340661688456 0.012887032370927571 0.31767289815002409 0.046836407003107691 0.32025030462420961 0.5 -0.31808954704272607 2.4247997813319278 OK 12 11 0.36291299999999999 0.25571500000000003 0.088640999999999998 0.27066899999999999 0.14515900000000001 0 0.092243999999999993 0.11055600000000002 0.088640999999999998 0.0085880000000000001 0.0084799999999999997 0.0077260000000000002 0.064045000000000005 0.082864999999999994 0.062087999999999997 0.0033990000000000001 0.0033739999999999998 0.0032049999999999999 0.00081700000000000002 0.00078500000000000011 0.00075299999999999998 2.4247981963661811 2.4247981963661811 2.4247981963661811 0.0008678403177188169 0.0008678403177188169 0.0008678403177188169 1 1 1 Converged Converged Converged OK OK OK 61 61 61 61 61 61 3 3 3 0 0 0 0 1 0 0 1
142 142 linear 2 0 1422 0 0.0001 0.84111591250113493 0.0025755340661688456 0.012887032370927571 0.31767289815002409 0.046836407003107691 0.31509549167583856 0.5 -0.31293473409435502 2.5130416084071832 OK 12 11 0.39198499999999997 0.38410699999999998 0.11752600000000001 0.26675300000000002 0.26581399999999999 0 0.12523199999999995 0.11829299999999998 0.11752600000000001 0.0093720000000000001 0.0096530000000000001 0.0091240000000000002 0.090959999999999999 0.084060999999999941 0.084291000000000033 0.0036309999999999997 0.0036119999999999998 0.0034819999999999999 0.00084699999999999999 0.00085800000000000004 0.00083099999999999992 2.513039499118789 2.513039499118789 2.513039499118789 0.00015418194251490345 0.00015418194251490345 0.00015418194251490345 1 1 1 Converged Converged Converged OK OK OK 75 75 75 75 75 75 5 5 5 0 0 0 0 0 1 0 0
142 142 linear 2 7 1422 1 0.0001 0.84111591250113493 0.0025755340661688456 0.012887032370927571 0.31767289815002409 0.046836407003107691 0.31666434779056019 0.5 -0.31450359020907664 2.4824348339566069 OK 12 11 0.372807 0.26016299999999998 0.098969000000000001 0.27026899999999998 0.14435200000000001 0 0.10253800000000002 0.11581099999999997 0.098969000000000001 0.0084729999999999996 0.0084550000000000007 0.0079649999999999999 0.074868000000000032 0.088540999999999981 0.072603000000000001 0.003457 0.0033139999999999997 0.0033080000000000002 0.00076599999999999997 0.00079599999999999994 0.00074099999999999991 2.4824330252422202 2.4824330252422202 2.4824330252422202 0.00016917826133942089 0.00016917826133942089 0.00016917826133942089 1 1 1 Converged Converged Converged OK OK OK 68 68 68 68 68 68 4 4 4 0 0 0 0 1 0 0 1
142 142 linear 2 15 1422 2 0.0001 0.84111591250113493 0.0025755340661688456 0.012887032370927571 0.31767289815002409 0.046836407003107691 0.31845732620738487 0.5 -0.31629656862590133 2.4518752341679839 OK 12 11 0.39412199999999997 0.28393099999999999 0.12042799999999999 0.26917799999999997 0.146787 0 0.124944 0.13714399999999999 0.12042799999999999 0.0083119999999999999 0.0083260000000000001 0.0076740000000000003 0.092956999999999942 0.10524200000000002 0.089953999999999992 0.0044889999999999999 0.0043880000000000004 0.0043230000000000005 0.00089700000000000001 0.00090600000000000001 0.00083599999999999994 2.4518735953277657 2.4518735953277657 2.4518735953277657 0.00010181342273709619 0.00010181342273709619 0.00010181342273709619 1 1 1 Converged Converged Converged OK OK OK 84 84 84 84 84 84 4 4 4 0 0 0 0 1 0 0 1
142 142 linear 2 23 1422 3 0.0001 0.84111591250113493 0.0025755340661688456 0.012887032370927571 0.31767289815002409 0.046836407003107691 0.32025030462420961 0.5 -0.31808954704272607 2.4247997813319278 OK 12 11 0.39064100000000002 0.28286 0.11504200000000001 0.271893 0.14560000000000001 0 0.11874800000000002 0.13725999999999999 0.11504200000000001 0.0082190000000000006 0.0084130000000000003 0.0077549999999999997 0.086266999999999996 0.10438200000000002 0.083402000000000004 0.0041659999999999996 0.0043920000000000001 0.0042300000000000003 0.00089900000000000006 0.00099700000000000006 0.00089600000000000009 2.4247981400533103 2.4247981400533103 2.4247981400533103 8.2893406911959173e-05 8.2893406911959173e-05 8.2893406911959173e-05 1 1 1 Converged Converged Converged OK OK OK 77 77 77 77 77 77 3 3 3 0 0 0 0 1 0 0 1
142 142 linear 3 0 1423 0 0.001 0.84111591250113493 0.0025755340661688456 0.012887032370927571 0.37181601806971526 0.087241636401028486 0.36923861159552973 0.5 -0.36707785401404619 3.1974161489721866 OK 13 12 0.39204800000000001 0.39054699999999998 0.099193000000000003 0.28996899999999998 0.29060999999999998 0 0.10207900000000003 0.099936999999999998 0.099193000000000003 0.0092390000000000007 0.0091430000000000001 0.0088059999999999996 0.070687999999999987 0.068902999999999978 0.068496000000000015 0.0032799999999999999 0.0033550000000000003 0.0033600000000000001 0.00073700000000000002 0.00072500000000000006 0.00073800000000000005 3.1974141082177541 3.1974141082177541 3.1974141082177541 0.0025024016299282927 0.0025024016299282927 0.0025024016299282927 1 1 1 Converged Converged Converged OK OK OK 61 61 61 61 61 61 3 3 3 0 0 0 0 0 1 0 0
142 142 linear 3 7 1423 1 0.001 0.84111591250113493 0.0025755340661688456 0.012887032370927571 0.37181601806971526 0.087241636401028486 0.37080746771025136 0.5 -0.36864671012876782 3.1824571514724638 OK 13 12 0.37019400000000002 0.25642300000000001 0.093223 0.27288299999999999 0.13780500000000001 0 0.097311000000000036 0.118618 0.093223 0.0084069999999999995 0.0083289999999999996 0.007757 0.069334000000000021 0.091290999999999969 0.066772000000000012 0.0035430000000000001 0.0033600000000000001 0.0033219999999999999 0.00071299999999999998 0.00070600000000000003 0.00068499999999999995 3.1824551430039856 3.1824551430039856 3.1824551430039856 0.0024863664506248246 0.0024863664506248246 0.0024863664506248246 1 1 1 Converged Converged Converged OK OK OK 61 61 61 61 61 61 3 3 3 0 0 0 0 1 0 0 1
142 142 linear 3 15 1423 2 0.001 0.84111591250113493 0.0025755340661688456 0.012887032370927571 0.37181601806971526 0.087241636401028486 0.37260044612707605 0.5 -0.3704396885455925 3.1660845496537595 OK 13 12 0.36321500000000001 0.25462600000000002 0.090306999999999998 0.269841 0.13852800000000001 0 0.093374000000000013 0.11609800000000001 0.090306999999999998 0.0084119999999999993 0.0082979999999999998 0.0076959999999999997 0.065943999999999989 0.088939000000000004 0.064171999999999993 0.0031949999999999999 0.0032239999999999999 0.0031219999999999998 0.00072999999999999996 0.00070299999999999996 0.00068599999999999998 3.1660825684552107 3.1660825684552107 3.1660825684552107 0.0024682028453260649 0.0024682028453260649 0.0024682028453260649 1 1 1 Converged Converged Converged OK OK OK 61 61 61 61 61 61 3 3 3 0 0 0 0 1 0 0 1
142 142 linear 3 23 1423 3 0.001 0.84111591250113493 0.0025755340661688456 0.012887032370927571 0.37181601806971526 0.087241636401028486 0.37439342454390079 0.5 -0.37223266696241725 3.150331483907336 OK 13 12 0.37317699999999998 0.262216 0.093765000000000001 0.27027400000000001 0.142819 0 0.10290299999999997 0.119397 0.093765000000000001 0.0081960000000000002 0.0082579999999999997 0.0076360000000000004 0.075394000000000003 0.092217999999999967 0.067811000000000038 0.0032700000000000003 0.0032650000000000001 0.0031409999999999997 0.00074100000000000001 0.00074599999999999992 0.00073200000000000001 3.1503295239859135 3.1503295239859135 3.1503295239859135 0.0024500322455537011 0.0024500322455537011 0.0024500322455537011 1 1 1 Converged Converged Converged OK OK OK 61 61 61 61 61 61 3 3 3 0 0 0 0 1 0 0 1
142 142 linear 3 0 1423 0 0.0001 0.84111591250113493 0.0025755340661688456 0.012887032370927571 0.37181601806971526 0.087241636401028486 0.36923861159552973 0.5 -0.36707785401404619 3.1974161489721866 OK 13 12 0.42653999999999997 0.41192800000000002 0.121181 0.29713000000000001 0.29008200000000001 0 0.12940999999999997 0.12184600000000001 0.121181 0.010152 0.008914 0.0086940000000000003 0.090912999999999994 0.085276000000000032 0.084995000000000001 0.0043030000000000004 0.0041640000000000002 0.0041940000000000007 0.00081499999999999997 0.00083900000000000001 0.000861 3.197414112975328 3.197414112975328 3.197414112975328 0.00012505073614741451 0.00012505073614741451 0.00012505073614741451 1 1 1 Converged Converged Converged OK OK OK 77 77 77 77 77 77 3 3 3 0 0 0 0 0 1 0 0
142 142 linear 3 7 1423 1 0.0001 0.84111591250113493 0.0025755340661688456 0.012887032370927571 0.37181601806971526 0.087241636401028486 0.37080746771025136 0.5 -0.36864671012876782 3.1824571514724638 OK 13 12 0.39333600000000002 0.28589399999999998 0.113626 0.27335900000000002 0.13944699999999999 0 0.119977 0.14644699999999999 0.113626 0.0084360000000000008 0.0082380000000000005 0.0077590000000000003 0.08719300000000002 0.11476 0.082559000000000007 0.004143 0.0040409999999999995 0.0040720000000000001 0.00082300000000000006 0.00083799999999999999 0.00081399999999999994 3.1824551478256318 3.1824551478256318 3.1824551478256318 0.00011716904409213705 0.00011716904409213705 0.00011716904409213705 1 1 1 Converged Converged Converged OK OK OK 77 77 77 77 77 77 3 3 3 0 0 0 0 1 0 0 1
142 142 linear 3 15 1423 2 0.0001 0.84111591250113493 0.0025755340661688456 0.012887032370927571 0.37181601806971526 0.087241636401028486 0.37260044612707605 0.5 -0.3704396885455925 3.1660845496537595 OK 13 12 0.38877800000000001 0.27736100000000002 0.110615 0.27207399999999998 0.13911499999999999 0 0.11670400000000003 0.13824600000000004 0.110615 0.0085050000000000004 0.0082699999999999996 0.0077799999999999996 0.083993000000000026 0.10608999999999999 0.079535999999999996 0.0041340000000000005 0.0041929999999999997 0.0040049999999999999 0.00083900000000000001 0.00083299999999999997 0.00079199999999999995 3.1660825733605815 3.1660825733605815 3.1660825733605815 0.00010906690735957955 0.00010906690735957955 0.00010906690735957955 1 1 1 Converged Converged Converged OK OK OK 77 77 77 77 77 77 3 3 3 0 0 0 0 1 0 0 1
142 142 linear 3 23 1423 3 0.0001 0.84111591250113493 0.0025755340661688456 0.012887032370927571 0.37181601806971526 0.087241636401028486 0.37439342454390079 0.5 -0.37223266696241725 3.150331483907336 OK 13 12 0.38712999999999997 0.283553 0.12031500000000001 0.26728299999999999 0.136848 0 0.11984699999999998 0.146705 0.12031500000000001 0.0082799999999999992 0.011560000000000001 0.0076369999999999997 0.087760999999999964 0.11161299999999998 0.088458999999999982 0.0040509999999999999 0.0041120000000000002 0.0042419999999999992 0.00086899999999999998 0.00084999999999999984 0.00087699999999999996 3.1503295289868496 3.1503295289868496 3.1503295289868496 0.00010179950281358007 0.00010179950281358007 0.00010179950281358007 1 1 1 Converged Converged Converged OK OK OK 77 77 77 77 77 77 3 3 3 0 0 0 0 1 0 0 1
142 142 linear 4 0 1424 0 0.001 0.84111591250113493 0.0025755340661688456 0.012887032370927571 -0.050601567937535688 0.024364050403768829 -0.053178974411721203 0.5 0.055339731993204723 15.939320469187782 OK 13 12 0.37018600000000002 0.36210900000000001 0.082859000000000002 0.28473100000000001 0.27700599999999997 0 0.085455000000000003 0.08510300000000004 0.082859000000000002 0.0089429999999999996 0.0089350000000000002 0.0085800000000000008 0.057700000000000015 0.057001999999999997 0.055774999999999984 0.0027630000000000003 0.0031739999999999997 0.0027929999999999999 0.0005840000000000001 0.00062399999999999999 0.00062199999999999994 15.939311020497728 15.939311020497728 15.939311020497728 0.0089789760879672113 0.0089789760879672113 0.0089789760879672113 1 1 1 Converged Converged Converged OK OK OK 53 53 53 53 53 53 3 3 3 0 0 0 0 0 1 0 0
142 142 linear 4 7 1424 1 0.001 0.84111591250113493 0.0025755340661688456 0.012887032370927571 -0.050601567937535688 0.024364050403768829 -0.051610118296999588 0.5 0.053770875878483108 16.323360687469471 OK 13 12 0.355124 0.26162000000000002 0.078777 0.272561 0.15052599999999999 0 0.082562999999999998 0.11109400000000003 0.078777 0.0082349999999999993 0.0082900000000000005 0.0076480000000000003 0.057429999999999995 0.085697999999999983 0.054801000000000002 0.0028879999999999999 0.003101 0.002833 0.00056700000000000001 0.000611 0.00059200000000000008 16.323351004705383 16.323351004705383 16.323351004705383 0.0093021220718152164 0.0093021220718152164 0.0093021220718152164 1 1 1 Converged Converged Converged OK OK OK 53 53 53 53 53 53 3 3 3 0 0 0 0 1 0 0 1
142 142 linear 4 15 1424 2 0.001 0.84111591250113493 0.0025755340661688456 0.012887032370927571 -0.050601567937535688 0.024364050403768829 -0.049817139880174881 0.5 0.051977897461658401 16.785212063317864 OK 13 12 0.35770600000000002 0.260021 0.075570999999999999 0.27851399999999998 0.156943 0 0.07919200000000004 0.103078 0.075570999999999999 0.0083470000000000003 0.0083070000000000001 0.0076990000000000001 0.054059999999999997 0.077977000000000005 0.051796000000000002 0.0030479999999999999 0.0029159999999999998 0.0027499999999999998 0.00063000000000000003 0.00063599999999999996 0.00059299999999999999 16.78520205310824 16.78520205310824 16.78520205310824 0.0096872657073370106 0.0096872657073370106 0.0096872657073370106 1 1 1 Converged Converged Converged OK OK OK 53 53 53 53 53 53 3 3 3 0 0 0 0 1 0 0 1
142 142 linear 4 23 1424 3 0.001 0.84111591250113493 0.0025755340661688456 0.012887032370927571 -0.050601567937535688 0.024364050403768829 -0.048024161463350173 0.5 0.050184919044833694 17.273221996110443 OK 13 12 0.35017700000000002 0.25380399999999997 0.078881999999999994 0.26790700000000001 0.147173 0 0.08227000000000001 0.10663099999999998 0.078881999999999994 0.0083929999999999994 0.0085690000000000002 0.0079590000000000008 0.057234999999999994 0.081372999999999987 0.054903999999999994 0.0027920000000000002 0.0028900000000000002 0.0027520000000000001 0.00063699999999999998 0.00064900000000000005 0.00062899999999999989 17.27321159325275 17.27321159325275 17.27321159325275 0.010090833811564965 0.010090833811564965 0.010090833811564965 1 1 1 Converged Converged Converged OK OK OK 53 53 53 53 53 53 3 3 3 0 0 0 0 1 0 0 1
142 142 linear 4 0 1424 0 0.0001 0.84111591250113493 0.0025755340661688456 0.012887032370927571 -0.050601567937535688 0.024364050403768829 -0.053178974411721203 0.5 0.055339731993204723 15.939320469187782 OK 13 12 0.38861499999999999 0.38291399999999998 0.103577 0.279474 0.278059 0 0.10914099999999999 0.10485499999999998 0.103577 0.0089149999999999993 0.0091330000000000005 0.0086280000000000003 0.074429999999999968 0.07177699999999998 0.071340999999999988 0.0043699999999999998 0.0036769999999999997 0.0035539999999999999 0.00080800000000000002 0.00071400000000000001 0.00068500000000000006 15.939311042399645 15.939311042399645 15.939311042399645 5.4795381839716075e-05 5.4795381839716075e-05 5.4795381839716075e-05 1 1 1 Converged Converged Converged OK OK OK 69 69 69 69 69 69 3 3 3 0 0 0 0 0 1 0 0
142 142 linear 4 7 1424 1 0.0001 0.84111591250113493 0.0025755340661688456 0.012887032370927571 -0.050601567937535688 0.024364050403768829 -0.051610118296999588 0.5 0.053770875878483108 16.323360687469471 OK 13 12 0.38113599999999997 0.28559200000000001 0.101061 0.27178600000000003 0.14992900000000001 0 0.10934999999999995 0.13566300000000001 0.101061 0.0082159999999999993 0.0082649999999999998 0.0076949999999999996 0.075323000000000001 0.10596500000000002 0.072719999999999993 0.0037160000000000001 0.003787 0.0036520000000000003 0.00069400000000000006 0.00068999999999999997 0.00064499999999999996 16.323351035993014 16.323351035993014 16.323351035993014 5.4473544721411876e-05 5.4473544721411876e-05 5.4473544721411876e-05 1 1 1 Converged Converged Converged OK OK OK 69 69 69 69 69 69 3 3 3 0 0 0 0 1 0 0 1
142 142 linear 4 15 1424 2 0.0001 0.84111591250113493 0.0025755340661688456 0.012887032370927571 -0.050601567937535688 0.024364050403768829 -0.049817139880174881 0.5 0.051977897461658401 16.785212063317864 OK 13 12 0.37595699999999999 0.286084 0.096858 0.27479999999999999 0.15229599999999999 0 0.101157 0.13378800000000002 0.096858 0.0080909999999999992 0.008267 0.0077669999999999996 0.071301000000000031 0.10419500000000001 0.068404000000000006 0.0037850000000000002 0.0038279999999999998 0.0036639999999999997 0.00069799999999999994 0.00068700000000000011 0.00067299999999999999 16.785202094531652 16.785202094531652 16.785202094531652 5.3906145720357712e-05 5.3906145720357712e-05 5.3906145720357712e-05 1 1 1 Converged Converged Converged OK OK OK 69 69 69 69 69 69 3 3 3 0 0 0 0 1 0 0 1
142 142 linear 4 23 1424 3 0.0001 0.84111591250113493 0.0025755340661688456 0.012887032370927571 -0.050601567937535688 0.024364050403768829 -0.048024161463350173 0.5 0.050184919044833694 17.273221996110443 OK 13 12 0.36919999999999997 0.28330899999999998 0.10034999999999999 0.26441300000000001 0.14574400000000001 0 0.10478699999999996 0.13756499999999997 0.10034999999999999 0.0085430000000000002 0.0086079999999999993 0.0079729999999999992 0.074317000000000008 0.10744500000000001 0.071446999999999997 0.0039389999999999998 0.0038059999999999999 0.0037160000000000006 0.00079600000000000005 0.00081299999999999992 0.00075699999999999997 17.273211644205269 17.273211644205269 17.273211644205269 5.3184770092783783e-05 5.3184770092783783e-05 5.3184770092783783e-05 1 1 1 Converged Converged Converged OK OK OK 69 69 69 69 69 69 3 3 3 0 0 0 0 1 0 0 1
142 142 uniform 0 0 1425 0 0.001 0.84111591250113493 0.0025755340661688456 0.012887032370927571 -0.00091267228762462725 -0.0015112817947920145 -0.0034900787618101416 0 0.0056508363432936654 149.1059036939522 OK 15 14 0.79797799999999997 0.80017199999999999 0.257102 0.54249000000000003 0.53798900000000005 0 0.25548799999999994 0.26218299999999994 0.257102 0.011768000000000001 0.016188000000000001 0.011686999999999999 0.19964699999999991 0.200821 0.20036900000000007 0.0067299999999999999 0.0071920000000000005 0.0072729999999999991 0.0014580000000000001 0.0016539999999999999 0.0015409999999999998 149.10979649241057 149.10979649241057 149.10979649241057 0.12926423661367401 0.12926423661367401 0.12926423661367401 1 1 1 Converged Converged Converged OK OK OK 143 143 143 143 143 143 9 9 9 0 0 0 0 0 1 0 0
142 142 uniform 0 7 1425 1 0.001 0.84111591250113493 0.0025755340661688456 0.012887032370927571 -0.00091267228762462725 -0.0015112817947920145 -0.001921222647088524 0 0.0040819802285720474 151.1367732040305 OK 14 13 0.72299500000000005 0.60740899999999998 0.24335699999999999 0.47315299999999999 0.35763800000000001 0 0.24984200000000006 0.24977099999999997 0.24335699999999999 0.010340999999999999 0.010574999999999999 0.0097809999999999998 0.20408299999999985 0.20469199999999996 0.19973500000000008 0.0076799999999999993 0.0073299999999999997 0.0074199999999999995 0.0014650000000000002 0.0013579999999999998 0.0013030000000000001 151.14119723651729 151.14119723651729 151.14119723651729 0.10172799930404851 0.10172799930404851 0.10172799930404851 1 1 1 Converged Converged Converged OK OK OK 144 144 144 144 144 144 8 8 8 0 0 0 0 1 0 0 1
142 142 uniform 0 15 1425 2 0.001 0.84111591250113493 0.0025755340661688456 0.012887032370927571 -0.00091267228762462725 -0.0015112817947920145 -0.00012824423026381844 0 0.0022890018117473418 151.95514078561763 OK 13 12 0.73844699999999996 0.60713200000000001 0.23036999999999999 0.50042600000000004 0.37093799999999999 0 0.23802099999999993 0.23619400000000002 0.23036999999999999 0.0099469999999999992 0.0098230000000000001 0.0093650000000000001 0.195161 0.19504300000000011 0.19118000000000002 0.0079170000000000004 0.007304999999999999 0.0066610000000000003 0.0012260000000000001 0.0011720000000000001 0.0011840000000000002 151.9589800001732 151.9589800001732 151.9589800001732 0.10884799601750077 0.10884799601750077 0.10884799601750077 1 1 1 Converged Converged Converged OK OK OK 137 137 137 137 137 137 7 7 7 0 0 0 0 1 0 0 1
142 142 uniform 0 23 1425 3 0.001 0.84111591250113493 0.0025755340661688456 0.012887032370927571 -0.00091267228762462725 -0.0015112817947920145 0.0016647341865608874 0 0.00049602339492263599 151.2260693531403 OK 13 12 0.72896499999999997 0.60423899999999997 0.22475500000000001 0.49963200000000002 0.36333700000000002 0 0.22933299999999995 0.24090199999999995 0.22475500000000001 0.0094979999999999995 0.009835 0.0089960000000000005 0.18853600000000006 0.19717200000000004 0.18611599999999995 0.0071660000000000005 0.0089200000000000008 0.0065559999999999993 0.0011430000000000001 0.0012470000000000001 0.0011160000000000002 151.2298695344663 151.2298695344663 151.2298695344663 0.10831253225675504 0.10831253225675504 0.10831253225675504 1 1 1 Converged Converged Converged OK OK OK 137 137 137 137 137 137 7 7 7 0 0 0 0 1 0 0 1
142 142 uniform 0 0 1425 0 0.0001 0.84111591250113493 0.0025755340661688456 0.012887032370927571 -0.00091267228762462725 -0.0015112817947920145 -0.0034900787618101416 0 0.0056508363432936654 149.1059036939522 OK 15 14 0.92793400000000004 0.93747199999999997 0.38614100000000001 0.54253799999999996 0.54000400000000004 0 0.38539600000000007 0.39746799999999993 0.38614100000000001 0.011729 0.016978 0.011993999999999999 0.29802099999999976 0.30111499999999974 0.29728400000000005 0.016175999999999999 0.018234 0.017170999999999995 0.0019610000000000001 0.0022360000000000001 0.0020990000000000002 149.10638741387774 149.10638741387774 149.10638741387774 0.013919655955480574 0.013919655955480574 0.013919655955480574 1 1 1 Converged Converged Converged OK OK OK 231 231 231 231 231 231 9 9 9 0 0 0 0 0 1 0 0
142 142 uniform 0 7 1425 1 0.0001 0.84111591250113493 0.0025755340661688456 0.012887032370927571 -0.00091267228762462725 -0.0015112817947920145 -0.001921222647088524 0 0.0040819802285720474 151.1367732040305 OK 14 13 0.82996899999999996 0.71418300000000001 0.34814499999999998 0.47872199999999998 0.36051499999999997 0 0.35124699999999998 0.35366800000000004 0.34814499999999998 0.010567 0.010527 0.010095 0.28484299999999996 0.28888200000000008 0.28524900000000009 0.017618000000000002 0.016531999999999998 0.016102999999999999 0.0017179999999999999 0.0016909999999999998 0.00166 151.13732499585217 151.13732499585217 151.13732499585217 0.012438900504055366 0.012438900504055366 0.012438900504055366 1 1 1 Converged Converged Converged OK OK OK 216 216 216 216 216 216 8 8 8 0 0 0 0 1 0 0 1
142 142 uniform 0 15 1425 2 0.0001 0.84111591250113493 0.0025755340661688456 0.012887032370927571 -0.00091267228762462725 -0.0015112817947920145 -0.00012824423026381844 0 0.0022890018117473418 151.95514078561763 OK 13 12 0.83097200000000004 0.72101700000000002 0.32790000000000002 0.49882500000000002 0.37362099999999998 0 0.33214700000000003 0.34739600000000004 0.32790000000000002 0.0098790000000000006 0.011526 0.0092259999999999998 0.27069800000000005 0.28058600000000022 0.26812600000000003 0.015313 0.017180000000000001 0.015313 0.0014970000000000001 0.001707 0.0014609999999999998 151.95562013290538 151.95562013290538 151.95562013290538 0.013321065023019055 0.013321065023019055 0.013321065023019055 1 1 1 Converged Converged Converged OK OK OK 209 209 209 209 209 209 7 7 7 0 0 0 0 1 0 0 1
142 142 uniform 0 23 1425 3 0.0001 0.84111591250113493 0.0025755340661688456 0.012887032370927571 -0.00091267228762462725 -0.0015112817947920145 0.0016647341865608874 0 0.00049602339492263599 151.2260693531403 OK 13 12 0.82875600000000005 0.71416999999999997 0.32703700000000002 0.495479 0.36996400000000002 0 0.33327700000000005 0.34420599999999996 0.32703700000000002 0.0098119999999999995 0.011213000000000001 0.0089499999999999996 0.27058300000000013 0.28048699999999993 0.2679999999999999 0.016416 0.015989 0.015213000000000001 0.0015459999999999998 0.0015589999999999998 0.001454 151.22654070938518 151.22654070938518 151.22654070938518 0.013261217429654856 0.013261217429654856 0.013261217429654856 1 1 1 Converged Converged Converged OK OK OK 209 209 209 209 209 209 7 7 7 0 0 0 0 1 0 0 1
142 142 uniform 1 0 1426 0 0.001 0.84111591250113493 0.0025755340661688456 0.012887032370927571 0.33651463765409306 -0.090437310836424714 0.33393723117990753 0 -0.33177647359842399 3.7508487965100441 OK 13 12 0.40316400000000002 0.40513700000000002 0.094793000000000002 0.30776599999999998 0.30973499999999998 0 0.095398000000000038 0.095402000000000042 0.094793000000000002 0.009476 0.009358 0.0089739999999999993 0.065341999999999983 0.065560999999999994 0.065276999999999988 0.0025760000000000002 0.0027060000000000001 0.00282 0.000754 0.00077099999999999998 0.00071500000000000003 3.750851678543333 3.750851678543333 3.750851678543333 0.0024997151575059319 0.0024997151575059319 0.0024997151575059319 1 1 1 Converged Converged Converged OK OK OK 66 66 66 66 66 66 6 6 6 0 0 0 0 0 1 0 0
142 142 uniform 1 7 1426 1 0.001 0.84111591250113493 0.0025755340661688456 0.012887032370927571 0.33651463765409306 -0.090437310836424714 0.33550608729462916 0 -0.33334532971314562 3.8358911851587103 OK 13 12 0.37591999999999998 0.26000000000000001 0.089841000000000004 0.28430800000000001 0.14677399999999999 0 0.091611999999999971 0.11322600000000002 0.089841000000000004 0.0086029999999999995 0.0084910000000000003 0.0078919999999999997 0.067061999999999983 0.088870999999999992 0.06647299999999999 0.002562 0.0024889999999999999 0.0024490000000000002 0.0006910000000000001 0.00069999999999999999 0.00071099999999999994 3.8358902652981848 3.8358902652981848 3.8358902652981848 0.0029155440723384871 0.0029155440723384871 0.0029155440723384871 1 1 1 Converged Converged Converged OK OK OK 66 66 66 66 66 66 6 6 6 0 0 0 0 1 0 0 1
142 142 uniform 1 15 1426 2 0.001 0.84111591250113493 0.0025755340661688456 0.012887032370927571 0.33651463765409306 -0.090437310836424714 0.33729906571145385 0 -0.33513830812997031 3.9053773611620346 OK 13 12 0.37655 0.26399400000000001 0.095302999999999999 0.27937400000000001 0.14537 0 0.097175999999999985 0.11862400000000001 0.095302999999999999 0.0084790000000000004 0.0085789999999999998 0.0080940000000000005 0.069761000000000004 0.091562000000000004 0.069329999999999989 0.002944 0.0028859999999999997 0.0027730000000000003 0.00084900000000000015 0.00081899999999999996 0.00081400000000000005 3.905378954681948 3.905378954681948 3.905378954681948 0.0022328336263237546 0.0022328336263237546 0.0022328336263237546 1 1 1 Converged Converged Converged OK OK OK 74 74 74 74 74 74 6 6 6 0 0 0 0 1 0 0 1
142 142 uniform 1 23 1426 3 0.001 0.84111591250113493 0.0025755340661688456 0.012887032370927571 0.33651463765409306 -0.090437310836424714 0.33909204412827859 0 -0.33693128654679505 3.954361981712994 OK 13 12 0.38092799999999999 0.27082299999999998 0.101198 0.27739999999999998 0.14763999999999999 0 0.10352800000000001 0.12318299999999999 0.101198 0.0086180000000000007 0.008567 0.0079660000000000009 0.077009999999999995 0.096571000000000018 0.076472999999999985 0.0029350000000000001 0.0032780000000000001 0.0027910000000000001 0.00078799999999999996 0.00086299999999999994 0.00077200000000000001 3.9543605983103709 3.9543605983103709 3.9543605983103709 0.0027895854282991455 0.0027895854282991455 0.0027895854282991455 1 1 1 Converged Converged Converged OK OK OK 74 74 74 74 74 74 6 6 6 0 0 0 0 1 0 0 1
142 142 uniform 1 0 1426 0 0.0001 0.84111591250113493 0.0025755340661688456 0.012887032370927571 0.33651463765409306 -0.090437310836424714 0.33393723117990753 0 -0.33177647359842399 3.7508487965100441 OK 13 12 0.464696 0.46449600000000002 0.15667700000000001 0.30723699999999998 0.31220799999999999 0 0.15745900000000002 0.15228800000000003 0.15667700000000001 0.0094350000000000007 0.0093810000000000004 0.0089429999999999996 0.11041000000000005 0.10597900000000002 0.10589899999999992 0.0052509999999999996 0.0051350000000000007 0.00513 0.0012030000000000003 0.0011460000000000001 0.001139 3.7508458484030882 3.7508458484030882 3.7508458484030882 0.00035730337222120943 0.00035730337222120943 0.00035730337222120943 1 1 1 Converged Converged Converged OK OK OK 114 114 114 114 114 114 6 6 6 0 0 0 0 0 1 0 0
142 142 uniform 1 7 1426 1 0.0001 0.84111591250113493 0.0025755340661688456 0.012887032370927571 0.33651463765409306 -0.090437310836424714 0.33550608729462916 0 -0.33334532971314562 3.8358911851587103 OK 13 12 0.43414900000000001 0.34320699999999998 0.15162100000000001 0.28009699999999998 0.149811 0 0.15405200000000002 0.19339599999999998 0.15162100000000001 0.0085869999999999991 0.0084729999999999996 0.0079810000000000002 0.11189399999999995 0.15189499999999997 0.11126999999999999 0.0056540000000000002 0.0054679999999999989 0.0054489999999999999 0.0014449999999999999 0.001348 0.0014300000000000001 3.8358904463377073 3.8358904463377073 3.8358904463377073 0.00018284463164796189 0.00018284463164796189 0.00018284463164796189 1 1 1 Converged Converged Converged OK OK OK 122 122 122 122 122 122 6 6 6 0 0 0 0 1 0 0 1
142 142 uniform 1 15 1426 2 0.0001 0.84111591250113493 0.0025755340661688456 0.012887032370927571 0.33651463765409306 -0.090437310836424714 0.33729906571145385 0 -0.33513830812997031 3.9053773611620346 OK 13 12 0.43541400000000002 0.33842 0.156163 0.27706700000000001 0.14490700000000001 0 0.15834700000000002 0.19351299999999999 0.156163 0.0084530000000000004 0.0083750000000000005 0.0079080000000000001 0.11563300000000001 0.150723 0.11485099999999997 0.005568 0.0058370000000000002 0.0055539999999999999 0.001338 0.0014070000000000003 0.0013550000000000001 3.9053757300498946 3.9053757300498946 3.9053757300498946 9.5976324220013173e-05 9.5976324220013173e-05 9.5976324220013173e-05 1 1 1 Converged Converged Converged OK OK OK 130 130 130 130 130 130 6 6 6 0 0 0 0 1 0 0 1
142 142 uniform 1 23 1426 3 0.0001 0.84111591250113493 0.0025755340661688456 0.012887032370927571 0.33651463765409306 -0.090437310836424714 0.33909204412827859 0 -0.33693128654679505 3.954361981712994 OK 13 12 0.44647500000000001 0.35019600000000001 0.16100900000000001 0.28399799999999997 0.146035 0 0.16247700000000004 0.20416100000000001 0.16100900000000001 0.0084919999999999995 0.0084759999999999992 0.0078980000000000005 0.12220099999999998 0.16354500000000008 0.122155 0.0056040000000000005 0.005875 0.0054859999999999987 0.0012670000000000001 0.001255 0.0012480000000000002 3.9543630121143334 3.9543630121143334 3.9543630121143334 0.00037508240780805815 0.00037508240780805815 0.00037508240780805815 1 1 1 Converged Converged Converged OK OK OK 130 130 130 130 130 130 6 6 6 0 0 0 0 1 0 0 1
142 142 uniform 2 0 1427 0 0.001 0.84111591250113493 0.0025755340661688456 0.012887032370927571 0.31767289815002409 0.046836407003107691 0.31509549167583856 0 -0.31293473409435502 2.5203069855811275 OK 12 11 0.35481200000000002 0.35229199999999999 0.084584999999999994 0.26773200000000003 0.26566899999999999 0 0.087079999999999991 0.086623000000000006 0.084584999999999994 0.0094940000000000007 0.0095919999999999998 0.0090849999999999993 0.058296999999999995 0.058319000000000017 0.057523000000000005 0.0028899999999999993 0.0027489999999999997 0.0023159999999999999 0.00072599999999999997 0.00069499999999999998 0.00064900000000000005 2.5203069767965074 2.5203069767965074 2.5203069767965074 0.00089286552967254276 0.00089286552967254276 0.00089286552967254276 1 1 1 Converged Converged Converged OK OK OK 59 59 59 59 59 59 5 5 5 0 0 0 0 0 1 0 0
142 142 uniform 2 7 1427 1 0.001 0.84111591250113493 0.0025755340661688456 0.012887032370927571 0.31767289815002409 0.046836407003107691 0.31666434779056019 0 -0.31450359020907664 2.4880555960020039 OK 12 11 0.346134 0.224851 0.069961999999999996 0.27351500000000001 0.143208 0 0.072618999999999989 0.081642999999999993 0.069961999999999996 0.0085489999999999993 0.0084309999999999993 0.0078429999999999993 0.049543000000000018 0.058978000000000003 0.048757000000000002 0.0025760000000000002 0.002526 0.0022070000000000002 0.00070500000000000001 0.00062799999999999998 0.00060100000000000008 2.4880557007196122 2.4880557007196122 2.4880557007196122 0.00085424380015123474 0.00085424380015123474 0.00085424380015123474 1 1 1 Converged Converged Converged OK OK OK 52 52 52 52 52 52 4 4 4 0 0 0 0 1 0 0 1
142 142 uniform 2 15 1427 2 0.001 0.84111591250113493 0.0025755340661688456 0.012887032370927571 0.31767289815002409 0.046836407003107691 0.31845732620738487 0 -0.31629656862590133 2.4562185345090599 OK 12 11 0.33826699999999998 0.22287399999999999 0.068458000000000005 0.267818 0.14361399999999999 0 0.070448999999999984 0.079259999999999997 0.068458000000000005 0.0083429999999999997 0.0084209999999999997 0.007698 0.048130000000000027 0.057088999999999994 0.047606000000000002 0.0024860000000000004 0.002415 0.002281 0.00063500000000000004 0.00061699999999999993 0.00058600000000000004 2.4562368253857287 2.4562368253857287 2.4562368253857287 0.0016531268674075791 0.0016531268674075791 0.0016531268674075791 1 1 1 Converged Converged Converged OK OK OK 52 52 52 52 52 52 4 4 4 0 0 0 0 1 0 0 1
142 142 uniform 2 23 1427 3 0.001 0.84111591250113493 0.0025755340661688456 0.012887032370927571 0.31767289815002409 0.046836407003107691 0.32025030462420961 0 -0.31808954704272607 2.4282457228893275 OK 12 11 0.33248100000000003 0.21934500000000001 0.061247000000000003 0.26964399999999999 0.14449899999999999 0 0.062837000000000032 0.074846000000000024 0.061247000000000003 0.0083269999999999993 0.0083420000000000005 0.0077359999999999998 0.040254999999999999 0.052340999999999992 0.039789000000000012 0.0021570000000000001 0.0022880000000000001 0.0021609999999999997 0.00065299999999999993 0.00068099999999999996 0.00062 2.4282457483634898 2.4282457483634898 2.4282457483634898 0.0010937023427782442 0.0010937023427782442 0.0010937023427782442 1 1 1 Converged Converged Converged OK OK OK 45 45 45 45 45 45 3 3 3 0 0 0 0 1 0 0 1
142 142 uniform 2 0 1427 0 0.0001 0.84111591250113493 0.0025755340661688456 0.012887032370927571 0.31767289815002409 0.046836407003107691 0.31509549167583856 0 -0.31293473409435502 2.5203069855811275 OK 12 11 0.370811 0.36773699999999998 0.103062 0.26596199999999998 0.26375900000000002 0 0.10484900000000003 0.10397799999999996 0.103062 0.0097000000000000003 0.0096209999999999993 0.009018 0.070172999999999999 0.069988999999999996 0.069557000000000035 0.0035999999999999999 0.0032709999999999996 0.0033779999999999999 0.00086699999999999993 0.00088199999999999997 0.00079100000000000004 2.5203069732682843 2.5203069732682843 2.5203069732682843 8.2636164429217081e-05 8.2636164429217081e-05 8.2636164429217081e-05 1 1 1 Converged Converged Converged OK OK OK 75 75 75 75 75 75 5 5 5 0 0 0 0 0 1 0 0
142 142 uniform 2 7 1427 1 0.0001 0.84111591250113493 0.0025755340661688456 0.012887032370927571 0.31767289815002409 0.046836407003107691 0.31666434779056019 0 -0.31450359020907664 2.4880555960020039 OK 12 11 0.35962 0.24392 0.085779999999999995 0.27156999999999998 0.14199200000000001 0 0.088050000000000017 0.10192799999999999 0.085779999999999995 0.0085100000000000002 0.0084600000000000005 0.0078220000000000008 0.060361999999999992 0.074886000000000008 0.059653999999999992 0.0032469999999999999 0.00313 0.0031250000000000002 0.00076999999999999996 0.00076000000000000004 0.00079799999999999988 2.4880556973221792 2.4880556973221792 2.4880556973221792 5.0894422439142888e-05 5.0894422439142888e-05 5.0894422439142888e-05 1 1 1 Converged Converged Converged OK OK OK 68 68 68 68 68 68 4 4 4 0 0 0 0 1 0 0 1
142 142 uniform 2 15 1427 2 0.0001 0.84111591250113493 0.0025755340661688456 0.012887032370927571 0.31767289815002409 0.046836407003107691 0.31845732620738487 0 -0.31629656862590133 2.4562185345090599 OK 12 11 0.37284499999999998 0.26423400000000002 0.104075 0.26675100000000002 0.14042399999999999 0 0.10609399999999997 0.12381000000000003 0.104075 0.0083309999999999999 0.0083079999999999994 0.0077429999999999999 0.074289000000000008 0.09286399999999996 0.073769000000000015 0.0042760000000000003 0.0039440000000000005 0.0039350000000000001 0.00082900000000000009 0.00080200000000000009 0.00083299999999999997 2.4562186431182762 2.4562186431182762 2.4562186431182762 5.1903671431513979e-05 5.1903671431513979e-05 5.1903671431513979e-05 1 1 1 Converged Converged Converged OK OK OK 84 84 84 84 84 84 4 4 4 0 0 0 0 1 0 0 1
142 142 uniform 2 23 1427 3 0.0001 0.84111591250113493 0.0025755340661688456 0.012887032370927571 0.31767289815002409 0.046836407003107691 0.32025030462420961 0 -0.31808954704272607 2.4282457228893275 OK 12 11 0.37301800000000002 0.26769500000000002 0.099888000000000005 0.26779900000000001 0.14626400000000001 0 0.10521900000000001 0.12143100000000001 0.099888000000000005 0.0084700000000000001 0.0083859999999999994 0.0077510000000000001 0.072614000000000026 0.089239999999999986 0.068665999999999991 0.0039529999999999999 0.0039760000000000004 0.0037940000000000005 0.00089399999999999994 0.00087299999999999997 0.00087500000000000013 2.4282456937709784 2.4282456937709784 2.4282456937709784 1.6113331408347345e-05 1.6113331408347345e-05 1.6113331408347345e-05 1 1 1 Converged Converged Converged OK OK OK 77 77 77 77 77 77 3 3 3 0 0 0 0 1 0 0 1
142 142 uniform 3 0 1428 0 0.001 0.84111591250113493 0.0025755340661688456 0.012887032370927571 0.37181601806971526 0.087241636401028486 0.36923861159552973 0 -0.36707785401404619 3.2003505744733811 OK 13 12 0.36062 0.36379400000000001 0.069066000000000002 0.28864499999999998 0.29367900000000002 0 0.071975000000000011 0.070114999999999983 0.069066000000000002 0.0090980000000000002 0.0089169999999999996 0.008633 0.04562500000000002 0.045238 0.044817000000000003 0.0026820000000000004 0.0022080000000000003 0.0021640000000000001 0.00061899999999999998 0.00056400000000000005 0.00054500000000000002 3.2003505465407263 3.2003505465407263 3.2003505465407263 0.0013384924959270177 0.0013384924959270177 0.0013384924959270177 1 1 1 Converged Converged Converged OK OK OK 45 45 45 45 45 45 3 3 3 0 0 0 0 0 1 0 0
142 142 uniform 3 7 1428 1 0.001 0.84111591250113493 0.0025755340661688456 0.012887032370927571 0.37181601806971526 0.087241636401028486 0.37080746771025136 0 -0.36864671012876782 3.1853441034967074 OK 13 12 0.33500999999999997 0.21562999999999999 0.064354999999999996 0.26896100000000001 0.13759299999999999 0 0.066048999999999969 0.078036999999999995 0.064354999999999996 0.0082229999999999994 0.0082400000000000008 0.0076779999999999999 0.04352700000000001 0.055689999999999996 0.043064999999999992 0.0022459999999999997 0.0021979999999999999 0.0021590000000000003 0.00057599999999999991 0.000553 0.00052999999999999998 3.18534407570113 3.18534407570113 3.18534407570113 0.0013296713304422295 0.0013296713304422295 0.0013296713304422295 1 1 1 Converged Converged Converged OK OK OK 45 45 45 45 45 45 3 3 3 0 0 0 0 1 0 0 1
142 142 uniform 3 15 1428 2 0.001 0.84111591250113493 0.0025755340661688456 0.012887032370927571 0.37181601806971526 0.087241636401028486 0.37260044612707605 0 -0.3704396885455925 3.1689310932979522 OK 13 12 0.33490300000000001 0.21890699999999999 0.061879999999999998 0.27092899999999998 0.14105899999999999 0 0.063974000000000031 0.077848000000000001 0.061879999999999998 0.0083009999999999994 0.0081799999999999998 0.0077149999999999996 0.041312000000000001 0.05582599999999998 0.040686999999999994 0.002281 0.0022780000000000001 0.0021510000000000001 0.00056800000000000004 0.00056099999999999998 0.00053800000000000007 3.1689310655968841 3.1689310655968841 3.1689310655968841 0.0013198135040216892 0.0013198135040216892 0.0013198135040216892 1 1 1 Converged Converged Converged OK OK OK 45 45 45 45 45 45 3 3 3 0 0 0 0 1 0 0 1
142 142 uniform 3 23 1428 3 0.001 0.84111591250113493 0.0025755340661688456 0.012887032370927571 0.37181601806971526 0.087241636401028486 0.37439342454390079 0 -0.37223266696241725 3.1531464212664391 OK 13 12 0.33880199999999999 0.21904499999999999 0.065277000000000002 0.27176600000000001 0.13761100000000001 0 0.067035999999999984 0.081433999999999979 0.065277000000000002 0.008286 0.0080929999999999995 0.0076860000000000001 0.044679000000000003 0.059407000000000008 0.044128000000000001 0.0022360000000000001 0.0022200000000000002 0.002137 0.00057399999999999997 0.00054500000000000002 0.00053799999999999996 3.1531463936654713 3.1531463936654713 3.1531463936654713 0.0013100541373323054 0.0013100541373323054 0.0013100541373323054 1 1 1 Converged Converged Converged OK OK OK 45 45 45 45 45 45 3 3 3 0 0 0 0 1 0 0 1
142 142 uniform 3 0 1428 0 0.0001 0.84111591250113493 0.0025755340661688456 0.012887032370927571 0.37181601806971526 0.087241636401028486 0.36923861159552973 0 -0.36707785401404619 3.2003505744733811 OK 13 12 0.39930700000000002 0.39403899999999997 0.10528700000000001 0.29241899999999998 0.28778900000000002 0 0.10688800000000004 0.10624999999999996 0.10528700000000001 0.0090209999999999995 0.0089049999999999997 0.0085730000000000008 0.070547000000000012 0.070347000000000021 0.069999000000000006 0.0038790000000000005 0.003813 0.0038119999999999994 0.00079300000000000009 0.00083100000000000014 0.00077300000000000003 3.2003505449693628 3.2003505449693628 3.2003505449693628 2.9481989414574452e-05 2.9481989414574452e-05 2.9481989414574452e-05 1 1 1 Converged Converged Converged OK OK OK 77 77 77 77 77 77 3 3 3 0 0 0 0 0 1 0 0
142 142 uniform 3 7 1428 1 0.0001 0.84111591250113493 0.0025755340661688456 0.012887032370927571 0.37181601806971526 0.087241636401028486 0.37080746771025136 0 -0.36864671012876782 3.1853441034967074 OK 13 12 0.36992199999999997 0.27269399999999999 0.097993999999999998 0.270453 0.13672799999999999 0 0.099468999999999974 0.135966 0.097993999999999998 0.0082780000000000006 0.0083920000000000002 0.0076940000000000003 0.067673999999999998 0.103728 0.067375000000000004 0.0038430000000000001 0.0038650000000000004 0.0038070000000000001 0.00080800000000000002 0.00081299999999999992 0.0007629999999999999 3.1853440741028409 3.1853440741028409 3.1853440741028409 2.6552939381711079e-05 2.6552939381711079e-05 2.6552939381711079e-05 1 1 1 Converged Converged Converged OK OK OK 77 77 77 77 77 77 3 3 3 0 0 0 0 1 0 0 1
142 142 uniform 3 15 1428 2 0.0001 0.84111591250113493 0.0025755340661688456 0.012887032370927571 0.37181601806971526 0.087241636401028486 0.37260044612707605 0 -0.3704396885455925 3.1689310932979522 OK 13 12 0.36511500000000002 0.26348500000000002 0.095122999999999999 0.26812999999999998 0.14030799999999999 0 0.096985000000000043 0.12317700000000004 0.095122999999999999 0.0082120000000000005 0.0082310000000000005 0.007705 0.065135999999999972 0.091178999999999996 0.064420999999999992 0.0037719999999999997 0.0039070000000000008 0.00379 0.00079999999999999993 0.00082699999999999994 0.00075700000000000008 3.1689310639729014 3.1689310639729014 3.1689310639729014 2.3729802421961141e-05 2.3729802421961141e-05 2.3729802421961141e-05 1 1 1 Converged Converged Converged OK OK OK 77 77 77 77 77 77 3 3 3 0 0 0 0 1 0 0 1
142 142 uniform 3 23 1428 3 0.0001 0.84111591250113493 0.0025755340661688456 0.012887032370927571 0.37181601806971526 0.087241636401028486 0.37439342454390079 0 -0.37223266696241725 3.1531464212664391 OK 13 12 0.372811 0.26727299999999998 0.10038999999999999 0.27079399999999998 0.138571 0 0.10201700000000002 0.12870199999999998 0.10038999999999999 0.0080920000000000002 0.0083000000000000001 0.0076400000000000001 0.070457000000000006 0.096739000000000006 0.069895999999999972 0.0038899999999999998 0.0038739999999999998 0.0037980000000000002 0.00077999999999999999 0.00078199999999999993 0.00076000000000000004 3.1531463920211227 3.1531463920211227 3.1531463920211227 2.1348447903169987e-05 2.1348447903169987e-05 2.1348447903169987e-05 1 1 1 Converged Converged Converged OK OK OK 77 77 77 77 77 77 3 3 3 0 0 0 0 1 0 0 1
142 142 uniform 4 0 1429 0 0.001 0.84111591250113493 0.0025755340661688456 0.012887032370927571 -0.050601567937535688 0.024364050403768829 -0.053178974411721203 0 0.055339731993204723 15.947970762941836 OK 13 12 0.33380599999999999 0.33115499999999998 0.053926000000000002 0.27909299999999998 0.27661799999999998 0 0.054713000000000012 0.054537000000000002 0.053926000000000002 0.0089840000000000007 0.009077 0.0085310000000000004 0.032743000000000008 0.032819000000000001 0.032578000000000003 0.0017329999999999999 0.001768 0.0017409999999999999 0.00048300000000000009 0.00045399999999999998 0.00048099999999999998 15.94797665586813 15.94797665586813 15.94797665586813 0.010013214578214389 0.010013214578214389 0.010013214578214389 1 1 1 Converged Converged Converged OK OK OK 37 37 37 37 37 37 3 3 3 0 0 0 0 0 1 0 0
142 142 uniform 4 7 1429 1 0.001 0.84111591250113493 0.0025755340661688456 0.012887032370927571 -0.050601567937535688 0.024364050403768829 -0.051610118296999588 0 0.053770875878483108 16.332217009422262 OK 13 12 0.33227699999999999 0.21790699999999999 0.051166000000000003 0.27447899999999997 0.14868000000000001 0 0.057798000000000016 0.069226999999999983 0.051166000000000003 0.0081650000000000004 0.0082159999999999993 0.0076099999999999996 0.037908000000000011 0.049720999999999994 0.032454999999999998 0.0018199999999999998 0.0017620000000000001 0.0017459999999999999 0.00044200000000000001 0.00042999999999999999 0.000457 16.332221933082138 16.332221933082138 16.332221933082138 0.0098028571399550058 0.0098028571399550058 0.0098028571399550058 1 1 1 Converged Converged Converged OK OK OK 37 37 37 37 37 37 3 3 3 0 0 0 0 1 0 0 1
142 142 uniform 4 15 1429 2 0.001 0.84111591250113493 0.0025755340661688456 0.012887032370927571 -0.050601567937535688 0.024364050403768829 -0.049817139880174881 0 0.051977897461658401 16.79435744159078 OK 13 12 0.32555499999999998 0.218557 0.047907999999999999 0.27620099999999997 0.15232599999999999 0 0.049354000000000009 0.066231000000000012 0.047907999999999999 0.0080309999999999999 0.0082789999999999999 0.0076280000000000002 0.029804000000000008 0.046533999999999992 0.029343000000000001 0.001755 0.0018380000000000002 0.001748 0.00043199999999999998 0.00047200000000000003 0.00042400000000000001 16.794361194503395 16.794361194503395 16.794361194503395 0.0095764032051161695 0.0095764032051161695 0.0095764032051161695 1 1 1 Converged Converged Converged OK OK OK 37 37 37 37 37 37 3 3 3 0 0 0 0 1 0 0 1
142 142 uniform 4 23 1429 3 0.001 0.84111591250113493 0.0025755340661688456 0.012887032370927571 -0.050601567937535688 0.024364050403768829 -0.048024161463350173 0 0.050184919044833694 17.282723071128963 OK 13 12 0.321463 0.213898 0.051407000000000001 0.26852399999999998 0.14701700000000001 0 0.052939000000000014 0.066880999999999996 0.051407000000000001 0.0084650000000000003 0.0084690000000000008 0.0079340000000000001 0.032839 0.04687100000000001 0.032407000000000012 0.00182 0.0019139999999999999 0.001753 0.00052800000000000004 0.00049899999999999999 0.00051099999999999995 17.28272563039177 17.28272563039177 17.28272563039177 0.0093695469453849919 0.0093695469453849919 0.0093695469453849919 1 1 1 Converged Converged Converged OK OK OK 37 37 37 37 37 37 3 3 3 0 0 0 0 1 0 0 1
142 142 uniform 4 0 1429 0 0.0001 0.84111591250113493 0.0025755340661688456 0.012887032370927571 -0.050601567937535688 0.024364050403768829 -0.053178974411721203 0 0.055339731993204723 15.947970762941836 OK 13 12 0.35125299999999998 0.35162599999999999 0.071799000000000002 0.27226499999999998 0.27883200000000002 0 0.078988000000000003 0.07279399999999997 0.071799000000000002 0.0089929999999999993 0.0089809999999999994 0.0084810000000000007 0.051472000000000011 0.045599000000000001 0.045322999999999995 0.0026160000000000003 0.0026090000000000002 0.0025570000000000002 0.00056099999999999998 0.00056099999999999998 0.00058199999999999994 15.947970664639866 15.947970664639866 15.947970664639866 0.00062127009621322125 0.00062127009621322125 0.00062127009621322125 1 1 1 Converged Converged Converged OK OK OK 53 53 53 53 53 53 3 3 3 0 0 0 0 0 1 0 0
142 142 uniform 4 7 1429 1 0.0001 0.84111591250113493 0.0025755340661688456 0.012887032370927571 -0.050601567937535688 0.024364050403768829 -0.051610118296999588 0 0.053770875878483108 16.332217009422262 OK 13 12 0.33992 0.244278 0.067669999999999994 0.27053100000000002 0.14934800000000001 0 0.069388999999999978 0.094929999999999987 0.067669999999999994 0.0081810000000000008 0.0081639999999999994 0.0075979999999999997 0.044922000000000011 0.070607000000000003 0.044439999999999993 0.0025430000000000001 0.0025869999999999999 0.002529 0.00055900000000000004 0.00054799999999999998 0.00053800000000000007 16.33221689285714 16.33221689285714 16.33221689285714 0.00059146353133592109 0.00059146353133592109 0.00059146353133592109 1 1 1 Converged Converged Converged OK OK OK 53 53 53 53 53 53 3 3 3 0 0 0 0 1 0 0 1
142 142 uniform 4 15 1429 2 0.0001 0.84111591250113493 0.0025755340661688456 0.012887032370927571 -0.050601567937535688 0.024364050403768829 -0.049817139880174881 0 0.051977897461658401 16.79435744159078 OK 13 12 0.33899899999999999 0.245037 0.064832000000000001 0.27235500000000001 0.15298500000000001 0 0.066643999999999981 0.092051999999999995 0.064832000000000001 0.0081840000000000003 0.0083689999999999997 0.0076800000000000002 0.042092000000000011 0.067512000000000003 0.04148099999999999 0.0025759999999999997 0.0025859999999999998 0.0024990000000000004 0.00055599999999999996 0.00053600000000000002 0.00054000000000000001 16.794357299092866 16.794357299092866 16.794357299092866 0.00055557268183162344 0.00055557268183162344 0.00055557268183162344 1 1 1 Converged Converged Converged OK OK OK 53 53 53 53 53 53 3 3 3 0 0 0 0 1 0 0 1
142 142 uniform 4 23 1429 3 0.0001 0.84111591250113493 0.0025755340661688456 0.012887032370927571 -0.050601567937535688 0.024364050403768829 -0.048024161463350173 0 0.050184919044833694 17.282723071128963 OK 13 12 0.33707799999999999 0.237981 0.068184999999999996 0.267017 0.14254700000000001 0 0.070060999999999984 0.095433999999999991 0.068184999999999996 0.0084119999999999993 0.0085179999999999995 0.0079419999999999994 0.045077999999999979 0.070803000000000019 0.044466999999999993 0.0026020000000000001 0.0025670000000000003 0.0025259999999999996 0.00066600000000000003 0.00063200000000000007 0.000629 17.282722911020947 17.282722911020947 17.282722911020947 0.00051868355656826471 0.00051868355656826471 0.00051868355656826471 1 1 1 Converged Converged Converged OK OK OK 53 53 53 53 53 53 3 3 3 0 0 0 0 1 0 0 1
143 143 linear 0 0 1430 0 0.001 0.41270856575091047 0.0009681368609995699 0.00050301652727690401 2.0075060939870912 -0.13763693780860922 2.0074054906816357 0.5 -2.0070063187593337 3.0153275413133347 OK 13 12 0.914717 0.901555 0.16997599999999999 0.73987199999999997 0.73305200000000004 0 0.17484500000000003 0.16850299999999996 0.16997599999999999 0.024754000000000002 0.023647999999999999 0.022301000000000001 0.12292499999999998 0.11842800000000003 0.12111699999999999 0.0037070000000000002 0.0034479999999999997 0.0036489999999999999 0.00095500000000000012 0.00096899999999999981 0.00096500000000000004 3.0153349644658247 3.0153349644658247 3.0153349644658247 0.0025153723642855272 0.0025153723642855272 0.0025153723642855272 1 1 1 Converged Converged Converged OK OK OK 82 82 82 82 82 82 6 6 6 0 0 0 0 0 1 0 0
143 143 linear 0 7 1430 1 0.001 0.41270856575091047 0.0009681368609995699 0.00050301652727690401 2.0075060939870912 -0.13763693780860922 2.007466727476261 0.5 -2.007067555553959 2.889802790876943 OK 13 12 0.77289399999999997 0.67347500000000005 0.15559700000000001 0.612819 0.46429100000000001 0 0.16007499999999997 0.20918400000000004 0.15559700000000001 0.022213 0.023855000000000001 0.020146000000000001 0.11832700000000002 0.16537500000000002 0.11595499999999997 0.0033020000000000002 0.003591 0.0034870000000000001 0.00091100000000000013 0.00094300000000000004 0.00090400000000000007 2.8898155571564303 2.8898155571564303 2.8898155571564303 0.0026224500045173788 0.0026224500045173788 0.0026224500045173788 1 1 1 Converged Converged Converged OK OK OK 82 82 82 82 82 82 6 6 6 0 0 0 0 1 0 0 1
143 143 linear 0 15 1430 2 0.001 0.41270856575091047 0.0009681368609995699 0.00050301652727690401 2.0075060939870912 -0.13763693780860922 2.0075367123844039 0.5 -2.0071375404621019 2.7364336624511072 OK 13 12 0.676319 0.60742099999999999 0.186505 0.48623300000000003 0.34326899999999999 0 0.19008599999999998 0.264152 0.186505 0.021929000000000001 0.022610000000000002 0.019396 0.14181599999999989 0.21450499999999992 0.14096800000000004 0.0043160000000000004 0.0048510000000000003 0.0044710000000000001 0.001134 0.001193 0.001122 2.7364416872878907 2.7364416872878907 2.7364416872878907 0.0010928297858434682 0.0010928297858434682 0.0010928297858434682 1 1 1 Converged Converged Converged OK OK OK 98 98 98 98 98 98 6 6 6 0 0 0 0 1 0 0 1
143 143 linear 0 23 1430 3 0.001 0.41270856575091047 0.0009681368609995699 0.00050301652727690401 2.0075060939870912 -0.13763693780860922 2.0076066972925468 0.5 -2.0072075253702448 2.5714731047696024 OK 13 12 0.79851300000000003 0.716028 0.194967 0.60182800000000003 0.45930900000000002 0 0.196685 0.25671899999999997 0.194967 0.022355 0.023403 0.021902999999999999 0.14978200000000003 0.208065 0.14888800000000008 0.0043909999999999991 0.0047689999999999998 0.0043439999999999998 0.001108 0.001186 0.0010950000000000001 2.5714748880786669 2.5714748880786669 2.5714748880786669 0.0014666417126906256 0.0014666417126906256 0.0014666417126906256 1 1 1 Converged Converged Converged OK OK OK 98 98 98 98 98 98 6 6 6 0 0 0 0 1 0 0 1
143 143 linear 0 0 1430 0 0.0001 0.41270856575091047 0.0009681368609995699 0.00050301652727690401 2.0075060939870912 -0.13763693780860922 2.0074054906816357 0.5 -2.0070063187593337 3.0153275413133347 OK 13 12 0.96704800000000002 0.95785500000000001 0.22352 0.73615399999999998 0.72734900000000002 0 0.23089400000000004 0.23050599999999999 0.22352 0.022967999999999999 0.023710999999999999 0.021805000000000001 0.17045699999999991 0.16499899999999992 0.164101 0.0050599999999999994 0.0054399999999999995 0.0052830000000000004 0.0011800000000000001 0.0053789999999999992 0.001232 3.0153340877023775 3.0153340877023775 3.0153340877023775 0.00028607653051061028 0.00028607653051061028 0.00028607653051061028 1 1 1 Converged Converged Converged OK OK OK 114 114 114 114 114 114 6 6 6 0 0 0 0 0 1 0 0
143 143 linear 0 7 1430 1 0.0001 0.41270856575091047 0.0009681368609995699 0.00050301652727690401 2.0075060939870912 -0.13763693780860922 2.007466727476261 0.5 -2.007067555553959 2.889802790876943 OK 13 12 0.82539899999999999 0.75464500000000001 0.20691499999999999 0.607267 0.45780700000000002 0 0.21813199999999999 0.29683799999999999 0.20691499999999999 0.022093999999999999 0.022703999999999998 0.019800999999999999 0.16755000000000006 0.24623900000000004 0.15931900000000013 0.0052620000000000002 0.0051350000000000007 0.0051979999999999995 0.0011520000000000002 0.001181 0.0011509999999999999 2.8898140798896019 2.8898140798896019 2.8898140798896019 0.00026616552949900943 0.00026616552949900943 0.00026616552949900943 1 1 1 Converged Converged Converged OK OK OK 114 114 114 114 114 114 6 6 6 0 0 0 0 1 0 0 1
143 143 linear 0 15 1430 2 0.0001 0.41270856575091047 0.0009681368609995699 0.00050301652727690401 2.0075060939870912 -0.13763693780860922 2.0075367123844039 0.5 -2.0071375404621019 2.7364336624511072 OK 13 12 0.70363399999999998 0.63919999999999999 0.205763 0.490313 0.342524 0 0.21332099999999998 0.296676 0.205763 0.022754 0.023368 0.019415000000000002 0.16194700000000009 0.24393899999999996 0.15910200000000002 0.0053940000000000004 0.0063089999999999995 0.0050520000000000001 0.001248 0.0013030000000000001 0.0011590000000000001 2.7364390154660723 2.7364390154660723 2.7364390154660723 0.00024769164624689093 0.00024769164624689093 0.00024769164624689093 1 1 1 Converged Converged Converged OK OK OK 114 114 114 114 114 114 6 6 6 0 0 0 0 1 0 0 1
143 143 linear 0 23 1430 3 0.0001 0.41270856575091047 0.0009681368609995699 0.00050301652727690401 2.0075060939870912 -0.13763693780860922 2.0076066972925468 0.5 -2.0072075253702448 2.5714731047696024 OK 13 12 0.82123900000000005 0.748201 0.21326800000000001 0.60151100000000002 0.45597100000000002 0 0.21972800000000003 0.29222999999999999 0.21326800000000001 0.022426000000000001 0.022889 0.019656 0.16935399999999998 0.24105499999999996 0.16630999999999999 0.00511 0.0055300000000000002 0.0051660000000000005 0.0013000000000000002 0.0013050000000000002 0.0012189999999999998 2.5714710100379476 2.5714710100379476 2.5714710100379476 0.00023361143156887826 0.00023361143156887826 0.00023361143156887826 1 1 1 Converged Converged Converged OK OK OK 114 114 114 114 114 114 6 6 6 0 0 0 0 1 0 0 1
143 143 linear 1 0 1431 0 0.001 0.41270856575091047 0.0009681368609995699 0.00050301652727690401 2.0049529724172559 -0.13728338794617442 2.0048523691118003 0.5 -2.0044531971894983 2.4817392766632391 OK 13 12 0.68649300000000002 0.68583899999999998 0.163269 0.525617 0.52549599999999996 0 0.16087600000000002 0.16034300000000001 0.163269 0.023862999999999999 0.023210000000000001 0.023258999999999998 0.11281600000000004 0.11428699999999999 0.11561799999999998 0.0035200000000000001 0.0031220000000000002 0.003228 0.0010079999999999998 0.00085000000000000006 0.00099799999999999997 2.4817437549424146 2.4817437549424146 2.4817437549424146 0.002111902732158263 0.002111902732158263 0.002111902732158263 1 1 1 Converged Converged Converged OK OK OK 74 74 74 74 74 74 6 6 6 0 0 0 0 0 1 0 0
143 143 linear 1 7 1431 1 0.001 0.41270856575091047 0.0009681368609995699 0.00050301652727690401 2.0049529724172559 -0.13728338794617442 2.0049136059064256 0.5 -2.0045144339841237 2.6105304997162118 OK 13 12 0.767849 0.67171000000000003 0.14991399999999999 0.61781699999999995 0.47694700000000001 0 0.15003200000000005 0.19476300000000002 0.14991399999999999 0.022216 0.022405000000000001 0.021388999999999998 0.10961499999999998 0.15425100000000003 0.11001899999999999 0.0030279999999999999 0.0031609999999999997 0.0033089999999999999 0.00084899999999999993 0.0009549999999999999 0.00094399999999999996 2.6105382559280521 2.6105382559280521 2.6105382559280521 0.0022833735948504137 0.0022833735948504137 0.0022833735948504137 1 1 1 Converged Converged Converged OK OK OK 74 74 74 74 74 74 6 6 6 0 0 0 0 1 0 0 1
143 143 linear 1 15 1431 2 0.001 0.41270856575091047 0.0009681368609995699 0.00050301652727690401 2.0049529724172559 -0.13728338794617442 2.0049835908145686 0.5 -2.0045844188922666 2.7525447541846844 OK 13 12 0.67093899999999995 0.56664599999999998 0.146791 0.52268599999999998 0.37787599999999999 0 0.14825299999999997 0.18876999999999999 0.146791 0.022305999999999999 0.022471999999999999 0.020840000000000001 0.107777 0.14838800000000002 0.10759900000000001 0.0031090000000000002 0.0031230000000000003 0.0033870000000000003 0.00089600000000000009 0.00087900000000000001 0.00093199999999999999 2.7525590714744945 2.7525590714744945 2.7525590714744945 0.0026717198303422307 0.0026717198303422307 0.0026717198303422307 1 1 1 Converged Converged Converged OK OK OK 74 74 74 74 74 74 6 6 6 0 0 0 0 1 0 0 1
143 143 linear 1 23 1431 3 0.001 0.41270856575091047 0.0009681368609995699 0.00050301652727690401 2.0049529724172559 -0.13728338794617442 2.0050535757227115 0.5 -2.0046544038004095 2.888058795676375 OK 13 12 0.79550399999999999 0.70598300000000003 0.17866899999999999 0.60414999999999996 0.46558899999999998 0 0.19135400000000002 0.24039400000000005 0.17866899999999999 0.022336999999999999 0.022568999999999999 0.020663999999999998 0.14354500000000006 0.19302800000000003 0.13371 0.0046249999999999998 0.0043890000000000005 0.0042430000000000002 0.0011379999999999999 0.0011060000000000002 0.0011299999999999999 2.8880784452276775 2.8880784452276775 2.8880784452276775 0.001491352745833185 0.001491352745833185 0.001491352745833185 1 1 1 Converged Converged Converged OK OK OK 90 90 90 90 90 90 6 6 6 0 0 0 0 1 0 0 1
143 143 linear 1 0 1431 0 0.0001 0.41270856575091047 0.0009681368609995699 0.00050301652727690401 2.0049529724172559 -0.13728338794617442 2.0048523691118003 0.5 -2.0044531971894983 2.4817392766632391 OK 13 12 0.753714 0.74785800000000002 0.22936200000000001 0.53291599999999995 0.52533600000000003 0 0.22079800000000005 0.222522 0.22936200000000001 0.022921 0.026695 0.021648000000000001 0.16205199999999997 0.15978500000000001 0.17123000000000002 0.0049069999999999999 0.0047779999999999993 0.0049089999999999993 0.0011669999999999999 0.0012239999999999998 0.0012170000000000002 2.4817437559971895 2.4817437559971895 2.4817437559971895 0.00019677273866343308 0.00019677273866343308 0.00019677273866343308 1 1 1 Converged Converged Converged OK OK OK 106 106 106 106 106 106 6 6 6 0 0 0 0 0 1 0 0
143 143 linear 1 7 1431 1 0.0001 0.41270856575091047 0.0009681368609995699 0.00050301652727690401 2.0049529724172559 -0.13728338794617442 2.0049136059064256 0.5 -2.0045144339841237 2.6105304997162118 OK 13 12 0.84800799999999998 0.78661400000000004 0.23039000000000001 0.621946 0.474213 0 0.22606199999999999 0.31240100000000004 0.23039000000000001 0.022211999999999999 0.022377000000000001 0.021048000000000001 0.17182900000000001 0.25254800000000011 0.17766400000000013 0.0052179999999999995 0.0052240000000000003 0.0052329999999999998 0.0013760000000000003 0.0013119999999999998 0.0013489999999999999 2.6105382544728628 2.6105382544728628 2.6105382544728628 0.00013382238551381601 0.00013382238551381601 0.00013382238551381601 1 1 1 Converged Converged Converged OK OK OK 114 114 114 114 114 114 6 6 6 0 0 0 0 1 0 0 1
143 143 linear 1 15 1431 2 0.0001 0.41270856575091047 0.0009681368609995699 0.00050301652727690401 2.0049529724172559 -0.13728338794617442 2.0049835908145686 0.5 -2.0045844188922666 2.7525447541846844 OK 13 12 0.74025200000000002 0.67508199999999996 0.21912000000000001 0.52088699999999999 0.37909799999999999 0 0.21936500000000003 0.29598399999999997 0.21912000000000001 0.022183999999999999 0.022619 0.021072 0.16711600000000001 0.24306699999999992 0.16767899999999999 0.0053300000000000005 0.0053749999999999996 0.0055200000000000006 0.0013440000000000001 0.0013650000000000001 0.0013489999999999999 2.7525590545125995 2.7525590545125995 2.7525590545125995 0.00012235095389077832 0.00012235095389077832 0.00012235095389077832 1 1 1 Converged Converged Converged OK OK OK 114 114 114 114 114 114 6 6 6 0 0 0 0 1 0 0 1
143 143 linear 1 23 1431 3 0.0001 0.41270856575091047 0.0009681368609995699 0.00050301652727690401 2.0049529724172559 -0.13728338794617442 2.0050535757227115 0.5 -2.0046544038004095 2.888058795676375 OK 13 12 0.83072699999999999 0.78004300000000004 0.22009400000000001 0.60881300000000005 0.46091500000000002 0 0.22191399999999994 0.31912800000000002 0.22009400000000001 0.022183000000000001 0.022995000000000002 0.020726000000000001 0.16978299999999999 0.26373799999999992 0.16965099999999991 0.0053 0.006503000000000001 0.0052440000000000004 0.0013929999999999999 0.001511 0.0014030000000000002 2.8880783702323081 2.8880783702323081 2.8880783702323081 0.00011368925544196636 0.00011368925544196636 0.00011368925544196636 1 1 1 Converged Converged Converged OK OK OK 114 114 114 114 114 114 6 6 6 0 0 0 0 1 0 0 1
143 143 linear 2 0 1432 0 0.001 0.41270856575091047 0.0009681368609995699 0.00050301652727690401 -0.00035119090745754057 0.00071279814977831242 -0.00045179421291292139 0.5 0.00085096613521478607 1043.411779842301 OK 13 12 0.42694799999999999 0.42328900000000003 0.092021000000000006 0.33113999999999999 0.32377499999999998 0 0.095808000000000004 0.099514000000000047 0.092021000000000006 0.010574999999999999 0.010406 0.010325000000000001 0.065519999999999995 0.063771999999999995 0.062753000000000017 0.0034359999999999998 0.0031879999999999999 0.0033 0.00068400000000000004 0.0006829999999999999 0.00062699999999999995 1043.4111008278651 1043.4111008278651 1043.4111008278651 0.50007415959162216 0.50007415959162216 0.50007415959162216 1 1 1 Converged Converged Converged OK OK OK 53 53 53 53 53 53 3 3 3 0 0 0 0 0 1 0 0
143 143 linear 2 7 1432 1 0.001 0.41270856575091047 0.0009681368609995699 0.00050301652727690401 -0.00035119090745754057 0.00071279814977831242 -0.00039055741828790695 0.5 0.00078972934058977153 1105.1498724017099 OK 13 12 0.46423199999999998 0.45077699999999998 0.097146999999999997 0.362757 0.22057199999999999 0 0.10147499999999998 0.23020499999999999 0.097146999999999997 0.0096740000000000003 0.0097949999999999999 0.0091339999999999998 0.075034999999999991 0.20327000000000001 0.071919000000000011 0.0029229999999999998 0.0032359999999999997 0.0028350000000000003 0.00069200000000000002 0.00079199999999999995 0.00069099999999999999 1105.1467305736728 1105.1467305736728 1105.1467305736728 0.75879529664997525 0.75879529664997525 0.75879529664997525 1 1 1 Converged Converged Converged OK OK OK 52 52 52 52 52 52 4 4 4 0 0 0 0 1 0 0 1
143 143 linear 2 15 1432 2 0.001 0.41270856575091047 0.0009681368609995699 0.00050301652727690401 -0.00035119090745754057 0.00071279814977831242 -0.00032057251014503335 0.5 0.00071974443244689798 1195.5997272074901 OK 13 12 0.46994900000000001 0.45718700000000001 0.102821 0.36216599999999999 0.21651300000000001 0 0.10778300000000002 0.240674 0.102821 0.0095999999999999992 0.0097610000000000006 0.0089720000000000008 0.081354999999999997 0.21397199999999997 0.077958000000000013 0.0028840000000000003 0.0029239999999999999 0.0026609999999999997 0.00082399999999999997 0.00081499999999999997 0.00072100000000000007 1195.5963905395001 1195.5963905395001 1195.5963905395001 0.49708705997576769 0.49708705997576769 0.49708705997576769 1 1 1 Converged Converged Converged OK OK OK 52 52 52 52 52 52 4 4 4 0 0 0 0 1 0 0 1
143 143 linear 2 23 1432 3 0.001 0.41270856575091047 0.0009681368609995699 0.00050301652727690401 -0.00035119090745754057 0.00071279814977831242 -0.00025058760200215974 0.5 0.00064975952430402443 1364.7603318679808 OK 13 12 0.44469999999999998 0.42579899999999998 0.096448999999999993 0.34366999999999998 0.200878 0 0.10103000000000001 0.22492099999999998 0.096448999999999993 0.010318000000000001 0.010269 0.0093729999999999994 0.076022999999999952 0.19995500000000005 0.072981000000000018 0.0025040000000000001 0.002614 0.0023419999999999999 0.00058199999999999994 0.00057799999999999995 0.000602 1364.7544101368053 1364.7544101368053 1364.7544101368053 0.75088914097166126 0.75088914097166126 0.75088914097166126 1 1 1 Converged Converged Converged OK OK OK 51 51 51 51 51 51 5 5 5 0 0 0 0 1 0 0 1
143 143 linear 2 0 1432 0 0.0001 0.41270856575091047 0.0009681368609995699 0.00050301652727690401 -0.00035119090745754057 0.00071279814977831242 -0.00045179421291292139 0.5 0.00085096613521478607 1043.411779842301 OK 13 12 0.44587300000000002 0.44526500000000002 0.115857 0.32699299999999998 0.32847700000000002 0 0.11888000000000004 0.116788 0.115857 0.010799 0.010612999999999999 0.010231000000000001 0.082830000000000001 0.080969000000000013 0.080866999999999994 0.0041859999999999996 0.0042249999999999996 0.0043639999999999998 0.00083599999999999994 0.00081700000000000002 0.00078899999999999999 1043.411093012216 1043.411093012216 1043.411093012216 0.0057211721984577425 0.0057211721984577425 0.0057211721984577425 1 1 1 Converged Converged Converged OK OK OK 69 69 69 69 69 69 3 3 3 0 0 0 0 0 1 0 0
143 143 linear 2 7 1432 1 0.0001 0.41270856575091047 0.0009681368609995699 0.00050301652727690401 -0.00035119090745754057 0.00071279814977831242 -0.00039055741828790695 0.5 0.00078972934058977153 1105.1498724017099 OK 13 12 0.510266 0.57979599999999998 0.14177300000000001 0.367535 0.218394 0 0.142731 0.361402 0.14177300000000001 0.0096430000000000005 0.0098390000000000005 0.0092809999999999993 0.10538600000000004 0.32352900000000007 0.10438499999999999 0.0046429999999999996 0.0047979999999999993 0.0049570000000000005 0.000977 0.00098200000000000002 0.00095200000000000005 1105.1489143933538 1105.1489143933538 1105.1489143933538 0.0099027375012455711 0.0099027375012455711 0.0099027375012455711 1 1 1 Converged Converged Converged OK OK OK 84 84 84 84 84 84 4 4 4 0 0 0 0 1 0 0 1
143 143 linear 2 15 1432 2 0.0001 0.41270856575091047 0.0009681368609995699 0.00050301652727690401 -0.00035119090745754057 0.00071279814977831242 -0.00032057251014503335 0.5 0.00071974443244689798 1195.5997272074901 OK 13 12 0.51400199999999996 0.59401899999999996 0.151083 0.355962 0.21641299999999999 0 0.15803999999999996 0.377606 0.151083 0.0096939999999999995 0.0097099999999999999 0.0090410000000000004 0.12104100000000001 0.34093700000000005 0.11609800000000001 0.0049199999999999999 0.0048560000000000001 0.0046940000000000003 0.0010449999999999999 0.0010709999999999999 0.0010080000000000002 1195.5980459500352 1195.5980459500352 1195.5980459500352 0.0723554667436003 0.0723554667436003 0.0723554667436003 1 1 1 Converged Converged Converged OK OK OK 84 84 84 84 84 84 4 4 4 0 0 0 0 1 0 0 1
143 143 linear 2 23 1432 3 0.0001 0.41270856575091047 0.0009681368609995699 0.00050301652727690401 -0.00035119090745754057 0.00071279814977831242 -0.00025058760200215974 0.5 0.00064975952430402443 1364.7603318679808 OK 13 12 0.52904700000000005 0.61569300000000005 0.163964 0.35786600000000002 0.20064000000000001 0 0.17118100000000003 0.41505300000000001 0.163964 0.010204 0.010189 0.0095049999999999996 0.13281600000000002 0.37609299999999996 0.12741500000000003 0.0049340000000000009 0.0052940000000000001 0.0046649999999999999 0.0010379999999999999 0.0011560000000000001 0.0010380000000000001 1364.7551887322957 1364.7551887322957 1364.7551887322957 0.0021487548035186896 0.0021487548035186896 0.0021487548035186896 1 1 1 Converged Converged Converged OK OK OK 91 91 91 91 91 91 5 5 5 0 0 0 0 1 0 0 1
143 143 linear 3 0 1433 0 0.001 0.41270856575091047 0.0009681368609995699 0.00050301652727690401 2.0050216139560755 0.13808837738407173 2.0049210106506199 0.5 -2.0045218387283179 1.4673428687327104 OK 13 12 0.50106799999999996 0.49324299999999999 0.12313399999999999 0.37542700000000001 0.369585 0 0.12564099999999995 0.12365799999999999 0.12313399999999999 0.009018 0.0089049999999999997 0.0085179999999999995 0.09456500000000001 0.093314000000000008 0.093257000000000007 0.0033170000000000001 0.003137 0.003241 0.00072100000000000007 0.00069799999999999994 0.00069000000000000008 1.4673420318175086 1.4673420318175086 1.4673420318175086 0.00074305452771447806 0.00074305452771447806 0.00074305452771447806 1 1 1 Converged Converged Converged OK OK OK 61 61 61 61 61 61 3 3 3 0 0 0 0 0 1 0 0
143 143 linear 3 7 1433 1 0.001 0.41270856575091047 0.0009681368609995699 0.00050301652727690401 2.0050216139560755 0.13808837738407173 2.0049822474452452 0.5 -2.0045830755229432 1.4730476337781042 OK 13 12 0.59737300000000004 0.50622400000000001 0.11217299999999999 0.47964200000000001 0.324569 0 0.11773100000000003 0.18165500000000001 0.11217299999999999 0.0082369999999999995 0.0080800000000000004 0.0077539999999999996 0.089847000000000024 0.15459899999999999 0.085951999999999987 0.0032230000000000002 0.0031920000000000004 0.0031480000000000002 0.00069799999999999994 0.00069099999999999999 0.00067000000000000002 1.4730467569964569 1.4730467569964569 1.4730467569964569 0.00075289119263668134 0.00075289119263668134 0.00075289119263668134 1 1 1 Converged Converged Converged OK OK OK 61 61 61 61 61 61 3 3 3 0 0 0 0 1 0 0 1
143 143 linear 3 15 1433 2 0.001 0.41270856575091047 0.0009681368609995699 0.00050301652727690401 2.0050216139560755 0.13808837738407173 2.0050522323533881 0.5 -2.0046530604310862 1.4797996274692624 OK 13 12 0.58976700000000004 0.50772600000000001 0.11403000000000001 0.473223 0.322766 0 0.11654400000000004 0.18496000000000001 0.11403000000000001 0.0081320000000000003 0.0082609999999999992 0.0075950000000000002 0.089418000000000039 0.15782800000000008 0.088041000000000008 0.0030949999999999997 0.0033029999999999999 0.0031689999999999999 0.00069800000000000005 0.00068300000000000001 0.00066200000000000005 1.4797987634702507 1.4797987634702507 1.4797987634702507 0.00076452110542779984 0.00076452110542779984 0.00076452110542779984 1 1 1 Converged Converged Converged OK OK OK 61 61 61 61 61 61 3 3 3 0 0 0 0 1 0 0 1
143 143 linear 3 23 1433 3 0.001 0.41270856575091047 0.0009681368609995699 0.00050301652727690401 2.0050216139560755 0.13808837738407173 2.0051222172615311 0.5 -2.0047230453392291 1.4868251473657228 OK 13 12 0.61336500000000005 0.54016799999999998 0.112979 0.49143199999999998 0.35119099999999998 0 0.12193300000000007 0.18897700000000001 0.112979 0.0081309999999999993 0.008116 0.0076369999999999997 0.094891000000000017 0.157698 0.087030999999999997 0.0031160000000000003 0.0031779999999999998 0.0030690000000000001 0.000678 0.00067799999999999989 0.00066700000000000006 1.4868242914761722 1.4868242914761722 1.4868242914761722 0.00077660582055196598 0.00077660582055196598 0.00077660582055196598 1 1 1 Converged Converged Converged OK OK OK 61 61 61 61 61 61 3 3 3 0 0 0 0 1 0 0 1
143 143 linear 3 0 1433 0 0.0001 0.41270856575091047 0.0009681368609995699 0.00050301652727690401 2.0050216139560755 0.13808837738407173 2.0049210106506199 0.5 -2.0045218387283179 1.4673428687327104 OK 13 12 0.56549799999999995 0.55342000000000002 0.18129500000000001 0.37639400000000001 0.37193500000000002 0 0.18910399999999994 0.18148500000000001 0.18129500000000001 0.010401000000000001 0.0089789999999999991 0.0087569999999999992 0.14413100000000004 0.138624 0.13914200000000007 0.005045 0.0048919999999999996 0.0049060000000000006 0.00094499999999999998 0.00092100000000000005 0.00091200000000000005 1.4673420323863913 1.4673420323863913 1.4673420323863913 1.303924445781056e-08 1.303924445781056e-08 1.303924445781056e-08 1 1 1 Converged Converged Converged OK OK OK 93 93 93 93 93 93 3 3 3 0 0 0 0 0 1 0 0
143 143 linear 3 7 1433 1 0.0001 0.41270856575091047 0.0009681368609995699 0.00050301652727690401 2.0050216139560755 0.13808837738407173 2.0049822474452452 0.5 -2.0045830755229432 1.4730476337781042 OK 13 12 0.65412899999999996 0.59074899999999997 0.165882 0.48410500000000001 0.32690399999999997 0 0.17002399999999995 0.263845 0.165882 0.0082550000000000002 0.0081600000000000006 0.0076940000000000003 0.13278899999999996 0.22676999999999994 0.13011200000000001 0.0049459999999999999 0.0049550000000000002 0.0047930000000000004 0.00090300000000000005 0.00091500000000000012 0.00088699999999999998 1.4730467575793549 1.4730467575793549 1.4730467575793549 1.3352204367825374e-08 1.3352204367825374e-08 1.3352204367825374e-08 1 1 1 Converged Converged Converged OK OK OK 93 93 93 93 93 93 3 3 3 0 0 0 0 1 0 0 1
143 143 linear 3 15 1433 2 0.0001 0.41270856575091047 0.0009681368609995699 0.00050301652727690401 2.0050216139560755 0.13808837738407173 2.0050522323533881 0.5 -2.0046530604310862 1.4797996274692624 OK 13 12 0.639764 0.59551100000000001 0.16642999999999999 0.46603499999999998 0.32685999999999998 0 0.17372900000000002 0.26865100000000003 0.16642999999999999 0.0081390000000000004 0.0081810000000000008 0.0076819999999999996 0.133238 0.23127000000000003 0.13052500000000003 0.0049779999999999998 0.0051229999999999999 0.0049410000000000009 0.00093299999999999991 0.00092500000000000015 0.00088100000000000006 1.479798764069896 1.479798764069896 1.479798764069896 1.3721095758668033e-08 1.3721095758668033e-08 1.3721095758668033e-08 1 1 1 Converged Converged Converged OK OK OK 93 93 93 93 93 93 3 3 3 0 0 0 0 1 0 0 1
143 143 linear 3 23 1433 3 0.0001 0.41270856575091047 0.0009681368609995699 0.00050301652727690401 2.0050216139560755 0.13808837738407173 2.0051222172615311 0.5 -2.0047230453392291 1.4868251473657228 OK 13 12 0.66417499999999996 0.62449200000000005 0.166573 0.49327799999999999 0.35483700000000001 0 0.17089699999999997 0.26965500000000003 0.166573 0.0081829999999999993 0.0082760000000000004 0.0075940000000000001 0.13377600000000003 0.23266500000000001 0.13075600000000001 0.0049820000000000003 0.0048870000000000007 0.0048710000000000003 0.00090399999999999996 0.00089900000000000006 0.00088699999999999998 1.4868242920937755 1.4868242920937755 1.4868242920937755 1.4102636335908968e-08 1.4102636335908968e-08 1.4102636335908968e-08 1 1 1 Converged Converged Converged OK OK OK 93 93 93 93 93 93 3 3 3 0 0 0 0 1 0 0 1
143 143 linear 4 0 1434 0 0.001 0.41270856575091047 0.0009681368609995699 0.00050301652727690401 -0.00061142786895461952 0.0010173543792243967 -0.00071203117441000034 0.5 0.0011112030967118649 719.71600517717695 OK 13 12 0.41848200000000002 0.419435 0.092275999999999997 0.32349600000000001 0.32538400000000001 0 0.094986000000000015 0.094050999999999996 0.092275999999999997 0.01025 0.010317 0.0099019999999999993 0.065950999999999996 0.064794999999999991 0.064183000000000004 0.002771 0.0028779999999999999 0.0028040000000000001 0.00056700000000000001 0.00060700000000000001 0.00056100000000000008 719.71550438273141 719.71550438273141 719.71550438273141 0.38586243465435577 0.38586243465435577 0.38586243465435577 1 1 1 Converged Converged Converged OK OK OK 53 53 53 53 53 53 3 3 3 0 0 0 0 0 1 0 0
143 143 linear 4 7 1434 1 0.001 0.41270856575091047 0.0009681368609995699 0.00050301652727690401 -0.00061142786895461952 0.0010173543792243967 -0.00065079437978498591 0.5 0.0010499663020868506 742.81747381705156 OK 13 12 0.41674499999999998 0.38857700000000001 0.095449000000000006 0.320664 0.18023600000000001 0 0.096080999999999972 0.208341 0.095449000000000006 0.0094750000000000008 0.0094359999999999999 0.0089269999999999992 0.069621999999999976 0.18199199999999999 0.070303000000000018 0.0028649999999999999 0.0030410000000000003 0.0027829999999999999 0.00061199999999999991 0.00063699999999999998 0.0006069999999999999 742.81696313020245 742.81696313020245 742.81696313020245 0.40164483758616076 0.40164483758616076 0.40164483758616076 1 1 1 Converged Converged Converged OK OK OK 53 53 53 53 53 53 3 3 3 0 0 0 0 1 0 0 1
143 143 linear 4 15 1434 2 0.001 0.41270856575091047 0.0009681368609995699 0.00050301652727690401 -0.00061142786895461952 0.0010173543792243967 -0.00058080947164211236 0.5 0.00097998139394397704 770.94515585333522 OK 13 12 0.41266700000000001 0.39773799999999998 0.086898000000000003 0.32242300000000002 0.18942899999999999 0 0.090243999999999991 0.20830899999999999 0.086898000000000003 0.0093790000000000002 0.0095659999999999999 0.0088699999999999994 0.064289999999999986 0.18155800000000002 0.061845999999999998 0.0028189999999999999 0.003052 0.0028679999999999999 0.00056999999999999998 0.00057700000000000004 0.0005840000000000001 770.94464511290084 770.94464511290084 770.94464511290084 0.41807058902102778 0.41807058902102778 0.41807058902102778 1 1 1 Converged Converged Converged OK OK OK 53 53 53 53 53 53 3 3 3 0 0 0 0 1 0 0 1
143 143 linear 4 23 1434 3 0.001 0.41270856575091047 0.0009681368609995699 0.00050301652727690401 -0.00061142786895461952 0.0010173543792243967 -0.0005108245634992387 0.5 0.00090999648580110328 801.0536395303285 OK 13 12 0.40545599999999998 0.39445400000000003 0.086917999999999995 0.31535099999999999 0.172486 0 0.090104999999999991 0.22196800000000003 0.086917999999999995 0.0093760000000000007 0.0095899999999999996 0.0089219999999999994 0.064327999999999996 0.19532999999999998 0.062019000000000005 0.002771 0.0029969999999999997 0.0027689999999999998 0.00055800000000000001 0.00056499999999999996 0.00056800000000000004 801.05309888535078 801.05309888535078 801.05309888535078 0.43231023103469729 0.43231023103469729 0.43231023103469729 1 1 1 Converged Converged Converged OK OK OK 53 53 53 53 53 53 3 3 3 0 0 0 0 1 0 0 1
143 143 linear 4 0 1434 0 0.0001 0.41270856575091047 0.0009681368609995699 0.00050301652727690401 -0.00061142786895461952 0.0010173543792243967 -0.00071203117441000034 0.5 0.0011112030967118649 719.71600517717695 OK 13 12 0.44729400000000002 0.44206400000000001 0.115782 0.32617499999999999 0.32558999999999999 0 0.12111900000000003 0.11647400000000002 0.115782 0.010303 0.010175999999999999 0.0099159999999999995 0.085339999999999999 0.082179999999999975 0.081661000000000011 0.0040899999999999999 0.0036640000000000002 0.0038159999999999999 0.00073799999999999994 0.00068400000000000004 0.00070899999999999999 719.71550592335063 719.71550592335063 719.71550592335063 0.00041100394784897054 0.00041100394784897054 0.00041100394784897054 1 1 1 Converged Converged Converged OK OK OK 69 69 69 69 69 69 3 3 3 0 0 0 0 0 1 0 0
143 143 linear 4 7 1434 1 0.0001 0.41270856575091047 0.0009681368609995699 0.00050301652727690401 -0.00061142786895461952 0.0010173543792243967 -0.00065079437978498591 0.5 0.0010499663020868506 742.81747381705156 OK 13 12 0.43845499999999998 0.46032699999999999 0.113872 0.319048 0.17288200000000001 0 0.11940699999999999 0.28744499999999995 0.113872 0.0094289999999999999 0.0095700000000000004 0.0088950000000000001 0.087663000000000005 0.25607400000000008 0.08387799999999998 0.0039430000000000003 0.003699 0.0036639999999999997 0.00073799999999999994 0.00074899999999999999 0.00072900000000000005 742.81696476170009 742.81696476170009 742.81696476170009 0.0003975663830284743 0.0003975663830284743 0.0003975663830284743 1 1 1 Converged Converged Converged OK OK OK 69 69 69 69 69 69 3 3 3 0 0 0 0 1 0 0 1
143 143 linear 4 15 1434 2 0.0001 0.41270856575091047 0.0009681368609995699 0.00050301652727690401 -0.00061142786895461952 0.0010173543792243967 -0.00058080947164211236 0.5 0.00097998139394397704 770.94515585333522 OK 13 12 0.44386799999999998 0.473526 0.10926 0.330266 0.18718000000000001 0 0.11360199999999998 0.28634599999999999 0.10926 0.0094369999999999992 0.0094020000000000006 0.0088719999999999997 0.082238999999999979 0.25500999999999996 0.079360999999999959 0.0039769999999999996 0.003954 0.0037110000000000003 0.00071699999999999997 0.00072099999999999996 0.00071400000000000001 770.94464679891291 770.94464679891291 770.94464679891291 0.00038285417837568246 0.00038285417837568246 0.00038285417837568246 1 1 1 Converged Converged Converged OK OK OK 69 69 69 69 69 69 3 3 3 0 0 0 0 1 0 0 1
143 143 linear 4 23 1434 3 0.0001 0.41270856575091047 0.0009681368609995699 0.00050301652727690401 -0.00061142786895461952 0.0010173543792243967 -0.0005108245634992387 0.5 0.00090999648580110328 801.0536395303285 OK 13 12 0.42898599999999998 0.471638 0.116898 0.31187199999999998 0.171181 0 0.117114 0.30045699999999997 0.116898 0.0094479999999999998 0.0095619999999999993 0.0088310000000000003 0.086147000000000001 0.268486 0.087267999999999998 0.0036910000000000003 0.0040119999999999999 0.0036120000000000002 0.00072099999999999996 0.0007229999999999999 0.00068899999999999994 801.05310061042019 801.05310061042019 801.05310061042019 0.00037084561804172264 0.00037084561804172264 0.00037084561804172264 1 1 1 Converged Converged Converged OK OK OK 69 69 69 69 69 69 3 3 3 0 0 0 0 1 0 0 1
143 143 uniform 0 0 1435 0 0.001 0.41270856575091047 0.0009681368609995699 0.00050301652727690401 2.0075060939870912 -0.13763693780860922 2.0074054906816357 0 -2.0070063187593337 3.048623110069518 OK 13 12 0.87057899999999999 0.86998399999999998 0.13880799999999999 0.73027600000000004 0.73321899999999995 0 0.14030299999999996 0.13676500000000003 0.13880799999999999 0.024999 0.023300000000000001 0.023091 0.090356999999999965 0.090544999999999973 0.092505999999999977 0.0034380000000000001 0.0029090000000000001 0.0028679999999999999 0.00084099999999999995 0.00079300000000000009 0.00076999999999999996 3.048625352663509 3.048625352663509 3.048625352663509 0.002836346537554641 0.002836346537554641 0.002836346537554641 1 1 1 Converged Converged Converged OK OK OK 74 74 74 74 74 74 6 6 6 0 0 0 0 0 1 0 0
143 143 uniform 0 7 1435 1 0.001 0.41270856575091047 0.0009681368609995699 0.00050301652727690401 2.0075060939870912 -0.13763693780860922 2.007466727476261 0 -2.007067555553959 2.9387085276099905 OK 13 12 0.73966299999999996 0.63171900000000003 0.127194 0.60965000000000003 0.46163100000000001 0 0.13001299999999993 0.17008800000000002 0.127194 0.022158000000000001 0.022377999999999999 0.019959999999999999 0.090384999999999951 0.13017700000000001 0.089942000000000022 0.0028600000000000001 0.0029380000000000001 0.0028649999999999999 0.00076999999999999985 0.00077000000000000007 0.00077999999999999999 2.9387114667669998 2.9387114667669998 2.9387114667669998 0.0028308174155010596 0.0028308174155010596 0.0028308174155010596 1 1 1 Converged Converged Converged OK OK OK 74 74 74 74 74 74 6 6 6 0 0 0 0 1 0 0 1
143 143 uniform 0 15 1435 2 0.001 0.41270856575091047 0.0009681368609995699 0.00050301652727690401 2.0075060939870912 -0.13763693780860922 2.0075367123844039 0 -2.0071375404621019 2.8023515131614953 OK 13 12 0.63481200000000004 0.561172 0.146541 0.48460999999999999 0.34832200000000002 0 0.15020200000000006 0.21284999999999998 0.146541 0.022374000000000002 0.02366 0.019459000000000001 0.10603500000000002 0.16680000000000003 0.10571700000000005 0.0037140000000000003 0.0037729999999999999 0.0037569999999999999 0.00087900000000000001 0.00092699999999999998 0.00090100000000000011 2.8023518095347408 2.8023518095347408 2.8023518095347408 0.0013323693855775728 0.0013323693855775728 0.0013323693855775728 1 1 1 Converged Converged Converged OK OK OK 90 90 90 90 90 90 6 6 6 0 0 0 0 1 0 0 1
143 143 uniform 0 23 1435 3 0.001 0.41270856575091047 0.0009681368609995699 0.00050301652727690401 2.0075060939870912 -0.13763693780860922 2.0076066972925468 0 -2.0072075253702448 2.6512281902103929 OK 13 12 0.75199300000000002 0.67292600000000002 0.14890200000000001 0.59977499999999995 0.46785700000000002 0 0.15221800000000008 0.205069 0.14890200000000001 0.022171 0.023885 0.019487000000000001 0.109588 0.16018100000000002 0.109555 0.003653 0.0038440000000000002 0.0035669999999999999 0.00089500000000000007 0.00091500000000000001 0.00088600000000000007 2.6512284335397998 2.6512284335397998 2.6512284335397998 0.0010324964653566971 0.0010324964653566971 0.0010324964653566971 1 1 1 Converged Converged Converged OK OK OK 90 90 90 90 90 90 6 6 6 0 0 0 0 1 0 0 1
143 143 uniform 0 0 1435 0 0.0001 0.41270856575091047 0.0009681368609995699 0.00050301652727690401 2.0075060939870912 -0.13763693780860922 2.0074054906816357 0 -2.0070063187593337 3.048623110069518 OK 13 12 0.927033 0.92879299999999998 0.19114300000000001 0.734491 0.73063 0 0.19254199999999999 0.19816299999999998 0.19114300000000001 0.023088000000000001 0.024024 0.022204999999999999 0.13239599999999999 0.13634800000000002 0.13222100000000003 0.0048780000000000004 0.005581 0.0050720000000000001 0.0011839999999999999 0.0012360000000000001 0.0011790000000000001 3.0486236534974314 3.0486236534974314 3.0486236534974314 9.5456791427184966e-05 9.5456791427184966e-05 9.5456791427184966e-05 1 1 1 Converged Converged Converged OK OK OK 114 114 114 114 114 114 6 6 6 0 0 0 0 0 1 0 0
143 143 uniform 0 7 1435 1 0.0001 0.41270856575091047 0.0009681368609995699 0.00050301652727690401 2.0075060939870912 -0.13763693780860922 2.007466727476261 0 -2.007067555553959 2.9387085276099905 OK 13 12 0.78825100000000003 0.721225 0.17485800000000001 0.609989 0.45914199999999999 0 0.17826200000000003 0.26208300000000001 0.17485800000000001 0.022582999999999999 0.022751 0.019942999999999999 0.12814899999999999 0.21098200000000003 0.12781099999999992 0.0047679999999999997 0.0052589999999999998 0.0048039999999999992 0.0011689999999999999 0.0012109999999999998 0.0011689999999999999 2.9387091249041042 2.9387091249041042 2.9387091249041042 8.3120152035803357e-05 8.3120152035803357e-05 8.3120152035803357e-05 1 1 1 Converged Converged Converged OK OK OK 114 114 114 114 114 114 6 6 6 0 0 0 0 1 0 0 1
143 143 uniform 0 15 1435 2 0.0001 0.41270856575091047 0.0009681368609995699 0.00050301652727690401 2.0075060939870912 -0.13763693780860922 2.0075367123844039 0 -2.0071375404621019 2.8023515131614953 OK 13 12 0.67061400000000004 0.607796 0.173009 0.490593 0.34473999999999999 0 0.18002100000000004 0.26305600000000001 0.173009 0.022932000000000001 0.023236 0.019459000000000001 0.12872600000000001 0.21162699999999998 0.12707199999999994 0.0050400000000000002 0.0051899999999999993 0.0047129999999999993 0.001212 0.0012080000000000003 0.0011250000000000001 2.8023519496968472 2.8023519496968472 2.8023519496968472 7.1109221650255888e-05 7.1109221650255888e-05 7.1109221650255888e-05 1 1 1 Converged Converged Converged OK OK OK 114 114 114 114 114 114 6 6 6 0 0 0 0 1 0 0 1
143 143 uniform 0 23 1435 3 0.0001 0.41270856575091047 0.0009681368609995699 0.00050301652727690401 2.0075060939870912 -0.13763693780860922 2.0076066972925468 0 -2.0072075253702448 2.6512281902103929 OK 13 12 0.78874999999999995 0.71682299999999999 0.180534 0.60334200000000004 0.45843899999999999 0 0.18540799999999991 0.258384 0.180534 0.022852000000000001 0.022987 0.019588000000000001 0.13495199999999999 0.20698700000000006 0.13434399999999999 0.0050689999999999997 0.0051869999999999998 0.0048599999999999997 0.0011840000000000002 0.0012230000000000001 0.0011059999999999998 2.651228503304937 2.651228503304937 2.651228503304937 7.185270996864151e-05 7.185270996864151e-05 7.185270996864151e-05 1 1 1 Converged Converged Converged OK OK OK 114 114 114 114 114 114 6 6 6 0 0 0 0 1 0 0 1
143 143 uniform 1 0 1436 0 0.001 0.41270856575091047 0.0009681368609995699 0.00050301652727690401 2.0049529724172559 -0.13728338794617442 2.0048523691118003 0 -2.0044531971894983 2.5316027859433445 OK 13 12 0.66701200000000005 0.67252500000000004 0.13633200000000001 0.52848899999999999 0.53238600000000003 0 0.13852300000000006 0.14013900000000001 0.13633200000000001 0.022814999999999998 0.023852000000000002 0.021475999999999999 0.092574999999999977 0.092922999999999992 0.092101000000000016 0.0028640000000000002 0.002944 0.0028640000000000002 0.00086800000000000006 0.00098200000000000002 0.00083699999999999996 2.5316027757510109 2.5316027757510109 2.5316027757510109 0.00060201359378060117 0.00060201359378060117 0.00060201359378060117 1 1 1 Converged Converged Converged OK OK OK 74 74 74 74 74 74 6 6 6 0 0 0 0 0 1 0 0
143 143 uniform 1 7 1436 1 0.001 0.41270856575091047 0.0009681368609995699 0.00050301652727690401 2.0049529724172559 -0.13728338794617442 2.0049136059064256 0 -2.0045144339841237 2.6452910735305628 OK 13 12 0.74797899999999995 0.66000000000000003 0.12637499999999999 0.61704199999999998 0.47552100000000003 0 0.13093699999999997 0.184479 0.12637499999999999 0.022571999999999998 0.028587000000000001 0.019823 0.089855999999999978 0.13777500000000001 0.089248000000000008 0.0028779999999999999 0.0029350000000000001 0.0027989999999999998 0.00096799999999999989 0.00093299999999999991 0.000892 2.6452911169405362 2.6452911169405362 2.6452911169405362 0.0006545248068658457 0.0006545248068658457 0.0006545248068658457 1 1 1 Converged Converged Converged OK OK OK 74 74 74 74 74 74 6 6 6 0 0 0 0 1 0 0 1
143 143 uniform 1 15 1436 2 0.001 0.41270856575091047 0.0009681368609995699 0.00050301652727690401 2.0049529724172559 -0.13728338794617442 2.0049835908145686 0 -2.0045844188922666 2.7673261939162668 OK 13 12 0.644092 0.54824700000000004 0.123816 0.515065 0.37726599999999999 0 0.129027 0.17098100000000005 0.123816 0.022495999999999999 0.022719 0.019427 0.088163000000000005 0.13051499999999996 0.087275000000000005 0.0030200000000000001 0.0029239999999999995 0.0028609999999999998 0.00093800000000000003 0.00086400000000000008 0.00078899999999999988 2.7673263112413005 2.7673263112413005 2.7673263112413005 0.00079627908793142787 0.00079627908793142787 0.00079627908793142787 1 1 1 Converged Converged Converged OK OK OK 74 74 74 74 74 74 6 6 6 0 0 0 0 1 0 0 1
143 143 uniform 1 23 1436 3 0.001 0.41270856575091047 0.0009681368609995699 0.00050301652727690401 2.0049529724172559 -0.13728338794617442 2.0050535757227115 0 -2.0046544038004095 2.8814164359705012 OK 13 12 0.73897500000000005 0.64132500000000003 0.12809799999999999 0.60639500000000002 0.46661999999999998 0 0.13258000000000003 0.17470500000000005 0.12809799999999999 0.022120000000000001 0.02265 0.019449000000000001 0.092956000000000052 0.13452700000000001 0.09172199999999997 0.0028440000000000002 0.002944 0.0028900000000000002 0.00082400000000000008 0.00080999999999999996 0.00076000000000000004 2.8814168410948695 2.8814168410948695 2.8814168410948695 0.0010041837693440824 0.0010041837693440824 0.0010041837693440824 1 1 1 Converged Converged Converged OK OK OK 74 74 74 74 74 74 6 6 6 0 0 0 0 1 0 0 1
143 143 uniform 1 0 1436 0 0.0001 0.41270856575091047 0.0009681368609995699 0.00050301652727690401 2.0049529724172559 -0.13728338794617442 2.0048523691118003 0 -2.0044531971894983 2.5316027859433445 OK 13 12 0.68782900000000002 0.69196000000000002 0.157115 0.52620800000000001 0.531273 0 0.16162100000000001 0.16068700000000002 0.157115 0.024147999999999999 0.024119999999999999 0.021388000000000001 0.10703999999999998 0.106998 0.106545 0.0039589999999999998 0.0039269999999999999 0.003669 0.0011689999999999999 0.0011599999999999998 0.0010530000000000001 2.531602775758409 2.531602775758409 2.531602775758409 0.00023929127664978309 0.00023929127664978309 0.00023929127664978309 1 1 1 Converged Converged Converged OK OK OK 90 90 90 90 90 90 6 6 6 0 0 0 0 0 1 0 0
143 143 uniform 1 7 1436 1 0.0001 0.41270856575091047 0.0009681368609995699 0.00050301652727690401 2.0049529724172559 -0.13728338794617442 2.0049136059064256 0 -2.0045144339841237 2.6452910735305628 OK 13 12 0.79434000000000005 0.72133199999999997 0.169823 0.61905900000000003 0.47739300000000001 0 0.17528100000000002 0.24393899999999996 0.169823 0.022608 0.022637000000000001 0.019734999999999999 0.124113 0.19281600000000004 0.12322799999999998 0.0049459999999999999 0.0049390000000000007 0.0045599999999999998 0.001199 0.0012359999999999999 0.0011120000000000001 2.6452911859201462 2.6452911859201462 2.6452911859201462 0.00016139549366470487 0.00016139549366470487 0.00016139549366470487 1 1 1 Converged Converged Converged OK OK OK 106 106 106 106 106 106 6 6 6 0 0 0 0 1 0 0 1
143 143 uniform 1 15 1436 2 0.0001 0.41270856575091047 0.0009681368609995699 0.00050301652727690401 2.0049529724172559 -0.13728338794617442 2.0049835908145686 0 -2.0045844188922666 2.7673261939162668 OK 13 12 0.68681499999999995 0.60005299999999995 0.156142 0.52240799999999998 0.37623499999999999 0 0.16440699999999997 0.22381799999999996 0.156142 0.023741999999999999 0.022574 0.019470000000000001 0.11428199999999999 0.17657999999999993 0.11271100000000001 0.0047189999999999992 0.0042309999999999995 0.004091 0.0011420000000000002 0.001109 0.0010809999999999999 2.7673263197378857 2.7673263197378857 2.7673263197378857 0.00015028981157085843 0.00015028981157085843 0.00015028981157085843 1 1 1 Converged Converged Converged OK OK OK 98 98 98 98 98 98 6 6 6 0 0 0 0 1 0 0 1
143 143 uniform 1 23 1436 3 0.0001 0.41270856575091047 0.0009681368609995699 0.00050301652727690401 2.0049529724172559 -0.13728338794617442 2.0050535757227115 0 -2.0046544038004095 2.8814164359705012 OK 13 12 0.77125600000000005 0.69410499999999997 0.15626300000000001 0.61061600000000005 0.46546399999999999 0 0.16064000000000001 0.22864099999999998 0.15626300000000001 0.022131000000000001 0.022349000000000001 0.019209 0.11394000000000001 0.18164000000000005 0.11355499999999996 0.0042290000000000001 0.0043359999999999996 0.0040140000000000002 0.0010679999999999999 0.0010629999999999999 0.0010550000000000002 2.8814168681911143 2.8814168681911143 2.8814168681911143 0.00013233892091934113 0.00013233892091934113 0.00013233892091934113 1 1 1 Converged Converged Converged OK OK OK 98 98 98 98 98 98 6 6 6 0 0 0 0 1 0 0 1
143 143 uniform 2 0 1437 0 0.001 0.41270856575091047 0.0009681368609995699 0.00050301652727690401 -0.00035119090745754057 0.00071279814977831242 -0.00045179421291292139 0 0.00085096613521478607 1049.4815345022819 OK 13 12 0.40714600000000001 0.40593699999999999 0.079197000000000004 0.32682099999999997 0.32608900000000002 0 0.080325000000000035 0.079847999999999975 0.079197000000000004 0.010621999999999999 0.010456999999999999 0.010262 0.051065999999999986 0.050786000000000005 0.050525000000000007 0.0028470000000000001 0.0029529999999999999 0.0028400000000000001 0.00059900000000000003 0.00069499999999999998 0.00067200000000000007 1049.481447755888 1049.481447755888 1049.481447755888 0.077310677811812681 0.077310677811812681 0.077310677811812681 1 1 1 Converged Converged Converged OK OK OK 53 53 53 53 53 53 3 3 3 0 0 0 0 0 1 0 0
143 143 uniform 2 7 1437 1 0.001 0.41270856575091047 0.0009681368609995699 0.00050301652727690401 -0.00035119090745754057 0.00071279814977831242 -0.00039055741828790695 0 0.00078972934058977153 1113.1052179224316 OK 13 12 0.472549 0.49483300000000002 0.100518 0.36946800000000002 0.219608 0 0.10308099999999998 0.27522500000000005 0.100518 0.0097560000000000008 0.0095600000000000008 0.0090299999999999998 0.07062400000000002 0.24319600000000002 0.069861999999999966 0.0036009999999999996 0.0036110000000000005 0.00349 0.00097799999999999992 0.00092100000000000005 0.00081099999999999998 1113.1050650072777 1113.1050650072777 1113.1050650072777 0.026906699897260064 0.026906699897260064 0.026906699897260064 1 1 1 Converged Converged Converged OK OK OK 68 68 68 68 68 68 4 4 4 0 0 0 0 1 0 0 1
143 143 uniform 2 15 1437 2 0.001 0.41270856575091047 0.0009681368609995699 0.00050301652727690401 -0.00035119090745754057 0.00071279814977831242 -0.00032057251014503335 0 0.00071974443244689798 1208.4036598548264 OK 13 12 0.44680500000000001 0.43953300000000001 0.091925000000000007 0.35639700000000002 0.217942 0 0.090407999999999988 0.22159100000000001 0.091925000000000007 0.0096120000000000008 0.0097160000000000007 0.0089949999999999995 0.064532000000000006 0.195717 0.067230999999999985 0.0025999999999999999 0.0026479999999999997 0.0026109999999999996 0.00073500000000000008 0.00066599999999999993 0.00064099999999999997 1208.4022682810601 1208.4022682810601 1208.4022682810601 0.7784655845540388 0.7784655845540388 0.7784655845540388 1 1 1 Converged Converged Converged OK OK OK 52 52 52 52 52 52 4 4 4 0 0 0 0 1 0 0 1
143 143 uniform 2 23 1437 3 0.001 0.41270856575091047 0.0009681368609995699 0.00050301652727690401 -0.00035119090745754057 0.00071279814977831242 -0.00025058760200215974 0 0.00064975952430402443 1401.0965704225207 OK 13 12 0.43619200000000002 0.40725800000000001 0.082926 0.35005799999999998 0.195664 0 0.086134000000000044 0.211594 0.082926 0.010248999999999999 0.010109999999999999 0.0094249999999999994 0.061322999999999989 0.18702499999999997 0.059855999999999999 0.0024479999999999997 0.0023860000000000001 0.0022539999999999999 0.00060500000000000007 0.00054799999999999998 0.00054100000000000003 1401.0950557349488 1401.0950557349488 1401.0950557349488 0.90645111718182825 0.90645111718182825 0.90645111718182825 1 1 1 Converged Converged Converged OK OK OK 51 51 51 51 51 51 5 5 5 0 0 0 0 1 0 0 1
143 143 uniform 2 0 1437 0 0.0001 0.41270856575091047 0.0009681368609995699 0.00050301652727690401 -0.00035119090745754057 0.00071279814977831242 -0.00045179421291292139 0 0.00085096613521478607 1049.4815345022819 OK 13 12 0.41533399999999998 0.41122500000000001 0.079009999999999997 0.33508199999999999 0.33127400000000001 0 0.08025199999999999 0.079950999999999994 0.079009999999999997 0.010397 0.010394 0.010234999999999999 0.051193999999999996 0.051222000000000018 0.050682999999999999 0.0028319999999999999 0.0028019999999999998 0.0028679999999999999 0.00065400000000000007 0.00063400000000000001 0.00063900000000000003 1049.481447755888 1049.481447755888 1049.481447755888 0.077310677811812681 0.077310677811812681 0.077310677811812681 1 1 1 Converged Converged Converged OK OK OK 53 53 53 53 53 53 3 3 3 0 0 0 0 0 1 0 0
143 143 uniform 2 7 1437 1 0.0001 0.41270856575091047 0.0009681368609995699 0.00050301652727690401 -0.00035119090745754057 0.00071279814977831242 -0.00039055741828790695 0 0.00078972934058977153 1113.1052179224316 OK 13 12 0.46940399999999999 0.490643 0.10081 0.36590600000000001 0.22090000000000001 0 0.10349799999999998 0.26974299999999996 0.10081 0.0098200000000000006 0.0096200000000000001 0.0091420000000000008 0.071208000000000007 0.23794299999999999 0.069912999999999989 0.003578 0.003581 0.003676 0.00088699999999999998 0.00082900000000000009 0.00081699999999999991 1113.1050650072777 1113.1050650072777 1113.1050650072777 0.026906699897260064 0.026906699897260064 0.026906699897260064 1 1 1 Converged Converged Converged OK OK OK 68 68 68 68 68 68 4 4 4 0 0 0 0 1 0 0 1
143 143 uniform 2 15 1437 2 0.0001 0.41270856575091047 0.0009681368609995699 0.00050301652727690401 -0.00035119090745754057 0.00071279814977831242 -0.00032057251014503335 0 0.00071974443244689798 1208.4036598548264 OK 13 12 0.46643600000000002 0.49962899999999999 0.106123 0.35872900000000002 0.21649099999999999 0 0.107707 0.283138 0.106123 0.0096259999999999991 0.0096810000000000004 0.0090010000000000003 0.076939999999999967 0.25204499999999991 0.076407000000000003 0.0034170000000000003 0.0035869999999999999 0.0035270000000000002 0.00082899999999999998 0.00081800000000000004 0.00079799999999999999 1208.4035680196744 1208.4035680196744 1208.4035680196744 0.081944603595264592 0.081944603595264592 0.081944603595264592 1 1 1 Converged Converged Converged OK OK OK 68 68 68 68 68 68 4 4 4 0 0 0 0 1 0 0 1
143 143 uniform 2 23 1437 3 0.0001 0.41270856575091047 0.0009681368609995699 0.00050301652727690401 -0.00035119090745754057 0.00071279814977831242 -0.00025058760200215974 0 0.00064975952430402443 1401.0965704225207 OK 13 12 0.48922700000000002 0.59114800000000001 0.13691900000000001 0.35054000000000002 0.19744999999999999 0 0.138687 0.39369799999999999 0.13691900000000001 0.010335 0.010236 0.0093629999999999998 0.10049500000000001 0.35416900000000007 0.10011400000000001 0.0043400000000000001 0.00464 0.0044180000000000001 0.000919 0.00092800000000000011 0.00092100000000000005 1401.0960877357127 1401.0960877357127 1401.0960877357127 0.0023749204250415978 0.0023749204250415978 0.0023749204250415978 1 1 1 Converged Converged Converged OK OK OK 91 91 91 91 91 91 5 5 5 0 0 0 0 1 0 0 1
143 143 uniform 3 0 1438 0 0.001 0.41270856575091047 0.0009681368609995699 0.00050301652727690401 2.0050216139560755 0.13808837738407173 2.0049210106506199 0 -2.0045218387283179 1.4681331671500231 OK 13 12 0.453768 0.45540999999999998 0.082993999999999998 0.369842 0.37220300000000001 0 0.083926000000000001 0.083206999999999975 0.082993999999999998 0.0089730000000000001 0.0088129999999999997 0.0087609999999999997 0.058744999999999978 0.058751999999999999 0.058473999999999984 0.002189 0.0021970000000000002 0.0022040000000000002 0.00055400000000000002 0.00054900000000000001 0.00054900000000000001 1.4681331549994943 1.4681331549994943 1.4681331549994943 0.00052389224510317265 0.00052389224510317265 0.00052389224510317265 1 1 1 Converged Converged Converged OK OK OK 45 45 45 45 45 45 3 3 3 0 0 0 0 0 1 0 0
143 143 uniform 3 7 1438 1 0.001 0.41270856575091047 0.0009681368609995699 0.00050301652727690401 2.0050216139560755 0.13808837738407173 2.0049822474452452 0 -2.0045830755229432 1.4738760673274061 OK 13 12 0.55070699999999995 0.44913900000000001 0.073963000000000001 0.47512900000000002 0.32517699999999999 0 0.075577999999999923 0.12396200000000002 0.073963000000000001 0.0082389999999999998 0.0082050000000000005 0.0076470000000000002 0.053260999999999996 0.10175700000000003 0.05281099999999999 0.0021970000000000002 0.0022530000000000002 0.0021780000000000002 0.00057399999999999997 0.00055599999999999996 0.00054000000000000001 1.4738760551183585 1.4738760551183585 1.4738760551183585 0.00052619253764219463 0.00052619253764219463 0.00052619253764219463 1 1 1 Converged Converged Converged OK OK OK 45 45 45 45 45 45 3 3 3 0 0 0 0 1 0 0 1
143 143 uniform 3 15 1438 2 0.001 0.41270856575091047 0.0009681368609995699 0.00050301652727690401 2.0050216139560755 0.13808837738407173 2.0050522323533881 0 -2.0046530604310862 1.480674577501796 OK 13 12 0.54826399999999997 0.44621899999999998 0.075555999999999998 0.47086899999999998 0.32111099999999998 0 0.077394999999999992 0.125108 0.075555999999999998 0.0082740000000000001 0.0082760000000000004 0.0075909999999999997 0.054917999999999995 0.102882 0.054471999999999993 0.0021789999999999999 0.0021850000000000003 0.0021280000000000001 0.00055999999999999995 0.00057799999999999995 0.00053599999999999991 1.4806745652236102 1.4806745652236102 1.4806745652236102 0.00052889051291355068 0.00052889051291355068 0.00052889051291355068 1 1 1 Converged Converged Converged OK OK OK 45 45 45 45 45 45 3 3 3 0 0 0 0 1 0 0 1
143 143 uniform 3 23 1438 3 0.001 0.41270856575091047 0.0009681368609995699 0.00050301652727690401 2.0050216139560755 0.13808837738407173 2.0051222172615311 0 -2.0047230453392291 1.4877501071547159 OK 13 12 0.56977999999999995 0.484873 0.075031 0.49309999999999998 0.35683399999999998 0 0.07667999999999997 0.12803900000000001 0.075031 0.0081349999999999999 0.0082100000000000003 0.0075909999999999997 0.05439900000000001 0.105794 0.053961000000000009 0.0022069999999999998 0.002258 0.0021540000000000001 0.00055699999999999999 0.00056999999999999998 0.00054900000000000001 1.4877500948020304 1.4877500948020304 1.4877500948020304 0.0005316643982508346 0.0005316643982508346 0.0005316643982508346 1 1 1 Converged Converged Converged OK OK OK 45 45 45 45 45 45 3 3 3 0 0 0 0 1 0 0 1
143 143 uniform 3 0 1438 0 0.0001 0.41270856575091047 0.0009681368609995699 0.00050301652727690401 2.0050216139560755 0.13808837738407173 2.0049210106506199 0 -2.0045218387283179 1.4681331671500231 OK 13 12 0.497643 0.50376699999999996 0.12919900000000001 0.36812800000000001 0.36914400000000003 0 0.12951499999999999 0.13462299999999994 0.12919900000000001 0.0088330000000000006 0.0088319999999999996 0.0086859999999999993 0.093554999999999999 0.098638999999999991 0.093355000000000021 0.0038740000000000003 0.0039129999999999998 0.0038300000000000001 0.00078600000000000002 0.00079300000000000009 0.00078299999999999995 1.4681331550420831 1.4681331550420831 1.4681331550420831 4.2496264547234536e-05 4.2496264547234536e-05 4.2496264547234536e-05 1 1 1 Converged Converged Converged OK OK OK 77 77 77 77 77 77 3 3 3 0 0 0 0 0 1 0 0
143 143 uniform 3 7 1438 1 0.0001 0.41270856575091047 0.0009681368609995699 0.00050301652727690401 2.0050216139560755 0.13808837738407173 2.0049822474452452 0 -2.0045830755229432 1.4738760673274061 OK 13 12 0.59318899999999997 0.52444100000000005 0.12023200000000001 0.47523399999999999 0.32567699999999999 0 0.11795499999999998 0.19876400000000005 0.12023200000000001 0.0082400000000000008 0.0082100000000000003 0.0077200000000000003 0.08570499999999999 0.16675900000000002 0.089216999999999935 0.0038289999999999999 0.003898 0.003823 0.00079200000000000006 0.00077099999999999998 0.00077000000000000007 1.4738760551607661 1.4738760551607661 1.4738760551607661 4.3570576935592837e-05 4.3570576935592837e-05 4.3570576935592837e-05 1 1 1 Converged Converged Converged OK OK OK 77 77 77 77 77 77 3 3 3 0 0 0 0 1 0 0 1
143 143 uniform 3 15 1438 2 0.0001 0.41270856575091047 0.0009681368609995699 0.00050301652727690401 2.0050216139560755 0.13808837738407173 2.0050522323533881 0 -2.0046530604310862 1.480674577501796 OK 13 12 0.58471200000000001 0.53263700000000003 0.12116 0.46723500000000001 0.33091799999999999 0 0.117477 0.20171900000000004 0.12116 0.0081169999999999992 0.0083020000000000004 0.0076239999999999997 0.085734999999999978 0.16937800000000003 0.085343999999999975 0.003826 0.0039100000000000003 0.0037819999999999998 0.00080599999999999997 0.00080199999999999987 0.00077000000000000007 1.4806745652655697 1.4806745652655697 1.4806745652655697 4.4861020035761715e-05 4.4861020035761715e-05 4.4861020035761715e-05 1 1 1 Converged Converged Converged OK OK OK 77 77 77 77 77 77 3 3 3 0 0 0 0 1 0 0 1
143 143 uniform 3 23 1438 3 0.0001 0.41270856575091047 0.0009681368609995699 0.00050301652727690401 2.0050216139560755 0.13808837738407173 2.0051222172615311 0 -2.0047230453392291 1.4877501071547159 OK 13 12 0.615039 0.55359000000000003 0.116007 0.49717099999999997 0.35170000000000001 0 0.11786800000000003 0.20189000000000001 0.116007 0.0082129999999999998 0.0082159999999999993 0.0076779999999999999 0.08576499999999998 0.16978799999999999 0.085311999999999971 0.003836 0.0039459999999999999 0.00379 0.00077899999999999996 0.00079699999999999997 0.00076400000000000003 1.4877500948430948 1.4877500948430948 1.4877500948430948 4.622330275514352e-05 4.622330275514352e-05 4.622330275514352e-05 1 1 1 Converged Converged Converged OK OK OK 77 77 77 77 77 77 3 3 3 0 0 0 0 1 0 0 1
143 143 uniform 4 0 1439 0 0.001 0.41270856575091047 0.0009681368609995699 0.00050301652727690401 -0.00061142786895461952 0.0010173543792243967 -0.00071203117441000034 0 0.0011112030967118649 721.260867212476 OK 13 12 0.38658500000000001 0.38390299999999999 0.060647 0.32447300000000001 0.32181700000000002 0 0.062112000000000001 0.062085999999999975 0.060647 0.010186000000000001 0.0099850000000000008 0.0097470000000000005 0.038780000000000009 0.039188000000000008 0.038427000000000003 0.0018659999999999998 0.0018240000000000001 0.001792 0.00044900000000000002 0.00044000000000000002 0.00042700000000000002 721.26063982314929 721.26063982314929 721.26063982314929 0.35709355742700843 0.35709355742700843 0.35709355742700843 1 1 1 Converged Converged Converged OK OK OK 37 37 37 37 37 37 3 3 3 0 0 0 0 0 1 0 0
143 143 uniform 4 7 1439 1 0.001 0.41270856575091047 0.0009681368609995699 0.00050301652727690401 -0.00061142786895461952 0.0010173543792243967 -0.00065079437978498591 0 0.0010499663020868506 744.51415055217819 OK 13 12 0.37728499999999998 0.31590800000000002 0.059478999999999997 0.31598500000000002 0.175342 0 0.061299999999999966 0.14056600000000002 0.059478999999999997 0.0094660000000000005 0.009502 0.0089040000000000005 0.040219999999999999 0.11947500000000001 0.039588999999999992 0.001833 0.0018109999999999999 0.0016850000000000001 0.00047399999999999992 0.00044100000000000004 0.00042299999999999998 744.5139339178578 744.5139339178578 744.5139339178578 0.37305124199168249 0.37305124199168249 0.37305124199168249 1 1 1 Converged Converged Converged OK OK OK 37 37 37 37 37 37 3 3 3 0 0 0 0 1 0 0 1
143 143 uniform 4 15 1439 2 0.001 0.41270856575091047 0.0009681368609995699 0.00050301652727690401 -0.00061142786895461952 0.0010173543792243967 -0.00058080947164211236 0 0.00097998139394397704 772.854079043811 OK 13 12 0.38247799999999998 0.32258399999999998 0.056101999999999999 0.31989499999999998 0.18600900000000001 0 0.062583 0.13657499999999997 0.056101999999999999 0.0093740000000000004 0.0094280000000000006 0.0087910000000000002 0.041693999999999981 0.11573800000000001 0.036269999999999997 0.001781 0.0018120000000000002 0.0016970000000000002 0.00042999999999999999 0.00043599999999999997 0.00042199999999999996 772.85388722088248 772.85388722088248 772.85388722088248 0.3950035707420676 0.3950035707420676 0.3950035707420676 1 1 1 Converged Converged Converged OK OK OK 37 37 37 37 37 37 3 3 3 0 0 0 0 1 0 0 1
143 143 uniform 4 23 1439 3 0.001 0.41270856575091047 0.0009681368609995699 0.00050301652727690401 -0.00061142786895461952 0.0010173543792243967 -0.0005108245634992387 0 0.00090999648580110328 803.22835380668198 OK 13 12 0.37375399999999998 0.31737199999999999 0.054787000000000002 0.316604 0.173958 0 0.057149999999999979 0.14341399999999999 0.054787000000000002 0.0095329999999999998 0.0095209999999999999 0.0087679999999999998 0.035906999999999994 0.12229700000000002 0.03511799999999999 0.001846 0.001879 0.0017299999999999998 0.00044799999999999999 0.00044099999999999999 0.00042500000000000003 803.22818307837656 803.22818307837656 803.22818307837656 0.42745843389612898 0.42745843389612898 0.42745843389612898 1 1 1 Converged Converged Converged OK OK OK 37 37 37 37 37 37 3 3 3 0 0 0 0 1 0 0 1
143 143 uniform 4 0 1439 0 0.0001 0.41270856575091047 0.0009681368609995699 0.00050301652727690401 -0.00061142786895461952 0.0010173543792243967 -0.00071203117441000034 0 0.0011112030967118649 721.260867212476 OK 13 12 0.40279300000000001 0.40115899999999999 0.079777000000000001 0.32222800000000001 0.32079800000000003 0 0.080564999999999998 0.08036099999999996 0.079777000000000001 0.0099399999999999992 0.010069 0.0099290000000000003 0.051975999999999994 0.052174999999999992 0.051771999999999992 0.002673 0.0026830000000000001 0.0027009999999999998 0.00056099999999999998 0.00057400000000000007 0.00054599999999999994 721.2607843957627 721.2607843957627 721.2607843957627 0.021568161879281268 0.021568161879281268 0.021568161879281268 1 1 1 Converged Converged Converged OK OK OK 53 53 53 53 53 53 3 3 3 0 0 0 0 0 1 0 0
143 143 uniform 4 7 1439 1 0.0001 0.41270856575091047 0.0009681368609995699 0.00050301652727690401 -0.00061142786895461952 0.0010173543792243967 -0.00065079437978498591 0 0.0010499663020868506 744.51415055217819 OK 13 12 0.402694 0.37392700000000001 0.079615000000000005 0.32123800000000002 0.17886299999999999 0 0.081455999999999973 0.19506400000000002 0.079615000000000005 0.0095060000000000006 0.0094059999999999994 0.0088730000000000007 0.055302999999999998 0.16922299999999998 0.054847999999999987 0.002581 0.0026559999999999999 0.002581 0.00057300000000000005 0.00054700000000000007 0.00053799999999999996 744.51406794658112 744.51406794658112 744.51406794658112 0.015598733751573845 0.015598733751573845 0.015598733751573845 1 1 1 Converged Converged Converged OK OK OK 53 53 53 53 53 53 3 3 3 0 0 0 0 1 0 0 1
143 143 uniform 4 15 1439 2 0.0001 0.41270856575091047 0.0009681368609995699 0.00050301652727690401 -0.00061142786895461952 0.0010173543792243967 -0.00058080947164211236 0 0.00097998139394397704 772.854079043811 OK 13 12 0.398397 0.38922200000000001 0.073870000000000005 0.32277 0.194108 0 0.075627 0.19511400000000001 0.073870000000000005 0.0093790000000000002 0.0095090000000000001 0.0088369999999999994 0.050012999999999988 0.16914099999999996 0.049395999999999995 0.0026120000000000002 0.0027179999999999999 0.0025100000000000001 0.00055200000000000008 0.00055699999999999999 0.00053700000000000004 772.85400752355338 772.85400752355338 772.85400752355338 0.0099153069636782505 0.0099153069636782505 0.0099153069636782505 1 1 1 Converged Converged Converged OK OK OK 53 53 53 53 53 53 3 3 3 0 0 0 0 1 0 0 1
143 143 uniform 4 23 1439 3 0.0001 0.41270856575091047 0.0009681368609995699 0.00050301652727690401 -0.00061142786895461952 0.0010173543792243967 -0.0005108245634992387 0 0.00090999648580110328 803.22835380668198 OK 13 12 0.39096199999999998 0.38525999999999999 0.074115 0.31536700000000001 0.17083000000000001 0 0.075594999999999968 0.21442999999999998 0.074115 0.0092980000000000007 0.0094529999999999996 0.0087779999999999993 0.050060000000000007 0.18867600000000001 0.049665999999999981 0.002617 0.0027269999999999998 0.002565 0.00056999999999999998 0.00055199999999999997 0.00054200000000000006 803.22828785441902 803.22828785441902 803.22828785441902 0.011617504878205379 0.011617504878205379 0.011617504878205379 1 1 1 Converged Converged Converged OK OK OK 53 53 53 53 53 53 3 3 3 0 0 0 0 1 0 0 1
144 144 linear 0 0 1440 0 0.001 1.1635642131046984 0.017073273857754843 0.038144106650100193 0.025920138671344704 -0.0063567038775336144 0.018291317341324664 0.5 0.0012410516354634527 46.203748827313795 OK 15 14 0.671593 0.67230199999999996 0.25795000000000001 0.408725 0.41306599999999999 0 0.26286799999999999 0.25923599999999997 0.25795000000000001 0.015601 0.015928000000000001 0.015748999999999999 0.21061699999999986 0.20584000000000005 0.204542 0.0044879999999999998 0.0047629999999999999 0.0049259999999999998 0.0010089999999999999 0.001083 0.0010549999999999999 46.20343898140225 46.20343898140225 46.20343898140225 0.035734103055871644 0.035734103055871644 0.035734103055871644 1 1 1 Converged Converged Converged OK OK OK 102 102 102 102 102 102 10 10 10 0 0 0 0 0 1 0 0
144 144 linear 0 7 1440 1 0.001 1.1635642131046984 0.017073273857754843 0.038144106650100193 0.025920138671344704 -0.0063567038775336144 0.022934947716119473 0.5 -0.0034025787393313564 44.316552542479741 OK 15 14 0.73407900000000004 0.63226199999999999 0.23621800000000001 0.48756500000000003 0.38217899999999999 0 0.24651400000000001 0.250083 0.23621800000000001 0.014279 0.014456999999999999 0.013691 0.20582000000000006 0.2089120000000001 0.19642099999999993 0.0044469999999999996 0.0047119999999999992 0.0046240000000000005 0.00096699999999999998 0.0010019999999999999 0.001003 44.316661682030187 44.316661682030187 44.316661682030187 0.032502643617131718 0.032502643617131718 0.032502643617131718 1 1 1 Converged Converged Converged OK OK OK 102 102 102 102 102 102 10 10 10 0 0 0 0 1 0 0 1
144 144 linear 0 15 1440 2 0.001 1.1635642131046984 0.017073273857754843 0.038144106650100193 0.025920138671344704 -0.0063567038775336144 0.028241953858742109 0.5 -0.0087095848819539919 41.383135810459727 OK 15 14 0.63261500000000004 0.54386299999999999 0.24223 0.38466099999999998 0.28806999999999999 0 0.24795400000000006 0.25579299999999999 0.24223 0.014782999999999999 0.014911000000000001 0.013811 0.20519100000000018 0.21390500000000004 0.19821699999999992 0.0052389999999999997 0.0048909999999999995 0.0045760000000000002 0.0011529999999999999 0.0010449999999999999 0.000959 41.38325055527465 41.38325055527465 41.38325055527465 0.028776572186624605 0.028776572186624605 0.028776572186624605 1 1 1 Converged Converged Converged OK OK OK 102 102 102 102 102 102 10 10 10 0 0 0 0 1 0 0 1
144 144 linear 0 23 1440 3 0.001 1.1635642131046984 0.017073273857754843 0.038144106650100193 0.025920138671344704 -0.0063567038775336144 0.033548960001364744 0.5 -0.014016591024576627 37.562148929185341 OK 16 15 0.70848500000000003 0.63390400000000002 0.26713700000000001 0.42745499999999997 0.33674300000000001 0 0.28103000000000006 0.29716100000000001 0.26713700000000001 0.015841999999999998 0.017277000000000001 0.014808999999999999 0.231437 0.24377400000000007 0.22023599999999996 0.0056699999999999997 0.0065000000000000006 0.0050220000000000004 0.0014369999999999999 0.001472 0.0012900000000000001 37.562290007982028 37.562290007982028 37.562290007982028 0.017380513428375134 0.017380513428375134 0.017380513428375134 1 1 1 Converged Converged Converged OK OK OK 117 117 117 117 117 117 11 11 11 0 0 0 0 1 0 0 1
144 144 linear 0 0 1440 0 0.0001 1.1635642131046984 0.017073273857754843 0.038144106650100193 0.025920138671344704 -0.0063567038775336144 0.018291317341324664 0.5 0.0012410516354634527 46.203748827313795 OK 15 14 0.73299700000000001 0.73996300000000004 0.31367200000000001 0.41866199999999998 0.422039 0 0.31433500000000003 0.31792400000000004 0.31367200000000001 0.015474 0.017814 0.015741000000000002 0.24906700000000004 0.24838000000000002 0.24734099999999995 0.0064500000000000009 0.0072850000000000007 0.0068120000000000003 0.0016019999999999999 0.0016690000000000001 0.001635 46.203573648345369 46.203573648345369 46.203573648345369 0.0032548367354897942 0.0032548367354897942 0.0032548367354897942 1 1 1 Converged Converged Converged OK OK OK 134 134 134 134 134 134 10 10 10 0 0 0 0 0 1 0 0
144 144 linear 0 7 1440 1 0.0001 1.1635642131046984 0.017073273857754843 0.038144106650100193 0.025920138671344704 -0.0063567038775336144 0.022934947716119473 0.5 -0.0034025787393313564 44.316552542479741 OK 15 14 0.786246 0.725715 0.29181400000000002 0.49096600000000001 0.412491 0 0.29527999999999999 0.313224 0.29181400000000002 0.014392 0.014683999999999999 0.017885999999999999 0.24689200000000017 0.26268999999999992 0.23972999999999989 0.0062870000000000001 0.0073749999999999996 0.0063930000000000011 0.0015280000000000001 0.0016070000000000001 0.0015509999999999999 44.316765845043825 44.316765845043825 44.316765845043825 0.0032077879779141261 0.0032077879779141261 0.0032077879779141261 1 1 1 Converged Converged Converged OK OK OK 134 134 134 134 134 134 10 10 10 0 0 0 0 1 0 0 1
144 144 linear 0 15 1440 2 0.0001 1.1635642131046984 0.017073273857754843 0.038144106650100193 0.025920138671344704 -0.0063567038775336144 0.028241953858742109 0.5 -0.0087095848819539919 41.383135810459727 OK 15 14 0.68530199999999997 0.61478600000000005 0.289188 0.38143100000000002 0.29067300000000001 0 0.30387099999999995 0.32411300000000004 0.289188 0.014832 0.016310000000000002 0.013702000000000001 0.25376499999999996 0.27169300000000007 0.24147900000000014 0.0068719999999999996 0.0069349999999999993 0.006581 0.0015040000000000001 0.0015479999999999999 0.0015149999999999999 41.383325572135462 41.383325572135462 41.383325572135462 0.0031629877621143034 0.0031629877621143034 0.0031629877621143034 1 1 1 Converged Converged Converged OK OK OK 134 134 134 134 134 134 10 10 10 0 0 0 0 1 0 0 1
144 144 linear 0 23 1440 3 0.0001 1.1635642131046984 0.017073273857754843 0.038144106650100193 0.025920138671344704 -0.0063567038775336144 0.033548960001364744 0.5 -0.014016591024576627 37.562148929185341 OK 16 15 0.761131 0.68868300000000005 0.32163900000000001 0.42666399999999999 0.34301900000000002 0 0.33446700000000001 0.34566400000000003 0.32163900000000001 0.016008999999999999 0.016324000000000002 0.014701000000000001 0.27688399999999996 0.28913699999999998 0.26784500000000011 0.0081980000000000004 0.0071490000000000008 0.0069370000000000005 0.0020839999999999999 0.0018819999999999998 0.0018710000000000001 37.562319076549315 37.562319076549315 37.562319076549315 0.0031225434348359847 0.0031225434348359847 0.0031225434348359847 1 1 1 Converged Converged Converged OK OK OK 149 149 149 149 149 149 11 11 11 0 0 0 0 1 0 0 1
144 144 linear 1 0 1441 0 0.001 1.1635642131046984 0.017073273857754843 0.038144106650100193 -0.15384461130707602 -0.083983480348861814 -0.16147343263709607 0.5 0.18100580161388419 5.124503207461367 OK 14 13 0.38982299999999998 0.39822299999999999 0.126614 0.26017000000000001 0.26810499999999998 0 0.12965299999999996 0.13011800000000001 0.126614 0.011804 0.013840999999999999 0.011452 0.088424000000000058 0.086734000000000006 0.085996999999999948 0.004202 0.0044729999999999995 0.0042529999999999998 0.00095799999999999998 0.00091299999999999997 0.00092299999999999999 5.1245041590768174 5.1245041590768174 5.1245041590768174 0.0043808484248772442 0.0043808484248772442 0.0043808484248772442 1 1 1 Converged Converged Converged OK OK OK 83 83 83 83 83 83 5 5 5 0 0 0 0 0 1 0 0
144 144 linear 1 7 1441 1 0.001 1.1635642131046984 0.017073273857754843 0.038144106650100193 -0.15384461130707602 -0.083983480348861814 -0.15682980226230125 0.5 0.17636217123908937 5.1901886800375427 OK 14 13 0.39094800000000002 0.29806700000000003 0.122974 0.26319999999999999 0.152527 0 0.12774800000000003 0.14554000000000003 0.122974 0.010851 0.011035 0.010158 0.092293000000000028 0.11068500000000001 0.089777999999999983 0.0045120000000000004 0.0043289999999999995 0.0041370000000000001 0.0009320000000000001 0.00087600000000000004 0.00085700000000000001 5.1901923616691334 5.1901923616691334 5.1901923616691334 0.0044687122052623806 0.0044687122052623806 0.0044687122052623806 1 1 1 Converged Converged Converged OK OK OK 83 83 83 83 83 83 5 5 5 0 0 0 0 1 0 0 1
144 144 linear 1 15 1441 2 0.001 1.1635642131046984 0.017073273857754843 0.038144106650100193 -0.15384461130707602 -0.083983480348861814 -0.15152279611967862 0.5 0.17105516509646673 5.2722657492330312 OK 14 13 0.38397700000000001 0.29792800000000003 0.118411 0.26093 0.155443 0 0.12304700000000002 0.14248500000000003 0.118411 0.010814000000000001 0.010765 0.010152 0.087856999999999977 0.10827499999999998 0.085521 0.0043759999999999997 0.0042319999999999997 0.0040670000000000003 0.00087000000000000011 0.00087999999999999992 0.00084999999999999995 5.2722705027414634 5.2722705027414634 5.2722705027414634 0.004683190451630917 0.004683190451630917 0.004683190451630917 1 1 1 Converged Converged Converged OK OK OK 83 83 83 83 83 83 5 5 5 0 0 0 0 1 0 0 1
144 144 linear 1 23 1441 3 0.001 1.1635642131046984 0.017073273857754843 0.038144106650100193 -0.15384461130707602 -0.083983480348861814 -0.14621578997705598 0.5 0.16574815895384409 5.3622089227384366 OK 14 13 0.38531199999999999 0.29827399999999998 0.119974 0.26048300000000002 0.151112 0 0.12482899999999997 0.14716199999999999 0.119974 0.011083000000000001 0.010989000000000001 0.010207000000000001 0.089501000000000011 0.11245999999999998 0.087065000000000003 0.0044650000000000002 0.0044020000000000005 0.004071 0.00088999999999999984 0.00088099999999999984 0.00085099999999999998 5.36222087766365 5.36222087766365 5.36222087766365 0.0051268933995993861 0.0051268933995993861 0.0051268933995993861 1 1 1 Converged Converged Converged OK OK OK 83 83 83 83 83 83 5 5 5 0 0 0 0 1 0 0 1
144 144 linear 1 0 1441 0 0.0001 1.1635642131046984 0.017073273857754843 0.038144106650100193 -0.15384461130707602 -0.083983480348861814 -0.16147343263709607 0.5 0.18100580161388419 5.124503207461367 OK 14 13 0.43445600000000001 0.43424600000000002 0.16917099999999999 0.26256499999999999 0.26520899999999997 0 0.17189100000000002 0.16903700000000005 0.16917099999999999 0.011695000000000001 0.011996 0.011362000000000001 0.12001000000000007 0.11715800000000001 0.11739799999999996 0.0060260000000000001 0.0057949999999999998 0.0062190000000000006 0.0012329999999999999 0.0012200000000000002 0.0012629999999999998 5.1245033439444212 5.1245033439444212 5.1245033439444212 0.00020414598156684349 0.00020414598156684349 0.00020414598156684349 1 1 1 Converged Converged Converged OK OK OK 115 115 115 115 115 115 5 5 5 0 0 0 0 0 1 0 0
144 144 linear 1 7 1441 1 0.0001 1.1635642131046984 0.017073273857754843 0.038144106650100193 -0.15384461130707602 -0.083983480348861814 -0.15682980226230125 0.5 0.17636217123908937 5.1901886800375427 OK 14 13 0.43753199999999998 0.34596700000000002 0.163554 0.26167299999999999 0.15118400000000001 0 0.17585899999999999 0.19478300000000001 0.163554 0.010766 0.010770999999999999 0.010279999999999999 0.12505599999999994 0.15161700000000003 0.12160900000000001 0.0059570000000000005 0.0062760000000000003 0.0062380000000000005 0.0012000000000000001 0.0011929999999999996 0.0011789999999999999 5.1901909260453003 5.1901909260453003 5.1901909260453003 0.00014616889948330499 0.00014616889948330499 0.00014616889948330499 1 1 1 Converged Converged Converged OK OK OK 115 115 115 115 115 115 5 5 5 0 0 0 0 1 0 0 1
144 144 linear 1 15 1441 2 0.0001 1.1635642131046984 0.017073273857754843 0.038144106650100193 -0.15384461130707602 -0.083983480348861814 -0.15152279611967862 0.5 0.17105516509646673 5.2722657492330312 OK 14 13 0.43086799999999997 0.34919 0.16102900000000001 0.261739 0.15551200000000001 0 0.16912899999999997 0.19367799999999999 0.16102900000000001 0.010841999999999999 0.010874 0.010191 0.12462900000000003 0.15092100000000006 0.11986199999999995 0.0064199999999999995 0.0060039999999999989 0.0058329999999999996 0.0012460000000000001 0.0011610000000000001 0.0011139999999999998 5.2722671954848117 5.2722671954848117 5.2722671954848117 0.00010784094656498527 0.00010784094656498527 0.00010784094656498527 1 1 1 Converged Converged Converged OK OK OK 115 115 115 115 115 115 5 5 5 0 0 0 0 1 0 0 1
144 144 linear 1 23 1441 3 0.0001 1.1635642131046984 0.017073273857754843 0.038144106650100193 -0.15384461130707602 -0.083983480348861814 -0.14621578997705598 0.5 0.16574815895384409 5.3622089227384366 OK 14 13 0.42881999999999998 0.348001 0.158746 0.26089600000000002 0.15116299999999999 0 0.16792399999999996 0.19683800000000001 0.158746 0.015032 0.011013 0.010200000000000001 0.12036900000000005 0.15297300000000005 0.11742799999999998 0.006509 0.0065300000000000002 0.0061510000000000002 0.001168 0.0011759999999999997 0.0011119999999999999 5.3622102899648816 5.3622102899648816 5.3622102899648816 0.00010155848116944434 0.00010155848116944434 0.00010155848116944434 1 1 1 Converged Converged Converged OK OK OK 115 115 115 115 115 115 5 5 5 0 0 0 0 1 0 0 1
144 144 linear 2 0 1442 0 0.001 1.1635642131046984 0.017073273857754843 0.038144106650100193 -0.022359876975452983 -0.0034428266102419659 -0.029988698305473023 0.5 0.04952106728226114 27.025725227035647 OK 19 18 0.95589299999999999 0.93446799999999997 0.333036 0.61890000000000001 0.60616099999999995 0 0.33699299999999999 0.32830700000000002 0.333036 0.024056999999999999 0.024261000000000001 0.027535 0.25959599999999999 0.25043299999999991 0.25151799999999996 0.0061689999999999991 0.0066019999999999994 0.0068320000000000004 0.001423 0.0014239999999999999 0.001408 27.025688207831738 27.025688207831738 27.025688207831738 0.023818593823132197 0.023818593823132197 0.023818593823132197 1 1 1 Converged Converged Converged OK OK OK 131 131 131 131 131 131 13 13 13 0 0 0 0 0 1 0 0
144 144 linear 2 7 1442 1 0.001 1.1635642131046984 0.017073273857754843 0.038144106650100193 -0.022359876975452983 -0.0034428266102419659 -0.025345067930678214 0.5 0.044877436907466331 32.575551720020883 OK 17 16 0.83852800000000005 3.8667039999999999 0.27269199999999999 0.55588800000000005 3.4774090000000002 0 0.28264 0.38929499999999972 0.27269199999999999 0.015458 0.016570999999999999 0.01489 0.23695500000000011 0.33572899999999989 0.229049 0.0058099999999999992 0.0072310000000000004 0.0052439999999999995 0.0013550000000000001 0.0016609999999999999 0.0012869999999999999 32.575440632683922 32.575440632683922 32.575440632683922 0.023978403519426594 0.023978403519426594 0.023978403519426594 1 1 1 Converged Converged Converged OK OK OK 116 116 116 116 116 116 12 12 12 0 0 0 0 1 0 0 1
144 144 linear 2 15 1442 2 0.001 1.1635642131046984 0.017073273857754843 0.038144106650100193 -0.022359876975452983 -0.0034428266102419659 -0.020038061788055578 0.5 0.039570430764843692 38.243448599548913 OK 17 16 0.731101 0.67130500000000004 0.25794299999999998 0.45793299999999998 0.39246599999999998 0 0.27316800000000002 0.27883900000000006 0.25794299999999998 0.015009 0.016789999999999999 0.014113000000000001 0.228324 0.23050900000000005 0.21572600000000003 0.0056090000000000003 0.0064210000000000005 0.0051770000000000002 0.0013199999999999998 0.0014379999999999998 0.0011749999999999998 38.243519286690095 38.243519286690095 38.243519286690095 0.020362725811416658 0.020362725811416658 0.020362725811416658 1 1 1 Converged Converged Converged OK OK OK 116 116 116 116 116 116 12 12 12 0 0 0 0 1 0 0 1
144 144 linear 2 23 1442 3 0.001 1.1635642131046984 0.017073273857754843 0.038144106650100193 -0.022359876975452983 -0.0034428266102419659 -0.014731055645432943 0.5 0.03426342462222106 42.191117486858644 OK 17 16 0.67483400000000004 0.59848299999999999 0.26424999999999998 0.403777 0.323351 0 0.27105700000000005 0.27513199999999999 0.26424999999999998 0.014621 0.015202 0.013542999999999999 0.22709400000000007 0.22959799999999994 0.22323499999999999 0.0055459999999999997 0.0059930000000000001 0.004895 0.0011970000000000001 0.001245 0.0010789999999999999 42.191300468775822 42.191300468775822 42.191300468775822 0.019964948713712505 0.019964948713712505 0.019964948713712505 1 1 1 Converged Converged Converged OK OK OK 116 116 116 116 116 116 12 12 12 0 0 0 0 1 0 0 1
144 144 linear 2 0 1442 0 0.0001 1.1635642131046984 0.017073273857754843 0.038144106650100193 -0.022359876975452983 -0.0034428266102419659 -0.029988698305473023 0.5 0.04952106728226114 27.025725227035647 OK 19 18 1.0815539999999999 1.0677410000000001 0.460897 0.61035300000000003 0.60354799999999997 0 0.47120099999999987 0.46419300000000008 0.460897 0.024478 0.024459000000000002 0.024060000000000002 0.35548399999999997 0.35024099999999991 0.34746399999999988 0.012290000000000001 0.011362000000000001 0.012114 0.002872 0.0026729999999999996 0.0025300000000000001 27.02569829537503 27.02569829537503 27.02569829537503 0.0023020448624611915 0.0023020448624611915 0.0023020448624611915 1 1 1 Converged Converged Converged OK OK OK 195 195 195 195 195 195 13 13 13 0 0 0 0 0 1 0 0
144 144 linear 2 7 1442 1 0.0001 1.1635642131046984 0.017073273857754843 0.038144106650100193 -0.022359876975452983 -0.0034428266102419659 -0.025345067930678214 0.5 0.044877436907466331 32.575551720020883 OK 17 16 0.93737800000000004 4.0201560000000001 0.373305 0.55206200000000005 3.472874 0 0.38531599999999999 0.54728200000000005 0.373305 0.015996 0.016515999999999999 0.014825 0.32249299999999986 0.4621340000000001 0.31288599999999994 0.0095480000000000009 0.018051000000000001 0.0095639999999999996 0.0022410000000000004 0.0026319999999999994 0.0021199999999999999 32.575442477811286 32.575442477811286 32.575442477811286 0.0026085715722506055 0.0026085715722506055 0.0026085715722506055 1 1 1 Converged Converged Converged OK OK OK 172 172 172 172 172 172 12 12 12 0 0 0 0 1 0 0 1
144 144 linear 2 15 1442 2 0.0001 1.1635642131046984 0.017073273857754843 0.038144106650100193 -0.022359876975452983 -0.0034428266102419659 -0.020038061788055578 0.5 0.039570430764843692 38.243448599548913 OK 17 16 0.83618000000000003 0.75594700000000004 0.35236600000000001 0.471136 0.37889499999999998 0 0.36504400000000004 0.37705200000000005 0.35236600000000001 0.016670000000000001 0.015671999999999998 0.014113000000000001 0.30278500000000014 0.31239599999999995 0.29374900000000015 0.0091849999999999987 0.011414999999999998 0.0090369999999999999 0.0023340000000000001 0.0022780000000000001 0.0022389999999999997 38.243525143772949 38.243525143772949 38.243525143772949 0.0026680135836250748 0.0026680135836250748 0.0026680135836250748 1 1 1 Converged Converged Converged OK OK OK 172 172 172 172 172 172 12 12 12 0 0 0 0 1 0 0 1
144 144 linear 2 23 1442 3 0.0001 1.1635642131046984 0.017073273857754843 0.038144106650100193 -0.022359876975452983 -0.0034428266102419659 -0.014731055645432943 0.5 0.03426342462222106 42.191117486858644 OK 17 16 0.78398800000000002 0.70886300000000002 0.36238300000000001 0.40850700000000001 0.32172000000000001 0 0.37548100000000001 0.38714300000000001 0.36238300000000001 0.015013 0.015893000000000001 0.013756000000000001 0.31467100000000009 0.32461099999999993 0.30512600000000012 0.0091479999999999999 0.0099249999999999998 0.0085570000000000004 0.002065 0.0022030000000000001 0.0019559999999999998 42.191305692248541 42.191305692248541 42.191305692248541 0.0027450265298517825 0.0027450265298517825 0.0027450265298517825 1 1 1 Converged Converged Converged OK OK OK 172 172 172 172 172 172 12 12 12 0 0 0 0 1 0 0 1
144 144 linear 3 0 1443 0 0.001 1.1635642131046984 0.017073273857754843 0.038144106650100193 -0.36355345388099336 0.14219872300324835 -0.37118227521101338 0.5 0.3907146441878015 2.477603816381913 OK 13 12 0.36169699999999999 0.371008 0.10795 0.250467 0.25555099999999997 0 0.11123 0.11545700000000003 0.10795 0.0091039999999999992 0.0093849999999999992 0.0086420000000000004 0.077240000000000017 0.080037000000000025 0.074779999999999958 0.0037479999999999996 0.0042550000000000001 0.0037149999999999996 0.0008830000000000001 0.00094899999999999997 0.00085800000000000004 2.4776023862047691 2.4776023862047691 2.4776023862047691 0.00018376251418959115 0.00018376251418959115 0.00018376251418959115 1 1 1 Converged Converged Converged OK OK OK 76 76 76 76 76 76 4 4 4 0 0 0 0 0 1 0 0
144 144 linear 3 7 1443 1 0.001 1.1635642131046984 0.017073273857754843 0.038144106650100193 -0.36355345388099336 0.14219872300324835 -0.36653864483621862 0.5 0.38607101381300674 2.5110829535634154 OK 13 12 0.35659600000000002 0.26661400000000002 0.103355 0.25319399999999997 0.14080300000000001 0 0.10340200000000005 0.12581100000000001 0.103355 0.0083490000000000005 0.0085159999999999993 0.0078009999999999998 0.074337000000000014 0.095254999999999992 0.075112999999999958 0.0038160000000000004 0.0045159999999999992 0.0038479999999999999 0.00087100000000000003 0.0010249999999999999 0.000825 2.5110814401730712 2.5110814401730712 2.5110814401730712 0.00019951970866046619 0.00019951970866046619 0.00019951970866046619 1 1 1 Converged Converged Converged OK OK OK 76 76 76 76 76 76 4 4 4 0 0 0 0 1 0 0 1
144 144 linear 3 15 1443 2 0.001 1.1635642131046984 0.017073273857754843 0.038144106650100193 -0.36355345388099336 0.14219872300324835 -0.36123163869359598 0.5 0.3807640076703841 2.5527127334637623 OK 13 12 0.356549 0.25971100000000003 0.095342999999999997 0.2576 0.14038700000000001 0 0.098949000000000009 0.11932400000000001 0.095342999999999997 0.0083059999999999991 0.0083639999999999999 0.0078139999999999998 0.07173000000000003 0.091434999999999975 0.069353000000000012 0.0032590000000000002 0.0036450000000000002 0.0032159999999999997 0.00074200000000000004 0.00080899999999999993 0.00070299999999999996 2.5527111601056975 2.5527111601056975 2.5527111601056975 0.0023086263582835055 0.0023086263582835055 0.0023086263582835055 1 1 1 Converged Converged Converged OK OK OK 68 68 68 68 68 68 4 4 4 0 0 0 0 1 0 0 1
144 144 linear 3 23 1443 3 0.001 1.1635642131046984 0.017073273857754843 0.038144106650100193 -0.36355345388099336 0.14219872300324835 -0.35592463255097334 0.5 0.37545700152776146 2.5992624979818637 OK 13 12 0.35809000000000002 0.254583 0.098210000000000006 0.25407999999999997 0.139904 0 0.10401000000000005 0.114679 0.098210000000000006 0.0085280000000000009 0.0084270000000000005 0.0077879999999999998 0.075353000000000003 0.08747000000000002 0.072352999999999987 0.0040149999999999995 0.0034419999999999997 0.003222 0.00085100000000000009 0.00072199999999999999 0.00067400000000000012 2.5992608566013944 2.5992608566013944 2.5992608566013944 0.0016596936394446123 0.0016596936394446123 0.0016596936394446123 1 1 1 Converged Converged Converged OK OK OK 68 68 68 68 68 68 4 4 4 0 0 0 0 1 0 0 1
144 144 linear 3 0 1443 0 0.0001 1.1635642131046984 0.017073273857754843 0.038144106650100193 -0.36355345388099336 0.14219872300324835 -0.37118227521101338 0.5 0.3907146441878015 2.477603816381913 OK 13 12 0.36118499999999998 0.36319899999999999 0.108748 0.251114 0.25393500000000002 0 0.11007099999999997 0.10926399999999997 0.108748 0.0088170000000000002 0.0090329999999999994 0.0087779999999999993 0.07688600000000001 0.075414999999999982 0.074819000000000024 0.003679 0.0037809999999999996 0.0038539999999999998 0.00086700000000000004 0.00085300000000000003 0.00088499999999999994 2.4776023862047691 2.4776023862047691 2.4776023862047691 0.00018376251418959115 0.00018376251418959115 0.00018376251418959115 1 1 1 Converged Converged Converged OK OK OK 76 76 76 76 76 76 4 4 4 0 0 0 0 0 1 0 0
144 144 linear 3 7 1443 1 0.0001 1.1635642131046984 0.017073273857754843 0.038144106650100193 -0.36355345388099336 0.14219872300324835 -0.36653864483621862 0.5 0.38607101381300674 2.5110829535634154 OK 13 12 0.36159000000000002 0.26207599999999998 0.099451999999999999 0.25825100000000001 0.139904 0 0.10333900000000001 0.12217199999999998 0.099451999999999999 0.0084189999999999994 0.0083230000000000005 0.0077340000000000004 0.074567000000000036 0.093847999999999987 0.071671999999999958 0.003712 0.0035919999999999997 0.0037980000000000002 0.00084100000000000006 0.00083299999999999997 0.00079599999999999994 2.5110814401730712 2.5110814401730712 2.5110814401730712 0.00019951970866046619 0.00019951970866046619 0.00019951970866046619 1 1 1 Converged Converged Converged OK OK OK 76 76 76 76 76 76 4 4 4 0 0 0 0 1 0 0 1
144 144 linear 3 15 1443 2 0.0001 1.1635642131046984 0.017073273857754843 0.038144106650100193 -0.36355345388099336 0.14219872300324835 -0.36123163869359598 0.5 0.3807640076703841 2.5527127334637623 OK 13 12 0.35819400000000001 0.26841399999999999 0.103201 0.25107000000000002 0.13805100000000001 0 0.107124 0.13036299999999998 0.103201 0.0084360000000000008 0.0083960000000000007 0.0078250000000000004 0.078428000000000025 0.10120199999999997 0.075764999999999999 0.0035890000000000002 0.0039990000000000008 0.003607 0.00086299999999999994 0.00084699999999999999 0.000834 2.5527111476254603 2.5527111476254603 2.5527111476254603 0.00022146191855564455 0.00022146191855564455 0.00022146191855564455 1 1 1 Converged Converged Converged OK OK OK 76 76 76 76 76 76 4 4 4 0 0 0 0 1 0 0 1
144 144 linear 3 23 1443 3 0.0001 1.1635642131046984 0.017073273857754843 0.038144106650100193 -0.36355345388099336 0.14219872300324835 -0.35592463255097334 0.5 0.37545700152776146 2.5992624979818637 OK 13 12 0.36288799999999999 0.271144 0.106271 0.25207299999999999 0.139458 0 0.110815 0.131686 0.106271 0.0082410000000000001 0.0083809999999999996 0.0077879999999999998 0.082032999999999995 0.10271999999999996 0.078915999999999931 0.0036599999999999996 0.0038269999999999997 0.0034750000000000002 0.00083299999999999997 0.00084900000000000015 0.00079199999999999995 2.5992608526011507 2.5992608526011507 2.5992608526011507 0.00025082748698093639 0.00025082748698093639 0.00025082748698093639 1 1 1 Converged Converged Converged OK OK OK 76 76 76 76 76 76 4 4 4 0 0 0 0 1 0 0 1
144 144 linear 4 0 1444 0 0.001 1.1635642131046984 0.017073273857754843 0.038144106650100193 -0.37045524227899818 -0.14202188310698244 -0.37808406360901819 0.5 0.39761643258580631 2.4317335424030606 OK 13 12 0.36245300000000003 0.36218499999999998 0.10795399999999999 0.25263200000000002 0.25280799999999998 0 0.109821 0.109377 0.10795399999999999 0.0089669999999999993 0.0091000000000000004 0.0086680000000000004 0.076146000000000005 0.075035000000000018 0.07427099999999999 0.0037779999999999997 0.0038540000000000002 0.0038209999999999997 0.00094299999999999994 0.00092900000000000003 0.00096500000000000004 2.4317322277953783 2.4317322277953783 2.4317322277953783 0.00016426792834021151 0.00016426792834021151 0.00016426792834021151 1 1 1 Converged Converged Converged OK OK OK 76 76 76 76 76 76 4 4 4 0 0 0 0 0 1 0 0
144 144 linear 4 7 1444 1 0.001 1.1635642131046984 0.017073273857754843 0.038144106650100193 -0.37045524227899818 -0.14202188310698244 -0.37344043323422343 0.5 0.39297280221101155 2.4621213521533423 OK 13 12 0.35510599999999998 0.26970899999999998 0.105834 0.24564900000000001 0.14046700000000001 0 0.10945699999999997 0.12924199999999997 0.105834 0.0083269999999999993 0.0084030000000000007 0.0077970000000000001 0.080115999999999993 0.10035999999999995 0.078185999999999978 0.00396 0.003813 0.00364 0.00087399999999999999 0.00082700000000000004 0.00085899999999999995 2.4621199640894749 2.4621199640894749 2.4621199640894749 0.00017680429203955784 0.00017680429203955784 0.00017680429203955784 1 1 1 Converged Converged Converged OK OK OK 76 76 76 76 76 76 4 4 4 0 0 0 0 1 0 0 1
144 144 linear 4 15 1444 2 0.001 1.1635642131046984 0.017073273857754843 0.038144106650100193 -0.37045524227899818 -0.14202188310698244 -0.3681334270916008 0.5 0.38766579606838891 2.4992893684721298 OK 13 12 0.36536099999999999 0.27518500000000001 0.107017 0.25325799999999998 0.144954 0 0.11210300000000001 0.13023100000000001 0.107017 0.0083979999999999992 0.0083549999999999996 0.0078799999999999999 0.082365000000000008 0.10165700000000003 0.079436999999999994 0.0040860000000000002 0.0036269999999999996 0.0035379999999999999 0.0008650000000000001 0.0008470000000000001 0.00081900000000000007 2.4992879150811778 2.4992879150811778 2.4992879150811778 0.00019361319179113362 0.00019361319179113362 0.00019361319179113362 1 1 1 Converged Converged Converged OK OK OK 76 76 76 76 76 76 4 4 4 0 0 0 0 1 0 0 1
144 144 linear 4 23 1444 3 0.001 1.1635642131046984 0.017073273857754843 0.038144106650100193 -0.37045524227899818 -0.14202188310698244 -0.36282642094897816 0.5 0.38235878992576627 2.5397255281298818 OK 13 12 0.36735899999999999 0.27182299999999998 0.10542899999999999 0.25522600000000001 0.140351 0 0.11213299999999998 0.13147199999999998 0.10542899999999999 0.0087180000000000001 0.0083759999999999998 0.0077419999999999998 0.081336999999999979 0.10281699999999999 0.07800399999999999 0.0040590000000000001 0.0036459999999999999 0.0035509999999999995 0.000977 0.00085700000000000001 0.00083900000000000012 2.5397240001056569 2.5397240001056569 2.5397240001056569 0.00021373109822820616 0.00021373109822820616 0.00021373109822820616 1 1 1 Converged Converged Converged OK OK OK 76 76 76 76 76 76 4 4 4 0 0 0 0 1 0 0 1
144 144 linear 4 0 1444 0 0.0001 1.1635642131046984 0.017073273857754843 0.038144106650100193 -0.37045524227899818 -0.14202188310698244 -0.37808406360901819 0.5 0.39761643258580631 2.4317335424030606 OK 13 12 0.35730800000000001 0.37074299999999999 0.10755199999999999 0.24770200000000001 0.257023 0 0.10960600000000001 0.11371999999999999 0.10755199999999999 0.0089490000000000004 0.0095340000000000008 0.0085690000000000002 0.076138000000000025 0.077407999999999963 0.074201999999999962 0.0036219999999999998 0.0047060000000000001 0.0037500000000000003 0.00094200000000000013 0.00096999999999999994 0.0009059999999999999 2.4317322277953783 2.4317322277953783 2.4317322277953783 0.00016426792834021151 0.00016426792834021151 0.00016426792834021151 1 1 1 Converged Converged Converged OK OK OK 76 76 76 76 76 76 4 4 4 0 0 0 0 0 1 0 0
144 144 linear 4 7 1444 1 0.0001 1.1635642131046984 0.017073273857754843 0.038144106650100193 -0.37045524227899818 -0.14202188310698244 -0.37344043323422343 0.5 0.39297280221101155 2.4621213521533423 OK 13 12 0.35605799999999999 0.27795900000000001 0.105919 0.246894 0.14793999999999999 0 0.10916399999999998 0.13001900000000002 0.105919 0.0084180000000000001 0.0083459999999999993 0.0077320000000000002 0.080255000000000035 0.10004399999999999 0.07832299999999999 0.0036519999999999999 0.0043610000000000003 0.003777 0.00089700000000000001 0.00093700000000000001 0.00086699999999999993 2.4621199640894749 2.4621199640894749 2.4621199640894749 0.00017680429203955784 0.00017680429203955784 0.00017680429203955784 1 1 1 Converged Converged Converged OK OK OK 76 76 76 76 76 76 4 4 4 0 0 0 0 1 0 0 1
144 144 linear 4 15 1444 2 0.0001 1.1635642131046984 0.017073273857754843 0.038144106650100193 -0.37045524227899818 -0.14202188310698244 -0.3681334270916008 0.5 0.38766579606838891 2.4992893684721298 OK 13 12 0.375581 0.27071800000000001 0.107181 0.26066699999999998 0.140044 0 0.11491400000000002 0.13067400000000001 0.107181 0.0086650000000000008 0.0083160000000000005 0.0077819999999999999 0.085273999999999989 0.10173599999999997 0.080076999999999995 0.0036779999999999998 0.0038119999999999994 0.0034989999999999995 0.00084900000000000004 0.00084400000000000013 0.0008070000000000001 2.4992879150811778 2.4992879150811778 2.4992879150811778 0.00019361319179113362 0.00019361319179113362 0.00019361319179113362 1 1 1 Converged Converged Converged OK OK OK 76 76 76 76 76 76 4 4 4 0 0 0 0 1 0 0 1
144 144 linear 4 23 1444 3 0.0001 1.1635642131046984 0.017073273857754843 0.038144106650100193 -0.37045524227899818 -0.14202188310698244 -0.36282642094897816 0.5 0.38235878992576627 2.5397255281298818 OK 13 12 0.36830400000000002 0.27022499999999999 0.10551099999999999 0.25672 0.13858200000000001 0 0.11158400000000002 0.13164299999999998 0.10551099999999999 0.0085570000000000004 0.0083800000000000003 0.0077689999999999999 0.082220999999999989 0.10289499999999999 0.077997999999999998 0.0037239999999999999 0.0037680000000000001 0.0035799999999999994 0.00085800000000000004 0.00086200000000000003 0.00083199999999999995 2.5397240001056569 2.5397240001056569 2.5397240001056569 0.00021373109822820616 0.00021373109822820616 0.00021373109822820616 1 1 1 Converged Converged Converged OK OK OK 76 76 76 76 76 76 4 4 4 0 0 0 0 1 0 0 1
144 144 uniform 0 0 1445 0 0.001 1.1635642131046984 0.017073273857754843 0.038144106650100193 0.025920138671344704 -0.0063567038775336144 0.018291317341324664 0 0.0012410516354634527 44.211607474888829 OK 15 14 0.61916300000000002 0.62033700000000003 0.201548 0.416325 0.41222900000000001 0 0.20283800000000002 0.20810800000000002 0.201548 0.015917000000000001 0.015875 0.015692000000000001 0.14639500000000003 0.14976600000000007 0.145758 0.0047929999999999995 0.0056950000000000021 0.0048220000000000008 0.001235 0.0014759999999999999 0.0013160000000000001 44.21160623723695 44.21160623723695 44.21160623723695 0.019579241807776183 0.019579241807776183 0.019579241807776183 1 1 1 Converged Converged Converged OK OK OK 110 110 110 110 110 110 10 10 10 0 0 0 0 0 1 0 0
144 144 uniform 0 7 1445 1 0.001 1.1635642131046984 0.017073273857754843 0.038144106650100193 0.025920138671344704 -0.0063567038775336144 0.022934947716119473 0 -0.0034025787393313564 42.787529021704906 OK 15 14 0.67569000000000001 0.59503700000000004 0.183529 0.48558200000000001 0.393652 0 0.190108 0.20138500000000004 0.183529 0.014329 0.014754 0.013643000000000001 0.14609300000000003 0.15801499999999996 0.14214399999999996 0.0050220000000000004 0.0051129999999999995 0.0045989999999999998 0.0012460000000000001 0.0011639999999999999 0.0011689999999999999 42.787529015371518 42.787529015371518 42.787529015371518 0.019415947792094865 0.019415947792094865 0.019415947792094865 1 1 1 Converged Converged Converged OK OK OK 110 110 110 110 110 110 10 10 10 0 0 0 0 1 0 0 1
144 144 uniform 0 15 1445 2 0.001 1.1635642131046984 0.017073273857754843 0.038144106650100193 0.025920138671344704 -0.0063567038775336144 0.028241953858742109 0 -0.0087095848819539919 40.549734220410677 OK 15 14 0.56643100000000002 0.475354 0.18007000000000001 0.38225799999999999 0.28277400000000003 0 0.18417300000000003 0.19257999999999997 0.18007000000000001 0.015014 0.014572 0.013757999999999999 0.14142100000000007 0.15194799999999997 0.14083899999999996 0.0053569999999999989 0.0043329999999999992 0.0042169999999999994 0.001093 0.0010460000000000001 0.0010460000000000001 40.549714586957379 40.549714586957379 40.549714586957379 0.039401755908010386 0.039401755908010386 0.039401755908010386 1 1 1 Converged Converged Converged OK OK OK 102 102 102 102 102 102 10 10 10 0 0 0 0 1 0 0 1
144 144 uniform 0 23 1445 3 0.001 1.1635642131046984 0.017073273857754843 0.038144106650100193 0.025920138671344704 -0.0063567038775336144 0.033548960001364744 0 -0.014016591024576627 37.534792258124867 OK 16 15 0.64379699999999995 0.54587600000000003 0.19908300000000001 0.44071199999999999 0.33337699999999998 0 0.20308499999999996 0.21249900000000005 0.19908300000000001 0.015558000000000001 0.016012999999999999 0.014449999999999999 0.1564039999999999 0.16507499999999983 0.15460600000000002 0.0048209999999999998 0.0049989999999999991 0.0046469999999999992 0.0013219999999999998 0.0015200000000000001 0.001248 37.534781465084137 37.534781465084137 37.534781465084137 0.020246163196693832 0.020246163196693832 0.020246163196693832 1 1 1 Converged Converged Converged OK OK OK 117 117 117 117 117 117 11 11 11 0 0 0 0 1 0 0 1
144 144 uniform 0 0 1445 0 0.0001 1.1635642131046984 0.017073273857754843 0.038144106650100193 0.025920138671344704 -0.0063567038775336144 0.018291317341324664 0 0.0012410516354634527 44.211607474888829 OK 15 14 0.65121700000000005 0.65855799999999998 0.24415700000000001 0.41964299999999999 0.42346299999999998 0 0.23157400000000006 0.235095 0.24415700000000001 0.015668000000000001 0.016764000000000001 0.017564 0.16668500000000006 0.16727800000000004 0.17485200000000006 0.0060089999999999996 0.0067419999999999997 0.0075770000000000004 0.0015140000000000002 0.0016360000000000001 0.0016140000000000002 44.211637859829352 44.211637859829352 44.211637859829352 0.0016095377047649149 0.0016095377047649149 0.0016095377047649149 1 1 1 Converged Converged Converged OK OK OK 134 134 134 134 134 134 10 10 10 0 0 0 0 0 1 0 0
144 144 uniform 0 7 1445 1 0.0001 1.1635642131046984 0.017073273857754843 0.038144106650100193 0.025920138671344704 -0.0063567038775336144 0.022934947716119473 0 -0.0034025787393313564 42.787529021704906 OK 15 14 0.70831 0.63325600000000004 0.21207400000000001 0.49602499999999999 0.39036900000000002 0 0.212285 0.24288700000000002 0.21207400000000001 0.014572999999999999 0.016275000000000001 0.013956 0.16435800000000009 0.19176199999999988 0.16409299999999999 0.0058669999999999998 0.0064560000000000008 0.006111000000000001 0.001436 0.0014770000000000002 0.0015139999999999997 42.787557876544071 42.787557876544071 42.787557876544071 0.0015918354514279924 0.0015918354514279924 0.0015918354514279924 1 1 1 Converged Converged Converged OK OK OK 134 134 134 134 134 134 10 10 10 0 0 0 0 1 0 0 1
144 144 uniform 0 15 1445 2 0.0001 1.1635642131046984 0.017073273857754843 0.038144106650100193 0.025920138671344704 -0.0063567038775336144 0.028241953858742109 0 -0.0087095848819539919 40.549734220410677 OK 15 14 0.63146599999999997 0.52808500000000003 0.21265000000000001 0.40655400000000003 0.28228900000000001 0 0.22491199999999995 0.24579600000000001 0.21265000000000001 0.015989 0.016580000000000001 0.013655 0.17415300000000003 0.19400400000000009 0.16602199999999998 0.0062119999999999996 0.0065599999999999999 0.0058920000000000005 0.0015299999999999999 0.001593 0.0014480000000000001 40.5497640647785 40.5497640647785 40.5497640647785 0.0015786821215847239 0.0015786821215847239 0.0015786821215847239 1 1 1 Converged Converged Converged OK OK OK 134 134 134 134 134 134 10 10 10 0 0 0 0 1 0 0 1
144 144 uniform 0 23 1445 3 0.0001 1.1635642131046984 0.017073273857754843 0.038144106650100193 0.025920138671344704 -0.0063567038775336144 0.033548960001364744 0 -0.014016591024576627 37.534792258124867 OK 16 15 0.66120999999999996 0.58360500000000004 0.22683400000000001 0.43985299999999999 0.33989000000000003 0 0.22135699999999997 0.24371500000000001 0.22683400000000001 0.015651000000000002 0.016077000000000001 0.014737 0.1706409999999999 0.19143799999999991 0.176568 0.0064100000000000008 0.0069829999999999996 0.005868 0.0016720000000000001 0.0017150000000000002 0.0017279999999999999 37.534819013678494 37.534819013678494 37.534819013678494 0.0022815726079216856 0.0022815726079216856 0.0022815726079216856 1 1 1 Converged Converged Converged OK OK OK 133 133 133 133 133 133 11 11 11 0 0 0 0 1 0 0 1
144 144 uniform 1 0 1446 0 0.001 1.1635642131046984 0.017073273857754843 0.038144106650100193 -0.15384461130707602 -0.083983480348861814 -0.16147343263709607 0 0.18100580161388419 5.1848114589717635 OK 14 13 0.35527799999999998 0.35224100000000003 0.094991000000000006 0.26114199999999999 0.25954899999999997 0 0.094135999999999997 0.092692000000000052 0.094991000000000006 0.011998 0.011871 0.012622 0.059384000000000006 0.058691 0.059980999999999972 0.003009 0.002885 0.002967 0.000767 0.000727 0.00073799999999999994 5.1848113273081955 5.1848113273081955 5.1848113273081955 0.0036796244698616906 0.0036796244698616906 0.0036796244698616906 1 1 1 Converged Converged Converged OK OK OK 67 67 67 67 67 67 5 5 5 0 0 0 0 0 1 0 0
144 144 uniform 1 7 1446 1 0.001 1.1635642131046984 0.017073273857754843 0.038144106650100193 -0.15384461130707602 -0.083983480348861814 -0.15682980226230125 0 0.17636217123908937 5.2517252836947348 OK 14 13 0.35512700000000003 0.25839000000000001 0.096049999999999996 0.25987399999999999 0.15231 0 0.095253000000000032 0.10608000000000001 0.096049999999999996 0.010828000000000001 0.010831 0.010120000000000001 0.065900999999999973 0.076759999999999967 0.068144999999999983 0.003039 0.0030179999999999998 0.0029459999999999998 0.000794 0.00075600000000000005 0.00072800000000000002 5.2517263836365862 5.2517263836365862 5.2517263836365862 0.0040011577895870771 0.0040011577895870771 0.0040011577895870771 1 1 1 Converged Converged Converged OK OK OK 67 67 67 67 67 67 5 5 5 0 0 0 0 1 0 0 1
144 144 uniform 1 15 1446 2 0.001 1.1635642131046984 0.017073273857754843 0.038144106650100193 -0.15384461130707602 -0.083983480348861814 -0.15152279611967862 0 0.17105516509646673 5.3344794916108871 OK 14 13 0.34648699999999999 0.25854300000000002 0.085709999999999995 0.25990099999999999 0.15278700000000001 0 0.086585999999999996 0.10575600000000002 0.085709999999999995 0.010687 0.010899000000000001 0.010160000000000001 0.058178999999999988 0.076926999999999995 0.058024999999999993 0.002787 0.0028630000000000001 0.0028379999999999998 0.00074899999999999999 0.00072799999999999991 0.00073300000000000004 5.3344836138590654 5.3344836138590654 5.3344836138590654 0.0045112502002428896 0.0045112502002428896 0.0045112502002428896 1 1 1 Converged Converged Converged OK OK OK 67 67 67 67 67 67 5 5 5 0 0 0 0 1 0 0 1
144 144 uniform 1 23 1446 3 0.001 1.1635642131046984 0.017073273857754843 0.038144106650100193 -0.15384461130707602 -0.083983480348861814 -0.14621578997705598 0 0.16574815895384409 5.4243314468597621 OK 14 13 0.34749799999999997 0.26331300000000002 0.090441999999999995 0.25827099999999997 0.15589800000000001 0 0.089227000000000001 0.10741500000000001 0.090441999999999995 0.010826000000000001 0.010958000000000001 0.011564 0.060180999999999971 0.078472999999999959 0.061155999999999988 0.0029959999999999995 0.0030109999999999998 0.0028730000000000001 0.00072600000000000008 0.00073200000000000001 0.00075000000000000012 5.4243477294344942 5.4243477294344942 5.4243477294344942 0.0053581523100018139 0.0053581523100018139 0.0053581523100018139 1 1 1 Converged Converged Converged OK OK OK 67 67 67 67 67 67 5 5 5 0 0 0 0 1 0 0 1
144 144 uniform 1 0 1446 0 0.0001 1.1635642131046984 0.017073273857754843 0.038144106650100193 -0.15384461130707602 -0.083983480348861814 -0.16147343263709607 0 0.18100580161388419 5.1848114589717635 OK 14 13 0.43026399999999998 0.41133599999999998 0.14854400000000001 0.27746599999999999 0.26455099999999998 0 0.15279799999999999 0.146785 0.14854400000000001 0.012007 0.011799 0.011656 0.10026600000000002 0.094870000000000024 0.096685000000000035 0.0057899999999999991 0.0059729999999999991 0.0057059999999999993 0.0012330000000000002 0.0012560000000000002 0.0012359999999999999 5.1848106069594451 5.1848106069594451 5.1848106069594451 8.9135877145518619e-05 8.9135877145518619e-05 8.9135877145518619e-05 1 1 1 Converged Converged Converged OK OK OK 115 115 115 115 115 115 5 5 5 0 0 0 0 0 1 0 0
144 144 uniform 1 7 1446 1 0.0001 1.1635642131046984 0.017073273857754843 0.038144106650100193 -0.15384461130707602 -0.083983480348861814 -0.15682980226230125 0 0.17636217123908937 5.2517252836947348 OK 14 13 0.41353299999999998 0.33611000000000002 0.143563 0.26889999999999997 0.15697 0 0.14463300000000001 0.17914000000000002 0.143563 0.010779 0.011141 0.010567999999999999 0.10276700000000001 0.13541000000000006 0.10139599999999997 0.0054799999999999996 0.0060049999999999999 0.0055669999999999999 0.001147 0.0012639999999999999 0.001222 5.2517246397601438 5.2517246397601438 5.2517246397601438 5.9347953066418083e-05 5.9347953066418083e-05 5.9347953066418083e-05 1 1 1 Converged Converged Converged OK OK OK 115 115 115 115 115 115 5 5 5 0 0 0 0 1 0 0 1
144 144 uniform 1 15 1446 2 0.0001 1.1635642131046984 0.017073273857754843 0.038144106650100193 -0.15384461130707602 -0.083983480348861814 -0.15152279611967862 0 0.17105516509646673 5.3344794916108871 OK 14 13 0.38846900000000001 0.30548999999999998 0.117725 0.26733000000000001 0.157444 0 0.121139 0.14804599999999998 0.117725 0.011245 0.012234 0.010491 0.081970999999999933 0.10887999999999996 0.08152299999999997 0.0050029999999999996 0.0046820000000000004 0.0045180000000000003 0.0011529999999999999 0.0010819999999999998 0.001057 5.3344787177217174 5.3344787177217174 5.3344787177217174 0.0005256157329009345 0.0005256157329009345 0.0005256157329009345 1 1 1 Converged Converged Converged OK OK OK 99 99 99 99 99 99 5 5 5 0 0 0 0 1 0 0 1
144 144 uniform 1 23 1446 3 0.0001 1.1635642131046984 0.017073273857754843 0.038144106650100193 -0.15384461130707602 -0.083983480348861814 -0.14621578997705598 0 0.16574815895384409 5.4243314468597621 OK 14 13 0.40221299999999999 0.33562199999999998 0.13526199999999999 0.26581399999999999 0.159446 0 0.13639899999999999 0.17617599999999997 0.13526199999999999 0.010828000000000001 0.011221 0.010255 0.094743999999999981 0.13265199999999999 0.094452999999999926 0.0053539999999999994 0.0058720000000000005 0.0053220000000000003 0.00115 0.0011959999999999998 0.001186 5.4243306360764869 5.4243306360764869 5.4243306360764869 5.4181216479656895e-05 5.4181216479656895e-05 5.4181216479656895e-05 1 1 1 Converged Converged Converged OK OK OK 115 115 115 115 115 115 5 5 5 0 0 0 0 1 0 0 1
144 144 uniform 2 0 1447 0 0.001 1.1635642131046984 0.017073273857754843 0.038144106650100193 -0.022359876975452983 -0.0034428266102419659 -0.029988698305473023 0 0.04952106728226114 27.444654802054487 OK 19 18 0.87803500000000001 0.93437999999999999 0.26688200000000001 0.60780100000000004 0.65160499999999999 0 0.27023399999999997 0.282775 0.26688200000000001 0.024542999999999999 0.026994000000000001 0.024029999999999999 0.19148099999999996 0.19862299999999983 0.18957800000000005 0.0063379999999999999 0.0061609999999999998 0.0061179999999999993 0.0014289999999999999 0.0014569999999999997 0.0013829999999999999 27.444687229174079 27.444687229174079 27.444687229174079 0.026716299026606237 0.026716299026606237 0.026716299026606237 1 1 1 Converged Converged Converged OK OK OK 131 131 131 131 131 131 13 13 13 0 0 0 0 0 1 0 0
144 144 uniform 2 7 1447 1 0.001 1.1635642131046984 0.017073273857754843 0.038144106650100193 -0.022359876975452983 -0.0034428266102419659 -0.025345067930678214 0 0.044877436907466331 33.607920287572298 OK 17 16 0.791852 3.8694259999999998 0.208284 0.57320700000000002 3.5539800000000001 0 0.21864499999999998 0.31544599999999967 0.208284 0.016098999999999999 0.016598000000000002 0.014799 0.17246600000000001 0.25866499999999992 0.16554100000000008 0.0049900000000000005 0.006522 0.0047079999999999995 0.0012080000000000001 0.0017099999999999997 0.0011459999999999999 33.607968170191285 33.607968170191285 33.607968170191285 0.025832882824216179 0.025832882824216179 0.025832882824216179 1 1 1 Converged Converged Converged OK OK OK 116 116 116 116 116 116 12 12 12 0 0 0 0 1 0 0 1
144 144 uniform 2 15 1447 2 0.001 1.1635642131046984 0.017073273857754843 0.038144106650100193 -0.022359876975452983 -0.0034428266102419659 -0.020038061788055578 0 0.039570430764843692 38.762332011413825 OK 17 16 0.71210700000000005 0.61296099999999998 0.19148000000000001 0.50980099999999995 0.38975199999999999 0 0.2023060000000001 0.22320899999999999 0.19148000000000001 0.016216999999999999 0.016785000000000001 0.013778 0.15602599999999997 0.17245399999999989 0.15033299999999997 0.005365 0.0063680000000000013 0.0044789999999999995 0.001219 0.001508 0.0011209999999999998 38.762368185528658 38.762368185528658 38.762368185528658 0.020005429228329263 0.020005429228329263 0.020005429228329263 1 1 1 Converged Converged Converged OK OK OK 116 116 116 116 116 116 12 12 12 0 0 0 0 1 0 0 1
144 144 uniform 2 23 1447 3 0.001 1.1635642131046984 0.017073273857754843 0.038144106650100193 -0.022359876975452983 -0.0034428266102419659 -0.014731055645432943 0 0.03426342462222106 41.828930428143245 OK 17 16 0.66639999999999999 0.553041 0.194714 0.447214 0.33404499999999998 0 0.21918599999999999 0.21899600000000002 0.194714 0.016122000000000001 0.016697 0.013694 0.17219599999999988 0.17081800000000003 0.15400400000000014 0.0050929999999999994 0.0068580000000000004 0.0044719999999999994 0.001145 0.0012179999999999999 0.001041 41.828969440266278 41.828969440266278 41.828969440266278 0.019349474675497247 0.019349474675497247 0.019349474675497247 1 1 1 Converged Converged Converged OK OK OK 116 116 116 116 116 116 12 12 12 0 0 0 0 1 0 0 1
144 144 uniform 2 0 1447 0 0.0001 1.1635642131046984 0.017073273857754843 0.038144106650100193 -0.022359876975452983 -0.0034428266102419659 -0.029988698305473023 0 0.04952106728226114 27.444654802054487 OK 19 18 0.97746699999999997 0.96681600000000001 0.36076599999999998 0.60911800000000005 0.60273399999999999 0 0.36834899999999993 0.36408200000000002 0.36076599999999998 0.024551 0.027481999999999999 0.024354000000000001 0.25539499999999998 0.25002200000000002 0.25041599999999997 0.011639999999999999 0.010532 0.010740999999999999 0.0026679999999999998 0.0025279999999999999 0.0025560000000000001 27.444691383280951 27.444691383280951 27.444691383280951 0.0019876394238638353 0.0019876394238638353 0.0019876394238638353 1 1 1 Converged Converged Converged OK OK OK 195 195 195 195 195 195 13 13 13 0 0 0 0 0 1 0 0
144 144 uniform 2 7 1447 1 0.0001 1.1635642131046984 0.017073273857754843 0.038144106650100193 -0.022359876975452983 -0.0034428266102419659 -0.025345067930678214 0 0.044877436907466331 33.607920287572298 OK 17 16 0.832318 3.9284159999999999 0.25927499999999998 0.55976000000000004 3.5422690000000001 0 0.27255799999999997 0.3861469999999998 0.25927499999999998 0.016962000000000001 0.016624 0.015013 0.21294099999999988 0.31981999999999999 0.204872 0.0081439999999999985 0.0098439999999999986 0.0075460000000000006 0.0020569999999999998 0.0025379999999999995 0.0019220000000000001 33.607962714553757 33.607962714553757 33.607962714553757 0.0028156633646603145 0.0028156633646603145 0.0028156633646603145 1 1 1 Converged Converged Converged OK OK OK 156 156 156 156 156 156 12 12 12 0 0 0 0 1 0 0 1
144 144 uniform 2 15 1447 2 0.0001 1.1635642131046984 0.017073273857754843 0.038144106650100193 -0.022359876975452983 -0.0034428266102419659 -0.020038061788055578 0 0.039570430764843692 38.762332011413825 OK 17 16 0.71269400000000005 0.62142500000000001 0.21621499999999999 0.47650300000000001 0.38402700000000001 0 0.23619100000000004 0.237398 0.21621499999999999 0.015709000000000001 0.015990999999999998 0.013880999999999999 0.18181700000000003 0.1837349999999999 0.16790600000000008 0.0069889999999999996 0.0070999999999999987 0.0059639999999999997 0.0018639999999999998 0.0019399999999999999 0.0016989999999999998 38.762370478262653 38.762370478262653 38.762370478262653 0.003757766011330846 0.003757766011330846 0.003757766011330846 1 1 1 Converged Converged Converged OK OK OK 140 140 140 140 140 140 12 12 12 0 0 0 0 1 0 0 1
144 144 uniform 2 23 1447 3 0.0001 1.1635642131046984 0.017073273857754843 0.038144106650100193 -0.022359876975452983 -0.0034428266102419659 -0.014731055645432943 0 0.03426342462222106 41.828930428143245 OK 17 16 0.62983299999999998 0.56526600000000005 0.21958900000000001 0.40655000000000002 0.320683 0 0.22328299999999995 0.24458300000000005 0.21958900000000001 0.015179 0.015219 0.013875999999999999 0.17269599999999999 0.19351600000000005 0.17158799999999991 0.0061919999999999987 0.0065620000000000001 0.0059280000000000001 0.0016580000000000002 0.001738 0.0015690000000000001 41.828971784017874 41.828971784017874 41.828971784017874 0.0035833880237844955 0.0035833880237844955 0.0035833880237844955 1 1 1 Converged Converged Converged OK OK OK 140 140 140 140 140 140 12 12 12 0 0 0 0 1 0 0 1
144 144 uniform 3 0 1448 0 0.001 1.1635642131046984 0.017073273857754843 0.038144106650100193 -0.36355345388099336 0.14219872300324835 -0.37118227521101338 0 0.3907146441878015 2.4783435106742244 OK 13 12 0.32359399999999999 0.31788100000000002 0.066386000000000001 0.25513799999999998 0.25057299999999999 0 0.068456000000000017 0.067308000000000034 0.066386000000000001 0.0091669999999999998 0.0090709999999999992 0.0085839999999999996 0.042206999999999995 0.042245999999999999 0.041750999999999996 0.0024599999999999999 0.002261 0.0022589999999999997 0.00065900000000000008 0.00061300000000000005 0.00056999999999999998 2.4783436497908586 2.4783436497908586 2.4783436497908586 0.0021119856902751051 0.0021119856902751051 0.0021119856902751051 1 1 1 Converged Converged Converged OK OK OK 52 52 52 52 52 52 4 4 4 0 0 0 0 0 1 0 0
144 144 uniform 3 7 1448 1 0.001 1.1635642131046984 0.017073273857754843 0.038144106650100193 -0.36355345388099336 0.14219872300324835 -0.36653864483621862 0 0.38607101381300674 2.512031542075726 OK 13 12 0.31909599999999999 0.217699 0.061393000000000003 0.25665199999999999 0.138546 0 0.062444 0.079153000000000001 0.061393000000000003 0.0082629999999999995 0.0083149999999999995 0.0077120000000000001 0.040600999999999998 0.056777000000000001 0.040599999999999983 0.0022469999999999999 0.0023140000000000001 0.0021680000000000002 0.00055699999999999999 0.00062800000000000009 0.00056399999999999994 2.5120316020845945 2.5120316020845945 2.5120316020845945 0.0017339401673898511 0.0017339401673898511 0.0017339401673898511 1 1 1 Converged Converged Converged OK OK OK 52 52 52 52 52 52 4 4 4 0 0 0 0 1 0 0 1
144 144 uniform 3 15 1448 2 0.001 1.1635642131046984 0.017073273857754843 0.038144106650100193 -0.36355345388099336 0.14219872300324835 -0.36123163869359598 0 0.3807640076703841 2.5540272894198939 OK 13 12 0.31779499999999999 0.22828899999999999 0.064616000000000007 0.251473 0.14713200000000001 0 0.066321999999999992 0.081156999999999979 0.064616000000000007 0.0083149999999999995 0.0085929999999999999 0.0077079999999999996 0.044164999999999996 0.058675000000000033 0.043959999999999999 0.0022990000000000003 0.0023569999999999997 0.0021510000000000001 0.00060999999999999997 0.00058600000000000004 0.000553 2.5540273055613691 2.5540273055613691 2.5540273055613691 0.0014061213753437738 0.0014061213753437738 0.0014061213753437738 1 1 1 Converged Converged Converged OK OK OK 52 52 52 52 52 52 4 4 4 0 0 0 0 1 0 0 1
144 144 uniform 3 23 1448 3 0.001 1.1635642131046984 0.017073273857754843 0.038144106650100193 -0.36355345388099336 0.14219872300324835 -0.35592463255097334 0 0.37545700152776146 2.6012020171874828 OK 13 12 0.32201600000000002 0.222242 0.066766000000000006 0.25342300000000001 0.14144499999999999 0 0.068593000000000015 0.080797000000000008 0.066766000000000006 0.0083809999999999996 0.0083510000000000008 0.0076969999999999998 0.046861000000000021 0.058780000000000006 0.046252000000000008 0.002202 0.0023220000000000003 0.002124 0.00057300000000000005 0.000611 0.00055400000000000002 2.6012020169137529 2.6012020169137529 2.6012020169137529 0.0011741912166845924 0.0011741912166845924 0.0011741912166845924 1 1 1 Converged Converged Converged OK OK OK 52 52 52 52 52 52 4 4 4 0 0 0 0 1 0 0 1
144 144 uniform 3 0 1448 0 0.0001 1.1635642131046984 0.017073273857754843 0.038144106650100193 -0.36355345388099336 0.14219872300324835 -0.37118227521101338 0 0.3907146441878015 2.4783435106742244 OK 13 12 0.354688 0.34436299999999997 0.096518999999999994 0.25823400000000002 0.25155100000000002 0 0.096453999999999984 0.09281199999999995 0.096518999999999994 0.0091190000000000004 0.0089309999999999997 0.0085559999999999994 0.06114300000000001 0.059683999999999987 0.06376099999999997 0.0036230000000000004 0.0033860000000000001 0.0034120000000000001 0.00085400000000000005 0.00080800000000000002 0.00082900000000000009 2.4783434941823188 2.4783434941823188 2.4783434941823188 6.5743245733799165e-05 6.5743245733799165e-05 6.5743245733799165e-05 1 1 1 Converged Converged Converged OK OK OK 76 76 76 76 76 76 4 4 4 0 0 0 0 0 1 0 0
144 144 uniform 3 7 1448 1 0.0001 1.1635642131046984 0.017073273857754843 0.038144106650100193 -0.36355345388099336 0.14219872300324835 -0.36653864483621862 0 0.38607101381300674 2.512031542075726 OK 13 12 0.3538 0.24584 0.083915000000000003 0.26086599999999999 0.138738 0 0.092934000000000017 0.107102 0.083915000000000003 0.0086099999999999996 0.0084159999999999999 0.0077609999999999997 0.062500000000000014 0.078502000000000016 0.056679999999999987 0.0037930000000000004 0.003493 0.0033999999999999998 0.00087200000000000005 0.00081099999999999998 0.00077800000000000005 2.5120315257240851 2.5120315257240851 2.5120315257240851 7.9173070737269851e-05 7.9173070737269851e-05 7.9173070737269851e-05 1 1 1 Converged Converged Converged OK OK OK 76 76 76 76 76 76 4 4 4 0 0 0 0 1 0 0 1
144 144 uniform 3 15 1448 2 0.0001 1.1635642131046984 0.017073273857754843 0.038144106650100193 -0.36355345388099336 0.14219872300324835 -0.36123163869359598 0 0.3807640076703841 2.5540272894198939 OK 13 12 0.34910000000000002 0.25151200000000001 0.087607000000000004 0.26025599999999999 0.13791999999999999 0 0.088844000000000034 0.11359200000000003 0.087607000000000004 0.0083639999999999999 0.0084069999999999995 0.0077510000000000001 0.061008000000000014 0.085443000000000019 0.060600000000000015 0.003228 0.0034019999999999996 0.0033289999999999999 0.00078600000000000002 0.00083799999999999999 0.00077899999999999996 2.5540272738785892 2.5540272738785892 2.5540272738785892 0.00010182025647246241 0.00010182025647246241 0.00010182025647246241 1 1 1 Converged Converged Converged OK OK OK 76 76 76 76 76 76 4 4 4 0 0 0 0 1 0 0 1
144 144 uniform 3 23 1448 3 0.0001 1.1635642131046984 0.017073273857754843 0.038144106650100193 -0.36355345388099336 0.14219872300324835 -0.35592463255097334 0 0.37545700152776146 2.6012020171874828 OK 13 12 0.34503699999999998 0.25439099999999998 0.090606000000000006 0.25259100000000001 0.14228399999999999 0 0.092445999999999973 0.11210699999999998 0.090606000000000006 0.0082909999999999998 0.0083510000000000008 0.0077450000000000001 0.064391000000000004 0.084136000000000016 0.063809000000000005 0.003202 0.0033010000000000001 0.003222 0.00081000000000000006 0.00081400000000000005 0.00078100000000000001 2.6012020052145766 2.6012020052145766 2.6012020052145766 0.00013683918128283085 0.00013683918128283085 0.00013683918128283085 1 1 1 Converged Converged Converged OK OK OK 76 76 76 76 76 76 4 4 4 0 0 0 0 1 0 0 1
144 144 uniform 4 0 1449 0 0.001 1.1635642131046984 0.017073273857754843 0.038144106650100193 -0.37045524227899818 -0.14202188310698244 -0.37808406360901819 0 0.39761643258580631 2.4322691873081599 OK 13 12 0.33139299999999999 0.32400699999999999 0.074482000000000007 0.25493300000000002 0.248809 0 0.076459999999999972 0.075197999999999987 0.074482000000000007 0.0092659999999999999 0.0089770000000000006 0.0086199999999999992 0.047875000000000015 0.047711000000000003 0.047540000000000013 0.002696 0.0026060000000000002 0.0025639999999999999 0.00072300000000000001 0.00075799999999999999 0.00072900000000000005 2.4322691693518115 2.4322691693518115 2.4322691693518115 0.00048323934648935489 0.00048323934648935489 0.00048323934648935489 1 1 1 Converged Converged Converged OK OK OK 60 60 60 60 60 60 4 4 4 0 0 0 0 0 1 0 0
144 144 uniform 4 7 1449 1 0.001 1.1635642131046984 0.017073273857754843 0.038144106650100193 -0.37045524227899818 -0.14202188310698244 -0.37344043323422343 0 0.39297280221101155 2.4627823084025695 OK 13 12 0.31404500000000002 0.215396 0.065531000000000006 0.24719099999999999 0.13731599999999999 0 0.066854000000000025 0.078080000000000011 0.065531000000000006 0.0081440000000000002 0.0084320000000000003 0.0077910000000000002 0.045121000000000001 0.055767999999999998 0.04462 0.0021680000000000002 0.0023630000000000001 0.0021399999999999995 0.00055500000000000005 0.00061399999999999996 0.00055900000000000004 2.4627825168175472 2.4627825168175472 2.4627825168175472 0.0023601966790160003 0.0023601966790160003 0.0023601966790160003 1 1 1 Converged Converged Converged OK OK OK 52 52 52 52 52 52 4 4 4 0 0 0 0 1 0 0 1
144 144 uniform 4 15 1449 2 0.001 1.1635642131046984 0.017073273857754843 0.038144106650100193 -0.37045524227899818 -0.14202188310698244 -0.3681334270916008 0 0.38766579606838891 2.5001557505414707 OK 13 12 0.317189 0.22282299999999999 0.066307000000000005 0.24932299999999999 0.13747400000000001 0 0.06786600000000001 0.08534899999999998 0.066307000000000005 0.00843 0.0083429999999999997 0.0078110000000000002 0.045748999999999991 0.063479000000000008 0.045501999999999994 0.0022030000000000001 0.0021840000000000002 0.0021440000000000001 0.00058500000000000002 0.00058100000000000003 0.00055000000000000003 2.5001558360916776 2.5001558360916776 2.5001558360916776 0.001875622461934222 0.001875622461934222 0.001875622461934222 1 1 1 Converged Converged Converged OK OK OK 52 52 52 52 52 52 4 4 4 0 0 0 0 1 0 0 1
144 144 uniform 4 23 1449 3 0.001 1.1635642131046984 0.017073273857754843 0.038144106650100193 -0.37045524227899818 -0.14202188310698244 -0.36282642094897816 0 0.38235878992576627 2.5409082582734204 OK 13 12 0.32100099999999998 0.21762899999999999 0.065453999999999998 0.25373400000000002 0.13758999999999999 0 0.067266999999999966 0.080038999999999999 0.065453999999999998 0.0083000000000000001 0.0082850000000000007 0.0076730000000000001 0.045474000000000014 0.058406999999999994 0.04494999999999999 0.002183 0.0022290000000000001 0.0021419999999999998 0.00059299999999999999 0.00055999999999999995 0.00054500000000000002 2.54090828580641 2.54090828580641 2.54090828580641 0.0015109087176046465 0.0015109087176046465 0.0015109087176046465 1 1 1 Converged Converged Converged OK OK OK 52 52 52 52 52 52 4 4 4 0 0 0 0 1 0 0 1
144 144 uniform 4 0 1449 0 0.0001 1.1635642131046984 0.017073273857754843 0.038144106650100193 -0.37045524227899818 -0.14202188310698244 -0.37808406360901819 0 0.39761643258580631 2.4322691873081599 OK 13 12 0.34363300000000002 0.35169299999999998 0.091550999999999993 0.25019200000000003 0.258876 0 0.093440999999999996 0.092816999999999983 0.091550999999999993 0.0090469999999999995 0.0092169999999999995 0.0085360000000000002 0.05960799999999998 0.059467000000000013 0.059156999999999987 0.0036809999999999998 0.0033189999999999999 0.0032450000000000005 0.00089400000000000005 0.00080999999999999996 0.00082600000000000002 2.4322691706795796 2.4322691706795796 2.4322691706795796 5.2816554404708208e-05 5.2816554404708208e-05 5.2816554404708208e-05 1 1 1 Converged Converged Converged OK OK OK 76 76 76 76 76 76 4 4 4 0 0 0 0 0 1 0 0
144 144 uniform 4 7 1449 1 0.0001 1.1635642131046984 0.017073273857754843 0.038144106650100193 -0.37045524227899818 -0.14202188310698244 -0.37344043323422343 0 0.39297280221101155 2.4627823084025695 OK 13 12 0.34596300000000002 0.250554 0.093049999999999994 0.25334400000000001 0.13719100000000001 0 0.092619000000000007 0.11336299999999999 0.093049999999999994 0.0083359999999999997 0.0082889999999999995 0.0077409999999999996 0.06395099999999998 0.085097000000000034 0.065951000000000023 0.0035760000000000002 0.0033930000000000002 0.0032209999999999999 0.00082600000000000013 0.00078399999999999997 0.00080500000000000005 2.4627822917006723 2.4627822917006723 2.4627822917006723 6.0736241832338594e-05 6.0736241832338594e-05 6.0736241832338594e-05 1 1 1 Converged Converged Converged OK OK OK 76 76 76 76 76 76 4 4 4 0 0 0 0 1 0 0 1
144 144 uniform 4 15 1449 2 0.0001 1.1635642131046984 0.017073273857754843 0.038144106650100193 -0.37045524227899818 -0.14202188310698244 -0.3681334270916008 0 0.38766579606838891 2.5001557505414707 OK 13 12 0.34870299999999999 0.25205300000000003 0.091658000000000003 0.25440400000000002 0.137186 0 0.094298999999999966 0.11486700000000002 0.091658000000000003 0.0083730000000000002 0.0084790000000000004 0.0079159999999999994 0.06537599999999999 0.086496000000000003 0.064521000000000009 0.0033649999999999999 0.003447 0.0032100000000000002 0.00081999999999999998 0.000812 0.00077799999999999994 2.5001557340878069 2.5001557340878069 2.5001557340878069 7.3680527221124762e-05 7.3680527221124762e-05 7.3680527221124762e-05 1 1 1 Converged Converged Converged OK OK OK 76 76 76 76 76 76 4 4 4 0 0 0 0 1 0 0 1
144 144 uniform 4 23 1449 3 0.0001 1.1635642131046984 0.017073273857754843 0.038144106650100193 -0.37045524227899818 -0.14202188310698244 -0.36282642094897816 0 0.38235878992576627 2.5409082582734204 OK 13 12 0.35155500000000001 0.25550699999999998 0.089646000000000003 0.25638499999999997 0.13963500000000001 0 0.095170000000000032 0.11587199999999998 0.089646000000000003 0.0086560000000000005 0.0084100000000000008 0.0077470000000000004 0.066105000000000011 0.087777999999999995 0.062896999999999995 0.0034919999999999999 0.0033299999999999996 0.0031740000000000002 0.00085199999999999989 0.00081499999999999997 0.00079100000000000004 2.5409082422664362 2.5409082422664362 2.5409082422664362 9.3339201104970454e-05 9.3339201104970454e-05 9.3339201104970454e-05 1 1 1 Converged Converged Converged OK OK OK 76 76 76 76 76 76 4 4 4 0 0 0 0 1 0 0 1
145 145 linear 0 0 1450 0 0.001 0.33508423275855892 0.0019943992651175729 0.012061849740834343 2.6381046758993056 0.25251417950704003 2.6356923059511388 0.5 -2.6350253443912175 1.1662629059943423 OK 12 11 0.44953799999999999 0.45067600000000002 0.12298199999999999 0.32367899999999999 0.32748500000000003 0 0.125859 0.12319099999999999 0.12298199999999999 0.0070679999999999996 0.0067460000000000003 0.0066540000000000002 0.095815999999999998 0.094212999999999963 0.093964000000000006 0.0034429999999999999 0.0030900000000000003 0.0032589999999999997 0.00072400000000000003 0.00066200000000000005 0.00066800000000000008 1.1662643391080934 1.1662643391080934 1.1662643391080934 0.00018236866312740029 0.00018236866312740029 0.00018236866312740029 1 1 1 Converged Converged Converged OK OK OK 74 74 74 74 74 74 6 6 6 0 0 0 0 0 1 0 0
145 145 linear 0 7 1450 1 0.001 0.33508423275855892 0.0019943992651175729 0.012061849740834343 2.6381046758993056 0.25251417950704003 2.637160705050023 0.5 -2.6364937434901017 1.1683269870782398 OK 12 11 0.44672400000000001 0.32912400000000003 0.113497 0.32512200000000002 0.166598 0 0.12160199999999999 0.16252600000000003 0.113497 0.0058100000000000001 0.0060150000000000004 0.0054619999999999998 0.097627999999999993 0.138992 0.090599999999999944 0.0031239999999999996 0.0030019999999999999 0.0031260000000000003 0.00064100000000000008 0.00064400000000000004 0.00062199999999999994 1.168333195547224 1.168333195547224 1.168333195547224 0.00055102931906705389 0.00055102931906705389 0.00055102931906705389 1 1 1 Converged Converged Converged OK OK OK 74 74 74 74 74 74 6 6 6 0 0 0 0 1 0 0 1
145 145 linear 0 15 1450 2 0.001 0.33508423275855892 0.0019943992651175729 0.012061849740834343 2.6381046758993056 0.25251417950704003 2.6388388754487475 0.5 -2.6381719138888262 1.1688666599334574 OK 12 11 0.436276 0.32235000000000003 0.110808 0.324679 0.17333599999999999 0 0.111597 0.14901400000000004 0.110808 0.0060619999999999997 0.0060819999999999997 0.0059049999999999997 0.088130999999999973 0.12595300000000001 0.088266000000000039 0.0029730000000000004 0.002993 0.0028599999999999997 0.000767 0.0006730000000000001 0.00072100000000000007 1.1688646472156961 1.1688646472156961 1.1688646472156961 0.00064182320256306834 0.00064182320256306834 0.00064182320256306834 1 1 1 Converged Converged Converged OK OK OK 67 67 67 67 67 67 5 5 5 0 0 0 0 1 0 0 1
145 145 linear 0 23 1450 3 0.001 0.33508423275855892 0.0019943992651175729 0.012061849740834343 2.6381046758993056 0.25251417950704003 2.6405170458474725 0.5 -2.6398500842875512 1.1674823587098941 OK 12 11 0.46314 0.34331899999999999 0.11930300000000001 0.34079799999999999 0.18282699999999999 0 0.12234200000000001 0.160492 0.11930300000000001 0.0059610000000000002 0.0060010000000000003 0.0055160000000000001 0.098474000000000048 0.13618200000000008 0.096402000000000071 0.0031349999999999998 0.003346 0.003088 0.00063900000000000003 0.00073000000000000007 0.00064900000000000005 1.1674846806956873 1.1674846806956873 1.1674846806956873 0.00046545601146746109 0.00046545601146746109 0.00046545601146746109 1 1 1 Converged Converged Converged OK OK OK 74 74 74 74 74 74 6 6 6 0 0 0 0 1 0 0 1
145 145 linear 0 0 1450 0 0.0001 0.33508423275855892 0.0019943992651175729 0.012061849740834343 2.6381046758993056 0.25251417950704003 2.6356923059511388 0.5 -2.6350253443912175 1.1662629059943423 OK 12 11 0.47145799999999999 0.45884999999999998 0.139738 0.32918599999999998 0.322851 0 0.14227200000000001 0.13599899999999998 0.139738 0.0069389999999999999 0.0066179999999999998 0.0065459999999999997 0.10952599999999997 0.10503999999999999 0.10821800000000005 0.003473 0.0033760000000000001 0.0035139999999999998 0.00086800000000000006 0.00078300000000000006 0.00080400000000000003 1.166264984381193 1.166264984381193 1.166264984381193 3.5047489663386781e-05 3.5047489663386781e-05 3.5047489663386781e-05 1 1 1 Converged Converged Converged OK OK OK 82 82 82 82 82 82 6 6 6 0 0 0 0 0 1 0 0
145 145 linear 0 7 1450 1 0.0001 0.33508423275855892 0.0019943992651175729 0.012061849740834343 2.6381046758993056 0.25251417950704003 2.637160705050023 0.5 -2.6364937434901017 1.1683269870782398 OK 12 11 0.45907999999999999 0.34595100000000001 0.12944600000000001 0.33011499999999999 0.16667599999999999 0 0.128965 0.17927500000000002 0.12944600000000001 0.0059220000000000002 0.0059119999999999997 0.0058219999999999999 0.10358400000000001 0.15387999999999991 0.10423499999999999 0.003336 0.003362 0.003431 0.00075900000000000002 0.00075500000000000003 0.00074599999999999992 1.1683261137172232 1.1683261137172232 1.1683261137172232 5.0596222632335603e-05 5.0596222632335603e-05 5.0596222632335603e-05 1 1 1 Converged Converged Converged OK OK OK 82 82 82 82 82 82 6 6 6 0 0 0 0 1 0 0 1
145 145 linear 0 15 1450 2 0.0001 0.33508423275855892 0.0019943992651175729 0.012061849740834343 2.6381046758993056 0.25251417950704003 2.6388388754487475 0.5 -2.6381719138888262 1.1688666599334574 OK 12 11 0.44880100000000001 0.33725100000000002 0.125363 0.32031500000000002 0.17344699999999999 0 0.12848599999999999 0.16380400000000003 0.125363 0.0060980000000000001 0.0060699999999999999 0.005568 0.103656 0.13886500000000007 0.10135699999999997 0.0031369999999999996 0.0034569999999999996 0.0033990000000000001 0.00081100000000000009 0.000892 0.00081000000000000006 1.1688647406978179 1.1688647406978179 1.1688647406978179 4.0708294332215546e-05 4.0708294332215546e-05 4.0708294332215546e-05 1 1 1 Converged Converged Converged OK OK OK 75 75 75 75 75 75 5 5 5 0 0 0 0 1 0 0 1
145 145 linear 0 23 1450 3 0.0001 0.33508423275855892 0.0019943992651175729 0.012061849740834343 2.6381046758993056 0.25251417950704003 2.6405170458474725 0.5 -2.6398500842875512 1.1674823587098941 OK 12 11 0.487595 0.36002099999999998 0.135991 0.34675800000000001 0.18158199999999999 0 0.14083699999999999 0.17843899999999999 0.135991 0.0059829999999999996 0.006012 0.0054980000000000003 0.11461200000000001 0.15169300000000008 0.11154699999999998 0.0036809999999999998 0.0044210000000000005 0.0035609999999999999 0.00085200000000000011 0.00075199999999999996 0.0007580000000000001 1.1674817830995599 1.1674817830995599 1.1674817830995599 4.8377673536078759e-05 4.8377673536078759e-05 4.8377673536078759e-05 1 1 1 Converged Converged Converged OK OK OK 82 82 82 82 82 82 6 6 6 0 0 0 0 1 0 0 1
145 145 linear 1 0 1451 0 0.001 0.33508423275855892 0.0019943992651175729 0.012061849740834343 2.6433328531644702 -0.24660348927884074 2.6409204832163033 0.5 -2.6402535216563821 1.1569494381461272 OK 13 12 0.88675899999999996 0.87736899999999995 0.16733600000000001 0.715507 0.70871200000000001 0 0.17125199999999996 0.16865699999999995 0.16733600000000001 0.0095879999999999993 0.0097330000000000003 0.0092569999999999996 0.13805599999999998 0.13554000000000005 0.13499200000000006 0.003163 0.003143 0.0031470000000000001 0.00059299999999999999 0.000629 0.00067600000000000006 1.1569530557674124 1.1569530557674124 1.1569530557674124 0.00057177994716943524 0.00057177994716943524 0.00057177994716943524 1 1 1 Converged Converged Converged OK OK OK 73 73 73 73 73 73 7 7 7 0 0 0 0 0 1 0 0
145 145 linear 1 7 1451 1 0.001 0.33508423275855892 0.0019943992651175729 0.012061849740834343 2.6433328531644702 -0.24660348927884074 2.6423888823151875 0.5 -2.6417219207552662 1.1535902311679407 OK 13 12 0.88435399999999997 0.75751199999999996 0.15846199999999999 0.71779199999999999 0.54637899999999995 0 0.16656199999999999 0.21113300000000002 0.15846199999999999 0.0087910000000000002 0.0087880000000000007 0.0080800000000000004 0.13830900000000018 0.18280599999999997 0.13185000000000005 0.0031959999999999996 0.003395 0.003143 0.00065799999999999995 0.000776 0.0006559999999999999 1.1535912345272503 1.1535912345272503 1.1535912345272503 0.0004897292732270425 0.0004897292732270425 0.0004897292732270425 1 1 1 Converged Converged Converged OK OK OK 73 73 73 73 73 73 7 7 7 0 0 0 0 1 0 0 1
145 145 linear 1 15 1451 2 0.001 0.33508423275855892 0.0019943992651175729 0.012061849740834343 2.6433328531644702 -0.24660348927884074 2.6440670527139121 0.5 -2.6434000911539908 1.1478096161549947 OK 13 12 0.79381400000000002 0.67157699999999998 0.15854599999999999 0.63107599999999997 0.46590300000000001 0 0.16273800000000005 0.20567399999999997 0.15854599999999999 0.0085690000000000002 0.0086540000000000002 0.0079869999999999993 0.13506199999999999 0.17764500000000003 0.13221500000000003 0.003101 0.0033059999999999999 0.003101 0.00065399999999999996 0.00066600000000000003 0.00062600000000000004 1.1478082524043094 1.1478082524043094 1.1478082524043094 0.0003844203924310705 0.0003844203924310705 0.0003844203924310705 1 1 1 Converged Converged Converged OK OK OK 73 73 73 73 73 73 7 7 7 0 0 0 0 1 0 0 1
145 145 linear 1 23 1451 3 0.001 0.33508423275855892 0.0019943992651175729 0.012061849740834343 2.6433328531644702 -0.24660348927884074 2.645745223112637 0.5 -2.6450782615527157 1.1397909266045694 OK 13 12 0.732738 0.61903300000000006 0.16311400000000001 0.56259800000000004 0.40425899999999998 0 0.17013999999999996 0.21477400000000008 0.16311400000000001 0.0087530000000000004 0.0087299999999999999 0.0079740000000000002 0.14122599999999999 0.18659899999999993 0.13681299999999996 0.0037910000000000001 0.0033059999999999999 0.0031099999999999999 0.00069999999999999999 0.00070399999999999998 0.00059599999999999996 1.1397879264766071 1.1397879264766071 1.1397879264766071 0.00062095745132402795 0.00062095745132402795 0.00062095745132402795 1 1 1 Converged Converged Converged OK OK OK 73 73 73 73 73 73 7 7 7 0 0 0 0 1 0 0 1
145 145 linear 1 0 1451 0 0.0001 0.33508423275855892 0.0019943992651175729 0.012061849740834343 2.6433328531644702 -0.24660348927884074 2.6409204832163033 0.5 -2.6402535216563821 1.1569494381461272 OK 13 12 0.938168 0.92998899999999995 0.22698299999999999 0.71396499999999996 0.71079800000000004 0 0.22420300000000004 0.21919099999999991 0.22698299999999999 0.0095720000000000006 0.0098390000000000005 0.010371 0.17989099999999994 0.17585300000000006 0.18249099999999999 0.0051139999999999996 0.0044229999999999998 0.0045869999999999999 0.0011440000000000001 0.001119 0.0011199999999999999 1.1569508474490326 1.1569508474490326 1.1569508474490326 5.5899234705657871e-05 5.5899234705657871e-05 5.5899234705657871e-05 1 1 1 Converged Converged Converged OK OK OK 97 97 97 97 97 97 7 7 7 0 0 0 0 0 1 0 0
145 145 linear 1 7 1451 1 0.0001 0.33508423275855892 0.0019943992651175729 0.012061849740834343 2.6433328531644702 -0.24660348927884074 2.6423888823151875 0.5 -2.6417219207552662 1.1535902311679407 OK 13 12 0.92567999999999995 0.81262699999999999 0.21643299999999999 0.71365699999999999 0.550786 0 0.21202299999999996 0.26184099999999999 0.21643299999999999 0.0087600000000000004 0.0087690000000000008 0.0090259999999999993 0.17700299999999999 0.22766899999999982 0.18149599999999999 0.0048970000000000003 0.004542 0.0046649999999999999 0.001155 0.0011039999999999999 0.0011739999999999999 1.1535908871246803 1.1535908871246803 1.1535908871246803 3.7837882960170741e-05 3.7837882960170741e-05 3.7837882960170741e-05 1 1 1 Converged Converged Converged OK OK OK 97 97 97 97 97 97 7 7 7 0 0 0 0 1 0 0 1
145 145 linear 1 15 1451 2 0.0001 0.33508423275855892 0.0019943992651175729 0.012061849740834343 2.6433328531644702 -0.24660348927884074 2.6440670527139121 0.5 -2.6434000911539908 1.1478096161549947 OK 13 12 0.82503700000000002 0.69616 0.186334 0.625 0.46470400000000001 0 0.20003700000000002 0.231456 0.186334 0.0084700000000000001 0.0088900000000000003 0.0092870000000000001 0.16586900000000013 0.19908399999999996 0.15344499999999994 0.0043670000000000002 0.0041879999999999999 0.0040660000000000002 0.0010449999999999999 0.00095299999999999996 0.00094000000000000008 1.1478099757161095 1.1478099757161095 1.1478099757161095 6.5783552318728368e-05 6.5783552318728368e-05 6.5783552318728368e-05 1 1 1 Converged Converged Converged OK OK OK 89 89 89 89 89 89 7 7 7 0 0 0 0 1 0 0 1
145 145 linear 1 23 1451 3 0.0001 0.33508423275855892 0.0019943992651175729 0.012061849740834343 2.6433328531644702 -0.24660348927884074 2.645745223112637 0.5 -2.6450782615527157 1.1397909266045694 OK 13 12 0.77329300000000001 0.65332299999999999 0.19788600000000001 0.58307699999999996 0.41099999999999998 0 0.19021600000000005 0.24232300000000001 0.19788600000000001 0.0086009999999999993 0.0099659999999999992 0.0081949999999999992 0.158277 0.20825199999999999 0.16623899999999997 0.0039540000000000009 0.004339 0.0041219999999999998 0.00090700000000000004 0.00093700000000000012 0.00094499999999999998 1.1397910686725861 1.1397910686725861 1.1397910686725861 4.1947916833600051e-05 4.1947916833600051e-05 4.1947916833600051e-05 1 1 1 Converged Converged Converged OK OK OK 89 89 89 89 89 89 7 7 7 0 0 0 0 1 0 0 1
145 145 linear 2 0 1452 0 0.001 0.33508423275855892 0.0019943992651175729 0.012061849740834343 2.6291335026890654 0.24117893100325 2.6267211327408986 0.5 -2.6260541711809773 1.0817312044554259 OK 13 12 0.45692500000000003 0.44963500000000001 0.11615499999999999 0.33751100000000001 0.32696599999999998 0 0.11941400000000002 0.12266900000000003 0.11615499999999999 0.0097940000000000006 0.0095110000000000004 0.0093419999999999996 0.088942000000000007 0.090548000000000031 0.086835999999999997 0.0031340000000000001 0.0042449999999999996 0.0029940000000000001 0.00066200000000000005 0.00065400000000000007 0.00060599999999999998 1.0817308823050555 1.0817308823050555 1.0817308823050555 0.00044627533179814445 0.00044627533179814445 0.00044627533179814445 1 1 1 Converged Converged Converged OK OK OK 66 66 66 66 66 66 6 6 6 0 0 0 0 0 1 0 0
145 145 linear 2 7 1452 1 0.001 0.33508423275855892 0.0019943992651175729 0.012061849740834343 2.6291335026890654 0.24117893100325 2.6281895318397828 0.5 -2.6275225702798615 1.0861941794434549 OK 13 12 0.74620299999999995 0.629525 0.13242599999999999 0.61019000000000001 0.45384799999999997 0 0.13601299999999994 0.17567700000000003 0.13242599999999999 0.0087810000000000006 0.0091000000000000004 0.0080949999999999998 0.10706500000000001 0.14644600000000005 0.105074 0.0033239999999999997 0.003235 0.0032519999999999997 0.00071099999999999994 0.00065600000000000001 0.00067400000000000012 1.0861933393155498 1.0861933393155498 1.0861933393155498 0.00043966915028119472 0.00043966915028119472 0.00043966915028119472 1 1 1 Converged Converged Converged OK OK OK 73 73 73 73 73 73 7 7 7 0 0 0 0 1 0 0 1
145 145 linear 2 15 1452 2 0.001 0.33508423275855892 0.0019943992651175729 0.012061849740834343 2.6291335026890654 0.24117893100325 2.6298677022385073 0.5 -2.629200740678586 1.0921607521970707 OK 13 12 0.71884899999999996 0.60687599999999997 0.13114500000000001 0.58445400000000003 0.42688199999999998 0 0.13439499999999993 0.17999399999999999 0.13114500000000001 0.0086759999999999997 0.0090779999999999993 0.0081130000000000004 0.10712100000000002 0.15160200000000001 0.10518799999999999 0.0032600000000000003 0.0033769999999999998 0.003163 0.00062800000000000009 0.00067099999999999994 0.00060099999999999997 1.092158915165429 1.092158915165429 1.092158915165429 0.00076515854166120888 0.00076515854166120888 0.00076515854166120888 1 1 1 Converged Converged Converged OK OK OK 73 73 73 73 73 73 7 7 7 0 0 0 0 1 0 0 1
145 145 linear 2 23 1452 3 0.001 0.33508423275855892 0.0019943992651175729 0.012061849740834343 2.6291335026890654 0.24117893100325 2.6315458726372323 0.5 -2.630878911077311 1.0999160075419041 OK 13 12 0.53844700000000001 0.42452299999999998 0.15160699999999999 0.38569300000000001 0.22939499999999999 0 0.152754 0.195128 0.15160699999999999 0.0088090000000000009 0.0090670000000000004 0.0081829999999999993 0.12252399999999999 0.16361199999999995 0.12316000000000002 0.0038679999999999999 0.0037909999999999997 0.003483 0.00080900000000000015 0.001627 0.00083100000000000003 1.0999209239641996 1.0999209239641996 1.0999209239641996 0.00065214783543776351 0.00065214783543776351 0.00065214783543776351 1 1 1 Converged Converged Converged OK OK OK 81 81 81 81 81 81 7 7 7 0 0 0 0 1 0 0 1
145 145 linear 2 0 1452 0 0.0001 0.33508423275855892 0.0019943992651175729 0.012061849740834343 2.6291335026890654 0.24117893100325 2.6267211327408986 0.5 -2.6260541711809773 1.0817312044554259 OK 13 12 0.486647 0.48515900000000001 0.15107999999999999 0.32926800000000001 0.33356599999999997 0 0.15737899999999999 0.15159300000000003 0.15107999999999999 0.0092919999999999999 0.0097040000000000008 0.0093869999999999995 0.11922600000000008 0.11256999999999996 0.11236400000000003 0.0040390000000000001 0.0045219999999999991 0.0041920000000000004 0.001054 0.001122 0.0010889999999999999 1.0817303763581252 1.0817303763581252 1.0817303763581252 3.7518954062872571e-05 3.7518954062872571e-05 3.7518954062872571e-05 1 1 1 Converged Converged Converged OK OK OK 90 90 90 90 90 90 6 6 6 0 0 0 0 0 1 0 0
145 145 linear 2 7 1452 1 0.0001 0.33508423275855892 0.0019943992651175729 0.012061849740834343 2.6291335026890654 0.24117893100325 2.6281895318397828 0.5 -2.6275225702798615 1.0861941794434549 OK 13 12 0.76529199999999997 0.65047600000000005 0.16356399999999999 0.59708600000000001 0.44491700000000001 0 0.16820599999999997 0.20555900000000005 0.16356399999999999 0.0088059999999999996 0.0089840000000000007 0.0082719999999999998 0.13327 0.17011000000000007 0.12998000000000001 0.0046809999999999994 0.0049650000000000007 0.004751 0.0011839999999999999 0.0011870000000000001 0.0011169999999999999 1.086193232728573 1.086193232728573 1.086193232728573 9.8913785712475205e-05 9.8913785712475205e-05 9.8913785712475205e-05 1 1 1 Converged Converged Converged OK OK OK 97 97 97 97 97 97 7 7 7 0 0 0 0 1 0 0 1
145 145 linear 2 15 1452 2 0.0001 0.33508423275855892 0.0019943992651175729 0.012061849740834343 2.6291335026890654 0.24117893100325 2.6298677022385073 0.5 -2.629200740678586 1.0921607521970707 OK 13 12 0.76384099999999999 0.64776900000000004 0.17050799999999999 0.58635300000000001 0.42156500000000002 0 0.17748799999999998 0.22620400000000002 0.17050799999999999 0.0087080000000000005 0.0088450000000000004 0.0080730000000000003 0.14268100000000006 0.19179399999999999 0.13817899999999994 0.0050260000000000001 0.0048820000000000001 0.0044770000000000001 0.0012329999999999999 0.0011460000000000001 0.001047 1.0921598070765706 1.0921598070765706 1.0921598070765706 4.0774328708356934e-05 4.0774328708356934e-05 4.0774328708356934e-05 1 1 1 Converged Converged Converged OK OK OK 97 97 97 97 97 97 7 7 7 0 0 0 0 1 0 0 1
145 145 linear 2 23 1452 3 0.0001 0.33508423275855892 0.0019943992651175729 0.012061849740834343 2.6291335026890654 0.24117893100325 2.6315458726372323 0.5 -2.630878911077311 1.0999160075419041 OK 13 12 0.55769400000000002 0.44326900000000002 0.17768999999999999 0.37818600000000002 0.217671 0 0.179508 0.22559800000000002 0.17768999999999999 0.0089650000000000007 0.008966 0.0082959999999999996 0.14704400000000001 0.19311100000000009 0.14673000000000003 0.0045009999999999998 0.0046210000000000001 0.0042659999999999998 0.0010630000000000001 0.001217 0.0010950000000000001 1.0999150180037933 1.0999150180037933 1.0999150180037933 2.6475771110904266e-05 2.6475771110904266e-05 2.6475771110904266e-05 1 1 1 Converged Converged Converged OK OK OK 97 97 97 97 97 97 7 7 7 0 0 0 0 1 0 0 1
145 145 linear 3 0 1453 0 0.001 0.33508423275855892 0.0019943992651175729 0.012061849740834343 0.0035470329174614968 -0.017528491860637731 0.0011346629692946279 0.5 -0.00046770140937344069 60.84616395879268 OK 12 11 0.43023 0.43116500000000002 0.091585 0.33520699999999998 0.33352799999999999 0 0.095023000000000024 0.097637000000000029 0.091585 0.0098340000000000007 0.0098659999999999998 0.0095469999999999999 0.06590600000000002 0.067987000000000006 0.063189999999999982 0.003045 0.0034220000000000001 0.0029210000000000004 0.00062300000000000007 0.00066399999999999999 0.00067299999999999999 60.846136151784137 60.846136151784137 60.846136151784137 0.041421854616742519 0.041421854616742519 0.041421854616742519 1 1 1 Converged Converged Converged OK OK OK 52 52 52 52 52 52 4 4 4 0 0 0 0 0 1 0 0
145 145 linear 3 7 1453 1 0.001 0.33508423275855892 0.0019943992651175729 0.012061849740834343 0.0035470329174614968 -0.017528491860637731 0.0026030620681788091 0.5 -0.0019361005082576218 60.336869063801238 OK 11 10 0.39425700000000002 0.29301100000000002 0.087645000000000001 0.30175200000000002 0.173232 0 0.092505000000000004 0.11977900000000002 0.087645000000000001 0.0087329999999999994 0.0086680000000000004 0.0081259999999999995 0.06704400000000002 0.094717999999999983 0.063639000000000001 0.0029200000000000003 0.0028349999999999998 0.0026969999999999997 0.00062500000000000001 0.00063500000000000004 0.00062 60.336836051176711 60.336836051176711 60.336836051176711 0.028228166178954843 0.028228166178954843 0.028228166178954843 1 1 1 Converged Converged Converged OK OK OK 52 52 52 52 52 52 4 4 4 0 0 0 0 1 0 0 1
145 145 linear 3 15 1453 2 0.001 0.33508423275855892 0.0019943992651175729 0.012061849740834343 0.0035470329174614968 -0.017528491860637731 0.0042812324669035872 0.5 -0.0036142709069823999 59.199116714778498 OK 11 10 0.42443999999999998 0.30721599999999999 0.086204000000000003 0.33274500000000001 0.19459799999999999 0 0.091694999999999971 0.112618 0.086204000000000003 0.0088929999999999999 0.009044 0.0083090000000000004 0.066064999999999999 0.087213999999999986 0.062081999999999984 0.0029260000000000002 0.0027650000000000001 0.0027089999999999996 0.00064199999999999999 0.00067400000000000012 0.00061400000000000007 59.199083549895981 59.199083549895981 59.199083549895981 0.018688248240934367 0.018688248240934367 0.018688248240934367 1 1 1 Converged Converged Converged OK OK OK 52 52 52 52 52 52 4 4 4 0 0 0 0 1 0 0 1
145 145 linear 3 23 1453 3 0.001 0.33508423275855892 0.0019943992651175729 0.012061849740834343 0.0035470329174614968 -0.017528491860637731 0.0059594028656283658 0.5 -0.0052924413057071785 57.562955798967579 OK 11 10 0.399704 0.296539 0.081758999999999998 0.31417299999999998 0.19153800000000001 0 0.085531000000000024 0.10500099999999998 0.081758999999999998 0.0087950000000000007 0.0090030000000000006 0.0082660000000000008 0.06042199999999999 0.079729999999999995 0.057703999999999998 0.0026580000000000002 0.0027239999999999999 0.0026099999999999999 0.00067400000000000001 0.00067699999999999998 0.00066100000000000002 57.562926468053867 57.562926468053867 57.562926468053867 0.015892549493431198 0.015892549493431198 0.015892549493431198 1 1 1 Converged Converged Converged OK OK OK 52 52 52 52 52 52 4 4 4 0 0 0 0 1 0 0 1
145 145 linear 3 0 1453 0 0.0001 0.33508423275855892 0.0019943992651175729 0.012061849740834343 0.0035470329174614968 -0.017528491860637731 0.0011346629692946279 0.5 -0.00046770140937344069 60.84616395879268 OK 12 11 0.47063899999999997 0.46427400000000002 0.128166 0.33662199999999998 0.33308199999999999 0 0.134017 0.13119200000000003 0.128166 0.0096159999999999995 0.013864 0.0096919999999999992 0.099355999999999986 0.091734999999999969 0.092998999999999998 0.0038699999999999997 0.0043739999999999994 0.0041639999999999993 0.00079300000000000009 0.00081499999999999997 0.00080999999999999996 60.846127473596475 60.846127473596475 60.846127473596475 0.00033615384034437482 0.00033615384034437482 0.00033615384034437482 1 1 1 Converged Converged Converged OK OK OK 68 68 68 68 68 68 4 4 4 0 0 0 0 0 1 0 0
145 145 linear 3 7 1453 1 0.0001 0.33508423275855892 0.0019943992651175729 0.012061849740834343 0.0035470329174614968 -0.017528491860637731 0.0026030620681788091 0.5 -0.0019361005082576218 60.336869063801238 OK 11 10 0.42685099999999998 0.331903 0.118594 0.30359399999999997 0.17430499999999999 0 0.12325700000000001 0.15759800000000002 0.118594 0.0086890000000000005 0.0087569999999999992 0.0082330000000000007 0.093204999999999968 0.12709099999999998 0.089438000000000017 0.0035829999999999998 0.0039410000000000001 0.003718 0.00073800000000000005 0.00079100000000000004 0.00077300000000000003 60.336834006502734 60.336834006502734 60.336834006502734 0.00090847728629747432 0.00090847728629747432 0.00090847728629747432 1 1 1 Converged Converged Converged OK OK OK 68 68 68 68 68 68 4 4 4 0 0 0 0 1 0 0 1
145 145 linear 3 15 1453 2 0.0001 0.33508423275855892 0.0019943992651175729 0.012061849740834343 0.0035470329174614968 -0.017528491860637731 0.0042812324669035872 0.5 -0.0036142709069823999 59.199116714778498 OK 11 10 0.45948899999999998 0.35096100000000002 0.11752700000000001 0.33394299999999999 0.19619400000000001 0 0.12554599999999999 0.15476700000000002 0.11752700000000001 0.0088540000000000008 0.0088889999999999993 0.0083459999999999993 0.092055999999999999 0.12482 0.088351000000000013 0.0036560000000000004 0.0035799999999999998 0.0037369999999999999 0.00074099999999999991 0.00073000000000000007 0.0007719999999999999 59.199083736169733 59.199083736169733 59.199083736169733 0.0040266274969413115 0.0040266274969413115 0.0040266274969413115 1 1 1 Converged Converged Converged OK OK OK 68 68 68 68 68 68 4 4 4 0 0 0 0 1 0 0 1
145 145 linear 3 23 1453 3 0.0001 0.33508423275855892 0.0019943992651175729 0.012061849740834343 0.0035470329174614968 -0.017528491860637731 0.0059594028656283658 0.5 -0.0052924413057071785 57.562955798967579 OK 11 10 0.45511600000000002 0.36971700000000002 0.13467499999999999 0.314662 0.190437 0 0.14045400000000002 0.17928000000000002 0.13467499999999999 0.0088020000000000008 0.0088710000000000004 0.008267 0.10369299999999999 0.13931799999999997 0.099586000000000036 0.0048789999999999997 0.004906999999999999 0.0044799999999999996 0.00096400000000000001 0.00097999999999999997 0.00092500000000000004 57.562924737484117 57.562924737484117 57.562924737484117 0.0028777267200987065 0.0028777267200987065 0.0028777267200987065 1 1 1 Converged Converged Converged OK OK OK 84 84 84 84 84 84 4 4 4 0 0 0 0 1 0 0 1
145 145 linear 4 0 1454 0 0.001 0.33508423275855892 0.0019943992651175729 0.012061849740834343 0.010658927915612435 0.01726548410459473 0.0082465579674455662 0.5 -0.0075795964075243789 55.520801045781631 OK 11 10 0.43753300000000001 0.42579600000000001 0.096160999999999996 0.33980900000000003 0.33067200000000002 0 0.097723999999999978 0.095123999999999986 0.096160999999999996 0.0096749999999999996 0.0097470000000000005 0.0096410000000000003 0.06875100000000002 0.06608600000000002 0.067392999999999995 0.0027469999999999999 0.0028679999999999999 0.0028150000000000002 0.00072400000000000003 0.00068199999999999999 0.00085099999999999998 55.52076113927437 55.52076113927437 55.52076113927437 0.021552261323901666 0.021552261323901666 0.021552261323901666 1 1 1 Converged Converged Converged OK OK OK 52 52 52 52 52 52 4 4 4 0 0 0 0 0 1 0 0
145 145 linear 4 7 1454 1 0.001 0.33508423275855892 0.0019943992651175729 0.012061849740834343 0.010658927915612435 0.01726548410459473 0.009714957066329747 0.5 -0.0090479955064085606 53.41553438767145 OK 11 10 0.43947700000000001 0.33139000000000002 0.089140999999999998 0.35004400000000002 0.21296999999999999 0 0.089432999999999985 0.11842000000000003 0.089140999999999998 0.0088409999999999999 0.0090369999999999999 0.0085810000000000001 0.064282000000000006 0.092933000000000016 0.064068 0.0027390000000000001 0.0028800000000000002 0.002849 0.00064900000000000005 0.00068599999999999998 0.00071499999999999992 53.415450271568496 53.415450271568496 53.415450271568496 0.02327674794982184 0.02327674794982184 0.02327674794982184 1 1 1 Converged Converged Converged OK OK OK 52 52 52 52 52 52 4 4 4 0 0 0 0 1 0 0 1
145 145 linear 4 15 1454 2 0.001 0.33508423275855892 0.0019943992651175729 0.012061849740834343 0.010658927915612435 0.01726548410459473 0.011393127465054526 0.5 -0.010726165905133339 50.91835789682753 OK 11 10 0.40226299999999998 0.30160700000000001 0.074333999999999997 0.32585399999999998 0.19572999999999999 0 0.076409000000000005 0.10587700000000003 0.074333999999999997 0.008966 0.0089470000000000001 0.0085000000000000006 0.053098999999999986 0.082381999999999997 0.052138999999999977 0.0025450000000000004 0.002477 0.002349 0.00064599999999999998 0.00055999999999999995 0.000571 50.9181771718238 50.9181771718238 50.9181771718238 0.041058547142070509 0.041058547142070509 0.041058547142070509 1 1 1 Converged Converged Converged OK OK OK 44 44 44 44 44 44 4 4 4 0 0 0 0 1 0 0 1
145 145 linear 4 23 1454 3 0.001 0.33508423275855892 0.0019943992651175729 0.012061849740834343 0.010658927915612435 0.01726548410459473 0.013071297863779304 0.5 -0.012404336303858118 48.410436528888297 OK 11 10 0.377446 0.26677400000000001 0.06225 0.31312800000000002 0.178282 0 0.064317999999999986 0.088492000000000015 0.06225 0.0087530000000000004 0.0087500000000000008 0.0084489999999999999 0.043297999999999996 0.067109000000000016 0.042191000000000006 0.0022040000000000002 0.0022339999999999999 0.0020739999999999999 0.00047600000000000002 0.00054000000000000001 0.000513 48.410234883384483 48.410234883384483 48.410234883384483 0.032394110104005808 0.032394110104005808 0.032394110104005808 1 1 1 Converged Converged Converged OK OK OK 37 37 37 37 37 37 3 3 3 0 0 0 0 1 0 0 1
145 145 linear 4 0 1454 0 0.0001 0.33508423275855892 0.0019943992651175729 0.012061849740834343 0.010658927915612435 0.01726548410459473 0.0082465579674455662 0.5 -0.0075795964075243789 55.520801045781631 OK 11 10 0.46807500000000002 0.47742200000000001 0.13831299999999999 0.32746500000000001 0.33623199999999998 0 0.14061000000000001 0.14119000000000004 0.13831299999999999 0.0098010000000000007 0.010012999999999999 0.010675 0.098573999999999981 0.098395000000000024 0.096243999999999968 0.0052240000000000003 0.0049899999999999996 0.0047229999999999998 0.0010349999999999999 0.00098999999999999999 0.00097400000000000015 55.520769237970285 55.520769237970285 55.520769237970285 0.0016270009052687586 0.0016270009052687586 0.0016270009052687586 1 1 1 Converged Converged Converged OK OK OK 84 84 84 84 84 84 4 4 4 0 0 0 0 0 1 0 0
145 145 linear 4 7 1454 1 0.0001 0.33508423275855892 0.0019943992651175729 0.012061849740834343 0.010658927915612435 0.01726548410459473 0.009714957066329747 0.5 -0.0090479955064085606 53.41553438767145 OK 11 10 0.47908299999999998 0.37938100000000002 0.12556 0.345279 0.21651200000000001 0 0.13380399999999998 0.16286900000000001 0.12556 0.0090109999999999999 0.0093690000000000006 0.0085830000000000004 0.098039000000000015 0.12654600000000002 0.090920999999999988 0.0049360000000000003 0.0048669999999999998 0.0045979999999999997 0.00095900000000000011 0.0010070000000000001 0.00097100000000000007 53.415503218779271 53.415503218779271 53.415503218779271 0.00053930681020369616 0.00053930681020369616 0.00053930681020369616 1 1 1 Converged Converged Converged OK OK OK 84 84 84 84 84 84 4 4 4 0 0 0 0 1 0 0 1
145 145 linear 4 15 1454 2 0.0001 0.33508423275855892 0.0019943992651175729 0.012061849740834343 0.010658927915612435 0.01726548410459473 0.011393127465054526 0.5 -0.010726165905133339 50.91835789682753 OK 11 10 0.46143899999999999 0.38365199999999999 0.12676599999999999 0.33132200000000001 0.200655 0 0.13011699999999998 0.18299699999999999 0.12676599999999999 0.0090119999999999992 0.010289 0.0085129999999999997 0.094033000000000019 0.14536700000000002 0.09178299999999999 0.0050679999999999996 0.0050720000000000001 0.0050099999999999997 0.00099200000000000004 0.00107 0.0010009999999999999 50.918328172048909 50.918328172048909 50.918328172048909 0.00030201218439162615 0.00030201218439162615 0.00030201218439162615 1 1 1 Converged Converged Converged OK OK OK 84 84 84 84 84 84 4 4 4 0 0 0 0 1 0 0 1
145 145 linear 4 23 1454 3 0.0001 0.33508423275855892 0.0019943992651175729 0.012061849740834343 0.010658927915612435 0.01726548410459473 0.013071297863779304 0.5 -0.012404336303858118 48.410436528888297 OK 11 10 0.41959099999999999 0.33399800000000002 0.10131 0.31370100000000001 0.186081 0 0.10588999999999998 0.14791700000000002 0.10131 0.0087849999999999994 0.010118 0.0082100000000000003 0.074586999999999987 0.11500900000000007 0.071577000000000029 0.0045650000000000005 0.0046420000000000003 0.0041869999999999997 0.00081400000000000005 0.00081800000000000004 0.00075799999999999999 48.410408302372637 48.410408302372637 48.410408302372637 0.00034684973961481702 0.00034684973961481702 0.00034684973961481702 1 1 1 Converged Converged Converged OK OK OK 69 69 69 69 69 69 3 3 3 0 0 0 0 1 0 0 1
145 145 uniform 0 0 1455 0 0.001 0.33508423275855892 0.0019943992651175729 0.012061849740834343 2.6381046758993056 0.25251417950704003 2.6356923059511388 0 -2.6350253443912175 1.1576314320530805 OK 12 11 0.42423499999999997 0.42512 0.089138999999999996 0.32735399999999998 0.32954 0 0.096880999999999995 0.095579999999999998 0.089138999999999996 0.0068409999999999999 0.011405 0.0067609999999999996 0.073675999999999978 0.068005999999999997 0.066350999999999979 0.0019889999999999999 0.0020730000000000002 0.0020700000000000002 0.00057900000000000009 0.000571 0.00056499999999999996 1.1576308068562335 1.1576308068562335 1.1576308068562335 0.00066112188064177682 0.00066112188064177682 0.00066112188064177682 1 1 1 Converged Converged Converged OK OK OK 58 58 58 58 58 58 6 6 6 0 0 0 0 0 1 0 0
145 145 uniform 0 7 1455 1 0.001 0.33508423275855892 0.0019943992651175729 0.012061849740834343 2.6381046758993056 0.25251417950704003 2.637160705050023 0 -2.6364937434901017 1.1589095685240174 OK 12 11 0.41113100000000002 0.27587400000000001 0.081987000000000004 0.32740900000000001 0.16456399999999999 0 0.083722000000000019 0.11131000000000002 0.081987000000000004 0.0059049999999999997 0.0059620000000000003 0.0054619999999999998 0.065040000000000001 0.092652000000000012 0.064506999999999995 0.0019629999999999999 0.0020400000000000001 0.0019630000000000003 0.00051599999999999997 0.00051900000000000004 0.00051000000000000004 1.1589234815134328 1.1589234815134328 1.1589234815134328 0.0011587788889564825 0.0011587788889564825 0.0011587788889564825 1 1 1 Converged Converged Converged OK OK OK 58 58 58 58 58 58 6 6 6 0 0 0 0 1 0 0 1
145 145 uniform 0 15 1455 2 0.001 0.33508423275855892 0.0019943992651175729 0.012061849740834343 2.6381046758993056 0.25251417950704003 2.6388388754487475 0 -2.6381719138888262 1.1591768042412778 OK 12 11 0.39829700000000001 0.26566499999999998 0.074964000000000003 0.32169599999999998 0.17286599999999999 0 0.07660100000000003 0.092798999999999993 0.074964000000000003 0.0061130000000000004 0.0061269999999999996 0.0056109999999999997 0.058813999999999998 0.075339999999999976 0.05822200000000001 0.001843 0.0018050000000000002 0.0018000000000000002 0.00055299999999999989 0.00055599999999999996 0.00059500000000000004 1.1591762658642377 1.1591762658642377 1.1591762658642377 0.00067158956102873367 0.00067158956102873367 0.00067158956102873367 1 1 1 Converged Converged Converged OK OK OK 51 51 51 51 51 51 5 5 5 0 0 0 0 1 0 0 1
145 145 uniform 0 23 1455 3 0.001 0.33508423275855892 0.0019943992651175729 0.012061849740834343 2.6381046758993056 0.25251417950704003 2.6405170458474725 0 -2.6398500842875512 1.1581935500598757 OK 12 11 0.431367 0.292159 0.086226999999999998 0.34392099999999998 0.18513099999999999 0 0.087446000000000024 0.10702800000000001 0.086226999999999998 0.0058339999999999998 0.0059100000000000003 0.0055100000000000001 0.068814999999999987 0.088558999999999999 0.068641000000000021 0.0020140000000000002 0.002019 0.0019530000000000001 0.0005089999999999999 0.00052800000000000004 0.00051800000000000001 1.1582001571111784 1.1582001571111784 1.1582001571111784 0.0010316141336246664 0.0010316141336246664 0.0010316141336246664 1 1 1 Converged Converged Converged OK OK OK 58 58 58 58 58 58 6 6 6 0 0 0 0 1 0 0 1
145 145 uniform 0 0 1455 0 0.0001 0.33508423275855892 0.0019943992651175729 0.012061849740834343 2.6381046758993056 0.25251417950704003 2.6356923059511388 0 -2.6350253443912175 1.1576314320530805 OK 12 11 0.49413800000000002 0.503301 0.153612 0.36378899999999997 0.37415199999999998 0 0.13034900000000005 0.12914900000000001 0.153612 0.0080520000000000001 0.0077600000000000004 0.0066290000000000003 0.09450500000000002 0.093665000000000012 0.11310699999999999 0.0036340000000000001 0.0036480000000000002 0.0044099999999999999 0.00089100000000000008 0.00094600000000000001 0.0011249999999999999 1.157631412502127 1.157631412502127 1.157631412502127 3.1015720117713148e-05 3.1015720117713148e-05 3.1015720117713148e-05 1 1 1 Converged Converged Converged OK OK OK 82 82 82 82 82 82 6 6 6 0 0 0 0 0 1 0 0
145 145 uniform 0 7 1455 1 0.0001 0.33508423275855892 0.0019943992651175729 0.012061849740834343 2.6381046758993056 0.25251417950704003 2.637160705050023 0 -2.6364937434901017 1.1589095685240174 OK 12 11 0.47748600000000002 0.37936900000000001 0.125413 0.35595700000000002 0.199044 0 0.121529 0.18032500000000001 0.125413 0.0068079999999999998 0.0068250000000000003 0.0063429999999999997 0.091949999999999962 0.150925 0.096070999999999962 0.0040079999999999994 0.0039740000000000001 0.0040249999999999991 0.00088599999999999985 0.00095100000000000002 0.00099299999999999996 1.1589096874056919 1.1589096874056919 1.1589096874056919 6.0346024175294167e-05 6.0346024175294167e-05 6.0346024175294167e-05 1 1 1 Converged Converged Converged OK OK OK 82 82 82 82 82 82 6 6 6 0 0 0 0 1 0 0 1
145 145 uniform 0 15 1455 2 0.0001 0.33508423275855892 0.0019943992651175729 0.012061849740834343 2.6381046758993056 0.25251417950704003 2.6388388754487475 0 -2.6381719138888262 1.1591768042412778 OK 12 11 0.48559000000000002 0.40669300000000003 0.13056400000000001 0.37290899999999999 0.22353100000000001 0 0.11268100000000003 0.18316200000000002 0.13056400000000001 0.0067499999999999999 0.0086309999999999998 0.0080280000000000004 0.085283000000000012 0.15054399999999993 0.10022199999999999 0.0035440000000000003 0.0043049999999999998 0.0036549999999999998 0.00097900000000000005 0.0010920000000000001 0.00092099999999999994 1.1591767898101921 1.1591767898101921 1.1591767898101921 3.6780907655324012e-05 3.6780907655324012e-05 3.6780907655324012e-05 1 1 1 Converged Converged Converged OK OK OK 75 75 75 75 75 75 5 5 5 0 0 0 0 1 0 0 1
145 145 uniform 0 23 1455 3 0.0001 0.33508423275855892 0.0019943992651175729 0.012061849740834343 2.6381046758993056 0.25251417950704003 2.6405170458474725 0 -2.6398500842875512 1.1581935500598757 OK 12 11 0.49217499999999997 0.41505599999999998 0.128663 0.36824800000000002 0.21693799999999999 0 0.12392699999999995 0.19811799999999999 0.128663 0.00662 0.0085220000000000001 0.0063090000000000004 0.096340999999999996 0.16465599999999997 0.096398999999999971 0.0034719999999999994 0.0042050000000000004 0.003349 0.00085199999999999989 0.0010170000000000001 0.00090700000000000015 1.1581935492897293 1.1581935492897293 1.1581935492897293 5.166690407541384e-05 5.166690407541384e-05 5.166690407541384e-05 1 1 1 Converged Converged Converged OK OK OK 82 82 82 82 82 82 6 6 6 0 0 0 0 1 0 0 1
145 145 uniform 1 0 1456 0 0.001 0.33508423275855892 0.0019943992651175729 0.012061849740834343 2.6433328531644702 -0.24660348927884074 2.6409204832163033 0 -2.6402535216563821 1.1504697219882583 OK 13 12 0.82820199999999999 0.81993499999999997 0.107671 0.70912600000000003 0.71049499999999999 0 0.11907599999999996 0.10943999999999998 0.107671 0.0095940000000000001 0.009698 0.0090460000000000002 0.090574000000000002 0.082247999999999988 0.081707999999999989 0.0022440000000000003 0.0020829999999999998 0.002039 0.00049899999999999999 0.00044700000000000002 0.00044000000000000002 1.1504719510573547 1.1504719510573547 1.1504719510573547 0.00093387245252522051 0.00093387245252522051 0.00093387245252522051 1 1 1 Converged Converged Converged OK OK OK 57 57 57 57 57 57 7 7 7 0 0 0 0 0 1 0 0
145 145 uniform 1 7 1456 1 0.001 0.33508423275855892 0.0019943992651175729 0.012061849740834343 2.6433328531644702 -0.24660348927884074 2.6423888823151875 0 -2.6417219207552662 1.1480967829538422 OK 13 12 0.80929200000000001 0.675539 0.098797999999999997 0.70874700000000002 0.54990099999999997 0 0.100545 0.12563800000000003 0.098797999999999997 0.0087039999999999999 0.0086339999999999993 0.0080190000000000001 0.078044999999999962 0.10331099999999999 0.077270000000000033 0.0021199999999999999 0.0021030000000000003 0.0021080000000000001 0.00047099999999999996 0.00041600000000000003 0.00045799999999999997 1.1480973132479235 1.1480973132479235 1.1480973132479235 0.00094991563751387314 0.00094991563751387314 0.00094991563751387314 1 1 1 Converged Converged Converged OK OK OK 57 57 57 57 57 57 7 7 7 0 0 0 0 1 0 0 1
145 145 uniform 1 15 1456 2 0.001 0.33508423275855892 0.0019943992651175729 0.012061849740834343 2.6433328531644702 -0.24660348927884074 2.6440670527139121 0 -2.6434000911539908 1.1439554769927851 OK 13 12 0.72043900000000005 0.59065400000000001 0.099187999999999998 0.61970999999999998 0.46526400000000001 0 0.10072900000000007 0.12539 0.099187999999999998 0.0086070000000000001 0.0086870000000000003 0.0079129999999999999 0.078245000000000023 0.10314400000000006 0.078075999999999993 0.002078 0.0020939999999999999 0.0020479999999999999 0.00043399999999999998 0.00039800000000000002 0.000406 1.1439541216214155 1.1439541216214155 1.1439541216214155 0.00090623306420487243 0.00090623306420487243 0.00090623306420487243 1 1 1 Converged Converged Converged OK OK OK 57 57 57 57 57 57 7 7 7 0 0 0 0 1 0 0 1
145 145 uniform 1 23 1456 3 0.001 0.33508423275855892 0.0019943992651175729 0.012061849740834343 2.6433328531644702 -0.24660348927884074 2.645745223112637 0 -2.6450782615527157 1.1380063047057456 OK 13 12 0.66243200000000002 0.52815100000000004 0.099803000000000003 0.56076599999999999 0.40398899999999999 0 0.10166600000000003 0.12416200000000005 0.099803000000000003 0.0085699999999999995 0.0085389999999999997 0.0079349999999999993 0.079239000000000018 0.10207200000000001 0.078740999999999978 0.0020920000000000001 0.002137 0.0020639999999999999 0.00046000000000000001 0.00043400000000000003 0.00041599999999999997 1.1380042086040461 1.1380042086040461 1.1380042086040461 0.00091586838548704909 0.00091586838548704909 0.00091586838548704909 1 1 1 Converged Converged Converged OK OK OK 57 57 57 57 57 57 7 7 7 0 0 0 0 1 0 0 1
145 145 uniform 1 0 1456 0 0.0001 0.33508423275855892 0.0019943992651175729 0.012061849740834343 2.6433328531644702 -0.24660348927884074 2.6409204832163033 0 -2.6402535216563821 1.1504697219882583 OK 13 12 0.85859399999999997 0.86254600000000003 0.144898 0.71328400000000003 0.71492199999999995 0 0.14530999999999994 0.14762400000000009 0.144898 0.0093550000000000005 0.0099030000000000003 0.0092449999999999997 0.10641399999999991 0.10702899999999997 0.10587600000000001 0.0038300000000000001 0.0041939999999999998 0.0040850000000000001 0.00096100000000000005 0.00094200000000000002 0.000901 1.150469703250679 1.150469703250679 1.150469703250679 0.00010652350867390555 0.00010652350867390555 0.00010652350867390555 1 1 1 Converged Converged Converged OK OK OK 89 89 89 89 89 89 7 7 7 0 0 0 0 0 1 0 0
145 145 uniform 1 7 1456 1 0.0001 0.33508423275855892 0.0019943992651175729 0.012061849740834343 2.6433328531644702 -0.24660348927884074 2.6423888823151875 0 -2.6417219207552662 1.1480967829538422 OK 13 12 0.84020700000000004 0.735985 0.13234399999999999 0.70432600000000001 0.54945699999999997 0 0.13588100000000003 0.18652800000000003 0.13234399999999999 0.0088339999999999998 0.0087320000000000002 0.0080450000000000001 0.10291199999999998 0.15507999999999997 0.10132500000000003 0.0041240000000000001 0.0037329999999999998 0.003999 0.00094700000000000014 0.00088399999999999991 0.00089300000000000013 1.1480968496103461 1.1480968496103461 1.1480968496103461 6.3682072211051311e-05 6.3682072211051311e-05 6.3682072211051311e-05 1 1 1 Converged Converged Converged OK OK OK 89 89 89 89 89 89 7 7 7 0 0 0 0 1 0 0 1
145 145 uniform 1 15 1456 2 0.0001 0.33508423275855892 0.0019943992651175729 0.012061849740834343 2.6433328531644702 -0.24660348927884074 2.6440670527139121 0 -2.6434000911539908 1.1439554769927851 OK 13 12 0.77383599999999997 0.64210299999999998 0.13150300000000001 0.63112100000000004 0.46011999999999997 0 0.14271499999999993 0.18198300000000001 0.13150300000000001 0.0097350000000000006 0.0086549999999999995 0.0079909999999999998 0.10947999999999992 0.15031799999999998 0.10121500000000004 0.0037260000000000006 0.0038950000000000005 0.0035780000000000005 0.00087399999999999999 0.00088499999999999994 0.00084400000000000002 1.1439556092749412 1.1439556092749412 1.1439556092749412 3.2645106424063454e-05 3.2645106424063454e-05 3.2645106424063454e-05 1 1 1 Converged Converged Converged OK OK OK 89 89 89 89 89 89 7 7 7 0 0 0 0 1 0 0 1
145 145 uniform 1 23 1456 3 0.0001 0.33508423275855892 0.0019943992651175729 0.012061849740834343 2.6433328531644702 -0.24660348927884074 2.645745223112637 0 -2.6450782615527157 1.1380063047057456 OK 13 12 0.70571600000000001 0.57504299999999997 0.123942 0.570303 0.40447300000000003 0 0.13541300000000001 0.17056999999999994 0.123942 0.0098689999999999993 0.0087589999999999994 0.0079249999999999998 0.102099 0.14039299999999999 0.095362000000000002 0.0035900000000000003 0.0034520000000000002 0.0033210000000000002 0.00091800000000000009 0.00086699999999999993 0.00074799999999999997 1.1380056826123857 1.1380056826123857 1.1380056826123857 0.00011283043673446262 0.00011283043673446262 0.00011283043673446262 1 1 1 Converged Converged Converged OK OK OK 81 81 81 81 81 81 7 7 7 0 0 0 0 1 0 0 1
145 145 uniform 2 0 1457 0 0.001 0.33508423275855892 0.0019943992651175729 0.012061849740834343 2.6291335026890654 0.24117893100325 2.6267211327408986 0 -2.6260541711809773 1.0820404417827831 OK 13 12 0.417827 0.41568300000000002 0.089374999999999996 0.32801599999999997 0.32645999999999997 0 0.08981100000000003 0.089223000000000052 0.089374999999999996 0.0097389999999999994 0.0095219999999999992 0.0090779999999999993 0.06593099999999999 0.066063999999999998 0.067064999999999972 0.001751 0.0017009999999999998 0.0016329999999999999 0.00051099999999999995 0.000435 0.00043099999999999996 1.082041080463473 1.082041080463473 1.082041080463473 0.00069373750037608013 0.00069373750037608013 0.00069373750037608013 1 1 1 Converged Converged Converged OK OK OK 50 50 50 50 50 50 6 6 6 0 0 0 0 0 1 0 0
145 145 uniform 2 7 1457 1 0.001 0.33508423275855892 0.0019943992651175729 0.012061849740834343 2.6291335026890654 0.24117893100325 2.6281895318397828 0 -2.6275225702798615 1.0866961024016599 OK 13 12 0.70629600000000003 0.56508000000000003 0.10184600000000001 0.59986399999999995 0.44298300000000002 0 0.10643200000000008 0.12209700000000001 0.10184600000000001 0.0086979999999999991 0.0088450000000000004 0.0080890000000000007 0.083381999999999984 0.09900299999999998 0.080051999999999984 0.0020730000000000002 0.002111 0.0020219999999999999 0.00047399999999999997 0.00048099999999999998 0.000464 1.0866959869628521 1.0866959869628521 1.0866959869628521 0.00073211875769602444 0.00073211875769602444 0.00073211875769602444 1 1 1 Converged Converged Converged OK OK OK 57 57 57 57 57 57 7 7 7 0 0 0 0 1 0 0 1
145 145 uniform 2 15 1457 2 0.001 0.33508423275855892 0.0019943992651175729 0.012061849740834343 2.6291335026890654 0.24117893100325 2.6298677022385073 0 -2.629200740678586 1.0930568382602825 OK 13 12 0.70674499999999996 0.56421399999999999 0.121034 0.58781799999999995 0.422512 0 0.118927 0.14170199999999999 0.121034 0.0087030000000000007 0.0087530000000000004 0.0079869999999999993 0.093241999999999992 0.11600000000000001 0.096751999999999991 0.0025130000000000005 0.0025329999999999997 0.0024649999999999997 0.00058600000000000004 0.00059700000000000009 0.00057300000000000005 1.0930565235753891 1.0930565235753891 1.0930565235753891 0.00055624612455709927 0.00055624612455709927 0.00055624612455709927 1 1 1 Converged Converged Converged OK OK OK 65 65 65 65 65 65 7 7 7 0 0 0 0 1 0 0 1
145 145 uniform 2 23 1457 3 0.001 0.33508423275855892 0.0019943992651175729 0.012061849740834343 2.6291335026890654 0.24117893100325 2.6315458726372323 0 -2.630878911077311 1.1016696457261597 OK 13 12 0.492506 0.35924699999999998 0.117475 0.37750299999999998 0.22306699999999999 0 0.11500300000000002 0.13618 0.117475 0.0087950000000000007 0.0088760000000000002 0.0090600000000000003 0.092018000000000003 0.112631 0.094093999999999997 0.002281 0.0024970000000000001 0.0022229999999999997 0.00058 0.00067000000000000002 0.00059599999999999996 1.1016793104235272 1.1016793104235272 1.1016793104235272 0.0010282298771691488 0.0010282298771691488 0.0010282298771691488 1 1 1 Converged Converged Converged OK OK OK 65 65 65 65 65 65 7 7 7 0 0 0 0 1 0 0 1
145 145 uniform 2 0 1457 0 0.0001 0.33508423275855892 0.0019943992651175729 0.012061849740834343 2.6291335026890654 0.24117893100325 2.6267211327408986 0 -2.6260541711809773 1.0820404417827831 OK 13 12 0.44827 0.45415100000000003 0.122208 0.32669500000000001 0.33018199999999998 0 0.12157499999999999 0.12396900000000005 0.122208 0.0092669999999999992 0.0096439999999999998 0.0090810000000000005 0.087738999999999998 0.088668000000000025 0.088293000000000038 0.003215 0.0037030000000000001 0.0032599999999999999 0.00092400000000000002 0.00096099999999999994 0.00095100000000000002 1.0820402548468484 1.0820402548468484 1.0820402548468484 5.125833568163741e-05 5.125833568163741e-05 5.125833568163741e-05 1 1 1 Converged Converged Converged OK OK OK 82 82 82 82 82 82 6 6 6 0 0 0 0 0 1 0 0
145 145 uniform 2 7 1457 1 0.0001 0.33508423275855892 0.0019943992651175729 0.012061849740834343 2.6291335026890654 0.24117893100325 2.6281895318397828 0 -2.6275225702798615 1.0866961024016599 OK 13 12 0.75040099999999998 0.64322100000000004 0.15121100000000001 0.59726100000000004 0.441575 0 0.15313999999999994 0.20164600000000005 0.15121100000000001 0.0087399999999999995 0.0088419999999999992 0.0082660000000000008 0.11753799999999996 0.16503299999999987 0.11691000000000003 0.0039039999999999995 0.0043289999999999995 0.0039820000000000003 0.00098999999999999999 0.0010319999999999999 0.00097000000000000016 1.0866958405534288 1.0866958405534288 1.0866958405534288 7.3959477107598263e-05 7.3959477107598263e-05 7.3959477107598263e-05 1 1 1 Converged Converged Converged OK OK OK 97 97 97 97 97 97 7 7 7 0 0 0 0 1 0 0 1
145 145 uniform 2 15 1457 2 0.0001 0.33508423275855892 0.0019943992651175729 0.012061849740834343 2.6291335026890654 0.24117893100325 2.6298677022385073 0 -2.629200740678586 1.0930568382602825 OK 13 12 0.72290600000000005 0.613757 0.139987 0.58179700000000001 0.42120600000000002 0 0.14110900000000004 0.19255099999999997 0.139987 0.0086230000000000005 0.0087559999999999999 0.0081390000000000004 0.10999099999999998 0.16089900000000001 0.10995700000000005 0.0036020000000000002 0.0039300000000000003 0.0035750000000000005 0.00092600000000000007 0.001029 0.00094200000000000013 1.093056626105708 1.093056626105708 1.093056626105708 7.2437067660431034e-05 7.2437067660431034e-05 7.2437067660431034e-05 1 1 1 Converged Converged Converged OK OK OK 89 89 89 89 89 89 7 7 7 0 0 0 0 1 0 0 1
145 145 uniform 2 23 1457 3 0.0001 0.33508423275855892 0.0019943992651175729 0.012061849740834343 2.6291335026890654 0.24117893100325 2.6315458726372323 0 -2.630878911077311 1.1016696457261597 OK 13 12 0.52301900000000001 0.40736499999999998 0.142239 0.377581 0.21923400000000001 0 0.14543800000000001 0.18813099999999996 0.142239 0.0089449999999999998 0.0087779999999999993 0.0081790000000000005 0.11449399999999994 0.15831399999999998 0.11388500000000001 0.0040160000000000005 0.0036969999999999998 0.0034020000000000001 0.001016 0.00090799999999999995 0.00084800000000000001 1.1016695547801978 1.1016695547801978 1.1016695547801978 5.7770557677580009e-05 5.7770557677580009e-05 5.7770557677580009e-05 1 1 1 Converged Converged Converged OK OK OK 89 89 89 89 89 89 7 7 7 0 0 0 0 1 0 0 1
145 145 uniform 3 0 1458 0 0.001 0.33508423275855892 0.0019943992651175729 0.012061849740834343 0.0035470329174614968 -0.017528491860637731 0.0011346629692946279 0 -0.00046770140937344069 61.222256288896155 OK 12 11 0.41536600000000001 0.41358200000000001 0.078157000000000004 0.33616400000000002 0.33470499999999997 0 0.079201999999999995 0.07887700000000003 0.078157000000000004 0.0095720000000000006 0.0095659999999999999 0.0093109999999999998 0.050823000000000007 0.05087500000000001 0.050445999999999991 0.002565 0.002552 0.0025730000000000002 0.00061999999999999989 0.00059000000000000003 0.00061199999999999991 61.222264823183927 61.222264823183927 61.222264823183927 0.04079616623466293 0.04079616623466293 0.04079616623466293 1 1 1 Converged Converged Converged OK OK OK 52 52 52 52 52 52 4 4 4 0 0 0 0 0 1 0 0
145 145 uniform 3 7 1458 1 0.001 0.33508423275855892 0.0019943992651175729 0.012061849740834343 0.0035470329174614968 -0.017528491860637731 0.0026030620681788091 0 -0.0019361005082576218 60.697764987421607 OK 11 10 0.38419599999999998 0.27733099999999999 0.074241000000000001 0.30485400000000001 0.17069799999999999 0 0.079341999999999968 0.10663300000000001 0.074241000000000001 0.0085839999999999996 0.0087119999999999993 0.0080560000000000007 0.054664999999999998 0.081900000000000014 0.050595999999999995 0.002539 0.0026039999999999995 0.0024739999999999996 0.00059299999999999999 0.00059599999999999996 0.00057600000000000001 60.697767378751443 60.697767378751443 60.697767378751443 0.019986690806207234 0.019986690806207234 0.019986690806207234 1 1 1 Converged Converged Converged OK OK OK 52 52 52 52 52 52 4 4 4 0 0 0 0 1 0 0 1
145 145 uniform 3 15 1458 2 0.001 0.33508423275855892 0.0019943992651175729 0.012061849740834343 0.0035470329174614968 -0.017528491860637731 0.0042812324669035872 0 -0.0036142709069823999 59.533146411227897 OK 11 10 0.41175 0.29147499999999998 0.073135000000000006 0.33562599999999998 0.19231300000000001 0 0.076124000000000025 0.099161999999999972 0.073135000000000006 0.0091269999999999997 0.0090639999999999991 0.0082559999999999995 0.050577000000000004 0.074122000000000007 0.049294999999999992 0.0026510000000000001 0.0026150000000000001 0.0025430000000000001 0.0006240000000000001 0.000611 0.00057399999999999997 59.533146230725549 59.533146230725549 59.533146230725549 0.013513871813549287 0.013513871813549287 0.013513871813549287 1 1 1 Converged Converged Converged OK OK OK 52 52 52 52 52 52 4 4 4 0 0 0 0 1 0 0 1
145 145 uniform 3 23 1458 3 0.001 0.33508423275855892 0.0019943992651175729 0.012061849740834343 0.0035470329174614968 -0.017528491860637731 0.0059594028656283658 0 -0.0052924413057071785 57.863769229434261 OK 11 10 0.38577699999999998 0.279138 0.068677000000000002 0.31550899999999998 0.18690899999999999 0 0.070267999999999997 0.092229000000000005 0.068677000000000002 0.0087650000000000002 0.0090209999999999995 0.0082780000000000006 0.045596999999999999 0.067229000000000011 0.044888000000000011 0.0025010000000000002 0.002627 0.0024990000000000004 0.00057700000000000004 0.00062699999999999995 0.00059900000000000003 57.863769961750542 57.863769961750542 57.863769961750542 0.016438370429474502 0.016438370429474502 0.016438370429474502 1 1 1 Converged Converged Converged OK OK OK 52 52 52 52 52 52 4 4 4 0 0 0 0 1 0 0 1
145 145 uniform 3 0 1458 0 0.0001 0.33508423275855892 0.0019943992651175729 0.012061849740834343 0.0035470329174614968 -0.017528491860637731 0.0011346629692946279 0 -0.00046770140937344069 61.222256288896155 OK 12 11 0.44805 0.44078800000000001 0.10566200000000001 0.338972 0.334372 0 0.10907800000000001 0.10641600000000001 0.10566200000000001 0.0096190000000000008 0.0097020000000000006 0.0094710000000000003 0.073347999999999997 0.072239999999999985 0.071829000000000018 0.0041799999999999997 0.0036259999999999999 0.0035990000000000002 0.00079999999999999993 0.00076499999999999984 0.00073300000000000004 61.222255480432473 61.222255480432473 61.222255480432473 0.0002293463841438647 0.0002293463841438647 0.0002293463841438647 1 1 1 Converged Converged Converged OK OK OK 68 68 68 68 68 68 4 4 4 0 0 0 0 0 1 0 0
145 145 uniform 3 7 1458 1 0.0001 0.33508423275855892 0.0019943992651175729 0.012061849740834343 0.0035470329174614968 -0.017528491860637731 0.0026030620681788091 0 -0.0019361005082576218 60.697764987421607 OK 11 10 0.40831499999999998 0.306286 0.098788000000000001 0.30648799999999998 0.16834499999999999 0 0.101827 0.13794100000000001 0.098788000000000001 0.0088059999999999996 0.0088380000000000004 0.0081379999999999994 0.071376000000000009 0.107891 0.069897999999999988 0.003751 0.003552 0.0034539999999999996 0.00073499999999999998 0.0007490000000000001 0.00071100000000000004 60.697764048601677 60.697764048601677 60.697764048601677 0.0016377360002923439 0.0016377360002923439 0.0016377360002923439 1 1 1 Converged Converged Converged OK OK OK 68 68 68 68 68 68 4 4 4 0 0 0 0 1 0 0 1
145 145 uniform 3 15 1458 2 0.0001 0.33508423275855892 0.0019943992651175729 0.012061849740834343 0.0035470329174614968 -0.017528491860637731 0.0042812324669035872 0 -0.0036142709069823999 59.533146411227897 OK 11 10 0.438496 0.33083400000000002 0.097609000000000001 0.33724100000000001 0.19456300000000001 0 0.10125499999999998 0.136271 0.097609000000000001 0.0089929999999999993 0.0090150000000000004 0.0082609999999999992 0.070640000000000008 0.10548500000000001 0.068883999999999987 0.0035979999999999996 0.0035999999999999999 0.0033529999999999996 0.00072999999999999996 0.00076400000000000003 0.00071100000000000004 59.533146031368844 59.533146031368844 59.533146031368844 0.0059471966909488165 0.0059471966909488165 0.0059471966909488165 1 1 1 Converged Converged Converged OK OK OK 68 68 68 68 68 68 4 4 4 0 0 0 0 1 0 0 1
145 145 uniform 3 23 1458 3 0.0001 0.33508423275855892 0.0019943992651175729 0.012061849740834343 0.0035470329174614968 -0.017528491860637731 0.0059594028656283658 0 -0.0052924413057071785 57.863769229434261 OK 11 10 0.42012899999999997 0.32433099999999998 0.103168 0.31381999999999999 0.190052 0 0.10630899999999999 0.13427899999999998 0.103168 0.008992 0.0090729999999999995 0.0082319999999999997 0.069697999999999982 0.097603999999999982 0.068379999999999982 0.004679 0.0047310000000000008 0.0043940000000000003 0.00082700000000000004 0.00089700000000000001 0.00081999999999999998 57.863767859537411 57.863767859537411 57.863767859537411 0.0039640827098169091 0.0039640827098169091 0.0039640827098169091 1 1 1 Converged Converged Converged OK OK OK 84 84 84 84 84 84 4 4 4 0 0 0 0 1 0 0 1
145 145 uniform 4 0 1459 0 0.001 0.33508423275855892 0.0019943992651175729 0.012061849740834343 0.010658927915612435 0.01726548410459473 0.0082465579674455662 0 -0.0075795964075243789 55.784298635804056 OK 11 10 0.41065499999999999 0.411885 0.080113000000000004 0.32851399999999997 0.330787 0 0.08214100000000002 0.081098000000000003 0.080113000000000004 0.0098060000000000005 0.0097149999999999997 0.009299 0.053131999999999999 0.052617999999999998 0.052031000000000008 0.0027330000000000002 0.0026619999999999999 0.0026150000000000001 0.00078299999999999995 0.00069399999999999996 0.00072800000000000002 55.784271732274334 55.784271732274334 55.784271732274334 0.01814174469512056 0.01814174469512056 0.01814174469512056 1 1 1 Converged Converged Converged OK OK OK 52 52 52 52 52 52 4 4 4 0 0 0 0 0 1 0 0
145 145 uniform 4 7 1459 1 0.001 0.33508423275855892 0.0019943992651175729 0.012061849740834343 0.010658927915612435 0.01726548410459473 0.009714957066329747 0 -0.0090479955064085606 53.646716212093132 OK 11 10 0.41868 0.31289899999999998 0.072806999999999997 0.34429399999999999 0.20805799999999999 0 0.074386000000000008 0.10484099999999999 0.072806999999999997 0.0087910000000000002 0.0089540000000000002 0.0082990000000000008 0.049405999999999992 0.079877999999999991 0.048978999999999995 0.0026089999999999998 0.0026339999999999996 0.0025419999999999996 0.00064500000000000007 0.00068099999999999996 0.00066100000000000002 53.646639540346051 53.646639540346051 53.646639540346051 0.036953422268912406 0.036953422268912406 0.036953422268912406 1 1 1 Converged Converged Converged OK OK OK 52 52 52 52 52 52 4 4 4 0 0 0 0 1 0 0 1
145 145 uniform 4 15 1459 2 0.001 0.33508423275855892 0.0019943992651175729 0.012061849740834343 0.010658927915612435 0.01726548410459473 0.011393127465054526 0 -0.010726165905133339 51.115808564314705 OK 11 10 0.409105 0.29538900000000001 0.078629000000000004 0.324932 0.18829499999999999 0 0.084172999999999998 0.10709400000000002 0.078629000000000004 0.0088699999999999994 0.0088229999999999992 0.0082319999999999997 0.052369999999999993 0.078456999999999985 0.051295000000000007 0.0032079999999999999 0.0033949999999999996 0.0032049999999999999 0.00066199999999999994 0.00069399999999999996 0.00067000000000000002 51.115745559912412 51.115745559912412 51.115745559912412 0.048783437116029185 0.048783437116029185 0.048783437116029185 1 1 1 Converged Converged Converged OK OK OK 60 60 60 60 60 60 4 4 4 0 0 0 0 1 0 0 1
145 145 uniform 4 23 1459 3 0.001 0.33508423275855892 0.0019943992651175729 0.012061849740834343 0.010658927915612435 0.01726548410459473 0.013071297863779304 0 -0.012404336303858118 48.578282722358871 OK 11 10 0.38524799999999998 0.28103099999999998 0.070361999999999994 0.31303399999999998 0.17727899999999999 0 0.072214 0.10375199999999998 0.070361999999999994 0.0087189999999999993 0.008848 0.0082900000000000005 0.046452000000000007 0.078060000000000018 0.045794999999999995 0.0030179999999999998 0.0030959999999999998 0.0028509999999999998 0.00068599999999999998 0.00068600000000000009 0.00062799999999999998 48.578230817053857 48.578230817053857 48.578230817053857 0.029497888500588598 0.029497888500588598 0.029497888500588598 1 1 1 Converged Converged Converged OK OK OK 53 53 53 53 53 53 3 3 3 0 0 0 0 1 0 0 1
145 145 uniform 4 0 1459 0 0.0001 0.33508423275855892 0.0019943992651175729 0.012061849740834343 0.010658927915612435 0.01726548410459473 0.0082465579674455662 0 -0.0075795964075243789 55.784298635804056 OK 11 10 0.44953100000000001 0.44448900000000002 0.115119 0.33161299999999999 0.32902900000000002 0 0.11791800000000002 0.11546000000000001 0.115119 0.0097710000000000002 0.0098219999999999991 0.0094739999999999998 0.076126999999999986 0.075001999999999985 0.075639999999999999 0.0049899999999999996 0.0046169999999999996 0.0043550000000000004 0.00094499999999999998 0.00092999999999999995 0.00092900000000000003 55.784297438791732 55.784297438791732 55.784297438791732 0.0012141780586003377 0.0012141780586003377 0.0012141780586003377 1 1 1 Converged Converged Converged OK OK OK 84 84 84 84 84 84 4 4 4 0 0 0 0 0 1 0 0
145 145 uniform 4 7 1459 1 0.0001 0.33508423275855892 0.0019943992651175729 0.012061849740834343 0.010658927915612435 0.01726548410459473 0.009714957066329747 0 -0.0090479955064085606 53.646716212093132 OK 11 10 0.45111299999999999 0.34681800000000002 0.102774 0.34507599999999999 0.208569 0 0.10603699999999999 0.13824900000000001 0.102774 0.0090600000000000003 0.0090229999999999998 0.0083000000000000001 0.070389000000000007 0.103065 0.069163000000000016 0.0046979999999999999 0.0044949999999999999 0.0043920000000000001 0.0010299999999999999 0.00094700000000000003 0.00086700000000000004 53.64671494130279 53.64671494130279 53.64671494130279 0.00044876840542766404 0.00044876840542766404 0.00044876840542766404 1 1 1 Converged Converged Converged OK OK OK 84 84 84 84 84 84 4 4 4 0 0 0 0 1 0 0 1
145 145 uniform 4 15 1459 2 0.0001 0.33508423275855892 0.0019943992651175729 0.012061849740834343 0.010658927915612435 0.01726548410459473 0.011393127465054526 0 -0.010726165905133339 51.115808564314705 OK 11 10 0.43574299999999999 0.34758899999999998 0.104328 0.32865299999999997 0.189858 0 0.10709000000000002 0.15773099999999998 0.104328 0.0087760000000000008 0.008933 0.0083129999999999992 0.071732999999999991 0.12282800000000001 0.07044499999999998 0.0048529999999999997 0.0045199999999999997 0.0044949999999999999 0.001005 0.00092000000000000003 0.00093199999999999999 51.115807576153628 51.115807576153628 51.115807576153628 0.00027114079126567522 0.00027114079126567522 0.00027114079126567522 1 1 1 Converged Converged Converged OK OK OK 84 84 84 84 84 84 4 4 4 0 0 0 0 1 0 0 1
145 145 uniform 4 23 1459 3 0.0001 0.33508423275855892 0.0019943992651175729 0.012061849740834343 0.010658927915612435 0.01726548410459473 0.013071297863779304 0 -0.012404336303858118 48.578282722358871 OK 11 10 0.40300999999999998 0.31195200000000001 0.087099999999999997 0.31351000000000001 0.18167 0 0.089499999999999968 0.13028200000000001 0.087099999999999997 0.0087360000000000007 0.0088000000000000005 0.0081930000000000006 0.058801000000000013 0.099272999999999986 0.057791000000000009 0.0041089999999999998 0.0041259999999999995 0.0038549999999999999 0.00076600000000000008 0.00079100000000000004 0.00078000000000000009 48.5782823090722 48.5782823090722 48.5782823090722 0.00029971928257289634 0.00029971928257289634 0.00029971928257289634 1 1 1 Converged Converged Converged OK OK OK 69 69 69 69 69 69 3 3 3 0 0 0 0 1 0 0 1
146 146 linear 0 0 1460 0 0.001 2.7014327747952627 0.014123024533654946 0.00039073001492371639 -2.2994118816752143 -0.02961633938406661 -2.2994900276781989 0.5 2.3371111056258154 53.969111429531999 OK 14 13 0.79353700000000005 0.78740200000000005 0.18618599999999999 0.60228099999999996 0.59839500000000001 0 0.19125600000000009 0.18900700000000004 0.18618599999999999 0.012213999999999999 0.012449999999999999 0.011828 0.15193999999999994 0.15010699999999996 0.14838400000000004 0.0041529999999999996 0.0035629999999999993 0.0035600000000000002 0.00088499999999999994 0.00086000000000000009 0.00083600000000000005 53.969737928090048 53.969737928090048 53.969737928090048 0.017725592782055204 0.017725592782055204 0.017725592782055204 1 1 1 Converged Converged Converged OK OK OK 74 74 74 74 74 74 6 6 6 0 0 0 0 0 1 0 0
146 146 linear 0 7 1460 1 0.001 2.7014327747952627 0.014123024533654946 0.00039073001492371639 -2.2994118816752143 -0.02961633938406661 -2.2994424605459476 0.5 2.3370635384935641 55.625911034697225 OK 14 13 0.75487700000000002 0.59784000000000004 0.177644 0.56602399999999997 0.39506799999999997 0 0.18885300000000005 0.20277200000000006 0.177644 0.01264 0.011214999999999999 0.010473 0.15443600000000002 0.17079800000000001 0.14715700000000001 0.0038780000000000004 0.003686 0.0034820000000000003 0.00083399999999999989 0.00080799999999999991 0.00081700000000000002 55.626082274992662 55.626082274992662 55.626082274992662 0.0190829917931329 0.0190829917931329 0.0190829917931329 1 1 1 Converged Converged Converged OK OK OK 74 74 74 74 74 74 6 6 6 0 0 0 0 1 0 0 1
146 146 linear 0 15 1460 2 0.001 2.7014327747952627 0.014123024533654946 0.00039073001492371639 -2.2994118816752143 -0.02961633938406661 -2.2993880981090884 0.5 2.3370091760567049 56.328557457853414 OK 14 13 0.63283800000000001 0.53922000000000003 0.17916799999999999 0.44537100000000002 0.33504499999999998 0 0.18746699999999999 0.20417500000000005 0.17916799999999999 0.011226999999999999 0.011254 0.010422000000000001 0.15541200000000005 0.172319 0.14873300000000006 0.0037689999999999998 0.0037850000000000002 0.0035210000000000003 0.00080600000000000008 0.00080900000000000004 0.00080799999999999991 56.328563379038265 56.328563379038265 56.328563379038265 0.026562662224944168 0.026562662224944168 0.026562662224944168 1 1 1 Converged Converged Converged OK OK OK 74 74 74 74 74 74 6 6 6 0 0 0 0 1 0 0 1
146 146 linear 0 23 1460 3 0.001 2.7014327747952627 0.014123024533654946 0.00039073001492371639 -2.2994118816752143 -0.02961633938406661 -2.2993337356722297 0.5 2.3369548136198461 55.761556500372336 OK 14 13 1.0413019999999999 0.95540800000000004 0.21906500000000001 0.81229899999999999 0.69003300000000001 0 0.22900299999999996 0.26537500000000003 0.21906500000000001 0.011408 0.011516999999999999 0.010668 0.19270500000000002 0.22923700000000002 0.18484300000000001 0.0048700000000000002 0.0045539999999999999 0.0042519999999999997 0.00094099999999999989 0.00099799999999999997 0.00095100000000000002 55.762117495080254 55.762117495080254 55.762117495080254 0.022775308012542562 0.022775308012542562 0.022775308012542562 1 1 1 Converged Converged Converged OK OK OK 89 89 89 89 89 89 7 7 7 0 0 0 0 1 0 0 1
146 146 linear 0 0 1460 0 0.0001 2.7014327747952627 0.014123024533654946 0.00039073001492371639 -2.2994118816752143 -0.02961633938406661 -2.2994900276781989 0.5 2.3371111056258154 53.969111429531999 OK 14 13 0.902277 0.878216 0.27529500000000001 0.61489700000000003 0.602078 0 0.28737999999999997 0.27613799999999999 0.27529500000000001 0.013414000000000001 0.012267 0.011749000000000001 0.23311800000000002 0.22374599999999992 0.22351300000000002 0.0055420000000000001 0.0056189999999999999 0.0058469999999999998 0.0012690000000000002 0.0013009999999999999 0.0012990000000000002 53.969755401642956 53.969755401642956 53.969755401642956 0.0044068938087142165 0.0044068938087142165 0.0044068938087142165 1 1 1 Converged Converged Converged OK OK OK 106 106 106 106 106 106 6 6 6 0 0 0 0 0 1 0 0
146 146 linear 0 7 1460 1 0.0001 2.7014327747952627 0.014123024533654946 0.00039073001492371639 -2.2994118816752143 -0.02961633938406661 -2.2994424605459476 0.5 2.3370635384935641 55.625911034697225 OK 14 13 0.85377499999999995 0.71227499999999999 0.28313300000000002 0.55986800000000003 0.39678600000000003 0 0.29390699999999992 0.31548899999999996 0.28313300000000002 0.011325 0.01129 0.010532 0.24618600000000007 0.27124500000000001 0.24017799999999995 0.0064409999999999997 0.0062179999999999996 0.0062920000000000007 0.0012420000000000003 0.001258 0.0012060000000000003 55.626081764951138 55.626081764951138 55.626081764951138 0.0054366401727612467 0.0054366401727612467 0.0054366401727612467 1 1 1 Converged Converged Converged OK OK OK 114 114 114 114 114 114 6 6 6 0 0 0 0 1 0 0 1
146 146 linear 0 15 1460 2 0.0001 2.7014327747952627 0.014123024533654946 0.00039073001492371639 -2.2994118816752143 -0.02961633938406661 -2.2993880981090884 0.5 2.3370091760567049 56.328557457853414 OK 14 13 0.74592700000000001 0.656802 0.29061900000000002 0.44662099999999999 0.333787 0 0.29930600000000002 0.323015 0.29061900000000002 0.011294999999999999 0.011152 0.010468 0.25590400000000002 0.27714200000000022 0.24894399999999994 0.0061379999999999994 0.0060899999999999999 0.0059119999999999997 0.0012490000000000001 0.0037820000000000002 0.0012160000000000001 56.328552759687845 56.328552759687845 56.328552759687845 0.0035151144319662073 0.0035151144319662073 0.0035151144319662073 1 1 1 Converged Converged Converged OK OK OK 114 114 114 114 114 114 6 6 6 0 0 0 0 1 0 0 1
146 146 linear 0 23 1460 3 0.0001 2.7014327747952627 0.014123024533654946 0.00039073001492371639 -2.2994118816752143 -0.02961633938406661 -2.2993337356722297 0.5 2.3369548136198461 55.761556500372336 OK 14 13 1.1987829999999999 1.1180540000000001 0.37528099999999998 0.810608 0.69623500000000005 0 0.38817499999999994 0.42181900000000006 0.37528099999999998 0.014737 0.011643000000000001 0.010716 0.32954800000000017 0.36674900000000016 0.32285199999999997 0.0089370000000000005 0.009304999999999999 0.008633 0.0014040000000000001 0.0014649999999999999 0.0013600000000000001 55.76205853534605 55.76205853534605 55.76205853534605 0.0033994228773119978 0.0033994228773119978 0.0033994228773119978 1 1 1 Converged Converged Converged OK OK OK 145 145 145 145 145 145 7 7 7 0 0 0 0 1 0 0 1
146 146 linear 1 0 1461 0 0.001 2.7014327747952627 0.014123024533654946 0.00039073001492371639 -2.275262899706803 -0.0043043070845744814 -2.2753410457097876 0.5 2.3129621236574041 11.381356611216884 OK 14 13 0.70022300000000004 0.695878 0.15098900000000001 0.55016900000000002 0.54780899999999999 0 0.15005400000000002 0.14806900000000001 0.15098900000000001 0.011538 0.011976000000000001 0.0114 0.11689299999999996 0.11404099999999996 0.11796799999999999 0.0028699999999999997 0.0031189999999999998 0.0029359999999999998 0.00076800000000000002 0.000785 0.00073800000000000005 11.381424598393149 11.381424598393149 11.381424598393149 0.0085618781663507702 0.0085618781663507702 0.0085618781663507702 1 1 1 Converged Converged Converged OK OK OK 67 67 67 67 67 67 5 5 5 0 0 0 0 0 1 0 0
146 146 linear 1 7 1461 1 0.001 2.7014327747952627 0.014123024533654946 0.00039073001492371639 -2.275262899706803 -0.0043043070845744814 -2.2752934785775363 0.5 2.3129145565251528 9.9967060197473891 OK 14 13 0.60768200000000006 0.50433700000000004 0.141601 0.457403 0.32189099999999998 0 0.15027900000000005 0.18244600000000005 0.141601 0.010782999999999999 0.010935 0.010165 0.12191699999999994 0.15403200000000011 0.11451300000000007 0.0029339999999999995 0.0028649999999999995 0.0028260000000000004 0.00070899999999999999 0.00073900000000000007 0.00070300000000000007 9.9966971789675636 9.9966971789675636 9.9966971789675636 0.0085172412000825495 0.0085172412000825495 0.0085172412000825495 1 1 1 Converged Converged Converged OK OK OK 67 67 67 67 67 67 5 5 5 0 0 0 0 1 0 0 1
146 146 linear 1 15 1461 2 0.001 2.7014327747952627 0.014123024533654946 0.00039073001492371639 -2.275262899706803 -0.0043043070845744814 -2.2752391161406771 0.5 2.3128601940882936 8.4275970792966532 OK 14 13 0.68674800000000003 0.60970199999999997 0.16481299999999999 0.51703299999999996 0.395505 0 0.16971500000000006 0.21419699999999997 0.16481299999999999 0.010874999999999999 0.010972000000000001 0.010135 0.13529599999999994 0.17915199999999998 0.13157000000000002 0.0038010000000000001 0.004143 0.003823 0.00090800000000000006 0.00093399999999999993 0.00090299999999999994 8.4276233223670296 8.4276233223670296 8.4276233223670296 0.0043449347821928668 0.0043449347821928668 0.0043449347821928668 1 1 1 Converged Converged Converged OK OK OK 83 83 83 83 83 83 5 5 5 0 0 0 0 1 0 0 1
146 146 linear 1 23 1461 3 0.001 2.7014327747952627 0.014123024533654946 0.00039073001492371639 -2.275262899706803 -0.0043043070845744814 -2.2751847537038183 0.5 2.3128058316514348 6.8896963265377043 OK 14 13 0.72643899999999995 0.65383800000000003 0.160385 0.561554 0.43691000000000002 0 0.16488499999999995 0.21692800000000001 0.160385 0.010766 0.011036000000000001 0.010189999999999999 0.13164400000000001 0.18338299999999993 0.12829400000000005 0.0037309999999999999 0.0038070000000000001 0.0037130000000000002 0.00094299999999999994 0.00094500000000000009 0.00096400000000000001 6.8897046956923473 6.8897046956923473 6.8897046956923473 0.0043152138500298148 0.0043152138500298148 0.0043152138500298148 1 1 1 Converged Converged Converged OK OK OK 83 83 83 83 83 83 5 5 5 0 0 0 0 1 0 0 1
146 146 linear 1 0 1461 0 0.0001 2.7014327747952627 0.014123024533654946 0.00039073001492371639 -2.275262899706803 -0.0043043070845744814 -2.2753410457097876 0.5 2.3129621236574041 11.381356611216884 OK 14 13 0.801427 0.79618299999999997 0.24610299999999999 0.54642500000000005 0.54474800000000001 0 0.25500199999999995 0.25143499999999996 0.24610299999999999 0.011743 0.01187 0.011265000000000001 0.20563100000000001 0.19861400000000004 0.19787599999999994 0.0050029999999999996 0.0050360000000000005 0.0050430000000000006 0.001157 0.0011610000000000001 0.0012149999999999999 11.381440904314321 11.381440904314321 11.381440904314321 0.00029029850563338957 0.00029029850563338957 0.00029029850563338957 1 1 1 Converged Converged Converged OK OK OK 107 107 107 107 107 107 5 5 5 0 0 0 0 0 1 0 0
146 146 linear 1 7 1461 1 0.0001 2.7014327747952627 0.014123024533654946 0.00039073001492371639 -2.275262899706803 -0.0043043070845744814 -2.2752934785775363 0.5 2.3129145565251528 9.9967060197473891 OK 14 13 0.70463500000000001 0.61324000000000001 0.237202 0.459372 0.32078800000000002 0 0.24526300000000001 0.29245199999999999 0.237202 0.010891 0.010877 0.01026 0.20413999999999999 0.25158200000000008 0.19729600000000005 0.0051230000000000008 0.0051529999999999996 0.0050970000000000008 0.0011490000000000001 0.001127 0.001116 9.9967134859279962 9.9967134859279962 9.9967134859279962 0.00024273308166403938 0.00024273308166403938 0.00024273308166403938 1 1 1 Converged Converged Converged OK OK OK 107 107 107 107 107 107 5 5 5 0 0 0 0 1 0 0 1
146 146 linear 1 15 1461 2 0.0001 2.7014327747952627 0.014123024533654946 0.00039073001492371639 -2.275262899706803 -0.0043043070845744814 -2.2752391161406771 0.5 2.3128601940882936 8.4275970792966532 OK 14 13 0.76426400000000005 0.67828900000000003 0.23488800000000001 0.52276599999999995 0.39432600000000001 0 0.2414980000000001 0.28396300000000002 0.23488800000000001 0.010869 0.010888999999999999 0.010129000000000001 0.20047600000000007 0.24329000000000009 0.19558699999999998 0.0051960000000000001 0.0050169999999999998 0.0050250000000000017 0.0011920000000000001 0.0011449999999999998 0.0011480000000000001 8.4276396284035116 8.4276396284035116 8.4276396284035116 0.0001974934514744126 0.0001974934514744126 0.0001974934514744126 1 1 1 Converged Converged Converged OK OK OK 107 107 107 107 107 107 5 5 5 0 0 0 0 1 0 0 1
146 146 linear 1 23 1461 3 0.0001 2.7014327747952627 0.014123024533654946 0.00039073001492371639 -2.275262899706803 -0.0043043070845744814 -2.2751847537038183 0.5 2.3128058316514348 6.8896963265377043 OK 14 13 0.80670699999999995 0.72689599999999999 0.236319 0.56654599999999999 0.44082700000000002 0 0.24016099999999996 0.28606899999999996 0.236319 0.011063 0.011025 0.010196999999999999 0.19881199999999993 0.24507499999999993 0.196686 0.0052129999999999989 0.0051329999999999995 0.0050869999999999995 0.0013350000000000002 0.0012539999999999999 0.001199 6.8897210029142313 6.8897210029142313 6.8897210029142313 0.00016959492726709917 0.00016959492726709917 0.00016959492726709917 1 1 1 Converged Converged Converged OK OK OK 107 107 107 107 107 107 5 5 5 0 0 0 0 1 0 0 1
146 146 linear 2 0 1462 0 0.001 2.7014327747952627 0.014123024533654946 0.00039073001492371639 -2.2752224956256439 -0.0034884598243269832 -2.2753006416286286 0.5 2.312921719576245 24.693232696873324 OK 15 14 0.684276 0.68459199999999998 0.20180400000000001 0.47869899999999999 0.48139599999999999 0 0.20557700000000001 0.20319599999999999 0.20180400000000001 0.014543 0.014726 0.01435 0.15635699999999997 0.15291100000000002 0.15243099999999998 0.004692 0.0048370000000000002 0.0048669999999999998 0.0011620000000000001 0.0012490000000000001 0.001238 24.693195103665058 24.693195103665058 24.693195103665058 0.0088484826414934135 0.0088484826414934135 0.0088484826414934135 1 1 1 Converged Converged Converged OK OK OK 98 98 98 98 98 98 6 6 6 0 0 0 0 0 1 0 0
146 146 linear 2 7 1462 1 0.001 2.7014327747952627 0.014123024533654946 0.00039073001492371639 -2.2752224956256439 -0.0034884598243269832 -2.2752530744963773 0.5 2.3128741524439937 25.462837255122658 OK 15 14 0.70205399999999996 0.62176100000000001 0.190966 0.506741 0.379187 0 0.19531299999999996 0.24257400000000001 0.190966 0.013622 0.013916 0.012877 0.15429499999999999 0.20007500000000003 0.15089799999999998 0.0047489999999999997 0.0053010000000000002 0.0047679999999999997 0.001134 0.0012019999999999999 0.0011690000000000001 25.462792990044452 25.462792990044452 25.462792990044452 0.0090442126139136485 0.0090442126139136485 0.0090442126139136485 1 1 1 Converged Converged Converged OK OK OK 98 98 98 98 98 98 6 6 6 0 0 0 0 1 0 0 1
146 146 linear 2 15 1462 2 0.001 2.7014327747952627 0.014123024533654946 0.00039073001492371639 -2.2752224956256439 -0.0034884598243269832 -2.2751987120595181 0.5 2.3128197900071346 26.541126377006869 OK 15 14 0.58965599999999996 0.485647 0.197265 0.39094899999999999 0.24901200000000001 0 0.19870699999999997 0.23663499999999998 0.197265 0.013609 0.013653 0.01286 0.15725700000000004 0.19523200000000002 0.15776499999999996 0.0050550000000000005 0.0050590000000000001 0.0046470000000000001 0.00116 0.0012780000000000001 0.0011120000000000001 26.541069306239642 26.541069306239642 26.541069306239642 0.0094956728066079819 0.0094956728066079819 0.0094956728066079819 1 1 1 Converged Converged Converged OK OK OK 98 98 98 98 98 98 6 6 6 0 0 0 0 1 0 0 1
146 146 linear 2 23 1462 3 0.001 2.7014327747952627 0.014123024533654946 0.00039073001492371639 -2.2752224956256439 -0.0034884598243269832 -2.2751443496226593 0.5 2.3127654275702758 28.188288649980777 OK 14 13 0.76841199999999998 0.66298900000000005 0.16609599999999999 0.59242899999999998 0.46082499999999998 0 0.175983 0.20216400000000007 0.16609599999999999 0.011413 0.011416000000000001 0.01076 0.14246699999999998 0.16961099999999996 0.13472900000000002 0.0040840000000000008 0.0038440000000000002 0.0036519999999999999 0.0011050000000000001 0.001042 0.0010330000000000001 28.187201244809071 28.187201244809071 28.187201244809071 0.018788511363267941 0.018788511363267941 0.018788511363267941 1 1 1 Converged Converged Converged OK OK OK 82 82 82 82 82 82 6 6 6 0 0 0 0 1 0 0 1
146 146 linear 2 0 1462 0 0.0001 2.7014327747952627 0.014123024533654946 0.00039073001492371639 -2.2752224956256439 -0.0034884598243269832 -2.2753006416286286 0.5 2.312921719576245 24.693232696873324 OK 15 14 0.74412 0.73595600000000005 0.25283499999999998 0.48790600000000001 0.47926400000000002 0 0.256214 0.25669200000000003 0.25283499999999998 0.014475 0.014831 0.014524 0.19545199999999999 0.19493699999999994 0.19206900000000002 0.006221 0.006378 0.0064469999999999996 0.0014289999999999999 0.0015809999999999999 0.0015690000000000001 24.693211409860794 24.693211409860794 24.693211409860794 0.0017735127589846933 0.0017735127589846933 0.0017735127589846933 1 1 1 Converged Converged Converged OK OK OK 122 122 122 122 122 122 6 6 6 0 0 0 0 0 1 0 0
146 146 linear 2 7 1462 1 0.0001 2.7014327747952627 0.014123024533654946 0.00039073001492371639 -2.2752224956256439 -0.0034884598243269832 -2.2752530744963773 0.5 2.3128741524439937 25.462837255122658 OK 15 14 0.75608900000000001 0.68814399999999998 0.23808699999999999 0.51319099999999995 0.37835000000000002 0 0.24289800000000006 0.30979399999999996 0.23808699999999999 0.013771 0.013697000000000001 0.013228999999999999 0.19390100000000005 0.26086200000000009 0.18975399999999989 0.0061650000000000003 0.0061990000000000005 0.0064130000000000003 0.0014170000000000001 0.0013959999999999999 0.0014729999999999999 25.462809297281485 25.462809297281485 25.462809297281485 0.0019636271572907519 0.0019636271572907519 0.0019636271572907519 1 1 1 Converged Converged Converged OK OK OK 122 122 122 122 122 122 6 6 6 0 0 0 0 1 0 0 1
146 146 linear 2 15 1462 2 0.0001 2.7014327747952627 0.014123024533654946 0.00039073001492371639 -2.2752224956256439 -0.0034884598243269832 -2.2751987120595181 0.5 2.3128197900071346 26.541126377006869 OK 15 14 0.63814599999999999 0.553643 0.24102899999999999 0.390287 0.247307 0 0.247859 0.306336 0.24102899999999999 0.013787000000000001 0.01379 0.012936 0.19825599999999999 0.25689699999999999 0.19325600000000007 0.0064669999999999997 0.0062599999999999999 0.006234 0.0015429999999999999 0.0015190000000000002 0.00148 26.541085614666439 26.541085614666439 26.541085614666439 0.0024086434804007624 0.0024086434804007624 0.0024086434804007624 1 1 1 Converged Converged Converged OK OK OK 122 122 122 122 122 122 6 6 6 0 0 0 0 1 0 0 1
146 146 linear 2 23 1462 3 0.0001 2.7014327747952627 0.014123024533654946 0.00039073001492371639 -2.2752224956256439 -0.0034884598243269832 -2.2751443496226593 0.5 2.3127654275702758 28.188288649980777 OK 14 13 0.90201600000000004 0.86769499999999999 0.30642200000000003 0.59634200000000004 0.461727 0 0.305674 0.405968 0.30642200000000003 0.011839000000000001 0.011790999999999999 0.010822 0.24330400000000002 0.3423250000000001 0.2459080000000001 0.010538 0.011227000000000001 0.0099629999999999996 0.001768 0.001941 0.0017739999999999998 28.188188942750489 28.188188942750489 28.188188942750489 0.0014852217716698382 0.0014852217716698382 0.0014852217716698382 1 1 1 Converged Converged Converged OK OK OK 170 170 170 170 170 170 6 6 6 0 0 0 0 1 0 0 1
146 146 linear 3 0 1463 0 0.001 2.7014327747952627 0.014123024533654946 0.00039073001492371639 0.03364868911568579 -0.0030820891774400489 0.033570543112701044 0.5 0.0040505348349152773 188.97039201961476 OK 13 12 0.628305 0.61950700000000003 0.12192600000000001 0.50283199999999995 0.496369 0 0.12547300000000006 0.12313800000000003 0.12192600000000001 0.010156 0.010015 0.0097669999999999996 0.096212999999999993 0.094493999999999995 0.093941999999999998 0.0028230000000000004 0.0028170000000000001 0.0027369999999999998 0.00056999999999999998 0.00060900000000000006 0.00055999999999999995 188.97028354257895 188.97028354257895 188.97028354257895 0.14608257380811374 0.14608257380811374 0.14608257380811374 1 1 1 Converged Converged Converged OK OK OK 53 53 53 53 53 53 3 3 3 0 0 0 0 0 1 0 0
146 146 linear 3 7 1463 1 0.001 2.7014327747952627 0.014123024533654946 0.00039073001492371639 0.03364868911568579 -0.0030820891774400489 0.033618110244952627 0.5 0.0040029677026636942 187.15810276018081 OK 13 12 0.68979299999999999 0.63326099999999996 0.118265 0.56747499999999995 0.425284 0 0.12231800000000004 0.20797699999999997 0.118265 0.009691 0.0096439999999999998 0.0091540000000000007 0.095673999999999981 0.18149499999999999 0.092747999999999983 0.0027959999999999999 0.0027569999999999999 0.0028519999999999999 0.00061400000000000007 0.00056599999999999999 0.00055800000000000001 187.15799213010717 187.15799213010717 187.15799213010717 0.14674889965776056 0.14674889965776056 0.14674889965776056 1 1 1 Converged Converged Converged OK OK OK 53 53 53 53 53 53 3 3 3 0 0 0 0 1 0 0 1
146 146 linear 3 15 1463 2 0.001 2.7014327747952627 0.014123024533654946 0.00039073001492371639 0.03364868911568579 -0.0030820891774400489 0.033672472681811581 0.5 0.0039486052658047402 185.25511438576001 OK 13 12 0.64841400000000005 0.58264700000000003 0.11953800000000001 0.52491399999999999 0.38177499999999998 0 0.12350000000000005 0.20087200000000005 0.11953800000000001 0.0096080000000000002 0.0097560000000000008 0.0091319999999999995 0.097066000000000013 0.174344 0.094237999999999975 0.002745 0.0028159999999999999 0.0026749999999999999 0.00055900000000000004 0.00056800000000000004 0.00058399999999999999 185.25500626550456 185.25500626550456 185.25500626550456 0.14750777759101394 0.14750777759101394 0.14750777759101394 1 1 1 Converged Converged Converged OK OK OK 53 53 53 53 53 53 3 3 3 0 0 0 0 1 0 0 1
146 146 linear 3 23 1463 3 0.001 2.7014327747952627 0.014123024533654946 0.00039073001492371639 0.03364868911568579 -0.0030820891774400489 0.033726835118670535 0.5 0.0038942428289457862 183.51154241264865 OK 13 12 0.67605499999999996 0.63691699999999996 0.114394 0.55798999999999999 0.42281299999999999 0 0.11806499999999998 0.21410399999999996 0.114394 0.0099349999999999994 0.0099539999999999993 0.0093720000000000001 0.09132499999999999 0.18711399999999997 0.088971999999999968 0.0028579999999999999 0.0028630000000000001 0.002594 0.00055900000000000004 0.00056599999999999999 0.00054299999999999997 183.51144022294287 183.51144022294287 183.51144022294287 0.14826313122320625 0.14826313122320625 0.14826313122320625 1 1 1 Converged Converged Converged OK OK OK 53 53 53 53 53 53 3 3 3 0 0 0 0 1 0 0 1
146 146 linear 3 0 1463 0 0.0001 2.7014327747952627 0.014123024533654946 0.00039073001492371639 0.03364868911568579 -0.0030820891774400489 0.033570543112701044 0.5 0.0040505348349152773 188.97039201961476 OK 13 12 0.65506600000000004 0.66112899999999997 0.154583 0.49650899999999998 0.505328 0 0.15855700000000006 0.15580099999999997 0.154583 0.010153000000000001 0.010026 0.0097149999999999997 0.123933 0.12134399999999999 0.12102099999999999 0.0036540000000000001 0.0037239999999999999 0.0035620000000000001 0.00068700000000000011 0.00068300000000000001 0.00068000000000000005 188.97028358390332 188.97028358390332 188.97028358390332 2.2615660538572823e-05 2.2615660538572823e-05 2.2615660538572823e-05 1 1 1 Converged Converged Converged OK OK OK 69 69 69 69 69 69 3 3 3 0 0 0 0 0 1 0 0
146 146 linear 3 7 1463 1 0.0001 2.7014327747952627 0.014123024533654946 0.00039073001492371639 0.03364868911568579 -0.0030820891774400489 0.033618110244952627 0.5 0.0040029677026636942 187.15810276018081 OK 13 12 0.72485599999999994 0.69734499999999999 0.15179400000000001 0.56857500000000005 0.428699 0 0.15628099999999989 0.268646 0.15179400000000001 0.009587 0.0096039999999999997 0.0091059999999999995 0.12464200000000006 0.23702600000000004 0.12136499999999999 0.0038790000000000001 0.0038300000000000001 0.0037360000000000002 0.00071100000000000004 0.00070500000000000001 0.00072099999999999996 187.15799217022021 187.15799217022021 187.15799217022021 2.1596610551096945e-05 2.1596610551096945e-05 2.1596610551096945e-05 1 1 1 Converged Converged Converged OK OK OK 69 69 69 69 69 69 3 3 3 0 0 0 0 1 0 0 1
146 146 linear 3 15 1463 2 0.0001 2.7014327747952627 0.014123024533654946 0.00039073001492371639 0.03364868911568579 -0.0030820891774400489 0.033672472681811581 0.5 0.0039486052658047402 185.25511438576001 OK 13 12 0.68696299999999999 0.65382300000000004 0.15623500000000001 0.52238499999999999 0.38186500000000001 0 0.164578 0.27195800000000003 0.15623500000000001 0.010892000000000001 0.0097219999999999997 0.0090969999999999992 0.13106200000000001 0.24017100000000013 0.12593100000000002 0.0038960000000000002 0.0037639999999999996 0.0036639999999999997 0.00068599999999999998 0.00068899999999999994 0.000669 185.25500630348773 185.25500630348773 185.25500630348773 2.05175589007693e-05 2.05175589007693e-05 2.05175589007693e-05 1 1 1 Converged Converged Converged OK OK OK 69 69 69 69 69 69 3 3 3 0 0 0 0 1 0 0 1
146 146 linear 3 23 1463 3 0.0001 2.7014327747952627 0.014123024533654946 0.00039073001492371639 0.03364868911568579 -0.0030820891774400489 0.033726835118670535 0.5 0.0038942428289457862 183.51154241264865 OK 13 12 0.71871200000000002 0.70131399999999999 0.148172 0.56125000000000003 0.420234 0 0.15746199999999999 0.28108 0.148172 0.011150999999999999 0.010005999999999999 0.0094249999999999994 0.12389500000000005 0.24879400000000002 0.11756900000000006 0.0037659999999999994 0.0038600000000000001 0.0036960000000000001 0.00076300000000000001 0.00071000000000000002 0.00070100000000000002 183.51144025922875 183.51144025922875 183.51144025922875 1.9523324128063991e-05 1.9523324128063991e-05 1.9523324128063991e-05 1 1 1 Converged Converged Converged OK OK OK 69 69 69 69 69 69 3 3 3 0 0 0 0 1 0 0 1
146 146 linear 4 0 1464 0 0.001 2.7014327747952627 0.014123024533654946 0.00039073001492371639 -2.3214858137139447 -0.0018764251690228258 -2.3215639597169293 0.5 2.3591850376645458 23.503289472077963 OK 15 14 0.54617499999999997 0.545458 0.170017 0.37195 0.372776 0 0.17422499999999996 0.172682 0.170017 0.014565 0.014644000000000001 0.014019999999999999 0.12716999999999998 0.12538499999999997 0.12428700000000005 0.0042910000000000005 0.0044770000000000001 0.0043429999999999996 0.00095099999999999991 0.00093199999999999999 0.00095199999999999994 23.503260381308706 23.503260381308706 23.503260381308706 0.016850729153117392 0.016850729153117392 0.016850729153117392 1 1 1 Converged Converged Converged OK OK OK 90 90 90 90 90 90 6 6 6 0 0 0 0 0 1 0 0
146 146 linear 4 7 1464 1 0.001 2.7014327747952627 0.014123024533654946 0.00039073001492371639 -2.3214858137139447 -0.0018764251690228258 -2.321516392584678 0.5 2.3591374705322945 23.201129797106475 OK 15 14 0.58881399999999995 0.47219 0.16355600000000001 0.41946 0.275007 0 0.16935399999999995 0.197183 0.16355600000000001 0.013690000000000001 0.013715 0.01299 0.12947800000000001 0.15829299999999996 0.12567800000000001 0.0046050000000000006 0.0043470000000000002 0.0042710000000000005 0.00094200000000000013 0.00092199999999999997 0.00091099999999999992 23.201100841523274 23.201100841523274 23.201100841523274 0.014916411912747179 0.014916411912747179 0.014916411912747179 1 1 1 Converged Converged Converged OK OK OK 90 90 90 90 90 90 6 6 6 0 0 0 0 1 0 0 1
146 146 linear 4 15 1464 2 0.001 2.7014327747952627 0.014123024533654946 0.00039073001492371639 -2.3214858137139447 -0.0018764251690228258 -2.3214620301478188 0.5 2.3590831080954353 22.87191154169064 OK 15 14 0.55217799999999995 0.45203700000000002 0.157363 0.39041199999999998 0.26181300000000002 0 0.16176599999999997 0.190224 0.157363 0.013698 0.013651 0.012827 0.12247400000000004 0.15124899999999999 0.119658 0.0043630000000000006 0.0043300000000000005 0.0044099999999999999 0.00097300000000000012 0.001047 0.00096400000000000001 22.871882942565332 22.871882942565332 22.871882942565332 0.013397663099322684 0.013397663099322684 0.013397663099322684 1 1 1 Converged Converged Converged OK OK OK 90 90 90 90 90 90 6 6 6 0 0 0 0 1 0 0 1
146 146 linear 4 23 1464 3 0.001 2.7014327747952627 0.014123024533654946 0.00039073001492371639 -2.3214858137139447 -0.0018764251690228258 -2.3214076677109601 0.5 2.3590287456585766 22.558405842383536 OK 15 14 0.58874499999999996 0.47518100000000002 0.16373499999999999 0.410057 0.27829999999999999 0 0.17868799999999996 0.19688100000000003 0.16373499999999999 0.013767 0.013672 0.012834 0.13916400000000001 0.15779600000000002 0.12580200000000002 0.0043040000000000005 0.0043629999999999997 0.0044669999999999996 0.00095600000000000004 0.00095399999999999999 0.00092800000000000001 22.558377733446097 22.558377733446097 22.558377733446097 0.012536370041295734 0.012536370041295734 0.012536370041295734 1 1 1 Converged Converged Converged OK OK OK 90 90 90 90 90 90 6 6 6 0 0 0 0 1 0 0 1
146 146 linear 4 0 1464 0 0.0001 2.7014327747952627 0.014123024533654946 0.00039073001492371639 -2.3214858137139447 -0.0018764251690228258 -2.3215639597169293 0.5 2.3591850376645458 23.503289472077963 OK 15 14 0.61111000000000004 0.60814299999999999 0.237035 0.371612 0.37276999999999999 0 0.23949800000000004 0.235373 0.237035 0.014704 0.014796999999999999 0.015195999999999999 0.17842399999999997 0.17469900000000016 0.176123 0.0060289999999999996 0.0058919999999999997 0.0059489999999999994 0.0013799999999999999 0.001374 0.0013669999999999999 23.503275693405932 23.503275693405932 23.503275693405932 0.0015715696175455575 0.0015715696175455575 0.0015715696175455575 1 1 1 Converged Converged Converged OK OK OK 122 122 122 122 122 122 6 6 6 0 0 0 0 0 1 0 0
146 146 linear 4 7 1464 1 0.0001 2.7014327747952627 0.014123024533654946 0.00039073001492371639 -2.3214858137139447 -0.0018764251690228258 -2.321516392584678 0.5 2.3591374705322945 23.201129797106475 OK 15 14 0.65219800000000006 0.54749899999999996 0.221163 0.42034300000000002 0.28008100000000002 0 0.23185500000000003 0.26741799999999993 0.221163 0.013807 0.014860999999999999 0.012987 0.18360000000000007 0.21706400000000001 0.17413099999999998 0.0058200000000000005 0.0059360000000000012 0.0059570000000000005 0.0013259999999999999 0.001358 0.001297 23.201116164659659 23.201116164659659 23.201116164659659 0.0016948847172210946 0.0016948847172210946 0.0016948847172210946 1 1 1 Converged Converged Converged OK OK OK 122 122 122 122 122 122 6 6 6 0 0 0 0 1 0 0 1
146 146 linear 4 15 1464 2 0.0001 2.7014327747952627 0.014123024533654946 0.00039073001492371639 -2.3214858137139447 -0.0018764251690228258 -2.3214620301478188 0.5 2.3590831080954353 22.87191154169064 OK 15 14 0.606549 0.52261199999999997 0.213172 0.38745499999999999 0.26716200000000001 0 0.21909400000000001 0.25544999999999995 0.213172 0.013557 0.013877 0.012905 0.17060699999999987 0.206176 0.16605900000000007 0.0059940000000000011 0.0064720000000000003 0.0060759999999999998 0.001358 0.0014300000000000001 0.00133 22.871898272915182 22.871898272915182 22.871898272915182 0.0019154043187783192 0.0019154043187783192 0.0019154043187783192 1 1 1 Converged Converged Converged OK OK OK 122 122 122 122 122 122 6 6 6 0 0 0 0 1 0 0 1
146 146 linear 4 23 1464 3 0.0001 2.7014327747952627 0.014123024533654946 0.00039073001492371639 -2.3214858137139447 -0.0018764251690228258 -2.3214076677109601 0.5 2.3590287456585766 22.558405842383536 OK 15 14 0.65971999999999997 0.57577999999999996 0.241817 0.41192200000000001 0.28155000000000002 0 0.24779799999999996 0.29422999999999994 0.241817 0.013802999999999999 0.013788999999999999 0.012774000000000001 0.19224599999999986 0.23822999999999989 0.18809899999999985 0.0068399999999999997 0.0072250000000000005 0.0068120000000000003 0.0015140000000000002 0.0014900000000000002 0.0014829999999999999 22.558393068734571 22.558393068734571 22.558393068734571 0.00095505033063710812 0.00095505033063710812 0.00095505033063710812 1 1 1 Converged Converged Converged OK OK OK 138 138 138 138 138 138 6 6 6 0 0 0 0 1 0 0 1
146 146 uniform 0 0 1465 0 0.001 2.7014327747952627 0.014123024533654946 0.00039073001492371639 -2.2994118816752143 -0.02961633938406661 -2.2994900276781989 0 2.3371111056258154 52.037369810655967 OK 14 13 0.73996700000000004 0.74118499999999998 0.136356 0.60449600000000003 0.60048800000000002 0 0.13547100000000001 0.14069699999999996 0.136356 0.012063000000000001 0.012735 0.012014 0.097973000000000005 0.10188200000000001 0.097767999999999994 0.0032339999999999999 0.0036879999999999999 0.0036520000000000003 0.00092900000000000003 0.00085899999999999995 0.00088000000000000014 52.037376675502571 52.037376675502571 52.037376675502571 0.0077385119278989964 0.0077385119278989964 0.0077385119278989964 1 1 1 Converged Converged Converged OK OK OK 74 74 74 74 74 74 6 6 6 0 0 0 0 0 1 0 0
146 146 uniform 0 7 1465 1 0.001 2.7014327747952627 0.014123024533654946 0.00039073001492371639 -2.2994118816752143 -0.02961633938406661 -2.2994424605459476 0 2.3370635384935641 53.229654855205879 OK 14 13 0.69003800000000004 0.54627599999999998 0.12933700000000001 0.55846899999999999 0.39246799999999998 0 0.13156900000000005 0.153808 0.12933700000000001 0.011240999999999999 0.0114 0.010473 0.099889000000000019 0.12141499999999998 0.098918999999999979 0.0033100000000000009 0.0035660000000000006 0.0033009999999999997 0.00088900000000000003 0.00095500000000000001 0.00090199999999999992 53.229664890558659 53.229664890558659 53.229664890558659 0.011379848593790884 0.011379848593790884 0.011379848593790884 1 1 1 Converged Converged Converged OK OK OK 74 74 74 74 74 74 6 6 6 0 0 0 0 1 0 0 1
146 146 uniform 0 15 1465 2 0.001 2.7014327747952627 0.014123024533654946 0.00039073001492371639 -2.2994118816752143 -0.02961633938406661 -2.2993880981090884 0 2.3370091760567049 53.742646667927815 OK 14 13 0.59140300000000001 0.49007200000000001 0.130218 0.44283499999999998 0.33440599999999998 0 0.14856800000000003 0.15566600000000003 0.130218 0.012263 0.011098 0.010362 0.11566600000000002 0.12463399999999999 0.100178 0.00329 0.0032480000000000005 0.0031739999999999997 0.00083000000000000001 0.00077200000000000001 0.00083499999999999991 53.742702110674884 53.742702110674884 53.742702110674884 0.023480625211293318 0.023480625211293318 0.023480625211293318 1 1 1 Converged Converged Converged OK OK OK 74 74 74 74 74 74 6 6 6 0 0 0 0 1 0 0 1
146 146 uniform 0 23 1465 3 0.001 2.7014327747952627 0.014123024533654946 0.00039073001492371639 -2.2994118816752143 -0.02961633938406661 -2.2993337356722297 0 2.3369548136198461 53.362508712526619 OK 14 13 0.98544500000000002 0.885212 0.150785 0.82449700000000004 0.69318000000000002 0 0.16094799999999998 0.19203199999999998 0.150785 0.013027 0.011358 0.010703000000000001 0.12215500000000003 0.15706300000000001 0.11709999999999998 0.0046690000000000004 0.004045 0.0039590000000000007 0.00093800000000000003 0.00090300000000000005 0.00088000000000000003 53.362646456196352 53.362646456196352 53.362646456196352 0.015861028737311881 0.015861028737311881 0.015861028737311881 1 1 1 Converged Converged Converged OK OK OK 89 89 89 89 89 89 7 7 7 0 0 0 0 1 0 0 1
146 146 uniform 0 0 1465 0 0.0001 2.7014327747952627 0.014123024533654946 0.00039073001492371639 -2.2994118816752143 -0.02961633938406661 -2.2994900276781989 0 2.3371111056258154 52.037369810655967 OK 14 13 0.75112699999999999 0.75060300000000002 0.149537 0.60182899999999995 0.60192400000000001 0 0.14929800000000004 0.14867900000000001 0.149537 0.012388 0.012548999999999999 0.011825 0.10652900000000001 0.106646 0.108044 0.0038490000000000004 0.0038050000000000002 0.003862 0.001073 0.001047 0.0010200000000000001 52.037379964932789 52.037379964932789 52.037379964932789 0.0051190328076367543 0.0051190328076367543 0.0051190328076367543 1 1 1 Converged Converged Converged OK OK OK 82 82 82 82 82 82 6 6 6 0 0 0 0 0 1 0 0
146 146 uniform 0 7 1465 1 0.0001 2.7014327747952627 0.014123024533654946 0.00039073001492371639 -2.2994118816752143 -0.02961633938406661 -2.2994424605459476 0 2.3370635384935641 53.229654855205879 OK 14 13 0.74925799999999998 0.610869 0.19166800000000001 0.55985600000000002 0.39576499999999998 0 0.18940199999999996 0.21510400000000002 0.19166800000000001 0.011200999999999999 0.011299 0.010503999999999999 0.14662900000000001 0.17240499999999997 0.14996499999999988 0.0050619999999999997 0.0049639999999999997 0.0051600000000000005 0.0011950000000000001 0.001175 0.0011310000000000001 53.229660972321064 53.229660972321064 53.229660972321064 0.0033472657631009916 0.0033472657631009916 0.0033472657631009916 1 1 1 Converged Converged Converged OK OK OK 106 106 106 106 106 106 6 6 6 0 0 0 0 1 0 0 1
146 146 uniform 0 15 1465 2 0.0001 2.7014327747952627 0.014123024533654946 0.00039073001492371639 -2.2994118816752143 -0.02961633938406661 -2.2993880981090884 0 2.3370091760567049 53.742646667927815 OK 14 13 0.63246599999999997 0.54764900000000005 0.18445800000000001 0.44213599999999997 0.33305600000000002 0 0.19033 0.21459300000000003 0.18445800000000001 0.011044 0.011331000000000001 0.010418999999999999 0.15059799999999995 0.17437800000000006 0.14579300000000003 0.0049519999999999998 0.0051780000000000003 0.0050330000000000001 0.0010859999999999999 0.001103 0.0011280000000000001 53.742654087996399 53.742654087996399 53.742654087996399 0.0032888624164386358 0.0032888624164386358 0.0032888624164386358 1 1 1 Converged Converged Converged OK OK OK 106 106 106 106 106 106 6 6 6 0 0 0 0 1 0 0 1
146 146 uniform 0 23 1465 3 0.0001 2.7014327747952627 0.014123024533654946 0.00039073001492371639 -2.2994118816752143 -0.02961633938406661 -2.2993337356722297 0 2.3369548136198461 53.362508712526619 OK 14 13 1.0432790000000001 0.97716400000000003 0.22662099999999999 0.81472999999999995 0.703731 0 0.22854900000000011 0.27343300000000004 0.22662099999999999 0.011419 0.01149 0.010635 0.17924800000000005 0.22328200000000006 0.17840800000000004 0.007267 0.0076930000000000011 0.007293 0.001106 0.0011479999999999997 0.001183 53.36251625099419 53.36251625099419 53.36251625099419 0.004705560051834496 0.004705560051834496 0.004705560051834496 1 1 1 Converged Converged Converged OK OK OK 137 137 137 137 137 137 7 7 7 0 0 0 0 1 0 0 1
146 146 uniform 1 0 1466 0 0.001 2.7014327747952627 0.014123024533654946 0.00039073001492371639 -2.275262899706803 -0.0043043070845744814 -2.2753410457097876 0 2.3129621236574041 12.280069699779572 OK 14 13 0.67566700000000002 0.67499100000000001 0.124654 0.54991599999999996 0.54474400000000001 0 0.12575100000000006 0.130247 0.124654 0.011655 0.011861 0.011338000000000001 0.092687000000000047 0.096637999999999988 0.09210500000000002 0.0026950000000000003 0.002823 0.0027059999999999996 0.00072499999999999995 0.00076099999999999996 0.00076399999999999992 12.280065920081286 12.280065920081286 12.280065920081286 0.0040826563444712992 0.0040826563444712992 0.0040826563444712992 1 1 1 Converged Converged Converged OK OK OK 67 67 67 67 67 67 5 5 5 0 0 0 0 0 1 0 0
146 146 uniform 1 7 1466 1 0.001 2.7014327747952627 0.014123024533654946 0.00039073001492371639 -2.275262899706803 -0.0043043070845744814 -2.2752934785775363 0 2.3129145565251528 10.925206250995616 OK 14 13 0.58121599999999995 0.482713 0.119589 0.45918599999999998 0.32250099999999998 0 0.12202999999999997 0.16021200000000002 0.119589 0.010999999999999999 0.011016 0.010193000000000001 0.093844999999999998 0.13214200000000004 0.092647999999999966 0.0026619999999999999 0.0028040000000000001 0.0026640000000000001 0.000727 0.00071400000000000012 0.00070300000000000007 10.925202813297352 10.925202813297352 10.925202813297352 0.004061190257611506 0.004061190257611506 0.004061190257611506 1 1 1 Converged Converged Converged OK OK OK 67 67 67 67 67 67 5 5 5 0 0 0 0 1 0 0 1
146 146 uniform 1 15 1466 2 0.001 2.7014327747952627 0.014123024533654946 0.00039073001492371639 -2.275262899706803 -0.0043043070845744814 -2.2752391161406771 0 2.3128601940882936 9.3368921888576129 OK 14 13 0.64054100000000003 0.54324300000000003 0.119035 0.51978000000000002 0.390347 0 0.12076100000000001 0.15289600000000003 0.119035 0.010779 0.01379 0.010187999999999999 0.092873999999999998 0.12201899999999999 0.092109999999999984 0.0027560000000000002 0.0028210000000000002 0.0027419999999999996 0.000727 0.00073200000000000001 0.00072300000000000012 9.3368886874813715 9.3368886874813715 9.3368886874813715 0.0040451497498866056 0.0040451497498866056 0.0040451497498866056 1 1 1 Converged Converged Converged OK OK OK 67 67 67 67 67 67 5 5 5 0 0 0 0 1 0 0 1
146 146 uniform 1 23 1466 3 0.001 2.7014327747952627 0.014123024533654946 0.00039073001492371639 -2.275262899706803 -0.0043043070845744814 -2.2751847537038183 0 2.3128058316514348 7.7070538608350523 OK 14 13 0.67646499999999998 0.58984999999999999 0.115255 0.55752699999999999 0.43837999999999999 0 0.11893799999999999 0.15146999999999999 0.115255 0.010794 0.010900999999999999 0.01021 0.089051999999999978 0.123253 0.088520000000000001 0.0026490000000000003 0.0027819999999999998 0.0026830000000000005 0.00072899999999999994 0.00075200000000000006 0.00070100000000000002 7.7070503679712079 7.7070503679712079 7.7070503679712079 0.0040428712095668552 0.0040428712095668552 0.0040428712095668552 1 1 1 Converged Converged Converged OK OK OK 67 67 67 67 67 67 5 5 5 0 0 0 0 1 0 0 1
146 146 uniform 1 0 1466 0 0.0001 2.7014327747952627 0.014123024533654946 0.00039073001492371639 -2.275262899706803 -0.0043043070845744814 -2.2753410457097876 0 2.3129621236574041 12.280069699779572 OK 14 13 0.70560299999999998 0.71902600000000005 0.15831400000000001 0.54727199999999998 0.55002899999999999 0 0.158331 0.16899700000000006 0.15831400000000001 0.011575 0.012973 0.011317000000000001 0.11604800000000004 0.12396100000000007 0.11599199999999998 0.0039759999999999995 0.0040990000000000002 0.0040099999999999997 0.00098300000000000015 0.001052 0.00099099999999999991 12.280069318016217 12.280069318016217 12.280069318016217 0.00052163549666679558 0.00052163549666679558 0.00052163549666679558 1 1 1 Converged Converged Converged OK OK OK 91 91 91 91 91 91 5 5 5 0 0 0 0 0 1 0 0
146 146 uniform 1 7 1466 1 0.0001 2.7014327747952627 0.014123024533654946 0.00039073001492371639 -2.275262899706803 -0.0043043070845744814 -2.2752934785775363 0 2.3129145565251528 10.925206250995616 OK 14 13 0.611128 0.52568199999999998 0.149202 0.46004800000000001 0.32165199999999999 0 0.15107999999999999 0.20402999999999999 0.149202 0.010906000000000001 0.01074 0.010207000000000001 0.11555599999999998 0.16842899999999997 0.11502799999999998 0.0040159999999999996 0.0040280000000000003 0.0039420000000000002 0.00096000000000000013 0.001008 0.00093899999999999995 10.925206211448403 10.925206211448403 10.925206211448403 0.00049906731378461782 0.00049906731378461782 0.00049906731378461782 1 1 1 Converged Converged Converged OK OK OK 91 91 91 91 91 91 5 5 5 0 0 0 0 1 0 0 1
146 146 uniform 1 15 1466 2 0.0001 2.7014327747952627 0.014123024533654946 0.00039073001492371639 -2.275262899706803 -0.0043043070845744814 -2.2752391161406771 0 2.3128601940882936 9.3368921888576129 OK 14 13 0.670018 0.59512299999999996 0.14908099999999999 0.51894499999999999 0.39560099999999998 0 0.15107300000000001 0.19952199999999998 0.14908099999999999 0.01082 0.010917 0.010222999999999999 0.11581700000000003 0.16036999999999993 0.114872 0.0039969999999999997 0.0079819999999999995 0.003973 0.00097199999999999999 0.00098999999999999999 0.000959 9.3368920858796152 9.3368920858796152 9.3368920858796152 0.00048176328794314032 0.00048176328794314032 0.00048176328794314032 1 1 1 Converged Converged Converged OK OK OK 91 91 91 91 91 91 5 5 5 0 0 0 0 1 0 0 1
146 146 uniform 1 23 1466 3 0.0001 2.7014327747952627 0.014123024533654946 0.00039073001492371639 -2.275262899706803 -0.0043043070845744814 -2.2751847537038183 0 2.3128058316514348 7.7070538608350523 OK 14 13 0.70815600000000001 0.63250600000000001 0.14533799999999999 0.56084900000000004 0.43531599999999998 0 0.14730699999999997 0.19719000000000003 0.14533799999999999 0.010887000000000001 0.010923 0.010168 0.111813 0.16169399999999992 0.11115900000000001 0.0039760000000000004 0.0040299999999999997 0.0039880000000000002 0.00099199999999999983 0.00099299999999999996 0.00097499999999999996 7.7070537666165979 7.7070537666165979 7.7070537666165979 0.00047821697388764019 0.00047821697388764019 0.00047821697388764019 1 1 1 Converged Converged Converged OK OK OK 91 91 91 91 91 91 5 5 5 0 0 0 0 1 0 0 1
146 146 uniform 2 0 1467 0 0.001 2.7014327747952627 0.014123024533654946 0.00039073001492371639 -2.2752224956256439 -0.0034884598243269832 -2.2753006416286286 0 2.312921719576245 24.886765776797876 OK 15 14 0.63409499999999996 0.63737999999999995 0.15159 0.47818899999999998 0.48405100000000001 0 0.15590599999999999 0.15332899999999994 0.15159 0.014537 0.014584 0.014289 0.11322399999999996 0.11080999999999998 0.10954700000000005 0.0035979999999999996 0.0035479999999999999 0.0034919999999999999 0.0010029999999999998 0.00098300000000000015 0.0010020000000000001 24.886761493845881 24.886761493845881 24.886761493845881 0.011983247270276052 0.011983247270276052 0.011983247270276052 1 1 1 Converged Converged Converged OK OK OK 82 82 82 82 82 82 6 6 6 0 0 0 0 0 1 0 0
146 146 uniform 2 7 1467 1 0.001 2.7014327747952627 0.014123024533654946 0.00039073001492371639 -2.2752224956256439 -0.0034884598243269832 -2.2752530744963773 0 2.3128741524439937 25.703174594060986 OK 15 14 0.64835500000000001 0.56433100000000003 0.144979 0.50251800000000002 0.38409399999999999 0 0.14583699999999999 0.18023700000000004 0.144979 0.013695000000000001 0.013671000000000001 0.012970000000000001 0.10731099999999998 0.14454 0.106729 0.0034300000000000003 0.003725 0.0034640000000000001 0.00092400000000000002 0.00093399999999999993 0.00088400000000000002 25.703170187021978 25.703170187021978 25.703170187021978 0.013407274361585406 0.013407274361585406 0.013407274361585406 1 1 1 Converged Converged Converged OK OK OK 82 82 82 82 82 82 6 6 6 0 0 0 0 1 0 0 1
146 146 uniform 2 15 1467 2 0.001 2.7014327747952627 0.014123024533654946 0.00039073001492371639 -2.2752224956256439 -0.0034884598243269832 -2.2751987120595181 0 2.3128197900071346 26.869135290592595 OK 15 14 0.53423299999999996 0.43279499999999999 0.14555100000000001 0.38642300000000002 0.24719099999999999 0 0.14780999999999994 0.18560399999999999 0.14555100000000001 0.013847 0.01374 0.012883 0.111818 0.14579899999999993 0.11134500000000003 0.003676 0.0035950000000000001 0.0034629999999999995 0.00095800000000000008 0.00089000000000000006 0.00089300000000000002 26.869131775723886 26.869131775723886 26.869131775723886 0.016226246276175922 0.016226246276175922 0.016226246276175922 1 1 1 Converged Converged Converged OK OK OK 82 82 82 82 82 82 6 6 6 0 0 0 0 1 0 0 1
146 146 uniform 2 23 1467 3 0.001 2.7014327747952627 0.014123024533654946 0.00039073001492371639 -2.2752224956256439 -0.0034884598243269832 -2.2751443496226593 0 2.3127654275702758 28.773605249137475 OK 14 13 0.73686099999999999 0.63688999999999996 0.140736 0.59375299999999998 0.46037 0 0.14310800000000001 0.17651999999999995 0.140736 0.011244000000000001 0.01123 0.010607999999999999 0.11076600000000004 0.14483000000000001 0.11011 0.0042059999999999997 0.0036029999999999999 0.0035229999999999992 0.000941 0.00097499999999999996 0.00097100000000000007 28.771987198306533 28.771987198306533 28.771987198306533 0.024730900067453133 0.024730900067453133 0.024730900067453133 1 1 1 Converged Converged Converged OK OK OK 82 82 82 82 82 82 6 6 6 0 0 0 0 1 0 0 1
146 146 uniform 2 0 1467 0 0.0001 2.7014327747952627 0.014123024533654946 0.00039073001492371639 -2.2752224956256439 -0.0034884598243269832 -2.2753006416286286 0 2.312921719576245 24.886765776797876 OK 15 14 0.67702799999999996 0.66451899999999997 0.18621499999999999 0.48109600000000002 0.47738599999999998 0 0.19593199999999994 0.18713299999999999 0.18621499999999999 0.014944000000000001 0.014860999999999999 0.014376 0.14110800000000001 0.13322499999999995 0.13348399999999996 0.0052829999999999995 0.0049720000000000007 0.0050090000000000004 0.0013370000000000001 0.001343 0.0012620000000000001 24.886764846709852 24.886764846709852 24.886764846709852 0.001402775292538934 0.001402775292538934 0.001402775292538934 1 1 1 Converged Converged Converged OK OK OK 106 106 106 106 106 106 6 6 6 0 0 0 0 0 1 0 0
146 146 uniform 2 7 1467 1 0.0001 2.7014327747952627 0.014123024533654946 0.00039073001492371639 -2.2752224956256439 -0.0034884598243269832 -2.2752530744963773 0 2.3128741524439937 25.703174594060986 OK 15 14 0.68164199999999997 0.60189700000000002 0.18022199999999999 0.50601499999999999 0.37922699999999998 0 0.17562699999999998 0.22267000000000003 0.18022199999999999 0.013733 0.013774 0.019866999999999999 0.13178900000000002 0.17913799999999988 0.13127599999999998 0.005012 0.0048919999999999996 0.0048120000000000003 0.0013410000000000002 0.001273 0.001212 25.703173531048861 25.703173531048861 25.703173531048861 0.0015236949720614623 0.0015236949720614623 0.0015236949720614623 1 1 1 Converged Converged Converged OK OK OK 106 106 106 106 106 106 6 6 6 0 0 0 0 1 0 0 1
146 146 uniform 2 15 1467 2 0.0001 2.7014327747952627 0.014123024533654946 0.00039073001492371639 -2.2752224956256439 -0.0034884598243269832 -2.2751987120595181 0 2.3128197900071346 26.869135290592595 OK 15 14 0.57263299999999995 0.46572799999999998 0.176069 0.39460000000000001 0.24759800000000001 0 0.17803299999999994 0.21812999999999996 0.176069 0.013634 0.013786 0.012989000000000001 0.13464000000000001 0.17444400000000004 0.13417899999999999 0.0049919999999999999 0.004987000000000001 0.0048280000000000007 0.001225 0.001209 0.001163 26.869135135915371 26.869135135915371 26.869135135915371 0.001791155963359533 0.001791155963359533 0.001791155963359533 1 1 1 Converged Converged Converged OK OK OK 106 106 106 106 106 106 6 6 6 0 0 0 0 1 0 0 1
146 146 uniform 2 23 1467 3 0.0001 2.7014327747952627 0.014123024533654946 0.00039073001492371639 -2.2752224956256439 -0.0034884598243269832 -2.2751443496226593 0 2.3127654275702758 28.773605249137475 OK 14 13 0.82822300000000004 0.77140600000000004 0.22450800000000001 0.59924500000000003 0.46015899999999998 0 0.22897800000000001 0.31124700000000005 0.22450800000000001 0.011705 0.011709000000000001 0.010884 0.17197799999999991 0.25540200000000013 0.17084300000000002 0.0091050000000000002 0.008711 0.0083329999999999984 0.0016730000000000002 0.0015950000000000001 0.001562 28.773609543436379 28.773609543436379 28.773609543436379 0.0012914247518035079 0.0012914247518035079 0.0012914247518035079 1 1 1 Converged Converged Converged OK OK OK 154 154 154 154 154 154 6 6 6 0 0 0 0 1 0 0 1
146 146 uniform 3 0 1468 0 0.001 2.7014327747952627 0.014123024533654946 0.00039073001492371639 0.03364868911568579 -0.0030820891774400489 0.033570543112701044 0 0.0040505348349152773 189.1931977505846 OK 13 12 0.58446100000000001 0.59624699999999997 0.086068000000000006 0.49760199999999999 0.49426500000000001 0 0.08685900000000002 0.10198199999999996 0.086068000000000006 0.010095 0.010253999999999999 0.0097730000000000004 0.063934000000000019 0.078725000000000017 0.063664999999999999 0.0017550000000000003 0.001802 0.001684 0.00045200000000000004 0.00046699999999999997 0.00043300000000000001 189.19319559706807 189.19319559706807 189.19319559706807 0.11457212941746106 0.11457212941746106 0.11457212941746106 1 1 1 Converged Converged Converged OK OK OK 37 37 37 37 37 37 3 3 3 0 0 0 0 0 1 0 0
146 146 uniform 3 7 1468 1 0.001 2.7014327747952627 0.014123024533654946 0.00039073001492371639 0.03364868911568579 -0.0030820891774400489 0.033618110244952627 0 0.0040029677026636942 187.35989035953853 OK 13 12 0.65305199999999997 0.57020800000000005 0.083366999999999997 0.56667999999999996 0.42576599999999998 0 0.086372000000000004 0.14444200000000007 0.083366999999999997 0.0097509999999999993 0.009757 0.0091389999999999996 0.064378999999999992 0.123145 0.063075999999999993 0.0018979999999999999 0.0017700000000000001 0.001719 0.00046000000000000001 0.00043999999999999996 0.00042200000000000001 187.35988849574733 187.35988849574733 187.35988849574733 0.11145298466825834 0.11145298466825834 0.11145298466825834 1 1 1 Converged Converged Converged OK OK OK 37 37 37 37 37 37 3 3 3 0 0 0 0 1 0 0 1
146 146 uniform 3 15 1468 2 0.001 2.7014327747952627 0.014123024533654946 0.00039073001492371639 0.03364868911568579 -0.0030820891774400489 0.033672472681811581 0 0.0039486052658047402 185.43635643867918 OK 13 12 0.60592999999999997 0.514212 0.084845000000000004 0.518347 0.381768 0 0.087582999999999966 0.13244400000000001 0.084845000000000004 0.0096799999999999994 0.0097710000000000002 0.0090930000000000004 0.065939999999999999 0.11104200000000004 0.064684999999999979 0.0017949999999999999 0.0018219999999999998 0.0016969999999999999 0.000446 0.000473 0.00042400000000000001 185.4363546923459 185.4363546923459 185.4363546923459 0.1082040645477793 0.1082040645477793 0.1082040645477793 1 1 1 Converged Converged Converged OK OK OK 37 37 37 37 37 37 3 3 3 0 0 0 0 1 0 0 1
146 146 uniform 3 23 1468 3 0.001 2.7014327747952627 0.014123024533654946 0.00039073001492371639 0.03364868911568579 -0.0030820891774400489 0.033726835118670535 0 0.0038942428289457862 183.67526420032326 OK 13 12 0.63926099999999997 0.55982100000000001 0.079214000000000007 0.55805000000000005 0.41714299999999999 0 0.081210999999999922 0.14267800000000003 0.079214000000000007 0.0098809999999999992 0.010069 0.0093919999999999993 0.059577000000000012 0.12114900000000002 0.058833000000000003 0.0017709999999999998 0.001794 0.0016940000000000002 0.00042900000000000002 0.000437 0.00042200000000000001 183.67526283551678 183.67526283551678 183.67526283551678 0.10524762699435564 0.10524762699435564 0.10524762699435564 1 1 1 Converged Converged Converged OK OK OK 37 37 37 37 37 37 3 3 3 0 0 0 0 1 0 0 1
146 146 uniform 3 0 1468 0 0.0001 2.7014327747952627 0.014123024533654946 0.00039073001492371639 0.03364868911568579 -0.0030820891774400489 0.033570543112701044 0 0.0040505348349152773 189.1931977505846 OK 13 12 0.63348000000000004 0.63633600000000001 0.13958599999999999 0.49724299999999999 0.49973200000000001 0 0.13623700000000005 0.136604 0.13958599999999999 0.010191 0.010059 0.011077999999999999 0.10171400000000003 0.10231999999999999 0.10404800000000004 0.0034349999999999997 0.0034489999999999998 0.003457 0.00069000000000000008 0.00072599999999999997 0.00069900000000000008 189.19319658804935 189.19319658804935 189.19319658804935 4.8556096755032318e-06 4.8556096755032318e-06 4.8556096755032318e-06 1 1 1 Converged Converged Converged OK OK OK 69 69 69 69 69 69 3 3 3 0 0 0 0 0 1 0 0
146 146 uniform 3 7 1468 1 0.0001 2.7014327747952627 0.014123024533654946 0.00039073001492371639 0.03364868911568579 -0.0030820891774400489 0.033618110244952627 0 0.0040029677026636942 187.35989035953853 OK 13 12 0.702067 0.67454599999999998 0.13447500000000001 0.56847300000000001 0.42597499999999999 0 0.13359399999999999 0.24857099999999999 0.13447500000000001 0.0097149999999999997 0.0097269999999999995 0.0094029999999999999 0.10255600000000004 0.21736799999999998 0.10407499999999997 0.0034480000000000001 0.00349 0.0034489999999999998 0.00068599999999999998 0.00071400000000000012 0.00067900000000000002 187.35988947712099 187.35988947712099 187.35988947712099 4.4182245429829442e-06 4.4182245429829442e-06 4.4182245429829442e-06 1 1 1 Converged Converged Converged OK OK OK 69 69 69 69 69 69 3 3 3 0 0 0 0 1 0 0 1
146 146 uniform 3 15 1468 2 0.0001 2.7014327747952627 0.014123024533654946 0.00039073001492371639 0.03364868911568579 -0.0030820891774400489 0.033672472681811581 0 0.0039486052658047402 185.43635643867918 OK 13 12 0.65363599999999999 0.63763199999999998 0.13339000000000001 0.51849400000000001 0.38555800000000001 0 0.13514199999999998 0.25207399999999996 0.13339000000000001 0.0095720000000000006 0.0097009999999999996 0.0091760000000000001 0.10403000000000003 0.22056600000000004 0.10342700000000001 0.003421 0.0034640000000000001 0.0033419999999999999 0.00068400000000000004 0.00070500000000000001 0.00067000000000000002 185.4363556565076 185.4363556565076 185.4363556565076 4.0013229725151189e-06 4.0013229725151189e-06 4.0013229725151189e-06 1 1 1 Converged Converged Converged OK OK OK 69 69 69 69 69 69 3 3 3 0 0 0 0 1 0 0 1
146 146 uniform 3 23 1468 3 0.0001 2.7014327747952627 0.014123024533654946 0.00039073001492371639 0.03364868911568579 -0.0030820891774400489 0.033726835118670535 0 0.0038942428289457862 183.67526420032326 OK 13 12 0.68580700000000006 0.68828699999999998 0.12826899999999999 0.55613599999999996 0.41860199999999997 0 0.12967100000000009 0.26968500000000001 0.12826899999999999 0.0098239999999999994 0.011316 0.0093439999999999999 0.098529999999999993 0.23628499999999997 0.098165999999999962 0.003431 0.0035839999999999999 0.0033830000000000002 0.00070799999999999997 0.00071600000000000006 0.00066800000000000008 183.67526377869933 183.67526377869933 183.67526377869933 3.65608996939841e-06 3.65608996939841e-06 3.65608996939841e-06 1 1 1 Converged Converged Converged OK OK OK 69 69 69 69 69 69 3 3 3 0 0 0 0 1 0 0 1
146 146 uniform 4 0 1469 0 0.001 2.7014327747952627 0.014123024533654946 0.00039073001492371639 -2.3214858137139447 -0.0018764251690228258 -2.3215639597169293 0 2.3591850376645458 23.550465176239708 OK 15 14 0.49387300000000001 0.49258099999999999 0.11974 0.372035 0.371309 0 0.121838 0.12127199999999999 0.11974 0.014522 0.014501999999999999 0.013826 0.081384999999999985 0.081351000000000007 0.080832000000000015 0.0034739999999999997 0.0031799999999999997 0.0031359999999999999 0.00082899999999999998 0.00084900000000000004 0.00079100000000000004 23.550462360625321 23.550462360625321 23.550462360625321 0.012142007641214881 0.012142007641214881 0.012142007641214881 1 1 1 Converged Converged Converged OK OK OK 74 74 74 74 74 74 6 6 6 0 0 0 0 0 1 0 0
146 146 uniform 4 7 1469 1 0.001 2.7014327747952627 0.014123024533654946 0.00039073001492371639 -2.3214858137139447 -0.0018764251690228258 -2.321516392584678 0 2.3591374705322945 23.244670089356383 OK 15 14 0.53774999999999995 0.41638799999999998 0.114383 0.42176599999999997 0.28029799999999999 0 0.11598399999999998 0.13608999999999999 0.114383 0.013672 0.01358 0.012787 0.08243399999999998 0.10265699999999996 0.082218000000000013 0.003114 0.0031780000000000003 0.0030930000000000003 0.0007580000000000001 0.00077399999999999995 0.00075499999999999992 23.244667305793378 23.244667305793378 23.244667305793378 0.011045917558634209 0.011045917558634209 0.011045917558634209 1 1 1 Converged Converged Converged OK OK OK 74 74 74 74 74 74 6 6 6 0 0 0 0 1 0 0 1
146 146 uniform 4 15 1469 2 0.001 2.7014327747952627 0.014123024533654946 0.00039073001492371639 -2.3214858137139447 -0.0018764251690228258 -2.3214620301478188 0 2.3590831080954353 22.911768546095637 OK 15 14 0.50182400000000005 0.40044999999999997 0.108139 0.39145400000000002 0.264268 0 0.11037000000000002 0.13618199999999997 0.108139 0.013573999999999999 0.013801000000000001 0.012866000000000001 0.076489000000000029 0.10220399999999996 0.075946000000000013 0.003228 0.0032660000000000002 0.00315 0.00078299999999999995 0.00079099999999999993 0.00074700000000000005 22.911765941932646 22.911765941932646 22.911765941932646 0.010304357085863473 0.010304357085863473 0.010304357085863473 1 1 1 Converged Converged Converged OK OK OK 74 74 74 74 74 74 6 6 6 0 0 0 0 1 0 0 1
146 146 uniform 4 23 1469 3 0.001 2.7014327747952627 0.014123024533654946 0.00039073001492371639 -2.3214858137139447 -0.0018764251690228258 -2.3214076677109601 0 2.3590287456585766 22.595007823408579 OK 15 14 0.53112199999999998 0.41555900000000001 0.114051 0.41476200000000002 0.279165 0 0.11635999999999996 0.13639400000000002 0.114051 0.013687 0.013665 0.012822999999999999 0.082547999999999996 0.10288799999999999 0.081924000000000038 0.0032429999999999998 0.0031859999999999996 0.0030800000000000003 0.00076399999999999992 0.00081999999999999998 0.00077500000000000008 22.595005717421575 22.595005717421575 22.595005717421575 0.010111777098049073 0.010111777098049073 0.010111777098049073 1 1 1 Converged Converged Converged OK OK OK 74 74 74 74 74 74 6 6 6 0 0 0 0 1 0 0 1
146 146 uniform 4 0 1469 0 0.0001 2.7014327747952627 0.014123024533654946 0.00039073001492371639 -2.3214858137139447 -0.0018764251690228258 -2.3215639597169293 0 2.3591850376645458 23.550465176239708 OK 15 14 0.53882600000000003 0.53891699999999998 0.16478200000000001 0.36962099999999998 0.37139899999999998 0 0.16920500000000005 0.167518 0.16478200000000001 0.014567 0.014866000000000001 0.014125 0.11283099999999997 0.11322999999999997 0.11225300000000006 0.0047900000000000009 0.0053410000000000003 0.0047590000000000002 0.00124 0.001323 0.001207 23.550465473781237 23.550465473781237 23.550465473781237 0.0019295457482066708 0.0019295457482066708 0.0019295457482066708 1 1 1 Converged Converged Converged OK OK OK 106 106 106 106 106 106 6 6 6 0 0 0 0 0 1 0 0
146 146 uniform 4 7 1469 1 0.0001 2.7014327747952627 0.014123024533654946 0.00039073001492371639 -2.3214858137139447 -0.0018764251690228258 -2.321516392584678 0 2.3591374705322945 23.244670089356383 OK 15 14 0.58406499999999995 0.45887899999999998 0.159388 0.42649900000000002 0.275057 0 0.15756599999999993 0.18382199999999999 0.159388 0.013857 0.013827000000000001 0.012874999999999999 0.11440000000000003 0.14057099999999997 0.11763400000000002 0.0047010000000000003 0.0049319999999999998 0.0047479999999999996 0.0011580000000000004 0.0011980000000000001 0.001183 23.244670456073159 23.244670456073159 23.244670456073159 0.0021387129072723411 0.0021387129072723411 0.0021387129072723411 1 1 1 Converged Converged Converged OK OK OK 106 106 106 106 106 106 6 6 6 0 0 0 0 1 0 0 1
146 146 uniform 4 15 1469 2 0.0001 2.7014327747952627 0.014123024533654946 0.00039073001492371639 -2.3214858137139447 -0.0018764251690228258 -2.3214620301478188 0 2.3590831080954353 22.911768546095637 OK 15 14 0.564079 0.49065300000000001 0.17084099999999999 0.38627099999999998 0.27737200000000001 0 0.17780800000000002 0.213281 0.17084099999999999 0.013719 0.013993 0.012914999999999999 0.12363699999999994 0.16280000000000006 0.12284100000000002 0.0056450000000000007 0.0060949999999999997 0.0055160000000000009 0.001341 0.0013359999999999997 0.0013250000000000002 22.911769115070616 22.911769115070616 22.911769115070616 0.001292075065872805 0.001292075065872805 0.001292075065872805 1 1 1 Converged Converged Converged OK OK OK 122 122 122 122 122 122 6 6 6 0 0 0 0 1 0 0 1
146 146 uniform 4 23 1469 3 0.0001 2.7014327747952627 0.014123024533654946 0.00039073001492371639 -2.3214858137139447 -0.0018764251690228258 -2.3214076677109601 0 2.3590287456585766 22.595007823408579 OK 15 14 0.59955800000000004 0.50492800000000004 0.18890799999999999 0.40943200000000002 0.279943 0 0.19012600000000002 0.22498500000000005 0.18890799999999999 0.013579000000000001 0.01384 0.012909 0.13925400000000004 0.17322300000000004 0.13902300000000006 0.0061649999999999995 0.0063489999999999996 0.0059909999999999998 0.0013039999999999998 0.0013489999999999999 0.0013140000000000001 22.595007994489848 22.595007994489848 22.595007994489848 0.0013150244310666714 0.0013150244310666714 0.0013150244310666714 1 1 1 Converged Converged Converged OK OK OK 130 130 130 130 130 130 6 6 6 0 0 0 0 1 0 0 1
147 147 linear 0 0 1470 0 0.001 1.3378570814237301 0.0017331749457546901 0.0062141313177397541 0.0013811974826944138 -0.0023799450974961124 0.00013837121914646289 0.5 0.0021763573258572148 316.16031199492738 OK 13 12 0.71247300000000002 0.70942799999999995 0.26303599999999999 0.44245899999999999 0.44364799999999999 0 0.27001400000000003 0.26577999999999996 0.26303599999999999 0.01014 0.010312 0.0095980000000000006 0.22670699999999996 0.22201399999999991 0.22114000000000009 0.0047239999999999999 0.0051510000000000011 0.0048399999999999997 0.0011589999999999999 0.0012340000000000001 0.001088 316.16131399722468 316.16131399722468 316.16131399722468 0.23196193397133263 0.23196193397133263 0.23196193397133263 1 1 1 Converged Converged Converged OK OK OK 105 105 105 105 105 105 7 7 7 0 0 0 0 0 1 0 0
147 147 linear 0 7 1470 1 0.001 1.3378570814237301 0.0017331749457546901 0.0062141313177397541 0.0013811974826944138 -0.0023799450974961124 0.00089487416217565044 0.5 0.001419854382828027 318.5524125882817 OK 13 12 0.76446000000000003 0.746147 0.27132000000000001 0.48625499999999999 0.35698400000000002 0 0.27820500000000004 0.38916299999999998 0.27132000000000001 0.0089910000000000007 0.0089730000000000001 0.0084790000000000004 0.24327099999999993 0.3526979999999999 0.23682800000000001 0.0044920000000000003 0.0051489999999999999 0.0047190000000000001 0.0011619999999999998 0.0012490000000000001 0.0011619999999999998 318.5530230609948 318.5530230609948 318.5530230609948 0.036933892186563254 0.036933892186563254 0.036933892186563254 1 1 1 Converged Converged Converged OK OK OK 112 112 112 112 112 112 8 8 8 0 0 0 0 1 0 0 1
147 147 linear 0 15 1470 2 0.001 1.3378570814237301 0.0017331749457546901 0.0062141313177397541 0.0013811974826944138 -0.0023799450974961124 0.0017594489542090076 0.5 0.0005552795907946698 316.59831628637102 OK 13 12 0.82028100000000004 0.821546 0.27837400000000001 0.53295499999999996 0.40646900000000002 0 0.28732600000000008 0.41507699999999997 0.27837400000000001 0.0088850000000000005 0.0091730000000000006 0.0083940000000000004 0.24855600000000005 0.37486699999999984 0.24059300000000003 0.0051999999999999998 0.0055389999999999997 0.0053099999999999996 0.0014100000000000002 0.0014700000000000002 0.0013700000000000001 316.5992866052448 316.5992866052448 316.5992866052448 0.11717370601800424 0.11717370601800424 0.11717370601800424 1 1 1 Converged Converged Converged OK OK OK 120 120 120 120 120 120 8 8 8 0 0 0 0 1 0 0 1
147 147 linear 0 23 1470 3 0.001 1.3378570814237301 0.0017331749457546901 0.0062141313177397541 0.0013811974826944138 -0.0023799450974961124 0.0026240237462423644 0.5 -0.00030929520123868697 309.60562771138291 OK 13 12 0.77645799999999998 0.76263400000000003 0.27121299999999998 0.49340400000000001 0.36769499999999999 0 0.28305399999999997 0.39493900000000004 0.27121299999999998 0.0088850000000000005 0.0090480000000000005 0.0081869999999999998 0.24661800000000006 0.35768000000000005 0.23610100000000003 0.0052469999999999999 0.00562 0.0053049999999999998 0.00123 0.0012869999999999999 0.001219 309.60764099273314 309.60764099273314 309.60764099273314 0.15087142828125355 0.15087142828125355 0.15087142828125355 1 1 1 Converged Converged Converged OK OK OK 120 120 120 120 120 120 8 8 8 0 0 0 0 1 0 0 1
147 147 linear 0 0 1470 0 0.0001 1.3378570814237301 0.0017331749457546901 0.0062141313177397541 0.0013811974826944138 -0.0023799450974961124 0.00013837121914646289 0.5 0.0021763573258572148 316.16031199492738 OK 13 12 0.73158500000000004 0.726742 0.28274199999999999 0.443633 0.44118600000000002 0 0.28795200000000004 0.28555599999999998 0.28274199999999999 0.0099170000000000005 0.010122000000000001 0.010002 0.24172499999999991 0.23802100000000004 0.23589999999999997 0.0050610000000000004 0.0054879999999999998 0.0051749999999999999 0.0012610000000000002 0.0013179999999999999 0.001273 316.16175331255863 316.16175331255863 316.16175331255863 0.017011637971660068 0.017011637971660068 0.017011637971660068 1 1 1 Converged Converged Converged OK OK OK 113 113 113 113 113 113 7 7 7 0 0 0 0 0 1 0 0
147 147 linear 0 7 1470 1 0.0001 1.3378570814237301 0.0017331749457546901 0.0062141313177397541 0.0013811974826944138 -0.0023799450974961124 0.00089487416217565044 0.5 0.001419854382828027 318.5524125882817 OK 13 12 0.77740900000000002 0.75727199999999995 0.28630100000000003 0.48175000000000001 0.35738199999999998 0 0.29565900000000001 0.39988999999999997 0.28630100000000003 0.009358 0.0091979999999999996 0.0087250000000000001 0.25686399999999998 0.36200099999999991 0.24976000000000001 0.0055770000000000004 0.0050889999999999998 0.0050709999999999991 0.0014039999999999999 0.001369 0.0013750000000000001 318.55301106020579 318.55301106020579 318.55301106020579 0.018349744441226504 0.018349744441226504 0.018349744441226504 1 1 1 Converged Converged Converged OK OK OK 120 120 120 120 120 120 8 8 8 0 0 0 0 1 0 0 1
147 147 linear 0 15 1470 2 0.0001 1.3378570814237301 0.0017331749457546901 0.0062141313177397541 0.0013811974826944138 -0.0023799450974961124 0.0017594489542090076 0.5 0.0005552795907946698 316.59831628637102 OK 13 12 0.89551599999999998 0.97104299999999999 0.35153499999999999 0.53288899999999995 0.41220600000000002 0 0.36262700000000003 0.55883700000000003 0.35153499999999999 0.0090699999999999999 0.0092020000000000001 0.0084159999999999999 0.31042199999999998 0.50491100000000022 0.30204800000000009 0.0091260000000000004 0.010068000000000001 0.0086580000000000008 0.001768 0.0018210000000000001 0.0017430000000000002 316.59966746462248 316.59966746462248 316.59966746462248 0.014455924460032785 0.014455924460032785 0.014455924460032785 1 1 1 Converged Converged Converged OK OK OK 160 160 160 160 160 160 8 8 8 0 0 0 0 1 0 0 1
147 147 linear 0 23 1470 3 0.0001 1.3378570814237301 0.0017331749457546901 0.0062141313177397541 0.0013811974826944138 -0.0023799450974961124 0.0026240237462423644 0.5 -0.00030929520123868697 309.60562771138291 OK 13 12 0.79699699999999996 0.78640100000000002 0.28957300000000002 0.49707200000000001 0.37650699999999998 0 0.29992499999999994 0.40989400000000004 0.28957300000000002 0.0089999999999999993 0.0091599999999999997 0.0082190000000000006 0.26049800000000001 0.36974799999999985 0.25259199999999998 0.0060039999999999998 0.0064489999999999999 0.0055600000000000007 0.001467 0.0014959999999999999 0.0014039999999999999 309.60808696175172 309.60808696175172 309.60808696175172 0.024167729089439215 0.024167729089439215 0.024167729089439215 1 1 1 Converged Converged Converged OK OK OK 128 128 128 128 128 128 8 8 8 0 0 0 0 1 0 0 1
147 147 linear 1 0 1471 0 0.001 1.3378570814237301 0.0017331749457546901 0.0062141313177397541 -0.61331328152569586 0.015705993952769462 -0.61455610778924386 0.5 0.61687083633424755 2.3240521283775117 OK 14 13 0.42814400000000002 0.42969299999999999 0.143258 0.281273 0.28465299999999999 0 0.14687100000000003 0.14504 0.143258 0.01171 0.012142999999999999 0.011298000000000001 0.10331199999999996 0.10057500000000001 0.10037299999999999 0.0045009999999999998 0.0048130000000000004 0.0044830000000000009 0.001191 0.0013709999999999998 0.001281 2.3240580025620314 2.3240580025620314 2.3240580025620314 0.00097588446710339372 0.00097588446710339372 0.00097588446710339372 1 1 1 Converged Converged Converged OK OK OK 91 91 91 91 91 91 5 5 5 0 0 0 0 0 1 0 0
147 147 linear 1 7 1471 1 0.001 1.3378570814237301 0.0017331749457546901 0.0062141313177397541 -0.61331328152569586 0.015705993952769462 -0.61379960484621465 0.5 0.61611433339121835 2.4602584760464667 OK 14 13 0.42890299999999998 0.32425199999999998 0.13742699999999999 0.28664800000000001 0.15510199999999999 0 0.14225499999999996 0.16914999999999999 0.13742699999999999 0.011138 0.01108 0.010638 0.10625099999999997 0.13297600000000004 0.10255800000000001 0.0042900000000000004 0.0044980000000000003 0.0042500000000000003 0.0011000000000000001 0.001122 0.001096 2.4602883376303626 2.4602883376303626 2.4602883376303626 0.0019904349898767037 0.0019904349898767037 0.0019904349898767037 1 1 1 Converged Converged Converged OK OK OK 90 90 90 90 90 90 6 6 6 0 0 0 0 1 0 0 1
147 147 linear 1 15 1471 2 0.001 1.3378570814237301 0.0017331749457546901 0.0062141313177397541 -0.61331328152569586 0.015705993952769462 -0.61293503005418126 0.5 0.61524975859918496 2.6156025808408141 OK 14 13 0.43667699999999998 0.33183499999999999 0.14403099999999999 0.28755900000000001 0.156444 0 0.14911799999999997 0.17539099999999999 0.14403099999999999 0.011063999999999999 0.011195999999999999 0.01042 0.11071900000000004 0.13685900000000001 0.10675299999999995 0.0043969999999999999 0.0046899999999999997 0.0045099999999999993 0.0010600000000000002 0.0010809999999999999 0.001072 2.6156158143349733 2.6156158143349733 2.6156158143349733 0.0011863876664051482 0.0011863876664051482 0.0011863876664051482 1 1 1 Converged Converged Converged OK OK OK 97 97 97 97 97 97 7 7 7 0 0 0 0 1 0 0 1
147 147 linear 1 23 1471 3 0.001 1.3378570814237301 0.0017331749457546901 0.0062141313177397541 -0.61331328152569586 0.015705993952769462 -0.61207045526214787 0.5 0.61438518380715157 2.7692487368258232 OK 14 13 0.42823699999999998 0.32377699999999998 0.142237 0.28065400000000001 0.15262400000000001 0 0.14758299999999996 0.17115299999999997 0.142237 0.011131 0.011179 0.010407 0.11071100000000003 0.13348700000000002 0.10667199999999999 0.004261 0.0046750000000000003 0.0044659999999999995 0.001078 0.0013849999999999999 0.0010630000000000001 2.7692522866380882 2.7692522866380882 2.7692522866380882 0.0012675554287752723 0.0012675554287752723 0.0012675554287752723 1 1 1 Converged Converged Converged OK OK OK 97 97 97 97 97 97 7 7 7 0 0 0 0 1 0 0 1
147 147 linear 1 0 1471 0 0.0001 1.3378570814237301 0.0017331749457546901 0.0062141313177397541 -0.61331328152569586 0.015705993952769462 -0.61455610778924386 0.5 0.61687083633424755 2.3240521283775117 OK 14 13 0.47836099999999998 0.47012199999999998 0.191138 0.28706199999999998 0.28232200000000002 0 0.191299 0.18779999999999997 0.191138 0.011809 0.011986 0.011494000000000001 0.13452599999999995 0.13089100000000004 0.13062399999999996 0.0065030000000000001 0.0066270000000000009 0.0066970000000000007 0.001539 0.0015339999999999998 0.0056490000000000004 2.3240580028600539 2.3240580028600539 2.3240580028600539 6.9107946777683109e-05 6.9107946777683109e-05 6.9107946777683109e-05 1 1 1 Converged Converged Converged OK OK OK 123 123 123 123 123 123 5 5 5 0 0 0 0 0 1 0 0
147 147 linear 1 7 1471 1 0.0001 1.3378570814237301 0.0017331749457546901 0.0062141313177397541 -0.61331328152569586 0.015705993952769462 -0.61379960484621465 0.5 0.61611433339121835 2.4602584760464667 OK 14 13 0.48737399999999997 0.40599299999999999 0.19003700000000001 0.28612900000000002 0.15363199999999999 0 0.20124499999999995 0.252361 0.19003700000000001 0.016121 0.011098999999999999 0.010592000000000001 0.14596400000000001 0.20255700000000004 0.14096600000000006 0.0067980000000000002 0.0066070000000000009 0.006783 0.0015790000000000001 0.0015510000000000001 0.001588 2.4602713656866584 2.4602713656866584 2.4602713656866584 0.00012733084426543921 0.00012733084426543921 0.00012733084426543921 1 1 1 Converged Converged Converged OK OK OK 130 130 130 130 130 130 6 6 6 0 0 0 0 1 0 0 1
147 147 linear 1 15 1471 2 0.0001 1.3378570814237301 0.0017331749457546901 0.0062141313177397541 -0.61331328152569586 0.015705993952769462 -0.61293503005418126 0.5 0.61524975859918496 2.6156025808408141 OK 14 13 0.50346199999999997 0.41480600000000001 0.20874200000000001 0.28308699999999998 0.15268300000000001 0 0.22037499999999999 0.26212299999999999 0.20874200000000001 0.010999999999999999 0.011077999999999999 0.010442999999999999 0.16756999999999994 0.20965599999999995 0.15703400000000001 0.0072290000000000002 0.0072180000000000005 0.0074389999999999986 0.0014810000000000001 0.0015009999999999999 0.0016389999999999998 2.6156157986880948 2.6156157986880948 2.6156157986880948 0.00013938298993001534 0.00013938298993001534 0.00013938298993001534 1 1 1 Converged Converged Converged OK OK OK 145 145 145 145 145 145 7 7 7 0 0 0 0 1 0 0 1
147 147 linear 1 23 1471 3 0.0001 1.3378570814237301 0.0017331749457546901 0.0062141313177397541 -0.61331328152569586 0.015705993952769462 -0.61207045526214787 0.5 0.61438518380715157 2.7692487368258232 OK 14 13 0.49598199999999998 0.408744 0.204231 0.28002899999999997 0.15317900000000001 0 0.21595300000000001 0.25556499999999999 0.204231 0.01103 0.011294 0.010410000000000001 0.16541499999999992 0.2045799999999999 0.15523499999999993 0.0072330000000000007 0.0075759999999999994 0.0072129999999999998 0.0015569999999999998 0.0018089999999999998 0.0016750000000000001 2.7692522603233249 2.7692522603233249 2.7692522603233249 0.00017382045529942404 0.00017382045529942404 0.00017382045529942404 1 1 1 Converged Converged Converged OK OK OK 145 145 145 145 145 145 7 7 7 0 0 0 0 1 0 0 1
147 147 linear 2 0 1472 0 0.001 1.3378570814237301 0.0017331749457546901 0.0062141313177397541 -0.63703030693962504 -0.0091259801316198631 -0.63827313320317303 0.5 0.64058786174817672 1.8382615762469412 OK 13 12 0.38604899999999998 0.38825799999999999 0.095241999999999993 0.28924699999999998 0.29191400000000001 0 0.096801999999999999 0.096343999999999985 0.095241999999999993 0.0086719999999999992 0.0090229999999999998 0.0087010000000000004 0.066482000000000013 0.065760000000000013 0.065282999999999994 0.0032420000000000001 0.0032119999999999996 0.003274 0.00067600000000000006 0.00067400000000000001 0.00066300000000000007 1.8382604396976616 1.8382604396976616 1.8382604396976616 0.00075716342935572658 0.00075716342935572658 0.00075716342935572658 1 1 1 Converged Converged Converged OK OK OK 61 61 61 61 61 61 3 3 3 0 0 0 0 0 1 0 0
147 147 linear 2 7 1472 1 0.001 1.3378570814237301 0.0017331749457546901 0.0062141313177397541 -0.63703030693962504 -0.0091259801316198631 -0.63751663026014382 0.5 0.63983135880514752 1.828327789260217 OK 13 12 0.38271300000000003 0.27432800000000002 0.089430999999999997 0.29028900000000002 0.15910299999999999 0 0.092424000000000006 0.11522500000000002 0.089430999999999997 0.0083850000000000001 0.0083619999999999996 0.0077010000000000004 0.064949000000000007 0.087628000000000011 0.06326900000000002 0.0032139999999999998 0.003284 0.0031819999999999999 0.00066999999999999991 0.00069699999999999992 0.00065099999999999999 1.8283266416838333 1.8283266416838333 1.8283266416838333 0.00076065882198415738 0.00076065882198415738 0.00076065882198415738 1 1 1 Converged Converged Converged OK OK OK 61 61 61 61 61 61 3 3 3 0 0 0 0 1 0 0 1
147 147 linear 2 15 1472 2 0.001 1.3378570814237301 0.0017331749457546901 0.0062141313177397541 -0.63703030693962504 -0.0091259801316198631 -0.63665205546811043 0.5 0.63896678401311413 1.8173647988690262 OK 13 12 0.38300699999999999 0.26734400000000003 0.088521000000000002 0.291377 0.15379699999999999 0 0.091629999999999989 0.11354700000000004 0.088521000000000002 0.0082979999999999998 0.0082179999999999996 0.0077210000000000004 0.063921000000000006 0.086362000000000022 0.06245899999999998 0.0033349999999999999 0.0032780000000000001 0.0030570000000000003 0.00068099999999999996 0.000678 0.00064899999999999995 1.8173636800966584 1.8173636800966584 1.8173636800966584 0.00076472745373441526 0.00076472745373441526 0.00076472745373441526 1 1 1 Converged Converged Converged OK OK OK 61 61 61 61 61 61 3 3 3 0 0 0 0 1 0 0 1
147 147 linear 2 23 1472 3 0.001 1.3378570814237301 0.0017331749457546901 0.0062141313177397541 -0.63703030693962504 -0.0091259801316198631 -0.63578748067607704 0.5 0.63810220922108074 1.8068188037011572 OK 13 12 0.37684400000000001 0.267928 0.086853 0.28717399999999998 0.15588399999999999 0 0.089670000000000027 0.112044 0.086853 0.0082529999999999999 0.0082609999999999992 0.0076420000000000004 0.062137000000000019 0.084661000000000014 0.06063700000000001 0.0033010000000000001 0.0032719999999999997 0.0031999999999999997 0.00066299999999999996 0.00068099999999999996 0.00065800000000000006 1.8068176815548793 1.8068176815548793 1.8068176815548793 0.00076887709213528806 0.00076887709213528806 0.00076887709213528806 1 1 1 Converged Converged Converged OK OK OK 61 61 61 61 61 61 3 3 3 0 0 0 0 1 0 0 1
147 147 linear 2 0 1472 0 0.0001 1.3378570814237301 0.0017331749457546901 0.0062141313177397541 -0.63703030693962504 -0.0091259801316198631 -0.63827313320317303 0.5 0.64058786174817672 1.8382615762469412 OK 13 12 0.40493899999999999 0.40332899999999999 0.113029 0.28551799999999999 0.28887000000000002 0 0.119421 0.11445899999999998 0.113029 0.0089119999999999998 0.0088859999999999998 0.0085880000000000001 0.082701000000000011 0.078030999999999989 0.077207999999999999 0.0040130000000000001 0.0041469999999999996 0.0040309999999999999 0.00081299999999999992 0.000794 0.00077100000000000009 1.8382604400490856 1.8382604400490856 1.8382604400490856 8.8572087999010278e-05 8.8572087999010278e-05 8.8572087999010278e-05 1 1 1 Converged Converged Converged OK OK OK 77 77 77 77 77 77 3 3 3 0 0 0 0 0 1 0 0
147 147 linear 2 7 1472 1 0.0001 1.3378570814237301 0.0017331749457546901 0.0062141313177397541 -0.63703030693962504 -0.0091259801316198631 -0.63751663026014382 0.5 0.63983135880514752 1.828327789260217 OK 13 12 0.39761999999999997 0.30660799999999999 0.10655000000000001 0.28725099999999998 0.15493399999999999 0 0.11036899999999999 0.151674 0.10655000000000001 0.0084010000000000005 0.0082299999999999995 0.0077889999999999999 0.077657000000000032 0.11964 0.075493999999999964 0.0040969999999999999 0.0040379999999999999 0.0039579999999999997 0.00080400000000000003 0.00080000000000000004 0.00077300000000000003 1.828326642035887 1.828326642035887 1.828326642035887 9.072185695212222e-05 9.072185695212222e-05 9.072185695212222e-05 1 1 1 Converged Converged Converged OK OK OK 77 77 77 77 77 77 3 3 3 0 0 0 0 1 0 0 1
147 147 linear 2 15 1472 2 0.0001 1.3378570814237301 0.0017331749457546901 0.0062141313177397541 -0.63703030693962504 -0.0091259801316198631 -0.63665205546811043 0.5 0.63896678401311413 1.8173647988690262 OK 13 12 0.39939999999999998 0.30442599999999997 0.106021 0.28594700000000001 0.153359 0 0.11345299999999997 0.15106699999999998 0.106021 0.0081049999999999994 0.0082559999999999995 0.0076610000000000003 0.081003999999999979 0.11865000000000003 0.075108000000000008 0.0041870000000000006 0.0043769999999999998 0.004019 0.00079900000000000001 0.00078600000000000002 0.00077799999999999994 1.8173636804494431 1.8173636804494431 1.8173636804494431 9.3248201717320025e-05 9.3248201717320025e-05 9.3248201717320025e-05 1 1 1 Converged Converged Converged OK OK OK 77 77 77 77 77 77 3 3 3 0 0 0 0 1 0 0 1
147 147 linear 2 23 1472 3 0.0001 1.3378570814237301 0.0017331749457546901 0.0062141313177397541 -0.63703030693962504 -0.0091259801316198631 -0.63578748067607704 0.5 0.63810220922108074 1.8068188037011572 OK 13 12 0.398034 0.30495899999999998 0.104033 0.29069400000000001 0.15518499999999999 0 0.10733999999999999 0.14977399999999999 0.104033 0.0082059999999999998 0.0082959999999999996 0.0076369999999999997 0.074856000000000006 0.11732999999999996 0.072953999999999977 0.004241 0.0043449999999999999 0.0041010000000000005 0.00081800000000000004 0.00080499999999999994 0.00078199999999999993 1.8068176819084107 1.8068176819084107 1.8068176819084107 9.5850807570754462e-05 9.5850807570754462e-05 9.5850807570754462e-05 1 1 1 Converged Converged Converged OK OK OK 77 77 77 77 77 77 3 3 3 0 0 0 0 1 0 0 1
147 147 linear 3 0 1473 0 0.001 1.3378570814237301 0.0017331749457546901 0.0062141313177397541 -0.65144829909397128 0.008830464667816517 -0.65269112535751928 0.5 0.65500585390252297 2.1059847204973465 OK 13 12 0.38863700000000001 0.38627800000000001 0.096200999999999995 0.288329 0.288933 0 0.10030800000000001 0.097345000000000015 0.096200999999999995 0.0090570000000000008 0.0089569999999999997 0.0086529999999999992 0.068977000000000011 0.066671000000000008 0.066171999999999981 0.0035279999999999999 0.0032889999999999998 0.0034120000000000001 0.00069500000000000009 0.00072799999999999991 0.00068599999999999998 2.1059833193212345 2.1059833193212345 2.1059833193212345 0.00070057902280104621 0.00070057902280104621 0.00070057902280104621 1 1 1 Converged Converged Converged OK OK OK 61 61 61 61 61 61 3 3 3 0 0 0 0 0 1 0 0
147 147 linear 3 7 1473 1 0.001 1.3378570814237301 0.0017331749457546901 0.0062141313177397541 -0.65144829909397128 0.008830464667816517 -0.65193462241449007 0.5 0.65424935095949377 2.0908044172934535 OK 13 12 0.383774 0.267397 0.091415999999999997 0.28836099999999998 0.154863 0 0.095413000000000026 0.112534 0.091415999999999997 0.0081980000000000004 0.0082380000000000005 0.0077229999999999998 0.067556000000000019 0.08534700000000002 0.065044000000000005 0.0034689999999999999 0.0033310000000000002 0.0032849999999999997 0.0006739999999999999 0.00066700000000000006 0.00065600000000000001 2.090803028105805 2.090803028105805 2.090803028105805 0.00070313418102588927 0.00070313418102588927 0.00070313418102588927 1 1 1 Converged Converged Converged OK OK OK 61 61 61 61 61 61 3 3 3 0 0 0 0 1 0 0 1
147 147 linear 3 15 1473 2 0.001 1.3378570814237301 0.0017331749457546901 0.0062141313177397541 -0.65144829909397128 0.008830464667816517 -0.65107004762245668 0.5 0.65338477616746038 2.0734886295893724 OK 13 12 0.37872699999999998 0.27448699999999998 0.090754000000000001 0.28430899999999998 0.15528400000000001 0 0.094418000000000002 0.11920299999999998 0.090754000000000001 0.0081700000000000002 0.0082419999999999993 0.0077099999999999998 0.066841000000000012 0.09219399999999997 0.064415000000000014 0.0033829999999999997 0.003176 0.003199 0.00066799999999999997 0.00067400000000000001 0.00065799999999999995 2.0734872658638301 2.0734872658638301 2.0734872658638301 0.00070610654306373837 0.00070610654306373837 0.00070610654306373837 1 1 1 Converged Converged Converged OK OK OK 61 61 61 61 61 61 3 3 3 0 0 0 0 1 0 0 1
147 147 linear 3 23 1473 3 0.001 1.3378570814237301 0.0017331749457546901 0.0062141313177397541 -0.65144829909397128 0.008830464667816517 -0.65020547283042329 0.5 0.65252020137542699 2.0562664952147762 OK 13 12 0.37987700000000002 0.28140199999999999 0.089133000000000004 0.28390300000000002 0.17118 0 0.095974000000000004 0.11022199999999999 0.089133000000000004 0.0080780000000000001 0.0082380000000000005 0.0076299999999999996 0.068828 0.083112000000000005 0.063247999999999999 0.0032569999999999999 0.0034200000000000003 0.0032190000000000001 0.00068400000000000004 0.00069199999999999991 0.00067199999999999996 2.056265120585822 2.056265120585822 2.056265120585822 0.00070913480483452047 0.00070913480483452047 0.00070913480483452047 1 1 1 Converged Converged Converged OK OK OK 61 61 61 61 61 61 3 3 3 0 0 0 0 1 0 0 1
147 147 linear 3 0 1473 0 0.0001 1.3378570814237301 0.0017331749457546901 0.0062141313177397541 -0.65144829909397128 0.008830464667816517 -0.65269112535751928 0.5 0.65500585390252297 2.1059847204973465 OK 13 12 0.40685100000000002 0.403553 0.114566 0.28886600000000001 0.28806399999999999 0 0.11798500000000001 0.11548900000000001 0.114566 0.0088260000000000005 0.0087609999999999997 0.0084880000000000008 0.08186199999999999 0.07952900000000003 0.079284000000000007 0.0041440000000000001 0.003967 0.0041680000000000007 0.00079200000000000006 0.00080099999999999995 0.00078300000000000006 2.1059833196606319 2.1059833196606319 2.1059833196606319 5.6952266268036739e-05 5.6952266268036739e-05 5.6952266268036739e-05 1 1 1 Converged Converged Converged OK OK OK 77 77 77 77 77 77 3 3 3 0 0 0 0 0 1 0 0
147 147 linear 3 7 1473 1 0.0001 1.3378570814237301 0.0017331749457546901 0.0062141313177397541 -0.65144829909397128 0.008830464667816517 -0.65193462241449007 0.5 0.65424935095949377 2.0908044172934535 OK 13 12 0.39981100000000003 0.30640200000000001 0.10949399999999999 0.28618700000000002 0.15664 0 0.113624 0.14976200000000001 0.10949399999999999 0.0081460000000000005 0.0083099999999999997 0.0076909999999999999 0.081551000000000012 0.11781999999999999 0.078374000000000027 0.0040699999999999998 0.004117 0.0041799999999999997 0.00079899999999999991 0.00078800000000000007 0.00076499999999999995 2.0908030284458383 2.0908030284458383 2.0908030284458383 5.8228334097394477e-05 5.8228334097394477e-05 5.8228334097394477e-05 1 1 1 Converged Converged Converged OK OK OK 77 77 77 77 77 77 3 3 3 0 0 0 0 1 0 0 1
147 147 linear 3 15 1473 2 0.0001 1.3378570814237301 0.0017331749457546901 0.0062141313177397541 -0.65144829909397128 0.008830464667816517 -0.65107004762245668 0.5 0.65338477616746038 2.0734886295893724 OK 13 12 0.39964300000000003 0.31396000000000002 0.10917499999999999 0.28625899999999999 0.16170300000000001 0 0.11338400000000004 0.152257 0.10917499999999999 0.0081480000000000007 0.0082539999999999992 0.0077039999999999999 0.081169000000000033 0.12018300000000001 0.078203000000000009 0.0041009999999999996 0.0040680000000000004 0.0039410000000000001 0.00078199999999999993 0.00078100000000000001 0.00077200000000000012 2.0734872662045558 2.0734872662045558 2.0734872662045558 5.9734736754462615e-05 5.9734736754462615e-05 5.9734736754462615e-05 1 1 1 Converged Converged Converged OK OK OK 77 77 77 77 77 77 3 3 3 0 0 0 0 1 0 0 1
147 147 linear 3 23 1473 3 0.0001 1.3378570814237301 0.0017331749457546901 0.0062141313177397541 -0.65144829909397128 0.008830464667816517 -0.65020547283042329 0.5 0.65252020137542699 2.0562664952147762 OK 13 12 0.40081699999999998 0.30302000000000001 0.10709 0.28934500000000002 0.15592400000000001 0 0.11147199999999996 0.147096 0.10709 0.0082299999999999995 0.0082209999999999991 0.0077089999999999997 0.079536999999999997 0.11545800000000006 0.076231999999999994 0.0040400000000000002 0.0040740000000000004 0.0040229999999999997 0.00077200000000000012 0.00078100000000000001 0.00076400000000000003 2.0562651209272675 2.0562651209272675 2.0562651209272675 6.1292604051188052e-05 6.1292604051188052e-05 6.1292604051188052e-05 1 1 1 Converged Converged Converged OK OK OK 77 77 77 77 77 77 3 3 3 0 0 0 0 1 0 0 1
147 147 linear 4 0 1474 0 0.001 1.3378570814237301 0.0017331749457546901 0.0062141313177397541 -0.6014772101299235 0.037064893351962599 -0.60272003639347149 0.5 0.60503476493847519 1.9026034459957062 OK 13 12 0.36507800000000001 0.36018099999999997 0.090191999999999994 0.27194699999999999 0.268654 0 0.093131000000000019 0.091526999999999969 0.090191999999999994 0.0088769999999999995 0.0090740000000000005 0.008463 0.062709000000000001 0.060898999999999988 0.060508000000000006 0.0031620000000000003 0.0032230000000000002 0.0032060000000000001 0.00068900000000000005 0.00072199999999999999 0.00068099999999999996 1.9026022933955158 1.9026022933955158 1.9026022933955158 0.0011183070497449634 0.0011183070497449634 0.0011183070497449634 1 1 1 Converged Converged Converged OK OK OK 61 61 61 61 61 61 3 3 3 0 0 0 0 0 1 0 0
147 147 linear 4 7 1474 1 0.001 1.3378570814237301 0.0017331749457546901 0.0062141313177397541 -0.6014772101299235 0.037064893351962599 -0.60196353345044229 0.5 0.60427826199544599 1.9192168572193098 OK 13 12 0.37620700000000001 0.25294800000000001 0.086875999999999995 0.28237600000000002 0.136461 0 0.093830999999999998 0.11648700000000001 0.086875999999999995 0.0084930000000000005 0.0081670000000000006 0.0077169999999999999 0.065208999999999989 0.089326000000000003 0.060399999999999988 0.0034419999999999997 0.0032430000000000002 0.0032699999999999999 0.00070800000000000008 0.00070299999999999996 0.00066699999999999984 1.9192157132275609 1.9192157132275609 1.9192157132275609 0.0011398460845709615 0.0011398460845709615 0.0011398460845709615 1 1 1 Converged Converged Converged OK OK OK 61 61 61 61 61 61 3 3 3 0 0 0 0 1 0 0 1
147 147 linear 4 15 1474 2 0.001 1.3378570814237301 0.0017331749457546901 0.0062141313177397541 -0.6014772101299235 0.037064893351962599 -0.6010989586584089 0.5 0.6034136872034126 1.9407652724330349 OK 13 12 0.37057499999999999 0.25837900000000003 0.092510999999999996 0.27453899999999998 0.13675399999999999 0 0.09603600000000001 0.12162500000000004 0.092510999999999996 0.0082710000000000006 0.0082260000000000007 0.0076790000000000001 0.068799999999999986 0.094635999999999998 0.066366999999999995 0.0031549999999999998 0.0031680000000000002 0.0032040000000000003 0.0007000000000000001 0.00067899999999999992 0.00067600000000000006 1.940764070974802 1.940764070974802 1.940764070974802 0.0011664521707037414 0.0011664521707037414 0.0011664521707037414 1 1 1 Converged Converged Converged OK OK OK 61 61 61 61 61 61 3 3 3 0 0 0 0 1 0 0 1
147 147 linear 4 23 1474 3 0.001 1.3378570814237301 0.0017331749457546901 0.0062141313177397541 -0.6014772101299235 0.037064893351962599 -0.60023438386637551 0.5 0.60254911241137921 1.9658154349146706 OK 13 12 0.38388099999999997 0.26788299999999998 0.094920000000000004 0.28063199999999999 0.14779200000000001 0 0.10324899999999998 0.12009099999999998 0.094920000000000004 0.0081030000000000008 0.0081790000000000005 0.0076030000000000004 0.076146999999999992 0.092986000000000013 0.069010000000000002 0.0032100000000000002 0.003339 0.0031910000000000003 0.00070399999999999998 0.0006829999999999999 0.00067699999999999998 1.9658142097539988 1.9658142097539988 1.9658142097539988 0.0011952250408376653 0.0011952250408376653 0.0011952250408376653 1 1 1 Converged Converged Converged OK OK OK 61 61 61 61 61 61 3 3 3 0 0 0 0 1 0 0 1
147 147 linear 4 0 1474 0 0.0001 1.3378570814237301 0.0017331749457546901 0.0062141313177397541 -0.6014772101299235 0.037064893351962599 -0.60272003639347149 0.5 0.60503476493847519 1.9026034459957062 OK 13 12 0.41373100000000002 0.40787600000000002 0.135156 0.27424799999999999 0.27037 0 0.13948300000000002 0.13750600000000002 0.135156 0.0089820000000000004 0.0090010000000000003 0.0085550000000000001 0.096914 0.094221999999999972 0.093299999999999994 0.0049399999999999999 0.005025 0.0049610000000000001 0.00092299999999999999 0.00091799999999999998 0.00089599999999999999 1.9026022935352098 1.9026022935352098 1.9026022935352098 4.5627437112787915e-09 4.5627437112787915e-09 4.5627437112787915e-09 1 1 1 Converged Converged Converged OK OK OK 93 93 93 93 93 93 3 3 3 0 0 0 0 0 1 0 0
147 147 linear 4 7 1474 1 0.0001 1.3378570814237301 0.0017331749457546901 0.0062141313177397541 -0.6014772101299235 0.037064893351962599 -0.60196353345044229 0.5 0.60427826199544599 1.9192168572193098 OK 13 12 0.419186 0.31934000000000001 0.13008800000000001 0.28438099999999999 0.136938 0 0.13480500000000001 0.18240200000000001 0.13008800000000001 0.0082950000000000003 0.0083789999999999993 0.0077169999999999999 0.097693000000000002 0.14514699999999994 0.094012999999999999 0.004901 0.0050590000000000001 0.0049399999999999999 0.00092899999999999992 0.00090100000000000011 0.00089500000000000007 1.9192157134007832 1.9192157134007832 1.9192157134007832 4.4169687931998383e-09 4.4169687931998383e-09 4.4169687931998383e-09 1 1 1 Converged Converged Converged OK OK OK 93 93 93 93 93 93 3 3 3 0 0 0 0 1 0 0 1
147 147 linear 4 15 1474 2 0.0001 1.3378570814237301 0.0017331749457546901 0.0062141313177397541 -0.6014772101299235 0.037064893351962599 -0.6010989586584089 0.5 0.6034136872034126 1.9407652724330349 OK 13 12 0.41586099999999998 0.32897500000000002 0.135627 0.27525500000000003 0.13802900000000001 0 0.14060599999999995 0.190946 0.135627 0.0082620000000000002 0.0083999999999999995 0.0077279999999999996 0.103522 0.15339099999999994 0.099890000000000048 0.0049550000000000002 0.0050879999999999996 0.0047619999999999997 0.00092800000000000001 0.000892 0.00090199999999999992 1.9407640712572463 1.9407640712572463 1.9407640712572463 4.3386428957743076e-09 4.3386428957743076e-09 4.3386428957743076e-09 1 1 1 Converged Converged Converged OK OK OK 93 93 93 93 93 93 3 3 3 0 0 0 0 1 0 0 1
147 147 linear 4 23 1474 3 0.0001 1.3378570814237301 0.0017331749457546901 0.0062141313177397541 -0.6014772101299235 0.037064893351962599 -0.60023438386637551 0.5 0.60254911241137921 1.9658154349146706 OK 13 12 0.42347899999999999 0.33379799999999998 0.138076 0.28093899999999999 0.14385000000000001 0 0.14254 0.18994799999999998 0.138076 0.0081519999999999995 0.0081670000000000006 0.0077140000000000004 0.10559499999999999 0.15330200000000008 0.10215800000000001 0.0049350000000000002 0.004999 0.0049789999999999999 0.00090800000000000017 0.00088699999999999998 0.00088000000000000003 1.9658142103053602 1.9658142103053602 1.9658142103053602 4.9104542421240832e-09 4.9104542421240832e-09 4.9104542421240832e-09 1 1 1 Converged Converged Converged OK OK OK 93 93 93 93 93 93 3 3 3 0 0 0 0 1 0 0 1
147 147 uniform 0 0 1475 0 0.001 1.3378570814237301 0.0017331749457546901 0.0062141313177397541 0.0013811974826944138 -0.0023799450974961124 0.00013837121914646289 0 0.0021763573258572148 302.34881063995283 OK 13 12 0.64325399999999999 0.64449599999999996 0.201208 0.436415 0.44070599999999999 0 0.206839 0.20378999999999997 0.201208 0.010108000000000001 0.010211 0.0097020000000000006 0.16467200000000001 0.16120799999999993 0.15929700000000008 0.0044619999999999998 0.0045170000000000002 0.0047959999999999999 0.001088 0.0010970000000000001 0.0010809999999999999 302.34882136902473 302.34882136902473 302.34882136902473 0.17651794439941981 0.17651794439941981 0.17651794439941981 1 1 1 Converged Converged Converged OK OK OK 105 105 105 105 105 105 7 7 7 0 0 0 0 0 1 0 0
147 147 uniform 0 7 1475 1 0.001 1.3378570814237301 0.0017331749457546901 0.0062141313177397541 0.0013811974826944138 -0.0023799450974961124 0.00089487416217565044 0 0.001419854382828027 303.82352301423458 OK 13 12 0.68791800000000003 0.66996100000000003 0.19917799999999999 0.48535499999999998 0.35841600000000001 0 0.20256300000000005 0.31154500000000002 0.19917799999999999 0.0091970000000000003 0.0092440000000000005 0.0084620000000000008 0.16653799999999996 0.27560199999999996 0.16542399999999999 0.0049969999999999997 0.0048539999999999998 0.0043480000000000003 0.0011530000000000004 0.001392 0.0011789999999999999 303.82358245804159 303.82358245804159 303.82358245804159 0.0062155037702917044 0.0062155037702917044 0.0062155037702917044 1 1 1 Converged Converged Converged OK OK OK 112 112 112 112 112 112 8 8 8 0 0 0 0 1 0 0 1
147 147 uniform 0 15 1475 2 0.001 1.3378570814237301 0.0017331749457546901 0.0062141313177397541 0.0013811974826944138 -0.0023799450974961124 0.0017594489542090076 0 0.0005552795907946698 302.27857596734987 OK 13 12 0.73139200000000004 0.72094400000000003 0.193907 0.53376000000000001 0.406275 0 0.19763200000000003 0.31466900000000003 0.193907 0.0091079999999999998 0.0090969999999999992 0.0083560000000000006 0.16265200000000002 0.28004300000000004 0.16121800000000006 0.0049120000000000006 0.004829 0.004581 0.0012260000000000001 0.0011670000000000001 0.001165 302.27824869365384 302.27824869365384 302.27824869365384 0.28192959158801251 0.28192959158801251 0.28192959158801251 1 1 1 Converged Converged Converged OK OK OK 112 112 112 112 112 112 8 8 8 0 0 0 0 1 0 0 1
147 147 uniform 0 23 1475 3 0.001 1.3378570814237301 0.0017331749457546901 0.0062141313177397541 0.0013811974826944138 -0.0023799450974961124 0.0026240237462423644 0 -0.00030929520123868697 297.22193237969532 OK 13 12 0.70119200000000004 0.69454300000000002 0.20791899999999999 0.49473299999999998 0.36692599999999997 0 0.20645900000000006 0.32761700000000005 0.20791899999999999 0.0089460000000000008 0.0090310000000000008 0.0082070000000000008 0.16773400000000005 0.28750300000000006 0.17054400000000011 0.0052249999999999996 0.0061879999999999999 0.005071 0.001279 0.0013489999999999999 0.001317 297.22184001949847 297.22184001949847 297.22184001949847 0.14699922468743598 0.14699922468743598 0.14699922468743598 1 1 1 Converged Converged Converged OK OK OK 120 120 120 120 120 120 8 8 8 0 0 0 0 1 0 0 1
147 147 uniform 0 0 1475 0 0.0001 1.3378570814237301 0.0017331749457546901 0.0062141313177397541 0.0013811974826944138 -0.0023799450974961124 0.00013837121914646289 0 0.0021763573258572148 302.34881063995283 OK 13 12 0.65296399999999999 0.654644 0.21172199999999999 0.43764199999999998 0.43822 0 0.21532200000000001 0.21642400000000001 0.21172199999999999 0.0098549999999999992 0.010229 0.0097269999999999995 0.16956799999999994 0.16788700000000001 0.16577500000000012 0.0046499999999999996 0.0064199999999999995 0.0052659999999999998 0.0012749999999999999 0.001358 0.0013110000000000001 302.3488727316323 302.3488727316323 302.3488727316323 0.0049424287148793905 0.0049424287148793905 0.0049424287148793905 1 1 1 Converged Converged Converged OK OK OK 113 113 113 113 113 113 7 7 7 0 0 0 0 0 1 0 0
147 147 uniform 0 7 1475 1 0.0001 1.3378570814237301 0.0017331749457546901 0.0062141313177397541 0.0013811974826944138 -0.0023799450974961124 0.00089487416217565044 0 0.001419854382828027 303.82352301423458 OK 13 12 0.68818100000000004 0.66425500000000004 0.19791 0.48472100000000001 0.35536499999999999 0 0.20346000000000003 0.30889000000000005 0.19791 0.0092429999999999995 0.0091900000000000003 0.0084880000000000008 0.16838299999999995 0.27446800000000016 0.16532199999999997 0.0049039999999999995 0.0046559999999999995 0.0044650000000000002 0.001207 0.0012599999999999998 0.0011620000000000001 303.82358245804159 303.82358245804159 303.82358245804159 0.0062155037702917044 0.0062155037702917044 0.0062155037702917044 1 1 1 Converged Converged Converged OK OK OK 112 112 112 112 112 112 8 8 8 0 0 0 0 1 0 0 1
147 147 uniform 0 15 1475 2 0.0001 1.3378570814237301 0.0017331749457546901 0.0062141313177397541 0.0013811974826944138 -0.0023799450974961124 0.0017594489542090076 0 0.0005552795907946698 302.27857596734987 OK 13 12 0.79375600000000002 0.85957499999999998 0.245839 0.54012800000000005 0.40873100000000001 0 0.25362799999999996 0.45084399999999997 0.245839 0.009025 0.0091149999999999998 0.0083350000000000004 0.2042010000000001 0.40084400000000014 0.19897199999999998 0.0076969999999999998 0.0086859999999999993 0.0081089999999999999 0.0014809999999999997 0.0017009999999999998 0.0015140000000000002 302.27861628500813 302.27861628500813 302.27861628500813 0.029473882137968064 0.029473882137968064 0.029473882137968064 1 1 1 Converged Converged Converged OK OK OK 152 152 152 152 152 152 8 8 8 0 0 0 0 1 0 0 1
147 147 uniform 0 23 1475 3 0.0001 1.3378570814237301 0.0017331749457546901 0.0062141313177397541 0.0013811974826944138 -0.0023799450974961124 0.0026240237462423644 0 -0.00030929520123868697 297.22193237969532 OK 13 12 0.71575299999999997 0.71150199999999997 0.21363499999999999 0.50059900000000002 0.36579400000000001 0 0.21515399999999996 0.34570799999999996 0.21363499999999999 0.0088210000000000007 0.0090650000000000001 0.0082810000000000002 0.17722600000000002 0.30627699999999997 0.17716799999999999 0.0052140000000000008 0.0060159999999999996 0.0052130000000000006 0.0014300000000000001 0.0015300000000000001 0.0014139999999999999 297.22195746547033 297.22195746547033 297.22195746547033 0.01334250526694452 0.01334250526694452 0.01334250526694452 1 1 1 Converged Converged Converged OK OK OK 128 128 128 128 128 128 8 8 8 0 0 0 0 1 0 0 1
147 147 uniform 1 0 1476 0 0.001 1.3378570814237301 0.0017331749457546901 0.0062141313177397541 -0.61331328152569586 0.015705993952769462 -0.61455610778924386 0 0.61687083633424755 2.4053668398900956 OK 14 13 0.38030999999999998 0.37791599999999997 0.094971 0.28407900000000003 0.28134999999999999 0 0.096230999999999955 0.096565999999999985 0.094971 0.011786 0.01206 0.011354 0.062200000000000019 0.062078000000000008 0.061528000000000006 0.0029480000000000005 0.0029559999999999999 0.002908 0.00083800000000000009 0.0008479999999999999 0.00081999999999999998 2.4053660542715476 2.4053660542715476 2.4053660542715476 0.0013052841871838711 0.0013052841871838711 0.0013052841871838711 1 1 1 Converged Converged Converged OK OK OK 67 67 67 67 67 67 5 5 5 0 0 0 0 0 1 0 0
147 147 uniform 1 7 1476 1 0.001 1.3378570814237301 0.0017331749457546901 0.0062141313177397541 -0.61331328152569586 0.015705993952769462 -0.61379960484621465 0 0.61611433339121835 2.5363454047761489 OK 14 13 0.38983600000000002 0.28664499999999998 0.103991 0.28728700000000001 0.154394 0 0.102549 0.13225099999999998 0.103991 0.01106 0.011143999999999999 0.011905000000000001 0.070580000000000018 0.10063700000000003 0.071416000000000007 0.0032210000000000003 0.0032590000000000006 0.0033 0.00092100000000000005 0.00093099999999999986 0.00098999999999999999 2.5363733484120896 2.5363733484120896 2.5363733484120896 0.0021950488125337913 0.0021950488125337913 0.0021950488125337913 1 1 1 Converged Converged Converged OK OK OK 74 74 74 74 74 74 6 6 6 0 0 0 0 1 0 0 1
147 147 uniform 1 15 1476 2 0.001 1.3378570814237301 0.0017331749457546901 0.0062141313177397541 -0.61331328152569586 0.015705993952769462 -0.61293503005418126 0 0.61524975859918496 2.6815470951492442 OK 14 13 0.39221899999999998 0.28919499999999998 0.106364 0.28426699999999999 0.15517900000000001 0 0.10795199999999999 0.13401599999999997 0.106364 0.011179 0.011074000000000001 0.010449999999999999 0.074998999999999982 0.10150900000000002 0.074696999999999986 0.0033289999999999995 0.0032759999999999998 0.0032599999999999999 0.00095600000000000004 0.00091 0.00093999999999999997 2.6815470486510185 2.6815470486510185 2.6815470486510185 0.00078870536780173742 0.00078870536780173742 0.00078870536780173742 1 1 1 Converged Converged Converged OK OK OK 81 81 81 81 81 81 7 7 7 0 0 0 0 1 0 0 1
147 147 uniform 1 23 1476 3 0.001 1.3378570814237301 0.0017331749457546901 0.0062141313177397541 -0.61331328152569586 0.015705993952769462 -0.61207045526214787 0 0.61438518380715157 2.8217413883214584 OK 14 13 0.393459 0.28243699999999999 0.10917399999999999 0.28539900000000001 0.15246100000000001 0 0.10805999999999999 0.12997599999999998 0.10917399999999999 0.011287999999999999 0.010999999999999999 0.011724 0.075872000000000009 0.099000000000000019 0.076945000000000013 0.0032820000000000002 0.0033059999999999999 0.003313 0.0011640000000000001 0.00090900000000000009 0.0010270000000000001 2.8217411152151413 2.8217411152151413 2.8217411152151413 0.00071284086709496252 0.00071284086709496252 0.00071284086709496252 1 1 1 Converged Converged Converged OK OK OK 81 81 81 81 81 81 7 7 7 0 0 0 0 1 0 0 1
147 147 uniform 1 0 1476 0 0.0001 1.3378570814237301 0.0017331749457546901 0.0062141313177397541 -0.61331328152569586 0.015705993952769462 -0.61455610778924386 0 0.61687083633424755 2.4053668398900956 OK 14 13 0.427902 0.42925200000000002 0.141905 0.28592299999999998 0.28206599999999998 0 0.14197900000000002 0.14718600000000004 0.141905 0.011860000000000001 0.011915 0.011609 0.092743999999999965 0.097609000000000043 0.09259400000000001 0.005058 0.0050280000000000004 0.0051160000000000008 0.001338 0.0012699999999999999 0.0013669999999999999 2.4053661403019286 2.4053661403019286 2.4053661403019286 0.00010420109593957431 0.00010420109593957431 0.00010420109593957431 1 1 1 Converged Converged Converged OK OK OK 107 107 107 107 107 107 5 5 5 0 0 0 0 0 1 0 0
147 147 uniform 1 7 1476 1 0.0001 1.3378570814237301 0.0017331749457546901 0.0062141313177397541 -0.61331328152569586 0.015705993952769462 -0.61379960484621465 0 0.61611433339121835 2.5363454047761489 OK 14 13 0.43211699999999997 0.35129199999999999 0.14435700000000001 0.28611900000000001 0.156501 0 0.14599799999999996 0.19479099999999999 0.14435700000000001 0.011091 0.011055000000000001 0.010491 0.102288 0.15112400000000001 0.10184499999999994 0.0051749999999999999 0.0051999999999999998 0.0051849999999999995 0.0013529999999999998 0.0012870000000000002 0.0013910000000000001 2.536345062337936 2.536345062337936 2.536345062337936 0.00017896984757399597 0.00017896984757399597 0.00017896984757399597 1 1 1 Converged Converged Converged OK OK OK 114 114 114 114 114 114 6 6 6 0 0 0 0 1 0 0 1
147 147 uniform 1 15 1476 2 0.0001 1.3378570814237301 0.0017331749457546901 0.0062141313177397541 -0.61331328152569586 0.015705993952769462 -0.61293503005418126 0 0.61524975859918496 2.6815470951492442 OK 14 13 0.43800099999999997 0.35547200000000001 0.14853 0.28698099999999999 0.156947 0 0.15101999999999999 0.19852500000000001 0.14853 0.011136 0.011073 0.010329 0.10567299999999995 0.153751 0.10500399999999994 0.0053730000000000002 0.0054650000000000002 0.0053150000000000003 0.0014150000000000002 0.0013310000000000002 0.0013540000000000002 2.6815467139186913 2.6815467139186913 2.6815467139186913 0.00015615445664557201 0.00015615445664557201 0.00015615445664557201 1 1 1 Converged Converged Converged OK OK OK 121 121 121 121 121 121 7 7 7 0 0 0 0 1 0 0 1
147 147 uniform 1 23 1476 3 0.0001 1.3378570814237301 0.0017331749457546901 0.0062141313177397541 -0.61331328152569586 0.015705993952769462 -0.61207045526214787 0 0.61438518380715157 2.8217413883214584 OK 14 13 0.440133 0.36224099999999998 0.15749199999999999 0.28103299999999998 0.15238299999999999 0 0.15910000000000002 0.20985799999999999 0.15749199999999999 0.011030999999999999 0.011044 0.010378 0.11287399999999997 0.16336399999999998 0.11247099999999999 0.0059030000000000003 0.0060320000000000009 0.0058710000000000004 0.0013259999999999999 0.0013870000000000002 0.0013450000000000001 2.821741088764353 2.821741088764353 2.821741088764353 0.00016004543133435061 0.00016004543133435061 0.00016004543133435061 1 1 1 Converged Converged Converged OK OK OK 129 129 129 129 129 129 7 7 7 0 0 0 0 1 0 0 1
147 147 uniform 2 0 1477 0 0.001 1.3378570814237301 0.0017331749457546901 0.0062141313177397541 -0.63703030693962504 -0.0091259801316198631 -0.63827313320317303 0 0.64058786174817672 1.8410666747390352 OK 13 12 0.35198299999999999 0.35046699999999997 0.062292 0.28892200000000001 0.28658299999999998 0 0.063060999999999978 0.063883999999999996 0.062292 0.0087379999999999992 0.0090849999999999993 0.0085079999999999999 0.038433999999999996 0.038866999999999992 0.038350999999999982 0.002199 0.002196 0.0021709999999999998 0.00057499999999999999 0.00058100000000000003 0.00053899999999999998 1.8410666432861174 1.8410666432861174 1.8410666432861174 0.00059990129967682688 0.00059990129967682688 0.00059990129967682688 1 1 1 Converged Converged Converged OK OK OK 45 45 45 45 45 45 3 3 3 0 0 0 0 0 1 0 0
147 147 uniform 2 7 1477 1 0.001 1.3378570814237301 0.0017331749457546901 0.0062141313177397541 -0.63703030693962504 -0.0091259801316198631 -0.63751663026014382 0 0.63983135880514752 1.8309767527927372 OK 13 12 0.34609499999999999 0.23249400000000001 0.057086999999999999 0.28753200000000001 0.155614 0 0.058562999999999976 0.076880000000000004 0.057086999999999999 0.0082030000000000002 0.0083129999999999992 0.0077590000000000003 0.036420999999999995 0.054820000000000001 0.035977000000000002 0.002176 0.002163 0.0021559999999999999 0.00055800000000000001 0.00054900000000000001 0.00053200000000000003 1.830976722138089 1.830976722138089 1.830976722138089 0.0005948398796209787 0.0005948398796209787 0.0005948398796209787 1 1 1 Converged Converged Converged OK OK OK 45 45 45 45 45 45 3 3 3 0 0 0 0 1 0 0 1
147 147 uniform 2 15 1477 2 0.001 1.3378570814237301 0.0017331749457546901 0.0062141313177397541 -0.63703030693962504 -0.0091259801316198631 -0.63665205546811043 0 0.63896678401311413 1.8198455401731963 OK 13 12 0.347057 0.23002500000000001 0.056633000000000003 0.28860400000000003 0.15366099999999999 0 0.058452999999999977 0.076364000000000015 0.056633000000000003 0.0082140000000000008 0.008267 0.0076449999999999999 0.036120999999999993 0.054285 0.035657000000000015 0.002189 0.002183 0.002117 0.00055400000000000002 0.00055199999999999997 0.000531 1.8198455100343311 1.8198455100343311 1.8198455100343311 0.00058918616707027223 0.00058918616707027223 0.00058918616707027223 1 1 1 Converged Converged Converged OK OK OK 45 45 45 45 45 45 3 3 3 0 0 0 0 1 0 0 1
147 147 uniform 2 23 1477 3 0.001 1.3378570814237301 0.0017331749457546901 0.0062141313177397541 -0.63703030693962504 -0.0091259801316198631 -0.63578748067607704 0 0.63810220922108074 1.8091416984847211 OK 13 12 0.345169 0.23192699999999999 0.055239000000000003 0.28823199999999999 0.15704299999999999 0 0.056937000000000015 0.074884000000000006 0.055239000000000003 0.0082150000000000001 0.0082789999999999999 0.0076819999999999996 0.034578000000000005 0.052690000000000008 0.034076000000000002 0.0022569999999999999 0.0022550000000000001 0.0021650000000000003 0.00054299999999999997 0.00054699999999999996 0.00054799999999999998 1.8091416693559297 1.8091416693559297 1.8091416693559297 0.00058368632553309932 0.00058368632553309932 0.00058368632553309932 1 1 1 Converged Converged Converged OK OK OK 45 45 45 45 45 45 3 3 3 0 0 0 0 1 0 0 1
147 147 uniform 2 0 1477 0 0.0001 1.3378570814237301 0.0017331749457546901 0.0062141313177397541 -0.63703030693962504 -0.0091259801316198631 -0.63827313320317303 0 0.64058786174817672 1.8410666747390352 OK 13 12 0.37736999999999998 0.37150300000000003 0.082591999999999999 0.28737800000000002 0.28774899999999998 0 0.089991999999999961 0.083754000000000051 0.082591999999999999 0.0087410000000000005 0.0090119999999999992 0.0085299999999999994 0.05363600000000001 0.053644000000000004 0.053058999999999981 0.0030839999999999999 0.003006 0.0029360000000000002 0.00071000000000000002 0.00068199999999999999 0.00067700000000000008 1.8410666454140816 1.8410666454140816 1.8410666454140816 0.00015729136976381724 0.00015729136976381724 0.00015729136976381724 1 1 1 Converged Converged Converged OK OK OK 61 61 61 61 61 61 3 3 3 0 0 0 0 0 1 0 0
147 147 uniform 2 7 1477 1 0.0001 1.3378570814237301 0.0017331749457546901 0.0062141313177397541 -0.63703030693962504 -0.0091259801316198631 -0.63751663026014382 0 0.63983135880514752 1.8309767527927372 OK 13 12 0.36698599999999998 0.26062999999999997 0.077508999999999995 0.28789599999999999 0.15684699999999999 0 0.079089999999999994 0.10378299999999999 0.077508999999999995 0.0082430000000000003 0.0083890000000000006 0.0077359999999999998 0.051786999999999993 0.076304000000000025 0.051470000000000009 0.0030959999999999998 0.0031129999999999999 0.0029560000000000003 0.00067500000000000004 0.00067500000000000004 0.00065900000000000008 1.8309767246827826 1.8309767246827826 1.8309767246827826 0.0001579879026216039 0.0001579879026216039 0.0001579879026216039 1 1 1 Converged Converged Converged OK OK OK 61 61 61 61 61 61 3 3 3 0 0 0 0 1 0 0 1
147 147 uniform 2 15 1477 2 0.0001 1.3378570814237301 0.0017331749457546901 0.0062141313177397541 -0.63703030693962504 -0.0091259801316198631 -0.63665205546811043 0 0.63896678401311413 1.8198455401731963 OK 13 12 0.36534899999999998 0.25993699999999997 0.076258999999999993 0.286555 0.15517800000000001 0 0.078793999999999975 0.10475899999999996 0.076258999999999993 0.008071 0.011563 0.0076540000000000002 0.051220000000000002 0.074565999999999993 0.050498999999999995 0.0033350000000000003 0.0030630000000000002 0.0029139999999999999 0.00068300000000000001 0.00067199999999999996 0.00065900000000000008 1.8198455129539057 1.8198455129539057 1.8198455129539057 0.00015879753875302211 0.00015879753875302211 0.00015879753875302211 1 1 1 Converged Converged Converged OK OK OK 61 61 61 61 61 61 3 3 3 0 0 0 0 1 0 0 1
147 147 uniform 2 23 1477 3 0.0001 1.3378570814237301 0.0017331749457546901 0.0062141313177397541 -0.63703030693962504 -0.0091259801316198631 -0.63578748067607704 0 0.63810220922108074 1.8091416984847211 OK 13 12 0.368699 0.25569900000000001 0.074684 0.29222300000000001 0.15573999999999999 0 0.076475999999999988 0.09995900000000002 0.074684 0.0082679999999999993 0.0082229999999999994 0.0076280000000000002 0.049254000000000013 0.072905999999999999 0.048727000000000013 0.0030479999999999999 0.0030279999999999999 0.0030010000000000002 0.00066800000000000008 0.00067199999999999996 0.00066100000000000002 1.8091416725605631 1.8091416725605631 1.8091416725605631 0.00015962192557743808 0.00015962192557743808 0.00015962192557743808 1 1 1 Converged Converged Converged OK OK OK 61 61 61 61 61 61 3 3 3 0 0 0 0 1 0 0 1
147 147 uniform 3 0 1478 0 0.001 1.3378570814237301 0.0017331749457546901 0.0062141313177397541 -0.65144829909397128 0.008830464667816517 -0.65269112535751928 0 0.65500585390252297 2.1143298036427334 OK 13 12 0.35578100000000001 0.36481599999999997 0.063753000000000004 0.28715299999999999 0.286499 0 0.068628000000000022 0.07831699999999997 0.063753000000000004 0.010255999999999999 0.0088830000000000003 0.0086619999999999996 0.041946999999999998 0.05376199999999999 0.039495999999999989 0.0022209999999999999 0.0022300000000000002 0.002173 0.00060999999999999997 0.000553 0.00053499999999999999 2.1143298256123133 2.1143298256123133 2.1143298256123133 0.0006748855123450574 0.0006748855123450574 0.0006748855123450574 1 1 1 Converged Converged Converged OK OK OK 45 45 45 45 45 45 3 3 3 0 0 0 0 0 1 0 0
147 147 uniform 3 7 1478 1 0.001 1.3378570814237301 0.0017331749457546901 0.0062141313177397541 -0.65144829909397128 0.008830464667816517 -0.65193462241449007 0 0.65424935095949377 2.0988176716186469 OK 13 12 0.35046500000000003 0.23394300000000001 0.059997000000000002 0.284445 0.154499 0 0.066020000000000023 0.079444000000000015 0.059997000000000002 0.0082690000000000003 0.0082039999999999995 0.0077409999999999996 0.039302999999999991 0.05757700000000001 0.038664000000000004 0.0066360000000000004 0.0022399999999999998 0.0021919999999999999 0.00054799999999999998 0.00054699999999999996 0.00053200000000000003 2.0988176815843955 2.0988176815843955 2.0988176815843955 0.00067530491109117218 0.00067530491109117218 0.00067530491109117218 1 1 1 Converged Converged Converged OK OK OK 45 45 45 45 45 45 3 3 3 0 0 0 0 1 0 0 1
147 147 uniform 3 15 1478 2 0.001 1.3378570814237301 0.0017331749457546901 0.0062141313177397541 -0.65144829909397128 0.008830464667816517 -0.65107004762245668 0 0.65338477616746038 2.0811184823775939 OK 13 12 0.34969699999999998 0.233043 0.058070999999999998 0.28473700000000002 0.155445 0 0.064959999999999962 0.077598 0.058070999999999998 0.0081880000000000008 0.0082500000000000004 0.0076309999999999998 0.043023000000000013 0.055499000000000021 0.037023 0.0021670000000000001 0.0021999999999999997 0.0021520000000000003 0.00054100000000000003 0.00054199999999999995 0.000531 2.0811184811667278 2.0811184811667278 2.0811184811667278 0.00067502744858576763 0.00067502744858576763 0.00067502744858576763 1 1 1 Converged Converged Converged OK OK OK 45 45 45 45 45 45 3 3 3 0 0 0 0 1 0 0 1
147 147 uniform 3 23 1478 3 0.001 1.3378570814237301 0.0017331749457546901 0.0062141313177397541 -0.65144829909397128 0.008830464667816517 -0.65020547283042329 0 0.65252020137542699 2.0635124881890685 OK 13 12 0.34563500000000003 0.231854 0.057736999999999997 0.28632200000000002 0.15470100000000001 0 0.059313000000000005 0.077152999999999999 0.057736999999999997 0.008201 0.0081799999999999998 0.0076049999999999998 0.03730399999999999 0.055425000000000009 0.036840000000000005 0.002189 0.0021549999999999998 0.0021310000000000001 0.00055699999999999999 0.00054700000000000007 0.00052700000000000002 2.0635124797657465 2.0635124797657465 2.0635124797657465 0.00067390272726075258 0.00067390272726075258 0.00067390272726075258 1 1 1 Converged Converged Converged OK OK OK 45 45 45 45 45 45 3 3 3 0 0 0 0 1 0 0 1
147 147 uniform 3 0 1478 0 0.0001 1.3378570814237301 0.0017331749457546901 0.0062141313177397541 -0.65144829909397128 0.008830464667816517 -0.65269112535751928 0 0.65500585390252297 2.1143298036427334 OK 13 12 0.37827 0.37473200000000001 0.083518999999999996 0.28896699999999997 0.29050700000000002 0 0.089303000000000021 0.084224999999999994 0.083518999999999996 0.0087889999999999999 0.0088819999999999993 0.0085319999999999997 0.054640000000000008 0.054396 0.054088999999999998 0.0073559999999999997 0.003026 0.0030070000000000001 0.00068999999999999997 0.00066200000000000005 0.00067900000000000013 2.1143297346879493 2.1143297346879493 2.1143297346879493 0.00014600931009346382 0.00014600931009346382 0.00014600931009346382 1 1 1 Converged Converged Converged OK OK OK 61 61 61 61 61 61 3 3 3 0 0 0 0 0 1 0 0
147 147 uniform 3 7 1478 1 0.0001 1.3378570814237301 0.0017331749457546901 0.0062141313177397541 -0.65144829909397128 0.008830464667816517 -0.65193462241449007 0 0.65424935095949377 2.0988176716186469 OK 13 12 0.368259 0.25554100000000002 0.079089999999999994 0.28741100000000003 0.155474 0 0.080847999999999975 0.10006700000000002 0.079089999999999994 0.0081899999999999994 0.0082179999999999996 0.0076689999999999996 0.053770999999999992 0.073234000000000007 0.053247999999999983 0.0031089999999999998 0.0030790000000000001 0.0029950000000000003 0.00066 0.00067299999999999999 0.0006469999999999999 2.0988176046335125 2.0988176046335125 2.0988176046335125 0.00014650952907444692 0.00014650952907444692 0.00014650952907444692 1 1 1 Converged Converged Converged OK OK OK 61 61 61 61 61 61 3 3 3 0 0 0 0 1 0 0 1
147 147 uniform 3 15 1478 2 0.0001 1.3378570814237301 0.0017331749457546901 0.0062141313177397541 -0.65144829909397128 0.008830464667816517 -0.65107004762245668 0 0.65338477616746038 2.0811184823775939 OK 13 12 0.365533 0.25985999999999998 0.078105999999999995 0.285279 0.154526 0 0.080253999999999992 0.10533399999999998 0.078105999999999995 0.0081969999999999994 0.0081589999999999996 0.0076499999999999997 0.053284000000000005 0.078276000000000012 0.052419999999999994 0.0030150000000000003 0.0031689999999999999 0.0029369999999999999 0.00066500000000000001 0.00069899999999999997 0.00065700000000000003 2.0811184177912625 2.0811184177912625 2.0811184177912625 0.00014709492261879141 0.00014709492261879141 0.00014709492261879141 1 1 1 Converged Converged Converged OK OK OK 61 61 61 61 61 61 3 3 3 0 0 0 0 1 0 0 1
147 147 uniform 3 23 1478 3 0.0001 1.3378570814237301 0.0017331749457546901 0.0062141313177397541 -0.65144829909397128 0.008830464667816517 -0.65020547283042329 0 0.65252020137542699 2.0635124881890685 OK 13 12 0.36933500000000002 0.25250400000000001 0.076686000000000004 0.29100700000000002 0.15485299999999999 0 0.078328000000000009 0.097651000000000016 0.076686000000000004 0.0080839999999999992 0.0081329999999999996 0.0076010000000000001 0.051781999999999995 0.071271000000000015 0.051167000000000004 0.0030209999999999998 0.0030239999999999998 0.0029460000000000003 0.00065699999999999992 0.00067500000000000004 0.00064599999999999998 2.0635124278115398 2.0635124278115398 2.0635124278115398 0.00014769421862532924 0.00014769421862532924 0.00014769421862532924 1 1 1 Converged Converged Converged OK OK OK 61 61 61 61 61 61 3 3 3 0 0 0 0 1 0 0 1
147 147 uniform 4 0 1479 0 0.001 1.3378570814237301 0.0017331749457546901 0.0062141313177397541 -0.6014772101299235 0.037064893351962599 -0.60272003639347149 0 0.60503476493847519 1.9034340990694927 OK 13 12 0.33360299999999998 0.33929399999999998 0.061376 0.27125899999999997 0.27475899999999998 0 0.062344000000000011 0.064535000000000009 0.061376 0.0090019999999999996 0.010158 0.0085640000000000004 0.037626000000000021 0.038492999999999999 0.037342999999999994 0.0022550000000000001 0.0022589999999999997 0.002202 0.00055099999999999995 0.00058500000000000002 0.00053800000000000007 1.9034340846118889 1.9034340846118889 1.9034340846118889 0.00063043713442618901 0.00063043713442618901 0.00063043713442618901 1 1 1 Converged Converged Converged OK OK OK 45 45 45 45 45 45 3 3 3 0 0 0 0 0 1 0 0
147 147 uniform 4 7 1479 1 0.001 1.3378570814237301 0.0017331749457546901 0.0062141313177397541 -0.6014772101299235 0.037064893351962599 -0.60196353345044229 0 0.60427826199544599 1.9202260412519003 OK 13 12 0.331119 0.22506799999999999 0.058512000000000002 0.270926 0.13525899999999999 0 0.060192999999999997 0.089809 0.058512000000000002 0.00826 0.0081799999999999998 0.0076270000000000001 0.037728999999999999 0.067736000000000005 0.037432000000000007 0.0022360000000000001 0.0021920000000000004 0.002163 0.00056900000000000006 0.00058800000000000009 0.00052599999999999999 1.9202260266006508 1.9202260266006508 1.9202260266006508 0.00064047472725942665 0.00064047472725942665 0.00064047472725942665 1 1 1 Converged Converged Converged OK OK OK 45 45 45 45 45 45 3 3 3 0 0 0 0 1 0 0 1
147 147 uniform 4 15 1479 2 0.001 1.3378570814237301 0.0017331749457546901 0.0062141313177397541 -0.6014772101299235 0.037064893351962599 -0.6010989586584089 0 0.6034136872034126 1.9420517951416214 OK 13 12 0.34021899999999999 0.23086499999999999 0.064065999999999998 0.27446700000000002 0.140288 0 0.065751999999999977 0.090576999999999991 0.064065999999999998 0.0082620000000000002 0.008267 0.00762 0.043495000000000006 0.068523000000000001 0.043074000000000001 0.0022330000000000002 0.0022699999999999999 0.002209 0.00054000000000000001 0.00054300000000000008 0.00053300000000000005 1.9420517804662452 1.9420517804662452 1.9420517804662452 0.00065406752056865289 0.00065406752056865289 0.00065406752056865289 1 1 1 Converged Converged Converged OK OK OK 45 45 45 45 45 45 3 3 3 0 0 0 0 1 0 0 1
147 147 uniform 4 23 1479 3 0.001 1.3378570814237301 0.0017331749457546901 0.0062141313177397541 -0.6014772101299235 0.037064893351962599 -0.60023438386637551 0 0.60254911241137921 1.967500508090388 OK 13 12 0.34858600000000001 0.23258899999999999 0.064817 0.28222700000000001 0.14514199999999999 0 0.066359000000000001 0.087446999999999997 0.064817 0.0081069999999999996 0.0082299999999999995 0.0076210000000000002 0.044381999999999991 0.06538399999999997 0.043852000000000016 0.0021999999999999997 0.0022689999999999997 0.0021609999999999997 0.00054100000000000003 0.00054500000000000002 0.00053399999999999997 1.9675004925652606 1.9675004925652606 1.9675004925652606 0.00067055647561542757 0.00067055647561542757 0.00067055647561542757 1 1 1 Converged Converged Converged OK OK OK 45 45 45 45 45 45 3 3 3 0 0 0 0 1 0 0 1
147 147 uniform 4 0 1479 0 0.0001 1.3378570814237301 0.0017331749457546901 0.0062141313177397541 -0.6014772101299235 0.037064893351962599 -0.60272003639347149 0 0.60503476493847519 1.9034340990694927 OK 13 12 0.37126399999999998 0.36628100000000002 0.095076999999999995 0.275509 0.270459 0 0.095754999999999979 0.095822000000000018 0.095076999999999995 0.0087690000000000008 0.0087760000000000008 0.0086169999999999997 0.059782999999999975 0.059809000000000029 0.059378999999999994 0.0038459999999999996 0.0040279999999999995 0.0038059999999999999 0.00081099999999999998 0.00078200000000000003 0.000785 1.9034340846638826 1.9034340846638826 1.9034340846638826 9.5086256663873983e-05 9.5086256663873983e-05 9.5086256663873983e-05 1 1 1 Converged Converged Converged OK OK OK 77 77 77 77 77 77 3 3 3 0 0 0 0 0 1 0 0
147 147 uniform 4 7 1479 1 0.0001 1.3378570814237301 0.0017331749457546901 0.0062141313177397541 -0.6014772101299235 0.037064893351962599 -0.60196353345044229 0 0.60427826199544599 1.9202260412519003 OK 13 12 0.361738 0.27827400000000002 0.090478000000000003 0.26957500000000001 0.139373 0 0.092162999999999995 0.13890100000000002 0.090478000000000003 0.0081370000000000001 0.0083009999999999994 0.0077120000000000001 0.059986999999999992 0.10700800000000001 0.05952099999999997 0.003797 0.0039480000000000001 0.0038710000000000003 0.000776 0.00077499999999999997 0.00076300000000000011 1.9202260266525282 1.9202260266525282 1.9202260266525282 0.00010465575760362403 0.00010465575760362403 0.00010465575760362403 1 1 1 Converged Converged Converged OK OK OK 77 77 77 77 77 77 3 3 3 0 0 0 0 1 0 0 1
147 147 uniform 4 15 1479 2 0.0001 1.3378570814237301 0.0017331749457546901 0.0062141313177397541 -0.6014772101299235 0.037064893351962599 -0.6010989586584089 0 0.6034136872034126 1.9420517951416214 OK 13 12 0.37032100000000001 0.28537499999999999 0.096174999999999997 0.27267000000000002 0.13633999999999999 0 0.097650999999999988 0.149035 0.096174999999999997 0.0081679999999999999 0.0082679999999999993 0.0076559999999999996 0.065884999999999957 0.11722100000000003 0.065445999999999976 0.0038670000000000002 0.0039369999999999995 0.0038310000000000002 0.00076800000000000002 0.00078400000000000008 0.00075799999999999999 1.9420517805180204 1.9420517805180204 1.9420517805180204 0.00011770723032831662 0.00011770723032831662 0.00011770723032831662 1 1 1 Converged Converged Converged OK OK OK 77 77 77 77 77 77 3 3 3 0 0 0 0 1 0 0 1
147 147 uniform 4 23 1479 3 0.0001 1.3378570814237301 0.0017331749457546901 0.0062141313177397541 -0.6014772101299235 0.037064893351962599 -0.60023438386637551 0 0.60254911241137921 1.967500508090388 OK 13 12 0.38494699999999998 0.29113899999999998 0.097723000000000004 0.28098899999999999 0.149066 0 0.10395799999999999 0.14207299999999998 0.097723000000000004 0.0082349999999999993 0.0081209999999999997 0.0076709999999999999 0.072319000000000008 0.11048699999999995 0.067220999999999989 0.0038699999999999997 0.0039259999999999998 0.0037929999999999999 0.00077000000000000007 0.00078200000000000003 0.00076800000000000002 1.9675004926169324 1.9675004926169324 1.9675004926169324 0.00013364804461067176 0.00013364804461067176 0.00013364804461067176 1 1 1 Converged Converged Converged OK OK OK 77 77 77 77 77 77 3 3 3 0 0 0 0 1 0 0 1
148 148 linear 0 0 1480 0 0.001 0.49071655615111009 0.2765108317331833 0.31787435464773617 0.03038482724491344 0.005411860090664561 -0.033190043684633797 0.5 0.13948639441935945 6.75424250371284 OK 15 14 0.54705000000000004 0.54466800000000004 0.30725000000000002 0.22966500000000001 0.22897899999999999 0 0.31738500000000003 0.31568900000000005 0.30725000000000002 0.011847 0.011677999999999999 0.011402000000000001 0.27600900000000006 0.27413999999999988 0.26789599999999997 0.004520999999999999 0.0051009999999999996 0.0042650000000000006 0.001078 0.0011770000000000001 0.0010120000000000001 6.7543571707135666 6.7543571707135666 6.7543571707135666 0.0053165984670942466 0.0053165984670942466 0.0053165984670942466 1 1 1 Converged Converged Converged OK OK OK 96 96 96 96 96 96 8 8 8 0 0 0 0 0 1 0 0
148 148 linear 0 7 1480 1 0.001 0.49071655615111009 0.2765108317331833 0.31787435464773617 0.03038482724491344 0.005411860090664561 0.0055077038376993084 0.5 0.10078864689702632 6.7793662755898101 OK 14 13 0.51449100000000003 0.443409 0.276061 0.224159 0.162656 0 0.29033200000000003 0.28075300000000003 0.276061 0.010371999999999999 0.010318000000000001 0.010042000000000001 0.26008700000000012 0.25016100000000013 0.24705099999999999 0.0041440000000000001 0.0045779999999999996 0.0040550000000000004 0.00093899999999999995 0.00092199999999999997 0.00089099999999999997 6.7794507610521642 6.7794507610521642 6.7794507610521642 0.0053983039403013057 0.0053983039403013057 0.0053983039403013057 1 1 1 Converged Converged Converged OK OK OK 89 89 89 89 89 89 7 7 7 0 0 0 0 1 0 0 1
148 148 linear 0 15 1480 2 0.001 0.49071655615111009 0.2765108317331833 0.31787435464773617 0.03038482724491344 0.005411860090664561 0.049733701006079989 0.5 0.05656264972864565 6.7190958164770382 OK 13 12 0.51726000000000005 0.44406000000000001 0.28698299999999999 0.23338800000000001 0.16434499999999999 0 0.28387200000000001 0.27971500000000005 0.28698299999999999 0.0099629999999999996 0.010388 0.0094859999999999996 0.25272599999999995 0.24770400000000001 0.25720699999999991 0.0041720000000000004 0.0045669999999999999 0.0040270000000000002 0.001044 0.00098399999999999985 0.00099299999999999996 6.7189478433527023 6.7189478433527023 6.7189478433527023 0.0048260959484713291 0.0048260959484713291 0.0048260959484713291 1 1 1 Converged Converged Converged OK OK OK 89 89 89 89 89 89 7 7 7 0 0 0 0 1 0 0 1
148 148 linear 0 23 1480 3 0.001 0.49071655615111009 0.2765108317331833 0.31787435464773617 0.03038482724491344 0.005411860090664561 0.093959698174460676 0.5 0.012336652560264963 6.5623592284219479 OK 13 12 0.51896600000000004 0.435058 0.26701799999999998 0.238674 0.159027 0 0.28029200000000004 0.27603100000000003 0.26701799999999998 0.0098440000000000003 0.010432 0.0093489999999999997 0.24943100000000012 0.24422999999999997 0.237926 0.0040620000000000005 0.0045040000000000002 0.003839 0.00095999999999999992 0.001005 0.00099399999999999987 6.5622874477537412 6.5622874477537412 6.5622874477537412 0.0032004560907895308 0.0032004560907895308 0.0032004560907895308 1 1 1 Converged Converged Converged OK OK OK 89 89 89 89 89 89 7 7 7 0 0 0 0 1 0 0 1
148 148 linear 0 0 1480 0 0.0001 0.49071655615111009 0.2765108317331833 0.31787435464773617 0.03038482724491344 0.005411860090664561 -0.033190043684633797 0.5 0.13948639441935945 6.75424250371284 OK 15 14 0.80671199999999998 0.793937 0.56851600000000002 0.23860799999999999 0.22942599999999999 0 0.56810399999999994 0.56451099999999999 0.56851600000000002 0.011261999999999999 0.011749000000000001 0.011554999999999999 0.50092500000000018 0.49547999999999986 0.50063999999999964 0.010015 0.011323 0.010281 0.0015939999999999997 0.001725 0.0016980000000000001 6.7541818564908898 6.7541818564908898 6.7541818564908898 0.0005080210442201706 0.0005080210442201706 0.0005080210442201706 1 1 1 Converged Converged Converged OK OK OK 184 184 184 184 184 184 8 8 8 0 0 0 0 0 1 0 0
148 148 linear 0 7 1480 1 0.0001 0.49071655615111009 0.2765108317331833 0.31787435464773617 0.03038482724491344 0.005411860090664561 0.0055077038376993084 0.5 0.10078864689702632 6.7793662755898101 OK 14 13 0.78352299999999997 0.70580200000000004 0.56132099999999996 0.231762 0.162664 0 0.55176099999999995 0.54313800000000001 0.56132099999999996 0.010123999999999999 0.010427000000000001 0.010208999999999999 0.49850100000000014 0.48849700000000001 0.49669699999999978 0.010189 0.011326000000000001 0.012824 0.001513 0.0014910000000000001 0.0015410000000000001 6.7793016951154694 6.7793016951154694 6.7793016951154694 0.0005987414359211468 0.0005987414359211468 0.0005987414359211468 1 1 1 Converged Converged Converged OK OK OK 185 185 185 185 185 185 7 7 7 0 0 0 0 1 0 0 1
148 148 linear 0 15 1480 2 0.0001 0.49071655615111009 0.2765108317331833 0.31787435464773617 0.03038482724491344 0.005411860090664561 0.049733701006079989 0.5 0.05656264972864565 6.7190958164770382 OK 13 12 0.71108899999999997 0.62865000000000004 0.47638599999999998 0.24080099999999999 0.16932900000000001 0 0.47028799999999998 0.45932100000000003 0.47638599999999998 0.010087 0.010082000000000001 0.010423 0.41830699999999987 0.40831799999999985 0.4263090000000001 0.0098139999999999981 0.0094669999999999997 0.009300000000000001 0.0016660000000000004 0.0016570000000000003 0.001635 6.7189244273438034 6.7189244273438034 6.7189244273438034 0.0003715419406940806 0.0003715419406940806 0.0003715419406940806 1 1 1 Converged Converged Converged OK OK OK 161 161 161 161 161 161 7 7 7 0 0 0 0 1 0 0 1
148 148 linear 0 23 1480 3 0.0001 0.49071655615111009 0.2765108317331833 0.31787435464773617 0.03038482724491344 0.005411860090664561 0.093959698174460676 0.5 0.012336652560264963 6.5623592284219479 OK 13 12 0.69175399999999998 0.59801400000000005 0.44183499999999998 0.24279200000000001 0.15872900000000001 0 0.44896199999999997 0.43928500000000004 0.44183499999999998 0.010240000000000001 0.010123999999999999 0.0093500000000000007 0.399949 0.39135600000000009 0.39634200000000008 0.0093179999999999999 0.0092369999999999987 0.0083119999999999999 0.0015619999999999998 0.0015350000000000001 0.0014450000000000003 6.5623724733370903 6.5623724733370903 6.5623724733370903 0.00064848243919920015 0.00064848243919920015 0.00064848243919920015 1 1 1 Converged Converged Converged OK OK OK 153 153 153 153 153 153 7 7 7 0 0 0 0 1 0 0 1
148 148 linear 1 0 1481 0 0.001 0.49071655615111009 0.2765108317331833 0.31787435464773617 0.77485821570589941 -1.6160799712660912 0.71128334477635213 0.5 -0.60498699404162648 1.2052486092435639 OK 12 11 0.29578599999999999 0.29701300000000003 0.100549 0.19336900000000001 0.195049 0 0.10241699999999998 0.10196400000000003 0.100549 0.0068760000000000002 0.0072420000000000002 0.0070039999999999998 0.074321999999999999 0.072600000000000012 0.072122000000000006 0.0027750000000000001 0.002941 0.002784 0.00063299999999999999 0.00067000000000000002 0.00061499999999999999 1.2052520213570916 1.2052520213570916 1.2052520213570916 0.0012031440774114247 0.0012031440774114247 0.0012031440774114247 1 1 1 Converged Converged Converged OK OK OK 73 73 73 73 73 73 7 7 7 0 0 0 0 0 1 0 0
148 148 linear 1 7 1481 1 0.001 0.49071655615111009 0.2765108317331833 0.31787435464773617 0.77485821570589941 -1.6160799712660912 0.74998109229868526 0.5 -0.64368474156395961 1.2088900861766267 OK 12 11 0.29147400000000001 0.22314000000000001 0.10279099999999999 0.185749 0.114509 0 0.10572500000000001 0.10863100000000001 0.10279099999999999 0.0059620000000000003 0.0061669999999999997 0.0057200000000000003 0.079366000000000006 0.081626000000000018 0.077109000000000011 0.0034699999999999996 0.0035690000000000006 0.0034399999999999999 0.00079000000000000001 0.00080099999999999985 0.00076800000000000002 1.2088904686956636 1.2088904686956636 1.2088904686956636 0.0005614669108555604 0.0005614669108555604 0.0005614669108555604 1 1 1 Converged Converged Converged OK OK OK 81 81 81 81 81 81 7 7 7 0 0 0 0 1 0 0 1
148 148 linear 1 15 1481 2 0.001 0.49071655615111009 0.2765108317331833 0.31787435464773617 0.77485821570589941 -1.6160799712660912 0.79420708946706597 0.5 -0.68791073873234032 1.2099440660339831 OK 12 11 0.287526 0.22037100000000001 0.088172 0.19522800000000001 0.114707 0 0.092297999999999991 0.10566400000000001 0.088172 0.0061700000000000001 0.0061180000000000002 0.0055620000000000001 0.069317999999999991 0.083168000000000006 0.066840999999999998 0.0030460000000000001 0.0028630000000000001 0.0027490000000000001 0.00060499999999999996 0.00060000000000000006 0.00055100000000000006 1.209951528640743 1.209951528640743 1.209951528640743 0.0011968298963892607 0.0011968298963892607 0.0011968298963892607 1 1 1 Converged Converged Converged OK OK OK 66 66 66 66 66 66 6 6 6 0 0 0 0 1 0 0 1
148 148 linear 1 23 1481 3 0.001 0.49071655615111009 0.2765108317331833 0.31787435464773617 0.77485821570589941 -1.6160799712660912 0.83843308663544669 0.5 -0.73213673590072104 1.2080768098090848 OK 12 11 0.29334399999999999 0.22347900000000001 0.093436000000000005 0.19491800000000001 0.121185 0 0.098425999999999986 0.10229400000000001 0.093436000000000005 0.0060569999999999999 0.0060080000000000003 0.005522 0.073500999999999997 0.077030999999999974 0.070505999999999999 0.0033619999999999995 0.0033059999999999999 0.0030740000000000003 0.00075599999999999994 0.00069300000000000004 0.00067899999999999992 1.2080802911899213 1.2080802911899213 1.2080802911899213 0.00064192931021772516 0.00064192931021772516 0.00064192931021772516 1 1 1 Converged Converged Converged OK OK OK 74 74 74 74 74 74 6 6 6 0 0 0 0 1 0 0 1
148 148 linear 1 0 1481 0 0.0001 0.49071655615111009 0.2765108317331833 0.31787435464773617 0.77485821570589941 -1.6160799712660912 0.71128334477635213 0.5 -0.60498699404162648 1.2052486092435639 OK 12 11 0.31521399999999999 0.31242599999999998 0.11831700000000001 0.19395399999999999 0.192855 0 0.12126000000000001 0.11957099999999998 0.11831700000000001 0.0068840000000000004 0.0069410000000000001 0.006816 0.087458999999999981 0.085495000000000002 0.084879999999999997 0.0034489999999999998 0.0037650000000000006 0.0035049999999999999 0.000843 0.000941 0.00085599999999999988 1.2052493770904482 1.2052493770904482 1.2052493770904482 1.3312553586070197e-05 1.3312553586070197e-05 1.3312553586070197e-05 1 1 1 Converged Converged Converged OK OK OK 89 89 89 89 89 89 7 7 7 0 0 0 0 0 1 0 0
148 148 linear 1 7 1481 1 0.0001 0.49071655615111009 0.2765108317331833 0.31787435464773617 0.77485821570589941 -1.6160799712660912 0.74998109229868526 0.5 -0.64368474156395961 1.2088900861766267 OK 12 11 0.29858400000000002 0.236508 0.10982599999999999 0.18371499999999999 0.120961 0 0.11486900000000003 0.115547 0.10982599999999999 0.0059820000000000003 0.0062389999999999998 0.0057099999999999998 0.086443999999999979 0.088170999999999972 0.083746000000000001 0.0044030000000000007 0.0038560000000000001 0.0036020000000000002 0.000977 0.00091200000000000005 0.00088299999999999989 1.2088906126569021 1.2088906126569021 1.2088906126569021 1.6489720747312487e-05 1.6489720747312487e-05 1.6489720747312487e-05 1 1 1 Converged Converged Converged OK OK OK 89 89 89 89 89 89 7 7 7 0 0 0 0 1 0 0 1
148 148 linear 1 15 1481 2 0.0001 0.49071655615111009 0.2765108317331833 0.31787435464773617 0.77485821570589941 -1.6160799712660912 0.79420708946706597 0.5 -0.68791073873234032 1.2099440660339831 OK 12 11 0.30509500000000001 0.23332 0.104315 0.19328899999999999 0.115733 0 0.11180600000000002 0.117587 0.104315 0.0059309999999999996 0.0060910000000000001 0.0056379999999999998 0.086054000000000005 0.091422000000000031 0.079819999999999974 0.0033660000000000005 0.0035739999999999999 0.0033739999999999998 0.00085099999999999998 0.00090999999999999989 0.00082300000000000006 1.2099445070492378 1.2099445070492378 1.2099445070492378 1.7828150797902546e-05 1.7828150797902546e-05 1.7828150797902546e-05 1 1 1 Converged Converged Converged OK OK OK 82 82 82 82 82 82 6 6 6 0 0 0 0 1 0 0 1
148 148 linear 1 23 1481 3 0.0001 0.49071655615111009 0.2765108317331833 0.31787435464773617 0.77485821570589941 -1.6160799712660912 0.83843308663544669 0.5 -0.73213673590072104 1.2080768098090848 OK 12 11 0.299873 0.22220000000000001 0.102104 0.19470799999999999 0.114717 0 0.10516500000000001 0.10748300000000001 0.102104 0.0058440000000000002 0.0060309999999999999 0.0054590000000000003 0.079764999999999989 0.081715999999999983 0.077625 0.0034120000000000001 0.0035820000000000001 0.0033470000000000001 0.00083599999999999994 0.00084400000000000002 0.00083400000000000011 1.2080803790200876 1.2080803790200876 1.2080803790200876 0.0001001032062302384 0.0001001032062302384 0.0001001032062302384 1 1 1 Converged Converged Converged OK OK OK 82 82 82 82 82 82 6 6 6 0 0 0 0 1 0 0 1
148 148 linear 2 0 1482 0 0.001 0.49071655615111009 0.2765108317331833 0.31787435464773617 0.30121860375177578 -0.13376802242433089 0.23764373282222856 0.5 -0.13134738208750291 4.7926769034348542 OK 14 13 0.49654799999999999 0.49114099999999999 0.26244000000000001 0.22581399999999999 0.22159599999999999 0 0.27073400000000003 0.26954500000000003 0.26244000000000001 0.011178 0.011894 0.011453 0.22878000000000004 0.22635099999999997 0.22012399999999999 0.0039909999999999998 0.0040670000000000003 0.0040539999999999994 0.0010870000000000001 0.00115 0.001191 4.7925754979184001 4.7925754979184001 4.7925754979184001 0.0038339817456263777 0.0038339817456263777 0.0038339817456263777 1 1 1 Converged Converged Converged OK OK OK 94 94 94 94 94 94 10 10 10 0 0 0 0 0 1 0 0
148 148 linear 2 7 1482 1 0.001 0.49071655615111009 0.2765108317331833 0.31787435464773617 0.30121860375177578 -0.13376802242433089 0.27634148034456163 0.5 -0.17004512960983598 4.1894227961786612 OK 15 14 0.52742800000000001 0.47956199999999999 0.26993099999999998 0.24903600000000001 0.196352 0 0.27839199999999997 0.28320999999999996 0.26993099999999998 0.012723 0.013252999999999999 0.012689000000000001 0.23594500000000004 0.23811099999999996 0.22811000000000001 0.0050739999999999995 0.0058510000000000003 0.0050659999999999993 0.0013060000000000001 0.0013389999999999999 0.0012999999999999997 4.1894226289219132 4.1894226289219132 4.1894226289219132 0.0026752652730583585 0.0026752652730583585 0.0026752652730583585 1 1 1 Converged Converged Converged OK OK OK 109 109 109 109 109 109 11 11 11 0 0 0 0 1 0 0 1
148 148 linear 2 15 1482 2 0.001 0.49071655615111009 0.2765108317331833 0.31787435464773617 0.30121860375177578 -0.13376802242433089 0.32056747751294234 0.5 -0.21427112677821669 3.4749156208631815 OK 14 13 0.43140499999999998 0.38563399999999998 0.234684 0.18551000000000001 0.14682899999999999 0 0.24589499999999997 0.23880499999999999 0.234684 0.010097999999999999 0.0098289999999999992 0.0090939999999999997 0.203212 0.19707799999999998 0.19498499999999999 0.0067749999999999998 0.0066280000000000002 0.0062919999999999998 0.001637 0.0015389999999999998 0.0014849999999999998 3.4748953203180042 3.4748953203180042 3.4748953203180042 0.0022505462931674577 0.0022505462931674577 0.0022505462931674577 1 1 1 Converged Converged Converged OK OK OK 118 118 118 118 118 118 10 10 10 0 0 0 0 1 0 0 1
148 148 linear 2 23 1482 3 0.001 0.49071655615111009 0.2765108317331833 0.31787435464773617 0.30121860375177578 -0.13376802242433089 0.364793474681323 0.5 -0.25849712394659735 2.8878038719387638 OK 15 14 0.435477 0.39694400000000002 0.21712500000000001 0.20463300000000001 0.16408700000000001 0 0.23084399999999999 0.23285700000000001 0.21712500000000001 0.012767000000000001 0.012931 0.011681 0.18757999999999997 0.19083199999999995 0.17780699999999997 0.0062040000000000012 0.0059520000000000007 0.0053159999999999995 0.0014680000000000001 0.0014339999999999999 0.0012930000000000001 2.8877954191769493 2.8877954191769493 2.8877954191769493 0.0025195808037146647 0.0025195808037146647 0.0025195808037146647 1 1 1 Converged Converged Converged OK OK OK 110 110 110 110 110 110 10 10 10 0 0 0 0 1 0 0 1
148 148 linear 2 0 1482 0 0.0001 0.49071655615111009 0.2765108317331833 0.31787435464773617 0.30121860375177578 -0.13376802242433089 0.23764373282222856 0.5 -0.13134738208750291 4.7926769034348542 OK 14 13 0.63982399999999995 0.61401899999999998 0.382241 0.24288699999999999 0.229045 0 0.39693699999999998 0.38497399999999998 0.382241 0.011828 0.011625999999999999 0.011591000000000001 0.32706500000000005 0.31686700000000001 0.31462900000000016 0.0088559999999999993 0.0081179999999999985 0.008182 0.0024289999999999997 0.0023120000000000003 0.0023419999999999999 4.7926659296013936 4.7926659296013936 4.7926659296013936 0.00021786543722589763 0.00021786543722589763 0.00021786543722589763 1 1 1 Converged Converged Converged OK OK OK 150 150 150 150 150 150 10 10 10 0 0 0 0 0 1 0 0
148 148 linear 2 7 1482 1 0.0001 0.49071655615111009 0.2765108317331833 0.31787435464773617 0.30121860375177578 -0.13376802242433089 0.27634148034456163 0.5 -0.17004512960983598 4.1894227961786612 OK 15 14 0.59399299999999999 0.54274199999999995 0.33287099999999997 0.247061 0.19761699999999999 0 0.34693200000000002 0.34512499999999996 0.33287099999999997 0.013398 0.016527 0.012586999999999999 0.29217100000000001 0.29150999999999988 0.28340900000000013 0.008124000000000001 0.0075550000000000001 0.0075259999999999997 0.002 0.0018230000000000002 0.0019240000000000001 4.1894268216923187 4.1894268216923187 4.1894268216923187 0.00035821463575230587 0.00035821463575230587 0.00035821463575230587 1 1 1 Converged Converged Converged OK OK OK 141 141 141 141 141 141 11 11 11 0 0 0 0 1 0 0 1
148 148 linear 2 15 1482 2 0.0001 0.49071655615111009 0.2765108317331833 0.31787435464773617 0.30121860375177578 -0.13376802242433089 0.32056747751294234 0.5 -0.21427112677821669 3.4749156208631815 OK 14 13 0.55546499999999999 0.50414800000000004 0.35156399999999999 0.187809 0.14339199999999999 0 0.36765599999999998 0.36075600000000008 0.35156399999999999 0.01009 0.010073 0.0093509999999999999 0.30334599999999984 0.29661099999999996 0.28985800000000017 0.013034 0.013648000000000002 0.012550000000000002 0.0024139999999999999 0.0022460000000000002 0.0023890000000000001 3.474897455643871 3.474897455643871 3.474897455643871 0.00034490176063868593 0.00034490176063868593 0.00034490176063868593 1 1 1 Converged Converged Converged OK OK OK 190 190 190 190 190 190 10 10 10 0 0 0 0 1 0 0 1
148 148 linear 2 23 1482 3 0.0001 0.49071655615111009 0.2765108317331833 0.31787435464773617 0.30121860375177578 -0.13376802242433089 0.364793474681323 0.5 -0.25849712394659735 2.8878038719387638 OK 15 14 0.50049399999999999 0.47060800000000003 0.281248 0.20558299999999999 0.16891999999999999 0 0.29491100000000003 0.30168800000000007 0.281248 0.012854000000000001 0.013018 0.011691999999999999 0.23978299999999997 0.24752999999999989 0.23037500000000002 0.0089879999999999995 0.0090779999999999993 0.0079489999999999995 0.0019750000000000002 0.0019910000000000001 0.0018390000000000001 2.8878000596670543 2.8878000596670543 2.8878000596670543 0.00020349580273924521 0.00020349580273924521 0.00020349580273924521 1 1 1 Converged Converged Converged OK OK OK 150 150 150 150 150 150 10 10 10 0 0 0 0 1 0 0 1
148 148 linear 3 0 1483 0 0.001 0.49071655615111009 0.2765108317331833 0.31787435464773617 0.71667892337967487 1.071502221810499 0.65310405245012759 0.5 -0.54680770171540194 1.3247669333620542 OK 13 12 0.32558100000000001 0.320492 0.12348099999999999 0.196715 0.19569300000000001 0 0.12886600000000001 0.12479899999999999 0.12348099999999999 0.0096069999999999992 0.010127000000000001 0.010019 0.088693000000000008 0.086881999999999973 0.086424000000000001 0.0036400000000000004 0.003934 0.003728 0.00080400000000000003 0.00091 0.00090299999999999994 1.3247671502126923 1.3247671502126923 1.3247671502126923 6.8543778286691168e-05 6.8543778286691168e-05 6.8543778286691168e-05 1 1 1 Converged Converged Converged OK OK OK 82 82 82 82 82 82 6 6 6 0 0 0 0 0 1 0 0
148 148 linear 3 7 1483 1 0.001 0.49071655615111009 0.2765108317331833 0.31787435464773617 0.71667892337967487 1.071502221810499 0.69180179997246072 0.5 -0.58550544923773507 1.3124399818070367 OK 13 12 0.30867499999999998 0.24046400000000001 0.105598 0.19663600000000001 0.12772 0 0.11203899999999997 0.11274400000000001 0.105598 0.009129 0.0087019999999999997 0.0081119999999999994 0.080388999999999988 0.083102999999999982 0.076557000000000042 0.0041999999999999997 0.0036100000000000004 0.0036849999999999995 0.00090099999999999989 0.00080400000000000003 0.00086200000000000003 1.3124403144128025 1.3124403144128025 1.3124403144128025 6.2489760969046163e-05 6.2489760969046163e-05 6.2489760969046163e-05 1 1 1 Converged Converged Converged OK OK OK 82 82 82 82 82 82 6 6 6 0 0 0 0 1 0 0 1
148 148 linear 3 15 1483 2 0.001 0.49071655615111009 0.2765108317331833 0.31787435464773617 0.71667892337967487 1.071502221810499 0.73602779714084143 0.5 -0.62973144640611578 1.2966894833090212 OK 12 11 0.31002000000000002 0.24091699999999999 0.112659 0.19419800000000001 0.12436800000000001 0 0.11582200000000001 0.11654899999999999 0.112659 0.0087030000000000007 0.008744 0.0084220000000000007 0.08662499999999998 0.087255999999999972 0.083820999999999965 0.0034920000000000003 0.003522 0.0035130000000000001 0.00076800000000000002 0.00078300000000000006 0.00080999999999999996 1.2967048113553155 1.2967048113553155 1.2967048113553155 0.00066694557638303587 0.00066694557638303587 0.00066694557638303587 1 1 1 Converged Converged Converged OK OK OK 81 81 81 81 81 81 7 7 7 0 0 0 0 1 0 0 1
148 148 linear 3 23 1483 3 0.001 0.49071655615111009 0.2765108317331833 0.31787435464773617 0.71667892337967487 1.071502221810499 0.78025379430922215 0.5 -0.6739574435744965 1.2792703586123373 OK 12 11 0.29849500000000001 0.23863100000000001 0.101106 0.193387 0.12922900000000001 0 0.10510800000000001 0.109402 0.101106 0.0086949999999999996 0.0088830000000000003 0.0080730000000000003 0.077085000000000001 0.080535000000000009 0.074193999999999968 0.0031779999999999998 0.0035209999999999994 0.0031639999999999997 0.0006959999999999999 0.00077499999999999997 0.00073800000000000005 1.2792734393956602 1.2792734393956602 1.2792734393956602 0.00043751596958078407 0.00043751596958078407 0.00043751596958078407 1 1 1 Converged Converged Converged OK OK OK 74 74 74 74 74 74 6 6 6 0 0 0 0 1 0 0 1
148 148 linear 3 0 1483 0 0.0001 0.49071655615111009 0.2765108317331833 0.31787435464773617 0.71667892337967487 1.071502221810499 0.65310405245012759 0.5 -0.54680770171540194 1.3247669333620542 OK 13 12 0.32427 0.31669700000000001 0.123242 0.195712 0.19436999999999999 0 0.12855800000000001 0.12232700000000002 0.123242 0.0093220000000000004 0.0095340000000000008 0.0096629999999999997 0.092192000000000024 0.086427999999999977 0.086499999999999966 0.0036600000000000001 0.0034989999999999999 0.0038609999999999998 0.0008560000000000001 0.00085899999999999995 0.00089799999999999993 1.3247671502126923 1.3247671502126923 1.3247671502126923 6.8543778286691168e-05 6.8543778286691168e-05 6.8543778286691168e-05 1 1 1 Converged Converged Converged OK OK OK 82 82 82 82 82 82 6 6 6 0 0 0 0 0 1 0 0
148 148 linear 3 7 1483 1 0.0001 0.49071655615111009 0.2765108317331833 0.31787435464773617 0.71667892337967487 1.071502221810499 0.69180179997246072 0.5 -0.58550544923773507 1.3124399818070367 OK 13 12 0.305421 0.238707 0.105951 0.19592999999999999 0.125945 0 0.109491 0.112762 0.105951 0.0084659999999999996 0.0086130000000000009 0.0083289999999999996 0.079670999999999978 0.082820999999999978 0.076617000000000005 0.003673 0.0036550000000000003 0.0037240000000000003 0.00084200000000000008 0.00082199999999999992 0.00083399999999999989 1.3124403144128025 1.3124403144128025 1.3124403144128025 6.2489760969046163e-05 6.2489760969046163e-05 6.2489760969046163e-05 1 1 1 Converged Converged Converged OK OK OK 82 82 82 82 82 82 6 6 6 0 0 0 0 1 0 0 1
148 148 linear 3 15 1483 2 0.0001 0.49071655615111009 0.2765108317331833 0.31787435464773617 0.71667892337967487 1.071502221810499 0.73602779714084143 0.5 -0.62973144640611578 1.2966894833090212 OK 12 11 0.32101499999999999 0.254527 0.12246899999999999 0.19409000000000001 0.12484000000000001 0 0.12692499999999998 0.129687 0.12246899999999999 0.0088109999999999994 0.00877 0.0084220000000000007 0.09382699999999998 0.094105000000000008 0.090331999999999954 0.0039329999999999999 0.0068379999999999995 0.0040610000000000004 0.00094499999999999998 0.00087799999999999987 0.000941 1.29669012126852 1.29669012126852 1.29669012126852 0.00010358279218095483 0.00010358279218095483 0.00010358279218095483 1 1 1 Converged Converged Converged OK OK OK 89 89 89 89 89 89 7 7 7 0 0 0 0 1 0 0 1
148 148 linear 3 23 1483 3 0.0001 0.49071655615111009 0.2765108317331833 0.31787435464773617 0.71667892337967487 1.071502221810499 0.78025379430922215 0.5 -0.6739574435744965 1.2792703586123373 OK 12 11 0.31820900000000002 0.25606200000000001 0.11873 0.190612 0.125307 0 0.12759700000000002 0.13075500000000001 0.11873 0.0085529999999999998 0.0086449999999999999 0.0079419999999999994 0.090962000000000015 0.097236999999999948 0.087350999999999998 0.0039740000000000001 0.0043999999999999994 0.0037540000000000004 0.00096500000000000004 0.0010220000000000001 0.0010220000000000001 1.27927032329193 1.27927032329193 1.27927032329193 2.9696015067509494e-05 2.9696015067509494e-05 2.9696015067509494e-05 1 1 1 Converged Converged Converged OK OK OK 90 90 90 90 90 90 6 6 6 0 0 0 0 1 0 0 1
148 148 linear 4 0 1484 0 0.001 0.49071655615111009 0.2765108317331833 0.31787435464773617 0.4739289568656162 -1.8693001337344641 0.41035408593606898 0.5 -0.30405773520134333 1.0867672675451767 OK 12 11 0.29161399999999998 0.29447499999999999 0.10289 0.186142 0.189607 0 0.10547199999999998 0.10486799999999999 0.10289 0.009221 0.009639 0.0089449999999999998 0.073964000000000016 0.072232999999999978 0.071773000000000003 0.0030769999999999999 0.0034719999999999998 0.0031120000000000002 0.00079600000000000005 0.000767 0.00073099999999999999 1.0867666691831903 1.0867666691831903 1.0867666691831903 0.0006085090370837353 0.0006085090370837353 0.0006085090370837353 1 1 1 Converged Converged Converged OK OK OK 67 67 67 67 67 67 5 5 5 0 0 0 0 0 1 0 0
148 148 linear 4 7 1484 1 0.001 0.49071655615111009 0.2765108317331833 0.31787435464773617 0.4739289568656162 -1.8693001337344641 0.44905183345840205 0.5 -0.3427554827236764 1.0874214780761833 OK 12 11 0.29155500000000001 0.23794699999999999 0.099622000000000002 0.18892700000000001 0.12654099999999999 0 0.102628 0.11140600000000001 0.099622000000000002 0.0083909999999999992 0.0084220000000000007 0.0078220000000000008 0.075670000000000001 0.083959000000000047 0.073501999999999984 0.0030700000000000002 0.0033890000000000001 0.0030850000000000001 0.00071000000000000013 0.00075099999999999993 0.000727 1.0874208611103611 1.0874208611103611 1.0874208611103611 0.00051729966972949716 0.00051729966972949716 0.00051729966972949716 1 1 1 Converged Converged Converged OK OK OK 67 67 67 67 67 67 5 5 5 0 0 0 0 1 0 0 1
148 148 linear 4 15 1484 2 0.001 0.49071655615111009 0.2765108317331833 0.31787435464773617 0.4739289568656162 -1.8693001337344641 0.49327783062678277 0.5 -0.38698147989205711 1.0882617586062935 OK 12 11 0.29375699999999999 0.23069400000000001 0.10029399999999999 0.189695 0.119133 0 0.10406199999999999 0.11156100000000001 0.10029399999999999 0.0084849999999999995 0.008293 0.0077600000000000004 0.076815999999999995 0.084518999999999969 0.074512000000000009 0.0033669999999999998 0.0033609999999999998 0.0031060000000000003 0.00071500000000000003 0.00068700000000000011 0.00068899999999999994 1.088261120808697 1.088261120808697 1.088261120808697 0.00049367751872234089 0.00049367751872234089 0.00049367751872234089 1 1 1 Converged Converged Converged OK OK OK 67 67 67 67 67 67 5 5 5 0 0 0 0 1 0 0 1
148 148 linear 4 23 1484 3 0.001 0.49071655615111009 0.2765108317331833 0.31787435464773617 0.4739289568656162 -1.8693001337344641 0.53750382779516348 0.5 -0.43120747706043783 1.0892182687241887 OK 12 11 0.300514 0.22805800000000001 0.093174000000000007 0.20283399999999999 0.12667400000000001 0 0.097680000000000017 0.101384 0.093174000000000007 0.0083590000000000001 0.008352 0.0077120000000000001 0.070236000000000007 0.074592000000000006 0.067662999999999987 0.003408 0.003225 0.0030409999999999999 0.00077099999999999998 0.00065699999999999992 0.00065300000000000004 1.0892176455594544 1.0892176455594544 1.0892176455594544 0.00056232538732052593 0.00056232538732052593 0.00056232538732052593 1 1 1 Converged Converged Converged OK OK OK 67 67 67 67 67 67 5 5 5 0 0 0 0 1 0 0 1
148 148 linear 4 0 1484 0 0.0001 0.49071655615111009 0.2765108317331833 0.31787435464773617 0.4739289568656162 -1.8693001337344641 0.41035408593606898 0.5 -0.30405773520134333 1.0867672675451767 OK 12 11 0.30026999999999998 0.30043999999999998 0.11190899999999999 0.18382699999999999 0.18753700000000001 0 0.11644299999999999 0.11290299999999998 0.11190899999999999 0.0092090000000000002 0.0093089999999999996 0.0089800000000000001 0.081211999999999993 0.078247000000000025 0.078146999999999994 0.003967 0.0036469999999999996 0.0035209999999999998 0.00090900000000000009 0.001091 0.00097999999999999997 1.0867666477588553 1.0867666477588553 1.0867666477588553 8.1621351634762984e-05 8.1621351634762984e-05 8.1621351634762984e-05 1 1 1 Converged Converged Converged OK OK OK 75 75 75 75 75 75 5 5 5 0 0 0 0 0 1 0 0
148 148 linear 4 7 1484 1 0.0001 0.49071655615111009 0.2765108317331833 0.31787435464773617 0.4739289568656162 -1.8693001337344641 0.44905183345840205 0.5 -0.3427554827236764 1.0874214780761833 OK 12 11 0.31132100000000001 0.26005299999999998 0.11656900000000001 0.18963099999999999 0.127163 0 0.12169000000000002 0.13288999999999998 0.11656900000000001 0.0082939999999999993 0.0083239999999999998 0.0078040000000000002 0.088640000000000052 0.10179699999999997 0.086036000000000015 0.0044660000000000004 0.0037369999999999999 0.0038349999999999999 0.0010640000000000001 0.00095699999999999995 0.00093599999999999998 1.0874208565964376 1.0874208565964376 1.0874208565964376 1.2231480510691543e-05 1.2231480510691543e-05 1.2231480510691543e-05 1 1 1 Converged Converged Converged OK OK OK 83 83 83 83 83 83 5 5 5 0 0 0 0 1 0 0 1
148 148 linear 4 15 1484 2 0.0001 0.49071655615111009 0.2765108317331833 0.31787435464773617 0.4739289568656162 -1.8693001337344641 0.49327783062678277 0.5 -0.38698147989205711 1.0882617586062935 OK 12 11 0.31434899999999999 0.250774 0.116593 0.18884500000000001 0.11783100000000001 0 0.12550399999999998 0.13294299999999998 0.116593 0.0083420000000000005 0.0082550000000000002 0.0077530000000000003 0.09412899999999999 0.10282699999999996 0.087399999999999978 0.0042420000000000001 0.0040229999999999997 0.0039610000000000001 0.00092099999999999994 0.00090100000000000011 0.00092899999999999992 1.0882611183268536 1.0882611183268536 1.0882611183268536 1.4134301684893068e-05 1.4134301684893068e-05 1.4134301684893068e-05 1 1 1 Converged Converged Converged OK OK OK 83 83 83 83 83 83 5 5 5 0 0 0 0 1 0 0 1
148 148 linear 4 23 1484 3 0.0001 0.49071655615111009 0.2765108317331833 0.31787435464773617 0.4739289568656162 -1.8693001337344641 0.53750382779516348 0.5 -0.43120747706043783 1.0892182687241887 OK 12 11 0.31437500000000002 0.24590899999999999 0.10925799999999999 0.200521 0.12582699999999999 0 0.11385400000000001 0.12008199999999999 0.10925799999999999 0.0084019999999999997 0.0083079999999999994 0.0076949999999999996 0.083023999999999987 0.089935000000000001 0.080565999999999971 0.0042439999999999995 0.004071 0.0037109999999999999 0.00094800000000000006 0.00096400000000000001 0.0009230000000000001 1.0892176306873618 1.0892176306873618 1.0892176306873618 1.6409978873422798e-05 1.6409978873422798e-05 1.6409978873422798e-05 1 1 1 Converged Converged Converged OK OK OK 83 83 83 83 83 83 5 5 5 0 0 0 0 1 0 0 1
148 148 uniform 0 0 1485 0 0.001 0.49071655615111009 0.2765108317331833 0.31787435464773617 0.03038482724491344 0.005411860090664561 -0.033190043684633797 0 0.13948639441935945 6.3337937211779245 OK 15 14 0.42679400000000001 0.42530099999999998 0.19742599999999999 0.22962199999999999 0.22775000000000001 0 0.19717200000000001 0.19755099999999998 0.19742599999999999 0.011383000000000001 0.011762 0.011110999999999999 0.15354800000000002 0.15389000000000003 0.15349300000000005 0.0041909999999999994 0.0043359999999999996 0.0047920000000000003 0.001173 0.001124 0.0011869999999999999 6.3337341022493545 6.3337341022493545 6.3337341022493545 0.0026399720520024869 0.0026399720520024869 0.0026399720520024869 1 1 1 Converged Converged Converged OK OK OK 112 112 112 112 112 112 8 8 8 0 0 0 0 0 1 0 0
148 148 uniform 0 7 1485 1 0.001 0.49071655615111009 0.2765108317331833 0.31787435464773617 0.03038482724491344 0.005411860090664561 0.0055077038376993084 0 0.10078864689702632 6.3500898687429244 OK 14 13 0.40372599999999997 0.33527400000000002 0.174733 0.228132 0.15595899999999999 0 0.17559399999999997 0.17931500000000003 0.174733 0.0099570000000000006 0.010166 0.0096939999999999995 0.14426899999999998 0.14757700000000007 0.14404699999999998 0.0039189999999999997 0.0041120000000000002 0.0040879999999999996 0.0009990000000000001 0.0010549999999999999 0.0010189999999999999 6.3500166200252508 6.3500166200252508 6.3500166200252508 0.0037443148980907922 0.0037443148980907922 0.0037443148980907922 1 1 1 Converged Converged Converged OK OK OK 105 105 105 105 105 105 7 7 7 0 0 0 0 1 0 0 1
148 148 uniform 0 15 1485 2 0.001 0.49071655615111009 0.2765108317331833 0.31787435464773617 0.03038482724491344 0.005411860090664561 0.049733701006079989 0 0.05656264972864565 6.3110183344102229 OK 13 12 0.42412499999999997 0.348798 0.18481400000000001 0.23502999999999999 0.16106999999999999 0 0.18909499999999999 0.18772800000000001 0.18481400000000001 0.010255999999999999 0.0099159999999999995 0.0090580000000000001 0.15449999999999997 0.15454899999999999 0.15328300000000003 0.004653 0.0044180000000000001 0.00415 0.0011459999999999999 0.0010930000000000002 0.0010809999999999999 6.3108910499053597 6.3108910499053597 6.3108910499053597 0.0027323566947286995 0.0027323566947286995 0.0027323566947286995 1 1 1 Converged Converged Converged OK OK OK 105 105 105 105 105 105 7 7 7 0 0 0 0 1 0 0 1
148 148 uniform 0 23 1485 3 0.001 0.49071655615111009 0.2765108317331833 0.31787435464773617 0.03038482724491344 0.005411860090664561 0.093959698174460676 0 0.012336652560264963 6.2086038334025409 OK 13 12 0.40399000000000002 0.31521300000000002 0.155167 0.24449399999999999 0.157384 0 0.15949600000000003 0.15782900000000002 0.155167 0.0098600000000000007 0.0099989999999999992 0.009018 0.128915 0.12799199999999994 0.12687799999999999 0.0037480000000000005 0.0036180000000000001 0.0034589999999999998 0.0009859999999999999 0.00099299999999999996 0.00099299999999999996 6.2084682655921002 6.2084682655921002 6.2084682655921002 0.0035967483049009221 0.0035967483049009221 0.0035967483049009221 1 1 1 Converged Converged Converged OK OK OK 89 89 89 89 89 89 7 7 7 0 0 0 0 1 0 0 1
148 148 uniform 0 0 1485 0 0.0001 0.49071655615111009 0.2765108317331833 0.31787435464773617 0.03038482724491344 0.005411860090664561 -0.033190043684633797 0 0.13948639441935945 6.3337937211779245 OK 15 14 0.529138 0.53483800000000004 0.302485 0.22750100000000001 0.22847200000000001 0 0.30163699999999999 0.30636600000000003 0.302485 0.011089 0.011585 0.011278 0.23478900000000005 0.23713600000000007 0.23466599999999996 0.0095539999999999983 0.010079000000000001 0.0098740000000000008 0.001539 0.0017290000000000001 0.0018309999999999999 6.3337864430107658 6.3337864430107658 6.3337864430107658 0.00036253228435266044 0.00036253228435266044 0.00036253228435266044 1 1 1 Converged Converged Converged OK OK OK 184 184 184 184 184 184 8 8 8 0 0 0 0 0 1 0 0
148 148 uniform 0 7 1485 1 0.0001 0.49071655615111009 0.2765108317331833 0.31787435464773617 0.03038482724491344 0.005411860090664561 0.0055077038376993084 0 0.10078864689702632 6.3500898687429244 OK 14 13 0.50502800000000003 0.44085400000000002 0.27979999999999999 0.223722 0.15753900000000001 0 0.28130600000000006 0.28331499999999998 0.27979999999999999 0.010149999999999999 0.010279 0.010012999999999999 0.22933299999999998 0.23055099999999981 0.22543100000000005 0.0096930000000000002 0.01009 0.0097370000000000009 0.0015270000000000001 0.0015519999999999996 0.0015790000000000001 6.3500799050633621 6.3500799050633621 6.3500799050633621 0.00062004186352875533 0.00062004186352875533 0.00062004186352875533 1 1 1 Converged Converged Converged OK OK OK 185 185 185 185 185 185 7 7 7 0 0 0 0 1 0 0 1
148 148 uniform 0 15 1485 2 0.0001 0.49071655615111009 0.2765108317331833 0.31787435464773617 0.03038482724491344 0.005411860090664561 0.049733701006079989 0 0.05656264972864565 6.3110183344102229 OK 13 12 0.51805299999999999 0.45338000000000001 0.28565600000000002 0.232796 0.16355500000000001 0 0.28525699999999998 0.289825 0.28565600000000002 0.0095379999999999996 0.010240000000000001 0.0092580000000000006 0.23543000000000003 0.23752899999999988 0.236869 0.0092840000000000006 0.010124000000000001 0.00941 0.001531 0.0016609999999999999 0.001611 6.3110021089788439 6.3110021089788439 6.3110021089788439 0.00040780614526529912 0.00040780614526529912 0.00040780614526529912 1 1 1 Converged Converged Converged OK OK OK 177 177 177 177 177 177 7 7 7 0 0 0 0 1 0 0 1
148 148 uniform 0 23 1485 3 0.0001 0.49071655615111009 0.2765108317331833 0.31787435464773617 0.03038482724491344 0.005411860090664561 0.093959698174460676 0 0.012336652560264963 6.2086038334025409 OK 13 12 0.47739100000000001 0.40302199999999999 0.22841500000000001 0.248888 0.16076699999999999 0 0.22850300000000001 0.242255 0.22841500000000001 0.0097689999999999999 0.0099249999999999998 0.0094640000000000002 0.18571099999999996 0.19824300000000009 0.18559599999999998 0.0071040000000000001 0.007639 0.0071120000000000003 0.001506 0.0015240000000000002 0.001523 6.2085964711329806 6.2085964711329806 6.2085964711329806 0.000612555777513006 0.000612555777513006 0.000612555777513006 1 1 1 Converged Converged Converged OK OK OK 145 145 145 145 145 145 7 7 7 0 0 0 0 1 0 0 1
148 148 uniform 1 0 1486 0 0.001 0.49071655615111009 0.2765108317331833 0.31787435464773617 0.77485821570589941 -1.6160799712660912 0.71128334477635213 0 -0.60498699404162648 1.2048463245431706 OK 12 11 0.268376 0.26952700000000002 0.074215000000000003 0.19287899999999999 0.194828 0 0.075497000000000009 0.074699000000000015 0.074215000000000003 0.0071960000000000001 0.0070790000000000002 0.0066709999999999998 0.049712999999999993 0.049651000000000008 0.049385999999999992 0.002336 0.0021800000000000001 0.0022989999999999998 0.00071900000000000013 0.00061200000000000002 0.00065299999999999993 1.2048459273245953 1.2048459273245953 1.2048459273245953 0.00073953092566348647 0.00073953092566348647 0.00073953092566348647 1 1 1 Converged Converged Converged OK OK OK 65 65 65 65 65 65 7 7 7 0 0 0 0 0 1 0 0
148 148 uniform 1 7 1486 1 0.001 0.49071655615111009 0.2765108317331833 0.31787435464773617 0.77485821570589941 -1.6160799712660912 0.74998109229868526 0 -0.64368474156395961 1.2061972138646218 OK 12 11 0.24384600000000001 0.17652200000000001 0.059811999999999997 0.183342 0.114145 0 0.060504000000000002 0.062377000000000016 0.059811999999999997 0.0060350000000000004 0.0059890000000000004 0.0056649999999999999 0.042225999999999993 0.044187999999999998 0.042182999999999977 0.0018109999999999999 0.0019009999999999999 0.002029 0.00042299999999999998 0.00046499999999999997 0.00046900000000000002 1.2062010177183937 1.2062010177183937 1.2062010177183937 0.0011371548449695937 0.0011371548449695937 0.0011371548449695937 1 1 1 Converged Converged Converged OK OK OK 57 57 57 57 57 57 7 7 7 0 0 0 0 1 0 0 1
148 148 uniform 1 15 1486 2 0.001 0.49071655615111009 0.2765108317331833 0.31787435464773617 0.77485821570589941 -1.6160799712660912 0.79420708946706597 0 -0.68791073873234032 1.2052636394801728 OK 12 11 0.255438 0.17477899999999999 0.057492000000000001 0.19606499999999999 0.11446099999999999 0 0.059373000000000009 0.060317999999999997 0.057492000000000001 0.0061320000000000003 0.0060619999999999997 0.005653 0.041738999999999991 0.043181999999999991 0.041280999999999998 0.001689 0.001686 0.001619 0.00045400000000000003 0.00043599999999999997 0.00042000000000000002 1.2052730829478941 1.2052730829478941 1.2052730829478941 0.0011496065014093349 0.0011496065014093349 0.0011496065014093349 1 1 1 Converged Converged Converged OK OK OK 50 50 50 50 50 50 6 6 6 0 0 0 0 1 0 0 1
148 148 uniform 1 23 1486 3 0.001 0.49071655615111009 0.2765108317331833 0.31787435464773617 0.77485821570589941 -1.6160799712660912 0.83843308663544669 0 -0.73213673590072104 1.2021848647659308 OK 12 11 0.25493500000000002 0.18224899999999999 0.059951999999999998 0.19375200000000001 0.114616 0 0.061183000000000015 0.067632999999999999 0.059951999999999998 0.0058440000000000002 0.0058869999999999999 0.0055170000000000002 0.042540999999999995 0.044492000000000004 0.042300000000000011 0.001964 0.002124 0.002026 0.00056399999999999994 0.000571 0.00051099999999999995 1.2021892967786081 1.2021892967786081 1.2021892967786081 0.0007870745974290636 0.0007870745974290636 0.0007870745974290636 1 1 1 Converged Converged Converged OK OK OK 58 58 58 58 58 58 6 6 6 0 0 0 0 1 0 0 1
148 148 uniform 1 0 1486 0 0.0001 0.49071655615111009 0.2765108317331833 0.31787435464773617 0.77485821570589941 -1.6160799712660912 0.71128334477635213 0 -0.60498699404162648 1.2048463245431706 OK 12 11 0.29571199999999997 0.297823 0.10101300000000001 0.19425600000000001 0.19542999999999999 0 0.10145599999999996 0.10239300000000001 0.10101300000000001 0.006973 0.0070299999999999998 0.0066829999999999997 0.067449999999999996 0.068090999999999999 0.067413000000000015 0.0033480000000000003 0.0033629999999999997 0.0034889999999999999 0.0010170000000000001 0.00099199999999999983 0.00097600000000000009 1.2048463246444974 1.2048463246444974 1.2048463246444974 1.2770263255625056e-05 1.2770263255625056e-05 1.2770263255625056e-05 1 1 1 Converged Converged Converged OK OK OK 89 89 89 89 89 89 7 7 7 0 0 0 0 0 1 0 0
148 148 uniform 1 7 1486 1 0.0001 0.49071655615111009 0.2765108317331833 0.31787435464773617 0.77485821570589941 -1.6160799712660912 0.74998109229868526 0 -0.64368474156395961 1.2061972138646218 OK 12 11 0.277252 0.214589 0.091577000000000006 0.18471699999999999 0.11719400000000001 0 0.092535000000000006 0.097394999999999995 0.091577000000000006 0.006071 0.0061539999999999997 0.0057089999999999997 0.065862000000000004 0.070356000000000016 0.065850999999999979 0.0033600000000000001 0.00349 0.003333 0.00090900000000000009 0.00098999999999999999 0.00089600000000000009 1.2061972520101154 1.2061972520101154 1.2061972520101154 2.1116231238295201e-05 2.1116231238295201e-05 2.1116231238295201e-05 1 1 1 Converged Converged Converged OK OK OK 89 89 89 89 89 89 7 7 7 0 0 0 0 1 0 0 1
148 148 uniform 1 15 1486 2 0.0001 0.49071655615111009 0.2765108317331833 0.31787435464773617 0.77485821570589941 -1.6160799712660912 0.79420708946706597 0 -0.68791073873234032 1.2052636394801728 OK 12 11 0.28399600000000003 0.21184900000000001 0.087763999999999995 0.19411900000000001 0.115385 0 0.089877000000000012 0.096464000000000008 0.087763999999999995 0.0059870000000000001 0.0060299999999999998 0.0055950000000000001 0.063789999999999986 0.071032000000000012 0.063502000000000003 0.0036679999999999998 0.0032200000000000002 0.003065 0.00088900000000000003 0.00084499999999999994 0.00080599999999999997 1.2052636570510804 1.2052636570510804 1.2052636570510804 2.1105745972607293e-05 2.1105745972607293e-05 2.1105745972607293e-05 1 1 1 Converged Converged Converged OK OK OK 82 82 82 82 82 82 6 6 6 0 0 0 0 1 0 0 1
148 148 uniform 1 23 1486 3 0.0001 0.49071655615111009 0.2765108317331833 0.31787435464773617 0.77485821570589941 -1.6160799712660912 0.83843308663544669 0 -0.73213673590072104 1.2021848647659308 OK 12 11 0.29915199999999997 0.222331 0.098294000000000006 0.19933999999999999 0.11767 0 0.099811999999999984 0.104661 0.098294000000000006 0.0058809999999999999 0.0061089999999999998 0.0055640000000000004 0.069929000000000019 0.074390000000000026 0.069772000000000001 0.0040540000000000003 0.0041879999999999999 0.003921 0.00091500000000000001 0.0009549999999999999 0.00091499999999999991 1.2021849470363986 1.2021849470363986 1.2021849470363986 9.9036012785909445e-06 9.9036012785909445e-06 9.9036012785909445e-06 1 1 1 Converged Converged Converged OK OK OK 98 98 98 98 98 98 6 6 6 0 0 0 0 1 0 0 1
148 148 uniform 2 0 1487 0 0.001 0.49071655615111009 0.2765108317331833 0.31787435464773617 0.30121860375177578 -0.13376802242433089 0.23764373282222856 0 -0.13134738208750291 4.8614068031903495 OK 14 13 0.39818900000000002 0.398316 0.16989499999999999 0.22794600000000001 0.22580800000000001 0 0.17024300000000001 0.17250799999999999 0.16989499999999999 0.011247999999999999 0.011638000000000001 0.011379 0.12873100000000001 0.13067700000000002 0.12889399999999995 0.0034889999999999999 0.0038300000000000001 0.0036249999999999998 0.001031 0.001013 0.0010609999999999999 4.8614082882344691 4.8614082882344691 4.8614082882344691 0.0042631193771004309 0.0042631193771004309 0.0042631193771004309 1 1 1 Converged Converged Converged OK OK OK 94 94 94 94 94 94 10 10 10 0 0 0 0 0 1 0 0
148 148 uniform 2 7 1487 1 0.001 0.49071655615111009 0.2765108317331833 0.31787435464773617 0.30121860375177578 -0.13376802242433089 0.27634148034456163 0 -0.17004512960983598 4.2862148882344497 OK 15 14 0.42959700000000001 0.39233000000000001 0.18748500000000001 0.24129 0.196302 0 0.188307 0.19602800000000001 0.18748500000000001 0.012793000000000001 0.013254999999999999 0.012585000000000001 0.14675200000000002 0.15306000000000011 0.1465810000000001 0.0043540000000000011 0.0048000000000000004 0.0045389999999999996 0.0012690000000000002 0.0012950000000000001 0.0013110000000000001 4.2862152785150887 4.2862152785150887 4.2862152785150887 0.0023478219195848635 0.0023478219195848635 0.0023478219195848635 1 1 1 Converged Converged Converged OK OK OK 109 109 109 109 109 109 11 11 11 0 0 0 0 1 0 0 1
148 148 uniform 2 15 1487 2 0.001 0.49071655615111009 0.2765108317331833 0.31787435464773617 0.30121860375177578 -0.13376802242433089 0.32056747751294234 0 -0.21427112677821669 3.5791229197133081 OK 14 13 0.34556999999999999 0.303566 0.15268499999999999 0.188025 0.14399000000000001 0 0.15754499999999999 0.159576 0.15268499999999999 0.0099480000000000002 0.010018000000000001 0.0090629999999999999 0.11967500000000006 0.12151600000000003 0.11772299999999998 0.0054200000000000003 0.006020000000000001 0.0049849999999999998 0.0011099999999999999 0.0011790000000000001 0.0010669999999999998 3.5790781174617177 3.5790781174617177 3.5790781174617177 0.0035700002218334863 0.0035700002218334863 0.0035700002218334863 1 1 1 Converged Converged Converged OK OK OK 110 110 110 110 110 110 10 10 10 0 0 0 0 1 0 0 1
148 148 uniform 2 23 1487 3 0.001 0.49071655615111009 0.2765108317331833 0.31787435464773617 0.30121860375177578 -0.13376802242433089 0.364793474681323 0 -0.25849712394659735 2.9312238998897118 OK 15 14 0.37032999999999999 0.33556900000000001 0.15959799999999999 0.20119899999999999 0.16075300000000001 0 0.169131 0.174816 0.15959799999999999 0.012309 0.012706 0.011635 0.12730800000000003 0.13383899999999996 0.12114000000000008 0.0056170000000000005 0.0054700000000000009 0.0046829999999999997 0.0014740000000000003 0.0014389999999999997 0.0013599999999999999 2.9312213587242342 2.9312213587242342 2.9312213587242342 0.0023157138818122717 0.0023157138818122717 0.0023157138818122717 1 1 1 Converged Converged Converged OK OK OK 110 110 110 110 110 110 10 10 10 0 0 0 0 1 0 0 1
148 148 uniform 2 0 1487 0 0.0001 0.49071655615111009 0.2765108317331833 0.31787435464773617 0.30121860375177578 -0.13376802242433089 0.23764373282222856 0 -0.13134738208750291 4.8614068031903495 OK 14 13 0.44823200000000002 0.45391799999999999 0.22425999999999999 0.22132499999999999 0.22298599999999999 0 0.22690700000000003 0.230932 0.22425999999999999 0.011304 0.011627 0.011140000000000001 0.16795299999999999 0.17235799999999996 0.16694900000000013 0.0061469999999999997 0.0057810000000000005 0.0057270000000000003 0.0019979999999999998 0.0019040000000000003 0.0018839999999999998 4.8614001443697896 4.8614001443697896 4.8614001443697896 0.00045058734094274681 0.00045058734094274681 0.00045058734094274681 1 1 1 Converged Converged Converged OK OK OK 134 134 134 134 134 134 10 10 10 0 0 0 0 0 1 0 0
148 148 uniform 2 7 1487 1 0.0001 0.49071655615111009 0.2765108317331833 0.31787435464773617 0.30121860375177578 -0.13376802242433089 0.27634148034456163 0 -0.17004512960983598 4.2862148882344497 OK 15 14 0.47143000000000002 0.42483300000000002 0.22125500000000001 0.24585499999999999 0.19370299999999999 0 0.22557500000000003 0.23113000000000003 0.22125500000000001 0.013228 0.013136 0.012623000000000001 0.17395900000000003 0.17991399999999994 0.17143199999999997 0.0068259999999999996 0.0066650000000000008 0.0063599999999999993 0.0021139999999999996 0.0020439999999999998 0.0020310000000000003 4.2862153291749383 4.2862153291749383 4.2862153291749383 0.00029179088022813669 0.00029179088022813669 0.00029179088022813669 1 1 1 Converged Converged Converged OK OK OK 141 141 141 141 141 141 11 11 11 0 0 0 0 1 0 0 1
148 148 uniform 2 15 1487 2 0.0001 0.49071655615111009 0.2765108317331833 0.31787435464773617 0.30121860375177578 -0.13376802242433089 0.32056747751294234 0 -0.21427112677821669 3.5791229197133081 OK 14 13 0.44712099999999999 0.41135500000000003 0.25192500000000001 0.187281 0.14824399999999999 0 0.25983999999999996 0.26311100000000004 0.25192500000000001 0.0095460000000000007 0.0099380000000000007 0.0092560000000000003 0.19052800000000014 0.19385100000000008 0.18639600000000003 0.012601000000000001 0.011878999999999999 0.011171 0.0020829999999999998 0.002333 0.0021250000000000002 3.5791237567105885 3.5791237567105885 3.5791237567105885 0.00023306616409410404 0.00023306616409410404 0.00023306616409410404 1 1 1 Converged Converged Converged OK OK OK 198 198 198 198 198 198 10 10 10 0 0 0 0 1 0 0 1
148 148 uniform 2 23 1487 3 0.0001 0.49071655615111009 0.2765108317331833 0.31787435464773617 0.30121860375177578 -0.13376802242433089 0.364793474681323 0 -0.25849712394659735 2.9312238998897118 OK 15 14 0.40565400000000001 0.37794899999999998 0.19595499999999999 0.20055799999999999 0.16076599999999999 0 0.20509600000000003 0.21718299999999999 0.19595499999999999 0.012595 0.012798 0.011689 0.15538200000000005 0.16827 0.14974599999999999 0.0073310000000000007 0.0072190000000000006 0.0063629999999999997 0.0019680000000000001 0.0021069999999999999 0.0019629999999999999 2.9312241243702042 2.9312241243702042 2.9312241243702042 0.00026086419867194465 0.00026086419867194465 0.00026086419867194465 1 1 1 Converged Converged Converged OK OK OK 142 142 142 142 142 142 10 10 10 0 0 0 0 1 0 0 1
148 148 uniform 3 0 1488 0 0.001 0.49071655615111009 0.2765108317331833 0.31787435464773617 0.71667892337967487 1.071502221810499 0.65310405245012759 0 -0.54680770171540194 1.3230281588333197 OK 13 12 0.28554200000000002 0.27953099999999997 0.085970000000000005 0.19689499999999999 0.193075 0 0.088647000000000031 0.086455999999999977 0.085970000000000005 0.0099319999999999999 0.009672 0.0094619999999999999 0.056997000000000027 0.056338000000000006 0.056153000000000015 0.0032070000000000002 0.0025609999999999999 0.0027109999999999999 0.00082199999999999992 0.00071299999999999998 0.00077999999999999988 1.3230281220226885 1.3230281220226885 1.3230281220226885 0.00055643198375259645 0.00055643198375259645 0.00055643198375259645 1 1 1 Converged Converged Converged OK OK OK 66 66 66 66 66 66 6 6 6 0 0 0 0 0 1 0 0
148 148 uniform 3 7 1488 1 0.001 0.49071655615111009 0.2765108317331833 0.31787435464773617 0.71667892337967487 1.071502221810499 0.69180179997246072 0 -0.58550544923773507 1.3109949727296617 OK 13 12 0.27158900000000002 0.20208200000000001 0.073002999999999998 0.19634499999999999 0.12709000000000001 0 0.075244000000000033 0.074992000000000003 0.073002999999999998 0.0087869999999999997 0.0085869999999999991 0.0082120000000000005 0.050182999999999964 0.05029200000000001 0.049346999999999988 0.0026150000000000001 0.0025509999999999999 0.002542 0.00068500000000000006 0.00069900000000000008 0.00064600000000000009 1.3109948955992434 1.3109948955992434 1.3109948955992434 0.00053465475954799792 0.00053465475954799792 0.00053465475954799792 1 1 1 Converged Converged Converged OK OK OK 66 66 66 66 66 66 6 6 6 0 0 0 0 1 0 0 1
148 148 uniform 3 15 1488 2 0.001 0.49071655615111009 0.2765108317331833 0.31787435464773617 0.71667892337967487 1.071502221810499 0.73602779714084143 0 -0.62973144640611578 1.2958200054997626 OK 12 11 0.28484599999999999 0.213728 0.088122000000000006 0.19372500000000001 0.123459 0 0.09112099999999998 0.090269000000000002 0.088122000000000006 0.0091240000000000002 0.0089499999999999996 0.0082249999999999997 0.062618999999999994 0.062627000000000002 0.061800999999999995 0.0030719999999999996 0.0029370000000000004 0.0028120000000000003 0.00086199999999999992 0.00082600000000000002 0.00083000000000000001 1.2958203311489733 1.2958203311489733 1.2958203311489733 0.00058851210910936913 0.00058851210910936913 0.00058851210910936913 1 1 1 Converged Converged Converged OK OK OK 73 73 73 73 73 73 7 7 7 0 0 0 0 1 0 0 1
148 148 uniform 3 23 1488 3 0.001 0.49071655615111009 0.2765108317331833 0.31787435464773617 0.71667892337967487 1.071502221810499 0.78025379430922215 0 -0.6739574435744965 1.2791853621172302 OK 12 11 0.267563 0.19672000000000001 0.070029999999999995 0.19476599999999999 0.124331 0 0.072797000000000001 0.072389000000000009 0.070029999999999995 0.0087569999999999992 0.008763 0.0079450000000000007 0.049121999999999978 0.04929999999999999 0.048249999999999994 0.0023350000000000003 0.0023309999999999997 0.0022130000000000001 0.00062999999999999992 0.00059299999999999999 0.00058500000000000002 1.2791905493899118 1.2791905493899118 1.2791905493899118 0.0011779889888019228 0.0011779889888019228 0.0011779889888019228 1 1 1 Converged Converged Converged OK OK OK 58 58 58 58 58 58 6 6 6 0 0 0 0 1 0 0 1
148 148 uniform 3 0 1488 0 0.0001 0.49071655615111009 0.2765108317331833 0.31787435464773617 0.71667892337967487 1.071502221810499 0.65310405245012759 0 -0.54680770171540194 1.3230281588333197 OK 13 12 0.30307400000000001 0.305811 0.10569199999999999 0.19365299999999999 0.194465 0 0.10942100000000002 0.111346 0.10569199999999999 0.009391 0.010049000000000001 0.0096150000000000003 0.073248000000000021 0.074642000000000014 0.069904999999999995 0.003483 0.0036319999999999998 0.0035980000000000001 0.00089099999999999987 0.00092199999999999997 0.00088099999999999995 1.3230280829597219 1.3230280829597219 1.3230280829597219 3.3788215783540778e-05 3.3788215783540778e-05 3.3788215783540778e-05 1 1 1 Converged Converged Converged OK OK OK 82 82 82 82 82 82 6 6 6 0 0 0 0 0 1 0 0
148 148 uniform 3 7 1488 1 0.0001 0.49071655615111009 0.2765108317331833 0.31787435464773617 0.71667892337967487 1.071502221810499 0.69180179997246072 0 -0.58550544923773507 1.3109949727296617 OK 13 12 0.28897600000000001 0.22636400000000001 0.088888999999999996 0.19518099999999999 0.12779299999999999 0 0.093795000000000017 0.09857100000000002 0.088888999999999996 0.0090270000000000003 0.0090299999999999998 0.0082159999999999993 0.063326999999999994 0.067541000000000004 0.060265000000000013 0.0034350000000000001 0.003947 0.0033350000000000003 0.00089300000000000002 0.00087500000000000002 0.00085499999999999997 1.310994866092889 1.310994866092889 1.310994866092889 3.9604156536801461e-05 3.9604156536801461e-05 3.9604156536801461e-05 1 1 1 Converged Converged Converged OK OK OK 82 82 82 82 82 82 6 6 6 0 0 0 0 1 0 0 1
148 148 uniform 3 15 1488 2 0.0001 0.49071655615111009 0.2765108317331833 0.31787435464773617 0.71667892337967487 1.071502221810499 0.73602779714084143 0 -0.62973144640611578 1.2958200054997626 OK 12 11 0.30719000000000002 0.238872 0.10413699999999999 0.191774 0.12925500000000001 0 0.11541600000000002 0.10961699999999999 0.10413699999999999 0.008829 0.0090390000000000002 0.008267 0.082858000000000001 0.076492000000000004 0.072873000000000035 0.003705 0.003787 0.0036690000000000004 0.000941 0.001011 0.00096699999999999998 1.2958203108673967 1.2958203108673967 1.2958203108673967 0.00012216641021068472 0.00012216641021068472 0.00012216641021068472 1 1 1 Converged Converged Converged OK OK OK 89 89 89 89 89 89 7 7 7 0 0 0 0 1 0 0 1
148 148 uniform 3 23 1488 3 0.0001 0.49071655615111009 0.2765108317331833 0.31787435464773617 0.71667892337967487 1.071502221810499 0.78025379430922215 0 -0.6739574435744965 1.2791853621172302 OK 12 11 0.29772500000000002 0.23405999999999999 0.100622 0.19469500000000001 0.12443899999999999 0 0.10303000000000001 0.109621 0.100622 0.0086820000000000005 0.008966 0.0080370000000000007 0.070100999999999997 0.07592900000000001 0.069340000000000013 0.0040350000000000004 0.0042530000000000007 0.0037219999999999996 0.0010320000000000001 0.001039 0.00095100000000000002 1.279185296490754 1.279185296490754 1.279185296490754 1.5500325065048281e-05 1.5500325065048281e-05 1.5500325065048281e-05 1 1 1 Converged Converged Converged OK OK OK 90 90 90 90 90 90 6 6 6 0 0 0 0 1 0 0 1
148 148 uniform 4 0 1489 0 0.001 0.49071655615111009 0.2765108317331833 0.31787435464773617 0.4739289568656162 -1.8693001337344641 0.41035408593606898 0 -0.30405773520134333 1.087086433629243 OK 12 11 0.254639 0.25325399999999998 0.067641999999999994 0.18623899999999999 0.18452099999999999 0 0.068400000000000016 0.068732999999999989 0.067641999999999994 0.0090200000000000002 0.0092119999999999997 0.0087480000000000006 0.043469000000000001 0.043841000000000012 0.043368999999999998 0.002026 0.0020149999999999999 0.002006 0.00053899999999999998 0.00050299999999999997 0.00048999999999999998 1.087086506466526 1.087086506466526 1.087086506466526 0.00064185842667686174 0.00064185842667686174 0.00064185842667686174 1 1 1 Converged Converged Converged OK OK OK 51 51 51 51 51 51 5 5 5 0 0 0 0 0 1 0 0
148 148 uniform 4 7 1489 1 0.001 0.49071655615111009 0.2765108317331833 0.31787435464773617 0.4739289568656162 -1.8693001337344641 0.44905183345840205 0 -0.3427554827236764 1.0877667323345144 OK 12 11 0.25928600000000002 0.19848199999999999 0.066628000000000007 0.19134699999999999 0.124613 0 0.067939000000000027 0.07386899999999999 0.066628000000000007 0.0083140000000000002 0.008463 0.0077770000000000001 0.046392000000000003 0.051309999999999995 0.046013000000000012 0.0020730000000000002 0.002258 0.0020200000000000001 0.00051699999999999999 0.00052599999999999999 0.00049600000000000002 1.0877667620357905 1.0877667620357905 1.0877667620357905 0.00059697342312850271 0.00059697342312850271 0.00059697342312850271 1 1 1 Converged Converged Converged OK OK OK 51 51 51 51 51 51 5 5 5 0 0 0 0 1 0 0 1
148 148 uniform 4 15 1489 2 0.001 0.49071655615111009 0.2765108317331833 0.31787435464773617 0.4739289568656162 -1.8693001337344641 0.49327783062678277 0 -0.38698147989205711 1.0886435056624288 OK 12 11 0.256243 0.184255 0.067251000000000005 0.18759999999999999 0.11394899999999999 0 0.06864300000000001 0.070306000000000007 0.067251000000000005 0.0082260000000000007 0.0084060000000000003 0.0077409999999999996 0.047311000000000013 0.048618000000000001 0.046936000000000019 0.0020340000000000002 0.0021460000000000003 0.0020270000000000002 0.00048800000000000004 0.000522 0.00048299999999999998 1.0886435286335296 1.0886435286335296 1.0886435286335296 0.00058780157422294501 0.00058780157422294501 0.00058780157422294501 1 1 1 Converged Converged Converged OK OK OK 51 51 51 51 51 51 5 5 5 0 0 0 0 1 0 0 1
148 148 uniform 4 23 1489 3 0.001 0.49071655615111009 0.2765108317331833 0.31787435464773617 0.4739289568656162 -1.8693001337344641 0.53750382779516348 0 -0.43120747706043783 1.0896449092144589 OK 12 11 0.263183 0.18957399999999999 0.062428999999999998 0.19909499999999999 0.124486 0 0.064088000000000006 0.065087999999999993 0.062428999999999998 0.0083119999999999999 0.008345 0.0077270000000000004 0.042565999999999979 0.043676000000000006 0.042001000000000004 0.0021200000000000004 0.0020949999999999996 0.0019909999999999997 0.00055000000000000003 0.00054900000000000001 0.00051800000000000001 1.0896449649716706 1.0896449649716706 1.0896449649716706 0.00062495144881239805 0.00062495144881239805 0.00062495144881239805 1 1 1 Converged Converged Converged OK OK OK 51 51 51 51 51 51 5 5 5 0 0 0 0 1 0 0 1
148 148 uniform 4 0 1489 0 0.0001 0.49071655615111009 0.2765108317331833 0.31787435464773617 0.4739289568656162 -1.8693001337344641 0.41035408593606898 0 -0.30405773520134333 1.087086433629243 OK 12 11 0.284551 0.28331800000000001 0.096534999999999996 0.18611 0.18576300000000001 0 0.098441000000000001 0.097555000000000003 0.096534999999999996 0.0093589999999999993 0.0093959999999999998 0.0089560000000000004 0.063655000000000017 0.063725999999999977 0.063278000000000001 0.0037379999999999996 0.0034789999999999995 0.0032520000000000005 0.00087999999999999992 0.00081100000000000009 0.00080600000000000008 1.0870864270385077 1.0870864270385077 1.0870864270385077 3.4623024801132296e-05 3.4623024801132296e-05 3.4623024801132296e-05 1 1 1 Converged Converged Converged OK OK OK 75 75 75 75 75 75 5 5 5 0 0 0 0 0 1 0 0
148 148 uniform 4 7 1489 1 0.0001 0.49071655615111009 0.2765108317331833 0.31787435464773617 0.4739289568656162 -1.8693001337344641 0.44905183345840205 0 -0.3427554827236764 1.0877667323345144 OK 12 11 0.28393000000000002 0.234766 0.092055999999999999 0.19000600000000001 0.124375 0 0.093924000000000007 0.110391 0.092055999999999999 0.0082990000000000008 0.0083610000000000004 0.0079050000000000006 0.065496999999999986 0.082019999999999982 0.065057999999999991 0.0033000000000000004 0.0033989999999999997 0.0031900000000000001 0.00081099999999999998 0.00081800000000000004 0.00072600000000000008 1.0877667298417364 1.0877667298417364 1.0877667298417364 6.2022023899443307e-05 6.2022023899443307e-05 6.2022023899443307e-05 1 1 1 Converged Converged Converged OK OK OK 75 75 75 75 75 75 5 5 5 0 0 0 0 1 0 0 1
148 148 uniform 4 15 1489 2 0.0001 0.49071655615111009 0.2765108317331833 0.31787435464773617 0.4739289568656162 -1.8693001337344641 0.49327783062678277 0 -0.38698147989205711 1.0886435056624288 OK 12 11 0.28842800000000002 0.22257299999999999 0.093292 0.192471 0.114325 0 0.095957000000000015 0.108248 0.093292 0.0083040000000000006 0.0082509999999999997 0.0077380000000000001 0.066985000000000003 0.080281000000000047 0.066183999999999993 0.0036090000000000002 0.0033019999999999998 0.0032390000000000001 0.00081499999999999997 0.00073699999999999992 0.00076599999999999997 1.0886435067820037 1.0886435067820037 1.0886435067820037 9.9494095245173476e-05 9.9494095245173476e-05 9.9494095245173476e-05 1 1 1 Converged Converged Converged OK OK OK 75 75 75 75 75 75 5 5 5 0 0 0 0 1 0 0 1
148 148 uniform 4 23 1489 3 0.0001 0.49071655615111009 0.2765108317331833 0.31787435464773617 0.4739289568656162 -1.8693001337344641 0.53750382779516348 0 -0.43120747706043783 1.0896449092144589 OK 12 11 0.28916399999999998 0.220139 0.086208999999999994 0.20056099999999999 0.124194 0 0.088602999999999987 0.095945000000000003 0.086208999999999994 0.0082789999999999999 0.0082649999999999998 0.0077580000000000001 0.060003999999999981 0.067914999999999989 0.059346999999999997 0.0034179999999999996 0.0033059999999999999 0.0031649999999999998 0.00080800000000000002 0.00077099999999999998 0.00074300000000000006 1.089644901688688 1.089644901688688 1.089644901688688 6.1409415659815806e-05 6.1409415659815806e-05 6.1409415659815806e-05 1 1 1 Converged Converged Converged OK OK OK 75 75 75 75 75 75 5 5 5 0 0 0 0 1 0 0 1
149 149 linear 0 0 1490 0 0.001 2.0659565295872264 0.56802029881141525 3.4263177060690335e-05 -1.0636362213733255 0.052219984219909116 -1.0636430740087377 0.5 1.8120423429193933 139.31415994286513 OK 14 13 0.51761999999999997 0.50975700000000002 0.13114200000000001 0.38355499999999998 0.37717299999999998 0 0.13406499999999999 0.13258400000000004 0.13114200000000001 0.011702000000000001 0.0118 0.011315 0.10397200000000002 0.10253599999999999 0.10164800000000002 0.0025060000000000004 0.0025050000000000003 0.0026879999999999999 0.00065099999999999999 0.00067900000000000002 0.00066700000000000006 139.31513151122644 139.31513151122644 139.31513151122644 0.11631816645359165 0.11631816645359165 0.11631816645359165 1 1 1 Converged Converged Converged OK OK OK 59 59 59 59 59 59 5 5 5 0 0 0 0 0 1 0 0
149 149 linear 0 7 1490 1 0.001 2.0659565295872264 0.56802029881141525 3.4263177060690335e-05 -1.0636362213733255 0.052219984219909116 -1.0636389028393562 0.5 1.8120381717500118 159.53306643627502 OK 14 13 0.53282499999999999 0.55230699999999999 0.124042 0.40552899999999997 0.28875499999999998 0 0.12729600000000002 0.26355200000000001 0.124042 0.010858 0.010991000000000001 0.010291 0.101384 0.23730599999999993 0.098950999999999997 0.0024380000000000001 0.0025050000000000003 0.0025409999999999999 0.00069499999999999987 0.00071199999999999996 0.00071099999999999994 159.53284785467952 159.53284785467952 159.53284785467952 0.11814193947359861 0.11814193947359861 0.11814193947359861 1 1 1 Converged Converged Converged OK OK OK 59 59 59 59 59 59 5 5 5 0 0 0 0 1 0 0 1
149 149 linear 0 15 1490 2 0.001 2.0659565295872264 0.56802029881141525 3.4263177060690335e-05 -1.0636362213733255 0.052219984219909116 -1.0636341357886347 0.5 1.8120334046992903 181.02612094164948 OK 14 13 0.50043099999999996 0.52263400000000004 0.123533 0.37298799999999999 0.25293700000000002 0 0.12744299999999997 0.26969700000000002 0.123533 0.010859000000000001 0.010912 0.010252000000000001 0.10150700000000004 0.24316599999999999 0.098772000000000026 0.0025009999999999998 0.0026869999999999997 0.0024710000000000001 0.00062399999999999999 0.00064199999999999999 0.00065499999999999998 181.02863277286684 181.02863277286684 181.02863277286684 0.12068464171413827 0.12068464171413827 0.12068464171413827 1 1 1 Converged Converged Converged OK OK OK 59 59 59 59 59 59 5 5 5 0 0 0 0 1 0 0 1
149 149 linear 0 23 1490 3 0.001 2.0659565295872264 0.56802029881141525 3.4263177060690335e-05 -1.0636362213733255 0.052219984219909116 -1.0636293687379132 0.5 1.8120286376485688 200.46947426188305 OK 14 13 0.51081500000000002 0.50630299999999995 0.13172 0.37527700000000003 0.24165300000000001 0 0.13553799999999999 0.26464999999999994 0.13172 0.010855 0.010991000000000001 0.01014 0.10951000000000001 0.23821500000000004 0.10678400000000002 0.0024420000000000002 0.0028139999999999997 0.0026029999999999998 0.000629 0.00063899999999999992 0.0006330000000000001 200.47194374500933 200.47194374500933 200.47194374500933 0.12372094560744368 0.12372094560744368 0.12372094560744368 1 1 1 Converged Converged Converged OK OK OK 59 59 59 59 59 59 5 5 5 0 0 0 0 1 0 0 1
149 149 linear 0 0 1490 0 0.0001 2.0659565295872264 0.56802029881141525 3.4263177060690335e-05 -1.0636362213733255 0.052219984219909116 -1.0636430740087377 0.5 1.8120423429193933 139.31415994286513 OK 14 13 0.52492000000000005 0.52483299999999999 0.14666999999999999 0.37406 0.37404900000000002 0 0.15086000000000005 0.15078399999999997 0.14666999999999999 0.011903 0.011783999999999999 0.011403999999999999 0.11668900000000003 0.11706799999999998 0.11374899999999999 0.0031439999999999997 0.0029210000000000004 0.0028270000000000001 0.000861 0.00086600000000000002 0.00083900000000000001 139.3157421122373 139.3157421122373 139.3157421122373 0.013073071602998008 0.013073071602998008 0.013073071602998008 1 1 1 Converged Converged Converged OK OK OK 67 67 67 67 67 67 5 5 5 0 0 0 0 0 1 0 0
149 149 linear 0 7 1490 1 0.0001 2.0659565295872264 0.56802029881141525 3.4263177060690335e-05 -1.0636362213733255 0.052219984219909116 -1.0636389028393562 0.5 1.8120381717500118 159.53306643627502 OK 14 13 0.55127099999999996 0.58360699999999999 0.14008799999999999 0.40939599999999998 0.29025299999999998 0 0.14187499999999997 0.293354 0.14008799999999999 0.010976 0.011098999999999999 0.010297000000000001 0.112604 0.26394799999999996 0.10947900000000001 0.0031610000000000002 0.0033080000000000002 0.0031210000000000001 0.00081099999999999987 0.00086899999999999987 0.00083300000000000008 159.53345846700248 159.53345846700248 159.53345846700248 0.014894931973906097 0.014894931973906097 0.014894931973906097 1 1 1 Converged Converged Converged OK OK OK 67 67 67 67 67 67 5 5 5 0 0 0 0 1 0 0 1
149 149 linear 0 15 1490 2 0.0001 2.0659565295872264 0.56802029881141525 3.4263177060690335e-05 -1.0636362213733255 0.052219984219909116 -1.0636341357886347 0.5 1.8120334046992903 181.02612094164948 OK 14 13 0.50657300000000005 0.54467500000000002 0.135463 0.36668899999999999 0.25020700000000001 0 0.13988400000000006 0.29446800000000001 0.135463 0.010871 0.010888999999999999 0.010238000000000001 0.11116300000000003 0.26499899999999993 0.10795400000000001 0.0029879999999999998 0.0033210000000000002 0.0030200000000000001 0.00083000000000000001 0.00090799999999999995 0.00085499999999999997 181.02924339811815 181.02924339811815 181.02924339811815 0.017435448296787073 0.017435448296787073 0.017435448296787073 1 1 1 Converged Converged Converged OK OK OK 67 67 67 67 67 67 5 5 5 0 0 0 0 1 0 0 1
149 149 linear 0 23 1490 3 0.0001 2.0659565295872264 0.56802029881141525 3.4263177060690335e-05 -1.0636362213733255 0.052219984219909116 -1.0636293687379132 0.5 1.8120286376485688 200.46947426188305 OK 14 13 0.55619600000000002 0.603549 0.170208 0.38061499999999998 0.24238399999999999 0 0.17558100000000004 0.36116500000000001 0.170208 0.010796 0.010893999999999999 0.010208999999999999 0.14256900000000003 0.32807800000000004 0.138519 0.0038359999999999996 0.0038589999999999996 0.003705 0.00094400000000000007 0.00088900000000000003 0.00094000000000000008 200.47255437102913 200.47255437102913 200.47255437102913 0.01445560352099837 0.01445560352099837 0.01445560352099837 1 1 1 Converged Converged Converged OK OK OK 83 83 83 83 83 83 5 5 5 0 0 0 0 1 0 0 1
149 149 linear 1 0 1491 0 0.001 2.0659565295872264 0.56802029881141525 3.4263177060690335e-05 -1.0334917227562803 0.17451653806821243 -1.0334985753916925 0.5 1.7818978443023481 432.16051981874921 OK 14 13 52.438276000000002 52.520336999999998 0.24849399999999999 52.105015999999999 52.191240999999998 0 0.33326000000000278 0.32909599999999983 0.24849399999999999 0.016062 0.014985 0.013950000000000001 0.28445900000000002 0.27985199999999988 0.21117300000000006 0.0051060000000000003 0.0065480000000000017 0.0036180000000000001 0.001286 0.0013099999999999997 0.001258 432.16035101334069 432.16035101334069 432.16035101334069 0.30466092694443503 0.30466092694443503 0.30466092694443503 1 1 1 Converged Converged Converged OK OK OK 74 74 74 74 74 74 6 6 6 0 0 0 0 0 1 0 0
149 149 linear 1 7 1491 1 0.001 2.0659565295872264 0.56802029881141525 3.4263177060690335e-05 -1.0334917227562803 0.17451653806821243 -1.0334944042223111 0.5 1.7818936731329666 367.76351104793093 OK 14 13 56.081443999999998 55.963143000000002 0.244227 55.742007000000001 55.557884999999999 0 0.33943699999999666 0.40525800000000345 0.244227 0.015635 0.015140000000000001 0.012926 0.29738299999999995 0.36512799999999995 0.21430900000000003 0.0062689999999999985 0.0066699999999999997 0.0032589999999999997 0.0012390000000000001 0.0013319999999999999 0.00097900000000000005 367.76254359882711 367.76254359882711 367.76254359882711 0.28758425846724966 0.28758425846724966 0.28758425846724966 1 1 1 Converged Converged Converged OK OK OK 74 74 74 74 74 74 6 6 6 0 0 0 0 1 0 0 1
149 149 linear 1 15 1491 2 0.001 2.0659565295872264 0.56802029881141525 3.4263177060690335e-05 -1.0334917227562803 0.17451653806821243 -1.0334896371715896 0.5 1.7818889060822451 295.21516115669567 OK 14 13 2.5571959999999998 54.185667000000002 0.24795500000000001 2.2695829999999999 53.827475 0 0.2876129999999999 0.35819200000000251 0.24795500000000001 0.016282000000000001 0.014674 0.012751 0.24986899999999998 0.32092399999999988 0.21883599999999992 0.0049040000000000004 0.0052009999999999999 0.0029820000000000003 0.0012800000000000001 0.00125 0.00098499999999999998 295.21408426357527 295.21408426363899 295.21408426357527 0.2744030095752843 0.27440300988521671 0.2744030095752843 1 1 1 Converged Converged Converged OK OK OK 74 74 74 74 74 74 6 6 6 0 0 0 0 1 0 0 1
149 149 linear 1 23 1491 3 0.001 2.0659565295872264 0.56802029881141525 3.4263177060690335e-05 -1.0334917227562803 0.17451653806821243 -1.0334848701208681 0.5 1.7818841390315237 224.72654067309279 OK 14 13 0.87930399999999997 0.73282499999999995 0.26100400000000001 0.60970899999999995 0.39732099999999998 0 0.26959500000000003 0.33550399999999997 0.26100400000000001 0.013743999999999999 0.013549 0.01264 0.232157 0.29814099999999993 0.22759499999999996 0.0049979999999999998 0.005228 0.0040139999999999993 0.001243 0.0013009999999999999 0.0010369999999999999 224.72740758792244 224.72740758839001 224.72740758792244 0.073020965416082911 0.073020965125139975 0.073020965416082911 1 1 1 Converged Converged Converged OK OK OK 82 82 82 82 82 82 6 6 6 0 0 0 0 1 0 0 1
149 149 linear 1 0 1491 0 0.0001 2.0659565295872264 0.56802029881141525 3.4263177060690335e-05 -1.0334917227562803 0.17451653806821243 -1.0334985753916925 0.5 1.7818978443023481 432.16051981874921 OK 14 13 52.364488999999999 52.524281000000002 0.31729800000000002 51.985810000000001 52.156312 0 0.37867899999999821 0.36796900000000221 0.31729800000000002 0.016736000000000001 0.015810999999999999 0.014048 0.32182700000000003 0.31332799999999988 0.27094899999999977 0.0077849999999999994 0.0073750000000000005 0.0053769999999999998 0.0017679999999999998 0.0016479999999999999 0.001611 432.16170020178924 432.16170020178924 432.16170020178924 0.023539414372406368 0.023539414372406368 0.023539414372406368 1 1 1 Converged Converged Converged OK OK OK 98 98 98 98 98 98 6 6 6 0 0 0 0 0 1 0 0
149 149 linear 1 7 1491 1 0.0001 2.0659565295872264 0.56802029881141525 3.4263177060690335e-05 -1.0334917227562803 0.17451653806821243 -1.0334944042223111 0.5 1.7818936731329666 367.76351104793093 OK 14 13 56.134096999999997 56.009467000000001 0.30805900000000003 55.768273999999998 55.620337999999997 0 0.3658229999999989 0.38912900000000405 0.30805900000000003 0.015654000000000001 0.014298 0.012907 0.32046800000000009 0.34668800000000016 0.27224100000000001 0.0074199999999999995 0.0075249999999999996 0.0047359999999999998 0.0016389999999999998 0.0015340000000000002 0.001219 367.76380537600141 367.76380537600141 367.76380537600141 0.016287683338951534 0.016287683338951534 0.016287683338951534 1 1 1 Converged Converged Converged OK OK OK 98 98 98 98 98 98 6 6 6 0 0 0 0 1 0 0 1
149 149 linear 1 15 1491 2 0.0001 2.0659565295872264 0.56802029881141525 3.4263177060690335e-05 -1.0334917227562803 0.17451653806821243 -1.0334896371715896 0.5 1.7818889060822451 295.21516115669567 OK 14 13 2.6282549999999998 54.399832000000004 0.31401800000000002 2.2776529999999999 53.909246000000003 0 0.35060199999999986 0.49058600000000041 0.31401800000000002 0.015583 0.014563 0.012795000000000001 0.30621100000000007 0.44080599999999986 0.27861899999999995 0.0072550000000000002 0.0078230000000000001 0.0044930000000000005 0.0016850000000000001 0.001684 0.0013370000000000001 295.21528638705388 295.2152863871778 295.21528638705388 0.010903105657168998 0.010903105885257731 0.010903105657168998 1 1 1 Converged Converged Converged OK OK OK 98 98 98 98 98 98 6 6 6 0 0 0 0 1 0 0 1
149 149 linear 1 23 1491 3 0.0001 2.0659565295872264 0.56802029881141525 3.4263177060690335e-05 -1.0334917227562803 0.17451653806821243 -1.0334848701208681 0.5 1.7818841390315237 224.72654067309279 OK 14 13 0.93223599999999995 0.75984499999999999 0.31434800000000002 0.59322699999999995 0.37749300000000002 0 0.339009 0.38235199999999997 0.31434800000000002 0.015528999999999999 0.013479 0.012735 0.29609600000000008 0.34313199999999994 0.27901599999999999 0.0068280000000000007 0.0061380000000000002 0.0045329999999999997 0.0015069999999999999 0.0014989999999999999 0.0012369999999999998 224.72740275989301 224.72740276015986 224.72740275989301 0.0083271343240746559 0.0083271342260074922 0.0083271343240746559 1 1 1 Converged Converged Converged OK OK OK 98 98 98 98 98 98 6 6 6 0 0 0 0 1 0 0 1
149 149 linear 2 0 1492 0 0.001 2.0659565295872264 0.56802029881141525 3.4263177060690335e-05 0.63995246832901553 -0.0076754548161262846 0.63994561569360342 0.5 0.10845365321705214 9.2765002028212216 OK 13 12 0.49052000000000001 0.487396 0.154278 0.328627 0.33188899999999999 0 0.16189300000000001 0.15550700000000001 0.154278 0.010392999999999999 0.010078999999999999 0.0096319999999999999 0.13255 0.12701300000000004 0.12653099999999998 0.0026919999999999999 0.002709 0.0026119999999999997 0.00060599999999999998 0.00059599999999999996 0.000571 9.276490722250637 9.276490722250637 9.276490722250637 0.0031792833714432852 0.0031792833714432852 0.0031792833714432852 1 1 1 Converged Converged Converged OK OK OK 53 53 53 53 53 53 3 3 3 0 0 0 0 0 1 0 0
149 149 linear 2 7 1492 1 0.001 2.0659565295872264 0.56802029881141525 3.4263177060690335e-05 0.63995246832901553 -0.0076754548161262846 0.63994978686298465 0.5 0.10844948204767091 9.2773758295202562 OK 13 12 0.557222 0.44806499999999999 0.151807 0.40473700000000001 0.281943 0 0.15248499999999998 0.16612199999999999 0.151807 0.0094369999999999992 0.0094400000000000005 0.0088319999999999996 0.12646700000000005 0.14017400000000005 0.12682000000000002 0.0026420000000000003 0.0026059999999999998 0.0025820000000000001 0.00059899999999999992 0.00056500000000000007 0.00057499999999999999 9.2773663492573686 9.2773663492573686 9.2773663492573686 0.0031792467874535817 0.0031792467874535817 0.0031792467874535817 1 1 1 Converged Converged Converged OK OK OK 53 53 53 53 53 53 3 3 3 0 0 0 0 1 0 0 1
149 149 linear 2 15 1492 2 0.001 2.0659565295872264 0.56802029881141525 3.4263177060690335e-05 0.63995246832901553 -0.0076754548161262846 0.63995455391370615 0.5 0.10844471499694941 9.2783767550864926 OK 13 12 0.48626799999999998 0.37314399999999998 0.158413 0.32240999999999997 0.19988300000000001 0 0.163858 0.17326099999999997 0.158413 0.0093749999999999997 0.0095060000000000006 0.0088579999999999996 0.13770499999999999 0.14718400000000004 0.13352800000000001 0.0026940000000000002 0.0026489999999999999 0.0025990000000000002 0.00059900000000000003 0.00062 0.00054599999999999994 9.2783672745425321 9.2783672745425321 9.2783672745425321 0.0031792046579651461 0.0031792046579651461 0.0031792046579651461 1 1 1 Converged Converged Converged OK OK OK 53 53 53 53 53 53 3 3 3 0 0 0 0 1 0 0 1
149 149 linear 2 23 1492 3 0.001 2.0659565295872264 0.56802029881141525 3.4263177060690335e-05 0.63995246832901553 -0.0076754548161262846 0.63995932096442765 0.5 0.10843994794622791 9.2793779041409579 OK 13 12 0.480906 0.35265099999999999 0.14591199999999999 0.33083499999999999 0.19247300000000001 0 0.15007100000000001 0.16017799999999999 0.14591199999999999 0.0094750000000000008 0.0095160000000000002 0.008914 0.12401600000000002 0.13393999999999998 0.12101899999999999 0.0026709999999999998 0.0028279999999999998 0.0026199999999999999 0.00058200000000000005 0.00060400000000000004 0.000544 9.2793684221981305 9.2793684221981305 9.2793684221981305 0.0031791628557692468 0.0031791628557692468 0.0031791628557692468 1 1 1 Converged Converged Converged OK OK OK 53 53 53 53 53 53 3 3 3 0 0 0 0 1 0 0 1
149 149 linear 2 0 1492 0 0.0001 2.0659565295872264 0.56802029881141525 3.4263177060690335e-05 0.63995246832901553 -0.0076754548161262846 0.63994561569360342 0.5 0.10845365321705214 9.2765002028212216 OK 13 12 0.55983300000000003 0.55776199999999998 0.22659399999999999 0.32814399999999999 0.32617499999999999 0 0.23168900000000003 0.23158699999999999 0.22659399999999999 0.010387 0.010189999999999999 0.0097560000000000008 0.19347300000000003 0.19359699999999996 0.18890099999999996 0.0040340000000000003 0.004045 0.0040200000000000001 0.000843 0.00083500000000000002 0.00081999999999999987 9.2764996701409839 9.2764996701409839 9.2764996701409839 1.7913370020529715e-05 1.7913370020529715e-05 1.7913370020529715e-05 1 1 1 Converged Converged Converged OK OK OK 77 77 77 77 77 77 3 3 3 0 0 0 0 0 1 0 0
149 149 linear 2 7 1492 1 0.0001 2.0659565295872264 0.56802029881141525 3.4263177060690335e-05 0.63995246832901553 -0.0076754548161262846 0.63994978686298465 0.5 0.10844948204767091 9.2773758295202562 OK 13 12 0.62971299999999997 0.53546300000000002 0.218163 0.40545999999999999 0.28789999999999999 0 0.22425299999999998 0.24756300000000003 0.218163 0.0093919999999999993 0.009528 0.0088669999999999999 0.19036900000000001 0.21397999999999995 0.18568799999999996 0.0039940000000000002 0.0040100000000000005 0.0038889999999999997 0.00083400000000000011 0.0008299999999999999 0.00082399999999999997 9.2773752970776897 9.2773752970776897 9.2773752970776897 1.7913292012630113e-05 1.7913292012630113e-05 1.7913292012630113e-05 1 1 1 Converged Converged Converged OK OK OK 77 77 77 77 77 77 3 3 3 0 0 0 0 1 0 0 1
149 149 linear 2 15 1492 2 0.0001 2.0659565295872264 0.56802029881141525 3.4263177060690335e-05 0.63995246832901553 -0.0076754548161262846 0.63995455391370615 0.5 0.10844471499694941 9.2783767550864926 OK 13 12 0.55545500000000003 0.46015600000000001 0.230047 0.32011800000000001 0.20100699999999999 0 0.23533700000000002 0.25914900000000002 0.230047 0.0093559999999999997 0.0095840000000000005 0.0089060000000000007 0.20126199999999997 0.22551600000000002 0.19745300000000005 0.0041679999999999998 0.004091 0.0039610000000000001 0.00078899999999999999 0.00080699999999999999 0.00076999999999999996 9.2783762222787587 9.2783762222787587 9.2783762222787587 1.7912869728326753e-05 1.7912869728326753e-05 1.7912869728326753e-05 1 1 1 Converged Converged Converged OK OK OK 77 77 77 77 77 77 3 3 3 0 0 0 0 1 0 0 1
149 149 linear 2 23 1492 3 0.0001 2.0659565295872264 0.56802029881141525 3.4263177060690335e-05 0.63995246832901553 -0.0076754548161262846 0.63995932096442765 0.5 0.10843994794622791 9.2793779041409579 OK 13 12 0.55312399999999995 0.435701 0.21587500000000001 0.33232600000000001 0.19097600000000001 0 0.22079799999999994 0.244725 0.21587500000000001 0.0094669999999999997 0.0094889999999999992 0.0088350000000000008 0.18707600000000002 0.21127100000000004 0.18344300000000002 0.0040369999999999998 0.0040899999999999999 0.0039280000000000001 0.00081799999999999993 0.00084800000000000001 0.00076900000000000004 9.279377369852849 9.279377369852849 9.279377369852849 1.7912772309422744e-05 1.7912772309422744e-05 1.7912772309422744e-05 1 1 1 Converged Converged Converged OK OK OK 77 77 77 77 77 77 3 3 3 0 0 0 0 1 0 0 1
149 149 linear 3 0 1493 0 0.001 2.0659565295872264 0.56802029881141525 3.4263177060690335e-05 -1.021483071495743 0.15595629243245035 -1.0214899241311552 0.5 1.7698891930418108 128.34313105617701 OK 15 14 0.63950899999999999 0.63662200000000002 0.196821 0.44242300000000001 0.439133 0 0.19708599999999998 0.19748900000000003 0.196821 0.016112999999999999 0.016471 0.015658999999999999 0.149782 0.14819100000000004 0.149975 0.0044480000000000006 0.0050089999999999996 0.0044089999999999997 0.0009189999999999999 0.001018 0.00094499999999999998 128.34303025966423 128.34303025966423 128.34303025966423 0.10691719291888958 0.10691719291888958 0.10691719291888958 1 1 1 Converged Converged Converged OK OK OK 83 83 83 83 83 83 5 5 5 0 0 0 0 0 1 0 0
149 149 linear 3 7 1493 1 0.001 2.0659565295872264 0.56802029881141525 3.4263177060690335e-05 -1.021483071495743 0.15595629243245035 -1.0214857529617738 0.5 1.7698850218724294 133.21590190465281 OK 15 14 0.591194 0.77573099999999995 0.182421 0.40394799999999997 0.31467400000000001 0 0.18724600000000002 0.46105699999999994 0.182421 0.015342 0.016473999999999999 0.014519000000000001 0.14611199999999994 0.41655499999999995 0.14269999999999997 0.0042589999999999998 0.0045060000000000005 0.0043479999999999994 0.00088099999999999984 0.00092399999999999991 0.00089700000000000001 133.2157981919938 133.2157981919938 133.2157981919938 0.11843044664700159 0.11843044664700159 0.11843044664700159 1 1 1 Converged Converged Converged OK OK OK 83 83 83 83 83 83 5 5 5 0 0 0 0 1 0 0 1
149 149 linear 3 15 1493 2 0.001 2.0659565295872264 0.56802029881141525 3.4263177060690335e-05 -1.021483071495743 0.15595629243245035 -1.0214809859110523 0.5 1.7698802548217079 139.75034318539957 OK 15 14 0.62052600000000002 0.76960300000000004 0.18139 0.434805 0.34489599999999998 0 0.18572100000000002 0.42470700000000006 0.18139 0.01523 0.016573000000000001 0.014473 0.14480500000000004 0.38144499999999992 0.14168600000000006 0.0043829999999999997 0.0046220000000000002 0.0044090000000000006 0.00097900000000000005 0.0010740000000000001 0.00099200000000000004 139.75023469494269 139.75023469494269 139.75023469494269 0.13665960224213125 0.13665960224213125 0.13665960224213125 1 1 1 Converged Converged Converged OK OK OK 83 83 83 83 83 83 5 5 5 0 0 0 0 1 0 0 1
149 149 linear 3 23 1493 3 0.001 2.0659565295872264 0.56802029881141525 3.4263177060690335e-05 -1.021483071495743 0.15595629243245035 -1.0214762188603308 0.5 1.7698754877709864 147.76861277201803 OK 15 14 0.62515200000000004 0.78617400000000004 0.20772699999999999 0.40754899999999999 0.29364299999999999 0 0.21760300000000005 0.49253100000000005 0.20772699999999999 0.018178 0.015403 0.014437999999999999 0.16718699999999992 0.44381800000000005 0.16173199999999999 0.0055380000000000004 0.0058110000000000002 0.0053869999999999994 0.0010560000000000001 0.0010679999999999999 0.0010499999999999999 147.76846435584346 147.76846435584346 147.76846435584346 0.014279900413319039 0.014279900413319039 0.014279900413319039 1 1 1 Converged Converged Converged OK OK OK 99 99 99 99 99 99 5 5 5 0 0 0 0 1 0 0 1
149 149 linear 3 0 1493 0 0.0001 2.0659565295872264 0.56802029881141525 3.4263177060690335e-05 -1.021483071495743 0.15595629243245035 -1.0214899241311552 0.5 1.7698891930418108 128.34313105617701 OK 15 14 0.70651200000000003 0.69917799999999997 0.25888899999999998 0.44448300000000002 0.43743799999999999 0 0.26202900000000001 0.26173999999999997 0.25888899999999998 0.016355000000000001 0.01609 0.015491 0.20119400000000001 0.20202700000000007 0.19980400000000004 0.0063219999999999995 0.0060359999999999997 0.0062180000000000004 0.001173 0.0011460000000000001 0.001176 128.34302977941587 128.34302977941587 128.34302977941587 0.0064732643000305345 0.0064732643000305345 0.0064732643000305345 1 1 1 Converged Converged Converged OK OK OK 115 115 115 115 115 115 5 5 5 0 0 0 0 0 1 0 0
149 149 linear 3 7 1493 1 0.0001 2.0659565295872264 0.56802029881141525 3.4263177060690335e-05 -1.021483071495743 0.15595629243245035 -1.0214857529617738 0.5 1.7698850218724294 133.21590190465281 OK 15 14 0.65860600000000002 0.87948800000000005 0.24312700000000001 0.40510099999999999 0.30862200000000001 0 0.25350500000000004 0.5708660000000001 0.24312700000000001 0.01537 0.015415999999999999 0.014595 0.2026369999999999 0.51925800000000022 0.19350500000000004 0.006019 0.0061469999999999997 0.0061069999999999996 0.001139 0.001139 0.0011709999999999999 133.21579756604251 133.21579756604251 133.21579756604251 0.0064746778635771532 0.0064746778635771532 0.0064746778635771532 1 1 1 Converged Converged Converged OK OK OK 115 115 115 115 115 115 5 5 5 0 0 0 0 1 0 0 1
149 149 linear 3 15 1493 2 0.0001 2.0659565295872264 0.56802029881141525 3.4263177060690335e-05 -1.021483071495743 0.15595629243245035 -1.0214809859110523 0.5 1.7698802548217079 139.75034318539957 OK 15 14 0.67969800000000002 0.912277 0.24273800000000001 0.43084899999999998 0.33899800000000002 0 0.24884900000000004 0.57327899999999998 0.24273800000000001 0.015350000000000001 0.015637999999999999 0.014534999999999999 0.197882 0.52098199999999995 0.19286200000000001 0.0061789999999999996 0.0065769999999999995 0.0061650000000000012 0.0012470000000000001 0.0012400000000000002 0.001237 139.75023381577492 139.75023381577492 139.75023381577492 0.0064769087588736323 0.0064769087588736323 0.0064769087588736323 1 1 1 Converged Converged Converged OK OK OK 115 115 115 115 115 115 5 5 5 0 0 0 0 1 0 0 1
149 149 linear 3 23 1493 3 0.0001 2.0659565295872264 0.56802029881141525 3.4263177060690335e-05 -1.021483071495743 0.15595629243245035 -1.0214762188603308 0.5 1.7698754877709864 147.76861277201803 OK 15 14 0.62101399999999995 0.78632100000000005 0.20672299999999999 0.40939900000000001 0.29519299999999998 0 0.21161499999999994 0.49112800000000006 0.20672299999999999 0.015181 0.015324000000000001 0.014588 0.16587200000000007 0.44406799999999985 0.16212699999999994 0.0051510000000000002 0.005457 0.0052570000000000004 0.001034 0.0010969999999999999 0.001062 147.76846435584346 147.76846435584346 147.76846435584346 0.014279900413319039 0.014279900413319039 0.014279900413319039 1 1 1 Converged Converged Converged OK OK OK 99 99 99 99 99 99 5 5 5 0 0 0 0 1 0 0 1
149 149 linear 4 0 1494 0 0.001 2.0659565295872264 0.56802029881141525 3.4263177060690335e-05 -1.0723840011099839 0.04110543399744316 -1.0723908537453961 0.5 1.8207901226560517 2.992675996854917 OK 13 12 0.54794399999999999 0.546848 0.153201 0.39122200000000001 0.39549800000000002 0 0.15672199999999997 0.15134999999999998 0.153201 0.0088369999999999994 0.0089910000000000007 0.008515 0.12261299999999999 0.12066499999999999 0.12295899999999998 0.00313 0.0031489999999999999 0.0031089999999999998 0.00067000000000000002 0.000696 0.00066800000000000008 2.9926759712748789 2.9926759712748789 2.9926759712748789 0.001192366369416069 0.001192366369416069 0.001192366369416069 1 1 1 Converged Converged Converged OK OK OK 61 61 61 61 61 61 3 3 3 0 0 0 0 0 1 0 0
149 149 linear 4 7 1494 1 0.001 2.0659565295872264 0.56802029881141525 3.4263177060690335e-05 -1.0723840011099839 0.04110543399744316 -1.0723866825760147 0.5 1.8207859514866702 2.9926376710668343 OK 13 12 0.522011 0.48904500000000001 0.148372 0.369647 0.228932 0 0.152364 0.26011300000000004 0.148372 0.0081939999999999999 0.0081840000000000003 0.0076759999999999997 0.124774 0.23231199999999996 0.122152 0.0031930000000000001 0.0032030000000000001 0.0030540000000000003 0.00068500000000000006 0.000678 0.0006559999999999999 2.9926376454946042 2.9926376454946042 2.9926376454946042 0.0011923864515266044 0.0011923864515266044 0.0011923864515266044 1 1 1 Converged Converged Converged OK OK OK 61 61 61 61 61 61 3 3 3 0 0 0 0 1 0 0 1
149 149 linear 4 15 1494 2 0.001 2.0659565295872264 0.56802029881141525 3.4263177060690335e-05 -1.0723840011099839 0.04110543399744316 -1.0723819155252932 0.5 1.8207811844359487 2.9925938737161233 OK 13 12 0.50141500000000006 0.51403299999999996 0.14752999999999999 0.34995900000000002 0.24584 0 0.15145600000000004 0.26819299999999996 0.14752999999999999 0.0081899999999999994 0.0082380000000000005 0.0076569999999999997 0.12424499999999998 0.24080200000000002 0.12149699999999999 0.003107 0.0031539999999999997 0.0030389999999999996 0.00068000000000000005 0.00067600000000000006 0.00066399999999999999 2.9925938481312921 2.9925938481312921 2.9925938481312921 0.001192409408824912 0.001192409408824912 0.001192409408824912 1 1 1 Converged Converged Converged OK OK OK 61 61 61 61 61 61 3 3 3 0 0 0 0 1 0 0 1
149 149 linear 4 23 1494 3 0.001 2.0659565295872264 0.56802029881141525 3.4263177060690335e-05 -1.0723840011099839 0.04110543399744316 -1.0723771484745717 0.5 1.8207764173852272 2.9925500801372609 OK 13 12 0.51178000000000001 0.517154 0.14948600000000001 0.35852299999999998 0.26792899999999997 0 0.15325700000000003 0.24922500000000003 0.14948600000000001 0.0081460000000000005 0.008404 0.0076600000000000001 0.126141 0.22132300000000002 0.123319 0.0031550000000000003 0.0033300000000000001 0.0030839999999999999 0.00067200000000000007 0.00067599999999999995 0.00065300000000000004 2.9925500545525048 2.9925500545525048 2.9925500545525048 0.0011924323599161258 0.0011924323599161258 0.0011924323599161258 1 1 1 Converged Converged Converged OK OK OK 61 61 61 61 61 61 3 3 3 0 0 0 0 1 0 0 1
149 149 linear 4 0 1494 0 0.0001 2.0659565295872264 0.56802029881141525 3.4263177060690335e-05 -1.0723840011099839 0.04110543399744316 -1.0723908537453961 0.5 1.8207901226560517 2.992675996854917 OK 13 12 0.58688899999999999 0.58260400000000001 0.185811 0.39706200000000003 0.39587600000000001 0 0.18982699999999997 0.18672800000000001 0.185811 0.0089269999999999992 0.0089720000000000008 0.0086189999999999999 0.15305900000000003 0.15038899999999999 0.14981299999999995 0.0040309999999999999 0.0039519999999999998 0.0038809999999999999 0.00079699999999999997 0.00078199999999999993 0.000794 2.992675971899371 2.992675971899371 2.992675971899371 4.4068585262602026e-05 4.4068585262602026e-05 4.4068585262602026e-05 1 1 1 Converged Converged Converged OK OK OK 77 77 77 77 77 77 3 3 3 0 0 0 0 0 1 0 0
149 149 linear 4 7 1494 1 0.0001 2.0659565295872264 0.56802029881141525 3.4263177060690335e-05 -1.0723840011099839 0.04110543399744316 -1.0723866825760147 0.5 1.8207859514866702 2.9926376710668343 OK 13 12 0.55607399999999996 0.54709099999999999 0.17855299999999999 0.373525 0.23377100000000001 0 0.18254899999999996 0.31331999999999999 0.17855299999999999 0.0081239999999999993 0.0082400000000000008 0.0077130000000000002 0.15023300000000001 0.28094900000000017 0.14718099999999995 0.0039920000000000008 0.0040749999999999996 0.0040290000000000005 0.00078200000000000014 0.00079100000000000004 0.00075799999999999999 2.9926376461209658 2.9926376461209658 2.9926376461209658 4.4068908801947297e-05 4.4068908801947297e-05 4.4068908801947297e-05 1 1 1 Converged Converged Converged OK OK OK 77 77 77 77 77 77 3 3 3 0 0 0 0 1 0 0 1
149 149 linear 4 15 1494 2 0.0001 2.0659565295872264 0.56802029881141525 3.4263177060690335e-05 -1.0723840011099839 0.04110543399744316 -1.0723819155252932 0.5 1.8207811844359487 2.9925938737161233 OK 13 12 0.53658899999999998 0.57196400000000003 0.18057200000000001 0.35114099999999998 0.24676600000000001 0 0.185448 0.32519799999999999 0.18057200000000001 0.0081930000000000006 0.0083409999999999995 0.0077000000000000002 0.15322699999999995 0.29291 0.14954399999999998 0.003875 0.0040010000000000002 0.003859 0.000776 0.0007670000000000001 0.00076399999999999992 2.9925938487570791 2.9925938487570791 2.9925938487570791 4.4069274706219545e-05 4.4069274706219545e-05 4.4069274706219545e-05 1 1 1 Converged Converged Converged OK OK OK 77 77 77 77 77 77 3 3 3 0 0 0 0 1 0 0 1
149 149 linear 4 23 1494 3 0.0001 2.0659565295872264 0.56802029881141525 3.4263177060690335e-05 -1.0723840011099839 0.04110543399744316 -1.0723771484745717 0.5 1.8207764173852272 2.9925500801372609 OK 13 12 0.54585899999999998 0.56696400000000002 0.18097299999999999 0.36032799999999998 0.269067 0 0.185531 0.29789700000000002 0.18097299999999999 0.0082400000000000008 0.0082900000000000005 0.0076839999999999999 0.15351000000000001 0.26574900000000007 0.15005399999999997 0.003967 0.0039589999999999998 0.0038800000000000006 0.00076999999999999996 0.00076900000000000004 0.00077500000000000008 2.9925500551773365 2.9925500551773365 2.9925500551773365 4.4069640734686385e-05 4.4069640734686385e-05 4.4069640734686385e-05 1 1 1 Converged Converged Converged OK OK OK 77 77 77 77 77 77 3 3 3 0 0 0 0 1 0 0 1
149 149 uniform 0 0 1495 0 0.001 2.0659565295872264 0.56802029881141525 3.4263177060690335e-05 -1.0636362213733255 0.052219984219909116 -1.0636430740087377 0 1.8120423429193933 141.45189196428561 OK 14 13 0.47965099999999999 0.479657 0.10478800000000001 0.37371399999999999 0.37401200000000001 0 0.105937 0.10564499999999999 0.10478800000000001 0.011583 0.011653 0.011287 0.076148999999999994 0.076036999999999993 0.07574599999999998 0.002362 0.0023879999999999999 0.002333 0.00067000000000000002 0.00066299999999999996 0.00065399999999999996 141.45176067020193 141.45176067020193 141.45176067020193 0.10817618954100326 0.10817618954100326 0.10817618954100326 1 1 1 Converged Converged Converged OK OK OK 59 59 59 59 59 59 5 5 5 0 0 0 0 0 1 0 0
149 149 uniform 0 7 1495 1 0.001 2.0659565295872264 0.56802029881141525 3.4263177060690335e-05 -1.0636362213733255 0.052219984219909116 -1.0636389028393562 0 1.8120381717500118 159.22479681911943 OK 14 13 0.50604199999999999 0.530725 0.097404000000000004 0.402694 0.29371799999999998 0 0.103348 0.23700700000000002 0.097404000000000004 0.010877 0.010992999999999999 0.010285000000000001 0.077725000000000002 0.21098399999999998 0.072891999999999998 0.002356 0.0024659999999999999 0.0022680000000000001 0.00059099999999999995 0.00056999999999999998 0.00056300000000000002 159.2246634080889 159.2246634080889 159.2246634080889 0.10887425613307934 0.10887425613307934 0.10887425613307934 1 1 1 Converged Converged Converged OK OK OK 59 59 59 59 59 59 5 5 5 0 0 0 0 1 0 0 1
149 149 uniform 0 15 1495 2 0.001 2.0659565295872264 0.56802029881141525 3.4263177060690335e-05 -1.0636362213733255 0.052219984219909116 -1.0636341357886347 0 1.8120334046992903 178.01232486957909 OK 14 13 0.46510000000000001 0.49151299999999998 0.096894999999999995 0.36678100000000002 0.249253 0 0.09831899999999999 0.24225999999999998 0.096894999999999995 0.010812 0.010839 0.010267 0.072886999999999993 0.21657999999999999 0.072468999999999964 0.0023379999999999998 0.0025319999999999995 0.002343 0.00057200000000000003 0.00057400000000000007 0.000562 178.01219662011269 178.01219662011269 178.01219662011269 0.11013845400894659 0.11013845400894659 0.11013845400894659 1 1 1 Converged Converged Converged OK OK OK 59 59 59 59 59 59 5 5 5 0 0 0 0 1 0 0 1
149 149 uniform 0 23 1495 3 0.001 2.0659565295872264 0.56802029881141525 3.4263177060690335e-05 -1.0636362213733255 0.052219984219909116 -1.0636293687379132 0 1.8120286376485688 195.07343890203427 OK 14 13 0.48579600000000001 0.476215 0.105519 0.37906299999999998 0.24304100000000001 0 0.10673300000000002 0.23317399999999999 0.105519 0.010857 0.010825 0.010225 0.08114399999999998 0.20761599999999991 0.080928 0.0024369999999999999 0.0024429999999999999 0.0023899999999999998 0.00056800000000000004 0.00057200000000000003 0.00055800000000000001 195.07332787071826 195.07332787071826 195.07332787071826 0.11190718126090313 0.11190718126090313 0.11190718126090313 1 1 1 Converged Converged Converged OK OK OK 59 59 59 59 59 59 5 5 5 0 0 0 0 1 0 0 1
149 149 uniform 0 0 1495 0 0.0001 2.0659565295872264 0.56802029881141525 3.4263177060690335e-05 -1.0636362213733255 0.052219984219909116 -1.0636430740087377 0 1.8120423429193933 141.45189196428561 OK 14 13 0.49604399999999998 0.49358000000000002 0.118509 0.37260700000000002 0.37439600000000001 0 0.12343699999999996 0.11918400000000001 0.118509 0.013065 0.011564 0.01137 0.088656999999999958 0.08630199999999999 0.086041999999999993 0.0028470000000000006 0.0028060000000000003 0.0026869999999999997 0.00083000000000000001 0.00080800000000000002 0.00079000000000000001 141.45188793420667 141.45188793420667 141.45188793420667 0.0068317279905492738 0.0068317279905492738 0.0068317279905492738 1 1 1 Converged Converged Converged OK OK OK 67 67 67 67 67 67 5 5 5 0 0 0 0 0 1 0 0
149 149 uniform 0 7 1495 1 0.0001 2.0659565295872264 0.56802029881141525 3.4263177060690335e-05 -1.0636362213733255 0.052219984219909116 -1.0636389028393562 0 1.8120381717500118 159.22479681911943 OK 14 13 0.51790000000000003 0.55712899999999999 0.10856200000000001 0.40421400000000002 0.28915099999999999 0 0.11368600000000001 0.26797799999999999 0.10856200000000001 0.010994 0.010954999999999999 0.010305999999999999 0.08543400000000001 0.23963800000000007 0.081553999999999988 0.002722 0.0028660000000000005 0.0027079999999999999 0.00072399999999999993 0.00073999999999999999 0.00068900000000000005 159.2247906744519 159.2247906744519 159.2247906744519 0.0075279171445666003 0.0075279171445666003 0.0075279171445666003 1 1 1 Converged Converged Converged OK OK OK 67 67 67 67 67 67 5 5 5 0 0 0 0 1 0 0 1
149 149 uniform 0 15 1495 2 0.0001 2.0659565295872264 0.56802029881141525 3.4263177060690335e-05 -1.0636362213733255 0.052219984219909116 -1.0636341357886347 0 1.8120334046992903 178.01232486957909 OK 14 13 0.471549 0.51169200000000004 0.107186 0.36318299999999998 0.24993399999999999 0 0.10836600000000002 0.26175800000000005 0.107186 0.010869999999999999 0.010914 0.010175999999999999 0.080534000000000008 0.23356200000000002 0.080383999999999997 0.0027309999999999999 0.0028709999999999999 0.002738 0.00071199999999999996 0.00070199999999999993 0.00068900000000000005 178.01232388917097 178.01232388917097 178.01232388917097 0.0087899693422695442 0.0087899693422695442 0.0087899693422695442 1 1 1 Converged Converged Converged OK OK OK 67 67 67 67 67 67 5 5 5 0 0 0 0 1 0 0 1
149 149 uniform 0 23 1495 3 0.0001 2.0659565295872264 0.56802029881141525 3.4263177060690335e-05 -1.0636362213733255 0.052219984219909116 -1.0636293687379132 0 1.8120286376485688 195.07343890203427 OK 14 13 0.49915300000000001 0.50800599999999996 0.118572 0.374552 0.24008099999999999 0 0.12460100000000002 0.26792499999999997 0.118572 0.010869 0.01091 0.010149 0.096692999999999987 0.23958800000000002 0.091830000000000023 0.0027389999999999997 0.0028449999999999994 0.0027060000000000001 0.00073999999999999999 0.00074199999999999993 0.00070899999999999999 195.07345514247172 195.07345514247172 195.07345514247172 0.010556550823743514 0.010556550823743514 0.010556550823743514 1 1 1 Converged Converged Converged OK OK OK 67 67 67 67 67 67 5 5 5 0 0 0 0 1 0 0 1
149 149 uniform 1 0 1496 0 0.001 2.0659565295872264 0.56802029881141525 3.4263177060690335e-05 -1.0334917227562803 0.17451653806821243 -1.0334985753916925 0 1.7818978443023481 439.83628456872992 OK 14 13 52.482277000000003 52.411161999999997 0.23119999999999999 52.174916000000003 52.111939999999997 0 0.30736100000000022 0.29922200000000032 0.23119999999999999 0.017302000000000001 0.014829999999999999 0.015273999999999999 0.25794100000000009 0.25329399999999996 0.19237899999999999 0.0051190000000000003 0.0050170000000000006 0.0034920000000000003 0.0013500000000000001 0.001305 0.0011330000000000001 439.8358340807992 439.8358340807992 439.8358340807992 0.29823091223823528 0.29823091223823528 0.29823091223823528 1 1 1 Converged Converged Converged OK OK OK 74 74 74 74 74 74 6 6 6 0 0 0 0 0 1 0 0
149 149 uniform 1 7 1496 1 0.001 2.0659565295872264 0.56802029881141525 3.4263177060690335e-05 -1.0334917227562803 0.17451653806821243 -1.0334944042223111 0 1.7818936731329666 380.33222437536551 OK 14 13 55.893645999999997 55.845905000000002 0.21756900000000001 55.634571999999999 55.536565000000003 0 0.25907399999999825 0.30933999999999884 0.21756900000000001 0.016400999999999999 0.014290000000000001 0.012834999999999999 0.22056100000000006 0.27313900000000008 0.18842999999999999 0.0048460000000000005 0.0047119999999999992 0.0027859999999999998 0.0012620000000000001 0.0011969999999999999 0.0009140000000000001 380.3318721363475 380.3318721363475 380.3318721363475 0.28158452795201333 0.28158452795201333 0.28158452795201333 1 1 1 Converged Converged Converged OK OK OK 74 74 74 74 74 74 6 6 6 0 0 0 0 1 0 0 1
149 149 uniform 1 15 1496 2 0.001 2.0659565295872264 0.56802029881141525 3.4263177060690335e-05 -1.0334917227562803 0.17451653806821243 -1.0334896371715896 0 1.7818889060822451 311.89264782127543 OK 14 13 2.5224549999999999 54.302706000000001 0.221333 2.269863 53.940953 0 0.25259199999999993 0.36175300000000021 0.221333 0.016233999999999998 0.014163 0.012697 0.21535200000000002 0.32278400000000007 0.19297399999999987 0.0045230000000000001 0.0049499999999999995 0.002594 0.0012099999999999999 0.0012990000000000002 0.00087800000000000009 311.89235884535123 311.89235884541239 311.89235884535123 0.27016244014809304 0.27016244031215086 0.27016244014809304 1 1 1 Converged Converged Converged OK OK OK 74 74 74 74 74 74 6 6 6 0 0 0 0 1 0 0 1
149 149 uniform 1 23 1496 3 0.001 2.0659565295872264 0.56802029881141525 3.4263177060690335e-05 -1.0334917227562803 0.17451653806821243 -1.0334848701208681 0 1.7818841390315237 242.48886312621337 OK 14 13 0.81960900000000003 0.70251799999999998 0.20225599999999999 0.61199400000000004 0.38773600000000003 0 0.20761499999999999 0.31478199999999995 0.20225599999999999 0.013750999999999999 0.014744 0.012638999999999999 0.17430000000000001 0.27824100000000013 0.17268899999999993 0.0038200000000000005 0.0041810000000000007 0.0028309999999999997 0.001085 0.0012040000000000002 0.00098700000000000003 242.48882345568416 242.48882345613379 242.48882345568416 0.17576889549014291 0.17576889503645377 0.17576889549014291 1 1 1 Converged Converged Converged OK OK OK 74 74 74 74 74 74 6 6 6 0 0 0 0 1 0 0 1
149 149 uniform 1 0 1496 0 0.0001 2.0659565295872264 0.56802029881141525 3.4263177060690335e-05 -1.0334917227562803 0.17451653806821243 -1.0334985753916925 0 1.7818978443023481 439.83628456872992 OK 14 13 52.563226 52.541606000000002 0.28237000000000001 52.226005999999998 52.167963999999998 0 0.33722000000000207 0.3736420000000038 0.28237000000000001 0.01626 0.014968 0.014071999999999999 0.28362100000000007 0.31577899999999992 0.23724100000000001 0.0071370000000000001 0.0068719999999999996 0.0045220000000000008 0.0016029999999999998 0.0016359999999999999 0.001421 439.83629258034722 439.83629258034722 439.83629258034722 0.012839977844599761 0.012839977844599761 0.012839977844599761 1 1 1 Converged Converged Converged OK OK OK 98 98 98 98 98 98 6 6 6 0 0 0 0 0 1 0 0
149 149 uniform 1 7 1496 1 0.0001 2.0659565295872264 0.56802029881141525 3.4263177060690335e-05 -1.0334917227562803 0.17451653806821243 -1.0334944042223111 0 1.7818936731329666 380.33222437536551 OK 14 13 56.061143999999999 56.058999999999997 0.27632499999999999 55.735295000000001 55.589889999999997 0 0.32584899999999806 0.46911000000000058 0.27632499999999999 0.015682999999999999 0.014385999999999999 0.012925000000000001 0.28132199999999991 0.4235850000000001 0.24112999999999993 0.0068169999999999993 0.0068380000000000003 0.0040280000000000003 0.0015699999999999998 0.0017309999999999999 0.001224 380.33221842026006 380.33221842026006 380.33221842026006 0.010260730548000916 0.010260730548000916 0.010260730548000916 1 1 1 Converged Converged Converged OK OK OK 98 98 98 98 98 98 6 6 6 0 0 0 0 1 0 0 1
149 149 uniform 1 15 1496 2 0.0001 2.0659565295872264 0.56802029881141525 3.4263177060690335e-05 -1.0334917227562803 0.17451653806821243 -1.0334896371715896 0 1.7818889060822451 311.89264782127543 OK 14 13 2.5812940000000002 54.322730999999997 0.28314 2.273396 53.934818 0 0.30789800000000023 0.38791299999999751 0.28314 0.015576 0.014009000000000001 0.012777999999999999 0.264735 0.34432300000000005 0.24842499999999992 0.0062679999999999993 0.0069119999999999997 0.0040489999999999996 0.0016180000000000001 0.0015629999999999999 0.001256 311.89263248549878 311.89263248559104 311.89263248549878 0.0072609594814606795 0.007260959654066773 0.0072609594814606795 1 1 1 Converged Converged Converged OK OK OK 98 98 98 98 98 98 6 6 6 0 0 0 0 1 0 0 1
149 149 uniform 1 23 1496 3 0.0001 2.0659565295872264 0.56802029881141525 3.4263177060690335e-05 -1.0334917227562803 0.17451653806821243 -1.0334848701208681 0 1.7818841390315237 242.48886312621337 OK 14 13 0.88982600000000001 0.72851699999999997 0.27626800000000001 0.60674399999999995 0.38270700000000002 0 0.28308200000000006 0.34580999999999995 0.27626800000000001 0.013976000000000001 0.01388 0.012657 0.24406500000000003 0.30632300000000001 0.24182099999999995 0.005535 0.0059360000000000003 0.0040270000000000002 0.0014289999999999999 0.001505 0.0012330000000000002 242.48885214618073 242.48885214642505 242.48885214618073 0.0058977988852070328 0.0058977988045921317 0.0058977988852070328 1 1 1 Converged Converged Converged OK OK OK 98 98 98 98 98 98 6 6 6 0 0 0 0 1 0 0 1
149 149 uniform 2 0 1497 0 0.001 2.0659565295872264 0.56802029881141525 3.4263177060690335e-05 0.63995246832901553 -0.0076754548161262846 0.63994561569360342 0 0.10845365321705214 9.2765002027922829 OK 13 12 0.41118500000000002 0.41567100000000001 0.082732 0.32763399999999998 0.33171400000000001 0 0.083551000000000042 0.083957000000000004 0.082732 0.010059 0.010093 0.0098300000000000002 0.060672999999999998 0.060946999999999994 0.060256999999999991 0.0017290000000000001 0.0017400000000000002 0.0017039999999999998 0.00043599999999999997 0.000435 0.00042700000000000002 9.2764982789569235 9.2764982789569235 9.2764982789569235 0.0047520247990070763 0.0047520247990070763 0.0047520247990070763 1 1 1 Converged Converged Converged OK OK OK 37 37 37 37 37 37 3 3 3 0 0 0 0 0 1 0 0
149 149 uniform 2 7 1497 1 0.001 2.0659565295872264 0.56802029881141525 3.4263177060690335e-05 0.63995246832901553 -0.0076754548161262846 0.63994978686298465 0 0.10844948204767091 9.2773758292952984 OK 13 12 0.49387799999999998 0.38467800000000002 0.083703 0.40887099999999998 0.28821600000000003 0 0.085006999999999999 0.096461999999999992 0.083703 0.0095209999999999999 0.0093860000000000002 0.0088360000000000001 0.063892999999999991 0.075866999999999976 0.063328999999999996 0.001823 0.0017569999999999999 0.001799 0.00042999999999999999 0.00043500000000000006 0.00042400000000000001 9.2773739060891049 9.2773739060891049 9.2773739060891049 0.0047523215428106457 0.0047523215428106457 0.0047523215428106457 1 1 1 Converged Converged Converged OK OK OK 37 37 37 37 37 37 3 3 3 0 0 0 0 1 0 0 1
149 149 uniform 2 15 1497 2 0.001 2.0659565295872264 0.56802029881141525 3.4263177060690335e-05 0.63995246832901553 -0.0076754548161262846 0.63995455391370615 0 0.10844471499694941 9.278376755014607 OK 13 12 0.409493 0.29979600000000001 0.085550000000000001 0.32282699999999998 0.20044899999999999 0 0.086666000000000021 0.099347000000000019 0.085550000000000001 0.0093399999999999993 0.0094850000000000004 0.0088859999999999998 0.065644999999999995 0.078520000000000006 0.065630000000000008 0.0017980000000000001 0.001737 0.0017110000000000001 0.00045899999999999999 0.00042899999999999997 0.00042099999999999999 9.2783748315884029 9.2783748315884029 9.2783748315884029 0.0047526603397425593 0.0047526603397425593 0.0047526603397425593 1 1 1 Converged Converged Converged OK OK OK 37 37 37 37 37 37 3 3 3 0 0 0 0 1 0 0 1
149 149 uniform 2 23 1497 3 0.001 2.0659565295872264 0.56802029881141525 3.4263177060690335e-05 0.63995246832901553 -0.0076754548161262846 0.63995932096442765 0 0.10843994794622791 9.2793779042606133 OK 13 12 0.41361900000000001 0.28210499999999999 0.079973000000000002 0.33248299999999997 0.18907599999999999 0 0.081136000000000041 0.093029000000000001 0.079973000000000002 0.0094179999999999993 0.0094560000000000009 0.0088299999999999993 0.060155 0.072236999999999996 0.060146999999999992 0.0017659999999999998 0.0017470000000000001 0.0017229999999999999 0.00042999999999999999 0.00043100000000000001 0.00042099999999999999 9.2793759795257493 9.2793759795257493 9.2793759795257493 0.0047529992875160023 0.0047529992875160023 0.0047529992875160023 1 1 1 Converged Converged Converged OK OK OK 37 37 37 37 37 37 3 3 3 0 0 0 0 1 0 0 1
149 149 uniform 2 0 1497 0 0.0001 2.0659565295872264 0.56802029881141525 3.4263177060690335e-05 0.63995246832901553 -0.0076754548161262846 0.63994561569360342 0 0.10845365321705214 9.2765002027922829 OK 13 12 0.46990399999999999 0.471248 0.14135500000000001 0.32744499999999999 0.32835599999999998 0 0.142459 0.14289200000000002 0.14135500000000001 0.010257 0.010104 0.0095910000000000006 0.11044600000000003 0.11148999999999995 0.11049400000000002 0.0029220000000000001 0.0029550000000000002 0.0029550000000000002 0.00069700000000000003 0.00071099999999999994 0.00067100000000000016 9.2765001437730419 9.2765001437730419 9.2765001437730419 0.00034732743284364323 0.00034732743284364323 0.00034732743284364323 1 1 1 Converged Converged Converged OK OK OK 61 61 61 61 61 61 3 3 3 0 0 0 0 0 1 0 0
149 149 uniform 2 7 1497 1 0.0001 2.0659565295872264 0.56802029881141525 3.4263177060690335e-05 0.63995246832901553 -0.0076754548161262846 0.63994978686298465 0 0.10844948204767091 9.2773758292952984 OK 13 12 0.54204300000000005 0.43436900000000001 0.13506899999999999 0.40323900000000001 0.28628900000000002 0 0.13880400000000004 0.14807999999999999 0.13506899999999999 0.0095289999999999993 0.0094560000000000009 0.0089720000000000008 0.11030500000000001 0.119905 0.10769699999999997 0.0029710000000000001 0.0030309999999999998 0.0029819999999999998 0.00069700000000000003 0.00070300000000000007 0.000687 9.277375770902589 9.277375770902589 9.277375770902589 0.00034732234921953323 0.00034732234921953323 0.00034732234921953323 1 1 1 Converged Converged Converged OK OK OK 61 61 61 61 61 61 3 3 3 0 0 0 0 1 0 0 1
149 149 uniform 2 15 1497 2 0.0001 2.0659565295872264 0.56802029881141525 3.4263177060690335e-05 0.63995246832901553 -0.0076754548161262846 0.63995455391370615 0 0.10844471499694941 9.278376755014607 OK 13 12 0.46461400000000003 0.36099999999999999 0.14471000000000001 0.31837900000000002 0.202544 0 0.146235 0.15845599999999999 0.14471000000000001 0.0093340000000000003 0.0093989999999999994 0.0088319999999999996 0.117992 0.13047099999999995 0.117548 0.003006 0.003019 0.00298 0.00068000000000000005 0.00070500000000000001 0.00067000000000000013 9.2783766963183467 9.2783766963183467 9.2783766963183467 0.00034731640651461138 0.00034731640651461138 0.00034731640651461138 1 1 1 Converged Converged Converged OK OK OK 61 61 61 61 61 61 3 3 3 0 0 0 0 1 0 0 1
149 149 uniform 2 23 1497 3 0.0001 2.0659565295872264 0.56802029881141525 3.4263177060690335e-05 0.63995246832901553 -0.0076754548161262846 0.63995932096442765 0 0.10843994794622791 9.2793779042606133 OK 13 12 0.46589399999999997 0.332569 0.13199900000000001 0.32675100000000001 0.18729899999999999 0 0.13914299999999996 0.14527000000000001 0.13199900000000001 0.0094179999999999993 0.0094599999999999997 0.0088140000000000007 0.11084700000000001 0.117358 0.10502099999999999 0.0030070000000000001 0.0029849999999999998 0.0029330000000000003 0.00070799999999999997 0.000687 0.00067000000000000002 9.2793778441989812 9.2793778441989812 9.2793778441989812 0.00034731067389625269 0.00034731067389625269 0.00034731067389625269 1 1 1 Converged Converged Converged OK OK OK 61 61 61 61 61 61 3 3 3 0 0 0 0 1 0 0 1
149 149 uniform 3 0 1498 0 0.001 2.0659565295872264 0.56802029881141525 3.4263177060690335e-05 -1.021483071495743 0.15595629243245035 -1.0214899241311552 0 1.7698891930418108 128.84407395160156 OK 15 14 0.58042899999999997 0.57932300000000003 0.13700300000000001 0.439054 0.440743 0 0.14137499999999997 0.13858000000000004 0.13700300000000001 0.019210000000000001 0.016152 0.015643000000000001 0.097293999999999978 0.097561000000000009 0.096746000000000026 0.0033260000000000004 0.0033470000000000001 0.0032910000000000001 0.00074500000000000011 0.00077700000000000002 0.00074700000000000005 128.84406615721323 128.84406615721323 128.84406615721323 0.078694997710556783 0.078694997710556783 0.078694997710556783 1 1 1 Converged Converged Converged OK OK OK 67 67 67 67 67 67 5 5 5 0 0 0 0 0 1 0 0
149 149 uniform 3 7 1498 1 0.001 2.0659565295872264 0.56802029881141525 3.4263177060690335e-05 -1.021483071495743 0.15595629243245035 -1.0214857529617738 0 1.7698850218724294 133.83466701881858 OK 15 14 0.53412499999999996 0.60005600000000003 0.126694 0.40531699999999998 0.30853900000000001 0 0.12880799999999998 0.29151700000000003 0.126694 0.015332999999999999 0.015207999999999999 0.014461 0.092875999999999986 0.25547200000000003 0.092096999999999984 0.003287 0.0033359999999999996 0.003271 0.0007310000000000001 0.00073800000000000005 0.00071800000000000011 133.83465857370493 133.83465857370493 133.83465857370493 0.088557282184593716 0.088557282184593716 0.088557282184593716 1 1 1 Converged Converged Converged OK OK OK 67 67 67 67 67 67 5 5 5 0 0 0 0 1 0 0 1
149 149 uniform 3 15 1498 2 0.001 2.0659565295872264 0.56802029881141525 3.4263177060690335e-05 -1.021483071495743 0.15595629243245035 -1.0214809859110523 0 1.7698802548217079 140.56556393553268 OK 15 14 0.56259599999999998 0.64429899999999996 0.125615 0.43554399999999999 0.33950200000000003 0 0.127052 0.30479699999999993 0.125615 0.015209 0.015434 0.014415000000000001 0.091370000000000021 0.26822900000000005 0.091081999999999969 0.0032260000000000006 0.003349 0.0032219999999999996 0.00079799999999999999 0.00079299999999999998 0.00081999999999999998 140.56555390200054 140.56555390200054 140.56555390200054 0.10378258519547644 0.10378258519547644 0.10378258519547644 1 1 1 Converged Converged Converged OK OK OK 67 67 67 67 67 67 5 5 5 0 0 0 0 1 0 0 1
149 149 uniform 3 23 1498 3 0.001 2.0659565295872264 0.56802029881141525 3.4263177060690335e-05 -1.021483071495743 0.15595629243245035 -1.0214762188603308 0 1.7698754877709864 148.90265344314608 OK 15 14 0.53169 0.59767599999999999 0.122033 0.40715800000000002 0.29102 0 0.12453199999999998 0.30665599999999998 0.122033 0.015254999999999999 0.015436999999999999 0.014429000000000001 0.088633000000000017 0.27015600000000001 0.087865999999999972 0.0032200000000000002 0.0034409999999999996 0.0031930000000000001 0.00075000000000000002 0.00074600000000000003 0.00070799999999999997 148.90263886135816 148.90263886135816 148.90263886135816 0.1263781148401196 0.1263781148401196 0.1263781148401196 1 1 1 Converged Converged Converged OK OK OK 67 67 67 67 67 67 5 5 5 0 0 0 0 1 0 0 1
149 149 uniform 3 0 1498 0 0.0001 2.0659565295872264 0.56802029881141525 3.4263177060690335e-05 -1.021483071495743 0.15595629243245035 -1.0214899241311552 0 1.7698891930418108 128.84407395160156 OK 15 14 0.62433099999999997 0.62663400000000002 0.18410799999999999 0.439693 0.43876300000000001 0 0.18463799999999997 0.18787100000000001 0.18410799999999999 0.015973000000000001 0.01601 0.015762000000000002 0.13156400000000004 0.13496499999999995 0.13175100000000003 0.0049019999999999992 0.005006 0.0049730000000000009 0.0010350000000000001 0.001041 0.0010070000000000001 128.84406614088829 128.84406614088829 128.84406614088829 0.0060879590645812652 0.0060879590645812652 0.0060879590645812652 1 1 1 Converged Converged Converged OK OK OK 99 99 99 99 99 99 5 5 5 0 0 0 0 0 1 0 0
149 149 uniform 3 7 1498 1 0.0001 2.0659565295872264 0.56802029881141525 3.4263177060690335e-05 -1.021483071495743 0.15595629243245035 -1.0214857529617738 0 1.7698850218724294 133.83466701881858 OK 15 14 0.57851300000000005 0.78267799999999998 0.17097300000000001 0.40304800000000002 0.31873699999999999 0 0.17546500000000004 0.46394099999999999 0.17097300000000001 0.017766000000000001 0.01652 0.014534999999999999 0.12723099999999993 0.41345099999999996 0.12659599999999996 0.0050430000000000006 0.0051909999999999994 0.004934 0.00098999999999999999 0.001018 0.00097900000000000005 133.83465855054979 133.83465855054979 133.83465855054979 0.0060875970314788396 0.0060875970314788396 0.0060875970314788396 1 1 1 Converged Converged Converged OK OK OK 99 99 99 99 99 99 5 5 5 0 0 0 0 1 0 0 1
149 149 uniform 3 15 1498 2 0.0001 2.0659565295872264 0.56802029881141525 3.4263177060690335e-05 -1.021483071495743 0.15595629243245035 -1.0214809859110523 0 1.7698802548217079 140.56556393553268 OK 15 14 0.60259799999999997 0.79183999999999999 0.17080100000000001 0.42901600000000001 0.34432499999999999 0 0.17358199999999996 0.447515 0.17080100000000001 0.015278999999999999 0.015348000000000001 0.014576 0.12781000000000001 0.40120100000000003 0.12651900000000005 0.0049090000000000002 0.005071 0.0049509999999999997 0.0010350000000000001 0.0010250000000000001 0.0010020000000000001 140.56555386443921 140.56555386443921 140.56555386443921 0.0060871995411754037 0.0060871995411754037 0.0060871995411754037 1 1 1 Converged Converged Converged OK OK OK 99 99 99 99 99 99 5 5 5 0 0 0 0 1 0 0 1
149 149 uniform 3 23 1498 3 0.0001 2.0659565295872264 0.56802029881141525 3.4263177060690335e-05 -1.021483071495743 0.15595629243245035 -1.0214762188603308 0 1.7698754877709864 148.90265344314608 OK 15 14 0.58191499999999996 0.74795199999999995 0.171491 0.41154200000000002 0.2908 0 0.17037299999999994 0.45715199999999995 0.171491 0.015258000000000001 0.015363 0.014409 0.12442499999999997 0.41109500000000004 0.12748400000000004 0.0052469999999999999 0.0051630000000000001 0.0048690000000000001 0.0010090000000000001 0.0010089999999999999 0.00097499999999999996 148.90263879750822 148.90263879750822 148.90263879750822 0.0060868752632833711 0.0060868752632833711 0.0060868752632833711 1 1 1 Converged Converged Converged OK OK OK 99 99 99 99 99 99 5 5 5 0 0 0 0 1 0 0 1
149 149 uniform 4 0 1499 0 0.001 2.0659565295872264 0.56802029881141525 3.4263177060690335e-05 -1.0723840011099839 0.04110543399744316 -1.0723908537453961 0 1.8207901226560517 2.9926759968648504 OK 13 12 0.471696 0.47778500000000002 0.078978999999999994 0.391818 0.39685199999999998 0 0.079878000000000005 0.080933000000000033 0.078978999999999994 0.0089250000000000006 0.0089269999999999992 0.0085679999999999992 0.054822999999999997 0.055486999999999988 0.054706999999999978 0.002196 0.0024339999999999995 0.002153 0.00054900000000000001 0.00056099999999999998 0.000544 2.9926759772968943 2.9926759772968943 2.9926759772968943 0.0010539796463871962 0.0010539796463871962 0.0010539796463871962 1 1 1 Converged Converged Converged OK OK OK 45 45 45 45 45 45 3 3 3 0 0 0 0 0 1 0 0
149 149 uniform 4 7 1499 1 0.001 2.0659565295872264 0.56802029881141525 3.4263177060690335e-05 -1.0723840011099839 0.04110543399744316 -1.0723866825760147 0 1.8207859514866702 2.9926376710709968 OK 13 12 0.450131 0.381749 0.079167000000000001 0.369647 0.23078899999999999 0 0.080484 0.15096000000000001 0.079167000000000001 0.0081720000000000004 0.0083339999999999994 0.0076559999999999996 0.058269000000000008 0.12837599999999999 0.057994999999999998 0.0021449999999999998 0.0022799999999999999 0.0021819999999999999 0.00053700000000000004 0.00057899999999999998 0.000531 2.9926376515156572 2.9926376515156572 2.9926376515156572 0.0010539661515468382 0.0010539661515468382 0.0010539661515468382 1 1 1 Converged Converged Converged OK OK OK 45 45 45 45 45 45 3 3 3 0 0 0 0 1 0 0 1
149 149 uniform 4 15 1499 2 0.001 2.0659565295872264 0.56802029881141525 3.4263177060690335e-05 -1.0723840011099839 0.04110543399744316 -1.0723819155252932 0 1.8207811844359487 2.9925938737165252 OK 13 12 0.43012699999999998 0.39441300000000001 0.078869999999999996 0.349775 0.249143 0 0.080351999999999979 0.14527000000000001 0.078869999999999996 0.0081370000000000001 0.0081440000000000002 0.0077140000000000004 0.058247000000000007 0.123179 0.057611999999999997 0.0021810000000000002 0.0022030000000000001 0.00214 0.00053899999999999998 0.00055600000000000007 0.00052700000000000002 2.9925938541520898 2.9925938541520898 2.9925938541520898 0.0010539507226117479 0.0010539507226117479 0.0010539507226117479 1 1 1 Converged Converged Converged OK OK OK 45 45 45 45 45 45 3 3 3 0 0 0 0 1 0 0 1
149 149 uniform 4 23 1499 3 0.001 2.0659565295872264 0.56802029881141525 3.4263177060690335e-05 -1.0723840011099839 0.04110543399744316 -1.0723771484745717 0 1.8207764173852272 2.9925500801389835 OK 13 12 0.44126500000000002 0.40432099999999999 0.081388000000000002 0.35844199999999998 0.266822 0 0.082823000000000035 0.13749899999999998 0.081388000000000002 0.0082209999999999991 0.0083119999999999999 0.007646 0.060504999999999989 0.11531399999999999 0.06012 0.0022209999999999999 0.0022760000000000002 0.0022369999999999998 0.00054100000000000003 0.000553 0.000531 2.9925500605743824 2.9925500605743824 2.9925500605743824 0.0010539353063450285 0.0010539353063450285 0.0010539353063450285 1 1 1 Converged Converged Converged OK OK OK 45 45 45 45 45 45 3 3 3 0 0 0 0 1 0 0 1
149 149 uniform 4 0 1499 0 0.0001 2.0659565295872264 0.56802029881141525 3.4263177060690335e-05 -1.0723840011099839 0.04110543399744316 -1.0723908537453961 0 1.8207901226560517 2.9926759968648504 OK 13 12 0.49488300000000002 0.49521599999999999 0.10047499999999999 0.39319799999999999 0.393789 0 0.10168500000000003 0.10142699999999999 0.10047499999999999 0.0088599999999999998 0.0091120000000000003 0.0085810000000000001 0.070914000000000046 0.070861000000000007 0.070571000000000023 0.0030329999999999997 0.0030130000000000001 0.00298 0.00067500000000000004 0.00066300000000000007 0.00068999999999999986 2.992675977313183 2.992675977313183 2.992675977313183 0.00024851719556289158 0.00024851719556289158 0.00024851719556289158 1 1 1 Converged Converged Converged OK OK OK 61 61 61 61 61 61 3 3 3 0 0 0 0 0 1 0 0
149 149 uniform 4 7 1499 1 0.0001 2.0659565295872264 0.56802029881141525 3.4263177060690335e-05 -1.0723840011099839 0.04110543399744316 -1.0723866825760147 0 1.8207859514866702 2.9926376710709968 OK 13 12 0.471109 0.44373899999999999 0.098487000000000005 0.370778 0.23191999999999999 0 0.100331 0.21181900000000001 0.098487000000000005 0.0082550000000000002 0.0083459999999999993 0.0076639999999999998 0.073037999999999992 0.18415400000000001 0.072515999999999997 0.0030100000000000005 0.0031209999999999996 0.0029749999999999998 0.00066300000000000007 0.00066399999999999999 0.00064400000000000004 2.9926376515321835 2.9926376515321835 2.9926376515321835 0.0002485213803998321 0.0002485213803998321 0.0002485213803998321 1 1 1 Converged Converged Converged OK OK OK 61 61 61 61 61 61 3 3 3 0 0 0 0 1 0 0 1
149 149 uniform 4 15 1499 2 0.0001 2.0659565295872264 0.56802029881141525 3.4263177060690335e-05 -1.0723840011099839 0.04110543399744316 -1.0723819155252932 0 1.8207811844359487 2.9925938737165252 OK 13 12 0.44681100000000001 0.46194000000000002 0.097914000000000001 0.34690900000000002 0.247749 0 0.099901999999999991 0.21419100000000002 0.097914000000000001 0.0080979999999999993 0.0082570000000000005 0.0076670000000000002 0.072810000000000027 0.18681299999999998 0.071973000000000023 0.0031089999999999998 0.0030759999999999997 0.0029480000000000001 0.00066699999999999995 0.00068500000000000006 0.00064800000000000003 2.9925938541697725 2.9925938541697725 2.9925938541697725 0.00024852616935934117 0.00024852616935934117 0.00024852616935934117 1 1 1 Converged Converged Converged OK OK OK 61 61 61 61 61 61 3 3 3 0 0 0 0 1 0 0 1
149 149 uniform 4 23 1499 3 0.0001 2.0659565295872264 0.56802029881141525 3.4263177060690335e-05 -1.0723840011099839 0.04110543399744316 -1.0723771484745717 0 1.8207764173852272 2.9925500801389835 OK 13 12 0.46291599999999999 0.46255400000000002 0.100005 0.35725499999999999 0.26681500000000002 0 0.105661 0.195739 0.100005 0.0081419999999999999 0.008345 0.0076839999999999999 0.078727000000000005 0.168354 0.074116000000000015 0.0030119999999999999 0.0030999999999999995 0.0030149999999999999 0.00065800000000000006 0.00066600000000000003 0.00065200000000000002 2.9925500605905317 2.9925500605905317 2.9925500605905317 0.00024853095210888133 0.00024853095210888133 0.00024853095210888133 1 1 1 Converged Converged Converged OK OK OK 61 61 61 61 61 61 3 3 3 0 0 0 0 1 0 0 1
150 150 linear 0 0 1500 0 0.001 0.38244494986411987 0.087975062965978221 0.086826090451780177 0.022175293292154022 0.0028333733150467406 0.004810075201797985 0.5 0.026114915352299352 24.505406402530408 OK 14 13 0.69612499999999999 0.69127400000000006 0.33162799999999998 0.35353000000000001 0.36142600000000003 0 0.34259499999999998 0.32984800000000003 0.33162799999999998 0.009443 0.0094050000000000002 0.0097689999999999999 0.2977209999999999 0.28592400000000001 0.28639500000000023 0.0065880000000000001 0.0059839999999999997 0.0066739999999999994 0.0011800000000000001 0.0011410000000000001 0.001235 24.505093610945121 24.505093610945121 24.505093610945121 0.0066988767178491303 0.0066988767178491303 0.0066988767178491303 1 1 1 Converged Converged Converged OK OK OK 121 121 121 121 121 121 7 7 7 0 0 0 0 0 1 0 0
150 150 linear 0 7 1500 1 0.001 0.38244494986411987 0.087975062965978221 0.086826090451780177 0.022175293292154022 0.0028333733150467406 0.015380207952449487 0.5 0.01554478260164785 24.248765200712999 OK 13 12 0.644482 0.55626100000000001 0.30274000000000001 0.32694600000000001 0.24403 0 0.31753599999999998 0.31223100000000004 0.30274000000000001 0.0082450000000000006 0.0082520000000000007 0.0076600000000000001 0.28059200000000012 0.27626900000000015 0.26892299999999991 0.0072350000000000001 0.0065420000000000001 0.0060509999999999991 0.0010319999999999999 0.0010420000000000002 0.00098700000000000003 24.248715537717167 24.248715537717167 24.248715537717167 0.0072911275725302486 0.0072911275725302486 0.0072911275725302486 1 1 1 Converged Converged Converged OK OK OK 114 114 114 114 114 114 6 6 6 0 0 0 0 1 0 0 1
150 150 linear 0 15 1500 2 0.001 0.38244494986411987 0.087975062965978221 0.086826090451780177 0.022175293292154022 0.0028333733150467406 0.027460359667479773 0.5 0.0034646308866175639 23.62462790732382 OK 13 12 0.56591100000000005 0.46998800000000002 0.300732 0.25243599999999999 0.157273 0 0.31347500000000006 0.31271500000000002 0.300732 0.0078899999999999994 0.0081460000000000005 0.0072240000000000004 0.27774799999999999 0.276032 0.26794700000000005 0.0067070000000000003 0.0071730000000000006 0.005731 0.0010040000000000001 0.0011119999999999999 0.00098299999999999993 23.624658793885839 23.624658793885839 23.624658793885839 0.007291333339122354 0.007291333339122354 0.007291333339122354 1 1 1 Converged Converged Converged OK OK OK 114 114 114 114 114 114 6 6 6 0 0 0 0 1 0 0 1
150 150 linear 0 23 1500 3 0.001 0.38244494986411987 0.087975062965978221 0.086826090451780177 0.022175293292154022 0.0028333733150467406 0.039540511382510059 0.5 -0.0086155208284127219 22.635499507895378 OK 12 12 0.49241299999999999 0.40201700000000001 0.24732100000000001 0.232902 0.147424 0 0.25951099999999999 0.25459300000000001 0.24732100000000001 0.0077079999999999996 0.007816 0.007064 0.22519500000000012 0.22058899999999992 0.215693 0.0065519999999999997 0.0064679999999999998 0.005646 0.0010480000000000001 0.0010560000000000001 0.0010860000000000002 22.635561316586625 22.635561316586625 22.635561316586625 0.0072970827130198895 0.0072970827130198895 0.0072970827130198895 1 1 1 Converged Converged Converged OK OK OK 107 107 107 107 107 107 5 5 5 0 0 0 0 1 0 0 1
150 150 linear 0 0 1500 0 0.0001 0.38244494986411987 0.087975062965978221 0.086826090451780177 0.022175293292154022 0.0028333733150467406 0.004810075201797985 0.5 0.026114915352299352 24.505406402530408 OK 14 13 0.89921399999999996 0.88105900000000004 0.53517700000000001 0.362479 0.35534900000000003 0 0.53673499999999996 0.52571000000000001 0.53517700000000001 0.009469 0.0096489999999999996 0.010900999999999999 0.46420899999999987 0.45144699999999988 0.46174100000000007 0.015987999999999999 0.016552000000000001 0.015935999999999999 0.001521 0.0016330000000000003 0.0015089999999999999 24.505088520998203 24.505088520998203 24.505088520998203 0.0015848782331938269 0.0015848782331938269 0.0015848782331938269 1 1 1 Converged Converged Converged OK OK OK 201 201 201 201 201 201 7 7 7 0 0 0 0 0 1 0 0
150 150 linear 0 7 1500 1 0.0001 0.38244494986411987 0.087975062965978221 0.086826090451780177 0.022175293292154022 0.0028333733150467406 0.015380207952449487 0.5 0.01554478260164785 24.248765200712999 OK 13 12 0.83425000000000005 0.74360000000000004 0.48572599999999999 0.33266499999999999 0.24884300000000001 0 0.50158500000000006 0.494757 0.48572599999999999 0.0084530000000000004 0.0083099999999999997 0.0075500000000000003 0.44287300000000029 0.43484299999999992 0.42894100000000002 0.015277000000000001 0.016301 0.015232000000000001 0.0013290000000000001 0.0013760000000000001 0.0012749999999999999 24.248718190102789 24.248718190102789 24.248718190102789 0.0021831303334040558 0.0021831303334040558 0.0021831303334040558 1 1 1 Converged Converged Converged OK OK OK 194 194 194 194 194 194 6 6 6 0 0 0 0 1 0 0 1
150 150 linear 0 15 1500 2 0.0001 0.38244494986411987 0.087975062965978221 0.086826090451780177 0.022175293292154022 0.0028333733150467406 0.027460359667479773 0.5 0.0034646308866175639 23.62462790732382 OK 13 12 0.75672499999999998 0.65257200000000004 0.48901600000000001 0.24837100000000001 0.15742400000000001 0 0.50835399999999997 0.49514800000000003 0.48901600000000001 0.0078810000000000009 0.0079389999999999999 0.0072170000000000003 0.44908399999999998 0.43686500000000028 0.43306499999999964 0.016421999999999999 0.015866999999999999 0.015189999999999999 0.0013220000000000003 0.001245 0.0012160000000000001 23.624670545018894 23.624670545018894 23.624670545018894 0.0021845508721562729 0.0021845508721562729 0.0021845508721562729 1 1 1 Converged Converged Converged OK OK OK 194 194 194 194 194 194 6 6 6 0 0 0 0 1 0 0 1
150 150 linear 0 23 1500 3 0.0001 0.38244494986411987 0.087975062965978221 0.086826090451780177 0.022175293292154022 0.0028333733150467406 0.039540511382510059 0.5 -0.0086155208284127219 22.635499507895378 OK 12 12 0.67682399999999998 0.60253500000000004 0.42948599999999998 0.22727600000000001 0.153722 0 0.44954799999999995 0.44881300000000002 0.42948599999999998 0.0078110000000000002 0.0080940000000000005 0.0071040000000000001 0.39358300000000018 0.38862500000000033 0.37531600000000009 0.015081999999999998 0.017075 0.014508999999999999 0.0011900000000000001 0.0013260000000000001 0.0012689999999999999 22.63558244881315 22.63558244881315 22.63558244881315 0.0021847033507797473 0.0021847033507797473 0.0021847033507797473 1 1 1 Converged Converged Converged OK OK OK 187 187 187 187 187 187 5 5 5 0 0 0 0 1 0 0 1
150 150 linear 1 0 1501 0 0.001 0.38244494986411987 0.087975062965978221 0.086826090451780177 1.8140486793096811 -1.3225717506923103 1.796683461219325 0.5 -1.7657584706652276 1.1833726034247571 OK 12 11 0.34906700000000002 0.34551599999999999 0.116605 0.22985 0.22683700000000001 0 0.11921700000000002 0.11867899999999998 0.116605 0.0067660000000000003 0.0070130000000000001 0.0066280000000000002 0.090503999999999987 0.088583000000000023 0.08813600000000002 0.0029840000000000001 0.0034130000000000002 0.0031489999999999999 0.00074899999999999999 0.00084500000000000005 0.000718 1.1833737385770171 1.1833737385770171 1.1833737385770171 0.0004684676163242446 0.0004684676163242446 0.0004684676163242446 1 1 1 Converged Converged Converged OK OK OK 74 74 74 74 74 74 6 6 6 0 0 0 0 0 1 0 0
150 150 linear 1 7 1501 1 0.001 0.38244494986411987 0.087975062965978221 0.086826090451780177 1.8140486793096811 -1.3225717506923103 1.8072535939699765 0.5 -1.7763286034158792 1.1962965269221848 OK 12 11 0.35788399999999998 0.26982299999999998 0.110085 0.24437800000000001 0.14446100000000001 0 0.11350599999999997 0.12536199999999997 0.110085 0.0058500000000000002 0.0058760000000000001 0.0055360000000000001 0.089348999999999984 0.10123900000000002 0.086872999999999978 0.003186 0.0031689999999999999 0.0030829999999999998 0.00070600000000000003 0.00076800000000000002 0.00070699999999999995 1.1962978137575162 1.1962978137575162 1.1962978137575162 0.0002291840567081763 0.0002291840567081763 0.0002291840567081763 1 1 1 Converged Converged Converged OK OK OK 74 74 74 74 74 74 6 6 6 0 0 0 0 1 0 0 1
150 150 linear 1 15 1501 2 0.001 0.38244494986411987 0.087975062965978221 0.086826090451780177 1.8140486793096811 -1.3225717506923103 1.8193337456850067 0.5 -1.7884087551309094 1.2073430725435572 OK 12 11 0.33921699999999999 0.253639 0.10628700000000001 0.22933300000000001 0.13420799999999999 0 0.10988399999999998 0.11943100000000001 0.10628700000000001 0.0059389999999999998 0.0059049999999999997 0.0054990000000000004 0.087314999999999976 0.097521000000000038 0.084905000000000008 0.0029049999999999996 0.0028219999999999999 0.0027300000000000002 0.00057800000000000006 0.00056900000000000006 0.00059500000000000004 1.2073463348172209 1.2073463348172209 1.2073463348172209 0.0011727637898220037 0.0011727637898220037 0.0011727637898220037 1 1 1 Converged Converged Converged OK OK OK 66 66 66 66 66 66 6 6 6 0 0 0 0 1 0 0 1
150 150 linear 1 23 1501 3 0.001 0.38244494986411987 0.087975062965978221 0.086826090451780177 1.8140486793096811 -1.3225717506923103 1.8314138974000371 0.5 -1.8004889068459398 1.2150965758296279 OK 12 11 0.35178999999999999 0.262212 0.107145 0.23953199999999999 0.13647400000000001 0 0.112258 0.12573799999999999 0.107145 0.0060219999999999996 0.0059090000000000002 0.0053920000000000001 0.087294000000000024 0.10180799999999995 0.084511000000000031 0.0036100000000000004 0.0032729999999999999 0.0030180000000000003 0.00076799999999999991 0.000736 0.0007400000000000001 1.2150980380363849 1.2150980380363849 1.2150980380363849 8.1030870858451963e-05 8.1030870858451963e-05 8.1030870858451963e-05 1 1 1 Converged Converged Converged OK OK OK 74 74 74 74 74 74 6 6 6 0 0 0 0 1 0 0 1
150 150 linear 1 0 1501 0 0.0001 0.38244494986411987 0.087975062965978221 0.086826090451780177 1.8140486793096811 -1.3225717506923103 1.796683461219325 0.5 -1.7657584706652276 1.1833726034247571 OK 12 11 0.35532900000000001 0.35209200000000002 0.126969 0.22439400000000001 0.22392599999999999 0 0.130935 0.12816600000000003 0.126969 0.0069699999999999996 0.0067549999999999997 0.0064330000000000003 0.098298999999999997 0.096311000000000063 0.096080999999999986 0.0036259999999999999 0.0035160000000000005 0.0032619999999999997 0.00093900000000000006 0.00090100000000000011 0.00084599999999999996 1.1833732167552709 1.1833732167552709 1.1833732167552709 3.8114663745855588e-05 3.8114663745855588e-05 3.8114663745855588e-05 1 1 1 Converged Converged Converged OK OK OK 82 82 82 82 82 82 6 6 6 0 0 0 0 0 1 0 0
150 150 linear 1 7 1501 1 0.0001 0.38244494986411987 0.087975062965978221 0.086826090451780177 1.8140486793096811 -1.3225717506923103 1.8072535939699765 0.5 -1.7763286034158792 1.1962965269221848 OK 12 11 0.364755 0.28386800000000001 0.119296 0.24243999999999999 0.14078299999999999 0 0.12231500000000001 0.14308500000000002 0.119296 0.0059719999999999999 0.0059540000000000001 0.005594 0.096908999999999981 0.11715300000000003 0.094428000000000026 0.0032619999999999997 0.0034869999999999996 0.0032949999999999998 0.00079599999999999994 0.00087000000000000001 0.00087800000000000009 1.1962974644620881 1.1962974644620881 1.1962974644620881 2.0572897764358668e-05 2.0572897764358668e-05 2.0572897764358668e-05 1 1 1 Converged Converged Converged OK OK OK 82 82 82 82 82 82 6 6 6 0 0 0 0 1 0 0 1
150 150 linear 1 15 1501 2 0.0001 0.38244494986411987 0.087975062965978221 0.086826090451780177 1.8140486793096811 -1.3225717506923103 1.8193337456850067 0.5 -1.7884087551309094 1.2073430725435572 OK 12 11 0.35086400000000001 0.258714 0.11766699999999999 0.22687099999999999 0.12615999999999999 0 0.12399300000000002 0.13255400000000001 0.11766699999999999 0.0060150000000000004 0.0059179999999999996 0.0054140000000000004 0.099282999999999982 0.108404 0.094731999999999969 0.0031900000000000001 0.003228 0.0029970000000000001 0.00074200000000000004 0.00073799999999999994 0.00070699999999999995 1.2073441031835677 1.2073441031835677 1.2073441031835677 0.00010071682224013519 0.00010071682224013519 0.00010071682224013519 1 1 1 Converged Converged Converged OK OK OK 74 74 74 74 74 74 6 6 6 0 0 0 0 1 0 0 1
150 150 linear 1 23 1501 3 0.0001 0.38244494986411987 0.087975062965978221 0.086826090451780177 1.8140486793096811 -1.3225717506923103 1.8314138974000371 0.5 -1.8004889068459398 1.2150965758296279 OK 12 11 0.34568599999999999 0.258662 0.107194 0.234676 0.13347200000000001 0 0.11101 0.12519 0.107194 0.0059379999999999997 0.0058760000000000001 0.0054299999999999999 0.086956000000000047 0.10143000000000002 0.084469999999999948 0.0032309999999999995 0.0031560000000000004 0.0029810000000000001 0.000745 0.00075799999999999999 0.000736 1.2150980380363849 1.2150980380363849 1.2150980380363849 8.1030870858451963e-05 8.1030870858451963e-05 8.1030870858451963e-05 1 1 1 Converged Converged Converged OK OK OK 74 74 74 74 74 74 6 6 6 0 0 0 0 1 0 0 1
150 150 linear 2 0 1502 0 0.001 0.38244494986411987 0.087975062965978221 0.086826090451780177 1.8772091655634382 -1.4176237338512372 1.8598439474730821 0.5 -1.8289189569189848 1.1156683119870001 OK 13 12 0.34764099999999998 0.34979700000000002 0.1124 0.235952 0.23644499999999999 0 0.11168899999999998 0.11335200000000004 0.1124 0.0090760000000000007 0.0089210000000000001 0.0086239999999999997 0.080242000000000036 0.078547000000000047 0.081854999999999997 0.0032670000000000004 0.0032730000000000003 0.0030899999999999999 0.00073999999999999999 0.00071699999999999997 0.00069000000000000008 1.115667299643021 1.115667299643021 1.115667299643021 0.00013908182294638188 0.00013908182294638188 0.00013908182294638188 1 1 1 Converged Converged Converged OK OK OK 68 68 68 68 68 68 4 4 4 0 0 0 0 0 1 0 0
150 150 linear 2 7 1502 1 0.001 0.38244494986411987 0.087975062965978221 0.086826090451780177 1.8772091655634382 -1.4176237338512372 1.8704140802237337 0.5 -1.8394890896696363 1.1160850154132003 OK 13 12 0.35656500000000002 0.27095000000000002 0.107673 0.24177899999999999 0.138241 0 0.11478600000000003 0.13270900000000002 0.107673 0.0085339999999999999 0.0085780000000000006 0.0081150000000000007 0.087655999999999998 0.10509899999999996 0.081335999999999992 0.0031129999999999999 0.0033750000000000004 0.0031060000000000003 0.00069699999999999992 0.00070800000000000008 0.00068100000000000007 1.1160840463462756 1.1160840463462756 1.1160840463462756 0.00013912867078267303 0.00013912867078267303 0.00013912867078267303 1 1 1 Converged Converged Converged OK OK OK 68 68 68 68 68 68 4 4 4 0 0 0 0 1 0 0 1
150 150 linear 2 15 1502 2 0.001 0.38244494986411987 0.087975062965978221 0.086826090451780177 1.8772091655634382 -1.4176237338512372 1.8824942319387639 0.5 -1.8515692413846665 1.1148643157284297 OK 13 12 0.36192400000000002 0.27495700000000001 0.10838200000000001 0.25000699999999998 0.14992 0 0.11191700000000004 0.12503700000000001 0.10838200000000001 0.0084580000000000002 0.0085210000000000008 0.0080829999999999999 0.084305999999999992 0.097729000000000024 0.082099000000000005 0.0033569999999999997 0.0033289999999999995 0.0031229999999999999 0.00072000000000000005 0.00071200000000000007 0.00068100000000000007 1.1148633064470335 1.1148633064470335 1.1148633064470335 0.00014140170143596257 0.00014140170143596257 0.00014140170143596257 1 1 1 Converged Converged Converged OK OK OK 68 68 68 68 68 68 4 4 4 0 0 0 0 1 0 0 1
150 150 linear 2 23 1502 3 0.001 0.38244494986411987 0.087975062965978221 0.086826090451780177 1.8772091655634382 -1.4176237338512372 1.8945743836537943 0.5 -1.8636493930996969 1.1118519048837465 OK 13 12 0.35131099999999998 0.26582499999999998 0.105727 0.24238699999999999 0.14314399999999999 0 0.10892399999999999 0.12268099999999998 0.105727 0.0084779999999999994 0.0085550000000000001 0.0080140000000000003 0.081657000000000007 0.095594999999999972 0.079759999999999998 0.003287 0.003199 0.0030379999999999999 0.00071699999999999997 0.00068999999999999997 0.00068999999999999997 1.1118510400452373 1.1118510400452373 1.1118510400452373 0.00015003554282879046 0.00015003554282879046 0.00015003554282879046 1 1 1 Converged Converged Converged OK OK OK 68 68 68 68 68 68 4 4 4 0 0 0 0 1 0 0 1
150 150 linear 2 0 1502 0 0.0001 0.38244494986411987 0.087975062965978221 0.086826090451780177 1.8772091655634382 -1.4176237338512372 1.8598439474730821 0.5 -1.8289189569189848 1.1156683119870001 OK 13 12 0.37285400000000002 0.37076799999999999 0.132273 0.23821200000000001 0.23847699999999999 0 0.13464200000000001 0.13229099999999999 0.132273 0.0089960000000000005 0.008992 0.0087290000000000006 0.097481999999999985 0.095112999999999975 0.095145999999999981 0.0041209999999999997 0.0041849999999999995 0.0041459999999999995 0.00084199999999999998 0.00087000000000000001 0.0008470000000000001 1.1156673003076603 1.1156673003076603 1.1156673003076603 1.3566162813255242e-05 1.3566162813255242e-05 1.3566162813255242e-05 1 1 1 Converged Converged Converged OK OK OK 84 84 84 84 84 84 4 4 4 0 0 0 0 0 1 0 0
150 150 linear 2 7 1502 1 0.0001 0.38244494986411987 0.087975062965978221 0.086826090451780177 1.8772091655634382 -1.4176237338512372 1.8704140802237337 0.5 -1.8394890896696363 1.1160850154132003 OK 13 12 0.375614 0.30262899999999998 0.12856600000000001 0.24373600000000001 0.141183 0 0.131878 0.16144599999999998 0.12856600000000001 0.0085000000000000006 0.0084899999999999993 0.0080280000000000004 0.099717999999999932 0.12941599999999992 0.097059000000000048 0.0040180000000000007 0.0040920000000000002 0.0041539999999999997 0.00082800000000000007 0.00084599999999999986 0.00081700000000000013 1.1160840470798943 1.1160840470798943 1.1160840470798943 1.1336609305459431e-05 1.1336609305459431e-05 1.1336609305459431e-05 1 1 1 Converged Converged Converged OK OK OK 84 84 84 84 84 84 4 4 4 0 0 0 0 1 0 0 1
150 150 linear 2 15 1502 2 0.0001 0.38244494986411987 0.087975062965978221 0.086826090451780177 1.8772091655634382 -1.4176237338512372 1.8824942319387639 0.5 -1.8515692413846665 1.1148643157284297 OK 13 12 0.39027099999999998 0.30663200000000002 0.13214600000000001 0.25110100000000002 0.15210299999999999 0 0.13916999999999996 0.15452900000000003 0.13214600000000001 0.008574 0.0087100000000000007 0.0081309999999999993 0.106402 0.12197400000000001 0.10057800000000001 0.0043400000000000001 0.0042170000000000003 0.004117 0.00083600000000000005 0.00083800000000000009 0.00081099999999999998 1.1148633072152192 1.1148633072152192 1.1148633072152192 1.34140534683376e-05 1.34140534683376e-05 1.34140534683376e-05 1 1 1 Converged Converged Converged OK OK OK 84 84 84 84 84 84 4 4 4 0 0 0 0 1 0 0 1
150 150 linear 2 23 1502 3 0.0001 0.38244494986411987 0.087975062965978221 0.086826090451780177 1.8772091655634382 -1.4176237338512372 1.8945743836537943 0.5 -1.8636493930996969 1.1118519048837465 OK 13 12 0.37702799999999997 0.29885299999999998 0.12945200000000001 0.244203 0.14428299999999999 0 0.13282499999999997 0.15456999999999999 0.12945200000000001 0.0085699999999999995 0.0085880000000000001 0.0080330000000000002 0.10068199999999998 0.12212700000000004 0.098279999999999965 0.0040099999999999997 0.0042060000000000005 0.0041050000000000001 0.00082800000000000007 0.00084399999999999992 0.00082699999999999994 1.1118510407771156 1.1118510407771156 1.1118510407771156 2.5113577526834662e-05 2.5113577526834662e-05 2.5113577526834662e-05 1 1 1 Converged Converged Converged OK OK OK 84 84 84 84 84 84 4 4 4 0 0 0 0 1 0 0 1
150 150 linear 3 0 1503 0 0.001 0.38244494986411987 0.087975062965978221 0.086826090451780177 1.8862170083556549 -1.4342712404455757 1.8688517902652988 0.5 -1.8379267997112014 1.0989822913095497 OK 13 12 0.33381499999999997 0.33307300000000001 0.098919000000000007 0.23300699999999999 0.23275999999999999 0 0.10080799999999998 0.10031300000000001 0.098919000000000007 0.0088070000000000006 0.0088620000000000001 0.0086 0.070390999999999995 0.069246999999999975 0.068681000000000034 0.0032079999999999999 0.0035699999999999998 0.0032650000000000001 0.00068400000000000004 0.00071900000000000002 0.000687 1.0989814824841895 1.0989814824841895 1.0989814824841895 0.00015299690396529574 0.00015299690396529574 0.00015299690396529574 1 1 1 Converged Converged Converged OK OK OK 61 61 61 61 61 61 3 3 3 0 0 0 0 0 1 0 0
150 150 linear 3 7 1503 1 0.001 0.38244494986411987 0.087975062965978221 0.086826090451780177 1.8862170083556549 -1.4342712404455757 1.8794219230159503 0.5 -1.848496932461853 1.0981921472939074 OK 13 12 0.34180700000000003 0.25411600000000001 0.096629000000000007 0.24255399999999999 0.14000399999999999 0 0.099253000000000036 0.11411200000000002 0.096629000000000007 0.0083009999999999994 0.0085100000000000002 0.0080140000000000003 0.072019000000000027 0.08637199999999999 0.070308999999999996 0.00313 0.0034899999999999992 0.0030950000000000001 0.00068800000000000003 0.000696 0.000678 1.0981913796626337 1.0981913796626337 1.0981913796626337 0.00015028089616491276 0.00015028089616491276 0.00015028089616491276 1 1 1 Converged Converged Converged OK OK OK 61 61 61 61 61 61 3 3 3 0 0 0 0 1 0 0 1
150 150 linear 3 15 1503 2 0.001 0.38244494986411987 0.087975062965978221 0.086826090451780177 1.8862170083556549 -1.4342712404455757 1.8915020747309805 0.5 -1.8605770841768832 1.0964355201941913 OK 13 12 0.33729399999999998 0.25383600000000001 0.095341999999999996 0.23885700000000001 0.142181 0 0.098436999999999969 0.111655 0.095341999999999996 0.0084259999999999995 0.0084700000000000001 0.0079019999999999993 0.07084399999999999 0.083934000000000022 0.068832000000000004 0.0033500000000000001 0.0034090000000000001 0.0032659999999999998 0.000669 0.000687 0.00065799999999999995 1.0964347224627027 1.0964347224627027 1.0964347224627027 0.000144875634399532 0.000144875634399532 0.000144875634399532 1 1 1 Converged Converged Converged OK OK OK 61 61 61 61 61 61 3 3 3 0 0 0 0 1 0 0 1
150 150 linear 3 23 1503 3 0.001 0.38244494986411987 0.087975062965978221 0.086826090451780177 1.8862170083556549 -1.4342712404455757 1.9035822264460109 0.5 -1.8726572358919136 1.0939270878792486 OK 13 12 0.34651599999999999 0.26160600000000001 0.097697999999999993 0.24519099999999999 0.13619100000000001 0 0.101325 0.125415 0.097697999999999993 0.0080850000000000002 0.011202999999999999 0.0076790000000000001 0.073930999999999969 0.095288999999999999 0.071498999999999979 0.0033930000000000002 0.0033080000000000002 0.003173 0.0007090000000000001 0.00069299999999999993 0.00065500000000000009 1.0939263316532033 1.0939263316532033 1.0939263316532033 0.00013791429220822698 0.00013791429220822698 0.00013791429220822698 1 1 1 Converged Converged Converged OK OK OK 61 61 61 61 61 61 3 3 3 0 0 0 0 1 0 0 1
150 150 linear 3 0 1503 0 0.0001 0.38244494986411987 0.087975062965978221 0.086826090451780177 1.8862170083556549 -1.4342712404455757 1.8688517902652988 0.5 -1.8379267997112014 1.0989822913095497 OK 13 12 0.35858299999999999 0.356931 0.12259399999999999 0.23207900000000001 0.23300299999999999 0 0.12650399999999998 0.12392800000000001 0.12259399999999999 0.008966 0.0090589999999999993 0.0086269999999999993 0.089271000000000003 0.08698199999999999 0.086597000000000021 0.0042430000000000002 0.0040769999999999999 0.004058 0.00082800000000000018 0.00080399999999999992 0.00077900000000000007 1.0989814829006259 1.0989814829006259 1.0989814829006259 5.116736534552449e-05 5.116736534552449e-05 5.116736534552449e-05 1 1 1 Converged Converged Converged OK OK OK 77 77 77 77 77 77 3 3 3 0 0 0 0 0 1 0 0
150 150 linear 3 7 1503 1 0.0001 0.38244494986411987 0.087975062965978221 0.086826090451780177 1.8862170083556549 -1.4342712404455757 1.8794219230159503 0.5 -1.848496932461853 1.0981921472939074 OK 13 12 0.36329800000000001 0.28525600000000001 0.11976000000000001 0.24035200000000001 0.13644500000000001 0 0.122946 0.148811 0.11976000000000001 0.0083960000000000007 0.0084950000000000008 0.0079660000000000009 0.090422000000000002 0.11643400000000002 0.08834800000000001 0.004006 0.0041159999999999999 0.0040610000000000004 0.00084199999999999998 0.00080800000000000002 0.000767 1.0981913800882572 1.0981913800882572 1.0981913800882572 4.87054055745475e-05 4.87054055745475e-05 4.87054055745475e-05 1 1 1 Converged Converged Converged OK OK OK 77 77 77 77 77 77 3 3 3 0 0 0 0 1 0 0 1
150 150 linear 3 15 1503 2 0.0001 0.38244494986411987 0.087975062965978221 0.086826090451780177 1.8862170083556549 -1.4342712404455757 1.8915020747309805 0.5 -1.8605770841768832 1.0964355201941913 OK 13 12 0.36097400000000002 0.28388000000000002 0.116787 0.240037 0.14335100000000001 0 0.12093700000000002 0.14052900000000002 0.116787 0.0084539999999999997 0.0085719999999999998 0.0080219999999999996 0.087722000000000008 0.108124 0.085239000000000009 0.0044229999999999998 0.0041910000000000003 0.0041310000000000001 0.00080200000000000009 0.00081899999999999996 0.000767 1.0964347228944633 1.0964347228944633 1.0964347228944633 4.4535689906217034e-05 4.4535689906217034e-05 4.4535689906217034e-05 1 1 1 Converged Converged Converged OK OK OK 77 77 77 77 77 77 3 3 3 0 0 0 0 1 0 0 1
150 150 linear 3 23 1503 3 0.0001 0.38244494986411987 0.087975062965978221 0.086826090451780177 1.8862170083556549 -1.4342712404455757 1.9035822264460109 0.5 -1.8726572358919136 1.0939270878792486 OK 13 12 0.368006 0.28708800000000001 0.120536 0.24427199999999999 0.136297 0 0.12373400000000001 0.15079100000000001 0.120536 0.0083479999999999995 0.0082520000000000007 0.0076629999999999997 0.09142900000000001 0.118617 0.089509000000000033 0.0040460000000000001 0.0042169999999999994 0.0040400000000000002 0.00080899999999999993 0.00079000000000000001 0.00076699999999999989 1.0939263320860848 1.0939263320860848 1.0939263320860848 3.9846123946142261e-05 3.9846123946142261e-05 3.9846123946142261e-05 1 1 1 Converged Converged Converged OK OK OK 77 77 77 77 77 77 3 3 3 0 0 0 0 1 0 0 1
150 150 linear 4 0 1504 0 0.001 0.38244494986411987 0.087975062965978221 0.086826090451780177 0.16007164825822232 -0.018891027476102315 0.14270643016786627 0.5 -0.11178143961376893 6.9639837487582499 OK 15 14 0.55300300000000002 0.54347800000000002 0.306508 0.23666100000000001 0.23491899999999999 0 0.31634200000000001 0.30855900000000003 0.306508 0.016559000000000001 0.01619 0.015516 0.25633 0.24891799999999997 0.24807599999999996 0.0062840000000000005 0.0061650000000000003 0.0061140000000000005 0.0014010000000000001 0.0014730000000000001 0.0014040000000000001 6.9640998645597483 6.9640998645597483 6.9640998645597483 0.0055120449887731534 0.0055120449887731534 0.0055120449887731534 1 1 1 Converged Converged Converged OK OK OK 111 111 111 111 111 111 9 9 9 0 0 0 0 0 1 0 0
150 150 linear 4 7 1504 1 0.001 0.38244494986411987 0.087975062965978221 0.086826090451780177 0.16007164825822232 -0.018891027476102315 0.15327656291851777 0.5 -0.12235157236442043 6.4466784666662029 OK 15 14 0.64070000000000005 0.55573700000000004 0.32457599999999998 0.30100100000000002 0.21976200000000001 0 0.33969900000000003 0.33597500000000002 0.32457599999999998 0.015198 0.014962 0.014095 0.28865599999999991 0.286881 0.27728600000000003 0.0073139999999999993 0.0066189999999999999 0.0063899999999999998 0.0013259999999999999 0.0013499999999999999 0.001297 6.446614185813595 6.446614185813595 6.446614185813595 0.0042037562803807276 0.0042037562803807276 0.0042037562803807276 1 1 1 Converged Converged Converged OK OK OK 119 119 119 119 119 119 9 9 9 0 0 0 0 1 0 0 1
150 150 linear 4 15 1504 2 0.001 0.38244494986411987 0.087975062965978221 0.086826090451780177 0.16007164825822232 -0.018891027476102315 0.16535671463354806 0.5 -0.13443172407945073 5.9498545786163675 OK 15 14 0.58027300000000004 0.50433300000000003 0.26843 0.29719400000000001 0.21993599999999999 0 0.28307900000000003 0.28439700000000001 0.26843 0.015309 0.014969 0.013917000000000001 0.23851100000000008 0.240872 0.22725200000000004 0.005574 0.0055519999999999996 0.0049820000000000003 0.0011019999999999999 0.0011000000000000001 0.0010640000000000003 5.9499499783906993 5.9499499783906993 5.9499499783906993 0.0057089691590005778 0.0057089691590005778 0.0057089691590005778 1 1 1 Converged Converged Converged OK OK OK 103 103 103 103 103 103 9 9 9 0 0 0 0 1 0 0 1
150 150 linear 4 23 1504 3 0.001 0.38244494986411987 0.087975062965978221 0.086826090451780177 0.16007164825822232 -0.018891027476102315 0.17743686634857836 0.5 -0.14651187579448102 5.5299982803723546 OK 15 14 0.56651600000000002 0.49193300000000001 0.29140899999999997 0.26388499999999998 0.189835 0 0.30263100000000004 0.30209799999999998 0.29140899999999997 0.015007 0.015094 0.013785 0.25792399999999993 0.25645799999999996 0.24952300000000008 0.0058389999999999987 0.0063520000000000009 0.0053489999999999996 0.0012440000000000001 0.001325 0.0011580000000000002 5.5299977048721347 5.5299977048721347 5.5299977048721347 0.0042088174473176726 0.0042088174473176726 0.0042088174473176726 1 1 1 Converged Converged Converged OK OK OK 111 111 111 111 111 111 9 9 9 0 0 0 0 1 0 0 1
150 150 linear 4 0 1504 0 0.0001 0.38244494986411987 0.087975062965978221 0.086826090451780177 0.16007164825822232 -0.018891027476102315 0.14270643016786627 0.5 -0.11178143961376893 6.9639837487582499 OK 15 14 0.68200099999999997 0.67383700000000002 0.42672399999999999 0.23639299999999999 0.24098600000000001 0 0.445608 0.43285099999999999 0.42672399999999999 0.016122999999999998 0.015998999999999999 0.015283 0.36873900000000021 0.35498499999999977 0.35218700000000008 0.0092749999999999985 0.0097440000000000009 0.0082899999999999988 0.0018230000000000004 0.0018549999999999999 0.0017769999999999997 6.963983389909874 6.963983389909874 6.963983389909874 0.0004054454373488243 0.0004054454373488243 0.0004054454373488243 1 1 1 Converged Converged Converged OK OK OK 159 159 159 159 159 159 9 9 9 0 0 0 0 0 1 0 0
150 150 linear 4 7 1504 1 0.0001 0.38244494986411987 0.087975062965978221 0.086826090451780177 0.16007164825822232 -0.018891027476102315 0.15327656291851777 0.5 -0.12235157236442043 6.4466784666662029 OK 15 14 0.686585 0.60877300000000001 0.37328800000000001 0.300875 0.21820400000000001 0 0.38571 0.390569 0.37328800000000001 0.014995 0.015266 0.014134000000000001 0.33117399999999986 0.33542900000000014 0.3213740000000001 0.0079610000000000011 0.0082979999999999998 0.0074079999999999997 0.0015709999999999999 0.0016350000000000002 0.00158 6.4466768663201437 6.4466768663201437 6.4466768663201437 0.0004821505732493797 0.0004821505732493797 0.0004821505732493797 1 1 1 Converged Converged Converged OK OK OK 143 143 143 143 143 143 9 9 9 0 0 0 0 1 0 0 1
150 150 linear 4 15 1504 2 0.0001 0.38244494986411987 0.087975062965978221 0.086826090451780177 0.16007164825822232 -0.018891027476102315 0.16535671463354806 0.5 -0.13443172407945073 5.9498545786163675 OK 15 14 0.67594399999999999 0.60072999999999999 0.364039 0.29634300000000002 0.219946 0 0.37960099999999997 0.38078400000000001 0.364039 0.014902 0.01494 0.013912000000000001 0.32581099999999991 0.32659699999999997 0.31267799999999996 0.0077269999999999995 0.0080400000000000003 0.0074080000000000005 0.0015509999999999999 0.0015529999999999999 0.001513 5.9498542910816035 5.9498542910816035 5.9498542910816035 0.00035063288757754583 0.00035063288757754583 0.00035063288757754583 1 1 1 Converged Converged Converged OK OK OK 143 143 143 143 143 143 9 9 9 0 0 0 0 1 0 0 1
150 150 linear 4 23 1504 3 0.0001 0.38244494986411987 0.087975062965978221 0.086826090451780177 0.16007164825822232 -0.018891027476102315 0.17743686634857836 0.5 -0.14651187579448102 5.5299982803723546 OK 15 14 0.62000100000000002 0.54563700000000004 0.34724699999999997 0.26463999999999999 0.19048799999999999 0 0.35536100000000004 0.35514900000000005 0.34724699999999997 0.014892000000000001 0.015134 0.013934999999999999 0.30374699999999993 0.30294199999999999 0.29739699999999997 0.0070479999999999987 0.007327000000000001 0.006777 0.0016229999999999999 0.001578 0.0015600000000000002 5.5299968866216789 5.5299968866216789 5.5299968866216789 0.00044494426389474093 0.00044494426389474093 0.00044494426389474093 1 1 1 Converged Converged Converged OK OK OK 135 135 135 135 135 135 9 9 9 0 0 0 0 1 0 0 1
150 150 uniform 0 0 1505 0 0.001 0.38244494986411987 0.087975062965978221 0.086826090451780177 0.022175293292154022 0.0028333733150467406 0.004810075201797985 0 0.026114915352299352 22.932392680088356 OK 14 13 0.56301000000000001 0.55869899999999995 0.20508000000000001 0.35100500000000001 0.35192899999999999 0 0.212005 0.20676999999999995 0.20508000000000001 0.010991000000000001 0.0095209999999999999 0.0090399999999999994 0.16610199999999992 0.16233899999999998 0.16175200000000006 0.0060309999999999999 0.0061869999999999998 0.0061600000000000005 0.0010960000000000002 0.0011170000000000002 0.001175 22.932390997044298 22.932390997044298 22.932390997044298 0.0085965462377670873 0.0085965462377670873 0.0085965462377670873 1 1 1 Converged Converged Converged OK OK OK 121 121 121 121 121 121 7 7 7 0 0 0 0 0 1 0 0
150 150 uniform 0 7 1505 1 0.001 0.38244494986411987 0.087975062965978221 0.086826090451780177 0.022175293292154022 0.0028333733150467406 0.015380207952449487 0 0.01554478260164785 22.76430724064711 OK 13 12 0.51492599999999999 0.43567899999999998 0.18585499999999999 0.32759899999999997 0.244643 0 0.18732700000000002 0.19103599999999998 0.18585499999999999 0.0077889999999999999 0.0082330000000000007 0.0074060000000000003 0.15345899999999996 0.15573700000000001 0.15253400000000003 0.0055629999999999994 0.0063989999999999993 0.0056559999999999996 0.00094800000000000006 0.0010039999999999999 0.00093899999999999995 22.764289232683566 22.764289232683566 22.764289232683566 0.0078719760599166716 0.0078719760599166716 0.0078719760599166716 1 1 1 Converged Converged Converged OK OK OK 114 114 114 114 114 114 6 6 6 0 0 0 0 1 0 0 1
150 150 uniform 0 15 1505 2 0.001 0.38244494986411987 0.087975062965978221 0.086826090451780177 0.022175293292154022 0.0028333733150467406 0.027460359667479773 0 0.0034646308866175639 22.351046981275715 OK 13 12 0.43163899999999999 0.34349800000000003 0.18370500000000001 0.24543300000000001 0.15464600000000001 0 0.18620599999999998 0.18885200000000002 0.18370500000000001 0.0077799999999999996 0.0078700000000000003 0.0070720000000000002 0.15250100000000005 0.15428100000000003 0.15154900000000002 0.0057009999999999995 0.0061749999999999991 0.0055490000000000001 0.00087799999999999998 0.000959 0.00091499999999999991 22.351012452582285 22.351012452582285 22.351012452582285 0.0078504248086128901 0.0078504248086128901 0.0078504248086128901 1 1 1 Converged Converged Converged OK OK OK 114 114 114 114 114 114 6 6 6 0 0 0 0 1 0 0 1
150 150 uniform 0 23 1505 3 0.001 0.38244494986411987 0.087975062965978221 0.086826090451780177 0.022175293292154022 0.0028333733150467406 0.039540511382510059 0 -0.0086155208284127219 21.682064698689086 OK 12 12 0.39595999999999998 0.31390200000000001 0.15959799999999999 0.22783800000000001 0.14621200000000001 0 0.16812199999999997 0.16769000000000001 0.15959799999999999 0.0076620000000000004 0.0076899999999999998 0.0069210000000000001 0.13420499999999999 0.13384900000000002 0.12868499999999999 0.0062069999999999998 0.0060610000000000004 0.0052430000000000003 0.001073 0.0010330000000000001 0.001 21.682014746750163 21.682014746750163 21.682014746750163 0.0078366896037375799 0.0078366896037375799 0.0078366896037375799 1 1 1 Converged Converged Converged OK OK OK 107 107 107 107 107 107 5 5 5 0 0 0 0 1 0 0 1
150 150 uniform 0 0 1505 0 0.0001 0.38244494986411987 0.087975062965978221 0.086826090451780177 0.022175293292154022 0.0028333733150467406 0.004810075201797985 0 0.026114915352299352 22.932392680088356 OK 14 13 0.68278099999999997 0.68564199999999997 0.32192100000000001 0.35770200000000002 0.35733399999999998 0 0.32507899999999995 0.32830799999999999 0.32192100000000001 0.009325 0.0094319999999999994 0.0093670000000000003 0.25515999999999983 0.255083 0.25159299999999996 0.014940000000000002 0.017459000000000002 0.015483 0.00141 0.0014030000000000002 0.001392 22.932388497732834 22.932388497732834 22.932388497732834 0.0018740953713323636 0.0018740953713323636 0.0018740953713323636 1 1 1 Converged Converged Converged OK OK OK 201 201 201 201 201 201 7 7 7 0 0 0 0 0 1 0 0
150 150 uniform 0 7 1505 1 0.0001 0.38244494986411987 0.087975062965978221 0.086826090451780177 0.022175293292154022 0.0028333733150467406 0.015380207952449487 0 0.01554478260164785 22.76430724064711 OK 13 12 0.62393399999999999 0.55025199999999996 0.29790499999999998 0.32816600000000001 0.24454600000000001 0 0.29576799999999998 0.30570599999999992 0.29790499999999998 0.0078469999999999998 0.0083569999999999998 0.0073990000000000002 0.23937000000000003 0.24293400000000007 0.24182300000000012 0.014551999999999999 0.016150999999999999 0.015125 0.00123 0.0013979999999999999 0.001292 22.764298332956177 22.764298332956177 22.764298332956177 0.0011700976260853872 0.0011700976260853872 0.0011700976260853872 1 1 1 Converged Converged Converged OK OK OK 194 194 194 194 194 194 6 6 6 0 0 0 0 1 0 0 1
150 150 uniform 0 15 1505 2 0.0001 0.38244494986411987 0.087975062965978221 0.086826090451780177 0.022175293292154022 0.0028333733150467406 0.027460359667479773 0 0.0034646308866175639 22.351046981275715 OK 13 12 0.54428699999999997 0.458368 0.29973 0.24675900000000001 0.155496 0 0.29752799999999996 0.30287200000000003 0.29973 0.0078079999999999998 0.0078930000000000007 0.0072399999999999999 0.24132900000000015 0.24614600000000014 0.24470499999999998 0.014664999999999999 0.015221 0.014827 0.0012240000000000003 0.0012329999999999999 0.0012160000000000001 22.351035232512626 22.351035232512626 22.351035232512626 0.001166693858390911 0.001166693858390911 0.001166693858390911 1 1 1 Converged Converged Converged OK OK OK 194 194 194 194 194 194 6 6 6 0 0 0 0 1 0 0 1
150 150 uniform 0 23 1505 3 0.0001 0.38244494986411987 0.087975062965978221 0.086826090451780177 0.022175293292154022 0.0028333733150467406 0.039540511382510059 0 -0.0086155208284127219 21.682064698689086 OK 12 12 0.502834 0.41988700000000001 0.26921600000000001 0.22714200000000001 0.14509900000000001 0 0.27569199999999999 0.27478800000000003 0.26921600000000001 0.0077809999999999997 0.00777 0.0070910000000000001 0.21806400000000004 0.21905799999999986 0.21575600000000003 0.016535999999999999 0.015192000000000001 0.014463 0.001307 0.0012069999999999997 0.0012459999999999999 21.682051670771603 21.682051670771603 21.682051670771603 0.0011641706106113195 0.0011641706106113195 0.0011641706106113195 1 1 1 Converged Converged Converged OK OK OK 187 187 187 187 187 187 5 5 5 0 0 0 0 1 0 0 1
150 150 uniform 1 0 1506 0 0.001 0.38244494986411987 0.087975062965978221 0.086826090451780177 1.8140486793096811 -1.3225717506923103 1.796683461219325 0 -1.7657584706652276 1.1851384958922686 OK 12 11 0.30937199999999998 0.309172 0.081356999999999999 0.22472500000000001 0.223888 0 0.084646999999999972 0.085283999999999999 0.081356999999999999 0.0067349999999999997 0.0067409999999999996 0.0066449999999999999 0.061941000000000003 0.062514999999999987 0.058828999999999985 0.0019789999999999999 0.0020310000000000003 0.0020099999999999996 0.00056900000000000006 0.00062600000000000004 0.00066699999999999995 1.1851400695461269 1.1851400695461269 1.1851400695461269 0.00056125317664298426 0.00056125317664298426 0.00056125317664298426 1 1 1 Converged Converged Converged OK OK OK 58 58 58 58 58 58 6 6 6 0 0 0 0 0 1 0 0
150 150 uniform 1 7 1506 1 0.001 0.38244494986411987 0.087975062965978221 0.086826090451780177 1.8140486793096811 -1.3225717506923103 1.8072535939699765 0 -1.7763286034158792 1.194769777255944 OK 12 11 0.32209599999999999 0.22936300000000001 0.076921000000000003 0.24401100000000001 0.14346200000000001 0 0.078084999999999988 0.085901000000000005 0.076921000000000003 0.0059220000000000002 0.0059290000000000002 0.0055110000000000003 0.059449999999999982 0.067681999999999992 0.059210000000000006 0.0019680000000000001 0.0019599999999999999 0.0019959999999999999 0.00064800000000000003 0.00057700000000000004 0.00058799999999999998 1.1947705692884691 1.1947705692884691 1.1947705692884691 0.00040891044063272059 0.00040891044063272059 0.00040891044063272059 1 1 1 Converged Converged Converged OK OK OK 58 58 58 58 58 58 6 6 6 0 0 0 0 1 0 0 1
150 150 uniform 1 15 1506 2 0.001 0.38244494986411987 0.087975062965978221 0.086826090451780177 1.8140486793096811 -1.3225717506923103 1.8193337456850067 0 -1.7884087551309094 1.2021945051663534 OK 12 11 0.30934200000000001 0.22662399999999999 0.081739999999999993 0.22625899999999999 0.13017500000000001 0 0.083083000000000018 0.096448999999999979 0.081739999999999993 0.005921 0.0059259999999999998 0.005522 0.064617999999999995 0.078047999999999992 0.064093999999999998 0.002039 0.0020379999999999999 0.0019090000000000001 0.00055800000000000001 0.00051400000000000003 0.00052399999999999994 1.2021949748432321 1.2021949748432321 1.2021949748432321 0.00040809383953969861 0.00040809383953969861 0.00040809383953969861 1 1 1 Converged Converged Converged OK OK OK 58 58 58 58 58 58 6 6 6 0 0 0 0 1 0 0 1
150 150 uniform 1 23 1506 3 0.001 0.38244494986411987 0.087975062965978221 0.086826090451780177 1.8140486793096811 -1.3225717506923103 1.8314138974000371 0 -1.8004889068459398 1.2068842241522026 OK 12 11 0.31258599999999997 0.22689000000000001 0.075442999999999996 0.23580999999999999 0.136438 0 0.076775999999999983 0.090452000000000005 0.075442999999999996 0.005868 0.0059069999999999999 0.0054780000000000002 0.058386999999999988 0.072218000000000004 0.058005000000000015 0.0020529999999999997 0.0019950000000000002 0.0019250000000000001 0.00053499999999999999 0.00052699999999999991 0.00052899999999999996 1.2068842205760317 1.2068842205760317 1.2068842205760317 0.00041581360802526258 0.00041581360802526258 0.00041581360802526258 1 1 1 Converged Converged Converged OK OK OK 58 58 58 58 58 58 6 6 6 0 0 0 0 1 0 0 1
150 150 uniform 1 0 1506 0 0.0001 0.38244494986411987 0.087975062965978221 0.086826090451780177 1.8140486793096811 -1.3225717506923103 1.796683461219325 0 -1.7657584706652276 1.1851384958922686 OK 12 11 0.33961599999999997 0.33470499999999997 0.110023 0.228046 0.223771 0 0.11156999999999997 0.11093399999999998 0.110023 0.006888 0.0067539999999999996 0.0064520000000000003 0.079998000000000014 0.079765999999999948 0.079529999999999976 0.003212 0.0031829999999999996 0.0030890000000000002 0.00090200000000000002 0.00083799999999999999 0.00080699999999999999 1.1851387923084094 1.1851387923084094 1.1851387923084094 6.3267483407064014e-05 6.3267483407064014e-05 6.3267483407064014e-05 1 1 1 Converged Converged Converged OK OK OK 82 82 82 82 82 82 6 6 6 0 0 0 0 0 1 0 0
150 150 uniform 1 7 1506 1 0.0001 0.38244494986411987 0.087975062965978221 0.086826090451780177 1.8140486793096811 -1.3225717506923103 1.8072535939699765 0 -1.7763286034158792 1.194769777255944 OK 12 11 0.33856999999999998 0.25581999999999999 0.095286999999999997 0.242345 0.14147299999999999 0 0.096224999999999977 0.114347 0.095286999999999997 0.005901 0.0059459999999999999 0.0055149999999999999 0.072708000000000009 0.091028999999999985 0.072562999999999961 0.0027390000000000001 0.002764 0.0027530000000000002 0.00077299999999999992 0.00072099999999999996 0.00071500000000000014 1.1947705692850252 1.1947705692850252 1.1947705692850252 5.0651161591610671e-05 5.0651161591610671e-05 5.0651161591610671e-05 1 1 1 Converged Converged Converged OK OK OK 74 74 74 74 74 74 6 6 6 0 0 0 0 1 0 0 1
150 150 uniform 1 15 1506 2 0.0001 0.38244494986411987 0.087975062965978221 0.086826090451780177 1.8140486793096811 -1.3225717506923103 1.8193337456850067 0 -1.7884087551309094 1.2021945051663534 OK 12 11 0.32838000000000001 0.24896699999999999 0.099696000000000007 0.227906 0.12726199999999999 0 0.10047400000000001 0.12170500000000001 0.099696000000000007 0.0058809999999999999 0.0059670000000000001 0.0054660000000000004 0.07728100000000003 0.093815999999999983 0.077101000000000031 0.0027719999999999997 0.0028180000000000002 0.0028349999999999998 0.00063999999999999994 0.00068300000000000001 0.00068899999999999994 1.2021949748399678 1.2021949748399678 1.2021949748399678 4.9911988003675106e-05 4.9911988003675106e-05 4.9911988003675106e-05 1 1 1 Converged Converged Converged OK OK OK 74 74 74 74 74 74 6 6 6 0 0 0 0 1 0 0 1
150 150 uniform 1 23 1506 3 0.0001 0.38244494986411987 0.087975062965978221 0.086826090451780177 1.8140486793096811 -1.3225717506923103 1.8314138974000371 0 -1.8004889068459398 1.2068842241522026 OK 12 11 0.33239999999999997 0.24473300000000001 0.092095999999999997 0.23859900000000001 0.134857 0 0.093800999999999968 0.109876 0.092095999999999997 0.0059909999999999998 0.0057860000000000003 0.0054520000000000002 0.070216000000000015 0.086760999999999977 0.069958000000000034 0.0028180000000000002 0.0028089999999999999 0.0027179999999999999 0.000678 0.00067900000000000002 0.00066500000000000001 1.2068842205729464 1.2068842205729464 1.2068842205729464 5.7707881520401218e-05 5.7707881520401218e-05 5.7707881520401218e-05 1 1 1 Converged Converged Converged OK OK OK 74 74 74 74 74 74 6 6 6 0 0 0 0 1 0 0 1
150 150 uniform 2 0 1507 0 0.001 0.38244494986411987 0.087975062965978221 0.086826090451780177 1.8772091655634382 -1.4176237338512372 1.8598439474730821 0 -1.8289189569189848 1.1168622422822068 OK 13 12 0.316664 0.32049499999999997 0.077502000000000001 0.23875199999999999 0.24215500000000001 0 0.077912000000000009 0.078339999999999965 0.077502000000000001 0.0088620000000000001 0.0089650000000000007 0.0086429999999999996 0.052961000000000008 0.053155999999999988 0.052835 0.0021199999999999999 0.0021479999999999997 0.0021220000000000002 0.00061600000000000001 0.00059500000000000004 0.00055699999999999999 1.1168620205521314 1.1168620205521314 1.1168620205521314 0.00041350353251247185 0.00041350353251247185 0.00041350353251247185 1 1 1 Converged Converged Converged OK OK OK 52 52 52 52 52 52 4 4 4 0 0 0 0 0 1 0 0
150 150 uniform 2 7 1507 1 0.001 0.38244494986411987 0.087975062965978221 0.086826090451780177 1.8772091655634382 -1.4176237338512372 1.8704140802237337 0 -1.8394890896696363 1.1174046013027754 OK 13 12 0.32415699999999997 0.23438200000000001 0.075637999999999997 0.24684200000000001 0.13925799999999999 0 0.077314999999999967 0.095124000000000014 0.075637999999999997 0.0087349999999999997 0.0085190000000000005 0.0080300000000000007 0.054939000000000002 0.072745000000000004 0.054408999999999978 0.0021429999999999999 0.0021669999999999997 0.0020820000000000001 0.00056900000000000006 0.00059999999999999995 0.00055800000000000001 1.1174043684840604 1.1174043684840604 1.1174043684840604 0.00041132538892564737 0.00041132538892564737 0.00041132538892564737 1 1 1 Converged Converged Converged OK OK OK 52 52 52 52 52 52 4 4 4 0 0 0 0 1 0 0 1
150 150 uniform 2 15 1507 2 0.001 0.38244494986411987 0.087975062965978221 0.086826090451780177 1.8772091655634382 -1.4176237338512372 1.8824942319387639 0 -1.8515692413846665 1.1162639001303405 OK 13 12 0.33068999999999998 0.241453 0.077526999999999999 0.25103399999999998 0.15040000000000001 0 0.079656000000000005 0.091052999999999995 0.077526999999999999 0.0085789999999999998 0.0085290000000000001 0.0080300000000000007 0.057249000000000008 0.069065000000000029 0.056564000000000003 0.0021949999999999999 0.0021850000000000003 0.0020709999999999999 0.00056799999999999993 0.00057600000000000001 0.00055500000000000005 1.1162636796188314 1.1162636796188314 1.1162636796188314 0.00041687259560002919 0.00041687259560002919 0.00041687259560002919 1 1 1 Converged Converged Converged OK OK OK 52 52 52 52 52 52 4 4 4 0 0 0 0 1 0 0 1
150 150 uniform 2 23 1507 3 0.001 0.38244494986411987 0.087975062965978221 0.086826090451780177 1.8772091655634382 -1.4176237338512372 1.8945743836537943 0 -1.8636493930996969 1.1132124683637674 OK 13 12 0.32215300000000002 0.22917599999999999 0.075783000000000003 0.244919 0.142599 0 0.077234000000000025 0.086576999999999987 0.075783000000000003 0.0085599999999999999 0.008515 0.0079900000000000006 0.055035999999999995 0.064607999999999985 0.054651000000000005 0.0021989999999999996 0.0022049999999999999 0.002124 0.00064000000000000005 0.00059900000000000003 0.00058299999999999997 1.1132124242262287 1.1132124242262287 1.1132124242262287 0.00043674103163269704 0.00043674103163269704 0.00043674103163269704 1 1 1 Converged Converged Converged OK OK OK 52 52 52 52 52 52 4 4 4 0 0 0 0 1 0 0 1
150 150 uniform 2 0 1507 0 0.0001 0.38244494986411987 0.087975062965978221 0.086826090451780177 1.8772091655634382 -1.4176237338512372 1.8598439474730821 0 -1.8289189569189848 1.1168622422822068 OK 13 12 0.33466499999999999 0.332013 0.095158999999999994 0.23883099999999999 0.23646 0 0.095834000000000003 0.095552999999999999 0.095158999999999994 0.0088679999999999991 0.0088830000000000003 0.0086060000000000008 0.065011999999999986 0.064971000000000001 0.064707000000000015 0.002967 0.0029840000000000001 0.0029589999999999998 0.00071200000000000007 0.00069500000000000009 0.00068399999999999993 1.1168620205508719 1.1168620205508719 1.1168620205508719 5.587049186457841e-05 5.587049186457841e-05 5.587049186457841e-05 1 1 1 Converged Converged Converged OK OK OK 68 68 68 68 68 68 4 4 4 0 0 0 0 0 1 0 0
150 150 uniform 2 7 1507 1 0.0001 0.38244494986411987 0.087975062965978221 0.086826090451780177 1.8772091655634382 -1.4176237338512372 1.8704140802237337 0 -1.8394890896696363 1.1174046013027754 OK 13 12 0.33665200000000001 0.26081500000000002 0.093895999999999993 0.241318 0.14154600000000001 0 0.095334000000000002 0.11926900000000001 0.093895999999999993 0.0085599999999999999 0.0085839999999999996 0.0080140000000000003 0.068282000000000009 0.092134999999999995 0.067995999999999973 0.0030000000000000001 0.0030609999999999995 0.0029299999999999999 0.00071600000000000006 0.0007000000000000001 0.00068100000000000007 1.11740436848293 1.11740436848293 1.11740436848293 5.3750099569117354e-05 5.3750099569117354e-05 5.3750099569117354e-05 1 1 1 Converged Converged Converged OK OK OK 68 68 68 68 68 68 4 4 4 0 0 0 0 1 0 0 1
150 150 uniform 2 15 1507 2 0.0001 0.38244494986411987 0.087975062965978221 0.086826090451780177 1.8772091655634382 -1.4176237338512372 1.8824942319387639 0 -1.8515692413846665 1.1162639001303405 OK 13 12 0.34921600000000003 0.26080799999999998 0.094812999999999995 0.25312699999999999 0.14901500000000001 0 0.096089000000000035 0.11179299999999998 0.094812999999999995 0.0086219999999999995 0.0086420000000000004 0.0081429999999999992 0.068934999999999969 0.084616999999999984 0.068794999999999995 0.0030270000000000002 0.003039 0.0028850000000000004 0.00071299999999999998 0.00070600000000000003 0.00067599999999999995 1.1162636796178418 1.1162636796178418 1.1162636796178418 5.9362335423557614e-05 5.9362335423557614e-05 5.9362335423557614e-05 1 1 1 Converged Converged Converged OK OK OK 68 68 68 68 68 68 4 4 4 0 0 0 0 1 0 0 1
150 150 uniform 2 23 1507 3 0.0001 0.38244494986411987 0.087975062965978221 0.086826090451780177 1.8772091655634382 -1.4176237338512372 1.8945743836537943 0 -1.8636493930996969 1.1132124683637674 OK 13 12 0.33991300000000002 0.251054 0.092205999999999996 0.24634900000000001 0.14166599999999999 0 0.093564000000000008 0.10938800000000001 0.092205999999999996 0.0085649999999999997 0.0086990000000000001 0.0079830000000000005 0.066610000000000016 0.082125000000000017 0.066324999999999995 0.0029610000000000001 0.0030470000000000002 0.0029250000000000001 0.00071999999999999994 0.00072000000000000005 0.00072199999999999999 1.1132124242253805 1.1132124242253805 1.1132124242253805 7.9294782726939744e-05 7.9294782726939744e-05 7.9294782726939744e-05 1 1 1 Converged Converged Converged OK OK OK 68 68 68 68 68 68 4 4 4 0 0 0 0 1 0 0 1
150 150 uniform 3 0 1508 0 0.001 0.38244494986411987 0.087975062965978221 0.086826090451780177 1.8862170083556549 -1.4342712404455757 1.8688517902652988 0 -1.8379267997112014 1.099634878554542 OK 13 12 0.30066100000000001 0.29972799999999999 0.068583000000000005 0.23089199999999999 0.23028999999999999 0 0.069769000000000025 0.069438 0.068583000000000005 0.0089479999999999994 0.0087819999999999999 0.0085339999999999999 0.044653000000000005 0.044898000000000007 0.044548000000000004 0.0021840000000000002 0.0021929999999999996 0.0021700000000000001 0.00059900000000000003 0.00057399999999999997 0.00055100000000000006 1.0996347471767645 1.0996347471767645 1.0996347471767645 0.00039697502157365799 0.00039697502157365799 0.00039697502157365799 1 1 1 Converged Converged Converged OK OK OK 45 45 45 45 45 45 3 3 3 0 0 0 0 0 1 0 0
150 150 uniform 3 7 1508 1 0.001 0.38244494986411987 0.087975062965978221 0.086826090451780177 1.8862170083556549 -1.4342712404455757 1.8794219230159503 0 -1.848496932461853 1.0988646085256004 OK 13 12 0.30386299999999999 0.21887000000000001 0.065865999999999994 0.23676900000000001 0.136127 0 0.067093999999999987 0.082743000000000011 0.065865999999999994 0.0084139999999999996 0.0084950000000000008 0.00792 0.044876999999999986 0.060389999999999999 0.044575999999999998 0.0021589999999999999 0.0022409999999999999 0.0021519999999999998 0.00055900000000000004 0.00058100000000000003 0.00053700000000000004 1.0988644992658543 1.0988644992658543 1.0988644992658543 0.00039487300824466348 0.00039487300824466348 0.00039487300824466348 1 1 1 Converged Converged Converged OK OK OK 45 45 45 45 45 45 3 3 3 0 0 0 0 1 0 0 1
150 150 uniform 3 15 1508 2 0.001 0.38244494986411987 0.087975062965978221 0.086826090451780177 1.8862170083556549 -1.4342712404455757 1.8915020747309805 0 -1.8605770841768832 1.0971009142383366 OK 13 12 0.30479899999999999 0.21637899999999999 0.063138 0.24041899999999999 0.13986899999999999 0 0.064379999999999993 0.076509999999999995 0.063138 0.0082349999999999993 0.0083770000000000008 0.0079360000000000003 0.042118999999999997 0.054267000000000003 0.041722000000000002 0.002264 0.0023549999999999999 0.0022209999999999999 0.00058699999999999996 0.00055099999999999995 0.00054100000000000003 1.0971008053702485 1.0971008053702485 1.0971008053702485 0.00039183143588089733 0.00039183143588089733 0.00039183143588089733 1 1 1 Converged Converged Converged OK OK OK 45 45 45 45 45 45 3 3 3 0 0 0 0 1 0 0 1
150 150 uniform 3 23 1508 3 0.001 0.38244494986411987 0.087975062965978221 0.086826090451780177 1.8862170083556549 -1.4342712404455757 1.9035822264460109 0 -1.8726572358919136 1.0945509825485813 OK 13 12 0.31029499999999999 0.22529099999999999 0.069045999999999996 0.239675 0.13691500000000001 0 0.070619999999999988 0.088375999999999982 0.069045999999999996 0.0081169999999999992 0.0081880000000000008 0.0075700000000000003 0.048537999999999998 0.066336999999999993 0.048011999999999985 0.0022919999999999998 0.0023040000000000001 0.0021349999999999997 0.00055500000000000005 0.00055599999999999996 0.00054799999999999998 1.0945509140650522 1.0945509140650522 1.0945509140650522 0.00038864171728636698 0.00038864171728636698 0.00038864171728636698 1 1 1 Converged Converged Converged OK OK OK 45 45 45 45 45 45 3 3 3 0 0 0 0 1 0 0 1
150 150 uniform 3 0 1508 0 0.0001 0.38244494986411987 0.087975062965978221 0.086826090451780177 1.8862170083556549 -1.4342712404455757 1.8688517902652988 0 -1.8379267997112014 1.099634878554542 OK 13 12 0.318664 0.31969500000000001 0.086281999999999998 0.23161000000000001 0.22948399999999999 0 0.087053999999999992 0.090211000000000013 0.086281999999999998 0.0088590000000000006 0.012179000000000001 0.0085500000000000003 0.056874000000000001 0.056986000000000002 0.05664099999999999 0.0029859999999999999 0.0030200000000000001 0.002957 0.00066399999999999999 0.000678 0.000687 1.0996347471758456 1.0996347471758456 1.0996347471758456 3.9442872635404366e-05 3.9442872635404366e-05 3.9442872635404366e-05 1 1 1 Converged Converged Converged OK OK OK 61 61 61 61 61 61 3 3 3 0 0 0 0 0 1 0 0
150 150 uniform 3 7 1508 1 0.0001 0.38244494986411987 0.087975062965978221 0.086826090451780177 1.8862170083556549 -1.4342712404455757 1.8794219230159503 0 -1.848496932461853 1.0988646085256004 OK 13 12 0.326737 0.237563 0.084379999999999997 0.241096 0.13653499999999999 0 0.085640999999999995 0.10102800000000001 0.084379999999999997 0.0084399999999999996 0.0085590000000000006 0.0080129999999999993 0.058334000000000011 0.073998999999999995 0.058194999999999997 0.0030269999999999997 0.0030020000000000003 0.002918 0.00070300000000000007 0.00066599999999999993 0.00065499999999999998 1.0988644992650578 1.0988644992650578 1.0988644992650578 3.7397034031346061e-05 3.7397034031346061e-05 3.7397034031346061e-05 1 1 1 Converged Converged Converged OK OK OK 61 61 61 61 61 61 3 3 3 0 0 0 0 1 0 0 1
150 150 uniform 3 15 1508 2 0.0001 0.38244494986411987 0.087975062965978221 0.086826090451780177 1.8862170083556549 -1.4342712404455757 1.8915020747309805 0 -1.8605770841768832 1.0971009142383366 OK 13 12 0.32457399999999997 0.23686299999999999 0.083451999999999998 0.240476 0.138046 0 0.084097999999999978 0.098816999999999988 0.083451999999999998 0.0083789999999999993 0.0085059999999999997 0.0079590000000000008 0.057011999999999993 0.07185100000000004 0.056892000000000005 0.0030930000000000003 0.0030829999999999998 0.0030509999999999999 0.00069000000000000008 0.00067400000000000001 0.00068199999999999999 1.0971008053695845 1.0971008053695845 1.0971008053695845 3.4418726731420913e-05 3.4418726731420913e-05 3.4418726731420913e-05 1 1 1 Converged Converged Converged OK OK OK 61 61 61 61 61 61 3 3 3 0 0 0 0 1 0 0 1
150 150 uniform 3 23 1508 3 0.0001 0.38244494986411987 0.087975062965978221 0.086826090451780177 1.8862170083556549 -1.4342712404455757 1.9035822264460109 0 -1.8726572358919136 1.0945509825485813 OK 13 12 0.328121 0.24812999999999999 0.085309999999999997 0.24129800000000001 0.13797300000000001 0 0.086822999999999984 0.11015699999999998 0.085309999999999997 0.008064 0.0082220000000000001 0.0076319999999999999 0.059883999999999993 0.083231000000000027 0.059547000000000017 0.0030230000000000001 0.0031009999999999996 0.0029639999999999996 0.00068600000000000009 0.00071999999999999994 0.00066699999999999995 1.0945509140645227 1.0945509140645227 1.0945509140645227 3.1291294385910901e-05 3.1291294385910901e-05 3.1291294385910901e-05 1 1 1 Converged Converged Converged OK OK OK 61 61 61 61 61 61 3 3 3 0 0 0 0 1 0 0 1
150 150 uniform 4 0 1509 0 0.001 0.38244494986411987 0.087975062965978221 0.086826090451780177 0.16007164825822232 -0.018891027476102315 0.14270643016786627 0 -0.11178143961376893 7.0045551461202846 OK 15 14 0.45381500000000002 0.44948300000000002 0.21382000000000001 0.23707500000000001 0.23433100000000001 0 0.21674000000000002 0.21515200000000001 0.21382000000000001 0.016025999999999999 0.016053000000000001 0.015304 0.15886000000000003 0.15756000000000006 0.15717999999999996 0.0051610000000000007 0.0052369999999999995 0.005176 0.0013879999999999999 0.001333 0.001387 7.0047551331900246 7.0047551331900246 7.0047551331900246 0.0067741349381290686 0.0067741349381290686 0.0067741349381290686 1 1 1 Converged Converged Converged OK OK OK 111 111 111 111 111 111 9 9 9 0 0 0 0 0 1 0 0
150 150 uniform 4 7 1509 1 0.001 0.38244494986411987 0.087975062965978221 0.086826090451780177 0.16007164825822232 -0.018891027476102315 0.15327656291851777 0 -0.12235157236442043 6.4783400768886903 OK 15 14 0.51797000000000004 0.44645200000000002 0.214423 0.29580699999999999 0.21610099999999999 0 0.22216300000000005 0.23035100000000003 0.214423 0.015117 0.014881 0.014048 0.17307800000000001 0.18246500000000002 0.16857399999999992 0.0063109999999999998 0.0056499999999999996 0.0053190000000000008 0.001284 0.0012599999999999998 0.0012329999999999999 6.4782503149438275 6.4782503149438275 6.4782503149438275 0.0038431548211356557 0.0038431548211356557 0.0038431548211356557 1 1 1 Converged Converged Converged OK OK OK 119 119 119 119 119 119 9 9 9 0 0 0 0 1 0 0 1
150 150 uniform 4 15 1509 2 0.001 0.38244494986411987 0.087975062965978221 0.086826090451780177 0.16007164825822232 -0.018891027476102315 0.16535671463354806 0 -0.13443172407945073 5.9743571656404342 OK 15 14 0.514235 0.44255 0.21007700000000001 0.29938599999999999 0.218665 0 0.21484900000000001 0.223885 0.21007700000000001 0.015004999999999999 0.015043000000000001 0.013868 0.16833200000000001 0.17730599999999999 0.16627700000000006 0.0058919999999999997 0.0059709999999999997 0.005252999999999999 0.001268 0.0012159999999999999 0.0012099999999999999 5.9743421183833698 5.9743421183833698 5.9743421183833698 0.0018296486848535876 0.0018296486848535876 0.0018296486848535876 1 1 1 Converged Converged Converged OK OK OK 119 119 119 119 119 119 9 9 9 0 0 0 0 1 0 0 1
150 150 uniform 4 23 1509 3 0.001 0.38244494986411987 0.087975062965978221 0.086826090451780177 0.16007164825822232 -0.018891027476102315 0.17743686634857836 0 -0.14651187579448102 5.5494045775096312 OK 15 14 0.47416399999999997 0.39657300000000001 0.20116600000000001 0.26788499999999998 0.184284 0 0.20627899999999999 0.21228900000000001 0.20116600000000001 0.014985999999999999 0.014824 0.013892 0.16209999999999991 0.16854699999999995 0.159965 0.0054469999999999996 0.0052649999999999997 0.0046509999999999998 0.0012580000000000002 0.001212 0.0011000000000000001 5.5494080169881075 5.5494080169881075 5.5494080169881075 0.0035614741292867725 0.0035614741292867725 0.0035614741292867725 1 1 1 Converged Converged Converged OK OK OK 111 111 111 111 111 111 9 9 9 0 0 0 0 1 0 0 1
150 150 uniform 4 0 1509 0 0.0001 0.38244494986411987 0.087975062965978221 0.086826090451780177 0.16007164825822232 -0.018891027476102315 0.14270643016786627 0 -0.11178143961376893 7.0045551461202846 OK 15 14 0.56132099999999996 0.56020000000000003 0.32860499999999998 0.23236899999999999 0.23511599999999999 0 0.32895199999999997 0.32508400000000004 0.32860499999999998 0.016254000000000001 0.015862999999999999 0.016424999999999999 0.25106300000000015 0.24798500000000004 0.2503959999999999 0.0094150000000000015 0.0093679999999999996 0.0099740000000000002 0.0018009999999999999 0.0018570000000000001 0.0018500000000000001 7.0045552296922917 7.0045552296922917 7.0045552296922917 0.00036597681692933804 0.00036597681692933804 0.00036597681692933804 1 1 1 Converged Converged Converged OK OK OK 175 175 175 175 175 175 9 9 9 0 0 0 0 0 1 0 0
150 150 uniform 4 7 1509 1 0.0001 0.38244494986411987 0.087975062965978221 0.086826090451780177 0.16007164825822232 -0.018891027476102315 0.15327656291851777 0 -0.12235157236442043 6.4783400768886903 OK 15 14 0.57435000000000003 0.51548799999999995 0.27985399999999999 0.29111500000000001 0.223354 0 0.28323500000000001 0.29213399999999995 0.27985399999999999 0.015082999999999999 0.014975 0.01414 0.22612599999999994 0.23460500000000001 0.22656100000000007 0.0095410000000000009 0.0097499999999999983 0.0079380000000000006 0.0015789999999999999 0.0015789999999999999 0.0015519999999999998 6.4783382257300568 6.4783382257300568 6.4783382257300568 0.00052251015553960107 0.00052251015553960107 0.00052251015553960107 1 1 1 Converged Converged Converged OK OK OK 159 159 159 159 159 159 9 9 9 0 0 0 0 1 0 0 1
150 150 uniform 4 15 1509 2 0.0001 0.38244494986411987 0.087975062965978221 0.086826090451780177 0.16007164825822232 -0.018891027476102315 0.16535671463354806 0 -0.13443172407945073 5.9743571656404342 OK 15 14 0.57445900000000005 0.51248800000000005 0.27699299999999999 0.295487 0.222274 0 0.27897200000000005 0.29021400000000008 0.27699299999999999 0.014956000000000001 0.015034 0.013823 0.22511899999999996 0.23409999999999986 0.22397999999999998 0.0078760000000000011 0.0089269999999999992 0.0079369999999999996 0.001518 0.0016410000000000001 0.0016229999999999999 5.974357553368832 5.974357553368832 5.974357553368832 0.00038840260760593495 0.00038840260760593495 0.00038840260760593495 1 1 1 Converged Converged Converged OK OK OK 159 159 159 159 159 159 9 9 9 0 0 0 0 1 0 0 1
150 150 uniform 4 23 1509 3 0.0001 0.38244494986411987 0.087975062965978221 0.086826090451780177 0.16007164825822232 -0.018891027476102315 0.17743686634857836 0 -0.14651187579448102 5.5494045775096312 OK 15 14 0.54981899999999995 0.48196899999999998 0.28280100000000002 0.26168000000000002 0.19131400000000001 0 0.28813899999999992 0.290655 0.28280100000000002 0.014896 0.014999 0.013757999999999999 0.22724099999999989 0.23149699999999998 0.22672599999999998 0.010133 0.0093849999999999992 0.0083630000000000006 0.0018330000000000002 0.00172 0.001632 5.5494035918463398 5.5494035918463398 5.5494035918463398 0.00032289320266040955 0.00032289320266040955 0.00032289320266040955 1 1 1 Converged Converged Converged OK OK OK 167 167 167 167 167 167 9 9 9 0 0 0 0 1 0 0 1
151 151 linear 0 0 1510 0 0.001 1.118533250006299 0.025489707694011269 0.011238180976263149 0.090494801258120788 0.088191784320511238 0.088247165062868158 0.5 -0.060444754785338381 20.537611866294419 OK 13 12 0.31885400000000003 0.318046 0.085467000000000001 0.229629 0.23155999999999999 0 0.089225000000000027 0.086486000000000007 0.085467000000000001 0.0091240000000000002 0.0090349999999999996 0.0087010000000000004 0.06366200000000001 0.06224399999999998 0.061534999999999999 0.0027470000000000003 0.0022360000000000001 0.0023769999999999998 0.00060800000000000003 0.000602 0.00057600000000000012 20.537704741835075 20.537704741835075 20.537704741835075 0.015095408072941355 0.015095408072941355 0.015095408072941355 1 1 1 Converged Converged Converged OK OK OK 52 52 52 52 52 52 4 4 4 0 0 0 0 0 1 0 0
151 151 linear 0 7 1510 1 0.001 1.118533250006299 0.025489707694011269 0.011238180976263149 0.090494801258120788 0.088191784320511238 0.089615291442587147 0.5 -0.061812881165057371 20.175504849961825 OK 13 12 0.31390099999999999 0.28074199999999999 0.080818000000000001 0.230161 0.158107 0 0.083739999999999981 0.12263499999999999 0.080818000000000001 0.0082909999999999998 0.0084200000000000004 0.0077860000000000004 0.062502000000000016 0.10084200000000003 0.060462999999999989 0.0023809999999999999 0.002647 0.0023760000000000001 0.000562 0.00056400000000000005 0.00054799999999999998 20.175789399049297 20.175789399049297 20.175789399049297 0.014241107470991153 0.014241107470991153 0.014241107470991153 1 1 1 Converged Converged Converged OK OK OK 52 52 52 52 52 52 4 4 4 0 0 0 0 1 0 0 1
151 151 linear 0 15 1510 2 0.001 1.118533250006299 0.025489707694011269 0.011238180976263149 0.090494801258120788 0.088191784320511238 0.09117886444798029 0.5 -0.063376454170450514 19.72996505131108 OK 13 12 0.31983899999999998 0.27077800000000002 0.079021999999999995 0.237543 0.154005 0 0.08229599999999998 0.11677300000000002 0.079021999999999995 0.0082819999999999994 0.0083129999999999992 0.0077400000000000004 0.060978000000000004 0.095447999999999977 0.05875399999999998 0.002359 0.0023500000000000001 0.0022240000000000003 0.00055699999999999999 0.000562 0.00055199999999999997 19.729987107954919 19.729987107954919 19.729987107954919 0.013020112522780179 0.013020112522780179 0.013020112522780179 1 1 1 Converged Converged Converged OK OK OK 52 52 52 52 52 52 4 4 4 0 0 0 0 1 0 0 1
151 151 linear 0 23 1510 3 0.001 1.118533250006299 0.025489707694011269 0.011238180976263149 0.090494801258120788 0.088191784320511238 0.092742437453373419 0.5 -0.064940027175843643 19.25496025700922 OK 13 12 0.31288700000000003 0.26900000000000002 0.080726999999999993 0.228463 0.147592 0 0.084424000000000027 0.12140800000000002 0.080726999999999993 0.0083309999999999999 0.008267 0.0076810000000000003 0.062770000000000006 0.100218 0.060612000000000006 0.0023370000000000001 0.0023110000000000001 0.00214 0.00062399999999999999 0.00063699999999999998 0.00058799999999999998 19.254817041965634 19.254817041965634 19.254817041965634 0.011509157570782601 0.011509157570782601 0.011509157570782601 1 1 1 Converged Converged Converged OK OK OK 52 52 52 52 52 52 4 4 4 0 0 0 0 1 0 0 1
151 151 linear 0 0 1510 0 0.0001 1.118533250006299 0.025489707694011269 0.011238180976263149 0.090494801258120788 0.088191784320511238 0.088247165062868158 0.5 -0.060444754785338381 20.537611866294419 OK 13 12 0.373697 0.36911100000000002 0.13769600000000001 0.232465 0.230965 0 0.141232 0.13814600000000002 0.13769600000000001 0.0090279999999999996 0.0090989999999999994 0.0088400000000000006 0.10242299999999999 0.099363000000000076 0.099395000000000025 0.0045429999999999993 0.0046429999999999996 0.0046730000000000001 0.0009410000000000001 0.00095600000000000004 0.00094299999999999994 20.537719756169945 20.537719756169945 20.537719756169945 0.0017428676764499895 0.0017428676764499895 0.0017428676764499895 1 1 1 Converged Converged Converged OK OK OK 92 92 92 92 92 92 4 4 4 0 0 0 0 0 1 0 0
151 151 linear 0 7 1510 1 0.0001 1.118533250006299 0.025489707694011269 0.011238180976263149 0.090494801258120788 0.088191784320511238 0.089615291442587147 0.5 -0.061812881165057371 20.175504849961825 OK 13 12 0.36451899999999998 0.36350300000000002 0.12954499999999999 0.22876199999999999 0.15640799999999999 0 0.13575699999999999 0.20709500000000003 0.12954499999999999 0.0084569999999999992 0.0082950000000000003 0.0078490000000000001 0.102116 0.17468999999999998 0.098642000000000021 0.0052979999999999989 0.0046319999999999998 0.0044010000000000004 0.0010170000000000001 0.00095300000000000007 0.00092000000000000003 20.175804286710605 20.175804286710605 20.175804286710605 0.0013885408285898902 0.0013885408285898902 0.0013885408285898902 1 1 1 Converged Converged Converged OK OK OK 92 92 92 92 92 92 4 4 4 0 0 0 0 1 0 0 1
151 151 linear 0 15 1510 2 0.0001 1.118533250006299 0.025489707694011269 0.011238180976263149 0.090494801258120788 0.088191784320511238 0.09117886444798029 0.5 -0.063376454170450514 19.72996505131108 OK 13 12 0.371417 0.36140699999999998 0.126892 0.237763 0.15307200000000001 0 0.133654 0.20833499999999996 0.126892 0.0083090000000000004 0.0082430000000000003 0.0077089999999999997 0.10015900000000001 0.17233799999999996 0.096131999999999967 0.0053119999999999999 0.0045449999999999996 0.0044750000000000007 0.00096799999999999989 0.00093000000000000005 0.0009140000000000001 19.730001644362204 19.730001644362204 19.730001644362204 0.0010113462722413618 0.0010113462722413618 0.0010113462722413618 1 1 1 Converged Converged Converged OK OK OK 92 92 92 92 92 92 4 4 4 0 0 0 0 1 0 0 1
151 151 linear 0 23 1510 3 0.0001 1.118533250006299 0.025489707694011269 0.011238180976263149 0.090494801258120788 0.088191784320511238 0.092742437453373419 0.5 -0.064940027175843643 19.25496025700922 OK 13 12 0.36652400000000002 0.350327 0.128856 0.23008000000000001 0.148618 0 0.13644400000000001 0.201709 0.128856 0.0082470000000000009 0.0084489999999999999 0.0077460000000000003 0.10433000000000002 0.16780100000000006 0.097922999999999982 0.0043990000000000001 0.0053899999999999998 0.0044530000000000004 0.00094300000000000015 0.001003 0.00093199999999999999 19.254830657365645 19.254830657365645 19.254830657365645 0.00068291412620361338 0.00068291412620361338 0.00068291412620361338 1 1 1 Converged Converged Converged OK OK OK 92 92 92 92 92 92 4 4 4 0 0 0 0 1 0 0 1
151 151 linear 1 0 1511 0 0.001 1.118533250006299 0.025489707694011269 0.011238180976263149 0.023313002571120536 -0.015283631631558619 0.021065366375867905 0.5 0.0067370439016618752 50.444990424970065 OK 14 13 0.67692099999999999 0.67488800000000004 0.162552 0.51034400000000002 0.51017000000000001 0 0.16657699999999998 0.16471800000000003 0.162552 0.013252999999999999 0.013553000000000001 0.013218000000000001 0.12336799999999996 0.12040300000000004 0.11980200000000002 0.0045299999999999993 0.0049880000000000002 0.0046709999999999998 0.00094900000000000008 0.0010549999999999999 0.00091499999999999991 50.444976118358397 50.444976118358397 50.444976118358397 0.040657047122652022 0.040657047122652022 0.040657047122652022 1 1 1 Converged Converged Converged OK OK OK 82 82 82 82 82 82 6 6 6 0 0 0 0 0 1 0 0
151 151 linear 1 7 1511 1 0.001 1.118533250006299 0.025489707694011269 0.011238180976263149 0.023313002571120536 -0.015283631631558619 0.022433492755586898 0.5 0.0053689175219428821 44.594833049682968 OK 14 13 0.55064000000000002 0.57784999999999997 0.130304 0.41683199999999998 0.31249300000000002 0 0.13380800000000004 0.26535699999999995 0.130304 0.012385999999999999 0.012581999999999999 0.0117 0.100742 0.23134499999999997 0.098024999999999973 0.0036170000000000004 0.0038770000000000002 0.0037769999999999995 0.000892 0.0009859999999999999 0.00090899999999999987 44.59505361468544 44.59505361468544 44.59505361468544 0.026816508491127451 0.026816508491127451 0.026816508491127451 1 1 1 Converged Converged Converged OK OK OK 74 74 74 74 74 74 6 6 6 0 0 0 0 1 0 0 1
151 151 linear 1 15 1511 2 0.001 1.118533250006299 0.025489707694011269 0.011238180976263149 0.023313002571120536 -0.015283631631558619 0.02399706576098003 0.5 0.0038053445165497496 37.381794903535983 OK 14 13 0.54825699999999999 0.57922799999999997 0.13256999999999999 0.40858499999999998 0.30932799999999999 0 0.13967200000000002 0.26989999999999997 0.13256999999999999 0.012456999999999999 0.012492 0.011325999999999999 0.10561700000000002 0.23510000000000003 0.10091799999999999 0.0040249999999999999 0.0042640000000000004 0.0035189999999999996 0.00098400000000000007 0.00093599999999999998 0.00094499999999999998 37.381883514586917 37.381883514586917 37.381883514586917 0.01582985006425729 0.01582985006425729 0.01582985006425729 1 1 1 Converged Converged Converged OK OK OK 74 74 74 74 74 74 6 6 6 0 0 0 0 1 0 0 1
151 151 linear 1 23 1511 3 0.001 1.118533250006299 0.025489707694011269 0.011238180976263149 0.023313002571120536 -0.015283631631558619 0.025560638766373166 0.5 0.0022417715111566136 30.031477399112802 OK 13 12 0.680585 0.70377999999999996 0.13145999999999999 0.54035299999999997 0.43736399999999998 0 0.14023200000000002 0.26641599999999999 0.13145999999999999 0.012541999999999999 0.012799 0.011736999999999999 0.10632299999999993 0.231817 0.099540999999999963 0.0039579999999999997 0.0042169999999999994 0.0036040000000000004 0.0010220000000000001 0.00099700000000000006 0.00093099999999999997 30.031603362515607 30.031603362515607 30.031603362515607 0.024009364383343161 0.024009364383343161 0.024009364383343161 1 1 1 Converged Converged Converged OK OK OK 74 74 74 74 74 74 6 6 6 0 0 0 0 1 0 0 1
151 151 linear 1 0 1511 0 0.0001 1.118533250006299 0.025489707694011269 0.011238180976263149 0.023313002571120536 -0.015283631631558619 0.021065366375867905 0.5 0.0067370439016618752 50.444990424970065 OK 14 13 0.73204999999999998 0.72176799999999997 0.20798700000000001 0.51710800000000001 0.512571 0 0.21494199999999997 0.20919699999999997 0.20798700000000001 0.013821999999999999 0.013639 0.013155 0.16028599999999996 0.15547999999999998 0.15516799999999994 0.0059299999999999995 0.0057619999999999998 0.0057129999999999993 0.00166 0.0014959999999999999 0.0014559999999999998 50.444988954221962 50.444988954221962 50.444988954221962 0.00085540699229215303 0.00085540699229215303 0.00085540699229215303 1 1 1 Converged Converged Converged OK OK OK 106 106 106 106 106 106 6 6 6 0 0 0 0 0 1 0 0
151 151 linear 1 7 1511 1 0.0001 1.118533250006299 0.025489707694011269 0.011238180976263149 0.023313002571120536 -0.015283631631558619 0.022433492755586898 0.5 0.0053689175219428821 44.594833049682968 OK 14 13 0.62321800000000005 0.71108700000000002 0.19308600000000001 0.423128 0.30825799999999998 0 0.20009000000000005 0.40282900000000005 0.19308600000000001 0.012347 0.012429000000000001 0.011797999999999999 0.15674699999999994 0.35557099999999991 0.15112300000000001 0.0057650000000000002 0.0063129999999999992 0.0056449999999999998 0.0013989999999999999 0.0013889999999999998 0.0013859999999999999 44.595077431238821 44.595077431238821 44.595077431238821 0.0012459178636420472 0.0012459178636420472 0.0012459178636420472 1 1 1 Converged Converged Converged OK OK OK 106 106 106 106 106 106 6 6 6 0 0 0 0 1 0 0 1
151 151 linear 1 15 1511 2 0.0001 1.118533250006299 0.025489707694011269 0.011238180976263149 0.023313002571120536 -0.015283631631558619 0.02399706576098003 0.5 0.0038053445165497496 37.381794903535983 OK 14 13 0.62466600000000005 0.74047700000000005 0.206652 0.40736099999999997 0.30906800000000001 0 0.21730500000000008 0.43140900000000004 0.206652 0.011963 0.012085 0.011327 0.16987299999999997 0.38349299999999992 0.16077800000000003 0.0062600000000000008 0.0064709999999999993 0.0061799999999999997 0.0013730000000000001 0.001403 0.001323 37.381907582496133 37.381907582496133 37.381907582496133 0.0033298080122350026 0.0033298080122350026 0.0033298080122350026 1 1 1 Converged Converged Converged OK OK OK 114 114 114 114 114 114 6 6 6 0 0 0 0 1 0 0 1
151 151 linear 1 23 1511 3 0.0001 1.118533250006299 0.025489707694011269 0.011238180976263149 0.023313002571120536 -0.015283631631558619 0.025560638766373166 0.5 0.0022417715111566136 30.031477399112802 OK 13 12 0.74154399999999998 0.839449 0.19403300000000001 0.54314600000000002 0.43817899999999999 0 0.19839799999999996 0.40127000000000002 0.19403300000000001 0.012739 0.01255 0.011814 0.15217799999999995 0.355767 0.15056800000000001 0.0067239999999999999 0.0065949999999999993 0.006123 0.001585 0.0015099999999999998 0.0014469999999999999 30.031348750828919 30.031348750828919 30.031348750828919 0.0022495272403512084 0.0022495272403512084 0.0022495272403512084 1 1 1 Converged Converged Converged OK OK OK 114 114 114 114 114 114 6 6 6 0 0 0 0 1 0 0 1
151 151 linear 2 0 1512 0 0.001 1.118533250006299 0.025489707694011269 0.011238180976263149 0.0026230967898713368 -0.01481947950167516 0.00037546059461870691 0.5 0.027426949682911074 44.449040343079254 OK 15 14 0.59830899999999998 0.591395 0.19253700000000001 0.39851399999999998 0.39465499999999998 0 0.199795 0.19674000000000003 0.19253700000000001 0.015640999999999999 0.015851000000000001 0.015589 0.14403499999999997 0.14111800000000008 0.13715599999999997 0.0056839999999999998 0.0056660000000000009 0.0056010000000000001 0.0013749999999999999 0.0014329999999999998 0.0013540000000000002 44.449426991989384 44.449426991989384 44.449426991989384 0.025220556431490678 0.025220556431490678 0.025220556431490678 1 1 1 Converged Converged Converged OK OK OK 105 105 105 105 105 105 7 7 7 0 0 0 0 0 1 0 0
151 151 linear 2 7 1512 1 0.001 1.118533250006299 0.025489707694011269 0.011238180976263149 0.0026230967898713368 -0.01481947950167516 0.0017435869743376992 0.5 0.026058823303192081 47.589776911400648 OK 15 14 0.69535800000000003 0.74189700000000003 0.18649099999999999 0.501162 0.40118900000000002 0 0.19419600000000004 0.34070800000000001 0.18649099999999999 0.014907999999999999 0.015546000000000001 0.014437 0.14865299999999998 0.29337700000000017 0.14179399999999998 0.0054469999999999996 0.0059020000000000001 0.0056050000000000006 0.0012429999999999997 0.001359 0.0012489999999999999 47.589713628615335 47.589713628615335 47.589713628615335 0.019262058574110688 0.019262058574110688 0.019262058574110688 1 1 1 Converged Converged Converged OK OK OK 105 105 105 105 105 105 7 7 7 0 0 0 0 1 0 0 1
151 151 linear 2 15 1512 2 0.001 1.118533250006299 0.025489707694011269 0.011238180976263149 0.0026230967898713368 -0.01481947950167516 0.003307159979730833 0.5 0.024495250297798948 52.292125155481919 OK 15 14 0.69159899999999996 0.77686999999999995 0.18187500000000001 0.50459699999999996 0.41343299999999999 0 0.187002 0.36343699999999995 0.18187500000000001 0.014886 0.016419 0.014259000000000001 0.14131900000000003 0.31455000000000005 0.13751700000000003 0.0054510000000000001 0.0061360000000000008 0.0055040000000000002 0.0012260000000000001 0.0013990000000000001 0.0012280000000000001 52.292031906534902 52.292031906534902 52.292031906534902 0.033951821114939107 0.033951821114939107 0.033951821114939107 1 1 1 Converged Converged Converged OK OK OK 105 105 105 105 105 105 7 7 7 0 0 0 0 1 0 0 1
151 151 linear 2 23 1512 3 0.001 1.118533250006299 0.025489707694011269 0.011238180976263149 0.0026230967898713368 -0.01481947950167516 0.0048707329851239668 0.5 0.022931677292405812 59.939509308297332 OK 14 13 0.75178900000000004 0.77917499999999995 0.154748 0.59267300000000001 0.49870599999999998 0 0.15911600000000004 0.28046899999999997 0.154748 0.012390999999999999 0.012789 0.011664000000000001 0.12140999999999999 0.24158499999999997 0.11814100000000002 0.0044270000000000004 0.0047070000000000002 0.0045479999999999991 0.00091499999999999991 0.00093999999999999997 0.00093099999999999997 59.939497442159755 59.939497442159755 59.939497442159755 0.034634318703362754 0.034634318703362754 0.034634318703362754 1 1 1 Converged Converged Converged OK OK OK 89 89 89 89 89 89 7 7 7 0 0 0 0 1 0 0 1
151 151 linear 2 0 1512 0 0.0001 1.118533250006299 0.025489707694011269 0.011238180976263149 0.0026230967898713368 -0.01481947950167516 0.00037546059461870691 0.5 0.027426949682911074 44.449040343079254 OK 15 14 0.69815300000000002 0.69159700000000002 0.29569800000000002 0.39876400000000001 0.396735 0 0.29938900000000002 0.29486200000000001 0.29569800000000002 0.015761000000000001 0.015970999999999999 0.016161999999999999 0.2159670000000001 0.21081399999999997 0.21485499999999996 0.012685 0.0096679999999999995 0.009615000000000002 0.0018160000000000001 0.00198 0.0018909999999999997 44.449051497535322 44.449051497535322 44.449051497535322 0.0022892073394205192 0.0022892073394205192 0.0022892073394205192 1 1 1 Converged Converged Converged OK OK OK 161 161 161 161 161 161 7 7 7 0 0 0 0 0 1 0 0
151 151 linear 2 7 1512 1 0.0001 1.118533250006299 0.025489707694011269 0.011238180976263149 0.0026230967898713368 -0.01481947950167516 0.0017435869743376992 0.5 0.026058823303192081 47.589776911400648 OK 15 14 0.76552299999999995 0.83729600000000004 0.25125199999999998 0.50286699999999995 0.39871600000000001 0 0.262656 0.43858000000000003 0.25125199999999998 0.015433000000000001 0.015452 0.014452 0.20247199999999999 0.37896499999999994 0.19359499999999999 0.008398000000000001 0.0079050000000000006 0.0081009999999999988 0.0019409999999999998 0.0019509999999999996 0.0017539999999999999 47.589742656951984 47.589742656951984 47.589742656951984 0.0041220723908662847 0.0041220723908662847 0.0041220723908662847 1 1 1 Converged Converged Converged OK OK OK 145 145 145 145 145 145 7 7 7 0 0 0 0 1 0 0 1
151 151 linear 2 15 1512 2 0.0001 1.118533250006299 0.025489707694011269 0.011238180976263149 0.0026230967898713368 -0.01481947950167516 0.003307159979730833 0.5 0.024495250297798948 52.292125155481919 OK 15 14 0.75405199999999994 0.858572 0.24057300000000001 0.50403699999999996 0.410084 0 0.25001499999999999 0.448488 0.24057300000000001 0.018367000000000001 0.015288 0.014213 0.19187799999999988 0.39155400000000007 0.18682499999999999 0.0073359999999999996 0.0080269999999999994 0.0074689999999999999 0.001774 0.0018729999999999999 0.0017310000000000001 52.292059740744271 52.292059740744271 52.292059740744271 0.0033517378620891883 0.0033517378620891883 0.0033517378620891883 1 1 1 Converged Converged Converged OK OK OK 137 137 137 137 137 137 7 7 7 0 0 0 0 1 0 0 1
151 151 linear 2 23 1512 3 0.0001 1.118533250006299 0.025489707694011269 0.011238180976263149 0.0026230967898713368 -0.01481947950167516 0.0048707329851239668 0.5 0.022931677292405812 59.939509308297332 OK 14 13 0.82782999999999995 0.90640600000000004 0.22495799999999999 0.59460800000000003 0.49262800000000001 0 0.23322199999999993 0.41377800000000003 0.22495799999999999 0.012876 0.012895999999999999 0.011972999999999999 0.18256499999999995 0.36234899999999992 0.17680300000000007 0.0074929999999999997 0.0077210000000000004 0.0067929999999999996 0.001585 0.0016330000000000001 0.0014790000000000001 59.939505744627901 59.939505744627901 59.939505744627901 0.0033524234580038278 0.0033524234580038278 0.0033524234580038278 1 1 1 Converged Converged Converged OK OK OK 129 129 129 129 129 129 7 7 7 0 0 0 0 1 0 0 1
151 151 linear 3 0 1513 0 0.001 1.118533250006299 0.025489707694011269 0.011238180976263149 -0.24552417151542821 -0.1820328401879388 -0.24777180771068083 0.5 0.27557421798821063 3.3605707402539284 OK 13 12 0.39459100000000003 0.39163799999999999 0.104033 0.28969099999999998 0.29003299999999999 0 0.10490000000000005 0.101605 0.104033 0.009214 0.0088719999999999997 0.008652 0.073111999999999983 0.071137000000000006 0.073905999999999999 0.0035100000000000001 0.0031489999999999999 0.0032100000000000002 0.00070800000000000008 0.00067100000000000005 0.00066600000000000003 3.3605687000731117 3.3605687000731117 3.3605687000731117 0.0024663770737866856 0.0024663770737866856 0.0024663770737866856 1 1 1 Converged Converged Converged OK OK OK 61 61 61 61 61 61 3 3 3 0 0 0 0 0 1 0 0
151 151 linear 3 7 1513 1 0.001 1.118533250006299 0.025489707694011269 0.011238180976263149 -0.24552417151542821 -0.1820328401879388 -0.24640368133096185 0.5 0.27420609160849163 3.398585024575679 OK 13 12 0.40651500000000002 0.332789 0.095148999999999997 0.30876100000000001 0.18177599999999999 0 0.097754000000000008 0.15101300000000001 0.095148999999999997 0.0081130000000000004 0.0082419999999999993 0.0077250000000000001 0.070293000000000008 0.123352 0.068578999999999987 0.0032940000000000001 0.0035249999999999999 0.0032780000000000001 0.00071199999999999996 0.0007400000000000001 0.00070700000000000016 3.3985828789704611 3.3985828789704611 3.3985828789704611 0.0025100094214837547 0.0025100094214837547 0.0025100094214837547 1 1 1 Converged Converged Converged OK OK OK 61 61 61 61 61 61 3 3 3 0 0 0 0 1 0 0 1
151 151 linear 3 15 1513 2 0.001 1.118533250006299 0.025489707694011269 0.011238180976263149 -0.24552417151542821 -0.1820328401879388 -0.24484010832556871 0.5 0.27264251860309852 3.4485048127526601 OK 13 12 0.41183199999999998 0.34934900000000002 0.094903000000000001 0.31393599999999999 0.182001 0 0.097895999999999983 0.16734800000000002 0.094903000000000001 0.0082690000000000003 0.0081939999999999999 0.0077340000000000004 0.070274000000000017 0.13997999999999999 0.068587000000000023 0.003356 0.0033299999999999996 0.0031400000000000004 0.00070699999999999995 0.00072300000000000001 0.000696 3.4485026363920839 3.4485026363920839 3.4485026363920839 0.0025648749885033096 0.0025648749885033096 0.0025648749885033096 1 1 1 Converged Converged Converged OK OK OK 61 61 61 61 61 61 3 3 3 0 0 0 0 1 0 0 1
151 151 linear 3 23 1513 3 0.001 1.118533250006299 0.025489707694011269 0.011238180976263149 -0.24552417151542821 -0.1820328401879388 -0.2432765353201756 0.5 0.2710789455977054 3.5084707818521603 OK 13 12 0.40202300000000002 0.31386199999999997 0.096206 0.30238300000000001 0.17643600000000001 0 0.099640000000000006 0.13742599999999996 0.096206 0.0082760000000000004 0.0082920000000000008 0.0076420000000000004 0.07202900000000001 0.109891 0.070068999999999992 0.0033300000000000005 0.0034199999999999994 0.0031980000000000003 0.00068800000000000003 0.000669 0.00066199999999999994 3.5084684001734998 3.5084684001734998 3.5084684001734998 0.0026276164844336708 0.0026276164844336708 0.0026276164844336708 1 1 1 Converged Converged Converged OK OK OK 61 61 61 61 61 61 3 3 3 0 0 0 0 1 0 0 1
151 151 linear 3 0 1513 0 0.0001 1.118533250006299 0.025489707694011269 0.011238180976263149 -0.24552417151542821 -0.1820328401879388 -0.24777180771068083 0.5 0.27557421798821063 3.3605707402539284 OK 13 12 0.44505299999999998 0.44006400000000001 0.147506 0.294207 0.28695300000000001 0 0.15084599999999998 0.153111 0.147506 0.0086920000000000001 0.0088749999999999992 0.0084720000000000004 0.10830400000000004 0.11040700000000002 0.10580200000000002 0.0049090000000000002 0.0050309999999999999 0.0049510000000000005 0.00088900000000000003 0.00091 0.00088400000000000002 3.3605687010558913 3.3605687010558913 3.3605687010558913 1.7869179924714561e-08 1.7869179924714561e-08 1.7869179924714561e-08 1 1 1 Converged Converged Converged OK OK OK 93 93 93 93 93 93 3 3 3 0 0 0 0 0 1 0 0
151 151 linear 3 7 1513 1 0.0001 1.118533250006299 0.025489707694011269 0.011238180976263149 -0.24552417151542821 -0.1820328401879388 -0.24640368133096185 0.5 0.27420609160849163 3.398585024575679 OK 13 12 0.44874199999999997 0.397926 0.138459 0.30646499999999999 0.179759 0 0.14227699999999999 0.218167 0.138459 0.0083020000000000004 0.0082400000000000008 0.007711 0.10491899999999996 0.18076700000000001 0.10215999999999995 0.0050809999999999996 0.0051510000000000002 0.005071 0.00090499999999999988 0.00091599999999999993 0.00092400000000000002 3.3985828806835512 3.3985828806835512 3.3985828806835512 1.9209795330640316e-08 1.9209795330640316e-08 1.9209795330640316e-08 1 1 1 Converged Converged Converged OK OK OK 93 93 93 93 93 93 3 3 3 0 0 0 0 1 0 0 1
151 151 linear 3 15 1513 2 0.0001 1.118533250006299 0.025489707694011269 0.011238180976263149 -0.24552417151542821 -0.1820328401879388 -0.24484010832556871 0.5 0.27264251860309852 3.4485048127526601 OK 13 12 0.46134799999999998 0.42209999999999998 0.14025899999999999 0.317332 0.18520900000000001 0 0.14401599999999998 0.23689099999999996 0.14025899999999999 0.0081910000000000004 0.0081270000000000005 0.0076689999999999996 0.106639 0.19959600000000005 0.10404399999999998 0.0050400000000000002 0.0051139999999999996 0.0049750000000000003 0.00091799999999999998 0.00093899999999999995 0.00091799999999999987 3.4485026394969265 3.4485026394969265 3.4485026394969265 2.1894930018811479e-08 2.1894930018811479e-08 2.1894930018811479e-08 1 1 1 Converged Converged Converged OK OK OK 93 93 93 93 93 93 3 3 3 0 0 0 0 1 0 0 1
151 151 linear 3 23 1513 3 0.0001 1.118533250006299 0.025489707694011269 0.011238180976263149 -0.24552417151542821 -0.1820328401879388 -0.2432765353201756 0.5 0.2710789455977054 3.5084707818521603 OK 13 12 0.44664300000000001 0.37908599999999998 0.141345 0.301118 0.17599699999999999 0 0.14552500000000002 0.20308899999999999 0.141345 0.0081449999999999995 0.0083009999999999994 0.007705 0.10824600000000004 0.16561999999999999 0.10527099999999998 0.0051060000000000012 0.0051169999999999992 0.0049519999999999998 0.00090700000000000004 0.00091099999999999992 0.00089700000000000001 3.5084684047222341 3.5084684047222341 3.5084684047222341 2.6459025502970696e-08 2.6459025502970696e-08 2.6459025502970696e-08 1 1 1 Converged Converged Converged OK OK OK 93 93 93 93 93 93 3 3 3 0 0 0 0 1 0 0 1
151 151 linear 4 0 1514 0 0.001 1.118533250006299 0.025489707694011269 0.011238180976263149 0.093079064559940902 -0.10841272226477298 0.090831428364688271 0.5 -0.063029018087158495 9.6623293149282024 OK 13 12 0.31713200000000002 0.31528299999999998 0.083731 0.23108600000000001 0.23072400000000001 0 0.086046000000000011 0.084558999999999968 0.083731 0.0088120000000000004 0.008907 0.0085880000000000001 0.058424000000000011 0.057318000000000008 0.056984 0.0027139999999999998 0.0027789999999999998 0.0026359999999999999 0.00055199999999999997 0.00057600000000000001 0.00055000000000000003 9.6623096634827768 9.6623096634827768 9.6623096634827768 0.0084504639460844487 0.0084504639460844487 0.0084504639460844487 1 1 1 Converged Converged Converged OK OK OK 53 53 53 53 53 53 3 3 3 0 0 0 0 0 1 0 0
151 151 linear 4 7 1514 1 0.001 1.118533250006299 0.025489707694011269 0.011238180976263149 0.093079064559940902 -0.10841272226477298 0.092199554744407261 0.5 -0.064397144466877485 9.6666682414876099 OK 13 12 0.29638999999999999 0.28627200000000003 0.084682999999999994 0.209006 0.13291600000000001 0 0.087383999999999989 0.15335600000000002 0.084682999999999994 0.0080660000000000003 0.0081279999999999998 0.0076829999999999997 0.062639999999999987 0.12852499999999997 0.060857999999999988 0.002771 0.0028040000000000001 0.002777 0.00056400000000000005 0.00056800000000000004 0.00056000000000000006 9.6666488365592542 9.6666488365592542 9.6666488365592542 0.0083888760609950874 0.0083888760609950874 0.0083888760609950874 1 1 1 Converged Converged Converged OK OK OK 53 53 53 53 53 53 3 3 3 0 0 0 0 1 0 0 1
151 151 linear 4 15 1514 2 0.001 1.118533250006299 0.025489707694011269 0.011238180976263149 0.093079064559940902 -0.10841272226477298 0.093763127749800404 0.5 -0.065960717472270627 9.6732474405208198 OK 13 12 0.30627900000000002 0.29045199999999999 0.083650000000000002 0.21970300000000001 0.13953299999999999 0 0.086576000000000014 0.150919 0.083650000000000002 0.0082710000000000006 0.0081419999999999999 0.0077289999999999998 0.061602999999999984 0.12638099999999999 0.059910000000000012 0.0027750000000000001 0.002702 0.0026480000000000002 0.00056399999999999994 0.00056599999999999999 0.000553 9.6732281613727462 9.6732281613727462 9.6732281613727462 0.0083189651497356572 0.0083189651497356572 0.0083189651497356572 1 1 1 Converged Converged Converged OK OK OK 53 53 53 53 53 53 3 3 3 0 0 0 0 1 0 0 1
151 151 linear 4 23 1514 3 0.001 1.118533250006299 0.025489707694011269 0.011238180976263149 0.093079064559940902 -0.10841272226477298 0.095326700755193533 0.5 -0.067524290477663756 9.6817095228331151 OK 13 12 0.29984699999999997 0.29836699999999999 0.088412000000000004 0.210536 0.126356 0 0.089310999999999974 0.172011 0.088412000000000004 0.0081019999999999998 0.0082710000000000006 0.0078619999999999992 0.064614000000000005 0.14355399999999993 0.063942000000000013 0.0028220000000000003 0.002944 0.002892 0.00058699999999999996 0.000562 0.000553 9.6816903493137687 9.6816903493137687 9.6816903493137687 0.0082495879724914928 0.0082495879724914928 0.0082495879724914928 1 1 1 Converged Converged Converged OK OK OK 53 53 53 53 53 53 3 3 3 0 0 0 0 1 0 0 1
151 151 linear 4 0 1514 0 0.0001 1.118533250006299 0.025489707694011269 0.011238180976263149 0.093079064559940902 -0.10841272226477298 0.090831428364688271 0.5 -0.063029018087158495 9.6623293149282024 OK 13 12 0.35473500000000002 0.35351700000000003 0.118923 0.232791 0.22974 0 0.12194400000000002 0.12377700000000003 0.118923 0.0088249999999999995 0.0088380000000000004 0.0085990000000000007 0.085121000000000002 0.086696999999999982 0.082601999999999995 0.0040149999999999995 0.0041520000000000003 0.0039870000000000001 0.00081899999999999985 0.0008389999999999999 0.00080699999999999999 9.6623235942549002 9.6623235942549002 9.6623235942549002 2.814436298183403e-05 2.814436298183403e-05 2.814436298183403e-05 1 1 1 Converged Converged Converged OK OK OK 77 77 77 77 77 77 3 3 3 0 0 0 0 0 1 0 0
151 151 linear 4 7 1514 1 0.0001 1.118533250006299 0.025489707694011269 0.011238180976263149 0.093079064559940902 -0.10841272226477298 0.092199554744407261 0.5 -0.064397144466877485 9.6666682414876099 OK 13 12 0.33293 0.33922200000000002 0.116683 0.208983 0.13467499999999999 0 0.123947 0.20454700000000003 0.116683 0.0081700000000000002 0.0083859999999999994 0.0076889999999999997 0.091483999999999996 0.17182399999999992 0.085476999999999984 0.0041460000000000004 0.0042290000000000001 0.0039309999999999996 0.00081800000000000004 0.00083999999999999993 0.00080799999999999991 9.6666626317190598 9.6666626317190598 9.6666626317190598 2.7881264399294162e-05 2.7881264399294162e-05 2.7881264399294162e-05 1 1 1 Converged Converged Converged OK OK OK 77 77 77 77 77 77 3 3 3 0 0 0 0 1 0 0 1
151 151 linear 4 15 1514 2 0.0001 1.118533250006299 0.025489707694011269 0.011238180976263149 0.093079064559940902 -0.10841272226477298 0.093763127749800404 0.5 -0.065960717472270627 9.6732474405208198 OK 13 12 0.33771899999999999 0.34642200000000001 0.11514099999999999 0.21914400000000001 0.138656 0 0.11857499999999999 0.20776600000000001 0.11514099999999999 0.0081969999999999994 0.0083040000000000006 0.0077120000000000001 0.086454000000000003 0.17540299999999998 0.084063000000000054 0.0039519999999999998 0.0042130000000000006 0.0039500000000000004 0.00081399999999999994 0.00081999999999999998 0.00079999999999999993 9.6732418034187457 9.6732418034187457 9.6732418034187457 2.7585401170065508e-05 2.7585401170065508e-05 2.7585401170065508e-05 1 1 1 Converged Converged Converged OK OK OK 77 77 77 77 77 77 3 3 3 0 0 0 0 1 0 0 1
151 151 linear 4 23 1514 3 0.0001 1.118533250006299 0.025489707694011269 0.011238180976263149 0.093079064559940902 -0.10841272226477298 0.095326700755193533 0.5 -0.067524290477663756 9.6817095228331151 OK 13 12 0.333841 0.34277999999999997 0.116566 0.21382100000000001 0.12825700000000001 0 0.12001999999999999 0.21452299999999996 0.116566 0.0081379999999999994 0.0083119999999999999 0.007672 0.088108000000000006 0.18213800000000005 0.085502999999999968 0.0039639999999999996 0.004032 0.003993 0.00081799999999999993 0.00080399999999999992 0.00081899999999999985 9.6817038402142401 9.6817038402142401 9.6817038402142401 2.7294527995859609e-05 2.7294527995859609e-05 2.7294527995859609e-05 1 1 1 Converged Converged Converged OK OK OK 77 77 77 77 77 77 3 3 3 0 0 0 0 1 0 0 1
151 151 uniform 0 0 1515 0 0.001 1.118533250006299 0.025489707694011269 0.011238180976263149 0.090494801258120788 0.088191784320511238 0.088247165062868158 0 -0.060444754785338381 19.929442612808618 OK 13 12 0.30919999999999997 0.30837199999999998 0.075741000000000003 0.232265 0.23161499999999999 0 0.076934999999999976 0.076756999999999992 0.075741000000000003 0.0092079999999999992 0.0091940000000000008 0.0088749999999999992 0.051990000000000008 0.051851000000000001 0.051390999999999992 0.0022039999999999998 0.0021509999999999997 0.0021559999999999999 0.00055399999999999991 0.00058 0.00056800000000000004 19.929442052754528 19.929442052754528 19.929442052754528 0.0083552115134130998 0.0083552115134130998 0.0083552115134130998 1 1 1 Converged Converged Converged OK OK OK 52 52 52 52 52 52 4 4 4 0 0 0 0 0 1 0 0
151 151 uniform 0 7 1515 1 0.001 1.118533250006299 0.025489707694011269 0.011238180976263149 0.090494801258120788 0.088191784320511238 0.089615291442587147 0 -0.061812881165057371 19.561714265852327 OK 13 12 0.30310900000000002 0.26875700000000002 0.070261000000000004 0.23172599999999999 0.15784000000000001 0 0.07138300000000003 0.11091700000000002 0.070261000000000004 0.0083009999999999994 0.0083029999999999996 0.0078650000000000005 0.050601000000000007 0.090151000000000009 0.050362000000000011 0.0019359999999999998 0.0020409999999999998 0.0019969999999999996 0.00054600000000000004 0.00056599999999999999 0.00053499999999999999 19.561712968639835 19.561712968639835 19.561712968639835 0.007789346741671541 0.007789346741671541 0.007789346741671541 1 1 1 Converged Converged Converged OK OK OK 52 52 52 52 52 52 4 4 4 0 0 0 0 1 0 0 1
151 151 uniform 0 15 1515 2 0.001 1.118533250006299 0.025489707694011269 0.011238180976263149 0.090494801258120788 0.088191784320511238 0.09117886444798029 0 -0.063376454170450514 19.121059889195699 OK 13 12 0.30851299999999998 0.25914599999999999 0.068145999999999998 0.23868900000000001 0.15371499999999999 0 0.069823999999999969 0.105431 0.068145999999999998 0.0082990000000000008 0.0082520000000000007 0.0077669999999999996 0.048817000000000006 0.084809000000000009 0.048439999999999983 0.0020220000000000004 0.0020169999999999997 0.0019189999999999999 0.00054699999999999996 0.00055000000000000003 0.00055199999999999997 19.121057261117365 19.121057261117365 19.121057261117365 0.006964462353972631 0.006964462353972631 0.006964462353972631 1 1 1 Converged Converged Converged OK OK OK 52 52 52 52 52 52 4 4 4 0 0 0 0 1 0 0 1
151 151 uniform 0 23 1515 3 0.001 1.118533250006299 0.025489707694011269 0.011238180976263149 0.090494801258120788 0.088191784320511238 0.092742437453373419 0 -0.064940027175843643 18.662116967098157 OK 13 12 0.30107400000000001 0.25922699999999999 0.070321999999999996 0.229407 0.15080199999999999 0 0.071667000000000008 0.10842499999999999 0.070321999999999996 0.0082380000000000005 0.0084700000000000001 0.0076400000000000001 0.050726000000000007 0.086394000000000026 0.050466999999999977 0.0020920000000000001 0.0023450000000000003 0.0020330000000000001 0.00058700000000000007 0.00062399999999999999 0.00054099999999999992 18.662114788082292 18.662114788082292 18.662114788082292 0.005928916303414705 0.005928916303414705 0.005928916303414705 1 1 1 Converged Converged Converged OK OK OK 52 52 52 52 52 52 4 4 4 0 0 0 0 1 0 0 1
151 151 uniform 0 0 1515 0 0.0001 1.118533250006299 0.025489707694011269 0.011238180976263149 0.090494801258120788 0.088191784320511238 0.088247165062868158 0 -0.060444754785338381 19.929442612808618 OK 13 12 0.35359099999999999 0.350773 0.118302 0.22950699999999999 0.23171600000000001 0 0.124084 0.119057 0.118302 0.0092849999999999999 0.0089479999999999994 0.008633 0.085160999999999987 0.081327999999999998 0.081158999999999981 0.0041980000000000003 0.0040850000000000001 0.00396 0.00094399999999999996 0.00092599999999999996 0.00091399999999999999 19.929445150271683 19.929445150271683 19.929445150271683 0.00097526425662074017 0.00097526425662074017 0.00097526425662074017 1 1 1 Converged Converged Converged OK OK OK 92 92 92 92 92 92 4 4 4 0 0 0 0 0 1 0 0
151 151 uniform 0 7 1515 1 0.0001 1.118533250006299 0.025489707694011269 0.011238180976263149 0.090494801258120788 0.088191784320511238 0.089615291442587147 0 -0.061812881165057371 19.561714265852327 OK 13 12 0.34127000000000002 0.34845599999999999 0.110679 0.22956299999999999 0.157303 0 0.11170700000000003 0.19115299999999999 0.110679 0.0083280000000000003 0.0083949999999999997 0.0078399999999999997 0.08038499999999997 0.15903 0.080248000000000014 0.0039579999999999997 0.0041400000000000005 0.0040460000000000001 0.00091300000000000007 0.0009369999999999999 0.00090699999999999993 19.561716061770969 19.561716061770969 19.561716061770969 0.00079345919354790659 0.00079345919354790659 0.00079345919354790659 1 1 1 Converged Converged Converged OK OK OK 92 92 92 92 92 92 4 4 4 0 0 0 0 1 0 0 1
151 151 uniform 0 15 1515 2 0.0001 1.118533250006299 0.025489707694011269 0.011238180976263149 0.090494801258120788 0.088191784320511238 0.09117886444798029 0 -0.063376454170450514 19.121059889195699 OK 13 12 0.34684700000000002 0.34345700000000001 0.108319 0.23738300000000001 0.15840899999999999 0 0.10946400000000001 0.18504800000000002 0.108319 0.0081609999999999999 0.0082150000000000001 0.0077250000000000001 0.078180999999999987 0.15370900000000001 0.077933000000000002 0.004078 0.0040529999999999993 0.003986 0.00088900000000000003 0.00088500000000000015 0.00087300000000000008 19.121060261453003 19.121060261453003 19.121060261453003 0.00059496513156421279 0.00059496513156421279 0.00059496513156421279 1 1 1 Converged Converged Converged OK OK OK 92 92 92 92 92 92 4 4 4 0 0 0 0 1 0 0 1
151 151 uniform 0 23 1515 3 0.0001 1.118533250006299 0.025489707694011269 0.011238180976263149 0.090494801258120788 0.088191784320511238 0.092742437453373419 0 -0.064940027175843643 18.662116967098157 OK 13 12 0.32830999999999999 0.29813099999999998 0.094545000000000004 0.23246800000000001 0.15085799999999999 0 0.095841999999999983 0.14727299999999999 0.094545000000000004 0.0082070000000000008 0.0082880000000000002 0.0077029999999999998 0.067473999999999978 0.11858299999999995 0.067398 0.0032690000000000002 0.0034569999999999996 0.0032289999999999997 0.00081399999999999994 0.00082100000000000012 0.000825 18.66211773023641 18.66211773023641 18.66211773023641 0.0015253924911578349 0.0015253924911578349 0.0015253924911578349 1 1 1 Converged Converged Converged OK OK OK 76 76 76 76 76 76 4 4 4 0 0 0 0 1 0 0 1
151 151 uniform 1 0 1516 0 0.001 1.118533250006299 0.025489707694011269 0.011238180976263149 0.023313002571120536 -0.015283631631558619 0.021065366375867905 0 0.0067370439016618752 51.943668979132838 OK 14 13 0.65039899999999995 0.65443200000000001 0.13985500000000001 0.51024899999999995 0.51344599999999996 0 0.14015 0.14098600000000006 0.13985500000000001 0.013176 0.013448 0.013129 0.097654999999999992 0.097831000000000001 0.097694000000000003 0.0042819999999999993 0.0041869999999999997 0.0043320000000000008 0.00093700000000000001 0.0010160000000000002 0.00097099999999999997 51.943673293249105 51.943673293249105 51.943673293249105 0.028743041693512817 0.028743041693512817 0.028743041693512817 1 1 1 Converged Converged Converged OK OK OK 82 82 82 82 82 82 6 6 6 0 0 0 0 0 1 0 0
151 151 uniform 1 7 1516 1 0.001 1.118533250006299 0.025489707694011269 0.011238180976263149 0.023313002571120536 -0.015283631631558619 0.022433492755586898 0 0.0053689175219428821 46.596753177465494 OK 14 13 0.53163499999999997 0.56156200000000001 0.112248 0.41641499999999998 0.314882 0 0.11521999999999999 0.24668000000000001 0.112248 0.012503 0.012422000000000001 0.011757999999999999 0.081558000000000033 0.21322199999999991 0.080483999999999972 0.0036190000000000003 0.0035990000000000002 0.0034710000000000001 0.00097499999999999996 0.00095100000000000002 0.00090799999999999995 46.596746584991728 46.596746584991728 46.596746584991728 0.018043101144057674 0.018043101144057674 0.018043101144057674 1 1 1 Converged Converged Converged OK OK OK 74 74 74 74 74 74 6 6 6 0 0 0 0 1 0 0 1
151 151 uniform 1 15 1516 2 0.001 1.118533250006299 0.025489707694011269 0.011238180976263149 0.023313002571120536 -0.015283631631558619 0.02399706576098003 0 0.0038053445165497496 39.568848735540008 OK 14 13 0.52426399999999995 0.55701699999999998 0.117213 0.40657199999999999 0.308861 0 0.11769199999999996 0.24815599999999999 0.117213 0.012222999999999999 0.012112 0.011658 0.084382000000000013 0.21578299999999995 0.085332000000000005 0.0037930000000000004 0.0034520000000000002 0.0033069999999999996 0.00097300000000000002 0.00091600000000000004 0.00096900000000000003 39.568844148707214 39.568844148707214 39.568844148707214 0.012804989460591654 0.012804989460591654 0.012804989460591654 1 1 1 Converged Converged Converged OK OK OK 74 74 74 74 74 74 6 6 6 0 0 0 0 1 0 0 1
151 151 uniform 1 23 1516 3 0.001 1.118533250006299 0.025489707694011269 0.011238180976263149 0.023313002571120536 -0.015283631631558619 0.025560638766373166 0 0.0022417715111566136 31.650668613760043 OK 13 12 0.65916399999999997 0.68990700000000005 0.113522 0.54030999999999996 0.44398500000000002 0 0.11885400000000002 0.24592200000000003 0.113522 0.012991000000000001 0.012798 0.011629 0.084185999999999997 0.21224499999999991 0.08223399999999996 0.003898 0.0036560000000000004 0.0033099999999999996 0.001085 0.001 0.00094300000000000004 31.651132432269538 31.651132432269538 31.651132432269538 0.030393407285633358 0.030393407285633358 0.030393407285633358 1 1 1 Converged Converged Converged OK OK OK 74 74 74 74 74 74 6 6 6 0 0 0 0 1 0 0 1
151 151 uniform 1 0 1516 0 0.0001 1.118533250006299 0.025489707694011269 0.011238180976263149 0.023313002571120536 -0.015283631631558619 0.021065366375867905 0 0.0067370439016618752 51.943668979132838 OK 14 13 0.67086100000000004 0.67240999999999995 0.15615200000000001 0.51442299999999996 0.51490499999999995 0 0.15643800000000008 0.15750500000000001 0.15615200000000001 0.013235 0.013472 0.012937000000000001 0.10799899999999994 0.10834100000000001 0.107863 0.0045900000000000012 0.0050609999999999995 0.0049360000000000003 0.0012129999999999999 0.0013089999999999998 0.0013669999999999999 51.94366097758423 51.94366097758423 51.94366097758423 0.0043707244741702329 0.0043707244741702329 0.0043707244741702329 1 1 1 Converged Converged Converged OK OK OK 98 98 98 98 98 98 6 6 6 0 0 0 0 0 1 0 0
151 151 uniform 1 7 1516 1 0.0001 1.118533250006299 0.025489707694011269 0.011238180976263149 0.023313002571120536 -0.015283631631558619 0.022433492755586898 0 0.0053689175219428821 46.596753177465494 OK 14 13 0.58850499999999994 0.68071400000000004 0.166572 0.415599 0.31029800000000002 0 0.17290599999999995 0.37041600000000002 0.166572 0.012367 0.012626999999999999 0.011658999999999999 0.12914600000000001 0.32556499999999999 0.12375499999999999 0.0050000000000000001 0.0055149999999999999 0.0052400000000000007 0.0012849999999999997 0.0013500000000000001 0.0013840000000000002 46.59675088041103 46.59675088041103 46.59675088041103 0.00098073237945371498 0.00098073237945371498 0.00098073237945371498 1 1 1 Converged Converged Converged OK OK OK 106 106 106 106 106 106 6 6 6 0 0 0 0 1 0 0 1
151 151 uniform 1 15 1516 2 0.0001 1.118533250006299 0.025489707694011269 0.011238180976263149 0.023313002571120536 -0.015283631631558619 0.02399706576098003 0 0.0038053445165497496 39.568848735540008 OK 14 13 0.58519600000000005 0.71037600000000001 0.17744499999999999 0.40696399999999999 0.30793799999999999 0 0.17823200000000006 0.40243800000000002 0.17744499999999999 0.011977 0.011998999999999999 0.011318 0.132023 0.35533700000000007 0.13217399999999996 0.0055170000000000011 0.005666 0.005653 0.0013569999999999999 0.00133 0.001328 39.568848693987363 39.568848693987363 39.568848693987363 0.0019969787915000738 0.0019969787915000738 0.0019969787915000738 1 1 1 Converged Converged Converged OK OK OK 114 114 114 114 114 114 6 6 6 0 0 0 0 1 0 0 1
151 151 uniform 1 23 1516 3 0.0001 1.118533250006299 0.025489707694011269 0.011238180976263149 0.023313002571120536 -0.015283631631558619 0.025560638766373166 0 0.0022417715111566136 31.650668613760043 OK 13 12 0.71829200000000004 0.81677900000000003 0.16430600000000001 0.54730299999999998 0.44106299999999998 0 0.17098900000000006 0.37571600000000005 0.16430600000000001 0.013823999999999999 0.012607 0.011771999999999999 0.12526999999999999 0.32987200000000017 0.12154700000000003 0.0058250000000000003 0.0063049999999999998 0.0055860000000000007 0.0014559999999999998 0.0015560000000000001 0.001477 31.650678379227035 31.650678379227035 31.650678379227035 0.0015598001763835402 0.0015598001763835402 0.0015598001763835402 1 1 1 Converged Converged Converged OK OK OK 114 114 114 114 114 114 6 6 6 0 0 0 0 1 0 0 1
151 151 uniform 2 0 1517 0 0.001 1.118533250006299 0.025489707694011269 0.011238180976263149 0.0026230967898713368 -0.01481947950167516 0.00037546059461870691 0 0.027426949682911074 44.666893974757386 OK 15 14 0.56726900000000002 0.56677500000000003 0.168073 0.39985999999999999 0.39887400000000001 0 0.16740900000000003 0.16790100000000002 0.168073 0.015775000000000001 0.015864 0.015866000000000002 0.11239599999999997 0.11312100000000008 0.11227800000000002 0.0051500000000000001 0.0050550000000000005 0.0056610000000000002 0.001189 0.001271 0.0013149999999999998 44.667627446826373 44.667627446826373 44.667627446826373 0.022908989922554721 0.022908989922554721 0.022908989922554721 1 1 1 Converged Converged Converged OK OK OK 105 105 105 105 105 105 7 7 7 0 0 0 0 0 1 0 0
151 151 uniform 2 7 1517 1 0.001 1.118533250006299 0.025489707694011269 0.011238180976263149 0.0026230967898713368 -0.01481947950167516 0.0017435869743376992 0 0.026058823303192081 47.896397235948086 OK 15 14 0.66453600000000002 0.66472299999999995 0.15093300000000001 0.506355 0.39721499999999998 0 0.15818100000000002 0.26750799999999997 0.15093300000000001 0.015363 0.015115999999999999 0.014361000000000001 0.11252900000000003 0.22387699999999999 0.10867900000000001 0.0053289999999999995 0.0047139999999999994 0.0047819999999999998 0.0012699999999999999 0.0010609999999999999 0.001031 47.89642340910131 47.89642340910131 47.89642340910131 0.040467512897937055 0.040467512897937055 0.040467512897937055 1 1 1 Converged Converged Converged OK OK OK 97 97 97 97 97 97 7 7 7 0 0 0 0 1 0 0 1
151 151 uniform 2 15 1517 2 0.001 1.118533250006299 0.025489707694011269 0.011238180976263149 0.0026230967898713368 -0.01481947950167516 0.003307159979730833 0 0.024495250297798948 52.82486475338473 OK 15 14 0.67772399999999999 0.73709800000000003 0.15625700000000001 0.51140399999999997 0.40743800000000002 0 0.16632000000000002 0.32966000000000001 0.15625700000000001 0.015358 0.015204000000000001 0.014229 0.11706900000000003 0.28309399999999996 0.11256800000000003 0.0053200000000000001 0.0054839999999999993 0.0050520000000000009 0.0012470000000000001 0.0012369999999999998 0.0011920000000000001 52.824857876778211 52.824857876778211 52.824857876778211 0.021250541470084379 0.021250541470084379 0.021250541470084379 1 1 1 Converged Converged Converged OK OK OK 105 105 105 105 105 105 7 7 7 0 0 0 0 1 0 0 1
151 151 uniform 2 23 1517 3 0.001 1.118533250006299 0.025489707694011269 0.011238180976263149 0.0026230967898713368 -0.01481947950167516 0.0048707329851239668 0 0.022931677292405812 61.021680984079133 OK 14 13 0.73003300000000004 0.75134500000000004 0.135736 0.59509800000000002 0.49162400000000001 0 0.13493500000000003 0.25972100000000004 0.135736 0.012614 0.013103 0.011764 0.097276000000000029 0.22098800000000005 0.099502000000000049 0.0040350000000000004 0.0045039999999999993 0.0040089999999999995 0.00091999999999999992 0.001029 0.00090699999999999993 61.021706764361049 61.021706764361049 61.021706764361049 0.030808772948294073 0.030808772948294073 0.030808772948294073 1 1 1 Converged Converged Converged OK OK OK 89 89 89 89 89 89 7 7 7 0 0 0 0 1 0 0 1
151 151 uniform 2 0 1517 0 0.0001 1.118533250006299 0.025489707694011269 0.011238180976263149 0.0026230967898713368 -0.01481947950167516 0.00037546059461870691 0 0.027426949682911074 44.666893974757386 OK 15 14 0.63628300000000004 0.63322400000000001 0.23378699999999999 0.40360499999999999 0.398503 0 0.23267800000000005 0.23472100000000001 0.23378699999999999 0.015748000000000002 0.016112999999999999 0.015755000000000002 0.16123199999999999 0.16131200000000001 0.16124900000000006 0.0076389999999999991 0.0081899999999999994 0.0081569999999999993 0.0016629999999999998 0.0018220000000000001 0.0018970000000000002 44.666958839973404 44.666958839973404 44.666958839973404 0.0044286551957136927 0.0044286551957136927 0.0044286551957136927 1 1 1 Converged Converged Converged OK OK OK 145 145 145 145 145 145 7 7 7 0 0 0 0 0 1 0 0
151 151 uniform 2 7 1517 1 0.0001 1.118533250006299 0.025489707694011269 0.011238180976263149 0.0026230967898713368 -0.01481947950167516 0.0017435869743376992 0 0.026058823303192081 47.896397235948086 OK 15 14 0.71463699999999997 0.75727699999999998 0.201488 0.51305100000000003 0.40290900000000002 0 0.20158599999999993 0.35436799999999996 0.201488 0.014971999999999999 0.015129999999999999 0.014404 0.14953500000000006 0.30087699999999989 0.14970700000000003 0.0062290000000000002 0.0065719999999999997 0.0064170000000000008 0.0014550000000000001 0.0014779999999999997 0.00157 47.896394032722704 47.896394032722704 47.896394032722704 0.0046121657215098559 0.0046121657215098559 0.0046121657215098559 1 1 1 Converged Converged Converged OK OK OK 129 129 129 129 129 129 7 7 7 0 0 0 0 1 0 0 1
151 151 uniform 2 15 1517 2 0.0001 1.118533250006299 0.025489707694011269 0.011238180976263149 0.0026230967898713368 -0.01481947950167516 0.003307159979730833 0 0.024495250297798948 52.82486475338473 OK 15 14 0.71311500000000005 0.82203700000000002 0.20812 0.50421499999999997 0.40765899999999999 0 0.20890000000000009 0.41437800000000002 0.20812 0.015193 0.014964999999999999 0.014204 0.15458699999999997 0.35883100000000012 0.15475899999999992 0.0066499999999999997 0.0071570000000000002 0.0068590000000000005 0.001688 0.0017059999999999998 0.0016930000000000001 52.824862942758223 52.824862942758223 52.824862942758223 0.0024266326664700083 0.0024266326664700083 0.0024266326664700083 1 1 1 Converged Converged Converged OK OK OK 137 137 137 137 137 137 7 7 7 0 0 0 0 1 0 0 1
151 151 uniform 2 23 1517 3 0.0001 1.118533250006299 0.025489707694011269 0.011238180976263149 0.0026230967898713368 -0.01481947950167516 0.0048707329851239668 0 0.022931677292405812 61.021680984079133 OK 14 13 0.79368899999999998 0.870035 0.191584 0.59642700000000004 0.49210399999999999 0 0.19726199999999994 0.37793100000000002 0.191584 0.01261 0.012607999999999999 0.011919000000000001 0.14640299999999989 0.32872500000000004 0.14437300000000003 0.0073509999999999999 0.0064470000000000005 0.0060420000000000005 0.0016669999999999999 0.0015929999999999998 0.001487 61.02167949446175 61.02167949446175 61.02167949446175 0.0036939452123795975 0.0036939452123795975 0.0036939452123795975 1 1 1 Converged Converged Converged OK OK OK 129 129 129 129 129 129 7 7 7 0 0 0 0 1 0 0 1
151 151 uniform 3 0 1518 0 0.001 1.118533250006299 0.025489707694011269 0.011238180976263149 -0.24552417151542821 -0.1820328401879388 -0.24777180771068083 0 0.27557421798821063 3.3627431425879419 OK 13 12 0.357514 0.36486800000000003 0.069767999999999997 0.28684999999999999 0.293852 0 0.070664000000000005 0.071016000000000024 0.069767999999999997 0.0087939999999999997 0.0089280000000000002 0.0086470000000000002 0.045913000000000002 0.046038000000000003 0.045576999999999999 0.0021249999999999997 0.002209 0.0021190000000000002 0.00055699999999999999 0.00054200000000000006 0.00053600000000000002 3.3627431164071071 3.3627431164071071 3.3627431164071071 0.0011459118647379463 0.0011459118647379463 0.0011459118647379463 1 1 1 Converged Converged Converged OK OK OK 45 45 45 45 45 45 3 3 3 0 0 0 0 0 1 0 0
151 151 uniform 3 7 1518 1 0.001 1.118533250006299 0.025489707694011269 0.011238180976263149 -0.24552417151542821 -0.1820328401879388 -0.24640368133096185 0 0.27420609160849163 3.4013469525260662 OK 13 12 0.37510100000000002 0.27827099999999999 0.062745999999999996 0.31072899999999998 0.18190799999999999 0 0.06437200000000004 0.096363000000000004 0.062745999999999996 0.0082360000000000003 0.0082920000000000008 0.0077260000000000002 0.042014000000000017 0.074223000000000011 0.04156 0.0021780000000000002 0.0021879999999999998 0.0021229999999999999 0.00056500000000000007 0.00053800000000000007 0.00052599999999999999 3.4013469250374242 3.4013469250374242 3.4013469250374242 0.0011625100001513981 0.0011625100001513981 0.0011625100001513981 1 1 1 Converged Converged Converged OK OK OK 45 45 45 45 45 45 3 3 3 0 0 0 0 1 0 0 1
151 151 uniform 3 15 1518 2 0.001 1.118533250006299 0.025489707694011269 0.011238180976263149 -0.24552417151542821 -0.1820328401879388 -0.24484010832556871 0 0.27264251860309852 3.4522781648724767 OK 13 12 0.377886 0.29413299999999998 0.062716999999999995 0.31317499999999998 0.18672900000000001 0 0.064711000000000019 0.10740399999999997 0.062716999999999995 0.0082059999999999998 0.0082760000000000004 0.0076530000000000001 0.042258000000000004 0.085184999999999997 0.041698999999999993 0.0023079999999999997 0.0023240000000000001 0.0021939999999999998 0.000553 0.00053699999999999993 0.00053400000000000008 3.4522781356332253 3.4522781356332253 3.4522781356332253 0.0011837483760536794 0.0011837483760536794 0.0011837483760536794 1 1 1 Converged Converged Converged OK OK OK 45 45 45 45 45 45 3 3 3 0 0 0 0 1 0 0 1
151 151 uniform 3 23 1518 3 0.001 1.118533250006299 0.025489707694011269 0.011238180976263149 -0.24552417151542821 -0.1820328401879388 -0.2432765353201756 0 0.2710789455977054 3.5139331452216247 OK 13 12 0.36908800000000003 0.27684799999999998 0.065221000000000001 0.30237999999999998 0.180646 0 0.066708000000000045 0.096201999999999982 0.065221000000000001 0.0082050000000000005 0.0082150000000000001 0.0076299999999999996 0.044441999999999995 0.074010999999999993 0.044080000000000001 0.0022360000000000001 0.0023190000000000003 0.0021670000000000001 0.00053899999999999998 0.00054200000000000006 0.00052900000000000006 3.5139331127933717 3.5139331127933717 3.5139331127933717 0.001205764137825944 0.001205764137825944 0.001205764137825944 1 1 1 Converged Converged Converged OK OK OK 45 45 45 45 45 45 3 3 3 0 0 0 0 1 0 0 1
151 151 uniform 3 0 1518 0 0.0001 1.118533250006299 0.025489707694011269 0.011238180976263149 -0.24552417151542821 -0.1820328401879388 -0.24777180771068083 0 0.27557421798821063 3.3627431425879419 OK 13 12 0.39640300000000001 0.39604099999999998 0.106901 0.28790700000000002 0.288354 0 0.10849599999999998 0.10768699999999998 0.106901 0.0090539999999999995 0.008855 0.0084049999999999993 0.071637999999999952 0.071417000000000008 0.071357999999999977 0.0038070000000000005 0.0038840000000000003 0.0038289999999999999 0.000776 0.00078399999999999997 0.00077200000000000001 3.3627431162440664 3.3627431162440664 3.3627431162440664 0.0001275545943093215 0.0001275545943093215 0.0001275545943093215 1 1 1 Converged Converged Converged OK OK OK 77 77 77 77 77 77 3 3 3 0 0 0 0 0 1 0 0
151 151 uniform 3 7 1518 1 0.0001 1.118533250006299 0.025489707694011269 0.011238180976263149 -0.24552417151542821 -0.1820328401879388 -0.24640368133096185 0 0.27420609160849163 3.4013469525260662 OK 13 12 0.40883399999999998 0.35033799999999998 0.099543999999999994 0.30730099999999999 0.17904300000000001 0 0.10153299999999998 0.17129499999999998 0.099543999999999994 0.0082330000000000007 0.0082030000000000002 0.0077159999999999998 0.069343000000000016 0.13912799999999997 0.068603999999999998 0.0038059999999999999 0.0039550000000000002 0.0037550000000000005 0.00077400000000000006 0.00076500000000000005 0.00076000000000000004 3.4013469248718042 3.4013469248718042 3.4013469248718042 0.00014100386138880973 0.00014100386138880973 0.00014100386138880973 1 1 1 Converged Converged Converged OK OK OK 77 77 77 77 77 77 3 3 3 0 0 0 0 1 0 0 1
151 151 uniform 3 15 1518 2 0.0001 1.118533250006299 0.025489707694011269 0.011238180976263149 -0.24552417151542821 -0.1820328401879388 -0.24484010832556871 0 0.27264251860309852 3.4522781648724767 OK 13 12 0.41626800000000003 0.37119000000000002 0.101302 0.31382399999999999 0.18204899999999999 0 0.10244400000000004 0.18914100000000003 0.101302 0.008234 0.0082089999999999993 0.0077149999999999996 0.070571000000000009 0.15703100000000003 0.07030999999999997 0.0038669999999999998 0.0040889999999999998 0.0038910000000000004 0.00077499999999999997 0.00078300000000000006 0.00076000000000000004 3.4522781354646876 3.4522781354646876 3.4522781354646876 0.00015862151010189162 0.00015862151010189162 0.00015862151010189162 1 1 1 Converged Converged Converged OK OK OK 77 77 77 77 77 77 3 3 3 0 0 0 0 1 0 0 1
151 151 uniform 3 23 1518 3 0.0001 1.118533250006299 0.025489707694011269 0.011238180976263149 -0.24552417151542821 -0.1820328401879388 -0.2432765353201756 0 0.2710789455977054 3.5139331452216247 OK 13 12 0.40543400000000002 0.33447199999999999 0.102588 0.30097499999999999 0.17335300000000001 0 0.10445900000000002 0.16111899999999998 0.102588 0.0081279999999999998 0.0082109999999999995 0.0076239999999999997 0.072425000000000003 0.12907299999999997 0.072022000000000003 0.0038459999999999996 0.0039780000000000006 0.0037940000000000001 0.00077900000000000007 0.00080000000000000004 0.00076399999999999992 3.5139331126219124 3.5139331126219124 3.5139331126219124 0.00017699287393663717 0.00017699287393663717 0.00017699287393663717 1 1 1 Converged Converged Converged OK OK OK 77 77 77 77 77 77 3 3 3 0 0 0 0 1 0 0 1
151 151 uniform 4 0 1519 0 0.001 1.118533250006299 0.025489707694011269 0.011238180976263149 0.093079064559940902 -0.10841272226477298 0.090831428364688271 0 -0.063029018087158495 9.6728500583824353 OK 13 12 0.28489700000000001 0.28208299999999997 0.054295999999999997 0.228903 0.226766 0 0.055994000000000016 0.055316999999999977 0.054295999999999997 0.0089289999999999994 0.0089980000000000008 0.0084860000000000005 0.033801000000000005 0.033727000000000007 0.033401 0.0019580000000000001 0.0017260000000000001 0.0017110000000000001 0.000428 0.00043399999999999992 0.00041800000000000002 9.6728473122537668 9.6728473122537668 9.6728473122537668 0.0059119321879281313 0.0059119321879281313 0.0059119321879281313 1 1 1 Converged Converged Converged OK OK OK 37 37 37 37 37 37 3 3 3 0 0 0 0 0 1 0 0
151 151 uniform 4 7 1519 1 0.001 1.118533250006299 0.025489707694011269 0.011238180976263149 0.093079064559940902 -0.10841272226477298 0.092199554744407261 0 -0.064397144466877485 9.6778973083728523 OK 13 12 0.26735799999999998 0.23346800000000001 0.056321000000000003 0.209371 0.13480600000000001 0 0.057986999999999983 0.098662 0.056321000000000003 0.0081650000000000004 0.0081370000000000001 0.0076420000000000004 0.038213000000000004 0.07912000000000001 0.037659999999999999 0.0018110000000000001 0.0018 0.0017470000000000001 0.00043199999999999998 0.00042900000000000002 0.00042200000000000001 9.6778945942609962 9.6778945942609962 9.6778945942609962 0.0059206827224177975 0.0059206827224177975 0.0059206827224177975 1 1 1 Converged Converged Converged OK OK OK 37 37 37 37 37 37 3 3 3 0 0 0 0 1 0 0 1
151 151 uniform 4 15 1519 2 0.001 1.118533250006299 0.025489707694011269 0.011238180976263149 0.093079064559940902 -0.10841272226477298 0.093763127749800404 0 -0.065960717472270627 9.6853661496558985 OK 13 12 0.27365299999999998 0.23250899999999999 0.054732999999999997 0.21759999999999999 0.138179 0 0.056052999999999992 0.094329999999999997 0.054732999999999997 0.0082299999999999995 0.0081910000000000004 0.0076340000000000002 0.036403000000000005 0.074851000000000015 0.036097999999999991 0.0017169999999999998 0.0017619999999999999 0.0016980000000000001 0.00042999999999999999 0.000435 0.00041699999999999994 9.6853633897165867 9.6853633897165867 9.6853633897165867 0.0059329944881440864 0.0059329944881440864 0.0059329944881440864 1 1 1 Converged Converged Converged OK OK OK 37 37 37 37 37 37 3 3 3 0 0 0 0 1 0 0 1
151 151 uniform 4 23 1519 3 0.001 1.118533250006299 0.025489707694011269 0.011238180976263149 0.093079064559940902 -0.10841272226477298 0.095326700755193533 0 -0.067524290477663756 9.6948130508836385 OK 13 12 0.27131699999999997 0.24301400000000001 0.057754 0.209286 0.123668 0 0.062030999999999975 0.11934600000000001 0.057754 0.011039999999999999 0.0082620000000000002 0.0076470000000000002 0.039429000000000013 0.099486999999999992 0.039130999999999992 0.0017540000000000001 0.0018479999999999998 0.0016909999999999998 0.000426 0.00042099999999999999 0.00042000000000000002 9.6948103293135137 9.6948103293135137 9.6948103293135137 0.0059479302704996892 0.0059479302704996892 0.0059479302704996892 1 1 1 Converged Converged Converged OK OK OK 37 37 37 37 37 37 3 3 3 0 0 0 0 1 0 0 1
151 151 uniform 4 0 1519 0 0.0001 1.118533250006299 0.025489707694011269 0.011238180976263149 0.093079064559940902 -0.10841272226477298 0.090831428364688271 0 -0.063029018087158495 9.6728500583824353 OK 13 12 0.33084999999999998 0.33220100000000002 0.102812 0.22736999999999999 0.22836000000000001 0 0.10347999999999999 0.10384100000000002 0.102812 0.0090259999999999993 0.0090790000000000003 0.0086160000000000004 0.067461999999999994 0.067512000000000003 0.067214999999999997 0.0038289999999999999 0.0039039999999999999 0.0038179999999999998 0.0008070000000000001 0.00082299999999999995 0.00080400000000000003 9.6728502214242376 9.6728502214242376 9.6728502214242376 5.85171445806642e-06 5.85171445806642e-06 5.85171445806642e-06 1 1 1 Converged Converged Converged OK OK OK 77 77 77 77 77 77 3 3 3 0 0 0 0 0 1 0 0
151 151 uniform 4 7 1519 1 0.0001 1.118533250006299 0.025489707694011269 0.011238180976263149 0.093079064559940902 -0.10841272226477298 0.092199554744407261 0 -0.064397144466877485 9.6778973083728523 OK 13 12 0.31012000000000001 0.32400499999999999 0.101354 0.20797299999999999 0.132133 0 0.10214700000000002 0.19187199999999999 0.101354 0.0082030000000000002 0.0081810000000000008 0.0077520000000000002 0.070426000000000002 0.15969399999999995 0.070486000000000007 0.0038369999999999997 0.00396 0.0038070000000000001 0.00080000000000000004 0.00082199999999999992 0.00078200000000000003 9.6778974752265796 9.6778974752265796 9.6778974752265796 5.7968740579899873e-06 5.7968740579899873e-06 5.7968740579899873e-06 1 1 1 Converged Converged Converged OK OK OK 77 77 77 77 77 77 3 3 3 0 0 0 0 1 0 0 1
151 151 uniform 4 15 1519 2 0.0001 1.118533250006299 0.025489707694011269 0.011238180976263149 0.093079064559940902 -0.10841272226477298 0.093763127749800404 0 -0.065960717472270627 9.6853661496558985 OK 13 12 0.32070900000000002 0.335727 0.103676 0.21610699999999999 0.14405799999999999 0 0.10460200000000003 0.19166900000000001 0.103676 0.011455999999999999 0.0081840000000000003 0.007724 0.069244 0.15948599999999996 0.069151000000000004 0.0041349999999999998 0.0039179999999999996 0.0038079999999999998 0.00083100000000000003 0.00081800000000000004 0.00079199999999999995 9.6853662388213841 9.6853662388213841 9.6853662388213841 5.73524699888471e-06 5.73524699888471e-06 5.73524699888471e-06 1 1 1 Converged Converged Converged OK OK OK 77 77 77 77 77 77 3 3 3 0 0 0 0 1 0 0 1
151 151 uniform 4 23 1519 3 0.0001 1.118533250006299 0.025489707694011269 0.011238180976263149 0.093079064559940902 -0.10841272226477298 0.095326700755193533 0 -0.067524290477663756 9.6948130508836385 OK 13 12 0.31579099999999999 0.32356600000000002 0.10140100000000001 0.21282899999999999 0.124543 0 0.102962 0.19902300000000001 0.10140100000000001 0.0081359999999999991 0.0082459999999999999 0.0077450000000000001 0.071126999999999968 0.16672200000000004 0.07048500000000002 0.003833 0.0039810000000000002 0.0037910000000000001 0.00081800000000000004 0.0008160000000000001 0.000785 9.694813146944929 9.694813146944929 9.694813146944929 5.674809019736275e-06 5.674809019736275e-06 5.674809019736275e-06 1 1 1 Converged Converged Converged OK OK OK 77 77 77 77 77 77 3 3 3 0 0 0 0 1 0 0 1
152 152 linear 0 0 1520 0 0.001 0.24134414108946181 0.00036776084081675901 0.43196783011294693 0.099848839912127327 0.0054510589316539293 0.013455273889537933 0.5 -0.013366549594605979 5.0601322422930446 OK 13 12 17.734770000000001 17.770388000000001 0.28451199999999999 17.361246000000001 17.406262000000002 0 0.37352399999999975 0.36412599999999884 0.28451199999999999 0.012662 0.011865000000000001 0.010533000000000001 0.3241929999999999 0.32188399999999995 0.25248599999999999 0.0063760000000000006 0.0072359999999999994 0.0036910000000000003 0.0010640000000000001 0.001101 0.00086899999999999998 5.0599410646658276 5.0599410646658276 5.0599410646658276 0.0042500433905515028 0.0042500433905515028 0.0042500433905515028 1 1 1 Converged Converged Converged OK OK OK 66 66 66 66 66 66 6 6 6 0 0 0 0 0 1 0 0
152 152 linear 0 7 1520 1 0.001 0.24134414108946181 0.00036776084081675901 0.43196783011294693 0.099848839912127327 0.0054510589316539293 0.066042661903288002 0.5 -0.06595393760835605 5.0214946159760734 OK 13 12 2.8225560000000001 0.46498200000000001 0.29077700000000001 2.4539569999999999 0.16378200000000001 0 0.36859900000000012 0.30120000000000002 0.29077700000000001 0.012619 0.010485 0.0094400000000000005 0.31855099999999997 0.27032300000000015 0.26278500000000005 0.0076629999999999988 0.0040350000000000004 0.0034200000000000003 0.001214 0.0011220000000000002 0.00093500000000000007 5.0215011878092684 5.0215011878092684 5.0215011878092684 0.0041085255883225114 0.0041085255883225114 0.0041085255883225114 1 1 1 Converged Converged Converged OK OK OK 73 73 73 73 73 73 7 7 7 0 0 0 0 1 0 0 1
152 152 linear 0 15 1520 2 0.001 0.24134414108946181 0.00036776084081675901 0.43196783011294693 0.099848839912127327 0.0054510589316539293 0.12614253391900238 0.5 -0.12605380962407042 4.9151115140779238 OK 13 12 2.374209 0.441751 0.28169100000000002 2.074484 0.15361 0 0.29972500000000002 0.28814099999999998 0.28169100000000002 0.010593999999999999 0.010146000000000001 0.0090259999999999993 0.26569900000000002 0.25642699999999996 0.25304100000000007 0.0051310000000000001 0.0042100000000000002 0.0035049999999999999 0.0011479999999999999 0.0010950000000000001 0.00095399999999999999 4.9150781596469182 4.9150781596469182 4.9150781596469182 0.0027812266780940656 0.0027812266780940656 0.0027812266780940656 1 1 1 Converged Converged Converged OK OK OK 80 80 80 80 80 80 8 8 8 0 0 0 0 1 0 0 1
152 152 linear 0 23 1520 3 0.001 0.24134414108946181 0.00036776084081675901 0.43196783011294693 0.099848839912127327 0.0054510589316539293 0.18624240593471672 0.5 -0.18615368163978477 4.7396217335537365 OK 13 12 2.2621859999999998 0.455067 0.269538 1.9534199999999999 0.18043600000000001 0 0.30876599999999987 0.27463099999999996 0.269538 0.010723999999999999 0.010312999999999999 0.0094719999999999995 0.27154899999999993 0.244251 0.24168899999999993 0.0051909999999999994 0.0042479999999999992 0.0035449999999999995 0.00108 0.0010350000000000001 0.00084599999999999996 4.73978648617011 4.73978648617011 4.73978648617011 0.003032021683453841 0.003032021683453841 0.003032021683453841 1 1 1 Converged Converged Converged OK OK OK 80 80 80 80 80 80 8 8 8 0 0 0 0 1 0 0 1
152 152 linear 0 0 1520 0 0.0001 0.24134414108946181 0.00036776084081675901 0.43196783011294693 0.099848839912127327 0.0054510589316539293 0.013455273889537933 0.5 -0.013366549594605979 5.0601322422930446 OK 13 12 18.011302000000001 17.934781000000001 0.47916999999999998 17.407972000000001 17.436667 0 0.6033299999999997 0.49811400000000106 0.47916999999999998 0.012371 0.012116 0.010508 0.52367900000000012 0.43795200000000006 0.42596999999999974 0.012962999999999999 0.012035000000000001 0.0089100000000000013 0.0015359999999999998 0.0015210000000000002 0.001371 5.0597288145672534 5.0597288145672534 5.0597288145672534 0.00038859748475783589 0.00038859748475783589 0.00038859748475783589 1 1 1 Converged Converged Converged OK OK OK 130 130 130 130 130 130 6 6 6 0 0 0 0 0 1 0 0
152 152 linear 0 7 1520 1 0.0001 0.24134414108946181 0.00036776084081675901 0.43196783011294693 0.099848839912127327 0.0054510589316539293 0.066042661903288002 0.5 -0.06595393760835605 5.0214946159760734 OK 13 12 3.0504479999999998 0.66581500000000005 0.48909000000000002 2.464585 0.16456499999999999 0 0.5858629999999998 0.50125000000000008 0.48909000000000002 0.01243 0.010586 0.0095189999999999997 0.52698400000000023 0.45553899999999986 0.44756399999999974 0.013085000000000001 0.0085449999999999988 0.0070880000000000006 0.0017219999999999998 0.001748 0.0015509999999999999 5.021513501613259 5.021513501613259 5.021513501613259 0.00015862861161995896 0.00015862861161995896 0.00015862861161995896 1 1 1 Converged Converged Converged OK OK OK 129 129 129 129 129 129 7 7 7 0 0 0 0 1 0 0 1
152 152 linear 0 15 1520 2 0.0001 0.24134414108946181 0.00036776084081675901 0.43196783011294693 0.099848839912127327 0.0054510589316539293 0.12614253391900238 0.5 -0.12605380962407042 4.9151115140779238 OK 13 12 2.5450940000000002 0.59107699999999996 0.42969200000000002 2.065445 0.154748 0 0.47964900000000021 0.43632899999999997 0.42969200000000002 0.011006 0.010187 0.0091369999999999993 0.43054000000000003 0.39297399999999982 0.38948099999999991 0.0098490000000000001 0.0077670000000000005 0.0067430000000000007 0.0015990000000000002 0.0015380000000000003 0.0013469999999999999 4.9151250160062236 4.9151250160062236 4.9151250160062236 0.00029847415749975951 0.00029847415749975951 0.00029847415749975951 1 1 1 Converged Converged Converged OK OK OK 128 128 128 128 128 128 8 8 8 0 0 0 0 1 0 0 1
152 152 linear 0 23 1520 3 0.0001 0.24134414108946181 0.00036776084081675901 0.43196783011294693 0.099848839912127327 0.0054510589316539293 0.18624240593471672 0.5 -0.18615368163978477 4.7396217335537365 OK 13 12 2.3319930000000002 0.54351799999999995 0.36271900000000001 1.956453 0.18071499999999999 0 0.37554000000000021 0.36280299999999999 0.36271900000000001 0.010834999999999999 0.010319 0.0095449999999999997 0.33276100000000008 0.32352899999999984 0.32570499999999997 0.008005 0.0065960000000000003 0.0057859999999999995 0.0013889999999999998 0.0013439999999999999 0.001238 4.7396525331178285 4.7396525331178285 4.7396525331178285 0.00044322935602471276 0.00044322935602471276 0.00044322935602471276 1 1 1 Converged Converged Converged OK OK OK 112 112 112 112 112 112 8 8 8 0 0 0 0 1 0 0 1
152 152 linear 1 0 1521 0 0.001 0.24134414108946181 0.00036776084081675901 0.43196783011294693 3.619341118656874 0.056926348374955194 3.5329475526342846 0.5 -3.5328588283393527 1.009777913524885 OK 15 14 0.65110199999999996 0.64598299999999997 0.23183500000000001 0.410109 0.40822799999999998 0 0.24099299999999996 0.23775499999999999 0.23183500000000001 0.010971 0.0106 0.010357 0.19978899999999999 0.19698099999999999 0.19417000000000004 0.0045200000000000006 0.005006 0.0038189999999999995 0.00093300000000000002 0.000803 0.00066799999999999997 1.0097785286375069 1.0097785286375069 1.0097785286375069 4.9332064728563812e-05 4.9332064728563812e-05 4.9332064728563812e-05 1 1 1 Converged Converged Converged OK OK OK 87 87 87 87 87 87 9 9 9 0 0 0 0 0 1 0 0
152 152 linear 1 7 1521 1 0.001 0.24134414108946181 0.00036776084081675901 0.43196783011294693 3.619341118656874 0.056926348374955194 3.5855349406480346 0.5 -3.5854462163531027 1.0093072417592979 OK 15 14 0.64393999999999996 0.38807799999999998 0.215863 0.42390800000000001 0.16528300000000001 0 0.22003199999999995 0.22279499999999997 0.215863 0.0093710000000000009 0.0094579999999999994 0.0085039999999999994 0.18891100000000002 0.19204600000000005 0.18771899999999997 0.0040049999999999999 0.003947 0.0034010000000000004 0.00077499999999999997 0.00081400000000000005 0.00075700000000000008 1.0093077486131636 1.0093077486131636 1.0093077486131636 3.994717675108877e-05 3.994717675108877e-05 3.994717675108877e-05 1 1 1 Converged Converged Converged OK OK OK 87 87 87 87 87 87 9 9 9 0 0 0 0 1 0 0 1
152 152 linear 1 15 1521 2 0.001 0.24134414108946181 0.00036776084081675901 0.43196783011294693 3.619341118656874 0.056926348374955194 3.645634812663749 0.5 -3.6455460883688171 1.0087897065606397 OK 15 14 0.63492899999999997 0.37066199999999999 0.20088400000000001 0.42767699999999997 0.161331 0 0.20725199999999999 0.20933099999999999 0.20088400000000001 0.0092929999999999992 0.0093019999999999995 0.0084840000000000002 0.17680499999999991 0.17930600000000002 0.17257100000000006 0.0039909999999999998 0.0039880000000000002 0.0035540000000000003 0.00071400000000000001 0.00074799999999999997 0.00066199999999999994 1.008789889934296 1.008789889934296 1.008789889934296 2.8741200932080292e-05 2.8741200932080292e-05 2.8741200932080292e-05 1 1 1 Converged Converged Converged OK OK OK 87 87 87 87 87 87 9 9 9 0 0 0 0 1 0 0 1
152 152 linear 1 23 1521 3 0.001 0.24134414108946181 0.00036776084081675901 0.43196783011294693 3.619341118656874 0.056926348374955194 3.7057346846794634 0.5 -3.7056459603845315 1.0083016597386023 OK 15 14 0.62397100000000005 0.36395699999999997 0.204348 0.413692 0.151001 0 0.21027900000000005 0.21295599999999998 0.204348 0.0091459999999999996 0.009214 0.0083129999999999992 0.18036299999999994 0.18334799999999996 0.17645899999999987 0.003882 0.0037710000000000005 0.0035019999999999999 0.00068399999999999993 0.00068899999999999994 0.00065800000000000006 1.0083016529127224 1.0083016529127224 1.0083016529127224 2.0288682427517419e-05 2.0288682427517419e-05 2.0288682427517419e-05 1 1 1 Converged Converged Converged OK OK OK 87 87 87 87 87 87 9 9 9 0 0 0 0 1 0 0 1
152 152 linear 1 0 1521 0 0.0001 0.24134414108946181 0.00036776084081675901 0.43196783011294693 3.619341118656874 0.056926348374955194 3.5329475526342846 0.5 -3.5328588283393527 1.009777913524885 OK 15 14 0.64711099999999999 0.65002899999999997 0.23624700000000001 0.40545500000000001 0.40779500000000002 0 0.24165599999999998 0.24223399999999995 0.23624700000000001 0.010428 0.010867 0.010408000000000001 0.20301699999999998 0.19947599999999993 0.19784000000000007 0.003784 0.0044039999999999999 0.0040439999999999999 0.00072600000000000008 0.00084099999999999995 0.00080900000000000004 1.0097785286418737 1.0097785286418737 1.0097785286418737 4.9331950552765724e-05 4.9331950552765724e-05 4.9331950552765724e-05 1 1 1 Converged Converged Converged OK OK OK 87 87 87 87 87 87 9 9 9 0 0 0 0 0 1 0 0
152 152 linear 1 7 1521 1 0.0001 0.24134414108946181 0.00036776084081675901 0.43196783011294693 3.619341118656874 0.056926348374955194 3.5855349406480346 0.5 -3.5854462163531027 1.0093072417592979 OK 15 14 0.64308299999999996 0.39122499999999999 0.21645300000000001 0.41865400000000003 0.16645599999999999 0 0.22442899999999993 0.224769 0.21645300000000001 0.0093519999999999992 0.0094009999999999996 0.0085929999999999999 0.193275 0.19460700000000011 0.18781599999999998 0.0041229999999999999 0.0039839999999999997 0.0034980000000000002 0.00071900000000000002 0.00069999999999999999 0.00068800000000000003 1.0093077486164113 1.0093077486164113 1.0093077486164113 3.9947133142256825e-05 3.9947133142256825e-05 3.9947133142256825e-05 1 1 1 Converged Converged Converged OK OK OK 87 87 87 87 87 87 9 9 9 0 0 0 0 1 0 0 1
152 152 linear 1 15 1521 2 0.0001 0.24134414108946181 0.00036776084081675901 0.43196783011294693 3.619341118656874 0.056926348374955194 3.645634812663749 0.5 -3.6455460883688171 1.0087897065606397 OK 15 14 0.63756400000000002 0.37099300000000002 0.20224600000000001 0.42388700000000001 0.16070599999999999 0 0.21367700000000001 0.21028700000000003 0.20224600000000001 0.0095510000000000005 0.0092980000000000007 0.0084860000000000005 0.18124799999999991 0.18039599999999997 0.17403899999999992 0.0047670000000000004 0.0038479999999999999 0.0035620000000000001 0.00074499999999999989 0.00067199999999999996 0.00069799999999999994 1.0087898899311727 1.0087898899311727 1.0087898899311727 2.8741142812708977e-05 2.8741142812708977e-05 2.8741142812708977e-05 1 1 1 Converged Converged Converged OK OK OK 87 87 87 87 87 87 9 9 9 0 0 0 0 1 0 0 1
152 152 linear 1 23 1521 3 0.0001 0.24134414108946181 0.00036776084081675901 0.43196783011294693 3.619341118656874 0.056926348374955194 3.7057346846794634 0.5 -3.7056459603845315 1.0083016597386023 OK 15 14 0.62764900000000001 0.37185200000000002 0.20461199999999999 0.41523100000000002 0.157586 0 0.212418 0.21426600000000001 0.20461199999999999 0.0091959999999999993 0.0091909999999999995 0.0084030000000000007 0.181647 0.18396800000000002 0.17662599999999995 0.0040410000000000003 0.004032 0.0035269999999999998 0.000736 0.00072999999999999996 0.00071999999999999994 1.0083016529127224 1.0083016529127224 1.0083016529127224 2.0288682427517419e-05 2.0288682427517419e-05 2.0288682427517419e-05 1 1 1 Converged Converged Converged OK OK OK 87 87 87 87 87 87 9 9 9 0 0 0 0 1 0 0 1
152 152 linear 2 0 1522 0 0.001 0.24134414108946181 0.00036776084081675901 0.43196783011294693 3.5608229736267001 -0.42998996963285041 3.4744294076041107 0.5 -3.4743406833091788 1.0102121672963604 OK 14 13 0.60577000000000003 0.60281399999999996 0.170407 0.44614199999999998 0.44538899999999998 0 0.15962800000000005 0.15742499999999998 0.170407 0.0098490000000000001 0.010070000000000001 0.011269 0.12671499999999999 0.12425499999999999 0.13558399999999995 0.0030369999999999998 0.0031390000000000003 0.0032209999999999999 0.00072199999999999999 0.00076099999999999996 0.00073900000000000007 1.010211722822181 1.010211722822181 1.010211722822181 7.0806124462706064e-05 7.0806124462706064e-05 7.0806124462706064e-05 1 1 1 Converged Converged Converged OK OK OK 73 73 73 73 73 73 7 7 7 0 0 0 0 0 1 0 0
152 152 linear 2 7 1522 1 0.001 0.24134414108946181 0.00036776084081675901 0.43196783011294693 3.5608229736267001 -0.42998996963285041 3.5270167956178606 0.5 -3.5269280713229287 1.0097157189758481 OK 14 13 0.58550500000000005 0.30568899999999999 0.149259 0.43245800000000001 0.14841699999999999 0 0.15304700000000004 0.157272 0.149259 0.0088400000000000006 0.0091549999999999999 0.0083330000000000001 0.12528 0.12859899999999996 0.12256699999999993 0.0031709999999999998 0.0034689999999999999 0.0032070000000000002 0.00066200000000000005 0.00080699999999999999 0.00069200000000000002 1.0097152586289249 1.0097152586289249 1.0097152586289249 0.00012158385620425781 0.00012158385620425781 0.00012158385620425781 1 1 1 Converged Converged Converged OK OK OK 73 73 73 73 73 73 7 7 7 0 0 0 0 1 0 0 1
152 152 linear 2 15 1522 2 0.001 0.24134414108946181 0.00036776084081675901 0.43196783011294693 3.5608229736267001 -0.42998996963285041 3.5871166676335751 0.5 -3.5870279433386432 1.0092097230118109 OK 13 12 0.57859899999999997 0.304064 0.152332 0.42193799999999998 0.14463500000000001 0 0.15666099999999999 0.15942899999999999 0.152332 0.0067070000000000003 0.0068719999999999996 0.0063889999999999997 0.12960200000000008 0.13194399999999998 0.12625700000000001 0.00313 0.0034530000000000003 0.0033190000000000003 0.00071199999999999996 0.000834 0.00072400000000000003 1.0092096462815743 1.0092096462815743 1.0092096462815743 0.00014416991321638636 0.00014416991321638636 0.00014416991321638636 1 1 1 Converged Converged Converged OK OK OK 80 80 80 80 80 80 8 8 8 0 0 0 0 1 0 0 1
152 152 linear 2 23 1522 3 0.001 0.24134414108946181 0.00036776084081675901 0.43196783011294693 3.5608229736267001 -0.42998996963285041 3.6472165396492895 0.5 -3.6471278153543576 1.0087170940203789 OK 12 11 0.56286999999999998 0.33099000000000001 0.175682 0.38607000000000002 0.15010499999999999 0 0.17679999999999996 0.18088500000000002 0.175682 0.0065030000000000001 0.006692 0.0060350000000000004 0.15235399999999999 0.15569899999999989 0.148789 0.0030369999999999998 0.0034229999999999998 0.0066470000000000001 0.00066100000000000002 0.000776 0.00062 1.0087167321382069 1.0087167321382069 1.0087167321382069 0.00014453580339816437 0.00014453580339816437 0.00014453580339816437 1 1 1 Converged Converged Converged OK OK OK 73 73 73 73 73 73 7 7 7 0 0 0 0 1 0 0 1
152 152 linear 2 0 1522 0 0.0001 0.24134414108946181 0.00036776084081675901 0.43196783011294693 3.5608229736267001 -0.42998996963285041 3.4744294076041107 0.5 -3.4743406833091788 1.0102121672963604 OK 14 13 0.60925499999999999 0.60284599999999999 0.15679499999999999 0.45029400000000003 0.44336100000000001 0 0.15896099999999996 0.15948499999999999 0.15679499999999999 0.0096430000000000005 0.010402 0.0099089999999999994 0.126246 0.12542100000000003 0.12338400000000002 0.0029590000000000003 0.0032259999999999997 0.0030609999999999999 0.00076000000000000004 0.00076599999999999997 0.0007229999999999999 1.010211722822181 1.010211722822181 1.010211722822181 7.0806124462706064e-05 7.0806124462706064e-05 7.0806124462706064e-05 1 1 1 Converged Converged Converged OK OK OK 73 73 73 73 73 73 7 7 7 0 0 0 0 0 1 0 0
152 152 linear 2 7 1522 1 0.0001 0.24134414108946181 0.00036776084081675901 0.43196783011294693 3.5608229736267001 -0.42998996963285041 3.5270167956178606 0.5 -3.5269280713229287 1.0097157189758481 OK 14 13 0.60103099999999998 0.31675399999999998 0.16089899999999999 0.43529600000000002 0.14813200000000001 0 0.16573499999999997 0.16862199999999997 0.16089899999999999 0.0089669999999999993 0.0091140000000000006 0.0086029999999999995 0.13501299999999999 0.13716600000000004 0.13123700000000002 0.0036080000000000001 0.003986 0.0035000000000000005 0.000812 0.00092400000000000002 0.00086299999999999994 1.0097152948751134 1.0097152948751134 1.0097152948751134 3.3465504860434507e-06 3.3465504860434507e-06 3.3465504860434507e-06 1 1 1 Converged Converged Converged OK OK OK 81 81 81 81 81 81 7 7 7 0 0 0 0 1 0 0 1
152 152 linear 2 15 1522 2 0.0001 0.24134414108946181 0.00036776084081675901 0.43196783011294693 3.5608229736267001 -0.42998996963285041 3.5871166676335751 0.5 -3.5870279433386432 1.0092097230118109 OK 13 12 0.59612600000000004 0.32074599999999998 0.16889899999999999 0.42110399999999998 0.147283 0 0.17502200000000007 0.17346299999999998 0.16889899999999999 0.0066080000000000002 0.0066579999999999999 0.0063439999999999998 0.14404399999999998 0.14400099999999999 0.14110399999999998 0.0046319999999999998 0.0040159999999999996 0.0035390000000000005 0.00097199999999999999 0.00099599999999999992 0.00086900000000000009 1.0092097266317204 1.0092097266317204 1.0092097266317204 9.5042922542240513e-07 9.5042922542240513e-07 9.5042922542240513e-07 1 1 1 Converged Converged Converged OK OK OK 88 88 88 88 88 88 8 8 8 0 0 0 0 1 0 0 1
152 152 linear 2 23 1522 3 0.0001 0.24134414108946181 0.00036776084081675901 0.43196783011294693 3.5608229736267001 -0.42998996963285041 3.6472165396492895 0.5 -3.6471278153543576 1.0087170940203789 OK 12 11 0.57869300000000001 0.34822900000000001 0.185639 0.38272499999999998 0.152229 0 0.19596800000000003 0.19600000000000001 0.185639 0.0065510000000000004 0.0067889999999999999 0.0059930000000000001 0.16901999999999998 0.167875 0.16086099999999995 0.0037720000000000002 0.0044009999999999995 0.0033579999999999999 0.00090800000000000006 0.00089599999999999999 0.00081099999999999987 1.0087168398130359 1.0087168398130359 1.0087168398130359 6.8655209592982491e-07 6.8655209592982491e-07 6.8655209592982491e-07 1 1 1 Converged Converged Converged OK OK OK 81 81 81 81 81 81 7 7 7 0 0 0 0 1 0 0 1
152 152 linear 3 0 1523 0 0.001 0.24134414108946181 0.00036776084081675901 0.43196783011294693 4.4394690239023529 -0.40119433722074477 4.3530754578797639 0.5 -4.3529867335848316 1.0045664217235633 OK 14 13 0.57882 0.58008599999999999 0.12998199999999999 0.44600000000000001 0.446932 0 0.13281999999999999 0.13315399999999999 0.12998199999999999 0.0095449999999999997 0.0099690000000000004 0.0094750000000000008 0.10128700000000011 0.10001400000000001 0.098574999999999996 0.0030309999999999998 0.0036700000000000001 0.0032300000000000002 0.00064899999999999995 0.00072799999999999991 0.00069399999999999996 1.0045661118391704 1.0045661118391704 1.0045661118391704 1.5784294292845705e-05 1.5784294292845705e-05 1.5784294292845705e-05 1 1 1 Converged Converged Converged OK OK OK 73 73 73 73 73 73 7 7 7 0 0 0 0 0 1 0 0
152 152 linear 3 7 1523 1 0.001 0.24134414108946181 0.00036776084081675901 0.43196783011294693 4.4394690239023529 -0.40119433722074477 4.4056628458935139 0.5 -4.4055741215985815 1.0043623105921413 OK 14 13 0.599634 0.29530099999999998 0.12789700000000001 0.46769300000000003 0.15923699999999999 0 0.13194099999999997 0.13606399999999999 0.12789700000000001 0.0086730000000000002 0.0089379999999999998 0.0081010000000000006 0.10549200000000003 0.108332 0.10239000000000002 0.003045 0.0032249999999999996 0.0031069999999999995 0.0006559999999999999 0.00067199999999999996 0.00063199999999999997 1.0043620414906305 1.0043620414906305 1.0043620414906305 5.0181543517315584e-06 5.0181543517315584e-06 5.0181543517315584e-06 1 1 1 Converged Converged Converged OK OK OK 73 73 73 73 73 73 7 7 7 0 0 0 0 1 0 0 1
152 152 linear 3 15 1523 2 0.001 0.24134414108946181 0.00036776084081675901 0.43196783011294693 4.4394690239023529 -0.40119433722074477 4.4657627179092279 0.5 -4.4656739936142955 1.0041464258120241 OK 14 13 0.58016699999999999 0.27288699999999999 0.121015 0.44949899999999998 0.143924 0 0.13066800000000001 0.12896299999999999 0.121015 0.0085199999999999998 0.0087600000000000004 0.0081410000000000007 0.10471599999999995 0.10205800000000001 0.095967000000000025 0.0029069999999999999 0.003235 0.002931 0.00062199999999999994 0.00072499999999999995 0.00065899999999999997 1.0041463413558982 1.0041463413558982 1.0041463413558982 1.333012558443987e-05 1.333012558443987e-05 1.333012558443987e-05 1 1 1 Converged Converged Converged OK OK OK 73 73 73 73 73 73 7 7 7 0 0 0 0 1 0 0 1
152 152 linear 3 23 1523 3 0.001 0.24134414108946181 0.00036776084081675901 0.43196783011294693 4.4394690239023529 -0.40119433722074477 4.5258625899249418 0.5 -4.5257738656300095 1.0039459541349383 OK 14 13 0.62651100000000004 0.30673899999999998 0.12171999999999999 0.49948999999999999 0.17763300000000001 0 0.12702100000000005 0.12910599999999997 0.12171999999999999 0.0087819999999999999 0.0087679999999999998 0.0080999999999999996 0.10136999999999997 0.10364899999999996 0.097856000000000012 0.002875 0.0029529999999999999 0.0026189999999999998 0.00068800000000000003 0.00061300000000000005 0.00065799999999999995 1.0039462777474268 1.0039462777474268 1.0039462777474268 8.569386103205938e-05 8.569386103205938e-05 8.569386103205938e-05 1 1 1 Converged Converged Converged OK OK OK 66 66 66 66 66 66 6 6 6 0 0 0 0 1 0 0 1
152 152 linear 3 0 1523 0 0.0001 0.24134414108946181 0.00036776084081675901 0.43196783011294693 4.4394690239023529 -0.40119433722074477 4.3530754578797639 0.5 -4.3529867335848316 1.0045664217235633 OK 14 13 0.58169000000000004 0.57417200000000002 0.13075600000000001 0.44538 0.44344899999999998 0 0.13631000000000004 0.13072300000000003 0.13075600000000001 0.0095999999999999992 0.0095750000000000002 0.0094210000000000006 0.10133800000000001 0.099527999999999991 0.099027000000000046 0.0030039999999999997 0.0029949999999999998 0.0030219999999999999 0.0042589999999999998 0.00067499999999999993 0.00069300000000000004 1.0045661118391704 1.0045661118391704 1.0045661118391704 1.5784294292845705e-05 1.5784294292845705e-05 1.5784294292845705e-05 1 1 1 Converged Converged Converged OK OK OK 73 73 73 73 73 73 7 7 7 0 0 0 0 0 1 0 0
152 152 linear 3 7 1523 1 0.0001 0.24134414108946181 0.00036776084081675901 0.43196783011294693 4.4394690239023529 -0.40119433722074477 4.4056628458935139 0.5 -4.4055741215985815 1.0043623105921413 OK 14 13 0.599047 0.29459099999999999 0.127721 0.46558100000000002 0.15991900000000001 0 0.13346599999999997 0.13467199999999999 0.127721 0.0087919999999999995 0.0087170000000000008 0.0081890000000000001 0.10597100000000004 0.10835899999999998 0.102449 0.003339 0.0031219999999999998 0.0029269999999999999 0.00068000000000000005 0.00064999999999999997 0.00061499999999999988 1.0043620414906305 1.0043620414906305 1.0043620414906305 5.0181543517315584e-06 5.0181543517315584e-06 5.0181543517315584e-06 1 1 1 Converged Converged Converged OK OK OK 73 73 73 73 73 73 7 7 7 0 0 0 0 1 0 0 1
152 152 linear 3 15 1523 2 0.0001 0.24134414108946181 0.00036776084081675901 0.43196783011294693 4.4394690239023529 -0.40119433722074477 4.4657627179092279 0.5 -4.4656739936142955 1.0041464258120241 OK 14 13 0.57825199999999999 0.27108500000000002 0.121003 0.45304899999999998 0.14152000000000001 0 0.12520300000000001 0.12956500000000001 0.121003 0.0086639999999999998 0.0087299999999999999 0.0080350000000000005 0.098951000000000025 0.10227399999999999 0.096169999999999978 0.0030200000000000001 0.0033990000000000001 0.0028499999999999997 0.00061899999999999998 0.00064899999999999995 0.00063199999999999997 1.0041463413558982 1.0041463413558982 1.0041463413558982 1.333012558443987e-05 1.333012558443987e-05 1.333012558443987e-05 1 1 1 Converged Converged Converged OK OK OK 73 73 73 73 73 73 7 7 7 0 0 0 0 1 0 0 1
152 152 linear 3 23 1523 3 0.0001 0.24134414108946181 0.00036776084081675901 0.43196783011294693 4.4394690239023529 -0.40119433722074477 4.5258625899249418 0.5 -4.5257738656300095 1.0039459541349383 OK 14 13 0.62632699999999997 0.305616 0.121924 0.499309 0.17519499999999999 0 0.12701799999999996 0.13042100000000001 0.121924 0.0086280000000000003 0.0087580000000000002 0.0081399999999999997 0.101246 0.10423700000000001 0.097972999999999991 0.002967 0.0032960000000000003 0.0026290000000000003 0.00060899999999999995 0.00062600000000000004 0.00062500000000000001 1.0039462777474268 1.0039462777474268 1.0039462777474268 8.569386103205938e-05 8.569386103205938e-05 8.569386103205938e-05 1 1 1 Converged Converged Converged OK OK OK 66 66 66 66 66 66 6 6 6 0 0 0 0 1 0 0 1
152 152 linear 4 0 1524 0 0.001 0.24134414108946181 0.00036776084081675901 0.43196783011294693 -0.22125506269734979 -0.68907077196059285 -0.3076486287199392 0.5 0.30773735301487115 1.6562491072927366 OK 13 12 3.2302369999999998 3.2392620000000001 0.083423999999999998 3.1269300000000002 3.139167 0 0.10330699999999959 0.10009500000000005 0.083423999999999998 0.011533 0.010296 0.010390999999999999 0.06969199999999999 0.069804000000000047 0.056146000000000001 0.0040140000000000002 0.0040160000000000005 0.0026079999999999996 0.0010039999999999999 0.0010119999999999999 0.00071999999999999994 1.6562483057757691 1.6562483057757691 1.6562483057757691 0.00020479029807405561 0.00020479029807405561 0.00020479029807405561 1 1 1 Converged Converged Converged OK OK OK 59 59 59 59 59 59 5 5 5 0 0 0 0 0 1 0 0
152 152 linear 4 7 1524 1 0.001 0.24134414108946181 0.00036776084081675901 0.43196783011294693 -0.22125506269734979 -0.68907077196059285 -0.25506124070618913 0.5 0.25514996500112108 1.6913685154888181 OK 13 12 3.2896939999999999 0.26554 0.079487000000000002 3.1905190000000001 0.17441100000000001 0 0.099174999999999791 0.091128999999999988 0.079487000000000002 0.010267999999999999 0.0089020000000000002 0.0091509999999999994 0.070341999999999988 0.066755999999999996 0.057624000000000009 0.0041320000000000003 0.003421 0.0023530000000000001 0.00096899999999999992 0.000825 0.00064599999999999998 1.6913676444046666 1.6913676444046666 1.6913676444046666 0.00019941867422302594 0.00019941867422302594 0.00019941867422302594 1 1 1 Converged Converged Converged OK OK OK 59 59 59 59 59 59 5 5 5 0 0 0 0 1 0 0 1
152 152 linear 4 15 1524 2 0.001 0.24134414108946181 0.00036776084081675901 0.43196783011294693 -0.22125506269734979 -0.68907077196059285 -0.19496136869047476 0.5 0.19505009298540671 1.7267303214214338 OK 13 12 3.1568049999999999 0.26244299999999998 0.080697000000000005 3.057159 0.16921900000000001 0 0.099645999999999901 0.093223999999999974 0.080697000000000005 0.010343 0.009894 0.0090620000000000006 0.071553999999999965 0.068691000000000016 0.059223000000000019 0.0041370000000000001 0.0030369999999999998 0.0023289999999999999 0.00098799999999999995 0.00085499999999999997 0.00064900000000000005 1.7267294090123453 1.7267294090123453 1.7267294090123453 0.00020828670065119656 0.00020828670065119656 0.00020828670065119656 1 1 1 Converged Converged Converged OK OK OK 59 59 59 59 59 59 5 5 5 0 0 0 0 1 0 0 1
152 152 linear 4 23 1524 3 0.001 0.24134414108946181 0.00036776084081675901 0.43196783011294693 -0.22125506269734979 -0.68907077196059285 -0.13486149667476038 0.5 0.13495022096969234 1.754923953253835 OK 13 12 3.0525139999999999 0.25290800000000002 0.075036000000000005 2.9546739999999998 0.17124600000000001 0 0.097840000000000149 0.081662000000000012 0.075036000000000005 0.010482999999999999 0.0098899999999999995 0.0078230000000000001 0.068679999999999991 0.058039000000000028 0.055104000000000007 0.003869 0.0027439999999999999 0.0022190000000000001 0.0010189999999999999 0.00075799999999999999 0.00065300000000000004 1.7549230062423522 1.7549230062423522 1.7549230062423522 0.0002385381697642317 0.0002385381697642317 0.0002385381697642317 1 1 1 Converged Converged Converged OK OK OK 59 59 59 59 59 59 5 5 5 0 0 0 0 1 0 0 1
152 152 linear 4 0 1524 0 0.0001 0.24134414108946181 0.00036776084081675901 0.43196783011294693 -0.22125506269734979 -0.68907077196059285 -0.3076486287199392 0.5 0.30773735301487115 1.6562491072927366 OK 13 12 3.2730299999999999 3.2672279999999998 0.099148 3.1460129999999999 3.146061 0 0.12701699999999994 0.1211669999999998 0.099148 0.011341 0.010456999999999999 0.008992 0.086552000000000018 0.082194000000000017 0.068297999999999984 0.0059620000000000003 0.0058780000000000004 0.0041489999999999999 0.002183 0.0017910000000000001 0.00090200000000000002 1.6562480835480002 1.6562480835480002 1.6562480835480002 0.00010903901004605058 0.00010903901004605058 0.00010903901004605058 1 1 1 Converged Converged Converged OK OK OK 75 75 75 75 75 75 5 5 5 0 0 0 0 0 1 0 0
152 152 linear 4 7 1524 1 0.0001 0.24134414108946181 0.00036776084081675901 0.43196783011294693 -0.22125506269734979 -0.68907077196059285 -0.25506124070618913 0.5 0.25514996500112108 1.6913685154888181 OK 13 12 3.2926289999999998 0.28486699999999998 0.095061999999999994 3.1698580000000001 0.17361399999999999 0 0.12277099999999974 0.11125299999999999 0.095061999999999994 0.010545000000000001 0.0091149999999999998 0.0080850000000000002 0.089697000000000027 0.082254999999999995 0.070940000000000017 0.00613 0.005287 0.0034280000000000001 0.002016 0.00097400000000000004 0.00084100000000000006 1.691367647840109 1.691367647840109 1.691367647840109 0.00010664704531812596 0.00010664704531812596 0.00010664704531812596 1 1 1 Converged Converged Converged OK OK OK 75 75 75 75 75 75 5 5 5 0 0 0 0 1 0 0 1
152 152 linear 4 15 1524 2 0.0001 0.24134414108946181 0.00036776084081675901 0.43196783011294693 -0.22125506269734979 -0.68907077196059285 -0.19496136869047476 0.5 0.19505009298540671 1.7267303214214338 OK 13 12 3.1915360000000002 0.276503 0.097807000000000005 3.0663849999999999 0.16672200000000001 0 0.12515100000000023 0.10978099999999999 0.097807000000000005 0.010357 0.009972 0.0078580000000000004 0.092580000000000037 0.081034999999999996 0.074277999999999997 0.005855 0.0045840000000000004 0.003209 0.0013670000000000002 0.00096100000000000005 0.000834 1.7267294092812786 1.7267294092812786 1.7267294092812786 0.00010497215353915425 0.00010497215353915425 0.00010497215353915425 1 1 1 Converged Converged Converged OK OK OK 75 75 75 75 75 75 5 5 5 0 0 0 0 1 0 0 1
152 152 linear 4 23 1524 3 0.0001 0.24134414108946181 0.00036776084081675901 0.43196783011294693 -0.22125506269734979 -0.68907077196059285 -0.13486149667476038 0.5 0.13495022096969234 1.754923953253835 OK 13 12 3.0655230000000002 0.26852799999999999 0.092720999999999998 2.944836 0.167409 0 0.12068700000000021 0.10111899999999999 0.092720999999999998 0.010326999999999999 0.0085179999999999995 0.0077939999999999997 0.087651000000000062 0.075205999999999967 0.069862999999999981 0.007352 0.0041250000000000002 0.0030569999999999998 0.001109 0.00086899999999999998 0.00080300000000000011 1.7549229996852069 1.7549229996852069 1.7549229996852069 0.00012218041319661668 0.00012218041319661668 0.00012218041319661668 1 1 1 Converged Converged Converged OK OK OK 75 75 75 75 75 75 5 5 5 0 0 0 0 1 0 0 1
152 152 uniform 0 0 1525 0 0.001 0.24134414108946181 0.00036776084081675901 0.43196783011294693 0.099848839912127327 0.0054510589316539293 0.013455273889537933 0 -0.013366549594605979 4.7355142572189131 OK 13 12 17.600451 17.620740000000001 0.16411800000000001 17.388777000000001 17.421087 0 0.21167399999999859 0.19965300000000141 0.16411800000000001 0.012263 0.01193 0.010239 0.16656000000000007 0.15698499999999996 0.12887300000000002 0.0063709999999999999 0.0057219999999999997 0.0040289999999999996 0.0011690000000000001 0.0012000000000000001 0.00092699999999999998 4.7355260840553166 4.7355260840553166 4.7355260840553166 0.0014373546167687527 0.0014373546167687527 0.0014373546167687527 1 1 1 Converged Converged Converged OK OK OK 82 82 82 82 82 82 6 6 6 0 0 0 0 0 1 0 0
152 152 uniform 0 7 1525 1 0.001 0.24134414108946181 0.00036776084081675901 0.43196783011294693 0.099848839912127327 0.0054510589316539293 0.066042661903288002 0 -0.06595393760835605 4.7111708731742326 OK 13 12 2.6266690000000001 0.32011400000000001 0.13844999999999999 2.4673759999999998 0.172179 0 0.15929300000000035 0.14793500000000001 0.13844999999999999 0.01193 0.011797 0.0094249999999999994 0.12489399999999996 0.11744199999999996 0.112418 0.0047100000000000006 0.003594 0.0029060000000000002 0.0010660000000000001 0.0010539999999999998 0.00087900000000000001 4.7111525355668551 4.7111525355668551 4.7111525355668551 0.0034682697594471141 0.0034682697594471141 0.0034682697594471141 1 1 1 Converged Converged Converged OK OK OK 73 73 73 73 73 73 7 7 7 0 0 0 0 1 0 0 1
152 152 uniform 0 15 1525 2 0.001 0.24134414108946181 0.00036776084081675901 0.43196783011294693 0.099848839912127327 0.0054510589316539293 0.12614253391900238 0 -0.12605380962407042 4.6426965510218174 OK 13 12 2.2325949999999999 0.30010199999999998 0.14353099999999999 2.0680619999999998 0.149752 0 0.16453300000000004 0.15034999999999998 0.14353099999999999 0.011936 0.0098989999999999998 0.0088819999999999993 0.130386 0.11849299999999997 0.11705199999999999 0.0048110000000000002 0.0034199999999999999 0.0030360000000000001 0.0010510000000000001 0.000941 0.00086600000000000002 4.6426213761265096 4.6426213761265096 4.6426213761265096 0.0030785843479838181 0.0030785843479838181 0.0030785843479838181 1 1 1 Converged Converged Converged OK OK OK 80 80 80 80 80 80 8 8 8 0 0 0 0 1 0 0 1
152 152 uniform 0 23 1525 3 0.001 0.24134414108946181 0.00036776084081675901 0.43196783011294693 0.099848839912127327 0.0054510589316539293 0.18624240593471672 0 -0.18615368163978477 4.5272551971984569 OK 13 12 2.1038519999999998 0.33678999999999998 0.14779999999999999 1.9469259999999999 0.17947399999999999 0 0.1569259999999999 0.15731599999999998 0.14779999999999999 0.010796999999999999 0.015937 0.0092149999999999992 0.124733 0.12285700000000001 0.12129999999999999 0.0046480000000000002 0.0034679999999999993 0.0029529999999999999 0.0010820000000000001 0.00090700000000000004 0.00086900000000000009 4.5274950350753782 4.5274950350753782 4.5274950350753782 0.0039513436715219279 0.0039513436715219279 0.0039513436715219279 1 1 1 Converged Converged Converged OK OK OK 80 80 80 80 80 80 8 8 8 0 0 0 0 1 0 0 1
152 152 uniform 0 0 1525 0 0.0001 0.24134414108946181 0.00036776084081675901 0.43196783011294693 0.099848839912127327 0.0054510589316539293 0.013455273889537933 0 -0.013366549594605979 4.7355142572189131 OK 13 12 17.708575 17.726098 0.238759 17.406352999999999 17.430357000000001 0 0.30222200000000043 0.29574099999999959 0.238759 0.012267999999999999 0.011272000000000001 0.010312999999999999 0.23981399999999997 0.23518900000000006 0.18953500000000012 0.011336000000000001 0.011339999999999999 0.0070690000000000006 0.0018099999999999998 0.0016100000000000001 0.0012830000000000001 4.7355160060204424 4.7355160060204424 4.7355160060204424 0.00045237100773851666 0.00045237100773851666 0.00045237100773851666 1 1 1 Converged Converged Converged OK OK OK 130 130 130 130 130 130 6 6 6 0 0 0 0 0 1 0 0
152 152 uniform 0 7 1525 1 0.0001 0.24134414108946181 0.00036776084081675901 0.43196783011294693 0.099848839912127327 0.0054510589316539293 0.066042661903288002 0 -0.06595393760835605 4.7111708731742326 OK 13 12 2.6945429999999999 0.38823299999999999 0.19506799999999999 2.4689890000000001 0.17167099999999999 0 0.22555399999999981 0.216562 0.19506799999999999 0.012468 0.011894999999999999 0.009384 0.18010599999999999 0.17406999999999989 0.16017799999999993 0.0081310000000000011 0.0071720000000000004 0.0049370000000000004 0.001774 0.0017040000000000002 0.0014300000000000001 4.7111688946385462 4.7111688946385462 4.7111688946385462 0.00045324572875656124 0.00045324572875656124 0.00045324572875656124 1 1 1 Converged Converged Converged OK OK OK 113 113 113 113 113 113 7 7 7 0 0 0 0 1 0 0 1
152 152 uniform 0 15 1525 2 0.0001 0.24134414108946181 0.00036776084081675901 0.43196783011294693 0.099848839912127327 0.0054510589316539293 0.12614253391900238 0 -0.12605380962407042 4.6426965510218174 OK 13 12 2.3176399999999999 0.40111799999999997 0.23643500000000001 2.0700850000000002 0.149146 0 0.24755499999999975 0.25197199999999997 0.23643500000000001 0.010484 0.019456000000000001 0.0091179999999999994 0.19790799999999995 0.19531099999999998 0.19342900000000007 0.010485999999999999 0.0089639999999999997 0.007698 0.0014959999999999999 0.001403 0.0013150000000000002 4.6427020723926553 4.6427020723926553 4.6427020723926553 0.00036303887447564418 0.00036303887447564418 0.00036303887447564418 1 1 1 Converged Converged Converged OK OK OK 144 144 144 144 144 144 8 8 8 0 0 0 0 1 0 0 1
152 152 uniform 0 23 1525 3 0.0001 0.24134414108946181 0.00036776084081675901 0.43196783011294693 0.099848839912127327 0.0054510589316539293 0.18624240593471672 0 -0.18615368163978477 4.5272551971984569 OK 13 12 2.177352 0.40006999999999998 0.21632899999999999 1.95147 0.1794 0 0.22588199999999992 0.22066999999999998 0.21632899999999999 0.010729000000000001 0.010277 0.009391 0.18191800000000011 0.18049499999999999 0.17860900000000005 0.0092060000000000006 0.0073109999999999998 0.0063709999999999999 0.0013669999999999999 0.001242 0.00117 4.5272445368414553 4.5272445368414553 4.5272445368414553 0.00044526767938022098 0.00044526767938022098 0.00044526767938022098 1 1 1 Converged Converged Converged OK OK OK 128 128 128 128 128 128 8 8 8 0 0 0 0 1 0 0 1
152 152 uniform 1 0 1526 0 0.001 0.24134414108946181 0.00036776084081675901 0.43196783011294693 3.619341118656874 0.056926348374955194 3.5329475526342846 0 -3.5328588283393527 1.0098250724830926 OK 15 14 0.53436399999999995 0.52855799999999997 0.123788 0.40667999999999999 0.40357300000000002 0 0.12768399999999996 0.12498499999999996 0.123788 0.010711999999999999 0.010612 0.0098480000000000009 0.095426000000000039 0.094112000000000001 0.093872999999999998 0.0025709999999999999 0.0023259999999999999 0.0022910000000000001 0.00055800000000000001 0.00051099999999999995 0.00048499999999999997 1.0098266232298285 1.0098266232298285 1.0098266232298285 0.00043275710627707918 0.00043275710627707918 0.00043275710627707918 1 1 1 Converged Converged Converged OK OK OK 71 71 71 71 71 71 9 9 9 0 0 0 0 0 1 0 0
152 152 uniform 1 7 1526 1 0.001 0.24134414108946181 0.00036776084081675901 0.43196783011294693 3.619341118656874 0.056926348374955194 3.5855349406480346 0 -3.5854462163531027 1.0093498306592794 OK 15 14 0.53043099999999999 0.27420600000000001 0.11058 0.413323 0.15919 0 0.11710799999999999 0.11501600000000001 0.11058 0.0092499999999999995 0.0091319999999999995 0.0084259999999999995 0.092659000000000005 0.091406000000000001 0.08805399999999998 0.0025330000000000001 0.0023249999999999998 0.0023189999999999999 0.00055699999999999999 0.00050399999999999989 0.00051999999999999995 1.0093509128606775 1.0093509128606775 1.0093509128606775 0.00041591368465307692 0.00041591368465307692 0.00041591368465307692 1 1 1 Converged Converged Converged OK OK OK 71 71 71 71 71 71 9 9 9 0 0 0 0 1 0 0 1
152 152 uniform 1 15 1526 2 0.001 0.24134414108946181 0.00036776084081675901 0.43196783011294693 3.619341118656874 0.056926348374955194 3.645634812663749 0 -3.6455460883688171 1.0088242490459756 OK 15 14 0.52294399999999996 0.25567800000000002 0.096605999999999997 0.42446899999999999 0.151202 0 0.098474999999999979 0.10447600000000001 0.096605999999999997 0.0089910000000000007 0.0089409999999999993 0.0083649999999999992 0.075114000000000014 0.07760800000000001 0.074603000000000017 0.0021410000000000005 0.0021910000000000002 0.0020939999999999999 0.00050900000000000001 0.00049799999999999996 0.00048000000000000001 1.0088248735048584 1.0088248735048584 1.0088248735048584 0.00039948992952589386 0.00039948992952589386 0.00039948992952589386 1 1 1 Converged Converged Converged OK OK OK 71 71 71 71 71 71 9 9 9 0 0 0 0 1 0 0 1
152 152 uniform 1 23 1526 3 0.001 0.24134414108946181 0.00036776084081675901 0.43196783011294693 3.619341118656874 0.056926348374955194 3.7057346846794634 0 -3.7056459603845315 1.008329545800895 OK 15 14 0.51270499999999997 0.25390099999999999 0.100426 0.41040100000000002 0.14776400000000001 0 0.10230399999999995 0.10613699999999998 0.100426 0.0089949999999999995 0.0091549999999999999 0.0083000000000000001 0.078879000000000005 0.082133999999999971 0.078506999999999993 0.0021900000000000001 0.0024840000000000005 0.0021259999999999999 0.00049100000000000001 0.00052499999999999997 0.00047500000000000005 1.008329826398656 1.008329826398656 1.008329826398656 0.00038621524308062158 0.00038621524308062158 0.00038621524308062158 1 1 1 Converged Converged Converged OK OK OK 71 71 71 71 71 71 9 9 9 0 0 0 0 1 0 0 1
152 152 uniform 1 0 1526 0 0.0001 0.24134414108946181 0.00036776084081675901 0.43196783011294693 3.619341118656874 0.056926348374955194 3.5329475526342846 0 -3.5328588283393527 1.0098250724830926 OK 15 14 0.54463300000000003 0.549647 0.141709 0.40221800000000002 0.40543899999999999 0 0.14241500000000001 0.144208 0.141709 0.0101 0.010397999999999999 0.0099019999999999993 0.10534899999999998 0.106076 0.10503200000000003 0.003241 0.0036630000000000005 0.0032820000000000002 0.000727 0.00074200000000000004 0.00067699999999999998 1.0098266233625222 1.0098266233625222 1.0098266233625222 7.7499265207878239e-05 7.7499265207878239e-05 7.7499265207878239e-05 1 1 1 Converged Converged Converged OK OK OK 87 87 87 87 87 87 9 9 9 0 0 0 0 0 1 0 0
152 152 uniform 1 7 1526 1 0.0001 0.24134414108946181 0.00036776084081675901 0.43196783011294693 3.619341118656874 0.056926348374955194 3.5855349406480346 0 -3.5854462163531027 1.0093498306592794 OK 15 14 0.53953399999999996 0.29461300000000001 0.126306 0.411881 0.16075999999999999 0 0.12765299999999996 0.13385300000000003 0.126306 0.0090629999999999999 0.0091900000000000003 0.0083840000000000008 0.098938000000000012 0.104806 0.098793000000000034 0.0030759999999999997 0.0034730000000000004 0.0031679999999999998 0.00067000000000000002 0.00067900000000000002 0.00067200000000000007 1.0093509129866787 1.0093509129866787 1.0093509129866787 6.0313508962613303e-05 6.0313508962613303e-05 6.0313508962613303e-05 1 1 1 Converged Converged Converged OK OK OK 87 87 87 87 87 87 9 9 9 0 0 0 0 1 0 0 1
152 152 uniform 1 15 1526 2 0.0001 0.24134414108946181 0.00036776084081675901 0.43196783011294693 3.619341118656874 0.056926348374955194 3.645634812663749 0 -3.6455460883688171 1.0088242490459756 OK 15 14 0.53594900000000001 0.276194 0.11212999999999999 0.42020600000000002 0.15306600000000001 0 0.11574299999999998 0.12312799999999999 0.11212999999999999 0.0090830000000000008 0.0090650000000000001 0.0083210000000000003 0.086497000000000032 0.094465999999999994 0.084850999999999968 0.0034190000000000002 0.0031589999999999995 0.0029709999999999997 0.00065400000000000007 0.00066500000000000001 0.00068999999999999997 1.0088248736239698 1.0088248736239698 1.0088248736239698 4.3540288238454067e-05 4.3540288238454067e-05 4.3540288238454067e-05 1 1 1 Converged Converged Converged OK OK OK 87 87 87 87 87 87 9 9 9 0 0 0 0 1 0 0 1
152 152 uniform 1 23 1526 3 0.0001 0.24134414108946181 0.00036776084081675901 0.43196783011294693 3.619341118656874 0.056926348374955194 3.7057346846794634 0 -3.7056459603845315 1.008329545800895 OK 15 14 0.532613 0.27163799999999999 0.116135 0.41163 0.14832500000000001 0 0.12098300000000001 0.12331299999999998 0.116135 0.0090620000000000006 0.0089409999999999993 0.0082170000000000003 0.090976000000000015 0.094829999999999956 0.089153000000000038 0.0038219999999999999 0.0033099999999999996 0.0029899999999999996 0.00071699999999999997 0.00063499999999999993 0.00065200000000000002 1.0083298265115967 1.0083298265115967 1.0083298265115967 2.9956463464361513e-05 2.9956463464361513e-05 2.9956463464361513e-05 1 1 1 Converged Converged Converged OK OK OK 87 87 87 87 87 87 9 9 9 0 0 0 0 1 0 0 1
152 152 uniform 2 0 1527 0 0.001 0.24134414108946181 0.00036776084081675901 0.43196783011294693 3.5608229736267001 -0.42998996963285041 3.4744294076041107 0 -3.4743406833091788 1.0102279318948022 OK 14 13 0.56994800000000001 0.565079 0.12134399999999999 0.44414300000000001 0.44207999999999997 0 0.125805 0.12299900000000002 0.12134399999999999 0.010229 0.0098899999999999995 0.0095409999999999991 0.097735000000000002 0.096517999999999979 0.095567999999999986 0.0023140000000000001 0.0021339999999999996 0.0020179999999999998 0.00052800000000000004 0.000457 0.00041899999999999999 1.0102279158577752 1.0102279158577752 1.0102279158577752 0.00039077415734229434 0.00039077415734229434 0.00039077415734229434 1 1 1 Converged Converged Converged OK OK OK 57 57 57 57 57 57 7 7 7 0 0 0 0 0 1 0 0
152 152 uniform 2 7 1527 1 0.001 0.24134414108946181 0.00036776084081675901 0.43196783011294693 3.5608229736267001 -0.42998996963285041 3.5270167956178606 0 -3.5269280713229287 1.0097308405812928 OK 14 13 0.54746700000000004 0.26173299999999999 0.116193 0.42804199999999998 0.140959 0 0.11942500000000006 0.12077399999999999 0.116193 0.0090189999999999992 0.0088249999999999995 0.0082439999999999996 0.096308000000000005 0.098959000000000033 0.095424000000000009 0.002333 0.001964 0.00198 0.00050100000000000003 0.00045599999999999997 0.00045299999999999995 1.0097308252218462 1.0097308252218462 1.0097308252218462 0.00041990745083811382 0.00041990745083811382 0.00041990745083811382 1 1 1 Converged Converged Converged OK OK OK 57 57 57 57 57 57 7 7 7 0 0 0 0 1 0 0 1
152 152 uniform 2 15 1527 2 0.001 0.24134414108946181 0.00036776084081675901 0.43196783011294693 3.5608229736267001 -0.42998996963285041 3.5871166676335751 0 -3.5870279433386432 1.009228313344414 OK 13 12 0.54723200000000005 0.26255099999999998 0.11709 0.42638999999999999 0.14094100000000001 0 0.12084200000000006 0.12160999999999997 0.11709 0.0068479999999999999 0.006705 0.0062430000000000003 0.098658999999999983 0.10049300000000001 0.096838999999999995 0.0022680000000000001 0.0020300000000000001 0.0020050000000000003 0.00055999999999999995 0.00048300000000000003 0.00046899999999999996 1.0092283215932709 1.0092283215932709 1.0092283215932709 0.00043713491127674855 0.00043713491127674855 0.00043713491127674855 1 1 1 Converged Converged Converged OK OK OK 64 64 64 64 64 64 8 8 8 0 0 0 0 1 0 0 1
152 152 uniform 2 23 1527 3 0.001 0.24134414108946181 0.00036776084081675901 0.43196783011294693 3.5608229736267001 -0.42998996963285041 3.6472165396492895 0 -3.6471278153543576 1.0087243517555324 OK 12 11 0.48698999999999998 0.259015 0.102033 0.38140499999999999 0.14774699999999999 0 0.10558499999999998 0.11126800000000001 0.102033 0.0067980000000000002 0.011037 0.0058560000000000001 0.085716999999999988 0.087893000000000027 0.084539000000000003 0.0021190000000000002 0.002 0.0018699999999999999 0.00051500000000000005 0.00050299999999999997 0.00042399999999999995 1.00872432010803 1.00872432010803 1.00872432010803 0.00044014876631528468 0.00044014876631528468 0.00044014876631528468 1 1 1 Converged Converged Converged OK OK OK 57 57 57 57 57 57 7 7 7 0 0 0 0 1 0 0 1
152 152 uniform 2 0 1527 0 0.0001 0.24134414108946181 0.00036776084081675901 0.43196783011294693 3.5608229736267001 -0.42998996963285041 3.4744294076041107 0 -3.4743406833091788 1.0102279318948022 OK 14 13 0.58376899999999998 0.57941399999999998 0.14002000000000001 0.44399 0.43997799999999998 0 0.13977899999999999 0.139436 0.14002000000000001 0.0097660000000000004 0.0099559999999999996 0.0099310000000000006 0.10719499999999998 0.10715600000000004 0.10732399999999997 0.0030199999999999997 0.002875 0.0030309999999999998 0.00064099999999999997 0.00064499999999999996 0.00068800000000000003 1.0102279159943253 1.0102279159943253 1.0102279159943253 3.5692803500901878e-05 3.5692803500901878e-05 3.5692803500901878e-05 1 1 1 Converged Converged Converged OK OK OK 73 73 73 73 73 73 7 7 7 0 0 0 0 0 1 0 0
152 152 uniform 2 7 1527 1 0.0001 0.24134414108946181 0.00036776084081675901 0.43196783011294693 3.5608229736267001 -0.42998996963285041 3.5270167956178606 0 -3.5269280713229287 1.0097308405812928 OK 14 13 0.56656099999999998 0.28419800000000001 0.133412 0.43263699999999999 0.14219200000000001 0 0.13392399999999999 0.14200599999999999 0.133412 0.0088760000000000002 0.0087159999999999998 0.0086040000000000005 0.10678499999999996 0.11517000000000001 0.106976 0.0029649999999999998 0.0029239999999999999 0.0029159999999999998 0.000611 0.00062399999999999999 0.00064499999999999996 1.0097308253514139 1.0097308253514139 1.0097308253514139 6.4468268744160409e-05 6.4468268744160409e-05 6.4468268744160409e-05 1 1 1 Converged Converged Converged OK OK OK 73 73 73 73 73 73 7 7 7 0 0 0 0 1 0 0 1
152 152 uniform 2 15 1527 2 0.0001 0.24134414108946181 0.00036776084081675901 0.43196783011294693 3.5608229736267001 -0.42998996963285041 3.5871166676335751 0 -3.5870279433386432 1.009228313344414 OK 13 12 0.560006 0.287323 0.13406399999999999 0.42364099999999999 0.14452699999999999 0 0.13636500000000001 0.14279600000000001 0.13406399999999999 0.0068739999999999999 0.0067860000000000004 0.0062040000000000003 0.10952000000000001 0.11489100000000003 0.10877399999999997 0.0030020000000000003 0.0035949999999999997 0.0029069999999999999 0.00066800000000000008 0.00079600000000000005 0.00070700000000000005 1.0092283217156459 1.0092283217156459 1.0092283217156459 8.1329696407652567e-05 8.1329696407652567e-05 8.1329696407652567e-05 1 1 1 Converged Converged Converged OK OK OK 80 80 80 80 80 80 8 8 8 0 0 0 0 1 0 0 1
152 152 uniform 2 23 1527 3 0.0001 0.24134414108946181 0.00036776084081675901 0.43196783011294693 3.5608229736267001 -0.42998996963285041 3.6472165396492895 0 -3.6471278153543576 1.0087243517555324 OK 12 11 0.50844299999999998 0.27624500000000002 0.118376 0.38279000000000002 0.15051200000000001 0 0.12565299999999996 0.12573300000000001 0.118376 0.0067799999999999996 0.0064219999999999998 0.0060419999999999996 0.09993300000000005 0.10140100000000006 0.095658000000000007 0.0034819999999999999 0.003176 0.0027669999999999999 0.00070699999999999995 0.00064799999999999992 0.00061899999999999998 1.0087243202239586 1.0087243202239586 1.0087243202239586 8.4019007688279914e-05 8.4019007688279914e-05 8.4019007688279914e-05 1 1 1 Converged Converged Converged OK OK OK 73 73 73 73 73 73 7 7 7 0 0 0 0 1 0 0 1
152 152 uniform 3 0 1528 0 0.001 0.24134414108946181 0.00036776084081675901 0.43196783011294693 4.4394690239023529 -0.40119433722074477 4.3530754578797639 0 -4.3529867335848316 1.0045724637164719 OK 14 13 0.54170099999999999 0.54240299999999997 0.097295000000000006 0.44423699999999999 0.44445699999999999 0 0.097463999999999995 0.097945999999999978 0.097295000000000006 0.0094870000000000006 0.0097979999999999994 0.0094319999999999994 0.072353999999999974 0.072540000000000021 0.071939000000000017 0.001887 0.001928 0.0018659999999999998 0.00045900000000000004 0.00047400000000000003 0.00050000000000000001 1.0045724517567907 1.0045724517567907 1.0045724517567907 0.00036499711324980525 0.00036499711324980525 0.00036499711324980525 1 1 1 Converged Converged Converged OK OK OK 57 57 57 57 57 57 7 7 7 0 0 0 0 0 1 0 0
152 152 uniform 3 7 1528 1 0.001 0.24134414108946181 0.00036776084081675901 0.43196783011294693 4.4394690239023529 -0.40119433722074477 4.4056628458935139 0 -4.4055741215985815 1.0043676543872415 OK 14 13 0.56415099999999996 0.26103199999999999 0.099072999999999994 0.46694600000000003 0.16009499999999999 0 0.09720499999999993 0.100937 0.099072999999999994 0.0085920000000000007 0.0088229999999999992 0.0082780000000000006 0.076217999999999966 0.079471000000000028 0.078920000000000018 0.0018519999999999999 0.002068 0.0019220000000000001 0.00041599999999999997 0.00044000000000000002 0.00044700000000000002 1.0043676440983733 1.0043676440983733 1.0043676440983733 0.00036133929079740413 0.00036133929079740413 0.00036133929079740413 1 1 1 Converged Converged Converged OK OK OK 57 57 57 57 57 57 7 7 7 0 0 0 0 1 0 0 1
152 152 uniform 3 15 1528 2 0.001 0.24134414108946181 0.00036776084081675901 0.43196783011294693 4.4394690239023529 -0.40119433722074477 4.4657627179092279 0 -4.4656739936142955 1.0041512398436538 OK 14 13 0.54155799999999998 0.23787800000000001 0.089068999999999995 0.44934400000000002 0.143007 0 0.092213999999999963 0.094871000000000011 0.089068999999999995 0.0087989999999999995 0.0088030000000000001 0.0080999999999999996 0.070323999999999984 0.073242999999999961 0.069509000000000001 0.0021950000000000003 0.0020940000000000004 0.00182 0.00046200000000000001 0.00043600000000000003 0.00038899999999999997 1.0041514916890812 1.0041514916890812 1.0041514916890812 0.00038155732499615193 0.00038155732499615193 0.00038155732499615193 1 1 1 Converged Converged Converged OK OK OK 57 57 57 57 57 57 7 7 7 0 0 0 0 1 0 0 1
152 152 uniform 3 23 1528 3 0.001 0.24134414108946181 0.00036776084081675901 0.43196783011294693 4.4394690239023529 -0.40119433722074477 4.5258625899249418 0 -4.5257738656300095 1.0039503668173764 OK 14 13 0.59328999999999998 0.27229399999999998 0.091450000000000004 0.49935299999999999 0.176785 0 0.093936999999999993 0.095508999999999983 0.091450000000000004 0.0088380000000000004 0.0087460000000000003 0.0081539999999999998 0.07359099999999999 0.075498999999999997 0.072838 0.0017239999999999998 0.0017860000000000003 0.0015799999999999998 0.00047900000000000004 0.00047000000000000004 0.00045100000000000001 1.0039513191066323 1.0039513191066323 1.0039513191066323 0.00042854648769026569 0.00042854648769026569 0.00042854648769026569 1 1 1 Converged Converged Converged OK OK OK 50 50 50 50 50 50 6 6 6 0 0 0 0 1 0 0 1
152 152 uniform 3 0 1528 0 0.0001 0.24134414108946181 0.00036776084081675901 0.43196783011294693 4.4394690239023529 -0.40119433722074477 4.3530754578797639 0 -4.3529867335848316 1.0045724637164719 OK 14 13 0.56049099999999996 0.55934300000000003 0.113856 0.44128600000000001 0.44372299999999998 0 0.11920499999999995 0.11562000000000006 0.113856 0.0096290000000000004 0.0097000000000000003 0.0093410000000000003 0.086785000000000015 0.084144999999999984 0.083146999999999999 0.003248 0.0028289999999999999 0.002647 0.00064999999999999997 0.00066700000000000006 0.00063400000000000001 1.0045724518307375 1.0045724518307375 1.0045724518307375 7.0891454228690171e-06 7.0891454228690171e-06 7.0891454228690171e-06 1 1 1 Converged Converged Converged OK OK OK 73 73 73 73 73 73 7 7 7 0 0 0 0 0 1 0 0
152 152 uniform 3 7 1528 1 0.0001 0.24134414108946181 0.00036776084081675901 0.43196783011294693 4.4394690239023529 -0.40119433722074477 4.4056628458935139 0 -4.4055741215985815 1.0043676543872415 OK 14 13 0.57984500000000005 0.277839 0.111305 0.46614499999999998 0.15818399999999999 0 0.11370000000000008 0.11965500000000001 0.111305 0.0086479999999999994 0.0088520000000000005 0.0081329999999999996 0.087233999999999992 0.092851000000000003 0.086625999999999981 0.0028220000000000003 0.0032789999999999998 0.0026919999999999999 0.00063199999999999997 0.00062100000000000002 0.00055899999999999993 1.0043676441706226 1.0043676441706226 1.0043676441706226 3.3930837301354455e-06 3.3930837301354455e-06 3.3930837301354455e-06 1 1 1 Converged Converged Converged OK OK OK 73 73 73 73 73 73 7 7 7 0 0 0 0 1 0 0 1
152 152 uniform 3 15 1528 2 0.0001 0.24134414108946181 0.00036776084081675901 0.43196783011294693 4.4394690239023529 -0.40119433722074477 4.4657627179092279 0 -4.4656739936142955 1.0041512398436538 OK 14 13 0.56202300000000005 0.25825199999999998 0.104854 0.45099400000000001 0.14588799999999999 0 0.11102900000000004 0.11236399999999999 0.104854 0.0086210000000000002 0.0086470000000000002 0.0080269999999999994 0.084791000000000033 0.086199000000000012 0.080358000000000013 0.0027750000000000001 0.0029170000000000003 0.00266 0.00058500000000000002 0.00062799999999999998 0.000562 1.0041514917595267 1.0041514917595267 1.0041514917595267 2.3577276673311375e-05 2.3577276673311375e-05 2.3577276673311375e-05 1 1 1 Converged Converged Converged OK OK OK 73 73 73 73 73 73 7 7 7 0 0 0 0 1 0 0 1
152 152 uniform 3 23 1528 3 0.0001 0.24134414108946181 0.00036776084081675901 0.43196783011294693 4.4394690239023529 -0.40119433722074477 4.5258625899249418 0 -4.5257738656300095 1.0039503668173764 OK 14 13 0.60572800000000004 0.29098499999999999 0.107317 0.49514399999999997 0.17657200000000001 0 0.11058400000000007 0.11441299999999999 0.107317 0.0088240000000000002 0.0087500000000000008 0.0082109999999999995 0.085089999999999985 0.089580999999999994 0.083860999999999991 0.0026440000000000001 0.0026410000000000001 0.0024070000000000003 0.00064400000000000004 0.00063400000000000001 0.00057200000000000003 1.0039513191754044 1.0039513191754044 1.0039513191754044 7.0542140306152889e-05 7.0542140306152889e-05 7.0542140306152889e-05 1 1 1 Converged Converged Converged OK OK OK 66 66 66 66 66 66 6 6 6 0 0 0 0 1 0 0 1
152 152 uniform 4 0 1529 0 0.001 0.24134414108946181 0.00036776084081675901 0.43196783011294693 -0.22125506269734979 -0.68907077196059285 -0.3076486287199392 0 0.30773735301487115 1.6622299693364351 OK 13 12 3.2194129999999999 3.2414869999999998 0.067636000000000002 3.1422490000000001 3.166696 0 0.077163999999999788 0.07479099999999983 0.067636000000000002 0.011443999999999999 0.010248 0.0091190000000000004 0.047320000000000015 0.046929999999999986 0.043530999999999993 0.0031249999999999997 0.003006 0.0018970000000000002 0.00080500000000000005 0.00074299999999999995 0.00057700000000000004 1.6622301040468301 1.6622301040468301 1.6622301040468301 0.0012441410152814608 0.0012441410152814608 0.0012441410152814608 1 1 1 Converged Converged Converged OK OK OK 51 51 51 51 51 51 5 5 5 0 0 0 0 0 1 0 0
152 152 uniform 4 7 1529 1 0.001 0.24134414108946181 0.00036776084081675901 0.43196783011294693 -0.22125506269734979 -0.68907077196059285 -0.25506124070618913 0 0.25514996500112108 1.6979155157496713 OK 13 12 3.2577419999999999 0.24457300000000001 0.060946 3.1850139999999998 0.17525399999999999 0 0.072728000000000126 0.069319000000000019 0.060946 0.010425 0.0093419999999999996 0.0093220000000000004 0.046945000000000008 0.045926999999999982 0.040808000000000004 0.0028479999999999998 0.0022409999999999999 0.001786 0.00074799999999999997 0.00067900000000000002 0.00050400000000000011 1.6979154767907494 1.6979154767907494 1.6979154767907494 0.0014651582569710359 0.0014651582569710359 0.0014651582569710359 1 1 1 Converged Converged Converged OK OK OK 51 51 51 51 51 51 5 5 5 0 0 0 0 1 0 0 1
152 152 uniform 4 15 1529 2 0.001 0.24134414108946181 0.00036776084081675901 0.43196783011294693 -0.22125506269734979 -0.68907077196059285 -0.19496136869047476 0 0.19505009298540671 1.733879699740704 OK 13 12 3.1400800000000002 0.237013 0.064002000000000003 3.064416 0.16741700000000001 0 0.075664000000000176 0.069595999999999991 0.064002000000000003 0.010426 0.0098750000000000001 0.0092709999999999997 0.050775000000000008 0.047145999999999993 0.044010000000000001 0.003091 0.0021930000000000001 0.0018420000000000001 0.00076400000000000003 0.00057200000000000003 0.00049399999999999997 1.7338795858410934 1.7338795858410934 1.7338795858410934 0.0016655556582384598 0.0016655556582384598 0.0016655556582384598 1 1 1 Converged Converged Converged OK OK OK 51 51 51 51 51 51 5 5 5 0 0 0 0 1 0 0 1
152 152 uniform 4 23 1529 3 0.001 0.24134414108946181 0.00036776084081675901 0.43196783011294693 -0.22125506269734979 -0.68907077196059285 -0.13486149667476038 0 0.13495022096969234 1.7625777600922379 OK 13 12 3.0155720000000001 0.246423 0.068137000000000003 2.9398240000000002 0.17003199999999999 0 0.075747999999999927 0.076391000000000014 0.068137000000000003 0.010468999999999999 0.0096600000000000002 0.0091219999999999999 0.048632000000000002 0.050195000000000004 0.04570599999999999 0.0034629999999999995 0.0027430000000000002 0.0021869999999999997 0.0008879999999999999 0.00070899999999999989 0.00068399999999999993 1.7625778050064569 1.7625778050064569 1.7625778050064569 0.00019451414613572027 0.00019451414613572027 0.00019451414613572027 1 1 1 Converged Converged Converged OK OK OK 59 59 59 59 59 59 5 5 5 0 0 0 0 1 0 0 1
152 152 uniform 4 0 1529 0 0.0001 0.24134414108946181 0.00036776084081675901 0.43196783011294693 -0.22125506269734979 -0.68907077196059285 -0.3076486287199392 0 0.30773735301487115 1.6622299693364351 OK 13 12 3.2486519999999999 3.2320920000000002 0.084723999999999994 3.1441819999999998 3.1317919999999999 0 0.10447000000000006 0.10030000000000028 0.084723999999999994 0.011377999999999999 0.01009 0.010208 0.063700999999999966 0.062841000000000008 0.053207000000000004 0.00511 0.0051500000000000001 0.003297 0.0011690000000000001 0.0010940000000000001 0.00086600000000000012 1.66222990461058 1.66222990461058 1.66222990461058 5.6479916392910332e-05 5.6479916392910332e-05 5.6479916392910332e-05 1 1 1 Converged Converged Converged OK OK OK 75 75 75 75 75 75 5 5 5 0 0 0 0 0 1 0 0
152 152 uniform 4 7 1529 1 0.0001 0.24134414108946181 0.00036776084081675901 0.43196783011294693 -0.22125506269734979 -0.68907077196059285 -0.25506124070618913 0 0.25514996500112108 1.6979155157496713 OK 13 12 3.2703250000000001 0.26876800000000001 0.077756000000000006 3.1713089999999999 0.173954 0 0.099016000000000215 0.094814000000000009 0.077756000000000006 0.010468 0.0092949999999999994 0.0079120000000000006 0.065021000000000009 0.065798000000000023 0.054035000000000014 0.0054299999999999999 0.0043339999999999993 0.0030249999999999999 0.001011 0.00092000000000000003 0.00079100000000000004 1.697915454877702 1.697915454877702 1.697915454877702 7.2374105919557652e-05 7.2374105919557652e-05 7.2374105919557652e-05 1 1 1 Converged Converged Converged OK OK OK 75 75 75 75 75 75 5 5 5 0 0 0 0 1 0 0 1
152 152 uniform 4 15 1529 2 0.0001 0.24134414108946181 0.00036776084081675901 0.43196783011294693 -0.22125506269734979 -0.68907077196059285 -0.19496136869047476 0 0.19505009298540671 1.733879699740704 OK 13 12 3.1555170000000001 0.258683 0.078894000000000006 3.0590769999999998 0.16814899999999999 0 0.096440000000000303 0.090534000000000003 0.078894000000000006 0.010409 0.010054 0.0079469999999999992 0.064437000000000008 0.062173999999999986 0.055865000000000005 0.0053179999999999998 0.0042310000000000004 0.0027889999999999998 0.001018 0.0009189999999999999 0.00078100000000000001 1.7338796546950448 1.7338796546950448 1.7338796546950448 9.323666593536882e-05 9.323666593536882e-05 9.323666593536882e-05 1 1 1 Converged Converged Converged OK OK OK 75 75 75 75 75 75 5 5 5 0 0 0 0 1 0 0 1
152 152 uniform 4 23 1529 3 0.0001 0.24134414108946181 0.00036776084081675901 0.43196783011294693 -0.22125506269734979 -0.68907077196059285 -0.13486149667476038 0 0.13495022096969234 1.7625777600922379 OK 13 12 3.036527 0.25833699999999998 0.077048000000000005 2.938612 0.168874 0 0.097914999999999974 0.089462999999999987 0.077048000000000005 0.010307999999999999 0.0097949999999999999 0.0078689999999999993 0.065994000000000025 0.062372000000000004 0.054317000000000011 0.005496 0.0037599999999999999 0.002794 0.0010530000000000001 0.00079400000000000011 0.00076500000000000005 1.7625777927177553 1.7625777927177553 1.7625777927177553 0.00011348723967616488 0.00011348723967616488 0.00011348723967616488 1 1 1 Converged Converged Converged OK OK OK 75 75 75 75 75 75 5 5 5 0 0 0 0 1 0 0 1
153 153 linear 0 0 1530 0 0.001 1.4718922901759495 0.0075084706909069997 0.0055559202106859728 0.0067957622997575403 -0.0029552950963307274 0.0056845782576203461 0.5 0.0052847192147664947 276.3352332707891 OK 16 15 0.89635600000000004 0.89324300000000001 0.32048599999999999 0.57112300000000005 0.57220800000000005 0 0.32523299999999999 0.32103499999999996 0.32048599999999999 0.013821 0.014519000000000001 0.014099 0.25871499999999997 0.25388500000000003 0.25373699999999999 0.0062039999999999994 0.0065599999999999999 0.0068029999999999992 0.0017519999999999999 0.0018879999999999997 0.0017960000000000001 276.33679274191496 276.33679274191496 276.33679274191496 0.18735964486131743 0.18735964486131743 0.18735964486131743 1 1 1 Converged Converged Converged OK OK OK 140 140 140 140 140 140 12 12 12 0 0 0 0 0 1 0 0
153 153 linear 0 7 1530 1 0.001 1.4718922901759495 0.0075084706909069997 0.0055559202106859728 0.0067957622997575403 -0.0029552950963307274 0.0063609511528342905 0.5 0.0046083463195525504 280.28604192622731 OK 16 15 0.84513899999999997 0.85225600000000001 0.30384899999999998 0.52638099999999999 0.41519699999999998 0 0.31875799999999999 0.43705900000000003 0.30384899999999998 0.013351999999999999 0.013025 0.012137999999999999 0.27145600000000003 0.39233099999999982 0.26062800000000003 0.0072129999999999989 0.0061680000000000016 0.0061860000000000005 0.001768 0.0015659999999999999 0.0016049999999999999 280.2868793319559 280.2868793319559 280.2868793319559 0.22266591005477832 0.22266591005477832 0.22266591005477832 1 1 1 Converged Converged Converged OK OK OK 140 140 140 140 140 140 12 12 12 0 0 0 0 1 0 0 1
153 153 linear 0 15 1530 2 0.001 1.4718922901759495 0.0075084706909069997 0.0055559202106859728 0.0067957622997575403 -0.0029552950963307274 0.0071339487473645125 0.5 0.0038353487250223283 279.71742672938251 OK 15 14 0.777308 0.79588199999999998 0.296352 0.47329500000000002 0.35658299999999998 0 0.30401299999999998 0.439299 0.296352 0.013051 0.013209 0.011919000000000001 0.25869799999999982 0.39163899999999979 0.25390699999999999 0.0060039999999999998 0.0074459999999999995 0.0058279999999999998 0.001475 0.001523 0.0015089999999999999 279.7161849314536 279.7161849314536 279.7161849314536 0.19021771018050765 0.19021771018050765 0.19021771018050765 1 1 1 Converged Converged Converged OK OK OK 133 133 133 133 133 133 11 11 11 0 0 0 0 1 0 0 1
153 153 linear 0 23 1530 3 0.001 1.4718922901759495 0.0075084706909069997 0.0055559202106859728 0.0067957622997575403 -0.0029552950963307274 0.0079069463418947345 0.5 0.0030623511304921063 273.85169654115072 OK 15 14 0.87057799999999996 0.912246 0.28855599999999998 0.57272199999999995 0.45538600000000001 0 0.29785600000000001 0.45685999999999999 0.28855599999999998 0.012428 0.012760000000000001 0.011487000000000001 0.25407200000000002 0.41100600000000015 0.24727000000000005 0.0060100000000000006 0.0070360000000000006 0.0053730000000000002 0.0015100000000000001 0.0015950000000000001 0.0014909999999999999 273.85226111024087 273.85226111024087 273.85226111024087 0.14347837594462584 0.14347837594462584 0.14347837594462584 1 1 1 Converged Converged Converged OK OK OK 133 133 133 133 133 133 11 11 11 0 0 0 0 1 0 0 1
153 153 linear 0 0 1530 0 0.0001 1.4718922901759495 0.0075084706909069997 0.0055559202106859728 0.0067957622997575403 -0.0029552950963307274 0.0056845782576203461 0.5 0.0052847192147664947 276.3352332707891 OK 16 15 0.96783300000000005 0.97937200000000002 0.387098 0.57162599999999997 0.57061499999999998 0 0.39620700000000009 0.40875700000000004 0.387098 0.014479000000000001 0.014486000000000001 0.013965 0.31161399999999984 0.31976599999999994 0.30419599999999991 0.008744 0.011571 0.0087149999999999988 0.0024910000000000002 0.0025579999999999999 0.0023910000000000003 276.33693348520143 276.33693348520143 276.33693348520143 0.014924114283889242 0.014924114283889242 0.014924114283889242 1 1 1 Converged Converged Converged OK OK OK 180 180 180 180 180 180 12 12 12 0 0 0 0 0 1 0 0
153 153 linear 0 7 1530 1 0.0001 1.4718922901759495 0.0075084706909069997 0.0055559202106859728 0.0067957622997575403 -0.0029552950963307274 0.0063609511528342905 0.5 0.0046083463195525504 280.28604192622731 OK 16 15 0.89038799999999996 1.0136540000000001 0.35217500000000002 0.52831399999999995 0.42301299999999997 0 0.36207400000000001 0.59064100000000008 0.35217500000000002 0.013075 0.014300999999999999 0.012089000000000001 0.30969999999999998 0.53510000000000013 0.30167600000000006 0.0077209999999999996 0.0084550000000000007 0.0077430000000000016 0.0022550000000000001 0.0023729999999999997 0.0021709999999999998 280.28689379322151 280.28689379322151 280.28689379322151 0.017205575994860861 0.017205575994860861 0.017205575994860861 1 1 1 Converged Converged Converged OK OK OK 172 172 172 172 172 172 12 12 12 0 0 0 0 1 0 0 1
153 153 linear 0 15 1530 2 0.0001 1.4718922901759495 0.0075084706909069997 0.0055559202106859728 0.0067957622997575403 -0.0029552950963307274 0.0071339487473645125 0.5 0.0038353487250223283 279.71742672938251 OK 15 14 0.82857599999999998 0.92335500000000004 0.34657700000000002 0.46948899999999999 0.36030600000000002 0 0.35908699999999999 0.56304900000000002 0.34657700000000002 0.015904000000000001 0.013367 0.012239999999999999 0.30282799999999993 0.50829900000000006 0.2959469999999999 0.0081960000000000002 0.0085539999999999991 0.007731 0.0020690000000000001 0.002163 0.002091 279.7161200939006 279.7161200939006 279.7161200939006 0.020842525978890344 0.020842525978890344 0.020842525978890344 1 1 1 Converged Converged Converged OK OK OK 165 165 165 165 165 165 11 11 11 0 0 0 0 1 0 0 1
153 153 linear 0 23 1530 3 0.0001 1.4718922901759495 0.0075084706909069997 0.0055559202106859728 0.0067957622997575403 -0.0029552950963307274 0.0079069463418947345 0.5 0.0030623511304921063 273.85169654115072 OK 15 14 0.92670300000000005 1.0159020000000001 0.34078199999999997 0.57106999999999997 0.45333400000000001 0 0.35563300000000009 0.56256800000000007 0.34078199999999997 0.012692999999999999 0.012555 0.011755 0.30140799999999984 0.50702200000000031 0.28961199999999993 0.0085719999999999998 0.0093279999999999995 0.0079080000000000001 0.0021259999999999999 0.0020730000000000002 0.0020040000000000001 273.85231437211138 273.85231437211138 273.85231437211138 0.020768051910275784 0.020768051910275784 0.020768051910275784 1 1 1 Converged Converged Converged OK OK OK 173 173 173 173 173 173 11 11 11 0 0 0 0 1 0 0 1
153 153 linear 1 0 1531 0 0.001 1.4718922901759495 0.0075084706909069997 0.0055559202106859728 -0.84294360389449419 -0.013493984599305647 -0.84405478793663136 0.5 0.8550240854090182 2.5567801488485173 OK 14 13 0.43677700000000003 0.434139 0.12698799999999999 0.30651099999999998 0.30580000000000002 0 0.13026600000000005 0.12833899999999998 0.12698799999999999 0.01208 0.012078999999999999 0.011455999999999999 0.089372999999999952 0.087196000000000023 0.087180999999999981 0.0040950000000000005 0.0041929999999999997 0.0039950000000000003 0.001049 0.0011520000000000002 0.0011099999999999999 2.5567821736435206 2.5567821736435206 2.5567821736435206 0.0015365918890941216 0.0015365918890941216 0.0015365918890941216 1 1 1 Converged Converged Converged OK OK OK 83 83 83 83 83 83 5 5 5 0 0 0 0 0 1 0 0
153 153 linear 1 7 1531 1 0.001 1.4718922901759495 0.0075084706909069997 0.0055559202106859728 -0.84294360389449419 -0.013493984599305647 -0.84337841504141742 0.5 0.85434771251380426 2.7641973541125848 OK 14 13 0.43355100000000002 0.32806999999999997 0.122919 0.30485000000000001 0.17368400000000001 0 0.12870100000000001 0.15438599999999997 0.122919 0.010992 0.010867 0.010359 0.092969999999999997 0.12052700000000002 0.089845000000000008 0.0046639999999999997 0.0039899999999999996 0.0039309999999999996 0.0010449999999999999 0.00095100000000000002 0.001011 2.7642098655896641 2.7642098655896641 2.7642098655896641 0.0016697771069618483 0.0016697771069618483 0.0016697771069618483 1 1 1 Converged Converged Converged OK OK OK 83 83 83 83 83 83 5 5 5 0 0 0 0 1 0 0 1
153 153 linear 1 15 1531 2 0.001 1.4718922901759495 0.0075084706909069997 0.0055559202106859728 -0.84294360389449419 -0.013493984599305647 -0.84260541744688722 0.5 0.85357471491927406 3.0026285521725851 OK 14 13 0.44332500000000002 0.34457500000000002 0.13930400000000001 0.30282199999999998 0.173369 0 0.14050300000000004 0.17120600000000002 0.13930400000000001 0.010949 0.011011999999999999 0.010463999999999999 0.10388500000000002 0.134549 0.10363000000000004 0.0041660000000000004 0.0040819999999999997 0.0041619999999999999 0.00098400000000000007 0.00097499999999999996 0.0010119999999999999 3.002639349916453 3.002639349916453 3.002639349916453 0.0014326861252669154 0.0014326861252669154 0.0014326861252669154 1 1 1 Converged Converged Converged OK OK OK 90 90 90 90 90 90 6 6 6 0 0 0 0 1 0 0 1
153 153 linear 1 23 1531 3 0.001 1.4718922901759495 0.0075084706909069997 0.0055559202106859728 -0.84294360389449419 -0.013493984599305647 -0.84183241985235702 0.5 0.85280171732474386 3.2407260270245848 OK 14 13 0.44028699999999998 0.343916 0.130216 0.304842 0.178759 0 0.13544499999999998 0.165157 0.130216 0.011183 0.010962 0.010315 0.098884999999999959 0.12935000000000002 0.095987000000000017 0.004555 0.0045070000000000006 0.0041749999999999999 0.001173 0.0011170000000000002 0.001 3.2407449055830426 3.2407449055830426 3.2407449055830426 0.00175403010613417 0.00175403010613417 0.00175403010613417 1 1 1 Converged Converged Converged OK OK OK 90 90 90 90 90 90 6 6 6 0 0 0 0 1 0 0 1
153 153 linear 1 0 1531 0 0.0001 1.4718922901759495 0.0075084706909069997 0.0055559202106859728 -0.84294360389449419 -0.013493984599305647 -0.84405478793663136 0.5 0.8550240854090182 2.5567801488485173 OK 14 13 0.51086399999999998 0.50523099999999999 0.193827 0.30733100000000002 0.30911300000000003 0 0.20353299999999996 0.19611799999999996 0.193827 0.012205000000000001 0.012062 0.011658999999999999 0.13989800000000005 0.13672699999999996 0.13557400000000006 0.010287000000000001 0.0068779999999999996 0.006979 0.0017469999999999999 0.0016629999999999998 0.0017060000000000001 2.5567807912756093 2.5567807912756093 2.5567807912756093 0.00013429666270302473 0.00013429666270302473 0.00013429666270302473 1 1 1 Converged Converged Converged OK OK OK 131 131 131 131 131 131 5 5 5 0 0 0 0 0 1 0 0
153 153 linear 1 7 1531 1 0.0001 1.4718922901759495 0.0075084706909069997 0.0055559202106859728 -0.84294360389449419 -0.013493984599305647 -0.84337841504141742 0.5 0.85434771251380426 2.7641973541125848 OK 14 13 0.48700100000000002 0.40252399999999999 0.17527699999999999 0.30665900000000001 0.17313400000000001 0 0.180342 0.22938999999999998 0.17527699999999999 0.010973 0.010926999999999999 0.010326 0.13511800000000004 0.18453799999999992 0.13183100000000003 0.0066599999999999993 0.0063429999999999997 0.0061849999999999995 0.0014269999999999999 0.0013929999999999999 0.0013439999999999999 2.764209177997917 2.764209177997917 2.764209177997917 0.00021016986085706756 0.00021016986085706756 0.00021016986085706756 1 1 1 Converged Converged Converged OK OK OK 123 123 123 123 123 123 5 5 5 0 0 0 0 1 0 0 1
153 153 linear 1 15 1531 2 0.0001 1.4718922901759495 0.0075084706909069997 0.0055559202106859728 -0.84294360389449419 -0.013493984599305647 -0.84260541744688722 0.5 0.85357471491927406 3.0026285521725851 OK 14 13 0.48853600000000003 0.404613 0.176924 0.30352200000000001 0.17471700000000001 0 0.18501400000000001 0.22989599999999999 0.176924 0.011032999999999999 0.011115 0.010418999999999999 0.13773100000000002 0.18509500000000007 0.13399099999999997 0.0087989999999999995 0.0063869999999999994 0.0058619999999999992 0.0013499999999999999 0.0014409999999999998 0.0013920000000000002 3.0026389052592113 3.0026389052592113 3.0026389052592113 0.00026681590729492533 0.00026681590729492533 0.00026681590729492533 1 1 1 Converged Converged Converged OK OK OK 122 122 122 122 122 122 6 6 6 0 0 0 0 1 0 0 1
153 153 linear 1 23 1531 3 0.0001 1.4718922901759495 0.0075084706909069997 0.0055559202106859728 -0.84294360389449419 -0.013493984599305647 -0.84183241985235702 0.5 0.85280171732474386 3.2407260270245848 OK 14 13 0.49344900000000003 0.41536699999999999 0.18115800000000001 0.30654199999999998 0.17646700000000001 0 0.18690700000000005 0.23889999999999997 0.18115800000000001 0.010988 0.011017000000000001 0.010361 0.14040199999999992 0.19241099999999997 0.13642399999999993 0.0067410000000000013 0.0068400000000000006 0.0065509999999999995 0.0015609999999999999 0.0014849999999999998 0.0015069999999999999 3.240744542707795 3.240744542707795 3.240744542707795 0.00021826396780829589 0.00021826396780829589 0.00021826396780829589 1 1 1 Converged Converged Converged OK OK OK 130 130 130 130 130 130 6 6 6 0 0 0 0 1 0 0 1
153 153 linear 2 0 1532 0 0.001 1.4718922901759495 0.0075084706909069997 0.0055559202106859728 0.013568883772685223 -0.0024701928838221998 0.012457699730548029 0.5 -0.0014884022581611884 156.91163089131643 OK 16 15 0.80547400000000002 0.79037000000000002 0.32523800000000003 0.47176600000000002 0.46355600000000002 0 0.333708 0.32681399999999999 0.32523800000000003 0.017028000000000001 0.016742 0.016194 0.26595999999999997 0.2607819999999999 0.25965299999999991 0.007424 0.0066910000000000008 0.0069809999999999985 0.0015860000000000002 0.0015990000000000002 0.0016380000000000001 156.91155479346759 156.91155479346759 156.91155479346759 0.081239222792680879 0.081239222792680879 0.081239222792680879 1 1 1 Converged Converged Converged OK OK OK 133 133 133 133 133 133 11 11 11 0 0 0 0 0 1 0 0
153 153 linear 2 7 1532 1 0.001 1.4718922901759495 0.0075084706909069997 0.0055559202106859728 0.013568883772685223 -0.0024701928838221998 0.013134072625761974 0.5 -0.0021647751533751328 129.04346079130352 OK 16 15 0.84547399999999995 0.77506600000000003 0.29384300000000002 0.54554499999999995 0.43974400000000002 0 0.299929 0.33532200000000001 0.29384300000000002 0.015622 0.015465 0.014401000000000001 0.249418 0.28427900000000006 0.24638900000000008 0.0068409999999999999 0.0075669999999999999 0.0062150000000000009 0.001343 0.0015939999999999999 0.0013499999999999999 129.0430037113278 129.0430037113278 129.0430037113278 0.10770438941199877 0.10770438941199877 0.10770438941199877 1 1 1 Converged Converged Converged OK OK OK 111 111 111 111 111 111 9 9 9 0 0 0 0 1 0 0 1
153 153 linear 2 15 1532 2 0.001 1.4718922901759495 0.0075084706909069997 0.0055559202106859728 0.013568883772685223 -0.0024701928838221998 0.013907070220292196 0.5 -0.0029377727479053557 109.30867010474925 OK 16 15 0.72538199999999997 0.67718900000000004 0.29161199999999998 0.424452 0.321108 0 0.30092999999999998 0.35608100000000004 0.29161199999999998 0.015495 0.015751000000000001 0.014456 0.24925599999999992 0.30388000000000009 0.24263899999999999 0.0069089999999999993 0.0070299999999999989 0.0064279999999999997 0.001457 0.00142 0.0013569999999999999 109.30852055883054 109.30852055883054 109.30852055883054 0.052628076321386316 0.052628076321386316 0.052628076321386316 1 1 1 Converged Converged Converged OK OK OK 119 119 119 119 119 119 9 9 9 0 0 0 0 1 0 0 1
153 153 linear 2 23 1532 3 0.001 1.4718922901759495 0.0075084706909069997 0.0055559202106859728 0.013568883772685223 -0.0024701928838221998 0.014680067814822418 0.5 -0.0037107703424355768 96.793817206821572 OK 16 15 0.79664100000000004 0.73942200000000002 0.28522500000000001 0.49769999999999998 0.39836300000000002 0 0.29894100000000007 0.341059 0.28522500000000001 0.015633000000000001 0.015694 0.014239 0.24930400000000003 0.29073800000000005 0.23851800000000001 0.0063579999999999999 0.0069340000000000001 0.0059839999999999997 0.0014239999999999999 0.001681 0.0013260000000000001 96.794084479305496 96.794084479305496 96.794084479305496 0.065792217313838594 0.065792217313838594 0.065792217313838594 1 1 1 Converged Converged Converged OK OK OK 118 118 118 118 118 118 10 10 10 0 0 0 0 1 0 0 1
153 153 linear 2 0 1532 0 0.0001 1.4718922901759495 0.0075084706909069997 0.0055559202106859728 0.013568883772685223 -0.0024701928838221998 0.012457699730548029 0.5 -0.0014884022581611884 156.91163089131643 OK 16 15 0.89087499999999997 0.86143199999999998 0.38662800000000003 0.484072 0.47291800000000001 0 0.40680299999999997 0.38851399999999997 0.38662800000000003 0.018076999999999999 0.017204000000000001 0.016471 0.32218000000000002 0.3065719999999999 0.30666200000000005 0.0088779999999999987 0.0092659999999999982 0.0086789999999999992 0.0022199999999999998 0.0022280000000000004 0.0021259999999999999 156.91160968864077 156.91160968864077 156.91160968864077 0.013530617139666195 0.013530617139666195 0.013530617139666195 1 1 1 Converged Converged Converged OK OK OK 165 165 165 165 165 165 11 11 11 0 0 0 0 0 1 0 0
153 153 linear 2 7 1532 1 0.0001 1.4718922901759495 0.0075084706909069997 0.0055559202106859728 0.013568883772685223 -0.0024701928838221998 0.013134072625761974 0.5 -0.0021647751533751328 129.04346079130352 OK 16 15 0.962758 0.93047899999999995 0.40958299999999997 0.54559100000000005 0.44600600000000001 0 0.41716699999999995 0.48447299999999993 0.40958299999999997 0.015106 0.015606999999999999 0.014571000000000001 0.35206699999999996 0.41795100000000007 0.34503399999999979 0.010082999999999998 0.010633999999999999 0.010532 0.0018140000000000003 0.0017720000000000001 0.001794 129.04309461180313 129.04309461180313 129.04309461180313 0.011839567636106711 0.011839567636106711 0.011839567636106711 1 1 1 Converged Converged Converged OK OK OK 159 159 159 159 159 159 9 9 9 0 0 0 0 1 0 0 1
153 153 linear 2 15 1532 2 0.0001 1.4718922901759495 0.0075084706909069997 0.0055559202106859728 0.013568883772685223 -0.0024701928838221998 0.013907070220292196 0.5 -0.0029377727479053557 109.30867010474925 OK 16 15 0.84771799999999997 0.823959 0.41934300000000002 0.42181299999999999 0.325048 0 0.42590499999999998 0.49891099999999999 0.41934300000000002 0.015342 0.015786999999999999 0.014456 0.35322699999999979 0.42519400000000018 0.34856999999999999 0.011524999999999999 0.011563 0.01116 0.0019390000000000002 0.0019619999999999998 0.001916 109.30857939438165 109.30857939438165 109.30857939438165 0.007542668355209706 0.007542668355209706 0.007542668355209706 1 1 1 Converged Converged Converged OK OK OK 175 175 175 175 175 175 9 9 9 0 0 0 0 1 0 0 1
153 153 linear 2 23 1532 3 0.0001 1.4718922901759495 0.0075084706909069997 0.0055559202106859728 0.013568883772685223 -0.0024701928838221998 0.014680067814822418 0.5 -0.0037107703424355768 96.793817206821572 OK 16 15 0.86839200000000005 0.80988700000000002 0.452038 0.50171600000000005 0.39788000000000001 0 0.366676 0.41200700000000001 0.452038 0.015606999999999999 0.015609 0.014291999999999999 0.30045300000000019 0.35110200000000008 0.38332299999999975 0.0097190000000000002 0.0094049999999999984 0.0095090000000000001 0.0021860000000000004 0.0021259999999999999 0.0023540000000000002 96.793782272913717 96.793782272913717 96.793782272913717 0.0067433875999260776 0.0067433875999260776 0.0067433875999260776 1 1 1 Converged Converged Converged OK OK OK 150 150 150 150 150 150 10 10 10 0 0 0 0 1 0 0 1
153 153 linear 3 0 1533 0 0.001 1.4718922901759495 0.0075084706909069997 0.0055559202106859728 -0.77348249696567206 -0.030825773129089434 -0.77459368100780923 0.5 0.78556297848019607 3.7044390501509947 OK 15 14 0.493315 0.49234099999999997 0.17049800000000001 0.31974900000000001 0.32072400000000001 0 0.173566 0.17161699999999996 0.17049800000000001 0.014364 0.014671999999999999 0.014052 0.11814800000000002 0.11624700000000002 0.11563000000000005 0.0056970000000000007 0.005679 0.0058600000000000006 0.001132 0.001127 0.0011359999999999999 3.7044367100474709 3.7044367100474709 3.7044367100474709 0.0023786083714245226 0.0023786083714245226 0.0023786083714245226 1 1 1 Converged Converged Converged OK OK OK 107 107 107 107 107 107 5 5 5 0 0 0 0 0 1 0 0
153 153 linear 3 7 1533 1 0.001 1.4718922901759495 0.0075084706909069997 0.0055559202106859728 -0.77348249696567206 -0.030825773129089434 -0.77391730811259529 0.5 0.78488660558498213 3.7445952575954737 OK 15 14 0.46893899999999999 0.398644 0.16309999999999999 0.29847400000000002 0.18750900000000001 0 0.17046499999999998 0.21113499999999999 0.16309999999999999 0.013672999999999999 0.013719 0.012786 0.12360300000000003 0.16458700000000007 0.117593 0.0057299999999999999 0.0056620000000000004 0.0057020000000000013 0.0010789999999999999 0.0010839999999999999 0.00107 3.7445929077074984 3.7445929077074984 3.7445929077074984 0.0024550507636924277 0.0024550507636924277 0.0024550507636924277 1 1 1 Converged Converged Converged OK OK OK 107 107 107 107 107 107 5 5 5 0 0 0 0 1 0 0 1
153 153 linear 3 15 1533 2 0.001 1.4718922901759495 0.0075084706909069997 0.0055559202106859728 -0.77348249696567206 -0.030825773129089434 -0.77314431051806509 0.5 0.78411360799045193 3.7970912102169025 OK 15 14 0.49004999999999999 0.42014699999999999 0.164907 0.32116400000000001 0.20077900000000001 0 0.16888599999999998 0.21936799999999998 0.164907 0.013505 0.013498 0.012821000000000001 0.122502 0.17209099999999999 0.11957199999999997 0.0057089999999999997 0.0061749999999999999 0.0057179999999999991 0.001119 0.00117 0.001103 3.7970887614124083 3.7970887614124083 3.7970887614124083 0.0025650128518629935 0.0025650128518629935 0.0025650128518629935 1 1 1 Converged Converged Converged OK OK OK 107 107 107 107 107 107 5 5 5 0 0 0 0 1 0 0 1
153 153 linear 3 23 1533 3 0.001 1.4718922901759495 0.0075084706909069997 0.0055559202106859728 -0.77348249696567206 -0.030825773129089434 -0.77237131292353489 0.5 0.78334061039592173 3.8581051700797455 OK 15 14 0.486433 0.39583000000000002 0.17203599999999999 0.31026300000000001 0.185138 0 0.17616999999999999 0.21069200000000002 0.17203599999999999 0.013653999999999999 0.013398999999999999 0.012746 0.12966800000000003 0.16433099999999989 0.12703699999999996 0.0056520000000000008 0.0058299999999999992 0.005555 0.001165 0.001155 0.001119 3.8581027299780786 3.8581027299780786 3.8581027299780786 0.0027020181057325404 0.0027020181057325404 0.0027020181057325404 1 1 1 Converged Converged Converged OK OK OK 107 107 107 107 107 107 5 5 5 0 0 0 0 1 0 0 1
153 153 linear 3 0 1533 0 0.0001 1.4718922901759495 0.0075084706909069997 0.0055559202106859728 -0.77348249696567206 -0.030825773129089434 -0.77459368100780923 0.5 0.78556297848019607 3.7044390501509947 OK 15 14 0.56857500000000005 0.56543900000000002 0.24482599999999999 0.32000400000000001 0.31974999999999998 0 0.24857100000000004 0.24568900000000005 0.24482599999999999 0.014533000000000001 0.014426 0.013984999999999999 0.17298599999999995 0.16999399999999995 0.16971199999999995 0.0085019999999999991 0.0083039999999999989 0.0084890000000000018 0.0015299999999999999 0.0015439999999999998 0.0015 3.7044367055984564 3.7044367055984564 3.7044367055984564 1.5718885423535291e-07 1.5718885423535291e-07 1.5718885423535291e-07 1 1 1 Converged Converged Converged OK OK OK 155 155 155 155 155 155 5 5 5 0 0 0 0 0 1 0 0
153 153 linear 3 7 1533 1 0.0001 1.4718922901759495 0.0075084706909069997 0.0055559202106859728 -0.77348249696567206 -0.030825773129089434 -0.77391730811259529 0.5 0.78488660558498213 3.7445952575954737 OK 15 14 0.53930199999999995 0.49541800000000003 0.23349400000000001 0.30119699999999999 0.18820899999999999 0 0.23810499999999996 0.30720900000000007 0.23349400000000001 0.013716000000000001 0.013648 0.012932000000000001 0.17686599999999991 0.24531500000000001 0.17319599999999999 0.0084740000000000006 0.0085929999999999999 0.0084529999999999987 0.001487 0.0015060000000000002 0.0014660000000000001 3.7445929017046975 3.7445929017046975 3.7445929017046975 1.8686290635411022e-07 1.8686290635411022e-07 1.8686290635411022e-07 1 1 1 Converged Converged Converged OK OK OK 155 155 155 155 155 155 5 5 5 0 0 0 0 1 0 0 1
153 153 linear 3 15 1533 2 0.0001 1.4718922901759495 0.0075084706909069997 0.0055559202106859728 -0.77348249696567206 -0.030825773129089434 -0.77314431051806509 0.5 0.78411360799045193 3.7970912102169025 OK 15 14 0.56411100000000003 0.51238099999999998 0.233815 0.32148700000000002 0.201457 0 0.24262400000000001 0.31092399999999998 0.233815 0.013513000000000001 0.013759 0.012765 0.18108899999999997 0.24599299999999988 0.17409699999999997 0.0083890000000000006 0.0083829999999999998 0.0083340000000000011 0.0015190000000000002 0.0048909999999999995 0.0015020000000000001 3.7970887528232784 3.7970887528232784 3.7970887528232784 2.3406721092462026e-07 2.3406721092462026e-07 2.3406721092462026e-07 1 1 1 Converged Converged Converged OK OK OK 155 155 155 155 155 155 5 5 5 0 0 0 0 1 0 0 1
153 153 linear 3 23 1533 3 0.0001 1.4718922901759495 0.0075084706909069997 0.0055559202106859728 -0.77348249696567206 -0.030825773129089434 -0.77237131292353489 0.5 0.78334061039592173 3.8581051700797455 OK 15 14 0.55580099999999999 0.48738399999999998 0.24197399999999999 0.30840400000000001 0.18248700000000001 0 0.24739699999999998 0.30489699999999997 0.24197399999999999 0.013667 0.013672999999999999 0.012818 0.1860939999999999 0.24309 0.18226400000000009 0.0082839999999999997 0.0084470000000000014 0.0082979999999999998 0.0015460000000000001 0.0015590000000000001 0.001523 3.8581027292826762 3.8581027292826762 3.8581027292826762 3.0410301359525648e-07 3.0410301359525648e-07 3.0410301359525648e-07 1 1 1 Converged Converged Converged OK OK OK 155 155 155 155 155 155 5 5 5 0 0 0 0 1 0 0 1
153 153 linear 4 0 1534 0 0.001 1.4718922901759495 0.0075084706909069997 0.0055559202106859728 0.0055652384003065302 0.017573036769210917 0.0044540543581693352 0.5 0.0065152431142175057 55.354197828363176 OK 13 12 0.50595400000000001 0.50236000000000003 0.117172 0.38575900000000002 0.38404100000000002 0 0.120195 0.11831900000000001 0.117172 0.010626 0.010716 0.010191 0.089832999999999982 0.088143000000000013 0.087519999999999987 0.0027650000000000005 0.0028 0.0029000000000000002 0.00066 0.00067899999999999992 0.00073899999999999997 55.354157550645944 55.354157550645944 55.354157550645944 0.022757257034617409 0.022757257034617409 0.022757257034617409 1 1 1 Converged Converged Converged OK OK OK 59 59 59 59 59 59 5 5 5 0 0 0 0 0 1 0 0
153 153 linear 4 7 1534 1 0.001 1.4718922901759495 0.0075084706909069997 0.0055559202106859728 0.0055652384003065302 0.017573036769210917 0.0051304272533832804 0.5 0.0058388702190035604 56.451220923126954 OK 13 12 0.61031800000000003 0.65704700000000005 0.11325499999999999 0.49275999999999998 0.38465100000000002 0 0.11755800000000005 0.27239600000000003 0.11325499999999999 0.0097590000000000003 0.0098429999999999993 0.0090980000000000002 0.091639000000000026 0.246278 0.088724000000000011 0.0027460000000000002 0.0029550000000000002 0.002663 0.00065200000000000002 0.0006420000000000001 0.00063100000000000005 56.451181240139704 56.451181240139704 56.451181240139704 0.028760263764538399 0.028760263764538399 0.028760263764538399 1 1 1 Converged Converged Converged OK OK OK 59 59 59 59 59 59 5 5 5 0 0 0 0 1 0 0 1
153 153 linear 4 15 1534 2 0.001 1.4718922901759495 0.0075084706909069997 0.0055559202106859728 0.0055652384003065302 0.017573036769210917 0.0059034248479135024 0.5 0.0050658726244733384 57.707015837358547 OK 13 12 0.58497299999999997 0.57405700000000004 0.099559999999999996 0.48175600000000002 0.37366100000000002 0 0.10321699999999995 0.20039600000000002 0.099559999999999996 0.0098209999999999999 0.014069 0.0092720000000000007 0.079346999999999973 0.17176799999999998 0.076772000000000007 0.002434 0.0027000000000000001 0.0023540000000000002 0.00050900000000000001 0.00052899999999999996 0.000522 57.706965253819959 57.706965253819959 57.706965253819959 0.040356907676470669 0.040356907676470669 0.040356907676470669 1 1 1 Converged Converged Converged OK OK OK 44 44 44 44 44 44 4 4 4 0 0 0 0 1 0 0 1
153 153 linear 4 23 1534 3 0.001 1.4718922901759495 0.0075084706909069997 0.0055559202106859728 0.0055652384003065302 0.017573036769210917 0.0066764224424437253 0.5 0.0042928750299431155 58.965843747248378 OK 13 12 0.61107800000000001 0.617564 0.106264 0.50089600000000001 0.39457500000000001 0 0.110182 0.22298899999999999 0.106264 0.0097190000000000002 0.0099089999999999994 0.0091450000000000004 0.085857999999999976 0.19817699999999999 0.083178000000000016 0.0024299999999999999 0.0027160000000000001 0.0023049999999999998 0.00055599999999999996 0.00059900000000000003 0.00056400000000000005 58.965803459727169 58.965803459727169 58.965803459727169 0.045124841317820796 0.045124841317820796 0.045124841317820796 1 1 1 Converged Converged Converged OK OK OK 51 51 51 51 51 51 5 5 5 0 0 0 0 1 0 0 1
153 153 linear 4 0 1534 0 0.0001 1.4718922901759495 0.0075084706909069997 0.0055559202106859728 0.0055652384003065302 0.017573036769210917 0.0044540543581693352 0.5 0.0065152431142175057 55.354197828363176 OK 13 12 0.55711200000000005 0.55628900000000003 0.16889299999999999 0.38306800000000002 0.38395200000000002 0 0.17404400000000003 0.17233700000000002 0.16889299999999999 0.01082 0.010884 0.010128 0.13142899999999999 0.12978599999999998 0.127384 0.0044919999999999995 0.0045209999999999998 0.0046020000000000002 0.00098400000000000007 0.001034 0.0010249999999999999 55.354157612111358 55.354157612111358 55.354157612111358 0.0014138028416647891 0.0014138028416647891 0.0014138028416647891 1 1 1 Converged Converged Converged OK OK OK 91 91 91 91 91 91 5 5 5 0 0 0 0 0 1 0 0
153 153 linear 4 7 1534 1 0.0001 1.4718922901759495 0.0075084706909069997 0.0055559202106859728 0.0055652384003065302 0.017573036769210917 0.0051304272533832804 0.5 0.0058388702190035604 56.451220923126954 OK 13 12 0.66178000000000003 0.80420000000000003 0.16403400000000001 0.49139100000000002 0.37798599999999999 0 0.17038900000000001 0.42621400000000004 0.16403400000000001 0.0099699999999999997 0.0099710000000000007 0.0091070000000000005 0.13370300000000002 0.38949900000000004 0.12902099999999994 0.0049619999999999994 0.0047580000000000001 0.0047749999999999997 0.00093800000000000014 0.00093700000000000001 0.0009459999999999999 56.451181253886254 56.451181253886254 56.451181253886254 0.0008959963421604363 0.0008959963421604363 0.0008959963421604363 1 1 1 Converged Converged Converged OK OK OK 91 91 91 91 91 91 5 5 5 0 0 0 0 1 0 0 1
153 153 linear 4 15 1534 2 0.0001 1.4718922901759495 0.0075084706909069997 0.0055559202106859728 0.0055652384003065302 0.017573036769210917 0.0059034248479135024 0.5 0.0050658726244733384 57.707015837358547 OK 13 12 0.63264699999999996 0.67458700000000005 0.141514 0.484877 0.37204399999999999 0 0.14776999999999996 0.30254300000000006 0.141514 0.0097380000000000001 0.0097199999999999995 0.0092479999999999993 0.115561 0.27089800000000003 0.11117099999999998 0.0038860000000000001 0.0038289999999999999 0.0037239999999999999 0.00084399999999999992 0.00080500000000000005 0.00079200000000000006 57.706973533270215 57.706973533270215 57.706973533270215 0.0031306680962750696 0.0031306680962750696 0.0031306680962750696 1 1 1 Converged Converged Converged OK OK OK 68 68 68 68 68 68 4 4 4 0 0 0 0 1 0 0 1
153 153 linear 4 23 1534 3 0.0001 1.4718922901759495 0.0075084706909069997 0.0055559202106859728 0.0055652384003065302 0.017573036769210917 0.0066764224424437253 0.5 0.0042928750299431155 58.965843747248378 OK 13 12 0.64412700000000001 0.680145 0.137679 0.50071500000000002 0.39394099999999999 0 0.14341199999999998 0.28620400000000001 0.137679 0.0098549999999999992 0.0097800000000000005 0.0090620000000000006 0.11363499999999997 0.25649700000000003 0.10960900000000001 0.0034589999999999998 0.003578 0.0032989999999999994 0.00068599999999999998 0.00068599999999999998 0.000718 58.965803436364652 58.965803436364652 58.965803436364652 0.0051829444250528697 0.0051829444250528697 0.0051829444250528697 1 1 1 Converged Converged Converged OK OK OK 67 67 67 67 67 67 5 5 5 0 0 0 0 1 0 0 1
153 153 uniform 0 0 1535 0 0.001 1.4718922901759495 0.0075084706909069997 0.0055559202106859728 0.0067957622997575403 -0.0029552950963307274 0.0056845782576203461 0 0.0052847192147664947 271.96872293580338 OK 16 15 0.80615400000000004 0.80778099999999997 0.23477200000000001 0.56713599999999997 0.57188499999999998 0 0.23901800000000006 0.23589599999999999 0.23477200000000001 0.013665 0.01423 0.013943000000000001 0.17822800000000008 0.17408999999999999 0.17370699999999994 0.0049820000000000003 0.0050770000000000008 0.0051050000000000002 0.0015370000000000002 0.00167 0.0016010000000000002 271.96865836934489 271.96865836934489 271.96865836934489 0.25000713483554382 0.25000713483554382 0.25000713483554382 1 1 1 Converged Converged Converged OK OK OK 132 132 132 132 132 132 12 12 12 0 0 0 0 0 1 0 0
153 153 uniform 0 7 1535 1 0.001 1.4718922901759495 0.0075084706909069997 0.0055559202106859728 0.0067957622997575403 -0.0029552950963307274 0.0063609511528342905 0 0.0046083463195525504 274.31009323308763 OK 16 15 0.75873599999999997 0.77859999999999996 0.232628 0.52316700000000005 0.41212799999999999 0 0.23556899999999992 0.36647199999999996 0.232628 0.01277 0.013044 0.012508 0.19030699999999992 0.32095200000000007 0.18835200000000002 0.0051449999999999994 0.0053500000000000006 0.0053609999999999994 0.001583 0.0016199999999999999 0.0015709999999999999 274.310184182824 274.310184182824 274.310184182824 0.15128241023710534 0.15128241023710534 0.15128241023710534 1 1 1 Converged Converged Converged OK OK OK 140 140 140 140 140 140 12 12 12 0 0 0 0 1 0 0 1
153 153 uniform 0 15 1535 2 0.001 1.4718922901759495 0.0075084706909069997 0.0055559202106859728 0.0067957622997575403 -0.0029552950963307274 0.0071339487473645125 0 0.0038353487250223283 272.93196427408509 OK 15 14 0.69891300000000001 0.71766200000000002 0.22472300000000001 0.47195199999999998 0.35637799999999997 0 0.22696100000000002 0.36128400000000005 0.22472300000000001 0.012838 0.013176 0.01187 0.18288600000000008 0.31632999999999989 0.18356700000000006 0.0054749999999999998 0.0058939999999999991 0.0051820000000000008 0.001436 0.0014779999999999999 0.0014149999999999998 272.93220736567258 272.93220736567258 272.93220736567258 0.14829750095075933 0.14829750095075933 0.14829750095075933 1 1 1 Converged Converged Converged OK OK OK 133 133 133 133 133 133 11 11 11 0 0 0 0 1 0 0 1
153 153 uniform 0 23 1535 3 0.001 1.4718922901759495 0.0075084706909069997 0.0055559202106859728 0.0067957622997575403 -0.0029552950963307274 0.0079069463418947345 0 0.0030623511304921063 267.3226456947948 OK 15 14 0.79754199999999997 0.83929900000000002 0.217639 0.576407 0.45901599999999998 0 0.22113499999999997 0.38028300000000004 0.217639 0.012555999999999999 0.01269 0.011318 0.1782 0.33628999999999998 0.17710499999999998 0.0053959999999999998 0.0057330000000000002 0.0051180000000000002 0.0014990000000000001 0.001488 0.0014960000000000002 267.32270675650557 267.32270675650557 267.32270675650557 0.16347846982778091 0.16347846982778091 0.16347846982778091 1 1 1 Converged Converged Converged OK OK OK 133 133 133 133 133 133 11 11 11 0 0 0 0 1 0 0 1
153 153 uniform 0 0 1535 0 0.0001 1.4718922901759495 0.0075084706909069997 0.0055559202106859728 0.0067957622997575403 -0.0029552950963307274 0.0056845782576203461 0 0.0052847192147664947 271.96872293580338 OK 16 15 0.87414899999999995 0.87294899999999997 0.298985 0.570133 0.56967000000000001 0 0.30401599999999995 0.30327899999999997 0.298985 0.014015 0.014055 0.013793 0.21977100000000008 0.21836599999999989 0.21706100000000009 0.009075999999999999 0.009582000000000002 0.0081360000000000009 0.0025649999999999996 0.00249 0.0023899999999999998 271.96875431492526 271.96875431492526 271.96875431492526 0.012451464424911731 0.012451464424911731 0.012451464424911731 1 1 1 Converged Converged Converged OK OK OK 180 180 180 180 180 180 12 12 12 0 0 0 0 0 1 0 0
153 153 uniform 0 7 1535 1 0.0001 1.4718922901759495 0.0075084706909069997 0.0055559202106859728 0.0067957622997575403 -0.0029552950963307274 0.0063609511528342905 0 0.0046083463195525504 274.31009323308763 OK 16 15 0.80607300000000004 0.90793100000000004 0.26367000000000002 0.526922 0.41633500000000001 0 0.27915100000000004 0.49159600000000003 0.26367000000000002 0.013088000000000001 0.013141999999999999 0.01217 0.22446900000000009 0.4381560000000001 0.213842 0.0091780000000000021 0.0078290000000000009 0.0069679999999999985 0.0023540000000000002 0.0022010000000000003 0.0021849999999999994 274.31013079979664 274.31013079979664 274.31013079979664 0.011369983128201382 0.011369983128201382 0.011369983128201382 1 1 1 Converged Converged Converged OK OK OK 172 172 172 172 172 172 12 12 12 0 0 0 0 1 0 0 1
153 153 uniform 0 15 1535 2 0.0001 1.4718922901759495 0.0075084706909069997 0.0055559202106859728 0.0067957622997575403 -0.0029552950963307274 0.0071339487473645125 0 0.0038353487250223283 272.93196427408509 OK 15 14 0.73626400000000003 0.83416000000000001 0.25909599999999999 0.47188000000000002 0.35606700000000002 0 0.26438400000000001 0.47809299999999999 0.25909599999999999 0.013198 0.013486 0.012087000000000001 0.21129099999999995 0.42448600000000003 0.20996000000000009 0.0081530000000000023 0.0075779999999999997 0.0067340000000000004 0.0021250000000000002 0.0021390000000000003 0.0020379999999999999 272.93202964923569 272.93202964923569 272.93202964923569 0.0113868548533112 0.0113868548533112 0.0113868548533112 1 1 1 Converged Converged Converged OK OK OK 165 165 165 165 165 165 11 11 11 0 0 0 0 1 0 0 1
153 153 uniform 0 23 1535 3 0.0001 1.4718922901759495 0.0075084706909069997 0.0055559202106859728 0.0067957622997575403 -0.0029552950963307274 0.0079069463418947345 0 0.0030623511304921063 267.3226456947948 OK 15 14 0.82315199999999999 0.90560600000000002 0.24700800000000001 0.57247599999999998 0.45537100000000003 0 0.25067600000000001 0.450235 0.24700800000000001 0.012874 0.012479000000000001 0.014168999999999999 0.20052399999999995 0.40057600000000021 0.19770000000000001 0.0070080000000000003 0.0070060000000000009 0.0063050000000000007 0.0019289999999999997 0.0018470000000000001 0.0017649999999999999 267.32274191940468 267.32274191940468 267.32274191940468 0.02479351014031075 0.02479351014031075 0.02479351014031075 1 1 1 Converged Converged Converged OK OK OK 157 157 157 157 157 157 11 11 11 0 0 0 0 1 0 0 1
153 153 uniform 1 0 1536 0 0.001 1.4718922901759495 0.0075084706909069997 0.0055559202106859728 -0.84294360389449419 -0.013493984599305647 -0.84405478793663136 0 0.8550240854090182 2.7115925181584797 OK 14 13 0.39881299999999997 0.39868100000000001 0.089865 0.308367 0.30851200000000001 0 0.090445999999999971 0.090168999999999999 0.089865 0.011761000000000001 0.011759 0.01141 0.056299000000000002 0.056194000000000001 0.056393999999999993 0.0029119999999999997 0.0028990000000000001 0.0028899999999999998 0.000861 0.00083799999999999999 0.00092899999999999992 2.7115944984309395 2.7115944984309395 2.7115944984309395 0.0017785684275199185 0.0017785684275199185 0.0017785684275199185 1 1 1 Converged Converged Converged OK OK OK 67 67 67 67 67 67 5 5 5 0 0 0 0 0 1 0 0
153 153 uniform 1 7 1536 1 0.001 1.4718922901759495 0.0075084706909069997 0.0055559202106859728 -0.84294360389449419 -0.013493984599305647 -0.84337841504141742 0 0.85434771251380426 2.9185352376391531 OK 14 13 0.39985599999999999 0.29027599999999998 0.087817000000000006 0.30466700000000002 0.17344200000000001 0 0.095188999999999968 0.11683399999999997 0.087817000000000006 0.010957 0.011065 0.010314 0.065801000000000026 0.08739799999999999 0.059795000000000001 0.0028730000000000006 0.0029620000000000002 0.0028800000000000006 0.000883 0.0009630000000000001 0.00085300000000000003 2.9185361614181491 2.9185361614181491 2.9185361614181491 0.0016844291349247243 0.0016844291349247243 0.0016844291349247243 1 1 1 Converged Converged Converged OK OK OK 67 67 67 67 67 67 5 5 5 0 0 0 0 1 0 0 1
153 153 uniform 1 15 1536 2 0.001 1.4718922901759495 0.0075084706909069997 0.0055559202106859728 -0.84294360389449419 -0.013493984599305647 -0.84260541744688722 0 0.85357471491927406 3.1490398185184159 OK 14 13 0.40481200000000001 0.29619200000000001 0.100202 0.30272100000000002 0.171877 0 0.10209099999999999 0.12431500000000001 0.100202 0.011096999999999999 0.011139 0.010451999999999999 0.070760999999999977 0.092644999999999991 0.070087000000000024 0.0029949999999999998 0.0031700000000000005 0.0029629999999999999 0.00082100000000000001 0.00096000000000000013 0.00086899999999999998 3.1490402258646641 3.1490402258646641 3.1490402258646641 0.0014699372905536839 0.0014699372905536839 0.0014699372905536839 1 1 1 Converged Converged Converged OK OK OK 74 74 74 74 74 74 6 6 6 0 0 0 0 1 0 0 1
153 153 uniform 1 23 1536 3 0.001 1.4718922901759495 0.0075084706909069997 0.0055559202106859728 -0.84294360389449419 -0.013493984599305647 -0.84183241985235702 0 0.85280171732474386 3.3729120359954838 OK 14 13 0.39955000000000002 0.29545900000000003 0.092654 0.305226 0.17655100000000001 0 0.094324000000000019 0.11890800000000001 0.092654 0.011023 0.011171 0.010394 0.064342999999999997 0.088698000000000027 0.063893999999999937 0.0030609999999999995 0.003104 0.0030109999999999998 0.00083100000000000003 0.0008250000000000001 0.00081100000000000009 3.372912160056861 3.372912160056861 3.372912160056861 0.0015902218357382628 0.0015902218357382628 0.0015902218357382628 1 1 1 Converged Converged Converged OK OK OK 74 74 74 74 74 74 6 6 6 0 0 0 0 1 0 0 1
153 153 uniform 1 0 1536 0 0.0001 1.4718922901759495 0.0075084706909069997 0.0055559202106859728 -0.84294360389449419 -0.013493984599305647 -0.84405478793663136 0 0.8550240854090182 2.7115925181584797 OK 14 13 0.43887300000000001 0.43760599999999999 0.129165 0.30904799999999999 0.30453000000000002 0 0.12982500000000002 0.13307599999999997 0.129165 0.011681 0.011915 0.011578 0.085219999999999976 0.088151000000000007 0.085004000000000024 0.0045919999999999997 0.0045869999999999999 0.0046389999999999999 0.0011969999999999999 0.0012049999999999999 0.0011740000000000001 2.7115922088828883 2.7115922088828883 2.7115922088828883 0.00021935200211128684 0.00021935200211128684 0.00021935200211128684 1 1 1 Converged Converged Converged OK OK OK 99 99 99 99 99 99 5 5 5 0 0 0 0 0 1 0 0
153 153 uniform 1 7 1536 1 0.0001 1.4718922901759495 0.0075084706909069997 0.0055559202106859728 -0.84294360389449419 -0.013493984599305647 -0.84337841504141742 0 0.85434771251380426 2.9185352376391531 OK 14 13 0.44226599999999999 0.34143699999999999 0.13314699999999999 0.306002 0.17316200000000001 0 0.136264 0.16827499999999998 0.13314699999999999 0.011076000000000001 0.011048000000000001 0.010364 0.094588999999999993 0.12764100000000003 0.093613999999999975 0.0053299999999999997 0.0049629999999999995 0.0049319999999999998 0.0013239999999999999 0.00125 0.001258 2.9185350415648643 2.9185350415648643 2.9185350415648643 0.00012759614119757496 0.00012759614119757496 0.00012759614119757496 1 1 1 Converged Converged Converged OK OK OK 107 107 107 107 107 107 5 5 5 0 0 0 0 1 0 0 1
153 153 uniform 1 15 1536 2 0.0001 1.4718922901759495 0.0075084706909069997 0.0055559202106859728 -0.84294360389449419 -0.013493984599305647 -0.84260541744688722 0 0.85357471491927406 3.1490398185184159 OK 14 13 0.43894300000000003 0.34374500000000002 0.13391 0.30355199999999999 0.17413400000000001 0 0.13539100000000004 0.16961100000000001 0.13391 0.010982 0.011054 0.010488000000000001 0.097006999999999982 0.13068299999999994 0.096432000000000018 0.0047819999999999998 0.0049940000000000002 0.0047080000000000004 0.0011690000000000001 0.0011170000000000002 0.0011000000000000001 3.1490395365731589 3.1490395365731589 3.1490395365731589 0.00018401206381133729 0.00018401206381133729 0.00018401206381133729 1 1 1 Converged Converged Converged OK OK OK 106 106 106 106 106 106 6 6 6 0 0 0 0 1 0 0 1
153 153 uniform 1 23 1536 3 0.0001 1.4718922901759495 0.0075084706909069997 0.0055559202106859728 -0.84294360389449419 -0.013493984599305647 -0.84183241985235702 0 0.85280171732474386 3.3729120359954838 OK 14 13 0.43481199999999998 0.34202199999999999 0.12748899999999999 0.30575999999999998 0.174542 0 0.129052 0.16747999999999999 0.12748899999999999 0.010906000000000001 0.011101 0.010434000000000001 0.090709000000000067 0.12897300000000003 0.090402000000000038 0.0048629999999999993 0.0048959999999999993 0.0047219999999999996 0.0011249999999999999 0.0011320000000000002 0.0011260000000000003 3.3729116322118129 3.3729116322118129 3.3729116322118129 0.00027586346314533951 0.00027586346314533951 0.00027586346314533951 1 1 1 Converged Converged Converged OK OK OK 106 106 106 106 106 106 6 6 6 0 0 0 0 1 0 0 1
153 153 uniform 2 0 1537 0 0.001 1.4718922901759495 0.0075084706909069997 0.0055559202106859728 0.013568883772685223 -0.0024701928838221998 0.012457699730548029 0 -0.0014884022581611884 161.68337887498578 OK 16 15 0.71663699999999997 0.715893 0.25071399999999999 0.46913700000000003 0.46607700000000002 0 0.24749999999999994 0.24981599999999998 0.25071399999999999 0.016603 0.017023 0.016475 0.18275100000000005 0.18371899999999997 0.18279099999999993 0.0060340000000000003 0.0067139999999999995 0.0063590000000000001 0.0015089999999999999 0.0015929999999999998 0.0015999999999999996 161.68344467224009 161.68344467224009 161.68344467224009 0.082782789938862691 0.082782789938862691 0.082782789938862691 1 1 1 Converged Converged Converged OK OK OK 133 133 133 133 133 133 11 11 11 0 0 0 0 0 1 0 0
153 153 uniform 2 7 1537 1 0.001 1.4718922901759495 0.0075084706909069997 0.0055559202106859728 0.013568883772685223 -0.0024701928838221998 0.013134072625761974 0 -0.0021647751533751328 131.89185003766764 OK 16 15 0.76810199999999995 0.71389000000000002 0.22556000000000001 0.54169699999999998 0.43870100000000001 0 0.22640499999999997 0.27518900000000002 0.22556000000000001 0.015089 0.015591000000000001 0.014282 0.17902799999999996 0.22495699999999993 0.17884300000000006 0.0056299999999999996 0.006999 0.0057440000000000008 0.001307 0.001397 0.001266 131.89186285200029 131.89186285200029 131.89186285200029 0.13001952858715826 0.13001952858715826 0.13001952858715826 1 1 1 Converged Converged Converged OK OK OK 111 111 111 111 111 111 9 9 9 0 0 0 0 1 0 0 1
153 153 uniform 2 15 1537 2 0.001 1.4718922901759495 0.0075084706909069997 0.0055559202106859728 0.013568883772685223 -0.0024701928838221998 0.013907070220292196 0 -0.0029377727479053557 110.45939459229473 OK 16 15 0.65691900000000003 0.62890199999999996 0.226691 0.426817 0.32659700000000003 0 0.23010200000000003 0.30230499999999993 0.226691 0.015406 0.016306000000000001 0.014475999999999999 0.17991200000000002 0.249054 0.17800899999999989 0.0059820000000000003 0.0066619999999999995 0.0059219999999999993 0.001431 0.0014459999999999998 0.0013610000000000002 110.459424651673 110.459424651673 110.459424651673 0.046153224426869685 0.046153224426869685 0.046153224426869685 1 1 1 Converged Converged Converged OK OK OK 119 119 119 119 119 119 9 9 9 0 0 0 0 1 0 0 1
153 153 uniform 2 23 1537 3 0.001 1.4718922901759495 0.0075084706909069997 0.0055559202106859728 0.013568883772685223 -0.0024701928838221998 0.014680067814822418 0 -0.0037107703424355768 97.485923663649103 OK 16 15 0.72712600000000005 0.677728 0.21939500000000001 0.49987700000000002 0.40073700000000001 0 0.22724900000000003 0.27699099999999999 0.21939500000000001 0.015507 0.015671999999999998 0.014352999999999999 0.17824899999999994 0.22641500000000006 0.17317500000000002 0.0060610000000000004 0.0068400000000000006 0.0054770000000000001 0.0013129999999999999 0.0013670000000000002 0.0012329999999999999 97.486573327169609 97.486573327169609 97.486573327169609 0.085567347108692779 0.085567347108692779 0.085567347108692779 1 1 1 Converged Converged Converged OK OK OK 118 118 118 118 118 118 10 10 10 0 0 0 0 1 0 0 1
153 153 uniform 2 0 1537 0 0.0001 1.4718922901759495 0.0075084706909069997 0.0055559202106859728 0.013568883772685223 -0.0024701928838221998 0.012457699730548029 0 -0.0014884022581611884 161.68337887498578 OK 16 15 0.77394200000000002 0.76777200000000001 0.297124 0.47442800000000002 0.46513700000000002 0 0.299514 0.30263499999999999 0.297124 0.016556000000000001 0.016957 0.016379999999999999 0.220581 0.22172499999999998 0.21772700000000009 0.0075379999999999987 0.0087839999999999984 0.0081829999999999993 0.0021320000000000002 0.0021779999999999998 0.0021769999999999997 161.68343825668256 161.68343825668256 161.68343825668256 0.0092953921635796442 0.0092953921635796442 0.0092953921635796442 1 1 1 Converged Converged Converged OK OK OK 165 165 165 165 165 165 11 11 11 0 0 0 0 0 1 0 0
153 153 uniform 2 7 1537 1 0.0001 1.4718922901759495 0.0075084706909069997 0.0055559202106859728 0.013568883772685223 -0.0024701928838221998 0.013134072625761974 0 -0.0021647751533751328 131.89185003766764 OK 16 15 0.869753 0.83807299999999996 0.31848700000000002 0.54589500000000002 0.436224 0 0.32385799999999998 0.40184899999999996 0.31848700000000002 0.015997000000000001 0.015528 0.014534 0.25748399999999994 0.33628900000000012 0.25534899999999999 0.010098999999999999 0.010256000000000001 0.0096959999999999998 0.0017310000000000001 0.0017949999999999999 0.0017190000000000003 131.89188943048222 131.89188943048222 131.89188943048222 0.0080123363307693513 0.0080123363307693513 0.0080123363307693513 1 1 1 Converged Converged Converged OK OK OK 159 159 159 159 159 159 9 9 9 0 0 0 0 1 0 0 1
153 153 uniform 2 15 1537 2 0.0001 1.4718922901759495 0.0075084706909069997 0.0055559202106859728 0.013568883772685223 -0.0024701928838221998 0.013907070220292196 0 -0.0029377727479053557 110.45939459229473 OK 16 15 0.68551700000000004 0.65032599999999996 0.26119599999999998 0.42482199999999998 0.32064599999999999 0 0.26069500000000007 0.32967999999999997 0.26119599999999998 0.015813000000000001 0.015516 0.014281 0.20133299999999996 0.2702989999999999 0.20459999999999998 0.0079319999999999981 0.0082570000000000005 0.0074840000000000011 0.0017329999999999997 0.0017439999999999999 0.0017449999999999998 110.45943946325291 110.45943946325291 110.45943946325291 0.0051139305147548195 0.0051139305147548195 0.0051139305147548195 1 1 1 Converged Converged Converged OK OK OK 143 143 143 143 143 143 9 9 9 0 0 0 0 1 0 0 1
153 153 uniform 2 23 1537 3 0.0001 1.4718922901759495 0.0075084706909069997 0.0055559202106859728 0.013568883772685223 -0.0024701928838221998 0.014680067814822418 0 -0.0037107703424355768 97.485923663649103 OK 16 15 0.74603200000000003 0.69618400000000003 0.23893200000000001 0.50261400000000001 0.39311200000000002 0 0.24341800000000002 0.30307200000000001 0.23893200000000001 0.015488999999999999 0.015554 0.014402 0.18972299999999995 0.2494640000000001 0.18806000000000003 0.0070490000000000006 0.0070610000000000004 0.0063230000000000005 0.0017369999999999998 0.0017569999999999999 0.0016489999999999999 97.485963261853158 97.485963261853158 97.485963261853158 0.0065968522924591362 0.0065968522924591362 0.0065968522924591362 1 1 1 Converged Converged Converged OK OK OK 134 134 134 134 134 134 10 10 10 0 0 0 0 1 0 0 1
153 153 uniform 3 0 1538 0 0.001 1.4718922901759495 0.0075084706909069997 0.0055559202106859728 -0.77348249696567206 -0.030825773129089434 -0.77459368100780923 0 0.78556297848019607 3.7102313287691389 OK 15 14 0.43075200000000002 0.42758099999999999 0.108018 0.31952599999999998 0.317936 0 0.11122600000000005 0.10964499999999999 0.108018 0.014674 0.014419 0.013764 0.067457000000000003 0.066876000000000019 0.066345999999999988 0.0037950000000000002 0.0036989999999999996 0.0036770000000000001 0.00093000000000000005 0.00089599999999999988 0.00086399999999999997 3.7102312466744549 3.7102312466744549 3.7102312466744549 0.001396905397873838 0.001396905397873838 0.001396905397873838 1 1 1 Converged Converged Converged OK OK OK 75 75 75 75 75 75 5 5 5 0 0 0 0 0 1 0 0
153 153 uniform 3 7 1538 1 0.001 1.4718922901759495 0.0075084706909069997 0.0055559202106859728 -0.77348249696567206 -0.030825773129089434 -0.77391730811259529 0 0.78488660558498213 3.751265887470832 OK 15 14 0.40500199999999997 0.323351 0.103145 0.29933999999999999 0.18313499999999999 0 0.10566199999999998 0.14021600000000001 0.103145 0.01372 0.013627 0.012926999999999999 0.068604000000000012 0.10356999999999998 0.067777000000000004 0.0036720000000000004 0.0037449999999999996 0.0036709999999999998 0.00088499999999999994 0.00086399999999999997 0.00084600000000000007 3.7512657949469497 3.7512657949469497 3.7512657949469497 0.0014423522975671359 0.0014423522975671359 0.0014423522975671359 1 1 1 Converged Converged Converged OK OK OK 75 75 75 75 75 75 5 5 5 0 0 0 0 1 0 0 1
153 153 uniform 3 15 1538 2 0.001 1.4718922901759495 0.0075084706909069997 0.0055559202106859728 -0.77348249696567206 -0.030825773129089434 -0.77314431051806509 0 0.78411360799045193 3.8050514267153788 OK 15 14 0.433728 0.34402300000000002 0.106168 0.32505699999999998 0.20122999999999999 0 0.10867100000000002 0.14279300000000003 0.106168 0.013686 0.013537 0.012775999999999999 0.071707999999999966 0.10649099999999995 0.070898999999999962 0.0037530000000000003 0.0037150000000000004 0.0037000000000000006 0.00089600000000000009 0.00087199999999999995 0.0008389999999999999 3.8050513180640451 3.8050513180640451 3.8050513180640451 0.0015111595701173684 0.0015111595701173684 0.0015111595701173684 1 1 1 Converged Converged Converged OK OK OK 75 75 75 75 75 75 5 5 5 0 0 0 0 1 0 0 1
153 153 uniform 3 23 1538 3 0.001 1.4718922901759495 0.0075084706909069997 0.0055559202106859728 -0.77348249696567206 -0.030825773129089434 -0.77237131292353489 0 0.78334061039592173 3.8677920221614688 OK 15 14 0.42425600000000002 0.32300800000000002 0.11137900000000001 0.31071900000000002 0.17763000000000001 0 0.113537 0.14537800000000001 0.11137900000000001 0.013511 0.013544 0.012747 0.076995999999999995 0.108903 0.076487999999999945 0.0036749999999999994 0.0037409999999999995 0.0036079999999999997 0.00088299999999999989 0.00089899999999999984 0.00083699999999999996 3.8677918904160564 3.8677918904160564 3.8677918904160564 0.0016067655738377816 0.0016067655738377816 0.0016067655738377816 1 1 1 Converged Converged Converged OK OK OK 75 75 75 75 75 75 5 5 5 0 0 0 0 1 0 0 1
153 153 uniform 3 0 1538 0 0.0001 1.4718922901759495 0.0075084706909069997 0.0055559202106859728 -0.77348249696567206 -0.030825773129089434 -0.77459368100780923 0 0.78556297848019607 3.7102313287691389 OK 15 14 0.49090699999999998 0.48754799999999998 0.16784099999999999 0.32173200000000002 0.31761299999999998 0 0.16917499999999996 0.169935 0.16784099999999999 0.014406 0.014425 0.013899999999999999 0.10777299999999995 0.10845200000000005 0.10773000000000002 0.0063839999999999999 0.006202 0.006208 0.0012469999999999998 0.0012620000000000001 0.0012280000000000001 3.7102312713723173 3.7102312713723173 3.7102312713723173 0.00020925365818133244 0.00020925365818133244 0.00020925365818133244 1 1 1 Converged Converged Converged OK OK OK 123 123 123 123 123 123 5 5 5 0 0 0 0 0 1 0 0
153 153 uniform 3 7 1538 1 0.0001 1.4718922901759495 0.0075084706909069997 0.0055559202106859728 -0.77348249696567206 -0.030825773129089434 -0.77391730811259529 0 0.78488660558498213 3.751265887470832 OK 15 14 0.46271899999999999 0.40142 0.16092000000000001 0.29941899999999999 0.183004 0 0.1633 0.218416 0.16092000000000001 0.013651999999999999 0.013677 0.012803999999999999 0.11201799999999995 0.16699800000000015 0.11129899999999998 0.0061879999999999999 0.0062499999999999995 0.0061409999999999998 0.0012160000000000001 0.0012300000000000002 0.001217 3.751265825305989 3.751265825305989 3.751265825305989 0.00020782861819498936 0.00020782861819498936 0.00020782861819498936 1 1 1 Converged Converged Converged OK OK OK 123 123 123 123 123 123 5 5 5 0 0 0 0 1 0 0 1
153 153 uniform 3 15 1538 2 0.0001 1.4718922901759495 0.0075084706909069997 0.0055559202106859728 -0.77348249696567206 -0.030825773129089434 -0.77314431051806509 0 0.78411360799045193 3.8050514267153788 OK 15 14 0.49046800000000002 0.42080600000000001 0.16322999999999999 0.32409300000000002 0.19836200000000001 0 0.166375 0.222444 0.16322999999999999 0.013674 0.013488 0.012759 0.11465899999999994 0.17132199999999997 0.113604 0.0063169999999999997 0.006332 0.0061379999999999994 0.0012440000000000001 0.001237 0.001207 3.8050513573372693 3.8050513573372693 3.8050513573372693 0.00020624519511501364 0.00020624519511501364 0.00020624519511501364 1 1 1 Converged Converged Converged OK OK OK 123 123 123 123 123 123 5 5 5 0 0 0 0 1 0 0 1
153 153 uniform 3 23 1538 3 0.0001 1.4718922901759495 0.0075084706909069997 0.0055559202106859728 -0.77348249696567206 -0.030825773129089434 -0.77237131292353489 0 0.78334061039592173 3.8677920221614688 OK 15 14 0.48253099999999999 0.39342500000000002 0.170596 0.30966900000000003 0.178316 0 0.17286199999999996 0.21510900000000002 0.170596 0.013579000000000001 0.01358 0.012807000000000001 0.12182200000000001 0.16415800000000005 0.12104299999999994 0.0062620000000000002 0.006149 0.0060899999999999999 0.0012740000000000002 0.0012639999999999999 0.0012719999999999999 3.8677919426297196 3.8677919426297196 3.8677919426297196 0.00020471811344032801 0.00020471811344032801 0.00020471811344032801 1 1 1 Converged Converged Converged OK OK OK 123 123 123 123 123 123 5 5 5 0 0 0 0 1 0 0 1
153 153 uniform 4 0 1539 0 0.001 1.4718922901759495 0.0075084706909069997 0.0055559202106859728 0.0055652384003065302 0.017573036769210917 0.0044540543581693352 0 0.0065152431142175057 55.445177841750464 OK 13 12 0.48557299999999998 0.49272100000000002 0.104755 0.38225399999999998 0.38523800000000002 0 0.10331899999999999 0.107483 0.104755 0.010725999999999999 0.010957 0.010266000000000001 0.073100999999999999 0.077326000000000006 0.075382000000000018 0.0026589999999999999 0.0026190000000000002 0.0025770000000000003 0.00067900000000000002 0.00068300000000000001 0.00067599999999999995 55.445170408320784 55.445170408320784 55.445170408320784 0.012287747535733588 0.012287747535733588 0.012287747535733588 1 1 1 Converged Converged Converged OK OK OK 59 59 59 59 59 59 5 5 5 0 0 0 0 0 1 0 0
153 153 uniform 4 7 1539 1 0.001 1.4718922901759495 0.0075084706909069997 0.0055559202106859728 0.0055652384003065302 0.017573036769210917 0.0051304272533832804 0 0.0058388702190035604 56.552971809393718 OK 13 12 0.59237099999999998 0.636571 0.103058 0.49060799999999999 0.380722 0 0.10176299999999999 0.25584899999999999 0.103058 0.0098930000000000008 0.0096629999999999997 0.0091179999999999994 0.074868000000000018 0.22982099999999997 0.078543999999999989 0.0028639999999999998 0.0026280000000000001 0.0024989999999999999 0.00073700000000000002 0.00071400000000000001 0.00069099999999999999 56.552965858835051 56.552965858835051 56.552965858835051 0.013038415332933278 0.013038415332933278 0.013038415332933278 1 1 1 Converged Converged Converged OK OK OK 59 59 59 59 59 59 5 5 5 0 0 0 0 1 0 0 1
153 153 uniform 4 15 1539 2 0.001 1.4718922901759495 0.0075084706909069997 0.0055559202106859728 0.0055652384003065302 0.017573036769210917 0.0059034248479135024 0 0.0050658726244733384 57.823569582814024 OK 13 12 0.57227499999999998 0.55871400000000004 0.087433999999999998 0.48287999999999998 0.37464500000000001 0 0.089395000000000002 0.18406900000000004 0.087433999999999998 0.0098110000000000003 0.010012 0.009162 0.065454999999999999 0.16000899999999998 0.065059000000000006 0.0022590000000000002 0.0022080000000000003 0.002147 0.00056599999999999999 0.00056300000000000002 0.00053199999999999992 57.823548047308165 57.823548047308165 57.823548047308165 0.022230229569841352 0.022230229569841352 0.022230229569841352 1 1 1 Converged Converged Converged OK OK OK 44 44 44 44 44 44 4 4 4 0 0 0 0 1 0 0 1
153 153 uniform 4 23 1539 3 0.001 1.4718922901759495 0.0075084706909069997 0.0055559202106859728 0.0055652384003065302 0.017573036769210917 0.0066764224424437253 0 0.0042928750299431155 59.100707249884103 OK 13 12 0.59765400000000002 0.603016 0.093104999999999993 0.50238799999999995 0.39319700000000002 0 0.095266000000000073 0.20981899999999998 0.093104999999999993 0.0098930000000000008 0.0099340000000000001 0.0090819999999999998 0.07047299999999998 0.18523999999999993 0.07031599999999999 0.0024250000000000001 0.0024670000000000004 0.0021700000000000001 0.00051699999999999999 0.00051099999999999995 0.00052300000000000003 59.100703100044747 59.100703100044747 59.100703100044747 0.02193942518737144 0.02193942518737144 0.02193942518737144 1 1 1 Converged Converged Converged OK OK OK 51 51 51 51 51 51 5 5 5 0 0 0 0 1 0 0 1
153 153 uniform 4 0 1539 0 0.0001 1.4718922901759495 0.0075084706909069997 0.0055559202106859728 0.0055652384003065302 0.017573036769210917 0.0044540543581693352 0 0.0065152431142175057 55.445177841750464 OK 13 12 0.53316300000000005 0.53301399999999999 0.14451700000000001 0.38731399999999999 0.38761299999999999 0 0.14584900000000006 0.145401 0.14451700000000001 0.010682000000000001 0.010579 0.010146000000000001 0.103508 0.10364800000000003 0.10357700000000004 0.0044359999999999998 0.004437 0.0044030000000000007 0.00094699999999999993 0.00092700000000000009 0.00089300000000000013 55.445170489787955 55.445170489787955 55.445170489787955 0.0010011138569259294 0.0010011138569259294 0.0010011138569259294 1 1 1 Converged Converged Converged OK OK OK 91 91 91 91 91 91 5 5 5 0 0 0 0 0 1 0 0
153 153 uniform 4 7 1539 1 0.0001 1.4718922901759495 0.0075084706909069997 0.0055559202106859728 0.0055652384003065302 0.017573036769210917 0.0051304272533832804 0 0.0058388702190035604 56.552971809393718 OK 13 12 0.61098699999999995 0.70929500000000001 0.125917 0.48635200000000001 0.37830799999999998 0 0.12463499999999994 0.33098700000000003 0.125917 0.0096579999999999999 0.013511 0.0091129999999999996 0.09402400000000001 0.29652800000000001 0.096607000000000026 0.0032980000000000002 0.0034699999999999996 0.0032899999999999995 0.00083699999999999996 0.00085999999999999987 0.00086300000000000005 56.552965956172216 56.552965956172216 56.552965956172216 0.0052246922273621139 0.0052246922273621139 0.0052246922273621139 1 1 1 Converged Converged Converged OK OK OK 75 75 75 75 75 75 5 5 5 0 0 0 0 1 0 0 1
153 153 uniform 4 15 1539 2 0.0001 1.4718922901759495 0.0075084706909069997 0.0055559202106859728 0.0055652384003065302 0.017573036769210917 0.0059034248479135024 0 0.0050658726244733384 57.823569582814024 OK 13 12 0.60855000000000004 0.65961999999999998 0.121353 0.48508000000000001 0.376469 0 0.12347000000000002 0.28315099999999999 0.121353 0.0097120000000000001 0.0098840000000000004 0.0092680000000000002 0.092437999999999992 0.25146399999999991 0.091257999999999992 0.0034289999999999998 0.0036580000000000002 0.0033510000000000002 0.00078799999999999996 0.00082299999999999995 0.00077800000000000005 57.823561442328085 57.823561442328085 57.823561442328085 0.0017538128513157954 0.0017538128513157954 0.0017538128513157954 1 1 1 Converged Converged Converged OK OK OK 68 68 68 68 68 68 4 4 4 0 0 0 0 1 0 0 1
153 153 uniform 4 23 1539 3 0.0001 1.4718922901759495 0.0075084706909069997 0.0055559202106859728 0.0055652384003065302 0.017573036769210917 0.0066764224424437253 0 0.0042928750299431155 59.100707249884103 OK 13 12 0.62053599999999998 0.66158300000000003 0.117673 0.497027 0.39235199999999998 0 0.12350899999999998 0.26923100000000005 0.117673 0.0096109999999999998 0.0098809999999999992 0.0090760000000000007 0.09446199999999999 0.23991699999999999 0.089914999999999981 0.0030950000000000005 0.0032260000000000001 0.0030409999999999999 0.00064999999999999997 0.00064199999999999999 0.00067499999999999993 59.100702967198423 59.100702967198423 59.100702967198423 0.0045490785258731894 0.0045490785258731894 0.0045490785258731894 1 1 1 Converged Converged Converged OK OK OK 67 67 67 67 67 67 5 5 5 0 0 0 0 1 0 0 1
154 154 linear 0 0 1540 0 0.001 0.59153612497821262 0.018450835627367181 4.0627603847825694e-05 0.0027806176409249819 0.0085357057783242117 0.002772492120155417 0.5 0.0079441133632103915 1394.703590136917 OK 14 13 0.49756699999999998 0.49684299999999998 0.159497 0.336206 0.33693800000000002 0 0.16136099999999998 0.15990499999999996 0.159497 0.013944 0.013932999999999999 0.013505 0.12502099999999999 0.12279000000000001 0.12437000000000001 0.003228 0.0032919999999999994 0.002892 0.00081999999999999998 0.00088699999999999998 0.00077200000000000012 1394.7068374292483 1394.7068374292483 1394.7068374292483 0.27281336539869155 0.27281336539869155 0.27281336539869155 1 1 1 Converged Converged Converged OK OK OK 67 67 67 67 67 67 5 5 5 0 0 0 0 0 1 0 0
154 154 linear 0 7 1540 1 0.001 0.59153612497821262 0.018450835627367181 4.0627603847825694e-05 0.0027806176409249819 0.0085357057783242117 0.0027774380893194998 0.5 0.0079391673940463082 1381.5236505907542 OK 14 13 0.48658400000000002 0.46904099999999999 0.15643699999999999 0.32318799999999998 0.19830100000000001 0 0.16339600000000004 0.27073999999999998 0.15643699999999999 0.012751 0.012759 0.012043 0.13302900000000001 0.23974899999999993 0.12717800000000004 0.002797 0.0029949999999999998 0.002784 0.00087299999999999986 0.000919 0.00085399999999999994 1381.5298814802761 1381.5298814802761 1381.5298814802761 0.24411721656297194 0.24411721656297194 0.24411721656297194 1 1 1 Converged Converged Converged OK OK OK 67 67 67 67 67 67 5 5 5 0 0 0 0 1 0 0 1
154 154 linear 0 15 1540 2 0.001 0.59153612497821262 0.018450835627367181 4.0627603847825694e-05 0.0027806176409249819 0.0085357057783242117 0.0027830906255070236 0.5 0.0079335148578587849 1337.2504623266309 OK 14 13 0.47210600000000003 0.46856599999999998 0.148816 0.31973600000000002 0.19802 0 0.15237000000000001 0.27054599999999995 0.148816 0.012892000000000001 0.012963000000000001 0.012222999999999999 0.12221400000000003 0.23961300000000005 0.11967800000000002 0.0027520000000000001 0.0030720000000000001 0.002745 0.00077700000000000002 0.00080800000000000002 0.00079199999999999995 1337.2491838379271 1337.2491838379271 1337.2491838379271 0.21254606798499157 0.21254606798499157 0.21254606798499157 1 1 1 Converged Converged Converged OK OK OK 67 67 67 67 67 67 5 5 5 0 0 0 0 1 0 0 1
154 154 linear 0 23 1540 3 0.001 0.59153612497821262 0.018450835627367181 4.0627603847825694e-05 0.0027806176409249819 0.0085357057783242117 0.0027887431616945469 0.5 0.0079278623216712616 1265.5327716365541 OK 14 13 0.481489 0.49051099999999997 0.14793200000000001 0.32588899999999998 0.20321700000000001 0 0.15560000000000002 0.28729399999999994 0.14793200000000001 0.012569 0.012623000000000001 0.011906 0.12228199999999997 0.25710899999999998 0.11906199999999995 0.0028510000000000002 0.0028700000000000002 0.0027870000000000004 0.00076400000000000003 0.00075299999999999998 0.00075500000000000014 1265.5299926278592 1265.5299926278592 1265.5299926278592 0.18153320692699332 0.18153320692699332 0.18153320692699332 1 1 1 Converged Converged Converged OK OK OK 67 67 67 67 67 67 5 5 5 0 0 0 0 1 0 0 1
154 154 linear 0 0 1540 0 0.0001 0.59153612497821262 0.018450835627367181 4.0627603847825694e-05 0.0027806176409249819 0.0085357057783242117 0.002772492120155417 0.5 0.0079441133632103915 1394.703590136917 OK 14 13 0.56046300000000004 0.55618599999999996 0.21788399999999999 0.33393899999999999 0.33699699999999999 0 0.22652400000000006 0.21918899999999997 0.21788399999999999 0.013573 0.013677999999999999 0.013162 0.18196099999999996 0.17501299999999986 0.17463699999999993 0.0046349999999999994 0.0045620000000000001 0.0044520000000000002 0.0010759999999999999 0.001088 0.0010460000000000001 1394.7068526195701 1394.7068526195701 1394.7068526195701 0.07821738631021681 0.07821738631021681 0.07821738631021681 1 1 1 Converged Converged Converged OK OK OK 99 99 99 99 99 99 5 5 5 0 0 0 0 0 1 0 0
154 154 linear 0 7 1540 1 0.0001 0.59153612497821262 0.018450835627367181 4.0627603847825694e-05 0.0027806176409249819 0.0085357057783242117 0.0027774380893194998 0.5 0.0079391673940463082 1381.5236505907542 OK 14 13 0.54708000000000001 0.60517200000000004 0.21704999999999999 0.324239 0.19874800000000001 0 0.22284100000000001 0.40642400000000001 0.21704999999999999 0.012658000000000001 0.012676 0.012152 0.18600999999999995 0.36918099999999993 0.18126200000000001 0.0043400000000000001 0.0045799999999999999 0.0043639999999999998 0.001093 0.0010869999999999999 0.0010579999999999999 1381.5298838174863 1381.5298838174863 1381.5298838174863 0.07818605686369906 0.07818605686369906 0.07818605686369906 1 1 1 Converged Converged Converged OK OK OK 99 99 99 99 99 99 5 5 5 0 0 0 0 1 0 0 1
154 154 linear 0 15 1540 2 0.0001 0.59153612497821262 0.018450835627367181 4.0627603847825694e-05 0.0027806176409249819 0.0085357057783242117 0.0027830906255070236 0.5 0.0079335148578587849 1337.2504623266309 OK 14 13 0.53325100000000003 0.59528300000000001 0.205904 0.32137500000000002 0.19744600000000001 0 0.21187600000000001 0.397837 0.205904 0.012793000000000001 0.013049 0.012244 0.17488400000000004 0.36004199999999986 0.17024299999999995 0.0044780000000000002 0.0045259999999999996 0.004301000000000001 0.0010960000000000002 0.0010760000000000001 0.0010409999999999998 1337.2491835036544 1337.2491835036544 1337.2491835036544 0.078180654377025677 0.078180654377025677 0.078180654377025677 1 1 1 Converged Converged Converged OK OK OK 99 99 99 99 99 99 5 5 5 0 0 0 0 1 0 0 1
154 154 linear 0 23 1540 3 0.0001 0.59153612497821262 0.018450835627367181 4.0627603847825694e-05 0.0027806176409249819 0.0085357057783242117 0.0027887431616945469 0.5 0.0079278623216712616 1265.5327716365541 OK 14 13 0.51134100000000005 0.56334700000000004 0.17798600000000001 0.32833200000000001 0.20341699999999999 0 0.18300900000000003 0.35993000000000008 0.17798600000000001 0.012609 0.012651000000000001 0.011953 0.14954200000000006 0.32605299999999993 0.14582999999999996 0.003653 0.0038289999999999999 0.0035609999999999999 0.00092099999999999994 0.00091799999999999998 0.00094800000000000006 1265.5299923594696 1265.5299923594696 1265.5299923594696 0.12327671967564664 0.12327671967564664 0.12327671967564664 1 1 1 Converged Converged Converged OK OK OK 83 83 83 83 83 83 5 5 5 0 0 0 0 1 0 0 1
154 154 linear 1 0 1541 0 0.001 0.59153612497821262 0.018450835627367181 4.0627603847825694e-05 0.0042793411591412816 0.0015663118148169901 0.0042712156383717167 0.5 0.0064453898449940913 2085.1981209771125 OK 14 13 0.52872600000000003 0.52515699999999998 0.148313 0.37378800000000001 0.37548300000000001 0 0.15493800000000002 0.14967399999999997 0.148313 0.015949000000000001 0.012945 0.012657 0.12060399999999999 0.11828100000000001 0.11774299999999999 0.0024670000000000004 0.0025890000000000002 0.0024970000000000001 0.00064900000000000005 0.00066299999999999996 0.00062800000000000009 2085.1883778158704 2085.1883778158704 2085.1883778158704 1.7959021025548769 1.7959021025548769 1.7959021025548769 1 1 1 Converged Converged Converged OK OK OK 59 59 59 59 59 59 5 5 5 0 0 0 0 0 1 0 0
154 154 linear 1 7 1541 1 0.001 0.59153612497821262 0.018450835627367181 4.0627603847825694e-05 0.0042793411591412816 0.0015663118148169901 0.0042761616075358 0.5 0.006440443875830008 2072.5526726111966 OK 14 13 0.51382499999999998 0.480101 0.13813700000000001 0.371141 0.23655300000000001 0 0.14268399999999998 0.24354799999999999 0.13813700000000001 0.012123999999999999 0.012097999999999999 0.011488999999999999 0.11515299999999999 0.21620099999999995 0.11206100000000002 0.0026329999999999999 0.002611 0.0024859999999999999 0.000638 0.00066400000000000009 0.00062099999999999992 2072.5487740602894 2072.5487740602894 2072.5487740602894 1.7706676035149331 1.7706676035149331 1.7706676035149331 1 1 1 Converged Converged Converged OK OK OK 59 59 59 59 59 59 5 5 5 0 0 0 0 1 0 0 1
154 154 linear 1 15 1541 2 0.001 0.59153612497821262 0.018450835627367181 4.0627603847825694e-05 0.0042793411591412816 0.0015663118148169901 0.0042818141437233233 0.5 0.0064347913396424847 2029.1470016592002 OK 14 13 0.52753700000000003 0.46587699999999999 0.13704 0.38613399999999998 0.24016999999999999 0 0.14140300000000006 0.22570699999999999 0.13704 0.011924000000000001 0.012064999999999999 0.011431 0.11431000000000004 0.19855700000000001 0.11112899999999996 0.00247 0.0025999999999999999 0.0024189999999999997 0.00060899999999999995 0.00066399999999999999 0.00060899999999999995 2029.1513981078406 2029.1513981078406 2029.1513981078406 1.7303801449178191 1.7303801449178191 1.7303801449178191 1 1 1 Converged Converged Converged OK OK OK 59 59 59 59 59 59 5 5 5 0 0 0 0 1 0 0 1
154 154 linear 1 23 1541 3 0.001 0.59153612497821262 0.018450835627367181 4.0627603847825694e-05 0.0042793411591412816 0.0015663118148169901 0.0042874666799108466 0.5 0.0064291388034549615 1957.9284545323962 OK 14 13 0.55005000000000004 0.49529899999999999 0.14343400000000001 0.39890300000000001 0.26220599999999999 0 0.15114700000000003 0.23309299999999999 0.14343400000000001 0.012404999999999999 0.012489999999999999 0.011625999999999999 0.12098599999999997 0.205568 0.11731599999999998 0.0024870000000000001 0.0025119999999999995 0.0023969999999999998 0.00067999999999999994 0.00067900000000000002 0.00064599999999999998 1957.9331261206482 1957.9331261206482 1957.9331261206482 1.6881760361352331 1.6881760361352331 1.6881760361352331 1 1 1 Converged Converged Converged OK OK OK 59 59 59 59 59 59 5 5 5 0 0 0 0 1 0 0 1
154 154 linear 1 0 1541 0 0.0001 0.59153612497821262 0.018450835627367181 4.0627603847825694e-05 0.0042793411591412816 0.0015663118148169901 0.0042712156383717167 0.5 0.0064453898449940913 2085.1981209771125 OK 14 13 0.61654699999999996 0.60828199999999999 0.22670699999999999 0.37753199999999998 0.37945499999999999 0 0.23901499999999998 0.228827 0.22670699999999999 0.014097999999999999 0.012978999999999999 0.012586999999999999 0.1937580000000001 0.18490399999999996 0.18388599999999991 0.0045649999999999996 0.0049030000000000002 0.0045770000000000003 0.0010579999999999999 0.00109 0.0010190000000000002 2085.1963334525235 2085.1963334525235 2085.1963334525235 0.14818912447633198 0.14818912447633198 0.14818912447633198 1 1 1 Converged Converged Converged OK OK OK 99 99 99 99 99 99 5 5 5 0 0 0 0 0 1 0 0
154 154 linear 1 7 1541 1 0.0001 0.59153612497821262 0.018450835627367181 4.0627603847825694e-05 0.0042793411591412816 0.0015663118148169901 0.0042761616075358 0.5 0.006440443875830008 2072.5526726111966 OK 14 13 0.59728300000000001 0.62767499999999998 0.21760599999999999 0.37311100000000003 0.231875 0 0.22417199999999998 0.39579999999999999 0.21760599999999999 0.012035000000000001 0.012057999999999999 0.011427 0.1880430000000001 0.35914799999999997 0.18263799999999997 0.0043779999999999999 0.0044470000000000004 0.0043549999999999995 0.0010019999999999999 0.001005 0.001005 2072.5567119293678 2072.5567119293678 2072.5567119293678 0.1482734371362949 0.1482734371362949 0.1482734371362949 1 1 1 Converged Converged Converged OK OK OK 99 99 99 99 99 99 5 5 5 0 0 0 0 1 0 0 1
154 154 linear 1 15 1541 2 0.0001 0.59153612497821262 0.018450835627367181 4.0627603847825694e-05 0.0042793411591412816 0.0015663118148169901 0.0042818141437233233 0.5 0.0064347913396424847 2029.1470016592002 OK 14 13 0.62242500000000001 0.62525799999999998 0.226523 0.383633 0.24046400000000001 0 0.238792 0.38479399999999997 0.226523 0.011998 0.012109 0.011431 0.20079400000000003 0.34602100000000002 0.18980800000000003 0.0046510000000000006 0.0049240000000000004 0.0045000000000000005 0.0011270000000000002 0.0011370000000000002 0.001077 2029.1593283959555 2029.1593283959555 2029.1593283959555 0.13024322007342332 0.13024322007342332 0.13024322007342332 1 1 1 Converged Converged Converged OK OK OK 99 99 99 99 99 99 5 5 5 0 0 0 0 1 0 0 1
154 154 linear 1 23 1541 3 0.0001 0.59153612497821262 0.018450835627367181 4.0627603847825694e-05 0.0042793411591412816 0.0015663118148169901 0.0042874666799108466 0.5 0.0064291388034549615 1957.9284545323962 OK 14 13 0.64005800000000002 0.64675400000000005 0.23904 0.39647700000000002 0.26301200000000002 0 0.24358099999999999 0.38374200000000003 0.23904 0.012491 0.012390999999999999 0.011721000000000001 0.20480699999999999 0.34504200000000007 0.20214699999999997 0.0049449999999999997 0.0048820000000000001 0.0044719999999999994 0.001109 0.00107 0.00108 1957.9410555114364 1957.9410555114364 1957.9410555114364 0.11063474912739965 0.11063474912739965 0.11063474912739965 1 1 1 Converged Converged Converged OK OK OK 99 99 99 99 99 99 5 5 5 0 0 0 0 1 0 0 1
154 154 linear 2 0 1542 0 0.001 0.59153612497821262 0.018450835627367181 4.0627603847825694e-05 0.0064177480249842283 -3.6827460958204961e-05 0.0064096225042146633 0.5 0.0043069829791511447 2679.0711340850785 OK 15 14 1.030335 1.0145869999999999 0.334422 0.68254700000000001 0.67655500000000002 0 0.34778799999999999 0.33803199999999989 0.334422 0.014815 0.013602 0.012897 0.29090599999999994 0.28225800000000012 0.2810870000000002 0.0056509999999999998 0.0057669999999999996 0.0055290000000000009 0.001305 0.0012669999999999999 0.0012820000000000002 2679.0529794609024 2679.0529794609024 2679.0529794609024 1.4290821090692851 1.4290821090692851 1.4290821090692851 1 1 1 Converged Converged Converged OK OK OK 120 120 120 120 120 120 8 8 8 0 0 0 0 0 1 0 0
154 154 linear 2 7 1542 1 0.001 0.59153612497821262 0.018450835627367181 4.0627603847825694e-05 0.0064177480249842283 -3.6827460958204961e-05 0.0064145684733787466 0.5 0.0043020370099870614 2690.3036839207602 OK 15 14 1.005892 0.98904000000000003 0.31580599999999998 0.67840699999999998 0.50913799999999998 0 0.32748500000000003 0.47990200000000005 0.31580599999999998 0.012728 0.012800000000000001 0.011832000000000001 0.28443700000000011 0.43601500000000015 0.27402700000000002 0.0055179999999999995 0.005718 0.0055040000000000002 0.001212 0.0012360000000000001 0.001276 2690.3132188539039 2690.3132188539039 2690.3132188539039 1.4092305064214574 1.4092305064214574 1.4092305064214574 1 1 1 Converged Converged Converged OK OK OK 120 120 120 120 120 120 8 8 8 0 0 0 0 1 0 0 1
154 154 linear 2 15 1542 2 0.001 0.59153612497821262 0.018450835627367181 4.0627603847825694e-05 0.0064177480249842283 -3.6827460958204961e-05 0.0064202210095662699 0.5 0.0042963844737995381 2686.7161413413974 OK 15 14 0.97056200000000004 0.99563000000000001 0.31076900000000002 0.64884500000000001 0.51517000000000002 0 0.32171700000000003 0.48046 0.31076900000000002 0.012581 0.012735 0.011780000000000001 0.27871500000000005 0.43667400000000001 0.26913500000000001 0.0055249999999999995 0.0057280000000000005 0.0055450000000000013 0.001322 0.0014549999999999999 0.0013359999999999999 2686.7108789785816 2686.7108789785816 2686.7108789785816 1.3207941517821709 1.3207941517821709 1.3207941517821709 1 1 1 Converged Converged Converged OK OK OK 120 120 120 120 120 120 8 8 8 0 0 0 0 1 0 0 1
154 154 linear 2 23 1542 3 0.001 0.59153612497821262 0.018450835627367181 4.0627603847825694e-05 0.0064177480249842283 -3.6827460958204961e-05 0.0064258735457537932 0.5 0.0042907319376120148 2674.4229305689228 OK 15 14 0.96556699999999995 0.94082699999999997 0.29645899999999997 0.67270200000000002 0.52611200000000002 0 0.29286499999999993 0.41471499999999994 0.29645899999999997 0.012564000000000001 0.012769000000000001 0.011834000000000001 0.25520799999999988 0.37668299999999993 0.25954499999999986 0.004529 0.004424 0.004653 0.0011640000000000001 0.001145 0.0011300000000000001 2674.4289017940596 2674.4289017940596 2674.4289017940596 2.1789899699453361 2.1789899699453361 2.1789899699453361 1 1 1 Converged Converged Converged OK OK OK 104 104 104 104 104 104 8 8 8 0 0 0 0 1 0 0 1
154 154 linear 2 0 1542 0 0.0001 0.59153612497821262 0.018450835627367181 4.0627603847825694e-05 0.0064177480249842283 -3.6827460958204961e-05 0.0064096225042146633 0.5 0.0043069829791511447 2679.0711340850785 OK 15 14 1.0699749999999999 1.051534 0.37711600000000001 0.68068499999999998 0.67446600000000001 0 0.38928999999999991 0.37706799999999996 0.37711600000000001 0.014973 0.013783 0.013027 0.32426900000000014 0.31712799999999985 0.31811699999999993 0.010074000000000001 0.0064330000000000003 0.006507999999999999 0.00141 0.0014650000000000002 0.001539 2679.0519829880864 2679.0519829880864 2679.0519829880864 0.061072233941602085 0.061072233941602085 0.061072233941602085 1 1 1 Converged Converged Converged OK OK OK 136 136 136 136 136 136 8 8 8 0 0 0 0 0 1 0 0
154 154 linear 2 7 1542 1 0.0001 0.59153612497821262 0.018450835627367181 4.0627603847825694e-05 0.0064177480249842283 -3.6827460958204961e-05 0.0064145684733787466 0.5 0.0043020370099870614 2690.3036839207602 OK 15 14 1.049838 1.0636080000000001 0.35821399999999998 0.68287900000000001 0.51276699999999997 0 0.36695900000000004 0.55084100000000014 0.35821399999999998 0.012678999999999999 0.012662 0.011957000000000001 0.31991099999999961 0.50413399999999986 0.31326799999999988 0.0065040000000000011 0.0060920000000000011 0.0060920000000000002 0.0014870000000000003 0.0014449999999999999 0.0014740000000000003 2690.3137446745654 2690.3137446745654 2690.3137446745654 0.053498364297630101 0.053498364297630101 0.053498364297630101 1 1 1 Converged Converged Converged OK OK OK 136 136 136 136 136 136 8 8 8 0 0 0 0 1 0 0 1
154 154 linear 2 15 1542 2 0.0001 0.59153612497821262 0.018450835627367181 4.0627603847825694e-05 0.0064177480249842283 -3.6827460958204961e-05 0.0064202210095662699 0.5 0.0042963844737995381 2686.7161413413974 OK 15 14 1.0073799999999999 1.046384 0.36186000000000001 0.65098900000000004 0.51727100000000004 0 0.3563909999999999 0.52911299999999994 0.36186000000000001 0.012656000000000001 0.012657 0.011852 0.31019899999999995 0.48244000000000031 0.31655200000000017 0.0063040000000000006 0.0063059999999999991 0.0061479999999999998 0.0014559999999999998 0.0014779999999999999 0.001487 2686.7146908615027 2686.7146908615027 2686.7146908615027 0.052897347538374696 0.052897347538374696 0.052897347538374696 1 1 1 Converged Converged Converged OK OK OK 136 136 136 136 136 136 8 8 8 0 0 0 0 1 0 0 1
154 154 linear 2 23 1542 3 0.0001 0.59153612497821262 0.018450835627367181 4.0627603847825694e-05 0.0064177480249842283 -3.6827460958204961e-05 0.0064258735457537932 0.5 0.0042907319376120148 2674.4229305689228 OK 15 14 1.035031 1.066451 0.37548300000000001 0.67497499999999999 0.52918699999999996 0 0.36005600000000004 0.53726400000000007 0.37548300000000001 0.012571000000000001 0.012541999999999999 0.013256 0.31400299999999998 0.49026799999999987 0.32822699999999994 0.0061510000000000011 0.0065860000000000007 0.0064570000000000009 0.0014339999999999999 0.0014670000000000002 0.0014939999999999999 2674.4299256761037 2674.4299256761037 2674.4299256761037 0.085713903869697586 0.085713903869697586 0.085713903869697586 1 1 1 Converged Converged Converged OK OK OK 136 136 136 136 136 136 8 8 8 0 0 0 0 1 0 0 1
154 154 linear 3 0 1543 0 0.001 0.59153612497821262 0.018450835627367181 4.0627603847825694e-05 0.0034989683429848153 -0.01141575722444509 0.0034908428222152504 0.5 0.0072257626611505581 47.526438413515592 OK 13 12 0.437745 0.43559300000000001 0.12364 0.31053199999999997 0.31092900000000001 0 0.12721300000000002 0.124664 0.12364 0.0098480000000000009 0.0097800000000000005 0.0093299999999999998 0.098630000000000009 0.096564000000000025 0.096188999999999997 0.0027730000000000003 0.0027629999999999998 0.0026440000000000001 0.000602 0.00058399999999999999 0.00057200000000000003 47.526425021173822 47.526425021173822 47.526425021173822 0.032343174841040705 0.032343174841040705 0.032343174841040705 1 1 1 Converged Converged Converged OK OK OK 53 53 53 53 53 53 3 3 3 0 0 0 0 0 1 0 0
154 154 linear 3 7 1543 1 0.001 0.59153612497821262 0.018450835627367181 4.0627603847825694e-05 0.0034989683429848153 -0.01141575722444509 0.0034957887913793333 0.5 0.0072208166919864748 47.521505995874804 OK 13 12 0.42908800000000002 0.39895700000000001 0.117704 0.30369400000000002 0.17638699999999999 0 0.12539400000000001 0.22257000000000002 0.117704 0.0087189999999999993 0.0088009999999999998 0.0082400000000000008 0.099946999999999994 0.19724699999999992 0.093537000000000009 0.0027069999999999998 0.0027260000000000001 0.0026260000000000003 0.00056300000000000002 0.00055800000000000001 0.00055100000000000006 47.521492631135025 47.521492631135025 47.521492631135025 0.032326990897210126 0.032326990897210126 0.032326990897210126 1 1 1 Converged Converged Converged OK OK OK 53 53 53 53 53 53 3 3 3 0 0 0 0 1 0 0 1
154 154 linear 3 15 1543 2 0.001 0.59153612497821262 0.018450835627367181 4.0627603847825694e-05 0.0034989683429848153 -0.01141575722444509 0.003501441327566857 0.5 0.0072151641557989515 47.515883540500269 OK 13 12 0.43379499999999999 0.388262 0.127664 0.30714999999999998 0.17564399999999999 0 0.12664500000000001 0.212618 0.127664 0.0090089999999999996 0.0090080000000000004 0.008489 0.10121100000000001 0.187005 0.098561999999999983 0.0026680000000000002 0.0027330000000000002 0.0026379999999999997 0.00057700000000000004 0.00056599999999999999 0.00055800000000000001 47.515870207043172 47.515870207043172 47.515870207043172 0.032308521471577312 0.032308521471577312 0.032308521471577312 1 1 1 Converged Converged Converged OK OK OK 53 53 53 53 53 53 3 3 3 0 0 0 0 1 0 0 1
154 154 linear 3 23 1543 3 0.001 0.59153612497821262 0.018450835627367181 4.0627603847825694e-05 0.0034989683429848153 -0.01141575722444509 0.0035070938637543803 0.5 0.0072095116196114282 47.510276606257584 OK 13 12 0.42344900000000002 0.38731900000000002 0.11990000000000001 0.30006899999999997 0.172564 0 0.12338000000000005 0.21475500000000003 0.11990000000000001 0.0087720000000000003 0.0088319999999999996 0.0082810000000000002 0.098110000000000003 0.18933900000000004 0.095595999999999987 0.002676 0.0027209999999999999 0.0026049999999999997 0.00055399999999999991 0.00056400000000000005 0.000562 47.510263303651477 47.510263303651477 47.510263303651477 0.032290080365406836 0.032290080365406836 0.032290080365406836 1 1 1 Converged Converged Converged OK OK OK 53 53 53 53 53 53 3 3 3 0 0 0 0 1 0 0 1
154 154 linear 3 0 1543 0 0.0001 0.59153612497821262 0.018450835627367181 4.0627603847825694e-05 0.0034989683429848153 -0.01141575722444509 0.0034908428222152504 0.5 0.0072257626611505581 47.526438413515592 OK 13 12 0.468582 0.461648 0.151393 0.313357 0.30960399999999999 0 0.155225 0.15204400000000001 0.151393 0.0096539999999999994 0.0096299999999999997 0.0094310000000000001 0.12144999999999999 0.11831199999999999 0.11803200000000004 0.0034799999999999996 0.0035729999999999998 0.0034510000000000001 0.00066299999999999996 0.00068199999999999999 0.00066799999999999997 47.526425036756258 47.526425036756258 47.526425036756258 2.6261686960821295e-05 2.6261686960821295e-05 2.6261686960821295e-05 1 1 1 Converged Converged Converged OK OK OK 69 69 69 69 69 69 3 3 3 0 0 0 0 0 1 0 0
154 154 linear 3 7 1543 1 0.0001 0.59153612497821262 0.018450835627367181 4.0627603847825694e-05 0.0034989683429848153 -0.01141575722444509 0.0034957887913793333 0.5 0.0072208166919864748 47.521505995874804 OK 13 12 0.452183 0.46183200000000002 0.143762 0.30375999999999997 0.178174 0 0.14842300000000003 0.28365800000000002 0.143762 0.0087019999999999997 0.0089099999999999995 0.0082129999999999998 0.11823500000000001 0.25298900000000002 0.114663 0.0034849999999999998 0.003588 0.0034250000000000001 0.00065800000000000006 0.00066799999999999997 0.00067400000000000001 47.52149264671214 47.52149264671214 47.52149264671214 2.626210281854709e-05 2.626210281854709e-05 2.626210281854709e-05 1 1 1 Converged Converged Converged OK OK OK 69 69 69 69 69 69 3 3 3 0 0 0 0 1 0 0 1
154 154 linear 3 15 1543 2 0.0001 0.59153612497821262 0.018450835627367181 4.0627603847825694e-05 0.0034989683429848153 -0.01141575722444509 0.003501441327566857 0.5 0.0072151641557989515 47.515883540500269 OK 13 12 0.46246799999999999 0.45132899999999998 0.15426100000000001 0.30480099999999999 0.17540600000000001 0 0.157667 0.27592299999999997 0.15426100000000001 0.0090729999999999995 0.0090860000000000003 0.0085240000000000003 0.12721500000000002 0.24527199999999996 0.12486799999999997 0.0034969999999999997 0.003467 0.0034399999999999995 0.000678 0.00067100000000000005 0.00065600000000000012 47.515870222591552 47.515870222591552 47.515870222591552 2.6262631425368491e-05 2.6262631425368491e-05 2.6262631425368491e-05 1 1 1 Converged Converged Converged OK OK OK 69 69 69 69 69 69 3 3 3 0 0 0 0 1 0 0 1
154 154 linear 3 23 1543 3 0.0001 0.59153612497821262 0.018450835627367181 4.0627603847825694e-05 0.0034989683429848153 -0.01141575722444509 0.0035070938637543803 0.5 0.0072095116196114282 47.510276606257584 OK 13 12 0.45260299999999998 0.46312399999999998 0.14696400000000001 0.30098999999999998 0.17715900000000001 0 0.151613 0.28596499999999997 0.14696400000000001 0.0087089999999999997 0.00894 0.0082539999999999992 0.12147100000000001 0.25530299999999995 0.11782500000000001 0.0034849999999999998 0.0035299999999999997 0.0034580000000000001 0.00066199999999999994 0.000678 0.00064899999999999995 47.51026331920572 47.51026331920572 47.51026331920572 2.6263136175706178e-05 2.6263136175706178e-05 2.6263136175706178e-05 1 1 1 Converged Converged Converged OK OK OK 69 69 69 69 69 69 3 3 3 0 0 0 0 1 0 0 1
154 154 linear 4 0 1544 0 0.001 0.59153612497821262 0.018450835627367181 4.0627603847825694e-05 1.0555221939610882 0.38123775717691893 1.0555140684403186 0.5 -1.0447974629569527 1.9375685769135851 OK 13 12 0.60216400000000003 0.600109 0.13422999999999999 0.463696 0.46429900000000002 0 0.13846800000000004 0.13580999999999999 0.13422999999999999 0.0091979999999999996 0.0090629999999999999 0.0086820000000000005 0.10692599999999998 0.10509699999999998 0.10417999999999999 0.0034920000000000003 0.0033080000000000002 0.0032049999999999999 0.00070699999999999995 0.00069300000000000004 0.000678 1.9375679520943807 1.9375679520943807 1.9375679520943807 0.0013576032094856807 0.0013576032094856807 0.0013576032094856807 1 1 1 Converged Converged Converged OK OK OK 61 61 61 61 61 61 3 3 3 0 0 0 0 0 1 0 0
154 154 linear 4 7 1544 1 0.001 0.59153612497821262 0.018450835627367181 4.0627603847825694e-05 1.0555221939610882 0.38123775717691893 1.0555190144094826 0.5 -1.0448024089261168 1.9379209483898807 OK 13 12 0.58087999999999995 0.55312399999999995 0.13242899999999999 0.44452999999999998 0.320494 0 0.13634999999999997 0.23262999999999995 0.13242899999999999 0.0081799999999999998 0.0081259999999999995 0.007685 0.108818 0.20538200000000006 0.10624100000000003 0.003323 0.0032950000000000002 0.003173 0.00071699999999999997 0.00070200000000000004 0.000696 1.937920321686748 1.937920321686748 1.937920321686748 0.0013582007366248199 0.0013582007366248199 0.0013582007366248199 1 1 1 Converged Converged Converged OK OK OK 61 61 61 61 61 61 3 3 3 0 0 0 0 1 0 0 1
154 154 linear 4 15 1544 2 0.001 0.59153612497821262 0.018450835627367181 4.0627603847825694e-05 1.0555221939610882 0.38123775717691893 1.0555246669456702 0.5 -1.0448080614623043 1.9383244610890349 OK 13 12 0.47995199999999999 0.45212599999999997 0.13756299999999999 0.33550200000000002 0.20751600000000001 0 0.14444999999999997 0.24460999999999997 0.13756299999999999 0.0082249999999999997 0.0081860000000000006 0.007711 0.11730100000000003 0.21735800000000008 0.11135499999999998 0.0030730000000000002 0.0031910000000000003 0.0031319999999999998 0.00070299999999999996 0.00069399999999999996 0.00068099999999999996 1.9383238322271308 1.9383238322271308 1.9383238322271308 0.0013588849761173103 0.0013588849761173103 0.0013588849761173103 1 1 1 Converged Converged Converged OK OK OK 61 61 61 61 61 61 3 3 3 0 0 0 0 1 0 0 1
154 154 linear 4 23 1544 3 0.001 0.59153612497821262 0.018450835627367181 4.0627603847825694e-05 1.0555221939610882 0.38123775717691893 1.0555303194818577 0.5 -1.0448137139984919 1.938728832602763 OK 13 12 0.47240300000000002 0.44645299999999999 0.134821 0.33416400000000002 0.20777300000000001 0 0.138239 0.23867999999999998 0.134821 0.0080440000000000008 0.0082100000000000003 0.0077060000000000002 0.11115600000000002 0.21116399999999996 0.108692 0.0031910000000000003 0.0033080000000000002 0.0031059999999999998 0.000669 0.00068300000000000001 0.00065499999999999998 1.9387282015591487 1.9387282015591487 1.9387282015591487 0.0013595706657375702 0.0013595706657375702 0.0013595706657375702 1 1 1 Converged Converged Converged OK OK OK 61 61 61 61 61 61 3 3 3 0 0 0 0 1 0 0 1
154 154 linear 4 0 1544 0 0.0001 0.59153612497821262 0.018450835627367181 4.0627603847825694e-05 1.0555221939610882 0.38123775717691893 1.0555140684403186 0.5 -1.0447974629569527 1.9375685769135851 OK 13 12 0.67219799999999996 0.68184500000000003 0.20544599999999999 0.45779900000000001 0.46819699999999997 0 0.21439899999999995 0.21364800000000006 0.20544599999999999 0.0088880000000000001 0.010219000000000001 0.008744 0.17117599999999997 0.168985 0.16308300000000001 0.0049189999999999998 0.0049830000000000004 0.0048089999999999999 0.00094200000000000013 0.0009549999999999999 0.00091200000000000005 1.9375679528350407 1.9375679528350407 1.9375679528350407 3.6509602011560019e-09 3.6509602011560019e-09 3.6509602011560019e-09 1 1 1 Converged Converged Converged OK OK OK 93 93 93 93 93 93 3 3 3 0 0 0 0 0 1 0 0
154 154 linear 4 7 1544 1 0.0001 0.59153612497821262 0.018450835627367181 4.0627603847825694e-05 1.0555221939610882 0.38123775717691893 1.0555190144094826 0.5 -1.0448024089261168 1.9379209483898807 OK 13 12 0.646957 0.71245899999999995 0.19586899999999999 0.44352799999999998 0.324739 0 0.20342900000000003 0.38771999999999995 0.19586899999999999 0.0081620000000000009 0.0082979999999999998 0.007757 0.16666099999999998 0.35024299999999992 0.15981200000000004 0.0047750000000000006 0.0049989999999999991 0.0047910000000000001 0.00094899999999999997 0.00097000000000000016 0.00095100000000000002 1.9379203224284756 1.9379203224284756 1.9379203224284756 3.6488849859237557e-09 3.6488849859237557e-09 3.6488849859237557e-09 1 1 1 Converged Converged Converged OK OK OK 93 93 93 93 93 93 3 3 3 0 0 0 0 1 0 0 1
154 154 linear 4 15 1544 2 0.0001 0.59153612497821262 0.018450835627367181 4.0627603847825694e-05 1.0555221939610882 0.38123775717691893 1.0555246669456702 0.5 -1.0448080614623043 1.9383244610890349 OK 13 12 0.54804600000000003 0.60346100000000003 0.204655 0.33743099999999998 0.206873 0 0.21061500000000005 0.39658800000000005 0.204655 0.0081869999999999998 0.0082140000000000008 0.0076579999999999999 0.17387399999999992 0.35927499999999996 0.16885999999999995 0.0047420000000000006 0.0047600000000000003 0.004764 0.00093300000000000002 0.000959 0.00089400000000000005 1.9383238329673445 1.9383238329673445 1.9383238329673445 3.649361652420175e-09 3.649361652420175e-09 3.649361652420175e-09 1 1 1 Converged Converged Converged OK OK OK 93 93 93 93 93 93 3 3 3 0 0 0 0 1 0 0 1
154 154 linear 4 23 1544 3 0.0001 0.59153612497821262 0.018450835627367181 4.0627603847825694e-05 1.0555221939610882 0.38123775717691893 1.0555303194818577 0.5 -1.0448137139984919 1.938728832602763 OK 13 12 0.54766899999999996 0.59459799999999996 0.20674000000000001 0.33249200000000001 0.20668500000000001 0 0.21517699999999995 0.38791299999999995 0.20674000000000001 0.0081329999999999996 0.0083110000000000007 0.0076449999999999999 0.17811199999999994 0.3505140000000001 0.17111900000000002 0.004738 0.0048560000000000001 0.0046900000000000006 0.00093899999999999995 0.00093800000000000014 0.00091600000000000004 1.9387282023006336 1.9387282023006336 1.9387282023006336 3.649161148325017e-09 3.649161148325017e-09 3.649161148325017e-09 1 1 1 Converged Converged Converged OK OK OK 93 93 93 93 93 93 3 3 3 0 0 0 0 1 0 0 1
154 154 uniform 0 0 1545 0 0.001 0.59153612497821262 0.018450835627367181 4.0627603847825694e-05 0.0027806176409249819 0.0085357057783242117 0.002772492120155417 0 0.0079441133632103915 1366.3429445103666 OK 14 13 0.463115 0.46309600000000001 0.12354800000000001 0.33921400000000002 0.33872099999999999 0 0.12390099999999998 0.12437500000000001 0.12354800000000001 0.013572000000000001 0.013703999999999999 0.013343000000000001 0.089012999999999995 0.089193000000000008 0.088915999999999981 0.0028049999999999998 0.0028149999999999998 0.002836 0.00075899999999999991 0.00077300000000000003 0.000745 1366.342905400561 1366.342905400561 1366.342905400561 0.13897476433760628 0.13897476433760628 0.13897476433760628 1 1 1 Converged Converged Converged OK OK OK 67 67 67 67 67 67 5 5 5 0 0 0 0 0 1 0 0
154 154 uniform 0 7 1545 1 0.001 0.59153612497821262 0.018450835627367181 4.0627603847825694e-05 0.0027806176409249819 0.0085357057783242117 0.0027774380893194998 0 0.0079391673940463082 1341.4569205107257 OK 14 13 0.44645499999999999 0.435558 0.122879 0.32276700000000003 0.19906399999999999 0 0.12368799999999996 0.23649400000000001 0.122879 0.012500000000000001 0.012723 0.012062 0.094155000000000003 0.20590600000000001 0.094139000000000014 0.0026579999999999998 0.0028520000000000004 0.0026480000000000002 0.00072800000000000002 0.00075599999999999994 0.00072500000000000006 1341.4569172778604 1341.4569172778604 1341.4569172778604 0.12575254724362939 0.12575254724362939 0.12575254724362939 1 1 1 Converged Converged Converged OK OK OK 67 67 67 67 67 67 5 5 5 0 0 0 0 1 0 0 1
154 154 uniform 0 15 1545 2 0.001 0.59153612497821262 0.018450835627367181 4.0627603847825694e-05 0.0027806176409249819 0.0085357057783242117 0.0027830906255070236 0 0.0079335148578587849 1291.1303030926147 OK 14 13 0.43837599999999999 0.430564 0.115464 0.32043700000000003 0.19040299999999999 0 0.11793899999999996 0.24016100000000001 0.115464 0.012921999999999999 0.013055000000000001 0.012260999999999999 0.087517000000000011 0.20622900000000005 0.086513000000000007 0.002777 0.0028550000000000003 0.0026580000000000002 0.000794 0.00076399999999999992 0.00074100000000000001 1291.1303074319101 1291.1303074319101 1291.1303074319101 0.099308433530619147 0.099308433530619147 0.099308433530619147 1 1 1 Converged Converged Converged OK OK OK 67 67 67 67 67 67 5 5 5 0 0 0 0 1 0 0 1
154 154 uniform 0 23 1545 3 0.001 0.59153612497821262 0.018450835627367181 4.0627603847825694e-05 0.0027806176409249819 0.0085357057783242117 0.0027887431616945469 0 0.0079278623216712616 1220.8957188447152 OK 14 13 0.44161800000000001 0.45678099999999999 0.11831 0.32484600000000002 0.20250799999999999 0 0.11677199999999999 0.25427299999999997 0.11831 0.012574 0.01257 0.011934999999999999 0.086883000000000016 0.22408700000000009 0.08973600000000001 0.0027390000000000001 0.0028209999999999997 0.002712 0.00074899999999999988 0.00072900000000000005 0.00072800000000000002 1220.8957188390464 1220.8957188390464 1220.8957188390464 0.074977043597786314 0.074977043597786314 0.074977043597786314 1 1 1 Converged Converged Converged OK OK OK 67 67 67 67 67 67 5 5 5 0 0 0 0 1 0 0 1
154 154 uniform 0 0 1545 0 0.0001 0.59153612497821262 0.018450835627367181 4.0627603847825694e-05 0.0027806176409249819 0.0085357057783242117 0.002772492120155417 0 0.0079441133632103915 1366.3429445103666 OK 14 13 0.48604399999999998 0.47984700000000002 0.14580799999999999 0.33901799999999999 0.33346500000000001 0 0.14702599999999999 0.14638200000000001 0.14580799999999999 0.013925999999999999 0.013644 0.013318 0.10744400000000004 0.10713499999999998 0.106907 0.003663 0.003692 0.0035260000000000001 0.00093499999999999996 0.00094200000000000013 0.00089799999999999993 1366.3429174621901 1366.3429174621901 1366.3429174621901 0.070415966618291803 0.070415966618291803 0.070415966618291803 1 1 1 Converged Converged Converged OK OK OK 83 83 83 83 83 83 5 5 5 0 0 0 0 0 1 0 0
154 154 uniform 0 7 1545 1 0.0001 0.59153612497821262 0.018450835627367181 4.0627603847825694e-05 0.0027806176409249819 0.0085357057783242117 0.0027774380893194998 0 0.0079391673940463082 1341.4569205107257 OK 14 13 0.451878 0.43702800000000003 0.12302200000000001 0.32769599999999999 0.198799 0 0.12418200000000001 0.23822900000000002 0.12302200000000001 0.012723999999999999 0.012716 0.012001 0.09439599999999998 0.20805300000000004 0.094096000000000013 0.0026930000000000001 0.0027959999999999999 0.002673 0.00070799999999999997 0.00073599999999999989 0.00072899999999999994 1341.4569172778604 1341.4569172778604 1341.4569172778604 0.12575254724362939 0.12575254724362939 0.12575254724362939 1 1 1 Converged Converged Converged OK OK OK 67 67 67 67 67 67 5 5 5 0 0 0 0 1 0 0 1
154 154 uniform 0 15 1545 2 0.0001 0.59153612497821262 0.018450835627367181 4.0627603847825694e-05 0.0027806176409249819 0.0085357057783242117 0.0027830906255070236 0 0.0079335148578587849 1291.1303030926147 OK 14 13 0.43577700000000003 0.42962499999999998 0.11547200000000001 0.31860899999999998 0.19333800000000001 0 0.11716800000000005 0.23628699999999997 0.11547200000000001 0.012873000000000001 0.012925000000000001 0.012316000000000001 0.087074000000000013 0.20593000000000003 0.086394999999999972 0.0027400000000000002 0.0028400000000000005 0.0026579999999999998 0.00075599999999999994 0.00075000000000000002 0.00075099999999999993 1291.1303074319101 1291.1303074319101 1291.1303074319101 0.099308433530619147 0.099308433530619147 0.099308433530619147 1 1 1 Converged Converged Converged OK OK OK 67 67 67 67 67 67 5 5 5 0 0 0 0 1 0 0 1
154 154 uniform 0 23 1545 3 0.0001 0.59153612497821262 0.018450835627367181 4.0627603847825694e-05 0.0027806176409249819 0.0085357057783242117 0.0027887431616945469 0 0.0079278623216712616 1220.8957188447152 OK 14 13 0.44392799999999999 0.456737 0.114721 0.32736599999999999 0.202792 0 0.116562 0.25394499999999998 0.114721 0.012609 0.012668 0.011925 0.08685499999999996 0.22397500000000006 0.086055999999999966 0.002686 0.0027560000000000002 0.0026389999999999999 0.00073099999999999999 0.00072400000000000003 0.00072999999999999996 1220.8957188390464 1220.8957188390464 1220.8957188390464 0.074977043597786314 0.074977043597786314 0.074977043597786314 1 1 1 Converged Converged Converged OK OK OK 67 67 67 67 67 67 5 5 5 0 0 0 0 1 0 0 1
154 154 uniform 1 0 1546 0 0.001 0.59153612497821262 0.018450835627367181 4.0627603847825694e-05 0.0042793411591412816 0.0015663118148169901 0.0042712156383717167 0 0.0064453898449940913 2042.8771948902522 OK 14 13 0.50205200000000005 0.50316000000000005 0.12303500000000001 0.378666 0.37596400000000002 0 0.12338600000000005 0.12719600000000003 0.12303500000000001 0.012744 0.016414000000000002 0.012406 0.092602999999999963 0.092726999999999976 0.092415999999999998 0.002379 0.0024219999999999997 0.0023060000000000003 0.00058599999999999993 0.00062500000000000001 0.00062399999999999999 2042.8755138426945 2042.8755138426945 2042.8755138426945 1.5117545378174944 1.5117545378174944 1.5117545378174944 1 1 1 Converged Converged Converged OK OK OK 59 59 59 59 59 59 5 5 5 0 0 0 0 0 1 0 0
154 154 uniform 1 7 1546 1 0.001 0.59153612497821262 0.018450835627367181 4.0627603847825694e-05 0.0042793411591412816 0.0015663118148169901 0.0042761616075358 0 0.006440443875830008 2015.6316278787615 OK 14 13 0.48366399999999998 0.45290599999999998 0.112724 0.36953799999999998 0.23577500000000001 0 0.11412600000000001 0.21713099999999996 0.112724 0.011963 0.012059 0.011410999999999999 0.087511000000000005 0.19025699999999998 0.087137000000000034 0.002385 0.00233 0.0022759999999999998 0.00060800000000000003 0.0006069999999999999 0.00059199999999999997 2015.6299714710892 2015.6299714710892 2015.6299714710892 1.4952264528930839 1.4952264528930839 1.4952264528930839 1 1 1 Converged Converged Converged OK OK OK 59 59 59 59 59 59 5 5 5 0 0 0 0 1 0 0 1
154 154 uniform 1 15 1546 2 0.001 0.59153612497821262 0.018450835627367181 4.0627603847825694e-05 0.0042793411591412816 0.0015663118148169901 0.0042818141437233233 0 0.0064347913396424847 1962.6433103118845 OK 14 13 0.49930000000000002 0.44197199999999998 0.111676 0.38563500000000001 0.23911299999999999 0 0.11366500000000002 0.20285899999999998 0.111676 0.012057 0.011976000000000001 0.011431999999999999 0.086847000000000008 0.17587000000000003 0.086107000000000017 0.0022950000000000002 0.0024020000000000001 0.0023070000000000005 0.00059900000000000003 0.00059699999999999998 0.00057399999999999997 1962.641671739917 1962.641671739917 1962.641671739917 1.4706556796945032 1.4706556796945032 1.4706556796945032 1 1 1 Converged Converged Converged OK OK OK 59 59 59 59 59 59 5 5 5 0 0 0 0 1 0 0 1
154 154 uniform 1 23 1546 3 0.001 0.59153612497821262 0.018450835627367181 4.0627603847825694e-05 0.0042793411591412816 0.0015663118148169901 0.0042874666799108466 0 0.0064291388034549615 1889.3211315212795 OK 14 13 0.51727599999999996 0.470779 0.118078 0.39769599999999999 0.26619100000000001 0 0.11957999999999996 0.20458799999999999 0.118078 0.01231 0.012418 0.011669000000000001 0.092716000000000007 0.17743 0.092354000000000019 0.0023380000000000002 0.002366 0.0022890000000000002 0.00060000000000000006 0.00063199999999999997 0.00058299999999999997 1889.3194981057568 1889.3194981057568 1889.3194981057568 1.444152061057292 1.444152061057292 1.444152061057292 1 1 1 Converged Converged Converged OK OK OK 59 59 59 59 59 59 5 5 5 0 0 0 0 1 0 0 1
154 154 uniform 1 0 1546 0 0.0001 0.59153612497821262 0.018450835627367181 4.0627603847825694e-05 0.0042793411591412816 0.0015663118148169901 0.0042712156383717167 0 0.0064453898449940913 2042.8771948902522 OK 14 13 0.52049500000000004 0.52165899999999998 0.14379800000000001 0.37494100000000002 0.37569799999999998 0 0.14555400000000002 0.14596100000000001 0.14379800000000001 0.012942 0.012886999999999999 0.012323000000000001 0.11094300000000003 0.11097299999999997 0.110319 0.002833 0.0029710000000000006 0.0027450000000000005 0.00076500000000000005 0.0007809999999999999 0.00072400000000000003 2042.8771667038495 2042.8771667038495 2042.8771667038495 0.1933700874948342 0.1933700874948342 0.1933700874948342 1 1 1 Converged Converged Converged OK OK OK 67 67 67 67 67 67 5 5 5 0 0 0 0 0 1 0 0
154 154 uniform 1 7 1546 1 0.0001 0.59153612497821262 0.018450835627367181 4.0627603847825694e-05 0.0042793411591412816 0.0015663118148169901 0.0042761616075358 0 0.006440443875830008 2015.6316278787615 OK 14 13 0.50602000000000003 0.47480299999999998 0.13466700000000001 0.36702200000000001 0.23296900000000001 0 0.13899800000000001 0.24183399999999997 0.13466700000000001 0.011922 0.011963 0.011436 0.10983800000000001 0.21259899999999995 0.10647000000000002 0.0027699999999999999 0.002849 0.0026719999999999999 0.00071999999999999994 0.00075700000000000008 0.00071499999999999992 2015.6316241542277 2015.6316241542277 2015.6316241542277 0.1769918935160269 0.1769918935160269 0.1769918935160269 1 1 1 Converged Converged Converged OK OK OK 67 67 67 67 67 67 5 5 5 0 0 0 0 1 0 0 1
154 154 uniform 1 15 1546 2 0.0001 0.59153612497821262 0.018450835627367181 4.0627603847825694e-05 0.0042793411591412816 0.0015663118148169901 0.0042818141437233233 0 0.0064347913396424847 1962.6433103118845 OK 14 13 0.51983599999999996 0.46164300000000003 0.13413700000000001 0.38411800000000001 0.239174 0 0.13571799999999995 0.22246900000000003 0.13413700000000001 0.012086 0.012056000000000001 0.011428000000000001 0.10664600000000007 0.19334399999999999 0.10604599999999999 0.0026849999999999999 0.0027650000000000001 0.0027329999999999998 0.00074700000000000005 0.00073800000000000005 0.00071199999999999996 1962.6433242196549 1962.6433242196549 1962.6433242196549 0.15259238386012128 0.15259238386012128 0.15259238386012128 1 1 1 Converged Converged Converged OK OK OK 67 67 67 67 67 67 5 5 5 0 0 0 0 1 0 0 1
154 154 uniform 1 23 1546 3 0.0001 0.59153612497821262 0.018450835627367181 4.0627603847825694e-05 0.0042793411591412816 0.0015663118148169901 0.0042874666799108466 0 0.0064291388034549615 1889.3211315212795 OK 14 13 0.54159500000000005 0.49220599999999998 0.14153199999999999 0.39619500000000002 0.26474300000000001 0 0.14540000000000003 0.22746299999999997 0.14153199999999999 0.014678999999999999 0.012409 0.011681 0.11358499999999995 0.19776799999999997 0.11314000000000002 0.002836 0.0028189999999999999 0.002712 0.00072400000000000003 0.00075700000000000008 0.00074100000000000001 1889.3211503821235 1889.3211503821235 1889.3211503821235 0.12625998552034098 0.12625998552034098 0.12625998552034098 1 1 1 Converged Converged Converged OK OK OK 67 67 67 67 67 67 5 5 5 0 0 0 0 1 0 0 1
154 154 uniform 2 0 1547 0 0.001 0.59153612497821262 0.018450835627367181 4.0627603847825694e-05 0.0064177480249842283 -3.6827460958204961e-05 0.0064096225042146633 0 0.0043069829791511447 2950.2945990771223 OK 15 14 0.921454 0.91753200000000001 0.25170700000000001 0.676207 0.67203199999999996 0 0.24524699999999999 0.24550000000000005 0.25170700000000001 0.013377 0.013553000000000001 0.014322 0.19854500000000003 0.198715 0.20319299999999996 0.0042050000000000004 0.0041749999999999999 0.0044580000000000002 0.0010139999999999999 0.001042 0.001098 2950.2965134741889 2950.2965134741889 2950.2965134741889 2.3951851923746958 2.3951851923746958 2.3951851923746958 1 1 1 Converged Converged Converged OK OK OK 104 104 104 104 104 104 8 8 8 0 0 0 0 0 1 0 0
154 154 uniform 2 7 1547 1 0.001 0.59153612497821262 0.018450835627367181 4.0627603847825694e-05 0.0064177480249842283 -3.6827460958204961e-05 0.0064145684733787466 0 0.0043020370099870614 2969.0090882422664 OK 15 14 0.91287099999999999 0.85793699999999995 0.23991299999999999 0.678454 0.51158400000000004 0 0.23441699999999999 0.34635299999999991 0.23991299999999999 0.012548 0.012817 0.013235 0.19737000000000007 0.30854099999999984 0.20203200000000002 0.0041570000000000001 0.0042490000000000002 0.004363999999999999 0.0010300000000000001 0.0010319999999999999 0.0010820000000000001 2969.0087136716447 2969.0087136716447 2969.0087136716447 2.2283805830047174 2.2283805830047174 2.2283805830047174 1 1 1 Converged Converged Converged OK OK OK 104 104 104 104 104 104 8 8 8 0 0 0 0 1 0 0 1
154 154 uniform 2 15 1547 2 0.001 0.59153612497821262 0.018450835627367181 4.0627603847825694e-05 0.0064177480249842283 -3.6827460958204961e-05 0.0064202210095662699 0 0.0042963844737995381 2963.6434940945205 OK 15 14 0.87889799999999996 0.869672 0.234842 0.64815 0.51429599999999998 0 0.23074799999999995 0.35537600000000003 0.234842 0.012645 0.012795000000000001 0.013261999999999999 0.19067700000000007 0.31759799999999999 0.195438 0.0041400000000000005 0.0044240000000000008 0.0042729999999999999 0.0010170000000000001 0.001049 0.0010189999999999999 2963.6411700392887 2963.6411700392887 2963.6411700392887 2.0873542588400049 2.0873542588400049 2.0873542588400049 1 1 1 Converged Converged Converged OK OK OK 104 104 104 104 104 104 8 8 8 0 0 0 0 1 0 0 1
154 154 uniform 2 23 1547 3 0.001 0.59153612497821262 0.018450835627367181 4.0627603847825694e-05 0.0064177480249842283 -3.6827460958204961e-05 0.0064258735457537932 0 0.0042907319376120148 2944.2935690249342 OK 15 14 0.89842900000000003 0.88535600000000003 0.22650000000000001 0.66992399999999996 0.52888000000000002 0 0.22850500000000007 0.35647600000000002 0.22650000000000001 0.012605 0.012623000000000001 0.013077999999999999 0.19166299999999997 0.31833099999999986 0.18867599999999984 0.0041770000000000002 0.0046259999999999999 0.0040590000000000001 0.0010069999999999999 0.001023 0.00097900000000000005 2944.2931384958461 2944.2931384958461 2944.2931384958461 1.1260343894612781 1.1260343894612781 1.1260343894612781 1 1 1 Converged Converged Converged OK OK OK 104 104 104 104 104 104 8 8 8 0 0 0 0 1 0 0 1
154 154 uniform 2 0 1547 0 0.0001 0.59153612497821262 0.018450835627367181 4.0627603847825694e-05 0.0064177480249842283 -3.6827460958204961e-05 0.0064096225042146633 0 0.0043069829791511447 2950.2945990771223 OK 15 14 0.99274700000000005 0.97680500000000003 0.29931099999999999 0.68401999999999996 0.67061000000000004 0 0.30872700000000008 0.30619499999999999 0.29931099999999999 0.014586999999999999 0.013754000000000001 0.013075 0.24793000000000009 0.247002 0.24154999999999999 0.0059939999999999993 0.0058119999999999995 0.0058440000000000002 0.0013680000000000001 0.001395 0.0013670000000000002 2950.2946811274587 2950.2946811274587 2950.2946811274587 0.033962122206138826 0.033962122206138826 0.033962122206138826 1 1 1 Converged Converged Converged OK OK OK 136 136 136 136 136 136 8 8 8 0 0 0 0 0 1 0 0
154 154 uniform 2 7 1547 1 0.0001 0.59153612497821262 0.018450835627367181 4.0627603847825694e-05 0.0064177480249842283 -3.6827460958204961e-05 0.0064145684733787466 0 0.0043020370099870614 2969.0090882422664 OK 15 14 0.96757400000000005 0.990649 0.28368599999999999 0.68203899999999995 0.50923799999999997 0 0.28553500000000009 0.48141100000000003 0.28368599999999999 0.012603 0.012799 0.011854 0.24008299999999994 0.43546099999999993 0.23960900000000004 0.0058700000000000002 0.0058849999999999996 0.00577 0.001307 0.0013539999999999997 0.001289 2969.0091692788978 2969.0091692788978 2969.0091692788978 0.026575258330494515 0.026575258330494515 0.026575258330494515 1 1 1 Converged Converged Converged OK OK OK 136 136 136 136 136 136 8 8 8 0 0 0 0 1 0 0 1
154 154 uniform 2 15 1547 2 0.0001 0.59153612497821262 0.018450835627367181 4.0627603847825694e-05 0.0064177480249842283 -3.6827460958204961e-05 0.0064202210095662699 0 0.0042963844737995381 2963.6434940945205 OK 15 14 0.92737000000000003 0.97034399999999998 0.27807399999999999 0.65175700000000003 0.51233700000000004 0 0.275613 0.45800699999999994 0.27807399999999999 0.012517 0.012715000000000001 0.011856999999999999 0.23047599999999993 0.41162500000000002 0.23394300000000001 0.0058189999999999995 0.0059749999999999994 0.0057939999999999997 0.0013129999999999999 0.0014120000000000001 0.0012929999999999999 2963.6434622722672 2963.6434622722672 2963.6434622722672 0.030078974810397171 0.030078974810397171 0.030078974810397171 1 1 1 Converged Converged Converged OK OK OK 136 136 136 136 136 136 8 8 8 0 0 0 0 1 0 0 1
154 154 uniform 2 23 1547 3 0.0001 0.59153612497821262 0.018450835627367181 4.0627603847825694e-05 0.0064177480249842283 -3.6827460958204961e-05 0.0064258735457537932 0 0.0042907319376120148 2944.2935690249342 OK 15 14 0.95171099999999997 0.98935600000000001 0.28223300000000001 0.66951000000000005 0.52395199999999997 0 0.28220099999999992 0.46540400000000004 0.28223300000000001 0.012622 0.012787 0.011779 0.23667699999999992 0.41923600000000011 0.23765500000000012 0.0058760000000000001 0.0059020000000000001 0.0059170000000000004 0.001348 0.001335 0.0013179999999999999 2944.2935045120239 2944.2935045120239 2944.2935045120239 0.074844015700386471 0.074844015700386471 0.074844015700386471 1 1 1 Converged Converged Converged OK OK OK 136 136 136 136 136 136 8 8 8 0 0 0 0 1 0 0 1
154 154 uniform 3 0 1548 0 0.001 0.59153612497821262 0.018450835627367181 4.0627603847825694e-05 0.0034989683429848153 -0.01141575722444509 0.0034908428222152504 0 0.0072257626611505581 47.52646973210593 OK 13 12 0.37950400000000001 0.375527 0.065905000000000005 0.31291200000000002 0.30827700000000002 0 0.066591999999999985 0.067249999999999976 0.065905000000000005 0.0096570000000000007 0.0096849999999999992 0.0093939999999999996 0.044065000000000007 0.04457499999999999 0.043963999999999982 0.0017309999999999999 0.0017639999999999999 0.00173 0.00045100000000000001 0.000446 0.00043800000000000002 47.526469464223801 47.526469464223801 47.526469464223801 0.016742814380057758 0.016742814380057758 0.016742814380057758 1 1 1 Converged Converged Converged OK OK OK 37 37 37 37 37 37 3 3 3 0 0 0 0 0 1 0 0
154 154 uniform 3 7 1548 1 0.001 0.59153612497821262 0.018450835627367181 4.0627603847825694e-05 0.0034989683429848153 -0.01141575722444509 0.0034957887913793333 0 0.0072208166919864748 47.521537248501375 OK 13 12 0.36669800000000002 0.31834800000000002 0.060999999999999999 0.30441400000000002 0.17674799999999999 0 0.062284000000000006 0.14160000000000003 0.060999999999999999 0.0086040000000000005 0.0087410000000000005 0.0081869999999999998 0.041937999999999989 0.12122299999999998 0.041704999999999992 0.0017699999999999999 0.0017530000000000002 0.0017200000000000002 0.00044299999999999998 0.000437 0.00042199999999999996 47.521536981117549 47.521536981117549 47.521536981117549 0.016741102693590248 0.016741102693590248 0.016741102693590248 1 1 1 Converged Converged Converged OK OK OK 37 37 37 37 37 37 3 3 3 0 0 0 0 1 0 0 1
154 154 uniform 3 15 1548 2 0.001 0.59153612497821262 0.018450835627367181 4.0627603847825694e-05 0.0034989683429848153 -0.01141575722444509 0.003501441327566857 0 0.0072151641557989515 47.515914718341072 OK 13 12 0.371249 0.31109999999999999 0.064807000000000003 0.30483700000000002 0.17955599999999999 0 0.066411999999999971 0.13154399999999999 0.064807000000000003 0.0090889999999999999 0.0091299999999999992 0.0084460000000000004 0.045631999999999999 0.11070799999999999 0.045198000000000009 0.0017700000000000001 0.0018500000000000001 0.001743 0.00044799999999999999 0.000437 0.00042699999999999997 47.515914451027811 47.515914451027811 47.515914451027811 0.016739151550340017 0.016739151550340017 0.016739151550340017 1 1 1 Converged Converged Converged OK OK OK 37 37 37 37 37 37 3 3 3 0 0 0 0 1 0 0 1
154 154 uniform 3 23 1548 3 0.001 0.59153612497821262 0.018450835627367181 4.0627603847825694e-05 0.0034989683429848153 -0.01141575722444509 0.0035070938637543803 0 0.0072095116196114282 47.510307709601989 OK 13 12 0.36993900000000002 0.30959599999999998 0.063436000000000006 0.30502699999999999 0.17316899999999999 0 0.064912000000000025 0.13642699999999999 0.063436000000000006 0.0086390000000000008 0.0087639999999999992 0.0081930000000000006 0.044703 0.116129 0.044192000000000002 0.0017780000000000001 0.0017830000000000001 0.0017179999999999999 0.00045199999999999998 0.00044000000000000002 0.00042400000000000001 47.5103074419699 47.5103074419699 47.5103074419699 0.016737206093495979 0.016737206093495979 0.016737206093495979 1 1 1 Converged Converged Converged OK OK OK 37 37 37 37 37 37 3 3 3 0 0 0 0 1 0 0 1
154 154 uniform 3 0 1548 0 0.0001 0.59153612497821262 0.018450835627367181 4.0627603847825694e-05 0.0034989683429848153 -0.01141575722444509 0.0034908428222152504 0 0.0072257626611505581 47.52646973210593 OK 13 12 0.42828699999999997 0.425151 0.114449 0.31207499999999999 0.31005300000000002 0 0.11621199999999998 0.11509799999999998 0.114449 0.0099139999999999992 0.009757 0.0093740000000000004 0.08160400000000001 0.081205000000000013 0.081120000000000053 0.0033969999999999998 0.003385 0.003398 0.00066500000000000001 0.00065299999999999993 0.00067500000000000004 47.526469464376127 47.526469464376127 47.526469464376127 2.5419648268732615e-05 2.5419648268732615e-05 2.5419648268732615e-05 1 1 1 Converged Converged Converged OK OK OK 69 69 69 69 69 69 3 3 3 0 0 0 0 0 1 0 0
154 154 uniform 3 7 1548 1 0.0001 0.59153612497821262 0.018450835627367181 4.0627603847825694e-05 0.0034989683429848153 -0.01141575722444509 0.0034957887913793333 0 0.0072208166919864748 47.521537248501375 OK 13 12 0.41225400000000001 0.42614999999999997 0.106698 0.30407400000000001 0.17586299999999999 0 0.10818 0.25028699999999998 0.106698 0.0087060000000000002 0.0087799999999999996 0.0082570000000000005 0.078164000000000011 0.21995399999999996 0.077646000000000034 0.0033950000000000004 0.003447 0.0033569999999999997 0.00066300000000000007 0.00064999999999999997 0.00064500000000000007 47.521536981280768 47.521536981280768 47.521536981280768 2.542008829216797e-05 2.542008829216797e-05 2.542008829216797e-05 1 1 1 Converged Converged Converged OK OK OK 69 69 69 69 69 69 3 3 3 0 0 0 0 1 0 0 1
154 154 uniform 3 15 1548 2 0.0001 0.59153612497821262 0.018450835627367181 4.0627603847825694e-05 0.0034989683429848153 -0.01141575722444509 0.003501441327566857 0 0.0072151641557989515 47.515914718341072 OK 13 12 0.42556899999999998 0.412497 0.11326600000000001 0.31095400000000001 0.17511599999999999 0 0.11461499999999997 0.23738100000000001 0.11326600000000001 0.0089849999999999999 0.0090279999999999996 0.0085319999999999997 0.084174999999999986 0.20707999999999996 0.084126000000000006 0.003431 0.0034510000000000001 0.0033379999999999998 0.00068000000000000005 0.00064700000000000001 0.00063800000000000011 47.515914451211373 47.515914451211373 47.515914451211373 2.5420573589089986e-05 2.5420573589089986e-05 2.5420573589089986e-05 1 1 1 Converged Converged Converged OK OK OK 69 69 69 69 69 69 3 3 3 0 0 0 0 1 0 0 1
154 154 uniform 3 23 1548 3 0.0001 0.59153612497821262 0.018450835627367181 4.0627603847825694e-05 0.0034989683429848153 -0.01141575722444509 0.0035070938637543803 0 0.0072095116196114282 47.510307709601989 OK 13 12 0.41295700000000002 0.42545699999999997 0.110017 0.30157600000000001 0.17352300000000001 0 0.11138100000000001 0.25193399999999999 0.110017 0.0087530000000000004 0.0087729999999999995 0.0082480000000000001 0.081172000000000008 0.22145400000000001 0.081044000000000047 0.0034549999999999997 0.0034970000000000001 0.0033670000000000002 0.00065000000000000008 0.00068099999999999996 0.00065200000000000002 47.510307442212294 47.510307442212294 47.510307442212294 2.5421056379520162e-05 2.5421056379520162e-05 2.5421056379520162e-05 1 1 1 Converged Converged Converged OK OK OK 69 69 69 69 69 69 3 3 3 0 0 0 0 1 0 0 1
154 154 uniform 4 0 1549 0 0.001 0.59153612497821262 0.018450835627367181 4.0627603847825694e-05 1.0555221939610882 0.38123775717691893 1.0555140684403186 0 -1.0447974629569527 1.9375685769119924 OK 13 12 0.55025400000000002 0.549983 0.090259000000000006 0.45856400000000003 0.45911200000000002 0 0.091689999999999994 0.09087099999999998 0.090259000000000006 0.0089370000000000005 0.0088079999999999999 0.0086809999999999995 0.066551000000000013 0.066180000000000003 0.065877999999999992 0.0022420000000000001 0.0022110000000000003 0.002183 0.00058700000000000007 0.00054900000000000001 0.000553 1.9375685620738428 1.9375685620738428 1.9375685620738428 0.00068238169029630799 0.00068238169029630799 0.00068238169029630799 1 1 1 Converged Converged Converged OK OK OK 45 45 45 45 45 45 3 3 3 0 0 0 0 0 1 0 0
154 154 uniform 4 7 1549 1 0.001 0.59153612497821262 0.018450835627367181 4.0627603847825694e-05 1.0555221939610882 0.38123775717691893 1.0555190144094826 0 -1.0448024089261168 1.9379209483908708 OK 13 12 0.53328299999999995 0.490728 0.084009 0.44782899999999998 0.32241199999999998 0 0.085453999999999974 0.16831600000000002 0.084009 0.0081019999999999998 0.0081049999999999994 0.0077590000000000003 0.063380000000000006 0.14629199999999992 0.062885999999999984 0.0022319999999999996 0.0022490000000000001 0.002163 0.00056499999999999996 0.000553 0.00053600000000000002 1.937920933549887 1.937920933549887 1.937920933549887 0.00068250578246719729 0.00068250578246719729 0.00068250578246719729 1 1 1 Converged Converged Converged OK OK OK 45 45 45 45 45 45 3 3 3 0 0 0 0 1 0 0 1
154 154 uniform 4 15 1549 2 0.001 0.59153612497821262 0.018450835627367181 4.0627603847825694e-05 1.0555221939610882 0.38123775717691893 1.0555246669456702 0 -1.0448080614623043 1.9383244610902701 OK 13 12 0.42949199999999998 0.384739 0.091897999999999994 0.33567999999999998 0.206345 0 0.093812000000000006 0.178394 0.091897999999999994 0.0082220000000000001 0.0082120000000000005 0.0076309999999999998 0.071795999999999957 0.15615100000000004 0.070775999999999978 0.0022000000000000001 0.0022349999999999996 0.002183 0.00055500000000000005 0.00055000000000000003 0.0005399999999999999 1.9383244462476454 1.9383244462476454 1.9383244462476454 0.00068264789403294467 0.00068264789403294467 0.00068264789403294467 1 1 1 Converged Converged Converged OK OK OK 45 45 45 45 45 45 3 3 3 0 0 0 0 1 0 0 1
154 154 uniform 4 23 1549 3 0.001 0.59153612497821262 0.018450835627367181 4.0627603847825694e-05 1.0555221939610882 0.38123775717691893 1.0555303194818577 0 -1.0448137139984919 1.9387288326027527 OK 13 12 0.42549599999999999 0.38889000000000001 0.089183999999999999 0.33444699999999999 0.206876 0 0.091048999999999991 0.18201400000000001 0.089183999999999999 0.0081089999999999999 0.0082199999999999999 0.0075820000000000002 0.069013000000000005 0.15964800000000001 0.068178000000000002 0.0022230000000000001 0.002258 0.0021510000000000001 0.00054299999999999997 0.00055599999999999996 0.00053600000000000002 1.9387288177513431 1.9387288177513431 1.9387288177513431 0.00068279029721973186 0.00068279029721973186 0.00068279029721973186 1 1 1 Converged Converged Converged OK OK OK 45 45 45 45 45 45 3 3 3 0 0 0 0 1 0 0 1
154 154 uniform 4 0 1549 0 0.0001 0.59153612497821262 0.018450835627367181 4.0627603847825694e-05 1.0555221939610882 0.38123775717691893 1.0555140684403186 0 -1.0447974629569527 1.9375685769119924 OK 13 12 0.61280999999999997 0.61148199999999997 0.145263 0.46566000000000002 0.46457500000000002 0 0.14714999999999995 0.14690699999999995 0.145263 0.0089840000000000007 0.0089960000000000005 0.0085190000000000005 0.11003799999999997 0.11036199999999997 0.10988100000000003 0.0044359999999999998 0.0039300000000000003 0.0039179999999999996 0.00077800000000000005 0.00078699999999999994 0.00077400000000000006 1.9375685620849139 1.9375685620849139 1.9375685620849139 0.00013880748985256323 0.00013880748985256323 0.00013880748985256323 1 1 1 Converged Converged Converged OK OK OK 77 77 77 77 77 77 3 3 3 0 0 0 0 0 1 0 0
154 154 uniform 4 7 1549 1 0.0001 0.59153612497821262 0.018450835627367181 4.0627603847825694e-05 1.0555221939610882 0.38123775717691893 1.0555190144094826 0 -1.0448024089261168 1.9379209483908708 OK 13 12 0.58413899999999996 0.61461699999999997 0.139014 0.44377299999999997 0.31945000000000001 0 0.14036599999999999 0.29516699999999996 0.139014 0.0081469999999999997 0.00826 0.0076499999999999997 0.10854700000000002 0.26278800000000008 0.10821500000000002 0.0039259999999999998 0.0039509999999999997 0.0038430000000000001 0.00076200000000000009 0.00079299999999999998 0.000767 1.9379209335587746 1.9379209335587746 1.9379209335587746 0.00013881016080029732 0.00013881016080029732 0.00013881016080029732 1 1 1 Converged Converged Converged OK OK OK 77 77 77 77 77 77 3 3 3 0 0 0 0 1 0 0 1
154 154 uniform 4 15 1549 2 0.0001 0.59153612497821262 0.018450835627367181 4.0627603847825694e-05 1.0555221939610882 0.38123775717691893 1.0555246669456702 0 -1.0448080614623043 1.9383244610902701 OK 13 12 0.48542200000000002 0.50561299999999998 0.145538 0.33820800000000001 0.20543 0 0.14721400000000001 0.30018299999999998 0.145538 0.0082299999999999995 0.0082869999999999992 0.0075929999999999999 0.11534500000000002 0.26766999999999996 0.114694 0.0039310000000000005 0.0039709999999999997 0.003826 0.00077900000000000007 0.00079200000000000006 0.00077300000000000003 1.9383244462571758 1.9383244462571758 1.9383244462571758 0.00013881321489500096 0.00013881321489500096 0.00013881321489500096 1 1 1 Converged Converged Converged OK OK OK 77 77 77 77 77 77 3 3 3 0 0 0 0 1 0 0 1
154 154 uniform 4 23 1549 3 0.0001 0.59153612497821262 0.018450835627367181 4.0627603847825694e-05 1.0555221939610882 0.38123775717691893 1.0555303194818577 0 -1.0448137139984919 1.9387288326027527 OK 13 12 0.48261199999999999 0.498886 0.149115 0.33179500000000001 0.20618400000000001 0 0.15081699999999998 0.29270200000000002 0.149115 0.0081150000000000007 0.0083459999999999993 0.0076309999999999998 0.118884 0.25999399999999989 0.11836999999999998 0.0038670000000000002 0.0040010000000000002 0.0038530000000000001 0.00075900000000000002 0.00079600000000000005 0.00078799999999999996 1.9387288177611592 1.9387288177611592 1.9387288177611592 0.00013881626921519958 0.00013881626921519958 0.00013881626921519958 1 1 1 Converged Converged Converged OK OK OK 77 77 77 77 77 77 3 3 3 0 0 0 0 1 0 0 1
155 155 linear 0 0 1550 0 0.001 1.0800372756406553 0.00017934687061700819 0.052521802524105855 -0.10931789877563355 0.0014519700639165798 -0.11982225928045473 0.5 0.12001592585249696 8.7042399432127038 OK 17 16 0.937774 0.931091 0.34780100000000003 0.59116000000000002 0.58211400000000002 0 0.34661399999999998 0.34897699999999998 0.34780100000000003 0.017946 0.018422999999999998 0.018155000000000001 0.28191099999999997 0.283858 0.28204699999999999 0.0055209999999999999 0.0061010000000000014 0.0060900000000000008 0.0013189999999999999 0.0013799999999999999 0.001457 8.7041700711269723 8.7041700711269723 8.7041700711269723 0.0061825542709125882 0.0061825542709125882 0.0061825542709125882 1 1 1 Converged Converged Converged OK OK OK 123 123 123 123 123 123 13 13 13 0 0 0 0 0 1 0 0
155 155 linear 0 7 1550 1 0.001 1.0800372756406553 0.00017934687061700819 0.052521802524105855 -0.10931789877563355 0.0014519700639165798 -0.11342830071230271 0.5 0.11362196728434494 9.2002304872596756 OK 17 16 0.90891900000000003 0.7339 0.35289300000000001 0.56516599999999995 0.38946199999999997 0 0.34375300000000009 0.34443800000000002 0.35289300000000001 0.016441000000000001 0.016178999999999999 0.016752 0.29517300000000007 0.29739300000000002 0.30368699999999998 0.0062830000000000004 0.0057449999999999992 0.0067869999999999996 0.0012499999999999998 0.001191 0.001237 9.2001164832833648 9.2001164832833648 9.2001164832833648 0.0068771347042020257 0.0068771347042020257 0.0068771347042020257 1 1 1 Converged Converged Converged OK OK OK 123 123 123 123 123 123 13 13 13 0 0 0 0 1 0 0 1
155 155 linear 0 15 1550 2 0.001 1.0800372756406553 0.00017934687061700819 0.052521802524105855 -0.10931789877563355 0.0014519700639165798 -0.10612091949155754 0.5 0.10631458606359977 9.8432768960818038 OK 18 17 0.81813599999999997 0.65740399999999999 0.43818299999999999 0.39242700000000003 0.22972300000000001 0 0.42570899999999995 0.42768099999999998 0.43818299999999999 0.020272999999999999 0.020628000000000001 0.020702000000000002 0.36760500000000002 0.36999700000000002 0.3807839999999999 0.0068450000000000004 0.0066570000000000006 0.0060289999999999996 0.0014 0.001431 0.001291 9.8432563757454901 9.8432563757454901 9.8432563757454901 0.0067034504735624138 0.0067034504735624138 0.0067034504735624138 1 1 1 Converged Converged Converged OK OK OK 130 130 130 130 130 130 14 14 14 0 0 0 0 1 0 0 1
155 155 linear 0 23 1550 3 0.001 1.0800372756406553 0.00017934687061700819 0.052521802524105855 -0.10931789877563355 0.0014519700639165798 -0.098813538270812379 0.5 0.099007204842854607 10.591228377196165 OK 17 16 0.82228100000000004 0.66098000000000001 0.270561 0.55098400000000003 0.37716 0 0.27129700000000001 0.28382000000000002 0.270561 0.017063999999999999 0.017375000000000002 0.016820000000000002 0.22629999999999995 0.23831400000000005 0.22543899999999986 0.0050680000000000005 0.0054619999999999998 0.0061570000000000001 0.0012719999999999999 0.0014500000000000001 0.001204 10.591226216431631 10.591226216431631 10.591226216431631 0.0072075253191523879 0.0072075253191523879 0.0072075253191523879 1 1 1 Converged Converged Converged OK OK OK 102 102 102 102 102 102 10 10 10 0 0 0 0 1 0 0 1
155 155 linear 0 0 1550 0 0.0001 1.0800372756406553 0.00017934687061700819 0.052521802524105855 -0.10931789877563355 0.0014519700639165798 -0.11982225928045473 0.5 0.12001592585249696 8.7042399432127038 OK 17 16 1.109308 1.092533 0.50355399999999995 0.60000500000000001 0.58430400000000005 0 0.50930299999999995 0.50822899999999993 0.50355399999999995 0.019195 0.018787999999999999 0.01796 0.41317999999999966 0.41114000000000001 0.40725899999999998 0.0098289999999999992 0.010490999999999999 0.010871000000000002 0.0021250000000000002 0.0025609999999999995 0.0023749999999999999 8.7042177709053004 8.7042177709053004 8.7042177709053004 0.0002944682167966949 0.0002944682167966949 0.0002944682167966949 1 1 1 Converged Converged Converged OK OK OK 187 187 187 187 187 187 13 13 13 0 0 0 0 0 1 0 0
155 155 linear 0 7 1550 1 0.0001 1.0800372756406553 0.00017934687061700819 0.052521802524105855 -0.10931789877563355 0.0014519700639165798 -0.11342830071230271 0.5 0.11362196728434494 9.2002304872596756 OK 17 16 1.0543750000000001 0.91041700000000003 0.47983999999999999 0.56782999999999995 0.39565099999999997 0 0.48654500000000012 0.51476600000000006 0.47983999999999999 0.015991999999999999 0.016892000000000001 0.015632 0.4193450000000003 0.44522500000000009 0.41440099999999974 0.010227000000000002 0.010717999999999998 0.0099030000000000003 0.002215 0.0023579999999999999 0.0022690000000000002 9.2001938853660619 9.2001938853660619 9.2001938853660619 0.00042345637441251337 0.00042345637441251337 0.00042345637441251337 1 1 1 Converged Converged Converged OK OK OK 187 187 187 187 187 187 13 13 13 0 0 0 0 1 0 0 1
155 155 linear 0 15 1550 2 0.0001 1.0800372756406553 0.00017934687061700819 0.052521802524105855 -0.10931789877563355 0.0014519700639165798 -0.10612091949155754 0.5 0.10631458606359977 9.8432768960818038 OK 18 17 0.90924099999999997 0.76868300000000001 0.51215999999999995 0.39425199999999999 0.22477900000000001 0 0.51498899999999992 0.54390399999999994 0.51215999999999995 0.019963000000000002 0.020261000000000001 0.019352999999999999 0.44195200000000018 0.47038600000000014 0.44148799999999994 0.010575000000000001 0.010931 0.009639 0.0024750000000000002 0.0024719999999999998 0.0022950000000000002 9.8432603545357136 9.8432603545357136 9.8432603545357136 0.00086539896342462835 0.00086539896342462835 0.00086539896342462835 1 1 1 Converged Converged Converged OK OK OK 178 178 178 178 178 178 14 14 14 0 0 0 0 1 0 0 1
155 155 linear 0 23 1550 3 0.0001 1.0800372756406553 0.00017934687061700819 0.052521802524105855 -0.10931789877563355 0.0014519700639165798 -0.098813538270812379 0.5 0.099007204842854607 10.591228377196165 OK 17 16 0.92271400000000003 0.77316200000000002 0.36519299999999999 0.55835400000000002 0.38415300000000002 0 0.36436000000000002 0.38900899999999999 0.36519299999999999 0.016985 0.016955000000000001 0.017073000000000001 0.3033570000000001 0.32763000000000003 0.3009460000000001 0.0085889999999999994 0.0089249999999999989 0.011975 0.0019070000000000003 0.0021540000000000001 0.0020439999999999998 10.591231195197548 10.591231195197548 10.591231195197548 0.00089019318254609701 0.00089019318254609701 0.00089019318254609701 1 1 1 Converged Converged Converged OK OK OK 150 150 150 150 150 150 10 10 10 0 0 0 0 1 0 0 1
155 155 linear 1 0 1551 0 0.001 1.0800372756406553 0.00017934687061700819 0.052521802524105855 -0.0067839114482867377 0.0319859024332802 -0.017288271953107909 0.5 0.017481938525150141 33.450548025015607 OK 13 12 0.51813399999999998 0.513652 0.18646799999999999 0.32215500000000002 0.323934 0 0.19597899999999996 0.189718 0.18646799999999999 0.0097590000000000003 0.0099710000000000007 0.0093229999999999997 0.16156300000000001 0.15629499999999988 0.15506699999999993 0.0037290000000000001 0.0032580000000000005 0.0029460000000000003 0.00085599999999999999 0.00074100000000000001 0.0006829999999999999 33.450771225945822 33.450771225945822 33.450771225945822 0.032743974942736342 0.032743974942736342 0.032743974942736342 1 1 1 Converged Converged Converged OK OK OK 73 73 73 73 73 73 7 7 7 0 0 0 0 0 1 0 0
155 155 linear 1 7 1551 1 0.001 1.0800372756406553 0.00017934687061700819 0.052521802524105855 -0.0067839114482867377 0.0319859024332802 -0.010894313384955891 0.5 0.011087979956998123 34.499236682241403 OK 13 12 0.70207399999999998 0.52324800000000005 0.17804400000000001 0.51743899999999998 0.338314 0 0.18463499999999999 0.18493400000000004 0.17804400000000001 0.0087320000000000002 0.0090449999999999992 0.0080420000000000005 0.15893400000000002 0.15766799999999997 0.15346499999999996 0.0029989999999999991 0.0035049999999999999 0.0030709999999999995 0.00067499999999999993 0.00078199999999999993 0.00066800000000000008 34.499337846286672 34.499337846286672 34.499337846286672 0.033367913669684841 0.033367913669684841 0.033367913669684841 1 1 1 Converged Converged Converged OK OK OK 73 73 73 73 73 73 7 7 7 0 0 0 0 1 0 0 1
155 155 linear 1 15 1551 2 0.001 1.0800372756406553 0.00017934687061700819 0.052521802524105855 -0.0067839114482867377 0.0319859024332802 -0.0035869321642107285 0.5 0.0037805987362529601 35.107186373446162 OK 13 12 0.54176899999999995 0.36293999999999998 0.17926500000000001 0.35158400000000001 0.1769 0 0.19018499999999994 0.18603999999999998 0.17926500000000001 0.0090580000000000001 0.0089599999999999992 0.0080249999999999991 0.16240400000000002 0.15897400000000006 0.15500800000000003 0.0037400000000000003 0.0036430000000000004 0.002862 0.00090100000000000011 0.00085800000000000004 0.00065099999999999989 35.107302779490617 35.107302779490617 35.107302779490617 0.033989590319568226 0.033989590319568226 0.033989590319568226 1 1 1 Converged Converged Converged OK OK OK 73 73 73 73 73 73 7 7 7 0 0 0 0 1 0 0 1
155 155 linear 1 23 1551 3 0.001 1.0800372756406553 0.00017934687061700819 0.052521802524105855 -0.0067839114482867377 0.0319859024332802 0.0037204490565344341 0.5 -0.0035267824844922024 35.102980045671686 OK 13 12 0.52551999999999999 0.340447 0.17943500000000001 0.33731800000000001 0.15443499999999999 0 0.18820199999999998 0.18601200000000001 0.17943500000000001 0.0088430000000000002 0.0087899999999999992 0.0081180000000000002 0.16124099999999994 0.16019699999999995 0.15518699999999999 0.0035630000000000002 0.0030539999999999999 0.002836 0.00075899999999999991 0.00068199999999999999 0.00065400000000000007 35.103048502558948 35.103048502558948 35.103048502558948 0.034530007533146091 0.034530007533146091 0.034530007533146091 1 1 1 Converged Converged Converged OK OK OK 73 73 73 73 73 73 7 7 7 0 0 0 0 1 0 0 1
155 155 linear 1 0 1551 0 0.0001 1.0800372756406553 0.00017934687061700819 0.052521802524105855 -0.0067839114482867377 0.0319859024332802 -0.017288271953107909 0.5 0.017481938525150141 33.450548025015607 OK 13 12 0.56892600000000004 0.56617600000000001 0.236675 0.32246799999999998 0.32450899999999999 0 0.24645800000000007 0.24166700000000002 0.236675 0.0095820000000000002 0.0098169999999999993 0.0095029999999999993 0.20541099999999995 0.20088799999999993 0.19656099999999996 0.0041729999999999996 0.0043490000000000004 0.0043479999999999994 0.00099099999999999991 0.00099799999999999997 0.00098499999999999998 33.450796265691437 33.450796265691437 33.450796265691437 0.0026239572424682001 0.0026239572424682001 0.0026239572424682001 1 1 1 Converged Converged Converged OK OK OK 97 97 97 97 97 97 7 7 7 0 0 0 0 0 1 0 0
155 155 linear 1 7 1551 1 0.0001 1.0800372756406553 0.00017934687061700819 0.052521802524105855 -0.0067839114482867377 0.0319859024332802 -0.010894313384955891 0.5 0.011087979956998123 34.499236682241403 OK 13 12 0.74394800000000005 0.56981499999999996 0.22478100000000001 0.51073000000000002 0.34034500000000001 0 0.23321800000000004 0.22946999999999995 0.22478100000000001 0.0087360000000000007 0.0088140000000000007 0.0081689999999999992 0.20095800000000003 0.19765100000000002 0.19421600000000003 0.0045919999999999997 0.0043820000000000005 0.0042369999999999994 0.001036 0.00097300000000000002 0.00096800000000000011 34.499364139511982 34.499364139511982 34.499364139511982 0.0026402994162450814 0.0026402994162450814 0.0026402994162450814 1 1 1 Converged Converged Converged OK OK OK 97 97 97 97 97 97 7 7 7 0 0 0 0 1 0 0 1
155 155 linear 1 15 1551 2 0.0001 1.0800372756406553 0.00017934687061700819 0.052521802524105855 -0.0067839114482867377 0.0319859024332802 -0.0035869321642107285 0.5 0.0037805987362529601 35.107186373446162 OK 13 12 0.58315300000000003 0.41047600000000001 0.22507099999999999 0.34959400000000002 0.17829999999999999 0 0.23355900000000002 0.23217600000000002 0.22507099999999999 0.0088959999999999994 0.008822 0.0081480000000000007 0.20098399999999994 0.19956800000000002 0.19493700000000003 0.0047320000000000001 0.0049410000000000001 0.0041980000000000003 0.0010219999999999999 0.001026 0.00095800000000000008 35.107330515013814 35.107330515013814 35.107330515013814 0.0026533205292709958 0.0026533205292709958 0.0026533205292709958 1 1 1 Converged Converged Converged OK OK OK 97 97 97 97 97 97 7 7 7 0 0 0 0 1 0 0 1
155 155 linear 1 23 1551 3 0.0001 1.0800372756406553 0.00017934687061700819 0.052521802524105855 -0.0067839114482867377 0.0319859024332802 0.0037204490565344341 0.5 -0.0035267824844922024 35.102980045671686 OK 13 12 0.56645199999999996 0.39031500000000002 0.225243 0.33286300000000002 0.15958600000000001 0 0.23358899999999994 0.23072900000000002 0.225243 0.0086770000000000007 0.0087010000000000004 0.0080909999999999992 0.20202300000000009 0.19875700000000002 0.19548999999999997 0.0043190000000000008 0.0046509999999999998 0.0039739999999999992 0.00097300000000000012 0.0010560000000000001 0.00093700000000000001 35.103077688736228 35.103077688736228 35.103077688736228 0.0026584892484768645 0.0026584892484768645 0.0026584892484768645 1 1 1 Converged Converged Converged OK OK OK 97 97 97 97 97 97 7 7 7 0 0 0 0 1 0 0 1
155 155 linear 2 0 1552 0 0.001 1.0800372756406553 0.00017934687061700819 0.052521802524105855 -0.1878429637364214 -0.045569169014028549 -0.19834732424124257 0.5 0.1985409908132848 5.052043674967635 OK 16 15 0.77888900000000005 0.773648 0.278638 0.491151 0.49223800000000001 0 0.28773800000000005 0.28140999999999999 0.278638 0.014049000000000001 0.014102999999999999 0.013838 0.23066200000000003 0.2245370000000001 0.22279899999999997 0.0065980000000000006 0.0067930000000000004 0.0065269999999999998 0.0014380000000000003 0.001456 0.0013120000000000002 5.0520356907363828 5.0520356907363828 5.0520356907363828 0.00286378541851764 0.00286378541851764 0.00286378541851764 1 1 1 Converged Converged Converged OK OK OK 118 118 118 118 118 118 10 10 10 0 0 0 0 0 1 0 0
155 155 linear 2 7 1552 1 0.001 1.0800372756406553 0.00017934687061700819 0.052521802524105855 -0.1878429637364214 -0.045569169014028549 -0.19195336567309054 0.5 0.19214703224513277 5.2194530070000535 OK 15 14 0.65179699999999996 0.49341400000000002 0.28031899999999998 0.35760700000000001 0.20003499999999999 0 0.29418999999999995 0.29337900000000006 0.28031899999999998 0.0098799999999999999 0.010296 0.0093650000000000001 0.2562020000000001 0.25811200000000017 0.24804300000000012 0.0049109999999999996 0.0053249999999999999 0.0045470000000000007 0.0012380000000000002 0.001253 0.0011020000000000001 5.2194372140056524 5.2194372140056524 5.2194372140056524 0.0051347052023614182 0.0051347052023614182 0.0051347052023614182 1 1 1 Converged Converged Converged OK OK OK 109 109 109 109 109 109 11 11 11 0 0 0 0 1 0 0 1
155 155 linear 2 15 1552 2 0.001 1.0800372756406553 0.00017934687061700819 0.052521802524105855 -0.1878429637364214 -0.045569169014028549 -0.1846459844523454 0.5 0.18483965102438762 5.4151121804146634 OK 15 14 0.77667299999999995 0.62214499999999995 0.31487900000000002 0.45531199999999999 0.29191899999999998 0 0.32136099999999995 0.33022599999999996 0.31487900000000002 0.0096380000000000007 0.0099690000000000004 0.0087089999999999997 0.28753600000000012 0.2959230000000001 0.28303700000000015 0.0045689999999999993 0.0052939999999999992 0.0045090000000000009 0.0012949999999999999 0.001206 0.001173 5.415083349684406 5.415083349684406 5.415083349684406 0.0051686367293961796 0.0051686367293961796 0.0051686367293961796 1 1 1 Converged Converged Converged OK OK OK 109 109 109 109 109 109 11 11 11 0 0 0 0 1 0 0 1
155 155 linear 2 23 1552 3 0.001 1.0800372756406553 0.00017934687061700819 0.052521802524105855 -0.1878429637364214 -0.045569169014028549 -0.17733860323160022 0.5 0.17753226980364245 5.6218281860901254 OK 15 14 0.76944400000000002 0.632799 0.317247 0.43878800000000001 0.27918700000000002 0 0.33065600000000001 0.35361199999999998 0.317247 0.0097289999999999998 0.010070000000000001 0.0089630000000000005 0.28876400000000002 0.31032000000000026 0.27890700000000007 0.0062840000000000005 0.0071709999999999986 0.0052589999999999998 0.0014729999999999999 0.0014529999999999999 0.0013559999999999998 5.6217770684900499 5.6217770684900499 5.6217770684900499 0.0022942777996588126 0.0022942777996588126 0.0022942777996588126 1 1 1 Converged Converged Converged OK OK OK 125 125 125 125 125 125 11 11 11 0 0 0 0 1 0 0 1
155 155 linear 2 0 1552 0 0.0001 1.0800372756406553 0.00017934687061700819 0.052521802524105855 -0.1878429637364214 -0.045569169014028549 -0.19834732424124257 0.5 0.1985409908132848 5.052043674967635 OK 16 15 0.84336299999999997 0.831152 0.34559400000000001 0.49978800000000001 0.49315100000000001 0 0.34357499999999996 0.338001 0.34559400000000001 0.014128999999999999 0.014139000000000001 0.013941 0.27509600000000001 0.26922299999999988 0.27557300000000001 0.0075090000000000009 0.0076299999999999996 0.0083320000000000009 0.0018699999999999999 0.0017930000000000003 0.001946 5.0520426267476779 5.0520426267476779 5.0520426267476779 0.00032110507456600243 0.00032110507456600243 0.00032110507456600243 1 1 1 Converged Converged Converged OK OK OK 150 150 150 150 150 150 10 10 10 0 0 0 0 0 1 0 0
155 155 linear 2 7 1552 1 0.0001 1.0800372756406553 0.00017934687061700819 0.052521802524105855 -0.1878429637364214 -0.045569169014028549 -0.19195336567309054 0.5 0.19214703224513277 5.2194530070000535 OK 15 14 0.76395000000000002 0.61733099999999996 0.38815699999999997 0.36347099999999999 0.19905900000000001 0 0.40047900000000003 0.41827199999999998 0.38815699999999997 0.010071 0.0097660000000000004 0.0092060000000000006 0.34840500000000013 0.36777800000000005 0.33896799999999994 0.0084899999999999993 0.0081040000000000001 0.0083440000000000007 0.0019639999999999996 0.0019729999999999999 0.0018919999999999998 5.2194564820506999 5.2194564820506999 5.2194564820506999 0.00032323430645768788 0.00032323430645768788 0.00032323430645768788 1 1 1 Converged Converged Converged OK OK OK 165 165 165 165 165 165 11 11 11 0 0 0 0 1 0 0 1
155 155 linear 2 15 1552 2 0.0001 1.0800372756406553 0.00017934687061700819 0.052521802524105855 -0.1878429637364214 -0.045569169014028549 -0.1846459844523454 0.5 0.18483965102438762 5.4151121804146634 OK 15 14 0.88580599999999998 0.75129699999999999 0.41862199999999999 0.45438499999999998 0.29396 0 0.431421 0.45733699999999999 0.41862199999999999 0.0097490000000000007 0.0098720000000000006 0.0086339999999999993 0.38320399999999999 0.40764399999999973 0.37316800000000006 0.0080350000000000005 0.0088599999999999998 0.0076369999999999988 0.0021270000000000004 0.0019350000000000001 0.0019350000000000001 5.4151156543544721 5.4151156543544721 5.4151156543544721 0.00014388579616156114 0.00014388579616156114 0.00014388579616156114 1 1 1 Converged Converged Converged OK OK OK 165 165 165 165 165 165 11 11 11 0 0 0 0 1 0 0 1
155 155 linear 2 23 1552 3 0.0001 1.0800372756406553 0.00017934687061700819 0.052521802524105855 -0.1878429637364214 -0.045569169014028549 -0.17733860323160022 0.5 0.17753226980364245 5.6218281860901254 OK 15 14 0.82152099999999995 0.71402100000000002 0.36705900000000002 0.44442599999999999 0.28940399999999999 0 0.37709499999999996 0.42461700000000002 0.36705900000000002 0.0097719999999999994 0.011212 0.0088719999999999997 0.3303770000000002 0.37198000000000003 0.3232420000000002 0.008201 0.0098200000000000006 0.0072229999999999994 0.001694 0.0020010000000000002 0.001738 5.6218175325198914 5.6218175325198914 5.6218175325198914 0.00051309036585492275 0.00051309036585492275 0.00051309036585492275 1 1 1 Converged Converged Converged OK OK OK 157 157 157 157 157 157 11 11 11 0 0 0 0 1 0 0 1
155 155 linear 3 0 1553 0 0.001 1.0800372756406553 0.00017934687061700819 0.052521802524105855 0.072989548041418217 -0.039686434982595498 0.062485187536597042 0.5 -0.062291520964554807 14.50733808213562 OK 16 15 0.64514000000000005 0.64297700000000002 0.26356499999999999 0.37861 0.37571700000000002 0 0.26653000000000004 0.26726 0.26356499999999999 0.015949999999999999 0.016352999999999999 0.016098000000000001 0.20929699999999998 0.20724400000000001 0.20530599999999996 0.005228 0.0060390000000000001 0.0057370000000000008 0.001217 0.00141 0.001294 14.50733196842687 14.50733196842687 14.50733196842687 0.011594597718153219 0.011594597718153219 0.011594597718153219 1 1 1 Converged Converged Converged OK OK OK 110 110 110 110 110 110 10 10 10 0 0 0 0 0 1 0 0
155 155 linear 3 7 1553 1 0.001 1.0800372756406553 0.00017934687061700819 0.052521802524105855 0.072989548041418217 -0.039686434982595498 0.068879146104749059 0.5 -0.068685479532706831 13.363739479615175 OK 16 15 0.70055599999999996 0.548234 0.24396100000000001 0.44753399999999999 0.28710599999999997 0 0.25302199999999997 0.26112800000000003 0.24396100000000001 0.014931 0.015164 0.014546 0.20865099999999998 0.21581899999999993 0.19986500000000001 0.0051460000000000004 0.0055910000000000005 0.0055160000000000001 0.0012000000000000001 0.001371 0.001302 13.363708220297921 13.363708220297921 13.363708220297921 0.0064868359054217296 0.0064868359054217296 0.0064868359054217296 1 1 1 Converged Converged Converged OK OK OK 110 110 110 110 110 110 10 10 10 0 0 0 0 1 0 0 1
155 155 linear 3 15 1553 2 0.001 1.0800372756406553 0.00017934687061700819 0.052521802524105855 0.072989548041418217 -0.039686434982595498 0.076186527325494233 0.5 -0.075992860753452005 12.250938798029736 OK 16 15 0.76145200000000002 0.61026400000000003 0.257996 0.48868899999999998 0.32323499999999999 0 0.27276300000000003 0.28702900000000003 0.257996 0.014768 0.014659999999999999 0.013618 0.22274699999999995 0.24245399999999998 0.21559899999999996 0.0057630000000000008 0.0058230000000000001 0.0052889999999999994 0.001209 0.0012189999999999998 0.0012160000000000001 12.250984296962125 12.250984296962125 12.250984296962125 0.0096433918857413547 0.0096433918857413547 0.0096433918857413547 1 1 1 Converged Converged Converged OK OK OK 110 110 110 110 110 110 10 10 10 0 0 0 0 1 0 0 1
155 155 linear 3 23 1553 3 0.001 1.0800372756406553 0.00017934687061700819 0.052521802524105855 0.072989548041418217 -0.039686434982595498 0.083493908546239393 0.5 -0.083300241974197164 11.302683352063333 OK 15 14 0.759876 0.63483699999999998 0.30065700000000001 0.44684299999999999 0.27799099999999999 0 0.31303300000000001 0.356846 0.30065700000000001 0.012186000000000001 0.012319 0.011634 0.25306100000000004 0.29700999999999972 0.24377500000000007 0.010214999999999998 0.010447 0.0094289999999999999 0.0016709999999999997 0.0017110000000000001 0.001691 11.30266025322822 11.30266025322822 11.30266025322822 0.0076873799364637454 0.0076873799364637454 0.0076873799364637454 1 1 1 Converged Converged Converged OK OK OK 160 160 160 160 160 160 8 8 8 0 0 0 0 1 0 0 1
155 155 linear 3 0 1553 0 0.0001 1.0800372756406553 0.00017934687061700819 0.052521802524105855 0.072989548041418217 -0.039686434982595498 0.062485187536597042 0.5 -0.062291520964554807 14.50733808213562 OK 16 15 0.71404900000000004 0.70065200000000005 0.33788899999999999 0.37952900000000001 0.369759 0 0.33452000000000004 0.33089300000000005 0.33788899999999999 0.017596000000000001 0.017259 0.016303000000000002 0.25797900000000007 0.25443399999999999 0.26025199999999993 0.0077610000000000005 0.0084849999999999995 0.0096340000000000002 0.0018529999999999998 0.002003 0.0018979999999999999 14.507328745711119 14.507328745711119 14.507328745711119 0.0014418462025527585 0.0014418462025527585 0.0014418462025527585 1 1 1 Converged Converged Converged OK OK OK 142 142 142 142 142 142 10 10 10 0 0 0 0 0 1 0 0
155 155 linear 3 7 1553 1 0.0001 1.0800372756406553 0.00017934687061700819 0.052521802524105855 0.072989548041418217 -0.039686434982595498 0.068879146104749059 0.5 -0.068685479532706831 13.363739479615175 OK 16 15 0.80078800000000006 0.65459800000000001 0.34148699999999999 0.44500099999999998 0.28462700000000002 0 0.35578700000000008 0.36997099999999999 0.34148699999999999 0.019789999999999999 0.018529 0.014267 0.28373299999999985 0.29927500000000007 0.27579899999999985 0.010019 0.0097359999999999999 0.010022 0.0020119999999999999 0.0020149999999999999 0.0019289999999999999 13.363731656065504 13.363731656065504 13.363731656065504 0.00079424676605744358 0.00079424676605744358 0.00079424676605744358 1 1 1 Converged Converged Converged OK OK OK 166 166 166 166 166 166 10 10 10 0 0 0 0 1 0 0 1
155 155 linear 3 15 1553 2 0.0001 1.0800372756406553 0.00017934687061700819 0.052521802524105855 0.072989548041418217 -0.039686434982595498 0.076186527325494233 0.5 -0.075992860753452005 12.250938798029736 OK 16 15 0.79231399999999996 0.65320999999999996 0.297684 0.491342 0.32742700000000002 0 0.30097199999999996 0.32578299999999993 0.297684 0.014508999999999999 0.01478 0.013573999999999999 0.24842299999999989 0.27132699999999998 0.24617300000000003 0.007247 0.0081919999999999996 0.0075559999999999993 0.001506 0.001756 0.0015579999999999999 12.250932194374524 12.250932194374524 12.250932194374524 0.0012067755069898609 0.0012067755069898609 0.0012067755069898609 1 1 1 Converged Converged Converged OK OK OK 142 142 142 142 142 142 10 10 10 0 0 0 0 1 0 0 1
155 155 linear 3 23 1553 3 0.0001 1.0800372756406553 0.00017934687061700819 0.052521802524105855 0.072989548041418217 -0.039686434982595498 0.083493908546239393 0.5 -0.083300241974197164 11.302683352063333 OK 15 14 0.85176099999999999 0.77695700000000001 0.39732899999999999 0.439079 0.279333 0 0.41268199999999999 0.49762400000000001 0.39732899999999999 0.012676 0.012619999999999999 0.011462 0.32698699999999981 0.41145500000000007 0.31464500000000001 0.021471999999999998 0.021256999999999998 0.019498999999999999 0.0021289999999999998 0.0020460000000000001 0.002013 11.302676227524779 11.302676227524779 11.302676227524779 0.00091996796985846139 0.00091996796985846139 0.00091996796985846139 1 1 1 Converged Converged Converged OK OK OK 240 240 240 240 240 240 8 8 8 0 0 0 0 1 0 0 1
155 155 linear 4 0 1554 0 0.001 1.0800372756406553 0.00017934687061700819 0.052521802524105855 -0.20950823118512929 -0.098627299854402481 -0.22001259168995047 0.5 0.22020625826199269 4.2481009625590573 OK 12 11 0.40759400000000001 0.39605499999999999 0.090316999999999995 0.31485800000000003 0.30519200000000002 0 0.092735999999999985 0.090862999999999972 0.090316999999999995 0.0089789999999999991 0.0092069999999999999 0.0088310000000000003 0.064013 0.062637999999999999 0.062262000000000005 0.0032099999999999997 0.002895 0.0031640000000000001 0.00062600000000000004 0.00058200000000000005 0.0006020000000000001 4.2481234679604087 4.2481234679604087 4.2481234679604087 0.0038783658430148259 0.0038783658430148259 0.0038783658430148259 1 1 1 Converged Converged Converged OK OK OK 60 60 60 60 60 60 4 4 4 0 0 0 0 0 1 0 0
155 155 linear 4 7 1554 1 0.001 1.0800372756406553 0.00017934687061700819 0.052521802524105855 -0.20950823118512929 -0.098627299854402481 -0.21361863312179843 0.5 0.21381229969384066 4.3501650731782302 OK 12 11 0.41261300000000001 0.26424999999999998 0.099651000000000003 0.30950800000000001 0.141093 0 0.103105 0.12315699999999999 0.099651000000000003 0.0082699999999999996 0.0082159999999999993 0.0077549999999999997 0.073228999999999975 0.093960000000000002 0.071349000000000024 0.0040619999999999996 0.0040019999999999995 0.0040470000000000002 0.00077899999999999985 0.00074800000000000008 0.00079000000000000001 4.3501628753437522 4.3501628753437522 4.3501628753437522 0.00021222367797391794 0.00021222367797391794 0.00021222367797391794 1 1 1 Converged Converged Converged OK OK OK 76 76 76 76 76 76 4 4 4 0 0 0 0 1 0 0 1
155 155 linear 4 15 1554 2 0.001 1.0800372756406553 0.00017934687061700819 0.052521802524105855 -0.20950823118512929 -0.098627299854402481 -0.20631125190105329 0.5 0.20650491847309552 4.4727302046765764 OK 12 11 0.41344799999999998 0.27273399999999998 0.10252600000000001 0.30779600000000001 0.14546400000000001 0 0.10565199999999997 0.12726999999999997 0.10252600000000001 0.0082880000000000002 0.0083409999999999995 0.0077190000000000002 0.077629999999999949 0.098134000000000041 0.075681999999999999 0.0037039999999999998 0.0044910000000000002 0.0037299999999999998 0.00071299999999999998 0.00076000000000000004 0.000718 4.4727576770136128 4.4727576770136128 4.4727576770136128 0.0010826223310471544 0.0010826223310471544 0.0010826223310471544 1 1 1 Converged Converged Converged OK OK OK 76 76 76 76 76 76 4 4 4 0 0 0 0 1 0 0 1
155 155 linear 4 23 1554 3 0.001 1.0800372756406553 0.00017934687061700819 0.052521802524105855 -0.20950823118512929 -0.098627299854402481 -0.19900387068030811 0.5 0.19919753725235034 4.60202571214678 OK 12 11 0.39091100000000001 0.24074699999999999 0.074892 0.31284600000000001 0.14393600000000001 0 0.078064999999999996 0.09681099999999998 0.074892 0.008182 0.0083590000000000001 0.0078429999999999993 0.052920000000000002 0.070981000000000016 0.051038000000000007 0.0028519999999999999 0.0031559999999999995 0.0026949999999999999 0.00062800000000000009 0.00066 0.00061800000000000006 4.6020216648143979 4.6020216648143979 4.6020216648143979 0.0042563291377181768 0.0042563291377181768 0.0042563291377181768 1 1 1 Converged Converged Converged OK OK OK 53 53 53 53 53 53 3 3 3 0 0 0 0 1 0 0 1
155 155 linear 4 0 1554 0 0.0001 1.0800372756406553 0.00017934687061700819 0.052521802524105855 -0.20950823118512929 -0.098627299854402481 -0.22001259168995047 0.5 0.22020625826199269 4.2481009625590573 OK 12 11 0.41861100000000001 0.41670400000000002 0.108322 0.30904399999999999 0.308865 0 0.10956700000000003 0.10783900000000002 0.108322 0.008907 0.0091000000000000004 0.0086990000000000001 0.077068999999999999 0.075469999999999968 0.075462000000000001 0.0039430000000000003 0.0037650000000000001 0.0040930000000000003 0.00079699999999999997 0.00077500000000000008 0.00079600000000000005 4.2480984102063024 4.2480984102063024 4.2480984102063024 0.00011364538821132065 0.00011364538821132065 0.00011364538821132065 1 1 1 Converged Converged Converged OK OK OK 76 76 76 76 76 76 4 4 4 0 0 0 0 0 1 0 0
155 155 linear 4 7 1554 1 0.0001 1.0800372756406553 0.00017934687061700819 0.052521802524105855 -0.20950823118512929 -0.098627299854402481 -0.21361863312179843 0.5 0.21381229969384066 4.3501650731782302 OK 12 11 0.40868399999999999 0.25981599999999999 0.098445000000000005 0.30654100000000001 0.142731 0 0.10214299999999998 0.11708499999999999 0.098445000000000005 0.0083660000000000002 0.0083059999999999991 0.0078250000000000004 0.073160000000000017 0.088466000000000031 0.071191999999999991 0.0041580000000000002 0.004261 0.0038800000000000002 0.00081599999999999989 0.00080799999999999991 0.00077700000000000002 4.3501628753437522 4.3501628753437522 4.3501628753437522 0.00021222367797391794 0.00021222367797391794 0.00021222367797391794 1 1 1 Converged Converged Converged OK OK OK 76 76 76 76 76 76 4 4 4 0 0 0 0 1 0 0 1
155 155 linear 4 15 1554 2 0.0001 1.0800372756406553 0.00017934687061700819 0.052521802524105855 -0.20950823118512929 -0.098627299854402481 -0.20631125190105329 0.5 0.20650491847309552 4.4727302046765764 OK 12 11 0.45033099999999998 0.314164 0.13660800000000001 0.30753599999999998 0.141875 0 0.14279500000000001 0.172289 0.13660800000000001 0.0081709999999999994 0.0082539999999999992 0.0076550000000000003 0.10316199999999999 0.13475100000000004 0.10083499999999997 0.0064829999999999992 0.0068330000000000005 0.0066480000000000003 0.0008470000000000001 0.00089499999999999996 0.00086300000000000005 4.4727280650057182 4.4727280650057182 4.4727280650057182 0.00010634739258052712 0.00010634739258052712 0.00010634739258052712 1 1 1 Converged Converged Converged OK OK OK 108 108 108 108 108 108 4 4 4 0 0 0 0 1 0 0 1
155 155 linear 4 23 1554 3 0.0001 1.0800372756406553 0.00017934687061700819 0.052521802524105855 -0.20950823118512929 -0.098627299854402481 -0.19900387068030811 0.5 0.19919753725235034 4.60202571214678 OK 12 11 0.406721 0.26737899999999998 0.094520000000000007 0.30541400000000002 0.14623700000000001 0 0.10130699999999998 0.12114199999999997 0.094520000000000007 0.0083420000000000005 0.0082939999999999993 0.0078150000000000008 0.067565 0.089988000000000012 0.065301999999999999 0.0071530000000000005 0.0046280000000000002 0.0038249999999999998 0.00079000000000000001 0.00078200000000000003 0.00076000000000000004 4.6020229562434869 4.6020229562434869 4.6020229562434869 5.9100102830538985e-05 5.9100102830538985e-05 5.9100102830538985e-05 1 1 1 Converged Converged Converged OK OK OK 69 69 69 69 69 69 3 3 3 0 0 0 0 1 0 0 1
155 155 uniform 0 0 1555 0 0.001 1.0800372756406553 0.00017934687061700819 0.052521802524105855 -0.10931789877563355 0.0014519700639165798 -0.11982225928045473 0 0.12001592585249696 8.7113897864890983 OK 17 16 0.78315900000000005 0.78048200000000001 0.19955600000000001 0.57992999999999995 0.58099400000000001 0 0.2032290000000001 0.199488 0.19955600000000001 0.017996999999999999 0.017781999999999999 0.017489000000000001 0.13847600000000007 0.13688000000000006 0.13675099999999998 0.0056739999999999994 0.0049220000000000002 0.0053309999999999998 0.0013499999999999999 0.0012230000000000001 0.001168 8.7113223077636484 8.7113223077636484 8.7113223077636484 0.0068325005382353426 0.0068325005382353426 0.0068325005382353426 1 1 1 Converged Converged Converged OK OK OK 123 123 123 123 123 123 13 13 13 0 0 0 0 0 1 0 0
155 155 uniform 0 7 1555 1 0.001 1.0800372756406553 0.00017934687061700819 0.052521802524105855 -0.10931789877563355 0.0014519700639165798 -0.11342830071230271 0 0.11362196728434494 9.2138642522782987 OK 17 16 0.74628499999999998 0.587086 0.18629299999999999 0.558952 0.38780500000000001 0 0.18733299999999997 0.19928099999999999 0.18629299999999999 0.015803000000000001 0.016503 0.015171 0.14181200000000002 0.15273399999999993 0.14168600000000001 0.0046359999999999995 0.0050689999999999997 0.004788999999999999 0.0011660000000000002 0.0012329999999999999 0.001201 9.2137301301481571 9.2137301301481571 9.2137301301481571 0.0078981194530840706 0.0078981194530840706 0.0078981194530840706 1 1 1 Converged Converged Converged OK OK OK 123 123 123 123 123 123 13 13 13 0 0 0 0 1 0 0 1
155 155 uniform 0 15 1555 2 0.001 1.0800372756406553 0.00017934687061700819 0.052521802524105855 -0.10931789877563355 0.0014519700639165798 -0.10612091949155754 0 0.10631458606359977 9.8645361916041132 OK 18 17 0.63702400000000003 0.47611199999999998 0.24241099999999999 0.39064500000000002 0.22147700000000001 0 0.24637900000000001 0.25463499999999994 0.24241099999999999 0.020131 0.019855000000000001 0.019095000000000001 0.18943200000000013 0.19857 0.18473300000000001 0.0057689999999999998 0.0057510000000000009 0.0055389999999999997 0.0015880000000000002 0.0014630000000000001 0.0013030000000000001 9.8644745042010999 9.8644745042010999 9.8644745042010999 0.0097863529928070049 0.0097863529928070049 0.0097863529928070049 1 1 1 Converged Converged Converged OK OK OK 130 130 130 130 130 130 14 14 14 0 0 0 0 1 0 0 1
155 155 uniform 0 23 1555 3 0.001 1.0800372756406553 0.00017934687061700819 0.052521802524105855 -0.10931789877563355 0.0014519700639165798 -0.098813538270812379 0 0.099007204842854607 10.616692439462255 OK 17 16 0.73267199999999999 0.57134099999999999 0.17729600000000001 0.54581900000000005 0.376411 0 0.18685299999999994 0.19492999999999999 0.17729600000000001 0.015897999999999999 0.016329 0.015239000000000001 0.14461999999999997 0.15093300000000001 0.13632400000000006 0.0041969999999999993 0.0051370000000000001 0.0042820000000000011 0.001108 0.0011450000000000002 0.001108 10.616722021117994 10.616722021117994 10.616722021117994 0.0083446940972372076 0.0083446940972372076 0.0083446940972372076 1 1 1 Converged Converged Converged OK OK OK 102 102 102 102 102 102 10 10 10 0 0 0 0 1 0 0 1
155 155 uniform 0 0 1555 0 0.0001 1.0800372756406553 0.00017934687061700819 0.052521802524105855 -0.10931789877563355 0.0014519700639165798 -0.11982225928045473 0 0.12001592585249696 8.7113897864890983 OK 17 16 0.85504999999999998 0.85240199999999999 0.267291 0.57994000000000001 0.58404 0 0.27510999999999997 0.26836199999999999 0.267291 0.018071 0.018023999999999998 0.017555999999999999 0.18812799999999999 0.18189399999999994 0.1817430000000001 0.0080029999999999997 0.0082330000000000007 0.0080799999999999986 0.0021450000000000002 0.0019940000000000001 0.0021580000000000002 8.7113877750786628 8.7113877750786628 8.7113877750786628 0.00045017127505279442 0.00045017127505279442 0.00045017127505279442 1 1 1 Converged Converged Converged OK OK OK 171 171 171 171 171 171 13 13 13 0 0 0 0 0 1 0 0
155 155 uniform 0 7 1555 1 0.0001 1.0800372756406553 0.00017934687061700819 0.052521802524105855 -0.10931789877563355 0.0014519700639165798 -0.11342830071230271 0 0.11362196728434494 9.2138642522782987 OK 17 16 0.80512399999999995 0.65776900000000005 0.24517600000000001 0.55910199999999999 0.38376900000000003 0 0.24602199999999996 0.27400000000000002 0.24517600000000001 0.016021000000000001 0.016222 0.015452 0.18640200000000001 0.21364300000000014 0.18664699999999992 0.0074610000000000015 0.0079520000000000007 0.0076380000000000016 0.0019380000000000001 0.002062 0.0019650000000000002 9.2138356526448355 9.2138356526448355 9.2138356526448355 0.00070121774410493161 0.00070121774410493161 0.00070121774410493161 1 1 1 Converged Converged Converged OK OK OK 171 171 171 171 171 171 13 13 13 0 0 0 0 1 0 0 1
155 155 uniform 0 15 1555 2 0.0001 1.0800372756406553 0.00017934687061700819 0.052521802524105855 -0.10931789877563355 0.0014519700639165798 -0.10612091949155754 0 0.10631458606359977 9.8645361916041132 OK 18 17 0.68105700000000002 0.54184200000000005 0.29103200000000001 0.39216200000000001 0.22209200000000001 0 0.28889500000000001 0.31975000000000003 0.29103200000000001 0.020164999999999999 0.020121 0.020076 0.22173200000000001 0.25354199999999993 0.224494 0.0085340000000000017 0.0082829999999999987 0.0080610000000000005 0.0022669999999999999 0.0021170000000000004 0.0021549999999999998 9.8645458008870097 9.8645458008870097 9.8645458008870097 0.00088565737230521973 0.00088565737230521973 0.00088565737230521973 1 1 1 Converged Converged Converged OK OK OK 170 170 170 170 170 170 14 14 14 0 0 0 0 1 0 0 1
155 155 uniform 0 23 1555 3 0.0001 1.0800372756406553 0.00017934687061700819 0.052521802524105855 -0.10931789877563355 0.0014519700639165798 -0.098813538270812379 0 0.099007204842854607 10.616692439462255 OK 17 16 0.78437299999999999 0.64225100000000002 0.23133899999999999 0.55280300000000004 0.37883899999999998 0 0.23156999999999994 0.26341200000000004 0.23133899999999999 0.016413000000000001 0.016650999999999999 0.016504000000000001 0.175867 0.20790499999999995 0.17709299999999997 0.0073070000000000001 0.0068200000000000005 0.0065100000000000002 0.001913 0.0019009999999999997 0.0018030000000000001 10.616698901634464 10.616698901634464 10.616698901634464 0.00071471751175128243 0.00071471751175128243 0.00071471751175128243 1 1 1 Converged Converged Converged OK OK OK 142 142 142 142 142 142 10 10 10 0 0 0 0 1 0 0 1
155 155 uniform 1 0 1556 0 0.001 1.0800372756406553 0.00017934687061700819 0.052521802524105855 -0.0067839114482867377 0.0319859024332802 -0.017288271953107909 0 0.017481938525150141 33.007440605161534 OK 13 12 0.46280199999999999 0.46616800000000003 0.135458 0.32578000000000001 0.32843499999999998 0 0.13702199999999998 0.13773300000000005 0.135458 0.0099799999999999993 0.0097610000000000006 0.0092800000000000001 0.104417 0.105244 0.10437700000000003 0.0028799999999999997 0.0030509999999999999 0.0027490000000000001 0.0006820000000000001 0.000678 0.00067900000000000013 33.00744956134389 33.00744956134389 33.00744956134389 0.028366231486637812 0.028366231486637812 0.028366231486637812 1 1 1 Converged Converged Converged OK OK OK 73 73 73 73 73 73 7 7 7 0 0 0 0 0 1 0 0
155 155 uniform 1 7 1556 1 0.001 1.0800372756406553 0.00017934687061700819 0.052521802524105855 -0.0067839114482867377 0.0319859024332802 -0.010894313384955891 0 0.011087979956998123 33.776922494318697 OK 13 12 0.63888500000000004 0.47106500000000001 0.127272 0.509409 0.33859400000000001 0 0.12947600000000004 0.13247100000000001 0.127272 0.0088920000000000006 0.0089320000000000007 0.0079930000000000001 0.10375700000000004 0.10616 0.10315099999999998 0.0029320000000000001 0.0029989999999999999 0.0027969999999999996 0.00067899999999999992 0.00074299999999999995 0.00064999999999999997 33.776931398250923 33.776931398250923 33.776931398250923 0.028905142833860933 0.028905142833860933 0.028905142833860933 1 1 1 Converged Converged Converged OK OK OK 73 73 73 73 73 73 7 7 7 0 0 0 0 1 0 0 1
155 155 uniform 1 15 1556 2 0.001 1.0800372756406553 0.00017934687061700819 0.052521802524105855 -0.0067839114482867377 0.0319859024332802 -0.0035869321642107285 0 0.0037805987362529601 34.214722447668379 OK 13 12 0.48649399999999998 0.31037599999999999 0.12854399999999999 0.35186299999999998 0.17527400000000001 0 0.134631 0.13510199999999997 0.12854399999999999 0.008914 0.0087069999999999995 0.0080689999999999998 0.10839599999999995 0.10990200000000001 0.10443799999999998 0.0028090000000000003 0.0026969999999999997 0.0026239999999999996 0.00069399999999999996 0.00068000000000000005 0.00066900000000000011 34.214729946591795 34.214729946591795 34.214729946591795 0.029488872379664327 0.029488872379664327 0.029488872379664327 1 1 1 Converged Converged Converged OK OK OK 73 73 73 73 73 73 7 7 7 0 0 0 0 1 0 0 1
155 155 uniform 1 23 1556 3 0.001 1.0800372756406553 0.00017934687061700819 0.052521802524105855 -0.0067839114482867377 0.0319859024332802 0.0037204490565344341 0 -0.0035267824844922024 34.21069570495834 OK 13 12 0.46421200000000001 0.28709600000000002 0.12823000000000001 0.33152900000000002 0.155087 0 0.132683 0.13200900000000002 0.12823000000000001 0.0090089999999999996 0.0087010000000000004 0.0079719999999999999 0.10619100000000001 0.10678199999999997 0.10455900000000005 0.0030629999999999998 0.0027179999999999999 0.0025669999999999998 0.00065899999999999997 0.00070100000000000002 0.00065000000000000008 34.21070298699923 34.21070298699923 34.21070298699923 0.029968639915861222 0.029968639915861222 0.029968639915861222 1 1 1 Converged Converged Converged OK OK OK 73 73 73 73 73 73 7 7 7 0 0 0 0 1 0 0 1
155 155 uniform 1 0 1556 0 0.0001 1.0800372756406553 0.00017934687061700819 0.052521802524105855 -0.0067839114482867377 0.0319859024332802 -0.017288271953107909 0 0.017481938525150141 33.007440605161534 OK 13 12 0.48942000000000002 0.49346800000000002 0.16597799999999999 0.32045699999999999 0.323625 0 0.16896300000000003 0.16984300000000002 0.16597799999999999 0.0098460000000000006 0.010066 0.0093159999999999996 0.12766899999999998 0.12808 0.12653300000000001 0.0042809999999999992 0.004653 0.003947 0.001 0.0010380000000000001 0.00095999999999999992 33.007441341231377 33.007441341231377 33.007441341231377 0.0020608701127016659 0.0020608701127016659 0.0020608701127016659 1 1 1 Converged Converged Converged OK OK OK 97 97 97 97 97 97 7 7 7 0 0 0 0 0 1 0 0
155 155 uniform 1 7 1556 1 0.0001 1.0800372756406553 0.00017934687061700819 0.052521802524105855 -0.0067839114482867377 0.0319859024332802 -0.010894313384955891 0 0.011087979956998123 33.776922494318697 OK 13 12 0.67043699999999995 0.50263400000000003 0.15520999999999999 0.50849800000000001 0.342864 0 0.16193899999999994 0.15977000000000002 0.15520999999999999 0.0086599999999999993 0.0089320000000000007 0.0081300000000000001 0.13065499999999997 0.128137 0.12494600000000002 0.0039230000000000003 0.0040559999999999997 0.0039499999999999995 0.00095900000000000011 0.00096199999999999996 0.00096999999999999994 33.776923192165441 33.776923192165441 33.776923192165441 0.0020037091805678174 0.0020037091805678174 0.0020037091805678174 1 1 1 Converged Converged Converged OK OK OK 97 97 97 97 97 97 7 7 7 0 0 0 0 1 0 0 1
155 155 uniform 1 15 1556 2 0.0001 1.0800372756406553 0.00017934687061700819 0.052521802524105855 -0.0067839114482867377 0.0319859024332802 -0.0035869321642107285 0 0.0037805987362529601 34.214722447668379 OK 13 12 0.50865099999999996 0.33797100000000002 0.15536900000000001 0.34670000000000001 0.17543300000000001 0 0.16195099999999996 0.16253800000000002 0.15536900000000001 0.0086949999999999996 0.0088830000000000003 0.0080809999999999996 0.13029600000000002 0.131301 0.12565199999999993 0.0039960000000000004 0.0039939999999999993 0.0037719999999999993 0.00099600000000000014 0.00098299999999999993 0.00094400000000000007 34.21472180138101 34.21472180138101 34.21472180138101 0.0020149810250211461 0.0020149810250211461 0.0020149810250211461 1 1 1 Converged Converged Converged OK OK OK 97 97 97 97 97 97 7 7 7 0 0 0 0 1 0 0 1
155 155 uniform 1 23 1556 3 0.0001 1.0800372756406553 0.00017934687061700819 0.052521802524105855 -0.0067839114482867377 0.0319859024332802 0.0037204490565344341 0 -0.0035267824844922024 34.21069570495834 OK 13 12 0.49745800000000001 0.31468099999999999 0.155948 0.33233200000000002 0.15462200000000001 0 0.165126 0.16005899999999998 0.155948 0.0089599999999999992 0.0087829999999999991 0.0080020000000000004 0.13167799999999993 0.12931099999999998 0.126612 0.004816 0.0038799999999999998 0.0036930000000000001 0.0010969999999999999 0.00099100000000000013 0.00093700000000000012 34.210694948572304 34.210694948572304 34.210694948572304 0.0020099271608524901 0.0020099271608524901 0.0020099271608524901 1 1 1 Converged Converged Converged OK OK OK 97 97 97 97 97 97 7 7 7 0 0 0 0 1 0 0 1
155 155 uniform 2 0 1557 0 0.001 1.0800372756406553 0.00017934687061700819 0.052521802524105855 -0.1878429637364214 -0.045569169014028549 -0.19834732424124257 0 0.1985409908132848 5.0737756666802118 OK 16 15 0.67311200000000004 0.67724099999999998 0.18684000000000001 0.48646899999999998 0.48757299999999998 0 0.18664300000000006 0.189668 0.18684000000000001 0.013773000000000001 0.014082000000000001 0.013873999999999999 0.13989699999999999 0.14205099999999998 0.13975099999999999 0.0038079999999999993 0.0041259999999999995 0.003833 0.0012459999999999999 0.0012259999999999999 0.001126 5.073762247366048 5.073762247366048 5.073762247366048 0.0038398521759182638 0.0038398521759182638 0.0038398521759182638 1 1 1 Converged Converged Converged OK OK OK 102 102 102 102 102 102 10 10 10 0 0 0 0 0 1 0 0
155 155 uniform 2 7 1557 1 0.001 1.0800372756406553 0.00017934687061700819 0.052521802524105855 -0.1878429637364214 -0.045569169014028549 -0.19195336567309054 0 0.19214703224513277 5.2428788895553664 OK 15 14 0.54108699999999998 0.39073000000000002 0.18320800000000001 0.35637200000000002 0.19658200000000001 0 0.18471499999999996 0.19414800000000002 0.18320800000000001 0.0096190000000000008 0.0098619999999999992 0.0086779999999999999 0.15073500000000001 0.15962299999999996 0.15056000000000008 0.003803 0.0040530000000000002 0.0040939999999999995 0.0010900000000000003 0.0011299999999999999 0.001137 5.2428494557927365 5.2428494557927365 5.2428494557927365 0.0028085485976216905 0.0028085485976216905 0.0028085485976216905 1 1 1 Converged Converged Converged OK OK OK 109 109 109 109 109 109 11 11 11 0 0 0 0 1 0 0 1
155 155 uniform 2 15 1557 2 0.001 1.0800372756406553 0.00017934687061700819 0.052521802524105855 -0.1878429637364214 -0.045569169014028549 -0.1846459844523454 0 0.18483965102438762 5.4374933870118118 OK 15 14 0.64339800000000003 0.48616900000000002 0.18646599999999999 0.45014700000000002 0.28527799999999998 0 0.19325100000000001 0.20089100000000004 0.18646599999999999 0.0097420000000000007 0.0094059999999999994 0.0088769999999999995 0.15931499999999998 0.16899599999999998 0.15532199999999993 0.0045179999999999994 0.0038879999999999995 0.0038730000000000001 0.0011819999999999999 0.0011370000000000002 0.0010839999999999999 5.4374402637692025 5.4374402637692025 5.4374402637692025 0.0028728077362829224 0.0028728077362829224 0.0028728077362829224 1 1 1 Converged Converged Converged OK OK OK 109 109 109 109 109 109 11 11 11 0 0 0 0 1 0 0 1
155 155 uniform 2 23 1557 3 0.001 1.0800372756406553 0.00017934687061700819 0.052521802524105855 -0.1878429637364214 -0.045569169014028549 -0.17733860323160022 0 0.17753226980364245 5.6431960553640392 OK 15 14 0.61978200000000006 0.46463500000000002 0.17291799999999999 0.44247700000000001 0.27515200000000001 0 0.17730500000000005 0.18948300000000001 0.17291799999999999 0.0097699999999999992 0.0096939999999999995 0.0088990000000000007 0.14432700000000001 0.15740400000000002 0.14235499999999995 0.0042640000000000004 0.0039880000000000002 0.0037489999999999997 0.0012029999999999999 0.0011740000000000001 0.001054 5.6431230733073008 5.6431230733073008 5.6431230733073008 0.0032751185422657154 0.0032751185422657154 0.0032751185422657154 1 1 1 Converged Converged Converged OK OK OK 109 109 109 109 109 109 11 11 11 0 0 0 0 1 0 0 1
155 155 uniform 2 0 1557 0 0.0001 1.0800372756406553 0.00017934687061700819 0.052521802524105855 -0.1878429637364214 -0.045569169014028549 -0.19834732424124257 0 0.1985409908132848 5.0737756666802118 OK 16 15 0.747614 0.75526599999999999 0.26176300000000002 0.48781999999999998 0.49394399999999999 0 0.25979400000000002 0.261322 0.26176300000000002 0.013795 0.013801000000000001 0.013693 0.19376999999999997 0.19413100000000005 0.19493300000000005 0.0063110000000000006 0.0068450000000000004 0.0071009999999999997 0.001866 0.0017829999999999999 0.0017670000000000001 5.0737748225545962 5.0737748225545962 5.0737748225545962 0.00035415576649425667 0.00035415576649425667 0.00035415576649425667 1 1 1 Converged Converged Converged OK OK OK 150 150 150 150 150 150 10 10 10 0 0 0 0 0 1 0 0
155 155 uniform 2 7 1557 1 0.0001 1.0800372756406553 0.00017934687061700819 0.052521802524105855 -0.1878429637364214 -0.045569169014028549 -0.19195336567309054 0 0.19214703224513277 5.2428788895553664 OK 15 14 0.61792599999999998 0.47166000000000002 0.255222 0.35856100000000002 0.196461 0 0.25936499999999996 0.27519900000000003 0.255222 0.0097300000000000008 0.0094830000000000001 0.0088559999999999993 0.20983999999999989 0.22421099999999994 0.20862600000000001 0.0075209999999999999 0.0068260000000000005 0.0065970000000000004 0.0018959999999999999 0.0018730000000000001 0.0018270000000000003 5.2428784661688139 5.2428784661688139 5.2428784661688139 0.00030952593630284255 0.00030952593630284255 0.00030952593630284255 1 1 1 Converged Converged Converged OK OK OK 165 165 165 165 165 165 11 11 11 0 0 0 0 1 0 0 1
155 155 uniform 2 15 1557 2 0.0001 1.0800372756406553 0.00017934687061700819 0.052521802524105855 -0.1878429637364214 -0.045569169014028549 -0.1846459844523454 0 0.18483965102438762 5.4374933870118118 OK 15 14 0.717252 0.56950800000000001 0.25789699999999999 0.44750200000000001 0.28612199999999999 0 0.26974999999999999 0.28338600000000003 0.25789699999999999 0.0094599999999999997 0.0093399999999999993 0.0086189999999999999 0.22337300000000004 0.236898 0.21362799999999996 0.0072440000000000004 0.0074390000000000003 0.0067289999999999997 0.001895 0.0018489999999999999 0.0018310000000000002 5.4374893976196743 5.4374893976196743 5.4374893976196743 0.00018837731882289109 0.00018837731882289109 0.00018837731882289109 1 1 1 Converged Converged Converged OK OK OK 165 165 165 165 165 165 11 11 11 0 0 0 0 1 0 0 1
155 155 uniform 2 23 1557 3 0.0001 1.0800372756406553 0.00017934687061700819 0.052521802524105855 -0.1878429637364214 -0.045569169014028549 -0.17733860323160022 0 0.17753226980364245 5.6431960553640392 OK 15 14 0.67654099999999995 0.54120699999999999 0.23133999999999999 0.43984499999999999 0.27643400000000001 0 0.23669599999999996 0.26477299999999998 0.23133999999999999 0.0098019999999999999 0.0097120000000000001 0.0088190000000000004 0.19035700000000003 0.21858200000000017 0.18961499999999984 0.0078560000000000001 0.0078020000000000008 0.0062299999999999994 0.0018100000000000002 0.0017949999999999997 0.001603 5.6431842489498178 5.6431842489498178 5.6431842489498178 0.00054374539814124197 0.00054374539814124197 0.00054374539814124197 1 1 1 Converged Converged Converged OK OK OK 157 157 157 157 157 157 11 11 11 0 0 0 0 1 0 0 1
155 155 uniform 3 0 1558 0 0.001 1.0800372756406553 0.00017934687061700819 0.052521802524105855 0.072989548041418217 -0.039686434982595498 0.062485187536597042 0 -0.062291520964554807 14.595517109392125 OK 16 15 0.57935700000000001 0.56950800000000001 0.19953299999999999 0.377334 0.36469200000000002 0 0.20202300000000001 0.204816 0.19953299999999999 0.016205000000000001 0.016225 0.016095000000000002 0.14354099999999997 0.14346600000000004 0.14236700000000008 0.005352 0.0048889999999999992 0.0051399999999999987 0.0013030000000000001 0.00116 0.0012129999999999999 14.595515520758154 14.595515520758154 14.595515520758154 0.011072570498778387 0.011072570498778387 0.011072570498778387 1 1 1 Converged Converged Converged OK OK OK 110 110 110 110 110 110 10 10 10 0 0 0 0 0 1 0 0
155 155 uniform 3 7 1558 1 0.001 1.0800372756406553 0.00017934687061700819 0.052521802524105855 0.072989548041418217 -0.039686434982595498 0.068879146104749059 0 -0.068685479532706831 13.42901354168883 OK 16 15 0.63403600000000004 0.48133999999999999 0.18024399999999999 0.44677600000000001 0.28521000000000002 0 0.18726000000000004 0.19612999999999997 0.18024399999999999 0.015405 0.014674 0.014149 0.14224100000000001 0.15255099999999999 0.13747899999999996 0.005045 0.0047699999999999999 0.0047400000000000003 0.0012280000000000001 0.0011850000000000001 0.001206 13.428976530390177 13.428976530390177 13.428976530390177 0.0066037175315528584 0.0066037175315528584 0.0066037175315528584 1 1 1 Converged Converged Converged OK OK OK 110 110 110 110 110 110 10 10 10 0 0 0 0 1 0 0 1
155 155 uniform 3 15 1558 2 0.001 1.0800372756406553 0.00017934687061700819 0.052521802524105855 0.072989548041418217 -0.039686434982595498 0.076186527325494233 0 -0.075992860753452005 12.298518763449138 OK 16 15 0.69924900000000001 0.56189699999999998 0.20732300000000001 0.48803000000000002 0.32792399999999999 0 0.21121899999999999 0.23397299999999999 0.20732300000000001 0.014586 0.014555 0.013540999999999999 0.16079300000000002 0.18307399999999999 0.15860899999999997 0.0060299999999999998 0.0059800000000000009 0.0057749999999999998 0.0013680000000000001 0.001341 0.001325 12.298495447740677 12.298495447740677 12.298495447740677 0.002834548381495083 0.002834548381495083 0.002834548381495083 1 1 1 Converged Converged Converged OK OK OK 126 126 126 126 126 126 10 10 10 0 0 0 0 1 0 0 1
155 155 uniform 3 23 1558 3 0.001 1.0800372756406553 0.00017934687061700819 0.052521802524105855 0.072989548041418217 -0.039686434982595498 0.083493908546239393 0 -0.083300241974197164 11.3382344187927 OK 15 14 0.66659500000000005 0.56226699999999996 0.22708600000000001 0.43569600000000003 0.27686500000000003 0 0.23089900000000002 0.28540199999999993 0.22708600000000001 0.012316000000000001 0.01235 0.011403 0.17268699999999998 0.22688699999999995 0.17131700000000005 0.0097619999999999998 0.0098949999999999993 0.0089499999999999996 0.0016769999999999999 0.0017109999999999998 0.00165 11.338211911160498 11.338211911160498 11.338211911160498 0.0059688664960044248 0.0059688664960044248 0.0059688664960044248 1 1 1 Converged Converged Converged OK OK OK 160 160 160 160 160 160 8 8 8 0 0 0 0 1 0 0 1
155 155 uniform 3 0 1558 0 0.0001 1.0800372756406553 0.00017934687061700819 0.052521802524105855 0.072989548041418217 -0.039686434982595498 0.062485187536597042 0 -0.062291520964554807 14.595517109392125 OK 16 15 0.62601099999999998 0.61658500000000005 0.247028 0.37329699999999999 0.36990499999999998 0 0.25271399999999999 0.24668000000000007 0.247028 0.016531000000000001 0.016936 0.016511000000000001 0.17692800000000011 0.171761 0.17245300000000011 0.0081150000000000007 0.0076570000000000006 0.0077879999999999998 0.001812 0.0018550000000000001 0.0019720000000000002 14.595517381429755 14.595517381429755 14.595517381429755 0.0010446024210530502 0.0010446024210530502 0.0010446024210530502 1 1 1 Converged Converged Converged OK OK OK 142 142 142 142 142 142 10 10 10 0 0 0 0 0 1 0 0
155 155 uniform 3 7 1558 1 0.0001 1.0800372756406553 0.00017934687061700819 0.052521802524105855 0.072989548041418217 -0.039686434982595498 0.068879146104749059 0 -0.068685479532706831 13.42901354168883 OK 16 15 0.681446 0.53654500000000005 0.226857 0.44713700000000001 0.28558600000000001 0 0.23430899999999999 0.25095900000000004 0.226857 0.015270000000000001 0.015480000000000001 0.014121999999999999 0.17519100000000004 0.19229900000000005 0.17112899999999995 0.0080129999999999993 0.0079000000000000008 0.0071460000000000004 0.0018020000000000002 0.0018 0.0016929999999999998 13.429013085408357 13.429013085408357 13.429013085408357 0.00067224631917097788 0.00067224631917097788 0.00067224631917097788 1 1 1 Converged Converged Converged OK OK OK 150 150 150 150 150 150 10 10 10 0 0 0 0 1 0 0 1
155 155 uniform 3 15 1558 2 0.0001 1.0800372756406553 0.00017934687061700819 0.052521802524105855 0.072989548041418217 -0.039686434982595498 0.076186527325494233 0 -0.075992860753452005 12.298518763449138 OK 16 15 0.71650000000000003 0.57631500000000002 0.220609 0.49046800000000002 0.32568000000000003 0 0.22603200000000001 0.250635 0.220609 0.014957 0.014814000000000001 0.013648 0.17247099999999993 0.19846900000000006 0.17072799999999991 0.0074710000000000002 0.0068609999999999999 0.0063919999999999992 0.0015999999999999999 0.0015099999999999998 0.0014809999999999999 12.298520174625684 12.298520174625684 12.298520174625684 0.00065974828893156881 0.00065974828893156881 0.00065974828893156881 1 1 1 Converged Converged Converged OK OK OK 142 142 142 142 142 142 10 10 10 0 0 0 0 1 0 0 1
155 155 uniform 3 23 1558 3 0.0001 1.0800372756406553 0.00017934687061700819 0.052521802524105855 0.072989548041418217 -0.039686434982595498 0.083493908546239393 0 -0.083300241974197164 11.3382344187927 OK 15 14 0.79190799999999995 0.71931699999999998 0.34315499999999999 0.440965 0.27560800000000002 0 0.35094299999999995 0.44370899999999996 0.34315499999999999 0.012546 0.012529 0.011587999999999999 0.25039600000000001 0.34265400000000029 0.24734300000000017 0.024103000000000003 0.023484000000000001 0.022321999999999998 0.0022059999999999996 0.002176 0.0021749999999999999 11.338235901642387 11.338235901642387 11.338235901642387 0.00022515516728861511 0.00022515516728861511 0.00022515516728861511 1 1 1 Converged Converged Converged OK OK OK 272 272 272 272 272 272 8 8 8 0 0 0 0 1 0 0 1
155 155 uniform 4 0 1559 0 0.001 1.0800372756406553 0.00017934687061700819 0.052521802524105855 -0.20950823118512929 -0.098627299854402481 -0.22001259168995047 0 0.22020625826199269 4.2499749900796582 OK 12 11 0.380604 0.37765500000000002 0.070819999999999994 0.30894899999999997 0.30504500000000001 0 0.071655000000000024 0.072610000000000008 0.070819999999999994 0.0089210000000000001 0.0090609999999999996 0.0086759999999999997 0.045617999999999992 0.045760000000000009 0.045049999999999993 0.0025760000000000002 0.0029709999999999997 0.0027539999999999999 0.00063099999999999994 0.00066100000000000013 0.00058399999999999999 4.2499749734545169 4.2499749734545169 4.2499749734545169 0.00096691588582325984 0.00096691588582325984 0.00096691588582325984 1 1 1 Converged Converged Converged OK OK OK 60 60 60 60 60 60 4 4 4 0 0 0 0 0 1 0 0
155 155 uniform 4 7 1559 1 0.001 1.0800372756406553 0.00017934687061700819 0.052521802524105855 -0.20950823118512929 -0.098627299854402481 -0.21361863312179843 0 0.21381229969384066 4.3521935921024868 OK 12 11 0.37506699999999998 0.223829 0.064145999999999995 0.30793999999999999 0.14304800000000001 0 0.067126999999999992 0.080780999999999992 0.064145999999999995 0.0083280000000000003 0.008371 0.0078250000000000004 0.043431999999999998 0.057680999999999996 0.042373000000000015 0.003039 0.0028440000000000002 0.0025510000000000003 0.00060700000000000001 0.00060300000000000002 0.00054999999999999992 4.3521942051865992 4.3521942051865992 4.3521942051865992 0.0011639209283869102 0.0011639209283869102 0.0011639209283869102 1 1 1 Converged Converged Converged OK OK OK 60 60 60 60 60 60 4 4 4 0 0 0 0 1 0 0 1
155 155 uniform 4 15 1559 2 0.001 1.0800372756406553 0.00017934687061700819 0.052521802524105855 -0.20950823118512929 -0.098627299854402481 -0.20631125190105329 0 0.20650491847309552 4.4749559712472671 OK 12 11 0.37685000000000002 0.230543 0.067816000000000001 0.30701099999999998 0.14543200000000001 0 0.06983900000000004 0.085110999999999992 0.067816000000000001 0.0083090000000000004 0.0082799999999999992 0.0076470000000000002 0.046834000000000001 0.062606000000000009 0.04624099999999999 0.0026700000000000001 0.0026840000000000002 0.0027139999999999998 0.00063600000000000006 0.00060099999999999997 0.00058100000000000003 4.475006137192822 4.475006137192822 4.475006137192822 0.0026426430676331374 0.0026426430676331374 0.0026426430676331374 1 1 1 Converged Converged Converged OK OK OK 60 60 60 60 60 60 4 4 4 0 0 0 0 1 0 0 1
155 155 uniform 4 23 1559 3 0.001 1.0800372756406553 0.00017934687061700819 0.052521802524105855 -0.20950823118512929 -0.098627299854402481 -0.19900387068030811 0 0.19919753725235034 4.6044735777931063 OK 12 11 0.357547 0.203927 0.046954999999999997 0.30927500000000002 0.14297899999999999 0 0.048271999999999982 0.060948000000000002 0.046954999999999997 0.0083580000000000008 0.0084270000000000005 0.0078410000000000007 0.028223999999999992 0.039752999999999997 0.027772000000000002 0.0018829999999999997 0.0022630000000000003 0.0018979999999999999 0.00047200000000000003 0.00053499999999999999 0.00049000000000000009 4.6044724788289857 4.6044724788289857 4.6044724788289857 0.0033244026391816548 0.0033244026391816548 0.0033244026391816548 1 1 1 Converged Converged Converged OK OK OK 37 37 37 37 37 37 3 3 3 0 0 0 0 1 0 0 1
155 155 uniform 4 0 1559 0 0.0001 1.0800372756406553 0.00017934687061700819 0.052521802524105855 -0.20950823118512929 -0.098627299854402481 -0.22001259168995047 0 0.22020625826199269 4.2499749900796582 OK 12 11 0.40107900000000002 0.40391899999999997 0.092806 0.30900699999999998 0.307002 0 0.092072000000000043 0.096916999999999975 0.092806 0.0089009999999999992 0.010161999999999999 0.0087899999999999992 0.060348999999999993 0.06309300000000001 0.060179999999999997 0.003437 0.0036899999999999997 0.004065 0.00068099999999999996 0.00078899999999999999 0.00075100000000000004 4.2499749671798117 4.2499749671798117 4.2499749671798117 0.00013768814755687114 0.00013768814755687114 0.00013768814755687114 1 1 1 Converged Converged Converged OK OK OK 76 76 76 76 76 76 4 4 4 0 0 0 0 0 1 0 0
155 155 uniform 4 7 1559 1 0.0001 1.0800372756406553 0.00017934687061700819 0.052521802524105855 -0.20950823118512929 -0.098627299854402481 -0.21361863312179843 0 0.21381229969384066 4.3521935921024868 OK 12 11 0.38896599999999998 0.246056 0.082733000000000001 0.30511100000000002 0.13997599999999999 0 0.083854999999999957 0.10608000000000001 0.082733000000000001 0.0082909999999999998 0.0083350000000000004 0.0077400000000000004 0.056304 0.077819999999999973 0.055918999999999996 0.0034090000000000001 0.0037369999999999999 0.0035080000000000003 0.00068300000000000001 0.00075799999999999988 0.00070899999999999999 4.3521942007373848 4.3521942007373848 4.3521942007373848 0.00031436665522030087 0.00031436665522030087 0.00031436665522030087 1 1 1 Converged Converged Converged OK OK OK 76 76 76 76 76 76 4 4 4 0 0 0 0 1 0 0 1
155 155 uniform 4 15 1559 2 0.0001 1.0800372756406553 0.00017934687061700819 0.052521802524105855 -0.20950823118512929 -0.098627299854402481 -0.20631125190105329 0 0.20650491847309552 4.4749559712472671 OK 12 11 0.42563499999999999 0.29509099999999999 0.115715 0.30421100000000001 0.14275399999999999 0 0.12142399999999998 0.152337 0.115715 0.0081370000000000001 0.0083389999999999992 0.0076909999999999999 0.083691000000000002 0.11396599999999993 0.079383000000000009 0.0062590000000000007 0.0066559999999999996 0.0062790000000000007 0.00084099999999999995 0.00088199999999999997 0.00081700000000000002 4.4749567811587561 4.4749567811587561 4.4749567811587561 0.00014469666510831368 0.00014469666510831368 0.00014469666510831368 1 1 1 Converged Converged Converged OK OK OK 108 108 108 108 108 108 4 4 4 0 0 0 0 1 0 0 1
155 155 uniform 4 23 1559 3 0.0001 1.0800372756406553 0.00017934687061700819 0.052521802524105855 -0.20950823118512929 -0.098627299854402481 -0.19900387068030811 0 0.19919753725235034 4.6044735777931063 OK 12 11 0.39204 0.24703900000000001 0.080305000000000001 0.30869600000000003 0.14136799999999999 0 0.083343999999999974 0.10567100000000001 0.080305000000000001 0.0083510000000000008 0.0084139999999999996 0.0078359999999999992 0.052190000000000014 0.074667000000000011 0.051160000000000011 0.0040749999999999996 0.0043219999999999995 0.0038270000000000001 0.00078600000000000002 0.00077399999999999995 0.000736 4.6044734848073432 4.6044734848073432 4.6044734848073432 5.6353202476884001e-05 5.6353202476884001e-05 5.6353202476884001e-05 1 1 1 Converged Converged Converged OK OK OK 69 69 69 69 69 69 3 3 3 0 0 0 0 1 0 0 1
156 156 linear 0 0 1560 0 0.001 1.9415274137496876 0.0043941950780634594 0.0027891829245853248 -1.3799530003741383 -0.00028554211593698957 -1.3805108369590553 0.5 1.3890049623206231 12.034191568941276 OK 16 15 0.73499300000000001 0.728603 0.25017800000000001 0.47619899999999998 0.47321000000000002 0 0.25879400000000002 0.25539299999999998 0.25017800000000001 0.013243 0.013141999999999999 0.012496999999999999 0.21285999999999997 0.21017400000000003 0.20640200000000009 0.0042849999999999997 0.0042030000000000001 0.0040420000000000005 0.001023 0.00099099999999999991 0.00096699999999999998 12.034177321101467 12.034177321101467 12.034177321101467 0.010568209009695325 0.010568209009695325 0.010568209009695325 1 1 1 Converged Converged Converged OK OK OK 95 95 95 95 95 95 9 9 9 0 0 0 0 0 1 0 0
156 156 linear 0 7 1560 1 0.001 1.9415274137496876 0.0043941950780634594 0.0027891829245853248 -1.3799530003741383 -0.00028554211593698957 -1.3801712842551928 0.5 1.3886654096167605 11.885619379742634 OK 16 15 0.789798 0.65847100000000003 0.24223 0.538022 0.39345200000000002 0 0.251776 0.265019 0.24223 0.011953 0.011806000000000001 0.011148 0.21641500000000002 0.231043 0.20909499999999998 0.0041510000000000002 0.0038240000000000001 0.0039090000000000001 0.00097599999999999998 0.00092599999999999996 0.00096699999999999998 11.885684982619441 11.885684982619441 11.885684982619441 0.0099262152196197377 0.0099262152196197377 0.0099262152196197377 1 1 1 Converged Converged Converged OK OK OK 95 95 95 95 95 95 9 9 9 0 0 0 0 1 0 0 1
156 156 linear 0 15 1560 2 0.001 1.9415274137496876 0.0043941950780634594 0.0027891829245853248 -1.3799530003741383 -0.00028554211593698957 -1.379783224022207 0.5 1.3882773493837748 11.709287618857049 OK 16 15 0.70148999999999995 0.58009699999999997 0.229073 0.46690799999999999 0.32814300000000002 0 0.23458199999999996 0.25195399999999996 0.229073 0.01242 0.012043999999999999 0.011401 0.19805300000000003 0.21640700000000002 0.19495099999999996 0.0042929999999999999 0.0041389999999999995 0.0039189999999999997 0.0010449999999999999 0.001021 0.00099299999999999996 11.709452630457736 11.709452630457736 11.709452630457736 0.0087454027827388904 0.0087454027827388904 0.0087454027827388904 1 1 1 Converged Converged Converged OK OK OK 95 95 95 95 95 95 9 9 9 0 0 0 0 1 0 0 1
156 156 linear 0 23 1560 3 0.001 1.9415274137496876 0.0043941950780634594 0.0027891829245853248 -1.3799530003741383 -0.00028554211593698957 -1.3793951637892212 0.5 1.387889289150789 11.526505610016653 OK 16 15 0.80900899999999998 0.69177500000000003 0.22930800000000001 0.57214799999999999 0.43080200000000002 0 0.23686099999999999 0.26097300000000001 0.22930800000000001 0.012167000000000001 0.012139 0.011297 0.20095499999999997 0.22557299999999991 0.19507200000000005 0.0040899999999999999 0.0040110000000000007 0.0040150000000000003 0.0010349999999999999 0.001026 0.0009859999999999999 11.526587529807543 11.526587529807543 11.526587529807543 0.008191385175203604 0.008191385175203604 0.008191385175203604 1 1 1 Converged Converged Converged OK OK OK 95 95 95 95 95 95 9 9 9 0 0 0 0 1 0 0 1
156 156 linear 0 0 1560 0 0.0001 1.9415274137496876 0.0043941950780634594 0.0027891829245853248 -1.3799530003741383 -0.00028554211593698957 -1.3805108369590553 0.5 1.3890049623206231 12.034191568941276 OK 16 15 0.80922700000000003 0.80040699999999998 0.32064399999999998 0.47790100000000002 0.47805599999999998 0 0.33132600000000001 0.322351 0.32064399999999998 0.013061 0.012886999999999999 0.012503999999999999 0.27058599999999994 0.26374500000000028 0.26284400000000008 0.0067400000000000003 0.0057610000000000005 0.0056819999999999996 0.0015359999999999998 0.001482 0.0014980000000000002 12.034180860092849 12.034180860092849 12.034180860092849 0.0007492376055631963 0.0007492376055631963 0.0007492376055631963 1 1 1 Converged Converged Converged OK OK OK 127 127 127 127 127 127 9 9 9 0 0 0 0 0 1 0 0
156 156 linear 0 7 1560 1 0.0001 1.9415274137496876 0.0043941950780634594 0.0027891829245853248 -1.3799530003741383 -0.00028554211593698957 -1.3801712842551928 0.5 1.3886654096167605 11.885619379742634 OK 16 15 0.85230399999999995 0.72872499999999996 0.30587399999999998 0.53223299999999996 0.39643200000000001 0 0.32007099999999999 0.33229299999999995 0.30587399999999998 0.011936 0.011834000000000001 0.011161000000000001 0.27502300000000007 0.28820499999999993 0.26346699999999995 0.0062899999999999996 0.0057509999999999992 0.005463 0.001446 0.0014650000000000002 0.0014269999999999999 11.885688488668551 11.885688488668551 11.885688488668551 0.00077658665050816817 0.00077658665050816817 0.00077658665050816817 1 1 1 Converged Converged Converged OK OK OK 127 127 127 127 127 127 9 9 9 0 0 0 0 1 0 0 1
156 156 linear 0 15 1560 2 0.0001 1.9415274137496876 0.0043941950780634594 0.0027891829245853248 -1.3799530003741383 -0.00028554211593698957 -1.379783224022207 0.5 1.3882773493837748 11.709287618857049 OK 16 15 0.77740399999999998 0.66499600000000003 0.30163299999999998 0.46666600000000003 0.33068599999999998 0 0.31073799999999996 0.33431000000000005 0.30163299999999998 0.012056000000000001 0.012226000000000001 0.011337 0.26583200000000007 0.29001299999999997 0.25878699999999993 0.0059919999999999991 0.0058560000000000001 0.0054990000000000004 0.001603 0.0015089999999999999 0.0014920000000000003 11.709193128650657 11.709193128650657 11.709193128650657 0.00083570490513507252 0.00083570490513507252 0.00083570490513507252 1 1 1 Converged Converged Converged OK OK OK 127 127 127 127 127 127 9 9 9 0 0 0 0 1 0 0 1
156 156 linear 0 23 1560 3 0.0001 1.9415274137496876 0.0043941950780634594 0.0027891829245853248 -1.3799530003741383 -0.00028554211593698957 -1.3793951637892212 0.5 1.387889289150789 11.526505610016653 OK 16 15 0.92987500000000001 0.81569700000000001 0.34851500000000002 0.56960999999999995 0.43351200000000001 0 0.36026500000000006 0.382185 0.34851500000000002 0.012289 0.012278000000000001 0.011363 0.3111799999999999 0.3340789999999999 0.30237400000000003 0.0069150000000000001 0.0063590000000000001 0.0061980000000000004 0.001516 0.0014780000000000001 0.0014369999999999999 11.526311343648747 11.526311343648747 11.526311343648747 0.00078281564021201726 0.00078281564021201726 0.00078281564021201726 1 1 1 Converged Converged Converged OK OK OK 135 135 135 135 135 135 9 9 9 0 0 0 0 1 0 0 1
156 156 linear 1 0 1561 0 0.001 1.9415274137496876 0.0043941950780634594 0.0027891829245853248 0.0053154403005035624 -0.00018963571921850144 0.0047576037155864972 0.5 0.0037365216459814016 613.88496041057056 OK 15 14 0.98121400000000003 0.97651299999999996 0.32897100000000001 0.64085000000000003 0.64402999999999999 0 0.340364 0.33248299999999997 0.32897100000000001 0.0080879999999999997 0.0079380000000000006 0.0080549999999999997 0.29013799999999995 0.28049400000000008 0.27902700000000003 0.0056809999999999994 0.0070080000000000003 0.0058939999999999999 0.0013379999999999998 0.0015659999999999999 0.0013760000000000001 613.88763508986585 613.88763508986585 613.88763508986585 0.10494107672146795 0.10494107672146795 0.10494107672146795 1 1 1 Converged Converged Converged OK OK OK 127 127 127 127 127 127 9 9 9 0 0 0 0 0 1 0 0
156 156 linear 1 7 1561 1 0.001 1.9415274137496876 0.0043941950780634594 0.0027891829245853248 0.0053154403005035624 -0.00018963571921850144 0.0050971564194490591 0.5 0.0033969689421188397 649.75463485487171 OK 15 14 0.94501100000000005 0.93235900000000005 0.31575599999999998 0.61424400000000001 0.47603899999999999 0 0.33076700000000003 0.45632000000000006 0.31575599999999998 0.0069059999999999998 0.0069459999999999999 0.006502 0.29114899999999994 0.41549599999999987 0.27722899999999989 0.0057419999999999997 0.0063690000000000005 0.0057980000000000002 0.0013979999999999999 0.001456 0.001353 649.7555912286432 649.7555912286432 649.7555912286432 0.64745163978843445 0.64745163978843445 0.64745163978843445 1 1 1 Converged Converged Converged OK OK OK 134 134 134 134 134 134 10 10 10 0 0 0 0 1 0 0 1
156 156 linear 1 15 1561 2 0.001 1.9415274137496876 0.0043941950780634594 0.0027891829245853248 0.0053154403005035624 -0.00018963571921850144 0.0054852166524348434 0.5 0.0030089087091330555 677.94807682433179 OK 15 14 0.86485199999999995 0.89318600000000004 0.316274 0.53462100000000001 0.40300799999999998 0 0.33023099999999994 0.49017800000000006 0.316274 0.0070289999999999997 0.0071120000000000003 0.0063039999999999997 0.28658499999999992 0.44985699999999984 0.27870099999999981 0.0057460000000000002 0.0063900000000000007 0.0056930000000000001 0.001421 0.0015989999999999999 0.0014660000000000001 677.95173104642595 677.95173104642595 677.95173104642595 0.22374868068292433 0.22374868068292433 0.22374868068292433 1 1 1 Converged Converged Converged OK OK OK 141 141 141 141 141 141 11 11 11 0 0 0 0 1 0 0 1
156 156 linear 1 23 1561 3 0.001 1.9415274137496876 0.0043941950780634594 0.0027891829245853248 0.0053154403005035624 -0.00018963571921850144 0.0058732768854206276 0.5 0.0026208484761472712 693.87357624188076 OK 15 14 0.77824899999999997 0.80518699999999999 0.32405200000000001 0.44525300000000001 0.30835299999999999 0 0.33299599999999996 0.496834 0.32405200000000001 0.0067590000000000003 0.007136 0.0063550000000000004 0.29069300000000003 0.45306700000000005 0.2829509999999999 0.0061520000000000012 0.0069280000000000001 0.0063309999999999998 0.001575 0.0017170000000000002 0.0015920000000000001 693.87748937132676 693.87748937132676 693.87748937132676 0.29593369283136778 0.29593369283136778 0.29593369283136778 1 1 1 Converged Converged Converged OK OK OK 149 149 149 149 149 149 11 11 11 0 0 0 0 1 0 0 1
156 156 linear 1 0 1561 0 0.0001 1.9415274137496876 0.0043941950780634594 0.0027891829245853248 0.0053154403005035624 -0.00018963571921850144 0.0047576037155864972 0.5 0.0037365216459814016 613.88496041057056 OK 15 14 1.0136499999999999 0.99216400000000005 0.342221 0.65263899999999997 0.64620900000000003 0 0.36101099999999997 0.34595500000000001 0.342221 0.0079480000000000002 0.0078359999999999992 0.0076540000000000002 0.30659599999999981 0.29190500000000003 0.28955599999999987 0.005869000000000001 0.0064620000000000007 0.0059179999999999996 0.0015320000000000002 0.0015460000000000001 0.0015240000000000002 613.88763873647008 613.88763873647008 613.88763873647008 0.034819870859371146 0.034819870859371146 0.034819870859371146 1 1 1 Converged Converged Converged OK OK OK 135 135 135 135 135 135 9 9 9 0 0 0 0 0 1 0 0
156 156 linear 1 7 1561 1 0.0001 1.9415274137496876 0.0043941950780634594 0.0027891829245853248 0.0053154403005035624 -0.00018963571921850144 0.0050971564194490591 0.5 0.0033969689421188397 649.75463485487171 OK 15 14 1.0278579999999999 1.136528 0.40067000000000003 0.61360400000000004 0.476358 0 0.4142539999999999 0.66016999999999992 0.40067000000000003 0.0069369999999999996 0.0068560000000000001 0.0064159999999999998 0.35699999999999998 0.59942800000000018 0.34660099999999999 0.0099780000000000008 0.014146999999999998 0.0091010000000000014 0.0019680000000000001 0.0019380000000000001 0.0019779999999999997 649.75745302815687 649.75745302815687 649.75745302815687 0.023565438295441259 0.023565438295441259 0.023565438295441259 1 1 1 Converged Converged Converged OK OK OK 182 182 182 182 182 182 10 10 10 0 0 0 0 1 0 0 1
156 156 linear 1 15 1561 2 0.0001 1.9415274137496876 0.0043941950780634594 0.0027891829245853248 0.0053154403005035624 -0.00018963571921850144 0.0054852166524348434 0.5 0.0030089087091330555 677.94807682433179 OK 15 14 0.88863099999999995 0.94453500000000001 0.34563300000000002 0.53785700000000003 0.40261000000000002 0 0.35077399999999992 0.54192499999999999 0.34563300000000002 0.0068979999999999996 0.0070000000000000001 0.0064000000000000003 0.30985699999999994 0.499552 0.30625900000000006 0.0065389999999999997 0.0071449999999999994 0.0063899999999999998 0.0019269999999999999 0.002036 0.001861 677.95174234714716 677.95174234714716 677.95174234714716 0.045920345439630084 0.045920345439630084 0.045920345439630084 1 1 1 Converged Converged Converged OK OK OK 157 157 157 157 157 157 11 11 11 0 0 0 0 1 0 0 1
156 156 linear 1 23 1561 3 0.0001 1.9415274137496876 0.0043941950780634594 0.0027891829245853248 0.0053154403005035624 -0.00018963571921850144 0.0058732768854206276 0.5 0.0026208484761472712 693.87357624188076 OK 15 14 0.79180799999999996 0.83768200000000004 0.34356300000000001 0.44301800000000002 0.308838 0 0.34878999999999993 0.52884400000000009 0.34356300000000001 0.006986 0.0069259999999999999 0.0065170000000000002 0.30582799999999993 0.48612299999999992 0.30202099999999998 0.0069280000000000001 0.0067110000000000017 0.0064899999999999992 0.0019239999999999999 0.0019250000000000001 0.0018789999999999998 693.87764500453306 693.87764500453306 693.87764500453306 0.049064772050050463 0.049064772050050463 0.049064772050050463 1 1 1 Converged Converged Converged OK OK OK 157 157 157 157 157 157 11 11 11 0 0 0 0 1 0 0 1
156 156 linear 2 0 1562 0 0.001 1.9415274137496876 0.0043941950780634594 0.0027891829245853248 -1.4141225432413171 0.014373414634767176 -1.4146803798262342 0.5 1.423174505187802 5.7302696770483514 OK 15 14 0.49962800000000002 0.49505500000000002 0.16616500000000001 0.32902399999999998 0.32766800000000001 0 0.17060400000000003 0.16738700000000001 0.16616500000000001 0.014784 0.014602 0.014392 0.11979200000000001 0.11656599999999998 0.11605700000000002 0.0048510000000000003 0.0052369999999999995 0.0050680000000000005 0.0011229999999999999 0.001093 0.0011620000000000001 5.7302669123284522 5.7302669123284522 5.7302669123284522 0.0039934946218675837 0.0039934946218675837 0.0039934946218675837 1 1 1 Converged Converged Converged OK OK OK 98 98 98 98 98 98 6 6 6 0 0 0 0 0 1 0 0
156 156 linear 2 7 1562 1 0.001 1.9415274137496876 0.0043941950780634594 0.0027891829245853248 -1.4141225432413171 0.014373414634767176 -1.4143408271223716 0.5 1.4228349524839394 5.8908844375758767 OK 15 14 0.49553900000000001 0.38320599999999999 0.16369500000000001 0.33055400000000001 0.18976799999999999 0 0.16498499999999999 0.193438 0.16369500000000001 0.013714 0.013568 0.013056999999999999 0.12310800000000001 0.15149999999999994 0.12261300000000004 0.0048690000000000001 0.0051630000000000001 0.0049770000000000005 0.0010550000000000002 0.001044 0.001114 5.8908806270021259 5.8908806270021259 5.8908806270021259 0.0038122743331209107 0.0038122743331209107 0.0038122743331209107 1 1 1 Converged Converged Converged OK OK OK 98 98 98 98 98 98 6 6 6 0 0 0 0 1 0 0 1
156 156 linear 2 15 1562 2 0.001 1.9415274137496876 0.0043941950780634594 0.0027891829245853248 -1.4141225432413171 0.014373414634767176 -1.4139527668893859 0.5 1.4224468922509537 6.1388771627237073 OK 15 14 0.493562 0.39477099999999998 0.161077 0.32795200000000002 0.194575 0 0.16560999999999998 0.20019599999999999 0.161077 0.013653 0.013716000000000001 0.012888999999999999 0.12396800000000002 0.15790899999999997 0.12047700000000001 0.0049919999999999999 0.0052090000000000001 0.0050570000000000007 0.0010549999999999999 0.001044 0.0010950000000000001 6.1388704204399573 6.1388704204399573 6.1388704204399573 0.0044048224866506634 0.0044048224866506634 0.0044048224866506634 1 1 1 Converged Converged Converged OK OK OK 98 98 98 98 98 98 6 6 6 0 0 0 0 1 0 0 1
156 156 linear 2 23 1562 3 0.001 1.9415274137496876 0.0043941950780634594 0.0027891829245853248 -1.4141225432413171 0.014373414634767176 -1.4135647066564001 0.5 1.4220588320179679 6.5934099218884112 OK 14 13 0.60594700000000001 0.49509399999999998 0.167125 0.43168800000000002 0.29170099999999999 0 0.174259 0.20339299999999999 0.167125 0.011657000000000001 0.011653999999999999 0.010735 0.13389699999999999 0.16276299999999999 0.12933999999999996 0.0054679999999999998 0.0057409999999999996 0.0048939999999999999 0.0011689999999999999 0.0012099999999999999 0.0011660000000000002 6.593402823923868 6.593402823923868 6.593402823923868 0.0039412664288098753 0.0039412664288098753 0.0039412664288098753 1 1 1 Converged Converged Converged OK OK OK 105 105 105 105 105 105 7 7 7 0 0 0 0 1 0 0 1
156 156 linear 2 0 1562 0 0.0001 1.9415274137496876 0.0043941950780634594 0.0027891829245853248 -1.4141225432413171 0.014373414634767176 -1.4146803798262342 0.5 1.423174505187802 5.7302696770483514 OK 15 14 0.57760900000000004 0.56939099999999998 0.241178 0.33193699999999998 0.32604300000000003 0 0.24567200000000006 0.24334799999999995 0.241178 0.014623000000000001 0.014635 0.014463999999999999 0.17661200000000005 0.172183 0.17212500000000006 0.0076539999999999993 0.010031 0.0079440000000000014 0.0015690000000000003 0.0015349999999999999 0.0016830000000000003 5.7302657532252237 5.7302657532252237 5.7302657532252237 0.00038231578254821106 0.00038231578254821106 0.00038231578254821106 1 1 1 Converged Converged Converged OK OK OK 146 146 146 146 146 146 6 6 6 0 0 0 0 0 1 0 0
156 156 linear 2 7 1562 1 0.0001 1.9415274137496876 0.0043941950780634594 0.0027891829245853248 -1.4141225432413171 0.014373414634767176 -1.4143408271223716 0.5 1.4228349524839394 5.8908844375758767 OK 15 14 0.55814200000000003 0.45905000000000001 0.219832 0.33253700000000003 0.195413 0 0.225605 0.26363700000000001 0.219832 0.013653999999999999 0.013601 0.012893 0.17237899999999992 0.21017800000000009 0.16749900000000004 0.0069889999999999987 0.0070550000000000005 0.0070809999999999996 0.0014929999999999998 0.0015369999999999997 0.001549 5.8908806598755286 5.8908806598755286 5.8908806598755286 0.00033656518250990475 0.00033656518250990475 0.00033656518250990475 1 1 1 Converged Converged Converged OK OK OK 138 138 138 138 138 138 6 6 6 0 0 0 0 1 0 0 1
156 156 linear 2 15 1562 2 0.0001 1.9415274137496876 0.0043941950780634594 0.0027891829245853248 -1.4141225432413171 0.014373414634767176 -1.4139527668893859 0.5 1.4224468922509537 6.1388771627237073 OK 15 14 0.55177799999999999 0.45774199999999998 0.21884300000000001 0.32625799999999999 0.19450700000000001 0 0.22552 0.263235 0.21884300000000001 0.013747000000000001 0.013697000000000001 0.012886 0.17162099999999994 0.20838300000000001 0.16654599999999992 0.0072819999999999994 0.0078340000000000007 0.0071760000000000001 0.0015759999999999999 0.001583 0.001495 6.1388706698678028 6.1388706698678028 6.1388706698678028 0.00021978224316961855 0.00021978224316961855 0.00021978224316961855 1 1 1 Converged Converged Converged OK OK OK 138 138 138 138 138 138 6 6 6 0 0 0 0 1 0 0 1
156 156 linear 2 23 1562 3 0.0001 1.9415274137496876 0.0043941950780634594 0.0027891829245853248 -1.4141225432413171 0.014373414634767176 -1.4135647066564001 0.5 1.4220588320179679 6.5934099218884112 OK 14 13 0.66720400000000002 0.55784100000000003 0.22540499999999999 0.434313 0.29461300000000001 0 0.23289100000000001 0.26322800000000002 0.22540499999999999 0.011461000000000001 0.011690000000000001 0.010697999999999999 0.18285099999999996 0.21255200000000007 0.17699500000000001 0.0072859999999999999 0.0075659999999999998 0.0071770000000000002 0.0016289999999999996 0.001637 0.0015770000000000001 6.5934028718093902 6.5934028718093902 6.5934028718093902 0.00041224414648797765 0.00041224414648797765 0.00041224414648797765 1 1 1 Converged Converged Converged OK OK OK 145 145 145 145 145 145 7 7 7 0 0 0 0 1 0 0 1
156 156 linear 3 0 1563 0 0.001 1.9415274137496876 0.0043941950780634594 0.0027891829245853248 -1.4171942344166129 -0.030580741711781923 -1.4177520710015299 0.5 1.4262461963630977 3.1298666660393364 OK 13 12 0.54377200000000003 0.54042400000000002 0.108893 0.43445699999999998 0.43334299999999998 0 0.10931500000000005 0.10708100000000004 0.108893 0.0090720000000000002 0.0090119999999999992 0.0086099999999999996 0.078508000000000022 0.076485999999999985 0.076018999999999989 0.0031259999999999999 0.003209 0.0031949999999999999 0.00070899999999999999 0.00067900000000000002 0.00067900000000000002 3.1298611926822155 3.1298611926822155 3.1298611926822155 0.0018440909913967447 0.0018440909913967447 0.0018440909913967447 1 1 1 Converged Converged Converged OK OK OK 61 61 61 61 61 61 3 3 3 0 0 0 0 0 1 0 0
156 156 linear 3 7 1563 1 0.001 1.9415274137496876 0.0043941950780634594 0.0027891829245853248 -1.4171942344166129 -0.030580741711781923 -1.4174125182976673 0.5 1.4259066436592351 2.8952457527474031 OK 13 12 0.55317300000000003 0.44741999999999998 0.10377599999999999 0.44517499999999999 0.31008400000000003 0 0.10799800000000004 0.13733599999999996 0.10377599999999999 0.0083660000000000002 0.0083429999999999997 0.0078320000000000004 0.079645000000000007 0.10977400000000002 0.077217999999999981 0.0035690000000000001 0.0034390000000000002 0.0032689999999999998 0.00070500000000000011 0.00066599999999999993 0.00065900000000000008 2.8952432107189607 2.8952432107189607 2.8952432107189607 0.0018438432976498342 0.0018438432976498342 0.0018438432976498342 1 1 1 Converged Converged Converged OK OK OK 61 61 61 61 61 61 3 3 3 0 0 0 0 1 0 0 1
156 156 linear 3 15 1563 2 0.001 1.9415274137496876 0.0043941950780634594 0.0027891829245853248 -1.4171942344166129 -0.030580741711781923 -1.4170244580646816 0.5 1.4255185834262494 2.7158606181995051 OK 13 12 0.42044500000000001 0.31341000000000002 0.099506999999999998 0.31723499999999999 0.18326799999999999 0 0.10321000000000002 0.13014200000000004 0.099506999999999998 0.0083389999999999992 0.0083160000000000005 0.0076369999999999997 0.075605999999999993 0.10273900000000001 0.073460999999999999 0.003287 0.0032850000000000002 0.0031029999999999999 0.00064599999999999998 0.00066600000000000003 0.00066500000000000001 2.7158588993949784 2.7158588993949784 2.7158588993949784 0.001843601278180259 0.001843601278180259 0.001843601278180259 1 1 1 Converged Converged Converged OK OK OK 61 61 61 61 61 61 3 3 3 0 0 0 0 1 0 0 1
156 156 linear 3 23 1563 3 0.001 1.9415274137496876 0.0043941950780634594 0.0027891829245853248 -1.4171942344166129 -0.030580741711781923 -1.4166363978316958 0.5 1.4251305231932636 2.5818729409994527 OK 13 12 0.40481499999999998 0.29359499999999999 0.101482 0.300182 0.16451399999999999 0 0.10463299999999998 0.129081 0.101482 0.0082109999999999995 0.008267 0.0077780000000000002 0.077255999999999991 0.10179400000000001 0.075241999999999989 0.0033039999999999996 0.0033260000000000004 0.0031570000000000001 0.00070399999999999998 0.0007000000000000001 0.00069300000000000004 2.581871297783755 2.581871297783755 2.581871297783755 0.0018435203499748895 0.0018435203499748895 0.0018435203499748895 1 1 1 Converged Converged Converged OK OK OK 61 61 61 61 61 61 3 3 3 0 0 0 0 1 0 0 1
156 156 linear 3 0 1563 0 0.0001 1.9415274137496876 0.0043941950780634594 0.0027891829245853248 -1.4171942344166129 -0.030580741711781923 -1.4177520710015299 0.5 1.4262461963630977 3.1298666660393364 OK 13 12 0.57378399999999996 0.56662100000000004 0.128138 0.43454900000000002 0.43731199999999998 0 0.13923499999999994 0.12930900000000006 0.128138 0.016421999999999999 0.008907 0.0084690000000000008 0.095243000000000022 0.092988999999999974 0.092534999999999992 0.0040720000000000001 0.0040759999999999998 0.0039830000000000004 0.00081900000000000007 0.00079900000000000012 0.0007890000000000001 3.1298611927316364 3.1298611927316364 3.1298611927316364 0.00012796118050783224 0.00012796118050783224 0.00012796118050783224 1 1 1 Converged Converged Converged OK OK OK 77 77 77 77 77 77 3 3 3 0 0 0 0 0 1 0 0
156 156 linear 3 7 1563 1 0.0001 1.9415274137496876 0.0043941950780634594 0.0027891829245853248 -1.4171942344166129 -0.030580741711781923 -1.4174125182976673 0.5 1.4259066436592351 2.8952457527474031 OK 13 12 0.56980600000000003 0.47303699999999999 0.124656 0.44136999999999998 0.30926900000000002 0 0.12843600000000005 0.16376799999999997 0.124656 0.008319 0.0082950000000000003 0.0077429999999999999 0.096088000000000007 0.13112400000000002 0.093215999999999979 0.0041089999999999998 0.0043779999999999999 0.0041700000000000001 0.00077600000000000011 0.00077100000000000009 0.00075000000000000002 2.8952432107685415 2.8952432107685415 2.8952432107685415 0.00012787332500287387 0.00012787332500287387 0.00012787332500287387 1 1 1 Converged Converged Converged OK OK OK 77 77 77 77 77 77 3 3 3 0 0 0 0 1 0 0 1
156 156 linear 3 15 1563 2 0.0001 1.9415274137496876 0.0043941950780634594 0.0027891829245853248 -1.4171942344166129 -0.030580741711781923 -1.4170244580646816 0.5 1.4255185834262494 2.7158606181995051 OK 13 12 0.44434600000000002 0.34021899999999999 0.12195 0.31956400000000001 0.18690899999999999 0 0.124782 0.15331 0.12195 0.0082380000000000005 0.0081019999999999998 0.0076150000000000002 0.092354999999999965 0.12116700000000002 0.090690000000000007 0.0040479999999999995 0.0042829999999999995 0.0041329999999999995 0.00076900000000000004 0.00078700000000000005 0.00076300000000000001 2.7158588994447541 2.7158588994447541 2.7158588994447541 0.0001277840609842321 0.0001277840609842321 0.0001277840609842321 1 1 1 Converged Converged Converged OK OK OK 77 77 77 77 77 77 3 3 3 0 0 0 0 1 0 0 1
156 156 linear 3 23 1563 3 0.0001 1.9415274137496876 0.0043941950780634594 0.0027891829245853248 -1.4171942344166129 -0.030580741711781923 -1.4166363978316958 0.5 1.4251305231932636 2.5818729409994527 OK 13 12 0.42259200000000002 0.32009599999999999 0.12196799999999999 0.297016 0.165154 0 0.12557600000000002 0.154942 0.12196799999999999 0.0081519999999999995 0.0084250000000000002 0.007705 0.093640000000000001 0.12231399999999999 0.091057000000000027 0.0040340000000000003 0.0041999999999999997 0.0039269999999999999 0.00082400000000000008 0.00084699999999999999 0.00079100000000000004 2.5818712978337408 2.5818712978337408 2.5818712978337408 0.00012782402813529581 0.00012782402813529581 0.00012782402813529581 1 1 1 Converged Converged Converged OK OK OK 77 77 77 77 77 77 3 3 3 0 0 0 0 1 0 0 1
156 156 linear 4 0 1564 0 0.001 1.9415274137496876 0.0043941950780634594 0.0027891829245853248 -1.4051627799269266 0.0045452720306806303 -1.4057206165118437 0.5 1.4142147418734115 5.0167795873632697 OK 15 14 0.74816400000000005 0.73722600000000005 0.20813000000000001 0.53038799999999997 0.52684699999999995 0 0.21777600000000008 0.21037900000000009 0.20813000000000001 0.014459 0.014468 0.013979999999999999 0.15817399999999995 0.15448600000000004 0.15344199999999997 0.0057429999999999998 0.0057099999999999998 0.0055409999999999999 0.001322 0.0013059999999999999 0.001289 5.0167766055362764 5.0167766055362764 5.0167766055362764 0.0029496748475292636 0.0029496748475292636 0.0029496748475292636 1 1 1 Converged Converged Converged OK OK OK 107 107 107 107 107 107 5 5 5 0 0 0 0 0 1 0 0
156 156 linear 4 7 1564 1 0.001 1.9415274137496876 0.0043941950780634594 0.0027891829245853248 -1.4051627799269266 0.0045452720306806303 -1.4053810638079811 0.5 1.4138751891695489 5.072018884533084 OK 15 14 0.65191100000000002 0.545902 0.17897299999999999 0.46015899999999998 0.32986199999999999 0 0.19175200000000003 0.21604000000000001 0.17897299999999999 0.015187000000000001 0.013783 0.012906000000000001 0.14714499999999997 0.17431700000000008 0.13871000000000003 0.0050790000000000002 0.004862 0.0046890000000000005 0.001176 0.0011720000000000003 0.001098 5.0720265876910098 5.0720265876910098 5.0720265876910098 0.0049641959814002998 0.0049641959814002998 0.0049641959814002998 1 1 1 Converged Converged Converged OK OK OK 98 98 98 98 98 98 6 6 6 0 0 0 0 1 0 0 1
156 156 linear 4 15 1564 2 0.001 1.9415274137496876 0.0043941950780634594 0.0027891829245853248 -1.4051627799269266 0.0045452720306806303 -1.4049930035749953 0.5 1.4134871289365631 5.1393280976533724 OK 15 14 0.63979699999999995 0.51378999999999997 0.18671299999999999 0.44871299999999997 0.298703 0 0.19108399999999998 0.21508699999999997 0.18671299999999999 0.013851 0.013639999999999999 0.015613999999999999 0.14863799999999999 0.17350799999999997 0.14376399999999998 0.0048220000000000008 0.0047600000000000003 0.0046579999999999998 0.001193 0.0011709999999999999 0.001196 5.1393255211736291 5.1393255211736291 5.1393255211736291 0.0037409756766007916 0.0037409756766007916 0.0037409756766007916 1 1 1 Converged Converged Converged OK OK OK 98 98 98 98 98 98 6 6 6 0 0 0 0 1 0 0 1
156 156 linear 4 23 1564 3 0.001 1.9415274137496876 0.0043941950780634594 0.0027891829245853248 -1.4051627799269266 0.0045452720306806303 -1.4046049433420096 0.5 1.4130990687035774 5.211555152711191 OK 15 14 0.75592999999999999 0.64751099999999995 0.17808099999999999 0.569357 0.435224 0 0.18657299999999999 0.21228699999999995 0.17808099999999999 0.013780000000000001 0.013644999999999999 0.012788000000000001 0.14478900000000003 0.17061100000000004 0.13809500000000002 0.0048229999999999992 0.0049189999999999998 0.0047259999999999993 0.0011130000000000001 0.0012440000000000001 0.001178 5.2115520179272794 5.2115520179272794 5.2115520179272794 0.0041553361383136556 0.0041553361383136556 0.0041553361383136556 1 1 1 Converged Converged Converged OK OK OK 98 98 98 98 98 98 6 6 6 0 0 0 0 1 0 0 1
156 156 linear 4 0 1564 0 0.0001 1.9415274137496876 0.0043941950780634594 0.0027891829245853248 -1.4051627799269266 0.0045452720306806303 -1.4057206165118437 0.5 1.4142147418734115 5.0167795873632697 OK 15 14 0.82666799999999996 0.82258200000000004 0.28614699999999998 0.53449100000000005 0.53448200000000001 0 0.29217699999999991 0.28810000000000002 0.28614699999999998 0.014473 0.014579 0.014145 0.22310600000000005 0.21867999999999993 0.21724700000000008 0.0075170000000000002 0.0077279999999999996 0.0075760000000000003 0.0015950000000000001 0.0016480000000000002 0.0016589999999999999 5.0167766034683954 5.0167766034683954 5.0167766034683954 0.00013044334486891554 0.00013044334486891554 0.00013044334486891554 1 1 1 Converged Converged Converged OK OK OK 139 139 139 139 139 139 5 5 5 0 0 0 0 0 1 0 0
156 156 linear 4 7 1564 1 0.0001 1.9415274137496876 0.0043941950780634594 0.0027891829245853248 -1.4051627799269266 0.0045452720306806303 -1.4053810638079811 0.5 1.4138751891695489 5.072018884533084 OK 15 14 0.74446999999999997 0.65007800000000004 0.27783200000000002 0.45721400000000001 0.3256 0 0.28725599999999996 0.32447800000000004 0.27783200000000002 0.01367 0.013736 0.012925000000000001 0.22821200000000003 0.26210699999999992 0.21696000000000001 0.0086129999999999991 0.0077340000000000004 0.0074860000000000005 0.0016069999999999999 0.0015949999999999998 0.0015539999999999998 5.0720158430065547 5.0720158430065547 5.0720158430065547 0.00017907697430964345 0.00017907697430964345 0.00017907697430964345 1 1 1 Converged Converged Converged OK OK OK 146 146 146 146 146 146 6 6 6 0 0 0 0 1 0 0 1
156 156 linear 4 15 1564 2 0.0001 1.9415274137496876 0.0043941950780634594 0.0027891829245853248 -1.4051627799269266 0.0045452720306806303 -1.4049930035749953 0.5 1.4134871289365631 5.1393280976533724 OK 15 14 0.72369899999999998 0.61981699999999995 0.27529900000000002 0.43978200000000001 0.30297299999999999 0 0.28391699999999997 0.31684399999999996 0.27529900000000002 0.013549 0.013674 0.012893999999999999 0.2284270000000001 0.26165700000000003 0.22137000000000007 0.0075359999999999993 0.0076229999999999987 0.0074349999999999998 0.0017099999999999999 0.0016640000000000001 0.0015810000000000002 5.1393249405628056 5.1393249405628056 5.1393249405628056 0.00041003910602363807 0.00041003910602363807 0.00041003910602363807 1 1 1 Converged Converged Converged OK OK OK 146 146 146 146 146 146 6 6 6 0 0 0 0 1 0 0 1
156 156 linear 4 23 1564 3 0.0001 1.9415274137496876 0.0043941950780634594 0.0027891829245853248 -1.4051627799269266 0.0045452720306806303 -1.4046049433420096 0.5 1.4130990687035774 5.211555152711191 OK 15 14 0.83755800000000002 0.74425699999999995 0.259328 0.57110300000000003 0.43878899999999998 0 0.266455 0.30546799999999996 0.259328 0.013793 0.013391 0.012784 0.21222699999999994 0.25169299999999994 0.20701200000000008 0.0074039999999999991 0.0074449999999999994 0.0070359999999999997 0.0016270000000000002 0.0017039999999999998 0.001647 5.2115520129323158 5.2115520129323158 5.2115520129323158 0.00030220245512468241 0.00030220245512468241 0.00030220245512468241 1 1 1 Converged Converged Converged OK OK OK 138 138 138 138 138 138 6 6 6 0 0 0 0 1 0 0 1
156 156 uniform 0 0 1565 0 0.001 1.9415274137496876 0.0043941950780634594 0.0027891829245853248 -1.3799530003741383 -0.00028554211593698957 -1.3805108369590553 0 1.3890049623206231 11.495665501885682 OK 16 15 0.66778000000000004 0.66697300000000004 0.20018 0.471721 0.47128100000000001 0 0.19605900000000004 0.19569200000000003 0.20018 0.013158 0.013021 0.013689 0.1514019999999999 0.15112499999999998 0.15480900000000006 0.0036919999999999995 0.0038089999999999995 0.0037380000000000004 0.000968 0.00099600000000000014 0.0010119999999999999 11.495696743114793 11.495696743114793 11.495696743114793 0.009751998372814992 0.009751998372814992 0.009751998372814992 1 1 1 Converged Converged Converged OK OK OK 95 95 95 95 95 95 9 9 9 0 0 0 0 0 1 0 0
156 156 uniform 0 7 1565 1 0.001 1.9415274137496876 0.0043941950780634594 0.0027891829245853248 -1.3799530003741383 -0.00028554211593698957 -1.3801712842551928 0 1.3886654096167605 11.354123925615461 OK 16 15 0.72453000000000001 0.60602800000000001 0.19612099999999999 0.53393999999999997 0.39881800000000001 0 0.19059000000000004 0.20721000000000001 0.19612099999999999 0.011969 0.011856999999999999 0.012295 0.15629499999999993 0.17269000000000009 0.16166099999999994 0.0036440000000000001 0.0038290000000000004 0.0035780000000000005 0.00087299999999999997 0.000919 0.00092499999999999993 11.354154489627975 11.354154489627975 11.354154489627975 0.0096629716057604325 0.0096629716057604325 0.0096629716057604325 1 1 1 Converged Converged Converged OK OK OK 95 95 95 95 95 95 9 9 9 0 0 0 0 1 0 0 1
156 156 uniform 0 15 1565 2 0.001 1.9415274137496876 0.0043941950780634594 0.0027891829245853248 -1.3799530003741383 -0.00028554211593698957 -1.379783224022207 0 1.3882773493837748 11.187669724035285 OK 16 15 0.65160399999999996 0.531887 0.19254599999999999 0.46465899999999999 0.32593299999999997 0 0.18694499999999997 0.20595400000000003 0.19254599999999999 0.012045999999999999 0.012050999999999999 0.012635 0.15297100000000002 0.17185699999999998 0.15316699999999997 0.00349 0.0036080000000000001 0.0034150000000000001 0.00094300000000000004 0.00096699999999999998 0.00095699999999999995 11.187699863117961 11.187699863117961 11.187699863117961 0.0096554769692224329 0.0096554769692224329 0.0096554769692224329 1 1 1 Converged Converged Converged OK OK OK 95 95 95 95 95 95 9 9 9 0 0 0 0 1 0 0 1
156 156 uniform 0 23 1565 3 0.001 1.9415274137496876 0.0043941950780634594 0.0027891829245853248 -1.3799530003741383 -0.00028554211593698957 -1.3793951637892212 0 1.387889289150789 11.016814509261415 OK 16 15 0.762073 0.66358700000000004 0.18837000000000001 0.56767199999999995 0.44280000000000003 0 0.19440100000000005 0.22078700000000001 0.18837000000000001 0.012009000000000001 0.013332999999999999 0.011305000000000001 0.15618699999999991 0.18502999999999997 0.15582000000000004 0.003398 0.0037190000000000001 0.0034140000000000004 0.00096700000000000009 0.0010070000000000001 0.00091699999999999985 11.016843470564831 11.016843470564831 11.016843470564831 0.0097883928701105599 0.0097883928701105599 0.0097883928701105599 1 1 1 Converged Converged Converged OK OK OK 95 95 95 95 95 95 9 9 9 0 0 0 0 1 0 0 1
156 156 uniform 0 0 1565 0 0.0001 1.9415274137496876 0.0043941950780634594 0.0027891829245853248 -1.3799530003741383 -0.00028554211593698957 -1.3805108369590553 0 1.3890049623206231 11.495665501885682 OK 16 15 0.75891500000000001 0.76213900000000001 0.28082200000000002 0.47691099999999997 0.47789399999999999 0 0.28200400000000003 0.28424500000000003 0.28082200000000002 0.012781000000000001 0.012866000000000001 0.012429000000000001 0.22275499999999995 0.22422099999999992 0.22170099999999995 0.0056340000000000001 0.0057340000000000004 0.0056509999999999998 0.0013929999999999999 0.0014859999999999999 0.0013990000000000003 11.495665721508493 11.495665721508493 11.495665721508493 0.00036737072141418143 0.00036737072141418143 0.00036737072141418143 1 1 1 Converged Converged Converged OK OK OK 135 135 135 135 135 135 9 9 9 0 0 0 0 0 1 0 0
156 156 uniform 0 7 1565 1 0.0001 1.9415274137496876 0.0043941950780634594 0.0027891829245853248 -1.3799530003741383 -0.00028554211593698957 -1.3801712842551928 0 1.3886654096167605 11.354123925615461 OK 16 15 0.80729399999999996 0.69347499999999995 0.273285 0.52936300000000003 0.395536 0 0.27793099999999993 0.29793899999999995 0.273285 0.011849 0.011662 0.011042 0.23242699999999999 0.25334800000000007 0.23006399999999999 0.0059899999999999988 0.0056499999999999996 0.0055919999999999997 0.0014100000000000002 0.001377 0.001364 11.354123794146066 11.354123794146066 11.354123794146066 0.00034109156241948107 0.00034109156241948107 0.00034109156241948107 1 1 1 Converged Converged Converged OK OK OK 135 135 135 135 135 135 9 9 9 0 0 0 0 1 0 0 1
156 156 uniform 0 15 1565 2 0.0001 1.9415274137496876 0.0043941950780634594 0.0027891829245853248 -1.3799530003741383 -0.00028554211593698957 -1.379783224022207 0 1.3882773493837748 11.187669724035285 OK 16 15 0.72924699999999998 0.62077300000000002 0.26446700000000001 0.46103699999999997 0.32589499999999999 0 0.26821 0.29487800000000003 0.26446700000000001 0.012207000000000001 0.012126 0.011350000000000001 0.22269299999999997 0.24978499999999992 0.22110399999999988 0.005804000000000001 0.0056290000000000003 0.005474999999999999 0.001423 0.0014160000000000002 0.0014109999999999999 11.187669529407794 11.187669529407794 11.187669529407794 0.00038385257557726365 0.00038385257557726365 0.00038385257557726365 1 1 1 Converged Converged Converged OK OK OK 135 135 135 135 135 135 9 9 9 0 0 0 0 1 0 0 1
156 156 uniform 0 23 1565 3 0.0001 1.9415274137496876 0.0043941950780634594 0.0027891829245853248 -1.3799530003741383 -0.00028554211593698957 -1.3793951637892212 0 1.387889289150789 11.016814509261415 OK 16 15 0.84504800000000002 0.74477800000000005 0.26993299999999998 0.57249499999999998 0.44327100000000003 0 0.27255300000000005 0.30150700000000002 0.26993299999999998 0.012163999999999999 0.01209 0.011269 0.22776400000000005 0.25678499999999999 0.22670899999999986 0.0055279999999999999 0.0056419999999999994 0.0054049999999999992 0.001428 0.0014519999999999999 0.0014129999999999998 11.016813486978096 11.016813486978096 11.016813486978096 0.00054696951421842827 0.00054696951421842827 0.00054696951421842827 1 1 1 Converged Converged Converged OK OK OK 135 135 135 135 135 135 9 9 9 0 0 0 0 1 0 0 1
156 156 uniform 1 0 1566 0 0.001 1.9415274137496876 0.0043941950780634594 0.0027891829245853248 0.0053154403005035624 -0.00018963571921850144 0.0047576037155864972 0 0.0037365216459814016 607.790738550078 OK 15 14 0.88716499999999998 0.88286100000000001 0.24274699999999999 0.63785000000000003 0.63917400000000002 0 0.24931499999999995 0.24368699999999999 0.24274699999999999 0.0078189999999999996 0.0078569999999999994 0.0078150000000000008 0.20420900000000008 0.19885700000000006 0.19816100000000009 0.0045910000000000005 0.0047689999999999998 0.0046410000000000002 0.0012560000000000002 0.0012270000000000002 0.0011599999999999998 607.79055444972971 607.79055444972971 607.79055444972971 0.49894719660263137 0.49894719660263137 0.49894719660263137 1 1 1 Converged Converged Converged OK OK OK 119 119 119 119 119 119 9 9 9 0 0 0 0 0 1 0 0
156 156 uniform 1 7 1566 1 0.001 1.9415274137496876 0.0043941950780634594 0.0027891829245853248 0.0053154403005035624 -0.00018963571921850144 0.0050971564194490591 0 0.0033969689421188397 635.35552683448395 OK 15 14 0.86233000000000004 0.85599199999999998 0.24257200000000001 0.61582300000000001 0.478209 0 0.24650700000000003 0.37778299999999998 0.24257200000000001 0.0070169999999999998 0.0068539999999999998 0.0063530000000000001 0.20452800000000015 0.33707199999999993 0.20338899999999996 0.0059579999999999998 0.0054549999999999989 0.0052610000000000001 0.0013859999999999996 0.0013349999999999998 0.00134 635.35456691956858 635.35456691956858 635.35456691956858 0.62116463121255572 0.62116463121255572 0.62116463121255572 1 1 1 Converged Converged Converged OK OK OK 134 134 134 134 134 134 10 10 10 0 0 0 0 1 0 0 1
156 156 uniform 1 15 1566 2 0.001 1.9415274137496876 0.0043941950780634594 0.0027891829245853248 0.0053154403005035624 -0.00018963571921850144 0.0054852166524348434 0 0.0030089087091330555 655.71422444035863 OK 15 14 0.77669100000000002 0.80446300000000004 0.23350699999999999 0.54004300000000005 0.40323900000000001 0 0.23664799999999997 0.40122400000000003 0.23350699999999999 0.0069490000000000003 0.0069340000000000001 0.0064089999999999998 0.19709800000000005 0.36211500000000008 0.19635799999999989 0.0057499999999999999 0.005389999999999999 0.0051250000000000011 0.0015149999999999999 0.0014499999999999999 0.0014599999999999999 655.71429265597612 655.71429265597612 655.71429265597612 0.15086549647679381 0.15086549647679381 0.15086549647679381 1 1 1 Converged Converged Converged OK OK OK 141 141 141 141 141 141 11 11 11 0 0 0 0 1 0 0 1
156 156 uniform 1 23 1566 3 0.001 1.9415274137496876 0.0043941950780634594 0.0027891829245853248 0.0053154403005035624 -0.00018963571921850144 0.0058732768854206276 0 0.0026208484761472712 666.49380623149216 OK 15 14 0.66950500000000002 0.64761800000000003 0.21943099999999999 0.44416 0.30556 0 0.22534500000000002 0.34205800000000003 0.21943099999999999 0.0072110000000000004 0.0070899999999999999 0.0063639999999999999 0.18818900000000002 0.30476400000000009 0.18465500000000004 0.0053200000000000001 0.0054570000000000009 0.004862 0.001439 0.001506 0.001495 666.49279864225343 666.49279864225343 666.49279864225343 0.64137293399015349 0.64137293399015349 0.64137293399015349 1 1 1 Converged Converged Converged OK OK OK 133 133 133 133 133 133 11 11 11 0 0 0 0 1 0 0 1
156 156 uniform 1 0 1566 0 0.0001 1.9415274137496876 0.0043941950780634594 0.0027891829245853248 0.0053154403005035624 -0.00018963571921850144 0.0047576037155864972 0 0.0037365216459814016 607.790738550078 OK 15 14 0.90960600000000003 0.908779 0.26446900000000001 0.64363199999999998 0.64228799999999997 0 0.26597400000000004 0.26649100000000003 0.26446900000000001 0.0078960000000000002 0.0079229999999999995 0.0078320000000000004 0.21295200000000003 0.21331199999999997 0.21219500000000005 0.0053930000000000002 0.0057369999999999999 0.0054629999999999991 0.0014640000000000002 0.001521 0.0015210000000000002 607.79068497433968 607.79068497433968 607.79068497433968 0.020667187633607451 0.020667187633607451 0.020667187633607451 1 1 1 Converged Converged Converged OK OK OK 135 135 135 135 135 135 9 9 9 0 0 0 0 0 1 0 0
156 156 uniform 1 7 1566 1 0.0001 1.9415274137496876 0.0043941950780634594 0.0027891829245853248 0.0053154403005035624 -0.00018963571921850144 0.0050971564194490591 0 0.0033969689421188397 635.35552683448395 OK 15 14 0.92663300000000004 1.037274 0.30474299999999999 0.61207800000000001 0.47976000000000002 0 0.31455500000000003 0.55751400000000007 0.30474299999999999 0.0068830000000000002 0.0068979999999999996 0.0064450000000000002 0.25395999999999996 0.50218099999999999 0.25102500000000016 0.008878999999999998 0.0087509999999999984 0.0089820000000000004 0.0019270000000000001 0.0019379999999999998 0.0018990000000000001 635.35556454479934 635.35556454479934 635.35556454479934 0.0074992107905166704 0.0074992107905166704 0.0074992107905166704 1 1 1 Converged Converged Converged OK OK OK 182 182 182 182 182 182 10 10 10 0 0 0 0 1 0 0 1
156 156 uniform 1 15 1566 2 0.0001 1.9415274137496876 0.0043941950780634594 0.0027891829245853248 0.0053154403005035624 -0.00018963571921850144 0.0054852166524348434 0 0.0030089087091330555 655.71422444035863 OK 15 14 0.77941800000000006 0.84129699999999996 0.244091 0.53327899999999995 0.40492499999999998 0 0.24613900000000011 0.43637199999999998 0.244091 0.0068739999999999999 0.0070959999999999999 0.0063879999999999996 0.20844400000000007 0.39651299999999995 0.20785700000000012 0.0054689999999999999 0.0063580000000000008 0.0053780000000000008 0.0015789999999999999 0.001722 0.0015859999999999997 655.71433092759912 655.71433092759912 655.71433092759912 0.027893729272684291 0.027893729272684291 0.027893729272684291 1 1 1 Converged Converged Converged OK OK OK 149 149 149 149 149 149 11 11 11 0 0 0 0 1 0 0 1
156 156 uniform 1 23 1566 3 0.0001 1.9415274137496876 0.0043941950780634594 0.0027891829245853248 0.0053154403005035624 -0.00018963571921850144 0.0058732768854206276 0 0.0026208484761472712 666.49380623149216 OK 15 14 0.69232499999999997 0.74982899999999997 0.24742500000000001 0.442023 0.30831799999999998 0 0.25030199999999997 0.44151099999999999 0.24742500000000001 0.006927 0.0069499999999999996 0.006378 0.20896300000000007 0.39550699999999966 0.20746200000000004 0.0060569999999999999 0.010038999999999999 0.006051 0.001817 0.001805 0.0017499999999999998 666.49395705365384 666.49395705365384 666.49395705365384 0.032929939273672021 0.032929939273672021 0.032929939273672021 1 1 1 Converged Converged Converged OK OK OK 157 157 157 157 157 157 11 11 11 0 0 0 0 1 0 0 1
156 156 uniform 2 0 1567 0 0.001 1.9415274137496876 0.0043941950780634594 0.0027891829245853248 -1.4141225432413171 0.014373414634767176 -1.4146803798262342 0 1.423174505187802 5.7553271355718953 OK 15 14 0.45467999999999997 0.45133200000000001 0.121723 0.33216800000000002 0.32888899999999999 0 0.12251199999999995 0.12244300000000002 0.121723 0.014592000000000001 0.014659 0.014303 0.078564999999999982 0.078967000000000009 0.078630000000000005 0.003738 0.0037009999999999999 0.0037620000000000002 0.001042 0.0010240000000000002 0.0010430000000000001 5.7553289099580027 5.7553289099580027 5.7553289099580027 0.0030141644360384442 0.0030141644360384442 0.0030141644360384442 1 1 1 Converged Converged Converged OK OK OK 82 82 82 82 82 82 6 6 6 0 0 0 0 0 1 0 0
156 156 uniform 2 7 1567 1 0.001 1.9415274137496876 0.0043941950780634594 0.0027891829245853248 -1.4141225432413171 0.014373414634767176 -1.4143408271223716 0 1.4228349524839394 5.92437012195421 OK 15 14 0.44414700000000001 0.33181699999999997 0.114084 0.32824999999999999 0.189416 0 0.11589700000000003 0.14240099999999997 0.114084 0.013782000000000001 0.013892 0.012956000000000001 0.079505999999999993 0.10551000000000001 0.078979999999999953 0.0036470000000000001 0.0038059999999999999 0.0036209999999999997 0.00093300000000000002 0.00096299999999999999 0.00090600000000000001 5.9243704634693062 5.9243704634693062 5.9243704634693062 0.002838568312457121 0.002838568312457121 0.002838568312457121 1 1 1 Converged Converged Converged OK OK OK 82 82 82 82 82 82 6 6 6 0 0 0 0 1 0 0 1
156 156 uniform 2 15 1567 2 0.001 1.9415274137496876 0.0043941950780634594 0.0027891829245853248 -1.4141225432413171 0.014373414634767176 -1.4139527668893859 0 1.4224468922509537 6.1908255257229445 OK 15 14 0.44653900000000002 0.34227099999999999 0.11579399999999999 0.32875500000000002 0.18729699999999999 0 0.117784 0.154974 0.11579399999999999 0.013615 0.013585 0.01281 0.081642999999999979 0.118771 0.080989000000000019 0.0037270000000000003 0.0037399999999999998 0.0036539999999999997 0.00096200000000000007 0.0009189999999999999 0.00087600000000000004 6.1908253253059069 6.1908253253059069 6.1908253253059069 0.0038721196016984578 0.0038721196016984578 0.0038721196016984578 1 1 1 Converged Converged Converged OK OK OK 82 82 82 82 82 82 6 6 6 0 0 0 0 1 0 0 1
156 156 uniform 2 23 1567 3 0.001 1.9415274137496876 0.0043941950780634594 0.0027891829245853248 -1.4141225432413171 0.014373414634767176 -1.4135647066564001 0 1.4220588320179679 6.7108780096509655 OK 14 13 0.57702399999999998 0.47245999999999999 0.143821 0.43109900000000001 0.29367500000000002 0 0.14592499999999997 0.17878499999999997 0.143821 0.011346999999999999 0.011650000000000001 0.010822 0.10589300000000003 0.13834600000000002 0.10517399999999995 0.0044759999999999999 0.004927 0.004463 0.001176 0.0012040000000000002 0.0011800000000000001 6.7108791498655904 6.7108791498655904 6.7108791498655904 0.0017503879782792616 0.0017503879782792616 0.0017503879782792616 1 1 1 Converged Converged Converged OK OK OK 105 105 105 105 105 105 7 7 7 0 0 0 0 1 0 0 1
156 156 uniform 2 0 1567 0 0.0001 1.9415274137496876 0.0043941950780634594 0.0027891829245853248 -1.4141225432413171 0.014373414634767176 -1.4146803798262342 0 1.423174505187802 5.7553271355718953 OK 15 14 0.51409800000000005 0.51301799999999997 0.183618 0.329517 0.32891100000000001 0 0.18458100000000005 0.18410699999999997 0.183618 0.014666999999999999 0.014623000000000001 0.014212000000000001 0.12284099999999996 0.12288 0.122697 0.0063040000000000006 0.0062610000000000001 0.0063459999999999992 0.0014499999999999999 0.001441 0.001408 5.7553269851548681 5.7553269851548681 5.7553269851548681 0.0004486830192037083 0.0004486830192037083 0.0004486830192037083 1 1 1 Converged Converged Converged OK OK OK 130 130 130 130 130 130 6 6 6 0 0 0 0 0 1 0 0
156 156 uniform 2 7 1567 1 0.0001 1.9415274137496876 0.0043941950780634594 0.0027891829245853248 -1.4141225432413171 0.014373414634767176 -1.4143408271223716 0 1.4228349524839394 5.92437012195421 OK 15 14 0.51667600000000002 0.42185600000000001 0.18907199999999999 0.33037300000000003 0.19140199999999999 0 0.186303 0.23045400000000002 0.18907199999999999 0.013466000000000001 0.013639 0.012957 0.13391500000000012 0.17690900000000001 0.13706300000000005 0.0063340000000000002 0.0066389999999999999 0.0066420000000000003 0.0014479999999999999 0.0015090000000000001 0.00149 5.9243699073422915 5.9243699073422915 5.9243699073422915 0.00024073104200820672 0.00024073104200820672 0.00024073104200820672 1 1 1 Converged Converged Converged OK OK OK 138 138 138 138 138 138 6 6 6 0 0 0 0 1 0 0 1
156 156 uniform 2 15 1567 2 0.0001 1.9415274137496876 0.0043941950780634594 0.0027891829245853248 -1.4141225432413171 0.014373414634767176 -1.4139527668893859 0 1.4224468922509537 6.1908255257229445 OK 15 14 0.49323099999999998 0.398617 0.16598599999999999 0.32582100000000003 0.18945799999999999 0 0.16740999999999995 0.20915900000000001 0.16598599999999999 0.013533 0.013643000000000001 0.012973999999999999 0.11990000000000001 0.16091599999999995 0.11899199999999996 0.0057659999999999994 0.0059209999999999992 0.0057719999999999994 0.0012960000000000003 0.0013310000000000002 0.0013630000000000001 6.1908252589991273 6.1908252589991273 6.1908252589991273 0.00056651707415017775 0.00056651707415017775 0.00056651707415017775 1 1 1 Converged Converged Converged OK OK OK 122 122 122 122 122 122 6 6 6 0 0 0 0 1 0 0 1
156 156 uniform 2 23 1567 3 0.0001 1.9415274137496876 0.0043941950780634594 0.0027891829245853248 -1.4141225432413171 0.014373414634767176 -1.4135647066564001 0 1.4220588320179679 6.7108780096509655 OK 14 13 0.60674300000000003 0.50507599999999997 0.17111100000000001 0.43374800000000002 0.292819 0 0.17299500000000001 0.21225699999999997 0.17111100000000001 0.011494000000000001 0.011612000000000001 0.010888999999999999 0.128715 0.16336299999999992 0.12790299999999999 0.0055999999999999991 0.0058920000000000005 0.0057239999999999991 0.0014810000000000001 0.001464 0.0015100000000000001 6.7108791988184713 6.7108791988184713 6.7108791988184713 0.0004217989407743829 0.0004217989407743829 0.0004217989407743829 1 1 1 Converged Converged Converged OK OK OK 129 129 129 129 129 129 7 7 7 0 0 0 0 1 0 0 1
156 156 uniform 3 0 1568 0 0.001 1.9415274137496876 0.0043941950780634594 0.0027891829245853248 -1.4171942344166129 -0.030580741711781923 -1.4177520710015299 0 1.4262461963630977 3.1707567441040898 OK 13 12 0.50497199999999998 0.50723099999999999 0.068092 0.43532599999999999 0.43806499999999998 0 0.069645999999999986 0.069166000000000005 0.068092 0.0088940000000000009 0.0090639999999999991 0.0086160000000000004 0.044511999999999989 0.044360000000000004 0.043763000000000003 0.0021879999999999998 0.0022309999999999999 0.0021910000000000002 0.00058 0.00053200000000000003 0.00053200000000000003 3.1707563990337211 3.1707563990337211 3.1707563990337211 0.00076205009383841893 0.00076205009383841893 0.00076205009383841893 1 1 1 Converged Converged Converged OK OK OK 45 45 45 45 45 45 3 3 3 0 0 0 0 0 1 0 0
156 156 uniform 3 7 1568 1 0.001 1.9415274137496876 0.0043941950780634594 0.0027891829245853248 -1.4171942344166129 -0.030580741711781923 -1.4174125182976673 0 1.4259066436592351 2.9177069302181682 OK 13 12 0.50829500000000005 0.39963399999999999 0.066498000000000002 0.44039 0.30881199999999998 0 0.067905000000000049 0.090822000000000014 0.066498000000000002 0.0081849999999999996 0.0082500000000000004 0.0077359999999999998 0.045689000000000014 0.06870699999999999 0.04517899999999999 0.0022100000000000002 0.0022460000000000002 0.0021640000000000001 0.00054699999999999996 0.00054900000000000001 0.00052400000000000005 2.9177068089327358 2.9177068089327358 2.9177068089327358 0.0010034173715533995 0.0010034173715533995 0.0010034173715533995 1 1 1 Converged Converged Converged OK OK OK 45 45 45 45 45 45 3 3 3 0 0 0 0 1 0 0 1
156 156 uniform 3 15 1568 2 0.001 1.9415274137496876 0.0043941950780634594 0.0027891829245853248 -1.4171942344166129 -0.030580741711781923 -1.4170244580646816 0 1.4255185834262494 2.7298756234392472 OK 13 12 0.38419500000000001 0.26882 0.062975000000000003 0.31957099999999999 0.18435199999999999 0 0.064624000000000015 0.084468000000000015 0.062975000000000003 0.0081320000000000003 0.0081600000000000006 0.0076369999999999997 0.042457000000000002 0.062484999999999985 0.041912000000000005 0.002189 0.002225 0.0021589999999999999 0.00053600000000000002 0.00054799999999999998 0.00051599999999999997 2.7298755665157262 2.7298755665157262 2.7298755665157262 0.00099567746488724257 0.00099567746488724257 0.00099567746488724257 1 1 1 Converged Converged Converged OK OK OK 45 45 45 45 45 45 3 3 3 0 0 0 0 1 0 0 1
156 156 uniform 3 23 1568 3 0.001 1.9415274137496876 0.0043941950780634594 0.0027891829245853248 -1.4171942344166129 -0.030580741711781923 -1.4166363978316958 0 1.4251305231932636 2.5915336970370091 OK 13 12 0.36356899999999998 0.25373499999999999 0.064821000000000004 0.29712699999999997 0.170261 0 0.066442000000000001 0.083473999999999993 0.064821000000000004 0.0081980000000000004 0.0082959999999999996 0.0076959999999999997 0.044298999999999998 0.061346999999999999 0.043703999999999986 0.0022300000000000002 0.0022060000000000001 0.0021519999999999998 0.00053300000000000005 0.00053700000000000004 0.00052300000000000003 2.5915336745114321 2.5915336745114321 2.5915336745114321 0.00094141976731092517 0.00094141976731092517 0.00094141976731092517 1 1 1 Converged Converged Converged OK OK OK 45 45 45 45 45 45 3 3 3 0 0 0 0 1 0 0 1
156 156 uniform 3 0 1568 0 0.0001 1.9415274137496876 0.0043941950780634594 0.0027891829245853248 -1.4171942344166129 -0.030580741711781923 -1.4177520710015299 0 1.4262461963630977 3.1707567441040898 OK 13 12 0.55047500000000005 0.54560200000000003 0.11101800000000001 0.43278899999999998 0.43404100000000001 0 0.11768600000000007 0.11156100000000002 0.11101800000000001 0.0090659999999999994 0.0089940000000000003 0.0087740000000000005 0.080936999999999967 0.075223000000000012 0.074673000000000003 0.0039560000000000003 0.003993 0.003875 0.00079600000000000005 0.00077399999999999995 0.00077499999999999997 3.17075630636635 3.17075630636635 3.17075630636635 2.7358536743456197e-05 2.7358536743456197e-05 2.7358536743456197e-05 1 1 1 Converged Converged Converged OK OK OK 77 77 77 77 77 77 3 3 3 0 0 0 0 0 1 0 0
156 156 uniform 3 7 1568 1 0.0001 1.9415274137496876 0.0043941950780634594 0.0027891829245853248 -1.4171942344166129 -0.030580741711781923 -1.4174125182976673 0 1.4259066436592351 2.9177069302181682 OK 13 12 0.55260699999999996 0.456349 0.106934 0.44450099999999998 0.31094699999999997 0 0.10810599999999998 0.14540200000000003 0.106934 0.0083049999999999999 0.0082920000000000008 0.0077759999999999999 0.07587099999999998 0.11326600000000003 0.075886999999999968 0.003885 0.0039550000000000002 0.0039220000000000001 0.00077400000000000006 0.00076199999999999998 0.00074699999999999994 2.9177067382173538 2.9177067382173538 2.9177067382173538 2.6871176707344331e-05 2.6871176707344331e-05 2.6871176707344331e-05 1 1 1 Converged Converged Converged OK OK OK 77 77 77 77 77 77 3 3 3 0 0 0 0 1 0 0 1
156 156 uniform 3 15 1568 2 0.0001 1.9415274137496876 0.0043941950780634594 0.0027891829245853248 -1.4171942344166129 -0.030580741711781923 -1.4170244580646816 0 1.4255185834262494 2.7298756234392472 OK 13 12 0.42239199999999999 0.319664 0.103035 0.31713999999999998 0.184115 0 0.10525200000000001 0.135549 0.103035 0.008182 0.008293 0.0076779999999999999 0.072970000000000007 0.10370999999999998 0.072137000000000007 0.0040169999999999997 0.0038899999999999998 0.0038630000000000001 0.00075699999999999997 0.000754 0.00074800000000000008 2.7298755715087459 2.7298755715087459 2.7298755715087459 2.6699122563815762e-05 2.6699122563815762e-05 2.6699122563815762e-05 1 1 1 Converged Converged Converged OK OK OK 77 77 77 77 77 77 3 3 3 0 0 0 0 1 0 0 1
156 156 uniform 3 23 1568 3 0.0001 1.9415274137496876 0.0043941950780634594 0.0027891829245853248 -1.4171942344166129 -0.030580741711781923 -1.4166363978316958 0 1.4251305231932636 2.5915336970370091 OK 13 12 0.40429399999999999 0.30484800000000001 0.10387399999999999 0.29868800000000001 0.16409899999999999 0 0.10560599999999998 0.14074900000000001 0.10387399999999999 0.0082559999999999995 0.0083059999999999991 0.0077039999999999999 0.07346599999999999 0.108739 0.073304999999999995 0.003875 0.0039979999999999998 0.0038179999999999998 0.00077900000000000007 0.00079100000000000004 0.00074700000000000005 2.5915336852641042 2.5915336852641042 2.5915336852641042 2.665849204898851e-05 2.665849204898851e-05 2.665849204898851e-05 1 1 1 Converged Converged Converged OK OK OK 77 77 77 77 77 77 3 3 3 0 0 0 0 1 0 0 1
156 156 uniform 4 0 1569 0 0.001 1.9415274137496876 0.0043941950780634594 0.0027891829245853248 -1.4051627799269266 0.0045452720306806303 -1.4057206165118437 0 1.4142147418734115 5.0230131742341433 OK 15 14 0.66814600000000002 0.67398400000000003 0.138319 0.52900800000000003 0.52896900000000002 0 0.13913799999999998 0.14501500000000001 0.138319 0.014178 0.019026999999999999 0.013826 0.096642999999999993 0.097462999999999994 0.096489999999999979 0.0036720000000000004 0.0037779999999999992 0.0036299999999999995 0.00094800000000000006 0.000977 0.00096299999999999999 5.0230131088257393 5.0230131088257393 5.0230131088257393 0.0016746574335965291 0.0016746574335965291 0.0016746574335965291 1 1 1 Converged Converged Converged OK OK OK 75 75 75 75 75 75 5 5 5 0 0 0 0 0 1 0 0
156 156 uniform 4 7 1569 1 0.001 1.9415274137496876 0.0043941950780634594 0.0027891829245853248 -1.4051627799269266 0.0045452720306806303 -1.4053810638079811 0 1.4138751891695489 5.0788428519826851 OK 15 14 0.59635300000000002 0.49197600000000002 0.135932 0.45863999999999999 0.32704499999999997 0 0.13771300000000003 0.16493100000000005 0.135932 0.013571 0.013576 0.012829 0.10049299999999996 0.127361 0.10001800000000001 0.0035950000000000005 0.0037160000000000001 0.0035140000000000002 0.00091200000000000005 0.00099399999999999987 0.00093099999999999997 5.0788607208034628 5.0788607208034628 5.0788607208034628 0.0044574700360128687 0.0044574700360128687 0.0044574700360128687 1 1 1 Converged Converged Converged OK OK OK 82 82 82 82 82 82 6 6 6 0 0 0 0 1 0 0 1
156 156 uniform 4 15 1569 2 0.001 1.9415274137496876 0.0043941950780634594 0.0027891829245853248 -1.4051627799269266 0.0045452720306806303 -1.4049930035749953 0 1.4134871289365631 5.1469316255109403 OK 15 14 0.57908400000000004 0.46784700000000001 0.13697000000000001 0.43681300000000001 0.305066 0 0.14227100000000004 0.16278100000000001 0.13697000000000001 0.013587 0.013731 0.012862999999999999 0.10637000000000002 0.12644299999999997 0.10217999999999998 0.0035599999999999998 0.0037489999999999997 0.0035210000000000003 0.00096000000000000013 0.00097300000000000012 0.00093899999999999995 5.1469325359166893 5.1469325359166893 5.1469325359166893 0.0021432853701792128 0.0021432853701792128 0.0021432853701792128 1 1 1 Converged Converged Converged OK OK OK 82 82 82 82 82 82 6 6 6 0 0 0 0 1 0 0 1
156 156 uniform 4 23 1569 3 0.001 1.9415274137496876 0.0043941950780634594 0.0027891829245853248 -1.4051627799269266 0.0045452720306806303 -1.4046049433420096 0 1.4130990687035774 5.2200747680001269 OK 15 14 0.70206599999999997 0.59791700000000003 0.13156399999999999 0.565079 0.43160399999999999 0 0.13698699999999997 0.16631300000000004 0.13156399999999999 0.0135 0.013566999999999999 0.012784999999999999 0.10087 0.13020999999999999 0.096950999999999996 0.00349 0.0036489999999999999 0.0034780000000000002 0.00096999999999999994 0.001023 0.00096699999999999998 5.2200748211620001 5.2200748211620001 5.2200748211620001 0.0019445452022327327 0.0019445452022327327 0.0019445452022327327 1 1 1 Converged Converged Converged OK OK OK 82 82 82 82 82 82 6 6 6 0 0 0 0 1 0 0 1
156 156 uniform 4 0 1569 0 0.0001 1.9415274137496876 0.0043941950780634594 0.0027891829245853248 -1.4051627799269266 0.0045452720306806303 -1.4057206165118437 0 1.4142147418734115 5.0230131742341433 OK 15 14 0.74490199999999995 0.73896899999999999 0.206902 0.53235399999999999 0.53292399999999995 0 0.21254799999999996 0.20604500000000003 0.206902 0.015679999999999999 0.014520999999999999 0.013934 0.14843000000000003 0.14402199999999998 0.14517199999999997 0.0063499999999999997 0.0063620000000000005 0.0064130000000000003 0.0013770000000000002 0.0013910000000000001 0.0014270000000000001 5.0230131233035165 5.0230131233035165 5.0230131233035165 0.00017995747323022203 0.00017995747323022203 0.00017995747323022203 1 1 1 Converged Converged Converged OK OK OK 123 123 123 123 123 123 5 5 5 0 0 0 0 0 1 0 0
156 156 uniform 4 7 1569 1 0.0001 1.9415274137496876 0.0043941950780634594 0.0027891829245853248 -1.4051627799269266 0.0045452720306806303 -1.4053810638079811 0 1.4138751891695489 5.0788428519826851 OK 15 14 0.65957699999999997 0.57015000000000005 0.20300199999999999 0.46185100000000001 0.32482899999999998 0 0.19772599999999996 0.24532100000000007 0.20300199999999999 0.013747000000000001 0.013665 0.014236 0.14524500000000004 0.19373000000000007 0.15121999999999999 0.0065720000000000006 0.0062430000000000003 0.0061779999999999995 0.0014220000000000001 0.0014269999999999999 0.0013270000000000001 5.0788428147987181 5.0788428147987181 5.0788428147987181 0.00023266687919888489 0.00023266687919888489 0.00023266687919888489 1 1 1 Converged Converged Converged OK OK OK 130 130 130 130 130 130 6 6 6 0 0 0 0 1 0 0 1
156 156 uniform 4 15 1569 2 0.0001 1.9415274137496876 0.0043941950780634594 0.0027891829245853248 -1.4051627799269266 0.0045452720306806303 -1.4049930035749953 0 1.4134871289365631 5.1469316255109403 OK 15 14 0.63626300000000002 0.53605100000000006 0.19394800000000001 0.43752200000000002 0.30119200000000002 0 0.198741 0.23485900000000004 0.19394800000000001 0.013632 0.013557 0.012829999999999999 0.1490739999999999 0.18548400000000009 0.14584399999999997 0.0063809999999999995 0.0062189999999999997 0.0060720000000000001 0.001431 0.0014430000000000003 0.0014400000000000001 5.1469315714759967 5.1469315714759967 5.1469315714759967 0.00035026869619129579 0.00035026869619129579 0.00035026869619129579 1 1 1 Converged Converged Converged OK OK OK 130 130 130 130 130 130 6 6 6 0 0 0 0 1 0 0 1
156 156 uniform 4 23 1569 3 0.0001 1.9415274137496876 0.0043941950780634594 0.0027891829245853248 -1.4051627799269266 0.0045452720306806303 -1.4046049433420096 0 1.4130990687035774 5.2200747680001269 OK 15 14 0.74794799999999995 0.66202300000000003 0.18306700000000001 0.56596500000000005 0.43491200000000002 0 0.18198299999999989 0.22711100000000001 0.18306700000000001 0.013958999999999999 0.013769 0.012756999999999999 0.13396100000000005 0.17864499999999997 0.13677300000000001 0.0057160000000000006 0.0059100000000000003 0.0055910000000000005 0.001444 0.001462 0.0014249999999999998 5.2200748049383598 5.2200748049383598 5.2200748049383598 0.00047709860665082709 0.00047709860665082709 0.00047709860665082709 1 1 1 Converged Converged Converged OK OK OK 122 122 122 122 122 122 6 6 6 0 0 0 0 1 0 0 1
157 157 linear 0 0 1570 0 0.001 0.67902942496361951 0.00011648648346305463 0.12268788526897131 0.8162954943072408 -0.031605827259912886 0.79175791725344657 0.5 -0.79167882871631023 1.545417029500423 OK 16 15 0.86775199999999997 0.85953199999999996 0.30075400000000002 0.558639 0.55714699999999995 0 0.30911299999999997 0.30238500000000001 0.30075400000000002 0.014256 0.014134000000000001 0.013475000000000001 0.25203199999999998 0.24737699999999996 0.24682200000000012 0.0073930000000000003 0.0062659999999999999 0.0061580000000000003 0.0012330000000000002 0.001158 0.0011969999999999999 1.5454105587258733 1.5454105587258733 1.5454105587258733 0.00117088676236277 0.00117088676236277 0.00117088676236277 1 1 1 Converged Converged Converged OK OK OK 110 110 110 110 110 110 10 10 10 0 0 0 0 0 1 0 0
157 157 linear 0 7 1570 1 0.001 0.67902942496361951 0.00011648648346305463 0.12268788526897131 0.8162954943072408 -0.031605827259912886 0.80669383372097347 0.5 -0.80661474518383713 1.5265127239145733 OK 16 15 0.71071499999999999 0.46008700000000002 0.26686900000000002 0.43384299999999998 0.17815300000000001 0 0.27687200000000001 0.28193400000000002 0.26686900000000002 0.012689000000000001 0.012658000000000001 0.011743 0.23285400000000003 0.23887099999999997 0.22614700000000001 0.0065879999999999992 0.005849 0.0055550000000000009 0.0012509999999999999 0.001297 0.0011940000000000002 1.5265104754737884 1.5265104754737884 1.5265104754737884 0.00063254211121245227 0.00063254211121245227 0.00063254211121245227 1 1 1 Converged Converged Converged OK OK OK 110 110 110 110 110 110 10 10 10 0 0 0 0 1 0 0 1
157 157 linear 0 15 1570 2 0.001 0.67902942496361951 0.00011648648346305463 0.12268788526897131 0.8162954943072408 -0.031605827259912886 0.82376345254100425 0.5 -0.82368436400386791 1.5058717477740191 OK 16 15 0.65119400000000005 0.46267200000000003 0.285304 0.35476999999999997 0.16695399999999999 0 0.29642400000000008 0.29571800000000004 0.285304 0.012851 0.012664 0.011292 0.24944900000000009 0.24909600000000001 0.24266999999999997 0.0061869999999999998 0.0067079999999999996 0.0055759999999999994 0.0014269999999999999 0.0012370000000000003 0.001186 1.5058560636860854 1.5058560636860854 1.5058560636860854 0.00063621049682075262 0.00063621049682075262 0.00063621049682075262 1 1 1 Converged Converged Converged OK OK OK 117 117 117 117 117 117 11 11 11 0 0 0 0 1 0 0 1
157 157 linear 0 23 1570 3 0.001 0.67902942496361951 0.00011648648346305463 0.12268788526897131 0.8162954943072408 -0.031605827259912886 0.84083307136103502 0.5 -0.84075398282389868 1.4861866192525017 OK 16 15 0.75727 0.58207299999999995 0.27614699999999998 0.47292600000000001 0.29234100000000002 0 0.28434399999999999 0.28973199999999993 0.27614699999999998 0.01243 0.012331999999999999 0.011214999999999999 0.240928 0.24631100000000014 0.23551900000000006 0.0058539999999999998 0.0062269999999999999 0.0055420000000000001 0.0013680000000000001 0.0013370000000000001 0.0012780000000000001 1.4861495954187816 1.4861495954187816 1.4861495954187816 0.00065022556603472142 0.00065022556603472142 0.00065022556603472142 1 1 1 Converged Converged Converged OK OK OK 117 117 117 117 117 117 11 11 11 0 0 0 0 1 0 0 1
157 157 linear 0 0 1570 0 0.0001 0.67902942496361951 0.00011648648346305463 0.12268788526897131 0.8162954943072408 -0.031605827259912886 0.79175791725344657 0.5 -0.79167882871631023 1.545417029500423 OK 16 15 0.98190699999999997 0.96749499999999999 0.41185300000000002 0.55730800000000003 0.55432300000000001 0 0.42459899999999995 0.41317199999999998 0.41185300000000002 0.014024999999999999 0.013913999999999999 0.013675 0.3550239999999999 0.34445499999999996 0.34488300000000005 0.0087250000000000001 0.0085789999999999998 0.0078719999999999988 0.0017930000000000001 0.0018010000000000001 0.001781 1.5454162294616225 1.5454162294616225 1.5454162294616225 7.968935653187034e-05 7.968935653187034e-05 7.968935653187034e-05 1 1 1 Converged Converged Converged OK OK OK 142 142 142 142 142 142 10 10 10 0 0 0 0 0 1 0 0
157 157 linear 0 7 1570 1 0.0001 0.67902942496361951 0.00011648648346305463 0.12268788526897131 0.8162954943072408 -0.031605827259912886 0.80669383372097347 0.5 -0.80661474518383713 1.5265127239145733 OK 16 15 0.72291300000000003 0.47857 0.28837000000000002 0.43435099999999999 0.18077699999999999 0 0.28856200000000004 0.29779299999999997 0.28837000000000002 0.012095 0.012586 0.01155 0.24513499999999999 0.25102300000000005 0.24232100000000006 0.0055920000000000006 0.0072020000000000009 0.0095000000000000015 0.0013060000000000001 0.0013540000000000002 0.0013189999999999999 1.5265104436915029 1.5265104436915029 1.5265104436915029 0.00013704971654292082 0.00013704971654292082 0.00013704971654292082 1 1 1 Converged Converged Converged OK OK OK 118 118 118 118 118 118 10 10 10 0 0 0 0 1 0 0 1
157 157 linear 0 15 1570 2 0.0001 0.67902942496361951 0.00011648648346305463 0.12268788526897131 0.8162954943072408 -0.031605827259912886 0.82376345254100425 0.5 -0.82368436400386791 1.5058717477740191 OK 16 15 0.700326 0.50244999999999995 0.326795 0.35697200000000001 0.16644400000000001 0 0.34335399999999999 0.33600599999999992 0.326795 0.012484 0.012562 0.011410999999999999 0.29349700000000006 0.2889110000000002 0.28154700000000005 0.0080540000000000004 0.0067189999999999993 0.0063349999999999995 0.0016310000000000001 0.001586 0.0015769999999999998 1.5058707780763054 1.5058707780763054 1.5058707780763054 0.00010056894242324414 0.00010056894242324414 0.00010056894242324414 1 1 1 Converged Converged Converged OK OK OK 133 133 133 133 133 133 11 11 11 0 0 0 0 1 0 0 1
157 157 linear 0 23 1570 3 0.0001 0.67902942496361951 0.00011648648346305463 0.12268788526897131 0.8162954943072408 -0.031605827259912886 0.84083307136103502 0.5 -0.84075398282389868 1.4861866192525017 OK 16 15 0.80769199999999997 0.62972099999999998 0.32788499999999998 0.47026800000000002 0.29600100000000001 0 0.33742399999999995 0.33371999999999996 0.32788499999999998 0.012181000000000001 0.01251 0.01123 0.28936400000000023 0.28700399999999993 0.28310099999999994 0.007585999999999999 0.0066609999999999985 0.0062619999999999993 0.0016980000000000001 0.0017770000000000002 0.0016209999999999998 1.4861842317355569 1.4861842317355569 1.4861842317355569 0.00013073208764265352 0.00013073208764265352 0.00013073208764265352 1 1 1 Converged Converged Converged OK OK OK 133 133 133 133 133 133 11 11 11 0 0 0 0 1 0 0 1
157 157 linear 1 0 1571 0 0.001 0.67902942496361951 0.00011648648346305463 0.12268788526897131 0.81540864523719636 -0.085350525406100788 0.79087106818340214 0.5 -0.7907919796462658 1.5417290786760531 OK 15 14 0.60591899999999999 0.59828099999999995 0.26223000000000002 0.34218900000000002 0.33676299999999998 0 0.26372999999999996 0.26151799999999997 0.26223000000000002 0.014312 0.013911 0.013696 0.21334399999999998 0.21142600000000006 0.21302900000000002 0.0053010000000000002 0.0054870000000000006 0.0051319999999999994 0.0010549999999999999 0.0010470000000000002 0.001011 1.5417211010285061 1.5417211010285061 1.5417211010285061 0.00086758571360326853 0.00086758571360326853 0.00086758571360326853 1 1 1 Converged Converged Converged OK OK OK 102 102 102 102 102 102 10 10 10 0 0 0 0 0 1 0 0
157 157 linear 1 7 1571 1 0.001 0.67902942496361951 0.00011648648346305463 0.12268788526897131 0.81540864523719636 -0.085350525406100788 0.80580698465092904 0.5 -0.8057278961137927 1.5230685204753087 OK 15 14 0.61965199999999998 0.44968900000000001 0.270814 0.33919899999999997 0.165933 0 0.28045300000000001 0.28375600000000001 0.270814 0.012599000000000001 0.012907999999999999 0.011802 0.23888499999999996 0.24369599999999997 0.23248600000000003 0.0061480000000000007 0.0051630000000000001 0.004914 0.0011130000000000001 0.0010069999999999999 0.0010379999999999999 1.5230682461157456 1.5230682461157456 1.5230682461157456 0.00035246037477387163 0.00035246037477387163 0.00035246037477387163 1 1 1 Converged Converged Converged OK OK OK 102 102 102 102 102 102 10 10 10 0 0 0 0 1 0 0 1
157 157 linear 1 15 1571 2 0.001 0.67902942496361951 0.00011648648346305463 0.12268788526897131 0.81540864523719636 -0.085350525406100788 0.82287660347095981 0.5 -0.82279751493382347 1.5026231871041749 OK 14 13 0.55003199999999997 0.38046099999999999 0.21384400000000001 0.324878 0.1542 0 0.22515399999999997 0.22626099999999999 0.21384400000000001 0.0098480000000000009 0.0098770000000000004 0.0091050000000000002 0.19014200000000001 0.19174399999999997 0.18296399999999996 0.0052370000000000003 0.0051549999999999999 0.0042230000000000002 0.0010089999999999999 0.001175 0.00093599999999999998 1.5025537674829019 1.5025537674829019 1.5025537674829019 0.0010266214478402735 0.0010266214478402735 0.0010266214478402735 1 1 1 Converged Converged Converged OK OK OK 95 95 95 95 95 95 9 9 9 0 0 0 0 1 0 0 1
157 157 linear 1 23 1571 3 0.001 0.67902942496361951 0.00011648648346305463 0.12268788526897131 0.81540864523719636 -0.085350525406100788 0.83994622229099059 0.5 -0.83986713375385424 1.4829609815934355 OK 14 13 0.53537699999999999 0.36642000000000002 0.20146700000000001 0.3216 0.15354000000000001 0 0.21377699999999999 0.21288000000000001 0.20146700000000001 0.0095670000000000009 0.0096159999999999995 0.0086470000000000002 0.1805800000000001 0.17955699999999997 0.17136800000000008 0.0049150000000000001 0.0047689999999999998 0.0039740000000000001 0.00093600000000000009 0.001031 0.00088199999999999997 1.4829446025323501 1.4829446025323501 1.4829446025323501 0.00097170307856849544 0.00097170307856849544 0.00097170307856849544 1 1 1 Converged Converged Converged OK OK OK 95 95 95 95 95 95 9 9 9 0 0 0 0 1 0 0 1
157 157 linear 1 0 1571 0 0.0001 0.67902942496361951 0.00011648648346305463 0.12268788526897131 0.81540864523719636 -0.085350525406100788 0.79087106818340214 0.5 -0.7907919796462658 1.5417290786760531 OK 15 14 0.72401899999999997 0.71606700000000001 0.37152600000000002 0.35237000000000002 0.340727 0 0.37164899999999995 0.37534000000000001 0.37152600000000002 0.013839000000000001 0.014343 0.013988 0.30849700000000008 0.30976200000000009 0.30750099999999991 0.0069039999999999995 0.007716999999999999 0.0072210000000000017 0.001539 0.0017060000000000001 0.0016539999999999999 1.5417290381995004 1.5417290381995004 1.5417290381995004 0.00011536144307592527 0.00011536144307592527 0.00011536144307592527 1 1 1 Converged Converged Converged OK OK OK 134 134 134 134 134 134 10 10 10 0 0 0 0 0 1 0 0
157 157 linear 1 7 1571 1 0.0001 0.67902942496361951 0.00011648648346305463 0.12268788526897131 0.81540864523719636 -0.085350525406100788 0.80580698465092904 0.5 -0.8057278961137927 1.5230685204753087 OK 15 14 0.65561000000000003 0.49722499999999997 0.31197200000000003 0.34054299999999998 0.17463899999999999 0 0.31506700000000004 0.32258599999999998 0.31197200000000003 0.012439 0.012832 0.011858 0.27021299999999993 0.27522300000000005 0.267901 0.0061660000000000005 0.0075469999999999982 0.0063889999999999997 0.0011979999999999998 0.001217 0.0012700000000000001 1.5230683089794952 1.5230683089794952 1.5230683089794952 0.00012581110417949726 0.00012581110417949726 0.00012581110417949726 1 1 1 Converged Converged Converged OK OK OK 118 118 118 118 118 118 10 10 10 0 0 0 0 1 0 0 1
157 157 linear 1 15 1571 2 0.0001 0.67902942496361951 0.00011648648346305463 0.12268788526897131 0.81540864523719636 -0.085350525406100788 0.82287660347095981 0.5 -0.82279751493382347 1.5026231871041749 OK 14 13 0.62627900000000003 0.468221 0.29772300000000002 0.32361499999999999 0.156088 0 0.30266400000000004 0.31213299999999999 0.29772300000000002 0.0097370000000000009 0.010281 0.0092409999999999992 0.25445600000000013 0.26311899999999994 0.24876600000000004 0.010105999999999999 0.010088 0.0084659999999999996 0.0015640000000000001 0.001428 0.0013179999999999999 1.5026232359653267 1.5026232359653267 1.5026232359653267 0.00010498914942769988 0.00010498914942769988 0.00010498914942769988 1 1 1 Converged Converged Converged OK OK OK 143 143 143 143 143 143 9 9 9 0 0 0 0 1 0 0 1
157 157 linear 1 23 1571 3 0.0001 0.67902942496361951 0.00011648648346305463 0.12268788526897131 0.81540864523719636 -0.085350525406100788 0.83994622229099059 0.5 -0.83986713375385424 1.4829609815934355 OK 14 13 0.56939700000000004 0.39766299999999999 0.22875400000000001 0.330374 0.156634 0 0.23902300000000004 0.24102899999999999 0.22875400000000001 0.0096989999999999993 0.0097929999999999996 0.008881 0.20102700000000007 0.2043919999999998 0.19464700000000004 0.0061670000000000006 0.0058279999999999998 0.0050669999999999995 0.001078 0.00117 0.0010820000000000001 1.48296079148925 1.48296079148925 1.48296079148925 0.00014384717052161216 0.00014384717052161216 0.00014384717052161216 1 1 1 Converged Converged Converged OK OK OK 111 111 111 111 111 111 9 9 9 0 0 0 0 1 0 0 1
157 157 linear 2 0 1572 0 0.001 0.67902942496361951 0.00011648648346305463 0.12268788526897131 0.90437911057138165 0.10201664715685295 0.87984153351758743 0.5 -0.87976244498045109 1.4413431264101813 OK 13 12 0.52508600000000005 0.51714700000000002 0.20641399999999999 0.31440000000000001 0.30848199999999998 0 0.21068600000000004 0.20866500000000004 0.20641399999999999 0.0078279999999999999 0.0077450000000000001 0.0073969999999999999 0.17410999999999996 0.17353800000000003 0.17131200000000005 0.0040200000000000001 0.0037809999999999996 0.0038799999999999998 0.0010610000000000001 0.00084599999999999996 0.00086499999999999988 1.4413438983469526 1.4413438983469526 1.4413438983469526 0.00035100130564139591 0.00035100130564139591 0.00035100130564139591 1 1 1 Converged Converged Converged OK OK OK 88 88 88 88 88 88 8 8 8 0 0 0 0 0 1 0 0
157 157 linear 2 7 1572 1 0.001 0.67902942496361951 0.00011648648346305463 0.12268788526897131 0.90437911057138165 0.10201664715685295 0.89477744998511433 0.5 -0.89469836144797799 1.4260705535081777 OK 14 13 0.46112799999999998 0.29817199999999999 0.133354 0.32185599999999998 0.15501000000000001 0 0.13927200000000001 0.14316199999999998 0.133354 0.0093360000000000005 0.0090729999999999995 0.0086719999999999992 0.10956399999999999 0.11363200000000004 0.10554200000000001 0.0036459999999999999 0.0037499999999999999 0.0034950000000000003 0.00082899999999999998 0.000861 0.00082200000000000003 1.4260706440137774 1.4260706440137774 1.4260706440137774 0.00036577293145532844 0.00036577293145532844 0.00036577293145532844 1 1 1 Converged Converged Converged OK OK OK 81 81 81 81 81 81 7 7 7 0 0 0 0 1 0 0 1
157 157 linear 2 15 1572 2 0.001 0.67902942496361951 0.00011648648346305463 0.12268788526897131 0.90437911057138165 0.10201664715685295 0.9118470688051451 0.5 -0.91176798026800876 1.4099231776157053 OK 14 13 0.45154100000000003 0.28848200000000002 0.124708 0.31589099999999998 0.14987600000000001 0 0.13565000000000005 0.13860600000000001 0.124708 0.0087950000000000007 0.0089040000000000005 0.0081790000000000005 0.106391 0.10972300000000001 0.09885399999999997 0.0041260000000000003 0.0041929999999999997 0.0031770000000000001 0.00090399999999999996 0.00083299999999999997 0.00075000000000000002 1.4099211775202733 1.4099211775202733 1.4099211775202733 0.001046890067612966 0.001046890067612966 0.001046890067612966 1 1 1 Converged Converged Converged OK OK OK 74 74 74 74 74 74 6 6 6 0 0 0 0 1 0 0 1
157 157 linear 2 23 1572 3 0.001 0.67902942496361951 0.00011648648346305463 0.12268788526897131 0.90437911057138165 0.10201664715685295 0.92891668762517587 0.5 -0.92883759908803953 1.3947600446057749 OK 14 13 0.45961600000000002 0.29325099999999998 0.123081 0.330179 0.15745500000000001 0 0.12943700000000002 0.13579599999999997 0.123081 0.0086990000000000001 0.008652 0.0080309999999999999 0.101052 0.10788500000000001 0.097492000000000037 0.00396 0.003882 0.0031720000000000003 0.00084400000000000002 0.00084100000000000006 0.0008160000000000001 1.3947577650483207 1.3947577650483207 1.3947577650483207 0.001030971296675987 0.001030971296675987 0.001030971296675987 1 1 1 Converged Converged Converged OK OK OK 74 74 74 74 74 74 6 6 6 0 0 0 0 1 0 0 1
157 157 linear 2 0 1572 0 0.0001 0.67902942496361951 0.00011648648346305463 0.12268788526897131 0.90437911057138165 0.10201664715685295 0.87984153351758743 0.5 -0.87976244498045109 1.4413431264101813 OK 13 12 0.54638699999999996 0.53896900000000003 0.22439799999999999 0.30817699999999998 0.31275799999999998 0 0.23820999999999998 0.22621100000000005 0.22439799999999999 0.012193000000000001 0.0080319999999999992 0.0076270000000000001 0.19129600000000008 0.18572699999999998 0.18513199999999999 0.0057300000000000007 0.004816 0.004836 0.001261 0.0011099999999999999 0.00097899999999999984 1.4413433635881989 1.4413433635881989 1.4413433635881989 3.3744953993807847e-05 3.3744953993807847e-05 3.3744953993807847e-05 1 1 1 Converged Converged Converged OK OK OK 104 104 104 104 104 104 8 8 8 0 0 0 0 0 1 0 0
157 157 linear 2 7 1572 1 0.0001 0.67902942496361951 0.00011648648346305463 0.12268788526897131 0.90437911057138165 0.10201664715685295 0.89477744998511433 0.5 -0.89469836144797799 1.4260705535081777 OK 14 13 0.48631099999999999 0.31596000000000002 0.155144 0.32446700000000001 0.152614 0 0.16184399999999999 0.16334600000000002 0.155144 0.0094459999999999995 0.0092110000000000004 0.0086499999999999997 0.12741799999999998 0.13109400000000002 0.12340199999999993 0.0052300000000000003 0.0044910000000000002 0.0046280000000000002 0.0010350000000000001 0.00093100000000000008 0.001013 1.426070996490435 1.426070996490435 1.426070996490435 4.6043442401673502e-05 4.6043442401673502e-05 4.6043442401673502e-05 1 1 1 Converged Converged Converged OK OK OK 97 97 97 97 97 97 7 7 7 0 0 0 0 1 0 0 1
157 157 linear 2 15 1572 2 0.0001 0.67902942496361951 0.00011648648346305463 0.12268788526897131 0.90437911057138165 0.10201664715685295 0.9118470688051451 0.5 -0.91176798026800876 1.4099231776157053 OK 14 13 0.485321 0.32485000000000003 0.15348899999999999 0.32467800000000002 0.15227599999999999 0 0.16064299999999998 0.17257400000000003 0.15348899999999999 0.0090919999999999994 0.0090130000000000002 0.0080870000000000004 0.12644800000000003 0.13817800000000005 0.12244000000000001 0.005215 0.00562 0.0046170000000000004 0.001176 0.0011549999999999998 0.0010989999999999999 1.4099230071058033 1.4099230071058033 1.4099230071058033 4.1462663836327863e-06 4.1462663836327863e-06 4.1462663836327863e-06 1 1 1 Converged Converged Converged OK OK OK 98 98 98 98 98 98 6 6 6 0 0 0 0 1 0 0 1
157 157 linear 2 23 1572 3 0.0001 0.67902942496361951 0.00011648648346305463 0.12268788526897131 0.90437911057138165 0.10201664715685295 0.92891668762517587 0.5 -0.92883759908803953 1.3947600446057749 OK 14 13 0.48702699999999999 0.32510600000000001 0.15030399999999999 0.33024399999999998 0.158055 0 0.15678300000000001 0.16705100000000001 0.15030399999999999 0.0087910000000000002 0.0089320000000000007 0.0080870000000000004 0.12328600000000001 0.13389400000000001 0.11928899999999998 0.0050499999999999998 0.0050699999999999999 0.0046119999999999998 0.001194 0.0011620000000000001 0.0010920000000000001 1.394759691896263 1.394759691896263 1.394759691896263 4.0756332554300619e-06 4.0756332554300619e-06 4.0756332554300619e-06 1 1 1 Converged Converged Converged OK OK OK 98 98 98 98 98 98 6 6 6 0 0 0 0 1 0 0 1
157 157 linear 3 0 1573 0 0.001 0.67902942496361951 0.00011648648346305463 0.12268788526897131 0.95648581663075827 -0.065059743664632866 0.93194823957696404 0.5 -0.9318691510398277 1.3927717705394056 OK 14 13 0.48526999999999998 0.47791 0.15679100000000001 0.32588800000000001 0.32076399999999999 0 0.15938199999999997 0.15714600000000001 0.15679100000000001 0.0093950000000000006 0.0095790000000000007 0.0093430000000000006 0.12464400000000003 0.122142 0.12203199999999993 0.0037130000000000002 0.0038869999999999998 0.003901 0.00090499999999999999 0.0010119999999999999 0.0009630000000000001 1.3927746731923643 1.3927746731923643 1.3927746731923643 0.00050319721195590502 0.00050319721195590502 0.00050319721195590502 1 1 1 Converged Converged Converged OK OK OK 82 82 82 82 82 82 6 6 6 0 0 0 0 0 1 0 0
157 157 linear 3 7 1573 1 0.001 0.67902942496361951 0.00011648648346305463 0.12268788526897131 0.95648581663075827 -0.065059743664632866 0.94688415604449094 0.5 -0.9468050675073546 1.3803630850495605 OK 14 13 0.46680899999999997 0.296734 0.145399 0.31749699999999997 0.14524699999999999 0 0.149312 0.15148700000000001 0.145399 0.0086169999999999997 0.0085380000000000005 0.0081910000000000004 0.120422 0.12343000000000005 0.11751899999999998 0.003712 0.0036029999999999999 0.0037089999999999996 0.00093299999999999991 0.00084500000000000005 0.00091200000000000005 1.3803645742122308 1.3803645742122308 1.3803645742122308 0.00027980807675765035 0.00027980807675765035 0.00027980807675765035 1 1 1 Converged Converged Converged OK OK OK 82 82 82 82 82 82 6 6 6 0 0 0 0 1 0 0 1
157 157 linear 3 15 1573 2 0.001 0.67902942496361951 0.00011648648346305463 0.12268788526897131 0.95648581663075827 -0.065059743664632866 0.96395377486452172 0.5 -0.96387468632738538 1.3668193039155527 OK 14 13 0.48214299999999999 0.31343700000000002 0.13860800000000001 0.33875100000000002 0.16497100000000001 0 0.14339199999999996 0.14846600000000001 0.13860800000000001 0.0086759999999999997 0.0087390000000000002 0.0079869999999999993 0.11453500000000004 0.118799 0.11135600000000002 0.0036740000000000002 0.0042269999999999999 0.003568 0.00091500000000000001 0.00089600000000000009 0.00090400000000000007 1.3668193458220013 1.3668193458220013 1.3668193458220013 0.00012796074451232623 0.00012796074451232623 0.00012796074451232623 1 1 1 Converged Converged Converged OK OK OK 82 82 82 82 82 82 6 6 6 0 0 0 0 1 0 0 1
157 157 linear 3 23 1573 3 0.001 0.67902942496361951 0.00011648648346305463 0.12268788526897131 0.95648581663075827 -0.065059743664632866 0.98102339368455249 0.5 -0.98094430514741615 1.3538810103873278 OK 14 13 0.541211 0.38233499999999998 0.13179199999999999 0.40441300000000002 0.23805499999999999 0 0.13679799999999998 0.14427999999999999 0.13179199999999999 0.008633 0.0087340000000000004 0.0080820000000000006 0.10855000000000001 0.11489200000000001 0.10465400000000004 0.0034369999999999995 0.0041029999999999999 0.0033730000000000001 0.00089700000000000001 0.00092999999999999995 0.00089900000000000006 1.353880374198535 1.353880374198535 1.353880374198535 9.2585946021504781e-05 9.2585946021504781e-05 9.2585946021504781e-05 1 1 1 Converged Converged Converged OK OK OK 82 82 82 82 82 82 6 6 6 0 0 0 0 1 0 0 1
157 157 linear 3 0 1573 0 0.0001 0.67902942496361951 0.00011648648346305463 0.12268788526897131 0.95648581663075827 -0.065059743664632866 0.93194823957696404 0.5 -0.9318691510398277 1.3927717705394056 OK 14 13 0.53862299999999996 0.53462500000000002 0.21443899999999999 0.324403 0.320932 0 0.21421999999999997 0.21369300000000002 0.21443899999999999 0.0094389999999999995 0.0096930000000000002 0.0092040000000000004 0.16984100000000005 0.16738899999999998 0.16982799999999995 0.0056310000000000006 0.0066299999999999996 0.0061250000000000002 0.0011349999999999999 0.001235 0.0012619999999999999 1.3927712643248653 1.3927712643248653 1.3927712643248653 1.346273761288132e-05 1.346273761288132e-05 1.346273761288132e-05 1 1 1 Converged Converged Converged OK OK OK 114 114 114 114 114 114 6 6 6 0 0 0 0 0 1 0 0
157 157 linear 3 7 1573 1 0.0001 0.67902942496361951 0.00011648648346305463 0.12268788526897131 0.95648581663075827 -0.065059743664632866 0.94688415604449094 0.5 -0.9468050675073546 1.3803630850495605 OK 14 13 0.51975300000000002 0.34939399999999998 0.190966 0.322434 0.144817 0 0.19731900000000002 0.20457699999999998 0.190966 0.0089390000000000008 0.0085719999999999998 0.0081049999999999994 0.16065099999999999 0.16788499999999995 0.15643499999999996 0.0058140000000000006 0.0062230000000000011 0.0056600000000000001 0.001114 0.0011450000000000002 0.0011029999999999998 1.3803624108300203 1.3803624108300203 1.3803624108300203 9.4016488580586883e-06 9.4016488580586883e-06 9.4016488580586883e-06 1 1 1 Converged Converged Converged OK OK OK 114 114 114 114 114 114 6 6 6 0 0 0 0 1 0 0 1
157 157 linear 3 15 1573 2 0.0001 0.67902942496361951 0.00011648648346305463 0.12268788526897131 0.95648581663075827 -0.065059743664632866 0.96395377486452172 0.5 -0.96387468632738538 1.3668193039155527 OK 14 13 0.48642800000000003 0.315058 0.13870499999999999 0.340584 0.16656000000000001 0 0.14584400000000003 0.14849799999999999 0.13870499999999999 0.0087430000000000008 0.0088310000000000003 0.0079719999999999999 0.11576499999999999 0.11875099999999997 0.111391 0.0041519999999999994 0.0042000000000000006 0.0036249999999999998 0.00094200000000000002 0.00095100000000000002 0.00093299999999999991 1.3668193458220013 1.3668193458220013 1.3668193458220013 0.00012796074451232623 0.00012796074451232623 0.00012796074451232623 1 1 1 Converged Converged Converged OK OK OK 82 82 82 82 82 82 6 6 6 0 0 0 0 1 0 0 1
157 157 linear 3 23 1573 3 0.0001 0.67902942496361951 0.00011648648346305463 0.12268788526897131 0.95648581663075827 -0.065059743664632866 0.98102339368455249 0.5 -0.98094430514741615 1.3538810103873278 OK 14 13 0.54621399999999998 0.381104 0.13178300000000001 0.40883799999999998 0.23184099999999999 0 0.137376 0.14926300000000001 0.13178300000000001 0.0086280000000000003 0.0087220000000000006 0.007927 0.10854900000000002 0.11475400000000002 0.10468300000000003 0.0037569999999999999 0.0040999999999999995 0.0034659999999999999 0.00091099999999999992 0.00097199999999999999 0.00089700000000000001 1.353880374198535 1.353880374198535 1.353880374198535 9.2585946021504781e-05 9.2585946021504781e-05 9.2585946021504781e-05 1 1 1 Converged Converged Converged OK OK OK 82 82 82 82 82 82 6 6 6 0 0 0 0 1 0 0 1
157 157 linear 4 0 1574 0 0.001 0.67902942496361951 0.00011648648346305463 0.12268788526897131 -0.23253483941473146 -0.0030274995866459257 -0.25707241646852574 0.5 0.25715150500566214 4.1004030677434455 OK 17 16 1.298786 1.2833639999999999 0.351827 0.92905400000000005 0.92157500000000003 0 0.36973199999999995 0.36178899999999992 0.351827 0.018362 0.017732000000000001 0.016990999999999999 0.31008400000000019 0.29958699999999999 0.29386000000000012 0.0058540000000000007 0.0085450000000000005 0.0067270000000000003 0.001291 0.0013570000000000001 0.00133 4.1004124014181897 4.1004124014181897 4.1004124014181897 0.0025585625516956899 0.0025585625516956899 0.0025585625516956899 1 1 1 Converged Converged Converged OK OK OK 119 119 119 119 119 119 9 9 9 0 0 0 0 0 1 0 0
157 157 linear 4 7 1574 1 0.001 0.67902942496361951 0.00011648648346305463 0.12268788526897131 -0.23253483941473146 -0.0030274995866459257 -0.24213650000099879 0.5 0.24221558853813516 4.3586099106042937 OK 17 16 1.097027 0.682172 0.33655499999999999 0.74817800000000001 0.32706200000000002 0 0.34884899999999996 0.35510999999999998 0.33655499999999999 0.014151 0.01444 0.013270000000000001 0.30369399999999996 0.30854600000000004 0.29431199999999991 0.006581 0.0076170000000000005 0.0058840000000000003 0.0012630000000000002 0.001256 0.001186 4.3586084168613963 4.3586084168613963 4.3586084168613963 0.0031575758455395994 0.0031575758455395994 0.0031575758455395994 1 1 1 Converged Converged Converged OK OK OK 119 119 119 119 119 119 9 9 9 0 0 0 0 1 0 0 1
157 157 linear 4 15 1574 2 0.001 0.67902942496361951 0.00011648648346305463 0.12268788526897131 -0.23253483941473146 -0.0030274995866459257 -0.22506688118096799 0.5 0.22514596971810436 4.7018379116486617 OK 17 16 1.0946419999999999 0.67854099999999995 0.33160400000000001 0.74867499999999998 0.33101999999999998 0 0.34596699999999991 0.34752099999999997 0.33160400000000001 0.013793 0.014090999999999999 0.012874 0.29923099999999997 0.3020540000000001 0.29051500000000013 0.0062050000000000004 0.0071879999999999999 0.005659 0.001047 0.0011560000000000001 0.0010710000000000001 4.701822488634944 4.701822488634944 4.701822488634944 0.0044322658874375925 0.0044322658874375925 0.0044322658874375925 1 1 1 Converged Converged Converged OK OK OK 119 119 119 119 119 119 9 9 9 0 0 0 0 1 0 0 1
157 157 linear 4 23 1574 3 0.001 0.67902942496361951 0.00011648648346305463 0.12268788526897131 -0.23253483941473146 -0.0030274995866459257 -0.20799726236093719 0.5 0.20807635089807355 5.1110677139139709 OK 17 16 1.0733550000000001 0.661555 0.370309 0.69147499999999995 0.269511 0 0.38188000000000011 0.392044 0.370309 0.014086 0.014128 0.012895999999999999 0.33058600000000016 0.33951400000000015 0.32200700000000004 0.0072439999999999996 0.0082150000000000001 0.0063350000000000004 0.0014049999999999998 0.0013779999999999999 0.0013960000000000001 5.1110331200318724 5.1110331200318724 5.1110331200318724 0.0029584410279808295 0.0029584410279808295 0.0029584410279808295 1 1 1 Converged Converged Converged OK OK OK 134 134 134 134 134 134 10 10 10 0 0 0 0 1 0 0 1
157 157 linear 4 0 1574 0 0.0001 0.67902942496361951 0.00011648648346305463 0.12268788526897131 -0.23253483941473146 -0.0030274995866459257 -0.25707241646852574 0.5 0.25715150500566214 4.1004030677434455 OK 17 16 1.5031209999999999 1.5161830000000001 0.55860100000000001 0.92615999999999998 0.93351099999999998 0 0.57696099999999995 0.58267200000000008 0.55860100000000001 0.017271000000000002 0.018811000000000001 0.016855999999999999 0.48588199999999998 0.48159199999999974 0.4680379999999999 0.014391999999999999 0.019748999999999999 0.014586999999999999 0.0019850000000000002 0.0021420000000000002 0.002026 4.1004024899420966 4.1004024899420966 4.1004024899420966 0.00039979875714191848 0.00039979875714191848 0.00039979875714191848 1 1 1 Converged Converged Converged OK OK OK 207 207 207 207 207 207 9 9 9 0 0 0 0 0 1 0 0
157 157 linear 4 7 1574 1 0.0001 0.67902942496361951 0.00011648648346305463 0.12268788526897131 -0.23253483941473146 -0.0030274995866459257 -0.24213650000099879 0.5 0.24221558853813516 4.3586099106042937 OK 17 16 1.315936 0.91378599999999999 0.55133399999999999 0.74281699999999995 0.331285 0 0.57311900000000005 0.58250099999999994 0.55133399999999999 0.014371 0.014919999999999999 0.016872000000000002 0.49788099999999991 0.50244999999999984 0.47608599999999995 0.014263000000000001 0.017707000000000001 0.013835999999999999 0.002052 0.0020839999999999999 0.0019979999999999998 4.3586083272497396 4.3586083272497396 4.3586083272497396 0.00041655526879399101 0.00041655526879399101 0.00041655526879399101 1 1 1 Converged Converged Converged OK OK OK 215 215 215 215 215 215 9 9 9 0 0 0 0 1 0 0 1
157 157 linear 4 15 1574 2 0.0001 0.67902942496361951 0.00011648648346305463 0.12268788526897131 -0.23253483941473146 -0.0030274995866459257 -0.22506688118096799 0.5 0.22514596971810436 4.7018379116486617 OK 17 16 1.3356809999999999 0.925284 0.56781000000000004 0.75006899999999999 0.33183699999999999 0 0.58561199999999991 0.59344700000000006 0.56781000000000004 0.013936 0.014154 0.012784999999999999 0.50860600000000011 0.51540000000000019 0.49539999999999978 0.014836 0.015695999999999998 0.013414000000000002 0.0021310000000000005 0.0021599999999999996 0.0020590000000000001 4.7018345725177673 4.7018345725177673 4.7018345725177673 0.00014729397861821514 0.00014729397861821514 0.00014729397861821514 1 1 1 Converged Converged Converged OK OK OK 223 223 223 223 223 223 9 9 9 0 0 0 0 1 0 0 1
157 157 linear 4 23 1574 3 0.0001 0.67902942496361951 0.00011648648346305463 0.12268788526897131 -0.23253483941473146 -0.0030274995866459257 -0.20799726236093719 0.5 0.20807635089807355 5.1110677139139709 OK 17 16 1.2763800000000001 0.85830399999999996 0.55984599999999995 0.69105700000000003 0.26945000000000002 0 0.58532300000000004 0.58885399999999999 0.55984599999999995 0.01417 0.014536 0.012992 0.51323299999999994 0.5169649999999999 0.49255299999999969 0.014714000000000001 0.014611000000000001 0.012983999999999999 0.0020400000000000001 0.0021210000000000001 0.0020209999999999998 5.1110620994304581 5.1110620994304581 5.1110620994304581 0.00023179119433730741 0.00023179119433730741 0.00023179119433730741 1 1 1 Converged Converged Converged OK OK OK 222 222 222 222 222 222 10 10 10 0 0 0 0 1 0 0 1
157 157 uniform 0 0 1575 0 0.001 0.67902942496361951 0.00011648648346305463 0.12268788526897131 0.8162954943072408 -0.031605827259912886 0.79175791725344657 0 -0.79167882871631023 1.5458400979188414 OK 16 15 0.71348800000000001 0.70705099999999999 0.151421 0.56283300000000003 0.55529499999999998 0 0.15065499999999998 0.151756 0.151421 0.013424999999999999 0.013535 0.013346999999999999 0.10564 0.10656899999999996 0.10663399999999998 0.0036250000000000002 0.0039219999999999993 0.0038150000000000007 0.00094200000000000002 0.0010429999999999999 0.00097400000000000004 1.5458314733150924 1.5458314733150924 1.5458314733150924 0.0013103797643669412 0.0013103797643669412 0.0013103797643669412 1 1 1 Converged Converged Converged OK OK OK 94 94 94 94 94 94 10 10 10 0 0 0 0 0 1 0 0
157 157 uniform 0 7 1575 1 0.001 0.67902942496361951 0.00011648648346305463 0.12268788526897131 0.8162954943072408 -0.031605827259912886 0.80669383372097347 0 -0.80661474518383713 1.526930239174968 OK 16 15 0.56481400000000004 0.31279600000000002 0.132605 0.42967 0.174902 0 0.13514400000000004 0.13789400000000002 0.132605 0.012070000000000001 0.012222999999999999 0.011216 0.099673000000000025 0.10262199999999996 0.098771999999999999 0.0036349999999999993 0.0038120000000000003 0.0037339999999999999 0.00094300000000000004 0.00094899999999999997 0.00088199999999999997 1.5269280995854704 1.5269280995854704 1.5269280995854704 0.00076412629932283286 0.00076412629932283286 0.00076412629932283286 1 1 1 Converged Converged Converged OK OK OK 94 94 94 94 94 94 10 10 10 0 0 0 0 1 0 0 1
157 157 uniform 0 15 1575 2 0.001 0.67902942496361951 0.00011648648346305463 0.12268788526897131 0.8162954943072408 -0.031605827259912886 0.82376345254100425 0 -0.82368436400386791 1.5063245802167042 OK 16 15 0.50037299999999996 0.315301 0.14519699999999999 0.35143999999999997 0.16007099999999999 0 0.14893299999999998 0.15523000000000001 0.14519699999999999 0.012119 0.012309 0.011205 0.11071499999999998 0.11710099999999998 0.10914399999999992 0.0040440000000000007 0.0039750000000000002 0.0037330000000000002 0.00096299999999999999 0.001072 0.0009859999999999999 1.5063023894020435 1.5063023894020435 1.5063023894020435 0.00097732665096279207 0.00097732665096279207 0.00097732665096279207 1 1 1 Converged Converged Converged OK OK OK 101 101 101 101 101 101 11 11 11 0 0 0 0 1 0 0 1
157 157 uniform 0 23 1575 3 0.001 0.67902942496361951 0.00011648648346305463 0.12268788526897131 0.8162954943072408 -0.031605827259912886 0.84083307136103502 0 -0.84075398282389868 1.4867194316187535 OK 16 15 0.61024 0.440749 0.14102600000000001 0.46717900000000001 0.29170099999999999 0 0.14306099999999999 0.14904800000000001 0.14102600000000001 0.011611 0.012477 0.011009 0.10771800000000002 0.11188600000000001 0.10663000000000004 0.0037499999999999999 0.0043019999999999994 0.0038939999999999999 0.00094000000000000008 0.0010579999999999999 0.00095 1.4866679833387584 1.4866679833387584 1.4866679833387584 0.0011836310090249569 0.0011836310090249569 0.0011836310090249569 1 1 1 Converged Converged Converged OK OK OK 101 101 101 101 101 101 11 11 11 0 0 0 0 1 0 0 1
157 157 uniform 0 0 1575 0 0.0001 0.67902942496361951 0.00011648648346305463 0.12268788526897131 0.8162954943072408 -0.031605827259912886 0.79175791725344657 0 -0.79167882871631023 1.5458400979188414 OK 16 15 0.784829 0.77457299999999996 0.22173300000000001 0.56335999999999997 0.55079999999999996 0 0.22146900000000003 0.223773 0.22173300000000001 0.013388000000000001 0.013644999999999999 0.013162999999999999 0.15718799999999999 0.15856099999999995 0.15745100000000006 0.0065749999999999992 0.0071120000000000003 0.0065960000000000012 0.0017690000000000002 0.0017909999999999998 0.001684 1.5458398341685671 1.5458398341685671 1.5458398341685671 7.4096042310051272e-05 7.4096042310051272e-05 7.4096042310051272e-05 1 1 1 Converged Converged Converged OK OK OK 142 142 142 142 142 142 10 10 10 0 0 0 0 0 1 0 0
157 157 uniform 0 7 1575 1 0.0001 0.67902942496361951 0.00011648648346305463 0.12268788526897131 0.8162954943072408 -0.031605827259912886 0.80669383372097347 0 -0.80661474518383713 1.526930239174968 OK 16 15 0.58884700000000001 0.33872600000000003 0.15177199999999999 0.43183100000000002 0.17705399999999999 0 0.15701599999999999 0.16167200000000004 0.15177199999999999 0.012324999999999999 0.012206 0.011207 0.11334700000000002 0.11867600000000005 0.11175099999999998 0.0054799999999999996 0.0054000000000000003 0.0048570000000000002 0.0014269999999999999 0.0014109999999999999 0.001322 1.5269280989371732 1.5269280989371732 1.5269280989371732 0.00015063642408090546 0.00015063642408090546 0.00015063642408090546 1 1 1 Converged Converged Converged OK OK OK 118 118 118 118 118 118 10 10 10 0 0 0 0 1 0 0 1
157 157 uniform 0 15 1575 2 0.0001 0.67902942496361951 0.00011648648346305463 0.12268788526897131 0.8162954943072408 -0.031605827259912886 0.82376345254100425 0 -0.82368436400386791 1.5063245802167042 OK 16 15 0.52843799999999996 0.34633999999999998 0.17336599999999999 0.35347400000000001 0.16306899999999999 0 0.17496399999999995 0.18327099999999999 0.17336599999999999 0.011927999999999999 0.012487 0.011221 0.13058800000000007 0.13652000000000009 0.12998100000000001 0.0054679999999999998 0.006254 0.0052719999999999998 0.001539 0.0016299999999999999 0.0015989999999999999 1.5063235108656436 1.5063235108656436 1.5063235108656436 0.00010168085533036298 0.00010168085533036298 0.00010168085533036298 1 1 1 Converged Converged Converged OK OK OK 133 133 133 133 133 133 11 11 11 0 0 0 0 1 0 0 1
157 157 uniform 0 23 1575 3 0.0001 0.67902942496361951 0.00011648648346305463 0.12268788526897131 0.8162954943072408 -0.031605827259912886 0.84083307136103502 0 -0.84075398282389868 1.4867194316187535 OK 16 15 0.66514799999999996 0.49216300000000002 0.19247300000000001 0.46624900000000002 0.28944799999999998 0 0.19889899999999994 0.20271500000000003 0.19247300000000001 0.015370999999999999 0.012205000000000001 0.010973999999999999 0.14583700000000005 0.15105099999999996 0.14437500000000009 0.0062900000000000005 0.0071680000000000008 0.0062370000000000004 0.0016459999999999999 0.0019300000000000001 0.00175 1.4867193369201175 1.4867193369201175 1.4867193369201175 5.9827866913129961e-05 5.9827866913129961e-05 5.9827866913129961e-05 1 1 1 Converged Converged Converged OK OK OK 149 149 149 149 149 149 11 11 11 0 0 0 0 1 0 0 1
157 157 uniform 1 0 1576 0 0.001 0.67902942496361951 0.00011648648346305463 0.12268788526897131 0.81540864523719636 -0.085350525406100788 0.79087106818340214 0 -0.7907919796462658 1.5415151673299921 OK 15 14 0.46663500000000002 0.46417900000000001 0.12809300000000001 0.33662999999999998 0.33573999999999998 0 0.13000500000000004 0.12843900000000003 0.12809300000000001 0.013898000000000001 0.013665999999999999 0.013474 0.088212999999999986 0.087843999999999978 0.087528999999999996 0.0033050000000000002 0.0031090000000000007 0.0032569999999999995 0.00082299999999999995 0.00075000000000000002 0.000776 1.5415044394437276 1.5415044394437276 1.5415044394437276 0.0012634328133506558 0.0012634328133506558 0.0012634328133506558 1 1 1 Converged Converged Converged OK OK OK 86 86 86 86 86 86 10 10 10 0 0 0 0 0 1 0 0
157 157 uniform 1 7 1576 1 0.001 0.67902942496361951 0.00011648648346305463 0.12268788526897131 0.81540864523719636 -0.085350525406100788 0.80580698465092904 0 -0.8057278961137927 1.5228547037005531 OK 15 14 0.47276600000000002 0.30228899999999997 0.13467499999999999 0.33719100000000002 0.16202900000000001 0 0.135575 0.14025999999999997 0.13467499999999999 0.012246999999999999 0.012371 0.011875999999999999 0.102852 0.10662600000000001 0.10274699999999999 0.003369 0.0037629999999999999 0.0033040000000000001 0.00078399999999999997 0.00077300000000000003 0.00068000000000000005 1.5228545789537713 1.5228545789537713 1.5228545789537713 0.00050361704022744392 0.00050361704022744392 0.00050361704022744392 1 1 1 Converged Converged Converged OK OK OK 86 86 86 86 86 86 10 10 10 0 0 0 0 1 0 0 1
157 157 uniform 1 15 1576 2 0.001 0.67902942496361951 0.00011648648346305463 0.12268788526897131 0.81540864523719636 -0.085350525406100788 0.82287660347095981 0 -0.82279751493382347 1.5024288747658803 OK 14 13 0.441077 0.27960699999999999 0.122396 0.31941000000000003 0.152779 0 0.12166699999999997 0.126828 0.122396 0.0093229999999999997 0.009698 0.012468 0.090615000000000043 0.094668999999999989 0.089692999999999995 0.0038319999999999995 0.0045280000000000008 0.0033739999999999994 0.00092100000000000005 0.00099200000000000004 0.00080199999999999998 1.5024257607039675 1.5024257607039675 1.5024257607039675 0.00059371866840655452 0.00059371866840655452 0.00059371866840655452 1 1 1 Converged Converged Converged OK OK OK 95 95 95 95 95 95 9 9 9 0 0 0 0 1 0 0 1
157 157 uniform 1 23 1576 3 0.001 0.67902942496361951 0.00011648648346305463 0.12268788526897131 0.81540864523719636 -0.085350525406100788 0.83994622229099059 0 -0.83986713375385424 1.4827613499866983 OK 14 13 0.43449500000000002 0.27532000000000001 0.111858 0.31724999999999998 0.15140899999999999 0 0.11724500000000004 0.12391100000000002 0.111858 0.0089910000000000007 0.0093449999999999991 0.0084840000000000002 0.088559999999999986 0.093718999999999955 0.084371999999999975 0.0033959999999999997 0.0041810000000000007 0.0033479999999999994 0.0007980000000000001 0.00098600000000000011 0.00086700000000000004 1.4827618725741054 1.4827618725741054 1.4827618725741054 0.00047158591460282821 0.00047158591460282821 0.00047158591460282821 1 1 1 Converged Converged Converged OK OK OK 95 95 95 95 95 95 9 9 9 0 0 0 0 1 0 0 1
157 157 uniform 1 0 1576 0 0.0001 0.67902942496361951 0.00011648648346305463 0.12268788526897131 0.81540864523719636 -0.085350525406100788 0.79087106818340214 0 -0.7907919796462658 1.5415151673299921 OK 15 14 0.55595399999999995 0.55559899999999995 0.21574399999999999 0.34314800000000001 0.34059 0 0.21280599999999994 0.21500899999999995 0.21574399999999999 0.013403 0.013743999999999999 0.013485 0.15178 0.15135899999999994 0.153169 0.006038 0.0077889999999999982 0.0068189999999999995 0.0014650000000000002 0.0015539999999999998 0.0015789999999999999 1.5415151024137428 1.5415151024137428 1.5415151024137428 0.00011596400649776655 0.00011596400649776655 0.00011596400649776655 1 1 1 Converged Converged Converged OK OK OK 134 134 134 134 134 134 10 10 10 0 0 0 0 0 1 0 0
157 157 uniform 1 7 1576 1 0.0001 0.67902942496361951 0.00011648648346305463 0.12268788526897131 0.81540864523719636 -0.085350525406100788 0.80580698465092904 0 -0.8057278961137927 1.5228547037005531 OK 15 14 0.51389499999999999 0.349962 0.172878 0.33680500000000002 0.16364500000000001 0 0.17708999999999997 0.18631699999999998 0.172878 0.012269 0.012748000000000001 0.011873999999999999 0.13391900000000004 0.14149999999999999 0.13037800000000005 0.0052810000000000001 0.0059149999999999993 0.0054859999999999996 0.001077 0.00116 0.001093 1.5228546974436568 1.5228546974436568 1.5228546974436568 0.00012612112058290977 0.00012612112058290977 0.00012612112058290977 1 1 1 Converged Converged Converged OK OK OK 118 118 118 118 118 118 10 10 10 0 0 0 0 1 0 0 1
157 157 uniform 1 15 1576 2 0.0001 0.67902942496361951 0.00011648648346305463 0.12268788526897131 0.81540864523719636 -0.085350525406100788 0.82287660347095981 0 -0.82279751493382347 1.5024288747658803 OK 14 13 0.49605199999999999 0.33517400000000003 0.16950399999999999 0.32473000000000002 0.15545300000000001 0 0.17132199999999997 0.17972100000000002 0.16950399999999999 0.0098469999999999999 0.0095779999999999997 0.0089940000000000003 0.126031 0.13501299999999997 0.12638000000000002 0.0077120000000000001 0.0077190000000000002 0.0075339999999999999 0.0012929999999999999 0.001261 0.0012360000000000001 1.5024296344292667 1.5024296344292667 1.5024296344292667 0.00014130466306314741 0.00014130466306314741 0.00014130466306314741 1 1 1 Converged Converged Converged OK OK OK 143 143 143 143 143 143 9 9 9 0 0 0 0 1 0 0 1
157 157 uniform 1 23 1576 3 0.0001 0.67902942496361951 0.00011648648346305463 0.12268788526897131 0.81540864523719636 -0.085350525406100788 0.83994622229099059 0 -0.83986713375385424 1.4827613499866983 OK 14 13 0.47168900000000002 0.30214800000000003 0.14161799999999999 0.32678800000000002 0.15029300000000001 0 0.144901 0.15185500000000002 0.14161799999999999 0.0096050000000000007 0.0094990000000000005 0.008711 0.10809200000000001 0.11520499999999999 0.10690999999999996 0.0050919999999999993 0.0052810000000000001 0.0048079999999999998 0.0014109999999999999 0.001315 0.001209 1.4827626389884683 1.4827626389884683 1.4827626389884683 8.7029421894465662e-05 8.7029421894465662e-05 8.7029421894465662e-05 1 1 1 Converged Converged Converged OK OK OK 119 119 119 119 119 119 9 9 9 0 0 0 0 1 0 0 1
157 157 uniform 2 0 1577 0 0.001 0.67902942496361951 0.00011648648346305463 0.12268788526897131 0.90437911057138165 0.10201664715685295 0.87984153351758743 0 -0.87976244498045109 1.4413314659336189 OK 13 12 0.42250799999999999 0.41581600000000002 0.10795 0.31195600000000001 0.30559799999999998 0 0.11055199999999998 0.11021800000000004 0.10795 0.0080070000000000002 0.0077359999999999998 0.0073860000000000002 0.081394999999999953 0.081369999999999956 0.080529000000000017 0.0024949999999999998 0.0028160000000000004 0.002359 0.00071700000000000008 0.00072799999999999991 0.00069399999999999996 1.4413321951130853 1.4413321951130853 1.4413321951130853 0.00061525487853725561 0.00061525487853725561 0.00061525487853725561 1 1 1 Converged Converged Converged OK OK OK 72 72 72 72 72 72 8 8 8 0 0 0 0 0 1 0 0
157 157 uniform 2 7 1577 1 0.001 0.67902942496361951 0.00011648648346305463 0.12268788526897131 0.90437911057138165 0.10201664715685295 0.89477744998511433 0 -0.89469836144797799 1.4260485590431629 OK 14 13 0.421039 0.25623099999999999 0.099198999999999996 0.31717699999999999 0.15097099999999999 0 0.10386200000000001 0.10525999999999999 0.099198999999999996 0.0087589999999999994 0.009162 0.0084930000000000005 0.080881999999999996 0.081610999999999989 0.077009000000000036 0.0023240000000000001 0.0023270000000000001 0.0022110000000000003 0.00064800000000000003 0.00068499999999999995 0.00063600000000000006 1.4260500713882791 1.4260500713882791 1.4260500713882791 0.00069512816237885997 0.00069512816237885997 0.00069512816237885997 1 1 1 Converged Converged Converged OK OK OK 65 65 65 65 65 65 7 7 7 0 0 0 0 1 0 0 1
157 157 uniform 2 15 1577 2 0.001 0.67902942496361951 0.00011648648346305463 0.12268788526897131 0.90437911057138165 0.10201664715685295 0.9118470688051451 0 -0.91176798026800876 1.4099056252434599 OK 14 13 0.40994999999999998 0.25669999999999998 0.092533000000000004 0.31614100000000001 0.15324299999999999 0 0.093808999999999976 0.10345699999999999 0.092533000000000004 0.0086499999999999997 0.0086510000000000007 0.0083300000000000006 0.072336000000000025 0.081839000000000009 0.071902999999999967 0.0019599999999999999 0.002085 0.002003 0.00056700000000000001 0.00062200000000000005 0.00055000000000000003 1.4099038773627894 1.4099038773627894 1.4099038773627894 0.0012347590234997811 0.0012347590234997811 0.0012347590234997811 1 1 1 Converged Converged Converged OK OK OK 58 58 58 58 58 58 6 6 6 0 0 0 0 1 0 0 1
157 157 uniform 2 23 1577 3 0.001 0.67902942496361951 0.00011648648346305463 0.12268788526897131 0.90437911057138165 0.10201664715685295 0.92891668762517587 0 -0.92883759908803953 1.3947802004553318 OK 14 13 0.42369800000000002 0.259017 0.091054999999999997 0.33050200000000002 0.15940099999999999 0 0.093196000000000001 0.09961600000000001 0.091054999999999997 0.0087030000000000007 0.0087580000000000002 0.0079459999999999999 0.071494999999999989 0.077976999999999991 0.071034999999999987 0.0020600000000000002 0.0021280000000000001 0.0019169999999999999 0.00051999999999999995 0.00057499999999999999 0.00049899999999999999 1.3947783054226011 1.3947783054226011 1.3947783054226011 0.0011907627501890627 0.0011907627501890627 0.0011907627501890627 1 1 1 Converged Converged Converged OK OK OK 58 58 58 58 58 58 6 6 6 0 0 0 0 1 0 0 1
157 157 uniform 2 0 1577 0 0.0001 0.67902942496361951 0.00011648648346305463 0.12268788526897131 0.90437911057138165 0.10201664715685295 0.87984153351758743 0 -0.87976244498045109 1.4413314659336189 OK 13 12 0.448513 0.45404299999999997 0.14108899999999999 0.30757000000000001 0.31235099999999999 0 0.14094299999999998 0.14169199999999998 0.14108899999999999 0.0074840000000000002 0.0074520000000000003 0.00745 0.10267599999999998 0.10298399999999995 0.10278999999999999 0.0039649999999999998 0.0041650000000000003 0.004045 0.00099200000000000004 0.00098400000000000007 0.00096599999999999995 1.4413314250944465 1.4413314250944465 1.4413314250944465 2.8160755651262867e-05 2.8160755651262867e-05 2.8160755651262867e-05 1 1 1 Converged Converged Converged OK OK OK 104 104 104 104 104 104 8 8 8 0 0 0 0 0 1 0 0
157 157 uniform 2 7 1577 1 0.0001 0.67902942496361951 0.00011648648346305463 0.12268788526897131 0.90437911057138165 0.10201664715685295 0.89477744998511433 0 -0.89469836144797799 1.4260485590431629 OK 14 13 0.45624999999999999 0.29263800000000001 0.13211200000000001 0.32219799999999998 0.15077399999999999 0 0.134052 0.14186400000000002 0.13211200000000001 0.0090720000000000002 0.0091979999999999996 0.0085769999999999996 0.102149 0.11004799999999995 0.10150799999999996 0.0039480000000000001 0.0040219999999999995 0.0038709999999999999 0.00097999999999999997 0.00097999999999999997 0.0010040000000000001 1.4260504256006705 1.4260504256006705 1.4260504256006705 0.00010972952606539736 0.00010972952606539736 0.00010972952606539736 1 1 1 Converged Converged Converged OK OK OK 97 97 97 97 97 97 7 7 7 0 0 0 0 1 0 0 1
157 157 uniform 2 15 1577 2 0.0001 0.67902942496361951 0.00011648648346305463 0.12268788526897131 0.90437911057138165 0.10201664715685295 0.9118470688051451 0 -0.91176798026800876 1.4099056252434599 OK 14 13 0.449851 0.29993999999999998 0.13206699999999999 0.31321100000000002 0.149838 0 0.13663999999999998 0.15010199999999999 0.13206699999999999 0.0087749999999999998 0.0087860000000000004 0.0081810000000000008 0.104009 0.11858 0.10173199999999999 0.0042929999999999999 0.0041029999999999999 0.0039220000000000001 0.00099799999999999997 0.0010189999999999999 0.00092599999999999996 1.4099055851762634 1.4099055851762634 1.4099055851762634 3.8465848768135018e-06 3.8465848768135018e-06 3.8465848768135018e-06 1 1 1 Converged Converged Converged OK OK OK 98 98 98 98 98 98 6 6 6 0 0 0 0 1 0 0 1
157 157 uniform 2 23 1577 3 0.0001 0.67902942496361951 0.00011648648346305463 0.12268788526897131 0.90437911057138165 0.10201664715685295 0.92891668762517587 0 -0.92883759908803953 1.3947802004553318 OK 14 13 0.46302100000000002 0.30177100000000001 0.128446 0.32910099999999998 0.15737599999999999 0 0.13392000000000004 0.14439500000000002 0.128446 0.0085900000000000004 0.0087779999999999993 0.0080780000000000001 0.10199499999999997 0.112563 0.098475999999999966 0.0043790000000000001 0.0042729999999999999 0.0039519999999999998 0.00092099999999999994 0.001024 0.0009140000000000001 1.3947801475449626 1.3947801475449626 1.3947801475449626 3.8654442607322434e-06 3.8654442607322434e-06 3.8654442607322434e-06 1 1 1 Converged Converged Converged OK OK OK 98 98 98 98 98 98 6 6 6 0 0 0 0 1 0 0 1
157 157 uniform 3 0 1578 0 0.001 0.67902942496361951 0.00011648648346305463 0.12268788526897131 0.95648581663075827 -0.065059743664632866 0.93194823957696404 0 -0.9318691510398277 1.3929424786971323 OK 14 13 0.42776399999999998 0.42652299999999999 0.106284 0.31995699999999999 0.31592100000000001 0 0.10780699999999999 0.11060199999999998 0.106284 0.0094629999999999992 0.0096410000000000003 0.0090519999999999993 0.079443 0.082387999999999989 0.078748999999999986 0.0022899999999999999 0.0022650000000000001 0.0023859999999999997 0.00076800000000000002 0.00072800000000000002 0.00075099999999999993 1.3929474444528365 1.3929474444528365 1.3929474444528365 0.00092182892097880491 0.00092182892097880491 0.00092182892097880491 1 1 1 Converged Converged Converged OK OK OK 66 66 66 66 66 66 6 6 6 0 0 0 0 0 1 0 0
157 157 uniform 3 7 1578 1 0.001 0.67902942496361951 0.00011648648346305463 0.12268788526897131 0.95648581663075827 -0.065059743664632866 0.94688415604449094 0 -0.9468050675073546 1.3805275396144272 OK 14 13 0.423066 0.25331900000000002 0.108014 0.31561800000000001 0.14371999999999999 0 0.10744799999999999 0.10959900000000003 0.108014 0.0086969999999999999 0.0085710000000000005 0.0081049999999999994 0.083647000000000027 0.08673599999999998 0.082862999999999978 0.0026280000000000001 0.0022240000000000003 0.0022399999999999998 0.00075199999999999996 0.00074700000000000005 0.00069800000000000005 1.3805304475374001 1.3805304475374001 1.3805304475374001 0.00063924336206817357 0.00063924336206817357 0.00063924336206817357 1 1 1 Converged Converged Converged OK OK OK 66 66 66 66 66 66 6 6 6 0 0 0 0 1 0 0 1
157 157 uniform 3 15 1578 2 0.001 0.67902942496361951 0.00011648648346305463 0.12268788526897131 0.95648581663075827 -0.065059743664632866 0.96395377486452172 0 -0.96387468632738538 1.3669845620689864 OK 14 13 0.444046 0.27239400000000002 0.102061 0.33527200000000001 0.164519 0 0.10877399999999998 0.10787500000000003 0.102061 0.0085570000000000004 0.0086230000000000005 0.0080789999999999994 0.085655000000000023 0.084699999999999956 0.08013099999999998 0.0023519999999999999 0.0024270000000000003 0.0023600000000000001 0.00076400000000000003 0.00075900000000000002 0.00072899999999999994 1.3669854521133944 1.3669854521133944 1.3669854521133944 0.00044835333452961481 0.00044835333452961481 0.00044835333452961481 1 1 1 Converged Converged Converged OK OK OK 66 66 66 66 66 66 6 6 6 0 0 0 0 1 0 0 1
157 157 uniform 3 23 1578 3 0.001 0.67902942496361951 0.00011648648346305463 0.12268788526897131 0.95648581663075827 -0.065059743664632866 0.98102339368455249 0 -0.98094430514741615 1.3540470178272732 OK 14 13 0.505768 0.337976 0.097969000000000001 0.40498400000000001 0.23161599999999999 0 0.10078399999999998 0.10636000000000001 0.097969000000000001 0.0086960000000000006 0.0085800000000000008 0.0079559999999999995 0.077219999999999983 0.08333399999999995 0.076255000000000031 0.00248 0.0023590000000000004 0.0022290000000000001 0.00078800000000000007 0.00072799999999999991 0.00072399999999999993 1.3540469122569625 1.3540469122569625 1.3540469122569625 0.00040501348956383719 0.00040501348956383719 0.00040501348956383719 1 1 1 Converged Converged Converged OK OK OK 66 66 66 66 66 66 6 6 6 0 0 0 0 1 0 0 1
157 157 uniform 3 0 1578 0 0.0001 0.67902942496361951 0.00011648648346305463 0.12268788526897131 0.95648581663075827 -0.065059743664632866 0.93194823957696404 0 -0.9318691510398277 1.3929424786971323 OK 14 13 0.480327 0.48263200000000001 0.16356999999999999 0.31749500000000003 0.320689 0 0.16283199999999998 0.161943 0.16356999999999999 0.0095029999999999993 0.0098989999999999998 0.0091660000000000005 0.11748499999999999 0.11719100000000002 0.12052200000000003 0.0059089999999999993 0.0053389999999999991 0.0049420000000000002 0.0011859999999999998 0.001204 0.0012050000000000001 1.3929424164675548 1.3929424164675548 1.3929424164675548 1.7670041832680341e-05 1.7670041832680341e-05 1.7670041832680341e-05 1 1 1 Converged Converged Converged OK OK OK 114 114 114 114 114 114 6 6 6 0 0 0 0 0 1 0 0
157 157 uniform 3 7 1578 1 0.0001 0.67902942496361951 0.00011648648346305463 0.12268788526897131 0.95648581663075827 -0.065059743664632866 0.94688415604449094 0 -0.9468050675073546 1.3805275396144272 OK 14 13 0.47913699999999998 0.31193500000000002 0.15184300000000001 0.32366600000000001 0.14905299999999999 0 0.15547099999999997 0.16288200000000003 0.15184300000000001 0.0086619999999999996 0.0086370000000000006 0.0082150000000000001 0.11948999999999992 0.12770300000000007 0.11834400000000002 0.0053699999999999998 0.0053800000000000002 0.0047700000000000008 0.0010549999999999999 0.0011099999999999999 0.0010589999999999998 1.3805274868258299 1.3805274868258299 1.3805274868258299 1.2406872535283743e-05 1.2406872535283743e-05 1.2406872535283743e-05 1 1 1 Converged Converged Converged OK OK OK 114 114 114 114 114 114 6 6 6 0 0 0 0 1 0 0 1
157 157 uniform 3 15 1578 2 0.0001 0.67902942496361951 0.00011648648346305463 0.12268788526897131 0.95648581663075827 -0.065059743664632866 0.96395377486452172 0 -0.96387468632738538 1.3669845620689864 OK 14 13 0.47826800000000003 0.309361 0.134629 0.33913199999999999 0.164409 0 0.13913600000000004 0.144952 0.134629 0.0087740000000000005 0.0086040000000000005 0.0080770000000000008 0.10623299999999999 0.11331700000000003 0.10450299999999998 0.0045850000000000005 0.0041979999999999995 0.003895 0.0010530000000000001 0.0010919999999999999 0.001067 1.3669864912381706 1.3669864912381706 1.3669864912381706 5.2882973049661224e-05 5.2882973049661224e-05 5.2882973049661224e-05 1 1 1 Converged Converged Converged OK OK OK 98 98 98 98 98 98 6 6 6 0 0 0 0 1 0 0 1
157 157 uniform 3 23 1578 3 0.0001 0.67902942496361951 0.00011648648346305463 0.12268788526897131 0.95648581663075827 -0.065059743664632866 0.98102339368455249 0 -0.98094430514741615 1.3540470178272732 OK 14 13 0.54444400000000004 0.372863 0.13042699999999999 0.40999999999999998 0.23008600000000001 0 0.13444400000000006 0.14277699999999999 0.13042699999999999 0.0086949999999999996 0.0086180000000000007 0.0080619999999999997 0.10195699999999995 0.11148000000000004 0.10067500000000003 0.0043639999999999998 0.0039750000000000002 0.0037160000000000001 0.001062 0.001078 0.0010059999999999999 1.3540475682393431 1.3540475682393431 1.3540475682393431 5.0118508461270216e-05 5.0118508461270216e-05 5.0118508461270216e-05 1 1 1 Converged Converged Converged OK OK OK 98 98 98 98 98 98 6 6 6 0 0 0 0 1 0 0 1
157 157 uniform 4 0 1579 0 0.001 0.67902942496361951 0.00011648648346305463 0.12268788526897131 -0.23253483941473146 -0.0030274995866459257 -0.25707241646852574 0 0.25715150500566214 4.1107981561113034 OK 17 16 1.1645049999999999 1.16255 0.23519999999999999 0.91980099999999998 0.919292 0 0.24470399999999992 0.24325799999999997 0.23519999999999999 0.017413000000000001 0.017759 0.01669 0.18358099999999986 0.18282699999999996 0.17902300000000002 0.0082330000000000007 0.007607 0.0056860000000000001 0.001395 0.0013550000000000001 0.001359 4.1108192167018505 4.1108192167018505 4.1108192167018505 0.0028250094391840089 0.0028250094391840089 0.0028250094391840089 1 1 1 Converged Converged Converged OK OK OK 119 119 119 119 119 119 9 9 9 0 0 0 0 0 1 0 0
157 157 uniform 4 7 1579 1 0.001 0.67902942496361951 0.00011648648346305463 0.12268788526897131 -0.23253483941473146 -0.0030274995866459257 -0.24213650000099879 0 0.24221558853813516 4.3712766928466085 OK 17 16 0.97106099999999995 0.56354499999999996 0.21763199999999999 0.74695500000000004 0.32948300000000003 0 0.22410599999999992 0.23406199999999994 0.21763199999999999 0.014518 0.014215999999999999 0.012992999999999999 0.1785260000000001 0.18855500000000003 0.17634000000000008 0.0067279999999999996 0.0070749999999999997 0.0058910000000000004 0.0012880000000000001 0.0013259999999999999 0.001165 4.3712813542056095 4.3712813542056095 4.3712813542056095 0.0037276162472383439 0.0037276162472383439 0.0037276162472383439 1 1 1 Converged Converged Converged OK OK OK 119 119 119 119 119 119 9 9 9 0 0 0 0 1 0 0 1
157 157 uniform 4 15 1579 2 0.001 0.67902942496361951 0.00011648648346305463 0.12268788526897131 -0.23253483941473146 -0.0030274995866459257 -0.22506688118096799 0 0.22514596971810436 4.7180436392159395 OK 17 16 0.99253199999999997 0.57686000000000004 0.23157900000000001 0.753471 0.327851 0 0.23906099999999997 0.24900900000000004 0.23157900000000001 0.014253 0.014090999999999999 0.012739 0.18875800000000001 0.19941899999999996 0.18647000000000016 0.0072500000000000004 0.0070310000000000008 0.005777 0.001346 0.0013820000000000002 0.0013650000000000001 4.7180271942150105 4.7180271942150105 4.7180271942150105 0.003705831428963339 0.003705831428963339 0.003705831428963339 1 1 1 Converged Converged Converged OK OK OK 127 127 127 127 127 127 9 9 9 0 0 0 0 1 0 0 1
157 157 uniform 4 23 1579 3 0.001 0.67902942496361951 0.00011648648346305463 0.12268788526897131 -0.23253483941473146 -0.0030274995866459257 -0.20799726236093719 0 0.20807635089807355 5.1323667847118974 OK 17 16 0.93952999999999998 0.53220100000000004 0.24130299999999999 0.69193899999999997 0.26692300000000002 0 0.24759100000000001 0.26527800000000001 0.24130299999999999 0.014168999999999999 0.018336999999999999 0.012869999999999999 0.19847399999999993 0.2127409999999999 0.19606799999999999 0.0066480000000000011 0.0064340000000000005 0.0056170000000000005 0.0014489999999999998 0.0014059999999999999 0.001407 5.132321940118957 5.132321940118957 5.132321940118957 0.0032453089282357054 0.0032453089282357054 0.0032453089282357054 1 1 1 Converged Converged Converged OK OK OK 134 134 134 134 134 134 10 10 10 0 0 0 0 1 0 0 1
157 157 uniform 4 0 1579 0 0.0001 0.67902942496361951 0.00011648648346305463 0.12268788526897131 -0.23253483941473146 -0.0030274995866459257 -0.25707241646852574 0 0.25715150500566214 4.1107981561113034 OK 17 16 1.3083 1.289536 0.35884100000000002 0.93179800000000002 0.92347800000000002 0 0.376502 0.36605799999999999 0.35884100000000002 0.018876 0.017587999999999999 0.017013 0.28177099999999999 0.27532200000000018 0.27447499999999997 0.015636000000000001 0.014697999999999999 0.011175000000000003 0.002111 0.0020869999999999999 0.0019560000000000003 4.1108039366502185 4.1108039366502185 4.1108039366502185 0.00032824956788380364 0.00032824956788380364 0.00032824956788380364 1 1 1 Converged Converged Converged OK OK OK 199 199 199 199 199 199 9 9 9 0 0 0 0 0 1 0 0
157 157 uniform 4 7 1579 1 0.0001 0.67902942496361951 0.00011648648346305463 0.12268788526897131 -0.23253483941473146 -0.0030274995866459257 -0.24213650000099879 0 0.24221558853813516 4.3712766928466085 OK 17 16 1.1039220000000001 0.70844300000000004 0.34704699999999999 0.74168900000000004 0.33446599999999999 0 0.36223300000000003 0.37397700000000006 0.34704699999999999 0.01453 0.014326999999999999 0.013152 0.28991900000000009 0.30294500000000013 0.28073300000000018 0.014104000000000002 0.013504 0.011453999999999999 0.0020940000000000004 0.0020349999999999999 0.002042 4.3712780788874737 4.3712780788874737 4.3712780788874737 0.00041329326117629952 0.00041329326117629952 0.00041329326117629952 1 1 1 Converged Converged Converged OK OK OK 207 207 207 207 207 207 9 9 9 0 0 0 0 1 0 0 1
157 157 uniform 4 15 1579 2 0.0001 0.67902942496361951 0.00011648648346305463 0.12268788526897131 -0.23253483941473146 -0.0030274995866459257 -0.22506688118096799 0 0.22514596971810436 4.7180436392159395 OK 17 16 1.098301 0.69934300000000005 0.33925499999999997 0.75097499999999995 0.33122099999999999 0 0.34732600000000002 0.36812200000000006 0.33925499999999997 0.014532 0.014479000000000001 0.012711 0.27934699999999985 0.30097000000000007 0.27742400000000011 0.013005999999999997 0.012586000000000002 0.010827 0.0020539999999999998 0.0021350000000000002 0.0020329999999999997 4.7180428849635083 4.7180428849635083 4.7180428849635083 0.00043222269554701729 0.00043222269554701729 0.00043222269554701729 1 1 1 Converged Converged Converged OK OK OK 207 207 207 207 207 207 9 9 9 0 0 0 0 1 0 0 1
157 157 uniform 4 23 1579 3 0.0001 0.67902942496361951 0.00011648648346305463 0.12268788526897131 -0.23253483941473146 -0.0030274995866459257 -0.20799726236093719 0 0.20807635089807355 5.1323667847118974 OK 17 16 1.1313759999999999 0.73925399999999997 0.43790499999999999 0.69214900000000001 0.27329799999999999 0 0.43922699999999992 0.46595599999999998 0.43790499999999999 0.01444 0.01435 0.012954 0.34824300000000019 0.37853499999999968 0.3521540000000003 0.021399000000000001 0.021058 0.020115000000000001 0.002134 0.0021910000000000002 0.0027330000000000002 5.1323726385322823 5.1323726385322823 5.1323726385322823 0.00036525959166334358 0.00036525959166334358 0.00036525959166334358 1 1 1 Converged Converged Converged OK OK OK 270 270 270 270 270 270 10 10 10 0 0 0 0 1 0 0 1
158 158 linear 0 0 1580 0 0.001 1.7356543721266917 0.0029373185050650149 0.17984803322760246 -1.0908018511162785 -0.041424780188088789 -1.1267714577617989 0.5 1.1318546963765947 1.4508752854704305 OK 16 15 0.74918799999999997 0.729132 0.32139200000000001 0.41583999999999999 0.40167900000000001 0 0.33334799999999998 0.32745299999999999 0.32139200000000001 0.014419 0.013599 0.013027 0.27535199999999999 0.26904700000000004 0.26505599999999996 0.0052980000000000006 0.0065110000000000003 0.0058910000000000004 0.0013489999999999999 0.0016259999999999998 0.0014470000000000002 1.4508737397722105 1.4508737397722105 1.4508737397722105 0.00066521641137316518 0.00066521641137316518 0.00066521641137316518 1 1 1 Converged Converged Converged OK OK OK 117 117 117 117 117 117 11 11 11 0 0 0 0 0 1 0 0
158 158 linear 0 7 1580 1 0.001 1.7356543721266917 0.0029373185050650149 0.17984803322760246 -1.0908018511162785 -0.041424780188088789 -1.1048769145862647 0.5 1.1099601532010606 1.4590861913862798 OK 16 15 0.71653800000000001 0.56992799999999999 0.29744300000000001 0.40748400000000001 0.263214 0 0.309054 0.30671399999999999 0.29744300000000001 0.012694 0.012156 0.011233999999999999 0.26551000000000013 0.26560400000000006 0.2580650000000001 0.0060360000000000006 0.0055820000000000002 0.0052649999999999997 0.001348 0.0014159999999999999 0.0014119999999999998 1.4590852993053611 1.4590852993053611 1.4590852993053611 0.0008432463549170032 0.0008432463549170032 0.0008432463549170032 1 1 1 Converged Converged Converged OK OK OK 117 117 117 117 117 117 11 11 11 0 0 0 0 1 0 0 1
158 158 linear 0 15 1580 2 0.001 1.7356543721266917 0.0029373185050650149 0.17984803322760246 -1.0908018511162785 -0.041424780188088789 -1.0798545795285113 0.5 1.0849378181433071 1.4666057999004634 OK 16 15 0.60972199999999999 0.47901899999999997 0.289939 0.31082599999999999 0.18205499999999999 0 0.298896 0.29696400000000001 0.289939 0.011941 0.012135 0.011273 0.25732999999999995 0.25638499999999997 0.25074499999999994 0.005679 0.0051129999999999995 0.0052140000000000008 0.0013889999999999998 0.0013929999999999999 0.0015139999999999999 1.4665811759012459 1.4665811759012459 1.4665811759012459 0.001154402505516674 0.001154402505516674 0.001154402505516674 1 1 1 Converged Converged Converged OK OK OK 117 117 117 117 117 117 11 11 11 0 0 0 0 1 0 0 1
158 158 linear 0 23 1580 3 0.001 1.7356543721266917 0.0029373185050650149 0.17984803322760246 -1.0908018511162785 -0.041424780188088789 -1.0548322444707581 0.5 1.0599154830855539 1.471523052186176 OK 16 15 0.76965300000000003 0.63964900000000002 0.33599600000000002 0.42786999999999997 0.29097600000000001 0 0.34178300000000006 0.34867300000000001 0.33599600000000002 0.011919000000000001 0.012101000000000001 0.011068 0.2964369999999999 0.30221599999999982 0.29334300000000013 0.006515 0.0071040000000000001 0.0059040000000000013 0.0014430000000000001 0.001482 0.0013059999999999999 1.4715128220688347 1.4715128220688347 1.4715128220688347 0.0009370045985720325 0.0009370045985720325 0.0009370045985720325 1 1 1 Converged Converged Converged OK OK OK 125 125 125 125 125 125 11 11 11 0 0 0 0 1 0 0 1
158 158 linear 0 0 1580 0 0.0001 1.7356543721266917 0.0029373185050650149 0.17984803322760246 -1.0908018511162785 -0.041424780188088789 -1.1267714577617989 0.5 1.1318546963765947 1.4508752854704305 OK 16 15 0.77656899999999995 0.77105000000000001 0.36497000000000002 0.41136299999999998 0.40378500000000001 0 0.36520599999999998 0.36726500000000001 0.36497000000000002 0.013236 0.013297 0.013117999999999999 0.29637500000000017 0.296987 0.29502900000000004 0.008149 0.0088610000000000008 0.0075879999999999984 0.0017129999999999999 0.0018389999999999999 0.0019679999999999997 1.4508736513002165 1.4508736513002165 1.4508736513002165 0.00013335206449890512 0.00013335206449890512 0.00013335206449890512 1 1 1 Converged Converged Converged OK OK OK 141 141 141 141 141 141 11 11 11 0 0 0 0 0 1 0 0
158 158 linear 0 7 1580 1 0.0001 1.7356543721266917 0.0029373185050650149 0.17984803322760246 -1.0908018511162785 -0.041424780188088789 -1.1048769145862647 0.5 1.1099601532010606 1.4590861913862798 OK 16 15 0.81254499999999996 0.674095 0.39025300000000002 0.414213 0.26710299999999998 0 0.39833199999999996 0.40699200000000002 0.39025300000000002 0.012203 0.012205000000000001 0.011459 0.34238199999999985 0.35081999999999997 0.33690900000000007 0.0090259999999999993 0.009722999999999999 0.0080990000000000003 0.0019740000000000001 0.0019760000000000003 0.0019479999999999999 1.4590932071393676 1.4590932071393676 1.4590932071393676 6.034676475172389e-05 6.034676475172389e-05 6.034676475172389e-05 1 1 1 Converged Converged Converged OK OK OK 157 157 157 157 157 157 11 11 11 0 0 0 0 1 0 0 1
158 158 linear 0 15 1580 2 0.0001 1.7356543721266917 0.0029373185050650149 0.17984803322760246 -1.0908018511162785 -0.041424780188088789 -1.0798545795285113 0.5 1.0849378181433071 1.4666057999004634 OK 16 15 0.70853500000000003 0.57617799999999997 0.39236599999999999 0.31390299999999999 0.18129200000000001 0 0.39463200000000004 0.39488599999999996 0.39236599999999999 0.012356000000000001 0.012449999999999999 0.012685 0.34148899999999982 0.34200500000000006 0.34046600000000032 0.0086220000000000012 0.0084539999999999997 0.0077130000000000002 0.0020040000000000001 0.0020400000000000001 0.0020690000000000001 1.4666073333804588 1.4666073333804588 1.4666073333804588 9.7430477697612892e-05 9.7430477697612892e-05 9.7430477697612892e-05 1 1 1 Converged Converged Converged OK OK OK 157 157 157 157 157 157 11 11 11 0 0 0 0 1 0 0 1
158 158 linear 0 23 1580 3 0.0001 1.7356543721266917 0.0029373185050650149 0.17984803322760246 -1.0908018511162785 -0.041424780188088789 -1.0548322444707581 0.5 1.0599154830855539 1.471523052186176 OK 16 15 0.94600499999999998 0.81642800000000004 0.51734800000000003 0.42138599999999998 0.289331 0 0.52461899999999995 0.52709700000000004 0.51734800000000003 0.012319 0.012293 0.012423999999999999 0.457154 0.45914499999999991 0.45185099999999989 0.011906999999999999 0.012315 0.010763999999999999 0.0022900000000000004 0.0025169999999999997 0.0021359999999999999 1.4715230677630446 1.4715230677630446 1.4715230677630446 4.8175406818782992e-05 4.8175406818782992e-05 4.8175406818782992e-05 1 1 1 Converged Converged Converged OK OK OK 197 197 197 197 197 197 11 11 11 0 0 0 0 1 0 0 1
158 158 linear 1 0 1581 0 0.001 1.7356543721266917 0.0029373185050650149 0.17984803322760246 0.04994123143236532 0.085234911342387004 0.013971624786844827 0.5 -0.0088883861720489964 10.950530847928231 OK 13 12 0.67235400000000001 0.66228299999999996 0.209706 0.462065 0.45621400000000001 0 0.210289 0.20606899999999995 0.209706 0.0098490000000000001 0.0097710000000000002 0.0097959999999999992 0.17449099999999998 0.17058400000000001 0.17336400000000002 0.0033849999999999996 0.0034810000000000002 0.0037379999999999996 0.00088100000000000006 0.00089999999999999998 0.00087299999999999997 10.950572958392938 10.950572958392938 10.950572958392938 0.0016128618135268606 0.0016128618135268606 0.0016128618135268606 1 1 1 Converged Converged Converged OK OK OK 81 81 81 81 81 81 7 7 7 0 0 0 0 0 1 0 0
158 158 linear 1 7 1581 1 0.001 1.7356543721266917 0.0029373185050650149 0.17984803322760246 0.04994123143236532 0.085234911342387004 0.035866167962379042 0.5 -0.030782929347583213 10.821518596056841 OK 12 11 0.62493799999999999 0.480487 0.196463 0.42287200000000003 0.27937699999999999 0 0.20206599999999997 0.20111000000000001 0.196463 0.0091350000000000008 0.009384 0.0086610000000000003 0.17287000000000005 0.17090299999999992 0.16832299999999997 0.0036520000000000003 0.0039800000000000009 0.003532 0.00092699999999999998 0.00096899999999999992 0.00092000000000000003 10.821548512415585 10.821548512415585 10.821548512415585 0.0016251578815583802 0.0016251578815583802 0.0016251578815583802 1 1 1 Converged Converged Converged OK OK OK 81 81 81 81 81 81 7 7 7 0 0 0 0 1 0 0 1
158 158 linear 1 15 1581 2 0.001 1.7356543721266917 0.0029373185050650149 0.17984803322760246 0.04994123143236532 0.085234911342387004 0.060888503020132427 0.5 -0.055805264405336598 10.510292987685318 OK 12 11 0.70010600000000001 0.55854499999999996 0.19753599999999999 0.49598500000000001 0.35635600000000001 0 0.204121 0.20218899999999995 0.19753599999999999 0.0089499999999999996 0.0089529999999999992 0.0081969999999999994 0.1750280000000001 0.17316100000000001 0.17022099999999998 0.0035690000000000001 0.0037659999999999998 0.003437 0.00087500000000000002 0.00091099999999999992 0.00084300000000000011 10.510328204680075 10.510328204680075 10.510328204680075 0.0016339695957494058 0.0016339695957494058 0.0016339695957494058 1 1 1 Converged Converged Converged OK OK OK 81 81 81 81 81 81 7 7 7 0 0 0 0 1 0 0 1
158 158 linear 1 23 1581 3 0.001 1.7356543721266917 0.0029373185050650149 0.17984803322760246 0.04994123143236532 0.085234911342387004 0.085910838077885812 0.5 -0.080827599463089983 10.015883576329033 OK 13 12 0.72222799999999998 0.57981400000000005 0.19269600000000001 0.52395099999999994 0.38612099999999999 0 0.19827700000000004 0.19369300000000006 0.19269600000000001 0.0092689999999999995 0.0095209999999999999 0.0088439999999999994 0.17087799999999995 0.16641800000000012 0.16646100000000003 0.0031900000000000001 0.0032429999999999998 0.0031830000000000001 0.00084500000000000005 0.00089799999999999993 0.00077700000000000002 10.015933920586262 10.015933920586262 10.015933920586262 0.0087453096864525542 0.0087453096864525542 0.0087453096864525542 1 1 1 Converged Converged Converged OK OK OK 80 80 80 80 80 80 8 8 8 0 0 0 0 1 0 0 1
158 158 linear 1 0 1581 0 0.0001 1.7356543721266917 0.0029373185050650149 0.17984803322760246 0.04994123143236532 0.085234911342387004 0.013971624786844827 0.5 -0.0088883861720489964 10.950530847928231 OK 13 12 0.74264600000000003 0.73933800000000005 0.275619 0.45675500000000002 0.46020699999999998 0 0.28589100000000001 0.27913100000000007 0.275619 0.013690000000000001 0.01034 0.010213 0.23388300000000001 0.22933100000000006 0.22721899999999995 0.0057529999999999994 0.0067299999999999999 0.0060150000000000004 0.0011720000000000001 0.001188 0.0011770000000000001 10.95057336854229 10.95057336854229 10.95057336854229 0.00059919386629401854 0.00059919386629401854 0.00059919386629401854 1 1 1 Converged Converged Converged OK OK OK 113 113 113 113 113 113 7 7 7 0 0 0 0 0 1 0 0
158 158 linear 1 7 1581 1 0.0001 1.7356543721266917 0.0029373185050650149 0.17984803322760246 0.04994123143236532 0.085234911342387004 0.035866167962379042 0.5 -0.030782929347583213 10.821518596056841 OK 12 11 0.69377599999999995 0.549539 0.26199299999999998 0.42523899999999998 0.27944400000000003 0 0.26853699999999997 0.27009499999999997 0.26199299999999998 0.0089770000000000006 0.0095490000000000002 0.0089219999999999994 0.23133999999999993 0.22992799999999999 0.22506100000000007 0.0054380000000000001 0.0066979999999999991 0.0055819999999999993 0.0012210000000000003 0.0012740000000000002 0.0012639999999999999 10.82154887485166 10.82154887485166 10.82154887485166 0.00059027415069944468 0.00059027415069944468 0.00059027415069944468 1 1 1 Converged Converged Converged OK OK OK 113 113 113 113 113 113 7 7 7 0 0 0 0 1 0 0 1
158 158 linear 1 15 1581 2 0.0001 1.7356543721266917 0.0029373185050650149 0.17984803322760246 0.04994123143236532 0.085234911342387004 0.060888503020132427 0.5 -0.055805264405336598 10.510292987685318 OK 12 11 0.77333200000000002 0.62860899999999997 0.26339299999999999 0.500143 0.35545900000000002 0 0.27318900000000002 0.27314999999999995 0.26339299999999999 0.0088249999999999995 0.0088979999999999997 0.0081910000000000004 0.23614700000000011 0.23483700000000005 0.22777399999999989 0.0051500000000000001 0.0061189999999999994 0.0052639999999999996 0.0011410000000000001 0.001175 0.001163 10.51032863255508 10.51032863255508 10.51032863255508 0.00057716074162122164 0.00057716074162122164 0.00057716074162122164 1 1 1 Converged Converged Converged OK OK OK 113 113 113 113 113 113 7 7 7 0 0 0 0 1 0 0 1
158 158 linear 1 23 1581 3 0.0001 1.7356543721266917 0.0029373185050650149 0.17984803322760246 0.04994123143236532 0.085234911342387004 0.085910838077885812 0.5 -0.080827599463089983 10.015883576329033 OK 13 12 0.79686699999999999 0.64920999999999995 0.25370700000000002 0.52767699999999995 0.386106 0 0.26919000000000004 0.26310399999999995 0.25370700000000002 0.0094540000000000006 0.0097249999999999993 0.0086449999999999999 0.23223799999999994 0.22731700000000013 0.22125899999999998 0.0063439999999999998 0.0055580000000000004 0.0044949999999999999 0.0014159999999999999 0.001328 0.001304 10.01593208322535 10.01593208322535 10.01593208322535 0.00057271128112030461 0.00057271128112030461 0.00057271128112030461 1 1 1 Converged Converged Converged OK OK OK 112 112 112 112 112 112 8 8 8 0 0 0 0 1 0 0 1
158 158 linear 2 0 1582 0 0.001 1.7356543721266917 0.0029373185050650149 0.17984803322760246 -1.0663120309903849 0.17914379582629275 -1.1022816376359053 0.5 1.1073648762507011 1.2933767655158031 OK 13 12 0.48500100000000002 0.487568 0.208201 0.27333499999999999 0.27666000000000002 0 0.21166600000000002 0.21090799999999998 0.208201 0.0080429999999999998 0.0077019999999999996 0.007783 0.177369 0.177006 0.17408399999999988 0.0039750000000000002 0.004071 0.004169 0.00085800000000000004 0.00088500000000000004 0.00088400000000000002 1.2933668156089979 1.2933668156089979 1.2933668156089979 0.00094919790452155286 0.00094919790452155286 0.00094919790452155286 1 1 1 Converged Converged Converged OK OK OK 88 88 88 88 88 88 8 8 8 0 0 0 0 0 1 0 0
158 158 linear 2 7 1582 1 0.001 1.7356543721266917 0.0029373185050650149 0.17984803322760246 -1.0663120309903849 0.17914379582629275 -1.0803870944603711 0.5 1.0854703330751669 1.2939506638234834 OK 15 14 0.47092499999999998 0.34622700000000001 0.179785 0.283524 0.159668 0 0.18740099999999998 0.186559 0.179785 0.0095289999999999993 0.0093959999999999998 0.0089300000000000004 0.15383500000000006 0.15498999999999999 0.14898900000000004 0.0047320000000000001 0.0043090000000000003 0.0043210000000000002 0.000919 0.00090300000000000016 0.00084800000000000001 1.2939483270841539 1.2939483270841539 1.2939483270841539 0.00029463256775421812 0.00029463256775421812 0.00029463256775421812 1 1 1 Converged Converged Converged OK OK OK 81 81 81 81 81 81 7 7 7 0 0 0 0 1 0 0 1
158 158 linear 2 15 1582 2 0.001 1.7356543721266917 0.0029373185050650149 0.17984803322760246 -1.0663120309903849 0.17914379582629275 -1.0553647594026176 0.5 1.0604479980174135 1.2992620808759732 OK 15 14 0.45228400000000002 0.32817400000000002 0.14713999999999999 0.29850199999999999 0.17011399999999999 0 0.15378200000000003 0.15806000000000003 0.14713999999999999 0.0090189999999999992 0.009332 0.0083379999999999999 0.12655399999999997 0.130074 0.12238199999999994 0.0036839999999999998 0.0044609999999999997 0.0033519999999999999 0.00084000000000000003 0.00081999999999999998 0.00073799999999999994 1.2992602305386642 1.2992602305386642 1.2992602305386642 0.00044593260416059217 0.00044593260416059217 0.00044593260416059217 1 1 1 Converged Converged Converged OK OK OK 74 74 74 74 74 74 6 6 6 0 0 0 0 1 0 0 1
158 158 linear 2 23 1582 3 0.001 1.7356543721266917 0.0029373185050650149 0.17984803322760246 -1.0663120309903849 0.17914379582629275 -1.0303424243448644 0.5 1.0354256629596603 1.310198270362783 OK 15 14 0.44384499999999999 0.327098 0.12558900000000001 0.31164399999999998 0.187556 0 0.13220100000000001 0.139542 0.12558900000000001 0.0090139999999999994 0.0090650000000000001 0.0081370000000000001 0.105406 0.11251399999999999 0.10158899999999997 0.0035519999999999996 0.0040400000000000002 0.0031210000000000001 0.00084800000000000001 0.00080099999999999995 0.00072400000000000003 1.3101968529835868 1.3101968529835868 1.3101968529835868 0.00043961533398990152 0.00043961533398990152 0.00043961533398990152 1 1 1 Converged Converged Converged OK OK OK 74 74 74 74 74 74 6 6 6 0 0 0 0 1 0 0 1
158 158 linear 2 0 1582 0 0.0001 1.7356543721266917 0.0029373185050650149 0.17984803322760246 -1.0663120309903849 0.17914379582629275 -1.1022816376359053 0.5 1.1073648762507011 1.2933767655158031 OK 13 12 0.57626500000000003 0.56470399999999998 0.287997 0.27333099999999999 0.27431899999999998 0 0.30293400000000004 0.290385 0.287997 0.0079410000000000001 0.0077200000000000003 0.0077999999999999996 0.24671400000000004 0.23531100000000002 0.23313299999999984 0.0093450000000000009 0.0092089999999999984 0.0094220000000000016 0.0015559999999999999 0.001415 0.0014860000000000001 1.2933745854591288 1.2933745854591288 1.2933745854591288 6.7281092930989654e-05 6.7281092930989654e-05 6.7281092930989654e-05 1 1 1 Converged Converged Converged OK OK OK 144 144 144 144 144 144 8 8 8 0 0 0 0 0 1 0 0
158 158 linear 2 7 1582 1 0.0001 1.7356543721266917 0.0029373185050650149 0.17984803322760246 -1.0663120309903849 0.17914379582629275 -1.0803870944603711 0.5 1.0854703330751669 1.2939506638234834 OK 15 14 0.49457299999999998 0.37791599999999997 0.19997200000000001 0.286663 0.16697899999999999 0 0.20790999999999998 0.21093699999999999 0.19997200000000001 0.0092390000000000007 0.0094500000000000001 0.0088090000000000009 0.171351 0.17384000000000002 0.16408 0.0050130000000000001 0.0053490000000000005 0.0052190000000000005 0.00095300000000000007 0.00096699999999999998 0.00094300000000000004 1.2939483268044869 1.2939483268044869 1.2939483268044869 6.3777394712889526e-05 6.3777394712889526e-05 6.3777394712889526e-05 1 1 1 Converged Converged Converged OK OK OK 97 97 97 97 97 97 7 7 7 0 0 0 0 1 0 0 1
158 158 linear 2 15 1582 2 0.0001 1.7356543721266917 0.0029373185050650149 0.17984803322760246 -1.0663120309903849 0.17914379582629275 -1.0553647594026176 0.5 1.0604479980174135 1.2992620808759732 OK 15 14 0.49327799999999999 0.37303599999999998 0.190915 0.292657 0.171178 0 0.20062099999999999 0.20185799999999998 0.190915 0.0090889999999999999 0.0091730000000000006 0.008515 0.16637899999999994 0.16770299999999996 0.158688 0.0051279999999999997 0.0050850000000000001 0.0049610000000000001 0.0011640000000000001 0.001137 0.001129 1.2992603880031484 1.2992603880031484 1.2992603880031484 7.1152024719802227e-05 7.1152024719802227e-05 7.1152024719802227e-05 1 1 1 Converged Converged Converged OK OK OK 98 98 98 98 98 98 6 6 6 0 0 0 0 1 0 0 1
158 158 linear 2 23 1582 3 0.0001 1.7356543721266917 0.0029373185050650149 0.17984803322760246 -1.0663120309903849 0.17914379582629275 -1.0303424243448644 0.5 1.0354256629596603 1.310198270362783 OK 15 14 0.46692299999999998 0.357904 0.15848999999999999 0.30556299999999997 0.18725600000000001 0 0.16136 0.17064799999999999 0.15848999999999999 0.0088769999999999995 0.0090740000000000005 0.008201 0.12805100000000003 0.13727399999999995 0.12658900000000001 0.0050850000000000001 0.0051399999999999996 0.004751 0.001137 0.0011969999999999999 0.0010859999999999999 1.310196899581233 1.310196899581233 1.310196899581233 0.00010339234674601328 0.00010339234674601328 0.00010339234674601328 1 1 1 Converged Converged Converged OK OK OK 98 98 98 98 98 98 6 6 6 0 0 0 0 1 0 0 1
158 158 linear 3 0 1583 0 0.001 1.7356543721266917 0.0029373185050650149 0.17984803322760246 0.167862054625976 -0.22142658117980726 0.13189244798045552 0.5 -0.12680920936565968 4.2888566871543716 OK 12 11 0.53711600000000004 0.53421700000000005 0.13320299999999999 0.39937899999999998 0.39982600000000001 0 0.13773700000000005 0.13439100000000004 0.13320299999999999 0.010099 0.010082000000000001 0.0096970000000000008 0.102342 0.09886399999999998 0.098570000000000005 0.0040790000000000002 0.0041450000000000002 0.003967 0.00091299999999999997 0.00099200000000000004 0.00097099999999999997 4.2888538168292012 4.2888538168292012 4.2888538168292012 0.001175723763238072 0.001175723763238072 0.001175723763238072 1 1 1 Converged Converged Converged OK OK OK 82 82 82 82 82 82 6 6 6 0 0 0 0 0 1 0 0
158 158 linear 3 7 1583 1 0.001 1.7356543721266917 0.0029373185050650149 0.17984803322760246 0.167862054625976 -0.22142658117980726 0.15378699115598973 0.5 -0.14870375254119389 4.0826530568898463 OK 12 11 0.51905900000000005 0.38970900000000003 0.12475700000000001 0.39051000000000002 0.24907000000000001 0 0.12854900000000002 0.14063900000000001 0.12475700000000001 0.0086920000000000001 0.0090220000000000005 0.0081370000000000001 0.10073000000000004 0.11219900000000001 0.097672000000000023 0.0036719999999999999 0.0039640000000000005 0.003656 0.00094999999999999989 0.00092699999999999998 0.00095 4.0826501324619686 4.0826501324619686 4.0826501324619686 0.0024523086354312057 0.0024523086354312057 0.0024523086354312057 1 1 1 Converged Converged Converged OK OK OK 82 82 82 82 82 82 6 6 6 0 0 0 0 1 0 0 1
158 158 linear 3 15 1583 2 0.001 1.7356543721266917 0.0029373185050650149 0.17984803322760246 0.167862054625976 -0.22142658117980726 0.17880932621374312 0.5 -0.17372608759894728 3.8511748728417237 OK 11 10 0.47252 0.33709499999999998 0.104071 0.36176799999999998 0.21621899999999999 0 0.11075200000000002 0.12087599999999998 0.104071 0.0084229999999999999 0.0085990000000000007 0.0081270000000000005 0.083924999999999972 0.095172999999999966 0.080360999999999974 0.0030330000000000001 0.0038999999999999998 0.0031289999999999998 0.0008789999999999999 0.00094699999999999993 0.00090600000000000001 3.8511728271015007 3.8511728271015007 3.8511728271015007 0.0013200073735634139 0.0013200073735634139 0.0013200073735634139 1 1 1 Converged Converged Converged OK OK OK 75 75 75 75 75 75 5 5 5 0 0 0 0 1 0 0 1
158 158 linear 3 23 1583 3 0.001 1.7356543721266917 0.0029373185050650149 0.17984803322760246 0.167862054625976 -0.22142658117980726 0.20383166127149649 0.5 -0.19874842265670065 3.6303694305259264 OK 11 10 0.52922199999999997 0.40134900000000001 0.10428800000000001 0.41957100000000003 0.27477299999999999 0 0.10965099999999994 0.12657600000000002 0.10428800000000001 0.008319 0.0085019999999999991 0.007809 0.084677999999999989 0.10135299999999996 0.081297999999999981 0.0033370000000000001 0.0035929999999999998 0.002934 0.00089899999999999995 0.00085399999999999994 0.00085599999999999999 3.6303677951870057 3.6303677951870057 3.6303677951870057 0.00089727980741306388 0.00089727980741306388 0.00089727980741306388 1 1 1 Converged Converged Converged OK OK OK 75 75 75 75 75 75 5 5 5 0 0 0 0 1 0 0 1
158 158 linear 3 0 1583 0 0.0001 1.7356543721266917 0.0029373185050650149 0.17984803322760246 0.167862054625976 -0.22142658117980726 0.13189244798045552 0.5 -0.12680920936565968 4.2888566871543716 OK 12 11 0.54546499999999998 0.54559899999999995 0.142594 0.396206 0.39957500000000001 0 0.14925899999999998 0.14602399999999993 0.142594 0.0098309999999999995 0.010023000000000001 0.0094319999999999994 0.10964500000000002 0.106851 0.10565700000000001 0.0048609999999999999 0.0047010000000000003 0.0042589999999999998 0.001139 0.0011559999999999999 0.0010170000000000001 4.2888540587014434 4.2888540587014434 4.2888540587014434 0.00035595964701166401 0.00035595964701166401 0.00035595964701166401 1 1 1 Converged Converged Converged OK OK OK 90 90 90 90 90 90 6 6 6 0 0 0 0 0 1 0 0
158 158 linear 3 7 1583 1 0.0001 1.7356543721266917 0.0029373185050650149 0.17984803322760246 0.167862054625976 -0.22142658117980726 0.15378699115598973 0.5 -0.14870375254119389 4.0826530568898463 OK 12 11 0.57267900000000005 0.43671199999999999 0.17550299999999999 0.38923200000000002 0.24308199999999999 0 0.18344700000000003 0.19363 0.17550299999999999 0.0089390000000000008 0.0088409999999999999 0.0081550000000000008 0.13943299999999997 0.15063799999999994 0.13420400000000005 0.008209000000000001 0.0076239999999999988 0.0077529999999999995 0.001421 0.0013609999999999998 0.0013820000000000002 4.082650803343606 4.082650803343606 4.082650803343606 0.00020971306746622932 0.00020971306746622932 0.00020971306746622932 1 1 1 Converged Converged Converged OK OK OK 130 130 130 130 130 130 6 6 6 0 0 0 0 1 0 0 1
158 158 linear 3 15 1583 2 0.0001 1.7356543721266917 0.0029373185050650149 0.17984803322760246 0.167862054625976 -0.22142658117980726 0.17880932621374312 0.5 -0.17372608759894728 3.8511748728417237 OK 11 10 0.50219100000000005 0.36663400000000002 0.128718 0.36894300000000002 0.21462500000000001 0 0.13324800000000003 0.15200900000000001 0.128718 0.0085430000000000002 0.0085920000000000007 0.0079830000000000005 0.10349800000000006 0.12154600000000002 0.099967 0.0044150000000000005 0.0050210000000000003 0.0045170000000000002 0.0010769999999999998 0.0011980000000000001 0.0011450000000000002 3.8511727326312664 3.8511727326312664 3.8511727326312664 0.00030769048224695976 0.00030769048224695976 0.00030769048224695976 1 1 1 Converged Converged Converged OK OK OK 99 99 99 99 99 99 5 5 5 0 0 0 0 1 0 0 1
158 158 linear 3 23 1583 3 0.0001 1.7356543721266917 0.0029373185050650149 0.17984803322760246 0.167862054625976 -0.22142658117980726 0.20383166127149649 0.5 -0.19874842265670065 3.6303694305259264 OK 11 10 0.54990399999999995 0.41514499999999999 0.12074799999999999 0.42194599999999999 0.27481699999999998 0 0.12795799999999996 0.14032800000000001 0.12074799999999999 0.0086309999999999998 0.0084910000000000003 0.0078429999999999993 0.098588000000000009 0.11251700000000003 0.094380000000000006 0.0049050000000000005 0.0040299999999999997 0.0037439999999999999 0.001026 0.0010119999999999999 0.00096299999999999988 3.6303674507119541 3.6303674507119541 3.6303674507119541 0.00034335076168713911 0.00034335076168713911 0.00034335076168713911 1 1 1 Converged Converged Converged OK OK OK 91 91 91 91 91 91 5 5 5 0 0 0 0 1 0 0 1
158 158 linear 4 0 1584 0 0.001 1.7356543721266917 0.0029373185050650149 0.17984803322760246 0.31485840826916717 0.11155203210103259 0.27888880162364665 0.5 -0.27380556300885084 3.6364433697730423 OK 14 13 0.765795 0.753556 0.24834300000000001 0.50385599999999997 0.50263599999999997 0 0.26193900000000003 0.25092000000000003 0.24834300000000001 0.014104 0.013533 0.012796 0.20425099999999999 0.196989 0.19418199999999997 0.0062220000000000001 0.0062900000000000005 0.0066669999999999993 0.001482 0.0014000000000000002 0.0014940000000000001 3.636433941934194 3.636433941934194 3.636433941934194 0.002635501198551798 0.002635501198551798 0.002635501198551798 1 1 1 Converged Converged Converged OK OK OK 120 120 120 120 120 120 8 8 8 0 0 0 0 0 1 0 0
158 158 linear 4 7 1584 1 0.001 1.7356543721266917 0.0029373185050650149 0.17984803322760246 0.31485840826916717 0.11155203210103259 0.3007833447991809 0.5 -0.29570010618438508 3.3950249994676254 OK 13 12 0.80183599999999999 0.65121300000000004 0.21390300000000001 0.57574499999999995 0.41936299999999999 0 0.22609100000000004 0.23185000000000006 0.21390300000000001 0.0090629999999999999 0.0089029999999999995 0.0083750000000000005 0.18794200000000011 0.19540499999999997 0.17728400000000002 0.0058869999999999999 0.0054799999999999996 0.0061180000000000002 0.001408 0.0013879999999999999 0.0014880000000000002 3.3950003296244167 3.3950003296244167 3.3950003296244167 0.0028699506301226073 0.0028699506301226073 0.0028699506301226073 1 1 1 Converged Converged Converged OK OK OK 129 129 129 129 129 129 7 7 7 0 0 0 0 1 0 0 1
158 158 linear 4 15 1584 2 0.001 1.7356543721266917 0.0029373185050650149 0.17984803322760246 0.31485840826916717 0.11155203210103259 0.32580567985693426 0.5 -0.32072244124213845 3.1587105878654045 OK 13 12 0.74570099999999995 0.60376200000000002 0.20253699999999999 0.53558099999999997 0.37517800000000001 0 0.21011999999999997 0.22858400000000001 0.20253699999999999 0.0088739999999999999 0.0089060000000000007 0.0080949999999999998 0.17464799999999997 0.19146300000000013 0.16870100000000007 0.0056680000000000012 0.0068909999999999996 0.005581 0.0013879999999999999 0.0014900000000000002 0.001302 3.1587222107484694 3.1587222107484694 3.1587222107484694 0.002216190118539278 0.002216190118539278 0.002216190118539278 1 1 1 Converged Converged Converged OK OK OK 129 129 129 129 129 129 7 7 7 0 0 0 0 1 0 0 1
158 158 linear 4 23 1584 3 0.001 1.7356543721266917 0.0029373185050650149 0.17984803322760246 0.31485840826916717 0.11155203210103259 0.35082801491468768 0.5 -0.34574477629989187 2.9562256350752767 OK 13 12 0.66692799999999997 0.52924599999999999 0.179677 0.47924499999999998 0.33151199999999997 0 0.18768299999999999 0.19773400000000002 0.179677 0.0087869999999999997 0.0087760000000000008 0.0080660000000000003 0.15492700000000006 0.16564999999999999 0.149701 0.0055729999999999998 0.0053249999999999999 0.0046309999999999997 0.001351 0.0012320000000000002 0.0012149999999999999 2.9562600686840192 2.9562600686840192 2.9562600686840192 0.0026717857622426365 0.0026717857622426365 0.0026717857622426365 1 1 1 Converged Converged Converged OK OK OK 113 113 113 113 113 113 7 7 7 0 0 0 0 1 0 0 1
158 158 linear 4 0 1584 0 0.0001 1.7356543721266917 0.0029373185050650149 0.17984803322760246 0.31485840826916717 0.11155203210103259 0.27888880162364665 0.5 -0.27380556300885084 3.6364433697730423 OK 14 13 0.90664100000000003 0.89709399999999995 0.38987899999999998 0.50612100000000004 0.50580700000000001 0 0.40051999999999999 0.39128699999999994 0.38987899999999998 0.013606 0.013315 0.013184 0.31033900000000031 0.30262799999999995 0.30230099999999993 0.014560999999999999 0.014035999999999998 0.013914000000000001 0.0021349999999999997 0.0021909999999999998 0.0020539999999999998 3.6364417321073641 3.6364417321073641 3.6364417321073641 0.00020346620104538769 0.00020346620104538769 0.00020346620104538769 1 1 1 Converged Converged Converged OK OK OK 208 208 208 208 208 208 8 8 8 0 0 0 0 0 1 0 0
158 158 linear 4 7 1584 1 0.0001 1.7356543721266917 0.0029373185050650149 0.17984803322760246 0.31485840826916717 0.11155203210103259 0.3007833447991809 0.5 -0.29570010618438508 3.3950249994676254 OK 13 12 0.97005699999999995 0.87675400000000003 0.39367999999999997 0.56153799999999998 0.42131999999999997 0 0.40851899999999997 0.45543400000000006 0.39367999999999997 0.0089680000000000003 0.008992 0.0085269999999999999 0.32661099999999965 0.37244300000000019 0.31352600000000014 0.022156000000000002 0.02281 0.021998 0.0020920000000000001 0.0020790000000000001 0.0020999999999999999 3.3950285685693249 3.3950285685693249 3.3950285685693249 0.00027049957885301652 0.00027049957885301652 0.00027049957885301652 1 1 1 Converged Converged Converged OK OK OK 273 273 273 273 273 273 7 7 7 0 0 0 0 1 0 0 1
158 158 linear 4 15 1584 2 0.0001 1.7356543721266917 0.0029373185050650149 0.17984803322760246 0.31485840826916717 0.11155203210103259 0.32580567985693426 0.5 -0.32072244124213845 3.1587105878654045 OK 13 12 0.79647900000000005 0.68240699999999999 0.261378 0.52172399999999997 0.37988499999999997 0 0.27475500000000008 0.30252200000000001 0.261378 0.0086289999999999995 0.0089269999999999992 0.0081300000000000001 0.22859599999999988 0.25341999999999992 0.21659299999999987 0.0092309999999999996 0.011573999999999999 0.0090910000000000001 0.0017109999999999998 0.001761 0.0017160000000000001 3.1587086628930034 3.1587086628930034 3.1587086628930034 0.00016241469325248024 0.00016241469325248024 0.00016241469325248024 1 1 1 Converged Converged Converged OK OK OK 177 177 177 177 177 177 7 7 7 0 0 0 0 1 0 0 1
158 158 linear 4 23 1584 3 0.0001 1.7356543721266917 0.0029373185050650149 0.17984803322760246 0.31485840826916717 0.11155203210103259 0.35082801491468768 0.5 -0.34574477629989187 2.9562256350752767 OK 13 12 0.74221899999999996 0.62037200000000003 0.25041999999999998 0.48226599999999997 0.33224199999999998 0 0.25995299999999999 0.28813000000000005 0.25041999999999998 0.0086929999999999993 0.0088679999999999991 0.0080319999999999992 0.21340900000000004 0.241037 0.20648199999999986 0.0097990000000000004 0.010543000000000002 0.0088769999999999995 0.0017879999999999999 0.0017159999999999996 0.001665 2.9562238565482373 2.9562238565482373 2.9562238565482373 0.00012858926771960438 0.00012858926771960438 0.00012858926771960438 1 1 1 Converged Converged Converged OK OK OK 177 177 177 177 177 177 7 7 7 0 0 0 0 1 0 0 1
158 158 uniform 0 0 1585 0 0.001 1.7356543721266917 0.0029373185050650149 0.17984803322760246 -1.0908018511162785 -0.041424780188088789 -1.1267714577617989 0 1.1318546963765947 1.4291975870501179 OK 16 15 0.57310399999999995 0.56916500000000003 0.168577 0.40296399999999999 0.397951 0 0.17013999999999996 0.17121400000000003 0.168577 0.013337999999999999 0.013426 0.012631 0.115254 0.11574300000000001 0.11479899999999996 0.0047940000000000014 0.0051409999999999997 0.0046159999999999994 0.0013270000000000001 0.0014610000000000001 0.001457 1.4291958742298039 1.4291958742298039 1.4291958742298039 0.00049834335547361457 0.00049834335547361457 0.00049834335547361457 1 1 1 Converged Converged Converged OK OK OK 117 117 117 117 117 117 11 11 11 0 0 0 0 0 1 0 0
158 158 uniform 0 7 1585 1 0.001 1.7356543721266917 0.0029373185050650149 0.17984803322760246 -1.0908018511162785 -0.041424780188088789 -1.1048769145862647 0 1.1099601532010606 1.4396241961544918 OK 16 15 0.55384100000000003 0.42272900000000002 0.15196899999999999 0.400646 0.264316 0 0.15319500000000003 0.15841300000000003 0.15196899999999999 0.012033 0.012289 0.011110999999999999 0.11369400000000003 0.11855999999999994 0.11373300000000001 0.0045030000000000009 0.0046220000000000002 0.0044520000000000002 0.001343 0.0013850000000000002 0.0013250000000000002 1.4396117799477617 1.4396117799477617 1.4396117799477617 0.0007616260144496117 0.0007616260144496117 0.0007616260144496117 1 1 1 Converged Converged Converged OK OK OK 117 117 117 117 117 117 11 11 11 0 0 0 0 1 0 0 1
158 158 uniform 0 15 1585 2 0.001 1.7356543721266917 0.0029373185050650149 0.17984803322760246 -1.0908018511162785 -0.041424780188088789 -1.0798545795285113 0 1.0849378181433071 1.4510991241264508 OK 16 15 0.46987099999999998 0.343833 0.16173799999999999 0.30627100000000002 0.17407500000000001 0 0.16359999999999997 0.16975799999999999 0.16173799999999999 0.011858 0.012083 0.010925000000000001 0.121451 0.12654799999999991 0.12097200000000004 0.0048960000000000002 0.0053329999999999992 0.0050390000000000001 0.0012320000000000002 0.001346 0.0012250000000000002 1.4510973205499988 1.4510973205499988 1.4510973205499988 0.00090226232650525147 0.00090226232650525147 0.00090226232650525147 1 1 1 Converged Converged Converged OK OK OK 125 125 125 125 125 125 11 11 11 0 0 0 0 1 0 0 1
158 158 uniform 0 23 1585 3 0.001 1.7356543721266917 0.0029373185050650149 0.17984803322760246 -1.0908018511162785 -0.041424780188088789 -1.0548322444707581 0 1.0599154830855539 1.4614412822770591 OK 16 15 0.58714100000000002 0.47079199999999999 0.16536300000000001 0.42154700000000001 0.29816399999999998 0 0.16559400000000002 0.172628 0.16536300000000001 0.011755 0.011969 0.011077999999999999 0.12567600000000004 0.131526 0.12621400000000005 0.0048409999999999998 0.0052150000000000009 0.0049649999999999998 0.0011370000000000002 0.0012640000000000001 0.0011380000000000001 1.4614242416889853 1.4614242416889853 1.4614242416889853 0.00077738976167080094 0.00077738976167080094 0.00077738976167080094 1 1 1 Converged Converged Converged OK OK OK 125 125 125 125 125 125 11 11 11 0 0 0 0 1 0 0 1
158 158 uniform 0 0 1585 0 0.0001 1.7356543721266917 0.0029373185050650149 0.17984803322760246 -1.0908018511162785 -0.041424780188088789 -1.1267714577617989 0 1.1318546963765947 1.4291975870501179 OK 16 15 0.59548400000000001 0.59620600000000001 0.19297500000000001 0.39937800000000001 0.39802799999999999 0 0.196106 0.19817800000000002 0.19297500000000001 0.013519 0.013114000000000001 0.012599000000000001 0.13122599999999995 0.13500599999999996 0.13032600000000005 0.0062909999999999997 0.0057800000000000004 0.0060799999999999995 0.0017290000000000001 0.001758 0.0017980000000000001 1.4291974162629197 1.4291974162629197 1.4291974162629197 8.0678197423935316e-05 8.0678197423935316e-05 8.0678197423935316e-05 1 1 1 Converged Converged Converged OK OK OK 141 141 141 141 141 141 11 11 11 0 0 0 0 0 1 0 0
158 158 uniform 0 7 1585 1 0.0001 1.7356543721266917 0.0029373185050650149 0.17984803322760246 -1.0908018511162785 -0.041424780188088789 -1.1048769145862647 0 1.1099601532010606 1.4396241961544918 OK 16 15 0.57972599999999996 0.43596400000000002 0.17036999999999999 0.40509800000000001 0.259073 0 0.17462799999999995 0.17689100000000002 0.17036999999999999 0.011900000000000001 0.012201999999999999 0.011075 0.12892300000000004 0.13181100000000001 0.12736100000000006 0.0061480000000000007 0.006049999999999999 0.0056040000000000005 0.00173 0.00167 0.0017280000000000002 1.439623828349321 1.439623828349321 1.439623828349321 9.5949504024145892e-05 9.5949504024145892e-05 9.5949504024145892e-05 1 1 1 Converged Converged Converged OK OK OK 141 141 141 141 141 141 11 11 11 0 0 0 0 1 0 0 1
158 158 uniform 0 15 1585 2 0.0001 1.7356543721266917 0.0029373185050650149 0.17984803322760246 -1.0908018511162785 -0.041424780188088789 -1.0798545795285113 0 1.0849378181433071 1.4510991241264508 OK 16 15 0.51165300000000002 0.38782899999999998 0.20180999999999999 0.30856600000000001 0.17585400000000001 0 0.20308700000000002 0.21197499999999997 0.20180999999999999 0.012031 0.012028 0.010999999999999999 0.1478489999999999 0.15263800000000011 0.14522199999999996 0.008882000000000001 0.013231000000000001 0.012533000000000001 0.0019490000000000004 0.0019490000000000002 0.0017930000000000003 1.4510991711452899 1.4510991711452899 1.4510991711452899 8.3322061472305083e-05 8.3322061472305083e-05 8.3322061472305083e-05 1 1 1 Converged Converged Converged OK OK OK 173 173 173 173 173 173 11 11 11 0 0 0 0 1 0 0 1
158 158 uniform 0 23 1585 3 0.0001 1.7356543721266917 0.0029373185050650149 0.17984803322760246 -1.0908018511162785 -0.041424780188088789 -1.0548322444707581 0 1.0599154830855539 1.4614412822770591 OK 16 15 0.64136099999999996 0.513853 0.213563 0.42322500000000002 0.29161599999999999 0 0.21813599999999994 0.22223700000000002 0.213563 0.011884 0.012104 0.011003000000000001 0.1608990000000001 0.16500100000000006 0.15902300000000011 0.0092890000000000004 0.0090460000000000002 0.0085710000000000005 0.0020769999999999999 0.002019 0.0019959999999999999 1.461439827157512 1.461439827157512 1.461439827157512 9.548430520819957e-05 9.548430520819957e-05 9.548430520819957e-05 1 1 1 Converged Converged Converged OK OK OK 181 181 181 181 181 181 11 11 11 0 0 0 0 1 0 0 1
158 158 uniform 1 0 1586 0 0.001 1.7356543721266917 0.0029373185050650149 0.17984803322760246 0.04994123143236532 0.085234911342387004 0.013971624786844827 0 -0.0088883861720489964 10.492789977685296 OK 13 12 0.60443400000000003 0.60651500000000003 0.145956 0.45857100000000001 0.45746599999999998 0 0.14586300000000002 0.14904900000000004 0.145956 0.0097800000000000005 0.010149999999999999 0.0097610000000000006 0.11061700000000002 0.11245400000000004 0.11024100000000001 0.0030730000000000002 0.003558 0.0032639999999999995 0.000812 0.00084300000000000011 0.00090200000000000002 10.492789822914277 10.492789822914277 10.492789822914277 0.00042910733184833356 0.00042910733184833356 0.00042910733184833356 1 1 1 Converged Converged Converged OK OK OK 81 81 81 81 81 81 7 7 7 0 0 0 0 0 1 0 0
158 158 uniform 1 7 1586 1 0.001 1.7356543721266917 0.0029373185050650149 0.17984803322760246 0.04994123143236532 0.085234911342387004 0.035866167962379042 0 -0.030782929347583213 10.403975972258326 OK 12 11 0.55562299999999998 0.41869800000000001 0.13545199999999999 0.41772799999999999 0.27955400000000002 0 0.13789499999999999 0.13914399999999999 0.13545199999999999 0.0090959999999999999 0.0091850000000000005 0.0086809999999999995 0.10913400000000001 0.11084799999999995 0.10824400000000005 0.0033009999999999997 0.0032660000000000002 0.0030609999999999999 0.00079500000000000003 0.00080400000000000003 0.00082800000000000007 10.403975919344759 10.403975919344759 10.403975919344759 0.00042799859614389398 0.00042799859614389398 0.00042799859614389398 1 1 1 Converged Converged Converged OK OK OK 81 81 81 81 81 81 7 7 7 0 0 0 0 1 0 0 1
158 158 uniform 1 15 1586 2 0.001 1.7356543721266917 0.0029373185050650149 0.17984803322760246 0.04994123143236532 0.085234911342387004 0.060888503020132427 0 -0.055805264405336598 10.186821159178209 OK 12 11 0.64014700000000002 0.49830799999999997 0.13813500000000001 0.49904100000000001 0.355321 0 0.14110600000000001 0.14298699999999998 0.13813500000000001 0.0088850000000000005 0.0089479999999999994 0.0079880000000000003 0.11278800000000001 0.11435100000000002 0.11179500000000001 0.0032259999999999993 0.0033519999999999999 0.0030249999999999999 0.00080800000000000002 0.00083799999999999999 0.00080999999999999996 10.186820983477062 10.186820983477062 10.186820983477062 0.00042233255677360496 0.00042233255677360496 0.00042233255677360496 1 1 1 Converged Converged Converged OK OK OK 81 81 81 81 81 81 7 7 7 0 0 0 0 1 0 0 1
158 158 uniform 1 23 1586 3 0.001 1.7356543721266917 0.0029373185050650149 0.17984803322760246 0.04994123143236532 0.085234911342387004 0.085910838077885812 0 -0.080827599463089983 9.8321986156108636 OK 13 12 0.66066100000000005 0.519235 0.127137 0.52637400000000001 0.38424900000000001 0 0.13428700000000005 0.13498599999999999 0.127137 0.0094400000000000005 0.0092510000000000005 0.0085439999999999995 0.10734999999999999 0.10791799999999993 0.10211600000000001 0.0027499999999999998 0.0031740000000000002 0.0026930000000000001 0.00078200000000000003 0.00087900000000000001 0.00073400000000000006 9.8321987469706187 9.8321987469706187 9.8321987469706187 0.001865976162981006 0.001865976162981006 0.001865976162981006 1 1 1 Converged Converged Converged OK OK OK 80 80 80 80 80 80 8 8 8 0 0 0 0 1 0 0 1
158 158 uniform 1 0 1586 0 0.0001 1.7356543721266917 0.0029373185050650149 0.17984803322760246 0.04994123143236532 0.085234911342387004 0.013971624786844827 0 -0.0088883861720489964 10.492789977685296 OK 13 12 0.60197800000000001 0.60520700000000005 0.145759 0.45653100000000002 0.45647799999999999 0 0.14544699999999999 0.14872900000000006 0.145759 0.0097710000000000002 0.009894 0.0098239999999999994 0.11037899999999998 0.11333700000000001 0.11023299999999998 0.002996 0.0030979999999999996 0.0032160000000000001 0.00081099999999999998 0.00087900000000000001 0.00082700000000000004 10.492789822914277 10.492789822914277 10.492789822914277 0.00042910733184833356 0.00042910733184833356 0.00042910733184833356 1 1 1 Converged Converged Converged OK OK OK 81 81 81 81 81 81 7 7 7 0 0 0 0 0 1 0 0
158 158 uniform 1 7 1586 1 0.0001 1.7356543721266917 0.0029373185050650149 0.17984803322760246 0.04994123143236532 0.085234911342387004 0.035866167962379042 0 -0.030782929347583213 10.403975972258326 OK 12 11 0.55846200000000001 0.42532799999999998 0.13500200000000001 0.42117900000000003 0.28498800000000002 0 0.13728299999999999 0.14033999999999996 0.13500200000000001 0.0090919999999999994 0.009051 0.0085389999999999997 0.10839099999999997 0.11178099999999996 0.10801599999999999 0.0031949999999999999 0.003408 0.0029709999999999997 0.00085899999999999995 0.00086300000000000005 0.0008160000000000001 10.403975919344759 10.403975919344759 10.403975919344759 0.00042799859614389398 0.00042799859614389398 0.00042799859614389398 1 1 1 Converged Converged Converged OK OK OK 81 81 81 81 81 81 7 7 7 0 0 0 0 1 0 0 1
158 158 uniform 1 15 1586 2 0.0001 1.7356543721266917 0.0029373185050650149 0.17984803322760246 0.04994123143236532 0.085234911342387004 0.060888503020132427 0 -0.055805264405336598 10.186821159178209 OK 12 11 0.636378 0.50085299999999999 0.138127 0.49507200000000001 0.35361500000000001 0 0.14130599999999999 0.14723799999999998 0.138127 0.0088269999999999998 0.0087250000000000001 0.0080649999999999993 0.11294999999999997 0.11928700000000002 0.11173599999999996 0.0031680000000000007 0.0031300000000000004 0.0029789999999999999 0.00084399999999999992 0.00083000000000000001 0.00081599999999999999 10.186820983477062 10.186820983477062 10.186820983477062 0.00042233255677360496 0.00042233255677360496 0.00042233255677360496 1 1 1 Converged Converged Converged OK OK OK 81 81 81 81 81 81 7 7 7 0 0 0 0 1 0 0 1
158 158 uniform 1 23 1586 3 0.0001 1.7356543721266917 0.0029373185050650149 0.17984803322760246 0.04994123143236532 0.085234911342387004 0.085910838077885812 0 -0.080827599463089983 9.8321986156108636 OK 13 12 0.66597799999999996 0.52536499999999997 0.13931299999999999 0.52780300000000002 0.38780300000000001 0 0.13817499999999994 0.13756199999999996 0.13931299999999999 0.0094830000000000001 0.0095720000000000006 0.0085760000000000003 0.10812500000000001 0.10778699999999998 0.11126000000000003 0.0031769999999999997 0.0033049999999999998 0.0030539999999999994 0.00096499999999999993 0.001011 0.00090499999999999999 9.8321985157292211 9.8321985157292211 9.8321985157292211 0.00068355841896387273 0.00068355841896387273 0.00068355841896387273 1 1 1 Converged Converged Converged OK OK OK 88 88 88 88 88 88 8 8 8 0 0 0 0 1 0 0 1
158 158 uniform 2 0 1587 0 0.001 1.7356543721266917 0.0029373185050650149 0.17984803322760246 -1.0663120309903849 0.17914379582629275 -1.1022816376359053 0 1.1073648762507011 1.3051170590506371 OK 13 12 0.40736899999999998 0.41318500000000002 0.13087699999999999 0.27319700000000002 0.27929700000000002 0 0.13417199999999996 0.13388800000000001 0.13087699999999999 0.0077580000000000001 0.0075849999999999997 0.0074400000000000004 0.10016499999999998 0.10033700000000002 0.098873000000000016 0.0037299999999999998 0.0035379999999999999 0.0031440000000000001 0.00093899999999999995 0.00093399999999999993 0.0008389999999999999 1.3051098896841418 1.3051098896841418 1.3051098896841418 0.0010678267550226078 0.0010678267550226078 0.0010678267550226078 1 1 1 Converged Converged Converged OK OK OK 88 88 88 88 88 88 8 8 8 0 0 0 0 0 1 0 0
158 158 uniform 2 7 1587 1 0.001 1.7356543721266917 0.0029373185050650149 0.17984803322760246 -1.0663120309903849 0.17914379582629275 -1.0803870944603711 0 1.0854703330751669 1.3023522505616467 OK 15 14 0.41378599999999999 0.298815 0.12708900000000001 0.28493499999999999 0.16123699999999999 0 0.12885099999999999 0.13757800000000001 0.12708900000000001 0.0092110000000000004 0.0092800000000000001 0.008914 0.097674999999999998 0.10277300000000002 0.097285999999999997 0.0037359999999999997 0.0036490000000000003 0.0036580000000000002 0.00077999999999999988 0.00081499999999999986 0.00074700000000000005 1.302351968989111 1.302351968989111 1.302351968989111 0.00013618203222872703 0.00013618203222872703 0.00013618203222872703 1 1 1 Converged Converged Converged OK OK OK 81 81 81 81 81 81 7 7 7 0 0 0 0 1 0 0 1
158 158 uniform 2 15 1587 2 0.001 1.7356543721266917 0.0029373185050650149 0.17984803322760246 -1.0663120309903849 0.17914379582629275 -1.0553647594026176 0 1.0604479980174135 1.3049667027617451 OK 15 14 0.40664800000000001 0.28209400000000001 0.109469 0.29256100000000002 0.166657 0 0.11408699999999999 0.11543700000000001 0.109469 0.0088780000000000005 0.008914 0.0084849999999999995 0.086855000000000029 0.09042200000000003 0.084996000000000016 0.0038810000000000003 0.0029020000000000001 0.0028560000000000005 0.00077700000000000002 0.00070399999999999998 0.00071600000000000006 1.3049661818819578 1.3049661818819578 1.3049661818819578 0.00032708454490875186 0.00032708454490875186 0.00032708454490875186 1 1 1 Converged Converged Converged OK OK OK 74 74 74 74 74 74 6 6 6 0 0 0 0 1 0 0 1
158 158 uniform 2 23 1587 3 0.001 1.7356543721266917 0.0029373185050650149 0.17984803322760246 -1.0663120309903849 0.17914379582629275 -1.0303424243448644 0 1.0354256629596603 1.3144712026506562 OK 15 14 0.41848000000000002 0.30794899999999997 0.109366 0.30502699999999999 0.18410599999999999 0 0.11345300000000003 0.12384299999999998 0.109366 0.0089289999999999994 0.008992 0.0082070000000000008 0.087207999999999994 0.097168000000000018 0.085590000000000013 0.0033540000000000002 0.0037089999999999996 0.0028150000000000002 0.000669 0.00078600000000000002 0.00063400000000000001 1.314471054256817 1.314471054256817 1.314471054256817 0.00023716849030679042 0.00023716849030679042 0.00023716849030679042 1 1 1 Converged Converged Converged OK OK OK 74 74 74 74 74 74 6 6 6 0 0 0 0 1 0 0 1
158 158 uniform 2 0 1587 0 0.0001 1.7356543721266917 0.0029373185050650149 0.17984803322760246 -1.0663120309903849 0.17914379582629275 -1.1022816376359053 0 1.1073648762507011 1.3051170590506371 OK 13 12 0.46976000000000001 0.46555299999999999 0.19056999999999999 0.27898699999999999 0.270874 0 0.19077300000000003 0.19467899999999999 0.19056999999999999 0.0077210000000000004 0.0075709999999999996 0.007509 0.14167199999999996 0.14557200000000001 0.14130299999999996 0.006827999999999999 0.006698 0.0072409999999999992 0.00132 0.001305 0.001392 1.3051182354276805 1.3051182354276805 1.3051182354276805 8.4301376711194714e-05 8.4301376711194714e-05 8.4301376711194714e-05 1 1 1 Converged Converged Converged OK OK OK 136 136 136 136 136 136 8 8 8 0 0 0 0 0 1 0 0
158 158 uniform 2 7 1587 1 0.0001 1.7356543721266917 0.0029373185050650149 0.17984803322760246 -1.0663120309903849 0.17914379582629275 -1.0803870944603711 0 1.0854703330751669 1.3023522505616467 OK 15 14 0.43186999999999998 0.32054899999999997 0.144895 0.28443600000000002 0.16367799999999999 0 0.14743399999999995 0.15687099999999998 0.144895 0.0092659999999999999 0.0094369999999999992 0.0089479999999999994 0.11112999999999999 0.11975699999999997 0.10988899999999992 0.0049040000000000004 0.0052380000000000005 0.0046649999999999999 0.0010009999999999999 0.0010140000000000001 0.00092600000000000007 1.3023519689651386 1.3023519689651386 1.3023519689651386 8.7375566146154652e-05 8.7375566146154652e-05 8.7375566146154652e-05 1 1 1 Converged Converged Converged OK OK OK 97 97 97 97 97 97 7 7 7 0 0 0 0 1 0 0 1
158 158 uniform 2 15 1587 2 0.0001 1.7356543721266917 0.0029373185050650149 0.17984803322760246 -1.0663120309903849 0.17914379582629275 -1.0553647594026176 0 1.0604479980174135 1.3049667027617451 OK 15 14 0.44914399999999999 0.33064300000000002 0.15069199999999999 0.297288 0.17085900000000001 0 0.15185599999999999 0.15978400000000001 0.15069199999999999 0.0088470000000000007 0.0092890000000000004 0.0084110000000000001 0.11744600000000001 0.12426799999999999 0.11695399999999997 0.0055879999999999992 0.0066420000000000003 0.0059389999999999998 0.0010759999999999999 0.001165 0.0010249999999999999 1.3049664401076759 1.3049664401076759 1.3049664401076759 9.8907452630936997e-05 9.8907452630936997e-05 9.8907452630936997e-05 1 1 1 Converged Converged Converged OK OK OK 114 114 114 114 114 114 6 6 6 0 0 0 0 1 0 0 1
158 158 uniform 2 23 1587 3 0.0001 1.7356543721266917 0.0029373185050650149 0.17984803322760246 -1.0663120309903849 0.17914379582629275 -1.0303424243448644 0 1.0354256629596603 1.3144712026506562 OK 15 14 0.43743700000000002 0.331901 0.12995699999999999 0.30575599999999997 0.18857099999999999 0 0.13168100000000005 0.14333000000000001 0.12995699999999999 0.0088620000000000001 0.0090600000000000003 0.0081359999999999991 0.10337599999999998 0.113487 0.10256299999999996 0.003542 0.0042389999999999997 0.0036719999999999995 0.0010039999999999999 0.001103 0.00096599999999999984 1.3144711200780221 1.3144711200780221 1.3144711200780221 6.9287212825428466e-05 6.9287212825428466e-05 6.9287212825428466e-05 1 1 1 Converged Converged Converged OK OK OK 90 90 90 90 90 90 6 6 6 0 0 0 0 1 0 0 1
158 158 uniform 3 0 1588 0 0.001 1.7356543721266917 0.0029373185050650149 0.17984803322760246 0.167862054625976 -0.22142658117980726 0.13189244798045552 0 -0.12680920936565968 4.3166925838578685 OK 12 11 0.51507599999999998 0.50828700000000004 0.113397 0.39965000000000001 0.39559299999999997 0 0.11542599999999997 0.11269400000000007 0.113397 0.010085999999999999 0.0095569999999999995 0.0096360000000000005 0.08004799999999998 0.079076999999999967 0.079464000000000007 0.0037499999999999999 0.003594 0.0038260000000000004 0.0009990000000000001 0.00091799999999999998 0.00096099999999999994 4.3166923415002341 4.3166923415002341 4.3166923415002341 0.0010855803772992852 0.0010855803772992852 0.0010855803772992852 1 1 1 Converged Converged Converged OK OK OK 82 82 82 82 82 82 6 6 6 0 0 0 0 0 1 0 0
158 158 uniform 3 7 1588 1 0.001 1.7356543721266917 0.0029373185050650149 0.17984803322760246 0.167862054625976 -0.22142658117980726 0.15378699115598973 0 -0.14870375254119389 4.1060830090984162 OK 12 11 0.49911499999999998 0.36519099999999999 0.10906299999999999 0.39143299999999998 0.24482000000000001 0 0.107682 0.12037099999999998 0.10906299999999999 0.0089099999999999995 0.0089510000000000006 0.0083590000000000001 0.079064000000000009 0.092604000000000034 0.08210800000000007 0.0036180000000000001 0.0034329999999999999 0.0034629999999999999 0.00094799999999999995 0.00091200000000000005 0.00092999999999999995 4.1060821934958529 4.1060821934958529 4.1060821934958529 0.0021141484705462475 0.0021141484705462475 0.0021141484705462475 1 1 1 Converged Converged Converged OK OK OK 82 82 82 82 82 82 6 6 6 0 0 0 0 1 0 0 1
158 158 uniform 3 15 1588 2 0.001 1.7356543721266917 0.0029373185050650149 0.17984803322760246 0.167862054625976 -0.22142658117980726 0.17880932621374312 0 -0.17372608759894728 3.8703321404504818 OK 11 10 0.44475399999999998 0.31074000000000002 0.084524000000000002 0.36135 0.214083 0 0.083403999999999978 0.096657000000000021 0.084524000000000002 0.0084449999999999994 0.0087740000000000005 0.0091489999999999991 0.061044000000000008 0.073134000000000005 0.061528999999999986 0.0024490000000000002 0.003045 0.0026329999999999999 0.00066500000000000001 0.00083100000000000003 0.00068400000000000004 3.8703300797350222 3.8703300797350222 3.8703300797350222 0.0030362836877527266 0.0030362836877527266 0.0030362836877527266 1 1 1 Converged Converged Converged OK OK OK 67 67 67 67 67 67 5 5 5 0 0 0 0 1 0 0 1
158 158 uniform 3 23 1588 3 0.001 1.7356543721266917 0.0029373185050650149 0.17984803322760246 0.167862054625976 -0.22142658117980726 0.20383166127149649 0 -0.19874842265670065 3.6460352629147037 OK 11 10 0.50821899999999998 0.38075599999999998 0.088816999999999993 0.41777199999999998 0.27303300000000003 0 0.090447 0.10772299999999996 0.088816999999999993 0.0082920000000000008 0.008345 0.0077749999999999998 0.066614000000000007 0.083127000000000006 0.066138000000000002 0.0029529999999999999 0.003503 0.002869 0.00076800000000000002 0.00081399999999999994 0.00073700000000000002 3.6460358890067921 3.6460358890067921 3.6460358890067921 0.0010640029935792892 0.0010640029935792892 0.0010640029935792892 1 1 1 Converged Converged Converged OK OK OK 75 75 75 75 75 75 5 5 5 0 0 0 0 1 0 0 1
158 158 uniform 3 0 1588 0 0.0001 1.7356543721266917 0.0029373185050650149 0.17984803322760246 0.167862054625976 -0.22142658117980726 0.13189244798045552 0 -0.12680920936565968 4.3166925838578685 OK 12 11 0.53664999999999996 0.537964 0.13675000000000001 0.395816 0.40016400000000002 0 0.14083399999999996 0.13779999999999998 0.13675000000000001 0.010066 0.0099860000000000001 0.0097300000000000008 0.095192000000000013 0.095216999999999996 0.094577000000000008 0.0044060000000000002 0.0050179999999999999 0.0048329999999999996 0.001212 0.0013439999999999999 0.0013930000000000001 4.3166925944570931 4.3166925944570931 4.3166925944570931 0.00027647595001657857 0.00027647595001657857 0.00027647595001657857 1 1 1 Converged Converged Converged OK OK OK 106 106 106 106 106 106 6 6 6 0 0 0 0 0 1 0 0
158 158 uniform 3 7 1588 1 0.0001 1.7356543721266917 0.0029373185050650149 0.17984803322760246 0.167862054625976 -0.22142658117980726 0.15378699115598973 0 -0.14870375254119389 4.1060830090984162 OK 12 11 0.53525 0.40997600000000001 0.14801600000000001 0.38723000000000002 0.24531900000000001 0 0.14801999999999998 0.164657 0.14801600000000001 0.0088360000000000001 0.0093179999999999999 0.0082740000000000001 0.10589900000000006 0.12270500000000006 0.10817900000000001 0.0067580000000000001 0.0077190000000000002 0.0072149999999999992 0.0012630000000000002 0.001503 0.0013860000000000001 4.1060829678101367 4.1060829678101367 4.1060829678101367 0.00029143729337462816 0.00029143729337462816 0.00029143729337462816 1 1 1 Converged Converged Converged OK OK OK 130 130 130 130 130 130 6 6 6 0 0 0 0 1 0 0 1
158 158 uniform 3 15 1588 2 0.0001 1.7356543721266917 0.0029373185050650149 0.17984803322760246 0.167862054625976 -0.22142658117980726 0.17880932621374312 0 -0.17372608759894728 3.8703321404504818 OK 11 10 0.47577999999999998 0.34937200000000002 0.10834299999999999 0.36384899999999998 0.21746199999999999 0 0.111931 0.13191000000000003 0.10834299999999999 0.0086510000000000007 0.0086110000000000006 0.0081689999999999992 0.080932000000000032 0.10144399999999999 0.079818999999999946 0.0052569999999999995 0.0049020000000000001 0.0042409999999999991 0.0011539999999999999 0.0011870000000000001 0.0011090000000000002 3.8703320896061153 3.8703320896061153 3.8703320896061153 0.00035938209784707359 0.00035938209784707359 0.00035938209784707359 1 1 1 Converged Converged Converged OK OK OK 99 99 99 99 99 99 5 5 5 0 0 0 0 1 0 0 1
158 158 uniform 3 23 1588 3 0.0001 1.7356543721266917 0.0029373185050650149 0.17984803322760246 0.167862054625976 -0.22142658117980726 0.20383166127149649 0 -0.19874842265670065 3.6460352629147037 OK 11 10 0.52322400000000002 0.39608500000000002 0.10567799999999999 0.41731699999999999 0.273673 0 0.10590700000000003 0.12241200000000002 0.10567799999999999 0.0086650000000000008 0.0084049999999999993 0.0077749999999999998 0.077162999999999995 0.094544999999999962 0.079321000000000003 0.0042790000000000007 0.0040730000000000002 0.0037919999999999998 0.0009990000000000001 0.001003 0.00096199999999999996 3.646035329543865 3.646035329543865 3.646035329543865 0.0003107713045537983 0.0003107713045537983 0.0003107713045537983 1 1 1 Converged Converged Converged OK OK OK 91 91 91 91 91 91 5 5 5 0 0 0 0 1 0 0 1
158 158 uniform 4 0 1589 0 0.001 1.7356543721266917 0.0029373185050650149 0.17984803322760246 0.31485840826916717 0.11155203210103259 0.27888880162364665 0 -0.27380556300885084 3.6525386713045882 OK 14 13 0.69878600000000002 0.68998099999999996 0.18618000000000001 0.50410600000000005 0.50203900000000001 0 0.19467999999999996 0.18794199999999994 0.18618000000000001 0.013187000000000001 0.013050000000000001 0.012658000000000001 0.13992099999999993 0.13408900000000001 0.13394300000000001 0.0062770000000000005 0.006326 0.0057759999999999999 0.001516 0.0014330000000000002 0.0014209999999999997 3.6525285769435314 3.6525285769435314 3.6525285769435314 0.003095725534426243 0.003095725534426243 0.003095725534426243 1 1 1 Converged Converged Converged OK OK OK 120 120 120 120 120 120 8 8 8 0 0 0 0 0 1 0 0
158 158 uniform 4 7 1589 1 0.001 1.7356543721266917 0.0029373185050650149 0.17984803322760246 0.31485840826916717 0.11155203210103259 0.3007833447991809 0 -0.29570010618438508 3.4078291246004713 OK 13 12 0.76584700000000006 0.64796399999999998 0.20546500000000001 0.56034600000000001 0.41994999999999999 0 0.20550100000000004 0.22801399999999999 0.20546500000000001 0.0090639999999999991 0.0090989999999999994 0.0083820000000000006 0.15809200000000004 0.18062299999999995 0.16017200000000006 0.0089189999999999998 0.0087229999999999999 0.0083459999999999993 0.001578 0.0015789999999999999 0.0015380000000000001 3.4079560974424861 3.4079560974424861 3.4079560974424861 0.0020367268680082113 0.0020367268680082113 0.0020367268680082113 1 1 1 Converged Converged Converged OK OK OK 161 161 161 161 161 161 7 7 7 0 0 0 0 1 0 0 1
158 158 uniform 4 15 1589 2 0.001 1.7356543721266917 0.0029373185050650149 0.17984803322760246 0.31485840826916717 0.11155203210103259 0.32580567985693426 0 -0.32072244124213845 3.168786617312068 OK 13 12 0.69170799999999999 0.56842899999999996 0.16401399999999999 0.52624499999999996 0.37589899999999998 0 0.16546300000000003 0.19252999999999998 0.16401399999999999 0.0085780000000000006 0.0088649999999999996 0.0080879999999999997 0.13191899999999998 0.15750700000000001 0.13140899999999994 0.004731 0.0055019999999999999 0.0048839999999999995 0.001271 0.0013780000000000001 0.001322 3.1688113470409518 3.1688113470409518 3.1688113470409518 0.0030587394784380565 0.0030587394784380565 0.0030587394784380565 1 1 1 Converged Converged Converged OK OK OK 129 129 129 129 129 129 7 7 7 0 0 0 0 1 0 0 1
158 158 uniform 4 23 1589 3 0.001 1.7356543721266917 0.0029373185050650149 0.17984803322760246 0.31485840826916717 0.11155203210103259 0.35082801491468768 0 -0.34574477629989187 2.9643094106719756 OK 13 12 0.64748799999999995 0.51771599999999995 0.16592100000000001 0.47913699999999998 0.32965800000000001 0 0.16835099999999997 0.18805799999999995 0.16592100000000001 0.0085649999999999997 0.0087469999999999996 0.0080730000000000003 0.13409200000000002 0.15423800000000007 0.13352999999999998 0.0050479999999999995 0.0051639999999999993 0.0048339999999999989 0.0014989999999999999 0.0013799999999999999 0.001291 2.9643121041187817 2.9643121041187817 2.9643121041187817 0.0014219650783520422 0.0014219650783520422 0.0014219650783520422 1 1 1 Converged Converged Converged OK OK OK 129 129 129 129 129 129 7 7 7 0 0 0 0 1 0 0 1
158 158 uniform 4 0 1589 0 0.0001 1.7356543721266917 0.0029373185050650149 0.17984803322760246 0.31485840826916717 0.11155203210103259 0.27888880162364665 0 -0.27380556300885084 3.6525386713045882 OK 14 13 0.77828799999999998 0.77203299999999997 0.267237 0.510293 0.50161199999999995 0 0.26799499999999998 0.27042100000000002 0.267237 0.012923 0.013204 0.013132 0.18878200000000006 0.18953799999999998 0.18574700000000011 0.011734999999999999 0.012393999999999999 0.01325 0.0018760000000000001 0.0018589999999999998 0.0019589999999999998 3.6525392062455504 3.6525392062455504 3.6525392062455504 0.00027459179609846853 0.00027459179609846853 0.00027459179609846853 1 1 1 Converged Converged Converged OK OK OK 200 200 200 200 200 200 8 8 8 0 0 0 0 0 1 0 0
158 158 uniform 4 7 1589 1 0.0001 1.7356543721266917 0.0029373185050650149 0.17984803322760246 0.31485840826916717 0.11155203210103259 0.3007833447991809 0 -0.29570010618438508 3.4078291246004713 OK 13 12 0.90737800000000002 0.81710700000000003 0.340781 0.56262599999999996 0.41490100000000002 0 0.34475200000000006 0.40220600000000001 0.340781 0.0091059999999999995 0.0090039999999999999 0.0085280000000000009 0.25337699999999985 0.31243100000000013 0.25128600000000034 0.023658999999999999 0.022173000000000002 0.023136 0.0021380000000000001 0.0021349999999999997 0.002137 3.4078274521598475 3.4078274521598475 3.4078274521598475 0.00022578169396191743 0.00022578169396191743 0.00022578169396191743 1 1 1 Converged Converged Converged OK OK OK 305 305 305 305 305 305 7 7 7 0 0 0 0 1 0 0 1
158 158 uniform 4 15 1589 2 0.0001 1.7356543721266917 0.0029373185050650149 0.17984803322760246 0.31485840826916717 0.11155203210103259 0.32580567985693426 0 -0.32072244124213845 3.168786617312068 OK 13 12 0.73594199999999999 0.61764200000000002 0.212002 0.527721 0.37931100000000001 0 0.20822099999999999 0.23833100000000002 0.212002 0.0085769999999999996 0.0087039999999999999 0.0082419999999999993 0.16410600000000006 0.19315599999999994 0.16464999999999991 0.0078639999999999995 0.0086709999999999999 0.008123 0.0016640000000000001 0.0016459999999999997 0.001668 3.1687863868163997 3.1687863868163997 3.1687863868163997 0.00024439622984331666 0.00024439622984331666 0.00024439622984331666 1 1 1 Converged Converged Converged OK OK OK 177 177 177 177 177 177 7 7 7 0 0 0 0 1 0 0 1
158 158 uniform 4 23 1589 3 0.0001 1.7356543721266917 0.0029373185050650149 0.17984803322760246 0.31485840826916717 0.11155203210103259 0.35082801491468768 0 -0.34574477629989187 2.9643094106719756 OK 13 12 0.69060699999999997 0.57781400000000005 0.21130499999999999 0.47971900000000001 0.32906200000000002 0 0.21088799999999996 0.24875200000000003 0.21130499999999999 0.0086140000000000001 0.0087069999999999995 0.0080210000000000004 0.16651199999999991 0.20386999999999991 0.1688670000000001 0.0083639999999999999 0.0085540000000000008 0.0077359999999999998 0.0016709999999999997 0.0017009999999999998 0.0015869999999999999 2.9643092588013089 2.9643092588013089 2.9643092588013089 0.00016632521924562346 0.00016632521924562346 0.00016632521924562346 1 1 1 Converged Converged Converged OK OK OK 177 177 177 177 177 177 7 7 7 0 0 0 0 1 0 0 1
159 159 linear 0 0 1590 0 0.001 0.72960748786967533 0.091317642636893681 0.19705631355871048 0.65099684939527402 -0.52033005470252447 0.61158558668353191 0.5 -0.55053458444599845 1.9721259540405152 OK 12 11 0.37597700000000001 0.37426300000000001 0.16720599999999999 0.20261899999999999 0.20436499999999999 0 0.17335800000000001 0.16989800000000002 0.16720599999999999 0.0097809999999999998 0.0097909999999999994 0.009221 0.13866599999999998 0.135717 0.13456500000000002 0.0035089999999999991 0.0035639999999999995 0.003104 0.001054 0.00092899999999999992 0.00091100000000000003 1.9721252887323499 1.9721252887323499 1.9721252887323499 0.001607597889701041 0.001607597889701041 0.001607597889701041 1 1 1 Converged Converged Converged OK OK OK 80 80 80 80 80 80 8 8 8 0 0 0 0 0 1 0 0
159 159 linear 0 7 1590 1 0.001 0.72960748786967533 0.091317642636893681 0.19705631355871048 0.65099684939527402 -0.52033005470252447 0.63557505094285316 0.5 -0.5745240487053197 1.9053877073985368 OK 12 11 0.34957899999999997 0.28246900000000003 0.14468800000000001 0.199158 0.130854 0 0.15042099999999997 0.15161500000000003 0.14468800000000001 0.0087860000000000004 0.008848 0.0081799999999999998 0.12340699999999993 0.12504500000000005 0.11971000000000001 0.0033619999999999995 0.0033319999999999999 0.0031790000000000004 0.00094200000000000002 0.00089600000000000009 0.00081500000000000008 1.905390823494201 1.905390823494201 1.905390823494201 0.0016918218548626696 0.0016918218548626696 0.0016918218548626696 1 1 1 Converged Converged Converged OK OK OK 80 80 80 80 80 80 8 8 8 0 0 0 0 1 0 0 1
159 159 linear 0 15 1590 2 0.001 0.72960748786967533 0.091317642636893681 0.19705631355871048 0.65099684939527402 -0.52033005470252447 0.66299158152493465 0.5 -0.60194057928740119 1.8246155032725342 OK 12 11 0.37614999999999998 0.31236399999999998 0.156222 0.214142 0.14360700000000001 0 0.16200799999999999 0.16875699999999996 0.156222 0.0085970000000000005 0.0088540000000000008 0.00809 0.13170300000000007 0.13808599999999999 0.12771599999999997 0.0037729999999999999 0.0039740000000000001 0.0035729999999999998 0.00093900000000000006 0.000977 0.00085799999999999993 1.8246197829537156 1.8246197829537156 1.8246197829537156 0.00084649515218415217 0.00084649515218415217 0.00084649515218415217 1 1 1 Converged Converged Converged OK OK OK 88 88 88 88 88 88 8 8 8 0 0 0 0 1 0 0 1
159 159 linear 0 23 1590 3 0.001 0.72960748786967533 0.091317642636893681 0.19705631355871048 0.65099684939527402 -0.52033005470252447 0.69040811210701614 0.5 -0.62935710986948268 1.736407011383049 OK 12 11 0.36322399999999999 0.30202499999999999 0.15468499999999999 0.202817 0.13406799999999999 0 0.16040699999999999 0.167957 0.15468499999999999 0.0085839999999999996 0.0086680000000000004 0.0080829999999999999 0.13120599999999996 0.13780199999999998 0.12654000000000004 0.0035910000000000004 0.0040160000000000005 0.0035959999999999994 0.00095399999999999988 0.0010840000000000001 0.00098899999999999986 1.7364085497691735 1.7364085497691735 1.7364085497691735 0.0013922683546888563 0.0013922683546888563 0.0013922683546888563 1 1 1 Converged Converged Converged OK OK OK 88 88 88 88 88 88 8 8 8 0 0 0 0 1 0 0 1
159 159 linear 0 0 1590 0 0.0001 0.72960748786967533 0.091317642636893681 0.19705631355871048 0.65099684939527402 -0.52033005470252447 0.61158558668353191 0.5 -0.55053458444599845 1.9721259540405152 OK 12 11 0.45087699999999997 0.44056299999999998 0.23765800000000001 0.20988799999999999 0.200876 0 0.24098899999999998 0.23968699999999998 0.23765800000000001 0.0096790000000000001 0.0096849999999999992 0.0095449999999999997 0.19159000000000009 0.19080399999999986 0.18705900000000009 0.0053439999999999998 0.0051460000000000004 0.0061720000000000004 0.0014480000000000001 0.0014010000000000001 0.0015819999999999996 1.9721257074187133 1.9721257074187133 1.9721257074187133 0.00012901897746485925 0.00012901897746485925 0.00012901897746485925 1 1 1 Converged Converged Converged OK OK OK 120 120 120 120 120 120 8 8 8 0 0 0 0 0 1 0 0
159 159 linear 0 7 1590 1 0.0001 0.72960748786967533 0.091317642636893681 0.19705631355871048 0.65099684939527402 -0.52033005470252447 0.63557505094285316 0.5 -0.5745240487053197 1.9053877073985368 OK 12 11 0.40817599999999998 0.34509499999999999 0.200984 0.20214099999999999 0.12918299999999999 0 0.206035 0.21591199999999999 0.200984 0.0084880000000000008 0.0087860000000000004 0.0081880000000000008 0.17133399999999985 0.18013099999999999 0.16659299999999999 0.0046980000000000008 0.0052479999999999992 0.005071 0.0013960000000000001 0.0015149999999999999 0.0014519999999999999 1.9053912028235893 1.9053912028235893 1.9053912028235893 0.00012593716209475966 0.00012593716209475966 0.00012593716209475966 1 1 1 Converged Converged Converged OK OK OK 112 112 112 112 112 112 8 8 8 0 0 0 0 1 0 0 1
159 159 linear 0 15 1590 2 0.0001 0.72960748786967533 0.091317642636893681 0.19705631355871048 0.65099684939527402 -0.52033005470252447 0.66299158152493465 0.5 -0.60194057928740119 1.8246155032725342 OK 12 11 0.43379499999999999 0.36785699999999999 0.20977899999999999 0.21809500000000001 0.14024 0 0.21569999999999998 0.22761699999999999 0.20977899999999999 0.0086230000000000005 0.0089239999999999996 0.008038 0.17952700000000013 0.18973099999999987 0.17420699999999989 0.0053220000000000003 0.0059249999999999997 0.0054520000000000002 0.001354 0.0013990000000000001 0.0013730000000000001 1.8246198692804345 1.8246198692804345 1.8246198692804345 0.00012560274384316661 0.00012560274384316661 0.00012560274384316661 1 1 1 Converged Converged Converged OK OK OK 120 120 120 120 120 120 8 8 8 0 0 0 0 1 0 0 1
159 159 linear 0 23 1590 3 0.0001 0.72960748786967533 0.091317642636893681 0.19705631355871048 0.65099684939527402 -0.52033005470252447 0.69040811210701614 0.5 -0.62935710986948268 1.736407011383049 OK 12 11 0.41210999999999998 0.35752 0.20460999999999999 0.20182900000000001 0.12987399999999999 0 0.21028099999999997 0.22764600000000002 0.20460999999999999 0.0085679999999999992 0.0089890000000000005 0.0080249999999999991 0.17473599999999995 0.18922499999999995 0.16970700000000002 0.0051619999999999999 0.0064539999999999997 0.0052490000000000002 0.0014100000000000002 0.0016179999999999999 0.0014480000000000001 1.736408510413338 1.736408510413338 1.736408510413338 0.00015797487289446988 0.00015797487289446988 0.00015797487289446988 1 1 1 Converged Converged Converged OK OK OK 120 120 120 120 120 120 8 8 8 0 0 0 0 1 0 0 1
159 159 linear 1 0 1591 0 0.001 0.72960748786967533 0.091317642636893681 0.19705631355871048 0.39203127415393224 -0.64549668864705001 0.35262001144219013 0.5 -0.29156900920465667 1.8929356104251227 OK 13 12 0.330625 0.33610499999999999 0.12349599999999999 0.20464199999999999 0.209673 0 0.12598300000000001 0.12643199999999999 0.12349599999999999 0.010052 0.010501 0.010019 0.091076000000000032 0.089871000000000006 0.08890500000000004 0.0031649999999999994 0.0038660000000000001 0.0030669999999999998 0.00098499999999999998 0.001248 0.00094200000000000002 1.8929332785210398 1.8929332785210398 1.8929332785210398 0.00074025086652745084 0.00074025086652745084 0.00074025086652745084 1 1 1 Converged Converged Converged OK OK OK 88 88 88 88 88 88 8 8 8 0 0 0 0 0 1 0 0
159 159 linear 1 7 1591 1 0.001 0.72960748786967533 0.091317642636893681 0.19705631355871048 0.39203127415393224 -0.64549668864705001 0.37660947570151143 0.5 -0.31555847346397792 1.9596948703662287 OK 12 11 0.29942200000000002 0.23049900000000001 0.10183200000000001 0.194464 0.120643 0 0.10495800000000002 0.10985600000000001 0.10183200000000001 0.0065449999999999996 0.006881 0.006182 0.081722000000000045 0.085923999999999986 0.079338000000000061 0.0028660000000000001 0.0031140000000000004 0.0029789999999999999 0.00085900000000000006 0.00091500000000000001 0.00088699999999999998 1.9596930937125767 1.9596930937125767 1.9596930937125767 0.0011458183610231923 0.0011458183610231923 0.0011458183610231923 1 1 1 Converged Converged Converged OK OK OK 87 87 87 87 87 87 9 9 9 0 0 0 0 1 0 0 1
159 159 linear 1 15 1591 2 0.001 0.72960748786967533 0.091317642636893681 0.19705631355871048 0.39203127415393224 -0.64549668864705001 0.40402600628359286 0.5 -0.34297500404605941 2.0103523339060336 OK 12 11 0.30015900000000001 0.22758600000000001 0.099178000000000002 0.19308 0.116451 0 0.10707900000000001 0.11113500000000001 0.099178000000000002 0.0061279999999999998 0.0063870000000000003 0.0057730000000000004 0.084533999999999943 0.087862999999999983 0.077641000000000002 0.0028579999999999994 0.0030719999999999996 0.0028760000000000001 0.000803 0.00090299999999999994 0.0007899999999999999 2.0103533123240531 2.0103533123240531 2.0103533123240531 0.00054527588892529146 0.00054527588892529146 0.00054527588892529146 1 1 1 Converged Converged Converged OK OK OK 87 87 87 87 87 87 9 9 9 0 0 0 0 1 0 0 1
159 159 linear 1 23 1591 3 0.001 0.72960748786967533 0.091317642636893681 0.19705631355871048 0.39203127415393224 -0.64549668864705001 0.43144253686567435 0.5 -0.37039153462814089 2.0331138001327953 OK 12 11 0.30057200000000001 0.225719 0.101256 0.19537099999999999 0.116524 0 0.10520100000000002 0.109195 0.101256 0.00596 0.0063229999999999996 0.0055919999999999997 0.082764000000000018 0.086545000000000025 0.080056999999999989 0.0030340000000000002 0.0030430000000000001 0.002797 0.00079799999999999999 0.00083699999999999996 0.00078100000000000001 2.0331174552306583 2.0331174552306583 2.0331174552306583 0.00027285706089836973 0.00027285706089836973 0.00027285706089836973 1 1 1 Converged Converged Converged OK OK OK 87 87 87 87 87 87 9 9 9 0 0 0 0 1 0 0 1
159 159 linear 1 0 1591 0 0.0001 0.72960748786967533 0.091317642636893681 0.19705631355871048 0.39203127415393224 -0.64549668864705001 0.35262001144219013 0.5 -0.29156900920465667 1.8929356104251227 OK 13 12 0.345001 0.34417799999999998 0.13473099999999999 0.205012 0.21015500000000001 0 0.139989 0.13402299999999998 0.13473099999999999 0.0099640000000000006 0.010114 0.0098460000000000006 0.10215799999999998 0.095556000000000002 0.098166000000000031 0.0035200000000000001 0.0037660000000000003 0.003326 0.001271 0.0013440000000000001 0.0011220000000000002 1.8929332032696291 1.8929332032696291 1.8929332032696291 8.3517338717094866e-05 8.3517338717094866e-05 8.3517338717094866e-05 1 1 1 Converged Converged Converged OK OK OK 96 96 96 96 96 96 8 8 8 0 0 0 0 0 1 0 0
159 159 linear 1 7 1591 1 0.0001 0.72960748786967533 0.091317642636893681 0.19705631355871048 0.39203127415393224 -0.64549668864705001 0.37660947570151143 0.5 -0.31555847346397792 1.9596948703662287 OK 12 11 0.33863100000000002 0.26484200000000002 0.136325 0.19624800000000001 0.116956 0 0.14238300000000001 0.14788600000000002 0.136325 0.0066239999999999997 0.0066410000000000002 0.0060210000000000003 0.10798099999999998 0.11481400000000003 0.10445399999999992 0.0051900000000000002 0.0046930000000000001 0.0043600000000000002 0.001516 0.0014679999999999999 0.0012879999999999996 1.9596925570396329 1.9596925570396329 1.9596925570396329 9.0704440402611614e-05 9.0704440402611614e-05 9.0704440402611614e-05 1 1 1 Converged Converged Converged OK OK OK 119 119 119 119 119 119 9 9 9 0 0 0 0 1 0 0 1
159 159 linear 1 15 1591 2 0.0001 0.72960748786967533 0.091317642636893681 0.19705631355871048 0.39203127415393224 -0.64549668864705001 0.40402600628359286 0.5 -0.34297500404605941 2.0103523339060336 OK 12 11 0.30799599999999999 0.230014 0.107186 0.19648299999999999 0.114491 0 0.111513 0.115523 0.107186 0.0061279999999999998 0.0060870000000000004 0.0056870000000000002 0.086904999999999982 0.091337999999999961 0.083971000000000059 0.0033860000000000001 0.0032369999999999999 0.003127 0.0010679999999999999 0.001026 0.0009459999999999999 2.0103533151422743 2.0103533151422743 2.0103533151422743 0.00018427425041104989 0.00018427425041104989 0.00018427425041104989 1 1 1 Converged Converged Converged OK OK OK 95 95 95 95 95 95 9 9 9 0 0 0 0 1 0 0 1
159 159 linear 1 23 1591 3 0.0001 0.72960748786967533 0.091317642636893681 0.19705631355871048 0.39203127415393224 -0.64549668864705001 0.43144253686567435 0.5 -0.37039153462814089 2.0331138001327953 OK 12 11 0.30949100000000002 0.23623 0.109531 0.19551099999999999 0.11443 0 0.11398000000000003 0.12179999999999999 0.109531 0.0061399999999999996 0.0060759999999999998 0.0056360000000000004 0.089287999999999992 0.097598999999999991 0.086671999999999999 0.0033679999999999999 0.0033809999999999999 0.0031670000000000005 0.001011 0.00092699999999999987 0.00090499999999999999 2.0331174557737435 2.0331174557737435 2.0331174557737435 0.00013604116095702467 0.00013604116095702467 0.00013604116095702467 1 1 1 Converged Converged Converged OK OK OK 95 95 95 95 95 95 9 9 9 0 0 0 0 1 0 0 1
159 159 linear 2 0 1592 0 0.001 0.72960748786967533 0.091317642636893681 0.19705631355871048 0.24027937790870757 -0.11033860643228752 0.20086811519696546 0.5 -0.13981711295943197 5.1219287928142858 OK 15 14 0.48513600000000001 0.475997 0.25641999999999998 0.22095500000000001 0.218941 0 0.264181 0.25705600000000001 0.25641999999999998 0.013087 0.013263 0.012702 0.2038579999999999 0.196101 0.19712000000000005 0.0055830000000000003 0.0058780000000000004 0.0057390000000000002 0.0014160000000000002 0.0016080000000000001 0.0014709999999999999 5.1218954598204443 5.1218954598204443 5.1218954598204443 0.005059588504166262 0.005059588504166262 0.005059588504166262 1 1 1 Converged Converged Converged OK OK OK 124 124 124 124 124 124 12 12 12 0 0 0 0 0 1 0 0
159 159 linear 2 7 1592 1 0.001 0.72960748786967533 0.091317642636893681 0.19705631355871048 0.24027937790870757 -0.11033860643228752 0.22485757945628676 0.5 -0.16380657721875327 4.3743498368045302 OK 15 14 0.441714 0.38851200000000002 0.21750700000000001 0.21440699999999999 0.15432499999999999 0 0.22730700000000001 0.23418700000000003 0.21750700000000001 0.011949 0.012024999999999999 0.011135000000000001 0.18687799999999996 0.19466299999999995 0.17964399999999994 0.0053050000000000007 0.004974000000000001 0.0048629999999999993 0.0014219999999999997 0.001305 0.001232 4.3743355165173892 4.3743355165173892 4.3743355165173892 0.0041062602592581597 0.0041062602592581597 0.0041062602592581597 1 1 1 Converged Converged Converged OK OK OK 109 109 109 109 109 109 11 11 11 0 0 0 0 1 0 0 1
159 159 linear 2 15 1592 2 0.001 0.72960748786967533 0.091317642636893681 0.19705631355871048 0.24027937790870757 -0.11033860643228752 0.25227411003836819 0.5 -0.19122310780083471 3.7571396940862249 OK 15 14 0.45338000000000001 0.39945700000000001 0.22011600000000001 0.22273399999999999 0.16490299999999999 0 0.23064600000000002 0.23455400000000001 0.22011600000000001 0.011704000000000001 0.012014 0.010853 0.18952299999999997 0.19127399999999997 0.18039900000000009 0.0051080000000000006 0.0059760000000000013 0.0051499999999999992 0.0012789999999999998 0.0015690000000000001 0.001436 3.7571434370418801 3.7571434370418801 3.7571434370418801 0.0015651176690865275 0.0015651176690865275 0.0015651176690865275 1 1 1 Converged Converged Converged OK OK OK 117 117 117 117 117 117 11 11 11 0 0 0 0 1 0 0 1
159 159 linear 2 23 1592 3 0.001 0.72960748786967533 0.091317642636893681 0.19705631355871048 0.24027937790870757 -0.11033860643228752 0.27969064062044968 0.5 -0.2186396383829162 3.2795047287079466 OK 15 14 0.46856900000000001 0.41253600000000001 0.20963999999999999 0.254075 0.18814500000000001 0 0.21449400000000002 0.22439100000000001 0.20963999999999999 0.011923 0.012008 0.010762000000000001 0.17430199999999993 0.18454399999999999 0.17207800000000001 0.0055149999999999991 0.0054270000000000004 0.004914 0.001356 0.0013550000000000001 0.0011630000000000002 3.2795203514638605 3.2795203514638605 3.2795203514638605 0.0022618109191774845 0.0022618109191774845 0.0022618109191774845 1 1 1 Converged Converged Converged OK OK OK 109 109 109 109 109 109 11 11 11 0 0 0 0 1 0 0 1
159 159 linear 2 0 1592 0 0.0001 0.72960748786967533 0.091317642636893681 0.19705631355871048 0.24027937790870757 -0.11033860643228752 0.20086811519696546 0.5 -0.13981711295943197 5.1219287928142858 OK 15 14 0.58394199999999996 0.57542400000000005 0.34941899999999998 0.22605600000000001 0.219532 0 0.35788599999999993 0.35589200000000004 0.34941899999999998 0.013238 0.013823 0.013070999999999999 0.27080699999999991 0.26560100000000003 0.26255400000000018 0.0093859999999999985 0.011455999999999999 0.0098340000000000007 0.0024529999999999995 0.0026269999999999996 0.002715 5.1219049141508943 5.1219049141508943 5.1219049141508943 0.00021292718433528132 0.00021292718433528132 0.00021292718433528132 1 1 1 Converged Converged Converged OK OK OK 180 180 180 180 180 180 12 12 12 0 0 0 0 0 1 0 0
159 159 linear 2 7 1592 1 0.0001 0.72960748786967533 0.091317642636893681 0.19705631355871048 0.24027937790870757 -0.11033860643228752 0.22485757945628676 0.5 -0.16380657721875327 4.3743498368045302 OK 15 14 0.53113999999999995 0.48102099999999998 0.299037 0.22001999999999999 0.15781500000000001 0 0.31111999999999995 0.32320599999999999 0.299037 0.012359 0.01208 0.011301 0.25446699999999994 0.26665299999999981 0.24513200000000007 0.0092410000000000009 0.0095329999999999998 0.0087309999999999992 0.0024020000000000001 0.0025090000000000004 0.0022409999999999999 4.3743394217256455 4.3743394217256455 4.3743394217256455 0.00026711545049888869 0.00026711545049888869 0.00026711545049888869 1 1 1 Converged Converged Converged OK OK OK 165 165 165 165 165 165 11 11 11 0 0 0 0 1 0 0 1
159 159 linear 2 15 1592 2 0.0001 0.72960748786967533 0.091317642636893681 0.19705631355871048 0.24027937790870757 -0.11033860643228752 0.25227411003836819 0.5 -0.19122310780083471 3.7571396940862249 OK 15 14 0.53235500000000002 0.47984300000000002 0.29430299999999998 0.228071 0.16683999999999999 0 0.304284 0.31300300000000003 0.29430299999999998 0.012187999999999999 0.012248999999999999 0.011017000000000001 0.24672899999999978 0.25604100000000007 0.24041300000000004 0.0090379999999999992 0.0088210000000000007 0.0083510000000000008 0.0021609999999999997 0.0022759999999999998 0.002075 3.7571335257844067 3.7571335257844067 3.7571335257844067 0.00032025149186636092 0.00032025149186636092 0.00032025149186636092 1 1 1 Converged Converged Converged OK OK OK 165 165 165 165 165 165 11 11 11 0 0 0 0 1 0 0 1
159 159 linear 2 23 1592 3 0.0001 0.72960748786967533 0.091317642636893681 0.19705631355871048 0.24027937790870757 -0.11033860643228752 0.27969064062044968 0.5 -0.2186396383829162 3.2795047287079466 OK 15 14 0.57323299999999999 0.51438200000000001 0.30368099999999998 0.25676900000000002 0.18373500000000001 0 0.31646399999999997 0.33064700000000002 0.30368099999999998 0.011686 0.011922 0.010914999999999999 0.26125299999999996 0.27347500000000002 0.24962300000000001 0.0084239999999999992 0.0097350000000000006 0.0085429999999999985 0.001859 0.0021979999999999999 0.0019920000000000003 3.2795017368569965 3.2795017368569965 3.2795017368569965 0.00024958120958214474 0.00024958120958214474 0.00024958120958214474 1 1 1 Converged Converged Converged OK OK OK 165 165 165 165 165 165 11 11 11 0 0 0 0 1 0 0 1
159 159 linear 3 0 1593 0 0.001 0.72960748786967533 0.091317642636893681 0.19705631355871048 0.65284142774684639 -0.25344562686185729 0.61343016503510428 0.5 -0.55237916279757082 1.5486193166932742 OK 12 11 0.35287600000000002 0.35163699999999998 0.12978899999999999 0.21585799999999999 0.21856400000000001 0 0.13701800000000003 0.13307299999999997 0.12978899999999999 0.0098410000000000008 0.0098890000000000002 0.0091819999999999992 0.10565599999999999 0.102049 0.10057899999999997 0.0034859999999999999 0.0032040000000000003 0.0027880000000000001 0.00081899999999999985 0.00079600000000000005 0.00073099999999999999 1.5486188217407784 1.5486188217407784 1.5486188217407784 0.00073716109676801695 0.00073716109676801695 0.00073716109676801695 1 1 1 Converged Converged Converged OK OK OK 66 66 66 66 66 66 6 6 6 0 0 0 0 0 1 0 0
159 159 linear 3 7 1593 1 0.001 0.72960748786967533 0.091317642636893681 0.19705631355871048 0.65284142774684639 -0.25344562686185729 0.63741962929442553 0.5 -0.57636862705689207 1.5150947675864701 OK 12 11 0.29802699999999999 0.23902799999999999 0.098478999999999997 0.19431599999999999 0.13667799999999999 0 0.103711 0.10235 0.098478999999999997 0.0089599999999999992 0.0089770000000000006 0.0083490000000000005 0.080082000000000014 0.079119000000000009 0.076157000000000016 0.0027290000000000001 0.0025729999999999998 0.0025859999999999998 0.00060700000000000001 0.00064999999999999997 0.00058 1.5150944065462852 1.5150944065462852 1.5150944065462852 0.00064202730949657017 0.00064202730949657017 0.00064202730949657017 1 1 1 Converged Converged Converged OK OK OK 58 58 58 58 58 58 6 6 6 0 0 0 0 1 0 0 1
159 159 linear 3 15 1593 2 0.001 0.72960748786967533 0.091317642636893681 0.19705631355871048 0.65284142774684639 -0.25344562686185729 0.66483615987650702 0.5 -0.60378515763897356 1.480795020315792 OK 12 11 0.32346900000000001 0.25020399999999998 0.117184 0.20361499999999999 0.13159199999999999 0 0.11985400000000002 0.118612 0.117184 0.0088310000000000003 0.0087609999999999997 0.0079699999999999997 0.097297999999999996 0.096415000000000015 0.096257000000000009 0.0023530000000000001 0.002405 0.0022390000000000001 0.00063000000000000003 0.000678 0.00059099999999999995 1.4807954993614778 1.4807954993614778 1.4807954993614778 0.00094704578592676549 0.00094704578592676549 0.00094704578592676549 1 1 1 Converged Converged Converged OK OK OK 58 58 58 58 58 58 6 6 6 0 0 0 0 1 0 0 1
159 159 linear 3 23 1593 3 0.001 0.72960748786967533 0.091317642636893681 0.19705631355871048 0.65284142774684639 -0.25344562686185729 0.6922526904585885 0.5 -0.63120168822105505 1.4500241095750264 OK 12 11 0.35729499999999997 0.29105199999999998 0.13123499999999999 0.21773500000000001 0.154973 0 0.13955999999999996 0.13607899999999998 0.13123499999999999 0.0086899999999999998 0.0087170000000000008 0.0080269999999999994 0.11324199999999998 0.11105999999999999 0.10778399999999998 0.0034770000000000001 0.003104 0.0027750000000000001 0.0008789999999999999 0.00085099999999999998 0.00076300000000000001 1.450028354384866 1.450028354384866 1.450028354384866 0.00088171918271455366 0.00088171918271455366 0.00088171918271455366 1 1 1 Converged Converged Converged OK OK OK 66 66 66 66 66 66 6 6 6 0 0 0 0 1 0 0 1
159 159 linear 3 0 1593 0 0.0001 0.72960748786967533 0.091317642636893681 0.19705631355871048 0.65284142774684639 -0.25344562686185729 0.61343016503510428 0.5 -0.55237916279757082 1.5486193166932742 OK 12 11 0.38235400000000003 0.37680900000000001 0.158891 0.219278 0.21734100000000001 0 0.16307600000000003 0.159468 0.158891 0.0092680000000000002 0.0095549999999999993 0.009214 0.12598900000000005 0.12188900000000001 0.12157199999999999 0.004084 0.0043029999999999995 0.0044910000000000002 0.0010640000000000001 0.0010629999999999999 0.0011670000000000001 1.5486184939084617 1.5486184939084617 1.5486184939084617 0.00013066833008947739 0.00013066833008947739 0.00013066833008947739 1 1 1 Converged Converged Converged OK OK OK 90 90 90 90 90 90 6 6 6 0 0 0 0 0 1 0 0
159 159 linear 3 7 1593 1 0.0001 0.72960748786967533 0.091317642636893681 0.19705631355871048 0.65284142774684639 -0.25344562686185729 0.63741962929442553 0.5 -0.57636862705689207 1.5150947675864701 OK 12 11 0.36290699999999998 0.30371900000000002 0.15998399999999999 0.196656 0.13129199999999999 0 0.16625099999999998 0.17242700000000002 0.15998399999999999 0.0088789999999999997 0.0090299999999999998 0.0083649999999999992 0.13135200000000002 0.13688000000000003 0.125808 0.0047530000000000003 0.0051700000000000001 0.0049829999999999996 0.00097400000000000004 0.001065 0.001029 1.5150938154516871 1.5150938154516871 1.5150938154516871 0.0001123676628616486 0.0001123676628616486 0.0001123676628616486 1 1 1 Converged Converged Converged OK OK OK 98 98 98 98 98 98 6 6 6 0 0 0 0 1 0 0 1
159 159 linear 3 15 1593 2 0.0001 0.72960748786967533 0.091317642636893681 0.19705631355871048 0.65284142774684639 -0.25344562686185729 0.66483615987650702 0.5 -0.60378515763897356 1.480795020315792 OK 12 11 0.36083300000000001 0.30996699999999999 0.155973 0.19762299999999999 0.13542399999999999 0 0.16321000000000002 0.174543 0.155973 0.0084910000000000003 0.0098460000000000006 0.0079939999999999994 0.13352100000000003 0.14314099999999999 0.12744399999999997 0.0040130000000000001 0.0041580000000000002 0.0039459999999999999 0.00097299999999999991 0.001026 0.00099299999999999996 1.4807941124585864 1.4807941124585864 1.4807941124585864 0.00012188188196819481 0.00012188188196819481 0.00012188188196819481 1 1 1 Converged Converged Converged OK OK OK 90 90 90 90 90 90 6 6 6 0 0 0 0 1 0 0 1
159 159 linear 3 23 1593 3 0.0001 0.72960748786967533 0.091317642636893681 0.19705631355871048 0.65284142774684639 -0.25344562686185729 0.6922526904585885 0.5 -0.63120168822105505 1.4500241095750264 OK 12 11 0.38520900000000002 0.32544899999999999 0.16139600000000001 0.22121199999999999 0.15609200000000001 0 0.16399700000000003 0.16935699999999998 0.16139600000000001 0.0084600000000000005 0.0085400000000000007 0.0078840000000000004 0.13358600000000009 0.13771000000000003 0.13232799999999997 0.0042779999999999997 0.0047740000000000005 0.0041310000000000001 0.001077 0.00123 0.001011 1.4500232229605023 1.4500232229605023 1.4500232229605023 0.00011521735213699566 0.00011521735213699566 0.00011521735213699566 1 1 1 Converged Converged Converged OK OK OK 90 90 90 90 90 90 6 6 6 0 0 0 0 1 0 0 1
159 159 linear 4 0 1594 0 0.001 0.72960748786967533 0.091317642636893681 0.19705631355871048 0.76855638348809829 -0.87012165227438876 0.72914512077635618 0.5 -0.66809411853882272 1.33400387691167 OK 13 12 0.30797000000000002 0.31178400000000001 0.099460000000000007 0.20407900000000001 0.20755100000000001 0 0.10389100000000001 0.10423299999999999 0.099460000000000007 0.0093900000000000008 0.010181000000000001 0.0088439999999999994 0.070748000000000005 0.070859000000000019 0.067823000000000008 0.0037209999999999999 0.0034470000000000004 0.0034569999999999996 0.00083299999999999997 0.00082399999999999986 0.00079599999999999994 1.3340032707508322 1.3340032707508322 1.3340032707508322 0.00036151118397804381 0.00036151118397804381 0.00036151118397804381 1 1 1 Converged Converged Converged OK OK OK 68 68 68 68 68 68 4 4 4 0 0 0 0 0 1 0 0
159 159 linear 4 7 1594 1 0.001 0.72960748786967533 0.091317642636893681 0.19705631355871048 0.76855638348809829 -0.87012165227438876 0.75313458503567743 0.5 -0.69208358279814397 1.3227577535589123 OK 13 12 0.287414 0.222917 0.083950999999999998 0.20342399999999999 0.125525 0 0.083990000000000009 0.097392000000000006 0.083950999999999998 0.0083059999999999991 0.0086409999999999994 0.0078009999999999998 0.058536999999999999 0.070755999999999986 0.059524999999999981 0.0029359999999999998 0.0033179999999999998 0.0028390000000000004 0.00066399999999999988 0.00068900000000000005 0.00061600000000000001 1.3227570364355719 1.3227570364355719 1.3227570364355719 0.00067552630742438323 0.00067552630742438323 0.00067552630742438323 1 1 1 Converged Converged Converged OK OK OK 60 60 60 60 60 60 4 4 4 0 0 0 0 1 0 0 1
159 159 linear 4 15 1594 2 0.001 0.72960748786967533 0.091317642636893681 0.19705631355871048 0.76855638348809829 -0.87012165227438876 0.78055111561775892 0.5 -0.71950011338022546 1.309843276745589 OK 13 12 0.28940700000000003 0.22609699999999999 0.084966 0.20091200000000001 0.12481399999999999 0 0.088495000000000018 0.101283 0.084966 0.0083219999999999995 0.0084790000000000004 0.0077070000000000003 0.062819000000000028 0.074964000000000003 0.06046399999999999 0.0029240000000000004 0.0032499999999999999 0.0030359999999999996 0.00066600000000000003 0.00076899999999999994 0.00064099999999999997 1.3098429467214963 1.3098429467214963 1.3098429467214963 0.00084589308004247288 0.00084589308004247288 0.00084589308004247288 1 1 1 Converged Converged Converged OK OK OK 60 60 60 60 60 60 4 4 4 0 0 0 0 1 0 0 1
159 159 linear 4 23 1594 3 0.001 0.72960748786967533 0.091317642636893681 0.19705631355871048 0.76855638348809829 -0.87012165227438876 0.80796764619984041 0.5 -0.74691664396230695 1.2969065773733215 OK 13 12 0.30407499999999998 0.24202399999999999 0.099398 0.20025899999999999 0.12417 0 0.10381599999999999 0.11785399999999999 0.099398 0.0083660000000000002 0.0083440000000000007 0.0077279999999999996 0.075929999999999997 0.09018000000000001 0.073537999999999992 0.0034920000000000003 0.0037029999999999997 0.0030179999999999998 0.000794 0.00080399999999999992 0.00075100000000000004 1.2969060014772424 1.2969060014772424 1.2969060014772424 0.00031191552858324294 0.00031191552858324294 0.00031191552858324294 1 1 1 Converged Converged Converged OK OK OK 68 68 68 68 68 68 4 4 4 0 0 0 0 1 0 0 1
159 159 linear 4 0 1594 0 0.0001 0.72960748786967533 0.091317642636893681 0.19705631355871048 0.76855638348809829 -0.87012165227438876 0.72914512077635618 0.5 -0.66809411853882272 1.33400387691167 OK 13 12 0.32982299999999998 0.32778600000000002 0.12273000000000001 0.20452300000000001 0.20383100000000001 0 0.12529999999999997 0.12395500000000001 0.12273000000000001 0.0091599999999999997 0.0090589999999999993 0.008829 0.087441000000000019 0.085576000000000013 0.084990999999999969 0.004176 0.0046769999999999997 0.0044409999999999996 0.00096199999999999996 0.00096700000000000009 0.00091199999999999994 1.3340032739100494 1.3340032739100494 1.3340032739100494 2.4400342760987928e-05 2.4400342760987928e-05 2.4400342760987928e-05 1 1 1 Converged Converged Converged OK OK OK 84 84 84 84 84 84 4 4 4 0 0 0 0 0 1 0 0
159 159 linear 4 7 1594 1 0.0001 0.72960748786967533 0.091317642636893681 0.19705631355871048 0.76855638348809829 -0.87012165227438876 0.75313458503567743 0.5 -0.69208358279814397 1.3227577535589123 OK 13 12 0.31506099999999998 0.25566800000000001 0.108777 0.20286899999999999 0.12628400000000001 0 0.11219199999999999 0.129384 0.108777 0.0083040000000000006 0.0083739999999999995 0.0077229999999999998 0.079899999999999943 0.096927999999999973 0.077368999999999952 0.0043180000000000007 0.004514999999999999 0.0044299999999999999 0.00088699999999999998 0.00093300000000000013 0.00087000000000000001 1.3227569812560507 1.3227569812560507 1.3227569812560507 6.339238686102392e-05 6.339238686102392e-05 6.339238686102392e-05 1 1 1 Converged Converged Converged OK OK OK 84 84 84 84 84 84 4 4 4 0 0 0 0 1 0 0 1
159 159 linear 4 15 1594 2 0.0001 0.72960748786967533 0.091317642636893681 0.19705631355871048 0.76855638348809829 -0.87012165227438876 0.78055111561775892 0.5 -0.71950011338022546 1.309843276745589 OK 13 12 0.32284400000000002 0.26228899999999999 0.113958 0.20106399999999999 0.126833 0 0.12178000000000003 0.13545599999999999 0.113958 0.0082509999999999997 0.0085760000000000003 0.0077710000000000001 0.089503000000000055 0.10230100000000003 0.082747000000000029 0.0042900000000000004 0.0046179999999999997 0.0042700000000000004 0.00094500000000000009 0.000977 0.00096500000000000004 1.3098424983906607 1.3098424983906607 1.3098424983906607 1.9921610638611874e-05 1.9921610638611874e-05 1.9921610638611874e-05 1 1 1 Converged Converged Converged OK OK OK 84 84 84 84 84 84 4 4 4 0 0 0 0 1 0 0 1
159 159 linear 4 23 1594 3 0.0001 0.72960748786967533 0.091317642636893681 0.19705631355871048 0.76855638348809829 -0.87012165227438876 0.80796764619984041 0.5 -0.74691664396230695 1.2969065773733215 OK 13 12 0.32765699999999998 0.26428499999999999 0.124045 0.20318800000000001 0.123958 0 0.12446899999999997 0.14032699999999998 0.124045 0.0083370000000000007 0.008378 0.0077349999999999997 0.092027000000000025 0.10775199999999999 0.092910000000000006 0.0041209999999999997 0.0045320000000000004 0.0041599999999999996 0.00087900000000000001 0.00094400000000000007 0.00082899999999999998 1.2969060044087939 1.2969060044087939 1.2969060044087939 2.7208660351767924e-05 2.7208660351767924e-05 2.7208660351767924e-05 1 1 1 Converged Converged Converged OK OK OK 84 84 84 84 84 84 4 4 4 0 0 0 0 1 0 0 1
159 159 uniform 0 0 1595 0 0.001 0.72960748786967533 0.091317642636893681 0.19705631355871048 0.65099684939527402 -0.52033005470252447 0.61158558668353191 0 -0.55053458444599845 1.9489991108629703 OK 12 11 0.30959900000000001 0.30587199999999998 0.105169 0.20440800000000001 0.20050899999999999 0 0.10519100000000001 0.10536299999999998 0.105169 0.0094179999999999993 0.009665 0.009247 0.072319000000000036 0.072598999999999969 0.072749000000000022 0.0027259999999999997 0.0027539999999999999 0.0028700000000000002 0.000754 0.00077399999999999995 0.00074599999999999992 1.9489993530508996 1.9489993530508996 1.9489993530508996 0.0014010438770323751 0.0014010438770323751 0.0014010438770323751 1 1 1 Converged Converged Converged OK OK OK 80 80 80 80 80 80 8 8 8 0 0 0 0 0 1 0 0
159 159 uniform 0 7 1595 1 0.001 0.72960748786967533 0.091317642636893681 0.19705631355871048 0.65099684939527402 -0.52033005470252447 0.63557505094285316 0 -0.5745240487053197 1.8904978339371044 OK 12 11 0.296489 0.22328200000000001 0.093744999999999995 0.20196900000000001 0.12447 0 0.094519999999999993 0.098812000000000011 0.093744999999999995 0.008633 0.008685 0.0083219999999999995 0.06910699999999996 0.073325000000000029 0.068969000000000016 0.0026789999999999995 0.002784 0.0027170000000000007 0.00081499999999999997 0.00083500000000000002 0.000825 1.8904989944699164 1.8904989944699164 1.8904989944699164 0.0016928314644401447 0.0016928314644401447 0.0016928314644401447 1 1 1 Converged Converged Converged OK OK OK 80 80 80 80 80 80 8 8 8 0 0 0 0 1 0 0 1
159 159 uniform 0 15 1595 2 0.001 0.72960748786967533 0.091317642636893681 0.19705631355871048 0.65099684939527402 -0.52033005470252447 0.66299158152493465 0 -0.60194057928740119 1.8195880517519882 OK 12 11 0.32006400000000002 0.25334000000000001 0.102979 0.21476000000000001 0.139403 0 0.10530400000000001 0.11393700000000001 0.102979 0.0087510000000000001 0.0086409999999999994 0.0080239999999999999 0.075428999999999982 0.084841000000000055 0.074680000000000024 0.0034730000000000004 0.0032000000000000002 0.0033220000000000003 0.00094800000000000006 0.00090800000000000006 0.00091100000000000003 1.8195881812675652 1.8195881812675652 1.8195881812675652 0.00097606319381384691 0.00097606319381384691 0.00097606319381384691 1 1 1 Converged Converged Converged OK OK OK 88 88 88 88 88 88 8 8 8 0 0 0 0 1 0 0 1
159 159 uniform 0 23 1595 3 0.001 0.72960748786967533 0.091317642636893681 0.19705631355871048 0.65099684939527402 -0.52033005470252447 0.69040811210701614 0 -0.62935710986948268 1.7395974827391898 OK 12 11 0.32248300000000002 0.25635000000000002 0.11694300000000001 0.20378599999999999 0.12900600000000001 0 0.11869700000000002 0.12734400000000001 0.11694300000000001 0.0085179999999999995 0.0086650000000000008 0.0080759999999999998 0.086709999999999995 0.09574400000000001 0.085912999999999962 0.0036740000000000002 0.0036730000000000005 0.0036879999999999999 0.0010640000000000001 0.00109 0.0011169999999999999 1.7395988990514839 1.7395988990514839 1.7395988990514839 0.00089706792871542074 0.00089706792871542074 0.00089706792871542074 1 1 1 Converged Converged Converged OK OK OK 96 96 96 96 96 96 8 8 8 0 0 0 0 1 0 0 1
159 159 uniform 0 0 1595 0 0.0001 0.72960748786967533 0.091317642636893681 0.19705631355871048 0.65099684939527402 -0.52033005470252447 0.61158558668353191 0 -0.55053458444599845 1.9489991108629703 OK 12 11 0.36096499999999998 0.360122 0.156723 0.20485100000000001 0.202679 0 0.15611399999999998 0.157443 0.156723 0.0096500000000000006 0.0098820000000000002 0.0093959999999999998 0.10723399999999998 0.10801700000000002 0.107822 0.004751 0.0051960000000000001 0.0054000000000000003 0.001511 0.0015520000000000002 0.0016319999999999998 1.9489993787355955 1.9489993787355955 1.9489993787355955 0.00014664427435730313 0.00014664427435730313 0.00014664427435730313 1 1 1 Converged Converged Converged OK OK OK 120 120 120 120 120 120 8 8 8 0 0 0 0 0 1 0 0
159 159 uniform 0 7 1595 1 0.0001 0.72960748786967533 0.091317642636893681 0.19705631355871048 0.65099684939527402 -0.52033005470252447 0.63557505094285316 0 -0.5745240487053197 1.8904978339371044 OK 12 11 0.353134 0.290491 0.14745800000000001 0.20480300000000001 0.12736800000000001 0 0.14833099999999999 0.16312299999999999 0.14745800000000001 0.0086420000000000004 0.0086859999999999993 0.0080719999999999993 0.10972799999999992 0.12401400000000004 0.10926199999999991 0.0049810000000000002 0.0052109999999999995 0.0053780000000000008 0.0014810000000000001 0.0015640000000000001 0.0015770000000000001 1.8904979313152137 1.8904979313152137 1.8904979313152137 9.8772579146902306e-05 9.8772579146902306e-05 9.8772579146902306e-05 1 1 1 Converged Converged Converged OK OK OK 128 128 128 128 128 128 8 8 8 0 0 0 0 1 0 0 1
159 159 uniform 0 15 1595 2 0.0001 0.72960748786967533 0.091317642636893681 0.19705631355871048 0.65099684939527402 -0.52033005470252447 0.66299158152493465 0 -0.60194057928740119 1.8195880517519882 OK 12 11 0.35568300000000003 0.29080699999999998 0.138402 0.215253 0.13834399999999999 0 0.14043000000000003 0.15246299999999999 0.138402 0.0087159999999999998 0.0086230000000000005 0.0080330000000000002 0.10465700000000003 0.11730000000000004 0.10432800000000006 0.0048609999999999999 0.0048659999999999997 0.0046860000000000001 0.0013260000000000001 0.001325 0.0012920000000000002 1.819588241703832 1.819588241703832 1.819588241703832 0.0001529919231045913 0.0001529919231045913 0.0001529919231045913 1 1 1 Converged Converged Converged OK OK OK 120 120 120 120 120 120 8 8 8 0 0 0 0 1 0 0 1
159 159 uniform 0 23 1595 3 0.0001 0.72960748786967533 0.091317642636893681 0.19705631355871048 0.65099684939527402 -0.52033005470252447 0.69040811210701614 0 -0.62935710986948268 1.7395974827391898 OK 12 11 0.3397 0.27907500000000002 0.13534399999999999 0.20116400000000001 0.12831500000000001 0 0.13853599999999999 0.15076000000000001 0.13534399999999999 0.0086619999999999996 0.0085819999999999994 0.0079850000000000008 0.10273499999999999 0.11558599999999998 0.10125100000000001 0.0049700000000000005 0.0048579999999999995 0.0046410000000000002 0.0015719999999999998 0.0015390000000000002 0.001467 1.7395973460330911 1.7395973460330911 1.7395973460330911 7.4327745579305118e-05 7.4327745579305118e-05 7.4327745579305118e-05 1 1 1 Converged Converged Converged OK OK OK 120 120 120 120 120 120 8 8 8 0 0 0 0 1 0 0 1
159 159 uniform 1 0 1596 0 0.001 0.72960748786967533 0.091317642636893681 0.19705631355871048 0.39203127415393224 -0.64549668864705001 0.35262001144219013 0 -0.29156900920465667 1.9108977609478708 OK 13 12 0.30513200000000001 0.30345299999999997 0.097420999999999994 0.20746999999999999 0.20514199999999999 0 0.097662000000000027 0.098310999999999982 0.097420999999999994 0.0097129999999999994 0.010120000000000001 0.00958 0.066688000000000025 0.06712499999999999 0.066671999999999981 0.002307 0.0024810000000000001 0.0025240000000000002 0.00084800000000000012 0.00087100000000000003 0.00094799999999999995 1.9108978635315907 1.9108978635315907 1.9108978635315907 0.00082395086396278017 0.00082395086396278017 0.00082395086396278017 1 1 1 Converged Converged Converged OK OK OK 80 80 80 80 80 80 8 8 8 0 0 0 0 0 1 0 0
159 159 uniform 1 7 1596 1 0.001 0.72960748786967533 0.091317642636893681 0.19705631355871048 0.39203127415393224 -0.64549668864705001 0.37660947570151143 0 -0.31555847346397792 1.9878670845343334 OK 12 11 0.28276699999999999 0.209868 0.085217000000000001 0.19689799999999999 0.117635 0 0.085869000000000001 0.092232999999999996 0.085217000000000001 0.0063899999999999998 0.0066470000000000001 0.0060080000000000003 0.062294999999999975 0.068658000000000011 0.062229999999999987 0.0025279999999999999 0.0026609999999999997 0.002568 0.00081299999999999992 0.000812 0.00084299999999999989 1.9878682690094114 1.9878682690094114 1.9878682690094114 0.00065302895731941314 0.00065302895731941314 0.00065302895731941314 1 1 1 Converged Converged Converged OK OK OK 87 87 87 87 87 87 9 9 9 0 0 0 0 1 0 0 1
159 159 uniform 1 15 1596 2 0.001 0.72960748786967533 0.091317642636893681 0.19705631355871048 0.39203127415393224 -0.64549668864705001 0.40402600628359286 0 -0.34297500404605941 2.0319411430147984 OK 12 11 0.27661000000000002 0.20508000000000001 0.081519999999999995 0.19434699999999999 0.11619 0 0.082263000000000031 0.088890000000000011 0.081519999999999995 0.0060899999999999999 0.0063010000000000002 0.0056779999999999999 0.060607999999999988 0.066536999999999999 0.060574999999999997 0.0024399999999999999 0.0026019999999999997 0.0024639999999999996 0.00076599999999999997 0.00092699999999999998 0.00079100000000000004 2.0319415385751705 2.0319415385751705 2.0319415385751705 0.00030343720951001382 0.00030343720951001382 0.00030343720951001382 1 1 1 Converged Converged Converged OK OK OK 87 87 87 87 87 87 9 9 9 0 0 0 0 1 0 0 1
159 159 uniform 1 23 1596 3 0.001 0.72960748786967533 0.091317642636893681 0.19705631355871048 0.39203127415393224 -0.64549668864705001 0.43144253686567435 0 -0.37039153462814089 2.0429805220438451 OK 12 11 0.28152100000000002 0.20794599999999999 0.083173999999999998 0.19687499999999999 0.117713 0 0.084646000000000027 0.090232999999999994 0.083173999999999998 0.0060910000000000001 0.0060559999999999998 0.005672 0.062719999999999984 0.068439999999999973 0.062468999999999997 0.0025019999999999999 0.0025429999999999997 0.0024529999999999999 0.00083200000000000006 0.00086700000000000004 0.00073700000000000002 2.0429817784917899 2.0429817784917899 2.0429817784917899 0.0002045871055583257 0.0002045871055583257 0.0002045871055583257 1 1 1 Converged Converged Converged OK OK OK 87 87 87 87 87 87 9 9 9 0 0 0 0 1 0 0 1
159 159 uniform 1 0 1596 0 0.0001 0.72960748786967533 0.091317642636893681 0.19705631355871048 0.39203127415393224 -0.64549668864705001 0.35262001144219013 0 -0.29156900920465667 1.9108977609478708 OK 13 12 0.31784099999999998 0.32206099999999999 0.112426 0.204682 0.20755299999999999 0 0.11315899999999998 0.114508 0.112426 0.0097599999999999996 0.010166 0.009776 0.076009999999999966 0.076801999999999995 0.075747000000000009 0.0030900000000000003 0.0032050000000000004 0.0030540000000000007 0.001204 0.001518 0.0011869999999999999 1.9108975234580701 1.9108975234580701 1.9108975234580701 9.4485745542482731e-05 9.4485745542482731e-05 9.4485745542482731e-05 1 1 1 Converged Converged Converged OK OK OK 96 96 96 96 96 96 8 8 8 0 0 0 0 0 1 0 0
159 159 uniform 1 7 1596 1 0.0001 0.72960748786967533 0.091317642636893681 0.19705631355871048 0.39203127415393224 -0.64549668864705001 0.37660947570151143 0 -0.31555847346397792 1.9878670845343334 OK 12 11 0.29806199999999999 0.23815 0.106503 0.19348299999999999 0.119251 0 0.10457900000000001 0.118899 0.106503 0.0064640000000000001 0.0067520000000000002 0.0060819999999999997 0.075817000000000009 0.086251000000000008 0.077431000000000014 0.0037239999999999999 0.004189 0.0040099999999999997 0.001101 0.0011430000000000001 0.001124 1.9878674133632923 1.9878674133632923 1.9878674133632923 0.00011916435222276136 0.00011916435222276136 0.00011916435222276136 1 1 1 Converged Converged Converged OK OK OK 111 111 111 111 111 111 9 9 9 0 0 0 0 1 0 0 1
159 159 uniform 1 15 1596 2 0.0001 0.72960748786967533 0.091317642636893681 0.19705631355871048 0.39203127415393224 -0.64549668864705001 0.40402600628359286 0 -0.34297500404605941 2.0319411430147984 OK 12 11 0.28386800000000001 0.212698 0.087732000000000004 0.193906 0.116982 0 0.089962000000000014 0.095715999999999996 0.087732000000000004 0.0061980000000000004 0.0061630000000000001 0.0056559999999999996 0.065747999999999987 0.072065000000000004 0.06520999999999999 0.0030919999999999997 0.0029919999999999999 0.0028040000000000005 0.001041 0.0010059999999999999 0.00090399999999999996 2.0319415382842148 2.0319415382842148 2.0319415382842148 0.00014896790975054458 0.00014896790975054458 0.00014896790975054458 1 1 1 Converged Converged Converged OK OK OK 95 95 95 95 95 95 9 9 9 0 0 0 0 1 0 0 1
159 159 uniform 1 23 1596 3 0.0001 0.72960748786967533 0.091317642636893681 0.19705631355871048 0.39203127415393224 -0.64549668864705001 0.43144253686567435 0 -0.37039153462814089 2.0429805220438451 OK 12 11 0.28893099999999999 0.215673 0.089486999999999997 0.197135 0.117732 0 0.091795999999999989 0.097941 0.089486999999999997 0.0060910000000000001 0.0060289999999999996 0.0055970000000000004 0.067764999999999964 0.074434000000000014 0.067114999999999994 0.0029709999999999997 0.0029520000000000002 0.0028170000000000001 0.00093099999999999997 0.00091700000000000006 0.000892 2.0429817784651343 2.0429817784651343 2.0429817784651343 0.00014015007774833416 0.00014015007774833416 0.00014015007774833416 1 1 1 Converged Converged Converged OK OK OK 95 95 95 95 95 95 9 9 9 0 0 0 0 1 0 0 1
159 159 uniform 2 0 1597 0 0.001 0.72960748786967533 0.091317642636893681 0.19705631355871048 0.24027937790870757 -0.11033860643228752 0.20086811519696546 0 -0.13981711295943197 5.2639930966427579 OK 15 14 0.421458 0.430946 0.20324200000000001 0.218724 0.224772 0 0.202734 0.206174 0.20324200000000001 0.01303 0.013375 0.012690999999999999 0.14365499999999998 0.14587799999999998 0.14408399999999999 0.0051359999999999991 0.0054210000000000005 0.0053150000000000003 0.0013500000000000001 0.0015110000000000002 0.0015330000000000001 5.2639935282710191 5.2639935282710191 5.2639935282710191 0.0044134550093444923 0.0044134550093444923 0.0044134550093444923 1 1 1 Converged Converged Converged OK OK OK 124 124 124 124 124 124 12 12 12 0 0 0 0 0 1 0 0
159 159 uniform 2 7 1597 1 0.001 0.72960748786967533 0.091317642636893681 0.19705631355871048 0.24027937790870757 -0.11033860643228752 0.22485757945628676 0 -0.16380657721875327 4.4780102958284109 OK 15 14 0.38749499999999998 0.34217500000000001 0.167992 0.21201900000000001 0.15712400000000001 0 0.17547599999999997 0.18505099999999999 0.167992 0.011619000000000001 0.012038 0.011192000000000001 0.13706900000000002 0.14492000000000002 0.13105499999999998 0.0044509999999999992 0.0051410000000000006 0.0043639999999999998 0.001054 0.001338 0.0010940000000000001 4.4780167040885477 4.4780167040885477 4.4780167040885477 0.0037453422577032355 0.0037453422577032355 0.0037453422577032355 1 1 1 Converged Converged Converged OK OK OK 109 109 109 109 109 109 11 11 11 0 0 0 0 1 0 0 1
159 159 uniform 2 15 1597 2 0.001 0.72960748786967533 0.091317642636893681 0.19705631355871048 0.24027937790870757 -0.11033860643228752 0.25227411003836819 0 -0.19122310780083471 3.8422154050129191 OK 15 14 0.38404199999999999 0.34376499999999999 0.16118499999999999 0.22123699999999999 0.1704 0 0.16280500000000001 0.17336499999999999 0.16118499999999999 0.011794000000000001 0.011998999999999999 0.010918000000000001 0.12503400000000001 0.13426999999999997 0.12460500000000005 0.0041939999999999998 0.0048240000000000002 0.0043389999999999991 0.001103 0.001291 0.0011740000000000001 3.8422234447231771 3.8422234447231771 3.8422234447231771 0.0033051117200931287 0.0033051117200931287 0.0033051117200931287 1 1 1 Converged Converged Converged OK OK OK 109 109 109 109 109 109 11 11 11 0 0 0 0 1 0 0 1
159 159 uniform 2 23 1597 3 0.001 0.72960748786967533 0.091317642636893681 0.19705631355871048 0.24027937790870757 -0.11033860643228752 0.27969064062044968 0 -0.2186396383829162 3.3483675308689271 OK 15 14 0.42413099999999998 0.36515700000000001 0.16369600000000001 0.25612400000000002 0.18375 0 0.16800699999999996 0.18140700000000001 0.16369600000000001 0.011745999999999999 0.011693 0.010966999999999999 0.12894300000000003 0.14259500000000003 0.12703200000000001 0.0047499999999999999 0.0048069999999999996 0.0042329999999999998 0.00132 0.0012769999999999999 0.0011689999999999999 3.3483934991878721 3.3483934991878721 3.3483934991878721 0.0022586527461037537 0.0022586527461037537 0.0022586527461037537 1 1 1 Converged Converged Converged OK OK OK 109 109 109 109 109 109 11 11 11 0 0 0 0 1 0 0 1
159 159 uniform 2 0 1597 0 0.0001 0.72960748786967533 0.091317642636893681 0.19705631355871048 0.24027937790870757 -0.11033860643228752 0.20086811519696546 0 -0.13981711295943197 5.2639930966427579 OK 15 14 0.47938500000000001 0.47618500000000002 0.25168200000000002 0.21894 0.221382 0 0.26044500000000004 0.254803 0.25168200000000002 0.01371 0.013585 0.012843 0.18033500000000005 0.17526200000000011 0.17333200000000004 0.0081600000000000006 0.0082719999999999998 0.0077409999999999987 0.0023639999999999998 0.0024589999999999994 0.0022979999999999997 5.2639938916982816 5.2639938916982816 5.2639938916982816 0.00026467921971486921 0.00026467921971486921 0.00026467921971486921 1 1 1 Converged Converged Converged OK OK OK 164 164 164 164 164 164 12 12 12 0 0 0 0 0 1 0 0
159 159 uniform 2 7 1597 1 0.0001 0.72960748786967533 0.091317642636893681 0.19705631355871048 0.24027937790870757 -0.11033860643228752 0.22485757945628676 0 -0.16380657721875327 4.4780102958284109 OK 15 14 0.43016199999999999 0.38690200000000002 0.20835799999999999 0.217946 0.160354 0 0.21221599999999999 0.22654800000000003 0.20835799999999999 0.012347 0.012057999999999999 0.011202999999999999 0.16246500000000011 0.17706000000000002 0.16087800000000005 0.0071140000000000005 0.007339 0.0068690000000000001 0.0020300000000000001 0.0021700000000000001 0.0020019999999999999 4.4780104307405226 4.4780104307405226 4.4780104307405226 0.00041855978611147484 0.00041855978611147484 0.00041855978611147484 1 1 1 Converged Converged Converged OK OK OK 149 149 149 149 149 149 11 11 11 0 0 0 0 1 0 0 1
159 159 uniform 2 15 1597 2 0.0001 0.72960748786967533 0.091317642636893681 0.19705631355871048 0.24027937790870757 -0.11033860643228752 0.25227411003836819 0 -0.19122310780083471 3.8422154050129191 OK 15 14 0.44351800000000002 0.40205999999999997 0.21490600000000001 0.22578799999999999 0.170407 0 0.21773000000000003 0.23165299999999997 0.21490600000000001 0.01175 0.012090999999999999 0.011010000000000001 0.16666200000000009 0.17811600000000002 0.16489499999999996 0.0070389999999999993 0.0078670000000000007 0.0070560000000000006 0.0018130000000000002 0.002166 0.0019690000000000003 3.8422155350458622 3.8422155350458622 3.8422155350458622 0.00026434347354676858 0.00026434347354676858 0.00026434347354676858 1 1 1 Converged Converged Converged OK OK OK 157 157 157 157 157 157 11 11 11 0 0 0 0 1 0 0 1
159 159 uniform 2 23 1597 3 0.0001 0.72960748786967533 0.091317642636893681 0.19705631355871048 0.24027937790870757 -0.11033860643228752 0.27969064062044968 0 -0.2186396383829162 3.3483675308689271 OK 15 14 0.48783900000000002 0.43520199999999998 0.227241 0.25581100000000001 0.18672 0 0.23202800000000001 0.24848199999999998 0.227241 0.01213 0.012019999999999999 0.010782999999999999 0.17807400000000001 0.19538300000000008 0.17643999999999996 0.0086799999999999985 0.0079329999999999991 0.0074000000000000003 0.0019740000000000001 0.0022390000000000001 0.0018890000000000001 3.348367576308513 3.348367576308513 3.348367576308513 0.00020124207255768921 0.00020124207255768921 0.00020124207255768921 1 1 1 Converged Converged Converged OK OK OK 157 157 157 157 157 157 11 11 11 0 0 0 0 1 0 0 1
159 159 uniform 3 0 1598 0 0.001 0.72960748786967533 0.091317642636893681 0.19705631355871048 0.65284142774684639 -0.25344562686185729 0.61343016503510428 0 -0.55237916279757082 1.5511295367083182 OK 12 11 0.33369700000000002 0.32831199999999999 0.113006 0.22065000000000001 0.21535799999999999 0 0.11304700000000001 0.112954 0.113006 0.0097359999999999999 0.0095230000000000002 0.010413 0.082316000000000014 0.082468999999999987 0.082813999999999999 0.003192 0.0032980000000000002 0.0026649999999999998 0.00084499999999999994 0.00083299999999999997 0.00078800000000000007 1.5511301947338139 1.5511301947338139 1.5511301947338139 0.00044361142443911846 0.00044361142443911846 0.00044361142443911846 1 1 1 Converged Converged Converged OK OK OK 66 66 66 66 66 66 6 6 6 0 0 0 0 0 1 0 0
159 159 uniform 3 7 1598 1 0.001 0.72960748786967533 0.091317642636893681 0.19705631355871048 0.65284142774684639 -0.25344562686185729 0.63741962929442553 0 -0.57636862705689207 1.5172260699544826 OK 12 11 0.27524700000000002 0.21469299999999999 0.080167000000000002 0.19378500000000001 0.12947 0 0.081462000000000007 0.085222999999999993 0.080167000000000002 0.0087869999999999997 0.0090830000000000008 0.0083180000000000007 0.058826999999999997 0.061593000000000009 0.058216999999999991 0.0022550000000000001 0.0025100000000000001 0.0022120000000000004 0.00057200000000000003 0.00064300000000000002 0.00058799999999999998 1.5172268304958207 1.5172268304958207 1.5172268304958207 0.00053089434039597732 0.00053089434039597732 0.00053089434039597732 1 1 1 Converged Converged Converged OK OK OK 58 58 58 58 58 58 6 6 6 0 0 0 0 1 0 0 1
159 159 uniform 3 15 1598 2 0.001 0.72960748786967533 0.091317642636893681 0.19705631355871048 0.65284142774684639 -0.25344562686185729 0.66483615987650702 0 -0.60378515763897356 1.4826141518090648 OK 12 11 0.29322700000000002 0.23394000000000001 0.095711000000000004 0.19503000000000001 0.130214 0 0.098197000000000007 0.10372600000000001 0.095711000000000004 0.0086940000000000003 0.008711 0.0079970000000000006 0.076060000000000016 0.078779000000000016 0.075154000000000012 0.0022829999999999999 0.0023839999999999998 0.0021449999999999998 0.00066 0.00065600000000000012 0.00054500000000000002 1.4826165700357066 1.4826165700357066 1.4826165700357066 0.0011966912532925143 0.0011966912532925143 0.0011966912532925143 1 1 1 Converged Converged Converged OK OK OK 58 58 58 58 58 58 6 6 6 0 0 0 0 1 0 0 1
159 159 uniform 3 23 1598 3 0.001 0.72960748786967533 0.091317642636893681 0.19705631355871048 0.65284142774684639 -0.25344562686185729 0.6922526904585885 0 -0.63120168822105505 1.4516094809689708 OK 12 11 0.329764 0.27329700000000001 0.111425 0.21563299999999999 0.152806 0 0.11413100000000001 0.12049100000000001 0.111425 0.0086160000000000004 0.0086339999999999993 0.0079889999999999996 0.087325000000000014 0.093718999999999997 0.086704000000000031 0.003496 0.0036499999999999996 0.0029640000000000001 0.00071900000000000002 0.00078200000000000003 0.00070100000000000002 1.4516088022530513 1.4516088022530513 1.4516088022530513 0.0010776064399340797 0.0010776064399340797 0.0010776064399340797 1 1 1 Converged Converged Converged OK OK OK 74 74 74 74 74 74 6 6 6 0 0 0 0 1 0 0 1
159 159 uniform 3 0 1598 0 0.0001 0.72960748786967533 0.091317642636893681 0.19705631355871048 0.65284142774684639 -0.25344562686185729 0.61343016503510428 0 -0.55237916279757082 1.5511295367083182 OK 12 11 0.35781499999999999 0.34898600000000002 0.134324 0.22230900000000001 0.21427399999999999 0 0.13550599999999999 0.13471200000000003 0.134324 0.0096670000000000002 0.0098049999999999995 0.0092429999999999995 0.097761000000000015 0.097573000000000035 0.097363000000000005 0.0041289999999999999 0.0039529999999999999 0.004169 0.001209 0.001103 0.001088 1.5511297850160604 1.5511297850160604 1.5511297850160604 8.9993107341050169e-05 8.9993107341050169e-05 8.9993107341050169e-05 1 1 1 Converged Converged Converged OK OK OK 90 90 90 90 90 90 6 6 6 0 0 0 0 0 1 0 0
159 159 uniform 3 7 1598 1 0.0001 0.72960748786967533 0.091317642636893681 0.19705631355871048 0.65284142774684639 -0.25344562686185729 0.63741962929442553 0 -0.57636862705689207 1.5172260699544826 OK 12 11 0.304645 0.24703700000000001 0.109026 0.194242 0.12915499999999999 0 0.110403 0.11788200000000001 0.109026 0.0088749999999999992 0.0088929999999999999 0.0082660000000000008 0.080215999999999982 0.088338999999999973 0.079563000000000036 0.0037030000000000006 0.0036349999999999998 0.0038770000000000002 0.00094699999999999993 0.00097799999999999992 0.0010509999999999999 1.5172260668297635 1.5172260668297635 1.5172260668297635 7.6793351339284036e-05 7.6793351339284036e-05 7.6793351339284036e-05 1 1 1 Converged Converged Converged OK OK OK 90 90 90 90 90 90 6 6 6 0 0 0 0 1 0 0 1
159 159 uniform 3 15 1598 2 0.0001 0.72960748786967533 0.091317642636893681 0.19705631355871048 0.65284142774684639 -0.25344562686185729 0.66483615987650702 0 -0.60378515763897356 1.4826141518090648 OK 12 11 0.32826899999999998 0.27252799999999999 0.12828000000000001 0.198159 0.13000500000000001 0 0.13010999999999998 0.14252299999999998 0.12828000000000001 0.0084930000000000005 0.0086320000000000008 0.0081099999999999992 0.10097700000000001 0.10939400000000001 0.100054 0.0036229999999999999 0.0039120000000000005 0.0037079999999999999 0.0010139999999999999 0.00106 0.001008 1.4826141389435838 1.4826141389435838 1.4826141389435838 4.6834201827329425e-05 4.6834201827329425e-05 4.6834201827329425e-05 1 1 1 Converged Converged Converged OK OK OK 90 90 90 90 90 90 6 6 6 0 0 0 0 1 0 0 1
159 159 uniform 3 23 1598 3 0.0001 0.72960748786967533 0.091317642636893681 0.19705631355871048 0.65284142774684639 -0.25344562686185729 0.6922526904585885 0 -0.63120168822105505 1.4516094809689708 OK 12 11 0.35704200000000003 0.29821799999999998 0.13310900000000001 0.222388 0.15440599999999999 0 0.13465400000000002 0.143812 0.13310900000000001 0.0084489999999999999 0.0086140000000000001 0.0079279999999999993 0.10510899999999998 0.11374100000000001 0.104629 0.0037799999999999999 0.0040739999999999995 0.0037209999999999999 0.0010169999999999999 0.0011559999999999999 0.00097400000000000004 1.4516094809059028 1.4516094809059028 1.4516094809059028 5.4879759932295484e-05 5.4879759932295484e-05 5.4879759932295484e-05 1 1 1 Converged Converged Converged OK OK OK 90 90 90 90 90 90 6 6 6 0 0 0 0 1 0 0 1
159 159 uniform 4 0 1599 0 0.001 0.72960748786967533 0.091317642636893681 0.19705631355871048 0.76855638348809829 -0.87012165227438876 0.72914512077635618 0 -0.66809411853882272 1.3349932387480274 OK 13 12 0.27352300000000002 0.27116099999999999 0.068356 0.20436299999999999 0.201878 0 0.069160000000000027 0.069282999999999983 0.068356 0.0090980000000000002 0.0091009999999999997 0.0086020000000000003 0.043117000000000016 0.043437999999999997 0.043037000000000013 0.0023760000000000001 0.0023740000000000002 0.0023509999999999998 0.00063999999999999994 0.00076900000000000004 0.00067600000000000006 1.3349935707834886 1.3349935707834886 1.3349935707834886 0.00073874977305057692 0.00073874977305057692 0.00073874977305057692 1 1 1 Converged Converged Converged OK OK OK 52 52 52 52 52 52 4 4 4 0 0 0 0 0 1 0 0
159 159 uniform 4 7 1599 1 0.001 0.72960748786967533 0.091317642636893681 0.19705631355871048 0.76855638348809829 -0.87012165227438876 0.75313458503567743 0 -0.69208358279814397 1.3236531927499782 OK 13 12 0.25719500000000001 0.18387500000000001 0.052269000000000003 0.202903 0.122366 0 0.054292000000000007 0.061509000000000008 0.052269000000000003 0.0082539999999999992 0.0082369999999999995 0.0077669999999999996 0.033464999999999995 0.041233999999999993 0.03271799999999999 0.0018679999999999999 0.001843 0.001817 0.00055800000000000001 0.00057200000000000003 0.00051600000000000007 1.323653278611107 1.323653278611107 1.323653278611107 0.00082155022924630184 0.00082155022924630184 0.00082155022924630184 1 1 1 Converged Converged Converged OK OK OK 44 44 44 44 44 44 4 4 4 0 0 0 0 1 0 0 1
159 159 uniform 4 15 1599 2 0.001 0.72960748786967533 0.091317642636893681 0.19705631355871048 0.76855638348809829 -0.87012165227438876 0.78055111561775892 0 -0.71950011338022546 1.3106319970403049 OK 13 12 0.263073 0.19064800000000001 0.056674000000000002 0.20519899999999999 0.123386 0 0.057874000000000009 0.067262000000000016 0.056674000000000002 0.0082559999999999995 0.0084919999999999995 0.0077070000000000003 0.037503000000000009 0.046322999999999996 0.037455000000000002 0.0018290000000000001 0.0020609999999999999 0.0018060000000000001 0.000571 0.00056800000000000004 0.00051900000000000004 1.3106327299660117 1.3106327299660117 1.3106327299660117 0.0009840129996470672 0.0009840129996470672 0.0009840129996470672 1 1 1 Converged Converged Converged OK OK OK 44 44 44 44 44 44 4 4 4 0 0 0 0 1 0 0 1
159 159 uniform 4 23 1599 3 0.001 0.72960748786967533 0.091317642636893681 0.19705631355871048 0.76855638348809829 -0.87012165227438876 0.80796764619984041 0 -0.74691664396230695 1.2975923688828479 OK 13 12 0.27121499999999998 0.20289199999999999 0.067933999999999994 0.20177999999999999 0.12244099999999999 0 0.069434999999999997 0.080450999999999995 0.067933999999999994 0.0082850000000000007 0.0083920000000000002 0.0077029999999999998 0.047213999999999992 0.055179999999999993 0.046724999999999996 0.0021700000000000001 0.0023859999999999997 0.0022929999999999999 0.00062700000000000006 0.00069299999999999993 0.00065299999999999993 1.2975927086940198 1.2975927086940198 1.2975927086940198 0.00066097810908292325 0.00066097810908292325 0.00066097810908292325 1 1 1 Converged Converged Converged OK OK OK 52 52 52 52 52 52 4 4 4 0 0 0 0 1 0 0 1
159 159 uniform 4 0 1599 0 0.0001 0.72960748786967533 0.091317642636893681 0.19705631355871048 0.76855638348809829 -0.87012165227438876 0.72914512077635618 0 -0.66809411853882272 1.3349932387480274 OK 13 12 0.28971000000000002 0.29006100000000001 0.0848 0.20333899999999999 0.20377100000000001 0 0.086371000000000031 0.086290000000000006 0.0848 0.0091199999999999996 0.0090369999999999999 0.0086859999999999993 0.054195999999999994 0.054498000000000005 0.053921000000000011 0.003444 0.0033039999999999996 0.0031929999999999997 0.00085099999999999998 0.00088499999999999994 0.00079000000000000001 1.334993556313002 1.334993556313002 1.334993556313002 0.00010732706038902796 0.00010732706038902796 0.00010732706038902796 1 1 1 Converged Converged Converged OK OK OK 68 68 68 68 68 68 4 4 4 0 0 0 0 0 1 0 0
159 159 uniform 4 7 1599 1 0.0001 0.72960748786967533 0.091317642636893681 0.19705631355871048 0.76855638348809829 -0.87012165227438876 0.75313458503567743 0 -0.69208358279814397 1.3236531927499782 OK 13 12 0.28002700000000003 0.21945500000000001 0.075495999999999994 0.20269400000000001 0.12798599999999999 0 0.077333000000000013 0.091469000000000023 0.075495999999999994 0.0083669999999999994 0.0084320000000000003 0.0077720000000000003 0.04995900000000001 0.063806999999999989 0.049402000000000008 0.0032469999999999999 0.0032989999999999998 0.0031280000000000001 0.00084500000000000005 0.00079600000000000005 0.00077999999999999999 1.323653183057107 1.323653183057107 1.323653183057107 8.5187959562359607e-05 8.5187959562359607e-05 8.5187959562359607e-05 1 1 1 Converged Converged Converged OK OK OK 68 68 68 68 68 68 4 4 4 0 0 0 0 1 0 0 1
159 159 uniform 4 15 1599 2 0.0001 0.72960748786967533 0.091317642636893681 0.19705631355871048 0.76855638348809829 -0.87012165227438876 0.78055111561775892 0 -0.71950011338022546 1.3106319970403049 OK 13 12 0.283721 0.22178700000000001 0.07936 0.20169999999999999 0.123321 0 0.082021000000000011 0.098466000000000012 0.07936 0.0083569999999999998 0.0083499999999999998 0.0077419999999999998 0.05431600000000001 0.071318000000000006 0.053581999999999998 0.0030860000000000002 0.0031320000000000002 0.0029969999999999997 0.00081899999999999985 0.00078100000000000001 0.00081599999999999999 1.3106319845778078 1.3106319845778078 1.3106319845778078 7.1213112075270665e-05 7.1213112075270665e-05 7.1213112075270665e-05 1 1 1 Converged Converged Converged OK OK OK 68 68 68 68 68 68 4 4 4 0 0 0 0 1 0 0 1
159 159 uniform 4 23 1599 3 0.0001 0.72960748786967533 0.091317642636893681 0.19705631355871048 0.76855638348809829 -0.87012165227438876 0.80796764619984041 0 -0.74691664396230695 1.2975923688828479 OK 13 12 0.291298 0.227744 0.085441000000000003 0.20403499999999999 0.124413 0 0.087263000000000007 0.10333100000000001 0.085441000000000003 0.0082109999999999995 0.0084569999999999992 0.0077289999999999998 0.060217000000000007 0.076347999999999985 0.059727000000000009 0.003039 0.0030800000000000003 0.002918 0.0007670000000000001 0.00076400000000000003 0.00077899999999999996 1.2975926933044242 1.2975926933044242 1.2975926933044242 9.7896110103272337e-05 9.7896110103272337e-05 9.7896110103272337e-05 1 1 1 Converged Converged Converged OK OK OK 68 68 68 68 68 68 4 4 4 0 0 0 0 1 0 0 1
160 160 linear 3 0 1600 0 0.001 1 0.00021528140944996905 4.4912271624864209e-05 0.00017444396216126313 -8.7048412300096798e-05 0.00016546150783629029 0.5 4.9773565503727043e-05 3517.0862076979661 OK 13 12 0.85991200000000001 0.85702999999999996 0.138015 0.71624500000000002 0.71491099999999996 0 0.14366699999999999 0.142119 0.138015 0.037151999999999998 0.037495000000000001 0.034118999999999997 0.095566999999999999 0.093256000000000006 0.092713000000000018 0.0015860000000000002 0.0019239999999999999 0.0018279999999999998 0.00038100000000000005 0.00044700000000000002 0.00047900000000000004 3517.1004987403439 3517.1004987403439 3517.1004987403439 3.1678540305322356 3.1678540305322356 3.1678540305322356 1 1 1 Converged Converged Converged OK OK OK 36 36 36 36 36 36 4 4 4 0 0 0 0 0 1 0 0
160 160 linear 3 7 1600 1 0.001 1 0.00021528140944996905 4.4912271624864209e-05 0.00017444396216126313 -8.7048412300096798e-05 0.00017092908872975201 0.5 4.4305984610265326e-05 3581.5327970644403 OK 13 12 0.78465200000000002 0.57192600000000005 0.115388 0.66232000000000002 0.42297299999999999 0 0.122332 0.14895300000000006 0.115388 0.036247000000000001 0.033996999999999999 0.032992 0.075903999999999999 0.10513999999999998 0.072998000000000007 0.0016080000000000001 0.001604 0.0015630000000000002 0.00034400000000000001 0.00034699999999999998 0.00034299999999999999 3581.5307869122212 3581.5307869122212 3581.5307869122212 2.637112621886216 2.637112621886216 2.637112621886216 1 1 1 Converged Converged Converged OK OK OK 29 29 29 29 29 29 3 3 3 0 0 0 0 1 0 0 1
160 160 linear 3 15 1600 2 0.001 1 0.00021528140944996905 4.4912271624864209e-05 0.00017444396216126313 -8.7048412300096798e-05 0.00017717775260799401 0.5 3.8057320732023329e-05 3644.9280425198467 OK 13 12 0.80870500000000001 0.59256200000000003 0.113483 0.68398700000000001 0.44963799999999998 0 0.124718 0.14292400000000005 0.113483 0.039143999999999998 0.034751999999999998 0.031357000000000003 0.075645000000000004 0.098417000000000018 0.073054000000000008 0.001622 0.0016849999999999999 0.001565 0.000339 0.00033800000000000003 0.00030499999999999999 3644.9260635341584 3644.9260635341584 3644.9260635341584 2.8704970752903818 2.8704970752903818 2.8704970752903818 1 1 1 Converged Converged Converged OK OK OK 29 29 29 29 29 29 3 3 3 0 0 0 0 1 0 0 1
160 160 linear 3 23 1600 3 0.001 1 0.00021528140944996905 4.4912271624864209e-05 0.00017444396216126313 -8.7048412300096798e-05 0.00018342641648623598 0.5 3.1808656853781359e-05 3696.0147172454072 OK 13 12 0.77998800000000001 0.55586899999999995 0.111592 0.657694 0.40947600000000001 0 0.12229400000000001 0.14639299999999994 0.111592 0.037512999999999998 0.035372000000000001 0.031391000000000002 0.0746 0.10124900000000001 0.071275999999999978 0.0016360000000000001 0.0016659999999999999 0.001454 0.00031700000000000001 0.000339 0.00030499999999999999 3696.0128017970223 3696.0128017970223 3696.0128017970223 3.1038585091316304 3.1038585091316304 3.1038585091316304 1 1 1 Converged Converged Converged OK OK OK 29 29 29 29 29 29 3 3 3 0 0 0 0 1 0 0 1
160 160 linear 3 0 1600 0 0.0001 1 0.00021528140944996905 4.4912271624864209e-05 0.00017444396216126313 -8.7048412300096798e-05 0.00016546150783629029 0.5 4.9773565503727043e-05 3517.0862076979661 OK 13 12 0.90412999999999999 0.89819499999999997 0.18049699999999999 0.71682900000000005 0.71250599999999997 0 0.18730099999999994 0.18568899999999999 0.18049699999999999 0.037665999999999998 0.038647000000000001 0.034812999999999997 0.13298800000000005 0.13115599999999997 0.12963999999999995 0.0033940000000000003 0.003137 0.0033750000000000004 0.00061199999999999991 0.00061600000000000001 0.00066299999999999996 3517.0842436191988 3517.0842436191988 3517.0842436191988 0.14148840023459724 0.14148840023459724 0.14148840023459724 1 1 1 Converged Converged Converged OK OK OK 52 52 52 52 52 52 4 4 4 0 0 0 0 0 1 0 0
160 160 linear 3 7 1600 1 0.0001 1 0.00021528140944996905 4.4912271624864209e-05 0.00017444396216126313 -8.7048412300096798e-05 0.00017092908872975201 0.5 4.4305984610265326e-05 3581.5327970644403 OK 13 12 0.83998700000000004 0.63255899999999998 0.16705600000000001 0.66934400000000005 0.42637599999999998 0 0.17064299999999999 0.20618300000000001 0.16705600000000001 0.036305999999999998 0.033402000000000001 0.032806000000000002 0.119146 0.15782900000000005 0.115884 0.0025769999999999999 0.0025380000000000003 0.0062990000000000008 0.00046000000000000001 0.00050700000000000007 0.00048300000000000003 3581.5307794888863 3581.5307794888863 3581.5307794888863 0.036472502761129066 0.036472502761129066 0.036472502761129066 1 1 1 Converged Converged Converged OK OK OK 45 45 45 45 45 45 3 3 3 0 0 0 0 1 0 0 1
160 160 linear 3 15 1600 2 0.0001 1 0.00021528140944996905 4.4912271624864209e-05 0.00017444396216126313 -8.7048412300096798e-05 0.00017717775260799401 0.5 3.8057320732023329e-05 3644.9280425198467 OK 13 12 0.85620600000000002 0.65369100000000002 0.16503300000000001 0.68421200000000004 0.44696399999999997 0 0.17199399999999998 0.20672700000000005 0.16503300000000001 0.035007999999999997 0.036507999999999999 0.031098000000000001 0.12196200000000001 0.15517900000000004 0.11949099999999999 0.002503 0.0027039999999999998 0.0025300000000000001 0.00046699999999999997 0.00047400000000000003 0.000455 3644.9260109371698 3644.9260109371698 3644.9260109371698 0.036649855430395846 0.036649855430395846 0.036649855430395846 1 1 1 Converged Converged Converged OK OK OK 45 45 45 45 45 45 3 3 3 0 0 0 0 1 0 0 1
160 160 linear 3 23 1600 3 0.0001 1 0.00021528140944996905 4.4912271624864209e-05 0.00017444396216126313 -8.7048412300096798e-05 0.00018342641648623598 0.5 3.1808656853781359e-05 3696.0147172454072 OK 13 12 0.81761600000000001 0.61885100000000004 0.157998 0.651254 0.407746 0 0.16636200000000001 0.21110500000000004 0.157998 0.036077999999999999 0.036650000000000002 0.032617 0.11500200000000001 0.158302 0.11166399999999997 0.0027280000000000004 0.0033420000000000004 0.002333 0.000464 0.00051699999999999999 0.00041899999999999999 3696.0126774524997 3696.0126774524997 3696.0126774524997 0.036869585870085701 0.036869585870085701 0.036869585870085701 1 1 1 Converged Converged Converged OK OK OK 45 45 45 45 45 45 3 3 3 0 0 0 0 1 0 0 1
160 160 linear 4 0 1601 0 0.001 1 0.00021528140944996905 4.4912271624864209e-05 -0.00035044101950165751 -0.019961066003446774 -0.00035942347382663037 0.5 0.00057465854716664774 51.011317955410441 OK 13 12 0.66442999999999997 0.66827300000000001 0.196385 0.46521600000000002 0.46998499999999999 0 0.19921399999999995 0.19828800000000002 0.196385 0.036660999999999999 0.036956999999999997 0.033451000000000002 0.14022399999999996 0.13854099999999994 0.14138100000000001 0.0032139999999999998 0.0034539999999999996 0.0031009999999999996 0.00068599999999999987 0.00073300000000000004 0.00069400000000000006 51.011302769796686 51.011302769796686 51.011302769796686 0.043268993296748395 0.043268993296748395 0.043268993296748395 1 1 1 Converged Converged Converged OK OK OK 61 61 61 61 61 61 3 3 3 0 0 0 0 0 1 0 0
160 160 linear 4 7 1601 1 0.001 1 0.00021528140944996905 4.4912271624864209e-05 -0.00035044101950165751 -0.019961066003446774 -0.00035395589293316863 0.5 0.00056919096627318594 51.019604651814277 OK 13 12 0.74608799999999997 0.61302500000000004 0.18682799999999999 0.55158200000000002 0.33243200000000001 0 0.19450599999999996 0.28059300000000004 0.18682799999999999 0.037290999999999998 0.036915000000000003 0.033744000000000003 0.13762500000000003 0.22373599999999996 0.13444799999999998 0.0031850000000000003 0.0033860000000000001 0.003091 0.00070500000000000001 0.00072599999999999997 0.00070200000000000004 51.019588981951614 51.019588981951614 51.019588981951614 0.043282617955394322 0.043282617955394322 0.043282617955394322 1 1 1 Converged Converged Converged OK OK OK 61 61 61 61 61 61 3 3 3 0 0 0 0 1 0 0 1
160 160 linear 4 15 1601 2 0.001 1 0.00021528140944996905 4.4912271624864209e-05 -0.00035044101950165751 -0.019961066003446774 -0.00034770722905492666 0.5 0.00056294230239494402 51.029265627116942 OK 13 12 0.76199099999999997 0.60752300000000004 0.19109799999999999 0.56280200000000002 0.33194800000000002 0 0.19918899999999995 0.27557500000000001 0.19109799999999999 0.036852000000000003 0.036864000000000001 0.033175000000000003 0.14275499999999999 0.21930099999999997 0.13927500000000001 0.003261 0.003241 0.0031850000000000003 0.00070300000000000007 0.000678 0.00065200000000000002 51.029249375718479 51.029249375718479 51.029249375718479 0.043298516651086708 0.043298516651086708 0.043298516651086708 1 1 1 Converged Converged Converged OK OK OK 61 61 61 61 61 61 3 3 3 0 0 0 0 1 0 0 1
160 160 linear 4 23 1601 3 0.001 1 0.00021528140944996905 4.4912271624864209e-05 -0.00035044101950165751 -0.019961066003446774 -0.00034145856517668464 0.5 0.000556693638516702 51.039137455564571 OK 13 12 0.92507200000000001 0.73826499999999995 0.187112 0.725024 0.46831099999999998 0 0.200048 0.26995399999999997 0.187112 0.037673999999999999 0.036886000000000002 0.032867 0.14230200000000007 0.21329400000000007 0.13548700000000002 0.003424 0.003388 0.0031340000000000001 0.00068899999999999994 0.00071699999999999997 0.00066699999999999995 51.039120591091802 51.039120591091802 51.039120591091802 0.043314778230837243 0.043314778230837243 0.043314778230837243 1 1 1 Converged Converged Converged OK OK OK 61 61 61 61 61 61 3 3 3 0 0 0 0 1 0 0 1
160 160 linear 4 0 1601 0 0.0001 1 0.00021528140944996905 4.4912271624864209e-05 -0.00035044101950165751 -0.019961066003446774 -0.00035942347382663037 0.5 0.00057465854716664774 51.011317955410441 OK 13 12 0.71218300000000001 0.70261099999999999 0.241644 0.466534 0.46096799999999999 0 0.24564900000000001 0.241643 0.241644 0.036686999999999997 0.035983000000000001 0.033896000000000003 0.18003299999999994 0.17740100000000006 0.17990599999999993 0.0040759999999999998 0.004032 0.0040220000000000004 0.00088699999999999998 0.00087100000000000003 0.00085900000000000006 51.011302792432311 51.011302792432311 51.011302792432311 0.0015776504570855878 0.0015776504570855878 0.0015776504570855878 1 1 1 Converged Converged Converged OK OK OK 77 77 77 77 77 77 3 3 3 0 0 0 0 0 1 0 0
160 160 linear 4 7 1601 1 0.0001 1 0.00021528140944996905 4.4912271624864209e-05 -0.00035044101950165751 -0.019961066003446774 -0.00035395589293316863 0.5 0.00056919096627318594 51.019604651814277 OK 13 12 0.79329400000000005 0.66398999999999997 0.23274400000000001 0.55283599999999999 0.33247399999999999 0 0.24045800000000006 0.33151599999999998 0.23274400000000001 0.036749999999999998 0.036976000000000002 0.033632000000000002 0.17940899999999999 0.269903 0.17554200000000003 0.0040029999999999996 0.0040940000000000004 0.0039360000000000003 0.0008470000000000001 0.00084999999999999995 0.00078199999999999993 51.019589004626923 51.019589004626923 51.019589004626923 0.0015908785813660198 0.0015908785813660198 0.0015908785813660198 1 1 1 Converged Converged Converged OK OK OK 77 77 77 77 77 77 3 3 3 0 0 0 0 1 0 0 1
160 160 linear 4 15 1601 2 0.0001 1 0.00021528140944996905 4.4912271624864209e-05 -0.00035044101950165751 -0.019961066003446774 -0.00034770722905492666 0.5 0.00056294230239494402 51.029265627116942 OK 13 12 0.80798400000000004 0.66481800000000002 0.23189499999999999 0.561365 0.33205099999999999 0 0.24661900000000003 0.33276700000000003 0.23189499999999999 0.037773000000000001 0.036760000000000001 0.032934999999999999 0.18325600000000006 0.26853899999999986 0.17533200000000004 0.0044019999999999997 0.0040460000000000001 0.0039610000000000001 0.00079100000000000004 0.000825 0.000794 51.029249398361792 51.029249398361792 51.029249398361792 0.0016063276037217085 0.0016063276037217085 0.0016063276037217085 1 1 1 Converged Converged Converged OK OK OK 77 77 77 77 77 77 3 3 3 0 0 0 0 1 0 0 1
160 160 linear 4 23 1601 3 0.0001 1 0.00021528140944996905 4.4912271624864209e-05 -0.00035044101950165751 -0.019961066003446774 -0.00034145856517668464 0.5 0.000556693638516702 51.039137455564571 OK 13 12 0.95829600000000004 0.78944599999999998 0.229379 0.71759499999999998 0.467528 0 0.24070100000000005 0.32191799999999998 0.229379 0.036326999999999998 0.036456000000000002 0.032680000000000001 0.17686100000000002 0.26124999999999993 0.17307900000000007 0.0040260000000000001 0.0040159999999999996 0.0039939999999999993 0.00082200000000000003 0.00080699999999999999 0.00078699999999999994 51.039120613731853 51.039120613731853 51.039120613731853 0.001622143684935647 0.001622143684935647 0.001622143684935647 1 1 1 Converged Converged Converged OK OK OK 77 77 77 77 77 77 3 3 3 0 0 0 0 1 0 0 1
160 160 uniform 3 0 1602 0 0.001 1 0.00021528140944996905 4.4912271624864209e-05 0.00017444396216126313 -8.7048412300096798e-05 0.00016546150783629029 0 4.9773565503727043e-05 3525.7905461765426 OK 13 12 0.87675199999999998 0.883683 0.16045100000000001 0.71291300000000002 0.71690699999999996 0 0.16383899999999996 0.16677600000000004 0.16045100000000001 0.036863 0.039056 0.034390999999999998 0.11156500000000001 0.11200299999999998 0.11105100000000002 0.002928 0.0030330000000000001 0.0028399999999999996 0.000544 0.00060400000000000004 0.00063000000000000003 3525.7908086036227 3525.7908086036227 3525.7908086036227 0.10265120402653087 0.10265120402653087 0.10265120402653087 1 1 1 Converged Converged Converged OK OK OK 52 52 52 52 52 52 4 4 4 0 0 0 0 0 1 0 0
160 160 uniform 3 7 1602 1 0.001 1 0.00021528140944996905 4.4912271624864209e-05 0.00017444396216126313 -8.7048412300096798e-05 0.00017092908872975201 0 4.4305984610265326e-05 3590.286208015395 OK 13 12 0.77378599999999997 0.56928199999999995 0.107182 0.65762100000000001 0.42477199999999998 0 0.11616499999999996 0.14450999999999997 0.107182 0.035825000000000003 0.034945999999999998 0.032672 0.070528999999999994 0.099330000000000016 0.065336999999999992 0.001403 0.001647 0.0013960000000000001 0.00036400000000000001 0.00036300000000000004 0.00033 3590.2866186012293 3590.2866186012293 3590.2866186012293 1.2898161400062857 1.2898161400062857 1.2898161400062857 1 1 1 Converged Converged Converged OK OK OK 29 29 29 29 29 29 3 3 3 0 0 0 0 1 0 0 1
160 160 uniform 3 15 1602 2 0.001 1 0.00021528140944996905 4.4912271624864209e-05 0.00017444396216126313 -8.7048412300096798e-05 0.00017717775260799401 0 3.8057320732023329e-05 3653.6019962797659 OK 13 12 0.79883000000000004 0.58044899999999999 0.105045 0.68746799999999997 0.44591700000000001 0 0.11136200000000007 0.13453199999999998 0.105045 0.035472999999999998 0.035504000000000001 0.031004 0.066053000000000001 0.089459999999999998 0.065102999999999994 0.0015169999999999999 0.001529 0.0013810000000000001 0.00033700000000000001 0.000339 0.00031599999999999998 3653.6024906559787 3653.6024906559787 3653.6024906559787 1.5558483642536862 1.5558483642536862 1.5558483642536862 1 1 1 Converged Converged Converged OK OK OK 29 29 29 29 29 29 3 3 3 0 0 0 0 1 0 0 1
160 160 uniform 3 23 1602 3 0.001 1 0.00021528140944996905 4.4912271624864209e-05 0.00017444396216126313 -8.7048412300096798e-05 0.00018342641648623598 0 3.1808656853781359e-05 3704.4657404205163 OK 13 12 0.76420399999999999 0.54823100000000002 0.103559 0.65503800000000001 0.41069800000000001 0 0.10916599999999999 0.13753300000000002 0.103559 0.035601000000000001 0.035000000000000003 0.031294000000000002 0.064020999999999981 0.093039000000000011 0.063468999999999998 0.0013849999999999999 0.0015430000000000001 0.0013570000000000001 0.00033600000000000004 0.00033800000000000003 0.00030200000000000002 3704.4663347045716 3704.4663347045716 3704.4663347045716 1.8652590146095276 1.8652590146095276 1.8652590146095276 1 1 1 Converged Converged Converged OK OK OK 29 29 29 29 29 29 3 3 3 0 0 0 0 1 0 0 1
160 160 uniform 3 0 1602 0 0.0001 1 0.00021528140944996905 4.4912271624864209e-05 0.00017444396216126313 -8.7048412300096798e-05 0.00016546150783629029 0 4.9773565503727043e-05 3525.7905461765426 OK 13 12 0.87834000000000001 0.87490000000000001 0.16077900000000001 0.71387900000000004 0.71040800000000004 0 0.16446099999999997 0.16449199999999997 0.16077900000000001 0.037797999999999998 0.037262999999999998 0.034460999999999999 0.11125199999999996 0.11155899999999999 0.11100700000000004 0.002875 0.003006 0.0028579999999999999 0.00058200000000000005 0.00060099999999999997 0.00059499999999999993 3525.7908086036227 3525.7908086036227 3525.7908086036227 0.10265120402653087 0.10265120402653087 0.10265120402653087 1 1 1 Converged Converged Converged OK OK OK 52 52 52 52 52 52 4 4 4 0 0 0 0 0 1 0 0
160 160 uniform 3 7 1602 1 0.0001 1 0.00021528140944996905 4.4912271624864209e-05 0.00017444396216126313 -8.7048412300096798e-05 0.00017092908872975201 0 4.4305984610265326e-05 3590.286208015395 OK 13 12 0.81523999999999996 0.61379799999999995 0.146125 0.66209499999999999 0.42323 0 0.15314499999999998 0.19056799999999996 0.146125 0.037671999999999997 0.035159999999999997 0.032455999999999999 0.100013 0.13980899999999999 0.099691000000000016 0.0028110000000000001 0.002836 0.0023530000000000001 0.00048200000000000001 0.00053899999999999998 0.00047400000000000003 3590.2865101271636 3590.2865101271636 3590.2865101271636 0.035556636259154027 0.035556636259154027 0.035556636259154027 1 1 1 Converged Converged Converged OK OK OK 45 45 45 45 45 45 3 3 3 0 0 0 0 1 0 0 1
160 160 uniform 3 15 1602 2 0.0001 1 0.00021528140944996905 4.4912271624864209e-05 0.00017444396216126313 -8.7048412300096798e-05 0.00017717775260799401 0 3.8057320732023329e-05 3653.6019962797659 OK 13 12 0.838005 0.62966200000000005 0.14352300000000001 0.68811599999999995 0.444498 0 0.14988900000000005 0.18516400000000005 0.14352300000000001 0.035179000000000002 0.039379999999999998 0.031376000000000001 0.10031500000000002 0.13142500000000001 0.098673000000000025 0.0023150000000000002 0.0023059999999999999 0.0021970000000000002 0.00042300000000000004 0.000484 0.00043100000000000007 3653.6023222677391 3653.6023222677391 3653.6023222677391 0.035658418015845336 0.035658418015845336 0.035658418015845336 1 1 1 Converged Converged Converged OK OK OK 45 45 45 45 45 45 3 3 3 0 0 0 0 1 0 0 1
160 160 uniform 3 23 1602 3 0.0001 1 0.00021528140944996905 4.4912271624864209e-05 0.00017444396216126313 -8.7048412300096798e-05 0.00018342641648623598 0 3.1808656853781359e-05 3704.4657404205163 OK 13 12 0.79965799999999998 0.60027699999999995 0.143843 0.65268499999999996 0.40588200000000002 0 0.14697300000000002 0.19439499999999993 0.143843 0.036093 0.035928000000000002 0.031191 0.096286999999999998 0.14390899999999998 0.099145999999999984 0.0024620000000000002 0.0025309999999999998 0.002199 0.00044099999999999999 0.00048900000000000007 0.00042399999999999995 3704.4660941565403 3704.4660941565403 3704.4660941565403 0.035748036536287033 0.035748036536287033 0.035748036536287033 1 1 1 Converged Converged Converged OK OK OK 45 45 45 45 45 45 3 3 3 0 0 0 0 1 0 0 1
160 160 uniform 4 0 1603 0 0.001 1 0.00021528140944996905 4.4912271624864209e-05 -0.00035044101950165751 -0.019961066003446774 -0.00035942347382663037 0 0.00057465854716664774 51.011418445143512 OK 13 12 0.59919599999999995 0.59281200000000001 0.126164 0.46871400000000002 0.46425899999999998 0 0.13048199999999993 0.12855300000000003 0.126164 0.036477000000000002 0.035449000000000001 0.033422 0.07722900000000002 0.077055999999999986 0.076924999999999993 0.002189 0.0022140000000000003 0.0021219999999999998 0.00056899999999999995 0.00054200000000000006 0.00053399999999999997 51.01141811565536 51.01141811565536 51.01141811565536 0.017962112695373775 0.017962112695373775 0.017962112695373775 1 1 1 Converged Converged Converged OK OK OK 45 45 45 45 45 45 3 3 3 0 0 0 0 0 1 0 0
160 160 uniform 4 7 1603 1 0.001 1 0.00021528140944996905 4.4912271624864209e-05 -0.00035044101950165751 -0.019961066003446774 -0.00035395589293316863 0 0.00056919096627318594 51.019708423350934 OK 13 12 0.67323100000000002 0.52229499999999995 0.117938 0.55163399999999996 0.32928099999999999 0 0.12159700000000007 0.19301399999999996 0.117938 0.036069999999999998 0.037423999999999999 0.033204999999999998 0.071330999999999992 0.140929 0.071110999999999994 0.0022009999999999998 0.0024850000000000002 0.0021359999999999999 0.00053499999999999999 0.00067700000000000008 0.00054000000000000001 51.01970809386291 51.01970809386291 51.01970809386291 0.017964989099779984 0.017964989099779984 0.017964989099779984 1 1 1 Converged Converged Converged OK OK OK 45 45 45 45 45 45 3 3 3 0 0 0 0 1 0 0 1
160 160 uniform 4 15 1603 2 0.001 1 0.00021528140944996905 4.4912271624864209e-05 -0.00035044101950165751 -0.019961066003446774 -0.00034770722905492666 0 0.00056294230239494402 51.029373337931688 OK 13 12 0.69009900000000002 0.52692499999999998 0.12343999999999999 0.56167500000000004 0.330733 0 0.12842399999999998 0.19619199999999998 0.12343999999999999 0.035977000000000002 0.040066999999999998 0.032822999999999998 0.078167 0.14200700000000002 0.076975999999999975 0.0021849999999999999 0.0022420000000000001 0.0021880000000000003 0.00055400000000000002 0.00056100000000000008 0.00054900000000000001 51.029373008351811 51.029373008351811 51.029373008351811 0.017968343041890822 0.017968343041890822 0.017968343041890822 1 1 1 Converged Converged Converged OK OK OK 45 45 45 45 45 45 3 3 3 0 0 0 0 1 0 0 1
160 160 uniform 4 23 1603 3 0.001 1 0.00021528140944996905 4.4912271624864209e-05 -0.00035044101950165751 -0.019961066003446774 -0.00034145856517668464 0 0.000556693638516702 51.039249320124277 OK 13 12 0.84345599999999998 0.65639199999999998 0.118675 0.71998899999999999 0.470387 0 0.12346699999999999 0.18600499999999998 0.118675 0.035904999999999999 0.036124999999999997 0.032689999999999997 0.07335899999999998 0.13572800000000002 0.072503999999999971 0.0022729999999999998 0.002346 0.0021510000000000001 0.00053899999999999998 0.00054100000000000003 0.00052800000000000004 51.039248990610616 51.039248990610616 51.039248990610616 0.017971770086514696 0.017971770086514696 0.017971770086514696 1 1 1 Converged Converged Converged OK OK OK 45 45 45 45 45 45 3 3 3 0 0 0 0 1 0 0 1
160 160 uniform 4 0 1603 0 0.0001 1 0.00021528140944996905 4.4912271624864209e-05 -0.00035044101950165751 -0.019961066003446774 -0.00035942347382663037 0 0.00057465854716664774 51.011418445143512 OK 13 12 0.66502300000000003 0.66255699999999995 0.19981299999999999 0.464839 0.461864 0 0.20018400000000003 0.20069299999999995 0.19981299999999999 0.036628000000000001 0.035693999999999997 0.033486000000000002 0.13536600000000001 0.13677700000000004 0.13900400000000002 0.003954 0.0039430000000000003 0.0038430000000000001 0.00083799999999999999 0.00089100000000000008 0.00081399999999999994 51.011418115881611 51.011418115881611 51.011418115881611 0.00032695833794778247 0.00032695833794778247 0.00032695833794778247 1 1 1 Converged Converged Converged OK OK OK 77 77 77 77 77 77 3 3 3 0 0 0 0 0 1 0 0
160 160 uniform 4 7 1603 1 0.0001 1 0.00021528140944996905 4.4912271624864209e-05 -0.00035044101950165751 -0.019961066003446774 -0.00035395589293316863 0 0.00056919096627318594 51.019708423350934 OK 13 12 0.74801600000000001 0.62183699999999997 0.19007299999999999 0.55326299999999995 0.332569 0 0.19475300000000006 0.28926799999999997 0.19007299999999999 0.036329 0.036568999999999997 0.033410000000000002 0.13435600000000006 0.22799000000000011 0.13344399999999995 0.0038889999999999997 0.0040070000000000001 0.0037510000000000004 0.00077000000000000007 0.00082800000000000007 0.00077999999999999999 51.019708094238801 51.019708094238801 51.019708094238801 0.00032967072282157078 0.00032967072282157078 0.00032967072282157078 1 1 1 Converged Converged Converged OK OK OK 77 77 77 77 77 77 3 3 3 0 0 0 0 1 0 0 1
160 160 uniform 4 15 1603 2 0.0001 1 0.00021528140944996905 4.4912271624864209e-05 -0.00035044101950165751 -0.019961066003446774 -0.00034770722905492666 0 0.00056294230239494402 51.029373337931688 OK 13 12 0.75692300000000001 0.62311000000000005 0.192915 0.56291599999999997 0.33257500000000001 0 0.19400700000000004 0.29053500000000004 0.192915 0.035751999999999999 0.036693000000000003 0.032823999999999999 0.13413800000000001 0.22983499999999996 0.13683499999999993 0.0038999999999999998 0.0039769999999999996 0.0038070000000000001 0.00078899999999999999 0.00079300000000000009 0.00076999999999999996 51.029373008647191 51.029373008647191 51.029373008647191 0.00033283829053503414 0.00033283829053503414 0.00033283829053503414 1 1 1 Converged Converged Converged OK OK OK 77 77 77 77 77 77 3 3 3 0 0 0 0 1 0 0 1
160 160 uniform 4 23 1603 3 0.0001 1 0.00021528140944996905 4.4912271624864209e-05 -0.00035044101950165751 -0.019961066003446774 -0.00034145856517668464 0 0.000556693638516702 51.039249320124277 OK 13 12 0.91178300000000001 0.74684499999999998 0.19125900000000001 0.71774700000000002 0.46688099999999999 0 0.19403599999999999 0.27996399999999999 0.19125900000000001 0.036017 0.036551 0.032645 0.13266800000000001 0.21936699999999998 0.13475299999999998 0.0040800000000000003 0.0039030000000000002 0.0038860000000000001 0.0009819999999999998 0.000812 0.00083100000000000003 51.039248990852464 51.039248990852464 51.039248990852464 0.00033608061117371016 0.00033608061117371016 0.00033608061117371016 1 1 1 Converged Converged Converged OK OK OK 77 77 77 77 77 77 3 3 3 0 0 0 0 1 0 0 1
161 161 linear 3 0 1604 0 0.001 1 0.00023324131991473804 3.7798488536914e-05 5.503819006695354e-05 0.020687294564216904 4.7478492359570739e-05 0.5 0.00018570843872757367 57.660646724819841 OK 15 14 1.235595 1.214942 0.39371600000000001 0.83328000000000002 0.81511400000000001 0 0.40231499999999998 0.39982799999999996 0.39371600000000001 0.092755000000000004 0.091927999999999996 0.089215000000000003 0.26549400000000001 0.26273299999999983 0.26120300000000002 0.0060099999999999997 0.0068149999999999999 0.0060520000000000001 0.0013359999999999999 0.0013860000000000001 0.001356 57.660610977937019 57.660610977937019 57.660610977937019 0.025792128222427445 0.025792128222427445 0.025792128222427445 1 1 1 Converged Converged Converged OK OK OK 114 114 114 114 114 114 6 6 6 0 0 0 0 0 1 0 0
161 161 linear 3 7 1604 1 0.001 1 0.00023324131991473804 3.7798488536914e-05 5.503819006695354e-05 0.020687294564216904 5.2080047485803751e-05 0.5 0.00018110688360134067 58.07580588035291 OK 15 14 0.97082000000000002 0.83838999999999997 0.37282300000000002 0.58225099999999996 0.38270799999999999 0 0.38856900000000005 0.45568199999999998 0.37282300000000002 0.091363 0.091055999999999998 0.086774000000000004 0.26211900000000005 0.32996000000000009 0.25232900000000014 0.006496 0.006515 0.0061059999999999994 0.0012999999999999999 0.0013370000000000001 0.0013500000000000001 58.075767533516135 58.075767533516135 58.075767533516135 0.021894758367278718 0.021894758367278718 0.021894758367278718 1 1 1 Converged Converged Converged OK OK OK 114 114 114 114 114 114 6 6 6 0 0 0 0 1 0 0 1
161 161 linear 3 15 1604 2 0.001 1 0.00023324131991473804 3.7798488536914e-05 5.503819006695354e-05 0.020687294564216904 5.7338967630070043e-05 0.5 0.00017584796345707437 58.690379323009708 OK 15 14 1.3363529999999999 1.214499 0.38158799999999998 0.94697100000000001 0.73761399999999999 0 0.38938199999999989 0.476885 0.38158799999999998 0.091315999999999994 0.091537999999999994 0.086503999999999998 0.26333799999999996 0.35150799999999999 0.26155099999999998 0.0063879999999999987 0.0061949999999999991 0.0059719999999999999 0.001294 0.001201 0.0012890000000000002 58.690338390548149 58.690338390548149 58.690338390548149 0.019137120220140212 0.019137120220140212 0.019137120220140212 1 1 1 Converged Converged Converged OK OK OK 114 114 114 114 114 114 6 6 6 0 0 0 0 1 0 0 1
161 161 linear 3 23 1604 3 0.001 1 0.00023324131991473804 3.7798488536914e-05 5.503819006695354e-05 0.020687294564216904 6.2597887774336341e-05 0.5 0.00017058904331280808 59.613785722128995 OK 15 14 0.96872599999999998 0.85143000000000002 0.38669500000000001 0.58042099999999996 0.37002600000000002 0 0.38830500000000001 0.481404 0.38669500000000001 0.091775999999999996 0.091041999999999998 0.087551000000000004 0.26244200000000001 0.35579199999999989 0.26508500000000002 0.006209000000000001 0.0064180000000000001 0.0060890000000000007 0.0013280000000000002 0.00131 0.001341 59.613733007167788 59.613733007167788 59.613733007167788 0.020642688530169685 0.020642688530169685 0.020642688530169685 1 1 1 Converged Converged Converged OK OK OK 114 114 114 114 114 114 6 6 6 0 0 0 0 1 0 0 1
161 161 linear 3 0 1604 0 0.0001 1 0.00023324131991473804 3.7798488536914e-05 5.503819006695354e-05 0.020687294564216904 4.7478492359570739e-05 0.5 0.00018570843872757367 57.660646724819841 OK 15 14 1.2716909999999999 1.264869 0.438087 0.82537300000000002 0.82399199999999995 0 0.44631799999999988 0.44087700000000007 0.438087 0.091097999999999998 0.091674000000000005 0.089025000000000007 0.30048300000000022 0.29519599999999996 0.29441699999999987 0.0076289999999999995 0.0076400000000000001 0.007894 0.0016539999999999999 0.0017049999999999999 0.0016080000000000001 57.660611452151954 57.660611452151954 57.660611452151954 0.0020946605502465236 0.0020946605502465236 0.0020946605502465236 1 1 1 Converged Converged Converged OK OK OK 138 138 138 138 138 138 6 6 6 0 0 0 0 0 1 0 0
161 161 linear 3 7 1604 1 0.0001 1 0.00023324131991473804 3.7798488536914e-05 5.503819006695354e-05 0.020687294564216904 5.2080047485803751e-05 0.5 0.00018110688360134067 58.07580588035291 OK 15 14 1.019334 0.909026 0.42191699999999999 0.58903499999999998 0.38267200000000001 0 0.43029899999999999 0.52635399999999999 0.42191699999999999 0.089504 0.092006000000000004 0.087157999999999999 0.29973299999999997 0.39305699999999999 0.29426899999999989 0.0072070000000000007 0.007605999999999999 0.0075629999999999994 0.001539 0.0015800000000000002 0.0015769999999999996 58.075767818829689 58.075767818829689 58.075767818829689 0.0023054174335529042 0.0023054174335529042 0.0023054174335529042 1 1 1 Converged Converged Converged OK OK OK 138 138 138 138 138 138 6 6 6 0 0 0 0 1 0 0 1
161 161 linear 3 15 1604 2 0.0001 1 0.00023324131991473804 3.7798488536914e-05 5.503819006695354e-05 0.020687294564216904 5.7338967630070043e-05 0.5 0.00017584796345707437 58.690379323009708 OK 15 14 1.3818140000000001 1.28711 0.419435 0.94756899999999999 0.72976099999999999 0 0.4342450000000001 0.55734899999999998 0.419435 0.090920000000000001 0.091217999999999994 0.087378999999999998 0.30174700000000004 0.4243239999999997 0.29194899999999996 0.0076610000000000003 0.007868 0.0075570000000000012 0.0015709999999999999 0.0016050000000000001 0.0015649999999999998 58.690338557705232 58.690338557705232 58.690338557705232 0.0028781988214623138 0.0028781988214623138 0.0028781988214623138 1 1 1 Converged Converged Converged OK OK OK 138 138 138 138 138 138 6 6 6 0 0 0 0 1 0 0 1
161 161 linear 3 23 1604 3 0.0001 1 0.00023324131991473804 3.7798488536914e-05 5.503819006695354e-05 0.020687294564216904 6.2597887774336341e-05 0.5 0.00017058904331280808 59.613785722128995 OK 15 14 1.014022 0.92747000000000002 0.41967700000000002 0.57768299999999995 0.36765100000000001 0 0.43633900000000003 0.55981900000000007 0.41967700000000002 0.091495000000000007 0.091303999999999996 0.086360999999999993 0.302902 0.42660900000000002 0.29040600000000011 0.0083549999999999996 0.0081869999999999998 0.0073599999999999994 0.001699 0.0015990000000000002 0.001681 59.61373318892494 59.61373318892494 59.61373318892494 0.0048167974546030265 0.0048167974546030265 0.0048167974546030265 1 1 1 Converged Converged Converged OK OK OK 138 138 138 138 138 138 6 6 6 0 0 0 0 1 0 0 1
161 161 linear 4 0 1605 0 0.001 1 0.00023324131991473804 3.7798488536914e-05 0.00020984988856348412 -0.00023290267639825189 0.00020229019085610131 0.5 3.0896740231043112e-05 1616.9141672761266 OK 13 12 0.60634699999999997 0.60087999999999997 0.14651700000000001 0.455544 0.45276100000000002 0 0.15080299999999996 0.14811899999999995 0.14651700000000001 0.010144 0.010194999999999999 0.0097459999999999995 0.124719 0.122317 0.12142299999999999 0.0022890000000000002 0.0023240000000000001 0.002264 0.00045299999999999995 0.000435 0.00045699999999999994 1616.9131291596163 1616.9131291596163 1616.9131291596163 0.036148994791703408 0.036148994791703408 0.036148994791703408 1 1 1 Converged Converged Converged OK OK OK 45 45 45 45 45 45 3 3 3 0 0 0 0 0 1 0 0
161 161 linear 4 7 1605 1 0.001 1 0.00023324131991473804 3.7798488536914e-05 0.00020984988856348412 -0.00023290267639825189 0.00020689174598233432 0.5 2.6295185104810106e-05 1622.5187749570637 OK 13 12 0.66766599999999998 0.51722199999999996 0.145814 0.51657200000000003 0.34470800000000001 0 0.15109399999999995 0.17251399999999995 0.145814 0.009672 0.0096659999999999992 0.0092079999999999992 0.12668599999999999 0.14869600000000005 0.122902 0.002431 0.0023270000000000001 0.0022750000000000001 0.00044299999999999998 0.00044799999999999999 0.00041899999999999999 1622.517741600094 1622.517741600094 1622.517741600094 0.036148824893381247 0.036148824893381247 0.036148824893381247 1 1 1 Converged Converged Converged OK OK OK 45 45 45 45 45 45 3 3 3 0 0 0 0 1 0 0 1
161 161 linear 4 15 1605 2 0.001 1 0.00023324131991473804 3.7798488536914e-05 0.00020984988856348412 -0.00023290267639825189 0.00021215066612660064 0.5 2.1036264960543787e-05 1628.2584844137618 OK 13 12 0.75947200000000004 0.60502599999999995 0.149982 0.60487299999999999 0.42840800000000001 0 0.15459900000000004 0.17661799999999994 0.149982 0.0097040000000000008 0.0097149999999999997 0.0090729999999999995 0.13054799999999997 0.15279999999999996 0.12723400000000001 0.002333 0.0024160000000000002 0.0022239999999999998 0.00043199999999999998 0.00045799999999999997 0.00043199999999999998 1628.2574594754769 1628.2574594754769 1628.2574594754769 0.036148621307836831 0.036148621307836831 0.036148621307836831 1 1 1 Converged Converged Converged OK OK OK 45 45 45 45 45 45 3 3 3 0 0 0 0 1 0 0 1
161 161 linear 4 23 1605 3 0.001 1 0.00023324131991473804 3.7798488536914e-05 0.00020984988856348412 -0.00023290267639825189 0.00021740958627086693 0.5 1.5777344816277495e-05 1633.2746909868115 OK 13 12 0.72230799999999995 0.58250400000000002 0.142091 0.57465999999999995 0.40703899999999998 0 0.147648 0.17546500000000004 0.142091 0.0097289999999999998 0.0097300000000000008 0.0091249999999999994 0.12330199999999998 0.15157500000000002 0.119326 0.002261 0.0023030000000000004 0.0021909999999999998 0.00053699999999999993 0.00052499999999999997 0.00049100000000000001 1633.2736703224505 1633.2736703224505 1633.2736703224505 0.036148368519174398 0.036148368519174398 0.036148368519174398 1 1 1 Converged Converged Converged OK OK OK 45 45 45 45 45 45 3 3 3 0 0 0 0 1 0 0 1
161 161 linear 4 0 1605 0 0.0001 1 0.00023324131991473804 3.7798488536914e-05 0.00020984988856348412 -0.00023290267639825189 0.00020229019085610131 0.5 3.0896740231043112e-05 1616.9141672761266 OK 13 12 0.59961299999999995 0.59952300000000003 0.146895 0.449403 0.44923999999999997 0 0.15020999999999995 0.15028300000000006 0.146895 0.010097999999999999 0.009868 0.0097359999999999999 0.124444 0.122115 0.12173699999999997 0.002199 0.0022469999999999999 0.0022690000000000002 0.00043399999999999998 0.000446 0.000444 1616.9131291596163 1616.9131291596163 1616.9131291596163 0.036148994791703408 0.036148994791703408 0.036148994791703408 1 1 1 Converged Converged Converged OK OK OK 45 45 45 45 45 45 3 3 3 0 0 0 0 0 1 0 0
161 161 linear 4 7 1605 1 0.0001 1 0.00023324131991473804 3.7798488536914e-05 0.00020984988856348412 -0.00023290267639825189 0.00020689174598233432 0.5 2.6295185104810106e-05 1622.5187749570637 OK 13 12 0.66398400000000002 0.51836499999999996 0.146147 0.51355899999999999 0.34614299999999998 0 0.15042500000000003 0.17222199999999999 0.146147 0.0095879999999999993 0.0096600000000000002 0.0091629999999999993 0.12635500000000002 0.14862099999999995 0.12313400000000004 0.00232 0.0022469999999999999 0.002281 0.00044700000000000002 0.00044500000000000003 0.00042399999999999995 1622.517741600094 1622.517741600094 1622.517741600094 0.036148824893381247 0.036148824893381247 0.036148824893381247 1 1 1 Converged Converged Converged OK OK OK 45 45 45 45 45 45 3 3 3 0 0 0 0 1 0 0 1
161 161 linear 4 15 1605 2 0.0001 1 0.00023324131991473804 3.7798488536914e-05 0.00020984988856348412 -0.00023290267639825189 0.00021215066612660064 0.5 2.1036264960543787e-05 1628.2584844137618 OK 13 12 0.75786500000000001 0.60372999999999999 0.150171 0.60358699999999998 0.42726500000000001 0 0.15427800000000003 0.17646499999999998 0.150171 0.0095729999999999999 0.012517 0.0091850000000000005 0.13036399999999995 0.14984999999999998 0.12736500000000001 0.0022360000000000001 0.0024510000000000001 0.0021879999999999998 0.00045499999999999995 0.00044699999999999997 0.00043099999999999996 1628.2574594754769 1628.2574594754769 1628.2574594754769 0.036148621307836831 0.036148621307836831 0.036148621307836831 1 1 1 Converged Converged Converged OK OK OK 45 45 45 45 45 45 3 3 3 0 0 0 0 1 0 0 1
161 161 linear 4 23 1605 3 0.0001 1 0.00023324131991473804 3.7798488536914e-05 0.00020984988856348412 -0.00023290267639825189 0.00021740958627086693 0.5 1.5777344816277495e-05 1633.2746909868115 OK 13 12 0.732236 0.57907500000000001 0.142068 0.57529600000000003 0.40127400000000002 0 0.15693999999999997 0.17780099999999999 0.142068 0.0096579999999999999 0.0096959999999999998 0.0090749999999999997 0.13218200000000002 0.15419000000000002 0.119338 0.002542 0.0022079999999999999 0.0021610000000000002 0.00054600000000000004 0.00049299999999999995 0.00050600000000000005 1633.2736703224505 1633.2736703224505 1633.2736703224505 0.036148368519174398 0.036148368519174398 0.036148368519174398 1 1 1 Converged Converged Converged OK OK OK 45 45 45 45 45 45 3 3 3 0 0 0 0 1 0 0 1
161 161 uniform 3 0 1606 0 0.001 1 0.00023324131991473804 3.7798488536914e-05 5.503819006695354e-05 0.020687294564216904 4.7478492359570739e-05 0 0.00018570843872757367 57.700291643653308 OK 15 14 1.089051 1.0814029999999999 0.26478299999999999 0.82477100000000003 0.81725499999999995 0 0.26427999999999996 0.26414799999999994 0.26478299999999999 0.090873999999999996 0.090432999999999999 0.091937000000000005 0.14332699999999995 0.14370199999999994 0.14328500000000005 0.0037900000000000004 0.0039119999999999997 0.0038300000000000001 0.001003 0.00097900000000000005 0.00097299999999999991 57.700291003832504 57.700291003832504 57.700291003832504 0.026335049274037396 0.026335049274037396 0.026335049274037396 1 1 1 Converged Converged Converged OK OK OK 82 82 82 82 82 82 6 6 6 0 0 0 0 0 1 0 0
161 161 uniform 3 7 1606 1 0.001 1 0.00023324131991473804 3.7798488536914e-05 5.503819006695354e-05 0.020687294564216904 5.2080047485803751e-05 0 0.00018110688360134067 58.129217353075731 OK 15 14 0.83913700000000002 0.70100700000000005 0.247312 0.58702200000000004 0.3831 0 0.25211499999999998 0.31790700000000005 0.247312 0.089571999999999999 0.091845999999999997 0.085913000000000003 0.13926300000000005 0.20141200000000004 0.138714 0.0037469999999999999 0.0043249999999999999 0.0036680000000000003 0.00095000000000000011 0.0010280000000000001 0.00096099999999999994 58.129216790808833 58.129216790808833 58.129216790808833 0.024919511597758383 0.024919511597758383 0.024919511597758383 1 1 1 Converged Converged Converged OK OK OK 82 82 82 82 82 82 6 6 6 0 0 0 0 1 0 0 1
161 161 uniform 3 15 1606 2 0.001 1 0.00023324131991473804 3.7798488536914e-05 5.503819006695354e-05 0.020687294564216904 5.7338967630070043e-05 0 0.00017584796345707437 58.772141872233782 OK 15 14 1.2050959999999999 1.064657 0.25224400000000002 0.94615800000000005 0.73409100000000005 0 0.25893799999999989 0.33056599999999992 0.25224400000000002 0.090659000000000003 0.092111999999999999 0.086764999999999995 0.14502899999999996 0.21457499999999999 0.14303399999999994 0.0039680000000000002 0.0040799999999999994 0.0036970000000000002 0.000977 0.001041 0.00092800000000000001 58.772141506938155 58.772141506938155 58.772141506938155 0.024506702154910111 0.024506702154910111 0.024506702154910111 1 1 1 Converged Converged Converged OK OK OK 82 82 82 82 82 82 6 6 6 0 0 0 0 1 0 0 1
161 161 uniform 3 23 1606 3 0.001 1 0.00023324131991473804 3.7798488536914e-05 5.503819006695354e-05 0.020687294564216904 6.2597887774336341e-05 0 0.00017058904331280808 59.769221577923787 OK 15 14 0.83628999999999998 0.70586400000000005 0.24829799999999999 0.58246100000000001 0.36511399999999999 0 0.25382899999999997 0.34075000000000005 0.24829799999999999 0.089871000000000006 0.090565000000000007 0.085637000000000005 0.14110400000000006 0.22661500000000001 0.14029200000000006 0.0038260000000000004 0.0041479999999999998 0.0038500000000000001 0.00094099999999999989 0.00098399999999999985 0.00098899999999999986 59.769222478500168 59.769222478500168 59.769222478500168 0.027332740779234321 0.027332740779234321 0.027332740779234321 1 1 1 Converged Converged Converged OK OK OK 82 82 82 82 82 82 6 6 6 0 0 0 0 1 0 0 1
161 161 uniform 3 0 1606 0 0.0001 1 0.00023324131991473804 3.7798488536914e-05 5.503819006695354e-05 0.020687294564216904 4.7478492359570739e-05 0 0.00018570843872757367 57.700291643653308 OK 15 14 1.197295 1.178736 0.35623199999999999 0.83109100000000002 0.81467999999999996 0 0.36620399999999997 0.36405600000000005 0.35623199999999999 0.092603000000000005 0.091933000000000001 0.089583999999999997 0.22625000000000003 0.22480200000000006 0.22008199999999994 0.0058900000000000003 0.0064470000000000005 0.0063040000000000006 0.0013839999999999998 0.0014280000000000002 0.001474 57.70029126164404 57.70029126164404 57.70029126164404 0.0022986045333847419 0.0022986045333847419 0.0022986045333847419 1 1 1 Converged Converged Converged OK OK OK 122 122 122 122 122 122 6 6 6 0 0 0 0 0 1 0 0
161 161 uniform 3 7 1606 1 0.0001 1 0.00023324131991473804 3.7798488536914e-05 5.503819006695354e-05 0.020687294564216904 5.2080047485803751e-05 0 0.00018110688360134067 58.129217353075731 OK 15 14 0.92606699999999997 0.80000800000000005 0.33376600000000001 0.589557 0.38136700000000001 0 0.33650999999999998 0.41864100000000004 0.33376600000000001 0.088870000000000005 0.090903999999999999 0.086472999999999994 0.21277099999999993 0.29227299999999995 0.21312400000000006 0.005856000000000001 0.0061770000000000011 0.0058449999999999995 0.001338 0.0014350000000000003 0.0014140000000000001 58.129216946689162 58.129216946689162 58.129216946689162 0.0027988315601394343 0.0027988315601394343 0.0027988315601394343 1 1 1 Converged Converged Converged OK OK OK 122 122 122 122 122 122 6 6 6 0 0 0 0 1 0 0 1
161 161 uniform 3 15 1606 2 0.0001 1 0.00023324131991473804 3.7798488536914e-05 5.503819006695354e-05 0.020687294564216904 5.7338967630070043e-05 0 0.00017584796345707437 58.772141872233782 OK 15 14 1.2939020000000001 1.1797139999999999 0.34123100000000001 0.94728299999999999 0.73253000000000001 0 0.34661900000000012 0.44718399999999991 0.34123100000000001 0.089264999999999997 0.094469999999999998 0.086745000000000003 0.222468 0.31740699999999999 0.22054999999999997 0.0059249999999999997 0.0064700000000000001 0.0059750000000000003 0.0013709999999999998 0.0013960000000000001 0.0013440000000000001 58.772141583940851 58.772141583940851 58.772141583940851 0.0040728120801521812 0.0040728120801521812 0.0040728120801521812 1 1 1 Converged Converged Converged OK OK OK 122 122 122 122 122 122 6 6 6 0 0 0 0 1 0 0 1
161 161 uniform 3 23 1606 3 0.0001 1 0.00023324131991473804 3.7798488536914e-05 5.503819006695354e-05 0.020687294564216904 6.2597887774336341e-05 0 0.00017058904331280808 59.769221577923787 OK 15 14 0.94690399999999997 0.85350899999999996 0.364064 0.57829399999999997 0.36685600000000002 0 0.36860999999999999 0.48665299999999995 0.364064 0.091781000000000001 0.091478000000000004 0.085954000000000003 0.23413199999999998 0.35081499999999999 0.237876 0.008071 0.0074469999999999996 0.0067889999999999999 0.001609 0.0014220000000000001 0.0013729999999999999 59.769222490722406 59.769222490722406 59.769222490722406 0.0059421833454231174 0.0059421833454231174 0.0059421833454231174 1 1 1 Converged Converged Converged OK OK OK 130 130 130 130 130 130 6 6 6 0 0 0 0 1 0 0 1
161 161 uniform 4 0 1607 0 0.001 1 0.00023324131991473804 3.7798488536914e-05 0.00020984988856348412 -0.00023290267639825189 0.00020229019085610131 0 3.0896740231043112e-05 1617.1802702559369 OK 13 12 0.53299300000000005 0.53254400000000002 0.083218 0.448828 0.44925500000000002 0 0.084165000000000045 0.083289000000000002 0.083218 0.010120000000000001 0.010075000000000001 0.0098139999999999998 0.063749 0.063507000000000008 0.063740000000000005 0.001335 0.0013340000000000001 0.0013080000000000001 0.00032700000000000003 0.00032600000000000001 0.00031399999999999999 1617.180292860251 1617.180292860251 1617.180292860251 0.45628056588315496 0.45628056588315496 0.45628056588315496 1 1 1 Converged Converged Converged OK OK OK 29 29 29 29 29 29 3 3 3 0 0 0 0 0 1 0 0
161 161 uniform 4 7 1607 1 0.001 1 0.00023324131991473804 3.7798488536914e-05 0.00020984988856348412 -0.00023290267639825189 0.00020689174598233432 0 2.6295185104810106e-05 1622.7844760298242 OK 13 12 0.59782599999999997 0.44823400000000002 0.082727999999999996 0.51395500000000005 0.34097300000000003 0 0.083870999999999918 0.107261 0.082727999999999996 0.0095329999999999998 0.0096740000000000003 0.0091830000000000002 0.065231999999999998 0.088776999999999995 0.064878000000000005 0.0013129999999999999 0.0013389999999999999 0.0012960000000000001 0.00031199999999999999 0.00031500000000000001 0.00031100000000000002 1622.7845016771653 1622.7845016771653 1622.7845016771653 0.46693732565460189 0.46693732565460189 0.46693732565460189 1 1 1 Converged Converged Converged OK OK OK 29 29 29 29 29 29 3 3 3 0 0 0 0 1 0 0 1
161 161 uniform 4 15 1607 2 0.001 1 0.00023324131991473804 3.7798488536914e-05 0.00020984988856348412 -0.00023290267639825189 0.00021215066612660064 0 2.1036264960543787e-05 1628.5233853455841 OK 13 12 0.68723900000000004 0.54013199999999995 0.085424 0.60060199999999997 0.431089 0 0.086637000000000075 0.10904299999999995 0.085424 0.0096109999999999998 0.0096150000000000003 0.0091540000000000007 0.067869999999999986 0.090446000000000012 0.06755499999999999 0.0014399999999999999 0.0014610000000000001 0.001338 0.00030899999999999998 0.00032700000000000003 0.00032299999999999999 1628.5234190615456 1628.5234190615456 1628.5234190615456 0.47913628782569317 0.47913628782569317 0.47913628782569317 1 1 1 Converged Converged Converged OK OK OK 29 29 29 29 29 29 3 3 3 0 0 0 0 1 0 0 1
161 161 uniform 4 23 1607 3 0.001 1 0.00023324131991473804 3.7798488536914e-05 0.00020984988856348412 -0.00023290267639825189 0.00021740958627086693 0 1.5777344816277495e-05 1633.5384413919592 OK 13 12 0.65564199999999995 0.51298900000000003 0.083438999999999999 0.57084199999999996 0.399308 0 0.084799999999999986 0.11368100000000003 0.083438999999999999 0.0095340000000000008 0.0095409999999999991 0.0090399999999999994 0.066174999999999998 0.095193000000000014 0.065741000000000008 0.001346 0.0013699999999999999 0.0013209999999999999 0.00030999999999999995 0.00033399999999999999 0.000301 1633.5384760433444 1633.5384760433444 1633.5384760433444 0.49131850069903005 0.49131850069903005 0.49131850069903005 1 1 1 Converged Converged Converged OK OK OK 29 29 29 29 29 29 3 3 3 0 0 0 0 1 0 0 1
161 161 uniform 4 0 1607 0 0.0001 1 0.00023324131991473804 3.7798488536914e-05 0.00020984988856348412 -0.00023290267639825189 0.00020229019085610131 0 3.0896740231043112e-05 1617.1802702559369 OK 13 12 0.57724600000000004 0.57357400000000003 0.12398199999999999 0.45241900000000002 0.44887899999999997 0 0.12482700000000002 0.12469500000000006 0.12398199999999999 0.010030000000000001 0.010199 0.0098989999999999998 0.099328 0.099428999999999962 0.099148000000000014 0.0021459999999999999 0.0021219999999999998 0.0021310000000000001 0.000437 0.00045300000000000001 0.00042099999999999999 1617.1802935186327 1617.1802935186327 1617.1802935186327 0.035155965192059428 0.035155965192059428 0.035155965192059428 1 1 1 Converged Converged Converged OK OK OK 45 45 45 45 45 45 3 3 3 0 0 0 0 0 1 0 0
161 161 uniform 4 7 1607 1 0.0001 1 0.00023324131991473804 3.7798488536914e-05 0.00020984988856348412 -0.00023290267639825189 0.00020689174598233432 0 2.6295185104810106e-05 1622.7844760298242 OK 13 12 0.63685400000000003 0.492448 0.12303 0.50958400000000004 0.34125899999999998 0 0.12726999999999999 0.15118900000000002 0.12303 0.0095490000000000002 0.0098549999999999992 0.0090910000000000001 0.10366199999999998 0.12657000000000002 0.10057900000000002 0.002153 0.0028250000000000003 0.0021320000000000002 0.00045100000000000001 0.00048500000000000003 0.00041799999999999997 1622.7845024262122 1622.7845024262122 1622.7845024262122 0.035155968782138163 0.035155968782138163 0.035155968782138163 1 1 1 Converged Converged Converged OK OK OK 45 45 45 45 45 45 3 3 3 0 0 0 0 1 0 0 1
161 161 uniform 4 15 1607 2 0.0001 1 0.00023324131991473804 3.7798488536914e-05 0.00020984988856348412 -0.00023290267639825189 0.00021215066612660064 0 2.1036264960543787e-05 1628.5233853455841 OK 13 12 0.73032300000000006 0.58018899999999995 0.127692 0.60124699999999998 0.42872199999999999 0 0.12907600000000008 0.15146699999999996 0.127692 0.0097269999999999995 0.0096589999999999992 0.0091129999999999996 0.10556000000000001 0.127832 0.10525499999999996 0.002183 0.0022100000000000002 0.0021559999999999999 0.00043100000000000001 0.00042999999999999999 0.000417 1628.5234199192901 1628.5234199192901 1628.5234199192901 0.035155992419768391 0.035155992419768391 0.035155992419768391 1 1 1 Converged Converged Converged OK OK OK 45 45 45 45 45 45 3 3 3 0 0 0 0 1 0 0 1
161 161 uniform 4 23 1607 3 0.0001 1 0.00023324131991473804 3.7798488536914e-05 0.00020984988856348412 -0.00023290267639825189 0.00021740958627086693 0 1.5777344816277495e-05 1633.5384413919592 OK 13 12 0.69731100000000001 0.55789999999999995 0.11974600000000001 0.57514600000000005 0.40046599999999999 0 0.12216499999999997 0.15743399999999996 0.11974600000000001 0.0096860000000000002 0.0095399999999999999 0.0090889999999999999 0.098536000000000012 0.133907 0.09723699999999999 0.0022189999999999996 0.0022920000000000002 0.002173 0.00047999999999999996 0.00047499999999999994 0.00041399999999999998 1633.5384770233081 1633.5384770233081 1633.5384770233081 0.035156019786115281 0.035156019786115281 0.035156019786115281 1 1 1 Converged Converged Converged OK OK OK 45 45 45 45 45 45 3 3 3 0 0 0 0 1 0 0 1
162 162 linear 3 0 1608 0 0.001 1 0.00083255704173407815 3.3784656176640144e-05 -0.10730080536740053 -0.0020784924457416883 -0.10730756229863585 0.5 0.10813942676575006 63.19102483833975 OK 15 14 0.53024899999999997 0.53150699999999995 0.181368 0.349163 0.35317700000000002 0 0.18108599999999997 0.17832999999999993 0.181368 0.014348 0.014508999999999999 0.013846000000000001 0.128999 0.12618699999999999 0.13011499999999998 0.005287 0.0054710000000000002 0.0054139999999999995 0.0010940000000000001 0.0011180000000000001 0.00108 63.190982930568978 63.190982930568978 63.190982930568978 0.014636096500655043 0.014636096500655043 0.014636096500655043 1 1 1 Converged Converged Converged OK OK OK 99 99 99 99 99 99 5 5 5 0 0 0 0 0 1 0 0
162 162 linear 3 7 1608 1 0.001 1 0.00083255704173407815 3.3784656176640144e-05 -0.10730080536740053 -0.0020784924457416883 -0.10730344938397088 0.5 0.10813531385108509 62.836036120235342 OK 15 14 0.52857699999999996 0.54977600000000004 0.174568 0.35276099999999999 0.214338 0 0.17581599999999997 0.33543800000000001 0.174568 0.013561 0.013568999999999999 0.012735 0.13143999999999997 0.29066700000000006 0.128001 0.0052639999999999996 0.0055290000000000001 0.005287 0.001109 0.0010899999999999998 0.0011090000000000002 62.835994711020959 62.835994711020959 62.835994711020959 0.014636117158075666 0.014636117158075666 0.014636117158075666 1 1 1 Converged Converged Converged OK OK OK 99 99 99 99 99 99 5 5 5 0 0 0 0 1 0 0 1
162 162 linear 3 15 1608 2 0.001 1 0.00083255704173407815 3.3784656176640144e-05 -0.10730080536740053 -0.0020784924457416883 -0.10729874891006803 0.5 0.10813061337718224 62.440844516122667 OK 15 14 0.48722599999999999 0.48517399999999999 0.145292 0.33404099999999998 0.20749300000000001 0 0.15318500000000002 0.27768099999999996 0.145292 0.013416000000000001 0.013507999999999999 0.012874999999999999 0.11074600000000004 0.23835100000000001 0.10743400000000003 0.0043830000000000006 0.0045370000000000002 0.0043240000000000006 0.00095700000000000006 0.00092100000000000005 0.00091 62.440803135394795 62.440803135394795 62.440803135394795 0.062342394357569907 0.062342394357569907 0.062342394357569907 1 1 1 Converged Converged Converged OK OK OK 83 83 83 83 83 83 5 5 5 0 0 0 0 1 0 0 1
162 162 linear 3 23 1608 3 0.001 1 0.00083255704173407815 3.3784656176640144e-05 -0.10730080536740053 -0.0020784924457416883 -0.1072940484361652 0.5 0.10812591290327941 62.056262551277342 OK 15 14 0.50234699999999999 0.46566099999999999 0.14591599999999999 0.352719 0.21629999999999999 0 0.14962799999999998 0.249361 0.14591599999999999 0.013485 0.013559999999999999 0.012839 0.110273 0.21026300000000003 0.10783000000000002 0.0044770000000000001 0.0043 0.0043119999999999999 0.00091700000000000006 0.00094400000000000007 0.00093099999999999997 62.056221966758294 62.056221966758294 62.056221966758294 0.062019064064626712 0.062019064064626712 0.062019064064626712 1 1 1 Converged Converged Converged OK OK OK 83 83 83 83 83 83 5 5 5 0 0 0 0 1 0 0 1
162 162 linear 3 0 1608 0 0.0001 1 0.00083255704173407815 3.3784656176640144e-05 -0.10730080536740053 -0.0020784924457416883 -0.10730756229863585 0.5 0.10813942676575006 63.19102483833975 OK 15 14 0.59011199999999997 0.59659099999999998 0.23538700000000001 0.35001100000000002 0.35537800000000003 0 0.24010099999999995 0.24121299999999996 0.23538700000000001 0.014430999999999999 0.015715 0.01389 0.17524799999999999 0.17455200000000001 0.17131200000000013 0.0069359999999999995 0.0069559999999999995 0.0069969999999999997 0.0014040000000000001 0.0013999999999999998 0.001387 63.190982938303975 63.190982938303975 63.190982938303975 0.00042285158642886431 0.00042285158642886431 0.00042285158642886431 1 1 1 Converged Converged Converged OK OK OK 131 131 131 131 131 131 5 5 5 0 0 0 0 0 1 0 0
162 162 linear 3 7 1608 1 0.0001 1 0.00083255704173407815 3.3784656176640144e-05 -0.10730080536740053 -0.0020784924457416883 -0.10730344938397088 0.5 0.10813531385108509 62.836036120235342 OK 15 14 0.58111599999999997 0.65430699999999997 0.22459499999999999 0.35125699999999999 0.21331900000000001 0 0.22985899999999998 0.44098799999999994 0.22459499999999999 0.013442000000000001 0.013547 0.012761 0.17576199999999995 0.38633899999999982 0.17179899999999998 0.0069319999999999998 0.0071469999999999997 0.0069099999999999995 0.001351 0.001354 0.0013650000000000001 62.835994718754336 62.835994718754336 62.835994718754336 0.00042267373210019713 0.00042267373210019713 0.00042267373210019713 1 1 1 Converged Converged Converged OK OK OK 131 131 131 131 131 131 5 5 5 0 0 0 0 1 0 0 1
162 162 linear 3 15 1608 2 0.0001 1 0.00083255704173407815 3.3784656176640144e-05 -0.10730080536740053 -0.0020784924457416883 -0.10729874891006803 0.5 0.10813061337718224 62.440844516122667 OK 15 14 0.56686700000000001 0.65699700000000005 0.22220699999999999 0.33388800000000002 0.20416300000000001 0 0.23297899999999999 0.45283400000000007 0.22220699999999999 0.013932999999999999 0.013568 0.012834 0.17763200000000001 0.39807500000000007 0.16966699999999998 0.0071370000000000001 0.0070559999999999998 0.0067839999999999992 0.0014480000000000001 0.0014009999999999999 0.0013540000000000002 62.440803194424959 62.440803194424959 62.440803194424959 0.00042248867257607111 0.00042248867257607111 0.00042248867257607111 1 1 1 Converged Converged Converged OK OK OK 131 131 131 131 131 131 5 5 5 0 0 0 0 1 0 0 1
162 162 linear 3 23 1608 3 0.0001 1 0.00083255704173407815 3.3784656176640144e-05 -0.10730080536740053 -0.0020784924457416883 -0.1072940484361652 0.5 0.10812591290327941 62.056262551277342 OK 15 14 0.58868699999999996 0.63821899999999998 0.22720699999999999 0.35217700000000002 0.217972 0 0.23650999999999994 0.42024699999999998 0.22720699999999999 0.013457999999999999 0.013582 0.012736000000000001 0.18245099999999995 0.36594999999999989 0.174735 0.0069909999999999998 0.0070309999999999999 0.0068639999999999994 0.0013289999999999999 0.0013439999999999999 0.0013320000000000001 62.056222026122157 62.056222026122157 62.056222026122157 0.00042232133987172286 0.00042232133987172286 0.00042232133987172286 1 1 1 Converged Converged Converged OK OK OK 131 131 131 131 131 131 5 5 5 0 0 0 0 1 0 0 1
162 162 linear 4 0 1609 0 0.001 1 0.00083255704173407815 3.3784656176640144e-05 -0.00025789937774536371 0.040199113427532969 -0.00026465630898069172 0.5 0.0010965207760949057 27.295722867825919 OK 13 12 0.61982700000000002 0.62065000000000003 0.19774700000000001 0.421265 0.42501699999999998 0 0.19856200000000002 0.19563300000000006 0.19774700000000001 0.011023 0.010918000000000001 0.010496999999999999 0.16534599999999997 0.16284099999999993 0.16559099999999999 0.0031470000000000001 0.0031229999999999999 0.0031019999999999997 0.00072999999999999996 0.00071400000000000001 0.00072800000000000002 27.295710440779892 27.295710440779892 27.295710440779892 0.0244721893288503 0.0244721893288503 0.0244721893288503 1 1 1 Converged Converged Converged OK OK OK 61 61 61 61 61 61 3 3 3 0 0 0 0 0 1 0 0
162 162 linear 4 7 1609 1 0.001 1 0.00083255704173407815 3.3784656176640144e-05 -0.00025789937774536371 0.040199113427532969 -0.00026054339431570944 0.5 0.0010924078614299234 27.266485440437965 OK 13 12 0.69115099999999996 0.58101700000000001 0.18660299999999999 0.49955899999999998 0.35726999999999998 0 0.19159199999999998 0.22374700000000003 0.18660299999999999 0.010625000000000001 0.010531 0.010048 0.16105499999999995 0.19386900000000001 0.15773900000000005 0.0033890000000000001 0.0032230000000000002 0.003163 0.00069699999999999992 0.000678 0.00067400000000000001 27.266473613992574 27.266473613992574 27.266473613992574 0.024422740490838993 0.024422740490838993 0.024422740490838993 1 1 1 Converged Converged Converged OK OK OK 61 61 61 61 61 61 3 3 3 0 0 0 0 1 0 0 1
162 162 linear 4 15 1609 2 0.001 1 0.00083255704173407815 3.3784656176640144e-05 -0.00025789937774536371 0.040199113427532969 -0.00025584292041287259 0.5 0.0010877073875270866 27.234152265557288 OK 13 12 0.68352599999999997 0.58615600000000001 0.19381699999999999 0.48542600000000002 0.363757 0 0.19809999999999994 0.22239900000000001 0.19381699999999999 0.010557 0.010567 0.010019999999999999 0.168291 0.19240400000000007 0.16522000000000001 0.0031679999999999998 0.0032290000000000001 0.003078 0.00068399999999999993 0.00072400000000000003 0.00066300000000000007 27.234141076235325 27.234141076235325 27.234141076235325 0.024368068458503714 0.024368068458503714 0.024368068458503714 1 1 1 Converged Converged Converged OK OK OK 61 61 61 61 61 61 3 3 3 0 0 0 0 1 0 0 1
162 162 linear 4 23 1609 3 0.001 1 0.00083255704173407815 3.3784656176640144e-05 -0.00025789937774536371 0.040199113427532969 -0.00025114244651003569 0.5 0.0010830069136242497 27.202911227419392 OK 13 12 0.67423999999999995 0.55439400000000005 0.186255 0.48319000000000001 0.33904899999999999 0 0.19104999999999994 0.21534500000000006 0.186255 0.010546 0.010536999999999999 0.010008 0.16099299999999997 0.18545099999999998 0.15751699999999999 0.0032570000000000003 0.0031960000000000001 0.0030829999999999998 0.00066999999999999991 0.00066500000000000001 0.00065799999999999995 27.202900627837813 27.202900627837813 27.202900627837813 0.02431525307308292 0.02431525307308292 0.02431525307308292 1 1 1 Converged Converged Converged OK OK OK 61 61 61 61 61 61 3 3 3 0 0 0 0 1 0 0 1
162 162 linear 4 0 1609 0 0.0001 1 0.00083255704173407815 3.3784656176640144e-05 -0.00025789937774536371 0.040199113427532969 -0.00026465630898069172 0.5 0.0010965207760949057 27.295722867825919 OK 13 12 0.71096099999999995 0.70356399999999997 0.27618599999999999 0.42110599999999998 0.42630099999999999 0 0.28985499999999997 0.27726299999999998 0.27618599999999999 0.010992999999999999 0.010957 0.010533000000000001 0.24460000000000001 0.23239200000000007 0.231845 0.0048109999999999993 0.0047979999999999993 0.0047619999999999997 0.00094899999999999987 0.00094600000000000001 0.000941 27.295710454339069 27.295710454339069 27.295710454339069 5.7331230772923566e-08 5.7331230772923566e-08 5.7331230772923566e-08 1 1 1 Converged Converged Converged OK OK OK 93 93 93 93 93 93 3 3 3 0 0 0 0 0 1 0 0
162 162 linear 4 7 1609 1 0.0001 1 0.00083255704173407815 3.3784656176640144e-05 -0.00025789937774536371 0.040199113427532969 -0.00026054339431570944 0.5 0.0010924078614299234 27.266485440437965 OK 13 12 0.77034000000000002 0.68898700000000002 0.26045099999999999 0.49857200000000002 0.35630000000000001 0 0.27176800000000001 0.33268700000000001 0.26045099999999999 0.010656000000000001 0.010642 0.0099509999999999998 0.2316 0.29290700000000008 0.22190699999999994 0.0049399999999999991 0.0049369999999999995 0.0048280000000000007 0.00091199999999999994 0.00092000000000000003 0.00088800000000000001 27.266473627462144 27.266473627462144 27.266473627462144 5.6700458751099927e-08 5.6700458751099927e-08 5.6700458751099927e-08 1 1 1 Converged Converged Converged OK OK OK 93 93 93 93 93 93 3 3 3 0 0 0 0 1 0 0 1
162 162 linear 4 15 1609 2 0.0001 1 0.00083255704173407815 3.3784656176640144e-05 -0.00025789937774536371 0.040199113427532969 -0.00025584292041287259 0.5 0.0010877073875270866 27.234152265557288 OK 13 12 0.76536300000000002 0.69240699999999999 0.27901100000000001 0.48653999999999997 0.36071500000000001 0 0.27882300000000004 0.33169199999999999 0.27901100000000001 0.010515999999999999 0.010506 0.0099640000000000006 0.238899 0.29189999999999994 0.24054399999999998 0.0049059999999999998 0.0049109999999999996 0.00481 0.00090600000000000001 0.00091299999999999997 0.00088899999999999992 27.234141089723817 27.234141089723817 27.234141089723817 5.6590952083634159e-08 5.6590952083634159e-08 5.6590952083634159e-08 1 1 1 Converged Converged Converged OK OK OK 93 93 93 93 93 93 3 3 3 0 0 0 0 1 0 0 1
162 162 linear 4 23 1609 3 0.0001 1 0.00083255704173407815 3.3784656176640144e-05 -0.00025789937774536371 0.040199113427532969 -0.00025114244651003569 0.5 0.0010830069136242497 27.202911227419392 OK 13 12 0.76424000000000003 0.66189100000000001 0.27002700000000002 0.487929 0.33239099999999999 0 0.27631100000000003 0.32950000000000002 0.27002700000000002 0.010448000000000001 0.010671 0.010015 0.23661699999999994 0.28955700000000001 0.23145899999999989 0.0048310000000000002 0.0050980000000000001 0.0047670000000000004 0.00088499999999999994 0.00088600000000000007 0.00087599999999999993 27.202900641178388 27.202900641178388 27.202900641178388 5.6122853783873203e-08 5.6122853783873203e-08 5.6122853783873203e-08 1 1 1 Converged Converged Converged OK OK OK 93 93 93 93 93 93 3 3 3 0 0 0 0 1 0 0 1
162 162 uniform 3 0 1610 0 0.001 1 0.00083255704173407815 3.3784656176640144e-05 -0.10730080536740053 -0.0020784924457416883 -0.10730756229863585 0 0.10813942676575006 63.556561556678503 OK 15 14 0.459648 0.45533299999999999 0.10596700000000001 0.352325 0.348468 0 0.107323 0.10686499999999999 0.10596700000000001 0.014342000000000001 0.014337000000000001 0.013860000000000001 0.067872999999999989 0.067928999999999976 0.067523 0.0032290000000000001 0.0031869999999999997 0.0031340000000000001 0.00077300000000000003 0.00073800000000000005 0.00073400000000000006 63.556559005692577 63.556559005692577 63.556559005692577 0.045637423538267059 0.045637423538267059 0.045637423538267059 1 1 1 Converged Converged Converged OK OK OK 67 67 67 67 67 67 5 5 5 0 0 0 0 0 1 0 0
162 162 uniform 3 7 1610 1 0.001 1 0.00083255704173407815 3.3784656176640144e-05 -0.10730080536740053 -0.0020784924457416883 -0.10730344938397088 0 0.10813531385108509 63.188452327510603 OK 15 14 0.45295200000000002 0.428564 0.10198400000000001 0.34917900000000002 0.22031200000000001 0 0.103773 0.20825199999999999 0.10198400000000001 0.013592999999999999 0.013592 0.012758 0.06976099999999999 0.17390499999999998 0.06940399999999998 0.0031970000000000002 0.0033539999999999998 0.00316 0.00078299999999999995 0.00076999999999999996 0.00073099999999999988 63.188449853568478 63.188449853568478 63.188449853568478 0.044708341019933547 0.044708341019933547 0.044708341019933547 1 1 1 Converged Converged Converged OK OK OK 67 67 67 67 67 67 5 5 5 0 0 0 0 1 0 0 1
162 162 uniform 3 15 1610 2 0.001 1 0.00083255704173407815 3.3784656176640144e-05 -0.10730080536740053 -0.0020784924457416883 -0.10729874891006803 0 0.10813061337718224 62.779167083904781 OK 15 14 0.44058999999999998 0.41922500000000001 0.100786 0.33230199999999999 0.205067 0 0.108288 0.21415800000000002 0.100786 0.013462999999999999 0.013671000000000001 0.012708000000000001 0.074460000000000012 0.17969699999999997 0.068294999999999995 0.0032550000000000001 0.0033430000000000001 0.0031679999999999998 0.00076899999999999994 0.00077300000000000003 0.00073799999999999994 62.779164691830097 62.779164691830097 62.779164691830097 0.043698574902229947 0.043698574902229947 0.043698574902229947 1 1 1 Converged Converged Converged OK OK OK 67 67 67 67 67 67 5 5 5 0 0 0 0 1 0 0 1
162 162 uniform 3 23 1610 3 0.001 1 0.00083255704173407815 3.3784656176640144e-05 -0.10730080536740053 -0.0020784924457416883 -0.1072940484361652 0 0.10812591290327941 62.38137018052543 OK 15 14 0.45746799999999999 0.40558499999999997 0.10138 0.35017900000000002 0.215005 0 0.10728899999999997 0.19057999999999997 0.10138 0.013435000000000001 0.013509 0.012697 0.072972000000000037 0.15090899999999993 0.069029000000000021 0.0032589999999999997 0.0091330000000000005 0.0031419999999999998 0.00079599999999999994 0.0007310000000000001 0.00073499999999999998 62.381367863769491 62.381367863769491 62.381367863769491 0.042739902005114044 0.042739902005114044 0.042739902005114044 1 1 1 Converged Converged Converged OK OK OK 67 67 67 67 67 67 5 5 5 0 0 0 0 1 0 0 1
162 162 uniform 3 0 1610 0 0.0001 1 0.00083255704173407815 3.3784656176640144e-05 -0.10730080536740053 -0.0020784924457416883 -0.10730756229863585 0 0.10813942676575006 63.556561556678503 OK 15 14 0.50440300000000005 0.50444500000000003 0.15227499999999999 0.34620699999999999 0.35116000000000003 0 0.15819600000000006 0.153285 0.15227499999999999 0.014121999999999999 0.014334 0.013816 0.10177199999999997 0.10210700000000003 0.10163700000000002 0.0048830000000000002 0.0048599999999999997 0.005006 0.0010089999999999999 0.0010350000000000001 0.0010190000000000002 63.556558995507146 63.556558995507146 63.556558995507146 0.0033682044747503936 0.0033682044747503936 0.0033682044747503936 1 1 1 Converged Converged Converged OK OK OK 99 99 99 99 99 99 5 5 5 0 0 0 0 0 1 0 0
162 162 uniform 3 7 1610 1 0.0001 1 0.00083255704173407815 3.3784656176640144e-05 -0.10730080536740053 -0.0020784924457416883 -0.10730344938397088 0 0.10813531385108509 63.188452327510603 OK 15 14 0.50025500000000001 0.52829599999999999 0.14563799999999999 0.353188 0.21804599999999999 0 0.147067 0.31025000000000003 0.14563799999999999 0.013533999999999999 0.013523 0.012814000000000001 0.103438 0.26619699999999996 0.10307799999999999 0.0048459999999999996 0.0051069999999999996 0.0048710000000000003 0.0010319999999999999 0.0010189999999999999 0.001016 63.188449843695842 63.188449843695842 63.188449843695842 0.0033682810144709798 0.0033682810144709798 0.0033682810144709798 1 1 1 Converged Converged Converged OK OK OK 99 99 99 99 99 99 5 5 5 0 0 0 0 1 0 0 1
162 162 uniform 3 15 1610 2 0.0001 1 0.00083255704173407815 3.3784656176640144e-05 -0.10730080536740053 -0.0020784924457416883 -0.10729874891006803 0 0.10813061337718224 62.779167083904781 OK 15 14 0.48432700000000001 0.51258499999999996 0.14296300000000001 0.339835 0.20292099999999999 0 0.14449200000000001 0.30966399999999994 0.14296300000000001 0.013559999999999999 0.013565000000000001 0.01278 0.101019 0.2657770000000001 0.10079199999999996 0.0049689999999999995 0.0050790000000000002 0.0048970000000000003 0.001029 0.001026 0.0010060000000000002 62.779164682300838 62.779164682300838 62.779164682300838 0.003368368976169234 0.003368368976169234 0.003368368976169234 1 1 1 Converged Converged Converged OK OK OK 99 99 99 99 99 99 5 5 5 0 0 0 0 1 0 0 1
162 162 uniform 3 23 1610 3 0.0001 1 0.00083255704173407815 3.3784656176640144e-05 -0.10730080536740053 -0.0020784924457416883 -0.1072940484361652 0 0.10812591290327941 62.38137018052543 OK 15 14 0.49982100000000002 0.49225400000000002 0.14494599999999999 0.35305700000000001 0.21458099999999999 0 0.14676400000000001 0.27767300000000006 0.14494599999999999 0.0134 0.013566 0.012789999999999999 0.10324799999999996 0.23381799999999994 0.10269 0.0049650000000000007 0.0049620000000000003 0.0048659999999999997 0.0010139999999999999 0.001008 0.001016 62.381367854622624 62.381367854622624 62.381367854622624 0.0033684574817229181 0.0033684574817229181 0.0033684574817229181 1 1 1 Converged Converged Converged OK OK OK 99 99 99 99 99 99 5 5 5 0 0 0 0 1 0 0 1
162 162 uniform 4 0 1611 0 0.001 1 0.00083255704173407815 3.3784656176640144e-05 -0.00025789937774536371 0.040199113427532969 -0.00026465630898069172 0 0.0010965207760949057 27.296345181915999 OK 13 12 0.54261599999999999 0.59211499999999995 0.12185799999999999 0.41918 0.43248300000000001 0 0.12343599999999999 0.15963199999999994 0.12185799999999999 0.011132 0.011143 0.010728 0.095990000000000006 0.131052 0.095293999999999962 0.0021679999999999998 0.0024199999999999998 0.0021640000000000001 0.00054600000000000004 0.00064500000000000007 0.00054200000000000006 27.296345009900939 27.296345009900939 27.296345009900939 0.0095994579443600507 0.0095994579443600507 0.0095994579443600507 1 1 1 Converged Converged Converged OK OK OK 45 45 45 45 45 45 3 3 3 0 0 0 0 0 1 0 0
162 162 uniform 4 7 1611 1 0.001 1 0.00083255704173407815 3.3784656176640144e-05 -0.00025789937774536371 0.040199113427532969 -0.00026054339431570944 0 0.0010924078614299234 27.267077215145651 OK 13 12 0.61601799999999995 0.50359799999999999 0.11314299999999999 0.49963800000000003 0.35719899999999999 0 0.11637999999999993 0.146399 0.11314299999999999 0.0106 0.010479 0.010068000000000001 0.091405999999999987 0.12200000000000001 0.089654999999999999 0.0022430000000000002 0.0022460000000000002 0.002134 0.00057300000000000005 0.00055199999999999997 0.00052900000000000006 27.267077043540038 27.267077043540038 27.267077043540038 0.0095896242314433659 0.0095896242314433659 0.0095896242314433659 1 1 1 Converged Converged Converged OK OK OK 45 45 45 45 45 45 3 3 3 0 0 0 0 1 0 0 1
162 162 uniform 4 15 1611 2 0.001 1 0.00083255704173407815 3.3784656176640144e-05 -0.00025789937774536371 0.040199113427532969 -0.00025584292041287259 0 0.0010877073875270866 27.234711634317605 OK 13 12 0.603931 0.50164699999999995 0.11915000000000001 0.48319099999999998 0.35492499999999999 0 0.12074000000000001 0.14672199999999996 0.11915000000000001 0.010461 0.010585000000000001 0.0099830000000000006 0.096224000000000018 0.122088 0.095528999999999989 0.0022170000000000002 0.002271 0.0021939999999999998 0.00053499999999999999 0.00055800000000000001 0.00053000000000000009 27.234711462763261 27.234711462763261 27.234711462763261 0.0095787436378302199 0.0095787436378302199 0.0095787436378302199 1 1 1 Converged Converged Converged OK OK OK 45 45 45 45 45 45 3 3 3 0 0 0 0 1 0 0 1
162 162 uniform 4 23 1611 3 0.001 1 0.00083255704173407815 3.3784656176640144e-05 -0.00025789937774536371 0.040199113427532969 -0.00025114244651003569 0 0.0010830069136242497 27.203440607955706 OK 13 12 0.61261299999999996 0.48209200000000002 0.12862199999999999 0.487122 0.33356599999999997 0 0.12549099999999996 0.14852600000000005 0.12862199999999999 0.010407 0.01059 0.0099590000000000008 0.10118000000000002 0.12398300000000001 0.10505 0.002189 0.0022160000000000001 0.0021329999999999999 0.00055600000000000007 0.00055900000000000004 0.00054100000000000003 27.203440436698788 27.203440436698788 27.203440436698788 0.0095682234038973329 0.0095682234038973329 0.0095682234038973329 1 1 1 Converged Converged Converged OK OK OK 45 45 45 45 45 45 3 3 3 0 0 0 0 1 0 0 1
162 162 uniform 4 0 1611 0 0.0001 1 0.00083255704173407815 3.3784656176640144e-05 -0.00025789937774536371 0.040199113427532969 -0.00026465630898069172 0 0.0010965207760949057 27.296345181915999 OK 13 12 0.64190199999999997 0.62560800000000005 0.20497799999999999 0.43220799999999998 0.422624 0 0.20969399999999999 0.20298400000000005 0.20497799999999999 0.01248 0.010843999999999999 0.010344000000000001 0.169068 0.164883 0.16744199999999995 0.0039210000000000009 0.0038560000000000001 0.0037989999999999999 0.00081299999999999992 0.00076300000000000011 0.00077899999999999996 27.296345010084764 27.296345010084764 27.296345010084764 0.00083839718555684273 0.00083839718555684273 0.00083839718555684273 1 1 1 Converged Converged Converged OK OK OK 77 77 77 77 77 77 3 3 3 0 0 0 0 0 1 0 0
162 162 uniform 4 7 1611 1 0.0001 1 0.00083255704173407815 3.3784656176640144e-05 -0.00025789937774536371 0.040199113427532969 -0.00026054339431570944 0 0.0010924078614299234 27.267077215145651 OK 13 12 0.70105300000000004 0.58365800000000001 0.18948400000000001 0.50717900000000005 0.35584399999999999 0 0.19387399999999999 0.22781400000000002 0.18948400000000001 0.010874 0.010555 0.010029 0.15923399999999999 0.19376200000000005 0.15643899999999994 0.0038919999999999996 0.0038439999999999998 0.0038269999999999997 0.00078400000000000008 0.00075299999999999998 0.00074100000000000001 27.267077043627964 27.267077043627964 27.267077043627964 0.00082853009739471497 0.00082853009739471497 0.00082853009739471497 1 1 1 Converged Converged Converged OK OK OK 77 77 77 77 77 77 3 3 3 0 0 0 0 1 0 0 1
162 162 uniform 4 15 1611 2 0.0001 1 0.00083255704173407815 3.3784656176640144e-05 -0.00025789937774536371 0.040199113427532969 -0.00025584292041287259 0 0.0010877073875270866 27.234711634317605 OK 13 12 0.68732099999999996 0.58680500000000002 0.20166500000000001 0.483684 0.35679 0 0.20363699999999996 0.23001500000000002 0.20166500000000001 0.010465 0.010507000000000001 0.0099270000000000001 0.16903100000000001 0.19585700000000006 0.16865800000000006 0.0040359999999999997 0.003888 0.0037829999999999999 0.00074700000000000005 0.00078200000000000014 0.0007400000000000001 27.234711462937408 27.234711462937408 27.234711462937408 0.00081761094905020927 0.00081761094905020927 0.00081761094905020927 1 1 1 Converged Converged Converged OK OK OK 77 77 77 77 77 77 3 3 3 0 0 0 0 1 0 0 1
162 162 uniform 4 23 1611 3 0.0001 1 0.00083255704173407815 3.3784656176640144e-05 -0.00025789937774536371 0.040199113427532969 -0.00025114244651003569 0 0.0010830069136242497 27.203440607955706 OK 13 12 0.68234799999999995 0.55573300000000003 0.19536300000000001 0.48547899999999999 0.33151900000000001 0 0.19686899999999996 0.22421400000000002 0.19536300000000001 0.010473 0.010578000000000001 0.0099600000000000001 0.16283100000000006 0.19022799999999995 0.16254399999999999 0.0038000000000000004 0.0038699999999999997 0.0037140000000000003 0.00076899999999999994 0.00075500000000000003 0.00073600000000000011 27.203440436829972 27.203440436829972 27.203440436829972 0.00080705269654336546 0.00080705269654336546 0.00080705269654336546 1 1 1 Converged Converged Converged OK OK OK 77 77 77 77 77 77 3 3 3 0 0 0 0 1 0 0 1
163 163 linear 3 0 1612 0 0.001 1 0.0056142250937001297 3.1355632105568992e-05 -0.058786706679971018 -0.048272607532825501 -0.05879297780639213 0.5 0.064375859346454886 40.371402711236904 OK 15 14 0.551589 0.54486699999999999 0.201736 0.34312300000000001 0.34020600000000001 0 0.20846599999999998 0.20466099999999998 0.201736 0.015228 0.014947999999999999 0.014657 0.15476799999999991 0.14969800000000008 0.14977199999999999 0.0055480000000000008 0.0051840000000000002 0.0051810000000000007 0.0011709999999999999 0.0010459999999999998 0.0011380000000000001 40.37133234396881 40.37133234396881 40.37133234396881 0.027583151625844834 0.027583151625844834 0.027583151625844834 1 1 1 Converged Converged Converged OK OK OK 99 99 99 99 99 99 5 5 5 0 0 0 0 0 1 0 0
163 163 linear 3 7 1612 1 0.001 1 0.0056142250937001297 3.1355632105568992e-05 -0.058786706679971018 -0.048272607532825501 -0.058789160599005366 0.5 0.064372042139068122 39.643199287511315 OK 15 14 0.51785999999999999 0.58928100000000005 0.20322399999999999 0.30680000000000002 0.18357899999999999 0 0.21105999999999997 0.40570200000000006 0.20322399999999999 0.014160000000000001 0.013993 0.013531 0.16633100000000001 0.36109899999999989 0.15932599999999997 0.0051920000000000004 0.0052360000000000002 0.0052639999999999996 0.00106 0.0010630000000000001 0.001078 39.643129520733559 39.643129520733559 39.643129520733559 0.027584162524897371 0.027584162524897371 0.027584162524897371 1 1 1 Converged Converged Converged OK OK OK 99 99 99 99 99 99 5 5 5 0 0 0 0 1 0 0 1
163 163 linear 3 15 1612 2 0.001 1 0.0056142250937001297 3.1355632105568992e-05 -0.058786706679971018 -0.048272607532825501 -0.058784798076277636 0.5 0.064367679616340392 38.887469951458229 OK 15 14 0.52890499999999996 0.58831699999999998 0.194851 0.32881899999999997 0.194824 0 0.20008599999999999 0.39349299999999998 0.194851 0.014076999999999999 0.014187999999999999 0.013354 0.15532500000000002 0.34775500000000009 0.15154599999999999 0.0051539999999999997 0.0055250000000000004 0.0050289999999999996 0.0011359999999999999 0.0011279999999999999 0.00114 38.887400935326042 38.887400935326042 38.887400935326042 0.027585371695422124 0.027585371695422124 0.027585371695422124 1 1 1 Converged Converged Converged OK OK OK 99 99 99 99 99 99 5 5 5 0 0 0 0 1 0 0 1
163 163 linear 3 23 1612 3 0.001 1 0.0056142250937001297 3.1355632105568992e-05 -0.058786706679971018 -0.048272607532825501 -0.058780435553549906 0.5 0.064363317093612663 38.19960575750175 OK 15 14 0.54854499999999995 0.64079399999999997 0.203847 0.33608199999999999 0.20854500000000001 0 0.21246299999999996 0.43224899999999999 0.203847 0.017427000000000002 0.014089000000000001 0.013375 0.16465299999999991 0.38738799999999995 0.16043200000000005 0.0051229999999999999 0.0051159999999999999 0.0051130000000000004 0.0010859999999999999 0.0010819999999999998 0.001077 38.19953725673097 38.19953725673097 38.19953725673097 0.027586623420823742 0.027586623420823742 0.027586623420823742 1 1 1 Converged Converged Converged OK OK OK 99 99 99 99 99 99 5 5 5 0 0 0 0 1 0 0 1
163 163 linear 3 0 1612 0 0.0001 1 0.0056142250937001297 3.1355632105568992e-05 -0.058786706679971018 -0.048272607532825501 -0.05879297780639213 0.5 0.064375859346454886 40.371402711236904 OK 15 14 0.65553099999999997 0.64426899999999998 0.298813 0.350628 0.33987200000000001 0 0.30490299999999998 0.30439699999999997 0.298813 0.01504 0.019564000000000002 0.014368000000000001 0.23479799999999995 0.23010800000000001 0.22997100000000001 0.007273 0.0072949999999999994 0.0072309999999999996 0.0015860000000000002 0.0015789999999999999 0.0015609999999999999 40.371376575747021 40.371376575747021 40.371376575747021 9.1258788407382022e-05 9.1258788407382022e-05 9.1258788407382022e-05 1 1 1 Converged Converged Converged OK OK OK 139 139 139 139 139 139 5 5 5 0 0 0 0 0 1 0 0
163 163 linear 3 7 1612 1 0.0001 1 0.0056142250937001297 3.1355632105568992e-05 -0.058786706679971018 -0.048272607532825501 -0.058789160599005366 0.5 0.064372042139068122 39.643199287511315 OK 15 14 0.60700799999999999 0.72433999999999998 0.29681099999999999 0.30734400000000001 0.18337300000000001 0 0.29966399999999999 0.54096699999999998 0.29681099999999999 0.014115000000000001 0.014019 0.013351999999999999 0.24263700000000007 0.48349900000000023 0.24069600000000002 0.0073610000000000004 0.0075480000000000009 0.0073680000000000013 0.0014789999999999998 0.0014769999999999998 0.0014449999999999997 39.643173755247346 39.643173755247346 39.643173755247346 9.1002892852967999e-05 9.1002892852967999e-05 9.1002892852967999e-05 1 1 1 Converged Converged Converged OK OK OK 139 139 139 139 139 139 5 5 5 0 0 0 0 1 0 0 1
163 163 linear 3 15 1612 2 0.0001 1 0.0056142250937001297 3.1355632105568992e-05 -0.058786706679971018 -0.048272607532825501 -0.058784798076277636 0.5 0.064367679616340392 38.887469951458229 OK 15 14 0.61421999999999999 0.717441 0.27847499999999997 0.32491900000000001 0.19265099999999999 0 0.28930099999999997 0.52478999999999998 0.27847499999999997 0.014130999999999999 0.014158 0.013467 0.23223699999999986 0.46695999999999999 0.22270699999999985 0.0071699999999999993 0.0075199999999999998 0.007162 0.0015839999999999999 0.001665 0.0015299999999999999 38.887445172927677 38.887445172927677 38.887445172927677 9.0764320957141873e-05 9.0764320957141873e-05 9.0764320957141873e-05 1 1 1 Converged Converged Converged OK OK OK 139 139 139 139 139 139 5 5 5 0 0 0 0 1 0 0 1
163 163 linear 3 23 1612 3 0.0001 1 0.0056142250937001297 3.1355632105568992e-05 -0.058786706679971018 -0.048272607532825501 -0.058780435553549906 0.5 0.064363317093612663 38.19960575750175 OK 15 14 0.63612400000000002 0.77183900000000005 0.298261 0.33604800000000001 0.206624 0 0.30007600000000001 0.56521500000000002 0.298261 0.014201999999999999 0.013995 0.014729000000000001 0.24245299999999997 0.50768599999999975 0.2411559999999999 0.0074950000000000008 0.0074929999999999997 0.007228 0.0015900000000000001 0.0015450000000000001 0.001542 38.199581497565525 38.199581497565525 38.199581497565525 9.0568282505536465e-05 9.0568282505536465e-05 9.0568282505536465e-05 1 1 1 Converged Converged Converged OK OK OK 139 139 139 139 139 139 5 5 5 0 0 0 0 1 0 0 1
163 163 linear 4 0 1613 0 0.001 1 0.0056142250937001297 3.1355632105568992e-05 -0.01173323685127786 0.085056678206135328 -0.011739507977698974 0.5 0.01732238951776173 11.693572420277858 OK 13 12 0.52226600000000001 0.514679 0.17394899999999999 0.33820099999999997 0.33965800000000002 0 0.18406500000000003 0.17502099999999998 0.17394899999999999 0.010204 0.010073 0.0095750000000000002 0.14631899999999998 0.14310000000000003 0.14275100000000002 0.0032520000000000001 0.0032060000000000005 0.0031649999999999998 0.00074600000000000003 0.00072800000000000013 0.00070799999999999997 11.693572315965238 11.693572315965238 11.693572315965238 0.0095194557368201357 0.0095194557368201357 0.0095194557368201357 1 1 1 Converged Converged Converged OK OK OK 61 61 61 61 61 61 3 3 3 0 0 0 0 0 1 0 0
163 163 linear 4 7 1613 1 0.001 1 0.0056142250937001297 3.1355632105568992e-05 -0.01173323685127786 0.085056678206135328 -0.011735690770312208 0.5 0.017318572310374963 11.693720255954284 OK 13 12 0.50994499999999998 0.39660299999999998 0.16450899999999999 0.33622299999999999 0.196766 0 0.17372199999999999 0.19983699999999999 0.16450899999999999 0.0093139999999999994 0.0093469999999999994 0.0088800000000000007 0.14510300000000001 0.17159200000000005 0.13712600000000003 0.0031989999999999996 0.0030929999999999998 0.0030029999999999996 0.00068800000000000003 0.00069499999999999998 0.00066200000000000005 11.693720151699052 11.693720151699052 11.693720151699052 0.0095196103944117389 0.0095196103944117389 0.0095196103944117389 1 1 1 Converged Converged Converged OK OK OK 61 61 61 61 61 61 3 3 3 0 0 0 0 1 0 0 1
163 163 linear 4 15 1613 2 0.001 1 0.0056142250937001297 3.1355632105568992e-05 -0.01173323685127786 0.085056678206135328 -0.011731328247584478 0.5 0.017314209787647233 11.693889198750943 OK 13 12 0.47530299999999998 0.37582100000000002 0.16386600000000001 0.30640200000000001 0.17272899999999999 0 0.16890099999999997 0.20309200000000002 0.16386600000000001 0.0093299999999999998 0.0093690000000000006 0.0088409999999999999 0.14039099999999996 0.17485300000000004 0.1365900000000001 0.003117 0.0031009999999999996 0.0030470000000000002 0.00067400000000000001 0.00069099999999999999 0.00066399999999999999 11.693889094431514 11.693889094431514 11.693889094431514 0.009519786676055195 0.009519786676055195 0.009519786676055195 1 1 1 Converged Converged Converged OK OK OK 61 61 61 61 61 61 3 3 3 0 0 0 0 1 0 0 1
163 163 linear 4 23 1613 3 0.001 1 0.0056142250937001297 3.1355632105568992e-05 -0.01173323685127786 0.085056678206135328 -0.011726965724856746 0.5 0.017309847264919499 11.694058128354412 OK 13 12 0.49227900000000002 0.38821699999999998 0.16602 0.32202399999999998 0.187033 0 0.17025500000000005 0.20118399999999997 0.16602 0.0094269999999999996 0.0094350000000000007 0.0089409999999999993 0.14155900000000002 0.16911899999999994 0.13849700000000001 0.003163 0.0031700000000000001 0.003045 0.00066599999999999993 0.00070999999999999991 0.00066600000000000003 11.694058024095531 11.694058024095531 11.694058024095531 0.009519962984383866 0.009519962984383866 0.009519962984383866 1 1 1 Converged Converged Converged OK OK OK 61 61 61 61 61 61 3 3 3 0 0 0 0 1 0 0 1
163 163 linear 4 0 1613 0 0.0001 1 0.0056142250937001297 3.1355632105568992e-05 -0.01173323685127786 0.085056678206135328 -0.011739507977698974 0.5 0.01732238951776173 11.693572420277858 OK 13 12 0.56128199999999995 0.55862400000000001 0.215534 0.33711600000000003 0.34150999999999998 0 0.22416599999999992 0.21711400000000003 0.215534 0.010212000000000001 0.010232 0.0096340000000000002 0.18266299999999999 0.17877800000000005 0.17817200000000005 0.0040980000000000001 0.0041240000000000001 0.0039459999999999999 0.00085300000000000003 0.00084200000000000008 0.00081300000000000003 11.693572320998097 11.693572320998097 11.693572320998097 0.0003397606561481325 0.0003397606561481325 0.0003397606561481325 1 1 1 Converged Converged Converged OK OK OK 77 77 77 77 77 77 3 3 3 0 0 0 0 0 1 0 0
163 163 linear 4 7 1613 1 0.0001 1 0.0056142250937001297 3.1355632105568992e-05 -0.01173323685127786 0.085056678206135328 -0.011735690770312208 0.5 0.017318572310374963 11.693720255954284 OK 13 12 0.54715499999999995 0.43282599999999999 0.20827599999999999 0.33626400000000001 0.19312099999999999 0 0.21089099999999994 0.239705 0.20827599999999999 0.0093419999999999996 0.0094260000000000004 0.0088310000000000003 0.17742000000000005 0.20616000000000007 0.17577699999999993 0.0039120000000000005 0.0040540000000000003 0.0039560000000000003 0.00084000000000000003 0.00082900000000000009 0.00080500000000000005 11.693720156726449 11.693720156726449 11.693720156726449 0.00033981410337709488 0.00033981410337709488 0.00033981410337709488 1 1 1 Converged Converged Converged OK OK OK 77 77 77 77 77 77 3 3 3 0 0 0 0 1 0 0 1
163 163 linear 4 15 1613 2 0.0001 1 0.0056142250937001297 3.1355632105568992e-05 -0.01173323685127786 0.085056678206135328 -0.011731328247584478 0.5 0.017314209787647233 11.693889198750943 OK 13 12 0.52650699999999995 0.425506 0.21063799999999999 0.309448 0.17660300000000001 0 0.21705899999999995 0.24890299999999999 0.21063799999999999 0.0093939999999999996 0.0094420000000000007 0.0089320000000000007 0.18323599999999998 0.21559499999999998 0.17823100000000006 0.003947 0.0039560000000000003 0.0038339999999999997 0.00083300000000000008 0.00080400000000000003 0.00079899999999999991 11.693889099483599 11.693889099483599 11.693889099483599 0.000339875149185442 0.000339875149185442 0.000339875149185442 1 1 1 Converged Converged Converged OK OK OK 77 77 77 77 77 77 3 3 3 0 0 0 0 1 0 0 1
163 163 linear 4 23 1613 3 0.0001 1 0.0056142250937001297 3.1355632105568992e-05 -0.01173323685127786 0.085056678206135328 -0.011726965724856746 0.5 0.017309847264919499 11.694058128354412 OK 13 12 0.54150399999999999 0.42974299999999999 0.212695 0.32322000000000001 0.186692 0 0.21828399999999998 0.24305099999999999 0.212695 0.0093089999999999996 0.0094359999999999999 0.0089280000000000002 0.184582 0.20986799999999997 0.18028399999999994 0.0040210000000000003 0.0039410000000000001 0.0039490000000000003 0.00078600000000000013 0.00078799999999999996 0.00080000000000000015 11.694058029043727 11.694058029043727 11.694058029043727 0.0003399359035911968 0.0003399359035911968 0.0003399359035911968 1 1 1 Converged Converged Converged OK OK OK 77 77 77 77 77 77 3 3 3 0 0 0 0 1 0 0 1
163 163 uniform 3 0 1614 0 0.001 1 0.0056142250937001297 3.1355632105568992e-05 -0.058786706679971018 -0.048272607532825501 -0.05879297780639213 0 0.064375859346454886 40.5351837883534 OK 15 14 0.46562399999999998 0.46538800000000002 0.120481 0.34306700000000001 0.343945 0 0.12255699999999997 0.12144300000000002 0.120481 0.015221999999999999 0.014914999999999999 0.01438 0.082598999999999992 0.082249000000000003 0.081565999999999986 0.003287 0.003212 0.0032629999999999998 0.00077799999999999994 0.00077499999999999997 0.00073900000000000007 40.535173715734928 40.535173715734928 40.535173715734928 0.03144624131592632 0.03144624131592632 0.03144624131592632 1 1 1 Converged Converged Converged OK OK OK 67 67 67 67 67 67 5 5 5 0 0 0 0 0 1 0 0
163 163 uniform 3 7 1614 1 0.001 1 0.0056142250937001297 3.1355632105568992e-05 -0.058786706679971018 -0.048272607532825501 -0.058789160599005366 0 0.064372042139068122 39.785265209979954 OK 15 14 0.42809599999999998 0.41992600000000002 0.121835 0.30491400000000002 0.18214900000000001 0 0.12318199999999996 0.23777700000000002 0.121835 0.014147 0.014068000000000001 0.013413 0.088824999999999973 0.20292999999999992 0.088285999999999976 0.0031880000000000007 0.0033010000000000001 0.003199 0.00074200000000000004 0.00073799999999999994 0.00075100000000000004 39.785255258666389 39.785255258666389 39.785255258666389 0.029763982216219342 0.029763982216219342 0.029763982216219342 1 1 1 Converged Converged Converged OK OK OK 67 67 67 67 67 67 5 5 5 0 0 0 0 1 0 0 1
163 163 uniform 3 15 1614 2 0.001 1 0.0056142250937001297 3.1355632105568992e-05 -0.058786706679971018 -0.048272607532825501 -0.058784798076277636 0 0.064367679616340392 39.009753475292165 OK 15 14 0.44662200000000002 0.42087799999999997 0.116614 0.32773099999999999 0.194104 0 0.11889100000000002 0.22677399999999998 0.116614 0.014033 0.014050999999999999 0.013327 0.084378999999999982 0.18825700000000001 0.083355000000000012 0.0031950000000000004 0.0032890000000000003 0.0031300000000000004 0.000776 0.00083700000000000007 0.00076999999999999996 39.009743616550118 39.009743616550118 39.009743616550118 0.028161047753456302 0.028161047753456302 0.028161047753456302 1 1 1 Converged Converged Converged OK OK OK 67 67 67 67 67 67 5 5 5 0 0 0 0 1 0 0 1
163 163 uniform 3 23 1614 3 0.001 1 0.0056142250937001297 3.1355632105568992e-05 -0.058786706679971018 -0.048272607532825501 -0.058780435553549906 0 0.064363317093612663 38.306034731467754 OK 15 14 0.46061800000000003 0.47032800000000002 0.124309 0.334426 0.20852899999999999 0 0.12619200000000003 0.261799 0.124309 0.013837 0.014055 0.013280999999999999 0.091963000000000003 0.22712100000000005 0.090978999999999963 0.0032360000000000002 0.0033499999999999997 0.0031870000000000002 0.00076399999999999981 0.00076800000000000002 0.00077700000000000002 38.306024943986351 38.306024943986351 38.306024943986351 0.026816242456990342 0.026816242456990342 0.026816242456990342 1 1 1 Converged Converged Converged OK OK OK 67 67 67 67 67 67 5 5 5 0 0 0 0 1 0 0 1
163 163 uniform 3 0 1614 0 0.0001 1 0.0056142250937001297 3.1355632105568992e-05 -0.058786706679971018 -0.048272607532825501 -0.05879297780639213 0 0.064375859346454886 40.5351837883534 OK 15 14 0.55118800000000001 0.55035400000000001 0.205035 0.34146700000000002 0.34334700000000001 0 0.20972099999999999 0.207007 0.205035 0.014815999999999999 0.015041000000000001 0.014519000000000001 0.14709400000000006 0.14405700000000007 0.14315600000000001 0.0062359999999999994 0.0063079999999999994 0.0063 0.0013110000000000001 0.0013540000000000002 0.0013649999999999999 40.535182928993834 40.535182928993834 40.535182928993834 0.0020763272087577023 0.0020763272087577023 0.0020763272087577023 1 1 1 Converged Converged Converged OK OK OK 123 123 123 123 123 123 5 5 5 0 0 0 0 0 1 0 0
163 163 uniform 3 7 1614 1 0.0001 1 0.0056142250937001297 3.1355632105568992e-05 -0.058786706679971018 -0.048272607532825501 -0.058789160599005366 0 0.064372042139068122 39.785265209979954 OK 15 14 0.50890100000000005 0.62845799999999996 0.202932 0.304201 0.18495 0 0.20470000000000005 0.44350799999999996 0.202932 0.014141000000000001 0.014144 0.013417999999999999 0.15320600000000001 0.39092499999999997 0.15223999999999993 0.0061140000000000005 0.0063499999999999989 0.0061520000000000004 0.001255 0.0013030000000000001 0.0013489999999999997 39.785264473767214 39.785264473767214 39.785264473767214 0.0020764083610298012 0.0020764083610298012 0.0020764083610298012 1 1 1 Converged Converged Converged OK OK OK 123 123 123 123 123 123 5 5 5 0 0 0 0 1 0 0 1
163 163 uniform 3 15 1614 2 0.0001 1 0.0056142250937001297 3.1355632105568992e-05 -0.058786706679971018 -0.048272607532825501 -0.058784798076277636 0 0.064367679616340392 39.009753475292165 OK 15 14 0.52603299999999997 0.62629800000000002 0.19379099999999999 0.32408599999999999 0.19536400000000001 0 0.20194699999999999 0.43093400000000004 0.19379099999999999 0.014047 0.014087000000000001 0.013513000000000001 0.15005400000000005 0.37493400000000021 0.1434099999999999 0.0062810000000000001 0.0064069999999999995 0.0060890000000000007 0.001354 0.0013700000000000001 0.0013540000000000002 39.009752833236448 39.009752833236448 39.009752833236448 0.0020765030567903952 0.0020765030567903952 0.0020765030567903952 1 1 1 Converged Converged Converged OK OK OK 123 123 123 123 123 123 5 5 5 0 0 0 0 1 0 0 1
163 163 uniform 3 23 1614 3 0.0001 1 0.0056142250937001297 3.1355632105568992e-05 -0.058786706679971018 -0.048272607532825501 -0.058780435553549906 0 0.064363317093612663 38.306034731467754 OK 15 14 0.54628399999999999 0.67201500000000003 0.20361199999999999 0.34057100000000001 0.20838999999999999 0 0.20571299999999998 0.46362500000000006 0.20361199999999999 0.013917000000000001 0.014088 0.013336000000000001 0.15389899999999998 0.4111530000000001 0.15331600000000001 0.0064580000000000002 0.0064250000000000002 0.0062239999999999995 0.0013659999999999998 0.001387 0.0013389999999999999 38.306034161997196 38.306034161997196 38.306034161997196 0.0020765988088939846 0.0020765988088939846 0.0020765988088939846 1 1 1 Converged Converged Converged OK OK OK 123 123 123 123 123 123 5 5 5 0 0 0 0 1 0 0 1
163 163 uniform 4 0 1615 0 0.001 1 0.0056142250937001297 3.1355632105568992e-05 -0.01173323685127786 0.085056678206135328 -0.011739507977698974 0 0.01732238951776173 11.693572420274661 OK 13 12 0.44065900000000002 0.44234600000000002 0.100601 0.33932099999999998 0.33642699999999998 0 0.10133800000000004 0.10591900000000004 0.100601 0.0097990000000000004 0.0099209999999999993 0.0096600000000000002 0.075667999999999999 0.080197999999999978 0.075268000000000015 0.0022389999999999997 0.002258 0.0021670000000000001 0.00053899999999999998 0.00056099999999999998 0.000553 11.69357234395013 11.69357234395013 11.69357234395013 0.0041183122441146545 0.0041183122441146545 0.0041183122441146545 1 1 1 Converged Converged Converged OK OK OK 45 45 45 45 45 45 3 3 3 0 0 0 0 0 1 0 0
163 163 uniform 4 7 1615 1 0.001 1 0.0056142250937001297 3.1355632105568992e-05 -0.01173323685127786 0.085056678206135328 -0.011735690770312208 0 0.017318572310374963 11.693720255953401 OK 13 12 0.43757099999999999 0.32085399999999997 0.097348000000000004 0.33888000000000001 0.19089900000000001 0 0.098690999999999973 0.12995499999999996 0.097348000000000004 0.009306 0.0092960000000000004 0.0088140000000000007 0.075323999999999988 0.10676099999999999 0.074956999999999996 0.0022060000000000001 0.0021979999999999999 0.002202 0.00055800000000000001 0.00055600000000000007 0.00053200000000000003 11.693720179675964 11.693720179675964 11.693720179675964 0.0041183645220233597 0.0041183645220233597 0.0041183645220233597 1 1 1 Converged Converged Converged OK OK OK 45 45 45 45 45 45 3 3 3 0 0 0 0 1 0 0 1
163 163 uniform 4 15 1615 2 0.001 1 0.0056142250937001297 3.1355632105568992e-05 -0.01173323685127786 0.085056678206135328 -0.011731328247584478 0 0.017314209787647233 11.693889198741765 OK 13 12 0.40748299999999998 0.30607000000000001 0.097752000000000006 0.30839299999999997 0.17377100000000001 0 0.099090000000000011 0.132299 0.097752000000000006 0.0094240000000000001 0.0093449999999999991 0.0088620000000000001 0.075771000000000005 0.10909900000000002 0.075379999999999989 0.0021770000000000001 0.0022130000000000001 0.0021700000000000001 0.00054600000000000004 0.00054200000000000006 0.00053200000000000003 11.693889122422146 11.693889122422146 11.693889122422146 0.0041184239786642369 0.0041184239786642369 0.0041184239786642369 1 1 1 Converged Converged Converged OK OK OK 45 45 45 45 45 45 3 3 3 0 0 0 0 1 0 0 1
163 163 uniform 4 23 1615 3 0.001 1 0.0056142250937001297 3.1355632105568992e-05 -0.01173323685127786 0.085056678206135328 -0.011726965724856746 0 0.017309847264919499 11.69405812837031 OK 13 12 0.42000500000000002 0.31903900000000002 0.098455000000000001 0.320299 0.18738099999999999 0 0.099706000000000017 0.13165800000000003 0.098455000000000001 0.0093620000000000005 0.0093790000000000002 0.0089510000000000006 0.076499000000000025 0.10838200000000002 0.076152999999999998 0.00216 0.0022189999999999996 0.0021540000000000001 0.00054600000000000004 0.00054900000000000012 0.00053400000000000008 11.694058052082987 11.694058052082987 11.694058052082987 0.0041184834724051229 0.0041184834724051229 0.0041184834724051229 1 1 1 Converged Converged Converged OK OK OK 45 45 45 45 45 45 3 3 3 0 0 0 0 1 0 0 1
163 163 uniform 4 0 1615 0 0.0001 1 0.0056142250937001297 3.1355632105568992e-05 -0.01173323685127786 0.085056678206135328 -0.011739507977698974 0 0.01732238951776173 11.693572420274661 OK 13 12 0.51069900000000001 0.50731899999999996 0.173067 0.33727600000000002 0.33669700000000002 0 0.17342299999999999 0.17062199999999994 0.173067 0.0099430000000000004 0.010119 0.0096579999999999999 0.13630500000000001 0.133634 0.13634199999999994 0.0038599999999999997 0.003901 0.0038759999999999997 0.00079299999999999987 0.00080900000000000004 0.00077000000000000007 11.693572344049675 11.693572344049675 11.693572344049675 7.0810780606364238e-05 7.0810780606364238e-05 7.0810780606364238e-05 1 1 1 Converged Converged Converged OK OK OK 77 77 77 77 77 77 3 3 3 0 0 0 0 0 1 0 0
163 163 uniform 4 7 1615 1 0.0001 1 0.0056142250937001297 3.1355632105568992e-05 -0.01173323685127786 0.085056678206135328 -0.011735690770312208 0 0.017318572310374963 11.693720255953401 OK 13 12 0.49734299999999998 0.38770700000000002 0.15886600000000001 0.33660000000000001 0.19061500000000001 0 0.16074299999999997 0.19709200000000002 0.15886600000000001 0.0093980000000000001 0.0093670000000000003 0.0088330000000000006 0.12742000000000001 0.164161 0.12703900000000001 0.0038609999999999998 0.0039320000000000006 0.0037699999999999999 0.00076499999999999995 0.00079000000000000012 0.00075699999999999986 11.693720179787464 11.693720179787464 11.693720179787464 7.0821954078501091e-05 7.0821954078501091e-05 7.0821954078501091e-05 1 1 1 Converged Converged Converged OK OK OK 77 77 77 77 77 77 3 3 3 0 0 0 0 1 0 0 1
163 163 uniform 4 15 1615 2 0.0001 1 0.0056142250937001297 3.1355632105568992e-05 -0.01173323685127786 0.085056678206135328 -0.011731328247584478 0 0.017314209787647233 11.693889198741765 OK 13 12 0.47195700000000002 0.37523299999999998 0.163885 0.30658800000000003 0.17307600000000001 0 0.16536899999999999 0.20215699999999998 0.163885 0.0093460000000000001 0.0092619999999999994 0.0088100000000000001 0.13261599999999996 0.16947199999999996 0.13212999999999997 0.0038130000000000004 0.0038929999999999998 0.0037829999999999999 0.00080199999999999998 0.00077099999999999998 0.00075599999999999994 11.69388912255034 11.69388912255034 11.69388912255034 7.0834707132509509e-05 7.0834707132509509e-05 7.0834707132509509e-05 1 1 1 Converged Converged Converged OK OK OK 77 77 77 77 77 77 3 3 3 0 0 0 0 1 0 0 1
163 163 uniform 4 23 1615 3 0.0001 1 0.0056142250937001297 3.1355632105568992e-05 -0.01173323685127786 0.085056678206135328 -0.011726965724856746 0 0.017309847264919499 11.69405812837031 OK 13 12 0.48965399999999998 0.38934299999999999 0.16603699999999999 0.32183400000000001 0.18589900000000001 0 0.16781999999999997 0.20344399999999999 0.16603699999999999 0.0092870000000000001 0.0094479999999999998 0.0088800000000000007 0.13503599999999996 0.17047999999999994 0.13412500000000002 0.0038609999999999998 0.0038380000000000003 0.0037679999999999996 0.00077700000000000013 0.00077200000000000012 0.000767 11.694058052126808 11.694058052126808 11.694058052126808 7.0847288931260219e-05 7.0847288931260219e-05 7.0847288931260219e-05 1 1 1 Converged Converged Converged OK OK OK 77 77 77 77 77 77 3 3 3 0 0 0 0 1 0 0 1
164 164 linear 3 0 1616 0 0.001 1 0.0007175319171069611 7.4598891601986678e-05 0.00066530717808984167 0.00094390300458455621 0.00065038739976944432 0.5 6.6630034443346969e-05 419.58372997613884 OK 13 12 0.65361999999999998 0.65058700000000003 0.116244 0.53059500000000004 0.53320100000000004 0 0.12302499999999994 0.11738599999999999 0.116244 0.010043 0.009972 0.0098809999999999992 0.097317000000000001 0.091917999999999986 0.091393000000000016 0.0022880000000000001 0.002313 0.002196 0.00047600000000000002 0.00050200000000000006 0.00049599999999999991 419.58334440913268 419.58334440913268 419.58334440913268 0.03616132147876689 0.03616132147876689 0.03616132147876689 1 1 1 Converged Converged Converged OK OK OK 45 45 45 45 45 45 3 3 3 0 0 0 0 0 1 0 0
164 164 linear 3 7 1616 1 0.001 1 0.0007175319171069611 7.4598891601986678e-05 0.00066530717808984167 0.00094390300458455621 0.00065946900396446882 0.5 5.7548430248322469e-05 420.16109713683471 OK 13 12 0.67785399999999996 0.59275 0.113708 0.56053600000000003 0.41687800000000003 0 0.11731799999999992 0.17587199999999997 0.113708 0.0091269999999999997 0.0090559999999999998 0.0085120000000000005 0.093926000000000023 0.152945 0.091814999999999994 0.002251 0.0022499999999999998 0.0021410000000000001 0.00044200000000000001 0.00043099999999999996 0.000428 420.16071166964338 420.16071166964338 420.16071166964338 0.036160677385722255 0.036160677385722255 0.036160677385722255 1 1 1 Converged Converged Converged OK OK OK 45 45 45 45 45 45 3 3 3 0 0 0 0 1 0 0 1
164 164 linear 3 15 1616 2 0.001 1 0.0007175319171069611 7.4598891601986678e-05 0.00066530717808984167 0.00094390300458455621 0.00066984798018735392 0.5 4.7169454025437372e-05 420.77732736946234 OK 13 12 0.63601200000000002 0.54542000000000002 0.11419799999999999 0.51796600000000004 0.36130699999999999 0 0.11804599999999998 0.18411300000000003 0.11419799999999999 0.0088749999999999992 0.0090709999999999992 0.0084919999999999995 0.095199999999999993 0.16086900000000004 0.092025999999999983 0.0022829999999999999 0.0024160000000000002 0.0022529999999999998 0.00043600000000000003 0.00046400000000000006 0.00042499999999999998 420.77694216742742 420.77694216742742 420.77694216742742 0.036159944959304011 0.036159944959304011 0.036159944959304011 1 1 1 Converged Converged Converged OK OK OK 45 45 45 45 45 45 3 3 3 0 0 0 0 1 0 0 1
164 164 linear 3 23 1616 3 0.001 1 0.0007175319171069611 7.4598891601986678e-05 0.00066530717808984167 0.00094390300458455621 0.00068022695641023901 0.5 3.6790477802552276e-05 421.34669714155785 OK 13 12 0.64813600000000005 0.56545900000000004 0.11106100000000001 0.53372600000000003 0.38997799999999999 0 0.11441000000000001 0.17548100000000005 0.11106100000000001 0.0090910000000000001 0.0090159999999999997 0.0085260000000000006 0.091196000000000027 0.15255999999999997 0.089050999999999991 0.002235 0.0022820000000000002 0.0021770000000000001 0.00044700000000000002 0.000435 0.00042499999999999998 421.34631068509947 421.34631068509947 421.34631068509947 0.036159217116182342 0.036159217116182342 0.036159217116182342 1 1 1 Converged Converged Converged OK OK OK 45 45 45 45 45 45 3 3 3 0 0 0 0 1 0 0 1
164 164 linear 3 0 1616 0 0.0001 1 0.0007175319171069611 7.4598891601986678e-05 0.00066530717808984167 0.00094390300458455621 0.00065038739976944432 0.5 6.6630034443346969e-05 419.58372997613884 OK 13 12 0.65358499999999997 0.65172600000000003 0.115991 0.535057 0.52993599999999996 0 0.11852799999999997 0.12179000000000006 0.115991 0.0099970000000000007 0.010021 0.0097599999999999996 0.093075999999999978 0.096223999999999976 0.091107000000000049 0.0021840000000000002 0.0023400000000000001 0.0021619999999999999 0.00047999999999999996 0.00048499999999999997 0.00046999999999999999 419.58334440913268 419.58334440913268 419.58334440913268 0.03616132147876689 0.03616132147876689 0.03616132147876689 1 1 1 Converged Converged Converged OK OK OK 45 45 45 45 45 45 3 3 3 0 0 0 0 0 1 0 0
164 164 linear 3 7 1616 1 0.0001 1 0.0007175319171069611 7.4598891601986678e-05 0.00066530717808984167 0.00094390300458455621 0.00065946900396446882 0.5 5.7548430248322469e-05 420.16109713683471 OK 13 12 0.67841799999999997 0.590781 0.113604 0.55776300000000001 0.414406 0 0.12065499999999996 0.176375 0.113604 0.012722000000000001 0.008992 0.0084880000000000008 0.093635000000000024 0.153249 0.091628000000000029 0.0022060000000000001 0.002258 0.0021570000000000001 0.00045300000000000001 0.00044500000000000003 0.00042900000000000002 420.16071166964338 420.16071166964338 420.16071166964338 0.036160677385722255 0.036160677385722255 0.036160677385722255 1 1 1 Converged Converged Converged OK OK OK 45 45 45 45 45 45 3 3 3 0 0 0 0 1 0 0 1
164 164 linear 3 15 1616 2 0.0001 1 0.0007175319171069611 7.4598891601986678e-05 0.00066530717808984167 0.00094390300458455621 0.00066984798018735392 0.5 4.7169454025437372e-05 420.77732736946234 OK 13 12 0.63221000000000005 0.54672699999999996 0.11408 0.51473199999999997 0.36228100000000002 0 0.11747800000000008 0.18444599999999994 0.11408 0.0090100000000000006 0.0091400000000000006 0.0084880000000000008 0.094310000000000047 0.161248 0.092056000000000027 0.0022659999999999998 0.0023389999999999999 0.002238 0.000435 0.00043799999999999997 0.000428 420.77694216742742 420.77694216742742 420.77694216742742 0.036159944959304011 0.036159944959304011 0.036159944959304011 1 1 1 Converged Converged Converged OK OK OK 45 45 45 45 45 45 3 3 3 0 0 0 0 1 0 0 1
164 164 linear 3 23 1616 3 0.0001 1 0.0007175319171069611 7.4598891601986678e-05 0.00066530717808984167 0.00094390300458455621 0.00068022695641023901 0.5 3.6790477802552276e-05 421.34669714155785 OK 13 12 0.63954800000000001 0.56337700000000002 0.110905 0.52440100000000001 0.384411 0 0.115147 0.17896600000000001 0.110905 0.0090749999999999997 0.0090729999999999995 0.0084480000000000006 0.09192599999999998 0.15279100000000001 0.089062000000000002 0.0021930000000000001 0.0022439999999999999 0.0021809999999999998 0.00045200000000000004 0.00043200000000000004 0.00042599999999999995 421.34631068509947 421.34631068509947 421.34631068509947 0.036159217116182342 0.036159217116182342 0.036159217116182342 1 1 1 Converged Converged Converged OK OK OK 45 45 45 45 45 45 3 3 3 0 0 0 0 1 0 0 1
164 164 linear 4 0 1617 0 0.001 1 0.0007175319171069611 7.4598891601986678e-05 0.00078403447153281515 -0.0010451361079736278 0.0007691146932124178 0.5 -5.2097258999626514e-05 388.78404324404164 OK 13 12 0.69723900000000005 0.69027099999999997 0.121901 0.56804600000000005 0.56776300000000002 0 0.129193 0.12250799999999995 0.121901 0.010822 0.0095600000000000008 0.009162 0.10233099999999998 0.097651000000000002 0.09757600000000001 0.0023730000000000001 0.0023189999999999999 0.0022590000000000002 0.00044299999999999998 0.00044299999999999998 0.00043400000000000003 388.78368801730528 388.78368801730528 388.78368801730528 0.03615789794207163 0.03615789794207163 0.03615789794207163 1 1 1 Converged Converged Converged OK OK OK 45 45 45 45 45 45 3 3 3 0 0 0 0 0 1 0 0
164 164 linear 4 7 1617 1 0.001 1 0.0007175319171069611 7.4598891601986678e-05 0.00078403447153281515 -0.0010451361079736278 0.0007781962974074423 0.5 -6.1178863194651014e-05 388.89433905108427 OK 13 12 0.57836299999999996 0.50311499999999998 0.11780599999999999 0.45696700000000001 0.31195099999999998 0 0.12139599999999995 0.191164 0.11780599999999999 0.0086999999999999994 0.0088520000000000005 0.008267 0.098536000000000012 0.16805 0.09601599999999999 0.0022780000000000001 0.0023210000000000001 0.0021640000000000001 0.000455 0.000435 0.00043899999999999999 388.89398540780161 388.89398540780161 388.89398540780161 0.036157295069642902 0.036157295069642902 0.036157295069642902 1 1 1 Converged Converged Converged OK OK OK 45 45 45 45 45 45 3 3 3 0 0 0 0 1 0 0 1
164 164 linear 4 15 1617 2 0.001 1 0.0007175319171069611 7.4598891601986678e-05 0.00078403447153281515 -0.0010451361079736278 0.0007885752736303274 0.5 -7.1557839417536111e-05 388.98637103501164 OK 13 12 0.69135199999999997 0.60140499999999997 0.120002 0.56200300000000003 0.40807399999999999 0 0.12934899999999994 0.19333099999999998 0.120002 0.0090159999999999997 0.0090259999999999993 0.0085070000000000007 0.10595300000000001 0.17006499999999999 0.097903999999999991 0.0022909999999999996 0.002235 0.0022230000000000001 0.00046500000000000003 0.000444 0.000437 388.98601475971981 388.98601475971981 388.98601475971981 0.036156610526619261 0.036156610526619261 0.036156610526619261 1 1 1 Converged Converged Converged OK OK OK 45 45 45 45 45 45 3 3 3 0 0 0 0 1 0 0 1
164 164 linear 4 23 1617 3 0.001 1 0.0007175319171069611 7.4598891601986678e-05 0.00078403447153281515 -0.0010451361079736278 0.0007989542498532125 0.5 -8.1936815640421207e-05 389.04220281524886 OK 13 12 0.67948900000000001 0.60337399999999997 0.117184 0.55840400000000001 0.40883799999999998 0 0.121085 0.19453599999999999 0.117184 0.0090460000000000002 0.0090469999999999995 0.0084759999999999992 0.097857999999999959 0.17126100000000002 0.095259999999999997 0.0022590000000000002 0.0022929999999999999 0.0021910000000000002 0.00043199999999999998 0.00046200000000000001 0.00043399999999999998 389.04184686171851 389.04184686171851 389.04184686171851 0.036155930933732802 0.036155930933732802 0.036155930933732802 1 1 1 Converged Converged Converged OK OK OK 45 45 45 45 45 45 3 3 3 0 0 0 0 1 0 0 1
164 164 linear 4 0 1617 0 0.0001 1 0.0007175319171069611 7.4598891601986678e-05 0.00078403447153281515 -0.0010451361079736278 0.0007691146932124178 0.5 -5.2097258999626514e-05 388.78404324404164 OK 13 12 0.69546200000000002 0.69280600000000003 0.1217 0.570519 0.57031799999999999 0 0.12494300000000003 0.12248800000000004 0.1217 0.0095180000000000004 0.0094090000000000007 0.0090340000000000004 0.099916999999999992 0.097673000000000051 0.097336000000000006 0.0022880000000000001 0.0022669999999999999 0.0022529999999999998 0.000446 0.00044800000000000005 0.00043199999999999998 388.78368801730528 388.78368801730528 388.78368801730528 0.03615789794207163 0.03615789794207163 0.03615789794207163 1 1 1 Converged Converged Converged OK OK OK 45 45 45 45 45 45 3 3 3 0 0 0 0 0 1 0 0
164 164 linear 4 7 1617 1 0.0001 1 0.0007175319171069611 7.4598891601986678e-05 0.00078403447153281515 -0.0010451361079736278 0.0007781962974074423 0.5 -6.1178863194651014e-05 388.89433905108427 OK 13 12 0.57367299999999999 0.51409499999999997 0.120894 0.451936 0.30774699999999999 0 0.12173699999999998 0.20634799999999998 0.120894 0.0087270000000000004 0.0087770000000000001 0.0082360000000000003 0.098939000000000055 0.18298400000000006 0.098958999999999991 0.0022049999999999999 0.0023379999999999998 0.002183 0.00045100000000000001 0.00044199999999999996 0.00042499999999999998 388.89398540780161 388.89398540780161 388.89398540780161 0.036157295069642902 0.036157295069642902 0.036157295069642902 1 1 1 Converged Converged Converged OK OK OK 45 45 45 45 45 45 3 3 3 0 0 0 0 1 0 0 1
164 164 linear 4 15 1617 2 0.0001 1 0.0007175319171069611 7.4598891601986678e-05 0.00078403447153281515 -0.0010451361079736278 0.0007885752736303274 0.5 -7.1557839417536111e-05 388.98637103501164 OK 13 12 0.68751099999999998 0.600491 0.119794 0.56333599999999995 0.40714099999999998 0 0.12417500000000004 0.19335000000000002 0.119794 0.0090679999999999997 0.0091479999999999999 0.0085179999999999995 0.10085499999999999 0.16986599999999999 0.097757000000000024 0.002258 0.0022309999999999999 0.0021710000000000002 0.00043899999999999999 0.00046000000000000001 0.00042499999999999998 388.98601475971981 388.98601475971981 388.98601475971981 0.036156610526619261 0.036156610526619261 0.036156610526619261 1 1 1 Converged Converged Converged OK OK OK 45 45 45 45 45 45 3 3 3 0 0 0 0 1 0 0 1
164 164 linear 4 23 1617 3 0.0001 1 0.0007175319171069611 7.4598891601986678e-05 0.00078403447153281515 -0.0010451361079736278 0.0007989542498532125 0.5 -8.1936815640421207e-05 389.04220281524886 OK 13 12 0.67876199999999998 0.60592999999999997 0.11715399999999999 0.55725599999999997 0.41592699999999999 0 0.121506 0.19000299999999998 0.11715399999999999 0.0089879999999999995 0.0089859999999999992 0.0085629999999999994 0.098431000000000005 0.16699899999999998 0.095131999999999953 0.0022000000000000001 0.00231 0.0021919999999999999 0.000446 0.00044799999999999999 0.00042199999999999996 389.04184686171851 389.04184686171851 389.04184686171851 0.036155930933732802 0.036155930933732802 0.036155930933732802 1 1 1 Converged Converged Converged OK OK OK 45 45 45 45 45 45 3 3 3 0 0 0 0 1 0 0 1
164 164 uniform 3 0 1618 0 0.001 1 0.0007175319171069611 7.4598891601986678e-05 0.00066530717808984167 0.00094390300458455621 0.00065038739976944432 0 6.6630034443346969e-05 419.59929719290483 OK 13 12 0.60670500000000005 0.60660899999999995 0.073481000000000005 0.52909700000000004 0.53239700000000001 0 0.07760800000000001 0.074211999999999945 0.073481000000000005 0.010063000000000001 0.0099330000000000009 0.0095930000000000008 0.057309000000000006 0.054339999999999992 0.054313999999999994 0.001387 0.001549 0.0013060000000000001 0.00032200000000000002 0.00033 0.00031 419.59925933935875 419.59925933935875 419.59925933935875 0.17036139197069597 0.17036139197069597 0.17036139197069597 1 1 1 Converged Converged Converged OK OK OK 29 29 29 29 29 29 3 3 3 0 0 0 0 0 1 0 0
164 164 uniform 3 7 1618 1 0.001 1 0.0007175319171069611 7.4598891601986678e-05 0.00066530717808984167 0.00094390300458455621 0.00065946900396446882 0 5.7548430248322469e-05 420.17666871459187 OK 13 12 0.63289099999999998 0.52058199999999999 0.072289999999999993 0.55971499999999996 0.41078999999999999 0 0.073176000000000019 0.109792 0.072289999999999993 0.0090050000000000009 0.009025 0.0084569999999999992 0.055038000000000004 0.091812999999999992 0.055194999999999994 0.0013270000000000001 0.0014109999999999999 0.001286 0.00031800000000000003 0.00032000000000000003 0.00030699999999999998 420.17663147313971 420.17663147313971 420.17663147313971 0.17029147424844926 0.17029147424844926 0.17029147424844926 1 1 1 Converged Converged Converged OK OK OK 29 29 29 29 29 29 3 3 3 0 0 0 0 1 0 0 1
164 164 uniform 3 15 1618 2 0.001 1 0.0007175319171069611 7.4598891601986678e-05 0.00066530717808984167 0.00094390300458455621 0.00066984798018735392 0 4.7169454025437372e-05 420.79289965897226 OK 13 12 0.58549700000000005 0.47665099999999999 0.070609000000000005 0.51078800000000002 0.36359799999999998 0 0.074709000000000025 0.11305300000000001 0.070609000000000005 0.011805 0.0090790000000000003 0.0084169999999999991 0.053702 0.095094999999999985 0.053724000000000015 0.001325 0.00132 0.0012790000000000002 0.00032299999999999999 0.000321 0.00030299999999999999 420.7928628819642 420.7928628819642 420.7928628819642 0.17019268402724452 0.17019268402724452 0.17019268402724452 1 1 1 Converged Converged Converged OK OK OK 29 29 29 29 29 29 3 3 3 0 0 0 0 1 0 0 1
164 164 uniform 3 23 1618 3 0.001 1 0.0007175319171069611 7.4598891601986678e-05 0.00066530717808984167 0.00094390300458455621 0.00068022695641023901 0 3.6790477802552276e-05 421.36226613897196 OK 13 12 0.59479899999999997 0.49618899999999999 0.070732000000000003 0.52405400000000002 0.38452599999999998 0 0.070744999999999947 0.11166300000000001 0.070732000000000003 0.0090699999999999999 0.0091219999999999999 0.0086400000000000001 0.052438000000000005 0.09370400000000001 0.053358000000000003 0.0013479999999999998 0.001341 0.0013140000000000001 0.00033300000000000002 0.00031599999999999998 0.00031500000000000001 421.36222736892393 421.36222736892393 421.36222736892393 0.17007380053265683 0.17007380053265683 0.17007380053265683 1 1 1 Converged Converged Converged OK OK OK 29 29 29 29 29 29 3 3 3 0 0 0 0 1 0 0 1
164 164 uniform 3 0 1618 0 0.0001 1 0.0007175319171069611 7.4598891601986678e-05 0.00066530717808984167 0.00094390300458455621 0.00065038739976944432 0 6.6630034443346969e-05 419.59929719290483 OK 13 12 0.63775999999999999 0.635795 0.10070900000000001 0.53178700000000001 0.53418299999999996 0 0.10597299999999998 0.10161200000000004 0.10070900000000001 0.010125 0.0097630000000000008 0.0096930000000000002 0.080215999999999996 0.076490000000000002 0.076089999999999991 0.0022429999999999998 0.002235 0.0021939999999999998 0.00043499999999999995 0.00044700000000000002 0.00042199999999999996 419.599259283685 419.599259283685 419.599259283685 0.035165780784036191 0.035165780784036191 0.035165780784036191 1 1 1 Converged Converged Converged OK OK OK 45 45 45 45 45 45 3 3 3 0 0 0 0 0 1 0 0
164 164 uniform 3 7 1618 1 0.0001 1 0.0007175319171069611 7.4598891601986678e-05 0.00066530717808984167 0.00094390300458455621 0.00065946900396446882 0 5.7548430248322469e-05 420.17666871459187 OK 13 12 0.657582 0.57455800000000001 0.098596000000000003 0.55671000000000004 0.41407300000000002 0 0.10087199999999996 0.16048499999999999 0.098596000000000003 0.0090050000000000009 0.0091059999999999995 0.0085249999999999996 0.077903 0.13756099999999999 0.076740999999999976 0.00216 0.002202 0.002127 0.000426 0.00042999999999999999 0.00043300000000000001 420.17663141738689 420.17663141738689 420.17663141738689 0.035165120946127115 0.035165120946127115 0.035165120946127115 1 1 1 Converged Converged Converged OK OK OK 45 45 45 45 45 45 3 3 3 0 0 0 0 1 0 0 1
164 164 uniform 3 15 1618 2 0.0001 1 0.0007175319171069611 7.4598891601986678e-05 0.00066530717808984167 0.00094390300458455621 0.00066984798018735392 0 4.7169454025437372e-05 420.79289965897226 OK 13 12 0.61530399999999996 0.53289200000000003 0.098948999999999995 0.51485000000000003 0.36431000000000002 0 0.10045399999999993 0.16858200000000001 0.098948999999999995 0.0088920000000000006 0.0090690000000000007 0.0084510000000000002 0.077680000000000013 0.145651 0.077200999999999992 0.0022069999999999998 0.002196 0.0021159999999999998 0.000428 0.00042899999999999997 0.00042000000000000002 420.79286282505632 420.79286282505632 420.79286282505632 0.035164371688188222 0.035164371688188222 0.035164371688188222 1 1 1 Converged Converged Converged OK OK OK 45 45 45 45 45 45 3 3 3 0 0 0 0 1 0 0 1
164 164 uniform 3 23 1618 3 0.0001 1 0.0007175319171069611 7.4598891601986678e-05 0.00066530717808984167 0.00094390300458455621 0.00068022695641023901 0 3.6790477802552276e-05 421.36226613897196 OK 13 12 0.62245799999999996 0.54987799999999998 0.095926999999999998 0.52492799999999995 0.38537100000000002 0 0.097530000000000006 0.16450699999999996 0.095926999999999998 0.0089840000000000007 0.0090740000000000005 0.0085199999999999998 0.074564000000000005 0.141398 0.074148999999999993 0.0022170000000000002 0.002294 0.0021229999999999999 0.00044799999999999994 0.00044400000000000006 0.00041600000000000003 421.36222731132187 421.36222731132187 421.36222731132187 0.035163628225238053 0.035163628225238053 0.035163628225238053 1 1 1 Converged Converged Converged OK OK OK 45 45 45 45 45 45 3 3 3 0 0 0 0 1 0 0 1
164 164 uniform 4 0 1619 0 0.001 1 0.0007175319171069611 7.4598891601986678e-05 0.00078403447153281515 -0.0010451361079736278 0.0007691146932124178 0 -5.2097258999626514e-05 388.79557331029628 OK 13 12 0.64940399999999998 0.64486299999999996 0.075672000000000003 0.57217300000000004 0.56774899999999995 0 0.077230999999999939 0.077114000000000016 0.075672000000000003 0.0095139999999999999 0.0093480000000000004 0.0088979999999999997 0.057430999999999996 0.057582999999999988 0.057095000000000007 0.001403 0.0014159999999999999 0.0013410000000000002 0.00032899999999999997 0.00032400000000000001 0.00032299999999999999 388.79555350878923 388.79555350878923 388.79555350878923 0.16006043610081763 0.16006043610081763 0.16006043610081763 1 1 1 Converged Converged Converged OK OK OK 29 29 29 29 29 29 3 3 3 0 0 0 0 0 1 0 0
164 164 uniform 4 7 1619 1 0.001 1 0.0007175319171069611 7.4598891601986678e-05 0.00078403447153281515 -0.0010451361079736278 0.0007781962974074423 0 -6.1178863194651014e-05 388.90584998100582 OK 13 12 0.52634499999999995 0.42985400000000001 0.072609999999999994 0.452293 0.30937500000000001 0 0.074051999999999951 0.120479 0.072609999999999994 0.0087609999999999997 0.0086979999999999991 0.0081700000000000002 0.056223000000000016 0.10277200000000002 0.055843999999999998 0.001335 0.0013880000000000001 0.001297 0.00031300000000000002 0.00032400000000000001 0.00030400000000000002 388.90583173961892 388.90583173961892 388.90583173961892 0.1598959548561954 0.1598959548561954 0.1598959548561954 1 1 1 Converged Converged Converged OK OK OK 29 29 29 29 29 29 3 3 3 0 0 0 0 1 0 0 1
164 164 uniform 4 15 1619 2 0.001 1 0.0007175319171069611 7.4598891601986678e-05 0.00078403447153281515 -0.0010451361079736278 0.0007885752736303274 0 -7.1557839417536111e-05 388.99785844183697 OK 13 12 0.63744800000000001 0.52484699999999995 0.073809 0.56195600000000001 0.40304299999999998 0 0.075492000000000004 0.12180399999999997 0.073809 0.0090130000000000002 0.0089499999999999996 0.0084620000000000008 0.057377999999999998 0.10375699999999999 0.056774999999999999 0.001322 0.001377 0.0012820000000000002 0.00033199999999999999 0.000319 0.00030299999999999999 388.9978366008624 388.9978366008624 388.9978366008624 0.15969511013490711 0.15969511013490711 0.15969511013490711 1 1 1 Converged Converged Converged OK OK OK 29 29 29 29 29 29 3 3 3 0 0 0 0 1 0 0 1
164 164 uniform 4 23 1619 3 0.001 1 0.0007175319171069611 7.4598891601986678e-05 0.00078403447153281515 -0.0010451361079736278 0.0007989542498532125 0 -8.1936815640421207e-05 389.05366360972533 OK 13 12 0.63231300000000001 0.52698100000000003 0.073063000000000003 0.55756499999999998 0.41064299999999998 0 0.074748000000000037 0.11633800000000005 0.073063000000000003 0.008966 0.0092130000000000007 0.0084440000000000001 0.056561 0.09814299999999998 0.056053000000000006 0.00134 0.001369 0.0013030000000000001 0.000321 0.00034900000000000003 0.00032200000000000002 389.05364149363629 389.05364149363629 389.05364149363629 0.15948070203441056 0.15948070203441056 0.15948070203441056 1 1 1 Converged Converged Converged OK OK OK 29 29 29 29 29 29 3 3 3 0 0 0 0 1 0 0 1
164 164 uniform 4 0 1619 0 0.0001 1 0.0007175319171069611 7.4598891601986678e-05 0.00078403447153281515 -0.0010451361079736278 0.0007691146932124178 0 -5.2097258999626514e-05 388.79557331029628 OK 13 12 0.67336499999999999 0.67578499999999997 0.104768 0.56790700000000005 0.56992399999999999 0 0.10545799999999994 0.10586099999999998 0.104768 0.0093629999999999998 0.0094369999999999992 0.0090629999999999999 0.080858999999999986 0.081284000000000023 0.08066199999999997 0.0022059999999999996 0.0022859999999999998 0.0021840000000000002 0.00042699999999999997 0.00042099999999999999 0.00042299999999999998 388.7955534547533 388.7955534547533 388.7955534547533 0.035162330369535276 0.035162330369535276 0.035162330369535276 1 1 1 Converged Converged Converged OK OK OK 45 45 45 45 45 45 3 3 3 0 0 0 0 0 1 0 0
164 164 uniform 4 7 1619 1 0.0001 1 0.0007175319171069611 7.4598891601986678e-05 0.00078403447153281515 -0.0010451361079736278 0.0007781962974074423 0 -6.1178863194651014e-05 388.90584998100582 OK 13 12 0.55220599999999997 0.48708000000000001 0.10094599999999999 0.449154 0.31304900000000002 0 0.10305199999999998 0.17403099999999999 0.10094599999999999 0.0086300000000000005 0.0087840000000000001 0.0081849999999999996 0.080393000000000006 0.15145799999999998 0.079383000000000009 0.0021479999999999997 0.0021670000000000001 0.0021390000000000003 0.00043899999999999999 0.00042899999999999997 0.000417 388.90583168483255 388.90583168483255 388.90583168483255 0.035161721953659596 0.035161721953659596 0.035161721953659596 1 1 1 Converged Converged Converged OK OK OK 45 45 45 45 45 45 3 3 3 0 0 0 0 1 0 0 1
164 164 uniform 4 15 1619 2 0.0001 1 0.0007175319171069611 7.4598891601986678e-05 0.00078403447153281515 -0.0010451361079736278 0.0007885752736303274 0 -7.1557839417536111e-05 388.99785844183697 OK 13 12 0.66624700000000003 0.58413099999999996 0.103172 0.56162000000000001 0.40871499999999999 0 0.10462700000000003 0.17541599999999996 0.103172 0.0090410000000000004 0.0089259999999999999 0.0085450000000000005 0.081708999999999976 0.15269999999999997 0.08133 0.0021739999999999997 0.0022439999999999999 0.0021060000000000002 0.00043400000000000003 0.00042200000000000001 0.00041399999999999998 388.99783654731277 388.99783654731277 388.99783654731277 0.035161031692719343 0.035161031692719343 0.035161031692719343 1 1 1 Converged Converged Converged OK OK OK 45 45 45 45 45 45 3 3 3 0 0 0 0 1 0 0 1
164 164 uniform 4 23 1619 3 0.0001 1 0.0007175319171069611 7.4598891601986678e-05 0.00078403447153281515 -0.0010451361079736278 0.0007989542498532125 0 -8.1936815640421207e-05 389.05366360972533 OK 13 12 0.65681599999999996 0.58276899999999998 0.100471 0.55491100000000004 0.409246 0 0.10190499999999991 0.17352299999999998 0.100471 0.0090469999999999995 0.0090699999999999999 0.0085039999999999994 0.079066000000000011 0.15044900000000003 0.078624999999999973 0.0021710000000000002 0.002183 0.002153 0.000435 0.00043100000000000007 0.000428 389.05364143922952 389.05364143922952 389.05364143922952 0.035160347272841348 0.035160347272841348 0.035160347272841348 1 1 1 Converged Converged Converged OK OK OK 45 45 45 45 45 45 3 3 3 0 0 0 0 1 0 0 1
165 165 linear 3 0 1620 0 0.001 1 0.001373684218077332 9.0828911606213238e-05 -0.010420454817312045 0.037445056356924342 -0.010438620599633288 0.5 0.011810420397977273 25.481255745078084 OK 13 12 0.46851799999999999 0.46899999999999997 0.144257 0.32067699999999999 0.31973699999999999 0 0.147841 0.14926299999999998 0.144257 0.010260999999999999 0.010246999999999999 0.0098130000000000005 0.11323199999999996 0.11466 0.11033100000000003 0.00349 0.0035729999999999998 0.0034850000000000003 0.00071800000000000011 0.00070800000000000008 0.00071699999999999997 25.481146165042261 25.481146165042261 25.481146165042261 0.018485695019620142 0.018485695019620142 0.018485695019620142 1 1 1 Converged Converged Converged OK OK OK 69 69 69 69 69 69 3 3 3 0 0 0 0 0 1 0 0
165 165 linear 3 7 1620 1 0.001 1 0.001373684218077332 9.0828911606213238e-05 -0.010420454817312045 0.037445056356924342 -0.01042756316691601 0.5 0.011799362965259994 25.483605186992477 OK 13 12 0.48186200000000001 0.45377800000000001 0.14693899999999999 0.33083099999999999 0.186922 0 0.15103100000000003 0.26685599999999998 0.14693899999999999 0.0094420000000000007 0.0093930000000000003 0.0088520000000000005 0.12002800000000002 0.23569899999999994 0.11706900000000002 0.0035269999999999998 0.0035279999999999999 0.003454 0.00071400000000000001 0.00071999999999999994 0.000687 25.48349554239212 25.48349554239212 25.48349554239212 0.018496649962022819 0.018496649962022819 0.018496649962022819 1 1 1 Converged Converged Converged OK OK OK 69 69 69 69 69 69 3 3 3 0 0 0 0 1 0 0 1
165 165 linear 3 15 1620 2 0.001 1 0.001373684218077332 9.0828911606213238e-05 -0.010420454817312045 0.037445056356924342 -0.010414926100953407 0.5 0.011786725899297391 25.486288590474693 OK 13 12 0.47171099999999999 0.417738 0.152277 0.31843900000000003 0.17038800000000001 0 0.15327199999999996 0.24734999999999999 0.152277 0.0093939999999999996 0.00941 0.0088690000000000001 0.12242299999999996 0.21639800000000006 0.12246399999999999 0.0034629999999999999 0.0035300000000000002 0.0034029999999999998 0.00069699999999999992 0.00069700000000000003 0.00069199999999999991 25.486178872036827 25.486178872036827 25.486178872036827 0.01850918208735405 0.01850918208735405 0.01850918208735405 1 1 1 Converged Converged Converged OK OK OK 69 69 69 69 69 69 3 3 3 0 0 0 0 1 0 0 1
165 165 linear 3 23 1620 3 0.001 1 0.001373684218077332 9.0828911606213238e-05 -0.010420454817312045 0.037445056356924342 -0.010402289034990802 0.5 0.011774088833334787 25.488970207702206 OK 13 12 0.47076200000000001 0.43077100000000002 0.15465100000000001 0.31774799999999997 0.17716699999999999 0 0.15301400000000004 0.25360400000000005 0.15465100000000001 0.009391 0.0095069999999999998 0.008822 0.12211999999999996 0.22236199999999992 0.12488500000000001 0.0034429999999999999 0.0036319999999999998 0.0035009999999999998 0.00070699999999999995 0.00072400000000000014 0.00068000000000000005 25.488860415320975 25.488860415320975 25.488860415320975 0.018521726927179301 0.018521726927179301 0.018521726927179301 1 1 1 Converged Converged Converged OK OK OK 69 69 69 69 69 69 3 3 3 0 0 0 0 1 0 0 1
165 165 linear 3 0 1620 0 0.0001 1 0.001373684218077332 9.0828911606213238e-05 -0.010420454817312045 0.037445056356924342 -0.010438620599633288 0.5 0.011810420397977273 25.481255745078084 OK 13 12 0.48341400000000001 0.47748299999999999 0.15935299999999999 0.319714 0.32107999999999998 0 0.16370000000000001 0.15640300000000001 0.15935299999999999 0.0099030000000000003 0.0099850000000000008 0.0095860000000000008 0.125857 0.11881700000000001 0.12230400000000001 0.0039170000000000003 0.0039559999999999994 0.0039579999999999997 0.00081499999999999997 0.00082700000000000004 0.000843 25.481254211965023 25.481254211965023 25.481254211965023 0.00021614143317191963 0.00021614143317191963 0.00021614143317191963 1 1 1 Converged Converged Converged OK OK OK 77 77 77 77 77 77 3 3 3 0 0 0 0 0 1 0 0
165 165 linear 3 7 1620 1 0.0001 1 0.001373684218077332 9.0828911606213238e-05 -0.010420454817312045 0.037445056356924342 -0.01042756316691601 0.5 0.011799362965259994 25.483605186992477 OK 13 12 0.494896 0.49252299999999999 0.15786500000000001 0.32832499999999998 0.186026 0 0.16657100000000002 0.30649700000000002 0.15786500000000001 0.0095209999999999999 0.0094500000000000001 0.0089529999999999992 0.13288799999999995 0.27289699999999995 0.12546200000000002 0.0040819999999999997 0.0040929999999999994 0.0039239999999999995 0.00081299999999999992 0.00083100000000000003 0.00079299999999999998 25.483603653345707 25.483603653345707 25.483603653345707 0.00021626940256306532 0.00021626940256306532 0.00021626940256306532 1 1 1 Converged Converged Converged OK OK OK 77 77 77 77 77 77 3 3 3 0 0 0 0 1 0 0 1
165 165 linear 3 15 1620 2 0.0001 1 0.001373684218077332 9.0828911606213238e-05 -0.010420454817312045 0.037445056356924342 -0.010414926100953407 0.5 0.011786725899297391 25.486288590474693 OK 13 12 0.479856 0.44117299999999998 0.15984799999999999 0.31493199999999999 0.16985500000000001 0 0.16492400000000002 0.27131799999999995 0.15984799999999999 0.0094439999999999993 0.0095329999999999998 0.0088950000000000001 0.13129099999999994 0.23777900000000005 0.12770400000000001 0.0039750000000000002 0.0040240000000000007 0.0039240000000000004 0.000852 0.00080199999999999998 0.00079300000000000009 25.486287056238407 25.486287056238407 25.486287056238407 0.00021641599076803664 0.00021641599076803664 0.00021641599076803664 1 1 1 Converged Converged Converged OK OK OK 77 77 77 77 77 77 3 3 3 0 0 0 0 1 0 0 1
165 165 linear 3 23 1620 3 0.0001 1 0.001373684218077332 9.0828911606213238e-05 -0.010420454817312045 0.037445056356924342 -0.010402289034990802 0.5 0.011774088833334787 25.488970207702206 OK 13 12 0.48569699999999999 0.463312 0.160164 0.31739200000000001 0.17405699999999999 0 0.16830499999999998 0.28925500000000004 0.160164 0.0094029999999999999 0.009528 0.0089239999999999996 0.134543 0.25586100000000006 0.12799099999999999 0.004071 0.0041310000000000001 0.0039110000000000004 0.00082600000000000013 0.00080199999999999998 0.00080999999999999996 25.488968672845434 25.488968672845434 25.488968672845434 0.00021656263162682368 0.00021656263162682368 0.00021656263162682368 1 1 1 Converged Converged Converged OK OK OK 77 77 77 77 77 77 3 3 3 0 0 0 0 1 0 0 1
165 165 linear 4 0 1621 0 0.001 1 0.001373684218077332 9.0828911606213238e-05 0.071986761458611812 0.019203820724971676 0.071968595676290575 0.5 -0.070596795877946594 10.436611956178652 OK 13 12 0.48730899999999999 0.48438399999999998 0.104544 0.38408900000000001 0.38212000000000002 0 0.10321999999999998 0.10226399999999997 0.104544 0.0087539999999999996 0.0089890000000000005 0.012109 0.076209000000000027 0.075167000000000012 0.074469999999999995 0.0026219999999999998 0.0026610000000000002 0.0027190000000000001 0.00059999999999999995 0.00059199999999999997 0.00057600000000000001 10.436594855182994 10.436594855182994 10.436594855182994 0.0073189289417312509 0.0073189289417312509 0.0073189289417312509 1 1 1 Converged Converged Converged OK OK OK 53 53 53 53 53 53 3 3 3 0 0 0 0 0 1 0 0
165 165 linear 4 7 1621 1 0.001 1 0.001373684218077332 9.0828911606213238e-05 0.071986761458611812 0.019203820724971676 0.071979653109007849 0.5 -0.070607853310663868 10.437591256430906 OK 13 12 0.63166 0.594225 0.104231 0.52000199999999996 0.40082699999999999 0 0.11165800000000004 0.19339800000000001 0.104231 0.0082349999999999993 0.0082500000000000004 0.0076860000000000001 0.086835999999999983 0.16891699999999998 0.08068400000000002 0.0027209999999999999 0.0027739999999999996 0.0026570000000000001 0.00058200000000000005 0.00057499999999999999 0.00056300000000000002 10.437574151306888 10.437574151306888 10.437574151306888 0.0073214360349987276 0.0073214360349987276 0.0073214360349987276 1 1 1 Converged Converged Converged OK OK OK 53 53 53 53 53 53 3 3 3 0 0 0 0 1 0 0 1
165 165 linear 4 15 1621 2 0.001 1 0.001373684218077332 9.0828911606213238e-05 0.071986761458611812 0.019203820724971676 0.071992290174970455 0.5 -0.070620490376626474 10.438712017955858 OK 13 12 0.48952200000000001 0.434446 0.099710999999999994 0.38086700000000001 0.25143599999999999 0 0.108655 0.18301000000000001 0.099710999999999994 0.0081729999999999997 0.0081829999999999993 0.0076660000000000001 0.083801999999999988 0.15812299999999996 0.076083999999999999 0.0027569999999999999 0.0027480000000000004 0.0026620000000000003 0.00060500000000000007 0.00057700000000000004 0.00056700000000000001 10.438694908263463 10.438694908263463 10.438694908263463 0.0073243033650403026 0.0073243033650403026 0.0073243033650403026 1 1 1 Converged Converged Converged OK OK OK 53 53 53 53 53 53 3 3 3 0 0 0 0 1 0 0 1
165 165 linear 4 23 1621 3 0.001 1 0.001373684218077332 9.0828911606213238e-05 0.071986761458611812 0.019203820724971676 0.072004927240933048 0.5 -0.070633127442589067 10.439834443680496 OK 13 12 0.49568000000000001 0.46157599999999999 0.098113000000000006 0.39017099999999999 0.26351799999999997 0 0.10550900000000002 0.19805800000000001 0.098113000000000006 0.0081410000000000007 0.0080870000000000004 0.0075760000000000003 0.077083999999999986 0.17321299999999992 0.074619000000000005 0.0025999999999999999 0.002856 0.0026420000000000003 0.00057400000000000007 0.00058399999999999999 0.00056400000000000005 10.439817329283734 10.439817329283734 10.439817329283734 0.0073271729604589197 0.0073271729604589197 0.0073271729604589197 1 1 1 Converged Converged Converged OK OK OK 53 53 53 53 53 53 3 3 3 0 0 0 0 1 0 0 1
165 165 linear 4 0 1621 0 0.0001 1 0.001373684218077332 9.0828911606213238e-05 0.071986761458611812 0.019203820724971676 0.071968595676290575 0.5 -0.070596795877946594 10.436611956178652 OK 13 12 0.52455399999999996 0.52306799999999998 0.13781299999999999 0.37907099999999999 0.38397900000000001 0 0.14548299999999997 0.13908899999999996 0.13781299999999999 0.0086739999999999994 0.0089560000000000004 0.0085599999999999999 0.10892000000000004 0.10247100000000002 0.10186800000000001 0.0040010000000000002 0.0040000000000000001 0.0039259999999999998 0.00084499999999999994 0.0008650000000000001 0.00081800000000000004 10.436607401978016 10.436607401978016 10.436607401978016 2.5156826726342743e-05 2.5156826726342743e-05 2.5156826726342743e-05 1 1 1 Converged Converged Converged OK OK OK 77 77 77 77 77 77 3 3 3 0 0 0 0 0 1 0 0
165 165 linear 4 7 1621 1 0.0001 1 0.001373684218077332 9.0828911606213238e-05 0.071986761458611812 0.019203820724971676 0.071979653109007849 0.5 -0.070607853310663868 10.437591256430906 OK 13 12 0.66626700000000005 0.66704200000000002 0.138826 0.52291200000000004 0.39388000000000001 0 0.14335500000000001 0.27316200000000002 0.138826 0.0083730000000000002 0.0082389999999999998 0.0076819999999999996 0.11076499999999999 0.24077900000000008 0.10782199999999997 0.0040550000000000004 0.0040039999999999997 0.0039069999999999999 0.00080799999999999991 0.00080799999999999991 0.00079900000000000001 10.437586694143942 10.437586694143942 10.437586694143942 2.5148967314108154e-05 2.5148967314108154e-05 2.5148967314108154e-05 1 1 1 Converged Converged Converged OK OK OK 77 77 77 77 77 77 3 3 3 0 0 0 0 1 0 0 1
165 165 linear 4 15 1621 2 0.0001 1 0.001373684218077332 9.0828911606213238e-05 0.071986761458611812 0.019203820724971676 0.071992290174970455 0.5 -0.070620490376626474 10.438712017955858 OK 13 12 0.52117800000000003 0.51334500000000005 0.13450699999999999 0.38227299999999997 0.25536700000000001 0 0.13890500000000006 0.25797800000000004 0.13450699999999999 0.0081040000000000001 0.0081890000000000001 0.0076680000000000003 0.10683399999999996 0.22549199999999986 0.10352899999999995 0.003973 0.0041359999999999999 0.0039280000000000001 0.00080999999999999996 0.00081499999999999997 0.0007890000000000001 10.438707446574497 10.438707446574497 10.438707446574497 2.5139972580287198e-05 2.5139972580287198e-05 2.5139972580287198e-05 1 1 1 Converged Converged Converged OK OK OK 77 77 77 77 77 77 3 3 3 0 0 0 0 1 0 0 1
165 165 linear 4 23 1621 3 0.0001 1 0.001373684218077332 9.0828911606213238e-05 0.071986761458611812 0.019203820724971676 0.072004927240933048 0.5 -0.070633127442589067 10.439834443680496 OK 13 12 0.527169 0.54051499999999997 0.132803 0.38947900000000002 0.26404699999999998 0 0.13768999999999998 0.27646799999999999 0.132803 0.0082489999999999994 0.0082570000000000005 0.0076559999999999996 0.10564799999999998 0.24403800000000006 0.102067 0.0040590000000000001 0.0042510000000000004 0.0039599999999999991 0.00080699999999999988 0.00080900000000000004 0.00078600000000000002 10.439829863073783 10.439829863073783 10.439829863073783 2.513099663063922e-05 2.513099663063922e-05 2.513099663063922e-05 1 1 1 Converged Converged Converged OK OK OK 77 77 77 77 77 77 3 3 3 0 0 0 0 1 0 0 1
165 165 uniform 3 0 1622 0 0.001 1 0.001373684218077332 9.0828911606213238e-05 -0.010420454817312045 0.037445056356924342 -0.010438620599633288 0 0.011810420397977273 25.481255745088902 OK 13 12 0.39804499999999998 0.40305200000000002 0.076247999999999996 0.32079800000000003 0.32577800000000001 0 0.077246999999999955 0.077274000000000009 0.076247999999999996 0.010076 0.010189 0.0096989999999999993 0.051109000000000009 0.051283000000000002 0.050715000000000003 0.002222 0.0022560000000000002 0.0021719999999999999 0.00054500000000000002 0.00056400000000000005 0.00053899999999999998 25.48125558044352 25.48125558044352 25.48125558044352 0.0089732628429368619 0.0089732628429368619 0.0089732628429368619 1 1 1 Converged Converged Converged OK OK OK 45 45 45 45 45 45 3 3 3 0 0 0 0 0 1 0 0
165 165 uniform 3 7 1622 1 0.001 1 0.001373684218077332 9.0828911606213238e-05 -0.010420454817312045 0.037445056356924342 -0.01042756316691601 0 0.011799362965259994 25.483605186996758 OK 13 12 0.40844000000000003 0.35872300000000001 0.079380999999999993 0.32762400000000003 0.189133 0 0.080815999999999999 0.16959000000000002 0.079380999999999993 0.0093589999999999993 0.0093970000000000008 0.0089470000000000001 0.057498999999999995 0.14616299999999999 0.05684100000000001 0.0021490000000000003 0.0022040000000000002 0.0021020000000000001 0.00054699999999999996 0.00055900000000000004 0.000531 25.483605022351906 25.483605022351906 25.483605022351906 0.0089740903499620876 0.0089740903499620876 0.0089740903499620876 1 1 1 Converged Converged Converged OK OK OK 45 45 45 45 45 45 3 3 3 0 0 0 0 1 0 0 1
165 165 uniform 3 15 1622 2 0.001 1 0.001373684218077332 9.0828911606213238e-05 -0.010420454817312045 0.037445056356924342 -0.010414926100953407 0 0.011786725899297391 25.486288590468288 OK 13 12 0.397146 0.31417699999999998 0.077940999999999996 0.31785799999999997 0.169493 0 0.079288000000000025 0.14468399999999998 0.077940999999999996 0.0092969999999999997 0.0093790000000000002 0.0088059999999999996 0.056125000000000001 0.12138699999999999 0.055675000000000002 0.002183 0.0021909999999999998 0.0021549999999999998 0.00054200000000000006 0.000571 0.000531 25.486288425791251 25.486288425791251 25.486288425791251 0.0089750353588997096 0.0089750353588997096 0.0089750353588997096 1 1 1 Converged Converged Converged OK OK OK 45 45 45 45 45 45 3 3 3 0 0 0 0 1 0 0 1
165 165 uniform 3 23 1622 3 0.001 1 0.001373684218077332 9.0828911606213238e-05 -0.010420454817312045 0.037445056356924342 -0.010402289034990802 0 0.011774088833334787 25.488970207697076 OK 13 12 0.39823599999999998 0.33634599999999998 0.080285999999999996 0.316473 0.17411699999999999 0 0.081762999999999975 0.16222899999999998 0.080285999999999996 0.0094219999999999998 0.0094120000000000002 0.0088830000000000003 0.058425000000000019 0.138766 0.057936000000000001 0.0021489999999999999 0.0022239999999999998 0.0021429999999999999 0.00054299999999999997 0.00054299999999999997 0.00052599999999999999 25.488970042968059 25.488970042968059 25.488970042968059 0.0089759798475517495 0.0089759798475517495 0.0089759798475517495 1 1 1 Converged Converged Converged OK OK OK 45 45 45 45 45 45 3 3 3 0 0 0 0 1 0 0 1
165 165 uniform 3 0 1622 0 0.0001 1 0.001373684218077332 9.0828911606213238e-05 -0.010420454817312045 0.037445056356924342 -0.010438620599633288 0 0.011810420397977273 25.481255745088902 OK 13 12 0.44972099999999998 0.44700400000000001 0.12328 0.325714 0.31916 0 0.12400699999999998 0.12784400000000001 0.12328 0.0098809999999999992 0.0099209999999999993 0.0096740000000000003 0.086523000000000003 0.090635999999999994 0.086494000000000015 0.003882 0.0038819999999999996 0.0037720000000000002 0.00080900000000000004 0.00083300000000000008 0.00078100000000000001 25.481255580627877 25.481255580627877 25.481255580627877 4.5039348582920145e-05 4.5039348582920145e-05 4.5039348582920145e-05 1 1 1 Converged Converged Converged OK OK OK 77 77 77 77 77 77 3 3 3 0 0 0 0 0 1 0 0
165 165 uniform 3 7 1622 1 0.0001 1 0.001373684218077332 9.0828911606213238e-05 -0.010420454817312045 0.037445056356924342 -0.01042756316691601 0 0.011799362965259994 25.483605186996758 OK 13 12 0.453849 0.45837 0.125832 0.32652700000000001 0.18775700000000001 0 0.12732199999999999 0.27061299999999999 0.125832 0.0095219999999999992 0.0094299999999999991 0.0089320000000000007 0.093927999999999984 0.23732299999999995 0.09362100000000001 0.003852 0.0039199999999999999 0.0037530000000000003 0.00077799999999999994 0.00078799999999999996 0.00081100000000000009 25.483605022505738 25.483605022505738 25.483605022505738 4.506604059880188e-05 4.506604059880188e-05 4.506604059880188e-05 1 1 1 Converged Converged Converged OK OK OK 77 77 77 77 77 77 3 3 3 0 0 0 0 1 0 0 1
165 165 uniform 3 15 1622 2 0.0001 1 0.001373684218077332 9.0828911606213238e-05 -0.010420454817312045 0.037445056356924342 -0.010414926100953407 0 0.011786725899297391 25.486288590468288 OK 13 12 0.446515 0.40964499999999998 0.127662 0.317523 0.168849 0 0.128992 0.24079599999999998 0.127662 0.0093589999999999993 0.0093740000000000004 0.008822 0.096071000000000031 0.20767600000000006 0.095703000000000024 0.0038409999999999998 0.00398 0.003803 0.00080899999999999993 0.00079999999999999993 0.00076199999999999998 25.486288425976245 25.486288425976245 25.486288425976245 4.5096572480075663e-05 4.5096572480075663e-05 4.5096572480075663e-05 1 1 1 Converged Converged Converged OK OK OK 77 77 77 77 77 77 3 3 3 0 0 0 0 1 0 0 1
165 165 uniform 3 23 1622 3 0.0001 1 0.001373684218077332 9.0828911606213238e-05 -0.010420454817312045 0.037445056356924342 -0.010402289034990802 0 0.011774088833334787 25.488970207697076 OK 13 12 0.44595699999999999 0.43562000000000001 0.128057 0.31670300000000001 0.177954 0 0.12925399999999998 0.25766600000000001 0.128057 0.0093170000000000006 0.0094039999999999992 0.0088699999999999994 0.096192 0.22433999999999996 0.095949999999999994 0.0038339999999999997 0.0039420000000000002 0.0038230000000000004 0.00077099999999999988 0.00080200000000000009 0.0007890000000000001 25.488970043141961 25.488970043141961 25.488970043141961 4.5127136516178519e-05 4.5127136516178519e-05 4.5127136516178519e-05 1 1 1 Converged Converged Converged OK OK OK 77 77 77 77 77 77 3 3 3 0 0 0 0 1 0 0 1
165 165 uniform 4 0 1623 0 0.001 1 0.001373684218077332 9.0828911606213238e-05 0.071986761458611812 0.019203820724971676 0.071968595676290575 0 -0.070596795877946594 10.436840037544249 OK 13 12 0.44114799999999998 0.44064500000000001 0.060934000000000002 0.37907200000000002 0.37916100000000003 0 0.062075999999999965 0.061483999999999983 0.060934000000000002 0.0088439999999999994 0.0088880000000000001 0.0086630000000000006 0.040184999999999998 0.039930000000000014 0.039774999999999998 0.001761 0.0017759999999999998 0.0017490000000000001 0.00045199999999999998 0.000437 0.00042999999999999999 10.436837358992648 10.436837358992648 10.436837358992648 0.0057258367646159242 0.0057258367646159242 0.0057258367646159242 1 1 1 Converged Converged Converged OK OK OK 37 37 37 37 37 37 3 3 3 0 0 0 0 0 1 0 0
165 165 uniform 4 7 1623 1 0.001 1 0.001373684218077332 9.0828911606213238e-05 0.071986761458611812 0.019203820724971676 0.071979653109007849 0 -0.070607853310663868 10.437819744807239 OK 13 12 0.58872400000000003 0.51184399999999997 0.063348000000000002 0.52298699999999998 0.39513500000000001 0 0.065737000000000045 0.11670899999999995 0.063348000000000002 0.0082290000000000002 0.0082389999999999998 0.0076680000000000003 0.045283000000000004 0.097070000000000004 0.044498999999999997 0.0018769999999999998 0.0018179999999999997 0.0017539999999999999 0.00048299999999999998 0.000446 0.00041899999999999999 10.437817066999175 10.437817066999175 10.437817066999175 0.0057254735903465252 0.0057254735903465252 0.0057254735903465252 1 1 1 Converged Converged Converged OK OK OK 37 37 37 37 37 37 3 3 3 0 0 0 0 1 0 0 1
165 165 uniform 4 15 1623 2 0.001 1 0.001373684218077332 9.0828911606213238e-05 0.071986761458611812 0.019203820724971676 0.071992290174970455 0 -0.070620490376626474 10.438940972164344 OK 13 12 0.44518799999999997 0.36741099999999999 0.062609999999999999 0.37772099999999997 0.25195400000000001 0 0.067466999999999999 0.11545699999999998 0.062609999999999999 0.0080169999999999998 0.008097 0.0076569999999999997 0.047916000000000007 0.095750999999999975 0.043948999999999995 0.001769 0.0018219999999999998 0.0017420000000000001 0.00043100000000000001 0.00044299999999999998 0.00042100000000000004 10.43893829541468 10.43893829541468 10.43893829541468 0.005725059273814068 0.005725059273814068 0.005725059273814068 1 1 1 Converged Converged Converged OK OK OK 37 37 37 37 37 37 3 3 3 0 0 0 0 1 0 0 1
165 165 uniform 4 23 1623 3 0.001 1 0.001373684218077332 9.0828911606213238e-05 0.071986761458611812 0.019203820724971676 0.072004927240933048 0 -0.070633127442589067 10.440063864557567 OK 13 12 0.45449899999999999 0.39274900000000001 0.061657999999999998 0.39127299999999998 0.26408599999999999 0 0.063226000000000004 0.12866300000000003 0.061657999999999998 0.0081799999999999998 0.0082199999999999999 0.0075779999999999997 0.043581999999999989 0.10881699999999998 0.043168999999999992 0.0017540000000000001 0.001787 0.0017039999999999998 0.000437 0.00043099999999999996 0.00042100000000000004 10.440061188670981 10.440061188670981 10.440061188670981 0.0057246457594710498 0.0057246457594710498 0.0057246457594710498 1 1 1 Converged Converged Converged OK OK OK 37 37 37 37 37 37 3 3 3 0 0 0 0 1 0 0 1
165 165 uniform 4 0 1623 0 0.0001 1 0.001373684218077332 9.0828911606213238e-05 0.071986761458611812 0.019203820724971676 0.071968595676290575 0 -0.070596795877946594 10.436840037544249 OK 13 12 0.49855100000000002 0.49593900000000002 0.11379 0.38346400000000003 0.38148500000000002 0 0.11508699999999999 0.114454 0.11379 0.0089949999999999995 0.008914 0.0086009999999999993 0.078445000000000015 0.078331999999999985 0.077950000000000005 0.003852 0.0038149999999999998 0.0037440000000000004 0.00079900000000000001 0.00079300000000000009 0.00079600000000000005 10.436839974146876 10.436839974146876 10.436839974146876 5.2331343283126677e-06 5.2331343283126677e-06 5.2331343283126677e-06 1 1 1 Converged Converged Converged OK OK OK 77 77 77 77 77 77 3 3 3 0 0 0 0 0 1 0 0
165 165 uniform 4 7 1623 1 0.0001 1 0.001373684218077332 9.0828911606213238e-05 0.071986761458611812 0.019203820724971676 0.071979653109007849 0 -0.070607853310663868 10.437819744807239 OK 13 12 0.64046499999999995 0.64402700000000002 0.11525100000000001 0.52388299999999999 0.39906000000000003 0 0.11658199999999996 0.24496699999999999 0.11525100000000001 0.0081709999999999994 0.0080979999999999993 0.0076680000000000003 0.084415000000000018 0.21268000000000004 0.084294999999999995 0.0038970000000000003 0.003908 0.0038189999999999995 0.00076699999999999989 0.00076899999999999994 0.00075700000000000008 10.437819681320983 10.437819681320983 10.437819681320983 5.2314922650330275e-06 5.2314922650330275e-06 5.2314922650330275e-06 1 1 1 Converged Converged Converged OK OK OK 77 77 77 77 77 77 3 3 3 0 0 0 0 1 0 0 1
165 165 uniform 4 15 1623 2 0.0001 1 0.001373684218077332 9.0828911606213238e-05 0.071986761458611812 0.019203820724971676 0.071992290174970455 0 -0.070620490376626474 10.438940972164344 OK 13 12 0.49268600000000001 0.48596800000000001 0.110443 0.38014300000000001 0.25280999999999998 0 0.112543 0.23315800000000003 0.110443 0.0081679999999999999 0.0081309999999999993 0.007646 0.080458000000000002 0.20141599999999998 0.079875999999999989 0.0038809999999999999 0.003852 0.0037470000000000003 0.00079900000000000012 0.00077699999999999991 0.00075200000000000006 10.43894090878578 10.43894090878578 10.43894090878578 5.2296034143353765e-06 5.2296034143353765e-06 5.2296034143353765e-06 1 1 1 Converged Converged Converged OK OK OK 77 77 77 77 77 77 3 3 3 0 0 0 0 1 0 0 1
165 165 uniform 4 23 1623 3 0.0001 1 0.001373684218077332 9.0828911606213238e-05 0.071986761458611812 0.019203820724971676 0.072004927240933048 0 -0.070633127442589067 10.440063864557567 OK 13 12 0.50359600000000004 0.517455 0.109195 0.39301199999999997 0.26902599999999999 0 0.11058400000000007 0.24842900000000001 0.109195 0.0082050000000000005 0.0081910000000000004 0.0076559999999999996 0.078829999999999942 0.21611900000000001 0.078567000000000012 0.0038339999999999997 0.0039189999999999997 0.0037320000000000001 0.00076800000000000002 0.00078399999999999997 0.00075299999999999998 10.440063801111181 10.440063801111181 10.440063801111181 5.2277271048583857e-06 5.2277271048583857e-06 5.2277271048583857e-06 1 1 1 Converged Converged Converged OK OK OK 77 77 77 77 77 77 3 3 3 0 0 0 0 1 0 0 1
166 166 linear 3 0 1624 0 0.001 1 0.0072850678627539951 0.00011919678605114169 0.0037152892192586213 -0.005744842081887711 0.003691449862048393 0.5 0.0035409296253308539 588.99001799874645 OK 15 14 0.84353100000000003 0.83644300000000005 0.26244099999999998 0.57447199999999998 0.56888099999999997 0 0.26905900000000005 0.26756200000000008 0.26244099999999998 0.017597999999999999 0.017964999999999998 0.017018999999999999 0.21254200000000001 0.21173899999999998 0.20732299999999998 0.005677999999999999 0.0053009999999999993 0.0054540000000000005 0.0010989999999999999 0.0010250000000000001 0.0010799999999999998 588.98953486883079 588.98953486883079 588.98953486883079 0.46102105523184256 0.46102105523184256 0.46102105523184256 1 1 1 Converged Converged Converged OK OK OK 97 97 97 97 97 97 7 7 7 0 0 0 0 0 1 0 0
166 166 linear 3 7 1624 1 0.001 1 0.0072850678627539951 0.00011919678605114169 0.0037152892192586213 -0.005744842081887711 0.0037059607751328797 0.5 0.0035264187122463673 617.23989842234346 OK 15 14 1.113289 1.1370199999999999 0.27447300000000002 0.83263399999999999 0.699465 0 0.28065499999999999 0.43755499999999992 0.27447300000000002 0.016212000000000001 0.016483999999999999 0.015219 0.229995 0.3860519999999999 0.22572999999999999 0.0057459999999999994 0.006117 0.0056039999999999996 0.0010710000000000001 0.0011209999999999998 0.0010250000000000001 617.23911850510763 617.23911850510763 617.23911850510763 0.35318811203979544 0.35318811203979544 0.35318811203979544 1 1 1 Converged Converged Converged OK OK OK 105 105 105 105 105 105 7 7 7 0 0 0 0 1 0 0 1
166 166 linear 3 15 1624 2 0.001 1 0.0072850678627539951 0.00011919678605114169 0.0037152892192586213 -0.005744842081887711 0.0037225446758008649 0.5 0.0035098348115783821 657.51930358354105 OK 15 14 0.78173199999999998 0.80301500000000003 0.21768899999999999 0.55875799999999998 0.42268299999999998 0 0.22297400000000001 0.38033200000000006 0.21768899999999999 0.016178000000000001 0.016431000000000001 0.015384999999999999 0.178179 0.33433499999999994 0.17437599999999995 0.0050429999999999997 0.0052880000000000002 0.0047940000000000005 0.001101 0.0011130000000000001 0.0010019999999999999 657.51861006748788 657.51861006748788 657.51861006748788 0.12808621400026465 0.12808621400026465 0.12808621400026465 1 1 1 Converged Converged Converged OK OK OK 91 91 91 91 91 91 5 5 5 0 0 0 0 1 0 0 1
166 166 linear 3 23 1624 3 0.001 1 0.0072850678627539951 0.00011919678605114169 0.0037152892192586213 -0.005744842081887711 0.0037391285764688496 0.5 0.0034932509109103973 712.93551340056297 OK 15 14 0.992483 1.041199 0.220057 0.76752100000000001 0.64066299999999998 0 0.224962 0.400536 0.220057 0.016396000000000001 0.016258999999999999 0.015447000000000001 0.17996100000000004 0.35482899999999984 0.17676800000000006 0.0050109999999999998 0.0053939999999999995 0.0047660000000000003 0.0010510000000000001 0.0011119999999999999 0.0010220000000000001 712.93440333874787 712.93440333874787 712.93440333874787 0.12822981089155616 0.12822981089155616 0.12822981089155616 1 1 1 Converged Converged Converged OK OK OK 91 91 91 91 91 91 5 5 5 0 0 0 0 1 0 0 1
166 166 linear 3 0 1624 0 0.0001 1 0.0072850678627539951 0.00011919678605114169 0.0037152892192586213 -0.005744842081887711 0.003691449862048393 0.5 0.0035409296253308539 588.99001799874645 OK 15 14 0.89729599999999998 0.87147699999999995 0.29680200000000001 0.58349799999999996 0.57187100000000002 0 0.31379800000000002 0.29960599999999993 0.29680200000000001 0.018946000000000001 0.017783 0.017314 0.24880300000000014 0.23733399999999996 0.23559399999999997 0.0064890000000000008 0.0061519999999999995 0.0060460000000000002 0.0011760000000000002 0.0011620000000000001 0.001165 588.98953076277451 588.98953076277451 588.98953076277451 0.05085072695123543 0.05085072695123543 0.05085072695123543 1 1 1 Converged Converged Converged OK OK OK 113 113 113 113 113 113 7 7 7 0 0 0 0 0 1 0 0
166 166 linear 3 7 1624 1 0.0001 1 0.0072850678627539951 0.00011919678605114169 0.0037152892192586213 -0.005744842081887711 0.0037059607751328797 0.5 0.0035264187122463673 617.23989842234346 OK 15 14 1.1910780000000001 1.238537 0.34001900000000002 0.84032799999999996 0.70204900000000003 0 0.35075000000000012 0.53648799999999996 0.34001900000000002 0.016011999999999998 0.016143999999999999 0.015268 0.29226199999999997 0.474663 0.2833679999999999 0.0072219999999999993 0.010326999999999999 0.0070370000000000007 0.0013209999999999999 0.0013560000000000002 0.0013010000000000001 617.23935340316712 617.23935340316712 617.23935340316712 0.03168857161181516 0.03168857161181516 0.03168857161181516 1 1 1 Converged Converged Converged OK OK OK 129 129 129 129 129 129 7 7 7 0 0 0 0 1 0 0 1
166 166 linear 3 15 1624 2 0.0001 1 0.0072850678627539951 0.00011919678605114169 0.0037152892192586213 -0.005744842081887711 0.0037225446758008649 0.5 0.0035098348115783821 657.51930358354105 OK 15 14 0.81875399999999998 0.86314800000000003 0.25371199999999999 0.55943299999999996 0.42024699999999998 0 0.25932100000000002 0.44290100000000004 0.25371199999999999 0.016239 0.016309000000000001 0.015474999999999999 0.20922399999999994 0.39320400000000005 0.20544599999999991 0.0059229999999999994 0.0057020000000000005 0.0057690000000000007 0.0011919999999999999 0.001127 0.001106 657.51861011563267 657.51861011563267 657.51861011563267 0.036493448132609935 0.036493448132609935 0.036493448132609935 1 1 1 Converged Converged Converged OK OK OK 107 107 107 107 107 107 5 5 5 0 0 0 0 1 0 0 1
166 166 linear 3 23 1624 3 0.0001 1 0.0072850678627539951 0.00011919678605114169 0.0037152892192586213 -0.005744842081887711 0.0037391285764688496 0.5 0.0034932509109103973 712.93551340056297 OK 15 14 1.0320419999999999 1.1074630000000001 0.26624599999999998 0.76364100000000001 0.63692700000000002 0 0.26840099999999989 0.47053600000000007 0.26624599999999998 0.016133999999999999 0.016428000000000002 0.015532000000000001 0.21869399999999994 0.41586299999999982 0.21697699999999986 0.0058449999999999995 0.0062100000000000002 0.0059800000000000009 0.0012040000000000002 0.001238 0.001175 712.9344033870002 712.9344033870002 712.9344033870002 0.036514882029452689 0.036514882029452689 0.036514882029452689 1 1 1 Converged Converged Converged OK OK OK 107 107 107 107 107 107 5 5 5 0 0 0 0 1 0 0 1
166 166 linear 4 0 1625 0 0.001 1 0.0072850678627539951 0.00011919678605114169 0.0086997250516855414 -0.014173432429039972 0.0086758856944753136 0.5 -0.0014435062070960666 285.67197813391914 OK 15 14 0.76217100000000004 0.760212 0.17734800000000001 0.58068799999999998 0.57897200000000004 0 0.18148300000000006 0.18123999999999996 0.17734800000000001 0.016167000000000001 0.015827000000000001 0.015632 0.13775899999999996 0.13517100000000004 0.13470700000000008 0.0039550000000000002 0.0038359999999999996 0.0037659999999999998 0.00085400000000000005 0.00090600000000000001 0.00087199999999999995 285.67162238545859 285.67162238545859 285.67162238545859 0.25218184259015558 0.25218184259015558 0.25218184259015558 1 1 1 Converged Converged Converged OK OK OK 75 75 75 75 75 75 5 5 5 0 0 0 0 0 1 0 0
166 166 linear 4 7 1625 1 0.001 1 0.0072850678627539951 0.00011919678605114169 0.0086997250516855414 -0.014173432429039972 0.0086903966075598006 0.5 -0.0014580171201805537 292.343014291808 OK 15 14 0.61337399999999997 0.63281299999999996 0.173624 0.43077500000000002 0.31802399999999997 0 0.18259899999999996 0.31478899999999999 0.173624 0.015277000000000001 0.016551 0.014538000000000001 0.14401099999999992 0.27404100000000009 0.13650500000000002 0.0037689999999999998 0.0040930000000000003 0.0037569999999999999 0.0008479999999999999 0.00086400000000000008 0.000794 292.34265412918046 292.34265412918046 292.34265412918046 0.2552606994683202 0.2552606994683202 0.2552606994683202 1 1 1 Converged Converged Converged OK OK OK 75 75 75 75 75 75 5 5 5 0 0 0 0 1 0 0 1
166 166 linear 4 15 1625 2 0.001 1 0.0072850678627539951 0.00011919678605114169 0.0086997250516855414 -0.014173432429039972 0.0087069805082277841 0.5 -0.0014746010208485372 300.7321512390302 OK 15 14 0.70751500000000001 0.71539699999999995 0.17941499999999999 0.52374299999999996 0.40706300000000001 0 0.18377200000000005 0.30833399999999994 0.17941499999999999 0.015219 0.015833 0.014496 0.14541499999999996 0.26806900000000011 0.14246099999999998 0.0037399999999999998 0.0040759999999999998 0.0036359999999999999 0.00084999999999999995 0.001013 0.00082900000000000009 300.73178507300463 300.73178507300463 300.73178507300463 0.27074917752343042 0.27074917752343042 0.27074917752343042 1 1 1 Converged Converged Converged OK OK OK 75 75 75 75 75 75 5 5 5 0 0 0 0 1 0 0 1
166 166 linear 4 23 1625 3 0.001 1 0.0072850678627539951 0.00011919678605114169 0.0086997250516855414 -0.014173432429039972 0.0087235644088957693 0.5 -0.0014911849215165224 310.1038426342439 OK 15 14 0.70735099999999995 0.71161099999999999 0.170876 0.53248399999999996 0.41720099999999999 0 0.17486699999999999 0.29441000000000001 0.170876 0.015143999999999999 0.015269 0.014515999999999999 0.13655499999999998 0.25577399999999995 0.133774 0.0037999999999999996 0.0038859999999999997 0.0037309999999999995 0.00082200000000000003 0.00083700000000000007 0.00081099999999999998 310.1034693187965 310.1034693187965 310.1034693187965 0.28962352016649434 0.28962352016649434 0.28962352016649434 1 1 1 Converged Converged Converged OK OK OK 75 75 75 75 75 75 5 5 5 0 0 0 0 1 0 0 1
166 166 linear 4 0 1625 0 0.0001 1 0.0072850678627539951 0.00011919678605114169 0.0086997250516855414 -0.014173432429039972 0.0086758856944753136 0.5 -0.0014435062070960666 285.67197813391914 OK 15 14 0.85441 0.84829299999999996 0.26761099999999999 0.58398799999999995 0.58094400000000002 0 0.27042200000000005 0.26734899999999995 0.26761099999999999 0.016223999999999999 0.016059 0.015502 0.20954000000000009 0.20696799999999999 0.20796400000000009 0.0061340000000000006 0.0062610000000000009 0.0060260000000000001 0.0013210000000000001 0.0012999999999999999 0.0012949999999999999 285.67173013938196 285.67173013938196 285.67173013938196 0.018035886991505524 0.018035886991505524 0.018035886991505524 1 1 1 Converged Converged Converged OK OK OK 115 115 115 115 115 115 5 5 5 0 0 0 0 0 1 0 0
166 166 linear 4 7 1625 1 0.0001 1 0.0072850678627539951 0.00011919678605114169 0.0086997250516855414 -0.014173432429039972 0.0086903966075598006 0.5 -0.0014580171201805537 292.343014291808 OK 15 14 0.70305399999999996 0.76594200000000001 0.262324 0.43451600000000001 0.31396299999999999 0 0.26853799999999994 0.45197900000000002 0.262324 0.01524 0.015263000000000001 0.014633999999999999 0.217085 0.40052199999999988 0.21258300000000005 0.0061260000000000004 0.0061679999999999999 0.0059059999999999998 0.001273 0.001258 0.00123 292.34276166350764 292.34276166350764 292.34276166350764 0.018039920910869981 0.018039920910869981 0.018039920910869981 1 1 1 Converged Converged Converged OK OK OK 115 115 115 115 115 115 5 5 5 0 0 0 0 1 0 0 1
166 166 linear 4 15 1625 2 0.0001 1 0.0072850678627539951 0.00011919678605114169 0.0086997250516855414 -0.014173432429039972 0.0087069805082277841 0.5 -0.0014746010208485372 300.7321512390302 OK 15 14 0.80168600000000001 0.84940400000000005 0.270926 0.52099700000000004 0.393237 0 0.28068899999999997 0.45616700000000004 0.270926 0.015173000000000001 0.015180000000000001 0.014552000000000001 0.2296950000000002 0.40478299999999989 0.22131100000000004 0.005927 0.0059809999999999993 0.0058510000000000003 0.001328 0.0013210000000000001 0.001305 300.73189230163547 300.73189230163547 300.73189230163547 0.018044784021128458 0.018044784021128458 0.018044784021128458 1 1 1 Converged Converged Converged OK OK OK 115 115 115 115 115 115 5 5 5 0 0 0 0 1 0 0 1
166 166 linear 4 23 1625 3 0.0001 1 0.0072850678627539951 0.00011919678605114169 0.0086997250516855414 -0.014173432429039972 0.0087235644088957693 0.5 -0.0014911849215165224 310.1038426342439 OK 15 14 0.79759599999999997 0.86796899999999999 0.25997799999999999 0.52884399999999998 0.41475899999999999 0 0.26875199999999999 0.45321 0.25997799999999999 0.015187000000000001 0.015332999999999999 0.014618000000000001 0.21788600000000008 0.40180500000000008 0.21028599999999997 0.0059440000000000005 0.006032 0.0059080000000000001 0.0012290000000000001 0.0013049999999999997 0.0012610000000000002 310.10357616187241 310.10357616187241 310.10357616187241 0.018050006046162626 0.018050006046162626 0.018050006046162626 1 1 1 Converged Converged Converged OK OK OK 115 115 115 115 115 115 5 5 5 0 0 0 0 1 0 0 1
166 166 uniform 3 0 1626 0 0.001 1 0.0072850678627539951 0.00011919678605114169 0.0037152892192586213 -0.005744842081887711 0.003691449862048393 0 0.0035409296253308539 591.32263399119256 OK 15 14 0.78156899999999996 0.77462600000000004 0.200158 0.58082299999999998 0.57342499999999996 0 0.20074599999999998 0.20120100000000007 0.200158 0.017523 0.017783 0.017069000000000001 0.151646 0.15212800000000001 0.15180700000000003 0.0040950000000000005 0.0041149999999999997 0.0040530000000000002 0.00098799999999999995 0.00094899999999999997 0.00094700000000000003 591.32260323566641 591.32260323566641 591.32260323566641 0.36541065541004109 0.36541065541004109 0.36541065541004109 1 1 1 Converged Converged Converged OK OK OK 81 81 81 81 81 81 7 7 7 0 0 0 0 0 1 0 0
166 166 uniform 3 7 1626 1 0.001 1 0.0072850678627539951 0.00011919678605114169 0.0037152892192586213 -0.005744842081887711 0.0037059607751328797 0 0.0035264187122463673 620.32721053564808 OK 15 14 1.0422469999999999 1.0023919999999999 0.20444200000000001 0.83498799999999995 0.70093899999999998 0 0.20725899999999997 0.30145299999999997 0.20444200000000001 0.016143000000000001 0.016167000000000001 0.015155 0.16647099999999995 0.26032500000000003 0.16502500000000003 0.0039329999999999999 0.0041459999999999995 0.0039520000000000007 0.00087600000000000004 0.00090799999999999995 0.00087600000000000004 620.32696199686859 620.32696199686859 620.32696199686859 0.47032670471323917 0.47032670471323917 0.47032670471323917 1 1 1 Converged Converged Converged OK OK OK 81 81 81 81 81 81 7 7 7 0 0 0 0 1 0 0 1
166 166 uniform 3 15 1626 2 0.001 1 0.0072850678627539951 0.00011919678605114169 0.0037152892192586213 -0.005744842081887711 0.0037225446758008649 0 0.0035098348115783821 662.06821975228365 OK 15 14 0.69194699999999998 0.65188299999999999 0.130745 0.55906100000000003 0.41992200000000002 0 0.13288599999999995 0.23196099999999997 0.130745 0.016334000000000001 0.016323000000000001 0.015402000000000001 0.098202999999999999 0.19726199999999999 0.097703999999999985 0.0028679999999999999 0.0029809999999999997 0.0028700000000000002 0.00079100000000000004 0.00069099999999999999 0.00067699999999999998 662.0681548021563 662.0681548021563 662.0681548021563 0.56317619979746492 0.56317619979746492 0.56317619979746492 1 1 1 Converged Converged Converged OK OK OK 59 59 59 59 59 59 5 5 5 0 0 0 0 1 0 0 1
166 166 uniform 3 23 1626 3 0.001 1 0.0072850678627539951 0.00011919678605114169 0.0037152892192586213 -0.005744842081887711 0.0037391285764688496 0 0.0034932509109103973 720.62960841287099 OK 15 14 0.923037 0.93952000000000002 0.154528 0.76654599999999995 0.63914400000000005 0 0.15649100000000005 0.30037599999999998 0.154528 0.016197 0.016250000000000001 0.01542 0.11704699999999996 0.26051399999999997 0.11675600000000003 0.0037959999999999999 0.0039969999999999997 0.0036479999999999998 0.00083000000000000001 0.00082200000000000003 0.00077900000000000007 720.62954770427325 720.62954770427325 720.62954770427325 0.36044274433661361 0.36044274433661361 0.36044274433661361 1 1 1 Converged Converged Converged OK OK OK 75 75 75 75 75 75 5 5 5 0 0 0 0 1 0 0 1
166 166 uniform 3 0 1626 0 0.0001 1 0.0072850678627539951 0.00011919678605114169 0.0037152892192586213 -0.005744842081887711 0.003691449862048393 0 0.0035409296253308539 591.32263399119256 OK 15 14 0.82684000000000002 0.82348900000000003 0.25049399999999999 0.57184100000000004 0.57131200000000004 0 0.25499899999999998 0.25217699999999998 0.25049399999999999 0.017247999999999999 0.017597000000000002 0.017014999999999999 0.19369499999999992 0.19049599999999994 0.18980900000000009 0.0058170000000000001 0.0058280000000000007 0.0058629999999999993 0.0011949999999999999 0.001255 0.001227 591.32258322213113 591.32258322213113 591.32258322213113 0.033732394034096697 0.033732394034096697 0.033732394034096697 1 1 1 Converged Converged Converged OK OK OK 113 113 113 113 113 113 7 7 7 0 0 0 0 0 1 0 0
166 166 uniform 3 7 1626 1 0.0001 1 0.0072850678627539951 0.00011919678605114169 0.0037152892192586213 -0.005744842081887711 0.0037059607751328797 0 0.0035264187122463673 620.32721053564808 OK 15 14 1.0891500000000001 1.1349370000000001 0.252556 0.83137700000000003 0.70441900000000002 0 0.25777300000000003 0.43051800000000007 0.252556 0.016011000000000001 0.017559999999999999 0.015167999999999999 0.20719599999999994 0.37659000000000009 0.2031669999999999 0.0058050000000000003 0.0061469999999999997 0.0056849999999999999 0.00115 0.0011970000000000001 0.0011410000000000001 620.32717544374157 620.32717544374157 620.32717544374157 0.045393570568295599 0.045393570568295599 0.045393570568295599 1 1 1 Converged Converged Converged OK OK OK 113 113 113 113 113 113 7 7 7 0 0 0 0 1 0 0 1
166 166 uniform 3 15 1626 2 0.0001 1 0.0072850678627539951 0.00011919678605114169 0.0037152892192586213 -0.005744842081887711 0.0037225446758008649 0 0.0035098348115783821 662.06821975228365 OK 15 14 0.73648000000000002 0.780227 0.18025099999999999 0.55348299999999995 0.43279499999999999 0 0.18299700000000008 0.34743200000000002 0.18025099999999999 0.016344999999999998 0.016761000000000002 0.015438 0.138851 0.30165100000000006 0.13733900000000004 0.0045019999999999999 0.0048819999999999992 0.0046169999999999996 0.00096199999999999996 0.00096199999999999996 0.00092600000000000007 662.0681544776096 662.0681544776096 662.0681544776096 0.054501943316592943 0.054501943316592943 0.054501943316592943 1 1 1 Converged Converged Converged OK OK OK 91 91 91 91 91 91 5 5 5 0 0 0 0 1 0 0 1
166 166 uniform 3 23 1626 3 0.0001 1 0.0072850678627539951 0.00011919678605114169 0.0037152892192586213 -0.005744842081887711 0.0037391285764688496 0 0.0034932509109103973 720.62960841287099 OK 15 14 0.94974800000000004 0.99951699999999999 0.18201000000000001 0.76548899999999998 0.63328799999999996 0 0.18425900000000006 0.36622900000000003 0.18201000000000001 0.016253 0.016202000000000001 0.015488 0.13980300000000001 0.32132899999999998 0.13928099999999999 0.0046379999999999998 0.004718 0.0044359999999999998 0.00090000000000000008 0.00089300000000000002 0.00086499999999999999 720.62954763249127 720.62954763249127 720.62954763249127 0.05452728503791715 0.05452728503791715 0.05452728503791715 1 1 1 Converged Converged Converged OK OK OK 91 91 91 91 91 91 5 5 5 0 0 0 0 1 0 0 1
166 166 uniform 4 0 1627 0 0.001 1 0.0072850678627539951 0.00011919678605114169 0.0086997250516855414 -0.014173432429039972 0.0086758856944753136 0 -0.0014435062070960666 286.25289367823848 OK 15 14 0.706789 0.70621800000000001 0.125525 0.58053699999999997 0.57922099999999999 0 0.12625200000000003 0.12699700000000003 0.125525 0.015796000000000001 0.016296000000000001 0.015552 0.089092000000000018 0.089284999999999989 0.088755000000000001 0.0028220000000000003 0.0028349999999999998 0.002777 0.00063800000000000011 0.00063699999999999998 0.00063099999999999994 286.2528728182524 286.2528728182524 286.2528728182524 0.16036046263730286 0.16036046263730286 0.16036046263730286 1 1 1 Converged Converged Converged OK OK OK 59 59 59 59 59 59 5 5 5 0 0 0 0 0 1 0 0
166 166 uniform 4 7 1627 1 0.001 1 0.0072850678627539951 0.00011919678605114169 0.0086997250516855414 -0.014173432429039972 0.0086903966075598006 0 -0.0014580171201805537 293.00885578736649 OK 15 14 0.55726299999999995 0.53600300000000001 0.122268 0.42956 0.31037599999999999 0 0.12770299999999996 0.22562700000000002 0.122268 0.015103 0.015265000000000001 0.014607999999999999 0.094646000000000008 0.19247199999999992 0.090249999999999997 0.0028209999999999997 0.0028670000000000002 0.0027759999999999998 0.00061700000000000004 0.00061400000000000007 0.00059099999999999995 293.00883361853016 293.00883361853016 293.00883361853016 0.16954801756684662 0.16954801756684662 0.16954801756684662 1 1 1 Converged Converged Converged OK OK OK 59 59 59 59 59 59 5 5 5 0 0 0 0 1 0 0 1
166 166 uniform 4 15 1627 2 0.001 1 0.0072850678627539951 0.00011919678605114169 0.0086997250516855414 -0.014173432429039972 0.0087069805082277841 0 -0.0014746010208485372 301.51935566930911 OK 15 14 0.65188999999999997 0.60787899999999995 0.12717100000000001 0.52293100000000003 0.39365499999999998 0 0.12895899999999993 0.21422399999999997 0.12717100000000001 0.015191 0.015332999999999999 0.014447 0.095771999999999968 0.18105099999999996 0.095341999999999996 0.0028069999999999996 0.0028570000000000002 0.0027090000000000005 0.00062399999999999999 0.00061600000000000001 0.00062299999999999996 301.51933329585273 301.51933329585273 301.51933329585273 0.18199202944977708 0.18199202944977708 0.18199202944977708 1 1 1 Converged Converged Converged OK OK OK 59 59 59 59 59 59 5 5 5 0 0 0 0 1 0 0 1
166 166 uniform 4 23 1627 3 0.001 1 0.0072850678627539951 0.00011919678605114169 0.0086997250516855414 -0.014173432429039972 0.0087235644088957693 0 -0.0014911849215165224 311.04824992270233 OK 15 14 0.64907199999999998 0.62387300000000001 0.117377 0.53007499999999996 0.41552800000000001 0 0.11899700000000002 0.208345 0.117377 0.015240999999999999 0.015216 0.014448000000000001 0.085925000000000001 0.17523599999999998 0.085391999999999982 0.0027559999999999998 0.0029020000000000001 0.0027529999999999998 0.000602 0.00062799999999999998 0.00060400000000000004 311.04823133923799 311.04823133923799 311.04823133923799 0.19716251983668551 0.19716251983668551 0.19716251983668551 1 1 1 Converged Converged Converged OK OK OK 59 59 59 59 59 59 5 5 5 0 0 0 0 1 0 0 1
166 166 uniform 4 0 1627 0 0.0001 1 0.0072850678627539951 0.00011919678605114169 0.0086997250516855414 -0.014173432429039972 0.0086758856944753136 0 -0.0014435062070960666 286.25289367823848 OK 15 14 0.776447 0.77726799999999996 0.195856 0.57991599999999999 0.58103700000000003 0 0.19653100000000001 0.19623099999999993 0.195856 0.015748999999999999 0.015793999999999999 0.015591000000000001 0.14352999999999994 0.14358799999999994 0.143094 0.0049599999999999991 0.0051110000000000001 0.0048669999999999998 0.0010120000000000001 0.001021 0.00098700000000000003 286.25289554693484 286.25289554693484 286.25289554693484 0.027981008934589678 0.027981008934589678 0.027981008934589678 1 1 1 Converged Converged Converged OK OK OK 99 99 99 99 99 99 5 5 5 0 0 0 0 0 1 0 0
166 166 uniform 4 7 1627 1 0.0001 1 0.0072850678627539951 0.00011919678605114169 0.0086997250516855414 -0.014173432429039972 0.0086903966075598006 0 -0.0014580171201805537 293.00885578736649 OK 15 14 0.62321400000000005 0.66326099999999999 0.189522 0.429817 0.31321500000000002 0 0.19339700000000004 0.35004599999999997 0.189522 0.015084999999999999 0.015159000000000001 0.014463999999999999 0.14547399999999996 0.30453400000000008 0.14530400000000004 0.004875 0.0050179999999999999 0.0048529999999999997 0.00095699999999999995 0.00095600000000000014 0.00096100000000000005 293.00885634046199 293.00885634046199 293.00885634046199 0.027983671197518156 0.027983671197518156 0.027983671197518156 1 1 1 Converged Converged Converged OK OK OK 99 99 99 99 99 99 5 5 5 0 0 0 0 1 0 0 1
166 166 uniform 4 15 1627 2 0.0001 1 0.0072850678627539951 0.00011919678605114169 0.0086997250516855414 -0.014173432429039972 0.0087069805082277841 0 -0.0014746010208485372 301.51935566930911 OK 15 14 0.72419500000000003 0.74131800000000003 0.200597 0.52481299999999997 0.39582499999999998 0 0.19938200000000006 0.34549300000000005 0.200597 0.015166000000000001 0.015084 0.015802 0.15419399999999997 0.30023499999999992 0.15408699999999997 0.0049649999999999998 0.0049680000000000011 0.0047530000000000003 0.0009549999999999999 0.00096099999999999994 0.000959 301.51935600918517 301.51935600918517 301.51935600918517 0.027986703155882545 0.027986703155882545 0.027986703155882545 1 1 1 Converged Converged Converged OK OK OK 99 99 99 99 99 99 5 5 5 0 0 0 0 1 0 0 1
166 166 uniform 4 23 1627 3 0.0001 1 0.0072850678627539951 0.00011919678605114169 0.0086997250516855414 -0.014173432429039972 0.0087235644088957693 0 -0.0014911849215165224 311.04824992270233 OK 15 14 0.72074700000000003 0.75752299999999995 0.18698799999999999 0.53238600000000003 0.41383199999999998 0 0.188361 0.34369099999999997 0.18698799999999999 0.015221999999999999 0.015122999999999999 0.014562 0.14316800000000002 0.29812800000000006 0.14278300000000005 0.0048970000000000003 0.0050720000000000001 0.004888 0.001003 0.00096199999999999996 0.00095300000000000007 311.04825404185232 311.04825404185232 311.04825404185232 0.027989723282577868 0.027989723282577868 0.027989723282577868 1 1 1 Converged Converged Converged OK OK OK 99 99 99 99 99 99 5 5 5 0 0 0 0 1 0 0 1
167 167 linear 3 0 1628 0 0.001 1 0.037244739596378966 0.0001006539883024706 0.02467386865877632 -0.0010372092215761397 0.024653737861115826 0.5 0.011253640768610407 73.230297748650656 OK 13 12 0.64620599999999995 0.64159299999999997 0.112556 0.53053399999999995 0.527613 0 0.115672 0.11397999999999997 0.112556 0.0095510000000000005 0.0095840000000000005 0.0090489999999999998 0.09055100000000002 0.089301000000000005 0.088307999999999998 0.0022239999999999998 0.0022000000000000001 0.002183 0.00046300000000000003 0.000446 0.00045599999999999997 73.230056441370564 73.230056441370564 73.230056441370564 0.036693407889603596 0.036693407889603596 0.036693407889603596 1 1 1 Converged Converged Converged OK OK OK 45 45 45 45 45 45 3 3 3 0 0 0 0 0 1 0 0
167 167 linear 3 7 1628 1 0.001 1 0.037244739596378966 0.0001006539883024706 0.02467386865877632 -0.0010372092215761397 0.024665991390126561 0.5 0.011241387239599672 73.432393682466554 OK 13 12 0.56628199999999995 0.51357399999999997 0.11032599999999999 0.45291999999999999 0.32938800000000001 0 0.11336199999999996 0.18418599999999996 0.11032599999999999 0.0088459999999999997 0.0088780000000000005 0.0096019999999999994 0.089987000000000025 0.16101100000000007 0.086819999999999967 0.002343 0.0023600000000000001 0.0022409999999999999 0.00048700000000000002 0.000484 0.00044300000000000003 73.432151869763615 73.432151869763615 73.432151869763615 0.036692365018743026 0.036692365018743026 0.036692365018743026 1 1 1 Converged Converged Converged OK OK OK 45 45 45 45 45 45 3 3 3 0 0 0 0 1 0 0 1
167 167 linear 3 15 1628 2 0.001 1 0.037244739596378966 0.0001006539883024706 0.02467386865877632 -0.0010372092215761397 0.024679995423281687 0.5 0.011227383206444546 73.664430844328564 OK 13 12 0.65133099999999999 0.60818499999999998 0.108394 0.53936600000000001 0.40903699999999998 0 0.11196499999999998 0.19914799999999999 0.108394 0.0088070000000000006 0.0088760000000000002 0.0082220000000000001 0.088970999999999995 0.17581100000000005 0.086586999999999997 0.0022300000000000002 0.0023379999999999998 0.0022139999999999998 0.000457 0.00048899999999999996 0.00042700000000000002 73.66418878304188 73.66418878304188 73.66418878304188 0.036691173487068955 0.036691173487068955 0.036691173487068955 1 1 1 Converged Converged Converged OK OK OK 45 45 45 45 45 45 3 3 3 0 0 0 0 1 0 0 1
167 167 linear 3 23 1628 3 0.001 1 0.037244739596378966 0.0001006539883024706 0.02467386865877632 -0.0010372092215761397 0.024693999456436813 0.5 0.01121337917328942 73.897615220832122 OK 13 12 0.66996999999999995 0.61462499999999998 0.108833 0.55751200000000001 0.42976300000000001 0 0.11245799999999995 0.18486199999999997 0.108833 0.0087119999999999993 0.0089599999999999992 0.008208 0.089554000000000036 0.16182000000000005 0.087108999999999978 0.0022190000000000001 0.002215 0.002199 0.00044799999999999999 0.00044999999999999999 0.00042300000000000004 73.897372856615746 73.897372856615746 73.897372856615746 0.036689982302788492 0.036689982302788492 0.036689982302788492 1 1 1 Converged Converged Converged OK OK OK 45 45 45 45 45 45 3 3 3 0 0 0 0 1 0 0 1
167 167 linear 3 0 1628 0 0.0001 1 0.037244739596378966 0.0001006539883024706 0.02467386865877632 -0.0010372092215761397 0.024653737861115826 0.5 0.011253640768610407 73.230297748650656 OK 13 12 0.69231299999999996 0.68817300000000003 0.15754699999999999 0.53074299999999996 0.52961899999999995 0 0.16156999999999999 0.15855400000000008 0.15754699999999999 0.0095139999999999999 0.0095530000000000007 0.0092130000000000007 0.12990599999999999 0.127105 0.12661500000000001 0.003065 0.0030930000000000003 0.0030760000000000002 0.00069499999999999998 0.00069899999999999997 0.000696 73.230270911639252 73.230270911639252 73.230270911639252 0.00042911733655213644 0.00042911733655213644 0.00042911733655213644 1 1 1 Converged Converged Converged OK OK OK 61 61 61 61 61 61 3 3 3 0 0 0 0 0 1 0 0
167 167 linear 3 7 1628 1 0.0001 1 0.037244739596378966 0.0001006539883024706 0.02467386865877632 -0.0010372092215761397 0.024665991390126561 0.5 0.011241387239599672 73.432393682466554 OK 13 12 0.61547700000000005 0.57371899999999998 0.147534 0.45463900000000002 0.32747999999999999 0 0.16083800000000004 0.24623899999999999 0.147534 0.0089800000000000001 0.00894 0.0082710000000000006 0.13097799999999996 0.21806300000000001 0.12067399999999995 0.0031449999999999998 0.003143 0.0029889999999999999 0.00067899999999999992 0.00067000000000000002 0.00065499999999999998 73.432366333934453 73.432366333934453 73.432366333934453 0.00042910554404469259 0.00042910554404469259 0.00042910554404469259 1 1 1 Converged Converged Converged OK OK OK 61 61 61 61 61 61 3 3 3 0 0 0 0 1 0 0 1
167 167 linear 3 15 1628 2 0.0001 1 0.037244739596378966 0.0001006539883024706 0.02467386865877632 -0.0010372092215761397 0.024679995423281687 0.5 0.011227383206444546 73.664430844328564 OK 13 12 0.69358299999999995 0.66681100000000004 0.15126300000000001 0.53827199999999997 0.41045799999999999 0 0.15531099999999998 0.25635300000000005 0.15126300000000001 0.0087609999999999997 0.0088590000000000006 0.0082349999999999993 0.12758400000000003 0.22808099999999995 0.12465500000000002 0.0030139999999999998 0.0032079999999999999 0.0029749999999999998 0.00069099999999999999 0.00069999999999999999 0.00065499999999999998 73.66440324024498 73.66440324024498 73.66440324024498 0.00042909216684122199 0.00042909216684122199 0.00042909216684122199 1 1 1 Converged Converged Converged OK OK OK 61 61 61 61 61 61 3 3 3 0 0 0 0 1 0 0 1
167 167 linear 3 23 1628 3 0.0001 1 0.037244739596378966 0.0001006539883024706 0.02467386865877632 -0.0010372092215761397 0.024693999456436813 0.5 0.01121337917328942 73.897615220832122 OK 13 12 0.712538 0.67530800000000002 0.15001999999999999 0.55796500000000004 0.42277500000000001 0 0.15457299999999996 0.25253300000000001 0.15001999999999999 0.0087410000000000005 0.0088389999999999996 0.0081810000000000008 0.12680900000000001 0.22448400000000007 0.123414 0.003039 0.003091 0.0029290000000000002 0.00068099999999999996 0.00069399999999999996 0.00067200000000000007 73.8975873068525 73.8975873068525 73.8975873068525 0.00042907890135504014 0.00042907890135504014 0.00042907890135504014 1 1 1 Converged Converged Converged OK OK OK 61 61 61 61 61 61 3 3 3 0 0 0 0 1 0 0 1
167 167 linear 4 0 1629 0 0.001 1 0.037244739596378966 0.0001006539883024706 0.020877848421841445 0.0053716216243487507 0.020857717624180951 0.5 0.015049661005545282 26.814020849146516 OK 13 12 0.68912600000000002 0.68069299999999999 0.13544300000000001 0.54648399999999997 0.54127800000000004 0 0.14264200000000005 0.13941499999999996 0.13544300000000001 0.0095309999999999995 0.0095029999999999993 0.009162 0.11407800000000001 0.111389 0.10785600000000005 0.002722 0.0026880000000000003 0.0025770000000000003 0.00059800000000000001 0.00059699999999999998 0.00058599999999999993 26.813926575068542 26.813926575068542 26.813926575068542 0.01537762642381489 0.01537762642381489 0.01537762642381489 1 1 1 Converged Converged Converged OK OK OK 53 53 53 53 53 53 3 3 3 0 0 0 0 0 1 0 0
167 167 linear 4 7 1629 1 0.001 1 0.037244739596378966 0.0001006539883024706 0.020877848421841445 0.0053716216243487507 0.020869971153191686 0.5 0.015037407476534547 26.837446072477924 OK 13 12 0.67178099999999996 0.61198799999999998 0.13062099999999999 0.52838600000000002 0.39824300000000001 0 0.14339499999999994 0.21374499999999996 0.13062099999999999 0.009953 0.0086479999999999994 0.0082699999999999996 0.11646400000000001 0.18841199999999994 0.10638500000000004 0.0026910000000000002 0.0026700000000000001 0.0026099999999999999 0.00060700000000000012 0.00059600000000000007 0.00058200000000000005 26.837351778661358 26.837351778661358 26.837351778661358 0.015378375417864609 0.015378375417864609 0.015378375417864609 1 1 1 Converged Converged Converged OK OK OK 53 53 53 53 53 53 3 3 3 0 0 0 0 1 0 0 1
167 167 linear 4 15 1629 2 0.001 1 0.037244739596378966 0.0001006539883024706 0.020877848421841445 0.0053716216243487507 0.020883975186346812 0.5 0.015023403443379421 26.864252726160753 OK 13 12 0.68481000000000003 0.63031800000000004 0.133052 0.547736 0.42213600000000001 0 0.13707400000000003 0.20818200000000003 0.133052 0.0087749999999999998 0.0087709999999999993 0.0082269999999999999 0.11147400000000003 0.18283199999999999 0.10877499999999998 0.0026389999999999999 0.0026819999999999999 0.002604 0.000562 0.00058 0.00053899999999999998 26.864158407787428 26.864158407787428 26.864158407787428 0.015379231407994857 0.015379231407994857 0.015379231407994857 1 1 1 Converged Converged Converged OK OK OK 53 53 53 53 53 53 3 3 3 0 0 0 0 1 0 0 1
167 167 linear 4 23 1629 3 0.001 1 0.037244739596378966 0.0001006539883024706 0.020877848421841445 0.0053716216243487507 0.020897979219501938 0.5 0.015009399410224295 26.891096687955777 OK 13 12 0.62478800000000001 0.56462500000000004 0.13618 0.48052899999999998 0.35062399999999999 0 0.14425900000000003 0.21400100000000005 0.13618 0.0087589999999999994 0.0088210000000000007 0.0082819999999999994 0.11475899999999999 0.18828800000000004 0.11187500000000002 0.0026940000000000002 0.0027290000000000001 0.0026130000000000003 0.00059099999999999995 0.00060599999999999998 0.00057499999999999999 26.891002355747251 26.891002355747251 26.891002355747251 0.015380087438652856 0.015380087438652856 0.015380087438652856 1 1 1 Converged Converged Converged OK OK OK 53 53 53 53 53 53 3 3 3 0 0 0 0 1 0 0 1
167 167 linear 4 0 1629 0 0.0001 1 0.037244739596378966 0.0001006539883024706 0.020877848421841445 0.0053716216243487507 0.020857717624180951 0.5 0.015049661005545282 26.814020849146516 OK 13 12 0.69989299999999999 0.70565800000000001 0.151951 0.54392700000000005 0.552539 0 0.15596599999999994 0.15311900000000001 0.151951 0.0095119999999999996 0.0094769999999999993 0.0091120000000000003 0.12413499999999998 0.12175100000000001 0.12128099999999999 0.0030920000000000001 0.0030630000000000002 0.0030130000000000001 0.00075200000000000006 0.00072600000000000008 0.000696 26.814014958803465 26.814014958803465 26.814014958803465 0.00043302260830162167 0.00043302260830162167 0.00043302260830162167 1 1 1 Converged Converged Converged OK OK OK 61 61 61 61 61 61 3 3 3 0 0 0 0 0 1 0 0
167 167 linear 4 7 1629 1 0.0001 1 0.037244739596378966 0.0001006539883024706 0.020877848421841445 0.0053716216243487507 0.020869971153191686 0.5 0.015037407476534547 26.837446072477924 OK 13 12 0.67698400000000003 0.649586 0.14659 0.52570799999999995 0.39930599999999999 0 0.15127600000000008 0.25028 0.14659 0.0088409999999999999 0.0087740000000000005 0.0082799999999999992 0.12335299999999996 0.22266700000000009 0.11995799999999998 0.0030019999999999999 0.0030539999999999999 0.003032 0.000727 0.00068499999999999995 0.00066699999999999995 26.83744016690175 26.83744016690175 26.83744016690175 0.00043300978148660279 0.00043300978148660279 0.00043300978148660279 1 1 1 Converged Converged Converged OK OK OK 61 61 61 61 61 61 3 3 3 0 0 0 0 1 0 0 1
167 167 linear 4 15 1629 2 0.0001 1 0.037244739596378966 0.0001006539883024706 0.020877848421841445 0.0053716216243487507 0.020883975186346812 0.5 0.015023403443379421 26.864252726160753 OK 13 12 0.69819900000000001 0.67410300000000001 0.149781 0.54429799999999995 0.42590299999999998 0 0.15390100000000007 0.24820000000000003 0.149781 0.0087360000000000007 0.0087119999999999993 0.0081840000000000003 0.12624300000000005 0.22038700000000003 0.123124 0.0030310000000000003 0.0030569999999999998 0.0030110000000000002 0.000669 0.00067299999999999999 0.00065300000000000004 26.864246801177138 26.864246801177138 26.864246801177138 0.00043299509677464725 0.00043299509677464725 0.00043299509677464725 1 1 1 Converged Converged Converged OK OK OK 61 61 61 61 61 61 3 3 3 0 0 0 0 1 0 0 1
167 167 linear 4 23 1629 3 0.0001 1 0.037244739596378966 0.0001006539883024706 0.020877848421841445 0.0053716216243487507 0.020897979219501938 0.5 0.015009399410224295 26.891096687955777 OK 13 12 0.64900100000000005 0.60515699999999994 0.15221699999999999 0.48276599999999997 0.34775 0 0.16623500000000008 0.25740699999999994 0.15221699999999999 0.010005 0.0087950000000000007 0.0082269999999999999 0.13647999999999996 0.22934600000000002 0.12536 0.0031779999999999998 0.003143 0.003055 0.00074399999999999998 0.00071500000000000003 0.00068099999999999996 26.891090754286314 26.891090754286314 26.891090754286314 0.00043298042824211816 0.00043298042824211816 0.00043298042824211816 1 1 1 Converged Converged Converged OK OK OK 61 61 61 61 61 61 3 3 3 0 0 0 0 1 0 0 1
167 167 uniform 3 0 1630 0 0.001 1 0.037244739596378966 0.0001006539883024706 0.02467386865877632 -0.0010372092215761397 0.024653737861115826 0 0.011253640768610407 73.232731214653612 OK 13 12 0.60233300000000001 0.60408200000000001 0.073608000000000007 0.527169 0.529802 0 0.075164000000000009 0.074280000000000013 0.073608000000000007 0.0095340000000000008 0.0093539999999999995 0.0090290000000000006 0.055301999999999997 0.055208000000000007 0.055038000000000011 0.0013210000000000001 0.001325 0.0012859999999999998 0.00032700000000000003 0.00031199999999999999 0.00030400000000000002 73.232688473732608 73.232688473732608 73.232688473732608 0.061329586243201617 0.061329586243201617 0.061329586243201617 1 1 1 Converged Converged Converged OK OK OK 29 29 29 29 29 29 3 3 3 0 0 0 0 0 1 0 0
167 167 uniform 3 7 1630 1 0.001 1 0.037244739596378966 0.0001006539883024706 0.02467386865877632 -0.0010372092215761397 0.024665991390126561 0 0.011241387239599672 73.434850690941204 OK 13 12 0.52192799999999995 0.440687 0.068126999999999993 0.45230599999999999 0.32838200000000001 0 0.069621999999999962 0.11230499999999999 0.068126999999999993 0.0087670000000000005 0.0088079999999999999 0.0082380000000000005 0.05165899999999999 0.094500999999999988 0.051303999999999995 0.0013730000000000001 0.0013780000000000001 0.00131 0.00032000000000000003 0.00032299999999999999 0.000301 73.434807654561595 73.434807654561595 73.434807654561595 0.061398890647893188 0.061398890647893188 0.061398890647893188 1 1 1 Converged Converged Converged OK OK OK 29 29 29 29 29 29 3 3 3 0 0 0 0 1 0 0 1
167 167 uniform 3 15 1630 2 0.001 1 0.037244739596378966 0.0001006539883024706 0.02467386865877632 -0.0010372092215761397 0.024679995423281687 0 0.011227383206444546 73.666914947047985 OK 13 12 0.61103499999999999 0.52890899999999996 0.071088999999999999 0.53849400000000003 0.41061199999999998 0 0.072540999999999967 0.11829699999999999 0.071088999999999999 0.0087399999999999995 0.008796 0.0083079999999999994 0.054785999999999987 0.10047999999999999 0.054190000000000002 0.0013010000000000001 0.0013270000000000001 0.0013010000000000001 0.00031799999999999998 0.00031300000000000002 0.00030299999999999999 73.666872026963176 73.666872026963176 73.666872026963176 0.06147845385793177 0.06147845385793177 0.06147845385793177 1 1 1 Converged Converged Converged OK OK OK 29 29 29 29 29 29 3 3 3 0 0 0 0 1 0 0 1
167 167 uniform 3 23 1630 3 0.001 1 0.037244739596378966 0.0001006539883024706 0.02467386865877632 -0.0010372092215761397 0.024693999456436813 0 0.01121337917328942 73.900126803333009 OK 13 12 0.62535300000000005 0.54230699999999998 0.068876000000000007 0.55508400000000002 0.42333599999999999 0 0.070269000000000026 0.11897099999999999 0.068876000000000007 0.0086829999999999997 0.0088260000000000005 0.0081790000000000005 0.052590999999999999 0.10113699999999999 0.052148 0.0013059999999999999 0.001307 0.0012769999999999999 0.00030899999999999998 0.00035800000000000003 0.00030200000000000002 73.900083898016064 73.900083898016064 73.900083898016064 0.061558401107469164 0.061558401107469164 0.061558401107469164 1 1 1 Converged Converged Converged OK OK OK 29 29 29 29 29 29 3 3 3 0 0 0 0 1 0 0 1
167 167 uniform 3 0 1630 0 0.0001 1 0.037244739596378966 0.0001006539883024706 0.02467386865877632 -0.0010372092215761397 0.024653737861115826 0 0.011253640768610407 73.232731214653612 OK 13 12 0.66500300000000001 0.66550600000000004 0.13454099999999999 0.52804799999999996 0.52603100000000003 0 0.13695500000000005 0.13947500000000002 0.13454099999999999 0.0094660000000000005 0.009443 0.0090760000000000007 0.10548399999999999 0.108459 0.10407499999999996 0.0030839999999999999 0.0030129999999999996 0.0029559999999999999 0.00067200000000000007 0.00069399999999999996 0.00064700000000000001 73.23273317448826 73.23273317448826 73.23273317448826 8.9405887612342271e-05 8.9405887612342271e-05 8.9405887612342271e-05 1 1 1 Converged Converged Converged OK OK OK 61 61 61 61 61 61 3 3 3 0 0 0 0 0 1 0 0
167 167 uniform 3 7 1630 1 0.0001 1 0.037244739596378966 0.0001006539883024706 0.02467386865877632 -0.0010372092215761397 0.024665991390126561 0 0.011241387239599672 73.434850690941204 OK 13 12 0.58254499999999998 0.55012700000000003 0.124985 0.45585100000000001 0.32786599999999999 0 0.12669399999999997 0.22226100000000004 0.124985 0.0088140000000000007 0.0088540000000000008 0.008201 0.098951999999999971 0.19464299999999998 0.098559999999999981 0.0030080000000000003 0.0029710000000000001 0.0029289999999999997 0.00068199999999999999 0.00066500000000000001 0.00064499999999999996 73.434852354055465 73.434852354055465 73.434852354055465 8.940332293419864e-05 8.940332293419864e-05 8.940332293419864e-05 1 1 1 Converged Converged Converged OK OK OK 61 61 61 61 61 61 3 3 3 0 0 0 0 1 0 0 1
167 167 uniform 3 15 1630 2 0.0001 1 0.037244739596378966 0.0001006539883024706 0.02467386865877632 -0.0010372092215761397 0.024679995423281687 0 0.011227383206444546 73.666914947047985 OK 13 12 0.66771000000000003 0.64087099999999997 0.12883500000000001 0.53697899999999998 0.406005 0 0.13073100000000004 0.23486599999999996 0.12883500000000001 0.008796 0.011490999999999999 0.0082290000000000002 0.10321799999999998 0.20437100000000005 0.10245300000000002 0.0029399999999999999 0.0030590000000000001 0.002921 0.0006739999999999999 0.00065700000000000003 0.00064199999999999999 73.666916724996923 73.666916724996923 73.666916724996923 8.9400476908719579e-05 8.9400476908719579e-05 8.9400476908719579e-05 1 1 1 Converged Converged Converged OK OK OK 61 61 61 61 61 61 3 3 3 0 0 0 0 1 0 0 1
167 167 uniform 3 23 1630 3 0.0001 1 0.037244739596378966 0.0001006539883024706 0.02467386865877632 -0.0010372092215761397 0.024693999456436813 0 0.01121337917328942 73.900126803333009 OK 13 12 0.68701699999999999 0.65165600000000001 0.12773999999999999 0.55795600000000001 0.42238599999999998 0 0.12906099999999998 0.22927000000000003 0.12773999999999999 0.0086630000000000006 0.0088190000000000004 0.0082089999999999993 0.10154000000000002 0.20137400000000005 0.10118099999999999 0.0030140000000000002 0.0030569999999999998 0.00298 0.00066700000000000006 0.00066399999999999999 0.00063500000000000004 73.900128594611076 73.900128594611076 73.900128594611076 8.939764146462584e-05 8.939764146462584e-05 8.939764146462584e-05 1 1 1 Converged Converged Converged OK OK OK 61 61 61 61 61 61 3 3 3 0 0 0 0 1 0 0 1
167 167 uniform 4 0 1631 0 0.001 1 0.037244739596378966 0.0001006539883024706 0.020877848421841445 0.0053716216243487507 0.020857717624180951 0 0.015049661005545282 26.814059550636536 OK 13 12 0.63248899999999997 0.63561900000000005 0.089931999999999998 0.541597 0.54461499999999996 0 0.090891999999999973 0.091004000000000085 0.089931999999999998 0.0092929999999999992 0.0093970000000000008 0.0090349999999999996 0.068689999999999973 0.069062999999999986 0.068406999999999996 0.0017330000000000002 0.0017539999999999999 0.0017089999999999998 0.00043599999999999997 0.00044199999999999996 0.00044499999999999997 26.814040950642433 26.814040950642433 26.814040950642433 0.02411084084045588 0.02411084084045588 0.02411084084045588 1 1 1 Converged Converged Converged OK OK OK 37 37 37 37 37 37 3 3 3 0 0 0 0 0 1 0 0
167 167 uniform 4 7 1631 1 0.001 1 0.037244739596378966 0.0001006539883024706 0.020877848421841445 0.0053716216243487507 0.020869971153191686 0 0.015037407476534547 26.837484880650134 OK 13 12 0.61745300000000003 0.53911900000000001 0.091633999999999993 0.525447 0.40195799999999998 0 0.092006000000000032 0.13716100000000003 0.091633999999999993 0.0087500000000000008 0.008855 0.0083689999999999997 0.071719000000000005 0.11679100000000002 0.072299000000000016 0.001745 0.001825 0.0017080000000000001 0.000435 0.00044200000000000001 0.00042199999999999996 26.837466279682538 26.837466279682538 26.837466279682538 0.024119829836289821 0.024119829836289821 0.024119829836289821 1 1 1 Converged Converged Converged OK OK OK 37 37 37 37 37 37 3 3 3 0 0 0 0 1 0 0 1
167 167 uniform 4 15 1631 2 0.001 1 0.037244739596378966 0.0001006539883024706 0.020877848421841445 0.0053716216243487507 0.020883975186346812 0 0.015023403443379421 26.864291654903212 OK 13 12 0.63531800000000005 0.56395099999999998 0.089035000000000003 0.54475799999999996 0.42850700000000003 0 0.090560000000000085 0.13544399999999995 0.089035000000000003 0.008744 0.0087620000000000007 0.0082240000000000004 0.070091999999999988 0.11510199999999997 0.069726999999999997 0.001794 0.0017980000000000001 0.0017230000000000001 0.00045299999999999995 0.00044300000000000003 0.00041600000000000003 26.864273052628324 26.864273052628324 26.864273052628324 0.024130115188438706 0.024130115188438706 0.024130115188438706 1 1 1 Converged Converged Converged OK OK OK 37 37 37 37 37 37 3 3 3 0 0 0 0 1 0 0 1
167 167 uniform 4 23 1631 3 0.001 1 0.037244739596378966 0.0001006539883024706 0.020877848421841445 0.0053716216243487507 0.020897979219501938 0 0.015009399410224295 26.891135736091243 OK 13 12 0.57593399999999995 0.48794599999999999 0.093382000000000007 0.480632 0.34810600000000003 0 0.095301999999999942 0.13983999999999996 0.093382000000000007 0.0087259999999999994 0.0088529999999999998 0.0083090000000000004 0.074890000000000026 0.11958199999999999 0.074055000000000024 0.0017319999999999998 0.0017289999999999999 0.0017219999999999998 0.00043100000000000001 0.00044200000000000001 0.00041799999999999997 26.891117144829614 26.891117144829614 26.891117144829614 0.024140413604123116 0.024140413604123116 0.024140413604123116 1 1 1 Converged Converged Converged OK OK OK 37 37 37 37 37 37 3 3 3 0 0 0 0 1 0 0 1
167 167 uniform 4 0 1631 0 0.0001 1 0.037244739596378966 0.0001006539883024706 0.020877848421841445 0.0053716216243487507 0.020857717624180951 0 0.015049661005545282 26.814059550636536 OK 13 12 0.67462 0.67419899999999999 0.126725 0.54655900000000002 0.54654800000000003 0 0.12806099999999998 0.12765099999999996 0.126725 0.0095680000000000001 0.0095099999999999994 0.0090930000000000004 0.096853999999999996 0.096814999999999971 0.096502999999999992 0.0030230000000000001 0.0030460000000000001 0.0029750000000000002 0.00068400000000000004 0.00070799999999999997 0.00067500000000000004 26.814059372107245 26.814059372107245 26.814059372107245 9.0242743149281121e-05 9.0242743149281121e-05 9.0242743149281121e-05 1 1 1 Converged Converged Converged OK OK OK 61 61 61 61 61 61 3 3 3 0 0 0 0 0 1 0 0
167 167 uniform 4 7 1631 1 0.0001 1 0.037244739596378966 0.0001006539883024706 0.020877848421841445 0.0053716216243487507 0.020869971153191686 0 0.015037407476534547 26.837484880650134 OK 13 12 0.65628600000000004 0.627135 0.12203600000000001 0.52456899999999995 0.39768700000000001 0 0.13171700000000008 0.22944799999999999 0.12203600000000001 0.0086990000000000001 0.008744 0.008201 0.10353999999999995 0.20159099999999999 0.095458000000000001 0.0031669999999999997 0.0031000000000000003 0.0029719999999999998 0.00068400000000000004 0.00067400000000000001 0.00064899999999999995 26.837484702084531 26.837484702084531 26.837484702084531 9.0240061205691533e-05 9.0240061205691533e-05 9.0240061205691533e-05 1 1 1 Converged Converged Converged OK OK OK 61 61 61 61 61 61 3 3 3 0 0 0 0 1 0 0 1
167 167 uniform 4 15 1631 2 0.0001 1 0.037244739596378966 0.0001006539883024706 0.020877848421841445 0.0053716216243487507 0.020883975186346812 0 0.015023403443379421 26.864291654903212 OK 13 12 0.67468600000000001 0.648648 0.12531 0.54769699999999999 0.422296 0 0.12698900000000002 0.226352 0.12531 0.0087899999999999992 0.0087770000000000001 0.0082000000000000007 0.099067000000000058 0.195686 0.098815 0.0030499999999999998 0.0030570000000000003 0.0029810000000000001 0.00066500000000000001 0.00067000000000000002 0.00065600000000000001 26.864291476094962 26.864291476094962 26.864291476094962 9.023698496930586e-05 9.023698496930586e-05 9.023698496930586e-05 1 1 1 Converged Converged Converged OK OK OK 61 61 61 61 61 61 3 3 3 0 0 0 0 1 0 0 1
167 167 uniform 4 23 1631 3 0.0001 1 0.037244739596378966 0.0001006539883024706 0.020877848421841445 0.0053716216243487507 0.020897979219501938 0 0.015009399410224295 26.891135736091243 OK 13 12 0.61257700000000004 0.57954499999999998 0.12720100000000001 0.48303699999999999 0.35039900000000002 0 0.12954000000000004 0.22914599999999996 0.12720100000000001 0.0086719999999999992 0.0088599999999999998 0.0081259999999999995 0.10196000000000004 0.20126499999999997 0.10077599999999998 0.0030149999999999999 0.0030530000000000002 0.0029429999999999999 0.00065800000000000006 0.000687 0.00066900000000000011 26.891135569369009 26.891135569369009 26.891135569369009 9.0233911130333034e-05 9.0233911130333034e-05 9.0233911130333034e-05 1 1 1 Converged Converged Converged OK OK OK 61 61 61 61 61 61 3 3 3 0 0 0 0 1 0 0 1
168 168 linear 3 0 1632 0 0.001 1 0.64568392049355217 0.00012536275363080217 -0.24828424020823364 -0.11846580330566517 -0.24830931275895982 0.5 0.64065921206398979 66.966918005706461 OK 15 14 0.57101199999999996 0.56882500000000003 0.19107499999999999 0.37638700000000003 0.37553700000000001 0 0.19462499999999994 0.19328800000000002 0.19107499999999999 0.014279999999999999 0.014482999999999999 0.013946 0.14315100000000008 0.14165099999999997 0.14021699999999998 0.0050419999999999996 0.0051660000000000005 0.0052770000000000004 0.001067 0.0011149999999999999 0.0010870000000000001 66.966826229448998 66.966826229448998 66.966826229448998 0.012024969372752301 0.012024969372752301 0.012024969372752301 1 1 1 Converged Converged Converged OK OK OK 99 99 99 99 99 99 5 5 5 0 0 0 0 0 1 0 0
168 168 linear 3 7 1632 1 0.001 1 0.64568392049355217 0.00012536275363080217 -0.24828424020823364 -0.11846580330566517 -0.24829405120634387 0.5 0.64064395051137391 64.204682798143182 OK 15 14 0.52134499999999995 0.58823099999999995 0.15385699999999999 0.36394100000000001 0.23006399999999999 0 0.15740399999999993 0.35816699999999996 0.15385699999999999 0.013693 0.013631000000000001 0.012880000000000001 0.11801000000000003 0.31844100000000003 0.11565400000000001 0.0042290000000000001 0.0044790000000000003 0.0043339999999999993 0.000977 0.0010150000000000001 0.00099200000000000004 64.204592717075016 64.204592717075016 64.204592717075016 0.063436574121146991 0.063436574121146991 0.063436574121146991 1 1 1 Converged Converged Converged OK OK OK 83 83 83 83 83 83 5 5 5 0 0 0 0 1 0 0 1
168 168 linear 3 15 1632 2 0.001 1 0.64568392049355217 0.00012536275363080217 -0.24828424020823364 -0.11846580330566517 -0.24827660943192567 0.5 0.6406265087369557 61.497210207696533 OK 15 14 0.527258 0.59766600000000003 0.152057 0.37145099999999998 0.23814099999999999 0 0.15580700000000003 0.35952500000000004 0.152057 0.013539000000000001 0.01355 0.012798 0.11674000000000001 0.32008700000000012 0.11416599999999999 0.0042569999999999995 0.0044510000000000001 0.0043219999999999995 0.00093399999999999993 0.00093599999999999998 0.00091900000000000011 61.497120632888802 61.497120632888802 61.497120632888802 0.058777569243273944 0.058777569243273944 0.058777569243273944 1 1 1 Converged Converged Converged OK OK OK 83 83 83 83 83 83 5 5 5 0 0 0 0 1 0 0 1
168 168 linear 3 23 1632 3 0.001 1 0.64568392049355217 0.00012536275363080217 -0.24828424020823364 -0.11846580330566517 -0.24825916765750747 0.5 0.6406090669625375 59.152032605882596 OK 15 14 0.51310500000000003 0.57264400000000004 0.14909500000000001 0.35949900000000001 0.22614500000000001 0 0.15360600000000002 0.346499 0.14909500000000001 0.013485 0.013627999999999999 0.012699999999999999 0.11459399999999999 0.30267899999999992 0.111281 0.0041970000000000002 0.0044150000000000005 0.0042400000000000007 0.00094300000000000015 0.000968 0.00093199999999999999 59.151945857119919 59.151945857119919 59.151945857119919 0.056400297722626863 0.056400297722626863 0.056400297722626863 1 1 1 Converged Converged Converged OK OK OK 83 83 83 83 83 83 5 5 5 0 0 0 0 1 0 0 1
168 168 linear 3 0 1632 0 0.0001 1 0.64568392049355217 0.00012536275363080217 -0.24828424020823364 -0.11846580330566517 -0.24830931275895982 0.5 0.64065921206398979 66.966918005706461 OK 15 14 0.58446699999999996 0.57902399999999998 0.20700199999999999 0.37376300000000001 0.371479 0 0.21070399999999995 0.20754499999999998 0.20700199999999999 0.014144 0.014357999999999999 0.013849 0.15515500000000007 0.15220100000000003 0.15216799999999997 0.0056430000000000004 0.0056249999999999998 0.0057279999999999996 0.0012189999999999998 0.001194 0.001299 66.966877600534758 66.966877600534758 66.966877600534758 0.0033387534424705674 0.0033387534424705674 0.0033387534424705674 1 1 1 Converged Converged Converged OK OK OK 107 107 107 107 107 107 5 5 5 0 0 0 0 0 1 0 0
168 168 linear 3 7 1632 1 0.0001 1 0.64568392049355217 0.00012536275363080217 -0.24828424020823364 -0.11846580330566517 -0.24829405120634387 0.5 0.64064395051137391 64.204682798143182 OK 15 14 0.56522399999999995 0.67649800000000004 0.192853 0.36823299999999998 0.22770199999999999 0 0.19699099999999997 0.44879600000000008 0.192853 0.013608 0.01357 0.012853 0.15052900000000002 0.40167500000000012 0.14742100000000002 0.0055499999999999994 0.0057160000000000006 0.0055420000000000001 0.0012850000000000001 0.0012900000000000001 0.0012919999999999997 64.204643775025332 64.204643775025332 64.204643775025332 0.0033378268081618867 0.0033378268081618867 0.0033378268081618867 1 1 1 Converged Converged Converged OK OK OK 107 107 107 107 107 107 5 5 5 0 0 0 0 1 0 0 1
168 168 linear 3 15 1632 2 0.0001 1 0.64568392049355217 0.00012536275363080217 -0.24828424020823364 -0.11846580330566517 -0.24827660943192567 0.5 0.6406265087369557 61.497210207696533 OK 15 14 0.56699100000000002 0.70021100000000003 0.19109200000000001 0.37093100000000001 0.237209 0 0.19606000000000001 0.46300200000000002 0.19109200000000001 0.013407000000000001 0.013495 0.012735 0.14963899999999999 0.41517999999999999 0.14603999999999998 0.0056889999999999996 0.0062129999999999998 0.0055519999999999996 0.001201 0.001263 0.0011590000000000001 61.497171771374134 61.497171771374134 61.497171771374134 0.0033370412939079967 0.0033370412939079967 0.0033370412939079967 1 1 1 Converged Converged Converged OK OK OK 107 107 107 107 107 107 5 5 5 0 0 0 0 1 0 0 1
168 168 linear 3 23 1632 3 0.0001 1 0.64568392049355217 0.00012536275363080217 -0.24828424020823364 -0.11846580330566517 -0.24825916765750747 0.5 0.6406090669625375 59.152032605882596 OK 15 14 0.55382299999999995 0.66903100000000004 0.18777199999999999 0.35771900000000001 0.22564600000000001 0 0.19610399999999995 0.44338500000000003 0.18777199999999999 0.013491 0.013599999999999999 0.012692999999999999 0.14927699999999997 0.39619599999999999 0.14258800000000002 0.0056779999999999999 0.0057690000000000007 0.0055899999999999995 0.0012780000000000001 0.0013039999999999998 0.0012539999999999999 59.151996816814247 59.151996816814247 59.151996816814247 0.0033364412430446537 0.0033364412430446537 0.0033364412430446537 1 1 1 Converged Converged Converged OK OK OK 107 107 107 107 107 107 5 5 5 0 0 0 0 1 0 0 1
168 168 linear 4 0 1633 0 0.001 1 0.64568392049355217 0.00012536275363080217 -0.14247673087056056 -0.51809249958622494 -0.14250180342128674 0.5 0.53485170272631677 1.7581538303197961 OK 13 12 0.43002699999999999 0.42648799999999998 0.12843099999999999 0.30159200000000003 0.30031600000000003 0 0.12843499999999997 0.12617199999999995 0.12843099999999999 0.0092919999999999999 0.0092370000000000004 0.0087930000000000005 0.097156000000000006 0.095550000000000024 0.098448000000000008 0.0030960000000000002 0.003052 0.0030440000000000003 0.00074200000000000004 0.00073999999999999999 0.00070899999999999999 1.7581538113288693 1.7581538113288693 1.7581538113288693 0.00093825566655780714 0.00093825566655780714 0.00093825566655780714 1 1 1 Converged Converged Converged OK OK OK 61 61 61 61 61 61 3 3 3 0 0 0 0 0 1 0 0
168 168 linear 4 7 1633 1 0.001 1 0.64568392049355217 0.00012536275363080217 -0.14247673087056056 -0.51809249958622494 -0.1424865418686708 0.5 0.53483644117370077 1.7581781109692702 OK 13 12 0.44387300000000002 0.44289000000000001 0.12041499999999999 0.31962800000000002 0.19150500000000001 0 0.12424499999999999 0.25138499999999997 0.12041499999999999 0.0085830000000000004 0.0085400000000000007 0.008116 0.096435000000000021 0.22363399999999997 0.093604999999999994 0.0033140000000000001 0.0032260000000000001 0.0031450000000000002 0.00070299999999999996 0.00068800000000000003 0.00070500000000000001 1.7581780919768382 1.7581780919768382 1.7581780919768382 0.00093829545838109796 0.00093829545838109796 0.00093829545838109796 1 1 1 Converged Converged Converged OK OK OK 61 61 61 61 61 61 3 3 3 0 0 0 0 1 0 0 1
168 168 linear 4 15 1633 2 0.001 1 0.64568392049355217 0.00012536275363080217 -0.14247673087056056 -0.51809249958622494 -0.14246910009425259 0.5 0.53481899939928257 1.7582058619761982 OK 13 12 0.421705 0.46395399999999998 0.122641 0.294956 0.186663 0 0.126749 0.27729099999999995 0.122641 0.0086390000000000008 0.0085839999999999996 0.0079930000000000001 0.099027000000000004 0.24920500000000007 0.096197000000000005 0.0031700000000000001 0.0032940000000000001 0.003101 0.00068300000000000001 0.00068799999999999992 0.00067499999999999993 1.7582058429796863 1.7582058429796863 1.7582058429796863 0.00093834093792029619 0.00093834093792029619 0.00093834093792029619 1 1 1 Converged Converged Converged OK OK OK 61 61 61 61 61 61 3 3 3 0 0 0 0 1 0 0 1
168 168 linear 4 23 1633 3 0.001 1 0.64568392049355217 0.00012536275363080217 -0.14247673087056056 -0.51809249958622494 -0.14245165831983439 0.5 0.53480155762486437 1.7582336147853359 OK 13 12 0.44283099999999997 0.44348799999999999 0.117493 0.31806400000000001 0.19107299999999999 0 0.12476699999999996 0.252415 0.117493 0.0085599999999999999 0.0086920000000000001 0.0079839999999999998 0.096977000000000008 0.22443700000000003 0.091133999999999993 0.0032360000000000002 0.0031540000000000001 0.003078 0.00074100000000000001 0.00072900000000000005 0.00068399999999999993 1.7582335957898891 1.7582335957898891 1.7582335957898891 0.00093838642419649177 0.00093838642419649177 0.00093838642419649177 1 1 1 Converged Converged Converged OK OK OK 61 61 61 61 61 61 3 3 3 0 0 0 0 1 0 0 1
168 168 linear 4 0 1633 0 0.0001 1 0.64568392049355217 0.00012536275363080217 -0.14247673087056056 -0.51809249958622494 -0.14250180342128674 0.5 0.53485170272631677 1.7581538303197961 OK 13 12 0.48742200000000002 0.479628 0.17952099999999999 0.30414000000000002 0.29924000000000001 0 0.183282 0.18038799999999999 0.17952099999999999 0.0092069999999999999 0.0092149999999999992 0.0090840000000000001 0.13988 0.13766800000000004 0.13684700000000005 0.0047929999999999995 0.0047950000000000007 0.0047840000000000001 0.00096899999999999992 0.00094899999999999987 0.00095600000000000004 1.7581538118400573 1.7581538118400573 1.7581538118400573 3.2766745541672381e-09 3.2766745541672381e-09 3.2766745541672381e-09 1 1 1 Converged Converged Converged OK OK OK 93 93 93 93 93 93 3 3 3 0 0 0 0 0 1 0 0
168 168 linear 4 7 1633 1 0.0001 1 0.64568392049355217 0.00012536275363080217 -0.14247673087056056 -0.51809249958622494 -0.1424865418686708 0.5 0.53483644117370077 1.7581781109692702 OK 13 12 0.49221300000000001 0.55340599999999995 0.16998099999999999 0.317494 0.189915 0 0.17471900000000001 0.36349099999999995 0.16998099999999999 0.0085780000000000006 0.0086230000000000005 0.0080330000000000002 0.13690400000000008 0.32571400000000006 0.13347300000000004 0.004862 0.0049849999999999998 0.0048499999999999993 0.00091600000000000004 0.00092100000000000005 0.00093599999999999998 1.7581780924881834 1.7581780924881834 1.7581780924881834 3.2728795772182224e-09 3.2728795772182224e-09 3.2728795772182224e-09 1 1 1 Converged Converged Converged OK OK OK 93 93 93 93 93 93 3 3 3 0 0 0 0 1 0 0 1
168 168 linear 4 15 1633 2 0.0001 1 0.64568392049355217 0.00012536275363080217 -0.14247673087056056 -0.51809249958622494 -0.14246910009425259 0.5 0.53481899939928257 1.7582058619761982 OK 13 12 0.47590399999999999 0.56925400000000004 0.176513 0.294074 0.18220600000000001 0 0.18182999999999999 0.38704800000000006 0.176513 0.0085280000000000009 0.0085819999999999994 0.0079690000000000004 0.14405300000000004 0.34908299999999998 0.14038499999999995 0.0049969999999999997 0.0048219999999999999 0.0047099999999999998 0.00090000000000000008 0.00089900000000000017 0.00092499999999999993 1.7582058434911354 1.7582058434911354 1.7582058434911354 3.2710856911141686e-09 3.2710856911141686e-09 3.2710856911141686e-09 1 1 1 Converged Converged Converged OK OK OK 93 93 93 93 93 93 3 3 3 0 0 0 0 1 0 0 1
168 168 linear 4 23 1633 3 0.0001 1 0.64568392049355217 0.00012536275363080217 -0.14247673087056056 -0.51809249958622494 -0.14245165831983439 0.5 0.53480155762486437 1.7582336147853359 OK 13 12 0.49469000000000002 0.55179599999999995 0.16997200000000001 0.32000099999999998 0.19247900000000001 0 0.17468900000000004 0.35931699999999994 0.16997200000000001 0.0086859999999999993 0.0086820000000000005 0.0080429999999999998 0.13717100000000002 0.31803900000000007 0.13383400000000004 0.0047559999999999998 0.0050600000000000003 0.0047060000000000001 0.00093000000000000005 0.00093199999999999999 0.00091700000000000006 1.7582335963014166 1.7582335963014166 1.7582335963014166 3.2724482580009269e-09 3.2724482580009269e-09 3.2724482580009269e-09 1 1 1 Converged Converged Converged OK OK OK 93 93 93 93 93 93 3 3 3 0 0 0 0 1 0 0 1
168 168 uniform 3 0 1634 0 0.001 1 0.64568392049355217 0.00012536275363080217 -0.24828424020823364 -0.11846580330566517 -0.24830931275895982 0 0.64065921206398979 67.314173152963377 OK 15 14 0.49040099999999998 0.49124299999999999 0.117698 0.36707499999999998 0.37230600000000003 0 0.12332599999999999 0.11893699999999996 0.117698 0.014161 0.014366 0.013821 0.083528000000000005 0.079758999999999969 0.079358999999999985 0.003336 0.003271 0.0032440000000000004 0.00081099999999999998 0.00076599999999999997 0.00075400000000000011 67.314160535492107 67.314160535492107 67.314160535492107 0.05298874948276866 0.05298874948276866 0.05298874948276866 1 1 1 Converged Converged Converged OK OK OK 67 67 67 67 67 67 5 5 5 0 0 0 0 0 1 0 0
168 168 uniform 3 7 1634 1 0.001 1 0.64568392049355217 0.00012536275363080217 -0.24828424020823364 -0.11846580330566517 -0.24829405120634387 0 0.64064395051137391 64.479098356999586 OK 15 14 0.47303299999999998 0.48998000000000003 0.107681 0.36399900000000002 0.22792599999999999 0 0.10903399999999996 0.26205400000000001 0.107681 0.01349 0.013527000000000001 0.012824 0.075125000000000025 0.22804399999999989 0.074788000000000035 0.0033020000000000002 0.0033269999999999997 0.0032519999999999997 0.00072800000000000002 0.00073399999999999995 0.00075099999999999993 64.479085664739031 64.479085664739031 64.479085664739031 0.047096242631130825 0.047096242631130825 0.047096242631130825 1 1 1 Converged Converged Converged OK OK OK 67 67 67 67 67 67 5 5 5 0 0 0 0 1 0 0 1
168 168 uniform 3 15 1634 2 0.001 1 0.64568392049355217 0.00012536275363080217 -0.24828424020823364 -0.11846580330566517 -0.24827660943192567 0 0.6406265087369557 61.713617409367046 OK 15 14 0.47873700000000002 0.50158100000000005 0.106129 0.37048399999999998 0.23897499999999999 0 0.10825300000000004 0.26260600000000006 0.106129 0.013591000000000001 0.013473000000000001 0.012782 0.074434 0.2285319999999999 0.073726000000000014 0.0032790000000000002 0.0034579999999999997 0.0031539999999999997 0.00072999999999999985 0.00074799999999999997 0.00074300000000000006 61.713604664341347 61.713604664341347 61.713604664341347 0.042036374965661268 0.042036374965661268 0.042036374965661268 1 1 1 Converged Converged Converged OK OK OK 67 67 67 67 67 67 5 5 5 0 0 0 0 1 0 0 1
168 168 uniform 3 23 1634 3 0.001 1 0.64568392049355217 0.00012536275363080217 -0.24828424020823364 -0.11846580330566517 -0.24825916765750747 0 0.6406090669625375 59.327077134213219 OK 15 14 0.46025700000000003 0.48069200000000001 0.099472000000000005 0.35878199999999999 0.227239 0 0.10147500000000004 0.25345300000000004 0.099472000000000005 0.013561999999999999 0.01338 0.012708000000000001 0.067617999999999998 0.21923300000000001 0.066935000000000008 0.0032559999999999998 0.0034689999999999999 0.0032139999999999998 0.00073899999999999997 0.00075100000000000004 0.00072000000000000005 59.327064666015794 59.327064666015794 59.327064666015794 0.038149479627149457 0.038149479627149457 0.038149479627149457 1 1 1 Converged Converged Converged OK OK OK 67 67 67 67 67 67 5 5 5 0 0 0 0 1 0 0 1
168 168 uniform 3 0 1634 0 0.0001 1 0.64568392049355217 0.00012536275363080217 -0.24828424020823364 -0.11846580330566517 -0.24830931275895982 0 0.64065921206398979 67.314173152963377 OK 15 14 0.53902000000000005 0.53652900000000003 0.17033499999999999 0.37101600000000001 0.368087 0 0.16800400000000004 0.16844200000000004 0.17033499999999999 0.014149999999999999 0.014375000000000001 0.013838 0.112845 0.11311599999999994 0.11538599999999996 0.0054180000000000001 0.0053480000000000003 0.0054100000000000007 0.0011720000000000001 0.001194 0.0011620000000000001 67.314171235994763 67.314171235994763 67.314171235994763 0.00069477591682541237 0.00069477591682541237 0.00069477591682541237 1 1 1 Converged Converged Converged OK OK OK 107 107 107 107 107 107 5 5 5 0 0 0 0 0 1 0 0
168 168 uniform 3 7 1634 1 0.0001 1 0.64568392049355217 0.00012536275363080217 -0.24828424020823364 -0.11846580330566517 -0.24829405120634387 0 0.64064395051137391 64.479098356999586 OK 15 14 0.52198500000000003 0.63856299999999999 0.15352299999999999 0.36719099999999999 0.22903999999999999 0 0.15479400000000004 0.40952299999999997 0.15352299999999999 0.013492000000000001 0.013545 0.012840000000000001 0.10881799999999997 0.36262699999999998 0.10864800000000002 0.0054440000000000001 0.0056379999999999998 0.0052779999999999997 0.0011500000000000002 0.0011640000000000001 0.0011800000000000001 64.479096369037691 64.479096369037691 64.479096369037691 0.00069474869442709257 0.00069474869442709257 0.00069474869442709257 1 1 1 Converged Converged Converged OK OK OK 107 107 107 107 107 107 5 5 5 0 0 0 0 1 0 0 1
168 168 uniform 3 15 1634 2 0.0001 1 0.64568392049355217 0.00012536275363080217 -0.24828424020823364 -0.11846580330566517 -0.24827660943192567 0 0.6406265087369557 61.713617409367046 OK 15 14 0.52139999999999997 0.66027100000000005 0.15182999999999999 0.36845699999999998 0.23641200000000001 0 0.152943 0.42385900000000004 0.15182999999999999 0.013343000000000001 0.013542999999999999 0.012699999999999999 0.10752599999999997 0.37693699999999997 0.10740600000000002 0.0052890000000000003 0.0056299999999999996 0.0051819999999999991 0.0011300000000000001 0.0011590000000000001 0.0011379999999999999 61.71361537081016 61.71361537081016 61.71361537081016 0.00069472524558300715 0.00069472524558300715 0.00069472524558300715 1 1 1 Converged Converged Converged OK OK OK 107 107 107 107 107 107 5 5 5 0 0 0 0 1 0 0 1
168 168 uniform 3 23 1634 3 0.0001 1 0.64568392049355217 0.00012536275363080217 -0.24828424020823364 -0.11846580330566517 -0.24825916765750747 0 0.6406090669625375 59.327077134213219 OK 15 14 0.51075000000000004 0.625027 0.148004 0.36148799999999998 0.22515399999999999 0 0.14926200000000006 0.39987300000000003 0.148004 0.013303000000000001 0.013566999999999999 0.012781000000000001 0.103431 0.35306000000000015 0.10325700000000004 0.0054010000000000004 0.0055510000000000004 0.0053420000000000013 0.0011400000000000002 0.0011739999999999999 0.0011229999999999999 59.327075373564433 59.327075373564433 59.327075373564433 0.0006947058977511436 0.0006947058977511436 0.0006947058977511436 1 1 1 Converged Converged Converged OK OK OK 107 107 107 107 107 107 5 5 5 0 0 0 0 1 0 0 1
168 168 uniform 4 0 1635 0 0.001 1 0.64568392049355217 0.00012536275363080217 -0.14247673087056056 -0.51809249958622494 -0.14250180342128674 0 0.53485170272631677 1.7581538303215503 OK 13 12 0.38168600000000003 0.38075900000000001 0.080089999999999995 0.30073100000000003 0.299404 0 0.080954999999999999 0.081355000000000011 0.080089999999999995 0.009195 0.0092519999999999998 0.0088299999999999993 0.05579499999999999 0.056039999999999993 0.055627000000000003 0.0021949999999999999 0.0022210000000000003 0.002209 0.000544 0.00057799999999999995 0.00054000000000000001 1.7581538167509083 1.7581538167509083 1.7581538167509083 0.00061919812943605796 0.00061919812943605796 0.00061919812943605796 1 1 1 Converged Converged Converged OK OK OK 45 45 45 45 45 45 3 3 3 0 0 0 0 0 1 0 0
168 168 uniform 4 7 1635 1 0.001 1 0.64568392049355217 0.00012536275363080217 -0.14247673087056056 -0.51809249958622494 -0.1424865418686708 0 0.53483644117370077 1.7581781109688583 OK 13 12 0.39384200000000003 0.358678 0.076868000000000006 0.31568299999999999 0.19132099999999999 0 0.078159000000000034 0.16735700000000001 0.076868000000000006 0.0085210000000000008 0.0084349999999999998 0.0080590000000000002 0.055579000000000003 0.14491199999999999 0.05519700000000001 0.002199 0.0022789999999999998 0.0021129999999999999 0.000544 0.000544 0.00052900000000000006 1.7581780974014838 1.7581780974014838 1.7581780974014838 0.00061920668000984744 0.00061920668000984744 0.00061920668000984744 1 1 1 Converged Converged Converged OK OK OK 45 45 45 45 45 45 3 3 3 0 0 0 0 1 0 0 1
168 168 uniform 4 15 1635 2 0.001 1 0.64568392049355217 0.00012536275363080217 -0.14247673087056056 -0.51809249958622494 -0.14246910009425259 0 0.53481899939928257 1.7582058619736891 OK 13 12 0.37597700000000001 0.36866700000000002 0.078543000000000002 0.29538300000000001 0.181921 0 0.080593999999999999 0.18674600000000002 0.078543000000000002 0.0086630000000000006 0.0085859999999999999 0.0080549999999999997 0.057500000000000002 0.16398699999999999 0.056987999999999997 0.0023 0.0023050000000000002 0.0021259999999999999 0.00058399999999999999 0.00055500000000000005 0.00052799999999999993 1.7582058484059315 1.7582058484059315 1.7582058484059315 0.00061921645758443835 0.00061921645758443835 0.00061921645758443835 1 1 1 Converged Converged Converged OK OK OK 45 45 45 45 45 45 3 3 3 0 0 0 0 1 0 0 1
168 168 uniform 4 23 1635 3 0.001 1 0.64568392049355217 0.00012536275363080217 -0.14247673087056056 -0.51809249958622494 -0.14245165831983439 0 0.53480155762486437 1.7582336147850226 OK 13 12 0.39694600000000002 0.36037999999999998 0.075330999999999995 0.31591799999999998 0.19789399999999999 0 0.081028000000000044 0.16248599999999999 0.075330999999999995 0.0085319999999999997 0.0085129999999999997 0.0079439999999999997 0.058145000000000009 0.13970100000000002 0.05389299999999999 0.002284 0.0023110000000000001 0.0021520000000000003 0.00059900000000000003 0.00056400000000000005 0.00052700000000000002 1.7582336012166739 1.7582336012166739 1.7582336012166739 0.00061922622742186743 0.00061922622742186743 0.00061922622742186743 1 1 1 Converged Converged Converged OK OK OK 45 45 45 45 45 45 3 3 3 0 0 0 0 1 0 0 1
168 168 uniform 4 0 1635 0 0.0001 1 0.64568392049355217 0.00012536275363080217 -0.14247673087056056 -0.51809249958622494 -0.14250180342128674 0 0.53485170272631677 1.7581538303215503 OK 13 12 0.43024800000000002 0.42867899999999998 0.13311500000000001 0.30009000000000002 0.29860100000000001 0 0.130158 0.13007799999999997 0.13311500000000001 0.0094310000000000001 0.009195 0.012975 0.093114999999999948 0.093591000000000035 0.093080999999999997 0.0039389999999999998 0.0038019999999999998 0.0038110000000000002 0.000803 0.00079200000000000006 0.00077100000000000009 1.7581538167636688 1.7581538167636688 1.7581538167636688 6.8884640198273842e-05 6.8884640198273842e-05 6.8884640198273842e-05 1 1 1 Converged Converged Converged OK OK OK 77 77 77 77 77 77 3 3 3 0 0 0 0 0 1 0 0
168 168 uniform 4 7 1635 1 0.0001 1 0.64568392049355217 0.00012536275363080217 -0.14247673087056056 -0.51809249958622494 -0.1424865418686708 0 0.53483644117370077 1.7581781109688583 OK 13 12 0.43745400000000001 0.46620699999999998 0.120437 0.31596400000000002 0.189415 0 0.12148999999999999 0.27679199999999998 0.120437 0.008482 0.0085140000000000007 0.0080409999999999995 0.089076999999999976 0.24403499999999995 0.089080000000000034 0.0039459999999999999 0.0039830000000000004 0.0038669999999999998 0.00077300000000000003 0.00081500000000000008 0.0007580000000000001 1.7581780974124854 1.7581780974124854 1.7581780974124854 6.8887820244838827e-05 6.8887820244838827e-05 6.8887820244838827e-05 1 1 1 Converged Converged Converged OK OK OK 77 77 77 77 77 77 3 3 3 0 0 0 0 1 0 0 1
168 168 uniform 4 15 1635 2 0.0001 1 0.64568392049355217 0.00012536275363080217 -0.14247673087056056 -0.51809249958622494 -0.14246910009425259 0 0.53481899939928257 1.7582058619736891 OK 13 12 0.42335600000000001 0.49126399999999998 0.12858800000000001 0.293014 0.18402299999999999 0 0.13034200000000001 0.30724099999999999 0.12858800000000001 0.0085280000000000009 0.0086060000000000008 0.0079819999999999995 0.097929000000000002 0.27416199999999991 0.097449000000000036 0.0039779999999999998 0.0040179999999999999 0.0037880000000000001 0.00077200000000000001 0.00077299999999999992 0.00075299999999999998 1.7582058484165999 1.7582058484165999 1.7582058484165999 6.889145771777811e-05 6.889145771777811e-05 6.889145771777811e-05 1 1 1 Converged Converged Converged OK OK OK 77 77 77 77 77 77 3 3 3 0 0 0 0 1 0 0 1
168 168 uniform 4 23 1635 3 0.0001 1 0.64568392049355217 0.00012536275363080217 -0.14247673087056056 -0.51809249958622494 -0.14245165831983439 0 0.53480155762486437 1.7582336147850226 OK 13 12 0.44143399999999999 0.47141899999999998 0.120308 0.31919199999999998 0.19072 0 0.12224200000000002 0.28069899999999998 0.120308 0.0085679999999999992 0.0085909999999999997 0.0079920000000000008 0.089976 0.24801100000000001 0.089133000000000032 0.0038639999999999998 0.003947 0.003797 0.00077599999999999989 0.00077899999999999996 0.00078100000000000001 1.7582336012275861 1.7582336012275861 1.7582336012275861 6.8895097050478666e-05 6.8895097050478666e-05 6.8895097050478666e-05 1 1 1 Converged Converged Converged OK OK OK 77 77 77 77 77 77 3 3 3 0 0 0 0 1 0 0 1
169 169 linear 3 0 1636 0 0.001 1 0.0015365909511886355 0.00034192410384773891 0.017657118392192486 0.036328812254871633 0.017588733571422939 0.5 -0.016054500109488921 25.557765318618046 OK 13 12 0.541736 0.53802399999999995 0.12715899999999999 0.41042000000000001 0.408887 0 0.13131599999999999 0.12913699999999995 0.12715899999999999 0.010123999999999999 0.010208 0.0096249999999999999 0.096509000000000011 0.094205999999999984 0.093707999999999972 0.0036560000000000004 0.0035739999999999999 0.0034789999999999999 0.00068099999999999996 0.00073600000000000011 0.00068099999999999996 25.557679719304552 25.557679719304552 25.557679719304552 0.013538203845207254 0.013538203845207254 0.013538203845207254 1 1 1 Converged Converged Converged OK OK OK 69 69 69 69 69 69 3 3 3 0 0 0 0 0 1 0 0
169 169 linear 3 7 1636 1 0.001 1 0.0015365909511886355 0.00034192410384773891 0.017657118392192486 0.036328812254871633 0.017630359114500053 0.5 -0.016096125652566035 25.547519163463733 OK 13 12 0.55576099999999995 0.54308100000000004 0.13437099999999999 0.41757899999999998 0.269509 0 0.13818199999999997 0.27357200000000004 0.13437099999999999 0.0092130000000000007 0.0094850000000000004 0.0088090000000000009 0.107236 0.24208899999999986 0.10462499999999997 0.0035000000000000001 0.003761 0.0034709999999999997 0.00071199999999999996 0.00074400000000000009 0.00071299999999999998 25.547433706335731 25.547433706335731 25.547433706335731 0.013514875409149894 0.013514875409149894 0.013514875409149894 1 1 1 Converged Converged Converged OK OK OK 69 69 69 69 69 69 3 3 3 0 0 0 0 1 0 0 1
169 169 linear 3 15 1636 2 0.001 1 0.0015365909511886355 0.00034192410384773891 0.017657118392192486 0.036328812254871633 0.017677931163731044 0.5 -0.016143697701797025 25.535791946781053 OK 13 12 0.44109500000000001 0.41068199999999999 0.12524099999999999 0.30757800000000002 0.161221 0 0.133517 0.24946099999999999 0.12524099999999999 0.0093869999999999995 0.0094219999999999998 0.0088730000000000007 0.102605 0.21803200000000006 0.095500000000000029 0.0035479999999999999 0.0037239999999999999 0.0034710000000000001 0.00067100000000000005 0.00071600000000000006 0.00068900000000000005 25.535706651745308 25.535706651745308 25.535706651745308 0.013488281173238584 0.013488281173238584 0.013488281173238584 1 1 1 Converged Converged Converged OK OK OK 69 69 69 69 69 69 3 3 3 0 0 0 0 1 0 0 1
169 169 linear 3 23 1636 3 0.001 1 0.0015365909511886355 0.00034192410384773891 0.017657118392192486 0.036328812254871633 0.017725503212962034 0.5 -0.016191269751028015 25.524046356955868 OK 13 12 0.43626799999999999 0.42399700000000001 0.121697 0.30599300000000001 0.16375700000000001 0 0.13027499999999997 0.26024000000000003 0.121697 0.009358 0.0094699999999999993 0.0088489999999999992 0.095350999999999964 0.22894799999999996 0.092053000000000065 0.0070329999999999993 0.0036059999999999998 0.003437 0.00075200000000000006 0.00069499999999999998 0.00068900000000000005 25.523961223600931 25.523961223600931 25.523961223600931 0.013461757961518857 0.013461757961518857 0.013461757961518857 1 1 1 Converged Converged Converged OK OK OK 69 69 69 69 69 69 3 3 3 0 0 0 0 1 0 0 1
169 169 linear 3 0 1636 0 0.0001 1 0.0015365909511886355 0.00034192410384773891 0.017657118392192486 0.036328812254871633 0.017588733571422939 0.5 -0.016054500109488921 25.557765318618046 OK 13 12 0.55064500000000005 0.54790300000000003 0.139459 0.404393 0.40712999999999999 0 0.14625200000000005 0.14077300000000004 0.139459 0.010238000000000001 0.010181000000000001 0.0098580000000000004 0.10790000000000002 0.10254699999999997 0.10226699999999998 0.0040270000000000002 0.0038680000000000003 0.003954 0.00086200000000000003 0.00083600000000000005 0.00081500000000000008 25.557758843119053 25.557758843119053 25.557758843119053 0.00015831170989495579 0.00015831170989495579 0.00015831170989495579 1 1 1 Converged Converged Converged OK OK OK 77 77 77 77 77 77 3 3 3 0 0 0 0 0 1 0 0
169 169 linear 3 7 1636 1 0.0001 1 0.0015365909511886355 0.00034192410384773891 0.017657118392192486 0.036328812254871633 0.017630359114500053 0.5 -0.016096125652566035 25.547519163463733 OK 13 12 0.57025599999999999 0.56087600000000004 0.14493800000000001 0.42057800000000001 0.26599899999999999 0 0.14967799999999998 0.29487700000000006 0.14493800000000001 0.0093509999999999999 0.0093259999999999992 0.0088280000000000008 0.11603499999999999 0.26106399999999996 0.11251399999999999 0.0040399999999999993 0.0039970000000000006 0.0039319999999999997 0.00087800000000000009 0.00085599999999999999 0.00084599999999999996 25.547512693819638 25.547512693819638 25.547512693819638 0.00015803903035706523 0.00015803903035706523 0.00015803903035706523 1 1 1 Converged Converged Converged OK OK OK 77 77 77 77 77 77 3 3 3 0 0 0 0 1 0 0 1
169 169 linear 3 15 1636 2 0.0001 1 0.0015365909511886355 0.00034192410384773891 0.017657118392192486 0.036328812254871633 0.017677931163731044 0.5 -0.016143697701797025 25.535791946781053 OK 13 12 0.45028800000000002 0.43248300000000001 0.13992599999999999 0.30967299999999998 0.15750800000000001 0 0.14061500000000005 0.27497499999999997 0.13992599999999999 0.0092890000000000004 0.015737000000000001 0.0088400000000000006 0.10716099999999996 0.23478599999999999 0.10737500000000001 0.0039649999999999998 0.0041319999999999994 0.0040460000000000001 0.00081399999999999994 0.00080899999999999993 0.00082600000000000002 25.535785483813342 25.535785483813342 25.535785483813342 0.00015772818348154148 0.00015772818348154148 0.00015772818348154148 1 1 1 Converged Converged Converged OK OK OK 77 77 77 77 77 77 3 3 3 0 0 0 0 1 0 0 1
169 169 linear 3 23 1636 3 0.0001 1 0.0015365909511886355 0.00034192410384773891 0.017657118392192486 0.036328812254871633 0.017725503212962034 0.5 -0.016191269751028015 25.524046356955868 OK 13 12 0.44188100000000002 0.44492799999999999 0.132826 0.30501099999999998 0.161915 0 0.13687000000000005 0.28301299999999996 0.132826 0.0093509999999999999 0.0095779999999999997 0.008829 0.10339200000000001 0.24914900000000006 0.100637 0.004045 0.0041070000000000004 0.0039239999999999995 0.00085899999999999995 0.00082799999999999996 0.00082699999999999994 25.524039900668072 25.524039900668072 25.524039900668072 0.00015741816413573535 0.00015741816413573535 0.00015741816413573535 1 1 1 Converged Converged Converged OK OK OK 77 77 77 77 77 77 3 3 3 0 0 0 0 1 0 0 1
169 169 linear 4 0 1637 0 0.001 1 0.0015365909511886355 0.00034192410384773891 0.003833901216227223 -0.0039101604800733719 0.0037655163954576753 0.5 -0.0022312829335236583 101.30840186973825 OK 13 12 0.586642 0.57636399999999999 0.098055000000000003 0.48471700000000001 0.47763699999999998 0 0.10192499999999999 0.098727000000000009 0.098055000000000003 0.0095259999999999997 0.0094560000000000009 0.0090519999999999993 0.076156999999999989 0.073874000000000009 0.073500999999999983 0.0024029999999999998 0.0023389999999999999 0.0023530000000000001 0.00055100000000000006 0.00054100000000000003 0.00052300000000000003 101.30815294092145 101.30815294092145 101.30815294092145 0.036204438041553301 0.036204438041553301 0.036204438041553301 1 1 1 Converged Converged Converged OK OK OK 45 45 45 45 45 45 3 3 3 0 0 0 0 0 1 0 0
169 169 linear 4 7 1637 1 0.001 1 0.0015365909511886355 0.00034192410384773891 0.003833901216227223 -0.0039101604800733719 0.0038071419385347911 0.5 -0.0022729084766007742 100.91698528848997 OK 13 12 0.59931400000000001 0.54936700000000005 0.093295000000000003 0.50306200000000001 0.368199 0 0.096252000000000004 0.18116800000000005 0.093295000000000003 0.0087159999999999998 0.0087019999999999997 0.008201 0.073617000000000002 0.15821700000000002 0.07135500000000003 0.0022390000000000001 0.00232 0.0022409999999999999 0.00046000000000000001 0.00044999999999999999 0.00044100000000000004 100.91673343085418 100.91673343085418 100.91673343085418 0.036203682017983907 0.036203682017983907 0.036203682017983907 1 1 1 Converged Converged Converged OK OK OK 45 45 45 45 45 45 3 3 3 0 0 0 0 1 0 0 1
169 169 linear 4 15 1637 2 0.001 1 0.0015365909511886355 0.00034192410384773891 0.003833901216227223 -0.0039101604800733719 0.0038547139877657811 0.5 -0.0023204805258317642 100.46572730910513 OK 13 12 0.65916300000000005 0.58524900000000002 0.090940999999999994 0.56504600000000005 0.41736099999999998 0 0.094117000000000006 0.16788800000000004 0.090940999999999994 0.0086309999999999998 0.0087720000000000003 0.0082019999999999992 0.071249999999999966 0.14489900000000003 0.069018999999999997 0.002235 0.0022070000000000002 0.0022069999999999998 0.000455 0.00046299999999999998 0.00044299999999999998 100.46548142144111 100.46548142144111 100.46548142144111 0.036202868728866001 0.036202868728866001 0.036202868728866001 1 1 1 Converged Converged Converged OK OK OK 45 45 45 45 45 45 3 3 3 0 0 0 0 1 0 0 1
169 169 linear 4 23 1637 3 0.001 1 0.0015365909511886355 0.00034192410384773891 0.003833901216227223 -0.0039101604800733719 0.0039022860369967707 0.5 -0.0023680525750627538 100.01058785743852 OK 13 12 0.63333600000000001 0.57256700000000005 0.088469000000000006 0.54164400000000001 0.40141199999999999 0 0.091691999999999996 0.17115500000000006 0.088469000000000006 0.0086680000000000004 0.0087279999999999996 0.0081930000000000006 0.068950999999999985 0.14802599999999999 0.066710000000000019 0.002307 0.0023969999999999998 0.0022500000000000003 0.000444 0.000455 0.00044699999999999997 100.01034075069254 100.01034075069254 100.01034075069254 0.036202109526837126 0.036202109526837126 0.036202109526837126 1 1 1 Converged Converged Converged OK OK OK 45 45 45 45 45 45 3 3 3 0 0 0 0 1 0 0 1
169 169 linear 4 0 1637 0 0.0001 1 0.0015365909511886355 0.00034192410384773891 0.003833901216227223 -0.0039101604800733719 0.0037655163954576753 0.5 -0.0022312829335236583 101.30840186973825 OK 13 12 0.61736599999999997 0.616309 0.13414200000000001 0.47623900000000002 0.47749799999999998 0 0.14112699999999995 0.13881100000000002 0.13414200000000001 0.0093069999999999993 0.009502 0.0090639999999999991 0.10956800000000003 0.10743399999999996 0.10316399999999998 0.0032629999999999994 0.0032790000000000002 0.0032929999999999999 0.00075799999999999999 0.00071500000000000003 0.00075500000000000003 101.30836452025152 101.30836452025152 101.30836452025152 0.00042401418184012619 0.00042401418184012619 0.00042401418184012619 1 1 1 Converged Converged Converged OK OK OK 61 61 61 61 61 61 3 3 3 0 0 0 0 0 1 0 0
169 169 linear 4 7 1637 1 0.0001 1 0.0015365909511886355 0.00034192410384773891 0.003833901216227223 -0.0039101604800733719 0.0038071419385347911 0.5 -0.0022729084766007742 100.91698528848997 OK 13 12 0.63856000000000002 0.60071699999999995 0.12800600000000001 0.50233899999999998 0.36651499999999998 0 0.13622100000000004 0.23420199999999997 0.12800600000000001 0.0087749999999999998 0.0088149999999999999 0.0083210000000000003 0.10400100000000001 0.20576800000000001 0.10094500000000001 0.0034029999999999998 0.0034640000000000001 0.0031610000000000002 0.00074700000000000005 0.000678 0.00070100000000000002 100.91694500580991 100.91694500580991 100.91694500580991 0.00042399646670919646 0.00042399646670919646 0.00042399646670919646 1 1 1 Converged Converged Converged OK OK OK 61 61 61 61 61 61 3 3 3 0 0 0 0 1 0 0 1
169 169 linear 4 15 1637 2 0.0001 1 0.0015365909511886355 0.00034192410384773891 0.003833901216227223 -0.0039101604800733719 0.0038547139877657811 0.5 -0.0023204805258317642 100.46572730910513 OK 13 12 0.68845800000000001 0.644065 0.125279 0.55874100000000004 0.42286099999999999 0 0.12971699999999997 0.22120400000000001 0.125279 0.0087659999999999995 0.0087679999999999998 0.0083000000000000001 0.101469 0.19306999999999996 0.098461000000000021 0.0033469999999999993 0.0034250000000000001 0.0031510000000000002 0.00073400000000000006 0.00072000000000000005 0.00066300000000000007 100.4656929916933 100.4656929916933 100.4656929916933 0.00042397691303900693 0.00042397691303900693 0.00042397691303900693 1 1 1 Converged Converged Converged OK OK OK 61 61 61 61 61 61 3 3 3 0 0 0 0 1 0 0 1
169 169 linear 4 23 1637 3 0.0001 1 0.0015365909511886355 0.00034192410384773891 0.003833901216227223 -0.0039101604800733719 0.0039022860369967707 0.5 -0.0023680525750627538 100.01058785743852 OK 13 12 0.66586599999999996 0.62897099999999995 0.12626000000000001 0.53543300000000005 0.40442099999999997 0 0.13043299999999991 0.22454999999999997 0.12626000000000001 0.008652 0.0088330000000000006 0.0084209999999999997 0.102559 0.196213 0.098930000000000004 0.0032179999999999999 0.0033890000000000001 0.0031620000000000003 0.00068199999999999999 0.00068699999999999989 0.00066399999999999999 100.0105523165564 100.0105523165564 100.0105523165564 0.00042395808611294191 0.00042395808611294191 0.00042395808611294191 1 1 1 Converged Converged Converged OK OK OK 61 61 61 61 61 61 3 3 3 0 0 0 0 1 0 0 1
169 169 uniform 3 0 1638 0 0.001 1 0.0015365909511886355 0.00034192410384773891 0.017657118392192486 0.036328812254871633 0.017588733571422939 0 -0.016054500109488921 25.557780534092434 OK 13 12 0.47298699999999999 0.47348099999999999 0.063629000000000005 0.40485300000000002 0.40840500000000002 0 0.068133999999999972 0.065075999999999967 0.063629000000000005 0.0098740000000000008 0.0099170000000000005 0.0097269999999999995 0.04510299999999999 0.042227999999999995 0.041217999999999998 0.0017730000000000001 0.0017440000000000001 0.001712 0.00044600000000000005 0.00043600000000000003 0.00042400000000000001 25.557763881035392 25.557763881035392 25.557763881035392 0.022118667822722218 0.022118667822722218 0.022118667822722218 1 1 1 Converged Converged Converged OK OK OK 37 37 37 37 37 37 3 3 3 0 0 0 0 0 1 0 0
169 169 uniform 3 7 1638 1 0.001 1 0.0015365909511886355 0.00034192410384773891 0.017657118392192486 0.036328812254871633 0.017630359114500053 0 -0.016096125652566035 25.547534365009884 OK 13 12 0.48899300000000001 0.40860099999999999 0.069956000000000004 0.41762100000000002 0.26931699999999997 0 0.071371999999999991 0.13928400000000002 0.069956000000000004 0.0094439999999999993 0.0094240000000000001 0.0088699999999999994 0.050375000000000003 0.11828499999999996 0.050042000000000003 0.001737 0.0018680000000000001 0.0016969999999999997 0.00045600000000000003 0.00043599999999999997 0.00041800000000000002 25.547517740430667 25.547517740430667 25.547517740430667 0.022092423127581019 0.022092423127581019 0.022092423127581019 1 1 1 Converged Converged Converged OK OK OK 37 37 37 37 37 37 3 3 3 0 0 0 0 1 0 0 1
169 169 uniform 3 15 1638 2 0.001 1 0.0015365909511886355 0.00034192410384773891 0.017657118392192486 0.036328812254871633 0.017677931163731044 0 -0.016143697701797025 25.535807132400176 OK 13 12 0.37885000000000002 0.27919500000000003 0.064794000000000004 0.308363 0.159274 0 0.070487000000000022 0.11992100000000003 0.064794000000000004 0.0092130000000000007 0.0094260000000000004 0.0087849999999999994 0.049602000000000007 0.098976999999999996 0.044873999999999997 0.001787 0.001766 0.0017329999999999999 0.000466 0.000455 0.00042099999999999999 25.535790540258464 25.535790540258464 25.535790540258464 0.022062487901586745 0.022062487901586745 0.022062487901586745 1 1 1 Converged Converged Converged OK OK OK 37 37 37 37 37 37 3 3 3 0 0 0 0 1 0 0 1
169 169 uniform 3 23 1638 3 0.001 1 0.0015365909511886355 0.00034192410384773891 0.017657118392192486 0.036328812254871633 0.017725503212962034 0 -0.016191269751028015 25.52406152664107 OK 13 12 0.36888500000000002 0.28953099999999998 0.062772999999999995 0.30427500000000002 0.16287099999999999 0 0.064610000000000001 0.12665999999999999 0.062772999999999995 0.0093600000000000003 0.0093980000000000001 0.0087670000000000005 0.043603000000000017 0.105698 0.042921000000000001 0.0017440000000000001 0.0018 0.001707 0.00044799999999999999 0.00044799999999999999 0.00042099999999999999 25.524044966867109 25.524044966867109 25.524044966867109 0.022032615203590528 0.022032615203590528 0.022032615203590528 1 1 1 Converged Converged Converged OK OK OK 37 37 37 37 37 37 3 3 3 0 0 0 0 1 0 0 1
169 169 uniform 3 0 1638 0 0.0001 1 0.0015365909511886355 0.00034192410384773891 0.017657118392192486 0.036328812254871633 0.017588733571422939 0 -0.016054500109488921 25.557780534092434 OK 13 12 0.52724700000000002 0.52885499999999996 0.117117 0.40897299999999998 0.41086499999999998 0 0.11827400000000005 0.11798999999999998 0.117117 0.010118 0.010045999999999999 0.0096170000000000005 0.080449999999999994 0.080581 0.080469000000000013 0.0038239999999999997 0.0038249999999999998 0.0037490000000000002 0.0008070000000000001 0.00078000000000000009 0.00078700000000000005 25.557780368888164 25.557780368888164 25.557780368888164 3.2978449930142353e-05 3.2978449930142353e-05 3.2978449930142353e-05 1 1 1 Converged Converged Converged OK OK OK 77 77 77 77 77 77 3 3 3 0 0 0 0 0 1 0 0
169 169 uniform 3 7 1638 1 0.0001 1 0.0015365909511886355 0.00034192410384773891 0.017657118392192486 0.036328812254871633 0.017630359114500053 0 -0.016096125652566035 25.547534365009884 OK 13 12 0.54335 0.53734199999999999 0.122604 0.41527399999999998 0.27020899999999998 0 0.12807600000000002 0.26713300000000001 0.122604 0.0093069999999999993 0.0092049999999999996 0.0088050000000000003 0.09459999999999999 0.23378000000000004 0.090567999999999982 0.0038339999999999997 0.0039399999999999999 0.0038059999999999999 0.00082800000000000007 0.000834 0.00078699999999999994 25.547534199878921 25.547534199878921 25.547534199878921 3.2921650527859146e-05 3.2921650527859146e-05 3.2921650527859146e-05 1 1 1 Converged Converged Converged OK OK OK 77 77 77 77 77 77 3 3 3 0 0 0 0 1 0 0 1
169 169 uniform 3 15 1638 2 0.0001 1 0.0015365909511886355 0.00034192410384773891 0.017657118392192486 0.036328812254871633 0.017677931163731044 0 -0.016143697701797025 25.535807132400176 OK 13 12 0.42560900000000002 0.40857500000000002 0.1143 0.31007699999999999 0.162713 0 0.11553200000000002 0.24586200000000002 0.1143 0.0092969999999999997 0.0093799999999999994 0.0089169999999999996 0.082465000000000038 0.21245700000000003 0.082118999999999998 0.0038500000000000001 0.0039280000000000001 0.0037850000000000002 0.00077800000000000005 0.00077400000000000006 0.00079199999999999995 25.535806967338001 25.535806967338001 25.535806967338001 3.2856903723114496e-05 3.2856903723114496e-05 3.2856903723114496e-05 1 1 1 Converged Converged Converged OK OK OK 77 77 77 77 77 77 3 3 3 0 0 0 0 1 0 0 1
169 169 uniform 3 23 1638 3 0.0001 1 0.0015365909511886355 0.00034192410384773891 0.017657118392192486 0.036328812254871633 0.017725503212962034 0 -0.016191269751028015 25.52406152664107 OK 13 12 0.41755199999999998 0.420767 0.11043500000000001 0.30556299999999997 0.16378400000000001 0 0.11198900000000001 0.25698299999999996 0.11043500000000001 0.0092919999999999999 0.0093209999999999994 0.0088269999999999998 0.078973999999999961 0.22329499999999999 0.078511000000000025 0.0038300000000000001 0.0039029999999999998 0.0037920000000000002 0.00081599999999999999 0.00079400000000000011 0.00076599999999999997 25.524061361649995 25.524061361649995 25.524061361649995 3.2792329885426471e-05 3.2792329885426471e-05 3.2792329885426471e-05 1 1 1 Converged Converged Converged OK OK OK 77 77 77 77 77 77 3 3 3 0 0 0 0 1 0 0 1
169 169 uniform 4 0 1639 0 0.001 1 0.0015365909511886355 0.00034192410384773891 0.003833901216227223 -0.0039101604800733719 0.0037655163954576753 0 -0.0022312829335236583 101.31247360309204 OK 13 12 0.54314099999999998 0.54431399999999996 0.065367999999999996 0.47683900000000001 0.47733399999999998 0 0.066301999999999972 0.066979999999999984 0.065367999999999996 0.0095010000000000008 0.0095670000000000009 0.0094680000000000007 0.046606999999999996 0.047345999999999999 0.046334999999999987 0.0013669999999999999 0.0013190000000000001 0.0012649999999999998 0.00032299999999999999 0.00032699999999999998 0.00031300000000000002 101.3124395659129 101.3124395659129 101.3124395659129 0.064227100175190704 0.064227100175190704 0.064227100175190704 1 1 1 Converged Converged Converged OK OK OK 29 29 29 29 29 29 3 3 3 0 0 0 0 0 1 0 0
169 169 uniform 4 7 1639 1 0.001 1 0.0015365909511886355 0.00034192410384773891 0.003833901216227223 -0.0039101604800733719 0.0038071419385347911 0 -0.0022729084766007742 100.92101405388696 OK 13 12 0.56549799999999995 0.48135 0.060594000000000002 0.503305 0.36897600000000003 0 0.062192999999999943 0.11237399999999997 0.060594000000000002 0.0087880000000000007 0.0087399999999999995 0.0081779999999999995 0.044177999999999995 0.094654000000000016 0.043869999999999999 0.0013370000000000001 0.0014760000000000001 0.0013090000000000001 0.00033 0.00031799999999999998 0.00030800000000000001 100.92097515823542 100.92097515823542 100.92097515823542 0.06423297007430584 0.06423297007430584 0.06423297007430584 1 1 1 Converged Converged Converged OK OK OK 29 29 29 29 29 29 3 3 3 0 0 0 0 1 0 0 1
169 169 uniform 4 15 1639 2 0.001 1 0.0015365909511886355 0.00034192410384773891 0.003833901216227223 -0.0039101604800733719 0.0038547139877657811 0 -0.0023204805258317642 100.46970325612213 OK 13 12 0.62612800000000002 0.52575400000000005 0.059986999999999999 0.56245500000000004 0.41939399999999999 0 0.06367299999999998 0.10636000000000007 0.059986999999999999 0.0098519999999999996 0.0086400000000000001 0.0082439999999999996 0.044503999999999995 0.088679000000000008 0.043247999999999995 0.001369 0.0014610000000000001 0.0012850000000000001 0.00033399999999999999 0.00033100000000000002 0.00030600000000000001 100.46967175179968 100.46967175179968 100.46967175179968 0.064235534347932235 0.064235534347932235 0.064235534347932235 1 1 1 Converged Converged Converged OK OK OK 29 29 29 29 29 29 3 3 3 0 0 0 0 1 0 0 1
169 169 uniform 4 23 1639 3 0.001 1 0.0015365909511886355 0.00034192410384773891 0.003833901216227223 -0.0039101604800733719 0.0039022860369967707 0 -0.0023680525750627538 100.01451398421786 OK 13 12 0.60115399999999997 0.50471100000000002 0.058632999999999998 0.54096999999999995 0.40209 0 0.060184000000000015 0.10262100000000002 0.058632999999999998 0.0087580000000000002 0.0088459999999999997 0.0081419999999999999 0.042325999999999996 0.084825999999999999 0.041869999999999997 0.0013680000000000001 0.0014290000000000001 0.001338 0.00031700000000000001 0.00031800000000000003 0.00030499999999999999 100.01447963599156 100.01447963599156 100.01447963599156 0.064233776373957566 0.064233776373957566 0.064233776373957566 1 1 1 Converged Converged Converged OK OK OK 29 29 29 29 29 29 3 3 3 0 0 0 0 1 0 0 1
169 169 uniform 4 0 1639 0 0.0001 1 0.0015365909511886355 0.00034192410384773891 0.003833901216227223 -0.0039101604800733719 0.0037655163954576753 0 -0.0022312829335236583 101.31247360309204 OK 13 12 0.60388399999999998 0.59841500000000003 0.121139 0.478516 0.475912 0 0.12536799999999998 0.12250300000000003 0.121139 0.0094359999999999999 0.0093819999999999997 0.0090369999999999999 0.093863999999999989 0.091398000000000021 0.090567000000000009 0.0029820000000000003 0.0030100000000000005 0.0029230000000000003 0.00068700000000000011 0.000687 0.00065200000000000002 101.31248364991231 101.31248364991231 101.31248364991231 8.8446033149104338e-05 8.8446033149104338e-05 8.8446033149104338e-05 1 1 1 Converged Converged Converged OK OK OK 61 61 61 61 61 61 3 3 3 0 0 0 0 0 1 0 0
169 169 uniform 4 7 1639 1 0.0001 1 0.0015365909511886355 0.00034192410384773891 0.003833901216227223 -0.0039101604800733719 0.0038071419385347911 0 -0.0022729084766007742 100.92101405388696 OK 13 12 0.61785000000000001 0.58557499999999996 0.11503099999999999 0.50123600000000001 0.36593399999999998 0 0.116614 0.21964099999999998 0.11503099999999999 0.0087980000000000003 0.0088339999999999998 0.0082660000000000008 0.088748000000000007 0.19154200000000002 0.088432999999999984 0.003058 0.0031770000000000001 0.0030119999999999999 0.0006600000000000001 0.00066500000000000001 0.00063699999999999998 100.92101924183035 100.92101924183035 100.92101924183035 8.8447191632840837e-05 8.8447191632840837e-05 8.8447191632840837e-05 1 1 1 Converged Converged Converged OK OK OK 61 61 61 61 61 61 3 3 3 0 0 0 0 1 0 0 1
169 169 uniform 4 15 1639 2 0.0001 1 0.0015365909511886355 0.00034192410384773891 0.003833901216227223 -0.0039101604800733719 0.0038547139877657811 0 -0.0023204805258317642 100.46970325612213 OK 13 12 0.67562199999999994 0.63024899999999995 0.11218500000000001 0.561666 0.421933 0 0.11395599999999995 0.20831599999999995 0.11218500000000001 0.0087679999999999998 0.0088299999999999993 0.0083479999999999995 0.08619700000000001 0.18032600000000004 0.085651999999999978 0.003091 0.00316 0.0030029999999999996 0.00065300000000000004 0.00065200000000000002 0.00064400000000000004 100.46971583497455 100.46971583497455 100.46971583497455 8.8448546398520238e-05 8.8448546398520238e-05 8.8448546398520238e-05 1 1 1 Converged Converged Converged OK OK OK 61 61 61 61 61 61 3 3 3 0 0 0 0 1 0 0 1
169 169 uniform 4 23 1639 3 0.0001 1 0.0015365909511886355 0.00034192410384773891 0.003833901216227223 -0.0039101604800733719 0.0039022860369967707 0 -0.0023680525750627538 100.01451398421786 OK 13 12 0.65314399999999995 0.61536400000000002 0.110125 0.53571400000000002 0.40055200000000002 0 0.11742999999999992 0.214812 0.110125 0.013861 0.0087550000000000006 0.0082290000000000002 0.084620999999999988 0.18676999999999999 0.08364000000000002 0.0030620000000000005 0.0032550000000000005 0.0029520000000000002 0.00065499999999999998 0.00065800000000000006 0.00063800000000000011 100.01452371885544 100.01452371885544 100.01452371885544 8.8449934980729632e-05 8.8449934980729632e-05 8.8449934980729632e-05 1 1 1 Converged Converged Converged OK OK OK 61 61 61 61 61 61 3 3 3 0 0 0 0 1 0 0 1
170 170 linear 3 0 1640 0 0.001 1 0.029439373130607568 0.0003883494621757494 0.016142701003766871 0.028239353982218354 0.016065031111331722 0.5 0.012532450099319935 137.16887061457103 OK 15 14 0.51569699999999996 0.51208799999999999 0.185779 0.32565699999999997 0.32663399999999998 0 0.19003999999999999 0.18545400000000001 0.185779 0.016500999999999998 0.016153000000000001 0.015851000000000001 0.14209899999999995 0.13797900000000002 0.13833299999999998 0.0042309999999999995 0.004241 0.0043109999999999997 0.0010329999999999998 0.0010380000000000001 0.0010549999999999999 137.16857718277419 137.16857718277419 137.16857718277419 0.060570831664970765 0.060570831664970765 0.060570831664970765 1 1 1 Converged Converged Converged OK OK OK 90 90 90 90 90 90 6 6 6 0 0 0 0 0 1 0 0
170 170 linear 3 7 1640 1 0.001 1 0.029439373130607568 0.0003883494621757494 0.016142701003766871 0.028239353982218354 0.016112308437161812 0.5 0.012485172773489844 142.60274707904031 OK 15 14 0.51054100000000002 0.58636500000000003 0.174655 0.33068399999999998 0.21978600000000001 0 0.17985700000000004 0.36657899999999999 0.174655 0.015472 0.015481999999999999 0.014649000000000001 0.13955299999999995 0.32571000000000017 0.13578799999999996 0.0040690000000000006 0.0042860000000000007 0.0039999999999999992 0.001083 0.00106 0.00098299999999999993 142.60245215238476 142.60245215238476 142.60245215238476 0.062608997910024874 0.062608997910024874 0.062608997910024874 1 1 1 Converged Converged Converged OK OK OK 90 90 90 90 90 90 6 6 6 0 0 0 0 1 0 0 1
170 170 linear 3 15 1640 2 0.001 1 0.029439373130607568 0.0003883494621757494 0.016142701003766871 0.028239353982218354 0.016166339666681916 0.5 0.01243114154396974 149.9631948121835 OK 15 14 0.488757 0.56009100000000001 0.1663 0.32079200000000002 0.20968700000000001 0 0.16796499999999998 0.35040399999999999 0.1663 0.015348000000000001 0.015394 0.014581999999999999 0.12952999999999998 0.31102800000000003 0.125939 0.0037959999999999999 0.0039990000000000008 0.0037109999999999999 0.00091799999999999998 0.00094200000000000013 0.00085499999999999997 149.96290259803357 149.96290259803357 149.96290259803357 0.12089522248467822 0.12089522248467822 0.12089522248467822 1 1 1 Converged Converged Converged OK OK OK 82 82 82 82 82 82 6 6 6 0 0 0 0 1 0 0 1
170 170 linear 3 23 1640 3 0.001 1 0.029439373130607568 0.0003883494621757494 0.016142701003766871 0.028239353982218354 0.01622037089620202 0.5 0.012377110314449637 159.1140991257804 OK 15 14 0.49044900000000002 0.56419200000000003 0.168325 0.317606 0.20805899999999999 0 0.17284300000000002 0.35613300000000003 0.168325 0.01521 0.015351 0.014581 0.13453099999999996 0.31720799999999988 0.13110099999999994 0.0039299999999999995 0.0040460000000000001 0.0038629999999999997 0.00094800000000000006 0.00096100000000000005 0.000959 159.11381270074122 159.11381270074122 159.11381270074122 0.10801304883167735 0.10801304883167735 0.10801304883167735 1 1 1 Converged Converged Converged OK OK OK 82 82 82 82 82 82 6 6 6 0 0 0 0 1 0 0 1
170 170 linear 3 0 1640 0 0.0001 1 0.029439373130607568 0.0003883494621757494 0.016142701003766871 0.028239353982218354 0.016065031111331722 0.5 0.012532450099319935 137.16887061457103 OK 15 14 0.59085799999999999 0.57957099999999995 0.25113799999999997 0.33533400000000002 0.32813799999999999 0 0.25552399999999997 0.25143299999999996 0.25113799999999997 0.016204 0.016337000000000001 0.015807000000000002 0.19348399999999993 0.189056 0.18903200000000001 0.0058990000000000006 0.0060100000000000006 0.0061700000000000001 0.0014519999999999999 0.0014920000000000001 0.0015370000000000002 137.16879563685268 137.16879563685268 137.16879563685268 0.0026021284832551967 0.0026021284832551967 0.0026021284832551967 1 1 1 Converged Converged Converged OK OK OK 122 122 122 122 122 122 6 6 6 0 0 0 0 0 1 0 0
170 170 linear 3 7 1640 1 0.0001 1 0.029439373130607568 0.0003883494621757494 0.016142701003766871 0.028239353982218354 0.016112308437161812 0.5 0.012485172773489844 142.60274707904031 OK 15 14 0.57053200000000004 0.70938000000000001 0.238041 0.32958900000000002 0.21454300000000001 0 0.24094300000000002 0.49483699999999997 0.238041 0.01555 0.015283 0.014749 0.19065499999999996 0.44419100000000006 0.18893599999999997 0.0057980000000000011 0.0059969999999999997 0.0058660000000000006 0.0014529999999999999 0.001444 0.0014729999999999999 142.60267058124072 142.60267058124072 142.60267058124072 0.0046305687604957565 0.0046305687604957565 0.0046305687604957565 1 1 1 Converged Converged Converged OK OK OK 122 122 122 122 122 122 6 6 6 0 0 0 0 1 0 0 1
170 170 linear 3 15 1640 2 0.0001 1 0.029439373130607568 0.0003883494621757494 0.016142701003766871 0.028239353982218354 0.016166339666681916 0.5 0.01243114154396974 149.9631948121835 OK 15 14 0.57055699999999998 0.72599999999999998 0.23782200000000001 0.32036999999999999 0.21010400000000001 0 0.25018699999999999 0.51589599999999991 0.23782200000000001 0.015386 0.015509 0.014619 0.19949400000000006 0.46428700000000001 0.18903899999999996 0.005934 0.0062360000000000002 0.0057669999999999996 0.0015150000000000001 0.0014950000000000002 0.0014719999999999998 149.96312067419061 149.96312067419061 149.96312067419061 0.01043351955686234 0.01043351955686234 0.01043351955686234 1 1 1 Converged Converged Converged OK OK OK 122 122 122 122 122 122 6 6 6 0 0 0 0 1 0 0 1
170 170 linear 3 23 1640 3 0.0001 1 0.029439373130607568 0.0003883494621757494 0.016142701003766871 0.028239353982218354 0.01622037089620202 0.5 0.012377110314449637 159.1140991257804 OK 15 14 0.59071799999999997 0.79139599999999999 0.26852100000000001 0.31389600000000001 0.211008 0 0.27682199999999996 0.58038800000000001 0.26852100000000001 0.015357000000000001 0.015308 0.014544 0.21877699999999994 0.52210199999999984 0.21250200000000016 0.0070610000000000004 0.0068789999999999997 0.0066450000000000007 0.001637 0.0016199999999999999 0.0016170000000000002 159.11400927491334 159.11400927491334 159.11400927491334 0.00048934248398728073 0.00048934248398728073 0.00048934248398728073 1 1 1 Converged Converged Converged OK OK OK 138 138 138 138 138 138 6 6 6 0 0 0 0 1 0 0 1
170 170 linear 4 0 1641 0 0.001 1 0.029439373130607568 0.0003883494621757494 -0.014766236517943862 -0.23398918704458321 -0.014843906410379011 0.5 0.043441387621030669 7.5501419006650714 OK 13 12 0.75283999999999995 0.752579 0.123581 0.629664 0.63181699999999996 0 0.12317599999999995 0.12076200000000004 0.123581 0.010385999999999999 0.010286999999999999 0.011076000000000001 0.090489 0.088973000000000024 0.090463000000000002 0.0033760000000000001 0.0032669999999999999 0.0033300000000000001 0.00068499999999999995 0.00068300000000000001 0.00072500000000000006 7.5501373919025268 7.5501373919025268 7.5501373919025268 0.007188280306532898 0.007188280306532898 0.007188280306532898 1 1 1 Converged Converged Converged OK OK OK 61 61 61 61 61 61 3 3 3 0 0 0 0 0 1 0 0
170 170 linear 4 7 1641 1 0.001 1 0.029439373130607568 0.0003883494621757494 -0.014766236517943862 -0.23398918704458321 -0.01479662908454892 0.5 0.043394110295200579 7.6840688143715639 OK 13 12 0.62817500000000004 0.61801799999999996 0.123317 0.50514999999999999 0.38096099999999999 0 0.12302500000000005 0.23705699999999996 0.123317 0.0094809999999999998 0.0094050000000000002 0.010271000000000001 0.093893000000000032 0.20824699999999999 0.094201000000000035 0.0033059999999999999 0.0032069999999999998 0.0032079999999999999 0.00078299999999999984 0.000727 0.00071700000000000008 7.6840642510851547 7.6840642510851547 7.6840642510851547 0.0071886156127115965 0.0071886156127115965 0.0071886156127115965 1 1 1 Converged Converged Converged OK OK OK 61 61 61 61 61 61 3 3 3 0 0 0 0 1 0 0 1
170 170 linear 4 15 1641 2 0.001 1 0.029439373130607568 0.0003883494621757494 -0.014766236517943862 -0.23398918704458321 -0.014742597855028816 0.5 0.043340079065680472 7.8561654631201563 OK 13 12 0.59785100000000002 0.58666799999999997 0.11089300000000001 0.48043200000000003 0.35136000000000001 0 0.117419 0.23530799999999996 0.11089300000000001 0.0093410000000000003 0.0095259999999999997 0.0088570000000000003 0.088845999999999981 0.20625599999999997 0.083357000000000001 0.0032269999999999998 0.0033379999999999998 0.0032889999999999998 0.00068599999999999998 0.000687 0.00065699999999999992 7.8561606376032032 7.8561606376032032 7.8561606376032032 0.0071889988702382272 0.0071889988702382272 0.0071889988702382272 1 1 1 Converged Converged Converged OK OK OK 61 61 61 61 61 61 3 3 3 0 0 0 0 1 0 0 1
170 170 linear 4 23 1641 3 0.001 1 0.029439373130607568 0.0003883494621757494 -0.014766236517943862 -0.23398918704458321 -0.014688566625508713 0.5 0.043286047836160371 8.0535320050594041 OK 13 12 0.74537200000000003 0.74353400000000003 0.12582099999999999 0.61999099999999996 0.49737100000000001 0 0.12538100000000008 0.24616300000000002 0.12582099999999999 0.0093760000000000007 0.010814000000000001 0.0087869999999999997 0.096749999999999961 0.21524299999999999 0.098669000000000021 0.0032600000000000003 0.0035070000000000006 0.0030810000000000004 0.000696 0.00071500000000000003 0.00066799999999999997 8.0535271267857667 8.0535271267857667 8.0535271267857667 0.0071893817196105403 0.0071893817196105403 0.0071893817196105403 1 1 1 Converged Converged Converged OK OK OK 61 61 61 61 61 61 3 3 3 0 0 0 0 1 0 0 1
170 170 linear 4 0 1641 0 0.0001 1 0.029439373130607568 0.0003883494621757494 -0.014766236517943862 -0.23398918704458321 -0.014843906410379011 0.5 0.043441387621030669 7.5501419006650714 OK 13 12 0.82186899999999996 0.81236299999999995 0.17962800000000001 0.63233399999999995 0.63151500000000005 0 0.18953500000000001 0.1808479999999999 0.17962800000000001 0.01155 0.0099839999999999998 0.0097149999999999997 0.14300899999999997 0.13709200000000007 0.13637100000000005 0.0050759999999999998 0.0048089999999999999 0.0049519999999999998 0.00095500000000000001 0.00091799999999999998 0.00090199999999999992 7.5501373958142377 7.5501373958142377 7.5501373958142377 5.5105315398094382e-08 5.5105315398094382e-08 5.5105315398094382e-08 1 1 1 Converged Converged Converged OK OK OK 93 93 93 93 93 93 3 3 3 0 0 0 0 0 1 0 0
170 170 linear 4 7 1641 1 0.0001 1 0.029439373130607568 0.0003883494621757494 -0.014766236517943862 -0.23398918704458321 -0.01479662908454892 0.5 0.043394110295200579 7.6840688143715639 OK 13 12 0.68896900000000005 0.75933099999999998 0.17918300000000001 0.51013200000000003 0.38518400000000003 0 0.17883700000000002 0.37414699999999995 0.17918300000000001 0.0093329999999999993 0.0094000000000000004 0.0088819999999999993 0.14037999999999998 0.33563599999999993 0.14154099999999997 0.0047740000000000005 0.0048770000000000003 0.0047939999999999997 0.001008 0.00092699999999999998 0.00095200000000000005 7.6840642550001661 7.6840642550001661 7.6840642550001661 6.0101636736003241e-08 6.0101636736003241e-08 6.0101636736003241e-08 1 1 1 Converged Converged Converged OK OK OK 93 93 93 93 93 93 3 3 3 0 0 0 0 1 0 0 1
170 170 linear 4 15 1641 2 0.0001 1 0.029439373130607568 0.0003883494621757494 -0.014766236517943862 -0.23398918704458321 -0.014742597855028816 0.5 0.043340079065680472 7.8561654631201563 OK 13 12 0.65906399999999998 0.73668 0.17002700000000001 0.48497800000000002 0.350549 0 0.17408599999999996 0.386131 0.17002700000000001 0.0094140000000000005 0.0094570000000000001 0.0088369999999999994 0.13569000000000001 0.34709799999999996 0.132795 0.0050369999999999998 0.0050669999999999995 0.0048649999999999995 0.00088900000000000003 0.00092600000000000007 0.00093500000000000007 7.8561606415157375 7.8561606415157375 7.8561606415157375 6.6131094441836918e-08 6.6131094441836918e-08 6.6131094441836918e-08 1 1 1 Converged Converged Converged OK OK OK 93 93 93 93 93 93 3 3 3 0 0 0 0 1 0 0 1
170 170 linear 4 23 1641 3 0.0001 1 0.029439373130607568 0.0003883494621757494 -0.014766236517943862 -0.23398918704458321 -0.014688566625508713 0.5 0.043286047836160371 8.0535320050594041 OK 13 12 0.80871899999999997 0.875606 0.18133199999999999 0.623031 0.49789099999999997 0 0.18568799999999996 0.37771500000000002 0.18133199999999999 0.0093950000000000006 0.00958 0.0088559999999999993 0.14766500000000002 0.33872999999999992 0.14428100000000005 0.0047939999999999997 0.0049919999999999999 0.0047039999999999998 0.00091399999999999999 0.00090799999999999995 0.00087299999999999997 8.0535271306997096 8.0535271306997096 8.0535271306997096 7.2050103379149897e-08 7.2050103379149897e-08 7.2050103379149897e-08 1 1 1 Converged Converged Converged OK OK OK 93 93 93 93 93 93 3 3 3 0 0 0 0 1 0 0 1
170 170 uniform 3 0 1642 0 0.001 1 0.029439373130607568 0.0003883494621757494 0.016142701003766871 0.028239353982218354 0.016065031111331722 0 0.012532450099319935 137.59471697632981 OK 15 14 0.45424599999999998 0.45575599999999999 0.12986600000000001 0.32594200000000001 0.32744800000000002 0 0.12830399999999997 0.12830799999999998 0.12986600000000001 0.016285000000000001 0.016057999999999999 0.015599 0.090237999999999957 0.090450000000000072 0.092677999999999913 0.002722 0.0028290000000000004 0.0027370000000000003 0.00071199999999999996 0.00070800000000000008 0.00072099999999999996 137.59467994586706 137.59467994586706 137.59467994586706 0.1374985519576076 0.1374985519576076 0.1374985519576076 1 1 1 Converged Converged Converged OK OK OK 66 66 66 66 66 66 6 6 6 0 0 0 0 0 1 0 0
170 170 uniform 3 7 1642 1 0.001 1 0.029439373130607568 0.0003883494621757494 0.016142701003766871 0.028239353982218354 0.016112308437161812 0 0.012485172773489844 143.13779855051217 OK 15 14 0.448604 0.46914099999999997 0.119917 0.32772699999999999 0.21285200000000001 0 0.12087700000000001 0.25628899999999999 0.119917 0.015291000000000001 0.015285 0.014692 0.087931999999999955 0.22303499999999996 0.087993999999999975 0.0027000000000000001 0.0028139999999999997 0.0027020000000000004 0.00076400000000000003 0.00078899999999999999 0.00074200000000000004 143.13776443606096 143.13776443606096 143.13776443606096 0.12842795362676476 0.12842795362676476 0.12842795362676476 1 1 1 Converged Converged Converged OK OK OK 66 66 66 66 66 66 6 6 6 0 0 0 0 1 0 0 1
170 170 uniform 3 15 1642 2 0.001 1 0.029439373130607568 0.0003883494621757494 0.016142701003766871 0.028239353982218354 0.016166339666681916 0 0.01243114154396974 150.68483203493668 OK 15 14 0.43786199999999997 0.46514 0.120827 0.31951600000000002 0.211953 0 0.11834599999999995 0.253187 0.120827 0.015213000000000001 0.015414000000000001 0.018488000000000001 0.085530999999999996 0.21973800000000002 0.085242999999999999 0.0026969999999999997 0.002859 0.0026689999999999999 0.00066100000000000002 0.00067400000000000001 0.00068099999999999996 150.68480496808317 150.68480496808317 150.68480496808317 0.13031948765163784 0.13031948765163784 0.13031948765163784 1 1 1 Converged Converged Converged OK OK OK 66 66 66 66 66 66 6 6 6 0 0 0 0 1 0 0 1
170 170 uniform 3 23 1642 3 0.001 1 0.029439373130607568 0.0003883494621757494 0.016142701003766871 0.028239353982218354 0.01622037089620202 0 0.012377110314449637 160.14828415675879 OK 15 14 0.44159700000000002 0.48294300000000001 0.12430099999999999 0.31604300000000002 0.20962500000000001 0 0.125554 0.27331800000000001 0.12430099999999999 0.015174999999999999 0.01532 0.014616000000000001 0.092797000000000018 0.24014199999999997 0.092657000000000003 0.0026780000000000003 0.0027910000000000001 0.002679 0.00073499999999999998 0.00071700000000000008 0.00071999999999999994 160.14828849361487 160.14828849361487 160.14828849361487 0.15510911220235304 0.15510911220235304 0.15510911220235304 1 1 1 Converged Converged Converged OK OK OK 66 66 66 66 66 66 6 6 6 0 0 0 0 1 0 0 1
170 170 uniform 3 0 1642 0 0.0001 1 0.029439373130607568 0.0003883494621757494 0.016142701003766871 0.028239353982218354 0.016065031111331722 0 0.012532450099319935 137.59471697632981 OK 15 14 0.522065 0.522953 0.198299 0.32716499999999998 0.32833000000000001 0 0.19490000000000002 0.19462299999999999 0.198299 0.016174999999999998 0.016251000000000002 0.015473000000000001 0.14006600000000002 0.139956 0.14451199999999995 0.0048210000000000006 0.0048059999999999995 0.0048410000000000007 0.001405 0.001351 0.0012670000000000001 137.59472438997898 137.59472438997898 137.59472438997898 0.007321640581436922 0.007321640581436922 0.007321640581436922 1 1 1 Converged Converged Converged OK OK OK 106 106 106 106 106 106 6 6 6 0 0 0 0 0 1 0 0
170 170 uniform 3 7 1642 1 0.0001 1 0.029439373130607568 0.0003883494621757494 0.016142701003766871 0.028239353982218354 0.016112308437161812 0 0.012485172773489844 143.13779855051217 OK 15 14 0.50950600000000001 0.62004300000000001 0.18038499999999999 0.325013 0.22043299999999999 0 0.18449300000000002 0.39961000000000002 0.18038499999999999 0.015259 0.015301 0.014572 0.13697900000000002 0.35427400000000003 0.13686900000000002 0.0047609999999999996 0.004973 0.0047170000000000007 0.001348 0.0012859999999999998 0.0012829999999999999 143.13780961349718 143.13780961349718 143.13780961349718 0.01064741884761721 0.01064741884761721 0.01064741884761721 1 1 1 Converged Converged Converged OK OK OK 106 106 106 106 106 106 6 6 6 0 0 0 0 1 0 0 1
170 170 uniform 3 15 1642 2 0.0001 1 0.029439373130607568 0.0003883494621757494 0.016142701003766871 0.028239353982218354 0.016166339666681916 0 0.01243114154396974 150.68483203493668 OK 15 14 0.51799200000000001 0.68182900000000002 0.20038 0.31897700000000001 0.21645200000000001 0 0.199015 0.46537700000000004 0.20038 0.015376000000000001 0.015346 0.014576 0.14999800000000002 0.41533800000000004 0.14919400000000008 0.0055169999999999993 0.0057320000000000001 0.0055480000000000008 0.0013029999999999999 0.0013110000000000001 0.001353 150.68484444070049 150.68484444070049 150.68484444070049 0.004490769411628839 0.004490769411628839 0.004490769411628839 1 1 1 Converged Converged Converged OK OK OK 122 122 122 122 122 122 6 6 6 0 0 0 0 1 0 0 1
170 170 uniform 3 23 1642 3 0.0001 1 0.029439373130607568 0.0003883494621757494 0.016142701003766871 0.028239353982218354 0.01622037089620202 0 0.012377110314449637 160.14828415675879 OK 15 14 0.51085499999999995 0.65161599999999997 0.19181599999999999 0.31713799999999998 0.21194199999999999 0 0.19371699999999997 0.43967400000000001 0.19181599999999999 0.015363 0.015431 0.014592000000000001 0.14763100000000007 0.3920820000000001 0.14699199999999996 0.005208 0.0056059999999999999 0.0051020000000000006 0.0012869999999999999 0.001439 0.001322 160.1482977768365 160.1482977768365 160.1482977768365 0.015507282393465752 0.015507282393465752 0.015507282393465752 1 1 1 Converged Converged Converged OK OK OK 114 114 114 114 114 114 6 6 6 0 0 0 0 1 0 0 1
170 170 uniform 4 0 1643 0 0.001 1 0.029439373130607568 0.0003883494621757494 -0.014766236517943862 -0.23398918704458321 -0.014843906410379011 0 0.043441387621030669 7.5585049763274501 OK 13 12 0.71736500000000003 0.71760699999999999 0.084855 0.63150799999999996 0.62864100000000001 0 0.085857000000000072 0.08896599999999999 0.084855 0.010017 0.010021 0.0099150000000000002 0.059547999999999997 0.062954999999999997 0.059220000000000023 0.0021570000000000001 0.0021970000000000002 0.002124 0.00055500000000000005 0.00057100000000000011 0.00054000000000000001 7.5585049145090926 7.5585049145090926 7.5585049145090926 0.0024670354024412203 0.0024670354024412203 0.0024670354024412203 1 1 1 Converged Converged Converged OK OK OK 45 45 45 45 45 45 3 3 3 0 0 0 0 0 1 0 0
170 170 uniform 4 7 1643 1 0.001 1 0.029439373130607568 0.0003883494621757494 -0.014766236517943862 -0.23398918704458321 -0.01479662908454892 0 0.043394110295200579 7.693913752913585 OK 13 12 0.59076799999999996 0.56128 0.081281000000000006 0.50819499999999995 0.37953599999999998 0 0.082573000000000008 0.18174400000000002 0.081281000000000006 0.0093489999999999997 0.0094009999999999996 0.0088850000000000005 0.059192000000000008 0.15482699999999991 0.058803000000000001 0.0021800000000000001 0.0056990000000000001 0.00215 0.000544 0.00053800000000000007 0.00052399999999999994 7.6939136900574496 7.6939136900574496 7.6939136900574496 0.0024913241059114862 0.0024913241059114862 0.0024913241059114862 1 1 1 Converged Converged Converged OK OK OK 45 45 45 45 45 45 3 3 3 0 0 0 0 1 0 0 1
170 170 uniform 4 15 1643 2 0.001 1 0.029439373130607568 0.0003883494621757494 -0.014766236517943862 -0.23398918704458321 -0.014742597855028816 0 0.043340079065680472 7.8682124225273773 OK 13 12 0.56257800000000002 0.52967699999999995 0.076191999999999996 0.48250500000000002 0.35046500000000003 0 0.080073000000000005 0.17921199999999993 0.076191999999999996 0.0093779999999999992 0.009332 0.0089239999999999996 0.054160000000000007 0.15082199999999998 0.053707999999999992 0.0022079999999999999 0.0022230000000000001 0.002196 0.00053200000000000003 0.00055499999999999994 0.00052900000000000006 7.8682123482638309 7.8682123482638309 7.8682123482638309 0.0025217009537064341 0.0025217009537064341 0.0025217009537064341 1 1 1 Converged Converged Converged OK OK OK 45 45 45 45 45 45 3 3 3 0 0 0 0 1 0 0 1
170 170 uniform 4 23 1643 3 0.001 1 0.029439373130607568 0.0003883494621757494 -0.014766236517943862 -0.23398918704458321 -0.014688566625508713 0 0.043286047836160371 8.0685718672229019 OK 13 12 0.70782199999999995 0.67687399999999998 0.084031999999999996 0.62231599999999998 0.49298999999999998 0 0.085505999999999971 0.18388399999999999 0.084031999999999996 0.0093589999999999993 0.009476 0.0087819999999999999 0.062124000000000019 0.16031499999999999 0.061723000000000007 0.0021870000000000001 0.0022720000000000001 0.0021540000000000001 0.00055599999999999996 0.00054100000000000003 0.00052400000000000005 8.0685717885455386 8.0685717885455386 8.0685717885455386 0.0025563889060870862 0.0025563889060870862 0.0025563889060870862 1 1 1 Converged Converged Converged OK OK OK 45 45 45 45 45 45 3 3 3 0 0 0 0 1 0 0 1
170 170 uniform 4 0 1643 0 0.0001 1 0.029439373130607568 0.0003883494621757494 -0.014766236517943862 -0.23398918704458321 -0.014843906410379011 0 0.043441387621030669 7.5585049763274501 OK 13 12 0.76236999999999999 0.77409700000000004 0.13006100000000001 0.63188699999999998 0.63504400000000005 0 0.13048300000000002 0.13905299999999998 0.13006100000000001 0.0099469999999999992 0.011599999999999999 0.0097000000000000003 0.093008000000000035 0.099218000000000015 0.093196000000000029 0.0038009999999999997 0.0040170000000000006 0.0037720000000000002 0.00081599999999999999 0.00081699999999999991 0.00079299999999999998 7.5585049167764247 7.5585049167764247 7.5585049167764247 0.00061584993666032538 0.00061584993666032538 0.00061584993666032538 1 1 1 Converged Converged Converged OK OK OK 77 77 77 77 77 77 3 3 3 0 0 0 0 0 1 0 0
170 170 uniform 4 7 1643 1 0.0001 1 0.029439373130607568 0.0003883494621757494 -0.014766236517943862 -0.23398918704458321 -0.01479662908454892 0 0.043394110295200579 7.693913752913585 OK 13 12 0.63190299999999999 0.67020000000000002 0.12756100000000001 0.50291600000000003 0.39019199999999998 0 0.12898699999999996 0.28000800000000003 0.12756100000000001 0.0093550000000000005 0.0095040000000000003 0.008914 0.095924000000000037 0.24613499999999994 0.095468999999999998 0.0038650000000000004 0.0039399999999999999 0.0037910000000000001 0.00078000000000000009 0.00078800000000000007 0.00077099999999999998 7.6939136928717513 7.6939136928717513 7.6939136928717513 0.00061588791944377054 0.00061588791944377054 0.00061588791944377054 1 1 1 Converged Converged Converged OK OK OK 77 77 77 77 77 77 3 3 3 0 0 0 0 1 0 0 1
170 170 uniform 4 15 1643 2 0.0001 1 0.029439373130607568 0.0003883494621757494 -0.014766236517943862 -0.23398918704458321 -0.014742597855028816 0 0.043340079065680472 7.8682124225273773 OK 13 12 0.60756100000000002 0.64057500000000001 0.12135799999999999 0.48458000000000001 0.351686 0 0.12298100000000001 0.28888900000000001 0.12135799999999999 0.0094219999999999998 0.0094549999999999999 0.0088330000000000006 0.089915000000000009 0.25538900000000003 0.089364999999999986 0.00382 0.0039350000000000001 0.0038199999999999996 0.00076600000000000008 0.00078200000000000014 0.00074899999999999999 7.8682123517993148 7.8682123517993148 7.8682123517993148 0.00061593099629455846 0.00061593099629455846 0.00061593099629455846 1 1 1 Converged Converged Converged OK OK OK 77 77 77 77 77 77 3 3 3 0 0 0 0 1 0 0 1
170 170 uniform 4 23 1643 3 0.0001 1 0.029439373130607568 0.0003883494621757494 -0.014766236517943862 -0.23398918704458321 -0.014688566625508713 0 0.043286047836160371 8.0685718672229019 OK 13 12 0.78470300000000004 0.78537100000000004 0.13280400000000001 0.62956000000000001 0.49139899999999997 0 0.15514300000000003 0.29397200000000007 0.13280400000000001 0.010592000000000001 0.0095879999999999993 0.008848 0.11974699999999996 0.260241 0.10082599999999999 0.0040249999999999999 0.003934 0.0037989999999999994 0.00083100000000000003 0.000767 0.00076899999999999994 8.0685717928417411 8.0685717928417411 8.0685717928417411 0.00061597516535250561 0.00061597516535250561 0.00061597516535250561 1 1 1 Converged Converged Converged OK OK OK 77 77 77 77 77 77 3 3 3 0 0 0 0 1 0 0 1
171 171 linear 3 0 1644 0 0.001 1 0.07035564568923483 0.00023304480442786881 0.20084759890794432 -0.24270675351835941 0.20080098994705875 0.5 -0.13506989769507116 28.111785992767373 OK 15 14 0.48435299999999998 0.481491 0.18154500000000001 0.29883100000000001 0.299425 0 0.18552199999999996 0.18206600000000001 0.18154500000000001 0.014612999999999999 0.014416999999999999 0.014053 0.13315099999999996 0.13041699999999998 0.13027900000000001 0.0054710000000000002 0.0053609999999999994 0.0052520000000000006 0.0010699999999999998 0.001103 0.0010439999999999998 28.111714426582633 28.111714426582633 28.111714426582633 0.018882104314021923 0.018882104314021923 0.018882104314021923 1 1 1 Converged Converged Converged OK OK OK 99 99 99 99 99 99 5 5 5 0 0 0 0 0 1 0 0
171 171 linear 3 7 1644 1 0.001 1 0.07035564568923483 0.00023304480442786881 0.20084759890794432 -0.24270675351835941 0.20082936061890214 0.5 -0.13509826836691458 28.074223640981575 OK 15 14 0.48810199999999998 0.60298399999999996 0.16929 0.31476999999999999 0.21510599999999999 0 0.17333199999999999 0.38787799999999995 0.16929 0.013478 0.013517 0.012847000000000001 0.12902300000000003 0.34240900000000002 0.12622700000000003 0.0053689999999999996 0.0056220000000000003 0.0052989999999999999 0.0010040000000000001 0.0010329999999999998 0.0010029999999999998 28.074151926517846 28.074151926517846 28.074151926517846 0.01888320575467008 0.01888320575467008 0.01888320575467008 1 1 1 Converged Converged Converged OK OK OK 99 99 99 99 99 99 5 5 5 0 0 0 0 1 0 0 1
171 171 linear 3 15 1644 2 0.001 1 0.07035564568923483 0.00023304480442786881 0.20084759890794432 -0.24270675351835941 0.20086178424386603 0.5 -0.13513069199187844 28.03155634576375 OK 15 14 0.47406999999999999 0.57698799999999995 0.171459 0.29413299999999998 0.18859799999999999 0 0.17993700000000001 0.38838999999999996 0.171459 0.013551000000000001 0.013523 0.012781000000000001 0.13581900000000002 0.337557 0.12867899999999996 0.005195 0.005359 0.0051540000000000006 0.00098900000000000008 0.00099399999999999987 0.00099299999999999996 28.031484905328256 28.031484905328256 28.031484905328256 0.018884471459580117 0.018884471459580117 0.018884471459580117 1 1 1 Converged Converged Converged OK OK OK 99 99 99 99 99 99 5 5 5 0 0 0 0 1 0 0 1
171 171 linear 3 23 1644 3 0.001 1 0.07035564568923483 0.00023304480442786881 0.20084759890794432 -0.24270675351835941 0.20089420786882989 0.5 -0.1351631156168423 27.989164498383211 OK 15 14 0.45383600000000002 0.53690300000000002 0.162467 0.28689900000000002 0.186975 0 0.166937 0.34992800000000002 0.162467 0.013422999999999999 0.013507 0.012777999999999999 0.12277399999999997 0.30532299999999996 0.119653 0.0054079999999999996 0.0054089999999999997 0.0052379999999999996 0.00098899999999999986 0.00099100000000000013 0.00097099999999999986 27.989092923621744 27.989092923621744 27.989092923621744 0.018885744504487913 0.018885744504487913 0.018885744504487913 1 1 1 Converged Converged Converged OK OK OK 99 99 99 99 99 99 5 5 5 0 0 0 0 1 0 0 1
171 171 linear 3 0 1644 0 0.0001 1 0.07035564568923483 0.00023304480442786881 0.20084759890794432 -0.24270675351835941 0.20080098994705875 0.5 -0.13506989769507116 28.111785992767373 OK 15 14 0.55419700000000005 0.55004200000000003 0.251162 0.29789500000000002 0.29453400000000002 0 0.25630200000000003 0.25550800000000001 0.251162 0.014396000000000001 0.014579 0.013945000000000001 0.18746999999999994 0.18600200000000006 0.1821610000000001 0.0073010000000000002 0.007646 0.0074009999999999996 0.001539 0.0015480000000000001 0.0015460000000000003 28.111768132809569 28.111768132809569 28.111768132809569 0.00011005478572483029 0.00011005478572483029 0.00011005478572483029 1 1 1 Converged Converged Converged OK OK OK 139 139 139 139 139 139 5 5 5 0 0 0 0 0 1 0 0
171 171 linear 3 7 1644 1 0.0001 1 0.07035564568923483 0.00023304480442786881 0.20084759890794432 -0.24270675351835941 0.20082936061890214 0.5 -0.13509826836691458 28.074223640981575 OK 15 14 0.56087900000000002 0.77776400000000001 0.23415 0.32034000000000001 0.214564 0 0.240539 0.56320000000000003 0.23415 0.013471 0.013488 0.012911000000000001 0.18370300000000006 0.50597100000000017 0.17923600000000009 0.0075849999999999997 0.0074819999999999999 0.0071289999999999999 0.00149 0.0014909999999999999 0.0014419999999999999 28.07420562411766 28.07420562411766 28.07420562411766 0.00011000934963822244 0.00011000934963822244 0.00011000934963822244 1 1 1 Converged Converged Converged OK OK OK 139 139 139 139 139 139 5 5 5 0 0 0 0 1 0 0 1
171 171 linear 3 15 1644 2 0.0001 1 0.07035564568923483 0.00023304480442786881 0.20084759890794432 -0.24270675351835941 0.20086178424386603 0.5 -0.13513069199187844 28.03155634576375 OK 15 14 0.54166499999999995 0.73645899999999997 0.23635400000000001 0.29653400000000002 0.19211700000000001 0 0.24513099999999993 0.54434199999999999 0.23635400000000001 0.013483999999999999 0.013634 0.012828000000000001 0.18517099999999997 0.487178 0.18129699999999993 0.007474999999999999 0.0074100000000000008 0.0071120000000000011 0.0014839999999999996 0.001449 0.0014829999999999999 28.031538593070959 28.031538593070959 28.031538593070959 0.00010995801121281374 0.00010995801121281374 0.00010995801121281374 1 1 1 Converged Converged Converged OK OK OK 139 139 139 139 139 139 5 5 5 0 0 0 0 1 0 0 1
171 171 linear 3 23 1644 3 0.0001 1 0.07035564568923483 0.00023304480442786881 0.20084759890794432 -0.24270675351835941 0.20089420786882989 0.5 -0.1351631156168423 27.989164498383211 OK 15 14 0.52365200000000001 0.693187 0.231047 0.28989700000000002 0.18572900000000001 0 0.23375499999999999 0.50745799999999996 0.231047 0.013471 0.013488999999999999 0.012878000000000001 0.17702500000000004 0.45023199999999997 0.17609299999999994 0.007639 0.0076380000000000016 0.0072700000000000004 0.0014119999999999998 0.0014449999999999999 0.0014040000000000001 27.989146601512438 27.989146601512438 27.989146601512438 0.00010990726333765615 0.00010990726333765615 0.00010990726333765615 1 1 1 Converged Converged Converged OK OK OK 139 139 139 139 139 139 5 5 5 0 0 0 0 1 0 0 1
171 171 linear 4 0 1645 0 0.001 1 0.07035564568923483 0.00023304480442786881 0.034226874883269975 0.01881980636845695 0.034180265922384399 0.5 0.031550826329603175 10.558090122436653 OK 13 12 0.560836 0.55726399999999998 0.142843 0.41436499999999998 0.41305500000000001 0 0.14647100000000002 0.14420899999999998 0.142843 0.0094350000000000007 0.009502 0.0090530000000000003 0.11503199999999998 0.113089 0.11229300000000002 0.0030150000000000003 0.0030290000000000004 0.0030720000000000001 0.0007490000000000001 0.00070399999999999998 0.00068399999999999993 10.558087537680807 10.558087537680807 10.558087537680807 0.00044700233356027895 0.00044700233356027895 0.00044700233356027895 1 1 1 Converged Converged Converged OK OK OK 61 61 61 61 61 61 3 3 3 0 0 0 0 0 1 0 0
171 171 linear 4 7 1645 1 0.001 1 0.07035564568923483 0.00023304480442786881 0.034226874883269975 0.01881980636845695 0.034208636594227793 0.5 0.031522455657759782 10.564980965882292 OK 13 12 0.65173000000000003 0.63288100000000003 0.14080500000000001 0.50324899999999995 0.37554399999999999 0 0.14848100000000009 0.25733700000000004 0.14080500000000001 0.0087989999999999995 0.008855 0.0083490000000000005 0.12038699999999998 0.22919800000000007 0.11390299999999998 0.0031320000000000002 0.0031700000000000001 0.0030430000000000001 0.00076599999999999997 0.00072599999999999997 0.00071900000000000013 10.564978376179754 10.564978376179754 10.564978376179754 0.0004469707355986975 0.0004469707355986975 0.0004469707355986975 1 1 1 Converged Converged Converged OK OK OK 61 61 61 61 61 61 3 3 3 0 0 0 0 1 0 0 1
171 171 linear 4 15 1645 2 0.001 1 0.07035564568923483 0.00023304480442786881 0.034226874883269975 0.01881980636845695 0.034241060219191669 0.5 0.031490032032795906 10.572862747754495 OK 13 12 0.45754899999999998 0.44126599999999999 0.134183 0.31893199999999999 0.19111900000000001 0 0.13861699999999999 0.25014700000000001 0.134183 0.0088430000000000002 0.0086969999999999999 0.0082089999999999993 0.11057399999999995 0.22211600000000012 0.10744200000000005 0.0030739999999999999 0.0031139999999999996 0.0030859999999999998 0.00076100000000000007 0.00075899999999999991 0.00071599999999999995 10.572860152393242 10.572860152393242 10.572860152393242 0.00044693461304453778 0.00044693461304453778 0.00044693461304453778 1 1 1 Converged Converged Converged OK OK OK 61 61 61 61 61 61 3 3 3 0 0 0 0 1 0 0 1
171 171 linear 4 23 1645 3 0.001 1 0.07035564568923483 0.00023304480442786881 0.034226874883269975 0.01881980636845695 0.034273483844155551 0.5 0.031457608407832023 10.580751490930528 OK 13 12 0.56782500000000002 0.54303400000000002 0.13370199999999999 0.425342 0.301871 0 0.14248300000000003 0.24116300000000002 0.13370199999999999 0.0088129999999999997 0.0088749999999999992 0.0082299999999999995 0.11429399999999997 0.21290599999999996 0.10695599999999997 0.0032030000000000001 0.0032230000000000002 0.0030569999999999998 0.00069199999999999991 0.00071799999999999989 0.00068399999999999993 10.580748889904307 10.580748889904307 10.580748889904307 0.00044689851334527627 0.00044689851334527627 0.00044689851334527627 1 1 1 Converged Converged Converged OK OK OK 61 61 61 61 61 61 3 3 3 0 0 0 0 1 0 0 1
171 171 linear 4 0 1645 0 0.0001 1 0.07035564568923483 0.00023304480442786881 0.034226874883269975 0.01881980636845695 0.034180265922384399 0.5 0.031550826329603175 10.558090122436653 OK 13 12 0.56226399999999999 0.55486400000000002 0.14297099999999999 0.41587000000000002 0.41042099999999998 0 0.14639399999999997 0.14444300000000004 0.14297099999999999 0.0094350000000000007 0.0095890000000000003 0.0090930000000000004 0.11512399999999998 0.11314 0.11251600000000003 0.0030630000000000002 0.0030929999999999998 0.0029550000000000002 0.00068899999999999994 0.00072499999999999995 0.000696 10.558087537680807 10.558087537680807 10.558087537680807 0.00044700233356027895 0.00044700233356027895 0.00044700233356027895 1 1 1 Converged Converged Converged OK OK OK 61 61 61 61 61 61 3 3 3 0 0 0 0 0 1 0 0
171 171 linear 4 7 1645 1 0.0001 1 0.07035564568923483 0.00023304480442786881 0.034226874883269975 0.01881980636845695 0.034208636594227793 0.5 0.031522455657759782 10.564980965882292 OK 13 12 0.64888299999999999 0.63364600000000004 0.14111799999999999 0.50341599999999997 0.37535600000000002 0 0.14546700000000001 0.25829000000000002 0.14111799999999999 0.0089499999999999996 0.0088129999999999997 0.0083239999999999998 0.11700500000000007 0.23006500000000005 0.11423699999999998 0.0030920000000000001 0.0031719999999999999 0.002993 0.00074600000000000003 0.00073099999999999999 0.00071400000000000001 10.564978376179754 10.564978376179754 10.564978376179754 0.0004469707355986975 0.0004469707355986975 0.0004469707355986975 1 1 1 Converged Converged Converged OK OK OK 61 61 61 61 61 61 3 3 3 0 0 0 0 1 0 0 1
171 171 linear 4 15 1645 2 0.0001 1 0.07035564568923483 0.00023304480442786881 0.034226874883269975 0.01881980636845695 0.034241060219191669 0.5 0.031490032032795906 10.572862747754495 OK 13 12 0.45371600000000001 0.44408500000000001 0.134385 0.31489899999999998 0.19322700000000001 0 0.13881700000000002 0.25085800000000003 0.134385 0.0088489999999999992 0.0087829999999999991 0.0082319999999999997 0.11067400000000002 0.22283199999999997 0.10753300000000005 0.0030080000000000003 0.0031060000000000003 0.003042 0.00073899999999999997 0.00076800000000000002 0.00071999999999999994 10.572860152393242 10.572860152393242 10.572860152393242 0.00044693461304453778 0.00044693461304453778 0.00044693461304453778 1 1 1 Converged Converged Converged OK OK OK 61 61 61 61 61 61 3 3 3 0 0 0 0 1 0 0 1
171 171 linear 4 23 1645 3 0.0001 1 0.07035564568923483 0.00023304480442786881 0.034226874883269975 0.01881980636845695 0.034273483844155551 0.5 0.031457608407832023 10.580751490930528 OK 13 12 0.56598899999999996 0.54438799999999998 0.133912 0.42768200000000001 0.30321700000000001 0 0.13830699999999996 0.24117099999999997 0.133912 0.0088100000000000001 0.0088350000000000008 0.0082279999999999992 0.11051100000000001 0.213174 0.10717400000000002 0.0031059999999999998 0.0031290000000000003 0.0030340000000000002 0.00067500000000000004 0.00075899999999999991 0.00069199999999999991 10.580748889904307 10.580748889904307 10.580748889904307 0.00044689851334527627 0.00044689851334527627 0.00044689851334527627 1 1 1 Converged Converged Converged OK OK OK 61 61 61 61 61 61 3 3 3 0 0 0 0 1 0 0 1
171 171 uniform 3 0 1646 0 0.001 1 0.07035564568923483 0.00023304480442786881 0.20084759890794432 -0.24270675351835941 0.20080098994705875 0 -0.13506989769507116 28.26935917908861 OK 15 14 0.41755999999999999 0.41650100000000001 0.117647 0.29792000000000002 0.29411399999999999 0 0.11963999999999997 0.12238700000000002 0.117647 0.014422000000000001 0.014529 0.013889 0.080096000000000001 0.083142999999999981 0.079512000000000013 0.0032370000000000003 0.0032710000000000005 0.0031720000000000003 0.00076099999999999996 0.00074299999999999995 0.00072799999999999991 28.269347305190955 28.269347305190955 28.269347305190955 0.028098339060918059 0.028098339060918059 0.028098339060918059 1 1 1 Converged Converged Converged OK OK OK 67 67 67 67 67 67 5 5 5 0 0 0 0 0 1 0 0
171 171 uniform 3 7 1646 1 0.001 1 0.07035564568923483 0.00023304480442786881 0.20084759890794432 -0.24270675351835941 0.20082936061890214 0 -0.13509826836691458 28.229993344995439 OK 15 14 0.42677799999999999 0.47130100000000003 0.109876 0.31510500000000002 0.21306 0 0.11167299999999997 0.25824100000000005 0.109876 0.013542 0.013516 0.012784 0.077729000000000006 0.22427500000000003 0.077245999999999981 0.003228 0.0033430000000000001 0.0031740000000000006 0.00072099999999999996 0.00075700000000000008 0.00072900000000000005 28.22998148189313 28.22998148189313 28.22998148189313 0.027972990097832509 0.027972990097832509 0.027972990097832509 1 1 1 Converged Converged Converged OK OK OK 67 67 67 67 67 67 5 5 5 0 0 0 0 1 0 0 1
171 171 uniform 3 15 1646 2 0.001 1 0.07035564568923483 0.00023304480442786881 0.20084759890794432 -0.24270675351835941 0.20086178424386603 0 -0.13513069199187844 28.185300148367602 OK 15 14 0.41144599999999998 0.441214 0.112369 0.29364200000000001 0.18798699999999999 0 0.11780399999999996 0.25322699999999998 0.112369 0.013443999999999999 0.013491 0.012834999999999999 0.083971999999999991 0.21914600000000001 0.079770000000000008 0.0032170000000000002 0.0033099999999999996 0.0031609999999999997 0.00074600000000000003 0.00073200000000000001 0.00071299999999999998 28.185288297235765 28.185288297235765 28.185288297235765 0.027831663422728692 0.027831663422728692 0.027831663422728692 1 1 1 Converged Converged Converged OK OK OK 67 67 67 67 67 67 5 5 5 0 0 0 0 1 0 0 1
171 171 uniform 3 23 1646 3 0.001 1 0.07035564568923483 0.00023304480442786881 0.20084759890794432 -0.24270675351835941 0.20089420786882989 0 -0.1351631156168423 28.140918177218783 OK 15 14 0.39291500000000001 0.40768399999999999 0.104018 0.28718700000000003 0.188775 0 0.10572799999999999 0.21890899999999999 0.104018 0.013452 0.013613999999999999 0.012795000000000001 0.072017000000000039 0.18473699999999998 0.071517999999999984 0.0031779999999999998 0.003307 0.0031150000000000001 0.00074199999999999993 0.00075200000000000006 0.00071100000000000004 28.140906337810883 28.140906337810883 28.140906337810883 0.027692347539768455 0.027692347539768455 0.027692347539768455 1 1 1 Converged Converged Converged OK OK OK 67 67 67 67 67 67 5 5 5 0 0 0 0 1 0 0 1
171 171 uniform 3 0 1646 0 0.0001 1 0.07035564568923483 0.00023304480442786881 0.20084759890794432 -0.24270675351835941 0.20080098994705875 0 -0.13506989769507116 28.26935917908861 OK 15 14 0.46573700000000001 0.46460200000000001 0.16794799999999999 0.29683100000000001 0.29556199999999999 0 0.168906 0.16904000000000002 0.16794799999999999 0.014321 0.014423 0.013892 0.113894 0.11418599999999997 0.11390699999999995 0.0053399999999999993 0.0053790000000000001 0.0052970000000000005 0.001168 0.001199 0.0011739999999999999 28.269358494524273 28.269358494524273 28.269358494524273 0.002042638635098432 0.002042638635098432 0.002042638635098432 1 1 1 Converged Converged Converged OK OK OK 107 107 107 107 107 107 5 5 5 0 0 0 0 0 1 0 0
171 171 uniform 3 7 1646 1 0.0001 1 0.07035564568923483 0.00023304480442786881 0.20084759890794432 -0.24270675351835941 0.20082936061890214 0 -0.13509826836691458 28.229993344995439 OK 15 14 0.47654000000000002 0.60947799999999996 0.15412500000000001 0.31634899999999999 0.209427 0 0.16019100000000003 0.40005099999999993 0.15412500000000001 0.013634 0.013596 0.012807000000000001 0.113646 0.35312899999999986 0.10911099999999999 0.0052860000000000008 0.0054900000000000001 0.0052330000000000007 0.0011670000000000001 0.0011690000000000001 0.001124 28.229992669533406 28.229992669533406 28.229992669533406 0.00204317820127784 0.00204317820127784 0.00204317820127784 1 1 1 Converged Converged Converged OK OK OK 107 107 107 107 107 107 5 5 5 0 0 0 0 1 0 0 1
171 171 uniform 3 15 1646 2 0.0001 1 0.07035564568923483 0.00023304480442786881 0.20084759890794432 -0.24270675351835941 0.20086178424386603 0 -0.13513069199187844 28.185300148367602 OK 15 14 0.45333099999999998 0.58143599999999995 0.157029 0.29436600000000002 0.189105 0 0.15896499999999997 0.39233099999999999 0.157029 0.013498 0.013613999999999999 0.012862 0.11274399999999996 0.34550300000000006 0.11217300000000002 0.0053810000000000004 0.0055239999999999994 0.0053249999999999999 0.001176 0.0011699999999999998 0.0011389999999999998 28.185299482945599 28.185299482945599 28.185299482945599 0.0020437961418062838 0.0020437961418062838 0.0020437961418062838 1 1 1 Converged Converged Converged OK OK OK 107 107 107 107 107 107 5 5 5 0 0 0 0 1 0 0 1
171 171 uniform 3 23 1646 3 0.0001 1 0.07035564568923483 0.00023304480442786881 0.20084759890794432 -0.24270675351835941 0.20089420786882989 0 -0.1351631156168423 28.140918177218783 OK 15 14 0.43967499999999998 0.54934400000000005 0.147788 0.29022799999999999 0.18971399999999999 0 0.149447 0.35963000000000006 0.147788 0.013459 0.013475000000000001 0.012782 0.10352299999999998 0.31275399999999998 0.10302300000000003 0.0054149999999999997 0.0055589999999999997 0.0053629999999999997 0.0011279999999999999 0.0011789999999999999 0.0011590000000000001 28.140917521586818 28.140917521586818 28.140917521586818 0.0020444154003525861 0.0020444154003525861 0.0020444154003525861 1 1 1 Converged Converged Converged OK OK OK 107 107 107 107 107 107 5 5 5 0 0 0 0 1 0 0 1
171 171 uniform 4 0 1647 0 0.001 1 0.07035564568923483 0.00023304480442786881 0.034226874883269975 0.01881980636845695 0.034180265922384399 0 0.031550826329603175 10.558096190104171 OK 13 12 0.51698999999999995 0.51782700000000004 0.103496 0.41231800000000002 0.41411399999999998 0 0.10467199999999993 0.10371300000000006 0.103496 0.0095879999999999993 0.0093530000000000002 0.0092849999999999999 0.078854999999999953 0.078664999999999985 0.078505000000000005 0.0022040000000000002 0.0022209999999999999 0.0021289999999999998 0.00059500000000000004 0.000553 0.00056599999999999999 10.558096121894776 10.558096121894776 10.558096121894776 0.0037176780696378466 0.0037176780696378466 0.0037176780696378466 1 1 1 Converged Converged Converged OK OK OK 45 45 45 45 45 45 3 3 3 0 0 0 0 0 1 0 0
171 171 uniform 4 7 1647 1 0.001 1 0.07035564568923483 0.00023304480442786881 0.034226874883269975 0.01881980636845695 0.034208636594227793 0 0.031522455657759782 10.564987045351259 OK 13 12 0.60407999999999995 0.55862599999999996 0.101886 0.50035399999999997 0.37636799999999998 0 0.10372599999999998 0.18225799999999998 0.101886 0.0087360000000000007 0.0087320000000000002 0.0082000000000000007 0.080749000000000015 0.15947700000000001 0.080186000000000007 0.002183 0.0022030000000000001 0.0021409999999999997 0.000571 0.00056300000000000002 0.00055600000000000007 10.564986977102544 10.564986977102544 10.564986977102544 0.0037201026411364732 0.0037201026411364732 0.0037201026411364732 1 1 1 Converged Converged Converged OK OK OK 45 45 45 45 45 45 3 3 3 0 0 0 0 1 0 0 1
171 171 uniform 4 15 1647 2 0.001 1 0.07035564568923483 0.00023304480442786881 0.034226874883269975 0.01881980636845695 0.034241060219191669 0 0.031490032032795906 10.572868840757378 OK 13 12 0.41819400000000001 0.36507000000000001 0.098590999999999998 0.31801600000000002 0.19004199999999999 0 0.10017799999999999 0.17502800000000002 0.098590999999999998 0.0087360000000000007 0.0087620000000000007 0.0082059999999999998 0.077364000000000016 0.15223300000000001 0.076996000000000009 0.0021810000000000002 0.002176 0.0021150000000000001 0.00054500000000000002 0.000553 0.00053399999999999997 10.572868772450287 10.572868772450287 10.572868772450287 0.003722875863415387 0.003722875863415387 0.003722875863415387 1 1 1 Converged Converged Converged OK OK OK 45 45 45 45 45 45 3 3 3 0 0 0 0 1 0 0 1
171 171 uniform 4 23 1647 3 0.001 1 0.07035564568923483 0.00023304480442786881 0.034226874883269975 0.01881980636845695 0.034273483844155551 0 0.031457608407832023 10.580757597482787 OK 13 12 0.52157299999999995 0.47283900000000001 0.096409999999999996 0.42347200000000002 0.29900500000000002 0 0.098100999999999938 0.17383399999999999 0.096409999999999996 0.0087950000000000007 0.0088970000000000004 0.0081919999999999996 0.075291000000000025 0.15065499999999998 0.074747000000000008 0.0021650000000000003 0.0022560000000000002 0.0021520000000000003 0.00054900000000000001 0.00055900000000000004 0.00055999999999999995 10.580757529126087 10.580757529126087 10.580757529126087 0.0037256515273171578 0.0037256515273171578 0.0037256515273171578 1 1 1 Converged Converged Converged OK OK OK 45 45 45 45 45 45 3 3 3 0 0 0 0 1 0 0 1
171 171 uniform 4 0 1647 0 0.0001 1 0.07035564568923483 0.00023304480442786881 0.034226874883269975 0.01881980636845695 0.034180265922384399 0 0.031550826329603175 10.558096190104171 OK 13 12 0.53580700000000003 0.53966700000000001 0.12659000000000001 0.411028 0.41407100000000002 0 0.12477900000000003 0.12559599999999999 0.12659000000000001 0.0094280000000000006 0.0094000000000000004 0.0093310000000000008 0.093662999999999969 0.094818 0.095759999999999998 0.0030219999999999999 0.0029760000000000003 0.0030530000000000002 0.00067400000000000001 0.00066799999999999997 0.00067599999999999995 10.558096121959629 10.558096121959629 10.558096121959629 9.3161983252010584e-05 9.3161983252010584e-05 9.3161983252010584e-05 1 1 1 Converged Converged Converged OK OK OK 61 61 61 61 61 61 3 3 3 0 0 0 0 0 1 0 0
171 171 uniform 4 7 1647 1 0.0001 1 0.07035564568923483 0.00023304480442786881 0.034226874883269975 0.01881980636845695 0.034208636594227793 0 0.031522455657759782 10.564987045351259 OK 13 12 0.62728600000000001 0.61288600000000004 0.121736 0.503807 0.371062 0 0.12347900000000001 0.24182400000000004 0.121736 0.0087589999999999994 0.0087510000000000001 0.0082509999999999997 0.095865999999999979 0.21415800000000007 0.095263000000000028 0.0029650000000000002 0.0030150000000000003 0.0029369999999999999 0.0006820000000000001 0.00066299999999999996 0.00067200000000000007 10.564986977170658 10.564986977170658 10.564986977170658 9.3155395810957806e-05 9.3155395810957806e-05 9.3155395810957806e-05 1 1 1 Converged Converged Converged OK OK OK 61 61 61 61 61 61 3 3 3 0 0 0 0 1 0 0 1
171 171 uniform 4 15 1647 2 0.0001 1 0.07035564568923483 0.00023304480442786881 0.034226874883269975 0.01881980636845695 0.034241060219191669 0 0.031490032032795906 10.572868840757378 OK 13 12 0.437002 0.42392400000000002 0.11744499999999999 0.318359 0.189747 0 0.118643 0.23417700000000002 0.11744499999999999 0.0090659999999999994 0.0088229999999999992 0.0084169999999999991 0.089649999999999994 0.20628900000000006 0.090602000000000002 0.0031479999999999998 0.003107 0.0029550000000000002 0.00076200000000000009 0.000687 0.0006600000000000001 10.572868772516356 10.572868772516356 10.572868772516356 9.3147863964860233e-05 9.3147863964860233e-05 9.3147863964860233e-05 1 1 1 Converged Converged Converged OK OK OK 61 61 61 61 61 61 3 3 3 0 0 0 0 1 0 0 1
171 171 uniform 4 23 1647 3 0.0001 1 0.07035564568923483 0.00023304480442786881 0.034226874883269975 0.01881980636845695 0.034273483844155551 0 0.031457608407832023 10.580757597482787 OK 13 12 0.540937 0.52050700000000005 0.114701 0.42359999999999998 0.29916199999999998 0 0.11733700000000002 0.22134500000000007 0.114701 0.0089980000000000008 0.0088380000000000004 0.0082380000000000005 0.08874799999999998 0.19352800000000006 0.088260000000000005 0.0031260000000000003 0.0030399999999999997 0.0029639999999999996 0.00071600000000000006 0.00066 0.00065200000000000002 10.580757529193288 10.580757529193288 10.580757529193288 9.3140338061098218e-05 9.3140338061098218e-05 9.3140338061098218e-05 1 1 1 Converged Converged Converged OK OK OK 61 61 61 61 61 61 3 3 3 0 0 0 0 1 0 0 1
172 172 linear 3 0 1648 0 0.001 1 0.11030501368313718 0.00021520451209966756 0.24948514938716365 -0.31498472326929156 0.24944210848474371 0.5 -0.1500955214444582 9.8477885295169791 OK 13 12 0.392737 0.38982099999999997 0.109372 0.280219 0.279808 0 0.11251800000000001 0.11001299999999997 0.109372 0.0090650000000000001 0.0090559999999999998 0.0085299999999999994 0.081257999999999983 0.079237000000000002 0.07915999999999998 0.0032420000000000001 0.0032269999999999998 0.0031819999999999999 0.000696 0.00070500000000000011 0.00068199999999999999 9.8477832671460614 9.8477832671460614 9.8477832671460614 0.0032357612107551431 0.0032357612107551431 0.0032357612107551431 1 1 1 Converged Converged Converged OK OK OK 61 61 61 61 61 61 3 3 3 0 0 0 0 0 1 0 0
172 172 linear 3 7 1648 1 0.001 1 0.11030501368313718 0.00021520451209966756 0.24948514938716365 -0.31498472326929156 0.24946830729491237 0.5 -0.15012172025462686 9.8741904426607725 OK 13 12 0.38609300000000002 0.43199500000000002 0.107308 0.27545999999999998 0.178455 0 0.11063300000000004 0.25353999999999999 0.107308 0.0081399999999999997 0.0081810000000000008 0.0076750000000000004 0.083268000000000009 0.22600599999999996 0.080950000000000022 0.0031469999999999996 0.0031309999999999997 0.0031459999999999995 0.00071400000000000001 0.00071500000000000003 0.00067900000000000002 9.8741856116001046 9.8741856116001046 9.8741856116001046 0.0032356938434716744 0.0032356938434716744 0.0032356938434716744 1 1 1 Converged Converged Converged OK OK OK 61 61 61 61 61 61 3 3 3 0 0 0 0 1 0 0 1
172 172 linear 3 15 1648 2 0.001 1 0.11030501368313718 0.00021520451209966756 0.24948514938716365 -0.31498472326929156 0.24949824879224797 0.5 -0.15015166175196246 9.904673384279608 OK 13 12 0.37450699999999998 0.42104200000000003 0.10875600000000001 0.26188499999999998 0.16152 0 0.112622 0.25952200000000003 0.10875600000000001 0.0081659999999999996 0.011672 0.0077219999999999997 0.085285000000000027 0.22811599999999999 0.082520000000000038 0.0031050000000000001 0.0032569999999999999 0.0031180000000000001 0.00069300000000000004 0.00069099999999999999 0.00067400000000000001 9.9046684652640238 9.9046684652640238 9.9046684652640238 0.0032356168695147668 0.0032356168695147668 0.0032356168695147668 1 1 1 Converged Converged Converged OK OK OK 61 61 61 61 61 61 3 3 3 0 0 0 0 1 0 0 1
172 172 linear 3 23 1648 3 0.001 1 0.11030501368313718 0.00021520451209966756 0.24948514938716365 -0.31498472326929156 0.24952819028958359 0.5 -0.15018160324929808 9.9354912966302944 OK 13 12 0.38714199999999999 0.44376900000000002 0.110611 0.273173 0.17772299999999999 0 0.11396899999999999 0.266046 0.110611 0.0080909999999999992 0.0082579999999999997 0.0076819999999999996 0.086666000000000021 0.23827200000000001 0.08428200000000001 0.0032430000000000002 0.0034030000000000002 0.0031560000000000004 0.00071199999999999996 0.00069199999999999991 0.00067400000000000012 9.9354862873581933 9.9354862873581933 9.9354862873581933 0.0032355399209816464 0.0032355399209816464 0.0032355399209816464 1 1 1 Converged Converged Converged OK OK OK 61 61 61 61 61 61 3 3 3 0 0 0 0 1 0 0 1
172 172 linear 3 0 1648 0 0.0001 1 0.11030501368313718 0.00021520451209966756 0.24948514938716365 -0.31498472326929156 0.24944210848474371 0.5 -0.1500955214444582 9.8477885295169791 OK 13 12 0.42383199999999999 0.422016 0.13980699999999999 0.279748 0.27785599999999999 0 0.14408399999999999 0.14416000000000001 0.13980699999999999 0.0090790000000000003 0.0088979999999999997 0.0085260000000000006 0.10699599999999999 0.10751099999999997 0.10382799999999998 0.0040119999999999999 0.0039399999999999999 0.0038509999999999998 0.000812 0.00081499999999999997 0.00081999999999999998 9.8477832688507139 9.8477832688507139 9.8477832688507139 0.00010863464466208466 0.00010863464466208466 0.00010863464466208466 1 1 1 Converged Converged Converged OK OK OK 77 77 77 77 77 77 3 3 3 0 0 0 0 0 1 0 0
172 172 linear 3 7 1648 1 0.0001 1 0.11030501368313718 0.00021520451209966756 0.24948514938716365 -0.31498472326929156 0.24946830729491237 0.5 -0.15012172025462686 9.8741904426607725 OK 13 12 0.41390700000000002 0.495 0.13791100000000001 0.27553800000000001 0.17567199999999999 0 0.13836900000000002 0.319328 0.13791100000000001 0.0082579999999999997 0.0082100000000000003 0.0076490000000000004 0.10602200000000002 0.28698900000000011 0.10671799999999997 0.0038709999999999999 0.0039789999999999999 0.0039519999999999998 0.00081499999999999997 0.00078400000000000008 0.00078299999999999995 9.8741856133027586 9.8741856133027586 9.8741856133027586 0.00010862229360676056 0.00010862229360676056 0.00010862229360676056 1 1 1 Converged Converged Converged OK OK OK 77 77 77 77 77 77 3 3 3 0 0 0 0 1 0 0 1
172 172 linear 3 15 1648 2 0.0001 1 0.11030501368313718 0.00021520451209966756 0.24948514938716365 -0.31498472326929156 0.24949824879224797 0.5 -0.15015166175196246 9.904673384279608 OK 13 12 0.40238400000000002 0.47957499999999997 0.142206 0.25714599999999999 0.16037799999999999 0 0.14523800000000003 0.31919699999999995 0.142206 0.0081890000000000001 0.0082269999999999999 0.0076559999999999996 0.112857 0.28664299999999998 0.11111899999999997 0.0038970000000000003 0.0040019999999999995 0.0038219999999999999 0.00081300000000000003 0.00080799999999999991 0.00078899999999999999 9.9046684669682588 9.9046684669682588 9.9046684669682588 0.00010860820553563358 0.00010860820553563358 0.00010860820553563358 1 1 1 Converged Converged Converged OK OK OK 77 77 77 77 77 77 3 3 3 0 0 0 0 1 0 0 1
172 172 linear 3 23 1648 3 0.0001 1 0.11030501368313718 0.00021520451209966756 0.24948514938716365 -0.31498472326929156 0.24952819028958359 0.5 -0.15018160324929808 9.9354912966302944 OK 13 12 0.41927799999999998 0.50745399999999996 0.14147499999999999 0.27343299999999998 0.17760400000000001 0 0.145845 0.32984999999999998 0.14147499999999999 0.0082269999999999999 0.0082959999999999996 0.0076569999999999997 0.11381599999999999 0.29720400000000002 0.11041400000000001 0.0039019999999999997 0.0041139999999999996 0.0039399999999999999 0.00078600000000000002 0.00079000000000000001 0.00078599999999999991 9.9354862890607283 9.9354862890607283 9.9354862890607283 0.00010859413872793768 0.00010859413872793768 0.00010859413872793768 1 1 1 Converged Converged Converged OK OK OK 77 77 77 77 77 77 3 3 3 0 0 0 0 1 0 0 1
172 172 linear 4 0 1649 0 0.001 1 0.11030501368313718 0.00021520451209966756 0.051556030555374138 -0.026025439679624781 0.051512989652954207 0.5 0.047833597387331304 7.3988172952297253 OK 13 12 0.63328200000000001 0.63495500000000005 0.14498900000000001 0.48458800000000002 0.48925299999999999 0 0.14869399999999999 0.14570200000000005 0.14498900000000001 0.0095300000000000003 0.0093369999999999998 0.0090600000000000003 0.11740099999999995 0.11461800000000001 0.11450900000000001 0.003065 0.003107 0.0030349999999999999 0.00069800000000000005 0.00070100000000000002 0.00069900000000000008 7.3988147377286841 7.3988147377286841 7.3988147377286841 0.00045987142223695584 0.00045987142223695584 0.00045987142223695584 1 1 1 Converged Converged Converged OK OK OK 61 61 61 61 61 61 3 3 3 0 0 0 0 0 1 0 0
172 172 linear 4 7 1649 1 0.001 1 0.11030501368313718 0.00021520451209966756 0.051556030555374138 -0.026025439679624781 0.051539188463122859 0.5 0.047807398577162652 7.4018531427906398 OK 13 12 0.70326900000000003 0.67912399999999995 0.14366899999999999 0.55500499999999997 0.42647400000000002 0 0.14826400000000006 0.25264999999999993 0.14366899999999999 0.0086610000000000003 0.0088090000000000009 0.0082909999999999998 0.12031600000000001 0.22435999999999989 0.11672000000000002 0.0030859999999999998 0.0032100000000000002 0.003032 0.00068900000000000005 0.00067299999999999999 0.00068199999999999999 7.4018505820094571 7.4018505820094571 7.4018505820094571 0.00045984127350309138 0.00045984127350309138 0.00045984127350309138 1 1 1 Converged Converged Converged OK OK OK 61 61 61 61 61 61 3 3 3 0 0 0 0 1 0 0 1
172 172 linear 4 15 1649 2 0.001 1 0.11030501368313718 0.00021520451209966756 0.051556030555374138 -0.026025439679624781 0.051569129960458468 0.5 0.047777457079827043 7.4053246991552557 OK 13 12 0.66245799999999999 0.64393 0.14441100000000001 0.513513 0.38908700000000002 0 0.14894499999999999 0.25484299999999999 0.14441100000000001 0.0087860000000000004 0.0088710000000000004 0.0082529999999999999 0.12063900000000005 0.22657399999999997 0.11755599999999998 0.003241 0.0031949999999999999 0.003104 0.00072800000000000013 0.00071700000000000008 0.00066500000000000001 7.4053221346348046 7.4053221346348046 7.4053221346348046 0.00045980683685682662 0.00045980683685682662 0.00045980683685682662 1 1 1 Converged Converged Converged OK OK OK 61 61 61 61 61 61 3 3 3 0 0 0 0 1 0 0 1
172 172 linear 4 23 1649 3 0.001 1 0.11030501368313718 0.00021520451209966756 0.051556030555374138 -0.026025439679624781 0.05159907145779407 0.5 0.047747515582491441 7.4087984055993301 OK 13 12 0.66542599999999996 0.63421499999999997 0.14368500000000001 0.51341199999999998 0.37625599999999998 0 0.15201399999999998 0.25795899999999999 0.14368500000000001 0.0088299999999999993 0.008763 0.0082450000000000006 0.12388400000000004 0.22976699999999997 0.11694599999999999 0.0031140000000000004 0.0031519999999999999 0.003032 0.000727 0.00071400000000000001 0.00066700000000000006 7.40879583734226 7.40879583734226 7.40879583734226 0.00045977238910330492 0.00045977238910330492 0.00045977238910330492 1 1 1 Converged Converged Converged OK OK OK 61 61 61 61 61 61 3 3 3 0 0 0 0 1 0 0 1
172 172 linear 4 0 1649 0 0.0001 1 0.11030501368313718 0.00021520451209966756 0.051556030555374138 -0.026025439679624781 0.051512989652954207 0.5 0.047833597387331304 7.3988172952297253 OK 13 12 0.63915200000000005 0.63581200000000004 0.14489199999999999 0.49030299999999999 0.48683300000000002 0 0.14884900000000006 0.14897900000000003 0.14489199999999999 0.0095409999999999991 0.0095890000000000003 0.0091400000000000006 0.11719000000000002 0.11472100000000002 0.11435899999999995 0.0030410000000000003 0.0030929999999999998 0.0031289999999999994 0.00070100000000000002 0.00069900000000000008 0.00070100000000000002 7.3988147377286841 7.3988147377286841 7.3988147377286841 0.00045987142223695584 0.00045987142223695584 0.00045987142223695584 1 1 1 Converged Converged Converged OK OK OK 61 61 61 61 61 61 3 3 3 0 0 0 0 0 1 0 0
172 172 linear 4 7 1649 1 0.0001 1 0.11030501368313718 0.00021520451209966756 0.051556030555374138 -0.026025439679624781 0.051539188463122859 0.5 0.047807398577162652 7.4018531427906398 OK 13 12 0.70250199999999996 0.67270600000000003 0.14346 0.55337599999999998 0.42121900000000001 0 0.14912599999999998 0.25148700000000002 0.14346 0.0088509999999999995 0.0088310000000000003 0.0082389999999999998 0.120338 0.22348200000000001 0.11685299999999997 0.0032829999999999995 0.003176 0.0029940000000000001 0.000812 0.00069200000000000002 0.00067400000000000012 7.4018505820094571 7.4018505820094571 7.4018505820094571 0.00045984127350309138 0.00045984127350309138 0.00045984127350309138 1 1 1 Converged Converged Converged OK OK OK 61 61 61 61 61 61 3 3 3 0 0 0 0 1 0 0 1
172 172 linear 4 15 1649 2 0.0001 1 0.11030501368313718 0.00021520451209966756 0.051556030555374138 -0.026025439679624781 0.051569129960458468 0.5 0.047777457079827043 7.4053246991552557 OK 13 12 0.66012300000000002 0.64783900000000005 0.14423800000000001 0.51136199999999998 0.39314100000000002 0 0.14876100000000003 0.25469800000000004 0.14423800000000001 0.008744 0.0088850000000000005 0.0082179999999999996 0.12059700000000002 0.22650800000000004 0.11749099999999997 0.0032940000000000001 0.0032160000000000001 0.0030560000000000001 0.00072499999999999995 0.00071599999999999995 0.00067900000000000002 7.4053221346348046 7.4053221346348046 7.4053221346348046 0.00045980683685682662 0.00045980683685682662 0.00045980683685682662 1 1 1 Converged Converged Converged OK OK OK 61 61 61 61 61 61 3 3 3 0 0 0 0 1 0 0 1
172 172 linear 4 23 1649 3 0.0001 1 0.11030501368313718 0.00021520451209966756 0.051556030555374138 -0.026025439679624781 0.05159907145779407 0.5 0.047747515582491441 7.4087984055993301 OK 13 12 0.66384600000000005 0.63070000000000004 0.143508 0.51592700000000002 0.37273800000000001 0 0.14791900000000002 0.25796200000000002 0.143508 0.0087060000000000002 0.0088030000000000001 0.0081960000000000002 0.12003300000000001 0.22992900000000005 0.11685099999999998 0.0031679999999999998 0.0031779999999999998 0.0030420000000000004 0.0007000000000000001 0.00070899999999999999 0.0006600000000000001 7.40879583734226 7.40879583734226 7.40879583734226 0.00045977238910330492 0.00045977238910330492 0.00045977238910330492 1 1 1 Converged Converged Converged OK OK OK 61 61 61 61 61 61 3 3 3 0 0 0 0 1 0 0 1
172 172 uniform 3 0 1650 0 0.001 1 0.11030501368313718 0.00021520451209966756 0.24948514938716365 -0.31498472326929156 0.24944210848474371 0 -0.1500955214444582 9.8486159229629475 OK 13 12 0.35741299999999998 0.354601 0.073905999999999999 0.28219899999999998 0.28008699999999997 0 0.075214000000000003 0.074514000000000025 0.073905999999999999 0.0089770000000000006 0.0088350000000000008 0.0083560000000000006 0.050032 0.049979000000000003 0.049818999999999995 0.0022459999999999997 0.0021429999999999999 0.0021520000000000003 0.00055100000000000006 0.00054500000000000002 0.00053700000000000004 9.8486158595140392 9.8486158595140392 9.8486158595140392 0.0034723126692210718 0.0034723126692210718 0.0034723126692210718 1 1 1 Converged Converged Converged OK OK OK 45 45 45 45 45 45 3 3 3 0 0 0 0 0 1 0 0
172 172 uniform 3 7 1650 1 0.001 1 0.11030501368313718 0.00021520451209966756 0.24948514938716365 -0.31498472326929156 0.24946830729491237 0 -0.15012172025462686 9.8750315886902378 OK 13 12 0.35019600000000001 0.36536800000000003 0.07331 0.27573500000000001 0.17587900000000001 0 0.074460999999999999 0.18948900000000002 0.07331 0.0081980000000000004 0.011429999999999999 0.0076800000000000002 0.052210000000000006 0.16394899999999998 0.05206199999999999 0.0021440000000000001 0.0023110000000000001 0.0021580000000000002 0.00054600000000000004 0.00055699999999999999 0.00052800000000000004 9.8750315250494545 9.8750315250494545 9.8750315250494545 0.003481645822476022 0.003481645822476022 0.003481645822476022 1 1 1 Converged Converged Converged OK OK OK 45 45 45 45 45 45 3 3 3 0 0 0 0 1 0 0 1
172 172 uniform 3 15 1650 2 0.001 1 0.11030501368313718 0.00021520451209966756 0.24948514938716365 -0.31498472326929156 0.24949824879224797 0 -0.15015166175196246 9.9055300270072451 OK 13 12 0.33629599999999998 0.34870499999999999 0.075742000000000004 0.25923000000000002 0.16498399999999999 0 0.077065999999999968 0.183721 0.075742000000000004 0.0081829999999999993 0.0081679999999999999 0.0077219999999999997 0.054874999999999993 0.16146699999999997 0.054531999999999983 0.0021970000000000002 0.0023140000000000001 0.0021570000000000001 0.00053799999999999996 0.00053899999999999998 0.00052700000000000002 9.9055299631810243 9.9055299631810243 9.9055299631810243 0.0034924214428855649 0.0034924214428855649 0.0034924214428855649 1 1 1 Converged Converged Converged OK OK OK 45 45 45 45 45 45 3 3 3 0 0 0 0 1 0 0 1
172 172 uniform 3 23 1650 3 0.001 1 0.11030501368313718 0.00021520451209966756 0.24948514938716365 -0.31498472326929156 0.24952819028958359 0 -0.15018160324929808 9.9363638301959991 OK 13 12 0.350549 0.36953999999999998 0.073339000000000001 0.27617999999999998 0.177284 0 0.074369000000000018 0.19225599999999998 0.073339000000000001 0.0081469999999999997 0.0081410000000000007 0.0076480000000000003 0.052409000000000011 0.17006700000000002 0.05228 0.0021519999999999998 0.0022660000000000002 0.002111 0.00054199999999999995 0.00053599999999999991 0.00052999999999999998 9.9363637660759334 9.9363637660759334 9.9363637660759334 0.0035033154730000891 0.0035033154730000891 0.0035033154730000891 1 1 1 Converged Converged Converged OK OK OK 45 45 45 45 45 45 3 3 3 0 0 0 0 1 0 0 1
172 172 uniform 3 0 1650 0 0.0001 1 0.11030501368313718 0.00021520451209966756 0.24948514938716365 -0.31498472326929156 0.24944210848474371 0 -0.1500955214444582 9.8486159229629475 OK 13 12 0.37786399999999998 0.37309399999999998 0.094106999999999996 0.28318700000000002 0.27856799999999998 0 0.094676999999999956 0.094525999999999999 0.094106999999999996 0.0088389999999999996 0.0089289999999999994 0.0085710000000000005 0.063965000000000008 0.064243999999999982 0.063997000000000026 0.0030349999999999999 0.0029839999999999997 0.0029769999999999996 0.00068500000000000006 0.00068900000000000005 0.00067900000000000013 9.8486158596021074 9.8486158596021074 9.8486158596021074 0.00067438843782076645 0.00067438843782076645 0.00067438843782076645 1 1 1 Converged Converged Converged OK OK OK 61 61 61 61 61 61 3 3 3 0 0 0 0 0 1 0 0
172 172 uniform 3 7 1650 1 0.0001 1 0.11030501368313718 0.00021520451209966756 0.24948514938716365 -0.31498472326929156 0.24946830729491237 0 -0.15012172025462686 9.8750315886902378 OK 13 12 0.37028800000000001 0.41298699999999999 0.096460000000000004 0.27729100000000001 0.175483 0 0.092996999999999996 0.23750399999999999 0.096460000000000004 0.0082019999999999992 0.0081530000000000005 0.0076090000000000003 0.065998000000000001 0.21042000000000005 0.065995999999999985 0.0029550000000000002 0.003039 0.0029729999999999999 0.00068799999999999992 0.00067500000000000004 0.00065899999999999997 9.8750315251393008 9.8750315251393008 9.8750315251393008 0.00067437423894121462 0.00067437423894121462 0.00067437423894121462 1 1 1 Converged Converged Converged OK OK OK 61 61 61 61 61 61 3 3 3 0 0 0 0 1 0 0 1
172 172 uniform 3 15 1650 2 0.0001 1 0.11030501368313718 0.00021520451209966756 0.24948514938716365 -0.31498472326929156 0.24949824879224797 0 -0.15015166175196246 9.9055300270072451 OK 13 12 0.354105 0.402416 0.093287999999999996 0.25918000000000002 0.16247700000000001 0 0.094924999999999982 0.23993899999999999 0.093287999999999996 0.0080850000000000002 0.0082360000000000003 0.0075680000000000001 0.067726999999999996 0.21253999999999998 0.067277999999999991 0.003032 0.0031189999999999998 0.0029610000000000001 0.00070700000000000005 0.00067000000000000002 0.00064300000000000002 9.9055299632707534 9.9055299632707534 9.9055299632707534 0.00067435801629250978 0.00067435801629250978 0.00067435801629250978 1 1 1 Converged Converged Converged OK OK OK 61 61 61 61 61 61 3 3 3 0 0 0 0 1 0 0 1
172 172 uniform 3 23 1650 3 0.0001 1 0.11030501368313718 0.00021520451209966756 0.24948514938716365 -0.31498472326929156 0.24952819028958359 0 -0.15018160324929808 9.9363638301959991 OK 13 12 0.37649700000000003 0.423674 0.095007999999999995 0.27982800000000002 0.175066 0 0.096669000000000005 0.248608 0.095007999999999995 0.0080940000000000005 0.0082100000000000003 0.0076059999999999999 0.069694000000000006 0.221247 0.068934000000000009 0.0030039999999999997 0.0030709999999999999 0.0029369999999999999 0.00067200000000000007 0.00067400000000000001 0.00065400000000000007 9.936363766165428 9.936363766165428 9.936363766165428 0.00067434180186404528 0.00067434180186404528 0.00067434180186404528 1 1 1 Converged Converged Converged OK OK OK 61 61 61 61 61 61 3 3 3 0 0 0 0 1 0 0 1
172 172 uniform 4 0 1651 0 0.001 1 0.11030501368313718 0.00021520451209966756 0.051556030555374138 -0.026025439679624781 0.051512989652954207 0 0.047833597387331304 7.3988172952297013 OK 13 12 0.59300900000000001 0.58991800000000005 0.102698 0.48880600000000002 0.48638599999999999 0 0.10420299999999999 0.10353200000000007 0.102698 0.0094730000000000005 0.0093430000000000006 0.0091280000000000007 0.07809300000000001 0.078334000000000001 0.077896000000000007 0.0022009999999999998 0.0022110000000000003 0.00215 0.00054900000000000001 0.00054900000000000001 0.00055499999999999994 7.3988172462453097 7.3988172462453097 7.3988172462453097 0.0026055560340318756 0.0026055560340318756 0.0026055560340318756 1 1 1 Converged Converged Converged OK OK OK 45 45 45 45 45 45 3 3 3 0 0 0 0 0 1 0 0
172 172 uniform 4 7 1651 1 0.001 1 0.11030501368313718 0.00021520451209966756 0.051556030555374138 -0.026025439679624781 0.051539188463122859 0 0.047807398577162652 7.4018531427831187 OK 13 12 0.65621700000000005 0.59668299999999996 0.097767000000000007 0.55249999999999999 0.42361500000000002 0 0.10371700000000006 0.17306799999999994 0.097767000000000007 0.0085970000000000005 0.0087469999999999996 0.0082640000000000005 0.080839999999999981 0.15029800000000004 0.075924000000000005 0.0022510000000000004 0.002271 0.0022329999999999997 0.00054999999999999992 0.00054200000000000006 0.00053200000000000003 7.401853093773985 7.401853093773985 7.401853093773985 0.0026066247942260735 0.0026066247942260735 0.0026066247942260735 1 1 1 Converged Converged Converged OK OK OK 45 45 45 45 45 45 3 3 3 0 0 0 0 1 0 0 1
172 172 uniform 4 15 1651 2 0.001 1 0.11030501368313718 0.00021520451209966756 0.051556030555374138 -0.026025439679624781 0.051569129960458468 0 0.047777457079827043 7.4053246991501789 OK 13 12 0.61157399999999995 0.57233500000000004 0.10098500000000001 0.50904700000000003 0.39207500000000001 0 0.10252699999999992 0.18026000000000003 0.10098500000000001 0.0087030000000000007 0.0087799999999999996 0.0082480000000000001 0.079715000000000036 0.15755300000000003 0.079260999999999984 0.002199 0.0022210000000000003 0.002176 0.00055900000000000004 0.00056500000000000007 0.00052700000000000002 7.4053246501095966 7.4053246501095966 7.4053246501095966 0.0026078469586596482 0.0026078469586596482 0.0026078469586596482 1 1 1 Converged Converged Converged OK OK OK 45 45 45 45 45 45 3 3 3 0 0 0 0 1 0 0 1
172 172 uniform 4 23 1651 3 0.001 1 0.11030501368313718 0.00021520451209966756 0.051556030555374138 -0.026025439679624781 0.05159907145779407 0 0.047747515582491441 7.4087984055963494 OK 13 12 0.61287899999999995 0.553485 0.098696999999999993 0.50972399999999995 0.37301400000000001 0 0.103155 0.18047099999999999 0.098696999999999993 0.0086999999999999994 0.008737 0.0081620000000000009 0.080374000000000001 0.15782299999999994 0.077053999999999997 0.0022060000000000001 0.0022260000000000001 0.0021709999999999998 0.00056700000000000001 0.00054000000000000001 0.00052999999999999998 7.4087983565403563 7.4087983565403563 7.4087983565403563 0.0026090698881761189 0.0026090698881761189 0.0026090698881761189 1 1 1 Converged Converged Converged OK OK OK 45 45 45 45 45 45 3 3 3 0 0 0 0 1 0 0 1
172 172 uniform 4 0 1651 0 0.0001 1 0.11030501368313718 0.00021520451209966756 0.051556030555374138 -0.026025439679624781 0.051512989652954207 0 0.047833597387331304 7.3988172952297013 OK 13 12 0.61150199999999999 0.61369600000000002 0.122463 0.48735899999999999 0.49039100000000002 0 0.124143 0.123305 0.122463 0.0094830000000000001 0.0094500000000000001 0.009051 0.092849000000000001 0.092380000000000004 0.092142999999999989 0.0030130000000000001 0.0029389999999999998 0.0029250000000000001 0.00067400000000000001 0.00066900000000000011 0.00065300000000000004 7.3988172462867494 7.3988172462867494 7.3988172462867494 9.5845570021635052e-05 9.5845570021635052e-05 9.5845570021635052e-05 1 1 1 Converged Converged Converged OK OK OK 61 61 61 61 61 61 3 3 3 0 0 0 0 0 1 0 0
172 172 uniform 4 7 1651 1 0.0001 1 0.11030501368313718 0.00021520451209966756 0.051556030555374138 -0.026025439679624781 0.051539188463122859 0 0.047807398577162652 7.4018531427831187 OK 13 12 0.67690799999999995 0.65571100000000004 0.121157 0.55333299999999996 0.42612 0 0.12357499999999999 0.22959100000000005 0.121157 0.0087980000000000003 0.0089529999999999992 0.0082500000000000004 0.095811999999999981 0.20120999999999997 0.094620000000000037 0.0030080000000000003 0.0032390000000000001 0.0030000000000000001 0.000687 0.00065799999999999995 0.00065099999999999999 7.4018530938166087 7.4018530938166087 7.4018530938166087 9.5839283485963804e-05 9.5839283485963804e-05 9.5839283485963804e-05 1 1 1 Converged Converged Converged OK OK OK 61 61 61 61 61 61 3 3 3 0 0 0 0 1 0 0 1
172 172 uniform 4 15 1651 2 0.0001 1 0.11030501368313718 0.00021520451209966756 0.051556030555374138 -0.026025439679624781 0.051569129960458468 0 0.047777457079827043 7.4053246991501789 OK 13 12 0.63819599999999999 0.62553300000000001 0.12177200000000001 0.51445200000000002 0.39413100000000001 0 0.12374399999999997 0.231402 0.12177200000000001 0.0088850000000000005 0.0089060000000000007 0.0082590000000000007 0.095948999999999979 0.203509 0.095210999999999976 0.0029759999999999999 0.003137 0.0029130000000000002 0.00066299999999999996 0.00065300000000000004 0.00064600000000000009 7.4053246501574321 7.4053246501574321 7.4053246501574321 9.5832108428173151e-05 9.5832108428173151e-05 9.5832108428173151e-05 1 1 1 Converged Converged Converged OK OK OK 61 61 61 61 61 61 3 3 3 0 0 0 0 1 0 0 1
172 172 uniform 4 23 1651 3 0.0001 1 0.11030501368313718 0.00021520451209966756 0.051556030555374138 -0.026025439679624781 0.05159907145779407 0 0.047747515582491441 7.4087984055963494 OK 13 12 0.63367300000000004 0.60893900000000001 0.121169 0.51100000000000001 0.37427300000000002 0 0.12267300000000003 0.23466599999999999 0.121169 0.0088009999999999998 0.0086940000000000003 0.0082150000000000001 0.095035999999999982 0.20706100000000005 0.094856999999999969 0.003039 0.0030379999999999999 0.0029220000000000001 0.00066700000000000006 0.00066500000000000001 0.00064499999999999996 7.4087983565834961 7.4087983565834961 7.4087983565834961 9.5824923479407198e-05 9.5824923479407198e-05 9.5824923479407198e-05 1 1 1 Converged Converged Converged OK OK OK 61 61 61 61 61 61 3 3 3 0 0 0 0 1 0 0 1
173 173 linear 3 0 1652 0 0.001 1 0.00011322527340878768 0.00094201804645551682 -0.0014483248680562022 0.0149285787341075 -0.0016367284773473056 0.5 0.0017499409322449342 66.844768399341604 OK 13 12 0.65586100000000003 0.649752 0.14860599999999999 0.50571600000000005 0.49616500000000002 0 0.15014499999999997 0.15358699999999997 0.14860599999999999 0.034494999999999998 0.035612999999999999 0.03286 0.090379000000000015 0.092730000000000021 0.090823999999999946 0.0037839999999999996 0.0039960000000000004 0.0039360000000000003 0.00083299999999999997 0.00080699999999999999 0.00079100000000000004 66.844495177816455 66.844495177816455 66.844495177816455 0.044704057777018628 0.044704057777018628 0.044704057777018628 1 1 1 Converged Converged Converged OK OK OK 69 69 69 69 69 69 3 3 3 0 0 0 0 0 1 0 0
173 173 linear 3 7 1652 1 0.001 1 0.00011322527340878768 0.00094201804645551682 -0.0014483248680562022 0.0149285787341075 -0.0015220480195179383 0.5 0.0016352604744155669 66.926973866864287 OK 13 12 0.68004100000000001 0.498085 0.14588300000000001 0.52722400000000003 0.20080600000000001 0 0.15281699999999998 0.29727899999999996 0.14588300000000001 0.037475000000000001 0.041578999999999998 0.034581000000000001 0.092781999999999976 0.23195199999999999 0.089786000000000005 0.0039630000000000004 0.0047580000000000001 0.0037319999999999996 0.000794 0.00081799999999999993 0.00072799999999999991 66.926683242685044 66.926683242685044 66.926683242685044 0.048076398287431397 0.048076398287431397 0.048076398287431397 1 1 1 Converged Converged Converged OK OK OK 69 69 69 69 69 69 3 3 3 0 0 0 0 1 0 0 1
173 173 linear 3 15 1652 2 0.001 1 0.00011322527340878768 0.00094201804645551682 -0.0014483248680562022 0.0149285787341075 -0.0013909846391415186 0.5 0.0015041970940391472 67.021931956356354 OK 13 12 0.67783099999999996 0.49278499999999997 0.13621 0.53068000000000004 0.193411 0 0.14715099999999992 0.29937399999999997 0.13621 0.037482000000000001 0.038551000000000002 0.030775 0.087422 0.23813500000000001 0.084286999999999973 0.0038679999999999995 0.0039810000000000002 0.0036950000000000004 0.00074799999999999997 0.00079300000000000009 0.000727 67.021622869501485 67.021622869501485 67.021622869501485 0.052761645375740199 0.052761645375740199 0.052761645375740199 1 1 1 Converged Converged Converged OK OK OK 69 69 69 69 69 69 3 3 3 0 0 0 0 1 0 0 1
173 173 linear 3 23 1652 3 0.001 1 0.00011322527340878768 0.00094201804645551682 -0.0014483248680562022 0.0149285787341075 -0.0012599212587650988 0.5 0.0013731337136627273 67.120920917072539 OK 13 12 0.66947199999999996 0.440413 0.12559400000000001 0.53471800000000003 0.20205200000000001 0 0.13475399999999993 0.23836099999999999 0.12559400000000001 0.036648 0.039294000000000003 0.030723 0.078491000000000005 0.17821899999999996 0.076113000000000014 0.0032679999999999996 0.0039500000000000004 0.0031830000000000001 0.00073300000000000004 0.00077400000000000006 0.00071100000000000004 67.12088538136193 67.12088538136193 67.12088538136193 0.054944448618837391 0.054944448618837391 0.054944448618837391 1 1 1 Converged Converged Converged OK OK OK 61 61 61 61 61 61 3 3 3 0 0 0 0 1 0 0 1
173 173 linear 3 0 1652 0 0.0001 1 0.00011322527340878768 0.00094201804645551682 -0.0014483248680562022 0.0149285787341075 -0.0016367284773473056 0.5 0.0017499409322449342 66.844768399341604 OK 13 12 0.66592600000000002 0.66131600000000001 0.15836 0.50162700000000005 0.49821799999999999 0 0.16429899999999997 0.16309800000000002 0.15836 0.035283000000000002 0.036887999999999997 0.032932999999999997 0.10016099999999999 0.09771100000000002 0.097165999999999988 0.0042559999999999994 0.0043709999999999999 0.0043 0.00086499999999999999 0.00089800000000000004 0.00087900000000000001 66.844737405986336 66.844737405986336 66.844737405986336 0.00048516079274846095 0.00048516079274846095 0.00048516079274846095 1 1 1 Converged Converged Converged OK OK OK 77 77 77 77 77 77 3 3 3 0 0 0 0 0 1 0 0
173 173 linear 3 7 1652 1 0.0001 1 0.00011322527340878768 0.00094201804645551682 -0.0014483248680562022 0.0149285787341075 -0.0015220480195179383 0.5 0.0016352604744155669 66.926973866864287 OK 13 12 0.69222700000000004 0.52018299999999995 0.157337 0.52967600000000004 0.200847 0 0.162551 0.31933599999999995 0.157337 0.035871 0.039600999999999997 0.034646999999999997 0.10194800000000001 0.25403499999999996 0.098777999999999977 0.0041940000000000007 0.0045299999999999993 0.004248 0.00086900000000000009 0.0008879999999999999 0.00084800000000000001 66.926939337373682 66.926939337373682 66.926939337373682 0.00051289521932800495 0.00051289521932800495 0.00051289521932800495 1 1 1 Converged Converged Converged OK OK OK 77 77 77 77 77 77 3 3 3 0 0 0 0 1 0 0 1
173 173 linear 3 15 1652 2 0.0001 1 0.00011322527340878768 0.00094201804645551682 -0.0014483248680562022 0.0149285787341075 -0.0013909846391415186 0.5 0.0015041970940391472 67.021931956356354 OK 13 12 0.68664700000000001 0.50524999999999998 0.15043100000000001 0.53019000000000005 0.18789800000000001 0 0.15645699999999996 0.31735199999999997 0.15043100000000001 0.034924999999999998 0.036970000000000003 0.031773000000000003 0.096633000000000024 0.25538100000000008 0.09488599999999997 0.004444 0.0043690000000000005 0.004156 0.00087300000000000008 0.00081299999999999992 0.000834 67.021896157248989 67.021896157248989 67.021896157248989 0.00054728282561132199 0.00054728282561132199 0.00054728282561132199 1 1 1 Converged Converged Converged OK OK OK 77 77 77 77 77 77 3 3 3 0 0 0 0 1 0 0 1
173 173 linear 3 23 1652 3 0.0001 1 0.00011322527340878768 0.00094201804645551682 -0.0014483248680562022 0.0149285787341075 -0.0012599212587650988 0.5 0.0013731337136627273 67.120920917072539 OK 13 12 0.69163399999999997 0.50097100000000006 0.14827199999999999 0.53246199999999999 0.203265 0 0.15917199999999998 0.29770600000000003 0.14827199999999999 0.033902000000000002 0.038025999999999997 0.030498000000000001 0.10082800000000003 0.23487899999999995 0.094280000000000017 0.0041110000000000001 0.0042109999999999995 0.0040179999999999999 0.00083199999999999995 0.00083200000000000006 0.00079699999999999997 67.120885357923513 67.120885357923513 67.120885357923513 0.00058456955238565778 0.00058456955238565778 0.00058456955238565778 1 1 1 Converged Converged Converged OK OK OK 77 77 77 77 77 77 3 3 3 0 0 0 0 1 0 0 1
173 173 linear 4 0 1653 0 0.001 1 0.00011322527340878768 0.00094201804645551682 -0.0010411780720367767 -0.0012975570605541608 -0.0012295816813278802 0.5 0.0013427941362255088 564.78567950785953 OK 15 14 0.68474100000000004 0.677508 0.14122999999999999 0.53697899999999998 0.53473999999999999 0 0.14776200000000006 0.14276800000000001 0.14122999999999999 0.016740000000000001 0.016225 0.015552 0.10451100000000005 0.10150799999999999 0.10068800000000003 0.0040280000000000003 0.0035989999999999998 0.0035670000000000003 0.00093400000000000004 0.00091 0.00095299999999999996 564.78470506605493 564.78470506605493 564.78470506605493 0.48760294970563134 0.48760294970563134 0.48760294970563134 1 1 1 Converged Converged Converged OK OK OK 74 74 74 74 74 74 6 6 6 0 0 0 0 0 1 0 0
173 173 linear 4 7 1653 1 0.001 1 0.00011322527340878768 0.00094201804645551682 -0.0010411780720367767 -0.0012975570605541608 -0.0011149012234985128 0.5 0.0012281136783961414 593.21299203492435 OK 15 14 0.74582400000000004 0.69887900000000003 0.13408800000000001 0.60269399999999995 0.43263000000000001 0 0.14313000000000009 0.26624900000000001 0.13408800000000001 0.018234 0.014734000000000001 0.014148000000000001 0.104016 0.23108900000000002 0.10057899999999996 0.0037709999999999996 0.0036779999999999998 0.0034919999999999994 0.00087299999999999997 0.00086200000000000003 0.000803 593.21182529535884 593.21182529535884 593.21182529535884 0.47485824919719788 0.47485824919719788 0.47485824919719788 1 1 1 Converged Converged Converged OK OK OK 74 74 74 74 74 74 6 6 6 0 0 0 0 1 0 0 1
173 173 linear 4 15 1653 2 0.001 1 0.00011322527340878768 0.00094201804645551682 -0.0010411780720367767 -0.0012975570605541608 -0.00098383784312209318 0.5 0.0010970502980197218 627.75868223675275 OK 15 14 0.70478300000000005 0.67868499999999998 0.13175600000000001 0.56928400000000001 0.39954899999999999 0 0.13549900000000004 0.279136 0.13175600000000001 0.015129999999999999 0.015198 0.01435 0.10068000000000002 0.24321800000000007 0.097883999999999999 0.0034159999999999998 0.003888 0.0034399999999999999 0.00090399999999999986 0.00099399999999999987 0.00091 627.75731079369496 627.75731079369496 627.75731079369496 0.45147494013338496 0.45147494013338496 0.45147494013338496 1 1 1 Converged Converged Converged OK OK OK 74 74 74 74 74 74 6 6 6 0 0 0 0 1 0 0 1
173 173 linear 4 23 1653 3 0.001 1 0.00011322527340878768 0.00094201804645551682 -0.0010411780720367767 -0.0012975570605541608 -0.00085277446274567331 0.5 0.0009659869176433019 664.27855861009436 OK 15 14 0.937998 0.94801999999999997 0.209507 0.72084000000000004 0.55645599999999995 0 0.21715799999999996 0.39156400000000002 0.209507 0.015622 0.016017 0.014879 0.17049899999999998 0.34364199999999995 0.16477399999999992 0.004901 0.0052509999999999996 0.0046690000000000004 0.0013350000000000002 0.001387 0.0012360000000000001 664.2770131944053 664.2770131944053 664.2770131944053 0.3920080053112231 0.3920080053112231 0.3920080053112231 1 1 1 Converged Converged Converged OK OK OK 96 96 96 96 96 96 8 8 8 0 0 0 0 1 0 0 1
173 173 linear 4 0 1653 0 0.0001 1 0.00011322527340878768 0.00094201804645551682 -0.0010411780720367767 -0.0012975570605541608 -0.0012295816813278802 0.5 0.0013427941362255088 564.78567950785953 OK 15 14 0.72478299999999996 0.72521800000000003 0.185525 0.53608299999999998 0.53789399999999998 0 0.18869999999999998 0.18732400000000005 0.185525 0.015996 0.016473999999999999 0.015845000000000001 0.13419600000000001 0.132108 0.13085300000000005 0.0057429999999999998 0.0061650000000000003 0.006319 0.0011879999999999998 0.0012390000000000001 0.001281 564.78512328808915 564.78512328808915 564.78512328808915 0.046802924074520559 0.046802924074520559 0.046802924074520559 1 1 1 Converged Converged Converged OK OK OK 106 106 106 106 106 106 6 6 6 0 0 0 0 0 1 0 0
173 173 linear 4 7 1653 1 0.0001 1 0.00011322527340878768 0.00094201804645551682 -0.0010411780720367767 -0.0012975570605541608 -0.0011149012234985128 0.5 0.0012281136783961414 593.21299203492435 OK 15 14 0.78672200000000003 0.79987600000000003 0.175372 0.607213 0.43296099999999998 0 0.17950900000000003 0.36691500000000005 0.175372 0.014659 0.015195999999999999 0.014142999999999999 0.13455900000000004 0.32054199999999983 0.13136699999999996 0.0054209999999999996 0.0060049999999999991 0.0057420000000000006 0.001122 0.0011540000000000001 0.001111 593.21241180291531 593.21241180291531 593.21241180291531 0.044263282701109442 0.044263282701109442 0.044263282701109442 1 1 1 Converged Converged Converged OK OK OK 106 106 106 106 106 106 6 6 6 0 0 0 0 1 0 0 1
173 173 linear 4 15 1653 2 0.0001 1 0.00011322527340878768 0.00094201804645551682 -0.0010411780720367767 -0.0012975570605541608 -0.00098383784312209318 0.5 0.0010970502980197218 627.75868223675275 OK 15 14 0.74355499999999997 0.80194299999999996 0.17496 0.56446099999999999 0.39894800000000002 0 0.17909399999999998 0.40299499999999994 0.17496 0.014928 0.01602 0.014463 0.13445000000000001 0.352603 0.13076999999999994 0.0052110000000000004 0.005424 0.0055759999999999994 0.001245 0.0012850000000000001 0.0012929999999999999 627.7580955144781 627.7580955144781 627.7580955144781 0.04242941925115646 0.04242941925115646 0.04242941925115646 1 1 1 Converged Converged Converged OK OK OK 106 106 106 106 106 106 6 6 6 0 0 0 0 1 0 0 1
173 173 linear 4 23 1653 3 0.0001 1 0.00011322527340878768 0.00094201804645551682 -0.0010411780720367767 -0.0012975570605541608 -0.00085277446274567331 0.5 0.0009659869176433019 664.27855861009436 OK 15 14 0.97961600000000004 1.0730869999999999 0.25375999999999999 0.71878299999999995 0.55587900000000001 0 0.26083300000000009 0.51720799999999989 0.25375999999999999 0.015564 0.015807999999999999 0.014754 0.20514899999999997 0.45970900000000009 0.19970599999999997 0.0065909999999999996 0.0071640000000000002 0.0064860000000000004 0.001526 0.0015820000000000001 0.0015210000000000002 664.27801214991257 664.27801214991257 664.27801214991257 0.038033238749424485 0.038033238749424485 0.038033238749424485 1 1 1 Converged Converged Converged OK OK OK 128 128 128 128 128 128 8 8 8 0 0 0 0 1 0 0 1
173 173 uniform 3 0 1654 0 0.001 1 0.00011322527340878768 0.00094201804645551682 -0.0014483248680562022 0.0149285787341075 -0.0016367284773473056 0 0.0017499409322449342 66.849021127286292 OK 13 12 0.59797999999999996 0.59095500000000001 0.091328000000000006 0.50316499999999997 0.494668 0 0.094814999999999983 0.096287000000000011 0.091328000000000006 0.035504000000000001 0.036033999999999997 0.032548000000000001 0.045818000000000005 0.046599999999999996 0.045786000000000007 0.0018309999999999999 0.001879 0.00173 0.00050000000000000001 0.00056700000000000001 0.00046699999999999997 66.848990157477203 66.848990157477203 66.848990157477203 0.065692547779202276 0.065692547779202276 0.065692547779202276 1 1 1 Converged Converged Converged OK OK OK 37 37 37 37 37 37 3 3 3 0 0 0 0 0 1 0 0
173 173 uniform 3 7 1654 1 0.001 1 0.00011322527340878768 0.00094201804645551682 -0.0014483248680562022 0.0149285787341075 -0.0015220480195179383 0 0.0016352604744155669 66.931717194766037 OK 13 12 0.63449999999999995 0.38078200000000001 0.104032 0.526366 0.19955100000000001 0 0.10813399999999995 0.181231 0.104032 0.036561999999999997 0.037484000000000003 0.033882000000000002 0.056515999999999997 0.12891999999999998 0.055907999999999999 0.002232 0.0022850000000000001 0.0021359999999999999 0.00056700000000000001 0.00062799999999999998 0.00053400000000000008 66.931716894500624 66.931716894500624 66.931716894500624 0.022036367614697402 0.022036367614697402 0.022036367614697402 1 1 1 Converged Converged Converged OK OK OK 45 45 45 45 45 45 3 3 3 0 0 0 0 1 0 0 1
173 173 uniform 3 15 1654 2 0.001 1 0.00011322527340878768 0.00094201804645551682 -0.0014483248680562022 0.0149285787341075 -0.0013909846391415186 0 0.0015041970940391472 67.02753937741268 OK 13 12 0.63459100000000002 0.362624 0.095407000000000006 0.53323299999999996 0.18962399999999999 0 0.10135800000000006 0.17300000000000001 0.095407000000000006 0.034604999999999997 0.036915999999999997 0.030002000000000001 0.052429999999999997 0.12191099999999999 0.051855999999999992 0.002258 0.0022490000000000001 0.0021539999999999997 0.00058999999999999992 0.00057499999999999999 0.00052900000000000006 67.027539071399787 67.027539071399787 67.027539071399787 0.022074863594605268 0.022074863594605268 0.022074863594605268 1 1 1 Converged Converged Converged OK OK OK 45 45 45 45 45 45 3 3 3 0 0 0 0 1 0 0 1
173 173 uniform 3 23 1654 3 0.001 1 0.00011322527340878768 0.00094201804645551682 -0.0014483248680562022 0.0149285787341075 -0.0012599212587650988 0 0.0013731337136627273 67.12802877849289 OK 13 12 0.63465700000000003 0.36944399999999999 0.094672999999999993 0.53392200000000001 0.20180500000000001 0 0.10073500000000002 0.16763899999999998 0.094672999999999993 0.035126999999999999 0.038287000000000002 0.030477000000000001 0.051163 0.11516699999999999 0.050706000000000008 0.002284 0.002287 0.002173 0.00057099999999999989 0.00056900000000000006 0.00053200000000000003 67.1280284672861 67.1280284672861 67.1280284672861 0.022112376198771388 0.022112376198771388 0.022112376198771388 1 1 1 Converged Converged Converged OK OK OK 45 45 45 45 45 45 3 3 3 0 0 0 0 1 0 0 1
173 173 uniform 3 0 1654 0 0.0001 1 0.00011322527340878768 0.00094201804645551682 -0.0014483248680562022 0.0149285787341075 -0.0016367284773473056 0 0.0017499409322449342 66.849021127286292 OK 13 12 0.64178500000000005 0.64532400000000001 0.14117299999999999 0.49898900000000002 0.50112699999999999 0 0.14279600000000003 0.14419700000000002 0.14117299999999999 0.034826000000000003 0.035815 0.033284000000000001 0.080007999999999982 0.080664 0.080317999999999973 0.003862 0.0039610000000000001 0.0039399999999999999 0.00078600000000000002 0.00080199999999999998 0.0007980000000000001 66.849020822737032 66.849020822737032 66.849020822737032 0.00010034368055220572 0.00010034368055220572 0.00010034368055220572 1 1 1 Converged Converged Converged OK OK OK 77 77 77 77 77 77 3 3 3 0 0 0 0 0 1 0 0
173 173 uniform 3 7 1654 1 0.0001 1 0.00011322527340878768 0.00094201804645551682 -0.0014483248680562022 0.0149285787341075 -0.0015220480195179383 0 0.0016352604744155669 66.931717194766037 OK 13 12 0.67128900000000002 0.49758400000000003 0.14118700000000001 0.52749100000000004 0.19890099999999999 0 0.14379799999999998 0.29868300000000003 0.14118700000000001 0.035786999999999999 0.037957999999999999 0.033895000000000002 0.084212000000000037 0.23587499999999997 0.083876000000000048 0.0038890000000000001 0.0043300000000000005 0.0038419999999999999 0.00077400000000000006 0.00085200000000000011 0.0008209999999999999 66.931716886442899 66.931716886442899 66.931716886442899 0.00011226907323553983 0.00011226907323553983 0.00011226907323553983 1 1 1 Converged Converged Converged OK OK OK 77 77 77 77 77 77 3 3 3 0 0 0 0 1 0 0 1
173 173 uniform 3 15 1654 2 0.0001 1 0.00011322527340878768 0.00094201804645551682 -0.0014483248680562022 0.0149285787341075 -0.0013909846391415186 0 0.0015041970940391472 67.02753937741268 OK 13 12 0.66934499999999997 0.49470199999999998 0.13502600000000001 0.53305499999999995 0.19031400000000001 0 0.13629000000000002 0.30438799999999999 0.13502600000000001 0.033349999999999998 0.038436999999999999 0.030558999999999999 0.079057999999999976 0.24022899999999997 0.081106000000000011 0.003869 0.0045360000000000001 0.0038409999999999998 0.00078400000000000008 0.00094799999999999995 0.00076300000000000001 67.027539063324681 67.027539063324681 67.027539063324681 0.0001283359180049287 0.0001283359180049287 0.0001283359180049287 1 1 1 Converged Converged Converged OK OK OK 77 77 77 77 77 77 3 3 3 0 0 0 0 1 0 0 1
173 173 uniform 3 23 1654 3 0.0001 1 0.00011322527340878768 0.00094201804645551682 -0.0014483248680562022 0.0149285787341075 -0.0012599212587650988 0 0.0013731337136627273 67.12802877849289 OK 13 12 0.67468899999999998 0.482209 0.132353 0.53568499999999997 0.20528399999999999 0 0.13900400000000002 0.27692499999999998 0.132353 0.035207000000000002 0.037366999999999997 0.030568000000000001 0.07966899999999999 0.21548800000000004 0.078813000000000022 0.0040660000000000002 0.0039689999999999994 0.0038219999999999999 0.00078899999999999999 0.000812 0.00077300000000000014 67.128028459193985 67.128028459193985 67.128028459193985 0.00014525717573472959 0.00014525717573472959 0.00014525717573472959 1 1 1 Converged Converged Converged OK OK OK 77 77 77 77 77 77 3 3 3 0 0 0 0 1 0 0 1
173 173 uniform 4 0 1655 0 0.001 1 0.00011322527340878768 0.00094201804645551682 -0.0010411780720367767 -0.0012975570605541608 -0.0012295816813278802 0 0.0013427941362255088 566.56651274391788 OK 15 14 0.66966099999999995 0.66761800000000004 0.13330500000000001 0.53472500000000001 0.53505999999999998 0 0.13493599999999994 0.13255800000000006 0.13330500000000001 0.016156 0.015879000000000001 0.015606999999999999 0.089753000000000013 0.088909999999999947 0.088998000000000008 0.0042550000000000001 0.0038289999999999995 0.0041069999999999995 0.00098400000000000007 0.00091599999999999993 0.001044 566.56646216383638 566.56646216383638 566.56646216383638 0.3026599463821309 0.3026599463821309 0.3026599463821309 1 1 1 Converged Converged Converged OK OK OK 82 82 82 82 82 82 6 6 6 0 0 0 0 0 1 0 0
173 173 uniform 4 7 1655 1 0.001 1 0.00011322527340878768 0.00094201804645551682 -0.0010411780720367767 -0.0012975570605541608 -0.0011149012234985128 0 0.0012281136783961414 595.30271738069916 OK 15 14 0.73245099999999996 0.70157400000000003 0.12527099999999999 0.60533300000000001 0.43673899999999999 0 0.12711799999999995 0.26483500000000004 0.12527099999999999 0.014888 0.014803999999999999 0.014101000000000001 0.089379 0.22675000000000006 0.089023999999999992 0.0037439999999999999 0.0038579999999999999 0.0035240000000000002 0.00081800000000000004 0.00084499999999999994 0.00080599999999999997 595.3026719004821 595.3026719004821 595.3026719004821 0.4288519527696471 0.4288519527696471 0.4288519527696471 1 1 1 Converged Converged Converged OK OK OK 82 82 82 82 82 82 6 6 6 0 0 0 0 1 0 0 1
173 173 uniform 4 15 1655 2 0.001 1 0.00011322527340878768 0.00094201804645551682 -0.0010411780720367767 -0.0012975570605541608 -0.00098383784312209318 0 0.0010970502980197218 630.27777689871027 OK 15 14 0.70095399999999997 0.73094899999999996 0.13409099999999999 0.56432099999999996 0.40407199999999999 0 0.136633 0.32687699999999997 0.13409099999999999 0.015167 0.01524 0.014286 0.095632000000000009 0.28547800000000007 0.09496499999999998 0.0041749999999999999 0.0041749999999999999 0.0039329999999999999 0.0010349999999999999 0.0010219999999999999 0.001003 630.27772619619668 630.27772619619668 630.27772619619668 0.091946052955944685 0.091946052955944685 0.091946052955944685 1 1 1 Converged Converged Converged OK OK OK 90 90 90 90 90 90 6 6 6 0 0 0 0 1 0 0 1
173 173 uniform 4 23 1655 3 0.001 1 0.00011322527340878768 0.00094201804645551682 -0.0010411780720367767 -0.0012975570605541608 -0.00085277446274567331 0 0.0009659869176433019 667.32532594153986 OK 15 14 0.90527100000000005 0.95526699999999998 0.18149499999999999 0.714839 0.55583199999999999 0 0.19043200000000005 0.39943499999999998 0.18149499999999999 0.020532000000000002 0.015609 0.014730999999999999 0.13882000000000008 0.35301799999999989 0.13730400000000006 0.0051390000000000003 0.0049189999999999998 0.0046450000000000007 0.001487 0.0012260000000000001 0.0011849999999999999 667.3251631593522 667.3251631593522 667.3251631593522 0.53895106315392227 0.53895106315392227 0.53895106315392227 1 1 1 Converged Converged Converged OK OK OK 104 104 104 104 104 104 8 8 8 0 0 0 0 1 0 0 1
173 173 uniform 4 0 1655 0 0.0001 1 0.00011322527340878768 0.00094201804645551682 -0.0010411780720367767 -0.0012975570605541608 -0.0012295816813278802 0 0.0013427941362255088 566.56651274391788 OK 15 14 0.704982 0.69937800000000006 0.16664300000000001 0.54161000000000004 0.53583599999999998 0 0.16337199999999996 0.16354200000000008 0.16664300000000001 0.016369000000000002 0.016132000000000001 0.015516 0.10978299999999998 0.11050700000000002 0.11400900000000004 0.0049129999999999998 0.0049400000000000008 0.0048789999999999997 0.0011300000000000001 0.0011480000000000001 0.001137 566.56644937379997 566.56644937379997 566.56644937379997 0.054373400452440532 0.054373400452440532 0.054373400452440532 1 1 1 Converged Converged Converged OK OK OK 106 106 106 106 106 106 6 6 6 0 0 0 0 0 1 0 0
173 173 uniform 4 7 1655 1 0.0001 1 0.00011322527340878768 0.00094201804645551682 -0.0010411780720367767 -0.0012975570605541608 -0.0011149012234985128 0 0.0012281136783961414 595.30271738069916 OK 15 14 0.76129999999999998 0.77363000000000004 0.15323700000000001 0.60246 0.428255 0 0.15883999999999998 0.34537500000000004 0.15323700000000001 0.014788000000000001 0.014881999999999999 0.014085 0.11503899999999999 0.30044700000000008 0.11038699999999997 0.0048669999999999998 0.0051509999999999993 0.0048580000000000003 0.0010539999999999998 0.0010679999999999999 0.0010660000000000001 595.30265430631141 595.30265430631141 595.30265430631141 0.048334389460738418 0.048334389460738418 0.048334389460738418 1 1 1 Converged Converged Converged OK OK OK 106 106 106 106 106 106 6 6 6 0 0 0 0 1 0 0 1
173 173 uniform 4 15 1655 2 0.0001 1 0.00011322527340878768 0.00094201804645551682 -0.0010411780720367767 -0.0012975570605541608 -0.00098383784312209318 0 0.0010970502980197218 630.27777689871027 OK 15 14 0.71409999999999996 0.77279299999999995 0.15155199999999999 0.56036699999999995 0.399011 0 0.15373300000000001 0.37378199999999995 0.15155199999999999 0.015092 0.015216 0.014290000000000001 0.10908800000000002 0.32866699999999988 0.10867899999999996 0.0051709999999999994 0.0050850000000000001 0.0047029999999999997 0.001155 0.0012100000000000001 0.0011580000000000002 630.27771666832734 630.27771666832734 630.27771666832734 0.044492323748243481 0.044492323748243481 0.044492323748243481 1 1 1 Converged Converged Converged OK OK OK 106 106 106 106 106 106 6 6 6 0 0 0 0 1 0 0 1
173 173 uniform 4 23 1655 3 0.0001 1 0.00011322527340878768 0.00094201804645551682 -0.0010411780720367767 -0.0012975570605541608 -0.00085277446274567331 0 0.0009659869176433019 667.32532594153986 OK 15 14 0.94024200000000002 1.0337499999999999 0.21727399999999999 0.72197900000000004 0.55275300000000005 0 0.21826299999999998 0.4809969999999999 0.21727399999999999 0.015577000000000001 0.015772000000000001 0.014642000000000001 0.163855 0.42409800000000003 0.16383100000000003 0.0059280000000000001 0.0068139999999999997 0.0059490000000000012 0.001407 0.0015890000000000001 0.001431 667.3253108159588 667.3253108159588 667.3253108159588 0.037850364190864974 0.037850364190864974 0.037850364190864974 1 1 1 Converged Converged Converged OK OK OK 128 128 128 128 128 128 8 8 8 0 0 0 0 1 0 0 1
174 174 linear 3 0 1656 0 0.001 1 0.00027633670874986242 0.00043949078881678051 0.00055783421000406568 0.02292079187972676 0.0004699360522407096 0.5 -0.00019367568437166213 44.433954123427021 OK 13 12 0.60651699999999997 0.60253199999999996 0.122986 0.48004799999999997 0.47624 0 0.126469 0.12629199999999996 0.122986 0.010258 0.010059999999999999 0.0099299999999999996 0.094095000000000012 0.094720999999999986 0.09154799999999999 0.0033190000000000003 0.0032579999999999996 0.0033340000000000002 0.00087900000000000001 0.00078899999999999999 0.0007899999999999999 44.433931403842529 44.433931403842529 44.433931403842529 0.037458804750063343 0.037458804750063343 0.037458804750063343 1 1 1 Converged Converged Converged OK OK OK 61 61 61 61 61 61 3 3 3 0 0 0 0 0 1 0 0
174 174 linear 3 7 1656 1 0.001 1 0.00027633670874986242 0.00043949078881678051 0.00055783421000406568 0.02292079187972676 0.00052343927870536109 0.5 -0.00024717891083631362 44.387569398765315 OK 13 12 0.77773800000000004 0.69441299999999995 0.122221 0.651675 0.45768700000000001 0 0.12606300000000004 0.23672599999999994 0.122221 0.012919 0.0095270000000000007 0.010078999999999999 0.093687000000000006 0.207092 0.092985999999999971 0.0032379999999999996 0.0036320000000000002 0.003222 0.00076199999999999998 0.00081400000000000005 0.00079199999999999995 44.387546181141317 44.387546181141317 44.387546181141317 0.037389721433532482 0.037389721433532482 0.037389721433532482 1 1 1 Converged Converged Converged OK OK OK 61 61 61 61 61 61 3 3 3 0 0 0 0 1 0 0 1
174 174 linear 3 15 1656 2 0.001 1 0.00027633670874986242 0.00043949078881678051 0.00055783421000406568 0.02292079187972676 0.00058458582323639148 0.5 -0.00030832545536734401 44.34191227603224 OK 13 12 0.63964500000000002 0.54577299999999995 0.114217 0.52202599999999999 0.32113900000000001 0 0.11761900000000003 0.22463399999999994 0.114217 0.0092919999999999999 0.0093480000000000004 0.0088739999999999999 0.08900599999999996 0.19587399999999999 0.086724999999999983 0.0031949999999999999 0.0032669999999999999 0.0032109999999999999 0.00081100000000000009 0.00079299999999999987 0.00077899999999999996 44.34189127331841 44.34189127331841 44.34189127331841 0.037322471506822427 0.037322471506822427 0.037322471506822427 1 1 1 Converged Converged Converged OK OK OK 61 61 61 61 61 61 3 3 3 0 0 0 0 1 0 0 1
174 174 linear 3 23 1656 3 0.001 1 0.00027633670874986242 0.00043949078881678051 0.00055783421000406568 0.02292079187972676 0.00064573236776742176 0.5 -0.00036947199989837429 44.302175578175685 OK 13 12 0.73935399999999996 0.66085300000000002 0.113817 0.62212999999999996 0.43253000000000003 0 0.11722399999999999 0.228323 0.113817 0.0092689999999999995 0.0094959999999999992 0.0088419999999999992 0.088850000000000012 0.19914099999999998 0.086605999999999989 0.0032239999999999999 0.0034859999999999999 0.0031650000000000003 0.000727 0.00079300000000000009 0.00071900000000000002 44.302155618488008 44.302155618488008 44.302155618488008 0.037264048037587066 0.037264048037587066 0.037264048037587066 1 1 1 Converged Converged Converged OK OK OK 61 61 61 61 61 61 3 3 3 0 0 0 0 1 0 0 1
174 174 linear 3 0 1656 0 0.0001 1 0.00027633670874986242 0.00043949078881678051 0.00055783421000406568 0.02292079187972676 0.0004699360522407096 0.5 -0.00019367568437166213 44.433954123427021 OK 13 12 0.63479300000000005 0.63816899999999999 0.15343599999999999 0.478294 0.479462 0 0.15649900000000005 0.15870699999999999 0.15343599999999999 0.010068000000000001 0.010128 0.0098799999999999999 0.11907100000000004 0.121007 0.11645399999999997 0.0039780000000000006 0.0041640000000000002 0.0040270000000000002 0.000892 0.00097100000000000007 0.00091999999999999992 44.433931420748117 44.433931420748117 44.433931420748117 0.0012767088665057559 0.0012767088665057559 0.0012767088665057559 1 1 1 Converged Converged Converged OK OK OK 77 77 77 77 77 77 3 3 3 0 0 0 0 0 1 0 0
174 174 linear 3 7 1656 1 0.0001 1 0.00027633670874986242 0.00043949078881678051 0.00055783421000406568 0.02292079187972676 0.00052343927870536109 0.5 -0.00024717891083631362 44.387569398765315 OK 13 12 0.81243699999999996 0.760189 0.14796200000000001 0.65490599999999999 0.45621299999999998 0 0.15753099999999998 0.30397600000000002 0.14796200000000001 0.0095600000000000008 0.0093270000000000002 0.00877 0.12366600000000004 0.27028499999999994 0.11576700000000005 0.0041849999999999995 0.004182 0.0040099999999999997 0.00090000000000000008 0.00090200000000000002 0.00087600000000000004 44.387546198064584 44.387546198064584 44.387546198064584 0.0012075733253540703 0.0012075733253540703 0.0012075733253540703 1 1 1 Converged Converged Converged OK OK OK 77 77 77 77 77 77 3 3 3 0 0 0 0 1 0 0 1
174 174 linear 3 15 1656 2 0.0001 1 0.00027633670874986242 0.00043949078881678051 0.00055783421000406568 0.02292079187972676 0.00058458582323639148 0.5 -0.00030832545536734401 44.34191227603224 OK 13 12 0.66972299999999996 0.61313200000000001 0.14243800000000001 0.52271199999999995 0.32163900000000001 0 0.147011 0.291493 0.14243800000000001 0.0094240000000000001 0.0093810000000000004 0.0089169999999999996 0.11358900000000005 0.25756300000000004 0.11006400000000004 0.0040299999999999997 0.0043889999999999988 0.0041140000000000005 0.00085799999999999993 0.00097999999999999997 0.00085899999999999995 44.341891290253443 44.341891290253443 44.341891290253443 0.0011405100572701027 0.0011405100572701027 0.0011405100572701027 1 1 1 Converged Converged Converged OK OK OK 77 77 77 77 77 77 3 3 3 0 0 0 0 1 0 0 1
174 174 linear 3 23 1656 3 0.0001 1 0.00027633670874986242 0.00043949078881678051 0.00055783421000406568 0.02292079187972676 0.00064573236776742176 0.5 -0.00036947199989837429 44.302175578175685 OK 13 12 0.77395099999999994 0.72396199999999999 0.14313500000000001 0.62548300000000001 0.427589 0 0.14846799999999993 0.296373 0.14313500000000001 0.0093480000000000004 0.0094900000000000002 0.0088920000000000006 0.11455499999999999 0.26250799999999996 0.11101799999999999 0.0042929999999999999 0.0041489999999999999 0.003934 0.00090499999999999988 0.00084199999999999998 0.00080599999999999997 44.302155635428704 44.302155635428704 44.302155635428704 0.0010825359267433482 0.0010825359267433482 0.0010825359267433482 1 1 1 Converged Converged Converged OK OK OK 77 77 77 77 77 77 3 3 3 0 0 0 0 1 0 0 1
174 174 linear 4 0 1657 0 0.001 1 0.00027633670874986242 0.00043949078881678051 -0.0013946522440720247 -0.021839039601492732 -0.0014825504018353807 0.5 0.0017588107697044282 46.002901738911547 OK 13 12 0.46956700000000001 0.46749299999999999 0.116617 0.35032099999999999 0.346831 0 0.11924600000000002 0.12066199999999999 0.116617 0.0099600000000000001 0.012947999999999999 0.0095399999999999999 0.087663999999999964 0.086075000000000013 0.085447999999999996 0.0031749999999999999 0.0031799999999999997 0.0030919999999999997 0.00072100000000000007 0.00073499999999999998 0.00071500000000000003 46.002885783481254 46.002885783481254 46.002885783481254 0.038485543675695094 0.038485543675695094 0.038485543675695094 1 1 1 Converged Converged Converged OK OK OK 61 61 61 61 61 61 3 3 3 0 0 0 0 0 1 0 0
174 174 linear 4 7 1657 1 0.001 1 0.00027633670874986242 0.00043949078881678051 -0.0013946522440720247 -0.021839039601492732 -0.0014290471753707291 0.5 0.0017053075432397766 46.020764611855547 OK 13 12 0.47226000000000001 0.45072899999999999 0.111419 0.35734500000000002 0.21557299999999999 0 0.11491499999999999 0.235156 0.111419 0.0093419999999999996 0.0094359999999999999 0.0089870000000000002 0.086258000000000001 0.20637099999999997 0.083869000000000041 0.003238 0.0032720000000000002 0.0030659999999999997 0.00071299999999999998 0.00073399999999999995 0.00071600000000000006 46.02074787050293 46.02074787050293 46.02074787050293 0.038508012359998629 0.038508012359998629 0.038508012359998629 1 1 1 Converged Converged Converged OK OK OK 61 61 61 61 61 61 3 3 3 0 0 0 0 1 0 0 1
174 174 linear 4 15 1657 2 0.001 1 0.00027633670874986242 0.00043949078881678051 -0.0013946522440720247 -0.021839039601492732 -0.0013679006308396989 0.5 0.0016441609987087463 46.041362513914052 OK 13 12 0.56172 0.53122899999999995 0.11182300000000001 0.44667200000000001 0.30095300000000003 0 0.11504799999999998 0.23027599999999993 0.11182300000000001 0.0093620000000000005 0.0094470000000000005 0.0089040000000000005 0.08659200000000003 0.20137600000000003 0.084210999999999966 0.0032190000000000001 0.0034010000000000004 0.0032000000000000002 0.000727 0.000696 0.000696 46.041344760283017 46.041344760283017 46.041344760283017 0.038534277332960096 0.038534277332960096 0.038534277332960096 1 1 1 Converged Converged Converged OK OK OK 61 61 61 61 61 61 3 3 3 0 0 0 0 1 0 0 1
174 174 linear 4 23 1657 3 0.001 1 0.00027633670874986242 0.00043949078881678051 -0.0013946522440720247 -0.021839039601492732 -0.0013067540863086686 0.5 0.001583014454177716 46.062205821237228 OK 13 12 0.571411 0.53509499999999999 0.118307 0.45294000000000001 0.29901800000000001 0 0.11847099999999999 0.23607699999999998 0.118307 0.0094500000000000001 0.0094369999999999992 0.0088889999999999993 0.089832000000000009 0.20735799999999999 0.090764000000000011 0.0032640000000000004 0.0032720000000000002 0.003137 0.00067199999999999996 0.00066799999999999997 0.00065600000000000001 46.062186911391926 46.062186911391926 46.062186911391926 0.038561256800746381 0.038561256800746381 0.038561256800746381 1 1 1 Converged Converged Converged OK OK OK 61 61 61 61 61 61 3 3 3 0 0 0 0 1 0 0 1
174 174 linear 4 0 1657 0 0.0001 1 0.00027633670874986242 0.00043949078881678051 -0.0013946522440720247 -0.021839039601492732 -0.0014825504018353807 0.5 0.0017588107697044282 46.002901738911547 OK 13 12 0.49334699999999998 0.49398999999999998 0.14582700000000001 0.34439599999999998 0.34735700000000003 0 0.148951 0.14663299999999996 0.14582700000000001 0.010214000000000001 0.01004 0.0096480000000000003 0.11107900000000002 0.109012 0.10872900000000001 0.0039780000000000006 0.0039870000000000001 0.0039230000000000003 0.00085799999999999982 0.00084500000000000005 0.00082399999999999997 46.002885800167682 46.002885800167682 46.002885800167682 0.00062664618140130047 0.00062664618140130047 0.00062664618140130047 1 1 1 Converged Converged Converged OK OK OK 77 77 77 77 77 77 3 3 3 0 0 0 0 0 1 0 0
174 174 linear 4 7 1657 1 0.0001 1 0.00027633670874986242 0.00043949078881678051 -0.0013946522440720247 -0.021839039601492732 -0.0014290471753707291 0.5 0.0017053075432397766 46.020764611855547 OK 13 12 0.50088999999999995 0.51555600000000001 0.13858300000000001 0.35865599999999997 0.21878700000000001 0 0.14223399999999997 0.29676900000000001 0.13858300000000001 0.0093989999999999994 0.0095479999999999992 0.0089739999999999993 0.10864499999999996 0.26275300000000001 0.10617599999999998 0.004032 0.0040860000000000002 0.0039170000000000003 0.00083100000000000003 0.00081599999999999999 0.00080900000000000004 46.020747887212686 46.020747887212686 46.020747887212686 0.00064062715808749162 0.00064062715808749162 0.00064062715808749162 1 1 1 Converged Converged Converged OK OK OK 77 77 77 77 77 77 3 3 3 0 0 0 0 1 0 0 1
174 174 linear 4 15 1657 2 0.0001 1 0.00027633670874986242 0.00043949078881678051 -0.0013946522440720247 -0.021839039601492732 -0.0013679006308396989 0.5 0.0016441609987087463 46.041362513914052 OK 13 12 0.58997200000000005 0.601298 0.14429900000000001 0.44495699999999999 0.30055300000000001 0 0.14501500000000006 0.30074499999999998 0.14429900000000001 0.0093279999999999995 0.0095239999999999995 0.0088369999999999994 0.11144899999999998 0.2666099999999999 0.10879800000000001 0.0041279999999999997 0.004215 0.0039560000000000003 0.00085300000000000003 0.00083100000000000003 0.00083600000000000005 46.04134477702172 46.04134477702172 46.04134477702172 0.00065746801627685446 0.00065746801627685446 0.00065746801627685446 1 1 1 Converged Converged Converged OK OK OK 77 77 77 77 77 77 3 3 3 0 0 0 0 1 0 0 1
174 174 linear 4 23 1657 3 0.0001 1 0.00027633670874986242 0.00043949078881678051 -0.0013946522440720247 -0.021839039601492732 -0.0013067540863086686 0.5 0.001583014454177716 46.062205821237228 OK 13 12 0.60343100000000005 0.59488600000000003 0.14171900000000001 0.45735700000000001 0.299541 0 0.14607400000000004 0.29534500000000002 0.14171900000000001 0.0094179999999999993 0.0095390000000000006 0.0088690000000000001 0.11249099999999997 0.26130099999999989 0.10932799999999999 0.0041990000000000005 0.0042090000000000001 0.0039290000000000002 0.00079900000000000001 0.00079999999999999993 0.00078500000000000011 46.062186928160465 46.062186928160465 46.062186928160465 0.0006753184871135697 0.0006753184871135697 0.0006753184871135697 1 1 1 Converged Converged Converged OK OK OK 77 77 77 77 77 77 3 3 3 0 0 0 0 1 0 0 1
174 174 uniform 3 0 1658 0 0.001 1 0.00027633670874986242 0.00043949078881678051 0.00055783421000406568 0.02292079187972676 0.0004699360522407096 0 -0.00019367568437166213 44.43854758479582 OK 13 12 0.56708199999999997 0.565944 0.085238999999999995 0.47976000000000002 0.47484300000000002 0 0.087321999999999955 0.091100999999999988 0.085238999999999995 0.010291 0.010083999999999999 0.0098510000000000004 0.060339999999999984 0.065106999999999984 0.059653999999999999 0.0022260000000000001 0.0022050000000000004 0.0021770000000000001 0.00066299999999999996 0.00067299999999999999 0.00063000000000000003 44.43854730407201 44.43854730407201 44.43854730407201 0.015454314780417866 0.015454314780417866 0.015454314780417866 1 1 1 Converged Converged Converged OK OK OK 45 45 45 45 45 45 3 3 3 0 0 0 0 0 1 0 0
174 174 uniform 3 7 1658 1 0.001 1 0.00027633670874986242 0.00043949078881678051 0.00055783421000406568 0.02292079187972676 0.00052343927870536109 0 -0.00024717891083631362 44.391211769297094 OK 13 12 0.73777999999999999 0.616039 0.082961999999999994 0.655968 0.45756999999999998 0 0.081811999999999996 0.15846900000000003 0.082961999999999994 0.0093720000000000001 0.0093259999999999992 0.010160000000000001 0.058308000000000013 0.13475899999999999 0.058813000000000004 0.0021949999999999999 0.0022680000000000001 0.002222 0.00059500000000000004 0.00063299999999999999 0.00059199999999999997 44.391211490007599 44.391211490007599 44.391211490007599 0.015445827693226534 0.015445827693226534 0.015445827693226534 1 1 1 Converged Converged Converged OK OK OK 45 45 45 45 45 45 3 3 3 0 0 0 0 1 0 0 1
174 174 uniform 3 15 1658 2 0.001 1 0.00027633670874986242 0.00043949078881678051 0.00055783421000406568 0.02292079187972676 0.00058458582323639148 0 -0.00030832545536734401 44.3447949868726 OK 13 12 0.60220099999999999 0.47795799999999999 0.081559000000000006 0.51920500000000003 0.32553300000000002 0 0.082995999999999959 0.15242499999999998 0.081559000000000006 0.0093620000000000005 0.0094529999999999996 0.0088240000000000002 0.059336 0.12845100000000001 0.059144000000000016 0.0021740000000000002 0.0023210000000000001 0.0021719999999999999 0.00070100000000000002 0.00066500000000000001 0.00061499999999999999 44.344794709581144 44.344794709581144 44.344794709581144 0.015448067490493718 0.015448067490493718 0.015448067490493718 1 1 1 Converged Converged Converged OK OK OK 45 45 45 45 45 45 3 3 3 0 0 0 0 1 0 0 1
174 174 uniform 3 23 1658 3 0.001 1 0.00027633670874986242 0.00043949078881678051 0.00055783421000406568 0.02292079187972676 0.00064573236776742176 0 -0.00036947199989837429 44.3045155548309 OK 13 12 0.69867699999999999 0.58235800000000004 0.075638999999999998 0.62154299999999996 0.42541099999999998 0 0.077134000000000036 0.15694700000000006 0.075638999999999998 0.0093900000000000008 0.0095139999999999999 0.0087569999999999992 0.053659000000000012 0.13330299999999998 0.053336000000000015 0.002153 0.0022760000000000002 0.0021710000000000002 0.00059500000000000004 0.00063599999999999996 0.00057899999999999998 44.304515279002374 44.304515279002374 44.304515279002374 0.01544799842474086 0.01544799842474086 0.01544799842474086 1 1 1 Converged Converged Converged OK OK OK 45 45 45 45 45 45 3 3 3 0 0 0 0 1 0 0 1
174 174 uniform 3 0 1658 0 0.0001 1 0.00027633670874986242 0.00043949078881678051 0.00055783421000406568 0.02292079187972676 0.0004699360522407096 0 -0.00019367568437166213 44.43854758479582 OK 13 12 0.60660400000000003 0.60819500000000004 0.13151399999999999 0.474443 0.475856 0 0.13216100000000003 0.13233900000000004 0.13151399999999999 0.010187999999999999 0.010066 0.0097680000000000006 0.094751000000000002 0.094884000000000024 0.094679999999999973 0.003797 0.0038270000000000005 0.0037979999999999997 0.00088900000000000003 0.00084199999999999998 0.00084699999999999999 44.438547303652662 44.438547303652662 44.438547303652662 0.00017748678853124575 0.00017748678853124575 0.00017748678853124575 1 1 1 Converged Converged Converged OK OK OK 77 77 77 77 77 77 3 3 3 0 0 0 0 0 1 0 0
174 174 uniform 3 7 1658 1 0.0001 1 0.00027633670874986242 0.00043949078881678051 0.00055783421000406568 0.02292079187972676 0.00052343927870536109 0 -0.00024717891083631362 44.391211769297094 OK 13 12 0.78137100000000004 0.74119199999999996 0.12849099999999999 0.654003 0.46239000000000002 0 0.12736800000000004 0.27880199999999994 0.12849099999999999 0.0094479999999999998 0.0093170000000000006 0.0088190000000000004 0.094135999999999984 0.24553499999999998 0.096573000000000006 0.0038250000000000003 0.003973 0.0037399999999999998 0.00076899999999999994 0.00087300000000000008 0.00081399999999999994 44.391211489591086 44.391211489591086 44.391211489591086 0.00016915743448499648 0.00016915743448499648 0.00016915743448499648 1 1 1 Converged Converged Converged OK OK OK 77 77 77 77 77 77 3 3 3 0 0 0 0 1 0 0 1
174 174 uniform 3 15 1658 2 0.0001 1 0.00027633670874986242 0.00043949078881678051 0.00055783421000406568 0.02292079187972676 0.00058458582323639148 0 -0.00030832545536734401 44.3447949868726 OK 13 12 0.64314899999999997 0.59119299999999997 0.120341 0.52091100000000001 0.31974799999999998 0 0.12223799999999996 0.27144499999999999 0.120341 0.0092169999999999995 0.0094549999999999999 0.0088990000000000007 0.089173000000000002 0.23785599999999996 0.088492000000000043 0.0038300000000000005 0.0038830000000000002 0.003728 0.000892 0.00086600000000000023 0.00085100000000000009 44.344794709160027 44.344794709160027 44.344794709160027 0.00017168053492448769 0.00017168053492448769 0.00017168053492448769 1 1 1 Converged Converged Converged OK OK OK 77 77 77 77 77 77 3 3 3 0 0 0 0 1 0 0 1
174 174 uniform 3 23 1658 3 0.0001 1 0.00027633670874986242 0.00043949078881678051 0.00055783421000406568 0.02292079187972676 0.00064573236776742176 0 -0.00036947199989837429 44.3045155548309 OK 13 12 0.74588299999999996 0.69751099999999999 0.120979 0.61824699999999999 0.423987 0 0.12763599999999997 0.27352399999999999 0.120979 0.0093799999999999994 0.0093120000000000008 0.0088780000000000005 0.093967999999999996 0.24019199999999999 0.089113000000000012 0.0039940000000000002 0.0038779999999999999 0.0037669999999999999 0.00084800000000000001 0.00084499999999999994 0.00080100000000000006 44.304515278573881 44.304515278573881 44.304515278573881 0.00017200464810406926 0.00017200464810406926 0.00017200464810406926 1 1 1 Converged Converged Converged OK OK OK 77 77 77 77 77 77 3 3 3 0 0 0 0 1 0 0 1
174 174 uniform 4 0 1659 0 0.001 1 0.00027633670874986242 0.00043949078881678051 -0.0013946522440720247 -0.021839039601492732 -0.0014825504018353807 0 0.0017588107697044282 46.003345189951077 OK 13 12 0.42835499999999999 0.42793900000000001 0.077887999999999999 0.349881 0.34945300000000001 0 0.078473999999999988 0.078486 0.077887999999999999 0.0099179999999999997 0.0099550000000000003 0.0097129999999999994 0.052403999999999999 0.052597000000000005 0.052483999999999989 0.002215 0.0022109999999999999 0.0021909999999999998 0.00059200000000000008 0.00058100000000000003 0.00054699999999999996 46.003344907223713 46.003344907223713 46.003344907223713 0.016089060312949818 0.016089060312949818 0.016089060312949818 1 1 1 Converged Converged Converged OK OK OK 45 45 45 45 45 45 3 3 3 0 0 0 0 0 1 0 0
174 174 uniform 4 7 1659 1 0.001 1 0.00027633670874986242 0.00043949078881678051 -0.0013946522440720247 -0.021839039601492732 -0.0014290471753707291 0 0.0017053075432397766 46.021230276082207 OK 13 12 0.430589 0.364927 0.073038000000000006 0.355736 0.214506 0 0.074853000000000003 0.150421 0.073038000000000006 0.0094079999999999997 0.0094149999999999998 0.0089309999999999997 0.051259999999999993 0.12706200000000001 0.050649 0.002222 0.002261 0.0021879999999999998 0.000611 0.00056499999999999996 0.00053200000000000003 46.021229994624868 46.021229994624868 46.021229994624868 0.016094902642083443 0.016094902642083443 0.016094902642083443 1 1 1 Converged Converged Converged OK OK OK 45 45 45 45 45 45 3 3 3 0 0 0 0 1 0 0 1
174 174 uniform 4 15 1659 2 0.001 1 0.00027633670874986242 0.00043949078881678051 -0.0013946522440720247 -0.021839039601492732 -0.0013679006308396989 0 0.0016441609987087463 46.041856754324947 OK 13 12 0.52027000000000001 0.460565 0.074630000000000002 0.44391399999999998 0.30047099999999999 0 0.076356000000000035 0.16009400000000001 0.074630000000000002 0.009384 0.0093259999999999992 0.0087980000000000003 0.052611000000000005 0.13663300000000003 0.052427999999999995 0.002271 0.002248 0.002124 0.00059199999999999997 0.00058699999999999996 0.00053200000000000003 46.041856472724291 46.041856472724291 46.041856472724291 0.016101593400791439 0.016101593400791439 0.016101593400791439 1 1 1 Converged Converged Converged OK OK OK 45 45 45 45 45 45 3 3 3 0 0 0 0 1 0 0 1
174 174 uniform 4 23 1659 3 0.001 1 0.00027633670874986242 0.00043949078881678051 -0.0013946522440720247 -0.021839039601492732 -0.0013067540863086686 0 0.001583014454177716 46.062732625357548 OK 13 12 0.52867399999999998 0.46008599999999999 0.076848 0.450544 0.30086000000000002 0 0.078129999999999977 0.15922599999999998 0.076848 0.0093959999999999998 0.0094289999999999999 0.0088299999999999993 0.054780999999999996 0.13574499999999998 0.054426000000000002 0.0022050000000000004 0.0022690000000000002 0.0021940000000000002 0.00053700000000000004 0.000562 0.00055000000000000003 46.062732342175217 46.062732342175217 46.062732342175217 0.016108310163058814 0.016108310163058814 0.016108310163058814 1 1 1 Converged Converged Converged OK OK OK 45 45 45 45 45 45 3 3 3 0 0 0 0 1 0 0 1
174 174 uniform 4 0 1659 0 0.0001 1 0.00027633670874986242 0.00043949078881678051 -0.0013946522440720247 -0.021839039601492732 -0.0014825504018353807 0 0.0017588107697044282 46.003345189951077 OK 13 12 0.47180100000000003 0.47210200000000002 0.123423 0.346692 0.34452199999999999 0 0.12510900000000003 0.12758000000000003 0.123423 0.010159 0.010083999999999999 0.0095790000000000007 0.087160000000000015 0.090011999999999981 0.086727999999999972 0.003849 0.0038850000000000004 0.003787 0.00086600000000000002 0.00082799999999999996 0.00081999999999999998 46.003344906725033 46.003344906725033 46.003344906725033 0.00012512723145273097 0.00012512723145273097 0.00012512723145273097 1 1 1 Converged Converged Converged OK OK OK 77 77 77 77 77 77 3 3 3 0 0 0 0 0 1 0 0
174 174 uniform 4 7 1659 1 0.0001 1 0.00027633670874986242 0.00043949078881678051 -0.0013946522440720247 -0.021839039601492732 -0.0014290471753707291 0 0.0017053075432397766 46.021230276082207 OK 13 12 0.47616599999999998 0.48643999999999998 0.116215 0.35482000000000002 0.21318000000000001 0 0.12134599999999995 0.27325999999999995 0.116215 0.0094120000000000002 0.0094699999999999993 0.0088999999999999999 0.087997000000000006 0.239621 0.084064999999999987 0.0039160000000000002 0.0038740000000000003 0.0037980000000000002 0.00079000000000000012 0.00079100000000000014 0.0007670000000000001 46.021229994124155 46.021229994124155 46.021229994124155 0.00012763020374194134 0.00012763020374194134 0.00012763020374194134 1 1 1 Converged Converged Converged OK OK OK 77 77 77 77 77 77 3 3 3 0 0 0 0 1 0 0 1
174 174 uniform 4 15 1659 2 0.0001 1 0.00027633670874986242 0.00043949078881678051 -0.0013946522440720247 -0.021839039601492732 -0.0013679006308396989 0 0.0016441609987087463 46.041856754324947 OK 13 12 0.56810799999999995 0.57699500000000004 0.118835 0.447828 0.29780699999999999 0 0.12027999999999994 0.27918800000000005 0.118835 0.0093489999999999997 0.0094070000000000004 0.0088299999999999993 0.087251000000000009 0.24138899999999996 0.086820999999999968 0.0037819999999999998 0.0038750000000000004 0.0037359999999999997 0.00078199999999999993 0.00082700000000000004 0.0007580000000000001 46.041856472203719 46.041856472203719 46.041856472203719 0.00013062038791733925 0.00013062038791733925 0.00013062038791733925 1 1 1 Converged Converged Converged OK OK OK 77 77 77 77 77 77 3 3 3 0 0 0 0 1 0 0 1
174 174 uniform 4 23 1659 3 0.0001 1 0.00027633670874986242 0.00043949078881678051 -0.0013946522440720247 -0.021839039601492732 -0.0013067540863086686 0 0.001583014454177716 46.062732625357548 OK 13 12 0.57919100000000001 0.57519699999999996 0.11959599999999999 0.45261299999999999 0.30213699999999999 0 0.12657800000000002 0.27305999999999997 0.11959599999999999 0.0092599999999999991 0.0094190000000000003 0.0088509999999999995 0.09355200000000001 0.23936699999999997 0.087461999999999984 0.003803 0.0040099999999999997 0.0037689999999999998 0.00080599999999999997 0.00078299999999999995 0.00077000000000000007 46.06273234166693 46.06273234166693 46.06273234166693 0.0001337603944801022 0.0001337603944801022 0.0001337603944801022 1 1 1 Converged Converged Converged OK OK OK 77 77 77 77 77 77 3 3 3 0 0 0 0 1 0 0 1
175 175 linear 3 0 1660 0 0.001 1 0.070274676271371753 0.00074659650004260344 0.22087721869399274 0.24084743881685935 0.22072789939398421 0.5 -0.1550674873246311 28.643169131477368 OK 15 14 0.42952200000000001 0.42298999999999998 0.169794 0.25473899999999999 0.25217299999999998 0 0.17478300000000002 0.170817 0.169794 0.014482999999999999 0.014364999999999999 0.013938000000000001 0.12288400000000003 0.11941999999999996 0.11871099999999998 0.0053319999999999999 0.0053500000000000006 0.0051630000000000001 0.0010710000000000001 0.0010549999999999999 0.0010390000000000002 28.643102914002277 28.643102914002277 28.643102914002277 0.015929466606893206 0.015929466606893206 0.015929466606893206 1 1 1 Converged Converged Converged OK OK OK 99 99 99 99 99 99 5 5 5 0 0 0 0 0 1 0 0
175 175 linear 3 7 1660 1 0.001 1 0.070274676271371753 0.00074659650004260344 0.22087721869399274 0.24084743881685935 0.22081878940268507 0.5 -0.15515837733333199 29.145574194742416 OK 15 14 0.43512899999999999 0.577928 0.162547 0.26777299999999998 0.18071100000000001 0 0.167356 0.39721699999999999 0.162547 0.013469 0.013535 0.012833000000000001 0.12316499999999998 0.35210699999999984 0.119474 0.0053569999999999989 0.0055740000000000008 0.0051690000000000009 0.0010950000000000001 0.001178 0.001077 29.145507952128948 29.145507952128948 29.145507952128948 0.015921520826609845 0.015921520826609845 0.015921520826609845 1 1 1 Converged Converged Converged OK OK OK 99 99 99 99 99 99 5 5 5 0 0 0 0 1 0 0 1
175 175 linear 3 15 1660 2 0.001 1 0.070274676271371753 0.00074659650004260344 0.22087721869399274 0.24084743881685935 0.22092266369834315 0.5 -0.15526225162899004 29.774069966719892 OK 15 14 0.417244 0.52852399999999999 0.15404499999999999 0.25823400000000002 0.16977200000000001 0 0.15900999999999998 0.35875199999999996 0.15404499999999999 0.013358 0.013657000000000001 0.012865 0.11512799999999999 0.31394700000000003 0.11120900000000002 0.0053890000000000006 0.0053600000000000002 0.0051939999999999998 0.00106 0.0010930000000000002 0.001039 29.774003689961731 29.774003689961731 29.774003689961731 0.015912509090822414 0.015912509090822414 0.015912509090822414 1 1 1 Converged Converged Converged OK OK OK 99 99 99 99 99 99 5 5 5 0 0 0 0 1 0 0 1
175 175 linear 3 23 1660 3 0.001 1 0.070274676271371753 0.00074659650004260344 0.22087721869399274 0.24084743881685935 0.22102653799400127 0.5 -0.15536612592464816 30.472804201944111 OK 15 14 0.45560400000000001 0.55913500000000005 0.16305 0.28376200000000001 0.20061499999999999 0 0.17184199999999999 0.35852000000000006 0.16305 0.013479 0.013663 0.012782999999999999 0.12752600000000003 0.31369499999999989 0.12024999999999995 0.0053960000000000006 0.0054000000000000003 0.0051270000000000005 0.001062 0.0010659999999999999 0.0010480000000000001 30.472737053827327 30.472737053827327 30.472737053827327 0.015903600899659573 0.015903600899659573 0.015903600899659573 1 1 1 Converged Converged Converged OK OK OK 99 99 99 99 99 99 5 5 5 0 0 0 0 1 0 0 1
175 175 linear 3 0 1660 0 0.0001 1 0.070274676271371753 0.00074659650004260344 0.22087721869399274 0.24084743881685935 0.22072789939398421 0.5 -0.1550674873246311 28.643169131477368 OK 15 14 0.49000899999999997 0.48455300000000001 0.23093900000000001 0.25356200000000001 0.25395099999999998 0 0.23644699999999996 0.23060200000000003 0.23093900000000001 0.014279999999999999 0.014159 0.013934 0.16747500000000001 0.16228800000000004 0.16238900000000006 0.0074339999999999996 0.0074460000000000004 0.0075569999999999995 0.0014650000000000002 0.001464 0.001428 28.643150991118109 28.643150991118109 28.643150991118109 9.9649986601023854e-05 9.9649986601023854e-05 9.9649986601023854e-05 1 1 1 Converged Converged Converged OK OK OK 139 139 139 139 139 139 5 5 5 0 0 0 0 0 1 0 0
175 175 linear 3 7 1660 1 0.0001 1 0.070274676271371753 0.00074659650004260344 0.22087721869399274 0.24084743881685935 0.22081878940268507 0.5 -0.15515837733333199 29.145574194742416 OK 15 14 0.495029 0.72481899999999999 0.21806400000000001 0.27103899999999997 0.17973600000000001 0 0.22399000000000002 0.54508299999999998 0.21806400000000001 0.013537 0.013561999999999999 0.012968 0.16750399999999999 0.487431 0.16242799999999996 0.0072969999999999997 0.0076380000000000007 0.0074229999999999999 0.0014840000000000001 0.0014609999999999998 0.0014660000000000001 29.145556005263654 29.145556005263654 29.145556005263654 9.991497667427606e-05 9.991497667427606e-05 9.991497667427606e-05 1 1 1 Converged Converged Converged OK OK OK 139 139 139 139 139 139 5 5 5 0 0 0 0 1 0 0 1
175 175 linear 3 15 1660 2 0.0001 1 0.070274676271371753 0.00074659650004260344 0.22087721869399274 0.24084743881685935 0.22092266369834315 0.5 -0.15526225162899004 29.774069966719892 OK 15 14 0.477881 0.66838699999999995 0.20747099999999999 0.26413799999999998 0.17202300000000001 0 0.21374300000000002 0.49636399999999992 0.20747099999999999 0.013547 0.013806000000000001 0.012851 0.15710199999999996 0.43823500000000004 0.15224400000000005 0.0074770000000000001 0.0080099999999999998 0.0074799999999999988 0.0014089999999999999 0.0014419999999999999 0.0014190000000000001 29.774051715707195 29.774051715707195 29.774051715707195 0.00010029135078954144 0.00010029135078954144 0.00010029135078954144 1 1 1 Converged Converged Converged OK OK OK 139 139 139 139 139 139 5 5 5 0 0 0 0 1 0 0 1
175 175 linear 3 23 1660 3 0.0001 1 0.070274676271371753 0.00074659650004260344 0.22087721869399274 0.24084743881685935 0.22102653799400127 0.5 -0.15536612592464816 30.472804201944111 OK 15 14 0.50986600000000004 0.69640899999999994 0.21626600000000001 0.28696700000000003 0.19597899999999999 0 0.22289900000000001 0.50042999999999993 0.21626600000000001 0.01359 0.016532999999999999 0.012725 0.16657399999999994 0.4400550000000002 0.161385 0.0072259999999999998 0.0075649999999999997 0.0073010000000000011 0.0014450000000000001 0.0014419999999999999 0.0014099999999999998 30.472785052202426 30.472785052202426 30.472785052202426 0.00010077579614285381 0.00010077579614285381 0.00010077579614285381 1 1 1 Converged Converged Converged OK OK OK 139 139 139 139 139 139 5 5 5 0 0 0 0 1 0 0 1
175 175 linear 4 0 1661 0 0.001 1 0.070274676271371753 0.00074659650004260344 0.22273904594458424 -0.24303184055528188 0.22258972664457571 0.5 -0.15692931457522263 25.471360306564662 OK 15 14 0.44036399999999998 0.43726300000000001 0.16636100000000001 0.26616699999999999 0.26944400000000002 0 0.17419699999999999 0.167819 0.16636100000000001 0.014347 0.014467000000000001 0.013939 0.11734399999999999 0.11539099999999997 0.115216 0.0054329999999999995 0.0053800000000000002 0.0052520000000000006 0.005744 0.0011280000000000001 0.001067 25.471297612586842 25.471297612586842 25.471297612586842 0.01975651558986443 0.01975651558986443 0.01975651558986443 1 1 1 Converged Converged Converged OK OK OK 99 99 99 99 99 99 5 5 5 0 0 0 0 0 1 0 0
175 175 linear 4 7 1661 1 0.001 1 0.070274676271371753 0.00074659650004260344 0.22273904594458424 -0.24303184055528188 0.22268061665327657 0.5 -0.15702020458392346 25.556019019143864 OK 15 14 0.44158700000000001 0.54880899999999999 0.15281500000000001 0.28499600000000003 0.195768 0 0.15659099999999998 0.35304099999999999 0.15281500000000001 0.013486 0.013518000000000001 0.012923 0.11252899999999996 0.30815399999999993 0.109693 0.0052359999999999993 0.005651999999999999 0.0053489999999999996 0.001044 0.001044 0.001026 25.555956387156577 25.555956387156577 25.555956387156577 0.019663451484064332 0.019663451484064332 0.019663451484064332 1 1 1 Converged Converged Converged OK OK OK 99 99 99 99 99 99 5 5 5 0 0 0 0 1 0 0 1
175 175 linear 4 15 1661 2 0.001 1 0.070274676271371753 0.00074659650004260344 0.22273904594458424 -0.24303184055528188 0.22278449094893465 0.5 -0.15712407887958157 25.657493911804217 OK 15 14 0.45759699999999998 0.56239700000000004 0.16179499999999999 0.292103 0.20372599999999999 0 0.16549399999999997 0.35867100000000007 0.16179499999999999 0.013339 0.013276 0.012709 0.121651 0.31404699999999991 0.11892899999999999 0.0052139999999999999 0.0054270000000000004 0.0053260000000000009 0.0010629999999999999 0.0010939999999999999 0.0010269999999999999 25.657431329856511 25.657431329856511 25.657431329856511 0.019559297008371338 0.019559297008371338 0.019559297008371338 1 1 1 Converged Converged Converged OK OK OK 99 99 99 99 99 99 5 5 5 0 0 0 0 1 0 0 1
175 175 linear 4 23 1661 3 0.001 1 0.070274676271371753 0.00074659650004260344 0.22273904594458424 -0.24303184055528188 0.22288836524459277 0.5 -0.15722795317523969 25.764217075442513 OK 15 14 0.43012099999999998 0.53294699999999995 0.16756699999999999 0.26148399999999999 0.17952399999999999 0 0.16863699999999998 0.35342299999999993 0.16756699999999999 0.013488 0.013483 0.012744999999999999 0.12420999999999993 0.30862000000000001 0.12490799999999992 0.0054660000000000004 0.0054860000000000004 0.0050589999999999993 0.0011100000000000001 0.001139 0.0010709999999999999 25.764154517679213 25.764154517679213 25.764154517679213 0.019457417945345706 0.019457417945345706 0.019457417945345706 1 1 1 Converged Converged Converged OK OK OK 99 99 99 99 99 99 5 5 5 0 0 0 0 1 0 0 1
175 175 linear 4 0 1661 0 0.0001 1 0.070274676271371753 0.00074659650004260344 0.22273904594458424 -0.24303184055528188 0.22258972664457571 0.5 -0.15692931457522263 25.471360306564662 OK 15 14 0.50031400000000004 0.50166900000000003 0.226771 0.26656200000000002 0.27480900000000003 0 0.23375200000000002 0.22686000000000001 0.226771 0.017670999999999999 0.01453 0.014090999999999999 0.161273 0.15727099999999994 0.15736900000000006 0.0075780000000000005 0.0078230000000000001 0.0077009999999999995 0.001451 0.001469 0.0014729999999999999 25.471344992547397 25.471344992547397 25.471344992547397 9.6858600368961807e-05 9.6858600368961807e-05 9.6858600368961807e-05 1 1 1 Converged Converged Converged OK OK OK 139 139 139 139 139 139 5 5 5 0 0 0 0 0 1 0 0
175 175 linear 4 7 1661 1 0.0001 1 0.070274676271371753 0.00074659650004260344 0.22273904594458424 -0.24303184055528188 0.22268061665327657 0.5 -0.15702020458392346 25.556019019143864 OK 15 14 0.49777900000000003 0.70255900000000004 0.20802100000000001 0.284912 0.19870099999999999 0 0.21286700000000003 0.50385800000000003 0.20802100000000001 0.013517 0.013565000000000001 0.012848 0.15601400000000001 0.44606299999999982 0.15243800000000002 0.0075820000000000011 0.0078689999999999993 0.007698 0.0014370000000000001 0.001428 0.0014089999999999999 25.556003745515294 25.556003745515294 25.556003745515294 9.6843706494491267e-05 9.6843706494491267e-05 9.6843706494491267e-05 1 1 1 Converged Converged Converged OK OK OK 139 139 139 139 139 139 5 5 5 0 0 0 0 1 0 0 1
175 175 linear 4 15 1661 2 0.0001 1 0.070274676271371753 0.00074659650004260344 0.22273904594458424 -0.24303184055528188 0.22278449094893465 0.5 -0.15712407887958157 25.657493911804217 OK 15 14 0.52022800000000002 0.72303200000000001 0.217804 0.29636000000000001 0.204734 0 0.22386800000000001 0.51829800000000004 0.217804 0.013599 0.013571 0.012808 0.16676499999999994 0.46062899999999996 0.16234200000000007 0.0077759999999999999 0.0079080000000000001 0.0075950000000000002 0.0014819999999999998 0.0014210000000000004 0.0014519999999999997 25.657478663485456 25.657478663485456 25.657478663485456 9.6829188468016507e-05 9.6829188468016507e-05 9.6829188468016507e-05 1 1 1 Converged Converged Converged OK OK OK 139 139 139 139 139 139 5 5 5 0 0 0 0 1 0 0 1
175 175 linear 4 23 1661 3 0.0001 1 0.070274676271371753 0.00074659650004260344 0.22273904594458424 -0.24303184055528188 0.22288836524459277 0.5 -0.15722795317523969 25.764217075442513 OK 15 14 0.48769499999999999 0.68349800000000005 0.219774 0.26153700000000002 0.17466000000000001 0 0.22615799999999997 0.50883800000000001 0.219774 0.013683000000000001 0.013618 0.012884 0.16877899999999996 0.45129599999999981 0.16434999999999994 0.0077129999999999994 0.0077539999999999996 0.0075199999999999998 0.0015070000000000001 0.0015020000000000001 0.0014629999999999999 25.764201826535498 25.764201826535498 25.764201826535498 9.6817514917579798e-05 9.6817514917579798e-05 9.6817514917579798e-05 1 1 1 Converged Converged Converged OK OK OK 139 139 139 139 139 139 5 5 5 0 0 0 0 1 0 0 1
175 175 uniform 3 0 1662 0 0.001 1 0.070274676271371753 0.00074659650004260344 0.22087721869399274 0.24084743881685935 0.22072789939398421 0 -0.1550674873246311 28.752379418142738 OK 15 14 0.36227700000000002 0.36141699999999999 0.105321 0.25614900000000002 0.255083 0 0.106128 0.10633399999999998 0.105321 0.014120000000000001 0.014348 0.013839000000000001 0.067387000000000002 0.067795000000000008 0.067303999999999989 0.0031770000000000006 0.0032570000000000003 0.0031939999999999998 0.00083900000000000001 0.00077200000000000001 0.00081399999999999994 28.752368915950658 28.752368915950658 28.752368915950658 0.024486058800384916 0.024486058800384916 0.024486058800384916 1 1 1 Converged Converged Converged OK OK OK 67 67 67 67 67 67 5 5 5 0 0 0 0 0 1 0 0
175 175 uniform 3 7 1662 1 0.001 1 0.070274676271371753 0.00074659650004260344 0.22087721869399274 0.24084743881685935 0.22081878940268507 0 -0.15515837733333199 29.268528848777169 OK 15 14 0.37103399999999997 0.43754199999999999 0.103614 0.26534200000000002 0.183562 0 0.10569199999999995 0.25397999999999998 0.103614 0.013658 0.013461000000000001 0.012866000000000001 0.071785999999999975 0.21997500000000003 0.071049999999999974 0.0031949999999999999 0.0033110000000000001 0.0031539999999999997 0.00073900000000000007 0.00078200000000000014 0.00073200000000000001 29.268518293631011 29.268518293631011 29.268518293631011 0.025636011934218449 0.025636011934218449 0.025636011934218449 1 1 1 Converged Converged Converged OK OK OK 67 67 67 67 67 67 5 5 5 0 0 0 0 1 0 0 1
175 175 uniform 3 15 1662 2 0.001 1 0.070274676271371753 0.00074659650004260344 0.22087721869399274 0.24084743881685935 0.22092266369834315 0 -0.15526225162899004 29.9164054714212 OK 15 14 0.35777999999999999 0.39859699999999998 0.095357999999999998 0.25766899999999998 0.17424100000000001 0 0.10011100000000001 0.22435599999999997 0.095357999999999998 0.013421000000000001 0.01345 0.012902 0.063354999999999995 0.19037400000000004 0.062802000000000011 0.00316 0.0033079999999999997 0.0031400000000000004 0.00075000000000000002 0.00074899999999999999 0.00072400000000000003 29.916394892739287 29.916394892739287 29.916394892739287 0.027192090185698806 0.027192090185698806 0.027192090185698806 1 1 1 Converged Converged Converged OK OK OK 67 67 67 67 67 67 5 5 5 0 0 0 0 1 0 0 1
175 175 uniform 3 23 1662 3 0.001 1 0.070274676271371753 0.00074659650004260344 0.22087721869399274 0.24084743881685935 0.22102653799400127 0 -0.15536612592464816 30.639937931038283 OK 15 14 0.39156200000000002 0.42988700000000002 0.10309400000000001 0.28689199999999998 0.201096 0 0.10467000000000004 0.22879100000000002 0.10309400000000001 0.013403 0.013538 0.012751 0.070927999999999991 0.19464100000000006 0.070635000000000003 0.0032569999999999999 0.0033069999999999996 0.0032160000000000005 0.00073899999999999997 0.00075499999999999992 0.00073700000000000013 30.639927222838587 30.639927222838587 30.639927222838587 0.029093862861605198 0.029093862861605198 0.029093862861605198 1 1 1 Converged Converged Converged OK OK OK 67 67 67 67 67 67 5 5 5 0 0 0 0 1 0 0 1
175 175 uniform 3 0 1662 0 0.0001 1 0.070274676271371753 0.00074659650004260344 0.22087721869399274 0.24084743881685935 0.22072789939398421 0 -0.1550674873246311 28.752379418142738 OK 15 14 0.41391 0.41243999999999997 0.15728900000000001 0.25489800000000001 0.25362000000000001 0 0.15901199999999999 0.15881999999999996 0.15728900000000001 0.014168 0.014330000000000001 0.013779 0.10413799999999999 0.10370699999999999 0.10355400000000002 0.0053759999999999997 0.0054819999999999999 0.0052440000000000004 0.0011800000000000001 0.0011850000000000001 0.001157 28.752378924019258 28.752378924019258 28.752378924019258 0.0016063458273412479 0.0016063458273412479 0.0016063458273412479 1 1 1 Converged Converged Converged OK OK OK 107 107 107 107 107 107 5 5 5 0 0 0 0 0 1 0 0
175 175 uniform 3 7 1662 1 0.0001 1 0.070274676271371753 0.00074659650004260344 0.22087721869399274 0.24084743881685935 0.22081878940268507 0 -0.15515837733333199 29.268528848777169 OK 15 14 0.41558899999999999 0.57759700000000003 0.14871400000000001 0.26541399999999998 0.18096300000000001 0 0.150175 0.39663400000000004 0.14871400000000001 0.013426 0.013597 0.012914 0.10439200000000001 0.34911900000000007 0.10385700000000002 0.005275000000000001 0.005607 0.0052570000000000004 0.001178 0.0011769999999999999 0.0011359999999999999 29.268528294061348 29.268528294061348 29.268528294061348 0.0016055536394206189 0.0016055536394206189 0.0016055536394206189 1 1 1 Converged Converged Converged OK OK OK 107 107 107 107 107 107 5 5 5 0 0 0 0 1 0 0 1
175 175 uniform 3 15 1662 2 0.0001 1 0.070274676271371753 0.00074659650004260344 0.22087721869399274 0.24084743881685935 0.22092266369834315 0 -0.15526225162899004 29.9164054714212 OK 15 14 0.40194200000000002 0.52319199999999999 0.14045099999999999 0.25842799999999999 0.17337 0 0.14351400000000003 0.34982199999999997 0.14045099999999999 0.013625 0.013584000000000001 0.012881 0.096581000000000042 0.30303699999999995 0.095759999999999984 0.0055760000000000002 0.0054850000000000003 0.0052399999999999999 0.0012639999999999999 0.0011549999999999998 0.0011780000000000002 29.916404883558698 29.916404883558698 29.916404883558698 0.0016046501844291388 0.0016046501844291388 0.0016046501844291388 1 1 1 Converged Converged Converged OK OK OK 107 107 107 107 107 107 5 5 5 0 0 0 0 1 0 0 1
175 175 uniform 3 23 1662 3 0.0001 1 0.070274676271371753 0.00074659650004260344 0.22087721869399274 0.24084743881685935 0.22102653799400127 0 -0.15536612592464816 30.639937931038283 OK 15 14 0.440058 0.550099 0.149812 0.28468599999999999 0.199846 0 0.15537200000000001 0.35025300000000004 0.149812 0.013649 0.013661 0.012906000000000001 0.10841399999999998 0.30302500000000004 0.10493400000000001 0.0056210000000000001 0.0054800000000000005 0.0054329999999999995 0.0012099999999999999 0.0011529999999999999 0.0011559999999999999 30.63993720276968 30.63993720276968 30.63993720276968 0.0016037511301591179 0.0016037511301591179 0.0016037511301591179 1 1 1 Converged Converged Converged OK OK OK 107 107 107 107 107 107 5 5 5 0 0 0 0 1 0 0 1
175 175 uniform 4 0 1663 0 0.001 1 0.070274676271371753 0.00074659650004260344 0.22273904594458424 -0.24303184055528188 0.22258972664457571 0 -0.15692931457522263 25.515489623551908 OK 15 14 0.37585800000000003 0.37405899999999997 0.107849 0.26707999999999998 0.26545800000000003 0 0.10877800000000004 0.10860099999999995 0.107849 0.013942 0.014289 0.013703 0.070198000000000024 0.070095999999999992 0.069907999999999998 0.0032189999999999992 0.003222 0.003225 0.000776 0.000785 0.00075799999999999999 25.515479543943346 25.515479543943346 25.515479543943346 0.021299134500198557 0.021299134500198557 0.021299134500198557 1 1 1 Converged Converged Converged OK OK OK 67 67 67 67 67 67 5 5 5 0 0 0 0 0 1 0 0
175 175 uniform 4 7 1663 1 0.001 1 0.070274676271371753 0.00074659650004260344 0.22273904594458424 -0.24303184055528188 0.22268061665327657 0 -0.15702020458392346 25.600033265700556 OK 15 14 0.38147500000000001 0.42131600000000002 0.096014000000000002 0.28447299999999998 0.19674 0 0.097002000000000033 0.22457600000000003 0.096014000000000002 0.013237000000000001 0.0172 0.012829 0.063549000000000008 0.18686299999999995 0.063377000000000003 0.0032079999999999999 0.0033180000000000002 0.0031519999999999999 0.00075599999999999994 0.00074200000000000004 0.00074899999999999999 25.600023191183112 25.600023191183112 25.600023191183112 0.021296378048049937 0.021296378048049937 0.021296378048049937 1 1 1 Converged Converged Converged OK OK OK 67 67 67 67 67 67 5 5 5 0 0 0 0 1 0 0 1
175 175 uniform 4 15 1663 2 0.001 1 0.070274676271371753 0.00074659650004260344 0.22273904594458424 -0.24303184055528188 0.22278449094893465 0 -0.15712407887958157 25.701442509684668 OK 15 14 0.39988499999999999 0.43869399999999997 0.10459400000000001 0.29365400000000003 0.20571800000000001 0 0.10623099999999996 0.23297599999999996 0.10459400000000001 0.013431999999999999 0.013493 0.012786 0.072503999999999985 0.19885700000000001 0.072034999999999988 0.0032209999999999999 0.0033430000000000001 0.0031679999999999998 0.00077799999999999994 0.00076499999999999995 0.00073500000000000008 25.701432440823623 25.701432440823623 25.701432440823623 0.021297747505523015 0.021297747505523015 0.021297747505523015 1 1 1 Converged Converged Converged OK OK OK 67 67 67 67 67 67 5 5 5 0 0 0 0 1 0 0 1
175 175 uniform 4 23 1663 3 0.001 1 0.070274676271371753 0.00074659650004260344 0.22273904594458424 -0.24303184055528188 0.22288836524459277 0 -0.15722795317523969 25.808173525793045 OK 15 14 0.36941499999999999 0.42177999999999999 0.10821500000000001 0.259718 0.178151 0 0.10969699999999999 0.24362899999999998 0.10821500000000001 0.013488 0.013419 0.012792 0.075895000000000004 0.20962999999999998 0.075493999999999978 0.0031750000000000003 0.0032539999999999999 0.0032170000000000002 0.00076400000000000003 0.00077300000000000003 0.00076199999999999998 25.808163463012097 25.808163463012097 25.808163463012097 0.021304050927160732 0.021304050927160732 0.021304050927160732 1 1 1 Converged Converged Converged OK OK OK 67 67 67 67 67 67 5 5 5 0 0 0 0 1 0 0 1
175 175 uniform 4 0 1663 0 0.0001 1 0.070274676271371753 0.00074659650004260344 0.22273904594458424 -0.24303184055528188 0.22258972664457571 0 -0.15692931457522263 25.515489623551908 OK 15 14 0.44267499999999999 0.44725100000000001 0.17413100000000001 0.267793 0.27153699999999997 0 0.17488199999999998 0.17571400000000004 0.17413100000000001 0.01421 0.01427 0.013775000000000001 0.11375199999999992 0.11425500000000001 0.11366400000000002 0.0062009999999999999 0.0061720000000000004 0.0060650000000000001 0.001289 0.0013240000000000001 0.0013010000000000001 25.515489429131847 25.515489429131847 25.515489429131847 0.00077565756243452204 0.00077565756243452204 0.00077565756243452204 1 1 1 Converged Converged Converged OK OK OK 123 123 123 123 123 123 5 5 5 0 0 0 0 0 1 0 0
175 175 uniform 4 7 1663 1 0.0001 1 0.070274676271371753 0.00074659650004260344 0.22273904594458424 -0.24303184055528188 0.22268061665327657 0 -0.15702020458392346 25.600033265700556 OK 15 14 0.449243 0.61009400000000003 0.15994800000000001 0.28788999999999998 0.197797 0 0.16135300000000002 0.41229700000000002 0.15994800000000001 0.013475000000000001 0.013545 0.012779 0.11049099999999999 0.36093200000000014 0.11002200000000001 0.0061580000000000003 0.006195 0.0060599999999999994 0.001279 0.0013040000000000003 0.0012729999999999998 25.600033071288447 25.600033071288447 25.600033071288447 0.00077556691992480126 0.00077556691992480126 0.00077556691992480126 1 1 1 Converged Converged Converged OK OK OK 123 123 123 123 123 123 5 5 5 0 0 0 0 1 0 0 1
175 175 uniform 4 15 1663 2 0.0001 1 0.070274676271371753 0.00074659650004260344 0.22273904594458424 -0.24303184055528188 0.22278449094893465 0 -0.15712407887958157 25.701442509684668 OK 15 14 0.46419100000000002 0.62662300000000004 0.16941700000000001 0.29325400000000001 0.206596 0 0.17093700000000001 0.42002700000000004 0.16941700000000001 0.013585 0.013561 0.012779 0.119925 0.36793899999999996 0.11951800000000001 0.0062059999999999997 0.0062490000000000011 0.0061710000000000003 0.0012819999999999999 0.0013080000000000001 0.0012699999999999999 25.701442315097889 25.701442315097889 25.701442315097889 0.00077546349417356958 0.00077546349417356958 0.00077546349417356958 1 1 1 Converged Converged Converged OK OK OK 123 123 123 123 123 123 5 5 5 0 0 0 0 1 0 0 1
175 175 uniform 4 23 1663 3 0.0001 1 0.070274676271371753 0.00074659650004260344 0.22273904594458424 -0.24303184055528188 0.22288836524459277 0 -0.15722795317523969 25.808173525793045 OK 15 14 0.43830400000000003 0.59481600000000001 0.17255799999999999 0.26391999999999999 0.173148 0 0.17438400000000004 0.42166800000000004 0.17255799999999999 0.013528999999999999 0.0135 0.012848999999999999 0.123459 0.369973 0.12290599999999997 0.0061570000000000001 0.0063360000000000005 0.0061139999999999996 0.0012769999999999999 0.001286 0.001273 25.808173331428986 25.808173331428986 25.808173331428986 0.00077536025481969443 0.00077536025481969443 0.00077536025481969443 1 1 1 Converged Converged Converged OK OK OK 123 123 123 123 123 123 5 5 5 0 0 0 0 1 0 0 1
176 176 linear 3 0 1664 0 0.001 1 0.31000865703335334 0.00081236349012065768 0.24919305488555463 0.48385500163571821 0.24903058218753049 0.5 -0.012384316249563959 2.6181239927698607 OK 13 12 0.39968599999999999 0.39493099999999998 0.10999 0.28454600000000002 0.28431200000000001 0 0.11513999999999996 0.11061899999999997 0.10999 0.0087259999999999994 0.0088669999999999999 0.0090050000000000009 0.084387999999999977 0.079855999999999996 0.079524999999999985 0.0031769999999999997 0.0032320000000000001 0.003166 0.00073499999999999998 0.00071099999999999994 0.00072800000000000002 2.6181229528804866 2.6181229528804866 2.6181229528804866 0.0020032824483712723 0.0020032824483712723 0.0020032824483712723 1 1 1 Converged Converged Converged OK OK OK 61 61 61 61 61 61 3 3 3 0 0 0 0 0 1 0 0
176 176 linear 3 7 1664 1 0.001 1 0.31000865703335334 0.00081236349012065768 0.24919305488555463 0.48385500163571821 0.24912947861241475 0.5 -0.012483212674448213 2.6167215096106582 OK 13 12 0.40163100000000002 0.45449400000000001 0.104532 0.29381299999999999 0.18525900000000001 0 0.10781800000000002 0.269235 0.104532 0.0082430000000000003 0.0081899999999999994 0.0076360000000000004 0.080565999999999999 0.24157099999999995 0.078288999999999997 0.003117 0.0032030000000000001 0.0031130000000000003 0.00072800000000000002 0.00069800000000000005 0.00069700000000000003 2.6167204753480564 2.6167204753480564 2.6167204753480564 0.0020009343559032802 0.0020009343559032802 0.0020009343559032802 1 1 1 Converged Converged Converged OK OK OK 61 61 61 61 61 61 3 3 3 0 0 0 0 1 0 0 1
176 176 linear 3 15 1664 2 0.001 1 0.31000865703335334 0.00081236349012065768 0.24919305488555463 0.48385500163571821 0.24924250309799675 0.5 -0.012596237160030221 2.6151228781381968 OK 13 12 0.38505400000000001 0.44702799999999998 0.102606 0.27920800000000001 0.173204 0 0.105846 0.27382399999999996 0.102606 0.0082220000000000001 0.0081740000000000007 0.0077070000000000003 0.078425999999999982 0.24610500000000007 0.076394000000000031 0.0031360000000000003 0.0032820000000000002 0.0031220000000000002 0.00067000000000000002 0.00067599999999999995 0.00065899999999999997 2.6151218502592033 2.6151218502592033 2.6151218502592033 0.0019982576990432758 0.0019982576990432758 0.0019982576990432758 1 1 1 Converged Converged Converged OK OK OK 61 61 61 61 61 61 3 3 3 0 0 0 0 1 0 0 1
176 176 linear 3 23 1664 3 0.001 1 0.31000865703335334 0.00081236349012065768 0.24919305488555463 0.48385500163571821 0.24935552758357876 0.5 -0.01270926164561223 2.6135287140567462 OK 13 12 0.385237 0.44448599999999999 0.10372000000000001 0.278138 0.17529600000000001 0 0.107099 0.26918999999999998 0.10372000000000001 0.0082950000000000003 0.0083239999999999998 0.0076610000000000003 0.079491000000000006 0.24135599999999993 0.077425999999999981 0.0033679999999999999 0.0032679999999999996 0.0032290000000000001 0.00068700000000000011 0.00069200000000000002 0.00067199999999999996 2.6135276925122355 2.6135276925122355 2.6135276925122355 0.001995588345988487 0.001995588345988487 0.001995588345988487 1 1 1 Converged Converged Converged OK OK OK 61 61 61 61 61 61 3 3 3 0 0 0 0 1 0 0 1
176 176 linear 3 0 1664 0 0.0001 1 0.31000865703335334 0.00081236349012065768 0.24919305488555463 0.48385500163571821 0.24903058218753049 0.5 -0.012384316249563959 2.6181239927698607 OK 13 12 0.42235200000000001 0.42091800000000001 0.133521 0.28642299999999998 0.286775 0 0.13592900000000002 0.13414300000000001 0.133521 0.0087989999999999995 0.0088950000000000001 0.0086 0.099269999999999997 0.097469999999999987 0.097360000000000016 0.0040920000000000002 0.004058 0.0040600000000000002 0.00086400000000000008 0.00088900000000000003 0.00086600000000000002 2.6181229534957811 2.6181229534957811 2.6181229534957811 0.00018897904147653641 0.00018897904147653641 0.00018897904147653641 1 1 1 Converged Converged Converged OK OK OK 77 77 77 77 77 77 3 3 3 0 0 0 0 0 1 0 0
176 176 linear 3 7 1664 1 0.0001 1 0.31000865703335334 0.00081236349012065768 0.24919305488555463 0.48385500163571821 0.24912947861241475 0.5 -0.012483212674448213 2.6167215096106582 OK 13 12 0.42632300000000001 0.51973000000000003 0.12758900000000001 0.29454000000000002 0.18542500000000001 0 0.13178299999999998 0.33430500000000002 0.12758900000000001 0.0082349999999999993 0.0084010000000000005 0.0076670000000000002 0.099419999999999953 0.29696699999999987 0.096289000000000013 0.0040019999999999995 0.0047840000000000001 0.0039740000000000001 0.00083699999999999996 0.00085900000000000017 0.00083500000000000013 2.6167204759639491 2.6167204759639491 2.6167204759639491 0.00018891474669788179 0.00018891474669788179 0.00018891474669788179 1 1 1 Converged Converged Converged OK OK OK 77 77 77 77 77 77 3 3 3 0 0 0 0 1 0 0 1
176 176 linear 3 15 1664 2 0.0001 1 0.31000865703335334 0.00081236349012065768 0.24919305488555463 0.48385500163571821 0.24924250309799675 0.5 -0.012596237160030221 2.6151228781381968 OK 13 12 0.408331 0.50569600000000003 0.12645300000000001 0.27769899999999997 0.171433 0 0.13063200000000003 0.33426300000000003 0.12645300000000001 0.0082050000000000005 0.0082869999999999992 0.0076550000000000003 0.098427000000000014 0.30104799999999987 0.095418000000000003 0.0040660000000000002 0.0043470000000000002 0.0040469999999999994 0.00079199999999999995 0.00082399999999999997 0.00076999999999999996 2.6151218508761254 2.6151218508761254 2.6151218508761254 0.00018884130350171443 0.00018884130350171443 0.00018884130350171443 1 1 1 Converged Converged Converged OK OK OK 77 77 77 77 77 77 3 3 3 0 0 0 0 1 0 0 1
176 176 linear 3 23 1664 3 0.0001 1 0.31000865703335334 0.00081236349012065768 0.24919305488555463 0.48385500163571821 0.24935552758357876 0.5 -0.01270926164561223 2.6135287140567462 OK 13 12 0.41195399999999999 0.49566300000000002 0.12656800000000001 0.27790700000000002 0.17633399999999999 0 0.13404699999999997 0.31932900000000003 0.12656800000000001 0.011708 0.0083859999999999994 0.0076629999999999997 0.098235000000000058 0.28620700000000016 0.095552000000000026 0.003986 0.0043059999999999999 0.004052 0.00078400000000000008 0.00079199999999999995 0.00076399999999999992 2.6135276931300799 2.6135276931300799 2.6135276931300799 0.00018876789809873522 0.00018876789809873522 0.00018876789809873522 1 1 1 Converged Converged Converged OK OK OK 77 77 77 77 77 77 3 3 3 0 0 0 0 1 0 0 1
176 176 linear 4 0 1665 0 0.001 1 0.31000865703335334 0.00081236349012065768 0.14749320036036376 -0.010375420847852299 0.14733072766233962 0.5 0.08931553827562691 66.678004488516777 OK 15 14 0.50907400000000003 0.50591200000000003 0.169463 0.33582600000000001 0.33525100000000002 0 0.17324800000000001 0.17066100000000001 0.169463 0.016084999999999999 0.016344999999999998 0.015837 0.12333299999999998 0.12063300000000002 0.120312 0.0050169999999999998 0.004875 0.0047619999999999997 0.00095100000000000002 0.00095199999999999994 0.00094899999999999997 66.67771958307425 66.67771958307425 66.67771958307425 0.053615827647825166 0.053615827647825166 0.053615827647825166 1 1 1 Converged Converged Converged OK OK OK 91 91 91 91 91 91 5 5 5 0 0 0 0 0 1 0 0
176 176 linear 4 7 1665 1 0.001 1 0.31000865703335334 0.00081236349012065768 0.14749320036036376 -0.010375420847852299 0.14742962408722388 0.5 0.089216641850742656 67.959189759632395 OK 15 14 0.48243200000000003 0.53168499999999996 0.16647600000000001 0.31469399999999997 0.201235 0 0.16773800000000005 0.33044999999999997 0.16647600000000001 0.015334 0.01538 0.017756999999999998 0.12409300000000002 0.28497599999999995 0.12101500000000003 0.0047670000000000004 0.0058290000000000008 0.0047539999999999995 0.00089999999999999998 0.00094700000000000014 0.00088499999999999994 67.958903513670023 67.958903513670023 67.958903513670023 0.053632994040779459 0.053632994040779459 0.053632994040779459 1 1 1 Converged Converged Converged OK OK OK 91 91 91 91 91 91 5 5 5 0 0 0 0 1 0 0 1
176 176 linear 4 15 1665 2 0.001 1 0.31000865703335334 0.00081236349012065768 0.14749320036036376 -0.010375420847852299 0.14754264857280588 0.5 0.089103617365160648 69.53088740429753 OK 15 14 0.49131000000000002 0.52754900000000005 0.16550699999999999 0.32644600000000001 0.199798 0 0.16486400000000001 0.32775100000000001 0.16550699999999999 0.015231 0.015148999999999999 0.014375000000000001 0.121518 0.28426100000000015 0.123698 0.0048579999999999995 0.0048240000000000002 0.0046960000000000005 0.00091199999999999994 0.00089100000000000008 0.00088900000000000003 69.530600970945599 69.530600970945599 69.530600970945599 0.053652815945449163 0.053652815945449163 0.053652815945449163 1 1 1 Converged Converged Converged OK OK OK 91 91 91 91 91 91 5 5 5 0 0 0 0 1 0 0 1
176 176 linear 4 23 1665 3 0.001 1 0.31000865703335334 0.00081236349012065768 0.14749320036036376 -0.010375420847852299 0.14765567305838789 0.5 0.088990592879578639 71.234031879704304 OK 15 14 0.50317599999999996 0.53090800000000005 0.16147700000000001 0.33710200000000001 0.19758600000000001 0 0.16607399999999994 0.33332200000000001 0.16147700000000001 0.015122 0.015247 0.014475999999999999 0.12264199999999996 0.28960400000000008 0.11934100000000003 0.0048450000000000003 0.0047789999999999994 0.004679 0.00091699999999999995 0.00092900000000000003 0.0009189999999999999 71.233746259395176 71.233746259395176 71.233746259395176 0.053672874678545576 0.053672874678545576 0.053672874678545576 1 1 1 Converged Converged Converged OK OK OK 91 91 91 91 91 91 5 5 5 0 0 0 0 1 0 0 1
176 176 linear 4 0 1665 0 0.0001 1 0.31000865703335334 0.00081236349012065768 0.14749320036036376 -0.010375420847852299 0.14733072766233962 0.5 0.08931553827562691 66.678004488516777 OK 15 14 0.569913 0.56213999999999997 0.22823299999999999 0.33653300000000003 0.33313799999999999 0 0.23337999999999998 0.22900199999999998 0.22823299999999999 0.0161 0.016031 0.015678000000000001 0.16839200000000001 0.16441 0.16412300000000007 0.0067390000000000002 0.0067470000000000004 0.0065600000000000007 0.001366 0.0013860000000000001 0.0013399999999999998 66.677961432568083 66.677961432568083 66.677961432568083 0.0004880853188906362 0.0004880853188906362 0.0004880853188906362 1 1 1 Converged Converged Converged OK OK OK 123 123 123 123 123 123 5 5 5 0 0 0 0 0 1 0 0
176 176 linear 4 7 1665 1 0.0001 1 0.31000865703335334 0.00081236349012065768 0.14749320036036376 -0.010375420847852299 0.14742962408722388 0.5 0.089216641850742656 67.959189759632395 OK 15 14 0.54194200000000003 0.64776800000000001 0.217524 0.31576799999999999 0.20461499999999999 0 0.22617400000000004 0.44315300000000002 0.217524 0.015247 0.01525 0.014533000000000001 0.17241399999999998 0.38624700000000001 0.16551700000000011 0.0066010000000000001 0.0069319999999999989 0.0064449999999999993 0.0012999999999999999 0.001371 0.0012780000000000001 67.959145305023739 67.959145305023739 67.959145305023739 0.00048836685835310502 0.00048836685835310502 0.00048836685835310502 1 1 1 Converged Converged Converged OK OK OK 123 123 123 123 123 123 5 5 5 0 0 0 0 1 0 0 1
176 176 linear 4 15 1665 2 0.0001 1 0.31000865703335334 0.00081236349012065768 0.14749320036036376 -0.010375420847852299 0.14754264857280588 0.5 0.089103617365160648 69.53088740429753 OK 15 14 0.54947299999999999 0.63530299999999995 0.21740799999999999 0.32622400000000001 0.19993 0 0.22324899999999998 0.43537299999999995 0.21740799999999999 0.015136 0.01521 0.014482 0.16984999999999995 0.38088199999999978 0.16537300000000002 0.0065649999999999997 0.006886999999999999 0.006572999999999999 0.001291 0.001317 0.001256 69.530842695881418 69.530842695881418 69.530842695881418 0.00048876248336847112 0.00048876248336847112 0.00048876248336847112 1 1 1 Converged Converged Converged OK OK OK 123 123 123 123 123 123 5 5 5 0 0 0 0 1 0 0 1
176 176 linear 4 23 1665 3 0.0001 1 0.31000865703335334 0.00081236349012065768 0.14749320036036376 -0.010375420847852299 0.14765567305838789 0.5 0.088990592879578639 71.234031879704304 OK 15 14 0.56649300000000002 0.63772499999999999 0.21743299999999999 0.33889399999999997 0.196019 0 0.22759900000000005 0.44170599999999999 0.21743299999999999 0.015216 0.015379 0.014522999999999999 0.17394600000000002 0.38763299999999984 0.16509000000000004 0.0066869999999999994 0.0066670000000000002 0.0066339999999999993 0.001315 0.0013290000000000001 0.00131 71.233987917947474 71.233987917947474 71.233987917947474 0.00048925640428584805 0.00048925640428584805 0.00048925640428584805 1 1 1 Converged Converged Converged OK OK OK 123 123 123 123 123 123 5 5 5 0 0 0 0 1 0 0 1
176 176 uniform 3 0 1666 0 0.001 1 0.31000865703335334 0.00081236349012065768 0.24919305488555463 0.48385500163571821 0.24903058218753049 0 -0.012384316249563959 2.6181759000080058 OK 13 12 0.36648900000000001 0.366315 0.077778 0.28417799999999999 0.28738599999999997 0 0.082311000000000023 0.078929000000000027 0.077778 0.0086960000000000006 0.0088850000000000005 0.0087089999999999997 0.057231999999999998 0.054161999999999988 0.053471999999999999 0.002166 0.0021310000000000001 0.0020799999999999998 0.000553 0.00055400000000000002 0.00055199999999999997 2.6181758829544646 2.6181758829544646 2.6181758829544646 0.00092096977218429133 0.00092096977218429133 0.00092096977218429133 1 1 1 Converged Converged Converged OK OK OK 45 45 45 45 45 45 3 3 3 0 0 0 0 0 1 0 0
176 176 uniform 3 7 1666 1 0.001 1 0.31000865703335334 0.00081236349012065768 0.24919305488555463 0.48385500163571821 0.24912947861241475 0 -0.012483212674448213 2.6167731315055365 OK 13 12 0.36749399999999999 0.36852299999999999 0.073158000000000001 0.29304000000000002 0.18490899999999999 0 0.074453999999999965 0.183614 0.073158000000000001 0.0080850000000000002 0.0082719999999999998 0.0076220000000000003 0.052297999999999983 0.16136500000000001 0.052006000000000011 0.0021540000000000001 0.0022339999999999999 0.0021229999999999999 0.00058200000000000005 0.00055900000000000004 0.00053700000000000004 2.6167731144619197 2.6167731144619197 2.6167731144619197 0.00092048227730252992 0.00092048227730252992 0.00092048227730252992 1 1 1 Converged Converged Converged OK OK OK 45 45 45 45 45 45 3 3 3 0 0 0 0 1 0 0 1
176 176 uniform 3 15 1666 2 0.001 1 0.31000865703335334 0.00081236349012065768 0.24919305488555463 0.48385500163571821 0.24924250309799675 0 -0.012596237160030221 2.6151741763102208 OK 13 12 0.35078300000000001 0.363095 0.071189000000000002 0.278279 0.17308699999999999 0 0.072504000000000013 0.19000800000000001 0.071189000000000002 0.0081010000000000006 0.0083359999999999997 0.0076099999999999996 0.050542999999999998 0.16757 0.050127000000000033 0.0021190000000000002 0.0023049999999999998 0.0021120000000000002 0.000544 0.000553 0.00053799999999999996 2.6151741592777085 2.6151741592777085 2.6151741592777085 0.00091992656836285445 0.00091992656836285445 0.00091992656836285445 1 1 1 Converged Converged Converged OK OK OK 45 45 45 45 45 45 3 3 3 0 0 0 0 1 0 0 1
176 176 uniform 3 23 1666 3 0.001 1 0.31000865703335334 0.00081236349012065768 0.24919305488555463 0.48385500163571821 0.24935552758357876 0 -0.01270926164561223 2.6135796910268301 OK 13 12 0.35464600000000002 0.36057 0.073766999999999999 0.27911599999999998 0.173487 0 0.075530000000000042 0.187083 0.073766999999999999 0.0082129999999999998 0.0083350000000000004 0.0075630000000000003 0.053338000000000017 0.16459099999999993 0.052718999999999995 0.0022139999999999998 0.0023019999999999998 0.0021459999999999999 0.00056800000000000004 0.00055000000000000003 0.00053300000000000005 2.6135796740049342 2.6135796740049342 2.6135796740049342 0.00091937237507742713 0.00091937237507742713 0.00091937237507742713 1 1 1 Converged Converged Converged OK OK OK 45 45 45 45 45 45 3 3 3 0 0 0 0 1 0 0 1
176 176 uniform 3 0 1666 0 0.0001 1 0.31000865703335334 0.00081236349012065768 0.24919305488555463 0.48385500163571821 0.24903058218753049 0 -0.012384316249563959 2.6181759000080058 OK 13 12 0.40654499999999999 0.40071699999999999 0.117732 0.28834900000000002 0.282331 0 0.11819599999999997 0.11838599999999999 0.117732 0.0087899999999999992 0.0089359999999999995 0.0085500000000000003 0.08199300000000001 0.082206999999999988 0.081891000000000005 0.003862 0.0038239999999999997 0.0040070000000000001 0.00079599999999999994 0.00080000000000000004 0.00076999999999999996 2.6181758829631354 2.6181758829631354 2.6181758829631354 3.9385302666042128e-05 3.9385302666042128e-05 3.9385302666042128e-05 1 1 1 Converged Converged Converged OK OK OK 77 77 77 77 77 77 3 3 3 0 0 0 0 0 1 0 0
176 176 uniform 3 7 1666 1 0.0001 1 0.31000865703335334 0.00081236349012065768 0.24919305488555463 0.48385500163571821 0.24912947861241475 0 -0.012483212674448213 2.6167731315055365 OK 13 12 0.40399600000000002 0.50088100000000002 0.11175499999999999 0.29144599999999998 0.18373700000000001 0 0.11255000000000004 0.31714399999999998 0.11175499999999999 0.0081630000000000001 0.012181000000000001 0.0077289999999999998 0.080911000000000025 0.28098900000000004 0.08080500000000003 0.0038209999999999993 0.0039870000000000001 0.0037740000000000004 0.00077300000000000003 0.00077700000000000013 0.000754 2.6167731144704898 2.6167731144704898 2.6167731144704898 3.9371907760001431e-05 3.9371907760001431e-05 3.9371907760001431e-05 1 1 1 Converged Converged Converged OK OK OK 77 77 77 77 77 77 3 3 3 0 0 0 0 1 0 0 1
176 176 uniform 3 15 1666 2 0.0001 1 0.31000865703335334 0.00081236349012065768 0.24919305488555463 0.48385500163571821 0.24924250309799675 0 -0.012596237160030221 2.6151741763102208 OK 13 12 0.39382200000000001 0.48883100000000002 0.11101800000000001 0.281416 0.17158300000000001 0 0.11240600000000001 0.31724799999999997 0.11101800000000001 0.008201 0.0082430000000000003 0.0076169999999999996 0.08049199999999998 0.28465899999999983 0.080283000000000007 0.003852 0.0039209999999999991 0.0037920000000000002 0.000776 0.00076899999999999994 0.00076599999999999997 2.6151741592865214 2.6151741592865214 2.6151741592865214 3.9356607051874867e-05 3.9356607051874867e-05 3.9356607051874867e-05 1 1 1 Converged Converged Converged OK OK OK 77 77 77 77 77 77 3 3 3 0 0 0 0 1 0 0 1
176 176 uniform 3 23 1666 3 0.0001 1 0.31000865703335334 0.00081236349012065768 0.24919305488555463 0.48385500163571821 0.24935552758357876 0 -0.01270926164561223 2.6135796910268301 OK 13 12 0.39030300000000001 0.48147499999999999 0.110943 0.277918 0.17766100000000001 0 0.11238500000000001 0.30381399999999997 0.110943 0.0082459999999999999 0.0083630000000000006 0.0076569999999999997 0.080585000000000004 0.27128500000000011 0.080151000000000028 0.0038569999999999998 0.003967 0.0038309999999999998 0.00076999999999999985 0.0007670000000000001 0.00075599999999999994 2.6135796740137662 2.6135796740137662 2.6135796740137662 3.9341314065578735e-05 3.9341314065578735e-05 3.9341314065578735e-05 1 1 1 Converged Converged Converged OK OK OK 77 77 77 77 77 77 3 3 3 0 0 0 0 1 0 0 1
176 176 uniform 4 0 1667 0 0.001 1 0.31000865703335334 0.00081236349012065768 0.14749320036036376 -0.010375420847852299 0.14733072766233962 0 0.08931553827562691 66.788290248840482 OK 15 14 0.47184900000000002 0.472082 0.13608999999999999 0.33233099999999999 0.33244800000000002 0 0.13951800000000003 0.13963399999999998 0.13608999999999999 0.015894999999999999 0.016192999999999999 0.015712 0.096113000000000046 0.09569500000000003 0.095566999999999985 0.0032959999999999999 0.0032540000000000004 0.0032620000000000001 0.00076500000000000005 0.00078000000000000009 0.000803 66.788272012812101 66.788272012812101 66.788272012812101 0.048566194453263135 0.048566194453263135 0.048566194453263135 1 1 1 Converged Converged Converged OK OK OK 67 67 67 67 67 67 5 5 5 0 0 0 0 0 1 0 0
176 176 uniform 4 7 1667 1 0.001 1 0.31000865703335334 0.00081236349012065768 0.14749320036036376 -0.010375420847852299 0.14742962408722388 0 0.089216641850742656 68.082129665999474 OK 15 14 0.44758900000000001 0.43854900000000002 0.13170699999999999 0.31397000000000003 0.201347 0 0.13361899999999999 0.23720200000000002 0.13170699999999999 0.015235 0.015389999999999999 0.014564000000000001 0.097840000000000024 0.19632000000000002 0.097057999999999964 0.0033670000000000002 0.0034390000000000002 0.0032649999999999997 0.00074899999999999999 0.00079500000000000003 0.00073700000000000002 68.082111442346374 68.082111442346374 68.082111442346374 0.050041712897198887 0.050041712897198887 0.050041712897198887 1 1 1 Converged Converged Converged OK OK OK 67 67 67 67 67 67 5 5 5 0 0 0 0 1 0 0 1
176 176 uniform 4 15 1667 2 0.001 1 0.31000865703335334 0.00081236349012065768 0.14749320036036376 -0.010375420847852299 0.14754264857280588 0 0.089103617365160648 69.671007101359081 OK 15 14 0.45368700000000001 0.419242 0.128139 0.32389600000000002 0.198794 0 0.12979099999999999 0.22044800000000001 0.128139 0.015143 0.015269 0.014541999999999999 0.094243999999999994 0.18462999999999996 0.093735999999999986 0.0033140000000000001 0.0033179999999999998 0.003212 0.00072799999999999991 0.00073700000000000002 0.00071900000000000002 69.670990049993478 69.670990049993478 69.670990049993478 0.051928368494805061 0.051928368494805061 0.051928368494805061 1 1 1 Converged Converged Converged OK OK OK 67 67 67 67 67 67 5 5 5 0 0 0 0 1 0 0 1
176 176 uniform 4 23 1667 3 0.001 1 0.31000865703335334 0.00081236349012065768 0.14749320036036376 -0.010375420847852299 0.14765567305838789 0 0.088990592879578639 71.395027599469273 OK 15 14 0.46930699999999997 0.42759000000000003 0.129162 0.33835300000000001 0.19641 0 0.13095399999999996 0.23118000000000002 0.129162 0.015169999999999999 0.015228 0.014496 0.095296999999999979 0.19518499999999997 0.094828999999999997 0.003251 0.0034319999999999997 0.0031830000000000001 0.00073499999999999998 0.000767 0.00072499999999999995 71.395010765594137 71.395010765594137 71.395010765594137 0.054074101565549322 0.054074101565549322 0.054074101565549322 1 1 1 Converged Converged Converged OK OK OK 67 67 67 67 67 67 5 5 5 0 0 0 0 1 0 0 1
176 176 uniform 4 0 1667 0 0.0001 1 0.31000865703335334 0.00081236349012065768 0.14749320036036376 -0.010375420847852299 0.14733072766233962 0 0.08931553827562691 66.788290248840482 OK 15 14 0.51946000000000003 0.52036499999999997 0.183393 0.335841 0.336455 0 0.18361900000000003 0.18390999999999996 0.183393 0.015790999999999999 0.015946999999999999 0.015520000000000001 0.12719699999999995 0.127167 0.1272349999999999 0.0054420000000000007 0.0054850000000000003 0.0053950000000000005 0.0011720000000000001 0.0011249999999999999 0.0011209999999999998 66.788286237014546 66.788286237014546 66.788286237014546 0.0026489302473741362 0.0026489302473741362 0.0026489302473741362 1 1 1 Converged Converged Converged OK OK OK 107 107 107 107 107 107 5 5 5 0 0 0 0 0 1 0 0
176 176 uniform 4 7 1667 1 0.0001 1 0.31000865703335334 0.00081236349012065768 0.14749320036036376 -0.010375420847852299 0.14742962408722388 0 0.089216641850742656 68.082129665999474 OK 15 14 0.491676 0.55696800000000002 0.17496300000000001 0.314946 0.201318 0 0.17673 0.35565000000000002 0.17496300000000001 0.015179 0.015169999999999999 0.014482999999999999 0.12857699999999997 0.30748399999999992 0.12810000000000005 0.0053489999999999996 0.0055039999999999993 0.0052969999999999996 0.00116 0.0011299999999999999 0.0011440000000000001 68.082125679935316 68.082125679935316 68.082125679935316 0.0026544779283406233 0.0026544779283406233 0.0026544779283406233 1 1 1 Converged Converged Converged OK OK OK 107 107 107 107 107 107 5 5 5 0 0 0 0 1 0 0 1
176 176 uniform 4 15 1667 2 0.0001 1 0.31000865703335334 0.00081236349012065768 0.14749320036036376 -0.010375420847852299 0.14754264857280588 0 0.089103617365160648 69.671007101359081 OK 15 14 0.50215399999999999 0.55633100000000002 0.17194100000000001 0.32879900000000001 0.202623 0 0.17335499999999998 0.35370800000000002 0.17194100000000001 0.015082 0.015188 0.014449 0.12540700000000005 0.30501699999999993 0.12546300000000002 0.0053959999999999998 0.0054819999999999999 0.0053200000000000001 0.001132 0.0011429999999999999 0.0011380000000000001 69.671004305011166 69.671004305011166 69.671004305011166 0.0026608475628735278 0.0026608475628735278 0.0026608475628735278 1 1 1 Converged Converged Converged OK OK OK 107 107 107 107 107 107 5 5 5 0 0 0 0 1 0 0 1
176 176 uniform 4 23 1667 3 0.0001 1 0.31000865703335334 0.00081236349012065768 0.14749320036036376 -0.010375420847852299 0.14765567305838789 0 0.088990592879578639 71.395027599469273 OK 15 14 0.51237500000000002 0.56067 0.17297000000000001 0.33820499999999998 0.19537099999999999 0 0.17417000000000005 0.36529900000000004 0.17297000000000001 0.015129 0.015223 0.014459 0.12638799999999997 0.31679200000000002 0.12637899999999996 0.0053549999999999995 0.0054189999999999993 0.0052979999999999998 0.0011229999999999999 0.0011589999999999999 0.0011539999999999999 71.395025040798529 71.395025040798529 71.395025040798529 0.0026672494391520186 0.0026672494391520186 0.0026672494391520186 1 1 1 Converged Converged Converged OK OK OK 107 107 107 107 107 107 5 5 5 0 0 0 0 1 0 0 1
177 177 linear 3 0 1668 0 0.001 1 0.00013066535823681846 0.0016934080035010159 0.0046774784671291605 0.0077521152956552646 0.004338796866428957 0.5 -0.004208148579397367 116.44617343757322 OK 15 14 0.50803799999999999 0.50359900000000002 0.15846399999999999 0.34528799999999998 0.34326200000000001 0 0.16275000000000001 0.16033700000000001 0.15846399999999999 0.015741000000000002 0.016251999999999999 0.015304 0.11524300000000001 0.11270100000000001 0.11171200000000001 0.0044289999999999998 0.0041880000000000007 0.0043620000000000004 0.001129 0.001085 0.0010880000000000002 116.4456863112916 116.4456863112916 116.4456863112916 0.063209294651502351 0.063209294651502351 0.063209294651502351 1 1 1 Converged Converged Converged OK OK OK 90 90 90 90 90 90 6 6 6 0 0 0 0 0 1 0 0
177 177 linear 3 7 1668 1 0.001 1 0.00013066535823681846 0.0016934080035010159 0.0046774784671291605 0.0077521152956552646 0.0045449508842464728 0.5 -0.0044143025972148827 115.20311255922843 OK 15 14 0.53548899999999999 0.51929700000000001 0.15285399999999999 0.37826799999999999 0.20187099999999999 0 0.157221 0.31742599999999999 0.15285399999999999 0.014683999999999999 0.014669 0.014092 0.11782899999999993 0.27755000000000002 0.11455700000000003 0.0042929999999999999 0.0044720000000000003 0.0044050000000000001 0.00094999999999999989 0.00096600000000000006 0.0009630000000000001 115.20259747219458 115.20259747219458 115.20259747219458 0.06469868006785584 0.06469868006785584 0.06469868006785584 1 1 1 Converged Converged Converged OK OK OK 90 90 90 90 90 90 6 6 6 0 0 0 0 1 0 0 1
177 177 linear 3 15 1668 2 0.001 1 0.00013066535823681846 0.0016934080035010159 0.0046774784671291605 0.0077521152956552646 0.004780555476037918 0.5 -0.0046499071890063279 113.76563737418576 OK 15 14 0.49684699999999998 0.47712399999999999 0.143848 0.34796100000000002 0.172816 0 0.14888599999999996 0.30430800000000002 0.143848 0.014781000000000001 0.014829999999999999 0.013957000000000001 0.10934300000000001 0.26381399999999999 0.10612099999999999 0.0043069999999999992 0.0045610000000000008 0.0040739999999999995 0.00099500000000000001 0.0010630000000000001 0.00094000000000000008 113.76508223179687 113.76508223179687 113.76508223179687 0.066637013216602786 0.066637013216602786 0.066637013216602786 1 1 1 Converged Converged Converged OK OK OK 90 90 90 90 90 90 6 6 6 0 0 0 0 1 0 0 1
177 177 linear 3 23 1668 3 0.001 1 0.00013066535823681846 0.0016934080035010159 0.0046774784671291605 0.0077521152956552646 0.0050161600678293641 0.5 -0.004885511780797774 112.31588019440791 OK 15 14 0.52097099999999996 0.50358199999999997 0.13881499999999999 0.37821700000000003 0.20122699999999999 0 0.14275399999999994 0.30235499999999998 0.13881499999999999 0.014670000000000001 0.014689000000000001 0.014010999999999999 0.10375899999999999 0.26288299999999992 0.100909 0.00415 0.0042440000000000004 0.0040299999999999997 0.00097799999999999992 0.00096400000000000001 0.00099400000000000009 112.31527360645569 112.31527360645569 112.31527360645569 0.068885520800331515 0.068885520800331515 0.068885520800331515 1 1 1 Converged Converged Converged OK OK OK 90 90 90 90 90 90 6 6 6 0 0 0 0 1 0 0 1
177 177 linear 3 0 1668 0 0.0001 1 0.00013066535823681846 0.0016934080035010159 0.0046774784671291605 0.0077521152956552646 0.004338796866428957 0.5 -0.004208148579397367 116.44617343757322 OK 15 14 0.52982399999999996 0.52400500000000005 0.18345600000000001 0.34243000000000001 0.339808 0 0.18739399999999995 0.18419700000000006 0.18345600000000001 0.015689999999999999 0.015743 0.015266999999999999 0.132436 0.128882 0.12859699999999993 0.0050990000000000002 0.0054589999999999994 0.0051520000000000003 0.0013799999999999999 0.00147 0.0013699999999999997 116.44610495021698 116.44610495021698 116.44610495021698 0.004016394678609112 0.004016394678609112 0.004016394678609112 1 1 1 Converged Converged Converged OK OK OK 106 106 106 106 106 106 6 6 6 0 0 0 0 0 1 0 0
177 177 linear 3 7 1668 1 0.0001 1 0.00013066535823681846 0.0016934080035010159 0.0046774784671291605 0.0077521152956552646 0.0045449508842464728 0.5 -0.0044143025972148827 115.20311255922843 OK 15 14 0.55516399999999999 0.54800499999999996 0.17460600000000001 0.37603500000000001 0.200345 0 0.17912899999999998 0.34765999999999997 0.17460600000000001 0.014754 0.014765 0.014076999999999999 0.13475400000000004 0.30256699999999981 0.13106599999999996 0.0051970000000000002 0.0055269999999999998 0.0052500000000000003 0.001279 0.001354 0.0013320000000000001 115.20304508507408 115.20304508507408 115.20304508507408 0.004184687115807292 0.004184687115807292 0.004184687115807292 1 1 1 Converged Converged Converged OK OK OK 106 106 106 106 106 106 6 6 6 0 0 0 0 1 0 0 1
177 177 linear 3 15 1668 2 0.0001 1 0.00013066535823681846 0.0016934080035010159 0.0046774784671291605 0.0077521152956552646 0.004780555476037918 0.5 -0.0046499071890063279 113.76563737418576 OK 15 14 0.51791900000000002 0.50555000000000005 0.16683700000000001 0.34644799999999998 0.17274100000000001 0 0.17147100000000004 0.33280900000000002 0.16683700000000001 0.014597000000000001 0.014899000000000001 0.014064 0.127244 0.28724499999999986 0.12355100000000001 0.0051019999999999998 0.0054199999999999986 0.0050830000000000007 0.0013400000000000003 0.0013570000000000001 0.0013320000000000001 113.7655707964956 113.7655707964956 113.7655707964956 0.0045189082717766475 0.0045189082717766475 0.0045189082717766475 1 1 1 Converged Converged Converged OK OK OK 106 106 106 106 106 106 6 6 6 0 0 0 0 1 0 0 1
177 177 linear 3 23 1668 3 0.0001 1 0.00013066535823681846 0.0016934080035010159 0.0046774784671291605 0.0077521152956552646 0.0050161600678293641 0.5 -0.004885511780797774 112.31588019440791 OK 15 14 0.542933 0.53072399999999997 0.16528499999999999 0.37731799999999999 0.20211399999999999 0 0.16561500000000001 0.32860999999999996 0.16528499999999999 0.014664999999999999 0.014834999999999999 0.013997000000000001 0.12157699999999998 0.28341999999999989 0.12242700000000002 0.0050520000000000001 0.0052499999999999995 0.0049879999999999994 0.0012999999999999999 0.0013289999999999997 0.0012559999999999997 112.31581418586362 112.31581418586362 112.31581418586362 0.0050713755988506274 0.0050713755988506274 0.0050713755988506274 1 1 1 Converged Converged Converged OK OK OK 106 106 106 106 106 106 6 6 6 0 0 0 0 1 0 0 1
177 177 linear 4 0 1669 0 0.001 1 0.00013066535823681846 0.0016934080035010159 -0.00016794574052038752 -0.0038046058995629974 -0.00050662734122059068 0.5 0.00063727562825218115 270.44463297646712 OK 15 14 0.55742100000000006 0.54871099999999995 0.18643499999999999 0.36642799999999998 0.36324899999999999 0 0.19099300000000008 0.18546199999999996 0.18643499999999999 0.016222 0.016219999999999998 0.015703999999999999 0.14075899999999994 0.13639199999999996 0.13853599999999999 0.0052570000000000004 0.0046939999999999994 0.0044279999999999996 0.0010379999999999999 0.001013 0.00093800000000000003 270.44439433264625 270.44439433264625 270.44439433264625 0.16763999808679433 0.16763999808679433 0.16763999808679433 1 1 1 Converged Converged Converged OK OK OK 88 88 88 88 88 88 8 8 8 0 0 0 0 0 1 0 0
177 177 linear 4 7 1669 1 0.001 1 0.00013066535823681846 0.0016934080035010159 -0.00016794574052038752 -0.0038046058995629974 -0.00030047332340307569 0.5 0.00043112161043466616 272.86143481917873 OK 15 14 0.57051700000000005 0.56350699999999998 0.166625 0.39777000000000001 0.22600200000000001 0 0.17274700000000004 0.33750499999999994 0.166625 0.015219 0.015270000000000001 0.014557 0.13202400000000006 0.29359100000000005 0.12754599999999999 0.0047450000000000001 0.0078199999999999988 0.0042919999999999998 0.00089599999999999999 0.00091600000000000004 0.00088900000000000003 272.86117001574007 272.86117001574007 272.86117001574007 0.25457495855606727 0.25457495855606727 0.25457495855606727 1 1 1 Converged Converged Converged OK OK OK 88 88 88 88 88 88 8 8 8 0 0 0 0 1 0 0 1
177 177 linear 4 15 1669 2 0.001 1 0.00013066535823681846 0.0016934080035010159 -0.00016794574052038752 -0.0038046058995629974 -6.4868731611630005e-05 0.5 0.00019551701864322046 274.67905371162254 OK 15 14 0.60916199999999998 0.60403399999999996 0.193077 0.41486400000000001 0.248275 0 0.19429799999999997 0.35575899999999994 0.193077 0.015336000000000001 0.015376000000000001 0.014344000000000001 0.15014099999999997 0.30994199999999994 0.15033200000000005 0.0047760000000000007 0.0055109999999999994 0.0047130000000000002 0.00093000000000000005 0.00097300000000000002 0.00098700000000000003 274.6787058551285 274.6787058551285 274.6787058551285 0.11399315466288189 0.11399315466288189 0.11399315466288189 1 1 1 Converged Converged Converged OK OK OK 89 89 89 89 89 89 7 7 7 0 0 0 0 1 0 0 1
177 177 linear 4 23 1669 3 0.001 1 0.00013066535823681846 0.0016934080035010159 -0.00016794574052038752 -0.0038046058995629974 0.00017073586017981568 0.5 -4.0087573148225235e-05 275.43815758194808 OK 15 14 0.80643200000000004 0.79284399999999999 0.19111400000000001 0.60401000000000005 0.440166 0 0.20242199999999999 0.35267799999999999 0.19111400000000001 0.015092 0.015325999999999999 0.014342000000000001 0.15905300000000006 0.30966800000000011 0.14955299999999994 0.0051080000000000014 0.0049380000000000005 0.0048840000000000003 0.00098099999999999988 0.00094200000000000002 0.00088099999999999995 275.43775395101426 275.43775395101426 275.43775395101426 0.15167770208062276 0.15167770208062276 0.15167770208062276 1 1 1 Converged Converged Converged OK OK OK 89 89 89 89 89 89 7 7 7 0 0 0 0 1 0 0 1
177 177 linear 4 0 1669 0 0.0001 1 0.00013066535823681846 0.0016934080035010159 -0.00016794574052038752 -0.0038046058995629974 -0.00050662734122059068 0.5 0.00063727562825218115 270.44463297646712 OK 15 14 0.64776100000000003 0.63454100000000002 0.26812799999999998 0.37617099999999998 0.36861500000000003 0 0.27159000000000005 0.265926 0.26812799999999998 0.016441000000000001 0.016237999999999999 0.015904000000000001 0.20475999999999997 0.20005000000000003 0.20081199999999999 0.0071380000000000002 0.0068920000000000006 0.0076630000000000005 0.0013919999999999998 0.0014199999999999998 0.0015370000000000002 270.44446764199733 270.44446764199733 270.44446764199733 0.020032170292441261 0.020032170292441261 0.020032170292441261 1 1 1 Converged Converged Converged OK OK OK 128 128 128 128 128 128 8 8 8 0 0 0 0 0 1 0 0
177 177 linear 4 7 1669 1 0.0001 1 0.00013066535823681846 0.0016934080035010159 -0.00016794574052038752 -0.0038046058995629974 -0.00030047332340307569 0.5 0.00043112161043466616 272.86143481917873 OK 15 14 0.63618600000000003 0.67182799999999998 0.228851 0.40294600000000003 0.22622 0 0.23324 0.445608 0.228851 0.015945000000000001 0.015266999999999999 0.014604000000000001 0.18329200000000009 0.39734699999999989 0.18164200000000003 0.0063149999999999994 0.0057539999999999996 0.0060009999999999985 0.0012809999999999998 0.0012230000000000001 0.0012769999999999999 272.86128685756466 272.86128685756466 272.86128685756466 0.027028272179018206 0.027028272179018206 0.027028272179018206 1 1 1 Converged Converged Converged OK OK OK 112 112 112 112 112 112 8 8 8 0 0 0 0 1 0 0 1
177 177 linear 4 15 1669 2 0.0001 1 0.00013066535823681846 0.0016934080035010159 -0.00016794574052038752 -0.0038046058995629974 -6.4868731611630005e-05 0.5 0.00019551701864322046 274.67905371162254 OK 15 14 0.65131399999999995 0.66859900000000005 0.230541 0.41993399999999997 0.24958 0 0.23137999999999997 0.41901900000000003 0.230541 0.01523 0.015405 0.018952 0.18333799999999995 0.36954000000000009 0.17902199999999993 0.0056839999999999998 0.0060800000000000003 0.0059259999999999998 0.0012640000000000001 0.001369 0.0012830000000000003 274.67889470030951 274.67889470030951 274.67889470030951 0.017282445077825375 0.017282445077825375 0.017282445077825375 1 1 1 Converged Converged Converged OK OK OK 105 105 105 105 105 105 7 7 7 0 0 0 0 1 0 0 1
177 177 linear 4 23 1669 3 0.0001 1 0.00013066535823681846 0.0016934080035010159 -0.00016794574052038752 -0.0038046058995629974 0.00017073586017981568 0.5 -4.0087573148225235e-05 275.43815758194808 OK 15 14 0.83868399999999999 0.84943800000000003 0.22168599999999999 0.60561699999999996 0.44395099999999998 0 0.23306700000000002 0.40548700000000004 0.22168599999999999 0.018977999999999998 0.015334 0.014281 0.18071200000000001 0.35631599999999997 0.17521600000000001 0.0060260000000000001 0.0062489999999999993 0.0057120000000000001 0.001297 0.0014010000000000001 0.001315 275.4379957291743 275.4379957291743 275.4379957291743 0.018015870921322116 0.018015870921322116 0.018015870921322116 1 1 1 Converged Converged Converged OK OK OK 105 105 105 105 105 105 7 7 7 0 0 0 0 1 0 0 1
177 177 uniform 3 0 1670 0 0.001 1 0.00013066535823681846 0.0016934080035010159 0.0046774784671291605 0.0077521152956552646 0.004338796866428957 0 -0.004208148579397367 116.49896536795478 OK 15 14 0.463729 0.46160800000000002 0.124135 0.34261599999999998 0.34041100000000002 0 0.12111300000000003 0.121197 0.124135 0.015553000000000001 0.015428000000000001 0.016337000000000001 0.081455999999999987 0.081447000000000019 0.083284000000000011 0.003029 0.0031190000000000002 0.0031240000000000005 0.00095999999999999992 0.00093799999999999992 0.00098499999999999998 116.4988665270514 116.4988665270514 116.4988665270514 0.09364135158404889 0.09364135158404889 0.09364135158404889 1 1 1 Converged Converged Converged OK OK OK 74 74 74 74 74 74 6 6 6 0 0 0 0 0 1 0 0
177 177 uniform 3 7 1670 1 0.001 1 0.00013066535823681846 0.0016934080035010159 0.0046774784671291605 0.0077521152956552646 0.0045449508842464728 0 -0.0044143025972148827 115.25513096362283 OK 15 14 0.49410900000000002 0.44684400000000002 0.116523 0.37649300000000002 0.19856499999999999 0 0.117616 0.24827900000000003 0.116523 0.014659 0.014977000000000001 0.014038999999999999 0.083818999999999991 0.21328600000000003 0.083639000000000005 0.0030850000000000001 0.0034880000000000002 0.0030119999999999999 0.00077899999999999996 0.00079600000000000005 0.00083000000000000001 115.25501876127424 115.25501876127424 115.25501876127424 0.095182531484417784 0.095182531484417784 0.095182531484417784 1 1 1 Converged Converged Converged OK OK OK 74 74 74 74 74 74 6 6 6 0 0 0 0 1 0 0 1
177 177 uniform 3 15 1670 2 0.001 1 0.00013066535823681846 0.0016934080035010159 0.0046774784671291605 0.0077521152956552646 0.004780555476037918 0 -0.0046499071890063279 113.81694608432282 OK 15 14 0.45435599999999998 0.40574700000000002 0.107955 0.34456199999999998 0.172822 0 0.109794 0.23292500000000002 0.107955 0.014657999999999999 0.014718999999999999 0.013958 0.075968000000000008 0.19845899999999994 0.075396000000000005 0.0030049999999999999 0.0033210000000000006 0.0029939999999999997 0.00077300000000000014 0.00084400000000000002 0.00078799999999999996 113.81681341793912 113.81681341793912 113.81681341793912 0.097275103668540405 0.097275103668540405 0.097275103668540405 1 1 1 Converged Converged Converged OK OK OK 74 74 74 74 74 74 6 6 6 0 0 0 0 1 0 0 1
177 177 uniform 3 23 1670 3 0.001 1 0.00013066535823681846 0.0016934080035010159 0.0046774784671291605 0.0077521152956552646 0.0050161600678293641 0 -0.004885511780797774 112.36673332252616 OK 15 14 0.480153 0.41919899999999999 0.10326200000000001 0.37547599999999998 0.199712 0 0.10467700000000002 0.21948699999999999 0.10326200000000001 0.014518 0.014699 0.014019 0.070935999999999985 0.18502799999999997 0.070674999999999988 0.0030469999999999998 0.0031829999999999996 0.0029650000000000002 0.00078899999999999999 0.00085299999999999992 0.00080399999999999992 112.36657224193731 112.36657224193731 112.36657224193731 0.099962581427518973 0.099962581427518973 0.099962581427518973 1 1 1 Converged Converged Converged OK OK OK 74 74 74 74 74 74 6 6 6 0 0 0 0 1 0 0 1
177 177 uniform 3 0 1670 0 0.0001 1 0.00013066535823681846 0.0016934080035010159 0.0046774784671291605 0.0077521152956552646 0.004338796866428957 0 -0.004208148579397367 116.49896536795478 OK 15 14 0.50271900000000003 0.50462399999999996 0.160575 0.34007700000000002 0.34337899999999999 0 0.16264200000000001 0.16124499999999997 0.160575 0.015831000000000001 0.015628 0.015094 0.107851 0.10728800000000002 0.10723099999999998 0.004875 0.0047569999999999999 0.0047249999999999992 0.001382 0.0013539999999999997 0.001366 116.49896491426708 116.49896491426708 116.49896491426708 0.0016153307621669796 0.0016153307621669796 0.0016153307621669796 1 1 1 Converged Converged Converged OK OK OK 106 106 106 106 106 106 6 6 6 0 0 0 0 0 1 0 0
177 177 uniform 3 7 1670 1 0.0001 1 0.00013066535823681846 0.0016934080035010159 0.0046774784671291605 0.0077521152956552646 0.0045449508842464728 0 -0.0044143025972148827 115.25513096362283 OK 15 14 0.530613 0.52732100000000004 0.15238699999999999 0.37615199999999999 0.197877 0 0.15446100000000001 0.32944400000000007 0.15238699999999999 0.014925000000000001 0.014652999999999999 0.013998 0.11014600000000002 0.28483000000000025 0.10962500000000001 0.0048760000000000001 0.004908 0.0046470000000000001 0.0012210000000000001 0.0012389999999999999 0.001248 115.25513058119883 115.25513058119883 115.25513058119883 0.0017275377963246177 0.0017275377963246177 0.0017275377963246177 1 1 1 Converged Converged Converged OK OK OK 106 106 106 106 106 106 6 6 6 0 0 0 0 1 0 0 1
177 177 uniform 3 15 1670 2 0.0001 1 0.00013066535823681846 0.0016934080035010159 0.0046774784671291605 0.0077521152956552646 0.004780555476037918 0 -0.0046499071890063279 113.81694608432282 OK 15 14 0.49326599999999998 0.48581400000000002 0.14463200000000001 0.34679199999999999 0.17612900000000001 0 0.14647399999999999 0.30968499999999999 0.14463200000000001 0.014808999999999999 0.014733 0.014005 0.10241299999999996 0.265156 0.10192299999999999 0.0047629999999999999 0.0050149999999999995 0.0046610000000000002 0.001256 0.0012390000000000001 0.0012319999999999998 113.8169457636393 113.8169457636393 113.8169457636393 0.0020544855014046513 0.0020544855014046513 0.0020544855014046513 1 1 1 Converged Converged Converged OK OK OK 106 106 106 106 106 106 6 6 6 0 0 0 0 1 0 0 1
177 177 uniform 3 23 1670 3 0.0001 1 0.00013066535823681846 0.0016934080035010159 0.0046774784671291605 0.0077521152956552646 0.0050161600678293641 0 -0.004885511780797774 112.36673332252616 OK 15 14 0.51564600000000005 0.50746999999999998 0.13933000000000001 0.37269999999999998 0.19822500000000001 0 0.14294600000000007 0.30924499999999999 0.13933000000000001 0.01494 0.014728 0.013952000000000001 0.09765499999999995 0.26471399999999989 0.097019999999999981 0.0054419999999999989 0.0049289999999999994 0.0046839999999999998 0.0012869999999999999 0.0012469999999999998 0.001199 112.36673311887451 112.36673311887451 112.36673311887451 0.0028276124051699741 0.0028276124051699741 0.0028276124051699741 1 1 1 Converged Converged Converged OK OK OK 106 106 106 106 106 106 6 6 6 0 0 0 0 1 0 0 1
177 177 uniform 4 0 1671 0 0.001 1 0.00013066535823681846 0.0016934080035010159 -0.00016794574052038752 -0.0038046058995629974 -0.00050662734122059068 0 0.00063727562825218115 271.06825759934412 OK 15 14 0.52671800000000002 0.52618500000000001 0.16140499999999999 0.36497000000000002 0.36236299999999999 0 0.161748 0.16382200000000002 0.16140499999999999 0.015987000000000001 0.016233000000000001 0.015624000000000001 0.11389400000000002 0.11503099999999998 0.11386799999999997 0.0038340000000000006 0.0044350000000000006 0.0040309999999999999 0.00088599999999999996 0.00094499999999999998 0.00093999999999999986 271.06822331173441 271.06822331173441 271.06822331173441 0.097850045331953572 0.097850045331953572 0.097850045331953572 1 1 1 Converged Converged Converged OK OK OK 88 88 88 88 88 88 8 8 8 0 0 0 0 0 1 0 0
177 177 uniform 4 7 1671 1 0.001 1 0.00013066535823681846 0.0016934080035010159 -0.00016794574052038752 -0.0038046058995629974 -0.00030047332340307569 0 0.00043112161043466616 273.50633730984754 OK 15 14 0.54725199999999996 0.53902899999999998 0.14804200000000001 0.399009 0.22852900000000001 0 0.14824299999999996 0.3105 0.14804200000000001 0.015299 0.015103999999999999 0.014546 0.10741400000000004 0.27075800000000005 0.10630100000000001 0.0044659999999999995 0.0042380000000000004 0.0040639999999999999 0.0009320000000000001 0.00091100000000000003 0.00092599999999999996 273.50632408461036 273.50632408461036 273.50632408461036 0.14085977011235912 0.14085977011235912 0.14085977011235912 1 1 1 Converged Converged Converged OK OK OK 88 88 88 88 88 88 8 8 8 0 0 0 0 1 0 0 1
177 177 uniform 4 15 1671 2 0.001 1 0.00013066535823681846 0.0016934080035010159 -0.00016794574052038752 -0.0038046058995629974 -6.4868731611630005e-05 0 0.00019551701864322046 275.3426152858238 OK 15 14 0.58764700000000003 0.57941500000000001 0.16370699999999999 0.42068499999999998 0.25139699999999998 0 0.16696200000000005 0.32801800000000003 0.16370699999999999 0.01523 0.015387 0.014397 0.12237900000000002 0.28408300000000014 0.12147299999999996 0.0049059999999999998 0.0045260000000000005 0.0044640000000000001 0.00095299999999999996 0.00089499999999999996 0.00088500000000000015 275.34255975384724 275.34255975384724 275.34255975384724 0.13648389411041917 0.13648389411041917 0.13648389411041917 1 1 1 Converged Converged Converged OK OK OK 89 89 89 89 89 89 7 7 7 0 0 0 0 1 0 0 1
177 177 uniform 4 23 1671 3 0.001 1 0.00013066535823681846 0.0016934080035010159 -0.00016794574052038752 -0.0038046058995629974 0.00017073586017981568 0 -4.0087573148225235e-05 276.11368060507112 OK 15 14 0.78211900000000001 0.76832100000000003 0.16525899999999999 0.61362399999999995 0.43995499999999998 0 0.16849500000000006 0.32836600000000005 0.16525899999999999 0.015151 0.015047 0.014251 0.125613 0.28547700000000004 0.124461 0.0046759999999999996 0.0048560000000000001 0.004385 0.000941 0.00095200000000000005 0.00094399999999999996 276.11358353338721 276.11358353338721 276.11358353338721 0.1887530070180734 0.1887530070180734 0.1887530070180734 1 1 1 Converged Converged Converged OK OK OK 89 89 89 89 89 89 7 7 7 0 0 0 0 1 0 0 1
177 177 uniform 4 0 1671 0 0.0001 1 0.00013066535823681846 0.0016934080035010159 -0.00016794574052038752 -0.0038046058995629974 -0.00050662734122059068 0 0.00063727562825218115 271.06825759934412 OK 15 14 0.57772800000000002 0.57324299999999995 0.214421 0.36162499999999997 0.362958 0 0.21610300000000005 0.21028499999999994 0.214421 0.016785999999999999 0.016213000000000002 0.015845000000000001 0.15612300000000007 0.15171199999999996 0.15201599999999998 0.0055079999999999999 0.0053690000000000005 0.005654000000000001 0.0012750000000000001 0.0013079999999999999 0.001403 271.06825051043762 271.06825051043762 271.06825051043762 0.020989801283454221 0.020989801283454221 0.020989801283454221 1 1 1 Converged Converged Converged OK OK OK 112 112 112 112 112 112 8 8 8 0 0 0 0 0 1 0 0
177 177 uniform 4 7 1671 1 0.0001 1 0.00013066535823681846 0.0016934080035010159 -0.00016794574052038752 -0.0038046058995629974 -0.00030047332340307569 0 0.00043112161043466616 273.50633730984754 OK 15 14 0.59245000000000003 0.64167399999999997 0.19064300000000001 0.39998600000000001 0.23087199999999999 0 0.19246400000000002 0.410802 0.19064300000000001 0.015308 0.015429 0.014493000000000001 0.14536799999999997 0.362819 0.14491199999999999 0.0052770000000000004 0.0056169999999999996 0.0053599999999999993 0.0012180000000000001 0.0012729999999999998 0.0012290000000000001 273.50635639772526 273.50635639772526 273.50635639772526 0.019764763152001267 0.019764763152001267 0.019764763152001267 1 1 1 Converged Converged Converged OK OK OK 112 112 112 112 112 112 8 8 8 0 0 0 0 1 0 0 1
177 177 uniform 4 15 1671 2 0.0001 1 0.00013066535823681846 0.0016934080035010159 -0.00016794574052038752 -0.0038046058995629974 -6.4868731611630005e-05 0 0.00019551701864322046 275.3426152858238 OK 15 14 0.616564 0.63593900000000003 0.19453500000000001 0.41980899999999999 0.248117 0 0.19675500000000001 0.387822 0.19453500000000001 0.015183 0.015247 0.014543 0.14924500000000007 0.33992600000000001 0.14831500000000003 0.0052520000000000006 0.0055099999999999993 0.0053200000000000001 0.001248 0.0013450000000000001 0.001222 275.34261278183902 275.34261278183902 275.34261278183902 0.0076027920251222928 0.0076027920251222928 0.0076027920251222928 1 1 1 Converged Converged Converged OK OK OK 105 105 105 105 105 105 7 7 7 0 0 0 0 1 0 0 1
177 177 uniform 4 23 1671 3 0.0001 1 0.00013066535823681846 0.0016934080035010159 -0.00016794574052038752 -0.0038046058995629974 0.00017073586017981568 0 -4.0087573148225235e-05 276.11368060507112 OK 15 14 0.80407099999999998 0.80922300000000003 0.19064300000000001 0.611286 0.43501299999999998 0 0.19278499999999998 0.37421000000000004 0.19064300000000001 0.01529 0.015284000000000001 0.01436 0.14533200000000002 0.326214 0.14459900000000009 0.0052460000000000007 0.0055750000000000001 0.0052699999999999995 0.0012400000000000002 0.0012569999999999999 0.0012129999999999999 276.11367810601752 276.11367810601752 276.11367810601752 0.0078335150148228349 0.0078335150148228349 0.0078335150148228349 1 1 1 Converged Converged Converged OK OK OK 105 105 105 105 105 105 7 7 7 0 0 0 0 1 0 0 1
178 178 linear 3 0 1672 0 0.001 1 0.0010122684295452837 0.0013071459122352962 0.050537391525315382 0.020077333552629969 0.050275962342868324 0.5 -0.049264717564486742 20.827040831690613 OK 13 12 0.374226 0.37113499999999999 0.085958000000000007 0.28595799999999999 0.28431800000000002 0 0.088268000000000013 0.086816999999999978 0.085958000000000007 0.0087690000000000008 0.0091039999999999992 0.0087270000000000004 0.060689999999999973 0.059262999999999975 0.058550999999999999 0.0027620000000000001 0.002679 0.0027850000000000001 0.00056900000000000006 0.00057700000000000004 0.00058099999999999992 20.827011416183748 20.827011416183748 20.827011416183748 0.018283662225779616 0.018283662225779616 0.018283662225779616 1 1 1 Converged Converged Converged OK OK OK 53 53 53 53 53 53 3 3 3 0 0 0 0 0 1 0 0
178 178 linear 3 7 1672 1 0.001 1 0.0010122684295452837 0.0013071459122352962 0.050537391525315382 0.020077333552629969 0.050435093149575227 0.5 -0.049423848371193645 20.779936610874007 OK 13 12 0.38111200000000001 0.34734599999999999 0.081738000000000005 0.29599700000000001 0.157443 0 0.085114999999999996 0.18990299999999999 0.081738000000000005 0.0084700000000000001 0.0085260000000000006 0.0079970000000000006 0.059749000000000003 0.16444299999999998 0.057758000000000004 0.0028850000000000004 0.002859 0.0026190000000000002 0.00056999999999999998 0.00058100000000000003 0.00053899999999999998 20.779907226037366 20.779907226037366 20.779907226037366 0.018227194961521927 0.018227194961521927 0.018227194961521927 1 1 1 Converged Converged Converged OK OK OK 53 53 53 53 53 53 3 3 3 0 0 0 0 1 0 0 1
178 178 linear 3 15 1672 2 0.001 1 0.0010122684295452837 0.0013071459122352962 0.050537391525315382 0.020077333552629969 0.050616956928668834 0.5 -0.049605712150287251 20.726439917023036 OK 13 12 0.37745400000000001 0.34278399999999998 0.083290000000000003 0.291578 0.15781500000000001 0 0.085876000000000008 0.18496899999999997 0.083290000000000003 0.0084430000000000009 0.0085349999999999992 0.0079729999999999992 0.060905000000000008 0.15972100000000003 0.059083999999999984 0.002679 0.0027650000000000001 0.0027299999999999998 0.00058700000000000007 0.00059400000000000002 0.00056099999999999998 20.726410564960396 20.726410564960396 20.726410564960396 0.01816305932178568 0.01816305932178568 0.01816305932178568 1 1 1 Converged Converged Converged OK OK OK 53 53 53 53 53 53 3 3 3 0 0 0 0 1 0 0 1
178 178 linear 3 23 1672 3 0.001 1 0.0010122684295452837 0.0013071459122352962 0.050537391525315382 0.020077333552629969 0.05079882070776244 0.5 -0.049787575929380858 20.673299942314898 OK 13 12 0.37796999999999997 0.34212399999999998 0.083360000000000004 0.29145799999999999 0.158773 0 0.086511999999999978 0.18335099999999999 0.083360000000000004 0.0081560000000000001 0.0082900000000000005 0.0076969999999999998 0.061630999999999998 0.15773200000000007 0.059662999999999994 0.002777 0.0030279999999999999 0.002666 0.0005889999999999999 0.00059200000000000008 0.000562 20.673270621245933 20.673270621245933 20.673270621245933 0.018099345452424594 0.018099345452424594 0.018099345452424594 1 1 1 Converged Converged Converged OK OK OK 53 53 53 53 53 53 3 3 3 0 0 0 0 1 0 0 1
178 178 linear 3 0 1672 0 0.0001 1 0.0010122684295452837 0.0013071459122352962 0.050537391525315382 0.020077333552629969 0.050275962342868324 0.5 -0.049264717564486742 20.827040831690613 OK 13 12 0.41114600000000001 0.40296199999999999 0.120879 0.28387499999999999 0.282084 0 0.12727100000000002 0.12087799999999999 0.120879 0.0089040000000000005 0.0087939999999999997 0.008822 0.089867000000000016 0.084301000000000015 0.08428399999999997 0.0042459999999999998 0.0040790000000000002 0.0039360000000000003 0.00087399999999999999 0.00083299999999999997 0.00086299999999999994 20.827029722545845 20.827029722545845 20.827029722545845 3.6876111028151663e-05 3.6876111028151663e-05 3.6876111028151663e-05 1 1 1 Converged Converged Converged OK OK OK 77 77 77 77 77 77 3 3 3 0 0 0 0 0 1 0 0
178 178 linear 3 7 1672 1 0.0001 1 0.0010122684295452837 0.0013071459122352962 0.050537391525315382 0.020077333552629969 0.050435093149575227 0.5 -0.049423848371193645 20.779936610874007 OK 13 12 0.41073500000000002 0.40479399999999999 0.113135 0.29449500000000001 0.15934599999999999 0 0.11624000000000001 0.245448 0.113135 0.0086079999999999993 0.0085859999999999999 0.0080280000000000004 0.083615999999999996 0.21185500000000002 0.081510000000000041 0.0040769999999999999 0.0046930000000000001 0.0041240000000000001 0.00079299999999999998 0.00083600000000000005 0.00077599999999999989 20.77992543046328 20.77992543046328 20.77992543046328 3.6672026356895857e-05 3.6672026356895857e-05 3.6672026356895857e-05 1 1 1 Converged Converged Converged OK OK OK 77 77 77 77 77 77 3 3 3 0 0 0 0 1 0 0 1
178 178 linear 3 15 1672 2 0.0001 1 0.0010122684295452837 0.0013071459122352962 0.050537391525315382 0.020077333552629969 0.050616956928668834 0.5 -0.049605712150287251 20.726439917023036 OK 13 12 0.40951300000000002 0.401918 0.11489099999999999 0.29111500000000001 0.15587999999999999 0 0.118398 0.24603800000000001 0.11489099999999999 0.0085039999999999994 0.0085869999999999991 0.0078860000000000006 0.085892999999999997 0.21280700000000002 0.083498000000000017 0.0040159999999999996 0.0043409999999999994 0.0040689999999999997 0.0008389999999999999 0.00086200000000000003 0.00081999999999999998 20.726428653669924 20.726428653669924 20.726428653669924 3.6440359361621098e-05 3.6440359361621098e-05 3.6440359361621098e-05 1 1 1 Converged Converged Converged OK OK OK 77 77 77 77 77 77 3 3 3 0 0 0 0 1 0 0 1
178 178 linear 3 23 1672 3 0.0001 1 0.0010122684295452837 0.0013071459122352962 0.050537391525315382 0.020077333552629969 0.05079882070776244 0.5 -0.049787575929380858 20.673299942314898 OK 13 12 0.412078 0.39682200000000001 0.11480600000000001 0.29348600000000002 0.15528 0 0.11859199999999998 0.24154200000000001 0.11480600000000001 0.0082170000000000003 0.0083350000000000004 0.0077089999999999997 0.086244000000000001 0.20868500000000009 0.083849999999999952 0.0040730000000000002 0.0042949999999999993 0.0040200000000000001 0.0009050000000000001 0.00088600000000000007 0.00081599999999999999 20.673288595068303 20.673288595068303 20.673288595068303 3.6210358269503353e-05 3.6210358269503353e-05 3.6210358269503353e-05 1 1 1 Converged Converged Converged OK OK OK 77 77 77 77 77 77 3 3 3 0 0 0 0 1 0 0 1
178 178 linear 4 0 1673 0 0.001 1 0.0010122684295452837 0.0013071459122352962 -0.0069609523378392655 -0.0305830179225372 -0.0072223815202863244 0.5 0.0082336262986679107 33.488871632227884 OK 15 14 0.53482200000000002 0.53172900000000001 0.18034500000000001 0.34504000000000001 0.347441 0 0.18978200000000001 0.18428800000000001 0.18034500000000001 0.015577000000000001 0.015762000000000002 0.01503 0.13506400000000002 0.12904099999999999 0.12626999999999997 0.0052390000000000006 0.0052739999999999992 0.0052789999999999998 0.0011280000000000001 0.0011330000000000001 0.0011590000000000001 33.488854723231519 33.488854723231519 33.488854723231519 0.024096441801664769 0.024096441801664769 0.024096441801664769 1 1 1 Converged Converged Converged OK OK OK 106 106 106 106 106 106 6 6 6 0 0 0 0 0 1 0 0
178 178 linear 4 7 1673 1 0.001 1 0.0010122684295452837 0.0013071459122352962 -0.0069609523378392655 -0.0305830179225372 -0.0070632507135794187 0.5 0.0080744954919610042 33.492394246951733 OK 15 14 0.52395700000000001 0.53049800000000003 0.17104800000000001 0.34867900000000002 0.191189 0 0.17527799999999999 0.33930900000000003 0.17104800000000001 0.014754 0.014710000000000001 0.014123 0.12917500000000004 0.29271100000000011 0.12592199999999995 0.005285999999999999 0.0056370000000000005 0.0054249999999999993 0.0011010000000000002 0.0010790000000000001 0.0010650000000000002 33.492377617083896 33.492377617083896 33.492377617083896 0.024119055040673652 0.024119055040673652 0.024119055040673652 1 1 1 Converged Converged Converged OK OK OK 106 106 106 106 106 106 6 6 6 0 0 0 0 1 0 0 1
178 178 linear 4 15 1673 2 0.001 1 0.0010122684295452837 0.0013071459122352962 -0.0069609523378392655 -0.0305830179225372 -0.0068813869344858131 0.5 0.0078926317128673977 33.499859151083733 OK 15 14 0.66474900000000003 0.67517099999999997 0.171405 0.48719899999999999 0.32838400000000001 0 0.17755000000000004 0.34678699999999996 0.171405 0.014829999999999999 0.014763999999999999 0.014005 0.13111199999999992 0.30055999999999988 0.12687100000000001 0.0054469999999999996 0.0054329999999999995 0.0052409999999999991 0.0011120000000000001 0.0011250000000000001 0.001093 33.499843870221994 33.499843870221994 33.499843870221994 0.024441175933279359 0.024441175933279359 0.024441175933279359 1 1 1 Converged Converged Converged OK OK OK 106 106 106 106 106 106 6 6 6 0 0 0 0 1 0 0 1
178 178 linear 4 23 1673 3 0.001 1 0.0010122684295452837 0.0013071459122352962 -0.0069609523378392655 -0.0305830179225372 -0.0066995231553922067 0.5 0.0077107679337737921 33.510337777746798 OK 15 14 0.51604099999999997 0.509019 0.16771800000000001 0.34344000000000002 0.18911600000000001 0 0.17260099999999995 0.31990299999999999 0.16771800000000001 0.014718999999999999 0.014722000000000001 0.01396 0.12682499999999997 0.27362999999999998 0.12307800000000001 0.005241 0.0056160000000000003 0.005241 0.0011939999999999997 0.0012360000000000001 0.0011980000000000001 33.510323218321297 33.510323218321297 33.510323218321297 0.025034384630501661 0.025034384630501661 0.025034384630501661 1 1 1 Converged Converged Converged OK OK OK 106 106 106 106 106 106 6 6 6 0 0 0 0 1 0 0 1
178 178 linear 4 0 1673 0 0.0001 1 0.0010122684295452837 0.0013071459122352962 -0.0069609523378392655 -0.0305830179225372 -0.0072223815202863244 0.5 0.0082336262986679107 33.488871632227884 OK 15 14 0.55959300000000001 0.55528900000000003 0.207178 0.35118500000000002 0.34622399999999998 0 0.20840799999999998 0.20906500000000006 0.207178 0.015292 0.015885 0.015004 0.14704600000000004 0.14688099999999996 0.14620499999999997 0.0059710000000000006 0.0061369999999999992 0.0060340000000000003 0.0013740000000000002 0.0014400000000000001 0.0013680000000000001 33.488852853905279 33.488852853905279 33.488852853905279 0.0014199279490291594 0.0014199279490291594 0.0014199279490291594 1 1 1 Converged Converged Converged OK OK OK 122 122 122 122 122 122 6 6 6 0 0 0 0 0 1 0 0
178 178 linear 4 7 1673 1 0.0001 1 0.0010122684295452837 0.0013071459122352962 -0.0069609523378392655 -0.0305830179225372 -0.0070632507135794187 0.5 0.0080744954919610042 33.492394246951733 OK 15 14 0.54472399999999999 0.55507099999999998 0.190606 0.348437 0.18713399999999999 0 0.19628699999999999 0.36793699999999996 0.190606 0.014826000000000001 0.014749999999999999 0.014101000000000001 0.14671199999999998 0.31771799999999994 0.14250000000000002 0.0059889999999999995 0.0063610000000000003 0.0059039999999999995 0.001322 0.0013599999999999999 0.0013080000000000001 33.492375392811169 33.492375392811169 33.492375392811169 0.0013665572509628176 0.0013665572509628176 0.0013665572509628176 1 1 1 Converged Converged Converged OK OK OK 122 122 122 122 122 122 6 6 6 0 0 0 0 1 0 0 1
178 178 linear 4 15 1673 2 0.0001 1 0.0010122684295452837 0.0013071459122352962 -0.0069609523378392655 -0.0305830179225372 -0.0068813869344858131 0.5 0.0078926317128673977 33.499859151083733 OK 15 14 0.68710300000000002 0.69821599999999995 0.19146299999999999 0.48328199999999999 0.32661600000000002 0 0.20382100000000003 0.37159999999999993 0.19146299999999999 0.01469 0.018412000000000001 0.014045 0.15375800000000009 0.31833699999999998 0.14339599999999994 0.006169 0.0061760000000000001 0.0060260000000000001 0.0014069999999999998 0.0013599999999999999 0.0013520000000000001 33.499841026972661 33.499841026972661 33.499841026972661 0.0013131448284343667 0.0013131448284343667 0.0013131448284343667 1 1 1 Converged Converged Converged OK OK OK 122 122 122 122 122 122 6 6 6 0 0 0 0 1 0 0 1
178 178 linear 4 23 1673 3 0.0001 1 0.0010122684295452837 0.0013071459122352962 -0.0069609523378392655 -0.0305830179225372 -0.0066995231553922067 0.5 0.0077107679337737921 33.510337777746798 OK 15 14 0.53899600000000003 0.53926700000000005 0.188114 0.34196199999999999 0.19021399999999999 0 0.19703400000000004 0.34905300000000006 0.188114 0.014652999999999999 0.014713 0.013996 0.14756100000000008 0.29895800000000017 0.14029800000000001 0.006082999999999999 0.0063239999999999998 0.0057729999999999995 0.0014469999999999999 0.0014969999999999998 0.0014350000000000001 33.510319516691752 33.510319516691752 33.510319516691752 0.0012665734301727817 0.0012665734301727817 0.0012665734301727817 1 1 1 Converged Converged Converged OK OK OK 122 122 122 122 122 122 6 6 6 0 0 0 0 1 0 0 1
178 178 uniform 3 0 1674 0 0.001 1 0.0010122684295452837 0.0013071459122352962 0.050537391525315382 0.020077333552629969 0.050275962342868324 0 -0.049264717564486742 20.828980698952371 OK 13 12 0.35106300000000001 0.34556599999999998 0.059227000000000002 0.291153 0.28483900000000001 0 0.059910000000000019 0.060726999999999975 0.059227000000000002 0.0087980000000000003 0.0088500000000000002 0.0089350000000000002 0.037828000000000001 0.038730000000000001 0.037515000000000007 0.001781 0.0017780000000000001 0.0017559999999999997 0.00044300000000000003 0.00043799999999999997 0.00042400000000000001 20.8289767311453 20.8289767311453 20.8289767311453 0.0099447323797626011 0.0099447323797626011 0.0099447323797626011 1 1 1 Converged Converged Converged OK OK OK 37 37 37 37 37 37 3 3 3 0 0 0 0 0 1 0 0
178 178 uniform 3 7 1674 1 0.001 1 0.0010122684295452837 0.0013071459122352962 0.050537391525315382 0.020077333552629969 0.050435093149575227 0 -0.049423848371193645 20.781889204428907 OK 13 12 0.35187400000000002 0.27348600000000001 0.055319 0.29519400000000001 0.15625600000000001 0 0.056680000000000008 0.11723 0.055319 0.0083800000000000003 0.0084790000000000004 0.0079469999999999992 0.036597999999999992 0.097219999999999959 0.036239000000000007 0.0017899999999999999 0.001867 0.0017510000000000002 0.00045799999999999997 0.00044700000000000002 0.00041199999999999999 20.781885257900225 20.781885257900225 20.781885257900225 0.0099137475398750046 0.0099137475398750046 0.0099137475398750046 1 1 1 Converged Converged Converged OK OK OK 37 37 37 37 37 37 3 3 3 0 0 0 0 1 0 0 1
178 178 uniform 3 15 1674 2 0.001 1 0.0010122684295452837 0.0013071459122352962 0.050537391525315382 0.020077333552629969 0.050616956928668834 0 -0.049605712150287251 20.72840721917914 OK 13 12 0.34762900000000002 0.279283 0.056840000000000002 0.28935100000000002 0.15445600000000001 0 0.058277999999999996 0.12482699999999999 0.056840000000000002 0.0084270000000000005 0.0084569999999999992 0.0079109999999999996 0.038207000000000012 0.10479100000000001 0.037835000000000001 0.0017879999999999999 0.0018800000000000002 0.0017579999999999998 0.000435 0.00043199999999999998 0.000415 20.728403297024592 20.728403297024592 20.728403297024592 0.0098785691296821715 0.0098785691296821715 0.0098785691296821715 1 1 1 Converged Converged Converged OK OK OK 37 37 37 37 37 37 3 3 3 0 0 0 0 1 0 0 1
178 178 uniform 3 23 1674 3 0.001 1 0.0010122684295452837 0.0013071459122352962 0.050537391525315382 0.020077333552629969 0.05079882070776244 0 -0.049787575929380858 20.675282130897934 OK 13 12 0.34759200000000001 0.273559 0.056710999999999998 0.28940500000000002 0.15440400000000001 0 0.058186999999999989 0.11915499999999998 0.056710999999999998 0.0081810000000000008 0.0083829999999999998 0.0076270000000000001 0.038612000000000014 0.099249999999999991 0.038121999999999982 0.0017470000000000001 0.0018450000000000001 0.001676 0.00042999999999999999 0.00046199999999999995 0.00041800000000000002 20.675278232800249 20.675278232800249 20.675278232800249 0.0098436374343807628 0.0098436374343807628 0.0098436374343807628 1 1 1 Converged Converged Converged OK OK OK 37 37 37 37 37 37 3 3 3 0 0 0 0 1 0 0 1
178 178 uniform 3 0 1674 0 0.0001 1 0.0010122684295452837 0.0013071459122352962 0.050537391525315382 0.020077333552629969 0.050275962342868324 0 -0.049264717564486742 20.828980698952371 OK 13 12 0.39086799999999999 0.38687700000000003 0.10477499999999999 0.28545300000000001 0.281972 0 0.10541499999999998 0.10490500000000003 0.10477499999999999 0.0089479999999999994 0.0088690000000000001 0.0086890000000000005 0.068829000000000001 0.068783000000000011 0.068590999999999985 0.0038539999999999998 0.0038890000000000005 0.0038030000000000004 0.00082399999999999997 0.00080400000000000003 0.00079500000000000003 20.828980553206026 20.828980553206026 20.828980553206026 7.6714463461909629e-06 7.6714463461909629e-06 7.6714463461909629e-06 1 1 1 Converged Converged Converged OK OK OK 77 77 77 77 77 77 3 3 3 0 0 0 0 0 1 0 0
178 178 uniform 3 7 1674 1 0.0001 1 0.0010122684295452837 0.0013071459122352962 0.050537391525315382 0.020077333552629969 0.050435093149575227 0 -0.049423848371193645 20.781889204428907 OK 13 12 0.39319799999999999 0.38810800000000001 0.09733 0.29475899999999999 0.15481 0 0.098438999999999999 0.23329800000000001 0.09733 0.0085269999999999999 0.0084489999999999999 0.0079539999999999993 0.066270000000000023 0.20102599999999995 0.066082999999999989 0.003823 0.0039179999999999996 0.00381 0.00081900000000000007 0.00081200000000000011 0.00076800000000000002 20.781889058716981 20.781889058716981 20.781889058716981 7.6289123190695662e-06 7.6289123190695662e-06 7.6289123190695662e-06 1 1 1 Converged Converged Converged OK OK OK 77 77 77 77 77 77 3 3 3 0 0 0 0 1 0 0 1
178 178 uniform 3 15 1674 2 0.0001 1 0.0010122684295452837 0.0013071459122352962 0.050537391525315382 0.020077333552629969 0.050616956928668834 0 -0.049605712150287251 20.72840721917914 OK 13 12 0.39242100000000002 0.385212 0.099115999999999996 0.29173100000000002 0.15512599999999999 0 0.10069 0.23008600000000001 0.099115999999999996 0.0084110000000000001 0.0084779999999999994 0.0079950000000000004 0.068425 0.19751299999999999 0.067974000000000007 0.0038630000000000001 0.0040110000000000007 0.0038030000000000004 0.00078100000000000001 0.00078199999999999993 0.00079299999999999987 20.728407073725521 20.728407073725521 20.728407073725521 7.5806277704394378e-06 7.5806277704394378e-06 7.5806277704394378e-06 1 1 1 Converged Converged Converged OK OK OK 77 77 77 77 77 77 3 3 3 0 0 0 0 1 0 0 1
178 178 uniform 3 23 1674 3 0.0001 1 0.0010122684295452837 0.0013071459122352962 0.050537391525315382 0.020077333552629969 0.05079882070776244 0 -0.049787575929380858 20.675282130897934 OK 13 12 0.39496199999999998 0.37990800000000002 0.099148 0.294437 0.15471399999999999 0 0.10052499999999998 0.22519400000000003 0.099148 0.0082609999999999992 0.0082059999999999998 0.0076610000000000003 0.068603000000000011 0.19296800000000003 0.068454999999999974 0.003872 0.0040089999999999995 0.0038070000000000001 0.00080199999999999998 0.00082200000000000003 0.00076200000000000009 20.67528198555658 20.67528198555658 20.67528198555658 7.5326891492161681e-06 7.5326891492161681e-06 7.5326891492161681e-06 1 1 1 Converged Converged Converged OK OK OK 77 77 77 77 77 77 3 3 3 0 0 0 0 1 0 0 1
178 178 uniform 4 0 1675 0 0.001 1 0.0010122684295452837 0.0013071459122352962 -0.0069609523378392655 -0.0305830179225372 -0.0072223815202863244 0 0.0082336262986679107 33.494297562360458 OK 15 14 0.47066000000000002 0.47233700000000001 0.11837499999999999 0.35059299999999999 0.352574 0 0.12006700000000003 0.11976300000000001 0.11837499999999999 0.015664000000000001 0.015688000000000001 0.015055000000000001 0.077952000000000007 0.078067999999999971 0.077730000000000007 0.0033090000000000003 0.0032730000000000003 0.0032509999999999995 0.00081599999999999989 0.00079599999999999994 0.00076199999999999998 33.494301149742704 33.494301149742704 33.494301149742704 0.021088977493805231 0.021088977493805231 0.021088977493805231 1 1 1 Converged Converged Converged OK OK OK 74 74 74 74 74 74 6 6 6 0 0 0 0 0 1 0 0
178 178 uniform 4 7 1675 1 0.001 1 0.0010122684295452837 0.0013071459122352962 -0.0069609523378392655 -0.0305830179225372 -0.0070632507135794187 0 0.0080744954919610042 33.497180287830616 OK 15 14 0.45990900000000001 0.391955 0.111762 0.34715000000000001 0.18695100000000001 0 0.112759 0.20500399999999999 0.111762 0.014619 0.014787 0.014057999999999999 0.077359000000000025 0.16923299999999997 0.077438000000000007 0.0032629999999999994 0.0033300000000000001 0.0032459999999999998 0.00075599999999999994 0.00078199999999999993 0.00075100000000000004 33.497184449455759 33.497184449455759 33.497184449455759 0.021186115986527133 0.021186115986527133 0.021186115986527133 1 1 1 Converged Converged Converged OK OK OK 74 74 74 74 74 74 6 6 6 0 0 0 0 1 0 0 1
178 178 uniform 4 15 1675 2 0.001 1 0.0010122684295452837 0.0013071459122352962 -0.0069609523378392655 -0.0305830179225372 -0.0068813869344858131 0 0.0078926317128673977 33.504054476927841 OK 15 14 0.60427799999999998 0.54262299999999997 0.114035 0.48575099999999999 0.32885599999999998 0 0.11852699999999999 0.21376699999999998 0.114035 0.014534 0.014723999999999999 0.014031999999999999 0.083085000000000034 0.17833100000000002 0.07978399999999998 0.0033280000000000002 0.0033059999999999995 0.0032429999999999998 0.00076499999999999995 0.00076699999999999989 0.00076100000000000007 33.504059610565399 33.504059610565399 33.504059610565399 0.021476136594959644 0.021476136594959644 0.021476136594959644 1 1 1 Converged Converged Converged OK OK OK 74 74 74 74 74 74 6 6 6 0 0 0 0 1 0 0 1
178 178 uniform 4 23 1675 3 0.001 1 0.0010122684295452837 0.0013071459122352962 -0.0069609523378392655 -0.0305830179225372 -0.0066995231553922067 0 0.0077107679337737921 33.514054496787708 OK 15 14 0.45371400000000001 0.37855 0.10938100000000001 0.34300199999999997 0.18840699999999999 0 0.11071200000000003 0.19014300000000001 0.10938100000000001 0.014633 0.014683 0.014008 0.075425000000000006 0.15474300000000005 0.075152999999999998 0.0032780000000000001 0.0033729999999999997 0.0032589999999999997 0.00077099999999999998 0.00076300000000000001 0.00075100000000000004 33.514060968835381 33.514060968835381 33.514060968835381 0.021930921166447577 0.021930921166447577 0.021930921166447577 1 1 1 Converged Converged Converged OK OK OK 74 74 74 74 74 74 6 6 6 0 0 0 0 1 0 0 1
178 178 uniform 4 0 1675 0 0.0001 1 0.0010122684295452837 0.0013071459122352962 -0.0069609523378392655 -0.0305830179225372 -0.0072223815202863244 0 0.0082336262986679107 33.494297562360458 OK 15 14 0.52595000000000003 0.52974299999999996 0.18122099999999999 0.34593699999999999 0.34570400000000001 0 0.18001300000000003 0.18403899999999995 0.18122099999999999 0.015500999999999999 0.015987000000000001 0.014836999999999999 0.11899299999999999 0.12295300000000002 0.12145799999999998 0.0056259999999999999 0.0055900000000000004 0.0056720000000000008 0.001333 0.0013590000000000002 0.001328 33.494297385962035 33.494297385962035 33.494297385962035 0.00037777248010943871 0.00037777248010943871 0.00037777248010943871 1 1 1 Converged Converged Converged OK OK OK 122 122 122 122 122 122 6 6 6 0 0 0 0 0 1 0 0
178 178 uniform 4 7 1675 1 0.0001 1 0.0010122684295452837 0.0013071459122352962 -0.0069609523378392655 -0.0305830179225372 -0.0070632507135794187 0 0.0080744954919610042 33.497180287830616 OK 15 14 0.51439299999999999 0.53573099999999996 0.16627 0.34668500000000002 0.19247400000000001 0 0.16770799999999997 0.34325699999999992 0.16627 0.014871000000000001 0.014726 0.014063000000000001 0.11860799999999999 0.29327199999999987 0.11819399999999999 0.0057520000000000002 0.0058300000000000001 0.005653 0.0013180000000000002 0.0013549999999999999 0.0013169999999999998 33.497180111058171 33.497180111058171 33.497180111058171 0.00035407112888510964 0.00035407112888510964 0.00035407112888510964 1 1 1 Converged Converged Converged OK OK OK 122 122 122 122 122 122 6 6 6 0 0 0 0 1 0 0 1
178 178 uniform 4 15 1675 2 0.0001 1 0.0010122684295452837 0.0013071459122352962 -0.0069609523378392655 -0.0305830179225372 -0.0068813869344858131 0 0.0078926317128673977 33.504054476927841 OK 15 14 0.64327000000000001 0.66662299999999997 0.15868399999999999 0.48346899999999998 0.32976499999999997 0 0.15980100000000003 0.33685799999999999 0.15868399999999999 0.014546999999999999 0.014754 0.014050999999999999 0.11286299999999995 0.28890199999999999 0.11293099999999995 0.0052569999999999995 0.005476 0.0051830000000000001 0.0012059999999999998 0.001225 0.0011779999999999998 33.504054754077302 33.504054754077302 33.504054754077302 0.0031952734295332789 0.0031952734295332789 0.0031952734295332789 1 1 1 Converged Converged Converged OK OK OK 114 114 114 114 114 114 6 6 6 0 0 0 0 1 0 0 1
178 178 uniform 4 23 1675 3 0.0001 1 0.0010122684295452837 0.0013071459122352962 -0.0069609523378392655 -0.0305830179225372 -0.0066995231553922067 0 0.0077107679337737921 33.514054496787708 OK 15 14 0.50231000000000003 0.50087599999999999 0.15470400000000001 0.34553400000000001 0.18986700000000001 0 0.15677600000000003 0.31100899999999998 0.15470400000000001 0.014773 0.014682000000000001 0.013948 0.109876 0.26353900000000002 0.10911799999999994 0.0052489999999999993 0.0054080000000000005 0.0052339999999999999 0.001175 0.0012239999999999998 0.0011670000000000001 33.514054637044175 33.514054637044175 33.514054637044175 0.0027495284409652272 0.0027495284409652272 0.0027495284409652272 1 1 1 Converged Converged Converged OK OK OK 114 114 114 114 114 114 6 6 6 0 0 0 0 1 0 0 1
179 179 linear 3 0 1676 0 0.001 1 0.0054395842984795665 0.0011681129311883972 0.029647729830119696 -0.026781476261437211 0.029414107243882017 0.5 -0.024003951941239044 57.176196054629237 OK 15 14 0.48414400000000002 0.47749399999999997 0.16411100000000001 0.31213999999999997 0.31291200000000002 0 0.17200400000000005 0.16458199999999995 0.16411100000000001 0.015831999999999999 0.015987000000000001 0.015468000000000001 0.117537 0.11090900000000002 0.11121799999999997 0.0053330000000000001 0.0052839999999999996 0.0054299999999999999 0.001106 0.001077 0.0010950000000000001 57.176081278821798 57.176081278821798 57.176081278821798 0.036045098970843278 0.036045098970843278 0.036045098970843278 1 1 1 Converged Converged Converged OK OK OK 99 99 99 99 99 99 5 5 5 0 0 0 0 0 1 0 0
179 179 linear 3 7 1676 1 0.001 1 0.0054395842984795665 0.0011681129311883972 0.029647729830119696 -0.026781476261437211 0.029556312296374516 0.5 -0.024146156993731543 57.859086937421864 OK 15 14 0.56601100000000004 0.61566799999999999 0.160243 0.40229100000000001 0.28331200000000001 0 0.16372000000000003 0.33235599999999998 0.160243 0.014272 0.014468 0.013735000000000001 0.11880899999999997 0.28663599999999989 0.11607200000000002 0.0053690000000000005 0.0057639999999999992 0.005458000000000001 0.0010479999999999999 0.0010380000000000001 0.0010190000000000002 57.858971985935405 57.858971985935405 57.858971985935405 0.035958516981470103 0.035958516981470103 0.035958516981470103 1 1 1 Converged Converged Converged OK OK OK 99 99 99 99 99 99 5 5 5 0 0 0 0 1 0 0 1
179 179 linear 3 15 1676 2 0.001 1 0.0054395842984795665 0.0011681129311883972 0.029647729830119696 -0.026781476261437211 0.029718832356365948 0.5 -0.024308677053722975 58.710694647212428 OK 15 14 0.57102200000000003 0.66869299999999998 0.150258 0.41213 0.291875 0 0.15889200000000003 0.37681799999999999 0.150258 0.018466 0.014508 0.013714 0.10920299999999999 0.33124799999999982 0.10643100000000001 0.0054550000000000006 0.0052830000000000012 0.0052840000000000005 0.0011509999999999999 0.001109 0.001093 58.710578264418601 58.710578264418601 58.710578264418601 0.035859890677472729 0.035859890677472729 0.035859890677472729 1 1 1 Converged Converged Converged OK OK OK 99 99 99 99 99 99 5 5 5 0 0 0 0 1 0 0 1
179 179 linear 3 23 1676 3 0.001 1 0.0054395842984795665 0.0011681129311883972 0.029647729830119696 -0.026781476261437211 0.029881352416357376 0.5 -0.024471197113714403 59.651717900309599 OK 15 14 0.57914500000000002 0.65074799999999999 0.15207100000000001 0.42308299999999999 0.307365 0 0.15606200000000003 0.34338299999999999 0.15207100000000001 0.013946999999999999 0.014234999999999999 0.013311 0.111058 0.29713200000000023 0.10847900000000005 0.0054759999999999991 0.005921 0.0052669999999999991 0.001119 0.0011659999999999997 0.001106 59.651602061016469 59.651602061016469 59.651602061016469 0.035761648323532708 0.035761648323532708 0.035761648323532708 1 1 1 Converged Converged Converged OK OK OK 99 99 99 99 99 99 5 5 5 0 0 0 0 1 0 0 1
179 179 linear 3 0 1676 0 0.0001 1 0.0054395842984795665 0.0011681129311883972 0.029647729830119696 -0.026781476261437211 0.029414107243882017 0.5 -0.024003951941239044 57.176196054629237 OK 15 14 0.51827199999999995 0.53315199999999996 0.19999800000000001 0.31399700000000003 0.32292700000000002 0 0.20427499999999993 0.21022499999999994 0.19999800000000001 0.015708 0.016386999999999999 0.015271 0.14018799999999995 0.141262 0.1364439999999999 0.0065870000000000008 0.0094240000000000018 0.0066859999999999992 0.0013240000000000001 0.0013810000000000001 0.00133 57.176158034443318 57.176158034443318 57.176158034443318 0.00046631031763056074 0.00046631031763056074 0.00046631031763056074 1 1 1 Converged Converged Converged OK OK OK 123 123 123 123 123 123 5 5 5 0 0 0 0 0 1 0 0
179 179 linear 3 7 1676 1 0.0001 1 0.0054395842984795665 0.0011681129311883972 0.029647729830119696 -0.026781476261437211 0.029556312296374516 0.5 -0.024146156993731543 57.859086937421864 OK 15 14 0.60106899999999996 0.70599199999999995 0.192464 0.40332000000000001 0.28732999999999997 0 0.19774899999999995 0.41866199999999998 0.192464 0.014453000000000001 0.014326999999999999 0.0137 0.14462399999999992 0.36546399999999996 0.14103600000000002 0.0069910000000000007 0.0069439999999999997 0.0067209999999999995 0.0013830000000000001 0.0013000000000000002 0.001307 57.859048557935928 57.859048557935928 57.859048557935928 0.00046694377067438655 0.00046694377067438655 0.00046694377067438655 1 1 1 Converged Converged Converged OK OK OK 123 123 123 123 123 123 5 5 5 0 0 0 0 1 0 0 1
179 179 linear 3 15 1676 2 0.0001 1 0.0054395842984795665 0.0011681129311883972 0.029647729830119696 -0.026781476261437211 0.029718832356365948 0.5 -0.024308677053722975 58.710694647212428 OK 15 14 0.602545 0.755583 0.18393799999999999 0.41276299999999999 0.295566 0 0.18978200000000001 0.46001700000000001 0.18393799999999999 0.014423999999999999 0.014484 0.013716000000000001 0.13687600000000005 0.40672600000000003 0.13284499999999996 0.0068669999999999998 0.006731 0.0064729999999999996 0.0013530000000000003 0.0013550000000000001 0.001364 58.710654627135689 58.710654627135689 58.710654627135689 0.00046776696967892965 0.00046776696967892965 0.00046776696967892965 1 1 1 Converged Converged Converged OK OK OK 123 123 123 123 123 123 5 5 5 0 0 0 0 1 0 0 1
179 179 linear 3 23 1676 3 0.0001 1 0.0054395842984795665 0.0011681129311883972 0.029647729830119696 -0.026781476261437211 0.029881352416357376 0.5 -0.024471197113714403 59.651717900309599 OK 15 14 0.621591 0.72604999999999997 0.18554799999999999 0.43079699999999999 0.30487199999999998 0 0.19079400000000002 0.421178 0.18554799999999999 0.013950000000000001 0.014104 0.013335 0.13827000000000003 0.36805600000000022 0.13464100000000001 0.0067130000000000002 0.0068319999999999978 0.0066230000000000004 0.0014189999999999999 0.0014479999999999999 0.0014339999999999999 59.651678215062553 59.651678215062553 59.651678215062553 0.00046873104973266353 0.00046873104973266353 0.00046873104973266353 1 1 1 Converged Converged Converged OK OK OK 123 123 123 123 123 123 5 5 5 0 0 0 0 1 0 0 1
179 179 linear 4 0 1677 0 0.001 1 0.0054395842984795665 0.0011681129311883972 0.012424799938225465 -0.079281849434535909 0.012191177351987785 0.5 -0.0067810220493448115 15.322344670816346 OK 15 14 0.64875700000000003 0.65181 0.18066599999999999 0.461252 0.46428199999999997 0 0.18750500000000003 0.18752800000000003 0.18066599999999999 0.015445 0.015374000000000001 0.014959 0.13087199999999999 0.12994400000000003 0.12504799999999999 0.0055199999999999997 0.0061639999999999993 0.0054169999999999999 0.001284 0.0013130000000000001 0.001302 15.322335571308919 15.322335571308919 15.322335571308919 0.0052163700242801644 0.0052163700242801644 0.0052163700242801644 1 1 1 Converged Converged Converged OK OK OK 107 107 107 107 107 107 5 5 5 0 0 0 0 0 1 0 0
179 179 linear 4 7 1677 1 0.001 1 0.0054395842984795665 0.0011681129311883972 0.012424799938225465 -0.079281849434535909 0.012333382404480286 0.5 -0.0069232271018373126 15.377851546079242 OK 15 14 0.535161 0.58131200000000005 0.18104000000000001 0.35355399999999998 0.22864200000000001 0 0.18160700000000002 0.35267000000000004 0.18104000000000001 0.01477 0.014923000000000001 0.013963 0.13314400000000001 0.30386999999999986 0.13426400000000005 0.005738 0.006038 0.0056509999999999998 0.0012459999999999999 0.0012999999999999999 0.0011949999999999999 15.37784253131583 15.37784253131583 15.37784253131583 0.0053873238797060982 0.0053873238797060982 0.0053873238797060982 1 1 1 Converged Converged Converged OK OK OK 107 107 107 107 107 107 5 5 5 0 0 0 0 1 0 0 1
179 179 linear 4 15 1677 2 0.001 1 0.0054395842984795665 0.0011681129311883972 0.012424799938225465 -0.079281849434535909 0.012495902464471714 0.5 -0.0070857471618287404 15.447556510329539 OK 15 14 0.53032900000000005 0.57636900000000002 0.17582 0.34735300000000002 0.21743299999999999 0 0.18297600000000003 0.35893600000000003 0.17582 0.017513000000000001 0.014779 0.014017 0.13220399999999999 0.31064999999999987 0.129052 0.0057650000000000002 0.0057410000000000004 0.0057089999999999997 0.0012089999999999998 0.0011810000000000002 0.0012000000000000001 15.44754723264697 15.44754723264697 15.44754723264697 0.0056067364029573925 0.0056067364029573925 0.0056067364029573925 1 1 1 Converged Converged Converged OK OK OK 107 107 107 107 107 107 5 5 5 0 0 0 0 1 0 0 1
179 179 linear 4 23 1677 3 0.001 1 0.0054395842984795665 0.0011681129311883972 0.012424799938225465 -0.079281849434535909 0.012658422524463144 0.5 -0.0072482672218201699 15.525250368283086 OK 15 14 0.51998500000000003 0.58756299999999995 0.17185 0.34748499999999999 0.22617499999999999 0 0.17250000000000004 0.36138799999999993 0.17185 0.014635 0.014614 0.013844 0.12450399999999999 0.31314699999999984 0.12538000000000007 0.005842 0.0058430000000000001 0.0057290000000000006 0.001199 0.001217 0.0011639999999999999 15.52524063401829 15.52524063401829 15.52524063401829 0.0058575109184620198 0.0058575109184620198 0.0058575109184620198 1 1 1 Converged Converged Converged OK OK OK 107 107 107 107 107 107 5 5 5 0 0 0 0 1 0 0 1
179 179 linear 4 0 1677 0 0.0001 1 0.0054395842984795665 0.0011681129311883972 0.012424799938225465 -0.079281849434535909 0.012191177351987785 0.5 -0.0067810220493448115 15.322344670816346 OK 15 14 0.70486800000000005 0.69914500000000002 0.23449200000000001 0.46573199999999998 0.459509 0 0.23913600000000007 0.23963600000000002 0.23449200000000001 0.015313 0.015313 0.014787 0.16930299999999998 0.1701399999999999 0.16585700000000003 0.0072589999999999998 0.0072149999999999992 0.0072020000000000001 0.0015810000000000002 0.0015619999999999998 0.0015820000000000003 15.322335602859322 15.322335602859322 15.322335602859322 0.00030422015796365448 0.00030422015796365448 0.00030422015796365448 1 1 1 Converged Converged Converged OK OK OK 139 139 139 139 139 139 5 5 5 0 0 0 0 0 1 0 0
179 179 linear 4 7 1677 1 0.0001 1 0.0054395842984795665 0.0011681129311883972 0.012424799938225465 -0.079281849434535909 0.012333382404480286 0.5 -0.0069232271018373126 15.377851546079242 OK 15 14 0.58377100000000004 0.64839199999999997 0.22267899999999999 0.35574 0.22419600000000001 0 0.22803100000000004 0.42419599999999996 0.22267899999999999 0.014623000000000001 0.014648 0.014045 0.17026199999999997 0.36621300000000023 0.16616299999999995 0.0074579999999999994 0.0075120000000000004 0.0073969999999999999 0.0015099999999999998 0.0014430000000000001 0.0014299999999999998 15.377842568310244 15.377842568310244 15.377842568310244 0.0003027341205217204 0.0003027341205217204 0.0003027341205217204 1 1 1 Converged Converged Converged OK OK OK 139 139 139 139 139 139 5 5 5 0 0 0 0 1 0 0 1
179 179 linear 4 15 1677 2 0.0001 1 0.0054395842984795665 0.0011681129311883972 0.012424799938225465 -0.079281849434535909 0.012495902464471714 0.5 -0.0070857471618287404 15.447556510329539 OK 15 14 0.57813300000000001 0.64485499999999996 0.22515099999999999 0.34847099999999998 0.216251 0 0.22966200000000003 0.42860399999999998 0.22515099999999999 0.014518 0.014781000000000001 0.013965 0.17206200000000002 0.37041900000000005 0.16839199999999999 0.0076480000000000003 0.0077100000000000007 0.0075200000000000015 0.0014499999999999999 0.0014529999999999999 0.001446 15.447547277583864 15.447547277583864 15.447547277583864 0.00030105632455963867 0.00030105632455963867 0.00030105632455963867 1 1 1 Converged Converged Converged OK OK OK 139 139 139 139 139 139 5 5 5 0 0 0 0 1 0 0 1
179 179 linear 4 23 1677 3 0.0001 1 0.0054395842984795665 0.0011681129311883972 0.012424799938225465 -0.079281849434535909 0.012658422524463144 0.5 -0.0072482672218201699 15.525250368283086 OK 15 14 0.57091000000000003 0.66129899999999997 0.22379399999999999 0.34867100000000001 0.22367300000000001 0 0.22223900000000002 0.43762599999999996 0.22379399999999999 0.014605 0.014635 0.014300999999999999 0.16475400000000001 0.37955399999999978 0.16584100000000002 0.0073879999999999987 0.0075259999999999997 0.0076640000000000007 0.0014589999999999998 0.0014660000000000001 0.001462 15.525240689503061 15.525240689503061 15.525240689503061 0.0002994023849853292 0.0002994023849853292 0.0002994023849853292 1 1 1 Converged Converged Converged OK OK OK 139 139 139 139 139 139 5 5 5 0 0 0 0 1 0 0 1
179 179 uniform 3 0 1678 0 0.001 1 0.0054395842984795665 0.0011681129311883972 0.029647729830119696 -0.026781476261437211 0.029414107243882017 0 -0.024003951941239044 57.349922338460935 OK 15 14 0.41894700000000001 0.42153499999999999 0.105867 0.31168000000000001 0.31496400000000002 0 0.107267 0.10657099999999997 0.105867 0.015599999999999999 0.015792 0.015212 0.066540000000000002 0.066474999999999992 0.066119999999999984 0.003418 0.0032550000000000001 0.0032049999999999999 0.00080699999999999999 0.00080400000000000003 0.00081599999999999999 57.349903411449553 57.349903411449553 57.349903411449553 0.04208810549687008 0.04208810549687008 0.04208810549687008 1 1 1 Converged Converged Converged OK OK OK 67 67 67 67 67 67 5 5 5 0 0 0 0 0 1 0 0
179 179 uniform 3 7 1678 1 0.001 1 0.0054395842984795665 0.0011681129311883972 0.029647729830119696 -0.026781476261437211 0.029556312296374516 0 -0.024146156993731543 58.052205919015201 OK 15 14 0.50815999999999995 0.49497200000000002 0.104223 0.402447 0.28212999999999999 0 0.10571299999999995 0.21284200000000003 0.104223 0.014213 0.014253 0.013599 0.071019999999999986 0.17805699999999997 0.070676000000000017 0.0032590000000000002 0.0033310000000000002 0.0031430000000000004 0.00076400000000000014 0.00079500000000000003 0.00075000000000000002 58.052186870158664 58.052186870158664 58.052186870158664 0.043586201421646799 0.043586201421646799 0.043586201421646799 1 1 1 Converged Converged Converged OK OK OK 67 67 67 67 67 67 5 5 5 0 0 0 0 1 0 0 1
179 179 uniform 3 15 1678 2 0.001 1 0.0054395842984795665 0.0011681129311883972 0.029647729830119696 -0.026781476261437211 0.029718832356365948 0 -0.024308677053722975 58.930376712351396 OK 15 14 0.511571 0.52713600000000005 0.096724000000000004 0.41342200000000001 0.29764600000000002 0 0.098148999999999986 0.22949000000000003 0.096724000000000004 0.014208 0.014399 0.013682 0.063492000000000007 0.19426800000000005 0.063120999999999997 0.0031970000000000006 0.0033909999999999999 0.00315 0.000785 0.00079199999999999995 0.00082100000000000001 58.930357750475807 58.930357750475807 58.930357750475807 0.045566626528212605 0.045566626528212605 0.045566626528212605 1 1 1 Converged Converged Converged OK OK OK 67 67 67 67 67 67 5 5 5 0 0 0 0 1 0 0 1
179 179 uniform 3 23 1678 3 0.001 1 0.0054395842984795665 0.0011681129311883972 0.029647729830119696 -0.026781476261437211 0.029881352416357376 0 -0.024471197113714403 59.904140438922745 OK 15 14 0.52430200000000005 0.52832500000000004 0.095326999999999995 0.42678300000000002 0.305261 0 0.097519000000000022 0.22306400000000004 0.095326999999999995 0.013916 0.014119 0.013266 0.063168000000000002 0.188196 0.062276000000000005 0.0032469999999999999 0.0033900000000000007 0.0031310000000000005 0.00079099999999999993 0.00083500000000000002 0.00077899999999999996 59.904121482097409 59.904121482097409 59.904121482097409 0.04791111185889943 0.04791111185889943 0.04791111185889943 1 1 1 Converged Converged Converged OK OK OK 67 67 67 67 67 67 5 5 5 0 0 0 0 1 0 0 1
179 179 uniform 3 0 1678 0 0.0001 1 0.0054395842984795665 0.0011681129311883972 0.029647729830119696 -0.026781476261437211 0.029414107243882017 0 -0.024003951941239044 57.349922338460935 OK 15 14 0.46729599999999999 0.46857300000000002 0.15456800000000001 0.31283499999999997 0.31461699999999998 0 0.15446100000000001 0.15395600000000004 0.15456800000000001 0.015842999999999999 0.015739 0.017609 0.097554999999999989 0.097538999999999987 0.096959000000000004 0.0054869999999999997 0.0053479999999999995 0.0053319999999999999 0.001307 0.0012099999999999999 0.0011740000000000001 57.349919407384945 57.349919407384945 57.349919407384945 0.004516536270761976 0.004516536270761976 0.004516536270761976 1 1 1 Converged Converged Converged OK OK OK 107 107 107 107 107 107 5 5 5 0 0 0 0 0 1 0 0
179 179 uniform 3 7 1678 1 0.0001 1 0.0054395842984795665 0.0011681129311883972 0.029647729830119696 -0.026781476261437211 0.029556312296374516 0 -0.024146156993731543 58.052205919015201 OK 15 14 0.55583499999999997 0.60603600000000002 0.14841799999999999 0.40566600000000003 0.284889 0 0.15016899999999994 0.32114700000000002 0.14841799999999999 0.014401000000000001 0.014524 0.013629 0.10315499999999998 0.273206 0.10265799999999996 0.0053949999999999996 0.0056129999999999999 0.0053330000000000001 0.0011860000000000002 0.0011899999999999999 0.0011540000000000001 58.052202828245512 58.052202828245512 58.052202828245512 0.0045048264461272063 0.0045048264461272063 0.0045048264461272063 1 1 1 Converged Converged Converged OK OK OK 107 107 107 107 107 107 5 5 5 0 0 0 0 1 0 0 1
179 179 uniform 3 15 1678 2 0.0001 1 0.0054395842984795665 0.0011681129311883972 0.029647729830119696 -0.026781476261437211 0.029718832356365948 0 -0.024308677053722975 58.930376712351396 OK 15 14 0.557342 0.66010199999999997 0.139067 0.41650799999999999 0.29268300000000003 0 0.14083400000000001 0.36741899999999994 0.139067 0.014282 0.014334 0.013733 0.093664999999999984 0.31961199999999984 0.093069999999999986 0.0053419999999999995 0.0055280000000000008 0.0052569999999999995 0.001276 0.0012890000000000002 0.0012619999999999999 58.93037366542567 58.93037366542567 58.93037366542567 0.004491485558038349 0.004491485558038349 0.004491485558038349 1 1 1 Converged Converged Converged OK OK OK 107 107 107 107 107 107 5 5 5 0 0 0 0 1 0 0 1
179 179 uniform 3 23 1678 3 0.0001 1 0.0054395842984795665 0.0011681129311883972 0.029647729830119696 -0.026781476261437211 0.029881352416357376 0 -0.024471197113714403 59.904140438922745 OK 15 14 0.56868399999999997 0.63461299999999998 0.14050000000000001 0.42588900000000002 0.30459799999999998 0 0.14279499999999995 0.330015 0.14050000000000001 0.013927 0.014113000000000001 0.013351999999999999 0.096087000000000006 0.28286599999999995 0.095213000000000006 0.0054050000000000001 0.0055319999999999996 0.0052650000000000006 0.0012360000000000001 0.001217 0.0011690000000000001 59.904137354103099 59.904137354103099 59.904137354103099 0.0044781903580942001 0.0044781903580942001 0.0044781903580942001 1 1 1 Converged Converged Converged OK OK OK 107 107 107 107 107 107 5 5 5 0 0 0 0 1 0 0 1
179 179 uniform 4 0 1679 0 0.001 1 0.0054395842984795665 0.0011681129311883972 0.012424799938225465 -0.079281849434535909 0.012191177351987785 0 -0.0067810220493448115 15.328445843778765 OK 15 14 0.58682299999999998 0.58679899999999996 0.120203 0.464783 0.46532499999999999 0 0.12203999999999998 0.12147399999999997 0.120203 0.015500999999999999 0.015587 0.014881 0.077817999999999957 0.077880000000000005 0.077477999999999977 0.0038140000000000001 0.0036570000000000001 0.0035209999999999998 0.00090700000000000004 0.00088000000000000014 0.00088999999999999995 15.328445747579494 15.328445747579494 15.328445747579494 0.005835780593740395 0.005835780593740395 0.005835780593740395 1 1 1 Converged Converged Converged OK OK OK 75 75 75 75 75 75 5 5 5 0 0 0 0 0 1 0 0
179 179 uniform 4 7 1679 1 0.001 1 0.0054395842984795665 0.0011681129311883972 0.012424799938225465 -0.079281849434535909 0.012333382404480286 0 -0.0069232271018373126 15.384805246522479 OK 15 14 0.47029100000000001 0.43608000000000002 0.11707099999999999 0.351632 0.22427900000000001 0 0.11865900000000001 0.21180100000000002 0.11707099999999999 0.014559000000000001 0.014633 0.013975 0.080983000000000013 0.17438500000000007 0.080735000000000015 0.0037320000000000001 0.0037430000000000007 0.0035959999999999998 0.00091300000000000007 0.00088800000000000012 0.00086300000000000005 15.384805148727477 15.384805148727477 15.384805148727477 0.0059152739483843541 0.0059152739483843541 0.0059152739483843541 1 1 1 Converged Converged Converged OK OK OK 75 75 75 75 75 75 5 5 5 0 0 0 0 1 0 0 1
179 179 uniform 4 15 1679 2 0.001 1 0.0054395842984795665 0.0011681129311883972 0.012424799938225465 -0.079281849434535909 0.012495902464471714 0 -0.0070857471618287404 15.455715600107531 OK 15 14 0.47247699999999998 0.42021999999999998 0.116227 0.348387 0.212869 0 0.12408999999999998 0.20735099999999998 0.116227 0.014551 0.014599000000000001 0.014017 0.086770000000000014 0.16994500000000001 0.07998799999999999 0.003676 0.0037070000000000002 0.003614 0.00088800000000000012 0.00087000000000000001 0.00088199999999999997 15.455715496633188 15.455715496633188 15.455715496633188 0.006022140962277071 0.006022140962277071 0.006022140962277071 1 1 1 Converged Converged Converged OK OK OK 75 75 75 75 75 75 5 5 5 0 0 0 0 1 0 0 1
179 179 uniform 4 23 1679 3 0.001 1 0.0054395842984795665 0.0011681129311883972 0.012424799938225465 -0.079281849434535909 0.012658422524463144 0 -0.0072482672218201699 15.534950962367439 OK 15 14 0.45981100000000003 0.45322699999999999 0.111349 0.34680499999999997 0.22148499999999999 0 0.11300600000000005 0.231742 0.111349 0.014578000000000001 0.01472 0.013981 0.075622999999999996 0.19399799999999998 0.075095999999999982 0.0037819999999999993 0.0038520000000000004 0.0035760000000000002 0.00085699999999999991 0.00089200000000000011 0.00086400000000000008 15.534950852203302 15.534950852203302 15.534950852203302 0.0061514132564135637 0.0061514132564135637 0.0061514132564135637 1 1 1 Converged Converged Converged OK OK OK 75 75 75 75 75 75 5 5 5 0 0 0 0 1 0 0 1
179 179 uniform 4 0 1679 0 0.0001 1 0.0054395842984795665 0.0011681129311883972 0.012424799938225465 -0.079281849434535909 0.012191177351987785 0 -0.0067810220493448115 15.328445843778765 OK 15 14 0.62399099999999996 0.62446500000000005 0.15954699999999999 0.46367000000000003 0.46398 0 0.16032099999999994 0.16048500000000004 0.15954699999999999 0.015419 0.015469 0.014833000000000001 0.10416099999999999 0.10423499999999999 0.10401600000000003 0.0053530000000000001 0.0053609999999999994 0.0052610000000000001 0.001168 0.001189 0.001193 15.328445747537334 15.328445747537334 15.328445747537334 0.001395164304466547 0.001395164304466547 0.001395164304466547 1 1 1 Converged Converged Converged OK OK OK 107 107 107 107 107 107 5 5 5 0 0 0 0 0 1 0 0
179 179 uniform 4 7 1679 1 0.0001 1 0.0054395842984795665 0.0011681129311883972 0.012424799938225465 -0.079281849434535909 0.012333382404480286 0 -0.0069232271018373126 15.384805246522479 OK 15 14 0.51007199999999997 0.55784100000000003 0.15440200000000001 0.35367399999999999 0.226074 0 0.15639799999999998 0.33176700000000003 0.15440200000000001 0.01477 0.014697999999999999 0.013906 0.10906500000000001 0.28418400000000005 0.10835700000000008 0.0054229999999999999 0.0054450000000000002 0.0053449999999999999 0.001173 0.0011659999999999999 0.0011690000000000001 15.384805148684878 15.384805148684878 15.384805148684878 0.0014750635770886342 0.0014750635770886342 0.0014750635770886342 1 1 1 Converged Converged Converged OK OK OK 107 107 107 107 107 107 5 5 5 0 0 0 0 1 0 0 1
179 179 uniform 4 15 1679 2 0.0001 1 0.0054395842984795665 0.0011681129311883972 0.012424799938225465 -0.079281849434535909 0.012495902464471714 0 -0.0070857471618287404 15.455715600107531 OK 15 14 0.53341799999999995 0.58331100000000002 0.17732600000000001 0.35038000000000002 0.21037700000000001 0 0.18303799999999992 0.37293399999999999 0.17732600000000001 0.014536 0.017609 0.013993 0.12936700000000004 0.315909 0.12482799999999999 0.0061960000000000001 0.0063209999999999994 0.006123 0.001284 0.0013330000000000002 0.001261 15.455715491110936 15.455715491110936 15.455715491110936 0.00056325024096806099 0.00056325024096806099 0.00056325024096806099 1 1 1 Converged Converged Converged OK OK OK 123 123 123 123 123 123 5 5 5 0 0 0 0 1 0 0 1
179 179 uniform 4 23 1679 3 0.0001 1 0.0054395842984795665 0.0011681129311883972 0.012424799938225465 -0.079281849434535909 0.012658422524463144 0 -0.0072482672218201699 15.534950962367439 OK 15 14 0.516517 0.596132 0.16633700000000001 0.34834799999999999 0.222027 0 0.16816900000000001 0.37410500000000002 0.16633700000000001 0.014782999999999999 0.014636 0.013931000000000001 0.11583499999999998 0.32137000000000004 0.11540599999999999 0.0061480000000000007 0.0063850000000000001 0.0061350000000000016 0.0012890000000000002 0.0013010000000000001 0.0012440000000000001 15.534950846223751 15.534950846223751 15.534950846223751 0.00060300173331107509 0.00060300173331107509 0.00060300173331107509 1 1 1 Converged Converged Converged OK OK OK 123 123 123 123 123 123 5 5 5 0 0 0 0 1 0 0 1
180 180 linear 3 0 1680 0 0.001 1 0.021456116900412193 0.0020678234579829366 -0.015498906618317028 0.18850885932339931 -0.015912471309913617 0.5 0.036917893418031533 5.6985717755796585 OK 13 12 0.512208 0.51738700000000004 0.103088 0.406754 0.41370000000000001 0 0.10545399999999999 0.10368700000000003 0.103088 0.0099120000000000007 0.0097529999999999995 0.0095770000000000004 0.073753999999999986 0.072423000000000001 0.071901999999999966 0.0031740000000000002 0.0031519999999999999 0.0031479999999999998 0.00067599999999999995 0.00069200000000000002 0.00068100000000000007 5.6985691760156811 5.6985691760156811 5.6985691760156811 0.0045927714812517726 0.0045927714812517726 0.0045927714812517726 1 1 1 Converged Converged Converged OK OK OK 61 61 61 61 61 61 3 3 3 0 0 0 0 0 1 0 0
180 180 linear 3 7 1680 1 0.001 1 0.021456116900412193 0.0020678234579829366 -0.015498906618317028 0.18850885932339931 -0.015660736280246126 0.5 0.03666615838836404 5.7075628464753221 OK 13 12 0.55865100000000001 0.56489800000000001 0.102882 0.45570100000000002 0.325569 0 0.10294999999999999 0.23932900000000001 0.102882 0.0093939999999999996 0.0093710000000000009 0.0087889999999999999 0.074328000000000005 0.21025200000000002 0.075378000000000014 0.0032099999999999997 0.0032739999999999996 0.0031970000000000002 0.00073200000000000001 0.00074100000000000001 0.00072499999999999995 5.7075600979655352 5.7075600979655352 5.7075600979655352 0.0046067472894254632 0.0046067472894254632 0.0046067472894254632 1 1 1 Converged Converged Converged OK OK OK 61 61 61 61 61 61 3 3 3 0 0 0 0 1 0 0 1
180 180 linear 3 15 1680 2 0.001 1 0.021456116900412193 0.0020678234579829366 -0.015498906618317028 0.18850885932339931 -0.015373039103483284 0.5 0.036378461211601196 5.7181516278996982 OK 13 12 0.53526799999999997 0.54931099999999999 0.10226 0.42642799999999997 0.29919499999999999 0 0.10883999999999999 0.250116 0.10226 0.0095910000000000006 0.0096469999999999993 0.0091339999999999998 0.080079999999999998 0.22061100000000003 0.074483000000000021 0.003235 0.0033449999999999999 0.0031399999999999996 0.000669 0.00072500000000000006 0.00066099999999999991 5.7181491014205097 5.7181491014205097 5.7181491014205097 0.0046232725210918557 0.0046232725210918557 0.0046232725210918557 1 1 1 Converged Converged Converged OK OK OK 61 61 61 61 61 61 3 3 3 0 0 0 0 1 0 0 1
180 180 linear 3 23 1680 3 0.001 1 0.021456116900412193 0.0020678234579829366 -0.015498906618317028 0.18850885932339931 -0.01508534192672044 0.5 0.036090764034838352 5.7290980151391828 OK 13 12 0.57652800000000004 0.57347800000000004 0.101106 0.47250599999999998 0.34544000000000002 0 0.10402200000000006 0.22803800000000002 0.101106 0.0095689999999999994 0.0096830000000000006 0.0091160000000000008 0.075344999999999995 0.19859899999999997 0.073288000000000006 0.003153 0.003388 0.0032009999999999999 0.000669 0.00070199999999999993 0.00064800000000000003 5.7290953139330663 5.7290953139330663 5.7290953139330663 0.004640428789442542 0.004640428789442542 0.004640428789442542 1 1 1 Converged Converged Converged OK OK OK 61 61 61 61 61 61 3 3 3 0 0 0 0 1 0 0 1
180 180 linear 3 0 1680 0 0.0001 1 0.021456116900412193 0.0020678234579829366 -0.015498906618317028 0.18850885932339931 -0.015912471309913617 0.5 0.036917893418031533 5.6985717755796585 OK 13 12 0.56364899999999996 0.56335299999999999 0.15260399999999999 0.40747499999999998 0.40715699999999999 0 0.15617399999999998 0.156196 0.15260399999999999 0.0099109999999999997 0.0097669999999999996 0.0095530000000000007 0.11224599999999998 0.11240799999999999 0.10911300000000004 0.0049090000000000002 0.0049290000000000002 0.0049670000000000001 0.00091999999999999992 0.00093000000000000016 0.00089599999999999999 5.6985691785279498 5.6985691785279498 5.6985691785279498 1.4700259161042606e-08 1.4700259161042606e-08 1.4700259161042606e-08 1 1 1 Converged Converged Converged OK OK OK 93 93 93 93 93 93 3 3 3 0 0 0 0 0 1 0 0
180 180 linear 3 7 1680 1 0.0001 1 0.021456116900412193 0.0020678234579829366 -0.015498906618317028 0.18850885932339931 -0.015660736280246126 0.5 0.03666615838836404 5.7075628464753221 OK 13 12 0.60750999999999999 0.66565099999999999 0.14727000000000001 0.454372 0.32033499999999998 0 0.153138 0.34531600000000001 0.14727000000000001 0.0095770000000000004 0.0094160000000000008 0.0087980000000000003 0.11341099999999998 0.30652200000000013 0.10995300000000005 0.0052960000000000004 0.0051100000000000008 0.0050350000000000004 0.000977 0.00094900000000000019 0.00093600000000000009 5.7075601004960763 5.7075601004960763 5.7075601004960763 1.4788060530113132e-08 1.4788060530113132e-08 1.4788060530113132e-08 1 1 1 Converged Converged Converged OK OK OK 93 93 93 93 93 93 3 3 3 0 0 0 0 1 0 0 1
180 180 linear 3 15 1680 2 0.0001 1 0.021456116900412193 0.0020678234579829366 -0.015498906618317028 0.18850885932339931 -0.015373039103483284 0.5 0.036378461211601196 5.7181516278996982 OK 13 12 0.58223199999999997 0.64551400000000003 0.14885899999999999 0.42912899999999998 0.300346 0 0.15310299999999999 0.34516800000000003 0.14885899999999999 0.0095989999999999999 0.0097120000000000001 0.0091389999999999996 0.114666 0.30584499999999981 0.11110599999999997 0.0048739999999999999 0.0051729999999999996 0.0048520000000000004 0.000919 0.00091700000000000006 0.00089900000000000006 5.7181491039729728 5.7181491039729728 5.7181491039729728 1.4896503520373334e-08 1.4896503520373334e-08 1.4896503520373334e-08 1 1 1 Converged Converged Converged OK OK OK 93 93 93 93 93 93 3 3 3 0 0 0 0 1 0 0 1
180 180 linear 3 23 1680 3 0.0001 1 0.021456116900412193 0.0020678234579829366 -0.015498906618317028 0.18850885932339931 -0.01508534192672044 0.5 0.036090764034838352 5.7290980151391828 OK 13 12 0.62956000000000001 0.66626200000000002 0.14923 0.47570499999999999 0.34675299999999998 0 0.15385500000000002 0.31950900000000004 0.14923 0.0096740000000000003 0.0097630000000000008 0.0091039999999999992 0.11531799999999999 0.28024799999999989 0.11187199999999994 0.0049119999999999997 0.0051850000000000004 0.0048380000000000003 0.00089800000000000004 0.00092200000000000008 0.00088199999999999997 5.729095316510052 5.729095316510052 5.729095316510052 1.5014505024962766e-08 1.5014505024962766e-08 1.5014505024962766e-08 1 1 1 Converged Converged Converged OK OK OK 93 93 93 93 93 93 3 3 3 0 0 0 0 1 0 0 1
180 180 linear 4 0 1681 0 0.001 1 0.021456116900412193 0.0020678234579829366 0.013983006227462775 0.010956836523260944 0.013569441535866188 0.5 0.0074359805722517252 27.200421982853772 OK 13 12 0.70478600000000002 0.70123400000000002 0.119616 0.58119699999999996 0.58040499999999995 0 0.12358900000000006 0.12082900000000008 0.119616 0.0095560000000000003 0.0095809999999999992 0.0090299999999999998 0.094723000000000016 0.092547000000000018 0.092060000000000017 0.0028960000000000001 0.0027230000000000002 0.0028270000000000001 0.00058799999999999998 0.00056899999999999995 0.00055499999999999994 27.200316313650273 27.200316313650273 27.200316313650273 0.016176347812156568 0.016176347812156568 0.016176347812156568 1 1 1 Converged Converged Converged OK OK OK 53 53 53 53 53 53 3 3 3 0 0 0 0 0 1 0 0
180 180 linear 4 7 1681 1 0.001 1 0.021456116900412193 0.0020678234579829366 0.013983006227462775 0.010956836523260944 0.013821176565533676 0.5 0.0071842455425842368 27.458596999733771 OK 13 12 0.63931400000000005 0.618143 0.11255 0.52676599999999996 0.41234799999999999 0 0.11254800000000009 0.20579500000000001 0.11255 0.0087030000000000007 0.0087869999999999997 0.0082520000000000007 0.087102000000000027 0.1801360000000001 0.087688000000000002 0.0027369999999999998 0.0027829999999999999 0.0028300000000000001 0.00061600000000000001 0.00057799999999999995 0.00058999999999999992 27.458490927674319 27.458490927674319 27.458490927674319 0.016199521074521092 0.016199521074521092 0.016199521074521092 1 1 1 Converged Converged Converged OK OK OK 53 53 53 53 53 53 3 3 3 0 0 0 0 1 0 0 1
180 180 linear 4 15 1681 2 0.001 1 0.021456116900412193 0.0020678234579829366 0.013983006227462775 0.010956836523260944 0.014108873742296519 0.5 0.0068965483658213946 27.749323178978994 OK 13 12 0.54255799999999998 0.52344500000000005 0.114859 0.42410999999999999 0.31808999999999998 0 0.118448 0.20535500000000007 0.114859 0.0087180000000000001 0.0088439999999999994 0.0082470000000000009 0.092941999999999969 0.17968400000000004 0.090450000000000003 0.0027490000000000001 0.0027820000000000002 0.0027340000000000003 0.00057399999999999997 0.00056300000000000002 0.00053200000000000003 27.749217744543518 27.749217744543518 27.749217744543518 0.016226032901440618 0.016226032901440618 0.016226032901440618 1 1 1 Converged Converged Converged OK OK OK 53 53 53 53 53 53 3 3 3 0 0 0 0 1 0 0 1
180 180 linear 4 23 1681 3 0.001 1 0.021456116900412193 0.0020678234579829366 0.013983006227462775 0.010956836523260944 0.014396570919059362 0.5 0.0066088511890585507 28.034733864065657 OK 13 12 0.61079000000000006 0.57810300000000003 0.115539 0.49169099999999999 0.377803 0 0.11909900000000007 0.20030000000000003 0.115539 0.0087299999999999999 0.012333999999999999 0.0081740000000000007 0.093765000000000001 0.17124500000000004 0.091201999999999978 0.0028270000000000001 0.002794 0.0027290000000000005 0.00053699999999999993 0.00055100000000000006 0.00053700000000000004 28.034628043870086 28.034628043870086 28.034628043870086 0.016252574614745021 0.016252574614745021 0.016252574614745021 1 1 1 Converged Converged Converged OK OK OK 53 53 53 53 53 53 3 3 3 0 0 0 0 1 0 0 1
180 180 linear 4 0 1681 0 0.0001 1 0.021456116900412193 0.0020678234579829366 0.013983006227462775 0.010956836523260944 0.013569441535866188 0.5 0.0074359805722517252 27.200421982853772 OK 13 12 0.71352499999999996 0.70915399999999995 0.13016 0.57973699999999995 0.57572199999999996 0 0.13378800000000002 0.133432 0.13016 0.0093699999999999999 0.0094839999999999994 0.0089910000000000007 0.10192499999999997 0.099454000000000015 0.099554000000000004 0.0031260000000000003 0.0031790000000000004 0.0030939999999999995 0.00069400000000000006 0.00067699999999999998 0.00065900000000000008 27.200409418158898 27.200409418158898 27.200409418158898 0.00042816144613525784 0.00042816144613525784 0.00042816144613525784 1 1 1 Converged Converged Converged OK OK OK 61 61 61 61 61 61 3 3 3 0 0 0 0 0 1 0 0
180 180 linear 4 7 1681 1 0.0001 1 0.021456116900412193 0.0020678234579829366 0.013983006227462775 0.010956836523260944 0.013821176565533676 0.5 0.0071842455425842368 27.458596999733771 OK 13 12 0.65091100000000002 0.64847399999999999 0.11851299999999999 0.52452500000000002 0.41402699999999998 0 0.126386 0.23444700000000002 0.11851299999999999 0.0088280000000000008 0.0088199999999999997 0.0083350000000000004 0.097572999999999993 0.20632400000000001 0.091536000000000006 0.0034429999999999999 0.0032860000000000003 0.0030900000000000003 0.00074700000000000005 0.00067200000000000007 0.00066100000000000013 27.458584170580448 27.458584170580448 27.458584170580448 0.00042791227284768972 0.00042791227284768972 0.00042791227284768972 1 1 1 Converged Converged Converged OK OK OK 61 61 61 61 61 61 3 3 3 0 0 0 0 1 0 0 1
180 180 linear 4 15 1681 2 0.0001 1 0.021456116900412193 0.0020678234579829366 0.013983006227462775 0.010956836523260944 0.014108873742296519 0.5 0.0068965483658213946 27.749323178978994 OK 13 12 0.55204600000000004 0.55708199999999997 0.124366 0.42341800000000002 0.31662800000000002 0 0.12862800000000002 0.24045399999999995 0.124366 0.0087360000000000007 0.0087989999999999995 0.0083499999999999998 0.10032099999999999 0.21214200000000002 0.097231999999999999 0.0034160000000000002 0.0033790000000000001 0.0032660000000000002 0.00070199999999999993 0.0006739999999999999 0.00066600000000000003 27.749311145772712 27.749311145772712 27.749311145772712 0.00042762938724061659 0.00042762938724061659 0.00042762938724061659 1 1 1 Converged Converged Converged OK OK OK 61 61 61 61 61 61 3 3 3 0 0 0 0 1 0 0 1
180 180 linear 4 23 1681 3 0.0001 1 0.021456116900412193 0.0020678234579829366 0.013983006227462775 0.010956836523260944 0.014396570919059362 0.5 0.0066088511890585507 28.034733864065657 OK 13 12 0.62104300000000001 0.60520499999999999 0.124806 0.49219499999999999 0.376224 0 0.12884800000000002 0.22898099999999999 0.124806 0.0086779999999999999 0.0088210000000000007 0.0082159999999999993 0.10115399999999995 0.20069100000000001 0.098028999999999991 0.0032430000000000002 0.0033769999999999998 0.0032060000000000001 0.00067000000000000002 0.00066399999999999999 0.00065300000000000004 28.03472160358692 28.03472160358692 28.03472160358692 0.00042734846022529383 0.00042734846022529383 0.00042734846022529383 1 1 1 Converged Converged Converged OK OK OK 61 61 61 61 61 61 3 3 3 0 0 0 0 1 0 0 1
180 180 uniform 3 0 1682 0 0.001 1 0.021456116900412193 0.0020678234579829366 -0.015498906618317028 0.18850885932339931 -0.015912471309913617 0 0.036917893418031533 5.6987872541881339 OK 13 12 0.48178300000000002 0.48320000000000002 0.070955000000000004 0.40596500000000002 0.41051399999999999 0 0.075817999999999997 0.072686000000000028 0.070955000000000004 0.0099900000000000006 0.0096410000000000003 0.0094529999999999996 0.049730000000000003 0.046720000000000012 0.045921999999999998 0.0022199999999999998 0.0024219999999999997 0.0021379999999999997 0.00054699999999999996 0.00054900000000000001 0.00054100000000000003 5.6987872162277009 5.6987872162277009 5.6987872162277009 0.0020002030634674733 0.0020002030634674733 0.0020002030634674733 1 1 1 Converged Converged Converged OK OK OK 45 45 45 45 45 45 3 3 3 0 0 0 0 0 1 0 0
180 180 uniform 3 7 1682 1 0.001 1 0.021456116900412193 0.0020678234579829366 -0.015498906618317028 0.18850885932339931 -0.015660736280246126 0 0.03666615838836404 5.7077908325696978 OK 13 12 0.52452399999999999 0.48378100000000002 0.068483000000000002 0.45464100000000002 0.318971 0 0.069882999999999973 0.16481000000000001 0.068483000000000002 0.0093229999999999997 0.012710000000000001 0.0087729999999999995 0.046592999999999996 0.13812099999999999 0.046207999999999999 0.0021719999999999999 0.0022469999999999999 0.0021310000000000001 0.00054699999999999996 0.00056099999999999998 0.00052999999999999998 5.7077907945442465 5.7077907945442465 5.7077907945442465 0.002003233989377109 0.002003233989377109 0.002003233989377109 1 1 1 Converged Converged Converged OK OK OK 45 45 45 45 45 45 3 3 3 0 0 0 0 1 0 0 1
180 180 uniform 3 15 1682 2 0.001 1 0.021456116900412193 0.0020678234579829366 -0.015498906618317028 0.18850885932339931 -0.015373039103483284 0 0.036378461211601196 5.7183956011207293 OK 13 12 0.50308799999999998 0.468254 0.070980000000000001 0.43043399999999998 0.29859799999999997 0 0.072653999999999996 0.16965600000000003 0.070980000000000001 0.0095230000000000002 0.0096900000000000007 0.0090240000000000008 0.048983999999999986 0.14572999999999997 0.048513000000000021 0.002173 0.0023280000000000002 0.0020920000000000001 0.00055199999999999997 0.00054900000000000001 0.00052800000000000004 5.7183955630190892 5.7183955630190892 5.7183955630190892 0.0020068027955802343 0.0020068027955802343 0.0020068027955802343 1 1 1 Converged Converged Converged OK OK OK 45 45 45 45 45 45 3 3 3 0 0 0 0 1 0 0 1
180 180 uniform 3 23 1682 3 0.001 1 0.021456116900412193 0.0020678234579829366 -0.015498906618317028 0.18850885932339931 -0.01508534192672044 0 0.036090764034838352 5.7293591337406715 OK 13 12 0.54219799999999996 0.49601299999999998 0.069801000000000002 0.47099400000000002 0.34264 0 0.071203999999999934 0.15337299999999998 0.069801000000000002 0.0096480000000000003 0.0096030000000000004 0.0091129999999999996 0.047724999999999997 0.12981999999999996 0.047314999999999996 0.0021280000000000001 0.0022539999999999999 0.0020960000000000002 0.00055100000000000006 0.00053700000000000004 0.00052399999999999994 5.7293590955595413 5.7293590955595413 5.7293590955595413 0.0020104917330987029 0.0020104917330987029 0.0020104917330987029 1 1 1 Converged Converged Converged OK OK OK 45 45 45 45 45 45 3 3 3 0 0 0 0 1 0 0 1
180 180 uniform 3 0 1682 0 0.0001 1 0.021456116900412193 0.0020678234579829366 -0.015498906618317028 0.18850885932339931 -0.015912471309913617 0 0.036917893418031533 5.6987872541881339 OK 13 12 0.51825100000000002 0.52010699999999999 0.110972 0.40712500000000001 0.40892600000000001 0 0.111126 0.11118099999999997 0.110972 0.0097839999999999993 0.0096579999999999999 0.0095999999999999992 0.074056999999999998 0.074044000000000013 0.074009000000000005 0.0038180000000000002 0.0039120000000000005 0.0038120000000000003 0.00077400000000000006 0.00079900000000000001 0.00078400000000000008 5.6987872162376867 5.6987872162376867 5.6987872162376867 0.00015963149602003232 0.00015963149602003232 0.00015963149602003232 1 1 1 Converged Converged Converged OK OK OK 77 77 77 77 77 77 3 3 3 0 0 0 0 0 1 0 0
180 180 uniform 3 7 1682 1 0.0001 1 0.021456116900412193 0.0020678234579829366 -0.015498906618317028 0.18850885932339931 -0.015660736280246126 0 0.03666615838836404 5.7077908325696978 OK 13 12 0.56416999999999995 0.61087800000000003 0.10691000000000001 0.45577299999999998 0.320461 0 0.10839699999999997 0.29041700000000004 0.10691000000000001 0.0093980000000000001 0.0094339999999999997 0.0088059999999999996 0.075387999999999997 0.25714799999999999 0.074790000000000009 0.0038370000000000001 0.0039410000000000001 0.0037819999999999998 0.00078800000000000007 0.00076900000000000004 0.00078399999999999997 5.7077907945544695 5.7077907945544695 5.7077907945544695 0.0001620898142910258 0.0001620898142910258 0.0001620898142910258 1 1 1 Converged Converged Converged OK OK OK 77 77 77 77 77 77 3 3 3 0 0 0 0 1 0 0 1
180 180 uniform 3 15 1682 2 0.0001 1 0.021456116900412193 0.0020678234579829366 -0.015498906618317028 0.18850885932339931 -0.015373039103483284 0 0.036378461211601196 5.7183956011207293 OK 13 12 0.53970799999999997 0.59719199999999995 0.109648 0.42835499999999999 0.30148799999999998 0 0.11135299999999998 0.29570399999999997 0.109648 0.0095969999999999996 0.0097000000000000003 0.0090729999999999995 0.077850999999999976 0.26188900000000004 0.077456999999999998 0.0038839999999999999 0.0039439999999999996 0.0037619999999999997 0.00078799999999999996 0.00077000000000000018 0.00076000000000000004 5.7183955630290662 5.7183955630290662 5.7183955630290662 0.00016500734655783478 0.00016500734655783478 0.00016500734655783478 1 1 1 Converged Converged Converged OK OK OK 77 77 77 77 77 77 3 3 3 0 0 0 0 1 0 0 1
180 180 uniform 3 23 1682 3 0.0001 1 0.021456116900412193 0.0020678234579829366 -0.015498906618317028 0.18850885932339931 -0.01508534192672044 0 0.036090764034838352 5.7293591337406715 OK 13 12 0.57986099999999996 0.60967800000000005 0.108137 0.47006500000000001 0.34425899999999998 0 0.10979599999999995 0.26541900000000007 0.108137 0.0096410000000000003 0.0096589999999999992 0.0090570000000000008 0.076566000000000009 0.231767 0.076098999999999972 0.003901 0.0039139999999999999 0.0037450000000000001 0.00078600000000000002 0.00078200000000000003 0.00076800000000000002 5.7293590955697207 5.7293590955697207 5.7293590955697207 0.00016804836519159389 0.00016804836519159389 0.00016804836519159389 1 1 1 Converged Converged Converged OK OK OK 77 77 77 77 77 77 3 3 3 0 0 0 0 1 0 0 1
180 180 uniform 4 0 1683 0 0.001 1 0.021456116900412193 0.0020678234579829366 0.013983006227462775 0.010956836523260944 0.013569441535866188 0 0.0074359805722517252 27.20739209670284 OK 13 12 0.670292 0.67071800000000004 0.088582999999999995 0.57666899999999999 0.58062499999999995 0 0.093623000000000012 0.09009300000000009 0.088582999999999995 0.0094590000000000004 0.0095130000000000006 0.009051 0.070899999999999991 0.067659000000000011 0.066712000000000021 0.0017709999999999998 0.001815 0.001699 0.00043000000000000004 0.00044799999999999999 0.00042100000000000004 27.207375377835632 27.207375377835632 27.207375377835632 0.023374512533608637 0.023374512533608637 0.023374512533608637 1 1 1 Converged Converged Converged OK OK OK 37 37 37 37 37 37 3 3 3 0 0 0 0 0 1 0 0
180 180 uniform 4 7 1683 1 0.001 1 0.021456116900412193 0.0020678234579829366 0.013983006227462775 0.010956836523260944 0.013821176565533676 0 0.0071842455425842368 27.465683769114051 OK 13 12 0.60277899999999995 0.54224899999999998 0.078793000000000002 0.52241199999999999 0.41109699999999999 0 0.080366999999999966 0.13115199999999999 0.078793000000000002 0.0087329999999999994 0.0087209999999999996 0.0082719999999999998 0.059893999999999975 0.11076900000000003 0.059319999999999998 0.001758 0.0019680000000000001 0.0017920000000000002 0.000437 0.00043799999999999997 0.00041899999999999999 27.465666953978701 27.465666953978701 27.465666953978701 0.023383308934070236 0.023383308934070236 0.023383308934070236 1 1 1 Converged Converged Converged OK OK OK 37 37 37 37 37 37 3 3 3 0 0 0 0 1 0 0 1
180 180 uniform 4 15 1683 2 0.001 1 0.021456116900412193 0.0020678234579829366 0.013983006227462775 0.010956836523260944 0.014108873742296519 0 0.0068965483658213946 27.756536129563322 OK 13 12 0.51407899999999995 0.45635100000000001 0.084653999999999993 0.42736800000000003 0.320106 0 0.086710999999999927 0.136245 0.084653999999999993 0.008711 0.008796 0.0082100000000000003 0.066103999999999996 0.11594400000000001 0.065424999999999997 0.0018419999999999999 0.0018909999999999999 0.001753 0.000457 0.00043300000000000001 0.000417 27.75651954318467 27.75651954318467 27.75651954318467 0.023383949407907983 0.023383949407907983 0.023383949407907983 1 1 1 Converged Converged Converged OK OK OK 37 37 37 37 37 37 3 3 3 0 0 0 0 1 0 0 1
180 180 uniform 4 23 1683 3 0.001 1 0.021456116900412193 0.0020678234579829366 0.013983006227462775 0.010956836523260944 0.014396570919059362 0 0.0066088511890585507 28.042062794744524 OK 13 12 0.57687100000000002 0.50532299999999997 0.085185999999999998 0.489456 0.37539600000000001 0 0.08741500000000002 0.12992699999999996 0.085185999999999998 0.0086320000000000008 0.0088260000000000005 0.0082590000000000007 0.067143999999999995 0.10963000000000002 0.065994000000000011 0.0018110000000000001 0.001828 0.0017829999999999999 0.00044200000000000001 0.00043400000000000003 0.00041899999999999994 28.042046211547735 28.042046211547735 28.042046211547735 0.023373948660677647 0.023373948660677647 0.023373948660677647 1 1 1 Converged Converged Converged OK OK OK 37 37 37 37 37 37 3 3 3 0 0 0 0 1 0 0 1
180 180 uniform 4 0 1683 0 0.0001 1 0.021456116900412193 0.0020678234579829366 0.013983006227462775 0.010956836523260944 0.013569441535866188 0 0.0074359805722517252 27.20739209670284 OK 13 12 0.69764400000000004 0.69263200000000003 0.116996 0.57968600000000003 0.57442899999999997 0 0.11795800000000001 0.11820300000000006 0.116996 0.0095569999999999995 0.0095630000000000003 0.0091669999999999998 0.086778000000000008 0.087105999999999975 0.086643999999999999 0.003006 0.003104 0.0029729999999999999 0.00069200000000000002 0.000678 0.00064900000000000005 27.207394768597915 27.207394768597915 27.207394768597915 8.9193705462560369e-05 8.9193705462560369e-05 8.9193705462560369e-05 1 1 1 Converged Converged Converged OK OK OK 61 61 61 61 61 61 3 3 3 0 0 0 0 0 1 0 0
180 180 uniform 4 7 1683 1 0.0001 1 0.021456116900412193 0.0020678234579829366 0.013983006227462775 0.010956836523260944 0.013821176565533676 0 0.0071842455425842368 27.465683769114051 OK 13 12 0.63477899999999998 0.63500100000000004 0.10563 0.52647100000000002 0.41364800000000002 0 0.10830799999999996 0.22135300000000002 0.10563 0.0089009999999999992 0.0087849999999999994 0.0082410000000000001 0.080366000000000007 0.19350000000000001 0.079173999999999981 0.0031090000000000002 0.0031310000000000001 0.003003 0.00066600000000000003 0.00066400000000000009 0.00064599999999999998 27.465686374143154 27.465686374143154 27.465686374143154 8.9145399514098562e-05 8.9145399514098562e-05 8.9145399514098562e-05 1 1 1 Converged Converged Converged OK OK OK 61 61 61 61 61 61 3 3 3 0 0 0 0 1 0 0 1
180 180 uniform 4 15 1683 2 0.0001 1 0.021456116900412193 0.0020678234579829366 0.013983006227462775 0.010956836523260944 0.014108873742296519 0 0.0068965483658213946 27.756536129563322 OK 13 12 0.53775799999999996 0.54558600000000002 0.11122899999999999 0.42095700000000003 0.31789499999999998 0 0.11680099999999993 0.22769100000000003 0.11122899999999999 0.0088520000000000005 0.0088859999999999998 0.0082360000000000003 0.089095999999999939 0.19961999999999999 0.084606999999999988 0.0030299999999999997 0.0031140000000000004 0.002967 0.0006600000000000001 0.00066299999999999996 0.00064999999999999997 27.756538997094413 27.756538997094413 27.756538997094413 8.9090928624923095e-05 8.9090928624923095e-05 8.9090928624923095e-05 1 1 1 Converged Converged Converged OK OK OK 61 61 61 61 61 61 3 3 3 0 0 0 0 1 0 0 1
180 180 uniform 4 23 1683 3 0.0001 1 0.021456116900412193 0.0020678234579829366 0.013983006227462775 0.010956836523260944 0.014396570919059362 0 0.0066088511890585507 28.042062794744524 OK 13 12 0.60467700000000002 0.59426100000000004 0.111996 0.49079299999999998 0.378604 0 0.11388400000000004 0.21565700000000004 0.111996 0.0088229999999999992 0.0088579999999999996 0.0082179999999999996 0.086175000000000015 0.18751800000000002 0.085483000000000003 0.0030809999999999995 0.0031330000000000004 0.0029880000000000002 0.00065700000000000003 0.00065900000000000008 0.00066200000000000005 28.042065699367797 28.042065699367797 28.042065699367797 8.9037249505604418e-05 8.9037249505604418e-05 8.9037249505604418e-05 1 1 1 Converged Converged Converged OK OK OK 61 61 61 61 61 61 3 3 3 0 0 0 0 1 0 0 1
181 181 linear 3 0 1684 0 0.001 1 0.093577608985965122 0.0019044599384559981 0.086849925162471087 -0.30226783302538424 0.086469033174779886 0.5 -0.00089887499210068722 3.7144852512552422 OK 13 12 0.36404999999999998 0.36082500000000001 0.096836000000000005 0.26055800000000001 0.26062999999999997 0 0.10349199999999997 0.10019500000000003 0.096836000000000005 0.0091570000000000002 0.008907 0.0086219999999999995 0.072262000000000007 0.069728000000000012 0.066789000000000001 0.0032260000000000006 0.0031409999999999997 0.0031840000000000002 0.00074400000000000009 0.00073700000000000002 0.0006820000000000001 3.7144846951103832 3.7144846951103832 3.7144846951103832 0.0028804329751591288 0.0028804329751591288 0.0028804329751591288 1 1 1 Converged Converged Converged OK OK OK 61 61 61 61 61 61 3 3 3 0 0 0 0 0 1 0 0
181 181 linear 3 7 1684 1 0.001 1 0.093577608985965122 0.0019044599384559981 0.086849925162471087 -0.30226783302538424 0.086700880471635405 0.5 -0.0011307222889562069 3.7149210667409434 OK 13 12 0.384961 0.41773100000000002 0.096310999999999994 0.28504400000000002 0.17452200000000001 0 0.099916999999999978 0.24320900000000001 0.096310999999999994 0.0083730000000000002 0.0081709999999999994 0.0076689999999999996 0.072494999999999976 0.21592400000000006 0.070180000000000006 0.0032249999999999996 0.0032480000000000005 0.0031199999999999999 0.00072900000000000005 0.00071500000000000003 0.00071299999999999998 3.7149205094780759 3.7149205094780759 3.7149205094780759 0.0028810391113605624 0.0028810391113605624 0.0028810391113605624 1 1 1 Converged Converged Converged OK OK OK 61 61 61 61 61 61 3 3 3 0 0 0 0 1 0 0 1
181 181 linear 3 15 1684 2 0.001 1 0.093577608985965122 0.0019044599384559981 0.086849925162471087 -0.30226783302538424 0.086965848810898846 0.5 -0.001395690628219648 3.7154191874314506 OK 13 12 0.37829499999999999 0.41727599999999998 0.10113 0.276924 0.176566 0 0.10137099999999999 0.24070999999999998 0.10113 0.0082439999999999996 0.0082710000000000006 0.0078379999999999995 0.074153999999999998 0.21319299999999994 0.074864000000000014 0.0031960000000000001 0.0033960000000000001 0.0030829999999999998 0.00075900000000000002 0.000767 0.00075200000000000006 3.7154186288825395 3.7154186288825395 3.7154186288825395 0.0028817336217164197 0.0028817336217164197 0.0028817336217164197 1 1 1 Converged Converged Converged OK OK OK 61 61 61 61 61 61 3 3 3 0 0 0 0 1 0 0 1
181 181 linear 3 23 1684 3 0.001 1 0.093577608985965122 0.0019044599384559981 0.086849925162471087 -0.30226783302538424 0.087230817150162288 0.5 -0.0016606589674830891 3.7159173585586496 OK 13 12 0.369973 0.39608599999999999 0.094379000000000005 0.27185900000000002 0.16125500000000001 0 0.098113999999999979 0.23483099999999998 0.094379000000000005 0.0082620000000000002 0.0084220000000000007 0.0077949999999999998 0.071023000000000017 0.206847 0.068305000000000018 0.0030849999999999996 0.0033859999999999997 0.003117 0.00071300000000000009 0.00074700000000000005 0.00067500000000000004 3.7159167987144799 3.7159167987144799 3.7159167987144799 0.0028824300361036891 0.0028824300361036891 0.0028824300361036891 1 1 1 Converged Converged Converged OK OK OK 61 61 61 61 61 61 3 3 3 0 0 0 0 1 0 0 1
181 181 linear 3 0 1684 0 0.0001 1 0.093577608985965122 0.0019044599384559981 0.086849925162471087 -0.30226783302538424 0.086469033174779886 0.5 -0.00089887499210068722 3.7144852512552422 OK 13 12 0.38554300000000002 0.38232100000000002 0.118599 0.26361400000000001 0.262874 0 0.12192900000000001 0.11944700000000003 0.118599 0.0087469999999999996 0.0088369999999999994 0.0084910000000000003 0.08535899999999999 0.083135000000000014 0.08289500000000001 0.0041729999999999996 0.0040440000000000007 0.0039700000000000004 0.00081299999999999992 0.00079699999999999997 0.00079000000000000001 3.7144846965297011 3.7144846965297011 3.7144846965297011 0.00024530744341462099 0.00024530744341462099 0.00024530744341462099 1 1 1 Converged Converged Converged OK OK OK 77 77 77 77 77 77 3 3 3 0 0 0 0 0 1 0 0
181 181 linear 3 7 1684 1 0.0001 1 0.093577608985965122 0.0019044599384559981 0.086849925162471087 -0.30226783302538424 0.086700880471635405 0.5 -0.0011307222889562069 3.7149210667409434 OK 13 12 0.40259899999999998 0.47477799999999998 0.117006 0.28131899999999999 0.17654 0 0.12128 0.298238 0.117006 0.0081370000000000001 0.0082799999999999992 0.0077759999999999999 0.088954999999999923 0.26578400000000002 0.085955999999999991 0.0041919999999999995 0.0041110000000000001 0.0039329999999999999 0.00081700000000000013 0.00083299999999999997 0.00081400000000000005 3.7149205108980001 3.7149205108980001 3.7149205108980001 0.00024491000051930464 0.00024491000051930464 0.00024491000051930464 1 1 1 Converged Converged Converged OK OK OK 77 77 77 77 77 77 3 3 3 0 0 0 0 1 0 0 1
181 181 linear 3 15 1684 2 0.0001 1 0.093577608985965122 0.0019044599384559981 0.086849925162471087 -0.30226783302538424 0.086965848810898846 0.5 -0.001395690628219648 3.7154191874314506 OK 13 12 0.39946700000000002 0.47901199999999999 0.118754 0.276754 0.173651 0 0.12271300000000002 0.30536099999999999 0.118754 0.008175 0.0083129999999999992 0.0077149999999999996 0.090558000000000041 0.27253899999999992 0.087788000000000005 0.0040590000000000001 0.0042000000000000006 0.0038530000000000001 0.00085999999999999998 0.00088600000000000007 0.00083700000000000007 3.7154186303031165 3.7154186303031165 3.7154186303031165 0.00024445700388524408 0.00024445700388524408 0.00024445700388524408 1 1 1 Converged Converged Converged OK OK OK 77 77 77 77 77 77 3 3 3 0 0 0 0 1 0 0 1
181 181 linear 3 23 1684 3 0.0001 1 0.093577608985965122 0.0019044599384559981 0.086849925162471087 -0.30226783302538424 0.087230817150162288 0.5 -0.0016606589674830891 3.7159173585586496 OK 13 12 0.38599 0.45941599999999999 0.116851 0.26518000000000003 0.159584 0 0.12080999999999997 0.29983199999999999 0.116851 0.0082159999999999993 0.0082760000000000004 0.007731 0.088472000000000009 0.26701000000000003 0.085762000000000005 0.0041359999999999999 0.0042420000000000001 0.0040090000000000004 0.00080699999999999999 0.00080400000000000003 0.00080900000000000004 3.7159168001357137 3.7159168001357137 3.7159168001357137 0.00024400530638525153 0.00024400530638525153 0.00024400530638525153 1 1 1 Converged Converged Converged OK OK OK 77 77 77 77 77 77 3 3 3 0 0 0 0 1 0 0 1
181 181 linear 4 0 1685 0 0.001 1 0.093577608985965122 0.0019044599384559981 0.053941923422126503 0.00060848576869378156 0.053561031434435302 0.5 0.032009126748243896 101.92642926533931 OK 18 17 0.89486600000000005 0.86837600000000004 0.30003099999999999 0.58101599999999998 0.56606000000000001 0 0.31385000000000007 0.30231600000000003 0.30003099999999999 0.02086 0.019050000000000001 0.019265000000000001 0.2408290000000001 0.23293 0.2298859999999999 0.0065520000000000005 0.0063070000000000001 0.0067869999999999996 0.00141 0.001382 0.0013660000000000002 101.9263134785254 101.9263134785254 101.9263134785254 0.069725486596599301 0.069725486596599301 0.069725486596599301 1 1 1 Converged Converged Converged OK OK OK 126 126 126 126 126 126 10 10 10 0 0 0 0 0 1 0 0
181 181 linear 4 7 1685 1 0.001 1 0.093577608985965122 0.0019044599384559981 0.053941923422126503 0.00060848576869378156 0.053792878731290815 0.5 0.031777279451388384 104.56761821010403 OK 18 17 0.86226999999999998 0.91273199999999999 0.28409200000000001 0.56970500000000002 0.43193199999999998 0 0.29256499999999996 0.48080000000000001 0.28409200000000001 0.018585000000000001 0.018527999999999999 0.021035999999999999 0.23424899999999982 0.4229759999999998 0.22698600000000008 0.009214 0.0077129999999999994 0.0062910000000000006 0.0013729999999999999 0.0014220000000000001 0.001307 104.56749710766641 104.56749710766641 104.56749710766641 0.073085543947042184 0.073085543947042184 0.073085543947042184 1 1 1 Converged Converged Converged OK OK OK 126 126 126 126 126 126 10 10 10 0 0 0 0 1 0 0 1
181 181 linear 4 15 1685 2 0.001 1 0.093577608985965122 0.0019044599384559981 0.053941923422126503 0.00060848576869378156 0.054057847070554263 0.5 0.031512311112124936 107.77723490015774 OK 18 17 0.826241 0.87460199999999999 0.27815400000000001 0.53759900000000005 0.40657199999999999 0 0.28864199999999995 0.46803 0.27815400000000001 0.017978000000000001 0.018272 0.017136999999999999 0.23427900000000002 0.41210799999999986 0.22543999999999995 0.0061969999999999985 0.0070179999999999999 0.0061330000000000013 0.0013830000000000001 0.0013799999999999999 0.0013650000000000001 107.77710879348963 107.77710879348963 107.77710879348963 0.077221517231383083 0.077221517231383083 0.077221517231383083 1 1 1 Converged Converged Converged OK OK OK 126 126 126 126 126 126 10 10 10 0 0 0 0 1 0 0 1
181 181 linear 4 23 1685 3 0.001 1 0.093577608985965122 0.0019044599384559981 0.053941923422126503 0.00060848576869378156 0.054322815409817704 0.5 0.031247342772861494 111.21421726979831 OK 18 17 0.884046 0.93703599999999998 0.28514099999999998 0.590526 0.46301999999999999 0 0.29352 0.47401599999999999 0.28514099999999998 0.018509000000000001 0.018658000000000001 0.017337000000000002 0.23847600000000008 0.41805900000000007 0.23211599999999996 0.0063169999999999997 0.0066250000000000007 0.0062550000000000001 0.0014189999999999999 0.001415 0.001348 111.21408243062271 111.21408243062271 111.21408243062271 0.08169967003503445 0.08169967003503445 0.08169967003503445 1 1 1 Converged Converged Converged OK OK OK 126 126 126 126 126 126 10 10 10 0 0 0 0 1 0 0 1
181 181 linear 4 0 1685 0 0.0001 1 0.093577608985965122 0.0019044599384559981 0.053941923422126503 0.00060848576869378156 0.053561031434435302 0.5 0.032009126748243896 101.92642926533931 OK 18 17 0.985398 0.97658999999999996 0.40520499999999998 0.57225800000000004 0.57226200000000005 0 0.41313999999999995 0.40432799999999991 0.40520499999999998 0.019259999999999999 0.019469 0.01891 0.3171690000000002 0.30928799999999984 0.31219999999999987 0.0091410000000000016 0.010149 0.0093900000000000008 0.0019890000000000003 0.002049 0.0019970000000000001 101.92642576470527 101.92642576470527 101.92642576470527 0.007551026613501037 0.007551026613501037 0.007551026613501037 1 1 1 Converged Converged Converged OK OK OK 174 174 174 174 174 174 10 10 10 0 0 0 0 0 1 0 0
181 181 linear 4 7 1685 1 0.0001 1 0.093577608985965122 0.0019044599384559981 0.053941923422126503 0.00060848576869378156 0.053792878731290815 0.5 0.031777279451388384 104.56761821010403 OK 18 17 0.95065500000000003 1.069488 0.379075 0.55899799999999999 0.43358999999999998 0 0.39165700000000003 0.63589800000000007 0.379075 0.018384000000000001 0.018683000000000002 0.017430999999999999 0.32107999999999992 0.56336499999999978 0.31052599999999991 0.0091190000000000004 0.0098609999999999982 0.0092159999999999985 0.0019750000000000002 0.0020930000000000002 0.0020180000000000003 104.56761265904329 104.56761265904329 104.56761265904329 0.0077818843412129383 0.0077818843412129383 0.0077818843412129383 1 1 1 Converged Converged Converged OK OK OK 174 174 174 174 174 174 10 10 10 0 0 0 0 1 0 0 1
181 181 linear 4 15 1685 2 0.0001 1 0.093577608985965122 0.0019044599384559981 0.053941923422126503 0.00060848576869378156 0.054057847070554263 0.5 0.031512311112124936 107.77723490015774 OK 18 17 0.92945500000000003 1.021755 0.38064599999999998 0.53938299999999995 0.40265200000000001 0 0.39007200000000009 0.61910299999999996 0.38064599999999998 0.018277000000000002 0.01848 0.017092 0.31788999999999995 0.54443599999999948 0.31163800000000014 0.010183000000000001 0.013174999999999999 0.0090840000000000001 0.002117 0.002003 0.0020300000000000001 107.77722844307999 107.77722844307999 107.77722844307999 0.0080811801025973927 0.0080811801025973927 0.0080811801025973927 1 1 1 Converged Converged Converged OK OK OK 174 174 174 174 174 174 10 10 10 0 0 0 0 1 0 0 1
181 181 linear 4 23 1685 3 0.0001 1 0.093577608985965122 0.0019044599384559981 0.053941923422126503 0.00060848576869378156 0.054322815409817704 0.5 0.031247342772861494 111.21421726979831 OK 18 17 0.98327799999999999 1.088802 0.39018799999999998 0.59244200000000002 0.45900800000000003 0 0.39083599999999996 0.62979399999999996 0.39018799999999998 0.018186999999999998 0.01873 0.018461999999999999 0.32050800000000035 0.55856899999999965 0.31948800000000016 0.0093769999999999999 0.0094389999999999995 0.0093260000000000027 0.0020939999999999999 0.0020939999999999999 0.002062 111.21420659585712 111.21420659585712 111.21420659585712 0.008427022432290902 0.008427022432290902 0.008427022432290902 1 1 1 Converged Converged Converged OK OK OK 174 174 174 174 174 174 10 10 10 0 0 0 0 1 0 0 1
181 181 uniform 3 0 1686 0 0.001 1 0.093577608985965122 0.0019044599384559981 0.086849925162471087 -0.30226783302538424 0.086469033174779886 0 -0.00089887499210068722 3.7144888348516707 OK 13 12 0.33084999999999998 0.32878600000000002 0.065735000000000002 0.26405699999999999 0.26250200000000001 0 0.066792999999999991 0.06628400000000001 0.065735000000000002 0.0092580000000000006 0.0089619999999999995 0.0087089999999999997 0.04148000000000001 0.041658999999999995 0.04127999999999999 0.002222 0.0021679999999999998 0.0021489999999999999 0.00057600000000000001 0.00057300000000000005 0.00054799999999999998 3.7144888092497799 3.7144888092497799 3.7144888092497799 0.0013072596786354413 0.0013072596786354413 0.0013072596786354413 1 1 1 Converged Converged Converged OK OK OK 45 45 45 45 45 45 3 3 3 0 0 0 0 0 1 0 0
181 181 uniform 3 7 1686 1 0.001 1 0.093577608985965122 0.0019044599384559981 0.086849925162471087 -0.30226783302538424 0.086700880471635405 0 -0.0011307222889562069 3.7149246578877388 OK 13 12 0.34647800000000001 0.33882899999999999 0.064835000000000004 0.28003800000000001 0.173565 0 0.066439999999999999 0.16526399999999999 0.064835000000000004 0.0082459999999999999 0.0082539999999999992 0.0077609999999999997 0.044034999999999998 0.14311999999999994 0.043599999999999993 0.0022239999999999998 0.0022490000000000001 0.0021640000000000001 0.00057200000000000003 0.00055500000000000005 0.00053600000000000002 3.714924632282838 3.714924632282838 3.714924632282838 0.0013074126490457433 0.0013074126490457433 0.0013074126490457433 1 1 1 Converged Converged Converged OK OK OK 45 45 45 45 45 45 3 3 3 0 0 0 0 1 0 0 1
181 181 uniform 3 15 1686 2 0.001 1 0.093577608985965122 0.0019044599384559981 0.086849925162471087 -0.30226783302538424 0.086965848810898846 0 -0.001395690628219648 3.7154227872644445 OK 13 12 0.34225100000000003 0.33257300000000001 0.065564999999999998 0.27550799999999998 0.17704400000000001 0 0.066743000000000052 0.155529 0.065564999999999998 0.0081460000000000005 0.0082900000000000005 0.0076610000000000003 0.044701999999999992 0.13325600000000007 0.044443000000000003 0.0021150000000000001 0.0022689999999999997 0.002153 0.00054100000000000003 0.00055000000000000003 0.00053799999999999996 3.7154227616564248 3.7154227616564248 3.7154227616564248 0.0013075874907248965 0.0013075874907248965 0.0013075874907248965 1 1 1 Converged Converged Converged OK OK OK 45 45 45 45 45 45 3 3 3 0 0 0 0 1 0 0 1
181 181 uniform 3 23 1686 3 0.001 1 0.093577608985965122 0.0019044599384559981 0.086849925162471087 -0.30226783302538424 0.087230817150162288 0 -0.0016606589674830891 3.715920967138993 OK 13 12 0.33397700000000002 0.31132300000000002 0.063547000000000006 0.26882600000000001 0.16064000000000001 0 0.065151000000000014 0.15068300000000001 0.063547000000000006 0.0082310000000000005 0.0083429999999999997 0.0076010000000000001 0.043080000000000007 0.12841800000000003 0.042505000000000015 0.0021260000000000003 0.0022560000000000002 0.0021010000000000004 0.00054699999999999996 0.00055900000000000004 0.00054699999999999996 3.7159209415271568 3.7159209415271568 3.7159209415271568 0.0013077623504587172 0.0013077623504587172 0.0013077623504587172 1 1 1 Converged Converged Converged OK OK OK 45 45 45 45 45 45 3 3 3 0 0 0 0 1 0 0 1
181 181 uniform 3 0 1686 0 0.0001 1 0.093577608985965122 0.0019044599384559981 0.086849925162471087 -0.30226783302538424 0.086469033174779886 0 -0.00089887499210068722 3.7144888348516707 OK 13 12 0.36650199999999999 0.36872700000000003 0.10321 0.26215100000000002 0.26479999999999998 0 0.10435099999999997 0.10392700000000005 0.10321 0.0090270000000000003 0.0088970000000000004 0.0085769999999999996 0.067815000000000028 0.067977000000000024 0.067567000000000002 0.0039480000000000001 0.0038599999999999997 0.0038249999999999998 0.00078399999999999997 0.000785 0.00077500000000000008 3.7144888092678801 3.7144888092678801 3.7144888092678801 5.1115260104656944e-05 5.1115260104656944e-05 5.1115260104656944e-05 1 1 1 Converged Converged Converged OK OK OK 77 77 77 77 77 77 3 3 3 0 0 0 0 0 1 0 0
181 181 uniform 3 7 1686 1 0.0001 1 0.093577608985965122 0.0019044599384559981 0.086849925162471087 -0.30226783302538424 0.086700880471635405 0 -0.0011307222889562069 3.7149246578877388 OK 13 12 0.38423200000000002 0.45271800000000001 0.101439 0.28157100000000002 0.17202000000000001 0 0.102661 0.280698 0.101439 0.0082450000000000006 0.0083169999999999997 0.0076990000000000001 0.071042999999999995 0.24820800000000004 0.070691999999999977 0.0038129999999999995 0.0039560000000000003 0.003774 0.00076899999999999994 0.00077700000000000002 0.00075599999999999994 3.7149246323009426 3.7149246323009426 3.7149246323009426 5.103247294808168e-05 5.103247294808168e-05 5.103247294808168e-05 1 1 1 Converged Converged Converged OK OK OK 77 77 77 77 77 77 3 3 3 0 0 0 0 1 0 0 1
181 181 uniform 3 15 1686 2 0.0001 1 0.093577608985965122 0.0019044599384559981 0.086849925162471087 -0.30226783302538424 0.086965848810898846 0 -0.001395690628219648 3.7154227872644445 OK 13 12 0.38012000000000001 0.46176699999999998 0.103126 0.27591500000000002 0.17427799999999999 0 0.10420499999999999 0.28748899999999999 0.103126 0.0081390000000000004 0.008175 0.0076839999999999999 0.072756999999999974 0.25550000000000006 0.072566999999999965 0.0038 0.0038570000000000002 0.0037260000000000001 0.00076799999999999991 0.00078299999999999995 0.00077299999999999992 3.7154227616742319 3.7154227616742319 3.7154227616742319 5.0938113973704727e-05 5.0938113973704727e-05 5.0938113973704727e-05 1 1 1 Converged Converged Converged OK OK OK 77 77 77 77 77 77 3 3 3 0 0 0 0 1 0 0 1
181 181 uniform 3 23 1686 3 0.0001 1 0.093577608985965122 0.0019044599384559981 0.086849925162471087 -0.30226783302538424 0.087230817150162288 0 -0.0016606589674830891 3.715920967138993 OK 13 12 0.373533 0.44566 0.10127899999999999 0.27104 0.16150900000000001 0 0.102493 0.28415099999999999 0.10127899999999999 0.0081300000000000001 0.0084410000000000006 0.0076649999999999999 0.070821000000000009 0.25195499999999998 0.070405999999999982 0.0037759999999999998 0.0039100000000000003 0.003725 0.00077499999999999986 0.00077099999999999998 0.00076300000000000001 3.7159209415453125 3.7159209415453125 3.7159209415453125 5.0844025083290998e-05 5.0844025083290998e-05 5.0844025083290998e-05 1 1 1 Converged Converged Converged OK OK OK 77 77 77 77 77 77 3 3 3 0 0 0 0 1 0 0 1
181 181 uniform 4 0 1687 0 0.001 1 0.093577608985965122 0.0019044599384559981 0.053941923422126503 0.00060848576869378156 0.053561031434435302 0 0.032009126748243896 102.11775874352345 OK 18 17 0.79589200000000004 0.79185399999999995 0.220941 0.57357899999999995 0.56640400000000002 0 0.22231300000000009 0.22544999999999993 0.220941 0.019304000000000002 0.019049 0.018758 0.16005200000000003 0.16397100000000001 0.15972900000000004 0.0049129999999999998 0.0048019999999999998 0.0048960000000000002 0.001093 0.0011200000000000001 0.0010910000000000002 102.11781027015049 102.11781027015049 102.11781027015049 0.090112050607610628 0.090112050607610628 0.090112050607610628 1 1 1 Converged Converged Converged OK OK OK 110 110 110 110 110 110 10 10 10 0 0 0 0 0 1 0 0
181 181 uniform 4 7 1687 1 0.001 1 0.093577608985965122 0.0019044599384559981 0.053941923422126503 0.00060848576869378156 0.053792878731290815 0 0.031777279451388384 104.77988238978899 OK 18 17 0.774505 0.78138099999999999 0.205709 0.56599999999999995 0.42401499999999998 0 0.20850500000000005 0.35736600000000002 0.205709 0.018428 0.018377999999999999 0.017385999999999999 0.15924700000000006 0.30815500000000007 0.15800299999999998 0.0048780000000000004 0.0049640000000000005 0.0047459999999999994 0.001109 0.001062 0.0010610000000000001 104.77993197182394 104.77993197182394 104.77993197182394 0.094374636150026822 0.094374636150026822 0.094374636150026822 1 1 1 Converged Converged Converged OK OK OK 110 110 110 110 110 110 10 10 10 0 0 0 0 1 0 0 1
181 181 uniform 4 15 1687 2 0.001 1 0.093577608985965122 0.0019044599384559981 0.053941923422126503 0.00060848576869378156 0.054057847070554263 0 0.031512311112124936 108.01743688685173 OK 18 17 0.74654299999999996 0.74736800000000003 0.20246600000000001 0.54119200000000001 0.40188400000000002 0 0.20535099999999995 0.34548400000000001 0.20246600000000001 0.018100000000000002 0.018175 0.017128999999999998 0.15634899999999993 0.29543799999999998 0.15514200000000006 0.0049869999999999992 0.0053949999999999988 0.0048819999999999992 0.0010839999999999999 0.0011890000000000002 0.00106 108.01748412815127 108.01748412815127 108.01748412815127 0.099544439389635447 0.099544439389635447 0.099544439389635447 1 1 1 Converged Converged Converged OK OK OK 110 110 110 110 110 110 10 10 10 0 0 0 0 1 0 0 1
181 181 uniform 4 23 1687 3 0.001 1 0.093577608985965122 0.0019044599384559981 0.053941923422126503 0.00060848576869378156 0.054322815409817704 0 0.031247342772861494 111.48764678449005 OK 18 17 0.80369199999999996 0.81829300000000005 0.21395600000000001 0.59083300000000005 0.45793499999999998 0 0.21285899999999991 0.36035800000000007 0.21395600000000001 0.018379 0.021846000000000001 0.017425 0.16405899999999995 0.30770899999999995 0.16656599999999996 0.0048690000000000001 0.0050420000000000005 0.0047870000000000005 0.0010789999999999997 0.001119 0.00106 111.48769152582442 111.48769152582442 111.48769152582442 0.10505407216822567 0.10505407216822567 0.10505407216822567 1 1 1 Converged Converged Converged OK OK OK 110 110 110 110 110 110 10 10 10 0 0 0 0 1 0 0 1
181 181 uniform 4 0 1687 0 0.0001 1 0.093577608985965122 0.0019044599384559981 0.053941923422126503 0.00060848576869378156 0.053561031434435302 0 0.032009126748243896 102.11775874352345 OK 18 17 0.87040099999999998 0.85994999999999999 0.29070499999999999 0.57303899999999997 0.56999 0 0.29736200000000002 0.28996 0.29070499999999999 0.020691000000000001 0.019217999999999999 0.022013999999999999 0.20953299999999994 0.20545999999999998 0.20366500000000004 0.0077220000000000014 0.0075390000000000006 0.0076090000000000012 0.001807 0.0017620000000000001 0.001769 102.1178510000163 102.1178510000163 102.1178510000163 0.0079115040426024665 0.0079115040426024665 0.0079115040426024665 1 1 1 Converged Converged Converged OK OK OK 158 158 158 158 158 158 10 10 10 0 0 0 0 0 1 0 0
181 181 uniform 4 7 1687 1 0.0001 1 0.093577608985965122 0.0019044599384559981 0.053941923422126503 0.00060848576869378156 0.053792878731290815 0 0.031777279451388384 104.77988238978899 OK 18 17 0.84040000000000004 0.95961099999999999 0.26457000000000003 0.57276899999999997 0.42436200000000002 0 0.26763100000000006 0.53524899999999997 0.26457000000000003 0.018605 0.018502999999999999 0.017579999999999998 0.20259399999999994 0.47025100000000009 0.20177300000000009 0.0077910000000000002 0.0076889999999999988 0.0075239999999999986 0.001805 0.0017430000000000002 0.0017489999999999999 104.77997457853706 104.77997457853706 104.77997457853706 0.0082144905876361789 0.0082144905876361789 0.0082144905876361789 1 1 1 Converged Converged Converged OK OK OK 158 158 158 158 158 158 10 10 10 0 0 0 0 1 0 0 1
181 181 uniform 4 15 1687 2 0.0001 1 0.093577608985965122 0.0019044599384559981 0.053941923422126503 0.00060848576869378156 0.054057847070554263 0 0.031512311112124936 108.01743688685173 OK 18 17 0.80632199999999998 0.91895199999999999 0.26150499999999999 0.54147299999999998 0.40345700000000001 0 0.264849 0.51549500000000004 0.26150499999999999 0.017995000000000001 0.018331 0.017169 0.20059399999999988 0.45047399999999976 0.19952300000000003 0.0078459999999999988 0.007754999999999998 0.0072429999999999994 0.0017409999999999999 0.001753 0.001737 108.01752904680669 108.01752904680669 108.01752904680669 0.00859159040999752 0.00859159040999752 0.00859159040999752 1 1 1 Converged Converged Converged OK OK OK 158 158 158 158 158 158 10 10 10 0 0 0 0 1 0 0 1
181 181 uniform 4 23 1687 3 0.0001 1 0.093577608985965122 0.0019044599384559981 0.053941923422126503 0.00060848576869378156 0.054322815409817704 0 0.031247342772861494 111.48764678449005 OK 18 17 0.86389300000000002 0.99584700000000004 0.27345900000000001 0.58841699999999997 0.46369700000000003 0 0.27547600000000005 0.53215000000000001 0.27345900000000001 0.018460000000000001 0.018699 0.017413999999999999 0.21070799999999992 0.46708 0.21110800000000013 0.007639 0.0076330000000000009 0.0073360000000000005 0.0017269999999999998 0.0017339999999999999 0.001689 111.48773894684793 111.48773894684793 111.48773894684793 0.0089998483236666763 0.0089998483236666763 0.0089998483236666763 1 1 1 Converged Converged Converged OK OK OK 158 158 158 158 158 158 10 10 10 0 0 0 0 1 0 0 1
182 182 linear 3 0 1688 0 0.001 1 0.23949211632258985 0.0019221344639748961 -0.43613605357565005 -0.0093920338075814905 -0.43652048046844505 0.5 0.62973842285692228 4.3044338480375206 OK 13 12 0.41702600000000001 0.41243600000000002 0.088941000000000006 0.32624399999999998 0.32290600000000003 0 0.090782000000000029 0.089529999999999998 0.088941000000000006 0.0087030000000000007 0.0087790000000000003 0.0085859999999999999 0.060369000000000013 0.059410999999999999 0.059039999999999988 0.0030769999999999999 0.0030950000000000001 0.0031489999999999999 0.00068999999999999997 0.00071099999999999994 0.00069700000000000003 4.3044316844501038 4.3044316844501038 4.3044316844501038 0.00078196823798568397 0.00078196823798568397 0.00078196823798568397 1 1 1 Converged Converged Converged OK OK OK 61 61 61 61 61 61 3 3 3 0 0 0 0 0 1 0 0
182 182 linear 3 7 1688 1 0.001 1 0.23949211632258985 0.0019221344639748961 -0.43613605357565005 -0.0093920338075814905 -0.43628648149022198 0.5 0.6295044238786992 4.2929918656218788 OK 13 12 0.40864600000000001 0.32321299999999997 0.084125000000000005 0.32195499999999999 0.18822 0 0.086691000000000018 0.13499299999999997 0.084125000000000005 0.0082019999999999992 0.0081519999999999995 0.0077669999999999996 0.059392 0.10786299999999999 0.057993999999999983 0.003359 0.0033839999999999999 0.0031579999999999998 0.00070500000000000001 0.00070999999999999991 0.00070600000000000003 4.2929897291852805 4.2929897291852805 4.2929897291852805 0.00078248875497020269 0.00078248875497020269 0.00078248875497020269 1 1 1 Converged Converged Converged OK OK OK 61 61 61 61 61 61 3 3 3 0 0 0 0 1 0 0 1
182 182 linear 3 15 1688 2 0.001 1 0.23949211632258985 0.0019221344639748961 -0.43613605357565005 -0.0093920338075814905 -0.43601905408653852 0.5 0.62923699647501574 4.2799965382170884 OK 13 12 0.40998299999999999 0.32408100000000001 0.086485000000000006 0.32022699999999998 0.18942899999999999 0 0.089756000000000002 0.13465200000000002 0.086485000000000006 0.0081849999999999996 0.0083110000000000007 0.007672 0.062466000000000001 0.107571 0.060620000000000014 0.0031649999999999998 0.0032489999999999997 0.0030559999999999997 0.00068500000000000006 0.00069200000000000002 0.00067700000000000008 4.2799944322404135 4.2799944322404135 4.2799944322404135 0.00078308419490995122 0.00078308419490995122 0.00078308419490995122 1 1 1 Converged Converged Converged OK OK OK 61 61 61 61 61 61 3 3 3 0 0 0 0 1 0 0 1
182 182 linear 3 23 1688 3 0.001 1 0.23949211632258985 0.0019221344639748961 -0.43613605357565005 -0.0093920338075814905 -0.43575162668285505 0.5 0.62896956907133228 4.2670873439662333 OK 13 12 0.40580899999999998 0.32301099999999999 0.087590000000000001 0.31540800000000002 0.189834 0 0.090400999999999954 0.13317699999999999 0.087590000000000001 0.0082299999999999995 0.0082550000000000002 0.0076579999999999999 0.063315000000000024 0.10628500000000003 0.061773999999999996 0.003241 0.003173 0.0030579999999999995 0.000687 0.00069899999999999997 0.00067000000000000002 4.2670852680280857 4.2670852680280857 4.2670852680280857 0.0007836802364962111 0.0007836802364962111 0.0007836802364962111 1 1 1 Converged Converged Converged OK OK OK 61 61 61 61 61 61 3 3 3 0 0 0 0 1 0 0 1
182 182 linear 3 0 1688 0 0.0001 1 0.23949211632258985 0.0019221344639748961 -0.43613605357565005 -0.0093920338075814905 -0.43652048046844505 0.5 0.62973842285692228 4.3044338480375206 OK 13 12 0.43629800000000002 0.433948 0.111474 0.32087100000000002 0.32196900000000001 0 0.115427 0.111979 0.111474 0.0089130000000000008 0.0087840000000000001 0.0084499999999999992 0.078251999999999988 0.076220999999999997 0.076264999999999986 0.0042390000000000006 0.0039509999999999997 0.0039180000000000005 0.00088199999999999997 0.00078800000000000007 0.00079200000000000006 4.3044316848415471 4.3044316848415471 4.3044316848415471 6.1222806383040939e-05 6.1222806383040939e-05 6.1222806383040939e-05 1 1 1 Converged Converged Converged OK OK OK 77 77 77 77 77 77 3 3 3 0 0 0 0 0 1 0 0
182 182 linear 3 7 1688 1 0.0001 1 0.23949211632258985 0.0019221344639748961 -0.43613605357565005 -0.0093920338075814905 -0.43628648149022198 0.5 0.6295044238786992 4.2929918656218788 OK 13 12 0.42522900000000002 0.36368600000000001 0.105713 0.316359 0.18500900000000001 0 0.10887000000000002 0.178677 0.105713 0.0083059999999999991 0.0082450000000000006 0.0076660000000000001 0.076308000000000029 0.14674299999999998 0.074711000000000014 0.0042060000000000005 0.0040819999999999997 0.0041069999999999995 0.000834 0.000794 0.00079199999999999995 4.2929897295769655 4.2929897295769655 4.2929897295769655 6.1251960515898684e-05 6.1251960515898684e-05 6.1251960515898684e-05 1 1 1 Converged Converged Converged OK OK OK 77 77 77 77 77 77 3 3 3 0 0 0 0 1 0 0 1
182 182 linear 3 15 1688 2 0.0001 1 0.23949211632258985 0.0019221344639748961 -0.43613605357565005 -0.0093920338075814905 -0.43601905408653852 0.5 0.62923699647501574 4.2799965382170884 OK 13 12 0.43204799999999999 0.36503400000000003 0.1086 0.31813000000000002 0.19046099999999999 0 0.11391799999999996 0.17457300000000003 0.1086 0.011091999999999999 0.0083260000000000001 0.0077120000000000001 0.078898000000000024 0.14246900000000004 0.077605999999999981 0.0040150000000000003 0.004078 0.0039889999999999995 0.00079299999999999998 0.00079599999999999994 0.00077099999999999998 4.2799944326324395 4.2799944326324395 4.2799944326324395 6.128529188214414e-05 6.128529188214414e-05 6.128529188214414e-05 1 1 1 Converged Converged Converged OK OK OK 77 77 77 77 77 77 3 3 3 0 0 0 0 1 0 0 1
182 182 linear 3 23 1688 3 0.0001 1 0.23949211632258985 0.0019221344639748961 -0.43613605357565005 -0.0093920338075814905 -0.43575162668285505 0.5 0.62896956907133228 4.2670873439662333 OK 13 12 0.42904199999999998 0.36122500000000002 0.109679 0.31645699999999999 0.18842800000000001 0 0.11258499999999999 0.17279700000000001 0.109679 0.0082470000000000009 0.008286 0.0077000000000000002 0.080383999999999983 0.14070400000000005 0.078801999999999969 0.0042700000000000004 0.0042439999999999995 0.003986 0.00078399999999999997 0.00078600000000000002 0.000785 4.2670852684204057 4.2670852684204057 4.2670852684204057 6.131863630926965e-05 6.131863630926965e-05 6.131863630926965e-05 1 1 1 Converged Converged Converged OK OK OK 77 77 77 77 77 77 3 3 3 0 0 0 0 1 0 0 1
182 182 linear 4 0 1689 0 0.001 1 0.23949211632258985 0.0019221344639748961 0.27426258694322714 -0.45372482960920302 0.27387816005043214 0.5 -0.080660217661954942 4.754893734115111 OK 13 12 0.37393999999999999 0.368641 0.099476999999999996 0.26842100000000002 0.26854499999999998 0 0.10551899999999997 0.10009600000000002 0.099476999999999996 0.0090900000000000009 0.0087969999999999993 0.0087200000000000003 0.074233999999999994 0.069624000000000033 0.069180999999999993 0.0035669999999999999 0.0034590000000000003 0.0033780000000000004 0.00069700000000000003 0.00067900000000000002 0.0006739999999999999 4.754890903096876 4.754890903096876 4.754890903096876 0.0026803324630123083 0.0026803324630123083 0.0026803324630123083 1 1 1 Converged Converged Converged OK OK OK 61 61 61 61 61 61 3 3 3 0 0 0 0 0 1 0 0
182 182 linear 4 7 1689 1 0.001 1 0.23949211632258985 0.0019221344639748961 0.27426258694322714 -0.45372482960920302 0.27411215902865521 0.5 -0.080894216640178013 4.7039197336034686 OK 13 12 0.34640300000000002 0.37728299999999998 0.092988000000000001 0.25022899999999998 0.161663 0 0.096174000000000037 0.21561999999999998 0.092988000000000001 0.0082269999999999999 0.0081980000000000004 0.0076540000000000002 0.068764000000000006 0.18766800000000006 0.06647900000000001 0.003235 0.0034360000000000003 0.00332 0.00066100000000000002 0.00072500000000000006 0.00065099999999999999 4.7039169083270949 4.7039169083270949 4.7039169083270949 0.0026801345585040024 0.0026801345585040024 0.0026801345585040024 1 1 1 Converged Converged Converged OK OK OK 61 61 61 61 61 61 3 3 3 0 0 0 0 1 0 0 1
182 182 linear 4 15 1689 2 0.001 1 0.23949211632258985 0.0019221344639748961 0.27426258694322714 -0.45372482960920302 0.27437958643233867 0.5 -0.081161644043861475 4.6482669055792991 OK 13 12 0.36459799999999998 0.39491199999999999 0.092973 0.26823900000000001 0.19301299999999999 0 0.096358999999999972 0.201899 0.092973 0.0082629999999999995 0.0083440000000000007 0.0077600000000000004 0.068752000000000008 0.17414599999999997 0.066709999999999992 0.0033930000000000002 0.0034019999999999996 0.003202 0.00071800000000000011 0.00066699999999999995 0.00065800000000000006 4.6482640808474303 4.6482640808474303 4.6482640808474303 0.0026799090063861883 0.0026799090063861883 0.0026799090063861883 1 1 1 Converged Converged Converged OK OK OK 61 61 61 61 61 61 3 3 3 0 0 0 0 1 0 0 1
182 182 linear 4 23 1689 3 0.001 1 0.23949211632258985 0.0019221344639748961 0.27426258694322714 -0.45372482960920302 0.27464701383602214 0.5 -0.081429071447544937 4.5951746592450906 OK 13 12 0.333478 0.373475 0.091173000000000004 0.23882200000000001 0.167963 0 0.09465599999999999 0.205512 0.091173000000000004 0.0082319999999999997 0.0082389999999999998 0.0076280000000000002 0.067067000000000002 0.17755599999999996 0.064898000000000011 0.0033899999999999998 0.0036029999999999999 0.0032590000000000002 0.00068199999999999999 0.00068499999999999995 0.00068199999999999988 4.5951719363400922 4.5951719363400922 4.5951719363400922 0.0026796840398947861 0.0026796840398947861 0.0026796840398947861 1 1 1 Converged Converged Converged OK OK OK 61 61 61 61 61 61 3 3 3 0 0 0 0 1 0 0 1
182 182 linear 4 0 1689 0 0.0001 1 0.23949211632258985 0.0019221344639748961 0.27426258694322714 -0.45372482960920302 0.27387816005043214 0.5 -0.080660217661954942 4.754893734115111 OK 13 12 0.395009 0.39709899999999998 0.123443 0.26797100000000001 0.272837 0 0.12703799999999998 0.12426199999999998 0.123443 0.0090679999999999997 0.008855 0.0084910000000000003 0.090250000000000011 0.088072999999999999 0.087678000000000006 0.0040470000000000002 0.0040250000000000008 0.0040210000000000003 0.00078599999999999991 0.00081599999999999999 0.00078800000000000007 4.7548909044590077 4.7548909044590077 4.7548909044590077 0.0001499791504066853 0.0001499791504066853 0.0001499791504066853 1 1 1 Converged Converged Converged OK OK OK 77 77 77 77 77 77 3 3 3 0 0 0 0 0 1 0 0
182 182 linear 4 7 1689 1 0.0001 1 0.23949211632258985 0.0019221344639748961 0.27426258694322714 -0.45372482960920302 0.27411215902865521 0.5 -0.080894216640178013 4.7039197336034686 OK 13 12 0.36813499999999999 0.446324 0.114512 0.25014199999999998 0.16266800000000001 0 0.11799300000000001 0.28365600000000002 0.114512 0.0082310000000000005 0.0081720000000000004 0.0077149999999999996 0.085753999999999969 0.2512660000000001 0.083343999999999974 0.0041110000000000001 0.0041339999999999997 0.0039769999999999996 0.00077099999999999988 0.00077499999999999997 0.00076800000000000002 4.7039169096891991 4.7039169096891991 4.7039169096891991 0.00014984284669041463 0.00014984284669041463 0.00014984284669041463 1 1 1 Converged Converged Converged OK OK OK 77 77 77 77 77 77 3 3 3 0 0 0 0 1 0 0 1
182 182 linear 4 15 1689 2 0.0001 1 0.23949211632258985 0.0019221344639748961 0.27426258694322714 -0.45372482960920302 0.27437958643233867 0.5 -0.081161644043861475 4.6482669055792991 OK 13 12 0.39044400000000001 0.458648 0.12002599999999999 0.27034999999999998 0.18473700000000001 0 0.12009400000000003 0.27391100000000002 0.12002599999999999 0.0082830000000000004 0.0083009999999999994 0.0077159999999999998 0.08784199999999999 0.24108400000000008 0.085604000000000013 0.0041609999999999998 0.0043839999999999999 0.0041120000000000002 0.00078700000000000005 0.00078199999999999993 0.00077899999999999985 4.6482640822095593 4.6482640822095593 4.6482640822095593 0.00014968808845898762 0.00014968808845898762 0.00014968808845898762 1 1 1 Converged Converged Converged OK OK OK 77 77 77 77 77 77 3 3 3 0 0 0 0 1 0 0 1
182 182 linear 4 23 1689 3 0.0001 1 0.23949211632258985 0.0019221344639748961 0.27426258694322714 -0.45372482960920302 0.27464701383602214 0.5 -0.081429071447544937 4.5951746592450906 OK 13 12 0.35212700000000002 0.447795 0.11346299999999999 0.23483100000000001 0.16547500000000001 0 0.11729600000000001 0.28232000000000002 0.11346299999999999 0.0081329999999999996 0.0081849999999999996 0.0077070000000000003 0.084905999999999968 0.24952099999999999 0.082173999999999997 0.0043400000000000001 0.0042120000000000005 0.0041000000000000003 0.000794 0.00082600000000000002 0.00081300000000000014 4.5951719377021707 4.5951719377021707 4.5951719377021707 0.00014953433670884258 0.00014953433670884258 0.00014953433670884258 1 1 1 Converged Converged Converged OK OK OK 77 77 77 77 77 77 3 3 3 0 0 0 0 1 0 0 1
182 182 uniform 3 0 1690 0 0.001 1 0.23949211632258985 0.0019221344639748961 -0.43613605357565005 -0.0093920338075814905 -0.43652048046844505 0 0.62973842285692228 4.3049388193976137 OK 13 12 0.37817299999999998 0.37730399999999997 0.056945000000000003 0.320108 0.320046 0 0.058064999999999978 0.057257999999999976 0.056945000000000003 0.0090670000000000004 0.0087489999999999998 0.0086779999999999999 0.033085999999999997 0.033182999999999997 0.032638999999999987 0.0021870000000000001 0.0021180000000000001 0.0021310000000000001 0.00054200000000000006 0.00053700000000000004 0.00053499999999999999 4.3049387895819722 4.3049387895819722 4.3049387895819722 0.001497148597293638 0.001497148597293638 0.001497148597293638 1 1 1 Converged Converged Converged OK OK OK 45 45 45 45 45 45 3 3 3 0 0 0 0 0 1 0 0
182 182 uniform 3 7 1690 1 0.001 1 0.23949211632258985 0.0019221344639748961 -0.43613605357565005 -0.0093920338075814905 -0.43628648149022198 0 0.6295044238786992 4.2934904370269198 OK 13 12 0.36913299999999999 0.28838799999999998 0.053796999999999998 0.31367099999999998 0.19232099999999999 0 0.055462000000000011 0.096066999999999986 0.053796999999999998 0.0082140000000000008 0.0081589999999999996 0.0076740000000000003 0.033310000000000006 0.074235999999999955 0.032692000000000006 0.00214 0.0022179999999999999 0.0021690000000000004 0.00056599999999999999 0.00054600000000000004 0.00052099999999999998 4.2934904072898492 4.2934904072898492 4.2934904072898492 0.0014933972219168168 0.0014933972219168168 0.0014933972219168168 1 1 1 Converged Converged Converged OK OK OK 45 45 45 45 45 45 3 3 3 0 0 0 0 1 0 0 1
182 182 uniform 3 15 1690 2 0.001 1 0.23949211632258985 0.0019221344639748961 -0.43613605357565005 -0.0093920338075814905 -0.43601905408653852 0 0.62923699647501574 4.2804879055401921 OK 13 12 0.378469 0.28500900000000001 0.055560999999999999 0.32165300000000002 0.18911 0 0.056815999999999978 0.095899000000000012 0.055560999999999999 0.0081510000000000003 0.0083750000000000005 0.0077590000000000003 0.034910000000000004 0.073721999999999996 0.034410999999999997 0.0021290000000000002 0.0022070000000000002 0.0021310000000000001 0.00055699999999999999 0.00057800000000000006 0.00052400000000000005 4.2804878757201896 4.2804878757201896 4.2804878757201896 0.0014891318906739657 0.0014891318906739657 0.0014891318906739657 1 1 1 Converged Converged Converged OK OK OK 45 45 45 45 45 45 3 3 3 0 0 0 0 1 0 0 1
182 182 uniform 3 23 1690 3 0.001 1 0.23949211632258985 0.0019221344639748961 -0.43613605357565005 -0.0093920338075814905 -0.43575162668285505 0 0.62896956907133228 4.2675716227045024 OK 13 12 0.37220700000000001 0.28717999999999999 0.060683000000000001 0.31450699999999998 0.18848100000000001 0 0.057700000000000029 0.098698999999999981 0.060683000000000001 0.0081449999999999995 0.0082459999999999999 0.007607 0.035761999999999995 0.076726000000000003 0.03958600000000001 0.002163 0.0022690000000000002 0.0021750000000000003 0.00053900000000000009 0.00053900000000000009 0.00052599999999999999 4.2675715929691682 4.2675715929691682 4.2675715929691682 0.0014848899742277519 0.0014848899742277519 0.0014848899742277519 1 1 1 Converged Converged Converged OK OK OK 45 45 45 45 45 45 3 3 3 0 0 0 0 1 0 0 1
182 182 uniform 3 0 1690 0 0.0001 1 0.23949211632258985 0.0019221344639748961 -0.43613605357565005 -0.0093920338075814905 -0.43652048046844505 0 0.62973842285692228 4.3049388193976137 OK 13 12 0.39734399999999997 0.40215200000000001 0.076589000000000004 0.31982500000000003 0.32448100000000002 0 0.077518999999999949 0.07767099999999999 0.076589000000000004 0.0086960000000000006 0.0089429999999999996 0.0085009999999999999 0.047718999999999984 0.047785999999999995 0.047056000000000001 0.0029169999999999999 0.0029779999999999997 0.0029459999999999998 0.00066900000000000011 0.00066600000000000003 0.00064800000000000014 4.3049387894853783 4.3049387894853783 4.3049387894853783 0.00016296790869464592 0.00016296790869464592 0.00016296790869464592 1 1 1 Converged Converged Converged OK OK OK 61 61 61 61 61 61 3 3 3 0 0 0 0 0 1 0 0
182 182 uniform 3 7 1690 1 0.0001 1 0.23949211632258985 0.0019221344639748961 -0.43613605357565005 -0.0093920338075814905 -0.43628648149022198 0 0.6295044238786992 4.2934904370269198 OK 13 12 0.39145000000000002 0.31360100000000002 0.072021000000000002 0.31761200000000001 0.18636900000000001 0 0.073838000000000015 0.12723200000000001 0.072021000000000002 0.0082780000000000006 0.0081670000000000006 0.0076709999999999999 0.046901999999999999 0.10047499999999999 0.046427000000000003 0.0030000000000000001 0.0030680000000000004 0.0029519999999999998 0.00065899999999999997 0.00065900000000000008 0.00064199999999999999 4.2934904071947058 4.2934904071947058 4.2934904071947058 0.00016307636526433373 0.00016307636526433373 0.00016307636526433373 1 1 1 Converged Converged Converged OK OK OK 61 61 61 61 61 61 3 3 3 0 0 0 0 1 0 0 1
182 182 uniform 3 15 1690 2 0.0001 1 0.23949211632258985 0.0019221344639748961 -0.43613605357565005 -0.0093920338075814905 -0.43601905408653852 0 0.62923699647501574 4.2804879055401921 OK 13 12 0.39293699999999998 0.31228600000000001 0.074913999999999994 0.31640400000000002 0.18905 0 0.076532999999999962 0.12323600000000001 0.074913999999999994 0.0082570000000000005 0.0082749999999999994 0.0077089999999999997 0.049686000000000001 0.096373000000000042 0.049135999999999992 0.0029519999999999998 0.0030900000000000003 0.0029499999999999999 0.00065699999999999992 0.00068999999999999997 0.00064300000000000002 4.280487875626636 4.280487875626636 4.280487875626636 0.00016320043292745447 0.00016320043292745447 0.00016320043292745447 1 1 1 Converged Converged Converged OK OK OK 61 61 61 61 61 61 3 3 3 0 0 0 0 1 0 0 1
182 182 uniform 3 23 1690 3 0.0001 1 0.23949211632258985 0.0019221344639748961 -0.43613605357565005 -0.0093920338075814905 -0.43575162668285505 0 0.62896956907133228 4.2675716227045024 OK 13 12 0.39602999999999999 0.30811699999999997 0.075855000000000006 0.318498 0.186917 0 0.07753199999999999 0.12119999999999997 0.075855000000000006 0.0080979999999999993 0.0082179999999999996 0.0076660000000000001 0.05071599999999999 0.094649999999999998 0.05020100000000001 0.0029970000000000001 0.0030500000000000002 0.0029499999999999999 0.00066300000000000007 0.00066099999999999991 0.00063299999999999999 4.2675715928771538 4.2675715928771538 4.2675715928771538 0.00016332462569888703 0.00016332462569888703 0.00016332462569888703 1 1 1 Converged Converged Converged OK OK OK 61 61 61 61 61 61 3 3 3 0 0 0 0 1 0 0 1
182 182 uniform 4 0 1691 0 0.001 1 0.23949211632258985 0.0019221344639748961 0.27426258694322714 -0.45372482960920302 0.27387816005043214 0 -0.080660217661954942 4.7664994169273314 OK 13 12 0.34409400000000001 0.34030500000000002 0.070445999999999995 0.27250200000000002 0.26904099999999997 0 0.071591999999999989 0.07126400000000005 0.070445999999999995 0.0088880000000000001 0.0089789999999999991 0.0085470000000000008 0.046441000000000003 0.046343000000000002 0.046089999999999978 0.0022549999999999996 0.0022239999999999998 0.0021619999999999999 0.00061600000000000001 0.00058 0.00058299999999999997 4.7664993610627437 4.7664993610627437 4.7664993610627437 0.0025910909783180584 0.0025910909783180584 0.0025910909783180584 1 1 1 Converged Converged Converged OK OK OK 45 45 45 45 45 45 3 3 3 0 0 0 0 0 1 0 0
182 182 uniform 4 7 1691 1 0.001 1 0.23949211632258985 0.0019221344639748961 0.27426258694322714 -0.45372482960920302 0.27411215902865521 0 -0.080894216640178013 4.7147614643120939 OK 13 12 0.31615599999999999 0.30690899999999999 0.064785999999999996 0.24984700000000001 0.163607 0 0.066308999999999979 0.14330199999999998 0.064785999999999996 0.0080339999999999995 0.0082100000000000003 0.007607 0.044327999999999979 0.12122599999999999 0.043723999999999999 0.0021439999999999996 0.0022070000000000002 0.0021780000000000002 0.00055100000000000006 0.00055100000000000006 0.00052900000000000006 4.7147614101770214 4.7147614101770214 4.7147614101770214 0.0025094160961827506 0.0025094160961827506 0.0025094160961827506 1 1 1 Converged Converged Converged OK OK OK 45 45 45 45 45 45 3 3 3 0 0 0 0 1 0 0 1
182 182 uniform 4 15 1691 2 0.001 1 0.23949211632258985 0.0019221344639748961 0.27426258694322714 -0.45372482960920302 0.27437958643233867 0 -0.081161644043861475 4.658320972462235 OK 13 12 0.33110899999999999 0.33546300000000001 0.063146999999999995 0.26552199999999998 0.184951 0 0.065587000000000006 0.15051200000000001 0.063146999999999995 0.0082209999999999991 0.0082489999999999994 0.0076790000000000001 0.042851 0.12808200000000003 0.04206 0.002261 0.0023029999999999999 0.0021310000000000001 0.00058200000000000005 0.00058900000000000001 0.00055100000000000006 4.6583209209042771 4.6583209209042771 4.6583209209042771 0.0024229811176146934 0.0024229811176146934 0.0024229811176146934 1 1 1 Converged Converged Converged OK OK OK 45 45 45 45 45 45 3 3 3 0 0 0 0 1 0 0 1
182 182 uniform 4 23 1691 3 0.001 1 0.23949211632258985 0.0019221344639748961 0.27426258694322714 -0.45372482960920302 0.27464701383602214 0 -0.081429071447544937 4.6045205481084279 OK 13 12 0.30102299999999999 0.32456699999999999 0.061748999999999998 0.237679 0.167627 0 0.063343999999999984 0.15694 0.061748999999999998 0.0080599999999999995 0.0082170000000000003 0.0075849999999999997 0.041342000000000025 0.13465099999999999 0.040788000000000019 0.0021199999999999999 0.0022319999999999996 0.0021080000000000001 0.00055200000000000008 0.00056499999999999996 0.00054699999999999996 4.6045204988426747 4.6045204988426747 4.6045204988426747 0.0023431186144310754 0.0023431186144310754 0.0023431186144310754 1 1 1 Converged Converged Converged OK OK OK 45 45 45 45 45 45 3 3 3 0 0 0 0 1 0 0 1
182 182 uniform 4 0 1691 0 0.0001 1 0.23949211632258985 0.0019221344639748961 0.27426258694322714 -0.45372482960920302 0.27387816005043214 0 -0.080660217661954942 4.7664994169273314 OK 13 12 0.376803 0.38128899999999999 0.108025 0.26771499999999998 0.27218900000000001 0 0.10908800000000002 0.10909999999999997 0.108025 0.0090080000000000004 0.0089470000000000001 0.0084100000000000008 0.072596999999999995 0.072743000000000002 0.072435000000000027 0.0038909999999999999 0.0038289999999999999 0.0039000000000000003 0.00081400000000000005 0.00082600000000000002 0.00083799999999999999 4.7664993557512831 4.7664993557512831 4.7664993557512831 3.1228409011929062e-05 3.1228409011929062e-05 3.1228409011929062e-05 1 1 1 Converged Converged Converged OK OK OK 77 77 77 77 77 77 3 3 3 0 0 0 0 0 1 0 0
182 182 uniform 4 7 1691 1 0.0001 1 0.23949211632258985 0.0019221344639748961 0.27426258694322714 -0.45372482960920302 0.27411215902865521 0 -0.080894216640178013 4.7147614643120939 OK 13 12 0.34972500000000001 0.42883900000000003 0.098851999999999995 0.24934500000000001 0.161241 0 0.10038 0.267598 0.098851999999999995 0.0081119999999999994 0.0082050000000000005 0.0076759999999999997 0.068316999999999989 0.235425 0.067983000000000016 0.0037950000000000002 0.0039399999999999999 0.0037800000000000004 0.00079799999999999999 0.0007890000000000001 0.00077800000000000005 4.7147614051793409 4.7147614051793409 4.7147614051793409 3.1201486012202741e-05 3.1201486012202741e-05 3.1201486012202741e-05 1 1 1 Converged Converged Converged OK OK OK 77 77 77 77 77 77 3 3 3 0 0 0 0 1 0 0 1
182 182 uniform 4 15 1691 2 0.0001 1 0.23949211632258985 0.0019221344639748961 0.27426258694322714 -0.45372482960920302 0.27437958643233867 0 -0.081161644043861475 4.658320972462235 OK 13 12 0.37403399999999998 0.43940200000000001 0.10077899999999999 0.26899200000000001 0.184975 0 0.10504199999999997 0.25442700000000001 0.10077899999999999 0.0084019999999999997 0.0083119999999999999 0.007659 0.072247000000000006 0.22181200000000006 0.069938000000000014 0.0039789999999999999 0.003999 0.0038219999999999999 0.00082800000000000007 0.00085999999999999998 0.00078599999999999991 4.658320916234338 4.658320916234338 4.658320916234338 3.1170814032727281e-05 3.1170814032727281e-05 3.1170814032727281e-05 1 1 1 Converged Converged Converged OK OK OK 77 77 77 77 77 77 3 3 3 0 0 0 0 1 0 0 1
182 182 uniform 4 23 1691 3 0.0001 1 0.23949211632258985 0.0019221344639748961 0.27426258694322714 -0.45372482960920302 0.27464701383602214 0 -0.081429071447544937 4.6045205481084279 OK 13 12 0.33358599999999999 0.43019200000000002 0.097421999999999995 0.23424400000000001 0.16723099999999999 0 0.099341999999999986 0.262961 0.097421999999999995 0.0082279999999999992 0.0082699999999999996 0.0076369999999999997 0.067292000000000005 0.230493 0.066663 0.0038620000000000004 0.0039740000000000001 0.0038570000000000002 0.00080400000000000003 0.000803 0.00076400000000000014 4.604520494470882 4.604520494470882 4.604520494470882 3.1140238871645463e-05 3.1140238871645463e-05 3.1140238871645463e-05 1 1 1 Converged Converged Converged OK OK OK 77 77 77 77 77 77 3 3 3 0 0 0 0 1 0 0 1
183 183 linear 3 0 1692 0 0.001 1 0.68120021132911435 0.0021743175387877903 0.15216276664827455 0.21191944584553321 0.15172790314051698 0.5 0.25345894298209604 1.9288829318943883 OK 13 12 0.39239299999999999 0.39225700000000002 0.10349999999999999 0.28632400000000002 0.28797800000000001 0 0.10606899999999997 0.10427900000000001 0.10349999999999999 0.01013 0.010241 0.0097330000000000003 0.074065999999999993 0.072383000000000031 0.07241000000000003 0.003088 0.0031749999999999999 0.0030620000000000001 0.00069800000000000005 0.00068900000000000005 0.00065199999999999991 1.9288820597236069 1.9288820597236069 1.9288820597236069 0.00067697360473773492 0.00067697360473773492 0.00067697360473773492 1 1 1 Converged Converged Converged OK OK OK 61 61 61 61 61 61 3 3 3 0 0 0 0 0 1 0 0
183 183 linear 3 7 1692 1 0.001 1 0.68120021132911435 0.0021743175387877903 0.15216276664827455 0.21191944584553321 0.15199260266697812 0.5 0.2531942434556349 1.9290876412663278 OK 13 12 0.36661700000000003 0.43432799999999999 0.102684 0.26097399999999998 0.16846 0 0.10564300000000004 0.26586799999999999 0.102684 0.0092709999999999997 0.0094579999999999994 0.0088059999999999996 0.077378000000000016 0.23709299999999997 0.075341000000000005 0.0030950000000000001 0.0032130000000000006 0.0030999999999999999 0.00072100000000000007 0.000736 0.00072100000000000007 1.9290867685783457 1.9290867685783457 1.9290867685783457 0.00067648566202667024 0.00067648566202667024 0.00067648566202667024 1 1 1 Converged Converged Converged OK OK OK 61 61 61 61 61 61 3 3 3 0 0 0 0 1 0 0 1
183 183 linear 3 15 1692 2 0.001 1 0.68120021132911435 0.0021743175387877903 0.15216276664827455 0.21191944584553321 0.15229511641150512 0.5 0.2528917297111079 1.9293225626430814 OK 13 12 0.38815899999999998 0.445882 0.10105600000000001 0.28344200000000003 0.18834200000000001 0 0.10471699999999995 0.25753999999999999 0.10105600000000001 0.009332 0.0094280000000000006 0.008744 0.075864000000000001 0.22875500000000004 0.073711000000000026 0.0034449999999999997 0.0033030000000000004 0.0032000000000000006 0.00071699999999999997 0.0007319999999999999 0.00066 1.9293216893615217 1.9293216893615217 1.9293216893615217 0.0006759286892445435 0.0006759286892445435 0.0006759286892445435 1 1 1 Converged Converged Converged OK OK OK 61 61 61 61 61 61 3 3 3 0 0 0 0 1 0 0 1
183 183 linear 3 23 1692 3 0.001 1 0.68120021132911435 0.0021743175387877903 0.15216276664827455 0.21191944584553321 0.15259763015603212 0.5 0.2525892159665809 1.9295585143765654 OK 13 12 0.37749899999999997 0.42512299999999997 0.10202600000000001 0.27285199999999998 0.16914299999999999 0 0.10464699999999999 0.25597999999999999 0.10202600000000001 0.0092700000000000005 0.0092849999999999999 0.0087919999999999995 0.07646799999999998 0.22723899999999994 0.074653000000000039 0.003094 0.0032430000000000002 0.0031580000000000002 0.00068300000000000012 0.00070700000000000005 0.00065299999999999993 1.9295576404991377 1.9295576404991377 1.9295576404991377 0.00067537243603754996 0.00067537243603754996 0.00067537243603754996 1 1 1 Converged Converged Converged OK OK OK 61 61 61 61 61 61 3 3 3 0 0 0 0 1 0 0 1
183 183 linear 3 0 1692 0 0.0001 1 0.68120021132911435 0.0021743175387877903 0.15216276664827455 0.21191944584553321 0.15172790314051698 0.5 0.25345894298209604 1.9288829318943883 OK 13 12 0.424319 0.41303200000000001 0.12831799999999999 0.28839500000000001 0.28439999999999999 0 0.13592399999999999 0.12863200000000002 0.12831799999999999 0.014503 0.010031 0.0096380000000000007 0.093647999999999981 0.091425000000000006 0.091539000000000023 0.0040499999999999998 0.0039689999999999994 0.0039610000000000001 0.00078300000000000006 0.00078200000000000003 0.00079299999999999998 1.9288820600190737 1.9288820600190737 1.9288820600190737 0.00013286063817851204 0.00013286063817851204 0.00013286063817851204 1 1 1 Converged Converged Converged OK OK OK 77 77 77 77 77 77 3 3 3 0 0 0 0 0 1 0 0
183 183 linear 3 7 1692 1 0.0001 1 0.68120021132911435 0.0021743175387877903 0.15216276664827455 0.21191944584553321 0.15199260266697812 0.5 0.2531942434556349 1.9290876412663278 OK 13 12 0.39002999999999999 0.46617399999999998 0.12715000000000001 0.25884699999999999 0.164045 0 0.13118299999999999 0.30212899999999998 0.12715000000000001 0.0093010000000000002 0.009325 0.0088260000000000005 0.09735999999999996 0.26845799999999997 0.094880999999999979 0.0039940000000000002 0.0040949999999999997 0.0038960000000000002 0.00082900000000000009 0.00083100000000000003 0.00081200000000000011 1.9290867688735549 1.9290867688735549 1.9290867688735549 0.00013285699185395031 0.00013285699185395031 0.00013285699185395031 1 1 1 Converged Converged Converged OK OK OK 77 77 77 77 77 77 3 3 3 0 0 0 0 1 0 0 1
183 183 linear 3 15 1692 2 0.0001 1 0.68120021132911435 0.0021743175387877903 0.15216276664827455 0.21191944584553321 0.15229511641150512 0.5 0.2528917297111079 1.9293225626430814 OK 13 12 0.41236 0.47143000000000002 0.12554899999999999 0.28321099999999999 0.18720500000000001 0 0.12914900000000001 0.28422500000000001 0.12554899999999999 0.0092069999999999999 0.0093530000000000002 0.0088050000000000003 0.095721000000000028 0.25062200000000007 0.093335999999999988 0.0040409999999999995 0.0041160000000000007 0.0039629999999999995 0.00077999999999999988 0.00079300000000000009 0.00077900000000000007 1.9293216896564238 1.9293216896564238 1.9293216896564238 0.00013285279414839549 0.00013285279414839549 0.00013285279414839549 1 1 1 Converged Converged Converged OK OK OK 77 77 77 77 77 77 3 3 3 0 0 0 0 1 0 0 1
183 183 linear 3 23 1692 3 0.0001 1 0.68120021132911435 0.0021743175387877903 0.15216276664827455 0.21191944584553321 0.15259763015603212 0.5 0.2525892159665809 1.9295585143765654 OK 13 12 0.40696300000000002 0.461063 0.12656500000000001 0.276833 0.167631 0 0.13013000000000002 0.29343200000000003 0.12656500000000001 0.0092289999999999994 0.0092630000000000004 0.0087740000000000005 0.096789000000000028 0.25961600000000001 0.094515999999999961 0.0040850000000000001 0.0041050000000000001 0.0039109999999999995 0.00077799999999999994 0.00078399999999999997 0.00076300000000000001 1.92955764079374 1.92955764079374 1.92955764079374 0.00013284856388686033 0.00013284856388686033 0.00013284856388686033 1 1 1 Converged Converged Converged OK OK OK 77 77 77 77 77 77 3 3 3 0 0 0 0 1 0 0 1
183 183 linear 4 0 1693 0 0.001 1 0.68120021132911435 0.0021743175387877903 -0.35914326548476533 0.014090021496869881 -0.35957812899252289 0.5 0.76476497511513597 4.5097480148718958 OK 13 12 0.40166200000000002 0.40204200000000001 0.091215000000000004 0.30830299999999999 0.31051699999999999 0 0.093359000000000025 0.091525000000000023 0.091215000000000004 0.0089049999999999997 0.0090880000000000006 0.0086049999999999998 0.062613999999999975 0.061098000000000006 0.061090999999999986 0.0031290000000000003 0.0031609999999999997 0.0032229999999999997 0.00070200000000000004 0.00067500000000000004 0.00066799999999999997 4.5097455660639234 4.5097455660639234 4.5097455660639234 0.00060533610648820675 0.00060533610648820675 0.00060533610648820675 1 1 1 Converged Converged Converged OK OK OK 61 61 61 61 61 61 3 3 3 0 0 0 0 0 1 0 0
183 183 linear 4 7 1693 1 0.001 1 0.68120021132911435 0.0021743175387877903 -0.35914326548476533 0.014090021496869881 -0.35931342946606176 0.5 0.76450027558867473 4.4962621229217055 OK 13 12 0.40853200000000001 0.32566200000000001 0.089476 0.31550699999999998 0.18756800000000001 0 0.093025000000000024 0.13809399999999999 0.089476 0.0081919999999999996 0.0083110000000000007 0.0076909999999999999 0.065905000000000005 0.11088800000000001 0.063543000000000002 0.0030969999999999999 0.0031859999999999996 0.0030369999999999998 0.00068899999999999994 0.00065700000000000003 0.00064500000000000007 4.4962597056436211 4.4962597056436211 4.4962597056436211 0.00060575158587939726 0.00060575158587939726 0.00060575158587939726 1 1 1 Converged Converged Converged OK OK OK 61 61 61 61 61 61 3 3 3 0 0 0 0 1 0 0 1
183 183 linear 4 15 1693 2 0.001 1 0.68120021132911435 0.0021743175387877903 -0.35914326548476533 0.014090021496869881 -0.35901091572153476 0.5 0.76419776184414778 4.4809475246413211 OK 13 12 0.39301999999999998 0.31094699999999997 0.084235000000000004 0.30492399999999997 0.179947 0 0.088096000000000008 0.13099999999999998 0.084235000000000004 0.0082059999999999998 0.0082089999999999993 0.0076940000000000003 0.060762000000000004 0.10391600000000001 0.058179000000000002 0.0032579999999999996 0.0031690000000000004 0.0030119999999999999 0.00067900000000000013 0.00068400000000000004 0.00066299999999999996 4.480945142844539 4.480945142844539 4.480945142844539 0.00060622688447615743 0.00060622688447615743 0.00060622688447615743 1 1 1 Converged Converged Converged OK OK OK 61 61 61 61 61 61 3 3 3 0 0 0 0 1 0 0 1
183 183 linear 4 23 1693 3 0.001 1 0.68120021132911435 0.0021743175387877903 -0.35914326548476533 0.014090021496869881 -0.35870840197700776 0.5 0.76389524809962084 4.4657366989807104 OK 13 12 0.398065 0.31712899999999999 0.085778999999999994 0.30576199999999998 0.18515100000000001 0 0.092303000000000024 0.13197799999999998 0.085778999999999994 0.0084729999999999996 0.0082249999999999997 0.007646 0.06466100000000001 0.10485399999999998 0.059906000000000001 0.0031689999999999995 0.0032200000000000002 0.0031029999999999999 0.00067599999999999995 0.000669 0.00066699999999999995 4.4657343520847164 4.4657343520847164 4.4657343520847164 0.00060670267915165991 0.00060670267915165991 0.00060670267915165991 1 1 1 Converged Converged Converged OK OK OK 61 61 61 61 61 61 3 3 3 0 0 0 0 1 0 0 1
183 183 linear 4 0 1693 0 0.0001 1 0.68120021132911435 0.0021743175387877903 -0.35914326548476533 0.014090021496869881 -0.35957812899252289 0.5 0.76476497511513597 4.5097480148718958 OK 13 12 0.43124499999999999 0.42016300000000001 0.114707 0.30532799999999999 0.30425600000000003 0 0.125917 0.11590699999999998 0.114707 0.016416 0.0089720000000000008 0.0085009999999999999 0.081849999999999992 0.079724000000000017 0.079087000000000018 0.0039749999999999994 0.0039570000000000004 0.0039379999999999997 0.00082400000000000008 0.00079099999999999993 0.00078100000000000012 4.5097455663435033 4.5097455663435033 4.5097455663435033 9.0960346196128781e-05 9.0960346196128781e-05 9.0960346196128781e-05 1 1 1 Converged Converged Converged OK OK OK 77 77 77 77 77 77 3 3 3 0 0 0 0 0 1 0 0
183 183 linear 4 7 1693 1 0.0001 1 0.68120021132911435 0.0021743175387877903 -0.35914326548476533 0.014090021496869881 -0.35931342946606176 0.5 0.76450027558867473 4.4962621229217055 OK 13 12 0.43179000000000001 0.366734 0.112502 0.31508799999999998 0.18809799999999999 0 0.11670200000000003 0.17863600000000002 0.112502 0.0081539999999999998 0.0083119999999999999 0.0077120000000000001 0.084530000000000036 0.14638899999999996 0.081481000000000012 0.0038869999999999998 0.0040939999999999995 0.0038920000000000001 0.000803 0.000843 0.000767 4.4962597059233893 4.4962597059233893 4.4962597059233893 9.0983142590480187e-05 9.0983142590480187e-05 9.0983142590480187e-05 1 1 1 Converged Converged Converged OK OK OK 77 77 77 77 77 77 3 3 3 0 0 0 0 1 0 0 1
183 183 linear 4 15 1693 2 0.0001 1 0.68120021132911435 0.0021743175387877903 -0.35914326548476533 0.014090021496869881 -0.35901091572153476 0.5 0.76419776184414778 4.4809475246413211 OK 13 12 0.42192800000000003 0.34815499999999999 0.10761900000000001 0.31106499999999998 0.178146 0 0.11086300000000004 0.17000899999999999 0.10761900000000001 0.0080879999999999997 0.0081799999999999998 0.007724 0.079157000000000005 0.13802400000000004 0.076613000000000014 0.0038350000000000003 0.0039709999999999997 0.003885 0.00075500000000000003 0.00077300000000000003 0.00077300000000000003 4.4809451431245346 4.4809451431245346 4.4809451431245346 9.1009190537338642e-05 9.1009190537338642e-05 9.1009190537338642e-05 1 1 1 Converged Converged Converged OK OK OK 77 77 77 77 77 77 3 3 3 0 0 0 0 1 0 0 1
183 183 linear 4 23 1693 3 0.0001 1 0.68120021132911435 0.0021743175387877903 -0.35914326548476533 0.014090021496869881 -0.35870840197700776 0.5 0.76389524809962084 4.4657366989807104 OK 13 12 0.42218 0.35035500000000003 0.108704 0.30955100000000002 0.17800299999999999 0 0.11262899999999998 0.17235200000000003 0.108704 0.0082349999999999993 0.0082480000000000001 0.0076870000000000003 0.080698999999999979 0.14060899999999998 0.07782 0.0039570000000000004 0.0039949999999999994 0.0039189999999999997 0.00080400000000000003 0.00077699999999999991 0.00076100000000000017 4.4657343523649802 4.4657343523649802 4.4657343523649802 9.103523226116249e-05 9.103523226116249e-05 9.103523226116249e-05 1 1 1 Converged Converged Converged OK OK OK 77 77 77 77 77 77 3 3 3 0 0 0 0 1 0 0 1
183 183 uniform 3 0 1694 0 0.001 1 0.68120021132911435 0.0021743175387877903 0.15216276664827455 0.21191944584553321 0.15172790314051698 0 0.25345894298209604 1.9288829318943874 OK 13 12 0.35384399999999999 0.35873500000000003 0.071099999999999997 0.282134 0.28269 0 0.071709999999999996 0.076045000000000029 0.071099999999999997 0.0098049999999999995 0.0098209999999999999 0.0096010000000000002 0.046017000000000016 0.045954000000000002 0.045863999999999995 0.0021669999999999997 0.0069389999999999999 0.0021479999999999997 0.00057499999999999999 0.00056800000000000004 0.00053200000000000003 1.9288829180324856 1.9288829180324856 1.9288829180324856 0.00067907670541711733 0.00067907670541711733 0.00067907670541711733 1 1 1 Converged Converged Converged OK OK OK 45 45 45 45 45 45 3 3 3 0 0 0 0 0 1 0 0
183 183 uniform 3 7 1694 1 0.001 1 0.68120021132911435 0.0021743175387877903 0.15216276664827455 0.21191944584553321 0.15199260266697812 0 0.2531942434556349 1.9290876412662707 OK 13 12 0.332536 0.339889 0.071396000000000001 0.26013700000000001 0.16284499999999999 0 0.072398999999999991 0.17704400000000001 0.071396000000000001 0.0091900000000000003 0.0093030000000000005 0.0088229999999999992 0.04921900000000002 0.153588 0.049120999999999991 0.002134 0.0021740000000000002 0.0021090000000000002 0.00054600000000000004 0.000571 0.00052599999999999999 1.9290876274029201 1.9290876274029201 1.9290876274029201 0.00067914843717840608 0.00067914843717840608 0.00067914843717840608 1 1 1 Converged Converged Converged OK OK OK 45 45 45 45 45 45 3 3 3 0 0 0 0 1 0 0 1
183 183 uniform 3 15 1694 2 0.001 1 0.68120021132911435 0.0021743175387877903 0.15216276664827455 0.21191944584553321 0.15229511641150512 0 0.2528917297111079 1.9293225626428652 OK 13 12 0.35581400000000002 0.352796 0.070691000000000004 0.28294599999999998 0.18620999999999999 0 0.072868000000000044 0.16658600000000001 0.070691000000000004 0.0093329999999999993 0.0093270000000000002 0.008711 0.049307999999999984 0.143175 0.048616999999999994 0.0021700000000000001 0.0022469999999999999 0.0021559999999999999 0.00056900000000000006 0.00054000000000000001 0.00052900000000000006 1.9293225487778365 1.9293225487778365 1.9293225487778365 0.00067923075517771524 0.00067923075517771524 0.00067923075517771524 1 1 1 Converged Converged Converged OK OK OK 45 45 45 45 45 45 3 3 3 0 0 0 0 1 0 0 1
183 183 uniform 3 23 1694 3 0.001 1 0.68120021132911435 0.0021743175387877903 0.15216276664827455 0.21191944584553321 0.15259763015603212 0 0.2525892159665809 1.9295585143764935 OK 13 12 0.34226099999999998 0.34157199999999999 0.070545999999999998 0.27042100000000002 0.17108200000000001 0 0.071839999999999959 0.17048999999999997 0.070545999999999998 0.0092049999999999996 0.0093699999999999999 0.0087139999999999995 0.048779999999999997 0.14707799999999999 0.048493000000000001 0.0020989999999999997 0.002222 0.0021229999999999999 0.00056799999999999993 0.000562 0.00052499999999999997 1.9295585005097877 1.9295585005097877 1.9295585005097877 0.00067931343405923763 0.00067931343405923763 0.00067931343405923763 1 1 1 Converged Converged Converged OK OK OK 45 45 45 45 45 45 3 3 3 0 0 0 0 1 0 0 1
183 183 uniform 3 0 1694 0 0.0001 1 0.68120021132911435 0.0021743175387877903 0.15216276664827455 0.21191944584553321 0.15172790314051698 0 0.25345894298209604 1.9288829318943874 OK 13 12 0.37401299999999998 0.37409300000000001 0.0911 0.28282099999999999 0.28277600000000003 0 0.091191999999999995 0.091316999999999982 0.0911 0.0098259999999999997 0.0099799999999999993 0.0095940000000000001 0.060091000000000006 0.060031000000000001 0.060135000000000015 0.002967 0.0029639999999999996 0.0029419999999999997 0.00068599999999999998 0.00067400000000000001 0.00066700000000000006 1.9288829180415388 1.9288829180415388 1.9288829180415388 0.00014107829252897996 0.00014107829252897996 0.00014107829252897996 1 1 1 Converged Converged Converged OK OK OK 61 61 61 61 61 61 3 3 3 0 0 0 0 0 1 0 0
183 183 uniform 3 7 1694 1 0.0001 1 0.68120021132911435 0.0021743175387877903 0.15216276664827455 0.21191944584553321 0.15199260266697812 0 0.2531942434556349 1.9290876412662707 OK 13 12 0.34961100000000001 0.41931200000000002 0.090361999999999998 0.25811600000000001 0.16573399999999999 0 0.091494999999999993 0.25357800000000003 0.090361999999999998 0.0092420000000000002 0.0092829999999999996 0.0088149999999999999 0.063494000000000023 0.22512299999999999 0.063329999999999997 0.0029810000000000001 0.0030569999999999998 0.0029130000000000002 0.00066299999999999996 0.00068999999999999997 0.00065200000000000002 1.9290876274119779 1.9290876274119779 1.9290876274119779 0.00014097663498485407 0.00014097663498485407 0.00014097663498485407 1 1 1 Converged Converged Converged OK OK OK 61 61 61 61 61 61 3 3 3 0 0 0 0 1 0 0 1
183 183 uniform 3 15 1694 2 0.0001 1 0.68120021132911435 0.0021743175387877903 0.15216276664827455 0.21191944584553321 0.15229511641150512 0 0.2528917297111079 1.9293225626428652 OK 13 12 0.37687900000000002 0.42871199999999998 0.088620000000000004 0.28684500000000002 0.189441 0 0.090034000000000003 0.23927099999999998 0.088620000000000004 0.0092759999999999995 0.0093299999999999998 0.0087039999999999999 0.06210800000000001 0.21078199999999997 0.061716999999999994 0.003009 0.00315 0.0029750000000000002 0.00067500000000000004 0.00066699999999999995 0.00065200000000000002 1.9293225487869583 1.9293225487869583 1.9293225487869583 0.00014086059557946298 0.00014086059557946298 0.00014086059557946298 1 1 1 Converged Converged Converged OK OK OK 61 61 61 61 61 61 3 3 3 0 0 0 0 1 0 0 1
183 183 uniform 3 23 1694 3 0.0001 1 0.68120021132911435 0.0021743175387877903 0.15216276664827455 0.21191944584553321 0.15259763015603212 0 0.2525892159665809 1.9295585143764935 OK 13 12 0.36220000000000002 0.41658699999999999 0.089454000000000006 0.271652 0.16822799999999999 0 0.090548000000000017 0.248359 0.089454000000000006 0.0092399999999999999 0.0095289999999999993 0.0087670000000000005 0.06265900000000002 0.21945999999999999 0.062452999999999967 0.002983 0.0031070000000000004 0.002983 0.00066799999999999997 0.00068399999999999993 0.00064400000000000004 1.9295585005188605 1.9295585005188605 1.9295585005188605 0.00014074470611156049 0.00014074470611156049 0.00014074470611156049 1 1 1 Converged Converged Converged OK OK OK 61 61 61 61 61 61 3 3 3 0 0 0 0 1 0 0 1
183 183 uniform 4 0 1695 0 0.001 1 0.68120021132911435 0.0021743175387877903 -0.35914326548476533 0.014090021496869881 -0.35957812899252289 0 0.76476497511513597 4.5100819797908311 OK 13 12 0.36754100000000001 0.36647999999999997 0.060456999999999997 0.30623499999999998 0.305253 0 0.061306000000000027 0.061226999999999976 0.060456999999999997 0.0088780000000000005 0.0089809999999999994 0.0085389999999999997 0.036683000000000014 0.036749000000000004 0.036454 0.0021919999999999999 0.0020870000000000003 0.0021359999999999999 0.00054100000000000003 0.00053499999999999999 0.00054000000000000001 4.5100819490341193 4.5100819490341193 4.5100819490341193 0.0015731352735569239 0.0015731352735569239 0.0015731352735569239 1 1 1 Converged Converged Converged OK OK OK 45 45 45 45 45 45 3 3 3 0 0 0 0 0 1 0 0
183 183 uniform 4 7 1695 1 0.001 1 0.68120021132911435 0.0021743175387877903 -0.35914326548476533 0.014090021496869881 -0.35931342946606176 0 0.76450027558867473 4.4965917416877295 OK 13 12 0.37950200000000001 0.29133599999999998 0.059187999999999998 0.318967 0.18939900000000001 0 0.060535000000000005 0.10193699999999997 0.059187999999999998 0.0080319999999999992 0.0083309999999999999 0.0077210000000000004 0.038586999999999996 0.079772999999999983 0.038111000000000013 0.0021779999999999998 0.0022240000000000003 0.0021060000000000002 0.00053399999999999997 0.00056800000000000004 0.00052500000000000008 4.4965917110021252 4.4965917110021252 4.4965917110021252 0.0015685945105526255 0.0015685945105526255 0.0015685945105526255 1 1 1 Converged Converged Converged OK OK OK 45 45 45 45 45 45 3 3 3 0 0 0 0 1 0 0 1
183 183 uniform 4 15 1695 2 0.001 1 0.68120021132911435 0.0021743175387877903 -0.35914326548476533 0.014090021496869881 -0.35901091572153476 0 0.76419776184414778 4.4812722527934739 OK 13 12 0.36181999999999997 0.27446100000000001 0.054484999999999999 0.30554999999999999 0.180093 0 0.056269999999999987 0.094368000000000007 0.054484999999999999 0.0080739999999999996 0.0082030000000000002 0.0076439999999999998 0.034274999999999993 0.072351000000000026 0.033540000000000007 0.0021299999999999999 0.0021879999999999998 0.0021310000000000001 0.00052899999999999996 0.00057299999999999994 0.00052700000000000002 4.4812722221893626 4.4812722221893626 4.4812722221893626 0.0015634347006818626 0.0015634347006818626 0.0015634347006818626 1 1 1 Converged Converged Converged OK OK OK 45 45 45 45 45 45 3 3 3 0 0 0 0 1 0 0 1
183 183 uniform 4 23 1695 3 0.001 1 0.68120021132911435 0.0021743175387877903 -0.35914326548476533 0.014090021496869881 -0.35870840197700776 0 0.76389524809962084 4.46605661676106 OK 13 12 0.36646800000000002 0.27100000000000002 0.054301000000000002 0.310722 0.17923500000000001 0 0.055746000000000018 0.091765000000000013 0.054301000000000002 0.0082089999999999993 0.0083149999999999995 0.0076309999999999998 0.033744999999999997 0.069665999999999992 0.033345 0.002147 0.0021660000000000004 0.0021530000000000004 0.00054100000000000003 0.00057700000000000004 0.00053400000000000008 4.4660565862387678 4.4660565862387678 4.4660565862387678 0.0015583064129847861 0.0015583064129847861 0.0015583064129847861 1 1 1 Converged Converged Converged OK OK OK 45 45 45 45 45 45 3 3 3 0 0 0 0 1 0 0 1
183 183 uniform 4 0 1695 0 0.0001 1 0.68120021132911435 0.0021743175387877903 -0.35914326548476533 0.014090021496869881 -0.35957812899252289 0 0.76476497511513597 4.5100819797908311 OK 13 12 0.384739 0.38345299999999999 0.078223000000000001 0.30527500000000002 0.30448599999999998 0 0.079463999999999979 0.078967000000000009 0.078223000000000001 0.0089779999999999999 0.0088260000000000005 0.0085509999999999996 0.048919000000000025 0.048945000000000009 0.048871000000000012 0.0030480000000000004 0.0029729999999999999 0.0029120000000000001 0.00068599999999999998 0.00065399999999999996 0.00065099999999999999 4.5100819489535118 4.5100819489535118 4.5100819489535118 0.00012616129335063289 0.00012616129335063289 0.00012616129335063289 1 1 1 Converged Converged Converged OK OK OK 61 61 61 61 61 61 3 3 3 0 0 0 0 0 1 0 0
183 183 uniform 4 7 1695 1 0.0001 1 0.68120021132911435 0.0021743175387877903 -0.35914326548476533 0.014090021496869881 -0.35931342946606176 0 0.76450027558867473 4.4965917416877295 OK 13 12 0.39201200000000003 0.31700499999999998 0.077701000000000006 0.31271199999999999 0.19101199999999999 0 0.079300000000000037 0.12599299999999999 0.077701000000000006 0.0081689999999999992 0.0082430000000000003 0.0076639999999999998 0.052200999999999997 0.099074999999999983 0.051635000000000007 0.0029889999999999999 0.0031659999999999995 0.0029039999999999999 0.00066399999999999999 0.00065499999999999998 0.00063699999999999998 4.4965917109227664 4.4965917109227664 4.4965917109227664 0.00012624787616612342 0.00012624787616612342 0.00012624787616612342 1 1 1 Converged Converged Converged OK OK OK 61 61 61 61 61 61 3 3 3 0 0 0 0 1 0 0 1
183 183 uniform 4 15 1695 2 0.0001 1 0.68120021132911435 0.0021743175387877903 -0.35914326548476533 0.014090021496869881 -0.35901091572153476 0 0.76419776184414778 4.4812722527934739 OK 13 12 0.38137399999999999 0.294931 0.072173000000000001 0.30762800000000001 0.17733099999999999 0 0.073745999999999978 0.11760000000000001 0.072173000000000001 0.0082059999999999998 0.0083119999999999999 0.0077590000000000003 0.046600999999999997 0.090646000000000032 0.046329999999999996 0.0029870000000000001 0.0029849999999999998 0.0029259999999999998 0.00067699999999999998 0.00065499999999999998 0.00064599999999999998 4.4812722221114747 4.4812722221114747 4.4812722221114747 0.00012634692477199249 0.00012634692477199249 0.00012634692477199249 1 1 1 Converged Converged Converged OK OK OK 61 61 61 61 61 61 3 3 3 0 0 0 0 1 0 0 1
183 183 uniform 4 23 1695 3 0.0001 1 0.68120021132911435 0.0021743175387877903 -0.35914326548476533 0.014090021496869881 -0.35870840197700776 0 0.76389524809962084 4.46605661676106 OK 13 12 0.381295 0.298989 0.073840000000000003 0.305782 0.17979000000000001 0 0.075512999999999997 0.119199 0.073840000000000003 0.0083029999999999996 0.0082389999999999998 0.0076350000000000003 0.048562000000000015 0.092398999999999967 0.048007000000000008 0.002957 0.003065 0.0029199999999999999 0.00064899999999999995 0.00065499999999999998 0.00064099999999999997 4.4660565861621322 4.4660565861621322 4.4660565861621322 0.00012644607672590447 0.00012644607672590447 0.00012644607672590447 1 1 1 Converged Converged Converged OK OK OK 61 61 61 61 61 61 3 3 3 0 0 0 0 1 0 0 1
184 184 linear 3 0 1696 0 0.001 1 0.00041901131732315235 0.0030586721324500857 0.0045172964366343238 -0.02786235790608433 0.0039055620101443068 0.5 -0.0034867261897699917 35.950041914960792 OK 13 12 0.42763099999999998 0.42940400000000001 0.104256 0.32113599999999998 0.32477600000000001 0 0.10649500000000001 0.104628 0.104256 0.010290000000000001 0.010175 0.0098340000000000007 0.074302000000000035 0.072776000000000035 0.072663000000000005 0.0031810000000000002 0.0032900000000000004 0.0032950000000000002 0.00073800000000000005 0.00073899999999999997 0.00076400000000000003 35.950022596042849 35.950022596042849 35.950022596042849 0.028497050094577935 0.028497050094577935 0.028497050094577935 1 1 1 Converged Converged Converged OK OK OK 61 61 61 61 61 61 3 3 3 0 0 0 0 0 1 0 0
184 184 linear 3 7 1696 1 0.001 1 0.00041901131732315235 0.0030586721324500857 0.0045172964366343238 -0.02786235790608433 0.0042779220958338825 0.5 -0.0038590862754595673 35.871567279114444 OK 13 12 0.429452 0.36161799999999999 0.097474000000000005 0.324762 0.16796900000000001 0 0.10469000000000001 0.19364899999999999 0.097474000000000005 0.0094479999999999998 0.0094800000000000006 0.0089210000000000001 0.076169999999999974 0.16463500000000003 0.070015000000000008 0.0031459999999999999 0.0033430000000000001 0.003117 0.000696 0.00073299999999999993 0.00072000000000000005 35.871547376061997 35.871547376061997 35.871547376061997 0.02836281197461139 0.02836281197461139 0.02836281197461139 1 1 1 Converged Converged Converged OK OK OK 61 61 61 61 61 61 3 3 3 0 0 0 0 1 0 0 1
184 184 linear 3 15 1696 2 0.001 1 0.00041901131732315235 0.0030586721324500857 0.0045172964366343238 -0.02786235790608433 0.0047034764794791116 0.5 -0.0042846406591047961 35.778777987071656 OK 13 12 0.43865700000000002 0.399644 0.095183000000000004 0.34067799999999998 0.178651 0 0.097979000000000038 0.22099299999999999 0.095183000000000004 0.0093469999999999994 0.009476 0.0088749999999999992 0.069766999999999996 0.191886 0.067825999999999997 0.0031570000000000001 0.0034359999999999998 0.0031689999999999999 0.00076800000000000002 0.00071699999999999997 0.0007229999999999999 35.778759653854884 35.778759653854884 35.778759653854884 0.02820631289957758 0.02820631289957758 0.02820631289957758 1 1 1 Converged Converged Converged OK OK OK 61 61 61 61 61 61 3 3 3 0 0 0 0 1 0 0 1
184 184 linear 3 23 1696 3 0.001 1 0.00041901131732315235 0.0030586721324500857 0.0045172964366343238 -0.02786235790608433 0.0051290308631243408 0.5 -0.0047101950427500261 35.68156335127825 OK 13 12 0.46355499999999999 0.44518099999999999 0.11017399999999999 0.34979500000000002 0.18318400000000001 0 0.11375999999999997 0.26199699999999998 0.11017399999999999 0.0093760000000000007 0.0095040000000000003 0.0088669999999999999 0.081755000000000008 0.22941900000000004 0.079449999999999951 0.0036440000000000001 0.0038089999999999999 0.0035890000000000002 0.00075100000000000004 0.00074699999999999994 0.0007490000000000001 35.681396552782999 35.681396552782999 35.681396552782999 0.027156247630727898 0.027156247630727898 0.027156247630727898 1 1 1 Converged Converged Converged OK OK OK 69 69 69 69 69 69 3 3 3 0 0 0 0 1 0 0 1
184 184 linear 3 0 1696 0 0.0001 1 0.00041901131732315235 0.0030586721324500857 0.0045172964366343238 -0.02786235790608433 0.0039055620101443068 0.5 -0.0034867261897699917 35.950041914960792 OK 13 12 0.45091999999999999 0.45023999999999997 0.12778200000000001 0.32008300000000001 0.32238099999999997 0 0.13083699999999998 0.127859 0.12778200000000001 0.010246 0.010064999999999999 0.0097280000000000005 0.092360999999999957 0.090059 0.09035600000000002 0.0043150000000000003 0.0040740000000000004 0.0041479999999999998 0.000861 0.00086000000000000009 0.00085399999999999994 35.950022537626815 35.950022537626815 35.950022537626815 0.00036325058905008336 0.00036325058905008336 0.00036325058905008336 1 1 1 Converged Converged Converged OK OK OK 77 77 77 77 77 77 3 3 3 0 0 0 0 0 1 0 0
184 184 linear 3 7 1696 1 0.0001 1 0.00041901131732315235 0.0030586721324500857 0.0045172964366343238 -0.02786235790608433 0.0042779220958338825 0.5 -0.0038590862754595673 35.871567279114444 OK 13 12 0.455544 0.43318200000000001 0.119561 0.32635199999999998 0.164632 0 0.12919200000000003 0.26855000000000001 0.119561 0.0095759999999999994 0.0094470000000000005 0.0088690000000000001 0.095204999999999929 0.23117299999999999 0.087296000000000012 0.0042119999999999996 0.0041109999999999992 0.0039299999999999995 0.00086300000000000005 0.00080599999999999986 0.00079900000000000001 35.871547316568737 35.871547316568737 35.871547316568737 0.00034028084682260671 0.00034028084682260671 0.00034028084682260671 1 1 1 Converged Converged Converged OK OK OK 77 77 77 77 77 77 3 3 3 0 0 0 0 1 0 0 1
184 184 linear 3 15 1696 2 0.0001 1 0.00041901131732315235 0.0030586721324500857 0.0045172964366343238 -0.02786235790608433 0.0047034764794791116 0.5 -0.0042846406591047961 35.778777987071656 OK 13 12 0.46468799999999999 0.45758799999999999 0.11887499999999999 0.34198800000000001 0.17752599999999999 0 0.12269999999999998 0.28006200000000003 0.11887499999999999 0.0094470000000000005 0.0095720000000000006 0.0088730000000000007 0.089366000000000029 0.24587699999999998 0.086593000000000017 0.0040420000000000005 0.0043160000000000004 0.0040049999999999999 0.00082599999999999991 0.00088000000000000003 0.00081799999999999993 35.778759593179643 35.778759593179643 35.778759593179643 0.00031680435784126607 0.00031680435784126607 0.00031680435784126607 1 1 1 Converged Converged Converged OK OK OK 77 77 77 77 77 77 3 3 3 0 0 0 0 1 0 0 1
184 184 linear 3 23 1696 3 0.0001 1 0.00041901131732315235 0.0030586721324500857 0.0045172964366343238 -0.02786235790608433 0.0051290308631243408 0.5 -0.0047101950427500261 35.68156335127825 OK 13 12 0.47457500000000002 0.45302500000000001 0.119728 0.34730100000000003 0.178594 0 0.127274 0.27443099999999998 0.119728 0.0094479999999999998 0.0094389999999999995 0.0088120000000000004 0.093519000000000019 0.24072199999999988 0.087535000000000002 0.0042859999999999999 0.0040339999999999994 0.0040960000000000007 0.00086799999999999996 0.00081899999999999996 0.00078599999999999991 35.681544290871813 35.681544290871813 35.681544290871813 0.00029586843010862663 0.00029586843010862663 0.00029586843010862663 1 1 1 Converged Converged Converged OK OK OK 77 77 77 77 77 77 3 3 3 0 0 0 0 1 0 0 1
184 184 linear 4 0 1697 0 0.001 1 0.00041901131732315235 0.0030586721324500857 -0.0032097333700551573 0.004129414411372951 -0.0038214677965451747 0.5 0.0042403036169194903 179.51709863657416 OK 15 14 0.51162399999999997 0.51085199999999997 0.16261300000000001 0.34503400000000001 0.34514099999999998 0 0.16658999999999996 0.165711 0.16261300000000001 0.015838000000000001 0.015925999999999999 0.015374000000000001 0.11893099999999998 0.11668100000000002 0.11529099999999996 0.0046719999999999999 0.0055529999999999998 0.0050559999999999997 0.001041 0.0012649999999999998 0.0011050000000000001 179.51679084217093 179.51679084217093 179.51679084217093 0.084997002143679418 0.084997002143679418 0.084997002143679418 1 1 1 Converged Converged Converged OK OK OK 90 90 90 90 90 90 6 6 6 0 0 0 0 0 1 0 0
184 184 linear 4 7 1697 1 0.001 1 0.00041901131732315235 0.0030586721324500857 -0.0032097333700551573 0.004129414411372951 -0.0034491077108555986 0.5 0.0038679435312299138 188.82930865664034 OK 15 14 0.630749 0.63076500000000002 0.152005 0.47505999999999998 0.32437199999999999 0 0.15568900000000002 0.30639300000000003 0.152005 0.014676 0.014895 0.014376 0.11610499999999997 0.26519100000000001 0.11277800000000004 0.0043779999999999999 0.0054389999999999994 0.0047709999999999992 0.00096600000000000006 0.0011330000000000001 0.0010200000000000001 188.82899903104467 188.82899903104467 188.82899903104467 0.086569088697349486 0.086569088697349486 0.086569088697349486 1 1 1 Converged Converged Converged OK OK OK 90 90 90 90 90 90 6 6 6 0 0 0 0 1 0 0 1
184 184 linear 4 15 1697 2 0.001 1 0.00041901131732315235 0.0030586721324500857 -0.0032097333700551573 0.004129414411372951 -0.0030235533272103695 0.5 0.0034423891475846846 200.18106446067233 OK 15 14 0.62210200000000004 0.58963900000000002 0.13219900000000001 0.48543599999999998 0.33339400000000002 0 0.13666600000000007 0.256245 0.13219900000000001 0.014695 0.014893999999999999 0.014196 0.10222200000000001 0.22050100000000003 0.098696999999999993 0.0034610000000000001 0.0038730000000000001 0.00348 0.00085599999999999999 0.00093299999999999991 0.00089000000000000006 200.18060410913426 200.18060410913426 200.18060410913426 0.18275383918908555 0.18275383918908555 0.18275383918908555 1 1 1 Converged Converged Converged OK OK OK 74 74 74 74 74 74 6 6 6 0 0 0 0 1 0 0 1
184 184 linear 4 23 1697 3 0.001 1 0.00041901131732315235 0.0030586721324500857 -0.0032097333700551573 0.004129414411372951 -0.0025979989435651399 0.5 0.003016834763939455 212.2228478397227 OK 15 14 0.578434 0.57913800000000004 0.19032199999999999 0.38062400000000002 0.225075 0 0.19780999999999999 0.35406300000000002 0.19032199999999999 0.015516 0.015462999999999999 0.014555999999999999 0.15344700000000008 0.30709900000000001 0.14831900000000001 0.0052040000000000003 0.0050699999999999999 0.0046589999999999999 0.0012360000000000001 0.0012169999999999998 0.0011669999999999999 212.22229183806959 212.22229183806959 212.22229183806959 0.14376804175366475 0.14376804175366475 0.14376804175366475 1 1 1 Converged Converged Converged OK OK OK 96 96 96 96 96 96 8 8 8 0 0 0 0 1 0 0 1
184 184 linear 4 0 1697 0 0.0001 1 0.00041901131732315235 0.0030586721324500857 -0.0032097333700551573 0.004129414411372951 -0.0038214677965451747 0.5 0.0042403036169194903 179.51709863657416 OK 15 14 0.57283200000000001 0.566805 0.222636 0.34402500000000003 0.34431400000000001 0 0.22880699999999998 0.22249099999999999 0.222636 0.015857 0.015584000000000001 0.01524 0.1657550000000001 0.16080099999999994 0.16050999999999996 0.0067720000000000002 0.0064029999999999998 0.0068840000000000004 0.0015759999999999999 0.0014790000000000003 0.0015399999999999999 179.51698513198002 179.51698513198002 179.51698513198002 0.0034411595287880577 0.0034411595287880577 0.0034411595287880577 1 1 1 Converged Converged Converged OK OK OK 122 122 122 122 122 122 6 6 6 0 0 0 0 0 1 0 0
184 184 linear 4 7 1697 1 0.0001 1 0.00041901131732315235 0.0030586721324500857 -0.0032097333700551573 0.004129414411372951 -0.0034491077108555986 0.5 0.0038679435312299138 188.82930865664034 OK 15 14 0.68314399999999997 0.68896599999999997 0.19780600000000001 0.47847699999999999 0.32074799999999998 0 0.20466699999999999 0.36821799999999999 0.19780600000000001 0.014966 0.014867999999999999 0.014161 0.15702099999999997 0.31993899999999997 0.151342 0.0058869999999999999 0.0064330000000000003 0.0061180000000000002 0.0012210000000000001 0.00132 0.0013800000000000002 188.82910494935925 188.82910494935925 188.82910494935925 0.017641031528439991 0.017641031528439991 0.017641031528439991 1 1 1 Converged Converged Converged OK OK OK 114 114 114 114 114 114 6 6 6 0 0 0 0 1 0 0 1
184 184 linear 4 15 1697 2 0.0001 1 0.00041901131732315235 0.0030586721324500857 -0.0032097333700551573 0.004129414411372951 -0.0030235533272103695 0.5 0.0034423891475846846 200.18106446067233 OK 15 14 0.69520199999999999 0.70330400000000004 0.19958500000000001 0.485954 0.33104899999999998 0 0.20924799999999999 0.37225500000000006 0.19958500000000001 0.014884 0.014943 0.014055 0.15863099999999988 0.32380599999999993 0.15351199999999995 0.005925999999999999 0.0066350000000000003 0.0060330000000000002 0.00124 0.0013389999999999999 0.0012640000000000001 200.18086050844732 200.18086050844732 200.18086050844732 0.017480768725272069 0.017480768725272069 0.017480768725272069 1 1 1 Converged Converged Converged OK OK OK 114 114 114 114 114 114 6 6 6 0 0 0 0 1 0 0 1
184 184 linear 4 23 1697 3 0.0001 1 0.00041901131732315235 0.0030586721324500857 -0.0032097333700551573 0.004129414411372951 -0.0025979989435651399 0.5 0.003016834763939455 212.2228478397227 OK 15 14 0.64126300000000003 0.68674100000000005 0.257859 0.37726999999999999 0.22251099999999999 0 0.26399300000000003 0.46423000000000003 0.257859 0.015408 0.015566 0.014451 0.20494999999999997 0.40454500000000004 0.20090699999999986 0.0075529999999999998 0.0078820000000000001 0.0070799999999999995 0.0016579999999999998 0.0017479999999999998 0.00165 212.22266034786642 212.22266034786642 212.22266034786642 0.013924576106200013 0.013924576106200013 0.013924576106200013 1 1 1 Converged Converged Converged OK OK OK 136 136 136 136 136 136 8 8 8 0 0 0 0 1 0 0 1
184 184 uniform 3 0 1698 0 0.001 1 0.00041901131732315235 0.0030586721324500857 0.0045172964366343238 -0.02786235790608433 0.0039055620101443068 0 -0.0034867261897699917 35.95648315910114 OK 13 12 0.39428400000000002 0.399864 0.072348999999999997 0.32168999999999998 0.324457 0 0.072594000000000047 0.075407000000000002 0.072348999999999997 0.010115000000000001 0.011398999999999999 0.0098300000000000002 0.046542000000000035 0.047798 0.046695999999999988 0.002196 0.0022110000000000003 0.0021210000000000001 0.00055700000000000009 0.00056400000000000005 0.00054199999999999995 35.95648295717713 35.95648295717713 35.95648295717713 0.010623570489953481 0.010623570489953481 0.010623570489953481 1 1 1 Converged Converged Converged OK OK OK 45 45 45 45 45 45 3 3 3 0 0 0 0 0 1 0 0
184 184 uniform 3 7 1698 1 0.001 1 0.00041901131732315235 0.0030586721324500857 0.0045172964366343238 -0.02786235790608433 0.0042779220958338825 0 -0.0038590862754595673 35.87742151286421 OK 13 12 0.39508100000000002 0.290908 0.066194000000000003 0.32728699999999999 0.16688500000000001 0 0.067794000000000021 0.12402299999999999 0.066194000000000003 0.0095999999999999992 0.0094730000000000005 0.0088870000000000008 0.044145000000000011 0.10060600000000003 0.043840999999999991 0.0021570000000000001 0.0022290000000000001 0.0021409999999999997 0.00054000000000000001 0.00059999999999999995 0.00053200000000000003 35.877421314090377 35.877421314090377 35.877421314090377 0.010666391266817694 0.010666391266817694 0.010666391266817694 1 1 1 Converged Converged Converged OK OK OK 45 45 45 45 45 45 3 3 3 0 0 0 0 1 0 0 1
184 184 uniform 3 15 1698 2 0.001 1 0.00041901131732315235 0.0030586721324500857 0.0045172964366343238 -0.02786235790608433 0.0047034764794791116 0 -0.0042846406591047961 35.784195448232254 OK 13 12 0.40761399999999998 0.319415 0.065615999999999994 0.34058300000000002 0.177818 0 0.067030999999999952 0.141597 0.065615999999999994 0.0093259999999999992 0.0094249999999999994 0.0088129999999999997 0.04377099999999999 0.118254 0.043373999999999989 0.0021540000000000001 0.0022550000000000001 0.00215 0.00058299999999999997 0.00055500000000000005 0.000544 35.78419524300503 35.78419524300503 35.78419524300503 0.010713857890677799 0.010713857890677799 0.010713857890677799 1 1 1 Converged Converged Converged OK OK OK 45 45 45 45 45 45 3 3 3 0 0 0 0 1 0 0 1
184 184 uniform 3 23 1698 3 0.001 1 0.00041901131732315235 0.0030586721324500857 0.0045172964366343238 -0.02786235790608433 0.0051290308631243408 0 -0.0047101950427500261 35.686679330001034 OK 13 12 0.415935 0.33056999999999997 0.068029999999999993 0.34673300000000001 0.181676 0 0.069201999999999986 0.14889399999999997 0.068029999999999993 0.0092460000000000007 0.0093530000000000002 0.0087899999999999992 0.045982999999999989 0.12559499999999996 0.045836000000000016 0.002235 0.0022079999999999999 0.0021120000000000002 0.00056099999999999998 0.00056299999999999992 0.00052999999999999998 35.686679133382583 35.686679133382583 35.686679133382583 0.010759654164622474 0.010759654164622474 0.010759654164622474 1 1 1 Converged Converged Converged OK OK OK 45 45 45 45 45 45 3 3 3 0 0 0 0 1 0 0 1
184 184 uniform 3 0 1698 0 0.0001 1 0.00041901131732315235 0.0030586721324500857 0.0045172964366343238 -0.02786235790608433 0.0039055620101443068 0 -0.0034867261897699917 35.95648315910114 OK 13 12 0.439164 0.43366399999999999 0.11125400000000001 0.32670100000000002 0.32247799999999999 0 0.11246299999999998 0.11118600000000001 0.11125400000000001 0.010114 0.0099799999999999993 0.0096880000000000004 0.074872999999999981 0.074428999999999995 0.074412999999999993 0.0039500000000000004 0.0038770000000000002 0.0038040000000000001 0.00080800000000000012 0.00082399999999999997 0.00081499999999999997 35.956482955784601 35.956482955784601 35.956482955784601 9.7187254286223591e-05 9.7187254286223591e-05 9.7187254286223591e-05 1 1 1 Converged Converged Converged OK OK OK 77 77 77 77 77 77 3 3 3 0 0 0 0 0 1 0 0
184 184 uniform 3 7 1698 1 0.0001 1 0.00041901131732315235 0.0030586721324500857 0.0045172964366343238 -0.02786235790608433 0.0042779220958338825 0 -0.0038590862754595673 35.87742151286421 OK 13 12 0.431946 0.41530600000000001 0.10388 0.325575 0.16663600000000001 0 0.10637099999999999 0.24867 0.10388 0.0095940000000000001 0.0095130000000000006 0.0088909999999999996 0.072461999999999999 0.21507200000000007 0.07198400000000002 0.0042189999999999997 0.0040280000000000003 0.0038149999999999998 0.00085599999999999999 0.00080599999999999986 0.00080999999999999996 35.877421312905682 35.877421312905682 35.877421312905682 8.6256740798280787e-05 8.6256740798280787e-05 8.6256740798280787e-05 1 1 1 Converged Converged Converged OK OK OK 77 77 77 77 77 77 3 3 3 0 0 0 0 1 0 0 1
184 184 uniform 3 15 1698 2 0.0001 1 0.00041901131732315235 0.0030586721324500857 0.0045172964366343238 -0.02786235790608433 0.0047034764794791116 0 -0.0042846406591047961 35.784195448232254 OK 13 12 0.44916099999999998 0.43882300000000002 0.10302699999999999 0.34062300000000001 0.175456 0 0.10853799999999997 0.26336700000000002 0.10302699999999999 0.0094629999999999992 0.0094830000000000001 0.008914 0.075116999999999975 0.22996599999999995 0.071047000000000027 0.0040400000000000002 0.0039899999999999996 0.0038640000000000002 0.00086200000000000003 0.00079300000000000009 0.00077900000000000007 35.784195242075278 35.784195242075278 35.784195242075278 7.5580783959838945e-05 7.5580783959838945e-05 7.5580783959838945e-05 1 1 1 Converged Converged Converged OK OK OK 77 77 77 77 77 77 3 3 3 0 0 0 0 1 0 0 1
184 184 uniform 3 23 1698 3 0.0001 1 0.00041901131732315235 0.0030586721324500857 0.0045172964366343238 -0.02786235790608433 0.0051290308631243408 0 -0.0047101950427500261 35.686679330001034 OK 13 12 0.451791 0.43977699999999997 0.104239 0.34565899999999999 0.183696 0 0.106132 0.256081 0.104239 0.0092940000000000002 0.0095069999999999998 0.0088299999999999993 0.073091000000000003 0.22225999999999999 0.072320000000000023 0.0039529999999999999 0.0040499999999999998 0.0037450000000000001 0.00082300000000000006 0.00077899999999999996 0.00079100000000000004 35.686679132728081 35.686679132728081 35.686679132728081 6.6786981946075863e-05 6.6786981946075863e-05 6.6786981946075863e-05 1 1 1 Converged Converged Converged OK OK OK 77 77 77 77 77 77 3 3 3 0 0 0 0 1 0 0 1
184 184 uniform 4 0 1699 0 0.001 1 0.00041901131732315235 0.0030586721324500857 -0.0032097333700551573 0.004129414411372951 -0.0038214677965451747 0 0.0042403036169194903 180.12394061874014 OK 15 14 0.47698000000000002 0.47732400000000003 0.13285 0.34328700000000001 0.34218599999999999 0 0.13369300000000001 0.13513800000000004 0.13285 0.015678999999999998 0.015886999999999998 0.015147000000000001 0.09007100000000004 0.090598000000000026 0.090047999999999975 0.003679 0.0041280000000000006 0.0036859999999999996 0.00080800000000000002 0.00093899999999999995 0.00085999999999999998 180.1238943914075 180.1238943914075 180.1238943914075 0.13306652891918519 0.13306652891918519 0.13306652891918519 1 1 1 Converged Converged Converged OK OK OK 82 82 82 82 82 82 6 6 6 0 0 0 0 0 1 0 0
184 184 uniform 4 7 1699 1 0.001 1 0.00041901131732315235 0.0030586721324500857 -0.0032097333700551573 0.004129414411372951 -0.0034491077108555986 0 0.0038679435312299138 189.54624443059186 OK 15 14 0.60013799999999995 0.57829699999999995 0.12557099999999999 0.47271400000000002 0.321301 0 0.12742399999999993 0.25699599999999995 0.12557099999999999 0.014904000000000001 0.014855999999999999 0.014111 0.090127999999999986 0.2188790000000001 0.08940399999999997 0.0036119999999999998 0.004076999999999999 0.003686 0.00077900000000000007 0.00095700000000000017 0.00079799999999999999 189.54620013255362 189.54620013255362 189.54620013255362 0.1775064267333199 0.1775064267333199 0.1775064267333199 1 1 1 Converged Converged Converged OK OK OK 82 82 82 82 82 82 6 6 6 0 0 0 0 1 0 0 1
184 184 uniform 4 15 1699 2 0.001 1 0.00041901131732315235 0.0030586721324500857 -0.0032097333700551573 0.004129414411372951 -0.0030235533272103695 0 0.0034423891475846846 201.05290454087873 OK 15 14 0.62682300000000002 0.62334199999999995 0.13581799999999999 0.48935000000000001 0.331374 0 0.13747300000000001 0.29196799999999995 0.13581799999999999 0.014768 0.014792 0.014010999999999999 0.097243000000000052 0.25113800000000008 0.09712399999999996 0.0041420000000000007 0.0042890000000000011 0.0040410000000000003 0.00090999999999999989 0.00094499999999999988 0.00091900000000000011 201.05285887164462 201.05285887164462 201.05285887164462 0.055392176323712371 0.055392176323712371 0.055392176323712371 1 1 1 Converged Converged Converged OK OK OK 90 90 90 90 90 90 6 6 6 0 0 0 0 1 0 0 1
184 184 uniform 4 23 1699 3 0.001 1 0.00041901131732315235 0.0030586721324500857 -0.0032097333700551573 0.004129414411372951 -0.0025979989435651399 0 0.003016834763939455 213.28805466785417 OK 15 14 0.568164 0.59768900000000003 0.183203 0.37654900000000002 0.22122 0 0.19161499999999998 0.37646900000000005 0.183203 0.015468000000000001 0.015566999999999999 0.014448000000000001 0.14064400000000007 0.32634800000000008 0.13524700000000006 0.0058309999999999994 0.005742999999999999 0.0052089999999999992 0.0014069999999999998 0.0012569999999999999 0.001266 213.28802598680818 213.28802598680818 213.28802598680818 0.045951106473164756 0.045951106473164756 0.045951106473164756 1 1 1 Converged Converged Converged OK OK OK 112 112 112 112 112 112 8 8 8 0 0 0 0 1 0 0 1
184 184 uniform 4 0 1699 0 0.0001 1 0.00041901131732315235 0.0030586721324500857 -0.0032097333700551573 0.004129414411372951 -0.0038214677965451747 0 0.0042403036169194903 180.12394061874014 OK 15 14 0.545095 0.54121600000000003 0.19558300000000001 0.34830299999999997 0.34458800000000001 0 0.19679200000000002 0.19662800000000002 0.19558300000000001 0.015817000000000001 0.015497 0.015212 0.13538500000000001 0.13572299999999995 0.13527299999999995 0.0059100000000000003 0.0058959999999999993 0.0058030000000000009 0.0014710000000000001 0.0015280000000000001 0.0014369999999999999 180.12392973900222 180.12392973900222 180.12392973900222 0.0053467997539333638 0.0053467997539333638 0.0053467997539333638 1 1 1 Converged Converged Converged OK OK OK 122 122 122 122 122 122 6 6 6 0 0 0 0 0 1 0 0
184 184 uniform 4 7 1699 1 0.0001 1 0.00041901131732315235 0.0030586721324500857 -0.0032097333700551573 0.004129414411372951 -0.0034491077108555986 0 0.0038679435312299138 189.54624443059186 OK 15 14 0.64789699999999995 0.66753399999999996 0.174069 0.47179100000000002 0.32472699999999999 0 0.17610599999999993 0.34280699999999997 0.174069 0.014931 0.014869 0.014165000000000001 0.12886800000000007 0.29579900000000003 0.12858799999999998 0.0055840000000000004 0.0055830000000000003 0.005398 0.0013120000000000002 0.001224 0.0012539999999999999 189.54621722095183 189.54621722095183 189.54621722095183 0.018493298557141991 0.018493298557141991 0.018493298557141991 1 1 1 Converged Converged Converged OK OK OK 114 114 114 114 114 114 6 6 6 0 0 0 0 1 0 0 1
184 184 uniform 4 15 1699 2 0.0001 1 0.00041901131732315235 0.0030586721324500857 -0.0032097333700551573 0.004129414411372951 -0.0030235533272103695 0 0.0034423891475846846 201.05290454087873 OK 15 14 0.67493199999999998 0.67996999999999996 0.17560000000000001 0.49158800000000002 0.32791799999999999 0 0.18334399999999995 0.35205199999999998 0.17560000000000001 0.01521 0.014888 0.014024 0.13579399999999989 0.30452399999999996 0.13054699999999997 0.0054409999999999997 0.0056869999999999993 0.0052600000000000008 0.001284 0.0012519999999999999 0.0012200000000000002 201.05287982887725 201.05287982887725 201.05287982887725 0.017901322649513069 0.017901322649513069 0.017901322649513069 1 1 1 Converged Converged Converged OK OK OK 114 114 114 114 114 114 6 6 6 0 0 0 0 1 0 0 1
184 184 uniform 4 23 1699 3 0.0001 1 0.00041901131732315235 0.0030586721324500857 -0.0032097333700551573 0.004129414411372951 -0.0025979989435651399 0 0.003016834763939455 213.28805466785417 OK 15 14 0.60234799999999999 0.64701900000000001 0.220578 0.37945800000000002 0.22343099999999999 0 0.22288999999999998 0.42358800000000002 0.220578 0.01533 0.015383000000000001 0.014479000000000001 0.16674300000000003 0.36651400000000012 0.16615899999999989 0.0067419999999999997 0.0071939999999999999 0.0065659999999999998 0.001622 0.001647 0.001681 213.28803752166203 213.28803752166203 213.28803752166203 0.013505168870572166 0.013505168870572166 0.013505168870572166 1 1 1 Converged Converged Converged OK OK OK 136 136 136 136 136 136 8 8 8 0 0 0 0 1 0 0 1
185 185 linear 3 0 1700 0 0.001 1 0.0016602858810555047 0.0041834069054887835 0.0356330863187884 0.009874195157459336 0.034796404937690643 0.5 -0.033138871036768214 15.142389926871166 OK 12 11 0.37240699999999999 0.37080400000000002 0.093174000000000007 0.27569500000000002 0.27601900000000001 0 0.096711999999999965 0.094785000000000008 0.093174000000000007 0.0090349999999999996 0.0089189999999999998 0.0087659999999999995 0.068119000000000013 0.066829 0.066167999999999991 0.0032400000000000003 0.0032520000000000005 0.0028189999999999999 0.00064499999999999996 0.00058600000000000004 0.00056700000000000001 15.1423412669822 15.1423412669822 15.1423412669822 0.0078389910026993824 0.0078389910026993824 0.0078389910026993824 1 1 1 Converged Converged Converged OK OK OK 53 53 53 53 53 53 3 3 3 0 0 0 0 0 1 0 0
185 185 linear 3 7 1700 1 0.001 1 0.0016602858810555047 0.0041834069054887835 0.0356330863187884 0.009874195157459336 0.035305689256619713 0.5 -0.033648155355697283 14.947630486370427 OK 12 11 0.37204100000000001 0.27222200000000002 0.087748999999999994 0.274899 0.15185599999999999 0 0.097142000000000006 0.12036600000000003 0.087748999999999994 0.0080490000000000006 0.0081849999999999996 0.0076220000000000003 0.071753999999999984 0.09521099999999999 0.064181999999999989 0.0031019999999999997 0.003016 0.0027920000000000002 0.00062399999999999999 0.00058199999999999994 0.00054900000000000001 14.947582745905775 14.947582745905775 14.947582745905775 0.0077394634136867205 0.0077394634136867205 0.0077394634136867205 1 1 1 Converged Converged Converged OK OK OK 53 53 53 53 53 53 3 3 3 0 0 0 0 1 0 0 1
185 185 linear 3 15 1700 2 0.001 1 0.0016602858810555047 0.0041834069054887835 0.0356330863187884 0.009874195157459336 0.035887728478252931 0.5 -0.034230194577330501 14.731387080760822 OK 12 11 0.51644800000000002 0.425062 0.090469999999999995 0.42165200000000003 0.302533 0 0.094795999999999991 0.122529 0.090469999999999995 0.0081300000000000001 0.0080350000000000005 0.007509 0.069581000000000004 0.097870000000000013 0.066873000000000002 0.0030000000000000005 0.0029610000000000001 0.0028349999999999998 0.00056400000000000005 0.00056800000000000004 0.00054799999999999998 14.731340243738474 14.731340243738474 14.731340243738474 0.0076277775662075744 0.0076277775662075744 0.0076277775662075744 1 1 1 Converged Converged Converged OK OK OK 53 53 53 53 53 53 3 3 3 0 0 0 0 1 0 0 1
185 185 linear 3 23 1700 3 0.001 1 0.0016602858810555047 0.0041834069054887835 0.0356330863187884 0.009874195157459336 0.036469767699886156 0.5 -0.034812233798963726 14.521634823563627 OK 12 11 0.477912 0.38209900000000002 0.094921000000000005 0.37813099999999999 0.25867899999999999 0 0.099781000000000009 0.12342000000000003 0.094921000000000005 0.0081689999999999992 0.0081329999999999996 0.010846 0.073942000000000022 0.098809999999999967 0.068200999999999984 0.0032230000000000002 0.0029020000000000001 0.0027169999999999998 0.00064199999999999999 0.00060300000000000002 0.00058500000000000002 14.521588930112397 14.521588930112397 14.521588930112397 0.007518257542792282 0.007518257542792282 0.007518257542792282 1 1 1 Converged Converged Converged OK OK OK 53 53 53 53 53 53 3 3 3 0 0 0 0 1 0 0 1
185 185 linear 3 0 1700 0 0.0001 1 0.0016602858810555047 0.0041834069054887835 0.0356330863187884 0.009874195157459336 0.034796404937690643 0.5 -0.033138871036768214 15.142389926871166 OK 12 11 0.39575500000000002 0.39592300000000002 0.11855599999999999 0.27406599999999998 0.27206000000000002 0 0.12168900000000005 0.123863 0.11855599999999999 0.0088229999999999992 0.01277 0.0083730000000000002 0.091051000000000007 0.089409999999999989 0.088817999999999953 0.003241 0.0031809999999999998 0.0032160000000000001 0.00069699999999999992 0.00070700000000000005 0.00069300000000000004 15.142384019651743 15.142384019651743 15.142384019651743 0.00057237947678525996 0.00057237947678525996 0.00057237947678525996 1 1 1 Converged Converged Converged OK OK OK 61 61 61 61 61 61 3 3 3 0 0 0 0 0 1 0 0
185 185 linear 3 7 1700 1 0.0001 1 0.0016602858810555047 0.0041834069054887835 0.0356330863187884 0.009874195157459336 0.035305689256619713 0.5 -0.033648155355697283 14.947630486370427 OK 12 11 0.39158999999999999 0.29713499999999998 0.113471 0.274225 0.15196000000000001 0 0.117365 0.14517499999999997 0.113471 0.0080260000000000001 0.0081729999999999997 0.0076140000000000001 0.090029000000000012 0.11827000000000001 0.087323999999999985 0.0033779999999999999 0.003264 0.0033250000000000003 0.00069499999999999998 0.00069300000000000004 0.00068500000000000006 14.94762488834678 14.94762488834678 14.94762488834678 0.0005772284796247884 0.0005772284796247884 0.0005772284796247884 1 1 1 Converged Converged Converged OK OK OK 61 61 61 61 61 61 3 3 3 0 0 0 0 1 0 0 1
185 185 linear 3 15 1700 2 0.0001 1 0.0016602858810555047 0.0041834069054887835 0.0356330863187884 0.009874195157459336 0.035887728478252931 0.5 -0.034230194577330501 14.731387080760822 OK 12 11 0.54256300000000002 0.44600299999999998 0.11365500000000001 0.421099 0.29919899999999999 0 0.12146400000000002 0.14680399999999999 0.11365500000000001 0.0080499999999999999 0.0082450000000000006 0.0075449999999999996 0.09063199999999999 0.11925000000000002 0.087621999999999992 0.0033310000000000002 0.0034119999999999997 0.0032850000000000002 0.00070200000000000004 0.00073200000000000001 0.00067400000000000001 14.731381699758954 14.731381699758954 14.731381699758954 0.00058292263091541446 0.00058292263091541446 0.00058292263091541446 1 1 1 Converged Converged Converged OK OK OK 61 61 61 61 61 61 3 3 3 0 0 0 0 1 0 0 1
185 185 linear 3 23 1700 3 0.0001 1 0.0016602858810555047 0.0041834069054887835 0.0356330863187884 0.009874195157459336 0.036469767699886156 0.5 -0.034812233798963726 14.521634823563627 OK 12 11 0.49945800000000001 0.40940199999999999 0.116817 0.37862000000000001 0.25464100000000001 0 0.120838 0.15476099999999998 0.116817 0.0081840000000000003 0.0080859999999999994 0.0075389999999999997 0.093757999999999994 0.12757900000000003 0.091144000000000003 0.0031350000000000002 0.0031900000000000001 0.0030469999999999998 0.00073499999999999998 0.00073000000000000007 0.00070399999999999998 14.52162971124805 14.52162971124805 14.52162971124805 0.00058878048682050753 0.00058878048682050753 0.00058878048682050753 1 1 1 Converged Converged Converged OK OK OK 61 61 61 61 61 61 3 3 3 0 0 0 0 1 0 0 1
185 185 linear 4 0 1701 0 0.001 1 0.0016602858810555047 0.0041834069054887835 0.011149736297812395 0.05084965227135238 0.010313054916714639 0.5 -0.0086555210157922072 19.646639026742516 OK 13 12 0.46249400000000002 0.45777099999999998 0.10501199999999999 0.35062100000000002 0.3518 0 0.111873 0.10597099999999998 0.10501199999999999 0.010236 0.010083999999999999 0.0097839999999999993 0.079315999999999998 0.074281999999999987 0.073734999999999995 0.003362 0.0032359999999999997 0.003235 0.00078600000000000002 0.0007139999999999999 0.00067900000000000002 19.646629079828646 19.646629079828646 19.646629079828646 0.015822192444316482 0.015822192444316482 0.015822192444316482 1 1 1 Converged Converged Converged OK OK OK 61 61 61 61 61 61 3 3 3 0 0 0 0 0 1 0 0
185 185 linear 4 7 1701 1 0.001 1 0.0016602858810555047 0.0041834069054887835 0.011149736297812395 0.05084965227135238 0.010822339235643708 0.5 -0.0091648053347212766 19.611002946175251 OK 13 12 0.39222600000000002 0.34866900000000001 0.096678 0.29211500000000001 0.14711399999999999 0 0.10011100000000001 0.20155500000000001 0.096678 0.0093970000000000008 0.0093139999999999994 0.0088959999999999994 0.071029000000000009 0.17299899999999999 0.069083999999999993 0.003503 0.0032890000000000003 0.0032619999999999997 0.00072600000000000008 0.00071200000000000007 0.00068500000000000006 19.610993185320883 19.610993185320883 19.610993185320883 0.015797433245772631 0.015797433245772631 0.015797433245772631 1 1 1 Converged Converged Converged OK OK OK 61 61 61 61 61 61 3 3 3 0 0 0 0 1 0 0 1
185 185 linear 4 15 1701 2 0.001 1 0.0016602858810555047 0.0041834069054887835 0.011149736297812395 0.05084965227135238 0.01140437845727693 0.5 -0.0097468445563544982 19.56861629553628 OK 13 12 0.407634 0.34976200000000002 0.105751 0.29837000000000002 0.15489600000000001 0 0.10926399999999997 0.19486600000000001 0.105751 0.0092879999999999994 0.0094409999999999997 0.0088959999999999994 0.080946000000000032 0.16614299999999999 0.078116000000000005 0.003176 0.00331 0.0031930000000000001 0.000687 0.00068900000000000005 0.00066799999999999997 19.568606722394225 19.568606722394225 19.568606722394225 0.015767862027005353 0.015767862027005353 0.015767862027005353 1 1 1 Converged Converged Converged OK OK OK 61 61 61 61 61 61 3 3 3 0 0 0 0 1 0 0 1
185 185 linear 4 23 1701 3 0.001 1 0.0016602858810555047 0.0041834069054887835 0.011149736297812395 0.05084965227135238 0.011986417678910151 0.5 -0.01032888377798772 19.524450843997165 OK 13 12 0.39993299999999998 0.35752400000000001 0.098402000000000003 0.29839399999999999 0.15137900000000001 0 0.10153899999999999 0.20614499999999999 0.098402000000000003 0.0093810000000000004 0.0094140000000000005 0.0088570000000000003 0.072785999999999976 0.17722200000000005 0.070924000000000001 0.0033389999999999995 0.0033899999999999998 0.0031489999999999999 0.00070399999999999998 0.00071800000000000011 0.00070100000000000002 19.524441441299647 19.524441441299647 19.524441441299647 0.015736889198172645 0.015736889198172645 0.015736889198172645 1 1 1 Converged Converged Converged OK OK OK 61 61 61 61 61 61 3 3 3 0 0 0 0 1 0 0 1
185 185 linear 4 0 1701 0 0.0001 1 0.0016602858810555047 0.0041834069054887835 0.011149736297812395 0.05084965227135238 0.010313054916714639 0.5 -0.0086555210157922072 19.646639026742516 OK 13 12 0.48298600000000003 0.479958 0.129164 0.34985500000000003 0.34970000000000001 0 0.133131 0.13025799999999998 0.129164 0.01017 0.0099430000000000004 0.0095809999999999992 0.095364000000000018 0.092894999999999991 0.092487000000000028 0.0039829999999999996 0.0040600000000000002 0.0039819999999999994 0.00081499999999999997 0.00082200000000000003 0.00081100000000000009 19.646629075649997 19.646629075649997 19.646629075649997 0.00027315053989698378 0.00027315053989698378 0.00027315053989698378 1 1 1 Converged Converged Converged OK OK OK 77 77 77 77 77 77 3 3 3 0 0 0 0 0 1 0 0
185 185 linear 4 7 1701 1 0.0001 1 0.0016602858810555047 0.0041834069054887835 0.011149736297812395 0.05084965227135238 0.010822339235643708 0.5 -0.0091648053347212766 19.611002946175251 OK 13 12 0.422213 0.40176699999999999 0.12230000000000001 0.30016500000000002 0.14175699999999999 0 0.12204799999999999 0.26000999999999996 0.12230000000000001 0.0094409999999999997 0.0093100000000000006 0.0089440000000000006 0.088509000000000018 0.22639499999999996 0.08984499999999998 0.0040930000000000003 0.0041370000000000001 0.0040470000000000002 0.00086399999999999997 0.00083200000000000006 0.00081899999999999996 19.610993181481838 19.610993181481838 19.610993181481838 0.00026380053447975013 0.00026380053447975013 0.00026380053447975013 1 1 1 Converged Converged Converged OK OK OK 77 77 77 77 77 77 3 3 3 0 0 0 0 1 0 0 1
185 185 linear 4 15 1701 2 0.0001 1 0.0016602858810555047 0.0041834069054887835 0.011149736297812395 0.05084965227135238 0.01140437845727693 0.5 -0.0097468445563544982 19.56861629553628 OK 13 12 0.427095 0.40595199999999998 0.123811 0.30010100000000001 0.15449299999999999 0 0.126994 0.25145899999999999 0.123811 0.0093220000000000004 0.0095209999999999999 0.0089910000000000007 0.09378199999999999 0.21768700000000002 0.091485000000000039 0.0039490000000000003 0.0041749999999999999 0.003875 0.00078100000000000001 0.00080900000000000015 0.00076900000000000004 19.568606718937215 19.568606718937215 19.568606718937215 0.00025378758453563279 0.00025378758453563279 0.00025378758453563279 1 1 1 Converged Converged Converged OK OK OK 77 77 77 77 77 77 3 3 3 0 0 0 0 1 0 0 1
185 185 linear 4 23 1701 3 0.0001 1 0.0016602858810555047 0.0041834069054887835 0.011149736297812395 0.05084965227135238 0.011986417678910151 0.5 -0.01032888377798772 19.524450843997165 OK 13 12 0.42263200000000001 0.41319299999999998 0.120673 0.294072 0.147784 0 0.12856000000000001 0.26540900000000001 0.120673 0.0092949999999999994 0.0094660000000000005 0.0088590000000000006 0.095195999999999961 0.23142099999999999 0.088290000000000007 0.0040790000000000002 0.0042040000000000003 0.0040749999999999996 0.00082399999999999997 0.00083000000000000001 0.00083000000000000001 19.524441438217661 19.524441438217661 19.524441438217661 0.00024442074150708096 0.00024442074150708096 0.00024442074150708096 1 1 1 Converged Converged Converged OK OK OK 77 77 77 77 77 77 3 3 3 0 0 0 0 1 0 0 1
185 185 uniform 3 0 1702 0 0.001 1 0.0016602858810555047 0.0041834069054887835 0.0356330863187884 0.009874195157459336 0.034796404937690643 0 -0.033138871036768214 15.144559110990096 OK 12 11 0.35811500000000002 0.360041 0.081861000000000003 0.27469500000000002 0.27686100000000002 0 0.083419999999999994 0.083179999999999976 0.081861000000000003 0.0089779999999999999 0.0089619999999999995 0.0084659999999999996 0.055791999999999994 0.055911000000000009 0.055255000000000026 0.0026089999999999998 0.0026389999999999999 0.0025799999999999998 0.00057399999999999997 0.00055699999999999999 0.00055999999999999995 15.144552324551176 15.144552324551176 15.144552324551176 0.0072459683269530352 0.0072459683269530352 0.0072459683269530352 1 1 1 Converged Converged Converged OK OK OK 53 53 53 53 53 53 3 3 3 0 0 0 0 0 1 0 0
185 185 uniform 3 7 1702 1 0.001 1 0.0016602858810555047 0.0041834069054887835 0.0356330863187884 0.009874195157459336 0.035305689256619713 0 -0.033648155355697283 14.949721380142041 OK 12 11 0.35261399999999998 0.25931399999999999 0.076702999999999993 0.273559 0.150252 0 0.079054999999999986 0.10906199999999999 0.076702999999999993 0.0081089999999999999 0.0081989999999999997 0.0075310000000000004 0.054411000000000001 0.08463699999999999 0.053520000000000033 0.002594 0.0026610000000000002 0.0025720000000000001 0.00056899999999999995 0.00058 0.00053499999999999999 14.949714769188329 14.949714769188329 14.949714769188329 0.0071448262875001235 0.0071448262875001235 0.0071448262875001235 1 1 1 Converged Converged Converged OK OK OK 53 53 53 53 53 53 3 3 3 0 0 0 0 1 0 0 1
185 185 uniform 3 15 1702 2 0.001 1 0.0016602858810555047 0.0041834069054887835 0.0356330863187884 0.009874195157459336 0.035887728478252931 0 -0.034230194577330501 14.733393872054345 OK 12 11 0.50712999999999997 0.41156199999999998 0.083402000000000004 0.425535 0.29933399999999999 0 0.081594999999999973 0.11222799999999999 0.083402000000000004 0.0081040000000000001 0.0080599999999999995 0.0076340000000000002 0.056966999999999997 0.087757000000000029 0.059917999999999992 0.002735 0.0026259999999999999 0.0026050000000000001 0.00057299999999999994 0.00055899999999999993 0.00054099999999999992 14.733387305944763 14.733387305944763 14.733387305944763 0.0070311454396163597 0.0070311454396163597 0.0070311454396163597 1 1 1 Converged Converged Converged OK OK OK 53 53 53 53 53 53 3 3 3 0 0 0 0 1 0 0 1
185 185 uniform 3 23 1702 3 0.001 1 0.0016602858810555047 0.0041834069054887835 0.0356330863187884 0.009874195157459336 0.036469767699886156 0 -0.034812233798963726 14.523562816724841 OK 12 11 0.46188400000000002 0.371558 0.080730999999999997 0.37940699999999999 0.258048 0 0.082477000000000023 0.11351 0.080730999999999997 0.0079959999999999996 0.0081810000000000008 0.0075789999999999998 0.058015999999999998 0.088925000000000004 0.057425000000000004 0.0026480000000000002 0.0026480000000000002 0.0025770000000000003 0.00055999999999999995 0.00056499999999999996 0.00053600000000000002 14.523556368306668 14.523556368306668 14.523556368306668 0.0069194684125834238 0.0069194684125834238 0.0069194684125834238 1 1 1 Converged Converged Converged OK OK OK 53 53 53 53 53 53 3 3 3 0 0 0 0 1 0 0 1
185 185 uniform 3 0 1702 0 0.0001 1 0.0016602858810555047 0.0041834069054887835 0.0356330863187884 0.009874195157459336 0.034796404937690643 0 -0.033138871036768214 15.144559110990096 OK 12 11 0.38144899999999998 0.38116499999999998 0.106154 0.27328999999999998 0.273642 0 0.10815900000000001 0.10752299999999998 0.106154 0.0091140000000000006 0.0089320000000000007 0.0085039999999999994 0.077102999999999991 0.077024999999999996 0.07642400000000002 0.0030940000000000004 0.003137 0.0030050000000000003 0.00067500000000000004 0.00072400000000000014 0.00068500000000000006 15.144561142589394 15.144561142589394 15.144561142589394 0.0001136519810825355 0.0001136519810825355 0.0001136519810825355 1 1 1 Converged Converged Converged OK OK OK 61 61 61 61 61 61 3 3 3 0 0 0 0 0 1 0 0
185 185 uniform 3 7 1702 1 0.0001 1 0.0016602858810555047 0.0041834069054887835 0.0356330863187884 0.009874195157459336 0.035305689256619713 0 -0.033648155355697283 14.949721380142041 OK 12 11 0.37674299999999999 0.28851500000000002 0.10081 0.27397300000000002 0.149703 0 0.10276999999999997 0.13881200000000002 0.10081 0.0081049999999999994 0.0081880000000000008 0.0075620000000000001 0.075794999999999974 0.10645 0.074985999999999997 0.003032 0.0031149999999999997 0.0030239999999999998 0.00068499999999999995 0.00069999999999999999 0.00067900000000000002 14.949723463603759 14.949723463603759 14.949723463603759 0.0001149430277512059 0.0001149430277512059 0.0001149430277512059 1 1 1 Converged Converged Converged OK OK OK 61 61 61 61 61 61 3 3 3 0 0 0 0 1 0 0 1
185 185 uniform 3 15 1702 2 0.0001 1 0.0016602858810555047 0.0041834069054887835 0.0356330863187884 0.009874195157459336 0.035887728478252931 0 -0.034230194577330501 14.733393872054345 OK 12 11 0.52454999999999996 0.43172300000000002 0.10093299999999999 0.42155399999999998 0.29896299999999998 0 0.10299599999999998 0.13276000000000004 0.10093299999999999 0.0081670000000000006 0.0080929999999999995 0.0076350000000000003 0.076057000000000041 0.10585799999999997 0.074906999999999974 0.003075 0.0031570000000000001 0.0030109999999999998 0.00069499999999999998 0.00071000000000000002 0.00068000000000000005 14.733395861206871 14.733395861206871 14.733395861206871 0.00011645729118881404 0.00011645729118881404 0.00011645729118881404 1 1 1 Converged Converged Converged OK OK OK 61 61 61 61 61 61 3 3 3 0 0 0 0 1 0 0 1
185 185 uniform 3 23 1702 3 0.0001 1 0.0016602858810555047 0.0041834069054887835 0.0356330863187884 0.009874195157459336 0.036469767699886156 0 -0.034812233798963726 14.523562816724841 OK 12 11 0.48927599999999999 0.39701199999999998 0.104523 0.37723699999999999 0.26057200000000003 0 0.112039 0.13643999999999995 0.104523 0.0081969999999999994 0.0081410000000000007 0.0076049999999999998 0.084543999999999966 0.10933000000000005 0.07882900000000001 0.0031740000000000006 0.0031749999999999999 0.00296 0.00070700000000000005 0.00068999999999999997 0.00068000000000000005 14.523564786656594 14.523564786656594 14.523564786656594 0.0001180112798381638 0.0001180112798381638 0.0001180112798381638 1 1 1 Converged Converged Converged OK OK OK 61 61 61 61 61 61 3 3 3 0 0 0 0 1 0 0 1
185 185 uniform 4 0 1703 0 0.001 1 0.0016602858810555047 0.0041834069054887835 0.011149736297812395 0.05084965227135238 0.010313054916714639 0 -0.0086555210157922072 19.648205711714233 OK 13 12 0.42866900000000002 0.42459200000000002 0.073539999999999994 0.35420000000000001 0.35005700000000001 0 0.074469000000000007 0.074535000000000018 0.073539999999999994 0.010076 0.0099249999999999998 0.0097699999999999992 0.048547 0.048684999999999999 0.048130999999999993 0.0022000000000000001 0.002281 0.0021849999999999999 0.000562 0.00056900000000000006 0.00054700000000000007 19.648205604392906 19.648205604392906 19.648205604392906 0.0060994652207562476 0.0060994652207562476 0.0060994652207562476 1 1 1 Converged Converged Converged OK OK OK 45 45 45 45 45 45 3 3 3 0 0 0 0 0 1 0 0
185 185 uniform 4 7 1703 1 0.001 1 0.0016602858810555047 0.0041834069054887835 0.011149736297812395 0.05084965227135238 0.010822339235643708 0 -0.0091648053347212766 19.612539857903354 OK 13 12 0.36011300000000002 0.27589799999999998 0.067100999999999994 0.29194599999999998 0.14135200000000001 0 0.068167000000000033 0.13454599999999997 0.067100999999999994 0.0094020000000000006 0.0094160000000000008 0.008848 0.044854000000000005 0.11115600000000003 0.044311000000000003 0.0021749999999999999 0.0022409999999999999 0.0022049999999999999 0.00054000000000000001 0.00054600000000000004 0.000531 19.612539750260439 19.612539750260439 19.612539750260439 0.0060845928628263787 0.0060845928628263787 0.0060845928628263787 1 1 1 Converged Converged Converged OK OK OK 45 45 45 45 45 45 3 3 3 0 0 0 0 1 0 0 1
185 185 uniform 4 15 1703 2 0.001 1 0.0016602858810555047 0.0041834069054887835 0.011149736297812395 0.05084965227135238 0.01140437845727693 0 -0.0097468445563544982 19.57012299298454 OK 13 12 0.37661899999999998 0.288302 0.071357000000000004 0.30390600000000001 0.15324599999999999 0 0.072712999999999972 0.13505600000000001 0.071357000000000004 0.0093819999999999997 0.0094420000000000007 0.0088269999999999998 0.049380999999999974 0.11177699999999997 0.049016999999999998 0.0021480000000000002 0.0022530000000000002 0.0021789999999999999 0.00054500000000000002 0.00054799999999999998 0.00053300000000000005 19.570122882432202 19.570122882432202 19.570122882432202 0.0060668664639601938 0.0060668664639601938 0.0060668664639601938 1 1 1 Converged Converged Converged OK OK OK 45 45 45 45 45 45 3 3 3 0 0 0 0 1 0 0 1
185 185 uniform 4 23 1703 3 0.001 1 0.0016602858810555047 0.0041834069054887835 0.011149736297812395 0.05084965227135238 0.011986417678910151 0 -0.01032888377798772 19.525930590608876 OK 13 12 0.3639 0.283912 0.068668999999999994 0.293771 0.14810300000000001 0 0.070128999999999997 0.13580899999999999 0.068668999999999994 0.0092949999999999994 0.0094339999999999997 0.0088090000000000009 0.046591999999999988 0.11245399999999998 0.046427000000000024 0.002222 0.0023179999999999997 0.0021749999999999999 0.00054599999999999994 0.00054699999999999996 0.00052700000000000002 19.525930483397708 19.525930483397708 19.525930483397708 0.0060483841542268114 0.0060483841542268114 0.0060483841542268114 1 1 1 Converged Converged Converged OK OK OK 45 45 45 45 45 45 3 3 3 0 0 0 0 1 0 0 1
185 185 uniform 4 0 1703 0 0.0001 1 0.0016602858810555047 0.0041834069054887835 0.011149736297812395 0.05084965227135238 0.010313054916714639 0 -0.0086555210157922072 19.648205711714233 OK 13 12 0.46968300000000002 0.464088 0.11387799999999999 0.35408899999999999 0.34942600000000001 0 0.11559400000000003 0.11466199999999999 0.11387799999999999 0.010300999999999999 0.010166 0.0097199999999999995 0.077655999999999975 0.077392000000000016 0.077105999999999994 0.0039880000000000002 0.0039389999999999998 0.0038839999999999999 0.00080800000000000012 0.00079300000000000009 0.00079300000000000009 19.648205601816482 19.648205601816482 19.648205601816482 5.1363072224591863e-05 5.1363072224591863e-05 5.1363072224591863e-05 1 1 1 Converged Converged Converged OK OK OK 77 77 77 77 77 77 3 3 3 0 0 0 0 0 1 0 0
185 185 uniform 4 7 1703 1 0.0001 1 0.0016602858810555047 0.0041834069054887835 0.011149736297812395 0.05084965227135238 0.010822339235643708 0 -0.0091648053347212766 19.612539857903354 OK 13 12 0.39580700000000002 0.38735399999999998 0.105812 0.292402 0.14336199999999999 0 0.10340500000000002 0.24399199999999999 0.105812 0.0093900000000000008 0.0094039999999999992 0.010175999999999999 0.070485999999999993 0.21084700000000001 0.071969000000000005 0.0038219999999999999 0.0039740000000000001 0.0038960000000000002 0.00078899999999999988 0.00078899999999999999 0.00079999999999999993 19.612539747718341 19.612539747718341 19.612539747718341 4.9998798245224645e-05 4.9998798245224645e-05 4.9998798245224645e-05 1 1 1 Converged Converged Converged OK OK OK 77 77 77 77 77 77 3 3 3 0 0 0 0 1 0 0 1
185 185 uniform 4 15 1703 2 0.0001 1 0.0016602858810555047 0.0041834069054887835 0.011149736297812395 0.05084965227135238 0.01140437845727693 0 -0.0097468445563544982 19.57012299298454 OK 13 12 0.40877200000000002 0.386463 0.108155 0.29896099999999998 0.15165300000000001 0 0.10981100000000005 0.23480999999999999 0.108155 0.00941 0.009384 0.0089180000000000006 0.076868000000000047 0.2014399999999999 0.076196000000000028 0.0037949999999999998 0.003999 0.0037720000000000002 0.00079500000000000013 0.00079000000000000001 0.00076099999999999996 19.570122879930917 19.570122879930917 19.570122879930917 4.8484498868444349e-05 4.8484498868444349e-05 4.8484498868444349e-05 1 1 1 Converged Converged Converged OK OK OK 77 77 77 77 77 77 3 3 3 0 0 0 0 1 0 0 1
185 185 uniform 4 23 1703 3 0.0001 1 0.0016602858810555047 0.0041834069054887835 0.011149736297812395 0.05084965227135238 0.011986417678910151 0 -0.01032888377798772 19.525930590608876 OK 13 12 0.40401100000000001 0.40147899999999997 0.105131 0.29716399999999998 0.15168000000000001 0 0.10684700000000003 0.24979899999999997 0.105131 0.0093179999999999999 0.0094540000000000006 0.0088699999999999994 0.07364699999999999 0.21625099999999992 0.073132999999999976 0.0038969999999999994 0.0039980000000000007 0.0038060000000000004 0.00079000000000000001 0.00078799999999999996 0.00076399999999999992 19.525930480939095 19.525930480939095 19.525930480939095 4.7021106958631319e-05 4.7021106958631319e-05 4.7021106958631319e-05 1 1 1 Converged Converged Converged OK OK OK 77 77 77 77 77 77 3 3 3 0 0 0 0 1 0 0 1
186 186 linear 3 0 1704 0 0.001 1 0.013412572691255044 0.0046725504195102296 0.023394952408363517 -0.13352797742011424 0.022460442324461472 0.5 -0.0092253857910338955 7.7509481803733715 OK 13 12 0.38857399999999997 0.390289 0.094247999999999998 0.29133399999999998 0.29563400000000001 0 0.097239999999999993 0.094654999999999989 0.094247999999999998 0.0096150000000000003 0.0093760000000000007 0.0092390000000000007 0.065706000000000014 0.063743000000000008 0.063647999999999968 0.0031910000000000003 0.003166 0.003114 0.00067199999999999996 0.000687 0.00066600000000000003 7.7509443832301015 7.7509443832301015 7.7509443832301015 0.0061519400608079618 0.0061519400608079618 0.0061519400608079618 1 1 1 Converged Converged Converged OK OK OK 61 61 61 61 61 61 3 3 3 0 0 0 0 0 1 0 0
186 186 linear 3 7 1704 1 0.001 1 0.013412572691255044 0.0046725504195102296 0.023394952408363517 -0.13352797742011424 0.023029274549445325 0.5 -0.0097942180160177483 7.7480740432419895 OK 13 12 0.39629199999999998 0.39505699999999999 0.095998 0.29725800000000002 0.172428 0 0.099033999999999955 0.22262899999999999 0.095998 0.0090449999999999992 0.0090399999999999994 0.0085579999999999996 0.071104000000000028 0.19425100000000003 0.068948000000000009 0.0030489999999999996 0.0032790000000000002 0.0030619999999999996 0.00068599999999999998 0.00066299999999999996 0.00065799999999999995 7.7480702810926978 7.7480702810926978 7.7480702810926978 0.0061482311806369417 0.0061482311806369417 0.0061482311806369417 1 1 1 Converged Converged Converged OK OK OK 61 61 61 61 61 61 3 3 3 0 0 0 0 1 0 0 1
186 186 linear 3 15 1704 2 0.001 1 0.013412572691255044 0.0046725504195102296 0.023394952408363517 -0.13352797742011424 0.023679368520855445 0.5 -0.010444311987427868 7.7446990280879868 OK 13 12 0.39917799999999998 0.38278200000000001 0.097795000000000007 0.30123800000000001 0.166626 0 0.097939999999999972 0.21615600000000001 0.097795000000000007 0.0091059999999999995 0.0090530000000000003 0.0085430000000000002 0.069869000000000001 0.18769999999999995 0.070698999999999998 0.0030530000000000002 0.0032260000000000001 0.003088 0.00074699999999999983 0.0006959999999999999 0.00068999999999999997 7.7446953034928443 7.7446953034928443 7.7446953034928443 0.0061439728118737949 0.0061439728118737949 0.0061439728118737949 1 1 1 Converged Converged Converged OK OK OK 61 61 61 61 61 61 3 3 3 0 0 0 0 1 0 0 1
186 186 linear 3 23 1704 3 0.001 1 0.013412572691255044 0.0046725504195102296 0.023394952408363517 -0.13352797742011424 0.024329462492265561 0.5 -0.011094405958837985 7.741225311674869 OK 13 12 0.38750200000000001 0.37818099999999999 0.094139 0.28954099999999999 0.16946800000000001 0 0.09796100000000002 0.20871299999999998 0.094139 0.0088579999999999996 0.008737 0.0082640000000000005 0.069810000000000011 0.18082800000000004 0.067400999999999975 0.0032589999999999997 0.0031779999999999998 0.0030380000000000003 0.00072800000000000002 0.00066600000000000003 0.00065200000000000002 7.7412216222265151 7.7412216222265151 7.7412216222265151 0.0061396890773971584 0.0061396890773971584 0.0061396890773971584 1 1 1 Converged Converged Converged OK OK OK 61 61 61 61 61 61 3 3 3 0 0 0 0 1 0 0 1
186 186 linear 3 0 1704 0 0.0001 1 0.013412572691255044 0.0046725504195102296 0.023394952408363517 -0.13352797742011424 0.022460442324461472 0.5 -0.0092253857910338955 7.7509481803733715 OK 13 12 0.41129700000000002 0.408885 0.11629200000000001 0.29239900000000002 0.29144300000000001 0 0.118898 0.11744199999999999 0.11629200000000001 0.0094059999999999994 0.0095499999999999995 0.0092399999999999999 0.081970999999999961 0.080013000000000001 0.079476000000000005 0.0039880000000000002 0.0042070000000000007 0.0040560000000000006 0.00083700000000000007 0.00086799999999999996 0.00083900000000000001 7.7509443853703939 7.7509443853703939 7.7509443853703939 0.00029993433124099174 0.00029993433124099174 0.00029993433124099174 1 1 1 Converged Converged Converged OK OK OK 77 77 77 77 77 77 3 3 3 0 0 0 0 0 1 0 0
186 186 linear 3 7 1704 1 0.0001 1 0.013412572691255044 0.0046725504195102296 0.023394952408363517 -0.13352797742011424 0.023029274549445325 0.5 -0.0097942180160177483 7.7480740432419895 OK 13 12 0.41984500000000002 0.459032 0.118481 0.29782900000000001 0.172041 0 0.12201600000000001 0.286991 0.118481 0.0090679999999999997 0.0090969999999999992 0.0085439999999999995 0.088927999999999993 0.25360499999999997 0.086336999999999969 0.0040609999999999995 0.0042329999999999998 0.0040149999999999995 0.00079299999999999998 0.00079199999999999995 0.00077899999999999996 7.7480702832444566 7.7480702832444566 7.7480702832444566 0.00029594459125345676 0.00029594459125345676 0.00029594459125345676 1 1 1 Converged Converged Converged OK OK OK 77 77 77 77 77 77 3 3 3 0 0 0 0 1 0 0 1
186 186 linear 3 15 1704 2 0.0001 1 0.013412572691255044 0.0046725504195102296 0.023394952408363517 -0.13352797742011424 0.023679368520855445 0.5 -0.010444311987427868 7.7446990280879868 OK 13 12 0.41709800000000002 0.43565500000000001 0.115046 0.29757099999999997 0.17022999999999999 0 0.11952700000000005 0.26542500000000002 0.115046 0.0090779999999999993 0.0090200000000000002 0.0085690000000000002 0.086440999999999962 0.23210000000000003 0.083065999999999987 0.004071 0.0040280000000000003 0.0039410000000000001 0.000834 0.00080099999999999985 0.00079500000000000003 7.744695305657527 7.744695305657527 7.744695305657527 0.00029149736608448721 0.00029149736608448721 0.00029149736608448721 1 1 1 Converged Converged Converged OK OK OK 77 77 77 77 77 77 3 3 3 0 0 0 0 1 0 0 1
186 186 linear 3 23 1704 3 0.0001 1 0.013412572691255044 0.0046725504195102296 0.023394952408363517 -0.13352797742011424 0.024329462492265561 0.5 -0.011094405958837985 7.741225311674869 OK 13 12 0.414688 0.436052 0.112715 0.292985 0.16655900000000001 0 0.12170300000000001 0.26949299999999998 0.112715 0.0087980000000000003 0.0088850000000000005 0.0082349999999999993 0.088472000000000037 0.23650399999999996 0.081285999999999997 0.0040569999999999998 0.0040179999999999999 0.0038279999999999998 0.00079699999999999997 0.000785 0.00076999999999999996 7.7412216244042664 7.7412216244042664 7.7412216244042664 0.00028716536944645198 0.00028716536944645198 0.00028716536944645198 1 1 1 Converged Converged Converged OK OK OK 77 77 77 77 77 77 3 3 3 0 0 0 0 1 0 0 1
186 186 linear 4 0 1705 0 0.001 1 0.013412572691255044 0.0046725504195102296 0.0029715587079099802 -0.16058174916205362 0.0020370486240079344 0.5 0.011198007909419643 6.8073013027567866 OK 13 12 0.45121600000000001 0.44384600000000002 0.098377000000000006 0.34381600000000001 0.34503099999999998 0 0.1074 0.098815000000000042 0.098377000000000006 0.016232 0.0099620000000000004 0.0095879999999999993 0.069318000000000005 0.067408999999999983 0.067284999999999984 0.0032290000000000001 0.0030969999999999999 0.003124 0.00069399999999999996 0.000696 0.00067400000000000001 6.807297337253722 6.807297337253722 6.807297337253722 0.0055028761760230506 0.0055028761760230506 0.0055028761760230506 1 1 1 Converged Converged Converged OK OK OK 61 61 61 61 61 61 3 3 3 0 0 0 0 0 1 0 0
186 186 linear 4 7 1705 1 0.001 1 0.013412572691255044 0.0046725504195102296 0.0029715587079099802 -0.16058174916205362 0.0026058808489917884 0.5 0.010629175684435789 6.7813502797191232 OK 13 12 0.56854700000000002 0.56749000000000005 0.097536999999999999 0.47179199999999999 0.33380100000000001 0 0.096755000000000035 0.23368900000000004 0.097536999999999999 0.0094029999999999999 0.0093419999999999996 0.01005 0.068176000000000014 0.20486999999999994 0.068407000000000009 0.0030730000000000002 0.0032420000000000001 0.00316 0.00071000000000000002 0.00070500000000000011 0.00071000000000000002 6.7813464574134246 6.7813464574134246 6.7813464574134246 0.0054693725766925784 0.0054693725766925784 0.0054693725766925784 1 1 1 Converged Converged Converged OK OK OK 61 61 61 61 61 61 3 3 3 0 0 0 0 1 0 0 1
186 186 linear 4 15 1705 2 0.001 1 0.013412572691255044 0.0046725504195102296 0.0029715587079099802 -0.16058174916205362 0.0032559748204019075 0.5 0.0099790817130256688 6.7555491235620044 OK 13 12 0.56424399999999997 0.57345400000000002 0.091326000000000004 0.46989500000000001 0.33371299999999998 0 0.094348999999999961 0.23974100000000004 0.091326000000000004 0.0091160000000000008 0.0092230000000000003 0.0085730000000000008 0.066293999999999978 0.21113500000000004 0.064078999999999983 0.003088 0.003326 0.0031670000000000001 0.00068000000000000005 0.00067299999999999999 0.00068199999999999999 6.7555454862147695 6.7555454862147695 6.7555454862147695 0.0054340126434510947 0.0054340126434510947 0.0054340126434510947 1 1 1 Converged Converged Converged OK OK OK 61 61 61 61 61 61 3 3 3 0 0 0 0 1 0 0 1
186 186 linear 4 23 1705 3 0.001 1 0.013412572691255044 0.0046725504195102296 0.0029715587079099802 -0.16058174916205362 0.0039060687918120261 0.5 0.0093289877416155506 6.7330405855132947 OK 13 12 0.51454699999999998 0.49984499999999998 0.094912999999999997 0.41615099999999999 0.28938999999999998 0 0.098395999999999983 0.210455 0.094912999999999997 0.0093530000000000002 0.0094509999999999993 0.0088579999999999996 0.069924999999999987 0.181675 0.067600000000000021 0.0032890000000000003 0.0033540000000000002 0.0031960000000000005 0.0006730000000000001 0.00068100000000000007 0.000678 6.733036886573438 6.733036886573438 6.733036886573438 0.0054016290836470708 0.0054016290836470708 0.0054016290836470708 1 1 1 Converged Converged Converged OK OK OK 61 61 61 61 61 61 3 3 3 0 0 0 0 1 0 0 1
186 186 linear 4 0 1705 0 0.0001 1 0.013412572691255044 0.0046725504195102296 0.0029715587079099802 -0.16058174916205362 0.0020370486240079344 0.5 0.011198007909419643 6.8073013027567866 OK 13 12 0.495 0.49398999999999998 0.14762900000000001 0.34351799999999999 0.342032 0 0.15148200000000001 0.15195799999999998 0.14762900000000001 0.010106 0.010034 0.0097249999999999993 0.10734199999999999 0.10801800000000006 0.10442899999999999 0.0048720000000000005 0.0048989999999999997 0.0049179999999999996 0.00096499999999999993 0.00092400000000000002 0.00091699999999999995 6.8072973404507886 6.8072973404507886 6.8072973404507886 4.2195382856404623e-08 4.2195382856404623e-08 4.2195382856404623e-08 1 1 1 Converged Converged Converged OK OK OK 93 93 93 93 93 93 3 3 3 0 0 0 0 0 1 0 0
186 186 linear 4 7 1705 1 0.0001 1 0.013412572691255044 0.0046725504195102296 0.0029715587079099802 -0.16058174916205362 0.0026058808489917884 0.5 0.010629175684435789 6.7813502797191232 OK 13 12 0.61588600000000004 0.66584600000000005 0.142485 0.47238200000000002 0.33735399999999999 0 0.14350400000000002 0.32849200000000006 0.142485 0.0093779999999999992 0.0095090000000000001 0.0088610000000000008 0.10516999999999997 0.28962199999999999 0.10498800000000004 0.0048820000000000001 0.0050120000000000008 0.0049569999999999996 0.00096899999999999981 0.000959 0.00097299999999999991 6.7813464601081614 6.7813464601081614 6.7813464601081614 4.0556121373985009e-08 4.0556121373985009e-08 4.0556121373985009e-08 1 1 1 Converged Converged Converged OK OK OK 93 93 93 93 93 93 3 3 3 0 0 0 0 1 0 0 1
186 186 linear 4 15 1705 2 0.0001 1 0.013412572691255044 0.0046725504195102296 0.0029715587079099802 -0.16058174916205362 0.0032559748204019075 0.5 0.0099790817130256688 6.7555491235620044 OK 13 12 0.61193200000000003 0.66508900000000004 0.138818 0.46606300000000001 0.33122299999999999 0 0.14586900000000003 0.33386600000000005 0.138818 0.0091240000000000002 0.0090810000000000005 0.0085389999999999997 0.10767599999999995 0.29181200000000002 0.10186000000000002 0.0049879999999999994 0.0086670000000000011 0.0048830000000000002 0.00093899999999999995 0.000941 0.00091200000000000005 6.7555454885949704 6.7555454885949704 6.7555454885949704 3.9220064949984465e-08 3.9220064949984465e-08 3.9220064949984465e-08 1 1 1 Converged Converged Converged OK OK OK 93 93 93 93 93 93 3 3 3 0 0 0 0 1 0 0 1
186 186 linear 4 23 1705 3 0.0001 1 0.013412572691255044 0.0046725504195102296 0.0029715587079099802 -0.16058174916205362 0.0039060687918120261 0.5 0.0093289877416155506 6.7330405855132947 OK 13 12 0.56631200000000004 0.57874700000000001 0.14217199999999999 0.419599 0.29122999999999999 0 0.14671300000000004 0.28751700000000002 0.14217199999999999 0.0094050000000000002 0.0094450000000000003 0.0089899999999999997 0.10840900000000002 0.24865099999999996 0.104808 0.0048510000000000003 0.0051859999999999996 0.0049050000000000005 0.00093500000000000007 0.00092999999999999995 0.00091200000000000005 6.733036888788873 6.733036888788873 6.733036888788873 3.8315278271070692e-08 3.8315278271070692e-08 3.8315278271070692e-08 1 1 1 Converged Converged Converged OK OK OK 93 93 93 93 93 93 3 3 3 0 0 0 0 1 0 0 1
186 186 uniform 3 0 1706 0 0.001 1 0.013412572691255044 0.0046725504195102296 0.023394952408363517 -0.13352797742011424 0.022460442324461472 0 -0.0092253857910338955 7.75108745311758 OK 13 12 0.36252600000000001 0.359796 0.065545999999999993 0.295769 0.29375899999999999 0 0.066757000000000011 0.066037000000000012 0.065545999999999993 0.0094719999999999995 0.0092130000000000007 0.0089130000000000008 0.041181999999999983 0.041200999999999995 0.040861000000000008 0.0021700000000000001 0.002176 0.0021549999999999998 0.00056300000000000002 0.000571 0.000544 7.7510874032329644 7.7510874032329644 7.7510874032329644 0.0026706503847401422 0.0026706503847401422 0.0026706503847401422 1 1 1 Converged Converged Converged OK OK OK 45 45 45 45 45 45 3 3 3 0 0 0 0 0 1 0 0
186 186 uniform 3 7 1706 1 0.001 1 0.013412572691255044 0.0046725504195102296 0.023394952408363517 -0.13352797742011424 0.023029274549445325 0 -0.0097942180160177483 7.7482120113894499 OK 13 12 0.36602400000000002 0.32771099999999997 0.067804000000000003 0.29681600000000002 0.17266599999999999 0 0.069207999999999992 0.15504499999999999 0.067804000000000003 0.0089940000000000003 0.0090539999999999995 0.008626 0.046310000000000004 0.13181700000000002 0.045825999999999992 0.0021420000000000002 0.0023830000000000001 0.0021299999999999999 0.000571 0.00059500000000000004 0.00053599999999999991 7.7482119615256595 7.7482119615256595 7.7482119615256595 0.0026695177858480005 0.0026695177858480005 0.0026695177858480005 1 1 1 Converged Converged Converged OK OK OK 45 45 45 45 45 45 3 3 3 0 0 0 0 1 0 0 1
186 186 uniform 3 15 1706 2 0.001 1 0.013412572691255044 0.0046725504195102296 0.023394952408363517 -0.13352797742011424 0.023679368520855445 0 -0.010444311987427868 7.744835596387647 OK 13 12 0.37306899999999998 0.306419 0.066312999999999997 0.29955900000000002 0.16523099999999999 0 0.073509999999999964 0.14118800000000001 0.066312999999999997 0.0091549999999999999 0.0091380000000000003 0.0085199999999999998 0.050353000000000016 0.11816900000000002 0.044386000000000009 0.0021970000000000002 0.0022199999999999998 0.0021540000000000001 0.000553 0.00054900000000000001 0.00053800000000000007 7.7448355465488472 7.7448355465488472 7.7448355465488472 0.0026681886148835431 0.0026681886148835431 0.0026681886148835431 1 1 1 Converged Converged Converged OK OK OK 45 45 45 45 45 45 3 3 3 0 0 0 0 1 0 0 1
186 186 uniform 3 23 1706 3 0.001 1 0.013412572691255044 0.0046725504195102296 0.023394952408363517 -0.13352797742011424 0.024329462492265561 0 -0.011094405958837985 7.741360570039574 OK 13 12 0.356574 0.30304599999999998 0.068469000000000002 0.28907500000000003 0.16486999999999999 0 0.067498999999999976 0.13817599999999999 0.068469000000000002 0.0087270000000000004 0.0088129999999999997 0.0081709999999999994 0.044854999999999985 0.11529999999999997 0.046823000000000004 0.0021789999999999999 0.0022309999999999999 0.0021450000000000002 0.00055200000000000008 0.00055800000000000001 0.00053499999999999999 7.7413605202257232 7.7413605202257232 7.7413605202257232 0.0026668216987858016 0.0026668216987858016 0.0026668216987858016 1 1 1 Converged Converged Converged OK OK OK 45 45 45 45 45 45 3 3 3 0 0 0 0 1 0 0 1
186 186 uniform 3 0 1706 0 0.0001 1 0.013412572691255044 0.0046725504195102296 0.023394952408363517 -0.13352797742011424 0.022460442324461472 0 -0.0092253857910338955 7.75108745311758 OK 13 12 0.39722200000000002 0.39480199999999999 0.10093000000000001 0.29556399999999999 0.293408 0 0.10165800000000003 0.10139399999999998 0.10093000000000001 0.009495 0.0093449999999999991 0.0090550000000000005 0.06491799999999999 0.064889000000000002 0.064526 0.0038709999999999999 0.0038250000000000003 0.0037499999999999999 0.00081499999999999997 0.00078599999999999991 0.00077799999999999994 7.751087402869052 7.751087402869052 7.751087402869052 6.1563851965328005e-05 6.1563851965328005e-05 6.1563851965328005e-05 1 1 1 Converged Converged Converged OK OK OK 77 77 77 77 77 77 3 3 3 0 0 0 0 0 1 0 0
186 186 uniform 3 7 1706 1 0.0001 1 0.013412572691255044 0.0046725504195102296 0.023394952408363517 -0.13352797742011424 0.023029274549445325 0 -0.0097942180160177483 7.7482120113894499 OK 13 12 0.40409299999999998 0.437558 0.10269399999999999 0.30003400000000002 0.17074 0 0.10405899999999996 0.266818 0.10269399999999999 0.0090349999999999996 0.0090200000000000002 0.0085719999999999998 0.07126799999999997 0.23390300000000003 0.071069000000000007 0.0038029999999999995 0.0038620000000000004 0.0037399999999999998 0.00077500000000000008 0.000776 0.00075400000000000011 7.748211961160842 7.748211961160842 7.748211961160842 6.0768570007551703e-05 6.0768570007551703e-05 6.0768570007551703e-05 1 1 1 Converged Converged Converged OK OK OK 77 77 77 77 77 77 3 3 3 0 0 0 0 1 0 0 1
186 186 uniform 3 15 1706 2 0.0001 1 0.013412572691255044 0.0046725504195102296 0.023394952408363517 -0.13352797742011424 0.023679368520855445 0 -0.010444311987427868 7.744835596387647 OK 13 12 0.39865699999999998 0.417846 0.099703 0.29774899999999999 0.16486500000000001 0 0.100908 0.25298100000000001 0.099703 0.0090729999999999995 0.0090930000000000004 0.0085850000000000006 0.068338999999999997 0.21975600000000001 0.068050999999999987 0.0038869999999999998 0.004065 0.0038189999999999995 0.00077000000000000007 0.00077200000000000001 0.00075900000000000013 7.7448355461827916 7.7448355461827916 7.7448355461827916 5.9880956823551254e-05 5.9880956823551254e-05 5.9880956823551254e-05 1 1 1 Converged Converged Converged OK OK OK 77 77 77 77 77 77 3 3 3 0 0 0 0 1 0 0 1
186 186 uniform 3 23 1706 3 0.0001 1 0.013412572691255044 0.0046725504195102296 0.023394952408363517 -0.13352797742011424 0.024329462492265561 0 -0.011094405958837985 7.741360570039574 OK 13 12 0.38892599999999999 0.425952 0.097614999999999993 0.29033900000000001 0.165987 0 0.09858699999999998 0.259965 0.097614999999999993 0.0087069999999999995 0.0089280000000000002 0.0082760000000000004 0.066381000000000009 0.221386 0.066273999999999986 0.0038069999999999996 0.0039290000000000002 0.0037779999999999997 0.00080300000000000011 0.00076999999999999996 0.000767 7.7413605198591098 7.7413605198591098 7.7413605198591098 5.9015201835491113e-05 5.9015201835491113e-05 5.9015201835491113e-05 1 1 1 Converged Converged Converged OK OK OK 77 77 77 77 77 77 3 3 3 0 0 0 0 1 0 0 1
186 186 uniform 4 0 1707 0 0.001 1 0.013412572691255044 0.0046725504195102296 0.0029715587079099802 -0.16058174916205362 0.0020370486240079344 0 0.011198007909419643 6.8095086810044512 OK 13 12 0.41626200000000002 0.41700399999999999 0.070533999999999999 0.345167 0.34626299999999999 0 0.071095000000000019 0.070740999999999998 0.070533999999999999 0.010175999999999999 0.0099010000000000001 0.0095969999999999996 0.044891999999999994 0.045101999999999989 0.044949999999999997 0.002173 0.0021759999999999995 0.0022030000000000001 0.00055199999999999997 0.00055400000000000002 0.000562 6.8095086326040084 6.8095086326040084 6.8095086326040084 0.0023225451616839567 0.0023225451616839567 0.0023225451616839567 1 1 1 Converged Converged Converged OK OK OK 45 45 45 45 45 45 3 3 3 0 0 0 0 0 1 0 0
186 186 uniform 4 7 1707 1 0.001 1 0.013412572691255044 0.0046725504195102296 0.0029715587079099802 -0.16058174916205362 0.0026058808489917884 0 0.010629175684435789 6.7831675710002912 OK 13 12 0.53626099999999999 0.49057800000000001 0.065554000000000001 0.46871699999999999 0.33333499999999999 0 0.067543999999999993 0.15724300000000002 0.065554000000000001 0.0093620000000000005 0.0094940000000000007 0.0088850000000000005 0.043951000000000004 0.13365999999999997 0.043254000000000008 0.002232 0.0022530000000000002 0.0021720000000000003 0.00058500000000000002 0.00055199999999999997 0.00053199999999999992 6.7831675238739306 6.7831675238739306 6.7831675238739306 0.0023108156366328171 0.0023108156366328171 0.0023108156366328171 1 1 1 Converged Converged Converged OK OK OK 45 45 45 45 45 45 3 3 3 0 0 0 0 1 0 0 1
186 186 uniform 4 15 1707 2 0.001 1 0.013412572691255044 0.0046725504195102296 0.0029715587079099802 -0.16058174916205362 0.0032559748204019075 0 0.0099790817130256688 6.7570330343187868 OK 13 12 0.53425699999999998 0.49382500000000001 0.063471 0.46927400000000002 0.334061 0 0.064982999999999957 0.15976400000000002 0.063471 0.0090360000000000006 0.009273 0.008567 0.041818000000000015 0.13644499999999996 0.041417000000000002 0.0022880000000000001 0.0023020000000000002 0.00214 0.00054699999999999996 0.000553 0.00053600000000000002 6.7570329882069435 6.7570329882069435 6.7570329882069435 0.0023006671823186209 0.0023006671823186209 0.0023006671823186209 1 1 1 Converged Converged Converged OK OK OK 45 45 45 45 45 45 3 3 3 0 0 0 0 1 0 0 1
186 186 uniform 4 23 1707 3 0.001 1 0.013412572691255044 0.0046725504195102296 0.0029715587079099802 -0.16058174916205362 0.0039060687918120261 0 0.0093289877416155506 6.7342733601254992 OK 13 12 0.48386200000000001 0.42440800000000001 0.067159999999999997 0.415433 0.28956399999999999 0 0.068429000000000018 0.13484400000000002 0.067159999999999997 0.0092680000000000002 0.0094439999999999993 0.0087690000000000008 0.045221000000000011 0.11137500000000002 0.044961000000000015 0.0021550000000000002 0.0022440000000000003 0.002134 0.00054599999999999994 0.00056800000000000004 0.00054200000000000006 6.7342733147095952 6.7342733147095952 6.7342733147095952 0.0023018249677858637 0.0023018249677858637 0.0023018249677858637 1 1 1 Converged Converged Converged OK OK OK 45 45 45 45 45 45 3 3 3 0 0 0 0 1 0 0 1
186 186 uniform 4 0 1707 0 0.0001 1 0.013412572691255044 0.0046725504195102296 0.0029715587079099802 -0.16058174916205362 0.0020370486240079344 0 0.011198007909419643 6.8095086810044512 OK 13 12 0.45082499999999998 0.45096599999999998 0.105158 0.34458 0.34556700000000001 0 0.10624499999999998 0.10539899999999996 0.105158 0.010071999999999999 0.0099670000000000002 0.00975 0.06846499999999997 0.068021999999999999 0.068036000000000013 0.0038539999999999998 0.0038570000000000002 0.0038280000000000007 0.00078499999999999989 0.00080100000000000006 0.00079099999999999993 6.8095086324163008 6.8095086324163008 6.8095086324163008 0.0001481080369517626 0.0001481080369517626 0.0001481080369517626 1 1 1 Converged Converged Converged OK OK OK 77 77 77 77 77 77 3 3 3 0 0 0 0 0 1 0 0
186 186 uniform 4 7 1707 1 0.0001 1 0.013412572691255044 0.0046725504195102296 0.0029715587079099802 -0.16058174916205362 0.0026058808489917884 0 0.010629175684435789 6.7831675710002912 OK 13 12 0.57203099999999996 0.61607000000000001 0.098470000000000002 0.472437 0.33271200000000001 0 0.09959399999999996 0.283358 0.098470000000000002 0.0093179999999999999 0.0093900000000000008 0.0089180000000000006 0.066561999999999996 0.24962399999999993 0.066385999999999987 0.003823 0.0039890000000000004 0.003797 0.0007580000000000001 0.00079599999999999994 0.00076500000000000005 6.7831675236857469 6.7831675236857469 6.7831675236857469 0.00013562594698620663 0.00013562594698620663 0.00013562594698620663 1 1 1 Converged Converged Converged OK OK OK 77 77 77 77 77 77 3 3 3 0 0 0 0 1 0 0 1
186 186 uniform 4 15 1707 2 0.0001 1 0.013412572691255044 0.0046725504195102296 0.0029715587079099802 -0.16058174916205362 0.0032559748204019075 0 0.0099790817130256688 6.7570330343187868 OK 13 12 0.57120000000000004 0.61333899999999997 0.097575999999999996 0.47257900000000003 0.33269599999999999 0 0.098621000000000014 0.28064299999999998 0.097575999999999996 0.0091020000000000007 0.0092809999999999993 0.0085839999999999996 0.065885999999999972 0.24691900000000003 0.065730999999999998 0.0038929999999999998 0.004019 0.0038050000000000002 0.00078000000000000009 0.00079000000000000001 0.00078399999999999997 6.757032988018187 6.757032988018187 6.757032988018187 0.00012464957189087901 0.00012464957189087901 0.00012464957189087901 1 1 1 Converged Converged Converged OK OK OK 77 77 77 77 77 77 3 3 3 0 0 0 0 1 0 0 1
186 186 uniform 4 23 1707 3 0.0001 1 0.013412572691255044 0.0046725504195102296 0.0029715587079099802 -0.16058174916205362 0.0039060687918120261 0 0.0093289877416155506 6.7342733601254992 OK 13 12 0.52243499999999998 0.525231 0.101475 0.41461300000000001 0.28730899999999998 0 0.10782199999999997 0.23792200000000002 0.101475 0.0092800000000000001 0.0094520000000000003 0.0089239999999999996 0.074828999999999993 0.20442599999999986 0.069448999999999997 0.0039059999999999997 0.0039620000000000002 0.0037989999999999999 0.00077699999999999991 0.00077899999999999985 0.00076800000000000002 6.7342733145201636 6.7342733145201636 6.7342733145201636 0.00012501382308283059 0.00012501382308283059 0.00012501382308283059 1 1 1 Converged Converged Converged OK OK OK 77 77 77 77 77 77 3 3 3 0 0 0 0 1 0 0 1
187 187 linear 3 0 1708 0 0.001 1 0.027329505564202168 0.0033312889169209584 0.039865949545735808 0.16615088876728645 0.039199691762351614 0.5 -0.01259721863549151 8.7318507856522096 OK 15 14 0.51314599999999999 0.50699000000000005 0.176958 0.33217600000000003 0.32924399999999998 0 0.18096999999999996 0.17774600000000007 0.176958 0.014165000000000001 0.014244 0.013781 0.12569100000000002 0.12259000000000002 0.12213099999999996 0.0057070000000000003 0.0056489999999999995 0.0056930000000000001 0.00124 0.0012660000000000002 0.00124 8.7318453653043022 8.7318453653043022 8.7318453653043022 0.0051609643040173969 0.0051609643040173969 0.0051609643040173969 1 1 1 Converged Converged Converged OK OK OK 107 107 107 107 107 107 5 5 5 0 0 0 0 0 1 0 0
187 187 linear 3 7 1708 1 0.001 1 0.027329505564202168 0.0033312889169209584 0.039865949545735808 0.16615088876728645 0.039605239978324602 0.5 -0.013002766851464499 8.7810371175853543 OK 15 14 0.47866999999999998 0.56247000000000003 0.16748499999999999 0.30568400000000001 0.19897400000000001 0 0.17298599999999997 0.36349600000000004 0.16748499999999999 0.013668 0.013809999999999999 0.01299 0.126114 0.31588700000000008 0.12187599999999994 0.0058280000000000007 0.0058380000000000003 0.0056059999999999999 0.0012469999999999998 0.0012790000000000002 0.0011949999999999999 8.7810316152455954 8.7810316152455954 8.7810316152455954 0.0053194155137895518 0.0053194155137895518 0.0053194155137895518 1 1 1 Converged Converged Converged OK OK OK 107 107 107 107 107 107 5 5 5 0 0 0 0 1 0 0 1
187 187 linear 3 15 1708 2 0.001 1 0.027329505564202168 0.0033312889169209584 0.039865949545735808 0.16615088876728645 0.040068723653722299 0.5 -0.013466250526862195 8.8420518286319236 OK 15 14 0.46085900000000002 0.54056599999999999 0.17071 0.284802 0.18606900000000001 0 0.17605700000000002 0.35449699999999995 0.17071 0.013975 0.014218 0.013421000000000001 0.12901999999999994 0.30586200000000019 0.12484099999999998 0.005738 0.0064119999999999993 0.0055710000000000004 0.001255 0.0012639999999999999 0.0012490000000000001 8.8420462391661925 8.8420462391661925 8.8420462391661925 0.0055205664764660907 0.0055205664764660907 0.0055205664764660907 1 1 1 Converged Converged Converged OK OK OK 107 107 107 107 107 107 5 5 5 0 0 0 0 1 0 0 1
187 187 linear 3 23 1708 3 0.001 1 0.027329505564202168 0.0033312889169209584 0.039865949545735808 0.16615088876728645 0.040532207329120003 0.5 -0.013929734202259899 8.9091170134136597 OK 15 14 0.488147 0.56113599999999997 0.170234 0.31232300000000002 0.20977199999999999 0 0.17582399999999998 0.35136400000000001 0.170234 0.013629 0.013698999999999999 0.013016 0.12881400000000004 0.30365900000000007 0.124587 0.0059789999999999999 0.0060950000000000006 0.0056509999999999998 0.001343 0.001359 0.0012929999999999999 8.9091111786590957 8.9091111786590957 8.9091111786590957 0.0057475713398025246 0.0057475713398025246 0.0057475713398025246 1 1 1 Converged Converged Converged OK OK OK 107 107 107 107 107 107 5 5 5 0 0 0 0 1 0 0 1
187 187 linear 3 0 1708 0 0.0001 1 0.027329505564202168 0.0033312889169209584 0.039865949545735808 0.16615088876728645 0.039199691762351614 0.5 -0.01259721863549151 8.7318507856522096 OK 15 14 0.570913 0.567469 0.23005100000000001 0.33066099999999998 0.33123000000000002 0 0.24025200000000002 0.23623899999999998 0.23005100000000001 0.014267999999999999 0.014206999999999999 0.013868 0.16637100000000002 0.16780200000000001 0.16211400000000001 0.0073850000000000001 0.0074289999999999998 0.0074410000000000006 0.0015300000000000001 0.001511 0.0014869999999999998 8.7318453935793912 8.7318453935793912 8.7318453935793912 0.00025602397979587678 0.00025602397979587678 0.00025602397979587678 1 1 1 Converged Converged Converged OK OK OK 139 139 139 139 139 139 5 5 5 0 0 0 0 0 1 0 0
187 187 linear 3 7 1708 1 0.0001 1 0.027329505564202168 0.0033312889169209584 0.039865949545735808 0.16615088876728645 0.039605239978324602 0.5 -0.013002766851464499 8.7810371175853543 OK 15 14 0.52498400000000001 0.62846000000000002 0.21573000000000001 0.30268299999999998 0.19860900000000001 0 0.22230100000000003 0.42985099999999998 0.21573000000000001 0.013717 0.013727 0.013117 0.16496300000000003 0.37263400000000013 0.16014499999999993 0.0077769999999999992 0.0077020000000000005 0.007444000000000001 0.0014739999999999998 0.0014850000000000002 0.0014680000000000001 8.7810316476118171 8.7810316476118171 8.7810316476118171 0.00025469393944869707 0.00025469393944869707 0.00025469393944869707 1 1 1 Converged Converged Converged OK OK OK 139 139 139 139 139 139 5 5 5 0 0 0 0 1 0 0 1
187 187 linear 3 15 1708 2 0.0001 1 0.027329505564202168 0.0033312889169209584 0.039865949545735808 0.16615088876728645 0.040068723653722299 0.5 -0.013466250526862195 8.8420518286319236 OK 15 14 0.517482 0.61621199999999998 0.21897900000000001 0.28671600000000003 0.18573200000000001 0 0.23076599999999997 0.43047999999999997 0.21897900000000001 0.014034 0.014116999999999999 0.013327 0.17315199999999997 0.3718849999999998 0.16320099999999996 0.0078150000000000008 0.0079110000000000014 0.0075319999999999996 0.001511 0.0015889999999999999 0.0015150000000000001 8.8420462772966708 8.8420462772966708 8.8420462772966708 0.00025319531279066788 0.00025319531279066788 0.00025319531279066788 1 1 1 Converged Converged Converged OK OK OK 139 139 139 139 139 139 5 5 5 0 0 0 0 1 0 0 1
187 187 linear 3 23 1708 3 0.0001 1 0.027329505564202168 0.0033312889169209584 0.039865949545735808 0.16615088876728645 0.040532207329120003 0.5 -0.013929734202259899 8.9091170134136597 OK 15 14 0.535416 0.62743099999999996 0.219586 0.309755 0.20003299999999999 0 0.225661 0.42739799999999994 0.219586 0.013556 0.013783999999999999 0.013036000000000001 0.16886100000000007 0.3700659999999999 0.16392700000000002 0.0075079999999999999 0.007613 0.0075189999999999996 0.0015390000000000004 0.0015639999999999999 0.001536 8.9091112241411654 8.9091112241411654 8.9091112241411654 0.00025172222451616099 0.00025172222451616099 0.00025172222451616099 1 1 1 Converged Converged Converged OK OK OK 139 139 139 139 139 139 5 5 5 0 0 0 0 1 0 0 1
187 187 linear 4 0 1709 0 0.001 1 0.027329505564202168 0.0033312889169209584 -0.35757418190773438 -0.0060854267480764095 -0.35824043969111857 0.5 0.38484291281797867 5.3700726160104493 OK 13 12 0.39025700000000002 0.38792100000000002 0.079753000000000004 0.30837399999999998 0.30712499999999998 0 0.081883000000000039 0.080796000000000034 0.079753000000000004 0.0089940000000000003 0.008848 0.0085290000000000001 0.054293000000000001 0.053333999999999993 0.052978000000000011 0.0027520000000000001 0.0028140000000000001 0.002774 0.00059199999999999997 0.00055899999999999993 0.00056299999999999992 5.3700598973545119 5.3700598973545119 5.3700598973545119 0.0031141498349114768 0.0031141498349114768 0.0031141498349114768 1 1 1 Converged Converged Converged OK OK OK 53 53 53 53 53 53 3 3 3 0 0 0 0 0 1 0 0
187 187 linear 4 7 1709 1 0.001 1 0.027329505564202168 0.0033312889169209584 -0.35757418190773438 -0.0060854267480764095 -0.35783489147514558 0.5 0.38443736460200567 5.3453697623841325 OK 13 12 0.39504299999999998 0.28326600000000002 0.077301999999999996 0.31485099999999999 0.176616 0 0.080191999999999986 0.10665000000000002 0.077301999999999996 0.0082579999999999997 0.0083149999999999995 0.0077299999999999999 0.055257000000000001 0.081933999999999993 0.053605 0.0027680000000000001 0.0026849999999999999 0.0026489999999999999 0.00054500000000000002 0.00056499999999999996 0.00053400000000000008 5.3453570900311016 5.3453570900311016 5.3453570900311016 0.0031203622711775693 0.0031203622711775693 0.0031203622711775693 1 1 1 Converged Converged Converged OK OK OK 53 53 53 53 53 53 3 3 3 0 0 0 0 1 0 0 1
187 187 linear 4 15 1709 2 0.001 1 0.027329505564202168 0.0033312889169209584 -0.35757418190773438 -0.0060854267480764095 -0.35737140779974791 0.5 0.383973880926608 5.3172784244250977 OK 13 12 0.37973000000000001 0.27548699999999998 0.076785000000000006 0.30012699999999998 0.16675699999999999 0 0.079603000000000035 0.10872999999999999 0.076785000000000006 0.0081600000000000006 0.0081300000000000001 0.0076660000000000001 0.054827000000000015 0.083926000000000001 0.053042000000000013 0.0028040000000000001 0.0028140000000000001 0.0026800000000000001 0.00055700000000000009 0.00055800000000000001 0.00053800000000000007 5.317265691835944 5.317265691835944 5.317265691835944 0.003127481523733433 0.003127481523733433 0.003127481523733433 1 1 1 Converged Converged Converged OK OK OK 53 53 53 53 53 53 3 3 3 0 0 0 0 1 0 0 1
187 187 linear 4 23 1709 3 0.001 1 0.027329505564202168 0.0033312889169209584 -0.35757418190773438 -0.0060854267480764095 -0.35690792412435018 0.5 0.38351039725121028 5.2893479535686394 OK 13 12 0.38386799999999999 0.28063100000000002 0.079427999999999999 0.30225600000000002 0.17477999999999999 0 0.081611999999999962 0.10585100000000003 0.079427999999999999 0.0083499999999999998 0.0083099999999999997 0.0077429999999999999 0.056862999999999997 0.081088000000000007 0.055623999999999993 0.002738 0.002836 0.002709 0.00055199999999999997 0.00058299999999999997 0.00053300000000000005 5.2893352747871374 5.2893352747871374 5.2893352747871374 0.0031346214592991879 0.0031346214592991879 0.0031346214592991879 1 1 1 Converged Converged Converged OK OK OK 53 53 53 53 53 53 3 3 3 0 0 0 0 1 0 0 1
187 187 linear 4 0 1709 0 0.0001 1 0.027329505564202168 0.0033312889169209584 -0.35757418190773438 -0.0060854267480764095 -0.35824043969111857 0.5 0.38484291281797867 5.3700726160104493 OK 13 12 0.41823100000000002 0.42161199999999999 0.10763200000000001 0.307363 0.31288300000000002 0 0.11086800000000002 0.10872899999999996 0.10763200000000001 0.0089949999999999995 0.0090310000000000008 0.0085679999999999992 0.074004000000000014 0.072298000000000029 0.07176600000000001 0.0040330000000000001 0.0040950000000000005 0.0040800000000000003 0.00081900000000000007 0.00081300000000000003 0.00079200000000000017 5.370069386738642 5.370069386738642 5.370069386738642 1.9033983061223654e-05 1.9033983061223654e-05 1.9033983061223654e-05 1 1 1 Converged Converged Converged OK OK OK 77 77 77 77 77 77 3 3 3 0 0 0 0 0 1 0 0
187 187 linear 4 7 1709 1 0.0001 1 0.027329505564202168 0.0033312889169209584 -0.35757418190773438 -0.0060854267480764095 -0.35783489147514558 0.5 0.38443736460200567 5.3453697623841325 OK 13 12 0.418014 0.34073300000000001 0.10345600000000001 0.31231100000000001 0.17977399999999999 0 0.10570299999999999 0.16095900000000002 0.10345600000000001 0.0082780000000000006 0.0083770000000000008 0.0076909999999999999 0.073733999999999952 0.12876299999999999 0.072465999999999975 0.0039420000000000011 0.0040290000000000005 0.0039769999999999996 0.000794 0.00079400000000000011 0.00077300000000000003 5.3453666025936926 5.3453666025936926 5.3453666025936926 1.9078188330185844e-05 1.9078188330185844e-05 1.9078188330185844e-05 1 1 1 Converged Converged Converged OK OK OK 77 77 77 77 77 77 3 3 3 0 0 0 0 1 0 0 1
187 187 linear 4 15 1709 2 0.0001 1 0.027329505564202168 0.0033312889169209584 -0.35757418190773438 -0.0060854267480764095 -0.35737140779974791 0.5 0.383973880926608 5.3172784244250977 OK 13 12 0.40839500000000001 0.32990599999999998 0.103252 0.29911300000000002 0.16749600000000001 0 0.10928199999999999 0.16240999999999997 0.103252 0.0082590000000000007 0.0081560000000000001 0.0076639999999999998 0.076706999999999997 0.13022 0.072403999999999996 0.0041159999999999999 0.0041510000000000002 0.0039699999999999996 0.00083199999999999995 0.00081099999999999998 0.00077499999999999997 5.3172752309645892 5.3172752309645892 5.3172752309645892 1.9128949417258875e-05 1.9128949417258875e-05 1.9128949417258875e-05 1 1 1 Converged Converged Converged OK OK OK 77 77 77 77 77 77 3 3 3 0 0 0 0 1 0 0 1
187 187 linear 4 23 1709 3 0.0001 1 0.027329505564202168 0.0033312889169209584 -0.35757418190773438 -0.0060854267480764095 -0.35690792412435018 0.5 0.38351039725121028 5.2893479535686394 OK 13 12 0.40819 0.32752399999999998 0.105776 0.29993199999999998 0.16786999999999999 0 0.10825800000000002 0.15965399999999999 0.105776 0.0082100000000000003 0.0081639999999999994 0.0076540000000000002 0.076318999999999998 0.12753099999999998 0.07483999999999999 0.0040990000000000002 0.0042170000000000003 0.0040230000000000005 0.00078399999999999987 0.00079300000000000009 0.00078299999999999995 5.2893448405634285 5.2893448405634285 5.2893448405634285 1.9179971918898506e-05 1.9179971918898506e-05 1.9179971918898506e-05 1 1 1 Converged Converged Converged OK OK OK 77 77 77 77 77 77 3 3 3 0 0 0 0 1 0 0 1
187 187 uniform 3 0 1710 0 0.001 1 0.027329505564202168 0.0033312889169209584 0.039865949545735808 0.16615088876728645 0.039199691762351614 0 -0.01259721863549151 8.7396304488097645 OK 15 14 0.45250299999999999 0.45349499999999998 0.11772199999999999 0.33379500000000001 0.32895099999999999 0 0.11870799999999998 0.12454399999999999 0.11772199999999999 0.01431 0.020181999999999999 0.013802999999999999 0.076128999999999974 0.075967000000000034 0.075955999999999968 0.0036319999999999998 0.0036929999999999997 0.0036059999999999998 0.00092299999999999999 0.000901 0.00087499999999999991 8.7396303776160575 8.7396303776160575 8.7396303776160575 0.0036088251662446712 0.0036088251662446712 0.0036088251662446712 1 1 1 Converged Converged Converged OK OK OK 75 75 75 75 75 75 5 5 5 0 0 0 0 0 1 0 0
187 187 uniform 3 7 1710 1 0.001 1 0.027329505564202168 0.0033312889169209584 0.039865949545735808 0.16615088876728645 0.039605239978324602 0 -0.013002766851464499 8.7897973863727543 OK 15 14 0.409192 0.41263100000000003 0.108361 0.29957299999999998 0.20031199999999999 0 0.10961900000000002 0.21231900000000004 0.108361 0.013710999999999999 0.013781 0.013075 0.073049000000000003 0.17529999999999996 0.072770999999999947 0.0036350000000000002 0.0036870000000000002 0.0036149999999999993 0.00086200000000000014 0.00090800000000000006 0.00088400000000000002 8.7897973113509469 8.7897973113509469 8.7897973113509469 0.0036897814903021822 0.0036897814903021822 0.0036897814903021822 1 1 1 Converged Converged Converged OK OK OK 75 75 75 75 75 75 5 5 5 0 0 0 0 1 0 0 1
187 187 uniform 3 15 1710 2 0.001 1 0.027329505564202168 0.0033312889169209584 0.039865949545735808 0.16615088876728645 0.040068723653722299 0 -0.013466250526862195 8.8521735404700692 OK 15 14 0.402314 0.39794800000000002 0.113048 0.28731699999999999 0.18238099999999999 0 0.11499700000000002 0.21556700000000004 0.113048 0.014099 0.013991999999999999 0.013377999999999999 0.078078000000000009 0.17861400000000005 0.077424999999999994 0.003673 0.0037280000000000004 0.0035670000000000003 0.00087100000000000003 0.00087900000000000001 0.00084300000000000011 8.8521734576289752 8.8521734576289752 8.8521734576289752 0.0037974313007218159 0.0037974313007218159 0.0037974313007218159 1 1 1 Converged Converged Converged OK OK OK 75 75 75 75 75 75 5 5 5 0 0 0 0 1 0 0 1
187 187 uniform 3 23 1710 3 0.001 1 0.027329505564202168 0.0033312889169209584 0.039865949545735808 0.16615088876728645 0.040532207329120003 0 -0.013929734202259899 8.9209421598639587 OK 15 14 0.420153 0.423346 0.110573 0.30821599999999999 0.20382900000000001 0 0.11193700000000001 0.21951699999999999 0.110573 0.013580999999999999 0.013691 0.012947 0.075685000000000002 0.18264600000000006 0.075364000000000042 0.0036989999999999996 0.003813 0.0036750000000000003 0.00086499999999999999 0.00087699999999999996 0.00086300000000000005 8.9209420657251677 8.9209420657251677 8.9209420657251677 0.0039260081042033325 0.0039260081042033325 0.0039260081042033325 1 1 1 Converged Converged Converged OK OK OK 75 75 75 75 75 75 5 5 5 0 0 0 0 1 0 0 1
187 187 uniform 3 0 1710 0 0.0001 1 0.027329505564202168 0.0033312889169209584 0.039865949545735808 0.16615088876728645 0.039199691762351614 0 -0.01259721863549151 8.7396304488097645 OK 15 14 0.50892099999999996 0.51019800000000004 0.17754200000000001 0.329953 0.332038 0 0.17896799999999996 0.17816000000000004 0.17754200000000001 0.014425 0.014173 0.013857 0.11706300000000001 0.11726199999999998 0.11678400000000003 0.0062659999999999999 0.006229000000000001 0.0061640000000000002 0.0013489999999999999 0.0013029999999999999 0.0013450000000000001 8.7396303684293315 8.7396303684293315 8.7396303684293315 0.00049764132996456072 0.00049764132996456072 0.00049764132996456072 1 1 1 Converged Converged Converged OK OK OK 123 123 123 123 123 123 5 5 5 0 0 0 0 0 1 0 0
187 187 uniform 3 7 1710 1 0.0001 1 0.027329505564202168 0.0033312889169209584 0.039865949545735808 0.16615088876728645 0.039605239978324602 0 -0.013002766851464499 8.7897973863727543 OK 15 14 0.47417399999999998 0.56856200000000001 0.16575899999999999 0.301207 0.199239 0 0.17296699999999998 0.36932300000000001 0.16575899999999999 0.013913999999999999 0.013747000000000001 0.013176999999999999 0.11620799999999999 0.31773499999999999 0.11527999999999998 0.0062640000000000005 0.0063010000000000002 0.0060840000000000009 0.0013159999999999999 0.001294 0.0012750000000000001 8.7897973010439205 8.7897973010439205 8.7897973010439205 0.00052038984879915586 0.00052038984879915586 0.00052038984879915586 1 1 1 Converged Converged Converged OK OK OK 123 123 123 123 123 123 5 5 5 0 0 0 0 1 0 0 1
187 187 uniform 3 15 1710 2 0.0001 1 0.027329505564202168 0.0033312889169209584 0.039865949545735808 0.16615088876728645 0.040068723653722299 0 -0.013466250526862195 8.8521735404700692 OK 15 14 0.45752799999999999 0.54872500000000002 0.174459 0.28519600000000001 0.18242900000000001 0 0.17233199999999999 0.36629600000000001 0.174459 0.014001 0.014057999999999999 0.013305000000000001 0.12053500000000002 0.31434899999999999 0.12391599999999994 0.006268000000000001 0.0062690000000000003 0.00611 0.0012990000000000002 0.0012830000000000001 0.0012510000000000002 8.8521734457557706 8.8521734457557706 8.8521734457557706 0.00054992808488545076 0.00054992808488545076 0.00054992808488545076 1 1 1 Converged Converged Converged OK OK OK 123 123 123 123 123 123 5 5 5 0 0 0 0 1 0 0 1
187 187 uniform 3 23 1710 3 0.0001 1 0.027329505564202168 0.0033312889169209584 0.039865949545735808 0.16615088876728645 0.040532207329120003 0 -0.013929734202259899 8.9209421598639587 OK 15 14 0.48426000000000002 0.56824200000000002 0.175148 0.30824200000000002 0.204267 0 0.17601800000000001 0.36397500000000005 0.175148 0.013761000000000001 0.013746 0.012926 0.124544 0.31141200000000002 0.12507299999999999 0.0062350000000000001 0.006712000000000001 0.0061390000000000012 0.0013169999999999998 0.0014069999999999998 0.001307 8.9209420518776117 8.9209420518776117 8.9209420518776117 0.00058421395459123254 0.00058421395459123254 0.00058421395459123254 1 1 1 Converged Converged Converged OK OK OK 123 123 123 123 123 123 5 5 5 0 0 0 0 1 0 0 1
187 187 uniform 4 0 1711 0 0.001 1 0.027329505564202168 0.0033312889169209584 -0.35757418190773438 -0.0060854267480764095 -0.35824043969111857 0 0.38484291281797867 5.3833303474613645 OK 13 12 0.36337799999999998 0.35805100000000001 0.049724999999999998 0.31267600000000001 0.30784600000000001 0 0.050701999999999969 0.050205 0.049724999999999998 0.0088929999999999999 0.0088319999999999996 0.0085520000000000006 0.028844999999999992 0.028611999999999999 0.028476999999999995 0.001784 0.0017279999999999999 0.0017030000000000001 0.000428 0.00044200000000000001 0.00042000000000000002 5.3833282673963812 5.3833282673963812 5.3833282673963812 0.0029550521973386876 0.0029550521973386876 0.0029550521973386876 1 1 1 Converged Converged Converged OK OK OK 37 37 37 37 37 37 3 3 3 0 0 0 0 0 1 0 0
187 187 uniform 4 7 1711 1 0.001 1 0.027329505564202168 0.0033312889169209584 -0.35757418190773438 -0.0060854267480764095 -0.35783489147514558 0 0.38443736460200567 5.358343544741289 OK 13 12 0.35994199999999998 0.245616 0.046940000000000003 0.31159799999999999 0.1754 0 0.048343999999999998 0.070216000000000001 0.046940000000000003 0.0081110000000000002 0.0082819999999999994 0.0077070000000000003 0.028653999999999999 0.050629999999999994 0.028091000000000005 0.001727 0.0017730000000000003 0.001719 0.000426 0.00043199999999999998 0.000415 5.358341461123878 5.358341461123878 5.358341461123878 0.0029444063906230969 0.0029444063906230969 0.0029444063906230969 1 1 1 Converged Converged Converged OK OK OK 37 37 37 37 37 37 3 3 3 0 0 0 0 1 0 0 1
187 187 uniform 4 15 1711 2 0.001 1 0.027329505564202168 0.0033312889169209584 -0.35757418190773438 -0.0060854267480764095 -0.35737140779974791 0 0.383973880926608 5.3299314540064406 OK 13 12 0.35020299999999999 0.237594 0.047883000000000002 0.30115700000000001 0.16678699999999999 0 0.049045999999999979 0.070807000000000009 0.047883000000000002 0.0080909999999999992 0.0082129999999999998 0.0076210000000000002 0.029333000000000005 0.051350999999999994 0.029222000000000005 0.001769 0.0017750000000000003 0.0017080000000000001 0.00043300000000000001 0.00042200000000000001 0.000415 5.3299293661514451 5.3299293661514451 5.3299293661514451 0.0029325878226127322 0.0029325878226127322 0.0029325878226127322 1 1 1 Converged Converged Converged OK OK OK 37 37 37 37 37 37 3 3 3 0 0 0 0 1 0 0 1
187 187 uniform 4 23 1711 3 0.001 1 0.027329505564202168 0.0033312889169209584 -0.35757418190773438 -0.0060854267480764095 -0.35690792412435018 0 0.38351039725121028 5.3016847767105846 OK 13 12 0.35270299999999999 0.24198700000000001 0.050589000000000002 0.30044700000000002 0.168016 0 0.052255999999999969 0.073971000000000009 0.050589000000000002 0.0082030000000000002 0.0082209999999999991 0.0076249999999999998 0.032568 0.054349999999999982 0.032008999999999996 0.0017780000000000001 0.001751 0.0017179999999999999 0.000426 0.00045699999999999994 0.00041399999999999998 5.3016826846746952 5.3016826846746952 5.3016826846746952 0.0029211439589667625 0.0029211439589667625 0.0029211439589667625 1 1 1 Converged Converged Converged OK OK OK 37 37 37 37 37 37 3 3 3 0 0 0 0 1 0 0 1
187 187 uniform 4 0 1711 0 0.0001 1 0.027329505564202168 0.0033312889169209584 -0.35757418190773438 -0.0060854267480764095 -0.35824043969111857 0 0.38484291281797867 5.3833303474613645 OK 13 12 0.38395600000000002 0.38917800000000002 0.077202000000000007 0.30662299999999998 0.311498 0 0.077333000000000041 0.077680000000000027 0.077202000000000007 0.0087760000000000008 0.0089379999999999998 0.0084489999999999999 0.047262999999999993 0.047354000000000007 0.047612000000000008 0.0029610000000000001 0.0030100000000000001 0.002934 0.00065900000000000008 0.00066100000000000002 0.00066699999999999995 5.3833302543508248 5.3833302543508248 5.3833302543508248 0.0003139064564518837 0.0003139064564518837 0.0003139064564518837 1 1 1 Converged Converged Converged OK OK OK 61 61 61 61 61 61 3 3 3 0 0 0 0 0 1 0 0
187 187 uniform 4 7 1711 1 0.0001 1 0.027329505564202168 0.0033312889169209584 -0.35757418190773438 -0.0060854267480764095 -0.35783489147514558 0 0.38443736460200567 5.358343544741289 OK 13 12 0.38756000000000002 0.28658 0.073741000000000001 0.31242599999999998 0.17578199999999999 0 0.075134000000000034 0.11079800000000001 0.073741000000000001 0.0080350000000000005 0.0082269999999999999 0.0077499999999999999 0.048356000000000003 0.083623000000000003 0.04783599999999999 0.002993 0.003045 0.0030040000000000002 0.000678 0.00066100000000000002 0.00064599999999999998 5.3583434530134051 5.3583434530134051 5.3583434530134051 0.00031437535849392924 0.00031437535849392924 0.00031437535849392924 1 1 1 Converged Converged Converged OK OK OK 61 61 61 61 61 61 3 3 3 0 0 0 0 1 0 0 1
187 187 uniform 4 15 1711 2 0.0001 1 0.027329505564202168 0.0033312889169209584 -0.35757418190773438 -0.0060854267480764095 -0.35737140779974791 0 0.383973880926608 5.3299314540064406 OK 13 12 0.37349399999999999 0.27409299999999998 0.073463000000000001 0.29899799999999999 0.166824 0 0.074496000000000007 0.10726899999999998 0.073463000000000001 0.008149 0.0081869999999999998 0.007705 0.047639000000000001 0.08038099999999998 0.04759 0.0030119999999999999 0.003078 0.0029509999999999996 0.00068300000000000001 0.00066199999999999994 0.00065799999999999995 5.3299313636195009 5.3299313636195009 5.3299313636195009 0.00031491301446528146 0.00031491301446528146 0.00031491301446528146 1 1 1 Converged Converged Converged OK OK OK 61 61 61 61 61 61 3 3 3 0 0 0 0 1 0 0 1
187 187 uniform 4 23 1711 3 0.0001 1 0.027329505564202168 0.0033312889169209584 -0.35757418190773438 -0.0060854267480764095 -0.35690792412435018 0 0.38351039725121028 5.3016847767105846 OK 13 12 0.37732500000000002 0.27862999999999999 0.076080999999999996 0.29996899999999999 0.166045 0 0.077356000000000036 0.11258499999999999 0.076080999999999996 0.0081119999999999994 0.0082249999999999997 0.0076379999999999998 0.050297999999999995 0.085664999999999991 0.050236000000000003 0.003101 0.0031060000000000003 0.0029909999999999997 0.00068099999999999996 0.00070500000000000011 0.00064199999999999999 5.301684687667457 5.301684687667457 5.301684687667457 0.00031545252514158883 0.00031545252514158883 0.00031545252514158883 1 1 1 Converged Converged Converged OK OK OK 61 61 61 61 61 61 3 3 3 0 0 0 0 1 0 0 1
188 188 linear 3 0 1712 0 0.001 1 0.058684705962741897 0.0054805396008761305 -0.31598654342305005 -0.021609117236509687 -0.31708265134322527 0.5 0.37251436357276529 10.25126472957955 OK 15 14 0.50032600000000005 0.49132900000000002 0.170713 0.32575700000000002 0.32035400000000003 0 0.17456900000000003 0.17097499999999999 0.170713 0.014416999999999999 0.014755000000000001 0.014034 0.12346800000000001 0.11997699999999999 0.11983699999999996 0.005463 0.0053150000000000003 0.0056939999999999994 0.001098 0.0010969999999999999 0.0010939999999999999 10.25123462639853 10.25123462639853 10.25123462639853 0.0092699396485515454 0.0092699396485515454 0.0092699396485515454 1 1 1 Converged Converged Converged OK OK OK 106 106 106 106 106 106 6 6 6 0 0 0 0 0 1 0 0
188 188 linear 3 7 1712 1 0.001 1 0.058684705962741897 0.0054805396008761305 -0.31598654342305005 -0.021609117236509687 -0.31641545521790121 0.5 0.37184716744744123 10.027446312568618 OK 15 14 0.48572900000000002 0.40102500000000002 0.14730799999999999 0.33844400000000002 0.209205 0 0.147285 0.19182000000000002 0.14730799999999999 0.01346 0.013769999999999999 0.013051999999999999 0.10590700000000002 0.15035200000000004 0.10675499999999999 0.0048040000000000001 0.0047209999999999995 0.004797 0.001039 0.0010369999999999999 0.0010440000000000002 10.02744357051184 10.02744357051184 10.02744357051184 0.0089540478249135278 0.0089540478249135278 0.0089540478249135278 1 1 1 Converged Converged Converged OK OK OK 98 98 98 98 98 98 6 6 6 0 0 0 0 1 0 0 1
188 188 linear 3 15 1712 2 0.001 1 0.058684705962741897 0.0054805396008761305 -0.31598654342305005 -0.021609117236509687 -0.31565294536038802 0.5 0.37108465758992804 9.8020571255579849 OK 15 14 0.47521400000000003 0.39846500000000001 0.14608399999999999 0.324882 0.20746000000000001 0 0.15033200000000002 0.19100500000000001 0.14608399999999999 0.013408 0.013620999999999999 0.012955 0.109137 0.14971599999999999 0.106031 0.0048390000000000004 0.0048899999999999994 0.0047749999999999997 0.001042 0.0010400000000000001 0.0010190000000000002 9.8020529146335544 9.8020529146335544 9.8020529146335544 0.0082887414576957256 0.0082887414576957256 0.0082887414576957256 1 1 1 Converged Converged Converged OK OK OK 98 98 98 98 98 98 6 6 6 0 0 0 0 1 0 0 1
188 188 linear 3 23 1712 3 0.001 1 0.058684705962741897 0.0054805396008761305 -0.31598654342305005 -0.021609117236509687 -0.31489043550287482 0.5 0.37032214773241484 9.601406221057772 OK 15 14 0.475219 0.38901799999999997 0.14263500000000001 0.32857199999999998 0.20652899999999999 0 0.14664700000000003 0.18248899999999998 0.14263500000000001 0.013568999999999999 0.013788 0.012841 0.105571 0.14099999999999996 0.10258299999999999 0.0047300000000000007 0.0048630000000000001 0.0047940000000000005 0.001044 0.001085 0.001036 9.6014012202213568 9.6014012202213568 9.6014012202213568 0.0080423732782630743 0.0080423732782630743 0.0080423732782630743 1 1 1 Converged Converged Converged OK OK OK 98 98 98 98 98 98 6 6 6 0 0 0 0 1 0 0 1
188 188 linear 3 0 1712 0 0.0001 1 0.058684705962741897 0.0054805396008761305 -0.31598654342305005 -0.021609117236509687 -0.31708265134322527 0.5 0.37251436357276529 10.25126472957955 OK 15 14 0.54969100000000004 0.54960699999999996 0.22553000000000001 0.31951499999999999 0.32324000000000003 0 0.23017600000000005 0.22636699999999993 0.22553000000000001 0.014629 0.014852000000000001 0.014043 0.16144999999999995 0.15757000000000007 0.15735199999999988 0.0074049999999999993 0.0073900000000000007 0.0074339999999999996 0.0015769999999999998 0.0016000000000000003 0.0015870000000000001 10.251256674911955 10.251256674911955 10.251256674911955 0.00099325437928078479 0.00099325437928078479 0.00099325437928078479 1 1 1 Converged Converged Converged OK OK OK 146 146 146 146 146 146 6 6 6 0 0 0 0 0 1 0 0
188 188 linear 3 7 1712 1 0.0001 1 0.058684705962741897 0.0054805396008761305 -0.31598654342305005 -0.021609117236509687 -0.31641545521790121 0.5 0.37184716744744123 10.027446312568618 OK 15 14 0.55862699999999998 0.50453300000000001 0.216923 0.33642699999999998 0.21640799999999999 0 0.22220000000000001 0.28812500000000002 0.216923 0.013661 0.013691 0.012995 0.16347199999999995 0.22926400000000002 0.15925299999999992 0.0078169999999999993 0.0079620000000000003 0.0077979999999999994 0.0016870000000000001 0.0016309999999999999 0.0016570000000000003 10.02743951817272 10.02743951817272 10.02743951817272 5.2716953191719899e-05 5.2716953191719899e-05 5.2716953191719899e-05 1 1 1 Converged Converged Converged OK OK OK 154 154 154 154 154 154 6 6 6 0 0 0 0 1 0 0 1
188 188 linear 3 15 1712 2 0.0001 1 0.058684705962741897 0.0054805396008761305 -0.31598654342305005 -0.021609117236509687 -0.31565294536038802 0.5 0.37108465758992804 9.8020571255579849 OK 15 14 0.54649700000000001 0.48870999999999998 0.218471 0.32439200000000001 0.20502500000000001 0 0.222105 0.28368499999999996 0.218471 0.013695000000000001 0.013762999999999999 0.012955 0.16547300000000001 0.22696300000000011 0.16349100000000008 0.0077080000000000004 0.0079520000000000007 0.0076350000000000003 0.0016750000000000001 0.0016569999999999998 0.001619 9.802050728871242 9.802050728871242 9.802050728871242 4.9138086099491844e-05 4.9138086099491844e-05 4.9138086099491844e-05 1 1 1 Converged Converged Converged OK OK OK 154 154 154 154 154 154 6 6 6 0 0 0 0 1 0 0 1
188 188 linear 3 23 1712 3 0.0001 1 0.058684705962741897 0.0054805396008761305 -0.31598654342305005 -0.021609117236509687 -0.31489043550287482 0.5 0.37032214773241484 9.601406221057772 OK 15 14 0.54571599999999998 0.47753600000000002 0.21382999999999999 0.33029500000000001 0.20017799999999999 0 0.21542099999999997 0.27735799999999999 0.21382999999999999 0.013671000000000001 0.017094999999999999 0.01291 0.15884500000000004 0.21746900000000002 0.15892599999999998 0.0077430000000000016 0.0078050000000000003 0.0074740000000000006 0.001616 0.0016240000000000002 0.0015689999999999999 9.601400025065713 9.601400025065713 9.601400025065713 4.7391350007857266e-05 4.7391350007857266e-05 4.7391350007857266e-05 1 1 1 Converged Converged Converged OK OK OK 154 154 154 154 154 154 6 6 6 0 0 0 0 1 0 0 1
188 188 linear 4 0 1713 0 0.001 1 0.058684705962741897 0.0054805396008761305 -0.01894679258053019 -0.32488374976217799 -0.020042900500705417 0.5 0.07547461273024543 4.2018529418079993 OK 13 12 0.42463800000000002 0.41857 0.099823999999999996 0.32188299999999997 0.31772800000000001 0 0.10275500000000004 0.10084199999999999 0.099823999999999996 0.010619999999999999 0.01064 0.010328 0.070391000000000009 0.068590000000000026 0.067993000000000012 0.0031879999999999999 0.0031749999999999999 0.0031580000000000002 0.00069099999999999999 0.00072199999999999999 0.00068999999999999997 4.2018501868611988 4.2018501868611988 4.2018501868611988 0.0033170523396378543 0.0033170523396378543 0.0033170523396378543 1 1 1 Converged Converged Converged OK OK OK 61 61 61 61 61 61 3 3 3 0 0 0 0 0 1 0 0
188 188 linear 4 7 1713 1 0.001 1 0.058684705962741897 0.0054805396008761305 -0.01894679258053019 -0.32488374976217799 -0.019375704375381365 0.5 0.074807416604921378 4.1235130368172053 OK 13 12 0.42487999999999998 0.44268000000000002 0.098795999999999995 0.32169900000000001 0.192886 0 0.10318099999999997 0.24979400000000002 0.098795999999999995 0.0098659999999999998 0.0096369999999999997 0.0091549999999999999 0.073532999999999987 0.22081800000000001 0.070986999999999995 0.0035000000000000001 0.0033110000000000001 0.003107 0.00067500000000000004 0.00066600000000000003 0.00066100000000000002 4.123510367993541 4.123510367993541 4.123510367993541 0.0033431295725247097 0.0033431295725247097 0.0033431295725247097 1 1 1 Converged Converged Converged OK OK OK 61 61 61 61 61 61 3 3 3 0 0 0 0 1 0 0 1
188 188 linear 4 15 1713 2 0.001 1 0.058684705962741897 0.0054805396008761305 -0.01894679258053019 -0.32488374976217799 -0.018613194517868165 0.5 0.074044906747408185 4.0503982363947468 OK 13 12 0.42679699999999998 0.43037799999999998 0.100339 0.32540400000000003 0.20202200000000001 0 0.10139299999999996 0.22835599999999998 0.100339 0.0099749999999999995 0.010067 0.0094149999999999998 0.072013999999999981 0.19921399999999997 0.072551999999999991 0.0032980000000000002 0.0031899999999999997 0.003045 0.00065600000000000001 0.00067000000000000002 0.00066699999999999995 4.0503956771647571 4.0503956771647571 4.0503956771647571 0.0033303369513520359 0.0033303369513520359 0.0033303369513520359 1 1 1 Converged Converged Converged OK OK OK 61 61 61 61 61 61 3 3 3 0 0 0 0 1 0 0 1
188 188 linear 4 23 1713 3 0.001 1 0.058684705962741897 0.0054805396008761305 -0.01894679258053019 -0.32488374976217799 -0.017850684660354964 0.5 0.073282396889894977 3.9898086898317744 OK 13 12 0.43301600000000001 0.43827700000000003 0.098375000000000004 0.33064700000000002 0.204372 0 0.10236899999999999 0.23390500000000003 0.098375000000000004 0.0099360000000000004 0.010075000000000001 0.0094389999999999995 0.072996999999999992 0.204376 0.070581999999999992 0.0034319999999999997 0.0034250000000000001 0.0030539999999999994 0.00080800000000000002 0.00075500000000000003 0.00071899999999999991 3.9898062300835262 3.9898062300835262 3.9898062300835262 0.0032973167306979191 0.0032973167306979191 0.0032973167306979191 1 1 1 Converged Converged Converged OK OK OK 61 61 61 61 61 61 3 3 3 0 0 0 0 1 0 0 1
188 188 linear 4 0 1713 0 0.0001 1 0.058684705962741897 0.0054805396008761305 -0.01894679258053019 -0.32488374976217799 -0.020042900500705417 0.5 0.07547461273024543 4.2018529418079993 OK 13 12 0.47244000000000003 0.46867199999999998 0.151203 0.321073 0.31984600000000002 0 0.15136700000000003 0.14882599999999996 0.151203 0.010584 0.010717000000000001 0.010263 0.10707499999999995 0.10434600000000001 0.10752300000000001 0.0048960000000000002 0.0047790000000000003 0.0047959999999999999 0.00095699999999999995 0.00095999999999999992 0.00095199999999999983 4.2018502368440789 4.2018502368440789 4.2018502368440789 1.0855100186844012e-07 1.0855100186844012e-07 1.0855100186844012e-07 1 1 1 Converged Converged Converged OK OK OK 93 93 93 93 93 93 3 3 3 0 0 0 0 0 1 0 0
188 188 linear 4 7 1713 1 0.0001 1 0.058684705962741897 0.0054805396008761305 -0.01894679258053019 -0.32488374976217799 -0.019375704375381365 0.5 0.074807416604921378 4.1235130368172053 OK 13 12 0.46706999999999999 0.526501 0.14466100000000001 0.31754599999999999 0.19187000000000001 0 0.14952399999999999 0.33463100000000001 0.14466100000000001 0.0097590000000000003 0.0097680000000000006 0.0091789999999999997 0.11105799999999999 0.29542399999999996 0.10733800000000002 0.0048149999999999998 0.0050379999999999999 0.0047939999999999997 0.00089099999999999997 0.00092099999999999994 0.00089300000000000002 4.1235103922547989 4.1235103922547989 4.1235103922547989 7.7805080924512216e-08 7.7805080924512216e-08 7.7805080924512216e-08 1 1 1 Converged Converged Converged OK OK OK 93 93 93 93 93 93 3 3 3 0 0 0 0 1 0 0 1
188 188 linear 4 15 1713 2 0.0001 1 0.058684705962741897 0.0054805396008761305 -0.01894679258053019 -0.32488374976217799 -0.018613194517868165 0.5 0.074044906747408185 4.0503982363947468 OK 13 12 0.47661799999999999 0.52067200000000002 0.14421800000000001 0.328455 0.201907 0 0.14816299999999999 0.31876500000000002 0.14421800000000001 0.0099579999999999998 0.0098829999999999994 0.0094800000000000006 0.10917400000000001 0.27962399999999993 0.10648800000000001 0.0049359999999999994 0.0050149999999999995 0.0048849999999999996 0.00091200000000000005 0.00093800000000000003 0.00091199999999999994 4.0503956880822525 4.0503956880822525 4.0503956880822525 5.4074087848083688e-08 5.4074087848083688e-08 5.4074087848083688e-08 1 1 1 Converged Converged Converged OK OK OK 93 93 93 93 93 93 3 3 3 0 0 0 0 1 0 0 1
188 188 linear 4 23 1713 3 0.0001 1 0.058684705962741897 0.0054805396008761305 -0.01894679258053019 -0.32488374976217799 -0.017850684660354964 0.5 0.073282396889894977 3.9898086898317744 OK 13 12 0.47404099999999999 0.53146700000000002 0.14443600000000001 0.32490400000000003 0.209894 0 0.14913699999999996 0.321573 0.14443600000000001 0.010017 0.010015 0.0094599999999999997 0.110323 0.28232699999999999 0.10676200000000002 0.0048580000000000003 0.0051069999999999996 0.0047689999999999998 0.00098999999999999999 0.00099399999999999987 0.00096699999999999998 3.9898062352900263 3.9898062352900263 3.9898062352900263 3.8407307985095509e-08 3.8407307985095509e-08 3.8407307985095509e-08 1 1 1 Converged Converged Converged OK OK OK 93 93 93 93 93 93 3 3 3 0 0 0 0 1 0 0 1
188 188 uniform 3 0 1714 0 0.001 1 0.058684705962741897 0.0054805396008761305 -0.31598654342305005 -0.021609117236509687 -0.31708265134322527 0 0.37251436357276529 10.322722292776268 OK 15 14 0.44995099999999999 0.45038800000000001 0.130047 0.32182300000000003 0.32167800000000002 0 0.12812799999999996 0.12870999999999999 0.130047 0.014404 0.01436 0.013944 0.084401999999999977 0.084661000000000014 0.086861999999999953 0.0038870000000000003 0.0042220000000000001 0.0040230000000000005 0.00091799999999999998 0.000941 0.00091 10.322717350022407 10.322717350022407 10.322717350022407 0.0078828477649628258 0.0078828477649628258 0.0078828477649628258 1 1 1 Converged Converged Converged OK OK OK 90 90 90 90 90 90 6 6 6 0 0 0 0 0 1 0 0
188 188 uniform 3 7 1714 1 0.001 1 0.058684705962741897 0.0054805396008761305 -0.31598654342305005 -0.021609117236509687 -0.31641545521790121 0 0.37184716744744123 10.086957950384676 OK 15 14 0.45114399999999999 0.36741800000000002 0.11536100000000001 0.33284599999999998 0.214002 0 0.11829800000000001 0.15341600000000002 0.11536100000000001 0.013604 0.013609 0.01281 0.080804000000000001 0.11618500000000001 0.079915999999999973 0.0044130000000000003 0.0041840000000000002 0.0039290000000000002 0.0009189999999999999 0.00091299999999999997 0.00086199999999999992 10.086953069977547 10.086953069977547 10.086953069977547 0.0076561052062983671 0.0076561052062983671 0.0076561052062983671 1 1 1 Converged Converged Converged OK OK OK 90 90 90 90 90 90 6 6 6 0 0 0 0 1 0 0 1
188 188 uniform 3 15 1714 2 0.001 1 0.058684705962741897 0.0054805396008761305 -0.31598654342305005 -0.021609117236509687 -0.31565294536038802 0 0.37108465758992804 9.8515360821170379 OK 15 14 0.43355100000000002 0.34992000000000001 0.10735699999999999 0.32382899999999998 0.20563799999999999 0 0.10972200000000004 0.14428200000000002 0.10735699999999999 0.013540999999999999 0.013677 0.012836 0.073533000000000001 0.10827999999999997 0.072916999999999982 0.0037070000000000002 0.0036660000000000004 0.0034930000000000004 0.00098400000000000007 0.00097199999999999999 0.00089099999999999987 9.8515394417723918 9.8515394417723918 9.8515394417723918 0.0068426237544056811 0.0068426237544056811 0.0068426237544056811 1 1 1 Converged Converged Converged OK OK OK 82 82 82 82 82 82 6 6 6 0 0 0 0 1 0 0 1
188 188 uniform 3 23 1714 3 0.001 1 0.058684705962741897 0.0054805396008761305 -0.31598654342305005 -0.021609117236509687 -0.31489043550287482 0 0.37032214773241484 9.643329640731892 OK 15 14 0.42723699999999998 0.32851900000000001 0.099024000000000001 0.326513 0.20096700000000001 0 0.10072399999999998 0.127552 0.099024000000000001 0.013495999999999999 0.013547 0.012787 0.067385 0.094243999999999994 0.066835000000000019 0.0031509999999999997 0.0032210000000000003 0.0031280000000000001 0.000776 0.00080400000000000003 0.00076000000000000004 9.6433267857004861 9.6433267857004861 9.6433267857004861 0.0096218066547313647 0.0096218066547313647 0.0096218066547313647 1 1 1 Converged Converged Converged OK OK OK 74 74 74 74 74 74 6 6 6 0 0 0 0 1 0 0 1
188 188 uniform 3 0 1714 0 0.0001 1 0.058684705962741897 0.0054805396008761305 -0.31598654342305005 -0.021609117236509687 -0.31708265134322527 0 0.37251436357276529 10.322722292776268 OK 15 14 0.50367399999999996 0.50305299999999997 0.178207 0.32544600000000001 0.32409100000000002 0 0.17822799999999994 0.17896199999999995 0.178207 0.014256 0.014603 0.013819 0.11776900000000001 0.11744799999999996 0.11784499999999998 0.0059030000000000003 0.0060029999999999997 0.0059490000000000003 0.0013590000000000002 0.001413 0.0013860000000000001 10.322721930550578 10.322721930550578 10.322721930550578 0.00081037040505255783 0.00081037040505255783 0.00081037040505255783 1 1 1 Converged Converged Converged OK OK OK 130 130 130 130 130 130 6 6 6 0 0 0 0 0 1 0 0
188 188 uniform 3 7 1714 1 0.0001 1 0.058684705962741897 0.0054805396008761305 -0.31598654342305005 -0.021609117236509687 -0.31641545521790121 0 0.37184716744744123 10.086957950384676 OK 15 14 0.49563400000000002 0.42807899999999999 0.158968 0.33408399999999999 0.20868100000000001 0 0.16155000000000003 0.21939799999999998 0.158968 0.013656 0.013539000000000001 0.012952 0.11232599999999998 0.16725799999999999 0.11121600000000002 0.006045 0.0061859999999999997 0.0059839999999999997 0.0012989999999999998 0.0013700000000000001 0.0013450000000000001 10.086957660433608 10.086957660433608 10.086957660433608 0.00090495789496701702 0.00090495789496701702 0.00090495789496701702 1 1 1 Converged Converged Converged OK OK OK 130 130 130 130 130 130 6 6 6 0 0 0 0 1 0 0 1
188 188 uniform 3 15 1714 2 0.0001 1 0.058684705962741897 0.0054805396008761305 -0.31598654342305005 -0.021609117236509687 -0.31565294536038802 0 0.37108465758992804 9.8515360821170379 OK 15 14 0.47748400000000002 0.40360000000000001 0.14968500000000001 0.32527099999999998 0.20788899999999999 0 0.15221300000000004 0.19571100000000002 0.14968500000000001 0.013504 0.013457 0.01294 0.105965 0.15018799999999996 0.10531600000000001 0.0056769999999999998 0.0055120000000000004 0.0055389999999999988 0.001359 0.0013470000000000001 0.0013420000000000001 9.8515358399107527 9.8515358399107527 9.8515358399107527 0.00094852554921169379 0.00094852554921169379 0.00094852554921169379 1 1 1 Converged Converged Converged OK OK OK 122 122 122 122 122 122 6 6 6 0 0 0 0 1 0 0 1
188 188 uniform 3 23 1714 3 0.0001 1 0.058684705962741897 0.0054805396008761305 -0.31598654342305005 -0.021609117236509687 -0.31489043550287482 0 0.37032214773241484 9.643329640731892 OK 15 14 0.47033700000000001 0.38896700000000001 0.14528099999999999 0.32327800000000001 0.20247399999999999 0 0.147059 0.18649300000000002 0.14528099999999999 0.013514 0.013668 0.012945 0.10156199999999996 0.14079899999999995 0.10086100000000001 0.0054460000000000003 0.0054840000000000002 0.005437 0.001384 0.001359 0.0013050000000000002 9.6433294351730776 9.6433294351730776 9.6433294351730776 0.00094547331924031523 0.00094547331924031523 0.00094547331924031523 1 1 1 Converged Converged Converged OK OK OK 122 122 122 122 122 122 6 6 6 0 0 0 0 1 0 0 1
188 188 uniform 4 0 1715 0 0.001 1 0.058684705962741897 0.0054805396008761305 -0.01894679258053019 -0.32488374976217799 -0.020042900500705417 0 0.07547461273024543 4.2106701115263245 OK 13 12 0.392345 0.39190700000000001 0.071538000000000004 0.31973800000000002 0.31919999999999998 0 0.072606999999999977 0.072707000000000022 0.071538000000000004 0.010742 0.010543 0.010366999999999999 0.046055000000000006 0.046460000000000022 0.045692000000000024 0.0021540000000000001 0.0021679999999999998 0.0021280000000000001 0.00055600000000000007 0.00057399999999999997 0.00055299999999999989 4.2106700198738682 4.2106700198738682 4.2106700198738682 0.0014936142975316984 0.0014936142975316984 0.0014936142975316984 1 1 1 Converged Converged Converged OK OK OK 45 45 45 45 45 45 3 3 3 0 0 0 0 0 1 0 0
188 188 uniform 4 7 1715 1 0.001 1 0.058684705962741897 0.0054805396008761305 -0.01894679258053019 -0.32488374976217799 -0.019375704375381365 0 0.074807416604921378 4.1300725024858487 OK 13 12 0.39235399999999998 0.35945100000000002 0.071256 0.31896000000000002 0.19192100000000001 0 0.073393999999999959 0.16753000000000001 0.071256 0.009887 0.0097470000000000005 0.0090989999999999994 0.049398999999999998 0.14370900000000003 0.048704000000000004 0.00215 0.0021970000000000002 0.0021189999999999998 0.00056099999999999998 0.00053800000000000007 0.00054000000000000001 4.1300724388567298 4.1300724388567298 4.1300724388567298 0.001444065809372945 0.001444065809372945 0.001444065809372945 1 1 1 Converged Converged Converged OK OK OK 45 45 45 45 45 45 3 3 3 0 0 0 0 1 0 0 1
188 188 uniform 4 15 1715 2 0.001 1 0.058684705962741897 0.0054805396008761305 -0.01894679258053019 -0.32488374976217799 -0.018613194517868165 0 0.074044906747408185 4.0552843509858363 OK 13 12 0.39571600000000001 0.35283199999999998 0.069702 0.32450400000000001 0.201594 0 0.071211999999999998 0.15123799999999998 0.069702 0.00992 0.010109999999999999 0.0094029999999999999 0.047368999999999994 0.12723400000000001 0.046852000000000012 0.0021800000000000001 0.0021800000000000001 0.002153 0.00053899999999999998 0.00054500000000000002 0.00052499999999999997 4.0552843034989596 4.0552843034989596 4.0552843034989596 0.0013963576713592355 0.0013963576713592355 0.0013963576713592355 1 1 1 Converged Converged Converged OK OK OK 45 45 45 45 45 45 3 3 3 0 0 0 0 1 0 0 1
188 188 uniform 4 23 1715 3 0.001 1 0.058684705962741897 0.0054805396008761305 -0.01894679258053019 -0.32488374976217799 -0.017850684660354964 0 0.073282396889894977 3.9935751072477865 OK 13 12 0.39948400000000001 0.35919000000000001 0.070665000000000006 0.32751400000000003 0.206543 0 0.071969999999999978 0.152647 0.070665000000000006 0.0098270000000000007 0.010097999999999999 0.0093559999999999997 0.048343999999999991 0.12864800000000001 0.047826000000000014 0.0021639999999999997 0.0022170000000000002 0.0020830000000000002 0.00053399999999999997 0.00055200000000000008 0.00052499999999999997 3.9935750684556841 3.9935750684556841 3.9935750684556841 0.0013579603719645688 0.0013579603719645688 0.0013579603719645688 1 1 1 Converged Converged Converged OK OK OK 45 45 45 45 45 45 3 3 3 0 0 0 0 1 0 0 1
188 188 uniform 4 0 1715 0 0.0001 1 0.058684705962741897 0.0054805396008761305 -0.01894679258053019 -0.32488374976217799 -0.020042900500705417 0 0.07547461273024543 4.2106701115263245 OK 13 12 0.43363299999999999 0.43136600000000003 0.110508 0.32191799999999998 0.31995699999999999 0 0.11171500000000001 0.11140900000000004 0.110508 0.010808 0.010701 0.010279999999999999 0.073242000000000015 0.073363999999999999 0.073290000000000022 0.0038349999999999999 0.0039199999999999999 0.0038770000000000002 0.00084099999999999995 0.00084599999999999996 0.00082699999999999994 4.2106700636739411 4.2106700636739411 4.2106700636739411 0.00040565165661915345 0.00040565165661915345 0.00040565165661915345 1 1 1 Converged Converged Converged OK OK OK 77 77 77 77 77 77 3 3 3 0 0 0 0 0 1 0 0
188 188 uniform 4 7 1715 1 0.0001 1 0.058684705962741897 0.0054805396008761305 -0.01894679258053019 -0.32488374976217799 -0.019375704375381365 0 0.074807416604921378 4.1300725024858487 OK 13 12 0.429975 0.47653200000000001 0.104425 0.32052900000000001 0.19195799999999999 0 0.10944599999999999 0.28457399999999999 0.104425 0.0096729999999999993 0.0097540000000000005 0.0091570000000000002 0.075841999999999965 0.25061499999999992 0.072149000000000033 0.003872 0.0040140000000000002 0.0037929999999999999 0.00078799999999999996 0.00077800000000000005 0.00076099999999999996 4.1300724388419976 4.1300724388419976 4.1300724388419976 0.0003634213256522942 0.0003634213256522942 0.0003634213256522942 1 1 1 Converged Converged Converged OK OK OK 77 77 77 77 77 77 3 3 3 0 0 0 0 1 0 0 1
188 188 uniform 4 15 1715 2 0.0001 1 0.058684705962741897 0.0054805396008761305 -0.01894679258053019 -0.32488374976217799 -0.018613194517868165 0 0.074044906747408185 4.0552843509858363 OK 13 12 0.429757 0.47128700000000001 0.10609200000000001 0.32542599999999999 0.198238 0 0.10433100000000001 0.27304899999999999 0.10609200000000001 0.010005999999999999 0.013183 0.012505 0.070520000000000013 0.23528699999999997 0.070466000000000001 0.00382 0.004091 0.003862 0.00075300000000000009 0.000776 0.00079600000000000016 4.0552843034841066 4.0552843034841066 4.0552843034841066 0.00031503268244352403 0.00031503268244352403 0.00031503268244352403 1 1 1 Converged Converged Converged OK OK OK 77 77 77 77 77 77 3 3 3 0 0 0 0 1 0 0 1
188 188 uniform 4 23 1715 3 0.0001 1 0.058684705962741897 0.0054805396008761305 -0.01894679258053019 -0.32488374976217799 -0.017850684660354964 0 0.073282396889894977 3.9935751072477865 OK 13 12 0.43031000000000003 0.47823100000000002 0.104294 0.32444099999999998 0.20497499999999999 0 0.10586900000000005 0.27325600000000005 0.104294 0.010085 0.010071999999999999 0.009476 0.072245000000000018 0.23899399999999998 0.071557999999999983 0.0038260000000000004 0.0039570000000000004 0.0038360000000000004 0.00075700000000000008 0.00076599999999999997 0.00075200000000000006 3.9935750684407125 3.9935750684407125 3.9935750684407125 0.00027595860165580057 0.00027595860165580057 0.00027595860165580057 1 1 1 Converged Converged Converged OK OK OK 77 77 77 77 77 77 3 3 3 0 0 0 0 1 0 0 1
189 189 linear 3 0 1716 0 0.001 1 0.15783369822928683 0.012728988064164807 0.055617798169804118 -0.14233896702411325 0.053072000556971158 0.5 0.083246106672648326 12.240328431221565 OK 15 14 0.57133299999999998 0.56362999999999996 0.19852300000000001 0.36589500000000003 0.363987 0 0.20543799999999995 0.19964299999999996 0.19852300000000001 0.01686 0.016861000000000001 0.016035000000000001 0.14508600000000002 0.14104700000000006 0.14090199999999994 0.0062679999999999993 0.0057920000000000003 0.005705 0.001351 0.001248 0.0013160000000000001 12.240318143151695 12.240318143151695 12.240318143151695 0.007881035936469152 0.007881035936469152 0.007881035936469152 1 1 1 Converged Converged Converged OK OK OK 105 105 105 105 105 105 7 7 7 0 0 0 0 0 1 0 0
189 189 linear 3 7 1716 1 0.001 1 0.15783369822928683 0.012728988064164807 0.055617798169804118 -0.14233896702411325 0.054621616495217309 0.5 0.081696490734402175 12.665889600370932 OK 15 14 0.511911 0.53959699999999999 0.183641 0.323766 0.21009800000000001 0 0.18814500000000001 0.32949899999999999 0.183641 0.01549 0.015561999999999999 0.014789999999999999 0.13996500000000001 0.28137400000000001 0.13648199999999999 0.0056680000000000003 0.005644999999999999 0.0057250000000000001 0.0012110000000000001 0.0012129999999999999 0.0011839999999999999 12.665880750448665 12.665880750448665 12.665880750448665 0.0073010730259161424 0.0073010730259161424 0.0073010730259161424 1 1 1 Converged Converged Converged OK OK OK 105 105 105 105 105 105 7 7 7 0 0 0 0 1 0 0 1
189 189 linear 3 15 1716 2 0.001 1 0.15783369822928683 0.012728988064164807 0.055617798169804118 -0.14233896702411325 0.056392606138927194 0.5 0.079925501090692297 13.244963684995117 OK 15 14 0.50845399999999996 0.58194800000000002 0.190276 0.31279099999999999 0.22432299999999999 0 0.19566299999999998 0.35762500000000003 0.190276 0.015647999999999999 0.015805 0.01486 0.14717899999999992 0.30883500000000008 0.14376100000000003 0.0057159999999999997 0.0056620000000000004 0.0053740000000000003 0.0012850000000000001 0.0011859999999999998 0.0011869999999999999 13.244952537320247 13.244952537320247 13.244952537320247 0.0083281969202637102 0.0083281969202637102 0.0083281969202637102 1 1 1 Converged Converged Converged OK OK OK 105 105 105 105 105 105 7 7 7 0 0 0 0 1 0 0 1
189 189 linear 3 23 1716 3 0.001 1 0.15783369822928683 0.012728988064164807 0.055617798169804118 -0.14233896702411325 0.058163595782637079 0.5 0.078154511446982405 13.972895423518503 OK 15 14 0.50375000000000003 0.56145199999999995 0.21293400000000001 0.28137200000000001 0.19106300000000001 0 0.22237800000000002 0.37038899999999997 0.21293400000000001 0.020014000000000001 0.015384999999999999 0.014529 0.16591199999999998 0.31786900000000001 0.16221399999999994 0.0059720000000000007 0.0062630000000000003 0.0060239999999999998 0.0012220000000000002 0.0012409999999999999 0.0012549999999999998 13.972873610147305 13.972873610147305 13.972873610147305 0.010885641497716139 0.010885641497716139 0.010885641497716139 1 1 1 Converged Converged Converged OK OK OK 113 113 113 113 113 113 7 7 7 0 0 0 0 1 0 0 1
189 189 linear 3 0 1716 0 0.0001 1 0.15783369822928683 0.012728988064164807 0.055617798169804118 -0.14233896702411325 0.053072000556971158 0.5 0.083246106672648326 12.240328431221565 OK 15 14 0.61246999999999996 0.612541 0.242257 0.36347400000000002 0.365562 0 0.24899599999999994 0.246979 0.242257 0.016515999999999999 0.016482 0.015882 0.17886899999999997 0.17717500000000005 0.17350099999999993 0.007503000000000001 0.0075880000000000001 0.0075069999999999998 0.001673 0.0016180000000000001 0.0015650000000000002 12.240320822470073 12.240320822470073 12.240320822470073 0.0010231174464461587 0.0010231174464461587 0.0010231174464461587 1 1 1 Converged Converged Converged OK OK OK 129 129 129 129 129 129 7 7 7 0 0 0 0 0 1 0 0
189 189 linear 3 7 1716 1 0.0001 1 0.15783369822928683 0.012728988064164807 0.055617798169804118 -0.14233896702411325 0.054621616495217309 0.5 0.081696490734402175 12.665889600370932 OK 15 14 0.57364400000000004 0.65920400000000001 0.243503 0.32317499999999999 0.212169 0 0.25046900000000005 0.44703500000000002 0.243503 0.015524 0.015674 0.014644000000000001 0.18770100000000003 0.38325799999999999 0.18186200000000002 0.0080239999999999999 0.0085159999999999993 0.0080870000000000004 0.0017030000000000003 0.0016580000000000002 0.0016860000000000002 12.665881207762547 12.665881207762547 12.665881207762547 0.00095410094884018539 0.00095410094884018539 0.00095410094884018539 1 1 1 Converged Converged Converged OK OK OK 145 145 145 145 145 145 7 7 7 0 0 0 0 1 0 0 1
189 189 linear 3 15 1716 2 0.0001 1 0.15783369822928683 0.012728988064164807 0.055617798169804118 -0.14233896702411325 0.056392606138927194 0.5 0.079925501090692297 13.244963684995117 OK 15 14 0.56860999999999995 0.69958900000000002 0.24685399999999999 0.31134699999999998 0.22764799999999999 0 0.25726299999999996 0.47194100000000005 0.24685399999999999 0.015576 0.015730999999999998 0.014826000000000001 0.19295399999999999 0.41050800000000037 0.18774700000000005 0.0082170000000000003 0.0081349999999999981 0.0077759999999999999 0.001696 0.0016710000000000002 0.001609 13.244954891566346 13.244954891566346 13.244954891566346 0.00040432445278173399 0.00040432445278173399 0.00040432445278173399 1 1 1 Converged Converged Converged OK OK OK 145 145 145 145 145 145 7 7 7 0 0 0 0 1 0 0 1
189 189 linear 3 23 1716 3 0.0001 1 0.15783369822928683 0.012728988064164807 0.055617798169804118 -0.14233896702411325 0.058163595782637079 0.5 0.078154511446982405 13.972895423518503 OK 15 14 0.53914099999999998 0.64800800000000003 0.24979899999999999 0.28515200000000002 0.19064200000000001 0 0.25398899999999996 0.45736600000000005 0.24979899999999999 0.015407000000000001 0.015270000000000001 0.014512000000000001 0.19343099999999994 0.3924979999999999 0.18797000000000003 0.0079169999999999987 0.0082579999999999997 0.007980000000000001 0.00166 0.0017000000000000006 0.0016609999999999999 13.97288520830555 13.97288520830555 13.97288520830555 0.00072365807977817231 0.00072365807977817231 0.00072365807977817231 1 1 1 Converged Converged Converged OK OK OK 145 145 145 145 145 145 7 7 7 0 0 0 0 1 0 0 1
189 189 linear 4 0 1717 0 0.001 1 0.15783369822928683 0.012728988064164807 0.071590842898373058 -0.36174860609724874 0.069045045285540091 0.5 0.067273061944079393 4.8836763809752304 OK 15 14 0.44286399999999998 0.43798500000000001 0.16975199999999999 0.27073799999999998 0.27016299999999999 0 0.172126 0.16782200000000003 0.16975199999999999 0.014586999999999999 0.014402999999999999 0.013917000000000001 0.11742400000000006 0.11442999999999996 0.11708099999999998 0.0057650000000000002 0.0054040000000000008 0.0053030000000000004 0.0012359999999999999 0.0012149999999999999 0.0011969999999999997 4.8836734072962802 4.8836734072962802 4.8836734072962802 0.0033484708503315674 0.0033484708503315674 0.0033484708503315674 1 1 1 Converged Converged Converged OK OK OK 106 106 106 106 106 106 6 6 6 0 0 0 0 0 1 0 0
189 189 linear 4 7 1717 1 0.001 1 0.15783369822928683 0.012728988064164807 0.071590842898373058 -0.36174860609724874 0.070594661223786243 0.5 0.065723446005833241 4.9064615153311939 OK 15 14 0.44156000000000001 0.45149899999999998 0.15998599999999999 0.27751900000000002 0.180564 0 0.16404099999999999 0.27093499999999998 0.15998599999999999 0.013551000000000001 0.013638000000000001 0.012909 0.12069400000000002 0.22721999999999998 0.11790400000000002 0.0053309999999999998 0.0053430000000000005 0.0051000000000000004 0.001307 0.0012959999999999998 0.0013110000000000001 4.9064585237710432 4.9064585237710432 4.9064585237710432 0.0033702369531269059 0.0033702369531269059 0.0033702369531269059 1 1 1 Converged Converged Converged OK OK OK 106 106 106 106 106 106 6 6 6 0 0 0 0 1 0 0 1
189 189 linear 4 15 1717 2 0.001 1 0.15783369822928683 0.012728988064164807 0.071590842898373058 -0.36174860609724874 0.072365650867496134 0.5 0.06395245636212335 4.9332590592137766 OK 15 14 0.40076499999999998 0.44705699999999998 0.16440199999999999 0.23109099999999999 0.171011 0 0.16967399999999999 0.27604600000000001 0.16440199999999999 0.013651999999999999 0.013537 0.012921 0.12567000000000003 0.23237600000000011 0.12235699999999995 0.0054960000000000009 0.0054999999999999997 0.0051830000000000001 0.0013020000000000002 0.0012470000000000001 0.0012149999999999999 4.9332560082215924 4.9332560082215924 4.9332560082215924 0.0033955026567105699 0.0033955026567105699 0.0033955026567105699 1 1 1 Converged Converged Converged OK OK OK 106 106 106 106 106 106 6 6 6 0 0 0 0 1 0 0 1
189 189 linear 4 23 1717 3 0.001 1 0.15783369822928683 0.012728988064164807 0.071590842898373058 -0.36174860609724874 0.074136640511206026 0.5 0.062181466718413458 4.9608993660717005 OK 15 14 0.43065700000000001 0.43601200000000001 0.15956400000000001 0.26250400000000002 0.165213 0 0.168153 0.27079900000000001 0.15956400000000001 0.013537 0.013726 0.012968 0.12440699999999998 0.22723600000000005 0.11763300000000008 0.0053119999999999999 0.005252999999999999 0.0049709999999999997 0.0012109999999999998 0.001206 0.0012160000000000001 4.9608962345768273 4.9608962345768273 4.9608962345768273 0.0034211279703257437 0.0034211279703257437 0.0034211279703257437 1 1 1 Converged Converged Converged OK OK OK 106 106 106 106 106 106 6 6 6 0 0 0 0 1 0 0 1
189 189 linear 4 0 1717 0 0.0001 1 0.15783369822928683 0.012728988064164807 0.071590842898373058 -0.36174860609724874 0.069045045285540091 0.5 0.067273061944079393 4.8836763809752304 OK 15 14 0.48727999999999999 0.48516500000000001 0.212617 0.27022099999999999 0.270926 0 0.217059 0.21423900000000001 0.212617 0.014281 0.014527 0.014078 0.14988999999999997 0.14729100000000001 0.14580599999999999 0.0070399999999999994 0.0069280000000000001 0.0071469999999999997 0.001511 0.0014910000000000001 0.0015280000000000001 4.8836734132160764 4.8836734132160764 4.8836734132160764 0.00033138908452950955 0.00033138908452950955 0.00033138908452950955 1 1 1 Converged Converged Converged OK OK OK 138 138 138 138 138 138 6 6 6 0 0 0 0 0 1 0 0
189 189 linear 4 7 1717 1 0.0001 1 0.15783369822928683 0.012728988064164807 0.071590842898373058 -0.36174860609724874 0.070594661223786243 0.5 0.065723446005833241 4.9064615153311939 OK 15 14 0.48866599999999999 0.54162600000000005 0.20755399999999999 0.273646 0.18132799999999999 0 0.21501999999999999 0.36029800000000006 0.20755399999999999 0.013665999999999999 0.013573999999999999 0.012907 0.15980799999999995 0.30645199999999995 0.15531299999999995 0.0075859999999999999 0.0071389999999999995 0.0069689999999999995 0.0016799999999999999 0.0016100000000000001 0.001588 4.9064585299969075 4.9064585299969075 4.9064585299969075 0.00032839415261192752 0.00032839415261192752 0.00032839415261192752 1 1 1 Converged Converged Converged OK OK OK 138 138 138 138 138 138 6 6 6 0 0 0 0 1 0 0 1
189 189 linear 4 15 1717 2 0.0001 1 0.15783369822928683 0.012728988064164807 0.071590842898373058 -0.36174860609724874 0.072365650867496134 0.5 0.06395245636212335 4.9332590592137766 OK 15 14 0.44621899999999998 0.52452200000000004 0.21062500000000001 0.23284199999999999 0.164662 0 0.21337699999999998 0.35986000000000007 0.21062500000000001 0.013697000000000001 0.013617000000000001 0.012810999999999999 0.15975799999999998 0.30588500000000013 0.1587070000000001 0.0071600000000000006 0.0071610000000000007 0.0070019999999999995 0.0015390000000000002 0.0015320000000000002 0.001474 4.9332560148119597 4.9332560148119597 4.9332560148119597 0.00032498325617542689 0.00032498325617542689 0.00032498325617542689 1 1 1 Converged Converged Converged OK OK OK 138 138 138 138 138 138 6 6 6 0 0 0 0 1 0 0 1
189 189 linear 4 23 1717 3 0.0001 1 0.15783369822928683 0.012728988064164807 0.071590842898373058 -0.36174860609724874 0.074136640511206026 0.5 0.062181466718413458 4.9608993660717005 OK 15 14 0.47431499999999999 0.51918399999999998 0.20155400000000001 0.261154 0.170349 0 0.21316099999999999 0.34883500000000001 0.20155400000000001 0.019848000000000001 0.013615 0.012904000000000001 0.153226 0.2946609999999999 0.14943499999999993 0.0072639999999999996 0.0073950000000000005 0.0069680000000000002 0.0014649999999999999 0.0015089999999999999 0.001438 4.9608962415447522 4.9608962415447522 4.9608962415447522 0.00032157343630614726 0.00032157343630614726 0.00032157343630614726 1 1 1 Converged Converged Converged OK OK OK 138 138 138 138 138 138 6 6 6 0 0 0 0 1 0 0 1
189 189 uniform 3 0 1718 0 0.001 1 0.15783369822928683 0.012728988064164807 0.055617798169804118 -0.14233896702411325 0.053072000556971158 0 0.083246106672648326 12.272802040510708 OK 15 14 0.51907400000000004 0.52269100000000002 0.15158099999999999 0.36555100000000001 0.36954799999999999 0 0.15352300000000002 0.15314300000000003 0.15158099999999999 0.016636000000000001 0.016646999999999999 0.016005999999999999 0.10117700000000002 0.10129199999999995 0.10075700000000001 0.0045909999999999996 0.0046670000000000001 0.0043580000000000008 0.0010739999999999999 0.001127 0.0010449999999999999 12.272800165774379 12.272800165774379 12.272800165774379 0.006129499610217322 0.006129499610217322 0.006129499610217322 1 1 1 Converged Converged Converged OK OK OK 89 89 89 89 89 89 7 7 7 0 0 0 0 0 1 0 0
189 189 uniform 3 7 1718 1 0.001 1 0.15783369822928683 0.012728988064164807 0.055617798169804118 -0.14233896702411325 0.054621616495217309 0 0.081696490734402175 12.707101165896248 OK 15 14 0.457845 0.480688 0.13967599999999999 0.31705499999999998 0.214506 0 0.14079000000000003 0.26618200000000003 0.13967599999999999 0.01533 0.015469 0.014619 0.098420999999999967 0.223362 0.097920999999999994 0.0044889999999999999 0.0044489999999999998 0.0045100000000000001 0.00099400000000000009 0.0010399999999999999 0.001044 12.707100133582463 12.707100133582463 12.707100133582463 0.0057639059819970147 0.0057639059819970147 0.0057639059819970147 1 1 1 Converged Converged Converged OK OK OK 89 89 89 89 89 89 7 7 7 0 0 0 0 1 0 0 1
189 189 uniform 3 15 1718 2 0.001 1 0.15783369822928683 0.012728988064164807 0.055617798169804118 -0.14233896702411325 0.056392606138927194 0 0.079925501090692297 13.301459272523863 OK 15 14 0.456312 0.51479699999999995 0.145035 0.309861 0.22311300000000001 0 0.146451 0.29168399999999994 0.145035 0.015554999999999999 0.015827999999999998 0.014896 0.104139 0.24846499999999996 0.10349699999999999 0.0043439999999999998 0.0046009999999999992 0.0043550000000000004 0.00096999999999999994 0.00099599999999999992 0.00098499999999999998 13.301457189578892 13.301457189578892 13.301457189578892 0.00708928038610835 0.00708928038610835 0.00708928038610835 1 1 1 Converged Converged Converged OK OK OK 89 89 89 89 89 89 7 7 7 0 0 0 0 1 0 0 1
189 189 uniform 3 23 1718 3 0.001 1 0.15783369822928683 0.012728988064164807 0.055617798169804118 -0.14233896702411325 0.058163595782637079 0 0.078154511446982405 14.056031119298167 OK 15 14 0.43274099999999999 0.46504099999999998 0.14416999999999999 0.28663699999999998 0.19114600000000001 0 0.14610400000000001 0.273895 0.14416999999999999 0.015396999999999999 0.015198 0.014531000000000001 0.103672 0.23135600000000001 0.10288600000000002 0.0043930000000000002 0.0045909999999999996 0.0043479999999999994 0.0010270000000000001 0.001042 0.001024 14.056026046737268 14.056026046737268 14.056026046737268 0.010661604060407347 0.010661604060407347 0.010661604060407347 1 1 1 Converged Converged Converged OK OK OK 89 89 89 89 89 89 7 7 7 0 0 0 0 1 0 0 1
189 189 uniform 3 0 1718 0 0.0001 1 0.15783369822928683 0.012728988064164807 0.055617798169804118 -0.14233896702411325 0.053072000556971158 0 0.083246106672648326 12.272802040510708 OK 15 14 0.57386300000000001 0.57497100000000001 0.20860999999999999 0.364205 0.36611500000000002 0 0.20965800000000001 0.20885599999999999 0.20860999999999999 0.016556000000000001 0.016479000000000001 0.015914999999999999 0.14059800000000003 0.14017899999999994 0.14043700000000003 0.0066470000000000001 0.0066350000000000003 0.0067039999999999999 0.001521 0.0014749999999999997 0.0015129999999999998 12.272801730647469 12.272801730647469 12.272801730647469 0.00035136988738989505 0.00035136988738989505 0.00035136988738989505 1 1 1 Converged Converged Converged OK OK OK 129 129 129 129 129 129 7 7 7 0 0 0 0 0 1 0 0
189 189 uniform 3 7 1718 1 0.0001 1 0.15783369822928683 0.012728988064164807 0.055617798169804118 -0.14233896702411325 0.054621616495217309 0 0.081696490734402175 12.707101165896248 OK 15 14 0.50991799999999998 0.57112300000000005 0.18954399999999999 0.31929000000000002 0.210837 0 0.19062799999999996 0.36028600000000005 0.18954399999999999 0.015671999999999998 0.015458 0.014652 0.135301 0.30464599999999997 0.13538700000000001 0.0065370000000000011 0.0068329999999999997 0.0065219999999999992 0.0014630000000000001 0.001511 0.0014969999999999998 12.707100523352004 12.707100523352004 12.707100523352004 0.00089825483667639323 0.00089825483667639323 0.00089825483667639323 1 1 1 Converged Converged Converged OK OK OK 129 129 129 129 129 129 7 7 7 0 0 0 0 1 0 0 1
189 189 uniform 3 15 1718 2 0.0001 1 0.15783369822928683 0.012728988064164807 0.055617798169804118 -0.14233896702411325 0.056392606138927194 0 0.079925501090692297 13.301459272523863 OK 15 14 0.50407100000000005 0.62289700000000003 0.195691 0.30797600000000003 0.22920099999999999 0 0.19609500000000002 0.39369600000000005 0.195691 0.015551000000000001 0.015855000000000001 0.014762000000000001 0.14113700000000007 0.33797099999999969 0.14180800000000005 0.006496 0.0067029999999999998 0.0064789999999999995 0.0014140000000000001 0.0014670000000000002 0.001421 13.301458554331758 13.301458554331758 13.301458554331758 0.00055961527768004298 0.00055961527768004298 0.00055961527768004298 1 1 1 Converged Converged Converged OK OK OK 129 129 129 129 129 129 7 7 7 0 0 0 0 1 0 0 1
189 189 uniform 3 23 1718 3 0.0001 1 0.15783369822928683 0.012728988064164807 0.055617798169804118 -0.14233896702411325 0.058163595782637079 0 0.078154511446982405 14.056031119298167 OK 15 14 0.49909799999999999 0.61464300000000005 0.21181 0.281333 0.19172600000000001 0 0.21776499999999999 0.42291700000000004 0.21181 0.015413 0.015325 0.01453 0.15545400000000004 0.3554380000000002 0.15100099999999991 0.0075139999999999998 0.012880999999999998 0.0074440000000000001 0.001614 0.0016180000000000001 0.001624 14.056029750242526 14.056029750242526 14.056029750242526 0.00072244212831858027 0.00072244212831858027 0.00072244212831858027 1 1 1 Converged Converged Converged OK OK OK 145 145 145 145 145 145 7 7 7 0 0 0 0 1 0 0 1
189 189 uniform 4 0 1719 0 0.001 1 0.15783369822928683 0.012728988064164807 0.071590842898373058 -0.36174860609724874 0.069045045285540091 0 0.067273061944079393 4.8879819175998787 OK 15 14 0.39641599999999999 0.39552100000000001 0.123303 0.27183499999999999 0.27121499999999998 0 0.124581 0.12430600000000003 0.123303 0.014336 0.014397999999999999 0.014030000000000001 0.078217999999999982 0.078112000000000015 0.077953999999999996 0.0038660000000000001 0.0038910000000000008 0.0038729999999999997 0.001021 0.001021 0.0010479999999999999 4.8879818719283232 4.8879818719283232 4.8879818719283232 0.0013462397611840504 0.0013462397611840504 0.0013462397611840504 1 1 1 Converged Converged Converged OK OK OK 90 90 90 90 90 90 6 6 6 0 0 0 0 0 1 0 0
189 189 uniform 4 7 1719 1 0.001 1 0.15783369822928683 0.012728988064164807 0.071590842898373058 -0.36174860609724874 0.070594661223786243 0 0.065723446005833241 4.9110320932643798 OK 15 14 0.40030100000000002 0.38695299999999999 0.120606 0.27899400000000002 0.18390100000000001 0 0.121307 0.20305199999999998 0.120606 0.013466000000000001 0.013407000000000001 0.012932000000000001 0.084019000000000024 0.1653 0.083977999999999969 0.0037669999999999999 0.0039950000000000003 0.0038219999999999999 0.0010269999999999999 0.001049 0.0010219999999999999 4.9110320451254248 4.9110320451254248 4.9110320451254248 0.0013563478963444272 0.0013563478963444272 0.0013563478963444272 1 1 1 Converged Converged Converged OK OK OK 90 90 90 90 90 90 6 6 6 0 0 0 0 1 0 0 1
189 189 uniform 4 15 1719 2 0.001 1 0.15783369822928683 0.012728988064164807 0.071590842898373058 -0.36174860609724874 0.072365650867496134 0 0.06395245636212335 4.9381587395764024 OK 15 14 0.35782399999999998 0.373477 0.12264 0.22935 0.166077 0 0.12847399999999998 0.2074 0.12264 0.013513000000000001 0.013808000000000001 0.012909 0.090553999999999996 0.16908400000000004 0.086275999999999964 0.003921 0.0042050000000000004 0.0037569999999999999 0.001042 0.001065 0.0010280000000000001 4.9381586899812753 4.9381586899812753 4.9381586899812753 0.0013685377774685229 0.0013685377774685229 0.0013685377774685229 1 1 1 Converged Converged Converged OK OK OK 90 90 90 90 90 90 6 6 6 0 0 0 0 1 0 0 1
189 189 uniform 4 23 1719 3 0.001 1 0.15783369822928683 0.012728988064164807 0.071590842898373058 -0.36174860609724874 0.074136640511206026 0 0.062181466718413458 4.9661592692288981 OK 15 14 0.37487199999999998 0.35094399999999998 0.11163099999999999 0.26139499999999999 0.16419500000000001 0 0.11347699999999999 0.18674899999999997 0.11163099999999999 0.013639 0.013565000000000001 0.012881 0.077306 0.15042100000000003 0.076768999999999976 0.0036299999999999995 0.0037409999999999995 0.0035749999999999996 0.00091600000000000004 0.00094499999999999998 0.00089999999999999998 4.9661598127046132 4.9661598127046132 4.9661598127046132 0.0049219034903037369 0.0049219034903037369 0.0049219034903037369 1 1 1 Converged Converged Converged OK OK OK 82 82 82 82 82 82 6 6 6 0 0 0 0 1 0 0 1
189 189 uniform 4 0 1719 0 0.0001 1 0.15783369822928683 0.012728988064164807 0.071590842898373058 -0.36174860609724874 0.069045045285540091 0 0.067273061944079393 4.8879819175998787 OK 15 14 0.438446 0.43727100000000002 0.16839299999999999 0.27330100000000002 0.272457 0 0.16514499999999999 0.16481400000000002 0.16839299999999999 0.014253 0.014295 0.018377000000000001 0.10595299999999998 0.105628 0.10543600000000006 0.005535 0.0056359999999999995 0.005594 0.0013389999999999999 0.0013060000000000001 0.001307 4.8879818717929364 4.8879818717929364 4.8879818717929364 0.00033015783440852608 0.00033015783440852608 0.00033015783440852608 1 1 1 Converged Converged Converged OK OK OK 122 122 122 122 122 122 6 6 6 0 0 0 0 0 1 0 0
189 189 uniform 4 7 1719 1 0.0001 1 0.15783369822928683 0.012728988064164807 0.071590842898373058 -0.36174860609724874 0.070594661223786243 0 0.065723446005833241 4.9110320932643798 OK 15 14 0.43691000000000002 0.48372599999999999 0.158438 0.27929900000000002 0.18355099999999999 0 0.157611 0.30017499999999997 0.158438 0.013476999999999999 0.01353 0.01438 0.11020500000000005 0.25222999999999995 0.11012800000000006 0.0055630000000000002 0.0056670000000000002 0.0054710000000000002 0.001286 0.0013090000000000001 0.0012650000000000001 4.9110320449892741 4.9110320449892741 4.9110320449892741 0.00033830127429616006 0.00033830127429616006 0.00033830127429616006 1 1 1 Converged Converged Converged OK OK OK 122 122 122 122 122 122 6 6 6 0 0 0 0 1 0 0 1
189 189 uniform 4 15 1719 2 0.0001 1 0.15783369822928683 0.012728988064164807 0.071590842898373058 -0.36174860609724874 0.072365650867496134 0 0.06395245636212335 4.9381587395764024 OK 15 14 0.39459899999999998 0.470161 0.16071299999999999 0.232067 0.16998099999999999 0 0.16253199999999998 0.30018 0.16071299999999999 0.013538 0.013695000000000001 0.012815 0.11483899999999998 0.251913 0.11414800000000001 0.0056160000000000003 0.0057629999999999999 0.0055230000000000001 0.0013180000000000002 0.00134 0.001315 4.9381586898442489 4.9381586898442489 4.9381586898442489 0.00034823537205048077 0.00034823537205048077 0.00034823537205048077 1 1 1 Converged Converged Converged OK OK OK 122 122 122 122 122 122 6 6 6 0 0 0 0 1 0 0 1
189 189 uniform 4 23 1719 3 0.0001 1 0.15783369822928683 0.012728988064164807 0.071590842898373058 -0.36174860609724874 0.074136640511206026 0 0.062181466718413458 4.9661592692288981 OK 15 14 0.42182999999999998 0.46151399999999998 0.15468599999999999 0.26214300000000001 0.16736200000000001 0 0.15968699999999997 0.29415199999999997 0.15468599999999999 0.013606 0.013632999999999999 0.01278 0.11214499999999998 0.24570099999999997 0.10852199999999995 0.0054869999999999997 0.005875 0.0054800000000000005 0.001294 0.001302 0.0012780000000000001 4.9661592176654805 4.9661592176654805 4.9661592176654805 0.00035886888353267181 0.00035886888353267181 0.00035886888353267181 1 1 1 Converged Converged Converged OK OK OK 122 122 122 122 122 122 6 6 6 0 0 0 0 1 0 0 1
190 190 linear 3 0 1720 0 0.001 1 0.37488457451577001 0.011123833443385831 0.097063874477039486 0.15294286773975391 0.094839107788362326 0.5 0.17782710831767198 10.680889243269014 OK 15 14 0.43623000000000001 0.42354399999999998 0.14788399999999999 0.284661 0.274532 0 0.15156900000000001 0.14901199999999998 0.14788399999999999 0.015044 0.015284000000000001 0.014736000000000001 0.10159300000000003 0.098904999999999979 0.098437000000000038 0.0048589999999999996 0.0050150000000000004 0.0048719999999999996 0.001059 0.0011179999999999999 0.0010930000000000002 10.680882953081159 10.680882953081159 10.680882953081159 0.0097483188024971475 0.0097483188024971475 0.0097483188024971475 1 1 1 Converged Converged Converged OK OK OK 91 91 91 91 91 91 5 5 5 0 0 0 0 0 1 0 0
190 190 linear 3 7 1720 1 0.001 1 0.37488457451577001 0.011123833443385831 0.097063874477039486 0.15294286773975391 0.096193313598861463 0.5 0.17647290250717285 11.070311742371056 OK 15 14 0.45360600000000001 0.44481399999999999 0.13720099999999999 0.31215999999999999 0.19817899999999999 0 0.14144600000000002 0.24663499999999999 0.13720099999999999 0.014390999999999999 0.014319999999999999 0.013767 0.098767000000000008 0.20370799999999994 0.095409999999999953 0.0048629999999999993 0.0050239999999999998 0.0048370000000000002 0.0010349999999999999 0.0010689999999999999 0.0010840000000000001 11.070305018836274 11.070305018836274 11.070305018836274 0.010542225917118418 0.010542225917118418 0.010542225917118418 1 1 1 Converged Converged Converged OK OK OK 91 91 91 91 91 91 5 5 5 0 0 0 0 1 0 0 1
190 190 linear 3 15 1720 2 0.001 1 0.37488457451577001 0.011123833443385831 0.097063874477039486 0.15294286773975391 0.097740977382289054 0.5 0.17492523872374527 11.599266975897843 OK 15 14 0.46970400000000001 0.50785499999999995 0.17028599999999999 0.293435 0.184085 0 0.17626900000000001 0.32376999999999995 0.17028599999999999 0.014930000000000001 0.014983 0.014283000000000001 0.12611600000000001 0.27303899999999992 0.12169799999999996 0.0060990000000000003 0.0061420000000000008 0.0059059999999999998 0.0012340000000000001 0.0012340000000000001 0.0011900000000000001 11.59925971091497 11.59925971091497 11.59925971091497 0.0038548996796977748 0.0038548996796977748 0.0038548996796977748 1 1 1 Converged Converged Converged OK OK OK 107 107 107 107 107 107 5 5 5 0 0 0 0 1 0 0 1
190 190 linear 3 23 1720 3 0.001 1 0.37488457451577001 0.011123833443385831 0.097063874477039486 0.15294286773975391 0.099288641165716646 0.5 0.17337757494031766 12.260249046263418 OK 15 14 0.478794 0.51926099999999997 0.169295 0.30421599999999999 0.20403199999999999 0 0.17457800000000001 0.31522899999999998 0.169295 0.015193 0.015206000000000001 0.014423 0.12631499999999996 0.26554700000000003 0.12236299999999994 0.0056399999999999992 0.0060400000000000002 0.0055890000000000002 0.001227 0.0012589999999999999 0.001243 12.260241313172676 12.260241313172676 12.260241313172676 0.003863990651286254 0.003863990651286254 0.003863990651286254 1 1 1 Converged Converged Converged OK OK OK 107 107 107 107 107 107 5 5 5 0 0 0 0 1 0 0 1
190 190 linear 3 0 1720 0 0.0001 1 0.37488457451577001 0.011123833443385831 0.097063874477039486 0.15294286773975391 0.094839107788362326 0.5 0.17782710831767198 10.680889243269014 OK 15 14 0.48175499999999999 0.47589300000000001 0.19511800000000001 0.27716400000000002 0.27615099999999998 0 0.20459099999999997 0.19974200000000003 0.19511800000000001 0.015254999999999999 0.015282 0.01468 0.14120300000000002 0.13348400000000002 0.13311600000000004 0.0068280000000000007 0.0068720000000000005 0.0065620000000000001 0.0013270000000000001 0.001366 0.001325 10.680882906578761 10.680882906578761 10.680882906578761 0.00060322670978564996 0.00060322670978564996 0.00060322670978564996 1 1 1 Converged Converged Converged OK OK OK 123 123 123 123 123 123 5 5 5 0 0 0 0 0 1 0 0
190 190 linear 3 7 1720 1 0.0001 1 0.37488457451577001 0.011123833443385831 0.097063874477039486 0.15294286773975391 0.096193313598861463 0.5 0.17647290250717285 11.070311742371056 OK 15 14 0.49823299999999998 0.53408999999999995 0.18490999999999999 0.31085299999999999 0.194878 0 0.18737999999999999 0.33921199999999996 0.18490999999999999 0.01438 0.014326 0.013592 0.13447799999999999 0.28634500000000002 0.13345200000000002 0.0067450000000000001 0.0067299999999999999 0.0066860000000000001 0.001333 0.001299 0.0013010000000000001 11.070304961884823 11.070304961884823 11.070304961884823 0.0006010380467929221 0.0006010380467929221 0.0006010380467929221 1 1 1 Converged Converged Converged OK OK OK 123 123 123 123 123 123 5 5 5 0 0 0 0 1 0 0 1
190 190 linear 3 15 1720 2 0.0001 1 0.37488457451577001 0.011123833443385831 0.097063874477039486 0.15294286773975391 0.097740977382289054 0.5 0.17492523872374527 11.599266975897843 OK 15 14 0.49583300000000002 0.55298099999999994 0.19076799999999999 0.29441200000000001 0.182037 0 0.20142100000000002 0.37094399999999994 0.19076799999999999 0.015027 0.014935 0.014272 0.14799800000000005 0.31742399999999998 0.13906900000000008 0.0067629999999999999 0.0067510000000000001 0.0065389999999999997 0.001323 0.0013519999999999999 0.0013569999999999999 11.599259712104015 11.599259712104015 11.599259712104015 0.00059858750246845034 0.00059858750246845034 0.00059858750246845034 1 1 1 Converged Converged Converged OK OK OK 123 123 123 123 123 123 5 5 5 0 0 0 0 1 0 0 1
190 190 linear 3 23 1720 3 0.0001 1 0.37488457451577001 0.011123833443385831 0.097063874477039486 0.15294286773975391 0.099288641165716646 0.5 0.17337757494031766 12.260249046263418 OK 15 14 0.50489600000000001 0.561303 0.19181100000000001 0.306836 0.19744600000000001 0 0.19806000000000001 0.36385699999999999 0.19181100000000001 0.015233999999999999 0.015233 0.01447 0.14473900000000003 0.30992900000000001 0.13993499999999998 0.0065339999999999999 0.0068170000000000001 0.0064689999999999999 0.0014039999999999999 0.001384 0.001392 12.260241314358957 12.260241314358957 12.260241314358957 0.00059625001688355477 0.00059625001688355477 0.00059625001688355477 1 1 1 Converged Converged Converged OK OK OK 123 123 123 123 123 123 5 5 5 0 0 0 0 1 0 0 1
190 190 linear 4 0 1721 0 0.001 1 0.37488457451577001 0.011123833443385831 -0.33268877087054277 -0.034269973513778036 -0.33491353755921993 0.5 0.6075797536652543 9.192837666187188 OK 15 14 0.48266399999999998 0.47716199999999998 0.15922 0.32109199999999999 0.31808599999999998 0 0.16157199999999999 0.159076 0.15922 0.014468999999999999 0.014630000000000001 0.014088 0.11171500000000001 0.10911300000000002 0.10916999999999998 0.0047069999999999994 0.0048130000000000004 0.0049689999999999995 0.0011060000000000002 0.001129 0.0011330000000000001 9.1928318361216359 9.1928318361216359 9.1928318361216359 0.0084697478073460456 0.0084697478073460456 0.0084697478073460456 1 1 1 Converged Converged Converged OK OK OK 98 98 98 98 98 98 6 6 6 0 0 0 0 0 1 0 0
190 190 linear 4 7 1721 1 0.001 1 0.37488457451577001 0.011123833443385831 -0.33268877087054277 -0.034269973513778036 -0.33355933174872077 0.5 0.60622554785475513 9.0006261336916076 OK 15 14 0.46394999999999997 0.36590099999999998 0.143982 0.31550400000000001 0.187031 0 0.14844599999999997 0.17886999999999997 0.143982 0.013674 0.013622 0.012865 0.106902 0.13758399999999996 0.103695 0.0047489999999999997 0.0047479999999999996 0.0047829999999999999 0.0010609999999999999 0.0010630000000000001 0.001052 9.0006206564624982 9.0006206564624982 9.0006206564624982 0.0068805006242876176 0.0068805006242876176 0.0068805006242876176 1 1 1 Converged Converged Converged OK OK OK 98 98 98 98 98 98 6 6 6 0 0 0 0 1 0 0 1
190 190 linear 4 15 1721 2 0.001 1 0.37488457451577001 0.011123833443385831 -0.33268877087054277 -0.034269973513778036 -0.33201166796529319 0.5 0.6046778840713275 8.7985388362587749 OK 15 14 0.465339 0.36474099999999998 0.14116899999999999 0.320019 0.18570999999999999 0 0.14532 0.179031 0.14116899999999999 0.013637 0.013576 0.012997999999999999 0.10371 0.13725699999999996 0.10092599999999993 0.0047919999999999994 0.0049039999999999995 0.0047690000000000007 0.0011900000000000001 0.0012129999999999999 0.001207 8.7985334711976897 8.7985334711976897 8.7985334711976897 0.005645121109148386 0.005645121109148386 0.005645121109148386 1 1 1 Converged Converged Converged OK OK OK 98 98 98 98 98 98 6 6 6 0 0 0 0 1 0 0 1
190 190 linear 4 23 1721 3 0.001 1 0.37488457451577001 0.011123833443385831 -0.33268877087054277 -0.034269973513778036 -0.33046400418186561 0.5 0.60313022028789987 8.6124839610697439 OK 15 14 0.46269700000000002 0.37069400000000002 0.14288899999999999 0.31521900000000003 0.19491600000000001 0 0.147478 0.17577800000000002 0.14288899999999999 0.01363 0.013688000000000001 0.012857 0.106475 0.134182 0.10302999999999998 0.0047190000000000001 0.004908 0.0045909999999999996 0.001091 0.0011490000000000001 0.001111 8.612478862879108 8.612478862879108 8.612478862879108 0.0048467205026964232 0.0048467205026964232 0.0048467205026964232 1 1 1 Converged Converged Converged OK OK OK 98 98 98 98 98 98 6 6 6 0 0 0 0 1 0 0 1
190 190 linear 4 0 1721 0 0.0001 1 0.37488457451577001 0.011123833443385831 -0.33268877087054277 -0.034269973513778036 -0.33491353755921993 0.5 0.6075797536652543 9.192837666187188 OK 15 14 0.53948300000000005 0.53531300000000004 0.215116 0.31896000000000002 0.31855099999999997 0 0.22052300000000002 0.21676200000000007 0.215116 0.014425 0.014676 0.013875 0.15375700000000009 0.15004300000000001 0.14957000000000001 0.006986 0.0069230000000000003 0.0068579999999999995 0.0015820000000000001 0.0015669999999999998 0.0015609999999999999 9.192832056597112 9.192832056597112 9.192832056597112 0.00020516083581942286 0.00020516083581942286 0.00020516083581942286 1 1 1 Converged Converged Converged OK OK OK 138 138 138 138 138 138 6 6 6 0 0 0 0 0 1 0 0
190 190 linear 4 7 1721 1 0.0001 1 0.37488457451577001 0.011123833443385831 -0.33268877087054277 -0.034269973513778036 -0.33355933174872077 0.5 0.60622554785475513 9.0006261336916076 OK 15 14 0.51520100000000002 0.43933699999999998 0.19350300000000001 0.31627100000000002 0.19339799999999999 0 0.19893 0.24593899999999999 0.19350300000000001 0.013636000000000001 0.013649 0.012857 0.14575999999999995 0.19237100000000007 0.14169900000000002 0.0068370000000000002 0.0070359999999999997 0.0069469999999999992 0.0014910000000000001 0.0014830000000000002 0.0014470000000000002 9.0006207714999711 9.0006207714999711 9.0006207714999711 0.00020999123300696022 0.00020999123300696022 0.00020999123300696022 1 1 1 Converged Converged Converged OK OK OK 138 138 138 138 138 138 6 6 6 0 0 0 0 1 0 0 1
190 190 linear 4 15 1721 2 0.0001 1 0.37488457451577001 0.011123833443385831 -0.33268877087054277 -0.034269973513778036 -0.33201166796529319 0.5 0.6046778840713275 8.7985388362587749 OK 15 14 0.51486200000000004 0.42959799999999998 0.19187299999999999 0.31474800000000003 0.18867 0 0.20011400000000001 0.24092799999999998 0.19187299999999999 0.013542 0.013703 0.012822999999999999 0.14725999999999997 0.18742799999999993 0.14016500000000001 0.0069710000000000006 0.0072060000000000006 0.0070390000000000001 0.0016329999999999999 0.0016080000000000001 0.0015990000000000002 8.7985335186254101 8.7985335186254101 8.7985335186254101 0.00020947878937860312 0.00020947878937860312 0.00020947878937860312 1 1 1 Converged Converged Converged OK OK OK 138 138 138 138 138 138 6 6 6 0 0 0 0 1 0 0 1
190 190 linear 4 23 1721 3 0.0001 1 0.37488457451577001 0.011123833443385831 -0.33268877087054277 -0.034269973513778036 -0.33046400418186561 0.5 0.60313022028789987 8.6124839610697439 OK 15 14 0.51878199999999997 0.43019299999999999 0.19392499999999999 0.31972600000000001 0.18710499999999999 0 0.19905599999999996 0.243088 0.19392499999999999 0.013724 0.013746 0.012907999999999999 0.14614300000000008 0.18912999999999999 0.14250599999999997 0.0067729999999999995 0.0072779999999999997 0.0067330000000000011 0.0015089999999999999 0.001572 0.0015569999999999998 8.6124788796523983 8.6124788796523983 8.6124788796523983 0.00019791508204004889 0.00019791508204004889 0.00019791508204004889 1 1 1 Converged Converged Converged OK OK OK 138 138 138 138 138 138 6 6 6 0 0 0 0 1 0 0 1
190 190 uniform 3 0 1722 0 0.001 1 0.37488457451577001 0.011123833443385831 0.097063874477039486 0.15294286773975391 0.094839107788362326 0 0.17782710831767198 10.707860343902052 OK 15 14 0.38628899999999999 0.387521 0.10874200000000001 0.27659800000000001 0.27740199999999998 0 0.10969099999999998 0.11011900000000002 0.10874200000000001 0.014914999999999999 0.015167 0.014486000000000001 0.066951999999999998 0.067009999999999986 0.066810000000000008 0.0035990000000000006 0.0035559999999999997 0.0035100000000000001 0.00092200000000000008 0.00093300000000000002 0.00089000000000000006 10.707860269888974 10.707860269888974 10.707860269888974 0.0059168796841827277 0.0059168796841827277 0.0059168796841827277 1 1 1 Converged Converged Converged OK OK OK 75 75 75 75 75 75 5 5 5 0 0 0 0 0 1 0 0
190 190 uniform 3 7 1722 1 0.001 1 0.37488457451577001 0.011123833443385831 0.097063874477039486 0.15294286773975391 0.096193313598861463 0 0.17647290250717285 11.104524667285204 OK 15 14 0.41533700000000001 0.38494400000000001 0.10072399999999999 0.30885699999999999 0.19654099999999999 0 0.10648000000000002 0.18840300000000001 0.10072399999999999 0.014374 0.014529 0.013707 0.069075000000000011 0.15093899999999993 0.064579999999999971 0.0037090000000000001 0.0037189999999999996 0.003679 0.00089599999999999988 0.00091699999999999995 0.00086800000000000006 11.104524572292064 11.104524572292064 11.104524572292064 0.0066003438868498746 0.0066003438868498746 0.0066003438868498746 1 1 1 Converged Converged Converged OK OK OK 75 75 75 75 75 75 5 5 5 0 0 0 0 1 0 0 1
190 190 uniform 3 15 1722 2 0.001 1 0.37488457451577001 0.011123833443385831 0.097063874477039486 0.15294286773975391 0.097740977382289054 0 0.17492523872374527 11.646043585731764 OK 15 14 0.40895999999999999 0.391623 0.111455 0.295622 0.18266499999999999 0 0.11333799999999999 0.208958 0.111455 0.015082999999999999 0.015027 0.014149999999999999 0.075402000000000011 0.17077699999999998 0.074889000000000011 0.0036859999999999996 0.003833 0.0036470000000000001 0.00091599999999999993 0.00090000000000000008 0.00087100000000000003 11.646043448636453 11.646043448636453 11.646043448636453 0.0076682900321071341 0.0076682900321071341 0.0076682900321071341 1 1 1 Converged Converged Converged OK OK OK 75 75 75 75 75 75 5 5 5 0 0 0 0 1 0 0 1
190 190 uniform 3 23 1722 3 0.001 1 0.37488457451577001 0.011123833443385831 0.097063874477039486 0.15294286773975391 0.099288641165716646 0 0.17337757494031766 12.328539650514639 OK 15 14 0.42058000000000001 0.39235799999999998 0.110538 0.30808999999999997 0.199907 0 0.11249000000000003 0.19245099999999998 0.110538 0.015254999999999999 0.015162 0.014432 0.074277999999999969 0.15447799999999995 0.073799000000000003 0.0036149999999999997 0.0037580000000000001 0.0035609999999999995 0.00090499999999999988 0.00091799999999999998 0.00085700000000000001 12.32853928864863 12.32853928864863 12.32853928864863 0.009283983268034297 0.009283983268034297 0.009283983268034297 1 1 1 Converged Converged Converged OK OK OK 75 75 75 75 75 75 5 5 5 0 0 0 0 1 0 0 1
190 190 uniform 3 0 1722 0 0.0001 1 0.37488457451577001 0.011123833443385831 0.097063874477039486 0.15294286773975391 0.094839107788362326 0 0.17782710831767198 10.707860343902052 OK 15 14 0.42944900000000003 0.43051400000000001 0.14960100000000001 0.278667 0.28001900000000002 0 0.15078200000000003 0.15049499999999999 0.14960100000000001 0.015171 0.015185000000000001 0.014744 0.094750000000000001 0.094831999999999958 0.094594000000000053 0.0053379999999999999 0.0052989999999999999 0.0052430000000000003 0.0011659999999999999 0.0011739999999999999 0.0011709999999999999 10.707860272324105 10.707860272324105 10.707860272324105 0.00079135063284211109 0.00079135063284211109 0.00079135063284211109 1 1 1 Converged Converged Converged OK OK OK 107 107 107 107 107 107 5 5 5 0 0 0 0 0 1 0 0
190 190 uniform 3 7 1722 1 0.0001 1 0.37488457451577001 0.011123833443385831 0.097063874477039486 0.15294286773975391 0.096193313598861463 0 0.17647290250717285 11.104524667285204 OK 15 14 0.45019799999999999 0.46629399999999999 0.13760800000000001 0.30759399999999998 0.19726399999999999 0 0.14260400000000001 0.26902999999999999 0.13760800000000001 0.014429000000000001 0.014368000000000001 0.013672 0.095296000000000006 0.22089000000000009 0.091611999999999971 0.0054039999999999991 0.005876000000000001 0.0053230000000000005 0.001173 0.001212 0.0011460000000000001 11.104524575826282 11.104524575826282 11.104524575826282 0.00079283700391086741 0.00079283700391086741 0.00079283700391086741 1 1 1 Converged Converged Converged OK OK OK 107 107 107 107 107 107 5 5 5 0 0 0 0 1 0 0 1
190 190 uniform 3 15 1722 2 0.0001 1 0.37488457451577001 0.011123833443385831 0.097063874477039486 0.15294286773975391 0.097740977382289054 0 0.17492523872374527 11.646043585731764 OK 15 14 0.44141599999999998 0.48618600000000001 0.14673600000000001 0.29225499999999999 0.19145000000000001 0 0.14916099999999999 0.294736 0.14673600000000001 0.014987 0.015223 0.014264000000000001 0.10121099999999998 0.24591399999999999 0.10028700000000002 0.0054279999999999997 0.0056470000000000001 0.0052710000000000005 0.001175 0.001175 0.0011200000000000001 11.646043453944639 11.646043453944639 11.646043453944639 0.0007945515363190224 0.0007945515363190224 0.0007945515363190224 1 1 1 Converged Converged Converged OK OK OK 107 107 107 107 107 107 5 5 5 0 0 0 0 1 0 0 1
190 190 uniform 3 23 1722 3 0.0001 1 0.37488457451577001 0.011123833443385831 0.097063874477039486 0.15294286773975391 0.099288641165716646 0 0.17337757494031766 12.328539650514639 OK 15 14 0.45478499999999999 0.49210900000000002 0.14755199999999999 0.305919 0.19651199999999999 0 0.148866 0.295597 0.14755199999999999 0.015037999999999999 0.015263000000000001 0.014486000000000001 0.10119700000000005 0.24734600000000009 0.10096400000000001 0.005365 0.0054840000000000002 0.0052249999999999996 0.001145 0.0011720000000000001 0.0011169999999999999 12.328539296639129 12.328539296639129 12.328539296639129 0.0007962849923467708 0.0007962849923467708 0.0007962849923467708 1 1 1 Converged Converged Converged OK OK OK 107 107 107 107 107 107 5 5 5 0 0 0 0 1 0 0 1
190 190 uniform 4 0 1723 0 0.001 1 0.37488457451577001 0.011123833443385831 -0.33268877087054277 -0.034269973513778036 -0.33491353755921993 0 0.6075797536652543 9.2165020398641726 OK 15 14 0.43390499999999999 0.43599900000000003 0.118048 0.31509300000000001 0.317382 0 0.11881199999999997 0.11861700000000003 0.118048 0.014385999999999999 0.014637000000000001 0.014031999999999999 0.075419999999999987 0.07521700000000002 0.075395000000000018 0.0035649999999999996 0.0036029999999999994 0.003503 0.00091299999999999997 0.00091499999999999991 0.00090600000000000001 9.216501725288758 9.216501725288758 9.216501725288758 0.0052410955903875933 0.0052410955903875933 0.0052410955903875933 1 1 1 Converged Converged Converged OK OK OK 82 82 82 82 82 82 6 6 6 0 0 0 0 0 1 0 0
190 190 uniform 4 7 1723 1 0.001 1 0.37488457451577001 0.011123833443385831 -0.33268877087054277 -0.034269973513778036 -0.33355933174872077 0 0.60622554785475513 9.0211779669275156 OK 15 14 0.42468099999999998 0.322884 0.10623 0.31627 0.18589700000000001 0 0.10841099999999998 0.136987 0.10623 0.013514999999999999 0.013701 0.012959 0.072228999999999988 0.10092000000000001 0.071343000000000004 0.0036770000000000006 0.003591 0.0036089999999999998 0.00088999999999999995 0.00088100000000000006 0.00086300000000000005 9.0211777892430547 9.0211777892430547 9.0211777892430547 0.00403877277774955 0.00403877277774955 0.00403877277774955 1 1 1 Converged Converged Converged OK OK OK 82 82 82 82 82 82 6 6 6 0 0 0 0 1 0 0 1
190 190 uniform 4 15 1723 2 0.001 1 0.37488457451577001 0.011123833443385831 -0.33268877087054277 -0.034269973513778036 -0.33201166796529319 0 0.6046778840713275 8.8162159727505429 OK 15 14 0.42054200000000003 0.31435999999999997 0.10174 0.317498 0.18601400000000001 0 0.10304400000000002 0.12834599999999996 0.10174 0.013401 0.013667 0.012876 0.067346000000000003 0.092458999999999958 0.066901999999999989 0.0035300000000000002 0.003673 0.0035699999999999994 0.00099500000000000001 0.00099400000000000009 0.0010120000000000001 8.8162158885222084 8.8162158885222084 8.8162158885222084 0.0031848240101677132 0.0031848240101677132 0.0031848240101677132 1 1 1 Converged Converged Converged OK OK OK 82 82 82 82 82 82 6 6 6 0 0 0 0 1 0 0 1
190 190 uniform 4 23 1723 3 0.001 1 0.37488457451577001 0.011123833443385831 -0.33268877087054277 -0.034269973513778036 -0.33046400418186561 0 0.60313022028789987 8.6278351159418829 OK 15 14 0.42170600000000003 0.32291700000000001 0.10596700000000001 0.31395299999999998 0.185751 0 0.10775300000000004 0.13716600000000001 0.10596700000000001 0.013544 0.017942 0.012814000000000001 0.071894999999999987 0.09705799999999995 0.07147000000000002 0.0036810000000000002 0.0036539999999999997 0.003539 0.00095199999999999994 0.00093300000000000002 0.00091699999999999995 8.6278351487253673 8.6278351487253673 8.6278351487253673 0.0027340561266966743 0.0027340561266966743 0.0027340561266966743 1 1 1 Converged Converged Converged OK OK OK 82 82 82 82 82 82 6 6 6 0 0 0 0 1 0 0 1
190 190 uniform 4 0 1723 0 0.0001 1 0.37488457451577001 0.011123833443385831 -0.33268877087054277 -0.034269973513778036 -0.33491353755921993 0 0.6075797536652543 9.2165020398641726 OK 15 14 0.46815899999999999 0.465534 0.15159800000000001 0.31650499999999998 0.31680000000000003 0 0.15165400000000001 0.14873399999999998 0.15159800000000001 0.014347 0.014472 0.013887 0.096605999999999997 0.096542000000000003 0.10013200000000001 0.0047689999999999998 0.0047579999999999992 0.0046860000000000001 0.0011800000000000001 0.0012180000000000001 0.0012209999999999999 9.2165019545681393 9.2165019545681393 9.2165019545681393 0.00081151812370006593 0.00081151812370006593 0.00081151812370006593 1 1 1 Converged Converged Converged OK OK OK 106 106 106 106 106 106 6 6 6 0 0 0 0 0 1 0 0
190 190 uniform 4 7 1723 1 0.0001 1 0.37488457451577001 0.011123833443385831 -0.33268877087054277 -0.034269973513778036 -0.33355933174872077 0 0.60622554785475513 9.0211779669275156 OK 15 14 0.44809100000000002 0.35947600000000002 0.13198599999999999 0.314355 0.19023300000000001 0 0.13373600000000002 0.169243 0.13198599999999999 0.013521999999999999 0.013644 0.012906000000000001 0.091251999999999972 0.12551199999999998 0.090576999999999977 0.0048240000000000002 0.0056080000000000001 0.004725 0.001165 0.0011720000000000001 0.0011130000000000001 9.0211779004511659 9.0211779004511659 9.0211779004511659 0.00080354285755118249 0.00080354285755118249 0.00080354285755118249 1 1 1 Converged Converged Converged OK OK OK 106 106 106 106 106 106 6 6 6 0 0 0 0 1 0 0 1
190 190 uniform 4 15 1723 2 0.0001 1 0.37488457451577001 0.011123833443385831 -0.33268877087054277 -0.034269973513778036 -0.33201166796529319 0 0.6046778840713275 8.8162159727505429 OK 15 14 0.44436199999999998 0.34964299999999998 0.12931000000000001 0.313689 0.18653 0 0.13067299999999998 0.16311299999999998 0.12931000000000001 0.013528999999999999 0.013719 0.012803 0.088375999999999996 0.11951899999999997 0.088048000000000057 0.0047019999999999996 0.0052310000000000004 0.0046490000000000004 0.001291 0.0012799999999999999 0.0012470000000000001 8.8162159298107614 8.8162159298107614 8.8162159298107614 0.00086927460127159204 0.00086927460127159204 0.00086927460127159204 1 1 1 Converged Converged Converged OK OK OK 106 106 106 106 106 106 6 6 6 0 0 0 0 1 0 0 1
190 190 uniform 4 23 1723 3 0.0001 1 0.37488457451577001 0.011123833443385831 -0.33268877087054277 -0.034269973513778036 -0.33046400418186561 0 0.60313022028789987 8.6278351159418829 OK 15 14 0.47504200000000002 0.385071 0.154892 0.31863200000000003 0.18646599999999999 0 0.15640999999999999 0.198605 0.154892 0.013384999999999999 0.013736 0.012821000000000001 0.10598599999999998 0.14694199999999993 0.10522200000000002 0.0055450000000000004 0.0060439999999999999 0.0055779999999999996 0.001366 0.0014610000000000001 0.0013309999999999999 8.6278351598620571 8.6278351598620571 8.6278351598620571 0.0004099898872635334 0.0004099898872635334 0.0004099898872635334 1 1 1 Converged Converged Converged OK OK OK 122 122 122 122 122 122 6 6 6 0 0 0 0 1 0 0 1
191 191 linear 3 0 1724 0 0.001 1 0.00010928458643783677 0.015849893719134034 0.018705042071677308 0.026778733460776888 0.015535063327850502 0.5 -0.015425790683228441 33.52865619434467 OK 13 12 0.54410499999999995 0.54199900000000001 0.104381 0.43492599999999998 0.43504100000000001 0 0.10917899999999997 0.106958 0.104381 0.010245000000000001 0.010246999999999999 0.0097090000000000006 0.079300999999999996 0.077770999999999993 0.07623400000000001 0.0029040000000000003 0.0027320000000000001 0.0025500000000000002 0.00082899999999999998 0.00074700000000000005 0.00071200000000000007 33.528632517187084 33.528632517187084 33.528632517187084 0.031557154697122301 0.031557154697122301 0.031557154697122301 1 1 1 Converged Converged Converged OK OK OK 59 59 59 59 59 59 5 5 5 0 0 0 0 0 1 0 0
191 191 linear 3 7 1724 1 0.001 1 0.00010928458643783677 0.015849893719134034 0.018705042071677308 0.026778733460776888 0.017464615606701601 0.5 -0.01735534296207954 32.403174603630958 OK 13 12 0.44469900000000001 0.27251399999999998 0.077737000000000001 0.36657699999999999 0.14669599999999999 0 0.078122000000000025 0.12581799999999999 0.077737000000000001 0.0093419999999999996 0.0092840000000000006 0.0087530000000000004 0.054935999999999992 0.103348 0.056131000000000007 0.0024970000000000001 0.00232 0.0023040000000000001 0.00071300000000000009 0.00066700000000000006 0.000696 32.403133247676244 32.403133247676244 32.403133247676244 0.029250624711933317 0.029250624711933317 0.029250624711933317 1 1 1 Converged Converged Converged OK OK OK 52 52 52 52 52 52 4 4 4 0 0 0 0 1 0 0 1
191 191 linear 3 15 1724 2 0.001 1 0.00010928458643783677 0.015849893719134034 0.018705042071677308 0.026778733460776888 0.01966981821110286 0.5 -0.019560545566480798 31.11027693392225 OK 13 12 0.42724299999999998 0.27230700000000002 0.077374999999999999 0.34645199999999998 0.15950600000000001 0 0.080791000000000002 0.11280100000000001 0.077374999999999999 0.0091909999999999995 0.0093290000000000005 0.0086070000000000001 0.058187000000000003 0.090115999999999988 0.05608599999999999 0.0024169999999999999 0.0025040000000000001 0.0022730000000000003 0.00063100000000000005 0.00064899999999999995 0.00062 31.110233390380991 31.110233390380991 31.110233390380991 0.027409452338895156 0.027409452338895156 0.027409452338895156 1 1 1 Converged Converged Converged OK OK OK 52 52 52 52 52 52 4 4 4 0 0 0 0 1 0 0 1
191 191 linear 3 23 1724 3 0.001 1 0.00010928458643783677 0.015849893719134034 0.018705042071677308 0.026778733460776888 0.021875020815504114 0.5 -0.021765748170882053 29.833203835097155 OK 13 12 0.39615099999999998 0.25709399999999999 0.076565999999999995 0.31553999999999999 0.14280899999999999 0 0.080610999999999988 0.114285 0.076565999999999995 0.0089849999999999999 0.0090100000000000006 0.0083129999999999992 0.057947999999999986 0.092007000000000033 0.055789000000000005 0.002503 0.0024499999999999999 0.002251 0.00064400000000000004 0.00061499999999999999 0.00057600000000000001 29.833157687040458 29.833157687040458 29.833157687040458 0.025686976303008736 0.025686976303008736 0.025686976303008736 1 1 1 Converged Converged Converged OK OK OK 52 52 52 52 52 52 4 4 4 0 0 0 0 1 0 0 1
191 191 linear 3 0 1724 0 0.0001 1 0.00010928458643783677 0.015849893719134034 0.018705042071677308 0.026778733460776888 0.015535063327850502 0.5 -0.015425790683228441 33.52865619434467 OK 13 12 0.56547999999999998 0.55893400000000004 0.123058 0.43839400000000001 0.43328899999999998 0 0.12708599999999998 0.12564500000000006 0.123058 0.010015 0.010274999999999999 0.0096570000000000007 0.092082000000000025 0.090202999999999978 0.089110999999999982 0.0034899999999999996 0.0038289999999999999 0.0034930000000000004 0.00090899999999999998 0.00089299999999999991 0.00084800000000000001 33.528628411645087 33.528628411645087 33.528628411645087 0.0028748019473229889 0.0028748019473229889 0.0028748019473229889 1 1 1 Converged Converged Converged OK OK OK 75 75 75 75 75 75 5 5 5 0 0 0 0 0 1 0 0
191 191 linear 3 7 1724 1 0.0001 1 0.00010928458643783677 0.015849893719134034 0.018705042071677308 0.026778733460776888 0.017464615606701601 0.5 -0.01735534296207954 32.403174603630958 OK 13 12 0.46701900000000002 0.31425599999999998 0.094811000000000006 0.368643 0.15323600000000001 0 0.098376000000000019 0.16101999999999997 0.094811000000000006 0.0092270000000000008 0.0092709999999999997 0.0087299999999999999 0.070758000000000015 0.13280999999999998 0.068356999999999987 0.0032580000000000005 0.0034979999999999998 0.0031330000000000004 0.00076199999999999998 0.00083999999999999993 0.00081000000000000006 32.40314791389946 32.40314791389946 32.40314791389946 0.0021706919486593292 0.0021706919486593292 0.0021706919486593292 1 1 1 Converged Converged Converged OK OK OK 68 68 68 68 68 68 4 4 4 0 0 0 0 1 0 0 1
191 191 linear 3 15 1724 2 0.0001 1 0.00010928458643783677 0.015849893719134034 0.018705042071677308 0.026778733460776888 0.01966981821110286 0.5 -0.019560545566480798 31.11027693392225 OK 13 12 0.44620799999999999 0.31584400000000001 0.096547999999999995 0.34596399999999999 0.16652900000000001 0 0.100244 0.149315 0.096547999999999995 0.0091809999999999999 0.0092280000000000001 0.0086289999999999995 0.073038000000000006 0.12146399999999993 0.070325999999999986 0.0031809999999999998 0.003614 0.0031879999999999999 0.00078200000000000003 0.00080100000000000006 0.0007490000000000001 31.110252604648107 31.110252604648107 31.110252604648107 0.0018811502850751025 0.0018811502850751025 0.0018811502850751025 1 1 1 Converged Converged Converged OK OK OK 68 68 68 68 68 68 4 4 4 0 0 0 0 1 0 0 1
191 191 linear 3 23 1724 3 0.0001 1 0.00010928458643783677 0.015849893719134034 0.018705042071677308 0.026778733460776888 0.021875020815504114 0.5 -0.021765748170882053 29.833203835097155 OK 13 12 0.42135600000000001 0.29931600000000003 0.096632999999999997 0.31667299999999998 0.14683099999999999 0 0.10468300000000003 0.15248500000000004 0.096632999999999997 0.0087950000000000007 0.0089980000000000008 0.0083339999999999994 0.077709 0.12479899999999997 0.07117900000000002 0.0032660000000000002 0.0036150000000000002 0.0030409999999999999 0.000727 0.0007670000000000001 0.00066300000000000007 29.833181036345348 29.833181036345348 29.833181036345348 0.0017928691818947554 0.0017928691818947554 0.0017928691818947554 1 1 1 Converged Converged Converged OK OK OK 68 68 68 68 68 68 4 4 4 0 0 0 0 1 0 0 1
191 191 linear 4 0 1725 0 0.001 1 0.00010928458643783677 0.015849893719134034 0.020718373904913642 -0.031347276653899823 0.017548395161086836 0.5 -0.017439122516464775 28.609493593098804 OK 13 12 0.5121 0.512208 0.095100000000000004 0.41400599999999999 0.41673300000000002 0 0.098094000000000015 0.095474999999999977 0.095100000000000004 0.010526000000000001 0.010357 0.010048 0.069819999999999965 0.06796099999999998 0.067483000000000001 0.002503 0.0024499999999999999 0.002598 0.00078499999999999989 0.00073299999999999993 0.00084199999999999998 28.609482894489663 28.609482894489663 28.609482894489663 0.024660112938580784 0.024660112938580784 0.024660112938580784 1 1 1 Converged Converged Converged OK OK OK 59 59 59 59 59 59 5 5 5 0 0 0 0 0 1 0 0
191 191 linear 4 7 1725 1 0.001 1 0.00010928458643783677 0.015849893719134034 0.020718373904913642 -0.031347276653899823 0.019477947439937936 0.5 -0.019368674795315875 27.817647850825633 OK 13 12 0.48960300000000001 0.27061099999999999 0.076685000000000003 0.40999000000000002 0.157336 0 0.079612999999999989 0.11327499999999999 0.076685000000000003 0.0090170000000000007 0.0089709999999999998 0.0084329999999999995 0.057449000000000028 0.091076000000000004 0.055499 0.0022539999999999999 0.0022520000000000005 0.0022040000000000002 0.00056099999999999998 0.00059699999999999998 0.00060499999999999996 27.817631989147792 27.817631989147792 27.817631989147792 0.025851167431511449 0.025851167431511449 0.025851167431511449 1 1 1 Converged Converged Converged OK OK OK 52 52 52 52 52 52 4 4 4 0 0 0 0 1 0 0 1
191 191 linear 4 15 1725 2 0.001 1 0.00010928458643783677 0.015849893719134034 0.020718373904913642 -0.031347276653899823 0.021683150044339194 0.5 -0.021573877399717133 26.90046354806374 OK 13 12 0.45869399999999999 0.269839 0.073647000000000004 0.38239499999999998 0.151917 0 0.076299000000000006 0.117922 0.073647000000000004 0.0089300000000000004 0.0089049999999999997 0.0083700000000000007 0.05441 0.096212000000000047 0.052651000000000003 0.0022190000000000001 0.0022529999999999998 0.002323 0.00055800000000000001 0.000562 0.00055000000000000003 26.90044913693135 26.90044913693135 26.90044913693135 0.025808114606567581 0.025808114606567581 0.025808114606567581 1 1 1 Converged Converged Converged OK OK OK 52 52 52 52 52 52 4 4 4 0 0 0 0 1 0 0 1
191 191 linear 4 23 1725 3 0.001 1 0.00010928458643783677 0.015849893719134034 0.020718373904913642 -0.031347276653899823 0.023888352648740448 0.5 -0.023779080004118387 25.983874408691594 OK 13 12 0.43551800000000002 0.27441900000000002 0.072679999999999995 0.359927 0.157834 0 0.075591000000000019 0.11658500000000002 0.072679999999999995 0.0085620000000000002 0.0086149999999999994 0.0080040000000000007 0.054249999999999993 0.093972000000000042 0.052471999999999991 0.002114 0.0027099999999999997 0.0021439999999999996 0.00055200000000000008 0.00063899999999999992 0.00054199999999999995 25.98386016099807 25.98386016099807 25.98386016099807 0.025635956818954218 0.025635956818954218 0.025635956818954218 1 1 1 Converged Converged Converged OK OK OK 52 52 52 52 52 52 4 4 4 0 0 0 0 1 0 0 1
191 191 linear 4 0 1725 0 0.0001 1 0.00010928458643783677 0.015849893719134034 0.020718373904913642 -0.031347276653899823 0.017548395161086836 0.5 -0.017439122516464775 28.609493593098804 OK 13 12 0.53487399999999996 0.52898100000000003 0.11812300000000001 0.41417100000000001 0.40992000000000001 0 0.12070299999999995 0.11906100000000003 0.11812300000000001 0.010052 0.010246999999999999 0.0099410000000000002 0.087641999999999984 0.085757000000000042 0.085151000000000004 0.0033559999999999996 0.0034009999999999995 0.0034089999999999997 0.00091 0.00095299999999999996 0.00096900000000000003 28.609477134048682 28.609477134048682 28.609477134048682 0.00034186197673021927 0.00034186197673021927 0.00034186197673021927 1 1 1 Converged Converged Converged OK OK OK 75 75 75 75 75 75 5 5 5 0 0 0 0 0 1 0 0
191 191 linear 4 7 1725 1 0.0001 1 0.00010928458643783677 0.015849893719134034 0.020718373904913642 -0.031347276653899823 0.019477947439937936 0.5 -0.019368674795315875 27.817647850825633 OK 13 12 0.51544500000000004 0.304956 0.096866999999999995 0.41380400000000001 0.156085 0 0.10164100000000004 0.148871 0.096866999999999995 0.0090369999999999999 0.0089910000000000007 0.0085050000000000004 0.073610000000000037 0.12204599999999996 0.071013000000000007 0.0032910000000000001 0.0030889999999999997 0.0030079999999999998 0.00077000000000000007 0.00074799999999999997 0.00071400000000000001 27.817626382505569 27.817626382505569 27.817626382505569 0.0012299955056612874 0.0012299955056612874 0.0012299955056612874 1 1 1 Converged Converged Converged OK OK OK 68 68 68 68 68 68 4 4 4 0 0 0 0 1 0 0 1
191 191 linear 4 15 1725 2 0.0001 1 0.00010928458643783677 0.015849893719134034 0.020718373904913642 -0.031347276653899823 0.021683150044339194 0.5 -0.021573877399717133 26.90046354806374 OK 13 12 0.47719200000000001 0.30420999999999998 0.098380999999999996 0.37896000000000002 0.15214900000000001 0 0.098231999999999986 0.15206099999999997 0.098380999999999996 0.0088909999999999996 0.0089720000000000008 0.0096259999999999991 0.071393000000000012 0.12467100000000003 0.070736999999999967 0.0031840000000000002 0.0034720000000000003 0.0032779999999999997 0.00070399999999999998 0.00068500000000000006 0.00070100000000000002 26.900443849945631 26.900443849945631 26.900443849945631 0.00112019328456733 0.00112019328456733 0.00112019328456733 1 1 1 Converged Converged Converged OK OK OK 68 68 68 68 68 68 4 4 4 0 0 0 0 1 0 0 1
191 191 linear 4 23 1725 3 0.0001 1 0.00010928458643783677 0.015849893719134034 0.020718373904913642 -0.031347276653899823 0.023888352648740448 0.5 -0.023779080004118387 25.983874408691594 OK 13 12 0.45949499999999999 0.307145 0.093334 0.36286600000000002 0.151722 0 0.096628999999999965 0.15542300000000001 0.093334 0.0084469999999999996 0.0085900000000000004 0.0080300000000000007 0.070244000000000001 0.12884499999999999 0.068071000000000007 0.003088 0.0031799999999999997 0.0030279999999999999 0.00067999999999999994 0.00068499999999999995 0.00066 25.983855294903012 25.983855294903012 25.983855294903012 0.0011104661022470028 0.0011104661022470028 0.0011104661022470028 1 1 1 Converged Converged Converged OK OK OK 68 68 68 68 68 68 4 4 4 0 0 0 0 1 0 0 1
191 191 uniform 3 0 1726 0 0.001 1 0.00010928458643783677 0.015849893719134034 0.018705042071677308 0.026778733460776888 0.015535063327850502 0 -0.015425790683228441 33.632527161404326 OK 13 12 0.53112499999999996 0.52555099999999999 0.092339000000000004 0.43767899999999998 0.43361499999999997 0 0.093445999999999974 0.091936000000000018 0.092339000000000004 0.010267 0.010142999999999999 0.0097730000000000004 0.063952999999999982 0.063486999999999988 0.063767000000000018 0.0027469999999999999 0.0024480000000000001 0.0027239999999999999 0.00077200000000000001 0.00070600000000000003 0.000776 33.632526038580146 33.632526038580146 33.632526038580146 0.014588209685037634 0.014588209685037634 0.014588209685037634 1 1 1 Converged Converged Converged OK OK OK 59 59 59 59 59 59 5 5 5 0 0 0 0 0 1 0 0
191 191 uniform 3 7 1726 1 0.001 1 0.00010928458643783677 0.015849893719134034 0.018705042071677308 0.026778733460776888 0.017464615606701601 0 -0.01735534296207954 32.496658611700177 OK 13 12 0.43838899999999997 0.26201400000000002 0.063908000000000006 0.37212600000000001 0.147205 0 0.066262999999999961 0.11480900000000002 0.063908000000000006 0.0093589999999999993 0.0093889999999999998 0.0087060000000000002 0.043060999999999995 0.092423000000000019 0.042456999999999988 0.0023670000000000002 0.0021389999999999998 0.0021720000000000003 0.00075200000000000006 0.00070100000000000002 0.00066799999999999997 32.496627790768592 32.496627790768592 32.496627790768592 0.015028519840457623 0.015028519840457623 0.015028519840457623 1 1 1 Converged Converged Converged OK OK OK 52 52 52 52 52 52 4 4 4 0 0 0 0 1 0 0 1
191 191 uniform 3 15 1726 2 0.001 1 0.00010928458643783677 0.015849893719134034 0.018705042071677308 0.026778733460776888 0.01966981821110286 0 -0.019560545566480798 31.192836800544349 OK 13 12 0.41533399999999998 0.26297100000000001 0.066499000000000003 0.34664600000000001 0.159993 0 0.068687999999999971 0.10297800000000001 0.066499000000000003 0.0092849999999999999 0.0093179999999999999 0.0086020000000000003 0.045943999999999985 0.079769000000000034 0.045522 0.0022789999999999998 0.0025959999999999998 0.0020280000000000003 0.00069200000000000002 0.00064999999999999997 0.00058900000000000001 31.192802214587985 31.192802214587985 31.192802214587985 0.016073645723908396 0.016073645723908396 0.016073645723908396 1 1 1 Converged Converged Converged OK OK OK 52 52 52 52 52 52 4 4 4 0 0 0 0 1 0 0 1
191 191 uniform 3 23 1726 3 0.001 1 0.00010928458643783677 0.015849893719134034 0.018705042071677308 0.026778733460776888 0.021875020815504114 0 -0.021765748170882053 29.905945705967937 OK 13 12 0.39519100000000001 0.26770699999999997 0.076969999999999997 0.31520700000000001 0.14252000000000001 0 0.079984 0.12518699999999996 0.076969999999999997 0.0090220000000000005 0.0091190000000000004 0.0083949999999999997 0.053076000000000005 0.098083000000000004 0.052306999999999999 0.0030270000000000002 0.0031659999999999995 0.0025179999999999998 0.00066799999999999997 0.00066600000000000003 0.00059500000000000004 29.905944523251559 29.905944523251559 29.905944523251559 0.016756537215460644 0.016756537215460644 0.016756537215460644 1 1 1 Converged Converged Converged OK OK OK 60 60 60 60 60 60 4 4 4 0 0 0 0 1 0 0 1
191 191 uniform 3 0 1726 0 0.0001 1 0.00010928458643783677 0.015849893719134034 0.018705042071677308 0.026778733460776888 0.015535063327850502 0 -0.015425790683228441 33.632527161404326 OK 13 12 0.54544099999999995 0.54325199999999996 0.107435 0.43349300000000002 0.43534 0 0.11194799999999994 0.10791199999999995 0.107435 0.0099780000000000008 0.010145 0.0096729999999999993 0.077545000000000031 0.07329999999999999 0.072958000000000009 0.0033479999999999994 0.0033539999999999998 0.0034380000000000001 0.000892 0.000883 0.00089999999999999998 33.632527385028432 33.632527385028432 33.632527385028432 0.0030542283997205336 0.0030542283997205336 0.0030542283997205336 1 1 1 Converged Converged Converged OK OK OK 75 75 75 75 75 75 5 5 5 0 0 0 0 0 1 0 0
191 191 uniform 3 7 1726 1 0.0001 1 0.00010928458643783677 0.015849893719134034 0.018705042071677308 0.026778733460776888 0.017464615606701601 0 -0.01735534296207954 32.496658611700177 OK 13 12 0.45119700000000001 0.29398099999999999 0.080988000000000004 0.36752400000000002 0.147872 0 0.083672999999999997 0.14610899999999999 0.080988000000000004 0.0093550000000000005 0.0092560000000000003 0.0087950000000000007 0.055580000000000004 0.118853 0.054826000000000007 0.0034479999999999997 0.0030200000000000001 0.0029429999999999999 0.00082699999999999994 0.00078299999999999995 0.00076000000000000004 32.496657250445644 32.496657250445644 32.496657250445644 0.0021745943119079575 0.0021745943119079575 0.0021745943119079575 1 1 1 Converged Converged Converged OK OK OK 68 68 68 68 68 68 4 4 4 0 0 0 0 1 0 0 1
191 191 uniform 3 15 1726 2 0.0001 1 0.00010928458643783677 0.015849893719134034 0.018705042071677308 0.026778733460776888 0.01966981821110286 0 -0.019560545566480798 31.192836800544349 OK 13 12 0.429983 0.29439300000000002 0.084356 0.34487699999999999 0.159605 0 0.085106000000000015 0.13478800000000002 0.084356 0.0093170000000000006 0.0091439999999999994 0.0085679999999999992 0.057376999999999991 0.10782600000000002 0.058035999999999997 0.0032239999999999999 0.0030349999999999999 0.0029009999999999999 0.00076099999999999996 0.00076400000000000003 0.00077800000000000005 31.192835374085899 31.192835374085899 31.192835374085899 0.0019657869710346765 0.0019657869710346765 0.0019657869710346765 1 1 1 Converged Converged Converged OK OK OK 68 68 68 68 68 68 4 4 4 0 0 0 0 1 0 0 1
191 191 uniform 3 23 1726 3 0.0001 1 0.00010928458643783677 0.015849893719134034 0.018705042071677308 0.026778733460776888 0.021875020815504114 0 -0.021765748170882053 29.905945705967937 OK 13 12 0.39998499999999998 0.27939199999999997 0.083901000000000003 0.31516699999999997 0.14135 0 0.084818000000000005 0.13804199999999997 0.083901000000000003 0.0089940000000000003 0.0089569999999999997 0.0087270000000000004 0.057788000000000013 0.11104900000000001 0.057777000000000009 0.0028810000000000003 0.0030100000000000005 0.0028219999999999999 0.00084099999999999995 0.000776 0.000736 29.905944390337748 29.905944390337748 29.905944390337748 0.0020419587912151723 0.0020419587912151723 0.0020419587912151723 1 1 1 Converged Converged Converged OK OK OK 68 68 68 68 68 68 4 4 4 0 0 0 0 1 0 0 1
191 191 uniform 4 0 1727 0 0.001 1 0.00010928458643783677 0.015849893719134034 0.020718373904913642 -0.031347276653899823 0.017548395161086836 0 -0.017439122516464775 28.672275531014574 OK 13 12 0.49953799999999998 0.49375999999999998 0.083084000000000005 0.41181800000000002 0.41101399999999999 0 0.087719999999999965 0.082745999999999986 0.083084000000000005 0.010385 0.01035 0.010093 0.059891999999999994 0.055911999999999996 0.055727999999999993 0.0022370000000000003 0.0021060000000000002 0.002464 0.00076000000000000004 0.00071299999999999998 0.000745 28.672274516101826 28.672274516101826 28.672274516101826 0.013525871519026299 0.013525871519026299 0.013525871519026299 1 1 1 Converged Converged Converged OK OK OK 59 59 59 59 59 59 5 5 5 0 0 0 0 0 1 0 0
191 191 uniform 4 7 1727 1 0.001 1 0.00010928458643783677 0.015849893719134034 0.020718373904913642 -0.031347276653899823 0.019477947439937936 0 -0.019368674795315875 27.875266199431003 OK 13 12 0.48087000000000002 0.26188299999999998 0.066223000000000004 0.411833 0.15917400000000001 0 0.069037000000000015 0.10270899999999997 0.066223000000000004 0.0090320000000000001 0.0088760000000000002 0.0084469999999999996 0.046378000000000009 0.081155999999999978 0.045422999999999998 0.0025379999999999999 0.002104 0.0021380000000000001 0.00063100000000000005 0.00058700000000000007 0.00061399999999999996 27.875262762129182 27.875262762129182 27.875262762129182 0.013838568783776345 0.013838568783776345 0.013838568783776345 1 1 1 Converged Converged Converged OK OK OK 52 52 52 52 52 52 4 4 4 0 0 0 0 1 0 0 1
191 191 uniform 4 15 1727 2 0.001 1 0.00010928458643783677 0.015849893719134034 0.020718373904913642 -0.031347276653899823 0.021683150044339194 0 -0.021573877399717133 26.952497493435025 OK 13 12 0.447795 0.26040799999999997 0.062993999999999994 0.382772 0.15234400000000001 0 0.065022999999999997 0.10806399999999997 0.062993999999999994 0.0089529999999999992 0.0089940000000000003 0.0083199999999999993 0.042949999999999995 0.08609399999999999 0.042514999999999983 0.0021440000000000001 0.0021359999999999999 0.0020149999999999999 0.00062999999999999992 0.00057899999999999998 0.000553 26.952493100583059 26.952493100583059 26.952493100583059 0.012944823089835441 0.012944823089835441 0.012944823089835441 1 1 1 Converged Converged Converged OK OK OK 52 52 52 52 52 52 4 4 4 0 0 0 0 1 0 0 1
191 191 uniform 4 23 1727 3 0.001 1 0.00010928458643783677 0.015849893719134034 0.020718373904913642 -0.031347276653899823 0.023888352648740448 0 -0.023779080004118387 26.030729346329906 OK 13 12 0.42115599999999997 0.237317 0.055789999999999999 0.35884700000000003 0.152064 0 0.062308999999999948 0.085252999999999995 0.055789999999999999 0.0086189999999999999 0.0088439999999999994 0.0080149999999999996 0.041989999999999986 0.064959000000000003 0.037216999999999993 0.0019080000000000002 0.001949 0.001655 0.00052399999999999994 0.00050799999999999999 0.00047699999999999999 26.030724323087476 26.030724323087476 26.030724323087476 0.025918809987323502 0.025918809987323502 0.025918809987323502 1 1 1 Converged Converged Converged OK OK OK 44 44 44 44 44 44 4 4 4 0 0 0 0 1 0 0 1
191 191 uniform 4 0 1727 0 0.0001 1 0.00010928458643783677 0.015849893719134034 0.020718373904913642 -0.031347276653899823 0.017548395161086836 0 -0.017439122516464775 28.672275531014574 OK 13 12 0.51583800000000002 0.51889399999999997 0.10344399999999999 0.41217999999999999 0.41447699999999998 0 0.10365800000000003 0.10441699999999998 0.10344399999999999 0.010151 0.010315 0.009972 0.070420999999999984 0.071209000000000008 0.070656000000000038 0.0030240000000000002 0.0030800000000000003 0.0032650000000000005 0.00090799999999999995 0.00096199999999999996 0.00087599999999999993 28.6722756347624 28.6722756347624 28.6722756347624 0.00022163743849535256 0.00022163743849535256 0.00022163743849535256 1 1 1 Converged Converged Converged OK OK OK 75 75 75 75 75 75 5 5 5 0 0 0 0 0 1 0 0
191 191 uniform 4 7 1727 1 0.0001 1 0.00010928458643783677 0.015849893719134034 0.020718373904913642 -0.031347276653899823 0.019477947439937936 0 -0.019368674795315875 27.875266199431003 OK 13 12 0.496286 0.29243599999999997 0.083354999999999999 0.41193200000000002 0.15937799999999999 0 0.084353999999999985 0.13305799999999998 0.083354999999999999 0.0089809999999999994 0.0090100000000000006 0.0084849999999999995 0.057911000000000004 0.10581599999999998 0.057638000000000023 0.0028449999999999999 0.0030470000000000002 0.0029299999999999999 0.00068300000000000001 0.000767 0.0007090000000000001 27.875264869107962 27.875264869107962 27.875264869107962 0.0012336667007446192 0.0012336667007446192 0.0012336667007446192 1 1 1 Converged Converged Converged OK OK OK 68 68 68 68 68 68 4 4 4 0 0 0 0 1 0 0 1
191 191 uniform 4 15 1727 2 0.0001 1 0.00010928458643783677 0.015849893719134034 0.020718373904913642 -0.031347276653899823 0.021683150044339194 0 -0.021573877399717133 26.952497493435025 OK 13 12 0.46168999999999999 0.29292000000000001 0.080898999999999999 0.37916299999999997 0.15110899999999999 0 0.082527000000000017 0.14181100000000002 0.080898999999999999 0.0090799999999999995 0.0089870000000000002 0.0083610000000000004 0.055816000000000011 0.113549 0.055443999999999979 0.0028879999999999999 0.0037260000000000001 0.0030040000000000002 0.00071299999999999998 0.00072599999999999997 0.00067400000000000001 26.952496342736332 26.952496342736332 26.952496342736332 0.0011795305144220204 0.0011795305144220204 0.0011795305144220204 1 1 1 Converged Converged Converged OK OK OK 68 68 68 68 68 68 4 4 4 0 0 0 0 1 0 0 1
191 191 uniform 4 23 1727 3 0.0001 1 0.00010928458643783677 0.015849893719134034 0.020718373904913642 -0.031347276653899823 0.023888352648740448 0 -0.023779080004118387 26.030729346329906 OK 13 12 0.44195600000000002 0.29625699999999999 0.079493999999999995 0.35779100000000003 0.15116099999999999 0 0.08416499999999999 0.145096 0.079493999999999995 0.0087089999999999997 0.0086630000000000006 0.008038 0.055053000000000012 0.11868100000000001 0.054529999999999981 0.0028759999999999997 0.0030010000000000002 0.0027800000000000004 0.00069300000000000004 0.00069200000000000002 0.00067500000000000004 26.030728374940189 26.030728374940189 26.030728374940189 0.0012955083170845655 0.0012955083170845655 0.0012955083170845655 1 1 1 Converged Converged Converged OK OK OK 68 68 68 68 68 68 4 4 4 0 0 0 0 1 0 0 1
192 192 linear 3 0 1728 0 0.001 1 0.00032846270376889571 0.019404109303404075 0.028607095875096855 0.040910277259144784 0.024726274014416041 0.5 -0.024397919162969448 21.522237468464517 OK 13 12 0.40749400000000002 0.40405799999999997 0.083581000000000003 0.32127699999999998 0.31906299999999999 0 0.086217000000000044 0.084994999999999987 0.083581000000000003 0.0098499999999999994 0.0098969999999999995 0.0094509999999999993 0.060252999999999987 0.058862999999999978 0.058184 0.0022750000000000001 0.0023899999999999998 0.0024020000000000001 0.00063999999999999994 0.00067900000000000002 0.00067599999999999995 21.522216915165707 21.522216915165707 21.522216915165707 0.020752701353422054 0.020752701353422054 0.020752701353422054 1 1 1 Converged Converged Converged OK OK OK 52 52 52 52 52 52 4 4 4 0 0 0 0 0 1 0 0
192 192 linear 3 7 1728 1 0.001 1 0.00032846270376889571 0.019404109303404075 0.028607095875096855 0.040910277259144784 0.027088513407873927 0.5 -0.026760158556427334 20.953316854417601 OK 13 12 0.39065299999999997 0.264295 0.075164999999999996 0.31139499999999998 0.14175199999999999 0 0.079257999999999995 0.12254300000000001 0.075164999999999996 0.0089490000000000004 0.0090570000000000008 0.0083719999999999992 0.056787999999999998 0.10013499999999997 0.054139000000000007 0.0023879999999999995 0.0023959999999999997 0.0022750000000000001 0.00066099999999999991 0.00060400000000000004 0.00057200000000000003 20.953298087838142 20.953298087838142 20.953298087838142 0.020707918610090258 0.020707918610090258 0.020707918610090258 1 1 1 Converged Converged Converged OK OK OK 52 52 52 52 52 52 4 4 4 0 0 0 0 1 0 0 1
192 192 linear 3 15 1728 2 0.001 1 0.00032846270376889571 0.019404109303404075 0.028607095875096855 0.040910277259144784 0.029788215571825798 0.5 -0.029459860720379205 20.299645714608975 OK 13 12 0.40682000000000001 0.300238 0.098171999999999995 0.30467100000000003 0.13883999999999999 0 0.10214899999999999 0.16139800000000001 0.098171999999999995 0.0084139999999999996 0.0083809999999999996 0.0077089999999999997 0.074355999999999992 0.13398000000000002 0.072021999999999975 0.0033530000000000001 0.0031839999999999998 0.003117 0.00078399999999999997 0.00075000000000000002 0.00072400000000000003 20.299623867533317 20.299623867533317 20.299623867533317 0.0022311008446133243 0.0022311008446133243 0.0022311008446133243 1 1 1 Converged Converged Converged OK OK OK 68 68 68 68 68 68 4 4 4 0 0 0 0 1 0 0 1
192 192 linear 3 23 1728 3 0.001 1 0.00032846270376889571 0.019404109303404075 0.028607095875096855 0.040910277259144784 0.032487917735777673 0.5 -0.032159562884331076 19.649806375229517 OK 13 12 0.40295599999999998 0.26375700000000002 0.087826000000000001 0.311504 0.144736 0 0.091451999999999978 0.11902100000000002 0.087826000000000001 0.0090060000000000001 0.00894 0.0083040000000000006 0.065589000000000008 0.093746000000000024 0.063813999999999982 0.002823 0.0027829999999999999 0.0026749999999999999 0.00064300000000000002 0.00063499999999999993 0.00060800000000000003 19.649786660475531 19.649786660475531 19.649786660475531 0.017490616766099313 0.017490616766099313 0.017490616766099313 1 1 1 Converged Converged Converged OK OK OK 60 60 60 60 60 60 4 4 4 0 0 0 0 1 0 0 1
192 192 linear 3 0 1728 0 0.0001 1 0.00032846270376889571 0.019404109303404075 0.028607095875096855 0.040910277259144784 0.024726274014416041 0.5 -0.024397919162969448 21.522237468464517 OK 13 12 0.43441400000000002 0.43436200000000003 0.116231 0.31399199999999999 0.317056 0 0.12042200000000003 0.11730600000000002 0.116231 0.0099600000000000001 0.009953 0.0096839999999999999 0.084367999999999971 0.081900999999999988 0.081411000000000011 0.0041739999999999998 0.003591 0.0036879999999999999 0.00093599999999999998 0.00096099999999999994 0.00091199999999999994 21.522224991306622 21.522224991306622 21.522224991306622 0.00012266259414662269 0.00012266259414662269 0.00012266259414662269 1 1 1 Converged Converged Converged OK OK OK 76 76 76 76 76 76 4 4 4 0 0 0 0 0 1 0 0
192 192 linear 3 7 1728 1 0.0001 1 0.00032846270376889571 0.019404109303404075 0.028607095875096855 0.040910277259144784 0.027088513407873927 0.5 -0.026760158556427334 20.953316854417601 OK 13 12 0.42057800000000001 0.307338 0.10621899999999999 0.31056699999999998 0.139963 0 0.11001100000000003 0.167375 0.10621899999999999 0.0089409999999999993 0.0090310000000000008 0.008352 0.080612000000000031 0.13746000000000005 0.077734999999999999 0.0034659999999999995 0.0036420000000000003 0.0036480000000000002 0.00080900000000000004 0.00079799999999999999 0.00080500000000000005 20.95330448592712 20.95330448592712 20.95330448592712 0.00016425978841364824 0.00016425978841364824 0.00016425978841364824 1 1 1 Converged Converged Converged OK OK OK 76 76 76 76 76 76 4 4 4 0 0 0 0 1 0 0 1
192 192 linear 3 15 1728 2 0.0001 1 0.00032846270376889571 0.019404109303404075 0.028607095875096855 0.040910277259144784 0.029788215571825798 0.5 -0.029459860720379205 20.299645714608975 OK 13 12 0.41674800000000001 0.31453500000000001 0.108124 0.30337399999999998 0.14358399999999999 0 0.11337400000000003 0.17095100000000002 0.108124 0.0082360000000000003 0.0082760000000000004 0.0077060000000000002 0.084042000000000033 0.14215799999999998 0.080559999999999993 0.0038690000000000005 0.0036419999999999998 0.0035079999999999998 0.00085000000000000006 0.00079599999999999994 0.00077700000000000002 20.299633582050738 20.299633582050738 20.299633582050738 0.00024625582324584906 0.00024625582324584906 0.00024625582324584906 1 1 1 Converged Converged Converged OK OK OK 76 76 76 76 76 76 4 4 4 0 0 0 0 1 0 0 1
192 192 linear 3 23 1728 3 0.0001 1 0.00032846270376889571 0.019404109303404075 0.028607095875096855 0.040910277259144784 0.032487917735777673 0.5 -0.032159562884331076 19.649806375229517 OK 13 12 0.422595 0.294713 0.109921 0.310969 0.143566 0 0.111626 0.151147 0.109921 0.0089079999999999993 0.0088769999999999995 0.0083560000000000006 0.08148900000000002 0.12185200000000003 0.081659000000000009 0.0038869999999999998 0.0034910000000000002 0.0034740000000000001 0.00087600000000000004 0.00085599999999999999 0.00085300000000000003 19.649794999523117 19.649794999523117 19.649794999523117 0.00045379117932035543 0.00045379117932035543 0.00045379117932035543 1 1 1 Converged Converged Converged OK OK OK 76 76 76 76 76 76 4 4 4 0 0 0 0 1 0 0 1
192 192 linear 4 0 1729 0 0.001 1 0.00032846270376889571 0.019404109303404075 0.027103610119623218 -0.042829641337568836 0.023222788258942403 0.5 -0.02289443340749581 21.083078438720801 OK 13 12 0.40675499999999998 0.40314299999999997 0.080675999999999998 0.32319900000000001 0.32107000000000002 0 0.083555999999999964 0.082072999999999952 0.080675999999999998 0.009639 0.009639 0.0091850000000000005 0.057951000000000016 0.056466999999999989 0.055943 0.0022439999999999999 0.0023879999999999999 0.002215 0.00066200000000000005 0.00071100000000000004 0.00064700000000000001 21.08305664617323 21.08305664617323 21.08305664617323 0.019777441069756457 0.019777441069756457 0.019777441069756457 1 1 1 Converged Converged Converged OK OK OK 52 52 52 52 52 52 4 4 4 0 0 0 0 0 1 0 0
192 192 linear 4 7 1729 1 0.001 1 0.00032846270376889571 0.019404109303404075 0.027103610119623218 -0.042829641337568836 0.02558502765240029 0.5 -0.025256672800953697 20.577072553715702 OK 13 12 0.397839 0.27681800000000001 0.074775999999999995 0.32031300000000001 0.15762899999999999 0 0.077525999999999984 0.11918900000000002 0.074775999999999995 0.0089630000000000005 0.0089079999999999993 0.0083289999999999996 0.055700999999999994 0.096668000000000004 0.054030000000000016 0.0021280000000000001 0.0024369999999999999 0.0021050000000000001 0.00054999999999999992 0.00064399999999999993 0.00054300000000000008 20.577053033667966 20.577053033667966 20.577053033667966 0.018736693468198881 0.018736693468198881 0.018736693468198881 1 1 1 Converged Converged Converged OK OK OK 52 52 52 52 52 52 4 4 4 0 0 0 0 1 0 0 1
192 192 linear 4 15 1729 2 0.001 1 0.00032846270376889571 0.019404109303404075 0.027103610119623218 -0.042829641337568836 0.028284729816352161 0.5 -0.027956374964905568 19.987849645007895 OK 13 12 0.40648699999999999 0.28330100000000003 0.074454000000000006 0.32590400000000003 0.163328 0 0.08058299999999996 0.11997300000000002 0.074454000000000006 0.0087989999999999995 0.0089569999999999997 0.0083470000000000003 0.058959999999999985 0.098069000000000003 0.053727999999999991 0.0022049999999999999 0.0023760000000000001 0.0022040000000000002 0.00057399999999999997 0.00056099999999999998 0.00054700000000000007 19.987832109795015 19.987832109795015 19.987832109795015 0.018494563911393893 0.018494563911393893 0.018494563911393893 1 1 1 Converged Converged Converged OK OK OK 52 52 52 52 52 52 4 4 4 0 0 0 0 1 0 0 1
192 192 linear 4 23 1729 3 0.001 1 0.00032846270376889571 0.019404109303404075 0.027103610119623218 -0.042829641337568836 0.030984431980304032 0.5 -0.030656077128857439 19.394647637415101 OK 13 12 0.38882499999999998 0.25053199999999998 0.075369000000000005 0.30943100000000001 0.13830300000000001 0 0.079393999999999965 0.11222899999999997 0.075369000000000005 0.008652 0.0086890000000000005 0.0080599999999999995 0.056846999999999988 0.090594000000000008 0.054919000000000023 0.0027300000000000002 0.0023289999999999999 0.0021199999999999999 0.00063999999999999994 0.00057600000000000001 0.00054600000000000004 19.394632255834377 19.394632255834377 19.394632255834377 0.018584830306056416 0.018584830306056416 0.018584830306056416 1 1 1 Converged Converged Converged OK OK OK 52 52 52 52 52 52 4 4 4 0 0 0 0 1 0 0 1
192 192 linear 4 0 1729 0 0.0001 1 0.00032846270376889571 0.019404109303404075 0.027103610119623218 -0.042829641337568836 0.023222788258942403 0.5 -0.02289443340749581 21.083078438720801 OK 13 12 0.44094100000000003 0.43498900000000001 0.113647 0.32407900000000001 0.32047999999999999 0 0.11686200000000002 0.11450900000000003 0.113647 0.0094820000000000008 0.0095370000000000003 0.0093240000000000007 0.082131000000000023 0.079615000000000019 0.079358999999999999 0.0035610000000000004 0.0035170000000000002 0.0035719999999999997 0.00095000000000000011 0.0009189999999999999 0.00096999999999999994 21.083065936644886 21.083065936644886 21.083065936644886 8.9912703233165292e-05 8.9912703233165292e-05 8.9912703233165292e-05 1 1 1 Converged Converged Converged OK OK OK 76 76 76 76 76 76 4 4 4 0 0 0 0 0 1 0 0
192 192 linear 4 7 1729 1 0.0001 1 0.00032846270376889571 0.019404109303404075 0.027103610119623218 -0.042829641337568836 0.02558502765240029 0.5 -0.025256672800953697 20.577072553715702 OK 13 12 0.43866100000000002 0.327569 0.106276 0.32378600000000002 0.15833700000000001 0 0.114875 0.16923199999999999 0.106276 0.0091109999999999993 0.0089490000000000004 0.008345 0.084799999999999973 0.13967600000000002 0.077887999999999999 0.0037099999999999998 0.0035790000000000001 0.003532 0.0009189999999999999 0.00087300000000000008 0.000834 20.577060484053334 20.577060484053334 20.577060484053334 0.00010848333381101775 0.00010848333381101775 0.00010848333381101775 1 1 1 Converged Converged Converged OK OK OK 76 76 76 76 76 76 4 4 4 0 0 0 0 1 0 0 1
192 192 linear 4 15 1729 2 0.0001 1 0.00032846270376889571 0.019404109303404075 0.027103610119623218 -0.042829641337568836 0.028284729816352161 0.5 -0.027956374964905568 19.987849645007895 OK 13 12 0.44032700000000002 0.324517 0.105822 0.32611099999999998 0.15968199999999999 0 0.11421600000000004 0.16483500000000001 0.105822 0.0089789999999999991 0.0089409999999999993 0.0084019999999999997 0.084297999999999998 0.135379 0.077734999999999999 0.0036849999999999999 0.0036549999999999998 0.0034510000000000001 0.00091500000000000001 0.00083600000000000005 0.00080800000000000002 19.987837774674677 19.987837774674677 19.987837774674677 0.00015335451059877251 0.00015335451059877251 0.00015335451059877251 1 1 1 Converged Converged Converged OK OK OK 76 76 76 76 76 76 4 4 4 0 0 0 0 1 0 0 1
192 192 linear 4 23 1729 3 0.0001 1 0.00032846270376889571 0.019404109303404075 0.027103610119623218 -0.042829641337568836 0.030984431980304032 0.5 -0.030656077128857439 19.394647637415101 OK 13 12 0.41799199999999997 0.29474400000000001 0.106533 0.30661699999999997 0.13966999999999999 0 0.111375 0.15507400000000002 0.106533 0.00877 0.0086479999999999994 0.0080909999999999992 0.081987000000000032 0.12602200000000002 0.078933999999999949 0.003735 0.0036909999999999998 0.0034250000000000001 0.00084100000000000006 0.00083200000000000006 0.00079000000000000012 19.394636407695135 19.394636407695135 19.394636407695135 0.00023539815534219473 0.00023539815534219473 0.00023539815534219473 1 1 1 Converged Converged Converged OK OK OK 76 76 76 76 76 76 4 4 4 0 0 0 0 1 0 0 1
192 192 uniform 3 0 1730 0 0.001 1 0.00032846270376889571 0.019404109303404075 0.028607095875096855 0.040910277259144784 0.024726274014416041 0 -0.024397919162969448 21.562782565352194 OK 13 12 0.38986399999999999 0.393069 0.072803999999999994 0.31523000000000001 0.31928099999999998 0 0.074633999999999978 0.07378800000000002 0.072803999999999994 0.010237 0.0099089999999999994 0.0095029999999999993 0.048311 0.048575999999999994 0.047909000000000014 0.0022959999999999999 0.002104 0.0020460000000000001 0.00065700000000000003 0.00064499999999999996 0.00059399999999999991 21.562781524267116 21.562781524267116 21.562781524267116 0.013842989977013099 0.013842989977013099 0.013842989977013099 1 1 1 Converged Converged Converged OK OK OK 52 52 52 52 52 52 4 4 4 0 0 0 0 0 1 0 0
192 192 uniform 3 7 1730 1 0.001 1 0.00032846270376889571 0.019404109303404075 0.028607095875096855 0.040910277259144784 0.027088513407873927 0 -0.026760158556427334 20.990757149312113 OK 13 12 0.37484699999999999 0.25164399999999998 0.064510999999999999 0.30836999999999998 0.14017499999999999 0 0.066477000000000008 0.11146899999999998 0.064510999999999999 0.0089499999999999996 0.0089390000000000008 0.0083459999999999993 0.044120000000000013 0.089517000000000013 0.043888999999999997 0.0021719999999999999 0.002137 0.0019729999999999999 0.00059800000000000001 0.00061499999999999999 0.00057299999999999994 20.99075571598356 20.99075571598356 20.99075571598356 0.01316260162006477 0.01316260162006477 0.01316260162006477 1 1 1 Converged Converged Converged OK OK OK 52 52 52 52 52 52 4 4 4 0 0 0 0 1 0 0 1
192 192 uniform 3 15 1730 2 0.001 1 0.00032846270376889571 0.019404109303404075 0.028607095875096855 0.040910277259144784 0.029788215571825798 0 -0.029459860720379205 20.333754132309373 OK 13 12 0.37182300000000001 0.25047999999999998 0.067050999999999999 0.30275099999999999 0.13661499999999999 0 0.069072000000000022 0.11386499999999999 0.067050999999999999 0.0083099999999999997 0.0083219999999999995 0.0077000000000000002 0.047446999999999982 0.092817000000000011 0.047253999999999997 0.002117 0.0021150000000000001 0.001964 0.00058 0.00060700000000000001 0.00055999999999999995 20.333752381105736 20.333752381105736 20.333752381105736 0.012534602623462744 0.012534602623462744 0.012534602623462744 1 1 1 Converged Converged Converged OK OK OK 52 52 52 52 52 52 4 4 4 0 0 0 0 1 0 0 1
192 192 uniform 3 23 1730 3 0.001 1 0.00032846270376889571 0.019404109303404075 0.028607095875096855 0.040910277259144784 0.032487917735777673 0 -0.032159562884331076 19.680834509308944 OK 13 12 0.37001499999999998 0.223911 0.058681999999999998 0.30990099999999998 0.14715300000000001 0 0.060114000000000001 0.076757999999999993 0.058681999999999998 0.0089009999999999992 0.0089549999999999994 0.0083230000000000005 0.039893000000000005 0.056365000000000012 0.039418000000000002 0.0017230000000000001 0.0018760000000000001 0.001701 0.00049600000000000002 0.00049600000000000002 0.00047999999999999996 19.680832678317454 19.680832678317454 19.680832678317454 0.019017065526645369 0.019017065526645369 0.019017065526645369 1 1 1 Converged Converged Converged OK OK OK 44 44 44 44 44 44 4 4 4 0 0 0 0 1 0 0 1
192 192 uniform 3 0 1730 0 0.0001 1 0.00032846270376889571 0.019404109303404075 0.028607095875096855 0.040910277259144784 0.024726274014416041 0 -0.024397919162969448 21.562782565352194 OK 13 12 0.42253299999999999 0.42559999999999998 0.100466 0.31615199999999999 0.32151099999999999 0 0.106381 0.10408899999999999 0.100466 0.010135999999999999 0.0098910000000000005 0.0094940000000000007 0.070039999999999991 0.067613000000000006 0.066352000000000008 0.0039459999999999999 0.0041029999999999999 0.0033429999999999996 0.00096700000000000009 0.00096499999999999993 0.00090400000000000007 21.562782547539815 21.562782547539815 21.562782547539815 0.00012323435698049254 0.00012323435698049254 0.00012323435698049254 1 1 1 Converged Converged Converged OK OK OK 76 76 76 76 76 76 4 4 4 0 0 0 0 0 1 0 0
192 192 uniform 3 7 1730 1 0.0001 1 0.00032846270376889571 0.019404109303404075 0.028607095875096855 0.040910277259144784 0.027088513407873927 0 -0.026760158556427334 20.990757149312113 OK 13 12 0.40268599999999999 0.295404 0.090681999999999999 0.31067400000000001 0.14326800000000001 0 0.092011999999999983 0.15213599999999999 0.090681999999999999 0.0088780000000000005 0.0089650000000000007 0.0083759999999999998 0.063092000000000023 0.12209800000000003 0.062701999999999994 0.0033139999999999997 0.0036439999999999997 0.0032259999999999997 0.00082599999999999991 0.00088000000000000003 0.00086700000000000004 20.990757135526966 20.990757135526966 20.990757135526966 0.00019163155583133562 0.00019163155583133562 0.00019163155583133562 1 1 1 Converged Converged Converged OK OK OK 76 76 76 76 76 76 4 4 4 0 0 0 0 1 0 0 1
192 192 uniform 3 15 1730 2 0.0001 1 0.00032846270376889571 0.019404109303404075 0.028607095875096855 0.040910277259144784 0.029788215571825798 0 -0.029459860720379205 20.333754132309373 OK 13 12 0.39859899999999998 0.29538599999999998 0.092808000000000002 0.30405199999999999 0.139571 0 0.094546999999999992 0.15581499999999998 0.092808000000000002 0.0082430000000000003 0.0082570000000000005 0.0077279999999999996 0.065850000000000006 0.12696700000000005 0.065368999999999983 0.0034589999999999998 0.0035280000000000003 0.003274 0.00087300000000000008 0.00083100000000000003 0.00077700000000000002 20.333754133495979 20.333754133495979 20.333754133495979 0.00035715549961795097 0.00035715549961795097 0.00035715549961795097 1 1 1 Converged Converged Converged OK OK OK 76 76 76 76 76 76 4 4 4 0 0 0 0 1 0 0 1
192 192 uniform 3 23 1730 3 0.0001 1 0.00032846270376889571 0.019404109303404075 0.028607095875096855 0.040910277259144784 0.032487917735777673 0 -0.032159562884331076 19.680834509308944 OK 13 12 0.40529799999999999 0.27892600000000001 0.091454999999999995 0.31210399999999999 0.14554 0 0.093193999999999999 0.133386 0.091454999999999995 0.0088599999999999998 0.0089639999999999997 0.0083239999999999998 0.06387799999999999 0.10395799999999999 0.063549999999999995 0.0035260000000000005 0.0035909999999999996 0.0033069999999999996 0.00087799999999999998 0.00085200000000000011 0.00081799999999999993 19.680834568385173 19.680834568385173 19.680834568385173 0.00070265942169003988 0.00070265942169003988 0.00070265942169003988 1 1 1 Converged Converged Converged OK OK OK 76 76 76 76 76 76 4 4 4 0 0 0 0 1 0 0 1
192 192 uniform 4 0 1731 0 0.001 1 0.00032846270376889571 0.019404109303404075 0.027103610119623218 -0.042829641337568836 0.023222788258942403 0 -0.02289443340749581 21.120925086667324 OK 13 12 0.398009 0.39219799999999999 0.070926000000000003 0.32677499999999998 0.32146200000000003 0 0.07123400000000002 0.070735999999999966 0.070926000000000003 0.0097050000000000001 0.0094820000000000008 0.0092359999999999994 0.04605900000000001 0.045985999999999992 0.046186999999999999 0.0019970000000000001 0.0020170000000000001 0.0021020000000000001 0.00065600000000000001 0.00067199999999999996 0.00065200000000000002 21.120924771847069 21.120924771847069 21.120924771847069 0.013895735043638294 0.013895735043638294 0.013895735043638294 1 1 1 Converged Converged Converged OK OK OK 52 52 52 52 52 52 4 4 4 0 0 0 0 0 1 0 0
192 192 uniform 4 7 1731 1 0.001 1 0.00032846270376889571 0.019404109303404075 0.027103610119623218 -0.042829641337568836 0.02558502765240029 0 -0.025256672800953697 20.612254313253597 OK 13 12 0.38340400000000002 0.26769399999999999 0.064520999999999995 0.317778 0.16045400000000001 0 0.065626000000000018 0.10723999999999997 0.064520999999999995 0.0088030000000000001 0.0088699999999999994 0.0083770000000000008 0.044121999999999995 0.085699000000000011 0.043835999999999993 0.0020019999999999999 0.0021099999999999999 0.0020460000000000001 0.00057800000000000006 0.00061000000000000008 0.00056700000000000001 20.612253863304854 20.612253863304854 20.612253863304854 0.013360128313687759 0.013360128313687759 0.013360128313687759 1 1 1 Converged Converged Converged OK OK OK 52 52 52 52 52 52 4 4 4 0 0 0 0 1 0 0 1
192 192 uniform 4 15 1731 2 0.001 1 0.00032846270376889571 0.019404109303404075 0.027103610119623218 -0.042829641337568836 0.028284729816352161 0 -0.027956374964905568 20.020119571392954 OK 13 12 0.392565 0.26919199999999999 0.063908000000000006 0.32711499999999999 0.159525 0 0.065450000000000008 0.10966699999999999 0.063908000000000006 0.0088800000000000007 0.0090720000000000002 0.008267 0.043818999999999997 0.087734999999999994 0.043389999999999998 0.0021060000000000002 0.0021700000000000001 0.002081 0.00058 0.00060400000000000004 0.00053599999999999991 20.020119050964126 20.020119050964126 20.020119050964126 0.012823928069314735 0.012823928069314735 0.012823928069314735 1 1 1 Converged Converged Converged OK OK OK 52 52 52 52 52 52 4 4 4 0 0 0 0 1 0 0 1
192 192 uniform 4 23 1731 3 0.001 1 0.00032846270376889571 0.019404109303404075 0.027103610119623218 -0.042829641337568836 0.030984431980304032 0 -0.030656077128857439 19.424178449920884 OK 13 12 0.37298599999999998 0.24207000000000001 0.064697000000000005 0.30633899999999997 0.14073099999999999 0 0.066647000000000012 0.10133900000000001 0.064697000000000005 0.008744 0.0085419999999999992 0.0079799999999999992 0.045287000000000008 0.080293000000000003 0.044617000000000004 0.0020470000000000002 0.0021080000000000001 0.002019 0.00058399999999999988 0.00055900000000000004 0.0005350000000000001 19.424177911290077 19.424177911290077 19.424177911290077 0.012408804880011587 0.012408804880011587 0.012408804880011587 1 1 1 Converged Converged Converged OK OK OK 52 52 52 52 52 52 4 4 4 0 0 0 0 1 0 0 1
192 192 uniform 4 0 1731 0 0.0001 1 0.00032846270376889571 0.019404109303404075 0.027103610119623218 -0.042829641337568836 0.023222788258942403 0 -0.02289443340749581 21.120925086667324 OK 13 12 0.42288999999999999 0.41933500000000001 0.098131999999999997 0.32209199999999999 0.32013900000000001 0 0.100798 0.099196000000000006 0.098131999999999997 0.0097630000000000008 0.0097509999999999993 0.0092130000000000007 0.065311000000000008 0.064625000000000016 0.064367000000000035 0.0036819999999999995 0.003398 0.0033110000000000001 0.0010020000000000001 0.00098300000000000015 0.001026 21.120925068171445 21.120925068171445 21.120925068171445 8.2510897242713539e-05 8.2510897242713539e-05 8.2510897242713539e-05 1 1 1 Converged Converged Converged OK OK OK 76 76 76 76 76 76 4 4 4 0 0 0 0 0 1 0 0
192 192 uniform 4 7 1731 1 0.0001 1 0.00032846270376889571 0.019404109303404075 0.027103610119623218 -0.042829641337568836 0.02558502765240029 0 -0.025256672800953697 20.612254313253597 OK 13 12 0.41737200000000002 0.31548999999999999 0.090704999999999994 0.32411699999999999 0.16225200000000001 0 0.093255000000000032 0.15323799999999999 0.090704999999999994 0.0089999999999999993 0.0089669999999999993 0.0083870000000000004 0.063761999999999999 0.12372799999999999 0.062995000000000023 0.003516 0.0036520000000000003 0.0031999999999999997 0.00084000000000000014 0.00094499999999999988 0.00083799999999999999 20.612254287413759 20.612254287413759 20.612254287413759 0.00010663863437632135 0.00010663863437632135 0.00010663863437632135 1 1 1 Converged Converged Converged OK OK OK 76 76 76 76 76 76 4 4 4 0 0 0 0 1 0 0 1
192 192 uniform 4 15 1731 2 0.0001 1 0.00032846270376889571 0.019404109303404075 0.027103610119623218 -0.042829641337568836 0.028284729816352161 0 -0.027956374964905568 20.020119571392954 OK 13 12 0.41959000000000002 0.310386 0.093786999999999995 0.32752199999999998 0.161084 0 0.092068000000000039 0.14930199999999999 0.093786999999999995 0.0089599999999999992 0.0089239999999999996 0.0086719999999999992 0.063092999999999982 0.119815 0.064021999999999996 0.0033490000000000004 0.0036219999999999998 0.0034329999999999999 0.00081300000000000003 0.00088800000000000001 0.00079799999999999999 20.020119559872839 20.020119559872839 20.020119559872839 0.00017884469805296783 0.00017884469805296783 0.00017884469805296783 1 1 1 Converged Converged Converged OK OK OK 76 76 76 76 76 76 4 4 4 0 0 0 0 1 0 0 1
192 192 uniform 4 23 1731 3 0.0001 1 0.00032846270376889571 0.019404109303404075 0.027103610119623218 -0.042829641337568836 0.030984431980304032 0 -0.030656077128857439 19.424178449920884 OK 13 12 0.40000599999999997 0.28156599999999998 0.091427999999999995 0.30733300000000002 0.142904 0 0.09267299999999995 0.13866199999999998 0.091427999999999995 0.0084670000000000006 0.0087100000000000007 0.0080649999999999993 0.064367999999999995 0.11022799999999998 0.063999000000000014 0.0032589999999999997 0.003271 0.0032520000000000005 0.00079399999999999989 0.00080799999999999991 0.00077899999999999996 19.424178461300023 19.424178461300023 19.424178461300023 0.00034116495312338873 0.00034116495312338873 0.00034116495312338873 1 1 1 Converged Converged Converged OK OK OK 76 76 76 76 76 76 4 4 4 0 0 0 0 1 0 0 1
193 193 linear 3 0 1732 0 0.001 1 0.0010741675114971571 0.017923884161286433 0.024219736631637907 -0.052986297360106883 0.020634959799380619 0.5 -0.01956194488564315 18.096447026901487 OK 13 12 0.42081400000000002 0.41705399999999998 0.107908 0.31018699999999999 0.30866399999999999 0 0.11062700000000003 0.10838999999999999 0.107908 0.010083 0.010057 0.0094579999999999994 0.078829999999999997 0.076773000000000022 0.077061999999999992 0.003124 0.0031359999999999999 0.0031540000000000001 0.00070799999999999997 0.00069800000000000005 0.000696 18.096387426391722 18.096387426391722 18.096387426391722 0.011828669124750063 0.011828669124750063 0.011828669124750063 1 1 1 Converged Converged Converged OK OK OK 68 68 68 68 68 68 4 4 4 0 0 0 0 0 1 0 0
193 193 linear 3 7 1732 1 0.001 1 0.0010741675114971571 0.017923884161286433 0.024219736631637907 -0.052986297360106883 0.022816997871189404 0.5 -0.021743982957451936 17.839000114890652 OK 13 12 0.41726099999999999 0.32246999999999998 0.10539999999999999 0.30822500000000003 0.15181600000000001 0 0.10903599999999997 0.17065399999999997 0.10539999999999999 0.0091109999999999993 0.0093690000000000006 0.008626 0.081634000000000012 0.14340699999999998 0.07932199999999999 0.0033249999999999998 0.0032300000000000002 0.0031220000000000002 0.00072000000000000005 0.00071000000000000002 0.00068199999999999999 17.838944956226847 17.838944956226847 17.838944956226847 0.010067211007905906 0.010067211007905906 0.010067211007905906 1 1 1 Converged Converged Converged OK OK OK 68 68 68 68 68 68 4 4 4 0 0 0 0 1 0 0 1
193 193 linear 3 15 1732 2 0.001 1 0.0010741675114971571 0.017923884161286433 0.024219736631637907 -0.052986297360106883 0.0253107556675423 0.5 -0.024237740753804832 17.529912417260441 OK 13 12 0.53002800000000005 0.42361399999999999 0.100786 0.42463200000000001 0.27100099999999999 0 0.10539600000000005 0.152613 0.100786 0.0089490000000000004 0.0088009999999999998 0.0083400000000000002 0.077995999999999996 0.12562400000000001 0.075163000000000021 0.003215 0.0031800000000000001 0.003026 0.0007310000000000001 0.00070299999999999996 0.00067400000000000001 17.529861865817832 17.529861865817832 17.529861865817832 0.0085706471582840844 0.0085706471582840844 0.0085706471582840844 1 1 1 Converged Converged Converged OK OK OK 68 68 68 68 68 68 4 4 4 0 0 0 0 1 0 0 1
193 193 linear 3 23 1732 3 0.001 1 0.0010741675114971571 0.017923884161286433 0.024219736631637907 -0.052986297360106883 0.027804513463895196 0.5 -0.026731498550157728 17.20739726154234 OK 13 12 0.39980700000000002 0.30418699999999999 0.099804000000000004 0.29616500000000001 0.145065 0 0.10364200000000001 0.15912199999999999 0.099804000000000004 0.0091190000000000004 0.0091549999999999999 0.0086269999999999993 0.076378000000000015 0.131824 0.073798999999999976 0.0032420000000000001 0.0032079999999999999 0.0031050000000000001 0.00070600000000000003 0.00070400000000000009 0.00068300000000000001 17.20735087162014 17.20735087162014 17.20735087162014 0.0074268871615279178 0.0074268871615279178 0.0074268871615279178 1 1 1 Converged Converged Converged OK OK OK 68 68 68 68 68 68 4 4 4 0 0 0 0 1 0 0 1
193 193 linear 3 0 1732 0 0.0001 1 0.0010741675114971571 0.017923884161286433 0.024219736631637907 -0.052986297360106883 0.020634959799380619 0.5 -0.01956194488564315 18.096447026901487 OK 13 12 0.429759 0.42573 0.120324 0.30668499999999999 0.30519400000000002 0 0.12307400000000002 0.12053599999999998 0.120324 0.010055 0.010031999999999999 0.0096849999999999992 0.08746799999999999 0.085217999999999988 0.084954999999999975 0.0036510000000000002 0.0038370000000000006 0.0039320000000000006 0.00089500000000000007 0.0009149999999999998 0.00088700000000000009 18.096436508754909 18.096436508754909 18.096436508754909 0.00022728181499587482 0.00022728181499587482 0.00022728181499587482 1 1 1 Converged Converged Converged OK OK OK 76 76 76 76 76 76 4 4 4 0 0 0 0 0 1 0 0
193 193 linear 3 7 1732 1 0.0001 1 0.0010741675114971571 0.017923884161286433 0.024219736631637907 -0.052986297360106883 0.022816997871189404 0.5 -0.021743982957451936 17.839000114890652 OK 13 12 0.425678 0.33699000000000001 0.11959 0.30513600000000002 0.15019199999999999 0 0.12054199999999998 0.18679800000000002 0.11959 0.0092300000000000004 0.009214 0.0098580000000000004 0.090185000000000015 0.156641 0.089268999999999987 0.0039699999999999996 0.0038539999999999998 0.0036579999999999994 0.00083599999999999994 0.00085800000000000004 0.00082599999999999991 17.838989776916733 17.838989776916733 17.838989776916733 0.00015695303549443954 0.00015695303549443954 0.00015695303549443954 1 1 1 Converged Converged Converged OK OK OK 76 76 76 76 76 76 4 4 4 0 0 0 0 1 0 0 1
193 193 linear 3 15 1732 2 0.0001 1 0.0010741675114971571 0.017923884161286433 0.024219736631637907 -0.052986297360106883 0.0253107556675423 0.5 -0.024237740753804832 17.529912417260441 OK 13 12 0.54012199999999999 0.43516700000000003 0.111652 0.42465599999999998 0.27288299999999999 0 0.11546600000000001 0.16228400000000004 0.111652 0.0088540000000000008 0.008855 0.0084639999999999993 0.085946000000000022 0.13311800000000007 0.083244000000000012 0.0035999999999999995 0.0035030000000000005 0.0035960000000000002 0.00085500000000000007 0.00083999999999999993 0.00080599999999999997 17.529902266731664 17.529902266731664 17.529902266731664 0.00012087576910734525 0.00012087576910734525 0.00012087576910734525 1 1 1 Converged Converged Converged OK OK OK 76 76 76 76 76 76 4 4 4 0 0 0 0 1 0 0 1
193 193 linear 3 23 1732 3 0.0001 1 0.0010741675114971571 0.017923884161286433 0.024219736631637907 -0.052986297360106883 0.027804513463895196 0.5 -0.026731498550157728 17.20739726154234 OK 13 12 0.41348600000000002 0.31829299999999999 0.110654 0.29936699999999999 0.14610100000000001 0 0.11411900000000003 0.17219199999999998 0.110654 0.0090840000000000001 0.0092250000000000006 0.0086809999999999995 0.084581999999999991 0.14109499999999997 0.082089000000000009 0.0034669999999999996 0.0042239999999999995 0.0035689999999999997 0.00083100000000000014 0.00085399999999999994 0.00079600000000000005 17.207387238510822 17.207387238510822 17.207387238510822 0.00010938684560419001 0.00010938684560419001 0.00010938684560419001 1 1 1 Converged Converged Converged OK OK OK 76 76 76 76 76 76 4 4 4 0 0 0 0 1 0 0 1
193 193 linear 4 0 1733 0 0.001 1 0.0010741675114971571 0.017923884161286433 0.037248167236608058 0.052302597682439875 0.03366339040435077 0.5 -0.032590375490613298 16.574940951376941 OK 13 12 0.39079000000000003 0.39424500000000001 0.09912 0.28887299999999999 0.29318 0 0.10191700000000004 0.10106500000000002 0.09912 0.0091179999999999994 0.0092569999999999996 0.0088970000000000004 0.071273000000000017 0.069571999999999981 0.068845999999999991 0.0032179999999999999 0.0034970000000000001 0.003042 0.00070300000000000007 0.00073800000000000016 0.00071700000000000008 16.574902269123829 16.574902269123829 16.574902269123829 0.0056486728233914171 0.0056486728233914171 0.0056486728233914171 1 1 1 Converged Converged Converged OK OK OK 68 68 68 68 68 68 4 4 4 0 0 0 0 0 1 0 0
193 193 linear 4 7 1733 1 0.001 1 0.0010741675114971571 0.017923884161286433 0.037248167236608058 0.052302597682439875 0.035845428476159555 0.5 -0.034772413562422083 16.26335273023976 OK 13 12 0.39610800000000002 0.28020499999999998 0.092867000000000005 0.296713 0.14080599999999999 0 0.099395000000000011 0.139399 0.092867000000000005 0.010088 0.0088970000000000004 0.0084200000000000004 0.070870000000000016 0.11231599999999999 0.066661999999999999 0.0031560000000000004 0.0030999999999999999 0.0032249999999999996 0.00073499999999999998 0.00070400000000000009 0.00070200000000000004 16.263316950849557 16.263316950849557 16.263316950849557 0.0051908257748790772 0.0051908257748790772 0.0051908257748790772 1 1 1 Converged Converged Converged OK OK OK 68 68 68 68 68 68 4 4 4 0 0 0 0 1 0 0 1
193 193 linear 4 15 1733 2 0.001 1 0.0010741675114971571 0.017923884161286433 0.037248167236608058 0.052302597682439875 0.038339186272512447 0.5 -0.037266171358774976 15.906045978418151 OK 13 12 0.38110899999999998 0.26520899999999997 0.083557999999999993 0.29287400000000002 0.13807900000000001 0 0.088234999999999952 0.12712999999999997 0.083557999999999993 0.0087069999999999995 0.0086929999999999993 0.0081019999999999998 0.061893999999999991 0.10151699999999997 0.059669999999999973 0.0034320000000000002 0.0032069999999999998 0.0027650000000000001 0.00066200000000000005 0.00063600000000000006 0.00057700000000000004 15.906012824580039 15.906012824580039 15.906012824580039 0.015542901411385378 0.015542901411385378 0.015542901411385378 1 1 1 Converged Converged Converged OK OK OK 60 60 60 60 60 60 4 4 4 0 0 0 0 1 0 0 1
193 193 linear 4 23 1733 3 0.001 1 0.0010741675114971571 0.017923884161286433 0.037248167236608058 0.052302597682439875 0.040832944068865347 0.5 -0.039759929155127875 15.5495577457514 OK 13 12 0.39273200000000003 0.28354699999999999 0.091396000000000005 0.29735899999999998 0.146976 0 0.095373000000000041 0.136571 0.091396000000000005 0.0085529999999999998 0.0085979999999999997 0.0080070000000000002 0.069621000000000016 0.11181599999999997 0.067590000000000011 0.0031840000000000002 0.0027569999999999999 0.002751 0.00065700000000000003 0.00059000000000000003 0.00062600000000000004 15.549527051915284 15.549527051915284 15.549527051915284 0.0098841257017857134 0.0098841257017857134 0.0098841257017857134 1 1 1 Converged Converged Converged OK OK OK 60 60 60 60 60 60 4 4 4 0 0 0 0 1 0 0 1
193 193 linear 4 0 1733 0 0.0001 1 0.0010741675114971571 0.017923884161286433 0.037248167236608058 0.052302597682439875 0.03366339040435077 0.5 -0.032590375490613298 16.574940951376941 OK 13 12 0.40696700000000002 0.40248200000000001 0.114201 0.28803499999999999 0.28809400000000002 0 0.11893200000000004 0.11438799999999999 0.114201 0.0089390000000000008 0.0089870000000000002 0.0084569999999999992 0.080088999999999994 0.08002200000000001 0.080808999999999978 0.003483 0.0035080000000000003 0.0035310000000000003 0.00082199999999999992 0.00086299999999999994 0.00087100000000000003 16.574931023123245 16.574931023123245 16.574931023123245 0.00016478772818374803 0.00016478772818374803 0.00016478772818374803 1 1 1 Converged Converged Converged OK OK OK 76 76 76 76 76 76 4 4 4 0 0 0 0 0 1 0 0
193 193 linear 4 7 1733 1 0.0001 1 0.0010741675114971571 0.017923884161286433 0.037248167236608058 0.052302597682439875 0.035845428476159555 0.5 -0.034772413562422083 16.26335273023976 OK 13 12 0.402752 0.28978199999999998 0.103934 0.29469499999999998 0.139208 0 0.10805700000000001 0.15057399999999999 0.103934 0.0089309999999999997 0.0089470000000000001 0.0083409999999999995 0.077956999999999999 0.12114500000000004 0.075360999999999997 0.003813 0.0036410000000000001 0.0036620000000000003 0.00084000000000000003 0.00085400000000000005 0.00080099999999999995 16.263343299343326 16.263343299343326 16.263343299343326 0.00023284246011040307 0.00023284246011040307 0.00023284246011040307 1 1 1 Converged Converged Converged OK OK OK 76 76 76 76 76 76 4 4 4 0 0 0 0 1 0 0 1
193 193 linear 4 15 1733 2 0.0001 1 0.0010741675114971571 0.017923884161286433 0.037248167236608058 0.052302597682439875 0.038339186272512447 0.5 -0.037266171358774976 15.906045978418151 OK 13 12 0.39710499999999999 0.29279699999999997 0.103495 0.28997699999999998 0.1356 0 0.107128 0.15719699999999998 0.103495 0.008711 0.0088159999999999992 0.0080560000000000007 0.077677000000000038 0.127502 0.075618000000000005 0.0037569999999999995 0.0038670000000000002 0.0036510000000000002 0.00086200000000000003 0.00089599999999999988 0.00083000000000000001 15.906036651386932 15.906036651386932 15.906036651386932 0.00042091066893054115 0.00042091066893054115 0.00042091066893054115 1 1 1 Converged Converged Converged OK OK OK 76 76 76 76 76 76 4 4 4 0 0 0 0 1 0 0 1
193 193 linear 4 23 1733 3 0.0001 1 0.0010741675114971571 0.017923884161286433 0.037248167236608058 0.052302597682439875 0.040832944068865347 0.5 -0.039759929155127875 15.5495577457514 OK 13 12 0.40991300000000003 0.31028600000000001 0.111217 0.29456300000000002 0.14704600000000001 0 0.11535000000000001 0.16324 0.111217 0.0085559999999999994 0.0086130000000000009 0.0080190000000000001 0.085931999999999994 0.13423000000000002 0.083316000000000001 0.0037349999999999996 0.0036010000000000005 0.0035649999999999996 0.00087399999999999999 0.00086100000000000011 0.00082299999999999995 15.549548757077746 15.549548757077746 15.549548757077746 0.00084720572501383517 0.00084720572501383517 0.00084720572501383517 1 1 1 Converged Converged Converged OK OK OK 76 76 76 76 76 76 4 4 4 0 0 0 0 1 0 0 1
193 193 uniform 3 0 1734 0 0.001 1 0.0010741675114971571 0.017923884161286433 0.024219736631637907 -0.052986297360106883 0.020634959799380619 0 -0.01956194488564315 18.117815500527474 OK 13 12 0.37955 0.38633899999999999 0.075750999999999999 0.30257499999999998 0.30504300000000001 0 0.076975000000000016 0.081295999999999979 0.075750999999999999 0.0096839999999999999 0.00992 0.0095359999999999993 0.050542000000000004 0.054611999999999994 0.050256000000000016 0.0021770000000000001 0.0022780000000000001 0.0021899999999999997 0.0006069999999999999 0.00064900000000000005 0.00067000000000000002 18.117816401599267 18.117816401599267 18.117816401599267 0.01134684474600583 0.01134684474600583 0.01134684474600583 1 1 1 Converged Converged Converged OK OK OK 52 52 52 52 52 52 4 4 4 0 0 0 0 0 1 0 0
193 193 uniform 3 7 1734 1 0.001 1 0.0010741675114971571 0.017923884161286433 0.024219736631637907 -0.052986297360106883 0.022816997871189404 0 -0.021743982957451936 17.859175339520252 OK 13 12 0.37957299999999999 0.26260699999999998 0.075880000000000003 0.30260300000000001 0.15042 0 0.076969999999999983 0.11218699999999998 0.075880000000000003 0.0092689999999999995 0.0092219999999999993 0.0086840000000000007 0.054238999999999989 0.088921000000000014 0.053943000000000026 0.0021549999999999998 0.0022430000000000002 0.002147 0.00063699999999999998 0.00065499999999999998 0.00063100000000000005 17.859177196300525 17.859177196300525 17.859177196300525 0.015243726135584584 0.015243726135584584 0.015243726135584584 1 1 1 Converged Converged Converged OK OK OK 52 52 52 52 52 52 4 4 4 0 0 0 0 1 0 0 1
193 193 uniform 3 15 1734 2 0.001 1 0.0010741675114971571 0.017923884161286433 0.024219736631637907 -0.052986297360106883 0.0253107556675423 0 -0.024237740753804832 17.54893018221804 OK 13 12 0.49607200000000001 0.38025999999999999 0.068586999999999995 0.42574899999999999 0.27554499999999998 0 0.070323000000000024 0.104715 0.068586999999999995 0.0088269999999999998 0.008796 0.0083289999999999996 0.048445000000000002 0.082758999999999999 0.047840000000000001 0.002085 0.0022650000000000001 0.0020819999999999996 0.00066100000000000013 0.00064100000000000008 0.00059500000000000004 17.548927643452259 17.548927643452259 17.548927643452259 0.015025333487534298 0.015025333487534298 0.015025333487534298 1 1 1 Converged Converged Converged OK OK OK 52 52 52 52 52 52 4 4 4 0 0 0 0 1 0 0 1
193 193 uniform 3 23 1734 3 0.001 1 0.0010741675114971571 0.017923884161286433 0.024219736631637907 -0.052986297360106883 0.027804513463895196 0 -0.026731498550157728 17.225360853381872 OK 13 12 0.36711199999999999 0.25228499999999998 0.066631999999999997 0.29805199999999998 0.14304700000000001 0 0.06906000000000001 0.10923799999999997 0.066631999999999997 0.0091540000000000007 0.0091380000000000003 0.008541 0.046528999999999987 0.087079000000000018 0.045765000000000007 0.0023189999999999999 0.0021770000000000001 0.002006 0.00066100000000000002 0.00059700000000000009 0.00060999999999999997 17.225357273750422 17.225357273750422 17.225357273750422 0.01409210383653136 0.01409210383653136 0.01409210383653136 1 1 1 Converged Converged Converged OK OK OK 52 52 52 52 52 52 4 4 4 0 0 0 0 1 0 0 1
193 193 uniform 3 0 1734 0 0.0001 1 0.0010741675114971571 0.017923884161286433 0.024219736631637907 -0.052986297360106883 0.020634959799380619 0 -0.01956194488564315 18.117815500527474 OK 13 12 0.40959000000000001 0.40918900000000002 0.103801 0.30350100000000002 0.30422500000000002 0 0.10608899999999999 0.104964 0.103801 0.010011000000000001 0.0099150000000000002 0.0095040000000000003 0.070648000000000002 0.070466999999999988 0.069936000000000026 0.0035220000000000004 0.0034000000000000002 0.0033030000000000004 0.00093800000000000003 0.00091200000000000005 0.00091500000000000001 18.117815497546179 18.117815497546179 18.117815497546179 0.0002521960802193219 0.0002521960802193219 0.0002521960802193219 1 1 1 Converged Converged Converged OK OK OK 76 76 76 76 76 76 4 4 4 0 0 0 0 0 1 0 0
193 193 uniform 3 7 1734 1 0.0001 1 0.0010741675114971571 0.017923884161286433 0.024219736631637907 -0.052986297360106883 0.022816997871189404 0 -0.021743982957451936 17.859175339520252 OK 13 12 0.40629399999999999 0.31575399999999998 0.100801 0.30347000000000002 0.14920700000000001 0 0.10282399999999997 0.16654699999999997 0.100801 0.0092329999999999999 0.0092099999999999994 0.0086800000000000002 0.072971000000000008 0.13650400000000004 0.072158000000000014 0.0034019999999999996 0.0036010000000000005 0.0033150000000000002 0.00095700000000000017 0.00093500000000000007 0.00090399999999999996 17.859175310470025 17.859175310470025 17.859175310470025 0.00014132189731660256 0.00014132189731660256 0.00014132189731660256 1 1 1 Converged Converged Converged OK OK OK 76 76 76 76 76 76 4 4 4 0 0 0 0 1 0 0 1
193 193 uniform 3 15 1734 2 0.0001 1 0.0010741675114971571 0.017923884161286433 0.024219736631637907 -0.052986297360106883 0.0253107556675423 0 -0.024237740753804832 17.54893018221804 OK 13 12 0.51954299999999998 0.41848999999999997 0.096385999999999999 0.42174600000000001 0.27132400000000001 0 0.097796999999999967 0.14716599999999996 0.096385999999999999 0.0090089999999999996 0.0088970000000000004 0.0083739999999999995 0.068774999999999961 0.11797000000000003 0.06840800000000001 0.0032600000000000003 0.003441 0.0032929999999999999 0.00084200000000000008 0.00086300000000000005 0.00085999999999999998 17.548930128111319 17.548930128111319 17.548930128111319 9.2895757151873937e-05 9.2895757151873937e-05 9.2895757151873937e-05 1 1 1 Converged Converged Converged OK OK OK 76 76 76 76 76 76 4 4 4 0 0 0 0 1 0 0 1
193 193 uniform 3 23 1734 3 0.0001 1 0.0010741675114971571 0.017923884161286433 0.024219736631637907 -0.052986297360106883 0.027804513463895196 0 -0.026731498550157728 17.225360853381872 OK 13 12 0.39429999999999998 0.29941600000000002 0.095482999999999998 0.29753200000000002 0.14194300000000001 0 0.096767999999999965 0.157473 0.095482999999999998 0.0092270000000000008 0.0091179999999999994 0.0085730000000000008 0.067401999999999976 0.12810400000000002 0.067325999999999983 0.0032789999999999998 0.0033500000000000001 0.003199 0.00082199999999999992 0.00082800000000000018 0.00082700000000000004 17.225360764076413 17.225360764076413 17.225360764076413 7.6555522369850515e-05 7.6555522369850515e-05 7.6555522369850515e-05 1 1 1 Converged Converged Converged OK OK OK 76 76 76 76 76 76 4 4 4 0 0 0 0 1 0 0 1
193 193 uniform 4 0 1735 0 0.001 1 0.0010741675114971571 0.017923884161286433 0.037248167236608058 0.052302597682439875 0.03366339040435077 0 -0.032590375490613298 16.591164543499765 OK 13 12 0.35842800000000002 0.35747000000000001 0.067561999999999997 0.28985300000000003 0.28905700000000001 0 0.068574999999999997 0.068413000000000002 0.067561999999999997 0.0089650000000000007 0.0090310000000000008 0.0085690000000000002 0.043889000000000011 0.044038999999999995 0.043556999999999992 0.002088 0.0020590000000000001 0.002127 0.00059399999999999991 0.00060700000000000001 0.00060300000000000002 16.59116062819723 16.59116062819723 16.59116062819723 0.012959390182590151 0.012959390182590151 0.012959390182590151 1 1 1 Converged Converged Converged OK OK OK 52 52 52 52 52 52 4 4 4 0 0 0 0 0 1 0 0
193 193 uniform 4 7 1735 1 0.001 1 0.0010741675114971571 0.017923884161286433 0.037248167236608058 0.052302597682439875 0.035845428476159555 0 -0.034772413562422083 16.278764046105625 OK 13 12 0.35566900000000001 0.240758 0.062329000000000002 0.29144599999999998 0.13941300000000001 0 0.06422300000000003 0.10134499999999999 0.062329000000000002 0.0089219999999999994 0.0090519999999999993 0.0082529999999999999 0.042232999999999993 0.079462000000000005 0.041708999999999996 0.0020530000000000001 0.002049 0.0020379999999999999 0.00058200000000000005 0.00059599999999999996 0.00056899999999999995 16.278760289489121 16.278760289489121 16.278760289489121 0.012647492844717912 0.012647492844717912 0.012647492844717912 1 1 1 Converged Converged Converged OK OK OK 52 52 52 52 52 52 4 4 4 0 0 0 0 1 0 0 1
193 193 uniform 4 15 1735 2 0.001 1 0.0010741675114971571 0.017923884161286433 0.037248167236608058 0.052302597682439875 0.038339186272512447 0 -0.037266171358774976 15.920573219968928 OK 13 12 0.36609799999999998 0.25601200000000002 0.072535000000000002 0.291769 0.13736999999999999 0 0.074328999999999978 0.11864200000000003 0.072535000000000002 0.0086730000000000002 0.0086979999999999991 0.0080459999999999993 0.048008000000000002 0.092672000000000018 0.047744999999999989 0.0027759999999999998 0.0027520000000000001 0.0026550000000000002 0.00062699999999999995 0.00059400000000000002 0.000611 15.920568988231153 15.920568988231153 15.920568988231153 0.0095893902444008118 0.0095893902444008118 0.0095893902444008118 1 1 1 Converged Converged Converged OK OK OK 60 60 60 60 60 60 4 4 4 0 0 0 0 1 0 0 1
193 193 uniform 4 23 1735 3 0.001 1 0.0010741675114971571 0.017923884161286433 0.037248167236608058 0.052302597682439875 0.040832944068865347 0 -0.039759929155127875 15.563249655054912 OK 13 12 0.35902000000000001 0.240171 0.062557000000000001 0.29441400000000001 0.148671 0 0.064605999999999997 0.091499999999999998 0.062557000000000001 0.0085850000000000006 0.0086619999999999996 0.0080660000000000003 0.044521000000000012 0.071847999999999967 0.043916000000000004 0.0018270000000000001 0.001769 0.0016940000000000002 0.00049100000000000001 0.00046599999999999994 0.00044200000000000001 15.563246793167824 15.563246793167824 15.563246793167824 0.015144877307784866 0.015144877307784866 0.015144877307784866 1 1 1 Converged Converged Converged OK OK OK 44 44 44 44 44 44 4 4 4 0 0 0 0 1 0 0 1
193 193 uniform 4 0 1735 0 0.0001 1 0.0010741675114971571 0.017923884161286433 0.037248167236608058 0.052302597682439875 0.03366339040435077 0 -0.032590375490613298 16.591164543499765 OK 13 12 0.39439200000000002 0.38545400000000002 0.096155000000000004 0.29783999999999999 0.288192 0 0.096552000000000027 0.097262000000000015 0.096155000000000004 0.0091500000000000001 0.0090340000000000004 0.0087620000000000007 0.062872000000000025 0.062784999999999966 0.062397000000000001 0.0032760000000000003 0.0039160000000000002 0.0033059999999999999 0.00083200000000000006 0.00085200000000000011 0.00082599999999999991 16.59116440841467 16.59116440841467 16.59116440841467 0.00017006201229571594 0.00017006201229571594 0.00017006201229571594 1 1 1 Converged Converged Converged OK OK OK 76 76 76 76 76 76 4 4 4 0 0 0 0 0 1 0 0
193 193 uniform 4 7 1735 1 0.0001 1 0.0010741675114971571 0.017923884161286433 0.037248167236608058 0.052302597682439875 0.035845428476159555 0 -0.034772413562422083 16.278764046105625 OK 13 12 0.383996 0.278831 0.090549000000000004 0.29462100000000002 0.13871600000000001 0 0.089374999999999982 0.14011499999999999 0.090549000000000004 0.0087449999999999993 0.0088559999999999993 0.0086969999999999999 0.060360999999999998 0.10561899999999995 0.061578000000000001 0.0034329999999999999 0.0088650000000000014 0.0034070000000000003 0.00078200000000000003 0.00081500000000000008 0.00079799999999999999 16.278763923942122 16.278763923942122 16.278763923942122 0.0003012413939038214 0.0003012413939038214 0.0003012413939038214 1 1 1 Converged Converged Converged OK OK OK 76 76 76 76 76 76 4 4 4 0 0 0 0 1 0 0 1
193 193 uniform 4 15 1735 2 0.0001 1 0.0010741675114971571 0.017923884161286433 0.037248167236608058 0.052302597682439875 0.038339186272512447 0 -0.037266171358774976 15.920573219968928 OK 13 12 0.38350899999999999 0.27819199999999999 0.087660000000000002 0.29399900000000001 0.13700000000000001 0 0.089509999999999978 0.14119199999999998 0.087660000000000002 0.0085959999999999995 0.0086009999999999993 0.0081429999999999992 0.060710000000000007 0.112418 0.059943999999999997 0.0032950000000000002 0.0033870000000000003 0.0032500000000000003 0.00082000000000000009 0.00083299999999999997 0.00080599999999999997 15.920573135684636 15.920573135684636 15.920573135684636 0.00061614553833941029 0.00061614553833941029 0.00061614553833941029 1 1 1 Converged Converged Converged OK OK OK 76 76 76 76 76 76 4 4 4 0 0 0 0 1 0 0 1
193 193 uniform 4 23 1735 3 0.0001 1 0.0010741675114971571 0.017923884161286433 0.037248167236608058 0.052302597682439875 0.040832944068865347 0 -0.039759929155127875 15.563249655054912 OK 13 12 0.39089000000000002 0.30023899999999998 0.095879000000000006 0.29389900000000002 0.14885100000000001 0 0.096990999999999994 0.15138799999999997 0.095879000000000006 0.0085660000000000007 0.0086079999999999993 0.0080920000000000002 0.06841499999999999 0.12263100000000002 0.068220000000000003 0.003333 0.0032989999999999998 0.0032179999999999999 0.00081699999999999991 0.00085799999999999993 0.00081300000000000003 15.563249903742026 15.563249903742026 15.563249903742026 0.001327919402768211 0.001327919402768211 0.001327919402768211 1 1 1 Converged Converged Converged OK OK OK 76 76 76 76 76 76 4 4 4 0 0 0 0 1 0 0 1
194 194 linear 3 0 1736 0 0.001 1 0.0042863203930941993 0.013675764513528872 0.00035306611607193198 -0.059512685469061723 -0.0023820867866338425 0.5 0.0066501130517097849 18.389018429944695 OK 15 14 0.70169599999999999 0.69295099999999998 0.21975 0.47653099999999998 0.47514400000000001 0 0.225165 0.21780699999999997 0.21975 0.016372999999999999 0.016035000000000001 0.015561999999999999 0.16496699999999997 0.15948099999999998 0.16065699999999991 0.0060619999999999997 0.0056739999999999994 0.0059090000000000002 0.001176 0.0011709999999999999 0.001289 18.388999072267758 18.388999072267758 18.388999072267758 0.0066272585720418831 0.0066272585720418831 0.0066272585720418831 1 1 1 Converged Converged Converged OK OK OK 112 112 112 112 112 112 8 8 8 0 0 0 0 0 1 0 0
194 194 linear 3 7 1736 1 0.001 1 0.0042863203930941993 0.013675764513528872 0.00035306611607193198 -0.059512685469061723 -0.00071721110672597955 0.5 0.0049852373718019217 18.435199297289461 OK 15 14 0.54788499999999996 0.52579100000000001 0.20183300000000001 0.341142 0.200265 0 0.20674299999999995 0.32552599999999998 0.20183300000000001 0.015173000000000001 0.015065 0.014501999999999999 0.16097100000000009 0.28035399999999999 0.15753700000000001 0.0053829999999999998 0.0053950000000000005 0.0054489999999999999 0.001101 0.001116 0.0010450000000000001 18.435184201245978 18.435184201245978 18.435184201245978 0.011048734084426822 0.011048734084426822 0.011048734084426822 1 1 1 Converged Converged Converged OK OK OK 104 104 104 104 104 104 8 8 8 0 0 0 0 1 0 0 1
194 194 linear 3 15 1736 2 0.001 1 0.0042863203930941993 0.013675764513528872 0.00035306611607193198 -0.059512685469061723 0.0011855039560258636 0.5 0.0030825223090500788 18.490368543530714 OK 15 14 0.65458300000000003 0.65859299999999998 0.19933200000000001 0.44648500000000002 0.31949 0 0.20809800000000001 0.33910299999999999 0.19933200000000001 0.014973999999999999 0.0154 0.014350999999999999 0.16322399999999992 0.29229500000000003 0.15525800000000001 0.0051870000000000006 0.0058869999999999999 0.005435999999999999 0.001036 0.0010810000000000001 0.0010570000000000002 18.490351223843657 18.490351223843657 18.490351223843657 0.01085106140568531 0.01085106140568531 0.01085106140568531 1 1 1 Converged Converged Converged OK OK OK 104 104 104 104 104 104 8 8 8 0 0 0 0 1 0 0 1
194 194 linear 3 23 1736 3 0.001 1 0.0042863203930941993 0.013675764513528872 0.00035306611607193198 -0.059512685469061723 0.0030882190187777065 0.5 0.0011798072462982359 18.546595961988707 OK 15 14 0.53627899999999995 0.52851099999999995 0.208562 0.320803 0.19319600000000001 0 0.21547599999999995 0.33531499999999992 0.208562 0.015077 0.015273 0.014262 0.16798000000000005 0.28701900000000008 0.162775 0.0058140000000000006 0.0061440000000000002 0.0056030000000000003 0.0012010000000000002 0.0013160000000000001 0.001189 18.546572935950273 18.546572935950273 18.546572935950273 0.0065893244938746067 0.0065893244938746067 0.0065893244938746067 1 1 1 Converged Converged Converged OK OK OK 112 112 112 112 112 112 8 8 8 0 0 0 0 1 0 0 1
194 194 linear 3 0 1736 0 0.0001 1 0.0042863203930941993 0.013675764513528872 0.00035306611607193198 -0.059512685469061723 -0.0023820867866338425 0.5 0.0066501130517097849 18.389018429944695 OK 15 14 0.73326400000000003 0.73217399999999999 0.25472 0.47398400000000002 0.47497200000000001 0 0.25928000000000001 0.25720199999999999 0.25472 0.016011999999999998 0.016053999999999999 0.015539000000000001 0.188337 0.184609 0.18440799999999999 0.0069999999999999993 0.0079479999999999985 0.007273 0.00164 0.0016890000000000002 0.0016409999999999999 18.389006571118497 18.389006571118497 18.389006571118497 0.0010809549279542508 0.0010809549279542508 0.0010809549279542508 1 1 1 Converged Converged Converged OK OK OK 136 136 136 136 136 136 8 8 8 0 0 0 0 0 1 0 0
194 194 linear 3 7 1736 1 0.0001 1 0.0042863203930941993 0.013675764513528872 0.00035306611607193198 -0.059512685469061723 -0.00071721110672597955 0.5 0.0049852373718019217 18.435199297289461 OK 15 14 0.57111999999999996 0.56577999999999995 0.21733 0.34706999999999999 0.20060600000000001 0 0.22404999999999997 0.36517399999999994 0.21733 0.015132 0.015095000000000001 0.014383 0.17392400000000005 0.31558199999999992 0.16900100000000004 0.0063439999999999998 0.0061860000000000005 0.0062250000000000005 0.0013730000000000001 0.0013599999999999999 0.001323 18.435187418182469 18.435187418182469 18.435187418182469 0.0018188229114538589 0.0018188229114538589 0.0018188229114538589 1 1 1 Converged Converged Converged OK OK OK 120 120 120 120 120 120 8 8 8 0 0 0 0 1 0 0 1
194 194 linear 3 15 1736 2 0.0001 1 0.0042863203930941993 0.013675764513528872 0.00035306611607193198 -0.059512685469061723 0.0011855039560258636 0.5 0.0030825223090500788 18.490368543530714 OK 15 14 0.67503999999999997 0.69457899999999995 0.21956500000000001 0.44664500000000001 0.31406899999999999 0 0.22839499999999996 0.38050999999999996 0.21956500000000001 0.015134999999999999 0.015211000000000001 0.014465 0.17875200000000005 0.33035999999999993 0.17134100000000013 0.006098000000000001 0.0063910000000000017 0.0059410000000000001 0.0013600000000000001 0.0013539999999999997 0.001348 18.490356830245588 18.490356830245588 18.490356830245588 0.0016756554252544927 0.0016756554252544927 0.0016756554252544927 1 1 1 Converged Converged Converged OK OK OK 120 120 120 120 120 120 8 8 8 0 0 0 0 1 0 0 1
194 194 linear 3 23 1736 3 0.0001 1 0.0042863203930941993 0.013675764513528872 0.00035306611607193198 -0.059512685469061723 0.0030882190187777065 0.5 0.0011798072462982359 18.546595961988707 OK 15 14 0.573044 0.56193400000000004 0.24204700000000001 0.323353 0.19189300000000001 0 0.249691 0.37004100000000006 0.24204700000000001 0.015187000000000001 0.015198 0.014253 0.19325599999999993 0.3091020000000001 0.18903200000000009 0.0083710000000000017 0.0076059999999999999 0.0071500000000000001 0.0017279999999999999 0.0016820000000000001 0.0016150000000000001 18.546583826777947 18.546583826777947 18.546583826777947 0.0011930229169309515 0.0011930229169309515 0.0011930229169309515 1 1 1 Converged Converged Converged OK OK OK 136 136 136 136 136 136 8 8 8 0 0 0 0 1 0 0 1
194 194 linear 4 0 1737 0 0.001 1 0.0042863203930941993 0.013675764513528872 0.005509736253051175 -0.041171598163418824 0.0027745833503454004 0.5 0.001493442914730542 26.762772820122521 OK 15 14 0.61875999999999998 0.61591399999999996 0.20180600000000001 0.41351599999999999 0.41022399999999998 0 0.20524399999999998 0.20568999999999998 0.20180600000000001 0.015871 0.016036000000000002 0.015606999999999999 0.15120100000000003 0.15036899999999995 0.14792899999999998 0.0052420000000000001 0.005954000000000001 0.0055449999999999996 0.0011249999999999999 0.0012129999999999999 0.0011119999999999999 26.762736195898484 26.762736195898484 26.762736195898484 0.026040739459960941 0.026040739459960941 0.026040739459960941 1 1 1 Converged Converged Converged OK OK OK 97 97 97 97 97 97 7 7 7 0 0 0 0 0 1 0 0
194 194 linear 4 7 1737 1 0.001 1 0.0042863203930941993 0.013675764513528872 0.005509736253051175 -0.041171598163418824 0.0044394590302532632 0.5 -0.00017143276517732082 26.863165631542426 OK 15 14 0.47157399999999999 0.415321 0.16012499999999999 0.307004 0.17979800000000001 0 0.16456999999999999 0.23552299999999998 0.16012499999999999 0.015247 0.015193999999999999 0.014352 0.12118799999999999 0.19154599999999999 0.11807900000000002 0.0048689999999999992 0.0054260000000000003 0.0048760000000000001 0.001114 0.001126 0.0010680000000000002 26.863145072078289 26.863145072078289 26.863145072078289 0.021472254212564171 0.021472254212564171 0.021472254212564171 1 1 1 Converged Converged Converged OK OK OK 89 89 89 89 89 89 7 7 7 0 0 0 0 1 0 0 1
194 194 linear 4 15 1737 2 0.001 1 0.0042863203930941993 0.013675764513528872 0.005509736253051175 -0.041171598163418824 0.0063421740930051061 0.5 -0.0020741478279291637 26.932501964324089 OK 15 14 0.458314 0.40974699999999997 0.16408200000000001 0.29280800000000001 0.16750200000000001 0 0.16550599999999999 0.24224499999999996 0.16408200000000001 0.015110999999999999 0.015219999999999999 0.014211 0.122559 0.198236 0.12272999999999999 0.0050010000000000002 0.0053839999999999999 0.0047660000000000003 0.0010509999999999999 0.0010790000000000001 0.0010179999999999998 26.93246881533787 26.93246881533787 26.93246881533787 0.021186830349094781 0.021186830349094781 0.021186830349094781 1 1 1 Converged Converged Converged OK OK OK 89 89 89 89 89 89 7 7 7 0 0 0 0 1 0 0 1
194 194 linear 4 23 1737 3 0.001 1 0.0042863203930941993 0.013675764513528872 0.005509736253051175 -0.041171598163418824 0.008244889155756949 0.5 -0.0039768628906810067 26.953841070663284 OK 15 14 0.49011700000000002 0.45426699999999998 0.167185 0.31526999999999999 0.19523399999999999 0 0.17484700000000003 0.25903299999999996 0.167185 0.01528 0.015599 0.015730000000000001 0.13203799999999999 0.21561500000000006 0.12458299999999997 0.0047779999999999993 0.0050179999999999999 0.004738 0.0010969999999999999 0.0011910000000000002 0.001142 26.953803099154534 26.953803099154534 26.953803099154534 0.026211061599740182 0.026211061599740182 0.026211061599740182 1 1 1 Converged Converged Converged OK OK OK 96 96 96 96 96 96 8 8 8 0 0 0 0 1 0 0 1
194 194 linear 4 0 1737 0 0.0001 1 0.0042863203930941993 0.013675764513528872 0.005509736253051175 -0.041171598163418824 0.0027745833503454004 0.5 0.001493442914730542 26.762772820122521 OK 15 14 0.65681900000000004 0.65663899999999997 0.23655300000000001 0.40970800000000002 0.41276600000000002 0 0.24711100000000003 0.24387299999999995 0.23655300000000001 0.016338999999999999 0.016466000000000001 0.015606999999999999 0.18190399999999998 0.17740999999999993 0.17215399999999995 0.0066930000000000002 0.0075659999999999998 0.0068630000000000002 0.0014120000000000001 0.0014709999999999999 0.0013799999999999999 26.762755792985718 26.762755792985718 26.762755792985718 0.0013129544171680213 0.0013129544171680213 0.0013129544171680213 1 1 1 Converged Converged Converged OK OK OK 121 121 121 121 121 121 7 7 7 0 0 0 0 0 1 0 0
194 194 linear 4 7 1737 1 0.0001 1 0.0042863203930941993 0.013675764513528872 0.005509736253051175 -0.041171598163418824 0.0044394590302532632 0.5 -0.00017143276517732082 26.863165631542426 OK 15 14 0.53678800000000004 0.51663099999999995 0.223963 0.30620999999999998 0.181667 0 0.23057800000000006 0.33496399999999993 0.223963 0.014914999999999999 0.015498 0.014341 0.17302800000000002 0.27613899999999986 0.16743199999999994 0.0072379999999999996 0.0076229999999999996 0.0074190000000000002 0.00158 0.001642 0.0016220000000000002 26.863147673054019 26.863147673054019 26.863147673054019 0.0021173458436872647 0.0021173458436872647 0.0021173458436872647 1 1 1 Converged Converged Converged OK OK OK 129 129 129 129 129 129 7 7 7 0 0 0 0 1 0 0 1
194 194 linear 4 15 1737 2 0.0001 1 0.0042863203930941993 0.013675764513528872 0.005509736253051175 -0.041171598163418824 0.0063421740930051061 0.5 -0.0020741478279291637 26.932501964324089 OK 15 14 0.53963700000000003 0.51749000000000001 0.23527000000000001 0.29767199999999999 0.168074 0 0.24196500000000004 0.349416 0.23527000000000001 0.014997999999999999 0.015200999999999999 0.014385999999999999 0.18216600000000011 0.28899499999999989 0.17664400000000005 0.0075299999999999994 0.0080960000000000008 0.0076319999999999999 0.0016909999999999998 0.0016710000000000002 0.0016190000000000002 26.932485582372411 26.932485582372411 26.932485582372411 0.0026189513113573878 0.0026189513113573878 0.0026189513113573878 1 1 1 Converged Converged Converged OK OK OK 137 137 137 137 137 137 7 7 7 0 0 0 0 1 0 0 1
194 194 linear 4 23 1737 3 0.0001 1 0.0042863203930941993 0.013675764513528872 0.005509736253051175 -0.041171598163418824 0.008244889155756949 0.5 -0.0039768628906810067 26.953841070663284 OK 15 14 0.62410100000000002 0.650671 0.28109299999999998 0.33100400000000002 0.190632 0 0.293097 0.46003899999999998 0.28109299999999998 0.016234999999999999 0.015393 0.014668 0.2174579999999999 0.38584100000000016 0.20874399999999996 0.009980000000000001 0.009944999999999999 0.0096299999999999997 0.0020670000000000003 0.0021290000000000002 0.0021690000000000004 26.95382468073441 26.95382468073441 26.95382468073441 0.00028861250047600818 0.00028861250047600818 0.00028861250047600818 1 1 1 Converged Converged Converged OK OK OK 176 176 176 176 176 176 8 8 8 0 0 0 0 1 0 0 1
194 194 uniform 3 0 1738 0 0.001 1 0.0042863203930941993 0.013675764513528872 0.00035306611607193198 -0.059512685469061723 -0.0023820867866338425 0 0.0066501130517097849 18.411996967561535 OK 15 14 0.62945600000000002 0.62648300000000001 0.154838 0.47708200000000001 0.47359200000000001 0 0.15237400000000001 0.152891 0.154838 0.015740000000000001 0.016182999999999999 0.015332999999999999 0.10379699999999999 0.10406199999999997 0.10745000000000003 0.00396 0.0040150000000000003 0.0038890000000000001 0.00088499999999999994 0.00094799999999999995 0.00089100000000000008 18.412093043179933 18.412093043179933 18.412093043179933 0.017758309495383252 0.017758309495383252 0.017758309495383252 1 1 1 Converged Converged Converged OK OK OK 88 88 88 88 88 88 8 8 8 0 0 0 0 0 1 0 0
194 194 uniform 3 7 1738 1 0.001 1 0.0042863203930941993 0.013675764513528872 0.00035306611607193198 -0.059512685469061723 -0.00071721110672597955 0 0.0049852373718019217 18.456700778519846 OK 15 14 0.48749700000000001 0.45473599999999997 0.14454500000000001 0.34068999999999999 0.19981399999999999 0 0.14680700000000002 0.25492199999999998 0.14454500000000001 0.015271 0.015223 0.014318000000000001 0.10617699999999999 0.21459300000000009 0.10565800000000002 0.0039630000000000004 0.004058 0.0039520000000000007 0.00093099999999999997 0.00091900000000000011 0.00090299999999999994 18.456816023340981 18.456816023340981 18.456816023340981 0.016283911531940632 0.016283911531940632 0.016283911531940632 1 1 1 Converged Converged Converged OK OK OK 88 88 88 88 88 88 8 8 8 0 0 0 0 1 0 0 1
194 194 uniform 3 15 1738 2 0.001 1 0.0042863203930941993 0.013675764513528872 0.00035306611607193198 -0.059512685469061723 0.0011855039560258636 0 0.0030825223090500788 18.511965037081591 OK 15 14 0.59507200000000005 0.58301400000000003 0.14526800000000001 0.448071 0.31632100000000002 0 0.14700100000000005 0.26669300000000001 0.14526800000000001 0.015058999999999999 0.015435000000000001 0.014291999999999999 0.106797 0.22616900000000004 0.10652799999999997 0.0039659999999999999 0.0040760000000000006 0.003898 0.00088000000000000003 0.00085799999999999993 0.00086300000000000005 18.512089803539823 18.512089803539823 18.512089803539823 0.016770326010380084 0.016770326010380084 0.016770326010380084 1 1 1 Converged Converged Converged OK OK OK 88 88 88 88 88 88 8 8 8 0 0 0 0 1 0 0 1
194 194 uniform 3 23 1738 3 0.001 1 0.0042863203930941993 0.013675764513528872 0.00035306611607193198 -0.059512685469061723 0.0030882190187777065 0 0.0011798072462982359 18.570062152161331 OK 15 14 0.47773399999999999 0.43305199999999999 0.155698 0.32006200000000001 0.190471 0 0.15767199999999998 0.24258099999999999 0.155698 0.015154000000000001 0.015193 0.014329 0.11412900000000006 0.19895499999999994 0.11416399999999999 0.0045289999999999992 0.0044810000000000006 0.0042290000000000001 0.0010989999999999999 0.0011529999999999999 0.0010349999999999999 18.570053160183495 18.570053160183495 18.570053160183495 0.01180301024814847 0.01180301024814847 0.01180301024814847 1 1 1 Converged Converged Converged OK OK OK 96 96 96 96 96 96 8 8 8 0 0 0 0 1 0 0 1
194 194 uniform 3 0 1738 0 0.0001 1 0.0042863203930941993 0.013675764513528872 0.00035306611607193198 -0.059512685469061723 -0.0023820867866338425 0 0.0066501130517097849 18.411996967561535 OK 15 14 0.68229700000000004 0.67988700000000002 0.21049300000000001 0.474383 0.47194799999999998 0 0.20791400000000004 0.20793900000000004 0.21049300000000001 0.015889 0.016185999999999999 0.015391 0.14193199999999995 0.14200499999999999 0.14511299999999999 0.0059350000000000002 0.0059579999999999998 0.0061869999999999998 0.0015090000000000001 0.001542 0.0015250000000000001 18.411996312369357 18.411996312369357 18.411996312369357 0.0014929478881713343 0.0014929478881713343 0.0014929478881713343 1 1 1 Converged Converged Converged OK OK OK 128 128 128 128 128 128 8 8 8 0 0 0 0 0 1 0 0
194 194 uniform 3 7 1738 1 0.0001 1 0.0042863203930941993 0.013675764513528872 0.00035306611607193198 -0.059512685469061723 -0.00071721110672597955 0 0.0049852373718019217 18.456700778519846 OK 15 14 0.52852900000000003 0.53512400000000004 0.18480199999999999 0.34265200000000001 0.20152900000000001 0 0.18587700000000001 0.33359500000000003 0.18480199999999999 0.015074000000000001 0.019278 0.014482999999999999 0.13734599999999997 0.28075599999999984 0.13706800000000002 0.005463 0.0055759999999999994 0.005633 0.0013749999999999999 0.0014060000000000001 0.0013789999999999998 18.456700057958155 18.456700057958155 18.456700057958155 0.00159997006704391 0.00159997006704391 0.00159997006704391 1 1 1 Converged Converged Converged OK OK OK 120 120 120 120 120 120 8 8 8 0 0 0 0 1 0 0 1
194 194 uniform 3 15 1738 2 0.0001 1 0.0042863203930941993 0.013675764513528872 0.00035306611607193198 -0.059512685469061723 0.0011855039560258636 0 0.0030825223090500788 18.511965037081591 OK 15 14 0.63481100000000001 0.66320500000000004 0.188526 0.44804899999999998 0.31666 0 0.18676200000000004 0.34654500000000005 0.188526 0.015042 0.015108 0.014345 0.13836300000000004 0.29781799999999997 0.14125999999999997 0.00547 0.0056600000000000001 0.0055040000000000002 0.0012769999999999999 0.0013110000000000001 0.0013239999999999999 18.511964516315349 18.511964516315349 18.511964516315349 0.0013748047770379256 0.0013748047770379256 0.0013748047770379256 1 1 1 Converged Converged Converged OK OK OK 120 120 120 120 120 120 8 8 8 0 0 0 0 1 0 0 1
194 194 uniform 3 23 1738 3 0.0001 1 0.0042863203930941993 0.013675764513528872 0.00035306611607193198 -0.059512685469061723 0.0030882190187777065 0 0.0011798072462982359 18.570062152161331 OK 15 14 0.51801900000000001 0.52214700000000003 0.194378 0.32078699999999999 0.202738 0 0.19723200000000002 0.31940900000000005 0.194378 0.015075 0.014966 0.014260999999999999 0.14546999999999996 0.26799800000000029 0.14485700000000004 0.0062669999999999991 0.0062419999999999993 0.0057809999999999997 0.001578 0.0015909999999999997 0.0015089999999999999 18.570061418159479 18.570061418159479 18.570061418159479 0.0017479576023080464 0.0017479576023080464 0.0017479576023080464 1 1 1 Converged Converged Converged OK OK OK 128 128 128 128 128 128 8 8 8 0 0 0 0 1 0 0 1
194 194 uniform 4 0 1739 0 0.001 1 0.0042863203930941993 0.013675764513528872 0.005509736253051175 -0.041171598163418824 0.0027745833503454004 0 0.001493442914730542 26.807138083407075 OK 15 14 0.571295 0.57403099999999996 0.15665399999999999 0.41137299999999999 0.41465600000000002 0 0.15992200000000001 0.15937499999999993 0.15665399999999999 0.015949999999999999 0.01609 0.01555 0.10782699999999996 0.10792899999999998 0.10654699999999998 0.0049909999999999998 0.0047749999999999989 0.0045629999999999993 0.0012139999999999998 0.0011640000000000001 0.0011480000000000001 26.807137858152803 26.807137858152803 26.807137858152803 0.0145839937692129 0.0145839937692129 0.0145839937692129 1 1 1 Converged Converged Converged OK OK OK 89 89 89 89 89 89 7 7 7 0 0 0 0 0 1 0 0
194 194 uniform 4 7 1739 1 0.001 1 0.0042863203930941993 0.013675764513528872 0.005509736253051175 -0.041171598163418824 0.0044394590302532632 0 -0.00017143276517732082 26.909041390438922 OK 15 14 0.445214 0.38762200000000002 0.135183 0.30701899999999999 0.177401 0 0.13819500000000001 0.21022100000000002 0.135183 0.015238 0.01528 0.014453000000000001 0.095246999999999971 0.16735800000000001 0.093971999999999986 0.0044600000000000004 0.0045699999999999994 0.004437 0.0011200000000000001 0.001139 0.001062 26.909038211512652 26.909038211512652 26.909038211512652 0.012767538947523593 0.012767538947523593 0.012767538947523593 1 1 1 Converged Converged Converged OK OK OK 89 89 89 89 89 89 7 7 7 0 0 0 0 1 0 0 1
194 194 uniform 4 15 1739 2 0.001 1 0.0042863203930941993 0.013675764513528872 0.005509736253051175 -0.041171598163418824 0.0063421740930051061 0 -0.0020741478279291637 26.98009545633542 OK 15 14 0.43326900000000002 0.38309799999999999 0.136182 0.29425499999999999 0.16616700000000001 0 0.13901400000000003 0.21693099999999998 0.136182 0.01524 0.015036000000000001 0.014252000000000001 0.09634299999999997 0.174539 0.095510999999999957 0.0044920000000000003 0.0045019999999999999 0.0043400000000000001 0.0010570000000000002 0.0010089999999999999 0.00099599999999999992 26.980087225401942 26.980087225401942 26.980087225401942 0.013692741623756376 0.013692741623756376 0.013692741623756376 1 1 1 Converged Converged Converged OK OK OK 89 89 89 89 89 89 7 7 7 0 0 0 0 1 0 0 1
194 194 uniform 4 23 1739 3 0.001 1 0.0042863203930941993 0.013675764513528872 0.005509736253051175 -0.041171598163418824 0.008244889155756949 0 -0.0039768628906810067 27.003159211459867 OK 15 14 0.465978 0.42788999999999999 0.14288699999999999 0.31689899999999999 0.19241 0 0.14907900000000002 0.23547999999999999 0.14288699999999999 0.015485000000000001 0.015363999999999999 0.014541999999999999 0.10492399999999999 0.19141100000000003 0.10071500000000003 0.0045789999999999997 0.0045890000000000002 0.0042979999999999997 0.0011820000000000001 0.0010840000000000001 0.001129 27.003176570195052 27.003176570195052 27.003176570195052 0.023430929804521518 0.023430929804521518 0.023430929804521518 1 1 1 Converged Converged Converged OK OK OK 96 96 96 96 96 96 8 8 8 0 0 0 0 1 0 0 1
194 194 uniform 4 0 1739 0 0.0001 1 0.0042863203930941993 0.013675764513528872 0.005509736253051175 -0.041171598163418824 0.0027745833503454004 0 0.001493442914730542 26.807138083407075 OK 15 14 0.62112000000000001 0.62438700000000003 0.20735899999999999 0.41402 0.41795100000000002 0 0.20710000000000001 0.20643600000000001 0.20735899999999999 0.01617 0.016334000000000001 0.015633000000000001 0.14062299999999997 0.14082199999999989 0.14336199999999996 0.0073089999999999995 0.0069300000000000004 0.0063859999999999993 0.0015589999999999998 0.0015890000000000001 0.0014680000000000001 26.807136824344507 26.807136824344507 26.807136824344507 0.001217407770719104 0.001217407770719104 0.001217407770719104 1 1 1 Converged Converged Converged OK OK OK 121 121 121 121 121 121 7 7 7 0 0 0 0 0 1 0 0
194 194 uniform 4 7 1739 1 0.0001 1 0.0042863203930941993 0.013675764513528872 0.005509736253051175 -0.041171598163418824 0.0044394590302532632 0 -0.00017143276517732082 26.909041390438922 OK 15 14 0.50059799999999999 0.47810999999999998 0.188916 0.30853900000000001 0.17916599999999999 0 0.19205899999999998 0.29894399999999999 0.188916 0.015165 0.015412 0.014338999999999999 0.13450199999999993 0.2411029999999999 0.13339399999999998 0.0071280000000000007 0.0068349999999999991 0.0066749999999999995 0.0016279999999999999 0.00167 0.0015870000000000003 26.909039779849095 26.909039779849095 26.909039779849095 0.0017092238344163196 0.0017092238344163196 0.0017092238344163196 1 1 1 Converged Converged Converged OK OK OK 129 129 129 129 129 129 7 7 7 0 0 0 0 1 0 0 1
194 194 uniform 4 15 1739 2 0.0001 1 0.0042863203930941993 0.013675764513528872 0.005509736253051175 -0.041171598163418824 0.0063421740930051061 0 -0.0020741478279291637 26.98009545633542 OK 15 14 0.49859399999999998 0.48572799999999999 0.19830700000000001 0.29783700000000002 0.171292 0 0.20075699999999996 0.31443599999999999 0.19830700000000001 0.015273999999999999 0.01516 0.01434 0.14144000000000004 0.25451600000000002 0.14042600000000005 0.0070320000000000001 0.0072900000000000005 0.0069370000000000005 0.0016410000000000003 0.0016570000000000001 0.0016280000000000001 26.98009465815916 26.98009465815916 26.98009465815916 0.001160864517422286 0.001160864517422286 0.001160864517422286 1 1 1 Converged Converged Converged OK OK OK 137 137 137 137 137 137 7 7 7 0 0 0 0 1 0 0 1
194 194 uniform 4 23 1739 3 0.0001 1 0.0042863203930941993 0.013675764513528872 0.005509736253051175 -0.041171598163418824 0.008244889155756949 0 -0.0039768628906810067 27.003159211459867 OK 15 14 0.54167600000000005 0.57140299999999999 0.216195 0.32001200000000002 0.19358500000000001 0 0.22166400000000003 0.37781799999999999 0.216195 0.015439 0.015363999999999999 0.014586999999999999 0.15503300000000009 0.3119699999999998 0.15288899999999994 0.0091039999999999992 0.0083349999999999987 0.0076709999999999999 0.002003 0.0019629999999999999 0.0018760000000000003 27.003158414781602 27.003158414781602 27.003158414781602 0.0016135563668199795 0.0016135563668199795 0.0016135563668199795 1 1 1 Converged Converged Converged OK OK OK 160 160 160 160 160 160 8 8 8 0 0 0 0 1 0 0 1
195 195 linear 3 0 1740 0 0.001 1 0.0054926088447491165 0.016344145882824103 -0.018809965773235737 -0.01347308421372163 -0.022078794949800556 0.5 0.027541399842600112 36.329142739477888 OK 17 16 0.73529699999999998 0.72748299999999999 0.36833700000000003 0.36012300000000003 0.35678100000000001 0 0.37517399999999995 0.37070199999999998 0.36833700000000003 0.017689 0.017513999999999998 0.017559999999999999 0.27981400000000006 0.27510599999999991 0.27235799999999999 0.017707000000000001 0.018544999999999999 0.018791000000000002 0.0019710000000000001 0.0020780000000000004 0.0021710000000000002 36.32931770524938 36.32931770524938 36.32931770524938 0.028050394376327469 0.028050394376327469 0.028050394376327469 1 1 1 Converged Converged Converged OK OK OK 222 222 222 222 222 222 10 10 10 0 0 0 0 0 1 0 0
195 195 linear 3 7 1740 1 0.001 1 0.0054926088447491165 0.016344145882824103 -0.018809965773235737 -0.01347308421372163 -0.020089072842326319 0.5 0.025551677735125875 38.930406499374797 OK 18 17 0.76018799999999997 0.69572900000000004 0.27588699999999999 0.48175299999999999 0.361039 0 0.27843499999999999 0.33469000000000004 0.27588699999999999 0.0189 0.018609000000000001 0.017718000000000001 0.22133199999999989 0.2742159999999999 0.22041500000000003 0.0071879999999999999 0.0072409999999999992 0.0069639999999999997 0.0016539999999999999 0.0018270000000000001 0.001549 38.930307771100026 38.930307771100026 38.930307771100026 0.02691153437325397 0.02691153437325397 0.02691153437325397 1 1 1 Converged Converged Converged OK OK OK 133 133 133 133 133 133 11 11 11 0 0 0 0 1 0 0 1
195 195 linear 3 15 1740 2 0.001 1 0.0054926088447491165 0.016344145882824103 -0.018809965773235737 -0.01347308421372163 -0.017815104719498619 0.5 0.023277709612298175 42.412880663914237 OK 18 17 0.76566500000000004 0.70304199999999994 0.27258500000000002 0.48637999999999998 0.36654599999999998 0 0.27928500000000006 0.33649599999999996 0.27258500000000002 0.018256999999999999 0.018423999999999999 0.017517000000000001 0.22214399999999995 0.27890100000000001 0.21668399999999993 0.0072059999999999997 0.0071330000000000005 0.0072620000000000011 0.0016930000000000001 0.0019289999999999997 0.001722 42.41278169603342 42.41278169603342 42.41278169603342 0.023049207316375622 0.023049207316375622 0.023049207316375622 1 1 1 Converged Converged Converged OK OK OK 141 141 141 141 141 141 11 11 11 0 0 0 0 1 0 0 1
195 195 linear 3 23 1740 3 0.001 1 0.0054926088447491165 0.016344145882824103 -0.018809965773235737 -0.01347308421372163 -0.015541136596670916 0.5 0.02100374148947047 46.619885737254364 OK 18 17 0.659354 0.60547600000000001 0.26483800000000002 0.38131900000000002 0.261938 0 0.27803499999999998 0.34353800000000001 0.26483800000000002 0.018870000000000001 0.018700000000000001 0.017398 0.21838600000000008 0.28516699999999995 0.20992400000000005 0.0085010000000000016 0.0077069999999999994 0.0069540000000000001 0.0018109999999999997 0.001766 0.0016610000000000001 46.619772185513085 46.619772185513085 46.619772185513085 0.026883070274697749 0.026883070274697749 0.026883070274697749 1 1 1 Converged Converged Converged OK OK OK 141 141 141 141 141 141 11 11 11 0 0 0 0 1 0 0 1
195 195 linear 3 0 1740 0 0.0001 1 0.0054926088447491165 0.016344145882824103 -0.018809965773235737 -0.01347308421372163 -0.022078794949800556 0.5 0.027541399842600112 36.329142739477888 OK 17 16 1.021598 0.97820399999999996 0.61565700000000001 0.378749 0.35669200000000001 0 0.642849 0.62151199999999995 0.61565700000000001 0.018880000000000001 0.017693 0.017482000000000001 0.4453379999999999 0.42821700000000001 0.42612099999999975 0.057479000000000002 0.055154999999999996 0.055456000000000005 0.0034519999999999998 0.0030980000000000001 0.0029580000000000001 36.329118781756513 36.329118781756513 36.329118781756513 0.0023799434801155379 0.0023799434801155379 0.0023799434801155379 1 1 1 Converged Converged Converged OK OK OK 398 398 398 398 398 398 10 10 10 0 0 0 0 0 1 0 0
195 195 linear 3 7 1740 1 0.0001 1 0.0054926088447491165 0.016344145882824103 -0.018809965773235737 -0.01347308421372163 -0.020089072842326319 0.5 0.025551677735125875 38.930406499374797 OK 18 17 0.80999500000000002 0.757274 0.31406099999999998 0.49413200000000002 0.367483 0 0.315863 0.389791 0.31406099999999998 0.018561999999999999 0.019255999999999999 0.017920999999999999 0.24979300000000004 0.31921700000000003 0.24581500000000009 0.0088599999999999998 0.010599000000000001 0.012346000000000001 0.0020090000000000004 0.0024250000000000001 0.0021570000000000005 38.930377722833398 38.930377722833398 38.930377722833398 0.0023095722595158452 0.0023095722595158452 0.0023095722595158452 1 1 1 Converged Converged Converged OK OK OK 165 165 165 165 165 165 11 11 11 0 0 0 0 1 0 0 1
195 195 linear 3 15 1740 2 0.0001 1 0.0054926088447491165 0.016344145882824103 -0.018809965773235737 -0.01347308421372163 -0.017815104719498619 0.5 0.023277709612298175 42.412880663914237 OK 18 17 0.82684000000000002 0.77076199999999995 0.32436100000000001 0.49143300000000001 0.369975 0 0.33540700000000001 0.40078699999999995 0.32436100000000001 0.018903 0.019118 0.017614999999999999 0.26464499999999991 0.33014999999999994 0.25776700000000008 0.010366999999999999 0.010330000000000001 0.0093179999999999999 0.0026259999999999999 0.0025990000000000002 0.0023510000000000002 42.412853619059568 42.412853619059568 42.412853619059568 0.0032538894566043349 0.0032538894566043349 0.0032538894566043349 1 1 1 Converged Converged Converged OK OK OK 173 173 173 173 173 173 11 11 11 0 0 0 0 1 0 0 1
195 195 linear 3 23 1740 3 0.0001 1 0.0054926088447491165 0.016344145882824103 -0.018809965773235737 -0.01347308421372163 -0.015541136596670916 0.5 0.02100374148947047 46.619885737254364 OK 18 17 0.71296400000000004 0.66762100000000002 0.32317099999999999 0.38153300000000001 0.25977800000000001 0 0.33143100000000003 0.40784300000000001 0.32317099999999999 0.018719 0.018631999999999999 0.017516 0.26250699999999999 0.33499400000000013 0.25277399999999994 0.0096009999999999984 0.0096729999999999993 0.0091850000000000005 0.002287 0.0024419999999999997 0.0023019999999999998 46.619845485039512 46.619845485039512 46.619845485039512 0.0034887868034037322 0.0034887868034037322 0.0034887868034037322 1 1 1 Converged Converged Converged OK OK OK 173 173 173 173 173 173 11 11 11 0 0 0 0 1 0 0 1
195 195 linear 4 0 1741 0 0.001 1 0.0054926088447491165 0.016344145882824103 -0.037198465905913532 -0.096652548795099366 -0.040467295082478351 0.5 0.04592989997527791 9.3871964618139589 OK 13 12 0.37067899999999998 0.37192999999999998 0.094075000000000006 0.27188899999999999 0.27659800000000001 0 0.098789999999999989 0.095331999999999972 0.094075000000000006 0.0093519999999999992 0.0093279999999999995 0.008744 0.06694399999999999 0.06447 0.063954000000000025 0.0034299999999999999 0.0031800000000000001 0.0032250000000000004 0.00071899999999999991 0.00070200000000000004 0.00066300000000000007 9.3871913244610301 9.3871913244610301 9.3871913244610301 0.0055739592308202838 0.0055739592308202838 0.0055739592308202838 1 1 1 Converged Converged Converged OK OK OK 61 61 61 61 61 61 3 3 3 0 0 0 0 0 1 0 0
195 195 linear 4 7 1741 1 0.001 1 0.0054926088447491165 0.016344145882824103 -0.037198465905913532 -0.096652548795099366 -0.038477572975004114 0.5 0.043940177867803673 9.4707356512518057 OK 13 12 0.36599199999999998 0.29014000000000001 0.088511999999999993 0.27446700000000002 0.144514 0 0.091524999999999967 0.14562600000000001 0.088511999999999993 0.0082520000000000007 0.0083219999999999995 0.007672 0.064338999999999993 0.11836199999999999 0.062307000000000001 0.0030829999999999998 0.0031979999999999999 0.0030659999999999997 0.00069300000000000004 0.00068999999999999997 0.00068999999999999997 9.4707302785811383 9.4707302785811383 9.4707302785811383 0.00566605501785642 0.00566605501785642 0.00566605501785642 1 1 1 Converged Converged Converged OK OK OK 61 61 61 61 61 61 3 3 3 0 0 0 0 1 0 0 1
195 195 linear 4 15 1741 2 0.001 1 0.0054926088447491165 0.016344145882824103 -0.037198465905913532 -0.096652548795099366 -0.036203604852176413 0.5 0.041666209744975966 9.5651290937439644 OK 13 12 0.36209999999999998 0.29765999999999998 0.090079000000000006 0.268955 0.13830799999999999 0 0.093144999999999978 0.15935199999999999 0.090079000000000006 0.0082319999999999997 0.0082509999999999997 0.0076990000000000001 0.065922000000000008 0.13216800000000004 0.063788000000000025 0.0031160000000000003 0.003307 0.0032450000000000001 0.00067900000000000002 0.00066200000000000005 0.00065400000000000007 9.5651237582627999 9.5651237582627999 9.5651237582627999 0.0057730907439637446 0.0057730907439637446 0.0057730907439637446 1 1 1 Converged Converged Converged OK OK OK 61 61 61 61 61 61 3 3 3 0 0 0 0 1 0 0 1
195 195 linear 4 23 1741 3 0.001 1 0.0054926088447491165 0.016344145882824103 -0.037198465905913532 -0.096652548795099366 -0.033929636729348712 0.5 0.039392241622148272 9.65829098580741 OK 13 12 0.36751299999999998 0.29773100000000002 0.093369999999999995 0.26752300000000001 0.141927 0 0.099989999999999968 0.15580400000000003 0.093369999999999995 0.0082319999999999997 0.0082869999999999992 0.0076930000000000002 0.07273300000000002 0.12862399999999999 0.067266000000000006 0.0031479999999999998 0.0033059999999999999 0.0031180000000000001 0.00069200000000000002 0.000678 0.00067700000000000008 9.6582853245863589 9.6582853245863589 9.6582853245863589 0.0058819654781815155 0.0058819654781815155 0.0058819654781815155 1 1 1 Converged Converged Converged OK OK OK 61 61 61 61 61 61 3 3 3 0 0 0 0 1 0 0 1
195 195 linear 4 0 1741 0 0.0001 1 0.0054926088447491165 0.016344145882824103 -0.037198465905913532 -0.096652548795099366 -0.040467295082478351 0.5 0.04592989997527791 9.3871964618139589 OK 13 12 0.39965200000000001 0.39073200000000002 0.117761 0.27874599999999999 0.27222000000000002 0 0.12090600000000001 0.11851200000000001 0.117761 0.0091800000000000007 0.0091409999999999998 0.0090620000000000006 0.083568000000000017 0.081629000000000007 0.081154000000000004 0.0042510000000000004 0.004084 0.0041909999999999994 0.00081699999999999991 0.00079400000000000011 0.0008250000000000001 9.3871913144768087 9.3871913144768087 9.3871913144768087 0.00014544140136510395 0.00014544140136510395 0.00014544140136510395 1 1 1 Converged Converged Converged OK OK OK 77 77 77 77 77 77 3 3 3 0 0 0 0 0 1 0 0
195 195 linear 4 7 1741 1 0.0001 1 0.0054926088447491165 0.016344145882824103 -0.037198465905913532 -0.096652548795099366 -0.038477572975004114 0.5 0.043940177867803673 9.4707356512518057 OK 13 12 0.38477699999999998 0.32939000000000002 0.109431 0.27180799999999999 0.14402999999999999 0 0.11296899999999999 0.18536000000000002 0.109431 0.0083330000000000001 0.0082579999999999997 0.0077939999999999997 0.080486999999999989 0.153309 0.078034999999999979 0.0040000000000000001 0.0041349999999999998 0.0041809999999999998 0.00081500000000000008 0.00081700000000000002 0.00081599999999999999 9.4707302679877259 9.4707302679877259 9.4707302679877259 0.00015368418452017736 0.00015368418452017736 0.00015368418452017736 1 1 1 Converged Converged Converged OK OK OK 77 77 77 77 77 77 3 3 3 0 0 0 0 1 0 0 1
195 195 linear 4 15 1741 2 0.0001 1 0.0054926088447491165 0.016344145882824103 -0.037198465905913532 -0.096652548795099366 -0.036203604852176413 0.5 0.041666209744975966 9.5651290937439644 OK 13 12 0.386077 0.33093099999999998 0.10964500000000001 0.26894499999999999 0.13672200000000001 0 0.11713200000000001 0.19420899999999996 0.10964500000000001 0.012043 0.0082909999999999998 0.0077869999999999997 0.081204999999999999 0.16178100000000001 0.078518000000000004 0.0039849999999999998 0.0041879999999999999 0.0039720000000000007 0.00080599999999999997 0.00084599999999999996 0.000834 9.5651237469707624 9.5651237469707624 9.5651237469707624 0.00016403016302410741 0.00016403016302410741 0.00016403016302410741 1 1 1 Converged Converged Converged OK OK OK 77 77 77 77 77 77 3 3 3 0 0 0 0 1 0 0 1
195 195 linear 4 23 1741 3 0.0001 1 0.0054926088447491165 0.016344145882824103 -0.037198465905913532 -0.096652548795099366 -0.033929636729348712 0.5 0.039392241622148272 9.65829098580741 OK 13 12 0.38651999999999997 0.340279 0.112885 0.26583400000000001 0.13686799999999999 0 0.12068599999999996 0.20341100000000001 0.112885 0.0081329999999999996 0.0082690000000000003 0.007724 0.088329999999999964 0.17054400000000003 0.081927000000000014 0.0040420000000000005 0.0043810000000000003 0.0040099999999999997 0.00079900000000000001 0.00085900000000000006 0.00078299999999999995 9.6582853125997765 9.6582853125997765 9.6582853125997765 0.0001755125969431326 0.0001755125969431326 0.0001755125969431326 1 1 1 Converged Converged Converged OK OK OK 77 77 77 77 77 77 3 3 3 0 0 0 0 1 0 0 1
195 195 uniform 3 0 1742 0 0.001 1 0.0054926088447491165 0.016344145882824103 -0.018809965773235737 -0.01347308421372163 -0.022078794949800556 0 0.027541399842600112 36.476883961245257 OK 17 16 0.67442599999999997 0.66596999999999995 0.30950800000000001 0.35865999999999998 0.35557299999999997 0 0.31576599999999999 0.31039699999999998 0.30950800000000001 0.017552000000000002 0.017316000000000002 0.017554 0.22165100000000021 0.21677900000000005 0.21614800000000009 0.016746999999999998 0.017652000000000001 0.017277000000000001 0.0017930000000000001 0.001774 0.0017829999999999999 36.477303510076318 36.477303510076318 36.477303510076318 0.027470260653737203 0.027470260653737203 0.027470260653737203 1 1 1 Converged Converged Converged OK OK OK 222 222 222 222 222 222 10 10 10 0 0 0 0 0 1 0 0
195 195 uniform 3 7 1742 1 0.001 1 0.0054926088447491165 0.016344145882824103 -0.018809965773235737 -0.01347308421372163 -0.020089072842326319 0 0.025551677735125875 39.117730519541887 OK 18 17 0.70749200000000001 0.64350099999999999 0.22145300000000001 0.48167399999999999 0.36533700000000002 0 0.22581800000000002 0.27816399999999997 0.22145300000000001 0.018787000000000002 0.018672999999999999 0.017531999999999999 0.16755100000000009 0.22280600000000006 0.16387199999999999 0.0072020000000000001 0.0064629999999999991 0.010207999999999998 0.001521 0.0014140000000000003 0.0013869999999999998 39.117707744958004 39.117707744958004 39.117707744958004 0.019810756599621945 0.019810756599621945 0.019810756599621945 1 1 1 Converged Converged Converged OK OK OK 133 133 133 133 133 133 11 11 11 0 0 0 0 1 0 0 1
195 195 uniform 3 15 1742 2 0.001 1 0.0054926088447491165 0.016344145882824103 -0.018809965773235737 -0.01347308421372163 -0.017815104719498619 0 0.023277709612298175 42.666333320172654 OK 18 17 0.70858200000000005 0.62758400000000003 0.21290999999999999 0.49009999999999998 0.36203099999999999 0 0.21848200000000007 0.26555300000000004 0.21290999999999999 0.018655000000000001 0.018506000000000002 0.017395000000000001 0.16259199999999996 0.21109899999999993 0.1601179999999999 0.0066080000000000002 0.0060720000000000001 0.0060209999999999994 0.0013569999999999999 0.0013460000000000002 0.001268 42.666317978432126 42.666317978432126 42.666317978432126 0.029489908767719418 0.029489908767719418 0.029489908767719418 1 1 1 Converged Converged Converged OK OK OK 133 133 133 133 133 133 11 11 11 0 0 0 0 1 0 0 1
195 195 uniform 3 23 1742 3 0.001 1 0.0054926088447491165 0.016344145882824103 -0.018809965773235737 -0.01347308421372163 -0.015541136596670916 0 0.02100374148947047 46.979317626207596 OK 18 17 0.59523899999999996 0.52743899999999999 0.20765700000000001 0.38304899999999997 0.25605699999999998 0 0.21218999999999999 0.27138200000000001 0.20765700000000001 0.018445 0.018617999999999999 0.017217 0.15775 0.21654400000000001 0.1557690000000001 0.0063630000000000015 0.0062859999999999999 0.0057099999999999998 0.001415 0.001426 0.0013339999999999999 46.979302323787927 46.979302323787927 46.979302323787927 0.042147883015103832 0.042147883015103832 0.042147883015103832 1 1 1 Converged Converged Converged OK OK OK 133 133 133 133 133 133 11 11 11 0 0 0 0 1 0 0 1
195 195 uniform 3 0 1742 0 0.0001 1 0.0054926088447491165 0.016344145882824103 -0.018809965773235737 -0.01347308421372163 -0.022078794949800556 0 0.027541399842600112 36.476883961245257 OK 17 16 0.88162499999999999 0.87305100000000002 0.52074799999999999 0.36289100000000002 0.355215 0 0.51873400000000003 0.51783599999999996 0.52074799999999999 0.017874000000000001 0.017791999999999999 0.021051 0.32497599999999993 0.32499800000000045 0.32503100000000024 0.054861 0.054145000000000006 0.054176999999999996 0.0027229999999999993 0.0026089999999999998 0.0026289999999999998 36.476880172177978 36.476880172177978 36.476880172177978 0.0027510310267287795 0.0027510310267287795 0.0027510310267287795 1 1 1 Converged Converged Converged OK OK OK 398 398 398 398 398 398 10 10 10 0 0 0 0 0 1 0 0
195 195 uniform 3 7 1742 1 0.0001 1 0.0054926088447491165 0.016344145882824103 -0.018809965773235737 -0.01347308421372163 -0.020089072842326319 0 0.025551677735125875 39.117730519541887 OK 18 17 0.72646500000000003 0.67635199999999995 0.234842 0.48476900000000001 0.36796600000000002 0 0.24169600000000002 0.30838599999999994 0.234842 0.019125 0.019023999999999999 0.017748 0.17935500000000001 0.247062 0.17601299999999992 0.008003999999999999 0.0074870000000000015 0.0071889999999999983 0.0019830000000000004 0.0019120000000000001 0.0018250000000000002 39.117720422728695 39.117720422728695 39.117720422728695 0.0035827751233917537 0.0035827751233917537 0.0035827751233917537 1 1 1 Converged Converged Converged OK OK OK 149 149 149 149 149 149 11 11 11 0 0 0 0 1 0 0 1
195 195 uniform 3 15 1742 2 0.0001 1 0.0054926088447491165 0.016344145882824103 -0.018809965773235737 -0.01347308421372163 -0.017815104719498619 0 0.023277709612298175 42.666333320172654 OK 18 17 0.75010900000000003 0.70348299999999997 0.26342300000000002 0.487041 0.36801200000000001 0 0.26306800000000002 0.33547099999999996 0.26342300000000002 0.018683999999999999 0.018763999999999999 0.017607999999999999 0.19468799999999997 0.26726299999999997 0.1974999999999999 0.0089119999999999998 0.0089519999999999999 0.0084410000000000006 0.0021150000000000001 0.0021229999999999999 0.0020089999999999999 42.666330119033375 42.666330119033375 42.666330119033375 0.0027419375897198011 0.0027419375897198011 0.0027419375897198011 1 1 1 Converged Converged Converged OK OK OK 173 173 173 173 173 173 11 11 11 0 0 0 0 1 0 0 1
195 195 uniform 3 23 1742 3 0.0001 1 0.0054926088447491165 0.016344145882824103 -0.018809965773235737 -0.01347308421372163 -0.015541136596670916 0 0.02100374148947047 46.979317626207596 OK 18 17 0.64006399999999997 0.60004800000000003 0.25810899999999998 0.38324000000000003 0.258218 0 0.25682399999999994 0.34183000000000002 0.25810899999999998 0.018335000000000001 0.018662000000000002 0.020346 0.19087099999999999 0.27431400000000017 0.19046199999999996 0.0081119999999999994 0.0085029999999999984 0.0079300000000000013 0.0020809999999999995 0.0022120000000000004 0.00215 46.979312455054689 46.979312455054689 46.979312455054689 0.0029187202554770294 0.0029187202554770294 0.0029187202554770294 1 1 1 Converged Converged Converged OK OK OK 173 173 173 173 173 173 11 11 11 0 0 0 0 1 0 0 1
195 195 uniform 4 0 1743 0 0.001 1 0.0054926088447491165 0.016344145882824103 -0.037198465905913532 -0.096652548795099366 -0.040467295082478351 0 0.04592989997527791 9.3894875381503997 OK 13 12 0.336177 0.334235 0.063225000000000003 0.27319900000000003 0.27155499999999999 0 0.062977999999999978 0.062680000000000013 0.063225000000000003 0.0093659999999999993 0.0093480000000000004 0.0091229999999999992 0.037459000000000006 0.037753999999999996 0.03829200000000002 0.0021580000000000002 0.0021719999999999999 0.0021670000000000001 0.00059400000000000002 0.00054799999999999998 0.00057900000000000009 9.3894874617353334 9.3894874617353334 9.3894874617353334 0.0033479696376636243 0.0033479696376636243 0.0033479696376636243 1 1 1 Converged Converged Converged OK OK OK 45 45 45 45 45 45 3 3 3 0 0 0 0 0 1 0 0
195 195 uniform 4 7 1743 1 0.001 1 0.0054926088447491165 0.016344145882824103 -0.037198465905913532 -0.096652548795099366 -0.038477572975004114 0 0.043940177867803673 9.4731320013346121 OK 13 12 0.32898899999999998 0.23216100000000001 0.057364999999999999 0.27008799999999999 0.14438300000000001 0 0.058900999999999981 0.087777999999999995 0.057364999999999999 0.0082419999999999993 0.0081770000000000002 0.007705 0.036539999999999996 0.065988000000000019 0.036059000000000008 0.0021710000000000002 0.0021540000000000001 0.002166 0.00058900000000000001 0.00054599999999999994 0.00052800000000000004 9.4731319229243827 9.4731319229243827 9.4731319229243827 0.0033506034853819544 0.0033506034853819544 0.0033506034853819544 1 1 1 Converged Converged Converged OK OK OK 45 45 45 45 45 45 3 3 3 0 0 0 0 1 0 0 1
195 195 uniform 4 15 1743 2 0.001 1 0.0054926088447491165 0.016344145882824103 -0.037198465905913532 -0.096652548795099366 -0.036203604852176413 0 0.041666209744975966 9.5676606206056114 OK 13 12 0.32683600000000002 0.24469099999999999 0.058514999999999998 0.26691799999999999 0.13611899999999999 0 0.059918000000000027 0.108572 0.058514999999999998 0.0081910000000000004 0.0082570000000000005 0.0077759999999999999 0.037761999999999997 0.086375000000000007 0.037280000000000001 0.0022119999999999996 0.0022599999999999999 0.002166 0.00056300000000000002 0.00056599999999999999 0.00053299999999999995 9.5676605392074983 9.5676605392074983 9.5676605392074983 0.0033512418766231075 0.0033512418766231075 0.0033512418766231075 1 1 1 Converged Converged Converged OK OK OK 45 45 45 45 45 45 3 3 3 0 0 0 0 1 0 0 1
195 195 uniform 4 23 1743 3 0.001 1 0.0054926088447491165 0.016344145882824103 -0.037198465905913532 -0.096652548795099366 -0.033929636729348712 0 0.039392241622148272 9.6609788030300159 OK 13 12 0.331148 0.24570700000000001 0.064310999999999993 0.26524599999999998 0.13547200000000001 0 0.065902000000000016 0.110235 0.064310999999999993 0.0082070000000000008 0.0082220000000000001 0.0075709999999999996 0.043535000000000004 0.087743999999999975 0.043188000000000004 0.0021549999999999998 0.0022929999999999999 0.0021130000000000003 0.00053700000000000004 0.00057799999999999995 0.00053799999999999996 9.6609787199454491 9.6609787199454491 9.6609787199454491 0.0033493310476023041 0.0033493310476023041 0.0033493310476023041 1 1 1 Converged Converged Converged OK OK OK 45 45 45 45 45 45 3 3 3 0 0 0 0 1 0 0 1
195 195 uniform 4 0 1743 0 0.0001 1 0.0054926088447491165 0.016344145882824103 -0.037198465905913532 -0.096652548795099366 -0.040467295082478351 0 0.04592989997527791 9.3894875381503997 OK 13 12 0.37770799999999999 0.37626300000000001 0.101982 0.27483200000000002 0.27322000000000002 0 0.10287599999999997 0.103043 0.101982 0.0093279999999999995 0.0092499999999999995 0.0088699999999999994 0.066335000000000019 0.066331999999999988 0.065919000000000005 0.0038350000000000003 0.0038480000000000003 0.0038450000000000003 0.00079799999999999999 0.00081499999999999997 0.00077800000000000005 9.3894874720072199 9.3894874720072199 9.3894874720072199 3.0815438232668262e-05 3.0815438232668262e-05 3.0815438232668262e-05 1 1 1 Converged Converged Converged OK OK OK 77 77 77 77 77 77 3 3 3 0 0 0 0 0 1 0 0
195 195 uniform 4 7 1743 1 0.0001 1 0.0054926088447491165 0.016344145882824103 -0.037198465905913532 -0.096652548795099366 -0.038477572975004114 0 0.043940177867803673 9.4731320013346121 OK 13 12 0.37514599999999998 0.31312400000000001 0.094120999999999996 0.27894099999999999 0.14344499999999999 0 0.096204999999999985 0.16967900000000002 0.094120999999999996 0.0082199999999999999 0.0082209999999999991 0.0077409999999999996 0.063757999999999981 0.13734999999999994 0.063050000000000023 0.0038429999999999996 0.0038379999999999998 0.0038179999999999998 0.00080800000000000012 0.00081399999999999994 0.00077999999999999999 9.4731319330581503 9.4731319330581503 9.4731319330581503 3.3585576621214973e-05 3.3585576621214973e-05 3.3585576621214973e-05 1 1 1 Converged Converged Converged OK OK OK 77 77 77 77 77 77 3 3 3 0 0 0 0 1 0 0 1
195 195 uniform 4 15 1743 2 0.0001 1 0.0054926088447491165 0.016344145882824103 -0.037198465905913532 -0.096652548795099366 -0.036203604852176413 0 0.041666209744975966 9.5676606206056114 OK 13 12 0.36515199999999998 0.31809700000000002 0.094916 0.26639299999999999 0.138987 0 0.098758999999999986 0.17911000000000002 0.094916 0.0082629999999999995 0.0082950000000000003 0.0077409999999999996 0.066783000000000009 0.14724500000000004 0.063872999999999999 0.0038130000000000004 0.0039499999999999995 0.0038370000000000001 0.00077900000000000007 0.00079600000000000005 0.00077799999999999994 9.5676605491810189 9.5676605491810189 9.5676605491810189 3.7255385615935994e-05 3.7255385615935994e-05 3.7255385615935994e-05 1 1 1 Converged Converged Converged OK OK OK 77 77 77 77 77 77 3 3 3 0 0 0 0 1 0 0 1
195 195 uniform 4 23 1743 3 0.0001 1 0.0054926088447491165 0.016344145882824103 -0.037198465905913532 -0.096652548795099366 -0.033929636729348712 0 0.039392241622148272 9.6609788030300159 OK 13 12 0.365311 0.32400800000000002 0.097836999999999993 0.26552300000000001 0.13683200000000001 0 0.099787999999999988 0.18717600000000001 0.097836999999999993 0.0082240000000000004 0.0082070000000000008 0.0077289999999999998 0.067660000000000012 0.15502199999999999 0.066885999999999987 0.0038830000000000002 0.0039569999999999996 0.003761 0.00080600000000000008 0.00078300000000000006 0.00077600000000000011 9.6609787297590639 9.6609787297590639 9.6609787297590639 4.1593001592580993e-05 4.1593001592580993e-05 4.1593001592580993e-05 1 1 1 Converged Converged Converged OK OK OK 77 77 77 77 77 77 3 3 3 0 0 0 0 1 0 0 1
196 196 linear 3 0 1744 0 0.001 1 0.012873290516409978 0.026907251671919846 -0.29433463323498732 -0.037223782688799043 -0.29971608356937129 0.5 0.31242575874487777 3.2906823930891358 OK 13 12 0.32695299999999999 0.32595200000000002 0.075687000000000004 0.24956700000000001 0.248948 0 0.077385999999999983 0.077004000000000017 0.075687000000000004 0.0090889999999999999 0.0089200000000000008 0.0085179999999999995 0.049603000000000001 0.049310999999999994 0.04882199999999999 0.0028419999999999999 0.0028379999999999998 0.0027209999999999999 0.0006379999999999999 0.00062799999999999987 0.00061200000000000002 3.2906742383776577 3.2906742383776577 3.2906742383776577 0.0027967834103299382 0.0027967834103299382 0.0027967834103299382 1 1 1 Converged Converged Converged OK OK OK 53 53 53 53 53 53 3 3 3 0 0 0 0 0 1 0 0
196 196 linear 3 7 1744 1 0.001 1 0.012873290516409978 0.026907251671919846 -0.29433463323498732 -0.037223782688799043 -0.29644041814844191 0.5 0.30915009332394838 3.3007794654091871 OK 13 12 0.32309900000000003 0.22489100000000001 0.076066999999999996 0.245113 0.137986 0 0.077986000000000028 0.08690500000000001 0.076066999999999996 0.0082559999999999995 0.0084019999999999997 0.0077489999999999998 0.053055999999999992 0.061266000000000022 0.052210000000000006 0.0027859999999999998 0.003192 0.0027559999999999998 0.00057200000000000003 0.00059400000000000013 0.00055599999999999996 3.300771085577713 3.300771085577713 3.300771085577713 0.0028824489727299939 0.0028824489727299939 0.0028824489727299939 1 1 1 Converged Converged Converged OK OK OK 53 53 53 53 53 53 3 3 3 0 0 0 0 1 0 0 1
196 196 linear 3 15 1744 2 0.001 1 0.012873290516409978 0.026907251671919846 -0.29433463323498732 -0.037223782688799043 -0.29269680052452263 0.5 0.3054064757000291 3.3132714573072914 OK 13 12 0.32548899999999997 0.22811200000000001 0.076964000000000005 0.246284 0.13786000000000001 0 0.07920499999999997 0.090251999999999999 0.076964000000000005 0.0081569999999999993 0.0084399999999999996 0.0076800000000000002 0.054209 0.064794000000000004 0.053227999999999998 0.0027780000000000001 0.0031949999999999999 0.0028140000000000001 0.00059299999999999999 0.00059599999999999996 0.00058699999999999996 3.3132629240836207 3.3132629240836207 3.3132629240836207 0.0029755177331490376 0.0029755177331490376 0.0029755177331490376 1 1 1 Converged Converged Converged OK OK OK 53 53 53 53 53 53 3 3 3 0 0 0 0 1 0 0 1
196 196 linear 3 23 1744 3 0.001 1 0.012873290516409978 0.026907251671919846 -0.29433463323498732 -0.037223782688799043 -0.28895318290060334 0.5 0.30166285807610982 3.3268660498439635 OK 13 12 0.32722000000000001 0.226101 0.073289999999999994 0.25161899999999998 0.140567 0 0.075601000000000029 0.085533999999999999 0.073289999999999994 0.0081989999999999997 0.0081370000000000001 0.007613 0.050847000000000003 0.061231000000000001 0.049875999999999997 0.0028130000000000004 0.0028060000000000003 0.0026819999999999999 0.00055900000000000004 0.00055699999999999999 0.00053899999999999998 3.3268572806703158 3.3268572806703158 3.3268572806703158 0.0030639782062274758 0.0030639782062274758 0.0030639782062274758 1 1 1 Converged Converged Converged OK OK OK 53 53 53 53 53 53 3 3 3 0 0 0 0 1 0 0 1
196 196 linear 3 0 1744 0 0.0001 1 0.012873290516409978 0.026907251671919846 -0.29433463323498732 -0.037223782688799043 -0.29971608356937129 0.5 0.31242575874487777 3.2906823930891358 OK 13 12 0.359402 0.35691899999999999 0.106362 0.25039800000000001 0.24904599999999999 0 0.10900399999999999 0.107873 0.106362 0.0089870000000000002 0.0088819999999999993 0.0085349999999999992 0.072070000000000023 0.071352000000000013 0.070442999999999964 0.0042369999999999994 0.0042810000000000001 0.0041149999999999997 0.0008650000000000001 0.000861 0.00086499999999999988 3.2906801980878426 3.2906801980878426 3.2906801980878426 1.2449637054825322e-05 1.2449637054825322e-05 1.2449637054825322e-05 1 1 1 Converged Converged Converged OK OK OK 77 77 77 77 77 77 3 3 3 0 0 0 0 0 1 0 0
196 196 linear 3 7 1744 1 0.0001 1 0.012873290516409978 0.026907251671919846 -0.29433463323498732 -0.037223782688799043 -0.29644041814844191 0.5 0.30915009332394838 3.3007794654091871 OK 13 12 0.358261 0.26406499999999999 0.108025 0.247338 0.13986699999999999 0 0.11092299999999999 0.124198 0.108025 0.0081980000000000004 0.0083730000000000002 0.0077060000000000002 0.07871800000000001 0.092034999999999992 0.076943000000000011 0.0041050000000000001 0.004156 0.0040539999999999994 0.00079599999999999994 0.00082899999999999998 0.00081300000000000003 3.3007772316227482 3.3007772316227482 3.3007772316227482 1.2758986775918418e-05 1.2758986775918418e-05 1.2758986775918418e-05 1 1 1 Converged Converged Converged OK OK OK 77 77 77 77 77 77 3 3 3 0 0 0 0 1 0 0 1
196 196 linear 3 15 1744 2 0.0001 1 0.012873290516409978 0.026907251671919846 -0.29433463323498732 -0.037223782688799043 -0.29269680052452263 0.5 0.3054064757000291 3.3132714573072914 OK 13 12 0.35530400000000001 0.26441900000000002 0.105887 0.246451 0.142628 0 0.10885300000000001 0.12179100000000001 0.105887 0.0082129999999999998 0.0081829999999999993 0.0077169999999999999 0.076515 0.09002700000000001 0.074872999999999981 0.0042520000000000006 0.0041900000000000001 0.0040990000000000002 0.00079099999999999993 0.00080199999999999998 0.00078699999999999994 3.3132692865232083 3.3132692865232083 3.3132692865232083 1.313075737900616e-05 1.313075737900616e-05 1.313075737900616e-05 1 1 1 Converged Converged Converged OK OK OK 77 77 77 77 77 77 3 3 3 0 0 0 0 1 0 0 1
196 196 linear 3 23 1744 3 0.0001 1 0.012873290516409978 0.026907251671919846 -0.29433463323498732 -0.037223782688799043 -0.28895318290060334 0.5 0.30166285807610982 3.3268660498439635 OK 13 12 0.35514499999999999 0.26135900000000001 0.10241500000000001 0.249585 0.13978699999999999 0 0.10555999999999999 0.12157200000000001 0.10241500000000001 0.0081209999999999997 0.0083400000000000002 0.0076109999999999997 0.073337000000000027 0.089459000000000038 0.071576999999999974 0.0042789999999999998 0.0041670000000000006 0.0041209999999999997 0.00079400000000000011 0.00078399999999999997 0.00077500000000000008 3.3268638638661372 3.3268638638661372 3.3268638638661372 1.3522507102087466e-05 1.3522507102087466e-05 1.3522507102087466e-05 1 1 1 Converged Converged Converged OK OK OK 77 77 77 77 77 77 3 3 3 0 0 0 0 1 0 0 1
196 196 linear 4 0 1745 0 0.001 1 0.012873290516409978 0.026907251671919846 -0.054028148499610421 -0.1616636207553224 -0.059409598833994388 0.5 0.072119274009500869 5.7439232614918403 OK 13 12 0.34157599999999999 0.342223 0.098506999999999997 0.240643 0.242808 0 0.10093299999999999 0.099415000000000003 0.098506999999999997 0.0090279999999999996 0.0090620000000000006 0.0086639999999999998 0.069997000000000018 0.068512000000000003 0.068171999999999983 0.003179 0.0031669999999999997 0.003235 0.00069399999999999996 0.00071099999999999994 0.00072900000000000005 5.7439199786606325 5.7439199786606325 5.7439199786606325 0.003462379346860904 0.003462379346860904 0.003462379346860904 1 1 1 Converged Converged Converged OK OK OK 61 61 61 61 61 61 3 3 3 0 0 0 0 0 1 0 0
196 196 linear 4 7 1745 1 0.001 1 0.012873290516409978 0.026907251671919846 -0.054028148499610421 -0.1616636207553224 -0.056133933413065017 0.5 0.068843608588571498 5.7971485628954555 OK 13 12 0.333088 0.249968 0.090832999999999997 0.23907400000000001 0.121851 0 0.094013999999999986 0.12811699999999998 0.090832999999999997 0.0082109999999999995 0.0081969999999999994 0.0076689999999999996 0.066623999999999989 0.10092000000000002 0.064552999999999999 0.0032730000000000003 0.0032299999999999998 0.003192 0.00072600000000000008 0.00072300000000000001 0.00072099999999999996 5.7971452522186722 5.7971452522186722 5.7971452522186722 0.0035184034591589563 0.0035184034591589563 0.0035184034591589563 1 1 1 Converged Converged Converged OK OK OK 61 61 61 61 61 61 3 3 3 0 0 0 0 1 0 0 1
196 196 linear 4 15 1745 2 0.001 1 0.012873290516409978 0.026907251671919846 -0.054028148499610421 -0.1616636207553224 -0.052390315789145735 0.5 0.065099990964652216 5.8584287281604448 OK 13 12 0.33141599999999999 0.25974599999999998 0.089391999999999999 0.23871200000000001 0.12622700000000001 0 0.092703999999999981 0.13351899999999997 0.089391999999999999 0.0084989999999999996 0.0085909999999999997 0.0079590000000000008 0.064841999999999983 0.104947 0.062800000000000009 0.0032330000000000002 0.0037630000000000003 0.0032179999999999999 0.00072899999999999994 0.00074799999999999986 0.00072499999999999995 5.8584252708944629 5.8584252708944629 5.8584252708944629 0.0035843890926470167 0.0035843890926470167 0.0035843890926470167 1 1 1 Converged Converged Converged OK OK OK 61 61 61 61 61 61 3 3 3 0 0 0 0 1 0 0 1
196 196 linear 4 23 1745 3 0.001 1 0.012873290516409978 0.026907251671919846 -0.054028148499610421 -0.1616636207553224 -0.048646698165226453 0.5 0.061356373340732934 5.9206233039539127 OK 13 12 0.33751100000000001 0.26678400000000002 0.095854999999999996 0.23852899999999999 0.12772900000000001 0 0.098982000000000014 0.13905500000000001 0.095854999999999996 0.0082649999999999998 0.0084749999999999999 0.0076709999999999999 0.071608999999999992 0.110945 0.069702999999999987 0.003186 0.0035110000000000002 0.003163 0.00070100000000000002 0.00072500000000000006 0.00069700000000000003 5.9206197511211744 5.9206197511211744 5.9206197511211744 0.0036525755157649519 0.0036525755157649519 0.0036525755157649519 1 1 1 Converged Converged Converged OK OK OK 61 61 61 61 61 61 3 3 3 0 0 0 0 1 0 0 1
196 196 linear 4 0 1745 0 0.0001 1 0.012873290516409978 0.026907251671919846 -0.054028148499610421 -0.1616636207553224 -0.059409598833994388 0.5 0.072119274009500869 5.7439232614918403 OK 13 12 0.36673699999999998 0.36129800000000001 0.119821 0.24248900000000001 0.24083099999999999 0 0.12424799999999997 0.12046700000000002 0.119821 0.0090939999999999997 0.0089359999999999995 0.008567 0.086107000000000017 0.084012000000000017 0.083604999999999985 0.0045799999999999999 0.0040090000000000004 0.004117 0.00090000000000000008 0.00084499999999999994 0.00081999999999999998 5.7439199688680382 5.7439199688680382 5.7439199688680382 0.00016026449098499807 0.00016026449098499807 0.00016026449098499807 1 1 1 Converged Converged Converged OK OK OK 77 77 77 77 77 77 3 3 3 0 0 0 0 0 1 0 0
196 196 linear 4 7 1745 1 0.0001 1 0.012873290516409978 0.026907251671919846 -0.054028148499610421 -0.1616636207553224 -0.056133933413065017 0.5 0.068843608588571498 5.7971485628954555 OK 13 12 0.35537800000000003 0.29486699999999999 0.112945 0.23924400000000001 0.12341100000000001 0 0.11613400000000001 0.171456 0.112945 0.0082719999999999998 0.0080990000000000003 0.0077549999999999997 0.083855000000000041 0.13936699999999999 0.081612999999999977 0.0040769999999999999 0.004169 0.0041000000000000003 0.00085799999999999993 0.00085599999999999999 0.00085399999999999994 5.7971452423358958 5.7971452423358958 5.7971452423358958 0.00017173127266860322 0.00017173127266860322 0.00017173127266860322 1 1 1 Converged Converged Converged OK OK OK 77 77 77 77 77 77 3 3 3 0 0 0 0 1 0 0 1
196 196 linear 4 15 1745 2 0.0001 1 0.012873290516409978 0.026907251671919846 -0.054028148499610421 -0.1616636207553224 -0.052390315789145735 0.5 0.065099990964652216 5.8584287281604448 OK 13 12 0.35164600000000001 0.29491800000000001 0.109767 0.238368 0.12603 0 0.11327800000000002 0.16888800000000001 0.109767 0.0085109999999999995 0.0086099999999999996 0.0079579999999999998 0.080388000000000015 0.136153 0.078228999999999993 0.0041740000000000006 0.0040769999999999999 0.0040420000000000005 0.000861 0.00087900000000000012 0.00082599999999999991 5.8584252609093248 5.8584252609093248 5.8584252609093248 0.00018647195366543683 0.00018647195366543683 0.00018647195366543683 1 1 1 Converged Converged Converged OK OK OK 77 77 77 77 77 77 3 3 3 0 0 0 0 1 0 0 1
196 196 linear 4 23 1745 3 0.0001 1 0.012873290516409978 0.026907251671919846 -0.054028148499610421 -0.1616636207553224 -0.048646698165226453 0.5 0.061356373340732934 5.9206233039539127 OK 13 12 0.36153200000000002 0.29544199999999998 0.114952 0.24249899999999999 0.127111 0 0.11903300000000003 0.16833099999999998 0.114952 0.0081349999999999999 0.0082900000000000005 0.0077099999999999998 0.086534 0.136073 0.083876999999999979 0.0042310000000000004 0.0042210000000000008 0.0040249999999999999 0.00081499999999999997 0.00081599999999999999 0.00082200000000000003 5.9206197410373056 5.9206197410373056 5.9206197410373056 0.00020319381098680408 0.00020319381098680408 0.00020319381098680408 1 1 1 Converged Converged Converged OK OK OK 77 77 77 77 77 77 3 3 3 0 0 0 0 1 0 0 1
196 196 uniform 3 0 1746 0 0.001 1 0.012873290516409978 0.026907251671919846 -0.29433463323498732 -0.037223782688799043 -0.29971608356937129 0 0.31242575874487777 3.2986988539220086 OK 13 12 0.30088199999999998 0.298344 0.049230000000000003 0.25033699999999998 0.24804399999999999 0 0.050545000000000007 0.050300000000000011 0.049230000000000003 0.0088529999999999998 0.0090170000000000007 0.0085179999999999995 0.028639999999999999 0.028713000000000009 0.028145000000000007 0.001787 0.001781 0.001735 0.00044200000000000001 0.00045899999999999999 0.00041299999999999996 3.2986976479918497 3.2986976479918497 3.2986976479918497 0.0020038805133302897 0.0020038805133302897 0.0020038805133302897 1 1 1 Converged Converged Converged OK OK OK 37 37 37 37 37 37 3 3 3 0 0 0 0 0 1 0 0
196 196 uniform 3 7 1746 1 0.001 1 0.012873290516409978 0.026907251671919846 -0.29433463323498732 -0.037223782688799043 -0.29644041814844191 0 0.30915009332394838 3.3084147488691258 OK 13 12 0.29669600000000002 0.196186 0.050002999999999999 0.24515999999999999 0.13938 0 0.051536000000000026 0.056805999999999995 0.050002999999999999 0.0080879999999999997 0.0081960000000000002 0.0076080000000000002 0.031906999999999998 0.037246999999999995 0.031317000000000005 0.0017740000000000002 0.0017570000000000001 0.0017369999999999998 0.00042199999999999996 0.00044999999999999999 0.00041100000000000002 3.3084134985717983 3.3084134985717983 3.3084134985717983 0.0020367268026743723 0.0020367268026743723 0.0020367268026743723 1 1 1 Converged Converged Converged OK OK OK 37 37 37 37 37 37 3 3 3 0 0 0 0 1 0 0 1
196 196 uniform 3 15 1746 2 0.001 1 0.012873290516409978 0.026907251671919846 -0.29433463323498732 -0.037223782688799043 -0.29269680052452263 0 0.3054064757000291 3.3204760305106853 OK 13 12 0.29911300000000002 0.19900599999999999 0.050659000000000003 0.246777 0.138764 0 0.052336000000000021 0.06024199999999999 0.050659000000000003 0.0081949999999999992 0.0083440000000000007 0.0076610000000000003 0.032547999999999994 0.040379999999999992 0.032083 0.001786 0.001776 0.0017059999999999998 0.00042599999999999995 0.00044300000000000003 0.00041100000000000002 3.320474730088931 3.320474730088931 3.320474730088931 0.0021053288895043973 0.0021053288895043973 0.0021053288895043973 1 1 1 Converged Converged Converged OK OK OK 37 37 37 37 37 37 3 3 3 0 0 0 0 1 0 0 1
196 196 uniform 3 23 1746 3 0.001 1 0.012873290516409978 0.026907251671919846 -0.29433463323498732 -0.037223782688799043 -0.28895318290060334 0 0.30166285807610982 3.3336489348830485 OK 13 12 0.29656500000000002 0.19531200000000001 0.047164999999999999 0.248087 0.13872799999999999 0 0.048478000000000021 0.056584000000000023 0.047164999999999999 0.0081569999999999993 0.008175 0.0076189999999999999 0.028861999999999995 0.037113999999999994 0.028544999999999997 0.0017899999999999999 0.001828 0.0017720000000000001 0.00044300000000000003 0.00044299999999999998 0.00042499999999999998 3.3336475842206736 3.3336475842206736 3.3336475842206736 0.002175200757744084 0.002175200757744084 0.002175200757744084 1 1 1 Converged Converged Converged OK OK OK 37 37 37 37 37 37 3 3 3 0 0 0 0 1 0 0 1
196 196 uniform 3 0 1746 0 0.0001 1 0.012873290516409978 0.026907251671919846 -0.29433463323498732 -0.037223782688799043 -0.29971608356937129 0 0.31242575874487777 3.2986988539220086 OK 13 12 0.34173100000000001 0.33790300000000001 0.091619999999999993 0.24917600000000001 0.245698 0 0.092554999999999998 0.092205000000000009 0.091619999999999993 0.0088850000000000005 0.0089210000000000001 0.0086029999999999995 0.056254000000000026 0.056365999999999986 0.056094000000000012 0.0038630000000000001 0.003895 0.003885 0.00082700000000000004 0.00079400000000000011 0.00076600000000000008 3.2986987794671765 3.2986987794671765 3.2986987794671765 2.8384442534134695e-06 2.8384442534134695e-06 2.8384442534134695e-06 1 1 1 Converged Converged Converged OK OK OK 77 77 77 77 77 77 3 3 3 0 0 0 0 0 1 0 0
196 196 uniform 3 7 1746 1 0.0001 1 0.012873290516409978 0.026907251671919846 -0.29433463323498732 -0.037223782688799043 -0.29644041814844191 0 0.30915009332394838 3.3084147488691258 OK 13 12 0.33793000000000001 0.24947 0.093056 0.243529 0.13652500000000001 0 0.094401000000000013 0.11294499999999999 0.093056 0.0082330000000000007 0.0083549999999999996 0.0077770000000000001 0.062767000000000017 0.077363000000000015 0.062178000000000011 0.0038120000000000003 0.003901 0.0038279999999999998 0.00081500000000000008 0.000785 0.00077499999999999997 3.3084146775234968 3.3084146775234968 3.3084146775234968 2.8835374003461571e-06 2.8835374003461571e-06 2.8835374003461571e-06 1 1 1 Converged Converged Converged OK OK OK 77 77 77 77 77 77 3 3 3 0 0 0 0 1 0 0 1
196 196 uniform 3 15 1746 2 0.0001 1 0.012873290516409978 0.026907251671919846 -0.29433463323498732 -0.037223782688799043 -0.29269680052452263 0 0.3054064757000291 3.3204760305106853 OK 13 12 0.336335 0.24549499999999999 0.090999999999999998 0.24409400000000001 0.13517199999999999 0 0.09224099999999999 0.110323 0.090999999999999998 0.0082889999999999995 0.0083320000000000009 0.0077470000000000004 0.060321000000000007 0.078335000000000002 0.060272000000000013 0.0038990000000000001 0.0039350000000000001 0.0038010000000000006 0.00079000000000000012 0.00080599999999999997 0.00080800000000000012 3.3204759631407863 3.3204759631407863 3.3204759631407863 2.9412910047089722e-06 2.9412910047089722e-06 2.9412910047089722e-06 1 1 1 Converged Converged Converged OK OK OK 77 77 77 77 77 77 3 3 3 0 0 0 0 1 0 0 1
196 196 uniform 3 23 1746 3 0.0001 1 0.012873290516409978 0.026907251671919846 -0.29433463323498732 -0.037223782688799043 -0.28895318290060334 0 0.30166285807610982 3.3336489348830485 OK 13 12 0.33621899999999999 0.243455 0.087461999999999998 0.24696100000000001 0.136961 0 0.089257999999999976 0.10649400000000001 0.087461999999999998 0.0082190000000000006 0.0083090000000000004 0.0076959999999999997 0.057342999999999991 0.074532000000000015 0.056733000000000013 0.003901 0.0039399999999999999 0.0038530000000000005 0.00079799999999999988 0.00080200000000000009 0.00076599999999999997 3.3336488712153272 3.3336488712153272 3.3336488712153272 3.0132505563288099e-06 3.0132505563288099e-06 3.0132505563288099e-06 1 1 1 Converged Converged Converged OK OK OK 77 77 77 77 77 77 3 3 3 0 0 0 0 1 0 0 1
196 196 uniform 4 0 1747 0 0.001 1 0.012873290516409978 0.026907251671919846 -0.054028148499610421 -0.1616636207553224 -0.059409598833994388 0 0.072119274009500869 5.7456189025746269 OK 13 12 0.30789100000000003 0.30543799999999999 0.065462999999999993 0.24087800000000001 0.238984 0 0.067013000000000017 0.066453999999999985 0.065462999999999993 0.0088540000000000008 0.0089580000000000007 0.0085319999999999997 0.041497999999999993 0.041606999999999991 0.041077000000000002 0.0022830000000000003 0.002183 0.0021519999999999998 0.0006020000000000001 0.000571 0.000531 5.7456188594413193 5.7456188594413193 5.7456188594413193 0.0019105247730712884 0.0019105247730712884 0.0019105247730712884 1 1 1 Converged Converged Converged OK OK OK 45 45 45 45 45 45 3 3 3 0 0 0 0 0 1 0 0
196 196 uniform 4 7 1747 1 0.001 1 0.012873290516409978 0.026907251671919846 -0.054028148499610421 -0.1616636207553224 -0.056133933413065017 0 0.068843608588571498 5.7989935002630411 OK 13 12 0.300037 0.207651 0.061082999999999998 0.23700299999999999 0.123068 0 0.063034000000000007 0.084583000000000005 0.061082999999999998 0.0083079999999999994 0.0082039999999999995 0.0076490000000000004 0.040461999999999998 0.062573000000000017 0.039868000000000001 0.0022529999999999998 0.002232 0.0021919999999999999 0.000544 0.00054000000000000001 0.00052599999999999999 5.7989934558944594 5.7989934558944594 5.7989934558944594 0.0019136912328468524 0.0019136912328468524 0.0019136912328468524 1 1 1 Converged Converged Converged OK OK OK 45 45 45 45 45 45 3 3 3 0 0 0 0 1 0 0 1
196 196 uniform 4 15 1747 2 0.001 1 0.012873290516409978 0.026907251671919846 -0.054028148499610421 -0.1616636207553224 -0.052390315789145735 0 0.065099990964652216 5.8604976689443085 OK 13 12 0.30232799999999999 0.21315799999999999 0.058583000000000003 0.242225 0.12567200000000001 0 0.06010299999999999 0.08748599999999998 0.058583000000000003 0.0084340000000000005 0.0085769999999999996 0.0079190000000000007 0.037463000000000003 0.065097000000000002 0.037140999999999993 0.0022190000000000001 0.0022079999999999999 0.0021879999999999998 0.00054000000000000001 0.00054900000000000001 0.000531 5.8604976218183893 5.8604976218183893 5.8604976218183893 0.0019168598140560638 0.0019168598140560638 0.0019168598140560638 1 1 1 Converged Converged Converged OK OK OK 45 45 45 45 45 45 3 3 3 0 0 0 0 1 0 0 1
196 196 uniform 4 23 1747 3 0.001 1 0.012873290516409978 0.026907251671919846 -0.054028148499610421 -0.1616636207553224 -0.048646698165226453 0 0.061356373340732934 5.9230098077666939 OK 13 12 0.30518400000000001 0.21860599999999999 0.064072000000000004 0.23987700000000001 0.12848100000000001 0 0.065307000000000004 0.090124999999999983 0.064072000000000004 0.0082439999999999996 0.0082769999999999996 0.0076930000000000002 0.043112000000000004 0.068041999999999977 0.042824000000000015 0.0022369999999999998 0.0022039999999999998 0.0021700000000000001 0.00054000000000000001 0.00054299999999999997 0.00052999999999999998 5.9230097605541774 5.9230097605541774 5.9230097605541774 0.0019324677561145505 0.0019324677561145505 0.0019324677561145505 1 1 1 Converged Converged Converged OK OK OK 45 45 45 45 45 45 3 3 3 0 0 0 0 1 0 0 1
196 196 uniform 4 0 1747 0 0.0001 1 0.012873290516409978 0.026907251671919846 -0.054028148499610421 -0.1616636207553224 -0.059409598833994388 0 0.072119274009500869 5.7456189025746269 OK 13 12 0.34418500000000002 0.35181099999999998 0.108152 0.23907 0.24653700000000001 0 0.10511500000000001 0.10527399999999998 0.108152 0.0087980000000000003 0.0089560000000000004 0.0085570000000000004 0.068816000000000002 0.068654000000000007 0.068676000000000015 0.003852 0.0038969999999999999 0.0076379999999999998 0.00084199999999999998 0.00086899999999999998 0.00084699999999999999 5.745618863053191 5.745618863053191 5.745618863053191 3.9698842039079601e-05 3.9698842039079601e-05 3.9698842039079601e-05 1 1 1 Converged Converged Converged OK OK OK 77 77 77 77 77 77 3 3 3 0 0 0 0 0 1 0 0
196 196 uniform 4 7 1747 1 0.0001 1 0.012873290516409978 0.026907251671919846 -0.054028148499610421 -0.1616636207553224 -0.056133933413065017 0 0.068843608588571498 5.7989935002630411 OK 13 12 0.33896900000000002 0.27986899999999998 0.097570000000000004 0.234903 0.123403 0 0.10406600000000002 0.15646599999999999 0.097570000000000004 0.0082869999999999992 0.0081969999999999994 0.0076899999999999998 0.071965000000000001 0.12435399999999998 0.066473000000000004 0.0038539999999999998 0.0038709999999999999 0.0038000000000000004 0.00088199999999999997 0.00081700000000000002 0.0007899999999999999 5.7989934595276864 5.7989934595276864 5.7989934595276864 4.4632820765435525e-05 4.4632820765435525e-05 4.4632820765435525e-05 1 1 1 Converged Converged Converged OK OK OK 77 77 77 77 77 77 3 3 3 0 0 0 0 1 0 0 1
196 196 uniform 4 15 1747 2 0.0001 1 0.012873290516409978 0.026907251671919846 -0.054028148499610421 -0.1616636207553224 -0.052390315789145735 0 0.065099990964652216 5.8604976689443085 OK 13 12 0.33266800000000002 0.27550400000000003 0.094418000000000002 0.236896 0.12534799999999999 0 0.095772000000000024 0.15015600000000004 0.094418000000000002 0.0084349999999999998 0.0085540000000000008 0.0079220000000000002 0.063495999999999997 0.11765299999999998 0.063162999999999997 0.0038440000000000002 0.0040019999999999995 0.0038350000000000003 0.00082399999999999997 0.000812 0.00078300000000000006 5.8604976254788852 5.8604976254788852 5.8604976254788852 5.1596119867347797e-05 5.1596119867347797e-05 5.1596119867347797e-05 1 1 1 Converged Converged Converged OK OK OK 77 77 77 77 77 77 3 3 3 0 0 0 0 1 0 0 1
196 196 uniform 4 23 1747 3 0.0001 1 0.012873290516409978 0.026907251671919846 -0.054028148499610421 -0.1616636207553224 -0.048646698165226453 0 0.061356373340732934 5.9230098077666939 OK 13 12 0.33916800000000003 0.279144 0.099705000000000002 0.23774700000000001 0.12717899999999999 0 0.10142100000000001 0.15196500000000002 0.099705000000000002 0.0082509999999999997 0.0081630000000000001 0.0077120000000000001 0.069323000000000023 0.12017799999999999 0.068849999999999981 0.003777 0.0038979999999999996 0.0037609999999999996 0.00083000000000000001 0.00079799999999999999 0.00078799999999999996 5.9230097642468289 5.9230097642468289 5.9230097642468289 6.0476880089360094e-05 6.0476880089360094e-05 6.0476880089360094e-05 1 1 1 Converged Converged Converged OK OK OK 77 77 77 77 77 77 3 3 3 0 0 0 0 1 0 0 1
197 197 linear 3 0 1748 0 0.001 1 0.043248391019101919 0.028738083124282561 0.067078468554306131 -0.0286324188405187 0.06133085192944962 0.5 -0.019875344888739467 11.947686645587352 OK 14 13 0.55833600000000005 0.56145100000000003 0.19481200000000001 0.357518 0.36475400000000002 0 0.20081800000000005 0.19669700000000001 0.19481200000000001 0.0097940000000000006 0.0097009999999999996 0.0093699999999999999 0.15541099999999997 0.15170700000000001 0.14996100000000001 0.0071259999999999995 0.0069819999999999995 0.0060809999999999996 0.0011050000000000001 0.0011440000000000001 0.00099699999999999984 11.947680903937327 11.947680903937327 11.947680903937327 0.0041589672076839243 0.0041589672076839243 0.0041589672076839243 1 1 1 Converged Converged Converged OK OK OK 114 114 114 114 114 114 6 6 6 0 0 0 0 0 1 0 0
197 197 linear 3 7 1748 1 0.001 1 0.043248391019101919 0.028738083124282561 0.067078468554306131 -0.0286324188405187 0.064829401179362284 0.5 -0.023373894138652131 11.410589206256525 OK 14 13 0.559616 0.50311700000000004 0.18399699999999999 0.37003200000000003 0.270395 0 0.18958399999999997 0.23272200000000004 0.18399699999999999 0.0088620000000000001 0.009018 0.0084259999999999995 0.15533399999999997 0.19687699999999986 0.15053999999999998 0.0055770000000000004 0.0066069999999999992 0.0060209999999999994 0.0010150000000000001 0.001188 0.0010219999999999999 11.410579840349188 11.410579840349188 11.410579840349188 0.0036913656578237428 0.0036913656578237428 0.0036913656578237428 1 1 1 Converged Converged Converged OK OK OK 114 114 114 114 114 114 6 6 6 0 0 0 0 1 0 0 1
197 197 linear 3 15 1748 2 0.001 1 0.043248391019101919 0.028738083124282561 0.067078468554306131 -0.0286324188405187 0.068827743179262463 0.5 -0.02737223613855231 10.815154795453664 OK 14 13 0.658752 0.58845700000000001 0.144926 0.50441000000000003 0.41237099999999999 0 0.15434199999999998 0.17608600000000002 0.144926 0.0088850000000000005 0.0091549999999999999 0.008371 0.12597800000000003 0.14762799999999995 0.11911600000000004 0.0039000000000000007 0.0040619999999999996 0.0033990000000000001 0.0010430000000000001 0.0010150000000000001 0.00097199999999999999 10.815817561306693 10.815817561306693 10.815817561306693 0.0068308453168647769 0.0068308453168647769 0.0068308453168647769 1 1 1 Converged Converged Converged OK OK OK 82 82 82 82 82 82 6 6 6 0 0 0 0 1 0 0 1
197 197 linear 3 23 1748 3 0.001 1 0.043248391019101919 0.028738083124282561 0.067078468554306131 -0.0286324188405187 0.072826085179162642 0.5 -0.031370578138452489 10.249192126913579 OK 14 13 0.55930000000000002 0.47580299999999998 0.14299600000000001 0.40754899999999999 0.310525 0 0.15175100000000002 0.16527799999999998 0.14299600000000001 0.0089250000000000006 0.0087250000000000001 0.0079080000000000001 0.12324599999999998 0.13769099999999995 0.11785200000000001 0.0041590000000000004 0.003771 0.0032659999999999998 0.00099499999999999979 0.00098299999999999993 0.00089800000000000004 10.249604376371712 10.249604376371712 10.249604376371712 0.0046661987136408772 0.0046661987136408772 0.0046661987136408772 1 1 1 Converged Converged Converged OK OK OK 82 82 82 82 82 82 6 6 6 0 0 0 0 1 0 0 1
197 197 linear 3 0 1748 0 0.0001 1 0.043248391019101919 0.028738083124282561 0.067078468554306131 -0.0286324188405187 0.06133085192944962 0.5 -0.019875344888739467 11.947686645587352 OK 14 13 0.66682699999999995 0.64672300000000005 0.28955399999999998 0.36351 0.35577999999999999 0 0.30331699999999995 0.29094300000000006 0.28955399999999998 0.0098239999999999994 0.0096629999999999997 0.0092259999999999998 0.23167499999999996 0.22235799999999992 0.22191900000000003 0.016281999999999998 0.014964000000000002 0.014388999999999999 0.001462 0.001438 0.0014299999999999998 11.947682006766321 11.947682006766321 11.947682006766321 0.00098197591740881661 0.00098197591740881661 0.00098197591740881661 1 1 1 Converged Converged Converged OK OK OK 186 186 186 186 186 186 6 6 6 0 0 0 0 0 1 0 0
197 197 linear 3 7 1748 1 0.0001 1 0.043248391019101919 0.028738083124282561 0.067078468554306131 -0.0286324188405187 0.064829401179362284 0.5 -0.023373894138652131 11.410589206256525 OK 14 13 0.67005599999999998 0.64780899999999997 0.28031800000000001 0.36998500000000001 0.271623 0 0.30007099999999998 0.37618599999999996 0.28031800000000001 0.0092130000000000007 0.0092829999999999996 0.0083569999999999998 0.24245699999999989 0.31962399999999991 0.22652400000000014 0.015441 0.014800999999999998 0.014204000000000001 0.0014289999999999999 0.0013800000000000002 0.001353 11.410584428859643 11.410584428859643 11.410584428859643 0.0009623243571216637 0.0009623243571216637 0.0009623243571216637 1 1 1 Converged Converged Converged OK OK OK 186 186 186 186 186 186 6 6 6 0 0 0 0 1 0 0 1
197 197 linear 3 15 1748 2 0.0001 1 0.043248391019101919 0.028738083124282561 0.067078468554306131 -0.0286324188405187 0.068827743179262463 0.5 -0.02737223613855231 10.815154795453664 OK 14 13 0.79578700000000002 0.781976 0.28283399999999997 0.50638000000000005 0.40941300000000003 0 0.28940699999999997 0.37256299999999998 0.28283399999999997 0.0090519999999999993 0.0088940000000000009 0.0083649999999999992 0.23240700000000011 0.31695499999999982 0.22856300000000013 0.015305999999999998 0.014525 0.014423999999999999 0.0014239999999999999 0.001315 0.0013010000000000001 10.815149792760902 10.815149792760902 10.815149792760902 0.00095353140132717828 0.00095353140132717828 0.00095353140132717828 1 1 1 Converged Converged Converged OK OK OK 186 186 186 186 186 186 6 6 6 0 0 0 0 1 0 0 1
197 197 linear 3 23 1748 3 0.0001 1 0.043248391019101919 0.028738083124282561 0.067078468554306131 -0.0286324188405187 0.072826085179162642 0.5 -0.031370578138452489 10.249192126913579 OK 14 13 0.69448900000000002 0.68119499999999999 0.27839000000000003 0.406333 0.30779200000000001 0 0.28815600000000002 0.37340299999999998 0.27839000000000003 0.0086210000000000002 0.0085290000000000001 0.0080190000000000001 0.23221599999999998 0.31868599999999969 0.22510200000000008 0.015062000000000001 0.014573000000000001 0.014385 0.001438 0.001284 0.0013679999999999999 10.249187630537961 10.249187630537961 10.249187630537961 0.00094098364400375825 0.00094098364400375825 0.00094098364400375825 1 1 1 Converged Converged Converged OK OK OK 186 186 186 186 186 186 6 6 6 0 0 0 0 1 0 0 1
197 197 linear 4 0 1749 0 0.001 1 0.043248391019101919 0.028738083124282561 -0.014876930532480341 -0.074404328860019742 -0.020624547157336852 0.5 0.062080054198047005 12.924790459852096 OK 15 14 0.391376 0.38520900000000002 0.155276 0.23463500000000001 0.231545 0 0.15674099999999999 0.15366400000000002 0.155276 0.015422 0.015528999999999999 0.014952 0.10451800000000003 0.10209800000000004 0.10483000000000002 0.0052179999999999995 0.0048310000000000002 0.0047889999999999999 0.00115 0.0011410000000000003 0.001145 12.924783703908288 12.924783703908288 12.924783703908288 0.0069668587187535838 0.0069668587187535838 0.0069668587187535838 1 1 1 Converged Converged Converged OK OK OK 98 98 98 98 98 98 6 6 6 0 0 0 0 0 1 0 0
197 197 linear 4 7 1749 1 0.001 1 0.043248391019101919 0.028738083124282561 -0.014876930532480341 -0.074404328860019742 -0.017125997907424195 0.5 0.058581504948134348 13.34165446920008 OK 15 14 0.38730100000000001 0.34964099999999998 0.14292199999999999 0.240341 0.14971300000000001 0 0.14696000000000001 0.19992799999999997 0.14292199999999999 0.014638999999999999 0.014618000000000001 0.013887999999999999 0.10398999999999999 0.15753400000000004 0.10160199999999997 0.0051910000000000012 0.0047999999999999996 0.0049010000000000008 0.0011099999999999999 0.001047 0.0010750000000000002 13.341654089985491 13.341654089985491 13.341654089985491 0.00851354700248751 0.00851354700248751 0.00851354700248751 1 1 1 Converged Converged Converged OK OK OK 98 98 98 98 98 98 6 6 6 0 0 0 0 1 0 0 1
197 197 linear 4 15 1749 2 0.001 1 0.043248391019101919 0.028738083124282561 -0.014876930532480341 -0.074404328860019742 -0.013127655907524011 0.5 0.054583162948234162 13.856334526751773 OK 15 14 0.51788500000000004 0.50625799999999999 0.165574 0.348105 0.27797899999999998 0 0.16978000000000004 0.22827900000000001 0.165574 0.014393 0.014449999999999999 0.013813000000000001 0.12246899999999998 0.18068299999999998 0.11924699999999999 0.0058579999999999995 0.0061440000000000002 0.0061129999999999995 0.001289 0.001227 0.001214 13.856326595075894 13.856326595075894 13.856326595075894 0.0062417311463098431 0.0062417311463098431 0.0062417311463098431 1 1 1 Converged Converged Converged OK OK OK 114 114 114 114 114 114 6 6 6 0 0 0 0 1 0 0 1
197 197 linear 4 23 1749 3 0.001 1 0.043248391019101919 0.028738083124282561 -0.014876930532480341 -0.074404328860019742 -0.0091293139076238285 0.5 0.050584820948333983 14.420638940974468 OK 15 14 0.47053299999999998 0.43410500000000002 0.187144 0.27832499999999999 0.183945 0 0.19220799999999999 0.25016000000000005 0.187144 0.015103999999999999 0.015081000000000001 0.014256 0.142036 0.19999099999999992 0.13854299999999994 0.0058129999999999987 0.0061709999999999994 0.0059340000000000009 0.001413 0.0013690000000000002 0.001372 14.420629629611682 14.420629629611682 14.420629629611682 0.011739933058962192 0.011739933058962192 0.011739933058962192 1 1 1 Converged Converged Converged OK OK OK 113 113 113 113 113 113 7 7 7 0 0 0 0 1 0 0 1
197 197 linear 4 0 1749 0 0.0001 1 0.043248391019101919 0.028738083124282561 -0.014876930532480341 -0.074404328860019742 -0.020624547157336852 0.5 0.062080054198047005 12.924790459852096 OK 15 14 0.43808200000000003 0.43078300000000003 0.19780200000000001 0.23661699999999999 0.23263300000000001 0 0.20146500000000003 0.19815000000000002 0.19780200000000001 0.015549 0.015632 0.015212 0.13812099999999999 0.13483800000000001 0.13476400000000002 0.0068169999999999993 0.0069870000000000002 0.0072129999999999998 0.0014159999999999999 0.001477 0.0015200000000000001 12.924782620192127 12.924782620192127 12.924782620192127 0.0011393382150687169 0.0011393382150687169 0.0011393382150687169 1 1 1 Converged Converged Converged OK OK OK 130 130 130 130 130 130 6 6 6 0 0 0 0 0 1 0 0
197 197 linear 4 7 1749 1 0.0001 1 0.043248391019101919 0.028738083124282561 -0.014876930532480341 -0.074404328860019742 -0.017125997907424195 0.5 0.058581504948134348 13.34165446920008 OK 15 14 0.42368400000000001 0.40966000000000002 0.18314 0.235648 0.153276 0 0.18803600000000001 0.25638400000000006 0.18314 0.014508 0.014508 0.013887999999999999 0.13710600000000006 0.20538299999999987 0.13311299999999998 0.0067539999999999996 0.0067710000000000001 0.0068590000000000005 0.001335 0.0013449999999999998 0.0013749999999999999 13.341646298949293 13.341646298949293 13.341646298949293 0.00070502299390721947 0.00070502299390721947 0.00070502299390721947 1 1 1 Converged Converged Converged OK OK OK 130 130 130 130 130 130 6 6 6 0 0 0 0 1 0 0 1
197 197 linear 4 15 1749 2 0.0001 1 0.043248391019101919 0.028738083124282561 -0.014876930532480341 -0.074404328860019742 -0.013127655907524011 0.5 0.054583162948234162 13.856334526751773 OK 15 14 0.53934499999999996 0.53381500000000004 0.18536900000000001 0.34861700000000001 0.27678799999999998 0 0.19072799999999995 0.25702700000000006 0.18536900000000001 0.014581 0.014751 0.013846000000000001 0.13946099999999997 0.20385500000000004 0.13570999999999994 0.0069840000000000006 0.0076589999999999991 0.0068150000000000007 0.0014299999999999998 0.0015789999999999999 0.0013879999999999999 13.8563268396863 13.8563268396863 13.8563268396863 0.00080146671192711484 0.00080146671192711484 0.00080146671192711484 1 1 1 Converged Converged Converged OK OK OK 130 130 130 130 130 130 6 6 6 0 0 0 0 1 0 0 1
197 197 linear 4 23 1749 3 0.0001 1 0.043248391019101919 0.028738083124282561 -0.014876930532480341 -0.074404328860019742 -0.0091293139076238285 0.5 0.050584820948333983 14.420638940974468 OK 15 14 0.51272499999999999 0.50222500000000003 0.23649600000000001 0.27477499999999999 0.18651999999999999 0 0.23794999999999999 0.31570500000000001 0.23649600000000001 0.015001 0.015394 0.014355 0.17563800000000002 0.24841100000000005 0.175037 0.0080370000000000007 0.012227 0.0079780000000000007 0.0016820000000000001 0.0017709999999999998 0.0017169999999999998 14.420629721098111 14.420629721098111 14.420629721098111 0.00071434792164569926 0.00071434792164569926 0.00071434792164569926 1 1 1 Converged Converged Converged OK OK OK 145 145 145 145 145 145 7 7 7 0 0 0 0 1 0 0 1
197 197 uniform 3 0 1750 0 0.001 1 0.043248391019101919 0.028738083124282561 0.067078468554306131 -0.0286324188405187 0.06133085192944962 0 -0.019875344888739467 11.99088341678107 OK 14 13 0.52830999999999995 0.52607199999999998 0.16836999999999999 0.35981299999999999 0.35686499999999999 0 0.16849699999999995 0.169207 0.16836999999999999 0.0096500000000000006 0.0098750000000000001 0.0094310000000000001 0.12661600000000001 0.12689300000000001 0.12607299999999994 0.0053540000000000003 0.0057919999999999994 0.005633 0.0010739999999999999 0.001041 0.0011429999999999999 11.990885320777759 11.990885320777759 11.990885320777759 0.0036977349768604123 0.0036977349768604123 0.0036977349768604123 1 1 1 Converged Converged Converged OK OK OK 114 114 114 114 114 114 6 6 6 0 0 0 0 0 1 0 0
197 197 uniform 3 7 1750 1 0.001 1 0.043248391019101919 0.028738083124282561 0.067078468554306131 -0.0286324188405187 0.064829401179362284 0 -0.023373894138652131 11.445892005425817 OK 14 13 0.52748700000000004 0.483267 0.15961900000000001 0.36630699999999999 0.27187499999999998 0 0.16118000000000005 0.21139200000000002 0.15961900000000001 0.0089560000000000004 0.0090089999999999996 0.0084770000000000002 0.12759200000000001 0.1771629999999999 0.12700200000000003 0.0053689999999999996 0.005855 0.0054149999999999997 0.00096699999999999976 0.0010809999999999999 0.001024 11.44588802494733 11.44588802494733 11.44588802494733 0.0031838233364660626 0.0031838233364660626 0.0031838233364660626 1 1 1 Converged Converged Converged OK OK OK 114 114 114 114 114 114 6 6 6 0 0 0 0 1 0 0 1
197 197 uniform 3 15 1750 2 0.001 1 0.043248391019101919 0.028738083124282561 0.067078468554306131 -0.0286324188405187 0.068827743179262463 0 -0.02737223613855231 10.843716598395881 OK 14 13 0.66816600000000004 0.61143700000000001 0.155862 0.50756199999999996 0.41037000000000001 0 0.16060400000000008 0.201067 0.155862 0.0090810000000000005 0.0089899999999999997 0.0082240000000000004 0.12527300000000002 0.16661000000000006 0.12369799999999995 0.0064539999999999997 0.0057850000000000002 0.0053569999999999998 0.00096099999999999994 0.00098700000000000003 0.00095100000000000002 10.843712674547382 10.843712674547382 10.843712674547382 0.0024503038525361467 0.0024503038525361467 0.0024503038525361467 1 1 1 Converged Converged Converged OK OK OK 114 114 114 114 114 114 6 6 6 0 0 0 0 1 0 0 1
197 197 uniform 3 23 1750 3 0.001 1 0.043248391019101919 0.028738083124282561 0.067078468554306131 -0.0286324188405187 0.072826085179162642 0 -0.031370578138452489 10.272682955683146 OK 14 13 0.53620699999999999 0.46066000000000001 0.12579299999999999 0.40324900000000002 0.313359 0 0.13295799999999997 0.14730100000000002 0.12579299999999999 0.0086440000000000006 0.0086630000000000006 0.007894 0.10552499999999997 0.119935 0.100956 0.003447 0.0036089999999999998 0.0030369999999999998 0.00093399999999999993 0.00093500000000000007 0.00094200000000000002 10.2732259314164 10.2732259314164 10.2732259314164 0.0065438748895628573 0.0065438748895628573 0.0065438748895628573 1 1 1 Converged Converged Converged OK OK OK 82 82 82 82 82 82 6 6 6 0 0 0 0 1 0 0 1
197 197 uniform 3 0 1750 0 0.0001 1 0.043248391019101919 0.028738083124282561 0.067078468554306131 -0.0286324188405187 0.06133085192944962 0 -0.019875344888739467 11.99088341678107 OK 14 13 0.59040300000000001 0.58589100000000005 0.233461 0.36114800000000002 0.35605599999999998 0 0.22925499999999999 0.22983500000000007 0.233461 0.0095750000000000002 0.0095110000000000004 0.0092049999999999996 0.16683000000000017 0.16710000000000005 0.16641600000000004 0.013725000000000001 0.014111 0.014419 0.0011720000000000001 0.00116 0.001323 11.990886280528342 11.990886280528342 11.990886280528342 0.00077350492741556996 0.00077350492741556996 0.00077350492741556996 1 1 1 Converged Converged Converged OK OK OK 178 178 178 178 178 178 6 6 6 0 0 0 0 0 1 0 0
197 197 uniform 3 7 1750 1 0.0001 1 0.043248391019101919 0.028738083124282561 0.067078468554306131 -0.0286324188405187 0.064829401179362284 0 -0.023373894138652131 11.445892005425817 OK 14 13 0.60154600000000003 0.58735400000000004 0.219975 0.36941400000000002 0.27484700000000001 0 0.23213200000000001 0.31250700000000003 0.219975 0.010024 0.0089910000000000007 0.0083999999999999995 0.17384699999999997 0.25961400000000007 0.16842500000000013 0.016508999999999999 0.013954000000000001 0.013708 0.0012290000000000001 0.0011879999999999998 0.0010750000000000002 11.445894213915041 11.445894213915041 11.445894213915041 0.00074579969628118007 0.00074579969628118007 0.00074579969628118007 1 1 1 Converged Converged Converged OK OK OK 178 178 178 178 178 178 6 6 6 0 0 0 0 1 0 0 1
197 197 uniform 3 15 1750 2 0.0001 1 0.043248391019101919 0.028738083124282561 0.067078468554306131 -0.0286324188405187 0.068827743179262463 0 -0.02737223613855231 10.843716598395881 OK 14 13 0.73933899999999997 0.72610600000000003 0.21687699999999999 0.51530500000000001 0.40971200000000002 0 0.22403399999999996 0.31639400000000001 0.21687699999999999 0.009221 0.0092160000000000002 0.0083429999999999997 0.16743000000000008 0.26007300000000011 0.16608300000000009 0.015856000000000002 0.015905000000000002 0.013509 0.0011300000000000001 0.0012639999999999999 0.001041 10.84371799674309 10.84371799674309 10.84371799674309 0.00073567996685734824 0.00073567996685734824 0.00073567996685734824 1 1 1 Converged Converged Converged OK OK OK 178 178 178 178 178 178 6 6 6 0 0 0 0 1 0 0 1
197 197 uniform 3 23 1750 3 0.0001 1 0.043248391019101919 0.028738083124282561 0.067078468554306131 -0.0286324188405187 0.072826085179162642 0 -0.031370578138452489 10.272682955683146 OK 14 13 0.626579 0.62085900000000005 0.21501700000000001 0.40767300000000001 0.30980400000000002 0 0.21890599999999999 0.31105500000000003 0.21501700000000001 0.0086809999999999995 0.0087180000000000001 0.0079310000000000005 0.16567999999999988 0.25644699999999998 0.16435000000000011 0.014154 0.015067000000000001 0.013565000000000001 0.001299 0.0012780000000000001 0.001207 10.272684497249319 10.272684497249319 10.272684497249319 0.00072034975404135487 0.00072034975404135487 0.00072034975404135487 1 1 1 Converged Converged Converged OK OK OK 178 178 178 178 178 178 6 6 6 0 0 0 0 1 0 0 1
197 197 uniform 4 0 1751 0 0.001 1 0.043248391019101919 0.028738083124282561 -0.014876930532480341 -0.074404328860019742 -0.020624547157336852 0 0.062080054198047005 12.950403101306987 OK 15 14 0.35267100000000001 0.34997899999999998 0.11537699999999999 0.236785 0.23454700000000001 0 0.11588600000000002 0.11543199999999998 0.11537699999999999 0.015650000000000001 0.015507 0.015105 0.070752999999999996 0.071085999999999983 0.071050000000000044 0.0039010000000000004 0.0036600000000000001 0.0037829999999999999 0.00099600000000000014 0.00093899999999999995 0.001044 12.950405726182771 12.950405726182771 12.950405726182771 0.0097561070765382375 0.0097561070765382375 0.0097561070765382375 1 1 1 Converged Converged Converged OK OK OK 82 82 82 82 82 82 6 6 6 0 0 0 0 0 1 0 0
197 197 uniform 4 7 1751 1 0.001 1 0.043248391019101919 0.028738083124282561 -0.014876930532480341 -0.074404328860019742 -0.017125997907424195 0 0.058581504948134348 13.371394954644181 OK 15 14 0.34422399999999997 0.299091 0.109082 0.23668700000000001 0.152036 0 0.10753699999999997 0.14705499999999999 0.109082 0.014574999999999999 0.014773 0.013894999999999999 0.070227999999999999 0.10917599999999998 0.072870000000000004 0.003741 0.0039680000000000002 0.0035929999999999998 0.00094099999999999989 0.0010189999999999999 0.00095099999999999991 13.371408795667307 13.371408795667307 13.371408795667307 0.012613674452372763 0.012613674452372763 0.012613674452372763 1 1 1 Converged Converged Converged OK OK OK 82 82 82 82 82 82 6 6 6 0 0 0 0 1 0 0 1
197 197 uniform 4 15 1751 2 0.001 1 0.043248391019101919 0.028738083124282561 -0.014876930532480341 -0.074404328860019742 -0.013127655907524011 0 0.054583162948234162 13.892210214761121 OK 15 14 0.47587299999999999 0.44792100000000001 0.12608800000000001 0.34780800000000001 0.27676499999999998 0 0.12806499999999998 0.17115600000000003 0.12608800000000001 0.014492 0.0144 0.013587999999999999 0.084842000000000015 0.12787700000000002 0.084396999999999958 0.0047290000000000006 0.0048300000000000001 0.0045889999999999993 0.001085 0.0010820000000000001 0.0011119999999999999 13.892211838392434 13.892211838392434 13.892211838392434 0.008744802441106099 0.008744802441106099 0.008744802441106099 1 1 1 Converged Converged Converged OK OK OK 98 98 98 98 98 98 6 6 6 0 0 0 0 1 0 0 1
197 197 uniform 4 23 1751 3 0.001 1 0.043248391019101919 0.028738083124282561 -0.014876930532480341 -0.074404328860019742 -0.0091293139076238285 0 0.050584820948333983 14.464922650531429 OK 15 14 0.42522100000000002 0.39461499999999999 0.14413300000000001 0.273038 0.187971 0 0.15218300000000001 0.20664399999999999 0.14413300000000001 0.018488000000000001 0.015082 0.014201999999999999 0.10289799999999993 0.16092499999999998 0.10072199999999998 0.0051649999999999995 0.0050990000000000002 0.0047890000000000007 0.0013149999999999998 0.0012179999999999999 0.0012239999999999998 14.464923082166438 14.464923082166438 14.464923082166438 0.0095106502914899544 0.0095106502914899544 0.0095106502914899544 1 1 1 Converged Converged Converged OK OK OK 97 97 97 97 97 97 7 7 7 0 0 0 0 1 0 0 1
197 197 uniform 4 0 1751 0 0.0001 1 0.043248391019101919 0.028738083124282561 -0.014876930532480341 -0.074404328860019742 -0.020624547157336852 0 0.062080054198047005 12.950403101306987 OK 15 14 0.407748 0.404194 0.17038500000000001 0.23238900000000001 0.23188 0 0.17535899999999999 0.17231399999999999 0.17038500000000001 0.015542 0.015594 0.015169999999999999 0.10921499999999998 0.10926099999999998 0.10840200000000004 0.0065959999999999994 0.0065539999999999999 0.0064080000000000005 0.0014689999999999998 0.001436 0.0014320000000000001 12.95040285928205 12.95040285928205 12.95040285928205 0.00037998131851421158 0.00037998131851421158 0.00037998131851421158 1 1 1 Converged Converged Converged OK OK OK 130 130 130 130 130 130 6 6 6 0 0 0 0 0 1 0 0
197 197 uniform 4 7 1751 1 0.0001 1 0.043248391019101919 0.028738083124282561 -0.014876930532480341 -0.074404328860019742 -0.017125997907424195 0 0.058581504948134348 13.371394954644181 OK 15 14 0.39907700000000002 0.386631 0.15615299999999999 0.23854400000000001 0.156051 0 0.16053300000000001 0.23058000000000001 0.15615299999999999 0.01474 0.014414 0.01392 0.10856599999999998 0.17980300000000007 0.10712900000000002 0.0070049999999999999 0.0063820000000000005 0.0060780000000000009 0.001407 0.001403 0.0013160000000000001 13.37139468488072 13.37139468488072 13.37139468488072 0.00020677519538304516 0.00020677519538304516 0.00020677519538304516 1 1 1 Converged Converged Converged OK OK OK 130 130 130 130 130 130 6 6 6 0 0 0 0 1 0 0 1
197 197 uniform 4 15 1751 2 0.0001 1 0.043248391019101919 0.028738083124282561 -0.014876930532480341 -0.074404328860019742 -0.013127655907524011 0 0.054583162948234162 13.892210214761121 OK 15 14 0.51158000000000003 0.50686100000000001 0.15854699999999999 0.34955199999999997 0.27317399999999997 0 0.16202800000000006 0.23368700000000003 0.15854699999999999 0.014793000000000001 0.014449 0.013951 0.11055699999999996 0.18277400000000002 0.10948299999999997 0.0067519999999999993 0.0063850000000000001 0.006202 0.001467 0.0013870000000000002 0.00133 13.892211034293535 13.892211034293535 13.892211034293535 0.00056741170083244555 0.00056741170083244555 0.00056741170083244555 1 1 1 Converged Converged Converged OK OK OK 130 130 130 130 130 130 6 6 6 0 0 0 0 1 0 0 1
197 197 uniform 4 23 1751 3 0.0001 1 0.043248391019101919 0.028738083124282561 -0.014876930532480341 -0.074404328860019742 -0.0091293139076238285 0 0.050584820948333983 14.464922650531429 OK 15 14 0.48125200000000001 0.46094200000000002 0.19927300000000001 0.27434799999999998 0.18329899999999999 0 0.20690400000000003 0.27764300000000003 0.19927300000000001 0.015284000000000001 0.015143999999999999 0.014369 0.13926499999999994 0.21505100000000002 0.13805099999999998 0.0079520000000000007 0.0078129999999999988 0.0077860000000000004 0.0019140000000000001 0.0017930000000000001 0.0017330000000000002 14.464921982200147 14.464921982200147 14.464921982200147 0.00052861494794733722 0.00052861494794733722 0.00052861494794733722 1 1 1 Converged Converged Converged OK OK OK 145 145 145 145 145 145 7 7 7 0 0 0 0 1 0 0 1
198 198 linear 3 0 1752 0 0.001 1 0.00058664498215219723 0.073043860023581014 -0.10747040167256858 -0.096011839283918418 -0.12207917367728478 0.5 0.12266547470887877 6.6166234916789222 OK 13 12 0.38080900000000001 0.37983699999999998 0.087157999999999999 0.28784799999999999 0.289659 0 0.092961000000000016 0.09017799999999998 0.087157999999999999 0.0088880000000000001 0.0093159999999999996 0.0086199999999999992 0.064639000000000016 0.060728999999999998 0.059510999999999988 0.0029919999999999999 0.0036349999999999998 0.0030309999999999998 0.00058600000000000004 0.00071100000000000004 0.00059800000000000001 6.6166200252152372 6.6166200252152372 6.6166200252152372 0.0022740493488796589 0.0022740493488796589 0.0022740493488796589 1 1 1 Converged Converged Converged OK OK OK 60 60 60 60 60 60 4 4 4 0 0 0 0 0 1 0 0
198 198 linear 3 7 1752 1 0.001 1 0.00058664498215219723 0.073043860023581014 -0.10747040167256858 -0.096011839283918418 -0.11318687767441404 0.5 0.11377317870600803 6.9391807547670608 OK 13 12 0.37799199999999999 0.23693800000000001 0.082718 0.29040199999999999 0.13780200000000001 0 0.087590000000000001 0.099136000000000002 0.082718 0.0086449999999999999 0.0085599999999999999 0.0078340000000000007 0.061221999999999999 0.073287000000000033 0.058835999999999999 0.0034689999999999999 0.0033720000000000004 0.002941 0.00069300000000000004 0.00064700000000000001 0.00062399999999999999 6.9391764036990455 6.9391764036990455 6.9391764036990455 0.0033245954100609063 0.0033245954100609063 0.0033245954100609063 1 1 1 Converged Converged Converged OK OK OK 60 60 60 60 60 60 4 4 4 0 0 0 0 1 0 0 1
198 198 linear 3 15 1752 2 0.001 1 0.00058664498215219723 0.073043860023581014 -0.10747040167256858 -0.096011839283918418 -0.10302425367113321 0.5 0.1036105547027272 7.3364673576294601 OK 13 12 0.37525500000000001 0.23888400000000001 0.083260000000000001 0.28724300000000003 0.13994799999999999 0 0.088011999999999979 0.098936000000000024 0.083260000000000001 0.0084969999999999993 0.0084019999999999997 0.0078009999999999998 0.062167999999999994 0.074033000000000015 0.059763000000000024 0.0033609999999999998 0.0029899999999999996 0.0028079999999999997 0.00067699999999999998 0.0006150000000000001 0.00059000000000000003 7.3364625815424471 7.3364625815424471 7.3364625815424471 0.0059472531920493794 0.0059472531920493794 0.0059472531920493794 1 1 1 Converged Converged Converged OK OK OK 60 60 60 60 60 60 4 4 4 0 0 0 0 1 0 0 1
198 198 linear 3 23 1752 3 0.001 1 0.00058664498215219723 0.073043860023581014 -0.10747040167256858 -0.096011839283918418 -0.092861629667852372 0.5 0.09344793069944636 7.7644997804179985 OK 13 12 0.37011300000000003 0.22930700000000001 0.068089999999999998 0.29702400000000001 0.14547099999999999 0 0.073089000000000015 0.083836000000000022 0.068089999999999998 0.0084709999999999994 0.0085269999999999999 0.0077219999999999997 0.050280000000000019 0.061896 0.047853000000000007 0.0028590000000000004 0.002598 0.002248 0.00065900000000000008 0.00067999999999999994 0.000629 7.7644876478709328 7.7644876478709328 7.7644876478709328 0.006113269347249815 0.006113269347249815 0.006113269347249815 1 1 1 Converged Converged Converged OK OK OK 52 52 52 52 52 52 4 4 4 0 0 0 0 1 0 0 1
198 198 linear 3 0 1752 0 0.0001 1 0.00058664498215219723 0.073043860023581014 -0.10747040167256858 -0.096011839283918418 -0.12207917367728478 0.5 0.12266547470887877 6.6166234916789222 OK 13 12 0.41189999999999999 0.40465299999999998 0.115207 0.28654099999999999 0.28832200000000002 0 0.125359 0.11633099999999996 0.115207 0.0090810000000000005 0.0089999999999999993 0.0085489999999999993 0.084653000000000006 0.081279000000000004 0.080925000000000039 0.0049409999999999992 0.004346 0.0039170000000000003 0.00088199999999999997 0.00084999999999999984 0.00083599999999999994 6.616619291365752 6.616619291365752 6.616619291365752 0.00015542509629772297 0.00015542509629772297 0.00015542509629772297 1 1 1 Converged Converged Converged OK OK OK 84 84 84 84 84 84 4 4 4 0 0 0 0 0 1 0 0
198 198 linear 3 7 1752 1 0.0001 1 0.00058664498215219723 0.073043860023581014 -0.10747040167256858 -0.096011839283918418 -0.11318687767441404 0.5 0.11377317870600803 6.9391807547670608 OK 13 12 0.40556700000000001 0.26578099999999999 0.108444 0.29116799999999998 0.13584499999999999 0 0.11439900000000003 0.129936 0.108444 0.0085419999999999992 0.0083280000000000003 0.00779 0.083287999999999987 0.10038199999999997 0.079908999999999994 0.0046810000000000003 0.0042850000000000006 0.0040079999999999994 0.00083800000000000009 0.00082399999999999997 0.00078700000000000005 6.9391762119915752 6.9391762119915752 6.9391762119915752 0.00018100983352043452 0.00018100983352043452 0.00018100983352043452 1 1 1 Converged Converged Converged OK OK OK 84 84 84 84 84 84 4 4 4 0 0 0 0 1 0 0 1
198 198 linear 3 15 1752 2 0.0001 1 0.00058664498215219723 0.073043860023581014 -0.10747040167256858 -0.096011839283918418 -0.10302425367113321 0.5 0.1036105547027272 7.3364673576294601 OK 13 12 0.385627 0.24924199999999999 0.091997999999999996 0.28675099999999998 0.13683400000000001 0 0.098876000000000019 0.11240799999999998 0.091997999999999996 0.0083549999999999996 0.0084650000000000003 0.00777 0.071912000000000004 0.086008000000000001 0.066753999999999966 0.0033019999999999998 0.0032139999999999998 0.0032569999999999995 0.000767 0.00071000000000000002 0.00073300000000000004 7.3364625512097765 7.3364625512097765 7.3364625512097765 0.00052654008700297778 0.00052654008700297778 0.00052654008700297778 1 1 1 Converged Converged Converged OK OK OK 68 68 68 68 68 68 4 4 4 0 0 0 0 1 0 0 1
198 198 linear 3 23 1752 3 0.0001 1 0.00058664498215219723 0.073043860023581014 -0.10747040167256858 -0.096011839283918418 -0.092861629667852372 0.5 0.09344793069944636 7.7644997804179985 OK 13 12 0.38414799999999999 0.249718 0.087586999999999998 0.29361700000000002 0.137515 0 0.090530999999999973 0.112203 0.087586999999999998 0.0082679999999999993 0.00843 0.0077219999999999997 0.06439700000000001 0.085620000000000002 0.06229599999999999 0.0031229999999999999 0.0032770000000000004 0.0033340000000000002 0.00074899999999999999 0.000785 0.00074400000000000009 7.7644943604011969 7.7644943604011969 7.7644943604011969 0.00046508523874209327 0.00046508523874209327 0.00046508523874209327 1 1 1 Converged Converged Converged OK OK OK 68 68 68 68 68 68 4 4 4 0 0 0 0 1 0 0 1
198 198 linear 4 0 1753 0 0.001 1 0.00058664498215219723 0.073043860023581014 0.074883802718814604 -0.14467171049403946 0.060275030714098399 0.5 -0.059688729682504417 6.6307710973884442 OK 12 11 0.41695199999999999 0.41448499999999999 0.109316 0.30424699999999999 0.30393799999999999 0 0.112705 0.11054700000000001 0.109316 0.0097310000000000001 0.0097610000000000006 0.0092980000000000007 0.078103999999999993 0.076168999999999973 0.075611999999999999 0.0037140000000000003 0.003673 0.0037749999999999997 0.00092100000000000005 0.00087800000000000009 0.00089800000000000004 6.6307650219359164 6.6307650219359164 6.6307650219359164 0.0040246396191410396 0.0040246396191410396 0.0040246396191410396 1 1 1 Converged Converged Converged OK OK OK 75 75 75 75 75 75 5 5 5 0 0 0 0 0 1 0 0
198 198 linear 4 7 1753 1 0.001 1 0.00058664498215219723 0.073043860023581014 0.074883802718814604 -0.14467171049403946 0.069167326716969138 0.5 -0.068581025685375149 6.4768760956790379 OK 12 11 0.39199699999999998 0.26284299999999999 0.089091000000000004 0.297875 0.139849 0 0.094121999999999983 0.12299399999999999 0.089091000000000004 0.0086390000000000008 0.0086029999999999995 0.0079830000000000005 0.065907999999999994 0.096116000000000021 0.063484999999999972 0.0040580000000000008 0.0032810000000000001 0.0030529999999999997 0.0009859999999999999 0.00089300000000000002 0.00088700000000000009 6.4768718044871321 6.4768718044871321 6.4768718044871321 0.00013430559131977156 0.00013430559131977156 0.00013430559131977156 1 1 1 Converged Converged Converged OK OK OK 68 68 68 68 68 68 4 4 4 0 0 0 0 1 0 0 1
198 198 linear 4 15 1753 2 0.001 1 0.00058664498215219723 0.073043860023581014 0.074883802718814604 -0.14467171049403946 0.079329950720249967 0.5 -0.078743649688655978 6.2905859973599574 OK 12 11 0.39242500000000002 0.263465 0.093086000000000002 0.29464699999999999 0.142874 0 0.097778000000000032 0.120591 0.093086000000000002 0.0083680000000000004 0.0083099999999999997 0.0077299999999999999 0.070523000000000016 0.093776000000000012 0.067752000000000007 0.003581 0.0034620000000000002 0.0032819999999999998 0.00089099999999999987 0.00088600000000000007 0.00083000000000000001 6.2905818070361947 6.2905818070361947 6.2905818070361947 0.00012453609775935352 0.00012453609775935352 0.00012453609775935352 1 1 1 Converged Converged Converged OK OK OK 68 68 68 68 68 68 4 4 4 0 0 0 0 1 0 0 1
198 198 linear 4 23 1753 3 0.001 1 0.00058664498215219723 0.073043860023581014 0.074883802718814604 -0.14467171049403946 0.08949257472353081 0.5 -0.088906273691936821 6.0974374168256631 OK 12 11 0.38464700000000002 0.243898 0.089411000000000004 0.29055999999999998 0.13578499999999999 0 0.094087000000000032 0.10811300000000001 0.089411000000000004 0.0081499999999999993 0.0082590000000000007 0.0076150000000000002 0.066764000000000004 0.081740999999999994 0.064363999999999977 0.0038890000000000001 0.0032370000000000003 0.0032000000000000002 0.00086200000000000003 0.00080700000000000021 0.00079599999999999994 6.0974333506475435 6.0974333506475435 6.0974333506475435 0.0001226888165921214 0.0001226888165921214 0.0001226888165921214 1 1 1 Converged Converged Converged OK OK OK 68 68 68 68 68 68 4 4 4 0 0 0 0 1 0 0 1
198 198 linear 4 0 1753 0 0.0001 1 0.00058664498215219723 0.073043860023581014 0.074883802718814604 -0.14467171049403946 0.060275030714098399 0.5 -0.059688729682504417 6.6307710973884442 OK 12 11 0.436641 0.42730699999999999 0.12488299999999999 0.30813000000000001 0.298989 0 0.12851099999999999 0.12831799999999999 0.12488299999999999 0.0097940000000000006 0.0097380000000000001 0.0094459999999999995 0.090473999999999971 0.090540999999999996 0.086950000000000041 0.0042380000000000004 0.0041149999999999997 0.0042649999999999997 0.00098999999999999999 0.00099899999999999989 0.0011049999999999999 6.6307666905283265 6.6307666905283265 6.6307666905283265 0.00015040971591188647 0.00015040971591188647 0.00015040971591188647 1 1 1 Converged Converged Converged OK OK OK 83 83 83 83 83 83 5 5 5 0 0 0 0 0 1 0 0
198 198 linear 4 7 1753 1 0.0001 1 0.00058664498215219723 0.073043860023581014 0.074883802718814604 -0.14467171049403946 0.069167326716969138 0.5 -0.068581025685375149 6.4768760956790379 OK 12 11 0.391571 0.26246799999999998 0.089298000000000002 0.29917300000000002 0.14027700000000001 0 0.09239799999999998 0.12219099999999997 0.089298000000000002 0.0085500000000000003 0.0085649999999999997 0.0081320000000000003 0.065687000000000009 0.095517000000000019 0.063373999999999972 0.0031850000000000003 0.0032259999999999997 0.0032330000000000002 0.00087500000000000002 0.00081100000000000009 0.00089100000000000008 6.4768718044871321 6.4768718044871321 6.4768718044871321 0.00013430559131977156 0.00013430559131977156 0.00013430559131977156 1 1 1 Converged Converged Converged OK OK OK 68 68 68 68 68 68 4 4 4 0 0 0 0 1 0 0 1
198 198 linear 4 15 1753 2 0.0001 1 0.00058664498215219723 0.073043860023581014 0.074883802718814604 -0.14467171049403946 0.079329950720249967 0.5 -0.078743649688655978 6.2905859973599574 OK 12 11 0.39047399999999999 0.261793 0.092970999999999998 0.29398800000000003 0.14165800000000001 0 0.096485999999999961 0.12013499999999999 0.092970999999999998 0.0081349999999999999 0.0081630000000000001 0.0077299999999999999 0.070258999999999974 0.093891999999999948 0.067652000000000018 0.003156 0.0033649999999999999 0.0030870000000000003 0.00076599999999999997 0.00075700000000000008 0.00080400000000000003 6.2905818070361947 6.2905818070361947 6.2905818070361947 0.00012453609775935352 0.00012453609775935352 0.00012453609775935352 1 1 1 Converged Converged Converged OK OK OK 68 68 68 68 68 68 4 4 4 0 0 0 0 1 0 0 1
198 198 linear 4 23 1753 3 0.0001 1 0.00058664498215219723 0.073043860023581014 0.074883802718814604 -0.14467171049403946 0.08949257472353081 0.5 -0.088906273691936821 6.0974374168256631 OK 12 11 0.38929999999999998 0.246305 0.089245000000000005 0.29545500000000002 0.13695599999999999 0 0.093844999999999956 0.109349 0.089245000000000005 0.0083999999999999995 0.0082660000000000008 0.0077130000000000002 0.066831000000000002 0.081844000000000014 0.064062999999999981 0.0034719999999999998 0.003666 0.0030230000000000001 0.00081999999999999998 0.000776 0.00073799999999999994 6.0974333506475435 6.0974333506475435 6.0974333506475435 0.0001226888165921214 0.0001226888165921214 0.0001226888165921214 1 1 1 Converged Converged Converged OK OK OK 68 68 68 68 68 68 4 4 4 0 0 0 0 1 0 0 1
198 198 uniform 3 0 1754 0 0.001 1 0.00058664498215219723 0.073043860023581014 -0.10747040167256858 -0.096011839283918418 -0.12207917367728478 0 0.12266547470887877 6.631127653182685 OK 13 12 0.34753299999999998 0.35095399999999999 0.056918999999999997 0.28915600000000002 0.28842299999999998 0 0.058376999999999957 0.062531000000000003 0.056918999999999997 0.0091050000000000002 0.0092739999999999993 0.0086239999999999997 0.035909000000000003 0.039812999999999987 0.035501999999999999 0.0017949999999999999 0.001993 0.001702 0.00050900000000000001 0.00049299999999999995 0.00049299999999999995 6.6311428537372565 6.6311428537372565 6.6311428537372565 0.0065812509647652246 0.0065812509647652246 0.0065812509647652246 1 1 1 Converged Converged Converged OK OK OK 44 44 44 44 44 44 4 4 4 0 0 0 0 0 1 0 0
198 198 uniform 3 7 1754 1 0.001 1 0.00058664498215219723 0.073043860023581014 -0.10747040167256858 -0.096011839283918418 -0.11318687767441404 0 0.11377317870600803 6.9562262425797385 OK 13 12 0.36079800000000001 0.22453000000000001 0.071289000000000005 0.28796100000000002 0.13777900000000001 0 0.072836999999999985 0.086750999999999995 0.071289000000000005 0.008293 0.0083289999999999996 0.0077070000000000003 0.047869999999999996 0.061141999999999995 0.047203000000000016 0.0025830000000000002 0.002947 0.002591 0.00056899999999999995 0.00060500000000000007 0.00059000000000000003 6.9562262196080624 6.9562262196080624 6.9562262196080624 0.002420335887347449 0.002420335887347449 0.002420335887347449 1 1 1 Converged Converged Converged OK OK OK 60 60 60 60 60 60 4 4 4 0 0 0 0 1 0 0 1
198 198 uniform 3 15 1754 2 0.001 1 0.00058664498215219723 0.073043860023581014 -0.10747040167256858 -0.096011839283918418 -0.10302425367113321 0 0.1036105547027272 7.3570786144679117 OK 13 12 0.363535 0.22594800000000001 0.071320999999999996 0.28854400000000002 0.135825 0 0.074990999999999974 0.090123000000000009 0.071320999999999996 0.0084790000000000004 0.0084519999999999994 0.0077210000000000004 0.049104999999999989 0.065916000000000016 0.048182000000000003 0.0034510000000000001 0.002575 0.0025330000000000001 0.00065200000000000002 0.00060300000000000002 0.00056900000000000006 7.3570782401827328 7.3570782401827328 7.3570782401827328 0.0034177581994272259 0.0034177581994272259 0.0034177581994272259 1 1 1 Converged Converged Converged OK OK OK 60 60 60 60 60 60 4 4 4 0 0 0 0 1 0 0 1
198 198 uniform 3 23 1754 3 0.001 1 0.00058664498215219723 0.073043860023581014 -0.10747040167256858 -0.096011839283918418 -0.092861629667852372 0 0.09344793069944636 7.7895285567643198 OK 13 12 0.36563699999999999 0.228105 0.067101999999999995 0.296765 0.142151 0 0.068871999999999989 0.085954000000000003 0.067101999999999995 0.0084600000000000005 0.0083199999999999993 0.0077510000000000001 0.044271999999999999 0.061612 0.043894000000000016 0.002679 0.0027439999999999999 0.0026020000000000001 0.00061300000000000005 0.00060100000000000008 0.0006150000000000001 7.7895279092990082 7.7895279092990082 7.7895279092990082 0.005353311527287451 0.005353311527287451 0.005353311527287451 1 1 1 Converged Converged Converged OK OK OK 60 60 60 60 60 60 4 4 4 0 0 0 0 1 0 0 1
198 198 uniform 3 0 1754 0 0.0001 1 0.00058664498215219723 0.073043860023581014 -0.10747040167256858 -0.096011839283918418 -0.12207917367728478 0 0.12266547470887877 6.631127653182685 OK 13 12 0.38589200000000001 0.38722099999999998 0.099138000000000004 0.28607500000000002 0.28674300000000003 0 0.099816999999999989 0.10047799999999996 0.099138000000000004 0.0091979999999999996 0.0092250000000000006 0.0085959999999999995 0.064730000000000024 0.064853999999999995 0.064301000000000025 0.0038839999999999999 0.0043949999999999996 0.004189 0.00084900000000000015 0.00091399999999999988 0.00088199999999999997 6.6311273746500259 6.6311273746500259 6.6311273746500259 0.00015382703123789255 0.00015382703123789255 0.00015382703123789255 1 1 1 Converged Converged Converged OK OK OK 84 84 84 84 84 84 4 4 4 0 0 0 0 0 1 0 0
198 198 uniform 3 7 1754 1 0.0001 1 0.00058664498215219723 0.073043860023581014 -0.10747040167256858 -0.096011839283918418 -0.11318687767441404 0 0.11377317870600803 6.9562262425797385 OK 13 12 0.38702799999999998 0.24995100000000001 0.091415999999999997 0.29358099999999998 0.13642599999999999 0 0.093447000000000002 0.11352500000000001 0.091415999999999997 0.008378 0.0084460000000000004 0.007816 0.063992999999999994 0.083702999999999986 0.063243999999999995 0.0037599999999999999 0.0042300000000000003 0.0037680000000000005 0.00081900000000000007 0.00086900000000000009 0.00081499999999999997 6.9562259142226956 6.9562259142226956 6.9562259142226956 0.00018798854860938428 0.00018798854860938428 0.00018798854860938428 1 1 1 Converged Converged Converged OK OK OK 84 84 84 84 84 84 4 4 4 0 0 0 0 1 0 0 1
198 198 uniform 3 15 1754 2 0.0001 1 0.00058664498215219723 0.073043860023581014 -0.10747040167256858 -0.096011839283918418 -0.10302425367113321 0 0.1036105547027272 7.3570786144679117 OK 13 12 0.36494700000000002 0.23814399999999999 0.078347 0.28518100000000002 0.13773299999999999 0 0.079766000000000004 0.100411 0.078347 0.0083440000000000007 0.0085089999999999992 0.0078729999999999998 0.053762999999999977 0.072859999999999994 0.053211000000000001 0.0029720000000000002 0.003718 0.002957 0.00066699999999999995 0.00074899999999999999 0.00067599999999999995 7.3570782524609184 7.3570782524609184 7.3570782524609184 0.00070429473735542168 0.00070429473735542168 0.00070429473735542168 1 1 1 Converged Converged Converged OK OK OK 68 68 68 68 68 68 4 4 4 0 0 0 0 1 0 0 1
198 198 uniform 3 23 1754 3 0.0001 1 0.00058664498215219723 0.073043860023581014 -0.10747040167256858 -0.096011839283918418 -0.092861629667852372 0 0.09344793069944636 7.7895285567643198 OK 13 12 0.37103399999999997 0.24221599999999999 0.073834999999999998 0.290632 0.14271500000000001 0 0.080401999999999973 0.099500999999999978 0.073834999999999998 0.0085550000000000001 0.0084220000000000007 0.0077850000000000003 0.049484000000000007 0.07227699999999998 0.048917000000000002 0.0035949999999999997 0.0036670000000000006 0.0029510000000000001 0.00076400000000000014 0.00071199999999999996 0.00068099999999999996 7.7895280044298687 7.7895280044298687 7.7895280044298687 0.00055708890447345671 0.00055708890447345671 0.00055708890447345671 1 1 1 Converged Converged Converged OK OK OK 68 68 68 68 68 68 4 4 4 0 0 0 0 1 0 0 1
198 198 uniform 4 0 1755 0 0.001 1 0.00058664498215219723 0.073043860023581014 0.074883802718814604 -0.14467171049403946 0.060275030714098399 0 -0.059688729682504417 6.6471143510573887 OK 12 11 0.394119 0.39082899999999998 0.088774000000000006 0.30078300000000002 0.30023100000000003 0 0.093335999999999975 0.090597999999999956 0.088774000000000006 0.0097420000000000007 0.0099240000000000005 0.0093200000000000002 0.061667000000000007 0.058689000000000019 0.057787000000000005 0.0028599999999999997 0.002908 0.0028709999999999994 0.00083600000000000005 0.00090400000000000007 0.00084599999999999996 6.647115075194507 6.647115075194507 6.647115075194507 0.0042077920805792014 0.0042077920805792014 0.0042077920805792014 1 1 1 Converged Converged Converged OK OK OK 67 67 67 67 67 67 5 5 5 0 0 0 0 0 1 0 0
198 198 uniform 4 7 1755 1 0.001 1 0.00058664498215219723 0.073043860023581014 0.074883802718814604 -0.14467171049403946 0.069167326716969138 0 -0.068581025685375149 6.4920715415712618 OK 12 11 0.35741600000000001 0.22678100000000001 0.058210999999999999 0.29791899999999999 0.140543 0 0.059497000000000022 0.086238000000000009 0.058210999999999999 0.0085349999999999992 0.0087379999999999992 0.0080040000000000007 0.038206000000000025 0.064402000000000001 0.037833999999999993 0.0020449999999999999 0.0022859999999999998 0.0020230000000000001 0.00069200000000000002 0.0006910000000000001 0.00064899999999999995 6.4920723429325973 6.4920723429325973 6.4920723429325973 0.0038741230162345646 0.0038741230162345646 0.0038741230162345646 1 1 1 Converged Converged Converged OK OK OK 52 52 52 52 52 52 4 4 4 0 0 0 0 1 0 0 1
198 198 uniform 4 15 1755 2 0.001 1 0.00058664498215219723 0.073043860023581014 0.074883802718814604 -0.14467171049403946 0.079329950720249967 0 -0.078743649688655978 6.3044695472156933 OK 12 11 0.35299000000000003 0.22348000000000001 0.061531000000000002 0.28985899999999998 0.139788 0 0.063131000000000048 0.083692000000000016 0.061531000000000002 0.0081890000000000001 0.0083739999999999995 0.0076420000000000004 0.042135000000000006 0.062413000000000003 0.041647000000000003 0.0020119999999999999 0.0022109999999999999 0.001967 0.00069999999999999999 0.00072100000000000007 0.00069899999999999997 6.3044708517568715 6.3044708517568715 6.3044708517568715 0.0038560238116002211 0.0038560238116002211 0.0038560238116002211 1 1 1 Converged Converged Converged OK OK OK 52 52 52 52 52 52 4 4 4 0 0 0 0 1 0 0 1
198 198 uniform 4 23 1755 3 0.001 1 0.00058664498215219723 0.073043860023581014 0.074883802718814604 -0.14467171049403946 0.08949257472353081 0 -0.088906273691936821 6.1100473496235743 OK 12 11 0.35061399999999998 0.21346300000000001 0.061517000000000002 0.28957899999999998 0.141372 0 0.061035000000000006 0.072091000000000016 0.061517000000000002 0.0082220000000000001 0.0082439999999999996 0.0088950000000000001 0.039773999999999997 0.051009000000000006 0.040061000000000006 0.0020400000000000001 0.002134 0.002052 0.00066199999999999994 0.00066399999999999999 0.00063600000000000006 6.1100494878883271 6.1100494878883271 6.1100494878883271 0.0039125966425952079 0.0039125966425952079 0.0039125966425952079 1 1 1 Converged Converged Converged OK OK OK 52 52 52 52 52 52 4 4 4 0 0 0 0 1 0 0 1
198 198 uniform 4 0 1755 0 0.0001 1 0.00058664498215219723 0.073043860023581014 0.074883802718814604 -0.14467171049403946 0.060275030714098399 0 -0.059688729682504417 6.6471143510573887 OK 12 11 0.40637600000000001 0.40873900000000002 0.105805 0.30072700000000002 0.29894900000000002 0 0.10564899999999999 0.10979 0.105805 0.0098420000000000001 0.0097439999999999992 0.009469 0.067906000000000022 0.071777000000000007 0.068424000000000054 0.0038089999999999999 0.004078 0.0038240000000000001 0.001003 0.0010009999999999999 0.0010629999999999999 6.6471140265890645 6.6471140265890645 6.6471140265890645 0.00014876692319099161 0.00014876692319099161 0.00014876692319099161 1 1 1 Converged Converged Converged OK OK OK 83 83 83 83 83 83 5 5 5 0 0 0 0 0 1 0 0
198 198 uniform 4 7 1755 1 0.0001 1 0.00058664498215219723 0.073043860023581014 0.074883802718814604 -0.14467171049403946 0.069167326716969138 0 -0.068581025685375149 6.4920715415712618 OK 12 11 0.373255 0.24849199999999999 0.075187000000000004 0.29643399999999998 0.13921500000000001 0 0.076821000000000028 0.10927699999999999 0.075187000000000004 0.0085570000000000004 0.0085760000000000003 0.0080829999999999999 0.050133000000000004 0.08245100000000001 0.049816000000000013 0.0030709999999999999 0.0033140000000000001 0.0029060000000000002 0.00085999999999999998 0.00082599999999999991 0.00078100000000000001 6.4920712456815668 6.4920712456815668 6.4920712456815668 0.00013383617375116542 0.00013383617375116542 0.00013383617375116542 1 1 1 Converged Converged Converged OK OK OK 68 68 68 68 68 68 4 4 4 0 0 0 0 1 0 0 1
198 198 uniform 4 15 1755 2 0.0001 1 0.00058664498215219723 0.073043860023581014 0.074883802718814604 -0.14467171049403946 0.079329950720249967 0 -0.078743649688655978 6.3044695472156933 OK 12 11 0.37804300000000002 0.24654699999999999 0.081896999999999998 0.29690899999999998 0.13906299999999999 0 0.081134000000000039 0.107484 0.081896999999999998 0.0082850000000000007 0.0082319999999999997 0.0076030000000000004 0.054857999999999997 0.080857999999999999 0.057265999999999991 0.0031719999999999999 0.0032459999999999998 0.0028510000000000002 0.00085499999999999997 0.0008349999999999998 0.00079599999999999994 6.3044692803772309 6.3044692803772309 6.3044692803772309 0.00012452334511058914 0.00012452334511058914 0.00012452334511058914 1 1 1 Converged Converged Converged OK OK OK 68 68 68 68 68 68 4 4 4 0 0 0 0 1 0 0 1
198 198 uniform 4 23 1755 3 0.0001 1 0.00058664498215219723 0.073043860023581014 0.074883802718814604 -0.14467171049403946 0.08949257472353081 0 -0.088906273691936821 6.1100473496235743 OK 12 11 0.36896899999999999 0.23142299999999999 0.075888999999999998 0.291688 0.136991 0 0.077280999999999989 0.094431999999999988 0.075888999999999998 0.0082260000000000007 0.0083479999999999995 0.0077260000000000002 0.05113899999999999 0.068138000000000004 0.050866000000000001 0.0030590000000000001 0.0031459999999999999 0.0028349999999999998 0.00085700000000000001 0.00084599999999999996 0.00076400000000000003 6.1100471068166415 6.1100471068166415 6.1100471068166415 0.00012776199141262921 0.00012776199141262921 0.00012776199141262921 1 1 1 Converged Converged Converged OK OK OK 68 68 68 68 68 68 4 4 4 0 0 0 0 1 0 0 1
199 199 linear 3 0 1756 0 0.001 1 0.0069991103674083887 0.039448470991850892 -0.23495971074046115 0.052145323777694215 -0.24284940493883134 0.5 0.24979986824644512 3.789211299063949 OK 13 12 0.33243800000000001 0.33373199999999997 0.074676999999999993 0.25497999999999998 0.25693100000000002 0 0.077458000000000027 0.076800999999999953 0.074676999999999993 0.0090349999999999996 0.0090950000000000007 0.0088179999999999994 0.052505000000000003 0.051329999999999987 0.050393000000000007 0.0022719999999999997 0.0028249999999999998 0.0022420000000000001 0.00055999999999999995 0.00059000000000000003 0.00055800000000000001 3.7892040221488372 3.7892040221488372 3.7892040221488372 0.0023457314992595337 0.0023457314992595337 0.0023457314992595337 1 1 1 Converged Converged Converged OK OK OK 52 52 52 52 52 52 4 4 4 0 0 0 0 0 1 0 0
199 199 linear 3 7 1756 1 0.001 1 0.0069991103674083887 0.039448470991850892 -0.23495971074046115 0.052145323777694215 -0.23804698238330166 0.5 0.24499744569091544 3.8437826374360231 OK 13 12 0.33152300000000001 0.22239900000000001 0.072362999999999997 0.25600699999999998 0.141461 0 0.075516000000000028 0.08093800000000001 0.072362999999999997 0.0082279999999999992 0.0083479999999999995 0.0077650000000000002 0.054237999999999981 0.059268999999999981 0.051979999999999991 0.0022259999999999997 0.0025690000000000001 0.0022720000000000001 0.00055199999999999997 0.00056400000000000005 0.0005399999999999999 3.8437750821326371 3.8437750821326371 3.8437750821326371 0.0024432613075592606 0.0024432613075592606 0.0024432613075592606 1 1 1 Converged Converged Converged OK OK OK 52 52 52 52 52 52 4 4 4 0 0 0 0 1 0 0 1
199 199 linear 3 15 1756 2 0.001 1 0.0069991103674083887 0.039448470991850892 -0.23495971074046115 0.052145323777694215 -0.23255849946269633 0.5 0.23950896277031011 3.9098317131410969 OK 13 12 0.32712999999999998 0.223081 0.069720000000000004 0.25426599999999999 0.14249000000000001 0 0.072863999999999984 0.080590999999999996 0.069720000000000004 0.0082640000000000005 0.0084239999999999992 0.0077130000000000002 0.051699000000000002 0.059270000000000003 0.049601999999999993 0.002287 0.002287 0.0022209999999999999 0.00058299999999999997 0.00063900000000000003 0.00057799999999999995 3.9098238271664538 3.9098238271664538 3.9098238271664538 0.0025578075258385841 0.0025578075258385841 0.0025578075258385841 1 1 1 Converged Converged Converged OK OK OK 52 52 52 52 52 52 4 4 4 0 0 0 0 1 0 0 1
199 199 linear 3 23 1756 3 0.001 1 0.0069991103674083887 0.039448470991850892 -0.23495971074046115 0.052145323777694215 -0.22707001654209097 0.5 0.23402047984970475 3.9800678199575632 OK 13 12 0.326934 0.220362 0.068890000000000007 0.25427699999999998 0.14064199999999999 0 0.072657000000000027 0.079720000000000013 0.068890000000000007 0.0083289999999999996 0.0083260000000000001 0.0077060000000000002 0.051303999999999982 0.058536000000000005 0.048927999999999992 0.0022209999999999999 0.0023749999999999999 0.0021509999999999997 0.00055800000000000001 0.00057800000000000006 0.00054500000000000002 3.9800595573012418 3.9800595573012418 3.9800595573012418 0.0026770446191005017 0.0026770446191005017 0.0026770446191005017 1 1 1 Converged Converged Converged OK OK OK 52 52 52 52 52 52 4 4 4 0 0 0 0 1 0 0 1
199 199 linear 3 0 1756 0 0.0001 1 0.0069991103674083887 0.039448470991850892 -0.23495971074046115 0.052145323777694215 -0.24284940493883134 0.5 0.24979986824644512 3.789211299063949 OK 13 12 0.36632199999999998 0.360684 0.106017 0.25668999999999997 0.25337799999999999 0 0.10963200000000001 0.10730600000000001 0.106017 0.0090480000000000005 0.0092750000000000003 0.0087340000000000004 0.075549000000000019 0.072687999999999989 0.072252999999999998 0.0035589999999999997 0.003839 0.0037959999999999999 0.00082200000000000003 0.00088500000000000004 0.00086499999999999999 3.7892086582669138 3.7892086582669138 3.7892086582669138 3.4273010820130818e-05 3.4273010820130818e-05 3.4273010820130818e-05 1 1 1 Converged Converged Converged OK OK OK 76 76 76 76 76 76 4 4 4 0 0 0 0 0 1 0 0
199 199 linear 3 7 1756 1 0.0001 1 0.0069991103674083887 0.039448470991850892 -0.23495971074046115 0.052145323777694215 -0.23804698238330166 0.5 0.24499744569091544 3.8437826374360231 OK 13 12 0.35670400000000002 0.252307 0.10080799999999999 0.25099700000000003 0.139297 0 0.105707 0.11301 0.10080799999999999 0.0082089999999999993 0.0083719999999999992 0.0077470000000000004 0.076940000000000008 0.083961999999999995 0.073355000000000031 0.003578 0.003712 0.0035300000000000002 0.00083100000000000014 0.00085000000000000006 0.00079900000000000001 3.8437799832687873 3.8437799832687873 3.8437799832687873 3.4812429942365379e-05 3.4812429942365379e-05 3.4812429942365379e-05 1 1 1 Converged Converged Converged OK OK OK 76 76 76 76 76 76 4 4 4 0 0 0 0 1 0 0 1
199 199 linear 3 15 1756 2 0.0001 1 0.0069991103674083887 0.039448470991850892 -0.23495971074046115 0.052145323777694215 -0.23255849946269633 0.5 0.23950896277031011 3.9098317131410969 OK 13 12 0.35764000000000001 0.25906299999999999 0.098663000000000001 0.253334 0.141875 0 0.10430600000000001 0.11718799999999999 0.098663000000000001 0.0083809999999999996 0.0084589999999999995 0.007783 0.074727999999999989 0.088049000000000016 0.071218000000000004 0.0039810000000000002 0.0037719999999999997 0.0036190000000000003 0.00090300000000000005 0.00089000000000000006 0.0008160000000000001 3.9098290494080752 3.9098290494080752 3.9098290494080752 3.6525682501764692e-05 3.6525682501764692e-05 3.6525682501764692e-05 1 1 1 Converged Converged Converged OK OK OK 76 76 76 76 76 76 4 4 4 0 0 0 0 1 0 0 1
199 199 linear 3 23 1756 3 0.0001 1 0.0069991103674083887 0.039448470991850892 -0.23495971074046115 0.052145323777694215 -0.22707001654209097 0.5 0.23402047984970475 3.9800678199575632 OK 13 12 0.36093199999999998 0.25999 0.098201999999999998 0.25775799999999999 0.13988200000000001 0 0.10317399999999999 0.12010799999999999 0.098201999999999998 0.0083730000000000002 0.0084449999999999994 0.0077650000000000002 0.073970000000000008 0.091620999999999994 0.070912000000000003 0.0036939999999999998 0.0034549999999999997 0.0033580000000000003 0.00089800000000000004 0.00082799999999999996 0.00080000000000000004 3.9800651215977774 3.9800651215977774 3.9800651215977774 4.0117002876286776e-05 4.0117002876286776e-05 4.0117002876286776e-05 1 1 1 Converged Converged Converged OK OK OK 76 76 76 76 76 76 4 4 4 0 0 0 0 1 0 0 1
199 199 linear 4 0 1757 0 0.001 1 0.0069991103674083887 0.039448470991850892 0.069737510221220628 -0.1438151294065361 0.061847816022850451 0.5 -0.054897352715236672 6.7279788421185813 OK 13 12 0.33622099999999999 0.336225 0.087100999999999998 0.24728600000000001 0.24842400000000001 0 0.088934999999999986 0.08780099999999999 0.087100999999999998 0.0088299999999999993 0.0090900000000000009 0.0087229999999999999 0.060966999999999993 0.059699999999999968 0.059075000000000003 0.0026489999999999999 0.0026830000000000001 0.0028250000000000003 0.000718 0.00074200000000000004 0.00073200000000000001 6.7279747067257558 6.7279747067257558 6.7279747067257558 0.0057107009960340252 0.0057107009960340252 0.0057107009960340252 1 1 1 Converged Converged Converged OK OK OK 60 60 60 60 60 60 4 4 4 0 0 0 0 0 1 0 0
199 199 linear 4 7 1757 1 0.001 1 0.0069991103674083887 0.039448470991850892 0.069737510221220628 -0.1438151294065361 0.066650238578380122 0.5 -0.059699775270766343 6.6531341475147912 OK 13 12 0.34581699999999999 0.240755 0.083230999999999999 0.25991300000000001 0.134413 0 0.08590399999999998 0.10634199999999999 0.083230999999999999 0.0082559999999999995 0.0083909999999999992 0.007835 0.06216799999999998 0.082376000000000005 0.060356999999999987 0.0027799999999999995 0.0028990000000000005 0.0027509999999999995 0.000696 0.00070399999999999998 0.00069800000000000005 6.6531301378261656 6.6531301378261656 6.6531301378261656 0.0057030520453191461 0.0057030520453191461 0.0057030520453191461 1 1 1 Converged Converged Converged OK OK OK 60 60 60 60 60 60 4 4 4 0 0 0 0 1 0 0 1
199 199 linear 4 15 1757 2 0.001 1 0.0069991103674083887 0.039448470991850892 0.069737510221220628 -0.1438151294065361 0.072138721498985467 0.5 -0.065188258191371695 6.5641584907239743 OK 13 12 0.34042800000000001 0.23963400000000001 0.082415000000000002 0.25528499999999998 0.136572 0 0.085143000000000024 0.10306200000000001 0.082415000000000002 0.00826 0.0082500000000000004 0.0078429999999999993 0.061432999999999981 0.079285000000000022 0.059491000000000016 0.0026220000000000002 0.0028379999999999998 0.0027449999999999996 0.00071500000000000003 0.00072300000000000012 0.00069900000000000008 6.5641544055125562 6.5641544055125562 6.5641544055125562 0.0056951812398284207 0.0056951812398284207 0.0056951812398284207 1 1 1 Converged Converged Converged OK OK OK 60 60 60 60 60 60 4 4 4 0 0 0 0 1 0 0 1
199 199 linear 4 23 1757 3 0.001 1 0.0069991103674083887 0.039448470991850892 0.069737510221220628 -0.1438151294065361 0.077627204419590812 0.5 -0.07067674111197704 6.4720187695635731 OK 13 12 0.34648400000000001 0.25098799999999999 0.082061999999999996 0.26146200000000003 0.139207 0 0.085021999999999986 0.11178099999999999 0.082061999999999996 0.0081480000000000007 0.0083389999999999992 0.0078120000000000004 0.060748999999999997 0.087611999999999995 0.059238000000000006 0.003029 0.0029649999999999998 0.0027139999999999998 0.00090499999999999999 0.00086400000000000008 0.00075299999999999998 6.4720148131877764 6.4720148131877764 6.4720148131877764 0.0056867318400011845 0.0056867318400011845 0.0056867318400011845 1 1 1 Converged Converged Converged OK OK OK 60 60 60 60 60 60 4 4 4 0 0 0 0 1 0 0 1
199 199 linear 4 0 1757 0 0.0001 1 0.0069991103674083887 0.039448470991850892 0.069737510221220628 -0.1438151294065361 0.061847816022850451 0.5 -0.054897352715236672 6.7279788421185813 OK 13 12 0.36030699999999999 0.36260999999999999 0.112867 0.247971 0.249866 0 0.11233599999999999 0.11274399999999998 0.112867 0.0090170000000000007 0.0093779999999999992 0.0098549999999999992 0.077897000000000022 0.076951000000000006 0.077195999999999973 0.0036280000000000001 0.0041469999999999996 0.0037860000000000003 0.00088000000000000003 0.00098299999999999993 0.001003 6.7279748744549961 6.7279748744549961 6.7279748744549961 0.00010154565418825728 0.00010154565418825728 0.00010154565418825728 1 1 1 Converged Converged Converged OK OK OK 76 76 76 76 76 76 4 4 4 0 0 0 0 0 1 0 0
199 199 linear 4 7 1757 1 0.0001 1 0.0069991103674083887 0.039448470991850892 0.069737510221220628 -0.1438151294065361 0.066650238578380122 0.5 -0.059699775270766343 6.6531341475147912 OK 13 12 0.368176 0.28092600000000001 0.105937 0.259577 0.13767199999999999 0 0.108599 0.14325400000000002 0.105937 0.0083899999999999999 0.0087919999999999995 0.0081530000000000005 0.079434000000000032 0.11235899999999999 0.076694000000000012 0.0037260000000000006 0.0042070000000000007 0.0039100000000000003 0.00086700000000000004 0.0010020000000000001 0.00092099999999999994 6.6531303132609176 6.6531303132609176 6.6531303132609176 8.7157722478328024e-05 8.7157722478328024e-05 8.7157722478328024e-05 1 1 1 Converged Converged Converged OK OK OK 76 76 76 76 76 76 4 4 4 0 0 0 0 1 0 0 1
199 199 linear 4 15 1757 2 0.0001 1 0.0069991103674083887 0.039448470991850892 0.069737510221220628 -0.1438151294065361 0.072138721498985467 0.5 -0.065188258191371695 6.5641584907239743 OK 13 12 0.36408800000000002 0.27474700000000002 0.104812 0.25553700000000001 0.140291 0 0.10855100000000001 0.13445600000000002 0.104812 0.0083940000000000004 0.0085030000000000001 0.0077910000000000002 0.079518999999999979 0.10472599999999996 0.076619000000000007 0.0036029999999999994 0.0039940000000000002 0.0037399999999999994 0.000852 0.00092200000000000008 0.00084499999999999994 6.5641545897220777 6.5641545897220777 6.5641545897220777 7.9413157312217852e-05 7.9413157312217852e-05 7.9413157312217852e-05 1 1 1 Converged Converged Converged OK OK OK 76 76 76 76 76 76 4 4 4 0 0 0 0 1 0 0 1
199 199 linear 4 23 1757 3 0.0001 1 0.0069991103674083887 0.039448470991850892 0.069737510221220628 -0.1438151294065361 0.077627204419590812 0.5 -0.07067674111197704 6.4720187695635731 OK 13 12 0.36471799999999999 0.27355499999999999 0.103246 0.25533099999999997 0.136297 0 0.10938700000000001 0.13725799999999999 0.103246 0.0083239999999999998 0.0082719999999999998 0.0078200000000000006 0.077239999999999975 0.10843499999999999 0.074895000000000003 0.0037530000000000003 0.003692 0.003823 0.00091799999999999998 0.00090900000000000009 0.00094399999999999996 6.4720150063724056 6.4720150063724056 6.4720150063724056 7.8549246285191253e-05 7.8549246285191253e-05 7.8549246285191253e-05 1 1 1 Converged Converged Converged OK OK OK 76 76 76 76 76 76 4 4 4 0 0 0 0 1 0 0 1
199 199 uniform 3 0 1758 0 0.001 1 0.0069991103674083887 0.039448470991850892 -0.23495971074046115 0.052145323777694215 -0.24284940493883134 0 0.24979986824644512 3.7940939794796695 OK 13 12 0.32176399999999999 0.31789000000000001 0.064936999999999995 0.25300800000000001 0.25125399999999998 0 0.068755999999999984 0.066636000000000029 0.064936999999999995 0.0090369999999999999 0.0092320000000000006 0.0088769999999999995 0.043862999999999985 0.041341000000000003 0.040635000000000011 0.0021179999999999997 0.0023470000000000001 0.0022409999999999999 0.00057899999999999998 0.00070300000000000007 0.00053899999999999998 3.794093021516499 3.794093021516499 3.794093021516499 0.0011766015107253377 0.0011766015107253377 0.0011766015107253377 1 1 1 Converged Converged Converged OK OK OK 52 52 52 52 52 52 4 4 4 0 0 0 0 0 1 0 0
199 199 uniform 3 7 1758 1 0.001 1 0.0069991103674083887 0.039448470991850892 -0.23495971074046115 0.052145323777694215 -0.23804698238330166 0 0.24499744569091544 3.8483057585059131 OK 13 12 0.316747 0.20905699999999999 0.061788000000000003 0.253077 0.13869400000000001 0 0.063670000000000004 0.070362999999999981 0.061788000000000003 0.0083269999999999993 0.0084510000000000002 0.0077980000000000002 0.042091000000000003 0.048842999999999984 0.041660000000000003 0.0021589999999999999 0.0022170000000000002 0.0020399999999999997 0.00056599999999999999 0.00059099999999999995 0.00053600000000000002 3.8483047537388186 3.8483047537388186 3.8483047537388186 0.0012106443604470373 0.0012106443604470373 0.0012106443604470373 1 1 1 Converged Converged Converged OK OK OK 52 52 52 52 52 52 4 4 4 0 0 0 0 1 0 0 1
199 199 uniform 3 15 1758 2 0.001 1 0.0069991103674083887 0.039448470991850892 -0.23495971074046115 0.052145323777694215 -0.23255849946269633 0 0.23950896277031011 3.9139579590165789 OK 13 12 0.31757299999999999 0.211948 0.059406 0.25651299999999999 0.141432 0 0.061060000000000003 0.070515999999999995 0.059406 0.0083680000000000004 0.0082979999999999998 0.0076709999999999999 0.039841000000000001 0.049322999999999992 0.03948200000000001 0.002075 0.0022309999999999999 0.00198 0.00055999999999999995 0.00057799999999999995 0.00053299999999999995 3.9139568948375767 3.9139568948375767 3.9139568948375767 0.0012515738537901145 0.0012515738537901145 0.0012515738537901145 1 1 1 Converged Converged Converged OK OK OK 52 52 52 52 52 52 4 4 4 0 0 0 0 1 0 0 1
199 199 uniform 3 23 1758 3 0.001 1 0.0069991103674083887 0.039448470991850892 -0.23495971074046115 0.052145323777694215 -0.22707001654209097 0 0.23402047984970475 3.9838147246078481 OK 13 12 0.312527 0.20838899999999999 0.058765999999999999 0.25239699999999998 0.13900299999999999 0 0.060130000000000017 0.069386000000000003 0.058765999999999999 0.0083140000000000002 0.0083049999999999999 0.0079249999999999998 0.039116000000000012 0.048457999999999994 0.038761000000000004 0.0020140000000000002 0.002078 0.0019719999999999998 0.00053799999999999996 0.00056300000000000002 0.00053299999999999995 3.983813594002839 3.983813594002839 3.983813594002839 0.0012961192432357231 0.0012961192432357231 0.0012961192432357231 1 1 1 Converged Converged Converged OK OK OK 52 52 52 52 52 52 4 4 4 0 0 0 0 1 0 0 1
199 199 uniform 3 0 1758 0 0.0001 1 0.0069991103674083887 0.039448470991850892 -0.23495971074046115 0.052145323777694215 -0.24284940493883134 0 0.24979986824644512 3.7940939794796695 OK 13 12 0.327658 0.329513 0.073035000000000003 0.25248900000000002 0.25501600000000002 0 0.075168999999999986 0.07449699999999998 0.073035000000000003 0.0090240000000000008 0.0090740000000000005 0.0085909999999999997 0.04646200000000001 0.046517999999999983 0.045938999999999994 0.0029559999999999999 0.0025869999999999999 0.0024559999999999998 0.00073800000000000005 0.00068300000000000001 0.00069399999999999996 3.7940940380345545 3.7940940380345545 3.7940940380345545 0.0003788900750937389 0.0003788900750937389 0.0003788900750937389 1 1 1 Converged Converged Converged OK OK OK 60 60 60 60 60 60 4 4 4 0 0 0 0 0 1 0 0
199 199 uniform 3 7 1758 1 0.0001 1 0.0069991103674083887 0.039448470991850892 -0.23495971074046115 0.052145323777694215 -0.23804698238330166 0 0.24499744569091544 3.8483057585059131 OK 13 12 0.32488699999999998 0.217527 0.069607000000000002 0.25323600000000002 0.13714599999999999 0 0.071650999999999965 0.080381000000000008 0.069607000000000002 0.0083379999999999999 0.0082649999999999998 0.0078110000000000002 0.047873000000000006 0.056874000000000001 0.047213999999999978 0.0025240000000000002 0.0025759999999999997 0.0024239999999999999 0.00070600000000000003 0.00066399999999999999 0.00068000000000000005 3.8483058240004699 3.8483058240004699 3.8483058240004699 0.00036975296202760476 0.00036975296202760476 0.00036975296202760476 1 1 1 Converged Converged Converged OK OK OK 60 60 60 60 60 60 4 4 4 0 0 0 0 1 0 0 1
199 199 uniform 3 15 1758 2 0.0001 1 0.0069991103674083887 0.039448470991850892 -0.23495971074046115 0.052145323777694215 -0.23255849946269633 0 0.23950896277031011 3.9139579590165789 OK 13 12 0.32569999999999999 0.21792800000000001 0.067074999999999996 0.251309 0.13757 0 0.074390999999999985 0.080358000000000013 0.067074999999999996 0.0082019999999999992 0.0084419999999999999 0.0076990000000000001 0.048784000000000015 0.057040000000000007 0.044892000000000001 0.0026449999999999998 0.0025170000000000001 0.0024709999999999997 0.00072199999999999999 0.00068899999999999994 0.00065400000000000007 3.9139580304570138 3.9139580304570138 3.9139580304570138 0.00035796710558729173 0.00035796710558729173 0.00035796710558729173 1 1 1 Converged Converged Converged OK OK OK 60 60 60 60 60 60 4 4 4 0 0 0 0 1 0 0 1
199 199 uniform 3 23 1758 3 0.0001 1 0.0069991103674083887 0.039448470991850892 -0.23495971074046115 0.052145323777694215 -0.22707001654209097 0 0.23402047984970475 3.9838147246078481 OK 13 12 0.32520500000000002 0.22061500000000001 0.066483 0.25696200000000002 0.140845 0 0.068242999999999998 0.079770000000000008 0.066483 0.0081980000000000004 0.0083630000000000006 0.0077120000000000001 0.044888999999999998 0.056133999999999989 0.044141000000000007 0.0024480000000000005 0.0024359999999999998 0.0024389999999999998 0.00066299999999999996 0.00069099999999999999 0.00065899999999999997 3.9838147994627211 3.9838147994627211 3.9838147994627211 0.00034592443682473042 0.00034592443682473042 0.00034592443682473042 1 1 1 Converged Converged Converged OK OK OK 60 60 60 60 60 60 4 4 4 0 0 0 0 1 0 0 1
199 199 uniform 4 0 1759 0 0.001 1 0.0069991103674083887 0.039448470991850892 0.069737510221220628 -0.1438151294065361 0.061847816022850451 0 -0.054897352715236672 6.7335660115919245 OK 13 12 0.31736799999999998 0.31326199999999998 0.066868999999999998 0.24959600000000001 0.24512700000000001 0 0.067771999999999971 0.068134999999999973 0.066868999999999998 0.0090530000000000003 0.0090969999999999992 0.0086840000000000007 0.04253599999999999 0.042727000000000001 0.042151999999999988 0.0021059999999999998 0.0021680000000000002 0.0020720000000000001 0.00061399999999999996 0.00060700000000000001 0.000629 6.7335665292563682 6.7335665292563682 6.7335665292563682 0.0061102873471657083 0.0061102873471657083 0.0061102873471657083 1 1 1 Converged Converged Converged OK OK OK 52 52 52 52 52 52 4 4 4 0 0 0 0 0 1 0 0
199 199 uniform 4 7 1759 1 0.001 1 0.0069991103674083887 0.039448470991850892 0.069737510221220628 -0.1438151294065361 0.066650238578380122 0 -0.059699775270766343 6.6585330573590582 OK 13 12 0.33160800000000001 0.227662 0.072071999999999997 0.25757799999999997 0.13320699999999999 0 0.07403000000000004 0.094455000000000011 0.072071999999999997 0.0084290000000000007 0.0082209999999999991 0.007809 0.04911500000000002 0.070279000000000022 0.048573000000000012 0.0025230000000000001 0.0025069999999999997 0.0024130000000000002 0.00081499999999999997 0.00069099999999999999 0.00071699999999999997 6.6585329874752492 6.6585329874752492 6.6585329874752492 0.0024632611829514734 0.0024632611829514734 0.0024632611829514734 1 1 1 Converged Converged Converged OK OK OK 60 60 60 60 60 60 4 4 4 0 0 0 0 1 0 0 1
199 199 uniform 4 15 1759 2 0.001 1 0.0069991103674083887 0.039448470991850892 0.069737510221220628 -0.1438151294065361 0.072138721498985467 0 -0.065188258191371695 6.5693608726182591 OK 13 12 0.32773999999999998 0.22716700000000001 0.069972000000000006 0.256552 0.13625899999999999 0 0.071187999999999974 0.090908000000000017 0.069972000000000006 0.0083140000000000002 0.0083759999999999998 0.0079489999999999995 0.047697999999999997 0.067402999999999977 0.04736400000000001 0.002441 0.0024649999999999997 0.0023130000000000004 0.00079600000000000005 0.00078200000000000003 0.00076799999999999991 6.5693608132189247 6.5693608132189247 6.5693608132189247 0.0024543747007181958 0.0024543747007181958 0.0024543747007181958 1 1 1 Converged Converged Converged OK OK OK 60 60 60 60 60 60 4 4 4 0 0 0 0 1 0 0 1
199 199 uniform 4 23 1759 3 0.001 1 0.0069991103674083887 0.039448470991850892 0.069737510221220628 -0.1438151294065361 0.077627204419590812 0 -0.07067674111197704 6.4770386758486049 OK 13 12 0.32866400000000001 0.23521300000000001 0.06948 0.257851 0.1361 0 0.070813000000000015 0.099113000000000007 0.06948 0.0083070000000000001 0.0082269999999999999 0.0077279999999999996 0.04746199999999999 0.075542999999999985 0.047033000000000019 0.0024399999999999999 0.0025699999999999998 0.0023729999999999997 0.00079200000000000006 0.00085000000000000006 0.00077799999999999994 6.4770386212991395 6.4770386212991395 6.4770386212991395 0.0024524448880645605 0.0024524448880645605 0.0024524448880645605 1 1 1 Converged Converged Converged OK OK OK 60 60 60 60 60 60 4 4 4 0 0 0 0 1 0 0 1
199 199 uniform 4 0 1759 0 0.0001 1 0.0069991103674083887 0.039448470991850892 0.069737510221220628 -0.1438151294065361 0.061847816022850451 0 -0.054897352715236672 6.7335660115919245 OK 13 12 0.33932400000000001 0.34416600000000003 0.093786999999999995 0.24475 0.25006299999999998 0 0.094574000000000019 0.094103000000000048 0.093786999999999995 0.0090810000000000005 0.0091190000000000004 0.0086979999999999991 0.060766000000000014 0.060740000000000051 0.060726000000000009 0.0034049999999999996 0.0033339999999999997 0.003222 0.00085100000000000009 0.00088400000000000002 0.00088899999999999992 6.7335659358091196 6.7335659358091196 6.7335659358091196 5.979821707852282e-05 5.979821707852282e-05 5.979821707852282e-05 1 1 1 Converged Converged Converged OK OK OK 76 76 76 76 76 76 4 4 4 0 0 0 0 0 1 0 0
199 199 uniform 4 7 1759 1 0.0001 1 0.0069991103674083887 0.039448470991850892 0.069737510221220628 -0.1438151294065361 0.066650238578380122 0 -0.059699775270766343 6.6585330573590582 OK 13 12 0.35002699999999998 0.25885999999999998 0.088716000000000003 0.25989099999999998 0.13331699999999999 0 0.090135999999999994 0.12554299999999999 0.088716000000000003 0.0083920000000000002 0.0082509999999999997 0.0077910000000000002 0.061526000000000004 0.096966000000000024 0.061492000000000005 0.003333 0.0035039999999999997 0.0032370000000000003 0.00083500000000000002 0.0008650000000000001 0.00077999999999999999 6.658532980757828 6.658532980757828 6.658532980757828 4.4007674355398631e-05 4.4007674355398631e-05 4.4007674355398631e-05 1 1 1 Converged Converged Converged OK OK OK 76 76 76 76 76 76 4 4 4 0 0 0 0 1 0 0 1
199 199 uniform 4 15 1759 2 0.0001 1 0.0069991103674083887 0.039448470991850892 0.069737510221220628 -0.1438151294065361 0.072138721498985467 0 -0.065188258191371695 6.5693608726182591 OK 13 12 0.34889900000000001 0.25446600000000003 0.088854000000000002 0.25858100000000001 0.13667199999999999 0 0.090318000000000009 0.11779400000000004 0.088854000000000002 0.0081930000000000006 0.0082050000000000005 0.0079179999999999997 0.062180999999999993 0.089539000000000007 0.061669999999999996 0.003235 0.0033890000000000001 0.0031770000000000001 0.0008740000000000001 0.00095300000000000007 0.00086400000000000008 6.56936080349554 6.56936080349554 6.56936080349554 3.7631731804358512e-05 3.7631731804358512e-05 3.7631731804358512e-05 1 1 1 Converged Converged Converged OK OK OK 76 76 76 76 76 76 4 4 4 0 0 0 0 1 0 0 1
199 199 uniform 4 23 1759 3 0.0001 1 0.0069991103674083887 0.039448470991850892 0.069737510221220628 -0.1438151294065361 0.077627204419590812 0 -0.07067674111197704 6.4770386758486049 OK 13 12 0.345611 0.25660699999999997 0.086843000000000004 0.256469 0.13503899999999999 0 0.089141999999999999 0.12156799999999998 0.086843000000000004 0.0082760000000000004 0.0083009999999999994 0.007737 0.060397000000000013 0.093339999999999992 0.059618999999999998 0.0034169999999999999 0.0033549999999999999 0.0032419999999999997 0.00093599999999999998 0.00091599999999999993 0.00090499999999999999 6.4770386093493819 6.4770386093493819 6.4770386093493819 4.077284607202375e-05 4.077284607202375e-05 4.077284607202375e-05 1 1 1 Converged Converged Converged OK OK OK 76 76 76 76 76 76 4 4 4 0 0 0 0 1 0 0 1
200 200 linear 3 0 1760 0 0.001 1 0.085536024892859039 0.038919706978997021 0.098019208608294703 0.049394466324694956 0.090235267212495293 0.5 -0.011439149044697644 7.8301400186101073 OK 12 11 0.33605299999999999 0.33699699999999999 0.113737 0.21911700000000001 0.22172 0 0.11693599999999998 0.11527699999999999 0.113737 0.0093720000000000001 0.0095709999999999996 0.0090699999999999999 0.085523999999999975 0.083726000000000037 0.083013999999999991 0.003398 0.0034499999999999999 0.0034290000000000002 0.00069099999999999999 0.00073699999999999992 0.00068999999999999997 7.8301361238652554 7.8301361238652554 7.8301361238652554 0.00050165295570519424 0.00050165295570519424 0.00050165295570519424 1 1 1 Converged Converged Converged OK OK OK 61 61 61 61 61 61 3 3 3 0 0 0 0 0 1 0 0
200 200 linear 3 7 1760 1 0.001 1 0.085536024892859039 0.038919706978997021 0.098019208608294703 0.049394466324694956 0.094973318496894943 0.5 -0.016177200329097294 7.6741183151068473 OK 12 11 0.33195400000000003 0.283445 0.10825 0.22026499999999999 0.15232499999999999 0 0.11168900000000004 0.13112000000000001 0.10825 0.0088889999999999993 0.0090799999999999995 0.0084969999999999993 0.083594000000000002 0.10282199999999998 0.081157999999999994 0.0032560000000000002 0.0033750000000000004 0.0032450000000000001 0.000696 0.00068599999999999998 0.00065200000000000002 7.6741146506712097 7.6741146506712097 7.6741146506712097 0.00054571225803568099 0.00054571225803568099 0.00054571225803568099 1 1 1 Converged Converged Converged OK OK OK 61 61 61 61 61 61 3 3 3 0 0 0 0 1 0 0 1
200 200 linear 3 15 1760 2 0.001 1 0.085536024892859039 0.038919706978997021 0.098019208608294703 0.049394466324694956 0.10038823425049452 0.5 -0.021592116082696872 7.4646684502539591 OK 12 11 0.339341 0.262127 0.10710500000000001 0.226331 0.13286700000000001 0 0.11301 0.12925999999999999 0.10710500000000001 0.0088739999999999999 0.0089110000000000005 0.0081960000000000002 0.083928999999999948 0.10126199999999999 0.080437999999999968 0.0039819999999999994 0.0034519999999999998 0.0031529999999999996 0.00068199999999999999 0.00067200000000000007 0.00065900000000000008 7.4646652587745761 7.4646652587745761 7.4646652587745761 0.00060852046216956215 0.00060852046216956215 0.00060852046216956215 1 1 1 Converged Converged Converged OK OK OK 61 61 61 61 61 61 3 3 3 0 0 0 0 1 0 0 1
200 200 linear 3 23 1760 3 0.001 1 0.085536024892859039 0.038919706978997021 0.098019208608294703 0.049394466324694956 0.10580315000409411 0.5 -0.027007031836296463 7.2329823044872938 OK 12 11 0.34028900000000001 0.26943699999999998 0.111233 0.22823399999999999 0.13960700000000001 0 0.11205500000000002 0.12982999999999997 0.111233 0.0087510000000000001 0.0087860000000000004 0.0080890000000000007 0.084079999999999988 0.10216899999999995 0.084473999999999994 0.0032109999999999999 0.0031770000000000001 0.0032760000000000003 0.0007670000000000001 0.0007539999999999999 0.00080100000000000006 7.2329793120572488 7.2329793120572488 7.2329793120572488 0.00072284284739048863 0.00072284284739048863 0.00072284284739048863 1 1 1 Converged Converged Converged OK OK OK 61 61 61 61 61 61 3 3 3 0 0 0 0 1 0 0 1
200 200 linear 3 0 1760 0 0.0001 1 0.085536024892859039 0.038919706978997021 0.098019208608294703 0.049394466324694956 0.090235267212495293 0.5 -0.011439149044697644 7.8301400186101073 OK 12 11 0.33655600000000002 0.33093499999999998 0.113789 0.21951399999999999 0.216278 0 0.11704200000000003 0.11465699999999998 0.113789 0.0093589999999999993 0.0094389999999999995 0.0088310000000000003 0.085574999999999998 0.083445000000000019 0.083097999999999977 0.0032719999999999997 0.0033410000000000002 0.0035750000000000001 0.00071099999999999994 0.00073200000000000001 0.0007000000000000001 7.8301361238652554 7.8301361238652554 7.8301361238652554 0.00050165295570519424 0.00050165295570519424 0.00050165295570519424 1 1 1 Converged Converged Converged OK OK OK 61 61 61 61 61 61 3 3 3 0 0 0 0 0 1 0 0
200 200 linear 3 7 1760 1 0.0001 1 0.085536024892859039 0.038919706978997021 0.098019208608294703 0.049394466324694956 0.094973318496894943 0.5 -0.016177200329097294 7.6741183151068473 OK 12 11 0.32934099999999999 0.275868 0.108291 0.21760199999999999 0.14796799999999999 0 0.111739 0.12790000000000001 0.108291 0.0089320000000000007 0.0090930000000000004 0.0084650000000000003 0.083786000000000013 0.099721000000000018 0.08119800000000002 0.0032029999999999997 0.003333 0.0033810000000000003 0.00069000000000000008 0.00070699999999999995 0.00065299999999999993 7.6741146506712097 7.6741146506712097 7.6741146506712097 0.00054571225803568099 0.00054571225803568099 0.00054571225803568099 1 1 1 Converged Converged Converged OK OK OK 61 61 61 61 61 61 3 3 3 0 0 0 0 1 0 0 1
200 200 linear 3 15 1760 2 0.0001 1 0.085536024892859039 0.038919706978997021 0.098019208608294703 0.049394466324694956 0.10038823425049452 0.5 -0.021592116082696872 7.4646684502539591 OK 12 11 0.33639000000000002 0.26886300000000002 0.10713300000000001 0.222331 0.13827999999999999 0 0.11405900000000002 0.13058300000000003 0.10713300000000001 0.0086899999999999998 0.0089879999999999995 0.0081300000000000001 0.083008999999999999 0.101521 0.080406000000000005 0.0031670000000000001 0.0038120000000000003 0.0033220000000000003 0.00070100000000000002 0.00071699999999999997 0.00065499999999999998 7.4646652587745761 7.4646652587745761 7.4646652587745761 0.00060852046216956215 0.00060852046216956215 0.00060852046216956215 1 1 1 Converged Converged Converged OK OK OK 61 61 61 61 61 61 3 3 3 0 0 0 0 1 0 0 1
200 200 linear 3 23 1760 3 0.0001 1 0.085536024892859039 0.038919706978997021 0.098019208608294703 0.049394466324694956 0.10580315000409411 0.5 -0.027007031836296463 7.2329823044872938 OK 12 11 0.33874700000000002 0.26863500000000001 0.108319 0.22670000000000001 0.13880999999999999 0 0.11204700000000001 0.12982500000000002 0.108319 0.0086929999999999993 0.0086820000000000005 0.0081519999999999995 0.084196999999999966 0.102295 0.081361000000000017 0.0033360000000000004 0.0033 0.0033120000000000003 0.00074600000000000003 0.000745 0.00080100000000000006 7.2329793120572488 7.2329793120572488 7.2329793120572488 0.00072284284739048863 0.00072284284739048863 0.00072284284739048863 1 1 1 Converged Converged Converged OK OK OK 61 61 61 61 61 61 3 3 3 0 0 0 0 1 0 0 1
200 200 linear 4 0 1761 0 0.001 1 0.085536024892859039 0.038919706978997021 0.24594433655452017 -0.20446893809263703 0.23816039515872076 0.5 -0.15936427699092309 2.6552171416742762 OK 12 11 0.30746499999999999 0.30573099999999998 0.112998 0.19022 0.18885099999999999 0 0.11724499999999999 0.11687999999999998 0.112998 0.009332 0.0091020000000000007 0.0090069999999999994 0.082442000000000015 0.083322999999999994 0.079334000000000043 0.0041370000000000001 0.0036090000000000002 0.0037309999999999999 0.00084699999999999988 0.000852 0.00084499999999999994 2.6552163784365446 2.6552163784365446 2.6552163784365446 0.00023900154537908079 0.00023900154537908079 0.00023900154537908079 1 1 1 Converged Converged Converged OK OK OK 75 75 75 75 75 75 5 5 5 0 0 0 0 0 1 0 0
200 200 linear 4 7 1761 1 0.001 1 0.085536024892859039 0.038919706978997021 0.24594433655452017 -0.20446893809263703 0.24289844644312039 0.5 -0.16410232827532273 2.6384218712556264 OK 12 11 0.30292799999999998 0.24535799999999999 0.10659399999999999 0.19171199999999999 0.123096 0 0.11121599999999998 0.122262 0.10659399999999999 0.0083110000000000007 0.0082539999999999992 0.0077799999999999996 0.081922999999999996 0.093898000000000009 0.078873000000000013 0.0037989999999999999 0.0036849999999999999 0.0035950000000000001 0.0008470000000000001 0.00084800000000000012 0.00080599999999999997 2.6384206135271606 2.6384206135271606 2.6384206135271606 0.00020094554361519044 0.00020094554361519044 0.00020094554361519044 1 1 1 Converged Converged Converged OK OK OK 75 75 75 75 75 75 5 5 5 0 0 0 0 1 0 0 1
200 200 linear 4 15 1761 2 0.001 1 0.085536024892859039 0.038919706978997021 0.24594433655452017 -0.20446893809263703 0.24831336219671998 0.5 -0.16951724402892232 2.6190964761861211 OK 12 11 0.297738 0.244367 0.102591 0.19056200000000001 0.122554 0 0.10717599999999999 0.121813 0.102591 0.008371 0.008404 0.0077790000000000003 0.078198000000000004 0.092080000000000023 0.07524900000000001 0.0037260000000000001 0.0042510000000000004 0.0035609999999999999 0.00080799999999999991 0.00086199999999999992 0.00077700000000000002 2.6190950837276223 2.6190950837276223 2.6190950837276223 0.00018386846686742982 0.00018386846686742982 0.00018386846686742982 1 1 1 Converged Converged Converged OK OK OK 75 75 75 75 75 75 5 5 5 0 0 0 0 1 0 0 1
200 200 linear 4 23 1761 3 0.001 1 0.085536024892859039 0.038919706978997021 0.24594433655452017 -0.20446893809263703 0.25372827795031955 0.5 -0.17493215978252191 2.5996607981922022 OK 12 11 0.30857200000000001 0.25659599999999999 0.105741 0.1986 0.12842300000000001 0 0.10997200000000001 0.12817299999999998 0.105741 0.0083940000000000004 0.0084910000000000003 0.0077219999999999997 0.081000000000000044 0.098364999999999994 0.078527999999999973 0.0037550000000000005 0.0043410000000000002 0.003437 0.00076900000000000004 0.00082100000000000001 0.0007400000000000001 2.5996593725153256 2.5996593725153256 2.5996593725153256 0.00017757027351263468 0.00017757027351263468 0.00017757027351263468 1 1 1 Converged Converged Converged OK OK OK 75 75 75 75 75 75 5 5 5 0 0 0 0 1 0 0 1
200 200 linear 4 0 1761 0 0.0001 1 0.085536024892859039 0.038919706978997021 0.24594433655452017 -0.20446893809263703 0.23816039515872076 0.5 -0.15936427699092309 2.6552171416742762 OK 12 11 0.307842 0.30411300000000002 0.11186699999999999 0.192246 0.19035199999999999 0 0.115596 0.11376100000000003 0.11186699999999999 0.0091850000000000005 0.0093100000000000006 0.0088450000000000004 0.081941 0.07990899999999998 0.079030000000000017 0.0034379999999999997 0.0036159999999999999 0.0035180000000000003 0.00081999999999999998 0.00085500000000000007 0.00080800000000000002 2.6552163784365446 2.6552163784365446 2.6552163784365446 0.00023900154537908079 0.00023900154537908079 0.00023900154537908079 1 1 1 Converged Converged Converged OK OK OK 75 75 75 75 75 75 5 5 5 0 0 0 0 0 1 0 0
200 200 linear 4 7 1761 1 0.0001 1 0.085536024892859039 0.038919706978997021 0.24594433655452017 -0.20446893809263703 0.24289844644312039 0.5 -0.16410232827532273 2.6384218712556264 OK 12 11 0.30019099999999999 0.24787799999999999 0.106236 0.190469 0.12502099999999999 0 0.10972199999999999 0.12285699999999999 0.106236 0.0082330000000000007 0.0084860000000000005 0.0077720000000000003 0.081558999999999993 0.094186000000000006 0.078907999999999964 0.0033159999999999999 0.0036079999999999997 0.0033889999999999997 0.00079199999999999995 0.00087100000000000003 0.00082699999999999994 2.6384206135271606 2.6384206135271606 2.6384206135271606 0.00020094554361519044 0.00020094554361519044 0.00020094554361519044 1 1 1 Converged Converged Converged OK OK OK 75 75 75 75 75 75 5 5 5 0 0 0 0 1 0 0 1
200 200 linear 4 15 1761 2 0.0001 1 0.085536024892859039 0.038919706978997021 0.24594433655452017 -0.20446893809263703 0.24831336219671998 0.5 -0.16951724402892232 2.6190964761861211 OK 12 11 0.29829600000000001 0.240457 0.102522 0.188303 0.120667 0 0.10999300000000001 0.11979000000000001 0.102522 0.0082319999999999997 0.0082559999999999995 0.0077219999999999997 0.081705999999999959 0.091447000000000014 0.075267999999999974 0.0034219999999999997 0.003627 0.0034810000000000002 0.00077300000000000003 0.00078000000000000009 0.00079699999999999997 2.6190950837276223 2.6190950837276223 2.6190950837276223 0.00018386846686742982 0.00018386846686742982 0.00018386846686742982 1 1 1 Converged Converged Converged OK OK OK 75 75 75 75 75 75 5 5 5 0 0 0 0 1 0 0 1
200 200 linear 4 23 1761 3 0.0001 1 0.085536024892859039 0.038919706978997021 0.24594433655452017 -0.20446893809263703 0.25372827795031955 0.5 -0.17493215978252191 2.5996607981922022 OK 12 11 0.304232 0.25127899999999997 0.105411 0.19376499999999999 0.12603200000000001 0 0.11046700000000001 0.12524699999999997 0.105411 0.0081969999999999994 0.0083140000000000002 0.0077089999999999997 0.081270999999999982 0.097014000000000003 0.078372999999999984 0.0037349999999999996 0.0035270000000000002 0.0033470000000000001 0.000883 0.000776 0.00073299999999999993 2.5996593725153256 2.5996593725153256 2.5996593725153256 0.00017757027351263468 0.00017757027351263468 0.00017757027351263468 1 1 1 Converged Converged Converged OK OK OK 75 75 75 75 75 75 5 5 5 0 0 0 0 1 0 0 1
200 200 uniform 3 0 1762 0 0.001 1 0.085536024892859039 0.038919706978997021 0.098019208608294703 0.049394466324694956 0.090235267212495293 0 -0.011439149044697644 7.8565955202934674 OK 12 11 0.32542399999999999 0.323411 0.10119300000000001 0.22351499999999999 0.22084799999999999 0 0.101909 0.10256300000000002 0.10119300000000001 0.0092069999999999999 0.0096069999999999992 0.0091590000000000005 0.070995000000000016 0.070939000000000002 0.070320999999999981 0.0030329999999999997 0.003326 0.0031230000000000003 0.00066800000000000008 0.00068500000000000006 0.00065799999999999995 7.8565964295074773 7.8565964295074773 7.8565964295074773 0.00025616710089579797 0.00025616710089579797 0.00025616710089579797 1 1 1 Converged Converged Converged OK OK OK 61 61 61 61 61 61 3 3 3 0 0 0 0 0 1 0 0
200 200 uniform 3 7 1762 1 0.001 1 0.085536024892859039 0.038919706978997021 0.098019208608294703 0.049394466324694956 0.094973318496894943 0 -0.016177200329097294 7.6966223687372759 OK 12 11 0.31880500000000001 0.26430399999999998 0.095584000000000002 0.219668 0.14937700000000001 0 0.099137000000000003 0.11492699999999997 0.095584000000000002 0.0092040000000000004 0.0090779999999999993 0.0085330000000000007 0.069918999999999981 0.086827000000000015 0.06877399999999996 0.0036649999999999999 0.0032020000000000004 0.0029560000000000003 0.00069099999999999999 0.00067099999999999994 0.00062600000000000004 7.6966233543334104 7.6966233543334104 7.6966233543334104 0.00032215739467979254 0.00032215739467979254 0.00032215739467979254 1 1 1 Converged Converged Converged OK OK OK 61 61 61 61 61 61 3 3 3 0 0 0 0 1 0 0 1
200 200 uniform 3 15 1762 2 0.001 1 0.085536024892859039 0.038919706978997021 0.098019208608294703 0.049394466324694956 0.10038823425049452 0 -0.021592116082696872 7.4833608687718973 OK 12 11 0.32228200000000001 0.25014399999999998 0.094690999999999997 0.22469800000000001 0.13419300000000001 0 0.097584000000000004 0.11595099999999997 0.094690999999999997 0.0087500000000000008 0.0088310000000000003 0.0082059999999999998 0.069067000000000003 0.088375000000000009 0.067990000000000023 0.003503 0.0031320000000000002 0.0031229999999999999 0.00070100000000000002 0.00065899999999999997 0.00062700000000000006 7.4833620328141413 7.4833620328141413 7.4833620328141413 0.00039701871435999131 0.00039701871435999131 0.00039701871435999131 1 1 1 Converged Converged Converged OK OK OK 61 61 61 61 61 61 3 3 3 0 0 0 0 1 0 0 1
200 200 uniform 3 23 1762 3 0.001 1 0.085536024892859039 0.038919706978997021 0.098019208608294703 0.049394466324694956 0.10580315000409411 0 -0.027007031836296463 7.2485791387577043 OK 12 11 0.326345 0.255909 0.095431000000000002 0.229431 0.13847400000000001 0 0.096914 0.11743499999999998 0.095431000000000002 0.0086390000000000008 0.0087220000000000006 0.0081379999999999994 0.069512000000000004 0.08999299999999999 0.069013999999999992 0.0030539999999999994 0.003212 0.0030979999999999996 0.00066100000000000002 0.00066 0.00063000000000000003 7.2485805494857178 7.2485805494857178 7.2485805494857178 0.00046889959326253935 0.00046889959326253935 0.00046889959326253935 1 1 1 Converged Converged Converged OK OK OK 61 61 61 61 61 61 3 3 3 0 0 0 0 1 0 0 1
200 200 uniform 3 0 1762 0 0.0001 1 0.085536024892859039 0.038919706978997021 0.098019208608294703 0.049394466324694956 0.090235267212495293 0 -0.011439149044697644 7.8565955202934674 OK 12 11 0.32525599999999999 0.32148500000000002 0.10117900000000001 0.22345000000000001 0.21549699999999999 0 0.10180599999999998 0.10598800000000003 0.10117900000000001 0.0093550000000000005 0.013256 0.0090340000000000004 0.070674999999999974 0.071008000000000002 0.070441000000000017 0.0031019999999999997 0.0030470000000000002 0.0030980000000000001 0.00064800000000000003 0.00065399999999999996 0.00065700000000000003 7.8565964295074773 7.8565964295074773 7.8565964295074773 0.00025616710089579797 0.00025616710089579797 0.00025616710089579797 1 1 1 Converged Converged Converged OK OK OK 61 61 61 61 61 61 3 3 3 0 0 0 0 0 1 0 0
200 200 uniform 3 7 1762 1 0.0001 1 0.085536024892859039 0.038919706978997021 0.098019208608294703 0.049394466324694956 0.094973318496894943 0 -0.016177200329097294 7.6966223687372759 OK 12 11 0.31930199999999997 0.26815600000000001 0.095715999999999996 0.22250500000000001 0.15303 0 0.096796999999999966 0.11512600000000001 0.095715999999999996 0.0089800000000000001 0.0090849999999999993 0.0084880000000000008 0.068874999999999978 0.087121999999999991 0.068828999999999974 0.0030270000000000002 0.0030920000000000001 0.0029959999999999995 0.00065200000000000002 0.00066500000000000001 0.00062999999999999992 7.6966233543334104 7.6966233543334104 7.6966233543334104 0.00032215739467979254 0.00032215739467979254 0.00032215739467979254 1 1 1 Converged Converged Converged OK OK OK 61 61 61 61 61 61 3 3 3 0 0 0 0 1 0 0 1
200 200 uniform 3 15 1762 2 0.0001 1 0.085536024892859039 0.038919706978997021 0.098019208608294703 0.049394466324694956 0.10038823425049452 0 -0.021592116082696872 7.4833608687718973 OK 12 11 0.322073 0.24982599999999999 0.094777 0.22575500000000001 0.13372500000000001 0 0.096317999999999987 0.11610099999999998 0.094777 0.0086990000000000001 0.0087569999999999992 0.0082229999999999994 0.068451999999999985 0.088586999999999999 0.068042000000000005 0.0031950000000000004 0.0031479999999999998 0.0031619999999999999 0.00064300000000000002 0.00064300000000000002 0.0006330000000000001 7.4833620328141413 7.4833620328141413 7.4833620328141413 0.00039701871435999131 0.00039701871435999131 0.00039701871435999131 1 1 1 Converged Converged Converged OK OK OK 61 61 61 61 61 61 3 3 3 0 0 0 0 1 0 0 1
200 200 uniform 3 23 1762 3 0.0001 1 0.085536024892859039 0.038919706978997021 0.098019208608294703 0.049394466324694956 0.10580315000409411 0 -0.027007031836296463 7.2485791387577043 OK 12 11 0.32337399999999999 0.25809500000000002 0.095735000000000001 0.22664000000000001 0.13667699999999999 0 0.096733999999999987 0.12141800000000003 0.095735000000000001 0.0087159999999999998 0.0087469999999999996 0.0081510000000000003 0.069476999999999969 0.094046999999999978 0.069164000000000003 0.0030169999999999997 0.003228 0.003137 0.00064099999999999997 0.00064399999999999993 0.00063299999999999999 7.2485805494857178 7.2485805494857178 7.2485805494857178 0.00046889959326253935 0.00046889959326253935 0.00046889959326253935 1 1 1 Converged Converged Converged OK OK OK 61 61 61 61 61 61 3 3 3 0 0 0 0 1 0 0 1
200 200 uniform 4 0 1763 0 0.001 1 0.085536024892859039 0.038919706978997021 0.24594433655452017 -0.20446893809263703 0.23816039515872076 0 -0.15936427699092309 2.6570701256594798 OK 12 11 0.27363799999999999 0.27055299999999999 0.079607999999999998 0.19192999999999999 0.19014600000000001 0 0.081708000000000003 0.080406999999999978 0.079607999999999998 0.0091660000000000005 0.0091549999999999999 0.0088380000000000004 0.053528000000000006 0.053316999999999996 0.052934999999999989 0.0028300000000000001 0.0024719999999999994 0.0024129999999999998 0.00068099999999999996 0.00061100000000000011 0.000602 2.6570715019949831 2.6570715019949831 2.6570715019949831 0.0016924681101336675 0.0016924681101336675 0.0016924681101336675 1 1 1 Converged Converged Converged OK OK OK 59 59 59 59 59 59 5 5 5 0 0 0 0 0 1 0 0
200 200 uniform 4 7 1763 1 0.001 1 0.085536024892859039 0.038919706978997021 0.24594433655452017 -0.20446893809263703 0.24289844644312039 0 -0.16410232827532273 2.6402542058390797 OK 12 11 0.26677499999999998 0.20263300000000001 0.073468000000000006 0.19095899999999999 0.122514 0 0.075815999999999995 0.08011900000000001 0.073468000000000006 0.0082749999999999994 0.0083160000000000005 0.007783 0.052124000000000011 0.057114000000000005 0.051296000000000001 0.0025460000000000001 0.0024369999999999999 0.0023649999999999999 0.00058799999999999998 0.00059099999999999995 0.00059000000000000003 2.6402547278354187 2.6402547278354187 2.6402547278354187 0.001625014902671279 0.001625014902671279 0.001625014902671279 1 1 1 Converged Converged Converged OK OK OK 59 59 59 59 59 59 5 5 5 0 0 0 0 1 0 0 1
200 200 uniform 4 15 1763 2 0.001 1 0.085536024892859039 0.038919706978997021 0.24594433655452017 -0.20446893809263703 0.24831336219671998 0 -0.16951724402892232 2.6209015606265007 OK 12 11 0.26368799999999998 0.20341400000000001 0.070514999999999994 0.190775 0.121998 0 0.072912999999999978 0.081416000000000016 0.070514999999999994 0.0083260000000000001 0.0083169999999999997 0.0076880000000000004 0.049318000000000008 0.058423000000000017 0.048569999999999995 0.0026069999999999999 0.0024559999999999998 0.0023960000000000001 0.00059800000000000001 0.00060399999999999994 0.000571 2.620901818545831 2.620901818545831 2.620901818545831 0.0015906044410787311 0.0015906044410787311 0.0015906044410787311 1 1 1 Converged Converged Converged OK OK OK 59 59 59 59 59 59 5 5 5 0 0 0 0 1 0 0 1
200 200 uniform 4 23 1763 3 0.001 1 0.085536024892859039 0.038919706978997021 0.24594433655452017 -0.20446893809263703 0.25372827795031955 0 -0.17493215978252191 2.601435008885252 OK 12 11 0.26826800000000001 0.21073600000000001 0.073721999999999996 0.192638 0.12622700000000001 0 0.075630000000000003 0.084509000000000001 0.073721999999999996 0.0082249999999999997 0.0082909999999999998 0.007698 0.052370999999999987 0.061605 0.051814000000000006 0.0024599999999999995 0.0024029999999999998 0.002323 0.00058500000000000002 0.00060300000000000002 0.00057600000000000001 2.6014351674706644 2.6014351674706644 2.6014351674706644 0.0015738677205849438 0.0015738677205849438 0.0015738677205849438 1 1 1 Converged Converged Converged OK OK OK 59 59 59 59 59 59 5 5 5 0 0 0 0 1 0 0 1
200 200 uniform 4 0 1763 0 0.0001 1 0.085536024892859039 0.038919706978997021 0.24594433655452017 -0.20446893809263703 0.23816039515872076 0 -0.15936427699092309 2.6570701256594798 OK 12 11 0.28980699999999998 0.29158600000000001 0.096666000000000002 0.190667 0.18778900000000001 0 0.099139999999999978 0.103797 0.096666000000000002 0.0092060000000000006 0.0093509999999999999 0.0089420000000000003 0.064966999999999997 0.07034399999999999 0.064391999999999963 0.0037149999999999996 0.0032799999999999999 0.0031510000000000002 0.00079999999999999993 0.00078699999999999994 0.00075199999999999996 2.6570715298005201 2.6570715298005201 2.6570715298005201 0.00024646592740290823 0.00024646592740290823 0.00024646592740290823 1 1 1 Converged Converged Converged OK OK OK 75 75 75 75 75 75 5 5 5 0 0 0 0 0 1 0 0
200 200 uniform 4 7 1763 1 0.0001 1 0.085536024892859039 0.038919706978997021 0.24594433655452017 -0.20446893809263703 0.24289844644312039 0 -0.16410232827532273 2.6402542058390797 OK 12 11 0.29840699999999998 0.228492 0.090708999999999998 0.20091100000000001 0.12151099999999999 0 0.097495999999999972 0.10698100000000001 0.090708999999999998 0.0084759999999999992 0.0083529999999999993 0.0078810000000000009 0.067375000000000004 0.079016000000000003 0.063916000000000014 0.0038059999999999995 0.003307 0.0031219999999999998 0.00082600000000000002 0.00077899999999999996 0.00071199999999999996 2.6402547545490522 2.6402547545490522 2.6402547545490522 0.00018048826524655128 0.00018048826524655128 0.00018048826524655128 1 1 1 Converged Converged Converged OK OK OK 75 75 75 75 75 75 5 5 5 0 0 0 0 1 0 0 1
200 200 uniform 4 15 1763 2 0.0001 1 0.085536024892859039 0.038919706978997021 0.24594433655452017 -0.20446893809263703 0.24831336219671998 0 -0.16951724402892232 2.6209015606265007 OK 12 11 0.27812900000000002 0.22550999999999999 0.090513999999999997 0.18862899999999999 0.120782 0 0.089500000000000024 0.10472799999999999 0.090513999999999997 0.0083580000000000008 0.0083979999999999992 0.0077149999999999996 0.060796000000000003 0.076798000000000005 0.060489000000000001 0.003437 0.0032039999999999998 0.0031640000000000001 0.00075900000000000002 0.00073699999999999992 0.00072000000000000005 2.620901843587764 2.620901843587764 2.620901843587764 0.00014858758516002676 0.00014858758516002676 0.00014858758516002676 1 1 1 Converged Converged Converged OK OK OK 75 75 75 75 75 75 5 5 5 0 0 0 0 1 0 0 1
200 200 uniform 4 23 1763 3 0.0001 1 0.085536024892859039 0.038919706978997021 0.24594433655452017 -0.20446893809263703 0.25372827795031955 0 -0.17493215978252191 2.601435008885252 OK 12 11 0.28814699999999999 0.23418600000000001 0.090241000000000002 0.19612199999999999 0.12374 0 0.092024999999999996 0.110446 0.090241000000000002 0.008234 0.0083370000000000007 0.0077470000000000004 0.063910999999999982 0.082274 0.063561000000000006 0.0032119999999999996 0.0033270000000000001 0.0031619999999999999 0.0007490000000000001 0.00075799999999999999 0.00070600000000000003 2.6014351903569337 2.6014351903569337 2.6014351903569337 0.00013526680138298437 0.00013526680138298437 0.00013526680138298437 1 1 1 Converged Converged Converged OK OK OK 75 75 75 75 75 75 5 5 5 0 0 0 0 1 0 0 1
201 201 linear 3 0 1764 0 0.001 1 0.0009501226821921736 0.10833032226133353 -0.10106616721688599 -0.15749266441428705 -0.1227322316691527 0.5 0.12368145247512671 5.2416177129212524 OK 13 12 0.38046099999999999 0.372199 0.076731999999999995 0.29968 0.29511100000000001 0 0.080780999999999992 0.07708799999999999 0.076731999999999995 0.010448000000000001 0.0098519999999999996 0.0096989999999999993 0.052807999999999973 0.050962 0.050782999999999974 0.0028339999999999997 0.0024140000000000003 0.002594 0.00082299999999999995 0.00070899999999999999 0.00078699999999999994 5.241617733220683 5.241617733220683 5.241617733220683 0.0049162257235538138 0.0049162257235538138 0.0049162257235538138 1 1 1 Converged Converged Converged OK OK OK 52 52 52 52 52 52 4 4 4 0 0 0 0 0 1 0 0
201 201 linear 3 7 1764 1 0.001 1 0.0009501226821921736 0.10833032226133353 -0.10106616721688599 -0.15749266441428705 -0.10954419243733818 0.5 0.11049341324331219 5.4703779453329346 OK 13 12 0.40144800000000003 0.25050800000000001 0.098652000000000004 0.29691400000000001 0.13978099999999999 0 0.10453400000000002 0.11072700000000002 0.098652000000000004 0.0094750000000000008 0.0091479999999999999 0.0086429999999999996 0.074205000000000021 0.082061999999999982 0.070602999999999999 0.0035599999999999998 0.0032569999999999995 0.0033649999999999999 0.00096899999999999992 0.00080699999999999999 0.00080400000000000003 5.4703759441565021 5.4703759441565021 5.4703759441565021 0.0033194936444487784 0.0033194936444487784 0.0033194936444487784 1 1 1 Converged Converged Converged OK OK OK 67 67 67 67 67 67 5 5 5 0 0 0 0 1 0 0 1
201 201 linear 3 15 1764 2 0.001 1 0.0009501226821921736 0.10833032226133353 -0.10106616721688599 -0.15749266441428705 -0.094472147600978731 0.5 0.095421368406952742 5.7351097408052771 OK 12 11 0.38835900000000001 0.25407600000000002 0.096148999999999998 0.28705999999999998 0.136153 0 0.10129900000000003 0.11792300000000003 0.096148999999999998 0.0090609999999999996 0.0088500000000000002 0.0082199999999999999 0.073687000000000002 0.090546999999999989 0.070609000000000019 0.0034750000000000002 0.0034289999999999998 0.003163 0.00081800000000000015 0.00073299999999999993 0.00078600000000000002 5.7351061616642376 5.7351061616642376 5.7351061616642376 0.0020076590168956968 0.0020076590168956968 0.0020076590168956968 1 1 1 Converged Converged Converged OK OK OK 67 67 67 67 67 67 5 5 5 0 0 0 0 1 0 0 1
201 201 linear 3 23 1764 3 0.001 1 0.0009501226821921736 0.10833032226133353 -0.10106616721688599 -0.15749266441428705 -0.079400102764619285 0.5 0.080349323570593295 5.9961317289589537 OK 12 11 0.38917299999999999 0.25198799999999999 0.087317000000000006 0.29284199999999999 0.146735 0 0.096331 0.10525299999999999 0.087317000000000006 0.0087340000000000004 0.0088159999999999992 0.0078980000000000005 0.07074699999999999 0.080051999999999984 0.063758000000000009 0.003019 0.0029759999999999999 0.002797 0.00076599999999999997 0.00073399999999999995 0.00069099999999999999 5.9961273640682169 5.9961273640682169 5.9961273640682169 0.0037673845082673908 0.0037673845082673908 0.0037673845082673908 1 1 1 Converged Converged Converged OK OK OK 59 59 59 59 59 59 5 5 5 0 0 0 0 1 0 0 1
201 201 linear 3 0 1764 0 0.0001 1 0.0009501226821921736 0.10833032226133353 -0.10106616721688599 -0.15749266441428705 -0.1227322316691527 0.5 0.12368145247512671 5.2416177129212524 OK 13 12 0.39801700000000001 0.39153199999999999 0.099918000000000007 0.299238 0.29417700000000002 0 0.098779000000000006 0.097354999999999969 0.099918000000000007 0.0098010000000000007 0.0098770000000000004 0.01072 0.067157999999999982 0.06534700000000003 0.067033000000000023 0.0034260000000000002 0.0032369999999999999 0.0032440000000000004 0.00083000000000000001 0.00080400000000000003 0.00078300000000000006 5.2416140793600787 5.2416140793600787 5.2416140793600787 0.00019550415713580287 0.00019550415713580287 0.00019550415713580287 1 1 1 Converged Converged Converged OK OK OK 68 68 68 68 68 68 4 4 4 0 0 0 0 0 1 0 0
201 201 linear 3 7 1764 1 0.0001 1 0.0009501226821921736 0.10833032226133353 -0.10106616721688599 -0.15749266441428705 -0.10954419243733818 0.5 0.11049341324331219 5.4703779453329346 OK 13 12 0.40931099999999998 0.27043800000000001 0.118974 0.28805900000000001 0.14002100000000001 0 0.12125199999999997 0.13041700000000001 0.118974 0.0089200000000000008 0.0094389999999999995 0.0095300000000000003 0.087125000000000022 0.096424000000000037 0.085775000000000046 0.0048119999999999994 0.0043370000000000006 0.0040150000000000003 0.0010330000000000001 0.00098400000000000007 0.00089999999999999998 5.4703741099007273 5.4703741099007273 5.4703741099007273 0.00023653691235058064 0.00023653691235058064 0.00023653691235058064 1 1 1 Converged Converged Converged OK OK OK 83 83 83 83 83 83 5 5 5 0 0 0 0 1 0 0 1
201 201 linear 3 15 1764 2 0.0001 1 0.0009501226821921736 0.10833032226133353 -0.10106616721688599 -0.15749266441428705 -0.094472147600978731 0.5 0.095421368406952742 5.7351097408052771 OK 12 11 0.406781 0.268488 0.11339200000000001 0.287715 0.13634499999999999 0 0.11906600000000001 0.13214300000000001 0.11339200000000001 0.0089789999999999991 0.0089350000000000002 0.0082050000000000005 0.086522000000000016 0.10009000000000001 0.082781999999999953 0.0046220000000000002 0.0042640000000000004 0.004182 0.00094600000000000001 0.00093899999999999995 0.00089900000000000006 5.7351056214250384 5.7351056214250384 5.7351056214250384 0.00039900926163502612 0.00039900926163502612 0.00039900926163502612 1 1 1 Converged Converged Converged OK OK OK 83 83 83 83 83 83 5 5 5 0 0 0 0 1 0 0 1
201 201 linear 3 23 1764 3 0.0001 1 0.0009501226821921736 0.10833032226133353 -0.10106616721688599 -0.15749266441428705 -0.079400102764619285 0.5 0.080349323570593295 5.9961317289589537 OK 12 11 0.44332300000000002 0.31406200000000001 0.14432700000000001 0.29258600000000001 0.141706 0 0.15073700000000001 0.17235600000000001 0.14432700000000001 0.0085760000000000003 0.0086990000000000001 0.0080040000000000007 0.11188900000000007 0.13358700000000007 0.10754600000000002 0.0055409999999999999 0.0054210000000000005 0.0051919999999999996 0.00116 0.0011360000000000001 0.0011200000000000001 5.9961272313956862 5.9961272313956862 5.9961272313956862 0.00032138351166447181 0.00032138351166447181 0.00032138351166447181 1 1 1 Converged Converged Converged OK OK OK 99 99 99 99 99 99 5 5 5 0 0 0 0 1 0 0 1
201 201 linear 4 0 1765 0 0.001 1 0.0009501226821921736 0.10833032226133353 0.099999418063639087 0.18846593170721068 0.078333353611372378 0.5 -0.077384132805398367 5.1723541463545333 OK 12 11 0.40989300000000001 0.40526499999999999 0.107778 0.298483 0.29758800000000002 0 0.11141000000000001 0.10767699999999997 0.107778 0.0096749999999999996 0.0095940000000000001 0.0094269999999999996 0.078517999999999977 0.075587000000000043 0.075595999999999997 0.0032450000000000001 0.0031620000000000003 0.0033419999999999995 0.00088599999999999996 0.00085399999999999994 0.00092000000000000003 5.1723546087449046 5.1723546087449046 5.1723546087449046 0.0049031416336809313 0.0049031416336809313 0.0049031416336809313 1 1 1 Converged Converged Converged OK OK OK 67 67 67 67 67 67 5 5 5 0 0 0 0 0 1 0 0
201 201 linear 4 7 1765 1 0.001 1 0.0009501226821921736 0.10833032226133353 0.099999418063639087 0.18846593170721068 0.091521392843186902 0.5 -0.090572172037212892 5.0347136480833168 OK 12 11 0.412107 0.28475400000000001 0.108899 0.29820000000000002 0.14785300000000001 0 0.11390699999999998 0.13690099999999999 0.108899 0.0087220000000000006 0.0089589999999999999 0.008234 0.083063999999999999 0.105985 0.079588999999999993 0.003614 0.0039440000000000005 0.0035890000000000002 0.00093900000000000006 0.00107 0.00094499999999999998 5.0347101216129619 5.0347101216129619 5.0347101216129619 0.00049424546030240896 0.00049424546030240896 0.00049424546030240896 1 1 1 Converged Converged Converged OK OK OK 75 75 75 75 75 75 5 5 5 0 0 0 0 1 0 0 1
201 201 linear 4 15 1765 2 0.001 1 0.0009501226821921736 0.10833032226133353 0.099999418063639087 0.18846593170721068 0.10659343767954635 0.5 -0.10564421687357234 4.8676060743451144 OK 12 11 0.38938200000000001 0.253965 0.091769000000000003 0.293931 0.13977800000000001 0 0.095451000000000008 0.11418699999999998 0.091769000000000003 0.0081620000000000009 0.0083540000000000003 0.0077340000000000004 0.069001000000000007 0.086319000000000021 0.066287000000000013 0.0030980000000000001 0.0037559999999999998 0.0032519999999999997 0.00086700000000000004 0.00087000000000000001 0.00084800000000000001 4.867602857103261 4.867602857103261 4.867602857103261 0.00013735771916200795 0.00013735771916200795 0.00013735771916200795 1 1 1 Converged Converged Converged OK OK OK 68 68 68 68 68 68 4 4 4 0 0 0 0 1 0 0 1
201 201 linear 4 23 1765 3 0.001 1 0.0009501226821921736 0.10833032226133353 0.099999418063639087 0.18846593170721068 0.1216654825159058 0.5 -0.12071626170993179 4.6948740590412497 OK 12 11 0.388604 0.24723100000000001 0.091356999999999994 0.29241499999999998 0.13802600000000001 0 0.096189000000000024 0.109205 0.091356999999999994 0.0082959999999999996 0.0082880000000000002 0.0076530000000000001 0.068853000000000011 0.082066 0.066033000000000008 0.0036690000000000004 0.0035239999999999994 0.0031970000000000002 0.00088800000000000001 0.00081499999999999997 0.00080100000000000006 4.6948709127654578 4.6948709127654578 4.6948709127654578 0.0001412910632633796 0.0001412910632633796 0.0001412910632633796 1 1 1 Converged Converged Converged OK OK OK 68 68 68 68 68 68 4 4 4 0 0 0 0 1 0 0 1
201 201 linear 4 0 1765 0 0.0001 1 0.0009501226821921736 0.10833032226133353 0.099999418063639087 0.18846593170721068 0.078333353611372378 0.5 -0.077384132805398367 5.1723541463545333 OK 12 11 0.42515399999999998 0.423487 0.12585199999999999 0.29230400000000001 0.29756500000000002 0 0.13284999999999997 0.12592199999999998 0.12585199999999999 0.012618000000000001 0.0094859999999999996 0.0091000000000000004 0.091413000000000008 0.08802299999999999 0.08816199999999999 0.0043489999999999996 0.0039950000000000003 0.0043359999999999996 0.0010200000000000001 0.001011 0.0010119999999999999 5.1723505815625073 5.1723505815625073 5.1723505815625073 0.00018206566082041729 0.00018206566082041729 0.00018206566082041729 1 1 1 Converged Converged Converged OK OK OK 83 83 83 83 83 83 5 5 5 0 0 0 0 0 1 0 0
201 201 linear 4 7 1765 1 0.0001 1 0.0009501226821921736 0.10833032226133353 0.099999418063639087 0.18846593170721068 0.091521392843186902 0.5 -0.090572172037212892 5.0347136480833168 OK 12 11 0.41157199999999999 0.282113 0.108197 0.29667399999999999 0.146202 0 0.114898 0.135911 0.108197 0.0087290000000000006 0.0089540000000000002 0.0083840000000000008 0.08551499999999998 0.10599600000000003 0.079777999999999974 0.0035750000000000001 0.0039310000000000005 0.003558 0.00090299999999999994 0.00094500000000000009 0.00089799999999999993 5.0347101216129619 5.0347101216129619 5.0347101216129619 0.00049424546030240896 0.00049424546030240896 0.00049424546030240896 1 1 1 Converged Converged Converged OK OK OK 75 75 75 75 75 75 5 5 5 0 0 0 0 1 0 0 1
201 201 linear 4 15 1765 2 0.0001 1 0.0009501226821921736 0.10833032226133353 0.099999418063639087 0.18846593170721068 0.10659343767954635 0.5 -0.10564421687357234 4.8676060743451144 OK 12 11 0.387096 0.252384 0.091785000000000005 0.29204200000000002 0.13902100000000001 0 0.095053999999999972 0.11336299999999999 0.091785000000000005 0.0082400000000000008 0.0083330000000000001 0.0077549999999999997 0.068822000000000022 0.086229000000000014 0.066359000000000015 0.0030410000000000003 0.0035889999999999997 0.0031280000000000001 0.00083599999999999994 0.000892 0.00084400000000000002 4.867602857103261 4.867602857103261 4.867602857103261 0.00013735771916200795 0.00013735771916200795 0.00013735771916200795 1 1 1 Converged Converged Converged OK OK OK 68 68 68 68 68 68 4 4 4 0 0 0 0 1 0 0 1
201 201 linear 4 23 1765 3 0.0001 1 0.0009501226821921736 0.10833032226133353 0.099999418063639087 0.18846593170721068 0.1216654825159058 0.5 -0.12071626170993179 4.6948740590412497 OK 12 11 0.38423499999999999 0.24659 0.091064000000000006 0.28917199999999998 0.13772400000000001 0 0.095063000000000009 0.10886599999999999 0.091064000000000006 0.0082260000000000007 0.0084379999999999993 0.007711 0.068717 0.081828999999999957 0.06578500000000001 0.0032460000000000002 0.0034349999999999997 0.0031250000000000002 0.00072300000000000001 0.00084100000000000006 0.00083600000000000005 4.6948709127654578 4.6948709127654578 4.6948709127654578 0.0001412910632633796 0.0001412910632633796 0.0001412910632633796 1 1 1 Converged Converged Converged OK OK OK 68 68 68 68 68 68 4 4 4 0 0 0 0 1 0 0 1
201 201 uniform 3 0 1766 0 0.001 1 0.0009501226821921736 0.10833032226133353 -0.10106616721688599 -0.15749266441428705 -0.1227322316691527 0 0.12368145247512671 5.2588027366805621 OK 13 12 0.36571599999999999 0.36239500000000002 0.068907999999999997 0.298037 0.29687799999999998 0 0.067678999999999989 0.065517000000000047 0.068907999999999997 0.010281 0.0098919999999999998 0.0095580000000000005 0.040837999999999978 0.040168999999999996 0.040234999999999993 0.0023909999999999999 0.0021310000000000001 0.0023770000000000002 0.00074699999999999994 0.00065099999999999999 0.00064499999999999996 5.2588048160331953 5.2588048160331953 5.2588048160331953 0.0026305287233259166 0.0026305287233259166 0.0026305287233259166 1 1 1 Converged Converged Converged OK OK OK 52 52 52 52 52 52 4 4 4 0 0 0 0 0 1 0 0
201 201 uniform 3 7 1766 1 0.001 1 0.0009501226821921736 0.10833032226133353 -0.10106616721688599 -0.15749266441428705 -0.10954419243733818 0 0.11049341324331219 5.4902294852705023 OK 13 12 0.377743 0.23453199999999999 0.082233000000000001 0.29320400000000002 0.13994500000000001 0 0.084538999999999975 0.094586999999999977 0.082233000000000001 0.0093290000000000005 0.0090530000000000003 0.0085330000000000007 0.055071000000000009 0.066292000000000004 0.054404999999999995 0.0031649999999999998 0.0030210000000000002 0.0029589999999999998 0.00094800000000000006 0.00073899999999999997 0.00086800000000000006 5.4902305618576754 5.4902305618576754 5.4902305618576754 0.0023433247001114119 0.0023433247001114119 0.0023433247001114119 1 1 1 Converged Converged Converged OK OK OK 67 67 67 67 67 67 5 5 5 0 0 0 0 1 0 0 1
201 201 uniform 3 15 1766 2 0.001 1 0.0009501226821921736 0.10833032226133353 -0.10106616721688599 -0.15749266441428705 -0.094472147600978731 0 0.095421368406952742 5.7584148961504313 OK 12 11 0.360045 0.22673399999999999 0.078383999999999995 0.28437800000000002 0.13714499999999999 0 0.075666999999999984 0.089589000000000002 0.078383999999999995 0.0088360000000000001 0.0085599999999999999 0.0093659999999999993 0.050446999999999964 0.065633999999999998 0.053283999999999998 0.002624 0.0025140000000000002 0.0025010000000000002 0.00071500000000000003 0.00063400000000000001 0.00067000000000000002 5.7584149108761338 5.7584149108761338 5.7584149108761338 0.0052323260746180806 0.0052323260746180806 0.0052323260746180806 1 1 1 Converged Converged Converged OK OK OK 59 59 59 59 59 59 5 5 5 0 0 0 0 1 0 0 1
201 201 uniform 3 23 1766 3 0.001 1 0.0009501226821921736 0.10833032226133353 -0.10106616721688599 -0.15749266441428705 -0.079400102764619285 0 0.080349323570593295 6.0232644558887758 OK 12 11 0.36583100000000002 0.23427400000000001 0.072505 0.29182999999999998 0.14291899999999999 0 0.074001000000000039 0.09135500000000002 0.072505 0.0083750000000000005 0.0087740000000000005 0.0078270000000000006 0.049861000000000003 0.065974999999999992 0.049536999999999991 0.0025010000000000002 0.0028869999999999998 0.0024109999999999999 0.000718 0.00077099999999999998 0.00071299999999999988 6.0232638965874417 6.0232638965874417 6.0232638965874417 0.0028034565296435202 0.0028034565296435202 0.0028034565296435202 1 1 1 Converged Converged Converged OK OK OK 59 59 59 59 59 59 5 5 5 0 0 0 0 1 0 0 1
201 201 uniform 3 0 1766 0 0.0001 1 0.0009501226821921736 0.10833032226133353 -0.10106616721688599 -0.15749266441428705 -0.1227322316691527 0 0.12368145247512671 5.2588027366805621 OK 13 12 0.37736999999999998 0.384328 0.082410999999999998 0.293989 0.30046099999999998 0 0.083380999999999983 0.083867000000000025 0.082410999999999998 0.0098449999999999996 0.010024999999999999 0.0095379999999999996 0.051472000000000011 0.052025999999999982 0.051096000000000016 0.0031010000000000005 0.0034009999999999999 0.0033090000000000003 0.000803 0.00087199999999999995 0.00080900000000000004 5.2588023879017767 5.2588023879017767 5.2588023879017767 0.00019309359308542284 0.00019309359308542284 0.00019309359308542284 1 1 1 Converged Converged Converged OK OK OK 68 68 68 68 68 68 4 4 4 0 0 0 0 0 1 0 0
201 201 uniform 3 7 1766 1 0.0001 1 0.0009501226821921736 0.10833032226133353 -0.10106616721688599 -0.15749266441428705 -0.10954419243733818 0 0.11049341324331219 5.4902294852705023 OK 13 12 0.39038800000000001 0.252554 0.095297999999999994 0.28874100000000003 0.14156299999999999 0 0.10164699999999999 0.11099100000000001 0.095297999999999994 0.0091970000000000003 0.0094310000000000001 0.0084480000000000006 0.067974000000000007 0.077327999999999994 0.063562999999999981 0.0042069999999999998 0.0040139999999999993 0.0038929999999999998 0.00093300000000000002 0.0010679999999999999 0.0009320000000000001 5.4902290418774937 5.4902290418774937 5.4902290418774937 0.00022985849242235042 0.00022985849242235042 0.00022985849242235042 1 1 1 Converged Converged Converged OK OK OK 83 83 83 83 83 83 5 5 5 0 0 0 0 1 0 0 1
201 201 uniform 3 15 1766 2 0.0001 1 0.0009501226821921736 0.10833032226133353 -0.10106616721688599 -0.15749266441428705 -0.094472147600978731 0 0.095421368406952742 5.7584148961504313 OK 12 11 0.38105600000000001 0.25038100000000002 0.092864000000000002 0.282912 0.138262 0 0.098144000000000009 0.11211900000000002 0.092864000000000002 0.0088109999999999994 0.0087620000000000007 0.0080579999999999992 0.065020000000000008 0.080497999999999986 0.063070999999999988 0.0042179999999999995 0.0039389999999999998 0.0037520000000000006 0.00096899999999999992 0.00097500000000000006 0.00088500000000000004 5.7584143030779664 5.7584143030779664 5.7584143030779664 0.00038075646492404604 0.00038075646492404604 0.00038075646492404604 1 1 1 Converged Converged Converged OK OK OK 83 83 83 83 83 83 5 5 5 0 0 0 0 1 0 0 1
201 201 uniform 3 23 1766 3 0.0001 1 0.0009501226821921736 0.10833032226133353 -0.10106616721688599 -0.15749266441428705 -0.079400102764619285 0 0.080349323570593295 6.0232644558887758 OK 12 11 0.416269 0.29070800000000002 0.117914 0.28866199999999997 0.14540700000000001 0 0.12760700000000003 0.14530100000000001 0.117914 0.0086899999999999998 0.0086979999999999991 0.0078689999999999993 0.088887000000000022 0.10783700000000003 0.082012000000000002 0.0053069999999999992 0.0046469999999999992 0.004529 0.00116 0.0011489999999999998 0.001137 6.0232636869258052 6.0232636869258052 6.0232636869258052 0.00031636941878290283 0.00031636941878290283 0.00031636941878290283 1 1 1 Converged Converged Converged OK OK OK 99 99 99 99 99 99 5 5 5 0 0 0 0 1 0 0 1
201 201 uniform 4 0 1767 0 0.001 1 0.0009501226821921736 0.10833032226133353 0.099999418063639087 0.18846593170721068 0.078333353611372378 0 -0.077384132805398367 5.189591395752073 OK 12 11 0.39245000000000002 0.38760699999999998 0.090290999999999996 0.29756899999999997 0.29632199999999997 0 0.094881000000000049 0.091285000000000005 0.090290999999999996 0.0094470000000000005 0.0094599999999999997 0.0091050000000000002 0.062831999999999999 0.059507999999999998 0.05924299999999999 0.0031610000000000002 0.0032620000000000001 0.00315 0.00091600000000000004 0.00093199999999999999 0.00092400000000000002 5.1895935657903181 5.1895935657903181 5.1895935657903181 0.0027018242135950061 0.0027018242135950061 0.0027018242135950061 1 1 1 Converged Converged Converged OK OK OK 67 67 67 67 67 67 5 5 5 0 0 0 0 0 1 0 0
201 201 uniform 4 7 1767 1 0.001 1 0.0009501226821921736 0.10833032226133353 0.099999418063639087 0.18846593170721068 0.091521392843186902 0 -0.090572172037212892 5.0505450031070698 OK 12 11 0.37756699999999999 0.24882399999999999 0.076512999999999998 0.29987900000000001 0.14888000000000001 0 0.077687999999999979 0.099943999999999977 0.076512999999999998 0.0087220000000000006 0.0090200000000000002 0.0081840000000000003 0.053739000000000016 0.075500999999999971 0.053707999999999992 0.0026210000000000001 0.0026710000000000002 0.0025179999999999998 0.00069200000000000002 0.00077700000000000013 0.00067000000000000002 5.050546129537179 5.050546129537179 5.050546129537179 0.0034878054242922863 0.0034878054242922863 0.0034878054242922863 1 1 1 Converged Converged Converged OK OK OK 59 59 59 59 59 59 5 5 5 0 0 0 0 1 0 0 1
201 201 uniform 4 15 1767 2 0.001 1 0.0009501226821921736 0.10833032226133353 0.099999418063639087 0.18846593170721068 0.10659343767954635 0 -0.10564421687357234 4.8818430110746833 OK 12 11 0.35705700000000001 0.22120899999999999 0.061495000000000001 0.29441600000000001 0.14127700000000001 0 0.062641000000000002 0.079931999999999975 0.061495000000000001 0.0082109999999999995 0.0083490000000000005 0.0077099999999999998 0.041428 0.057993999999999997 0.041158 0.0021610000000000002 0.0025180000000000003 0.0022180000000000004 0.00063500000000000004 0.00072399999999999993 0.00066900000000000011 4.881848954055731 4.881848954055731 4.881848954055731 0.0030984445827682526 0.0030984445827682526 0.0030984445827682526 1 1 1 Converged Converged Converged OK OK OK 52 52 52 52 52 52 4 4 4 0 0 0 0 1 0 0 1
201 201 uniform 4 23 1767 3 0.001 1 0.0009501226821921736 0.10833032226133353 0.099999418063639087 0.18846593170721068 0.1216654825159058 0 -0.12071626170993179 4.7075862760100842 OK 12 11 0.36543599999999998 0.22492999999999999 0.071223999999999996 0.29327599999999998 0.13841300000000001 0 0.072160000000000002 0.086516999999999983 0.071223999999999996 0.0081399999999999997 0.0084139999999999996 0.0076 0.047720000000000005 0.061282999999999976 0.047574000000000005 0.0028410000000000006 0.0030070000000000001 0.0028249999999999998 0.00063999999999999994 0.00068099999999999996 0.00067400000000000001 4.7075861408123734 4.7075861408123734 4.7075861408123734 0.0033222484585267937 0.0033222484585267937 0.0033222484585267937 1 1 1 Converged Converged Converged OK OK OK 60 60 60 60 60 60 4 4 4 0 0 0 0 1 0 0 1
201 201 uniform 4 0 1767 0 0.0001 1 0.0009501226821921736 0.10833032226133353 0.099999418063639087 0.18846593170721068 0.078333353611372378 0 -0.077384132805398367 5.189591395752073 OK 12 11 0.40820200000000001 0.40160200000000001 0.106021 0.30113400000000001 0.29471900000000001 0 0.107068 0.10688300000000001 0.106021 0.0094219999999999998 0.0094990000000000005 0.0093419999999999996 0.069078000000000001 0.068619999999999987 0.068226000000000009 0.0040479999999999995 0.0042489999999999993 0.0041259999999999995 0.001119 0.001057 0.001049 5.1895910392676861 5.1895910392676861 5.1895910392676861 0.00017847461484405325 0.00017847461484405325 0.00017847461484405325 1 1 1 Converged Converged Converged OK OK OK 83 83 83 83 83 83 5 5 5 0 0 0 0 0 1 0 0
201 201 uniform 4 7 1767 1 0.0001 1 0.0009501226821921736 0.10833032226133353 0.099999418063639087 0.18846593170721068 0.091521392843186902 0 -0.090572172037212892 5.0505450031070698 OK 12 11 0.40362700000000001 0.29613400000000001 0.10155500000000001 0.29838799999999999 0.14725199999999999 0 0.10523900000000003 0.14888200000000001 0.10155500000000001 0.0088900000000000003 0.0088450000000000004 0.0082389999999999998 0.072233999999999993 0.11700500000000005 0.071238999999999997 0.0045170000000000002 0.0042500000000000003 0.0039719999999999998 0.00097999999999999997 0.00096400000000000001 0.00087200000000000005 5.0505446885395502 5.0505446885395502 5.0505446885395502 0.0001940266109219202 0.0001940266109219202 0.0001940266109219202 1 1 1 Converged Converged Converged OK OK OK 83 83 83 83 83 83 5 5 5 0 0 0 0 1 0 0 1
201 201 uniform 4 15 1767 2 0.0001 1 0.0009501226821921736 0.10833032226133353 0.099999418063639087 0.18846593170721068 0.10659343767954635 0 -0.10564421687357234 4.8818430110746833 OK 12 11 0.380106 0.23985000000000001 0.078045000000000003 0.29819499999999999 0.14074800000000001 0 0.081911000000000012 0.099101999999999996 0.078045000000000003 0.0085660000000000007 0.0084239999999999992 0.0077099999999999998 0.054818000000000013 0.072460999999999984 0.052738999999999987 0.0032199999999999998 0.0031340000000000005 0.0030619999999999996 0.00090300000000000005 0.00081599999999999989 0.00084599999999999996 4.881842750242952 4.881842750242952 4.881842750242952 0.00014043353492407466 0.00014043353492407466 0.00014043353492407466 1 1 1 Converged Converged Converged OK OK OK 68 68 68 68 68 68 4 4 4 0 0 0 0 1 0 0 1
201 201 uniform 4 23 1767 3 0.0001 1 0.0009501226821921736 0.10833032226133353 0.099999418063639087 0.18846593170721068 0.1216654825159058 0 -0.12071626170993179 4.7075862760100842 OK 12 11 0.36984099999999998 0.23169300000000001 0.077211000000000002 0.28961300000000001 0.137127 0 0.080227999999999966 0.094566000000000011 0.077211000000000002 0.0083040000000000006 0.0082430000000000003 0.007698 0.053165000000000011 0.068251999999999993 0.052294 0.0033909999999999999 0.0031819999999999999 0.0028569999999999997 0.00082299999999999995 0.00079699999999999997 0.00077099999999999998 4.7075860496239121 4.7075860496239121 4.7075860496239121 0.0001461838641659698 0.0001461838641659698 0.0001461838641659698 1 1 1 Converged Converged Converged OK OK OK 68 68 68 68 68 68 4 4 4 0 0 0 0 1 0 0 1
202 202 linear 3 0 1768 0 0.001 1 0.011518776398591437 0.11400683741187521 -0.28268739995985664 -0.15400428016482284 -0.30548876744223169 0.5 0.31687637256371332 2.9067171000253236 OK 13 12 0.31337900000000002 0.31202000000000002 0.071455000000000005 0.239951 0.23929400000000001 0 0.073428000000000021 0.072726000000000013 0.071455000000000005 0.0089169999999999996 0.0090819999999999998 0.0088210000000000007 0.048322999999999991 0.047828000000000002 0.047080999999999998 0.0023270000000000001 0.0022549999999999996 0.0023860000000000001 0.00056900000000000006 0.00058399999999999999 0.00062199999999999994 2.906711041489086 2.906711041489086 2.906711041489086 0.0026376039551472405 0.0026376039551472405 0.0026376039551472405 1 1 1 Converged Converged Converged OK OK OK 52 52 52 52 52 52 4 4 4 0 0 0 0 0 1 0 0
202 202 linear 3 7 1768 1 0.001 1 0.011518776398591437 0.11400683741187521 -0.28268739995985664 -0.15400428016482284 -0.29160967419209038 0.5 0.30299727931357201 3.0011706794267732 OK 13 12 0.33771299999999999 0.239064 0.082889000000000004 0.25132399999999999 0.139792 0 0.086388999999999994 0.099271999999999999 0.082889000000000004 0.0083660000000000002 0.0084259999999999995 0.0078180000000000003 0.060654999999999994 0.073217000000000004 0.058577000000000004 0.0028760000000000001 0.003143 0.0028059999999999999 0.0006379999999999999 0.00068899999999999994 0.00063299999999999999 3.0011638397383105 3.0011638397383105 3.0011638397383105 0.0024118725097353132 0.0024118725097353132 0.0024118725097353132 1 1 1 Converged Converged Converged OK OK OK 60 60 60 60 60 60 4 4 4 0 0 0 0 1 0 0 1
202 202 linear 3 15 1768 2 0.001 1 0.011518776398591437 0.11400683741187521 -0.28268739995985664 -0.15400428016482284 -0.27574785333478596 0.5 0.28713545845626759 3.1189084579832294 OK 13 12 0.343362 0.232626 0.081091999999999997 0.25905 0.141932 0 0.084311999999999998 0.090693999999999997 0.081091999999999997 0.0083359999999999997 0.0082990000000000008 0.0079930000000000001 0.059683999999999973 0.066293000000000005 0.057293999999999998 0.0027959999999999999 0.0026950000000000003 0.0027590000000000002 0.00059299999999999999 0.00058 0.00057299999999999994 3.1189010816104261 3.1189010816104261 3.1189010816104261 0.0023649091259123471 0.0023649091259123471 0.0023649091259123471 1 1 1 Converged Converged Converged OK OK OK 60 60 60 60 60 60 4 4 4 0 0 0 0 1 0 0 1
202 202 linear 3 23 1768 3 0.001 1 0.011518776398591437 0.11400683741187521 -0.28268739995985664 -0.15400428016482284 -0.2598860324774816 0.5 0.27127363759896322 3.2482101234161123 OK 13 12 0.328957 0.23772799999999999 0.080734 0.24485000000000001 0.14055400000000001 0 0.084106999999999987 0.097173999999999983 0.080734 0.0082990000000000008 0.0085050000000000004 0.0077190000000000002 0.059575999999999997 0.072087999999999985 0.057727999999999995 0.0028300000000000001 0.0029450000000000001 0.0026249999999999997 0.00056899999999999995 0.00062100000000000002 0.00055100000000000006 3.2482023969744418 3.2482023969744418 3.2482023969744418 0.0027094990288515559 0.0027094990288515559 0.0027094990288515559 1 1 1 Converged Converged Converged OK OK OK 60 60 60 60 60 60 4 4 4 0 0 0 0 1 0 0 1
202 202 linear 3 0 1768 0 0.0001 1 0.011518776398591437 0.11400683741187521 -0.28268739995985664 -0.15400428016482284 -0.30548876744223169 0.5 0.31687637256371332 2.9067171000253236 OK 13 12 0.35276299999999999 0.34500799999999998 0.106254 0.24321400000000001 0.238619 0 0.10954899999999998 0.10638899999999998 0.106254 0.0091450000000000004 0.009195 0.0086990000000000001 0.074739999999999973 0.072531999999999971 0.07255399999999998 0.0037740000000000004 0.0034930000000000004 0.0037169999999999998 0.00090800000000000006 0.00081800000000000004 0.00086200000000000003 2.9067152227748032 2.9067152227748032 2.9067152227748032 0.00016745591921998662 0.00016745591921998662 0.00016745591921998662 1 1 1 Converged Converged Converged OK OK OK 76 76 76 76 76 76 4 4 4 0 0 0 0 0 1 0 0
202 202 linear 3 7 1768 1 0.0001 1 0.011518776398591437 0.11400683741187521 -0.28268739995985664 -0.15400428016482284 -0.29160967419209038 0.5 0.30299727931357201 3.0011706794267732 OK 13 12 0.350267 0.26105099999999998 0.099555000000000005 0.246559 0.14153099999999999 0 0.10370799999999999 0.11951999999999999 0.099555000000000005 0.0084169999999999991 0.0084589999999999995 0.0079070000000000008 0.07415200000000001 0.090819999999999998 0.071441000000000004 0.0038350000000000003 0.0036669999999999997 0.0037829999999999999 0.00091100000000000003 0.00086000000000000009 0.00087700000000000007 3.0011687807216432 3.0011687807216432 3.0011687807216432 0.00027465887775987428 0.00027465887775987428 0.00027465887775987428 1 1 1 Converged Converged Converged OK OK OK 76 76 76 76 76 76 4 4 4 0 0 0 0 1 0 0 1
202 202 linear 3 15 1768 2 0.0001 1 0.011518776398591437 0.11400683741187521 -0.28268739995985664 -0.15400428016482284 -0.27574785333478596 0.5 0.28713545845626759 3.1189084579832294 OK 13 12 0.37641599999999997 0.28039599999999998 0.11558499999999999 0.2525 0.14655499999999999 0 0.12391599999999997 0.13384099999999999 0.11558499999999999 0.0083549999999999996 0.0085939999999999992 0.0078120000000000004 0.089878999999999987 0.098426999999999987 0.083495000000000041 0.0045119999999999995 0.0054049999999999992 0.0043559999999999996 0.00096599999999999995 0.0010530000000000001 0.00095399999999999988 3.1189064548318015 3.1189064548318015 3.1189064548318015 1.2152413941605776e-05 1.2152413941605776e-05 1.2152413941605776e-05 1 1 1 Converged Converged Converged OK OK OK 92 92 92 92 92 92 4 4 4 0 0 0 0 1 0 0 1
202 202 linear 3 23 1768 3 0.0001 1 0.011518776398591437 0.11400683741187521 -0.28268739995985664 -0.15400428016482284 -0.2598860324774816 0.5 0.27127363759896322 3.2482101234161123 OK 13 12 0.36355799999999999 0.27123700000000001 0.11518100000000001 0.24496299999999999 0.13697300000000001 0 0.11859500000000001 0.13426399999999999 0.11518100000000001 0.0084189999999999994 0.0085190000000000005 0.0077689999999999999 0.086657000000000026 0.10135599999999997 0.084175999999999987 0.0042700000000000004 0.0049229999999999994 0.0044650000000000002 0.000941 0.0009850000000000002 0.00096199999999999996 3.248208065861601 3.248208065861601 3.248208065861601 1.4695687581159173e-05 1.4695687581159173e-05 1.4695687581159173e-05 1 1 1 Converged Converged Converged OK OK OK 92 92 92 92 92 92 4 4 4 0 0 0 0 1 0 0 1
202 202 linear 4 0 1769 0 0.001 1 0.011518776398591437 0.11400683741187521 -0.18613029120839986 -0.23592884843048606 -0.2089316586907749 0.5 0.22031926381225653 3.2105828041071072 OK 13 12 0.33426800000000001 0.33060499999999998 0.094799999999999995 0.236628 0.23360300000000001 0 0.097640000000000005 0.097001999999999977 0.094799999999999995 0.0090320000000000001 0.009162 0.0085869999999999991 0.066880999999999996 0.065679000000000001 0.064883999999999983 0.0031899999999999997 0.003473 0.0031539999999999997 0.00083599999999999994 0.00082799999999999996 0.00074899999999999999 3.2105733825983456 3.2105733825983456 3.2105733825983456 0.0015350277821638296 0.0015350277821638296 0.0015350277821638296 1 1 1 Converged Converged Converged OK OK OK 68 68 68 68 68 68 4 4 4 0 0 0 0 0 1 0 0
202 202 linear 4 7 1769 1 0.001 1 0.011518776398591437 0.11400683741187521 -0.18613029120839986 -0.23592884843048606 -0.19505256544063357 0.5 0.20644017056211519 3.3054823722162356 OK 13 12 0.32902300000000001 0.23228799999999999 0.089914999999999995 0.234733 0.12501499999999999 0 0.094290000000000013 0.10727300000000001 0.089914999999999995 0.0084550000000000007 0.0083859999999999994 0.0078120000000000004 0.067037999999999986 0.080639999999999962 0.064548000000000008 0.0033839999999999999 0.0031999999999999997 0.0031349999999999998 0.00084099999999999995 0.00075000000000000002 0.00074299999999999995 3.3054718805041494 3.3054718805041494 3.3054718805041494 0.0017524276164692172 0.0017524276164692172 0.0017524276164692172 1 1 1 Converged Converged Converged OK OK OK 68 68 68 68 68 68 4 4 4 0 0 0 0 1 0 0 1
202 202 linear 4 15 1769 2 0.001 1 0.011518776398591437 0.11400683741187521 -0.18613029120839986 -0.23592884843048606 -0.17919074458332918 0.5 0.1905783497048108 3.4177206860865206 OK 13 12 0.32650299999999999 0.244036 0.088274000000000005 0.23400699999999999 0.13089700000000001 0 0.092495999999999995 0.11313899999999999 0.088274000000000005 0.0083619999999999996 0.008208 0.007757 0.065308000000000005 0.086730999999999961 0.06296199999999999 0.0036099999999999999 0.0032889999999999994 0.003117 0.00085900000000000006 0.00084100000000000006 0.00074300000000000006 3.4177087006722124 3.4177087006722124 3.4177087006722124 0.002065293719192206 0.002065293719192206 0.002065293719192206 1 1 1 Converged Converged Converged OK OK OK 68 68 68 68 68 68 4 4 4 0 0 0 0 1 0 0 1
202 202 linear 4 23 1769 3 0.001 1 0.011518776398591437 0.11400683741187521 -0.18613029120839986 -0.23592884843048606 -0.16332892372602481 0.5 0.17471652884750644 3.5334203484794537 OK 13 12 0.32739200000000002 0.221335 0.080154000000000003 0.24337 0.124348 0 0.084022000000000013 0.096987000000000004 0.080154000000000003 0.0083789999999999993 0.0083269999999999993 0.0077790000000000003 0.059326999999999991 0.072474999999999998 0.057153000000000002 0.0030740000000000003 0.0030529999999999997 0.0027000000000000001 0.00095000000000000011 0.00089400000000000005 0.000812 3.5334180685538579 3.5334180685538579 3.5334180685538579 0.0024025718830811772 0.0024025718830811772 0.0024025718830811772 1 1 1 Converged Converged Converged OK OK OK 60 60 60 60 60 60 4 4 4 0 0 0 0 1 0 0 1
202 202 linear 4 0 1769 0 0.0001 1 0.011518776398591437 0.11400683741187521 -0.18613029120839986 -0.23592884843048606 -0.2089316586907749 0.5 0.22031926381225653 3.2105828041071072 OK 13 12 0.34445300000000001 0.34129300000000001 0.104893 0.23158100000000001 0.234343 0 0.112872 0.10695000000000002 0.104893 0.0091819999999999992 0.0091009999999999997 0.0085450000000000005 0.077762999999999999 0.072479000000000016 0.07143300000000001 0.0037529999999999998 0.0037000000000000002 0.0035710000000000004 0.00094899999999999997 0.00094200000000000002 0.00091300000000000007 3.2105809670321737 3.2105809670321737 3.2105809670321737 5.3334642173611983e-05 5.3334642173611983e-05 5.3334642173611983e-05 1 1 1 Converged Converged Converged OK OK OK 76 76 76 76 76 76 4 4 4 0 0 0 0 0 1 0 0
202 202 linear 4 7 1769 1 0.0001 1 0.011518776398591437 0.11400683741187521 -0.18613029120839986 -0.23592884843048606 -0.19505256544063357 0.5 0.20644017056211519 3.3054823722162356 OK 13 12 0.33436300000000002 0.24368100000000001 0.099587999999999996 0.23122200000000001 0.12706700000000001 0 0.10314100000000001 0.116614 0.099587999999999996 0.0082249999999999997 0.0082349999999999993 0.007809 0.074330000000000007 0.087630000000000013 0.071494999999999989 0.0035530000000000002 0.0037790000000000002 0.003607 0.00089500000000000007 0.00088800000000000001 0.00088299999999999989 3.3054804786875618 3.3054804786875618 3.3054804786875618 4.4161640259174271e-05 4.4161640259174271e-05 4.4161640259174271e-05 1 1 1 Converged Converged Converged OK OK OK 76 76 76 76 76 76 4 4 4 0 0 0 0 1 0 0 1
202 202 linear 4 15 1769 2 0.0001 1 0.011518776398591437 0.11400683741187521 -0.18613029120839986 -0.23592884843048606 -0.17919074458332918 0.5 0.1905783497048108 3.4177206860865206 OK 13 12 0.33190199999999997 0.26057599999999997 0.097775000000000001 0.229962 0.13259399999999999 0 0.10193999999999998 0.12798199999999998 0.097775000000000001 0.008267 0.0083070000000000001 0.0077400000000000004 0.072460999999999984 0.093303999999999956 0.069946999999999981 0.0039299999999999995 0.0038499999999999993 0.0036160000000000003 0.00098799999999999973 0.00098499999999999998 0.00090900000000000009 3.4177186655697067 3.4177186655697067 3.4177186655697067 3.9007236227421028e-05 3.9007236227421028e-05 3.9007236227421028e-05 1 1 1 Converged Converged Converged OK OK OK 76 76 76 76 76 76 4 4 4 0 0 0 0 1 0 0 1
202 202 linear 4 23 1769 3 0.0001 1 0.011518776398591437 0.11400683741187521 -0.18613029120839986 -0.23592884843048606 -0.16332892372602481 0.5 0.17471652884750644 3.5334203484794537 OK 13 12 0.34385199999999999 0.248582 0.098628999999999994 0.236738 0.12803999999999999 0 0.10711399999999999 0.12054200000000001 0.098628999999999994 0.0083890000000000006 0.0083800000000000003 0.0077510000000000001 0.077442999999999984 0.091298000000000018 0.070868999999999988 0.0037900000000000008 0.0038539999999999994 0.0036669999999999997 0.00099599999999999992 0.00094399999999999996 0.00090700000000000015 3.5334182083011951 3.5334182083011951 3.5334182083011951 3.8516693434909715e-05 3.8516693434909715e-05 3.8516693434909715e-05 1 1 1 Converged Converged Converged OK OK OK 76 76 76 76 76 76 4 4 4 0 0 0 0 1 0 0 1
202 202 uniform 3 0 1770 0 0.001 1 0.011518776398591437 0.11400683741187521 -0.28268739995985664 -0.15400428016482284 -0.30548876744223169 0 0.31687637256371332 2.9105594484493622 OK 13 12 0.29325600000000002 0.294404 0.054168000000000001 0.23849000000000001 0.23647000000000001 0 0.054766000000000009 0.057933999999999986 0.054168000000000001 0.0090320000000000001 0.012296 0.0087180000000000001 0.032442000000000006 0.032610999999999994 0.032445999999999996 0.001725 0.0017230000000000001 0.0018410000000000002 0.00044599999999999994 0.00044500000000000003 0.00043799999999999997 2.9105584484799163 2.9105584484799163 2.9105584484799163 0.0022336858434676438 0.0022336858434676438 0.0022336858434676438 1 1 1 Converged Converged Converged OK OK OK 44 44 44 44 44 44 4 4 4 0 0 0 0 0 1 0 0
202 202 uniform 3 7 1770 1 0.001 1 0.011518776398591437 0.11400683741187521 -0.28268739995985664 -0.15400428016482284 -0.29160967419209038 0 0.30299727931357201 3.0049830314624191 OK 13 12 0.29930699999999999 0.20231399999999999 0.050548999999999997 0.24727199999999999 0.14021900000000001 0 0.052034999999999998 0.062094999999999984 0.050548999999999997 0.0083499999999999998 0.0083479999999999995 0.0077809999999999997 0.032515000000000002 0.042619000000000004 0.032137999999999993 0.0017949999999999999 0.0018699999999999999 0.001794 0.000455 0.00043399999999999998 0.00042300000000000004 3.0049819866203253 3.0049819866203253 3.0049819866203253 0.0023061637073827908 0.0023061637073827908 0.0023061637073827908 1 1 1 Converged Converged Converged OK OK OK 44 44 44 44 44 44 4 4 4 0 0 0 0 1 0 0 1
202 202 uniform 3 15 1770 2 0.001 1 0.011518776398591437 0.11400683741187521 -0.28268739995985664 -0.15400428016482284 -0.27574785333478596 0 0.28713545845626759 3.1227462476339927 OK 13 12 0.30454399999999998 0.19744700000000001 0.050202999999999998 0.25266899999999998 0.14140800000000001 0 0.051875000000000004 0.056039000000000005 0.050202999999999998 0.0083289999999999996 0.0083730000000000002 0.0077029999999999998 0.032492000000000007 0.036203999999999993 0.031911000000000002 0.0017499999999999998 0.002042 0.001696 0.00043600000000000003 0.000475 0.00042499999999999998 3.1227453059550072 3.1227453059550072 3.1227453059550072 0.0026075115195015736 0.0026075115195015736 0.0026075115195015736 1 1 1 Converged Converged Converged OK OK OK 44 44 44 44 44 44 4 4 4 0 0 0 0 1 0 0 1
202 202 uniform 3 23 1770 3 0.001 1 0.011518776398591437 0.11400683741187521 -0.28268739995985664 -0.15400428016482284 -0.2598860324774816 0 0.27127363759896322 3.2521633035983077 OK 13 12 0.30693300000000001 0.214564 0.063519999999999993 0.24206900000000001 0.13799700000000001 0 0.064864000000000005 0.076566999999999996 0.063519999999999993 0.0082360000000000003 0.0082590000000000007 0.0077099999999999998 0.041675000000000004 0.052770000000000011 0.041262999999999994 0.002532 0.0030509999999999999 0.0024639999999999996 0.00055999999999999995 0.00058 0.00054000000000000001 3.2521618325476398 3.2521618325476398 3.2521618325476398 0.0020254591698269328 0.0020254591698269328 0.0020254591698269328 1 1 1 Converged Converged Converged OK OK OK 60 60 60 60 60 60 4 4 4 0 0 0 0 1 0 0 1
202 202 uniform 3 0 1770 0 0.0001 1 0.011518776398591437 0.11400683741187521 -0.28268739995985664 -0.15400428016482284 -0.30548876744223169 0 0.31687637256371332 2.9105594484493622 OK 13 12 0.32791599999999999 0.33186300000000002 0.090450000000000003 0.23716499999999999 0.240534 0 0.090750999999999998 0.091329000000000021 0.090450000000000003 0.0089969999999999998 0.0091260000000000004 0.0086029999999999995 0.05675800000000001 0.057247999999999986 0.057038000000000012 0.0033270000000000001 0.0033889999999999997 0.003388 0.00084000000000000003 0.00085499999999999997 0.00086399999999999997 2.9105594464684095 2.9105594464684095 2.9105594464684095 0.0001710418074716566 0.0001710418074716566 0.0001710418074716566 1 1 1 Converged Converged Converged OK OK OK 76 76 76 76 76 76 4 4 4 0 0 0 0 0 1 0 0
202 202 uniform 3 7 1770 1 0.0001 1 0.011518776398591437 0.11400683741187521 -0.28268739995985664 -0.15400428016482284 -0.29160967419209038 0 0.30299727931357201 3.0049830314624191 OK 13 12 0.35021200000000002 0.25647599999999998 0.098207000000000003 0.24895400000000001 0.13991899999999999 0 0.10125800000000001 0.11655699999999999 0.098207000000000003 0.0084419999999999999 0.0084110000000000001 0.007894 0.067306000000000019 0.083796000000000009 0.066560999999999995 0.0044039999999999999 0.0041340000000000005 0.0040939999999999995 0.00094699999999999993 0.00089599999999999988 0.000892 3.0049829737314431 3.0049829737314431 3.0049829737314431 4.2094828692741233e-06 4.2094828692741233e-06 4.2094828692741233e-06 1 1 1 Converged Converged Converged OK OK OK 92 92 92 92 92 92 4 4 4 0 0 0 0 1 0 0 1
202 202 uniform 3 15 1770 2 0.0001 1 0.011518776398591437 0.11400683741187521 -0.28268739995985664 -0.15400428016482284 -0.27574785333478596 0 0.28713545845626759 3.1227462476339927 OK 13 12 0.35111999999999999 0.25300899999999998 0.095394999999999994 0.25318499999999999 0.14138100000000001 0 0.097934999999999994 0.11162799999999998 0.095394999999999994 0.0082310000000000005 0.0083330000000000001 0.0078270000000000006 0.065887999999999974 0.079416999999999932 0.065036999999999984 0.0043479999999999994 0.004411 0.0040090000000000004 0.0009639999999999999 0.001016 0.00093000000000000005 3.1227461677670565 3.1227461677670565 3.1227461677670565 5.2657881140998952e-06 5.2657881140998952e-06 5.2657881140998952e-06 1 1 1 Converged Converged Converged OK OK OK 92 92 92 92 92 92 4 4 4 0 0 0 0 1 0 0 1
202 202 uniform 3 23 1770 3 0.0001 1 0.011518776398591437 0.11400683741187521 -0.28268739995985664 -0.15400428016482284 -0.2598860324774816 0 0.27127363759896322 3.2521633035983077 OK 13 12 0.33857700000000002 0.24389 0.089647000000000004 0.24701999999999999 0.137963 0 0.091557000000000027 0.10592699999999999 0.089647000000000004 0.0084150000000000006 0.0083499999999999998 0.00777 0.061405999999999995 0.076042000000000012 0.061043000000000014 0.0038320000000000003 0.0038589999999999996 0.0036549999999999998 0.00083500000000000002 0.00081300000000000003 0.00078199999999999993 3.2521632001845009 3.2521632001845009 3.2521632001845009 0.00028372318909325976 0.00028372318909325976 0.00028372318909325976 1 1 1 Converged Converged Converged OK OK OK 84 84 84 84 84 84 4 4 4 0 0 0 0 1 0 0 1
202 202 uniform 4 0 1771 0 0.001 1 0.011518776398591437 0.11400683741187521 -0.18613029120839986 -0.23592884843048606 -0.2089316586907749 0 0.22031926381225653 3.2143062938335065 OK 13 12 0.29771799999999998 0.29939199999999999 0.063174999999999995 0.233483 0.234398 0 0.064234999999999987 0.064993999999999996 0.063174999999999995 0.0088520000000000005 0.009195 0.0086619999999999996 0.039544999999999997 0.039765999999999996 0.039358999999999998 0.0020370000000000002 0.002232 0.0020950000000000001 0.00055200000000000008 0.00055999999999999995 0.00055699999999999999 3.2143044998282364 3.2143044998282364 3.2143044998282364 0.0024702603776443699 0.0024702603776443699 0.0024702603776443699 1 1 1 Converged Converged Converged OK OK OK 52 52 52 52 52 52 4 4 4 0 0 0 0 0 1 0 0
202 202 uniform 4 7 1771 1 0.001 1 0.011518776398591437 0.11400683741187521 -0.18613029120839986 -0.23592884843048606 -0.19505256544063357 0 0.20644017056211519 3.3096193468765294 OK 13 12 0.29141400000000001 0.196857 0.059487999999999999 0.23002300000000001 0.12604199999999999 0 0.061391000000000001 0.070815000000000017 0.059487999999999999 0.0083719999999999992 0.0082889999999999995 0.0078130000000000005 0.039790000000000013 0.049505000000000014 0.039369000000000001 0.0022130000000000001 0.0021860000000000004 0.0020640000000000003 0.0006379999999999999 0.00061899999999999998 0.00054999999999999992 3.3096174204422231 3.3096174204422231 3.3096174204422231 0.002694720892666203 0.002694720892666203 0.002694720892666203 1 1 1 Converged Converged Converged OK OK OK 52 52 52 52 52 52 4 4 4 0 0 0 0 1 0 0 1
202 202 uniform 4 15 1771 2 0.001 1 0.011518776398591437 0.11400683741187521 -0.18613029120839986 -0.23592884843048606 -0.17919074458332918 0 0.1905783497048108 3.4223999977244781 OK 13 12 0.29126000000000002 0.20693700000000001 0.059147999999999999 0.23017199999999999 0.13081400000000001 0 0.061088000000000031 0.076122999999999996 0.059147999999999999 0.0082649999999999998 0.0083929999999999994 0.0076969999999999998 0.039713999999999985 0.054545999999999997 0.039129000000000011 0.0021599999999999996 0.0022309999999999999 0.0020119999999999999 0.00064199999999999999 0.00068199999999999988 0.00060800000000000003 3.4223979466088594 3.4223979466088594 3.4223979466088594 0.0030758226230984849 0.0030758226230984849 0.0030758226230984849 1 1 1 Converged Converged Converged OK OK OK 52 52 52 52 52 52 4 4 4 0 0 0 0 1 0 0 1
202 202 uniform 4 23 1771 3 0.001 1 0.011518776398591437 0.11400683741187521 -0.18613029120839986 -0.23592884843048606 -0.16332892372602481 0 0.17471652884750644 3.5387270395605701 OK 13 12 0.29964200000000002 0.20097599999999999 0.059637999999999997 0.23802799999999999 0.12514800000000001 0 0.06161400000000003 0.075827999999999979 0.059637999999999997 0.0082240000000000004 0.0082269999999999999 0.0076660000000000001 0.040138000000000014 0.05490299999999998 0.039708000000000007 0.0022160000000000001 0.0020449999999999999 0.0019499999999999999 0.00069499999999999998 0.00066500000000000001 0.00065600000000000012 3.5387249237125062 3.5387249237125062 3.5387249237125062 0.0035326821722816686 0.0035326821722816686 0.0035326821722816686 1 1 1 Converged Converged Converged OK OK OK 52 52 52 52 52 52 4 4 4 0 0 0 0 1 0 0 1
202 202 uniform 4 0 1771 0 0.0001 1 0.011518776398591437 0.11400683741187521 -0.18613029120839986 -0.23592884843048606 -0.2089316586907749 0 0.22031926381225653 3.2143062938335065 OK 13 12 0.32466899999999999 0.32728200000000002 0.089566000000000007 0.234543 0.231126 0 0.090125999999999984 0.096156000000000019 0.089566000000000007 0.0088570000000000003 0.0091050000000000002 0.0085520000000000006 0.056512000000000007 0.061470999999999984 0.056758999999999997 0.0032910000000000001 0.0038660000000000001 0.0034030000000000002 0.00085599999999999999 0.00087699999999999996 0.00085500000000000007 3.2143062710339572 3.2143062710339572 3.2143062710339572 5.366330411022606e-05 5.366330411022606e-05 5.366330411022606e-05 1 1 1 Converged Converged Converged OK OK OK 76 76 76 76 76 76 4 4 4 0 0 0 0 0 1 0 0
202 202 uniform 4 7 1771 1 0.0001 1 0.011518776398591437 0.11400683741187521 -0.18613029120839986 -0.23592884843048606 -0.19505256544063357 0 0.20644017056211519 3.3096193468765294 OK 13 12 0.31617099999999998 0.226911 0.084154999999999994 0.230882 0.12550800000000001 0 0.085288999999999976 0.10140299999999999 0.084154999999999994 0.0083610000000000004 0.008371 0.0078110000000000002 0.056766999999999998 0.072323999999999986 0.056538999999999992 0.0033310000000000002 0.0037109999999999999 0.0032680000000000001 0.00082100000000000001 0.00082899999999999998 0.00078699999999999994 3.3096193144175734 3.3096193144175734 3.3096193144175734 3.6338560016110623e-05 3.6338560016110623e-05 3.6338560016110623e-05 1 1 1 Converged Converged Converged OK OK OK 76 76 76 76 76 76 4 4 4 0 0 0 0 1 0 0 1
202 202 uniform 4 15 1771 2 0.0001 1 0.011518776398591437 0.11400683741187521 -0.18613029120839986 -0.23592884843048606 -0.17919074458332918 0 0.1905783497048108 3.4223999977244781 OK 13 12 0.31181900000000001 0.23971300000000001 0.082317000000000001 0.22864200000000001 0.13214999999999999 0 0.083177000000000001 0.10756300000000002 0.082317000000000001 0.0081709999999999994 0.0084019999999999997 0.0076880000000000004 0.055033999999999972 0.078490000000000004 0.054889999999999987 0.0033160000000000004 0.0036020000000000002 0.0032719999999999997 0.00085500000000000007 0.00098299999999999993 0.00086000000000000009 3.4223999521255939 3.4223999521255939 3.4223999521255939 2.8202637192726258e-05 2.8202637192726258e-05 2.8202637192726258e-05 1 1 1 Converged Converged Converged OK OK OK 76 76 76 76 76 76 4 4 4 0 0 0 0 1 0 0 1
202 202 uniform 4 23 1771 3 0.0001 1 0.011518776398591437 0.11400683741187521 -0.18613029120839986 -0.23592884843048606 -0.16332892372602481 0 0.17471652884750644 3.5387270395605701 OK 13 12 0.32319999999999999 0.230516 0.082997000000000001 0.23469899999999999 0.125057 0 0.088500999999999996 0.105459 0.082997000000000001 0.0081980000000000004 0.0082609999999999992 0.0077419999999999998 0.060319999999999978 0.076569000000000012 0.055928999999999993 0.003271 0.0034869999999999996 0.0031799999999999997 0.00090600000000000012 0.001039 0.00090700000000000004 3.5387269839545397 3.5387269839545397 3.5387269839545397 2.6275707266140011e-05 2.6275707266140011e-05 2.6275707266140011e-05 1 1 1 Converged Converged Converged OK OK OK 76 76 76 76 76 76 4 4 4 0 0 0 0 1 0 0 1
203 203 linear 3 0 1772 0 0.001 1 0.00010981861945968443 0.35408977425392163 0.2155550224836244 -0.53838559463335889 0.14473706763284006 0.5 -0.14462726107218526 2.1022948660463778 OK 12 11 1.4396310000000001 1.42822 0.112275 1.3180689999999999 1.308122 0 0.12156200000000017 0.12009800000000004 0.112275 0.010525 0.010710000000000001 0.0097219999999999997 0.083835999999999994 0.082155999999999979 0.079116999999999979 0.0049939999999999993 0.0053090000000000004 0.0036680000000000003 0.0012570000000000001 0.001312 0.0010450000000000001 2.1022936143044082 2.1022936143044082 2.1022936143044082 0.0011724300249157421 0.0011724300249157421 0.0011724300249157421 1 1 1 Converged Converged Converged OK OK OK 74 74 74 74 74 74 6 6 6 0 0 0 0 0 1 0 0
203 203 linear 3 7 1772 1 0.001 1 0.00010981861945968443 0.35408977425392163 0.2155550224836244 -0.53838559463335889 0.18784364884636098 0.5 -0.18773384228570619 2.0591744446556883 OK 12 11 1.6830799999999999 0.290742 0.113219 1.5584979999999999 0.15931999999999999 0 0.12458199999999997 0.13142200000000001 0.113219 0.0095890000000000003 0.0093769999999999999 0.0080809999999999996 0.090367000000000017 0.098443000000000017 0.084603999999999999 0.0054770000000000001 0.0051130000000000004 0.003715 0.0014759999999999999 0.0014089999999999999 0.0011479999999999999 2.0591728125271866 2.0591728125271866 2.0591728125271866 0.00099176665189282904 0.00099176665189282904 0.00099176665189282904 1 1 1 Converged Converged Converged OK OK OK 82 82 82 82 82 82 6 6 6 0 0 0 0 1 0 0 1
203 203 linear 3 15 1772 2 0.001 1 0.00010981861945968443 0.35408977425392163 0.2155550224836244 -0.53838559463335889 0.23710831309038485 0.5 -0.23699850652973006 2.0020330067775607 OK 12 11 1.7090920000000001 0.270374 0.098302 1.600832 0.160994 0 0.10826000000000002 0.10938000000000001 0.098302 0.0094669999999999997 0.0087709999999999993 0.0079450000000000007 0.079254000000000047 0.082826000000000025 0.074199000000000015 0.0045300000000000002 0.0035229999999999997 0.0030890000000000002 0.0012260000000000001 0.0010480000000000001 0.001013 2.002030397889246 2.002030397889246 2.002030397889246 0.0017770224369679946 0.0017770224369679946 0.0017770224369679946 1 1 1 Converged Converged Converged OK OK OK 74 74 74 74 74 74 6 6 6 0 0 0 0 1 0 0 1
203 203 linear 3 23 1772 3 0.001 1 0.00010981861945968443 0.35408977425392163 0.2155550224836244 -0.53838559463335889 0.28637297733440875 0.5 -0.28626317077375396 1.9396464613545568 OK 11 10 1.84012 0.250778 0.083435999999999996 1.7483230000000001 0.15046799999999999 0 0.091796999999999906 0.10031000000000001 0.083435999999999996 0.009247 0.0089599999999999992 0.0085520000000000006 0.065158000000000021 0.075933 0.060857999999999995 0.0043999999999999994 0.0032300000000000002 0.0026820000000000004 0.001039 0.0010859999999999999 0.00092299999999999999 1.9396444835821567 1.9396444835821567 1.9396444835821567 0.0011175689835443731 0.0011175689835443731 0.0011175689835443731 1 1 1 Converged Converged Converged OK OK OK 67 67 67 67 67 67 5 5 5 0 0 0 0 1 0 0 1
203 203 linear 3 0 1772 0 0.0001 1 0.00010981861945968443 0.35408977425392163 0.2155550224836244 -0.53838559463335889 0.14473706763284006 0.5 -0.14462726107218526 2.1022948660463778 OK 12 11 1.4669669999999999 1.476783 0.14002600000000001 1.3173360000000001 1.3257890000000001 0 0.14963099999999985 0.15099399999999985 0.14002600000000001 0.01052 0.011972999999999999 0.0099290000000000003 0.10339899999999994 0.10293399999999997 0.097159000000000009 0.0069130000000000007 0.0071029999999999999 0.0054310000000000001 0.001647 0.0015739999999999999 0.0014399999999999999 2.102293688876713 2.102293688876713 2.102293688876713 5.6277362732411013e-05 5.6277362732411013e-05 5.6277362732411013e-05 1 1 1 Converged Converged Converged OK OK OK 98 98 98 98 98 98 6 6 6 0 0 0 0 0 1 0 0
203 203 linear 3 7 1772 1 0.0001 1 0.00010981861945968443 0.35408977425392163 0.2155550224836244 -0.53838559463335889 0.18784364884636098 0.5 -0.18773384228570619 2.0591744446556883 OK 12 11 1.7015119999999999 0.32097300000000001 0.12767999999999999 1.5602100000000001 0.16774 0 0.14130199999999982 0.15323300000000001 0.12767999999999999 0.0095580000000000005 0.01038 0.0083750000000000005 0.10368300000000008 0.11602900000000003 0.096497000000000041 0.0073839999999999999 0.0064739999999999997 0.0048249999999999994 0.0015729999999999997 0.0014870000000000003 0.0013780000000000001 2.0591732934471101 2.0591732934471101 2.0591732934471101 1.8441483733920255e-05 1.8441483733920255e-05 1.8441483733920255e-05 1 1 1 Converged Converged Converged OK OK OK 98 98 98 98 98 98 6 6 6 0 0 0 0 1 0 0 1
203 203 linear 3 15 1772 2 0.0001 1 0.00010981861945968443 0.35408977425392163 0.2155550224836244 -0.53838559463335889 0.23710831309038485 0.5 -0.23699850652973006 2.0020330067775607 OK 12 11 1.7159869999999999 0.31563200000000002 0.12753500000000001 1.575169 0.16716500000000001 0 0.14081799999999989 0.14846700000000002 0.12753500000000001 0.0092940000000000002 0.010385999999999999 0.0080800000000000004 0.10416500000000004 0.11306400000000001 0.097324999999999953 0.0068130000000000005 0.0057759999999999999 0.0044359999999999998 0.0015120000000000001 0.0013429999999999998 0.0013009999999999999 2.0020318886055164 2.0020318886055164 2.0020318886055164 1.7913529099578484e-05 1.7913529099578484e-05 1.7913529099578484e-05 1 1 1 Converged Converged Converged OK OK OK 98 98 98 98 98 98 6 6 6 0 0 0 0 1 0 0 1
203 203 linear 3 23 1772 3 0.0001 1 0.00010981861945968443 0.35408977425392163 0.2155550224836244 -0.53838559463335889 0.28637297733440875 0.5 -0.28626317077375396 1.9396464613545568 OK 11 10 1.865758 0.27595799999999998 0.100476 1.740704 0.153559 0 0.125054 0.12239899999999998 0.100476 0.010416 0.0090969999999999992 0.0082640000000000005 0.09114700000000002 0.093848999999999988 0.074788999999999994 0.0054299999999999999 0.0045489999999999992 0.0034979999999999998 0.0018680000000000003 0.001145 0.00098499999999999998 1.9396453129841775 1.9396453129841775 1.9396453129841775 2.1156232975142774e-05 2.1156232975142774e-05 2.1156232975142774e-05 1 1 1 Converged Converged Converged OK OK OK 83 83 83 83 83 83 5 5 5 0 0 0 0 1 0 0 1
203 203 linear 4 0 1773 0 0.001 1 0.00010981861945968443 0.35408977425392163 0.19200288711213617 -0.60379885647795573 0.12118493226135184 0.5 -0.12107512570069705 1.9230325696355224 OK 12 11 2.1138910000000002 2.1201949999999998 0.10929 1.9956400000000001 1.9996210000000001 0 0.11825100000000011 0.12057399999999974 0.10929 0.010317 0.010593999999999999 0.0096089999999999995 0.081088000000000007 0.082951999999999956 0.075912000000000007 0.004934 0.0053609999999999994 0.0034190000000000002 0.0011949999999999999 0.001304 0.00092800000000000011 1.9230315511745912 1.9230315511745912 1.9230315511745912 0.0015614830251720209 0.0015614830251720209 0.0015614830251720209 1 1 1 Converged Converged Converged OK OK OK 74 74 74 74 74 74 6 6 6 0 0 0 0 0 1 0 0
203 203 linear 4 7 1773 1 0.001 1 0.00010981861945968443 0.35408977425392163 0.19200288711213617 -0.60379885647795573 0.16429151347487275 0.5 -0.16418170691421796 1.8968643244301717 OK 12 11 2.1376089999999999 0.283611 0.114195 2.0175800000000002 0.15470800000000001 0 0.12002899999999972 0.12890299999999999 0.114195 0.0094319999999999994 0.0091179999999999994 0.0081010000000000006 0.08589400000000004 0.096799999999999997 0.085327999999999973 0.0056890000000000005 0.0048999999999999998 0.0040140000000000002 0.0014589999999999998 0.0011450000000000002 0.0011100000000000001 1.896863177772621 1.896863177772621 1.896863177772621 0.00074538236119238443 0.00074538236119238443 0.00074538236119238443 1 1 1 Converged Converged Converged OK OK OK 82 82 82 82 82 82 6 6 6 0 0 0 0 1 0 0 1
203 203 linear 4 15 1773 2 0.001 1 0.00010981861945968443 0.35408977425392163 0.19200288711213617 -0.60379885647795573 0.21355617771889662 0.5 -0.21344637115824183 1.8599436856726099 OK 12 11 2.2060580000000001 0.26455200000000001 0.082915000000000003 2.0997889999999999 0.161054 0 0.10626900000000017 0.10349800000000001 0.082915000000000003 0.010045999999999999 0.0087690000000000008 0.0078930000000000007 0.07685199999999999 0.078783999999999979 0.06080300000000001 0.0043410000000000002 0.0034900000000000005 0.0029100000000000003 0.0011230000000000001 0.001024 0.00089899999999999995 1.859942207436178 1.859942207436178 1.859942207436178 0.0011200946826384151 0.0011200946826384151 0.0011200946826384151 1 1 1 Converged Converged Converged OK OK OK 67 67 67 67 67 67 5 5 5 0 0 0 0 1 0 0 1
203 203 linear 4 23 1773 3 0.001 1 0.00010981861945968443 0.35408977425392163 0.19200288711213617 -0.60379885647795573 0.26282084196292049 0.5 -0.2627110354022657 1.8174322593619507 OK 12 11 2.2152949999999998 0.25299700000000003 0.082237000000000005 2.1055540000000001 0.15390300000000001 0 0.10974099999999964 0.099094000000000015 0.082237000000000005 0.01076 0.008489 0.0077780000000000002 0.079865999999999979 0.075478999999999977 0.060555999999999957 0.0043829999999999997 0.0030739999999999995 0.0026999999999999997 0.0011230000000000001 0.001003 0.000861 1.8174310195557308 1.8174310195557308 1.8174310195557308 0.00073608709178788921 0.00073608709178788921 0.00073608709178788921 1 1 1 Converged Converged Converged OK OK OK 67 67 67 67 67 67 5 5 5 0 0 0 0 1 0 0 1
203 203 linear 4 0 1773 0 0.0001 1 0.00010981861945968443 0.35408977425392163 0.19200288711213617 -0.60379885647795573 0.12118493226135184 0.5 -0.12107512570069705 1.9230325696355224 OK 12 11 2.140692 2.1505619999999999 0.13561100000000001 1.9895700000000001 2.0032649999999999 0 0.15112199999999998 0.14729700000000001 0.13561100000000001 0.010241999999999999 0.010396000000000001 0.0095569999999999995 0.10608900000000002 0.101398 0.094292000000000001 0.0068820000000000001 0.0070229999999999997 0.0053419999999999995 0.0015470000000000002 0.0015860000000000002 0.0013309999999999999 1.9230314189100812 1.9230314189100812 1.9230314189100812 3.6670416831991733e-05 3.6670416831991733e-05 3.6670416831991733e-05 1 1 1 Converged Converged Converged OK OK OK 98 98 98 98 98 98 6 6 6 0 0 0 0 0 1 0 0
203 203 linear 4 7 1773 1 0.0001 1 0.00010981861945968443 0.35408977425392163 0.19200288711213617 -0.60379885647795573 0.16429151347487275 0.5 -0.16418170691421796 1.8968643244301717 OK 12 11 2.1740590000000002 0.30239500000000002 0.12316199999999999 2.03809 0.15367500000000001 0 0.13596900000000023 0.14872000000000002 0.12316199999999999 0.0094739999999999998 0.013638000000000001 0.008182 0.099040000000000017 0.10856199999999998 0.09233599999999996 0.0070739999999999996 0.00696 0.0047469999999999995 0.001586 0.0014030000000000002 0.0012090000000000002 1.8968631993756071 1.8968631993756071 1.8968631993756071 1.0163944512752853e-05 1.0163944512752853e-05 1.0163944512752853e-05 1 1 1 Converged Converged Converged OK OK OK 98 98 98 98 98 98 6 6 6 0 0 0 0 1 0 0 1
203 203 linear 4 15 1773 2 0.0001 1 0.00010981861945968443 0.35408977425392163 0.19200288711213617 -0.60379885647795573 0.21355617771889662 0.5 -0.21344637115824183 1.8599436856726099 OK 12 11 2.2312370000000001 0.28708299999999998 0.10136100000000001 2.1074619999999999 0.16006999999999999 0 0.12377500000000019 0.12701299999999999 0.10136100000000001 0.0089009999999999992 0.0088190000000000004 0.0078960000000000002 0.091430999999999998 0.098109000000000043 0.075815000000000007 0.0054790000000000004 0.0049970000000000006 0.0036170000000000004 0.0021529999999999995 0.0012930000000000001 0.0011310000000000001 1.8599425410169645 1.8599425410169645 1.8599425410169645 6.7408350030179096e-06 6.7408350030179096e-06 6.7408350030179096e-06 1 1 1 Converged Converged Converged OK OK OK 83 83 83 83 83 83 5 5 5 0 0 0 0 1 0 0 1
203 203 linear 4 23 1773 3 0.0001 1 0.00010981861945968443 0.35408977425392163 0.19200288711213617 -0.60379885647795573 0.26282084196292049 0.5 -0.2627110354022657 1.8174322593619507 OK 12 11 2.2228759999999999 0.27523700000000001 0.100304 2.1109429999999998 0.155779 0 0.11193300000000006 0.11945800000000001 0.100304 0.0090489999999999998 0.0086709999999999999 0.0079249999999999998 0.081002000000000005 0.091729999999999992 0.075525999999999982 0.005888 0.0042929999999999999 0.0033149999999999994 0.0013029999999999999 0.001163 0.00097199999999999999 1.8174311515052437 1.8174311515052437 1.8174311515052437 9.2325767711054607e-06 9.2325767711054607e-06 9.2325767711054607e-06 1 1 1 Converged Converged Converged OK OK OK 83 83 83 83 83 83 5 5 5 0 0 0 0 1 0 0 1
203 203 uniform 3 0 1774 0 0.001 1 0.00010981861945968443 0.35408977425392163 0.2155550224836244 -0.53838559463335889 0.14473706763284006 0 -0.14462726107218526 2.1125403740008619 OK 12 11 1.4134370000000001 1.3973789999999999 0.087636000000000006 1.3205309999999999 1.3042119999999999 0 0.092906000000000155 0.093167 0.087636000000000006 0.010494 0.010670000000000001 0.0097710000000000002 0.05872900000000001 0.059001000000000005 0.056906000000000026 0.0044539999999999996 0.0043629999999999997 0.0028719999999999996 0.00088800000000000001 0.00092800000000000001 0.00081799999999999993 2.1125406530606168 2.1125406530606168 2.1125406530606168 0.0019713195076932347 0.0019713195076932347 0.0019713195076932347 1 1 1 Converged Converged Converged OK OK OK 66 66 66 66 66 66 6 6 6 0 0 0 0 0 1 0 0
203 203 uniform 3 7 1774 1 0.001 1 0.00010981861945968443 0.35408977425392163 0.2155550224836244 -0.53838559463335889 0.18784364884636098 0 -0.18773384228570619 2.0686384544070222 OK 12 11 1.656577 0.26841999999999999 0.086881 1.558465 0.158827 0 0.098111999999999977 0.109593 0.086881 0.0095289999999999993 0.0093810000000000004 0.0082810000000000002 0.06665699999999998 0.079171000000000019 0.060647999999999994 0.0045909999999999996 0.004581 0.0028610000000000007 0.0011539999999999999 0.0011950000000000001 0.00095199999999999994 2.0686378710294977 2.0686378710294977 2.0686378710294977 0.0019139204513136127 0.0019139204513136127 0.0019139204513136127 1 1 1 Converged Converged Converged OK OK OK 74 74 74 74 74 74 6 6 6 0 0 0 0 1 0 0 1
203 203 uniform 3 15 1774 2 0.001 1 0.00010981861945968443 0.35408977425392163 0.2155550224836244 -0.53838559463335889 0.23710831309038485 0 -0.23699850652973006 2.0105255476388391 OK 12 11 1.660463 0.25306600000000001 0.081495999999999999 1.5704750000000001 0.16053799999999999 0 0.089987999999999957 0.092528000000000027 0.081495999999999999 0.0092200000000000008 0.0089169999999999996 0.0079749999999999995 0.060965000000000005 0.066180000000000017 0.057597999999999983 0.0044929999999999996 0.0034749999999999998 0.002807 0.0012409999999999999 0.001085 0.00088900000000000003 2.0105238638984879 2.0105238638984879 2.0105238638984879 0.0018060811379221058 0.0018060811379221058 0.0018060811379221058 1 1 1 Converged Converged Converged OK OK OK 74 74 74 74 74 74 6 6 6 0 0 0 0 1 0 0 1
203 203 uniform 3 23 1774 3 0.001 1 0.00010981861945968443 0.35408977425392163 0.2155550224836244 -0.53838559463335889 0.28637297733440875 0 -0.28626317077375396 1.9471573420795361 OK 11 10 1.831216 0.24609400000000001 0.078218999999999997 1.7465470000000001 0.15081900000000001 0 0.084668999999999883 0.095274999999999999 0.078218999999999997 0.0091999999999999998 0.0090469999999999995 0.0082559999999999995 0.055496999999999998 0.068221999999999977 0.053766999999999988 0.0049049999999999996 0.0035499999999999998 0.0029310000000000004 0.0010579999999999999 0.00099500000000000001 0.00091000000000000011 1.9471573400939586 1.9471573400939586 1.9471573400939586 0.00098648100014955245 0.00098648100014955245 0.00098648100014955245 1 1 1 Converged Converged Converged OK OK OK 75 75 75 75 75 75 5 5 5 0 0 0 0 1 0 0 1
203 203 uniform 3 0 1774 0 0.0001 1 0.00010981861945968443 0.35408977425392163 0.2155550224836244 -0.53838559463335889 0.14473706763284006 0 -0.14462726107218526 2.1125403740008619 OK 12 11 1.440896 1.4490099999999999 0.114117 1.3182240000000001 1.3083359999999999 0 0.12267199999999989 0.14067399999999997 0.114117 0.010741000000000001 0.010518 0.0096819999999999996 0.076904999999999973 0.091608999999999996 0.074003000000000013 0.0068060000000000004 0.0065390000000000005 0.0046340000000000001 0.001513 0.001531 0.0011749999999999998 2.1125403636602047 2.1125403636602047 2.1125403636602047 5.799266521845358e-05 5.799266521845358e-05 5.799266521845358e-05 1 1 1 Converged Converged Converged OK OK OK 98 98 98 98 98 98 6 6 6 0 0 0 0 0 1 0 0
203 203 uniform 3 7 1774 1 0.0001 1 0.00010981861945968443 0.35408977425392163 0.2155550224836244 -0.53838559463335889 0.18784364884636098 0 -0.18773384228570619 2.0686384544070222 OK 12 11 1.672604 0.302786 0.103309 1.559607 0.16639000000000001 0 0.11299700000000001 0.13639599999999999 0.103309 0.0094889999999999992 0.0095300000000000003 0.008182 0.076788000000000037 0.09906899999999999 0.073428999999999994 0.0064960000000000009 0.005463 0.0040569999999999998 0.001529 0.0013289999999999999 0.0012179999999999999 2.0686384356199996 2.0686384356199996 2.0686384356199996 2.144397163993817e-05 2.144397163993817e-05 2.144397163993817e-05 1 1 1 Converged Converged Converged OK OK OK 98 98 98 98 98 98 6 6 6 0 0 0 0 1 0 0 1
203 203 uniform 3 15 1774 2 0.0001 1 0.00010981861945968443 0.35408977425392163 0.2155550224836244 -0.53838559463335889 0.23710831309038485 0 -0.23699850652973006 2.0105255476388391 OK 12 11 1.693004 0.29253499999999999 0.103869 1.5795140000000001 0.16669700000000001 0 0.11348999999999987 0.12583799999999998 0.103869 0.0092639999999999997 0.0099979999999999999 0.0079690000000000004 0.077766999999999975 0.091355999999999951 0.074617000000000017 0.0067530000000000003 0.0048769999999999994 0.0038070000000000001 0.001436 0.0013780000000000001 0.001266 2.0105255108448286 2.0105255108448286 2.0105255108448286 2.027258993834399e-05 2.027258993834399e-05 2.027258993834399e-05 1 1 1 Converged Converged Converged OK OK OK 98 98 98 98 98 98 6 6 6 0 0 0 0 1 0 0 1
203 203 uniform 3 23 1774 3 0.0001 1 0.00010981861945968443 0.35408977425392163 0.2155550224836244 -0.53838559463335889 0.28637297733440875 0 -0.28626317077375396 1.9471573420795361 OK 11 10 1.8345089999999999 0.26148100000000002 0.082346000000000003 1.7440420000000001 0.15770799999999999 0 0.090466999999999853 0.10377300000000003 0.082346000000000003 0.0092300000000000004 0.0091090000000000008 0.0081910000000000004 0.060718999999999995 0.076686000000000018 0.057436000000000001 0.0050429999999999997 0.003617 0.0030559999999999997 0.0011710000000000002 0.00109 0.0010950000000000001 1.9471572866174887 1.9471572866174887 1.9471572866174887 2.3746310865977738e-05 2.3746310865977738e-05 2.3746310865977738e-05 1 1 1 Converged Converged Converged OK OK OK 83 83 83 83 83 83 5 5 5 0 0 0 0 1 0 0 1
203 203 uniform 4 0 1775 0 0.001 1 0.00010981861945968443 0.35408977425392163 0.19200288711213617 -0.60379885647795573 0.12118493226135184 0 -0.12107512570069705 1.9302937765369614 OK 12 11 2.0881850000000002 2.0806260000000001 0.086805999999999994 1.998027 1.987177 0 0.090158000000000182 0.093449000000000115 0.086805999999999994 0.010237 0.010508999999999999 0.012474000000000001 0.056360000000000007 0.058038000000000013 0.053769000000000004 0.0041479999999999998 0.0041969999999999993 0.0027819999999999998 0.0011490000000000001 0.0011180000000000001 0.00096999999999999994 1.9302940289008861 1.9302940289008861 1.9302940289008861 0.0017189586633266408 0.0017189586633266408 0.0017189586633266408 1 1 1 Converged Converged Converged OK OK OK 66 66 66 66 66 66 6 6 6 0 0 0 0 0 1 0 0
203 203 uniform 4 7 1775 1 0.001 1 0.00010981861945968443 0.35408977425392163 0.19200288711213617 -0.60379885647795573 0.16429151347487275 0 -0.16418170691421796 1.9037459928245641 OK 12 11 2.1241089999999998 0.27784900000000001 0.085694999999999993 2.0329060000000001 0.15871499999999999 0 0.091202999999999701 0.11913400000000002 0.085694999999999993 0.0094280000000000006 0.010021 0.0093380000000000008 0.059616000000000002 0.081991000000000008 0.057661000000000018 0.0046619999999999995 0.0046670000000000001 0.00316 0.0012649999999999998 0.0012409999999999999 0.0010869999999999999 1.9037461590387923 1.9037461590387923 1.9037461590387923 0.0015707197540988412 0.0015707197540988412 0.0015707197540988412 1 1 1 Converged Converged Converged OK OK OK 74 74 74 74 74 74 6 6 6 0 0 0 0 1 0 0 1
203 203 uniform 4 15 1775 2 0.001 1 0.00010981861945968443 0.35408977425392163 0.19200288711213617 -0.60379885647795573 0.21355617771889662 0 -0.21344637115824183 1.8663118953315811 OK 12 11 2.1805620000000001 0.26779399999999998 0.072289000000000006 2.0947369999999998 0.16537299999999999 0 0.085825000000000262 0.10242099999999998 0.072289000000000006 0.010064999999999999 0.0098449999999999996 0.0091599999999999997 0.055738000000000003 0.075545000000000001 0.048695000000000009 0.0040940000000000004 0.0034079999999999996 0.0024879999999999998 0.0010759999999999999 0.0010270000000000001 0.00099500000000000001 1.8663114667812564 1.8663114667812564 1.8663114667812564 0.0010806852403264383 0.0010806852403264383 0.0010806852403264383 1 1 1 Converged Converged Converged OK OK OK 67 67 67 67 67 67 5 5 5 0 0 0 0 1 0 0 1
203 203 uniform 4 23 1775 3 0.001 1 0.00010981861945968443 0.35408977425392163 0.19200288711213617 -0.60379885647795573 0.26282084196292049 0 -0.2627110354022657 1.823240291836475 OK 12 11 2.1846709999999998 0.25281100000000001 0.068672999999999998 2.108412 0.159248 0 0.076258999999999855 0.093563000000000007 0.068672999999999998 0.0089449999999999998 0.0097470000000000005 0.0078200000000000006 0.049649999999999979 0.067270000000000024 0.047365000000000018 0.0040790000000000002 0.0028630000000000005 0.0022899999999999999 0.0010580000000000001 0.0010939999999999999 0.0008830000000000001 1.8232400672765772 1.8232400672765772 1.8232400672765772 0.00070038519158507732 0.00070038519158507732 0.00070038519158507732 1 1 1 Converged Converged Converged OK OK OK 67 67 67 67 67 67 5 5 5 0 0 0 0 1 0 0 1
203 203 uniform 4 0 1775 0 0.0001 1 0.00010981861945968443 0.35408977425392163 0.19200288711213617 -0.60379885647795573 0.12118493226135184 0 -0.12107512570069705 1.9302937765369614 OK 12 11 2.1205970000000001 2.121991 0.117089 1.996129 2.0021599999999999 0 0.12446800000000002 0.11983100000000002 0.117089 0.01064 0.010593 0.010900999999999999 0.076672999999999977 0.073933000000000013 0.073946000000000012 0.0066620000000000004 0.0068030000000000009 0.0051010000000000005 0.0017049999999999997 0.0015770000000000001 0.0014259999999999998 1.9302937176365567 1.9302937176365567 1.9302937176365567 3.6955120612402587e-05 3.6955120612402587e-05 3.6955120612402587e-05 1 1 1 Converged Converged Converged OK OK OK 98 98 98 98 98 98 6 6 6 0 0 0 0 0 1 0 0
203 203 uniform 4 7 1775 1 0.0001 1 0.00010981861945968443 0.35408977425392163 0.19200288711213617 -0.60379885647795573 0.16429151347487275 0 -0.16418170691421796 1.9037459928245641 OK 12 11 2.1392579999999999 0.29242400000000002 0.103954 2.0308980000000001 0.154976 0 0.10835999999999979 0.13744800000000001 0.103954 0.0093889999999999998 0.0097439999999999992 0.0093959999999999998 0.072785999999999948 0.097878000000000007 0.07183699999999997 0.006352 0.0059180000000000005 0.0044289999999999998 0.001441 0.0014910000000000001 0.0013290000000000001 1.9037459300232966 1.9037459300232966 1.9037459300232966 1.1620671571856287e-05 1.1620671571856287e-05 1.1620671571856287e-05 1 1 1 Converged Converged Converged OK OK OK 98 98 98 98 98 98 6 6 6 0 0 0 0 1 0 0 1
203 203 uniform 4 15 1775 2 0.0001 1 0.00010981861945968443 0.35408977425392163 0.19200288711213617 -0.60379885647795573 0.21355617771889662 0 -0.21344637115824183 1.8663118953315811 OK 12 11 2.2051810000000001 0.28593400000000002 0.087010000000000004 2.099863 0.163525 0 0.10531800000000002 0.12240900000000002 0.087010000000000004 0.010201999999999999 0.009887 0.0090720000000000002 0.068433999999999981 0.091801999999999995 0.060589000000000011 0.005195 0.0041930000000000005 0.0033160000000000004 0.0016800000000000001 0.0013259999999999999 0.00117 1.8663118294265966 1.8663118294265966 1.8663118294265966 6.7177566358654845e-06 6.7177566358654845e-06 6.7177566358654845e-06 1 1 1 Converged Converged Converged OK OK OK 83 83 83 83 83 83 5 5 5 0 0 0 0 1 0 0 1
203 203 uniform 4 23 1775 3 0.0001 1 0.00010981861945968443 0.35408977425392163 0.19200288711213617 -0.60379885647795573 0.26282084196292049 0 -0.2627110354022657 1.823240291836475 OK 12 11 2.2297950000000002 0.26588299999999998 0.085961999999999997 2.138112 0.15939500000000001 0 0.091683000000000181 0.10648799999999997 0.085961999999999997 0.0090910000000000001 0.0097029999999999998 0.0089910000000000007 0.061608000000000017 0.078217000000000009 0.060095999999999997 0.005391 0.0037910000000000001 0.0029840000000000001 0.0011530000000000002 0.0011800000000000001 0.0010579999999999999 1.8232402239224661 1.8232402239224661 1.8232402239224661 9.4603276505822191e-06 9.4603276505822191e-06 9.4603276505822191e-06 1 1 1 Converged Converged Converged OK OK OK 83 83 83 83 83 83 5 5 5 0 0 0 0 1 0 0 1
204 204 linear 3 0 1776 0 0.001 1 0.00098284180627716236 0.36652087487597323 -0.26418038448230147 -0.4302287905176243 -0.33748455945749611 0.5 0.33846643623422851 2.1458710541345649 OK 13 12 0.38502999999999998 0.38497100000000001 0.091675999999999994 0.29155500000000001 0.291186 0 0.093474999999999975 0.093785000000000007 0.091675999999999994 0.0095790000000000007 0.010311000000000001 0.0096340000000000002 0.064155999999999963 0.06303700000000001 0.062159000000000006 0.0027419999999999996 0.0031190000000000002 0.0029970000000000005 0.00068900000000000005 0.00097499999999999996 0.000812 2.1458698500695208 2.1458698500695208 2.1458698500695208 0.0010112579897791039 0.0010112579897791039 0.0010112579897791039 1 1 1 Converged Converged Converged OK OK OK 59 59 59 59 59 59 5 5 5 0 0 0 0 0 1 0 0
204 204 linear 3 7 1776 1 0.001 1 0.00098284180627716236 0.36652087487597323 -0.26418038448230147 -0.4302287905176243 -0.29286462686389936 0.5 0.29384650364063175 2.2512647428181758 OK 13 12 0.390094 0.238042 0.088488999999999998 0.29822100000000001 0.14400199999999999 0 0.091872999999999982 0.094040000000000012 0.088488999999999998 0.0088999999999999999 0.0089789999999999991 0.0082220000000000001 0.066744999999999985 0.068665000000000004 0.064427999999999999 0.0027669999999999999 0.0030209999999999998 0.002931 0.00072400000000000003 0.000745 0.00078200000000000003 2.2512633088658531 2.2512633088658531 2.2512633088658531 0.0010207010524113981 0.0010207010524113981 0.0010207010524113981 1 1 1 Converged Converged Converged OK OK OK 59 59 59 59 59 59 5 5 5 0 0 0 0 1 0 0 1
204 204 linear 3 15 1776 2 0.001 1 0.00098284180627716236 0.36652087487597323 -0.26418038448230147 -0.4302287905176243 -0.24187041818550309 0.5 0.24285229496223545 2.3756491953654266 OK 12 11 0.38260300000000003 0.240365 0.088201000000000002 0.29050100000000001 0.14544399999999999 0 0.092102000000000017 0.094921000000000005 0.088201000000000002 0.0089879999999999995 0.0088789999999999997 0.0081440000000000002 0.066744000000000012 0.069250000000000006 0.064609999999999987 0.002836 0.0032499999999999999 0.0027409999999999999 0.00072199999999999999 0.00075000000000000002 0.00066799999999999997 2.3756476000343905 2.3756476000343905 2.3756476000343905 0.0016679515256860689 0.0016679515256860689 0.0016679515256860689 1 1 1 Converged Converged Converged OK OK OK 59 59 59 59 59 59 5 5 5 0 0 0 0 1 0 0 1
204 204 linear 3 23 1776 3 0.001 1 0.00098284180627716236 0.36652087487597323 -0.26418038448230147 -0.4302287905176243 -0.19087620950710682 0.5 0.19185808628383919 2.4985690507762461 OK 12 11 0.37919700000000001 0.23672899999999999 0.081498000000000001 0.292771 0.14637600000000001 0 0.086426000000000003 0.090352999999999989 0.081498000000000001 0.0087799999999999996 0.0086920000000000001 0.0080630000000000007 0.063543999999999989 0.067730000000000026 0.059937000000000018 0.0025950000000000001 0.0025209999999999998 0.0024169999999999999 0.00056700000000000001 0.00059099999999999995 0.00061600000000000001 2.4985765178125909 2.4985765178125909 2.4985765178125909 0.0010812634543160362 0.0010812634543160362 0.0010812634543160362 1 1 1 Converged Converged Converged OK OK OK 51 51 51 51 51 51 5 5 5 0 0 0 0 1 0 0 1
204 204 linear 3 0 1776 0 0.0001 1 0.00098284180627716236 0.36652087487597323 -0.26418038448230147 -0.4302287905176243 -0.33748455945749611 0.5 0.33846643623422851 2.1458710541345649 OK 13 12 0.43057899999999999 0.42402299999999998 0.13067899999999999 0.28930800000000001 0.29151300000000002 0 0.14127099999999998 0.13250999999999996 0.13067899999999999 0.011639999999999999 0.010059 0.0095189999999999997 0.098840999999999998 0.093151999999999999 0.092660999999999993 0.004803 0.0046909999999999999 0.0042629999999999994 0.0012269999999999998 0.0011439999999999998 0.0010640000000000001 2.14586983445558 2.14586983445558 2.14586983445558 9.673208788264728e-05 9.673208788264728e-05 9.673208788264728e-05 1 1 1 Converged Converged Converged OK OK OK 83 83 83 83 83 83 5 5 5 0 0 0 0 0 1 0 0
204 204 linear 3 7 1776 1 0.0001 1 0.00098284180627716236 0.36652087487597323 -0.26418038448230147 -0.4302287905176243 -0.29286462686389936 0.5 0.29384650364063175 2.2512647428181758 OK 13 12 0.41861999999999999 0.27236700000000003 0.116788 0.29744399999999999 0.14382900000000001 0 0.12117600000000001 0.12853800000000001 0.116788 0.0087010000000000004 0.0088819999999999993 0.0082730000000000008 0.090822999999999959 0.097642000000000048 0.087523999999999963 0.0038260000000000004 0.0041029999999999999 0.0039110000000000004 0.00091100000000000013 0.00089799999999999993 0.00091200000000000005 2.2512633204408488 2.2512633204408488 2.2512633204408488 0.00021655812637913225 0.00021655812637913225 0.00021655812637913225 1 1 1 Converged Converged Converged OK OK OK 75 75 75 75 75 75 5 5 5 0 0 0 0 1 0 0 1
204 204 linear 3 15 1776 2 0.0001 1 0.00098284180627716236 0.36652087487597323 -0.26418038448230147 -0.4302287905176243 -0.24187041818550309 0.5 0.24285229496223545 2.3756491953654266 OK 12 11 0.413771 0.27113399999999999 0.116295 0.28987000000000002 0.145535 0 0.12390099999999998 0.12559899999999999 0.116295 0.0089409999999999993 0.0090340000000000004 0.0082109999999999995 0.093533999999999992 0.094896000000000008 0.087125000000000064 0.0038530000000000001 0.003999 0.0038960000000000002 0.00082899999999999988 0.00090699999999999993 0.00088599999999999985 2.3756473951479569 2.3756473951479569 2.3756473951479569 6.0806648337403736e-05 6.0806648337403736e-05 6.0806648337403736e-05 1 1 1 Converged Converged Converged OK OK OK 75 75 75 75 75 75 5 5 5 0 0 0 0 1 0 0 1
204 204 linear 3 23 1776 3 0.0001 1 0.00098284180627716236 0.36652087487597323 -0.26418038448230147 -0.4302287905176243 -0.19087620950710682 0.5 0.19185808628383919 2.4985690507762461 OK 12 11 0.40251599999999998 0.26538899999999999 0.106834 0.28804600000000002 0.144432 0 0.11446999999999996 0.12095699999999998 0.106834 0.0087180000000000001 0.0090229999999999998 0.0080309999999999999 0.087975999999999971 0.093741000000000005 0.081875000000000003 0.0035789999999999997 0.003968000000000001 0.0033609999999999998 0.00070100000000000002 0.00085800000000000004 0.00069999999999999999 2.4985668509009877 2.4985668509009877 2.4985668509009877 0.00019607925992704814 0.00019607925992704814 0.00019607925992704814 1 1 1 Converged Converged Converged OK OK OK 67 67 67 67 67 67 5 5 5 0 0 0 0 1 0 0 1
204 204 linear 4 0 1777 0 0.001 1 0.00098284180627716236 0.36652087487597323 0.6093317416414914 -0.34513914321239697 0.53602756666629681 0.5 -0.53504568988956447 1.8737655363791519 OK 14 13 0.45802799999999999 0.45464100000000002 0.13586599999999999 0.31946000000000002 0.31768400000000002 0 0.13856799999999997 0.136957 0.13586599999999999 0.0096419999999999995 0.0099989999999999992 0.0095610000000000001 0.10721700000000001 0.10454999999999999 0.104338 0.0027150000000000004 0.0032269999999999998 0.00296 0.00085699999999999991 0.00087600000000000004 0.00082700000000000004 1.8737653107924654 1.8737653107924654 1.8737653107924654 0.0012474285147761354 0.0012474285147761354 0.0012474285147761354 1 1 1 Converged Converged Converged OK OK OK 80 80 80 80 80 80 8 8 8 0 0 0 0 0 1 0 0
204 204 linear 4 7 1777 1 0.001 1 0.00098284180627716236 0.36652087487597323 0.6093317416414914 -0.34513914321239697 0.58064749925989345 0.5 -0.57966562248316111 1.7854232297003818 OK 14 13 0.47027000000000002 0.317965 0.132991 0.33354099999999998 0.175979 0 0.13672900000000004 0.141986 0.132991 0.0086770000000000007 0.012086 0.0081600000000000006 0.108857 0.11131799999999994 0.10587199999999998 0.0035729999999999998 0.0035370000000000002 0.00381 0.0009369999999999999 0.00094999999999999989 0.00095500000000000001 1.7854218828331669 1.7854218828331669 1.7854218828331669 0.00057898130049490121 0.00057898130049490121 0.00057898130049490121 1 1 1 Converged Converged Converged OK OK OK 89 89 89 89 89 89 7 7 7 0 0 0 0 1 0 0 1
204 204 linear 4 15 1777 2 0.001 1 0.00098284180627716236 0.36652087487597323 0.6093317416414914 -0.34513914321239697 0.63164170793828978 0.5 -0.63065983116155744 1.6972343654975031 OK 14 13 0.429481 0.26911000000000002 0.11915000000000001 0.30661500000000003 0.145233 0 0.12286599999999998 0.12387700000000001 0.11915000000000001 0.0086 0.0085599999999999999 0.0080499999999999999 0.10034699999999999 0.101425 0.097295000000000006 0.0023270000000000001 0.0023599999999999997 0.0025970000000000003 0.00068900000000000005 0.00071699999999999997 0.00073999999999999999 1.6972315647555387 1.6972315647555387 1.6972315647555387 0.0015620476156324656 0.0015620476156324656 0.0015620476156324656 1 1 1 Converged Converged Converged OK OK OK 73 73 73 73 73 73 7 7 7 0 0 0 0 1 0 0 1
204 204 linear 4 23 1777 3 0.001 1 0.00098284180627716236 0.36652087487597323 0.6093317416414914 -0.34513914321239697 0.68263591661668599 0.5 -0.68165403983995365 1.6206971212850769 OK 14 13 0.44231199999999998 0.29142499999999999 0.123769 0.31443700000000002 0.15767300000000001 0 0.12787499999999996 0.13375199999999998 0.123769 0.0085450000000000005 0.0087089999999999997 0.0079559999999999995 0.10548199999999996 0.11037200000000001 0.10232500000000003 0.002467 0.0030530000000000002 0.00249 0.00070799999999999997 0.00079699999999999997 0.00069499999999999998 1.6206941825669976 1.6206941825669976 1.6206941825669976 0.0012722334005706693 0.0012722334005706693 0.0012722334005706693 1 1 1 Converged Converged Converged OK OK OK 73 73 73 73 73 73 7 7 7 0 0 0 0 1 0 0 1
204 204 linear 4 0 1777 0 0.0001 1 0.00098284180627716236 0.36652087487597323 0.6093317416414914 -0.34513914321239697 0.53602756666629681 0.5 -0.53504568988956447 1.8737655363791519 OK 14 13 0.52830699999999997 0.518652 0.200933 0.324349 0.31873699999999999 0 0.20395799999999997 0.19991500000000001 0.200933 0.0095569999999999995 0.0098029999999999992 0.0096469999999999993 0.15489699999999992 0.15054500000000007 0.15051200000000001 0.0059630000000000004 0.0057669999999999996 0.0065490000000000001 0.0014769999999999998 0.0015190000000000002 0.001472 1.8737644389250905 1.8737644389250905 1.8737644389250905 7.8052275224249902e-06 7.8052275224249902e-06 7.8052275224249902e-06 1 1 1 Converged Converged Converged OK OK OK 136 136 136 136 136 136 8 8 8 0 0 0 0 0 1 0 0
204 204 linear 4 7 1777 1 0.0001 1 0.00098284180627716236 0.36652087487597323 0.6093317416414914 -0.34513914321239697 0.58064749925989345 0.5 -0.57966562248316111 1.7854232297003818 OK 14 13 0.49651699999999999 0.34382499999999999 0.15650500000000001 0.335393 0.17818500000000001 0 0.16112399999999999 0.16563999999999998 0.15650500000000001 0.008633 0.008685 0.0082229999999999994 0.13042999999999996 0.13338399999999995 0.12605399999999997 0.0043730000000000002 0.0056240000000000005 0.0045580000000000004 0.0012030000000000001 0.001286 0.001291 1.7854220697959036 1.7854220697959036 1.7854220697959036 0.00016390159102212066 0.00016390159102212066 0.00016390159102212066 1 1 1 Converged Converged Converged OK OK OK 113 113 113 113 113 113 7 7 7 0 0 0 0 1 0 0 1
204 204 linear 4 15 1777 2 0.0001 1 0.00098284180627716236 0.36652087487597323 0.6093317416414914 -0.34513914321239697 0.63164170793828978 0.5 -0.63065983116155744 1.6972343654975031 OK 14 13 0.47851500000000002 0.32350699999999999 0.162275 0.310977 0.14830599999999999 0 0.16753800000000002 0.175201 0.162275 0.0086960000000000006 0.0087430000000000008 0.0080630000000000007 0.13670399999999999 0.14333800000000002 0.13248000000000001 0.0044250000000000001 0.0049539999999999992 0.0045069999999999997 0.0011709999999999999 0.00132 0.0011510000000000001 1.6972333363990313 1.6972333363990313 1.6972333363990313 6.4865980793125681e-05 6.4865980793125681e-05 6.4865980793125681e-05 1 1 1 Converged Converged Converged OK OK OK 113 113 113 113 113 113 7 7 7 0 0 0 0 1 0 0 1
204 204 linear 4 23 1777 3 0.0001 1 0.00098284180627716236 0.36652087487597323 0.6093317416414914 -0.34513914321239697 0.68263591661668599 0.5 -0.68165403983995365 1.6206971212850769 OK 14 13 0.48500199999999999 0.34092600000000001 0.167268 0.31209799999999999 0.15410499999999999 0 0.172904 0.18682100000000001 0.167268 0.0086049999999999998 0.0086379999999999998 0.0079979999999999999 0.14225899999999997 0.15521900000000002 0.13772400000000001 0.004437 0.0050260000000000001 0.0046060000000000007 0.0011440000000000001 0.0012409999999999999 0.001155 1.6206961708035017 1.6206961708035017 1.6206961708035017 2.4737120436889534e-05 2.4737120436889534e-05 2.4737120436889534e-05 1 1 1 Converged Converged Converged OK OK OK 113 113 113 113 113 113 7 7 7 0 0 0 0 1 0 0 1
204 204 uniform 3 0 1778 0 0.001 1 0.00098284180627716236 0.36652087487597323 -0.26418038448230147 -0.4302287905176243 -0.33748455945749611 0 0.33846643623422851 2.1577881375425458 OK 13 12 0.36860500000000002 0.36266700000000002 0.077094999999999997 0.28884199999999999 0.28625499999999998 0 0.079763000000000028 0.076412000000000035 0.077094999999999997 0.010240000000000001 0.0096249999999999999 0.009776 0.048853000000000001 0.047584000000000001 0.047848000000000016 0.0032519999999999997 0.0025640000000000003 0.0028540000000000002 0.00081599999999999999 0.00072400000000000003 0.00073899999999999997 2.1577881008658015 2.1577881008658015 2.1577881008658015 0.00062541522725962728 0.00062541522725962728 0.00062541522725962728 1 1 1 Converged Converged Converged OK OK OK 59 59 59 59 59 59 5 5 5 0 0 0 0 0 1 0 0
204 204 uniform 3 7 1778 1 0.001 1 0.00098284180627716236 0.36652087487597323 -0.26418038448230147 -0.4302287905176243 -0.29286462686389936 0 0.29384650364063175 2.2655602281774914 OK 13 12 0.36252899999999999 0.21133399999999999 0.066822999999999994 0.294012 0.14019100000000001 0 0.068516999999999995 0.071142999999999984 0.066822999999999994 0.0088640000000000004 0.0088190000000000004 0.0082179999999999996 0.045285999999999986 0.048215999999999995 0.044747999999999996 0.002212 0.002163 0.0022000000000000001 0.00056100000000000008 0.00053699999999999993 0.0006150000000000001 2.2655625917644402 2.2655625917644402 2.2655625917644402 0.0022157403820303981 0.0022157403820303981 0.0022157403820303981 1 1 1 Converged Converged Converged OK OK OK 51 51 51 51 51 51 5 5 5 0 0 0 0 1 0 0 1
204 204 uniform 3 15 1778 2 0.001 1 0.00098284180627716236 0.36652087487597323 -0.26418038448230147 -0.4302287905176243 -0.24187041818550309 0 0.24285229496223545 2.3932053291788042 OK 12 11 0.36112300000000003 0.214255 0.066520999999999997 0.28886899999999999 0.14324400000000001 0 0.07225400000000004 0.071010999999999991 0.066520999999999997 0.0088249999999999995 0.0086829999999999997 0.0082290000000000002 0.045484999999999984 0.048486999999999988 0.044769000000000003 0.0023279999999999998 0.0022720000000000001 0.0022059999999999996 0.00052300000000000003 0.00052300000000000003 0.00052099999999999998 2.3932069537377276 2.3932069537377276 2.3932069537377276 0.0018957421845607148 0.0018957421845607148 0.0018957421845607148 1 1 1 Converged Converged Converged OK OK OK 51 51 51 51 51 51 5 5 5 0 0 0 0 1 0 0 1
204 204 uniform 3 23 1778 3 0.001 1 0.00098284180627716236 0.36652087487597323 -0.26418038448230147 -0.4302287905176243 -0.19087620950710682 0 0.19185808628383919 2.5199133837306396 OK 12 11 0.356873 0.22168499999999999 0.066819000000000003 0.28720400000000001 0.145455 0 0.069668999999999981 0.076229999999999992 0.066819000000000003 0.0088579999999999996 0.0088610000000000008 0.0081919999999999996 0.04675 0.053221000000000004 0.045788000000000002 0.0024580000000000001 0.0027620000000000001 0.0021059999999999998 0.00059700000000000009 0.00063699999999999998 0.00055699999999999999 2.5199293882613825 2.5199293882613825 2.5199293882613825 0.0016610028041898026 0.0016610028041898026 0.0016610028041898026 1 1 1 Converged Converged Converged OK OK OK 51 51 51 51 51 51 5 5 5 0 0 0 0 1 0 0 1
204 204 uniform 3 0 1778 0 0.0001 1 0.00098284180627716236 0.36652087487597323 -0.26418038448230147 -0.4302287905176243 -0.33748455945749611 0 0.33846643623422851 2.1577881375425458 OK 13 12 0.40432099999999999 0.39631499999999997 0.108211 0.29411799999999999 0.287414 0 0.110203 0.10890099999999997 0.108211 0.009672 0.0098600000000000007 0.0098230000000000001 0.07064899999999999 0.070364999999999997 0.069897000000000029 0.004398 0.0041110000000000001 0.004235 0.001083 0.001039 0.001119 2.1577880941248169 2.1577880941248169 2.1577880941248169 7.9297132851346186e-05 7.9297132851346186e-05 7.9297132851346186e-05 1 1 1 Converged Converged Converged OK OK OK 83 83 83 83 83 83 5 5 5 0 0 0 0 0 1 0 0
204 204 uniform 3 7 1778 1 0.0001 1 0.00098284180627716236 0.36652087487597323 -0.26418038448230147 -0.4302287905176243 -0.29286462686389936 0 0.29384650364063175 2.2655602281774914 OK 13 12 0.392484 0.249782 0.095519999999999994 0.29298299999999999 0.13986000000000001 0 0.099501000000000006 0.10992199999999999 0.095519999999999994 0.0089440000000000006 0.0088990000000000007 0.0081329999999999996 0.068309000000000009 0.079986000000000029 0.067119000000000026 0.0040329999999999993 0.0037309999999999999 0.0034060000000000002 0.001072 0.00084800000000000001 0.00080599999999999997 2.2655601508497938 2.2655601508497938 2.2655601508497938 0.00016461762753663007 0.00016461762753663007 0.00016461762753663007 1 1 1 Converged Converged Converged OK OK OK 75 75 75 75 75 75 5 5 5 0 0 0 0 1 0 0 1
204 204 uniform 3 15 1778 2 0.0001 1 0.00098284180627716236 0.36652087487597323 -0.26418038448230147 -0.4302287905176243 -0.24187041818550309 0 0.24285229496223545 2.3932053291788042 OK 12 11 0.38700800000000002 0.252946 0.094878000000000004 0.28898800000000002 0.14937800000000001 0 0.098019999999999996 0.10356799999999999 0.094878000000000004 0.0090229999999999998 0.0089510000000000006 0.0083320000000000009 0.06741999999999998 0.073452000000000017 0.066285999999999998 0.0038669999999999998 0.0038429999999999996 0.0034939999999999997 0.00081899999999999996 0.00085700000000000012 0.00080799999999999991 2.3932051974020228 2.3932051974020228 2.3932051974020228 4.8432954208722487e-05 4.8432954208722487e-05 4.8432954208722487e-05 1 1 1 Converged Converged Converged OK OK OK 75 75 75 75 75 75 5 5 5 0 0 0 0 1 0 0 1
204 204 uniform 3 23 1778 3 0.0001 1 0.00098284180627716236 0.36652087487597323 -0.26418038448230147 -0.4302287905176243 -0.19087620950710682 0 0.19185808628383919 2.5199133837306396 OK 12 11 0.37922499999999998 0.24293000000000001 0.085935999999999998 0.290294 0.142954 0 0.088930999999999982 0.099976000000000009 0.085935999999999998 0.0089829999999999997 0.0088400000000000006 0.0081469999999999997 0.062585999999999975 0.073407999999999987 0.061378000000000002 0.0032590000000000002 0.0035519999999999996 0.0030359999999999996 0.00070899999999999999 0.00074400000000000009 0.00068499999999999995 2.5199132682013445 2.5199132682013445 2.5199132682013445 0.00014340443706030892 0.00014340443706030892 0.00014340443706030892 1 1 1 Converged Converged Converged OK OK OK 67 67 67 67 67 67 5 5 5 0 0 0 0 1 0 0 1
204 204 uniform 4 0 1779 0 0.001 1 0.00098284180627716236 0.36652087487597323 0.6093317416414914 -0.34513914321239697 0.53602756666629681 0 -0.53504568988956447 1.880585939280877 OK 14 13 0.43570300000000001 0.43551499999999999 0.117705 0.31762800000000002 0.316135 0 0.11807499999999999 0.11937999999999999 0.117705 0.0096900000000000007 0.0098490000000000001 0.0094900000000000002 0.087145 0.087811999999999987 0.087111000000000008 0.0025659999999999997 0.0030450000000000004 0.0026600000000000005 0.00084000000000000003 0.00083699999999999996 0.00086499999999999999 1.8805877633630947 1.8805877633630947 1.8805877633630947 0.0015867919908812819 0.0015867919908812819 0.0015867919908812819 1 1 1 Converged Converged Converged OK OK OK 80 80 80 80 80 80 8 8 8 0 0 0 0 0 1 0 0
204 204 uniform 4 7 1779 1 0.001 1 0.00098284180627716236 0.36652087487597323 0.6093317416414914 -0.34513914321239697 0.58064749925989345 0 -0.57966562248316111 1.7910571320573772 OK 14 13 0.44503900000000002 0.30380800000000002 0.115992 0.33017400000000002 0.183641 0 0.11486499999999999 0.12016700000000002 0.115992 0.0086700000000000006 0.0088489999999999992 0.0081689999999999992 0.087821000000000024 0.092921999999999977 0.08690299999999998 0.00329 0.0034169999999999999 0.0032200000000000006 0.00099200000000000004 0.0010269999999999999 0.0036420000000000003 1.7910563260440326 1.7910563260440326 1.7910563260440326 0.00069071138813878044 0.00069071138813878044 0.00069071138813878044 1 1 1 Converged Converged Converged OK OK OK 89 89 89 89 89 89 7 7 7 0 0 0 0 1 0 0 1
204 204 uniform 4 15 1779 2 0.001 1 0.00098284180627716236 0.36652087487597323 0.6093317416414914 -0.34513914321239697 0.63164170793828978 0 -0.63065983116155744 1.7018226683451281 OK 14 13 0.42507200000000001 0.27650200000000003 0.116892 0.30362699999999998 0.149232 0 0.12144500000000003 0.12727000000000002 0.116892 0.0085900000000000004 0.00877 0.0080630000000000007 0.095653999999999975 0.10119099999999998 0.092377000000000001 0.0032070000000000002 0.0033940000000000003 0.0030969999999999999 0.00095799999999999998 0.0011280000000000001 0.00093000000000000005 1.7018221878765221 1.7018221878765221 1.7018221878765221 0.00058749337454981935 0.00058749337454981935 0.00058749337454981935 1 1 1 Converged Converged Converged OK OK OK 89 89 89 89 89 89 7 7 7 0 0 0 0 1 0 0 1
204 204 uniform 4 23 1779 3 0.001 1 0.00098284180627716236 0.36652087487597323 0.6093317416414914 -0.34513914321239697 0.68263591661668599 0 -0.68165403983995365 1.6244803018767664 OK 14 13 0.41893900000000001 0.275119 0.107935 0.30928699999999998 0.15900400000000001 0 0.10965200000000003 0.116115 0.107935 0.0085500000000000003 0.0086140000000000001 0.0080579999999999992 0.087384000000000017 0.09406500000000001 0.086811999999999973 0.0022980000000000001 0.0022580000000000005 0.0021440000000000005 0.00068599999999999998 0.00073000000000000007 0.00074099999999999991 1.6244778218424722 1.6244778218424722 1.6244778218424722 0.0014143474288242613 0.0014143474288242613 0.0014143474288242613 1 1 1 Converged Converged Converged OK OK OK 73 73 73 73 73 73 7 7 7 0 0 0 0 1 0 0 1
204 204 uniform 4 0 1779 0 0.0001 1 0.00098284180627716236 0.36652087487597323 0.6093317416414914 -0.34513914321239697 0.53602756666629681 0 -0.53504568988956447 1.880585939280877 OK 14 13 0.484352 0.48707 0.17213300000000001 0.31337199999999998 0.31452599999999997 0 0.17098000000000002 0.17254400000000003 0.17213300000000001 0.0098969999999999995 0.0097780000000000002 0.0096550000000000004 0.12209600000000004 0.122976 0.12257 0.0052430000000000003 0.0057809999999999997 0.0056080000000000001 0.0015429999999999999 0.0015989999999999997 0.001601 1.8805858995049696 1.8805858995049696 1.8805858995049696 1.1682383808675789e-05 1.1682383808675789e-05 1.1682383808675789e-05 1 1 1 Converged Converged Converged OK OK OK 136 136 136 136 136 136 8 8 8 0 0 0 0 0 1 0 0
204 204 uniform 4 7 1779 1 0.0001 1 0.00098284180627716236 0.36652087487597323 0.6093317416414914 -0.34513914321239697 0.58064749925989345 0 -0.57966562248316111 1.7910571320573772 OK 14 13 0.48224699999999998 0.334117 0.14660699999999999 0.33014500000000002 0.17661299999999999 0 0.15210199999999996 0.15750400000000001 0.14660699999999999 0.0087229999999999999 0.0088109999999999994 0.0082129999999999998 0.11833299999999994 0.12251399999999993 0.11340299999999999 0.0048700000000000002 0.0056129999999999999 0.0050109999999999998 0.0013529999999999998 0.001464 0.001402 1.7910570890794044 1.7910570890794044 1.7910570890794044 1.8607068216974234e-05 1.8607068216974234e-05 1.8607068216974234e-05 1 1 1 Converged Converged Converged OK OK OK 129 129 129 129 129 129 7 7 7 0 0 0 0 1 0 0 1
204 204 uniform 4 15 1779 2 0.0001 1 0.00098284180627716236 0.36652087487597323 0.6093317416414914 -0.34513914321239697 0.63164170793828978 0 -0.63065983116155744 1.7018226683451281 OK 14 13 0.44283899999999998 0.30161399999999999 0.14188400000000001 0.30292599999999997 0.14965600000000001 0 0.13991300000000001 0.15195799999999998 0.14188400000000001 0.0085749999999999993 0.0087950000000000007 0.0080680000000000005 0.10980000000000004 0.12083499999999998 0.11267300000000004 0.0040849999999999992 0.0043110000000000006 0.0039359999999999994 0.0012079999999999999 0.0013129999999999999 0.0011899999999999999 1.7018226120031585 1.7018226120031585 1.7018226120031585 7.1404508927246926e-05 7.1404508927246926e-05 7.1404508927246926e-05 1 1 1 Converged Converged Converged OK OK OK 113 113 113 113 113 113 7 7 7 0 0 0 0 1 0 0 1
204 204 uniform 4 23 1779 3 0.0001 1 0.00098284180627716236 0.36652087487597323 0.6093317416414914 -0.34513914321239697 0.68263591661668599 0 -0.68165403983995365 1.6244803018767664 OK 14 13 0.45738099999999998 0.31548199999999998 0.14585300000000001 0.308674 0.15623999999999999 0 0.14870699999999998 0.15924199999999999 0.14585300000000001 0.0085039999999999994 0.0086160000000000004 0.0080719999999999993 0.11848600000000004 0.12868100000000005 0.11700699999999997 0.0040639999999999999 0.0042449999999999996 0.0039619999999999994 0.0011679999999999998 0.0012130000000000001 0.001078 1.6244802639736002 1.6244802639736002 1.6244802639736002 2.668070093034869e-05 2.668070093034869e-05 2.668070093034869e-05 1 1 1 Converged Converged Converged OK OK OK 113 113 113 113 113 113 7 7 7 0 0 0 0 1 0 0 1
205 205 linear 3 0 1780 0 0.001 1 0.0097464735063362683 0.39931238810699526 0.33078472262989761 0.67300799662432298 0.25092224500849858 0.5 -0.24126984833065557 1.7176049627477206 OK 12 11 0.33119599999999999 0.33014199999999999 0.093923000000000006 0.23754500000000001 0.23652699999999999 0 0.093650999999999984 0.093615000000000004 0.093923000000000006 0.009417 0.0095440000000000004 0.01035 0.06551899999999998 0.064453000000000024 0.064849000000000018 0.0026389999999999999 0.0029130000000000002 0.0026260000000000003 0.00096900000000000003 0.0009320000000000001 0.00089100000000000008 1.7176034338673309 1.7176034338673309 1.7176034338673309 0.00069957670283183596 0.00069957670283183596 0.00069957670283183596 1 1 1 Converged Converged Converged OK OK OK 67 67 67 67 67 67 5 5 5 0 0 0 0 0 1 0 0
205 205 linear 3 7 1780 1 0.001 1 0.0097464735063362683 0.39931238810699526 0.33078472262989761 0.67300799662432298 0.29953418790848058 0.5 -0.28988179123063756 1.6848197827380218 OK 12 11 0.33124900000000002 0.23736099999999999 0.093723000000000001 0.23461899999999999 0.125333 0 0.096630000000000021 0.11202799999999999 0.093723000000000001 0.0085900000000000004 0.0087510000000000001 0.0083420000000000005 0.072144 0.086993000000000001 0.069825000000000012 0.002594 0.0028479999999999998 0.002696 0.00092699999999999987 0.0010300000000000001 0.00093799999999999992 1.6848188831307997 1.6848188831307997 1.6848188831307997 0.00045065856737642226 0.00045065856737642226 0.00045065856737642226 1 1 1 Converged Converged Converged OK OK OK 74 74 74 74 74 74 6 6 6 0 0 0 0 1 0 0 1
205 205 linear 3 15 1780 2 0.001 1 0.0097464735063362683 0.39931238810699526 0.33078472262989761 0.67300799662432298 0.35509069407988864 0.5 -0.34543829740204562 1.6441697931030408 OK 11 10 0.31335600000000002 0.21271100000000001 0.075051999999999994 0.23341200000000001 0.122415 0 0.079944000000000015 0.090296000000000015 0.075051999999999994 0.0087039999999999999 0.0086479999999999994 0.0080020000000000004 0.057657999999999994 0.069070000000000034 0.055046999999999999 0.0024039999999999999 0.0022299999999999998 0.0021380000000000001 0.00081700000000000002 0.00071000000000000002 0.00064999999999999997 1.6441684644538821 1.6441684644538821 1.6441684644538821 0.0016060515170766734 0.0016060515170766734 0.0016060515170766734 1 1 1 Converged Converged Converged OK OK OK 59 59 59 59 59 59 5 5 5 0 0 0 0 1 0 0 1
205 205 linear 3 23 1780 3 0.001 1 0.0097464735063362683 0.39931238810699526 0.33078472262989761 0.67300799662432298 0.41064720025129664 0.5 -0.40099480357345363 1.6016748760213284 OK 11 10 0.31889899999999999 0.208286 0.073682999999999998 0.24021999999999999 0.125612 0 0.078678999999999999 0.082673999999999997 0.073682999999999998 0.0085800000000000008 0.0084019999999999997 0.0077840000000000001 0.056859999999999994 0.061399999999999996 0.054127000000000002 0.0025669999999999998 0.0025999999999999999 0.0021180000000000001 0.00079199999999999995 0.00074700000000000005 0.00062199999999999994 1.6016736457232545 1.6016736457232545 1.6016736457232545 0.00091909711751511506 0.00091909711751511506 0.00091909711751511506 1 1 1 Converged Converged Converged OK OK OK 59 59 59 59 59 59 5 5 5 0 0 0 0 1 0 0 1
205 205 linear 3 0 1780 0 0.0001 1 0.0097464735063362683 0.39931238810699526 0.33078472262989761 0.67300799662432298 0.25092224500849858 0.5 -0.24126984833065557 1.7176049627477206 OK 12 11 0.35134199999999999 0.35144599999999998 0.110205 0.23746100000000001 0.235184 0 0.11388099999999998 0.11626199999999998 0.110205 0.0093790000000000002 0.01353 0.0093480000000000004 0.080933999999999992 0.07831299999999998 0.077637999999999999 0.0037530000000000003 0.003705 0.0033550000000000003 0.0010970000000000001 0.0011639999999999999 0.0010709999999999999 1.7176035263133593 1.7176035263133593 1.7176035263133593 0.00011215437444066758 0.00011215437444066758 0.00011215437444066758 1 1 1 Converged Converged Converged OK OK OK 83 83 83 83 83 83 5 5 5 0 0 0 0 0 1 0 0
205 205 linear 3 7 1780 1 0.0001 1 0.0097464735063362683 0.39931238810699526 0.33078472262989761 0.67300799662432298 0.29953418790848058 0.5 -0.28988179123063756 1.6848197827380218 OK 12 11 0.353908 0.25623699999999999 0.110319 0.239095 0.12509000000000001 0 0.114813 0.13114699999999999 0.110319 0.0087580000000000002 0.0088299999999999993 0.0083909999999999992 0.085948000000000024 0.102558 0.082974999999999993 0.0037230000000000002 0.0036849999999999999 0.0034589999999999998 0.0011489999999999998 0.001212 0.0010629999999999999 1.6848189049424382 1.6848189049424382 1.6848189049424382 5.1424801641388566e-05 5.1424801641388566e-05 5.1424801641388566e-05 1 1 1 Converged Converged Converged OK OK OK 90 90 90 90 90 90 6 6 6 0 0 0 0 1 0 0 1
205 205 linear 3 15 1780 2 0.0001 1 0.0097464735063362683 0.39931238810699526 0.33078472262989761 0.67300799662432298 0.35509069407988864 0.5 -0.34543829740204562 1.6441697931030408 OK 11 10 0.341698 0.24021600000000001 0.099594000000000002 0.238062 0.120694 0 0.10363600000000001 0.11952200000000002 0.099594000000000002 0.0084709999999999994 0.0086180000000000007 0.0080470000000000003 0.077161999999999994 0.093313999999999994 0.074432000000000012 0.0035599999999999998 0.0034099999999999998 0.0032780000000000001 0.001016 0.00095600000000000004 0.00096500000000000004 1.6441684975490678 1.6441684975490678 1.6441684975490678 9.5381127910011576e-05 9.5381127910011576e-05 9.5381127910011576e-05 1 1 1 Converged Converged Converged OK OK OK 83 83 83 83 83 83 5 5 5 0 0 0 0 1 0 0 1
205 205 linear 3 23 1780 3 0.0001 1 0.0097464735063362683 0.39931238810699526 0.33078472262989761 0.67300799662432298 0.41064720025129664 0.5 -0.40099480357345363 1.6016748760213284 OK 11 10 0.33867799999999998 0.23930299999999999 0.098093 0.23649100000000001 0.12137299999999999 0 0.10218699999999997 0.11792999999999999 0.098093 0.0083490000000000005 0.0084790000000000004 0.0078630000000000002 0.075935999999999962 0.091687999999999964 0.073360000000000022 0.0035770000000000003 0.0036240000000000001 0.0033449999999999999 0.00083400000000000011 0.00087500000000000013 0.00084900000000000004 1.6016736417323298 1.6016736417323298 1.6016736417323298 9.5334304080223274e-05 9.5334304080223274e-05 9.5334304080223274e-05 1 1 1 Converged Converged Converged OK OK OK 83 83 83 83 83 83 5 5 5 0 0 0 0 1 0 0 1
205 205 linear 4 0 1781 0 0.001 1 0.0097464735063362683 0.39931238810699526 -0.50567231187166151 -0.64633069568734547 -0.58553478949306059 0.5 0.5951871861709036 1.4736597522914707 OK 12 11 0.35939300000000002 0.34836099999999998 0.098754999999999996 0.25236900000000001 0.24864800000000001 0 0.10702400000000001 0.099712999999999968 0.098754999999999996 0.0094450000000000003 0.0094199999999999996 0.0089669999999999993 0.070962000000000039 0.068126000000000006 0.067749999999999991 0.0031379999999999997 0.0033959999999999997 0.0033729999999999997 0.00083400000000000011 0.00091499999999999991 0.00092699999999999998 1.4736587117448139 1.4736587117448139 1.4736587117448139 0.00029504206405441029 0.00029504206405441029 0.00029504206405441029 1 1 1 Converged Converged Converged OK OK OK 67 67 67 67 67 67 5 5 5 0 0 0 0 0 1 0 0
205 205 linear 4 7 1781 1 0.001 1 0.0097464735063362683 0.39931238810699526 -0.50567231187166151 -0.64633069568734547 -0.53692284659307854 0.5 0.54657524327092155 1.5106100809644214 OK 12 11 0.33837099999999998 0.223742 0.092586000000000002 0.24215500000000001 0.12592200000000001 0 0.096215999999999968 0.09781999999999999 0.092586000000000002 0.0085699999999999995 0.0085769999999999996 0.0079229999999999995 0.070040000000000033 0.071446999999999997 0.067098999999999978 0.0030070000000000001 0.0031890000000000004 0.0032700000000000003 0.000843 0.00091299999999999997 0.00085900000000000006 1.5106090024672467 1.5106090024672467 1.5106090024672467 0.00040831728149106928 0.00040831728149106928 0.00040831728149106928 1 1 1 Converged Converged Converged OK OK OK 67 67 67 67 67 67 5 5 5 0 0 0 0 1 0 0 1
205 205 linear 4 15 1781 2 0.001 1 0.0097464735063362683 0.39931238810699526 -0.50567231187166151 -0.64633069568734547 -0.48136634042167048 0.5 0.49101873709951349 1.5550535085469366 OK 12 11 0.33407700000000001 0.21390500000000001 0.083538000000000001 0.246388 0.12656200000000001 0 0.087689000000000017 0.087343000000000004 0.083538000000000001 0.0083840000000000008 0.0086960000000000006 0.0078740000000000008 0.064074000000000006 0.063730999999999996 0.061111999999999993 0.0025119999999999999 0.0025659999999999997 0.0026250000000000002 0.00068499999999999995 0.00070600000000000003 0.00072400000000000003 1.5550518749085802 1.5550518749085802 1.5550518749085802 0.0011004782698149011 0.0011004782698149011 0.0011004782698149011 1 1 1 Converged Converged Converged OK OK OK 59 59 59 59 59 59 5 5 5 0 0 0 0 1 0 0 1
205 205 linear 4 23 1781 3 0.001 1 0.0097464735063362683 0.39931238810699526 -0.50567231187166151 -0.64633069568734547 -0.42580983425026242 0.5 0.43546223092810543 1.6013162104496479 OK 12 11 0.34165800000000002 0.226831 0.083368999999999999 0.25475300000000001 0.135158 0 0.08690500000000001 0.091673000000000004 0.083368999999999999 0.0084770000000000002 0.0086040000000000005 0.0077980000000000002 0.065183000000000019 0.069655999999999996 0.062652000000000013 0.0021020000000000001 0.002323 0.0021779999999999998 0.00053499999999999999 0.00055800000000000001 0.00053499999999999999 1.6013148092381895 1.6013148092381895 1.6013148092381895 0.0015497915592704197 0.0015497915592704197 0.0015497915592704197 1 1 1 Converged Converged Converged OK OK OK 51 51 51 51 51 51 5 5 5 0 0 0 0 1 0 0 1
205 205 linear 4 0 1781 0 0.0001 1 0.0097464735063362683 0.39931238810699526 -0.50567231187166151 -0.64633069568734547 -0.58553478949306059 0.5 0.5951871861709036 1.4736597522914707 OK 12 11 0.39281300000000002 0.37918299999999999 0.12828600000000001 0.26071800000000001 0.247306 0 0.13209500000000002 0.13187699999999999 0.12828600000000001 0.0093189999999999992 0.0097400000000000004 0.0089110000000000005 0.094765000000000016 0.092267000000000002 0.090848999999999971 0.0040419999999999996 0.0053970000000000008 0.00445 0.0010479999999999999 0.0011609999999999999 0.0010840000000000001 1.4736587137876549 1.4736587137876549 1.4736587137876549 5.2444724856203985e-05 5.2444724856203985e-05 5.2444724856203985e-05 1 1 1 Converged Converged Converged OK OK OK 83 83 83 83 83 83 5 5 5 0 0 0 0 0 1 0 0
205 205 linear 4 7 1781 1 0.0001 1 0.0097464735063362683 0.39931238810699526 -0.50567231187166151 -0.64633069568734547 -0.53692284659307854 0.5 0.54657524327092155 1.5106100809644214 OK 12 11 0.366873 0.26117899999999999 0.11931600000000001 0.24288999999999999 0.13131399999999999 0 0.12398300000000001 0.12986500000000001 0.11931600000000001 0.0084930000000000005 0.0084550000000000007 0.0080009999999999994 0.092836000000000002 0.098524000000000014 0.088830999999999979 0.0039419999999999993 0.0042590000000000006 0.0043629999999999988 0.00098899999999999986 0.0010149999999999998 0.00099100000000000013 1.5106090053668073 1.5106090053668073 1.5106090053668073 4.9683860744611069e-05 4.9683860744611069e-05 4.9683860744611069e-05 1 1 1 Converged Converged Converged OK OK OK 83 83 83 83 83 83 5 5 5 0 0 0 0 1 0 0 1
205 205 linear 4 15 1781 2 0.0001 1 0.0097464735063362683 0.39931238810699526 -0.50567231187166151 -0.64633069568734547 -0.48136634042167048 0.5 0.49101873709951349 1.5550535085469366 OK 12 11 0.37831799999999999 0.26514700000000002 0.120826 0.247609 0.13215099999999999 0 0.13070899999999999 0.13299600000000003 0.120826 0.0084489999999999999 0.0086499999999999997 0.0078580000000000004 0.099563999999999986 0.10084399999999999 0.090885000000000021 0.0041530000000000004 0.0045200000000000006 0.0041610000000000006 0.000959 0.0010319999999999999 0.00096999999999999994 1.5550523642500751 1.5550523642500751 1.5550523642500751 5.4296053929976624e-05 5.4296053929976624e-05 5.4296053929976624e-05 1 1 1 Converged Converged Converged OK OK OK 83 83 83 83 83 83 5 5 5 0 0 0 0 1 0 0 1
205 205 linear 4 23 1781 3 0.0001 1 0.0097464735063362683 0.39931238810699526 -0.50567231187166151 -0.64633069568734547 -0.42580983425026242 0.5 0.43546223092810543 1.6013162104496479 OK 12 11 0.377915 0.26794099999999998 0.118574 0.25379600000000002 0.135106 0 0.12411899999999998 0.13283499999999998 0.118574 0.0085009999999999999 0.0086689999999999996 0.0078169999999999993 0.094940999999999984 0.10328100000000001 0.091008999999999993 0.0039180000000000005 0.0041050000000000001 0.003725 0.00077099999999999998 0.00078199999999999993 0.00074999999999999991 1.6013149632007 1.6013149632007 1.6013149632007 0.00012373192770078828 0.00012373192770078828 0.00012373192770078828 1 1 1 Converged Converged Converged OK OK OK 75 75 75 75 75 75 5 5 5 0 0 0 0 1 0 0 1
205 205 uniform 3 0 1782 0 0.001 1 0.0097464735063362683 0.39931238810699526 0.33078472262989761 0.67300799662432298 0.25092224500849858 0 -0.24126984833065557 1.7236808887859982 OK 12 11 0.32092399999999999 0.31350499999999998 0.077834 0.239456 0.23503299999999999 0 0.081467999999999985 0.078471999999999986 0.077834 0.009502 0.0095239999999999995 0.0094319999999999994 0.053246999999999975 0.050213999999999988 0.050141999999999992 0.002294 0.0023379999999999998 0.002415 0.00084699999999999999 0.00087799999999999998 0.00088699999999999998 1.7236804679953415 1.7236804679953415 1.7236804679953415 0.000671508369724489 0.000671508369724489 0.000671508369724489 1 1 1 Converged Converged Converged OK OK OK 67 67 67 67 67 67 5 5 5 0 0 0 0 0 1 0 0
205 205 uniform 3 7 1782 1 0.001 1 0.0097464735063362683 0.39931238810699526 0.33078472262989761 0.67300799662432298 0.29953418790848058 0 -0.28988179123063756 1.6904233403943425 OK 12 11 0.30895800000000001 0.212671 0.070681999999999995 0.23757800000000001 0.12839400000000001 0 0.071379999999999999 0.084276999999999991 0.070681999999999995 0.0086309999999999998 0.0087720000000000003 0.0082310000000000005 0.049984000000000015 0.062854000000000007 0.049981999999999999 0.0019940000000000001 0.0020950000000000001 0.002088 0.0007490000000000001 0.0007310000000000001 0.00075200000000000006 1.6904236077047474 1.6904236077047474 1.6904236077047474 0.0012781323706180351 0.0012781323706180351 0.0012781323706180351 1 1 1 Converged Converged Converged OK OK OK 66 66 66 66 66 66 6 6 6 0 0 0 0 1 0 0 1
205 205 uniform 3 15 1782 2 0.001 1 0.0097464735063362683 0.39931238810699526 0.33078472262989761 0.67300799662432298 0.35509069407988864 0 -0.34543829740204562 1.6492134088921091 OK 11 10 0.29839100000000002 0.19386700000000001 0.062857999999999997 0.23438200000000001 0.120438 0 0.06400900000000001 0.073429000000000008 0.062857999999999997 0.0084740000000000006 0.0084569999999999992 0.007894 0.043377000000000013 0.052893000000000023 0.043276999999999996 0.0019330000000000003 0.0019610000000000001 0.0019169999999999999 0.00062600000000000004 0.00062899999999999989 0.00063000000000000003 1.6492132196618152 1.6492132196618152 1.6492132196618152 0.00084710413759711111 0.00084710413759711111 0.00084710413759711111 1 1 1 Converged Converged Converged OK OK OK 59 59 59 59 59 59 5 5 5 0 0 0 0 1 0 0 1
205 205 uniform 3 23 1782 3 0.001 1 0.0097464735063362683 0.39931238810699526 0.33078472262989761 0.67300799662432298 0.41064720025129664 0 -0.40099480357345363 1.6061639469443278 OK 11 10 0.30091800000000002 0.19492100000000001 0.061302000000000002 0.23802499999999999 0.121335 0 0.062893000000000032 0.073586000000000013 0.061302000000000002 0.0082190000000000006 0.0085760000000000003 0.0078110000000000002 0.042484000000000001 0.052691999999999996 0.04196699999999999 0.0019359999999999998 0.0021559999999999999 0.0019449999999999997 0.000602 0.00065900000000000008 0.00058799999999999998 1.6061637803532167 1.6061637803532167 1.6061637803532167 0.00052222793333323839 0.00052222793333323839 0.00052222793333323839 1 1 1 Converged Converged Converged OK OK OK 59 59 59 59 59 59 5 5 5 0 0 0 0 1 0 0 1
205 205 uniform 3 0 1782 0 0.0001 1 0.0097464735063362683 0.39931238810699526 0.33078472262989761 0.67300799662432298 0.25092224500849858 0 -0.24126984833065557 1.7236808887859982 OK 12 11 0.32886700000000002 0.331374 0.092926999999999996 0.23355200000000001 0.23776600000000001 0 0.095315000000000011 0.093607999999999997 0.092926999999999996 0.0094979999999999995 0.0095499999999999995 0.0092809999999999993 0.061695 0.061161999999999973 0.061100000000000002 0.0039100000000000003 0.0031969999999999998 0.0031159999999999998 0.0011490000000000001 0.001024 0.001057 1.7236805832539464 1.7236805832539464 1.7236805832539464 0.00011082569113405183 0.00011082569113405183 0.00011082569113405183 1 1 1 Converged Converged Converged OK OK OK 83 83 83 83 83 83 5 5 5 0 0 0 0 0 1 0 0
205 205 uniform 3 7 1782 1 0.0001 1 0.0097464735063362683 0.39931238810699526 0.33078472262989761 0.67300799662432298 0.29953418790848058 0 -0.28988179123063756 1.6904233403943425 OK 12 11 0.33086900000000002 0.23793600000000001 0.096521999999999997 0.23694599999999999 0.12647900000000001 0 0.093923000000000034 0.111457 0.096521999999999997 0.0088419999999999992 0.0087299999999999999 0.0094500000000000001 0.065500000000000003 0.083728999999999998 0.067334999999999978 0.0033470000000000001 0.0032199999999999998 0.0031109999999999996 0.001121 0.001108 0.0010300000000000001 1.6904235631661126 1.6904235631661126 1.6904235631661126 5.4252116959757914e-05 5.4252116959757914e-05 5.4252116959757914e-05 1 1 1 Converged Converged Converged OK OK OK 90 90 90 90 90 90 6 6 6 0 0 0 0 1 0 0 1
205 205 uniform 3 15 1782 2 0.0001 1 0.0097464735063362683 0.39931238810699526 0.33078472262989761 0.67300799662432298 0.35509069407988864 0 -0.34543829740204562 1.6492134088921091 OK 11 10 0.32004500000000002 0.22495599999999999 0.082128000000000007 0.23471800000000001 0.123164 0 0.085327000000000014 0.10179199999999999 0.082128000000000007 0.0086800000000000002 0.0085970000000000005 0.0079220000000000002 0.058245999999999971 0.075901999999999997 0.057701000000000002 0.003532 0.0031090000000000002 0.0030279999999999999 0.0010350000000000001 0.00097999999999999997 0.00093899999999999995 1.6492131810893036 1.6492131810893036 1.6492131810893036 9.6119243746578089e-05 9.6119243746578089e-05 9.6119243746578089e-05 1 1 1 Converged Converged Converged OK OK OK 83 83 83 83 83 83 5 5 5 0 0 0 0 1 0 0 1
205 205 uniform 3 23 1782 3 0.0001 1 0.0097464735063362683 0.39931238810699526 0.33078472262989761 0.67300799662432298 0.41064720025129664 0 -0.40099480357345363 1.6061639469443278 OK 11 10 0.31855800000000001 0.225326 0.080375000000000002 0.23539499999999999 0.128328 0 0.083163000000000015 0.096998000000000001 0.080375000000000002 0.0086379999999999998 0.0084100000000000008 0.0078740000000000008 0.057270999999999989 0.07159100000000003 0.056382999999999975 0.0031130000000000003 0.0032030000000000001 0.0029380000000000005 0.001008 0.00091500000000000001 0.00087800000000000009 1.6061637526732231 1.6061637526732231 1.6061637526732231 9.8817515243694389e-05 9.8817515243694389e-05 9.8817515243694389e-05 1 1 1 Converged Converged Converged OK OK OK 83 83 83 83 83 83 5 5 5 0 0 0 0 1 0 0 1
205 205 uniform 4 0 1783 0 0.001 1 0.0097464735063362683 0.39931238810699526 -0.50567231187166151 -0.64633069568734547 -0.58553478949306059 0 0.5951871861709036 1.4766705071195922 OK 12 11 0.32690200000000003 0.329017 0.075171000000000002 0.25056200000000001 0.25359399999999999 0 0.076340000000000019 0.075423000000000018 0.075171000000000002 0.0094649999999999995 0.0093640000000000008 0.009103 0.046951000000000007 0.046484000000000018 0.046524999999999983 0.0027790000000000002 0.0025859999999999998 0.0026689999999999995 0.00077800000000000005 0.00072499999999999995 0.00077000000000000007 1.4766709132269984 1.4766709132269984 1.4766709132269984 0.0011331996726433194 0.0011331996726433194 0.0011331996726433194 1 1 1 Converged Converged Converged OK OK OK 59 59 59 59 59 59 5 5 5 0 0 0 0 0 1 0 0
205 205 uniform 4 7 1783 1 0.001 1 0.0097464735063362683 0.39931238810699526 -0.50567231187166151 -0.64633069568734547 -0.53692284659307854 0 0.54657524327092155 1.513985772755025 OK 12 11 0.31440299999999999 0.19994899999999999 0.069696999999999995 0.24348800000000001 0.12581800000000001 0 0.070914999999999978 0.074130999999999975 0.069696999999999995 0.0084770000000000002 0.0085129999999999997 0.0078709999999999995 0.046703000000000001 0.049954999999999992 0.046354000000000006 0.0025490000000000001 0.0025339999999999998 0.002588 0.00067799999999999989 0.00068099999999999996 0.000669 1.5139860284948341 1.5139860284948341 1.5139860284948341 0.00098174117671719313 0.00098174117671719313 0.00098174117671719313 1 1 1 Converged Converged Converged OK OK OK 59 59 59 59 59 59 5 5 5 0 0 0 0 1 0 0 1
205 205 uniform 4 15 1783 2 0.001 1 0.0097464735063362683 0.39931238810699526 -0.50567231187166151 -0.64633069568734547 -0.48136634042167048 0 0.49101873709951349 1.5588992309039522 OK 12 11 0.32141799999999998 0.20141400000000001 0.069522 0.24504600000000001 0.12712899999999999 0 0.076371999999999968 0.074285000000000018 0.069522 0.0085019999999999991 0.0085559999999999994 0.007816 0.047646999999999995 0.050021999999999997 0.046552999999999983 0.0026000000000000003 0.0025600000000000002 0.002467 0.00076399999999999992 0.00069699999999999992 0.00067199999999999996 1.5588993459953797 1.5588993459953797 1.5588993459953797 0.00089485492129105055 0.00089485492129105055 0.00089485492129105055 1 1 1 Converged Converged Converged OK OK OK 59 59 59 59 59 59 5 5 5 0 0 0 0 1 0 0 1
205 205 uniform 4 23 1783 3 0.001 1 0.0097464735063362683 0.39931238810699526 -0.50567231187166151 -0.64633069568734547 -0.42580983425026242 0 0.43546223092810543 1.6056912942561494 OK 12 11 0.31497000000000003 0.20815400000000001 0.063908999999999994 0.248867 0.13601199999999999 0 0.066103000000000023 0.072142000000000012 0.063908999999999994 0.0085780000000000006 0.0086920000000000001 0.0078329999999999997 0.045602000000000004 0.051671999999999996 0.045066000000000002 0.0018259999999999999 0.0017780000000000001 0.0017369999999999998 0.00045400000000000003 0.00041700000000000005 0.00041700000000000005 1.6056909714854111 1.6056909714854111 1.6056909714854111 0.0014858707746322592 0.0014858707746322592 0.0014858707746322592 1 1 1 Converged Converged Converged OK OK OK 43 43 43 43 43 43 5 5 5 0 0 0 0 1 0 0 1
205 205 uniform 4 0 1783 0 0.0001 1 0.0097464735063362683 0.39931238810699526 -0.50567231187166151 -0.64633069568734547 -0.58553478949306059 0 0.5951871861709036 1.4766705071195922 OK 12 11 0.340422 0.330735 0.082755999999999996 0.25772899999999999 0.246949 0 0.082693000000000016 0.083785999999999999 0.082755999999999996 0.0093139999999999994 0.0097059999999999994 0.0090670000000000004 0.051674000000000025 0.052357999999999988 0.051908999999999997 0.0029299999999999999 0.0028500000000000001 0.0029579999999999997 0.00087299999999999997 0.00085099999999999998 0.00088199999999999997 1.4766704053657898 1.4766704053657898 1.4766704053657898 0.00013713724243745492 0.00013713724243745492 0.00013713724243745492 1 1 1 Converged Converged Converged OK OK OK 67 67 67 67 67 67 5 5 5 0 0 0 0 0 1 0 0
205 205 uniform 4 7 1783 1 0.0001 1 0.0097464735063362683 0.39931238810699526 -0.50567231187166151 -0.64633069568734547 -0.53692284659307854 0 0.54657524327092155 1.513985772755025 OK 12 11 0.34373900000000002 0.233431 0.098001000000000005 0.242114 0.124822 0 0.10162500000000002 0.108609 0.098001000000000005 0.008711 0.0084969999999999993 0.0079030000000000003 0.067837999999999996 0.076612000000000027 0.067008000000000012 0.0044489999999999998 0.003784 0.0040410000000000003 0.0010969999999999999 0.00096500000000000015 0.00095799999999999998 1.5139856436216497 1.5139856436216497 1.5139856436216497 4.6240823479435538e-05 4.6240823479435538e-05 4.6240823479435538e-05 1 1 1 Converged Converged Converged OK OK OK 83 83 83 83 83 83 5 5 5 0 0 0 0 1 0 0 1
205 205 uniform 4 15 1783 2 0.0001 1 0.0097464735063362683 0.39931238810699526 -0.50567231187166151 -0.64633069568734547 -0.48136634042167048 0 0.49101873709951349 1.5588992309039522 OK 12 11 0.347856 0.24088100000000001 0.098511000000000001 0.247252 0.12903500000000001 0 0.100604 0.111846 0.098511000000000001 0.0084399999999999996 0.0084989999999999996 0.0078810000000000009 0.069812000000000013 0.079514000000000001 0.069059999999999996 0.0037889999999999998 0.0047109999999999999 0.0036639999999999997 0.00093400000000000004 0.00096000000000000002 0.000919 1.558899067891411 1.558899067891411 1.558899067891411 5.257909122390507e-05 5.257909122390507e-05 5.257909122390507e-05 1 1 1 Converged Converged Converged OK OK OK 83 83 83 83 83 83 5 5 5 0 0 0 0 1 0 0 1
205 205 uniform 4 23 1783 3 0.0001 1 0.0097464735063362683 0.39931238810699526 -0.50567231187166151 -0.64633069568734547 -0.42580983425026242 0 0.43546223092810543 1.6056912942561494 OK 12 11 0.35131800000000002 0.24993399999999999 0.097287999999999999 0.25242599999999998 0.13392999999999999 0 0.098892000000000035 0.116004 0.097287999999999999 0.0084840000000000002 0.008626 0.0078289999999999992 0.070606999999999989 0.086467999999999975 0.070267999999999997 0.0032859999999999999 0.0037690000000000002 0.003199 0.00076900000000000004 0.00082900000000000009 0.00075699999999999997 1.6056910560675108 1.6056910560675108 1.6056910560675108 0.0001568837107684512 0.0001568837107684512 0.0001568837107684512 1 1 1 Converged Converged Converged OK OK OK 75 75 75 75 75 75 5 5 5 0 0 0 0 1 0 0 1
206 206 linear 3 0 1784 0 0.001 1 0.011802527264107573 0.18357189278323174 -0.29415231680938614 -0.23532955154935514 -0.33086669536603247 0.5 0.34253154789019186 2.567545503750678 OK 13 12 0.296375 0.30024299999999998 0.069702 0.225242 0.22770599999999999 0 0.071133000000000002 0.07253699999999999 0.069702 0.0090790000000000003 0.0094769999999999993 0.0091020000000000007 0.048668000000000024 0.048297999999999987 0.047274000000000004 0.001753 0.0023150000000000002 0.0018779999999999999 0.00053299999999999995 0.00060099999999999997 0.00055599999999999996 2.5675412748409046 2.5675412748409046 2.5675412748409046 0.0025500353685922626 0.0025500353685922626 0.0025500353685922626 1 1 1 Converged Converged Converged OK OK OK 51 51 51 51 51 51 5 5 5 0 0 0 0 0 1 0 0
206 206 linear 3 7 1784 1 0.001 1 0.011802527264107573 0.18357189278323174 -0.29415231680938614 -0.23532955154935514 -0.30851881276633469 0.5 0.32018366529049408 2.6748395719990823 OK 13 12 0.306813 0.22028300000000001 0.076881000000000005 0.22678200000000001 0.13692799999999999 0 0.080030999999999991 0.083355000000000012 0.076881000000000005 0.0084580000000000002 0.0085520000000000006 0.0078960000000000002 0.058133000000000004 0.060981000000000007 0.056261000000000005 0.0022409999999999999 0.0023679999999999999 0.0021749999999999999 0.00065200000000000002 0.00069499999999999998 0.00063299999999999988 2.6748356610627986 2.6748356610627986 2.6748356610627986 0.0020840245524788334 0.0020840245524788334 0.0020840245524788334 1 1 1 Converged Converged Converged OK OK OK 59 59 59 59 59 59 5 5 5 0 0 0 0 1 0 0 1
206 206 linear 3 15 1784 2 0.001 1 0.011802527264107573 0.18357189278323174 -0.29415231680938614 -0.23532955154935514 -0.28297837550953725 0.5 0.29464322803369664 2.8098881790776855 OK 13 12 0.33405000000000001 0.23327600000000001 0.093936000000000006 0.231159 0.12973100000000001 0 0.10289100000000001 0.103545 0.093936000000000006 0.0084430000000000009 0.0084340000000000005 0.0078279999999999999 0.077136999999999969 0.078187999999999994 0.069917999999999994 0.0034289999999999998 0.0032480000000000005 0.003029 0.00076300000000000001 0.00075900000000000002 0.0007809999999999999 2.8098820854641526 2.8098820854641526 2.8098820854641526 0.0011543339514724471 0.0011543339514724471 0.0011543339514724471 1 1 1 Converged Converged Converged OK OK OK 75 75 75 75 75 75 5 5 5 0 0 0 0 1 0 0 1
206 206 linear 3 23 1784 3 0.001 1 0.011802527264107573 0.18357189278323174 -0.29415231680938614 -0.23532955154935514 -0.25743793825273981 0.5 0.26910279077689919 2.9593443113099021 OK 13 12 0.32102999999999998 0.23078599999999999 0.090371999999999994 0.227465 0.129775 0 0.093564999999999982 0.10101099999999999 0.090371999999999994 0.0082360000000000003 0.0084569999999999992 0.0077869999999999997 0.06967799999999999 0.07575400000000003 0.067362999999999992 0.0029889999999999995 0.003784 0.0028679999999999999 0.00077699999999999991 0.00088500000000000004 0.00076100000000000007 2.9593373264752287 2.9593373264752287 2.9593373264752287 0.0013764767870796115 0.0013764767870796115 0.0013764767870796115 1 1 1 Converged Converged Converged OK OK OK 75 75 75 75 75 75 5 5 5 0 0 0 0 1 0 0 1
206 206 linear 3 0 1784 0 0.0001 1 0.011802527264107573 0.18357189278323174 -0.29415231680938614 -0.23532955154935514 -0.33086669536603247 0.5 0.34253154789019186 2.567545503750678 OK 13 12 0.37164399999999997 0.36122799999999999 0.13464599999999999 0.230932 0.224414 0 0.14071199999999998 0.13681399999999999 0.13464599999999999 0.009306 0.009358 0.0089529999999999992 0.098222999999999949 0.095320000000000016 0.094374000000000041 0.0054719999999999994 0.0050690000000000006 0.00464 0.00142 0.0013029999999999999 0.001255 2.5675438268653381 2.5675438268653381 2.5675438268653381 7.1720361598399362e-06 7.1720361598399362e-06 7.1720361598399362e-06 1 1 1 Converged Converged Converged OK OK OK 107 107 107 107 107 107 5 5 5 0 0 0 0 0 1 0 0
206 206 linear 3 7 1784 1 0.0001 1 0.011802527264107573 0.18357189278323174 -0.29415231680938614 -0.23532955154935514 -0.30851881276633469 0.5 0.32018366529049408 2.6748395719990823 OK 13 12 0.34110499999999999 0.255411 0.110152 0.226165 0.13550200000000001 0 0.11493999999999999 0.11990899999999999 0.110152 0.0085140000000000007 0.0085369999999999994 0.0079450000000000007 0.085614999999999983 0.090257000000000004 0.082717000000000013 0.0040439999999999999 0.0041079999999999997 0.00363 0.0010560000000000001 0.0010840000000000001 0.001 2.6748378665980659 2.6748378665980659 2.6748378665980659 0.00017508279574363227 0.00017508279574363227 0.00017508279574363227 1 1 1 Converged Converged Converged OK OK OK 91 91 91 91 91 91 5 5 5 0 0 0 0 1 0 0 1
206 206 linear 3 15 1784 2 0.0001 1 0.011802527264107573 0.18357189278323174 -0.29415231680938614 -0.23532955154935514 -0.28297837550953725 0.5 0.29464322803369664 2.8098881790776855 OK 13 12 0.33743600000000001 0.243174 0.101837 0.231567 0.12761800000000001 0 0.10586900000000002 0.11555599999999999 0.101837 0.0083070000000000001 0.0084939999999999998 0.0078930000000000007 0.078789999999999999 0.08861800000000003 0.076141000000000014 0.0035700000000000003 0.0035399999999999997 0.003431 0.00093000000000000005 0.000941 0.00089700000000000001 2.8098864141821815 2.8098864141821815 2.8098864141821815 0.00019064019803118482 0.00019064019803118482 0.00019064019803118482 1 1 1 Converged Converged Converged OK OK OK 83 83 83 83 83 83 5 5 5 0 0 0 0 1 0 0 1
206 206 linear 3 23 1784 3 0.0001 1 0.011802527264107573 0.18357189278323174 -0.29415231680938614 -0.23532955154935514 -0.25743793825273981 0.5 0.26910279077689919 2.9593443113099021 OK 13 12 0.335061 0.24193100000000001 0.100352 0.23064799999999999 0.13142899999999999 0 0.10441300000000001 0.11050200000000002 0.100352 0.0083079999999999994 0.0085520000000000006 0.0079190000000000007 0.077108999999999997 0.083402000000000018 0.074852000000000002 0.0038640000000000002 0.0037619999999999997 0.0034009999999999999 0.000959 0.00096099999999999994 0.00091800000000000009 2.95934255093416 2.95934255093416 2.95934255093416 0.00014240779000405341 0.00014240779000405341 0.00014240779000405341 1 1 1 Converged Converged Converged OK OK OK 83 83 83 83 83 83 5 5 5 0 0 0 0 1 0 0 1
206 206 linear 4 0 1785 0 0.001 1 0.011802527264107573 0.18357189278323174 0.20147386563136852 0.41018548244638164 0.16475948707472216 0.5 -0.15309463455056277 2.509887439702482 OK 12 11 0.34624100000000002 0.34135399999999999 0.10596800000000001 0.23885899999999999 0.232514 0 0.10738200000000003 0.10883999999999999 0.10596800000000001 0.0092259999999999998 0.0094830000000000001 0.0092239999999999996 0.077074999999999977 0.078635000000000038 0.075518000000000016 0.0031450000000000002 0.0030270000000000002 0.003349 0.00092199999999999997 0.00087699999999999996 0.000919 2.5098875555399407 2.5098875555399407 2.5098875555399407 0.0012838348114118459 0.0012838348114118459 0.0012838348114118459 1 1 1 Converged Converged Converged OK OK OK 75 75 75 75 75 75 5 5 5 0 0 0 0 0 1 0 0
206 206 linear 4 7 1785 1 0.001 1 0.011802527264107573 0.18357189278323174 0.20147386563136852 0.41018548244638164 0.18710736967441993 0.5 -0.17544251715026055 2.4682849768519985 OK 12 11 0.33707500000000001 0.23705999999999999 0.094383999999999996 0.23641300000000001 0.12518199999999999 0 0.100662 0.11187800000000001 0.094383999999999996 0.0083169999999999997 0.0084030000000000007 0.0079880000000000003 0.076196 0.087830000000000033 0.070682000000000009 0.0030109999999999998 0.0030119999999999999 0.0032209999999999999 0.00082200000000000003 0.00078200000000000003 0.00083199999999999984 2.4682806321479593 2.4682806321479593 2.4682806321479593 0.0007546018339854518 0.0007546018339854518 0.0007546018339854518 1 1 1 Converged Converged Converged OK OK OK 75 75 75 75 75 75 5 5 5 0 0 0 0 1 0 0 1
206 206 linear 4 15 1785 2 0.001 1 0.011802527264107573 0.18357189278323174 0.20147386563136852 0.41018548244638164 0.2126478069312174 0.5 -0.20098295440705802 2.4172258696008919 OK 12 11 0.332069 0.233183 0.094381000000000007 0.23403199999999999 0.123725 0 0.098037000000000013 0.109458 0.094381000000000007 0.0083219999999999995 0.0084100000000000008 0.0077380000000000001 0.073824000000000001 0.085307999999999981 0.071219999999999978 0.0029650000000000002 0.002908 0.0030249999999999999 0.00083299999999999997 0.00084099999999999995 0.00085099999999999998 2.4172218534130328 2.4172218534130328 2.4172218534130328 0.00074849098596406634 0.00074849098596406634 0.00074849098596406634 1 1 1 Converged Converged Converged OK OK OK 75 75 75 75 75 75 5 5 5 0 0 0 0 1 0 0 1
206 206 linear 4 23 1785 3 0.001 1 0.011802527264107573 0.18357189278323174 0.20147386563136852 0.41018548244638164 0.23818824418801487 0.5 -0.22652339166385549 2.3634753267876447 OK 13 12 0.34692600000000001 0.24660099999999999 0.100994 0.241921 0.13079499999999999 0 0.10500500000000001 0.11580599999999999 0.100994 0.0089849999999999999 0.0090959999999999999 0.0083569999999999998 0.078491999999999965 0.08787600000000001 0.075848000000000027 0.0030130000000000001 0.0039239999999999995 0.0030130000000000001 0.00090099999999999989 0.00098700000000000003 0.00095599999999999993 2.3634740188487169 2.3634740188487169 2.3634740188487169 0.00061109431236623418 0.00061109431236623418 0.00061109431236623418 1 1 1 Converged Converged Converged OK OK OK 82 82 82 82 82 82 6 6 6 0 0 0 0 1 0 0 1
206 206 linear 4 0 1785 0 0.0001 1 0.011802527264107573 0.18357189278323174 0.20147386563136852 0.41018548244638164 0.16475948707472216 0.5 -0.15309463455056277 2.509887439702482 OK 12 11 0.38958100000000001 0.39444499999999999 0.15420700000000001 0.23383399999999999 0.24166599999999999 0 0.15574700000000002 0.152779 0.15420700000000001 0.0096030000000000004 0.0093980000000000001 0.0090209999999999995 0.11203699999999998 0.10916100000000001 0.11150999999999994 0.0066559999999999996 0.0068519999999999996 0.006594 0.0012599999999999998 0.0012239999999999998 0.001193 2.5098859588699161 2.5098859588699161 2.5098859588699161 2.1809535707616861e-05 2.1809535707616861e-05 2.1809535707616861e-05 1 1 1 Converged Converged Converged OK OK OK 115 115 115 115 115 115 5 5 5 0 0 0 0 0 1 0 0
206 206 linear 4 7 1785 1 0.0001 1 0.011802527264107573 0.18357189278323174 0.20147386563136852 0.41018548244638164 0.18710736967441993 0.5 -0.17544251715026055 2.4682849768519985 OK 12 11 0.34823300000000001 0.25142100000000001 0.10408100000000001 0.23660200000000001 0.128327 0 0.11163100000000001 0.12309400000000001 0.10408100000000001 0.011919000000000001 0.0083649999999999992 0.0078910000000000004 0.081019000000000008 0.09534200000000001 0.077912999999999996 0.0035059999999999996 0.003846 0.0035769999999999995 0.00095799999999999987 0.0010429999999999999 0.00098999999999999999 2.4682836006334687 2.4682836006334687 2.4682836006334687 0.00013099939612372009 0.00013099939612372009 0.00013099939612372009 1 1 1 Converged Converged Converged OK OK OK 83 83 83 83 83 83 5 5 5 0 0 0 0 1 0 0 1
206 206 linear 4 15 1785 2 0.0001 1 0.011802527264107573 0.18357189278323174 0.20147386563136852 0.41018548244638164 0.2126478069312174 0.5 -0.20098295440705802 2.4172258696008919 OK 12 11 0.34494999999999998 0.24734500000000001 0.104062 0.235183 0.12626599999999999 0 0.10976699999999998 0.12107900000000002 0.104062 0.0084480000000000006 0.0083409999999999995 0.0078270000000000006 0.081863000000000019 0.09353000000000003 0.078275000000000011 0.0039030000000000002 0.0039020000000000001 0.0034690000000000003 0.0010449999999999999 0.0010379999999999999 0.00094699999999999993 2.417224466039039 2.417224466039039 2.417224466039039 0.00020939154709269614 0.00020939154709269614 0.00020939154709269614 1 1 1 Converged Converged Converged OK OK OK 83 83 83 83 83 83 5 5 5 0 0 0 0 1 0 0 1
206 206 linear 4 23 1785 3 0.0001 1 0.011802527264107573 0.18357189278323174 0.20147386563136852 0.41018548244638164 0.23818824418801487 0.5 -0.22652339166385549 2.3634753267876447 OK 13 12 0.35663299999999998 0.25628899999999999 0.10832700000000001 0.24318699999999999 0.13140499999999999 0 0.11344599999999999 0.124884 0.10832700000000001 0.0090790000000000003 0.0089479999999999994 0.0082550000000000002 0.085668999999999981 0.097861000000000004 0.082438999999999971 0.0036930000000000001 0.0035469999999999998 0.003339 0.0010970000000000001 0.0010939999999999999 0.001067 2.3634740270616459 2.3634740270616459 2.3634740270616459 0.00012663686965244219 0.00012663686965244219 0.00012663686965244219 1 1 1 Converged Converged Converged OK OK OK 90 90 90 90 90 90 6 6 6 0 0 0 0 1 0 0 1
206 206 uniform 3 0 1786 0 0.001 1 0.011802527264107573 0.18357189278323174 -0.29415231680938614 -0.23532955154935514 -0.33086669536603247 0 0.34253154789019186 2.5731177876475875 OK 13 12 0.28797400000000001 0.28794799999999998 0.058592999999999999 0.22881099999999999 0.22689400000000001 0 0.059163000000000021 0.061053999999999969 0.058592999999999999 0.0090880000000000006 0.0095680000000000001 0.0088920000000000006 0.036905 0.037851000000000003 0.036865000000000009 0.001609 0.002019 0.0016769999999999999 0.00050500000000000002 0.00055499999999999994 0.00052499999999999997 2.5731176197458634 2.5731176197458634 2.5731176197458634 0.0023890988967462568 0.0023890988967462568 0.0023890988967462568 1 1 1 Converged Converged Converged OK OK OK 51 51 51 51 51 51 5 5 5 0 0 0 0 0 1 0 0
206 206 uniform 3 7 1786 1 0.001 1 0.011802527264107573 0.18357189278323174 -0.29415231680938614 -0.23532955154935514 -0.30851881276633469 0 0.32018366529049408 2.6808581361462971 OK 13 12 0.29941699999999999 0.213564 0.071551000000000003 0.226463 0.135875 0 0.072953999999999991 0.077689000000000008 0.071551000000000003 0.0082959999999999996 0.0085629999999999994 0.0079089999999999994 0.049869000000000004 0.053963000000000018 0.049314000000000004 0.0023959999999999997 0.0028380000000000002 0.0024529999999999999 0.00061499999999999999 0.00066700000000000006 0.00064400000000000004 2.6808571138499668 2.6808571138499668 2.6808571138499668 0.0019439883637090631 0.0019439883637090631 0.0019439883637090631 1 1 1 Converged Converged Converged OK OK OK 67 67 67 67 67 67 5 5 5 0 0 0 0 1 0 0 1
206 206 uniform 3 15 1786 2 0.001 1 0.011802527264107573 0.18357189278323174 -0.29415231680938614 -0.23532955154935514 -0.28297837550953725 0 0.29464322803369664 2.8166172790140109 OK 13 12 0.30493599999999998 0.207234 0.070928000000000005 0.23269799999999999 0.127246 0 0.072237999999999997 0.079988000000000004 0.070928000000000005 0.0083000000000000001 0.00843 0.0078180000000000003 0.050219999999999987 0.057318999999999981 0.049851999999999994 0.0023870000000000002 0.0027620000000000001 0.002483 0.00065699999999999992 0.00069700000000000003 0.000611 2.8166161145219157 2.8166161145219157 2.8166161145219157 0.0025774535303182953 0.0025774535303182953 0.0025774535303182953 1 1 1 Converged Converged Converged OK OK OK 67 67 67 67 67 67 5 5 5 0 0 0 0 1 0 0 1
206 206 uniform 3 23 1786 3 0.001 1 0.011802527264107573 0.18357189278323174 -0.29415231680938614 -0.23532955154935514 -0.25743793825273981 0 0.26910279077689919 2.967085157644382 OK 13 12 0.30841499999999999 0.21699499999999999 0.076317999999999997 0.23003000000000001 0.130443 0 0.078384999999999982 0.08655199999999999 0.076317999999999997 0.0083669999999999994 0.0084620000000000008 0.0077879999999999998 0.053241999999999998 0.061139999999999993 0.052441000000000002 0.0030009999999999998 0.0031869999999999997 0.002735 0.00075699999999999986 0.00082300000000000006 0.00073200000000000001 2.9670840771060072 2.9670840771060072 2.9670840771060072 0.0014254492737217205 0.0014254492737217205 0.0014254492737217205 1 1 1 Converged Converged Converged OK OK OK 75 75 75 75 75 75 5 5 5 0 0 0 0 1 0 0 1
206 206 uniform 3 0 1786 0 0.0001 1 0.011802527264107573 0.18357189278323174 -0.29415231680938614 -0.23532955154935514 -0.33086669536603247 0 0.34253154789019186 2.5731177876475875 OK 13 12 0.33790500000000001 0.33640300000000001 0.105457 0.22608800000000001 0.23016300000000001 0 0.111817 0.10624 0.105457 0.0094020000000000006 0.0094070000000000004 0.0089510000000000006 0.069341 0.068818000000000004 0.068412000000000042 0.0048150000000000007 0.0039750000000000002 0.0039810000000000002 0.001101 0.0010110000000000002 0.00099899999999999989 2.5731176768120352 2.5731176768120352 2.5731176768120352 0.00019039073249135023 0.00019039073249135023 0.00019039073249135023 1 1 1 Converged Converged Converged OK OK OK 99 99 99 99 99 99 5 5 5 0 0 0 0 0 1 0 0
206 206 uniform 3 7 1786 1 0.0001 1 0.011802527264107573 0.18357189278323174 -0.29415231680938614 -0.23532955154935514 -0.30851881276633469 0 0.32018366529049408 2.6808581361462971 OK 13 12 0.33006600000000003 0.242617 0.100178 0.22736300000000001 0.13500699999999999 0 0.10270300000000002 0.10761000000000001 0.100178 0.0084729999999999996 0.0085839999999999996 0.0079459999999999999 0.072336999999999985 0.077832999999999986 0.071950999999999987 0.0041940000000000007 0.0040890000000000006 0.0038439999999999998 0.0010370000000000002 0.00098600000000000011 0.00099600000000000014 2.6808580291200399 2.6808580291200399 2.6808580291200399 0.00011898797845066336 0.00011898797845066336 0.00011898797845066336 1 1 1 Converged Converged Converged OK OK OK 99 99 99 99 99 99 5 5 5 0 0 0 0 1 0 0 1
206 206 uniform 3 15 1786 2 0.0001 1 0.011802527264107573 0.18357189278323174 -0.29415231680938614 -0.23532955154935514 -0.28297837550953725 0 0.29464322803369664 2.8166172790140109 OK 13 12 0.319156 0.22412399999999999 0.084971000000000005 0.23261000000000001 0.125253 0 0.086545999999999984 0.098870999999999987 0.084971000000000005 0.0082939999999999993 0.012609 0.0079600000000000001 0.060159000000000004 0.068134 0.059745000000000006 0.0031690000000000004 0.0032779999999999997 0.003202 0.00087099999999999992 0.00088599999999999996 0.00085499999999999997 2.8166172065051787 2.8166172065051787 2.8166172065051787 0.00023220103059718044 0.00023220103059718044 0.00023220103059718044 1 1 1 Converged Converged Converged OK OK OK 83 83 83 83 83 83 5 5 5 0 0 0 0 1 0 0 1
206 206 uniform 3 23 1786 3 0.0001 1 0.011802527264107573 0.18357189278323174 -0.29415231680938614 -0.23532955154935514 -0.25743793825273981 0 0.26910279077689919 2.967085157644382 OK 13 12 0.31425199999999998 0.222353 0.083498000000000003 0.22751099999999999 0.12959200000000001 0 0.086740999999999985 0.092760999999999982 0.083498000000000003 0.0084180000000000001 0.0084069999999999995 0.0078510000000000003 0.059314000000000013 0.066460000000000005 0.05835499999999999 0.003718 0.0033210000000000002 0.0031689999999999999 0.00090099999999999989 0.00088000000000000014 0.00081200000000000011 2.9670851949566059 2.9670851949566059 2.9670851949566059 0.00020961072152426305 0.00020961072152426305 0.00020961072152426305 1 1 1 Converged Converged Converged OK OK OK 83 83 83 83 83 83 5 5 5 0 0 0 0 1 0 0 1
206 206 uniform 4 0 1787 0 0.001 1 0.011802527264107573 0.18357189278323174 0.20147386563136852 0.41018548244638164 0.16475948707472216 0 -0.15309463455056277 2.5150602900770656 OK 12 11 0.33043099999999997 0.32564300000000002 0.088838 0.24091499999999999 0.232514 0 0.089515999999999984 0.093129000000000017 0.088838 0.0093799999999999994 0.0094310000000000001 0.0091000000000000004 0.060093999999999974 0.063512000000000013 0.059996999999999995 0.0029600000000000004 0.003078 0.0028880000000000004 0.00084499999999999994 0.00081999999999999998 0.00083000000000000001 2.5150674401718769 2.5150674401718769 2.5150674401718769 0.0016476560895393017 0.0016476560895393017 0.0016476560895393017 1 1 1 Converged Converged Converged OK OK OK 75 75 75 75 75 75 5 5 5 0 0 0 0 0 1 0 0
206 206 uniform 4 7 1787 1 0.001 1 0.011802527264107573 0.18357189278323174 0.20147386563136852 0.41018548244638164 0.18710736967441993 0 -0.17544251715026055 2.4731859294752461 OK 12 11 0.32159399999999999 0.22503600000000001 0.078869999999999996 0.236628 0.12709699999999999 0 0.084965999999999986 0.097939000000000026 0.078869999999999996 0.0084650000000000003 0.0084709999999999994 0.0079080000000000001 0.059946999999999973 0.073741000000000001 0.055722000000000008 0.0032029999999999997 0.0029639999999999996 0.0027329999999999998 0.00089400000000000005 0.00084900000000000004 0.0008389999999999999 2.4731851443278661 2.4731851443278661 2.4731851443278661 0.0007920422666416948 0.0007920422666416948 0.0007920422666416948 1 1 1 Converged Converged Converged OK OK OK 75 75 75 75 75 75 5 5 5 0 0 0 0 1 0 0 1
206 206 uniform 4 15 1787 2 0.001 1 0.011802527264107573 0.18357189278323174 0.20147386563136852 0.41018548244638164 0.2126478069312174 0 -0.20098295440705802 2.4218047993515586 OK 12 11 0.31006400000000001 0.21055699999999999 0.072749999999999995 0.23624899999999999 0.12651599999999999 0 0.073815000000000019 0.084041000000000005 0.072749999999999995 0.0083059999999999991 0.0083800000000000003 0.0078440000000000003 0.051852000000000009 0.061778000000000007 0.051522999999999992 0.0024449999999999997 0.0025720000000000001 0.002418 0.00062500000000000001 0.00068100000000000007 0.00064099999999999997 2.4218041008675799 2.4218041008675799 2.4218041008675799 0.0020464538905869759 0.0020464538905869759 0.0020464538905869759 1 1 1 Converged Converged Converged OK OK OK 67 67 67 67 67 67 5 5 5 0 0 0 0 1 0 0 1
206 206 uniform 4 23 1787 3 0.001 1 0.011802527264107573 0.18357189278323174 0.20147386563136852 0.41018548244638164 0.23818824418801487 0 -0.22652339166385549 2.3677275604185772 OK 13 12 0.32495400000000002 0.21632299999999999 0.076836000000000002 0.24635099999999999 0.13012199999999999 0 0.078603000000000034 0.086201 0.076836000000000002 0.0090240000000000008 0.0091830000000000002 0.0081390000000000004 0.05502099999999998 0.062434999999999997 0.054894000000000005 0.002598 0.0027559999999999998 0.0024459999999999998 0.000794 0.00089800000000000004 0.00073499999999999998 2.3677277153099712 2.3677277153099712 2.3677277153099712 0.0011851968234505793 0.0011851968234505793 0.0011851968234505793 1 1 1 Converged Converged Converged OK OK OK 74 74 74 74 74 74 6 6 6 0 0 0 0 1 0 0 1
206 206 uniform 4 0 1787 0 0.0001 1 0.011802527264107573 0.18357189278323174 0.20147386563136852 0.41018548244638164 0.16475948707472216 0 -0.15309463455056277 2.5150602900770656 OK 12 11 0.36664999999999998 0.366253 0.13037299999999999 0.23586499999999999 0.23430200000000001 0 0.13078499999999998 0.13195099999999998 0.13037299999999999 0.0094369999999999992 0.0093989999999999994 0.0091909999999999995 0.086495000000000016 0.085876000000000022 0.085008000000000028 0.0070280000000000004 0.006123 0.0063250000000000008 0.001358 0.0045009999999999998 0.0041840000000000002 2.5150602827780881 2.5150602827780881 2.5150602827780881 2.5331371961317919e-05 2.5331371961317919e-05 2.5331371961317919e-05 1 1 1 Converged Converged Converged OK OK OK 115 115 115 115 115 115 5 5 5 0 0 0 0 0 1 0 0
206 206 uniform 4 7 1787 1 0.0001 1 0.011802527264107573 0.18357189278323174 0.20147386563136852 0.41018548244638164 0.18710736967441993 0 -0.17544251715026055 2.4731859294752461 OK 12 11 0.32733499999999999 0.23364499999999999 0.087012000000000006 0.23860000000000001 0.127167 0 0.088734999999999981 0.10647799999999999 0.087012000000000006 0.0084259999999999995 0.0085310000000000004 0.0078899999999999994 0.061952999999999987 0.079121999999999998 0.061376999999999994 0.0032010000000000007 0.0034929999999999996 0.003189 0.0010370000000000002 0.0011349999999999999 0.000959 2.4731860543110749 2.4731860543110749 2.4731860543110749 0.00017885977783185794 0.00017885977783185794 0.00017885977783185794 1 1 1 Converged Converged Converged OK OK OK 83 83 83 83 83 83 5 5 5 0 0 0 0 1 0 0 1
206 206 uniform 4 15 1787 2 0.0001 1 0.011802527264107573 0.18357189278323174 0.20147386563136852 0.41018548244638164 0.2126478069312174 0 -0.20098295440705802 2.4218047993515586 OK 12 11 0.32641500000000001 0.22737099999999999 0.087895000000000001 0.235342 0.12418899999999999 0 0.091073000000000015 0.103182 0.087895000000000001 0.0084569999999999992 0.0083470000000000003 0.0079579999999999998 0.062869000000000022 0.076695000000000013 0.062182999999999981 0.0042430000000000002 0.0032249999999999996 0.0033030000000000004 0.001011 0.00092900000000000014 0.0010679999999999999 2.4218048025635959 2.4218048025635959 2.4218048025635959 0.00015655982846976844 0.00015655982846976844 0.00015655982846976844 1 1 1 Converged Converged Converged OK OK OK 83 83 83 83 83 83 5 5 5 0 0 0 0 1 0 0 1
206 206 uniform 4 23 1787 3 0.0001 1 0.011802527264107573 0.18357189278323174 0.20147386563136852 0.41018548244638164 0.23818824418801487 0 -0.22652339166385549 2.3677275604185772 OK 13 12 0.33616600000000002 0.23821999999999999 0.090465000000000004 0.24412900000000001 0.131052 0 0.092037000000000008 0.10716799999999999 0.090465000000000004 0.0090570000000000008 0.0090100000000000006 0.0084320000000000003 0.064640000000000003 0.08028400000000005 0.064664999999999973 0.0033539999999999998 0.0033249999999999998 0.0031670000000000001 0.0011670000000000001 0.001075 0.0010150000000000001 2.3677276892088304 2.3677276892088304 2.3677276892088304 7.9259966336993912e-05 7.9259966336993912e-05 7.9259966336993912e-05 1 1 1 Converged Converged Converged OK OK OK 90 90 90 90 90 90 6 6 6 0 0 0 0 1 0 0 1
207 207 linear 3 0 1788 0 0.001 1 0.67153128835994214 0.27383063976084365 -0.49170112534213789 -0.3843060602110725 -0.54646725329430668 0.5 0.94821342043834456 1.5988901652613721 OK 13 12 0.276503 0.27539999999999998 0.083197999999999994 0.189023 0.19053100000000001 0 0.087480000000000002 0.084868999999999972 0.083197999999999994 0.0096849999999999992 0.0094610000000000007 0.0088450000000000004 0.057925000000000018 0.056239000000000004 0.055656000000000018 0.0028429999999999996 0.0027609999999999996 0.002699 0.00086899999999999998 0.00080699999999999999 0.00078700000000000016 1.5988892771831766 1.5988892771831766 1.5988892771831766 0.00039926148793028497 0.00039926148793028497 0.00039926148793028497 1 1 1 Converged Converged Converged OK OK OK 60 60 60 60 60 60 4 4 4 0 0 0 0 0 1 0 0
207 207 linear 3 7 1788 1 0.001 1 0.67153128835994214 0.27383063976084365 -0.49170112534213789 -0.3843060602110725 -0.5131313493234213 0.5 0.91487751646745918 1.6148724539962966 OK 13 12 0.28966599999999998 0.23516400000000001 0.084172999999999998 0.200373 0.14631 0 0.089292999999999983 0.088854000000000016 0.084172999999999998 0.0089619999999999995 0.0086929999999999993 0.0082470000000000009 0.063051999999999997 0.063620999999999955 0.060264999999999992 0.0032130000000000006 0.0029580000000000001 0.0028209999999999997 0.00080400000000000003 0.00073899999999999997 0.00071499999999999992 1.6148719448371394 1.6148719448371394 1.6148719448371394 0.00021980989830561721 0.00021980989830561721 0.00021980989830561721 1 1 1 Converged Converged Converged OK OK OK 67 67 67 67 67 67 5 5 5 0 0 0 0 1 0 0 1
207 207 linear 3 15 1788 2 0.001 1 0.67153128835994214 0.27383063976084365 -0.49170112534213789 -0.3843060602110725 -0.47503317335669526 0.5 0.87677934050073314 1.6314034282087133 OK 13 12 0.31459599999999999 0.243203 0.082869999999999999 0.22797500000000001 0.155746 0 0.086620999999999976 0.087457000000000007 0.082869999999999999 0.0085559999999999994 0.0083339999999999994 0.0078469999999999998 0.062389000000000021 0.063855000000000009 0.06051900000000001 0.0029990000000000004 0.0028660000000000001 0.0026579999999999998 0.00079500000000000003 0.00075600000000000005 0.00073899999999999997 1.6314025477396454 1.6314025477396454 1.6314025477396454 0.00022703152219377017 0.00022703152219377017 0.00022703152219377017 1 1 1 Converged Converged Converged OK OK OK 67 67 67 67 67 67 5 5 5 0 0 0 0 1 0 0 1
207 207 linear 3 23 1788 3 0.001 1 0.67153128835994214 0.27383063976084365 -0.49170112534213789 -0.3843060602110725 -0.43693499738996916 0.5 0.83868116453400698 1.6468599147912533 OK 13 12 0.34715699999999999 0.245388 0.082950999999999997 0.26074399999999998 0.158278 0 0.086413000000000018 0.087109999999999993 0.082950999999999997 0.0085290000000000001 0.0085159999999999993 0.007835 0.062663999999999997 0.063631999999999994 0.060728000000000004 0.0026710000000000002 0.0026570000000000001 0.0026420000000000003 0.00076000000000000004 0.00075299999999999998 0.00073299999999999993 1.6468589994085501 1.6468589994085501 1.6468589994085501 0.00062045598973008154 0.00062045598973008154 0.00062045598973008154 1 1 1 Converged Converged Converged OK OK OK 67 67 67 67 67 67 5 5 5 0 0 0 0 1 0 0 1
207 207 linear 3 0 1788 0 0.0001 1 0.67153128835994214 0.27383063976084365 -0.49170112534213789 -0.3843060602110725 -0.54646725329430668 0.5 0.94821342043834456 1.5988901652613721 OK 13 12 0.29518499999999998 0.29628900000000002 0.103453 0.18885299999999999 0.19042999999999999 0 0.10633199999999998 0.10585900000000004 0.103453 0.0091649999999999995 0.0093959999999999998 0.008848 0.071648000000000003 0.069993999999999987 0.069260999999999989 0.0039239999999999995 0.0043470000000000002 0.0040590000000000001 0.00092699999999999998 0.0010330000000000001 0.00096199999999999996 1.5988892754462936 1.5988892754462936 1.5988892754462936 9.9245195227301789e-05 9.9245195227301789e-05 9.9245195227301789e-05 1 1 1 Converged Converged Converged OK OK OK 76 76 76 76 76 76 4 4 4 0 0 0 0 0 1 0 0
207 207 linear 3 7 1788 1 0.0001 1 0.67153128835994214 0.27383063976084365 -0.49170112534213789 -0.3843060602110725 -0.5131313493234213 0.5 0.91487751646745918 1.6148724539962966 OK 13 12 0.301983 0.25404100000000002 0.100671 0.19542999999999999 0.14782400000000001 0 0.10655300000000001 0.10621700000000001 0.100671 0.0088749999999999992 0.0087309999999999992 0.0080510000000000009 0.076045000000000001 0.077679999999999985 0.073214999999999988 0.0047580000000000001 0.0040260000000000001 0.0040289999999999996 0.00095800000000000008 0.00086000000000000009 0.000843 1.6148715706974408 1.6148715706974408 1.6148715706974408 0.0001115218070822021 0.0001115218070822021 0.0001115218070822021 1 1 1 Converged Converged Converged OK OK OK 83 83 83 83 83 83 5 5 5 0 0 0 0 1 0 0 1
207 207 linear 3 15 1788 2 0.0001 1 0.67153128835994214 0.27383063976084365 -0.49170112534213789 -0.3843060602110725 -0.47503317335669526 0.5 0.87677934050073314 1.6314034282087133 OK 13 12 0.32191500000000001 0.250641 0.090525999999999995 0.22657099999999999 0.15468299999999999 0 0.095344000000000012 0.095958000000000016 0.090525999999999995 0.0085210000000000008 0.008463 0.0077990000000000004 0.069057999999999981 0.070865000000000011 0.066585999999999979 0.0035920000000000006 0.0031110000000000005 0.0031889999999999996 0.00097400000000000004 0.00085700000000000012 0.00085499999999999997 1.6314025489013262 1.6314025489013262 1.6314025489013262 0.0001206095136878719 0.0001206095136878719 0.0001206095136878719 1 1 1 Converged Converged Converged OK OK OK 75 75 75 75 75 75 5 5 5 0 0 0 0 1 0 0 1
207 207 linear 3 23 1788 3 0.0001 1 0.67153128835994214 0.27383063976084365 -0.49170112534213789 -0.3843060602110725 -0.43693499738996916 0.5 0.83868116453400698 1.6468599147912533 OK 13 12 0.35616700000000001 0.25494699999999998 0.090721999999999997 0.26111400000000001 0.15900400000000001 0 0.095052999999999999 0.095942999999999973 0.090721999999999997 0.0084220000000000007 0.0084449999999999994 0.0078560000000000001 0.069149000000000016 0.071056999999999981 0.066804000000000016 0.0034480000000000005 0.0029979999999999998 0.0031019999999999997 0.00089599999999999988 0.00081900000000000007 0.00084499999999999994 1.6468590075597191 1.6468590075597191 1.6468590075597191 0.00011898465349868381 0.00011898465349868381 0.00011898465349868381 1 1 1 Converged Converged Converged OK OK OK 75 75 75 75 75 75 5 5 5 0 0 0 0 1 0 0 1
207 207 linear 4 0 1789 0 0.001 1 0.67153128835994214 0.27383063976084365 0.021066210298183456 -1.1084621259969782 -0.033699917653985278 0.5 0.4354460847980231 1.3011723704637266 OK 13 12 0.28569899999999998 0.28892600000000002 0.097073000000000007 0.18423100000000001 0.18934400000000001 0 0.10146799999999997 0.099582000000000004 0.097073000000000007 0.0098209999999999999 0.0097319999999999993 0.0091970000000000003 0.070441999999999991 0.068654000000000007 0.068003999999999995 0.0031149999999999997 0.0031029999999999999 0.0026979999999999999 0.0010810000000000001 0.0010430000000000001 0.00093300000000000002 1.3011716324180369 1.3011716324180369 1.3011716324180369 0.00080287663695410188 0.00080287663695410188 0.00080287663695410188 1 1 1 Converged Converged Converged OK OK OK 67 67 67 67 67 67 5 5 5 0 0 0 0 0 1 0 0
207 207 linear 4 7 1789 1 0.001 1 0.67153128835994214 0.27383063976084365 0.021066210298183456 -1.1084621259969782 -0.00036401368309995838 0.5 0.40211018082713779 1.3019239445462558 OK 13 12 0.289136 0.23754500000000001 0.098471000000000003 0.187306 0.126278 0 0.10183 0.111267 0.098471000000000003 0.0086610000000000003 0.0085240000000000003 0.0081480000000000007 0.076654999999999959 0.086946999999999983 0.074612999999999985 0.0027989999999999998 0.0026259999999999999 0.002761 0.00090900000000000009 0.00082799999999999996 0.00090400000000000007 1.301923493680414 1.301923493680414 1.301923493680414 0.00037720660284051432 0.00037720660284051432 0.00037720660284051432 1 1 1 Converged Converged Converged OK OK OK 74 74 74 74 74 74 6 6 6 0 0 0 0 1 0 0 1
207 207 linear 4 15 1789 2 0.001 1 0.67153128835994214 0.27383063976084365 0.021066210298183456 -1.1084621259969782 0.03773416228362611 0.5 0.36401200486041174 1.3025569932445433 OK 13 12 0.28379799999999999 0.23618700000000001 0.095368999999999995 0.18490200000000001 0.12781500000000001 0 0.098895999999999984 0.108372 0.095368999999999995 0.0085369999999999994 0.008633 0.0080300000000000007 0.075186000000000031 0.084243999999999999 0.073093999999999978 0.0029030000000000002 0.0031380000000000002 0.0027850000000000001 0.00095100000000000002 0.0011039999999999999 0.00083599999999999994 1.3025562460602362 1.3025562460602362 1.3025562460602362 9.0423855330793237e-05 9.0423855330793237e-05 9.0423855330793237e-05 1 1 1 Converged Converged Converged OK OK OK 74 74 74 74 74 74 6 6 6 0 0 0 0 1 0 0 1
207 207 linear 4 23 1789 3 0.001 1 0.67153128835994214 0.27383063976084365 0.021066210298183456 -1.1084621259969782 0.075832338250352183 0.5 0.32591382889368564 1.3029854495479598 OK 13 12 0.27890100000000001 0.234595 0.089337 0.183978 0.13021199999999999 0 0.094923000000000007 0.104383 0.089337 0.0086949999999999996 0.0085079999999999999 0.0080330000000000002 0.070005999999999999 0.080638000000000015 0.066584999999999991 0.0031979999999999995 0.0026279999999999997 0.0025720000000000001 0.00085999999999999998 0.00083500000000000002 0.00077699999999999991 1.3029846712564424 1.3029846712564424 1.3029846712564424 0.00019661896809192658 0.00019661896809192658 0.00019661896809192658 1 1 1 Converged Converged Converged OK OK OK 67 67 67 67 67 67 5 5 5 0 0 0 0 1 0 0 1
207 207 linear 4 0 1789 0 0.0001 1 0.67153128835994214 0.27383063976084365 0.021066210298183456 -1.1084621259969782 -0.033699917653985278 0.5 0.4354460847980231 1.3011723704637266 OK 13 12 0.316911 0.31724799999999997 0.13105 0.181616 0.184001 0 0.135295 0.13324699999999998 0.13105 0.009391 0.010671999999999999 0.0094490000000000008 0.092629999999999935 0.092772000000000035 0.092093000000000036 0.0040219999999999995 0.003947 0.0039199999999999999 0.001173 0.0011829999999999998 0.001178 1.3011715710473382 1.3011715710473382 1.3011715710473382 4.4745189678153234e-06 4.4745189678153234e-06 4.4745189678153234e-06 1 1 1 Converged Converged Converged OK OK OK 91 91 91 91 91 91 5 5 5 0 0 0 0 0 1 0 0
207 207 linear 4 7 1789 1 0.0001 1 0.67153128835994214 0.27383063976084365 0.021066210298183456 -1.1084621259969782 -0.00036401368309995838 0.5 0.40211018082713779 1.3019239445462558 OK 13 12 0.294628 0.24924099999999999 0.105952 0.18512200000000001 0.128141 0 0.10950599999999999 0.12109999999999999 0.105952 0.0087100000000000007 0.0088380000000000004 0.0080239999999999999 0.083635000000000015 0.094571000000000016 0.081055999999999961 0.0033299999999999996 0.0036170000000000004 0.0032530000000000002 0.001129 0.001253 0.0011199999999999999 1.3019234873266565 1.3019234873266565 1.3019234873266565 9.72321234824195e-05 9.72321234824195e-05 9.72321234824195e-05 1 1 1 Converged Converged Converged OK OK OK 82 82 82 82 82 82 6 6 6 0 0 0 0 1 0 0 1
207 207 linear 4 15 1789 2 0.0001 1 0.67153128835994214 0.27383063976084365 0.021066210298183456 -1.1084621259969782 0.03773416228362611 0.5 0.36401200486041174 1.3025569932445433 OK 13 12 0.281696 0.235842 0.095516000000000004 0.182647 0.12726599999999999 0 0.099048999999999998 0.10857600000000001 0.095516000000000004 0.0085500000000000003 0.0087770000000000001 0.0080289999999999997 0.075475 0.084210999999999994 0.07279300000000001 0.0027249999999999996 0.003094 0.0028250000000000003 0.00086699999999999993 0.0010319999999999999 0.00095299999999999996 1.3025562460602362 1.3025562460602362 1.3025562460602362 9.0423855330793237e-05 9.0423855330793237e-05 9.0423855330793237e-05 1 1 1 Converged Converged Converged OK OK OK 74 74 74 74 74 74 6 6 6 0 0 0 0 1 0 0 1
207 207 linear 4 23 1789 3 0.0001 1 0.67153128835994214 0.27383063976084365 0.021066210298183456 -1.1084621259969782 0.075832338250352183 0.5 0.32591382889368564 1.3029854495479598 OK 13 12 0.29960100000000001 0.26800299999999999 0.111889 0.18346100000000001 0.131296 0 0.11613999999999999 0.136707 0.111889 0.0086409999999999994 0.0086269999999999993 0.0081220000000000007 0.086786000000000071 0.10648400000000002 0.08368600000000001 0.0035929999999999998 0.0042319999999999997 0.0034949999999999998 0.001057 0.0012079999999999999 0.0010690000000000001 1.3029846711312643 1.3029846711312643 1.3029846711312643 7.9228271776218969e-05 7.9228271776218969e-05 7.9228271776218969e-05 1 1 1 Converged Converged Converged OK OK OK 83 83 83 83 83 83 5 5 5 0 0 0 0 1 0 0 1
207 207 uniform 3 0 1790 0 0.001 1 0.67153128835994214 0.27383063976084365 -0.49170112534213789 -0.3843060602110725 -0.54646725329430668 0 0.94821342043834456 1.6033333721216207 OK 13 12 0.26378099999999999 0.26264700000000002 0.071728 0.19139900000000001 0.18973000000000001 0 0.072381999999999974 0.07291700000000001 0.071728 0.0091800000000000007 0.0093200000000000002 0.0091520000000000004 0.043920000000000008 0.04416299999999998 0.043602999999999989 0.0025939999999999995 0.0027399999999999998 0.002545 0.00074699999999999994 0.00077499999999999997 0.00076099999999999996 1.6033334832221284 1.6033334832221284 1.6033334832221284 0.00011025084534416999 0.00011025084534416999 0.00011025084534416999 1 1 1 Converged Converged Converged OK OK OK 60 60 60 60 60 60 4 4 4 0 0 0 0 0 1 0 0
207 207 uniform 3 7 1790 1 0.001 1 0.67153128835994214 0.27383063976084365 -0.49170112534213789 -0.3843060602110725 -0.5131313493234213 0 0.91487751646745918 1.6197728488588068 OK 13 12 0.26718199999999998 0.22395300000000001 0.070716000000000001 0.19511300000000001 0.14785799999999999 0 0.072068999999999966 0.076095000000000024 0.070716000000000001 0.0087709999999999993 0.0089379999999999998 0.0082310000000000005 0.04757200000000001 0.050626000000000004 0.047126999999999988 0.0024030000000000002 0.0027439999999999999 0.0024859999999999999 0.000776 0.0008389999999999999 0.00078899999999999999 1.6197736001187972 1.6197736001187972 1.6197736001187972 0.00023681910386447104 0.00023681910386447104 0.00023681910386447104 1 1 1 Converged Converged Converged OK OK OK 67 67 67 67 67 67 5 5 5 0 0 0 0 1 0 0 1
207 207 uniform 3 15 1790 2 0.001 1 0.67153128835994214 0.27383063976084365 -0.49170112534213789 -0.3843060602110725 -0.47503317335669526 0 0.87677934050073314 1.636793284510411 OK 13 12 0.29795300000000002 0.22791 0.069261000000000003 0.22634599999999999 0.153611 0 0.071607000000000032 0.074299000000000004 0.069261000000000003 0.0085400000000000007 0.0085050000000000004 0.0078130000000000005 0.047659 0.050581000000000001 0.04703800000000001 0.0026180000000000005 0.0026650000000000003 0.0024299999999999999 0.000794 0.00081599999999999999 0.00079199999999999995 1.6367934223943594 1.6367934223943594 1.6367934223943594 0.00011210375234379845 0.00011210375234379845 0.00011210375234379845 1 1 1 Converged Converged Converged OK OK OK 67 67 67 67 67 67 5 5 5 0 0 0 0 1 0 0 1
207 207 uniform 3 23 1790 3 0.001 1 0.67153128835994214 0.27383063976084365 -0.49170112534213789 -0.3843060602110725 -0.43693499738996916 0 0.83868116453400698 1.6526958077984306 OK 13 12 0.33368700000000001 0.23321900000000001 0.069554000000000005 0.261681 0.15956899999999999 0 0.072006000000000014 0.073650000000000021 0.069554000000000005 0.0084069999999999995 0.0084950000000000008 0.0078519999999999996 0.047840999999999995 0.050185999999999995 0.047392999999999991 0.0028310000000000002 0.00263 0.0024480000000000001 0.00082600000000000002 0.00076400000000000003 0.00076599999999999997 1.6526959588285803 1.6526959588285803 1.6526959588285803 0.00026362123964496215 0.00026362123964496215 0.00026362123964496215 1 1 1 Converged Converged Converged OK OK OK 67 67 67 67 67 67 5 5 5 0 0 0 0 1 0 0 1
207 207 uniform 3 0 1790 0 0.0001 1 0.67153128835994214 0.27383063976084365 -0.49170112534213789 -0.3843060602110725 -0.54646725329430668 0 0.94821342043834456 1.6033333721216207 OK 13 12 0.25937300000000002 0.26165500000000003 0.071659 0.18718000000000001 0.188527 0 0.072193000000000007 0.073128000000000026 0.071659 0.0092119999999999997 0.0093640000000000008 0.0088380000000000004 0.043808 0.044335999999999993 0.043638000000000003 0.0025079999999999998 0.0027539999999999999 0.002526 0.00075900000000000013 0.00081799999999999993 0.00077500000000000008 1.6033334832221284 1.6033334832221284 1.6033334832221284 0.00011025084534416999 0.00011025084534416999 0.00011025084534416999 1 1 1 Converged Converged Converged OK OK OK 60 60 60 60 60 60 4 4 4 0 0 0 0 0 1 0 0
207 207 uniform 3 7 1790 1 0.0001 1 0.67153128835994214 0.27383063976084365 -0.49170112534213789 -0.3843060602110725 -0.5131313493234213 0 0.91487751646745918 1.6197728488588068 OK 13 12 0.27956999999999999 0.236961 0.085827000000000001 0.19389500000000001 0.14600299999999999 0 0.085674999999999973 0.090958000000000011 0.085827000000000001 0.0086719999999999992 0.0088299999999999993 0.0081620000000000009 0.056936 0.061430999999999986 0.057236000000000002 0.0033440000000000002 0.0038079999999999998 0.0038279999999999998 0.00086200000000000003 0.00086899999999999998 0.0009149999999999998 1.6197729766138078 1.6197729766138078 1.6197729766138078 4.6959821239871045e-05 4.6959821239871045e-05 4.6959821239871045e-05 1 1 1 Converged Converged Converged OK OK OK 83 83 83 83 83 83 5 5 5 0 0 0 0 1 0 0 1
207 207 uniform 3 15 1790 2 0.0001 1 0.67153128835994214 0.27383063976084365 -0.49170112534213789 -0.3843060602110725 -0.47503317335669526 0 0.87677934050073314 1.636793284510411 OK 13 12 0.29600900000000002 0.229712 0.069365999999999997 0.222131 0.15130099999999999 0 0.073878000000000027 0.078411000000000008 0.069365999999999997 0.0083059999999999991 0.0085240000000000003 0.0077770000000000001 0.050494999999999991 0.054820000000000015 0.047374999999999994 0.0025140000000000002 0.0026639999999999997 0.0025100000000000001 0.00075799999999999999 0.00072499999999999995 0.00071500000000000003 1.6367934223943594 1.6367934223943594 1.6367934223943594 0.00011210375234379845 0.00011210375234379845 0.00011210375234379845 1 1 1 Converged Converged Converged OK OK OK 67 67 67 67 67 67 5 5 5 0 0 0 0 1 0 0 1
207 207 uniform 3 23 1790 3 0.0001 1 0.67153128835994214 0.27383063976084365 -0.49170112534213789 -0.3843060602110725 -0.43693499738996916 0 0.83868116453400698 1.6526958077984306 OK 13 12 0.34136100000000003 0.23879800000000001 0.075971999999999998 0.26358199999999998 0.157557 0 0.077779000000000043 0.081241000000000008 0.075971999999999998 0.0083510000000000008 0.0084519999999999994 0.0079279999999999993 0.052477000000000003 0.056263999999999995 0.052141000000000007 0.002954 0.0029290000000000002 0.0027060000000000005 0.00093599999999999998 0.00089599999999999988 0.00087799999999999998 1.6526959422691645 1.6526959422691645 1.6526959422691645 5.5735125970345077e-05 5.5735125970345077e-05 5.5735125970345077e-05 1 1 1 Converged Converged Converged OK OK OK 75 75 75 75 75 75 5 5 5 0 0 0 0 1 0 0 1
207 207 uniform 4 0 1791 0 0.001 1 0.67153128835994214 0.27383063976084365 0.021066210298183456 -1.1084621259969782 -0.033699917653985278 0 0.4354460847980231 1.3026340061440074 OK 13 12 0.26275300000000001 0.25960499999999997 0.075676999999999994 0.18661800000000001 0.18335299999999999 0 0.076135000000000008 0.076251999999999986 0.075676999999999994 0.0094280000000000006 0.0093620000000000005 0.0094610000000000007 0.049709999999999976 0.049731000000000004 0.049456000000000021 0.0020810000000000004 0.002127 0.0021749999999999999 0.00072599999999999997 0.00071100000000000004 0.00072300000000000001 1.3026341777436654 1.3026341777436654 1.3026341777436654 0.00072190306001881585 0.00072190306001881585 0.00072190306001881585 1 1 1 Converged Converged Converged OK OK OK 59 59 59 59 59 59 5 5 5 0 0 0 0 0 1 0 0
207 207 uniform 4 7 1791 1 0.001 1 0.67153128835994214 0.27383063976084365 0.021066210298183456 -1.1084621259969782 -0.00036401368309995838 0 0.40211018082713779 1.3033764686986615 OK 13 12 0.26196999999999998 0.213389 0.076120999999999994 0.18396199999999999 0.123764 0 0.078007999999999994 0.089624999999999996 0.076120999999999994 0.0087080000000000005 0.0085620000000000002 0.0080730000000000003 0.055030999999999976 0.067445999999999992 0.054486000000000014 0.0020229999999999996 0.0020579999999999999 0.002052 0.00084899999999999993 0.00071699999999999997 0.00078399999999999997 1.303378208271645 1.303378208271645 1.303378208271645 0.0012231544771294511 0.0012231544771294511 0.0012231544771294511 1 1 1 Converged Converged Converged OK OK OK 66 66 66 66 66 66 6 6 6 0 0 0 0 1 0 0 1
207 207 uniform 4 15 1791 2 0.001 1 0.67153128835994214 0.27383063976084365 0.021066210298183456 -1.1084621259969782 0.03773416228362611 0 0.36401200486041174 1.304000101946861 OK 13 12 0.26556000000000002 0.220002 0.081114000000000006 0.18279400000000001 0.124489 0 0.082766000000000006 0.095513000000000001 0.081114000000000006 0.0084849999999999995 0.0085360000000000002 0.0079340000000000001 0.058296000000000001 0.071479000000000001 0.058076000000000003 0.0024249999999999996 0.0024819999999999998 0.0023570000000000002 0.0009810000000000001 0.00082599999999999991 0.00083800000000000009 1.3040001456465253 1.3040001456465253 1.3040001456465253 0.00010777326186246272 0.00010777326186246272 0.00010777326186246272 1 1 1 Converged Converged Converged OK OK OK 74 74 74 74 74 74 6 6 6 0 0 0 0 1 0 0 1
207 207 uniform 4 23 1791 3 0.001 1 0.67153128835994214 0.27383063976084365 0.021066210298183456 -1.1084621259969782 0.075832338250352183 0 0.32591382889368564 1.3044229228039441 OK 13 12 0.26038099999999997 0.21998400000000001 0.075759000000000007 0.18251999999999999 0.127882 0 0.077860999999999986 0.092102000000000017 0.075759000000000007 0.0084849999999999995 0.0086099999999999996 0.0080450000000000001 0.053646999999999986 0.067911000000000013 0.053222000000000019 0.0025690000000000001 0.0028539999999999998 0.0023600000000000001 0.00089399999999999994 0.00083100000000000003 0.00080799999999999991 1.3044229096940265 1.3044229096940265 1.3044229096940265 9.8256681116292181e-05 9.8256681116292181e-05 9.8256681116292181e-05 1 1 1 Converged Converged Converged OK OK OK 67 67 67 67 67 67 5 5 5 0 0 0 0 1 0 0 1
207 207 uniform 4 0 1791 0 0.0001 1 0.67153128835994214 0.27383063976084365 0.021066210298183456 -1.1084621259969782 -0.033699917653985278 0 0.4354460847980231 1.3026340061440074 OK 13 12 0.27656799999999998 0.27813700000000002 0.091778999999999999 0.18418399999999999 0.18511 0 0.092383999999999994 0.093027000000000026 0.091778999999999999 0.0095300000000000003 0.0098119999999999995 0.0094649999999999995 0.060072 0.060222999999999978 0.060025999999999975 0.0028579999999999999 0.0030559999999999997 0.0028159999999999999 0.0010679999999999999 0.0011069999999999999 0.0011069999999999999 1.302633981826866 1.302633981826866 1.302633981826866 4.3808864099296502e-05 4.3808864099296502e-05 4.3808864099296502e-05 1 1 1 Converged Converged Converged OK OK OK 75 75 75 75 75 75 5 5 5 0 0 0 0 0 1 0 0
207 207 uniform 4 7 1791 1 0.0001 1 0.67153128835994214 0.27383063976084365 0.021066210298183456 -1.1084621259969782 -0.00036401368309995838 0 0.40211018082713779 1.3033764686986615 OK 13 12 0.291211 0.24265999999999999 0.103558 0.184584 0.12327200000000001 0 0.106627 0.11938799999999998 0.103558 0.0087500000000000008 0.0087880000000000007 0.0080510000000000009 0.07459600000000001 0.088423999999999975 0.073772999999999977 0.0043049999999999998 0.0039220000000000001 0.0035629999999999998 0.0013499999999999999 0.0013000000000000002 0.00116 1.3033764477893823 1.3033764477893823 1.3033764477893823 9.9148741892449086e-06 9.9148741892449086e-06 9.9148741892449086e-06 1 1 1 Converged Converged Converged OK OK OK 98 98 98 98 98 98 6 6 6 0 0 0 0 1 0 0 1
207 207 uniform 4 15 1791 2 0.0001 1 0.67153128835994214 0.27383063976084365 0.021066210298183456 -1.1084621259969782 0.03773416228362611 0 0.36401200486041174 1.304000101946861 OK 13 12 0.265403 0.21848300000000001 0.079852999999999993 0.18334 0.125725 0 0.082062999999999997 0.092758000000000007 0.079852999999999993 0.0086569999999999998 0.0086669999999999994 0.0079810000000000002 0.058514999999999998 0.069313000000000013 0.057849999999999985 0.0026080000000000001 0.0026559999999999999 0.0024730000000000004 0.00091300000000000018 0.00091700000000000006 0.00080699999999999999 1.3040001456465253 1.3040001456465253 1.3040001456465253 0.00010777326186246272 0.00010777326186246272 0.00010777326186246272 1 1 1 Converged Converged Converged OK OK OK 74 74 74 74 74 74 6 6 6 0 0 0 0 1 0 0 1
207 207 uniform 4 23 1791 3 0.0001 1 0.67153128835994214 0.27383063976084365 0.021066210298183456 -1.1084621259969782 0.075832338250352183 0 0.32591382889368564 1.3044229228039441 OK 13 12 0.263845 0.222189 0.07596 0.185389 0.13078400000000001 0 0.078455999999999998 0.091404999999999986 0.07596 0.0085220000000000001 0.0085570000000000004 0.0079900000000000006 0.053893999999999997 0.067467000000000013 0.053194999999999978 0.0026110000000000005 0.0026740000000000002 0.0024330000000000003 0.00094799999999999995 0.00089800000000000004 0.00081100000000000009 1.3044229096940265 1.3044229096940265 1.3044229096940265 9.8256681116292181e-05 9.8256681116292181e-05 9.8256681116292181e-05 1 1 1 Converged Converged Converged OK OK OK 67 67 67 67 67 67 5 5 5 0 0 0 0 1 0 0 1
208 208 linear 3 0 1792 0 0.001 1 0.00047813637789547792 0.45308715541986755 0.28052816087433918 0.56195671815795889 0.18991072979036566 0.5 -0.18943282191760943 2.0600277419750399 OK 11 10 0.42057299999999997 0.41376299999999999 0.11371100000000001 0.30302200000000001 0.296209 0 0.11755099999999996 0.11755399999999999 0.11371100000000001 0.0099570000000000006 0.0098600000000000007 0.0093550000000000005 0.082841999999999999 0.079784999999999995 0.080391999999999977 0.003666 0.0032559999999999998 0.0034940000000000001 0.0010669999999999998 0.0010090000000000001 0.00099500000000000001 2.0600258057096648 2.0600258057096648 2.0600258057096648 0.00045975214436769668 0.00045975214436769668 0.00045975214436769668 1 1 1 Converged Converged Converged OK OK OK 74 74 74 74 74 74 6 6 6 0 0 0 0 0 1 0 0
208 208 linear 3 7 1792 1 0.001 1 0.00047813637789547792 0.45308715541986755 0.28052816087433918 0.56195671815795889 0.24506916610234955 0.5 -0.24459125822959332 1.9947088387500975 OK 11 10 0.41658899999999999 0.24501400000000001 0.102007 0.30824400000000002 0.13428599999999999 0 0.10834499999999997 0.11072800000000002 0.102007 0.0085380000000000005 0.0088249999999999995 0.0081290000000000008 0.07915400000000003 0.084048999999999985 0.076361999999999999 0.0032300000000000002 0.0034300000000000003 0.00332 0.00093999999999999997 0.00097400000000000004 0.0010019999999999999 1.9947066111009792 1.9947066111009792 1.9947066111009792 0.00091894860433752517 0.00091894860433752517 0.00091894860433752517 1 1 1 Converged Converged Converged OK OK OK 74 74 74 74 74 74 6 6 6 0 0 0 0 1 0 0 1
208 208 linear 3 15 1792 2 0.001 1 0.00047813637789547792 0.45308715541986755 0.28052816087433918 0.56195671815795889 0.30810737903033114 0.5 -0.30762947115757489 1.913218625258807 OK 11 10 0.41724600000000001 0.25343300000000002 0.111023 0.30172199999999999 0.12310400000000001 0 0.11552400000000002 0.13032900000000003 0.111023 0.0086210000000000002 0.0086940000000000003 0.0078309999999999994 0.086161999999999947 0.10130900000000002 0.083005999999999969 0.0036699999999999997 0.0037890000000000003 0.0037949999999999998 0.00099500000000000001 0.00094799999999999984 0.001013 1.913215783128333 1.913215783128333 1.913215783128333 0.0010360865666090141 0.0010360865666090141 0.0010360865666090141 1 1 1 Converged Converged Converged OK OK OK 82 82 82 82 82 82 6 6 6 0 0 0 0 1 0 0 1
208 208 linear 3 23 1792 3 0.001 1 0.00047813637789547792 0.45308715541986755 0.28052816087433918 0.56195671815795889 0.3711455919583127 0.5 -0.37066768408555645 1.829810687675665 OK 12 11 0.40277200000000002 0.231077 0.084616999999999998 0.31369799999999998 0.13270899999999999 0 0.089074000000000042 0.098368000000000011 0.084616999999999998 0.0087849999999999994 0.0089429999999999996 0.0082690000000000003 0.064986000000000002 0.07382900000000002 0.06225399999999999 0.0031849999999999999 0.0033709999999999999 0.0028059999999999999 0.000883 0.0010169999999999999 0.000794 1.8298080984366631 1.8298080984366631 1.8298080984366631 0.0010374343839474527 0.0010374343839474527 0.0010374343839474527 1 1 1 Converged Converged Converged OK OK OK 67 67 67 67 67 67 5 5 5 0 0 0 0 1 0 0 1
208 208 linear 3 0 1792 0 0.0001 1 0.00047813637789547792 0.45308715541986755 0.28052816087433918 0.56195671815795889 0.18991072979036566 0.5 -0.18943282191760943 2.0600277419750399 OK 11 10 0.43129699999999999 0.43437300000000001 0.12862199999999999 0.29749100000000001 0.30350199999999999 0 0.13380599999999998 0.13087100000000002 0.12862199999999999 0.0099010000000000001 0.0097009999999999996 0.0094520000000000003 0.095077000000000023 0.092150999999999997 0.091048000000000032 0.0045880000000000001 0.0048470000000000006 0.0044069999999999995 0.001258 0.0012519999999999999 0.0011870000000000001 2.060026059161379 2.060026059161379 2.060026059161379 0.00014583886823391171 0.00014583886823391171 0.00014583886823391171 1 1 1 Converged Converged Converged OK OK OK 90 90 90 90 90 90 6 6 6 0 0 0 0 0 1 0 0
208 208 linear 3 7 1792 1 0.0001 1 0.00047813637789547792 0.45308715541986755 0.28052816087433918 0.56195671815795889 0.24506916610234955 0.5 -0.24459125822959332 1.9947088387500975 OK 11 10 0.43950600000000001 0.27277699999999999 0.12550700000000001 0.30843599999999999 0.13653899999999999 0 0.13107000000000002 0.136238 0.12550700000000001 0.0085979999999999997 0.0088889999999999993 0.0080680000000000005 0.09781000000000005 0.10224500000000003 0.094154000000000029 0.0046930000000000001 0.0051189999999999994 0.0044680000000000006 0.0012799999999999999 0.0013010000000000001 0.0012419999999999998 1.9947073977203127 1.9947073977203127 1.9947073977203127 7.8902689353078348e-05 7.8902689353078348e-05 7.8902689353078348e-05 1 1 1 Converged Converged Converged OK OK OK 98 98 98 98 98 98 6 6 6 0 0 0 0 1 0 0 1
208 208 linear 3 15 1792 2 0.0001 1 0.00047813637789547792 0.45308715541986755 0.28052816087433918 0.56195671815795889 0.30810737903033114 0.5 -0.30762947115757489 1.913218625258807 OK 11 10 0.43119299999999999 0.26882 0.12515000000000001 0.30283900000000002 0.12634699999999999 0 0.12835399999999997 0.14247300000000002 0.12515000000000001 0.0084989999999999996 0.0088149999999999999 0.0080180000000000008 0.097619999999999985 0.10921899999999996 0.094630000000000061 0.0043810000000000003 0.0059239999999999996 0.0047999999999999996 0.001114 0.0011800000000000001 0.0012289999999999998 1.913217473006148 1.913217473006148 1.913217473006148 7.4695831660570233e-05 7.4695831660570233e-05 7.4695831660570233e-05 1 1 1 Converged Converged Converged OK OK OK 98 98 98 98 98 98 6 6 6 0 0 0 0 1 0 0 1
208 208 linear 3 23 1792 3 0.0001 1 0.00047813637789547792 0.45308715541986755 0.28052816087433918 0.56195671815795889 0.3711455919583127 0.5 -0.37066768408555645 1.829810687675665 OK 12 11 0.42283500000000002 0.25374000000000002 0.102533 0.31706899999999999 0.13220100000000001 0 0.10576600000000003 0.12153900000000001 0.102533 0.0088839999999999995 0.0088070000000000006 0.0081980000000000004 0.079235000000000055 0.094350000000000059 0.076345999999999997 0.0035289999999999996 0.0040660000000000002 0.0038089999999999999 0.00097300000000000012 0.001039 0.0010009999999999999 1.8298097404571321 1.8298097404571321 1.8298097404571321 9.2544960632236342e-05 9.2544960632236342e-05 9.2544960632236342e-05 1 1 1 Converged Converged Converged OK OK OK 83 83 83 83 83 83 5 5 5 0 0 0 0 1 0 0 1
208 208 linear 4 0 1793 0 0.001 1 0.00047813637789547792 0.45308715541986755 -0.08224053296492484 -0.80140117713007186 -0.17285796404889836 0.5 0.17333587192165459 1.5619034137590597 OK 12 11 0.479495 0.47332999999999997 0.12138400000000001 0.355437 0.34975299999999998 0 0.124058 0.12357699999999999 0.12138400000000001 0.0095790000000000007 0.0099120000000000007 0.0094070000000000004 0.093079000000000009 0.09141100000000002 0.090504999999999988 0.003447 0.0038560000000000001 0.0038909999999999999 0.00078100000000000001 0.00088199999999999997 0.00080599999999999997 1.5619025485023015 1.5619025485023015 1.5619025485023015 0.0007827058690506424 0.0007827058690506424 0.0007827058690506424 1 1 1 Converged Converged Converged OK OK OK 74 74 74 74 74 74 6 6 6 0 0 0 0 0 1 0 0
208 208 linear 4 7 1793 1 0.001 1 0.00047813637789547792 0.45308715541986755 -0.08224053296492484 -0.80140117713007186 -0.11769952773691447 0.5 0.1181774356096707 1.5758338757356258 OK 12 11 0.44124000000000002 0.21920100000000001 0.082298999999999997 0.35503200000000001 0.13256399999999999 0 0.086208000000000007 0.08663700000000002 0.082298999999999997 0.0088450000000000004 0.0087460000000000003 0.0080759999999999998 0.063085000000000016 0.063586000000000018 0.060440000000000001 0.002431 0.0023479999999999998 0.0023560000000000005 0.00065099999999999999 0.00064499999999999996 0.000602 1.575832860540763 1.575832860540763 1.575832860540763 0.0012515826941023763 0.0012515826941023763 0.0012515826941023763 1 1 1 Converged Converged Converged OK OK OK 58 58 58 58 58 58 6 6 6 0 0 0 0 1 0 0 1
208 208 linear 4 15 1793 2 0.001 1 0.00047813637789547792 0.45308715541986755 -0.08224053296492484 -0.80140117713007186 -0.054661314808932895 0.5 0.055139222681689123 1.5856761198107838 OK 12 11 0.45979900000000001 0.234019 0.095304 0.36029699999999998 0.13184699999999999 0 0.099502000000000035 0.10217200000000001 0.095304 0.008633 0.0088649999999999996 0.0080520000000000001 0.074891000000000013 0.07676299999999997 0.071944999999999981 0.0028260000000000004 0.0031779999999999998 0.0028679999999999999 0.00079000000000000001 0.00087599999999999993 0.00078100000000000001 1.5856751575246861 1.5856751575246861 1.5856751575246861 0.00036532004088192131 0.00036532004088192131 0.00036532004088192131 1 1 1 Converged Converged Converged OK OK OK 66 66 66 66 66 66 6 6 6 0 0 0 0 1 0 0 1
208 208 linear 4 23 1793 3 0.001 1 0.00047813637789547792 0.45308715541986755 -0.08224053296492484 -0.80140117713007186 0.0083768981190486813 0.5 -0.0078989902462924515 1.5884287248466205 OK 12 11 0.44297999999999998 0.236148 0.090246999999999994 0.34804400000000002 0.13733400000000001 0 0.094935999999999965 0.098813999999999985 0.090246999999999994 0.0086949999999999996 0.008548 0.0079240000000000005 0.070136999999999977 0.073966000000000018 0.067171000000000008 0.0030610000000000004 0.0031700000000000005 0.0026609999999999997 0.000745 0.00084399999999999992 0.0007090000000000001 1.5884277865435379 1.5884277865435379 1.5884277865435379 0.00046951656640272334 0.00046951656640272334 0.00046951656640272334 1 1 1 Converged Converged Converged OK OK OK 66 66 66 66 66 66 6 6 6 0 0 0 0 1 0 0 1
208 208 linear 4 0 1793 0 0.0001 1 0.00047813637789547792 0.45308715541986755 -0.08224053296492484 -0.80140117713007186 -0.17285796404889836 0.5 0.17333587192165459 1.5619034137590597 OK 12 11 0.502189 0.49459999999999998 0.14197100000000001 0.357267 0.35001300000000002 0 0.144922 0.14458699999999997 0.14197100000000001 0.0095139999999999999 0.010066 0.0093410000000000003 0.10755200000000002 0.105143 0.10416899999999998 0.0041260000000000003 0.0045640000000000003 0.0044740000000000005 0.0011580000000000002 0.001217 0.0012699999999999999 1.5619026277063233 1.5619026277063233 1.5619026277063233 5.3714505933700954e-05 5.3714505933700954e-05 5.3714505933700954e-05 1 1 1 Converged Converged Converged OK OK OK 90 90 90 90 90 90 6 6 6 0 0 0 0 0 1 0 0
208 208 linear 4 7 1793 1 0.0001 1 0.00047813637789547792 0.45308715541986755 -0.08224053296492484 -0.80140117713007186 -0.11769952773691447 0.5 0.1181774356096707 1.5758338757356258 OK 12 11 0.48285600000000001 0.268735 0.119522 0.35931800000000003 0.13142699999999999 0 0.12353799999999998 0.13730800000000001 0.119522 0.0087559999999999999 0.0087670000000000005 0.0081670000000000006 0.093835000000000029 0.10711299999999997 0.090547999999999976 0.0035279999999999999 0.0038659999999999996 0.0037669999999999995 0.00092500000000000004 0.00098799999999999995 0.00096500000000000004 1.5758329138373224 1.5758329138373224 1.5758329138373224 4.2426974503944089e-05 4.2426974503944089e-05 4.2426974503944089e-05 1 1 1 Converged Converged Converged OK OK OK 82 82 82 82 82 82 6 6 6 0 0 0 0 1 0 0 1
208 208 linear 4 15 1793 2 0.0001 1 0.00047813637789547792 0.45308715541986755 -0.08224053296492484 -0.80140117713007186 -0.054661314808932895 0.5 0.055139222681689123 1.5856761198107838 OK 12 11 0.49047499999999999 0.27232899999999999 0.12645400000000001 0.36236400000000002 0.13348099999999999 0 0.12811099999999997 0.138848 0.12645400000000001 0.0086140000000000001 0.008652 0.0079880000000000003 0.098757000000000025 0.10880200000000004 0.098192000000000029 0.0035209999999999998 0.003895 0.003588 0.0010019999999999999 0.0011000000000000001 0.00098600000000000011 1.5856751637174891 1.5856751637174891 1.5856751637174891 0.00013033001537179813 0.00013033001537179813 0.00013033001537179813 1 1 1 Converged Converged Converged OK OK OK 82 82 82 82 82 82 6 6 6 0 0 0 0 1 0 0 1
208 208 linear 4 23 1793 3 0.0001 1 0.00047813637789547792 0.45308715541986755 -0.08224053296492484 -0.80140117713007186 0.0083768981190486813 0.5 -0.0078989902462924515 1.5884287248466205 OK 12 11 0.48932399999999998 0.29153000000000001 0.13414100000000001 0.34934900000000002 0.139098 0 0.13997499999999996 0.15243200000000001 0.13414100000000001 0.0085019999999999991 0.0087060000000000002 0.0079579999999999998 0.105684 0.11761900000000003 0.101018 0.0044850000000000003 0.0050310000000000007 0.0045360000000000001 0.0011349999999999999 0.0013389999999999999 0.0012099999999999999 1.5884277606298796 1.5884277606298796 1.5884277606298796 6.9451668239066156e-05 6.9451668239066156e-05 6.9451668239066156e-05 1 1 1 Converged Converged Converged OK OK OK 98 98 98 98 98 98 6 6 6 0 0 0 0 1 0 0 1
208 208 uniform 3 0 1794 0 0.001 1 0.00047813637789547792 0.45308715541986755 0.28052816087433918 0.56195671815795889 0.18991072979036566 0 -0.18943282191760943 2.0765060754526403 OK 11 10 0.38497599999999998 0.39400400000000002 0.086003999999999997 0.299595 0.305085 0 0.085380999999999985 0.088919000000000026 0.086003999999999997 0.0094310000000000001 0.0099559999999999996 0.0093130000000000001 0.056383999999999983 0.058049999999999984 0.056706999999999987 0.0025989999999999997 0.0031570000000000001 0.0027330000000000002 0.00074800000000000008 0.00089700000000000012 0.00094300000000000004 2.0765066231342226 2.0765066231342226 2.0765066231342226 0.0020408751763859841 0.0020408751763859841 0.0020408751763859841 1 1 1 Converged Converged Converged OK OK OK 66 66 66 66 66 66 6 6 6 0 0 0 0 0 1 0 0
208 208 uniform 3 7 1794 1 0.001 1 0.00047813637789547792 0.45308715541986755 0.28052816087433918 0.56195671815795889 0.24506916610234955 0 -0.24459125822959332 2.0091510743337366 OK 11 10 0.39485300000000001 0.23385600000000001 0.087163000000000004 0.30580299999999999 0.138709 0 0.089050000000000018 0.095147000000000009 0.087163000000000004 0.008574 0.0089440000000000006 0.0081569999999999993 0.062363000000000009 0.066838999999999996 0.061199999999999997 0.0028380000000000002 0.0032919999999999994 0.0028199999999999996 0.00092800000000000001 0.001059 0.00099500000000000001 2.0091500714782322 2.0091500714782322 2.0091500714782322 0.00083284373766330879 0.00083284373766330879 0.00083284373766330879 1 1 1 Converged Converged Converged OK OK OK 74 74 74 74 74 74 6 6 6 0 0 0 0 1 0 0 1
208 208 uniform 3 15 1794 2 0.001 1 0.00047813637789547792 0.45308715541986755 0.28052816087433918 0.56195671815795889 0.30810737903033114 0 -0.30762947115757489 1.9253865336603531 OK 11 10 0.389291 0.22725799999999999 0.083401000000000003 0.30254900000000001 0.128275 0 0.086741999999999986 0.098982999999999988 0.083401000000000003 0.0088079999999999999 0.0087399999999999995 0.0080459999999999993 0.060215999999999992 0.072621999999999978 0.058891999999999993 0.0031190000000000002 0.0032359999999999997 0.0028470000000000001 0.00099099999999999991 0.000977 0.00086199999999999992 1.9253843085152205 1.9253843085152205 1.9253843085152205 0.0018760609781839643 0.0018760609781839643 0.0018760609781839643 1 1 1 Converged Converged Converged OK OK OK 74 74 74 74 74 74 6 6 6 0 0 0 0 1 0 0 1
208 208 uniform 3 23 1794 3 0.001 1 0.00047813637789547792 0.45308715541986755 0.28052816087433918 0.56195671815795889 0.3711455919583127 0 -0.37066768408555645 1.8399253073600796 OK 12 11 0.37879600000000002 0.20969399999999999 0.063499 0.31249700000000002 0.13519400000000001 0 0.066298999999999997 0.074499999999999983 0.063499 0.0089730000000000001 0.0090060000000000001 0.0081639999999999994 0.044465999999999999 0.052805999999999999 0.04340299999999999 0.0022409999999999999 0.0023159999999999999 0.002127 0.00076399999999999992 0.00080599999999999997 0.00070500000000000011 1.8399235042481197 1.8399235042481197 1.8399235042481197 0.0016082613246594444 0.0016082613246594444 0.0016082613246594444 1 1 1 Converged Converged Converged OK OK OK 59 59 59 59 59 59 5 5 5 0 0 0 0 1 0 0 1
208 208 uniform 3 0 1794 0 0.0001 1 0.00047813637789547792 0.45308715541986755 0.28052816087433918 0.56195671815795889 0.18991072979036566 0 -0.18943282191760943 2.0765060754526403 OK 11 10 0.40904800000000002 0.404644 0.106934 0.30003800000000003 0.297537 0 0.10901 0.10710700000000001 0.106934 0.0098499999999999994 0.0096989999999999993 0.0093469999999999994 0.070875000000000007 0.069708999999999965 0.069793000000000022 0.0040689999999999997 0.0038789999999999996 0.0042189999999999997 0.0013179999999999999 0.001103 0.0011409999999999999 2.0765059879245729 2.0765059879245729 2.0765059879245729 0.00014535274514213784 0.00014535274514213784 0.00014535274514213784 1 1 1 Converged Converged Converged OK OK OK 90 90 90 90 90 90 6 6 6 0 0 0 0 0 1 0 0
208 208 uniform 3 7 1794 1 0.0001 1 0.00047813637789547792 0.45308715541986755 0.28052816087433918 0.56195671815795889 0.24506916610234955 0 -0.24459125822959332 2.0091510743337366 OK 11 10 0.41378100000000001 0.24984000000000001 0.10305 0.31061699999999998 0.13800599999999999 0 0.10316400000000003 0.11183400000000002 0.10305 0.0085869999999999991 0.0086929999999999993 0.0082290000000000002 0.07127 0.079124999999999987 0.071476999999999985 0.003826 0.0043600000000000002 0.0042920000000000007 0.0011410000000000001 0.001255 0.001212 2.0091510175835525 2.0091510175835525 2.0091510175835525 8.4778018640352615e-05 8.4778018640352615e-05 8.4778018640352615e-05 1 1 1 Converged Converged Converged OK OK OK 98 98 98 98 98 98 6 6 6 0 0 0 0 1 0 0 1
208 208 uniform 3 15 1794 2 0.0001 1 0.00047813637789547792 0.45308715541986755 0.28052816087433918 0.56195671815795889 0.30810737903033114 0 -0.30762947115757489 1.9253865336603531 OK 11 10 0.40347699999999997 0.24318200000000001 0.100982 0.30129099999999998 0.126944 0 0.102186 0.11623800000000001 0.100982 0.0085520000000000006 0.0085629999999999994 0.0080870000000000004 0.071937000000000001 0.085304999999999964 0.071796999999999986 0.0039849999999999998 0.0042209999999999999 0.0039199999999999999 0.0010959999999999998 0.0012329999999999999 0.00109 1.9253865456955526 1.9253865456955526 1.9253865456955526 7.10952789503798e-05 7.10952789503798e-05 7.10952789503798e-05 1 1 1 Converged Converged Converged OK OK OK 98 98 98 98 98 98 6 6 6 0 0 0 0 1 0 0 1
208 208 uniform 3 23 1794 3 0.0001 1 0.00047813637789547792 0.45308715541986755 0.28052816087433918 0.56195671815795889 0.3711455919583127 0 -0.37066768408555645 1.8399253073600796 OK 12 11 0.40229999999999999 0.23960200000000001 0.084815000000000002 0.31236799999999998 0.138574 0 0.089932000000000012 0.10102800000000001 0.084815000000000002 0.0088839999999999995 0.0089589999999999999 0.0080990000000000003 0.062844000000000025 0.074175000000000005 0.05945300000000002 0.003555 0.003653 0.0033549999999999999 0.0010869999999999999 0.0011249999999999999 0.00099899999999999989 1.839925380580836 1.839925380580836 1.839925380580836 8.4607611487605991e-05 8.4607611487605991e-05 8.4607611487605991e-05 1 1 1 Converged Converged Converged OK OK OK 83 83 83 83 83 83 5 5 5 0 0 0 0 1 0 0 1
208 208 uniform 4 0 1795 0 0.001 1 0.00047813637789547792 0.45308715541986755 -0.08224053296492484 -0.80140117713007186 -0.17285796404889836 0 0.17333587192165459 1.5669884637545639 OK 12 11 0.45400000000000001 0.44579600000000003 0.098502999999999993 0.35472199999999998 0.34734500000000001 0 0.099278000000000033 0.098451000000000011 0.098502999999999993 0.0097710000000000002 0.0097979999999999994 0.0095370000000000003 0.06799899999999999 0.067671000000000023 0.067626999999999993 0.0033220000000000003 0.0030149999999999999 0.0034030000000000002 0.00068999999999999997 0.00069999999999999999 0.00076099999999999996 1.5669885514362996 1.5669885514362996 1.5669885514362996 0.00077912806754799088 0.00077912806754799088 0.00077912806754799088 1 1 1 Converged Converged Converged OK OK OK 74 74 74 74 74 74 6 6 6 0 0 0 0 0 1 0 0
208 208 uniform 4 7 1795 1 0.001 1 0.00047813637789547792 0.45308715541986755 -0.08224053296492484 -0.80140117713007186 -0.11769952773691447 0 0.1181774356096707 1.5811298036411909 OK 12 11 0.424286 0.20395199999999999 0.067627999999999994 0.35477700000000001 0.13153799999999999 0 0.069508999999999987 0.072414000000000006 0.067627999999999994 0.0087919999999999995 0.0087849999999999994 0.0080129999999999993 0.046529000000000008 0.049493000000000009 0.046062000000000006 0.0023 0.0022910000000000001 0.0022300000000000002 0.00065700000000000003 0.00062799999999999998 0.000611 1.5811297267888311 1.5811297267888311 1.5811297267888311 0.00067509233655183726 0.00067509233655183726 0.00067509233655183726 1 1 1 Converged Converged Converged OK OK OK 58 58 58 58 58 58 6 6 6 0 0 0 0 1 0 0 1
208 208 uniform 4 15 1795 2 0.001 1 0.00047813637789547792 0.45308715541986755 -0.08224053296492484 -0.80140117713007186 -0.054661314808932895 0 0.055139222681689123 1.5911242789594269 OK 12 11 0.43393500000000002 0.20979600000000001 0.071799000000000002 0.35994700000000002 0.13189500000000001 0 0.073987999999999998 0.077900999999999998 0.071799000000000002 0.0086339999999999993 0.0088920000000000006 0.0079930000000000001 0.051219000000000001 0.054867000000000013 0.050523999999999986 0.002294 0.0023470000000000001 0.0021150000000000001 0.000629 0.00069099999999999999 0.00060499999999999996 1.5911241388025115 1.5911241388025115 1.5911241388025115 0.00094020527271190064 0.00094020527271190064 0.00094020527271190064 1 1 1 Converged Converged Converged OK OK OK 58 58 58 58 58 58 6 6 6 0 0 0 0 1 0 0 1
208 208 uniform 4 23 1795 3 0.001 1 0.00047813637789547792 0.45308715541986755 -0.08224053296492484 -0.80140117713007186 0.0083768981190486813 0 -0.0078989902462924515 1.5939203085876013 OK 12 11 0.41639900000000002 0.205178 0.066839999999999997 0.34784199999999998 0.134576 0 0.068557000000000035 0.070601999999999998 0.066839999999999997 0.0087410000000000005 0.0086960000000000006 0.0079120000000000006 0.046249000000000012 0.048045000000000004 0.045598999999999994 0.0021120000000000002 0.0023649999999999999 0.002238 0.00063400000000000001 0.000696 0.00064100000000000008 1.593920046593839 1.593920046593839 1.593920046593839 0.0014374861280429666 0.0014374861280429666 0.0014374861280429666 1 1 1 Converged Converged Converged OK OK OK 58 58 58 58 58 58 6 6 6 0 0 0 0 1 0 0 1
208 208 uniform 4 0 1795 0 0.0001 1 0.00047813637789547792 0.45308715541986755 -0.08224053296492484 -0.80140117713007186 -0.17285796404889836 0 0.17333587192165459 1.5669884637545639 OK 12 11 0.46999800000000003 0.46899000000000002 0.11606 0.35178700000000002 0.35068500000000002 0 0.11821100000000001 0.11830499999999999 0.11606 0.0098840000000000004 0.0098420000000000001 0.0094870000000000006 0.079611000000000001 0.079864000000000018 0.078305 0.0043999999999999994 0.0045150000000000008 0.0039399999999999999 0.0011649999999999998 0.0011069999999999999 0.00108 1.566988678049845 1.566988678049845 1.566988678049845 8.8283206341850502e-05 8.8283206341850502e-05 8.8283206341850502e-05 1 1 1 Converged Converged Converged OK OK OK 90 90 90 90 90 90 6 6 6 0 0 0 0 0 1 0 0
208 208 uniform 4 7 1795 1 0.0001 1 0.00047813637789547792 0.45308715541986755 -0.08224053296492484 -0.80140117713007186 -0.11769952773691447 0 0.1181774356096707 1.5811298036411909 OK 12 11 0.45290000000000002 0.24460000000000001 0.096294000000000005 0.35533100000000001 0.12937499999999999 0 0.097569000000000017 0.11522500000000002 0.096294000000000005 0.0087659999999999995 0.008737 0.0080269999999999994 0.068315999999999988 0.085250999999999993 0.068322999999999995 0.0033440000000000002 0.0034930000000000004 0.0034130000000000002 0.00082200000000000003 0.00091299999999999997 0.00090499999999999999 1.5811297419841124 1.5811297419841124 1.5811297419841124 4.1356185483602383e-05 4.1356185483602383e-05 4.1356185483602383e-05 1 1 1 Converged Converged Converged OK OK OK 82 82 82 82 82 82 6 6 6 0 0 0 0 1 0 0 1
208 208 uniform 4 15 1795 2 0.0001 1 0.00047813637789547792 0.45308715541986755 -0.08224053296492484 -0.80140117713007186 -0.054661314808932895 0 0.055139222681689123 1.5911242789594269 OK 12 11 0.46225300000000002 0.25242300000000001 0.100568 0.35928100000000002 0.136356 0 0.10297200000000001 0.116067 0.100568 0.0086479999999999994 0.0088789999999999997 0.0079480000000000002 0.073446000000000025 0.086454000000000017 0.073028999999999997 0.003496 0.0035830000000000002 0.0032529999999999998 0.000968 0.0010120000000000001 0.00093399999999999993 1.5911242229029063 1.5911242229029063 1.5911242229029063 0.00010237886845844519 0.00010237886845844519 0.00010237886845844519 1 1 1 Converged Converged Converged OK OK OK 82 82 82 82 82 82 6 6 6 0 0 0 0 1 0 0 1
208 208 uniform 4 23 1795 3 0.0001 1 0.00047813637789547792 0.45308715541986755 -0.08224053296492484 -0.80140117713007186 0.0083768981190486813 0 -0.0078989902462924515 1.5939203085876013 OK 12 11 0.45084600000000002 0.25573699999999999 0.101049 0.34936099999999998 0.137817 0 0.10148500000000005 0.11792 0.101049 0.0085780000000000006 0.0086099999999999996 0.0079279999999999993 0.071160000000000015 0.087025999999999978 0.07166199999999999 0.0035990000000000002 0.0039570000000000004 0.0036849999999999999 0.001029 0.001106 0.0011130000000000001 1.5939202536470416 1.5939202536470416 1.5939202536470416 0.00012962938694008433 0.00012962938694008433 0.00012962938694008433 1 1 1 Converged Converged Converged OK OK OK 90 90 90 90 90 90 6 6 6 0 0 0 0 1 0 0 1
209 209 linear 3 0 1796 0 0.001 1 0.028844176290009047 0.86933445970147316 1.2516453215357295 -0.567417728245171 1.0777784295954349 0.5 -1.0497429146411486 1.2852716624266984 OK 14 13 0.415352 0.40987000000000001 0.155781 0.25016500000000003 0.25067800000000001 0 0.16518699999999997 0.159192 0.155781 0.010003 0.013076000000000001 0.0097940000000000006 0.12572000000000003 0.11963900000000002 0.11960700000000005 0.0053559999999999997 0.0038609999999999998 0.0040140000000000002 0.0012290000000000001 0.0010379999999999999 0.0010110000000000002 1.2852790507866132 1.2852790507866132 1.2852790507866132 0.00059023294571212417 0.00059023294571212417 0.00059023294571212417 1 1 1 Converged Converged Converged OK OK OK 96 96 96 96 96 96 8 8 8 0 0 0 0 0 1 0 0
209 209 linear 3 7 1796 1 0.001 1 0.028844176290009047 0.86933445970147316 1.2516453215357295 -0.567417728245171 1.1836104507764837 0.5 -1.1555749358221974 1.2334118033226882 OK 14 13 0.37364399999999998 0.27753800000000001 0.13319700000000001 0.232512 0.13430700000000001 0 0.14113199999999998 0.143231 0.13319700000000001 0.0090080000000000004 0.008855 0.0082990000000000008 0.11277299999999997 0.11648299999999999 0.10758899999999996 0.0042419999999999992 0.0038069999999999996 0.0034349999999999997 0.001098 0.0010499999999999999 0.0009859999999999999 1.2334422548121302 1.2334422548121302 1.2334422548121302 0.001057218818011417 0.001057218818011417 0.001057218818011417 1 1 1 Converged Converged Converged OK OK OK 89 89 89 89 89 89 7 7 7 0 0 0 0 1 0 0 1
209 209 linear 3 15 1796 2 0.001 1 0.028844176290009047 0.86933445970147316 1.2516453215357295 -0.567417728245171 1.3045613321262539 0.5 -1.2765258171719676 1.1873051921060833 OK 14 13 0.38245699999999999 0.28127200000000002 0.13828799999999999 0.237183 0.13600499999999999 0 0.14527399999999999 0.14526700000000003 0.13828799999999999 0.0086789999999999992 0.0089020000000000002 0.0081670000000000006 0.11797699999999998 0.11815699999999998 0.11300099999999993 0.0041120000000000002 0.0038730000000000006 0.0034250000000000001 0.001059 0.0010269999999999999 0.00098600000000000011 1.1873054246151433 1.1873054246151433 1.1873054246151433 0.00034672148679276075 0.00034672148679276075 0.00034672148679276075 1 1 1 Converged Converged Converged OK OK OK 89 89 89 89 89 89 7 7 7 0 0 0 0 1 0 0 1
209 209 linear 3 23 1796 3 0.001 1 0.028844176290009047 0.86933445970147316 1.2516453215357295 -0.567417728245171 1.4255122134760241 0.5 -1.3974766985217377 1.1516334741689382 OK 14 13 0.39092100000000002 0.28779900000000003 0.12905800000000001 0.255415 0.153367 0 0.13550600000000002 0.13443200000000002 0.12905800000000001 0.0086160000000000004 0.0087950000000000007 0.0080190000000000001 0.11047399999999997 0.10957799999999995 0.10590999999999999 0.00349 0.0032919999999999998 0.0029160000000000002 0.00083799999999999999 0.00081299999999999992 0.00077399999999999995 1.151633504596614 1.151633504596614 1.151633504596614 0.0010181899484123568 0.0010181899484123568 0.0010181899484123568 1 1 1 Converged Converged Converged OK OK OK 81 81 81 81 81 81 7 7 7 0 0 0 0 1 0 0 1
209 209 linear 3 0 1796 0 0.0001 1 0.028844176290009047 0.86933445970147316 1.2516453215357295 -0.567417728245171 1.0777784295954349 0.5 -1.0497429146411486 1.2852716624266984 OK 14 13 0.42499300000000001 0.41751300000000002 0.16986200000000001 0.25392199999999998 0.249607 0 0.17107100000000003 0.16790600000000003 0.16986200000000001 0.0097389999999999994 0.010019 0.0096100000000000005 0.13140899999999994 0.12785400000000002 0.12813700000000003 0.0042580000000000005 0.0040419999999999996 0.0047000000000000002 0.0011899999999999999 0.001217 0.0012280000000000001 1.2852708057266695 1.2852708057266695 1.2852708057266695 0.00010988818005492745 0.00010988818005492745 0.00010988818005492745 1 1 1 Converged Converged Converged OK OK OK 104 104 104 104 104 104 8 8 8 0 0 0 0 0 1 0 0
209 209 linear 3 7 1796 1 0.0001 1 0.028844176290009047 0.86933445970147316 1.2516453215357295 -0.567417728245171 1.1836104507764837 0.5 -1.1555749358221974 1.2334118033226882 OK 14 13 0.40369100000000002 0.31129499999999999 0.168375 0.22903200000000001 0.12954499999999999 0 0.17465900000000001 0.18174999999999999 0.168375 0.0089849999999999999 0.01324 0.0094409999999999997 0.13566499999999998 0.14411000000000007 0.13402299999999995 0.0054069999999999995 0.0048849999999999996 0.0050470000000000011 0.0014300000000000001 0.0013480000000000002 0.001392 1.2334110700631209 1.2334110700631209 1.2334110700631209 6.1248754003073445e-05 6.1248754003073445e-05 6.1248754003073445e-05 1 1 1 Converged Converged Converged OK OK OK 113 113 113 113 113 113 7 7 7 0 0 0 0 1 0 0 1
209 209 linear 3 15 1796 2 0.0001 1 0.028844176290009047 0.86933445970147316 1.2516453215357295 -0.567417728245171 1.3045613321262539 0.5 -1.2765258171719676 1.1873051921060833 OK 14 13 0.38984999999999997 0.29097099999999998 0.14700299999999999 0.23547899999999999 0.13381399999999999 0 0.15437099999999998 0.15715699999999999 0.14700299999999999 0.0087460000000000003 0.0084919999999999995 0.0081250000000000003 0.12533399999999997 0.12961399999999998 0.12010700000000003 0.0041879999999999999 0.0036309999999999997 0.0037540000000000004 0.001096 0.0011069999999999999 0.001062 1.1873044561871782 1.1873044561871782 1.1873044561871782 5.7519809942569958e-05 5.7519809942569958e-05 5.7519809942569958e-05 1 1 1 Converged Converged Converged OK OK OK 97 97 97 97 97 97 7 7 7 0 0 0 0 1 0 0 1
209 209 linear 3 23 1796 3 0.0001 1 0.028844176290009047 0.86933445970147316 1.2516453215357295 -0.567417728245171 1.4255122134760241 0.5 -1.3974766985217377 1.1516334741689382 OK 14 13 0.40703899999999998 0.31191099999999999 0.14558299999999999 0.25484699999999999 0.154199 0 0.15219199999999999 0.15771199999999999 0.14558299999999999 0.0086160000000000004 0.0086060000000000008 0.0081469999999999997 0.12369100000000001 0.12880300000000003 0.118838 0.0040070000000000001 0.0046670000000000001 0.0036259999999999999 0.0011410000000000001 0.0011840000000000002 0.0010790000000000001 1.1516328102588433 1.1516328102588433 1.1516328102588433 3.6700423483965794e-05 3.6700423483965794e-05 3.6700423483965794e-05 1 1 1 Converged Converged Converged OK OK OK 97 97 97 97 97 97 7 7 7 0 0 0 0 1 0 0 1
209 209 linear 4 0 1797 0 0.001 1 0.028844176290009047 0.86933445970147316 -1.5944298107696311 -0.88050996923836566 -1.7682967027099257 0.5 1.796332217664212 1.0727558388323526 OK 12 11 0.42523499999999997 0.42627500000000002 0.15951899999999999 0.26235799999999998 0.26474900000000001 0 0.16287699999999999 0.161526 0.15951899999999999 0.0094280000000000006 0.0099089999999999994 0.0094540000000000006 0.13417400000000004 0.13174099999999997 0.13059399999999999 0.0025530000000000001 0.002921 0.0026959999999999996 0.00071099999999999994 0.00075900000000000002 0.000638 1.0727551464476686 1.0727551464476686 1.0727551464476686 0.00062452402332918168 0.00062452402332918168 0.00062452402332918168 1 1 1 Converged Converged Converged OK OK OK 58 58 58 58 58 58 6 6 6 0 0 0 0 0 1 0 0
209 209 linear 4 7 1797 1 0.001 1 0.028844176290009047 0.86933445970147316 -1.5944298107696311 -0.88050996923836566 -1.6624646815288768 0.5 1.6905001964831632 1.084281107519971 OK 12 11 0.40001199999999998 0.28236299999999998 0.14825099999999999 0.246281 0.13204199999999999 0 0.15373099999999998 0.15032099999999998 0.14825099999999999 0.0085749999999999993 0.0086009999999999993 0.0081840000000000003 0.12938699999999997 0.12579899999999999 0.12481000000000002 0.002496 0.0027989999999999998 0.0025079999999999998 0.00069799999999999994 0.00071799999999999989 0.000638 1.0842803935427818 1.0842803935427818 1.0842803935427818 0.00060153052699905688 0.00060153052699905688 0.00060153052699905688 1 1 1 Converged Converged Converged OK OK OK 58 58 58 58 58 58 6 6 6 0 0 0 0 1 0 0 1
209 209 linear 4 15 1797 2 0.001 1 0.028844176290009047 0.86933445970147316 -1.5944298107696311 -0.88050996923836566 -1.5415138001791067 0.5 1.569549315133393 1.0999689284718164 OK 12 11 0.390206 0.27036100000000002 0.13663 0.24581800000000001 0.12882199999999999 0 0.14438799999999999 0.14153900000000003 0.13663 0.0088430000000000002 0.0088959999999999994 0.0081519999999999995 0.11998700000000001 0.11778499999999995 0.11489500000000002 0.0029970000000000001 0.0028300000000000001 0.0023270000000000001 0.00076800000000000002 0.00073899999999999997 0.00073700000000000002 1.0999682375985216 1.0999682375985216 1.0999682375985216 0.001059806553648556 0.001059806553648556 0.001059806553648556 1 1 1 Converged Converged Converged OK OK OK 58 58 58 58 58 58 6 6 6 0 0 0 0 1 0 0 1
209 209 linear 4 23 1797 3 0.001 1 0.028844176290009047 0.86933445970147316 -1.5944298107696311 -0.88050996923836566 -1.4205629188293365 0.5 1.4485984337836229 1.1188764049975137 OK 12 11 0.38985599999999998 0.27709499999999998 0.14490400000000001 0.23636199999999999 0.12866900000000001 0 0.15349399999999999 0.14842599999999997 0.14490400000000001 0.0086750000000000004 0.0086359999999999996 0.0079920000000000008 0.12653800000000001 0.12277800000000001 0.12056799999999998 0.00363 0.0030019999999999995 0.002774 0.00074899999999999999 0.00075000000000000002 0.00076199999999999998 1.1188756646897497 1.1188756646897497 1.1188756646897497 0.00096260235818167346 0.00096260235818167346 0.00096260235818167346 1 1 1 Converged Converged Converged OK OK OK 66 66 66 66 66 66 6 6 6 0 0 0 0 1 0 0 1
209 209 linear 4 0 1797 0 0.0001 1 0.028844176290009047 0.86933445970147316 -1.5944298107696311 -0.88050996923836566 -1.7682967027099257 0.5 1.796332217664212 1.0727558388323526 OK 12 11 0.48025099999999998 0.47696699999999997 0.20873700000000001 0.26444200000000001 0.26656099999999999 0 0.21580899999999997 0.21040599999999998 0.20873700000000001 0.0097090000000000006 0.0098720000000000006 0.0095230000000000002 0.176565 0.17134599999999997 0.17042899999999997 0.0044770000000000001 0.0043790000000000001 0.0041599999999999996 0.0010870000000000001 0.0010549999999999999 0.001023 1.0727551462688578 1.0727551462688578 1.0727551462688578 0.00010201924344679565 0.00010201924344679565 0.00010201924344679565 1 1 1 Converged Converged Converged OK OK OK 82 82 82 82 82 82 6 6 6 0 0 0 0 0 1 0 0
209 209 linear 4 7 1797 1 0.0001 1 0.028844176290009047 0.86933445970147316 -1.5944298107696311 -0.88050996923836566 -1.6624646815288768 0.5 1.6905001964831632 1.084281107519971 OK 12 11 0.44619700000000001 0.32857599999999998 0.19240699999999999 0.24789600000000001 0.130526 0 0.19830100000000001 0.19804999999999998 0.19240699999999999 0.0085769999999999996 0.0088540000000000008 0.0081069999999999996 0.16672799999999996 0.16247400000000001 0.16148699999999994 0.0039160000000000002 0.0045370000000000002 0.0040370000000000007 0.0010829999999999998 0.001031 0.00097199999999999999 1.0842803930161244 1.0842803930161244 1.0842803930161244 9.7545904595218043e-05 9.7545904595218043e-05 9.7545904595218043e-05 1 1 1 Converged Converged Converged OK OK OK 82 82 82 82 82 82 6 6 6 0 0 0 0 1 0 0 1
209 209 linear 4 15 1797 2 0.0001 1 0.028844176290009047 0.86933445970147316 -1.5944298107696311 -0.88050996923836566 -1.5415138001791067 0.5 1.569549315133393 1.0999689284718164 OK 12 11 0.46058700000000002 0.33379999999999999 0.20280500000000001 0.24746699999999999 0.126031 0 0.21312000000000003 0.20776899999999998 0.20280500000000001 0.0088889999999999993 0.0087720000000000003 0.0083350000000000004 0.17827900000000005 0.17397599999999994 0.17110999999999996 0.0051259999999999995 0.0045339999999999998 0.0040690000000000006 0.0012180000000000001 0.0011689999999999999 0.0011299999999999999 1.0999681709099163 1.0999681709099163 1.0999681709099163 6.9947444968230867e-05 6.9947444968230867e-05 6.9947444968230867e-05 1 1 1 Converged Converged Converged OK OK OK 90 90 90 90 90 90 6 6 6 0 0 0 0 1 0 0 1
209 209 linear 4 23 1797 3 0.0001 1 0.028844176290009047 0.86933445970147316 -1.5944298107696311 -0.88050996923836566 -1.4205629188293365 0.5 1.4485984337836229 1.1188764049975137 OK 12 11 0.455092 0.33748299999999998 0.204266 0.23721800000000001 0.12809300000000001 0 0.21787399999999998 0.20938999999999997 0.204266 0.0086719999999999992 0.0086999999999999994 0.0079349999999999993 0.18189399999999992 0.17392400000000002 0.17132299999999998 0.0052519999999999997 0.0050900000000000008 0.0045120000000000004 0.0013160000000000001 0.001263 0.0011509999999999999 1.1188755929593672 1.1188755929593672 1.1188755929593672 2.43013415272072e-05 2.43013415272072e-05 2.43013415272072e-05 1 1 1 Converged Converged Converged OK OK OK 98 98 98 98 98 98 6 6 6 0 0 0 0 1 0 0 1
209 209 uniform 3 0 1798 0 0.001 1 0.028844176290009047 0.86933445970147316 1.2516453215357295 -0.567417728245171 1.0777784295954349 0 -1.0497429146411486 1.2917599461540854 OK 14 13 0.38503500000000002 0.37762000000000001 0.12557399999999999 0.25819300000000001 0.25067299999999998 0 0.12684200000000001 0.12694700000000003 0.12557399999999999 0.0099769999999999998 0.0097529999999999995 0.0095610000000000001 0.090035999999999963 0.090110000000000023 0.089785000000000004 0.0034970000000000001 0.0040179999999999999 0.0034300000000000003 0.00123 0.001121 0.0011450000000000002 1.2917714511513139 1.2917714511513139 1.2917714511513139 0.0006680352267734392 0.0006680352267734392 0.0006680352267734392 1 1 1 Converged Converged Converged OK OK OK 96 96 96 96 96 96 8 8 8 0 0 0 0 0 1 0 0
209 209 uniform 3 7 1798 1 0.001 1 0.028844176290009047 0.86933445970147316 1.2516453215357295 -0.567417728245171 1.1836104507764837 0 -1.1555749358221974 1.2383064934895531 OK 14 13 0.33795900000000001 0.25624000000000002 0.110411 0.22686600000000001 0.131772 0 0.111093 0.12446800000000002 0.110411 0.0085629999999999994 0.0088649999999999996 0.0081700000000000002 0.085608000000000017 0.097121000000000027 0.085387999999999992 0.0030419999999999996 0.0040819999999999997 0.0030749999999999996 0.00090499999999999999 0.00098700000000000003 0.00095999999999999992 1.2383423684554355 1.2383423684554355 1.2383423684554355 0.00040803137951912554 0.00040803137951912554 0.00040803137951912554 1 1 1 Converged Converged Converged OK OK OK 89 89 89 89 89 89 7 7 7 0 0 0 0 1 0 0 1
209 209 uniform 3 15 1798 2 0.001 1 0.028844176290009047 0.86933445970147316 1.2516453215357295 -0.567417728245171 1.3045613321262539 0 -1.2765258171719676 1.1909321704438625 OK 14 13 0.35152800000000001 0.25297500000000001 0.116353 0.23719299999999999 0.13530700000000001 0 0.11433500000000002 0.11766799999999999 0.116353 0.0086300000000000005 0.0087419999999999998 0.0082570000000000005 0.090201999999999991 0.093041999999999972 0.092962000000000031 0.0026720000000000003 0.0032119999999999996 0.0026700000000000001 0.00073200000000000001 0.00086600000000000002 0.00078399999999999997 1.1909441795435862 1.1909441795435862 1.1909441795435862 0.00059835273736678766 0.00059835273736678766 0.00059835273736678766 1 1 1 Converged Converged Converged OK OK OK 81 81 81 81 81 81 7 7 7 0 0 0 0 1 0 0 1
209 209 uniform 3 23 1798 3 0.001 1 0.028844176290009047 0.86933445970147316 1.2516453215357295 -0.567417728245171 1.4255122134760241 0 -1.3974766985217377 1.1543647612597765 OK 14 13 0.36691299999999999 0.26774599999999998 0.114716 0.25321399999999999 0.150842 0 0.11369899999999999 0.11690399999999998 0.114716 0.0085629999999999994 0.0087790000000000003 0.0080300000000000007 0.089553999999999953 0.092534999999999965 0.091812000000000005 0.0028710000000000003 0.0031380000000000002 0.002722 0.000745 0.00077899999999999996 0.00069899999999999997 1.1543667379119982 1.1543667379119982 1.1543667379119982 0.00049326281434328352 0.00049326281434328352 0.00049326281434328352 1 1 1 Converged Converged Converged OK OK OK 81 81 81 81 81 81 7 7 7 0 0 0 0 1 0 0 1
209 209 uniform 3 0 1798 0 0.0001 1 0.028844176290009047 0.86933445970147316 1.2516453215357295 -0.567417728245171 1.0777784295954349 0 -1.0497429146411486 1.2917599461540854 OK 14 13 0.40551999999999999 0.39789099999999999 0.150199 0.25138500000000003 0.248755 0 0.15413499999999997 0.14913599999999999 0.150199 0.01455 0.0097230000000000007 0.0096790000000000001 0.10509199999999999 0.10556200000000003 0.10559999999999997 0.0048809999999999999 0.0047809999999999997 0.0052879999999999993 0.0013750000000000001 0.0013250000000000002 0.0014480000000000001 1.2917599422718777 1.2917599422718777 1.2917599422718777 5.886683962956393e-05 5.886683962956393e-05 5.886683962956393e-05 1 1 1 Converged Converged Converged OK OK OK 120 120 120 120 120 120 8 8 8 0 0 0 0 0 1 0 0
209 209 uniform 3 7 1798 1 0.0001 1 0.028844176290009047 0.86933445970147316 1.2516453215357295 -0.567417728245171 1.1836104507764837 0 -1.1555749358221974 1.2383064934895531 OK 14 13 0.361624 0.275169 0.13236500000000001 0.23025300000000001 0.12902 0 0.13137099999999999 0.146149 0.13236500000000001 0.008659 0.0086960000000000006 0.0081919999999999996 0.10026400000000006 0.11502599999999999 0.10207999999999998 0.0043990000000000001 0.0043779999999999999 0.0043699999999999998 0.0012390000000000001 0.0012390000000000001 0.001261 1.2383065229925057 1.2383065229925057 1.2383065229925057 6.8444309248351913e-05 6.8444309248351913e-05 6.8444309248351913e-05 1 1 1 Converged Converged Converged OK OK OK 113 113 113 113 113 113 7 7 7 0 0 0 0 1 0 0 1
209 209 uniform 3 15 1798 2 0.0001 1 0.028844176290009047 0.86933445970147316 1.2516453215357295 -0.567417728245171 1.3045613321262539 0 -1.2765258171719676 1.1909321704438625 OK 14 13 0.36321300000000001 0.267401 0.12612000000000001 0.23588000000000001 0.13409299999999999 0 0.127333 0.13330800000000001 0.12612000000000001 0.0085039999999999994 0.0085459999999999998 0.0080920000000000002 0.10031099999999998 0.10585400000000005 0.099633999999999986 0.0033609999999999998 0.0034020000000000001 0.0034250000000000005 0.001042 0.001186 0.0010579999999999999 1.1909321705454492 1.1909321705454492 1.1909321705454492 6.8336605707706232e-05 6.8336605707706232e-05 6.8336605707706232e-05 1 1 1 Converged Converged Converged OK OK OK 97 97 97 97 97 97 7 7 7 0 0 0 0 1 0 0 1
209 209 uniform 3 23 1798 3 0.0001 1 0.028844176290009047 0.86933445970147316 1.2516453215357295 -0.567417728245171 1.4255122134760241 0 -1.3974766985217377 1.1543647612597765 OK 14 13 0.377137 0.28267999999999999 0.11795899999999999 0.25711499999999998 0.15404699999999999 0 0.12002200000000002 0.128633 0.11795899999999999 0.0087139999999999995 0.0087349999999999997 0.0080470000000000003 0.094449999999999992 0.10163799999999992 0.093521999999999939 0.0030560000000000001 0.0040920000000000002 0.0030599999999999998 0.00085699999999999991 0.00097100000000000007 0.00086399999999999986 1.1543647961940939 1.1543647961940939 1.1543647961940939 9.6719593090622871e-05 9.6719593090622871e-05 9.6719593090622871e-05 1 1 1 Converged Converged Converged OK OK OK 89 89 89 89 89 89 7 7 7 0 0 0 0 1 0 0 1
209 209 uniform 4 0 1799 0 0.001 1 0.028844176290009047 0.86933445970147316 -1.5944298107696311 -0.88050996923836566 -1.7682967027099257 0 1.796332217664212 1.0737911268292064 OK 12 11 0.41037499999999999 0.40670899999999999 0.14138999999999999 0.26644800000000002 0.26376899999999998 0 0.14392699999999997 0.14294000000000001 0.14138999999999999 0.0095169999999999994 0.0096220000000000003 0.0092700000000000005 0.114715 0.11447599999999998 0.11368800000000003 0.0029419999999999997 0.0024979999999999998 0.0024329999999999998 0.00062399999999999999 0.00060100000000000008 0.00056700000000000001 1.07379109188059 1.07379109188059 1.07379109188059 0.00027281670754928012 0.00027281670754928012 0.00027281670754928012 1 1 1 Converged Converged Converged OK OK OK 58 58 58 58 58 58 6 6 6 0 0 0 0 0 1 0 0
209 209 uniform 4 7 1799 1 0.001 1 0.028844176290009047 0.86933445970147316 -1.5944298107696311 -0.88050996923836566 -1.6624646815288768 0 1.6905001964831632 1.0855420697491143 OK 12 11 0.375579 0.26309199999999999 0.13098499999999999 0.24249599999999999 0.12793099999999999 0 0.13308300000000001 0.135161 0.13098499999999999 0.0085660000000000007 0.0086689999999999996 0.0080739999999999996 0.10898499999999996 0.11099900000000003 0.107984 0.0025179999999999998 0.0025270000000000002 0.0024109999999999999 0.00060800000000000003 0.00055800000000000001 0.00054300000000000008 1.0855420366733015 1.0855420366733015 1.0855420366733015 0.00025372035920119996 0.00025372035920119996 0.00025372035920119996 1 1 1 Converged Converged Converged OK OK OK 58 58 58 58 58 58 6 6 6 0 0 0 0 1 0 0 1
209 209 uniform 4 15 1799 2 0.001 1 0.028844176290009047 0.86933445970147316 -1.5944298107696311 -0.88050996923836566 -1.5415138001791067 0 1.569549315133393 1.1015570070610257 OK 12 11 0.36642000000000002 0.24704799999999999 0.116688 0.24391699999999999 0.123073 0 0.12250300000000003 0.12397499999999999 0.116688 0.0089510000000000006 0.0087170000000000008 0.0081080000000000006 0.098971000000000017 0.10133899999999997 0.095303999999999972 0.0024820000000000003 0.0023370000000000001 0.0021930000000000001 0.000696 0.00062 0.000611 1.1015570741410428 1.1015570741410428 1.1015570741410428 0.00062570332815306204 0.00062570332815306204 0.00062570332815306204 1 1 1 Converged Converged Converged OK OK OK 58 58 58 58 58 58 6 6 6 0 0 0 0 1 0 0 1
209 209 uniform 4 23 1799 3 0.001 1 0.028844176290009047 0.86933445970147316 -1.5944298107696311 -0.88050996923836566 -1.4205629188293365 0 1.4485984337836229 1.1208891458523962 OK 12 11 0.347557 0.236734 0.10675 0.234323 0.12660299999999999 0 0.113234 0.11013100000000001 0.10675 0.012539 0.0085920000000000007 0.0081069999999999996 0.086871000000000032 0.08792999999999998 0.085540000000000019 0.0023119999999999998 0.0022819999999999997 0.0021259999999999999 0.00059900000000000003 0.000571 0.000544 1.1208891791906106 1.1208891791906106 1.1208891791906106 0.00074495989233976383 0.00074495989233976383 0.00074495989233976383 1 1 1 Converged Converged Converged OK OK OK 58 58 58 58 58 58 6 6 6 0 0 0 0 1 0 0 1
209 209 uniform 4 0 1799 0 0.0001 1 0.028844176290009047 0.86933445970147316 -1.5944298107696311 -0.88050996923836566 -1.7682967027099257 0 1.796332217664212 1.0737911268292064 OK 12 11 0.43846000000000002 0.435886 0.16775000000000001 0.26779799999999998 0.26464799999999999 0 0.17066200000000004 0.171238 0.16775000000000001 0.0098169999999999993 0.0097549999999999998 0.0093050000000000008 0.13456400000000002 0.13522599999999999 0.133434 0.0038789999999999996 0.0042249999999999996 0.003542 0.00094899999999999997 0.00083200000000000006 0.00075299999999999998 1.0737910910760164 1.0737910910760164 1.0737910910760164 8.1651121672550285e-05 8.1651121672550285e-05 8.1651121672550285e-05 1 1 1 Converged Converged Converged OK OK OK 74 74 74 74 74 74 6 6 6 0 0 0 0 0 1 0 0
209 209 uniform 4 7 1799 1 0.0001 1 0.028844176290009047 0.86933445970147316 -1.5944298107696311 -0.88050996923836566 -1.6624646815288768 0 1.6905001964831632 1.0855420697491143 OK 12 11 0.40015499999999998 0.28726800000000002 0.153755 0.24197199999999999 0.13109599999999999 0 0.15818299999999999 0.15617200000000003 0.153755 0.0086090000000000003 0.0087810000000000006 0.0079909999999999998 0.12899100000000002 0.12659600000000001 0.12567599999999998 0.0033299999999999996 0.0034790000000000003 0.003398 0.000736 0.00075700000000000008 0.00067999999999999994 1.0855420361960142 1.0855420361960142 1.0855420361960142 0.00010106837641207191 0.00010106837641207191 0.00010106837641207191 1 1 1 Converged Converged Converged OK OK OK 74 74 74 74 74 74 6 6 6 0 0 0 0 1 0 0 1
209 209 uniform 4 15 1799 2 0.0001 1 0.028844176290009047 0.86933445970147316 -1.5944298107696311 -0.88050996923836566 -1.5415138001791067 0 1.569549315133393 1.1015570070610257 OK 12 11 0.42252699999999999 0.30688799999999999 0.179427 0.24557999999999999 0.12676699999999999 0 0.17694699999999999 0.180121 0.179427 0.0086700000000000006 0.0088579999999999996 0.0080499999999999999 0.1436039999999999 0.14625399999999997 0.14716799999999997 0.0037919999999999998 0.0038210000000000002 0.003813 0.0010629999999999999 0.0011649999999999998 0.001003 1.1015569630484485 1.1015569630484485 1.1015569630484485 4.0370043601527114e-05 4.0370043601527114e-05 4.0370043601527114e-05 1 1 1 Converged Converged Converged OK OK OK 90 90 90 90 90 90 6 6 6 0 0 0 0 1 0 0 1
209 209 uniform 4 23 1799 3 0.0001 1 0.028844176290009047 0.86933445970147316 -1.5944298107696311 -0.88050996923836566 -1.4205629188293365 0 1.4485984337836229 1.1208891458523962 OK 12 11 0.408275 0.304201 0.170487 0.234019 0.12823699999999999 0 0.17425599999999999 0.17596400000000001 0.170487 0.0086210000000000002 0.0087089999999999997 0.0080020000000000004 0.139712 0.14157700000000006 0.13842499999999999 0.0043540000000000002 0.0044340000000000004 0.0039159999999999993 0.001147 0.0011900000000000001 0.0011619999999999998 1.1208890718102396 1.1208890718102396 1.1208890718102396 2.3872000369396345e-05 2.3872000369396345e-05 2.3872000369396345e-05 1 1 1 Converged Converged Converged OK OK OK 98 98 98 98 98 98 6 6 6 0 0 0 0 1 0 0 1
210 210 linear 3 0 1800 0 0.001 1 0.11267785427488372 0.42616572564666411 -0.6494306766301764 -0.61129022168602665 -0.73466382175950917 0.5 0.8359310967771415 1.3498340803379516 OK 13 12 0.31154100000000001 0.31064399999999998 0.10925600000000001 0.19935600000000001 0.19986100000000001 0 0.11218500000000001 0.11078299999999996 0.10925600000000001 0.0097099999999999999 0.009776 0.0092479999999999993 0.079425999999999997 0.077769999999999992 0.076895000000000005 0.0031190000000000007 0.0032109999999999994 0.0031919999999999995 0.00080599999999999997 0.00083000000000000001 0.00077800000000000005 1.3498332280283885 1.3498332280283885 1.3498332280283885 0.00057854768577991354 0.00057854768577991354 0.00057854768577991354 1 1 1 Converged Converged Converged OK OK OK 74 74 74 74 74 74 6 6 6 0 0 0 0 0 1 0 0
210 210 linear 3 7 1800 1 0.001 1 0.11267785427488372 0.42616572564666411 -0.6494306766301764 -0.61129022168602665 -0.68278277689817624 0.5 0.78405005191580857 1.3781046744754601 OK 13 12 0.30100500000000002 0.232823 0.099982000000000001 0.196214 0.12847 0 0.10479100000000002 0.104353 0.099982000000000001 0.0086289999999999995 0.0087860000000000004 0.0080420000000000005 0.07740600000000003 0.077373000000000053 0.074393000000000015 0.0035009999999999998 0.0033139999999999997 0.0032189999999999996 0.000883 0.00082700000000000004 0.00077999999999999999 1.3781039638774408 1.3781039638774408 1.3781039638774408 0.00067441620953571674 0.00067441620953571674 0.00067441620953571674 1 1 1 Converged Converged Converged OK OK OK 74 74 74 74 74 74 6 6 6 0 0 0 0 1 0 0 1
210 210 linear 3 15 1800 2 0.001 1 0.11267785427488372 0.42616572564666411 -0.6494306766301764 -0.61129022168602665 -0.62349015419950993 0.5 0.72475742921714226 1.4138892020784422 OK 13 12 0.30122500000000002 0.23263200000000001 0.10048 0.195606 0.12856100000000001 0 0.10561900000000002 0.104071 0.10048 0.0086449999999999999 0.008659 0.0079389999999999999 0.078754000000000005 0.077752000000000002 0.075345999999999996 0.0032889999999999998 0.0031590000000000003 0.0030270000000000006 0.00083700000000000007 0.00078600000000000002 0.00076300000000000001 1.4138893061924358 1.4138893061924358 1.4138893061924358 0.0009618174200949559 0.0009618174200949559 0.0009618174200949559 1 1 1 Converged Converged Converged OK OK OK 74 74 74 74 74 74 6 6 6 0 0 0 0 1 0 0 1
210 210 linear 3 23 1800 3 0.001 1 0.11267785427488372 0.42616572564666411 -0.6494306766301764 -0.61129022168602665 -0.56419753150084362 0.5 0.66546480651847595 1.4542631443906284 OK 13 12 0.31664599999999998 0.25077700000000003 0.109588 0.19783400000000001 0.13384199999999999 0 0.11881199999999997 0.11693500000000004 0.109588 0.0099389999999999999 0.0086409999999999994 0.0079360000000000003 0.087048999999999987 0.087297 0.081602999999999981 0.0038800000000000006 0.0036340000000000001 0.0033839999999999999 0.001044 0.00095399999999999999 0.00096100000000000005 1.4542622153731539 1.4542622153731539 1.4542622153731539 0.00027333558113503905 0.00027333558113503905 0.00027333558113503905 1 1 1 Converged Converged Converged OK OK OK 82 82 82 82 82 82 6 6 6 0 0 0 0 1 0 0 1
210 210 linear 3 0 1800 0 0.0001 1 0.11267785427488372 0.42616572564666411 -0.6494306766301764 -0.61129022168602665 -0.73466382175950917 0.5 0.8359310967771415 1.3498340803379516 OK 13 12 0.33140799999999998 0.32717200000000002 0.12728400000000001 0.19778999999999999 0.19761200000000001 0 0.13361799999999999 0.12956000000000001 0.12728400000000001 0.0096190000000000008 0.0098300000000000002 0.0092029999999999994 0.094785000000000022 0.089642000000000027 0.088907999999999959 0.0039640000000000005 0.0042579999999999996 0.0042290000000000001 0.001098 0.0011849999999999999 0.0011469999999999998 1.3498331921357354 1.3498331921357354 1.3498331921357354 7.8985692286681353e-05 7.8985692286681353e-05 7.8985692286681353e-05 1 1 1 Converged Converged Converged OK OK OK 90 90 90 90 90 90 6 6 6 0 0 0 0 0 1 0 0
210 210 linear 3 7 1800 1 0.0001 1 0.11267785427488372 0.42616572564666411 -0.6494306766301764 -0.61129022168602665 -0.68278277689817624 0.5 0.78405005191580857 1.3781046744754601 OK 13 12 0.31704399999999999 0.24684600000000001 0.115968 0.19470699999999999 0.12624099999999999 0 0.122337 0.12060500000000002 0.115968 0.0089709999999999998 0.0087449999999999993 0.0081379999999999994 0.090109999999999982 0.090214000000000016 0.086228999999999986 0.0046770000000000006 0.0042529999999999998 0.004267 0.001181 0.001078 0.0010609999999999999 1.3781037806525132 1.3781037806525132 1.3781037806525132 0.00010887546411357959 0.00010887546411357959 0.00010887546411357959 1 1 1 Converged Converged Converged OK OK OK 90 90 90 90 90 90 6 6 6 0 0 0 0 1 0 0 1
210 210 linear 3 15 1800 2 0.0001 1 0.11267785427488372 0.42616572564666411 -0.6494306766301764 -0.61129022168602665 -0.62349015419950993 0.5 0.72475742921714226 1.4138892020784422 OK 13 12 0.34142 0.27529100000000001 0.137404 0.19640099999999999 0.126055 0 0.14501900000000001 0.14923600000000001 0.137404 0.0088430000000000002 0.0086149999999999994 0.0080800000000000004 0.10819599999999999 0.11396600000000001 0.103659 0.0051850000000000004 0.0047209999999999995 0.0046259999999999999 0.0011149999999999999 0.0010480000000000001 0.001067 1.4138882625471993 1.4138882625471993 1.4138882625471993 4.5649164580404578e-05 4.5649164580404578e-05 4.5649164580404578e-05 1 1 1 Converged Converged Converged OK OK OK 98 98 98 98 98 98 6 6 6 0 0 0 0 1 0 0 1
210 210 linear 3 23 1800 3 0.0001 1 0.11267785427488372 0.42616572564666411 -0.6494306766301764 -0.61129022168602665 -0.56419753150084362 0.5 0.66546480651847595 1.4542631443906284 OK 13 12 0.34561199999999997 0.27983200000000003 0.13672200000000001 0.19745299999999999 0.128771 0 0.14815899999999999 0.15106100000000003 0.13672200000000001 0.0086490000000000004 0.0088710000000000004 0.0079749999999999995 0.114578 0.11652099999999997 0.10463799999999998 0.0045110000000000003 0.0052989999999999999 0.0044390000000000002 0.0010960000000000002 0.0011229999999999999 0.0011309999999999998 1.4542622182432925 1.4542622182432925 1.4542622182432925 4.7509379717162853e-05 4.7509379717162853e-05 4.7509379717162853e-05 1 1 1 Converged Converged Converged OK OK OK 98 98 98 98 98 98 6 6 6 0 0 0 0 1 0 0 1
210 210 linear 4 0 1801 0 0.001 1 0.11267785427488372 0.42616572564666411 -0.77633358463580293 0.67586578009740306 -0.86156672976513571 0.5 0.96283400478276804 1.2650533537973532 OK 12 11 0.316353 0.31267299999999998 0.111725 0.19925599999999999 0.19978499999999999 0 0.11709700000000001 0.11288799999999999 0.111725 0.0098390000000000005 0.0095270000000000007 0.0092399999999999999 0.083295000000000008 0.080108000000000026 0.079310000000000019 0.0036969999999999993 0.0033900000000000002 0.0035999999999999999 0.00098900000000000008 0.00084800000000000001 0.00086699999999999993 1.2650484395756894 1.2650484395756894 1.2650484395756894 0.00089731715170725268 0.00089731715170725268 0.00089731715170725268 1 1 1 Converged Converged Converged OK OK OK 74 74 74 74 74 74 6 6 6 0 0 0 0 0 1 0 0
210 210 linear 4 7 1801 1 0.001 1 0.11267785427488372 0.42616572564666411 -0.77633358463580293 0.67586578009740306 -0.80968568490380277 0.5 0.9109529599214351 1.2853486946935258 OK 12 11 0.304867 0.23410400000000001 0.10409 0.19547100000000001 0.12438299999999999 0 0.10939599999999999 0.10972100000000001 0.10409 0.0087639999999999992 0.008855 0.0081119999999999994 0.08211899999999997 0.081790000000000002 0.07829800000000002 0.0032249999999999996 0.0037419999999999997 0.0030619999999999996 0.00089999999999999998 0.00098700000000000003 0.00084899999999999993 1.2853478826632003 1.2853478826632003 1.2853478826632003 0.00036510228323863173 0.00036510228323863173 0.00036510228323863173 1 1 1 Converged Converged Converged OK OK OK 74 74 74 74 74 74 6 6 6 0 0 0 0 1 0 0 1
210 210 linear 4 15 1801 2 0.001 1 0.11267785427488372 0.42616572564666411 -0.77633358463580293 0.67586578009740306 -0.75039306220513646 0.5 0.85166033722276879 1.3105592935547716 OK 12 11 0.30316700000000002 0.23009499999999999 0.100243 0.19806599999999999 0.12561700000000001 0 0.10510100000000003 0.10447799999999999 0.100243 0.0085629999999999994 0.0088249999999999995 0.0079850000000000008 0.078555999999999987 0.077467999999999995 0.074924999999999964 0.0031150000000000001 0.0032209999999999999 0.003003 0.00087799999999999998 0.00085699999999999991 0.00086899999999999998 1.3105584597336182 1.3105584597336182 1.3105584597336182 0.00028216957245297226 0.00028216957245297226 0.00028216957245297226 1 1 1 Converged Converged Converged OK OK OK 74 74 74 74 74 74 6 6 6 0 0 0 0 1 0 0 1
210 210 linear 4 23 1801 3 0.001 1 0.11267785427488372 0.42616572564666411 -0.77633358463580293 0.67586578009740306 -0.69110043950647015 0.5 0.79236771452410248 1.3382547743183248 OK 12 11 0.30049500000000001 0.23116200000000001 0.100288 0.194886 0.12639700000000001 0 0.10560900000000001 0.104765 0.100288 0.0085660000000000007 0.0087189999999999993 0.0079059999999999998 0.078937000000000007 0.078069999999999987 0.075187000000000018 0.0033219999999999999 0.0032829999999999999 0.0030240000000000002 0.00082600000000000002 0.00086700000000000004 0.00081400000000000005 1.3382539941237419 1.3382539941237419 1.3382539941237419 0.00036229629193233032 0.00036229629193233032 0.00036229629193233032 1 1 1 Converged Converged Converged OK OK OK 74 74 74 74 74 74 6 6 6 0 0 0 0 1 0 0 1
210 210 linear 4 0 1801 0 0.0001 1 0.11267785427488372 0.42616572564666411 -0.77633358463580293 0.67586578009740306 -0.86156672976513571 0.5 0.96283400478276804 1.2650533537973532 OK 12 11 0.32696700000000001 0.323347 0.12632099999999999 0.19847000000000001 0.196826 0 0.128497 0.12652099999999999 0.12632099999999999 0.0098809999999999992 0.0097439999999999992 0.0094280000000000006 0.090571999999999986 0.089954999999999966 0.089820999999999984 0.004326 0.0040309999999999999 0.0040939999999999995 0.001078 0.0010189999999999999 0.0010449999999999999 1.2650526315731276 1.2650526315731276 1.2650526315731276 7.6795394631294466e-05 7.6795394631294466e-05 7.6795394631294466e-05 1 1 1 Converged Converged Converged OK OK OK 82 82 82 82 82 82 6 6 6 0 0 0 0 0 1 0 0
210 210 linear 4 7 1801 1 0.0001 1 0.11267785427488372 0.42616572564666411 -0.77633358463580293 0.67586578009740306 -0.80968568490380277 0.5 0.9109529599214351 1.2853486946935258 OK 12 11 0.35109499999999999 0.27819300000000002 0.14399600000000001 0.19442699999999999 0.12374300000000001 0 0.156668 0.15445000000000003 0.14399600000000001 0.0086890000000000005 0.0087860000000000004 0.0082290000000000002 0.11998799999999996 0.11893300000000005 0.10967299999999999 0.0054099999999999999 0.0048349999999999999 0.0047600000000000003 0.001181 0.001145 0.0011039999999999999 1.2853478822961582 1.2853478822961582 1.2853478822961582 1.4013885643055103e-05 1.4013885643055103e-05 1.4013885643055103e-05 1 1 1 Converged Converged Converged OK OK OK 98 98 98 98 98 98 6 6 6 0 0 0 0 1 0 0 1
210 210 linear 4 15 1801 2 0.0001 1 0.11267785427488372 0.42616572564666411 -0.77633358463580293 0.67586578009740306 -0.75039306220513646 0.5 0.85166033722276879 1.3105592935547716 OK 12 11 0.33120699999999997 0.26170599999999999 0.12909399999999999 0.195079 0.123219 0 0.13612799999999997 0.138487 0.12909399999999999 0.0085859999999999999 0.0086639999999999998 0.0080079999999999995 0.10361300000000002 0.10672100000000004 0.098577000000000026 0.004627 0.0042379999999999996 0.0040409999999999995 0.001065 0.001023 0.00099500000000000001 1.3105584603963545 1.3105584603963545 1.3105584603963545 8.6664700046498318e-05 8.6664700046498318e-05 8.6664700046498318e-05 1 1 1 Converged Converged Converged OK OK OK 90 90 90 90 90 90 6 6 6 0 0 0 0 1 0 0 1
210 210 linear 4 23 1801 3 0.0001 1 0.11267785427488372 0.42616572564666411 -0.77633358463580293 0.67586578009740306 -0.69110043950647015 0.5 0.79236771452410248 1.3382547743183248 OK 12 11 0.33132299999999998 0.26338099999999998 0.12826299999999999 0.19676399999999999 0.12411899999999999 0 0.13455899999999998 0.139262 0.12826299999999999 0.0086669999999999994 0.0087290000000000006 0.0079489999999999995 0.10191599999999999 0.10639999999999998 0.097941000000000028 0.0046689999999999995 0.0048859999999999997 0.0040330000000000001 0.001023 0.0010269999999999999 0.00098700000000000003 1.3382539950215264 1.3382539950215264 1.3382539950215264 0.0001101540576009991 0.0001101540576009991 0.0001101540576009991 1 1 1 Converged Converged Converged OK OK OK 90 90 90 90 90 90 6 6 6 0 0 0 0 1 0 0 1
210 210 uniform 3 0 1802 0 0.001 1 0.11267785427488372 0.42616572564666411 -0.6494306766301764 -0.61129022168602665 -0.73466382175950917 0 0.8359310967771415 1.3527770421203056 OK 13 12 0.29858899999999999 0.29129300000000002 0.092220999999999997 0.199211 0.19828299999999999 0 0.099377999999999994 0.093010000000000037 0.092220999999999997 0.012869 0.0098519999999999996 0.0092510000000000005 0.061435999999999991 0.060104000000000005 0.059842999999999986 0.0039950000000000003 0.0029229999999999994 0.0030479999999999999 0.000959 0.00080699999999999999 0.00086499999999999999 1.3527770199577753 1.3527770199577753 1.3527770199577753 0.0003551645182839251 0.0003551645182839251 0.0003551645182839251 1 1 1 Converged Converged Converged OK OK OK 74 74 74 74 74 74 6 6 6 0 0 0 0 0 1 0 0
210 210 uniform 3 7 1802 1 0.001 1 0.11267785427488372 0.42616572564666411 -0.6494306766301764 -0.61129022168602665 -0.68278277689817624 0 0.78405005191580857 1.3814104292045597 OK 13 12 0.28306900000000002 0.21185300000000001 0.085321999999999995 0.19725699999999999 0.125526 0 0.085812000000000027 0.086327000000000015 0.085321999999999995 0.0090200000000000002 0.0086759999999999997 0.0092499999999999995 0.058147999999999984 0.059681000000000019 0.058097000000000003 0.0033719999999999996 0.0030389999999999996 0.0030130000000000001 0.00085400000000000005 0.00083099999999999992 0.00081099999999999987 1.381410653257426 1.381410653257426 1.381410653257426 0.00051069801718086998 0.00051069801718086998 0.00051069801718086998 1 1 1 Converged Converged Converged OK OK OK 74 74 74 74 74 74 6 6 6 0 0 0 0 1 0 0 1
210 210 uniform 3 15 1802 2 0.001 1 0.11267785427488372 0.42616572564666411 -0.6494306766301764 -0.61129022168602665 -0.62349015419950993 0 0.72475742921714226 1.417664360533498 OK 13 12 0.28298699999999999 0.213611 0.085065000000000002 0.195379 0.125308 0 0.087607999999999991 0.088302999999999993 0.085065000000000002 0.0086180000000000007 0.0087150000000000005 0.0092809999999999993 0.060659000000000005 0.06160899999999999 0.058178999999999995 0.0032330000000000002 0.0030820000000000001 0.0030330000000000001 0.00078799999999999996 0.00079199999999999995 0.00077200000000000001 1.4176644366478266 1.4176644366478266 1.4176644366478266 0.00083772487528871345 0.00083772487528871345 0.00083772487528871345 1 1 1 Converged Converged Converged OK OK OK 74 74 74 74 74 74 6 6 6 0 0 0 0 1 0 0 1
210 210 uniform 3 23 1802 3 0.001 1 0.11267785427488372 0.42616572564666411 -0.6494306766301764 -0.61129022168602665 -0.56419753150084362 0 0.66546480651847595 1.4586122213003809 OK 13 12 0.28328599999999998 0.215196 0.082536999999999999 0.19739499999999999 0.12620999999999999 0 0.085890999999999995 0.08898600000000001 0.082536999999999999 0.0086739999999999994 0.0086289999999999995 0.0080339999999999995 0.05880599999999999 0.062660000000000007 0.057433999999999964 0.0032359999999999997 0.0031310000000000001 0.002898 0.00088199999999999997 0.00084400000000000002 0.000803 1.4586122703893185 1.4586122703893185 1.4586122703893185 0.00079426788131855717 0.00079426788131855717 0.00079426788131855717 1 1 1 Converged Converged Converged OK OK OK 74 74 74 74 74 74 6 6 6 0 0 0 0 1 0 0 1
210 210 uniform 3 0 1802 0 0.0001 1 0.11267785427488372 0.42616572564666411 -0.6494306766301764 -0.61129022168602665 -0.73466382175950917 0 0.8359310967771415 1.3527770421203056 OK 13 12 0.30243900000000001 0.30896200000000001 0.106211 0.195358 0.20164799999999999 0 0.10708100000000001 0.10731400000000002 0.106211 0.0095119999999999996 0.0097470000000000005 0.0091590000000000005 0.068881000000000053 0.068891000000000008 0.068331000000000017 0.0036469999999999996 0.0035849999999999996 0.0039099999999999994 0.00109 0.0010679999999999999 0.0011259999999999998 1.3527769577744246 1.3527769577744246 1.3527769577744246 4.1718247734555298e-05 4.1718247734555298e-05 4.1718247734555298e-05 1 1 1 Converged Converged Converged OK OK OK 90 90 90 90 90 90 6 6 6 0 0 0 0 0 1 0 0
210 210 uniform 3 7 1802 1 0.0001 1 0.11267785427488372 0.42616572564666411 -0.6494306766301764 -0.61129022168602665 -0.68278277689817624 0 0.78405005191580857 1.3814104292045597 OK 13 12 0.28556799999999999 0.219442 0.091812000000000005 0.19588 0.12823100000000001 0 0.08968799999999999 0.091210999999999987 0.091812000000000005 0.0087690000000000008 0.0086459999999999992 0.0080890000000000007 0.061451000000000013 0.063372999999999985 0.064561999999999981 0.003412000000000001 0.0032679999999999996 0.003346 0.00097999999999999997 0.000901 0.00092499999999999993 1.3814103457810023 1.3814103457810023 1.3814103457810023 0.00010463639149451486 0.00010463639149451486 0.00010463639149451486 1 1 1 Converged Converged Converged OK OK OK 82 82 82 82 82 82 6 6 6 0 0 0 0 1 0 0 1
210 210 uniform 3 15 1802 2 0.0001 1 0.11267785427488372 0.42616572564666411 -0.6494306766301764 -0.61129022168602665 -0.62349015419950993 0 0.72475742921714226 1.417664360533498 OK 13 12 0.28688900000000001 0.22362199999999999 0.088854000000000002 0.196131 0.130858 0 0.090758000000000005 0.092763999999999985 0.088854000000000002 0.0087410000000000005 0.0086800000000000002 0.0080450000000000001 0.062525999999999998 0.06456099999999998 0.062063999999999994 0.0032629999999999998 0.00347 0.0032069999999999998 0.00088699999999999998 0.00093300000000000002 0.00091099999999999992 1.4176642669153012 1.4176642669153012 1.4176642669153012 8.8979966552722113e-05 8.8979966552722113e-05 8.8979966552722113e-05 1 1 1 Converged Converged Converged OK OK OK 82 82 82 82 82 82 6 6 6 0 0 0 0 1 0 0 1
210 210 uniform 3 23 1802 3 0.0001 1 0.11267785427488372 0.42616572564666411 -0.6494306766301764 -0.61129022168602665 -0.56419753150084362 0 0.66546480651847595 1.4586122213003809 OK 13 12 0.28729700000000002 0.22297500000000001 0.089050000000000004 0.196247 0.12637399999999999 0 0.09105000000000002 0.09660100000000002 0.089050000000000004 0.0086580000000000008 0.0088210000000000007 0.007986 0.063082999999999986 0.067993999999999999 0.062483000000000004 0.0032380000000000004 0.003392 0.0031250000000000002 0.00091399999999999999 0.00098900000000000008 0.00092800000000000001 1.4586121827174554 1.4586121827174554 1.4586121827174554 0.00013975173121285231 0.00013975173121285231 0.00013975173121285231 1 1 1 Converged Converged Converged OK OK OK 82 82 82 82 82 82 6 6 6 0 0 0 0 1 0 0 1
210 210 uniform 4 0 1803 0 0.001 1 0.11267785427488372 0.42616572564666411 -0.77633358463580293 0.67586578009740306 -0.86156672976513571 0 0.96283400478276804 1.2668651442562338 OK 12 11 0.294323 0.29043200000000002 0.093835000000000002 0.20039100000000001 0.19624900000000001 0 0.093931999999999988 0.094183000000000017 0.093835000000000002 0.0096410000000000003 0.0096460000000000001 0.0094500000000000001 0.060806000000000013 0.061211999999999982 0.060783999999999998 0.003326 0.003166 0.0034620000000000002 0.00087799999999999998 0.00087599999999999993 0.00089899999999999995 1.2668652819234527 1.2668652819234527 1.2668652819234527 0.00065301859593095899 0.00065301859593095899 0.00065301859593095899 1 1 1 Converged Converged Converged OK OK OK 74 74 74 74 74 74 6 6 6 0 0 0 0 0 1 0 0
210 210 uniform 4 7 1803 1 0.001 1 0.11267785427488372 0.42616572564666411 -0.77633358463580293 0.67586578009740306 -0.80968568490380277 0 0.9109529599214351 1.2873768758634696 OK 12 11 0.27509499999999998 0.211978 0.079002000000000003 0.194965 0.128137 0 0.080129999999999979 0.083840999999999999 0.079002000000000003 0.0085730000000000008 0.0088889999999999993 0.0080029999999999997 0.055597000000000008 0.058788999999999987 0.055538999999999998 0.0025729999999999998 0.002663 0.0025899999999999999 0.00063399999999999991 0.00066599999999999993 0.00061299999999999994 1.287376928062359 1.287376928062359 1.287376928062359 0.00072455280676072577 0.00072455280676072577 0.00072455280676072577 1 1 1 Converged Converged Converged OK OK OK 66 66 66 66 66 66 6 6 6 0 0 0 0 1 0 0 1
210 210 uniform 4 15 1803 2 0.001 1 0.11267785427488372 0.42616572564666411 -0.77633358463580293 0.67586578009740306 -0.75039306220513646 0 0.85166033722276879 1.3128614002741685 OK 12 11 0.272754 0.207257 0.075469999999999995 0.19555400000000001 0.12689400000000001 0 0.077199999999999991 0.08036299999999999 0.075469999999999995 0.008574 0.0088360000000000001 0.0079340000000000001 0.052719000000000016 0.055017000000000017 0.052286000000000006 0.0025690000000000001 0.0028919999999999996 0.0024889999999999999 0.00066699999999999995 0.0006649999999999999 0.00061799999999999995 1.3128614434459567 1.3128614434459567 1.3128614434459567 0.00065905314704017099 0.00065905314704017099 0.00065905314704017099 1 1 1 Converged Converged Converged OK OK OK 66 66 66 66 66 66 6 6 6 0 0 0 0 1 0 0 1
210 210 uniform 4 23 1803 3 0.001 1 0.11267785427488372 0.42616572564666411 -0.77633358463580293 0.67586578009740306 -0.69110043950647015 0 0.79236771452410248 1.3408652053489227 OK 12 11 0.27402700000000002 0.20696300000000001 0.075845999999999997 0.19650899999999999 0.127245 0 0.077518000000000031 0.079718000000000011 0.075845999999999997 0.0086090000000000003 0.0086689999999999996 0.0078720000000000005 0.053217999999999981 0.054983000000000018 0.052569999999999985 0.0024879999999999998 0.0028939999999999999 0.0026080000000000001 0.00063100000000000005 0.00068300000000000001 0.00061600000000000001 1.3408653491159046 1.3408653491159046 1.3408653491159046 0.00068323450176882182 0.00068323450176882182 0.00068323450176882182 1 1 1 Converged Converged Converged OK OK OK 66 66 66 66 66 66 6 6 6 0 0 0 0 1 0 0 1
210 210 uniform 4 0 1803 0 0.0001 1 0.11267785427488372 0.42616572564666411 -0.77633358463580293 0.67586578009740306 -0.86156672976513571 0 0.96283400478276804 1.2668651442562338 OK 12 11 0.300068 0.29935499999999998 0.10109899999999999 0.19770199999999999 0.19688 0 0.10236600000000001 0.10247499999999998 0.10109899999999999 0.0096589999999999992 0.0097669999999999996 0.0094219999999999998 0.065865999999999994 0.066013000000000002 0.065476000000000006 0.0037399999999999998 0.003542 0.0037499999999999999 0.0010480000000000001 0.0010119999999999999 0.0010489999999999998 1.2668651904864638 1.2668651904864638 1.2668651904864638 9.7842085537617302e-05 9.7842085537617302e-05 9.7842085537617302e-05 1 1 1 Converged Converged Converged OK OK OK 82 82 82 82 82 82 6 6 6 0 0 0 0 0 1 0 0
210 210 uniform 4 7 1803 1 0.0001 1 0.11267785427488372 0.42616572564666411 -0.77633358463580293 0.67586578009740306 -0.80968568490380277 0 0.9109529599214351 1.2873768758634696 OK 12 11 0.288962 0.222612 0.095462000000000005 0.194212 0.124999 0 0.094750000000000001 0.097613000000000005 0.095462000000000005 0.0087329999999999994 0.0087530000000000004 0.0080660000000000003 0.066523999999999986 0.069406999999999983 0.065532000000000007 0.00347 0.003398 0.0034030000000000002 0.00092199999999999997 0.00092599999999999996 0.00096900000000000003 1.2873768288571796 1.2873768288571796 1.2873768288571796 7.3241817679439375e-05 7.3241817679439375e-05 7.3241817679439375e-05 1 1 1 Converged Converged Converged OK OK OK 82 82 82 82 82 82 6 6 6 0 0 0 0 1 0 0 1
210 210 uniform 4 15 1803 2 0.0001 1 0.11267785427488372 0.42616572564666411 -0.77633358463580293 0.67586578009740306 -0.75039306220513646 0 0.85166033722276879 1.3128614002741685 OK 12 11 0.28271000000000002 0.21442800000000001 0.082347000000000004 0.19429399999999999 0.12905800000000001 0 0.088416000000000022 0.085370000000000001 0.082347000000000004 0.0086029999999999995 0.0087390000000000002 0.008005 0.062116000000000011 0.059124999999999997 0.057451999999999996 0.0029189999999999997 0.0029299999999999999 0.0027699999999999999 0.00084000000000000003 0.00080299999999999989 0.00078299999999999984 1.3128613507841209 1.3128613507841209 1.3128613507841209 0.00012646772449583126 0.00012646772449583126 0.00012646772449583126 1 1 1 Converged Converged Converged OK OK OK 74 74 74 74 74 74 6 6 6 0 0 0 0 1 0 0 1
210 210 uniform 4 23 1803 3 0.0001 1 0.11267785427488372 0.42616572564666411 -0.77633358463580293 0.67586578009740306 -0.69110043950647015 0 0.79236771452410248 1.3408652053489227 OK 12 11 0.28678799999999999 0.21756900000000001 0.088442000000000007 0.19658999999999999 0.125865 0 0.090198 0.091704000000000008 0.088442000000000007 0.0084899999999999993 0.0086969999999999999 0.0078720000000000005 0.062561999999999993 0.064114000000000018 0.06196200000000001 0.003326 0.003241 0.0032890000000000003 0.00093300000000000002 0.00090299999999999994 0.00090099999999999989 1.3408651541951728 1.3408651541951728 1.3408651541951728 0.00010225392904327567 0.00010225392904327567 0.00010225392904327567 1 1 1 Converged Converged Converged OK OK OK 82 82 82 82 82 82 6 6 6 0 0 0 0 1 0 0 1
